custom_id,company_name,headline,prompt_type,headline type,confidence,magnitude,explanation,headline type num,date,ticker,datetime_utc,permno,cusip,ret,vol,ret_f1,ret_l1,ret_f2,ret_l2,ret_f3,ret_l3,ret_f4,ret_l4,ret_f5,ret_l5,ret_f6,ret_l6,ret_f7,ret_l7,ret_f8,ret_l8,ret_f9,ret_l9,ret_f10,ret_l10,ret_f11,ret_l11,ret_f12,ret_l12,ret_f13,ret_l13,ret_f14,ret_l14,ret_f15,ret_l15,ret_f16,ret_l16,ret_f17,ret_l17,ret_f18,ret_l18,ret_f19,ret_l19,ret_f20,ret_l20,ret_f21,ret_l21,ret_f22,ret_l22,ret_f23,ret_l23,ret_f24,ret_l24,ret_f25,ret_l25,ret_f26,ret_l26,ret_f27,ret_l27,ret_f28,ret_l28,ret_f29,ret_l29,ret_f30,ret_l30,ret_f31,ret_l31,ret_f32,ret_l32,ret_f33,ret_l33,ret_f34,ret_l34,ret_f35,ret_l35,ret_f36,ret_l36,ret_f37,ret_l37,ret_f38,ret_l38,ret_f39,ret_l39,ret_f40,ret_l40,ret_f41,ret_l41,ret_f42,ret_l42,ret_f43,ret_l43,ret_f44,ret_l44,ret_f45,ret_l45,ret_f46,ret_l46,ret_f47,ret_l47,ret_f48,ret_l48,ret_f49,ret_l49,ret_f50,ret_l50,ret_f51,ret_l51,ret_f52,ret_l52,ret_f53,ret_l53,ret_f54,ret_l54,ret_f55,ret_l55,ret_f56,ret_l56,ret_f57,ret_l57,ret_f58,ret_l58,ret_f59,ret_l59,ret_f60,ret_l60,ret_fd1,ret_ld1,ret_fd2,ret_ld2,ret_fd3,ret_ld3,ret_fd5,ret_ld5,ret_fd10,ret_ld10,ret_fd30,ret_ld30,ret_fd60,ret_ld60,date1,date2,date3,date4,date5,date6,date7,date8,date9,date10,PERMNO,DATE,n,RET,alpha,b_mkt,b_smb,b_hml,ivol,tvol,R2,exret,TICKER,PERMNO_1,DATE_1,n_1,RET_1,alpha_1,b_mkt_1,b_smb_1,b_hml_1,ivol_1,tvol_1,R2_1,exret_1,TICKER_1,PERMNO_2,DATE_2,n_2,RET_2,alpha_2,b_mkt_2,b_smb_2,b_hml_2,ivol_2,tvol_2,R2_2,exret_2,TICKER_2,PERMNO_3,DATE_3,n_3,RET_3,alpha_3,b_mkt_3,b_smb_3,b_hml_3,ivol_3,tvol_3,R2_3,exret_3,TICKER_3,PERMNO_4,DATE_4,n_4,RET_4,alpha_4,b_mkt_4,b_smb_4,b_hml_4,ivol_4,tvol_4,R2_4,exret_4,TICKER_4,PERMNO_5,DATE_5,n_5,RET_5,alpha_5,b_mkt_5,b_smb_5,b_hml_5,ivol_5,tvol_5,R2_5,exret_5,TICKER_5,PERMNO_6,DATE_6,n_6,RET_6,alpha_6,b_mkt_6,b_smb_6,b_hml_6,ivol_6,tvol_6,R2_6,exret_6,TICKER_6,PERMNO_7,DATE_7,n_7,RET_7,alpha_7,b_mkt_7,b_smb_7,b_hml_7,ivol_7,tvol_7,R2_7,exret_7,TICKER_7,PERMNO_8,DATE_8,n_8,RET_8,alpha_8,b_mkt_8,b_smb_8,b_hml_8,ivol_8,tvol_8,R2_8,exret_8,TICKER_8,PERMNO_9,DATE_9,n_9,RET_9,alpha_9,b_mkt_9,b_smb_9,b_hml_9,ivol_9,tvol_9,R2_9,exret_9,TICKER_9,PERMNO_10,DATE_10,n_10,RET_10,alpha_10,b_mkt_10,b_smb_10,b_hml_10,ivol_10,tvol_10,R2_10,exret_10,TICKER_10,sum_exret_1,sum_exret_2,sum_exret_3,sum_exret_5,sum_exret_10
10003,CISCO SYSTEMS INC,"Morgan Stanley Downgrades Cisco Systems to Equal-Weight, Lowers Price Target to $49",6,decrease,0.8,0.6,"a downgrade from morgan stanley typically signals reduced confidence in the company's future performance, which is likely to lead to a decrease in stock price.",0,2019-02-12,CSCO,2019-02-12 11:51:00+00:00,76076.0,17275R10,0.0065152910538017,23882149.0,-0.008143650367856,0.0082645313814282,0.0189474001526832,0.0104924598708748,0.0212809666991233,-0.016427943482995,0.0044507631100714,0.0046551255509257,-0.0004028289404232,-0.0019007424125447,-0.0044328272342681,0.0002112023939844,0.0141671877354383,0.0010572897735983,0.0135701512917876,0.0124170808121562,0.0076786647550761,0.0163185372948646,0.0080109387636184,0.0045901439152657,0.0034890542738139,-0.0082376124337315,-0.0069538461975753,0.011401018127799,-0.004862867295742,0.003299637697637,0.002736500930041,0.0151853580027818,0.0072124549187719,-0.0055518546141684,-0.0073543111793696,0.0185478329658508,-0.0042893588542938,0.0056869881227612,0.0166437923908233,-0.0013630479807034,0.0044299568980932,0.0187456924468278,0.0084371734410524,-0.0064383209683001,0.0028522822540253,0.0057816836051642,0.0087220147252082,-0.0018466763431206,0.0058270217850804,-0.0055096801370382,-0.0037375623360276,0.0081000300124287,-0.0009379675611853,0.0067567783407866,0.0127675617113709,0.045045007020235,-0.0222468841820955,-0.0360885001718998,-0.0001896499015856,-0.0087699294090271,0.009482268244028,0.0130933215841651,-0.001690778764896,-0.0032626285683363,0.0041400305926799,0.0103602213785052,0.0118066165596246,0.0543694756925106,0.0183366890996694,-0.037514928728342,0.0056384392082691,-0.0150624420493841,0.0061493967659771,-0.0150671703740954,-0.0025166580453515,-0.0208806619048118,0.0012694903416559,-0.0031674068886786,0.0050715920515358,-0.0353557169437408,-0.0055866166949272,-0.0347588248550891,0.0115983942523598,0.0010544718243181,-0.0039412616752088,0.0070078149437904,0.0124101163819432,0.0049082273617386,0.0047965971753001,0.0090439710766077,0.0068953214213252,-0.0402975976467132,-0.0112379174679517,0.0219641178846359,0.0015982978511601,-0.0285187344998121,-0.0010638540843501,0.0181742794811725,0.0062122554518282,0.0111955804750323,0.0033516043331474,0.0010572897735983,-0.0096694659441709,0.0253686476498842,-0.0079886512830853,0.0120693268254399,0.0044738724827766,0.0231252536177635,-0.0032068465370684,-0.0077968030236661,-0.0066130282357335,0.0089907329529523,-0.0115149905905127,-0.0275409463793039,0.0,-0.0129449516534805,-0.0063705584034323,-0.0089801577851176,-0.0208829343318939,0.0550417006015777,0.000374190043658,-0.0175088010728359,-0.0102861989289522,-0.0109601058065891,-0.008143650367856,0.0082645313814282,0.0106494487826038,0.0188437065161743,0.0321570460466338,0.0021061996875215,0.0363332992713363,0.0048575172761728,0.0772604046281932,0.0400000408128706,0.1096262276897215,0.1177420220641713,0.1120465118419682,0.0513439576498895,2019-02-13,2019-02-14,2019-02-15,2019-02-19,2019-02-20,2019-02-21,2019-02-22,2019-02-25,2019-02-26,2019-02-27,76076.0,2019-02-12,252.0,0.6515%,0.0005,1.1943,-0.542,-0.3647,0.8594%,1.6270%,72.0999%,-0.0104129999999999,CSCO,76076.0,2019-02-13,252.0,-0.8144%,0.0005,1.1894,-0.5385,-0.3668,0.8614%,1.6196%,71.7142%,-0.011007,CSCO,76076.0,2019-02-14,252.0,1.8947%,0.0005,1.1837,-0.5271,-0.378,0.8693%,1.6210%,71.2406%,0.022018,CSCO,76076.0,2019-02-15,252.0,2.1281%,0.0005,1.186,-0.5239,-0.3727,0.8711%,1.6211%,71.1284%,0.010938,CSCO,76076.0,2019-02-19,252.0,0.4451%,0.0004,1.1777,-0.5083,-0.3545,0.8515%,1.5945%,71.4862%,0.004735,CSCO,76076.0,2019-02-20,252.0,-0.0403%,0.0004,1.177,-0.5131,-0.3578,0.8502%,1.5942%,71.5583%,0.000328,CSCO,76076.0,2019-02-21,252.0,-0.4433%,0.0004,1.1767,-0.5141,-0.3584,0.8502%,1.5940%,71.5508%,-0.00136,CSCO,76076.0,2019-02-22,252.0,1.4167%,0.0004,1.1758,-0.503,-0.3592,0.8491%,1.5923%,71.5608%,0.003978,CSCO,76076.0,2019-02-25,252.0,1.3570%,0.0005,1.1745,-0.5089,-0.3669,0.8486%,1.5932%,71.6293%,0.009752,CSCO,76076.0,2019-02-26,252.0,0.7679%,0.0005,1.1714,-0.5121,-0.3708,0.8488%,1.5867%,71.3836%,0.00499,CSCO,76076.0,2019-02-27,252.0,0.8011%,0.0005,1.1652,-0.499,-0.3719,0.8450%,1.5759%,71.2487%,0.007385,CSCO,-0.0214199999999999,0.000598,0.011536,0.016599,0.041344
10011,C S P INC,"CSP Q1 EPS $0.01 Up From $(0.32) YoY, Sales $18.98M Up From $16.63M YoY",6,increase,0.8,0.6,"the significant improvement in eps from a loss to a profit, along with an increase in sales, suggests positive financial performance that is likely to boost investor confidence and increase the stock price.",2,2019-02-12,CSPI,2019-02-12 21:01:00+00:00,20336.0,12638910,0.0164637211710214,262.0,-0.0014820187352597,-0.0067174062132835,0.0021053112577646,-0.0007528954884037,0.0031512323766946,0.0021679115016013,0.0397277735173702,0.0064170551486313,-0.0019538537599146,-0.0390543863177299,0.0101917088031768,-0.0367195159196853,0.0179203320294618,0.0292337033897638,-0.0019725027959793,-0.013807070441544,-0.0049555846489965,-0.0229357499629259,0.0149013474583625,0.0234947446733713,-0.0148902367800474,0.0365832448005676,0.0130290845409035,-0.0123456669971346,-0.0009901314042508,0.0114464741200208,0.0024876117240637,-0.033384021371603,-0.0014927855227142,0.0454153530299663,0.0099109457805752,-0.0073068575002253,0.0087647344917058,-0.0253133922815322,0.0049176872707903,0.021163422614336,-0.0071470234543085,-0.0208443328738212,0.0140169998630881,-0.0170000083744525,-0.0048030922189354,0.0235414057970047,0.0,-0.003061197232455,0.0164092741906642,0.0063151977956295,0.0056980457156896,0.021878270432353,0.0244570188224315,-0.0275510661303997,-0.018342737108469,-0.0138751193881034,0.0046948539093136,0.0100100487470626,0.0271028000861406,0.0183485578745603,0.045359406620264,0.008833753876388,-0.0077033578418195,0.0632660761475563,-0.0047631012275815,-0.1016208305954933,-0.0172488819807767,9.836619028646965e-06,0.0125560853630304,-0.0170046128332614,0.0248006843030452,0.0314741022884845,0.0362921319901943,-0.0509500429034233,-0.0650463849306106,0.0172116216272115,0.0526315942406654,-0.028781758621335,0.0566355660557746,0.0296346973627805,-0.0208849497139453,-0.1072961390018463,-0.000647141423542,-0.0101954825222492,-0.015434437431395,-0.0121694924309849,0.0016151416348293,-0.0411234274506568,-0.0007646928424946,0.0575318858027458,0.0008983112056739,0.0173160005360841,-0.0193389188498258,-0.0583035908639431,0.0387966036796569,0.0278734248131513,0.0118047324940562,0.0367071814835071,0.0218987911939621,-0.0416319742798805,-0.007424590177834,0.0280334129929542,0.0031796472612768,-0.0306990165263414,0.0157289765775203,0.0255351550877094,0.0094707524403929,0.0162480473518371,0.0177821833640337,0.0198510996997356,-0.0235383044928312,0.0168132781982421,0.0127915451303124,0.0422336906194686,0.0780452564358711,0.0358179956674575,-0.0385300442576408,-0.0038572768680751,0.01111108250916,-0.0216981600970029,-0.0583662688732147,-0.1129632294178009,-0.0294321086257696,0.0310525894165039,-0.0014820187352597,-0.0067174062132835,0.0006201724117773,-0.0074652441968555,0.003773359095855,-0.0053135166840108,0.0416118982606938,-0.0380267113577461,0.0795240536071417,-0.0594099102940816,0.215980509805348,0.0391192129509423,0.3306454187150662,-0.1800461701645376,2019-02-13,2019-02-14,2019-02-15,2019-02-19,2019-02-20,2019-02-21,2019-02-22,2019-02-25,2019-02-26,2019-02-27,20336.0,2019-02-12,252.0,1.6464%,-0.0011,-0.1579,0.1846,0.1112,3.1520%,3.1593%,0.4620%,0.019146,CSPI,20336.0,2019-02-13,252.0,-0.1482%,-0.0006,-0.0958,0.0798,0.0925,3.0338%,3.0368%,0.1964%,-0.0013289999999999,CSPI,20336.0,2019-02-14,252.0,0.2105%,-0.0005,-0.0953,0.0818,0.0884,3.0318%,3.0347%,0.1909%,0.001926,CSPI,20336.0,2019-02-15,252.0,0.3151%,-0.0006,-0.1167,0.0629,0.0541,3.0263%,3.0296%,0.2153%,0.003499,CSPI,20336.0,2019-02-19,252.0,3.9728%,-0.0004,-0.1056,0.0834,0.0762,3.0362%,3.0394%,0.2058%,0.039505,CSPI,20336.0,2019-02-20,252.0,-0.1954%,-0.0003,-0.1031,0.1032,0.0889,3.0293%,3.0326%,0.2191%,-0.002456,CSPI,20336.0,2019-02-21,252.0,1.0192%,-0.0002,-0.1173,0.0766,0.0628,3.0229%,3.0263%,0.2278%,0.009987,CSPI,20336.0,2019-02-22,252.0,1.7920%,-0.0001,-0.1197,0.0701,0.0285,3.0248%,3.0279%,0.2022%,0.019085,CSPI,20336.0,2019-02-25,252.0,-0.1973%,-0.0003,-0.115,0.0755,0.0487,3.0142%,3.0173%,0.2079%,-0.0016589999999999,CSPI,20336.0,2019-02-26,252.0,-0.4956%,-0.0002,-0.1023,0.0693,0.055,3.0118%,3.0144%,0.1739%,-0.004595,CSPI,20336.0,2019-02-27,252.0,1.4901%,-0.0001,-0.0959,0.0623,0.0561,3.0120%,3.0143%,0.1554%,0.014828,CSPI,0.017817,0.019743,0.023242,0.060291,0.097937
10019,C S X CORP,"CSX Corp Files For Potential Mixed Shelf Offering, Size Not Disclosed",6,uncertain,0.6,0.2,"the filing for a mixed shelf offering can indicate potential future capital raising, which may be viewed positively or negatively by investors depending on the context and purpose of the offering.",1,2019-02-12,CSX,2019-02-12 22:35:00+00:00,62148.0,12640810,0.0275972206145525,5482532.0,0.0001405301736667,0.0066908956505358,0.0070293829776346,0.0079167410731315,0.0127042261883616,0.001762413769029,-0.0004135480849072,-0.002636594697833,0.0102054588496685,0.0126075129956007,-0.0092832809314131,0.0184290222823619,0.010197021998465,0.0076103503815829,-0.0066839158535003,-0.0090498654171824,-0.0008239159360527,0.0134516190737485,0.001924154930748,-0.0028959373012185,0.0001375517022097,-0.0089123314246535,-0.003027400933206,0.017678614705801,0.0052450643852353,-0.0004609523457475,-0.0050803618505597,-0.0113929817453026,-0.0056582395918667,-0.0227137580513954,-0.0004164664424024,0.0348748564720153,-0.0034712580963969,-0.004435621201992,0.0164414159953594,0.0041467766277492,-0.003975233528763,-0.0024512952659279,0.0180291421711444,0.0007665657903999,-0.0131134409457445,0.0081929005682468,-0.0026027732528746,0.0110972635447979,0.0145585117861628,0.0099447686225175,-0.0124543895944953,0.0144114922732114,-0.0017820049542933,-0.0054148775525391,0.0112606389448046,0.0296818856149911,-0.0153448842465877,-0.0156578086316585,0.0034478001762181,-0.0028971559368073,0.0038482514210045,0.0008054000791162,0.0049288142472505,0.0003222761442884,0.0140326805412769,0.0055087516084313,0.0052398145198822,0.0503744557499885,0.0251269340515136,-0.0319605022668838,-0.0067796176299452,-0.0147703271359205,-0.0126017211005091,-0.0070910337381064,-0.005583596881479,-0.0287995021790266,-0.0050802789628505,-0.0122139910236001,0.0161247588694095,-0.017469260841608,-0.0122983371838927,-0.0437244996428489,0.0050876587629318,-0.0005807334091514,0.0043959217146039,0.0116023048758506,0.0167109034955501,-0.0030747686978429,-0.010305255651474,0.0039689000695943,0.0002635645505506,-0.0256373658776283,0.0401897877454757,-0.0110481418669223,0.0003800200065597,-0.0348599180579185,-0.0018994747661054,0.0071596349589526,0.0025373883545398,0.0119827315211296,0.0037965460214763,-0.0104467812925577,-0.0098335705697536,0.0332338623702526,0.0080213556066155,-0.0001419271138729,0.0025262671988457,0.0091716740280389,0.0032757276203483,-0.0061244880780577,-0.0062790405936539,0.0143021941184997,-0.002780154114589,-0.0396781414747238,0.0204029008746147,-0.0072992532514035,-0.0055886358022689,0.005400157533586,-0.0224803686141967,0.0243971813470125,-0.0008943362627178,0.003130353288725,-0.0003836161049548,0.0091901123523712,0.0001405301736667,0.0066908956505358,0.007170900991712,0.01466060681208,0.0199662279282466,0.016448858636417,0.0299493415008011,0.0265499994829263,0.0250281332918396,0.0548696607365057,0.0354674210223724,0.1152110472022593,0.1027586438202292,-0.003128191419468,2019-02-13,2019-02-14,2019-02-15,2019-02-19,2019-02-20,2019-02-21,2019-02-22,2019-02-25,2019-02-26,2019-02-27,62148.0,2019-02-12,252.0,2.7597%,0.0013,1.1771,0.2141,0.4428,1.1006%,1.6086%,53.1861%,0.012332,CSX,62148.0,2019-02-13,252.0,0.0141%,0.0012,1.1628,0.2363,0.4455,1.0850%,1.5854%,53.1615%,-0.003694,CSX,62148.0,2019-02-14,252.0,0.7029%,0.0012,1.1603,0.2414,0.4404,1.0864%,1.5853%,53.0338%,0.010726,CSX,62148.0,2019-02-15,252.0,1.2704%,0.0012,1.1507,0.2322,0.4241,1.0856%,1.5768%,52.6016%,-0.003225,CSX,62148.0,2019-02-19,252.0,-0.0414%,0.0012,1.151,0.2266,0.4177,1.0858%,1.5763%,52.5568%,-0.004646,CSX,62148.0,2019-02-20,252.0,1.0205%,0.0011,1.1514,0.2247,0.4186,1.0852%,1.5764%,52.6090%,0.005123,CSX,62148.0,2019-02-21,252.0,-0.9283%,0.0012,1.1457,0.2119,0.4081,1.0789%,1.5678%,52.6422%,-0.004003,CSX,62148.0,2019-02-22,252.0,1.0197%,0.0012,1.1452,0.2026,0.3937,1.0785%,1.5684%,52.7177%,0.0074839999999999,CSX,62148.0,2019-02-25,252.0,-0.6684%,0.0012,1.1453,0.2069,0.3964,1.0798%,1.5692%,52.6522%,-0.007266,CSX,62148.0,2019-02-26,252.0,-0.0824%,0.0012,1.146,0.2029,0.3949,1.0798%,1.5667%,52.4980%,0.003541,CSX,62148.0,2019-02-27,252.0,0.1924%,0.0012,1.1488,0.198,0.3953,1.0791%,1.5663%,52.5372%,0.000881,CSX,0.008638,0.019364,0.016139,0.016616,0.0172529999999999
10027,DENNYS CORP,"Denny's Sees FY19 Adj. EBITDA $95M-$100M, Co., Domestic Comps Flat To Up 2%",6,uncertain,0.6,0.3,"while the projected adjusted ebitda is positive, the flat to modestly increasing domestic comps may not provide strong enough growth signals to significantly impact the stock price.",1,2019-02-12,DENN,2019-02-12 21:06:00+00:00,85726.0,24869P10,-0.0005482581909745,589208.0,-0.0351069346070289,0.0167223643511533,-0.0005685178330168,0.012415419332683,0.0091012427583336,-0.0067265043035149,-0.0062007107771933,0.0096208304166793,0.0136132556945085,0.0102916127070784,-0.0005596098490059,-0.0005714416620321,0.0263157505542039,-0.0107405614107847,-0.0027277271728962,0.00511364499107,-0.0333698354661464,0.0011376824695616,-0.0067912191152572,-0.0095774689689278,-0.005128214135766,-0.0011255181161686,-0.0017181432340294,-0.0067075984552502,-0.0017212097300216,-0.015410054475069,-0.0114941876381635,0.0094444490969181,0.0029069322627037,-0.0088105639442801,0.004637676756829,0.0055371196940541,0.0132717564702034,0.010067131370306,0.0028474456630647,0.0090293372049927,-0.0068143573589622,-0.0089485375210642,0.0314466059207916,-0.0213465392589569,-0.0033260183408856,0.0298760253936052,0.0011123724980279,0.0096755875274539,-0.000555568258278,0.0161942597478628,-0.002223402261734,0.017058877274394,-0.0167131554335355,0.0210210438817739,0.0096317324787378,0.0090908855199813,0.0011223601177334,0.0060975844971835,0.0218609515577554,0.0117211937904357,0.0148107772693038,-0.003075101180002,0.0016216586809605,-0.0018416626844555,-0.0053966743871569,0.0018450606148689,-0.0043407445773482,0.0232850778847932,0.003814697265625,-0.0037617220077663,-0.0184582062065601,-0.0226715616881847,0.0016593299806118,0.0117793269455432,0.0132523337379097,-0.0158633459359407,0.0098092807456851,-0.0096676647663116,-0.0259040165692567,-0.0018094503320753,-0.0254847146570682,-0.0065908092074096,0.0085275508463382,-0.0005988160846754,-0.0022547354456037,0.0145809045061469,-0.0096045238897204,0.017305240035057,0.0,0.0043451082892715,-0.0199657939374446,-0.0152811734005808,-0.0128056583926081,0.0186800211668014,0.0106132263317704,-0.0243013147264719,0.0233373120427131,-0.0048368698917329,0.0068414439447224,-0.0083932485431432,0.0158550795167684,-0.0089126331731677,0.0479374974966049,0.0243456847965717,0.0079788053408265,-0.0135094793513417,-0.0063324980437755,-0.013913482427597,-0.0111523680388927,0.001185450470075,0.026315776631236,0.0144318519160151,0.0041862856596708,-0.0136418407782912,0.0,-0.0035460677463561,0.0260552372783422,0.0047505893744528,-0.0020315344445407,-0.023201834410429,-0.0106869768351316,0.0473876520991325,-0.0015432451618835,0.003658503992483,-0.0351069346070289,0.0167223643511533,-0.035655493521659,0.0293453988494898,-0.0268787600655342,0.0224215025943255,-0.0197475981396576,0.0428816465133425,-0.0373011698415632,0.0276056202155519,0.0164564513631042,0.1197052622695002,0.0647284893297395,0.1121951337648359,2019-02-13,2019-02-14,2019-02-15,2019-02-19,2019-02-20,2019-02-21,2019-02-22,2019-02-25,2019-02-26,2019-02-27,85726.0,2019-02-12,252.0,-0.0548%,0.0009,0.5159,0.0489,0.002,2.1256%,2.1958%,6.2984%,-0.0078269999999999,DENN,85726.0,2019-02-13,252.0,-3.5107%,0.0008,0.5169,0.0319,-0.0101,2.1367%,2.2071%,6.2764%,-0.036682,DENN,85726.0,2019-02-14,252.0,-0.0569%,0.0008,0.5175,0.0318,-0.0108,2.1363%,2.2069%,6.2942%,0.0001919999999999,DENN,85726.0,2019-02-15,252.0,0.9101%,0.0007,0.4919,0.009,-0.0521,2.1262%,2.1927%,5.9704%,0.003126,DENN,85726.0,2019-02-19,252.0,-0.6201%,0.0007,0.491,0.0032,-0.0586,2.1267%,2.1930%,5.9529%,-0.007105,DENN,85726.0,2019-02-20,252.0,1.3613%,0.0008,0.496,0.0219,-0.0387,2.1252%,2.1917%,5.9733%,0.012896,DENN,85726.0,2019-02-21,252.0,-0.0560%,0.0008,0.4946,0.019,-0.0414,2.1251%,2.1913%,5.9494%,0.001102,DENN,85726.0,2019-02-22,252.0,2.6316%,0.0008,0.492,0.0102,-0.0805,2.1284%,2.1965%,6.1106%,0.022288,DENN,85726.0,2019-02-25,252.0,-0.2728%,0.0008,0.4913,0.0118,-0.0822,2.1282%,2.1964%,6.1090%,-0.003684,DENN,85726.0,2019-02-26,252.0,-3.3370%,0.0007,0.4993,0.0509,-0.0563,2.1387%,2.2068%,6.0756%,-0.032879,DENN,85726.0,2019-02-27,252.0,-0.6791%,0.0007,0.5007,0.0461,-0.0561,2.1392%,2.2073%,6.0732%,-0.0075049999999999,DENN,-0.044509,-0.044317,-0.041191,-0.0354,-0.0560779999999999
10035,DENNYS CORP,"Denny's Q4 EPS $0.18, Inline, Sales $159.5M Beat $158.23M Estimate",6,uncertain,0.6,0.2,"while denny's reported sales that beat estimates, the eps was inline, which may not provide a strong enough catalyst for a significant stock price movement.",1,2019-02-12,DENN,2019-02-12 21:06:00+00:00,85726.0,24869P10,-0.0005482581909745,589208.0,-0.0351069346070289,0.0167223643511533,-0.0005685178330168,0.012415419332683,0.0091012427583336,-0.0067265043035149,-0.0062007107771933,0.0096208304166793,0.0136132556945085,0.0102916127070784,-0.0005596098490059,-0.0005714416620321,0.0263157505542039,-0.0107405614107847,-0.0027277271728962,0.00511364499107,-0.0333698354661464,0.0011376824695616,-0.0067912191152572,-0.0095774689689278,-0.005128214135766,-0.0011255181161686,-0.0017181432340294,-0.0067075984552502,-0.0017212097300216,-0.015410054475069,-0.0114941876381635,0.0094444490969181,0.0029069322627037,-0.0088105639442801,0.004637676756829,0.0055371196940541,0.0132717564702034,0.010067131370306,0.0028474456630647,0.0090293372049927,-0.0068143573589622,-0.0089485375210642,0.0314466059207916,-0.0213465392589569,-0.0033260183408856,0.0298760253936052,0.0011123724980279,0.0096755875274539,-0.000555568258278,0.0161942597478628,-0.002223402261734,0.017058877274394,-0.0167131554335355,0.0210210438817739,0.0096317324787378,0.0090908855199813,0.0011223601177334,0.0060975844971835,0.0218609515577554,0.0117211937904357,0.0148107772693038,-0.003075101180002,0.0016216586809605,-0.0018416626844555,-0.0053966743871569,0.0018450606148689,-0.0043407445773482,0.0232850778847932,0.003814697265625,-0.0037617220077663,-0.0184582062065601,-0.0226715616881847,0.0016593299806118,0.0117793269455432,0.0132523337379097,-0.0158633459359407,0.0098092807456851,-0.0096676647663116,-0.0259040165692567,-0.0018094503320753,-0.0254847146570682,-0.0065908092074096,0.0085275508463382,-0.0005988160846754,-0.0022547354456037,0.0145809045061469,-0.0096045238897204,0.017305240035057,0.0,0.0043451082892715,-0.0199657939374446,-0.0152811734005808,-0.0128056583926081,0.0186800211668014,0.0106132263317704,-0.0243013147264719,0.0233373120427131,-0.0048368698917329,0.0068414439447224,-0.0083932485431432,0.0158550795167684,-0.0089126331731677,0.0479374974966049,0.0243456847965717,0.0079788053408265,-0.0135094793513417,-0.0063324980437755,-0.013913482427597,-0.0111523680388927,0.001185450470075,0.026315776631236,0.0144318519160151,0.0041862856596708,-0.0136418407782912,0.0,-0.0035460677463561,0.0260552372783422,0.0047505893744528,-0.0020315344445407,-0.023201834410429,-0.0106869768351316,0.0473876520991325,-0.0015432451618835,0.003658503992483,-0.0351069346070289,0.0167223643511533,-0.035655493521659,0.0293453988494898,-0.0268787600655342,0.0224215025943255,-0.0197475981396576,0.0428816465133425,-0.0373011698415632,0.0276056202155519,0.0164564513631042,0.1197052622695002,0.0647284893297395,0.1121951337648359,2019-02-13,2019-02-14,2019-02-15,2019-02-19,2019-02-20,2019-02-21,2019-02-22,2019-02-25,2019-02-26,2019-02-27,85726.0,2019-02-12,252.0,-0.0548%,0.0009,0.5159,0.0489,0.002,2.1256%,2.1958%,6.2984%,-0.0078269999999999,DENN,85726.0,2019-02-13,252.0,-3.5107%,0.0008,0.5169,0.0319,-0.0101,2.1367%,2.2071%,6.2764%,-0.036682,DENN,85726.0,2019-02-14,252.0,-0.0569%,0.0008,0.5175,0.0318,-0.0108,2.1363%,2.2069%,6.2942%,0.0001919999999999,DENN,85726.0,2019-02-15,252.0,0.9101%,0.0007,0.4919,0.009,-0.0521,2.1262%,2.1927%,5.9704%,0.003126,DENN,85726.0,2019-02-19,252.0,-0.6201%,0.0007,0.491,0.0032,-0.0586,2.1267%,2.1930%,5.9529%,-0.007105,DENN,85726.0,2019-02-20,252.0,1.3613%,0.0008,0.496,0.0219,-0.0387,2.1252%,2.1917%,5.9733%,0.012896,DENN,85726.0,2019-02-21,252.0,-0.0560%,0.0008,0.4946,0.019,-0.0414,2.1251%,2.1913%,5.9494%,0.001102,DENN,85726.0,2019-02-22,252.0,2.6316%,0.0008,0.492,0.0102,-0.0805,2.1284%,2.1965%,6.1106%,0.022288,DENN,85726.0,2019-02-25,252.0,-0.2728%,0.0008,0.4913,0.0118,-0.0822,2.1282%,2.1964%,6.1090%,-0.003684,DENN,85726.0,2019-02-26,252.0,-3.3370%,0.0007,0.4993,0.0509,-0.0563,2.1387%,2.2068%,6.0756%,-0.032879,DENN,85726.0,2019-02-27,252.0,-0.6791%,0.0007,0.5007,0.0461,-0.0561,2.1392%,2.2073%,6.0732%,-0.0075049999999999,DENN,-0.044509,-0.044317,-0.041191,-0.0354,-0.0560779999999999
10043,DENNYS CORP,Denny's Q4 Earnings Outlook,6,uncertain,0.5,0.5,"the impact on denny's stock price is unclear without specific details on the earnings outlook, such as whether it meets, exceeds, or falls short of market expectations.",1,2019-02-12,DENN,2019-02-12 13:10:00+00:00,85726.0,24869P10,-0.0005482581909745,589208.0,-0.0351069346070289,0.0167223643511533,-0.0005685178330168,0.012415419332683,0.0091012427583336,-0.0067265043035149,-0.0062007107771933,0.0096208304166793,0.0136132556945085,0.0102916127070784,-0.0005596098490059,-0.0005714416620321,0.0263157505542039,-0.0107405614107847,-0.0027277271728962,0.00511364499107,-0.0333698354661464,0.0011376824695616,-0.0067912191152572,-0.0095774689689278,-0.005128214135766,-0.0011255181161686,-0.0017181432340294,-0.0067075984552502,-0.0017212097300216,-0.015410054475069,-0.0114941876381635,0.0094444490969181,0.0029069322627037,-0.0088105639442801,0.004637676756829,0.0055371196940541,0.0132717564702034,0.010067131370306,0.0028474456630647,0.0090293372049927,-0.0068143573589622,-0.0089485375210642,0.0314466059207916,-0.0213465392589569,-0.0033260183408856,0.0298760253936052,0.0011123724980279,0.0096755875274539,-0.000555568258278,0.0161942597478628,-0.002223402261734,0.017058877274394,-0.0167131554335355,0.0210210438817739,0.0096317324787378,0.0090908855199813,0.0011223601177334,0.0060975844971835,0.0218609515577554,0.0117211937904357,0.0148107772693038,-0.003075101180002,0.0016216586809605,-0.0018416626844555,-0.0053966743871569,0.0018450606148689,-0.0043407445773482,0.0232850778847932,0.003814697265625,-0.0037617220077663,-0.0184582062065601,-0.0226715616881847,0.0016593299806118,0.0117793269455432,0.0132523337379097,-0.0158633459359407,0.0098092807456851,-0.0096676647663116,-0.0259040165692567,-0.0018094503320753,-0.0254847146570682,-0.0065908092074096,0.0085275508463382,-0.0005988160846754,-0.0022547354456037,0.0145809045061469,-0.0096045238897204,0.017305240035057,0.0,0.0043451082892715,-0.0199657939374446,-0.0152811734005808,-0.0128056583926081,0.0186800211668014,0.0106132263317704,-0.0243013147264719,0.0233373120427131,-0.0048368698917329,0.0068414439447224,-0.0083932485431432,0.0158550795167684,-0.0089126331731677,0.0479374974966049,0.0243456847965717,0.0079788053408265,-0.0135094793513417,-0.0063324980437755,-0.013913482427597,-0.0111523680388927,0.001185450470075,0.026315776631236,0.0144318519160151,0.0041862856596708,-0.0136418407782912,0.0,-0.0035460677463561,0.0260552372783422,0.0047505893744528,-0.0020315344445407,-0.023201834410429,-0.0106869768351316,0.0473876520991325,-0.0015432451618835,0.003658503992483,-0.0351069346070289,0.0167223643511533,-0.035655493521659,0.0293453988494898,-0.0268787600655342,0.0224215025943255,-0.0197475981396576,0.0428816465133425,-0.0373011698415632,0.0276056202155519,0.0164564513631042,0.1197052622695002,0.0647284893297395,0.1121951337648359,2019-02-13,2019-02-14,2019-02-15,2019-02-19,2019-02-20,2019-02-21,2019-02-22,2019-02-25,2019-02-26,2019-02-27,85726.0,2019-02-12,252.0,-0.0548%,0.0009,0.5159,0.0489,0.002,2.1256%,2.1958%,6.2984%,-0.0078269999999999,DENN,85726.0,2019-02-13,252.0,-3.5107%,0.0008,0.5169,0.0319,-0.0101,2.1367%,2.2071%,6.2764%,-0.036682,DENN,85726.0,2019-02-14,252.0,-0.0569%,0.0008,0.5175,0.0318,-0.0108,2.1363%,2.2069%,6.2942%,0.0001919999999999,DENN,85726.0,2019-02-15,252.0,0.9101%,0.0007,0.4919,0.009,-0.0521,2.1262%,2.1927%,5.9704%,0.003126,DENN,85726.0,2019-02-19,252.0,-0.6201%,0.0007,0.491,0.0032,-0.0586,2.1267%,2.1930%,5.9529%,-0.007105,DENN,85726.0,2019-02-20,252.0,1.3613%,0.0008,0.496,0.0219,-0.0387,2.1252%,2.1917%,5.9733%,0.012896,DENN,85726.0,2019-02-21,252.0,-0.0560%,0.0008,0.4946,0.019,-0.0414,2.1251%,2.1913%,5.9494%,0.001102,DENN,85726.0,2019-02-22,252.0,2.6316%,0.0008,0.492,0.0102,-0.0805,2.1284%,2.1965%,6.1106%,0.022288,DENN,85726.0,2019-02-25,252.0,-0.2728%,0.0008,0.4913,0.0118,-0.0822,2.1282%,2.1964%,6.1090%,-0.003684,DENN,85726.0,2019-02-26,252.0,-3.3370%,0.0007,0.4993,0.0509,-0.0563,2.1387%,2.2068%,6.0756%,-0.032879,DENN,85726.0,2019-02-27,252.0,-0.6791%,0.0007,0.5007,0.0461,-0.0561,2.1392%,2.2073%,6.0732%,-0.0075049999999999,DENN,-0.044509,-0.044317,-0.041191,-0.0354,-0.0560779999999999
10051,SPDR DOW JONES IND AVG ETF TRUST,Job Openings Hit Record High In December,6,increase,0.7,0.6,"a record high in job openings typically indicates a strong labor market, which can boost investor confidence and lead to an increase in stock prices, including those of etfs like spdr dow jones ind avg etf trust.",2,2019-02-12,DIA,2019-02-12 15:28:00+00:00,85765.0,78467X10,0.0143061941489577,3080642.0,0.004989605396986,-0.0015120359603315,-0.0025019522290676,-0.0023024477995932,0.0164131131023168,-0.0077598821371793,0.0006186107057146,-0.0003544321807567,0.0026660580188035,0.006499680224806,-0.0037379623390734,0.0073459423147141,0.0063436143100261,0.0014393116580322,0.0027674259617924,-0.0002398175711277,-0.0013415849534794,0.0181921198964119,-0.0025716335512697,0.0024887826293706,-0.0022703518625348,-0.009256612509489,0.004396847449243,0.0078217219561338,-0.0082175508141517,-0.0010174182243645,-0.0003484448534436,0.0070491852238774,-0.0051125423051416,-0.0123456912115216,-0.0080196112394332,0.0140436831861734,-0.0003924133488908,0.0080211795866489,0.0080483807250857,0.0050698188133537,-0.0035052543971687,0.0071147438138723,0.005823518615216,-0.003918636124581,0.0007383036427199,-0.0004999796510674,0.0052210441790521,0.0045203492045402,0.0025160405784845,0.0042030937038362,-0.0004246702883392,0.0108769442886114,-0.0061418274417519,0.0046098763123154,0.0089003769680857,0.0333450846374034,-0.0177979040890932,-0.0284538883715868,0.0004314426041673,0.0006861220463179,0.0054494221694767,0.0118014635518193,-0.0013647590531036,-0.0033728219568729,0.003787440015003,0.0111494371667504,0.0079742427915334,0.0486474111676216,0.0125805959105491,-0.0267302878201007,-0.002667831024155,-0.0182797983288765,0.0011845984263345,-0.0194070730358362,0.0067938882857561,-0.0165992695838213,0.0014406129484996,0.0039335447363555,-0.0035584585275501,-0.0206693951040506,-0.0064964345656335,-0.0196938570588827,0.000344141095411,0.0015861371066421,-0.0007645726436749,0.0067559643648564,0.0102142831310629,-0.0019615502096712,-0.0009846243774518,0.001637301640585,0.0027292415034025,-0.0216642785817384,0.0,-0.0040282155387103,0.0044893538579344,-0.0309203211218118,-0.001845120685175,0.0126023115590214,0.0053193634375929,0.0075712692923843,-0.0021014618687331,-0.0009848723420873,-0.0052271909080445,0.0256161466240882,0.0030620254110544,0.0045050554908812,0.0003768979513552,0.0147440461441874,0.001318588387221,-0.0075209336355328,-0.0061703398823738,0.0006134719587862,-0.0048078326508402,-0.0214520152658224,0.0079503813758492,-0.0164928250014782,-0.0026418545749038,0.00565074570477,-0.017974043264985,0.0092064784839749,0.0005395139451138,-0.0084959845989942,-0.0046984562650322,-0.0045629912056028,0.004989605396986,-0.0015120359603315,0.0024751694135731,-0.003811002376055,0.0189289077514223,-0.0115413115839717,0.0222774321377929,-0.0054692648705244,0.0237349952092906,0.0238269935072403,0.0110498091527762,0.0858626468354049,0.0208534211779252,-0.0071497540046223,2019-02-13,2019-02-14,2019-02-15,2019-02-19,2019-02-20,2019-02-21,2019-02-22,2019-02-25,2019-02-26,2019-02-27,85765.0,2019-02-12,252.0,1.4306%,0.0001,1.0096,-0.2723,0.1164,0.2459%,1.0823%,94.8403%,0.000744,DIA,85765.0,2019-02-13,252.0,0.4990%,0.0001,1.0088,-0.2702,0.1173,0.2458%,1.0775%,94.7982%,0.0021449999999999,DIA,85765.0,2019-02-14,252.0,-0.2502%,0.0001,1.0086,-0.2693,0.1162,0.2458%,1.0776%,94.7963%,0.001602,DIA,85765.0,2019-02-15,252.0,1.6413%,0.0001,1.0154,-0.2626,0.128,0.2462%,1.0803%,94.8078%,0.005032,DIA,85765.0,2019-02-19,252.0,0.0619%,0.0001,1.0149,-0.263,0.1276,0.2462%,1.0774%,94.7770%,-0.001033,DIA,85765.0,2019-02-20,252.0,0.2666%,0.0001,1.015,-0.2632,0.1277,0.2462%,1.0775%,94.7790%,0.000514,DIA,85765.0,2019-02-21,252.0,-0.3738%,0.0002,1.0132,-0.2668,0.1245,0.2442%,1.0757%,94.8453%,2.7e-05,DIA,85765.0,2019-02-22,252.0,0.6344%,0.0002,1.0128,-0.2654,0.1206,0.2448%,1.0755%,94.8183%,0.002956,DIA,85765.0,2019-02-25,252.0,0.2767%,0.0001,1.0136,-0.2648,0.1241,0.2403%,1.0747%,95.0022%,0.000675,DIA,85765.0,2019-02-26,252.0,-0.1342%,0.0001,1.0157,-0.265,0.1255,0.2397%,1.0714%,94.9960%,-0.001105,DIA,85765.0,2019-02-27,252.0,-0.2572%,0.0001,1.0143,-0.2634,0.1253,0.2397%,1.0670%,94.9537%,-0.002932,DIA,0.0028889999999999,0.004491,0.009523,0.009004,0.008625
10059,SPDR DOW JONES IND AVG ETF TRUST,This Day In Market History: Joseph Searles III Breaks NYSE Color Barrier,6,uncertain,0.5,0.1,the news about joseph searles iii breaking the nyse color barrier is more of a historical and cultural significance rather than a direct impact on the spdr dow jones ind avg etf trust's stock price.,1,2019-02-12,DIA,2019-02-12 12:53:00+00:00,85765.0,78467X10,0.0143061941489577,3080642.0,0.004989605396986,-0.0015120359603315,-0.0025019522290676,-0.0023024477995932,0.0164131131023168,-0.0077598821371793,0.0006186107057146,-0.0003544321807567,0.0026660580188035,0.006499680224806,-0.0037379623390734,0.0073459423147141,0.0063436143100261,0.0014393116580322,0.0027674259617924,-0.0002398175711277,-0.0013415849534794,0.0181921198964119,-0.0025716335512697,0.0024887826293706,-0.0022703518625348,-0.009256612509489,0.004396847449243,0.0078217219561338,-0.0082175508141517,-0.0010174182243645,-0.0003484448534436,0.0070491852238774,-0.0051125423051416,-0.0123456912115216,-0.0080196112394332,0.0140436831861734,-0.0003924133488908,0.0080211795866489,0.0080483807250857,0.0050698188133537,-0.0035052543971687,0.0071147438138723,0.005823518615216,-0.003918636124581,0.0007383036427199,-0.0004999796510674,0.0052210441790521,0.0045203492045402,0.0025160405784845,0.0042030937038362,-0.0004246702883392,0.0108769442886114,-0.0061418274417519,0.0046098763123154,0.0089003769680857,0.0333450846374034,-0.0177979040890932,-0.0284538883715868,0.0004314426041673,0.0006861220463179,0.0054494221694767,0.0118014635518193,-0.0013647590531036,-0.0033728219568729,0.003787440015003,0.0111494371667504,0.0079742427915334,0.0486474111676216,0.0125805959105491,-0.0267302878201007,-0.002667831024155,-0.0182797983288765,0.0011845984263345,-0.0194070730358362,0.0067938882857561,-0.0165992695838213,0.0014406129484996,0.0039335447363555,-0.0035584585275501,-0.0206693951040506,-0.0064964345656335,-0.0196938570588827,0.000344141095411,0.0015861371066421,-0.0007645726436749,0.0067559643648564,0.0102142831310629,-0.0019615502096712,-0.0009846243774518,0.001637301640585,0.0027292415034025,-0.0216642785817384,0.0,-0.0040282155387103,0.0044893538579344,-0.0309203211218118,-0.001845120685175,0.0126023115590214,0.0053193634375929,0.0075712692923843,-0.0021014618687331,-0.0009848723420873,-0.0052271909080445,0.0256161466240882,0.0030620254110544,0.0045050554908812,0.0003768979513552,0.0147440461441874,0.001318588387221,-0.0075209336355328,-0.0061703398823738,0.0006134719587862,-0.0048078326508402,-0.0214520152658224,0.0079503813758492,-0.0164928250014782,-0.0026418545749038,0.00565074570477,-0.017974043264985,0.0092064784839749,0.0005395139451138,-0.0084959845989942,-0.0046984562650322,-0.0045629912056028,0.004989605396986,-0.0015120359603315,0.0024751694135731,-0.003811002376055,0.0189289077514223,-0.0115413115839717,0.0222774321377929,-0.0054692648705244,0.0237349952092906,0.0238269935072403,0.0110498091527762,0.0858626468354049,0.0208534211779252,-0.0071497540046223,2019-02-13,2019-02-14,2019-02-15,2019-02-19,2019-02-20,2019-02-21,2019-02-22,2019-02-25,2019-02-26,2019-02-27,85765.0,2019-02-12,252.0,1.4306%,0.0001,1.0096,-0.2723,0.1164,0.2459%,1.0823%,94.8403%,0.000744,DIA,85765.0,2019-02-13,252.0,0.4990%,0.0001,1.0088,-0.2702,0.1173,0.2458%,1.0775%,94.7982%,0.0021449999999999,DIA,85765.0,2019-02-14,252.0,-0.2502%,0.0001,1.0086,-0.2693,0.1162,0.2458%,1.0776%,94.7963%,0.001602,DIA,85765.0,2019-02-15,252.0,1.6413%,0.0001,1.0154,-0.2626,0.128,0.2462%,1.0803%,94.8078%,0.005032,DIA,85765.0,2019-02-19,252.0,0.0619%,0.0001,1.0149,-0.263,0.1276,0.2462%,1.0774%,94.7770%,-0.001033,DIA,85765.0,2019-02-20,252.0,0.2666%,0.0001,1.015,-0.2632,0.1277,0.2462%,1.0775%,94.7790%,0.000514,DIA,85765.0,2019-02-21,252.0,-0.3738%,0.0002,1.0132,-0.2668,0.1245,0.2442%,1.0757%,94.8453%,2.7e-05,DIA,85765.0,2019-02-22,252.0,0.6344%,0.0002,1.0128,-0.2654,0.1206,0.2448%,1.0755%,94.8183%,0.002956,DIA,85765.0,2019-02-25,252.0,0.2767%,0.0001,1.0136,-0.2648,0.1241,0.2403%,1.0747%,95.0022%,0.000675,DIA,85765.0,2019-02-26,252.0,-0.1342%,0.0001,1.0157,-0.265,0.1255,0.2397%,1.0714%,94.9960%,-0.001105,DIA,85765.0,2019-02-27,252.0,-0.2572%,0.0001,1.0143,-0.2634,0.1253,0.2397%,1.0670%,94.9537%,-0.002932,DIA,0.0028889999999999,0.004491,0.009523,0.009004,0.008625
10067,DISH NETWORK CORP,A Preview Of DISH Network's Q4 Earnings,6,uncertain,0.5,0.5,the preview of dish network's q4 earnings could lead to varying investor reactions depending on the actual results and market expectations.,1,2019-02-12,DISH,2019-02-12 18:20:00+00:00,81696.0,25470M10,0.0035313197877258,3393199.0,-0.0767754167318344,-0.0123652908951044,0.0291060339659452,0.0151271717622876,0.0404039993882179,-0.008931441232562,-0.0051779886707663,0.0038424860686063,0.0169160850346088,0.0344484597444534,0.0015994637506082,-0.0082128774374723,0.0482274107635021,-0.0074991700239479,-0.026508193463087,0.0326599068939685,-0.0009389885817654,-0.0016806466737762,0.001253101741895,-0.0181517899036407,0.0172089878469705,0.007313807029277,-0.0086126970127224,-0.0013280515559017,0.0384735241532325,0.0346959866583347,-0.0696146339178085,-0.0135547146201133,0.0256904680281877,-0.0097315106540918,0.0072009279392659,0.0156782232224941,-0.0130555853247642,0.0276707857847213,0.0154331233352422,0.0106194419786334,-0.0024814461357891,0.0231799837201833,0.0059079173952341,-0.019182913005352,0.0068006562069058,-0.0171089302748441,0.0,0.0134465377777814,-0.0049124914221465,-0.0146443536505103,-0.0107990894466638,0.0027972001116722,-0.0162196010351181,0.0113154063001275,0.0218769367784261,0.0704012364149093,-0.0297858864068985,0.0208655688911676,-0.0204669423401355,0.0364437289535999,0.029709493741393,0.0004006501985713,-0.0066582430154085,0.0237899888306856,-0.0031918410677462,-0.0204901657998561,0.0147294588387012,0.0379482842981815,0.0457557216286659,-0.0415667816996574,0.0024140565656125,-0.0551359169185161,-0.0087297083809971,-0.0529327467083931,0.0267233848571777,-0.0375215224921703,0.0263235531747341,-0.0297261625528335,-0.0204610675573349,-0.0231647342443466,-0.0076493709348142,-0.0048701176419854,0.0260895658284425,-0.0434783063828945,0.0031782898586243,0.0183428172022104,-0.0120968306437134,-0.0112569956108927,-0.0020408073905855,0.0015659015625715,-0.0032135732471942,-0.0021874904632568,0.0167057365179061,0.0021922860760241,0.0057653724215924,-0.0437256395816803,-0.0326741002500057,0.0192308034747839,-0.0026666712947189,-0.0060679842717945,0.0145573876798152,-0.0178784932941198,-0.0084919733926653,0.037082839757204,0.027466045692563,0.0077857365831732,0.018396072089672,0.0469514355063438,-0.0087496861815452,-0.019187731668353,-0.01281323377043,0.0412920340895652,-0.0308624096214771,-0.046666644513607,0.0440477207303047,-0.041095845401287,-0.0105473985895514,-0.0081521878018975,-0.0034571862779557,0.0317757166922092,0.0098294345661997,0.0046947640366852,-0.0045805852860212,0.0094787096604704,-0.0767754167318344,-0.0123652908951044,-0.0499040106530355,0.0025748289879223,-0.0115163328807124,-0.0063796091784291,1.091885026838213e-09,0.03179857863756,0.0223927988895571,0.0280528181376036,0.0022392736528298,0.2776866577510612,0.1122840762987869,-0.0157977854749757,2019-02-13,2019-02-14,2019-02-15,2019-02-19,2019-02-20,2019-02-21,2019-02-22,2019-02-25,2019-02-26,2019-02-27,81696.0,2019-02-12,252.0,0.3531%,-0.0012,1.3792,0.2931,0.5146,2.1721%,2.5718%,28.6703%,-0.014421,DISH,81696.0,2019-02-13,252.0,-7.6775%,-0.0015,1.3675,0.2804,0.4929,2.2299%,2.6141%,27.2340%,-0.081273,DISH,81696.0,2019-02-14,252.0,2.9106%,-0.0014,1.359,0.2991,0.4731,2.2403%,2.6205%,26.9140%,0.033279,DISH,81696.0,2019-02-15,252.0,4.0404%,-0.0012,1.3818,0.3221,0.5135,2.2442%,2.6320%,27.2938%,0.0219289999999999,DISH,81696.0,2019-02-19,252.0,-0.5178%,-0.0013,1.3784,0.3188,0.5101,2.2447%,2.6296%,27.1305%,-0.010378,DISH,81696.0,2019-02-20,252.0,1.6916%,-0.0013,1.3818,0.3269,0.5224,2.2460%,2.6321%,27.1860%,0.0106909999999999,DISH,81696.0,2019-02-21,252.0,0.1599%,-0.0012,1.3752,0.3155,0.5102,2.2453%,2.6280%,26.9992%,0.008043,DISH,81696.0,2019-02-22,252.0,4.8227%,-0.0009,1.3671,0.3637,0.4569,2.2567%,2.6393%,26.8918%,0.044954,DISH,81696.0,2019-02-25,252.0,-2.6508%,-0.0011,1.3694,0.3787,0.4732,2.2596%,2.6421%,26.8627%,-0.0268909999999999,DISH,81696.0,2019-02-26,252.0,-0.0939%,-0.001,1.3705,0.369,0.4691,2.2597%,2.6405%,26.7583%,0.005137,DISH,81696.0,2019-02-27,252.0,0.1253%,-0.001,1.3712,0.3679,0.4692,2.2597%,2.6395%,26.7053%,-0.0002179999999999,DISH,-0.095694,-0.062415,-0.040486,-0.040173,-0.0091479999999999
10075,DUKE ENERGY CORP NEW,"Morgan Stanley Maintains Equal-Weight on Duke Energy, Raises Price Target to $88",6,increase,0.7,0.6,"raising the price target generally indicates positive sentiment and potential for stock price appreciation, which could lead to an increase in duke energy's stock price.",2,2019-02-12,DUK,2019-02-12 13:15:00+00:00,27959.0,26441C20,0.000665467348881,2676911.0,-0.007093062158674,-0.0014396996702998,-0.0094039142131805,0.009164054878056,-0.0035299197770655,0.011530683375895,0.004913727287203,-0.0004519877547863,0.0103479195386171,0.0077431146055459,0.0083286203444004,0.0004556950880214,0.0035719091538339,0.0,-0.0047825635410845,0.0201045405119657,-0.0067054769024252,0.0049048908986151,0.0045004673302173,-0.0002335583412786,0.0042563271708786,-0.0023296091239899,-0.0014499763492494,-0.0098039042204618,0.0039092870429158,0.0066178999841213,-0.0038940641097724,0.0060740173794329,0.0004467878607101,0.0001168473900179,0.0001116683706641,-0.0004670821654144,0.0069211330264806,0.0043391901999711,0.0017738766036927,0.0015268645947799,0.0016600434901192,0.0176906008273363,0.0005523745785467,-0.0112279513850808,-0.0022084468510001,-0.0077400733716785,0.0032093948684632,0.0054238778539001,-0.0065085929818451,-0.0147537663578987,-0.0104374289512634,0.0125867510214448,0.0029173530638217,-0.0042169452644884,0.0059298099949955,0.0082674454897642,0.0087864892557263,-0.0003541768528521,0.0007717717671766,-0.018540047109127,0.0083728339523077,0.0020901102107018,-0.0114715984091162,0.0018613734282553,-0.0121574494987726,0.008328435011208,0.0069367056712508,0.0159694459289312,-0.0080000134184956,-0.0428880415856838,-0.0016801246674731,-0.0053324396722018,-0.0031414651311933,0.010432144626975,0.0056274621747434,-0.0049053193069994,0.0132064949721097,-0.0048812883906066,-0.0046393261291086,-0.0293113347142934,0.0015536498976871,-0.0016501818317919,-0.0034348759800195,0.0145089626312255,0.0035579239483922,-0.0131071973592042,0.0021049724891781,0.0030935672111809,-0.0001104975890484,0.0057784672826528,-0.0149270901456475,0.001781097962521,-0.0003367244498804,-0.0024431005585938,0.0008982914150692,0.0047980393283069,-0.0045994617976248,0.0118550639599561,0.003155626822263,0.0110730733722448,0.0075272233225405,0.0,0.0085860462859272,-0.0026187333278357,-0.0014372278237715,0.0097723435610532,-0.0081930672749876,0.0026513354387134,0.0171913467347621,0.0034702494740486,-0.0077919126488268,-0.0233845431357622,-0.0066365012899041,0.0100410459563136,0.003897184273228,0.0110752088949084,-0.0075421505607664,0.0062688752077519,-0.0024586634244769,0.0074924929067492,-0.0163566991686821,0.0008106508175842,-0.0110478494316339,0.005004659295082,-0.007093062158674,-0.0014396996702998,-0.0164302738238055,0.0077111617209695,-0.0199021960523578,0.0193307600611294,-0.0048944546232132,0.0267592624889723,-7.852051396117776e-05,0.0527728727689096,0.0133613357795283,0.04897625785868,-0.0275180870039783,0.0607645762049331,2019-02-13,2019-02-14,2019-02-15,2019-02-19,2019-02-20,2019-02-21,2019-02-22,2019-02-25,2019-02-26,2019-02-27,27959.0,2019-02-12,252.0,0.0665%,0.0008,0.0745,-0.5449,-0.1528,1.0043%,1.0457%,7.7598%,-0.000743,DUK,27959.0,2019-02-13,252.0,-0.7093%,0.0007,0.0712,-0.5425,-0.1543,1.0051%,1.0455%,7.5915%,-0.0069679999999999,DUK,27959.0,2019-02-14,252.0,-0.9404%,0.0007,0.073,-0.5471,-0.149,1.0063%,1.0474%,7.7036%,-0.007428,DUK,27959.0,2019-02-15,252.0,-0.3530%,0.0008,0.088,-0.5339,-0.1251,0.9979%,1.0389%,7.7294%,-0.002372,DUK,27959.0,2019-02-19,252.0,0.4914%,0.0007,0.0836,-0.5224,-0.1118,0.9921%,1.0311%,7.4182%,0.00657,DUK,27959.0,2019-02-20,252.0,1.0348%,0.0008,0.0859,-0.5206,-0.1043,0.9934%,1.0322%,7.3836%,0.011853,DUK,27959.0,2019-02-21,252.0,0.8329%,0.0008,0.0786,-0.5339,-0.1177,0.9894%,1.0295%,7.6281%,0.007942,DUK,27959.0,2019-02-22,252.0,0.3572%,0.0009,0.0781,-0.5321,-0.1223,0.9896%,1.0290%,7.5033%,0.004167,DUK,27959.0,2019-02-25,252.0,-0.4783%,0.0008,0.0783,-0.5282,-0.1194,0.9907%,1.0296%,7.4072%,-0.006603,DUK,27959.0,2019-02-26,252.0,-0.6705%,0.0007,0.0698,-0.5042,-0.1137,0.9866%,1.0218%,6.7717%,-0.010454,DUK,27959.0,2019-02-27,252.0,0.4500%,0.0007,0.0677,-0.4993,-0.114,0.9865%,1.0207%,6.5904%,0.005159,DUK,-0.0077109999999999,-0.015139,-0.017511,0.000912,0.0011229999999999
10083,ELECTRONIC ARTS INC,"EA Issues Press Release Highlighting Collobartion With Director Neill Blomkamp For 'Conviction,' An Original Live-Action Short-Film Based On BioWare's 'Anthem'",6,increase,0.7,0.5,"the collaboration with a well-known director for a live-action short film based on a popular game franchise could generate positive publicity and interest, potentially boosting ea's stock price.",2,2019-02-12,EA,2019-02-12 14:12:00+00:00,75828.0,28551210,0.0523447543382644,31161672.0,-0.0007818022859282,-0.0036885309964418,0.0293398536741733,0.1605231910943985,0.0151068540289998,0.0484976880252361,-0.0363159626722335,-0.1330522894859314,-0.0420551858842372,0.0462512299418449,-0.0179458241909742,-0.0305854082107543,-0.0097047537565231,-0.011058073490858,-0.0006254957988858,0.0337329879403114,0.0275401566177606,0.0228107012808322,-0.0067005446180701,-0.0357024781405925,-0.0210547596216201,-0.0138434348627924,0.0170182175934314,0.0028420910239219,-0.0012319345260038,0.0263660512864589,-0.0161373186856508,-0.0238747168332338,-0.0099248280748724,-0.013078243471682,0.0484330914914608,0.0359422154724597,-0.0100644119083881,-0.0067838146351277,0.0069133825600147,0.0048050098121166,-0.0045436648651957,0.0102731548249721,0.0156202549114823,-0.0233737062662839,-0.0129830762743949,-0.0034062759950757,0.0015177731402218,0.0236193723976612,0.0068700774572789,-0.001235598581843,-0.0215733647346496,0.016326067969203,-0.0049226065166294,0.0375503227114677,0.0809027999639511,0.0725447759032249,-0.0242181625217199,-0.0206545181572437,-0.0059604551643133,0.0185020789504051,0.0057996297255158,-0.0049180248752236,-0.0161258950829505,-0.0016366266645491,0.0151981599628925,0.019771484658122,-0.0055772964842617,0.0424250289797782,0.0102332085371017,-0.0241608787328004,-0.0178241152316331,-0.0112345395609736,-0.0068424716591835,-0.0117406602948904,-0.0220668893307447,-0.0204999931156635,0.0152133740484714,0.0097184982150793,-0.0148848770186305,-0.0116018000990152,0.0030628184322267,-0.0086569003760814,0.0140457740053534,-0.0256657097488641,0.0095353266224265,-0.0053931516595184,0.0124279176816344,-0.0034635243937373,-0.0390847809612751,0.0146631943061947,-0.0410832576453685,-0.016213646158576,-0.0200362876057624,0.0332593843340873,0.0129418428987264,-0.0335714258253574,-0.0066566755995154,-0.0008326358511112,0.0228058863431215,-0.0268549565225839,-0.0050723422318696,0.0057042823173105,-0.0124269584193825,0.0101128946989774,0.0160249285399913,0.0012951914686709,0.0027522190939635,0.0273376330733299,-0.0008445247076451,-0.0160675849765539,0.002218690700829,0.0120452903211116,-0.0048492420464754,-0.0002408992295386,-0.0201271343976259,-0.0340816602110862,0.0136216450482606,-0.0258356798440218,-0.0109854815527796,0.0290344897657632,0.0124015295878052,-0.0186519883573055,-0.0059650358743965,-0.0030801307875663,-0.0007818022859282,-0.0036885309964418,0.0285351134235738,0.1562425653319572,0.0440730432457645,0.2123176565469251,-0.0361575741317461,0.0996268002228266,-0.0438777031402793,0.0748314045065294,-0.0162220624135162,0.2242225654797351,-0.0880484898156231,0.1092858136115353,2019-02-13,2019-02-14,2019-02-15,2019-02-19,2019-02-20,2019-02-21,2019-02-22,2019-02-25,2019-02-26,2019-02-27,75828.0,2019-02-12,252.0,5.2345%,-0.001,0.9868,0.1905,-0.7837,2.0420%,2.4426%,30.1133%,0.037536,EA,75828.0,2019-02-13,252.0,-0.0782%,-0.001,0.9869,0.1896,-0.7843,2.0420%,2.4412%,30.0255%,-0.003211,EA,75828.0,2019-02-14,252.0,2.9340%,-0.0009,0.9808,0.2043,-0.8008,2.0488%,2.4483%,29.9706%,0.025777,EA,75828.0,2019-02-15,252.0,1.5107%,-0.0009,0.985,0.209,-0.7928,2.0495%,2.4490%,29.9654%,0.007257,EA,75828.0,2019-02-19,252.0,-3.6316%,-0.0011,0.9758,0.1899,-0.8136,2.0613%,2.4554%,29.5273%,-0.036515,EA,75828.0,2019-02-20,252.0,-4.2055%,-0.0012,0.9652,0.1674,-0.8509,2.0756%,2.4693%,29.3421%,-0.039952,EA,75828.0,2019-02-21,252.0,-1.7946%,-0.0013,0.9717,0.1773,-0.8389,2.0771%,2.4716%,29.3731%,-0.016314,EA,75828.0,2019-02-22,252.0,-0.9705%,-0.0014,0.9755,0.1784,-0.7926,2.0842%,2.4713%,28.8754%,-0.029428,EA,75828.0,2019-02-25,252.0,-0.0625%,-0.0014,0.975,0.1787,-0.7943,2.0840%,2.4713%,28.8850%,-0.003152,EA,75828.0,2019-02-26,252.0,2.7540%,-0.0013,0.9656,0.1476,-0.8171,2.0916%,2.4743%,28.5401%,0.027523,EA,75828.0,2019-02-27,252.0,-0.6701%,-0.0013,0.9644,0.1474,-0.8173,2.0921%,2.4733%,28.4514%,-0.008931,EA,0.034325,0.060102,0.067359,-0.0091079999999999,-0.03941
10091,ELLINGTON RESIDENTIAL MTG REIT,"Elli Mae Shares Halted, News Pending",6,uncertain,0.5,0.5,"the halt in trading for elli mae shares due to pending news creates uncertainty around the potential impact on ellington residential mtg reit's stock price, as the nature of the news could be either positive or negative.",1,2019-02-12,EARN,2019-02-12 12:55:00+00:00,13894.0,28857810,-0.0283505078405141,153259.0,-0.007073463872075,-0.0025706712622195,0.0017809846904128,0.0025772964581847,-0.0008889092132449,-0.0093616731464862,0.0088968314230442,-0.0033927024342119,0.0017636247212067,0.0008489158935844,0.0158450976014137,-0.0008481958648189,0.0077989734709262,0.0111492378637194,0.0017196477856487,0.0060396627523005,0.0111588081344962,0.0095819346606731,-0.0016977507621049,0.0017451574094593,0.0,0.0096915997564792,0.0,-0.0026361802592873,0.0017006380949169,0.0124555472284555,0.0050934143364429,0.0053666783496737,-0.0126689672470092,-0.0026761582121253,0.0008554516243748,-0.0017808998236432,0.0094017619267106,0.0044722035527229,0.0008466786239296,0.0154405152425169,0.0008460430544801,0.0045620612800121,0.0109890205785632,-0.003636360168457,-0.004180618096143,0.0101009784266352,0.0058773881755769,0.0009191386634483,0.0075125340372323,0.015873022377491,-0.0066279973834753,-0.0165289528667926,-0.0066722207702696,0.0187091454863548,0.0033585191704332,0.0142314629629254,0.0008368392591364,0.019342340528965,0.0033444783184677,0.0107527486979961,0.004166682716459,-0.0201149471104145,0.0024896042887121,0.0218008905649185,0.008278165012598,0.0018993787234649,0.0050675221718847,0.0333660617470741,0.0025210662279278,-0.0211335513740778,-0.0100586656481027,0.0077444263733923,0.0008466786239296,-0.0309568420052528,-0.0093062315136194,-0.0055970540270209,0.0068317609839141,0.0103676356375217,0.0042408984154462,-0.0484304912388324,0.0,0.0081373592838644,0.0109797390177846,0.003629760351032,-0.0033416843507438,-0.0230495817959308,-0.0100586656481027,-0.0070422468706965,0.0016934380400925,-0.0104529522359371,-0.007607789710164,0.0043743862770497,0.004258960019797,0.008826158940792,0.0059372088871896,0.0,0.0042158677242696,-0.0008818543865345,-0.0058773881755769,0.0017668249784037,0.0076013640500605,0.003546095918864,-0.0134115545079112,0.0071428506635129,0.0144434254616498,0.0090089570730924,-0.0192629434168338,-0.0115760611370205,0.0093936510384082,0.0089846746996045,-0.0135363666340708,0.0145852183923125,-0.0034305285662412,0.0091996667906641,0.0077452799305319,-0.0109190074726939,0.003415880491957,0.0194805227220058,-0.0144680915400385,-0.0046168230473995,-0.0129533354192972,0.0046382369473576,0.0017497378867119,0.0018586899386718,-0.007073463872075,-0.0025706712622195,-0.0053050769125265,-1.8597412498877475e-10,-0.0061892703940269,-0.0093616733307193,0.004420798862651,-0.0118844989290155,0.0397877796704702,0.0157068315448638,0.0680812964849735,0.1392493467818387,0.0414500461137832,0.1170149208471142,2019-02-13,2019-02-14,2019-02-15,2019-02-19,2019-02-20,2019-02-21,2019-02-22,2019-02-25,2019-02-26,2019-02-27,13894.0,2019-02-12,252.0,-2.8351%,0.0007,0.3338,0.2232,0.1968,1.0442%,1.0981%,9.5607%,-0.033058,EARN,13894.0,2019-02-13,252.0,-0.7073%,0.0007,0.3311,0.224,0.1948,1.0457%,1.0986%,9.4015%,-0.00838,EARN,13894.0,2019-02-14,252.0,0.1781%,0.0007,0.3305,0.2248,0.1942,1.0455%,1.0983%,9.3828%,0.002341,EARN,13894.0,2019-02-15,252.0,-0.0889%,0.0007,0.3343,0.2275,0.1994,1.0445%,1.0981%,9.5323%,-0.006218,EARN,13894.0,2019-02-19,252.0,0.8897%,0.0006,0.3278,0.2422,0.2166,1.0335%,1.0859%,9.4255%,0.006904,EARN,13894.0,2019-02-20,252.0,0.1764%,0.0006,0.3268,0.2368,0.2121,1.0325%,1.0846%,9.3773%,-0.000683,EARN,13894.0,2019-02-21,252.0,1.5845%,0.0007,0.3125,0.2115,0.1858,1.0220%,1.0699%,8.7481%,0.017608,EARN,13894.0,2019-02-22,252.0,0.7799%,0.0008,0.3117,0.21,0.1745,1.0227%,1.0706%,8.7481%,0.007235,EARN,13894.0,2019-02-25,252.0,0.1720%,0.0008,0.311,0.2087,0.1714,1.0221%,1.0699%,8.7329%,0.002012,EARN,13894.0,2019-02-26,252.0,1.1159%,0.0008,0.3028,0.1991,0.1603,1.0235%,1.0687%,8.2769%,0.013458,EARN,13894.0,2019-02-27,252.0,-0.1698%,0.0007,0.2964,0.2095,0.1592,1.0197%,1.0637%,8.1041%,-0.0022559999999999,EARN,-0.041438,-0.039097,-0.045315,-0.039094,-0.001037
10099,ELECTROMED INC,"Electromed Q2 EPS $0.04 Down From $0.05 YoY, Sales $8.01M Up From $6.963M YoY",6,uncertain,0.6,0.3,"while sales increased significantly, the decrease in eps may raise concerns among investors, leading to uncertainty about the overall impact on the stock price.",1,2019-02-12,ELMD,2019-02-12 21:31:00+00:00,12078.0,28540910,0.0322033986449241,19421.0,-0.0870279446244239,0.0535714626312255,0.0521582663059234,-0.0344828069210052,-0.017094001173973,-0.0317194648087024,-0.0104347728192806,0.0274442285299301,-0.0246045459061861,-0.0363636799156665,0.0252251997590065,0.0726950913667678,-0.0070298700593411,-0.0079330550506711,0.0353981964290142,0.0151964602991938,-0.0341880023479461,0.0049710078164935,-0.0362831726670265,0.0168430544435977,-0.0339761115610599,0.0359168350696563,0.0190113876014947,-0.0075046834535896,0.016790984198451,0.0289575476199388,-0.0275228675454855,0.0359999649226665,0.0641508772969245,0.0,-0.0230495817959308,-0.0157480165362358,0.0163338780403137,0.0159999839961528,-0.0321428254246711,-0.0020159054547548,0.035055361688137,0.0040280795656144,-0.0017825718969106,-0.0477099269628524,-0.0214285515248775,0.0335304923355579,-0.0328466854989528,-0.0039292690344154,-0.0094339977949857,0.0159680470824241,0.0457142405211925,0.0224490072578191,-0.0437158085405826,0.0,0.0095238462090492,-0.0121167069301009,0.0056603266857564,-0.0387402474880218,-0.0018761261599138,0.0137523952871561,0.003759394865483,0.003944769501686,-0.0168539602309465,0.0019763298332691,-0.0142856780439615,-0.009784772992134,-0.0048309359699487,0.0220000259578228,0.0369125641882419,-0.0099010271951556,0.0299432966858148,-0.0288460813462734,-0.0090909441933035,-0.0298508051782846,0.0007706388714723,0.0229008328169584,0.0083972373977303,-0.009451831690967,0.0,0.0037950628902763,-0.0363636016845703,-0.0689045712351799,0.0207546520978212,0.0290908813476562,0.0073937084525823,0.035781554877758,0.0091743469238281,-0.0651408284902572,0.0272727441042661,0.0035335656721144,0.0141592780128121,0.0366300009191036,-0.0052356384694576,-0.0602409467101097,-0.0070175374858081,0.0192982703447341,0.0070495237596333,0.0,-0.0245443265885114,-0.0104167386889457,0.0179855953902006,0.045353140681982,0.0159010868519544,-0.0080827977508306,-0.0086956853047013,-0.008035727776587,-0.0350876860320568,-0.0311419200152158,0.0363636016845703,-0.0051634651608765,0.066666692495346,-0.0316666774451732,-0.0082236370071768,0.0380622446537017,-0.0298507958650589,-0.0252950452268123,0.0017094408394768,0.0136752007529139,-0.0127645069733262,-0.026622349396348,-0.0752264782786369,-0.069659411907196,0.0468785315752029,-0.007680520415306,-0.0870279446244239,0.0535714626312255,-0.0394089050302783,0.0172413613078319,-0.0558292503353988,-0.0150249902541284,-0.0886699410779757,-0.0247934055747874,-0.1059113239192304,0.0766423441389763,-0.1379310587427861,0.1660079282997917,-0.0803284253784735,-0.0937020217164052,2019-02-13,2019-02-14,2019-02-15,2019-02-19,2019-02-20,2019-02-21,2019-02-22,2019-02-25,2019-02-26,2019-02-27,12078.0,2019-02-12,252.0,3.2203%,0.0004,0.003,0.1142,-0.4428,2.8695%,2.8846%,1.0465%,0.031401,ELMD,12078.0,2019-02-13,252.0,-8.7028%,0.0001,-0.0056,0.0933,-0.4677,2.9210%,2.9365%,1.0534%,-0.086895,ELMD,12078.0,2019-02-14,252.0,5.2158%,0.0002,-0.0169,0.1199,-0.4969,2.9370%,2.9546%,1.1855%,0.048848,ELMD,12078.0,2019-02-15,252.0,-1.7094%,0.0,-0.0596,0.0799,-0.5685,2.9277%,2.9476%,1.3450%,-0.014917,ELMD,12078.0,2019-02-19,252.0,-1.0435%,-0.0,-0.0627,0.0761,-0.5724,2.9281%,2.9481%,1.3491%,-0.008948,ELMD,12078.0,2019-02-20,252.0,-2.4605%,-0.0003,-0.072,0.0405,-0.6093,2.9230%,2.9445%,1.4576%,-0.021604,ELMD,12078.0,2019-02-21,252.0,2.5225%,-0.0001,-0.0869,0.0152,-0.6369,2.9220%,2.9446%,1.5289%,0.0234859999999999,ELMD,12078.0,2019-02-22,252.0,-0.7030%,-0.0,-0.0858,0.0423,-0.5986,2.9202%,2.9412%,1.4199%,-0.016011,ELMD,12078.0,2019-02-25,252.0,3.5398%,0.0001,-0.0873,0.0238,-0.6137,2.9274%,2.9489%,1.4524%,0.034459,ELMD,12078.0,2019-02-26,252.0,-3.4188%,-0.0,-0.0842,0.0715,-0.5872,2.9359%,2.9567%,1.4005%,-0.0363,ELMD,12078.0,2019-02-27,252.0,-3.6283%,-0.0002,-0.0908,0.0723,-0.5884,2.9440%,2.9647%,1.3903%,-0.037148,ELMD,-0.055494,-0.0066459999999999,-0.021563,-0.052115,-0.083629
10107,E V I INDUSTRIES INC,"EnviroStar, Inc. Common Stock Q2 EPS $0.10 Down From $0.13 YoY, Sales $60.841M Up From $36.135M YoY",6,uncertain,0.6,0.3,"while sales have increased significantly, the decrease in eps may raise concerns among investors, leading to uncertainty in the stock price movement.",1,2019-02-12,EVI,2019-02-12 14:04:00+00:00,87437.0,26929N10,-0.0519205071032047,41297.0,0.0645430982112884,0.0134228188544511,-0.0320209302008152,-0.0066666668280959,0.0168112497776746,-0.0092469882220029,0.0098666381090879,0.023249439895153,0.0433060303330421,0.0275000464171171,0.0053151836618781,0.0244735516607761,0.0211480390280485,0.0068767294287681,-0.0029586474411189,0.0325444489717483,0.0019782846793532,-0.0287356320768594,-0.0202369131147861,0.0539066866040229,0.0201511140912771,0.0216584391891956,-0.0320987477898597,0.0179527457803487,-0.0051020602695643,0.0009457971900701,0.0084615852683782,-0.0037688706070184,-0.0254258830100297,0.0069575998932123,-0.0052178646437823,-0.009398472495377,0.0346184000372886,-0.0485841780900955,-0.0038023199886083,-0.0675375312566757,0.0020356699824333,0.0999694466590881,-0.0421533733606338,-0.0581629872322082,0.0116648627445101,0.012241275049746,-0.0330188237130641,-0.0255608558654785,-0.0238482672721147,-0.0014180159196257,0.000832836725749,-0.0095505667850375,0.0149792209267616,-0.0192837677896022,0.0103853801265358,0.0356633402407169,-0.0248850956559181,-0.0076444069854915,0.0055478713475167,0.0590705052018165,0.0,-0.0242832601070404,0.0319999940693378,-0.0633050501346588,0.0344827845692634,-0.0397367961704731,-0.0147286737337708,-0.0193548388779163,0.0215053670108318,0.0210083536803722,0.0012836774112656,-0.0678089782595634,-0.0099999839439988,0.070212222635746,0.0075110308825969,0.0386394076049327,0.0025706547312438,0.0163163766264915,-0.0025640635285526,-0.0030328263528645,-0.0033419297542423,0.0365818440914154,0.0180552173405885,-0.0458139218389987,-0.0207752641290426,0.0038324499037116,-0.0126779209822416,0.0035713529214262,-0.0041928682476282,0.0705882832407951,-0.0434210933744907,-0.0661906003952026,0.0261348225176334,-0.006819421891123,0.0174263138324022,0.025167828425765,-0.0313571132719516,0.0101694008335471,0.0103373527526855,0.0399530120193958,-0.0037695043720304,-0.0274285450577735,-0.0108108520507812,0.0538994558155536,0.0306011699140071,-0.0334691926836967,-0.020148517563939,-0.0455555394291877,-0.0124458633363246,0.0428736843168735,-0.0005479577230289,0.020094571635127,-0.0035636257380247,0.0014797050971537,0.0176066905260086,0.2063549011945724,-0.0118951722979545,0.0294009987264871,0.0123119223862886,-0.0538943372666835,-0.0135135138407349,-0.1580796092748642,0.0002739266201388,0.0197014883160591,0.0645430982112884,0.0134228188544511,0.0304554379677051,0.0066666665651586,0.0477786817201433,-0.0026419682440523,0.1039395702038556,0.0486111110426641,0.1092483823123764,0.1432465049312037,0.0452639968922563,0.0345299633901288,0.0201172649000525,0.1306461538941554,2019-02-13,2019-02-14,2019-02-15,2019-02-19,2019-02-20,2019-02-21,2019-02-22,2019-02-25,2019-02-26,2019-02-27,87437.0,2019-02-12,252.0,-5.1921%,0.0004,0.483,0.5775,-0.0729,3.3606%,3.4198%,3.4358%,-0.0593459999999999,EVI,87437.0,2019-02-13,252.0,6.4543%,0.0004,0.4685,0.6273,-0.0489,3.3676%,3.4255%,3.3521%,0.0627949999999999,EVI,87437.0,2019-02-14,252.0,-3.2021%,0.0002,0.476,0.6078,-0.0262,3.3739%,3.4305%,3.2740%,-0.034683,EVI,87437.0,2019-02-15,252.0,1.6811%,0.0005,0.5293,0.6568,0.0619,3.3550%,3.4186%,3.6885%,0.009939,EVI,87437.0,2019-02-19,252.0,0.9867%,0.0005,0.5233,0.6709,0.0783,3.3519%,3.4144%,3.6272%,0.006671,EVI,87437.0,2019-02-20,252.0,4.3306%,0.0007,0.5355,0.7036,0.1233,3.3603%,3.4244%,3.7093%,0.040305,EVI,87437.0,2019-02-21,252.0,0.5315%,0.0008,0.5284,0.6908,0.1103,3.3592%,3.4219%,3.6269%,0.007973,EVI,87437.0,2019-02-22,252.0,2.1148%,0.0008,0.5262,0.6961,0.0888,3.3605%,3.4242%,3.6880%,0.015435,EVI,87437.0,2019-02-25,252.0,-0.2959%,0.0008,0.5256,0.6969,0.087,3.3603%,3.4241%,3.6907%,-0.001878,EVI,87437.0,2019-02-26,252.0,0.1978%,0.0009,0.5372,0.6765,0.0853,3.3578%,3.4226%,3.7485%,0.007466,EVI,87437.0,2019-02-27,252.0,-2.0237%,0.0009,0.5402,0.6645,0.0858,3.3606%,3.4251%,3.7305%,-0.0220029999999999,EVI,0.0034489999999999,-0.031234,-0.021295,0.0256809999999999,0.0326739999999999
10115,EDWARDS LIFESCIENCES CORP,Mid-Day Market Update: Dow Rises Over 300 Points; Bristow Group Shares Plummet,6,uncertain,0.5,0.5,"the news primarily focuses on the overall market movement and a specific company's stock decline, which does not provide direct information about edwards lifesciences corp's performance or outlook.",1,2019-02-12,EW,2019-02-12 17:08:00+00:00,87657.0,28176E10,0.0246956255286932,1350155.0,-0.0076580923050642,0.0080265514552593,-0.0006241877563297,0.0098677985370159,0.0094254128634929,-0.0019345869077369,-0.0042186970822513,0.0027629253454506,-0.0019771005026996,-0.007004827260971,-0.0155082093551755,0.0154712544754147,-0.0082212714478373,-0.0100927194580435,-0.0119992587715387,0.009956101886928,-0.0135531416162848,0.0157717950642108,0.0027359272353351,-0.0131876040250062,0.0041520670056343,-0.0134786861017346,0.0261091236025095,0.0085106529295444,-0.0143918022513389,0.0091250594705343,0.008001840673387,-0.0036840878892689,-0.0055626765824854,-0.000712608336471,-0.0038456381298601,0.0584501475095748,-0.0099439173936843,0.0157686490565538,0.0254047214984893,-0.0336232781410217,0.0108320172876119,0.0842865109443664,0.0140788936987519,-0.0216622874140739,0.000618293590378,-0.014892641454935,0.0097179850563406,0.0049238386563956,0.061974961310625,0.0114016477018594,-0.0080150812864303,0.0191665217280387,-0.0023764097131788,0.0068585546687245,0.0171509720385074,0.0352220349013805,-0.0164454262703657,-0.0373894497752189,0.0021693655289709,-0.0256577190011739,0.0046462770551443,0.0183498077094554,-0.0143472552299499,0.0026665499899536,0.0064515671692788,0.0136494962498545,0.0136152114719152,0.0576758682727813,-0.0069513502530753,-0.0297483410686254,0.0,-0.0291503090411424,0.0037368773482739,-0.0332574099302291,-0.0073934434913098,-0.0154428025707602,-0.0052298228256404,0.0067087681964039,0.0011682928306981,-0.0319115743041038,0.0075850416906178,-0.0232401937246322,-0.0059486464597284,0.00490378215909,0.0081025194376707,-0.000306410016492,0.007091857958585,0.0078434059396386,-0.0129362624138593,0.0299598705023527,0.0061301258392632,-0.0374701209366321,-0.0677556246519088,0.038004420697689,-0.0012959095183759,-0.0372613556683063,0.005697900429368,0.0088266646489501,0.0152016123756766,-0.004852632060647,-0.0179577860981226,0.0108661903068423,-0.0028694903012365,0.042259894311428,-0.0062070088461041,0.0122503144666552,-0.0101634869351983,0.0300269704312086,0.0099811013787984,-0.0001349633821519,-0.0038621451240032,-0.0091583337634801,0.0186441894620657,-0.0019349381327629,0.0159520357847213,-0.0374414063990116,0.0081538818776607,0.0169149134308099,-0.0254658926278352,0.0300706457346677,-0.0031402318272739,0.0027657069731503,0.0200820825994014,0.0029770124237984,-0.0076580923050642,0.0080265514552593,-0.0082774999739403,0.0179735543849828,0.0010698940348206,0.0160041960742471,-0.0051241826851259,0.0116747423717167,-0.0506785300767406,0.0295235923914967,0.0560842752956958,0.1553230065869648,0.0211160527130997,0.1725980734417989,2019-02-13,2019-02-14,2019-02-15,2019-02-19,2019-02-20,2019-02-21,2019-02-22,2019-02-25,2019-02-26,2019-02-27,87657.0,2019-02-12,252.0,2.4696%,0.0007,1.0044,0.012,-1.1151,1.3114%,1.9822%,56.2311%,0.009041,EW,87657.0,2019-02-13,252.0,-0.7658%,0.0007,1.0087,0.0005,-1.1197,1.3106%,1.9830%,56.3168%,-0.009797,EW,87657.0,2019-02-14,252.0,-0.0624%,0.0007,1.0103,-0.0025,-1.1167,1.3110%,1.9830%,56.2915%,-0.005103,EW,87657.0,2019-02-15,252.0,0.9425%,0.0007,1.0022,-0.0095,-1.1294,1.3090%,1.9792%,56.2578%,0.003276,EW,87657.0,2019-02-19,252.0,-0.4219%,0.0006,0.997,-0.0053,-1.1242,1.3060%,1.9685%,55.9838%,-0.002807,EW,87657.0,2019-02-20,252.0,-0.1977%,0.0006,0.998,-0.0007,-1.1201,1.3056%,1.9680%,55.9914%,0.002223,EW,87657.0,2019-02-21,252.0,-1.5508%,0.0006,1.0038,0.0079,-1.1092,1.3084%,1.9708%,55.9279%,-0.014492,EW,87657.0,2019-02-22,252.0,-0.8221%,0.0004,1.0087,-0.0069,-1.0642,1.3227%,1.9717%,54.9946%,-0.031196,EW,87657.0,2019-02-25,252.0,-1.1999%,0.0004,1.0077,-0.0,-1.0643,1.3253%,1.9731%,54.8883%,-0.0155459999999999,EW,87657.0,2019-02-26,252.0,-1.3553%,0.0004,1.0127,0.0173,-1.0518,1.3289%,1.9734%,54.6527%,-0.0155529999999999,EW,87657.0,2019-02-27,252.0,0.2736%,0.0004,1.0147,0.0139,-1.0515,1.3286%,1.9730%,54.6521%,0.000429,EW,-0.0007559999999999,-0.005859,-0.002583,-0.0031669999999999,-0.079525
10123,EDWARDS LIFESCIENCES CORP,CAS Medical Surges As Edwards Lifesciences Agrees To Buy Medtech Company In $100M Deal,6,decrease,0.7,0.5,"the acquisition of cas medical for $100m may raise concerns about edwards lifesciences' financial commitments and impact on short-term profitability, leading to a potential decrease in stock price.",0,2019-02-12,EW,2019-02-12 15:50:00+00:00,87657.0,28176E10,0.0246956255286932,1350155.0,-0.0076580923050642,0.0080265514552593,-0.0006241877563297,0.0098677985370159,0.0094254128634929,-0.0019345869077369,-0.0042186970822513,0.0027629253454506,-0.0019771005026996,-0.007004827260971,-0.0155082093551755,0.0154712544754147,-0.0082212714478373,-0.0100927194580435,-0.0119992587715387,0.009956101886928,-0.0135531416162848,0.0157717950642108,0.0027359272353351,-0.0131876040250062,0.0041520670056343,-0.0134786861017346,0.0261091236025095,0.0085106529295444,-0.0143918022513389,0.0091250594705343,0.008001840673387,-0.0036840878892689,-0.0055626765824854,-0.000712608336471,-0.0038456381298601,0.0584501475095748,-0.0099439173936843,0.0157686490565538,0.0254047214984893,-0.0336232781410217,0.0108320172876119,0.0842865109443664,0.0140788936987519,-0.0216622874140739,0.000618293590378,-0.014892641454935,0.0097179850563406,0.0049238386563956,0.061974961310625,0.0114016477018594,-0.0080150812864303,0.0191665217280387,-0.0023764097131788,0.0068585546687245,0.0171509720385074,0.0352220349013805,-0.0164454262703657,-0.0373894497752189,0.0021693655289709,-0.0256577190011739,0.0046462770551443,0.0183498077094554,-0.0143472552299499,0.0026665499899536,0.0064515671692788,0.0136494962498545,0.0136152114719152,0.0576758682727813,-0.0069513502530753,-0.0297483410686254,0.0,-0.0291503090411424,0.0037368773482739,-0.0332574099302291,-0.0073934434913098,-0.0154428025707602,-0.0052298228256404,0.0067087681964039,0.0011682928306981,-0.0319115743041038,0.0075850416906178,-0.0232401937246322,-0.0059486464597284,0.00490378215909,0.0081025194376707,-0.000306410016492,0.007091857958585,0.0078434059396386,-0.0129362624138593,0.0299598705023527,0.0061301258392632,-0.0374701209366321,-0.0677556246519088,0.038004420697689,-0.0012959095183759,-0.0372613556683063,0.005697900429368,0.0088266646489501,0.0152016123756766,-0.004852632060647,-0.0179577860981226,0.0108661903068423,-0.0028694903012365,0.042259894311428,-0.0062070088461041,0.0122503144666552,-0.0101634869351983,0.0300269704312086,0.0099811013787984,-0.0001349633821519,-0.0038621451240032,-0.0091583337634801,0.0186441894620657,-0.0019349381327629,0.0159520357847213,-0.0374414063990116,0.0081538818776607,0.0169149134308099,-0.0254658926278352,0.0300706457346677,-0.0031402318272739,0.0027657069731503,0.0200820825994014,0.0029770124237984,-0.0076580923050642,0.0080265514552593,-0.0082774999739403,0.0179735543849828,0.0010698940348206,0.0160041960742471,-0.0051241826851259,0.0116747423717167,-0.0506785300767406,0.0295235923914967,0.0560842752956958,0.1553230065869648,0.0211160527130997,0.1725980734417989,2019-02-13,2019-02-14,2019-02-15,2019-02-19,2019-02-20,2019-02-21,2019-02-22,2019-02-25,2019-02-26,2019-02-27,87657.0,2019-02-12,252.0,2.4696%,0.0007,1.0044,0.012,-1.1151,1.3114%,1.9822%,56.2311%,0.009041,EW,87657.0,2019-02-13,252.0,-0.7658%,0.0007,1.0087,0.0005,-1.1197,1.3106%,1.9830%,56.3168%,-0.009797,EW,87657.0,2019-02-14,252.0,-0.0624%,0.0007,1.0103,-0.0025,-1.1167,1.3110%,1.9830%,56.2915%,-0.005103,EW,87657.0,2019-02-15,252.0,0.9425%,0.0007,1.0022,-0.0095,-1.1294,1.3090%,1.9792%,56.2578%,0.003276,EW,87657.0,2019-02-19,252.0,-0.4219%,0.0006,0.997,-0.0053,-1.1242,1.3060%,1.9685%,55.9838%,-0.002807,EW,87657.0,2019-02-20,252.0,-0.1977%,0.0006,0.998,-0.0007,-1.1201,1.3056%,1.9680%,55.9914%,0.002223,EW,87657.0,2019-02-21,252.0,-1.5508%,0.0006,1.0038,0.0079,-1.1092,1.3084%,1.9708%,55.9279%,-0.014492,EW,87657.0,2019-02-22,252.0,-0.8221%,0.0004,1.0087,-0.0069,-1.0642,1.3227%,1.9717%,54.9946%,-0.031196,EW,87657.0,2019-02-25,252.0,-1.1999%,0.0004,1.0077,-0.0,-1.0643,1.3253%,1.9731%,54.8883%,-0.0155459999999999,EW,87657.0,2019-02-26,252.0,-1.3553%,0.0004,1.0127,0.0173,-1.0518,1.3289%,1.9734%,54.6527%,-0.0155529999999999,EW,87657.0,2019-02-27,252.0,0.2736%,0.0004,1.0147,0.0139,-1.0515,1.3286%,1.9730%,54.6521%,0.000429,EW,-0.0007559999999999,-0.005859,-0.002583,-0.0031669999999999,-0.079525
10131,EDWARDS LIFESCIENCES CORP,CASMED Shares To Resume Trade At 9 a.m. EST,6,uncertain,0.3,0.2,"the news about casmed resuming trade does not directly relate to edwards lifesciences corp, making its impact on the stock price uncertain.",1,2019-02-12,EW,2019-02-12 13:58:00+00:00,87657.0,28176E10,0.0246956255286932,1350155.0,-0.0076580923050642,0.0080265514552593,-0.0006241877563297,0.0098677985370159,0.0094254128634929,-0.0019345869077369,-0.0042186970822513,0.0027629253454506,-0.0019771005026996,-0.007004827260971,-0.0155082093551755,0.0154712544754147,-0.0082212714478373,-0.0100927194580435,-0.0119992587715387,0.009956101886928,-0.0135531416162848,0.0157717950642108,0.0027359272353351,-0.0131876040250062,0.0041520670056343,-0.0134786861017346,0.0261091236025095,0.0085106529295444,-0.0143918022513389,0.0091250594705343,0.008001840673387,-0.0036840878892689,-0.0055626765824854,-0.000712608336471,-0.0038456381298601,0.0584501475095748,-0.0099439173936843,0.0157686490565538,0.0254047214984893,-0.0336232781410217,0.0108320172876119,0.0842865109443664,0.0140788936987519,-0.0216622874140739,0.000618293590378,-0.014892641454935,0.0097179850563406,0.0049238386563956,0.061974961310625,0.0114016477018594,-0.0080150812864303,0.0191665217280387,-0.0023764097131788,0.0068585546687245,0.0171509720385074,0.0352220349013805,-0.0164454262703657,-0.0373894497752189,0.0021693655289709,-0.0256577190011739,0.0046462770551443,0.0183498077094554,-0.0143472552299499,0.0026665499899536,0.0064515671692788,0.0136494962498545,0.0136152114719152,0.0576758682727813,-0.0069513502530753,-0.0297483410686254,0.0,-0.0291503090411424,0.0037368773482739,-0.0332574099302291,-0.0073934434913098,-0.0154428025707602,-0.0052298228256404,0.0067087681964039,0.0011682928306981,-0.0319115743041038,0.0075850416906178,-0.0232401937246322,-0.0059486464597284,0.00490378215909,0.0081025194376707,-0.000306410016492,0.007091857958585,0.0078434059396386,-0.0129362624138593,0.0299598705023527,0.0061301258392632,-0.0374701209366321,-0.0677556246519088,0.038004420697689,-0.0012959095183759,-0.0372613556683063,0.005697900429368,0.0088266646489501,0.0152016123756766,-0.004852632060647,-0.0179577860981226,0.0108661903068423,-0.0028694903012365,0.042259894311428,-0.0062070088461041,0.0122503144666552,-0.0101634869351983,0.0300269704312086,0.0099811013787984,-0.0001349633821519,-0.0038621451240032,-0.0091583337634801,0.0186441894620657,-0.0019349381327629,0.0159520357847213,-0.0374414063990116,0.0081538818776607,0.0169149134308099,-0.0254658926278352,0.0300706457346677,-0.0031402318272739,0.0027657069731503,0.0200820825994014,0.0029770124237984,-0.0076580923050642,0.0080265514552593,-0.0082774999739403,0.0179735543849828,0.0010698940348206,0.0160041960742471,-0.0051241826851259,0.0116747423717167,-0.0506785300767406,0.0295235923914967,0.0560842752956958,0.1553230065869648,0.0211160527130997,0.1725980734417989,2019-02-13,2019-02-14,2019-02-15,2019-02-19,2019-02-20,2019-02-21,2019-02-22,2019-02-25,2019-02-26,2019-02-27,87657.0,2019-02-12,252.0,2.4696%,0.0007,1.0044,0.012,-1.1151,1.3114%,1.9822%,56.2311%,0.009041,EW,87657.0,2019-02-13,252.0,-0.7658%,0.0007,1.0087,0.0005,-1.1197,1.3106%,1.9830%,56.3168%,-0.009797,EW,87657.0,2019-02-14,252.0,-0.0624%,0.0007,1.0103,-0.0025,-1.1167,1.3110%,1.9830%,56.2915%,-0.005103,EW,87657.0,2019-02-15,252.0,0.9425%,0.0007,1.0022,-0.0095,-1.1294,1.3090%,1.9792%,56.2578%,0.003276,EW,87657.0,2019-02-19,252.0,-0.4219%,0.0006,0.997,-0.0053,-1.1242,1.3060%,1.9685%,55.9838%,-0.002807,EW,87657.0,2019-02-20,252.0,-0.1977%,0.0006,0.998,-0.0007,-1.1201,1.3056%,1.9680%,55.9914%,0.002223,EW,87657.0,2019-02-21,252.0,-1.5508%,0.0006,1.0038,0.0079,-1.1092,1.3084%,1.9708%,55.9279%,-0.014492,EW,87657.0,2019-02-22,252.0,-0.8221%,0.0004,1.0087,-0.0069,-1.0642,1.3227%,1.9717%,54.9946%,-0.031196,EW,87657.0,2019-02-25,252.0,-1.1999%,0.0004,1.0077,-0.0,-1.0643,1.3253%,1.9731%,54.8883%,-0.0155459999999999,EW,87657.0,2019-02-26,252.0,-1.3553%,0.0004,1.0127,0.0173,-1.0518,1.3289%,1.9734%,54.6527%,-0.0155529999999999,EW,87657.0,2019-02-27,252.0,0.2736%,0.0004,1.0147,0.0139,-1.0515,1.3286%,1.9730%,54.6521%,0.000429,EW,-0.0007559999999999,-0.005859,-0.002583,-0.0031669999999999,-0.079525
10139,EDWARDS LIFESCIENCES CORP,Edwards Lifesciences To Acquire CASMED For $2.45/Share In Cash,6,increase,0.7,0.6,"the acquisition of casmed at a premium price of $2.45 per share is likely to be viewed positively by investors, suggesting growth potential for edwards lifesciences.",2,2019-02-12,EW,2019-02-12 13:32:00+00:00,87657.0,28176E10,0.0246956255286932,1350155.0,-0.0076580923050642,0.0080265514552593,-0.0006241877563297,0.0098677985370159,0.0094254128634929,-0.0019345869077369,-0.0042186970822513,0.0027629253454506,-0.0019771005026996,-0.007004827260971,-0.0155082093551755,0.0154712544754147,-0.0082212714478373,-0.0100927194580435,-0.0119992587715387,0.009956101886928,-0.0135531416162848,0.0157717950642108,0.0027359272353351,-0.0131876040250062,0.0041520670056343,-0.0134786861017346,0.0261091236025095,0.0085106529295444,-0.0143918022513389,0.0091250594705343,0.008001840673387,-0.0036840878892689,-0.0055626765824854,-0.000712608336471,-0.0038456381298601,0.0584501475095748,-0.0099439173936843,0.0157686490565538,0.0254047214984893,-0.0336232781410217,0.0108320172876119,0.0842865109443664,0.0140788936987519,-0.0216622874140739,0.000618293590378,-0.014892641454935,0.0097179850563406,0.0049238386563956,0.061974961310625,0.0114016477018594,-0.0080150812864303,0.0191665217280387,-0.0023764097131788,0.0068585546687245,0.0171509720385074,0.0352220349013805,-0.0164454262703657,-0.0373894497752189,0.0021693655289709,-0.0256577190011739,0.0046462770551443,0.0183498077094554,-0.0143472552299499,0.0026665499899536,0.0064515671692788,0.0136494962498545,0.0136152114719152,0.0576758682727813,-0.0069513502530753,-0.0297483410686254,0.0,-0.0291503090411424,0.0037368773482739,-0.0332574099302291,-0.0073934434913098,-0.0154428025707602,-0.0052298228256404,0.0067087681964039,0.0011682928306981,-0.0319115743041038,0.0075850416906178,-0.0232401937246322,-0.0059486464597284,0.00490378215909,0.0081025194376707,-0.000306410016492,0.007091857958585,0.0078434059396386,-0.0129362624138593,0.0299598705023527,0.0061301258392632,-0.0374701209366321,-0.0677556246519088,0.038004420697689,-0.0012959095183759,-0.0372613556683063,0.005697900429368,0.0088266646489501,0.0152016123756766,-0.004852632060647,-0.0179577860981226,0.0108661903068423,-0.0028694903012365,0.042259894311428,-0.0062070088461041,0.0122503144666552,-0.0101634869351983,0.0300269704312086,0.0099811013787984,-0.0001349633821519,-0.0038621451240032,-0.0091583337634801,0.0186441894620657,-0.0019349381327629,0.0159520357847213,-0.0374414063990116,0.0081538818776607,0.0169149134308099,-0.0254658926278352,0.0300706457346677,-0.0031402318272739,0.0027657069731503,0.0200820825994014,0.0029770124237984,-0.0076580923050642,0.0080265514552593,-0.0082774999739403,0.0179735543849828,0.0010698940348206,0.0160041960742471,-0.0051241826851259,0.0116747423717167,-0.0506785300767406,0.0295235923914967,0.0560842752956958,0.1553230065869648,0.0211160527130997,0.1725980734417989,2019-02-13,2019-02-14,2019-02-15,2019-02-19,2019-02-20,2019-02-21,2019-02-22,2019-02-25,2019-02-26,2019-02-27,87657.0,2019-02-12,252.0,2.4696%,0.0007,1.0044,0.012,-1.1151,1.3114%,1.9822%,56.2311%,0.009041,EW,87657.0,2019-02-13,252.0,-0.7658%,0.0007,1.0087,0.0005,-1.1197,1.3106%,1.9830%,56.3168%,-0.009797,EW,87657.0,2019-02-14,252.0,-0.0624%,0.0007,1.0103,-0.0025,-1.1167,1.3110%,1.9830%,56.2915%,-0.005103,EW,87657.0,2019-02-15,252.0,0.9425%,0.0007,1.0022,-0.0095,-1.1294,1.3090%,1.9792%,56.2578%,0.003276,EW,87657.0,2019-02-19,252.0,-0.4219%,0.0006,0.997,-0.0053,-1.1242,1.3060%,1.9685%,55.9838%,-0.002807,EW,87657.0,2019-02-20,252.0,-0.1977%,0.0006,0.998,-0.0007,-1.1201,1.3056%,1.9680%,55.9914%,0.002223,EW,87657.0,2019-02-21,252.0,-1.5508%,0.0006,1.0038,0.0079,-1.1092,1.3084%,1.9708%,55.9279%,-0.014492,EW,87657.0,2019-02-22,252.0,-0.8221%,0.0004,1.0087,-0.0069,-1.0642,1.3227%,1.9717%,54.9946%,-0.031196,EW,87657.0,2019-02-25,252.0,-1.1999%,0.0004,1.0077,-0.0,-1.0643,1.3253%,1.9731%,54.8883%,-0.0155459999999999,EW,87657.0,2019-02-26,252.0,-1.3553%,0.0004,1.0127,0.0173,-1.0518,1.3289%,1.9734%,54.6527%,-0.0155529999999999,EW,87657.0,2019-02-27,252.0,0.2736%,0.0004,1.0147,0.0139,-1.0515,1.3286%,1.9730%,54.6521%,0.000429,EW,-0.0007559999999999,-0.005859,-0.002583,-0.0031669999999999,-0.079525
10147,ISHARES TRUST,Spokesperson For UK Prime Minister May Says She Has No Plans To Resign In Summer,6,uncertain,0.6,0.2,"the news about prime minister may's plans to remain in office does not directly relate to ishares trust's performance, leading to uncertainty in its impact on stock price.",1,2019-02-12,EWU,2019-02-12 14:16:00+00:00,14907.0,46435G33,0.0073015727102756,1522100.0,0.002206104574725,-0.0059955990873277,0.0,-0.0006306701689027,0.0132076097652316,-0.0043956451117992,0.0052761686965823,-0.0037534856237471,0.0055572804994881,0.0088355559855699,-0.0064476230181753,0.0028481059707701,0.0030901876743882,0.0034931919071823,0.0006161570781841,0.0060703046619892,0.0086206523701548,0.0132728992030024,-0.0012209127889946,0.0068448199890553,-0.0045843985863029,-0.0071197189390659,0.0018422282300889,0.0068425899371504,-0.0024517874699085,-0.0042180130258202,0.0055299634113907,0.0071895201690495,0.0012221484212204,-0.011627865023911,-0.0106805702671408,0.0091264266520738,-0.0040097860619425,0.0082155764102935,0.0086713768541812,-0.0029488909058272,-0.0018422282300889,0.0049390718340873,0.013841918669641,-0.0065423245541751,0.0033373972401022,0.0003272326139267,0.0105835646390914,0.004272072110325,0.0053860056214034,0.0096217952668666,0.0020833243615925,0.0060080210678279,-0.0038609225302934,0.0,-0.0017889497103169,0.0277872886508703,-0.0155316749587655,-0.0061370716430246,-0.0015169671969488,-0.0006814465741626,0.0045579313300549,-0.0010210613254457,0.0027223275974392,0.013103418983519,-0.0063349287956953,-0.0092244772240519,0.002125066705048,0.0248599797487258,0.0133293690159916,-0.009021520614624,0.0056800781749188,-0.0082587674260139,0.0059453258290886,0.0006886553019285,-0.0035460677463561,-0.0037735404912382,0.0023724203929305,-0.0021023366134613,0.0017751886043697,-0.0092930234968662,-0.005611412692815,-0.0134250735864043,0.0032670216169208,-0.0003272773174103,-0.0011840468505397,0.0173159688711166,0.0059275915846228,0.0030060170684009,-0.0005892887129448,-0.0118811456486582,-0.0014740341575816,-0.0081833060830831,0.0017715197755023,-0.016103059053421,-0.0035366616211831,-0.0214308332651853,0.0011829960858449,0.0095449965447187,0.0002954840892925,-0.0078914137557148,-0.0079740239307284,-0.0084507185965776,-0.0035724600311368,0.0129993604496121,0.0014938522363081,-0.0078641083091497,0.0020882964599877,0.0163043551146984,0.0050609754398465,-0.012314474210143,-0.0112558435648679,0.0166934337466955,-0.0011983497533947,-0.0142405303195118,0.0158967841416597,-0.0034688964951783,-0.0082668671384453,-0.0050204503349959,-0.0196487009525299,-0.0059264046140015,0.0006073628319427,0.002188233891502,-0.0021244215313345,0.0062912502326071,0.002206104574725,-0.0059955990873277,0.002206104574725,-0.0066224880107413,0.0154428517082809,-0.0109890230154883,0.0264733742053473,-0.0059955993327937,0.0312008100648419,0.0267274989159542,0.0447526619934735,0.0862068943463452,0.0362433497805856,0.0125391068607663,2019-02-13,2019-02-14,2019-02-15,2019-02-19,2019-02-20,2019-02-21,2019-02-22,2019-02-25,2019-02-26,2019-02-27,14907.0,2019-02-12,252.0,0.7302%,-0.0002,0.6609,0.083,0.2858,0.5784%,0.8720%,56.0050%,-0.001261,EWU,14907.0,2019-02-13,252.0,0.2206%,-0.0002,0.6592,0.086,0.2864,0.5779%,0.8691%,55.7849%,5.999999999999999e-06,EWU,14907.0,2019-02-14,252.0,0.0000%,-0.0002,0.6586,0.0875,0.2848,0.5782%,0.8691%,55.7393%,0.002498,EWU,14907.0,2019-02-15,252.0,1.3208%,-0.0002,0.6568,0.0863,0.2826,0.5777%,0.8664%,55.5311%,0.0040799999999999,EWU,14907.0,2019-02-19,252.0,0.5276%,-0.0002,0.6564,0.0897,0.2865,0.5777%,0.8650%,55.4010%,0.0028299999999999,EWU,14907.0,2019-02-20,252.0,0.5557%,-0.0002,0.6573,0.0924,0.2898,0.5778%,0.8657%,55.4548%,0.002437,EWU,14907.0,2019-02-21,252.0,-0.6448%,-0.0002,0.656,0.0892,0.2876,0.5771%,0.8641%,55.3909%,-0.003384,EWU,14907.0,2019-02-22,252.0,0.3090%,-0.0002,0.6556,0.0915,0.2843,0.5773%,0.8641%,55.3695%,0.002463,EWU,14907.0,2019-02-25,252.0,0.0616%,-0.0002,0.6559,0.0917,0.2858,0.5770%,0.8641%,55.4125%,0.000283,EWU,14907.0,2019-02-26,252.0,0.8621%,-0.0001,0.654,0.0778,0.2773,0.5813%,0.8641%,54.7481%,0.0111,EWU,14907.0,2019-02-27,252.0,-0.1221%,-0.0001,0.6542,0.0771,0.2773,0.5813%,0.8632%,54.6419%,-0.001725,EWU,-0.001255,0.0012429999999999,0.005323,0.0105899999999999,0.019327
10155,ISHARES TRUST,"UK Prime Minister Theresa May Says She Will Be Speaking To EU Leaders Today, Throughout This Week",6,uncertain,0.6,0.3,"the news about uk prime minister theresa may speaking to eu leaders could indicate ongoing negotiations that may affect market sentiment, but the outcome of these discussions is unpredictable, leading to uncertainty in ishares trust's stock price.",1,2019-02-12,EWU,2019-02-12 12:40:00+00:00,14907.0,46435G33,0.0073015727102756,1522100.0,0.002206104574725,-0.0059955990873277,0.0,-0.0006306701689027,0.0132076097652316,-0.0043956451117992,0.0052761686965823,-0.0037534856237471,0.0055572804994881,0.0088355559855699,-0.0064476230181753,0.0028481059707701,0.0030901876743882,0.0034931919071823,0.0006161570781841,0.0060703046619892,0.0086206523701548,0.0132728992030024,-0.0012209127889946,0.0068448199890553,-0.0045843985863029,-0.0071197189390659,0.0018422282300889,0.0068425899371504,-0.0024517874699085,-0.0042180130258202,0.0055299634113907,0.0071895201690495,0.0012221484212204,-0.011627865023911,-0.0106805702671408,0.0091264266520738,-0.0040097860619425,0.0082155764102935,0.0086713768541812,-0.0029488909058272,-0.0018422282300889,0.0049390718340873,0.013841918669641,-0.0065423245541751,0.0033373972401022,0.0003272326139267,0.0105835646390914,0.004272072110325,0.0053860056214034,0.0096217952668666,0.0020833243615925,0.0060080210678279,-0.0038609225302934,0.0,-0.0017889497103169,0.0277872886508703,-0.0155316749587655,-0.0061370716430246,-0.0015169671969488,-0.0006814465741626,0.0045579313300549,-0.0010210613254457,0.0027223275974392,0.013103418983519,-0.0063349287956953,-0.0092244772240519,0.002125066705048,0.0248599797487258,0.0133293690159916,-0.009021520614624,0.0056800781749188,-0.0082587674260139,0.0059453258290886,0.0006886553019285,-0.0035460677463561,-0.0037735404912382,0.0023724203929305,-0.0021023366134613,0.0017751886043697,-0.0092930234968662,-0.005611412692815,-0.0134250735864043,0.0032670216169208,-0.0003272773174103,-0.0011840468505397,0.0173159688711166,0.0059275915846228,0.0030060170684009,-0.0005892887129448,-0.0118811456486582,-0.0014740341575816,-0.0081833060830831,0.0017715197755023,-0.016103059053421,-0.0035366616211831,-0.0214308332651853,0.0011829960858449,0.0095449965447187,0.0002954840892925,-0.0078914137557148,-0.0079740239307284,-0.0084507185965776,-0.0035724600311368,0.0129993604496121,0.0014938522363081,-0.0078641083091497,0.0020882964599877,0.0163043551146984,0.0050609754398465,-0.012314474210143,-0.0112558435648679,0.0166934337466955,-0.0011983497533947,-0.0142405303195118,0.0158967841416597,-0.0034688964951783,-0.0082668671384453,-0.0050204503349959,-0.0196487009525299,-0.0059264046140015,0.0006073628319427,0.002188233891502,-0.0021244215313345,0.0062912502326071,0.002206104574725,-0.0059955990873277,0.002206104574725,-0.0066224880107413,0.0154428517082809,-0.0109890230154883,0.0264733742053473,-0.0059955993327937,0.0312008100648419,0.0267274989159542,0.0447526619934735,0.0862068943463452,0.0362433497805856,0.0125391068607663,2019-02-13,2019-02-14,2019-02-15,2019-02-19,2019-02-20,2019-02-21,2019-02-22,2019-02-25,2019-02-26,2019-02-27,14907.0,2019-02-12,252.0,0.7302%,-0.0002,0.6609,0.083,0.2858,0.5784%,0.8720%,56.0050%,-0.001261,EWU,14907.0,2019-02-13,252.0,0.2206%,-0.0002,0.6592,0.086,0.2864,0.5779%,0.8691%,55.7849%,5.999999999999999e-06,EWU,14907.0,2019-02-14,252.0,0.0000%,-0.0002,0.6586,0.0875,0.2848,0.5782%,0.8691%,55.7393%,0.002498,EWU,14907.0,2019-02-15,252.0,1.3208%,-0.0002,0.6568,0.0863,0.2826,0.5777%,0.8664%,55.5311%,0.0040799999999999,EWU,14907.0,2019-02-19,252.0,0.5276%,-0.0002,0.6564,0.0897,0.2865,0.5777%,0.8650%,55.4010%,0.0028299999999999,EWU,14907.0,2019-02-20,252.0,0.5557%,-0.0002,0.6573,0.0924,0.2898,0.5778%,0.8657%,55.4548%,0.002437,EWU,14907.0,2019-02-21,252.0,-0.6448%,-0.0002,0.656,0.0892,0.2876,0.5771%,0.8641%,55.3909%,-0.003384,EWU,14907.0,2019-02-22,252.0,0.3090%,-0.0002,0.6556,0.0915,0.2843,0.5773%,0.8641%,55.3695%,0.002463,EWU,14907.0,2019-02-25,252.0,0.0616%,-0.0002,0.6559,0.0917,0.2858,0.5770%,0.8641%,55.4125%,0.000283,EWU,14907.0,2019-02-26,252.0,0.8621%,-0.0001,0.654,0.0778,0.2773,0.5813%,0.8641%,54.7481%,0.0111,EWU,14907.0,2019-02-27,252.0,-0.1221%,-0.0001,0.6542,0.0771,0.2773,0.5813%,0.8632%,54.6419%,-0.001725,EWU,-0.001255,0.0012429999999999,0.005323,0.0105899999999999,0.019327
10163,ISHARES INC,Schumer Says Border Security Deal Allows For Barriers But No Concrete Walls And Is 'The Exact Same Thing' Dems Asked For In White House Meeting,6,uncertain,0.5,0.5,"the news regarding border security deals does not directly relate to ishares inc's business operations or market performance, leading to uncertainty in its impact on stock price.",1,2019-02-12,EWW,2019-02-12 19:43:00+00:00,83223.0,46428682,0.0011381569784134,2463739.0,-0.0306957364082336,-0.0112536577507853,0.0171240791678428,-0.0126666594296693,0.0099169807508587,-0.0050851101987063,0.0038821229245513,-0.0076788566075265,-0.0011373802553862,0.01086719147861,0.0059211640618741,0.0053512081503868,0.0108671812340617,-0.0033333671744912,0.0026875459589064,0.0087424209341406,-0.0058075077831745,-0.0044633061625063,-0.0094360411167144,0.0044833165593445,-0.0120208384469151,-0.0044633061625063,-0.0061983573250472,0.0044833165593445,-0.0053129945881664,-0.0015666896943002,-0.0046446993947029,0.0076680234633386,-0.0118992561474442,-0.0161970164626836,-0.0136953489854931,-0.0004435674927663,0.0047881435602903,-0.0026542565319687,0.0114367296919226,0.0109570184722542,0.0025912981946021,0.0056217671371996,0.0025845111813396,0.0047447560355067,-0.0030465726740658,-0.0042745205573737,0.0145744923502206,0.002254843013361,0.0169137977063655,0.011171861551702,-0.0015948894433677,0.0164542067795991,0.0255590807646513,0.0117233293130993,0.0028927696403115,0.0205790996551513,-0.0392722524702549,-0.0125236008316278,0.0143186822533607,0.0276833269745111,0.0013661514967679,0.0009723120019771,-0.0111413793638348,0.0024366099387407,-0.0020694446284323,0.0009756321087479,0.0043778484687209,0.0098522547632455,0.0227116700261831,0.004453248810023,-0.0094213094562292,-0.0141463857144117,0.0015851380303502,0.0219342242926359,0.0156002407893538,0.0032507439609616,0.0249332766979932,0.017695078626275,0.0154213523492217,-0.0151477679610252,-0.0038502740208059,-0.0022299343254417,0.0008589416975155,-0.0078662661835551,-0.005792757961899,0.0149700213223695,0.0036684973165392,-0.0022403867915272,-0.0051601347513496,-0.0105911409482359,0.0079965190961956,-0.0004923795931972,0.0115780644118785,0.0183003153651952,-0.0010597548680379,-0.0167611613869667,-0.0012731036404147,0.0059508518315851,-0.0091353366151452,-0.0100638149306178,-0.0102915856987237,0.0159601811319589,0.0054159443825483,0.0445428267121315,0.00237019197084,0.0166843514889478,-0.0064488225616514,-0.04934548959136,-0.0015144892968237,-0.0158572699874639,-0.0099675599485635,0.0014888677978888,-0.0052527440711855,-0.0213696230202913,0.0121011929586529,-0.0048332712613046,-0.006521722767502,0.0283300038427114,-0.0161925964057445,-0.0117878075689077,-0.011788229458034,0.0034499601460993,-0.0065271416679024,-0.022168630734086,-0.0306957364082336,-0.0112536577507853,-0.0140972934607606,-0.0237777709303874,-0.0043201152977914,-0.0287419685436332,-0.0015916266081302,-0.0257263218497711,0.0025011501188281,-0.0152432255149476,-0.0111413793906397,0.0704190866266309,0.0036380143911263,0.0683955487222085,2019-02-13,2019-02-14,2019-02-15,2019-02-19,2019-02-20,2019-02-21,2019-02-22,2019-02-25,2019-02-26,2019-02-27,83223.0,2019-02-12,252.0,0.1138%,-0.0005,0.6146,0.1096,0.0807,1.4190%,1.5568%,16.9265%,-0.0073129999999999,EWW,83223.0,2019-02-13,252.0,-3.0696%,-0.0006,0.6105,0.1035,0.0718,1.4333%,1.5681%,16.4562%,-0.032639,EWW,83223.0,2019-02-14,252.0,1.7124%,-0.0006,0.606,0.1137,0.0608,1.4381%,1.5719%,16.2951%,0.018184,EWW,83223.0,2019-02-15,252.0,0.9917%,-0.0006,0.6031,0.1114,0.0565,1.4378%,1.5701%,16.1517%,0.002393,EWW,83223.0,2019-02-19,252.0,0.3882%,-0.0006,0.6016,0.1159,0.0617,1.4373%,1.5682%,15.9987%,0.002144,EWW,83223.0,2019-02-20,252.0,-0.1137%,-0.0006,0.6011,0.1154,0.06,1.4373%,1.5682%,15.9929%,-0.0029749999999999,EWW,83223.0,2019-02-21,252.0,0.5921%,-0.0005,0.5963,0.1075,0.0511,1.4376%,1.5669%,15.8203%,0.008264,EWW,83223.0,2019-02-22,252.0,1.0867%,-0.0005,0.5947,0.1217,0.0451,1.4372%,1.5670%,15.8774%,0.0070509999999999,EWW,83223.0,2019-02-25,252.0,0.2688%,-0.0006,0.5971,0.1228,0.0546,1.4314%,1.5618%,15.9991%,0.002093,EWW,83223.0,2019-02-26,252.0,-0.5808%,-0.0005,0.604,0.1209,0.0588,1.4301%,1.5621%,16.1910%,-0.003986,EWW,83223.0,2019-02-27,252.0,-0.9436%,-0.0005,0.6075,0.1118,0.0593,1.4304%,1.5631%,16.2570%,-0.010239,EWW,-0.039952,-0.021768,-0.019375,-0.020206,-0.017023
10171,ISHARES INC,US South Carolina Senator Lindsey Graham Says He Expects Pres Trump To Take Executive Action On Border,6,uncertain,0.5,0.5,"the news about senator graham's expectations regarding president trump's potential executive action on the border does not directly relate to ishares inc's business operations or market performance, leading to uncertainty in its impact on stock price.",1,2019-02-12,EWW,2019-02-12 19:04:00+00:00,83223.0,46428682,0.0011381569784134,2463739.0,-0.0306957364082336,-0.0112536577507853,0.0171240791678428,-0.0126666594296693,0.0099169807508587,-0.0050851101987063,0.0038821229245513,-0.0076788566075265,-0.0011373802553862,0.01086719147861,0.0059211640618741,0.0053512081503868,0.0108671812340617,-0.0033333671744912,0.0026875459589064,0.0087424209341406,-0.0058075077831745,-0.0044633061625063,-0.0094360411167144,0.0044833165593445,-0.0120208384469151,-0.0044633061625063,-0.0061983573250472,0.0044833165593445,-0.0053129945881664,-0.0015666896943002,-0.0046446993947029,0.0076680234633386,-0.0118992561474442,-0.0161970164626836,-0.0136953489854931,-0.0004435674927663,0.0047881435602903,-0.0026542565319687,0.0114367296919226,0.0109570184722542,0.0025912981946021,0.0056217671371996,0.0025845111813396,0.0047447560355067,-0.0030465726740658,-0.0042745205573737,0.0145744923502206,0.002254843013361,0.0169137977063655,0.011171861551702,-0.0015948894433677,0.0164542067795991,0.0255590807646513,0.0117233293130993,0.0028927696403115,0.0205790996551513,-0.0392722524702549,-0.0125236008316278,0.0143186822533607,0.0276833269745111,0.0013661514967679,0.0009723120019771,-0.0111413793638348,0.0024366099387407,-0.0020694446284323,0.0009756321087479,0.0043778484687209,0.0098522547632455,0.0227116700261831,0.004453248810023,-0.0094213094562292,-0.0141463857144117,0.0015851380303502,0.0219342242926359,0.0156002407893538,0.0032507439609616,0.0249332766979932,0.017695078626275,0.0154213523492217,-0.0151477679610252,-0.0038502740208059,-0.0022299343254417,0.0008589416975155,-0.0078662661835551,-0.005792757961899,0.0149700213223695,0.0036684973165392,-0.0022403867915272,-0.0051601347513496,-0.0105911409482359,0.0079965190961956,-0.0004923795931972,0.0115780644118785,0.0183003153651952,-0.0010597548680379,-0.0167611613869667,-0.0012731036404147,0.0059508518315851,-0.0091353366151452,-0.0100638149306178,-0.0102915856987237,0.0159601811319589,0.0054159443825483,0.0445428267121315,0.00237019197084,0.0166843514889478,-0.0064488225616514,-0.04934548959136,-0.0015144892968237,-0.0158572699874639,-0.0099675599485635,0.0014888677978888,-0.0052527440711855,-0.0213696230202913,0.0121011929586529,-0.0048332712613046,-0.006521722767502,0.0283300038427114,-0.0161925964057445,-0.0117878075689077,-0.011788229458034,0.0034499601460993,-0.0065271416679024,-0.022168630734086,-0.0306957364082336,-0.0112536577507853,-0.0140972934607606,-0.0237777709303874,-0.0043201152977914,-0.0287419685436332,-0.0015916266081302,-0.0257263218497711,0.0025011501188281,-0.0152432255149476,-0.0111413793906397,0.0704190866266309,0.0036380143911263,0.0683955487222085,2019-02-13,2019-02-14,2019-02-15,2019-02-19,2019-02-20,2019-02-21,2019-02-22,2019-02-25,2019-02-26,2019-02-27,83223.0,2019-02-12,252.0,0.1138%,-0.0005,0.6146,0.1096,0.0807,1.4190%,1.5568%,16.9265%,-0.0073129999999999,EWW,83223.0,2019-02-13,252.0,-3.0696%,-0.0006,0.6105,0.1035,0.0718,1.4333%,1.5681%,16.4562%,-0.032639,EWW,83223.0,2019-02-14,252.0,1.7124%,-0.0006,0.606,0.1137,0.0608,1.4381%,1.5719%,16.2951%,0.018184,EWW,83223.0,2019-02-15,252.0,0.9917%,-0.0006,0.6031,0.1114,0.0565,1.4378%,1.5701%,16.1517%,0.002393,EWW,83223.0,2019-02-19,252.0,0.3882%,-0.0006,0.6016,0.1159,0.0617,1.4373%,1.5682%,15.9987%,0.002144,EWW,83223.0,2019-02-20,252.0,-0.1137%,-0.0006,0.6011,0.1154,0.06,1.4373%,1.5682%,15.9929%,-0.0029749999999999,EWW,83223.0,2019-02-21,252.0,0.5921%,-0.0005,0.5963,0.1075,0.0511,1.4376%,1.5669%,15.8203%,0.008264,EWW,83223.0,2019-02-22,252.0,1.0867%,-0.0005,0.5947,0.1217,0.0451,1.4372%,1.5670%,15.8774%,0.0070509999999999,EWW,83223.0,2019-02-25,252.0,0.2688%,-0.0006,0.5971,0.1228,0.0546,1.4314%,1.5618%,15.9991%,0.002093,EWW,83223.0,2019-02-26,252.0,-0.5808%,-0.0005,0.604,0.1209,0.0588,1.4301%,1.5621%,16.1910%,-0.003986,EWW,83223.0,2019-02-27,252.0,-0.9436%,-0.0005,0.6075,0.1118,0.0593,1.4304%,1.5631%,16.2570%,-0.010239,EWW,-0.039952,-0.021768,-0.019375,-0.020206,-0.017023
10179,ISHARES INC,Pres Trump Highlights Will Have Meeting On Border Wall Later Tuesday,6,uncertain,0.5,0.1,"the news about a meeting on the border wall does not directly relate to ishares inc's business operations or market performance, leading to uncertainty in its impact on stock price.",1,2019-02-12,EWW,2019-02-12 17:11:00+00:00,83223.0,46428682,0.0011381569784134,2463739.0,-0.0306957364082336,-0.0112536577507853,0.0171240791678428,-0.0126666594296693,0.0099169807508587,-0.0050851101987063,0.0038821229245513,-0.0076788566075265,-0.0011373802553862,0.01086719147861,0.0059211640618741,0.0053512081503868,0.0108671812340617,-0.0033333671744912,0.0026875459589064,0.0087424209341406,-0.0058075077831745,-0.0044633061625063,-0.0094360411167144,0.0044833165593445,-0.0120208384469151,-0.0044633061625063,-0.0061983573250472,0.0044833165593445,-0.0053129945881664,-0.0015666896943002,-0.0046446993947029,0.0076680234633386,-0.0118992561474442,-0.0161970164626836,-0.0136953489854931,-0.0004435674927663,0.0047881435602903,-0.0026542565319687,0.0114367296919226,0.0109570184722542,0.0025912981946021,0.0056217671371996,0.0025845111813396,0.0047447560355067,-0.0030465726740658,-0.0042745205573737,0.0145744923502206,0.002254843013361,0.0169137977063655,0.011171861551702,-0.0015948894433677,0.0164542067795991,0.0255590807646513,0.0117233293130993,0.0028927696403115,0.0205790996551513,-0.0392722524702549,-0.0125236008316278,0.0143186822533607,0.0276833269745111,0.0013661514967679,0.0009723120019771,-0.0111413793638348,0.0024366099387407,-0.0020694446284323,0.0009756321087479,0.0043778484687209,0.0098522547632455,0.0227116700261831,0.004453248810023,-0.0094213094562292,-0.0141463857144117,0.0015851380303502,0.0219342242926359,0.0156002407893538,0.0032507439609616,0.0249332766979932,0.017695078626275,0.0154213523492217,-0.0151477679610252,-0.0038502740208059,-0.0022299343254417,0.0008589416975155,-0.0078662661835551,-0.005792757961899,0.0149700213223695,0.0036684973165392,-0.0022403867915272,-0.0051601347513496,-0.0105911409482359,0.0079965190961956,-0.0004923795931972,0.0115780644118785,0.0183003153651952,-0.0010597548680379,-0.0167611613869667,-0.0012731036404147,0.0059508518315851,-0.0091353366151452,-0.0100638149306178,-0.0102915856987237,0.0159601811319589,0.0054159443825483,0.0445428267121315,0.00237019197084,0.0166843514889478,-0.0064488225616514,-0.04934548959136,-0.0015144892968237,-0.0158572699874639,-0.0099675599485635,0.0014888677978888,-0.0052527440711855,-0.0213696230202913,0.0121011929586529,-0.0048332712613046,-0.006521722767502,0.0283300038427114,-0.0161925964057445,-0.0117878075689077,-0.011788229458034,0.0034499601460993,-0.0065271416679024,-0.022168630734086,-0.0306957364082336,-0.0112536577507853,-0.0140972934607606,-0.0237777709303874,-0.0043201152977914,-0.0287419685436332,-0.0015916266081302,-0.0257263218497711,0.0025011501188281,-0.0152432255149476,-0.0111413793906397,0.0704190866266309,0.0036380143911263,0.0683955487222085,2019-02-13,2019-02-14,2019-02-15,2019-02-19,2019-02-20,2019-02-21,2019-02-22,2019-02-25,2019-02-26,2019-02-27,83223.0,2019-02-12,252.0,0.1138%,-0.0005,0.6146,0.1096,0.0807,1.4190%,1.5568%,16.9265%,-0.0073129999999999,EWW,83223.0,2019-02-13,252.0,-3.0696%,-0.0006,0.6105,0.1035,0.0718,1.4333%,1.5681%,16.4562%,-0.032639,EWW,83223.0,2019-02-14,252.0,1.7124%,-0.0006,0.606,0.1137,0.0608,1.4381%,1.5719%,16.2951%,0.018184,EWW,83223.0,2019-02-15,252.0,0.9917%,-0.0006,0.6031,0.1114,0.0565,1.4378%,1.5701%,16.1517%,0.002393,EWW,83223.0,2019-02-19,252.0,0.3882%,-0.0006,0.6016,0.1159,0.0617,1.4373%,1.5682%,15.9987%,0.002144,EWW,83223.0,2019-02-20,252.0,-0.1137%,-0.0006,0.6011,0.1154,0.06,1.4373%,1.5682%,15.9929%,-0.0029749999999999,EWW,83223.0,2019-02-21,252.0,0.5921%,-0.0005,0.5963,0.1075,0.0511,1.4376%,1.5669%,15.8203%,0.008264,EWW,83223.0,2019-02-22,252.0,1.0867%,-0.0005,0.5947,0.1217,0.0451,1.4372%,1.5670%,15.8774%,0.0070509999999999,EWW,83223.0,2019-02-25,252.0,0.2688%,-0.0006,0.5971,0.1228,0.0546,1.4314%,1.5618%,15.9991%,0.002093,EWW,83223.0,2019-02-26,252.0,-0.5808%,-0.0005,0.604,0.1209,0.0588,1.4301%,1.5621%,16.1910%,-0.003986,EWW,83223.0,2019-02-27,252.0,-0.9436%,-0.0005,0.6075,0.1118,0.0593,1.4304%,1.5631%,16.2570%,-0.010239,EWW,-0.039952,-0.021768,-0.019375,-0.020206,-0.017023
10187,EXELIXIS INC,Exelixis Reports Will Initiate Phase 1 Clinical Development Of XL092,6,increase,0.7,0.6,"the initiation of phase 1 clinical development for a new drug candidate typically signals progress and potential future revenue, which can positively influence investor sentiment and stock price.",2,2019-02-12,EXEL,2019-02-12 21:43:00+00:00,88159.0,30161Q10,0.0333651453256607,6205596.0,0.0170663706958293,-0.0136342691257596,0.0113378688693046,0.0023563217837363,-0.0017936775693669,-0.0610619932413101,-0.0408804975450038,-0.0079016815871,-0.005152253434062,-0.018526429310441,-0.0009416411630809,-0.0161085650324821,0.0141376601532101,0.0008485557045787,0.0394981577992439,0.0115880025550723,0.0053642792627215,0.0073497658595442,0.0146731846034526,0.0026007571723312,-0.0188431330025196,-0.0085947895422577,0.0223313979804515,0.0278269033879041,-0.0144167728722095,0.023508071899414,0.0132979238405823,0.0004522943636402,-0.0021872764918953,-0.0238410159945488,0.0140289217233657,-0.0074496092274785,-0.0038909749127924,-0.004797235596925,0.0217013880610466,-0.0465696044266223,0.0021240117494016,0.0520559325814247,0.0474776998162269,-0.0378787703812122,0.002023518551141,-0.0128790801391005,-0.0092891575768589,0.0168990120291709,-0.0158989522606134,0.0167525503784418,0.0074565163813531,0.0630137473344802,0.0024670832790434,0.0564399473369121,-0.0041016601026058,0.0576530173420906,-0.0436573848128318,-0.0165579486638307,-0.0008612640667706,0.0132181104272604,0.0172413624823093,0.0118312519043684,-0.0152542628347873,0.0093458099290728,0.016781385987997,0.0163588095456361,0.0071942480280995,0.0847167447209358,0.0210084039717912,-0.0141083523631095,0.0176954865455627,-0.036956537514925,0.0008087528403848,-0.0401669517159462,-0.0270707104355096,-0.0500495657324791,0.0207641199231147,-0.0316698588430881,-0.005288818385452,-0.0090347370132803,-0.0171779170632362,-0.0122123165056109,0.0066583370789885,-0.0233944188803434,-0.0256304591894149,0.0390848293900489,-0.0156978759914636,-0.0177903119474649,-0.0081896781921386,0.0399220883846283,-0.0069534918293356,-0.026540258899331,-0.0652078688144683,0.0262646358460187,-0.021535625681281,-0.0437209568917751,-0.0138755505904555,0.058591853827238,0.0383308567106723,0.0330620370805263,-0.0397196449339389,-0.0030425693839788,-0.0267639532685279,0.0478214472532272,0.0274999625980854,0.0026637844275683,-0.0272505842149257,0.0387382842600345,-0.0165082514286041,-0.001657496439293,-0.0162766892462968,0.0243350490927696,0.0439503826200962,-0.0016949540004134,0.0292223934084177,-0.0122767472639679,-0.0062560667283833,0.0269340574741363,-0.0164648983627557,0.0411694832146167,0.0004923795931972,0.0066066435538232,-0.0334645807743072,0.0451976954936981,0.0170663706958293,-0.0136342691257596,0.0285977358381583,-0.0113100740673696,0.0267527631514838,-0.0716814516424193,-0.0202952295820869,-0.0960792606850898,0.0525829935781658,-0.0905938525851355,0.07195569333696,0.0893042232488852,-0.0940959830317982,0.3170118802789239,2019-02-13,2019-02-14,2019-02-15,2019-02-19,2019-02-20,2019-02-21,2019-02-22,2019-02-25,2019-02-26,2019-02-27,88159.0,2019-02-12,252.0,3.3365%,-0.0011,1.4641,1.0136,-0.2715,2.8649%,3.3618%,27.3807%,0.012714,EXEL,88159.0,2019-02-13,252.0,1.7066%,-0.0011,1.4594,1.0272,-0.2658,2.8646%,3.3582%,27.2372%,0.0124489999999999,EXEL,88159.0,2019-02-14,252.0,1.1338%,-0.001,1.4583,1.0323,-0.2729,2.8638%,3.3587%,27.2959%,0.0074199999999999,EXEL,88159.0,2019-02-15,252.0,-0.1794%,-0.0011,1.4433,1.0168,-0.2999,2.8661%,3.3546%,27.0038%,-0.019643,EXEL,88159.0,2019-02-19,252.0,-4.0880%,-0.0013,1.4369,0.9856,-0.3345,2.8793%,3.3637%,26.7313%,-0.045772,EXEL,88159.0,2019-02-20,252.0,-0.5152%,-0.0012,1.437,0.9958,-0.3314,2.8761%,3.3616%,26.7986%,-0.0083109999999999,EXEL,88159.0,2019-02-21,252.0,-0.0942%,-0.0012,1.4361,0.995,-0.3331,2.8763%,3.3609%,26.7555%,0.00421,EXEL,88159.0,2019-02-22,252.0,1.4138%,-0.0013,1.4371,0.9862,-0.3299,2.8762%,3.3619%,26.8070%,-0.005667,EXEL,88159.0,2019-02-25,252.0,3.9498%,-0.0011,1.4372,0.9664,-0.3397,2.8874%,3.3713%,26.6452%,0.039213,EXEL,88159.0,2019-02-26,252.0,0.5364%,-0.001,1.4367,0.9478,-0.3495,2.8886%,3.3702%,26.5394%,0.0126279999999999,EXEL,88159.0,2019-02-27,252.0,1.4673%,-0.0009,1.4414,0.9431,-0.3487,2.8889%,3.3716%,26.5817%,0.01106,EXEL,0.0251629999999999,0.032583,0.01294,-0.041143,0.0203009999999999
10195,EXELIXIS INC,"Exelixis Q4 EPS $0.37 Beats $0.24 Estimate, Sales $228.6M Beat $188.76M Estimate",6,increase,0.8,0.7,"the company's earnings per share and sales both exceeded analyst estimates, which typically signals strong performance and can lead to a positive reaction in the stock price.",2,2019-02-12,EXEL,2019-02-12 21:08:00+00:00,88159.0,30161Q10,0.0333651453256607,6205596.0,0.0170663706958293,-0.0136342691257596,0.0113378688693046,0.0023563217837363,-0.0017936775693669,-0.0610619932413101,-0.0408804975450038,-0.0079016815871,-0.005152253434062,-0.018526429310441,-0.0009416411630809,-0.0161085650324821,0.0141376601532101,0.0008485557045787,0.0394981577992439,0.0115880025550723,0.0053642792627215,0.0073497658595442,0.0146731846034526,0.0026007571723312,-0.0188431330025196,-0.0085947895422577,0.0223313979804515,0.0278269033879041,-0.0144167728722095,0.023508071899414,0.0132979238405823,0.0004522943636402,-0.0021872764918953,-0.0238410159945488,0.0140289217233657,-0.0074496092274785,-0.0038909749127924,-0.004797235596925,0.0217013880610466,-0.0465696044266223,0.0021240117494016,0.0520559325814247,0.0474776998162269,-0.0378787703812122,0.002023518551141,-0.0128790801391005,-0.0092891575768589,0.0168990120291709,-0.0158989522606134,0.0167525503784418,0.0074565163813531,0.0630137473344802,0.0024670832790434,0.0564399473369121,-0.0041016601026058,0.0576530173420906,-0.0436573848128318,-0.0165579486638307,-0.0008612640667706,0.0132181104272604,0.0172413624823093,0.0118312519043684,-0.0152542628347873,0.0093458099290728,0.016781385987997,0.0163588095456361,0.0071942480280995,0.0847167447209358,0.0210084039717912,-0.0141083523631095,0.0176954865455627,-0.036956537514925,0.0008087528403848,-0.0401669517159462,-0.0270707104355096,-0.0500495657324791,0.0207641199231147,-0.0316698588430881,-0.005288818385452,-0.0090347370132803,-0.0171779170632362,-0.0122123165056109,0.0066583370789885,-0.0233944188803434,-0.0256304591894149,0.0390848293900489,-0.0156978759914636,-0.0177903119474649,-0.0081896781921386,0.0399220883846283,-0.0069534918293356,-0.026540258899331,-0.0652078688144683,0.0262646358460187,-0.021535625681281,-0.0437209568917751,-0.0138755505904555,0.058591853827238,0.0383308567106723,0.0330620370805263,-0.0397196449339389,-0.0030425693839788,-0.0267639532685279,0.0478214472532272,0.0274999625980854,0.0026637844275683,-0.0272505842149257,0.0387382842600345,-0.0165082514286041,-0.001657496439293,-0.0162766892462968,0.0243350490927696,0.0439503826200962,-0.0016949540004134,0.0292223934084177,-0.0122767472639679,-0.0062560667283833,0.0269340574741363,-0.0164648983627557,0.0411694832146167,0.0004923795931972,0.0066066435538232,-0.0334645807743072,0.0451976954936981,0.0170663706958293,-0.0136342691257596,0.0285977358381583,-0.0113100740673696,0.0267527631514838,-0.0716814516424193,-0.0202952295820869,-0.0960792606850898,0.0525829935781658,-0.0905938525851355,0.07195569333696,0.0893042232488852,-0.0940959830317982,0.3170118802789239,2019-02-13,2019-02-14,2019-02-15,2019-02-19,2019-02-20,2019-02-21,2019-02-22,2019-02-25,2019-02-26,2019-02-27,88159.0,2019-02-12,252.0,3.3365%,-0.0011,1.4641,1.0136,-0.2715,2.8649%,3.3618%,27.3807%,0.012714,EXEL,88159.0,2019-02-13,252.0,1.7066%,-0.0011,1.4594,1.0272,-0.2658,2.8646%,3.3582%,27.2372%,0.0124489999999999,EXEL,88159.0,2019-02-14,252.0,1.1338%,-0.001,1.4583,1.0323,-0.2729,2.8638%,3.3587%,27.2959%,0.0074199999999999,EXEL,88159.0,2019-02-15,252.0,-0.1794%,-0.0011,1.4433,1.0168,-0.2999,2.8661%,3.3546%,27.0038%,-0.019643,EXEL,88159.0,2019-02-19,252.0,-4.0880%,-0.0013,1.4369,0.9856,-0.3345,2.8793%,3.3637%,26.7313%,-0.045772,EXEL,88159.0,2019-02-20,252.0,-0.5152%,-0.0012,1.437,0.9958,-0.3314,2.8761%,3.3616%,26.7986%,-0.0083109999999999,EXEL,88159.0,2019-02-21,252.0,-0.0942%,-0.0012,1.4361,0.995,-0.3331,2.8763%,3.3609%,26.7555%,0.00421,EXEL,88159.0,2019-02-22,252.0,1.4138%,-0.0013,1.4371,0.9862,-0.3299,2.8762%,3.3619%,26.8070%,-0.005667,EXEL,88159.0,2019-02-25,252.0,3.9498%,-0.0011,1.4372,0.9664,-0.3397,2.8874%,3.3713%,26.6452%,0.039213,EXEL,88159.0,2019-02-26,252.0,0.5364%,-0.001,1.4367,0.9478,-0.3495,2.8886%,3.3702%,26.5394%,0.0126279999999999,EXEL,88159.0,2019-02-27,252.0,1.4673%,-0.0009,1.4414,0.9431,-0.3487,2.8889%,3.3716%,26.5817%,0.01106,EXEL,0.0251629999999999,0.032583,0.01294,-0.041143,0.0203009999999999
10203,EXELIXIS INC,Q4 Earnings Preview For Exelixis,6,uncertain,0.5,0.5,the impact on exelixis inc's stock price is uncertain as it depends on the actual earnings results and market expectations.,1,2019-02-12,EXEL,2019-02-12 13:16:00+00:00,88159.0,30161Q10,0.0333651453256607,6205596.0,0.0170663706958293,-0.0136342691257596,0.0113378688693046,0.0023563217837363,-0.0017936775693669,-0.0610619932413101,-0.0408804975450038,-0.0079016815871,-0.005152253434062,-0.018526429310441,-0.0009416411630809,-0.0161085650324821,0.0141376601532101,0.0008485557045787,0.0394981577992439,0.0115880025550723,0.0053642792627215,0.0073497658595442,0.0146731846034526,0.0026007571723312,-0.0188431330025196,-0.0085947895422577,0.0223313979804515,0.0278269033879041,-0.0144167728722095,0.023508071899414,0.0132979238405823,0.0004522943636402,-0.0021872764918953,-0.0238410159945488,0.0140289217233657,-0.0074496092274785,-0.0038909749127924,-0.004797235596925,0.0217013880610466,-0.0465696044266223,0.0021240117494016,0.0520559325814247,0.0474776998162269,-0.0378787703812122,0.002023518551141,-0.0128790801391005,-0.0092891575768589,0.0168990120291709,-0.0158989522606134,0.0167525503784418,0.0074565163813531,0.0630137473344802,0.0024670832790434,0.0564399473369121,-0.0041016601026058,0.0576530173420906,-0.0436573848128318,-0.0165579486638307,-0.0008612640667706,0.0132181104272604,0.0172413624823093,0.0118312519043684,-0.0152542628347873,0.0093458099290728,0.016781385987997,0.0163588095456361,0.0071942480280995,0.0847167447209358,0.0210084039717912,-0.0141083523631095,0.0176954865455627,-0.036956537514925,0.0008087528403848,-0.0401669517159462,-0.0270707104355096,-0.0500495657324791,0.0207641199231147,-0.0316698588430881,-0.005288818385452,-0.0090347370132803,-0.0171779170632362,-0.0122123165056109,0.0066583370789885,-0.0233944188803434,-0.0256304591894149,0.0390848293900489,-0.0156978759914636,-0.0177903119474649,-0.0081896781921386,0.0399220883846283,-0.0069534918293356,-0.026540258899331,-0.0652078688144683,0.0262646358460187,-0.021535625681281,-0.0437209568917751,-0.0138755505904555,0.058591853827238,0.0383308567106723,0.0330620370805263,-0.0397196449339389,-0.0030425693839788,-0.0267639532685279,0.0478214472532272,0.0274999625980854,0.0026637844275683,-0.0272505842149257,0.0387382842600345,-0.0165082514286041,-0.001657496439293,-0.0162766892462968,0.0243350490927696,0.0439503826200962,-0.0016949540004134,0.0292223934084177,-0.0122767472639679,-0.0062560667283833,0.0269340574741363,-0.0164648983627557,0.0411694832146167,0.0004923795931972,0.0066066435538232,-0.0334645807743072,0.0451976954936981,0.0170663706958293,-0.0136342691257596,0.0285977358381583,-0.0113100740673696,0.0267527631514838,-0.0716814516424193,-0.0202952295820869,-0.0960792606850898,0.0525829935781658,-0.0905938525851355,0.07195569333696,0.0893042232488852,-0.0940959830317982,0.3170118802789239,2019-02-13,2019-02-14,2019-02-15,2019-02-19,2019-02-20,2019-02-21,2019-02-22,2019-02-25,2019-02-26,2019-02-27,88159.0,2019-02-12,252.0,3.3365%,-0.0011,1.4641,1.0136,-0.2715,2.8649%,3.3618%,27.3807%,0.012714,EXEL,88159.0,2019-02-13,252.0,1.7066%,-0.0011,1.4594,1.0272,-0.2658,2.8646%,3.3582%,27.2372%,0.0124489999999999,EXEL,88159.0,2019-02-14,252.0,1.1338%,-0.001,1.4583,1.0323,-0.2729,2.8638%,3.3587%,27.2959%,0.0074199999999999,EXEL,88159.0,2019-02-15,252.0,-0.1794%,-0.0011,1.4433,1.0168,-0.2999,2.8661%,3.3546%,27.0038%,-0.019643,EXEL,88159.0,2019-02-19,252.0,-4.0880%,-0.0013,1.4369,0.9856,-0.3345,2.8793%,3.3637%,26.7313%,-0.045772,EXEL,88159.0,2019-02-20,252.0,-0.5152%,-0.0012,1.437,0.9958,-0.3314,2.8761%,3.3616%,26.7986%,-0.0083109999999999,EXEL,88159.0,2019-02-21,252.0,-0.0942%,-0.0012,1.4361,0.995,-0.3331,2.8763%,3.3609%,26.7555%,0.00421,EXEL,88159.0,2019-02-22,252.0,1.4138%,-0.0013,1.4371,0.9862,-0.3299,2.8762%,3.3619%,26.8070%,-0.005667,EXEL,88159.0,2019-02-25,252.0,3.9498%,-0.0011,1.4372,0.9664,-0.3397,2.8874%,3.3713%,26.6452%,0.039213,EXEL,88159.0,2019-02-26,252.0,0.5364%,-0.001,1.4367,0.9478,-0.3495,2.8886%,3.3702%,26.5394%,0.0126279999999999,EXEL,88159.0,2019-02-27,252.0,1.4673%,-0.0009,1.4414,0.9431,-0.3487,2.8889%,3.3716%,26.5817%,0.01106,EXEL,0.0251629999999999,0.032583,0.01294,-0.041143,0.0203009999999999
10211,FASTENAL CO,"UPDATE: KeyBanc On Fastenal Also Sees 'tough comps against moderating cycle growth, and our general view that distributor multiples are unlikely to return to historical levels given greater price transparency and evolving gross margin profiles'",6,decrease,0.75,0.6,the commentary on tough comparisons and the expectation that distributor multiples may not return to historical levels suggests a negative outlook for fastenal's stock performance.,0,2019-02-12,FAST,2019-02-12 13:39:00+00:00,11618.0,31190010,0.0160013195127248,3222007.0,0.0023862186353653,0.0196110513061285,-0.0101571083068847,-0.0011522583663463,0.0096200462430715,-0.0125162620097398,-0.0080991284921765,-0.0016228250460699,-0.0057636988349258,0.0032562809064984,0.0056361076422035,0.0143682733178138,0.0033626754302531,0.0014885900309309,0.0038302214816212,0.0044858027249574,-0.0014308450045064,0.0108387097716331,0.011303917504847,0.0097659844905138,-0.0091310115531086,-0.0023517452646046,-0.011280570179224,0.0122427716851234,0.0067491880618035,-0.0015280161751434,-0.0108539555221796,-0.0033840432297438,0.0009681709925644,-0.0042122998274862,-0.0082218013703823,0.0350540354847908,-0.001462941407226,0.0594974383711814,0.004720835480839,-0.0086096581071615,0.0072909421287477,0.0096171712502837,0.0082033481448888,-0.0140408547595143,-0.0078175123780965,0.0066079408861696,0.0014471805188804,0.0109482305124402,0.0141297541558742,0.0027911742217838,-0.0083913672715425,0.0259641204029321,0.0,0.00730771292001,0.0199584867805242,0.0410410240292549,-0.0341264903545379,-0.0283991266041994,0.0032415033783763,-0.0168292410671711,0.0067851077765226,0.0044179703108966,0.0064185098744928,-0.0013427910162135,0.0125956172123551,0.010271368548274,0.0125964302569627,0.0453808307647705,0.0230135805904865,-0.0212175231426954,0.0033439917024225,-0.0027684278320521,-0.0028783886227756,-0.0176767650991678,0.007596475072205,-0.0145482793450355,0.0052774199284613,-0.0137813771143555,-0.0011999674607068,-0.0167068447917699,-0.0243279058486223,-0.0157135147601366,0.0033861969131976,-0.0007303435122594,0.050467874854803,-0.0021861710119992,0.0179613847285509,0.0049432525411248,-0.0134844705462455,-0.011402734555304,0.0109059186652302,-0.035776600241661,0.0087744621559977,0.0005238131270743,0.0135463373735547,-0.0411853194236755,-0.0137873291969299,0.0079311719164252,0.0203994307667017,0.0,0.0035161743871867,0.0032164994627237,-0.0054660043679177,0.0303505640476942,0.0045095784589648,-0.0052056089043617,-0.0119247827678918,0.0316863656044006,0.0017038583755493,-0.015335782431066,-0.0181432515382766,0.0243770033121109,0.0083730602636933,-0.0365344211459159,0.0146027812734246,-0.001216328353621,-0.0410611480474472,0.0094720385968685,-0.0214832127094268,0.0205871406942606,-0.0048120254650712,0.0210199523717165,-0.0025687240995466,0.0109017025679349,0.0023862186353653,0.0196110513061285,-0.0077951267526427,0.0184361959418417,0.0017499300105978,0.0056891816732309,-0.0120903936682483,0.0073266161228278,0.0104995195233577,0.049200228600934,-0.0022271605746867,0.1953193898767578,0.0564622651150468,0.1513673710499243,2019-02-13,2019-02-14,2019-02-15,2019-02-19,2019-02-20,2019-02-21,2019-02-22,2019-02-25,2019-02-26,2019-02-27,11618.0,2019-02-12,252.0,1.6001%,0.0006,1.0689,0.2181,0.1821,1.3403%,1.7380%,40.5297%,0.001557,FAST,11618.0,2019-02-13,252.0,0.2386%,0.0007,1.0805,0.1978,0.1781,1.3304%,1.7361%,41.2802%,-0.000965,FAST,11618.0,2019-02-14,252.0,-1.0157%,0.0007,1.0819,0.1927,0.1848,1.3300%,1.7356%,41.2795%,-0.007984,FAST,11618.0,2019-02-15,252.0,0.9620%,0.0006,1.0774,0.1882,0.1768,1.3303%,1.7322%,41.0227%,-0.0040739999999999,FAST,11618.0,2019-02-19,252.0,-0.8099%,0.0006,1.073,0.1836,0.1721,1.3318%,1.7294%,40.6982%,-0.011322,FAST,11618.0,2019-02-20,252.0,-0.5764%,0.0006,1.072,0.1895,0.1707,1.3281%,1.7265%,40.8209%,-0.009253,FAST,11618.0,2019-02-21,252.0,0.5636%,0.0006,1.069,0.1855,0.1651,1.3294%,1.7256%,40.6473%,0.0100279999999999,FAST,11618.0,2019-02-22,252.0,0.3363%,0.0006,1.0696,0.1785,0.1667,1.3292%,1.7256%,40.6681%,-0.0022789999999999,FAST,11618.0,2019-02-25,252.0,0.3830%,0.0006,1.0692,0.177,0.1642,1.3291%,1.7255%,40.6716%,0.0028899999999999,FAST,11618.0,2019-02-26,252.0,-0.1431%,0.0006,1.0675,0.1769,0.1629,1.3290%,1.7219%,40.4278%,0.0018549999999999,FAST,11618.0,2019-02-27,252.0,1.1304%,0.0006,1.066,0.1824,0.1627,1.3301%,1.7206%,40.2409%,0.010103,FAST,0.000592,-0.007392,-0.011466,-0.032041,-0.009444
10219,FASTENAL CO,"UPDATE: KeyBanc Downgrades Fastenal As Firm Notes 'At current levels, FAST is trading in line with its historical EV/EBITDA multiple, and at its historical premium to peers on both P/E and EV/EBITDA'",6,decrease,0.75,0.6,"the downgrade from keybanc suggests that fastenal is now considered fairly valued compared to its historical performance, which may lead to a decrease in investor confidence and stock price.",0,2019-02-12,FAST,2019-02-12 13:37:00+00:00,11618.0,31190010,0.0160013195127248,3222007.0,0.0023862186353653,0.0196110513061285,-0.0101571083068847,-0.0011522583663463,0.0096200462430715,-0.0125162620097398,-0.0080991284921765,-0.0016228250460699,-0.0057636988349258,0.0032562809064984,0.0056361076422035,0.0143682733178138,0.0033626754302531,0.0014885900309309,0.0038302214816212,0.0044858027249574,-0.0014308450045064,0.0108387097716331,0.011303917504847,0.0097659844905138,-0.0091310115531086,-0.0023517452646046,-0.011280570179224,0.0122427716851234,0.0067491880618035,-0.0015280161751434,-0.0108539555221796,-0.0033840432297438,0.0009681709925644,-0.0042122998274862,-0.0082218013703823,0.0350540354847908,-0.001462941407226,0.0594974383711814,0.004720835480839,-0.0086096581071615,0.0072909421287477,0.0096171712502837,0.0082033481448888,-0.0140408547595143,-0.0078175123780965,0.0066079408861696,0.0014471805188804,0.0109482305124402,0.0141297541558742,0.0027911742217838,-0.0083913672715425,0.0259641204029321,0.0,0.00730771292001,0.0199584867805242,0.0410410240292549,-0.0341264903545379,-0.0283991266041994,0.0032415033783763,-0.0168292410671711,0.0067851077765226,0.0044179703108966,0.0064185098744928,-0.0013427910162135,0.0125956172123551,0.010271368548274,0.0125964302569627,0.0453808307647705,0.0230135805904865,-0.0212175231426954,0.0033439917024225,-0.0027684278320521,-0.0028783886227756,-0.0176767650991678,0.007596475072205,-0.0145482793450355,0.0052774199284613,-0.0137813771143555,-0.0011999674607068,-0.0167068447917699,-0.0243279058486223,-0.0157135147601366,0.0033861969131976,-0.0007303435122594,0.050467874854803,-0.0021861710119992,0.0179613847285509,0.0049432525411248,-0.0134844705462455,-0.011402734555304,0.0109059186652302,-0.035776600241661,0.0087744621559977,0.0005238131270743,0.0135463373735547,-0.0411853194236755,-0.0137873291969299,0.0079311719164252,0.0203994307667017,0.0,0.0035161743871867,0.0032164994627237,-0.0054660043679177,0.0303505640476942,0.0045095784589648,-0.0052056089043617,-0.0119247827678918,0.0316863656044006,0.0017038583755493,-0.015335782431066,-0.0181432515382766,0.0243770033121109,0.0083730602636933,-0.0365344211459159,0.0146027812734246,-0.001216328353621,-0.0410611480474472,0.0094720385968685,-0.0214832127094268,0.0205871406942606,-0.0048120254650712,0.0210199523717165,-0.0025687240995466,0.0109017025679349,0.0023862186353653,0.0196110513061285,-0.0077951267526427,0.0184361959418417,0.0017499300105978,0.0056891816732309,-0.0120903936682483,0.0073266161228278,0.0104995195233577,0.049200228600934,-0.0022271605746867,0.1953193898767578,0.0564622651150468,0.1513673710499243,2019-02-13,2019-02-14,2019-02-15,2019-02-19,2019-02-20,2019-02-21,2019-02-22,2019-02-25,2019-02-26,2019-02-27,11618.0,2019-02-12,252.0,1.6001%,0.0006,1.0689,0.2181,0.1821,1.3403%,1.7380%,40.5297%,0.001557,FAST,11618.0,2019-02-13,252.0,0.2386%,0.0007,1.0805,0.1978,0.1781,1.3304%,1.7361%,41.2802%,-0.000965,FAST,11618.0,2019-02-14,252.0,-1.0157%,0.0007,1.0819,0.1927,0.1848,1.3300%,1.7356%,41.2795%,-0.007984,FAST,11618.0,2019-02-15,252.0,0.9620%,0.0006,1.0774,0.1882,0.1768,1.3303%,1.7322%,41.0227%,-0.0040739999999999,FAST,11618.0,2019-02-19,252.0,-0.8099%,0.0006,1.073,0.1836,0.1721,1.3318%,1.7294%,40.6982%,-0.011322,FAST,11618.0,2019-02-20,252.0,-0.5764%,0.0006,1.072,0.1895,0.1707,1.3281%,1.7265%,40.8209%,-0.009253,FAST,11618.0,2019-02-21,252.0,0.5636%,0.0006,1.069,0.1855,0.1651,1.3294%,1.7256%,40.6473%,0.0100279999999999,FAST,11618.0,2019-02-22,252.0,0.3363%,0.0006,1.0696,0.1785,0.1667,1.3292%,1.7256%,40.6681%,-0.0022789999999999,FAST,11618.0,2019-02-25,252.0,0.3830%,0.0006,1.0692,0.177,0.1642,1.3291%,1.7255%,40.6716%,0.0028899999999999,FAST,11618.0,2019-02-26,252.0,-0.1431%,0.0006,1.0675,0.1769,0.1629,1.3290%,1.7219%,40.4278%,0.0018549999999999,FAST,11618.0,2019-02-27,252.0,1.1304%,0.0006,1.066,0.1824,0.1627,1.3301%,1.7206%,40.2409%,0.010103,FAST,0.000592,-0.007392,-0.011466,-0.032041,-0.009444
10227,FASTENAL CO,KeyBanc Downgrades Fastenal to Sector Weight,6,decrease,0.75,0.6,"a downgrade from keybanc typically signals reduced expectations for the company's performance, which can lead to a decline in stock price.",0,2019-02-12,FAST,2019-02-12 11:01:00+00:00,11618.0,31190010,0.0160013195127248,3222007.0,0.0023862186353653,0.0196110513061285,-0.0101571083068847,-0.0011522583663463,0.0096200462430715,-0.0125162620097398,-0.0080991284921765,-0.0016228250460699,-0.0057636988349258,0.0032562809064984,0.0056361076422035,0.0143682733178138,0.0033626754302531,0.0014885900309309,0.0038302214816212,0.0044858027249574,-0.0014308450045064,0.0108387097716331,0.011303917504847,0.0097659844905138,-0.0091310115531086,-0.0023517452646046,-0.011280570179224,0.0122427716851234,0.0067491880618035,-0.0015280161751434,-0.0108539555221796,-0.0033840432297438,0.0009681709925644,-0.0042122998274862,-0.0082218013703823,0.0350540354847908,-0.001462941407226,0.0594974383711814,0.004720835480839,-0.0086096581071615,0.0072909421287477,0.0096171712502837,0.0082033481448888,-0.0140408547595143,-0.0078175123780965,0.0066079408861696,0.0014471805188804,0.0109482305124402,0.0141297541558742,0.0027911742217838,-0.0083913672715425,0.0259641204029321,0.0,0.00730771292001,0.0199584867805242,0.0410410240292549,-0.0341264903545379,-0.0283991266041994,0.0032415033783763,-0.0168292410671711,0.0067851077765226,0.0044179703108966,0.0064185098744928,-0.0013427910162135,0.0125956172123551,0.010271368548274,0.0125964302569627,0.0453808307647705,0.0230135805904865,-0.0212175231426954,0.0033439917024225,-0.0027684278320521,-0.0028783886227756,-0.0176767650991678,0.007596475072205,-0.0145482793450355,0.0052774199284613,-0.0137813771143555,-0.0011999674607068,-0.0167068447917699,-0.0243279058486223,-0.0157135147601366,0.0033861969131976,-0.0007303435122594,0.050467874854803,-0.0021861710119992,0.0179613847285509,0.0049432525411248,-0.0134844705462455,-0.011402734555304,0.0109059186652302,-0.035776600241661,0.0087744621559977,0.0005238131270743,0.0135463373735547,-0.0411853194236755,-0.0137873291969299,0.0079311719164252,0.0203994307667017,0.0,0.0035161743871867,0.0032164994627237,-0.0054660043679177,0.0303505640476942,0.0045095784589648,-0.0052056089043617,-0.0119247827678918,0.0316863656044006,0.0017038583755493,-0.015335782431066,-0.0181432515382766,0.0243770033121109,0.0083730602636933,-0.0365344211459159,0.0146027812734246,-0.001216328353621,-0.0410611480474472,0.0094720385968685,-0.0214832127094268,0.0205871406942606,-0.0048120254650712,0.0210199523717165,-0.0025687240995466,0.0109017025679349,0.0023862186353653,0.0196110513061285,-0.0077951267526427,0.0184361959418417,0.0017499300105978,0.0056891816732309,-0.0120903936682483,0.0073266161228278,0.0104995195233577,0.049200228600934,-0.0022271605746867,0.1953193898767578,0.0564622651150468,0.1513673710499243,2019-02-13,2019-02-14,2019-02-15,2019-02-19,2019-02-20,2019-02-21,2019-02-22,2019-02-25,2019-02-26,2019-02-27,11618.0,2019-02-12,252.0,1.6001%,0.0006,1.0689,0.2181,0.1821,1.3403%,1.7380%,40.5297%,0.001557,FAST,11618.0,2019-02-13,252.0,0.2386%,0.0007,1.0805,0.1978,0.1781,1.3304%,1.7361%,41.2802%,-0.000965,FAST,11618.0,2019-02-14,252.0,-1.0157%,0.0007,1.0819,0.1927,0.1848,1.3300%,1.7356%,41.2795%,-0.007984,FAST,11618.0,2019-02-15,252.0,0.9620%,0.0006,1.0774,0.1882,0.1768,1.3303%,1.7322%,41.0227%,-0.0040739999999999,FAST,11618.0,2019-02-19,252.0,-0.8099%,0.0006,1.073,0.1836,0.1721,1.3318%,1.7294%,40.6982%,-0.011322,FAST,11618.0,2019-02-20,252.0,-0.5764%,0.0006,1.072,0.1895,0.1707,1.3281%,1.7265%,40.8209%,-0.009253,FAST,11618.0,2019-02-21,252.0,0.5636%,0.0006,1.069,0.1855,0.1651,1.3294%,1.7256%,40.6473%,0.0100279999999999,FAST,11618.0,2019-02-22,252.0,0.3363%,0.0006,1.0696,0.1785,0.1667,1.3292%,1.7256%,40.6681%,-0.0022789999999999,FAST,11618.0,2019-02-25,252.0,0.3830%,0.0006,1.0692,0.177,0.1642,1.3291%,1.7255%,40.6716%,0.0028899999999999,FAST,11618.0,2019-02-26,252.0,-0.1431%,0.0006,1.0675,0.1769,0.1629,1.3290%,1.7219%,40.4278%,0.0018549999999999,FAST,11618.0,2019-02-27,252.0,1.1304%,0.0006,1.066,0.1824,0.1627,1.3301%,1.7206%,40.2409%,0.010103,FAST,0.000592,-0.007392,-0.011466,-0.032041,-0.009444
10235,FEDEX CORP,Top 10 US Regions For Industrial Investors In 2019,6,uncertain,0.5,0.1,"the news about top regions for industrial investors may have mixed implications for fedex corp, as it could attract more business but also increase competition in those areas.",1,2019-02-12,FDX,2019-02-12 22:22:00+00:00,60628.0,31428X10,0.0240764301270246,1819489.0,0.0009166792733594,0.0217219069600105,-0.0091584799811244,-0.0227710735052824,-0.0251195915043354,-0.0132745904847979,0.0052983653731644,0.0004354315169621,0.0092094512656331,0.0054725552909076,0.002033945871517,0.0190731044858694,-0.0098200198262929,0.0097988974303007,0.003213484538719,0.0005635098787024,0.0035345412325114,0.0224104113876819,0.0005502770654857,-0.0021844382863491,-0.0044551868923008,-0.007983542047441,0.0099447686225175,0.007237188052386,-0.0090809827670454,0.0024183178320527,-0.0062382956966757,-0.0126208150759339,-0.0101661123335361,-0.0057091726921498,-0.0298574045300483,0.0210076719522476,-0.0024875728413462,0.0111461468040943,0.0271859243512153,0.0042782379314303,0.0040804832242429,-0.0053628571331501,0.013320542871952,0.0032750309910625,-0.0025065278168767,0.0051140980795025,-0.0061425403691828,-0.002755151130259,0.0248342417180538,0.021374637261033,-0.0054275779984891,0.0017393903108313,-0.0349484384059906,0.0139877339825034,0.0223910324275493,0.0460588485002517,-0.0279345214366912,-0.0367669574916362,-0.0110351061448454,0.0115291671827435,0.0178996138274669,0.0147817721590399,0.0053668427281081,-0.0126692866906523,0.0102788209915161,0.0054324720986187,0.0197302419692277,0.0487884543836116,0.0277823340147733,-0.0335443243384361,-0.0129793416708707,-0.0107688531279563,0.0063033401966094,-0.0171681344509124,0.0133916288614273,-0.1216150522232056,0.0118825370445847,0.0154783027246594,0.0077936337329447,-0.0104285385459661,-0.0074720862321555,-0.016401283442974,0.0055277864448726,-0.0057896189391613,0.0045549483038485,-0.0072765075601637,0.0264762695878744,-0.0170009788125753,-0.0039096432738006,-0.0420080758631229,0.0053522433154284,-0.0605412349104881,0.0042082942090928,-0.0021344036795198,0.0004543892573565,-0.0631194114685058,-0.0109512908384203,0.0045414553023874,-0.0043371305800974,0.0065934066660702,0.0139906508848071,-0.0187621563673019,-0.0454361960291862,0.0293922238051891,-0.025573156774044,0.0008443052065558,0.014073091559112,0.0073410896584391,0.0151637019589543,0.0038193252403289,-0.020268190652132,0.0054667331278324,0.0076500279828906,-0.0219178367406129,0.0054534021764993,-0.0017204084433615,-0.0130808865651488,-0.0049163564108312,-0.0266163907945156,0.0117693813517689,-0.0068084299564361,0.0119096189737319,0.0007245437591336,0.0131129147484898,0.0009166792733594,0.0217219069600105,-0.008250196096539,-0.0015437976853331,-0.0331625460450988,-0.0147978948880669,-0.0190886686735918,-0.0089749861871729,-0.0196279299495973,0.0409863738193094,-0.0468789014354914,0.1246428511449599,-0.0280968501865194,-0.1728157669507933,2019-02-13,2019-02-14,2019-02-15,2019-02-19,2019-02-20,2019-02-21,2019-02-22,2019-02-25,2019-02-26,2019-02-27,60628.0,2019-02-12,252.0,2.4076%,-0.0009,1.3526,0.181,0.5655,1.2312%,1.8184%,54.1588%,0.006795,FDX,60628.0,2019-02-13,252.0,0.0917%,-0.0009,1.3502,0.1841,0.5654,1.2310%,1.8139%,53.9469%,-0.003475,FDX,60628.0,2019-02-14,252.0,-0.9158%,-0.0009,1.351,0.1824,0.5672,1.2311%,1.8146%,53.9706%,-0.004101,FDX,60628.0,2019-02-15,252.0,-2.5120%,-0.001,1.3398,0.1678,0.5431,1.2533%,1.8209%,52.6241%,-0.0436639999999999,FDX,60628.0,2019-02-19,252.0,0.5298%,-0.001,1.3383,0.1714,0.5473,1.2528%,1.8176%,52.4908%,0.0005369999999999,FDX,60628.0,2019-02-20,252.0,0.9209%,-0.001,1.3399,0.1768,0.5534,1.2528%,1.8187%,52.5485%,0.003179,FDX,60628.0,2019-02-21,252.0,0.2034%,-0.001,1.337,0.173,0.5481,1.2541%,1.8172%,52.3693%,0.008288,FDX,60628.0,2019-02-22,252.0,-0.9820%,-0.0011,1.3393,0.1521,0.5558,1.2528%,1.8168%,52.4496%,-0.011505,FDX,60628.0,2019-02-25,252.0,0.3213%,-0.0011,1.3406,0.1517,0.5607,1.2508%,1.8159%,52.5590%,0.0025,FDX,60628.0,2019-02-26,252.0,0.3535%,-0.0011,1.333,0.1459,0.552,1.2508%,1.8071%,52.0947%,0.0084009999999999,FDX,60628.0,2019-02-27,252.0,0.0550%,-0.0011,1.3346,0.1432,0.5523,1.2505%,1.8060%,52.0515%,-0.000364,FDX,0.00332,-0.000781,-0.044445,-0.0407289999999999,-0.033409
10243,FEDEX CORP,Today's Pickup: New Jersey Tops List Of Worst Bottlenecks For Trucks,6,decrease,0.7,0.6,"the news about new jersey having the worst bottlenecks for trucks suggests potential delays and increased operational costs for fedex, which could negatively impact their stock price.",0,2019-02-12,FDX,2019-02-12 15:44:00+00:00,60628.0,31428X10,0.0240764301270246,1819489.0,0.0009166792733594,0.0217219069600105,-0.0091584799811244,-0.0227710735052824,-0.0251195915043354,-0.0132745904847979,0.0052983653731644,0.0004354315169621,0.0092094512656331,0.0054725552909076,0.002033945871517,0.0190731044858694,-0.0098200198262929,0.0097988974303007,0.003213484538719,0.0005635098787024,0.0035345412325114,0.0224104113876819,0.0005502770654857,-0.0021844382863491,-0.0044551868923008,-0.007983542047441,0.0099447686225175,0.007237188052386,-0.0090809827670454,0.0024183178320527,-0.0062382956966757,-0.0126208150759339,-0.0101661123335361,-0.0057091726921498,-0.0298574045300483,0.0210076719522476,-0.0024875728413462,0.0111461468040943,0.0271859243512153,0.0042782379314303,0.0040804832242429,-0.0053628571331501,0.013320542871952,0.0032750309910625,-0.0025065278168767,0.0051140980795025,-0.0061425403691828,-0.002755151130259,0.0248342417180538,0.021374637261033,-0.0054275779984891,0.0017393903108313,-0.0349484384059906,0.0139877339825034,0.0223910324275493,0.0460588485002517,-0.0279345214366912,-0.0367669574916362,-0.0110351061448454,0.0115291671827435,0.0178996138274669,0.0147817721590399,0.0053668427281081,-0.0126692866906523,0.0102788209915161,0.0054324720986187,0.0197302419692277,0.0487884543836116,0.0277823340147733,-0.0335443243384361,-0.0129793416708707,-0.0107688531279563,0.0063033401966094,-0.0171681344509124,0.0133916288614273,-0.1216150522232056,0.0118825370445847,0.0154783027246594,0.0077936337329447,-0.0104285385459661,-0.0074720862321555,-0.016401283442974,0.0055277864448726,-0.0057896189391613,0.0045549483038485,-0.0072765075601637,0.0264762695878744,-0.0170009788125753,-0.0039096432738006,-0.0420080758631229,0.0053522433154284,-0.0605412349104881,0.0042082942090928,-0.0021344036795198,0.0004543892573565,-0.0631194114685058,-0.0109512908384203,0.0045414553023874,-0.0043371305800974,0.0065934066660702,0.0139906508848071,-0.0187621563673019,-0.0454361960291862,0.0293922238051891,-0.025573156774044,0.0008443052065558,0.014073091559112,0.0073410896584391,0.0151637019589543,0.0038193252403289,-0.020268190652132,0.0054667331278324,0.0076500279828906,-0.0219178367406129,0.0054534021764993,-0.0017204084433615,-0.0130808865651488,-0.0049163564108312,-0.0266163907945156,0.0117693813517689,-0.0068084299564361,0.0119096189737319,0.0007245437591336,0.0131129147484898,0.0009166792733594,0.0217219069600105,-0.008250196096539,-0.0015437976853331,-0.0331625460450988,-0.0147978948880669,-0.0190886686735918,-0.0089749861871729,-0.0196279299495973,0.0409863738193094,-0.0468789014354914,0.1246428511449599,-0.0280968501865194,-0.1728157669507933,2019-02-13,2019-02-14,2019-02-15,2019-02-19,2019-02-20,2019-02-21,2019-02-22,2019-02-25,2019-02-26,2019-02-27,60628.0,2019-02-12,252.0,2.4076%,-0.0009,1.3526,0.181,0.5655,1.2312%,1.8184%,54.1588%,0.006795,FDX,60628.0,2019-02-13,252.0,0.0917%,-0.0009,1.3502,0.1841,0.5654,1.2310%,1.8139%,53.9469%,-0.003475,FDX,60628.0,2019-02-14,252.0,-0.9158%,-0.0009,1.351,0.1824,0.5672,1.2311%,1.8146%,53.9706%,-0.004101,FDX,60628.0,2019-02-15,252.0,-2.5120%,-0.001,1.3398,0.1678,0.5431,1.2533%,1.8209%,52.6241%,-0.0436639999999999,FDX,60628.0,2019-02-19,252.0,0.5298%,-0.001,1.3383,0.1714,0.5473,1.2528%,1.8176%,52.4908%,0.0005369999999999,FDX,60628.0,2019-02-20,252.0,0.9209%,-0.001,1.3399,0.1768,0.5534,1.2528%,1.8187%,52.5485%,0.003179,FDX,60628.0,2019-02-21,252.0,0.2034%,-0.001,1.337,0.173,0.5481,1.2541%,1.8172%,52.3693%,0.008288,FDX,60628.0,2019-02-22,252.0,-0.9820%,-0.0011,1.3393,0.1521,0.5558,1.2528%,1.8168%,52.4496%,-0.011505,FDX,60628.0,2019-02-25,252.0,0.3213%,-0.0011,1.3406,0.1517,0.5607,1.2508%,1.8159%,52.5590%,0.0025,FDX,60628.0,2019-02-26,252.0,0.3535%,-0.0011,1.333,0.1459,0.552,1.2508%,1.8071%,52.0947%,0.0084009999999999,FDX,60628.0,2019-02-27,252.0,0.0550%,-0.0011,1.3346,0.1432,0.5523,1.2505%,1.8060%,52.0515%,-0.000364,FDX,0.00332,-0.000781,-0.044445,-0.0407289999999999,-0.033409
10251,FIDELITY NATIONAL INFO SVCS INC,Fidelity National Sees FY19 Adj. EPS $7.35-$7.55 May Not Compare To $5.75 Est.,6,increase,0.8,0.7,"the adjusted eps guidance of $7.35-$7.55 significantly exceeds the $5.75 estimate, indicating strong financial performance that is likely to boost investor confidence and drive the stock price up.",2,2019-02-12,FIS,2019-02-12 12:18:00+00:00,89003.0,31620M10,-0.0233730114996433,3944454.0,0.0022524434607476,0.0009174171718768,-0.004588424693793,0.0030367334838956,0.0247412715107202,-0.0093892328441143,-0.0020196568220853,-0.001819877885282,-0.0151780107989907,0.0085344621911644,0.000560481857974,0.016511233523488,-0.000280119566014,0.025542888790369,-0.0028013393748551,-0.0093820877373218,0.0001872520224424,0.0186311453580856,0.0037449821829795,-0.0067120967432856,0.0087678618729114,-0.0108128562569618,0.0022191202733665,0.0025674840435385,-0.009871756657958,-0.006893906276673,-0.0040067117661237,0.0052212178707122,-0.0027130781672894,-0.0047241118736565,-0.0089117912575602,0.0156414676457643,0.0005678898305632,0.0052088447846472,0.0125816082581877,-0.0099322022870182,0.0030829766765236,0.0101292245090007,0.0021420854609459,0.0012557219015434,0.0049256533384323,-0.0028893677517771,0.0102059608325362,0.0110029689967632,-0.0069801113568246,-0.0047485753893852,-0.0140584930777549,0.0075181047432124,0.001407143776305,0.0062880665063858,0.0319438278675079,0.0352965258061885,0.0022694261278957,-0.0307601578533649,-0.0180237796157598,-0.0109215285629034,0.013742902316153,0.0172602478414773,0.0005458789528347,-9.920785669237377e-05,0.0110029922798275,0.0139796780422329,0.0172692760825157,0.0375665090978145,0.006012381054461,-0.0206438079476356,0.0029882576782256,-0.0130119118839502,0.0070977704599499,-0.0188044495880603,-0.0078308666124939,-0.0052180644124746,-0.0056125526316463,-0.0048010763712227,0.0022929899860173,-0.0241896826773881,0.0009678892092779,-0.0119036575779318,-0.0121308444067835,-0.0053400732576847,0.0046271961182355,0.0085986582562327,0.002302941866219,0.0014193936949595,-0.0001767786452546,0.0101318825036287,-0.0137882055714726,-0.0110596287995576,-0.0043018762953579,-0.0031097042374312,-0.0018901807488873,-0.027492668479681,0.0119036855176091,0.0108384052291512,0.0052580339834094,0.0198393817991018,-0.0067376075312495,-0.0194534379988908,-0.004373419098556,0.0367844216525554,-0.0058269971050322,-0.0025864224880933,0.0057709594257175,0.0109432227909565,0.0393580719828605,-0.0008707918459549,-0.0061243777163326,0.008784788660705,0.0223919618874788,-0.0181138534098863,-0.0003395663225091,-0.0326349362730979,-0.0037364338058978,0.0097360126674175,-0.0121888881549239,0.0221031233668327,0.0021572180557996,-0.0027671842835843,-0.0023247515782713,-0.0084208473563194,0.0022524434607475,0.0009174171718768,-0.002346316400242,0.0039569366072169,0.0223369042593697,-0.0054694488360519,0.0047864330800091,0.0011929636652332,0.0061942372224215,0.0461213669862596,0.0354491737065874,0.0821265507413631,0.0910020657526673,0.0353848142487318,2019-02-13,2019-02-14,2019-02-15,2019-02-19,2019-02-20,2019-02-21,2019-02-22,2019-02-25,2019-02-26,2019-02-27,89003.0,2019-02-12,252.0,-2.3373%,0.0002,0.8284,-0.0303,-0.2714,0.7936%,1.2465%,59.4701%,-0.035529,FIS,89003.0,2019-02-13,252.0,0.2252%,0.0002,0.8336,-0.0391,-0.273,0.7904%,1.2465%,59.7969%,4.1e-05,FIS,89003.0,2019-02-14,252.0,-0.4588%,0.0002,0.8341,-0.0418,-0.2692,0.7896%,1.2453%,59.8005%,-0.004318,FIS,89003.0,2019-02-15,252.0,2.4741%,0.0003,0.8561,-0.0203,-0.2311,0.7914%,1.2545%,60.2006%,0.016612,FIS,89003.0,2019-02-19,252.0,-0.2020%,0.0003,0.8575,-0.0251,-0.2367,0.7907%,1.2542%,60.2568%,-0.002994,FIS,89003.0,2019-02-20,252.0,-1.5178%,0.0002,0.8518,-0.0432,-0.2582,0.7926%,1.2556%,60.1497%,-0.01555,FIS,89003.0,2019-02-21,252.0,0.0560%,0.0002,0.8509,-0.0446,-0.26,0.7928%,1.2551%,60.1007%,0.002988,FIS,89003.0,2019-02-22,252.0,-0.0280%,0.0002,0.8524,-0.0503,-0.2467,0.7949%,1.2550%,59.8819%,-0.009487,FIS,89003.0,2019-02-25,252.0,-0.2801%,0.0001,0.8534,-0.0469,-0.2415,0.7940%,1.2540%,59.9111%,-0.004755,FIS,89003.0,2019-02-26,252.0,0.0187%,0.0001,0.8507,-0.0446,-0.2424,0.7935%,1.2490%,59.6350%,0.0003549999999999,FIS,89003.0,2019-02-27,252.0,0.3745%,0.0002,0.8548,-0.0512,-0.2417,0.7916%,1.2492%,59.8433%,0.002673,FIS,-0.035488,-0.039806,-0.023194,-0.041738,-0.049964
10259,FIDELITY NATIONAL INFO SVCS INC,"Fidelity National Q4 EPS $1.60 Beats $1.59 Estimate, Sales $2.17B Miss $2.22B Estimate",6,uncertain,0.6,0.2,"while the earnings per share (eps) beat estimates, the sales miss could lead to mixed investor reactions, making the overall impact on the stock price uncertain.",1,2019-02-12,FIS,2019-02-12 12:16:00+00:00,89003.0,31620M10,-0.0233730114996433,3944454.0,0.0022524434607476,0.0009174171718768,-0.004588424693793,0.0030367334838956,0.0247412715107202,-0.0093892328441143,-0.0020196568220853,-0.001819877885282,-0.0151780107989907,0.0085344621911644,0.000560481857974,0.016511233523488,-0.000280119566014,0.025542888790369,-0.0028013393748551,-0.0093820877373218,0.0001872520224424,0.0186311453580856,0.0037449821829795,-0.0067120967432856,0.0087678618729114,-0.0108128562569618,0.0022191202733665,0.0025674840435385,-0.009871756657958,-0.006893906276673,-0.0040067117661237,0.0052212178707122,-0.0027130781672894,-0.0047241118736565,-0.0089117912575602,0.0156414676457643,0.0005678898305632,0.0052088447846472,0.0125816082581877,-0.0099322022870182,0.0030829766765236,0.0101292245090007,0.0021420854609459,0.0012557219015434,0.0049256533384323,-0.0028893677517771,0.0102059608325362,0.0110029689967632,-0.0069801113568246,-0.0047485753893852,-0.0140584930777549,0.0075181047432124,0.001407143776305,0.0062880665063858,0.0319438278675079,0.0352965258061885,0.0022694261278957,-0.0307601578533649,-0.0180237796157598,-0.0109215285629034,0.013742902316153,0.0172602478414773,0.0005458789528347,-9.920785669237377e-05,0.0110029922798275,0.0139796780422329,0.0172692760825157,0.0375665090978145,0.006012381054461,-0.0206438079476356,0.0029882576782256,-0.0130119118839502,0.0070977704599499,-0.0188044495880603,-0.0078308666124939,-0.0052180644124746,-0.0056125526316463,-0.0048010763712227,0.0022929899860173,-0.0241896826773881,0.0009678892092779,-0.0119036575779318,-0.0121308444067835,-0.0053400732576847,0.0046271961182355,0.0085986582562327,0.002302941866219,0.0014193936949595,-0.0001767786452546,0.0101318825036287,-0.0137882055714726,-0.0110596287995576,-0.0043018762953579,-0.0031097042374312,-0.0018901807488873,-0.027492668479681,0.0119036855176091,0.0108384052291512,0.0052580339834094,0.0198393817991018,-0.0067376075312495,-0.0194534379988908,-0.004373419098556,0.0367844216525554,-0.0058269971050322,-0.0025864224880933,0.0057709594257175,0.0109432227909565,0.0393580719828605,-0.0008707918459549,-0.0061243777163326,0.008784788660705,0.0223919618874788,-0.0181138534098863,-0.0003395663225091,-0.0326349362730979,-0.0037364338058978,0.0097360126674175,-0.0121888881549239,0.0221031233668327,0.0021572180557996,-0.0027671842835843,-0.0023247515782713,-0.0084208473563194,0.0022524434607475,0.0009174171718768,-0.002346316400242,0.0039569366072169,0.0223369042593697,-0.0054694488360519,0.0047864330800091,0.0011929636652332,0.0061942372224215,0.0461213669862596,0.0354491737065874,0.0821265507413631,0.0910020657526673,0.0353848142487318,2019-02-13,2019-02-14,2019-02-15,2019-02-19,2019-02-20,2019-02-21,2019-02-22,2019-02-25,2019-02-26,2019-02-27,89003.0,2019-02-12,252.0,-2.3373%,0.0002,0.8284,-0.0303,-0.2714,0.7936%,1.2465%,59.4701%,-0.035529,FIS,89003.0,2019-02-13,252.0,0.2252%,0.0002,0.8336,-0.0391,-0.273,0.7904%,1.2465%,59.7969%,4.1e-05,FIS,89003.0,2019-02-14,252.0,-0.4588%,0.0002,0.8341,-0.0418,-0.2692,0.7896%,1.2453%,59.8005%,-0.004318,FIS,89003.0,2019-02-15,252.0,2.4741%,0.0003,0.8561,-0.0203,-0.2311,0.7914%,1.2545%,60.2006%,0.016612,FIS,89003.0,2019-02-19,252.0,-0.2020%,0.0003,0.8575,-0.0251,-0.2367,0.7907%,1.2542%,60.2568%,-0.002994,FIS,89003.0,2019-02-20,252.0,-1.5178%,0.0002,0.8518,-0.0432,-0.2582,0.7926%,1.2556%,60.1497%,-0.01555,FIS,89003.0,2019-02-21,252.0,0.0560%,0.0002,0.8509,-0.0446,-0.26,0.7928%,1.2551%,60.1007%,0.002988,FIS,89003.0,2019-02-22,252.0,-0.0280%,0.0002,0.8524,-0.0503,-0.2467,0.7949%,1.2550%,59.8819%,-0.009487,FIS,89003.0,2019-02-25,252.0,-0.2801%,0.0001,0.8534,-0.0469,-0.2415,0.7940%,1.2540%,59.9111%,-0.004755,FIS,89003.0,2019-02-26,252.0,0.0187%,0.0001,0.8507,-0.0446,-0.2424,0.7935%,1.2490%,59.6350%,0.0003549999999999,FIS,89003.0,2019-02-27,252.0,0.3745%,0.0002,0.8548,-0.0512,-0.2417,0.7916%,1.2492%,59.8433%,0.002673,FIS,-0.035488,-0.039806,-0.023194,-0.041738,-0.049964
10267,FLEX LTD,"Flex Shares Pullback From Recent High Following Unusual Option Activity: Mar. 2019 $10 Calls At The Ask Showing Volume Of 2,000 Contracts vs Open Interest 328 Contracts",6,uncertain,0.6,0.3,"the unusual option activity may indicate speculative interest, but the pullback from recent highs suggests mixed sentiment among investors.",1,2019-02-12,FLEX,2019-02-12 16:19:00+00:00,80329.0,Y2573F10,0.0118929520249366,9796146.0,0.002938269637525,0.0477673970162868,-0.0009765848517417,-0.0041365008801221,0.0019550791475921,-0.0061664409004151,0.0146341091021895,0.0285411737859249,0.0,0.0042462805286049,0.0,0.0021277084015309,0.0201923120766878,-0.0228690505027771,0.0047125536948442,0.0422535613179206,0.0,0.040586207062006,-0.010318917222321,0.0172017905861139,-0.0009478889987803,-0.0068336525000631,-0.0113851884379982,0.0281030181795358,0.0,0.0491399988532066,-0.0115163037553429,-0.0036719378549605,-0.0029125954024493,0.0036854706704616,-0.0223953742533922,0.0226131044328212,-0.0119521794840693,0.0037831286899745,0.0221774466335773,0.0,-0.008875754661858,-0.0037688706070184,0.0089552393183112,-0.0099502392113208,-0.0157791711390018,0.007518789730966,0.0330662205815315,-0.0049875853583216,0.0019398160511627,0.0295250955969095,0.0145207764580845,-0.0188916996121406,-0.0095419306308031,0.0166453421115875,0.0202312171459198,0.0385638251900672,-0.0377715341746807,-0.0468947887420654,-0.0206084437668323,0.0367936566472053,0.0010020269546657,-0.0013123034732416,-0.0090090241283178,-0.0078124925494194,-0.0111110769212245,0.0131925996392965,0.0214504636824131,0.0369357019662857,0.0340000167489051,-0.0174731332808733,0.0067697963677346,-0.0066755292937159,0.0096061844378709,0.0026773735880851,0.0313986614346504,-0.0183968916535377,0.0083025973290205,-0.0026212295051664,-0.0109789464622736,-0.0129365986213088,0.0064754569903016,-0.016539454460144,0.0183823350816965,-0.0391198247671127,0.0099277673289179,0.0136308073997497,0.0169794950634241,-0.0170524176210165,-0.0105448048561811,-0.0237811896950006,0.0186500921845436,-0.0070838746614754,-0.0226678494364023,0.0059382650069892,0.0,-0.0507327876985073,-0.0098126363009214,0.0137142725288868,0.0234233569353818,0.0233917906880378,-0.0052816434763371,-0.0092699797824025,-0.0460177399218082,0.0152941308915615,-0.001855241600424,0.0119048077613115,0.003717468585819,0.0181817710399627,0.0222222004085779,0.0147601328790187,0.0353261195123195,0.0099378786981105,-0.010498677380383,-0.0012407230678945,0.0,-0.0230302512645721,-0.005305076483637,0.0085574192926287,-0.0257777739316225,0.0276382248848676,-0.0319343395531177,0.0192061588168144,-0.0197926517575979,-0.015132394619286,0.002938269637525,0.0477673970162868,0.0019588153161649,0.0434333062563656,0.0039177241027357,0.0369990364398109,0.0186091656068769,0.0711252728567548,0.0333007008074086,0.1571100746700466,-0.0303624287513295,0.3138021361421124,0.0186091743743508,0.2723834012465835,2019-02-13,2019-02-14,2019-02-15,2019-02-19,2019-02-20,2019-02-21,2019-02-22,2019-02-25,2019-02-26,2019-02-27,80329.0,2019-02-12,252.0,1.1893%,-0.0018,1.327,0.6749,0.0072,2.9173%,3.2681%,20.3141%,-0.006337,FLEX,80329.0,2019-02-13,252.0,0.2938%,-0.0018,1.3252,0.6782,0.0079,2.9172%,3.2661%,20.2217%,-0.001287,FLEX,80329.0,2019-02-14,252.0,-0.0977%,-0.0018,1.3258,0.6785,0.0065,2.9167%,3.2660%,20.2446%,-0.0017749999999999,FLEX,80329.0,2019-02-15,252.0,0.1955%,-0.0018,1.326,0.6774,0.0051,2.9171%,3.2653%,20.1922%,-0.014854,FLEX,80329.0,2019-02-19,252.0,1.4634%,-0.0018,1.319,0.6979,0.0288,2.9118%,3.2546%,19.9567%,0.010035,FLEX,80329.0,2019-02-20,252.0,0.0000%,-0.0019,1.3183,0.6964,0.0264,2.9119%,3.2546%,19.9530%,-0.0043,FLEX,80329.0,2019-02-21,252.0,0.0000%,-0.0019,1.3226,0.7068,0.0343,2.9103%,3.2544%,20.0278%,0.005326,FLEX,80329.0,2019-02-22,252.0,2.0192%,-0.0018,1.3209,0.7156,0.0219,2.9108%,3.2571%,20.1329%,0.008112,FLEX,80329.0,2019-02-25,252.0,0.4713%,-0.0018,1.3202,0.7117,0.0172,2.9109%,3.2572%,20.1320%,0.004531,FLEX,80329.0,2019-02-26,252.0,0.0000%,-0.0018,1.3178,0.7024,0.0107,2.9114%,3.2551%,20.0048%,0.006624,FLEX,80329.0,2019-02-27,252.0,-1.0319%,-0.0018,1.3156,0.7031,0.0103,2.9121%,3.2541%,19.9176%,-0.012927,FLEX,-0.007624,-0.009399,-0.024253,-0.018518,-0.006852
10275,AMICUS THERAPEUTICS INC,WuXi Biologics  And Amicus Late Monday Reported Exclusive Manufacturing Partnership,6,increase,0.75,0.6,"the exclusive manufacturing partnership with wuxi biologics is likely to enhance amicus therapeutics' production capabilities and market position, which could positively impact investor sentiment and stock price.",2,2019-02-12,FOLD,2019-02-12 13:47:00+00:00,92040.0,03152W10,0.0209662299603223,1829519.0,-0.0008928775787353,-0.0377192422747612,0.0017873510951176,0.0187667608261108,0.0187332779169082,-0.0394849814474582,0.0148861715570092,0.0183566473424434,-0.0431406386196613,-0.0521955378353595,0.0144273983314633,-0.0008278335444629,0.0444444455206394,0.0033222560305148,0.0587233677506446,0.0317052155733108,-0.0233118943870067,0.0291005223989486,0.0230453256517648,0.0115967988967895,-0.0265486650168895,-0.0369416065514087,0.1504132002592087,0.0448833033442497,-0.0014368144329637,-0.0287706982344389,-0.0244603753089904,-0.0204952843487262,-0.0353982672095298,-0.0487408898770809,-0.0030581010505557,0.0008130267378874,0.0015337774530053,0.0115131866186857,0.0329249091446399,0.0141784884035587,0.0200148597359657,0.0536027811467647,0.0079941609874367,-0.0306643657386302,-0.0245133489370346,-0.007607789710164,0.0221729632467031,0.0304878391325473,-0.0216919872909784,0.0017451574094593,-0.0051736654713749,0.0456204377114772,-0.0066864895634353,0.0064278873614966,0.0336574278771877,0.05421107634902,-0.0405209474265575,0.0288844592869281,0.0007541650556959,0.0480167046189308,0.0158251002430915,0.0356756672263145,-0.0229969937354326,-0.0032327298540622,0.0197418555617332,0.0097932703793048,0.0126582328230142,0.0673635229468345,-0.0088235912844538,0.0274462457746267,0.0126112820580601,-0.0594836957752704,0.0300366897135973,-0.0511182621121406,-0.0106686037033796,-0.0647410005331039,0.0352264381945133,-0.0428979806602001,-0.0069444049149751,-0.0019029930699616,-0.0209790337830781,-0.0009505920461378,0.0114285601302981,-0.0410209484398365,-0.0240113101899623,0.0388257429003715,0.0043415646068751,-0.0047124633565545,-0.0244956873357296,0.0695564076304435,0.0073855523951351,-0.0424710027873516,-0.0564516447484493,0.0443547964096069,-0.013986038044095,-0.0932357907295227,0.0,-0.0090580051764845,0.0472813546657562,0.0464454740285873,-0.0105342622846365,-0.0176908373832702,0.0083650657907128,0.0386846810579299,0.014328776858747,-0.0625566244125366,-0.0007435114239342,0.0504761636257171,-0.0074404338374733,0.009615421295166,0.0052473535761237,0.0389609783887863,0.010439995676279,-0.0272108577191829,0.0324722938239574,-0.042790699750185,0.016440350562334,0.0336538851261138,-0.0386779308319091,0.0156249850988388,-0.0409656502306461,-0.0500927604734897,-0.0068649277091026,0.0662710294127464,-0.0008928775787353,-0.0377192422747612,0.000892877630664,-0.0196603494469629,0.0196428820723733,-0.0583690423612572,-0.0098213977405735,-0.0911349988753028,0.1098214771451306,-0.0214094344883225,0.175892889709547,0.1821121336887801,0.162500064409238,0.0850643606968815,2019-02-13,2019-02-14,2019-02-15,2019-02-19,2019-02-20,2019-02-21,2019-02-22,2019-02-25,2019-02-26,2019-02-27,92040.0,2019-02-12,252.0,2.0966%,-0.0013,1.444,1.7877,-0.4278,2.7474%,3.3899%,34.3130%,0.000279,FOLD,92040.0,2019-02-13,252.0,-0.0893%,-0.0013,1.446,1.7826,-0.4298,2.7473%,3.3897%,34.3080%,-0.005809,FOLD,92040.0,2019-02-14,252.0,0.1787%,-0.0012,1.4485,1.7802,-0.4291,2.7452%,3.3888%,34.3804%,-0.007039,FOLD,92040.0,2019-02-15,252.0,1.8733%,-0.0014,1.4084,1.7442,-0.4942,2.7272%,3.3595%,34.0998%,-0.000126,FOLD,92040.0,2019-02-19,252.0,1.4886%,-0.0014,1.4125,1.7473,-0.491,2.7276%,3.3603%,34.1130%,0.008535,FOLD,92040.0,2019-02-20,252.0,-4.3141%,-0.0014,1.4042,1.7491,-0.5153,2.7271%,3.3610%,34.1636%,-0.047068,FOLD,92040.0,2019-02-21,252.0,1.4427%,-0.0013,1.3969,1.7389,-0.5288,2.7300%,3.3597%,33.9748%,0.019562,FOLD,92040.0,2019-02-22,252.0,4.4444%,-0.0013,1.3949,1.7248,-0.5666,2.7312%,3.3694%,34.2944%,0.017927,FOLD,92040.0,2019-02-25,252.0,5.8723%,-0.001,1.394,1.6938,-0.586,2.7581%,3.3899%,33.8015%,0.059996,FOLD,92040.0,2019-02-26,252.0,-2.3312%,-0.001,1.3989,1.7047,-0.5767,2.7589%,3.3924%,33.8595%,-0.012275,FOLD,92040.0,2019-02-27,252.0,2.3045%,-0.0009,1.4054,1.6986,-0.5756,2.7601%,3.3953%,33.9164%,0.017755,FOLD,-0.00553,-0.012569,-0.012695,-0.051228,0.051737
10283,FRANKLIN STREET PROPERTIES CORP,"Franklin Street Properties Sees Q1 EPS $(0.02)-$0.00 vs $0.02 Est., FFO $0.19-$0.21, Sees FY19 EPS $(0.03)-$0.03 vs $0.08 Est., FFO $0.81-$0.87",6,decrease,0.75,0.6,"the company is projecting lower-than-expected earnings per share (eps) for both q1 and fy19, which is likely to negatively impact investor sentiment and lead to a decrease in stock price.",0,2019-02-12,FSP,2019-02-12 21:33:00+00:00,90755.0,35471R10,-0.026217233389616,505454.0,-0.0807692408561706,0.0242966823279857,-0.0139469876885414,-0.0249376893043518,0.0084865549579262,0.0361757986247539,0.0280504636466503,0.0078124925494194,0.0177353508770465,0.0,0.0,0.0185676217079162,0.0120643638074398,0.0161724910140037,-0.0105960788205266,0.0108991721644997,-0.0080321207642555,0.0082417502999305,-0.0080971587449312,0.0055249226279556,-0.0149660045281052,0.0125873666256666,-0.0082872854545712,0.030259370803833,0.0055710254237055,0.0188405737280845,0.0013850732939317,0.0072992979548871,-0.0152144031599164,0.0043987878598272,-0.0463483035564422,-0.00437952298671,0.0324006304144859,0.0029282548930495,0.0042795622721314,0.0073745888657867,0.0056818127632141,-0.0014727175002917,0.0197739917784929,-0.0145137747749686,0.0207756366580724,-0.0014493084745481,-0.0027137016877532,0.0117301940917968,-0.0068026822991669,-0.0014640925219282,-0.0205479580909013,0.0209267362952232,0.0069929668679833,0.0292307771742343,0.0222222674638032,0.0252365674823522,-0.0475543327629566,0.0111643020063638,0.0042795622721314,0.0064205396920442,0.0213068313896656,-0.0079618133604526,0.0,0.0161812920123338,0.0264255981892347,-0.0032258033752441,-0.0257452651858329,0.0163934268057346,0.0222531072795391,-0.0423861816525459,-0.0068026822991669,-0.0200000181794166,0.0013698290567845,-0.0356082767248153,0.0041039958596229,-0.0088235912844538,0.0204359143972396,0.0044313455000519,-0.0106808980926871,-0.0328571461141109,0.0013495585881173,-0.0014265661593526,0.0323449820280075,-0.0370879098773002,0.0,0.0,0.0013055129675194,-0.0175438113510608,0.0143416076898574,-0.019841281697154,0.0025706915184855,-0.023255793377757,-1.9104051673934922e-08,0.0170827377587556,0.0,-0.0318066142499446,-0.0259403120726347,0.020779263228178,0.0186417922377586,0.010498677380383,0.0209150128066539,-0.0039215958677232,-0.0281689874827861,0.0132450200617313,0.0184453055262565,-0.0091863116249442,0.0038810102269053,-0.0039215958677232,0.0128865856677293,0.011904782615602,0.0,0.0053191436454653,0.0,-0.0208333134651184,0.0139948669821023,-0.002597400220111,0.0025094079319387,-0.0012970465468242,-0.0337922386825084,-0.0051612854003906,-0.0129533559083938,-0.0089514283463358,0.0013123659882694,0.0103359697386622,-0.0807692408561706,0.0242966823279857,-0.0935897409368782,-0.0012469100913878,-0.0858974404589107,0.0348837805649968,-0.0435897580693676,0.0429688023901759,-0.0576923383304537,0.106353657300384,-0.0782051378133783,0.3129250032131461,-0.0103761392867547,0.0483044601321618,2019-02-13,2019-02-14,2019-02-15,2019-02-19,2019-02-20,2019-02-21,2019-02-22,2019-02-25,2019-02-26,2019-02-27,90755.0,2019-02-12,252.0,-2.6217%,-0.0005,0.5544,1.1676,0.5646,1.8534%,2.0053%,14.5750%,-0.033472,FSP,90755.0,2019-02-13,252.0,-8.0769%,-0.0008,0.5424,1.1543,0.542,1.9258%,2.0682%,13.3023%,-0.083517,FSP,90755.0,2019-02-14,252.0,-1.3947%,-0.0009,0.5459,1.1462,0.551,1.9281%,2.0699%,13.2345%,-0.015766,FSP,90755.0,2019-02-15,252.0,0.8487%,-0.0004,0.6409,1.2313,0.705,1.7801%,1.9675%,18.1438%,-0.003293,FSP,90755.0,2019-02-19,252.0,2.8050%,-0.0003,0.646,1.2433,0.7181,1.7851%,1.9756%,18.3554%,0.0210469999999999,FSP,90755.0,2019-02-20,252.0,1.7735%,-0.0003,0.6473,1.2387,0.7205,1.7831%,1.9738%,18.3830%,0.009723,FSP,90755.0,2019-02-21,252.0,0.0000%,-0.0003,0.6453,1.2358,0.7168,1.7834%,1.9722%,18.2337%,0.004819,FSP,90755.0,2019-02-22,252.0,1.2064%,-0.0001,0.6421,1.2783,0.717,1.7751%,1.9694%,18.7576%,0.01151,FSP,90755.0,2019-02-25,252.0,-1.0596%,-0.0001,0.6421,1.2818,0.7188,1.7756%,1.9704%,18.7967%,-0.007045,FSP,90755.0,2019-02-26,252.0,-0.8032%,-0.0001,0.6394,1.2794,0.7156,1.7756%,1.9705%,18.8029%,0.003471,FSP,90755.0,2019-02-27,252.0,-0.8097%,-0.0002,0.6376,1.2795,0.7153,1.7767%,1.9710%,18.7499%,-0.010345,FSP,-0.116989,-0.1327549999999999,-0.1360479999999999,-0.1052779999999999,-0.1028679999999999
10291,FRANKLIN STREET PROPERTIES CORP,"Franklin Street Propertie Q4 EPS $0.01, Inline, Sales $66.58M Beat $65.5M Estimate, AFFO $0.10 Down From $0.12 YoY",6,uncertain,0.6,0.2,"while the sales beat expectations, the decline in affo and the inline eps may create mixed reactions among investors, leading to uncertainty in the stock price movement.",1,2019-02-12,FSP,2019-02-12 21:32:00+00:00,90755.0,35471R10,-0.026217233389616,505454.0,-0.0807692408561706,0.0242966823279857,-0.0139469876885414,-0.0249376893043518,0.0084865549579262,0.0361757986247539,0.0280504636466503,0.0078124925494194,0.0177353508770465,0.0,0.0,0.0185676217079162,0.0120643638074398,0.0161724910140037,-0.0105960788205266,0.0108991721644997,-0.0080321207642555,0.0082417502999305,-0.0080971587449312,0.0055249226279556,-0.0149660045281052,0.0125873666256666,-0.0082872854545712,0.030259370803833,0.0055710254237055,0.0188405737280845,0.0013850732939317,0.0072992979548871,-0.0152144031599164,0.0043987878598272,-0.0463483035564422,-0.00437952298671,0.0324006304144859,0.0029282548930495,0.0042795622721314,0.0073745888657867,0.0056818127632141,-0.0014727175002917,0.0197739917784929,-0.0145137747749686,0.0207756366580724,-0.0014493084745481,-0.0027137016877532,0.0117301940917968,-0.0068026822991669,-0.0014640925219282,-0.0205479580909013,0.0209267362952232,0.0069929668679833,0.0292307771742343,0.0222222674638032,0.0252365674823522,-0.0475543327629566,0.0111643020063638,0.0042795622721314,0.0064205396920442,0.0213068313896656,-0.0079618133604526,0.0,0.0161812920123338,0.0264255981892347,-0.0032258033752441,-0.0257452651858329,0.0163934268057346,0.0222531072795391,-0.0423861816525459,-0.0068026822991669,-0.0200000181794166,0.0013698290567845,-0.0356082767248153,0.0041039958596229,-0.0088235912844538,0.0204359143972396,0.0044313455000519,-0.0106808980926871,-0.0328571461141109,0.0013495585881173,-0.0014265661593526,0.0323449820280075,-0.0370879098773002,0.0,0.0,0.0013055129675194,-0.0175438113510608,0.0143416076898574,-0.019841281697154,0.0025706915184855,-0.023255793377757,-1.9104051673934922e-08,0.0170827377587556,0.0,-0.0318066142499446,-0.0259403120726347,0.020779263228178,0.0186417922377586,0.010498677380383,0.0209150128066539,-0.0039215958677232,-0.0281689874827861,0.0132450200617313,0.0184453055262565,-0.0091863116249442,0.0038810102269053,-0.0039215958677232,0.0128865856677293,0.011904782615602,0.0,0.0053191436454653,0.0,-0.0208333134651184,0.0139948669821023,-0.002597400220111,0.0025094079319387,-0.0012970465468242,-0.0337922386825084,-0.0051612854003906,-0.0129533559083938,-0.0089514283463358,0.0013123659882694,0.0103359697386622,-0.0807692408561706,0.0242966823279857,-0.0935897409368782,-0.0012469100913878,-0.0858974404589107,0.0348837805649968,-0.0435897580693676,0.0429688023901759,-0.0576923383304537,0.106353657300384,-0.0782051378133783,0.3129250032131461,-0.0103761392867547,0.0483044601321618,2019-02-13,2019-02-14,2019-02-15,2019-02-19,2019-02-20,2019-02-21,2019-02-22,2019-02-25,2019-02-26,2019-02-27,90755.0,2019-02-12,252.0,-2.6217%,-0.0005,0.5544,1.1676,0.5646,1.8534%,2.0053%,14.5750%,-0.033472,FSP,90755.0,2019-02-13,252.0,-8.0769%,-0.0008,0.5424,1.1543,0.542,1.9258%,2.0682%,13.3023%,-0.083517,FSP,90755.0,2019-02-14,252.0,-1.3947%,-0.0009,0.5459,1.1462,0.551,1.9281%,2.0699%,13.2345%,-0.015766,FSP,90755.0,2019-02-15,252.0,0.8487%,-0.0004,0.6409,1.2313,0.705,1.7801%,1.9675%,18.1438%,-0.003293,FSP,90755.0,2019-02-19,252.0,2.8050%,-0.0003,0.646,1.2433,0.7181,1.7851%,1.9756%,18.3554%,0.0210469999999999,FSP,90755.0,2019-02-20,252.0,1.7735%,-0.0003,0.6473,1.2387,0.7205,1.7831%,1.9738%,18.3830%,0.009723,FSP,90755.0,2019-02-21,252.0,0.0000%,-0.0003,0.6453,1.2358,0.7168,1.7834%,1.9722%,18.2337%,0.004819,FSP,90755.0,2019-02-22,252.0,1.2064%,-0.0001,0.6421,1.2783,0.717,1.7751%,1.9694%,18.7576%,0.01151,FSP,90755.0,2019-02-25,252.0,-1.0596%,-0.0001,0.6421,1.2818,0.7188,1.7756%,1.9704%,18.7967%,-0.007045,FSP,90755.0,2019-02-26,252.0,-0.8032%,-0.0001,0.6394,1.2794,0.7156,1.7756%,1.9705%,18.8029%,0.003471,FSP,90755.0,2019-02-27,252.0,-0.8097%,-0.0002,0.6376,1.2795,0.7153,1.7767%,1.9710%,18.7499%,-0.010345,FSP,-0.116989,-0.1327549999999999,-0.1360479999999999,-0.1052779999999999,-0.1028679999999999
10299,GENPACT LTD,Genpact Reports Offering Of 10M Common Shares By Selling Shareholders,6,decrease,0.7,0.5,"the offering of 10 million common shares by selling shareholders may dilute existing shares and signal potential selling pressure, which could lead to a decrease in stock price.",0,2019-02-12,G,2019-02-12 22:01:00+00:00,92261.0,G3922B10,0.0009204903035424,1080577.0,-0.005518096499145,-0.0045815980993211,0.0073983259499073,0.0657552853226661,0.0079558845609426,-0.0122186839580535,0.0024287139531224,0.014020225033164,0.0060569583438336,0.0013059391640126,-0.0006020606961101,0.0169322155416011,0.0039156945422291,0.0097217876464128,0.0036003277637064,0.0070897731930017,-0.003587411949411,0.0129959322512149,-0.0048005897551774,0.0,0.001507478300482,-0.0044263214804232,0.0096327420324087,0.0110155455768108,-0.0020870510488748,0.0041479063220322,-0.0011951273772865,-0.0013807044597342,-0.0017948361346498,-0.0085557838901877,-0.001048814272508,0.0135275544598698,0.0054135429672896,0.0098073799163103,0.0083756735548377,0.0084775621071457,0.0,0.0183453317731618,0.0029665466863662,-0.0067881578579545,0.0029576595406979,0.0104692783206701,0.0058979876339435,-0.0043134051375091,0.00175894331187,0.0010794810950756,-0.0023411770816892,0.0172035582363605,0.0002932919305749,0.0077461851760745,0.0170088522136211,0.0257283505052328,-0.0161476749926805,-0.0134378718212246,0.0041031474247574,-0.0074101095087826,0.0128430370241403,0.0097269071266055,-0.0043228105641901,0.0,0.0138928955420851,0.0167363490909338,0.0042820875532925,0.0158424172550439,0.0065377922728657,-0.0122138010337948,0.0016944754170253,-0.0299888737499713,0.0062023513019084,-0.0106226745992898,-0.0058839758858084,0.005154616665095,0.0011274215066805,-0.0025706829037517,0.001970712095499,-0.0062043825164437,-0.0005619684816338,-0.0294013433158397,0.0042170798406004,-0.0063358079642057,0.0011197396088391,0.009236242622137,0.0053132674656808,-0.0028338620904833,-0.0036161630414426,-0.0066854516044259,0.005025134421885,-0.0054101063869893,-0.0030555725097656,-0.0151254907250404,0.0025076665915548,-0.0383471027016639,0.0025013939011842,-0.0042791035957634,0.0105351004749536,0.0049619455821812,-0.0041152681224048,0.0069953058846294,-0.0035812966525554,0.0252732150256633,0.0011059142416343,-0.0101419622078537,-0.0046947854571044,0.0112820491194725,0.0072141597047448,-0.0010246136225759,-0.0162534471601247,0.0075705857016146,0.0070008402690291,-0.0112283062189817,0.0102892871946096,-0.014750269241631,-0.0022020870819687,0.0163543280214071,-0.0068965516984462,0.0082445815205574,0.0011111365165561,-0.0247906111180782,0.0008323745569214,-0.0006695834454149,-0.005518096499145,-0.0045815980993211,0.0018394047742384,0.0608724229330903,0.0098099234272257,0.0479099580774564,0.0183936944489351,0.0639895849300651,0.0168607985662754,0.1145690962870253,0.0618738088226982,0.2192293556073885,0.108590125351325,0.0939405343276507,2019-02-13,2019-02-14,2019-02-15,2019-02-19,2019-02-20,2019-02-21,2019-02-22,2019-02-25,2019-02-26,2019-02-27,92261.0,2019-02-12,252.0,0.0920%,-0.0001,0.6818,0.0378,-0.1473,1.1926%,1.4194%,29.4060%,-0.008818,G,92261.0,2019-02-13,252.0,-0.5518%,-0.0001,0.68,0.0378,-0.1491,1.1934%,1.4182%,29.1872%,-0.007447,G,92261.0,2019-02-14,252.0,0.7398%,0.0002,0.6824,0.0443,-0.1634,1.1242%,1.3646%,32.1292%,0.007665,G,92261.0,2019-02-15,252.0,0.7956%,0.0001,0.6771,0.0396,-0.1719,1.1234%,1.3615%,31.9219%,0.0008179999999999,G,92261.0,2019-02-19,252.0,0.2429%,0.0001,0.674,0.0452,-0.1654,1.1213%,1.3558%,31.5990%,0.001443,G,92261.0,2019-02-20,252.0,0.6057%,0.0001,0.6751,0.0458,-0.162,1.1215%,1.3561%,31.5972%,0.005487,G,92261.0,2019-02-21,252.0,-0.0602%,0.0001,0.6724,0.0405,-0.167,1.1208%,1.3544%,31.5190%,0.001455,G,92261.0,2019-02-22,252.0,0.3916%,0.0001,0.6733,0.0273,-0.1675,1.1195%,1.3540%,31.6450%,-0.003232,G,92261.0,2019-02-25,252.0,0.3600%,0.0001,0.6735,0.0265,-0.1672,1.1195%,1.3541%,31.6490%,0.00226,G,92261.0,2019-02-26,252.0,-0.3587%,0.0001,0.6722,0.032,-0.1653,1.1194%,1.3516%,31.3988%,-0.002992,G,92261.0,2019-02-27,252.0,-0.4801%,0.0001,0.6805,0.0156,-0.164,1.1136%,1.3500%,31.9502%,-0.005765,G,-0.016265,-0.0086,-0.007782,-0.000852,-0.009126
10307,GENERAL DYNAMICS CORP,General Dynamics' IT Unit Wins $491M Blanket Purchase Order To Continue Supporting Defense Info Systems Agency's Joint Service Provider Enterprise Transportat Mgmt. Next-Gen Program,6,increase,0.8,0.6,"the significant $491m contract indicates strong demand for general dynamics' services, which is likely to positively impact investor sentiment and stock price.",2,2019-02-12,GD,2019-02-12 17:03:00+00:00,12052.0,36955010,0.0107061481103301,1303432.0,0.0041676387190818,-0.0069137956015765,-0.007954747416079,-0.0084682367742061,0.0182452015578746,0.0048043634742498,-0.0026250097434967,0.0031354853417724,-0.0018880984280258,-0.0136876432225108,-0.0161650441586971,0.0330119021236896,0.0053020357154309,-0.0125021869316697,0.0034774900414049,0.0015212363796308,-0.0181356091052293,-0.0289204344153404,-0.0038823743816465,0.0221267063170671,0.0051966747269034,0.0056652328930795,-0.0055222795344889,0.002341610379517,-0.0149456448853015,0.0119069358333945,0.0076761543750762,0.0095084104686975,-0.0092840418219566,-0.0080673899501562,-0.0007809508242644,0.0172580294311046,-0.0012023382587358,0.0186430010944604,0.020284067839384,0.0028197052888572,-0.0043654665350914,-0.0084483036771416,0.0174793917685747,0.004395343363285,-0.0124039417132735,0.0084959976375103,0.0011792968725785,0.0095090046525001,0.0110725304111838,0.0141181787475943,-0.00553385540843,6.309338641585782e-05,-0.0130622992292046,0.0055776736699044,0.0079529723152518,0.0286888517439365,-0.0234351754188537,-0.0247361026704311,0.0046426830813288,0.0003179682535119,0.001680463203229,0.0121684223413467,-0.0020371261052787,0.0012894031824544,0.007204592693597,0.0193861927837133,0.0090605886653065,0.0267187859863042,0.0178993307054042,-0.0151504995301365,-0.0137542523443698,-0.026647662743926,-0.0128869153559207,-0.0275489315390586,0.0084649669006466,-0.0234628841280937,0.0115268481895327,-0.0039155669510364,0.0068957922048866,-0.0326685458421707,-0.0181660167872905,-0.0119290882721543,0.0011822247179225,-0.0012265314580872,0.0181850250810384,-0.006095100659877,0.0204164981842041,0.000406546605518,-0.0167495161294937,0.0287967007607221,0.0101163107901811,-0.0212840568274259,0.0045469854958355,-0.0124725056812167,0.0132928853854537,-0.0462081544101238,0.0010177702642977,-0.0179565791040659,0.0301643591374158,0.014931115321815,-0.0089927036315202,0.0007691006176173,-0.0213024448603391,0.0189767088741064,0.0067277387715876,-0.0058434139937162,0.0064019728451967,0.008022035472095,-0.0027342529501765,0.0085431085899472,-0.0130371628329157,0.0047180643305182,-0.010317999869585,-0.0192886982113122,0.0121440971270203,-0.020102659240365,-0.0075273178517818,0.0039486740715801,-0.0278284940868616,0.0139012457802891,-0.0128460964187979,-0.0013327714987099,0.0223424434661865,-0.0051377974450588,0.0041676387190818,-0.0069137956015765,-0.0038202612103289,-0.0153234847176201,0.0143552389117596,-0.0105927408336458,0.0097823714195075,-0.0210755852324602,-0.0197962378603527,-0.0073175550132345,-0.0358879200608375,0.1081049246031571,0.0018158029536718,-0.05038818248494,2019-02-13,2019-02-14,2019-02-15,2019-02-19,2019-02-20,2019-02-21,2019-02-22,2019-02-25,2019-02-26,2019-02-27,12052.0,2019-02-12,252.0,1.0706%,-0.0008,0.8742,0.1531,0.2046,1.1208%,1.4325%,38.7823%,-0.001101,GD,12052.0,2019-02-13,252.0,0.4168%,-0.0007,0.8847,0.1364,0.2021,1.1122%,1.4309%,39.5915%,0.001385,GD,12052.0,2019-02-14,252.0,-0.7955%,-0.0008,0.8852,0.1333,0.2065,1.1111%,1.4299%,39.6184%,-0.005734,GD,12052.0,2019-02-15,252.0,1.8245%,-0.0008,0.8767,0.1264,0.1937,1.1073%,1.4213%,39.3101%,0.0068179999999999,GD,12052.0,2019-02-19,252.0,-0.2625%,-0.001,0.8681,0.1345,0.2034,1.0968%,1.4055%,39.1054%,-0.005338,GD,12052.0,2019-02-20,252.0,-0.1888%,-0.0009,0.8675,0.1355,0.2019,1.0965%,1.4053%,39.1099%,-0.005052,GD,12052.0,2019-02-21,252.0,-1.6165%,-0.001,0.869,0.136,0.2047,1.0988%,1.4073%,39.0381%,-0.012496,GD,12052.0,2019-02-22,252.0,0.5302%,-0.001,0.8685,0.139,0.2015,1.0988%,1.4076%,39.0549%,0.001814,GD,12052.0,2019-02-25,252.0,0.3477%,-0.0009,0.8683,0.137,0.1999,1.0991%,1.4078%,39.0470%,0.002799,GD,12052.0,2019-02-26,252.0,-1.8136%,-0.001,0.876,0.1496,0.212,1.1017%,1.4117%,39.0986%,-0.0153099999999999,GD,12052.0,2019-02-27,252.0,-0.3882%,-0.0011,0.8678,0.163,0.2106,1.0959%,1.4014%,38.8514%,-0.004801,GD,0.000284,-0.00545,0.0013679999999999,-0.009022,-0.037016
10315,GEVO INC,Gevo 13G Shows Renaissance Technologies Raised Stake In Co. From ~563.5K Shares To ~613.1K Shares,6,increase,0.7,0.5,"the increase in stake by renaissance technologies, a well-known investment firm, may signal positive sentiment towards gevo inc, potentially leading to an increase in stock price.",2,2019-02-12,GEVO,2019-02-12 20:57:00+00:00,12579.0,37439640,0.056521788239479,298511.0,-0.0123456669971346,0.0222222004085779,0.0041666626930236,-0.0301723852753639,0.016597494482994,-0.0720000267028808,-0.0204081442207098,-0.0039840601384639,0.0833332538604736,0.0080321207642555,0.0076923007145524,-0.0196850206702947,-0.0305343233048915,-0.0268198996782302,0.0,-0.0261194668710231,-0.0078740082681179,0.0190113876014947,-0.0158730000257492,-0.0539567843079567,-0.0604839101433754,0.0258302334696054,-0.0214592069387435,-0.0181159246712923,-0.0307017248123884,0.0337078310549259,-0.0180995296686887,-0.072916679084301,0.0322580337524414,0.0069930837489664,-0.0089285625144839,-0.0069445203989744,0.0765766128897667,0.0686457082629203,-0.0251046773046255,0.0169810708612203,0.0600858852267265,-0.0257352702319622,-0.0445344671607017,0.0149253588169813,-0.0084745688363909,0.0307692941278219,-0.017094001173973,0.0317460000514984,0.0826087221503257,-0.0117646949365735,-0.0401606038212776,0.0079051312059164,-0.0083682918921113,0.0720339342951774,-0.0210970267653465,0.0925925001502037,-0.0086206812411546,0.0046511581167578,-0.0260869320482015,0.0969388037919998,-0.0312499701976776,-0.0531400479376316,0.0322580337524414,-0.0189573280513286,-0.0267856884747743,0.0656565055251121,0.0045871515758335,0.0531915016472339,0.031963437795639,-0.1047618687152863,-0.0044247745536267,-0.0497738160192966,0.0533332824707031,-0.0595744140446186,0.0421941541135311,0.0217391103506088,-0.0121457371860742,-0.0376569665968418,-0.0368853062391281,-0.0553359165787696,0.0382979400455951,-0.0174757577478885,0.0204917825758457,-0.0096153300255537,-0.0240963622927665,0.0236220248043537,0.0041152224875986,-0.0155038619413971,-0.0245901402086019,-0.044444490224123,-0.0126051297411322,-0.0391458719968795,-0.0425531528890132,-0.0243056137114763,-0.0266666412353515,0.0034844004549086,-0.0091324113309383,0.0141342626884579,0.0322580337524414,-0.0104895010590553,-0.0312499701976776,0.003508768742904,-0.0138248708099126,0.0070671313442289,0.0327102467417717,-0.0341297425329685,-0.0090497648343443,0.0068728453479707,-0.0091324113309383,-0.023489911109209,-0.0230415612459182,0.0383275747299194,-0.0330188386142253,-0.0034723016433417,0.0353658497333526,-0.0463575720787048,0.022379333153367,-0.0194805022329092,-0.0092165805399417,0.019867530092597,0.0279069487005472,-0.0532915592193603,-0.0226244125515222,0.0159235503524541,-0.0123456669971346,0.0222222004085779,-0.0082304445342085,-0.0086206816591799,0.0082304451910364,-0.0800000190524028,0.0699587821043086,-0.0763052437691812,0.0205761154536341,-0.1726618810509855,-0.0781893110372342,0.0900474180094179,-0.1111110901006863,-0.2675159747008639,2019-02-13,2019-02-14,2019-02-15,2019-02-19,2019-02-20,2019-02-21,2019-02-22,2019-02-25,2019-02-26,2019-02-27,12579.0,2019-02-12,252.0,5.6522%,0.0037,1.254,4.9572,3.2938,17.9923%,18.2022%,2.2926%,0.044518,GEVO,12579.0,2019-02-13,252.0,-1.2346%,0.0033,1.2127,5.0169,3.2984,17.9855%,18.1975%,2.3162%,-0.021237,GEVO,12579.0,2019-02-14,252.0,0.4167%,0.0035,1.2174,5.0171,3.2917,17.9818%,18.1939%,2.3177%,-0.000344,GEVO,12579.0,2019-02-15,252.0,1.6597%,0.0038,1.2763,5.0668,3.3832,17.9728%,18.1917%,2.3923%,-0.025602,GEVO,12579.0,2019-02-19,252.0,-2.0408%,0.0034,1.2492,5.0584,3.376,17.9726%,18.1906%,2.3816%,-0.047776,GEVO,12579.0,2019-02-20,252.0,8.3333%,0.0037,1.2662,5.1141,3.4415,17.9733%,18.1973%,2.4471%,0.051163,GEVO,12579.0,2019-02-21,252.0,0.7692%,0.0036,1.2816,5.1499,3.4695,17.9703%,18.1968%,2.4742%,0.023773,GEVO,12579.0,2019-02-22,252.0,-3.0534%,0.0037,1.2821,5.2083,3.5285,17.9684%,18.1981%,2.5089%,-0.016287,GEVO,12579.0,2019-02-25,252.0,0.0000%,0.0037,1.2846,5.2038,3.5354,17.9680%,18.1980%,2.5109%,0.01787,GEVO,12579.0,2019-02-26,252.0,-0.7874%,0.0039,1.291,5.1485,3.5122,17.9688%,18.1973%,2.4952%,0.0390519999999999,GEVO,12579.0,2019-02-27,252.0,-1.5873%,0.0038,1.2906,5.1413,3.512,17.9696%,18.1975%,2.4887%,-0.022702,GEVO,0.023281,0.022937,-0.0026649999999999,0.000722,0.0424279999999999
10323,GILEAD SCIENCES INC,UPDATE: Raymond James Lowers Gilead Target From $90 To $85 As Firm Notes 'Gilead's Phase 3 trial in F4 NASH patients (STELLAR4) failed' And Firm Has 'very little reason to suspect STELLAR3 in F3 NASH (data 2Q19E) will be any different',6,decrease,0.85,0.7,the downgrade of gilead's target price and the failure of a key clinical trial are likely to negatively impact investor sentiment and lead to a decrease in the stock price.,0,2019-02-12,GILD,2019-02-12 14:21:00+00:00,77274.0,37555810,-0.0328305400907993,15925833.0,0.0082568945363163,0.002223232993856,0.0065210843458771,0.0028240552637726,0.0183817017823457,-0.0213818363845348,-0.0122798383235931,0.0158096887171268,0.0032954046037048,-0.0338330157101154,-0.0213496591895818,0.0,0.002898471429944,0.0005713599966838,-0.0059324521571397,0.0025776929687708,-0.0010711506474763,0.0034488504752516,0.0044424161314964,0.0247385147958993,-0.0083880284801125,-0.014368618838489,0.015226169489324,0.0153256841003894,-0.0084836417809128,-0.00571427680552,-0.0161955319344997,-0.0043764119036495,-0.0228296518325805,-0.009106638841331,-0.0061983377672731,0.007720302324742,0.0111946389079093,0.0149320242926478,0.0175549071282148,-0.0128429261967539,0.0076158768497407,0.0188847091048955,0.0141909327358007,-0.0133509915322065,-0.0050189974717795,0.001763708773069,0.0129649071022868,0.0014718644088134,-0.0092945396900177,-0.0022028770763427,0.0072285640053451,-0.0068553271703422,-0.013589852489531,0.0045420886017382,0.0049535557627677,0.0459770113229751,-0.017714075744152,0.0285309180617332,0.0003136342857033,0.0142286075279116,0.0070543494075536,0.0108273783698678,-0.0090286117047071,-0.0168413985520601,0.000471234350698,-0.0044290190562605,0.0207254439592361,0.0442682579159736,0.0133824814110994,-0.033216193318367,0.0054644905030727,-0.0261275898665189,0.0063406676054,0.0015577275771647,0.0027001600246876,-0.0098704416304826,0.0104728396981954,-0.0042998525314033,-0.0023690208327025,-0.0068628480657935,-0.0191451609134674,-0.026429085060954,0.019821535795927,-0.0032286604400724,-0.0161721650511026,0.006201981101185,-0.0155330840498209,0.003407962154597,0.0022978174965828,-0.0096845729276537,-0.0136023135855794,-0.029063981026411,-0.0199876185506582,0.0092020034790039,-0.0047430708073079,-0.0184871237725019,-0.0171565022319555,-0.0150125352665782,0.018910652026534,0.0322858355939388,-0.0038071330636739,0.0072264773771166,0.0213375817984342,0.0259489901363849,0.0157468374818563,0.0074693751521408,-0.0035303661134094,0.0052561364136636,0.0018484712345525,-0.0022475507576018,-0.0026137479580938,-0.0122835850343108,0.0066286465153098,-0.0064696725457906,0.0280244126915931,-0.0171964578330516,0.0083421003073453,-0.0083118639886379,-0.0190574806183576,-0.0109143052250146,-0.0049699069932103,-0.0052170772105455,0.0009080907911993,0.0061001605354249,0.0082568945363163,0.002223232993856,0.0148318227878998,0.0050535667904676,0.0334861587136214,-0.0164363241323393,0.0241590486989109,-0.034689511711345,0.0025993611504295,-0.0042703731790402,-0.017140512278802,0.0743565951066436,0.0209942752351521,-0.0325962594666244,2019-02-13,2019-02-14,2019-02-15,2019-02-19,2019-02-20,2019-02-21,2019-02-22,2019-02-25,2019-02-26,2019-02-27,77274.0,2019-02-12,252.0,-3.2831%,-0.0008,0.8896,0.0842,0.0184,1.3230%,1.6267%,33.8528%,-0.045335,GILD,77274.0,2019-02-13,252.0,0.8257%,-0.0008,0.8908,0.0847,0.02,1.3236%,1.6262%,33.7504%,0.005603,GILD,77274.0,2019-02-14,252.0,0.6521%,-0.0008,0.8884,0.0893,0.0158,1.3242%,1.6259%,33.6655%,0.007967,GILD,77274.0,2019-02-15,252.0,1.8382%,-0.0007,0.8944,0.0957,0.0269,1.3253%,1.6281%,33.7334%,0.007945,GILD,77274.0,2019-02-19,252.0,-1.2280%,-0.0007,0.8958,0.0814,0.0107,1.3255%,1.6297%,33.8459%,-0.014437,GILD,77274.0,2019-02-20,252.0,0.3295%,-0.0007,0.8973,0.0894,0.0174,1.3239%,1.6287%,33.9189%,0.001255,GILD,77274.0,2019-02-21,252.0,-2.1350%,-0.0008,0.9048,0.1008,0.0312,1.3270%,1.6338%,34.0289%,-0.018027,GILD,77274.0,2019-02-22,252.0,0.2898%,-0.0008,0.9051,0.0993,0.0344,1.3271%,1.6339%,34.0267%,-0.003178,GILD,77274.0,2019-02-25,252.0,-0.5932%,-0.0008,0.9034,0.1007,0.0286,1.3242%,1.6313%,34.1107%,-0.00707,GILD,77274.0,2019-02-26,252.0,-0.1071%,-0.0008,0.8993,0.1022,0.0263,1.3236%,1.6266%,33.7847%,0.001013,GILD,77274.0,2019-02-27,252.0,0.4442%,-0.0008,0.8984,0.1049,0.0262,1.3238%,1.6253%,33.6584%,0.00337,GILD,-0.039732,-0.031765,-0.02382,-0.037002,-0.060894
10331,GILEAD SCIENCES INC,Shares of Gilead Sciences are trading lower after the company announced its Phase 3 STELLAR-4 study did not meet its primary endpoint. The stock was subsequently downgraded by several banks.,6,decrease,0.9,0.8,the failure of a phase 3 study and subsequent downgrades by banks typically lead to a decline in stock price due to negative investor sentiment.,0,2019-02-12,GILD,2019-02-12 13:17:00+00:00,77274.0,37555810,-0.0328305400907993,15925833.0,0.0082568945363163,0.002223232993856,0.0065210843458771,0.0028240552637726,0.0183817017823457,-0.0213818363845348,-0.0122798383235931,0.0158096887171268,0.0032954046037048,-0.0338330157101154,-0.0213496591895818,0.0,0.002898471429944,0.0005713599966838,-0.0059324521571397,0.0025776929687708,-0.0010711506474763,0.0034488504752516,0.0044424161314964,0.0247385147958993,-0.0083880284801125,-0.014368618838489,0.015226169489324,0.0153256841003894,-0.0084836417809128,-0.00571427680552,-0.0161955319344997,-0.0043764119036495,-0.0228296518325805,-0.009106638841331,-0.0061983377672731,0.007720302324742,0.0111946389079093,0.0149320242926478,0.0175549071282148,-0.0128429261967539,0.0076158768497407,0.0188847091048955,0.0141909327358007,-0.0133509915322065,-0.0050189974717795,0.001763708773069,0.0129649071022868,0.0014718644088134,-0.0092945396900177,-0.0022028770763427,0.0072285640053451,-0.0068553271703422,-0.013589852489531,0.0045420886017382,0.0049535557627677,0.0459770113229751,-0.017714075744152,0.0285309180617332,0.0003136342857033,0.0142286075279116,0.0070543494075536,0.0108273783698678,-0.0090286117047071,-0.0168413985520601,0.000471234350698,-0.0044290190562605,0.0207254439592361,0.0442682579159736,0.0133824814110994,-0.033216193318367,0.0054644905030727,-0.0261275898665189,0.0063406676054,0.0015577275771647,0.0027001600246876,-0.0098704416304826,0.0104728396981954,-0.0042998525314033,-0.0023690208327025,-0.0068628480657935,-0.0191451609134674,-0.026429085060954,0.019821535795927,-0.0032286604400724,-0.0161721650511026,0.006201981101185,-0.0155330840498209,0.003407962154597,0.0022978174965828,-0.0096845729276537,-0.0136023135855794,-0.029063981026411,-0.0199876185506582,0.0092020034790039,-0.0047430708073079,-0.0184871237725019,-0.0171565022319555,-0.0150125352665782,0.018910652026534,0.0322858355939388,-0.0038071330636739,0.0072264773771166,0.0213375817984342,0.0259489901363849,0.0157468374818563,0.0074693751521408,-0.0035303661134094,0.0052561364136636,0.0018484712345525,-0.0022475507576018,-0.0026137479580938,-0.0122835850343108,0.0066286465153098,-0.0064696725457906,0.0280244126915931,-0.0171964578330516,0.0083421003073453,-0.0083118639886379,-0.0190574806183576,-0.0109143052250146,-0.0049699069932103,-0.0052170772105455,0.0009080907911993,0.0061001605354249,0.0082568945363163,0.002223232993856,0.0148318227878998,0.0050535667904676,0.0334861587136214,-0.0164363241323393,0.0241590486989109,-0.034689511711345,0.0025993611504295,-0.0042703731790402,-0.017140512278802,0.0743565951066436,0.0209942752351521,-0.0325962594666244,2019-02-13,2019-02-14,2019-02-15,2019-02-19,2019-02-20,2019-02-21,2019-02-22,2019-02-25,2019-02-26,2019-02-27,77274.0,2019-02-12,252.0,-3.2831%,-0.0008,0.8896,0.0842,0.0184,1.3230%,1.6267%,33.8528%,-0.045335,GILD,77274.0,2019-02-13,252.0,0.8257%,-0.0008,0.8908,0.0847,0.02,1.3236%,1.6262%,33.7504%,0.005603,GILD,77274.0,2019-02-14,252.0,0.6521%,-0.0008,0.8884,0.0893,0.0158,1.3242%,1.6259%,33.6655%,0.007967,GILD,77274.0,2019-02-15,252.0,1.8382%,-0.0007,0.8944,0.0957,0.0269,1.3253%,1.6281%,33.7334%,0.007945,GILD,77274.0,2019-02-19,252.0,-1.2280%,-0.0007,0.8958,0.0814,0.0107,1.3255%,1.6297%,33.8459%,-0.014437,GILD,77274.0,2019-02-20,252.0,0.3295%,-0.0007,0.8973,0.0894,0.0174,1.3239%,1.6287%,33.9189%,0.001255,GILD,77274.0,2019-02-21,252.0,-2.1350%,-0.0008,0.9048,0.1008,0.0312,1.3270%,1.6338%,34.0289%,-0.018027,GILD,77274.0,2019-02-22,252.0,0.2898%,-0.0008,0.9051,0.0993,0.0344,1.3271%,1.6339%,34.0267%,-0.003178,GILD,77274.0,2019-02-25,252.0,-0.5932%,-0.0008,0.9034,0.1007,0.0286,1.3242%,1.6313%,34.1107%,-0.00707,GILD,77274.0,2019-02-26,252.0,-0.1071%,-0.0008,0.8993,0.1022,0.0263,1.3236%,1.6266%,33.7847%,0.001013,GILD,77274.0,2019-02-27,252.0,0.4442%,-0.0008,0.8984,0.1049,0.0262,1.3238%,1.6253%,33.6584%,0.00337,GILD,-0.039732,-0.031765,-0.02382,-0.037002,-0.060894
10339,GILEAD SCIENCES INC,"Raymond James Maintains Strong Buy on Gilead Sciences, Lowers Price Target to $85",6,uncertain,0.6,0.2,"while maintaining a 'strong buy' rating suggests positive sentiment, lowering the price target may create mixed reactions among investors, leading to uncertainty in the stock price movement.",1,2019-02-12,GILD,2019-02-12 12:52:00+00:00,77274.0,37555810,-0.0328305400907993,15925833.0,0.0082568945363163,0.002223232993856,0.0065210843458771,0.0028240552637726,0.0183817017823457,-0.0213818363845348,-0.0122798383235931,0.0158096887171268,0.0032954046037048,-0.0338330157101154,-0.0213496591895818,0.0,0.002898471429944,0.0005713599966838,-0.0059324521571397,0.0025776929687708,-0.0010711506474763,0.0034488504752516,0.0044424161314964,0.0247385147958993,-0.0083880284801125,-0.014368618838489,0.015226169489324,0.0153256841003894,-0.0084836417809128,-0.00571427680552,-0.0161955319344997,-0.0043764119036495,-0.0228296518325805,-0.009106638841331,-0.0061983377672731,0.007720302324742,0.0111946389079093,0.0149320242926478,0.0175549071282148,-0.0128429261967539,0.0076158768497407,0.0188847091048955,0.0141909327358007,-0.0133509915322065,-0.0050189974717795,0.001763708773069,0.0129649071022868,0.0014718644088134,-0.0092945396900177,-0.0022028770763427,0.0072285640053451,-0.0068553271703422,-0.013589852489531,0.0045420886017382,0.0049535557627677,0.0459770113229751,-0.017714075744152,0.0285309180617332,0.0003136342857033,0.0142286075279116,0.0070543494075536,0.0108273783698678,-0.0090286117047071,-0.0168413985520601,0.000471234350698,-0.0044290190562605,0.0207254439592361,0.0442682579159736,0.0133824814110994,-0.033216193318367,0.0054644905030727,-0.0261275898665189,0.0063406676054,0.0015577275771647,0.0027001600246876,-0.0098704416304826,0.0104728396981954,-0.0042998525314033,-0.0023690208327025,-0.0068628480657935,-0.0191451609134674,-0.026429085060954,0.019821535795927,-0.0032286604400724,-0.0161721650511026,0.006201981101185,-0.0155330840498209,0.003407962154597,0.0022978174965828,-0.0096845729276537,-0.0136023135855794,-0.029063981026411,-0.0199876185506582,0.0092020034790039,-0.0047430708073079,-0.0184871237725019,-0.0171565022319555,-0.0150125352665782,0.018910652026534,0.0322858355939388,-0.0038071330636739,0.0072264773771166,0.0213375817984342,0.0259489901363849,0.0157468374818563,0.0074693751521408,-0.0035303661134094,0.0052561364136636,0.0018484712345525,-0.0022475507576018,-0.0026137479580938,-0.0122835850343108,0.0066286465153098,-0.0064696725457906,0.0280244126915931,-0.0171964578330516,0.0083421003073453,-0.0083118639886379,-0.0190574806183576,-0.0109143052250146,-0.0049699069932103,-0.0052170772105455,0.0009080907911993,0.0061001605354249,0.0082568945363163,0.002223232993856,0.0148318227878998,0.0050535667904676,0.0334861587136214,-0.0164363241323393,0.0241590486989109,-0.034689511711345,0.0025993611504295,-0.0042703731790402,-0.017140512278802,0.0743565951066436,0.0209942752351521,-0.0325962594666244,2019-02-13,2019-02-14,2019-02-15,2019-02-19,2019-02-20,2019-02-21,2019-02-22,2019-02-25,2019-02-26,2019-02-27,77274.0,2019-02-12,252.0,-3.2831%,-0.0008,0.8896,0.0842,0.0184,1.3230%,1.6267%,33.8528%,-0.045335,GILD,77274.0,2019-02-13,252.0,0.8257%,-0.0008,0.8908,0.0847,0.02,1.3236%,1.6262%,33.7504%,0.005603,GILD,77274.0,2019-02-14,252.0,0.6521%,-0.0008,0.8884,0.0893,0.0158,1.3242%,1.6259%,33.6655%,0.007967,GILD,77274.0,2019-02-15,252.0,1.8382%,-0.0007,0.8944,0.0957,0.0269,1.3253%,1.6281%,33.7334%,0.007945,GILD,77274.0,2019-02-19,252.0,-1.2280%,-0.0007,0.8958,0.0814,0.0107,1.3255%,1.6297%,33.8459%,-0.014437,GILD,77274.0,2019-02-20,252.0,0.3295%,-0.0007,0.8973,0.0894,0.0174,1.3239%,1.6287%,33.9189%,0.001255,GILD,77274.0,2019-02-21,252.0,-2.1350%,-0.0008,0.9048,0.1008,0.0312,1.3270%,1.6338%,34.0289%,-0.018027,GILD,77274.0,2019-02-22,252.0,0.2898%,-0.0008,0.9051,0.0993,0.0344,1.3271%,1.6339%,34.0267%,-0.003178,GILD,77274.0,2019-02-25,252.0,-0.5932%,-0.0008,0.9034,0.1007,0.0286,1.3242%,1.6313%,34.1107%,-0.00707,GILD,77274.0,2019-02-26,252.0,-0.1071%,-0.0008,0.8993,0.1022,0.0263,1.3236%,1.6266%,33.7847%,0.001013,GILD,77274.0,2019-02-27,252.0,0.4442%,-0.0008,0.8984,0.1049,0.0262,1.3238%,1.6253%,33.6584%,0.00337,GILD,-0.039732,-0.031765,-0.02382,-0.037002,-0.060894
10347,GILEAD SCIENCES INC,"Citigroup Downgrades Gilead Sciences to Neutral, Lowers Price Target to $75",6,decrease,0.8,0.6,"a downgrade to 'neutral' and a lowered price target typically signal reduced investor confidence, which can lead to a decrease in stock price.",0,2019-02-12,GILD,2019-02-12 11:54:00+00:00,77274.0,37555810,-0.0328305400907993,15925833.0,0.0082568945363163,0.002223232993856,0.0065210843458771,0.0028240552637726,0.0183817017823457,-0.0213818363845348,-0.0122798383235931,0.0158096887171268,0.0032954046037048,-0.0338330157101154,-0.0213496591895818,0.0,0.002898471429944,0.0005713599966838,-0.0059324521571397,0.0025776929687708,-0.0010711506474763,0.0034488504752516,0.0044424161314964,0.0247385147958993,-0.0083880284801125,-0.014368618838489,0.015226169489324,0.0153256841003894,-0.0084836417809128,-0.00571427680552,-0.0161955319344997,-0.0043764119036495,-0.0228296518325805,-0.009106638841331,-0.0061983377672731,0.007720302324742,0.0111946389079093,0.0149320242926478,0.0175549071282148,-0.0128429261967539,0.0076158768497407,0.0188847091048955,0.0141909327358007,-0.0133509915322065,-0.0050189974717795,0.001763708773069,0.0129649071022868,0.0014718644088134,-0.0092945396900177,-0.0022028770763427,0.0072285640053451,-0.0068553271703422,-0.013589852489531,0.0045420886017382,0.0049535557627677,0.0459770113229751,-0.017714075744152,0.0285309180617332,0.0003136342857033,0.0142286075279116,0.0070543494075536,0.0108273783698678,-0.0090286117047071,-0.0168413985520601,0.000471234350698,-0.0044290190562605,0.0207254439592361,0.0442682579159736,0.0133824814110994,-0.033216193318367,0.0054644905030727,-0.0261275898665189,0.0063406676054,0.0015577275771647,0.0027001600246876,-0.0098704416304826,0.0104728396981954,-0.0042998525314033,-0.0023690208327025,-0.0068628480657935,-0.0191451609134674,-0.026429085060954,0.019821535795927,-0.0032286604400724,-0.0161721650511026,0.006201981101185,-0.0155330840498209,0.003407962154597,0.0022978174965828,-0.0096845729276537,-0.0136023135855794,-0.029063981026411,-0.0199876185506582,0.0092020034790039,-0.0047430708073079,-0.0184871237725019,-0.0171565022319555,-0.0150125352665782,0.018910652026534,0.0322858355939388,-0.0038071330636739,0.0072264773771166,0.0213375817984342,0.0259489901363849,0.0157468374818563,0.0074693751521408,-0.0035303661134094,0.0052561364136636,0.0018484712345525,-0.0022475507576018,-0.0026137479580938,-0.0122835850343108,0.0066286465153098,-0.0064696725457906,0.0280244126915931,-0.0171964578330516,0.0083421003073453,-0.0083118639886379,-0.0190574806183576,-0.0109143052250146,-0.0049699069932103,-0.0052170772105455,0.0009080907911993,0.0061001605354249,0.0082568945363163,0.002223232993856,0.0148318227878998,0.0050535667904676,0.0334861587136214,-0.0164363241323393,0.0241590486989109,-0.034689511711345,0.0025993611504295,-0.0042703731790402,-0.017140512278802,0.0743565951066436,0.0209942752351521,-0.0325962594666244,2019-02-13,2019-02-14,2019-02-15,2019-02-19,2019-02-20,2019-02-21,2019-02-22,2019-02-25,2019-02-26,2019-02-27,77274.0,2019-02-12,252.0,-3.2831%,-0.0008,0.8896,0.0842,0.0184,1.3230%,1.6267%,33.8528%,-0.045335,GILD,77274.0,2019-02-13,252.0,0.8257%,-0.0008,0.8908,0.0847,0.02,1.3236%,1.6262%,33.7504%,0.005603,GILD,77274.0,2019-02-14,252.0,0.6521%,-0.0008,0.8884,0.0893,0.0158,1.3242%,1.6259%,33.6655%,0.007967,GILD,77274.0,2019-02-15,252.0,1.8382%,-0.0007,0.8944,0.0957,0.0269,1.3253%,1.6281%,33.7334%,0.007945,GILD,77274.0,2019-02-19,252.0,-1.2280%,-0.0007,0.8958,0.0814,0.0107,1.3255%,1.6297%,33.8459%,-0.014437,GILD,77274.0,2019-02-20,252.0,0.3295%,-0.0007,0.8973,0.0894,0.0174,1.3239%,1.6287%,33.9189%,0.001255,GILD,77274.0,2019-02-21,252.0,-2.1350%,-0.0008,0.9048,0.1008,0.0312,1.3270%,1.6338%,34.0289%,-0.018027,GILD,77274.0,2019-02-22,252.0,0.2898%,-0.0008,0.9051,0.0993,0.0344,1.3271%,1.6339%,34.0267%,-0.003178,GILD,77274.0,2019-02-25,252.0,-0.5932%,-0.0008,0.9034,0.1007,0.0286,1.3242%,1.6313%,34.1107%,-0.00707,GILD,77274.0,2019-02-26,252.0,-0.1071%,-0.0008,0.8993,0.1022,0.0263,1.3236%,1.6266%,33.7847%,0.001013,GILD,77274.0,2019-02-27,252.0,0.4442%,-0.0008,0.8984,0.1049,0.0262,1.3238%,1.6253%,33.6584%,0.00337,GILD,-0.039732,-0.031765,-0.02382,-0.037002,-0.060894
10355,GILEAD SCIENCES INC,"Wells Fargo Downgrades Gilead Sciences to Market Perform, Lowers Price Target to $68",6,decrease,0.8,0.7,"a downgrade from wells fargo typically signals reduced confidence in the stock's performance, likely leading to a decrease in its price.",0,2019-02-12,GILD,2019-02-12 11:39:00+00:00,77274.0,37555810,-0.0328305400907993,15925833.0,0.0082568945363163,0.002223232993856,0.0065210843458771,0.0028240552637726,0.0183817017823457,-0.0213818363845348,-0.0122798383235931,0.0158096887171268,0.0032954046037048,-0.0338330157101154,-0.0213496591895818,0.0,0.002898471429944,0.0005713599966838,-0.0059324521571397,0.0025776929687708,-0.0010711506474763,0.0034488504752516,0.0044424161314964,0.0247385147958993,-0.0083880284801125,-0.014368618838489,0.015226169489324,0.0153256841003894,-0.0084836417809128,-0.00571427680552,-0.0161955319344997,-0.0043764119036495,-0.0228296518325805,-0.009106638841331,-0.0061983377672731,0.007720302324742,0.0111946389079093,0.0149320242926478,0.0175549071282148,-0.0128429261967539,0.0076158768497407,0.0188847091048955,0.0141909327358007,-0.0133509915322065,-0.0050189974717795,0.001763708773069,0.0129649071022868,0.0014718644088134,-0.0092945396900177,-0.0022028770763427,0.0072285640053451,-0.0068553271703422,-0.013589852489531,0.0045420886017382,0.0049535557627677,0.0459770113229751,-0.017714075744152,0.0285309180617332,0.0003136342857033,0.0142286075279116,0.0070543494075536,0.0108273783698678,-0.0090286117047071,-0.0168413985520601,0.000471234350698,-0.0044290190562605,0.0207254439592361,0.0442682579159736,0.0133824814110994,-0.033216193318367,0.0054644905030727,-0.0261275898665189,0.0063406676054,0.0015577275771647,0.0027001600246876,-0.0098704416304826,0.0104728396981954,-0.0042998525314033,-0.0023690208327025,-0.0068628480657935,-0.0191451609134674,-0.026429085060954,0.019821535795927,-0.0032286604400724,-0.0161721650511026,0.006201981101185,-0.0155330840498209,0.003407962154597,0.0022978174965828,-0.0096845729276537,-0.0136023135855794,-0.029063981026411,-0.0199876185506582,0.0092020034790039,-0.0047430708073079,-0.0184871237725019,-0.0171565022319555,-0.0150125352665782,0.018910652026534,0.0322858355939388,-0.0038071330636739,0.0072264773771166,0.0213375817984342,0.0259489901363849,0.0157468374818563,0.0074693751521408,-0.0035303661134094,0.0052561364136636,0.0018484712345525,-0.0022475507576018,-0.0026137479580938,-0.0122835850343108,0.0066286465153098,-0.0064696725457906,0.0280244126915931,-0.0171964578330516,0.0083421003073453,-0.0083118639886379,-0.0190574806183576,-0.0109143052250146,-0.0049699069932103,-0.0052170772105455,0.0009080907911993,0.0061001605354249,0.0082568945363163,0.002223232993856,0.0148318227878998,0.0050535667904676,0.0334861587136214,-0.0164363241323393,0.0241590486989109,-0.034689511711345,0.0025993611504295,-0.0042703731790402,-0.017140512278802,0.0743565951066436,0.0209942752351521,-0.0325962594666244,2019-02-13,2019-02-14,2019-02-15,2019-02-19,2019-02-20,2019-02-21,2019-02-22,2019-02-25,2019-02-26,2019-02-27,77274.0,2019-02-12,252.0,-3.2831%,-0.0008,0.8896,0.0842,0.0184,1.3230%,1.6267%,33.8528%,-0.045335,GILD,77274.0,2019-02-13,252.0,0.8257%,-0.0008,0.8908,0.0847,0.02,1.3236%,1.6262%,33.7504%,0.005603,GILD,77274.0,2019-02-14,252.0,0.6521%,-0.0008,0.8884,0.0893,0.0158,1.3242%,1.6259%,33.6655%,0.007967,GILD,77274.0,2019-02-15,252.0,1.8382%,-0.0007,0.8944,0.0957,0.0269,1.3253%,1.6281%,33.7334%,0.007945,GILD,77274.0,2019-02-19,252.0,-1.2280%,-0.0007,0.8958,0.0814,0.0107,1.3255%,1.6297%,33.8459%,-0.014437,GILD,77274.0,2019-02-20,252.0,0.3295%,-0.0007,0.8973,0.0894,0.0174,1.3239%,1.6287%,33.9189%,0.001255,GILD,77274.0,2019-02-21,252.0,-2.1350%,-0.0008,0.9048,0.1008,0.0312,1.3270%,1.6338%,34.0289%,-0.018027,GILD,77274.0,2019-02-22,252.0,0.2898%,-0.0008,0.9051,0.0993,0.0344,1.3271%,1.6339%,34.0267%,-0.003178,GILD,77274.0,2019-02-25,252.0,-0.5932%,-0.0008,0.9034,0.1007,0.0286,1.3242%,1.6313%,34.1107%,-0.00707,GILD,77274.0,2019-02-26,252.0,-0.1071%,-0.0008,0.8993,0.1022,0.0263,1.3236%,1.6266%,33.7847%,0.001013,GILD,77274.0,2019-02-27,252.0,0.4442%,-0.0008,0.8984,0.1049,0.0262,1.3238%,1.6253%,33.6584%,0.00337,GILD,-0.039732,-0.031765,-0.02382,-0.037002,-0.060894
10363,GILAT SATELLITE NETWORKS LTD,"Gilat Satellite Networks shares are trading lower after the company reported Q4 sales of $69.729 million, down from $82.652 million last year.",6,decrease,0.8,0.7,the significant drop in q4 sales compared to the previous year is likely to negatively impact investor sentiment and lead to a decrease in stock price.,0,2019-02-12,GILT,2019-02-12 14:38:00+00:00,78971.0,M5147411,-0.0968421101570129,81949.0,0.030303057283163,0.0021097529679536,-0.0135746477171778,0.0021141124889254,0.0114678237587213,-0.0083857364952564,0.0022676256485283,-0.0144628444686532,0.0271492954343557,-0.0081967134028673,-0.0154185397550463,0.0166666507720947,0.0044742687605321,-0.0041493736207485,0.0334187448024749,0.0699223205447197,-0.0182109754532575,0.0123596200719475,0.0196353644132614,-0.0022422038018703,-0.0131969433277845,0.0136363506317138,-0.0073521365411579,-0.0022675176151096,-0.0050109820440411,0.0114678237587213,0.0017228364013135,0.0046082902699708,-0.0143329789862036,0.0152046913281083,-0.0123042128980159,0.008254793472588,0.0,-0.0588236041367054,0.0124574927613139,-0.0123754264786839,-0.005592755973339,0.002064979635179,-0.0053655710071325,-0.000965615035966,-0.0081766005605459,-0.0073094251565635,0.0125427199527621,0.0154867637902498,0.0123873483389616,0.0111857252195477,0.0136707462370395,0.0147558627650141,0.0117526240646839,0.0043663731776177,0.0005423117545433,0.0211524739861488,-0.0090298736467957,-0.027180042117834,-0.0297209396958351,-0.036026194691658,0.0107102897018194,0.0638792365789413,-0.0172895155847072,0.0034964724909514,0.0005980998394079,0.0070421905256807,0.0041840821504592,0.0730479061603546,-0.0154760908335447,-0.0456730350852012,0.0,-0.030303057283163,-0.0018138261511921,-0.0456911474466323,0.0272561386227607,0.0079372003674507,-0.0023584321606904,-0.0367170795798301,-0.0106383161619305,-0.0190677288919687,0.0035841974895447,-0.0084034530445933,0.0047619002871215,0.0149254091084003,-0.0023696096614003,-0.0042462805286049,0.0142517676576972,0.0010627235751599,-0.0058548231609165,0.0261722765862941,0.0212014503777027,-0.0010893495054915,3.453906901995651e-05,0.0314607508480548,0.0138058010488748,-0.0450643859803676,-0.0021615533623844,-0.0322815813124179,0.0078668622300028,0.0021748936269432,0.0011312476126477,-0.007231471594423,0.0062146158888936,0.0178759284317493,0.0072993300855159,-0.0185757856816053,0.0144927660003304,0.0083246538415551,-0.0296703781932592,0.0,0.0154926171526312,0.0010415911674499,-0.0141410073265433,-0.0103092193603515,0.0101810125634074,-0.0182186532765626,-0.0111982505768537,-0.0010111454175785,0.0116421710699796,0.0040609096176922,0.00640330882743,-0.012036096304655,0.0,0.003018177812919,0.030303057283163,0.0021097529679536,0.0163170562386127,0.0042283257119772,0.0279720011225397,-0.0041928684085158,0.0582750588741898,-0.0266393669998743,0.0827505877458965,0.065022414517307,0.0268064936268903,0.107226118679258,0.1041854703244,-0.0442655531225137,2019-02-13,2019-02-14,2019-02-15,2019-02-19,2019-02-20,2019-02-21,2019-02-22,2019-02-25,2019-02-26,2019-02-27,78971.0,2019-02-12,252.0,-9.6842%,0.0004,0.768,-0.2255,-0.3259,1.8881%,2.0972%,18.9429%,-0.108553,GILT,78971.0,2019-02-13,252.0,3.0303%,0.0005,0.7763,-0.228,-0.3196,1.8955%,2.1053%,18.9339%,0.028416,GILT,78971.0,2019-02-14,252.0,-1.3575%,0.0003,0.7768,-0.2366,-0.3058,1.8813%,2.0907%,19.0308%,-0.012712,GILT,78971.0,2019-02-15,252.0,1.1468%,0.0002,0.7487,-0.2614,-0.3508,1.8665%,2.0710%,18.7705%,0.00465,GILT,78971.0,2019-02-19,252.0,0.2268%,0.0002,0.7468,-0.2566,-0.3452,1.8660%,2.0675%,18.5476%,0.002556,GILT,78971.0,2019-02-20,252.0,2.7149%,0.0002,0.7539,-0.2439,-0.3208,1.8737%,2.0741%,18.3895%,0.028093,GILT,78971.0,2019-02-21,252.0,-1.5419%,0.0001,0.764,-0.2263,-0.3021,1.8717%,2.0740%,18.5570%,-0.0136379999999999,GILT,78971.0,2019-02-22,252.0,0.4474%,0.0001,0.7645,-0.2252,-0.2952,1.8718%,2.0736%,18.5161%,-0.003788,GILT,78971.0,2019-02-25,252.0,3.3419%,0.0002,0.7644,-0.2406,-0.3039,1.8819%,2.0840%,18.4515%,0.031055,GILT,78971.0,2019-02-26,252.0,-1.8211%,0.0002,0.7709,-0.2193,-0.2882,1.8859%,2.0866%,18.3124%,-0.019631,GILT,78971.0,2019-02-27,252.0,1.9635%,0.0001,0.7535,-0.183,-0.291,1.8725%,2.0664%,17.8850%,0.0189119999999999,GILT,-0.080137,-0.092849,-0.088199,-0.05755,-0.04464
10371,GILAT SATELLITE NETWORKS LTD,"Gilat Satellite Networks Q4 EPS $0.10 Up From $0.09 YoY, Sales $69.729M Down From $82.652M YoY",6,decrease,0.7,0.6,"while the eps increased slightly, the significant drop in sales year-over-year suggests underlying challenges that may negatively impact investor sentiment.",0,2019-02-12,GILT,2019-02-12 12:58:00+00:00,78971.0,M5147411,-0.0968421101570129,81949.0,0.030303057283163,0.0021097529679536,-0.0135746477171778,0.0021141124889254,0.0114678237587213,-0.0083857364952564,0.0022676256485283,-0.0144628444686532,0.0271492954343557,-0.0081967134028673,-0.0154185397550463,0.0166666507720947,0.0044742687605321,-0.0041493736207485,0.0334187448024749,0.0699223205447197,-0.0182109754532575,0.0123596200719475,0.0196353644132614,-0.0022422038018703,-0.0131969433277845,0.0136363506317138,-0.0073521365411579,-0.0022675176151096,-0.0050109820440411,0.0114678237587213,0.0017228364013135,0.0046082902699708,-0.0143329789862036,0.0152046913281083,-0.0123042128980159,0.008254793472588,0.0,-0.0588236041367054,0.0124574927613139,-0.0123754264786839,-0.005592755973339,0.002064979635179,-0.0053655710071325,-0.000965615035966,-0.0081766005605459,-0.0073094251565635,0.0125427199527621,0.0154867637902498,0.0123873483389616,0.0111857252195477,0.0136707462370395,0.0147558627650141,0.0117526240646839,0.0043663731776177,0.0005423117545433,0.0211524739861488,-0.0090298736467957,-0.027180042117834,-0.0297209396958351,-0.036026194691658,0.0107102897018194,0.0638792365789413,-0.0172895155847072,0.0034964724909514,0.0005980998394079,0.0070421905256807,0.0041840821504592,0.0730479061603546,-0.0154760908335447,-0.0456730350852012,0.0,-0.030303057283163,-0.0018138261511921,-0.0456911474466323,0.0272561386227607,0.0079372003674507,-0.0023584321606904,-0.0367170795798301,-0.0106383161619305,-0.0190677288919687,0.0035841974895447,-0.0084034530445933,0.0047619002871215,0.0149254091084003,-0.0023696096614003,-0.0042462805286049,0.0142517676576972,0.0010627235751599,-0.0058548231609165,0.0261722765862941,0.0212014503777027,-0.0010893495054915,3.453906901995651e-05,0.0314607508480548,0.0138058010488748,-0.0450643859803676,-0.0021615533623844,-0.0322815813124179,0.0078668622300028,0.0021748936269432,0.0011312476126477,-0.007231471594423,0.0062146158888936,0.0178759284317493,0.0072993300855159,-0.0185757856816053,0.0144927660003304,0.0083246538415551,-0.0296703781932592,0.0,0.0154926171526312,0.0010415911674499,-0.0141410073265433,-0.0103092193603515,0.0101810125634074,-0.0182186532765626,-0.0111982505768537,-0.0010111454175785,0.0116421710699796,0.0040609096176922,0.00640330882743,-0.012036096304655,0.0,0.003018177812919,0.030303057283163,0.0021097529679536,0.0163170562386127,0.0042283257119772,0.0279720011225397,-0.0041928684085158,0.0582750588741898,-0.0266393669998743,0.0827505877458965,0.065022414517307,0.0268064936268903,0.107226118679258,0.1041854703244,-0.0442655531225137,2019-02-13,2019-02-14,2019-02-15,2019-02-19,2019-02-20,2019-02-21,2019-02-22,2019-02-25,2019-02-26,2019-02-27,78971.0,2019-02-12,252.0,-9.6842%,0.0004,0.768,-0.2255,-0.3259,1.8881%,2.0972%,18.9429%,-0.108553,GILT,78971.0,2019-02-13,252.0,3.0303%,0.0005,0.7763,-0.228,-0.3196,1.8955%,2.1053%,18.9339%,0.028416,GILT,78971.0,2019-02-14,252.0,-1.3575%,0.0003,0.7768,-0.2366,-0.3058,1.8813%,2.0907%,19.0308%,-0.012712,GILT,78971.0,2019-02-15,252.0,1.1468%,0.0002,0.7487,-0.2614,-0.3508,1.8665%,2.0710%,18.7705%,0.00465,GILT,78971.0,2019-02-19,252.0,0.2268%,0.0002,0.7468,-0.2566,-0.3452,1.8660%,2.0675%,18.5476%,0.002556,GILT,78971.0,2019-02-20,252.0,2.7149%,0.0002,0.7539,-0.2439,-0.3208,1.8737%,2.0741%,18.3895%,0.028093,GILT,78971.0,2019-02-21,252.0,-1.5419%,0.0001,0.764,-0.2263,-0.3021,1.8717%,2.0740%,18.5570%,-0.0136379999999999,GILT,78971.0,2019-02-22,252.0,0.4474%,0.0001,0.7645,-0.2252,-0.2952,1.8718%,2.0736%,18.5161%,-0.003788,GILT,78971.0,2019-02-25,252.0,3.3419%,0.0002,0.7644,-0.2406,-0.3039,1.8819%,2.0840%,18.4515%,0.031055,GILT,78971.0,2019-02-26,252.0,-1.8211%,0.0002,0.7709,-0.2193,-0.2882,1.8859%,2.0866%,18.3124%,-0.019631,GILT,78971.0,2019-02-27,252.0,1.9635%,0.0001,0.7535,-0.183,-0.291,1.8725%,2.0664%,17.8850%,0.0189119999999999,GILT,-0.080137,-0.092849,-0.088199,-0.05755,-0.04464
10379,GAMESTOP CORP NEW,Hestia Capital Urges GameStop Board Of Directors To Pursue Tender Offer Of Between $500M And $700M And Buy Back As Much As $100M Per Year So Long As Stock 'Remains Undervalued',6,increase,0.75,0.6,"the call for a tender offer and stock buyback suggests confidence in the company's value, which could attract investors and drive the stock price up.",2,2019-02-12,GME,2019-02-12 21:09:00+00:00,89301.0,36467W10,0.0221238937228918,2678043.0,-0.0069264001213014,-0.004405302926898,-0.0122057842090725,-0.0104620642960071,0.008826158940792,-0.0034752355422824,-0.0201225280761718,-0.023748917505145,0.0,0.0369393192231655,-0.0151785789057612,0.0115658463910222,0.0308250375092029,-0.008818375878036,0.0158311612904071,0.0125000309199094,0.007792220916599,-0.007092191837728,0.0025772964581847,-0.272258073091507,0.0025706712622195,-0.0251572094857692,0.0042735207825899,0.0063290777616202,-0.0153191750869154,0.0206718780100345,0.0025929720140993,0.0137523952871561,-0.0034482723567634,-0.0414312519133091,0.0025951324496418,0.0101458365097641,-0.0534943826496601,0.0057398057542741,0.0264357291162014,0.0096587622538208,0.0186500921845436,-0.0070332870818674,0.0095902048051357,-0.0132492138072848,-0.0215889569371938,-0.0068922089412808,0.0100457184016704,-0.0012515335110947,0.0009040935547091,0.0107526322826743,-0.0099367350339889,0.0213178861886262,-0.0419708080589771,0.0157480165362358,0.0047619231045246,0.175019234418869,-0.0094787087291479,-0.0076510659419,-0.02966502122581,0.0356576703488826,0.0207100622355938,0.0276873093098402,-0.0057971416972577,0.0082101337611675,-0.0097182104364037,-0.0177418813109397,-0.0029440366197377,0.0625535175204277,0.0206692945212125,-0.0242474880069494,-0.0260365959256887,-0.0378117673099041,-0.0465346798300743,-0.0119236577302217,0.0415368229150772,-0.0117831593379378,-0.0169491600245237,0.0063241049647331,0.0081135826185345,-0.0086207371205091,-0.0120724234730005,-0.0023455615155398,0.0152750080451369,-0.0332577154040336,-0.0210631936788559,0.0216216016560792,-0.0450820215046405,-0.0211640018969774,-0.040772546082735,-0.0051170149818062,0.0156599935144186,0.0088495491072535,-0.0154185397550463,0.0044444757513701,-0.0190155617892742,-0.026676271110773,-0.0136831048876047,0.0153733557090163,0.0277457498013973,-0.0663021355867385,0.013498299755156,-0.0253164637833833,-0.0066593140363693,0.0197010841220617,-0.0067038512788712,0.0096022179350256,-0.0146231846883893,0.07999999076128,-0.0125571470707655,-0.0153172891587019,-0.016184901818633,0.1164495423436165,0.0305523183196783,-0.0575594790279865,0.022804994136095,0.018764641135931,-0.0133779132738709,-0.025894908234477,-0.0090395389124751,0.0131172901019454,-0.0091221062466502,-0.0662824288010597,-0.0195626150816679,0.0,-0.0069264001213014,-0.004405302926898,-0.0190476421851476,-0.0148212786604405,-0.010389600761729,-0.0182450067683401,-0.0303030638048728,-0.006156527087856,0.0103895987911932,-0.2709677223273337,-0.0781735386966595,-0.0722495886462526,-0.236738398222948,-0.16249527361965,2019-02-13,2019-02-14,2019-02-15,2019-02-19,2019-02-20,2019-02-21,2019-02-22,2019-02-25,2019-02-26,2019-02-27,89301.0,2019-02-12,252.0,2.2124%,-0.0003,1.1917,1.3012,1.0896,3.3498%,3.5864%,12.7562%,0.00738,GME,89301.0,2019-02-13,252.0,-0.6926%,-0.0002,1.2037,1.2763,1.0824,3.3453%,3.5838%,12.8654%,-0.011907,GME,89301.0,2019-02-14,252.0,-1.2206%,-0.0002,1.2071,1.2715,1.0859,3.3444%,3.5836%,12.9021%,-0.010137,GME,89301.0,2019-02-15,252.0,0.8826%,-0.0003,1.1864,1.2515,1.0504,3.3441%,3.5745%,12.4752%,-0.013305,GME,89301.0,2019-02-19,252.0,-2.0123%,-0.0004,1.1786,1.2363,1.0341,3.3488%,3.5758%,12.2934%,-0.029257,GME,89301.0,2019-02-20,252.0,0.0000%,-0.0004,1.1764,1.2343,1.0269,3.3492%,3.5758%,12.2744%,-0.010747,GME,89301.0,2019-02-21,252.0,-1.5179%,-0.0004,1.1714,1.2226,1.0178,3.3475%,3.5712%,12.1342%,-0.0077,GME,89301.0,2019-02-22,252.0,3.0825%,-0.0002,1.1659,1.2533,0.98,3.3515%,3.5760%,12.1596%,0.031349,GME,89301.0,2019-02-25,252.0,1.5831%,-0.0001,1.1657,1.2436,0.9742,3.3537%,3.5773%,12.1104%,0.019005,GME,89301.0,2019-02-26,252.0,0.7792%,-0.0001,1.1549,1.225,0.9567,3.3556%,3.5748%,11.8895%,0.020731,GME,89301.0,2019-02-27,252.0,0.2577%,-0.0001,1.1545,1.2258,0.9566,3.3556%,3.5746%,11.8779%,0.000258,GME,-0.004527,-0.014664,-0.027969,-0.067973,-0.0043299999999999
10387,GARMIN LTD,"Garmin To Purchase Tacx Onroerend en Roerend Goed BV, No Terms Disclosed",6,uncertain,0.6,0.2,"the acquisition of tacx could be seen as a strategic move to enhance garmin's product offerings, but without disclosed terms, the financial impact remains unclear.",1,2019-02-12,GRMN,2019-02-12 14:00:00+00:00,88837.0,H2906T10,0.0141743440181016,893928.0,-0.0020964574068784,0.0041275392286479,-0.0001400859327986,0.0097729275003075,0.0032217868138104,-0.0027231592684984,-0.0090756984427571,0.0018667038530111,0.1703536212444305,0.0010061764623969,-0.0077052661217749,0.0033170373644679,0.007886454463005,0.0023127498570829,0.0057782996445894,0.001157768885605,0.0011968697654083,0.0061152908019721,0.0062163374386727,0.0155256995931267,-0.0023761072661727,-0.0138525012880563,0.0085745053365826,0.0082329493016004,0.0005903344135731,0.0056179370731115,-0.0090865781530737,0.0037097493186593,-0.0057163671590387,-0.0075110769830644,-0.0057491404004395,0.0128281712532043,-0.0039754468016326,0.0053989291191101,0.0142718954011797,0.0063386382535099,0.0079894848167896,0.0076034059748053,-0.0069797271862626,-0.0121676065027713,-0.0046461941674351,0.0078727724030613,0.0025288907345384,0.0056334156543016,0.0084083713591098,0.0138932010158896,-0.0032161602284759,0.0093486830592155,0.0064531657844781,0.0072190691716969,0.0043931975960731,0.0379540957510471,-0.0119398813694715,-0.018074233084917,0.0067001380957663,-0.0126342270523309,0.0128357717767357,0.0079592484980821,0.0078619830310344,-0.002223624382168,-0.0032599694095551,0.0122186224907636,0.0086438246071338,0.0272502321749925,0.0177185740321874,-0.0127181243151426,0.0042103179730474,-0.0127172749489545,0.0035127201117575,-0.0009649625862948,-0.0040650474838912,-0.0217117853462696,-0.0003401222347747,0.0071304193697869,0.0105478093028068,-0.0311636291444301,-0.0097642550244927,-0.0145234353840351,0.0064603840000927,0.0054323496297001,0.0023648545611649,0.0134576736018061,-0.0006741398246958,0.0070845382288098,-0.003260183148086,0.0038651823997497,-0.0100384270772337,-0.0053821080364286,-0.0180015303194522,-0.0206325706094503,0.0039447303861379,-0.0316464677453041,-0.0053160646930336,0.0286528039723634,0.010108083486557,0.0103061571717262,-0.0036806957796216,-0.0060258195735514,-0.010505698621273,0.0156058240681886,0.001050098799169,-0.0077425553463399,-0.0039627500809729,0.0135406199842691,0.0032763723284006,-0.0019963893573731,-0.0662468001246452,0.0114943385124206,-0.0162377655506134,-0.0070943725295364,0.0100304838269949,-0.0097740832716226,-0.0030170395039021,0.0039865397848188,-0.0118521600961685,0.015729671344161,0.0039555639959871,-0.0118498653173446,-0.0015252000885084,-0.0102056078612804,-0.0020964574068784,0.0041275392286479,-0.0022362496554857,0.0139408048705917,0.0009783324386722,0.0111796825700996,0.1608664479904649,0.0140865800070291,0.1763800831171842,0.0431761925536913,0.2077917500568358,0.1205527982940035,0.1047167007446725,0.0832548696986796,2019-02-13,2019-02-14,2019-02-15,2019-02-19,2019-02-20,2019-02-21,2019-02-22,2019-02-25,2019-02-26,2019-02-27,88837.0,2019-02-12,252.0,1.4174%,0.0005,0.7504,0.1927,-0.098,0.9150%,1.2416%,45.6863%,0.0037419999999999,GRMN,88837.0,2019-02-13,252.0,-0.2096%,0.0005,0.7487,0.1936,-0.099,0.9154%,1.2396%,45.4640%,-0.004345,GRMN,88837.0,2019-02-14,252.0,-0.0140%,0.0005,0.7486,0.193,-0.098,0.9151%,1.2389%,45.4460%,-0.000249,GRMN,88837.0,2019-02-15,252.0,0.3222%,0.0004,0.7337,0.179,-0.1229,0.9118%,1.2294%,44.9879%,-0.00535,GRMN,88837.0,2019-02-19,252.0,-0.9076%,0.0003,0.7303,0.1739,-0.1284,0.9142%,1.2281%,44.5945%,-0.01072,GRMN,88837.0,2019-02-20,252.0,17.0354%,0.001,0.7768,0.2753,0.0365,1.3995%,1.6283%,26.1341%,0.16919,GRMN,88837.0,2019-02-21,252.0,-0.7705%,0.001,0.7779,0.2764,0.0386,1.3999%,1.6288%,26.1274%,-0.004654,GRMN,88837.0,2019-02-22,252.0,0.7886%,0.0012,0.7754,0.3393,0.066,1.3687%,1.6015%,26.9540%,0.001778,GRMN,88837.0,2019-02-25,252.0,0.5778%,0.0013,0.7724,0.3343,0.0524,1.3598%,1.5937%,27.2048%,0.005516,GRMN,88837.0,2019-02-26,252.0,0.1197%,0.0014,0.7794,0.323,0.0518,1.3576%,1.5937%,27.4346%,0.004645,GRMN,88837.0,2019-02-27,252.0,0.6216%,0.0014,0.781,0.3211,0.0521,1.3576%,1.5938%,27.4461%,0.004863,GRMN,-0.000603,-0.000852,-0.006202,0.152268,0.164416
10395,GROUPON INC,Groupon Q4 Sales $799.9M Beat $788.03M Estimate,6,increase,0.8,0.6,"the news of groupon's q4 sales beating estimates typically indicates strong performance, which is likely to positively influence investor sentiment and increase the stock price.",2,2019-02-12,GRPN,2019-02-12 22:10:00+00:00,13108.0,39947320,0.0560000091791153,12918904.0,-0.1111111268401146,0.0416666939854621,0.0170454382896423,0.0,-0.0251396410167217,-0.0296496320515871,0.0,-0.0106666563078761,-0.0200572870671749,0.0107816606760025,-0.0175439119338989,-0.0185185018926858,0.0,0.0026525172870606,-0.0119047509506344,0.0134408473968505,-0.0060240905731916,0.0054053999483585,0.0,-0.0026954151690006,-0.0090909004211425,-0.0159151051193475,0.030581010505557,0.0385674536228179,0.0,0.0111421169713139,0.0148368524387478,-0.0082872854545712,-0.0204678867012262,-0.0448549017310142,-0.0208955034613609,0.0160857755690813,0.0243902206420898,0.0053908303380012,0.0119048217311501,-0.0080213826149702,-0.0029411735013127,0.0,0.0,0.041782759130001,0.0,0.0056022354401648,0.0412978939712047,0.0,-0.0198300089687109,0.0113314343616366,-0.0057803411036729,0.0085714207962155,0.0058139478787779,0.0174418427050113,0.020231194794178,0.0683229863643646,-0.0424928776919841,-0.012269927188754,0.0,0.0187499821186065,0.0118343075737357,0.0,0.0116958953440189,0.0158730000257492,0.0057803411036729,0.003184710163623,0.0201149228960275,0.0940767377614975,0.0028168987482786,-0.0103448992595076,-0.0168539173901081,-0.0301003064960241,0.0,-0.0099337650462985,0.0228571202605962,-0.0226537007838487,-0.0055865868926048,0.0231787860393524,-0.0028089862316846,-0.0382165983319282,-0.0225351899862289,0.009646370075643,0.0259365737438201,-0.0489296913146972,-0.0112359449267387,0.0686274617910385,-0.0056818127632141,-0.0032573258504271,-0.0114285601302981,-0.0096774101257324,0.0289017055183649,0.0064935004338622,-0.0308988466858863,-0.022222276777029,0.0115941921249032,0.0096154520288109,-0.025787940248847,0.0162866301834583,0.0147058675065636,-0.0128617249429225,0.0144927399232983,-0.0220126323401927,0.0028571400325745,0.0426229871809482,0.02849000133574,0.0,-0.0221606437116861,0.026936000213027,-0.0028328585904091,-0.0033557014539837,0.03409094363451,0.0170648302882909,-0.0274725668132305,-0.0034013572148978,0.0141242807731032,-0.0264900419861078,0.0167131423950195,0.0596491508185863,-0.0109589584171772,-0.027303809300065,0.0027700804639607,-0.0200668703764677,-0.0220994278788566,0.0204777959734201,-0.1111111268401146,0.0416666939854621,-0.095959626406318,0.0416666939854621,-0.1186868768630862,0.0107816597884,-0.1363636271699118,0.0107816598887378,-0.1666666880328224,0.0107816587683031,-0.1262626269682663,0.1904761466792506,-0.1060606292071797,0.2798634362597441,2019-02-13,2019-02-14,2019-02-15,2019-02-19,2019-02-20,2019-02-21,2019-02-22,2019-02-25,2019-02-26,2019-02-27,13108.0,2019-02-12,252.0,5.6000%,-0.0009,1.0783,0.9097,0.1458,2.6104%,2.8839%,18.0639%,0.04169,GRPN,13108.0,2019-02-13,252.0,-11.1111%,-0.0014,1.0543,0.9041,0.1171,2.7056%,2.9627%,16.5998%,-0.114878,GRPN,13108.0,2019-02-14,252.0,1.7045%,-0.0014,1.0498,0.9128,0.1087,2.7070%,2.9638%,16.5780%,0.015137,GRPN,13108.0,2019-02-15,252.0,-2.5140%,-0.0011,1.1173,0.9693,0.2128,2.6235%,2.9087%,18.6460%,-0.039906,GRPN,13108.0,2019-02-19,252.0,0.0000%,-0.0009,1.1288,0.9489,0.189,2.6117%,2.9029%,19.0606%,-0.005672,GRPN,13108.0,2019-02-20,252.0,-2.0057%,-0.001,1.1235,0.9444,0.1721,2.6142%,2.9045%,18.9888%,-0.025429,GRPN,13108.0,2019-02-21,252.0,-1.7544%,-0.0009,1.1119,0.9183,0.151,2.6033%,2.8890%,18.7990%,-0.01243,GRPN,13108.0,2019-02-22,252.0,0.0000%,-0.0009,1.1133,0.9158,0.165,2.6040%,2.8889%,18.7556%,-0.010159,GRPN,13108.0,2019-02-25,252.0,-1.1905%,-0.0008,1.1107,0.9182,0.1568,2.6009%,2.8862%,18.7959%,-0.010997,GRPN,13108.0,2019-02-26,252.0,-0.6024%,-0.001,1.0846,0.9394,0.148,2.5870%,2.8651%,18.4684%,0.0020469999999999,GRPN,13108.0,2019-02-27,252.0,0.0000%,-0.0009,1.0954,0.9197,0.1497,2.5824%,2.8630%,18.6411%,-0.0026829999999999,GRPN,-0.073188,-0.058051,-0.097957,-0.129058,-0.16328
10403,GROUPON INC,Groupon Q4 EPS $0.10 Misses $0.13 Estimate; Sees FY19 Adj. EBITDA ~$270M,6,decrease,0.7,0.6,"the miss on eps estimates typically signals weaker-than-expected performance, which can lead to a decrease in stock price.",0,2019-02-12,GRPN,2019-02-12 22:10:00+00:00,13108.0,39947320,0.0560000091791153,12918904.0,-0.1111111268401146,0.0416666939854621,0.0170454382896423,0.0,-0.0251396410167217,-0.0296496320515871,0.0,-0.0106666563078761,-0.0200572870671749,0.0107816606760025,-0.0175439119338989,-0.0185185018926858,0.0,0.0026525172870606,-0.0119047509506344,0.0134408473968505,-0.0060240905731916,0.0054053999483585,0.0,-0.0026954151690006,-0.0090909004211425,-0.0159151051193475,0.030581010505557,0.0385674536228179,0.0,0.0111421169713139,0.0148368524387478,-0.0082872854545712,-0.0204678867012262,-0.0448549017310142,-0.0208955034613609,0.0160857755690813,0.0243902206420898,0.0053908303380012,0.0119048217311501,-0.0080213826149702,-0.0029411735013127,0.0,0.0,0.041782759130001,0.0,0.0056022354401648,0.0412978939712047,0.0,-0.0198300089687109,0.0113314343616366,-0.0057803411036729,0.0085714207962155,0.0058139478787779,0.0174418427050113,0.020231194794178,0.0683229863643646,-0.0424928776919841,-0.012269927188754,0.0,0.0187499821186065,0.0118343075737357,0.0,0.0116958953440189,0.0158730000257492,0.0057803411036729,0.003184710163623,0.0201149228960275,0.0940767377614975,0.0028168987482786,-0.0103448992595076,-0.0168539173901081,-0.0301003064960241,0.0,-0.0099337650462985,0.0228571202605962,-0.0226537007838487,-0.0055865868926048,0.0231787860393524,-0.0028089862316846,-0.0382165983319282,-0.0225351899862289,0.009646370075643,0.0259365737438201,-0.0489296913146972,-0.0112359449267387,0.0686274617910385,-0.0056818127632141,-0.0032573258504271,-0.0114285601302981,-0.0096774101257324,0.0289017055183649,0.0064935004338622,-0.0308988466858863,-0.022222276777029,0.0115941921249032,0.0096154520288109,-0.025787940248847,0.0162866301834583,0.0147058675065636,-0.0128617249429225,0.0144927399232983,-0.0220126323401927,0.0028571400325745,0.0426229871809482,0.02849000133574,0.0,-0.0221606437116861,0.026936000213027,-0.0028328585904091,-0.0033557014539837,0.03409094363451,0.0170648302882909,-0.0274725668132305,-0.0034013572148978,0.0141242807731032,-0.0264900419861078,0.0167131423950195,0.0596491508185863,-0.0109589584171772,-0.027303809300065,0.0027700804639607,-0.0200668703764677,-0.0220994278788566,0.0204777959734201,-0.1111111268401146,0.0416666939854621,-0.095959626406318,0.0416666939854621,-0.1186868768630862,0.0107816597884,-0.1363636271699118,0.0107816598887378,-0.1666666880328224,0.0107816587683031,-0.1262626269682663,0.1904761466792506,-0.1060606292071797,0.2798634362597441,2019-02-13,2019-02-14,2019-02-15,2019-02-19,2019-02-20,2019-02-21,2019-02-22,2019-02-25,2019-02-26,2019-02-27,13108.0,2019-02-12,252.0,5.6000%,-0.0009,1.0783,0.9097,0.1458,2.6104%,2.8839%,18.0639%,0.04169,GRPN,13108.0,2019-02-13,252.0,-11.1111%,-0.0014,1.0543,0.9041,0.1171,2.7056%,2.9627%,16.5998%,-0.114878,GRPN,13108.0,2019-02-14,252.0,1.7045%,-0.0014,1.0498,0.9128,0.1087,2.7070%,2.9638%,16.5780%,0.015137,GRPN,13108.0,2019-02-15,252.0,-2.5140%,-0.0011,1.1173,0.9693,0.2128,2.6235%,2.9087%,18.6460%,-0.039906,GRPN,13108.0,2019-02-19,252.0,0.0000%,-0.0009,1.1288,0.9489,0.189,2.6117%,2.9029%,19.0606%,-0.005672,GRPN,13108.0,2019-02-20,252.0,-2.0057%,-0.001,1.1235,0.9444,0.1721,2.6142%,2.9045%,18.9888%,-0.025429,GRPN,13108.0,2019-02-21,252.0,-1.7544%,-0.0009,1.1119,0.9183,0.151,2.6033%,2.8890%,18.7990%,-0.01243,GRPN,13108.0,2019-02-22,252.0,0.0000%,-0.0009,1.1133,0.9158,0.165,2.6040%,2.8889%,18.7556%,-0.010159,GRPN,13108.0,2019-02-25,252.0,-1.1905%,-0.0008,1.1107,0.9182,0.1568,2.6009%,2.8862%,18.7959%,-0.010997,GRPN,13108.0,2019-02-26,252.0,-0.6024%,-0.001,1.0846,0.9394,0.148,2.5870%,2.8651%,18.4684%,0.0020469999999999,GRPN,13108.0,2019-02-27,252.0,0.0000%,-0.0009,1.0954,0.9197,0.1497,2.5824%,2.8630%,18.6411%,-0.0026829999999999,GRPN,-0.073188,-0.058051,-0.097957,-0.129058,-0.16328
10411,GROUPON INC,Groupon Q4 Earnings Preview,6,uncertain,0.5,0.5,the impact on groupon's stock price is uncertain as it depends on the actual earnings results and market expectations.,1,2019-02-12,GRPN,2019-02-12 13:08:00+00:00,13108.0,39947320,0.0560000091791153,12918904.0,-0.1111111268401146,0.0416666939854621,0.0170454382896423,0.0,-0.0251396410167217,-0.0296496320515871,0.0,-0.0106666563078761,-0.0200572870671749,0.0107816606760025,-0.0175439119338989,-0.0185185018926858,0.0,0.0026525172870606,-0.0119047509506344,0.0134408473968505,-0.0060240905731916,0.0054053999483585,0.0,-0.0026954151690006,-0.0090909004211425,-0.0159151051193475,0.030581010505557,0.0385674536228179,0.0,0.0111421169713139,0.0148368524387478,-0.0082872854545712,-0.0204678867012262,-0.0448549017310142,-0.0208955034613609,0.0160857755690813,0.0243902206420898,0.0053908303380012,0.0119048217311501,-0.0080213826149702,-0.0029411735013127,0.0,0.0,0.041782759130001,0.0,0.0056022354401648,0.0412978939712047,0.0,-0.0198300089687109,0.0113314343616366,-0.0057803411036729,0.0085714207962155,0.0058139478787779,0.0174418427050113,0.020231194794178,0.0683229863643646,-0.0424928776919841,-0.012269927188754,0.0,0.0187499821186065,0.0118343075737357,0.0,0.0116958953440189,0.0158730000257492,0.0057803411036729,0.003184710163623,0.0201149228960275,0.0940767377614975,0.0028168987482786,-0.0103448992595076,-0.0168539173901081,-0.0301003064960241,0.0,-0.0099337650462985,0.0228571202605962,-0.0226537007838487,-0.0055865868926048,0.0231787860393524,-0.0028089862316846,-0.0382165983319282,-0.0225351899862289,0.009646370075643,0.0259365737438201,-0.0489296913146972,-0.0112359449267387,0.0686274617910385,-0.0056818127632141,-0.0032573258504271,-0.0114285601302981,-0.0096774101257324,0.0289017055183649,0.0064935004338622,-0.0308988466858863,-0.022222276777029,0.0115941921249032,0.0096154520288109,-0.025787940248847,0.0162866301834583,0.0147058675065636,-0.0128617249429225,0.0144927399232983,-0.0220126323401927,0.0028571400325745,0.0426229871809482,0.02849000133574,0.0,-0.0221606437116861,0.026936000213027,-0.0028328585904091,-0.0033557014539837,0.03409094363451,0.0170648302882909,-0.0274725668132305,-0.0034013572148978,0.0141242807731032,-0.0264900419861078,0.0167131423950195,0.0596491508185863,-0.0109589584171772,-0.027303809300065,0.0027700804639607,-0.0200668703764677,-0.0220994278788566,0.0204777959734201,-0.1111111268401146,0.0416666939854621,-0.095959626406318,0.0416666939854621,-0.1186868768630862,0.0107816597884,-0.1363636271699118,0.0107816598887378,-0.1666666880328224,0.0107816587683031,-0.1262626269682663,0.1904761466792506,-0.1060606292071797,0.2798634362597441,2019-02-13,2019-02-14,2019-02-15,2019-02-19,2019-02-20,2019-02-21,2019-02-22,2019-02-25,2019-02-26,2019-02-27,13108.0,2019-02-12,252.0,5.6000%,-0.0009,1.0783,0.9097,0.1458,2.6104%,2.8839%,18.0639%,0.04169,GRPN,13108.0,2019-02-13,252.0,-11.1111%,-0.0014,1.0543,0.9041,0.1171,2.7056%,2.9627%,16.5998%,-0.114878,GRPN,13108.0,2019-02-14,252.0,1.7045%,-0.0014,1.0498,0.9128,0.1087,2.7070%,2.9638%,16.5780%,0.015137,GRPN,13108.0,2019-02-15,252.0,-2.5140%,-0.0011,1.1173,0.9693,0.2128,2.6235%,2.9087%,18.6460%,-0.039906,GRPN,13108.0,2019-02-19,252.0,0.0000%,-0.0009,1.1288,0.9489,0.189,2.6117%,2.9029%,19.0606%,-0.005672,GRPN,13108.0,2019-02-20,252.0,-2.0057%,-0.001,1.1235,0.9444,0.1721,2.6142%,2.9045%,18.9888%,-0.025429,GRPN,13108.0,2019-02-21,252.0,-1.7544%,-0.0009,1.1119,0.9183,0.151,2.6033%,2.8890%,18.7990%,-0.01243,GRPN,13108.0,2019-02-22,252.0,0.0000%,-0.0009,1.1133,0.9158,0.165,2.6040%,2.8889%,18.7556%,-0.010159,GRPN,13108.0,2019-02-25,252.0,-1.1905%,-0.0008,1.1107,0.9182,0.1568,2.6009%,2.8862%,18.7959%,-0.010997,GRPN,13108.0,2019-02-26,252.0,-0.6024%,-0.001,1.0846,0.9394,0.148,2.5870%,2.8651%,18.4684%,0.0020469999999999,GRPN,13108.0,2019-02-27,252.0,0.0000%,-0.0009,1.0954,0.9197,0.1497,2.5824%,2.8630%,18.6411%,-0.0026829999999999,GRPN,-0.073188,-0.058051,-0.097957,-0.129058,-0.16328
10419,HASBRO INC,Hasbro CEO Tells Cramer Toys R Us 'Disruption' Is Over,6,increase,0.7,0.6,"the statement from hasbro's ceo indicating that the disruption caused by toys r us is over suggests a stabilization in the toy market, which could positively impact hasbro's sales and stock performance.",2,2019-02-12,HAS,2019-02-12 21:40:00+00:00,52978.0,41805610,0.0077633038163185,1412037.0,0.0044657979160547,-0.0057053603231906,-0.0024452731013298,-0.009529092349112,-0.0373258888721466,-0.0082417586818337,0.0122684901580214,-0.0054644807241857,-0.0061742616817355,0.0016420528991147,-0.0072480128146708,0.0062789130024611,-0.003360770875588,0.002429342130199,0.0019767228513956,0.0015375562943518,-0.0177555847913026,0.0046342913992702,-0.001890312298201,-0.0011022385442629,0.0049715689383447,0.0066571189090609,0.0367490574717521,0.008165500126779,0.0072711547836661,0.0136054949834942,-0.0016918736509978,-0.0096564181149005,-0.0047452920116484,0.0023635237012058,-0.015779310837388,0.0052041984163224,0.0040369792841374,0.0150436097756028,0.0003446154878474,-0.0076353065669536,-0.0049379914999008,0.0145681835711002,0.00207732594572,-0.004947081208229,-0.003685358678922,0.0195894204080104,0.0024274543393403,0.0009393193759024,0.0043818871490657,-0.0028100395575165,-0.0019517586333677,0.0254532676190137,-0.0128839612007141,0.0309444237500429,-0.0097890263423323,0.0370988361537456,-0.0171825233846902,-0.0260065235197544,0.0053885397501289,-0.0156307276338338,0.008575526997447,0.0014791415305808,0.0022437700536102,-0.0031945218797773,0.0081300195306539,0.0039472025819122,-0.0063113714568316,0.03909258171916,0.0077629229053854,-0.001152271986939,-0.0065359193831682,-0.0123908938840031,0.0016447296366095,-0.0175155736505985,0.0090311588719487,-0.0218712389469146,0.0061606275849044,-0.0154323885217309,-0.0003465663176029,-0.0055912588723003,-0.0159481950104236,0.0035816072486341,0.0052847554907202,-0.012613458558917,0.0029205607715994,0.0115669118240475,0.020034959539771,-0.0016666593728587,0.0038826535455882,0.0008340247441083,0.020134188234806,-0.0406903363764286,0.0055753788910806,-0.0104061281308531,-0.015524523332715,-0.0162456780672073,-0.0075467242859303,-0.0124175520613789,0.1423221081495285,-0.0604026690125465,0.025136599317193,0.0038349409587681,-0.0164760313928127,0.0092050721868872,0.0109380465000867,-0.0197887867689132,-0.008480311371386,0.0156201189383864,0.0080613391473889,0.0194267723709344,0.0022579592186957,0.0025542557705193,0.0143011733889579,-0.0098008252680301,0.0115885743871331,-0.0288609117269516,-0.0101193087175488,0.0015375310322269,-0.0241103284060955,0.0089977774769067,-0.0037553599104285,0.0118250828236341,-0.0034718627575784,-0.0010454327566549,0.0044657979160547,-0.0057053603231906,0.0020096047192048,-0.0151800857668981,-0.0353912944353677,-0.0232967338450715,-0.0295858166116033,-0.0270388755120647,-0.056827021975742,-0.013575370066812,-0.0524728930875331,0.0996229354336428,0.1290683610874492,-0.0644124306886193,2019-02-13,2019-02-14,2019-02-15,2019-02-19,2019-02-20,2019-02-21,2019-02-22,2019-02-25,2019-02-26,2019-02-27,52978.0,2019-02-12,252.0,0.7763%,-0.0004,0.5969,0.4428,-0.047,1.4329%,1.5959%,19.3756%,-0.00068,HAS,52978.0,2019-02-13,252.0,0.4466%,-0.0003,0.6052,0.4299,-0.0486,1.4289%,1.5946%,19.6989%,0.002462,HAS,52978.0,2019-02-14,252.0,-0.2445%,-0.0003,0.6069,0.4285,-0.0486,1.4266%,1.5931%,19.8066%,-0.003792,HAS,52978.0,2019-02-15,252.0,-3.7326%,-0.0005,0.5753,0.3953,-0.1063,1.4538%,1.6085%,18.3133%,-0.045122,HAS,52978.0,2019-02-19,252.0,1.2268%,-0.0004,0.5775,0.4019,-0.099,1.4554%,1.6098%,18.2719%,0.010248,HAS,52978.0,2019-02-20,252.0,-0.6174%,-0.0005,0.5741,0.3882,-0.1126,1.4533%,1.6073%,18.2478%,-0.007711,HAS,52978.0,2019-02-21,252.0,-0.7248%,-0.0005,0.5731,0.3851,-0.1144,1.4531%,1.6065%,18.1845%,-0.005211,HAS,52978.0,2019-02-22,252.0,-0.3361%,-0.0006,0.5753,0.3644,-0.1067,1.4520%,1.6043%,18.0822%,-0.010986,HAS,52978.0,2019-02-25,252.0,0.1977%,-0.0005,0.5732,0.3612,-0.1162,1.4477%,1.6006%,18.1929%,0.001769,HAS,52978.0,2019-02-26,252.0,-1.7756%,-0.0006,0.5795,0.3752,-0.1044,1.4501%,1.6043%,18.3018%,-0.0150099999999999,HAS,52978.0,2019-02-27,252.0,-0.1890%,-0.0006,0.5765,0.3798,-0.1049,1.4496%,1.6028%,18.2049%,-0.00335,HAS,0.001782,-0.0020099999999999,-0.047132,-0.044595,-0.077383
10427,HENNESSY ADVISORS INC,Hennessy Advisors Q1 EPS $0.54 Misses $0.59 Estimate,6,decrease,0.75,0.6,"the earnings per share (eps) miss compared to estimates typically signals weaker financial performance, which can lead to a decrease in stock price.",0,2019-02-12,HNNA,2019-02-12 21:59:00+00:00,14599.0,42588510,0.0088495071977376,10427.0,-0.0263157226145267,0.0071301176212728,-0.0108108865097165,-0.0294117759913206,-0.023679407313466,-0.0119657600298523,-0.0072667109780013,0.0077519514597952,-0.0211622100323438,-0.0283217746764421,-0.0058196331374347,0.0993908122181892,0.0243902429938316,-0.0573980435729026,0.0,-0.0187234263867139,-0.0019048055401071,0.0620221048593521,-0.0219465214759111,-0.0530487634241581,0.0,0.1127238497138023,0.0214634407311677,0.0144927166402339,0.0019101722864434,-0.0076701748184859,-0.0181124489754438,0.0019212735351175,-0.0097087742760777,0.0028901477344334,-0.015686260536313,0.0077669825404882,-0.0149402013048529,0.0147783821448683,-0.0061375545337796,-0.0117230517789721,0.0051478794775903,-0.0237262733280658,-0.0060628433711826,-0.006609980482608,-0.013238301500678,-0.0009434177773073,0.0268318094313144,-0.0093457410112023,-0.0231155324727296,0.0,-0.020576111972332,0.0094339083880186,-0.0546218939125537,-0.0111940186470747,0.0344444923102855,0.0263284426182508,0.0257787071168422,0.0170398466289043,-0.0183874387294054,0.0259740483015775,-0.0079365018755197,-0.0106153693050146,0.022580649703741,0.0117400167509913,-0.006309192162007,-0.0009990237886086,-0.0211640018969774,-0.0137930437922477,0.0194594915956258,0.0474716275930404,-0.0106044942513108,-0.0555556192994117,0.0106109296903014,-0.0237868689000606,0.0043483260087668,0.0096061844378709,0.0100527545437216,-0.0431985519826412,0.0349914878606796,-0.0180505253374576,-0.0201921854168176,0.0155820418149232,-0.0164948292076587,-0.0215334314852953,0.0178197138011455,0.0054192608222365,-0.0205973032861948,-0.0022851324174553,0.0094637386500835,0.0031949810218065,-0.0104167060926556,-0.0142348622903227,0.0010526556288823,-0.0609858371317386,-0.043102066963911,-0.014814761467278,0.0054834624752402,0.0639229044318199,0.0338798277080059,0.0017544261645525,0.0095137581229209,0.0545790158212184,0.0209423881024122,-0.0534150302410125,-0.0194871369749307,-0.0239316020160913,0.0324267223477363,-0.0168067067861557,0.0121580436825752,0.002029265044257,-0.0236435811966657,-0.0095162224024534,0.0344685912132263,-0.0252032857388258,0.0208126883953809,-0.0144230257719755,0.00097089598421,0.0356845930218696,-0.0281280260533094,0.004166682716459,0.0017963721184059,-0.0189906898885965,-0.0147439492866396,0.0067736781202256,-0.0263157226145267,0.0071301176212728,-0.0368421128336364,-0.0224913677923164,-0.0596491207510262,-0.0341880015124228,-0.0862376747769878,-0.0542666266620608,-0.0915554364862161,-0.0328323595428895,-0.1571406811508422,0.1300000262753675,-0.1234617530869947,-0.0699587951649982,2019-02-13,2019-02-14,2019-02-15,2019-02-19,2019-02-20,2019-02-21,2019-02-22,2019-02-25,2019-02-26,2019-02-27,14599.0,2019-02-12,252.0,0.8850%,-0.0013,0.1063,0.2579,0.0641,2.2689%,2.2750%,0.5305%,0.007539,HNNA,14599.0,2019-02-13,252.0,-2.6316%,-0.0014,0.0997,0.2586,0.058,2.2743%,2.2801%,0.5099%,-0.026913,HNNA,14599.0,2019-02-14,252.0,-1.0811%,-0.0016,0.1,0.2519,0.0689,2.2663%,2.2719%,0.4858%,-0.01171,HNNA,14599.0,2019-02-15,252.0,-2.3679%,-0.0017,0.0842,0.2351,0.0398,2.2714%,2.2761%,0.4134%,-0.02587,HNNA,14599.0,2019-02-19,252.0,-0.7267%,-0.0017,0.0816,0.2328,0.0375,2.2716%,2.2762%,0.4019%,-0.008328,HNNA,14599.0,2019-02-20,252.0,-2.1162%,-0.0019,0.075,0.2142,0.0131,2.2745%,2.2786%,0.3656%,-0.022135,HNNA,14599.0,2019-02-21,252.0,-0.5820%,-0.002,0.0844,0.2324,0.0302,2.2697%,2.2744%,0.4189%,-0.005462,HNNA,14599.0,2019-02-22,252.0,2.4390%,-0.002,0.0818,0.2095,-0.0208,2.2711%,2.2761%,0.4371%,0.0229079999999999,HNNA,14599.0,2019-02-25,252.0,0.0000%,-0.002,0.0837,0.2103,-0.0136,2.2689%,2.2738%,0.4333%,0.000285,HNNA,14599.0,2019-02-26,252.0,-0.1905%,-0.002,0.0809,0.2109,-0.0153,2.2688%,2.2737%,0.4288%,-0.00057,HNNA,14599.0,2019-02-27,252.0,-2.1947%,-0.0021,0.0821,0.2028,-0.0152,2.2723%,2.2770%,0.4127%,-0.022538,HNNA,-0.019374,-0.031084,-0.056954,-0.087417,-0.092794
10435,HUBSPOT INC,"HubSpot Sees Q1 Adj. EPS $0.23-$0.25 vs $0.24 Est., Sales $146.5M-$147.5M vs $145.6M Est.; Sees FY19 Adj. EPS $1.08-$1.16 vs $1.12 Est., Sales $648M-$652M vs $636.6M Est.",6,increase,0.8,0.6,"the reported adjusted eps and sales figures for q1 and fy19 are above estimates, which typically signals positive performance and can lead to an increase in stock price.",2,2019-02-12,HUBS,2019-02-12 21:11:00+00:00,14970.0,44357310,0.026069289073348,925954.0,-0.0007558423676528,0.0132374418899416,-0.0331645831465721,0.0314857736229896,-0.0004814456915482,-0.0254587586969137,-0.0028297984972596,0.004884619731456,-0.0083927027881145,0.0026323394849896,0.0063326344825327,0.0227273032069206,0.0211169011890888,0.0089065991342067,0.0075847287662327,0.0407599546015262,-0.0138202244415879,0.0378684699535369,0.010793711990118,-0.0237794388085603,-0.0066076410003006,-0.00930439773947,0.0210238341242075,0.0108057307079434,-0.0461260639131069,-0.0140085816383361,0.0034757731482386,0.0013830789830535,-0.0201749633997678,-0.0220906026661396,0.0058918190188705,0.0369999930262565,0.0023429612629115,0.0330481119453907,0.0213445648550987,-0.0076001407578587,0.0050590918399393,0.0369923785328865,-0.0003595251473598,0.0059999739751219,0.0086319809779524,0.0,-0.0080232433974742,0.0114875826984643,-0.0051524811424314,0.0114733073860406,0.0198132693767547,0.0267106667160987,-0.0040155467577278,0.0514357574284076,0.0448238924145698,0.066733993589878,-0.0600953139364719,-0.0514846518635749,0.0094185685738921,-0.0035791343543678,0.0029906095005571,0.0138698583468794,-0.0363169908523559,-0.0161840599030256,0.0112623265013098,0.016122531145811,0.0170726254582405,0.0839741379022598,0.0031285060103982,-0.0065971747972071,0.025010485202074,-0.0523978173732757,0.0052662915550172,-0.039731428027153,-0.0430151298642158,-0.0128655089065432,-0.0025545780081301,0.0215867385268211,-0.0089030228555202,-0.0518843196332454,0.0036916637327522,-0.0189671590924263,0.0121987992897629,-0.008302753791213,0.0138687537983059,0.0371104963123798,-0.0084224576130509,-0.003795642638579,-0.0048795035108923,0.0266541838645935,0.0070222388021647,-0.0442458279430866,-0.0215810723602771,0.0241836905479431,-0.0167731363326311,-0.0633128508925437,0.0186840314418077,0.0065453764982521,0.0196907818317413,0.036377228796482,-0.006497033406049,0.0267891325056552,0.0351802185177803,0.0798412784934043,0.0453906990587711,-0.0226189754903316,0.026130249723792,0.0504030771553516,0.0059981793165206,0.0079541597515344,-0.0159358363598585,0.0187331326305866,-0.010410351678729,0.002007994800806,0.0261605083942413,-0.1442020088434219,0.0094380853697657,-0.0003734636702574,-0.0224610846489667,0.0570819154381752,-0.0114336069673299,-0.0073667303659021,0.0115658463910222,-0.0120780821889638,-0.0007558423676528,0.0132374418899416,-0.0338953583171771,0.0451400066116254,-0.0343604852345001,0.0185320393788093,-0.0451744423221903,0.0262013994413945,-0.0145348818948137,0.116565636908031,-0.060465076540334,0.3298691082318432,0.0576744097013777,0.2978476315494229,2019-02-13,2019-02-14,2019-02-15,2019-02-19,2019-02-20,2019-02-21,2019-02-22,2019-02-25,2019-02-26,2019-02-27,14970.0,2019-02-12,252.0,2.6069%,0.0017,1.4488,0.7963,-1.6248,1.6973%,2.8274%,63.9637%,0.003315,HUBS,14970.0,2019-02-13,252.0,-0.0756%,0.0015,1.4297,0.8262,-1.6209,1.6789%,2.8026%,64.1117%,-0.004253,HUBS,14970.0,2019-02-14,252.0,-3.3165%,0.0014,1.4408,0.8018,-1.595,1.7024%,2.8117%,63.3385%,-0.04396,HUBS,14970.0,2019-02-15,252.0,-0.0481%,0.0011,1.3944,0.7587,-1.6721,1.6788%,2.7852%,63.6692%,-0.011211,HUBS,14970.0,2019-02-19,252.0,-0.2830%,0.0012,1.4038,0.742,-1.6917,1.6664%,2.7851%,64.2015%,-0.002763,HUBS,14970.0,2019-02-20,252.0,-0.8393%,0.0011,1.3999,0.7206,-1.7092,1.6568%,2.7803%,64.4896%,-0.0034879999999999,HUBS,14970.0,2019-02-21,252.0,0.6333%,0.001,1.4112,0.7453,-1.6885,1.6417%,2.7749%,64.9956%,0.0079849999999999,HUBS,14970.0,2019-02-22,252.0,2.1117%,0.0009,1.4146,0.7222,-1.6695,1.6432%,2.7769%,64.9863%,-0.017076,HUBS,14970.0,2019-02-25,252.0,0.7585%,0.0009,1.4142,0.7202,-1.6719,1.6432%,2.7770%,64.9881%,0.004235,HUBS,14970.0,2019-02-26,252.0,-1.3820%,0.0009,1.4276,0.726,-1.6589,1.6416%,2.7788%,65.0996%,-0.0125659999999999,HUBS,14970.0,2019-02-27,252.0,1.0794%,0.001,1.4313,0.7208,-1.6583,1.6411%,2.7792%,65.1313%,0.006039,HUBS,-0.0009379999999999,-0.044898,-0.056109,-0.06236,-0.0737429999999999
10443,HUBSPOT INC,"HubSpot Q4 Adj. EPS $0.37 Beats $0.30 Estimate, Sales $144M Beat $137.28M Estimate",6,increase,0.85,0.7,"the positive earnings per share and sales results exceeding estimates typically indicate strong company performance, which is likely to boost investor confidence and increase the stock price.",2,2019-02-12,HUBS,2019-02-12 21:10:00+00:00,14970.0,44357310,0.026069289073348,925954.0,-0.0007558423676528,0.0132374418899416,-0.0331645831465721,0.0314857736229896,-0.0004814456915482,-0.0254587586969137,-0.0028297984972596,0.004884619731456,-0.0083927027881145,0.0026323394849896,0.0063326344825327,0.0227273032069206,0.0211169011890888,0.0089065991342067,0.0075847287662327,0.0407599546015262,-0.0138202244415879,0.0378684699535369,0.010793711990118,-0.0237794388085603,-0.0066076410003006,-0.00930439773947,0.0210238341242075,0.0108057307079434,-0.0461260639131069,-0.0140085816383361,0.0034757731482386,0.0013830789830535,-0.0201749633997678,-0.0220906026661396,0.0058918190188705,0.0369999930262565,0.0023429612629115,0.0330481119453907,0.0213445648550987,-0.0076001407578587,0.0050590918399393,0.0369923785328865,-0.0003595251473598,0.0059999739751219,0.0086319809779524,0.0,-0.0080232433974742,0.0114875826984643,-0.0051524811424314,0.0114733073860406,0.0198132693767547,0.0267106667160987,-0.0040155467577278,0.0514357574284076,0.0448238924145698,0.066733993589878,-0.0600953139364719,-0.0514846518635749,0.0094185685738921,-0.0035791343543678,0.0029906095005571,0.0138698583468794,-0.0363169908523559,-0.0161840599030256,0.0112623265013098,0.016122531145811,0.0170726254582405,0.0839741379022598,0.0031285060103982,-0.0065971747972071,0.025010485202074,-0.0523978173732757,0.0052662915550172,-0.039731428027153,-0.0430151298642158,-0.0128655089065432,-0.0025545780081301,0.0215867385268211,-0.0089030228555202,-0.0518843196332454,0.0036916637327522,-0.0189671590924263,0.0121987992897629,-0.008302753791213,0.0138687537983059,0.0371104963123798,-0.0084224576130509,-0.003795642638579,-0.0048795035108923,0.0266541838645935,0.0070222388021647,-0.0442458279430866,-0.0215810723602771,0.0241836905479431,-0.0167731363326311,-0.0633128508925437,0.0186840314418077,0.0065453764982521,0.0196907818317413,0.036377228796482,-0.006497033406049,0.0267891325056552,0.0351802185177803,0.0798412784934043,0.0453906990587711,-0.0226189754903316,0.026130249723792,0.0504030771553516,0.0059981793165206,0.0079541597515344,-0.0159358363598585,0.0187331326305866,-0.010410351678729,0.002007994800806,0.0261605083942413,-0.1442020088434219,0.0094380853697657,-0.0003734636702574,-0.0224610846489667,0.0570819154381752,-0.0114336069673299,-0.0073667303659021,0.0115658463910222,-0.0120780821889638,-0.0007558423676528,0.0132374418899416,-0.0338953583171771,0.0451400066116254,-0.0343604852345001,0.0185320393788093,-0.0451744423221903,0.0262013994413945,-0.0145348818948137,0.116565636908031,-0.060465076540334,0.3298691082318432,0.0576744097013777,0.2978476315494229,2019-02-13,2019-02-14,2019-02-15,2019-02-19,2019-02-20,2019-02-21,2019-02-22,2019-02-25,2019-02-26,2019-02-27,14970.0,2019-02-12,252.0,2.6069%,0.0017,1.4488,0.7963,-1.6248,1.6973%,2.8274%,63.9637%,0.003315,HUBS,14970.0,2019-02-13,252.0,-0.0756%,0.0015,1.4297,0.8262,-1.6209,1.6789%,2.8026%,64.1117%,-0.004253,HUBS,14970.0,2019-02-14,252.0,-3.3165%,0.0014,1.4408,0.8018,-1.595,1.7024%,2.8117%,63.3385%,-0.04396,HUBS,14970.0,2019-02-15,252.0,-0.0481%,0.0011,1.3944,0.7587,-1.6721,1.6788%,2.7852%,63.6692%,-0.011211,HUBS,14970.0,2019-02-19,252.0,-0.2830%,0.0012,1.4038,0.742,-1.6917,1.6664%,2.7851%,64.2015%,-0.002763,HUBS,14970.0,2019-02-20,252.0,-0.8393%,0.0011,1.3999,0.7206,-1.7092,1.6568%,2.7803%,64.4896%,-0.0034879999999999,HUBS,14970.0,2019-02-21,252.0,0.6333%,0.001,1.4112,0.7453,-1.6885,1.6417%,2.7749%,64.9956%,0.0079849999999999,HUBS,14970.0,2019-02-22,252.0,2.1117%,0.0009,1.4146,0.7222,-1.6695,1.6432%,2.7769%,64.9863%,-0.017076,HUBS,14970.0,2019-02-25,252.0,0.7585%,0.0009,1.4142,0.7202,-1.6719,1.6432%,2.7770%,64.9881%,0.004235,HUBS,14970.0,2019-02-26,252.0,-1.3820%,0.0009,1.4276,0.726,-1.6589,1.6416%,2.7788%,65.0996%,-0.0125659999999999,HUBS,14970.0,2019-02-27,252.0,1.0794%,0.001,1.4313,0.7208,-1.6583,1.6411%,2.7792%,65.1313%,0.006039,HUBS,-0.0009379999999999,-0.044898,-0.056109,-0.06236,-0.0737429999999999
10451,HUNTSMAN CORP,"Huntsman Q4 EPS $0.52 Misses $0.55 Estimate, Sales $2.24B Beat $2.14B Estimate",6,uncertain,0.6,0.2,"while huntsman corp's sales beat estimates, the earnings per share (eps) miss could lead to mixed investor reactions, making the overall impact on stock price uncertain.",1,2019-02-12,HUN,2019-02-12 11:08:00+00:00,90558.0,44701110,0.0346534885466098,4972719.0,-0.0173988528549671,0.0187987089157104,0.0163788814097642,-0.0027435468509793,0.0174216702580452,-0.0348631516098976,0.022688303142786,-0.0048309443518519,0.0293009951710701,0.0115504320710897,-0.0138267651200294,0.0035666483454406,0.0235051419585943,0.0209376886487007,0.0036261142231523,-0.0359807610511779,-0.0080289347097277,0.0492634288966655,0.0060704788193106,0.0111731737852096,-0.0028157560154795,-0.0115048326551914,0.0048406184650957,0.0543424971401691,-0.0180650651454925,-0.0033848981838673,-0.0143090141937136,-0.0199052169919014,0.0058066938072443,-0.042215172201395,-0.0230927616357803,0.0217996854335069,-0.0143520534038543,0.0213168561458587,0.0239828452467918,0.014903912320733,0.0071099991910159,-0.009995287284255,0.0141196073964238,-0.010828603990376,-0.0326576977968215,-0.0134696196764707,-0.0136402258649468,0.0213472843170166,-0.0298184379935264,0.0115163037553429,-0.0124721908941865,0.0057915463112294,0.007216952741146,-0.0161443576216697,0.024630507454276,0.0866873264312744,-0.0520104318857193,-0.0192308239638805,-0.0156754329800605,0.0243649184703826,-0.0004683947772718,0.0120672322809696,0.0037488248199224,-0.0015715393237769,0.0224089417606592,-0.011904738843441,0.0269406475126743,0.0650496333837509,0.0289017166942358,-0.0005509768379852,-0.0073465895839035,-0.0060241296887397,0.048759289085865,-0.0016402780311182,0.0099626304581761,-0.0193028803914785,-0.0098643554374575,0.0236004572361707,0.0016603987896814,-0.0043715806677937,-0.0182345062494278,-0.0302067603915929,0.0101308468729257,-0.0138600217178463,0.0050145811401307,0.0078328782692551,0.0291060619056224,0.0229701027274131,-0.0096969604492187,0.029702914878726,0.0175438728183507,-0.0496601611375808,-0.005212552845478,-0.0214833803474903,-0.0008060681284405,-0.0500486232340335,-0.0225898083299398,0.0178041849285364,-0.0012380841653794,0.0165912490338087,-0.0280991848558187,-0.0074851056560873,-0.0323129333555698,0.0131446020677685,0.0210896097123622,-0.0265747550874948,-0.0064543727785348,0.0064387894235551,-0.036812487989664,-0.0189504083245992,-0.0490107983350753,0.0341708697378635,-0.0108746830374002,-0.0377176329493522,0.0315487496554851,-0.0142992967739701,-0.0305838678032159,-0.03406997397542,-0.020076485350728,0.001844972721301,-0.0146341091021895,0.0154566708952188,-0.0123762367293238,-0.0291041117161512,-0.0173988528549671,0.0187987089157104,-0.0013049451927802,0.0160035869260828,0.0160939907404116,-0.0194175001611209,0.0695954933226223,-0.0128832041036345,0.0813397497903807,0.0344506447186248,-0.0618368941709107,0.1639601402657364,-0.1262206044341187,0.0191608991030438,2019-02-13,2019-02-14,2019-02-15,2019-02-19,2019-02-20,2019-02-21,2019-02-22,2019-02-25,2019-02-26,2019-02-27,90558.0,2019-02-12,252.0,3.4653%,-0.0011,1.4482,0.8542,0.5082,1.6088%,2.2044%,46.7369%,0.0157749999999999,HUN,90558.0,2019-02-13,252.0,-1.7399%,-0.0013,1.436,0.8662,0.5052,1.6096%,2.1966%,46.3052%,-0.022422,HUN,90558.0,2019-02-14,252.0,1.6379%,-0.0012,1.4312,0.8764,0.4945,1.6138%,2.1988%,46.1309%,0.01772,HUN,90558.0,2019-02-15,252.0,1.7422%,-0.0012,1.4297,0.8748,0.4918,1.6139%,2.1956%,45.9692%,-0.003416,HUN,90558.0,2019-02-19,252.0,2.2688%,-0.0011,1.4368,0.8803,0.4973,1.6159%,2.2006%,46.0839%,0.01586,HUN,90558.0,2019-02-20,252.0,2.9301%,-0.001,1.4436,0.8976,0.5222,1.6219%,2.2088%,46.0816%,0.021799,HUN,90558.0,2019-02-21,252.0,-1.3827%,-0.0011,1.4537,0.9169,0.5407,1.6151%,2.2093%,46.5604%,-0.006756,HUN,90558.0,2019-02-22,252.0,2.3505%,-0.0011,1.4518,0.9028,0.505,1.6167%,2.2126%,46.6053%,0.016862,HUN,90558.0,2019-02-25,252.0,0.3626%,-0.001,1.4511,0.8993,0.5006,1.6168%,2.2123%,46.5905%,0.004605,HUN,90558.0,2019-02-26,252.0,-0.8029%,-0.001,1.4551,0.8917,0.4998,1.6161%,2.2117%,46.6075%,0.001601,HUN,90558.0,2019-02-27,252.0,0.6070%,-0.001,1.4571,0.8896,0.5002,1.6162%,2.2117%,46.6040%,0.0035659999999999,HUN,-0.006647,0.0110729999999999,0.0076569999999999,0.0453159999999999,0.065194
10459,INTERCEPT PHARMACEUTICALS INC,Intercept Pharamceuticals shares are trading down after Gilead's disappointing NASH trial results; Intercept is also developing a NASH candidate and may be trading down in sympathy with Gilead.,6,decrease,0.8,0.7,"the negative sentiment surrounding gilead's nash trial results is likely to impact intercept pharmaceuticals negatively, as investors may fear similar outcomes for intercept's nash candidate.",0,2019-02-12,ICPT,2019-02-12 20:16:00+00:00,13643.0,45845P10,-0.0536048524081707,1767328.0,-0.0063035078346729,-0.0131203122437,0.0077027501538395,0.0229716785252094,-0.0034172416198998,-0.0205611772835254,0.0609095841646194,-0.0081076668575406,-0.1576932966709137,-0.002750702900812,-0.0727052092552185,0.0287257619202137,0.0165522880852222,-0.0336426720023155,0.0095340050756931,0.0389118157327175,-0.0157045386731624,0.0339119285345077,0.0,-0.0299602933228015,0.0752479061484336,-0.0312003623694181,0.0696812197566032,0.0266209207475185,-0.0192145742475986,0.0526077896356582,0.0294342692941427,-0.0027044357266277,-0.0303565189242363,-0.0222123991698026,-0.0197223331779241,-0.0018476747209206,-0.0141615094617009,0.025812279433012,0.038735844194889,-0.0113321729004383,0.0175489168614149,0.0300551149994134,0.0210891366004943,-0.0084753511473536,0.0184504725039005,-0.0287661515176296,0.0200991742312908,-0.0006191923166625,0.0033574593253433,0.0201227515935897,-0.0140013769268989,0.0094735007733106,0.0100026354193687,0.0725940465927124,0.0182156264781951,0.0763487443327903,-0.046026948839426,-0.0222108345478773,-0.0046427142806351,-0.0351225398480892,0.0183830447494983,0.0716639831662178,-0.0453524515032768,0.0108555685728788,0.0035747624933719,-0.0197029039263725,0.0485564321279525,0.0976061299443245,-0.0032183141447603,-0.0463217943906784,0.0221524778753519,-0.0702419877052307,0.0122839473187923,-0.0517308413982391,0.0024269635323435,-0.0365373939275741,0.0119325313717126,0.0144458906725049,0.0269161891192197,-0.0258309487253427,-0.0148943327367305,-0.000740070361644,0.0193428583443164,-0.0235772412270307,-0.1320019960403442,0.0584185943007469,-0.0910739973187446,-0.0132088083773851,-0.031089162454009,0.0364756062626838,-0.0059620928950607,-0.0425989665091037,-0.027917094528675,0.008402562700212,-0.0197442471981048,-0.0277217198163271,-0.0042343228124082,-0.0177621599286794,0.0404550805687904,0.0069911410100758,0.0077322940342128,-0.0343678630888462,-0.0254302266985178,0.0496962442994117,0.0087729021906852,-0.0232808664441108,-0.0146059216931462,0.0016206023283302,-0.0248924754559993,0.0122117586433887,-0.0041773105040192,0.0279157217592001,0.0278489794582128,0.0281228758394718,0.0193855464458465,0.0110029689967632,-0.0022241654805839,0.0180412344634532,-0.0526081286370754,0.0450636968016624,0.0302352905273437,-0.0415053144097328,-0.0419093072414398,-0.0005953910876996,-0.0063035078346729,-0.0131203122437,0.0013506879732234,0.0095499706864967,-0.0020711692738339,-0.0112075652373662,-0.1082395658048666,-0.0219221872742217,-0.1647005861202688,0.0131237830403287,-0.0427735185955078,0.261177934755513,-0.2444844753869876,0.1644338626521995,2019-02-13,2019-02-14,2019-02-15,2019-02-19,2019-02-20,2019-02-21,2019-02-22,2019-02-25,2019-02-26,2019-02-27,13643.0,2019-02-12,252.0,-5.3605%,0.0024,1.6409,1.5045,-0.976,2.6860%,3.5399%,42.4263%,-0.078543,ICPT,13643.0,2019-02-13,252.0,-0.6304%,0.0024,1.6448,1.4923,-0.9815,2.6861%,3.5403%,42.4351%,-0.0112179999999999,ICPT,13643.0,2019-02-14,252.0,0.7703%,0.0025,1.6482,1.4909,-0.9837,2.6779%,3.5367%,42.6667%,-0.002396,ICPT,13643.0,2019-02-15,252.0,-0.3417%,0.0023,1.6141,1.4577,-1.0425,2.6781%,3.5253%,42.2870%,-0.021147,ICPT,13643.0,2019-02-19,252.0,6.0910%,0.0023,1.6075,1.5158,-0.9765,2.6763%,3.5085%,41.8127%,0.056643,ICPT,13643.0,2019-02-20,252.0,-15.7693%,0.0016,1.5626,1.4152,-1.1366,2.8610%,3.6519%,38.6258%,-0.158812,ICPT,13643.0,2019-02-21,252.0,-7.2705%,0.0014,1.5804,1.436,-1.1034,2.8948%,3.6822%,38.1944%,-0.068647,ICPT,13643.0,2019-02-22,252.0,1.6552%,0.0014,1.5816,1.4733,-1.055,2.8908%,3.6786%,38.2444%,-0.017938,ICPT,13643.0,2019-02-25,252.0,0.9534%,0.0014,1.5816,1.4695,-1.0569,2.8912%,3.6787%,38.2327%,0.008993,ICPT,13643.0,2019-02-26,252.0,-1.5705%,0.0013,1.5713,1.4917,-1.0533,2.8889%,3.6721%,38.1059%,-0.007357,ICPT,13643.0,2019-02-27,252.0,0.0000%,0.0014,1.5771,1.4794,-1.0524,2.8880%,3.6720%,38.1430%,-0.005612,ICPT,-0.089761,-0.092157,-0.113304,-0.215473,-0.3060340000000001
10467,ISHARES TRUST,Venezuelan Guaido's Team To Nominate Its Own Citgo Board,6,uncertain,0.6,0.3,"the nomination of a new board for citgo by guaido's team could lead to uncertainty regarding the company's future operations and governance, impacting investor sentiment in unpredictable ways.",1,2019-02-12,ILF,2019-02-12 22:16:00+00:00,89190.0,46428739,0.0223147869110107,1836953.0,-0.0148429023101925,-0.0103061981499195,0.0242245122790336,-0.0026431763544678,0.0066340747289359,-0.0081562064588069,-0.0017192369559779,-0.0343177914619445,-0.0040183523669838,0.0005629174993373,-0.0002882459957618,0.0062304558232426,0.0126838413998484,-0.0025423769839107,-0.005693161394447,0.0181190986186265,0.0002862387918867,0.0163695234805345,-0.0040068514645099,0.0145313711836934,-0.0224137585610151,-0.0248698834329843,-0.0105820279568433,0.0017381625948473,-0.0026738012675195,0.0029053543694317,0.0062555582262575,0.0192477852106094,-0.0213143117725849,-0.0242704469710588,-0.0084695275872945,0.0034792381338775,0.0073215891607105,0.0087745850905776,0.0314960889518261,0.0014645353658124,0.0032295007258653,-0.0035025959368795,0.0111208977177739,0.0061673740856349,-0.010709086433053,-0.0055491365492343,0.0131656164303422,0.0008770124404691,0.0176148023456335,0.0221092868596315,-0.0019864786881953,0.0139352595433592,0.0011373590677976,-0.0015124939382076,-0.0170405711978673,0.0254342332482338,-0.0528749451041221,-0.0018575096037238,0.0103721832856535,0.0480207502841949,0.0138889765366911,0.0039087599143385,-0.0393092148005962,0.0095363669097423,0.0195288620889186,0.0069536119699478,0.0103374933823943,0.0247710030525922,0.0168522838503122,-0.0104097165167331,-0.0053270286880433,-0.0142336450517177,-0.0074382624588906,0.0110441744327545,0.0218824800103902,-0.0128840859979391,0.0117336912080645,0.0059362319298088,0.0118874981999397,-0.0135658327490091,-0.0094556398689746,-0.0105465585365891,0.0046282862313091,0.001600548857823,-0.0181399676948785,0.0152745954692363,-0.0211142934858799,0.0035877563059329,0.0014978799736127,-0.0266666710376739,0.0065809516236186,-0.0116096902638673,-0.0074294200167059,0.0009422326111234,0.0086825471371412,-0.0187981687486171,-0.0029681946616619,0.0102740302681922,0.0071450336836278,-0.0027941681910306,-0.0209873747080564,0.0078222779557108,0.0117753446102142,0.0223927982151508,0.0044763213954865,0.0313428156077861,-0.0044563733972609,-0.0344058610498905,0.0008953326032496,-0.0190625190734863,-0.0172928385436534,0.0181355290114879,-0.0009101571631617,-0.0352977737784385,0.0109322993084788,-0.009124063886702,-0.0165214538574218,0.0166976172477006,-0.0131337903439998,0.0176211278885603,0.0126895643770694,0.0159846544265747,-0.0146699119359254,-0.0215826909989118,-0.0148429023101925,-0.0103061981499195,0.0090220478995712,-0.012922133405133,0.015715975568481,-0.0209729442759994,0.0098952315056044,-0.0540387920761704,0.0128055479575091,-0.0032621783367795,-0.0611176466904873,0.1052285656635583,-0.0616996207705143,0.0669718495836824,2019-02-13,2019-02-14,2019-02-15,2019-02-19,2019-02-20,2019-02-21,2019-02-22,2019-02-25,2019-02-26,2019-02-27,89190.0,2019-02-12,252.0,2.2315%,-0.0001,0.8436,-0.0287,0.3325,1.4310%,1.6577%,25.4811%,0.011362,ILF,89190.0,2019-02-13,252.0,-1.4843%,-0.0002,0.8407,-0.0308,0.3279,1.4352%,1.6588%,25.1437%,-0.017521,ILF,89190.0,2019-02-14,252.0,2.4225%,-0.0001,0.834,-0.0156,0.3114,1.4459%,1.6657%,24.6428%,0.0279519999999999,ILF,89190.0,2019-02-15,252.0,0.6634%,-0.0001,0.8209,-0.0278,0.2896,1.4440%,1.6578%,24.1296%,-0.004346,ILF,89190.0,2019-02-19,252.0,-0.1719%,-0.0001,0.8201,-0.0302,0.287,1.4443%,1.6571%,24.0336%,-0.004167,ILF,89190.0,2019-02-20,252.0,-0.4018%,-0.0002,0.8182,-0.034,0.2804,1.4449%,1.6572%,23.9803%,-0.007188,ILF,89190.0,2019-02-21,252.0,-0.0288%,-0.0002,0.8209,-0.0277,0.2853,1.4438%,1.6570%,24.0815%,0.00326,ILF,89190.0,2019-02-22,252.0,1.2684%,-0.0002,0.8191,-0.0238,0.2678,1.4457%,1.6588%,24.0473%,0.011594,ILF,89190.0,2019-02-25,252.0,-0.5693%,-0.0002,0.8209,-0.0189,0.2768,1.4433%,1.6570%,24.1300%,-0.006602,ILF,89190.0,2019-02-26,252.0,0.0286%,-0.0002,0.8235,-0.0249,0.2757,1.4430%,1.6564%,24.1036%,0.0022919999999999,ILF,89190.0,2019-02-27,252.0,-0.4007%,-0.0002,0.8247,-0.0284,0.2759,1.4431%,1.6561%,24.0664%,-0.00447,ILF,-0.0061589999999999,0.021793,0.017447,0.006092,0.0121659999999999
10475,ISHARES TRUST,Russia's Lavrov Tells US Secretary Of State Pompeo That Russia Is Ready For Consultations On Venezuela,6,uncertain,0.6,0.2,"the news about russia's readiness for consultations on venezuela may have mixed implications for market sentiment, leading to uncertainty rather than a clear increase or decrease in ishares trust's stock price.",1,2019-02-12,ILF,2019-02-12 19:23:00+00:00,89190.0,46428739,0.0223147869110107,1836953.0,-0.0148429023101925,-0.0103061981499195,0.0242245122790336,-0.0026431763544678,0.0066340747289359,-0.0081562064588069,-0.0017192369559779,-0.0343177914619445,-0.0040183523669838,0.0005629174993373,-0.0002882459957618,0.0062304558232426,0.0126838413998484,-0.0025423769839107,-0.005693161394447,0.0181190986186265,0.0002862387918867,0.0163695234805345,-0.0040068514645099,0.0145313711836934,-0.0224137585610151,-0.0248698834329843,-0.0105820279568433,0.0017381625948473,-0.0026738012675195,0.0029053543694317,0.0062555582262575,0.0192477852106094,-0.0213143117725849,-0.0242704469710588,-0.0084695275872945,0.0034792381338775,0.0073215891607105,0.0087745850905776,0.0314960889518261,0.0014645353658124,0.0032295007258653,-0.0035025959368795,0.0111208977177739,0.0061673740856349,-0.010709086433053,-0.0055491365492343,0.0131656164303422,0.0008770124404691,0.0176148023456335,0.0221092868596315,-0.0019864786881953,0.0139352595433592,0.0011373590677976,-0.0015124939382076,-0.0170405711978673,0.0254342332482338,-0.0528749451041221,-0.0018575096037238,0.0103721832856535,0.0480207502841949,0.0138889765366911,0.0039087599143385,-0.0393092148005962,0.0095363669097423,0.0195288620889186,0.0069536119699478,0.0103374933823943,0.0247710030525922,0.0168522838503122,-0.0104097165167331,-0.0053270286880433,-0.0142336450517177,-0.0074382624588906,0.0110441744327545,0.0218824800103902,-0.0128840859979391,0.0117336912080645,0.0059362319298088,0.0118874981999397,-0.0135658327490091,-0.0094556398689746,-0.0105465585365891,0.0046282862313091,0.001600548857823,-0.0181399676948785,0.0152745954692363,-0.0211142934858799,0.0035877563059329,0.0014978799736127,-0.0266666710376739,0.0065809516236186,-0.0116096902638673,-0.0074294200167059,0.0009422326111234,0.0086825471371412,-0.0187981687486171,-0.0029681946616619,0.0102740302681922,0.0071450336836278,-0.0027941681910306,-0.0209873747080564,0.0078222779557108,0.0117753446102142,0.0223927982151508,0.0044763213954865,0.0313428156077861,-0.0044563733972609,-0.0344058610498905,0.0008953326032496,-0.0190625190734863,-0.0172928385436534,0.0181355290114879,-0.0009101571631617,-0.0352977737784385,0.0109322993084788,-0.009124063886702,-0.0165214538574218,0.0166976172477006,-0.0131337903439998,0.0176211278885603,0.0126895643770694,0.0159846544265747,-0.0146699119359254,-0.0215826909989118,-0.0148429023101925,-0.0103061981499195,0.0090220478995712,-0.012922133405133,0.015715975568481,-0.0209729442759994,0.0098952315056044,-0.0540387920761704,0.0128055479575091,-0.0032621783367795,-0.0611176466904873,0.1052285656635583,-0.0616996207705143,0.0669718495836824,2019-02-13,2019-02-14,2019-02-15,2019-02-19,2019-02-20,2019-02-21,2019-02-22,2019-02-25,2019-02-26,2019-02-27,89190.0,2019-02-12,252.0,2.2315%,-0.0001,0.8436,-0.0287,0.3325,1.4310%,1.6577%,25.4811%,0.011362,ILF,89190.0,2019-02-13,252.0,-1.4843%,-0.0002,0.8407,-0.0308,0.3279,1.4352%,1.6588%,25.1437%,-0.017521,ILF,89190.0,2019-02-14,252.0,2.4225%,-0.0001,0.834,-0.0156,0.3114,1.4459%,1.6657%,24.6428%,0.0279519999999999,ILF,89190.0,2019-02-15,252.0,0.6634%,-0.0001,0.8209,-0.0278,0.2896,1.4440%,1.6578%,24.1296%,-0.004346,ILF,89190.0,2019-02-19,252.0,-0.1719%,-0.0001,0.8201,-0.0302,0.287,1.4443%,1.6571%,24.0336%,-0.004167,ILF,89190.0,2019-02-20,252.0,-0.4018%,-0.0002,0.8182,-0.034,0.2804,1.4449%,1.6572%,23.9803%,-0.007188,ILF,89190.0,2019-02-21,252.0,-0.0288%,-0.0002,0.8209,-0.0277,0.2853,1.4438%,1.6570%,24.0815%,0.00326,ILF,89190.0,2019-02-22,252.0,1.2684%,-0.0002,0.8191,-0.0238,0.2678,1.4457%,1.6588%,24.0473%,0.011594,ILF,89190.0,2019-02-25,252.0,-0.5693%,-0.0002,0.8209,-0.0189,0.2768,1.4433%,1.6570%,24.1300%,-0.006602,ILF,89190.0,2019-02-26,252.0,0.0286%,-0.0002,0.8235,-0.0249,0.2757,1.4430%,1.6564%,24.1036%,0.0022919999999999,ILF,89190.0,2019-02-27,252.0,-0.4007%,-0.0002,0.8247,-0.0284,0.2759,1.4431%,1.6561%,24.0664%,-0.00447,ILF,-0.0061589999999999,0.021793,0.017447,0.006092,0.0121659999999999
10483,INOGEN INC,"Inogen shares are trading lower after shortseller Citron Research released a negative report on the company, citing 'elder abuse' within its sale tactics.",6,decrease,0.8,0.7,"the negative report from citron research highlighting 'elder abuse' in inogen's sales tactics is likely to damage the company's reputation and investor confidence, leading to a decrease in stock price.",0,2019-02-12,INGN,2019-02-12 15:33:00+00:00,14459.0,45780L10,-0.0291842054575681,2736563.0,-0.0141252940520644,0.0400818884372711,0.0157971624284982,-0.0216115936636924,0.0263291094452142,-0.0300548449158668,-0.0172668751329183,0.0,0.0076734945178031,-0.0479745864868164,-0.0108176572248339,-0.0059120669029653,0.0312252398580312,0.0067455125972628,0.0076745329424738,0.0094125745818018,-0.0302568394690752,0.02483413182199,-0.241182342171669,0.0031568969134241,0.0111027508974075,-0.0280815865844488,-0.004559816326946,0.0182707495987415,-0.0372067242860794,0.0293644480407238,-0.0037867694627493,-0.0202754065394401,-0.0398635119199752,-0.027576096355915,-0.0129935918375849,0.0107042659074068,-0.0337345078587532,0.0162834543734788,0.0248004458844661,0.0066116168163716,-0.0045700296759605,0.0392956137657165,0.0166945550590753,0.0287166573107242,-0.0108785424381494,-0.039261482656002,-0.013073194772005,0.0349220633506774,0.0062026525847613,0.0255273953080177,0.0041793077252805,-0.0216688476502895,-0.0295495148748159,0.0644253119826316,0.015117441304028,0.0558904036879539,-0.0481622032821178,-0.0169615633785724,0.0184198394417762,-0.0076507767662405,0.0093702403828501,0.0137981288135051,-0.0010794308036565,-0.0026870304718613,0.0130754169076681,-0.002112636109814,0.0172800291329622,0.0907559841871261,-0.0432001948356628,-0.0213374886661768,-0.0117260236293077,-0.0025090924464166,0.0002217414439655,-0.0376352779567241,0.0246119871735572,-0.0655151382088661,0.0102792102843523,0.0197572447359561,-0.0046053365804255,-0.03639417886734,-0.0371207706630229,-0.0168383494019508,0.0008939751423895,-0.0249211620539426,-0.0174165181815624,-0.00900708604604,-0.0361322611570358,-0.015376977622509,-0.019922224804759,0.0064786146394908,-0.0104643106460571,-0.0374169126152992,-0.028685949742794,0.0051539591513574,-0.0152671905234456,-0.0428637601435184,0.0021603528875857,0.017983129248023,0.0656860321760177,0.0227651223540306,-0.0076154139824211,0.0201075915247201,-0.0053957384079694,-0.0079369926825165,0.0394213907420635,0.0032414307352155,0.0090466104447841,0.022185418754816,0.0034483110066503,0.0053588640876114,-0.0166094452142715,-0.0245815552771091,0.0263250116258859,0.0299746114760637,0.0405175313353538,-0.0303351189941167,0.0378490537405014,0.0197108518332243,-0.0421440042555332,0.0506386309862136,-0.2561992406845093,-0.0410234369337558,0.0656438544392585,-0.0140069434419274,-0.0141252940520644,0.0400818884372711,0.0014487288119431,0.0176040612873988,0.0278159819966035,-0.0129798709603501,0.0178195692656162,-0.0603317535051914,-0.2301340308968195,-0.0240890052388516,-0.3296631663629712,0.1578861719487252,-0.4767113566388782,0.0162224351072781,2019-02-13,2019-02-14,2019-02-15,2019-02-19,2019-02-20,2019-02-21,2019-02-22,2019-02-25,2019-02-26,2019-02-27,14459.0,2019-02-12,252.0,-2.9184%,0.0005,1.0323,1.1438,-0.6003,2.7931%,3.1683%,22.2788%,-0.04491,INGN,14459.0,2019-02-13,252.0,-1.4125%,0.0004,1.0318,1.1374,-0.6057,2.7952%,3.1696%,22.2257%,-0.0173819999999999,INGN,14459.0,2019-02-14,252.0,1.5797%,0.0005,1.0301,1.1419,-0.6108,2.7956%,3.1708%,22.2653%,0.008436,INGN,14459.0,2019-02-15,252.0,2.6329%,0.0005,1.0429,1.1549,-0.5879,2.7969%,3.1741%,22.3520%,0.014667,INGN,14459.0,2019-02-19,252.0,-1.7267%,0.0004,1.0393,1.1407,-0.6036,2.8001%,3.1753%,22.2351%,-0.0209339999999999,INGN,14459.0,2019-02-20,252.0,0.7673%,0.0004,1.0385,1.1277,-0.6093,2.7956%,3.1704%,22.2444%,0.006409,INGN,14459.0,2019-02-21,252.0,-1.0818%,0.0002,1.0504,1.1502,-0.5874,2.7905%,3.1692%,22.4685%,-0.007687,INGN,14459.0,2019-02-22,252.0,3.1225%,0.0002,1.0499,1.13,-0.6115,2.7892%,3.1727%,22.7152%,0.009336,INGN,14459.0,2019-02-25,252.0,0.7675%,0.0002,1.0496,1.1259,-0.6148,2.7896%,3.1730%,22.7085%,0.007837,INGN,14459.0,2019-02-26,252.0,-3.0257%,0.0001,1.0547,1.154,-0.5968,2.7935%,3.1782%,22.7410%,-0.0235,INGN,14459.0,2019-02-27,252.0,-24.1182%,-0.0009,1.045,1.0992,-0.5991,3.1916%,3.5233%,17.9451%,-0.24514,INGN,-0.062292,-0.053856,-0.039189,-0.053714,-0.312868
10491,INOGEN INC,'Citron exposes the deception that underpins INGN salesforce with pictures and videos.  Distribution network borders on elder abuse. The information the company and analysts don't want you to know' -Citron Research Tweets,6,decrease,0.8,0.7,"the allegations of deception and potential elder abuse in the salesforce are likely to lead to negative sentiment and a decline in investor confidence, resulting in a decrease in stock price.",0,2019-02-12,INGN,2019-02-12 15:32:00+00:00,14459.0,45780L10,-0.0291842054575681,2736563.0,-0.0141252940520644,0.0400818884372711,0.0157971624284982,-0.0216115936636924,0.0263291094452142,-0.0300548449158668,-0.0172668751329183,0.0,0.0076734945178031,-0.0479745864868164,-0.0108176572248339,-0.0059120669029653,0.0312252398580312,0.0067455125972628,0.0076745329424738,0.0094125745818018,-0.0302568394690752,0.02483413182199,-0.241182342171669,0.0031568969134241,0.0111027508974075,-0.0280815865844488,-0.004559816326946,0.0182707495987415,-0.0372067242860794,0.0293644480407238,-0.0037867694627493,-0.0202754065394401,-0.0398635119199752,-0.027576096355915,-0.0129935918375849,0.0107042659074068,-0.0337345078587532,0.0162834543734788,0.0248004458844661,0.0066116168163716,-0.0045700296759605,0.0392956137657165,0.0166945550590753,0.0287166573107242,-0.0108785424381494,-0.039261482656002,-0.013073194772005,0.0349220633506774,0.0062026525847613,0.0255273953080177,0.0041793077252805,-0.0216688476502895,-0.0295495148748159,0.0644253119826316,0.015117441304028,0.0558904036879539,-0.0481622032821178,-0.0169615633785724,0.0184198394417762,-0.0076507767662405,0.0093702403828501,0.0137981288135051,-0.0010794308036565,-0.0026870304718613,0.0130754169076681,-0.002112636109814,0.0172800291329622,0.0907559841871261,-0.0432001948356628,-0.0213374886661768,-0.0117260236293077,-0.0025090924464166,0.0002217414439655,-0.0376352779567241,0.0246119871735572,-0.0655151382088661,0.0102792102843523,0.0197572447359561,-0.0046053365804255,-0.03639417886734,-0.0371207706630229,-0.0168383494019508,0.0008939751423895,-0.0249211620539426,-0.0174165181815624,-0.00900708604604,-0.0361322611570358,-0.015376977622509,-0.019922224804759,0.0064786146394908,-0.0104643106460571,-0.0374169126152992,-0.028685949742794,0.0051539591513574,-0.0152671905234456,-0.0428637601435184,0.0021603528875857,0.017983129248023,0.0656860321760177,0.0227651223540306,-0.0076154139824211,0.0201075915247201,-0.0053957384079694,-0.0079369926825165,0.0394213907420635,0.0032414307352155,0.0090466104447841,0.022185418754816,0.0034483110066503,0.0053588640876114,-0.0166094452142715,-0.0245815552771091,0.0263250116258859,0.0299746114760637,0.0405175313353538,-0.0303351189941167,0.0378490537405014,0.0197108518332243,-0.0421440042555332,0.0506386309862136,-0.2561992406845093,-0.0410234369337558,0.0656438544392585,-0.0140069434419274,-0.0141252940520644,0.0400818884372711,0.0014487288119431,0.0176040612873988,0.0278159819966035,-0.0129798709603501,0.0178195692656162,-0.0603317535051914,-0.2301340308968195,-0.0240890052388516,-0.3296631663629712,0.1578861719487252,-0.4767113566388782,0.0162224351072781,2019-02-13,2019-02-14,2019-02-15,2019-02-19,2019-02-20,2019-02-21,2019-02-22,2019-02-25,2019-02-26,2019-02-27,14459.0,2019-02-12,252.0,-2.9184%,0.0005,1.0323,1.1438,-0.6003,2.7931%,3.1683%,22.2788%,-0.04491,INGN,14459.0,2019-02-13,252.0,-1.4125%,0.0004,1.0318,1.1374,-0.6057,2.7952%,3.1696%,22.2257%,-0.0173819999999999,INGN,14459.0,2019-02-14,252.0,1.5797%,0.0005,1.0301,1.1419,-0.6108,2.7956%,3.1708%,22.2653%,0.008436,INGN,14459.0,2019-02-15,252.0,2.6329%,0.0005,1.0429,1.1549,-0.5879,2.7969%,3.1741%,22.3520%,0.014667,INGN,14459.0,2019-02-19,252.0,-1.7267%,0.0004,1.0393,1.1407,-0.6036,2.8001%,3.1753%,22.2351%,-0.0209339999999999,INGN,14459.0,2019-02-20,252.0,0.7673%,0.0004,1.0385,1.1277,-0.6093,2.7956%,3.1704%,22.2444%,0.006409,INGN,14459.0,2019-02-21,252.0,-1.0818%,0.0002,1.0504,1.1502,-0.5874,2.7905%,3.1692%,22.4685%,-0.007687,INGN,14459.0,2019-02-22,252.0,3.1225%,0.0002,1.0499,1.13,-0.6115,2.7892%,3.1727%,22.7152%,0.009336,INGN,14459.0,2019-02-25,252.0,0.7675%,0.0002,1.0496,1.1259,-0.6148,2.7896%,3.1730%,22.7085%,0.007837,INGN,14459.0,2019-02-26,252.0,-3.0257%,0.0001,1.0547,1.154,-0.5968,2.7935%,3.1782%,22.7410%,-0.0235,INGN,14459.0,2019-02-27,252.0,-24.1182%,-0.0009,1.045,1.0992,-0.5991,3.1916%,3.5233%,17.9451%,-0.24514,INGN,-0.062292,-0.053856,-0.039189,-0.053714,-0.312868
10499,INOGEN INC,"Citron Out Negative On Inogen, Citing 'Elder Abuse' Within Sale Tactics; Sets $46 Price Target",6,decrease,0.8,0.7,"the negative outlook from citron, particularly with the mention of 'elder abuse' in sales tactics, is likely to instill fear and concern among investors, leading to a decrease in stock price.",0,2019-02-12,INGN,2019-02-12 15:32:00+00:00,14459.0,45780L10,-0.0291842054575681,2736563.0,-0.0141252940520644,0.0400818884372711,0.0157971624284982,-0.0216115936636924,0.0263291094452142,-0.0300548449158668,-0.0172668751329183,0.0,0.0076734945178031,-0.0479745864868164,-0.0108176572248339,-0.0059120669029653,0.0312252398580312,0.0067455125972628,0.0076745329424738,0.0094125745818018,-0.0302568394690752,0.02483413182199,-0.241182342171669,0.0031568969134241,0.0111027508974075,-0.0280815865844488,-0.004559816326946,0.0182707495987415,-0.0372067242860794,0.0293644480407238,-0.0037867694627493,-0.0202754065394401,-0.0398635119199752,-0.027576096355915,-0.0129935918375849,0.0107042659074068,-0.0337345078587532,0.0162834543734788,0.0248004458844661,0.0066116168163716,-0.0045700296759605,0.0392956137657165,0.0166945550590753,0.0287166573107242,-0.0108785424381494,-0.039261482656002,-0.013073194772005,0.0349220633506774,0.0062026525847613,0.0255273953080177,0.0041793077252805,-0.0216688476502895,-0.0295495148748159,0.0644253119826316,0.015117441304028,0.0558904036879539,-0.0481622032821178,-0.0169615633785724,0.0184198394417762,-0.0076507767662405,0.0093702403828501,0.0137981288135051,-0.0010794308036565,-0.0026870304718613,0.0130754169076681,-0.002112636109814,0.0172800291329622,0.0907559841871261,-0.0432001948356628,-0.0213374886661768,-0.0117260236293077,-0.0025090924464166,0.0002217414439655,-0.0376352779567241,0.0246119871735572,-0.0655151382088661,0.0102792102843523,0.0197572447359561,-0.0046053365804255,-0.03639417886734,-0.0371207706630229,-0.0168383494019508,0.0008939751423895,-0.0249211620539426,-0.0174165181815624,-0.00900708604604,-0.0361322611570358,-0.015376977622509,-0.019922224804759,0.0064786146394908,-0.0104643106460571,-0.0374169126152992,-0.028685949742794,0.0051539591513574,-0.0152671905234456,-0.0428637601435184,0.0021603528875857,0.017983129248023,0.0656860321760177,0.0227651223540306,-0.0076154139824211,0.0201075915247201,-0.0053957384079694,-0.0079369926825165,0.0394213907420635,0.0032414307352155,0.0090466104447841,0.022185418754816,0.0034483110066503,0.0053588640876114,-0.0166094452142715,-0.0245815552771091,0.0263250116258859,0.0299746114760637,0.0405175313353538,-0.0303351189941167,0.0378490537405014,0.0197108518332243,-0.0421440042555332,0.0506386309862136,-0.2561992406845093,-0.0410234369337558,0.0656438544392585,-0.0140069434419274,-0.0141252940520644,0.0400818884372711,0.0014487288119431,0.0176040612873988,0.0278159819966035,-0.0129798709603501,0.0178195692656162,-0.0603317535051914,-0.2301340308968195,-0.0240890052388516,-0.3296631663629712,0.1578861719487252,-0.4767113566388782,0.0162224351072781,2019-02-13,2019-02-14,2019-02-15,2019-02-19,2019-02-20,2019-02-21,2019-02-22,2019-02-25,2019-02-26,2019-02-27,14459.0,2019-02-12,252.0,-2.9184%,0.0005,1.0323,1.1438,-0.6003,2.7931%,3.1683%,22.2788%,-0.04491,INGN,14459.0,2019-02-13,252.0,-1.4125%,0.0004,1.0318,1.1374,-0.6057,2.7952%,3.1696%,22.2257%,-0.0173819999999999,INGN,14459.0,2019-02-14,252.0,1.5797%,0.0005,1.0301,1.1419,-0.6108,2.7956%,3.1708%,22.2653%,0.008436,INGN,14459.0,2019-02-15,252.0,2.6329%,0.0005,1.0429,1.1549,-0.5879,2.7969%,3.1741%,22.3520%,0.014667,INGN,14459.0,2019-02-19,252.0,-1.7267%,0.0004,1.0393,1.1407,-0.6036,2.8001%,3.1753%,22.2351%,-0.0209339999999999,INGN,14459.0,2019-02-20,252.0,0.7673%,0.0004,1.0385,1.1277,-0.6093,2.7956%,3.1704%,22.2444%,0.006409,INGN,14459.0,2019-02-21,252.0,-1.0818%,0.0002,1.0504,1.1502,-0.5874,2.7905%,3.1692%,22.4685%,-0.007687,INGN,14459.0,2019-02-22,252.0,3.1225%,0.0002,1.0499,1.13,-0.6115,2.7892%,3.1727%,22.7152%,0.009336,INGN,14459.0,2019-02-25,252.0,0.7675%,0.0002,1.0496,1.1259,-0.6148,2.7896%,3.1730%,22.7085%,0.007837,INGN,14459.0,2019-02-26,252.0,-3.0257%,0.0001,1.0547,1.154,-0.5968,2.7935%,3.1782%,22.7410%,-0.0235,INGN,14459.0,2019-02-27,252.0,-24.1182%,-0.0009,1.045,1.0992,-0.5991,3.1916%,3.5233%,17.9451%,-0.24514,INGN,-0.062292,-0.053856,-0.039189,-0.053714,-0.312868
10507,I P G PHOTONICS CORP,IPG Phototronics are now trading higher after dipping in the pre-market session on concerning guidance.,6,increase,0.7,0.6,"despite initial concerns reflected in pre-market trading, the subsequent rise in stock price suggests a recovery or positive sentiment among investors.",2,2019-02-12,IPGP,2019-02-12 19:37:00+00:00,91668.0,44980X10,0.0721311047673225,1324457.0,0.0152225997298955,-0.0111671686172485,0.001137948827818,0.0148424264043569,0.0355710573494434,-0.0326755419373512,-0.0121384607627987,0.0272449869662523,0.0014379164204001,0.0074659953825175,0.0054170591756701,-0.0022639126982539,0.0154494615271687,0.0295488163828849,0.0303650200366973,-0.0018761726096272,-0.0099267335608601,0.0135392006486654,-0.0109662860631942,-0.0091196224093437,-0.0177406258881092,-0.0193644519895315,0.0106430621817708,0.0362257435917854,-0.0020423289388418,0.0348736569285392,-0.0017907315632328,-0.0146818030625581,-0.0238979738205671,-0.0336577743291854,-0.0286183152347803,0.0255397222936153,0.0006756594520993,0.0067789498716592,0.0218111351132392,0.0193804185837507,0.0055511253885924,-0.0095193069428205,0.0114352665841579,-0.0060212439857423,-0.0285250134766101,-0.0049798241816461,0.0274229571223259,0.01781902089715,-0.0267560742795467,0.0452814027667045,0.0148495063185691,0.0341580808162689,-0.0268257800489664,0.0182182379066944,0.0368439070880413,0.0563536174595356,-0.054347064346075,-0.0536772720515728,-0.0002072168135782,0.0129755605012178,0.0244575999677181,-0.0148695576936006,-0.0028324667364358,-0.0011291345581412,0.0020965612493455,0.0078787868842482,0.0243639107793569,0.0812115669250488,0.067927248775959,-0.0191254075616598,0.0011105431476607,-0.0583143755793571,0.0264373775571584,0.014096962288022,0.0062440475448966,-0.023716764524579,-0.0034009981900453,-0.0142491310834884,0.0115548577159643,-0.0066954903304576,-0.0254498273134231,-0.0183860156685113,0.0115996822714805,-0.0171709414571523,-0.0015008704503998,0.0048476210795342,0.0156324598938226,-0.0112916277721524,0.0018351738108322,-0.010052272118628,0.0165455490350723,-0.0535089522600174,0.0100563606247305,-0.0425593666732311,0.0098987184464931,-0.0739015787839889,0.0060976026579737,0.0423496626317501,0.012121208012104,0.0060867764987051,0.0164530891925096,-0.0163603872060775,-0.0437152571976184,0.0198082588613033,0.0006333157070912,-0.0019839776214212,-0.0045455037616193,0.0246115811169147,0.0099416291341185,0.0276037920266389,-0.0222629178315401,0.0081985434517264,-0.006146119441837,-0.0233600810170173,0.0100124403834343,-0.0169698931276798,-0.058195874094963,-0.0019459767499938,-0.0182651039212942,0.028158601373434,0.000441519456217,0.015807231888175,-0.0315829887986183,0.0289675891399383,0.0152225997298955,-0.0111671686172485,0.0163778710972326,0.0035095099087618,0.0525315066387375,-0.0292807071667926,0.0412504755983766,0.0046113680028676,0.0725790564260695,0.0344438321242777,0.0048250544909409,0.1921306570535608,0.043968754674236,0.0630470103963665,2019-02-13,2019-02-14,2019-02-15,2019-02-19,2019-02-20,2019-02-21,2019-02-22,2019-02-25,2019-02-26,2019-02-27,91668.0,2019-02-12,252.0,7.2131%,-0.0017,1.5143,0.5329,0.1727,2.7748%,3.2063%,25.1072%,0.051927,IPGP,91668.0,2019-02-13,252.0,1.5223%,-0.0017,1.5097,0.5456,0.1779,2.7744%,3.2020%,24.9211%,0.010442,IPGP,91668.0,2019-02-14,252.0,0.1138%,-0.0017,1.5078,0.5473,0.1777,2.7730%,3.1997%,24.8937%,0.002403,IPGP,91668.0,2019-02-15,252.0,3.5571%,-0.0017,1.5094,0.5506,0.1828,2.7742%,3.1995%,24.8196%,0.016212,IPGP,91668.0,2019-02-19,252.0,-1.2138%,-0.0018,1.5026,0.5462,0.1784,2.7749%,3.1954%,24.5873%,-0.017252,IPGP,91668.0,2019-02-20,252.0,0.1438%,-0.0015,1.5093,0.5949,0.2112,2.7317%,3.1605%,25.2938%,-0.0037,IPGP,91668.0,2019-02-21,252.0,0.5417%,-0.0015,1.5107,0.6006,0.2136,2.7319%,3.1608%,25.2969%,0.0118039999999999,IPGP,91668.0,2019-02-22,252.0,1.5449%,-0.0016,1.5117,0.5481,0.1785,2.7205%,3.1533%,25.5654%,0.0053669999999999,IPGP,91668.0,2019-02-25,252.0,3.0365%,-0.0014,1.5079,0.5289,0.1543,2.7204%,3.1531%,25.5623%,0.029744,IPGP,91668.0,2019-02-26,252.0,-0.9927%,-0.0014,1.5141,0.5261,0.1575,2.7198%,3.1528%,25.5813%,-0.0037199999999999,IPGP,91668.0,2019-02-27,252.0,-1.0966%,-0.0015,1.5086,0.5324,0.1566,2.7198%,3.1492%,25.4114%,-0.01324,IPGP,0.062369,0.064772,0.080984,0.0600319999999999,0.089987
10515,I P G PHOTONICS CORP,IPG Photonics Shares To Resume Trade At 8:30 a.m. EST,6,uncertain,0.5,0.5,"the resumption of trading could indicate a return to normalcy, but without additional context on the reasons for the trading halt, the impact on stock price is unclear.",1,2019-02-12,IPGP,2019-02-12 13:07:00+00:00,91668.0,44980X10,0.0721311047673225,1324457.0,0.0152225997298955,-0.0111671686172485,0.001137948827818,0.0148424264043569,0.0355710573494434,-0.0326755419373512,-0.0121384607627987,0.0272449869662523,0.0014379164204001,0.0074659953825175,0.0054170591756701,-0.0022639126982539,0.0154494615271687,0.0295488163828849,0.0303650200366973,-0.0018761726096272,-0.0099267335608601,0.0135392006486654,-0.0109662860631942,-0.0091196224093437,-0.0177406258881092,-0.0193644519895315,0.0106430621817708,0.0362257435917854,-0.0020423289388418,0.0348736569285392,-0.0017907315632328,-0.0146818030625581,-0.0238979738205671,-0.0336577743291854,-0.0286183152347803,0.0255397222936153,0.0006756594520993,0.0067789498716592,0.0218111351132392,0.0193804185837507,0.0055511253885924,-0.0095193069428205,0.0114352665841579,-0.0060212439857423,-0.0285250134766101,-0.0049798241816461,0.0274229571223259,0.01781902089715,-0.0267560742795467,0.0452814027667045,0.0148495063185691,0.0341580808162689,-0.0268257800489664,0.0182182379066944,0.0368439070880413,0.0563536174595356,-0.054347064346075,-0.0536772720515728,-0.0002072168135782,0.0129755605012178,0.0244575999677181,-0.0148695576936006,-0.0028324667364358,-0.0011291345581412,0.0020965612493455,0.0078787868842482,0.0243639107793569,0.0812115669250488,0.067927248775959,-0.0191254075616598,0.0011105431476607,-0.0583143755793571,0.0264373775571584,0.014096962288022,0.0062440475448966,-0.023716764524579,-0.0034009981900453,-0.0142491310834884,0.0115548577159643,-0.0066954903304576,-0.0254498273134231,-0.0183860156685113,0.0115996822714805,-0.0171709414571523,-0.0015008704503998,0.0048476210795342,0.0156324598938226,-0.0112916277721524,0.0018351738108322,-0.010052272118628,0.0165455490350723,-0.0535089522600174,0.0100563606247305,-0.0425593666732311,0.0098987184464931,-0.0739015787839889,0.0060976026579737,0.0423496626317501,0.012121208012104,0.0060867764987051,0.0164530891925096,-0.0163603872060775,-0.0437152571976184,0.0198082588613033,0.0006333157070912,-0.0019839776214212,-0.0045455037616193,0.0246115811169147,0.0099416291341185,0.0276037920266389,-0.0222629178315401,0.0081985434517264,-0.006146119441837,-0.0233600810170173,0.0100124403834343,-0.0169698931276798,-0.058195874094963,-0.0019459767499938,-0.0182651039212942,0.028158601373434,0.000441519456217,0.015807231888175,-0.0315829887986183,0.0289675891399383,0.0152225997298955,-0.0111671686172485,0.0163778710972326,0.0035095099087618,0.0525315066387375,-0.0292807071667926,0.0412504755983766,0.0046113680028676,0.0725790564260695,0.0344438321242777,0.0048250544909409,0.1921306570535608,0.043968754674236,0.0630470103963665,2019-02-13,2019-02-14,2019-02-15,2019-02-19,2019-02-20,2019-02-21,2019-02-22,2019-02-25,2019-02-26,2019-02-27,91668.0,2019-02-12,252.0,7.2131%,-0.0017,1.5143,0.5329,0.1727,2.7748%,3.2063%,25.1072%,0.051927,IPGP,91668.0,2019-02-13,252.0,1.5223%,-0.0017,1.5097,0.5456,0.1779,2.7744%,3.2020%,24.9211%,0.010442,IPGP,91668.0,2019-02-14,252.0,0.1138%,-0.0017,1.5078,0.5473,0.1777,2.7730%,3.1997%,24.8937%,0.002403,IPGP,91668.0,2019-02-15,252.0,3.5571%,-0.0017,1.5094,0.5506,0.1828,2.7742%,3.1995%,24.8196%,0.016212,IPGP,91668.0,2019-02-19,252.0,-1.2138%,-0.0018,1.5026,0.5462,0.1784,2.7749%,3.1954%,24.5873%,-0.017252,IPGP,91668.0,2019-02-20,252.0,0.1438%,-0.0015,1.5093,0.5949,0.2112,2.7317%,3.1605%,25.2938%,-0.0037,IPGP,91668.0,2019-02-21,252.0,0.5417%,-0.0015,1.5107,0.6006,0.2136,2.7319%,3.1608%,25.2969%,0.0118039999999999,IPGP,91668.0,2019-02-22,252.0,1.5449%,-0.0016,1.5117,0.5481,0.1785,2.7205%,3.1533%,25.5654%,0.0053669999999999,IPGP,91668.0,2019-02-25,252.0,3.0365%,-0.0014,1.5079,0.5289,0.1543,2.7204%,3.1531%,25.5623%,0.029744,IPGP,91668.0,2019-02-26,252.0,-0.9927%,-0.0014,1.5141,0.5261,0.1575,2.7198%,3.1528%,25.5813%,-0.0037199999999999,IPGP,91668.0,2019-02-27,252.0,-1.0966%,-0.0015,1.5086,0.5324,0.1566,2.7198%,3.1492%,25.4114%,-0.01324,IPGP,0.062369,0.064772,0.080984,0.0600319999999999,0.089987
10523,I P G PHOTONICS CORP,"UPDATE: IPG Photonics Says 'We expect pricing headwinds related to more aggressive competition in China to continue, exacerbating this challenging demand environment'",6,decrease,0.8,0.7,"the expectation of continued pricing headwinds and aggressive competition in china suggests a challenging demand environment, which is likely to negatively impact investor sentiment and the stock price.",0,2019-02-12,IPGP,2019-02-12 13:05:00+00:00,91668.0,44980X10,0.0721311047673225,1324457.0,0.0152225997298955,-0.0111671686172485,0.001137948827818,0.0148424264043569,0.0355710573494434,-0.0326755419373512,-0.0121384607627987,0.0272449869662523,0.0014379164204001,0.0074659953825175,0.0054170591756701,-0.0022639126982539,0.0154494615271687,0.0295488163828849,0.0303650200366973,-0.0018761726096272,-0.0099267335608601,0.0135392006486654,-0.0109662860631942,-0.0091196224093437,-0.0177406258881092,-0.0193644519895315,0.0106430621817708,0.0362257435917854,-0.0020423289388418,0.0348736569285392,-0.0017907315632328,-0.0146818030625581,-0.0238979738205671,-0.0336577743291854,-0.0286183152347803,0.0255397222936153,0.0006756594520993,0.0067789498716592,0.0218111351132392,0.0193804185837507,0.0055511253885924,-0.0095193069428205,0.0114352665841579,-0.0060212439857423,-0.0285250134766101,-0.0049798241816461,0.0274229571223259,0.01781902089715,-0.0267560742795467,0.0452814027667045,0.0148495063185691,0.0341580808162689,-0.0268257800489664,0.0182182379066944,0.0368439070880413,0.0563536174595356,-0.054347064346075,-0.0536772720515728,-0.0002072168135782,0.0129755605012178,0.0244575999677181,-0.0148695576936006,-0.0028324667364358,-0.0011291345581412,0.0020965612493455,0.0078787868842482,0.0243639107793569,0.0812115669250488,0.067927248775959,-0.0191254075616598,0.0011105431476607,-0.0583143755793571,0.0264373775571584,0.014096962288022,0.0062440475448966,-0.023716764524579,-0.0034009981900453,-0.0142491310834884,0.0115548577159643,-0.0066954903304576,-0.0254498273134231,-0.0183860156685113,0.0115996822714805,-0.0171709414571523,-0.0015008704503998,0.0048476210795342,0.0156324598938226,-0.0112916277721524,0.0018351738108322,-0.010052272118628,0.0165455490350723,-0.0535089522600174,0.0100563606247305,-0.0425593666732311,0.0098987184464931,-0.0739015787839889,0.0060976026579737,0.0423496626317501,0.012121208012104,0.0060867764987051,0.0164530891925096,-0.0163603872060775,-0.0437152571976184,0.0198082588613033,0.0006333157070912,-0.0019839776214212,-0.0045455037616193,0.0246115811169147,0.0099416291341185,0.0276037920266389,-0.0222629178315401,0.0081985434517264,-0.006146119441837,-0.0233600810170173,0.0100124403834343,-0.0169698931276798,-0.058195874094963,-0.0019459767499938,-0.0182651039212942,0.028158601373434,0.000441519456217,0.015807231888175,-0.0315829887986183,0.0289675891399383,0.0152225997298955,-0.0111671686172485,0.0163778710972326,0.0035095099087618,0.0525315066387375,-0.0292807071667926,0.0412504755983766,0.0046113680028676,0.0725790564260695,0.0344438321242777,0.0048250544909409,0.1921306570535608,0.043968754674236,0.0630470103963665,2019-02-13,2019-02-14,2019-02-15,2019-02-19,2019-02-20,2019-02-21,2019-02-22,2019-02-25,2019-02-26,2019-02-27,91668.0,2019-02-12,252.0,7.2131%,-0.0017,1.5143,0.5329,0.1727,2.7748%,3.2063%,25.1072%,0.051927,IPGP,91668.0,2019-02-13,252.0,1.5223%,-0.0017,1.5097,0.5456,0.1779,2.7744%,3.2020%,24.9211%,0.010442,IPGP,91668.0,2019-02-14,252.0,0.1138%,-0.0017,1.5078,0.5473,0.1777,2.7730%,3.1997%,24.8937%,0.002403,IPGP,91668.0,2019-02-15,252.0,3.5571%,-0.0017,1.5094,0.5506,0.1828,2.7742%,3.1995%,24.8196%,0.016212,IPGP,91668.0,2019-02-19,252.0,-1.2138%,-0.0018,1.5026,0.5462,0.1784,2.7749%,3.1954%,24.5873%,-0.017252,IPGP,91668.0,2019-02-20,252.0,0.1438%,-0.0015,1.5093,0.5949,0.2112,2.7317%,3.1605%,25.2938%,-0.0037,IPGP,91668.0,2019-02-21,252.0,0.5417%,-0.0015,1.5107,0.6006,0.2136,2.7319%,3.1608%,25.2969%,0.0118039999999999,IPGP,91668.0,2019-02-22,252.0,1.5449%,-0.0016,1.5117,0.5481,0.1785,2.7205%,3.1533%,25.5654%,0.0053669999999999,IPGP,91668.0,2019-02-25,252.0,3.0365%,-0.0014,1.5079,0.5289,0.1543,2.7204%,3.1531%,25.5623%,0.029744,IPGP,91668.0,2019-02-26,252.0,-0.9927%,-0.0014,1.5141,0.5261,0.1575,2.7198%,3.1528%,25.5813%,-0.0037199999999999,IPGP,91668.0,2019-02-27,252.0,-1.0966%,-0.0015,1.5086,0.5324,0.1566,2.7198%,3.1492%,25.4114%,-0.01324,IPGP,0.062369,0.064772,0.080984,0.0600319999999999,0.089987
10531,I P G PHOTONICS CORP,"IPG Sees Q1 EPS $1-$1.20 vs $1.43 Estimate, Sales $290M-$320M vs $328.2M Est.",6,decrease,0.8,0.7,"the company's earnings per share (eps) and sales guidance are both below analyst estimates, which typically leads to a negative reaction in stock prices.",0,2019-02-12,IPGP,2019-02-12 13:02:00+00:00,91668.0,44980X10,0.0721311047673225,1324457.0,0.0152225997298955,-0.0111671686172485,0.001137948827818,0.0148424264043569,0.0355710573494434,-0.0326755419373512,-0.0121384607627987,0.0272449869662523,0.0014379164204001,0.0074659953825175,0.0054170591756701,-0.0022639126982539,0.0154494615271687,0.0295488163828849,0.0303650200366973,-0.0018761726096272,-0.0099267335608601,0.0135392006486654,-0.0109662860631942,-0.0091196224093437,-0.0177406258881092,-0.0193644519895315,0.0106430621817708,0.0362257435917854,-0.0020423289388418,0.0348736569285392,-0.0017907315632328,-0.0146818030625581,-0.0238979738205671,-0.0336577743291854,-0.0286183152347803,0.0255397222936153,0.0006756594520993,0.0067789498716592,0.0218111351132392,0.0193804185837507,0.0055511253885924,-0.0095193069428205,0.0114352665841579,-0.0060212439857423,-0.0285250134766101,-0.0049798241816461,0.0274229571223259,0.01781902089715,-0.0267560742795467,0.0452814027667045,0.0148495063185691,0.0341580808162689,-0.0268257800489664,0.0182182379066944,0.0368439070880413,0.0563536174595356,-0.054347064346075,-0.0536772720515728,-0.0002072168135782,0.0129755605012178,0.0244575999677181,-0.0148695576936006,-0.0028324667364358,-0.0011291345581412,0.0020965612493455,0.0078787868842482,0.0243639107793569,0.0812115669250488,0.067927248775959,-0.0191254075616598,0.0011105431476607,-0.0583143755793571,0.0264373775571584,0.014096962288022,0.0062440475448966,-0.023716764524579,-0.0034009981900453,-0.0142491310834884,0.0115548577159643,-0.0066954903304576,-0.0254498273134231,-0.0183860156685113,0.0115996822714805,-0.0171709414571523,-0.0015008704503998,0.0048476210795342,0.0156324598938226,-0.0112916277721524,0.0018351738108322,-0.010052272118628,0.0165455490350723,-0.0535089522600174,0.0100563606247305,-0.0425593666732311,0.0098987184464931,-0.0739015787839889,0.0060976026579737,0.0423496626317501,0.012121208012104,0.0060867764987051,0.0164530891925096,-0.0163603872060775,-0.0437152571976184,0.0198082588613033,0.0006333157070912,-0.0019839776214212,-0.0045455037616193,0.0246115811169147,0.0099416291341185,0.0276037920266389,-0.0222629178315401,0.0081985434517264,-0.006146119441837,-0.0233600810170173,0.0100124403834343,-0.0169698931276798,-0.058195874094963,-0.0019459767499938,-0.0182651039212942,0.028158601373434,0.000441519456217,0.015807231888175,-0.0315829887986183,0.0289675891399383,0.0152225997298955,-0.0111671686172485,0.0163778710972326,0.0035095099087618,0.0525315066387375,-0.0292807071667926,0.0412504755983766,0.0046113680028676,0.0725790564260695,0.0344438321242777,0.0048250544909409,0.1921306570535608,0.043968754674236,0.0630470103963665,2019-02-13,2019-02-14,2019-02-15,2019-02-19,2019-02-20,2019-02-21,2019-02-22,2019-02-25,2019-02-26,2019-02-27,91668.0,2019-02-12,252.0,7.2131%,-0.0017,1.5143,0.5329,0.1727,2.7748%,3.2063%,25.1072%,0.051927,IPGP,91668.0,2019-02-13,252.0,1.5223%,-0.0017,1.5097,0.5456,0.1779,2.7744%,3.2020%,24.9211%,0.010442,IPGP,91668.0,2019-02-14,252.0,0.1138%,-0.0017,1.5078,0.5473,0.1777,2.7730%,3.1997%,24.8937%,0.002403,IPGP,91668.0,2019-02-15,252.0,3.5571%,-0.0017,1.5094,0.5506,0.1828,2.7742%,3.1995%,24.8196%,0.016212,IPGP,91668.0,2019-02-19,252.0,-1.2138%,-0.0018,1.5026,0.5462,0.1784,2.7749%,3.1954%,24.5873%,-0.017252,IPGP,91668.0,2019-02-20,252.0,0.1438%,-0.0015,1.5093,0.5949,0.2112,2.7317%,3.1605%,25.2938%,-0.0037,IPGP,91668.0,2019-02-21,252.0,0.5417%,-0.0015,1.5107,0.6006,0.2136,2.7319%,3.1608%,25.2969%,0.0118039999999999,IPGP,91668.0,2019-02-22,252.0,1.5449%,-0.0016,1.5117,0.5481,0.1785,2.7205%,3.1533%,25.5654%,0.0053669999999999,IPGP,91668.0,2019-02-25,252.0,3.0365%,-0.0014,1.5079,0.5289,0.1543,2.7204%,3.1531%,25.5623%,0.029744,IPGP,91668.0,2019-02-26,252.0,-0.9927%,-0.0014,1.5141,0.5261,0.1575,2.7198%,3.1528%,25.5813%,-0.0037199999999999,IPGP,91668.0,2019-02-27,252.0,-1.0966%,-0.0015,1.5086,0.5324,0.1566,2.7198%,3.1492%,25.4114%,-0.01324,IPGP,0.062369,0.064772,0.080984,0.0600319999999999,0.089987
10539,I P G PHOTONICS CORP,IPG Photonics Reports $125M Buyback,6,increase,0.75,0.6,a $125 million buyback typically signals confidence in the company's financial health and can lead to an increase in stock price due to reduced share supply and positive investor sentiment.,2,2019-02-12,IPGP,2019-02-12 13:02:00+00:00,91668.0,44980X10,0.0721311047673225,1324457.0,0.0152225997298955,-0.0111671686172485,0.001137948827818,0.0148424264043569,0.0355710573494434,-0.0326755419373512,-0.0121384607627987,0.0272449869662523,0.0014379164204001,0.0074659953825175,0.0054170591756701,-0.0022639126982539,0.0154494615271687,0.0295488163828849,0.0303650200366973,-0.0018761726096272,-0.0099267335608601,0.0135392006486654,-0.0109662860631942,-0.0091196224093437,-0.0177406258881092,-0.0193644519895315,0.0106430621817708,0.0362257435917854,-0.0020423289388418,0.0348736569285392,-0.0017907315632328,-0.0146818030625581,-0.0238979738205671,-0.0336577743291854,-0.0286183152347803,0.0255397222936153,0.0006756594520993,0.0067789498716592,0.0218111351132392,0.0193804185837507,0.0055511253885924,-0.0095193069428205,0.0114352665841579,-0.0060212439857423,-0.0285250134766101,-0.0049798241816461,0.0274229571223259,0.01781902089715,-0.0267560742795467,0.0452814027667045,0.0148495063185691,0.0341580808162689,-0.0268257800489664,0.0182182379066944,0.0368439070880413,0.0563536174595356,-0.054347064346075,-0.0536772720515728,-0.0002072168135782,0.0129755605012178,0.0244575999677181,-0.0148695576936006,-0.0028324667364358,-0.0011291345581412,0.0020965612493455,0.0078787868842482,0.0243639107793569,0.0812115669250488,0.067927248775959,-0.0191254075616598,0.0011105431476607,-0.0583143755793571,0.0264373775571584,0.014096962288022,0.0062440475448966,-0.023716764524579,-0.0034009981900453,-0.0142491310834884,0.0115548577159643,-0.0066954903304576,-0.0254498273134231,-0.0183860156685113,0.0115996822714805,-0.0171709414571523,-0.0015008704503998,0.0048476210795342,0.0156324598938226,-0.0112916277721524,0.0018351738108322,-0.010052272118628,0.0165455490350723,-0.0535089522600174,0.0100563606247305,-0.0425593666732311,0.0098987184464931,-0.0739015787839889,0.0060976026579737,0.0423496626317501,0.012121208012104,0.0060867764987051,0.0164530891925096,-0.0163603872060775,-0.0437152571976184,0.0198082588613033,0.0006333157070912,-0.0019839776214212,-0.0045455037616193,0.0246115811169147,0.0099416291341185,0.0276037920266389,-0.0222629178315401,0.0081985434517264,-0.006146119441837,-0.0233600810170173,0.0100124403834343,-0.0169698931276798,-0.058195874094963,-0.0019459767499938,-0.0182651039212942,0.028158601373434,0.000441519456217,0.015807231888175,-0.0315829887986183,0.0289675891399383,0.0152225997298955,-0.0111671686172485,0.0163778710972326,0.0035095099087618,0.0525315066387375,-0.0292807071667926,0.0412504755983766,0.0046113680028676,0.0725790564260695,0.0344438321242777,0.0048250544909409,0.1921306570535608,0.043968754674236,0.0630470103963665,2019-02-13,2019-02-14,2019-02-15,2019-02-19,2019-02-20,2019-02-21,2019-02-22,2019-02-25,2019-02-26,2019-02-27,91668.0,2019-02-12,252.0,7.2131%,-0.0017,1.5143,0.5329,0.1727,2.7748%,3.2063%,25.1072%,0.051927,IPGP,91668.0,2019-02-13,252.0,1.5223%,-0.0017,1.5097,0.5456,0.1779,2.7744%,3.2020%,24.9211%,0.010442,IPGP,91668.0,2019-02-14,252.0,0.1138%,-0.0017,1.5078,0.5473,0.1777,2.7730%,3.1997%,24.8937%,0.002403,IPGP,91668.0,2019-02-15,252.0,3.5571%,-0.0017,1.5094,0.5506,0.1828,2.7742%,3.1995%,24.8196%,0.016212,IPGP,91668.0,2019-02-19,252.0,-1.2138%,-0.0018,1.5026,0.5462,0.1784,2.7749%,3.1954%,24.5873%,-0.017252,IPGP,91668.0,2019-02-20,252.0,0.1438%,-0.0015,1.5093,0.5949,0.2112,2.7317%,3.1605%,25.2938%,-0.0037,IPGP,91668.0,2019-02-21,252.0,0.5417%,-0.0015,1.5107,0.6006,0.2136,2.7319%,3.1608%,25.2969%,0.0118039999999999,IPGP,91668.0,2019-02-22,252.0,1.5449%,-0.0016,1.5117,0.5481,0.1785,2.7205%,3.1533%,25.5654%,0.0053669999999999,IPGP,91668.0,2019-02-25,252.0,3.0365%,-0.0014,1.5079,0.5289,0.1543,2.7204%,3.1531%,25.5623%,0.029744,IPGP,91668.0,2019-02-26,252.0,-0.9927%,-0.0014,1.5141,0.5261,0.1575,2.7198%,3.1528%,25.5813%,-0.0037199999999999,IPGP,91668.0,2019-02-27,252.0,-1.0966%,-0.0015,1.5086,0.5324,0.1566,2.7198%,3.1492%,25.4114%,-0.01324,IPGP,0.062369,0.064772,0.080984,0.0600319999999999,0.089987
10547,I P G PHOTONICS CORP,"IPG Photonics Q4 EPS $1.40 Misses $1.41 Estimate, Sales $330.1M Beat $314.76M Estimate",6,uncertain,0.6,0.2,"while the sales beat expectations, the earnings per share (eps) miss could lead to mixed reactions from investors, making the overall impact on the stock price uncertain.",1,2019-02-12,IPGP,2019-02-12 13:01:00+00:00,91668.0,44980X10,0.0721311047673225,1324457.0,0.0152225997298955,-0.0111671686172485,0.001137948827818,0.0148424264043569,0.0355710573494434,-0.0326755419373512,-0.0121384607627987,0.0272449869662523,0.0014379164204001,0.0074659953825175,0.0054170591756701,-0.0022639126982539,0.0154494615271687,0.0295488163828849,0.0303650200366973,-0.0018761726096272,-0.0099267335608601,0.0135392006486654,-0.0109662860631942,-0.0091196224093437,-0.0177406258881092,-0.0193644519895315,0.0106430621817708,0.0362257435917854,-0.0020423289388418,0.0348736569285392,-0.0017907315632328,-0.0146818030625581,-0.0238979738205671,-0.0336577743291854,-0.0286183152347803,0.0255397222936153,0.0006756594520993,0.0067789498716592,0.0218111351132392,0.0193804185837507,0.0055511253885924,-0.0095193069428205,0.0114352665841579,-0.0060212439857423,-0.0285250134766101,-0.0049798241816461,0.0274229571223259,0.01781902089715,-0.0267560742795467,0.0452814027667045,0.0148495063185691,0.0341580808162689,-0.0268257800489664,0.0182182379066944,0.0368439070880413,0.0563536174595356,-0.054347064346075,-0.0536772720515728,-0.0002072168135782,0.0129755605012178,0.0244575999677181,-0.0148695576936006,-0.0028324667364358,-0.0011291345581412,0.0020965612493455,0.0078787868842482,0.0243639107793569,0.0812115669250488,0.067927248775959,-0.0191254075616598,0.0011105431476607,-0.0583143755793571,0.0264373775571584,0.014096962288022,0.0062440475448966,-0.023716764524579,-0.0034009981900453,-0.0142491310834884,0.0115548577159643,-0.0066954903304576,-0.0254498273134231,-0.0183860156685113,0.0115996822714805,-0.0171709414571523,-0.0015008704503998,0.0048476210795342,0.0156324598938226,-0.0112916277721524,0.0018351738108322,-0.010052272118628,0.0165455490350723,-0.0535089522600174,0.0100563606247305,-0.0425593666732311,0.0098987184464931,-0.0739015787839889,0.0060976026579737,0.0423496626317501,0.012121208012104,0.0060867764987051,0.0164530891925096,-0.0163603872060775,-0.0437152571976184,0.0198082588613033,0.0006333157070912,-0.0019839776214212,-0.0045455037616193,0.0246115811169147,0.0099416291341185,0.0276037920266389,-0.0222629178315401,0.0081985434517264,-0.006146119441837,-0.0233600810170173,0.0100124403834343,-0.0169698931276798,-0.058195874094963,-0.0019459767499938,-0.0182651039212942,0.028158601373434,0.000441519456217,0.015807231888175,-0.0315829887986183,0.0289675891399383,0.0152225997298955,-0.0111671686172485,0.0163778710972326,0.0035095099087618,0.0525315066387375,-0.0292807071667926,0.0412504755983766,0.0046113680028676,0.0725790564260695,0.0344438321242777,0.0048250544909409,0.1921306570535608,0.043968754674236,0.0630470103963665,2019-02-13,2019-02-14,2019-02-15,2019-02-19,2019-02-20,2019-02-21,2019-02-22,2019-02-25,2019-02-26,2019-02-27,91668.0,2019-02-12,252.0,7.2131%,-0.0017,1.5143,0.5329,0.1727,2.7748%,3.2063%,25.1072%,0.051927,IPGP,91668.0,2019-02-13,252.0,1.5223%,-0.0017,1.5097,0.5456,0.1779,2.7744%,3.2020%,24.9211%,0.010442,IPGP,91668.0,2019-02-14,252.0,0.1138%,-0.0017,1.5078,0.5473,0.1777,2.7730%,3.1997%,24.8937%,0.002403,IPGP,91668.0,2019-02-15,252.0,3.5571%,-0.0017,1.5094,0.5506,0.1828,2.7742%,3.1995%,24.8196%,0.016212,IPGP,91668.0,2019-02-19,252.0,-1.2138%,-0.0018,1.5026,0.5462,0.1784,2.7749%,3.1954%,24.5873%,-0.017252,IPGP,91668.0,2019-02-20,252.0,0.1438%,-0.0015,1.5093,0.5949,0.2112,2.7317%,3.1605%,25.2938%,-0.0037,IPGP,91668.0,2019-02-21,252.0,0.5417%,-0.0015,1.5107,0.6006,0.2136,2.7319%,3.1608%,25.2969%,0.0118039999999999,IPGP,91668.0,2019-02-22,252.0,1.5449%,-0.0016,1.5117,0.5481,0.1785,2.7205%,3.1533%,25.5654%,0.0053669999999999,IPGP,91668.0,2019-02-25,252.0,3.0365%,-0.0014,1.5079,0.5289,0.1543,2.7204%,3.1531%,25.5623%,0.029744,IPGP,91668.0,2019-02-26,252.0,-0.9927%,-0.0014,1.5141,0.5261,0.1575,2.7198%,3.1528%,25.5813%,-0.0037199999999999,IPGP,91668.0,2019-02-27,252.0,-1.0966%,-0.0015,1.5086,0.5324,0.1566,2.7198%,3.1492%,25.4114%,-0.01324,IPGP,0.062369,0.064772,0.080984,0.0600319999999999,0.089987
10555,IRIDEX CORP,IRIDEX Announces Resolution Of Its Dispute With Quantel Medical,6,increase,0.7,0.6,"the resolution of a dispute often indicates a positive outcome for the company, which can lead to increased investor confidence and potentially a rise in stock price.",2,2019-02-12,IRIX,2019-02-12 13:04:00+00:00,83145.0,46268410,0.0304347537457943,4438.0,0.0232067797333002,-0.0118153179064393,-0.0969071760773658,-0.0362318269908428,0.027397233992815,-0.0136617552489042,0.0,0.0352854467928409,0.0,0.0172042846679687,0.0244444739073514,-0.0169133022427558,0.0336224995553493,0.0,-0.0073451939970254,0.0395603999495506,-0.0486257970333099,-0.0520833320915699,0.0311110820621252,0.0126583166420459,-0.0409482903778553,0.0604026839137077,0.058427020907402,-0.0282608941197395,-0.0127388415858149,-0.017094001173973,0.0193547680974006,0.017391288653016,-0.0949366763234138,-0.0396659821271896,-0.034965056926012,-0.0103306174278259,0.0628019869327545,-0.024193525314331,0.063636302947998,-0.0424710027873516,-0.0320512019097805,0.0359999649226665,-0.028697595000267,0.017294006422162,0.0295454803854227,-0.0170000083744525,0.033112496137619,-0.0234374776482582,-0.0534188039600849,0.0666666030883789,0.0045146686024963,-0.0380760692059993,-0.033707782626152,0.0080808009952306,0.0046511581167578,0.1049106642603874,0.0138888750225305,-0.0607966370880603,-0.0525114201009273,0.0148936538025736,0.0481927245855331,0.0561797767877578,-0.0045976969413459,0.1469071358442307,0.0254041887819767,0.0077922623604536,0.0270270016044378,-0.0540541186928749,-0.0153509154915809,0.007425794377923,0.0244989171624183,0.0024813278578221,-0.0239130724221468,-0.0024751862511038,0.002227222546935,0.0099999904632568,0.0,-0.0049751196056604,-0.0111111532896757,-0.0313253290951252,0.0112359980121254,-0.0258216261863708,-0.0244444739073514,0.0070922481827437,0.0364465452730655,0.0317073464393615,0.0109889479354023,-0.0214797500520944,0.004347822163254,-0.0164319649338722,0.0173160005360841,-0.0575220696628093,0.0574468076229095,-0.056367427110672,0.0382293909788131,-0.0164270885288715,-0.0213177632540464,0.0274261850863695,-0.039604015648365,0.0281994864344596,-0.041237074881792,-0.0253699552267789,0.0559139251708984,-0.0042105223983526,-0.0448064766824245,0.0106383385136723,-0.0170575529336929,-0.0105263562873005,0.0780910328030586,0.0,-0.0503018125891685,0.0,0.0423729456961154,-0.030612263828516,0.0853658691048622,0.0,-0.0449438653886318,-0.0020366094540804,-0.0078431302681565,-0.0180000308901071,0.0079051312059164,0.0224949158728122,0.0,-0.0316832326352596,0.0232067797333002,-0.0118153179064393,-0.0759492998338692,-0.0476190543430542,-0.0506328665801931,-0.0606302497263393,-0.0506328665801931,-0.0107527291730301,-0.0210970297233341,-0.0295358390360568,-0.0864978707754352,0.1855669574175105,0.0759494005968624,-0.089108963489326,2019-02-13,2019-02-14,2019-02-15,2019-02-19,2019-02-20,2019-02-21,2019-02-22,2019-02-25,2019-02-26,2019-02-27,83145.0,2019-02-12,252.0,3.0435%,-0.0011,0.5841,0.7954,0.3262,3.6904%,3.7543%,3.3764%,0.023132,IRIX,83145.0,2019-02-13,252.0,2.3207%,-0.0009,0.593,0.7892,0.3304,3.6922%,3.7570%,3.4212%,0.020766,IRIX,83145.0,2019-02-14,252.0,-9.6907%,-0.0013,0.6152,0.7362,0.3893,3.7417%,3.8050%,3.2979%,-0.09795,IRIX,83145.0,2019-02-15,252.0,2.7397%,-0.0011,0.6615,0.7798,0.4671,3.7339%,3.8050%,3.7037%,0.016637,IRIX,83145.0,2019-02-19,252.0,0.0000%,-0.0011,0.6566,0.7831,0.4712,3.7331%,3.8035%,3.6703%,-0.005019,IRIX,83145.0,2019-02-20,252.0,0.0000%,-0.0012,0.6531,0.7645,0.4558,3.7300%,3.7994%,3.6193%,-0.005662,IRIX,83145.0,2019-02-21,252.0,2.4444%,-0.0011,0.644,0.7526,0.4389,3.7345%,3.8018%,3.5105%,0.028344,IRIX,83145.0,2019-02-22,252.0,3.3622%,-0.001,0.6387,0.7756,0.3959,3.7393%,3.8077%,3.5622%,0.031649,IRIX,83145.0,2019-02-25,252.0,-0.7345%,-0.0011,0.6413,0.7805,0.4081,3.7368%,3.8057%,3.5860%,-0.005674,IRIX,83145.0,2019-02-26,252.0,-4.8626%,-0.0013,0.6351,0.8425,0.4349,3.7422%,3.8127%,3.6641%,-0.041358,IRIX,83145.0,2019-02-27,252.0,3.1111%,-0.0005,0.7115,0.7157,0.4477,3.5881%,3.6682%,4.3186%,0.029361,IRIX,0.043898,-0.0540519999999999,-0.037415,-0.048096,-0.0057739999999999
10563,JETBLUE AIRWAYS CORP,"JetBlue Airways Reports January RPMs Up 7.9% YoY, ASMs Up 9.9% YoY, Load Factor Down 1.5 Points",6,increase,0.7,0.5,"the increase in revenue passenger miles (rpms) and available seat miles (asms) suggests growth in demand and capacity, which could positively influence investor sentiment despite a slight decrease in load factor.",2,2019-02-12,JBLU,2019-02-12 12:12:00+00:00,89353.0,47714310,-0.0202629156410694,4130097.0,0.008943535387516,0.0066152615472674,0.0016620879760012,0.0022098899353295,-0.0066372146829962,-0.0022050170227885,-0.0016703107394278,0.0094602163881063,-0.0206358525902032,-0.0016667047748342,-0.0039863153360784,0.005025134421885,-0.0154374195262789,-0.0044469106942415,0.0017422002274543,-0.0201525501906871,-0.0040579531341791,0.0132450200617313,-0.0162980612367391,-0.0022025885991752,-0.0118342516943812,0.0254094172269105,0.0137724271044135,-0.0226270277053117,-0.0218547452241182,0.0510441474616527,-0.0078501915559172,-0.0074842292815446,-0.0006086566718295,-0.0130681553855538,-0.0140072805806994,0.0085959667339921,-0.0067943548783659,0.005763710476458,0.026741312816739,0.0110722919926047,-0.0006057073478586,0.0005831037415191,0.0199999958276748,-0.0057971235364675,-0.0071301748976111,0.0058309263549745,0.0017953732749447,-0.0046430602669715,-0.0065711238421499,0.022551879286766,-0.000601221981924,0.0095865689218044,-0.0186523087322711,0.0084592932835221,-0.0006131348200142,0.0389202088117599,-0.0226993225514888,-0.0166666936129331,-0.0163214206695556,0.0087173907086253,0.007019761018455,0.0037499666213989,0.0228136666119098,0.0006254051695577,0.0024783716071397,-0.0049782157875597,0.0111248642206192,0.057932861149311,0.0152811734005808,-0.0218931194394826,0.0120408702641725,-0.0377942807972431,-0.0023794770240783,-0.0271248202770948,-0.010137153789401,-0.0119118969887495,0.0024095787666738,0.0163438525050878,-0.0036057373508811,-0.0184194575995206,-0.0144752580672502,-0.0254777371883392,0.0354957096278667,-0.0215296987444162,0.0130023229867219,-0.0150669896975159,-0.0058342167176306,-0.0016713474178686,-0.0064554344862699,0.0033539058640599,-0.0029534047935158,-0.0509284324944019,0.0059241936542093,0.0058698300272226,-0.0011778832413256,-0.0259875264018774,-0.0076650450937449,-0.0143442973494529,0.0427807085216045,0.0257488042116165,0.0364673137664794,0.0,-0.0087960334494709,0.0176470540463924,0.0049916887655854,0.0108108520507812,0.0071743461303412,0.0081743663176894,0.0164383146911859,0.0166205633431673,0.0043126647360622,0.0255681164562702,0.0,-0.0073321582749485,0.004294145386666,-0.0166389979422092,0.0,-0.007704974617809,-0.0101549243554472,0.0,-0.0043196501210331,-0.0021965408232063,-0.0054230140522122,0.0122289778664708,0.008943535387516,0.0066152615472674,0.0106204883061478,0.0088397704825098,0.0039127831622254,0.0066152616153298,-0.018446056194567,0.0144444576536053,-0.0553381681607052,0.0055066302486626,-0.0978200178767828,0.1419637611790347,0.0251537587585342,0.0150083673668695,2019-02-13,2019-02-14,2019-02-15,2019-02-19,2019-02-20,2019-02-21,2019-02-22,2019-02-25,2019-02-26,2019-02-27,89353.0,2019-02-12,252.0,-2.0263%,-0.0005,0.8898,0.7036,0.3232,1.4618%,1.7461%,29.9161%,-0.032233,JBLU,89353.0,2019-02-13,252.0,0.8944%,-0.0004,0.8946,0.6979,0.3237,1.4613%,1.7471%,30.0395%,0.005704,JBLU,89353.0,2019-02-14,252.0,0.1662%,-0.0004,0.894,0.699,0.3228,1.4613%,1.7469%,30.0232%,0.001689,JBLU,89353.0,2019-02-15,252.0,-0.6637%,-0.0005,0.8872,0.6907,0.3089,1.4658%,1.7463%,29.5517%,-0.0201359999999999,JBLU,89353.0,2019-02-19,252.0,-0.1670%,-0.0005,0.8858,0.6874,0.3052,1.4662%,1.7456%,29.4452%,-0.0063859999999999,JBLU,89353.0,2019-02-20,252.0,-2.0636%,-0.0006,0.8791,0.6737,0.2817,1.4746%,1.7503%,29.0204%,-0.02561,JBLU,89353.0,2019-02-21,252.0,-0.3986%,-0.0006,0.8772,0.67,0.2781,1.4743%,1.7484%,28.8953%,0.000286,JBLU,89353.0,2019-02-22,252.0,-1.5437%,-0.0008,0.8819,0.6188,0.2879,1.4635%,1.7357%,28.9134%,-0.020835,JBLU,89353.0,2019-02-25,252.0,0.1742%,-0.0008,0.8827,0.6179,0.2904,1.4630%,1.7354%,28.9332%,0.002446,JBLU,89353.0,2019-02-26,252.0,-0.4058%,-0.0008,0.8746,0.6217,0.2862,1.4609%,1.7293%,28.6321%,0.002167,JBLU,89353.0,2019-02-27,252.0,-1.6298%,-0.001,0.8681,0.6281,0.2851,1.4624%,1.7275%,28.3383%,-0.018023,JBLU,-0.0265289999999999,-0.0248399999999999,-0.0449759999999999,-0.0769719999999999,-0.1109309999999999
10571,JONES LANG LASALLE INC,"Jones Lang LaSalle shares are trading higher after the company reported Q4 EPS of $5.99, beating the $4.85 estimate.",6,increase,0.85,0.7,"the positive earnings surprise typically boosts investor confidence, leading to an increase in stock price.",2,2019-02-12,JLL,2019-02-12 16:07:00+00:00,85246.0,48020Q10,0.1359129697084427,1271033.0,-0.0152271976694464,0.0130203263834118,0.0055006062611937,-0.0035884636454284,0.0026744615752249,-6.896568083902821e-05,-0.0006062445463612,-0.0061038294807076,-0.0035181476268917,0.0121477162465453,0.0061480067670345,0.0039024220313876,0.0114950044080615,0.0006275457562878,-0.0095101157203316,0.0120677966624498,-0.0022947154939174,0.0089717637747526,-0.0086551746353507,-0.0028400588780641,0.0081201652064919,0.0006394056254066,-0.0053900158964097,-0.0021269270218908,0.0074286139570176,0.0272376779466867,-0.0024781122338026,-0.018723614513874,-0.0303562451153993,-0.0203039217740297,-0.0060613709501922,0.015860566869378,0.0108135370537638,0.0228430032730102,0.0067172646522521,0.0145398266613483,-0.0011121211573481,0.0060890126042068,-0.0002473607601132,-0.0061987778171896,0.0005567702464759,0.0105898892506957,0.0023496253415942,0.015064270235598,0.0056134951300919,0.0003786675515584,-0.0155195603147149,0.0346314013004303,-0.0431179367005825,0.0018839616095647,0.004362819250673,0.0451226532459259,-0.0391598045825958,-0.0487005785107612,0.0058029731735587,0.0120853586122393,0.0162350609898567,-0.0184524524956941,0.0030367488507181,-0.0053978795185685,0.0141502823680639,0.0113077824935317,0.0005840504891239,0.0409123562276363,0.0089506097137928,-0.0143222985789179,-0.0103497086092829,-0.0155954295769333,0.0101331444457173,-0.0117537332698702,-0.0020576945971697,-0.0242290925234556,0.0049616871401667,0.0378370098769664,-0.007694358471781,-0.0479549691081047,-0.015249422751367,0.0005256594740785,0.0134514644742012,0.0106237204745411,0.0025898942258208,0.0077234418131411,0.006716133095324,0.0051498701795935,-0.006607215385884,-0.0247375406324863,-0.0180162284523248,-0.0350116565823555,0.0026960503309965,0.0394766516983509,0.0250525139272213,-0.0654907748103141,-0.0019833496771752,-0.0062150796875357,-0.0001923121890285,0.0142360962927341,0.0006411313079297,-0.0200582966208457,-0.014930167235434,0.0170831438153982,0.009041822515428,-0.0095783760771155,-0.0044481852091848,0.0233972836285829,0.0009066545171663,0.0098995240405201,-0.0109335724264383,0.0243522804230451,-0.0071952254511415,-0.0286165922880172,0.0048755137249827,-0.0190435666590929,-0.0107526835054159,0.0180225055664777,-0.0519618988037109,-0.0154366036877036,-0.0172677990049123,0.0353207066655159,-0.0295938216149807,-0.0120403617620468,-0.0152271976694464,0.0130203263834118,-0.0098103502270937,0.009385139770105,-0.0071621260565906,0.0093155268367119,-0.0112548612311763,0.0153408772795149,-0.0142040361234148,0.0385544460526141,-0.0855250770590864,0.127930387380494,-0.1789948287421765,0.0576828762060539,2019-02-13,2019-02-14,2019-02-15,2019-02-19,2019-02-20,2019-02-21,2019-02-22,2019-02-25,2019-02-26,2019-02-27,85246.0,2019-02-12,252.0,13.5913%,0.0003,1.03,0.5917,0.2149,1.5903%,1.9337%,32.3574%,0.122977,JLL,85246.0,2019-02-13,252.0,-1.5227%,0.0002,1.0268,0.5893,0.2098,1.5948%,1.9350%,32.0648%,-0.0187169999999999,JLL,85246.0,2019-02-14,252.0,0.5501%,0.0002,1.0249,0.5919,0.2081,1.5940%,1.9335%,32.0352%,0.00571,JLL,85246.0,2019-02-15,252.0,0.2674%,0.0001,1.0018,0.5699,0.1688,1.5912%,1.9198%,31.3045%,-0.011485,JLL,85246.0,2019-02-19,252.0,-0.0606%,0.0001,1.0064,0.5589,0.1561,1.5874%,1.9192%,31.5873%,-0.004769,JLL,85246.0,2019-02-20,252.0,-0.3518%,0.0001,1.0047,0.5568,0.1503,1.5880%,1.9193%,31.5502%,-0.007619,JLL,85246.0,2019-02-21,252.0,0.6148%,0.0001,1.0081,0.5661,0.1565,1.5861%,1.9191%,31.6986%,0.010501,JLL,85246.0,2019-02-22,252.0,1.1495%,0.0001,1.0074,0.5699,0.1518,1.5862%,1.9204%,31.7760%,0.004029,JLL,85246.0,2019-02-25,252.0,-0.9510%,0.0001,1.0074,0.5745,0.1542,1.5873%,1.9214%,31.7512%,-0.009366,JLL,85246.0,2019-02-26,252.0,-0.2295%,0.0001,1.0113,0.5662,0.1528,1.5867%,1.9212%,31.7875%,0.0034029999999999,JLL,85246.0,2019-02-27,252.0,-0.8655%,0.0,1.0057,0.5729,0.1519,1.5863%,1.9178%,31.5788%,-0.010558,JLL,0.10426,0.10997,0.098485,0.086097,0.084106
10579,JONES LANG LASALLE INC,"Jones Lang LaSalle Q4 Adj. EPS $5.99 Beats $4.85 Estimate, Sales $4.9B Does Not Compare To $2.7B Estimate",6,increase,0.8,0.7,"the significant beat in adjusted eps suggests strong profitability, which is likely to positively influence investor sentiment and drive the stock price higher.",2,2019-02-12,JLL,2019-02-12 12:32:00+00:00,85246.0,48020Q10,0.1359129697084427,1271033.0,-0.0152271976694464,0.0130203263834118,0.0055006062611937,-0.0035884636454284,0.0026744615752249,-6.896568083902821e-05,-0.0006062445463612,-0.0061038294807076,-0.0035181476268917,0.0121477162465453,0.0061480067670345,0.0039024220313876,0.0114950044080615,0.0006275457562878,-0.0095101157203316,0.0120677966624498,-0.0022947154939174,0.0089717637747526,-0.0086551746353507,-0.0028400588780641,0.0081201652064919,0.0006394056254066,-0.0053900158964097,-0.0021269270218908,0.0074286139570176,0.0272376779466867,-0.0024781122338026,-0.018723614513874,-0.0303562451153993,-0.0203039217740297,-0.0060613709501922,0.015860566869378,0.0108135370537638,0.0228430032730102,0.0067172646522521,0.0145398266613483,-0.0011121211573481,0.0060890126042068,-0.0002473607601132,-0.0061987778171896,0.0005567702464759,0.0105898892506957,0.0023496253415942,0.015064270235598,0.0056134951300919,0.0003786675515584,-0.0155195603147149,0.0346314013004303,-0.0431179367005825,0.0018839616095647,0.004362819250673,0.0451226532459259,-0.0391598045825958,-0.0487005785107612,0.0058029731735587,0.0120853586122393,0.0162350609898567,-0.0184524524956941,0.0030367488507181,-0.0053978795185685,0.0141502823680639,0.0113077824935317,0.0005840504891239,0.0409123562276363,0.0089506097137928,-0.0143222985789179,-0.0103497086092829,-0.0155954295769333,0.0101331444457173,-0.0117537332698702,-0.0020576945971697,-0.0242290925234556,0.0049616871401667,0.0378370098769664,-0.007694358471781,-0.0479549691081047,-0.015249422751367,0.0005256594740785,0.0134514644742012,0.0106237204745411,0.0025898942258208,0.0077234418131411,0.006716133095324,0.0051498701795935,-0.006607215385884,-0.0247375406324863,-0.0180162284523248,-0.0350116565823555,0.0026960503309965,0.0394766516983509,0.0250525139272213,-0.0654907748103141,-0.0019833496771752,-0.0062150796875357,-0.0001923121890285,0.0142360962927341,0.0006411313079297,-0.0200582966208457,-0.014930167235434,0.0170831438153982,0.009041822515428,-0.0095783760771155,-0.0044481852091848,0.0233972836285829,0.0009066545171663,0.0098995240405201,-0.0109335724264383,0.0243522804230451,-0.0071952254511415,-0.0286165922880172,0.0048755137249827,-0.0190435666590929,-0.0107526835054159,0.0180225055664777,-0.0519618988037109,-0.0154366036877036,-0.0172677990049123,0.0353207066655159,-0.0295938216149807,-0.0120403617620468,-0.0152271976694464,0.0130203263834118,-0.0098103502270937,0.009385139770105,-0.0071621260565906,0.0093155268367119,-0.0112548612311763,0.0153408772795149,-0.0142040361234148,0.0385544460526141,-0.0855250770590864,0.127930387380494,-0.1789948287421765,0.0576828762060539,2019-02-13,2019-02-14,2019-02-15,2019-02-19,2019-02-20,2019-02-21,2019-02-22,2019-02-25,2019-02-26,2019-02-27,85246.0,2019-02-12,252.0,13.5913%,0.0003,1.03,0.5917,0.2149,1.5903%,1.9337%,32.3574%,0.122977,JLL,85246.0,2019-02-13,252.0,-1.5227%,0.0002,1.0268,0.5893,0.2098,1.5948%,1.9350%,32.0648%,-0.0187169999999999,JLL,85246.0,2019-02-14,252.0,0.5501%,0.0002,1.0249,0.5919,0.2081,1.5940%,1.9335%,32.0352%,0.00571,JLL,85246.0,2019-02-15,252.0,0.2674%,0.0001,1.0018,0.5699,0.1688,1.5912%,1.9198%,31.3045%,-0.011485,JLL,85246.0,2019-02-19,252.0,-0.0606%,0.0001,1.0064,0.5589,0.1561,1.5874%,1.9192%,31.5873%,-0.004769,JLL,85246.0,2019-02-20,252.0,-0.3518%,0.0001,1.0047,0.5568,0.1503,1.5880%,1.9193%,31.5502%,-0.007619,JLL,85246.0,2019-02-21,252.0,0.6148%,0.0001,1.0081,0.5661,0.1565,1.5861%,1.9191%,31.6986%,0.010501,JLL,85246.0,2019-02-22,252.0,1.1495%,0.0001,1.0074,0.5699,0.1518,1.5862%,1.9204%,31.7760%,0.004029,JLL,85246.0,2019-02-25,252.0,-0.9510%,0.0001,1.0074,0.5745,0.1542,1.5873%,1.9214%,31.7512%,-0.009366,JLL,85246.0,2019-02-26,252.0,-0.2295%,0.0001,1.0113,0.5662,0.1528,1.5867%,1.9212%,31.7875%,0.0034029999999999,JLL,85246.0,2019-02-27,252.0,-0.8655%,0.0,1.0057,0.5729,0.1519,1.5863%,1.9178%,31.5788%,-0.010558,JLL,0.10426,0.10997,0.098485,0.086097,0.084106
10587,JOHNSON & JOHNSON,FDA Panel Votes In Favor Of Johnson & Johnson's Nasal Spray For Treatment-Resistant Depression; Says Benefits Outweigh Risks,6,increase,0.8,0.6,"the fda panel's favorable vote for johnson & johnson's nasal spray indicates potential for increased sales and market confidence, likely leading to a rise in stock price.",2,2019-02-12,JNJ,2019-02-12 19:45:00+00:00,22111.0,47816010,0.016363663598895,6262320.0,0.0021615480072796,-0.0030211021658033,-0.0010412747506052,0.002650441834703,0.0154121611267328,-0.0071428343653678,-0.0050594108179211,0.0009030336514115,0.0048640551976859,0.0,-0.0068207401782274,-0.0098360069096088,0.0087136905640363,0.0084159532561898,0.0036602546460926,0.0109389433637261,-0.000660766090732,0.0100513892248272,-0.0017633200623095,0.0103883733972907,0.0056672133505344,0.0059269266203045,0.0125146862119436,0.0094465631991624,0.0009395707747898,-0.0137422690168023,0.0020942268893122,0.0,0.002305916743353,-0.0144616980105638,-0.0061110854148864,0.0123945008963346,-0.0013021406484767,0.0082005867734551,0.0036216138396412,-0.0102041382342577,0.0044745607301592,0.0084190974012017,0.0016526152612641,-0.0113294888287782,-0.0099705858156085,0.0003083284536842,-0.0030430238693952,0.0060499035753309,-0.0031250575557351,-0.0079256230965256,0.009258615784347,0.0232265535742044,-0.0083069140091538,-0.0064147673547267,0.0059000137262046,0.016783332452178,-0.0086169615387916,-0.0158904008567333,-0.0021912427619099,-0.0100736385211348,0.0143474610522389,0.0139860650524497,0.0009380790870636,-0.0010988699505105,0.0012978222221136,0.0055244620889425,0.0065523358061909,0.0315044187009334,-0.0057943887077271,-0.0409868061542511,-0.0091379266232252,-0.0014033517800271,-0.0039213458076119,0.0051720370538532,-0.0116642918437719,-0.0215457566082477,0.0044994121417403,0.0099117141216993,-0.0002936795935966,-0.0290225613862276,-0.0041868081316351,-0.1003787666559219,7.372210529865697e-05,0.0050305249169468,-0.0027289800345897,0.0040956046432256,0.0056947637349367,0.0085364552214741,0.0039712353609502,-0.0011689347447827,0.0109874010086059,-0.0032897742930799,0.0036226632073521,-0.0008217155118472,-0.0072191739454865,-0.0012311601312831,0.0022541997022926,-0.0046969857066869,0.0150184435769915,0.0071990932337939,-0.0050035524182021,-0.0040289289318025,0.0032327368389815,0.0224829018115997,0.0052990014664828,0.0130862714722752,-0.0039176796562969,0.0002812301681842,0.0097254049032926,0.0016901909839361,0.0053116148337721,-0.030454022809863,-0.0047199591062963,-0.0086644478142261,0.005167013965547,0.0119185568764805,0.0005633535329252,0.0103114563971757,-0.0149200875312089,0.0017331022536382,-0.0012860465794801,-0.0029720258899033,-0.0075827855616807,-0.0064551741816103,0.0021615480072796,-0.0030211021658033,0.001118022491312,-0.0003786675866673,0.0165474147608244,-0.0075187971921841,0.0163238100371048,-0.0066225532676553,0.0194380641174509,0.0233350984936198,0.0406716816888015,0.0360254001992477,0.0408967639496575,-0.0877602518684793,2019-02-13,2019-02-14,2019-02-15,2019-02-19,2019-02-20,2019-02-21,2019-02-22,2019-02-25,2019-02-26,2019-02-27,22111.0,2019-02-12,252.0,1.6364%,0.0002,0.7112,-0.4951,0.1909,1.0339%,1.2849%,35.2479%,0.0069759999999999,JNJ,22111.0,2019-02-13,252.0,0.2162%,0.0002,0.7139,-0.4997,0.1901,1.0332%,1.2845%,35.2941%,0.000234,JNJ,22111.0,2019-02-14,252.0,-0.1041%,0.0003,0.7133,-0.4975,0.1872,1.0332%,1.2844%,35.2907%,0.004059,JNJ,22111.0,2019-02-15,252.0,1.5412%,0.0004,0.729,-0.4826,0.2138,1.0308%,1.2878%,35.9317%,0.007597,JNJ,22111.0,2019-02-19,252.0,-0.5059%,0.0003,0.7266,-0.4848,0.2115,1.0313%,1.2861%,35.7059%,-0.005786,JNJ,22111.0,2019-02-20,252.0,0.4864%,0.0003,0.726,-0.493,0.2075,1.0268%,1.2833%,35.9763%,0.003287,JNJ,22111.0,2019-02-21,252.0,-0.6821%,0.0003,0.7219,-0.5024,0.1999,1.0232%,1.2793%,36.0327%,-0.004102,JNJ,22111.0,2019-02-22,252.0,0.8714%,0.0003,0.7205,-0.4988,0.1863,1.0248%,1.2795%,35.8461%,0.009623,JNJ,22111.0,2019-02-25,252.0,0.3660%,0.0003,0.7205,-0.4993,0.1863,1.0249%,1.2797%,35.8597%,0.0015179999999999,JNJ,22111.0,2019-02-26,252.0,-0.0661%,0.0003,0.7192,-0.4945,0.1877,1.0248%,1.2757%,35.4741%,-0.002189,JNJ,22111.0,2019-02-27,252.0,-0.1763%,0.0003,0.7209,-0.4982,0.188,1.0245%,1.2752%,35.4500%,-0.001346,JNJ,0.0072099999999999,0.011269,0.018866,0.016367,0.0198709999999999
10595,KIMBERLY CLARK CORP,"Morgan Stanley Maintains Equal-Weight on Kimberly-Clark, Raises Price Target to $124",6,increase,0.7,0.5,"raising the price target typically indicates positive sentiment and potential for stock appreciation, which may lead to an increase in stock price.",2,2019-02-12,KMB,2019-02-12 13:24:00+00:00,17750.0,49436810,-0.0067642857320606,2118858.0,0.0007758304709568,0.0095081552863121,0.0065466635860502,0.0205540042370557,0.0136072225868701,-0.007007734850049,0.0095406724140048,0.0172874927520752,-0.0082796514034271,-0.004877143073827,0.0096981069073081,0.0092178164049983,-0.0052618798799812,0.0032321836333721,-0.0110831214115023,0.0325391143560409,-8.492219785694033e-05,-0.0025889854878187,-0.009340226650238,0.0009254832984879,0.0013714208034798,-0.0006474259425885,-0.0098433746024966,-0.0297918133437633,0.0065698660910129,-0.0063307988457381,0.0020611290819942,-0.0267291646450758,-0.0047137732617557,-0.0140326805412769,0.0006889092037454,0.0218588784337043,0.0060774176381528,-0.0032246394548565,0.0147566376253962,-0.0167951937764883,0.0016158045036718,0.0038709414657205,0.0058584008365869,-0.0081057762727141,-0.0001688551710685,0.0046287784352898,0.0146897891536355,0.0232435874640941,-0.0051585217006504,-0.0081774238497018,0.0030944447498768,0.013757805339992,-0.003084898693487,0.0134966233745217,0.0158066358417272,0.0112075004726648,0.0048575988039374,-0.0102871591225266,-0.0011470658937469,-0.0188695937395095,0.0095972288399934,0.0064482232555747,0.0021936679258942,0.0030122825410217,0.0043777944520115,0.0191422365605831,8.073401113506407e-05,0.0364997796714305,-0.0091202976182103,-0.0784820914268493,-0.0009773977799341,0.0164810847491025,-0.0071749277412891,0.0016684443689882,0.0018066947814077,0.0038786565419286,-0.0005738150211982,-0.0064809760078787,-0.002296577906236,-0.0275932364165782,-0.0024663191288709,-0.008277054876089,0.0026372782886028,0.0393258742988109,0.0074798292480409,-0.0158949885517358,0.0049767531454563,0.0182074028998613,-0.0014612786471843,0.0016740303253754,0.0026016235351562,0.005225368309766,0.0010541457450017,0.0124433515593409,0.0008100940030999,-0.0060076005756855,0.0542290322482585,-0.0188957285135984,-0.0355470031499862,0.0036538131535053,-0.0097118392586708,0.0080680362880229,-0.0031350431963801,-0.0122996810823679,0.0139504531398415,0.0215006228536367,-0.0038969132583588,0.0017727082595229,0.0249900594353675,0.0194271393120288,-0.022667109966278,-0.0083333365619182,0.0142663652077317,0.0104119656607508,0.0018858860712498,-0.0073694591410458,0.0031372669618576,0.0043324823491275,-0.0134480157867074,-0.0017120421398431,0.0056268749758601,0.0091843418776988,-0.0038615956436842,-0.0037144052330404,0.0007758304709568,0.0095081552863121,0.0073275731581003,0.0302575901874093,0.0210345036639545,0.0230378181681254,0.0222413945960175,0.0356478192493019,0.005775845455967,0.0808884556744571,0.0728711975971669,0.0347302026692488,0.0993994561882289,0.0674430863004167,2019-02-13,2019-02-14,2019-02-15,2019-02-19,2019-02-20,2019-02-21,2019-02-22,2019-02-25,2019-02-26,2019-02-27,17750.0,2019-02-12,252.0,-0.6764%,0.0003,0.4017,-0.5231,0.0424,1.4204%,1.5036%,10.7560%,-0.012156,KMB,17750.0,2019-02-13,252.0,0.0776%,0.0003,0.3962,-0.5139,0.0439,1.4184%,1.4985%,10.3992%,-0.000165,KMB,17750.0,2019-02-14,252.0,0.6547%,0.0003,0.3945,-0.5081,0.0365,1.4184%,1.4979%,10.3269%,0.0102049999999999,KMB,17750.0,2019-02-15,252.0,1.3607%,0.0004,0.4049,-0.4977,0.0547,1.4194%,1.5002%,10.4769%,0.010144,KMB,17750.0,2019-02-19,252.0,0.9541%,0.0004,0.4,-0.4823,0.0726,1.4140%,1.4915%,10.1300%,0.009951,KMB,17750.0,2019-02-20,252.0,-0.8280%,0.0003,0.3972,-0.49,0.0623,1.4149%,1.4925%,10.1289%,-0.008478,KMB,17750.0,2019-02-21,252.0,0.9698%,0.0004,0.3898,-0.5028,0.0486,1.4137%,1.4908%,10.0714%,0.010868,KMB,17750.0,2019-02-22,252.0,-0.5262%,0.0004,0.3896,-0.4809,0.0664,1.4100%,1.4845%,9.7913%,-0.004416,KMB,17750.0,2019-02-25,252.0,-1.1083%,0.0004,0.3906,-0.4734,0.0739,1.4116%,1.4856%,9.7125%,-0.012898,KMB,17750.0,2019-02-26,252.0,-0.0085%,0.0004,0.3915,-0.4705,0.0761,1.4117%,1.4850%,9.6194%,-0.002346,KMB,17750.0,2019-02-27,252.0,-0.9340%,0.0003,0.3914,-0.4729,0.076,1.4129%,1.4856%,9.5476%,-0.008807,KMB,-0.012321,-0.002116,0.0080279999999999,0.0095009999999999,-0.008098
10603,KAMADA LTD,"Kamada Reports Q4 EPS Of $0.44 May Not Compare To $0.18 Estimate, Sales $48.2M Beat $41.37M Est.; Reiterates FY19 Revenue Guidance Of $125M-130M vs $127.82M Est.",6,increase,0.8,0.6,"kamada's q4 eps exceeded estimates and sales significantly beat expectations, which typically signals positive performance and can lead to an increase in stock price.",2,2019-02-12,KMDA,2019-02-12 11:13:00+00:00,13930.0,M6240T10,0.0404411368072032,209544.0,-0.014858616515994,0.0264150686562061,0.0114958640187978,-0.0056284680031239,0.0372340492904186,0.0250000227242708,-0.0034188001882284,-0.016120545566082,0.0034305285662412,0.0203089378774166,0.0153846414759755,-0.0389610454440116,0.0134680001065135,0.0266470592468977,0.0132890241220593,0.0067305816337466,-0.0147540457546711,-0.0028680432587862,0.0249583385884761,-0.0019083496881648,0.0016234138747677,-0.020560773089528,0.00162070535589,0.0408560410141944,-0.0040452457033097,-0.0209524072706699,-0.0235580783337354,-0.0037950628902763,0.0016638521337881,-0.0112570254132151,-0.0166112799197435,0.0075614294037222,0.001689147320576,-0.0075046834535896,-0.0118043329566717,0.0,0.01023889798671,-0.0037383141461759,0.0,0.0075329495593905,0.0304053761065006,0.0018867455655708,0.0065573710016906,1.889390478027053e-05,-0.0374592877924442,-1.889354643935803e-05,-0.0041624414734542,0.0172745008021593,0.0041798399761319,0.0096899596974253,-0.0050760968588292,0.0,-0.008503433316946,0.0078124925494194,-0.0394511185586452,0.0239999778568744,0.0089286053553223,0.0288065560162067,0.0247787367552518,0.0124999871477484,0.0,0.0,-0.010362684726715,-0.0163934268057346,-0.0209423881024122,0.0,0.0071301176212728,0.0,0.0176990982145071,-0.0081300735473632,0.0017391702858731,0.0292886737734079,0.0192707609385252,0.0,0.0270823370665311,0.0208222810178995,-0.0016584127442911,-0.0089947134256362,-0.0116279358044266,-0.0156250596046447,-0.0067226830869913,-0.0103092193603515,0.0050761778838932,-0.0221774466335773,0.0303030014038085,-0.0264965184032917,0.0016340243164449,-0.0183044821023941,0.021207196637988,-0.0019230293110013,-0.0143770202994346,-0.035250473767519,0.0097244642674922,0.0325472578406333,-0.0176565218716859,0.0085980128496885,-0.003267970867455,0.0030232954304665,0.0049180672504007,-0.0057803872041404,-0.0055628148838877,-0.0114285601302981,-0.0469003953039646,-0.0056818574666976,-0.0120482221245765,-0.001890312298201,0.0156794693320989,0.0291828978806734,-0.0205831713974475,-0.0172084420919418,0.0044483644887804,-0.0169173218309879,-0.000941552571021,0.0037735812366008,-0.0104711940512061,-0.0102707426995039,0.0035273334942758,-0.0156250074505806,0.0105448048561811,-0.0198198426514864,-0.014858616515994,0.0264150686562061,-0.0035335651321715,0.0206379242843504,0.0335689152199449,0.0461538955847118,0.0335689153091469,0.0501930969816575,0.0883392242472982,0.0381679978232216,0.0229682194011415,0.1333333022624281,0.0159010881727641,-0.0198198410054571,2019-02-13,2019-02-14,2019-02-15,2019-02-19,2019-02-20,2019-02-21,2019-02-22,2019-02-25,2019-02-26,2019-02-27,13930.0,2019-02-12,252.0,4.0441%,0.0005,0.4732,0.1987,0.0203,1.8343%,1.9051%,7.2925%,0.033872,KMDA,13930.0,2019-02-13,252.0,-1.4859%,0.0003,0.4596,0.2149,0.0191,1.8310%,1.8985%,6.9861%,-0.016417,KMDA,13930.0,2019-02-14,252.0,1.1496%,0.0003,0.4558,0.2203,0.0152,1.8290%,1.8960%,6.9453%,0.011354,KMDA,13930.0,2019-02-15,252.0,3.7234%,0.0005,0.491,0.2553,0.0768,1.8356%,1.9090%,7.5412%,0.03136,KMDA,13930.0,2019-02-19,252.0,-0.3419%,0.0004,0.4855,0.2577,0.0799,1.8340%,1.9056%,7.3719%,-0.005422,KMDA,13930.0,2019-02-20,252.0,0.3431%,0.0005,0.4868,0.2655,0.0859,1.8327%,1.9046%,7.4140%,0.0014019999999999,KMDA,13930.0,2019-02-21,252.0,1.5385%,0.0006,0.4808,0.2569,0.0747,1.8354%,1.9058%,7.2532%,0.017469,KMDA,13930.0,2019-02-22,252.0,1.3468%,0.0005,0.4804,0.2338,0.0489,1.8325%,1.9039%,7.3548%,0.009928,KMDA,13930.0,2019-02-25,252.0,1.3289%,0.0006,0.478,0.2253,0.0358,1.8301%,1.9015%,7.3670%,0.013164,KMDA,13930.0,2019-02-26,252.0,-1.4754%,0.0006,0.488,0.234,0.0476,1.8304%,1.9037%,7.5517%,-0.0125289999999999,KMDA,13930.0,2019-02-27,252.0,2.4958%,0.0007,0.4842,0.2475,0.0471,1.8354%,1.9079%,7.4544%,0.024032,KMDA,0.017455,0.0288089999999999,0.060169,0.056149,0.108213
10611,LOEWS CORP,"Loews shares are trading higher, rebounding after dipping on Monday following a Q4 sales miss.",6,increase,0.7,0.6,"the rebound in loews shares after a previous dip suggests positive market sentiment, likely leading to an increase in stock price.",2,2019-02-12,L,2019-02-12 16:40:00+00:00,26710.0,54042410,0.0305205732583999,2426849.0,0.018510503694415,-0.0613018684089183,-0.0190292783081531,-0.0077340914867818,0.017872704192996,-0.0037484443746507,0.0077087925747036,-0.0012479486176744,0.008074739947915,0.0014581027207896,0.0018971364479511,-0.0008324852678924,0.0054702744819223,0.0031314762309193,0.0039756982587277,-0.0043649775907397,-0.0070341331884264,0.0079614724963903,-0.0002102172293234,0.0016788670327514,0.0010510665597394,-0.0029294702690094,0.0058799372054636,0.0078026731498539,0.0043841144070029,0.0033855237998068,-0.0037414322141557,0.0068172072060406,-0.010223276913166,-0.0124132158234715,-0.0130691174417734,0.0155982812866568,0.0012815329246222,0.0025706712622195,0.0068259318359196,0.0006430606008507,0.0082626985386013,0.0,0.00252151559107,0.0015027843182906,0.003772800322622,0.0040957629680633,-0.0022969432175159,0.0073832822963595,0.0131854554638266,0.0043620667420327,-0.0076430267654359,-0.002393398899585,-0.0110325263813138,0.0067907460033893,0.0088402861729264,0.0253818742930889,-0.0125182243064045,-0.012422390282154,-0.0048595680855214,-0.0096660507842898,0.0099787944927811,0.0135827343910932,0.0033634612336754,-0.0013342533493414,0.0027236763853579,0.0114710330963134,0.0014625928597524,0.0451339483261108,0.0156478192657232,-0.0303167998790741,-0.0100657697767019,-0.0174692627042532,0.0002075562661048,-0.005124766845256,0.006016616243869,-0.0039946804754436,0.0022684428840875,0.001110932091251,-0.0002057267847703,-0.0013312929077073,-0.0051450915634632,-0.0096681751310825,0.0070335157215595,0.0093146637082099,0.0086277360096573,0.0051270518451929,0.0036659941542893,-0.0062028970569372,-0.0022321552969515,-0.0139798913151025,0.0099654607474803,-0.0242966637015342,-0.0084574744105339,-0.0010645742295309,-0.0085296910256147,-0.0315463654696941,0.0081933951005339,0.0091551933437585,0.0044696750119328,0.0016673995414748,0.0010113886091858,-0.0153909297659993,0.0038391314446926,0.0248159896582365,0.0100644119083881,-0.0093113221228122,0.014946193434298,0.0232063047587871,0.0070685371756553,-0.0069767022505402,-0.0193020403385162,-0.0027409037575125,-0.0011927944142371,-0.0210526399314403,0.0119426446035504,-0.0010309121571481,-0.00098346255254,0.0072689191438257,-0.0124040376394987,0.0138976592570543,0.004984050989151,-0.0238437782973051,0.0023804588709026,-0.0024605069775134,0.018510503694415,-0.0613018684089183,-0.0008710161401631,-0.0685618456371149,0.0169861206390125,-0.0720532897471716,0.0331010579710029,-0.0718599664649628,0.0372928684981361,-0.0648478478851068,0.0407817621708737,-0.0091171835806536,0.1018374535677675,-0.0851225946165442,2019-02-13,2019-02-14,2019-02-15,2019-02-19,2019-02-20,2019-02-21,2019-02-22,2019-02-25,2019-02-26,2019-02-27,26710.0,2019-02-12,252.0,3.0521%,0.0001,0.9992,-0.2215,0.711,0.7854%,1.2613%,61.2291%,0.018215,L,26710.0,2019-02-13,252.0,1.8511%,0.0001,0.9998,-0.2163,0.7157,0.7908%,1.2624%,60.7578%,0.015248,L,26710.0,2019-02-14,252.0,-1.9029%,0.0,1.0018,-0.2231,0.7244,0.7912%,1.2657%,60.9221%,-0.011754,L,26710.0,2019-02-15,252.0,1.7873%,0.0,1.0058,-0.2191,0.7314,0.7914%,1.2665%,60.9563%,0.003533,L,26710.0,2019-02-19,252.0,0.7709%,0.0,1.0026,-0.2109,0.7409,0.7876%,1.2606%,60.9644%,0.004139,L,26710.0,2019-02-20,252.0,0.8075%,0.0,1.003,-0.2114,0.742,0.7875%,1.2614%,61.0222%,0.002459,L,26710.0,2019-02-21,252.0,0.1897%,0.0,1.0025,-0.2106,0.7412,0.7885%,1.2612%,60.9167%,0.007067,L,26710.0,2019-02-22,252.0,0.5470%,0.0,1.001,-0.2101,0.7236,0.7913%,1.2616%,60.6550%,0.010907,L,26710.0,2019-02-25,252.0,0.3976%,0.0001,1.001,-0.2116,0.7227,0.7916%,1.2617%,60.6386%,0.00313,L,26710.0,2019-02-26,252.0,-0.7034%,0.0,1.0021,-0.2064,0.7262,0.7921%,1.2589%,60.4124%,-0.004502,L,26710.0,2019-02-27,252.0,-0.0210%,0.0001,1.004,-0.2097,0.7265,0.7916%,1.2579%,60.3937%,5.1000000000000006e-05,L,0.033463,0.021709,0.025242,0.03184,0.048493
10619,LOUISIANA PACIFIC CORP,Louisiana-Pacific's Q4 Earnings Outlook,6,uncertain,0.5,0.5,"the news about louisiana-pacific's q4 earnings outlook does not provide specific details on whether the outlook is positive or negative, leading to uncertainty in its impact on the stock price.",1,2019-02-12,LPX,2019-02-12 18:15:00+00:00,56223.0,54634710,0.0108288303017616,1939394.0,0.0968273729085922,0.0041823666542768,0.0,-0.0091172531247138,0.0063861785456538,0.0058357394300401,-0.0261291805654764,-0.0123508078977465,0.0145649351179599,0.0033044954761862,0.0018889741040766,-0.0154534792527556,-0.0018854126101359,0.008613659068942,-0.0122780157253146,0.0037051560357213,-0.0138408541679382,0.0087209716439247,0.0015594898723065,-0.0012443254236131,-0.0163487773388624,0.0041649471968412,0.0079144779592752,0.0143641801550984,-0.0113859055563807,0.0340760461986064,-0.0115171130746603,-0.0154838971793651,-0.0004017769824713,-0.0340672917664051,-0.0040192315354943,0.0160404872149229,0.0193704403936862,0.0154308024793863,0.0186064653098583,-0.0101824253797531,-0.0268168915063142,-0.0067425137385725,-0.0211661607027053,-0.0033599296584725,-0.0024479585699737,-0.0050146607682108,0.0073618972674012,0.0270386729389429,0.0044661234132945,0.0223781615495681,-0.0016167748253792,0.0066255093552172,-0.0222672522068023,0.0147915706038475,0.0120083196088671,0.0290590021759271,-0.0265957284718751,0.0221594180911779,-0.0021017715334892,-0.0454545579850673,0.0080033922567963,0.0150753734633326,0.0117007428780198,0.0004570488817989,0.0214787479490041,0.0162563156336545,-0.0141528667882084,0.0370905809104442,0.0012305449927225,-0.0114285601302981,-0.0114707369357347,0.0233917906880378,0.0029010197613388,-0.0195890981703996,-0.000413232599385,-0.004755129572004,0.0508474372327327,0.0125180659815669,-0.0062942504882812,-0.0280767604708671,-0.0071259029209613,0.0123164486140012,-0.0051833796314895,-0.0065882066264748,0.0100200399756431,-0.0018788592424243,-0.0087302066385746,-0.000469404796604,0.0128102358430624,-0.0273972786962986,-0.0039525087922811,-0.0335392877459526,-0.020634938031435,0.0342309437692165,0.00162070535589,-0.0511043854057788,-0.0335760489106178,0.01006122212857,0.0050230575725436,-0.0060869301669299,0.0029154391959309,-0.0021691643632948,0.0095514757558703,0.0122968284413218,0.0197450201958417,-0.0134315192699432,-0.0016135907499119,-0.0043140803463757,0.0121211810037493,-0.0038676471449434,-0.0107783852145075,0.0152705227956175,-0.0020178023260086,0.0088028507307171,0.0283057335764169,-0.006993000395596,-0.0015729813603684,-0.0034843173343688,-0.0468687936663627,-0.0182823706418275,0.0136363599449396,0.0034129659179598,0.0154912006109952,-0.0072003416717052,0.0968273729085922,0.0041823666542768,0.0968273729085922,-0.0049730181658844,0.1038319083457468,0.0008337000259586,0.0906468401145845,-0.0082610015212842,0.0640024371755261,-0.0041476706794214,0.002705235009399,0.0973492316600268,0.0316971578983464,0.0226999088932129,2019-02-13,2019-02-14,2019-02-15,2019-02-19,2019-02-20,2019-02-21,2019-02-22,2019-02-25,2019-02-26,2019-02-27,56223.0,2019-02-12,252.0,1.0829%,-0.0005,0.7897,0.606,0.1452,1.7426%,1.9500%,20.1440%,-2.2000000000000003e-05,LPX,56223.0,2019-02-13,252.0,9.6827%,-0.0002,0.7906,0.6427,0.1746,1.8325%,2.0309%,18.5840%,0.094051,LPX,56223.0,2019-02-14,252.0,0.0000%,-0.0005,0.7862,0.64,0.1853,1.7809%,1.9811%,19.1933%,-0.0007689999999999,LPX,56223.0,2019-02-15,252.0,0.6386%,-0.0004,0.8052,0.6566,0.2156,1.7731%,1.9800%,19.8147%,-0.005087,LPX,56223.0,2019-02-19,252.0,-2.6129%,-0.0004,0.8118,0.6204,0.1742,1.7645%,1.9758%,20.2469%,-0.03031,LPX,56223.0,2019-02-20,252.0,1.4565%,-0.0003,0.8145,0.6247,0.1834,1.7657%,1.9776%,20.2822%,0.010599,LPX,56223.0,2019-02-21,252.0,0.1889%,-0.0002,0.8086,0.614,0.1725,1.7643%,1.9734%,20.0720%,0.005662,LPX,56223.0,2019-02-22,252.0,-0.1885%,-0.0003,0.8104,0.5944,0.1764,1.7630%,1.9713%,20.0140%,-0.008082,LPX,56223.0,2019-02-25,252.0,-1.2278%,-0.0004,0.8103,0.5999,0.1788,1.7644%,1.9727%,20.0020%,-0.011731,LPX,56223.0,2019-02-26,252.0,-1.3841%,-0.0005,0.8002,0.6205,0.1818,1.7608%,1.9660%,19.7827%,-0.008215,LPX,56223.0,2019-02-27,252.0,0.1559%,-0.0004,0.8029,0.6159,0.1822,1.7604%,1.9660%,19.8220%,-0.000222,LPX,0.094029,0.09326,0.088173,0.068462,0.0458739999999999
10627,LATTICE SEMICONDUCTOR CORP,Lattice Semi Sees Q1 Sales $94M-$98M vs $93.7M Estimate,6,increase,0.8,0.6,"the forecasted sales range exceeds the analyst estimate, which is likely to be viewed positively by investors, potentially driving the stock price up.",2,2019-02-12,LSCC,2019-02-12 21:01:00+00:00,75854.0,51841510,0.0289308801293373,1606170.0,0.2958435118198395,0.0,0.0849056243896484,0.0063290777616202,-0.0365217439830303,-0.0075376811437308,0.0135378716513514,0.0127226337790489,0.0463045835494995,0.0064020729623734,0.0076595875434577,0.0077419281005859,0.0422297306358814,-0.0064102807082235,0.0,0.0,-0.0194489285349845,0.0344827882945537,0.0,-0.0039630397222936,-0.0247934032231569,-0.0269922912120819,0.0550847128033638,0.0345744974911212,0.016064241528511,0.0315500721335411,0.0031620524823665,0.0110956896096468,-0.006304170936346,-0.0309139806777238,-0.0007929639541544,0.0205761454999446,-0.00396826909855,0.0096953148022294,0.0358565561473369,-0.0041379597969353,-0.0223076902329921,-0.0215924233198165,0.022816676646471,0.0013513178564608,-0.0161538496613502,0.019283726811409,0.0093823205679655,-0.0054794466122984,-0.0271107219159603,0.0413694642484188,0.0230891685932874,0.0071839354932308,-0.0155642610043287,0.0160584133118391,0.0031620524823665,0.0058737094514071,-0.0362490192055702,-0.0215517375618219,0.0,0.0057803411036729,-0.0016352825332432,0.016152735799551,-0.0237510204315185,0.0,-0.015100697055459,-0.0043859956786036,0.0161840319633483,0.0588235482573509,0.0150879584252834,-0.0046224552206695,-0.0090833744034171,-0.0030722669325768,0.0516666583716869,-0.0166162624955177,0.0047543914988636,-0.0515759512782096,0.0141955325379967,0.0115941921249032,-0.006220833864063,-0.0114613072946667,0.0,0.0527903325855732,0.0336463451385498,-0.0089686010032892,-0.0204390957951545,0.0229357946664094,0.0200927536934614,0.0030674817971885,-0.0272727012634277,-0.0254110731184482,0.0163551438599824,-0.0429184138774871,-0.0337165147066116,0.0737326443195343,0.0039651221595704,0.0061824480071663,0.0236966982483863,0.1040955036878586,0.0138889122754335,0.0086058853194117,0.0182648226618766,-0.0085324551910161,-0.0455904081463813,0.0298769902437925,0.0007830285467207,0.0,-0.007042265497148,0.0252251997590065,0.020488591864705,-0.0142095778137445,0.0416988395154476,0.0071556279435753,0.0296516362577676,0.0126811908558011,0.0647947862744331,-0.0482758954167366,-0.0006761479889973,-0.0235690008848905,-0.0317996852099895,0.0171232707798481,-0.0279525201767683,0.0138888750225305,-0.017972681671381,0.0212766602635383,0.2958435118198395,0.0,0.4058679143021777,0.0063290777616202,0.3545231662620767,-0.0012563099522115,0.43643026201165,0.0179257191315347,0.4792175940168666,0.0501981003493869,0.4572126643023919,0.1674008586412392,0.6699265589269041,0.4095744671972696,2019-02-13,2019-02-14,2019-02-15,2019-02-19,2019-02-20,2019-02-21,2019-02-22,2019-02-25,2019-02-26,2019-02-27,75854.0,2019-02-12,252.0,2.8931%,0.0011,0.9685,-0.0282,-0.4876,2.2653%,2.5560%,21.4540%,0.014764,LSCC,75854.0,2019-02-13,252.0,29.5844%,0.0023,1.009,0.0217,-0.4078,2.9184%,3.1543%,14.3977%,0.29339,LSCC,75854.0,2019-02-14,252.0,8.4906%,0.0027,0.9912,0.0672,-0.4602,2.9600%,3.1941%,14.1217%,0.084447,LSCC,75854.0,2019-02-15,252.0,-3.6522%,0.0029,1.037,0.1031,-0.3927,2.9160%,3.1628%,14.9973%,-0.0457819999999999,LSCC,75854.0,2019-02-19,252.0,1.3538%,0.003,1.0439,0.1018,-0.3947,2.9149%,3.1635%,15.0989%,0.0123469999999999,LSCC,75854.0,2019-02-20,252.0,4.6305%,0.0031,1.0554,0.1245,-0.3548,2.9272%,3.1748%,14.9880%,0.0461679999999999,LSCC,75854.0,2019-02-21,252.0,0.7660%,0.0031,1.0586,0.1328,-0.3489,2.9263%,3.1746%,15.0286%,0.010736,LSCC,75854.0,2019-02-22,252.0,4.2230%,0.0031,1.0561,0.1054,-0.4043,2.9268%,3.1815%,15.3715%,0.02939,LSCC,75854.0,2019-02-25,252.0,0.0000%,0.003,1.0574,0.1092,-0.3975,2.9261%,3.1806%,15.3614%,-0.0021379999999999,LSCC,75854.0,2019-02-26,252.0,-1.9449%,0.0029,1.0559,0.1406,-0.3827,2.9286%,3.1797%,15.1708%,-0.01847,LSCC,75854.0,2019-02-27,252.0,0.0000%,0.0029,1.0554,0.14,-0.3828,2.9287%,3.1788%,15.1190%,-0.001777,LSCC,0.308154,0.392601,0.346819,0.4053339999999999,0.423075
10635,LATTICE SEMICONDUCTOR CORP,"Lattice Semiconductor Q4 EPS $0.07 Misses $0.08 Estimate, Sales $95.977M Beat $95.1M Estimate",6,uncertain,0.6,0.3,"while the sales beat expectations, the earnings per share (eps) miss could lead to mixed reactions from investors, making the overall impact on the stock price uncertain.",1,2019-02-12,LSCC,2019-02-12 21:00:00+00:00,75854.0,51841510,0.0289308801293373,1606170.0,0.2958435118198395,0.0,0.0849056243896484,0.0063290777616202,-0.0365217439830303,-0.0075376811437308,0.0135378716513514,0.0127226337790489,0.0463045835494995,0.0064020729623734,0.0076595875434577,0.0077419281005859,0.0422297306358814,-0.0064102807082235,0.0,0.0,-0.0194489285349845,0.0344827882945537,0.0,-0.0039630397222936,-0.0247934032231569,-0.0269922912120819,0.0550847128033638,0.0345744974911212,0.016064241528511,0.0315500721335411,0.0031620524823665,0.0110956896096468,-0.006304170936346,-0.0309139806777238,-0.0007929639541544,0.0205761454999446,-0.00396826909855,0.0096953148022294,0.0358565561473369,-0.0041379597969353,-0.0223076902329921,-0.0215924233198165,0.022816676646471,0.0013513178564608,-0.0161538496613502,0.019283726811409,0.0093823205679655,-0.0054794466122984,-0.0271107219159603,0.0413694642484188,0.0230891685932874,0.0071839354932308,-0.0155642610043287,0.0160584133118391,0.0031620524823665,0.0058737094514071,-0.0362490192055702,-0.0215517375618219,0.0,0.0057803411036729,-0.0016352825332432,0.016152735799551,-0.0237510204315185,0.0,-0.015100697055459,-0.0043859956786036,0.0161840319633483,0.0588235482573509,0.0150879584252834,-0.0046224552206695,-0.0090833744034171,-0.0030722669325768,0.0516666583716869,-0.0166162624955177,0.0047543914988636,-0.0515759512782096,0.0141955325379967,0.0115941921249032,-0.006220833864063,-0.0114613072946667,0.0,0.0527903325855732,0.0336463451385498,-0.0089686010032892,-0.0204390957951545,0.0229357946664094,0.0200927536934614,0.0030674817971885,-0.0272727012634277,-0.0254110731184482,0.0163551438599824,-0.0429184138774871,-0.0337165147066116,0.0737326443195343,0.0039651221595704,0.0061824480071663,0.0236966982483863,0.1040955036878586,0.0138889122754335,0.0086058853194117,0.0182648226618766,-0.0085324551910161,-0.0455904081463813,0.0298769902437925,0.0007830285467207,0.0,-0.007042265497148,0.0252251997590065,0.020488591864705,-0.0142095778137445,0.0416988395154476,0.0071556279435753,0.0296516362577676,0.0126811908558011,0.0647947862744331,-0.0482758954167366,-0.0006761479889973,-0.0235690008848905,-0.0317996852099895,0.0171232707798481,-0.0279525201767683,0.0138888750225305,-0.017972681671381,0.0212766602635383,0.2958435118198395,0.0,0.4058679143021777,0.0063290777616202,0.3545231662620767,-0.0012563099522115,0.43643026201165,0.0179257191315347,0.4792175940168666,0.0501981003493869,0.4572126643023919,0.1674008586412392,0.6699265589269041,0.4095744671972696,2019-02-13,2019-02-14,2019-02-15,2019-02-19,2019-02-20,2019-02-21,2019-02-22,2019-02-25,2019-02-26,2019-02-27,75854.0,2019-02-12,252.0,2.8931%,0.0011,0.9685,-0.0282,-0.4876,2.2653%,2.5560%,21.4540%,0.014764,LSCC,75854.0,2019-02-13,252.0,29.5844%,0.0023,1.009,0.0217,-0.4078,2.9184%,3.1543%,14.3977%,0.29339,LSCC,75854.0,2019-02-14,252.0,8.4906%,0.0027,0.9912,0.0672,-0.4602,2.9600%,3.1941%,14.1217%,0.084447,LSCC,75854.0,2019-02-15,252.0,-3.6522%,0.0029,1.037,0.1031,-0.3927,2.9160%,3.1628%,14.9973%,-0.0457819999999999,LSCC,75854.0,2019-02-19,252.0,1.3538%,0.003,1.0439,0.1018,-0.3947,2.9149%,3.1635%,15.0989%,0.0123469999999999,LSCC,75854.0,2019-02-20,252.0,4.6305%,0.0031,1.0554,0.1245,-0.3548,2.9272%,3.1748%,14.9880%,0.0461679999999999,LSCC,75854.0,2019-02-21,252.0,0.7660%,0.0031,1.0586,0.1328,-0.3489,2.9263%,3.1746%,15.0286%,0.010736,LSCC,75854.0,2019-02-22,252.0,4.2230%,0.0031,1.0561,0.1054,-0.4043,2.9268%,3.1815%,15.3715%,0.02939,LSCC,75854.0,2019-02-25,252.0,0.0000%,0.003,1.0574,0.1092,-0.3975,2.9261%,3.1806%,15.3614%,-0.0021379999999999,LSCC,75854.0,2019-02-26,252.0,-1.9449%,0.0029,1.0559,0.1406,-0.3827,2.9286%,3.1797%,15.1708%,-0.01847,LSCC,75854.0,2019-02-27,252.0,0.0000%,0.0029,1.0554,0.14,-0.3828,2.9287%,3.1788%,15.1190%,-0.001777,LSCC,0.308154,0.392601,0.346819,0.4053339999999999,0.423075
10643,MACYS INC,Hearing Cleveland Research Out Cautious On Macys; Unconfirmed,6,decrease,0.7,0.6,"cleveland research's cautious stance on macy's suggests potential concerns about the company's performance, which could negatively impact investor sentiment and lead to a decrease in stock price.",0,2019-02-12,M,2019-02-12 14:43:00+00:00,77462.0,55616P10,-0.0087964534759521,12867867.0,0.0181524343788623,-0.0051710088737308,-0.0039619803428649,-0.0202650222927331,-0.0103420941159129,0.0114307841286063,0.0180868487805128,-0.0227272063493728,-0.0122384317219257,0.0034788651391863,-0.0227817613631486,0.005441169720143,-0.0159509722143411,-0.0216729920357465,0.0124688753858208,0.0225505419075489,0.0147782713174819,0.0,0.0242718607187271,0.0,-0.0209320224821567,0.0082320300862193,-0.0121016995981335,0.0407996736466884,-0.0053082550875842,-0.0076923291198909,0.0004105184052605,-0.0080320825800299,-0.0135412355884909,-0.0345095470547676,-0.0307820979505777,0.0420202389359474,-0.0090128369629383,0.0110294306650757,0.020788200199604,-0.0200160127133131,0.0106067033484578,-0.0039872559718787,0.0083963377401232,-0.0133753009140491,-0.0005204537301324,-0.0264266766607761,0.0033855237998068,-0.1768599897623062,0.0075917467474937,0.0288679655641317,0.0025115686003118,0.0307589471340179,-0.0133612351492047,0.0180395059287548,0.0169276986271143,-0.0127688534557819,-0.0299625974148511,-0.0325097516179084,0.0235950723290443,0.0329079739749431,0.0029337676241993,-0.0079946620389819,0.0167154036462307,-0.000665794184897,-0.0057541877031326,-0.0029869978316128,-0.0066142971627414,0.0703374594449997,0.0183103866875171,-0.0017730902181938,0.0081733046099543,-0.0315934084355831,-0.0024320820812135,-0.0424202233552932,0.0560747310519218,-0.020611897110939,-0.0192381683737039,0.0254292786121368,0.0066692852415144,-0.01078078802675,-0.0229929909110069,-0.0061687869019806,-0.0123653560876846,-0.0323557406663894,-0.0177706200629472,0.0119347069412469,-0.0016446961089968,-0.0015678657218813,0.0127676874399185,0.0063111027702689,0.0024399945978075,-0.0210070572793483,0.0125760436058044,-0.0015422344440594,0.0048077260144054,-0.0561863295733928,-0.029904305934906,0.0037988675758242,0.0131524745374918,0.0142264235764741,0.0162271652370691,-0.0197558552026748,-0.0367265492677688,0.0156387966126203,0.0053875287994742,0.0408476032316684,-0.0070074228569865,0.0171822272241115,-0.0228310190141201,-0.0177969262003898,-0.0072217532433569,0.0200312789529562,0.0025673711206763,-0.0341596417129039,-0.0081092845648527,-0.0066065290011465,-0.001721127773635,0.0319181531667709,-0.0176724065095186,-0.0285972524434328,-0.0030715928878635,-0.0718077570199966,-0.0008802179363556,-0.0340080522000789,0.0181524343788623,-0.0051710088737308,0.0141185344478131,-0.025331240556362,0.0036304251198622,-0.0141900123702652,0.009277916143253,-0.0332431623347433,0.0213795394189084,-0.0276049422279661,-0.0028768943344974,-0.167443426934286,-0.0696796002395083,-0.3166926947293008,2019-02-13,2019-02-14,2019-02-15,2019-02-19,2019-02-20,2019-02-21,2019-02-22,2019-02-25,2019-02-26,2019-02-27,77462.0,2019-02-12,252.0,-0.8796%,0.0006,1.003,1.0641,0.7856,2.5760%,2.7924%,14.8989%,-0.021541,M,77462.0,2019-02-13,252.0,1.8152%,0.0007,1.0075,1.0618,0.7885,2.5771%,2.7945%,14.9546%,0.0140559999999999,M,77462.0,2019-02-14,252.0,-0.3962%,0.0006,1.0067,1.0589,0.7945,2.5721%,2.7892%,14.9593%,-0.002894,M,77462.0,2019-02-15,252.0,-1.0342%,0.0004,0.9808,1.0325,0.7484,2.5778%,2.7836%,14.2362%,-0.0282779999999999,M,77462.0,2019-02-19,252.0,1.8087%,0.0004,0.9748,1.0504,0.7689,2.5735%,2.7786%,14.2235%,0.010884,M,77462.0,2019-02-20,252.0,-1.2238%,0.0003,0.9702,1.046,0.7541,2.5755%,2.7793%,14.1289%,-0.02073,M,77462.0,2019-02-21,252.0,-2.2782%,0.0003,0.9698,1.0414,0.7535,2.5767%,2.7792%,14.0433%,-0.016826,M,77462.0,2019-02-22,252.0,-1.5951%,0.0003,0.9719,1.0491,0.7853,2.5784%,2.7811%,14.0452%,-0.017006,M,77462.0,2019-02-25,252.0,1.2469%,0.0003,0.9747,1.0446,0.7935,2.5753%,2.7785%,14.0970%,0.015052,M,77462.0,2019-02-26,252.0,1.4778%,0.0003,0.9625,1.0213,0.7725,2.5791%,2.7767%,13.7277%,0.025542,M,77462.0,2019-02-27,252.0,2.4272%,0.0003,0.9536,1.0436,0.7711,2.5793%,2.7759%,13.6599%,0.022292,M,-0.007485,-0.010379,-0.038657,-0.048503,-0.019449
10651,MACROGENICS INC,MacroGenics Reports Common Stock Offering; Size Not Disclosed,6,uncertain,0.6,0.3,"the announcement of a common stock offering can lead to uncertainty as it may dilute existing shares, but the market's reaction will depend on the perceived purpose and timing of the offering.",1,2019-02-12,MGNX,2019-02-12 21:02:00+00:00,14257.0,55609910,-0.0177819859236478,1177336.0,0.0142925744876265,-0.0476826950907707,-0.0079849725589156,-0.018801936879754,0.0340908765792846,-0.1066406071186066,0.0141941150650382,1.304230570793152,0.0036117348354309,-0.021145436912775,-0.0157445073127746,-0.0069991182535886,-0.0306215770542621,-0.0255753826349973,0.0245167594403028,0.0262466520071029,-0.0409571751952171,-0.00953203253448,0.0139154996722936,0.0167400501668453,-0.0534784272313118,-0.0299144815653562,0.0234999656677246,0.0227272938936948,-0.0107474019750952,0.003508768742904,-0.0079012271016836,-0.0112749449908733,-0.0428073965013027,-0.0633631721138954,-0.0083203250542283,-0.0183412712067365,0.0136339925229549,-0.0226032715290784,0.022245230153203,-0.051736868917942,-0.006072917021811,0.0014803481753915,0.0274949558079242,-0.0552447512745857,-0.0460852459073066,0.031746070832014,-0.0062338099814951,0.0021691781003028,-0.0026136559899896,-0.0308339539915323,-0.0099580995738506,0.0156583823263645,0.0185283422470092,0.0563909783959388,0.030145525932312,0.0555555373430252,-0.0423814430832862,-0.0047392942942678,0.0337197743356227,-0.003149603260681,0.0163098722696304,0.0071372049860656,-0.0646941289305687,0.0015885229222476,-0.0611259751021862,0.0072000119835138,0.0268417652696371,0.0638297870755195,0.0305896084755659,-0.0033927024342119,0.0140313124284148,-0.0552884303033351,0.0133049488067627,-0.0234741941094398,0.0099789192900061,-0.0281368736177682,0.0249609760940074,-0.0186567176133394,-0.0172500386834144,-0.021183343604207,-0.0387196689844131,-0.0724932700395584,-0.0150376297533512,0.0307262949645519,-0.0321701280772686,0.0084506962448358,-0.0191549379378557,0.0573342889547348,0.0045950561761856,-0.1815965622663498,-0.0348771065473556,-0.011445814743638,-0.0313980318605899,0.0593490935862064,-0.0085627706721425,-0.0793184712529182,0.0061690551228821,-0.0110400142148137,0.0306560397148132,0.0274626314640045,-0.0184413734823465,-0.0423098802566528,0.0090908855199813,0.0710348933935165,0.0138137862086296,-0.0455874130129814,0.0219194814562797,-0.0058104870840907,-0.0278260596096515,0.0,0.0005963165313005,0.0299222040921449,0.0333730317652225,-0.0100710950791835,0.0322952382266521,-0.0359795019030571,0.0273742899298667,0.0017162864096462,-0.0299075171351432,0.0523780174553394,-0.0162556562572717,-0.0118976123631,-0.0068375463597476,0.0114319268614053,0.0142925744876265,-0.0476826950907707,0.006193476113631,-0.0655881049471716,0.0404954937227022,-0.1652343567344528,0.0590757417027492,0.8828194250393404,0.0066698140520315,0.8828194268064287,-0.1114816675541103,0.697378949317802,-0.1696045494970063,0.2858002339298378,2019-02-13,2019-02-14,2019-02-15,2019-02-19,2019-02-20,2019-02-21,2019-02-22,2019-02-25,2019-02-26,2019-02-27,14257.0,2019-02-12,252.0,-1.7782%,0.0017,1.354,1.2811,0.0336,8.8241%,8.9703%,3.2321%,-0.036758,MGNX,14257.0,2019-02-13,252.0,1.4293%,0.0018,1.3606,1.2733,0.0342,8.8240%,8.9706%,3.2427%,0.009609,MGNX,14257.0,2019-02-14,252.0,-0.7985%,0.0016,1.3621,1.2651,0.0458,8.8230%,8.9690%,3.2277%,-0.011651,MGNX,14257.0,2019-02-15,252.0,3.4091%,0.0017,1.3778,1.2807,0.0732,8.8233%,8.9707%,3.2592%,0.015216,MGNX,14257.0,2019-02-19,252.0,1.4194%,0.0019,1.3882,1.2713,0.0618,8.8214%,8.9705%,3.2960%,0.0075429999999999,MGNX,14257.0,2019-02-20,252.0,0.3612%,0.0019,1.3886,1.2799,0.0655,8.8208%,8.9701%,3.3025%,-0.002263,MGNX,14257.0,2019-02-21,252.0,-1.5745%,0.0019,1.3939,1.2881,0.0752,8.8210%,8.9708%,3.3121%,-0.00966,MGNX,14257.0,2019-02-22,252.0,-3.0622%,0.0018,1.4,1.2983,0.1575,8.8254%,8.9729%,3.2601%,-0.045761,MGNX,14257.0,2019-02-25,252.0,2.4517%,0.0019,1.3995,1.2859,0.1494,8.8267%,8.9740%,3.2549%,0.025976,MGNX,14257.0,2019-02-26,252.0,-4.0957%,0.0017,1.4043,1.3257,0.1732,8.8290%,8.9773%,3.2772%,-0.030095,MGNX,14257.0,2019-02-27,252.0,1.3915%,0.0016,1.388,1.3572,0.1705,8.8260%,8.9729%,3.2490%,0.010241,MGNX,-0.027149,-0.0388,-0.023584,-0.018304,-0.067603
10659,MASTECH DIGITAL INC,"CORRECTION: Mastech Holdings Q4 EPS $0.16, Flat On A Year-Over Year Basis; Initial headline incorrectly suggested the last-year earnings were $0.32; however, a 2-for-1 stock split adjusted the last year figure to $0.16",6,uncertain,0.6,0.2,"the correction clarifies that earnings are flat year-over-year, which may not significantly impact investor sentiment, leading to uncertainty in stock price movement.",1,2019-02-12,MHH,2019-02-12 16:45:00+00:00,92797.0,57633B10,-0.0590659752488136,25659.0,-0.008569355122745,0.013927630148828,0.0342055708169937,0.0041957669891417,-0.0247166976332664,-0.008459280245006,-0.0131386388093233,-0.0215739384293556,-0.0059172245673835,0.0207756366580724,0.004464317113161,-0.0334672033786773,0.0014815153554081,-0.0361290611326694,-0.0014793237205594,0.0064935316331684,-0.0014815153554081,-0.0362953655421733,0.005934783257544,-0.0037407337222248,-0.0044248094782233,0.0025627426803112,0.0066370079293847,-0.002630790695548,-0.011008420959115,0.0513304658234119,0.0327381342649459,0.0640167519450187,-0.0230547320097684,0.0027972001116722,-0.0073746591806411,0.0437956489622592,0.002971765352413,0.0088365161791443,-0.0029629601631313,0.0241327062249183,-0.0014859180664643,0.0231481622904539,0.004464317113161,-0.0121951103210449,0.0162963159382343,0.0049943202175199,-0.0160350054502487,0.0231034327298402,1.483493360865396e-05,-0.0199692957103252,-0.0355698280036449,0.0077399676665663,0.0,-0.0167427901178598,-0.0476191118359565,0.0076687410473823,-0.0370967797935009,0.0124223483726382,0.0268007256090641,0.0222222004085779,0.0277324747294187,0.0080000301823019,0.0,-0.0203761924058198,-0.0079365381971001,0.0208000186830759,-0.0139679722487926,0.0,-0.0539861172437667,-0.0126382187008857,0.0120068909600377,0.0047618621028959,0.0406779274344444,0.0,-0.0728501603007316,-0.0125391725450754,0.0539814308285713,0.0208000186830759,-0.008333365432918,-0.0079365381971001,0.0,0.0,0.0142857208847999,-0.0140844564884901,-0.0178955756127834,0.0079023092985153,0.0073561803437769,0.0063333055004477,0.0333969704806804,-0.0094339530915021,0.0129659520462155,0.0341463461518287,-0.0176000222563743,-0.0667678341269493,-0.0228012818843126,0.0169753283262252,0.0,0.0570962317287921,-0.0066666603088378,-0.0254371780902147,0.0016778106801211,-0.0015873378142714,0.0159129425883293,-0.0217391103506088,0.0057707908563315,0.0238473918288946,-0.0163934268057346,0.0211039148271083,0.0,0.0081832595169544,-0.1127166748046875,-0.0208332762122154,0.0312376394867897,-0.0016000366304069,-0.0131146730855107,0.0080645475536584,-0.051310509443283,-0.0189873985946178,-0.0175096653401851,0.0015848223119974,0.0138613255694508,0.0,-0.0136718153953552,-0.0201863534748554,-0.008569355122745,0.013927630148828,0.0253430960107416,0.0181818342287851,7.362868092997131e-10,0.0095687487526694,-0.0189781183780488,0.0083103070952712,-0.0102189329681809,-0.0922693546446727,-0.0802919334722787,0.1410658408488603,-0.262773689250831,0.1304348041659839,2019-02-13,2019-02-14,2019-02-15,2019-02-19,2019-02-20,2019-02-21,2019-02-22,2019-02-25,2019-02-26,2019-02-27,92797.0,2019-02-12,252.0,-5.9066%,0.0019,0.2269,0.1933,0.1695,3.8537%,3.8608%,0.3692%,-0.062217,MHH,92797.0,2019-02-13,252.0,-0.8569%,0.0019,0.2278,0.1872,0.1657,3.8542%,3.8613%,0.3684%,-0.0095389999999999,MHH,92797.0,2019-02-14,252.0,3.4206%,0.002,0.2207,0.2053,0.1448,3.8592%,3.8662%,0.3639%,0.034571,MHH,92797.0,2019-02-15,252.0,-2.4717%,0.0016,0.1506,0.139,0.0266,3.8446%,3.8484%,0.1992%,-0.028519,MHH,92797.0,2019-02-19,252.0,-1.3139%,0.0016,0.1483,0.1281,0.0145,3.8458%,3.8495%,0.1951%,-0.014008,MHH,92797.0,2019-02-20,252.0,-0.5917%,0.0015,0.1441,0.1093,-0.0032,3.8438%,3.8474%,0.1878%,-0.006661,MHH,92797.0,2019-02-21,252.0,0.4464%,0.0013,0.1564,0.1351,0.0193,3.8370%,3.8411%,0.2147%,0.004966,MHH,92797.0,2019-02-22,252.0,0.1482%,0.0012,0.1583,0.0896,0.001,3.8311%,3.8352%,0.2112%,-9.4e-05,MHH,92797.0,2019-02-25,252.0,-0.1479%,0.0012,0.1587,0.0914,0.0034,3.8311%,3.8352%,0.2113%,-0.001582,MHH,92797.0,2019-02-26,252.0,-0.1482%,0.0011,0.1479,0.1044,0.002,3.8293%,3.8330%,0.1919%,-0.000731,MHH,92797.0,2019-02-27,252.0,0.5935%,0.0012,0.1572,0.0894,0.0035,3.8272%,3.8311%,0.2057%,0.005506,MHH,-0.071756,-0.037185,-0.065704,-0.086373,-0.078308
10667,MASTECH DIGITAL INC,"Mastech Holdings Q4 EPS $0.16, Flat On A Year-Over Year Basis, Sales $44.645M Up From $40.468M YoY",6,uncertain,0.6,0.2,"while sales increased year-over-year, the flat eps suggests mixed performance, leading to uncertainty in stock price movement.",1,2019-02-12,MHH,2019-02-12 12:20:00+00:00,92797.0,57633B10,-0.0590659752488136,25659.0,-0.008569355122745,0.013927630148828,0.0342055708169937,0.0041957669891417,-0.0247166976332664,-0.008459280245006,-0.0131386388093233,-0.0215739384293556,-0.0059172245673835,0.0207756366580724,0.004464317113161,-0.0334672033786773,0.0014815153554081,-0.0361290611326694,-0.0014793237205594,0.0064935316331684,-0.0014815153554081,-0.0362953655421733,0.005934783257544,-0.0037407337222248,-0.0044248094782233,0.0025627426803112,0.0066370079293847,-0.002630790695548,-0.011008420959115,0.0513304658234119,0.0327381342649459,0.0640167519450187,-0.0230547320097684,0.0027972001116722,-0.0073746591806411,0.0437956489622592,0.002971765352413,0.0088365161791443,-0.0029629601631313,0.0241327062249183,-0.0014859180664643,0.0231481622904539,0.004464317113161,-0.0121951103210449,0.0162963159382343,0.0049943202175199,-0.0160350054502487,0.0231034327298402,1.483493360865396e-05,-0.0199692957103252,-0.0355698280036449,0.0077399676665663,0.0,-0.0167427901178598,-0.0476191118359565,0.0076687410473823,-0.0370967797935009,0.0124223483726382,0.0268007256090641,0.0222222004085779,0.0277324747294187,0.0080000301823019,0.0,-0.0203761924058198,-0.0079365381971001,0.0208000186830759,-0.0139679722487926,0.0,-0.0539861172437667,-0.0126382187008857,0.0120068909600377,0.0047618621028959,0.0406779274344444,0.0,-0.0728501603007316,-0.0125391725450754,0.0539814308285713,0.0208000186830759,-0.008333365432918,-0.0079365381971001,0.0,0.0,0.0142857208847999,-0.0140844564884901,-0.0178955756127834,0.0079023092985153,0.0073561803437769,0.0063333055004477,0.0333969704806804,-0.0094339530915021,0.0129659520462155,0.0341463461518287,-0.0176000222563743,-0.0667678341269493,-0.0228012818843126,0.0169753283262252,0.0,0.0570962317287921,-0.0066666603088378,-0.0254371780902147,0.0016778106801211,-0.0015873378142714,0.0159129425883293,-0.0217391103506088,0.0057707908563315,0.0238473918288946,-0.0163934268057346,0.0211039148271083,0.0,0.0081832595169544,-0.1127166748046875,-0.0208332762122154,0.0312376394867897,-0.0016000366304069,-0.0131146730855107,0.0080645475536584,-0.051310509443283,-0.0189873985946178,-0.0175096653401851,0.0015848223119974,0.0138613255694508,0.0,-0.0136718153953552,-0.0201863534748554,-0.008569355122745,0.013927630148828,0.0253430960107416,0.0181818342287851,7.362868092997131e-10,0.0095687487526694,-0.0189781183780488,0.0083103070952712,-0.0102189329681809,-0.0922693546446727,-0.0802919334722787,0.1410658408488603,-0.262773689250831,0.1304348041659839,2019-02-13,2019-02-14,2019-02-15,2019-02-19,2019-02-20,2019-02-21,2019-02-22,2019-02-25,2019-02-26,2019-02-27,92797.0,2019-02-12,252.0,-5.9066%,0.0019,0.2269,0.1933,0.1695,3.8537%,3.8608%,0.3692%,-0.062217,MHH,92797.0,2019-02-13,252.0,-0.8569%,0.0019,0.2278,0.1872,0.1657,3.8542%,3.8613%,0.3684%,-0.0095389999999999,MHH,92797.0,2019-02-14,252.0,3.4206%,0.002,0.2207,0.2053,0.1448,3.8592%,3.8662%,0.3639%,0.034571,MHH,92797.0,2019-02-15,252.0,-2.4717%,0.0016,0.1506,0.139,0.0266,3.8446%,3.8484%,0.1992%,-0.028519,MHH,92797.0,2019-02-19,252.0,-1.3139%,0.0016,0.1483,0.1281,0.0145,3.8458%,3.8495%,0.1951%,-0.014008,MHH,92797.0,2019-02-20,252.0,-0.5917%,0.0015,0.1441,0.1093,-0.0032,3.8438%,3.8474%,0.1878%,-0.006661,MHH,92797.0,2019-02-21,252.0,0.4464%,0.0013,0.1564,0.1351,0.0193,3.8370%,3.8411%,0.2147%,0.004966,MHH,92797.0,2019-02-22,252.0,0.1482%,0.0012,0.1583,0.0896,0.001,3.8311%,3.8352%,0.2112%,-9.4e-05,MHH,92797.0,2019-02-25,252.0,-0.1479%,0.0012,0.1587,0.0914,0.0034,3.8311%,3.8352%,0.2113%,-0.001582,MHH,92797.0,2019-02-26,252.0,-0.1482%,0.0011,0.1479,0.1044,0.002,3.8293%,3.8330%,0.1919%,-0.000731,MHH,92797.0,2019-02-27,252.0,0.5935%,0.0012,0.1572,0.0894,0.0035,3.8272%,3.8311%,0.2057%,0.005506,MHH,-0.071756,-0.037185,-0.065704,-0.086373,-0.078308
10675,MARTIN MARIETTA MATERIALS INC,Martin Marietta Materials Sees FY19 Sales $4.48B-$4.68B vs $4.42B Est.,6,increase,0.75,0.6,"the company's projected sales for fy19 exceed analyst estimates, which is likely to positively influence investor sentiment and drive the stock price up.",2,2019-02-12,MLM,2019-02-12 12:01:00+00:00,80204.0,57328410,-0.0076886280439794,1976299.0,-0.0224317256361246,0.0089509012177586,0.0391863845288753,0.0114122787490487,0.0137073546648025,0.000878574384842,-0.0055245873518288,-0.0309190433472394,0.0172478165477514,0.0104861091822385,-0.0098299235105514,0.0116969104856252,-0.0019960335921496,0.0403554737567901,-0.0073157860897481,-0.0103624379262328,0.0132018737494945,-0.0097071221098303,-0.0064364778809249,0.0036744442768394,-0.0109021551907062,0.022310746833682,0.0273695606738328,-0.001931358478032,0.0136131923645734,0.006690673995763,-0.0054849665611982,-0.0297936648130416,0.0082985451444983,-0.0012744263513013,0.0068500749766826,0.0182813610881567,-0.0026909729931503,0.0145400036126375,0.0111999809741973,-0.0096938293427228,-0.0131904054433107,-0.0156800001859664,-0.0271924994885921,0.0068543241359293,0.0053492989391088,-0.0085779158398509,0.0093896873295307,0.0011710431426763,0.0075452541932463,0.0047064749523997,0.0144132003188133,-0.0038511047605425,-0.0101633705198764,0.0157605241984129,0.0149673474952578,0.0344848111271858,-0.0331169255077838,-0.0025155488401651,0.0224870759993791,-0.0054110242053866,0.0015782356495037,0.022001527249813,-0.0015248706331476,-0.0132605442777276,0.007483207155019,0.0034146986436098,0.0165226068347692,0.0369986742734909,0.0140173351392149,-0.0090749599039554,0.0070097679272294,-0.0158380698412656,-0.013483858667314,-0.0216125287115573,0.0057238903827965,-0.0300598498433828,0.0098125794902443,0.0077439965680241,0.0,0.0049210381694138,-0.0040812920778989,-0.0042165555059909,-0.0006829904741607,-0.0199363771826028,0.011570056900382,0.0079365279525518,0.0238887928426265,-0.0128902774304151,-0.0024038921110332,-0.0082653742283582,0.0017009242437779,-0.024982588365674,-0.0113201923668384,0.0058362702839076,0.0093507310375571,-0.0480477213859558,0.0027413459029048,0.0194032043218612,-0.0001414036232745,-0.0286570563912391,0.0090514719486236,-0.0073136133141815,-0.0078956605866551,0.0304573848843574,0.009088734164834,0.0034421007148921,-0.0002799960784614,0.0269952248781919,0.0358509607613086,0.0014482877450063,-0.0123478611931204,0.0066414456814527,0.0172476675361394,-0.0028535982128232,-0.0067282677628099,-0.0171456076204776,-0.0028450365643948,0.0013247138122096,-0.0025813688989728,0.0067751631140708,-0.0186160821467638,0.0183072313666343,0.0037013187538832,0.0143266813829541,-0.0224317256361246,0.0089509012177586,0.0158756406663274,0.0204653301465596,0.0298006083682742,0.0213618848462457,0.0417750702444994,0.0001613182699675,0.0287711189192614,0.0354638152238888,0.0670239018150884,0.0912985594083217,0.1783759198263859,0.0274310025054658,2019-02-13,2019-02-14,2019-02-15,2019-02-19,2019-02-20,2019-02-21,2019-02-22,2019-02-25,2019-02-26,2019-02-27,80204.0,2019-02-12,252.0,-0.7689%,-0.0007,0.7628,0.2313,0.0326,1.5173%,1.7243%,22.5681%,-0.018414,MLM,80204.0,2019-02-13,252.0,-2.2432%,-0.0007,0.7666,0.2151,0.0238,1.5215%,1.7293%,22.5905%,-0.024829,MLM,80204.0,2019-02-14,252.0,3.9186%,-0.0007,0.7555,0.2362,0.0035,1.5347%,1.7390%,22.1110%,0.039716,MLM,80204.0,2019-02-15,252.0,1.3707%,-0.0005,0.7788,0.2577,0.0422,1.5273%,1.7396%,22.9111%,0.004463,MLM,80204.0,2019-02-19,252.0,-0.5525%,-0.0007,0.7698,0.2636,0.0496,1.5207%,1.7278%,22.5423%,-0.0079779999999999,MLM,80204.0,2019-02-20,252.0,1.7248%,-0.0005,0.7769,0.2921,0.078,1.5125%,1.7223%,22.8843%,0.014833,MLM,80204.0,2019-02-21,252.0,-0.9830%,-0.0005,0.777,0.291,0.0783,1.5128%,1.7223%,22.8470%,-0.006672,MLM,80204.0,2019-02-22,252.0,-0.1996%,-0.0005,0.7777,0.299,0.0936,1.5128%,1.7216%,22.7843%,-0.007596,MLM,80204.0,2019-02-25,252.0,-0.7316%,-0.0005,0.7777,0.3025,0.0954,1.5135%,1.7221%,22.7673%,-0.007637,MLM,80204.0,2019-02-26,252.0,1.3202%,-0.0004,0.7819,0.2747,0.0844,1.5150%,1.7242%,22.7887%,0.016597,MLM,80204.0,2019-02-27,252.0,-0.6436%,-0.0004,0.7857,0.2658,0.0851,1.5147%,1.7246%,22.8615%,-0.007661,MLM,-0.043243,-0.003527,0.0009359999999999,0.0077909999999999,-0.005178
10683,MARTIN MARIETTA MATERIALS INC,"Martin Marietta Materials Q4 EPS $1.50 Misses $1.79 Estimate, Sales $1.02B Beat $954.4M Estimate",6,decrease,0.7,0.5,"the earnings per share (eps) miss the estimate, which is likely to negatively impact investor sentiment despite the sales beat.",0,2019-02-12,MLM,2019-02-12 12:00:00+00:00,80204.0,57328410,-0.0076886280439794,1976299.0,-0.0224317256361246,0.0089509012177586,0.0391863845288753,0.0114122787490487,0.0137073546648025,0.000878574384842,-0.0055245873518288,-0.0309190433472394,0.0172478165477514,0.0104861091822385,-0.0098299235105514,0.0116969104856252,-0.0019960335921496,0.0403554737567901,-0.0073157860897481,-0.0103624379262328,0.0132018737494945,-0.0097071221098303,-0.0064364778809249,0.0036744442768394,-0.0109021551907062,0.022310746833682,0.0273695606738328,-0.001931358478032,0.0136131923645734,0.006690673995763,-0.0054849665611982,-0.0297936648130416,0.0082985451444983,-0.0012744263513013,0.0068500749766826,0.0182813610881567,-0.0026909729931503,0.0145400036126375,0.0111999809741973,-0.0096938293427228,-0.0131904054433107,-0.0156800001859664,-0.0271924994885921,0.0068543241359293,0.0053492989391088,-0.0085779158398509,0.0093896873295307,0.0011710431426763,0.0075452541932463,0.0047064749523997,0.0144132003188133,-0.0038511047605425,-0.0101633705198764,0.0157605241984129,0.0149673474952578,0.0344848111271858,-0.0331169255077838,-0.0025155488401651,0.0224870759993791,-0.0054110242053866,0.0015782356495037,0.022001527249813,-0.0015248706331476,-0.0132605442777276,0.007483207155019,0.0034146986436098,0.0165226068347692,0.0369986742734909,0.0140173351392149,-0.0090749599039554,0.0070097679272294,-0.0158380698412656,-0.013483858667314,-0.0216125287115573,0.0057238903827965,-0.0300598498433828,0.0098125794902443,0.0077439965680241,0.0,0.0049210381694138,-0.0040812920778989,-0.0042165555059909,-0.0006829904741607,-0.0199363771826028,0.011570056900382,0.0079365279525518,0.0238887928426265,-0.0128902774304151,-0.0024038921110332,-0.0082653742283582,0.0017009242437779,-0.024982588365674,-0.0113201923668384,0.0058362702839076,0.0093507310375571,-0.0480477213859558,0.0027413459029048,0.0194032043218612,-0.0001414036232745,-0.0286570563912391,0.0090514719486236,-0.0073136133141815,-0.0078956605866551,0.0304573848843574,0.009088734164834,0.0034421007148921,-0.0002799960784614,0.0269952248781919,0.0358509607613086,0.0014482877450063,-0.0123478611931204,0.0066414456814527,0.0172476675361394,-0.0028535982128232,-0.0067282677628099,-0.0171456076204776,-0.0028450365643948,0.0013247138122096,-0.0025813688989728,0.0067751631140708,-0.0186160821467638,0.0183072313666343,0.0037013187538832,0.0143266813829541,-0.0224317256361246,0.0089509012177586,0.0158756406663274,0.0204653301465596,0.0298006083682742,0.0213618848462457,0.0417750702444994,0.0001613182699675,0.0287711189192614,0.0354638152238888,0.0670239018150884,0.0912985594083217,0.1783759198263859,0.0274310025054658,2019-02-13,2019-02-14,2019-02-15,2019-02-19,2019-02-20,2019-02-21,2019-02-22,2019-02-25,2019-02-26,2019-02-27,80204.0,2019-02-12,252.0,-0.7689%,-0.0007,0.7628,0.2313,0.0326,1.5173%,1.7243%,22.5681%,-0.018414,MLM,80204.0,2019-02-13,252.0,-2.2432%,-0.0007,0.7666,0.2151,0.0238,1.5215%,1.7293%,22.5905%,-0.024829,MLM,80204.0,2019-02-14,252.0,3.9186%,-0.0007,0.7555,0.2362,0.0035,1.5347%,1.7390%,22.1110%,0.039716,MLM,80204.0,2019-02-15,252.0,1.3707%,-0.0005,0.7788,0.2577,0.0422,1.5273%,1.7396%,22.9111%,0.004463,MLM,80204.0,2019-02-19,252.0,-0.5525%,-0.0007,0.7698,0.2636,0.0496,1.5207%,1.7278%,22.5423%,-0.0079779999999999,MLM,80204.0,2019-02-20,252.0,1.7248%,-0.0005,0.7769,0.2921,0.078,1.5125%,1.7223%,22.8843%,0.014833,MLM,80204.0,2019-02-21,252.0,-0.9830%,-0.0005,0.777,0.291,0.0783,1.5128%,1.7223%,22.8470%,-0.006672,MLM,80204.0,2019-02-22,252.0,-0.1996%,-0.0005,0.7777,0.299,0.0936,1.5128%,1.7216%,22.7843%,-0.007596,MLM,80204.0,2019-02-25,252.0,-0.7316%,-0.0005,0.7777,0.3025,0.0954,1.5135%,1.7221%,22.7673%,-0.007637,MLM,80204.0,2019-02-26,252.0,1.3202%,-0.0004,0.7819,0.2747,0.0844,1.5150%,1.7242%,22.7887%,0.016597,MLM,80204.0,2019-02-27,252.0,-0.6436%,-0.0004,0.7857,0.2658,0.0851,1.5147%,1.7246%,22.8615%,-0.007661,MLM,-0.043243,-0.003527,0.0009359999999999,0.0077909999999999,-0.005178
10691,MOLINA HEALTHCARE INC,"Molina Healthcare shares are trading lower after the company issued weak FY19 sales guidance and reported Q4 revenue down 5.8% from last year, including premiums down 5.4%.",6,decrease,0.85,0.7,"the issuance of weak sales guidance and a decline in revenue typically signals potential financial struggles, which can lead to a decrease in stock price.",0,2019-02-12,MOH,2019-02-12 20:12:00+00:00,89781.0,60855R10,-0.0561674609780311,2597602.0,0.0588916838169097,0.0013878922909498,-0.0067877722904086,-0.0065312711521983,-0.0054380181245505,-0.0034711868502199,-0.0035465918481349,-0.002092866692692,0.0208364054560661,0.0162071473896503,-0.0079900547862052,-0.0180037450045347,0.0377827361226081,0.0442172139883041,0.0273055136203765,-0.0076119722798466,0.0015796408988535,-0.0044576972723007,-0.0377151481807231,-0.0112392473965883,-0.0406185202300548,0.0059857931919395,0.0280025918036699,0.0121167572215199,-0.0409681983292102,-0.0012698750942945,0.0101710697636008,-0.0052018440328538,-0.0345316603779792,-0.0174503456801176,0.0068752369843423,0.0115215135738253,0.0169557072222232,-0.004192154854536,0.0248962882906198,0.0063651883974671,0.0227456465363502,0.017777781933546,0.0203685164451599,-0.0047233831137418,-0.0115680284798145,0.0025557095650583,-0.0052095265127718,0.018760984763503,0.025968512520194,0.017769455909729,0.0182491987943649,0.0896815061569213,-0.0209435075521469,0.073773443698883,0.0400476306676864,0.0355052128434181,-0.0122057972475886,-0.0619186647236347,-0.015360458754003,-0.0286525711417198,-0.0972057804465293,0.0225232932716608,0.0220412798225879,-0.0069893011823296,0.0384730622172355,-0.002614177763462,0.0272070169448852,0.0634788051247596,0.0193011425435543,-0.0223771855235099,-0.0138907711952924,-0.0362350605428218,0.0166795495897531,-0.0234481580555439,0.0014475180068984,-0.0091247195377945,0.0143171930685639,-0.0136666614562273,0.0008822263916954,-0.0889766290783882,-0.0128144230693578,-0.0775263831019401,-0.0024725315161049,0.0073368134908378,-0.0255439728498458,0.0441988967359066,-0.0857768654823303,0.0192972477525472,0.0200169738382101,0.0028613675385713,-0.0749355927109718,-0.0271774344146251,-0.0443934649229049,-0.0249286107718944,0.0343704670667648,0.0111222965642809,0.004474651068449,-0.0089471042156219,0.0225210003554821,0.0115118129178881,-0.0018555525457486,0.0395905040204525,0.004445485305041,0.044004388153553,0.0339583903551101,-0.0091871712356805,0.0018677735934033,-0.0030272405128926,0.0069914488121867,0.02579827606678,-0.0218313802033662,0.0418083220720291,-0.0003943458141293,0.0197953134775161,0.0119131719693541,-0.0531838163733482,0.0135662369430065,-0.0106972940266132,-0.0227692238986492,-0.0057512279599905,0.0190491639077663,-0.0622783713042736,-0.0083423592150211,0.018433503806591,0.0588916838169097,0.0013878922909498,0.0517041681869532,-0.0051524435621307,0.0459849818586872,-0.0086057453180112,0.0639925707974145,0.0053534439766755,0.0845506020055397,0.0070520186938571,0.0285184429461513,0.197710961582384,-0.0078058214403756,0.0314497885566642,2019-02-13,2019-02-14,2019-02-15,2019-02-19,2019-02-20,2019-02-21,2019-02-22,2019-02-25,2019-02-26,2019-02-27,89781.0,2019-02-12,252.0,-5.6167%,0.0017,0.8995,0.2593,-0.6381,2.1615%,2.4724%,23.5668%,-0.070079,MOH,89781.0,2019-02-13,252.0,5.8892%,0.002,0.9149,0.2556,-0.6255,2.1867%,2.4979%,23.3600%,0.0565639999999999,MOH,89781.0,2019-02-14,252.0,-0.6788%,0.0021,0.9206,0.2507,-0.6251,2.1703%,2.4858%,23.7723%,-0.009923,MOH,89781.0,2019-02-15,252.0,-0.5438%,0.0022,0.9461,0.2719,-0.5859,2.1553%,2.4782%,24.3593%,-0.013567,MOH,89781.0,2019-02-19,252.0,-0.3547%,0.0023,0.9529,0.2564,-0.604,2.1494%,2.4774%,24.7242%,-0.004475,MOH,89781.0,2019-02-20,252.0,2.0836%,0.0024,0.9591,0.2743,-0.5807,2.1521%,2.4793%,24.6548%,0.021684,MOH,89781.0,2019-02-21,252.0,-0.7990%,0.0024,0.9608,0.2759,-0.5775,2.1527%,2.4799%,24.6503%,-0.005685,MOH,89781.0,2019-02-22,252.0,3.7783%,0.0025,0.9576,0.2927,-0.601,2.1551%,2.4883%,24.9844%,0.0214299999999999,MOH,89781.0,2019-02-25,252.0,2.7306%,0.0026,0.9575,0.2813,-0.6071,2.1600%,2.4929%,24.9257%,0.025448,MOH,89781.0,2019-02-26,252.0,0.1580%,0.0025,0.9562,0.2823,-0.6076,2.1599%,2.4908%,24.8029%,0.002809,MOH,89781.0,2019-02-27,252.0,-3.7715%,0.0024,0.9543,0.2733,-0.608,2.1764%,2.5029%,24.3909%,-0.039941,MOH,-0.013515,-0.023438,-0.037005,-0.019796,-0.015735
10699,MONOLITHIC PWR SYS INC,Monolithic Power Sees Q1 Sales $138M-$144M vs $147.5M Estimate,6,decrease,0.8,0.6,"the company's projected sales for q1 are below analyst estimates, which typically leads to a negative reaction in stock prices.",0,2019-02-12,MPWR,2019-02-12 21:34:00+00:00,90455.0,60983910,0.0101783256977796,943697.0,0.0172727182507515,-0.0047223335132002,0.0128090651705861,0.0016020098701119,0.0182352624833583,-0.0284612830728292,-0.0148757770657539,0.0185715779662132,0.0016859384486451,0.0080670686438679,-0.0099524380639195,0.0143585046753287,0.0093872742727398,0.0235461108386516,0.0071763014420866,-0.001577820861712,-0.0064708408899605,0.0024516030680388,-0.012586910277605,-0.0141119416803121,-0.0060771666467189,-0.0187438763678073,0.0154350316151976,0.0308359898626804,0.0023498849477618,0.0598462373018264,0.0043956493027508,-0.0110762435942888,-0.0158279594033956,-0.0303758382797241,-0.0061512384563684,0.0176998227834701,0.001491401460953,0.0100510893389582,0.0238272286951541,-0.0102739902213215,0.001381835900247,0.0182663314044475,0.0072626913897693,-0.0300394278019666,-0.0053356802091002,0.0112386774271726,0.0228344276547431,0.0068055251613259,-0.0012757471995428,0.0332966223359108,0.0042577781714499,0.0170615743845701,-0.0069955163635313,0.0262646023184061,0.0318792834877967,0.0411564409732818,-0.0368250235915184,-0.0591649487614631,-0.0075177424587309,-0.0069677210412919,0.0118309007957577,0.0108695654198527,-0.0345785766839981,0.0106056947261095,-0.005317261442542,0.0005261559272184,0.0089359767735004,0.0694991201162338,0.0357959307730197,-0.034326609224081,-0.0135385058820247,-0.0206669699400663,0.0457959845662117,-0.0007976953638717,-0.0071832663379609,-0.0428401380777359,0.0061220927163958,0.0363076664507389,0.0083668008446693,-0.0410554930567741,0.0015771496109664,-0.0216906983405351,0.0191017985343933,-0.0194096360355615,6.714482151437551e-05,0.0246954783797264,0.0227059312164783,0.0043278955854475,-0.0044009336270391,-0.0137897096574306,0.021310256794095,-0.0295523256063461,0.001873341621831,-0.0102490969002246,-0.0076084383763372,-0.0585615634918212,-0.0036384740378707,0.0201407447457313,0.0088033312931656,0.02071263641119,0.0182934831827879,0.0031009681988507,-0.0113628720864653,0.0434395931661129,-0.0048799905925989,-0.0263841729611158,-0.0050328997895121,0.0212338082492351,0.0097925411537289,0.0060689430683851,-0.0084131574258208,0.0270944330841302,0.0114637585356831,-0.0025698214303702,-0.0717167034745216,-0.0563248395919799,-0.0259363632649183,0.0069319014437496,-0.019757866859436,0.039381019771099,-0.0084525225684046,0.0095049301162362,-0.0037887378130108,0.0139959622174501,0.0172727182507514,-0.0047223335132002,0.0303030307950846,-0.0031278888679864,0.0490908769990328,-0.0315001482103235,0.0352272268104822,-0.0055555240176282,0.0221969143482367,0.0187899865381224,0.0258333598467688,0.148311689831498,0.0389186603590492,0.0979791964448126,2019-02-13,2019-02-14,2019-02-15,2019-02-19,2019-02-20,2019-02-21,2019-02-22,2019-02-25,2019-02-26,2019-02-27,90455.0,2019-02-12,252.0,1.0178%,0.0004,1.479,0.9846,-0.2677,1.2976%,2.1924%,64.9662%,-0.011087,MPWR,90455.0,2019-02-13,252.0,1.7273%,0.0005,1.4893,0.9722,-0.2669,1.2947%,2.1947%,65.1999%,0.0126279999999999,MPWR,90455.0,2019-02-14,252.0,1.2809%,0.0005,1.4876,0.9771,-0.273,1.2953%,2.1959%,65.2070%,0.009233,MPWR,90455.0,2019-02-15,252.0,1.8235%,0.0005,1.4849,0.9746,-0.2776,1.2951%,2.1923%,65.0986%,0.000193,MPWR,90455.0,2019-02-19,252.0,-1.4876%,0.0004,1.4778,0.9663,-0.2864,1.3001%,2.1879%,64.6891%,-0.019791,MPWR,90455.0,2019-02-20,252.0,0.1686%,0.0004,1.4769,0.9628,-0.29,1.3000%,2.1875%,64.6827%,-0.001773,MPWR,90455.0,2019-02-21,252.0,-0.9952%,0.0002,1.4905,0.9895,-0.265,1.2819%,2.1841%,65.5530%,-0.004581,MPWR,90455.0,2019-02-22,252.0,0.9387%,0.0003,1.4908,1.0174,-0.2361,1.2757%,2.1804%,65.7718%,-0.009739,MPWR,90455.0,2019-02-25,252.0,0.7176%,0.0003,1.4906,1.0138,-0.2388,1.2763%,2.1808%,65.7472%,0.0070599999999999,MPWR,90455.0,2019-02-26,252.0,-0.6471%,0.0004,1.4979,1.0051,-0.2377,1.2739%,2.1809%,65.8827%,0.001514,MPWR,90455.0,2019-02-27,252.0,-1.2587%,0.0003,1.4963,1.003,-0.2381,1.2780%,2.1807%,65.6531%,-0.01623,MPWR,0.0015409999999999,0.0107739999999999,0.010967,-0.010597,-0.032573
10707,MONOLITHIC PWR SYS INC,"Monolithic Power Systems Q4 EPS $0.99, Inline, Sales $153.497M Miss $153.95M Estimate",6,decrease,0.7,0.6,"the earnings per share (eps) met expectations, but the sales figure missed estimates, which is likely to lead to a negative reaction from investors.",0,2019-02-12,MPWR,2019-02-12 21:34:00+00:00,90455.0,60983910,0.0101783256977796,943697.0,0.0172727182507515,-0.0047223335132002,0.0128090651705861,0.0016020098701119,0.0182352624833583,-0.0284612830728292,-0.0148757770657539,0.0185715779662132,0.0016859384486451,0.0080670686438679,-0.0099524380639195,0.0143585046753287,0.0093872742727398,0.0235461108386516,0.0071763014420866,-0.001577820861712,-0.0064708408899605,0.0024516030680388,-0.012586910277605,-0.0141119416803121,-0.0060771666467189,-0.0187438763678073,0.0154350316151976,0.0308359898626804,0.0023498849477618,0.0598462373018264,0.0043956493027508,-0.0110762435942888,-0.0158279594033956,-0.0303758382797241,-0.0061512384563684,0.0176998227834701,0.001491401460953,0.0100510893389582,0.0238272286951541,-0.0102739902213215,0.001381835900247,0.0182663314044475,0.0072626913897693,-0.0300394278019666,-0.0053356802091002,0.0112386774271726,0.0228344276547431,0.0068055251613259,-0.0012757471995428,0.0332966223359108,0.0042577781714499,0.0170615743845701,-0.0069955163635313,0.0262646023184061,0.0318792834877967,0.0411564409732818,-0.0368250235915184,-0.0591649487614631,-0.0075177424587309,-0.0069677210412919,0.0118309007957577,0.0108695654198527,-0.0345785766839981,0.0106056947261095,-0.005317261442542,0.0005261559272184,0.0089359767735004,0.0694991201162338,0.0357959307730197,-0.034326609224081,-0.0135385058820247,-0.0206669699400663,0.0457959845662117,-0.0007976953638717,-0.0071832663379609,-0.0428401380777359,0.0061220927163958,0.0363076664507389,0.0083668008446693,-0.0410554930567741,0.0015771496109664,-0.0216906983405351,0.0191017985343933,-0.0194096360355615,6.714482151437551e-05,0.0246954783797264,0.0227059312164783,0.0043278955854475,-0.0044009336270391,-0.0137897096574306,0.021310256794095,-0.0295523256063461,0.001873341621831,-0.0102490969002246,-0.0076084383763372,-0.0585615634918212,-0.0036384740378707,0.0201407447457313,0.0088033312931656,0.02071263641119,0.0182934831827879,0.0031009681988507,-0.0113628720864653,0.0434395931661129,-0.0048799905925989,-0.0263841729611158,-0.0050328997895121,0.0212338082492351,0.0097925411537289,0.0060689430683851,-0.0084131574258208,0.0270944330841302,0.0114637585356831,-0.0025698214303702,-0.0717167034745216,-0.0563248395919799,-0.0259363632649183,0.0069319014437496,-0.019757866859436,0.039381019771099,-0.0084525225684046,0.0095049301162362,-0.0037887378130108,0.0139959622174501,0.0172727182507514,-0.0047223335132002,0.0303030307950846,-0.0031278888679864,0.0490908769990328,-0.0315001482103235,0.0352272268104822,-0.0055555240176282,0.0221969143482367,0.0187899865381224,0.0258333598467688,0.148311689831498,0.0389186603590492,0.0979791964448126,2019-02-13,2019-02-14,2019-02-15,2019-02-19,2019-02-20,2019-02-21,2019-02-22,2019-02-25,2019-02-26,2019-02-27,90455.0,2019-02-12,252.0,1.0178%,0.0004,1.479,0.9846,-0.2677,1.2976%,2.1924%,64.9662%,-0.011087,MPWR,90455.0,2019-02-13,252.0,1.7273%,0.0005,1.4893,0.9722,-0.2669,1.2947%,2.1947%,65.1999%,0.0126279999999999,MPWR,90455.0,2019-02-14,252.0,1.2809%,0.0005,1.4876,0.9771,-0.273,1.2953%,2.1959%,65.2070%,0.009233,MPWR,90455.0,2019-02-15,252.0,1.8235%,0.0005,1.4849,0.9746,-0.2776,1.2951%,2.1923%,65.0986%,0.000193,MPWR,90455.0,2019-02-19,252.0,-1.4876%,0.0004,1.4778,0.9663,-0.2864,1.3001%,2.1879%,64.6891%,-0.019791,MPWR,90455.0,2019-02-20,252.0,0.1686%,0.0004,1.4769,0.9628,-0.29,1.3000%,2.1875%,64.6827%,-0.001773,MPWR,90455.0,2019-02-21,252.0,-0.9952%,0.0002,1.4905,0.9895,-0.265,1.2819%,2.1841%,65.5530%,-0.004581,MPWR,90455.0,2019-02-22,252.0,0.9387%,0.0003,1.4908,1.0174,-0.2361,1.2757%,2.1804%,65.7718%,-0.009739,MPWR,90455.0,2019-02-25,252.0,0.7176%,0.0003,1.4906,1.0138,-0.2388,1.2763%,2.1808%,65.7472%,0.0070599999999999,MPWR,90455.0,2019-02-26,252.0,-0.6471%,0.0004,1.4979,1.0051,-0.2377,1.2739%,2.1809%,65.8827%,0.001514,MPWR,90455.0,2019-02-27,252.0,-1.2587%,0.0003,1.4963,1.003,-0.2381,1.2780%,2.1807%,65.6531%,-0.01623,MPWR,0.0015409999999999,0.0107739999999999,0.010967,-0.010597,-0.032573
10715,MERCURY SYSTEMS INC,Mercury Systems Wins $3.5M Order For Rugged Servers,6,increase,0.75,0.6,"the $3.5m order for rugged servers indicates strong demand and potential revenue growth, which is likely to positively impact mercury systems inc's stock price.",2,2019-02-12,MRCY,2019-02-12 21:51:00+00:00,85738.0,58937810,0.0054382621310651,324643.0,-0.013681205920875,-0.0044585792347788,0.0096773942932486,-0.0042809648439288,0.0276358369737863,0.0084745567291975,0.0059069991111755,0.0252459160983562,0.017926188185811,0.0024651032872498,-0.0189767722040414,0.0471519157290458,0.0017022687243297,-0.0088691869750618,0.0089602069929242,0.0063508884049952,-0.0258765686303377,0.1509284824132919,0.0061301980167627,0.0324291288852691,-0.0076550799421966,0.0109278103336691,0.0187342353165149,0.0058066938072443,-0.0477515086531639,0.0081538651138544,0.0051931142807006,-0.0033340246882289,-0.0169518776237964,-0.020012242719531,-0.0200361516326665,0.0130327073857188,-0.0020110430195927,0.0054076188243925,-0.013937834650278,0.0162756387144327,0.0119209289550781,0.0046719308011233,0.0074049555696547,-0.0212014224380254,-0.0008352695731446,0.0033368058502674,0.0401270315051078,0.0137421041727066,0.0065905777737498,-0.0040008933283388,-0.0099009731784462,0.0396234989166259,0.0082257790490984,0.0061673736199736,0.0332746468484401,0.0531199462711811,-0.0294162854552269,-0.0560542531311512,-0.0023926896974444,-0.0342567712068557,-0.0041573732160031,0.0218237284570932,0.0088311349973082,0.0074009611271321,0.0144835244864225,0.0450409352779388,0.0053341723978519,0.0564767718315124,0.0042134304530918,-0.0443270616233348,-0.0063714040443301,-0.0266040377318859,0.0068814298138022,-0.0364066921174526,-0.0091642802581191,-0.0403142608702182,0.032450221478939,0.005613315384835,-0.0004554931656457,-0.0057875690981745,-0.0129120228812098,-0.0006196814356371,0.0172359962016344,-0.0341180972754955,-0.011648965999484,0.0253682043403387,0.0122454520314931,-0.0046833544038236,-0.0066534830257296,0.0186683572828769,0.0138528849929571,-0.0022765027824789,0.001501478604041,-0.0144809121266007,0.0082459235563874,-0.0514606274664402,0.0463940910995006,-0.0023162080906331,0.021884337067604,0.0178781896829605,0.0158531405031681,-0.0072166752070188,-0.0075291311368346,0.0506147816777229,-0.0030344997067004,-0.011945741251111,0.0011068321764469,0.0373870767652988,0.0091210063546895,0.0029492182657122,0.0156122576445341,0.0147499460726976,-0.0308791901916265,-0.0099471155554056,0.0237929467111825,-0.0496782213449478,0.0267735961824655,-0.0055999755859375,-0.0268697068095207,0.0309278350323438,0.0019043392967432,0.0129490168765187,0.0230789687484502,-0.0158273465931415,-0.013681205920875,-0.0044585792347788,-0.0041362100517298,-0.0087204570577497,0.0233853192953776,-0.0003198023365926,0.0478842195357493,0.0274445688885163,0.0182946455316792,0.2751377167828051,-0.000477231029348,0.3609055853916689,0.1988545936533483,0.2850976187449445,2019-02-13,2019-02-14,2019-02-15,2019-02-19,2019-02-20,2019-02-21,2019-02-22,2019-02-25,2019-02-26,2019-02-27,85738.0,2019-02-12,252.0,0.5438%,0.0011,1.0959,0.6875,-0.4701,2.5217%,2.8837%,23.5301%,-0.011039,MRCY,85738.0,2019-02-13,252.0,-1.3681%,0.0012,1.1065,0.6623,-0.479,2.5176%,2.8835%,23.7688%,-0.016933,MRCY,85738.0,2019-02-14,252.0,0.9677%,0.0012,1.1058,0.6649,-0.4824,2.5176%,2.8839%,23.7928%,0.005679,MRCY,85738.0,2019-02-15,252.0,2.7636%,0.0013,1.1309,0.6891,-0.4395,2.5163%,2.8884%,24.1085%,0.015694,MRCY,85738.0,2019-02-19,252.0,0.5907%,0.0013,1.1288,0.6936,-0.4342,2.5158%,2.8849%,23.9518%,0.002978,MRCY,85738.0,2019-02-20,252.0,1.7926%,0.0014,1.1325,0.6995,-0.4216,2.5174%,2.8864%,23.9313%,0.016544,MRCY,85738.0,2019-02-21,252.0,-1.8977%,0.0013,1.1346,0.7001,-0.4176,2.5194%,2.8881%,23.8977%,-0.015366,MRCY,85738.0,2019-02-22,252.0,0.1702%,0.0012,1.1378,0.6786,-0.3995,2.5203%,2.8870%,23.7897%,-0.015762,MRCY,85738.0,2019-02-25,252.0,0.8960%,0.0012,1.1383,0.6756,-0.399,2.5205%,2.8871%,23.7812%,0.008199,MRCY,85738.0,2019-02-26,252.0,-2.5877%,0.0012,1.1482,0.6971,-0.3807,2.5238%,2.8920%,23.8454%,-0.0211479999999999,MRCY,85738.0,2019-02-27,252.0,0.6130%,0.0011,1.1413,0.7101,-0.3819,2.5218%,2.8879%,23.7440%,0.003215,MRCY,-0.027972,-0.022293,-0.006599,0.0129229999999999,-0.027939
10723,MICRON TECHNOLOGY INC,"Micron Exec At Goldman Sachs Technology And Internet Conference, Recently Says End Market Demand Continues To Be Healthy",6,increase,0.8,0.6,"the statement about healthy end market demand suggests positive prospects for micron technology inc, likely leading to an increase in stock price.",2,2019-02-12,MU,2019-02-12 19:15:00+00:00,53613.0,59511210,0.0471746921539306,43571569.0,0.0316831357777118,0.0,0.0131957586854696,-0.0203148610889911,-0.0056831128895282,-0.0515414103865623,-0.0007145175477489,0.0546101480722427,0.0059580556116998,-0.0025336276739835,-0.0161099340766668,-0.0032827591057866,0.0250421613454818,0.0361066758632659,0.0042283372022211,-0.0005230244714766,0.0049122590571641,0.0227334126830101,-0.038175031542778,-0.0181198120117187,-0.010648563504219,-0.0225871987640857,0.0171233061701059,0.0647717639803886,-0.0125060230493545,0.0686331316828727,-0.0260594170540571,0.0109242033213377,-0.0515129119157791,-0.0528523325920105,-0.002636395394802,0.0554898828268051,0.0216759089380502,0.0089338663965463,0.0098317526280879,-0.0120623661205172,0.0056367213837802,-0.0196133982390165,-0.0107005899772048,-0.0372118912637233,-0.0108164297416806,0.002784697106108,0.0294194500893354,0.0132618863135576,0.0017703513149172,0.0503852069377899,0.0191870313137769,-0.0076470095664262,-0.0059449560940265,0.0397553257644176,0.0961874052882194,0.0548387356102466,-0.0538759417831897,-0.0534351132810115,-0.0257087871432304,0.0321462489664554,-0.0056719984859228,0.0050680977292358,-0.0270337350666523,-0.0112746823579073,0.0028039922472089,0.0336678847670555,0.0505846887826919,0.0644382834434509,0.0222598146647214,-0.0428759641945362,0.0044970088638365,-0.0306905675679445,0.0344015769660472,-0.0041387826204299,-0.0230068806558847,-0.0791556909680366,0.0100256539881229,0.0067886519245803,-0.0096952486783266,-0.0093567157164216,-0.0275058336555957,-0.0234151817858219,0.0107861198484897,-0.028032150119543,0.0026085041463375,0.0232888311147689,-0.0063860090449452,0.0117816049605608,-0.0045227003283798,-0.0144435605034232,0.0224772505462169,-0.0626492425799369,0.0091207483783364,0.0214207451790571,0.0057937423698604,-0.0786909237504005,0.0,0.0381223373115062,-0.0145161533728241,0.017145911231637,0.0060789878480136,-0.0206664744764566,-0.0065070600248873,0.0462161898612976,-0.0152047136798501,0.0117582799866795,0.000237580446992,0.0046702791005373,-0.0011873482726514,0.0005497651873156,-0.0038040855433791,0.0071982876397669,0.0157517865300178,-0.0192778408527374,0.0180921163409948,-0.0661763921380043,-0.0276944544166326,-0.011776527389884,-0.0443864874541759,0.0494346879422664,-0.0126676186919212,0.0047556227073073,-0.0120754605159163,0.0109508512541651,0.0316831357777118,0.0,0.0452969774773031,-0.0203148610889911,0.0393564367512169,-0.0708092148832197,0.0448019171083737,-0.0225487565014633,0.0227722321962755,0.0131302475018633,-0.0289604447832071,0.2082681349031645,-0.027970323065804,0.0304488162234695,2019-02-13,2019-02-14,2019-02-15,2019-02-19,2019-02-20,2019-02-21,2019-02-22,2019-02-25,2019-02-26,2019-02-27,53613.0,2019-02-12,252.0,4.7175%,-0.0001,1.8331,0.7636,-0.0803,2.3470%,3.1075%,42.9569%,0.022075,MU,53613.0,2019-02-13,252.0,3.1683%,-0.0001,1.8267,0.7851,-0.0701,2.3485%,3.1015%,42.6650%,0.026048,MU,53613.0,2019-02-14,252.0,1.3196%,-0.0001,1.8235,0.7917,-0.077,2.3496%,3.1019%,42.6216%,0.012443,MU,53613.0,2019-02-15,252.0,-0.5683%,-0.0002,1.8134,0.7796,-0.0974,2.3553%,3.0999%,42.2677%,-0.027998,MU,53613.0,2019-02-19,252.0,-0.0715%,-0.0001,1.8185,0.767,-0.1121,2.3521%,3.0999%,42.4238%,-0.006229,MU,53613.0,2019-02-20,252.0,0.5958%,-0.0002,1.8176,0.7593,-0.1166,2.3507%,3.0984%,42.4424%,0.001332,MU,53613.0,2019-02-21,252.0,-1.6110%,-0.0003,1.8304,0.7833,-0.0932,2.3439%,3.0986%,42.7809%,-0.009221,MU,53613.0,2019-02-22,252.0,2.5042%,-0.0003,1.829,0.793,-0.1013,2.3441%,3.1021%,42.9010%,0.007367,MU,53613.0,2019-02-25,252.0,0.4228%,-0.0002,1.8281,0.7904,-0.1059,2.3437%,3.1019%,42.9108%,0.003264,MU,53613.0,2019-02-26,252.0,0.4912%,-0.0003,1.8096,0.7907,-0.1196,2.3391%,3.0851%,42.5151%,0.0124459999999999,MU,53613.0,2019-02-27,252.0,-3.8175%,-0.0005,1.8019,0.7922,-0.121,2.3515%,3.0883%,42.0221%,-0.0415489999999999,MU,0.048123,0.0605659999999999,0.032568,0.027671,-2.2000000000001185e-05
10731,NATURAL ALTERNATIVES INTL INC,"Natural Alternatives Q2 EPS $0.31 Up From $0.29 YoY, Sales $36.04M Up From $33.335M YoY",6,increase,0.8,0.6,"the increase in both eps and sales year-over-year suggests strong financial performance, which is likely to positively influence investor sentiment and drive the stock price up.",2,2019-02-12,NAII,2019-02-12 21:34:00+00:00,11654.0,63884230,-0.0234288461506366,10387.0,-0.0640260726213455,-0.0111587261781096,0.0076164067722857,0.0056019751355051,0.0018850573105737,-0.0165449548512697,0.0451551787555217,0.0199133791029453,-0.0045003816485404,0.006027499679476,0.0144665315747261,0.0178014133125543,0.0160427223891019,0.0071428506635129,-0.0087718795984983,0.0132994977757334,0.0274335797876119,0.0011775804450735,0.0080965394154191,-0.0009049981017597,0.0005126080941408,0.0045454720966517,-0.0008539904956705,-0.0045249038375914,-0.0205128006637096,-0.0116279171779751,0.0200697686523199,0.0117647163569927,-0.0051325466483831,0.0082116927951574,-0.0042992425151169,0.0009132629493251,0.0138169126585125,0.0027472283691167,0.0008518082904629,0.0036764671094715,-0.0042553353123366,0.007407400291413,-0.0153845604509115,-0.0235081575810909,-0.0232552476227283,0.0072860545478761,0.0424720309674739,0.0194985214620828,-0.0332480296492576,0.0335892885923385,-0.0167548973113298,0.0124368695542216,-0.0044842367060482,0.0240795649588108,0.0090089570730924,0.0110664600506424,-0.0210446119308471,0.0101625435054302,-0.0177211221307516,0.0010173172922804,0.0287836082279682,0.0293301362544298,0.0523465648293495,0.0213796440511941,-0.0051457518711686,-0.0260416660457849,-0.0086207222193479,0.0105263562873005,0.0260869730263948,-0.0325865261256694,0.0,0.0207900013774633,0.0516948848962783,-0.0031087808310985,0.0306204762309789,0.0041623269207775,0.0140735190361738,-0.0193878095597028,-0.0300694163888692,-0.0060851387679576,-0.0508744306862354,0.0118631860241293,0.0025126202963292,-0.0137247052043676,-0.0142021784558892,-0.0398444943130016,0.0296609681099653,-0.0029069508891552,0.0041152420453727,0.0137523952871561,0.0491803586483001,0.0089197373017668,0.0078124552965164,0.0028624825645238,0.0139535125344991,-0.0038416078314185,-0.0259938947856426,0.0059761372394859,0.0,0.0070210322737693,0.0102040907368063,0.0040281931869685,0.0388500392436981,0.0175640024244785,0.0048616705462336,0.0186430383473634,-0.0093040559440851,-0.0111070042476058,-0.0225394573062658,0.0101772658526897,0.0222905427217483,0.0311827901750803,-0.0105263413861393,-0.042224496603012,0.0182370655238628,0.0577341727912426,0.0208955742418766,0.00358587061055,0.0215715821832418,-0.0003060096059925,-0.0089515773579478,-0.0161290932446718,-0.0129964118823409,0.0010764509206637,-0.0640260726213455,-0.0111587261781096,-0.0568973144621759,-0.0056192619491981,-0.0551195118501811,-0.0220712463652209,-0.0168976017106683,0.0034144636117774,0.0403463374356614,0.0425339585300568,0.0364352084739947,0.2320855613857515,0.2151003060630554,0.2400431088719694,2019-02-13,2019-02-14,2019-02-15,2019-02-19,2019-02-20,2019-02-21,2019-02-22,2019-02-25,2019-02-26,2019-02-27,11654.0,2019-02-12,252.0,-2.3429%,0.0,-0.0307,0.3659,0.0565,1.5066%,1.5183%,1.5453%,-0.023356,NAII,11654.0,2019-02-13,252.0,-6.4026%,-0.0003,-0.0435,0.3615,0.0401,1.5594%,1.5709%,1.4565%,-0.064299,NAII,11654.0,2019-02-14,252.0,0.7616%,-0.0004,-0.0468,0.3637,0.0409,1.5487%,1.5606%,1.5117%,0.005778,NAII,11654.0,2019-02-15,252.0,0.1885%,-0.0003,-0.0291,0.3799,0.07,1.5434%,1.5557%,1.5677%,0.001209,NAII,11654.0,2019-02-19,252.0,4.5155%,-0.0001,-0.0219,0.4095,0.1028,1.5676%,1.5814%,1.7313%,0.043799,NAII,11654.0,2019-02-20,252.0,-0.4500%,-0.0002,-0.0242,0.4013,0.0937,1.5674%,1.5807%,1.6698%,-0.006025,NAII,11654.0,2019-02-21,252.0,1.4467%,-0.0002,-0.0224,0.4082,0.0969,1.5676%,1.5812%,1.7166%,0.014773,NAII,11654.0,2019-02-22,252.0,1.6043%,-0.0002,-0.024,0.3933,0.0649,1.5682%,1.5808%,1.5920%,0.0152679999999999,NAII,11654.0,2019-02-25,252.0,-0.8772%,-0.0002,-0.0237,0.3973,0.0681,1.5688%,1.5817%,1.6218%,-0.007697,NAII,11654.0,2019-02-26,252.0,2.7434%,-0.0001,-0.0274,0.3588,0.0458,1.5800%,1.5907%,1.3381%,0.030063,NAII,11654.0,2019-02-27,252.0,0.8097%,0.0,-0.0189,0.3459,0.0473,1.5762%,1.5860%,1.2269%,0.0073939999999999,NAII,-0.087655,-0.0818769999999999,-0.0806679999999999,-0.0428939999999999,0.016907
10739,NORDIC AMERICAN TANKERS LTD,UPDATE: Nordic American Tankers Full Shareholder Letter,6,uncertain,0.5,0.5,"the impact of a shareholder letter can vary based on its content and the market's perception, making the stock price movement uncertain.",1,2019-02-12,NAT,2019-02-12 14:22:00+00:00,85346.0,G6577310,0.0552763305604457,2446610.0,0.0142858149483799,0.0934065654873848,0.0328638181090354,-0.0162161998450756,0.031818151473999,-0.0414507389068603,-0.0176211278885603,-0.0252525620162487,0.0224215034395456,-0.0198019612580537,0.0,0.0049751196056604,0.0438597127795219,-0.0195121765136718,-0.0588235706090927,0.0,0.0044642812572419,0.0098522072657942,0.0044444403611123,-0.0193236544728279,0.0221238899976015,-0.0095693692564964,0.0132158463820815,0.0096618272364139,-0.0434782207012176,-0.0048076878301799,-0.0409091599285602,-0.009523800574243,-0.0331753268837928,-0.0277778599411249,0.0343136936426162,0.0536586046218872,-0.0284359939396381,-0.0191387385129928,0.0292682647705078,0.0048076878301799,0.028436105698347,0.0348258391022682,-0.03225814178586,-0.0382774770259857,0.0,-0.0047619002871215,-0.0285714026540517,-0.0277778599411249,0.0539216361939907,-0.0136986169964075,-0.0232559014111757,-0.0309734214097261,-0.0047619002871215,0.0180179998278617,0.0191388521343469,0.082926869392395,-0.0375587604939937,-0.0284359939396381,-0.0048780441284179,0.0549999475479126,-0.0049019563011825,0.0050251209177076,0.0,-0.0245097801089286,0.0049261036328971,-0.023923423141241,-0.009803912602365,0.0295566227287054,-0.0346534326672554,0.0,-0.0205128621309995,0.0049504903145134,-0.031413584947586,-0.0776256024837493,0.0054053999483585,0.0045871515758335,-0.0053763389587402,-0.0521738640964031,0.0432431995868682,-0.0836653560400009,-0.010362684726715,0.0,0.0994764119386673,-0.0599251240491867,-0.009523800574243,-0.0255474206060171,0.0,-0.003636360168457,0.014423063956201,-0.0072202095761895,0.0047393320128321,0.0,-0.0283018611371517,-0.0314685031771659,-0.0048543643206357,-0.0529801622033119,0.0243902206420898,0.0237287897616624,0.0142858149483799,-0.078125,0.0093896621838212,-0.0184048898518085,-0.0325582176446914,0.0618892721831798,0.0048076878301799,0.0886524841189384,0.0287082213908433,-0.0342466235160827,-0.0046511581167578,-0.0135135008022189,-0.0186916813254356,0.0277777500450611,0.0285715162754058,-0.0524589642882347,0.0231481250375509,0.0590277202427387,-0.0180995296686887,-0.0103092677891254,-0.0276498515158891,0.0034482723567634,0.0142181096598506,0.0139860846102237,0.0093457847833633,-0.0337838307023048,0.0142858149483799,0.0934065654873848,0.0476191194814183,0.0756756661095237,0.0809524233121357,0.0310881149251547,0.0857143250478522,-0.0148514726720981,0.0761905245498331,-0.0386473094785351,-0.0162995280538057,-0.024509777422339,0.0466961238724368,-0.3253683402594559,2019-02-13,2019-02-14,2019-02-15,2019-02-19,2019-02-20,2019-02-21,2019-02-22,2019-02-25,2019-02-26,2019-02-27,85346.0,2019-02-12,252.0,5.5276%,0.0011,1.4809,1.8226,1.2038,3.5825%,3.9441%,17.4956%,0.037083,NAT,85346.0,2019-02-13,252.0,1.4286%,0.0007,1.4348,1.9034,1.2199,3.5233%,3.8825%,17.6482%,0.008103,NAT,85346.0,2019-02-14,252.0,3.2864%,0.0009,1.429,1.9219,1.1967,3.5250%,3.8849%,17.6677%,0.032955,NAT,85346.0,2019-02-15,252.0,3.1818%,0.0011,1.4557,1.9463,1.2406,3.5203%,3.8897%,18.0909%,0.0050219999999999,NAT,85346.0,2019-02-19,252.0,-1.7621%,0.0009,1.4446,1.934,1.2277,3.5244%,3.8889%,17.8695%,-0.029853,NAT,85346.0,2019-02-20,252.0,2.2422%,0.001,1.4486,1.9513,1.244,3.5225%,3.8908%,18.0319%,0.00857,NAT,85346.0,2019-02-21,252.0,0.0000%,0.0009,1.4564,1.9692,1.2583,3.5188%,3.8904%,18.1934%,0.009487,NAT,85346.0,2019-02-22,252.0,4.3860%,0.0011,1.4496,2.0025,1.2066,3.5262%,3.8996%,18.2335%,0.04196,NAT,85346.0,2019-02-25,252.0,-5.8824%,0.0009,1.4518,2.0317,1.23,3.5415%,3.9170%,18.2564%,-0.053719,NAT,85346.0,2019-02-26,252.0,0.4464%,0.0009,1.4333,2.0178,1.2091,3.5414%,3.9106%,17.9892%,0.023749,NAT,85346.0,2019-02-27,252.0,0.4444%,0.0007,1.4143,2.0515,1.2059,3.5311%,3.8990%,17.9838%,0.000672,NAT,0.045186,0.0781409999999999,0.0831629999999999,0.0618799999999999,0.0840289999999999
10747,NORDIC AMERICAN TANKERS LTD,"Nordic American Tankers Sends Letter To Shareholders Announce It Entered 5-Year $306M Senior Secured Credit Deal With CSG Investments, Inc., and funded by Beal Bank",6,increase,0.7,0.6,"the announcement of a significant credit deal suggests financial stability and growth potential, which is likely to positively influence investor sentiment and increase the stock price.",2,2019-02-12,NAT,2019-02-12 14:22:00+00:00,85346.0,G6577310,0.0552763305604457,2446610.0,0.0142858149483799,0.0934065654873848,0.0328638181090354,-0.0162161998450756,0.031818151473999,-0.0414507389068603,-0.0176211278885603,-0.0252525620162487,0.0224215034395456,-0.0198019612580537,0.0,0.0049751196056604,0.0438597127795219,-0.0195121765136718,-0.0588235706090927,0.0,0.0044642812572419,0.0098522072657942,0.0044444403611123,-0.0193236544728279,0.0221238899976015,-0.0095693692564964,0.0132158463820815,0.0096618272364139,-0.0434782207012176,-0.0048076878301799,-0.0409091599285602,-0.009523800574243,-0.0331753268837928,-0.0277778599411249,0.0343136936426162,0.0536586046218872,-0.0284359939396381,-0.0191387385129928,0.0292682647705078,0.0048076878301799,0.028436105698347,0.0348258391022682,-0.03225814178586,-0.0382774770259857,0.0,-0.0047619002871215,-0.0285714026540517,-0.0277778599411249,0.0539216361939907,-0.0136986169964075,-0.0232559014111757,-0.0309734214097261,-0.0047619002871215,0.0180179998278617,0.0191388521343469,0.082926869392395,-0.0375587604939937,-0.0284359939396381,-0.0048780441284179,0.0549999475479126,-0.0049019563011825,0.0050251209177076,0.0,-0.0245097801089286,0.0049261036328971,-0.023923423141241,-0.009803912602365,0.0295566227287054,-0.0346534326672554,0.0,-0.0205128621309995,0.0049504903145134,-0.031413584947586,-0.0776256024837493,0.0054053999483585,0.0045871515758335,-0.0053763389587402,-0.0521738640964031,0.0432431995868682,-0.0836653560400009,-0.010362684726715,0.0,0.0994764119386673,-0.0599251240491867,-0.009523800574243,-0.0255474206060171,0.0,-0.003636360168457,0.014423063956201,-0.0072202095761895,0.0047393320128321,0.0,-0.0283018611371517,-0.0314685031771659,-0.0048543643206357,-0.0529801622033119,0.0243902206420898,0.0237287897616624,0.0142858149483799,-0.078125,0.0093896621838212,-0.0184048898518085,-0.0325582176446914,0.0618892721831798,0.0048076878301799,0.0886524841189384,0.0287082213908433,-0.0342466235160827,-0.0046511581167578,-0.0135135008022189,-0.0186916813254356,0.0277777500450611,0.0285715162754058,-0.0524589642882347,0.0231481250375509,0.0590277202427387,-0.0180995296686887,-0.0103092677891254,-0.0276498515158891,0.0034482723567634,0.0142181096598506,0.0139860846102237,0.0093457847833633,-0.0337838307023048,0.0142858149483799,0.0934065654873848,0.0476191194814183,0.0756756661095237,0.0809524233121357,0.0310881149251547,0.0857143250478522,-0.0148514726720981,0.0761905245498331,-0.0386473094785351,-0.0162995280538057,-0.024509777422339,0.0466961238724368,-0.3253683402594559,2019-02-13,2019-02-14,2019-02-15,2019-02-19,2019-02-20,2019-02-21,2019-02-22,2019-02-25,2019-02-26,2019-02-27,85346.0,2019-02-12,252.0,5.5276%,0.0011,1.4809,1.8226,1.2038,3.5825%,3.9441%,17.4956%,0.037083,NAT,85346.0,2019-02-13,252.0,1.4286%,0.0007,1.4348,1.9034,1.2199,3.5233%,3.8825%,17.6482%,0.008103,NAT,85346.0,2019-02-14,252.0,3.2864%,0.0009,1.429,1.9219,1.1967,3.5250%,3.8849%,17.6677%,0.032955,NAT,85346.0,2019-02-15,252.0,3.1818%,0.0011,1.4557,1.9463,1.2406,3.5203%,3.8897%,18.0909%,0.0050219999999999,NAT,85346.0,2019-02-19,252.0,-1.7621%,0.0009,1.4446,1.934,1.2277,3.5244%,3.8889%,17.8695%,-0.029853,NAT,85346.0,2019-02-20,252.0,2.2422%,0.001,1.4486,1.9513,1.244,3.5225%,3.8908%,18.0319%,0.00857,NAT,85346.0,2019-02-21,252.0,0.0000%,0.0009,1.4564,1.9692,1.2583,3.5188%,3.8904%,18.1934%,0.009487,NAT,85346.0,2019-02-22,252.0,4.3860%,0.0011,1.4496,2.0025,1.2066,3.5262%,3.8996%,18.2335%,0.04196,NAT,85346.0,2019-02-25,252.0,-5.8824%,0.0009,1.4518,2.0317,1.23,3.5415%,3.9170%,18.2564%,-0.053719,NAT,85346.0,2019-02-26,252.0,0.4464%,0.0009,1.4333,2.0178,1.2091,3.5414%,3.9106%,17.9892%,0.023749,NAT,85346.0,2019-02-27,252.0,0.4444%,0.0007,1.4143,2.0515,1.2059,3.5311%,3.8990%,17.9838%,0.000672,NAT,0.045186,0.0781409999999999,0.0831629999999999,0.0618799999999999,0.0840289999999999
10755,NEXTERA ENERGY INC,"Morgan Stanley Maintains Overweight on NextEra Energy, Raises Price Target to $188",6,increase,0.8,0.7,maintaining an 'overweight' rating and raising the price target typically signals positive sentiment and potential for stock price appreciation.,2,2019-02-12,NEE,2019-02-12 13:26:00+00:00,24205.0,65339F10,0.0014207408530637,1751164.0,-0.0022916907910257,0.0,-0.0013125812401995,0.0091535057872533,0.0078308563679456,0.0182481743395328,0.007226699963212,-0.0003928386722691,0.0014565694145858,0.0003929930680897,0.0049558184109628,0.0015746190911158,0.0084155621007084,-0.0064811063930392,-0.0013288683257997,0.0310501735657453,0.0018628424732014,0.0042230458930134,-0.0009031406952999,0.0022612593602389,0.0048712794668972,-0.0099310893565416,-0.0008523527649231,-0.0337253250181675,0.0036255489103496,0.0050172475166618,0.0004249991034157,0.011275228112936,-0.0039825825951993,0.0073258480988442,0.0019192053005099,0.0034189459402114,0.0040972931310534,0.0046371240168809,0.0042395498603582,-0.0002289866388309,0.0073350891470909,0.0203819759190082,0.0004190991166979,-0.0254966188222169,5.233547926764004e-05,0.0018245471874251,0.0013614502968266,0.0150472028180956,-0.0019347958732396,-0.0043217702768743,-0.0124168032780289,0.0073136435821652,0.0072678783908486,-0.001449023373425,0.0107442382723093,0.0184168294072151,0.0105257099494338,-0.0024730504956096,-0.0016500391066074,-0.0229548122733831,0.0071793780662119,0.0063687246292829,-0.0055384710431098,0.003252773778513,-0.010313531383872,0.0106845563277602,0.0072947540320456,0.013445945456624,-0.0146389491856098,-0.0346332713961601,-0.0053021665662527,-0.0045737982727587,-0.0008971826755441,0.0022346973419189,-0.0048069497570395,-0.0084090670570731,0.0089172394946217,0.0019926337990909,-0.0075757703743875,-0.0308431442826986,0.0056722187437117,-0.0052688885480165,-0.0057456726208329,0.0049087167717516,0.0075283544138073,-0.0091266706585884,0.0042623281478881,0.0020261493045836,0.0016242994461208,-0.001367166172713,-0.0085791973397135,0.0010949136922135,0.0006858886918053,0.0026898253709077,-0.0015290972078219,-0.0017535608494654,0.0053865876980125,0.004292547237128,-0.0030991258099675,0.0259147007018327,0.0014226476196199,0.0010109074646607,0.0022098189219832,0.0002809160214383,0.0064574284479022,0.0054793041199445,0.0003129599790554,-0.0016917783068493,0.013922918587923,0.0065274671651422,-0.006017270963639,-0.0144879538565874,-0.0080198841169476,-0.0178011674433946,0.0035990113392472,0.0089805154129862,-0.0078478753566741,0.0067530237138271,-0.0060240644961595,0.0133468229323625,-0.0098550468683242,-0.010298871435225,0.0038854358717799,0.0009524240158498,-0.0022916907910257,0.0,-0.0036012640008846,0.0091535057872533,0.0042013913859271,0.02756871489621,0.0129317129916699,0.0275687149095122,0.026136263621054,0.0611120382788958,0.0651910756734384,0.0630227164618821,0.036023573782451,0.0317491229333672,2019-02-13,2019-02-14,2019-02-15,2019-02-19,2019-02-20,2019-02-21,2019-02-22,2019-02-25,2019-02-26,2019-02-27,24205.0,2019-02-12,252.0,0.1421%,0.0009,0.1564,-0.4535,-0.1764,1.0095%,1.0539%,8.2413%,-0.001127,NEE,24205.0,2019-02-13,252.0,-0.2292%,0.0008,0.1526,-0.4484,-0.1762,1.0087%,1.0514%,7.9625%,-0.002434,NEE,24205.0,2019-02-14,252.0,-0.1313%,0.0008,0.1523,-0.4489,-0.175,1.0081%,1.0508%,7.9687%,0.000217,NEE,24205.0,2019-02-15,252.0,0.7831%,0.0009,0.1635,-0.4381,-0.1558,1.0078%,1.0506%,7.9856%,0.007972,NEE,24205.0,2019-02-19,252.0,0.7227%,0.0008,0.1574,-0.4225,-0.1378,0.9969%,1.0363%,7.4616%,0.008554,NEE,24205.0,2019-02-20,252.0,0.1457%,0.0008,0.1569,-0.4286,-0.1409,0.9944%,1.0345%,7.6087%,0.002745,NEE,24205.0,2019-02-21,252.0,0.4956%,0.0008,0.1501,-0.4415,-0.1534,0.9895%,1.0304%,7.7840%,0.004812,NEE,24205.0,2019-02-22,252.0,0.8416%,0.0009,0.1486,-0.4268,-0.1576,0.9884%,1.0275%,7.4666%,0.007514,NEE,24205.0,2019-02-25,252.0,-0.1329%,0.0009,0.1489,-0.4246,-0.1554,0.9886%,1.0275%,7.4225%,-0.003045,NEE,24205.0,2019-02-26,252.0,0.1863%,0.0008,0.1367,-0.4099,-0.157,0.9797%,1.0153%,6.8815%,-0.001229,NEE,24205.0,2019-02-27,252.0,-0.0903%,0.0008,0.1402,-0.4164,-0.1565,0.9785%,1.0150%,7.0631%,-0.000536,NEE,-0.003561,-0.0033439999999999,0.004628,0.015927,0.023443
10763,NETFLIX INC,"Apple Plans To Keep About 50% Of Subscription Revenue From 'Netflix For News' Service, Likely Won't Share Customer Data With Publishers; Co. Running Into Resistance From Major Publishers Over Terms, WSJ Reports",6,decrease,0.7,0.5,"the news suggests potential revenue-sharing conflicts and resistance from major publishers, which could negatively impact netflix's growth prospects in the news subscription market.",0,2019-02-12,NFLX,2019-02-12 19:17:00+00:00,89393.0,64110L10,0.0411881804466247,10429400.0,-0.0227797105908393,-0.0052938871085643,0.0207522492855787,0.008296875283122,-0.0061269728466868,-0.0212385673075914,0.0141508625820279,-0.0101739559322595,-0.0055537400767207,0.0127227222546935,-0.0081687159836292,0.0338090024888515,0.0169481690973043,0.0010309458011761,0.0024516959674656,-0.0034051653929054,0.002912801457569,0.0357555784285068,-0.0057539143599569,-0.020139455795288,-0.0131451729685068,-0.0070699132047593,-0.0021781590767204,0.0348362997174263,-0.0175752788782119,0.0145346857607364,0.0092866318300366,-0.0097490875050425,0.0149872926995158,-0.0411088243126869,-0.0194932837039232,-0.0398935303092002,-0.0085082240402698,0.0051224785856902,0.0264873541891574,-0.0091642225161194,-0.0072172894142568,0.0651769414544105,0.0138658955693244,-0.0137740867212414,-0.0066166059114038,0.0398262552917003,0.0073574050329625,0.0146893747150898,0.0054778149351477,-0.0009679257054813,-0.0128219341859221,0.0156338959932327,0.0458219572901725,0.0597170032560825,0.0070625068619847,0.0972344875335693,-0.0446184799075126,0.0132257658988237,0.0144594358280301,0.0,-0.0170931089669466,0.0452203117311,-0.0183348786085844,0.002015080768615,0.0035090423189103,0.0074703525751829,0.0054990337230265,0.0846160128712654,0.0291675850749015,-0.0507731437683105,0.0020710970275104,-0.0544553995132446,0.0055205011740326,-0.0232035182416439,-0.0050574578344821,-0.0153909111395478,-0.0064967232756316,0.030974181368947,-0.0111630596220493,-0.0151401907205581,0.0091308699920773,-0.0332584343850612,-0.0021660444326698,0.0041472064331173,0.0102494517341256,0.0360319502651691,-0.0449067838490009,-0.0162402838468551,-0.0064647132530808,0.0171984508633613,0.0303551368415355,-0.0627120658755302,-0.0131308110430836,0.0274217072874307,0.0158144440501928,-0.0515673495829105,0.0471485778689384,0.0145737351849675,0.0120581397786736,-0.0090735759586095,-0.0200581401586532,0.0215814840048551,-0.0157657712697982,0.0600832179188728,0.0177015718072652,0.0198906492441892,-0.0080566080287098,0.0100841717794537,-0.0034692683257162,-0.012627312913537,0.0223187487572431,-0.0181661769747734,0.0006599614862352,-0.0133776608854532,0.0157494880259037,-0.0545403212308883,-0.0165181551128625,-0.0132731366902589,-0.0216812044382095,0.0116136660799384,-0.0164390113204717,-0.0260529313236475,-0.0044460166245698,0.0011221361346542,-0.0227797105908393,-0.0052938871085643,-0.0025001915380951,0.002959065453455,-0.0086118457791165,-0.0183423481649371,-0.0001666737728202,-0.0159673983761692,0.008056209890227,0.030000613935039,-0.018334878797956,0.3528065432947083,0.0077228661756236,0.1756724611330364,2019-02-13,2019-02-14,2019-02-15,2019-02-19,2019-02-20,2019-02-21,2019-02-22,2019-02-25,2019-02-26,2019-02-27,89393.0,2019-02-12,252.0,4.1188%,0.0009,1.6894,0.1567,-1.1612,1.9170%,2.9192%,56.8781%,0.016378,NFLX,89393.0,2019-02-13,252.0,-2.2780%,0.0007,1.6818,0.1583,-1.1677,1.9243%,2.9162%,56.4584%,-0.0268909999999999,NFLX,89393.0,2019-02-14,252.0,2.0752%,0.0008,1.6786,0.1673,-1.1783,1.9262%,2.9187%,56.4437%,0.016588,NFLX,89393.0,2019-02-15,252.0,-0.6127%,0.0007,1.6575,0.146,-1.2155,1.9297%,2.9136%,56.1352%,-0.019957,NFLX,89393.0,2019-02-19,252.0,1.4151%,0.0006,1.6522,0.1655,-1.1931,1.9248%,2.8961%,55.8260%,0.014125,NFLX,89393.0,2019-02-20,252.0,-0.5554%,0.0006,1.6519,0.1675,-1.1935,1.9246%,2.8960%,55.8369%,-0.002595,NFLX,89393.0,2019-02-21,252.0,-0.8169%,0.0006,1.6558,0.1743,-1.1863,1.9243%,2.8966%,55.8684%,-0.004785,NFLX,89393.0,2019-02-22,252.0,1.6948%,0.0005,1.6586,0.1486,-1.1769,1.9230%,2.8979%,55.9657%,-0.012312,NFLX,89393.0,2019-02-25,252.0,0.2452%,0.0005,1.6567,0.148,-1.1842,1.9204%,2.8970%,56.0553%,-0.0018679999999999,NFLX,89393.0,2019-02-26,252.0,0.2913%,0.0005,1.6559,0.146,-1.1857,1.9204%,2.8921%,55.9062%,0.002503,NFLX,89393.0,2019-02-27,252.0,-0.5754%,0.0005,1.6514,0.1512,-1.1865,1.9204%,2.8872%,55.7583%,-0.009045,NFLX,-0.0105129999999999,0.006075,-0.0138819999999999,-0.0023519999999999,-0.0278589999999999
10771,NEKTAR THERAPEUTICS,Nektar Therapeutics shares are trading lower after the company announced a 48% response rate for its urothelial cancer treatment versus 60% previously.,6,decrease,0.8,0.7,"the decrease in the response rate for the urothelial cancer treatment is likely to negatively impact investor sentiment and confidence in nektar therapeutics, leading to a decline in stock price.",0,2019-02-12,NKTR,2019-02-12 13:51:00+00:00,80539.0,64026810,-0.0882416442036628,4082087.0,-0.0002365906693739,0.0325239263474941,0.0087573714554309,0.0244180671870708,-0.0218207482248544,-0.0117275696247816,0.0268650222569704,0.0134857175871729,0.0051389252766966,0.0294117648154497,-0.0643737018108367,0.0061552631668746,-0.0052160727791488,-0.0023617967963218,0.0232209824025631,-0.0176333729177713,0.0012200888013467,0.0138790914788842,0.0,-0.0111654652282595,-0.0119424294680357,-0.0211747847497463,-0.0594474524259567,0.0159611068665981,0.0044583836570382,-0.0163822807371616,0.0026110259350389,-0.0180964600294828,-0.0523438043892383,-0.0311688836663961,-0.0156636349856853,0.017173109576106,-0.0192629434168338,0.0179291628301143,0.0091090146452188,0.0022461472544819,0.0214385986328125,0.0722543373703956,0.0400442071259021,0.0124360434710979,-0.0355815216898918,-0.0110924253240227,-0.0217511262744665,0.0070422757416963,-0.0168870948255062,0.012291052378714,-0.0148869296535849,0.1108684167265892,-0.0523103512823581,0.078327439725399,0.0266788993030786,0.0753641277551651,-0.039127878844738,-0.077147901058197,0.0062169963493943,0.041070956736803,-0.0015446165343746,-0.022308150306344,-0.0167078897356987,0.0135664995759725,0.0286342948675155,0.0118974801152944,0.0278372559696435,0.0772263705730438,-0.0107141910120844,-0.0062051122076809,0.0138387205079197,-0.0615997612476348,0.0471810139715671,-0.0475772731006145,0.0,-0.0414102748036384,0.0286199580878019,0.0462529808282852,-0.0088154189288616,-0.0643658861517906,-0.0147303724661469,-0.0392105691134929,0.0107193533331155,0.0278603937476873,-0.0022328167688101,0.0148229729384183,-0.0167831741273403,-0.0062738554552197,-0.0472261682152748,-0.0089213792234659,-0.0032845805399119,-0.0276025030761957,-0.0656081661581993,0.0010526556288823,0.0157101564109325,-0.0624228678643703,-0.021464655175805,0.0034661893732845,0.0200000274926424,0.0287825036793947,-0.0154965734109282,0.018417615443468,0.0208802297711372,0.0174188409000635,0.0151037639006972,-0.0282124187797308,0.0021699788048863,0.0492465496063232,-0.0095886597409844,-0.0050869779661297,-0.0118676163256168,-0.0201993826776742,0.0158027820289135,0.0028939915355294,0.002489167265594,-0.0057546747848391,0.0145871322602033,0.0010474185692146,-0.0186600442975759,0.0143425520509481,0.0280547905713319,0.0080322101712226,0.0748939141631126,0.0097322734072804,-0.0002365906693739,0.0325239263474941,0.0085187088736824,0.0577361649533054,-0.0134879239527054,0.0453314904341661,0.0182205520054474,0.0905881986298993,-0.0291055223908748,0.0781576319636736,-0.2479885877270718,0.3973470305967912,-0.1611452310029197,0.2530412667613422,2019-02-13,2019-02-14,2019-02-15,2019-02-19,2019-02-20,2019-02-21,2019-02-22,2019-02-25,2019-02-26,2019-02-27,80539.0,2019-02-12,252.0,-8.8242%,-0.0017,1.4236,1.1122,-0.3927,4.4349%,4.7792%,13.8901%,-0.109237,NKTR,80539.0,2019-02-13,252.0,-0.0237%,-0.0018,1.4044,1.1434,-0.3879,4.4274%,4.7663%,13.7173%,-0.004715,NKTR,80539.0,2019-02-14,252.0,0.8757%,-0.0017,1.406,1.1478,-0.3975,4.4191%,4.7609%,13.8412%,0.003411,NKTR,80539.0,2019-02-15,252.0,-2.1821%,-0.0022,1.3069,1.0547,-0.5639,4.3875%,4.7103%,13.2377%,-0.03877,NKTR,80539.0,2019-02-19,252.0,2.6865%,-0.002,1.3239,1.0533,-0.5668,4.3837%,4.7119%,13.4442%,0.022915,NKTR,80539.0,2019-02-20,252.0,0.5139%,-0.002,1.3241,1.0473,-0.5681,4.3829%,4.7108%,13.4373%,0.0033239999999999,NKTR,80539.0,2019-02-21,252.0,-6.4374%,-0.0023,1.3422,1.0714,-0.5344,4.3974%,4.7275%,13.4793%,-0.060148,NKTR,80539.0,2019-02-22,252.0,-0.5216%,-0.0025,1.3478,1.0157,-0.5181,4.3940%,4.7216%,13.3937%,-0.027789,NKTR,80539.0,2019-02-25,252.0,2.3221%,-0.0025,1.35,1.0055,-0.5152,4.3951%,4.7222%,13.3717%,0.022808,NKTR,80539.0,2019-02-26,252.0,0.1220%,-0.0024,1.3476,0.9932,-0.5232,4.3956%,4.7209%,13.3058%,0.008015,NKTR,80539.0,2019-02-27,252.0,0.0000%,-0.0025,1.3464,0.995,-0.5235,4.3956%,4.7202%,13.2827%,-0.003828,NKTR,-0.113952,-0.110541,-0.149311,-0.123072,-0.184014
10779,N M I HOLDINGS INC,"NMI Holdings Q4 EPS $0.46, Inline, Sales $76.259M Beat $69.9M Estimate",6,increase,0.7,0.6,"the earnings per share (eps) being inline with expectations and sales exceeding estimates typically indicate positive performance, which can lead to an increase in stock price.",2,2019-02-12,NMIH,2019-02-12 21:38:00+00:00,14318.0,62920930,0.0198556203395128,429107.0,-0.0181415863335132,0.012797106988728,0.027039224281907,-0.0045496081002056,0.0438788942992687,0.001366686890833,0.0239596329629421,0.0004557989304885,0.0160098262131214,-0.0161434393376112,-0.0044444692321121,0.0036003566347062,0.0036526035983115,0.0099999690428376,-0.0210271123796701,0.015228422358632,0.0041305404156446,-0.0041360361501574,0.0032908236607909,0.0097448257729411,-0.0098400888964533,-0.0069125122390687,0.011180143803358,0.0392721071839332,-0.0036855100188404,0.0170481465756893,0.0082203354686498,0.0342569425702095,0.0105992751196026,-0.0074999807402491,-0.0024203860666602,0.0101010492071509,0.0004043764201924,-0.0020161750726401,0.0299110654741525,0.0195272918790578,0.0168759934604167,0.0188480988144874,0.0092628244310617,0.0010482419747859,-0.0084129758179187,-0.0015698946081101,-0.0077131032012403,0.0301887542009353,0.0178780015558004,0.002702661557123,-0.0099274618551135,0.0131434705108404,-0.0057847904972732,0.0066152615472674,0.0267648808658123,0.0383514650166034,-0.044200986623764,-0.0218365788459777,-0.0079050930216908,0.0005602369201369,0.0195219032466411,0.0147811388596892,-0.0027354315388947,0.0086008952930569,0.0278212800621986,0.006347409915179,-0.0137246930971741,0.0810978934168815,0.0313103757798671,-0.0098826335743069,0.0138680255040526,-0.0187878459692001,-0.031423233449459,-0.0178570989519357,0.0167938396334648,-0.0449119322001934,0.0105105368420481,-0.0106861935928463,0.0263744089752435,-0.0138657791540026,-0.0390879474580287,-0.0285559687763452,0.0169491823762655,-0.0117146549746394,0.000370378838852,0.0042780707590281,-0.00185120862443,0.0314396917819976,0.0011127851903438,-0.0082057723775506,0.0129677802324295,-0.0363731496036052,-0.0095098838210105,0.0111939804628491,-0.0217873025685548,-0.0826406106352806,0.0124575281515717,0.0465711243450641,0.0190156679600477,-0.003061197232455,0.0139041040092706,-0.0106006609275937,0.0093829026445746,0.0404410995543003,0.0060779433697462,-0.021079683676362,-0.0035536061041057,0.0242233276367187,0.0014264980563893,0.000526882475242,-0.0085470005869865,0.0138889020308852,0.0086206812411546,-0.0444104559719562,-0.0242165345698595,-0.0330700911581516,0.0270072910934686,-0.0188861694186925,-0.0252309553325176,0.0258321147412061,-0.0054684514179825,-0.0270662810653448,0.0102638844400644,0.0087762214243412,-0.0181415863335132,0.012797106988728,0.0084071035266923,0.0081892770669071,0.0526548922329719,0.0095671561353529,0.0951327264013646,-0.0062779989360127,0.0792034947200139,0.0283062944335557,0.1292035412809578,0.2706421530157956,0.2194689816940678,0.0804485432551305,2019-02-13,2019-02-14,2019-02-15,2019-02-19,2019-02-20,2019-02-21,2019-02-22,2019-02-25,2019-02-26,2019-02-27,14318.0,2019-02-12,252.0,1.9856%,0.0011,1.2801,1.1974,0.6587,2.6644%,3.0000%,21.1222%,0.0032719999999999,NMIH,14318.0,2019-02-13,252.0,-1.8142%,0.0011,1.2803,1.1872,0.651,2.6682%,3.0025%,21.0281%,-0.023005,NMIH,14318.0,2019-02-14,252.0,2.7039%,0.0011,1.2736,1.2011,0.6369,2.6727%,3.0059%,20.9429%,0.0272299999999999,NMIH,14318.0,2019-02-15,252.0,4.3879%,0.0012,1.2836,1.2125,0.6563,2.6761%,3.0115%,21.0346%,0.023328,NMIH,14318.0,2019-02-19,252.0,2.3960%,0.0013,1.2917,1.2144,0.6577,2.6757%,3.0145%,21.2175%,0.015936,NMIH,14318.0,2019-02-20,252.0,1.6010%,0.001,1.2863,1.1698,0.63,2.6342%,2.9731%,21.4993%,0.007167,NMIH,14318.0,2019-02-21,252.0,-0.4444%,0.001,1.2923,1.1823,0.6409,2.6319%,2.9732%,21.6434%,0.002483,NMIH,14318.0,2019-02-22,252.0,0.3653%,0.0009,1.294,1.1474,0.6298,2.6270%,2.9671%,21.6062%,-0.001929,NMIH,14318.0,2019-02-25,252.0,-2.1027%,0.0008,1.2931,1.1563,0.6311,2.6295%,2.9696%,21.5956%,-0.018951,NMIH,14318.0,2019-02-26,252.0,0.4131%,0.0009,1.2952,1.1338,0.6212,2.6305%,2.9694%,21.5214%,0.015582,NMIH,14318.0,2019-02-27,252.0,0.3291%,0.0009,1.2899,1.1432,0.6204,2.6295%,2.9667%,21.4429%,0.000616,NMIH,-0.019733,0.0074969999999999,0.0308249999999999,0.053928,0.0517289999999999
10787,N N N REIT INC,National Retail Properties Sees FY19 AFFO/Share $2.76-$2.81,6,increase,0.7,0.6,"the forecasted affo per share indicates positive financial performance, which is likely to attract investors and drive the stock price up.",2,2019-02-12,NNN,2019-02-12 13:35:00+00:00,88373.0,63741710,-0.029422752559185,1142244.0,-0.0036454072687774,0.0097781205549836,0.0071249553002417,0.0015066259074956,0.0051625329069793,0.0037806604523211,-0.0058969254605472,-0.0132437804713845,-0.0137772187590599,0.004873517435044,0.0194024052470922,0.0202715154737234,0.0028549239505082,-0.0079680932685732,-0.002087621949613,0.0111259929835796,-0.0057056494988501,0.010172794573009,-0.0026778767351061,0.0120434910058975,-0.0007671829080209,0.0125885009765625,-0.005758143030107,0.0252066943794488,0.0077220373786985,-0.0030157121364027,0.000383150530979,-0.0053988532163202,-0.0107238870114088,0.0006002156878821,0.0056136450730264,-0.0057688662782311,0.0038498702924698,0.0049980008043348,0.0120804840698838,0.0117314290255308,0.0075786574743688,0.0079510584473609,-0.0033847368322312,-0.0080890096724033,0.0081132128834724,0.0120753198862075,-0.0069249286316335,0.0174927152693271,-0.0086694853380322,-0.0043541174381971,-0.002851667581126,0.0132353166118264,0.0131553597748279,-0.004392446950078,0.022205501794815,-0.0020872151944786,-0.0025773083325475,0.0131105715408921,0.0042451005429029,-0.0251494012773037,0.0101084215566515,0.0018587392987683,0.0054585016332566,0.0049812756478786,0.0081433365121483,0.0071070264093577,-0.005744026042521,0.0498134829103946,-0.0129987588152289,-0.058665569871664,-0.0111577976495027,-0.0110316835343837,-0.0110988216474652,-0.0113107971847057,0.000187095705769,-0.0030205703806132,0.0028052686247974,0.0169977061450481,-0.0011189399519935,-0.0359328649938106,-0.0074682882986962,-0.0037371877115219,0.0114748049527406,0.0178178045898675,-0.0042774695903062,-0.0236512720584869,0.0001867448881966,0.0086750518530607,-0.0022408764343708,-0.0019676992669701,-0.0353733748197555,-0.0052848006598651,-0.0151339266449213,0.0287958178669214,0.015366481617093,-0.0069985701702535,-0.0145518044009804,-0.0009988623205572,0.0131915370002389,0.0119264228269457,0.0171006824821233,-0.0004041312786284,0.0082155195996165,-0.0024188456591218,0.0073905512690544,0.0149345239624381,-0.0137321203947067,-0.0050885407254099,0.0132870906963944,-0.0006102274055592,0.0005701747140847,0.0020382893271744,0.0068375458940863,-0.0022370712831616,0.0083003668114542,0.0,0.0063610877841711,0.0190673191100359,-0.0284439958631992,-0.0116755366325378,-0.0019134802278131,-0.0028594646137207,0.0044095003977417,-0.0042708786204457,-0.0036454072687774,0.0097781205549836,0.0034535746676229,0.011299478432234,0.0086339367674705,0.0151228583757958,-0.0111281280882782,0.0065604931552842,0.0003837378439288,0.0531285881917698,0.0602455756353825,0.1252606665381974,0.0148585853890816,0.1026044560700547,2019-02-13,2019-02-14,2019-02-15,2019-02-19,2019-02-20,2019-02-21,2019-02-22,2019-02-25,2019-02-26,2019-02-27,88373.0,2019-02-12,252.0,-2.9423%,0.0014,0.3563,-0.0939,-0.1248,1.1826%,1.2532%,10.9505%,-0.034906,NNN,88373.0,2019-02-13,252.0,-0.3645%,0.0014,0.3562,-0.0961,-0.1266,1.1831%,1.2534%,10.8967%,-0.004599,NNN,88373.0,2019-02-14,252.0,0.7125%,0.0014,0.3548,-0.0927,-0.1304,1.1837%,1.2538%,10.8705%,0.007538,NNN,88373.0,2019-02-15,252.0,0.5163%,0.0015,0.3714,-0.0777,-0.1033,1.1771%,1.2504%,11.3748%,0.001911,NNN,88373.0,2019-02-19,252.0,-0.5897%,0.0013,0.3625,-0.0721,-0.0962,1.1689%,1.2384%,10.9094%,-0.006167,NNN,88373.0,2019-02-20,252.0,-1.3777%,0.0013,0.358,-0.0835,-0.1127,1.1726%,1.2420%,10.8631%,-0.013878,NNN,88373.0,2019-02-21,252.0,1.9402%,0.0014,0.3457,-0.1044,-0.1354,1.1704%,1.2381%,10.6387%,0.020309,NNN,88373.0,2019-02-22,252.0,0.2855%,0.0015,0.3455,-0.0912,-0.1256,1.1688%,1.2355%,10.5145%,-0.000908,NNN,88373.0,2019-02-25,252.0,-0.2088%,0.0014,0.3484,-0.0861,-0.1123,1.1588%,1.2257%,10.6158%,-0.003169,NNN,88373.0,2019-02-26,252.0,-0.5706%,0.0013,0.3503,-0.0776,-0.1064,1.1598%,1.2262%,10.5322%,-0.00617,NNN,88373.0,2019-02-27,252.0,-0.2678%,0.0013,0.347,-0.0729,-0.107,1.1592%,1.2242%,10.3440%,-0.003074,NNN,-0.039505,-0.0319669999999999,-0.0300559999999999,-0.050101,-0.043113
10795,N N N REIT INC,National Retail Properties Sees FY19 EPS $1.60-$1.65 vs $1.60 Est.,6,uncertain,0.6,0.2,"the guidance for fy19 eps is in line with estimates, which may not significantly impact investor sentiment or stock price.",1,2019-02-12,NNN,2019-02-12 13:35:00+00:00,88373.0,63741710,-0.029422752559185,1142244.0,-0.0036454072687774,0.0097781205549836,0.0071249553002417,0.0015066259074956,0.0051625329069793,0.0037806604523211,-0.0058969254605472,-0.0132437804713845,-0.0137772187590599,0.004873517435044,0.0194024052470922,0.0202715154737234,0.0028549239505082,-0.0079680932685732,-0.002087621949613,0.0111259929835796,-0.0057056494988501,0.010172794573009,-0.0026778767351061,0.0120434910058975,-0.0007671829080209,0.0125885009765625,-0.005758143030107,0.0252066943794488,0.0077220373786985,-0.0030157121364027,0.000383150530979,-0.0053988532163202,-0.0107238870114088,0.0006002156878821,0.0056136450730264,-0.0057688662782311,0.0038498702924698,0.0049980008043348,0.0120804840698838,0.0117314290255308,0.0075786574743688,0.0079510584473609,-0.0033847368322312,-0.0080890096724033,0.0081132128834724,0.0120753198862075,-0.0069249286316335,0.0174927152693271,-0.0086694853380322,-0.0043541174381971,-0.002851667581126,0.0132353166118264,0.0131553597748279,-0.004392446950078,0.022205501794815,-0.0020872151944786,-0.0025773083325475,0.0131105715408921,0.0042451005429029,-0.0251494012773037,0.0101084215566515,0.0018587392987683,0.0054585016332566,0.0049812756478786,0.0081433365121483,0.0071070264093577,-0.005744026042521,0.0498134829103946,-0.0129987588152289,-0.058665569871664,-0.0111577976495027,-0.0110316835343837,-0.0110988216474652,-0.0113107971847057,0.000187095705769,-0.0030205703806132,0.0028052686247974,0.0169977061450481,-0.0011189399519935,-0.0359328649938106,-0.0074682882986962,-0.0037371877115219,0.0114748049527406,0.0178178045898675,-0.0042774695903062,-0.0236512720584869,0.0001867448881966,0.0086750518530607,-0.0022408764343708,-0.0019676992669701,-0.0353733748197555,-0.0052848006598651,-0.0151339266449213,0.0287958178669214,0.015366481617093,-0.0069985701702535,-0.0145518044009804,-0.0009988623205572,0.0131915370002389,0.0119264228269457,0.0171006824821233,-0.0004041312786284,0.0082155195996165,-0.0024188456591218,0.0073905512690544,0.0149345239624381,-0.0137321203947067,-0.0050885407254099,0.0132870906963944,-0.0006102274055592,0.0005701747140847,0.0020382893271744,0.0068375458940863,-0.0022370712831616,0.0083003668114542,0.0,0.0063610877841711,0.0190673191100359,-0.0284439958631992,-0.0116755366325378,-0.0019134802278131,-0.0028594646137207,0.0044095003977417,-0.0042708786204457,-0.0036454072687774,0.0097781205549836,0.0034535746676229,0.011299478432234,0.0086339367674705,0.0151228583757958,-0.0111281280882782,0.0065604931552842,0.0003837378439288,0.0531285881917698,0.0602455756353825,0.1252606665381974,0.0148585853890816,0.1026044560700547,2019-02-13,2019-02-14,2019-02-15,2019-02-19,2019-02-20,2019-02-21,2019-02-22,2019-02-25,2019-02-26,2019-02-27,88373.0,2019-02-12,252.0,-2.9423%,0.0014,0.3563,-0.0939,-0.1248,1.1826%,1.2532%,10.9505%,-0.034906,NNN,88373.0,2019-02-13,252.0,-0.3645%,0.0014,0.3562,-0.0961,-0.1266,1.1831%,1.2534%,10.8967%,-0.004599,NNN,88373.0,2019-02-14,252.0,0.7125%,0.0014,0.3548,-0.0927,-0.1304,1.1837%,1.2538%,10.8705%,0.007538,NNN,88373.0,2019-02-15,252.0,0.5163%,0.0015,0.3714,-0.0777,-0.1033,1.1771%,1.2504%,11.3748%,0.001911,NNN,88373.0,2019-02-19,252.0,-0.5897%,0.0013,0.3625,-0.0721,-0.0962,1.1689%,1.2384%,10.9094%,-0.006167,NNN,88373.0,2019-02-20,252.0,-1.3777%,0.0013,0.358,-0.0835,-0.1127,1.1726%,1.2420%,10.8631%,-0.013878,NNN,88373.0,2019-02-21,252.0,1.9402%,0.0014,0.3457,-0.1044,-0.1354,1.1704%,1.2381%,10.6387%,0.020309,NNN,88373.0,2019-02-22,252.0,0.2855%,0.0015,0.3455,-0.0912,-0.1256,1.1688%,1.2355%,10.5145%,-0.000908,NNN,88373.0,2019-02-25,252.0,-0.2088%,0.0014,0.3484,-0.0861,-0.1123,1.1588%,1.2257%,10.6158%,-0.003169,NNN,88373.0,2019-02-26,252.0,-0.5706%,0.0013,0.3503,-0.0776,-0.1064,1.1598%,1.2262%,10.5322%,-0.00617,NNN,88373.0,2019-02-27,252.0,-0.2678%,0.0013,0.347,-0.0729,-0.107,1.1592%,1.2242%,10.3440%,-0.003074,NNN,-0.039505,-0.0319669999999999,-0.0300559999999999,-0.050101,-0.043113
10803,N N N REIT INC,"National Retail Q4 AFFO/Share $0.63, Same YoY, Sales $158.98M Beat $157.3M Estimate",6,increase,0.7,0.6,"the company reported affo per share in line with expectations and exceeded sales estimates, which typically signals positive performance and can lead to an increase in stock price.",2,2019-02-12,NNN,2019-02-12 13:34:00+00:00,88373.0,63741710,-0.029422752559185,1142244.0,-0.0036454072687774,0.0097781205549836,0.0071249553002417,0.0015066259074956,0.0051625329069793,0.0037806604523211,-0.0058969254605472,-0.0132437804713845,-0.0137772187590599,0.004873517435044,0.0194024052470922,0.0202715154737234,0.0028549239505082,-0.0079680932685732,-0.002087621949613,0.0111259929835796,-0.0057056494988501,0.010172794573009,-0.0026778767351061,0.0120434910058975,-0.0007671829080209,0.0125885009765625,-0.005758143030107,0.0252066943794488,0.0077220373786985,-0.0030157121364027,0.000383150530979,-0.0053988532163202,-0.0107238870114088,0.0006002156878821,0.0056136450730264,-0.0057688662782311,0.0038498702924698,0.0049980008043348,0.0120804840698838,0.0117314290255308,0.0075786574743688,0.0079510584473609,-0.0033847368322312,-0.0080890096724033,0.0081132128834724,0.0120753198862075,-0.0069249286316335,0.0174927152693271,-0.0086694853380322,-0.0043541174381971,-0.002851667581126,0.0132353166118264,0.0131553597748279,-0.004392446950078,0.022205501794815,-0.0020872151944786,-0.0025773083325475,0.0131105715408921,0.0042451005429029,-0.0251494012773037,0.0101084215566515,0.0018587392987683,0.0054585016332566,0.0049812756478786,0.0081433365121483,0.0071070264093577,-0.005744026042521,0.0498134829103946,-0.0129987588152289,-0.058665569871664,-0.0111577976495027,-0.0110316835343837,-0.0110988216474652,-0.0113107971847057,0.000187095705769,-0.0030205703806132,0.0028052686247974,0.0169977061450481,-0.0011189399519935,-0.0359328649938106,-0.0074682882986962,-0.0037371877115219,0.0114748049527406,0.0178178045898675,-0.0042774695903062,-0.0236512720584869,0.0001867448881966,0.0086750518530607,-0.0022408764343708,-0.0019676992669701,-0.0353733748197555,-0.0052848006598651,-0.0151339266449213,0.0287958178669214,0.015366481617093,-0.0069985701702535,-0.0145518044009804,-0.0009988623205572,0.0131915370002389,0.0119264228269457,0.0171006824821233,-0.0004041312786284,0.0082155195996165,-0.0024188456591218,0.0073905512690544,0.0149345239624381,-0.0137321203947067,-0.0050885407254099,0.0132870906963944,-0.0006102274055592,0.0005701747140847,0.0020382893271744,0.0068375458940863,-0.0022370712831616,0.0083003668114542,0.0,0.0063610877841711,0.0190673191100359,-0.0284439958631992,-0.0116755366325378,-0.0019134802278131,-0.0028594646137207,0.0044095003977417,-0.0042708786204457,-0.0036454072687774,0.0097781205549836,0.0034535746676229,0.011299478432234,0.0086339367674705,0.0151228583757958,-0.0111281280882782,0.0065604931552842,0.0003837378439288,0.0531285881917698,0.0602455756353825,0.1252606665381974,0.0148585853890816,0.1026044560700547,2019-02-13,2019-02-14,2019-02-15,2019-02-19,2019-02-20,2019-02-21,2019-02-22,2019-02-25,2019-02-26,2019-02-27,88373.0,2019-02-12,252.0,-2.9423%,0.0014,0.3563,-0.0939,-0.1248,1.1826%,1.2532%,10.9505%,-0.034906,NNN,88373.0,2019-02-13,252.0,-0.3645%,0.0014,0.3562,-0.0961,-0.1266,1.1831%,1.2534%,10.8967%,-0.004599,NNN,88373.0,2019-02-14,252.0,0.7125%,0.0014,0.3548,-0.0927,-0.1304,1.1837%,1.2538%,10.8705%,0.007538,NNN,88373.0,2019-02-15,252.0,0.5163%,0.0015,0.3714,-0.0777,-0.1033,1.1771%,1.2504%,11.3748%,0.001911,NNN,88373.0,2019-02-19,252.0,-0.5897%,0.0013,0.3625,-0.0721,-0.0962,1.1689%,1.2384%,10.9094%,-0.006167,NNN,88373.0,2019-02-20,252.0,-1.3777%,0.0013,0.358,-0.0835,-0.1127,1.1726%,1.2420%,10.8631%,-0.013878,NNN,88373.0,2019-02-21,252.0,1.9402%,0.0014,0.3457,-0.1044,-0.1354,1.1704%,1.2381%,10.6387%,0.020309,NNN,88373.0,2019-02-22,252.0,0.2855%,0.0015,0.3455,-0.0912,-0.1256,1.1688%,1.2355%,10.5145%,-0.000908,NNN,88373.0,2019-02-25,252.0,-0.2088%,0.0014,0.3484,-0.0861,-0.1123,1.1588%,1.2257%,10.6158%,-0.003169,NNN,88373.0,2019-02-26,252.0,-0.5706%,0.0013,0.3503,-0.0776,-0.1064,1.1598%,1.2262%,10.5322%,-0.00617,NNN,88373.0,2019-02-27,252.0,-0.2678%,0.0013,0.347,-0.0729,-0.107,1.1592%,1.2242%,10.3440%,-0.003074,NNN,-0.039505,-0.0319669999999999,-0.0300559999999999,-0.050101,-0.043113
10811,NORFOLK SOUTHERN CORP,"Morgan Stanley Maintains Underweight on Norfolk Southern, Raises Price Target to $133",6,uncertain,0.6,0.2,"while maintaining an underweight rating suggests a negative outlook, the raised price target could indicate some level of optimism, leading to uncertainty in the stock's immediate reaction.",1,2019-02-12,NSC,2019-02-12 13:26:00+00:00,64311.0,65584410,0.0206838306039571,2382536.0,0.0018824889557436,0.0320190712809562,0.0043105762451887,0.005807505454868,0.006273039150983,0.0088176438584923,-0.0006015235558152,0.0005920822150073,0.0039943698793649,-0.0062959226779639,-0.0029974551871418,0.0024774267803877,0.0019678615499287,0.0157982185482978,-0.0103109618648886,-0.0038009227719157,-0.0049611879512667,0.0086863487958908,0.0017174273962154,0.0068761650472879,-0.0084061734378337,0.0040576439350843,-0.0023982594721019,-0.0049415891990065,0.0051993513479828,0.0105352634564042,-0.0109010385349392,-0.0068343393504619,0.0061853695660829,-0.021946208551526,-0.0012853231746703,0.0240489523857832,-0.0107996631413698,0.0139426589012146,0.0229663848876953,0.0019693030044436,-0.0082392739132046,-0.0075128003954887,0.0024532319512218,0.0008558466215617,-0.0044495677575469,0.0134440129622817,0.0029610523488372,0.0150934485718607,0.0167669039219617,0.0151302041485905,-0.0205445680767297,0.0334498360753059,-0.0029086265712976,0.0069089788012206,0.0131830256432294,0.0452020168304443,-0.0147832240909338,-0.0369131304323673,0.0105091324076056,0.0,0.0090094832703471,0.0103371310979127,0.005456680431962,-0.0060439803637564,0.0217629708349704,0.0110673876479268,0.0026825473178178,0.0535804107785224,0.0355823971331119,-0.0317911878228187,-0.002790086204186,-0.0106893079355359,-0.0037305762525647,-0.0067378361709415,-0.0040045990608632,-0.0096387704834342,0.0035507699940353,0.005285260733217,0.0095738396048545,-0.0218717064708471,-0.0065969116985797,-0.0421533733606338,-0.0007263262523338,0.0052329758182168,0.0029593065846711,0.0075874011963605,0.015374269336462,-0.0023094727657735,-0.0123884417116642,-0.0070705176331102,-0.0025810447987169,-0.0320611447095871,0.0200807619839906,-0.0223039183765649,0.0075088567100465,-0.0365315005183219,0.0146540617570281,0.0084338011220097,0.0008933081990107,0.013654732145369,0.0249417312443256,0.0033955282997339,-0.0188195426017046,0.0311424564570188,0.0065578711219131,-0.0079824356362223,-0.0063681937754154,0.0012813101056963,0.0058174324221909,-0.014135374687612,-0.0187236908823251,0.0215053763240575,0.0089410990476608,-0.0456224642693996,0.0195395648479461,-0.0088346656411886,-0.0039013121277093,-0.0048010284081101,-0.0150298252701759,0.0327360294759273,0.001789356349036,0.0034767207689583,0.0057554137893021,-0.0011375796748325,0.0018824889557436,0.0320190712809562,0.0062011798131067,0.0380125276669482,0.0125131192078398,0.0471653524565689,0.0159459878489505,0.0411885848255104,0.0011627636728475,0.0727284178793266,0.0100215805179226,0.1943296787422828,0.1271621837395116,0.0648921705529201,2019-02-13,2019-02-14,2019-02-15,2019-02-19,2019-02-20,2019-02-21,2019-02-22,2019-02-25,2019-02-26,2019-02-27,64311.0,2019-02-12,252.0,2.0684%,0.0011,1.1643,-0.0096,0.4274,1.2413%,1.6978%,46.5457%,0.005564,NSC,64311.0,2019-02-13,252.0,0.1882%,0.0011,1.1655,-0.0128,0.4261,1.2412%,1.6963%,46.4632%,-0.001771,NSC,64311.0,2019-02-14,252.0,0.4311%,0.0012,1.1637,-0.0084,0.4212,1.2422%,1.6964%,46.3799%,0.009196,NSC,64311.0,2019-02-15,252.0,0.6273%,0.0011,1.1628,-0.0102,0.4184,1.2431%,1.6948%,46.2076%,-0.008977,NSC,64311.0,2019-02-19,252.0,-0.0602%,0.0012,1.1654,-0.0187,0.4087,1.2413%,1.6949%,46.3647%,-0.004136,NSC,64311.0,2019-02-20,252.0,0.3994%,0.0012,1.165,-0.0195,0.4071,1.2413%,1.6950%,46.3663%,-0.000527,NSC,64311.0,2019-02-21,252.0,-0.2997%,0.0012,1.1607,-0.0282,0.3992,1.2392%,1.6907%,46.2762%,0.002136,NSC,64311.0,2019-02-22,252.0,0.1968%,0.0012,1.1605,-0.0215,0.4036,1.2388%,1.6897%,46.2460%,0.000346,NSC,64311.0,2019-02-25,252.0,-1.0311%,0.0011,1.1628,-0.013,0.4164,1.2356%,1.6877%,46.3994%,-0.0114809999999999,NSC,64311.0,2019-02-26,252.0,-0.4961%,0.0011,1.1697,-0.0155,0.4204,1.2340%,1.6876%,46.5339%,-0.00191,NSC,64311.0,2019-02-27,252.0,0.1717%,0.0011,1.1669,-0.0106,0.4199,1.2333%,1.6832%,46.3117%,0.001099,NSC,0.003793,0.012989,0.004012,-0.000651,-0.010461
10819,NUVASIVE INC,"Jefferies Downgrades NuVasive, Says M&A Unlikely To Materialize",6,decrease,0.8,0.7,"a downgrade from jefferies typically signals reduced confidence in the company's future performance, which is likely to negatively impact investor sentiment and lead to a decrease in stock price.",0,2019-02-12,NUVA,2019-02-12 15:21:00+00:00,90188.0,67070410,0.0349252112209796,1665120.0,-0.0043044076301157,0.1325933337211609,0.0115856500342488,-0.0192003399133682,0.0015384641010314,0.0085845543071627,-0.0213346984237432,-0.0130049232393503,-0.0334845148026943,0.0001970500889001,0.0333814918994903,0.032770212739706,0.0190326552838087,-0.0201435647904872,-0.0044551426544785,0.0289349444210529,0.0068847080692648,0.005156765691936,-0.0037607045378535,-0.0110159302130341,0.0106383450329303,-0.0054777935147285,-0.0071307634934782,0.0094204191118478,0.001538990298286,0.0247639082372188,0.0010244386503472,-0.0029294702690094,0.0010233252542093,-0.0047896616160869,0.0022150464355945,0.0243173930794,-0.0127507653087377,0.0251476392149925,0.0110211707651615,-0.0144396973773837,-0.0584227629005909,0.0304242242127656,0.0108538763597607,-0.0111989928409457,-0.0125268567353487,-0.011289631947875,0.0034432515967637,0.0343589186668396,-0.0061405119486153,0.0,0.0141741344705224,-0.020242067053914,-0.0084214517846703,-0.0919080600142479,0.0242139529436826,0.0266666505485773,-0.0119971828535199,0.0057767438702285,0.016071455553174,-0.0219935458153486,0.0066783349029719,0.0246020779013633,-0.0043645254336297,-0.0047325012274086,-0.01332629006356,0.0012360436376184,0.009241166524589,0.0188917201012373,-0.0154957044869661,-0.0181368719786405,-0.0060812048614025,-0.0367281809449195,0.0019794963300228,-0.0281690694391727,0.0073635028675198,-0.0048003070987761,0.0247815903276205,-0.0201316960155963,-0.0038274393882602,-0.0357401557266712,-0.0186866875737905,-0.0183437671512365,0.0108560351654887,-0.0083009079098701,0.0051056500524282,0.0001766175846569,-0.003152921795845,0.0103516299277544,0.0073801088146865,-0.0016037090681493,-0.0238967854529619,-0.0300726182758808,-0.0371693708002567,-0.0246122572571039,-0.0035264000762254,-0.0478330589830875,0.0307320095598697,-0.0218244530260562,0.0337910912930965,0.0206730291247367,0.0274427495896816,0.0004810420796275,0.0069751590490341,-0.006688994821161,0.0111505296081304,0.0091610364615917,0.0100251007825136,-0.0178373679518699,0.0024813516065478,0.0020562678109854,0.0,0.0279674995690584,0.0267327185720205,0.0030989826191216,0.0118932472541928,-0.0042228084057569,0.0398666150867939,0.0178541578352451,-0.0404765754938125,0.0214454643428325,-0.006844958756119,0.0247447695583105,-0.0044878791086375,0.0059181922115385,-0.0043044076301157,0.1325933337211609,0.0072313730437258,0.1108471567300997,0.0087809623525862,0.1203832844740064,-0.0457989613345416,0.1060306863685316,0.0034434712623616,0.144838806965051,-0.0180785686957977,0.154732527457988,0.0693870252513277,-0.0231505935537006,2019-02-13,2019-02-14,2019-02-15,2019-02-19,2019-02-20,2019-02-21,2019-02-22,2019-02-25,2019-02-26,2019-02-27,90188.0,2019-02-12,252.0,3.4925%,0.0009,0.6552,0.4824,0.0811,2.1569%,2.2778%,10.3315%,0.026114,NUVA,90188.0,2019-02-13,252.0,-0.4304%,0.0009,0.6556,0.4787,0.0786,2.1573%,2.2779%,10.3115%,-0.006585,NUVA,90188.0,2019-02-14,252.0,1.1586%,0.0009,0.6536,0.4843,0.0719,2.1580%,2.2788%,10.3245%,0.010829,NUVA,90188.0,2019-02-15,252.0,0.1538%,0.001,0.66,0.4892,0.0812,2.1567%,2.2787%,10.4251%,-0.0075029999999999,NUVA,90188.0,2019-02-19,252.0,-2.1335%,0.0008,0.6468,0.485,0.0776,2.1564%,2.2740%,10.0719%,-0.0243509999999999,NUVA,90188.0,2019-02-20,252.0,-3.3485%,0.0006,0.6364,0.4611,0.0403,2.1689%,2.2842%,9.8406%,-0.036307,NUVA,90188.0,2019-02-21,252.0,3.3381%,0.0008,0.625,0.4458,0.0192,2.1796%,2.2916%,9.5289%,0.036051,NUVA,90188.0,2019-02-22,252.0,1.9033%,0.0008,0.6231,0.4546,0.0037,2.1807%,2.2942%,9.6508%,0.0127,NUVA,90188.0,2019-02-25,252.0,-0.4455%,0.0009,0.6219,0.4559,-0.0,2.1800%,2.2936%,9.6616%,-0.004301,NUVA,90188.0,2019-02-26,252.0,0.6885%,0.0009,0.6138,0.45,-0.009,2.1799%,2.2912%,9.4737%,0.010697,NUVA,90188.0,2019-02-27,252.0,-0.3761%,0.0008,0.6127,0.4502,-0.0092,2.1802%,2.2910%,9.4342%,-0.005279,NUVA,0.019529,0.030358,0.022855,-0.0378029999999999,0.012065
10827,NUVASIVE INC,Jefferies Downgrades NuVasive to Hold,6,decrease,0.8,0.7,"a downgrade from an investment firm typically signals reduced confidence in the company's future performance, which can lead to a decline in stock price.",0,2019-02-12,NUVA,2019-02-12 11:44:00+00:00,90188.0,67070410,0.0349252112209796,1665120.0,-0.0043044076301157,0.1325933337211609,0.0115856500342488,-0.0192003399133682,0.0015384641010314,0.0085845543071627,-0.0213346984237432,-0.0130049232393503,-0.0334845148026943,0.0001970500889001,0.0333814918994903,0.032770212739706,0.0190326552838087,-0.0201435647904872,-0.0044551426544785,0.0289349444210529,0.0068847080692648,0.005156765691936,-0.0037607045378535,-0.0110159302130341,0.0106383450329303,-0.0054777935147285,-0.0071307634934782,0.0094204191118478,0.001538990298286,0.0247639082372188,0.0010244386503472,-0.0029294702690094,0.0010233252542093,-0.0047896616160869,0.0022150464355945,0.0243173930794,-0.0127507653087377,0.0251476392149925,0.0110211707651615,-0.0144396973773837,-0.0584227629005909,0.0304242242127656,0.0108538763597607,-0.0111989928409457,-0.0125268567353487,-0.011289631947875,0.0034432515967637,0.0343589186668396,-0.0061405119486153,0.0,0.0141741344705224,-0.020242067053914,-0.0084214517846703,-0.0919080600142479,0.0242139529436826,0.0266666505485773,-0.0119971828535199,0.0057767438702285,0.016071455553174,-0.0219935458153486,0.0066783349029719,0.0246020779013633,-0.0043645254336297,-0.0047325012274086,-0.01332629006356,0.0012360436376184,0.009241166524589,0.0188917201012373,-0.0154957044869661,-0.0181368719786405,-0.0060812048614025,-0.0367281809449195,0.0019794963300228,-0.0281690694391727,0.0073635028675198,-0.0048003070987761,0.0247815903276205,-0.0201316960155963,-0.0038274393882602,-0.0357401557266712,-0.0186866875737905,-0.0183437671512365,0.0108560351654887,-0.0083009079098701,0.0051056500524282,0.0001766175846569,-0.003152921795845,0.0103516299277544,0.0073801088146865,-0.0016037090681493,-0.0238967854529619,-0.0300726182758808,-0.0371693708002567,-0.0246122572571039,-0.0035264000762254,-0.0478330589830875,0.0307320095598697,-0.0218244530260562,0.0337910912930965,0.0206730291247367,0.0274427495896816,0.0004810420796275,0.0069751590490341,-0.006688994821161,0.0111505296081304,0.0091610364615917,0.0100251007825136,-0.0178373679518699,0.0024813516065478,0.0020562678109854,0.0,0.0279674995690584,0.0267327185720205,0.0030989826191216,0.0118932472541928,-0.0042228084057569,0.0398666150867939,0.0178541578352451,-0.0404765754938125,0.0214454643428325,-0.006844958756119,0.0247447695583105,-0.0044878791086375,0.0059181922115385,-0.0043044076301157,0.1325933337211609,0.0072313730437258,0.1108471567300997,0.0087809623525862,0.1203832844740064,-0.0457989613345416,0.1060306863685316,0.0034434712623616,0.144838806965051,-0.0180785686957977,0.154732527457988,0.0693870252513277,-0.0231505935537006,2019-02-13,2019-02-14,2019-02-15,2019-02-19,2019-02-20,2019-02-21,2019-02-22,2019-02-25,2019-02-26,2019-02-27,90188.0,2019-02-12,252.0,3.4925%,0.0009,0.6552,0.4824,0.0811,2.1569%,2.2778%,10.3315%,0.026114,NUVA,90188.0,2019-02-13,252.0,-0.4304%,0.0009,0.6556,0.4787,0.0786,2.1573%,2.2779%,10.3115%,-0.006585,NUVA,90188.0,2019-02-14,252.0,1.1586%,0.0009,0.6536,0.4843,0.0719,2.1580%,2.2788%,10.3245%,0.010829,NUVA,90188.0,2019-02-15,252.0,0.1538%,0.001,0.66,0.4892,0.0812,2.1567%,2.2787%,10.4251%,-0.0075029999999999,NUVA,90188.0,2019-02-19,252.0,-2.1335%,0.0008,0.6468,0.485,0.0776,2.1564%,2.2740%,10.0719%,-0.0243509999999999,NUVA,90188.0,2019-02-20,252.0,-3.3485%,0.0006,0.6364,0.4611,0.0403,2.1689%,2.2842%,9.8406%,-0.036307,NUVA,90188.0,2019-02-21,252.0,3.3381%,0.0008,0.625,0.4458,0.0192,2.1796%,2.2916%,9.5289%,0.036051,NUVA,90188.0,2019-02-22,252.0,1.9033%,0.0008,0.6231,0.4546,0.0037,2.1807%,2.2942%,9.6508%,0.0127,NUVA,90188.0,2019-02-25,252.0,-0.4455%,0.0009,0.6219,0.4559,-0.0,2.1800%,2.2936%,9.6616%,-0.004301,NUVA,90188.0,2019-02-26,252.0,0.6885%,0.0009,0.6138,0.45,-0.009,2.1799%,2.2912%,9.4737%,0.010697,NUVA,90188.0,2019-02-27,252.0,-0.3761%,0.0008,0.6127,0.4502,-0.0092,2.1802%,2.2910%,9.4342%,-0.005279,NUVA,0.019529,0.030358,0.022855,-0.0378029999999999,0.012065
10835,NORTHWESTERN CORP,"NorthWestern Earlier Reported Q4 EPS $1.07 Beats $1 Estimate, Sales $308.816M Miss $402.08M Estimate",6,decrease,0.7,0.6,"while the eps beat expectations, the significant miss in sales suggests underlying issues that could negatively impact investor sentiment.",0,2019-02-12,NWE,2019-02-12 13:43:00+00:00,90458.0,66807430,0.0092335864901542,380292.0,-0.0079293120652437,-0.0004614486824721,-0.0010759253054857,0.0055684549733996,0.0084628872573375,0.0179499797523021,0.0073237065225839,-0.0006294400664046,0.0025750652421265,0.0022078440524637,0.0089136771857738,0.0053908382542431,0.0094340359792113,-0.0131434854120016,-0.002966986503452,0.0147665971890091,0.0016366703202947,0.0125401727855205,0.0095068244263529,0.0087577188387513,0.0085344593971967,-0.0059648384340107,0.0074409414082765,-0.0110013140365481,0.0063721188344061,0.0052893385291099,-0.0092099495232105,0.0126602621749043,0.0050834929570555,-0.0090075209736824,0.0062138773500919,0.0051738028414547,0.0077552911825478,0.0097958939149975,0.0054154894314706,0.0047572329640388,0.0046774512156844,0.0200803354382515,-0.0032448607962578,-0.0149991735816001,0.0021939394064247,-0.0083360923454165,0.0072617754340171,0.0181394591927528,-0.0059372093528509,-0.0003327309386804,-0.007110352627933,0.018813569098711,-0.0007161708781495,-0.0042194090783596,0.009603064507246,0.0194425508379936,0.0029812476132065,0.0015509246150031,0.0080679357051849,-0.0237213969230651,0.0011233056429773,0.0005049449391663,-0.0056101195514202,0.0032083522528409,-0.011142467148602,0.0116159943863749,0.0042790337465703,0.0089624347165226,0.000284002861008,-0.0553565248847007,0.0031236861832439,-0.0126989381387829,-0.004246327560395,0.0011264836648479,-0.0036958372220397,-0.0027283257804811,0.0087031051516532,-0.0004812123661395,-0.0106082037091255,-0.0248709544539451,-0.0027161517646163,-0.008068217895925,-0.0012901944573968,0.0105720972642302,0.0037319096736609,-0.0021718800999224,-0.0038609558250755,0.0023324759677052,-0.0018662773072719,0.0004666891763918,-0.0056090811267495,0.0046889535151422,-0.0075209233909845,-0.0006247594719752,-0.005537814926356,-0.0004684840969275,-0.0099648348987102,0.0014071915065869,0.0078448606655001,0.0077201491221785,0.0099867871031165,-0.0018870723433792,-0.0034898628946393,-0.0051626726053655,0.0074420273303985,0.0026666379999369,-0.008256078697741,0.007905138656497,0.0201547723263502,0.0060442355461418,-0.012455191463232,-0.0144223542883992,0.0052188020199537,-0.0015651662833988,0.0204788856208324,0.0070933285169303,0.002119863172993,-0.0032993385102599,-0.0007051621796563,0.005529262125492,-0.0189105831086635,0.0119904074817895,0.0025891875848174,0.0062741213478147,-0.0079293120652437,-0.0004614486824721,-0.0089967060232233,0.0051044367347166,-0.0006099568746477,0.0231460410230539,0.0093016245850938,0.0247595569408376,0.0362915091851321,0.0538437157033586,0.0899738490110051,0.0972644723659348,0.0715257045918476,0.0542877519398379,2019-02-13,2019-02-14,2019-02-15,2019-02-19,2019-02-20,2019-02-21,2019-02-22,2019-02-25,2019-02-26,2019-02-27,90458.0,2019-02-12,252.0,0.9234%,0.001,0.1944,-0.2565,0.024,1.1160%,1.1413%,4.3956%,0.006403,NWE,90458.0,2019-02-13,252.0,-0.7929%,0.001,0.1944,-0.2604,0.021,1.1174%,1.1428%,4.3908%,-0.008436,NWE,90458.0,2019-02-14,252.0,-0.1076%,0.001,0.1951,-0.2602,0.0198,1.1159%,1.1415%,4.4340%,0.000708,NWE,90458.0,2019-02-15,252.0,0.8463%,0.0012,0.2162,-0.2406,0.0549,1.1084%,1.1364%,4.8741%,0.006714,NWE,90458.0,2019-02-19,252.0,0.7324%,0.0012,0.2145,-0.2327,0.064,1.1075%,1.1346%,4.7164%,0.007346,NWE,90458.0,2019-02-20,252.0,0.2575%,0.0011,0.2136,-0.2402,0.0594,1.1046%,1.1321%,4.7897%,0.002227,NWE,90458.0,2019-02-21,252.0,0.8914%,0.0012,0.2049,-0.2561,0.0433,1.0995%,1.1265%,4.7425%,0.009573,NWE,90458.0,2019-02-22,252.0,0.9434%,0.0012,0.2035,-0.2517,0.0309,1.1008%,1.1273%,4.6488%,0.0100469999999999,NWE,90458.0,2019-02-25,252.0,-0.2967%,0.0012,0.2035,-0.2492,0.0322,1.1013%,1.1276%,4.6185%,-0.003971,NWE,90458.0,2019-02-26,252.0,0.1637%,0.0011,0.1914,-0.2363,0.0296,1.0937%,1.1171%,4.1423%,0.000374,NWE,90458.0,2019-02-27,252.0,0.9507%,0.0013,0.2001,-0.2492,0.0311,1.0883%,1.1139%,4.5347%,0.009719,NWE,-0.002033,-0.001325,0.005389,0.014962,0.040704
10843,NEW YORK TIMES CO,"New York Times Shares Pullback From Session High Following Unusual Option Activity: Feb. 15, 2019 $32 Puts At The Ask Showing Volume Of 1,000 Contracts vs Open Interest 1 Contract",6,decrease,0.7,0.6,the unusual option activity indicating a high volume of put contracts suggests that investors may be anticipating a decline in new york times co's stock price.,0,2019-02-12,NYT,2019-02-12 16:09:00+00:00,47466.0,65011110,0.0054400023072957,3703034.0,-0.0015913187526166,-0.0035076723434031,0.0188077222555875,0.0248366091400384,0.0021902283187955,0.030650045722723,-0.0021854417864233,0.103307344019413,-0.0028159650973975,0.0007437879685312,0.0081581491976976,0.0208807606250047,0.0099595291540026,0.0245041269809007,-0.0003082322364207,-0.0107734007760882,-0.0006165369413793,-0.0072574685327708,0.0268353726714849,0.0061491099186241,-0.0132172554731369,-0.0030651311390101,0.014307496137917,0.0131987631320953,-0.0027010850608348,0.0391286499798297,0.0117363650351762,0.0012116594007238,-0.0071385446935892,-0.0166799072176218,-0.0038945795968174,-0.0125490073114633,0.0027067714836448,0.0139165166765451,0.0191961415112018,0.0219422597438097,0.0064744325354695,0.0024440479464828,0.0084795588627457,0.0111202038824558,-0.0089881522580981,0.0214556250721216,0.0020479722879827,0.0008421245147474,-0.0037956517189741,0.0149572817608714,-0.0041031474247574,0.0253717843443155,-0.0185403488576412,0.0173565335571765,0.0110945357009768,0.0504908822476863,-0.0332147888839244,-0.0210526771843433,-0.0006133939605206,-0.0197398159652948,0.0009207727853208,-0.0049106562510132,0.0039865397848188,-0.0088495910167694,0.0018325459677726,-0.0035273334942758,0.0015243670204654,0.0370370112359523,0.0203957986086607,-0.0117486817762255,0.0011932536726817,-0.0181899610906839,-0.0017904374981299,-0.0267702471464872,0.0032885083928704,-0.0173949878662824,0.0,0.0120222745463252,0.0002979237469844,-0.0489995442330837,-0.0092344768345355,-0.0196156837046146,0.0162357464432716,-0.0103011187165975,0.0029586476739495,-0.0178988706320524,0.0032447429839521,0.0054773590527474,-0.0094089889898896,0.0179211013019084,0.0077174874022603,-0.0308760795742273,-0.002061846666038,-0.0207860637456178,-0.0070838746614754,-0.0228951573371887,-0.0208085849881172,0.009317927993834,0.0024287139531224,0.0003728646261151,0.0024227139074355,0.0026168110780417,-0.0172205362468957,0.0171102955937385,0.0169075652956962,0.0003803089202847,0.002116072922945,0.0170212965458631,0.0,0.0185185670852661,0.0027149366214871,0.0233870949596166,-0.0111312493681907,-0.0323839224874973,0.0228171590715646,-0.0254752896726131,0.0214158613234758,-0.0075471987947821,-0.0433896817266941,0.0211945753544569,0.0441400557756424,-0.0046029509976506,0.0145772602409124,-0.0110015515238046,-0.0015913187526166,-0.0035076723434031,0.0171864744218515,0.0212418181096509,0.0194143450436261,0.0525429265286685,0.0143221127270125,0.16214208559272,0.0595162578586718,0.200999210045961,0.0420115085585393,0.3851070043150546,0.1092273674042794,0.1875348336504192,2019-02-13,2019-02-14,2019-02-15,2019-02-19,2019-02-20,2019-02-21,2019-02-22,2019-02-25,2019-02-26,2019-02-27,47466.0,2019-02-12,252.0,0.5440%,0.001,0.8305,0.5505,0.0581,1.7730%,2.0013%,21.5203%,-0.005861,NYT,47466.0,2019-02-13,252.0,-0.1591%,0.001,0.8342,0.5422,0.0553,1.7722%,2.0014%,21.5902%,-0.004388,NYT,47466.0,2019-02-14,252.0,1.8808%,0.0011,0.8303,0.5515,0.0449,1.7754%,2.0044%,21.5486%,0.017961,NYT,47466.0,2019-02-15,252.0,0.2190%,0.001,0.8158,0.5374,0.02,1.7754%,1.9989%,21.1133%,-0.008887,NYT,47466.0,2019-02-19,252.0,-0.2185%,0.0009,0.8119,0.5371,0.0199,1.7751%,1.9962%,20.9211%,-0.005454,NYT,47466.0,2019-02-20,252.0,-0.2816%,0.0009,0.811,0.5389,0.0175,1.7747%,1.9958%,20.9331%,-0.00575,NYT,47466.0,2019-02-21,252.0,0.8158%,0.0009,0.8136,0.5465,0.0222,1.7737%,1.9958%,21.0200%,0.011476,NYT,47466.0,2019-02-22,252.0,0.9960%,0.001,0.8128,0.5627,0.028,1.7721%,1.9954%,21.1221%,0.001892,NYT,47466.0,2019-02-25,252.0,-0.0308%,0.0009,0.8134,0.5638,0.0306,1.7719%,1.9952%,21.1275%,-0.000114,NYT,47466.0,2019-02-26,252.0,-0.0617%,0.001,0.816,0.5567,0.0289,1.7717%,1.9950%,21.1309%,0.004294,NYT,47466.0,2019-02-27,252.0,2.6835%,0.0011,0.8189,0.5586,0.0295,1.7778%,2.0015%,21.1021%,0.0249779999999999,NYT,-0.010249,0.007712,-0.001175,-0.012379,0.0301469999999999
10851,GRUPO AEROPORTUARIO DEL CENTRO N,Grupo Aeroportuario del Centro Norte Late Monday Reported Q4 EPS $0.84 Beat $0.73 Estimate,6,increase,0.8,0.6,the reported earnings per share (eps) of $0.84 exceeding the estimate of $0.73 is likely to positively influence investor sentiment and increase the stock price.,2,2019-02-12,OMAB,2019-02-12 13:48:00+00:00,91617.0,40050110,0.0051373583264648,163738.0,-0.0215555820614099,0.012666848488152,0.0229389537125825,-0.017337242141366,-0.0033304067328572,0.0069382581859827,0.0080196168273687,-0.008213073015213,-0.0039779073558747,0.0044593261554837,0.050809871405363,0.0049293613992631,0.0095017049461603,-0.0042391484603285,0.0018824544968083,0.0170183796435594,-0.0064718448556959,-0.0054164221510291,-0.0115570332854986,-0.0087248180061578,-0.0306122954934835,-0.0040107020176947,-0.026096461340785,-0.002445001155138,0.0319748260080814,-0.0174710471183061,-0.0104735614731907,-0.0167489536106586,-0.0103637799620628,0.0177010800689458,-0.0334224589169025,-0.0108084743842482,-0.0053019719198346,0.0076235784217715,0.0166859179735183,0.0202222187072038,-0.0015956165734678,0.0190217420458793,-0.0257991123944521,0.0149391302838921,0.0114835174754262,0.0036908846814185,0.0069508627057075,0.0104894386604428,0.0032213390804827,-0.0117484061047434,0.021559689193964,0.0218926630914211,0.0125729134306311,0.0427098125219345,-0.0031041994225233,0.0261964965611696,-0.040257953107357,-0.0143991569057107,0.0097334450110793,0.0594423525035381,0.0165251605212688,-0.0475951358675956,-0.0069993534125387,0.0050351698882877,-0.0090949907898902,0.012748597189784,0.0346488803625106,0.0245559681206941,0.0159680917859077,-0.0136563405394554,0.0067670280113816,0.0146405585110187,-0.0084561882540583,0.0551724135875701,0.0192434079945087,0.0348273254930973,0.0396910198032856,0.0302940811961889,0.0121749928221106,0.005322303622961,-0.0040774876251816,-0.0222607813775539,-0.0032753297127783,-0.0190016496926546,-0.0119120562449097,0.0247020777314901,0.0083142323419451,-0.0034752080682665,0.0,-0.0330439731478691,0.00329828588292,-0.0005597665440291,0.008218646980822,-0.0016764842439442,-0.0063175335526466,-0.0072121587581932,0.0036915568634867,0.0081096459180116,-0.006538612768054,0.0,-0.0055532800033688,0.0539345107972621,0.0161324217915535,0.0020673270337283,0.0073275105096399,-0.0113868433982133,-0.0266721248626709,-0.0440971739590168,0.0209674518555402,-0.0164698995649814,-0.0002033781202044,0.0024766139686107,0.0105755636468529,-0.0314499028027057,0.0026162420399487,-0.0047745439223945,-0.0242874156683683,-0.010758327320218,-0.0057601062580943,0.0141032133251428,0.0208979565650224,-0.041570957750082,-0.0030401605181396,-0.0219506379216909,-0.0215555820614099,0.012666848488152,0.0008889091520181,-0.0048900018726211,-0.0024444580098639,0.0020143282178393,0.0015555483611406,-0.0017836784657361,0.0453333527653845,0.0015659896117687,-0.0226666758786848,0.1271399552151242,0.0931110797703249,0.1167373464301908,2019-02-13,2019-02-14,2019-02-15,2019-02-19,2019-02-20,2019-02-21,2019-02-22,2019-02-25,2019-02-26,2019-02-27,91617.0,2019-02-12,252.0,0.5137%,0.0007,0.5813,0.046,0.058,2.0812%,2.1679%,7.8421%,-0.002817,OMAB,91617.0,2019-02-13,252.0,-2.1556%,0.0006,0.5794,0.0394,0.051,2.0866%,2.1724%,7.7478%,-0.0233519999999999,OMAB,91617.0,2019-02-14,252.0,2.2939%,0.0007,0.574,0.0522,0.0369,2.0918%,2.1769%,7.6652%,0.024146,OMAB,91617.0,2019-02-15,252.0,-0.3330%,0.0007,0.5715,0.0489,0.0314,2.0926%,2.1769%,7.5993%,-0.010224,OMAB,91617.0,2019-02-19,252.0,0.8020%,0.0007,0.5733,0.0516,0.0344,2.0929%,2.1772%,7.5961%,0.006598,OMAB,91617.0,2019-02-20,252.0,-0.3978%,0.0007,0.5721,0.051,0.0305,2.0930%,2.1772%,7.5865%,-0.00547,OMAB,91617.0,2019-02-21,252.0,5.0810%,0.0008,0.57,0.0583,0.0263,2.1115%,2.1947%,7.4379%,0.052932,OMAB,91617.0,2019-02-22,252.0,0.9502%,0.0008,0.5694,0.0557,0.017,2.1117%,2.1954%,7.4793%,0.005762,OMAB,91617.0,2019-02-25,252.0,0.1882%,0.0008,0.5703,0.0564,0.0204,2.1112%,2.1949%,7.4840%,0.001104,OMAB,91617.0,2019-02-26,252.0,-0.6472%,0.0008,0.5785,0.0568,0.0268,2.1103%,2.1953%,7.6010%,-0.005231,OMAB,91617.0,2019-02-27,252.0,-1.1557%,0.0009,0.5894,0.0336,0.0286,2.1058%,2.1935%,7.8322%,-0.012253,OMAB,-0.0261689999999999,-0.0020229999999999,-0.0122469999999999,-0.0111189999999999,0.031195
10859,OMNICOM GROUP INC,"Omnicom Group Q4 EPS $1.77 Beats $1.67 Estimate, Sales $4.09B Miss $4.1B Estimate",6,uncertain,0.6,0.2,"while omnicom group's eps beat estimates, the sales miss could lead to mixed investor reactions, making the overall impact on stock price uncertain.",1,2019-02-12,OMC,2019-02-12 11:42:00+00:00,30681.0,68191910,0.0028424349147826,5467148.0,-0.0080982390791177,-0.0109772384166717,0.0107497749850153,0.0016089449636638,0.0096930703148245,0.0016116404440253,-0.0003999837208539,-0.0497703105211257,0.0010671179043129,0.0066804252564907,-0.0018654147861525,0.0030927560292184,0.0096114482730627,-0.0035952592734247,-0.0038344694767147,0.0059416056610643,0.0023891732562333,-0.000903338426724,-0.0023834786843508,0.0149312298744916,0.0047783465124666,-0.00065449019894,0.013474297709763,-0.0037814695388078,-0.0035193464718759,0.0190008003264665,-0.0005231300019659,0.0108798556029796,-0.0155739085748791,-0.0203947778791189,-0.0101037239655852,0.0221923552453517,0.0022831622045487,-0.0042855190113186,0.0206812471151351,-0.0189200155436992,-0.0034432807005941,0.0042221886105835,-0.002126294421032,-0.0094105498865246,0.0073245847597718,0.0073733404278755,-0.0022474639117717,0.0054275356233119,-0.0117927566170692,0.0072000119835138,0.0151514783501625,0.0168112497776746,-0.0186236426234245,0.0057268314994871,0.0096903573721647,0.0247309859842062,-0.0259930286556482,-0.0156787149608135,-0.0113589959219098,-0.0072364662773907,0.0049833972007036,0.0127212135121226,0.0035812966525554,0.0023561769630759,0.0054900017566978,0.0078223943710327,-0.0036855619400739,0.0366347953677177,0.0086313867941498,-0.0166596285998821,-0.0010866860393434,-0.0279584303498268,-0.0004079246427863,-0.0138080772012472,0.006121574435383,-0.0069901417009532,0.0162250492721796,-0.0077364523895084,0.0022618169896304,-0.010688804090023,-0.0046462030149996,-0.0163551680743694,0.0028007344808429,-0.0070884837768971,0.0062508471310138,0.0083170812577009,0.0101770628243684,0.0146360844373703,0.0061494335532188,0.004503262694925,0.0565669499337673,0.0002649263769853,0.0313846543431282,-0.0019832593388855,-0.0178997609764337,-0.0136933103203773,-0.0061968667432665,-0.0037677134387195,-0.0151607515290379,-0.0027209003455936,-0.0073246918618679,-0.0042575388215482,-0.0057528652250766,0.0029762340709567,0.0241509210318327,0.014572674408555,-0.007123579736799,0.0172275770455598,-0.0100197624415159,-0.0232194922864437,-0.0132450023666024,0.012681727297604,0.002406007843092,-0.014964235946536,0.0111166900023818,-0.0032425422687083,0.0023738434538245,0.0050840750336647,-0.0139598986133933,0.0026139973197132,0.004044996574521,0.0045955679379403,-0.0016366266645491,0.0060767070390284,-0.0080982390791177,-0.0109772384166717,0.0025644816580221,-0.0093859552254733,0.0122824096738789,-0.0077894415664951,0.0129573058003984,-0.0508735776403758,0.0168713743711854,-0.0323510318421417,-0.0079610754255583,0.0239777647751164,0.0797239811441254,-0.0159374269062321,2019-02-13,2019-02-14,2019-02-15,2019-02-19,2019-02-20,2019-02-21,2019-02-22,2019-02-25,2019-02-26,2019-02-27,30681.0,2019-02-12,252.0,0.2842%,0.0,0.7201,-0.0208,0.4281,1.3314%,1.5054%,21.7724%,-0.006384,OMC,30681.0,2019-02-13,252.0,-0.8098%,-0.0001,0.7116,-0.0107,0.4274,1.3296%,1.4988%,21.2939%,-0.010502,OMC,30681.0,2019-02-14,252.0,1.0750%,-0.0,0.7076,-0.003,0.4199,1.3317%,1.4990%,21.0696%,0.014679,OMC,30681.0,2019-02-15,252.0,0.9693%,-0.0002,0.6843,-0.024,0.382,1.3199%,1.4782%,20.2712%,-0.0004109999999999,OMC,30681.0,2019-02-19,252.0,-0.0400%,0.0001,0.7065,-0.0576,0.3422,1.2378%,1.4176%,23.7525%,-0.002877,OMC,30681.0,2019-02-20,252.0,0.1067%,0.0,0.7042,-0.0706,0.3319,1.2327%,1.4127%,23.8662%,-0.002131,OMC,30681.0,2019-02-21,252.0,-0.1865%,0.0,0.704,-0.0708,0.3315,1.2327%,1.4125%,23.8362%,0.001354,OMC,30681.0,2019-02-22,252.0,0.9611%,0.0001,0.7017,-0.0491,0.3248,1.2310%,1.4096%,23.7406%,0.010199,OMC,30681.0,2019-02-25,252.0,-0.3834%,0.0001,0.7015,-0.0471,0.3251,1.2313%,1.4097%,23.7140%,-0.00453,OMC,30681.0,2019-02-26,252.0,0.2389%,0.0001,0.703,-0.0542,0.3226,1.2313%,1.4092%,23.6522%,0.004183,OMC,30681.0,2019-02-27,252.0,-0.2383%,0.0001,0.702,-0.0532,0.3224,1.2313%,1.4078%,23.4985%,-0.002626,OMC,-0.016886,-0.002207,-0.002618,-0.007626,0.0009539999999999
10867,OCEAN POWER TECHNOLOGIES INC,"Ocean Power Technologies shares are trading higher after the company won a contract from the US Navy valued at up to $225,000.",6,increase,0.8,0.6,"winning a contract from the us navy typically signals positive business prospects and can boost investor confidence, likely leading to an increase in stock price.",2,2019-02-12,OPTT,2019-02-12 14:46:00+00:00,91964.0,67487050,-0.0288220755755901,2089135.0,-0.0132257901132106,0.0126903811469674,-0.0516508631408214,-0.0246016029268503,0.0258531291037797,0.0291401222348213,0.0181451682001352,0.0060878479853272,-0.0429043285548687,0.0028920320328325,0.0,0.0270626731216907,0.0310344956815242,-0.0531249679625034,-0.0013378153089433,0.0684474259614944,-0.0154051864519715,0.0292095523327589,0.0357143320143222,0.0,0.0341543406248092,-0.0245701074600219,-0.0092092864215374,-0.0124792903661727,-0.0352564342319965,-0.0409523658454418,-0.0099667478352785,-0.0425531864166259,-0.0567114166915416,-0.0594625361263752,-0.0074706184677779,0.0567975528538227,-0.0329749323427677,-0.0119403228163719,0.1489992290735245,0.0176184959709644,0.1290325224399567,-0.117426261305809,-0.2314285486936569,-0.0222804974764585,-0.046468399465084,-0.0368594005703926,-0.0526315756142139,0.0476064682006835,0.0349794402718544,-0.0102094020694494,-0.0894632712006568,0.0092469872906804,0.0240174960345029,-0.0039473176002502,-0.0127931647002697,0.0023740446195006,-0.0453563779592514,0.0372092798352241,-0.0452489331364631,0.0746839568018913,0.0971564799547195,0.0213212799280881,0.0410367287695407,0.0233558993786573,-0.0539419539272785,-0.0139394486322999,-0.0350876860320568,0.0387158170342445,0.0704545304179191,-0.0655882507562637,0.06157111749053,0.1024643257260323,0.5520000457763672,-0.0172084197402,-0.5902062058448792,-0.0212102178484201,-0.0377358868718147,-0.042985089123249,-0.02614376693964,-0.1300960779190063,-0.0134228058159351,0.0385653153061866,-0.0340136550366878,-0.094505526125431,-0.0246478654444217,0.2796875238418579,0.0469314493238925,-0.1796975433826447,-0.0448276251554489,-0.0490004830062389,-0.0649819746613502,-0.0091787548735737,0.0193050932139158,-0.0372093096375465,-0.0378788411617279,0.0750000029802322,0.0354331322014331,-0.0909090712666511,-0.0342205874621868,0.0473696589469909,0.0472441427409648,-0.0045023402199149,0.075187899172306,-0.0230351015925407,-0.0454545021057128,-0.0315022580325603,0.0219780001789331,-0.0897959172725677,-0.0035842261277139,0.0558069497346878,-0.0179855953902006,-0.0438813120126724,-0.0476190894842147,-0.0093877920880913,-0.0153846014291048,-0.0666666030883789,0.0039062462747097,-0.0056818579323589,-0.0233462825417518,-0.0258302558213472,-0.0318724811077117,0.0321843512356281,-0.0123456669971346,-0.0572710782289505,-0.0132257901132106,0.0126903811469674,-0.0641935297789654,-0.0122234254978509,-0.0400000042881885,0.0165605046238348,-0.0645161641270386,0.0257069938063487,-0.0177419005675109,0.0969072145397862,-0.2225804314488245,-0.0190534277561895,-0.6129031349297454,-0.4269299614578955,2019-02-13,2019-02-14,2019-02-15,2019-02-19,2019-02-20,2019-02-21,2019-02-22,2019-02-25,2019-02-26,2019-02-27,91964.0,2019-02-12,252.0,-2.8822%,-0.004,0.7087,1.4261,-0.2894,5.4394%,5.5675%,4.5508%,-0.039405,OPTT,91964.0,2019-02-13,252.0,-1.3226%,-0.0041,0.6983,1.4388,-0.2901,5.4386%,5.5661%,4.5291%,-0.015963,OPTT,91964.0,2019-02-14,252.0,-5.1651%,-0.0045,0.7082,1.4071,-0.2502,5.4419%,5.5655%,4.3929%,-0.0594489999999999,OPTT,91964.0,2019-02-15,252.0,2.5853%,-0.0043,0.7361,1.4343,-0.2021,5.4421%,5.5686%,4.4915%,0.0154329999999999,OPTT,91964.0,2019-02-19,252.0,1.8145%,-0.0042,0.7381,1.4471,-0.1878,5.4431%,5.5697%,4.4953%,0.0130929999999999,OPTT,91964.0,2019-02-20,252.0,-4.2904%,-0.0044,0.7273,1.4273,-0.2252,5.4492%,5.5751%,4.4637%,-0.046558,OPTT,91964.0,2019-02-21,252.0,0.0000%,-0.0044,0.7272,1.4288,-0.2254,5.4494%,5.5751%,4.4582%,0.0030719999999999,OPTT,91964.0,2019-02-22,252.0,3.1034%,-0.0043,0.7238,1.4498,-0.2475,5.4501%,5.5793%,4.5760%,0.015036,OPTT,91964.0,2019-02-25,252.0,-0.1338%,-0.0043,0.724,1.4476,-0.2477,5.4502%,5.5793%,4.5725%,0.000801,OPTT,91964.0,2019-02-26,252.0,-1.5405%,-0.0042,0.7309,1.4432,-0.2448,5.4498%,5.5797%,4.6007%,-0.0059,OPTT,91964.0,2019-02-27,252.0,3.5714%,-0.0041,0.7303,1.4549,-0.2448,5.4545%,5.5851%,4.6232%,0.031921,OPTT,-0.055368,-0.114817,-0.099384,-0.132849,-0.087919
10875,OCEAN POWER TECHNOLOGIES INC,Ocean Power Technologies Wins Up To $225K US Navy Contract For Development Of Buoy Mooring System Incorporating Fiber Optics For Transmission Of Subsea Sensor Data,6,increase,0.7,0.6,"the contract with the us navy for a buoy mooring system suggests a positive development for ocean power technologies, potentially boosting investor confidence and interest in the company's future prospects.",2,2019-02-12,OPTT,2019-02-12 14:11:00+00:00,91964.0,67487050,-0.0288220755755901,2089135.0,-0.0132257901132106,0.0126903811469674,-0.0516508631408214,-0.0246016029268503,0.0258531291037797,0.0291401222348213,0.0181451682001352,0.0060878479853272,-0.0429043285548687,0.0028920320328325,0.0,0.0270626731216907,0.0310344956815242,-0.0531249679625034,-0.0013378153089433,0.0684474259614944,-0.0154051864519715,0.0292095523327589,0.0357143320143222,0.0,0.0341543406248092,-0.0245701074600219,-0.0092092864215374,-0.0124792903661727,-0.0352564342319965,-0.0409523658454418,-0.0099667478352785,-0.0425531864166259,-0.0567114166915416,-0.0594625361263752,-0.0074706184677779,0.0567975528538227,-0.0329749323427677,-0.0119403228163719,0.1489992290735245,0.0176184959709644,0.1290325224399567,-0.117426261305809,-0.2314285486936569,-0.0222804974764585,-0.046468399465084,-0.0368594005703926,-0.0526315756142139,0.0476064682006835,0.0349794402718544,-0.0102094020694494,-0.0894632712006568,0.0092469872906804,0.0240174960345029,-0.0039473176002502,-0.0127931647002697,0.0023740446195006,-0.0453563779592514,0.0372092798352241,-0.0452489331364631,0.0746839568018913,0.0971564799547195,0.0213212799280881,0.0410367287695407,0.0233558993786573,-0.0539419539272785,-0.0139394486322999,-0.0350876860320568,0.0387158170342445,0.0704545304179191,-0.0655882507562637,0.06157111749053,0.1024643257260323,0.5520000457763672,-0.0172084197402,-0.5902062058448792,-0.0212102178484201,-0.0377358868718147,-0.042985089123249,-0.02614376693964,-0.1300960779190063,-0.0134228058159351,0.0385653153061866,-0.0340136550366878,-0.094505526125431,-0.0246478654444217,0.2796875238418579,0.0469314493238925,-0.1796975433826447,-0.0448276251554489,-0.0490004830062389,-0.0649819746613502,-0.0091787548735737,0.0193050932139158,-0.0372093096375465,-0.0378788411617279,0.0750000029802322,0.0354331322014331,-0.0909090712666511,-0.0342205874621868,0.0473696589469909,0.0472441427409648,-0.0045023402199149,0.075187899172306,-0.0230351015925407,-0.0454545021057128,-0.0315022580325603,0.0219780001789331,-0.0897959172725677,-0.0035842261277139,0.0558069497346878,-0.0179855953902006,-0.0438813120126724,-0.0476190894842147,-0.0093877920880913,-0.0153846014291048,-0.0666666030883789,0.0039062462747097,-0.0056818579323589,-0.0233462825417518,-0.0258302558213472,-0.0318724811077117,0.0321843512356281,-0.0123456669971346,-0.0572710782289505,-0.0132257901132106,0.0126903811469674,-0.0641935297789654,-0.0122234254978509,-0.0400000042881885,0.0165605046238348,-0.0645161641270386,0.0257069938063487,-0.0177419005675109,0.0969072145397862,-0.2225804314488245,-0.0190534277561895,-0.6129031349297454,-0.4269299614578955,2019-02-13,2019-02-14,2019-02-15,2019-02-19,2019-02-20,2019-02-21,2019-02-22,2019-02-25,2019-02-26,2019-02-27,91964.0,2019-02-12,252.0,-2.8822%,-0.004,0.7087,1.4261,-0.2894,5.4394%,5.5675%,4.5508%,-0.039405,OPTT,91964.0,2019-02-13,252.0,-1.3226%,-0.0041,0.6983,1.4388,-0.2901,5.4386%,5.5661%,4.5291%,-0.015963,OPTT,91964.0,2019-02-14,252.0,-5.1651%,-0.0045,0.7082,1.4071,-0.2502,5.4419%,5.5655%,4.3929%,-0.0594489999999999,OPTT,91964.0,2019-02-15,252.0,2.5853%,-0.0043,0.7361,1.4343,-0.2021,5.4421%,5.5686%,4.4915%,0.0154329999999999,OPTT,91964.0,2019-02-19,252.0,1.8145%,-0.0042,0.7381,1.4471,-0.1878,5.4431%,5.5697%,4.4953%,0.0130929999999999,OPTT,91964.0,2019-02-20,252.0,-4.2904%,-0.0044,0.7273,1.4273,-0.2252,5.4492%,5.5751%,4.4637%,-0.046558,OPTT,91964.0,2019-02-21,252.0,0.0000%,-0.0044,0.7272,1.4288,-0.2254,5.4494%,5.5751%,4.4582%,0.0030719999999999,OPTT,91964.0,2019-02-22,252.0,3.1034%,-0.0043,0.7238,1.4498,-0.2475,5.4501%,5.5793%,4.5760%,0.015036,OPTT,91964.0,2019-02-25,252.0,-0.1338%,-0.0043,0.724,1.4476,-0.2477,5.4502%,5.5793%,4.5725%,0.000801,OPTT,91964.0,2019-02-26,252.0,-1.5405%,-0.0042,0.7309,1.4432,-0.2448,5.4498%,5.5797%,4.6007%,-0.0059,OPTT,91964.0,2019-02-27,252.0,3.5714%,-0.0041,0.7303,1.4549,-0.2448,5.4545%,5.5851%,4.6232%,0.031921,OPTT,-0.055368,-0.114817,-0.099384,-0.132849,-0.087919
10883,OSHKOSH CORP,Oshkosh Reports Its Defense Unit Wins $232.7M Contract To Recapitalize US Army's Heavy Vehicle Fleet,6,increase,0.8,0.7,"the $232.7m contract for the defense unit indicates strong demand for oshkosh's products, likely boosting investor confidence and positively impacting the stock price.",2,2019-02-12,OSK,2019-02-12 14:14:00+00:00,90756.0,68823920,0.0300959516316652,608966.0,0.0058688325807452,0.0060822307132184,-0.0104007655754685,-0.0107259610667824,0.0129903815686702,-0.00520496442914,0.0086338277906179,0.0135847898200154,0.0129657443612813,0.0085128946229815,-0.0141667621210217,0.0049458998255431,0.024706907570362,-0.00319794123061,-0.0230040922760963,0.0311899464577436,-0.0090657416731119,0.0256482493132352,-0.0043201567605137,0.0101067489013075,-0.0070189260877668,0.0008547878242097,0.0191492810845375,0.0182794444262981,0.0066834646277129,0.012336672283709,-0.0046348832547664,-0.0207105204463005,-0.0195066127926111,-0.0442611835896968,-0.0010268492624163,0.0304532796144485,-0.0024412493221461,0.0300554055720567,0.0110767725855112,0.0130061665549874,-0.0135031538084149,0.0010357645805925,-0.0126550020650029,-0.0118421809747815,-0.0083703817799687,0.0002925456792581,-0.0075178011320531,0.0329305194318294,0.014086346141994,0.0082240821793675,-0.0107456389814615,0.0384311899542808,-0.0198701824992895,0.0073283268138766,0.0187863148748874,0.0508957132697105,-0.0397983565926551,-0.0298846866935491,0.0164410397410392,0.0042407163418829,0.0059807319194078,0.0169182363897562,-0.0114849135279655,-0.0056077875196933,0.0080644655972719,0.0069756186567246,0.0187118276953697,0.0570575855672359,0.0259550735354423,-0.0365358591079711,-0.0016866227379068,-0.0245834290981292,0.0215724986046552,-0.0236791428178548,0.005215570796281,-0.0396039225161075,0.0039231232367455,0.0155537761747837,0.0020168414339423,-0.0057793678715825,-0.0196250807493925,0.0036055138334631,0.0052610808052122,-0.011926838196814,0.0155731588602066,0.0168529823422431,0.0079186139628291,-0.0040784049779176,-0.0017458458896726,-0.0432237349450588,0.0208619367331266,-0.0214421972632408,-0.0039158063009381,-0.0010271026985719,0.0078624002635478,-0.0475124940276145,-0.003778614802286,0.0032243898604065,-0.0056283702142536,0.0251509044319391,-0.0068905819207429,-0.0166760925203561,-0.0272580478340387,0.046281311661005,0.0193605478852987,-0.0182900596410036,0.0063726371154189,0.0199881326407194,0.025453133508563,0.0064073954708874,-0.0220365636050701,0.0278756264597177,-0.0207998063415288,-0.0121046369895339,0.0259198788553476,-0.011220826767385,-0.001232418930158,-0.0078356452286243,-0.0356613956391811,0.0205190200358629,0.002559141954407,0.0320771969854831,0.0118698189035058,0.0110201630741357,0.0058688325807452,0.0060822307132184,-0.0045929733465973,-0.0047089681233931,0.0083377437457659,-0.009889422540953,0.0302302849596975,0.0121042307766094,0.0032166597697089,0.0831316221440818,-0.0633571484008155,0.2549891990831361,0.0149950822802955,0.2027292369788396,2019-02-13,2019-02-14,2019-02-15,2019-02-19,2019-02-20,2019-02-21,2019-02-22,2019-02-25,2019-02-26,2019-02-27,90756.0,2019-02-12,252.0,3.0096%,-0.0004,1.4481,0.7805,0.4235,1.8831%,2.4153%,39.2174%,0.0107559999999999,OSK,90756.0,2019-02-13,252.0,0.5869%,-0.0003,1.457,0.766,0.4212,1.8793%,2.4155%,39.4693%,0.000949,OSK,90756.0,2019-02-14,252.0,-1.0401%,-0.0003,1.4599,0.7617,0.4244,1.8783%,2.4157%,39.5435%,-0.008981,OSK,90756.0,2019-02-15,252.0,1.2990%,-0.0003,1.4645,0.7651,0.4309,1.8775%,2.4153%,39.5764%,-0.007548,OSK,90756.0,2019-02-19,252.0,0.8634%,-0.0002,1.4678,0.7627,0.4279,1.8767%,2.4157%,39.6477%,0.00224,OSK,90756.0,2019-02-20,252.0,1.2966%,-0.0001,1.4721,0.7842,0.4464,1.8691%,2.4125%,39.9747%,0.006045,OSK,90756.0,2019-02-21,252.0,-1.4167%,-0.0001,1.4761,0.7908,0.4538,1.8692%,2.4138%,40.0346%,-0.007244,OSK,90756.0,2019-02-22,252.0,2.4707%,-0.0001,1.4739,0.7868,0.4235,1.8720%,2.4185%,40.0839%,0.017333,OSK,90756.0,2019-02-25,252.0,-2.3004%,-0.0001,1.4725,0.7965,0.4234,1.8756%,2.4212%,39.9914%,-0.022507,OSK,90756.0,2019-02-26,252.0,-0.9066%,-0.0,1.4864,0.7834,0.4271,1.8700%,2.4218%,40.3803%,-0.000315,OSK,90756.0,2019-02-27,252.0,-0.4320%,0.0,1.4987,0.7594,0.4291,1.8619%,2.4199%,40.7988%,-0.006734,OSK,0.0117049999999999,0.0027239999999999,-0.004824,0.0034609999999999,-0.016006
10891,OCCIDENTAL PETROLEUM CORP,"Occidental Petroleum Q4 EPS $1.22 Beats $1.15 Estimate, Sales $4.762B Beat $4.48B Estimate",6,increase,0.8,0.6,"the earnings per share and sales figures both exceeded analyst estimates, which typically signals positive performance and can lead to an increase in stock price.",2,2019-02-12,OXY,2019-02-12 21:33:00+00:00,34833.0,67459910,0.0140346037223935,3903135.0,0.0015208893455564,-0.0018473329255357,0.0109339598566293,0.0006161570781841,0.0093135461211204,-0.0256641022861003,0.0065485159866511,-0.0099555095657706,0.0091675706207752,-0.0064953472465276,-0.0241758469492197,-0.0044092158786952,-0.0100600328296423,0.0188679564744234,0.0045503270812332,-0.0028371275402605,-0.0028688271995633,0.0073706051334738,0.0092368349432945,0.0060532917268574,-0.0075018755160272,-0.0067638200707733,0.0211640428751707,0.0238534212112426,-0.0014804751845076,0.0063497545197606,0.0011860909871757,-0.0084459921345114,-0.0198429785668849,-0.0284946449100971,-0.0067986790090799,0.0182287245988845,-0.034225720912218,0.010592607781291,0.0186573434621095,-0.0057997140102088,0.0050093280151486,-0.0009149921825155,0.0133956484496593,-0.0096647441387176,0.0023055875208228,0.000453222222859,0.0039871511980891,0.0062329531647264,0.0235222373157739,0.0121557312086224,-0.0125355012714862,0.0079093435779213,0.0164727829396724,0.0200918260961771,-0.0002974170784,0.032168474048376,-0.0297442004084587,-0.0122580369934439,-0.0016860915347933,0.0101009923964738,0.029940191656351,0.0150487814098596,-0.0108825778588652,-0.0047728293575346,0.0033157682046294,0.0026402615476399,-0.005558100529015,0.0611101016402244,0.0148036768659949,-0.0478492639958858,-0.0081870062276721,-0.0107207903638482,-0.0085547007620334,-0.0258676186203956,0.0057524205185472,-0.0142540028318762,0.0240818541496992,-0.0151302637532353,0.0048501151613891,-0.015207340940833,-0.0159427225589752,-0.0236952882260084,-0.0014863031683489,0.0194159392267465,0.0,0.010973828844726,-0.0275379344820976,0.0040346756577491,-0.0301546175032854,-0.0315599404275417,0.0048926384188234,-0.0029620225541293,-0.0160200521349906,-0.0308597907423973,-0.0132482331246137,-0.0231351871043443,0.0198964662849903,0.0149424094706773,-0.0109436735510826,-0.0090256240218877,-0.0057729412801563,0.0028285190928727,-0.0025806427001953,0.0191698167473077,-0.008570484817028,-0.0178369507193565,-0.019246457144618,0.0115995639935135,-0.0207882914692163,-0.0312153156846761,-0.023777199909091,0.0253200381994247,-0.0022616747301071,-0.0417120717465877,0.0104621155187487,-0.0002725080994423,0.0141501240432262,0.0108830546960234,0.0156542137265205,0.0231148619204759,0.0087116844952106,0.0024017826654016,-0.0644410774111747,-0.0191242359578609,0.0015208893455564,-0.0018473329255357,0.0124714785452366,-0.0012323140946093,0.0219011783569866,-0.026864790145737,0.0380228145780092,-0.0428107708484075,0.0136882365134027,-0.0187652161723778,0.0216771642320798,0.0671494113124315,-0.1326137481211836,-0.0909081885879121,2019-02-13,2019-02-14,2019-02-15,2019-02-19,2019-02-20,2019-02-21,2019-02-22,2019-02-25,2019-02-26,2019-02-27,34833.0,2019-02-12,252.0,1.4035%,0.0,1.0036,0.105,0.4501,1.2625%,1.6036%,38.0172%,0.001164,OXY,34833.0,2019-02-13,252.0,0.1521%,-0.0,0.9974,0.1148,0.4513,1.2599%,1.5960%,37.6845%,-0.001767,OXY,34833.0,2019-02-14,252.0,1.0934%,0.0,0.9942,0.1231,0.4418,1.2631%,1.5974%,37.4768%,0.0149489999999999,OXY,34833.0,2019-02-15,252.0,0.9314%,0.0001,1.0043,0.1317,0.4577,1.2594%,1.5984%,37.9186%,-0.004449,OXY,34833.0,2019-02-19,252.0,0.6549%,0.0002,1.0097,0.1266,0.4515,1.2558%,1.5984%,38.2768%,0.002785,OXY,34833.0,2019-02-20,252.0,0.9168%,0.0003,1.0128,0.1422,0.4647,1.2496%,1.5951%,38.6267%,0.0043869999999999,OXY,34833.0,2019-02-21,252.0,-2.4176%,0.0002,1.0191,0.1509,0.4765,1.2553%,1.6025%,38.6383%,-0.01936,OXY,34833.0,2019-02-22,252.0,-1.0060%,0.0002,1.0202,0.1615,0.499,1.2556%,1.6021%,38.5789%,-0.010609,OXY,34833.0,2019-02-25,252.0,0.4550%,0.0001,1.0216,0.1609,0.5039,1.2535%,1.6010%,38.7002%,0.004238,OXY,34833.0,2019-02-26,252.0,-0.2869%,0.0002,1.0266,0.1544,0.5043,1.2523%,1.6007%,38.7947%,0.001358,OXY,34833.0,2019-02-27,252.0,0.9237%,0.0003,1.0384,0.136,0.5063,1.2425%,1.5987%,39.5995%,0.008525,OXY,-0.0006029999999999,0.014346,0.009897,0.0170689999999999,0.0012209999999999
10899,OCCIDENTAL PETROLEUM CORP,Occidental Petroleum's Q4 Earnings Outlook,6,uncertain,0.5,0.5,"the impact on occidental petroleum's stock price is unclear without specific details on the earnings outlook, such as expected earnings, revenue, and market conditions.",1,2019-02-12,OXY,2019-02-12 13:19:00+00:00,34833.0,67459910,0.0140346037223935,3903135.0,0.0015208893455564,-0.0018473329255357,0.0109339598566293,0.0006161570781841,0.0093135461211204,-0.0256641022861003,0.0065485159866511,-0.0099555095657706,0.0091675706207752,-0.0064953472465276,-0.0241758469492197,-0.0044092158786952,-0.0100600328296423,0.0188679564744234,0.0045503270812332,-0.0028371275402605,-0.0028688271995633,0.0073706051334738,0.0092368349432945,0.0060532917268574,-0.0075018755160272,-0.0067638200707733,0.0211640428751707,0.0238534212112426,-0.0014804751845076,0.0063497545197606,0.0011860909871757,-0.0084459921345114,-0.0198429785668849,-0.0284946449100971,-0.0067986790090799,0.0182287245988845,-0.034225720912218,0.010592607781291,0.0186573434621095,-0.0057997140102088,0.0050093280151486,-0.0009149921825155,0.0133956484496593,-0.0096647441387176,0.0023055875208228,0.000453222222859,0.0039871511980891,0.0062329531647264,0.0235222373157739,0.0121557312086224,-0.0125355012714862,0.0079093435779213,0.0164727829396724,0.0200918260961771,-0.0002974170784,0.032168474048376,-0.0297442004084587,-0.0122580369934439,-0.0016860915347933,0.0101009923964738,0.029940191656351,0.0150487814098596,-0.0108825778588652,-0.0047728293575346,0.0033157682046294,0.0026402615476399,-0.005558100529015,0.0611101016402244,0.0148036768659949,-0.0478492639958858,-0.0081870062276721,-0.0107207903638482,-0.0085547007620334,-0.0258676186203956,0.0057524205185472,-0.0142540028318762,0.0240818541496992,-0.0151302637532353,0.0048501151613891,-0.015207340940833,-0.0159427225589752,-0.0236952882260084,-0.0014863031683489,0.0194159392267465,0.0,0.010973828844726,-0.0275379344820976,0.0040346756577491,-0.0301546175032854,-0.0315599404275417,0.0048926384188234,-0.0029620225541293,-0.0160200521349906,-0.0308597907423973,-0.0132482331246137,-0.0231351871043443,0.0198964662849903,0.0149424094706773,-0.0109436735510826,-0.0090256240218877,-0.0057729412801563,0.0028285190928727,-0.0025806427001953,0.0191698167473077,-0.008570484817028,-0.0178369507193565,-0.019246457144618,0.0115995639935135,-0.0207882914692163,-0.0312153156846761,-0.023777199909091,0.0253200381994247,-0.0022616747301071,-0.0417120717465877,0.0104621155187487,-0.0002725080994423,0.0141501240432262,0.0108830546960234,0.0156542137265205,0.0231148619204759,0.0087116844952106,0.0024017826654016,-0.0644410774111747,-0.0191242359578609,0.0015208893455564,-0.0018473329255357,0.0124714785452366,-0.0012323140946093,0.0219011783569866,-0.026864790145737,0.0380228145780092,-0.0428107708484075,0.0136882365134027,-0.0187652161723778,0.0216771642320798,0.0671494113124315,-0.1326137481211836,-0.0909081885879121,2019-02-13,2019-02-14,2019-02-15,2019-02-19,2019-02-20,2019-02-21,2019-02-22,2019-02-25,2019-02-26,2019-02-27,34833.0,2019-02-12,252.0,1.4035%,0.0,1.0036,0.105,0.4501,1.2625%,1.6036%,38.0172%,0.001164,OXY,34833.0,2019-02-13,252.0,0.1521%,-0.0,0.9974,0.1148,0.4513,1.2599%,1.5960%,37.6845%,-0.001767,OXY,34833.0,2019-02-14,252.0,1.0934%,0.0,0.9942,0.1231,0.4418,1.2631%,1.5974%,37.4768%,0.0149489999999999,OXY,34833.0,2019-02-15,252.0,0.9314%,0.0001,1.0043,0.1317,0.4577,1.2594%,1.5984%,37.9186%,-0.004449,OXY,34833.0,2019-02-19,252.0,0.6549%,0.0002,1.0097,0.1266,0.4515,1.2558%,1.5984%,38.2768%,0.002785,OXY,34833.0,2019-02-20,252.0,0.9168%,0.0003,1.0128,0.1422,0.4647,1.2496%,1.5951%,38.6267%,0.0043869999999999,OXY,34833.0,2019-02-21,252.0,-2.4176%,0.0002,1.0191,0.1509,0.4765,1.2553%,1.6025%,38.6383%,-0.01936,OXY,34833.0,2019-02-22,252.0,-1.0060%,0.0002,1.0202,0.1615,0.499,1.2556%,1.6021%,38.5789%,-0.010609,OXY,34833.0,2019-02-25,252.0,0.4550%,0.0001,1.0216,0.1609,0.5039,1.2535%,1.6010%,38.7002%,0.004238,OXY,34833.0,2019-02-26,252.0,-0.2869%,0.0002,1.0266,0.1544,0.5043,1.2523%,1.6007%,38.7947%,0.001358,OXY,34833.0,2019-02-27,252.0,0.9237%,0.0003,1.0384,0.136,0.5063,1.2425%,1.5987%,39.5995%,0.008525,OXY,-0.0006029999999999,0.014346,0.009897,0.0170689999999999,0.0012209999999999
10907,INVESCO E T F TRUST,Marco Rubio The Latest Politician To Target Stock Buybacks,6,uncertain,0.6,0.3,"the targeting of stock buybacks by politicians like marco rubio could create uncertainty in the market, potentially leading to a decrease in stock prices, but the actual impact on invesco e t f trust's stock price will depend on broader market reactions and investor sentiment.",1,2019-02-12,PKW,2019-02-12 16:08:00+00:00,91643.0,46137V30,0.0120668988674879,4802628.0,0.0059615448117256,0.0029391108546406,-0.0005080019473098,0.0,0.0116890128701925,-0.0092497589066624,0.0021767790894955,0.0008571787038818,0.0020050585735589,0.0051697925664484,-0.0035017991904169,0.005893571767956,0.005522119347006,0.0033043238800019,0.0004992308095097,0.0093031199648976,-0.0006652877782471,0.0076052406802773,0.0,0.0024822587147355,-0.0084887174889445,-0.0010626560542732,0.0040289019234478,0.0080342935398221,-0.0043471348471939,0.0014303239295259,-0.0023509552702307,0.0032287049107253,-0.0070694861933588,-0.0109987398609519,-0.0106797944754362,0.0102150486782193,-0.0041124345734715,0.0070384298451244,0.0111837843433022,0.0102096879854798,0.0034031097311526,0.0067914635874331,0.0074613974429667,-0.0018322148825973,0.0023564954753965,0.0038624776061624,0.0058774524368345,-0.0007351757958531,0.0065300222486257,0.0051727094687521,-0.002825767500326,0.0063208802603185,-0.0081680556759238,0.0101408623158931,0.010924395173788,0.0343822948634624,-0.0254364516586065,-0.0175572894513607,-0.001023499877192,0.0044087283313274,0.0073429010808467,0.0073372707702219,-0.002542829606682,-0.0013497819891199,0.0067981225438416,0.0087531758472323,0.0065833791159093,0.0438578650355339,0.0150930350646376,-0.0227352418005466,0.0026433148887008,-0.0239150989800691,0.0034602554515004,-0.0198488291352987,0.0027914312668144,-0.0137956356629729,0.005239883903414,-0.0005589487846009,0.0034207375720143,-0.0199050437659025,-0.0087661873549222,-0.0152850616723299,0.0072060041129589,-0.0051878518424928,-0.0001625743316253,0.0088431993499398,0.0120344422757625,-0.0044915559701621,-0.0019283132860437,-0.00464946962893,0.0101433116942644,-0.0240837894380092,0.0028689270839095,-0.0020898457150906,0.00127148500178,-0.0328448861837387,-0.0009524027700535,0.0059301671572029,0.0084207598119974,-0.0006772928172722,0.0012604066869243,-0.0043829791247844,-0.0045633502304553,0.0199449770152568,0.0053746467456221,0.0029315082356333,0.0023585145827382,0.0166549924761056,-0.0021960688754916,-0.0001752554235281,-0.0047162277624011,0.0067055071704089,-0.0012636523460969,-0.019210809841752,0.0094892028719186,-0.0128139415755868,-0.006580009125173,0.0005127996555529,-0.0159280598163604,0.0039471345953643,-0.0025641000829637,-0.008845048956573,-0.0041774120181798,0.0030711535364389,0.0059615448117256,0.0029391108546406,0.0054505143880425,0.0029391108546406,0.017203238391066,-0.0063378341188272,0.0214614568586577,-0.0003446574422627,0.0233350835277528,0.0285460411696638,0.0043991375955434,0.1185884623779405,0.0579989458957701,-0.0060295538176662,2019-02-13,2019-02-14,2019-02-15,2019-02-19,2019-02-20,2019-02-21,2019-02-22,2019-02-25,2019-02-26,2019-02-27,91643.0,2019-02-12,252.0,1.2067%,-0.0,0.9574,0.0856,0.3301,0.2872%,0.9981%,91.7207%,-0.000481,PKW,91643.0,2019-02-13,252.0,0.5962%,-0.0,0.9568,0.0878,0.3311,0.2874%,0.9949%,91.6549%,0.002898,PKW,91643.0,2019-02-14,252.0,-0.0508%,-0.0,0.956,0.0894,0.3296,0.2879%,0.9947%,91.6223%,0.002865,PKW,91643.0,2019-02-15,252.0,1.1689%,0.0,0.9576,0.0906,0.3319,0.2875%,0.9936%,91.6286%,-0.0010199999999999,PKW,91643.0,2019-02-19,252.0,0.2177%,0.0,0.9582,0.0888,0.3298,0.2870%,0.9928%,91.6416%,-0.001001,PKW,91643.0,2019-02-20,252.0,0.2005%,0.0,0.9576,0.0873,0.3276,0.2873%,0.9929%,91.6280%,-0.001925,PKW,91643.0,2019-02-21,252.0,-0.3502%,0.0,0.9576,0.0874,0.3276,0.2873%,0.9922%,91.6160%,0.000756,PKW,91643.0,2019-02-22,252.0,0.5522%,0.0,0.9571,0.0885,0.3223,0.2881%,0.9927%,91.5741%,0.003533,PKW,91643.0,2019-02-25,252.0,0.0499%,0.0,0.9568,0.0883,0.3211,0.2877%,0.9924%,91.5961%,-0.000226,PKW,91643.0,2019-02-26,252.0,-0.0665%,0.0,0.9571,0.0847,0.3196,0.2879%,0.9892%,91.5281%,0.0023899999999999,PKW,91643.0,2019-02-27,252.0,0.0000%,0.0001,0.9588,0.0814,0.3198,0.2869%,0.9884%,91.5731%,-0.000739,PKW,0.002417,0.005282,0.004262,0.001336,0.00705
10915,PALATIN TECHNOLOGIES INC,Palatin Technologies Q2 EPS $(0.02) Beats $(0.03) Estimate,6,increase,0.7,0.5,"beating earnings estimates typically signals better-than-expected performance, which can positively influence investor sentiment and lead to an increase in stock price.",2,2019-02-12,PTN,2019-02-12 12:34:00+00:00,79702.0,69607750,0.0496540404856205,1396542.0,-0.0178364031016826,-0.020855451002717,0.0302671436220407,0.0172972679138183,0.0088134026154875,-0.0132017256692051,0.0032919906079769,-0.0297580566257238,0.0119889285415411,0.0413634702563285,0.0114727234467864,0.0301180072128772,0.0406854785978794,0.0416365638375282,-0.0285511258989572,0.0172058455646038,0.0489024147391319,0.0090517867356538,0.096384197473526,0.0005939224502071,0.0477199964225292,-0.0064906547777354,0.0015182292554527,-0.0068854452110826,0.0207175388932228,-0.0247177463024854,-0.0099009806290268,-0.0140865612775087,-0.0400000214576721,0.0126962149515748,0.0238542146980762,-0.0263889618217945,0.0275714378803968,-0.0011098140385001,0.0,0.0159266628324985,0.0,-0.014583352021873,0.0,-0.0201414711773395,0.0,-0.0144849838688969,-0.0099009806290268,0.0498450770974159,-0.0074999928474426,-0.0187897086143493,0.0075566680170595,-0.0461254939436912,0.0099999904632568,-0.0139051163569092,-0.0099009806290268,-0.0204938761889934,-0.0299999713897705,0.0194653328508138,-0.0069072563201189,0.0878035128116607,0.0106923915445804,0.0118554579094052,-0.0099629629403352,0.0124367270618677,-0.0041498164646327,0.0094890594482421,0.0211480055004358,0.0859226286411285,0.0201999675482511,-0.0573819391429424,-0.0115000009536743,-0.0706846043467521,-0.005058164242655,0.0282736085355281,0.0574478469789028,-0.0162944477051496,0.0096153756603598,0.0126600097864866,-0.009523800574243,-0.0236111376434564,0.0192307513207197,-0.0151825929060578,0.1132075563073158,-0.0464327707886695,-0.0169491376727819,0.0088158408179879,-0.0086206812411546,0.0270270016044378,-0.008695644326508,-0.019867530092597,0.0,0.0157405808568,-0.0438596084713935,-0.035677183419466,-0.0275230184197425,-0.0599999986588954,0.0094340657815337,0.0130960838869214,0.0654204934835434,0.0117500126361846,-0.0175438430160284,0.057222194969654,0.0,0.0657746493816375,0.0178571250289678,0.027942644432187,0.0789473950862884,-0.0131447026506066,0.0081300735473632,-0.0012842895230278,-0.0161290168762207,0.0156521797180175,-0.0081967134028673,0.0147058684378862,0.0247933641076088,-0.117570735514164,0.0080645084381103,-0.0403486341238021,0.0479999557137489,-0.0326467007398605,0.0610687360167503,0.022542493417859,0.0071942377835512,-0.1223783865571022,-0.0178364031016826,-0.020855451002717,0.0118908835459787,-0.0039189254123561,0.0208090853056108,-0.0170689145033493,0.0364482751267469,-0.0068714791089532,0.2188186893637493,0.0944320763944877,0.245831760540371,0.0659435982091187,0.8094868407560036,-0.2031351306730014,2019-02-13,2019-02-14,2019-02-15,2019-02-19,2019-02-20,2019-02-21,2019-02-22,2019-02-25,2019-02-26,2019-02-27,79702.0,2019-02-12,252.0,4.9654%,-0.0002,0.8265,1.2616,0.1879,3.4732%,3.6361%,8.7641%,0.038539,PTN,79702.0,2019-02-13,252.0,-1.7836%,-0.0003,0.8271,1.2521,0.1811,3.4753%,3.6378%,8.7377%,-0.021139,PTN,79702.0,2019-02-14,252.0,3.0267%,-0.0004,0.8172,1.2647,0.1735,3.4621%,3.6246%,8.7641%,0.026444,PTN,79702.0,2019-02-15,252.0,0.8813%,-0.0006,0.7916,1.2412,0.1313,3.4577%,3.6145%,8.4840%,-0.004516,PTN,79702.0,2019-02-19,252.0,0.3292%,-0.0004,0.8024,1.2245,0.1116,3.4505%,3.6100%,8.6433%,-0.002306,PTN,79702.0,2019-02-20,252.0,1.1989%,-0.0004,0.8037,1.2239,0.1153,3.4504%,3.6099%,8.6419%,0.007057,PTN,79702.0,2019-02-21,252.0,1.1473%,-0.0004,0.8042,1.2284,0.1161,3.4511%,3.6106%,8.6416%,0.0154679999999999,PTN,79702.0,2019-02-22,252.0,4.0685%,-0.0003,0.7997,1.2366,0.0697,3.4564%,3.6196%,8.8148%,0.030309,PTN,79702.0,2019-02-25,252.0,-2.8551%,-0.0004,0.7992,1.249,0.0744,3.4602%,3.6240%,8.8345%,-0.02651,PTN,79702.0,2019-02-26,252.0,4.8902%,-0.0001,0.7914,1.1749,0.031,3.4794%,3.6370%,8.4827%,0.05832,PTN,79702.0,2019-02-27,252.0,9.6384%,0.0003,0.797,1.1925,0.0322,3.5285%,3.6870%,8.4147%,0.093377,PTN,0.0173999999999999,0.0438439999999999,0.0393279999999999,0.0440789999999999,0.2150429999999999
10923,QUALYS INC,Qualys Acquires Software Assets Of Cloud Application Management Company Adya; Financial Terms Not Disclosed,6,increase,0.7,0.6,"the acquisition of software assets from adya may enhance qualys's product offerings and market position, which could positively influence investor sentiment and stock price.",2,2019-02-12,QLYS,2019-02-12 21:59:00+00:00,13600.0,74758T30,0.0176272522658109,583723.0,-0.1462504416704178,0.0030704173259437,-0.0127565963193774,0.0288670342415571,-0.0070145172066986,-0.0160771701484918,0.0407733395695686,0.0077770706266164,0.0002381119556957,0.012024468742311,0.0040475754067301,0.0326222740113735,0.0008300608024001,0.0238067451864481,-0.003909511025995,0.0312238708138465,0.0016650735633447,0.0200583692640066,0.0193540398031473,-0.0002430316380923,-0.0258590709418058,0.0035370278637856,0.0138706648722291,0.0164888929575681,-0.0239414870738983,0.0021121357567608,-0.006645759101957,-0.0081331320106983,-0.0048656067810952,0.0146286338567733,0.0107566909864544,0.0090840421617031,0.0020558491814881,0.0188970454037189,0.0374124832451343,-0.0109345279633998,-0.0008143287268467,0.0244887974113225,-0.0152520379051566,-0.0215396694839,0.0023645891342312,0.0025555449537932,0.0138004031032323,-0.0069787520915269,-0.0107038766145706,0.0277777425944805,0.0158767309039831,0.0316157452762126,-0.0206066090613603,0.0001345820201095,0.0186761450022459,0.0685837045311927,-0.0418890751898288,-0.0611500889062881,0.0043599442578852,-0.0088305603712797,0.0067526535131037,-0.0046610534191131,-0.0342556089162826,-0.0066146319732069,0.0075654298998415,0.0267589446157217,0.0184638109058141,0.083124928176403,-0.0013294732198119,0.0013259276747703,0.0041147763840854,-0.0409720465540885,0.0094009730964899,-0.0281477831304073,-0.0371343344449996,-0.01938864775002,0.0022321466822177,0.0422396063804626,0.0071764639578759,-0.1085814386606216,-0.0006142880883999,-0.0205831937491893,0.0197910349816083,0.0065360269509255,-0.0095226727426052,0.0468628630042076,0.0049897003918886,-0.0007739623542875,-0.0050859549082815,0.0247190352529287,-0.0019474641885608,-0.0337207727134227,-0.0145122250542044,0.0229975450783968,0.0047024488449096,-0.0597125031054019,0.0189678631722927,0.0333925485610961,0.0290099568665027,0.0206039138138294,0.0075179068371653,0.0035110095050185,0.0173721071332693,0.046400923281908,0.0099701480939984,-0.0126293487846851,-0.0088505484163761,0.0264790803194046,0.0333142951130867,0.0070833628997206,0.0027697761543095,0.0156580712646246,0.0139210522174835,0.0242739543318748,-0.0007627732120454,-0.0733699724078178,-0.0212649628520011,0.0026849857531487,-0.0276323501020669,0.0370318256318569,0.0001146113936556,-0.0037447523791342,-0.0101970601826906,-0.0006930429954081,-0.1462504416704177,0.0030704173259437,-0.157141380143875,0.0320260854095846,-0.1630536264356701,0.0154340264367727,-0.1287211152130032,0.0356361417456494,-0.1095322509545455,0.1514341187884031,-0.1636760238971232,0.2533404237499284,-0.1039311665187451,0.3130976576869135,2019-02-13,2019-02-14,2019-02-15,2019-02-19,2019-02-20,2019-02-21,2019-02-22,2019-02-25,2019-02-26,2019-02-27,13600.0,2019-02-12,252.0,1.7627%,0.0011,1.2223,0.8672,-1.5623,1.6646%,2.6316%,59.9860%,-0.002067,QLYS,13600.0,2019-02-13,252.0,-14.6250%,0.0004,1.1873,0.8656,-1.599,1.9069%,2.7794%,52.9302%,-0.1492,QLYS,13600.0,2019-02-14,252.0,-1.2757%,0.0,1.1886,0.8499,-1.5744,1.8662%,2.7415%,53.6646%,-0.024139,QLYS,13600.0,2019-02-15,252.0,-0.7015%,-0.0,1.1811,0.8416,-1.5886,1.8685%,2.7415%,53.5480%,-0.015113,QLYS,13600.0,2019-02-19,252.0,4.0773%,0.0,1.1817,0.8775,-1.5482,1.8795%,2.7370%,52.8451%,0.040754,QLYS,13600.0,2019-02-20,252.0,0.0238%,0.0,1.1817,0.8714,-1.5499,1.8777%,2.7356%,52.8861%,0.004477,QLYS,13600.0,2019-02-21,252.0,0.4048%,0.0,1.1828,0.875,-1.5478,1.8776%,2.7357%,52.8967%,0.005365,QLYS,13600.0,2019-02-22,252.0,0.0830%,-0.0001,1.1878,0.8669,-1.4952,1.8898%,2.7356%,52.2772%,-0.034524,QLYS,13600.0,2019-02-25,252.0,-0.3910%,-0.0002,1.1887,0.8708,-1.4899,1.8897%,2.7346%,52.2493%,-0.006229,QLYS,13600.0,2019-02-26,252.0,0.1665%,-0.0002,1.1813,0.872,-1.4949,1.8886%,2.7292%,52.1154%,0.004123,QLYS,13600.0,2019-02-27,252.0,1.9354%,-0.0001,1.1797,0.8792,-1.4951,1.8907%,2.7305%,52.0498%,0.01474,QLYS,-0.151267,-0.175406,-0.190519,-0.1452879999999999,-0.1618129999999999
10931,QUALYS INC,"Qualys Sees FY19 Adj. EPS $1.84-$1.89 vs $1.86 Estimate, Sales $320M-$323M vs $331.2M Est.",6,decrease,0.75,0.6,"qualys inc's adjusted eps guidance is slightly below the estimate, and sales projections are significantly lower than expected, which may lead to a negative reaction in the stock price.",0,2019-02-12,QLYS,2019-02-12 21:28:00+00:00,13600.0,74758T30,0.0176272522658109,583723.0,-0.1462504416704178,0.0030704173259437,-0.0127565963193774,0.0288670342415571,-0.0070145172066986,-0.0160771701484918,0.0407733395695686,0.0077770706266164,0.0002381119556957,0.012024468742311,0.0040475754067301,0.0326222740113735,0.0008300608024001,0.0238067451864481,-0.003909511025995,0.0312238708138465,0.0016650735633447,0.0200583692640066,0.0193540398031473,-0.0002430316380923,-0.0258590709418058,0.0035370278637856,0.0138706648722291,0.0164888929575681,-0.0239414870738983,0.0021121357567608,-0.006645759101957,-0.0081331320106983,-0.0048656067810952,0.0146286338567733,0.0107566909864544,0.0090840421617031,0.0020558491814881,0.0188970454037189,0.0374124832451343,-0.0109345279633998,-0.0008143287268467,0.0244887974113225,-0.0152520379051566,-0.0215396694839,0.0023645891342312,0.0025555449537932,0.0138004031032323,-0.0069787520915269,-0.0107038766145706,0.0277777425944805,0.0158767309039831,0.0316157452762126,-0.0206066090613603,0.0001345820201095,0.0186761450022459,0.0685837045311927,-0.0418890751898288,-0.0611500889062881,0.0043599442578852,-0.0088305603712797,0.0067526535131037,-0.0046610534191131,-0.0342556089162826,-0.0066146319732069,0.0075654298998415,0.0267589446157217,0.0184638109058141,0.083124928176403,-0.0013294732198119,0.0013259276747703,0.0041147763840854,-0.0409720465540885,0.0094009730964899,-0.0281477831304073,-0.0371343344449996,-0.01938864775002,0.0022321466822177,0.0422396063804626,0.0071764639578759,-0.1085814386606216,-0.0006142880883999,-0.0205831937491893,0.0197910349816083,0.0065360269509255,-0.0095226727426052,0.0468628630042076,0.0049897003918886,-0.0007739623542875,-0.0050859549082815,0.0247190352529287,-0.0019474641885608,-0.0337207727134227,-0.0145122250542044,0.0229975450783968,0.0047024488449096,-0.0597125031054019,0.0189678631722927,0.0333925485610961,0.0290099568665027,0.0206039138138294,0.0075179068371653,0.0035110095050185,0.0173721071332693,0.046400923281908,0.0099701480939984,-0.0126293487846851,-0.0088505484163761,0.0264790803194046,0.0333142951130867,0.0070833628997206,0.0027697761543095,0.0156580712646246,0.0139210522174835,0.0242739543318748,-0.0007627732120454,-0.0733699724078178,-0.0212649628520011,0.0026849857531487,-0.0276323501020669,0.0370318256318569,0.0001146113936556,-0.0037447523791342,-0.0101970601826906,-0.0006930429954081,-0.1462504416704177,0.0030704173259437,-0.157141380143875,0.0320260854095846,-0.1630536264356701,0.0154340264367727,-0.1287211152130032,0.0356361417456494,-0.1095322509545455,0.1514341187884031,-0.1636760238971232,0.2533404237499284,-0.1039311665187451,0.3130976576869135,2019-02-13,2019-02-14,2019-02-15,2019-02-19,2019-02-20,2019-02-21,2019-02-22,2019-02-25,2019-02-26,2019-02-27,13600.0,2019-02-12,252.0,1.7627%,0.0011,1.2223,0.8672,-1.5623,1.6646%,2.6316%,59.9860%,-0.002067,QLYS,13600.0,2019-02-13,252.0,-14.6250%,0.0004,1.1873,0.8656,-1.599,1.9069%,2.7794%,52.9302%,-0.1492,QLYS,13600.0,2019-02-14,252.0,-1.2757%,0.0,1.1886,0.8499,-1.5744,1.8662%,2.7415%,53.6646%,-0.024139,QLYS,13600.0,2019-02-15,252.0,-0.7015%,-0.0,1.1811,0.8416,-1.5886,1.8685%,2.7415%,53.5480%,-0.015113,QLYS,13600.0,2019-02-19,252.0,4.0773%,0.0,1.1817,0.8775,-1.5482,1.8795%,2.7370%,52.8451%,0.040754,QLYS,13600.0,2019-02-20,252.0,0.0238%,0.0,1.1817,0.8714,-1.5499,1.8777%,2.7356%,52.8861%,0.004477,QLYS,13600.0,2019-02-21,252.0,0.4048%,0.0,1.1828,0.875,-1.5478,1.8776%,2.7357%,52.8967%,0.005365,QLYS,13600.0,2019-02-22,252.0,0.0830%,-0.0001,1.1878,0.8669,-1.4952,1.8898%,2.7356%,52.2772%,-0.034524,QLYS,13600.0,2019-02-25,252.0,-0.3910%,-0.0002,1.1887,0.8708,-1.4899,1.8897%,2.7346%,52.2493%,-0.006229,QLYS,13600.0,2019-02-26,252.0,0.1665%,-0.0002,1.1813,0.872,-1.4949,1.8886%,2.7292%,52.1154%,0.004123,QLYS,13600.0,2019-02-27,252.0,1.9354%,-0.0001,1.1797,0.8792,-1.4951,1.8907%,2.7305%,52.0498%,0.01474,QLYS,-0.151267,-0.175406,-0.190519,-0.1452879999999999,-0.1618129999999999
10939,QUALYS INC,"Qualys Sees Q1 Adj. EPS $0.41-$0.43 vs $0.42 Estimate, Sales $74.5M-$75.2M vs $77.1M Est.",6,decrease,0.7,0.6,"the company's adjusted eps guidance is slightly below the estimate, and sales projections are also lower than expected, which may lead to a negative reaction from investors.",0,2019-02-12,QLYS,2019-02-12 21:28:00+00:00,13600.0,74758T30,0.0176272522658109,583723.0,-0.1462504416704178,0.0030704173259437,-0.0127565963193774,0.0288670342415571,-0.0070145172066986,-0.0160771701484918,0.0407733395695686,0.0077770706266164,0.0002381119556957,0.012024468742311,0.0040475754067301,0.0326222740113735,0.0008300608024001,0.0238067451864481,-0.003909511025995,0.0312238708138465,0.0016650735633447,0.0200583692640066,0.0193540398031473,-0.0002430316380923,-0.0258590709418058,0.0035370278637856,0.0138706648722291,0.0164888929575681,-0.0239414870738983,0.0021121357567608,-0.006645759101957,-0.0081331320106983,-0.0048656067810952,0.0146286338567733,0.0107566909864544,0.0090840421617031,0.0020558491814881,0.0188970454037189,0.0374124832451343,-0.0109345279633998,-0.0008143287268467,0.0244887974113225,-0.0152520379051566,-0.0215396694839,0.0023645891342312,0.0025555449537932,0.0138004031032323,-0.0069787520915269,-0.0107038766145706,0.0277777425944805,0.0158767309039831,0.0316157452762126,-0.0206066090613603,0.0001345820201095,0.0186761450022459,0.0685837045311927,-0.0418890751898288,-0.0611500889062881,0.0043599442578852,-0.0088305603712797,0.0067526535131037,-0.0046610534191131,-0.0342556089162826,-0.0066146319732069,0.0075654298998415,0.0267589446157217,0.0184638109058141,0.083124928176403,-0.0013294732198119,0.0013259276747703,0.0041147763840854,-0.0409720465540885,0.0094009730964899,-0.0281477831304073,-0.0371343344449996,-0.01938864775002,0.0022321466822177,0.0422396063804626,0.0071764639578759,-0.1085814386606216,-0.0006142880883999,-0.0205831937491893,0.0197910349816083,0.0065360269509255,-0.0095226727426052,0.0468628630042076,0.0049897003918886,-0.0007739623542875,-0.0050859549082815,0.0247190352529287,-0.0019474641885608,-0.0337207727134227,-0.0145122250542044,0.0229975450783968,0.0047024488449096,-0.0597125031054019,0.0189678631722927,0.0333925485610961,0.0290099568665027,0.0206039138138294,0.0075179068371653,0.0035110095050185,0.0173721071332693,0.046400923281908,0.0099701480939984,-0.0126293487846851,-0.0088505484163761,0.0264790803194046,0.0333142951130867,0.0070833628997206,0.0027697761543095,0.0156580712646246,0.0139210522174835,0.0242739543318748,-0.0007627732120454,-0.0733699724078178,-0.0212649628520011,0.0026849857531487,-0.0276323501020669,0.0370318256318569,0.0001146113936556,-0.0037447523791342,-0.0101970601826906,-0.0006930429954081,-0.1462504416704177,0.0030704173259437,-0.157141380143875,0.0320260854095846,-0.1630536264356701,0.0154340264367727,-0.1287211152130032,0.0356361417456494,-0.1095322509545455,0.1514341187884031,-0.1636760238971232,0.2533404237499284,-0.1039311665187451,0.3130976576869135,2019-02-13,2019-02-14,2019-02-15,2019-02-19,2019-02-20,2019-02-21,2019-02-22,2019-02-25,2019-02-26,2019-02-27,13600.0,2019-02-12,252.0,1.7627%,0.0011,1.2223,0.8672,-1.5623,1.6646%,2.6316%,59.9860%,-0.002067,QLYS,13600.0,2019-02-13,252.0,-14.6250%,0.0004,1.1873,0.8656,-1.599,1.9069%,2.7794%,52.9302%,-0.1492,QLYS,13600.0,2019-02-14,252.0,-1.2757%,0.0,1.1886,0.8499,-1.5744,1.8662%,2.7415%,53.6646%,-0.024139,QLYS,13600.0,2019-02-15,252.0,-0.7015%,-0.0,1.1811,0.8416,-1.5886,1.8685%,2.7415%,53.5480%,-0.015113,QLYS,13600.0,2019-02-19,252.0,4.0773%,0.0,1.1817,0.8775,-1.5482,1.8795%,2.7370%,52.8451%,0.040754,QLYS,13600.0,2019-02-20,252.0,0.0238%,0.0,1.1817,0.8714,-1.5499,1.8777%,2.7356%,52.8861%,0.004477,QLYS,13600.0,2019-02-21,252.0,0.4048%,0.0,1.1828,0.875,-1.5478,1.8776%,2.7357%,52.8967%,0.005365,QLYS,13600.0,2019-02-22,252.0,0.0830%,-0.0001,1.1878,0.8669,-1.4952,1.8898%,2.7356%,52.2772%,-0.034524,QLYS,13600.0,2019-02-25,252.0,-0.3910%,-0.0002,1.1887,0.8708,-1.4899,1.8897%,2.7346%,52.2493%,-0.006229,QLYS,13600.0,2019-02-26,252.0,0.1665%,-0.0002,1.1813,0.872,-1.4949,1.8886%,2.7292%,52.1154%,0.004123,QLYS,13600.0,2019-02-27,252.0,1.9354%,-0.0001,1.1797,0.8792,-1.4951,1.8907%,2.7305%,52.0498%,0.01474,QLYS,-0.151267,-0.175406,-0.190519,-0.1452879999999999,-0.1618129999999999
10947,QUALYS INC,"Qualys Q4 EPS $0.51 Beats $0.40 Estimate, Sales $74.2M Beat $74.13M Estimate",6,increase,0.8,0.6,"the earnings per share and sales both exceeded estimates, which typically signals positive performance and can lead to an increase in stock price.",2,2019-02-12,QLYS,2019-02-12 21:27:00+00:00,13600.0,74758T30,0.0176272522658109,583723.0,-0.1462504416704178,0.0030704173259437,-0.0127565963193774,0.0288670342415571,-0.0070145172066986,-0.0160771701484918,0.0407733395695686,0.0077770706266164,0.0002381119556957,0.012024468742311,0.0040475754067301,0.0326222740113735,0.0008300608024001,0.0238067451864481,-0.003909511025995,0.0312238708138465,0.0016650735633447,0.0200583692640066,0.0193540398031473,-0.0002430316380923,-0.0258590709418058,0.0035370278637856,0.0138706648722291,0.0164888929575681,-0.0239414870738983,0.0021121357567608,-0.006645759101957,-0.0081331320106983,-0.0048656067810952,0.0146286338567733,0.0107566909864544,0.0090840421617031,0.0020558491814881,0.0188970454037189,0.0374124832451343,-0.0109345279633998,-0.0008143287268467,0.0244887974113225,-0.0152520379051566,-0.0215396694839,0.0023645891342312,0.0025555449537932,0.0138004031032323,-0.0069787520915269,-0.0107038766145706,0.0277777425944805,0.0158767309039831,0.0316157452762126,-0.0206066090613603,0.0001345820201095,0.0186761450022459,0.0685837045311927,-0.0418890751898288,-0.0611500889062881,0.0043599442578852,-0.0088305603712797,0.0067526535131037,-0.0046610534191131,-0.0342556089162826,-0.0066146319732069,0.0075654298998415,0.0267589446157217,0.0184638109058141,0.083124928176403,-0.0013294732198119,0.0013259276747703,0.0041147763840854,-0.0409720465540885,0.0094009730964899,-0.0281477831304073,-0.0371343344449996,-0.01938864775002,0.0022321466822177,0.0422396063804626,0.0071764639578759,-0.1085814386606216,-0.0006142880883999,-0.0205831937491893,0.0197910349816083,0.0065360269509255,-0.0095226727426052,0.0468628630042076,0.0049897003918886,-0.0007739623542875,-0.0050859549082815,0.0247190352529287,-0.0019474641885608,-0.0337207727134227,-0.0145122250542044,0.0229975450783968,0.0047024488449096,-0.0597125031054019,0.0189678631722927,0.0333925485610961,0.0290099568665027,0.0206039138138294,0.0075179068371653,0.0035110095050185,0.0173721071332693,0.046400923281908,0.0099701480939984,-0.0126293487846851,-0.0088505484163761,0.0264790803194046,0.0333142951130867,0.0070833628997206,0.0027697761543095,0.0156580712646246,0.0139210522174835,0.0242739543318748,-0.0007627732120454,-0.0733699724078178,-0.0212649628520011,0.0026849857531487,-0.0276323501020669,0.0370318256318569,0.0001146113936556,-0.0037447523791342,-0.0101970601826906,-0.0006930429954081,-0.1462504416704177,0.0030704173259437,-0.157141380143875,0.0320260854095846,-0.1630536264356701,0.0154340264367727,-0.1287211152130032,0.0356361417456494,-0.1095322509545455,0.1514341187884031,-0.1636760238971232,0.2533404237499284,-0.1039311665187451,0.3130976576869135,2019-02-13,2019-02-14,2019-02-15,2019-02-19,2019-02-20,2019-02-21,2019-02-22,2019-02-25,2019-02-26,2019-02-27,13600.0,2019-02-12,252.0,1.7627%,0.0011,1.2223,0.8672,-1.5623,1.6646%,2.6316%,59.9860%,-0.002067,QLYS,13600.0,2019-02-13,252.0,-14.6250%,0.0004,1.1873,0.8656,-1.599,1.9069%,2.7794%,52.9302%,-0.1492,QLYS,13600.0,2019-02-14,252.0,-1.2757%,0.0,1.1886,0.8499,-1.5744,1.8662%,2.7415%,53.6646%,-0.024139,QLYS,13600.0,2019-02-15,252.0,-0.7015%,-0.0,1.1811,0.8416,-1.5886,1.8685%,2.7415%,53.5480%,-0.015113,QLYS,13600.0,2019-02-19,252.0,4.0773%,0.0,1.1817,0.8775,-1.5482,1.8795%,2.7370%,52.8451%,0.040754,QLYS,13600.0,2019-02-20,252.0,0.0238%,0.0,1.1817,0.8714,-1.5499,1.8777%,2.7356%,52.8861%,0.004477,QLYS,13600.0,2019-02-21,252.0,0.4048%,0.0,1.1828,0.875,-1.5478,1.8776%,2.7357%,52.8967%,0.005365,QLYS,13600.0,2019-02-22,252.0,0.0830%,-0.0001,1.1878,0.8669,-1.4952,1.8898%,2.7356%,52.2772%,-0.034524,QLYS,13600.0,2019-02-25,252.0,-0.3910%,-0.0002,1.1887,0.8708,-1.4899,1.8897%,2.7346%,52.2493%,-0.006229,QLYS,13600.0,2019-02-26,252.0,0.1665%,-0.0002,1.1813,0.872,-1.4949,1.8886%,2.7292%,52.1154%,0.004123,QLYS,13600.0,2019-02-27,252.0,1.9354%,-0.0001,1.1797,0.8792,-1.4951,1.8907%,2.7305%,52.0498%,0.01474,QLYS,-0.151267,-0.175406,-0.190519,-0.1452879999999999,-0.1618129999999999
10955,RESTAURANT BRANDS INTL INC,"Piper Jaffray Applauds Restaurant Brands, Highlights Ongoing Momentum",6,increase,0.8,0.7,"the positive sentiment from piper jaffray, highlighting ongoing momentum, is likely to boost investor confidence and lead to an increase in the stock price of restaurant brands intl inc.",2,2019-02-12,QSR,2019-02-12 17:43:00+00:00,15113.0,76131D10,0.0084745902568101,2657973.0,0.0031123084481805,0.0162679497152566,-0.0097734602168202,0.0062590176239609,0.0134732974693179,-0.0044735386036336,0.0038645847234874,0.0077282167039811,-0.0041577494703233,-0.0094098905101418,0.0012370779877528,0.001437472528778,-0.0199227947741746,-0.0006384822772815,-0.0152851780876517,0.0036847703158855,0.0011201743036508,-0.0063674231059849,-0.0004795810964424,-0.0031736078672111,0.0108747854828834,-0.0011095212539657,-0.0020565930753946,-0.0087981363758444,-0.0101458970457315,0.0166107788681983,-0.000960883393418,0.0978432744741439,-0.0091375391930341,-0.0074834721162915,-0.008736465126276,0.0036681063938885,0.0261138975620269,0.0130950575694441,-0.0074757025577127,0.0069493832997977,0.0028846201021224,0.0050143050029873,0.0073505765758454,-0.0122058847919106,0.0025380686856806,0.0203970614820718,0.0066985352896153,0.0115026663988828,0.0042775738984346,0.0042170798406004,0.0050481101498007,-0.0192411374300718,-0.0127138216048479,0.0271518509835004,0.0090619977563619,0.0385574176907539,-0.0004727051127701,0.013807913288474,0.0053593972697854,-0.0168260242789983,0.0079962704330682,0.0055758687667548,0.0101104602217674,-0.0085779791697859,0.0101631665602326,0.0024841821286827,-0.0074694799259305,0.0339854024350643,0.0082936706021428,-0.0207043290138244,-0.0031987673137336,-0.0040470049716532,0.0064180647023022,-0.0198337603360414,0.0006073628319427,0.0058901300653815,-0.000303554959828,0.005156616680324,0.0004554706974886,-0.017267232760787,-0.0100137097761035,-0.0150320893153548,0.0061302916146814,0.0105594610795378,0.0070068403147161,0.0188750475645065,0.0071093817241489,-0.0152416303753852,-0.0019526116084307,-0.0159136448055505,-0.0013543467503041,-0.0430597402155399,0.0018083596369251,0.0143821267411112,0.0192538909614086,-0.0186443571001291,-0.0271547213196754,-0.0161152482032775,-0.0007584257400594,-0.0076556135900318,-0.0036436235532164,0.0099656013771891,0.0004572056932374,0.0365093350410461,0.0121839074417948,-0.0068977605551481,-0.0144447656348347,0.0218687690794467,-0.0039694984443485,0.0054516275413334,-0.0001531960006104,0.0459988228976726,0.0065920632332563,-0.0219371691346168,0.0169051624834537,-0.0302866455167532,0.0055414522066712,0.0181718375533819,0.0026809696573764,-0.016428954899311,-0.0117350108921527,-0.0050296173430979,0.0072148409672081,-0.0051822895184159,0.0031123084481805,0.0162679497152566,-0.0066915697914404,0.022628788723191,0.0066915701675407,0.0180540193596507,0.0063802681931608,0.0162679499905213,-0.026921931409746,0.0111075972971583,0.018640882270845,0.214639765546893,0.0511106419299876,0.1482876617186144,2019-02-13,2019-02-14,2019-02-15,2019-02-19,2019-02-20,2019-02-21,2019-02-22,2019-02-25,2019-02-26,2019-02-27,15113.0,2019-02-12,252.0,0.8475%,0.0004,0.5848,-0.2413,-0.3045,1.4428%,1.6104%,19.7364%,5e-06,QSR,15113.0,2019-02-13,252.0,0.3112%,0.0002,0.5617,-0.2018,-0.2972,1.4068%,1.5650%,19.1993%,0.001733,QSR,15113.0,2019-02-14,252.0,-0.9773%,0.0004,0.5665,-0.2056,-0.2973,1.3866%,1.5491%,19.8820%,-0.009368,QSR,15113.0,2019-02-15,252.0,1.3473%,0.0004,0.5791,-0.1934,-0.2757,1.3865%,1.5511%,20.0966%,0.0089129999999999,QSR,15113.0,2019-02-19,252.0,0.3865%,0.0004,0.5797,-0.1909,-0.2729,1.3867%,1.5501%,19.9721%,0.004052,QSR,15113.0,2019-02-20,252.0,-0.4158%,0.0004,0.5774,-0.2017,-0.2826,1.3845%,1.5486%,20.0730%,-0.003438,QSR,15113.0,2019-02-21,252.0,0.1237%,0.0004,0.5788,-0.1984,-0.28,1.3841%,1.5485%,20.1014%,0.002482,QSR,15113.0,2019-02-22,252.0,-1.9923%,0.0003,0.5825,-0.1972,-0.2351,1.3940%,1.5526%,19.3793%,-0.02681,QSR,15113.0,2019-02-25,252.0,-1.5285%,0.0002,0.582,-0.1891,-0.2328,1.3980%,1.5556%,19.2282%,-0.017195,QSR,15113.0,2019-02-26,252.0,0.1120%,0.0002,0.5777,-0.1846,-0.2337,1.3973%,1.5519%,18.9280%,-2.7e-05,QSR,15113.0,2019-02-27,252.0,-0.0480%,0.0003,0.5845,-0.197,-0.2325,1.3940%,1.5511%,19.2340%,-0.001029,QSR,0.001738,-0.00763,0.0012829999999999,0.0018969999999999,-0.040682
10963,RESTAURANT BRANDS INTL INC,"KeyBanc Maintains Overweight on Restaurant Brands Intl, Raises Price Target to $72",6,increase,0.8,0.6,maintaining an 'overweight' rating and raising the price target typically signals positive sentiment and potential for stock price appreciation.,2,2019-02-12,QSR,2019-02-12 13:03:00+00:00,15113.0,76131D10,0.0084745902568101,2657973.0,0.0031123084481805,0.0162679497152566,-0.0097734602168202,0.0062590176239609,0.0134732974693179,-0.0044735386036336,0.0038645847234874,0.0077282167039811,-0.0041577494703233,-0.0094098905101418,0.0012370779877528,0.001437472528778,-0.0199227947741746,-0.0006384822772815,-0.0152851780876517,0.0036847703158855,0.0011201743036508,-0.0063674231059849,-0.0004795810964424,-0.0031736078672111,0.0108747854828834,-0.0011095212539657,-0.0020565930753946,-0.0087981363758444,-0.0101458970457315,0.0166107788681983,-0.000960883393418,0.0978432744741439,-0.0091375391930341,-0.0074834721162915,-0.008736465126276,0.0036681063938885,0.0261138975620269,0.0130950575694441,-0.0074757025577127,0.0069493832997977,0.0028846201021224,0.0050143050029873,0.0073505765758454,-0.0122058847919106,0.0025380686856806,0.0203970614820718,0.0066985352896153,0.0115026663988828,0.0042775738984346,0.0042170798406004,0.0050481101498007,-0.0192411374300718,-0.0127138216048479,0.0271518509835004,0.0090619977563619,0.0385574176907539,-0.0004727051127701,0.013807913288474,0.0053593972697854,-0.0168260242789983,0.0079962704330682,0.0055758687667548,0.0101104602217674,-0.0085779791697859,0.0101631665602326,0.0024841821286827,-0.0074694799259305,0.0339854024350643,0.0082936706021428,-0.0207043290138244,-0.0031987673137336,-0.0040470049716532,0.0064180647023022,-0.0198337603360414,0.0006073628319427,0.0058901300653815,-0.000303554959828,0.005156616680324,0.0004554706974886,-0.017267232760787,-0.0100137097761035,-0.0150320893153548,0.0061302916146814,0.0105594610795378,0.0070068403147161,0.0188750475645065,0.0071093817241489,-0.0152416303753852,-0.0019526116084307,-0.0159136448055505,-0.0013543467503041,-0.0430597402155399,0.0018083596369251,0.0143821267411112,0.0192538909614086,-0.0186443571001291,-0.0271547213196754,-0.0161152482032775,-0.0007584257400594,-0.0076556135900318,-0.0036436235532164,0.0099656013771891,0.0004572056932374,0.0365093350410461,0.0121839074417948,-0.0068977605551481,-0.0144447656348347,0.0218687690794467,-0.0039694984443485,0.0054516275413334,-0.0001531960006104,0.0459988228976726,0.0065920632332563,-0.0219371691346168,0.0169051624834537,-0.0302866455167532,0.0055414522066712,0.0181718375533819,0.0026809696573764,-0.016428954899311,-0.0117350108921527,-0.0050296173430979,0.0072148409672081,-0.0051822895184159,0.0031123084481805,0.0162679497152566,-0.0066915697914404,0.022628788723191,0.0066915701675407,0.0180540193596507,0.0063802681931608,0.0162679499905213,-0.026921931409746,0.0111075972971583,0.018640882270845,0.214639765546893,0.0511106419299876,0.1482876617186144,2019-02-13,2019-02-14,2019-02-15,2019-02-19,2019-02-20,2019-02-21,2019-02-22,2019-02-25,2019-02-26,2019-02-27,15113.0,2019-02-12,252.0,0.8475%,0.0004,0.5848,-0.2413,-0.3045,1.4428%,1.6104%,19.7364%,5e-06,QSR,15113.0,2019-02-13,252.0,0.3112%,0.0002,0.5617,-0.2018,-0.2972,1.4068%,1.5650%,19.1993%,0.001733,QSR,15113.0,2019-02-14,252.0,-0.9773%,0.0004,0.5665,-0.2056,-0.2973,1.3866%,1.5491%,19.8820%,-0.009368,QSR,15113.0,2019-02-15,252.0,1.3473%,0.0004,0.5791,-0.1934,-0.2757,1.3865%,1.5511%,20.0966%,0.0089129999999999,QSR,15113.0,2019-02-19,252.0,0.3865%,0.0004,0.5797,-0.1909,-0.2729,1.3867%,1.5501%,19.9721%,0.004052,QSR,15113.0,2019-02-20,252.0,-0.4158%,0.0004,0.5774,-0.2017,-0.2826,1.3845%,1.5486%,20.0730%,-0.003438,QSR,15113.0,2019-02-21,252.0,0.1237%,0.0004,0.5788,-0.1984,-0.28,1.3841%,1.5485%,20.1014%,0.002482,QSR,15113.0,2019-02-22,252.0,-1.9923%,0.0003,0.5825,-0.1972,-0.2351,1.3940%,1.5526%,19.3793%,-0.02681,QSR,15113.0,2019-02-25,252.0,-1.5285%,0.0002,0.582,-0.1891,-0.2328,1.3980%,1.5556%,19.2282%,-0.017195,QSR,15113.0,2019-02-26,252.0,0.1120%,0.0002,0.5777,-0.1846,-0.2337,1.3973%,1.5519%,18.9280%,-2.7e-05,QSR,15113.0,2019-02-27,252.0,-0.0480%,0.0003,0.5845,-0.197,-0.2325,1.3940%,1.5511%,19.2340%,-0.001029,QSR,0.001738,-0.00763,0.0012829999999999,0.0018969999999999,-0.040682
10971,RADCOM LTD,RADCOM Sees FY19 Sales $28M-$32M,6,uncertain,0.6,0.3,"the forecasted sales range of $28m-$32m does not provide a clear indication of performance relative to market expectations, leading to uncertainty in stock price movement.",1,2019-02-12,RDCM,2019-02-12 12:41:00+00:00,85397.0,M8186511,-0.0496894530951976,179421.0,-0.0169934779405593,0.004993753042072,0.0239361468702554,-0.0372595526278019,-0.010389600880444,0.0084848115220665,0.0157480165362358,-0.0012106813956052,-0.0025839768350124,-0.0166665948927402,-0.022020673379302,0.025641031563282,0.0119204865768551,-0.0114665385335683,0.001308930455707,-0.0048048002645373,-0.0065359724685549,0.0030120022129267,-0.0131578827276825,0.0109622599557042,0.0133333206176757,0.022415978834033,0.0276315845549106,-0.0074166152626276,-0.0358514375984668,0.0358515009284019,-0.0039840913377702,0.0012820194242522,0.0,-0.0499390810728073,0.004000028129667,0.0249687638133764,0.0013279882259666,0.0256082322448492,-0.0106100691482424,-0.040540587157011,0.0174262896180152,-0.0297973770648241,-0.0105401743203401,-0.0164125896990299,0.0,0.0154762044548988,-0.0119840409606695,0.0700636580586433,-0.0188679061830043,-0.0063291378319263,0.0041208425536751,0.0326797366142272,-0.0041039306670427,-0.0273362603038549,-0.0123626580461859,0.0044699679128825,0.0180806834250688,0.024869117885828,0.0245901402086019,0.0296495668590068,-0.0266666412353515,0.0450704470276832,-0.0109589584171772,-0.0152566069737076,0.0027700804639607,0.0083916001021862,0.0248619206249713,-0.0592105016112327,0.0646900311112403,-0.0452261455357074,0.0303797777742147,0.0140127558261156,-0.018427588045597,-0.0075853280723094,-0.0012515335110947,-0.0388821028172969,-0.0062656882219016,0.0147965336218476,0.0189155228435993,-0.0137060163542628,-0.0136138778179884,-0.0449825264513492,-0.026348752900958,-0.0092059755697846,0.0077319513075053,-0.0011494515929371,0.0191815365105867,0.0481927245855331,-0.0050188158638775,0.0209102183580398,0.007566197309643,-0.0169286988675594,0.0838548317551612,0.0048603788018226,0.0080831060186028,-0.0441347435116767,-0.024054879322648,-0.0171233527362346,0.0328638181090354,0.0022883820347487,0.0022612917236983,0.0429593846201896,-0.0011223641922697,-0.0047505893744528,-0.0590238869190216,-0.0128956222906708,0.0301568154245615,0.0035293803084641,0.00819668546319,0.0131108043715357,0.0046457564458251,-0.0300577208399772,-0.002312081400305,0.0260971896350383,0.006952429190278,-0.0086900452151894,0.001150774420239,-0.0077129662968218,0.0034482453484088,0.0058684549294412,-0.0131729412823915,-0.031818151473999,0.0307603422552347,0.005714307539165,-0.0169934779405593,0.004993753042072,0.0065359105458744,-0.0324518645900111,-0.0039215958365315,-0.0242424010225303,0.009150286891058,-0.0416666004351635,-0.0196078548393161,-0.0194884101082036,-0.0562091853897588,0.1165048717375898,0.1607843224889471,-0.0799999814460349,2019-02-13,2019-02-14,2019-02-15,2019-02-19,2019-02-20,2019-02-21,2019-02-22,2019-02-25,2019-02-26,2019-02-27,85397.0,2019-02-12,252.0,-4.9689%,-0.0032,0.4721,0.826,-0.2071,3.1245%,3.2137%,5.4725%,-0.057305,RDCM,85397.0,2019-02-13,252.0,-1.6993%,-0.0033,0.4647,0.8323,-0.2098,3.1253%,3.2137%,5.4285%,-0.018766,RDCM,85397.0,2019-02-14,252.0,2.3936%,-0.0036,0.4529,0.8411,-0.2085,3.0678%,3.1563%,5.5314%,0.019267,RDCM,85397.0,2019-02-15,252.0,-1.0390%,-0.0037,0.4334,0.8221,-0.2422,3.0677%,3.1539%,5.3908%,-0.01671,RDCM,85397.0,2019-02-19,252.0,1.5748%,-0.0036,0.4429,0.8239,-0.241,3.0671%,3.1550%,5.4910%,0.013167,RDCM,85397.0,2019-02-20,252.0,-0.2584%,-0.0035,0.4429,0.8247,-0.2406,3.0671%,3.1550%,5.4921%,-0.004013,RDCM,85397.0,2019-02-21,252.0,-2.2021%,-0.0036,0.4463,0.8279,-0.2343,3.0689%,3.1569%,5.4953%,-0.0204579999999999,RDCM,85397.0,2019-02-22,252.0,1.1920%,-0.0036,0.4462,0.8158,-0.2472,3.0684%,3.1572%,5.5434%,0.000922,RDCM,85397.0,2019-02-25,252.0,0.1309%,-0.0036,0.4461,0.8128,-0.249,3.0687%,3.1573%,5.5374%,0.002216,RDCM,85397.0,2019-02-26,252.0,-0.6536%,-0.0036,0.4503,0.8059,-0.2494,3.0683%,3.1573%,5.5586%,-0.001542,RDCM,85397.0,2019-02-27,252.0,-1.3158%,-0.0037,0.4435,0.8145,-0.2505,3.0678%,3.1564%,5.5351%,-0.015494,RDCM,-0.076071,-0.056804,-0.073514,-0.06436,-0.098716
10979,RADCOM LTD,"Radcom Q4 Adj. EPS $(0.27) Misses $(0.26) Estimate, Sales $4M Beat $3.77M Estimate",6,uncertain,0.6,0.2,"while the sales beat expectations, the miss on adjusted eps could lead to mixed reactions from investors, making the overall impact on the stock price uncertain.",1,2019-02-12,RDCM,2019-02-12 12:41:00+00:00,85397.0,M8186511,-0.0496894530951976,179421.0,-0.0169934779405593,0.004993753042072,0.0239361468702554,-0.0372595526278019,-0.010389600880444,0.0084848115220665,0.0157480165362358,-0.0012106813956052,-0.0025839768350124,-0.0166665948927402,-0.022020673379302,0.025641031563282,0.0119204865768551,-0.0114665385335683,0.001308930455707,-0.0048048002645373,-0.0065359724685549,0.0030120022129267,-0.0131578827276825,0.0109622599557042,0.0133333206176757,0.022415978834033,0.0276315845549106,-0.0074166152626276,-0.0358514375984668,0.0358515009284019,-0.0039840913377702,0.0012820194242522,0.0,-0.0499390810728073,0.004000028129667,0.0249687638133764,0.0013279882259666,0.0256082322448492,-0.0106100691482424,-0.040540587157011,0.0174262896180152,-0.0297973770648241,-0.0105401743203401,-0.0164125896990299,0.0,0.0154762044548988,-0.0119840409606695,0.0700636580586433,-0.0188679061830043,-0.0063291378319263,0.0041208425536751,0.0326797366142272,-0.0041039306670427,-0.0273362603038549,-0.0123626580461859,0.0044699679128825,0.0180806834250688,0.024869117885828,0.0245901402086019,0.0296495668590068,-0.0266666412353515,0.0450704470276832,-0.0109589584171772,-0.0152566069737076,0.0027700804639607,0.0083916001021862,0.0248619206249713,-0.0592105016112327,0.0646900311112403,-0.0452261455357074,0.0303797777742147,0.0140127558261156,-0.018427588045597,-0.0075853280723094,-0.0012515335110947,-0.0388821028172969,-0.0062656882219016,0.0147965336218476,0.0189155228435993,-0.0137060163542628,-0.0136138778179884,-0.0449825264513492,-0.026348752900958,-0.0092059755697846,0.0077319513075053,-0.0011494515929371,0.0191815365105867,0.0481927245855331,-0.0050188158638775,0.0209102183580398,0.007566197309643,-0.0169286988675594,0.0838548317551612,0.0048603788018226,0.0080831060186028,-0.0441347435116767,-0.024054879322648,-0.0171233527362346,0.0328638181090354,0.0022883820347487,0.0022612917236983,0.0429593846201896,-0.0011223641922697,-0.0047505893744528,-0.0590238869190216,-0.0128956222906708,0.0301568154245615,0.0035293803084641,0.00819668546319,0.0131108043715357,0.0046457564458251,-0.0300577208399772,-0.002312081400305,0.0260971896350383,0.006952429190278,-0.0086900452151894,0.001150774420239,-0.0077129662968218,0.0034482453484088,0.0058684549294412,-0.0131729412823915,-0.031818151473999,0.0307603422552347,0.005714307539165,-0.0169934779405593,0.004993753042072,0.0065359105458744,-0.0324518645900111,-0.0039215958365315,-0.0242424010225303,0.009150286891058,-0.0416666004351635,-0.0196078548393161,-0.0194884101082036,-0.0562091853897588,0.1165048717375898,0.1607843224889471,-0.0799999814460349,2019-02-13,2019-02-14,2019-02-15,2019-02-19,2019-02-20,2019-02-21,2019-02-22,2019-02-25,2019-02-26,2019-02-27,85397.0,2019-02-12,252.0,-4.9689%,-0.0032,0.4721,0.826,-0.2071,3.1245%,3.2137%,5.4725%,-0.057305,RDCM,85397.0,2019-02-13,252.0,-1.6993%,-0.0033,0.4647,0.8323,-0.2098,3.1253%,3.2137%,5.4285%,-0.018766,RDCM,85397.0,2019-02-14,252.0,2.3936%,-0.0036,0.4529,0.8411,-0.2085,3.0678%,3.1563%,5.5314%,0.019267,RDCM,85397.0,2019-02-15,252.0,-1.0390%,-0.0037,0.4334,0.8221,-0.2422,3.0677%,3.1539%,5.3908%,-0.01671,RDCM,85397.0,2019-02-19,252.0,1.5748%,-0.0036,0.4429,0.8239,-0.241,3.0671%,3.1550%,5.4910%,0.013167,RDCM,85397.0,2019-02-20,252.0,-0.2584%,-0.0035,0.4429,0.8247,-0.2406,3.0671%,3.1550%,5.4921%,-0.004013,RDCM,85397.0,2019-02-21,252.0,-2.2021%,-0.0036,0.4463,0.8279,-0.2343,3.0689%,3.1569%,5.4953%,-0.0204579999999999,RDCM,85397.0,2019-02-22,252.0,1.1920%,-0.0036,0.4462,0.8158,-0.2472,3.0684%,3.1572%,5.5434%,0.000922,RDCM,85397.0,2019-02-25,252.0,0.1309%,-0.0036,0.4461,0.8128,-0.249,3.0687%,3.1573%,5.5374%,0.002216,RDCM,85397.0,2019-02-26,252.0,-0.6536%,-0.0036,0.4503,0.8059,-0.2494,3.0683%,3.1573%,5.5586%,-0.001542,RDCM,85397.0,2019-02-27,252.0,-1.3158%,-0.0037,0.4435,0.8145,-0.2505,3.0678%,3.1564%,5.5351%,-0.015494,RDCM,-0.076071,-0.056804,-0.073514,-0.06436,-0.098716
10987,DR REDDYS LABORATORIES LTD,Dr. Reddy's Launches Tadalafil Tablets USP in the U.S. Market,6,increase,0.8,0.6,"the launch of tadalafil tablets usp in the u.s. market is likely to boost dr. reddy's revenue and market presence, which generally leads to a positive impact on stock prices.",2,2019-02-12,RDY,2019-02-12 09:21:00+00:00,88957.0,25613520,0.0390177406370639,221789.0,-0.0173320285975933,-0.0554123148322105,0.0077498913742601,-0.0197069868445396,-0.0458764135837554,0.0053340843878686,0.0116732073947787,-0.012045158073306,-0.0173077210783958,0.0037782797589898,0.0064299562945961,0.0171663332730531,0.0244444739073514,0.0219952911138534,0.0132862757891416,0.0159616507589817,0.0024083531461656,0.0132075930014252,-0.0072077005170285,-0.0040268865413963,0.0131756300106644,-0.0061365938745439,0.0002653482370078,-0.0105597022920846,-0.0095515204593539,0.0061088851653039,0.0192873664200305,0.0045358054339885,0.0120893325656652,0.0118790119886398,-0.0160996876657009,-0.0069704647175967,-0.0097650811076164,0.0059330472722649,0.0194562766700983,0.0081566898152232,0.002352945273742,0.0126651730388402,0.0067813852801918,-0.0157182067632675,0.0033679034095257,0.0040816743858158,0.0036147532518953,-0.0070250835269689,0.0054026986472308,0.0029809428378939,0.0120265455916523,0.0101287364959716,0.0240202471613884,-0.0201180260628461,-0.0046913241967558,0.0135943451896309,-0.0285289380699396,-0.0210274402052164,0.0219612009823322,-0.003448304021731,0.0137431090697646,0.0002653790579643,-0.0157751888036727,0.0029270034283399,-0.0047582928091287,-0.0071333330124616,0.0191242657601833,0.021041240543127,0.0017283875495195,0.0062432014383375,0.0133103504776954,-0.0120675982907414,-0.0150814624503254,0.0180180128663778,-0.0118548609316349,-0.0184887088835239,-0.0014995641540735,0.0317943468689918,-0.0067584593780338,-0.012018640525639,0.0103326570242643,0.0002732824359554,-0.0014966668095439,0.0192146655172109,0.0049962718039751,-0.0346774421632289,0.0156599823385477,0.0116943242028355,-0.0119922095909714,-0.025702204555273,-0.0091651957482099,-0.0086681907996535,0.0060000419616699,-0.00962536316365,0.013170943595469,0.0052300454117357,-0.0066225277259945,-0.0052028344944119,0.0096296146512031,0.0039174119010567,-0.0009782566921785,0.0357046164572238,0.0146879386156797,0.0035288019571453,-0.0084439637139439,0.012922772206366,0.0019465166842564,-0.0170270558446645,0.0172413568943738,0.009825344197452,-0.0033420717809349,0.003835599636659,0.0110179418697953,0.0354609936475753,-0.0002368709247093,0.0094502251595258,0.0132700838148593,0.0124672790989279,-0.0098222214728593,0.0078901359811425,-0.0139348171651363,0.0052879052236676,0.0026347450911998,0.0185518488287925,-0.0173320285975933,-0.0554123148322105,-0.00971645856226,-0.0740272919173263,-0.0551471158744438,-0.0690880753515501,-0.0606617972599675,-0.0768261767341907,-0.0233719312479889,-0.0161073438091141,0.0485818900548229,-0.0247472169406888,0.0992646677646578,0.0966488142984276,2019-02-13,2019-02-14,2019-02-15,2019-02-19,2019-02-20,2019-02-21,2019-02-22,2019-02-25,2019-02-26,2019-02-27,88957.0,2019-02-12,252.0,3.9018%,0.0004,0.277,-0.0236,-0.1671,1.7371%,1.7717%,3.8634%,0.0349029999999999,RDY,88957.0,2019-02-13,252.0,-1.7332%,0.0004,0.2777,-0.0322,-0.1731,1.7404%,1.7752%,3.8825%,-0.018077,RDY,88957.0,2019-02-14,252.0,0.7750%,0.0004,0.2762,-0.0283,-0.1776,1.7409%,1.7757%,3.8876%,0.007397,RDY,88957.0,2019-02-15,252.0,-4.5876%,0.0001,0.2325,-0.0728,-0.2554,1.7647%,1.7966%,3.5161%,-0.048174,RDY,88957.0,2019-02-19,252.0,1.1673%,0.0002,0.2352,-0.0657,-0.2477,1.7663%,1.7978%,3.4765%,0.012109,RDY,88957.0,2019-02-20,252.0,-1.7308%,0.0001,0.2306,-0.0763,-0.2643,1.7693%,1.8013%,3.5159%,-0.016348,RDY,88957.0,2019-02-21,252.0,0.6430%,0.0002,0.222,-0.0924,-0.28,1.7654%,1.7972%,3.4995%,0.006522,RDY,88957.0,2019-02-22,252.0,2.4444%,0.0003,0.2186,-0.0713,-0.3016,1.7677%,1.8010%,3.6717%,0.019293,RDY,88957.0,2019-02-25,252.0,1.3286%,0.0004,0.2172,-0.0785,-0.3104,1.7678%,1.8017%,3.7240%,0.01213,RDY,88957.0,2019-02-26,252.0,0.2408%,0.0004,0.2135,-0.0758,-0.3118,1.7674%,1.8006%,3.6551%,0.00113,RDY,88957.0,2019-02-27,252.0,-0.7208%,0.0003,0.2085,-0.0693,-0.3127,1.7668%,1.7992%,3.5707%,-0.00773,RDY,0.0168259999999999,0.0242229999999999,-0.023951,-0.02819,0.0031549999999999
10995,REXFORD INDUSTRIAL REALTY INC,"Rexford Industrial Realty Sees FY19 EPS $0.04-$0.08 vs $0.02 Est., Sees FFO $1.16-$1.20",6,increase,0.75,0.6,"the forecasted eps and ffo are higher than estimates, which typically signals positive financial performance and can lead to an increase in stock price.",2,2019-02-12,REXR,2019-02-12 21:27:00+00:00,14037.0,76169C10,-0.0020051472820341,503778.0,0.0022961543872952,0.0043153492733836,0.0051546483300626,-0.0130608426406979,-0.0022791458759456,0.0488385744392871,0.0034265827853232,-0.0023766492959111,-0.0048377397470176,-0.0047309240326285,-0.000857952341903,0.010155321098864,0.0060103866271674,-0.0035713969264179,-0.0108108408749103,-0.0053286058828234,-0.0063273287378251,0.0059558348730206,-0.0092619303613901,0.0105327200144529,0.0014606846962124,0.0033212746493518,-0.0023336645681411,0.0178241543471813,-0.0002924601139966,0.0021558266598731,0.003217332996428,0.0086984345689415,-0.0102040376514196,0.0049953125417232,0.0011782301589846,0.0072326902300119,0.0008825765689834,0.0066476440988481,0.0155790355056524,0.0054105687886476,0.0040520806796848,0.0171576794236898,0.0103776482865214,0.0003238416102249,0.0062767826020717,0.0088205989450216,0.0093563375994563,0.013576153665781,0.0058989580720663,0.0019907555542886,-0.0072606010362505,0.0314852856099605,-0.0047819456085562,0.0096751479431986,0.0070661390200257,0.01472651027143,-0.0123492125421762,-0.0086896074935793,0.0019891927950084,-0.0237529315054416,0.0119115710258483,0.0120191778987646,0.000840772932861,-0.0027247879188507,0.0105013288557529,-0.0057568596675992,-0.0025069678667932,0.0357769355177879,0.0069812899455428,-0.0452109947800636,0.0044370451942086,-0.0138705438002944,0.0005521937273442,0.0053120795637369,-0.0024834477808326,-0.0201691258698701,0.0058091031387448,0.0062193302437663,-0.0011001351522281,-0.0276893973350524,-0.0008259575697593,0.0003183772205375,0.0198401045054197,0.0025534606538712,0.0048635588027536,-0.0203251913189888,0.0080667668953537,0.0040816063992679,-0.0114697329699993,-0.0169753432273864,-0.0261738039553165,-0.0133982524275779,-0.0096979346126317,0.0120184710249304,0.015668649226427,-0.0190447717905044,-0.012396715581417,0.0134804667904973,0.0211995020508766,-0.0054844701662659,0.0150231970474124,0.0009148758254013,0.0,0.0064456439577043,0.0010764509206637,0.0024615947622805,-0.0002688746317289,-0.0027615879662334,0.0188222844153642,-0.0027539825532585,0.0095012038946151,-0.0021373953204602,-0.001307169557549,-0.0132569642737507,0.0078533831983804,0.0100425444543361,-0.0103896502405405,0.0033587971702218,-0.0173228308558464,-0.0012199119664728,-0.0008012494654394,0.0012214019661769,0.0053461845964193,0.0003053855034522,0.0022961543872952,0.0043153492733836,0.0074626385857359,-0.0088018554651136,0.0051664842678338,0.0396068489008367,0.003731374025786,0.0322294560660922,-0.017508628097661,0.0505567366395147,0.0249712666855022,0.1955658116018392,0.085069243276689,0.0721383987794299,2019-02-13,2019-02-14,2019-02-15,2019-02-19,2019-02-20,2019-02-21,2019-02-22,2019-02-25,2019-02-26,2019-02-27,14037.0,2019-02-12,252.0,-0.2005%,0.001,0.5279,0.2727,0.1612,1.1017%,1.2306%,19.8539%,-0.009349,REXR,14037.0,2019-02-13,252.0,0.2296%,0.001,0.5292,0.2701,0.1606,1.1015%,1.2306%,19.8730%,0.000442,REXR,14037.0,2019-02-14,252.0,0.5155%,0.001,0.5278,0.2725,0.1585,1.1016%,1.2303%,19.8285%,0.005693,REXR,14037.0,2019-02-15,252.0,-0.2279%,0.001,0.5289,0.2723,0.1586,1.1019%,1.2305%,19.8010%,-0.009786,REXR,14037.0,2019-02-19,252.0,0.3427%,0.0009,0.5268,0.2752,0.1621,1.1011%,1.2284%,19.6445%,0.001056,REXR,14037.0,2019-02-20,252.0,-0.4838%,0.0009,0.525,0.2739,0.1566,1.1018%,1.2286%,19.5835%,-0.007436,REXR,14037.0,2019-02-21,252.0,-0.0858%,0.001,0.5154,0.2545,0.139,1.0893%,1.2132%,19.3873%,0.0015359999999999,REXR,14037.0,2019-02-22,252.0,0.6010%,0.0011,0.5147,0.2672,0.1412,1.0879%,1.2123%,19.4723%,0.0032029999999999,REXR,14037.0,2019-02-25,252.0,-1.0811%,0.001,0.5163,0.2746,0.1511,1.0871%,1.2119%,19.5359%,-0.0107339999999999,REXR,14037.0,2019-02-26,252.0,-0.6327%,0.0009,0.5119,0.2849,0.153,1.0860%,1.2089%,19.2981%,-0.003345,REXR,14037.0,2019-02-27,252.0,-0.9262%,0.0009,0.5147,0.2766,0.1535,1.0873%,1.2105%,19.3120%,-0.01018,REXR,-0.008907,-0.003214,-0.013,-0.01938,-0.0389
11003,REXFORD INDUSTRIAL REALTY INC,"Rexford Industrial Realty Q4 EPS $0.13 Beats $0.05 Estimate, Sales $56.13M Miss $56.5M Estimate, FFO $0.29 Up From $0.26 YoY",6,uncertain,0.6,0.3,"while the eps beat expectations, the sales miss could create mixed reactions among investors, leading to uncertainty in the stock price movement.",1,2019-02-12,REXR,2019-02-12 21:26:00+00:00,14037.0,76169C10,-0.0020051472820341,503778.0,0.0022961543872952,0.0043153492733836,0.0051546483300626,-0.0130608426406979,-0.0022791458759456,0.0488385744392871,0.0034265827853232,-0.0023766492959111,-0.0048377397470176,-0.0047309240326285,-0.000857952341903,0.010155321098864,0.0060103866271674,-0.0035713969264179,-0.0108108408749103,-0.0053286058828234,-0.0063273287378251,0.0059558348730206,-0.0092619303613901,0.0105327200144529,0.0014606846962124,0.0033212746493518,-0.0023336645681411,0.0178241543471813,-0.0002924601139966,0.0021558266598731,0.003217332996428,0.0086984345689415,-0.0102040376514196,0.0049953125417232,0.0011782301589846,0.0072326902300119,0.0008825765689834,0.0066476440988481,0.0155790355056524,0.0054105687886476,0.0040520806796848,0.0171576794236898,0.0103776482865214,0.0003238416102249,0.0062767826020717,0.0088205989450216,0.0093563375994563,0.013576153665781,0.0058989580720663,0.0019907555542886,-0.0072606010362505,0.0314852856099605,-0.0047819456085562,0.0096751479431986,0.0070661390200257,0.01472651027143,-0.0123492125421762,-0.0086896074935793,0.0019891927950084,-0.0237529315054416,0.0119115710258483,0.0120191778987646,0.000840772932861,-0.0027247879188507,0.0105013288557529,-0.0057568596675992,-0.0025069678667932,0.0357769355177879,0.0069812899455428,-0.0452109947800636,0.0044370451942086,-0.0138705438002944,0.0005521937273442,0.0053120795637369,-0.0024834477808326,-0.0201691258698701,0.0058091031387448,0.0062193302437663,-0.0011001351522281,-0.0276893973350524,-0.0008259575697593,0.0003183772205375,0.0198401045054197,0.0025534606538712,0.0048635588027536,-0.0203251913189888,0.0080667668953537,0.0040816063992679,-0.0114697329699993,-0.0169753432273864,-0.0261738039553165,-0.0133982524275779,-0.0096979346126317,0.0120184710249304,0.015668649226427,-0.0190447717905044,-0.012396715581417,0.0134804667904973,0.0211995020508766,-0.0054844701662659,0.0150231970474124,0.0009148758254013,0.0,0.0064456439577043,0.0010764509206637,0.0024615947622805,-0.0002688746317289,-0.0027615879662334,0.0188222844153642,-0.0027539825532585,0.0095012038946151,-0.0021373953204602,-0.001307169557549,-0.0132569642737507,0.0078533831983804,0.0100425444543361,-0.0103896502405405,0.0033587971702218,-0.0173228308558464,-0.0012199119664728,-0.0008012494654394,0.0012214019661769,0.0053461845964193,0.0003053855034522,0.0022961543872952,0.0043153492733836,0.0074626385857359,-0.0088018554651136,0.0051664842678338,0.0396068489008367,0.003731374025786,0.0322294560660922,-0.017508628097661,0.0505567366395147,0.0249712666855022,0.1955658116018392,0.085069243276689,0.0721383987794299,2019-02-13,2019-02-14,2019-02-15,2019-02-19,2019-02-20,2019-02-21,2019-02-22,2019-02-25,2019-02-26,2019-02-27,14037.0,2019-02-12,252.0,-0.2005%,0.001,0.5279,0.2727,0.1612,1.1017%,1.2306%,19.8539%,-0.009349,REXR,14037.0,2019-02-13,252.0,0.2296%,0.001,0.5292,0.2701,0.1606,1.1015%,1.2306%,19.8730%,0.000442,REXR,14037.0,2019-02-14,252.0,0.5155%,0.001,0.5278,0.2725,0.1585,1.1016%,1.2303%,19.8285%,0.005693,REXR,14037.0,2019-02-15,252.0,-0.2279%,0.001,0.5289,0.2723,0.1586,1.1019%,1.2305%,19.8010%,-0.009786,REXR,14037.0,2019-02-19,252.0,0.3427%,0.0009,0.5268,0.2752,0.1621,1.1011%,1.2284%,19.6445%,0.001056,REXR,14037.0,2019-02-20,252.0,-0.4838%,0.0009,0.525,0.2739,0.1566,1.1018%,1.2286%,19.5835%,-0.007436,REXR,14037.0,2019-02-21,252.0,-0.0858%,0.001,0.5154,0.2545,0.139,1.0893%,1.2132%,19.3873%,0.0015359999999999,REXR,14037.0,2019-02-22,252.0,0.6010%,0.0011,0.5147,0.2672,0.1412,1.0879%,1.2123%,19.4723%,0.0032029999999999,REXR,14037.0,2019-02-25,252.0,-1.0811%,0.001,0.5163,0.2746,0.1511,1.0871%,1.2119%,19.5359%,-0.0107339999999999,REXR,14037.0,2019-02-26,252.0,-0.6327%,0.0009,0.5119,0.2849,0.153,1.0860%,1.2089%,19.2981%,-0.003345,REXR,14037.0,2019-02-27,252.0,-0.9262%,0.0009,0.5147,0.2766,0.1535,1.0873%,1.2105%,19.3120%,-0.01018,REXR,-0.008907,-0.003214,-0.013,-0.01938,-0.0389
11011,RIO TINTO PLC,Goldman Sachs Upgrades Rio Tinto to Buy,6,increase,0.8,0.7,"an upgrade to 'buy' from a major investment bank like goldman sachs typically signals positive sentiment and can lead to increased investor interest, likely driving the stock price up.",2,2019-02-12,RIO,2019-02-12 11:13:00+00:00,76221.0,76720410,0.0025098493788391,4602655.0,0.0071531031280756,-0.004461895674467,-0.000710243533831,-0.0042651798576116,0.0154584711417555,-0.0065324669703841,0.0118985176086425,0.0072914785705506,0.0103752110153436,-0.0089884055778384,-0.0070169405080378,0.0137573778629303,0.0139607265591621,-0.0053314240649342,-0.0022097749169915,0.0201232880353927,0.0017035515047609,0.0137842306867241,-0.0047618839889764,0.0326437912881374,-0.005468210671097,0.0082280961796641,0.0027491382788866,0.047924593091011,0.0051404940895736,-0.0010015873704105,0.0044322931207716,-0.0077520012855529,0.004582492634654,-0.0257551912218332,-0.0037167922127991,-0.0003871555963996,-0.0014614874962717,0.0151306828483939,0.0113428272306919,0.0039455667138099,0.000723605568055,0.0027695230673998,0.0128344018012285,0.0007919405470602,-0.0005354056484065,-0.0015813764184713,-0.0003571510314941,-0.0049173878505826,0.0180421955883503,0.0107356049120426,-0.0082470821216702,0.0122761242091655,0.0023000896908342,0.0089339818805456,0.0031774104572832,0.0557341575622558,-0.0121415173634886,-0.0147834625095129,0.0144282402470707,-0.023308603093028,0.014749783091247,0.0056005073711276,-0.0022495426237583,-0.0020700120367109,0.006243506912142,-0.0160895548760891,0.0143053773790597,0.0365209951996803,0.0169923547655344,-0.0081658167764544,0.0188805535435676,0.0004188655584584,0.0006559678004123,0.0099429069086909,0.0003277688811067,-0.0104668196290731,0.0004914610181003,0.0129347033798694,0.0211233161389827,0.0102827660739421,-0.0075369020923972,-0.0213836561888456,0.0082404613494873,0.014893633313477,-0.0054487204179167,0.0153380660340189,0.0116016333922743,0.0216287691146135,-0.005097160115838,-0.014357185922563,-0.0339417047798633,-0.008840013295412,0.0019887129310518,-0.0211059506982564,0.0051273796707391,-0.0092011420056223,0.0016455237055197,0.0226689781993627,-0.0044356901198625,-0.0057410262525081,-0.0193069018423557,-0.0152847478166222,-0.0015143891796469,0.0310880541801452,-0.0006740969838574,-0.0161427799612283,-0.0001686057657934,-0.0090506523847579,-0.006577827502042,-0.0442567057907581,-0.0162988603115081,0.013249035924673,-0.0086296172812581,-0.0313919074833393,0.0257660094648599,-0.0054977182298898,-0.0142565574496984,0.0175824388861656,0.0036156866699457,0.021845644339919,-0.0106365196406841,-0.0239139255136251,0.0012138636084273,-0.0009954058332368,0.0071531031280756,-0.004461895674467,0.0064377791490008,-0.0087080447445212,0.0219957685139482,-0.0151836267002352,0.0448855899171554,-0.0169193318517936,0.0464950349398005,0.0586449090813581,0.110794759598475,0.1546263141365915,0.1123359613989187,0.1104917253112485,2019-02-13,2019-02-14,2019-02-15,2019-02-19,2019-02-20,2019-02-21,2019-02-22,2019-02-25,2019-02-26,2019-02-27,76221.0,2019-02-12,252.0,0.2510%,0.0004,0.9843,0.0939,0.4818,1.3903%,1.6926%,32.5322%,-0.010345,RIO,76221.0,2019-02-13,252.0,0.7153%,0.0004,0.9778,0.1064,0.4849,1.3870%,1.6846%,32.2057%,0.003903,RIO,76221.0,2019-02-14,252.0,-0.0710%,0.0004,0.9766,0.1078,0.4841,1.3865%,1.6836%,32.1856%,0.003502,RIO,76221.0,2019-02-15,252.0,1.5458%,0.0003,0.9575,0.0908,0.4533,1.3780%,1.6659%,31.5714%,0.0017299999999999,RIO,76221.0,2019-02-19,252.0,1.1899%,0.0003,0.9573,0.0984,0.4619,1.3785%,1.6649%,31.4524%,0.008356,RIO,76221.0,2019-02-20,252.0,1.0375%,0.0004,0.9607,0.1147,0.4762,1.3730%,1.6620%,31.7515%,0.0056999999999999,RIO,76221.0,2019-02-21,252.0,-0.7017%,0.0005,0.9542,0.1009,0.4643,1.3674%,1.6537%,31.6308%,-0.002387,RIO,76221.0,2019-02-22,252.0,1.3961%,0.0005,0.9521,0.1088,0.446,1.3698%,1.6555%,31.5378%,0.01393,RIO,76221.0,2019-02-25,252.0,-0.2210%,0.0004,0.9535,0.1118,0.453,1.3676%,1.6541%,31.6433%,-0.002652,RIO,76221.0,2019-02-26,252.0,0.1704%,0.0005,0.9561,0.1025,0.4503,1.3674%,1.6534%,31.6053%,0.00534,RIO,76221.0,2019-02-27,252.0,-0.4762%,0.0004,0.9533,0.1058,0.4498,1.3674%,1.6507%,31.3796%,-0.005377,RIO,-0.006442,-0.00294,-0.00121,0.012846,0.0217
11019,RADIANT LOGISTICS INC,Radiant Logistics Achieves Record Financial Milestones,6,increase,0.8,0.7,"achieving record financial milestones typically indicates strong performance and growth potential, which is likely to positively influence investor sentiment and increase the stock price.",2,2019-02-12,RLGT,2019-02-12 16:17:00+00:00,13196.0,75025X10,0.0848708525300026,769678.0,0.0204081442207098,0.0037037001457065,-0.0016667047748342,0.0384615957736969,-0.0016694077057763,-0.0188679955899715,0.0,0.0095238462090492,0.0033444783184677,0.027397233992815,-0.008333365432918,0.0344129689037799,0.0016807108186185,0.0,0.0302013140171766,0.0040650367736816,0.0179153308272361,0.0144330253824591,0.0223999787122011,-0.0020576601382344,0.0,-0.0040983567014336,0.0,-0.0020449392031878,0.0046948688104748,-0.012121201492846,-0.0109034534543752,0.0102040227502584,-0.0047243675217032,-0.0576922558248043,-0.0617089122533798,0.01960782520473,-0.0067453561350703,0.0714285001158714,0.0407470725476741,-0.0041840961202979,0.0375203937292099,0.0042016762308776,-0.0283019337803125,0.0021053112577646,-0.0210355408489704,-0.0041928682476282,0.0082644149661064,0.0623608529567718,-0.0098360562697052,0.0274599287658929,0.0049669221043586,0.0355450473725795,-0.0263591967523098,0.00237523810938,-0.0118442801758647,0.0243308767676353,-0.0359589084982872,-0.0352112874388694,-0.0106571828946471,0.0023529950994998,0.0412926413118839,0.0167464539408683,-0.0086207222193479,0.0048076878301799,0.05565220490098,0.0,0.0378912724554538,0.0024095787666738,0.0174602624028921,0.0097323507070541,0.0,-0.0886918157339096,-0.0015600237529724,-0.0195651464164257,0.0062499940395355,0.0244989171624183,-0.0170807652175426,-0.0088301189243793,-0.0063191093504428,-0.04228325933218,0.001589861465618,-0.0186722297221422,-0.0047619380056858,-0.0511810556054115,0.0382775515317916,0.001972337719053,0.016897028312087,0.0201208014041185,0.0574018321931362,-0.0158416628837585,0.0385714247822761,-0.023210808634758,-0.0371389240026474,-0.0038535608910024,0.0071428841911256,-0.047706376761198,-0.0156028550118207,0.0018381896661594,-0.0259365737438201,0.007407400291413,0.0,-0.0270270425826311,-0.0340236686170101,0.007259520702064,0.0214394889771938,-0.0143112558871507,0.0089954938739538,-0.0141093339771032,-0.0282318070530891,-0.0139130298048257,0.016819592565298,0.0176990982145071,0.0240601263940334,-0.0292096342891454,-0.0102790268138051,-0.0267558265477418,0.0,-0.0196721125394105,-0.0133530683815479,0.0321489088237285,0.0240601263940334,-0.0182724483311176,0.0014684624038636,0.0379309952259063,0.0204081442207098,0.0037037001457065,0.0187074250944574,0.0423077461372745,0.0170067870690731,0.0226414881797631,0.02040814421816,0.0606653514022652,0.0867346506219,0.1152263231991683,-0.0221088592145842,0.3028846834248431,0.1598639622965378,-0.0655172634349321,2019-02-13,2019-02-14,2019-02-15,2019-02-19,2019-02-20,2019-02-21,2019-02-22,2019-02-25,2019-02-26,2019-02-27,13196.0,2019-02-12,252.0,8.4871%,0.0017,0.9414,1.2906,0.1769,2.6021%,2.8608%,17.2722%,0.073529,RLGT,13196.0,2019-02-13,252.0,2.0408%,0.0021,0.976,1.2381,0.1713,2.5653%,2.8343%,18.0836%,0.016774,RLGT,13196.0,2019-02-14,252.0,-0.1667%,0.0021,0.9785,1.2346,0.1739,2.5647%,2.8340%,18.1020%,-0.005162,RLGT,13196.0,2019-02-15,252.0,-0.1669%,0.002,0.9581,1.2143,0.1381,2.5666%,2.8285%,17.6617%,-0.016748,RLGT,13196.0,2019-02-19,252.0,0.0000%,0.0019,0.9524,1.2153,0.1398,2.5657%,2.8251%,17.5225%,-0.005856,RLGT,13196.0,2019-02-20,252.0,0.3344%,0.002,0.9557,1.2429,0.1567,2.5491%,2.8129%,17.8765%,-0.002008,RLGT,13196.0,2019-02-21,252.0,-0.8333%,0.0021,0.9542,1.2386,0.1541,2.5489%,2.8112%,17.7923%,-0.003667,RLGT,13196.0,2019-02-22,252.0,0.1681%,0.0019,0.9574,1.1943,0.1522,2.5423%,2.8017%,17.6597%,-0.009169,RLGT,13196.0,2019-02-25,252.0,3.0201%,0.002,0.9561,1.1781,0.1389,2.5486%,2.8065%,17.5343%,0.032044,RLGT,13196.0,2019-02-26,252.0,1.7915%,0.002,0.9257,1.1724,0.1132,2.5398%,2.7893%,17.0890%,0.027343,RLGT,13196.0,2019-02-27,252.0,2.2400%,0.0021,0.9369,1.1576,0.1151,2.5374%,2.7892%,17.2381%,0.019375,RLGT,0.090303,0.085141,0.068393,0.0605289999999999,0.126455
11027,REGIONAL MANAGEMENT CORP,"Regional Management Q4 EPS $0.90 Beats $0.81 Estimate, Sales $83.749M Beat $81.77M Estimate",6,increase,0.8,0.7,"the company reported better-than-expected earnings per share and sales, which typically signals positive performance and can lead to an increase in stock price.",2,2019-02-12,RM,2019-02-12 21:56:00+00:00,13302.0,75902K10,0.0240143407136201,23533.0,0.0231011491268873,-0.0162200629711151,-0.0602121204137802,0.019410528242588,0.0305788200348615,-0.0025098493788391,-0.0158954039216041,-0.0010745231993496,-0.0068198326043784,-0.0042796302586793,-0.0122876819223165,0.0170475598424673,0.0153677305206656,0.0032751148100942,-0.0194594915956258,0.0054884604178369,-0.0014700114261358,0.012597263790667,0.0036805439740419,0.0014841932570561,-0.0029336237348616,0.0018587786471471,0.0110334400087595,-0.0081121390685439,-0.0145507315173745,0.0078038275241851,0.0,0.0101351523771882,-0.0136582069098949,-0.0055991606786847,-0.0284431222826242,0.0260436721146106,0.0265793744474649,0.0084975371137261,0.0240150578320026,0.0019349550129845,-0.0021986577194184,0.0081935618072748,0.0106500517576932,-0.0221289563924074,-0.0079942299053072,0.0274401735514402,-0.0208791103214025,0.0063116308301687,-0.0145903257653117,0.0083532612770795,-0.0053150868043303,-0.0051444820128381,-0.0103053608909249,-0.0109588569030165,-0.0026995639782398,0.0606060214340686,-0.0471771545708179,-0.0008295502630062,0.0,0.0024948597420006,-0.0016233364585787,0.0147678675130009,-0.0089431386440992,-0.0033641683403402,-0.0077932169660925,-0.0079265180975198,0.009508041664958,0.0467248782515525,-0.0012285293778404,-0.0242863111197948,0.0024600808974355,-0.0046649961732327,0.0106338774785399,-0.0133891087025404,-0.0044515868648886,-0.0033361103851348,0.0073170852847397,0.0173949878662824,-0.0040355278179049,-0.0418699458241462,0.0020259008742868,-0.0088637918233871,0.0222402401268482,-0.0189723148941993,-0.0007911573047749,0.0019801678135991,0.0015834920341148,-0.0235885772854089,0.008695701137185,0.0062256748788058,0.0117554562166333,-0.0298225376754999,0.0030983705073595,0.0049316827207803,-0.0138995638117194,-0.0365497060120105,-0.022709546610713,0.0073637985624372,0.0324519798159599,0.0025839679874479,-0.0073729348368942,0.0014787769177928,-0.0218920819461345,0.0003697604115586,0.0111909983679652,-0.0116958953440189,0.0031620524823665,0.0014641623711213,-0.0240346230566501,-0.0043732081539928,-0.0157449040561914,0.0162963159382343,0.0114848520606756,-0.0256224870681762,0.0137875163927674,-0.0131766684353351,0.0099999997764825,-0.0049609988927841,-0.0071287248283624,0.000709168438334,0.0187475550919771,0.0014204870676621,-0.0681284889578819,0.0014224398182705,0.0231011491268873,-0.0162200629711151,-0.0385019404598176,0.0028756252810755,-0.0091004643332698,0.0003585585159109,-0.0315015641921818,-0.0049929145085848,-0.0455022505885078,0.0352504192167282,-0.1466573545346151,0.1732547821086474,-0.1669583672771313,-0.0078236606444526,2019-02-13,2019-02-14,2019-02-15,2019-02-19,2019-02-20,2019-02-21,2019-02-22,2019-02-25,2019-02-26,2019-02-27,13302.0,2019-02-12,252.0,2.4014%,0.0003,0.9085,0.9421,0.6275,1.9633%,2.1938%,19.9052%,0.01261,RM,13302.0,2019-02-13,252.0,2.3101%,0.0005,0.9309,0.912,0.6268,1.9485%,2.1865%,20.5837%,0.019453,RM,13302.0,2019-02-14,252.0,-6.0212%,0.0002,0.9422,0.8779,0.6688,1.9665%,2.2021%,20.2509%,-0.0594639999999999,RM,13302.0,2019-02-15,252.0,3.0579%,-0.0007,0.7749,0.7291,0.3991,1.4285%,1.6535%,25.3652%,0.014427,RM,13302.0,2019-02-19,252.0,-1.5895%,-0.0009,0.7638,0.7267,0.3974,1.4269%,1.6466%,24.9030%,-0.020779,RM,13302.0,2019-02-20,252.0,-0.6820%,-0.0005,0.7693,0.7795,0.4277,1.3040%,1.5484%,29.0772%,-0.012155,RM,13302.0,2019-02-21,252.0,-1.2288%,-0.0005,0.7659,0.7709,0.4216,1.3018%,1.5436%,28.8710%,-0.008012,RM,13302.0,2019-02-22,252.0,1.5368%,-0.0004,0.7637,0.784,0.4067,1.3034%,1.5465%,28.9769%,0.012246,RM,13302.0,2019-02-25,252.0,-1.9459%,-0.0005,0.7636,0.7925,0.411,1.3080%,1.5512%,28.8997%,-0.017935,RM,13302.0,2019-02-26,252.0,-0.1470%,-0.0004,0.7718,0.7755,0.4085,1.3048%,1.5504%,29.1810%,0.0060799999999999,RM,13302.0,2019-02-27,252.0,0.3681%,-0.0004,0.7725,0.7749,0.4086,1.3048%,1.5505%,29.1840%,0.001903,RM,0.032063,-0.0274009999999999,-0.0129739999999999,-0.045908,-0.0516259999999999
11035,REGIONAL MANAGEMENT CORP,Regional Management Corp. Announces Retirement Of CFO Don Thomas,6,uncertain,0.6,0.3,"the retirement of a cfo can lead to uncertainty regarding the company's financial management and future direction, which may affect investor sentiment both positively and negatively.",1,2019-02-12,RM,2019-02-12 21:25:00+00:00,13302.0,75902K10,0.0240143407136201,23533.0,0.0231011491268873,-0.0162200629711151,-0.0602121204137802,0.019410528242588,0.0305788200348615,-0.0025098493788391,-0.0158954039216041,-0.0010745231993496,-0.0068198326043784,-0.0042796302586793,-0.0122876819223165,0.0170475598424673,0.0153677305206656,0.0032751148100942,-0.0194594915956258,0.0054884604178369,-0.0014700114261358,0.012597263790667,0.0036805439740419,0.0014841932570561,-0.0029336237348616,0.0018587786471471,0.0110334400087595,-0.0081121390685439,-0.0145507315173745,0.0078038275241851,0.0,0.0101351523771882,-0.0136582069098949,-0.0055991606786847,-0.0284431222826242,0.0260436721146106,0.0265793744474649,0.0084975371137261,0.0240150578320026,0.0019349550129845,-0.0021986577194184,0.0081935618072748,0.0106500517576932,-0.0221289563924074,-0.0079942299053072,0.0274401735514402,-0.0208791103214025,0.0063116308301687,-0.0145903257653117,0.0083532612770795,-0.0053150868043303,-0.0051444820128381,-0.0103053608909249,-0.0109588569030165,-0.0026995639782398,0.0606060214340686,-0.0471771545708179,-0.0008295502630062,0.0,0.0024948597420006,-0.0016233364585787,0.0147678675130009,-0.0089431386440992,-0.0033641683403402,-0.0077932169660925,-0.0079265180975198,0.009508041664958,0.0467248782515525,-0.0012285293778404,-0.0242863111197948,0.0024600808974355,-0.0046649961732327,0.0106338774785399,-0.0133891087025404,-0.0044515868648886,-0.0033361103851348,0.0073170852847397,0.0173949878662824,-0.0040355278179049,-0.0418699458241462,0.0020259008742868,-0.0088637918233871,0.0222402401268482,-0.0189723148941993,-0.0007911573047749,0.0019801678135991,0.0015834920341148,-0.0235885772854089,0.008695701137185,0.0062256748788058,0.0117554562166333,-0.0298225376754999,0.0030983705073595,0.0049316827207803,-0.0138995638117194,-0.0365497060120105,-0.022709546610713,0.0073637985624372,0.0324519798159599,0.0025839679874479,-0.0073729348368942,0.0014787769177928,-0.0218920819461345,0.0003697604115586,0.0111909983679652,-0.0116958953440189,0.0031620524823665,0.0014641623711213,-0.0240346230566501,-0.0043732081539928,-0.0157449040561914,0.0162963159382343,0.0114848520606756,-0.0256224870681762,0.0137875163927674,-0.0131766684353351,0.0099999997764825,-0.0049609988927841,-0.0071287248283624,0.000709168438334,0.0187475550919771,0.0014204870676621,-0.0681284889578819,0.0014224398182705,0.0231011491268873,-0.0162200629711151,-0.0385019404598176,0.0028756252810755,-0.0091004643332698,0.0003585585159109,-0.0315015641921818,-0.0049929145085848,-0.0455022505885078,0.0352504192167282,-0.1466573545346151,0.1732547821086474,-0.1669583672771313,-0.0078236606444526,2019-02-13,2019-02-14,2019-02-15,2019-02-19,2019-02-20,2019-02-21,2019-02-22,2019-02-25,2019-02-26,2019-02-27,13302.0,2019-02-12,252.0,2.4014%,0.0003,0.9085,0.9421,0.6275,1.9633%,2.1938%,19.9052%,0.01261,RM,13302.0,2019-02-13,252.0,2.3101%,0.0005,0.9309,0.912,0.6268,1.9485%,2.1865%,20.5837%,0.019453,RM,13302.0,2019-02-14,252.0,-6.0212%,0.0002,0.9422,0.8779,0.6688,1.9665%,2.2021%,20.2509%,-0.0594639999999999,RM,13302.0,2019-02-15,252.0,3.0579%,-0.0007,0.7749,0.7291,0.3991,1.4285%,1.6535%,25.3652%,0.014427,RM,13302.0,2019-02-19,252.0,-1.5895%,-0.0009,0.7638,0.7267,0.3974,1.4269%,1.6466%,24.9030%,-0.020779,RM,13302.0,2019-02-20,252.0,-0.6820%,-0.0005,0.7693,0.7795,0.4277,1.3040%,1.5484%,29.0772%,-0.012155,RM,13302.0,2019-02-21,252.0,-1.2288%,-0.0005,0.7659,0.7709,0.4216,1.3018%,1.5436%,28.8710%,-0.008012,RM,13302.0,2019-02-22,252.0,1.5368%,-0.0004,0.7637,0.784,0.4067,1.3034%,1.5465%,28.9769%,0.012246,RM,13302.0,2019-02-25,252.0,-1.9459%,-0.0005,0.7636,0.7925,0.411,1.3080%,1.5512%,28.8997%,-0.017935,RM,13302.0,2019-02-26,252.0,-0.1470%,-0.0004,0.7718,0.7755,0.4085,1.3048%,1.5504%,29.1810%,0.0060799999999999,RM,13302.0,2019-02-27,252.0,0.3681%,-0.0004,0.7725,0.7749,0.4086,1.3048%,1.5505%,29.1840%,0.001903,RM,0.032063,-0.0274009999999999,-0.0129739999999999,-0.045908,-0.0516259999999999
11043,RINGCENTRAL INC,"UPDATE: Raymond James On RingCentral Notes 'While shares continue to perform well at +21% YTD, we believe the secular tailwinds (combined with solid execution) make RNG one of the most attractive growth stories in our coverage universe'",6,increase,0.8,0.6,"the positive commentary from raymond james about ringcentral's strong performance and growth potential is likely to attract more investors, leading to an increase in stock price.",2,2019-02-12,RNG,2019-02-12 14:25:00+00:00,14136.0,76680R20,0.0604786314070224,2864007.0,-0.0264375694096088,-0.0102081149816513,0.0070797763764858,0.0406353399157524,0.0079930843785405,0.0059134732000529,-0.006401052698493,-0.0009328768937848,-0.0009615237941034,0.0043723275884985,0.0018286315025761,0.017369195818901,0.0177731402218341,0.0214192513376474,-0.0027374071069061,0.0350465215742588,-0.0027449210174381,0.0304603613913059,0.0018982245819643,-0.0225555431097745,-0.0025577552150934,-0.0309289824217557,0.0043688770383596,0.0249804351478815,-0.0207092426717281,0.0055192369036376,0.0073387618176639,0.0,-0.0198427885770797,-0.0270685069262981,-0.0065525495447218,0.0352847799658775,0.0030517578125,0.0119403088465333,0.0262047126889228,0.0004594637721311,0.0043993792496621,0.0248381476849317,0.0073319775983691,-0.022552141919732,0.00699496967718,-0.0030970021616667,-0.0031915549188852,-0.0025171763263642,0.0013183858245611,-0.0109765892848372,0.0132605666294693,0.0203210040926933,-0.0006497094291262,0.0540343485772609,0.0362218022346496,0.047819435596466,-0.0446356832981109,-0.0316128060221672,-0.0027206426020711,-0.0177098382264375,0.0177798625081777,0.0380257405340671,-0.0200573597103357,0.0091486815363168,0.0138653200119733,0.0130003150552511,0.002884037559852,0.1033943817019463,0.0141929378733038,-0.0153824426233768,0.006494091823697,-0.045132827013731,0.0049981409683823,-0.0679526999592781,-0.0528980791568756,0.003371586324647,0.0153714017942547,0.0334237180650234,-0.0283967722207307,-0.0603856332600116,-0.000580714084208,-0.0317012667655944,0.0001937084598466,-0.0163991022855043,0.022364193573594,0.0155992750078439,0.0012311068130657,0.0210778694599866,0.005012756679207,0.0466282442212104,-0.0101637663319706,-0.0306197348982095,-0.0092222969979047,0.0237592197954654,0.0123788593336939,-0.0488641448318958,0.0272985529154539,0.0195415578782558,0.0270345117896795,0.0376768335700035,0.0026053446345031,0.0117781199514865,0.0139785408973693,0.0547688826918602,0.019441470503807,-0.0146110383793711,0.0056345486082136,0.0594059713184833,0.0031031859107315,0.0042010280303657,-0.0128899198025465,0.0362792015075683,0.0053973631002008,0.000726155238226,0.0343752801418304,-0.0986911058425903,0.0133935920894146,-0.0085647031664848,-0.0240376349538564,0.0374259389936924,-0.0008463687845505,-0.0115768825635314,0.0412536635994911,-0.0039760824292898,-0.0264375694096088,-0.0102081149816513,-0.0195449651124808,0.0300124147119227,-0.01170810528926,0.0361033655220435,-0.0189783972572344,0.0396627658590307,-0.0033047500355799,0.1263110946589838,0.001038552721656,0.2689962662633001,0.1606080055573138,0.3236581362028838,2019-02-13,2019-02-14,2019-02-15,2019-02-19,2019-02-20,2019-02-21,2019-02-22,2019-02-25,2019-02-26,2019-02-27,14136.0,2019-02-12,252.0,6.0479%,0.0019,1.4348,0.37,-2.0538,1.7014%,2.9308%,66.2990%,0.037688,RNG,14136.0,2019-02-13,252.0,-2.6438%,0.0017,1.4304,0.3648,-2.0623,1.7127%,2.9335%,65.9129%,-0.029339,RNG,14136.0,2019-02-14,252.0,0.7080%,0.0015,1.4277,0.3596,-2.0499,1.6708%,2.9017%,66.8463%,-0.003875,RNG,14136.0,2019-02-15,252.0,0.7993%,0.0015,1.4289,0.3606,-2.048,1.6707%,2.9013%,66.8382%,0.0007009999999999,RNG,14136.0,2019-02-19,252.0,-0.6401%,0.0013,1.4164,0.3732,-2.0328,1.6553%,2.8729%,66.8033%,-0.004118,RNG,14136.0,2019-02-20,252.0,-0.0962%,0.0013,1.4158,0.3622,-2.0375,1.6498%,2.8703%,66.9650%,0.0066069999999999,RNG,14136.0,2019-02-21,252.0,0.1829%,0.0012,1.4266,0.3846,-2.0176,1.6382%,2.8661%,67.3319%,0.002534,RNG,14136.0,2019-02-22,252.0,1.7773%,0.0012,1.4285,0.4238,-1.9597,1.6320%,2.8556%,67.3387%,-0.023374,RNG,14136.0,2019-02-25,252.0,-0.2737%,0.0012,1.4275,0.427,-1.9617,1.6319%,2.8558%,67.3448%,-0.007406,RNG,14136.0,2019-02-26,252.0,-0.2745%,0.0012,1.4338,0.4286,-1.9562,1.6314%,2.8547%,67.3407%,-0.004302,RNG,14136.0,2019-02-27,252.0,0.1898%,0.0013,1.44,0.4165,-1.9552,1.6291%,2.8547%,67.4325%,-0.002654,RNG,0.0083489999999999,0.0044739999999999,0.0051749999999999,0.0076639999999999,-0.027538
11051,RINGCENTRAL INC,"Deutsche Bank Maintains Buy on RingCentral, Raises Price Target to $115",6,increase,0.8,0.7,the maintenance of a 'buy' rating and an increase in the price target typically signals positive sentiment and potential for stock price appreciation.,2,2019-02-12,RNG,2019-02-12 13:35:00+00:00,14136.0,76680R20,0.0604786314070224,2864007.0,-0.0264375694096088,-0.0102081149816513,0.0070797763764858,0.0406353399157524,0.0079930843785405,0.0059134732000529,-0.006401052698493,-0.0009328768937848,-0.0009615237941034,0.0043723275884985,0.0018286315025761,0.017369195818901,0.0177731402218341,0.0214192513376474,-0.0027374071069061,0.0350465215742588,-0.0027449210174381,0.0304603613913059,0.0018982245819643,-0.0225555431097745,-0.0025577552150934,-0.0309289824217557,0.0043688770383596,0.0249804351478815,-0.0207092426717281,0.0055192369036376,0.0073387618176639,0.0,-0.0198427885770797,-0.0270685069262981,-0.0065525495447218,0.0352847799658775,0.0030517578125,0.0119403088465333,0.0262047126889228,0.0004594637721311,0.0043993792496621,0.0248381476849317,0.0073319775983691,-0.022552141919732,0.00699496967718,-0.0030970021616667,-0.0031915549188852,-0.0025171763263642,0.0013183858245611,-0.0109765892848372,0.0132605666294693,0.0203210040926933,-0.0006497094291262,0.0540343485772609,0.0362218022346496,0.047819435596466,-0.0446356832981109,-0.0316128060221672,-0.0027206426020711,-0.0177098382264375,0.0177798625081777,0.0380257405340671,-0.0200573597103357,0.0091486815363168,0.0138653200119733,0.0130003150552511,0.002884037559852,0.1033943817019463,0.0141929378733038,-0.0153824426233768,0.006494091823697,-0.045132827013731,0.0049981409683823,-0.0679526999592781,-0.0528980791568756,0.003371586324647,0.0153714017942547,0.0334237180650234,-0.0283967722207307,-0.0603856332600116,-0.000580714084208,-0.0317012667655944,0.0001937084598466,-0.0163991022855043,0.022364193573594,0.0155992750078439,0.0012311068130657,0.0210778694599866,0.005012756679207,0.0466282442212104,-0.0101637663319706,-0.0306197348982095,-0.0092222969979047,0.0237592197954654,0.0123788593336939,-0.0488641448318958,0.0272985529154539,0.0195415578782558,0.0270345117896795,0.0376768335700035,0.0026053446345031,0.0117781199514865,0.0139785408973693,0.0547688826918602,0.019441470503807,-0.0146110383793711,0.0056345486082136,0.0594059713184833,0.0031031859107315,0.0042010280303657,-0.0128899198025465,0.0362792015075683,0.0053973631002008,0.000726155238226,0.0343752801418304,-0.0986911058425903,0.0133935920894146,-0.0085647031664848,-0.0240376349538564,0.0374259389936924,-0.0008463687845505,-0.0115768825635314,0.0412536635994911,-0.0039760824292898,-0.0264375694096088,-0.0102081149816513,-0.0195449651124808,0.0300124147119227,-0.01170810528926,0.0361033655220435,-0.0189783972572344,0.0396627658590307,-0.0033047500355799,0.1263110946589838,0.001038552721656,0.2689962662633001,0.1606080055573138,0.3236581362028838,2019-02-13,2019-02-14,2019-02-15,2019-02-19,2019-02-20,2019-02-21,2019-02-22,2019-02-25,2019-02-26,2019-02-27,14136.0,2019-02-12,252.0,6.0479%,0.0019,1.4348,0.37,-2.0538,1.7014%,2.9308%,66.2990%,0.037688,RNG,14136.0,2019-02-13,252.0,-2.6438%,0.0017,1.4304,0.3648,-2.0623,1.7127%,2.9335%,65.9129%,-0.029339,RNG,14136.0,2019-02-14,252.0,0.7080%,0.0015,1.4277,0.3596,-2.0499,1.6708%,2.9017%,66.8463%,-0.003875,RNG,14136.0,2019-02-15,252.0,0.7993%,0.0015,1.4289,0.3606,-2.048,1.6707%,2.9013%,66.8382%,0.0007009999999999,RNG,14136.0,2019-02-19,252.0,-0.6401%,0.0013,1.4164,0.3732,-2.0328,1.6553%,2.8729%,66.8033%,-0.004118,RNG,14136.0,2019-02-20,252.0,-0.0962%,0.0013,1.4158,0.3622,-2.0375,1.6498%,2.8703%,66.9650%,0.0066069999999999,RNG,14136.0,2019-02-21,252.0,0.1829%,0.0012,1.4266,0.3846,-2.0176,1.6382%,2.8661%,67.3319%,0.002534,RNG,14136.0,2019-02-22,252.0,1.7773%,0.0012,1.4285,0.4238,-1.9597,1.6320%,2.8556%,67.3387%,-0.023374,RNG,14136.0,2019-02-25,252.0,-0.2737%,0.0012,1.4275,0.427,-1.9617,1.6319%,2.8558%,67.3448%,-0.007406,RNG,14136.0,2019-02-26,252.0,-0.2745%,0.0012,1.4338,0.4286,-1.9562,1.6314%,2.8547%,67.3407%,-0.004302,RNG,14136.0,2019-02-27,252.0,0.1898%,0.0013,1.44,0.4165,-1.9552,1.6291%,2.8547%,67.4325%,-0.002654,RNG,0.0083489999999999,0.0044739999999999,0.0051749999999999,0.0076639999999999,-0.027538
11059,RINGCENTRAL INC,"Raymond James Maintains Strong Buy on RingCentral, Raises Price Target to $116",6,increase,0.8,0.7,the maintenance of a strong buy rating and an increase in the price target typically signals positive sentiment and potential for stock price appreciation.,2,2019-02-12,RNG,2019-02-12 12:51:00+00:00,14136.0,76680R20,0.0604786314070224,2864007.0,-0.0264375694096088,-0.0102081149816513,0.0070797763764858,0.0406353399157524,0.0079930843785405,0.0059134732000529,-0.006401052698493,-0.0009328768937848,-0.0009615237941034,0.0043723275884985,0.0018286315025761,0.017369195818901,0.0177731402218341,0.0214192513376474,-0.0027374071069061,0.0350465215742588,-0.0027449210174381,0.0304603613913059,0.0018982245819643,-0.0225555431097745,-0.0025577552150934,-0.0309289824217557,0.0043688770383596,0.0249804351478815,-0.0207092426717281,0.0055192369036376,0.0073387618176639,0.0,-0.0198427885770797,-0.0270685069262981,-0.0065525495447218,0.0352847799658775,0.0030517578125,0.0119403088465333,0.0262047126889228,0.0004594637721311,0.0043993792496621,0.0248381476849317,0.0073319775983691,-0.022552141919732,0.00699496967718,-0.0030970021616667,-0.0031915549188852,-0.0025171763263642,0.0013183858245611,-0.0109765892848372,0.0132605666294693,0.0203210040926933,-0.0006497094291262,0.0540343485772609,0.0362218022346496,0.047819435596466,-0.0446356832981109,-0.0316128060221672,-0.0027206426020711,-0.0177098382264375,0.0177798625081777,0.0380257405340671,-0.0200573597103357,0.0091486815363168,0.0138653200119733,0.0130003150552511,0.002884037559852,0.1033943817019463,0.0141929378733038,-0.0153824426233768,0.006494091823697,-0.045132827013731,0.0049981409683823,-0.0679526999592781,-0.0528980791568756,0.003371586324647,0.0153714017942547,0.0334237180650234,-0.0283967722207307,-0.0603856332600116,-0.000580714084208,-0.0317012667655944,0.0001937084598466,-0.0163991022855043,0.022364193573594,0.0155992750078439,0.0012311068130657,0.0210778694599866,0.005012756679207,0.0466282442212104,-0.0101637663319706,-0.0306197348982095,-0.0092222969979047,0.0237592197954654,0.0123788593336939,-0.0488641448318958,0.0272985529154539,0.0195415578782558,0.0270345117896795,0.0376768335700035,0.0026053446345031,0.0117781199514865,0.0139785408973693,0.0547688826918602,0.019441470503807,-0.0146110383793711,0.0056345486082136,0.0594059713184833,0.0031031859107315,0.0042010280303657,-0.0128899198025465,0.0362792015075683,0.0053973631002008,0.000726155238226,0.0343752801418304,-0.0986911058425903,0.0133935920894146,-0.0085647031664848,-0.0240376349538564,0.0374259389936924,-0.0008463687845505,-0.0115768825635314,0.0412536635994911,-0.0039760824292898,-0.0264375694096088,-0.0102081149816513,-0.0195449651124808,0.0300124147119227,-0.01170810528926,0.0361033655220435,-0.0189783972572344,0.0396627658590307,-0.0033047500355799,0.1263110946589838,0.001038552721656,0.2689962662633001,0.1606080055573138,0.3236581362028838,2019-02-13,2019-02-14,2019-02-15,2019-02-19,2019-02-20,2019-02-21,2019-02-22,2019-02-25,2019-02-26,2019-02-27,14136.0,2019-02-12,252.0,6.0479%,0.0019,1.4348,0.37,-2.0538,1.7014%,2.9308%,66.2990%,0.037688,RNG,14136.0,2019-02-13,252.0,-2.6438%,0.0017,1.4304,0.3648,-2.0623,1.7127%,2.9335%,65.9129%,-0.029339,RNG,14136.0,2019-02-14,252.0,0.7080%,0.0015,1.4277,0.3596,-2.0499,1.6708%,2.9017%,66.8463%,-0.003875,RNG,14136.0,2019-02-15,252.0,0.7993%,0.0015,1.4289,0.3606,-2.048,1.6707%,2.9013%,66.8382%,0.0007009999999999,RNG,14136.0,2019-02-19,252.0,-0.6401%,0.0013,1.4164,0.3732,-2.0328,1.6553%,2.8729%,66.8033%,-0.004118,RNG,14136.0,2019-02-20,252.0,-0.0962%,0.0013,1.4158,0.3622,-2.0375,1.6498%,2.8703%,66.9650%,0.0066069999999999,RNG,14136.0,2019-02-21,252.0,0.1829%,0.0012,1.4266,0.3846,-2.0176,1.6382%,2.8661%,67.3319%,0.002534,RNG,14136.0,2019-02-22,252.0,1.7773%,0.0012,1.4285,0.4238,-1.9597,1.6320%,2.8556%,67.3387%,-0.023374,RNG,14136.0,2019-02-25,252.0,-0.2737%,0.0012,1.4275,0.427,-1.9617,1.6319%,2.8558%,67.3448%,-0.007406,RNG,14136.0,2019-02-26,252.0,-0.2745%,0.0012,1.4338,0.4286,-1.9562,1.6314%,2.8547%,67.3407%,-0.004302,RNG,14136.0,2019-02-27,252.0,0.1898%,0.0013,1.44,0.4165,-1.9552,1.6291%,2.8547%,67.4325%,-0.002654,RNG,0.0083489999999999,0.0044739999999999,0.0051749999999999,0.0076639999999999,-0.027538
11067,SABRE CORP,"Sabre Sees FY19 Sales $4.005B-$4.085B vs $4.1B Estimate, Free Cash Flow ~$485M",6,decrease,0.7,0.6,"the sales forecast is below the market estimate, which is likely to lead to a negative reaction from investors.",0,2019-02-12,SABR,2019-02-12 12:47:00+00:00,14608.0,78573M10,0.0153517564758658,3355716.0,-0.0243595093488693,-0.0109657663851976,-0.0546707063913345,0.0158525668084621,0.0259563587605953,-0.0004282753216102,-0.0035508177243173,-0.0105932205915451,-0.0213809106498956,0.0029749125242233,0.0091033577919006,0.0081405537202954,0.0279657579958438,0.0156658235937356,-0.0315928570926189,-0.0047639934346079,0.0027185983490198,0.0180775951594114,0.0158156529068946,-0.0078740287572145,-0.0022241654805839,-0.0069504710845649,0.0111457863822579,0.0127585092559456,-0.0163139700889587,0.0039752717129886,-0.0152398096397519,-0.0022036642767488,-0.0127445962280035,-0.0070021813735365,-0.021669028326869,0.01150952745229,-0.0070687853731215,0.0053404914215207,0.0118652116507291,0.0076233218424022,0.0065665757283568,0.0295475255697965,0.0,-0.0428634285926818,0.0018639756599441,0.0008845002157613,-0.0069767264649271,0.0116331195458769,0.0018734898185357,0.0126869361847639,-0.006077567115426,0.0086837541311979,0.0014110719785094,0.0224298853427171,0.0226950142532587,0.0263788606971502,-0.0277391821146011,-0.0234192032366991,-0.0061816959641873,-0.0134010631591081,0.0167464297264814,0.0065115992911159,-0.0155294081196188,-0.0055504548363387,0.0167304202914238,0.0098085468634963,0.0056416983716189,0.0342994704842567,0.009350199252367,-0.0277125462889671,0.0023158516269177,-0.0278538223356008,0.005545325577259,-0.0358705595135688,0.0004595693317241,-0.0108178276568651,0.0009187164832837,0.0122645944356918,-0.0045892782509326,-0.0256082098931074,-0.0055325422435998,-0.0196652431041002,0.0143717881292104,-0.0436174534261226,0.0004570488817989,0.0060386317782104,-0.0004568400618154,-0.0079872505739331,-0.0009140105685219,0.0020008462015539,0.0105214789509773,-0.0226828288286924,-0.0040742484852671,0.0154884587973356,-0.0031818042043596,-0.0370936654508113,-0.0059280013665556,0.0226828288286924,0.0197247844189405,-0.0180492009967565,0.0121457697823643,0.0093023907393217,0.0084444684907794,0.0173501037061214,0.0101366033777594,0.0075486903078854,-0.0026177777908742,0.0182039141654968,-0.09186352789402,0.0036540867295116,0.0062620020471513,0.0288219973444938,0.031594056636095,-0.0054008793085813,0.0162413176149129,-0.0290440171957016,-0.029680348932743,0.0,-0.0155294081196188,-0.0040176166221499,-0.0052581555210053,-0.0115171130746603,-0.011052357032895,0.0112450076267123,-0.0243595093488693,-0.0109657663851976,-0.0776984641567548,0.0047129648790371,-0.0537588746069594,0.0042826711108776,-0.0772784629637901,-0.0033999125326162,-0.0558588812690624,0.0258092798321636,-0.115561610197903,0.0846438397068123,-0.1299358533513139,-0.0522124589416951,2019-02-13,2019-02-14,2019-02-15,2019-02-19,2019-02-20,2019-02-21,2019-02-22,2019-02-25,2019-02-26,2019-02-27,14608.0,2019-02-12,252.0,1.5352%,0.0009,1.0578,0.1952,0.0124,1.6353%,1.9898%,32.4579%,0.000899,SABR,14608.0,2019-02-13,252.0,-2.4360%,0.0007,1.0425,0.2095,0.0081,1.6381%,1.9825%,31.7319%,-0.027547,SABR,14608.0,2019-02-14,252.0,-5.4671%,0.0006,1.0559,0.1804,0.0387,1.6719%,2.0128%,31.0075%,-0.053624,SABR,14608.0,2019-02-15,252.0,2.5956%,0.0001,0.9726,0.1068,-0.0949,1.5191%,1.8534%,32.8195%,0.013287,SABR,14608.0,2019-02-19,252.0,-0.3551%,-0.0,0.959,0.1209,-0.0779,1.4987%,1.8247%,32.5416%,-0.005524,SABR,14608.0,2019-02-20,252.0,-2.1381%,-0.0002,0.9503,0.0907,-0.1118,1.4975%,1.8229%,32.5127%,-0.02314,SABR,14608.0,2019-02-21,252.0,0.9103%,-0.0002,0.9472,0.0873,-0.1175,1.4996%,1.8233%,32.3569%,0.0123259999999999,SABR,14608.0,2019-02-22,252.0,2.7966%,-0.0002,0.9455,0.0619,-0.1612,1.4981%,1.8282%,32.8496%,0.019502,SABR,14608.0,2019-02-25,252.0,-3.1593%,-0.0003,0.9449,0.0775,-0.1555,1.5119%,1.8387%,32.3887%,-0.03324,SABR,14608.0,2019-02-26,252.0,0.2719%,-0.0003,0.9415,0.0746,-0.1595,1.5119%,1.8351%,32.1210%,0.004113,SABR,14608.0,2019-02-27,252.0,1.5816%,-0.0002,0.9465,0.0701,-0.1586,1.5133%,1.8378%,32.1935%,0.014535,SABR,-0.026648,-0.080272,-0.0669849999999999,-0.0956489999999999,-0.0784129999999999
11075,SABRE CORP,"Sabre Q4 EPS $0.34 Beats $0.33 Estimate, Sales $923.9M Miss $930.19M Estimate",6,uncertain,0.6,0.3,"while sabre's eps beat estimates, the sales miss could lead to mixed reactions from investors, making the overall impact on the stock price uncertain.",1,2019-02-12,SABR,2019-02-12 12:46:00+00:00,14608.0,78573M10,0.0153517564758658,3355716.0,-0.0243595093488693,-0.0109657663851976,-0.0546707063913345,0.0158525668084621,0.0259563587605953,-0.0004282753216102,-0.0035508177243173,-0.0105932205915451,-0.0213809106498956,0.0029749125242233,0.0091033577919006,0.0081405537202954,0.0279657579958438,0.0156658235937356,-0.0315928570926189,-0.0047639934346079,0.0027185983490198,0.0180775951594114,0.0158156529068946,-0.0078740287572145,-0.0022241654805839,-0.0069504710845649,0.0111457863822579,0.0127585092559456,-0.0163139700889587,0.0039752717129886,-0.0152398096397519,-0.0022036642767488,-0.0127445962280035,-0.0070021813735365,-0.021669028326869,0.01150952745229,-0.0070687853731215,0.0053404914215207,0.0118652116507291,0.0076233218424022,0.0065665757283568,0.0295475255697965,0.0,-0.0428634285926818,0.0018639756599441,0.0008845002157613,-0.0069767264649271,0.0116331195458769,0.0018734898185357,0.0126869361847639,-0.006077567115426,0.0086837541311979,0.0014110719785094,0.0224298853427171,0.0226950142532587,0.0263788606971502,-0.0277391821146011,-0.0234192032366991,-0.0061816959641873,-0.0134010631591081,0.0167464297264814,0.0065115992911159,-0.0155294081196188,-0.0055504548363387,0.0167304202914238,0.0098085468634963,0.0056416983716189,0.0342994704842567,0.009350199252367,-0.0277125462889671,0.0023158516269177,-0.0278538223356008,0.005545325577259,-0.0358705595135688,0.0004595693317241,-0.0108178276568651,0.0009187164832837,0.0122645944356918,-0.0045892782509326,-0.0256082098931074,-0.0055325422435998,-0.0196652431041002,0.0143717881292104,-0.0436174534261226,0.0004570488817989,0.0060386317782104,-0.0004568400618154,-0.0079872505739331,-0.0009140105685219,0.0020008462015539,0.0105214789509773,-0.0226828288286924,-0.0040742484852671,0.0154884587973356,-0.0031818042043596,-0.0370936654508113,-0.0059280013665556,0.0226828288286924,0.0197247844189405,-0.0180492009967565,0.0121457697823643,0.0093023907393217,0.0084444684907794,0.0173501037061214,0.0101366033777594,0.0075486903078854,-0.0026177777908742,0.0182039141654968,-0.09186352789402,0.0036540867295116,0.0062620020471513,0.0288219973444938,0.031594056636095,-0.0054008793085813,0.0162413176149129,-0.0290440171957016,-0.029680348932743,0.0,-0.0155294081196188,-0.0040176166221499,-0.0052581555210053,-0.0115171130746603,-0.011052357032895,0.0112450076267123,-0.0243595093488693,-0.0109657663851976,-0.0776984641567548,0.0047129648790371,-0.0537588746069594,0.0042826711108776,-0.0772784629637901,-0.0033999125326162,-0.0558588812690624,0.0258092798321636,-0.115561610197903,0.0846438397068123,-0.1299358533513139,-0.0522124589416951,2019-02-13,2019-02-14,2019-02-15,2019-02-19,2019-02-20,2019-02-21,2019-02-22,2019-02-25,2019-02-26,2019-02-27,14608.0,2019-02-12,252.0,1.5352%,0.0009,1.0578,0.1952,0.0124,1.6353%,1.9898%,32.4579%,0.000899,SABR,14608.0,2019-02-13,252.0,-2.4360%,0.0007,1.0425,0.2095,0.0081,1.6381%,1.9825%,31.7319%,-0.027547,SABR,14608.0,2019-02-14,252.0,-5.4671%,0.0006,1.0559,0.1804,0.0387,1.6719%,2.0128%,31.0075%,-0.053624,SABR,14608.0,2019-02-15,252.0,2.5956%,0.0001,0.9726,0.1068,-0.0949,1.5191%,1.8534%,32.8195%,0.013287,SABR,14608.0,2019-02-19,252.0,-0.3551%,-0.0,0.959,0.1209,-0.0779,1.4987%,1.8247%,32.5416%,-0.005524,SABR,14608.0,2019-02-20,252.0,-2.1381%,-0.0002,0.9503,0.0907,-0.1118,1.4975%,1.8229%,32.5127%,-0.02314,SABR,14608.0,2019-02-21,252.0,0.9103%,-0.0002,0.9472,0.0873,-0.1175,1.4996%,1.8233%,32.3569%,0.0123259999999999,SABR,14608.0,2019-02-22,252.0,2.7966%,-0.0002,0.9455,0.0619,-0.1612,1.4981%,1.8282%,32.8496%,0.019502,SABR,14608.0,2019-02-25,252.0,-3.1593%,-0.0003,0.9449,0.0775,-0.1555,1.5119%,1.8387%,32.3887%,-0.03324,SABR,14608.0,2019-02-26,252.0,0.2719%,-0.0003,0.9415,0.0746,-0.1595,1.5119%,1.8351%,32.1210%,0.004113,SABR,14608.0,2019-02-27,252.0,1.5816%,-0.0002,0.9465,0.0701,-0.1586,1.5133%,1.8378%,32.1935%,0.014535,SABR,-0.026648,-0.080272,-0.0669849999999999,-0.0956489999999999,-0.0784129999999999
11083,S & W SEED CO,S&W Seed Files Registration For 8.84M Share Common Stock Offering By Selling Shareholders,6,decrease,0.7,0.6,"the filing for a large common stock offering by selling shareholders typically signals dilution of existing shares, which can lead to a decrease in stock price.",0,2019-02-12,SANW,2019-02-12 22:22:00+00:00,93434.0,78513510,0.0350000336766243,24810.0,-0.0338164567947387,-0.0188679955899715,-0.0076923007145524,0.0114504620432853,-0.0038759654853492,0.0076923007145524,0.0155641883611679,0.0358565412461757,0.0651341304183006,-0.0079051312059164,0.0179855953902006,0.0541666112840175,0.0070671313442289,0.0256411042064428,0.0,0.017391288653016,0.003508768742904,0.0087719215080142,0.0489510856568813,-0.008695644326508,-0.0299999713897705,-0.0128755243495106,0.0756013840436935,-0.0042735002934932,-0.0255591571331024,-0.0063272197730839,-0.0098360562697052,0.0466221719980239,-0.0364238061010837,0.0,-0.0549828447401523,0.0416666269302368,-0.0181818008422851,-0.0136986169964075,0.0740740895271301,0.0788177773356437,-0.0413793511688709,0.0099502392113208,-0.0071942377835512,-0.0242718216031789,-0.0289854798465967,0.0299999713897705,0.0149253588169813,0.08695650100708,-0.0404412262141704,-0.0753768756985664,0.0268199909478426,0.0205128006637096,0.0149253588169813,-0.1176470518112183,0.0073529342189431,0.078048825263977,0.0109488945454359,0.04060909897089,-0.0180505253374576,0.0883978381752967,0.0110294008627533,-0.0523560345172882,-0.0290908813476562,-0.0255102403461933,0.0262172035872936,-0.084112174808979,-0.0218977890908718,-0.097046323120594,0.0037313397042453,-0.0443548932671546,0.007434937171638,-0.0274509545415639,-0.0036900332197546,0.0,0.0259259007871151,-0.0229884851723909,0.0057761850766837,0.0038461503572762,-0.0488154776394367,0.0,-0.0301887392997741,0.0276679582893848,-0.0505836121737957,-0.0117187388241291,0.0040983567014336,0.0,0.0081632575020194,-0.0077519309706985,0.0161943156272172,-0.033707920461893,-0.0039840601384639,-0.0290908813476562,0.1199999824166298,-0.017857126891613,0.0678571611642837,0.0035842261277139,-0.0301003064960241,0.0145454406738281,0.0206896346062421,0.0,-0.0472973324358463,-0.017857126891613,0.007092191837728,-0.0819672122597694,0.0105633707717061,0.0066006537526845,0.0034844004549086,0.0,0.0208333134651184,-0.0065573710016906,0.0102040721103549,0.0,-0.010101000778377,3.275431299698539e-05,-0.0068027144297957,0.0032566096633672,0.0034246542491018,-0.0225080177187919,0.01023889798671,0.033222559839487,-0.0371622070670127,-0.0290322303771972,-0.077192910015583,0.0264900419861078,-0.0338164567947387,-0.0188679955899715,-0.0412486311545253,-0.0076335808140219,-0.0449647183692017,1.0138001549364616e-10,0.0330731996807971,0.0276679594813029,0.1148272045598404,0.1304347648231956,-0.0078037584682535,0.3265305375324983,-0.0226681097377381,-0.1390728676380975,2019-02-13,2019-02-14,2019-02-15,2019-02-19,2019-02-20,2019-02-21,2019-02-22,2019-02-25,2019-02-26,2019-02-27,93434.0,2019-02-12,252.0,3.5000%,-0.0006,0.2863,0.0068,0.2892,3.1924%,3.2048%,0.7759%,0.032246,SANW,93434.0,2019-02-13,252.0,-3.3816%,-0.0008,0.2726,0.0161,0.2826,3.1975%,3.2087%,0.6999%,-0.034925,SANW,93434.0,2019-02-14,252.0,-0.7692%,-0.001,0.2709,0.012,0.2917,3.1867%,3.1980%,0.7061%,-0.005665,SANW,93434.0,2019-02-15,252.0,-0.3876%,-0.0008,0.3136,0.0496,0.3601,3.1661%,3.1814%,0.9582%,-0.008468,SANW,93434.0,2019-02-19,252.0,1.5564%,-0.0008,0.3124,0.0643,0.3767,3.1663%,3.1817%,0.9655%,0.013644,SANW,93434.0,2019-02-20,252.0,6.5134%,-0.0005,0.3312,0.1122,0.4453,3.1896%,3.2076%,1.1206%,0.062227,SANW,93434.0,2019-02-21,252.0,1.7986%,-0.0004,0.3254,0.1047,0.4343,3.1922%,3.2095%,1.0738%,0.020214,SANW,93434.0,2019-02-22,252.0,0.7067%,-0.0005,0.3252,0.0693,0.4002,3.1880%,3.2048%,1.0445%,0.010661,SANW,93434.0,2019-02-25,252.0,0.0000%,-0.0003,0.3215,0.0652,0.3841,3.1816%,3.1978%,1.0123%,0.000313,SANW,93434.0,2019-02-26,252.0,0.3509%,-0.0003,0.3226,0.0559,0.3802,3.1817%,3.1979%,1.0104%,0.0056079999999999,SANW,93434.0,2019-02-27,252.0,4.8951%,-0.0,0.3312,0.055,0.3818,3.1949%,3.2117%,1.0436%,0.0489109999999999,SANW,-0.002679,-0.008344,-0.016812,0.059059,0.144766
11091,S & W SEED CO,"S&W Seed Q2 Adj. EPS $(0.07), Inline, Sales $18.581M Miss $19.15M Estimate",6,decrease,0.75,0.6,"the company reported a loss in adjusted eps and missed sales estimates, which typically leads to negative investor sentiment and a decrease in stock price.",0,2019-02-12,SANW,2019-02-12 13:09:00+00:00,93434.0,78513510,0.0350000336766243,24810.0,-0.0338164567947387,-0.0188679955899715,-0.0076923007145524,0.0114504620432853,-0.0038759654853492,0.0076923007145524,0.0155641883611679,0.0358565412461757,0.0651341304183006,-0.0079051312059164,0.0179855953902006,0.0541666112840175,0.0070671313442289,0.0256411042064428,0.0,0.017391288653016,0.003508768742904,0.0087719215080142,0.0489510856568813,-0.008695644326508,-0.0299999713897705,-0.0128755243495106,0.0756013840436935,-0.0042735002934932,-0.0255591571331024,-0.0063272197730839,-0.0098360562697052,0.0466221719980239,-0.0364238061010837,0.0,-0.0549828447401523,0.0416666269302368,-0.0181818008422851,-0.0136986169964075,0.0740740895271301,0.0788177773356437,-0.0413793511688709,0.0099502392113208,-0.0071942377835512,-0.0242718216031789,-0.0289854798465967,0.0299999713897705,0.0149253588169813,0.08695650100708,-0.0404412262141704,-0.0753768756985664,0.0268199909478426,0.0205128006637096,0.0149253588169813,-0.1176470518112183,0.0073529342189431,0.078048825263977,0.0109488945454359,0.04060909897089,-0.0180505253374576,0.0883978381752967,0.0110294008627533,-0.0523560345172882,-0.0290908813476562,-0.0255102403461933,0.0262172035872936,-0.084112174808979,-0.0218977890908718,-0.097046323120594,0.0037313397042453,-0.0443548932671546,0.007434937171638,-0.0274509545415639,-0.0036900332197546,0.0,0.0259259007871151,-0.0229884851723909,0.0057761850766837,0.0038461503572762,-0.0488154776394367,0.0,-0.0301887392997741,0.0276679582893848,-0.0505836121737957,-0.0117187388241291,0.0040983567014336,0.0,0.0081632575020194,-0.0077519309706985,0.0161943156272172,-0.033707920461893,-0.0039840601384639,-0.0290908813476562,0.1199999824166298,-0.017857126891613,0.0678571611642837,0.0035842261277139,-0.0301003064960241,0.0145454406738281,0.0206896346062421,0.0,-0.0472973324358463,-0.017857126891613,0.007092191837728,-0.0819672122597694,0.0105633707717061,0.0066006537526845,0.0034844004549086,0.0,0.0208333134651184,-0.0065573710016906,0.0102040721103549,0.0,-0.010101000778377,3.275431299698539e-05,-0.0068027144297957,0.0032566096633672,0.0034246542491018,-0.0225080177187919,0.01023889798671,0.033222559839487,-0.0371622070670127,-0.0290322303771972,-0.077192910015583,0.0264900419861078,-0.0338164567947387,-0.0188679955899715,-0.0412486311545253,-0.0076335808140219,-0.0449647183692017,1.0138001549364616e-10,0.0330731996807971,0.0276679594813029,0.1148272045598404,0.1304347648231956,-0.0078037584682535,0.3265305375324983,-0.0226681097377381,-0.1390728676380975,2019-02-13,2019-02-14,2019-02-15,2019-02-19,2019-02-20,2019-02-21,2019-02-22,2019-02-25,2019-02-26,2019-02-27,93434.0,2019-02-12,252.0,3.5000%,-0.0006,0.2863,0.0068,0.2892,3.1924%,3.2048%,0.7759%,0.032246,SANW,93434.0,2019-02-13,252.0,-3.3816%,-0.0008,0.2726,0.0161,0.2826,3.1975%,3.2087%,0.6999%,-0.034925,SANW,93434.0,2019-02-14,252.0,-0.7692%,-0.001,0.2709,0.012,0.2917,3.1867%,3.1980%,0.7061%,-0.005665,SANW,93434.0,2019-02-15,252.0,-0.3876%,-0.0008,0.3136,0.0496,0.3601,3.1661%,3.1814%,0.9582%,-0.008468,SANW,93434.0,2019-02-19,252.0,1.5564%,-0.0008,0.3124,0.0643,0.3767,3.1663%,3.1817%,0.9655%,0.013644,SANW,93434.0,2019-02-20,252.0,6.5134%,-0.0005,0.3312,0.1122,0.4453,3.1896%,3.2076%,1.1206%,0.062227,SANW,93434.0,2019-02-21,252.0,1.7986%,-0.0004,0.3254,0.1047,0.4343,3.1922%,3.2095%,1.0738%,0.020214,SANW,93434.0,2019-02-22,252.0,0.7067%,-0.0005,0.3252,0.0693,0.4002,3.1880%,3.2048%,1.0445%,0.010661,SANW,93434.0,2019-02-25,252.0,0.0000%,-0.0003,0.3215,0.0652,0.3841,3.1816%,3.1978%,1.0123%,0.000313,SANW,93434.0,2019-02-26,252.0,0.3509%,-0.0003,0.3226,0.0559,0.3802,3.1817%,3.1979%,1.0104%,0.0056079999999999,SANW,93434.0,2019-02-27,252.0,4.8951%,-0.0,0.3312,0.055,0.3818,3.1949%,3.2117%,1.0436%,0.0489109999999999,SANW,-0.002679,-0.008344,-0.016812,0.059059,0.144766
11099,S B A COMMUNICATIONS CORP NEW,"KeyBanc Maintains Overweight on SBA Communications, Raises Price Target to $195",6,increase,0.8,0.6,maintaining an overweight rating and raising the price target typically signals positive sentiment and potential for stock price appreciation.,2,2019-02-12,SBAC,2019-02-12 13:02:00+00:00,86996.0,78410G10,-0.0041310782544314,403520.0,0.0061677289195358,0.0040934397839009,-0.0008136807009577,-0.0023413705639541,0.0071122078225016,0.0122918961569666,-0.0105121126398444,-0.0171731859445571,-0.0030509263742715,0.0116737345233559,-0.0018033871892839,0.0072872214950621,-0.0006022150628268,-0.0076151834800839,-0.0079978452995419,0.0208042133599519,-0.0005521610728465,0.0002797217166516,-0.0032046069391071,0.0064181927591562,0.0008314056321978,0.001974337734282,0.0085844211280345,0.0041919532231986,0.0020317123271524,0.0058689387515187,-0.0020823632366955,0.0135134924203157,0.0010982808889821,0.0006356579251587,0.0059243105351924,-0.0023636783007532,0.0004907641559839,0.0051573235541582,0.0132991904392838,0.0121408058330416,0.006508479360491,0.0079214721918106,0.0098333247005939,-0.0037104049697518,0.0025401974562555,0.0103540029376745,0.0079708322882652,0.0188553445041179,0.0031945568043738,-0.0138705736026167,0.0017227074131369,0.0162221174687147,0.0037521559279412,0.0101263895630836,0.017963794991374,0.0024609891697764,0.0053551676683127,0.0111352615058422,-0.007812466006726,-0.0070418147370219,-0.0029655478429049,-0.0036925724707543,-0.0064102564938366,-0.0042894599027931,0.0060902847908437,-0.0065745529718697,0.0242651775479316,0.0388288050889968,-0.0087649002671241,-0.0226218458265066,0.0087413256987929,-0.0098531255498528,0.0024043063167482,-0.0102968635037541,-0.0099439853802323,-0.0020551036577671,0.0145358582958579,0.005042232107371,0.0023879955988377,-0.0457391254603862,-0.0014889227459207,0.0016258202958852,0.00666035246104,0.0192341841757297,0.003900698851794,-0.0135442353785038,0.0045248777605593,0.0143305398523807,-0.0055327303707599,0.00416243635118,-0.0208261329680681,-0.0194740630686283,-0.0079444982111454,0.0098922019824385,0.0044601601548492,-0.0007649145554751,0.0060046548023819,-0.0049762357957661,0.0030596409924328,0.0134084513410925,0.0043004332110285,0.0011285486398264,-0.006522593088448,0.0191283524036407,0.0077181803062558,-0.0051189768128097,-0.0062665226869285,0.0024752696044743,0.0196186285465955,-0.0117534827440977,0.0003926855861209,-0.0068732812069356,0.001864505582489,-0.0252396631985902,0.0133698796853423,0.0065108421258628,-0.0042528747580945,0.0108715174719691,-0.0082022286951541,-0.0108695374801755,0.0175678804516792,-0.0024932331871241,-0.0030297434423118,0.00331592396833,0.0061677289195358,0.0040934397839009,0.0053490296565874,0.0017424849605314,0.0124992808896555,0.0140557995616881,-0.0012008138041548,0.0082757559005544,-0.0152830238500261,0.035750513884565,0.0575295722234194,0.1273362248724985,0.1315429828973571,0.070215286447169,2019-02-13,2019-02-14,2019-02-15,2019-02-19,2019-02-20,2019-02-21,2019-02-22,2019-02-25,2019-02-26,2019-02-27,86996.0,2019-02-12,252.0,-0.4131%,0.0004,0.4595,-0.1833,-0.0745,1.2059%,1.3100%,15.2680%,-0.010584,SBAC,86996.0,2019-02-13,252.0,0.6168%,0.0005,0.464,-0.1892,-0.0745,1.2050%,1.3105%,15.4449%,0.004943,SBAC,86996.0,2019-02-14,252.0,-0.0814%,0.0004,0.4634,-0.1894,-0.0732,1.2036%,1.3088%,15.4264%,0.000612,SBAC,86996.0,2019-02-15,252.0,0.7112%,0.0004,0.4645,-0.1882,-0.071,1.2037%,1.3088%,15.4163%,0.002601,SBAC,86996.0,2019-02-19,252.0,-1.0512%,0.0003,0.4556,-0.1857,-0.0675,1.1983%,1.2992%,14.9314%,-0.010736,SBAC,86996.0,2019-02-20,252.0,-0.3051%,0.0003,0.4534,-0.1959,-0.0765,1.1959%,1.2973%,15.0168%,-0.003237,SBAC,86996.0,2019-02-21,252.0,-0.1803%,0.0002,0.4555,-0.1919,-0.0728,1.1955%,1.2972%,15.0685%,-0.000539,SBAC,86996.0,2019-02-22,252.0,-0.0602%,0.0002,0.4562,-0.1955,-0.0681,1.1957%,1.2972%,15.0399%,-0.003677,SBAC,86996.0,2019-02-25,252.0,-0.7998%,0.0001,0.4573,-0.1897,-0.0609,1.1958%,1.2969%,14.9884%,-0.009413,SBAC,86996.0,2019-02-26,252.0,-0.0552%,0.0001,0.4561,-0.1865,-0.0602,1.1957%,1.2953%,14.7857%,-0.001336,SBAC,86996.0,2019-02-27,252.0,-0.3205%,0.0001,0.4593,-0.1933,-0.0597,1.1950%,1.2955%,14.9093%,-0.003433,SBAC,-0.0056409999999999,-0.005029,-0.0024279999999999,-0.016401,-0.034799
11107,SUNSTONE HOTEL INVESTORS INC NEW,"Sunstone Hotel Investors Sees Q1 Adj. FFO $0.18-$0.20, Sees FY19 Adj. FFO $1.01-$1.11",6,increase,0.7,0.6,"the projected adjusted ffo for q1 and fy19 suggests positive earnings expectations, which could lead to an increase in stock price.",2,2019-02-12,SHO,2019-02-12 21:54:00+00:00,90394.0,86789210,-0.014778328128159,4632124.0,0.0421428680419921,-0.0083740325644612,-0.0123372375965118,-0.0144429188221693,0.0166550856083631,0.0118302069604396,0.0081911841407418,-0.0055363271385431,0.0243737064301967,0.0119047677144408,0.0105750067159533,0.0042193718254566,0.0098103089258074,-0.0055944002233445,-0.0090673184022307,-0.0041782357729971,-0.0156862586736679,0.0112675949931144,-0.0126162366941571,0.011396000161767,0.0121049294248223,0.0071736285462975,-0.0046512056142091,0.0152949774637818,0.0073431651107966,-0.0007278186967596,0.003313465276733,-0.0093727549538016,-0.0085865333676338,-0.0142146274447441,-0.0119920251891017,-0.0049505406059324,0.0013486485695466,0.0028368765488266,0.0114478161558508,0.0021322451066225,-0.0213049687445163,0.0078796315938234,0.0,-0.0064057046547532,-0.0027210859116166,0.0014255493879318,-0.0006821438437327,0.0151953725144267,0.0027303728275001,-0.0021661145146936,-0.0163376294076442,0.0259259548038244,0.0,0.0142749492079019,0.0076124989427626,0.0349922850728035,-0.0219780653715133,-0.0046439953148365,0.0,-0.006917767226696,0.0077247619628906,0.0007692483486607,-0.0006968800444155,0.0096942707896232,0.0146443406119942,-0.0081361392512917,-0.0068965782411396,0.0472502410411834,0.0152777964249253,-0.0271289069205522,0.008891936391592,0.0022659129463136,0.0088135674595832,-0.0461095348000526,-0.004032286349684,-0.0156028550118207,0.0080971587449312,0.0021322451066225,0.0,-0.0222377087920904,-0.0327978432178497,-0.0020804253872483,0.0200692024081945,0.0,-0.0020352599676698,0.0069832671433687,0.0088375331833958,-0.0076230498962104,-0.0060647004283964,-0.0190346520394086,0.0006779816467314,-0.0186791010200977,-0.0176151916384697,0.0121539058163762,0.0110344719141721,-0.0294888466596603,-0.0204638596624136,0.0,0.0167131423950195,-0.014211842790246,-0.0041096177883446,-0.0025773784145712,-0.0110041163861751,0.0123940333724021,0.0090403417125344,0.0006527564837597,-0.0034459123853594,0.0092226210981607,-0.0041494066826999,-0.0065444651991128,0.0013889207039028,-0.0032615910749882,-0.0006934971315786,0.0072273099794983,0.0111033897846937,-0.0032744065392762,0.0027453645598143,0.0146179581061005,-0.0260095912963151,0.0066889887675642,-0.0168657600879669,-0.0033333459869027,0.0128663554787635,0.0073874853551387,0.0421428680419921,-0.0083740325644612,0.0292857038694478,-0.0226960059140878,0.0464285453828579,-0.0111342974007871,0.0807142954078061,-0.0049019397778763,0.0621428519972502,0.0121082671133017,0.0242857287655442,0.1036735116211453,0.0156330146706329,-0.0060267752046303,2019-02-13,2019-02-14,2019-02-15,2019-02-19,2019-02-20,2019-02-21,2019-02-22,2019-02-25,2019-02-26,2019-02-27,90394.0,2019-02-12,252.0,-1.4778%,-0.0004,0.7245,0.4702,0.2409,1.1130%,1.3496%,31.9853%,-0.0247149999999999,SHO,90394.0,2019-02-13,252.0,4.2143%,-0.0002,0.7347,0.469,0.2504,1.1395%,1.3756%,31.3745%,0.039564,SHO,90394.0,2019-02-14,252.0,-1.2337%,-0.0002,0.7377,0.4628,0.2567,1.1417%,1.3777%,31.3341%,-0.011881,SHO,90394.0,2019-02-15,252.0,1.6655%,-0.0001,0.7541,0.4781,0.2841,1.1383%,1.3817%,32.1295%,0.005829,SHO,90394.0,2019-02-19,252.0,0.8191%,-0.0,0.7629,0.4699,0.274,1.1275%,1.3777%,33.0240%,0.00442,SHO,90394.0,2019-02-20,252.0,2.4374%,0.0001,0.768,0.4789,0.2917,1.1342%,1.3854%,32.9687%,0.020283,SHO,90394.0,2019-02-21,252.0,1.0575%,0.0002,0.76,0.4658,0.277,1.1348%,1.3811%,32.4807%,0.0143229999999999,SHO,90394.0,2019-02-22,252.0,0.9810%,0.0003,0.7578,0.5037,0.2842,1.1226%,1.3726%,33.1190%,0.00628,SHO,90394.0,2019-02-25,252.0,-0.9067%,0.0002,0.7582,0.5084,0.2882,1.1237%,1.3739%,33.0998%,-0.008483,SHO,90394.0,2019-02-26,252.0,-1.5686%,0.0002,0.7581,0.5233,0.2957,1.1254%,1.3751%,33.0192%,-0.0103679999999999,SHO,90394.0,2019-02-27,252.0,-1.2616%,0.0002,0.7642,0.5082,0.2966,1.1253%,1.3764%,33.1629%,-0.014038,SHO,0.014849,0.002968,0.008797,0.0335,0.021214
11115,SUNSTONE HOTEL INVESTORS INC NEW,"Sunstone Hotel Investors Q4 EPS $0.32 Beats $0.11 Estimate, Sales $280.852M Beat $276.73M Estimate, Adj. FFO $0.29 Up From $0.28 YoY",6,increase,0.8,0.7,"the company reported better-than-expected earnings and sales, which typically boosts investor confidence and can lead to an increase in stock price.",2,2019-02-12,SHO,2019-02-12 21:52:00+00:00,90394.0,86789210,-0.014778328128159,4632124.0,0.0421428680419921,-0.0083740325644612,-0.0123372375965118,-0.0144429188221693,0.0166550856083631,0.0118302069604396,0.0081911841407418,-0.0055363271385431,0.0243737064301967,0.0119047677144408,0.0105750067159533,0.0042193718254566,0.0098103089258074,-0.0055944002233445,-0.0090673184022307,-0.0041782357729971,-0.0156862586736679,0.0112675949931144,-0.0126162366941571,0.011396000161767,0.0121049294248223,0.0071736285462975,-0.0046512056142091,0.0152949774637818,0.0073431651107966,-0.0007278186967596,0.003313465276733,-0.0093727549538016,-0.0085865333676338,-0.0142146274447441,-0.0119920251891017,-0.0049505406059324,0.0013486485695466,0.0028368765488266,0.0114478161558508,0.0021322451066225,-0.0213049687445163,0.0078796315938234,0.0,-0.0064057046547532,-0.0027210859116166,0.0014255493879318,-0.0006821438437327,0.0151953725144267,0.0027303728275001,-0.0021661145146936,-0.0163376294076442,0.0259259548038244,0.0,0.0142749492079019,0.0076124989427626,0.0349922850728035,-0.0219780653715133,-0.0046439953148365,0.0,-0.006917767226696,0.0077247619628906,0.0007692483486607,-0.0006968800444155,0.0096942707896232,0.0146443406119942,-0.0081361392512917,-0.0068965782411396,0.0472502410411834,0.0152777964249253,-0.0271289069205522,0.008891936391592,0.0022659129463136,0.0088135674595832,-0.0461095348000526,-0.004032286349684,-0.0156028550118207,0.0080971587449312,0.0021322451066225,0.0,-0.0222377087920904,-0.0327978432178497,-0.0020804253872483,0.0200692024081945,0.0,-0.0020352599676698,0.0069832671433687,0.0088375331833958,-0.0076230498962104,-0.0060647004283964,-0.0190346520394086,0.0006779816467314,-0.0186791010200977,-0.0176151916384697,0.0121539058163762,0.0110344719141721,-0.0294888466596603,-0.0204638596624136,0.0,0.0167131423950195,-0.014211842790246,-0.0041096177883446,-0.0025773784145712,-0.0110041163861751,0.0123940333724021,0.0090403417125344,0.0006527564837597,-0.0034459123853594,0.0092226210981607,-0.0041494066826999,-0.0065444651991128,0.0013889207039028,-0.0032615910749882,-0.0006934971315786,0.0072273099794983,0.0111033897846937,-0.0032744065392762,0.0027453645598143,0.0146179581061005,-0.0260095912963151,0.0066889887675642,-0.0168657600879669,-0.0033333459869027,0.0128663554787635,0.0073874853551387,0.0421428680419921,-0.0083740325644612,0.0292857038694478,-0.0226960059140878,0.0464285453828579,-0.0111342974007871,0.0807142954078061,-0.0049019397778763,0.0621428519972502,0.0121082671133017,0.0242857287655442,0.1036735116211453,0.0156330146706329,-0.0060267752046303,2019-02-13,2019-02-14,2019-02-15,2019-02-19,2019-02-20,2019-02-21,2019-02-22,2019-02-25,2019-02-26,2019-02-27,90394.0,2019-02-12,252.0,-1.4778%,-0.0004,0.7245,0.4702,0.2409,1.1130%,1.3496%,31.9853%,-0.0247149999999999,SHO,90394.0,2019-02-13,252.0,4.2143%,-0.0002,0.7347,0.469,0.2504,1.1395%,1.3756%,31.3745%,0.039564,SHO,90394.0,2019-02-14,252.0,-1.2337%,-0.0002,0.7377,0.4628,0.2567,1.1417%,1.3777%,31.3341%,-0.011881,SHO,90394.0,2019-02-15,252.0,1.6655%,-0.0001,0.7541,0.4781,0.2841,1.1383%,1.3817%,32.1295%,0.005829,SHO,90394.0,2019-02-19,252.0,0.8191%,-0.0,0.7629,0.4699,0.274,1.1275%,1.3777%,33.0240%,0.00442,SHO,90394.0,2019-02-20,252.0,2.4374%,0.0001,0.768,0.4789,0.2917,1.1342%,1.3854%,32.9687%,0.020283,SHO,90394.0,2019-02-21,252.0,1.0575%,0.0002,0.76,0.4658,0.277,1.1348%,1.3811%,32.4807%,0.0143229999999999,SHO,90394.0,2019-02-22,252.0,0.9810%,0.0003,0.7578,0.5037,0.2842,1.1226%,1.3726%,33.1190%,0.00628,SHO,90394.0,2019-02-25,252.0,-0.9067%,0.0002,0.7582,0.5084,0.2882,1.1237%,1.3739%,33.0998%,-0.008483,SHO,90394.0,2019-02-26,252.0,-1.5686%,0.0002,0.7581,0.5233,0.2957,1.1254%,1.3751%,33.0192%,-0.0103679999999999,SHO,90394.0,2019-02-27,252.0,-1.2616%,0.0002,0.7642,0.5082,0.2966,1.1253%,1.3764%,33.1629%,-0.014038,SHO,0.014849,0.002968,0.008797,0.0335,0.021214
11123,SKECHERS U S A INC,"Skechers USA Reports Purchase Of Minority Stake In Its Joint Venture In India, Transitioning Business to New Wholly-Owned Subsidiary Of Skechers USA, No Terms Disclsoed",6,uncertain,0.6,0.3,"the transition to a wholly-owned subsidiary may provide more control and potential for growth, but the lack of disclosed terms leaves uncertainty about the financial implications.",1,2019-02-12,SKX,2019-02-12 14:05:00+00:00,86949.0,83056610,-0.018109330907464,3392119.0,0.0171929094940424,0.0209966152906417,0.0092193987220525,0.1519855260848999,0.0045676468871533,0.001084231538698,0.0193997994065284,0.0032632397487759,0.0029734901618212,0.0139705566689372,-0.0035576322115957,0.0115285003557801,0.0050579640083014,-0.0103055089712142,0.0115452753379941,-0.0043972455896437,-0.0122914304956793,0.0255543142557144,0.0094814728945493,-0.0111482441425323,-0.0129145476967096,0.0105144837871193,0.0169491432607173,0.0238369442522525,-0.0014619659632444,0.0172076858580112,-0.0240117032080888,-0.0042835129424929,-0.015901667997241,-0.0342233851552009,-0.0021341370884329,-0.0133580928668379,-0.008249326609075,0.0631163865327835,0.0055452962405979,0.0063517205417156,0.0045956349931657,0.0088106216862797,0.0003049198421649,-0.0118718296289444,-0.0015243670204654,0.0148594714701175,-0.0051907836459577,-0.0012033969396725,0.0159606076776981,0.0097205247730016,-0.0072506912983953,0.0181443523615598,-0.0161289945244789,0.0502381920814514,0.0049489587545394,0.02667854167521,-0.0621730461716651,-0.0301854573190212,0.0180505793541669,0.0131062101572752,0.015473872423172,-0.0116580510511994,0.0342857725918293,0.0012970465468242,0.0190300457179546,-0.0064433645457029,0.0123493922874331,0.0649588331580162,0.0223147869110107,-0.0077167530544102,-0.0029104275163263,-0.0156388953328132,0.0131348744034767,0.0022391059901565,0.0069144824519753,-0.0303951688110828,-0.0091559281572699,0.0167770888656377,-0.0034652827307581,-0.0109170312061905,-0.0141987213864922,-0.0259464308619499,0.012639632448554,-0.0305154547095298,-0.0029028239659965,-0.0093954065814614,0.0017467649886384,0.0090683968737721,0.0124963764101266,-0.0134200863540172,0.0068886820226907,-0.0614504031836986,0.0057011670432984,-0.0150375794619321,-0.1043083518743515,-0.0604026541113853,-0.0579113885760307,0.0485184974968433,0.0040308674797415,0.0165662858635187,0.0424891412258148,-0.0126394107937812,-0.0179717410355806,0.0239816959947347,0.0183006357401609,-0.0270370207726955,0.0150834182277321,0.0305343214422464,0.0009484883630648,-0.0183589272201061,-0.0113708339631557,0.031298354268074,0.0031949004624038,-0.0148458806797862,0.0194267109036445,-0.0373763442039489,-0.0465478897094726,-0.0061907563358545,-0.0265400186181068,-0.0317348912358284,-0.0060585122555494,0.0017662008758634,-0.0040636924095451,-0.0187175367027521,0.0171929094940423,0.0209966152906417,0.0265708165039126,0.1761733229964921,0.0312598294983592,0.1774485672082602,0.0543919926233964,0.197794155135367,0.0650203197007632,0.2107024201148668,0.0184433287959682,0.4085604498329438,-0.0806502045467851,0.1292894822486576,2019-02-13,2019-02-14,2019-02-15,2019-02-19,2019-02-20,2019-02-21,2019-02-22,2019-02-25,2019-02-26,2019-02-27,86949.0,2019-02-12,252.0,-1.8109%,-0.0007,1.1185,0.4615,0.1656,3.0399%,3.2628%,13.1964%,-0.0339,SKX,86949.0,2019-02-13,252.0,1.7193%,-0.0005,1.1381,0.4342,0.1642,3.0317%,3.2607%,13.5524%,0.013568,SKX,86949.0,2019-02-14,252.0,0.9219%,-0.0005,1.1356,0.44,0.158,3.0325%,3.2611%,13.5335%,0.010204,SKX,86949.0,2019-02-15,252.0,0.4568%,-0.0005,1.1401,0.443,0.164,3.0319%,3.2611%,13.5608%,-0.010222,SKX,86949.0,2019-02-19,252.0,1.9400%,-0.0003,1.1541,0.4377,0.1568,3.0258%,3.2604%,13.8719%,0.015357,SKX,86949.0,2019-02-20,252.0,0.2973%,-0.0002,1.1547,0.443,0.16,3.0253%,3.2602%,13.8894%,-0.001144,SKX,86949.0,2019-02-21,252.0,-0.3558%,-0.0002,1.1528,0.4395,0.1565,3.0252%,3.2591%,13.8405%,0.0012929999999999,SKX,86949.0,2019-02-22,252.0,0.5058%,-0.0003,1.1536,0.4267,0.1547,3.0247%,3.2589%,13.8582%,-0.002651,SKX,86949.0,2019-02-25,252.0,1.1545%,-0.0002,1.1514,0.4188,0.1422,3.0232%,3.2574%,13.8653%,0.011103,SKX,86949.0,2019-02-26,252.0,-1.2291%,-0.0003,1.1378,0.4421,0.1438,3.0193%,3.2482%,13.5935%,-0.007399,SKX,86949.0,2019-02-27,252.0,0.9481%,-0.0003,1.1303,0.4577,0.1426,3.0178%,3.2441%,13.4651%,0.00769,SKX,-0.020332,-0.010128,-0.02035,-0.0061369999999999,0.0038989999999999
11131,SIMON PROPERTY GROUP INC NEW,Simon Property Group Reports $2B Buyback,6,increase,0.8,0.7,a $2 billion buyback typically signals confidence in the company's value and can lead to an increase in stock price due to reduced share supply and positive investor sentiment.,2,2019-02-12,SPG,2019-02-12 15:24:00+00:00,80100.0,82880610,-0.0037776413373649,1905094.0,0.0078547876328229,0.0065181800164282,-0.001304377685301,-0.0094161955639719,-0.0021767192520201,0.0108784334734082,-0.006162766367197,-0.0008151842048391,-0.0165175572037696,0.0117116896435618,0.0163485798984766,0.0148428566753864,0.0081252325326204,-0.0159784127026796,-0.0017971019260585,0.0047999732196331,-0.0001091340527636,0.0114397490397095,-0.0111304745078086,0.0039215516299009,-0.0004414137511048,0.0078482264652848,-0.030856680124998,0.0104980673640966,-0.0014809463173151,0.0063157035037875,0.0062175365164875,0.0052522434853017,-0.0001133164114435,-0.0040239836089313,-0.0056129121221601,0.003982238471508,-0.006670837290585,0.0021979575976729,0.0095282038673758,0.0096945846453309,0.0115987788885831,0.0028698032256215,0.0012365176808089,-0.0093414597213268,0.0092623438686132,-0.0057686758227646,-0.0205795485526323,-0.0004035985912196,-0.0099948579445481,0.0013858730671927,-0.0053347554057836,0.0238854996860027,0.00311423628591,0.0105149624869227,0.0243761651217937,0.0152241755276918,-0.0032550599426031,-0.0008484297432005,0.0021395811345428,-0.0177392158657312,0.0183167196810245,-0.0006543759955093,-0.0007173078483901,0.0046017109416425,0.012423388659954,0.0040201498195528,-0.0062717818655073,0.0373459458351135,0.0039514075033366,-0.0255943778902292,0.0019679693505167,-0.0189802013337612,-0.0017458240035921,-0.0225646384060382,0.004809558391571,-0.0174285881221294,0.0051672393456101,0.0001143232002505,-0.0071969795972108,-0.0420453734695911,-0.0049054007977247,-0.0076061822474002,0.0129264676943421,0.0085479319095611,-0.0038932892493903,-0.0264070257544517,0.007111435290426,0.0072541148401796,-0.0054980823770165,-0.012312876060605,-0.0402167923748493,-0.0113856876268982,0.0020329828839749,0.030049167573452,0.0034941113553941,-0.0102701159194111,-0.0244299154728651,0.0067854728549718,0.0166944544762373,0.0059046386741101,0.008719740435481,0.0016277973772957,-0.0016839057207107,0.0141418995335698,0.0042732330039143,0.0055331159383058,-0.0160125438123941,-0.0093186264857649,-0.0116643132641911,-0.0032237546984106,0.023316079750657,-0.0008188780630007,0.0002813111350405,-0.0195375718176364,0.0090551218017935,0.0094558810815215,-0.0072459899820387,0.0145269660279154,-0.0229072030633688,-0.015901792794466,-0.0068379156291484,-0.0077306297607719,0.0053807450458407,0.0050021414645016,0.0078547876328229,0.0065181800164282,0.0065401643378109,-0.0029593920052995,0.0043492089841652,0.0078868479190572,-0.0183275194851268,0.0188596699574234,-0.0072630042211404,0.0380952559570471,-0.0079751013580254,0.1073925850019901,-0.0481797230611366,-0.003131225995508,2019-02-13,2019-02-14,2019-02-15,2019-02-19,2019-02-20,2019-02-21,2019-02-22,2019-02-25,2019-02-26,2019-02-27,80100.0,2019-02-12,252.0,-0.3778%,0.0007,0.4862,-0.0357,0.0055,1.1140%,1.2278%,17.6756%,-0.0107289999999999,SPG,80100.0,2019-02-13,252.0,0.7855%,0.0008,0.4917,-0.0427,0.0056,1.1127%,1.2284%,17.9415%,0.006411,SPG,80100.0,2019-02-14,252.0,-0.1304%,0.0008,0.4918,-0.0432,0.0064,1.1127%,1.2283%,17.9371%,-0.000117,SPG,80100.0,2019-02-15,252.0,-0.2177%,0.0008,0.5005,-0.0363,0.0193,1.1086%,1.2269%,18.3440%,-0.0077569999999999,SPG,80100.0,2019-02-19,252.0,-0.6163%,0.0007,0.4968,-0.0383,0.0174,1.1090%,1.2252%,18.0632%,-0.007166,SPG,80100.0,2019-02-20,252.0,-1.6518%,0.0007,0.4918,-0.0489,-0.0001,1.1149%,1.2300%,17.8414%,-0.017573,SPG,80100.0,2019-02-21,252.0,1.6349%,0.0007,0.4874,-0.054,-0.0084,1.1202%,1.2336%,17.5411%,0.0180339999999999,SPG,80100.0,2019-02-22,252.0,0.8125%,0.0009,0.4855,-0.0179,0.0011,1.1084%,1.2213%,17.6289%,0.005031,SPG,80100.0,2019-02-25,252.0,-0.1797%,0.0008,0.4875,-0.0142,0.0105,1.1033%,1.2166%,17.7583%,-0.00267,SPG,80100.0,2019-02-26,252.0,-0.0109%,0.0007,0.4823,-0.0088,0.0093,1.1020%,1.2124%,17.3847%,0.0005149999999999,SPG,80100.0,2019-02-27,252.0,-1.1130%,0.0007,0.478,-0.0047,0.0086,1.1032%,1.2112%,17.0466%,-0.011637,SPG,-0.0043179999999999,-0.0044349999999999,-0.0121919999999999,-0.036931,-0.027658
11139,SEMPRA ENERGY,Sempra Energy To Sell Its Operating And Development Assets American Electric Power For $551M In Cash,6,decrease,0.7,0.6,"the sale of operating and development assets for cash may indicate a strategic retreat or a need for liquidity, which could negatively impact investor sentiment and the stock price.",0,2019-02-12,SRE,2019-02-12 21:28:00+00:00,86136.0,81685110,-0.0072204805910587,2690300.0,0.0010514819296076,-0.0251865778118372,-0.0016631198814138,-0.0008473010966554,0.0106093734502792,0.0022929650731384,0.0087627489119768,0.0056367213837802,0.0073965825140476,-0.0008533672080375,0.0046102697961032,0.0037687574513256,0.006883701775223,-0.0019661767873913,-0.0075118755921721,0.0181027129292488,0.0111404471099376,0.0092226881533861,0.0120269153267145,0.0075221103616058,0.000914157833904,-0.0008841598173603,0.006808366626501,-0.0022055581212043,0.0005772694712504,0.0038968629669398,-0.0020604962483048,0.0048055611550807,-0.000908495276235,-0.0026626025792211,0.0060345185920596,0.0027589672245085,0.0049302065744996,-0.002662906423211,0.007277182303369,0.0009773487690836,0.0065751890651881,0.0070687266997992,0.0027419058606028,-0.0201647859066724,0.0008846760028973,-0.0032334418501704,0.0013660570839419,0.0178794004023075,0.0002407220308668,-0.0097771566361188,-0.0057761832140386,0.0279789585620164,0.0090373819693923,-0.0001810306275729,0.0142942788079381,0.0299300607293844,0.001588916638866,0.0045897141098976,-0.0081700542941689,-0.0132174901664257,0.0035188933834433,0.0085765440016984,-0.0005578553536906,0.0051574762910604,-0.0074954344891011,-0.0035188188776373,0.0111673446372151,0.0054934481158852,0.006117882207036,-0.0395277962088584,0.0048171887174248,-0.0109676094725728,0.0,-0.0077234059572219,-0.0017290256218984,0.0008784795063547,0.0096048563718795,-0.0094840684905648,-0.0035090809687972,-0.0300447102636098,0.0007825219072401,0.0075680222362279,-0.0035968339070677,0.0080575589090585,0.0052578342147171,-0.0034169990103691,0.0136612011119723,0.0074876933358609,-0.0099346050992608,0.0020699051674455,-0.0100342324003577,0.0021607605740427,0.0001571798056829,-0.0099264392629265,0.0009427507757209,0.0035208559129387,-0.0159328654408454,0.010675192810595,0.0059021017514169,0.0226324945688247,0.0022994047030806,-0.0050335545092821,0.0073569547384977,0.0048806052654981,0.0055756773799657,0.0058015128597617,-0.017571261152625,-0.0006243840325623,0.0170905701816082,0.0008927637827582,-0.0136772179976105,-0.0168524365872144,-0.0018224701052531,-0.0113675594329834,0.0117487953975796,0.0032209898345172,-0.0083169676363468,0.0350513532757759,-0.005380175076425,-0.0157857276499271,0.0003977651067543,-0.02801482565701,0.0035782200284302,0.0052859671413898,0.0010514819296076,-0.0251865778118371,-0.0006133866923082,-0.0260125382934917,0.0099894791094827,-0.0237792190621238,0.0263756956966365,-0.01911430512373,0.0544163925404099,0.0172566092849237,0.1073778877445401,0.0771217703279167,0.1144418948330543,0.0044113764893549,2019-02-13,2019-02-14,2019-02-15,2019-02-19,2019-02-20,2019-02-21,2019-02-22,2019-02-25,2019-02-26,2019-02-27,86136.0,2019-02-12,252.0,-0.7220%,0.0003,0.2126,-0.5059,-0.2285,1.4534%,1.5005%,6.1780%,-0.010719,SRE,86136.0,2019-02-13,252.0,0.1051%,0.0003,0.2133,-0.5069,-0.2286,1.4534%,1.5002%,6.1511%,0.00082,SRE,86136.0,2019-02-14,252.0,-0.1663%,0.0003,0.2134,-0.5072,-0.2283,1.4534%,1.5003%,6.1567%,-5e-06,SRE,86136.0,2019-02-15,252.0,1.0609%,0.0004,0.2316,-0.4897,-0.1973,1.4520%,1.4994%,6.2182%,0.010462,SRE,86136.0,2019-02-19,252.0,0.8763%,0.0004,0.2277,-0.4755,-0.1809,1.4485%,1.4930%,5.8758%,0.010235,SRE,86136.0,2019-02-20,252.0,0.7397%,0.0004,0.229,-0.4774,-0.1775,1.4478%,1.4926%,5.9051%,0.008905,SRE,86136.0,2019-02-21,252.0,0.4610%,0.0005,0.2228,-0.4893,-0.1891,1.4451%,1.4902%,5.9611%,0.004615,SRE,86136.0,2019-02-22,252.0,0.6884%,0.0006,0.2213,-0.4679,-0.1871,1.4423%,1.4852%,5.6988%,0.005247,SRE,86136.0,2019-02-25,252.0,-0.7512%,0.0005,0.2225,-0.4617,-0.1793,1.4422%,1.4845%,5.6263%,-0.009497,SRE,86136.0,2019-02-26,252.0,1.1140%,0.0004,0.208,-0.458,-0.1882,1.4364%,1.4763%,5.3241%,0.00785,SRE,86136.0,2019-02-27,252.0,1.2027%,0.0005,0.2109,-0.4595,-0.1877,1.4379%,1.4780%,5.3507%,0.012384,SRE,-0.009899,-0.009904,0.0005579999999999,0.019698,0.040297
11147,STAAR SURGICAL CO,STAAR Surgical Announces Strategic Cooperation Agreement With The Smile Eyes Group In Germany And Austria,6,increase,0.7,0.6,"the strategic cooperation agreement with the smile eyes group suggests potential growth opportunities and market expansion for staar surgical, which could positively influence investor sentiment and stock price.",2,2019-02-12,STAA,2019-02-12 12:13:00+00:00,72304.0,85231230,0.0282087437808513,232833.0,0.0082304319366812,0.0401994958519935,-0.0429932475090026,0.0127786118537187,0.0355416573584079,-0.0341561026871204,0.0175728518515825,-0.0213482677936554,-0.0099838841706514,-0.0066964752040803,0.0054510976187884,0.0042029009200632,-0.0116562843322753,-0.0011195330880582,0.0416895374655723,0.0296829603612422,-0.0452870242297649,0.0260201375931501,0.0231660287827253,-0.0350927114486694,-0.0080862333998084,-0.0179321765899658,0.1081521660089493,0.0441778339445591,-0.0380088090896606,0.0136417280882597,-0.0107060456648469,-0.0073594343848526,-0.0386498309671878,-0.0338452383875846,-0.0091128423810005,0.0188351646065712,-0.015147453173995,0.0407116562128067,0.0145564069971442,0.0404769070446491,0.0067677316255867,0.0330632217228412,0.0021511651575565,-0.0274274572730064,-0.0346123129129409,-0.0243001859635114,0.0166759956628084,-0.0027607409283518,-0.0068343351595103,0.0149439461529254,0.0222955550998449,0.0364633500576019,0.022078612819314,0.0533650480210781,0.0379347316920757,0.0578928664326667,-0.0439087115228176,-0.1060752496123314,-0.0029200105927884,-0.0250704865902662,-0.0063898209482431,0.0207933336496353,-0.0527867414057254,0.0103425886482,0.0169731918722391,-0.0051446896977722,-0.0489569418132305,0.075752355158329,0.0005849797744303,-0.0262714941054582,-0.0043846159242093,-0.0220685135573148,0.0143863139674067,-0.0667076036334037,-0.0057887341827154,-0.0127466460689902,0.0189228989183902,-0.0167113579809665,-0.0034285408910363,-0.0261552315205335,0.0097477100789546,-0.0507586263120174,0.0508233122527599,-0.0002757397014647,-0.0091867111623287,0.0298210531473159,0.000545417482499,0.0268299262970686,0.0016353604150936,0.0118029369041323,-0.0160544253885746,-0.053351953625679,-0.1117256879806519,0.0107284327968955,-0.0283312536776065,-0.1021546870470047,-0.0403716228902339,0.0378848314285278,0.029382275417447,0.0248044803738594,0.0126499962061643,-0.0293116718530654,0.0182575788348913,0.0321447476744651,0.0333437398076057,0.0081699136644601,0.0048706196248531,0.0079604974016547,-0.0160557050257921,-0.0148728834465146,-0.0172413624823093,0.018171802163124,-0.1181077808141708,-0.0023348189424723,-0.1119005233049393,-0.0995548218488693,0.0804000124335289,-0.0220125745981931,0.0181414205580949,0.0090309716761112,-0.0072727547958493,-0.0429806150496006,-0.0014651651727035,-0.0055748634040355,0.0082304319366812,0.0401994958519935,-0.0351166685696811,0.0534918014599201,-0.0008231158131455,0.0175086273092155,0.0065843043628628,-0.0108816794948221,0.0178325879663878,0.0114123112626582,-0.030178380817316,0.1457660127702318,-0.2521261977494341,-0.1765388718655131,2019-02-13,2019-02-14,2019-02-15,2019-02-19,2019-02-20,2019-02-21,2019-02-22,2019-02-25,2019-02-26,2019-02-27,72304.0,2019-02-12,252.0,2.8209%,0.0029,1.3737,0.8708,-1.6209,3.1063%,3.8090%,33.4946%,0.006432,STAA,72304.0,2019-02-13,252.0,0.8230%,0.003,1.3858,0.8511,-1.6239,3.1020%,3.8088%,33.6693%,0.004896,STAA,72304.0,2019-02-14,252.0,-4.2993%,0.0029,1.4004,0.8208,-1.5928,3.1205%,3.8198%,33.2626%,-0.054028,STAA,72304.0,2019-02-15,252.0,3.5542%,0.0031,1.4309,0.8506,-1.5402,3.1212%,3.8249%,33.4087%,0.02521,STAA,72304.0,2019-02-19,252.0,1.7573%,0.0032,1.4449,0.8433,-1.5495,3.1143%,3.8252%,33.7160%,0.016908,STAA,72304.0,2019-02-20,252.0,-0.9984%,0.0032,1.4424,0.8382,-1.5584,3.1148%,3.8263%,33.7289%,-0.006162,STAA,72304.0,2019-02-21,252.0,0.5451%,0.0032,1.4419,0.8382,-1.5592,3.1149%,3.8260%,33.7142%,0.00769,STAA,72304.0,2019-02-22,252.0,-1.1656%,0.003,1.4505,0.7998,-1.4921,3.1291%,3.8260%,33.1107%,-0.0486599999999999,STAA,72304.0,2019-02-25,252.0,4.1690%,0.0032,1.4488,0.7805,-1.5084,3.1361%,3.8330%,33.0558%,0.038807,STAA,72304.0,2019-02-26,252.0,-4.5287%,0.003,1.4654,0.8286,-1.4716,3.1486%,3.8453%,32.9525%,-0.043052,STAA,72304.0,2019-02-27,252.0,2.3166%,0.003,1.4601,0.8425,-1.4724,3.1491%,3.8440%,32.8861%,0.018407,STAA,0.011328,-0.0427,-0.01749,-0.006744,-0.033552
11155,STMICROELECTRONICS NV,STMicroelectornics shares are trading higher after the company unveiled its  HVLED001B LED lighting controller.,6,increase,0.8,0.7,"the unveiling of a new product, especially in the technology sector, typically generates positive investor sentiment and can lead to an increase in stock price.",2,2019-02-12,STM,2019-02-12 16:29:00+00:00,81132.0,86101210,0.0527989156544208,3091529.0,-0.0072506912983953,0.011583031155169,0.001217313343659,-0.0133333355188369,0.0054711336269974,-0.0372860990464687,-0.0102781178429722,0.03939014300704,0.0109956255182623,-0.0168644879013299,-0.0006041282322257,0.0050219660624861,0.0163239743560552,0.0056818276643753,0.0214158613234758,-0.0204081591218709,-0.0064065586775541,0.0266666710376739,-0.0222742781043052,-0.0174672901630401,-0.0191846340894699,-0.0243456847965717,0.0244498532265424,0.0518566220998764,0.0011933447094634,0.1078013777732849,-0.0101311122998595,0.0042735342867672,-0.0385310240089893,-0.0350515618920326,-0.026925504207611,0.029723996296525,0.0064350310713052,-0.0007072297739796,0.0159846544265747,0.012168938294053,-0.0062932902947068,0.0108538763597607,-0.0069664125330746,-0.0170697513967752,-0.0076530538499355,-0.0028368765488266,0.0578405298292636,0.0151187926530838,-0.0157958511263132,0.0578827299177646,0.0068154036998748,0.0030557648278772,0.0006153986905701,0.0388888679444789,0.0436653792858123,0.0439105816185474,-0.0406599082052707,-0.1215429455041885,-0.0325553230941295,-0.0100864795967936,0.0114285908639431,0.0014430345036089,-0.0703075900673866,0.009468326345086,-0.0324105657637119,0.0080763334408402,0.0362875424325466,0.0373190976679325,0.0451178476214408,-0.0172155350446701,0.0199741926044225,0.0014992131618782,0.046114943921566,0.0136778345331549,0.0235508028417825,-0.0380117297172546,0.0265486035495996,0.0208955742418766,0.0126437488943338,-0.0160819217562675,-0.0102156810462474,-0.0144092077389359,0.0045871515758335,0.0,0.0011415786575526,0.0220913253724575,0.0359178520739078,0.0149476686492562,-0.0159604251384735,0.0014970402698963,0.0274050161242485,-0.04160688072443,0.0146977975964546,-0.0536320433020591,-0.0032188554760068,-0.0587859489023685,-0.0091496277600526,0.053872000426054,-0.012493185698986,0.0054163793101906,0.0236523821949958,0.003396752057597,-0.0091348774731159,0.0286512821912765,-0.0113883400335907,-0.0158184003084898,-0.0142622180283069,0.0326704569160938,0.0211464148014783,-0.0007097394554875,-0.0010899432236328,0.0360293947160244,0.0027277271728962,-0.0159189086407423,0.0038085747510194,-0.0149679286405444,-0.0493224821984767,-0.0188811514526605,-0.0216648261994123,0.0134656652808189,0.0023310557007789,0.0078571187332272,-0.0209302678704261,0.0204081442207098,-0.0072506912983953,0.011583031155169,-0.0060422043180046,-0.0019047448043849,-0.0006041283982325,-0.0391198233474191,-2.4936985809631546e-10,-0.018113675393385,0.0078550490973756,-0.0193387648548525,-0.1018092551151529,0.1449381538496668,0.0213053234289275,0.1509029213893629,2019-02-13,2019-02-14,2019-02-15,2019-02-19,2019-02-20,2019-02-21,2019-02-22,2019-02-25,2019-02-26,2019-02-27,81132.0,2019-02-12,252.0,5.2799%,-0.001,1.5727,0.6933,0.1288,2.1508%,2.7402%,38.3953%,0.03158,STM,81132.0,2019-02-13,252.0,-0.7251%,-0.001,1.5722,0.6895,0.1254,2.1519%,2.7390%,38.2757%,-0.01226,STM,81132.0,2019-02-14,252.0,0.1217%,-0.001,1.5715,0.6908,0.1242,2.1519%,2.7386%,38.2593%,0.0015609999999999,STM,81132.0,2019-02-15,252.0,0.5471%,-0.0012,1.5534,0.6731,0.093,2.1524%,2.7290%,37.7943%,-0.01471,STM,81132.0,2019-02-19,252.0,-1.0278%,-0.0012,1.5518,0.6625,0.0811,2.1542%,2.7285%,37.6680%,-0.015561,STM,81132.0,2019-02-20,252.0,1.0996%,-0.0011,1.5555,0.6787,0.0964,2.1516%,2.7278%,37.7854%,0.006044,STM,81132.0,2019-02-21,252.0,-0.0604%,-0.0012,1.5653,0.7,0.1142,2.1429%,2.7252%,38.1715%,0.005748,STM,81132.0,2019-02-22,252.0,1.6324%,-0.0012,1.565,0.6876,0.1003,2.1421%,2.7268%,38.2840%,0.003879,STM,81132.0,2019-02-25,252.0,2.1416%,-0.0011,1.5637,0.6754,0.0891,2.1457%,2.7295%,38.2058%,0.020937,STM,81132.0,2019-02-26,252.0,-0.6407%,-0.0011,1.5621,0.6746,0.0874,2.1457%,2.7258%,38.0383%,0.000612,STM,81132.0,2019-02-27,252.0,-2.2274%,-0.0012,1.565,0.6624,0.0879,2.1504%,2.7289%,37.9076%,-0.0249569999999999,STM,0.0193199999999999,0.0208809999999999,0.0061709999999999,-0.003346,0.002873
11163,MOLSON COORS BEVERAGE CO,Shares of Molson Coors are trading lower after the company announced Q4 sales of $2.42B versus the $2.55B analyst estimate despite better than expected EPS; the company also announced previous financial statements would need to be restated.,6,decrease,0.8,0.6,"the lower-than-expected sales and the need to restate previous financial statements are likely to negatively impact investor confidence, leading to a decrease in stock price.",0,2019-02-12,TAP,2019-02-12 13:26:00+00:00,59248.0,60871R20,-0.0944002717733383,7651065.0,0.0082784537225961,0.00646748021245,0.002680962672457,-0.0096080107614398,0.0178810115903616,-0.0015227420954033,0.0032835456077009,-0.0126297390088439,0.004581881687045,0.0100228348746895,0.011239655315876,-0.0022727504838258,-0.0024162617046386,-0.0091577935963869,-0.0143710542470216,0.0195928178727626,0.0,0.0089575573801994,0.0011467839358374,0.0093530546873807,0.0090001514181494,-0.0038819874171167,0.0025948751717805,0.015933146700263,-0.0026054363697767,-0.0159888043999671,-0.002612242475152,0.0049921949394047,-0.0152234453707933,0.0075447903946042,-0.001994663150981,0.0297831036150455,-0.0098267849534749,0.0084884176030755,0.0109335193410515,-0.0187410209327936,0.0018302930984646,0.0011225094785913,0.0063112620264291,-0.0154720479622483,-0.0016504122177138,0.0076360092498362,0.0054554142989218,0.0304918140172958,0.0021374723874032,-0.0027791103348135,-0.0031173492316156,0.0266867447644472,-0.0162935797125101,-0.0021771437022835,0.0174000486731529,0.0317954085767269,-0.0223647523671388,0.0136626167222857,-0.0117746135219931,0.0165598336607217,0.0124255241826176,0.0039328071288764,-0.0031943279318511,-0.0106119960546493,-0.0003373327199369,0.0067664007656276,0.0064113559201359,0.0183136593550443,0.0120703671127557,-0.0063062789849936,-0.0036441511474549,-0.0303983520716428,-0.0051538050174713,-0.0091742910444736,0.0153743010014295,-0.0258009918034076,-0.0021395203657448,-0.0209674835205078,0.0026389551348984,-0.0230645202100276,-0.0203981194645166,-0.0189873538911342,-0.0025188531726598,0.0020612187217921,0.0112794302403926,0.0084745567291975,-0.0014982545981183,-0.0031877711880952,0.00783596560359,-0.0099415695294737,-0.0152192218229174,-0.0169097147881984,-0.0018478181445971,-0.0063203889876604,0.0333221703767776,-0.0192016419023275,-0.0039088218472898,0.0056257070973515,0.0019620491657406,0.0227025207132101,0.0200717952102422,-0.0180550143122673,0.0046392725780606,0.0113550024107098,0.0164013151079416,0.002923896536231,0.000783318770118,0.0137286260724067,0.0048528704792261,-0.0004677807737607,-0.0754012092947959,-0.0115598030388355,0.009604038670659,-0.022744420915842,0.0241989456117153,0.0254865866154432,-0.006354886572808,0.0007728462223894,-0.0147588998079299,-0.0009266032138839,-0.0149800516664981,0.0040316660888493,-0.0140250390395522,-0.0154198799282312,0.0082784537225961,0.00646748021245,0.0109816106204692,-0.0032026701684704,0.0290589845176163,-0.0047205354231906,0.0371684551469517,-0.0074411218099317,0.0324379465139255,0.0188620277807924,0.0083772311077863,0.1559957510965923,-0.0076098977042968,0.0042243520996323,2019-02-13,2019-02-14,2019-02-15,2019-02-19,2019-02-20,2019-02-21,2019-02-22,2019-02-25,2019-02-26,2019-02-27,59248.0,2019-02-12,252.0,-9.4400%,-0.0006,0.6498,-0.369,0.3543,1.8999%,2.0156%,11.1478%,-0.103244,TAP,59248.0,2019-02-13,252.0,0.8278%,-0.0007,0.6453,-0.3585,0.3579,1.8989%,2.0117%,10.9040%,0.006332,TAP,59248.0,2019-02-14,252.0,0.2681%,-0.0006,0.6434,-0.3538,0.3526,1.8996%,2.0118%,10.8441%,0.007876,TAP,59248.0,2019-02-15,252.0,1.7881%,-0.0008,0.6063,-0.386,0.2938,1.8708%,1.9750%,10.2719%,0.009703,TAP,59248.0,2019-02-19,252.0,0.3284%,-0.0008,0.6035,-0.3794,0.3016,1.8696%,1.9723%,10.1354%,0.00227,TAP,59248.0,2019-02-20,252.0,0.4582%,-0.0008,0.6046,-0.3762,0.3057,1.8697%,1.9725%,10.1490%,0.0025109999999999,TAP,59248.0,2019-02-21,252.0,1.1240%,-0.0007,0.595,-0.3926,0.2879,1.8688%,1.9698%,9.9936%,0.013817,TAP,59248.0,2019-02-22,252.0,-0.2416%,-0.0007,0.5945,-0.383,0.2911,1.8682%,1.9684%,9.9162%,8e-06,TAP,59248.0,2019-02-25,252.0,-1.4371%,-0.0007,0.5944,-0.3757,0.2944,1.8706%,1.9702%,9.8494%,-0.015835,TAP,59248.0,2019-02-26,252.0,0.0000%,-0.0007,0.5985,-0.3798,0.2954,1.8701%,1.9701%,9.8875%,-0.000582,TAP,59248.0,2019-02-27,252.0,0.1147%,-0.0006,0.6061,-0.3927,0.2967,1.8670%,1.9694%,10.1217%,0.001584,TAP,-0.096912,-0.089036,-0.079333,-0.074552,-0.07556
11171,MOLSON COORS BEVERAGE CO,Shares of Molson Coors are trading lower after the company announced Q4 sales of $2.42B versus the $2.55B analyst estimate despite better than expected EPS; the company also announced previous financial statements would need to be restated.,6,decrease,0.8,0.7,"the lower-than-expected sales and the need to restate previous financial statements are likely to negatively impact investor confidence, leading to a decrease in stock price.",0,2019-02-12,TAP,2019-02-12 13:26:00+00:00,59248.0,60871R20,-0.0944002717733383,7651065.0,0.0082784537225961,0.00646748021245,0.002680962672457,-0.0096080107614398,0.0178810115903616,-0.0015227420954033,0.0032835456077009,-0.0126297390088439,0.004581881687045,0.0100228348746895,0.011239655315876,-0.0022727504838258,-0.0024162617046386,-0.0091577935963869,-0.0143710542470216,0.0195928178727626,0.0,0.0089575573801994,0.0011467839358374,0.0093530546873807,0.0090001514181494,-0.0038819874171167,0.0025948751717805,0.015933146700263,-0.0026054363697767,-0.0159888043999671,-0.002612242475152,0.0049921949394047,-0.0152234453707933,0.0075447903946042,-0.001994663150981,0.0297831036150455,-0.0098267849534749,0.0084884176030755,0.0109335193410515,-0.0187410209327936,0.0018302930984646,0.0011225094785913,0.0063112620264291,-0.0154720479622483,-0.0016504122177138,0.0076360092498362,0.0054554142989218,0.0304918140172958,0.0021374723874032,-0.0027791103348135,-0.0031173492316156,0.0266867447644472,-0.0162935797125101,-0.0021771437022835,0.0174000486731529,0.0317954085767269,-0.0223647523671388,0.0136626167222857,-0.0117746135219931,0.0165598336607217,0.0124255241826176,0.0039328071288764,-0.0031943279318511,-0.0106119960546493,-0.0003373327199369,0.0067664007656276,0.0064113559201359,0.0183136593550443,0.0120703671127557,-0.0063062789849936,-0.0036441511474549,-0.0303983520716428,-0.0051538050174713,-0.0091742910444736,0.0153743010014295,-0.0258009918034076,-0.0021395203657448,-0.0209674835205078,0.0026389551348984,-0.0230645202100276,-0.0203981194645166,-0.0189873538911342,-0.0025188531726598,0.0020612187217921,0.0112794302403926,0.0084745567291975,-0.0014982545981183,-0.0031877711880952,0.00783596560359,-0.0099415695294737,-0.0152192218229174,-0.0169097147881984,-0.0018478181445971,-0.0063203889876604,0.0333221703767776,-0.0192016419023275,-0.0039088218472898,0.0056257070973515,0.0019620491657406,0.0227025207132101,0.0200717952102422,-0.0180550143122673,0.0046392725780606,0.0113550024107098,0.0164013151079416,0.002923896536231,0.000783318770118,0.0137286260724067,0.0048528704792261,-0.0004677807737607,-0.0754012092947959,-0.0115598030388355,0.009604038670659,-0.022744420915842,0.0241989456117153,0.0254865866154432,-0.006354886572808,0.0007728462223894,-0.0147588998079299,-0.0009266032138839,-0.0149800516664981,0.0040316660888493,-0.0140250390395522,-0.0154198799282312,0.0082784537225961,0.00646748021245,0.0109816106204692,-0.0032026701684704,0.0290589845176163,-0.0047205354231906,0.0371684551469517,-0.0074411218099317,0.0324379465139255,0.0188620277807924,0.0083772311077863,0.1559957510965923,-0.0076098977042968,0.0042243520996323,2019-02-13,2019-02-14,2019-02-15,2019-02-19,2019-02-20,2019-02-21,2019-02-22,2019-02-25,2019-02-26,2019-02-27,59248.0,2019-02-12,252.0,-9.4400%,-0.0006,0.6498,-0.369,0.3543,1.8999%,2.0156%,11.1478%,-0.103244,TAP,59248.0,2019-02-13,252.0,0.8278%,-0.0007,0.6453,-0.3585,0.3579,1.8989%,2.0117%,10.9040%,0.006332,TAP,59248.0,2019-02-14,252.0,0.2681%,-0.0006,0.6434,-0.3538,0.3526,1.8996%,2.0118%,10.8441%,0.007876,TAP,59248.0,2019-02-15,252.0,1.7881%,-0.0008,0.6063,-0.386,0.2938,1.8708%,1.9750%,10.2719%,0.009703,TAP,59248.0,2019-02-19,252.0,0.3284%,-0.0008,0.6035,-0.3794,0.3016,1.8696%,1.9723%,10.1354%,0.00227,TAP,59248.0,2019-02-20,252.0,0.4582%,-0.0008,0.6046,-0.3762,0.3057,1.8697%,1.9725%,10.1490%,0.0025109999999999,TAP,59248.0,2019-02-21,252.0,1.1240%,-0.0007,0.595,-0.3926,0.2879,1.8688%,1.9698%,9.9936%,0.013817,TAP,59248.0,2019-02-22,252.0,-0.2416%,-0.0007,0.5945,-0.383,0.2911,1.8682%,1.9684%,9.9162%,8e-06,TAP,59248.0,2019-02-25,252.0,-1.4371%,-0.0007,0.5944,-0.3757,0.2944,1.8706%,1.9702%,9.8494%,-0.015835,TAP,59248.0,2019-02-26,252.0,0.0000%,-0.0007,0.5985,-0.3798,0.2954,1.8701%,1.9701%,9.8875%,-0.000582,TAP,59248.0,2019-02-27,252.0,0.1147%,-0.0006,0.6061,-0.3927,0.2967,1.8670%,1.9694%,10.1217%,0.001584,TAP,-0.096912,-0.089036,-0.079333,-0.074552,-0.07556
11179,MOLSON COORS BEVERAGE CO,"Molson Coors Sees FY19 Underlying Free Cash Flow $1.4B, Plus Or Minus 10%",6,uncertain,0.6,0.3,"while the projected underlying free cash flow of $1.4b suggests financial stability, the uncertainty of the 'plus or minus 10%' range introduces ambiguity that could lead to mixed investor reactions.",1,2019-02-12,TAP,2019-02-12 12:06:00+00:00,59248.0,60871R20,-0.0944002717733383,7651065.0,0.0082784537225961,0.00646748021245,0.002680962672457,-0.0096080107614398,0.0178810115903616,-0.0015227420954033,0.0032835456077009,-0.0126297390088439,0.004581881687045,0.0100228348746895,0.011239655315876,-0.0022727504838258,-0.0024162617046386,-0.0091577935963869,-0.0143710542470216,0.0195928178727626,0.0,0.0089575573801994,0.0011467839358374,0.0093530546873807,0.0090001514181494,-0.0038819874171167,0.0025948751717805,0.015933146700263,-0.0026054363697767,-0.0159888043999671,-0.002612242475152,0.0049921949394047,-0.0152234453707933,0.0075447903946042,-0.001994663150981,0.0297831036150455,-0.0098267849534749,0.0084884176030755,0.0109335193410515,-0.0187410209327936,0.0018302930984646,0.0011225094785913,0.0063112620264291,-0.0154720479622483,-0.0016504122177138,0.0076360092498362,0.0054554142989218,0.0304918140172958,0.0021374723874032,-0.0027791103348135,-0.0031173492316156,0.0266867447644472,-0.0162935797125101,-0.0021771437022835,0.0174000486731529,0.0317954085767269,-0.0223647523671388,0.0136626167222857,-0.0117746135219931,0.0165598336607217,0.0124255241826176,0.0039328071288764,-0.0031943279318511,-0.0106119960546493,-0.0003373327199369,0.0067664007656276,0.0064113559201359,0.0183136593550443,0.0120703671127557,-0.0063062789849936,-0.0036441511474549,-0.0303983520716428,-0.0051538050174713,-0.0091742910444736,0.0153743010014295,-0.0258009918034076,-0.0021395203657448,-0.0209674835205078,0.0026389551348984,-0.0230645202100276,-0.0203981194645166,-0.0189873538911342,-0.0025188531726598,0.0020612187217921,0.0112794302403926,0.0084745567291975,-0.0014982545981183,-0.0031877711880952,0.00783596560359,-0.0099415695294737,-0.0152192218229174,-0.0169097147881984,-0.0018478181445971,-0.0063203889876604,0.0333221703767776,-0.0192016419023275,-0.0039088218472898,0.0056257070973515,0.0019620491657406,0.0227025207132101,0.0200717952102422,-0.0180550143122673,0.0046392725780606,0.0113550024107098,0.0164013151079416,0.002923896536231,0.000783318770118,0.0137286260724067,0.0048528704792261,-0.0004677807737607,-0.0754012092947959,-0.0115598030388355,0.009604038670659,-0.022744420915842,0.0241989456117153,0.0254865866154432,-0.006354886572808,0.0007728462223894,-0.0147588998079299,-0.0009266032138839,-0.0149800516664981,0.0040316660888493,-0.0140250390395522,-0.0154198799282312,0.0082784537225961,0.00646748021245,0.0109816106204692,-0.0032026701684704,0.0290589845176163,-0.0047205354231906,0.0371684551469517,-0.0074411218099317,0.0324379465139255,0.0188620277807924,0.0083772311077863,0.1559957510965923,-0.0076098977042968,0.0042243520996323,2019-02-13,2019-02-14,2019-02-15,2019-02-19,2019-02-20,2019-02-21,2019-02-22,2019-02-25,2019-02-26,2019-02-27,59248.0,2019-02-12,252.0,-9.4400%,-0.0006,0.6498,-0.369,0.3543,1.8999%,2.0156%,11.1478%,-0.103244,TAP,59248.0,2019-02-13,252.0,0.8278%,-0.0007,0.6453,-0.3585,0.3579,1.8989%,2.0117%,10.9040%,0.006332,TAP,59248.0,2019-02-14,252.0,0.2681%,-0.0006,0.6434,-0.3538,0.3526,1.8996%,2.0118%,10.8441%,0.007876,TAP,59248.0,2019-02-15,252.0,1.7881%,-0.0008,0.6063,-0.386,0.2938,1.8708%,1.9750%,10.2719%,0.009703,TAP,59248.0,2019-02-19,252.0,0.3284%,-0.0008,0.6035,-0.3794,0.3016,1.8696%,1.9723%,10.1354%,0.00227,TAP,59248.0,2019-02-20,252.0,0.4582%,-0.0008,0.6046,-0.3762,0.3057,1.8697%,1.9725%,10.1490%,0.0025109999999999,TAP,59248.0,2019-02-21,252.0,1.1240%,-0.0007,0.595,-0.3926,0.2879,1.8688%,1.9698%,9.9936%,0.013817,TAP,59248.0,2019-02-22,252.0,-0.2416%,-0.0007,0.5945,-0.383,0.2911,1.8682%,1.9684%,9.9162%,8e-06,TAP,59248.0,2019-02-25,252.0,-1.4371%,-0.0007,0.5944,-0.3757,0.2944,1.8706%,1.9702%,9.8494%,-0.015835,TAP,59248.0,2019-02-26,252.0,0.0000%,-0.0007,0.5985,-0.3798,0.2954,1.8701%,1.9701%,9.8875%,-0.000582,TAP,59248.0,2019-02-27,252.0,0.1147%,-0.0006,0.6061,-0.3927,0.2967,1.8670%,1.9694%,10.1217%,0.001584,TAP,-0.096912,-0.089036,-0.079333,-0.074552,-0.07556
11187,MOLSON COORS BEVERAGE CO,"Molson Coors Sees FY19 Underlying Free Cash Flow $1.4B, Plus Or Minus 10%",6,uncertain,0.6,0.3,"while the projected underlying free cash flow of $1.4b suggests financial stability, the uncertainty of the 'plus or minus 10%' range introduces ambiguity that could lead to mixed investor reactions.",1,2019-02-12,TAP,2019-02-12 12:06:00+00:00,59248.0,60871R20,-0.0944002717733383,7651065.0,0.0082784537225961,0.00646748021245,0.002680962672457,-0.0096080107614398,0.0178810115903616,-0.0015227420954033,0.0032835456077009,-0.0126297390088439,0.004581881687045,0.0100228348746895,0.011239655315876,-0.0022727504838258,-0.0024162617046386,-0.0091577935963869,-0.0143710542470216,0.0195928178727626,0.0,0.0089575573801994,0.0011467839358374,0.0093530546873807,0.0090001514181494,-0.0038819874171167,0.0025948751717805,0.015933146700263,-0.0026054363697767,-0.0159888043999671,-0.002612242475152,0.0049921949394047,-0.0152234453707933,0.0075447903946042,-0.001994663150981,0.0297831036150455,-0.0098267849534749,0.0084884176030755,0.0109335193410515,-0.0187410209327936,0.0018302930984646,0.0011225094785913,0.0063112620264291,-0.0154720479622483,-0.0016504122177138,0.0076360092498362,0.0054554142989218,0.0304918140172958,0.0021374723874032,-0.0027791103348135,-0.0031173492316156,0.0266867447644472,-0.0162935797125101,-0.0021771437022835,0.0174000486731529,0.0317954085767269,-0.0223647523671388,0.0136626167222857,-0.0117746135219931,0.0165598336607217,0.0124255241826176,0.0039328071288764,-0.0031943279318511,-0.0106119960546493,-0.0003373327199369,0.0067664007656276,0.0064113559201359,0.0183136593550443,0.0120703671127557,-0.0063062789849936,-0.0036441511474549,-0.0303983520716428,-0.0051538050174713,-0.0091742910444736,0.0153743010014295,-0.0258009918034076,-0.0021395203657448,-0.0209674835205078,0.0026389551348984,-0.0230645202100276,-0.0203981194645166,-0.0189873538911342,-0.0025188531726598,0.0020612187217921,0.0112794302403926,0.0084745567291975,-0.0014982545981183,-0.0031877711880952,0.00783596560359,-0.0099415695294737,-0.0152192218229174,-0.0169097147881984,-0.0018478181445971,-0.0063203889876604,0.0333221703767776,-0.0192016419023275,-0.0039088218472898,0.0056257070973515,0.0019620491657406,0.0227025207132101,0.0200717952102422,-0.0180550143122673,0.0046392725780606,0.0113550024107098,0.0164013151079416,0.002923896536231,0.000783318770118,0.0137286260724067,0.0048528704792261,-0.0004677807737607,-0.0754012092947959,-0.0115598030388355,0.009604038670659,-0.022744420915842,0.0241989456117153,0.0254865866154432,-0.006354886572808,0.0007728462223894,-0.0147588998079299,-0.0009266032138839,-0.0149800516664981,0.0040316660888493,-0.0140250390395522,-0.0154198799282312,0.0082784537225961,0.00646748021245,0.0109816106204692,-0.0032026701684704,0.0290589845176163,-0.0047205354231906,0.0371684551469517,-0.0074411218099317,0.0324379465139255,0.0188620277807924,0.0083772311077863,0.1559957510965923,-0.0076098977042968,0.0042243520996323,2019-02-13,2019-02-14,2019-02-15,2019-02-19,2019-02-20,2019-02-21,2019-02-22,2019-02-25,2019-02-26,2019-02-27,59248.0,2019-02-12,252.0,-9.4400%,-0.0006,0.6498,-0.369,0.3543,1.8999%,2.0156%,11.1478%,-0.103244,TAP,59248.0,2019-02-13,252.0,0.8278%,-0.0007,0.6453,-0.3585,0.3579,1.8989%,2.0117%,10.9040%,0.006332,TAP,59248.0,2019-02-14,252.0,0.2681%,-0.0006,0.6434,-0.3538,0.3526,1.8996%,2.0118%,10.8441%,0.007876,TAP,59248.0,2019-02-15,252.0,1.7881%,-0.0008,0.6063,-0.386,0.2938,1.8708%,1.9750%,10.2719%,0.009703,TAP,59248.0,2019-02-19,252.0,0.3284%,-0.0008,0.6035,-0.3794,0.3016,1.8696%,1.9723%,10.1354%,0.00227,TAP,59248.0,2019-02-20,252.0,0.4582%,-0.0008,0.6046,-0.3762,0.3057,1.8697%,1.9725%,10.1490%,0.0025109999999999,TAP,59248.0,2019-02-21,252.0,1.1240%,-0.0007,0.595,-0.3926,0.2879,1.8688%,1.9698%,9.9936%,0.013817,TAP,59248.0,2019-02-22,252.0,-0.2416%,-0.0007,0.5945,-0.383,0.2911,1.8682%,1.9684%,9.9162%,8e-06,TAP,59248.0,2019-02-25,252.0,-1.4371%,-0.0007,0.5944,-0.3757,0.2944,1.8706%,1.9702%,9.8494%,-0.015835,TAP,59248.0,2019-02-26,252.0,0.0000%,-0.0007,0.5985,-0.3798,0.2954,1.8701%,1.9701%,9.8875%,-0.000582,TAP,59248.0,2019-02-27,252.0,0.1147%,-0.0006,0.6061,-0.3927,0.2967,1.8670%,1.9694%,10.1217%,0.001584,TAP,-0.096912,-0.089036,-0.079333,-0.074552,-0.07556
11195,MOLSON COORS BEVERAGE CO,"Molson Coors Brewing Q4 EPS $0.84 Beats $0.79 Estimate, Sales $2.42B Miss $2.55B Estimate",6,uncertain,0.6,0.3,"while the earnings per share (eps) beat estimates, the sales miss could lead to mixed investor reactions, making the overall impact on stock price uncertain.",1,2019-02-12,TAP,2019-02-12 12:05:00+00:00,59248.0,60871R20,-0.0944002717733383,7651065.0,0.0082784537225961,0.00646748021245,0.002680962672457,-0.0096080107614398,0.0178810115903616,-0.0015227420954033,0.0032835456077009,-0.0126297390088439,0.004581881687045,0.0100228348746895,0.011239655315876,-0.0022727504838258,-0.0024162617046386,-0.0091577935963869,-0.0143710542470216,0.0195928178727626,0.0,0.0089575573801994,0.0011467839358374,0.0093530546873807,0.0090001514181494,-0.0038819874171167,0.0025948751717805,0.015933146700263,-0.0026054363697767,-0.0159888043999671,-0.002612242475152,0.0049921949394047,-0.0152234453707933,0.0075447903946042,-0.001994663150981,0.0297831036150455,-0.0098267849534749,0.0084884176030755,0.0109335193410515,-0.0187410209327936,0.0018302930984646,0.0011225094785913,0.0063112620264291,-0.0154720479622483,-0.0016504122177138,0.0076360092498362,0.0054554142989218,0.0304918140172958,0.0021374723874032,-0.0027791103348135,-0.0031173492316156,0.0266867447644472,-0.0162935797125101,-0.0021771437022835,0.0174000486731529,0.0317954085767269,-0.0223647523671388,0.0136626167222857,-0.0117746135219931,0.0165598336607217,0.0124255241826176,0.0039328071288764,-0.0031943279318511,-0.0106119960546493,-0.0003373327199369,0.0067664007656276,0.0064113559201359,0.0183136593550443,0.0120703671127557,-0.0063062789849936,-0.0036441511474549,-0.0303983520716428,-0.0051538050174713,-0.0091742910444736,0.0153743010014295,-0.0258009918034076,-0.0021395203657448,-0.0209674835205078,0.0026389551348984,-0.0230645202100276,-0.0203981194645166,-0.0189873538911342,-0.0025188531726598,0.0020612187217921,0.0112794302403926,0.0084745567291975,-0.0014982545981183,-0.0031877711880952,0.00783596560359,-0.0099415695294737,-0.0152192218229174,-0.0169097147881984,-0.0018478181445971,-0.0063203889876604,0.0333221703767776,-0.0192016419023275,-0.0039088218472898,0.0056257070973515,0.0019620491657406,0.0227025207132101,0.0200717952102422,-0.0180550143122673,0.0046392725780606,0.0113550024107098,0.0164013151079416,0.002923896536231,0.000783318770118,0.0137286260724067,0.0048528704792261,-0.0004677807737607,-0.0754012092947959,-0.0115598030388355,0.009604038670659,-0.022744420915842,0.0241989456117153,0.0254865866154432,-0.006354886572808,0.0007728462223894,-0.0147588998079299,-0.0009266032138839,-0.0149800516664981,0.0040316660888493,-0.0140250390395522,-0.0154198799282312,0.0082784537225961,0.00646748021245,0.0109816106204692,-0.0032026701684704,0.0290589845176163,-0.0047205354231906,0.0371684551469517,-0.0074411218099317,0.0324379465139255,0.0188620277807924,0.0083772311077863,0.1559957510965923,-0.0076098977042968,0.0042243520996323,2019-02-13,2019-02-14,2019-02-15,2019-02-19,2019-02-20,2019-02-21,2019-02-22,2019-02-25,2019-02-26,2019-02-27,59248.0,2019-02-12,252.0,-9.4400%,-0.0006,0.6498,-0.369,0.3543,1.8999%,2.0156%,11.1478%,-0.103244,TAP,59248.0,2019-02-13,252.0,0.8278%,-0.0007,0.6453,-0.3585,0.3579,1.8989%,2.0117%,10.9040%,0.006332,TAP,59248.0,2019-02-14,252.0,0.2681%,-0.0006,0.6434,-0.3538,0.3526,1.8996%,2.0118%,10.8441%,0.007876,TAP,59248.0,2019-02-15,252.0,1.7881%,-0.0008,0.6063,-0.386,0.2938,1.8708%,1.9750%,10.2719%,0.009703,TAP,59248.0,2019-02-19,252.0,0.3284%,-0.0008,0.6035,-0.3794,0.3016,1.8696%,1.9723%,10.1354%,0.00227,TAP,59248.0,2019-02-20,252.0,0.4582%,-0.0008,0.6046,-0.3762,0.3057,1.8697%,1.9725%,10.1490%,0.0025109999999999,TAP,59248.0,2019-02-21,252.0,1.1240%,-0.0007,0.595,-0.3926,0.2879,1.8688%,1.9698%,9.9936%,0.013817,TAP,59248.0,2019-02-22,252.0,-0.2416%,-0.0007,0.5945,-0.383,0.2911,1.8682%,1.9684%,9.9162%,8e-06,TAP,59248.0,2019-02-25,252.0,-1.4371%,-0.0007,0.5944,-0.3757,0.2944,1.8706%,1.9702%,9.8494%,-0.015835,TAP,59248.0,2019-02-26,252.0,0.0000%,-0.0007,0.5985,-0.3798,0.2954,1.8701%,1.9701%,9.8875%,-0.000582,TAP,59248.0,2019-02-27,252.0,0.1147%,-0.0006,0.6061,-0.3927,0.2967,1.8670%,1.9694%,10.1217%,0.001584,TAP,-0.096912,-0.089036,-0.079333,-0.074552,-0.07556
11203,MOLSON COORS BEVERAGE CO,"Molson Coors Brewing Q4 EPS $0.84 Beats $0.79 Estimate, Sales $2.42B Miss $2.55B Estimate",6,uncertain,0.6,0.3,"while the earnings per share (eps) beat estimates, the sales miss could create mixed reactions among investors, leading to uncertainty in the stock price movement.",1,2019-02-12,TAP,2019-02-12 12:05:00+00:00,59248.0,60871R20,-0.0944002717733383,7651065.0,0.0082784537225961,0.00646748021245,0.002680962672457,-0.0096080107614398,0.0178810115903616,-0.0015227420954033,0.0032835456077009,-0.0126297390088439,0.004581881687045,0.0100228348746895,0.011239655315876,-0.0022727504838258,-0.0024162617046386,-0.0091577935963869,-0.0143710542470216,0.0195928178727626,0.0,0.0089575573801994,0.0011467839358374,0.0093530546873807,0.0090001514181494,-0.0038819874171167,0.0025948751717805,0.015933146700263,-0.0026054363697767,-0.0159888043999671,-0.002612242475152,0.0049921949394047,-0.0152234453707933,0.0075447903946042,-0.001994663150981,0.0297831036150455,-0.0098267849534749,0.0084884176030755,0.0109335193410515,-0.0187410209327936,0.0018302930984646,0.0011225094785913,0.0063112620264291,-0.0154720479622483,-0.0016504122177138,0.0076360092498362,0.0054554142989218,0.0304918140172958,0.0021374723874032,-0.0027791103348135,-0.0031173492316156,0.0266867447644472,-0.0162935797125101,-0.0021771437022835,0.0174000486731529,0.0317954085767269,-0.0223647523671388,0.0136626167222857,-0.0117746135219931,0.0165598336607217,0.0124255241826176,0.0039328071288764,-0.0031943279318511,-0.0106119960546493,-0.0003373327199369,0.0067664007656276,0.0064113559201359,0.0183136593550443,0.0120703671127557,-0.0063062789849936,-0.0036441511474549,-0.0303983520716428,-0.0051538050174713,-0.0091742910444736,0.0153743010014295,-0.0258009918034076,-0.0021395203657448,-0.0209674835205078,0.0026389551348984,-0.0230645202100276,-0.0203981194645166,-0.0189873538911342,-0.0025188531726598,0.0020612187217921,0.0112794302403926,0.0084745567291975,-0.0014982545981183,-0.0031877711880952,0.00783596560359,-0.0099415695294737,-0.0152192218229174,-0.0169097147881984,-0.0018478181445971,-0.0063203889876604,0.0333221703767776,-0.0192016419023275,-0.0039088218472898,0.0056257070973515,0.0019620491657406,0.0227025207132101,0.0200717952102422,-0.0180550143122673,0.0046392725780606,0.0113550024107098,0.0164013151079416,0.002923896536231,0.000783318770118,0.0137286260724067,0.0048528704792261,-0.0004677807737607,-0.0754012092947959,-0.0115598030388355,0.009604038670659,-0.022744420915842,0.0241989456117153,0.0254865866154432,-0.006354886572808,0.0007728462223894,-0.0147588998079299,-0.0009266032138839,-0.0149800516664981,0.0040316660888493,-0.0140250390395522,-0.0154198799282312,0.0082784537225961,0.00646748021245,0.0109816106204692,-0.0032026701684704,0.0290589845176163,-0.0047205354231906,0.0371684551469517,-0.0074411218099317,0.0324379465139255,0.0188620277807924,0.0083772311077863,0.1559957510965923,-0.0076098977042968,0.0042243520996323,2019-02-13,2019-02-14,2019-02-15,2019-02-19,2019-02-20,2019-02-21,2019-02-22,2019-02-25,2019-02-26,2019-02-27,59248.0,2019-02-12,252.0,-9.4400%,-0.0006,0.6498,-0.369,0.3543,1.8999%,2.0156%,11.1478%,-0.103244,TAP,59248.0,2019-02-13,252.0,0.8278%,-0.0007,0.6453,-0.3585,0.3579,1.8989%,2.0117%,10.9040%,0.006332,TAP,59248.0,2019-02-14,252.0,0.2681%,-0.0006,0.6434,-0.3538,0.3526,1.8996%,2.0118%,10.8441%,0.007876,TAP,59248.0,2019-02-15,252.0,1.7881%,-0.0008,0.6063,-0.386,0.2938,1.8708%,1.9750%,10.2719%,0.009703,TAP,59248.0,2019-02-19,252.0,0.3284%,-0.0008,0.6035,-0.3794,0.3016,1.8696%,1.9723%,10.1354%,0.00227,TAP,59248.0,2019-02-20,252.0,0.4582%,-0.0008,0.6046,-0.3762,0.3057,1.8697%,1.9725%,10.1490%,0.0025109999999999,TAP,59248.0,2019-02-21,252.0,1.1240%,-0.0007,0.595,-0.3926,0.2879,1.8688%,1.9698%,9.9936%,0.013817,TAP,59248.0,2019-02-22,252.0,-0.2416%,-0.0007,0.5945,-0.383,0.2911,1.8682%,1.9684%,9.9162%,8e-06,TAP,59248.0,2019-02-25,252.0,-1.4371%,-0.0007,0.5944,-0.3757,0.2944,1.8706%,1.9702%,9.8494%,-0.015835,TAP,59248.0,2019-02-26,252.0,0.0000%,-0.0007,0.5985,-0.3798,0.2954,1.8701%,1.9701%,9.8875%,-0.000582,TAP,59248.0,2019-02-27,252.0,0.1147%,-0.0006,0.6061,-0.3927,0.2967,1.8670%,1.9694%,10.1217%,0.001584,TAP,-0.096912,-0.089036,-0.079333,-0.074552,-0.07556
11211,MOLSON COORS BEVERAGE CO,"Molson Coors Says Previously Issued Consolidated Financial Statements For Yrs Ended Dec 31, 2017 And Dec 31, 2016 Should Be Restated",6,decrease,0.8,0.7,"restating financial statements typically raises concerns about the company's financial integrity and can lead to a loss of investor confidence, likely resulting in a decrease in stock price.",0,2019-02-12,TAP,2019-02-12 12:02:00+00:00,59248.0,60871R20,-0.0944002717733383,7651065.0,0.0082784537225961,0.00646748021245,0.002680962672457,-0.0096080107614398,0.0178810115903616,-0.0015227420954033,0.0032835456077009,-0.0126297390088439,0.004581881687045,0.0100228348746895,0.011239655315876,-0.0022727504838258,-0.0024162617046386,-0.0091577935963869,-0.0143710542470216,0.0195928178727626,0.0,0.0089575573801994,0.0011467839358374,0.0093530546873807,0.0090001514181494,-0.0038819874171167,0.0025948751717805,0.015933146700263,-0.0026054363697767,-0.0159888043999671,-0.002612242475152,0.0049921949394047,-0.0152234453707933,0.0075447903946042,-0.001994663150981,0.0297831036150455,-0.0098267849534749,0.0084884176030755,0.0109335193410515,-0.0187410209327936,0.0018302930984646,0.0011225094785913,0.0063112620264291,-0.0154720479622483,-0.0016504122177138,0.0076360092498362,0.0054554142989218,0.0304918140172958,0.0021374723874032,-0.0027791103348135,-0.0031173492316156,0.0266867447644472,-0.0162935797125101,-0.0021771437022835,0.0174000486731529,0.0317954085767269,-0.0223647523671388,0.0136626167222857,-0.0117746135219931,0.0165598336607217,0.0124255241826176,0.0039328071288764,-0.0031943279318511,-0.0106119960546493,-0.0003373327199369,0.0067664007656276,0.0064113559201359,0.0183136593550443,0.0120703671127557,-0.0063062789849936,-0.0036441511474549,-0.0303983520716428,-0.0051538050174713,-0.0091742910444736,0.0153743010014295,-0.0258009918034076,-0.0021395203657448,-0.0209674835205078,0.0026389551348984,-0.0230645202100276,-0.0203981194645166,-0.0189873538911342,-0.0025188531726598,0.0020612187217921,0.0112794302403926,0.0084745567291975,-0.0014982545981183,-0.0031877711880952,0.00783596560359,-0.0099415695294737,-0.0152192218229174,-0.0169097147881984,-0.0018478181445971,-0.0063203889876604,0.0333221703767776,-0.0192016419023275,-0.0039088218472898,0.0056257070973515,0.0019620491657406,0.0227025207132101,0.0200717952102422,-0.0180550143122673,0.0046392725780606,0.0113550024107098,0.0164013151079416,0.002923896536231,0.000783318770118,0.0137286260724067,0.0048528704792261,-0.0004677807737607,-0.0754012092947959,-0.0115598030388355,0.009604038670659,-0.022744420915842,0.0241989456117153,0.0254865866154432,-0.006354886572808,0.0007728462223894,-0.0147588998079299,-0.0009266032138839,-0.0149800516664981,0.0040316660888493,-0.0140250390395522,-0.0154198799282312,0.0082784537225961,0.00646748021245,0.0109816106204692,-0.0032026701684704,0.0290589845176163,-0.0047205354231906,0.0371684551469517,-0.0074411218099317,0.0324379465139255,0.0188620277807924,0.0083772311077863,0.1559957510965923,-0.0076098977042968,0.0042243520996323,2019-02-13,2019-02-14,2019-02-15,2019-02-19,2019-02-20,2019-02-21,2019-02-22,2019-02-25,2019-02-26,2019-02-27,59248.0,2019-02-12,252.0,-9.4400%,-0.0006,0.6498,-0.369,0.3543,1.8999%,2.0156%,11.1478%,-0.103244,TAP,59248.0,2019-02-13,252.0,0.8278%,-0.0007,0.6453,-0.3585,0.3579,1.8989%,2.0117%,10.9040%,0.006332,TAP,59248.0,2019-02-14,252.0,0.2681%,-0.0006,0.6434,-0.3538,0.3526,1.8996%,2.0118%,10.8441%,0.007876,TAP,59248.0,2019-02-15,252.0,1.7881%,-0.0008,0.6063,-0.386,0.2938,1.8708%,1.9750%,10.2719%,0.009703,TAP,59248.0,2019-02-19,252.0,0.3284%,-0.0008,0.6035,-0.3794,0.3016,1.8696%,1.9723%,10.1354%,0.00227,TAP,59248.0,2019-02-20,252.0,0.4582%,-0.0008,0.6046,-0.3762,0.3057,1.8697%,1.9725%,10.1490%,0.0025109999999999,TAP,59248.0,2019-02-21,252.0,1.1240%,-0.0007,0.595,-0.3926,0.2879,1.8688%,1.9698%,9.9936%,0.013817,TAP,59248.0,2019-02-22,252.0,-0.2416%,-0.0007,0.5945,-0.383,0.2911,1.8682%,1.9684%,9.9162%,8e-06,TAP,59248.0,2019-02-25,252.0,-1.4371%,-0.0007,0.5944,-0.3757,0.2944,1.8706%,1.9702%,9.8494%,-0.015835,TAP,59248.0,2019-02-26,252.0,0.0000%,-0.0007,0.5985,-0.3798,0.2954,1.8701%,1.9701%,9.8875%,-0.000582,TAP,59248.0,2019-02-27,252.0,0.1147%,-0.0006,0.6061,-0.3927,0.2967,1.8670%,1.9694%,10.1217%,0.001584,TAP,-0.096912,-0.089036,-0.079333,-0.074552,-0.07556
11219,MOLSON COORS BEVERAGE CO,"Molson Coors Says Previously Issued Consolidated Financial Statements For Yrs Ended Dec 31, 2017 And Dec 31, 2016 Should Be Restated",6,decrease,0.8,0.7,"restating financial statements typically raises concerns about the company's financial health and transparency, which can lead to a decrease in investor confidence and stock price.",0,2019-02-12,TAP,2019-02-12 12:02:00+00:00,59248.0,60871R20,-0.0944002717733383,7651065.0,0.0082784537225961,0.00646748021245,0.002680962672457,-0.0096080107614398,0.0178810115903616,-0.0015227420954033,0.0032835456077009,-0.0126297390088439,0.004581881687045,0.0100228348746895,0.011239655315876,-0.0022727504838258,-0.0024162617046386,-0.0091577935963869,-0.0143710542470216,0.0195928178727626,0.0,0.0089575573801994,0.0011467839358374,0.0093530546873807,0.0090001514181494,-0.0038819874171167,0.0025948751717805,0.015933146700263,-0.0026054363697767,-0.0159888043999671,-0.002612242475152,0.0049921949394047,-0.0152234453707933,0.0075447903946042,-0.001994663150981,0.0297831036150455,-0.0098267849534749,0.0084884176030755,0.0109335193410515,-0.0187410209327936,0.0018302930984646,0.0011225094785913,0.0063112620264291,-0.0154720479622483,-0.0016504122177138,0.0076360092498362,0.0054554142989218,0.0304918140172958,0.0021374723874032,-0.0027791103348135,-0.0031173492316156,0.0266867447644472,-0.0162935797125101,-0.0021771437022835,0.0174000486731529,0.0317954085767269,-0.0223647523671388,0.0136626167222857,-0.0117746135219931,0.0165598336607217,0.0124255241826176,0.0039328071288764,-0.0031943279318511,-0.0106119960546493,-0.0003373327199369,0.0067664007656276,0.0064113559201359,0.0183136593550443,0.0120703671127557,-0.0063062789849936,-0.0036441511474549,-0.0303983520716428,-0.0051538050174713,-0.0091742910444736,0.0153743010014295,-0.0258009918034076,-0.0021395203657448,-0.0209674835205078,0.0026389551348984,-0.0230645202100276,-0.0203981194645166,-0.0189873538911342,-0.0025188531726598,0.0020612187217921,0.0112794302403926,0.0084745567291975,-0.0014982545981183,-0.0031877711880952,0.00783596560359,-0.0099415695294737,-0.0152192218229174,-0.0169097147881984,-0.0018478181445971,-0.0063203889876604,0.0333221703767776,-0.0192016419023275,-0.0039088218472898,0.0056257070973515,0.0019620491657406,0.0227025207132101,0.0200717952102422,-0.0180550143122673,0.0046392725780606,0.0113550024107098,0.0164013151079416,0.002923896536231,0.000783318770118,0.0137286260724067,0.0048528704792261,-0.0004677807737607,-0.0754012092947959,-0.0115598030388355,0.009604038670659,-0.022744420915842,0.0241989456117153,0.0254865866154432,-0.006354886572808,0.0007728462223894,-0.0147588998079299,-0.0009266032138839,-0.0149800516664981,0.0040316660888493,-0.0140250390395522,-0.0154198799282312,0.0082784537225961,0.00646748021245,0.0109816106204692,-0.0032026701684704,0.0290589845176163,-0.0047205354231906,0.0371684551469517,-0.0074411218099317,0.0324379465139255,0.0188620277807924,0.0083772311077863,0.1559957510965923,-0.0076098977042968,0.0042243520996323,2019-02-13,2019-02-14,2019-02-15,2019-02-19,2019-02-20,2019-02-21,2019-02-22,2019-02-25,2019-02-26,2019-02-27,59248.0,2019-02-12,252.0,-9.4400%,-0.0006,0.6498,-0.369,0.3543,1.8999%,2.0156%,11.1478%,-0.103244,TAP,59248.0,2019-02-13,252.0,0.8278%,-0.0007,0.6453,-0.3585,0.3579,1.8989%,2.0117%,10.9040%,0.006332,TAP,59248.0,2019-02-14,252.0,0.2681%,-0.0006,0.6434,-0.3538,0.3526,1.8996%,2.0118%,10.8441%,0.007876,TAP,59248.0,2019-02-15,252.0,1.7881%,-0.0008,0.6063,-0.386,0.2938,1.8708%,1.9750%,10.2719%,0.009703,TAP,59248.0,2019-02-19,252.0,0.3284%,-0.0008,0.6035,-0.3794,0.3016,1.8696%,1.9723%,10.1354%,0.00227,TAP,59248.0,2019-02-20,252.0,0.4582%,-0.0008,0.6046,-0.3762,0.3057,1.8697%,1.9725%,10.1490%,0.0025109999999999,TAP,59248.0,2019-02-21,252.0,1.1240%,-0.0007,0.595,-0.3926,0.2879,1.8688%,1.9698%,9.9936%,0.013817,TAP,59248.0,2019-02-22,252.0,-0.2416%,-0.0007,0.5945,-0.383,0.2911,1.8682%,1.9684%,9.9162%,8e-06,TAP,59248.0,2019-02-25,252.0,-1.4371%,-0.0007,0.5944,-0.3757,0.2944,1.8706%,1.9702%,9.8494%,-0.015835,TAP,59248.0,2019-02-26,252.0,0.0000%,-0.0007,0.5985,-0.3798,0.2954,1.8701%,1.9701%,9.8875%,-0.000582,TAP,59248.0,2019-02-27,252.0,0.1147%,-0.0006,0.6061,-0.3927,0.2967,1.8670%,1.9694%,10.1217%,0.001584,TAP,-0.096912,-0.089036,-0.079333,-0.074552,-0.07556
11227,TRINET GROUP INC,William Blair Upgrades Trinet Group to Outperform,6,increase,0.8,0.7,"upgrades from reputable firms like william blair typically signal positive sentiment and can lead to increased investor interest, likely driving the stock price up.",2,2019-02-12,TNET,2019-02-12 12:18:00+00:00,14521.0,89628810,0.0290598422288894,488987.0,0.0107973515987396,0.0180552098900079,0.0174609385430812,0.009664012119174,0.2309711873531342,-0.0170552879571914,0.0075446791015565,0.0043365298770368,-0.0045580137521028,-0.013897830620408,0.0068683265708386,-0.002984425285831,0.010394662618637,0.0273762587457895,0.0065905777737498,0.002194874221459,-0.0043117287568748,0.0224416516721248,0.0006415544194169,-0.0022391059901565,-0.0176310054957866,-0.0139103783294558,0.0071789626963436,0.0177528299391269,-0.006317825987935,-0.0020183932501822,-0.0079882899299263,-0.0042429352179169,-0.0161051694303751,-0.0138736199587583,0.0076833623461425,0.0093353670090436,-0.0094480933621525,0.0169529821723699,0.0162316132336854,0.0128205437213182,0.0034579134080559,0.014869874343276,0.0041023958474397,-0.0023179990239441,0.0034319807309657,-0.0057616964913904,0.0048859808593988,-0.003216158831492,0.0006483130273409,0.0053117680363357,0.0092322593554854,0.0401152558624744,-0.012999540194869,-0.0092812804505229,0.004878036212176,0.0568411014974117,-0.0453074313700199,-0.0297706499695777,-0.0142372911795973,-0.0231227930635213,0.0213205236941576,0.0182038825005292,-0.0129629699513316,-0.0038684681057929,0.012109825387597,-0.0060081710107624,0.0067408415488898,0.0568961575627327,0.008536965586245,-0.0172242242842912,0.0024896517861634,-0.0137862525880336,0.0046357414685189,0.0029629366472363,-0.0088991578668355,-0.0259740687906742,0.0091453148052096,0.0109409373253583,-0.0009885905310511,-0.0237360540777444,-0.0117104221135377,-0.0063679348677396,0.0178572013974189,-0.0123456502333283,0.0098376525565981,0.0141743076965212,0.0045461729168891,0.0002363453822908,0.00614192802459,0.0102649871259927,-0.0056224656291306,-0.0323400683701038,-0.0247173272073268,0.0116849727928638,-0.0066257696598768,-0.0734083876013755,0.0171752329915761,0.0058810818009078,0.0195081736892461,0.0224943943321704,-0.0032159020192921,-0.0209332555532455,-0.0188740435987711,0.0581449121236801,0.0133180106058716,-0.0084648579359054,0.0019470863044261,0.0069108325988054,0.0095546580851078,-0.012960429303348,0.0221366863697767,0.017113734036684,-0.0094162318855524,-0.02260397747159,0.0297845546156168,-0.0116174407303333,-0.0009230393916368,-0.0042269728146493,-0.0252541285008192,0.0114761963486671,-0.011216415092349,-0.0051488592289388,0.0017574790399521,-0.0079946843907237,0.0107973515987396,0.0180552098900079,0.0284468220345144,0.0278937077763732,0.2659884056493837,0.0103626846008619,0.2697259535931693,0.0006414102138192,0.2954734176085356,0.047917585609678,0.2174003618910542,0.1315280083398105,0.3019103209470846,0.0393071391229928,2019-02-13,2019-02-14,2019-02-15,2019-02-19,2019-02-20,2019-02-21,2019-02-22,2019-02-25,2019-02-26,2019-02-27,14521.0,2019-02-12,252.0,2.9060%,0.0005,1.0572,0.5782,-0.1636,1.6223%,2.0367%,36.5578%,0.0143959999999999,TNET,14521.0,2019-02-13,252.0,1.0797%,0.0005,1.0488,0.5954,-0.1588,1.6176%,2.0273%,36.3383%,0.0075049999999999,TNET,14521.0,2019-02-14,252.0,1.7461%,0.0005,1.0455,0.6037,-0.1686,1.6200%,2.0300%,36.3114%,0.0155459999999999,TNET,14521.0,2019-02-15,252.0,23.0971%,0.0015,1.1999,0.7659,0.1131,2.1139%,2.4939%,28.1548%,0.218356,TNET,14521.0,2019-02-19,252.0,0.7545%,0.0016,1.2057,0.7587,0.1044,2.1108%,2.4939%,28.3636%,0.002604,TNET,14521.0,2019-02-20,252.0,-0.4558%,0.0015,1.2022,0.7481,0.091,2.1116%,2.4936%,28.2950%,-0.009192,TNET,14521.0,2019-02-21,252.0,0.6868%,0.0016,1.1974,0.7406,0.0822,2.1121%,2.4914%,28.1294%,0.011949,TNET,14521.0,2019-02-22,252.0,1.0395%,0.0016,1.198,0.7317,0.0813,2.1118%,2.4916%,28.1637%,-0.000354,TNET,14521.0,2019-02-25,252.0,0.6591%,0.0016,1.1977,0.7289,0.0787,2.1120%,2.4918%,28.1571%,0.006742,TNET,14521.0,2019-02-26,252.0,-0.4312%,0.0016,1.2008,0.7247,0.0789,2.1117%,2.4913%,28.1476%,0.002429,TNET,14521.0,2019-02-27,252.0,0.0642%,0.0016,1.205,0.7162,0.0796,2.1110%,2.4913%,28.2018%,-0.001821,TNET,0.0219009999999999,0.0374469999999999,0.255803,0.249215,0.26816
11235,TRIPADVISOR INC,"TripAdvisor Q4 EPS $0.27 Misses $0.30 Estimate, Sales $346M Beat $342.83M Estimate",6,decrease,0.7,0.5,"the earnings per share (eps) missed expectations, which is likely to negatively impact investor sentiment despite the sales beat.",0,2019-02-12,TRIP,2019-02-12 21:05:00+00:00,13168.0,89694520,0.0142760910093784,4855997.0,-0.0571286752820015,0.0057432455942034,0.0144011192023754,0.0090336222201585,-0.0164473168551921,-0.00928745418787,-0.0066889817826449,-0.0121768061071634,-0.0182526800781488,0.0404373817145824,-0.0184115599840879,0.0,0.0102978581562638,0.0041826046071946,-0.0322169736027717,0.0047277263365685,0.0013165979180485,0.0136670293286442,0.0167167428880929,-0.0079239439219236,-0.0177351348102092,-0.0076882513239979,-0.0118487356230616,0.0095255058258771,0.003045295830816,0.0199711546301841,-0.007210646290332,0.0048815845511853,-0.0319189243018627,-0.0631774961948394,0.0078972894698381,0.0100940996780991,-0.0027423975989222,0.0272407587617635,0.0176782850176096,0.0026431987062096,-0.0098437005653977,0.0177546925842762,0.0161793734878301,-0.004641237668693,-0.0080568194389343,-0.026754705235362,-0.0023206137120723,-0.0048409192822873,-0.0052335811778903,0.011719468049705,-0.0031176898628473,0.0349383875727653,0.0121188219636678,0.0244807787239551,0.010621921159327,0.0564262792468071,-0.0301930401474237,-0.0586499497294426,0.0005911089247092,0.0051910011097788,0.0027569790836423,0.007282902020961,-0.004516880493611,-0.0105321453884244,0.0106530068442225,0.0081966957077384,0.0042943824082612,0.040108498185873,0.0250729043036699,-0.0165777243673801,-0.0034129749983549,-0.0459916181862354,0.0184550490230321,-0.0292923934757709,0.0031758265104144,-0.0225940216332674,-0.0148975644260644,0.0046785734593868,-0.0130435237661004,-0.0492586754262447,0.0155142955482006,-0.0112395929172635,0.0066012535244226,-0.0187020767480135,0.0095559703186154,0.0124615710228681,-0.0239421091973781,0.0114585161209106,-0.0032325913198292,-0.008440195582807,-0.0036245447117835,-0.0355353839695453,-0.0275703351944685,0.0104397311806678,0.0183106958866119,-0.0212106388062238,0.0027068713679909,0.0082734748721122,0.0337446965277195,0.0081837680190801,-0.0104458378627896,0.0034744350705295,-0.0035815010778605,0.0231055151671171,0.0100264614447951,0.0111093008890748,-0.0001872695575002,0.0436487197875976,-0.0028100698255002,-0.0124599738046526,-0.0185984950512647,0.0107215978205204,0.0038284254260361,-0.034664049744606,0.0503433123230934,-0.0439767427742481,0.0206971559673547,0.0074366675689816,-0.0227677430957555,0.030154887586832,-0.1141245141625404,-0.0277337562292814,0.0032875214237719,0.0068613421171903,-0.0571286752820014,0.0057432455942034,-0.043550272942236,0.0148287501253776,-0.0592813046592171,0.0054035746000549,-0.0826295381838387,0.0333217994692169,-0.1036595180859761,0.0484240177088555,-0.1606226316097986,0.1001478634541974,-0.1914223827617107,-0.049944104731184,2019-02-13,2019-02-14,2019-02-15,2019-02-19,2019-02-20,2019-02-21,2019-02-22,2019-02-25,2019-02-26,2019-02-27,13168.0,2019-02-12,252.0,1.4276%,0.0017,1.3384,0.3698,-0.1408,2.5096%,2.9182%,26.0397%,-0.003947,TRIP,13168.0,2019-02-13,252.0,-5.7129%,0.0016,1.3447,0.3337,-0.1624,2.5314%,2.9399%,25.8623%,-0.0610989999999999,TRIP,13168.0,2019-02-14,252.0,1.4401%,0.0015,1.3383,0.3388,-0.1623,2.5120%,2.9200%,25.9893%,0.014448,TRIP,13168.0,2019-02-15,252.0,-1.6447%,0.0013,1.317,0.3161,-0.2017,2.5206%,2.9197%,25.4714%,-0.031738,TRIP,13168.0,2019-02-19,252.0,-0.6689%,0.0012,1.3075,0.3196,-0.1969,2.5172%,2.9095%,25.1441%,-0.009603,TRIP,13168.0,2019-02-20,252.0,-1.8253%,0.001,1.2996,0.2938,-0.2269,2.5179%,2.9093%,25.0977%,-0.020457,TRIP,13168.0,2019-02-21,252.0,-1.8412%,0.001,1.3002,0.2917,-0.2257,2.5192%,2.9101%,25.0599%,-0.0140189999999999,TRIP,13168.0,2019-02-22,252.0,1.0298%,0.001,1.3006,0.296,-0.217,2.5192%,2.9102%,25.0643%,-0.003176,TRIP,13168.0,2019-02-25,252.0,-3.2217%,0.0009,1.2986,0.3111,-0.2168,2.5259%,2.9156%,24.9474%,-0.033889,TRIP,13168.0,2019-02-26,252.0,0.1317%,0.001,1.3005,0.3041,-0.2189,2.5258%,2.9142%,24.8793%,0.00457,TRIP,13168.0,2019-02-27,252.0,1.6717%,0.0011,1.3161,0.2804,-0.2163,2.5179%,2.9127%,25.2722%,0.014606,TRIP,-0.0650459999999999,-0.0505979999999999,-0.0823359999999999,-0.112396,-0.144304
11243,TRIMBLE INC,"Trimble Reports Launch Of New Division, Trimble MAPS",6,increase,0.7,0.6,"the launch of a new division, trimble maps, suggests potential for growth and innovation, which could positively impact investor sentiment and stock price.",2,2019-02-12,TRMB,2019-02-12 14:10:00+00:00,76230.0,89623910,0.009582981467247,1036509.0,0.0007695941603742,0.0112624494358897,-0.0051268124952912,-0.003133131423965,0.0103065622970461,-0.0144107397645711,0.0045906733721494,0.0135628702118992,0.0149784246459603,0.0100105656310915,-0.0015007847687229,0.0013188930461183,0.0020040539093315,0.0066383429802954,0.0137499812990427,0.0115498341619968,-0.0113439969718456,0.0273178201168775,0.003242730628699,0.0111607564613223,-0.0052213547751307,-0.0370768681168556,0.0114971986040473,0.0138927306979894,-0.0054361554794013,0.0285794474184513,-0.0064595858566462,0.0036557156126946,-0.0150038078427314,-0.0281497333198785,-0.0258949100971221,0.026079649105668,-0.0059942547231912,0.0139323770999908,0.016255872324109,0.0045701186172664,0.0036120540462434,-0.0096181090921163,0.0174807272851467,0.0039761257357895,0.0050529795698821,-0.0025495793670415,-0.0005027767037972,0.0279557108879089,0.0098089342936873,0.0214158613234758,0.0042340764775872,0.0287637282162904,-0.0022321466822177,0.0180685929954052,0.0136713711544871,0.037827294319868,-0.0331044271588325,-0.0474284216761589,0.0005072396015748,-0.0133697548881173,0.0172370169311761,0.030369421467185,-0.0069773881696164,-0.0040536066517233,0.0110414670780301,0.0187420640140771,0.0027302210219204,0.0437665693461895,0.0143563859164714,-0.0111475456506013,-0.0070766452699899,-0.0354206450283527,0.0039321663789451,-0.0264777932316064,-0.0070990724489092,-0.0181379150599241,-0.0014793237205594,-0.0140088647603988,0.0083950655534863,-0.0300665199756622,-0.0195886194705963,-0.0091664195060729,0.0049950238317251,-0.009364410303533,0.0114313885569572,0.0037026791833341,0.0071253296919167,-0.0151472901925444,-0.0014638050924986,0.0045083076693117,0.0100170988589525,-0.0387323014438152,-0.0079826274886727,-0.0037777442485094,0.0031699847895652,-0.055555559694767,-0.0145843094214797,0.0318170636892318,0.0140601797029376,0.0168448463082313,-0.0009730215533636,-0.0095338141545653,-0.018748490139842,0.0227519012987613,0.0081886313855648,-0.0069930641911923,-0.0044302311725914,0.0217092856764793,0.0091470684856176,0.0091513590887188,-0.0088192215189337,0.0157746858894825,0.0410281717777252,0.0151558127254247,0.0292022693902254,-0.0160382576286792,-0.0106112826615572,-0.0055959918536245,-0.005595660302788,0.0078962948173284,-0.0107855303213,-0.0128062115982174,-0.001422080094926,0.0002784272364806,0.0007695941603742,0.0112624494358897,-0.0043611638998747,0.0080940312776862,0.0059004497897496,-0.0064333494652739,0.0256541810644785,0.0171233287605048,0.0318112285594718,0.0772879587788659,0.0223191110835292,0.2039289396860419,0.0808107121732892,0.0751879977607543,2019-02-13,2019-02-14,2019-02-15,2019-02-19,2019-02-20,2019-02-21,2019-02-22,2019-02-25,2019-02-26,2019-02-27,76230.0,2019-02-12,252.0,0.9583%,-0.0003,1.2117,0.1803,-0.5744,1.4523%,2.0765%,51.0859%,-0.00773,TRMB,76230.0,2019-02-13,252.0,0.0770%,-0.0005,1.1958,0.2062,-0.5703,1.4365%,2.0519%,50.9892%,-0.002429,TRMB,76230.0,2019-02-14,252.0,-0.5127%,-0.0004,1.1989,0.2035,-0.5699,1.4297%,2.0489%,51.3102%,-0.007096,TRMB,76230.0,2019-02-15,252.0,1.0307%,-0.0004,1.1958,0.2006,-0.575,1.4295%,2.0465%,51.2051%,-0.001114,TRMB,76230.0,2019-02-19,252.0,0.4591%,-0.0003,1.2036,0.193,-0.5843,1.4226%,2.0464%,51.6731%,0.003362,TRMB,76230.0,2019-02-20,252.0,1.4978%,-0.0002,1.2088,0.2081,-0.565,1.4250%,2.0478%,51.5754%,0.01538,TRMB,76230.0,2019-02-21,252.0,-0.1501%,-0.0002,1.2062,0.2033,-0.5697,1.4246%,2.0461%,51.5264%,0.001718,TRMB,76230.0,2019-02-22,252.0,0.2004%,-0.0002,1.2078,0.2168,-0.5387,1.4256%,2.0431%,51.3148%,-0.015429,TRMB,76230.0,2019-02-25,252.0,1.3750%,-0.0001,1.2071,0.2104,-0.5444,1.4271%,2.0447%,51.2883%,0.011432,TRMB,76230.0,2019-02-26,252.0,-1.1344%,-0.0001,1.2126,0.2188,-0.536,1.4280%,2.0446%,51.2206%,-0.009962,TRMB,76230.0,2019-02-27,252.0,0.3243%,-0.0002,1.212,0.2203,-0.5361,1.4280%,2.0428%,51.1352%,0.000992,TRMB,-0.010159,-0.017255,-0.018369,0.000373,-0.010876
11251,TRONOX HOLDINGS PLC,Tronox shares are trading higher after the FTC staff filed a joint motion requesting a delay of remaining appeals deadline to resolve competitive concerns over Tronox's pending acquisition of  The National Titanium Dioxide Company Limited.,6,increase,0.7,0.6,"the request for a delay in the appeals process suggests that regulatory concerns may be addressed, which could facilitate the acquisition and positively impact tronox's stock price.",2,2019-02-12,TROX,2019-02-12 14:58:00+00:00,13452.0,G9087Q10,0.1838565319776535,4772432.0,0.0142045086249709,-0.0088888807222247,0.0084033757448196,0.0033444517757743,0.0166666060686111,-0.0228758212178945,0.0100182713940739,-0.0202774368226528,0.0243462119251489,0.0,-0.0008802179363556,0.0206971205770969,0.0678413659334182,0.047945212572813,-0.0099009806290268,-0.0090497648343443,-0.0358333587646484,0.0279069487005472,0.0388937592506408,-0.0282485857605934,-0.015807032585144,-0.0122767472639679,-0.0169061552733182,0.0263459924608469,0.0085984030738472,-0.0022857666481286,-0.0153452139347791,0.0034403363242745,-0.0051948414184153,-0.0311110820621252,0.0452567860484123,0.0,0.0070774322375655,0.002227222546935,0.0182572826743125,-0.0175055582076311,-0.0138549366965889,-0.0021833518985658,-0.0165289882570505,-0.0368034057319164,-0.0126050105318427,0.0063492506742477,0.0102127557620406,-0.0031645288690924,0.0168491844087839,0.0106609193608164,0.0521955378353595,0.0353200547397136,0.0157480165362358,0.0342465974390506,0.0069767562672495,0.0735294595360755,-0.0500384643673896,-0.0180506091564893,0.0218800250440836,0.0681234151124954,-0.006344165187329,-0.0012836651876568,0.020750219002366,-0.0114213386550545,-0.0062548806890845,0.0154639026150107,0.0346183776855468,0.0853147059679031,0.0311787687242031,-0.0110649960115551,-0.0235988665372133,-0.0095890639349818,0.0037764494773,-0.0148447584360837,0.0165538191795349,-0.004032286349684,0.0007402093615382,0.0191780626773834,-0.0096153924241662,-0.0253671016544103,-0.0291262380778789,-0.0347938723862171,0.0769230797886848,0.002584038535133,0.0199999809265136,0.0886075422167778,0.0280112456530332,0.00851062964648,0.0367847383022308,-0.0342465750873088,-0.0039422088302671,-0.0507151968777179,-0.0125329541042447,-0.2317682504653931,0.0040079802274703,-0.083333320915699,0.0113107170909643,0.0321361199021339,0.0052631529979407,-0.0075046834535896,-0.0104711940512061,0.0075614294037222,-0.019841281697154,-0.015813959762454,0.0053981058299541,-0.015567772090435,-0.0161073673516511,0.0073800664395093,-0.0354706346988678,-0.017599256709218,-0.0643564909696579,0.0482497848570346,-0.0219198763370513,-0.0047081159427762,0.0340031348168849,-0.0301369801163673,-0.0440956763923168,-0.0625000372529029,-0.0609851256012916,0.0138888750225305,-0.0049958718009293,0.0078740287572145,-0.0376568883657455,-0.0129533354192972,0.0142045086249709,-0.0088888807222247,0.0227272501930366,-0.0055741573793663,0.0397726423876378,-0.0283224651696101,0.0757574997954715,-0.0480255949941244,0.1382575774740269,0.0079095679709042,0.2156972504973673,0.1319796838635034,0.0930819779284237,-0.2265086746743355,2019-02-13,2019-02-14,2019-02-15,2019-02-19,2019-02-20,2019-02-21,2019-02-22,2019-02-25,2019-02-26,2019-02-27,13452.0,2019-02-12,252.0,18.3857%,-0.0017,1.7212,1.5197,1.216,3.1072%,3.5886%,25.0266%,0.1631629999999999,TROX,13452.0,2019-02-13,252.0,1.4205%,-0.0017,1.7218,1.5226,1.2187,3.1078%,3.5887%,25.0091%,0.007522,TROX,13452.0,2019-02-14,252.0,0.8403%,-0.0017,1.7187,1.5295,1.2112,3.1088%,3.5892%,24.9784%,0.011071,TROX,13452.0,2019-02-15,252.0,1.6667%,-0.0017,1.714,1.5241,1.202,3.1095%,3.5850%,24.7694%,-0.012493,TROX,13452.0,2019-02-19,252.0,1.0018%,-0.0018,1.7072,1.534,1.2138,3.1063%,3.5797%,24.6967%,-0.001364,TROX,13452.0,2019-02-20,252.0,2.4346%,-0.0018,1.7101,1.5375,1.2233,3.1071%,3.5822%,24.7686%,0.010952,TROX,13452.0,2019-02-21,252.0,-0.0880%,-0.0017,1.7095,1.5388,1.2222,3.1077%,3.5812%,24.6979%,0.009237,TROX,13452.0,2019-02-22,252.0,6.7841%,-0.0015,1.6997,1.5522,1.1176,3.1363%,3.6074%,24.4166%,0.066133,TROX,13452.0,2019-02-25,252.0,-0.9901%,-0.0016,1.7008,1.5556,1.1231,3.1360%,3.6077%,24.4423%,-0.006503,TROX,13452.0,2019-02-26,252.0,-3.5833%,-0.0016,1.7087,1.5729,1.1379,3.1377%,3.6134%,24.5994%,-0.01955,TROX,13452.0,2019-02-27,252.0,3.8894%,-0.0013,1.7232,1.5582,1.1404,3.1404%,3.6202%,24.7504%,0.035633,TROX,0.1706849999999999,0.1817559999999999,0.1692629999999999,0.1788509999999999,0.2638009999999999
11259,TRONOX HOLDINGS PLC,Tronox Confirms FTC Staff Filed Joint Motion Requesting Delay Of Remaining Appeals Deadline,6,uncertain,0.5,0.5,"the news about the ftc staff filing a joint motion for a delay in appeals could have mixed implications for tronox holdings plc, leading to uncertainty in its stock price movement.",1,2019-02-12,TROX,2019-02-12 13:33:00+00:00,13452.0,G9087Q10,0.1838565319776535,4772432.0,0.0142045086249709,-0.0088888807222247,0.0084033757448196,0.0033444517757743,0.0166666060686111,-0.0228758212178945,0.0100182713940739,-0.0202774368226528,0.0243462119251489,0.0,-0.0008802179363556,0.0206971205770969,0.0678413659334182,0.047945212572813,-0.0099009806290268,-0.0090497648343443,-0.0358333587646484,0.0279069487005472,0.0388937592506408,-0.0282485857605934,-0.015807032585144,-0.0122767472639679,-0.0169061552733182,0.0263459924608469,0.0085984030738472,-0.0022857666481286,-0.0153452139347791,0.0034403363242745,-0.0051948414184153,-0.0311110820621252,0.0452567860484123,0.0,0.0070774322375655,0.002227222546935,0.0182572826743125,-0.0175055582076311,-0.0138549366965889,-0.0021833518985658,-0.0165289882570505,-0.0368034057319164,-0.0126050105318427,0.0063492506742477,0.0102127557620406,-0.0031645288690924,0.0168491844087839,0.0106609193608164,0.0521955378353595,0.0353200547397136,0.0157480165362358,0.0342465974390506,0.0069767562672495,0.0735294595360755,-0.0500384643673896,-0.0180506091564893,0.0218800250440836,0.0681234151124954,-0.006344165187329,-0.0012836651876568,0.020750219002366,-0.0114213386550545,-0.0062548806890845,0.0154639026150107,0.0346183776855468,0.0853147059679031,0.0311787687242031,-0.0110649960115551,-0.0235988665372133,-0.0095890639349818,0.0037764494773,-0.0148447584360837,0.0165538191795349,-0.004032286349684,0.0007402093615382,0.0191780626773834,-0.0096153924241662,-0.0253671016544103,-0.0291262380778789,-0.0347938723862171,0.0769230797886848,0.002584038535133,0.0199999809265136,0.0886075422167778,0.0280112456530332,0.00851062964648,0.0367847383022308,-0.0342465750873088,-0.0039422088302671,-0.0507151968777179,-0.0125329541042447,-0.2317682504653931,0.0040079802274703,-0.083333320915699,0.0113107170909643,0.0321361199021339,0.0052631529979407,-0.0075046834535896,-0.0104711940512061,0.0075614294037222,-0.019841281697154,-0.015813959762454,0.0053981058299541,-0.015567772090435,-0.0161073673516511,0.0073800664395093,-0.0354706346988678,-0.017599256709218,-0.0643564909696579,0.0482497848570346,-0.0219198763370513,-0.0047081159427762,0.0340031348168849,-0.0301369801163673,-0.0440956763923168,-0.0625000372529029,-0.0609851256012916,0.0138888750225305,-0.0049958718009293,0.0078740287572145,-0.0376568883657455,-0.0129533354192972,0.0142045086249709,-0.0088888807222247,0.0227272501930366,-0.0055741573793663,0.0397726423876378,-0.0283224651696101,0.0757574997954715,-0.0480255949941244,0.1382575774740269,0.0079095679709042,0.2156972504973673,0.1319796838635034,0.0930819779284237,-0.2265086746743355,2019-02-13,2019-02-14,2019-02-15,2019-02-19,2019-02-20,2019-02-21,2019-02-22,2019-02-25,2019-02-26,2019-02-27,13452.0,2019-02-12,252.0,18.3857%,-0.0017,1.7212,1.5197,1.216,3.1072%,3.5886%,25.0266%,0.1631629999999999,TROX,13452.0,2019-02-13,252.0,1.4205%,-0.0017,1.7218,1.5226,1.2187,3.1078%,3.5887%,25.0091%,0.007522,TROX,13452.0,2019-02-14,252.0,0.8403%,-0.0017,1.7187,1.5295,1.2112,3.1088%,3.5892%,24.9784%,0.011071,TROX,13452.0,2019-02-15,252.0,1.6667%,-0.0017,1.714,1.5241,1.202,3.1095%,3.5850%,24.7694%,-0.012493,TROX,13452.0,2019-02-19,252.0,1.0018%,-0.0018,1.7072,1.534,1.2138,3.1063%,3.5797%,24.6967%,-0.001364,TROX,13452.0,2019-02-20,252.0,2.4346%,-0.0018,1.7101,1.5375,1.2233,3.1071%,3.5822%,24.7686%,0.010952,TROX,13452.0,2019-02-21,252.0,-0.0880%,-0.0017,1.7095,1.5388,1.2222,3.1077%,3.5812%,24.6979%,0.009237,TROX,13452.0,2019-02-22,252.0,6.7841%,-0.0015,1.6997,1.5522,1.1176,3.1363%,3.6074%,24.4166%,0.066133,TROX,13452.0,2019-02-25,252.0,-0.9901%,-0.0016,1.7008,1.5556,1.1231,3.1360%,3.6077%,24.4423%,-0.006503,TROX,13452.0,2019-02-26,252.0,-3.5833%,-0.0016,1.7087,1.5729,1.1379,3.1377%,3.6134%,24.5994%,-0.01955,TROX,13452.0,2019-02-27,252.0,3.8894%,-0.0013,1.7232,1.5582,1.1404,3.1404%,3.6202%,24.7504%,0.035633,TROX,0.1706849999999999,0.1817559999999999,0.1692629999999999,0.1788509999999999,0.2638009999999999
11267,TAIWAN SEMICONDUCTOR MFG CO LTD,Taiwan Semiconductor to Move 7nm EUV Process to Volume Production in March,6,increase,0.8,0.7,"the move to volume production of the advanced 7nm euv process is likely to enhance taiwan semiconductor's competitive position and revenue potential, which generally supports a positive outlook for its stock price.",2,2019-02-12,TSM,2019-02-12 09:34:00+00:00,85442.0,87403910,0.0091407280415296,8831206.0,-0.0131987147033214,0.0132310129702091,-0.0018358167726546,-0.0086568212136626,0.0007881970377638,-0.0160042010247707,0.0097138071432709,0.0128105012699961,0.0140405856072902,0.0081708328798413,-0.000512832251843,0.0098482547327876,0.010518210940063,-0.0013290600618347,0.0048236213624477,0.0064204884693026,0.0005052209016866,0.0289017111063003,-0.0037878211587667,-0.0296473521739244,-0.0101394550874829,-0.0183534547686576,0.008706790395081,0.0132837407290935,-0.0060928626917302,0.0315154194831848,-0.0033205891959369,0.0032994982320815,-0.0058944011107087,-0.0127579048275947,-0.0041247704066336,0.0151556693017482,-0.011131253093481,0.0182379782199859,0.0115182884037494,-0.0110988216474652,0.0067288340069353,0.0078300507739186,0.0079690888524055,-0.0232177618891,-0.0099464273080229,0.0052169812843203,0.02138077840209,0.0227463506162166,0.0050440588966012,0.019175786525011,-0.0022584730759263,-0.0082316473126411,0.002263585338369,0.0074348961934447,0.0298620443791151,0.0177532192319631,-0.0148635618388652,-0.0591456703841686,-0.0126144476234912,-0.0105662252753973,0.0120241325348615,-0.0061927717179059,-0.0049505135975778,0.0097879450768232,0.0034825718030333,0.00054408214055,0.0153693342581391,0.041654784232378,0.0100097618997097,-0.0117613608017563,-0.0024171737022697,-0.0047380705364048,0.0125999627634882,-0.0096604600548744,0.0059822923503816,-0.0144178131595253,0.0045194723643362,0.0149088092148304,0.003788772271946,-0.008486108854413,-0.0042462917044758,-0.0214305650442838,0.0037905673962086,-0.0013375933049246,-0.0063724443316459,0.0185286179184913,0.0114015052095055,0.0074114864692091,0.000704527425114,-0.0024644071236252,0.009387413971126,-0.0092240953817963,0.0320855863392353,-0.0154914008453488,0.022752920165658,-0.0333075374364852,-0.0055066077038645,0.0303271990269422,0.0059799919836223,-0.0089638847857713,-0.0002201303868787,-0.0021046572364866,-0.0204800777137279,0.0328804105520248,-0.0121403085067868,-0.0010858011664822,-0.0025033408310264,0.0244716648012399,-0.0002282029599882,-0.0058058914728462,0.0,0.0148708978667855,0.0132360076531767,-0.0113730886951088,0.0069819269701838,-0.0222402960062027,-0.021248061209917,-0.0428349301218986,0.0,0.0179704092442989,-0.0013710594503208,0.0117646688595414,-0.0102975005283951,0.0091743152588605,-0.0131987147033214,0.0132310129702091,-0.0150103010541462,0.0044596532427878,-0.0142339350912091,-0.0116159209689812,0.0093167853841746,0.009225152259451,0.0209627683349724,0.02270305130709,0.040372706629296,0.0410549775689439,0.1193064330946942,0.0331894046124465,2019-02-13,2019-02-14,2019-02-15,2019-02-19,2019-02-20,2019-02-21,2019-02-22,2019-02-25,2019-02-26,2019-02-27,85442.0,2019-02-12,252.0,0.9141%,-0.0004,1.0027,-0.0183,-0.2462,1.2379%,1.6813%,45.7868%,-0.0051449999999999,TSM,85442.0,2019-02-13,252.0,-1.3199%,-0.0005,0.9951,-0.0117,-0.2488,1.2396%,1.6755%,45.2668%,-0.015923,TSM,85442.0,2019-02-14,252.0,-0.1836%,-0.0005,0.9957,-0.0118,-0.2494,1.2389%,1.6754%,45.3241%,-0.001228,TSM,85442.0,2019-02-15,252.0,0.0788%,-0.0006,0.9879,-0.0198,-0.2634,1.2400%,1.6724%,45.0259%,-0.009336,TSM,85442.0,2019-02-19,252.0,0.9714%,-0.0005,0.9904,-0.0152,-0.2584,1.2413%,1.6721%,44.8946%,0.008584,TSM,85442.0,2019-02-20,252.0,1.4041%,-0.0004,0.9944,-0.0064,-0.2444,1.2444%,1.6745%,44.7759%,0.0135129999999999,TSM,85442.0,2019-02-21,252.0,-0.0513%,-0.0005,0.998,0.0017,-0.2378,1.2422%,1.6740%,44.9375%,0.0025,TSM,85442.0,2019-02-22,252.0,1.0518%,-0.0004,0.9971,0.0212,-0.2304,1.2389%,1.6709%,45.0240%,0.000427,TSM,85442.0,2019-02-25,252.0,0.4824%,-0.0004,0.9957,0.0181,-0.2374,1.2366%,1.6696%,45.1405%,0.002868,TSM,85442.0,2019-02-26,252.0,0.0505%,-0.0004,0.983,0.028,-0.2419,1.2299%,1.6543%,44.7277%,0.001331,TSM,85442.0,2019-02-27,252.0,-0.3788%,-0.0005,0.9825,0.0275,-0.242,1.2303%,1.6528%,44.5960%,-0.005116,TSM,-0.021068,-0.022296,-0.031632,-0.009535,-0.007525
11275,TWIN DISC INC,Twin Disc Sells Mill Log Equipment Co. To Palmer Johnson Power Systems For $6.7M,6,decrease,0.7,0.5,"the sale of mill log equipment co. for $6.7m may indicate a strategic divestment that could raise concerns about twin disc's growth prospects, potentially leading to a decrease in stock price.",0,2019-02-12,TWIN,2019-02-12 20:01:00+00:00,59600.0,90147610,0.0569782555103302,63818.0,0.0405814684927463,0.002567391609773,-0.0128056583926081,-0.00192182790488,0.0318396799266338,-0.0113996397703886,0.0011428833240643,0.0006337280501611,0.0125570381060242,-0.0401460342109203,0.0231116041541099,-0.0753655880689621,0.0038567325100302,-0.018763804808259,0.0170143451541662,0.013989926315844,-0.0205073431134223,0.0228964816778898,0.0033057557884603,0.0034462646581232,-0.0285556595772504,-0.0317018739879131,0.0175239946693182,0.018120028078556,0.0061111450195312,-0.001695912098512,-0.0397571064531803,-0.0095184808596968,-0.0580793693661689,0.0016825960483402,-0.0457874909043312,-0.0388139821588993,-0.0089571559801697,0.0181119609624147,0.0180762223899364,-0.0060011246241629,-0.0019023896893486,0.0127071570605039,-0.0057179257273674,0.0266591738909483,0.0281150508671999,0.0074285236187279,0.0223741829395294,0.0186262913048267,0.0261397194117307,0.0046783578582108,0.0136256786063313,0.0395136512815952,-0.0151958046481013,0.0036608527880162,-0.0053412551060318,0.0684484466910362,0.0011933447094634,-0.0103225708007812,0.0226459559053182,0.0508474558591842,0.0075758197344839,-0.0205843560397625,-0.023134846240282,-0.0143978614360094,-0.0515097081661224,0.0207080468535423,0.039325788617134,0.0731183141469955,0.0216216593980789,-0.0148305110633373,-0.018812445923686,-0.0139275640249252,-0.0071899839676916,-0.0082872854545712,0.0138804791495204,-0.0627831891179084,0.0113095557317137,0.0225016642361879,0.0076516228727996,-0.0270444359630346,-0.0064252689480781,-0.0133418068289756,-0.0299823768436908,0.00063574250089,-0.0024242978543043,0.00962770357728,0.0309842191636562,0.0032195872627198,-0.0106068598106503,-0.0177103523164987,-0.0035736372228711,-0.0137242833152413,-0.0197250414639711,-0.0141451135277748,0.0152439028024673,-0.0771850496530532,0.0066066435538232,0.0097421240061521,0.0727923214435577,-0.0305555127561092,0.0194660946726799,0.0016694873338565,-0.0201855339109897,0.0256848651915788,0.0038976394571363,-0.0223214067518711,0.0493621379137039,0.0095774689689278,0.001057106652297,-0.0127919660881161,0.0010558896465227,0.014100395143032,-0.0527426190674305,-0.0252886731177568,0.0662583857774734,-0.0406117402017116,-0.1248041465878487,0.0237580239772796,-0.0841288715600967,0.0070691173896193,-0.0117264036089181,0.0060174344107508,-0.0474621132016181,-0.0140237445011735,0.0405814684927463,0.002567391609773,0.0272561376775497,0.0006406296200545,0.0599636443038731,-0.0107663130972289,0.0745002747310557,-0.0498783851536868,0.10296782660026,-0.10281447871706,0.023016303878653,0.0222513052109227,-0.1247728916629022,-0.1574973648798063,2019-02-13,2019-02-14,2019-02-15,2019-02-19,2019-02-20,2019-02-21,2019-02-22,2019-02-25,2019-02-26,2019-02-27,59600.0,2019-02-12,252.0,5.6978%,-0.0017,1.1613,0.9549,0.5208,2.5838%,2.8641%,18.6160%,0.042149,TWIN,59600.0,2019-02-13,252.0,4.0581%,-0.0015,1.1766,0.9445,0.5282,2.5915%,2.8755%,18.7779%,0.036292,TWIN,59600.0,2019-02-14,252.0,-1.2806%,-0.0015,1.1798,0.939,0.533,2.5915%,2.8760%,18.8068%,-0.0122829999999999,TWIN,59600.0,2019-02-15,252.0,3.1840%,-0.0013,1.2052,0.9634,0.5762,2.5904%,2.8834%,19.2927%,0.013502,TWIN,59600.0,2019-02-19,252.0,0.1143%,-0.0013,1.2086,0.9546,0.566,2.5891%,2.8833%,19.3694%,-0.00577,TWIN,59600.0,2019-02-20,252.0,1.2557%,-0.0012,1.2108,0.962,0.5746,2.5891%,2.8846%,19.4372%,0.004947,TWIN,59600.0,2019-02-21,252.0,2.3112%,-0.0011,1.2024,0.9517,0.5591,2.5962%,2.8869%,19.1214%,0.029487,TWIN,59600.0,2019-02-22,252.0,0.3857%,-0.0011,1.2029,0.9403,0.5538,2.5957%,2.8861%,19.1093%,-0.001075,TWIN,59600.0,2019-02-25,252.0,1.7014%,-0.001,1.2017,0.9295,0.544,2.5980%,2.8875%,19.0433%,0.018552,TWIN,59600.0,2019-02-26,252.0,-2.0507%,-0.0011,1.1961,0.9487,0.5495,2.5975%,2.8851%,18.9452%,-0.01094,TWIN,59600.0,2019-02-27,252.0,0.3306%,-0.0011,1.2005,0.9415,0.5502,2.5968%,2.8853%,18.9958%,0.000986,TWIN,0.078441,0.066158,0.07966,0.0788369999999999,0.1158469999999999
11283,UNDER ARMOUR INC,"Under Armour shares are trading higher after the company reported Q4 EPS of $0.09, beating the $0.06 estimate and Q4 sales of $1.4 billion, beating the $1.39 billion estimate; the company provided Q1 guidance with gross margin expected to be up 20-30 bps.",6,increase,0.8,0.6,"the positive earnings and sales beat, along with favorable guidance for gross margin, are likely to boost investor confidence and drive the stock price higher.",2,2019-02-12,UA,2019-02-12 16:04:00+00:00,15980.0,90431120,0.0449086502194404,10149675.0,-0.0064968047663569,0.0057772425934672,-0.0050301044248044,0.0220076106488704,-0.0374115146696567,-0.0158479213714599,0.0183822717517614,-0.0089005278423428,-0.0108302775770425,0.0089804586023092,0.0119916340336203,0.0037115425802767,0.0128799593076109,-0.0042238608002662,-0.001525975880213,-0.003682256443426,-0.013244948349893,0.004226092249155,0.0366545729339122,-0.0227155666798353,0.0,-0.0061569488607347,0.016434259712696,0.0334039852023124,-0.0274375043809413,0.0250000543892383,-0.0010075797326862,-0.0102205770090222,-0.0201714374125003,0.0021563835907727,-0.0036026604939252,0.022038547322154,-0.0129132224246859,0.0213843081146478,0.0303505975753068,-0.0083705140277743,0.0,0.0022371876984834,0.0005078836111351,0.0011197396088391,0.010152225382626,0.0176638960838317,-0.0050251446664333,-0.0039728488773107,0.0025253104977309,0.0220418255776166,-0.0060453820042312,0.0075978464446961,-0.0369994714856147,0.0307229049503803,0.0147368786856532,0.040100272744894,-0.0451245233416557,-0.0297872759401798,0.0092341164126992,0.0173160601407289,0.0005382254603318,0.0112570552155375,0.0069929617457091,-0.0160000137984752,0.012286402285099,0.0012323141563683,-0.0042216316796839,0.0684660971164703,-0.001589861465618,-0.0142764616757631,0.0100849540904164,-0.0416666716337204,0.0057802782393991,-0.0336538143455982,0.0329154171049594,-0.0436781756579875,-0.0065756733529269,0.0223266240209341,-0.0071282787248492,-0.0400450713932514,-0.0405128672719001,-0.0044918544590473,0.032602921128273,-0.0631247088313102,0.0010352204553782,-0.0891231670975685,0.0180972274392843,-0.006663464475423,0.0040629720315337,-0.0480289757251739,-0.013657079078257,-0.0225863698869943,0.0082051204517483,0.0277651622891426,0.0040691723115742,-0.0248558074235916,-0.0101316543295979,0.0089565953239798,0.0204708091914653,0.0266666635870933,0.0180540960282087,0.0083449380472302,-0.0098521606996655,0.0573529452085495,0.0149253346025943,-0.0125847160816192,0.0078431302681565,0.0288844592869281,0.0077820941805839,0.0024962173774838,-0.050193004310131,0.0335398130118846,0.0360771901905536,-0.002059779362753,-0.0073565286584198,-0.0390895120799541,-0.0187746621668338,-0.0330143794417381,-0.0176233816891908,-0.0023866894189268,0.0148641215637326,-0.0075793387368321,-0.0095958905294537,0.013928959146142,-0.0064968047663569,0.0057772425934672,-0.011494229584759,0.0279119965479588,-0.0484757277156892,0.0116217280498862,-0.041479256264493,0.0116217279873067,0.0034982370003513,-0.0113578327654838,-0.0644678073167579,0.1784615194103103,-0.0199899788622458,-0.0802113302470783,2019-02-13,2019-02-14,2019-02-15,2019-02-19,2019-02-20,2019-02-21,2019-02-22,2019-02-25,2019-02-26,2019-02-27,15980.0,2019-02-12,252.0,4.4909%,0.002,1.3696,1.4294,0.2793,2.7601%,3.1891%,25.0935%,0.026324,UA,15980.0,2019-02-13,252.0,-0.6497%,0.0017,1.347,1.4621,0.2818,2.7469%,3.1703%,24.9274%,-0.011485,UA,15980.0,2019-02-14,252.0,-0.5030%,0.0011,1.3391,1.4512,0.311,2.5698%,3.0090%,27.0577%,-0.00827,UA,15980.0,2019-02-15,252.0,-3.7412%,0.0007,1.276,1.3881,0.2001,2.5889%,2.9993%,25.4935%,-0.0577639999999999,UA,15980.0,2019-02-19,252.0,1.8382%,0.0007,1.2744,1.3997,0.2133,2.5887%,2.9976%,25.4196%,0.0112319999999999,UA,15980.0,2019-02-20,252.0,-1.0830%,0.0009,1.2743,1.4224,0.2189,2.5699%,2.9838%,25.8146%,-0.0176039999999999,UA,15980.0,2019-02-21,252.0,1.1992%,0.001,1.2663,1.4101,0.2042,2.5713%,2.9804%,25.5711%,0.018106,UA,15980.0,2019-02-22,252.0,1.2880%,0.001,1.2658,1.4276,0.2141,2.5700%,2.9810%,25.6744%,-0.000205,UA,15980.0,2019-02-25,252.0,-0.1526%,0.0011,1.263,1.425,0.2024,2.5655%,2.9771%,25.7380%,0.000572,UA,15980.0,2019-02-26,252.0,-1.3245%,0.0011,1.2593,1.4323,0.2033,2.5652%,2.9757%,25.6884%,-0.0015359999999999,UA,15980.0,2019-02-27,252.0,3.6655%,0.0012,1.2599,1.4405,0.2035,2.5730%,2.9837%,25.6341%,0.032944,UA,0.014839,0.006569,-0.051195,-0.0575669999999999,-0.0076859999999999
11291,UNDER ARMOUR INC,From Under Armour Q4 Earnings Conference Call: Sees Inventory Levels At End Of Q1 Down At Mid-Teen Percent Range,6,increase,0.7,0.6,"a decrease in inventory levels typically indicates improved demand and operational efficiency, which can positively influence investor sentiment and stock price.",2,2019-02-12,UA,2019-02-12 14:09:00+00:00,15980.0,90431120,0.0449086502194404,10149675.0,-0.0064968047663569,0.0057772425934672,-0.0050301044248044,0.0220076106488704,-0.0374115146696567,-0.0158479213714599,0.0183822717517614,-0.0089005278423428,-0.0108302775770425,0.0089804586023092,0.0119916340336203,0.0037115425802767,0.0128799593076109,-0.0042238608002662,-0.001525975880213,-0.003682256443426,-0.013244948349893,0.004226092249155,0.0366545729339122,-0.0227155666798353,0.0,-0.0061569488607347,0.016434259712696,0.0334039852023124,-0.0274375043809413,0.0250000543892383,-0.0010075797326862,-0.0102205770090222,-0.0201714374125003,0.0021563835907727,-0.0036026604939252,0.022038547322154,-0.0129132224246859,0.0213843081146478,0.0303505975753068,-0.0083705140277743,0.0,0.0022371876984834,0.0005078836111351,0.0011197396088391,0.010152225382626,0.0176638960838317,-0.0050251446664333,-0.0039728488773107,0.0025253104977309,0.0220418255776166,-0.0060453820042312,0.0075978464446961,-0.0369994714856147,0.0307229049503803,0.0147368786856532,0.040100272744894,-0.0451245233416557,-0.0297872759401798,0.0092341164126992,0.0173160601407289,0.0005382254603318,0.0112570552155375,0.0069929617457091,-0.0160000137984752,0.012286402285099,0.0012323141563683,-0.0042216316796839,0.0684660971164703,-0.001589861465618,-0.0142764616757631,0.0100849540904164,-0.0416666716337204,0.0057802782393991,-0.0336538143455982,0.0329154171049594,-0.0436781756579875,-0.0065756733529269,0.0223266240209341,-0.0071282787248492,-0.0400450713932514,-0.0405128672719001,-0.0044918544590473,0.032602921128273,-0.0631247088313102,0.0010352204553782,-0.0891231670975685,0.0180972274392843,-0.006663464475423,0.0040629720315337,-0.0480289757251739,-0.013657079078257,-0.0225863698869943,0.0082051204517483,0.0277651622891426,0.0040691723115742,-0.0248558074235916,-0.0101316543295979,0.0089565953239798,0.0204708091914653,0.0266666635870933,0.0180540960282087,0.0083449380472302,-0.0098521606996655,0.0573529452085495,0.0149253346025943,-0.0125847160816192,0.0078431302681565,0.0288844592869281,0.0077820941805839,0.0024962173774838,-0.050193004310131,0.0335398130118846,0.0360771901905536,-0.002059779362753,-0.0073565286584198,-0.0390895120799541,-0.0187746621668338,-0.0330143794417381,-0.0176233816891908,-0.0023866894189268,0.0148641215637326,-0.0075793387368321,-0.0095958905294537,0.013928959146142,-0.0064968047663569,0.0057772425934672,-0.011494229584759,0.0279119965479588,-0.0484757277156892,0.0116217280498862,-0.041479256264493,0.0116217279873067,0.0034982370003513,-0.0113578327654838,-0.0644678073167579,0.1784615194103103,-0.0199899788622458,-0.0802113302470783,2019-02-13,2019-02-14,2019-02-15,2019-02-19,2019-02-20,2019-02-21,2019-02-22,2019-02-25,2019-02-26,2019-02-27,15980.0,2019-02-12,252.0,4.4909%,0.002,1.3696,1.4294,0.2793,2.7601%,3.1891%,25.0935%,0.026324,UA,15980.0,2019-02-13,252.0,-0.6497%,0.0017,1.347,1.4621,0.2818,2.7469%,3.1703%,24.9274%,-0.011485,UA,15980.0,2019-02-14,252.0,-0.5030%,0.0011,1.3391,1.4512,0.311,2.5698%,3.0090%,27.0577%,-0.00827,UA,15980.0,2019-02-15,252.0,-3.7412%,0.0007,1.276,1.3881,0.2001,2.5889%,2.9993%,25.4935%,-0.0577639999999999,UA,15980.0,2019-02-19,252.0,1.8382%,0.0007,1.2744,1.3997,0.2133,2.5887%,2.9976%,25.4196%,0.0112319999999999,UA,15980.0,2019-02-20,252.0,-1.0830%,0.0009,1.2743,1.4224,0.2189,2.5699%,2.9838%,25.8146%,-0.0176039999999999,UA,15980.0,2019-02-21,252.0,1.1992%,0.001,1.2663,1.4101,0.2042,2.5713%,2.9804%,25.5711%,0.018106,UA,15980.0,2019-02-22,252.0,1.2880%,0.001,1.2658,1.4276,0.2141,2.5700%,2.9810%,25.6744%,-0.000205,UA,15980.0,2019-02-25,252.0,-0.1526%,0.0011,1.263,1.425,0.2024,2.5655%,2.9771%,25.7380%,0.000572,UA,15980.0,2019-02-26,252.0,-1.3245%,0.0011,1.2593,1.4323,0.2033,2.5652%,2.9757%,25.6884%,-0.0015359999999999,UA,15980.0,2019-02-27,252.0,3.6655%,0.0012,1.2599,1.4405,0.2035,2.5730%,2.9837%,25.6341%,0.032944,UA,0.014839,0.006569,-0.051195,-0.0575669999999999,-0.0076859999999999
11299,UNDER ARMOUR INC,From Under Armour Q4 Earnings Conference Call: Sees Q1 Gross Margin Up ~20-30 Basis Points Year Over Year,6,increase,0.7,0.5,"an expected increase in gross margin typically indicates improved profitability, which can positively influence investor sentiment and lead to a rise in stock price.",2,2019-02-12,UA,2019-02-12 14:07:00+00:00,15980.0,90431120,0.0449086502194404,10149675.0,-0.0064968047663569,0.0057772425934672,-0.0050301044248044,0.0220076106488704,-0.0374115146696567,-0.0158479213714599,0.0183822717517614,-0.0089005278423428,-0.0108302775770425,0.0089804586023092,0.0119916340336203,0.0037115425802767,0.0128799593076109,-0.0042238608002662,-0.001525975880213,-0.003682256443426,-0.013244948349893,0.004226092249155,0.0366545729339122,-0.0227155666798353,0.0,-0.0061569488607347,0.016434259712696,0.0334039852023124,-0.0274375043809413,0.0250000543892383,-0.0010075797326862,-0.0102205770090222,-0.0201714374125003,0.0021563835907727,-0.0036026604939252,0.022038547322154,-0.0129132224246859,0.0213843081146478,0.0303505975753068,-0.0083705140277743,0.0,0.0022371876984834,0.0005078836111351,0.0011197396088391,0.010152225382626,0.0176638960838317,-0.0050251446664333,-0.0039728488773107,0.0025253104977309,0.0220418255776166,-0.0060453820042312,0.0075978464446961,-0.0369994714856147,0.0307229049503803,0.0147368786856532,0.040100272744894,-0.0451245233416557,-0.0297872759401798,0.0092341164126992,0.0173160601407289,0.0005382254603318,0.0112570552155375,0.0069929617457091,-0.0160000137984752,0.012286402285099,0.0012323141563683,-0.0042216316796839,0.0684660971164703,-0.001589861465618,-0.0142764616757631,0.0100849540904164,-0.0416666716337204,0.0057802782393991,-0.0336538143455982,0.0329154171049594,-0.0436781756579875,-0.0065756733529269,0.0223266240209341,-0.0071282787248492,-0.0400450713932514,-0.0405128672719001,-0.0044918544590473,0.032602921128273,-0.0631247088313102,0.0010352204553782,-0.0891231670975685,0.0180972274392843,-0.006663464475423,0.0040629720315337,-0.0480289757251739,-0.013657079078257,-0.0225863698869943,0.0082051204517483,0.0277651622891426,0.0040691723115742,-0.0248558074235916,-0.0101316543295979,0.0089565953239798,0.0204708091914653,0.0266666635870933,0.0180540960282087,0.0083449380472302,-0.0098521606996655,0.0573529452085495,0.0149253346025943,-0.0125847160816192,0.0078431302681565,0.0288844592869281,0.0077820941805839,0.0024962173774838,-0.050193004310131,0.0335398130118846,0.0360771901905536,-0.002059779362753,-0.0073565286584198,-0.0390895120799541,-0.0187746621668338,-0.0330143794417381,-0.0176233816891908,-0.0023866894189268,0.0148641215637326,-0.0075793387368321,-0.0095958905294537,0.013928959146142,-0.0064968047663569,0.0057772425934672,-0.011494229584759,0.0279119965479588,-0.0484757277156892,0.0116217280498862,-0.041479256264493,0.0116217279873067,0.0034982370003513,-0.0113578327654838,-0.0644678073167579,0.1784615194103103,-0.0199899788622458,-0.0802113302470783,2019-02-13,2019-02-14,2019-02-15,2019-02-19,2019-02-20,2019-02-21,2019-02-22,2019-02-25,2019-02-26,2019-02-27,15980.0,2019-02-12,252.0,4.4909%,0.002,1.3696,1.4294,0.2793,2.7601%,3.1891%,25.0935%,0.026324,UA,15980.0,2019-02-13,252.0,-0.6497%,0.0017,1.347,1.4621,0.2818,2.7469%,3.1703%,24.9274%,-0.011485,UA,15980.0,2019-02-14,252.0,-0.5030%,0.0011,1.3391,1.4512,0.311,2.5698%,3.0090%,27.0577%,-0.00827,UA,15980.0,2019-02-15,252.0,-3.7412%,0.0007,1.276,1.3881,0.2001,2.5889%,2.9993%,25.4935%,-0.0577639999999999,UA,15980.0,2019-02-19,252.0,1.8382%,0.0007,1.2744,1.3997,0.2133,2.5887%,2.9976%,25.4196%,0.0112319999999999,UA,15980.0,2019-02-20,252.0,-1.0830%,0.0009,1.2743,1.4224,0.2189,2.5699%,2.9838%,25.8146%,-0.0176039999999999,UA,15980.0,2019-02-21,252.0,1.1992%,0.001,1.2663,1.4101,0.2042,2.5713%,2.9804%,25.5711%,0.018106,UA,15980.0,2019-02-22,252.0,1.2880%,0.001,1.2658,1.4276,0.2141,2.5700%,2.9810%,25.6744%,-0.000205,UA,15980.0,2019-02-25,252.0,-0.1526%,0.0011,1.263,1.425,0.2024,2.5655%,2.9771%,25.7380%,0.000572,UA,15980.0,2019-02-26,252.0,-1.3245%,0.0011,1.2593,1.4323,0.2033,2.5652%,2.9757%,25.6884%,-0.0015359999999999,UA,15980.0,2019-02-27,252.0,3.6655%,0.0012,1.2599,1.4405,0.2035,2.5730%,2.9837%,25.6341%,0.032944,UA,0.014839,0.006569,-0.051195,-0.0575669999999999,-0.0076859999999999
11307,UNDER ARMOUR INC,From Under Armour Q4 Earnings Conference Call: Sees Q1 Sales Flat To Down Slightly,6,decrease,0.8,0.6,"the expectation of flat to slightly down sales in q1 suggests weaker performance than investors may have hoped for, likely leading to a decrease in stock price.",0,2019-02-12,UA,2019-02-12 14:01:00+00:00,15980.0,90431120,0.0449086502194404,10149675.0,-0.0064968047663569,0.0057772425934672,-0.0050301044248044,0.0220076106488704,-0.0374115146696567,-0.0158479213714599,0.0183822717517614,-0.0089005278423428,-0.0108302775770425,0.0089804586023092,0.0119916340336203,0.0037115425802767,0.0128799593076109,-0.0042238608002662,-0.001525975880213,-0.003682256443426,-0.013244948349893,0.004226092249155,0.0366545729339122,-0.0227155666798353,0.0,-0.0061569488607347,0.016434259712696,0.0334039852023124,-0.0274375043809413,0.0250000543892383,-0.0010075797326862,-0.0102205770090222,-0.0201714374125003,0.0021563835907727,-0.0036026604939252,0.022038547322154,-0.0129132224246859,0.0213843081146478,0.0303505975753068,-0.0083705140277743,0.0,0.0022371876984834,0.0005078836111351,0.0011197396088391,0.010152225382626,0.0176638960838317,-0.0050251446664333,-0.0039728488773107,0.0025253104977309,0.0220418255776166,-0.0060453820042312,0.0075978464446961,-0.0369994714856147,0.0307229049503803,0.0147368786856532,0.040100272744894,-0.0451245233416557,-0.0297872759401798,0.0092341164126992,0.0173160601407289,0.0005382254603318,0.0112570552155375,0.0069929617457091,-0.0160000137984752,0.012286402285099,0.0012323141563683,-0.0042216316796839,0.0684660971164703,-0.001589861465618,-0.0142764616757631,0.0100849540904164,-0.0416666716337204,0.0057802782393991,-0.0336538143455982,0.0329154171049594,-0.0436781756579875,-0.0065756733529269,0.0223266240209341,-0.0071282787248492,-0.0400450713932514,-0.0405128672719001,-0.0044918544590473,0.032602921128273,-0.0631247088313102,0.0010352204553782,-0.0891231670975685,0.0180972274392843,-0.006663464475423,0.0040629720315337,-0.0480289757251739,-0.013657079078257,-0.0225863698869943,0.0082051204517483,0.0277651622891426,0.0040691723115742,-0.0248558074235916,-0.0101316543295979,0.0089565953239798,0.0204708091914653,0.0266666635870933,0.0180540960282087,0.0083449380472302,-0.0098521606996655,0.0573529452085495,0.0149253346025943,-0.0125847160816192,0.0078431302681565,0.0288844592869281,0.0077820941805839,0.0024962173774838,-0.050193004310131,0.0335398130118846,0.0360771901905536,-0.002059779362753,-0.0073565286584198,-0.0390895120799541,-0.0187746621668338,-0.0330143794417381,-0.0176233816891908,-0.0023866894189268,0.0148641215637326,-0.0075793387368321,-0.0095958905294537,0.013928959146142,-0.0064968047663569,0.0057772425934672,-0.011494229584759,0.0279119965479588,-0.0484757277156892,0.0116217280498862,-0.041479256264493,0.0116217279873067,0.0034982370003513,-0.0113578327654838,-0.0644678073167579,0.1784615194103103,-0.0199899788622458,-0.0802113302470783,2019-02-13,2019-02-14,2019-02-15,2019-02-19,2019-02-20,2019-02-21,2019-02-22,2019-02-25,2019-02-26,2019-02-27,15980.0,2019-02-12,252.0,4.4909%,0.002,1.3696,1.4294,0.2793,2.7601%,3.1891%,25.0935%,0.026324,UA,15980.0,2019-02-13,252.0,-0.6497%,0.0017,1.347,1.4621,0.2818,2.7469%,3.1703%,24.9274%,-0.011485,UA,15980.0,2019-02-14,252.0,-0.5030%,0.0011,1.3391,1.4512,0.311,2.5698%,3.0090%,27.0577%,-0.00827,UA,15980.0,2019-02-15,252.0,-3.7412%,0.0007,1.276,1.3881,0.2001,2.5889%,2.9993%,25.4935%,-0.0577639999999999,UA,15980.0,2019-02-19,252.0,1.8382%,0.0007,1.2744,1.3997,0.2133,2.5887%,2.9976%,25.4196%,0.0112319999999999,UA,15980.0,2019-02-20,252.0,-1.0830%,0.0009,1.2743,1.4224,0.2189,2.5699%,2.9838%,25.8146%,-0.0176039999999999,UA,15980.0,2019-02-21,252.0,1.1992%,0.001,1.2663,1.4101,0.2042,2.5713%,2.9804%,25.5711%,0.018106,UA,15980.0,2019-02-22,252.0,1.2880%,0.001,1.2658,1.4276,0.2141,2.5700%,2.9810%,25.6744%,-0.000205,UA,15980.0,2019-02-25,252.0,-0.1526%,0.0011,1.263,1.425,0.2024,2.5655%,2.9771%,25.7380%,0.000572,UA,15980.0,2019-02-26,252.0,-1.3245%,0.0011,1.2593,1.4323,0.2033,2.5652%,2.9757%,25.6884%,-0.0015359999999999,UA,15980.0,2019-02-27,252.0,3.6655%,0.0012,1.2599,1.4405,0.2035,2.5730%,2.9837%,25.6341%,0.032944,UA,0.014839,0.006569,-0.051195,-0.0575669999999999,-0.0076859999999999
11315,UNDER ARMOUR INC,"Under Armour Shares Make Parabolic Move Over Last Few Mins, Spike Higher Over $21 Level To $21.50, Now Back Below $21; Q4 Earnings Conference Call Is Currently Ongoing; Shares Up 0.9% For Pre-Market Session",6,uncertain,0.6,0.3,the stock's recent volatility and the ongoing earnings call create uncertainty about the direction of under armour's stock price.,1,2019-02-12,UA,2019-02-12 13:55:00+00:00,15980.0,90431120,0.0449086502194404,10149675.0,-0.0064968047663569,0.0057772425934672,-0.0050301044248044,0.0220076106488704,-0.0374115146696567,-0.0158479213714599,0.0183822717517614,-0.0089005278423428,-0.0108302775770425,0.0089804586023092,0.0119916340336203,0.0037115425802767,0.0128799593076109,-0.0042238608002662,-0.001525975880213,-0.003682256443426,-0.013244948349893,0.004226092249155,0.0366545729339122,-0.0227155666798353,0.0,-0.0061569488607347,0.016434259712696,0.0334039852023124,-0.0274375043809413,0.0250000543892383,-0.0010075797326862,-0.0102205770090222,-0.0201714374125003,0.0021563835907727,-0.0036026604939252,0.022038547322154,-0.0129132224246859,0.0213843081146478,0.0303505975753068,-0.0083705140277743,0.0,0.0022371876984834,0.0005078836111351,0.0011197396088391,0.010152225382626,0.0176638960838317,-0.0050251446664333,-0.0039728488773107,0.0025253104977309,0.0220418255776166,-0.0060453820042312,0.0075978464446961,-0.0369994714856147,0.0307229049503803,0.0147368786856532,0.040100272744894,-0.0451245233416557,-0.0297872759401798,0.0092341164126992,0.0173160601407289,0.0005382254603318,0.0112570552155375,0.0069929617457091,-0.0160000137984752,0.012286402285099,0.0012323141563683,-0.0042216316796839,0.0684660971164703,-0.001589861465618,-0.0142764616757631,0.0100849540904164,-0.0416666716337204,0.0057802782393991,-0.0336538143455982,0.0329154171049594,-0.0436781756579875,-0.0065756733529269,0.0223266240209341,-0.0071282787248492,-0.0400450713932514,-0.0405128672719001,-0.0044918544590473,0.032602921128273,-0.0631247088313102,0.0010352204553782,-0.0891231670975685,0.0180972274392843,-0.006663464475423,0.0040629720315337,-0.0480289757251739,-0.013657079078257,-0.0225863698869943,0.0082051204517483,0.0277651622891426,0.0040691723115742,-0.0248558074235916,-0.0101316543295979,0.0089565953239798,0.0204708091914653,0.0266666635870933,0.0180540960282087,0.0083449380472302,-0.0098521606996655,0.0573529452085495,0.0149253346025943,-0.0125847160816192,0.0078431302681565,0.0288844592869281,0.0077820941805839,0.0024962173774838,-0.050193004310131,0.0335398130118846,0.0360771901905536,-0.002059779362753,-0.0073565286584198,-0.0390895120799541,-0.0187746621668338,-0.0330143794417381,-0.0176233816891908,-0.0023866894189268,0.0148641215637326,-0.0075793387368321,-0.0095958905294537,0.013928959146142,-0.0064968047663569,0.0057772425934672,-0.011494229584759,0.0279119965479588,-0.0484757277156892,0.0116217280498862,-0.041479256264493,0.0116217279873067,0.0034982370003513,-0.0113578327654838,-0.0644678073167579,0.1784615194103103,-0.0199899788622458,-0.0802113302470783,2019-02-13,2019-02-14,2019-02-15,2019-02-19,2019-02-20,2019-02-21,2019-02-22,2019-02-25,2019-02-26,2019-02-27,15980.0,2019-02-12,252.0,4.4909%,0.002,1.3696,1.4294,0.2793,2.7601%,3.1891%,25.0935%,0.026324,UA,15980.0,2019-02-13,252.0,-0.6497%,0.0017,1.347,1.4621,0.2818,2.7469%,3.1703%,24.9274%,-0.011485,UA,15980.0,2019-02-14,252.0,-0.5030%,0.0011,1.3391,1.4512,0.311,2.5698%,3.0090%,27.0577%,-0.00827,UA,15980.0,2019-02-15,252.0,-3.7412%,0.0007,1.276,1.3881,0.2001,2.5889%,2.9993%,25.4935%,-0.0577639999999999,UA,15980.0,2019-02-19,252.0,1.8382%,0.0007,1.2744,1.3997,0.2133,2.5887%,2.9976%,25.4196%,0.0112319999999999,UA,15980.0,2019-02-20,252.0,-1.0830%,0.0009,1.2743,1.4224,0.2189,2.5699%,2.9838%,25.8146%,-0.0176039999999999,UA,15980.0,2019-02-21,252.0,1.1992%,0.001,1.2663,1.4101,0.2042,2.5713%,2.9804%,25.5711%,0.018106,UA,15980.0,2019-02-22,252.0,1.2880%,0.001,1.2658,1.4276,0.2141,2.5700%,2.9810%,25.6744%,-0.000205,UA,15980.0,2019-02-25,252.0,-0.1526%,0.0011,1.263,1.425,0.2024,2.5655%,2.9771%,25.7380%,0.000572,UA,15980.0,2019-02-26,252.0,-1.3245%,0.0011,1.2593,1.4323,0.2033,2.5652%,2.9757%,25.6884%,-0.0015359999999999,UA,15980.0,2019-02-27,252.0,3.6655%,0.0012,1.2599,1.4405,0.2035,2.5730%,2.9837%,25.6341%,0.032944,UA,0.014839,0.006569,-0.051195,-0.0575669999999999,-0.0076859999999999
11323,UNDER ARMOUR INC,"Under Armour Reaffirms FY19 Guidance; Sees EPS $0.31-$0.33 vs $0.35 Est., Sales Expected To Increase 3%-4%",6,decrease,0.7,0.5,the reaffirmation of guidance with eps below estimates and only modest sales growth expectations may lead to negative investor sentiment and a decrease in stock price.,0,2019-02-12,UA,2019-02-12 11:57:00+00:00,15980.0,90431120,0.0449086502194404,10149675.0,-0.0064968047663569,0.0057772425934672,-0.0050301044248044,0.0220076106488704,-0.0374115146696567,-0.0158479213714599,0.0183822717517614,-0.0089005278423428,-0.0108302775770425,0.0089804586023092,0.0119916340336203,0.0037115425802767,0.0128799593076109,-0.0042238608002662,-0.001525975880213,-0.003682256443426,-0.013244948349893,0.004226092249155,0.0366545729339122,-0.0227155666798353,0.0,-0.0061569488607347,0.016434259712696,0.0334039852023124,-0.0274375043809413,0.0250000543892383,-0.0010075797326862,-0.0102205770090222,-0.0201714374125003,0.0021563835907727,-0.0036026604939252,0.022038547322154,-0.0129132224246859,0.0213843081146478,0.0303505975753068,-0.0083705140277743,0.0,0.0022371876984834,0.0005078836111351,0.0011197396088391,0.010152225382626,0.0176638960838317,-0.0050251446664333,-0.0039728488773107,0.0025253104977309,0.0220418255776166,-0.0060453820042312,0.0075978464446961,-0.0369994714856147,0.0307229049503803,0.0147368786856532,0.040100272744894,-0.0451245233416557,-0.0297872759401798,0.0092341164126992,0.0173160601407289,0.0005382254603318,0.0112570552155375,0.0069929617457091,-0.0160000137984752,0.012286402285099,0.0012323141563683,-0.0042216316796839,0.0684660971164703,-0.001589861465618,-0.0142764616757631,0.0100849540904164,-0.0416666716337204,0.0057802782393991,-0.0336538143455982,0.0329154171049594,-0.0436781756579875,-0.0065756733529269,0.0223266240209341,-0.0071282787248492,-0.0400450713932514,-0.0405128672719001,-0.0044918544590473,0.032602921128273,-0.0631247088313102,0.0010352204553782,-0.0891231670975685,0.0180972274392843,-0.006663464475423,0.0040629720315337,-0.0480289757251739,-0.013657079078257,-0.0225863698869943,0.0082051204517483,0.0277651622891426,0.0040691723115742,-0.0248558074235916,-0.0101316543295979,0.0089565953239798,0.0204708091914653,0.0266666635870933,0.0180540960282087,0.0083449380472302,-0.0098521606996655,0.0573529452085495,0.0149253346025943,-0.0125847160816192,0.0078431302681565,0.0288844592869281,0.0077820941805839,0.0024962173774838,-0.050193004310131,0.0335398130118846,0.0360771901905536,-0.002059779362753,-0.0073565286584198,-0.0390895120799541,-0.0187746621668338,-0.0330143794417381,-0.0176233816891908,-0.0023866894189268,0.0148641215637326,-0.0075793387368321,-0.0095958905294537,0.013928959146142,-0.0064968047663569,0.0057772425934672,-0.011494229584759,0.0279119965479588,-0.0484757277156892,0.0116217280498862,-0.041479256264493,0.0116217279873067,0.0034982370003513,-0.0113578327654838,-0.0644678073167579,0.1784615194103103,-0.0199899788622458,-0.0802113302470783,2019-02-13,2019-02-14,2019-02-15,2019-02-19,2019-02-20,2019-02-21,2019-02-22,2019-02-25,2019-02-26,2019-02-27,15980.0,2019-02-12,252.0,4.4909%,0.002,1.3696,1.4294,0.2793,2.7601%,3.1891%,25.0935%,0.026324,UA,15980.0,2019-02-13,252.0,-0.6497%,0.0017,1.347,1.4621,0.2818,2.7469%,3.1703%,24.9274%,-0.011485,UA,15980.0,2019-02-14,252.0,-0.5030%,0.0011,1.3391,1.4512,0.311,2.5698%,3.0090%,27.0577%,-0.00827,UA,15980.0,2019-02-15,252.0,-3.7412%,0.0007,1.276,1.3881,0.2001,2.5889%,2.9993%,25.4935%,-0.0577639999999999,UA,15980.0,2019-02-19,252.0,1.8382%,0.0007,1.2744,1.3997,0.2133,2.5887%,2.9976%,25.4196%,0.0112319999999999,UA,15980.0,2019-02-20,252.0,-1.0830%,0.0009,1.2743,1.4224,0.2189,2.5699%,2.9838%,25.8146%,-0.0176039999999999,UA,15980.0,2019-02-21,252.0,1.1992%,0.001,1.2663,1.4101,0.2042,2.5713%,2.9804%,25.5711%,0.018106,UA,15980.0,2019-02-22,252.0,1.2880%,0.001,1.2658,1.4276,0.2141,2.5700%,2.9810%,25.6744%,-0.000205,UA,15980.0,2019-02-25,252.0,-0.1526%,0.0011,1.263,1.425,0.2024,2.5655%,2.9771%,25.7380%,0.000572,UA,15980.0,2019-02-26,252.0,-1.3245%,0.0011,1.2593,1.4323,0.2033,2.5652%,2.9757%,25.6884%,-0.0015359999999999,UA,15980.0,2019-02-27,252.0,3.6655%,0.0012,1.2599,1.4405,0.2035,2.5730%,2.9837%,25.6341%,0.032944,UA,0.014839,0.006569,-0.051195,-0.0575669999999999,-0.0076859999999999
11331,UNDER ARMOUR INC,"Under Armour Q4 Adj. EPS $0.09 Beats $0.06 Estimate, Sales $1.4B Beat $1.39B Estimate",6,increase,0.8,0.6,the positive earnings surprise and sales beat are likely to boost investor confidence and lead to an increase in under armour's stock price.,2,2019-02-12,UA,2019-02-12 11:55:00+00:00,15980.0,90431120,0.0449086502194404,10149675.0,-0.0064968047663569,0.0057772425934672,-0.0050301044248044,0.0220076106488704,-0.0374115146696567,-0.0158479213714599,0.0183822717517614,-0.0089005278423428,-0.0108302775770425,0.0089804586023092,0.0119916340336203,0.0037115425802767,0.0128799593076109,-0.0042238608002662,-0.001525975880213,-0.003682256443426,-0.013244948349893,0.004226092249155,0.0366545729339122,-0.0227155666798353,0.0,-0.0061569488607347,0.016434259712696,0.0334039852023124,-0.0274375043809413,0.0250000543892383,-0.0010075797326862,-0.0102205770090222,-0.0201714374125003,0.0021563835907727,-0.0036026604939252,0.022038547322154,-0.0129132224246859,0.0213843081146478,0.0303505975753068,-0.0083705140277743,0.0,0.0022371876984834,0.0005078836111351,0.0011197396088391,0.010152225382626,0.0176638960838317,-0.0050251446664333,-0.0039728488773107,0.0025253104977309,0.0220418255776166,-0.0060453820042312,0.0075978464446961,-0.0369994714856147,0.0307229049503803,0.0147368786856532,0.040100272744894,-0.0451245233416557,-0.0297872759401798,0.0092341164126992,0.0173160601407289,0.0005382254603318,0.0112570552155375,0.0069929617457091,-0.0160000137984752,0.012286402285099,0.0012323141563683,-0.0042216316796839,0.0684660971164703,-0.001589861465618,-0.0142764616757631,0.0100849540904164,-0.0416666716337204,0.0057802782393991,-0.0336538143455982,0.0329154171049594,-0.0436781756579875,-0.0065756733529269,0.0223266240209341,-0.0071282787248492,-0.0400450713932514,-0.0405128672719001,-0.0044918544590473,0.032602921128273,-0.0631247088313102,0.0010352204553782,-0.0891231670975685,0.0180972274392843,-0.006663464475423,0.0040629720315337,-0.0480289757251739,-0.013657079078257,-0.0225863698869943,0.0082051204517483,0.0277651622891426,0.0040691723115742,-0.0248558074235916,-0.0101316543295979,0.0089565953239798,0.0204708091914653,0.0266666635870933,0.0180540960282087,0.0083449380472302,-0.0098521606996655,0.0573529452085495,0.0149253346025943,-0.0125847160816192,0.0078431302681565,0.0288844592869281,0.0077820941805839,0.0024962173774838,-0.050193004310131,0.0335398130118846,0.0360771901905536,-0.002059779362753,-0.0073565286584198,-0.0390895120799541,-0.0187746621668338,-0.0330143794417381,-0.0176233816891908,-0.0023866894189268,0.0148641215637326,-0.0075793387368321,-0.0095958905294537,0.013928959146142,-0.0064968047663569,0.0057772425934672,-0.011494229584759,0.0279119965479588,-0.0484757277156892,0.0116217280498862,-0.041479256264493,0.0116217279873067,0.0034982370003513,-0.0113578327654838,-0.0644678073167579,0.1784615194103103,-0.0199899788622458,-0.0802113302470783,2019-02-13,2019-02-14,2019-02-15,2019-02-19,2019-02-20,2019-02-21,2019-02-22,2019-02-25,2019-02-26,2019-02-27,15980.0,2019-02-12,252.0,4.4909%,0.002,1.3696,1.4294,0.2793,2.7601%,3.1891%,25.0935%,0.026324,UA,15980.0,2019-02-13,252.0,-0.6497%,0.0017,1.347,1.4621,0.2818,2.7469%,3.1703%,24.9274%,-0.011485,UA,15980.0,2019-02-14,252.0,-0.5030%,0.0011,1.3391,1.4512,0.311,2.5698%,3.0090%,27.0577%,-0.00827,UA,15980.0,2019-02-15,252.0,-3.7412%,0.0007,1.276,1.3881,0.2001,2.5889%,2.9993%,25.4935%,-0.0577639999999999,UA,15980.0,2019-02-19,252.0,1.8382%,0.0007,1.2744,1.3997,0.2133,2.5887%,2.9976%,25.4196%,0.0112319999999999,UA,15980.0,2019-02-20,252.0,-1.0830%,0.0009,1.2743,1.4224,0.2189,2.5699%,2.9838%,25.8146%,-0.0176039999999999,UA,15980.0,2019-02-21,252.0,1.1992%,0.001,1.2663,1.4101,0.2042,2.5713%,2.9804%,25.5711%,0.018106,UA,15980.0,2019-02-22,252.0,1.2880%,0.001,1.2658,1.4276,0.2141,2.5700%,2.9810%,25.6744%,-0.000205,UA,15980.0,2019-02-25,252.0,-0.1526%,0.0011,1.263,1.425,0.2024,2.5655%,2.9771%,25.7380%,0.000572,UA,15980.0,2019-02-26,252.0,-1.3245%,0.0011,1.2593,1.4323,0.2033,2.5652%,2.9757%,25.6884%,-0.0015359999999999,UA,15980.0,2019-02-27,252.0,3.6655%,0.0012,1.2599,1.4405,0.2035,2.5730%,2.9837%,25.6341%,0.032944,UA,0.014839,0.006569,-0.051195,-0.0575669999999999,-0.0076859999999999
11339,U D R INC,"UDR Sees Q1 EPS $0.09-$0.11 vs $0.09 Est., AFFO $0.46-$0.48, Sees FY19 EPS $0.38-$0.42 vs $0.38 Est., AFFO $1.87-$1.91",6,uncertain,0.6,0.2,"while udr's eps and affo guidance aligns with estimates, the lack of significant positive deviation may lead to mixed investor reactions, resulting in uncertainty about the stock's movement.",1,2019-02-12,UDR,2019-02-12 21:23:00+00:00,59300.0,90265310,-0.0067370142787694,1564609.0,0.0094958618283271,-0.0013456239830702,-0.0002240120084024,0.0026984242722392,-0.0011200546287,0.0102226436138153,0.002915475750342,-0.0015876546967774,-0.0087209166958928,0.0040993010625243,0.009248811751604,0.0119843389838933,0.0031291770283132,-0.0082285851240158,-0.007798624690622,0.0027503764722496,0.0017965828301385,0.0085529992356896,-0.0053799971938133,0.0067488267086446,0.001126870396547,0.0129656549543142,-0.0024762898683547,0.0124104209244251,0.0099300071597099,-0.0014298751484602,0.003351989435032,0.0021495141554623,-0.0051225689239799,0.0045585082843899,-0.0002238263259641,0.0036118836142122,0.0051500122062861,0.0060562016442418,0.0,0.0110212322324514,0.0020049042068421,0.0176969822496175,0.0035571332555264,-0.0007472625584341,0.0042091812938451,0.0034992054570466,-0.0044121057726442,0.0230119582265615,-0.0115222791209816,-0.0012031140504404,-0.0020174882374703,0.0227979552000761,-0.0004492465814109,0.0020767915993928,0.0141573278233408,-0.001555245486088,-0.003323765238747,0.0049492693506181,0.0020008927676826,-0.031044915318489,0.0077656637877225,0.006350012961775,-0.0022016398143023,-0.00379558512941,0.0039717629551887,0.0,-0.0008791409782133,0.0270270518958568,-0.0043994891457259,-0.0526833944022655,0.0097216628491878,-0.0116788214072585,0.0015317219076678,-0.0024272399023175,-0.0074284500442445,-0.0007275959360413,0.0041822283528745,0.0125245163217186,-0.0041100126691162,-0.0307069066911935,0.0008871349855326,0.0026252218522131,0.0050963778048753,0.0174842458218336,0.0026454790495336,-0.0296889338642358,0.007036053109914,0.0028355135582387,-0.0015283776447176,-0.0025925196241587,-0.0273343548178672,-0.0111861927434802,-0.0175359435379505,0.0270464606583118,0.0121281184256076,-0.0247432626783847,-0.0162785723805427,0.005161924753338,0.0135601051151752,0.0174265820533037,0.0081632798537611,0.0026328533422201,0.005173179320991,0.0050516980700194,0.0076079694554209,0.0065375412814319,-0.0142127340659499,0.002670566085726,0.0126154851168394,0.000485801778268,-0.0100111402571201,-0.0036302402149885,-0.0053932960145175,-0.0028957272879779,0.0047447560355067,0.0090089831501245,-0.0022487584501504,0.0153275383636355,-0.0184809491038322,-0.0134146157652139,0.0011480881366878,-0.0046127368696033,0.0025229498278349,0.0026776238810271,0.0094958618283271,-0.0013456239830702,0.009269722632845,0.0013491692247518,0.0081392854084034,0.0115856049147264,0.0022609597545404,0.0141197665460688,0.0031652576637677,0.0363043406382992,0.0246439098958599,0.1360625357073461,-0.0042501223616278,0.0929208855856913,2019-02-13,2019-02-14,2019-02-15,2019-02-19,2019-02-20,2019-02-21,2019-02-22,2019-02-25,2019-02-26,2019-02-27,59300.0,2019-02-12,252.0,-0.6737%,0.0011,0.4105,-0.3462,0.0275,1.0410%,1.1386%,16.4081%,-0.012519,UDR,59300.0,2019-02-13,252.0,0.9496%,0.0012,0.4163,-0.3529,0.0281,1.0400%,1.1396%,16.7106%,0.008435,UDR,59300.0,2019-02-14,252.0,-0.0224%,0.0012,0.4156,-0.3524,0.0281,1.0394%,1.1388%,16.6991%,0.002548,UDR,59300.0,2019-02-15,252.0,-0.1120%,0.0012,0.4221,-0.3472,0.0379,1.0369%,1.1380%,16.9687%,-0.00517,UDR,59300.0,2019-02-19,252.0,0.2915%,0.0012,0.4189,-0.3411,0.0451,1.0345%,1.1331%,16.6489%,0.002907,UDR,59300.0,2019-02-20,252.0,-0.8721%,0.0011,0.4155,-0.3513,0.0322,1.0358%,1.1344%,16.6295%,-0.009114,UDR,59300.0,2019-02-21,252.0,0.9249%,0.0012,0.4095,-0.3613,0.0212,1.0353%,1.1330%,16.5049%,0.0105139999999999,UDR,59300.0,2019-02-22,252.0,0.3129%,0.0013,0.4079,-0.325,0.0353,1.0216%,1.1160%,16.2025%,0.002667,UDR,59300.0,2019-02-25,252.0,-0.7799%,0.0012,0.4086,-0.3191,0.041,1.0231%,1.1170%,16.0973%,-0.009292,UDR,59300.0,2019-02-26,252.0,0.1797%,0.0012,0.4014,-0.311,0.0397,1.0202%,1.1101%,15.5363%,0.000443,UDR,59300.0,2019-02-27,252.0,-0.5380%,0.0012,0.4045,-0.3184,0.0402,1.0199%,1.1108%,15.6950%,-0.005203,UDR,-0.004084,-0.001536,-0.006706,-0.012913,-0.013784
11347,U D R INC,"UDR Q4 FFO $0.49 Up From $0.48 YoY, Sales $267.67M Beat $263.51M Estimate",6,increase,0.8,0.6,"the increase in ffo and sales beating estimates typically signals strong financial performance, which is likely to positively influence investor sentiment and drive the stock price up.",2,2019-02-12,UDR,2019-02-12 21:22:00+00:00,59300.0,90265310,-0.0067370142787694,1564609.0,0.0094958618283271,-0.0013456239830702,-0.0002240120084024,0.0026984242722392,-0.0011200546287,0.0102226436138153,0.002915475750342,-0.0015876546967774,-0.0087209166958928,0.0040993010625243,0.009248811751604,0.0119843389838933,0.0031291770283132,-0.0082285851240158,-0.007798624690622,0.0027503764722496,0.0017965828301385,0.0085529992356896,-0.0053799971938133,0.0067488267086446,0.001126870396547,0.0129656549543142,-0.0024762898683547,0.0124104209244251,0.0099300071597099,-0.0014298751484602,0.003351989435032,0.0021495141554623,-0.0051225689239799,0.0045585082843899,-0.0002238263259641,0.0036118836142122,0.0051500122062861,0.0060562016442418,0.0,0.0110212322324514,0.0020049042068421,0.0176969822496175,0.0035571332555264,-0.0007472625584341,0.0042091812938451,0.0034992054570466,-0.0044121057726442,0.0230119582265615,-0.0115222791209816,-0.0012031140504404,-0.0020174882374703,0.0227979552000761,-0.0004492465814109,0.0020767915993928,0.0141573278233408,-0.001555245486088,-0.003323765238747,0.0049492693506181,0.0020008927676826,-0.031044915318489,0.0077656637877225,0.006350012961775,-0.0022016398143023,-0.00379558512941,0.0039717629551887,0.0,-0.0008791409782133,0.0270270518958568,-0.0043994891457259,-0.0526833944022655,0.0097216628491878,-0.0116788214072585,0.0015317219076678,-0.0024272399023175,-0.0074284500442445,-0.0007275959360413,0.0041822283528745,0.0125245163217186,-0.0041100126691162,-0.0307069066911935,0.0008871349855326,0.0026252218522131,0.0050963778048753,0.0174842458218336,0.0026454790495336,-0.0296889338642358,0.007036053109914,0.0028355135582387,-0.0015283776447176,-0.0025925196241587,-0.0273343548178672,-0.0111861927434802,-0.0175359435379505,0.0270464606583118,0.0121281184256076,-0.0247432626783847,-0.0162785723805427,0.005161924753338,0.0135601051151752,0.0174265820533037,0.0081632798537611,0.0026328533422201,0.005173179320991,0.0050516980700194,0.0076079694554209,0.0065375412814319,-0.0142127340659499,0.002670566085726,0.0126154851168394,0.000485801778268,-0.0100111402571201,-0.0036302402149885,-0.0053932960145175,-0.0028957272879779,0.0047447560355067,0.0090089831501245,-0.0022487584501504,0.0153275383636355,-0.0184809491038322,-0.0134146157652139,0.0011480881366878,-0.0046127368696033,0.0025229498278349,0.0026776238810271,0.0094958618283271,-0.0013456239830702,0.009269722632845,0.0013491692247518,0.0081392854084034,0.0115856049147264,0.0022609597545404,0.0141197665460688,0.0031652576637677,0.0363043406382992,0.0246439098958599,0.1360625357073461,-0.0042501223616278,0.0929208855856913,2019-02-13,2019-02-14,2019-02-15,2019-02-19,2019-02-20,2019-02-21,2019-02-22,2019-02-25,2019-02-26,2019-02-27,59300.0,2019-02-12,252.0,-0.6737%,0.0011,0.4105,-0.3462,0.0275,1.0410%,1.1386%,16.4081%,-0.012519,UDR,59300.0,2019-02-13,252.0,0.9496%,0.0012,0.4163,-0.3529,0.0281,1.0400%,1.1396%,16.7106%,0.008435,UDR,59300.0,2019-02-14,252.0,-0.0224%,0.0012,0.4156,-0.3524,0.0281,1.0394%,1.1388%,16.6991%,0.002548,UDR,59300.0,2019-02-15,252.0,-0.1120%,0.0012,0.4221,-0.3472,0.0379,1.0369%,1.1380%,16.9687%,-0.00517,UDR,59300.0,2019-02-19,252.0,0.2915%,0.0012,0.4189,-0.3411,0.0451,1.0345%,1.1331%,16.6489%,0.002907,UDR,59300.0,2019-02-20,252.0,-0.8721%,0.0011,0.4155,-0.3513,0.0322,1.0358%,1.1344%,16.6295%,-0.009114,UDR,59300.0,2019-02-21,252.0,0.9249%,0.0012,0.4095,-0.3613,0.0212,1.0353%,1.1330%,16.5049%,0.0105139999999999,UDR,59300.0,2019-02-22,252.0,0.3129%,0.0013,0.4079,-0.325,0.0353,1.0216%,1.1160%,16.2025%,0.002667,UDR,59300.0,2019-02-25,252.0,-0.7799%,0.0012,0.4086,-0.3191,0.041,1.0231%,1.1170%,16.0973%,-0.009292,UDR,59300.0,2019-02-26,252.0,0.1797%,0.0012,0.4014,-0.311,0.0397,1.0202%,1.1101%,15.5363%,0.000443,UDR,59300.0,2019-02-27,252.0,-0.5380%,0.0012,0.4045,-0.3184,0.0402,1.0199%,1.1108%,15.6950%,-0.005203,UDR,-0.004084,-0.001536,-0.006706,-0.012913,-0.013784
11355,UNISYS CORP,"Unisys Q4 EPS $0.97 Beats $0.66 Estimate, Sales $760.9M Beat $751.9M Estimate",6,increase,0.85,0.7,"the earnings per share and sales figures both exceeded analyst estimates, which typically signals strong performance and can lead to a positive reaction in the stock price.",2,2019-02-12,UIS,2019-02-12 21:37:00+00:00,10890.0,90921430,0.0260374043136835,938811.0,0.1467089951038361,-0.0299921166151762,-0.0401106439530849,-0.0078308833763003,-0.0057636830024421,-0.0266767852008342,0.0094202980399131,0.0022918053437024,-0.0050251721404492,-0.0090840188786387,-0.008658000268042,0.0232378151267767,-0.0007278186967596,-0.0129969473928213,0.0014566975878551,0.0046082539483904,-0.00799997523427,0.0325139425694942,0.0014662392204627,-0.0094265425577759,-0.0109809385612607,-0.0207692664116621,0.0111028579995036,0.0132502010092139,-0.0256222132593393,0.0182539317756891,-0.0097671011462807,-0.0039525087922811,-0.0257966723293066,-0.0350877232849597,-0.0147975487634539,0.0015278459759429,0.0,0.002297069877386,0.0355731844902038,0.0100541459396481,0.0,0.0149136995896697,0.0015266796108335,-0.0039093191735446,0.0137195354327559,0.0297906510531902,0.0045112380757927,-0.0032102698460221,0.0059880185872316,0.0146580059081316,-0.0022321231663227,0.0354131609201431,-0.0201341919600963,0.018025754019618,0.0,0.0355555228888988,-0.06316589564085,-0.0318416431546211,-0.0178716704249382,-0.0008598648710176,-0.0190240275114774,0.0219683647155761,-0.0177065804600715,-0.0026292491238564,-0.0077252532355487,0.0088416822254657,0.0095155406743288,0.050139270722866,0.00428450666368,0.0074837119318544,0.0085323741659522,-0.0489324033260345,0.0143824098631739,-0.0200523529201746,-0.0108423782512545,-0.0034752355422824,0.0,0.013204276561737,-0.0109612243250012,-0.0340136550366878,-0.0196078047156333,-0.0175438616424799,0.0156522002071142,-0.0354552455246448,-0.0239726603031158,-0.0236034765839576,0.0,-0.0238095559179782,-0.0210526119917631,0.0211765058338642,0.0053763817995786,-0.0169622413814067,-0.0294117573648691,0.0038699838332831,-0.0055096801370382,-0.0471976622939109,0.0018467643531039,0.0029585768934339,0.0175114814192056,-0.0022140024229884,0.0081521878018975,0.0029607668984681,-0.021563321352005,0.0097160022705793,0.0101009784266352,-0.015452541410923,0.003636360168457,0.0066666780039668,0.0153985572978854,0.0022271515335887,-0.0026761582121253,0.0082335788756608,-0.0071556279435753,-0.0571630485355854,-0.0576576851308345,-0.0540720634162426,0.0076481760479509,-0.0266407281160354,-0.0455407537519931,0.0045692329294979,0.0039761392399668,0.0138980839401483,-0.0198020543903112,-0.0169160850346088,0.146708995103836,-0.0299921166151762,0.1007137588834261,-0.0375881352240546,0.0943695937007955,-0.0632621898154169,0.0991276799001246,-0.06964421480838,0.0832672664292666,-0.0345639895660394,-0.0761300578139076,0.0771253396756448,-0.2149088065881541,-0.2003903693082591,2019-02-13,2019-02-14,2019-02-15,2019-02-19,2019-02-20,2019-02-21,2019-02-22,2019-02-25,2019-02-26,2019-02-27,10890.0,2019-02-12,252.0,2.6037%,0.0007,1.1458,0.821,-0.4806,2.1351%,2.5972%,32.4149%,0.008194,UIS,10890.0,2019-02-13,252.0,14.6709%,0.0011,1.1575,0.859,-0.4393,2.3125%,2.7458%,29.0698%,0.143245,UIS,10890.0,2019-02-14,252.0,-4.0111%,0.0008,1.1651,0.8323,-0.4048,2.3111%,2.7386%,28.7875%,-0.044794,UIS,10890.0,2019-02-15,252.0,-0.5764%,0.0007,1.1443,0.8115,-0.4414,2.3137%,2.7339%,28.3804%,-0.019167,UIS,10890.0,2019-02-19,252.0,0.9420%,0.0008,1.1506,0.8076,-0.4462,2.3116%,2.7344%,28.5313%,0.006117,UIS,10890.0,2019-02-20,252.0,-0.5025%,0.0007,1.1484,0.8023,-0.454,2.3121%,2.7346%,28.5144%,-0.006634,UIS,10890.0,2019-02-21,252.0,-0.8658%,0.0005,1.1705,0.8462,-0.4134,2.2834%,2.7183%,29.4394%,-0.004992,UIS,10890.0,2019-02-22,252.0,-0.0728%,0.0005,1.1726,0.8609,-0.3747,2.2849%,2.7169%,29.2727%,-0.019168,UIS,10890.0,2019-02-25,252.0,0.1457%,0.0005,1.1718,0.8598,-0.3783,2.2845%,2.7167%,29.2876%,0.001162,UIS,10890.0,2019-02-26,252.0,-0.8000%,0.0006,1.1846,0.8509,-0.3733,2.2809%,2.7171%,29.5291%,-0.001971,UIS,10890.0,2019-02-27,252.0,0.1466%,0.0007,1.2025,0.8183,-0.3703,2.2665%,2.7097%,30.0387%,-0.0017649999999999,UIS,0.151439,0.106645,0.087478,0.086961,0.060227
11363,VARONIS SYSTEMS INC,Mid-Morning Market Update: Markets Open Higher; US Foods Profit Misses Expectations,6,uncertain,0.5,0.1,"the news primarily focuses on the broader market trends and a specific company's earnings miss, which does not directly indicate the performance of varonis systems inc.",1,2019-02-12,VRNS,2019-02-12 15:19:00+00:00,14472.0,92228010,-0.1364915519952774,6767306.0,-0.0105015030130744,0.0194452889263629,0.015919467434287,0.0290306769311428,-0.0192723292857408,-0.03006680496037,-0.0075298408046364,-0.0022222124971449,-0.008882300928235,0.0063898009248077,0.0184839032590389,0.0157390460371971,-0.0097158346325159,0.0431618019938468,-0.0118474522605538,0.0274782925844192,-0.0114275123924017,0.0033152787946164,0.0236877016723156,0.0296442955732345,0.0544242598116397,0.009796823374927,0.0298455189913511,0.0249163284897804,0.0093760527670383,0.0243809297680854,0.0172268282622098,0.0070976200513541,-0.0361945927143096,-0.000383517879527,0.0005168405477888,0.0275862365961074,-0.0029270313680171,0.0081446133553981,0.0590571910142898,-0.0360015518963336,0.0125549752265214,0.0307935532182455,-0.0272141490131616,-0.0387096926569938,-0.0046349740587174,-0.0075329137034714,-0.0113088358193635,-0.0294279046356678,0.0077375792898237,0.0012811071937903,0.0253713987767696,0.0332828722894191,0.0055347573943436,0.0269955210387706,0.02169338054955,0.050601989030838,-0.0467437915503978,-0.0464981161057949,0.0029920262750238,-0.02835538610816,0.0195558555424213,-0.0024513909593224,-0.032022126019001,-0.001506342086941,-0.0083963060751557,-0.0039384672418236,0.0098222158849239,0.0512617975473403,0.024316631257534,-0.0039276699535548,0.0001636922243051,-0.0478683896362781,-0.0021280252840369,0.0001869893603725,-0.0114829521626234,-0.0141961732879281,0.0137736778706312,0.021084388718009,0.0060566202737391,-0.0599893741309642,-0.0027659968473017,-0.0190939474850893,0.005221074912697,-0.0094566578045487,-0.0056809331290423,0.012006239965558,0.0231799222528934,-0.0093086902052164,0.0011167788179591,0.0249116588383913,-0.0087649282068014,-0.0146239586174488,-0.0127009795978665,0.014840992167592,-0.0231232400983572,-0.0406779907643795,0.0236705802381038,0.0188223123550415,0.0460836663842201,0.0032917293719947,0.0062266741879284,0.005224713589996,0.025526013225317,0.0405943803489208,0.0248906556516885,-0.020241467282176,-0.0164851732552051,0.0383480452001094,0.0648009851574897,0.0022173456382006,-0.0125087751075625,0.0249999947845935,0.0247651264071464,-0.0043371589854359,0.0086111491546034,-0.103314183652401,-0.0052327853627502,-0.0013509258860722,-0.0181339643895626,0.0173510070890188,-0.000281920802081,0.0005156201077625,0.0042306501418352,-0.0122241294011473,-0.0105015030130743,0.0194452889263629,0.0052507860859849,0.0490404757581597,-0.0141227380782139,0.0174991803780053,-0.030237157681495,0.0217252502123033,-0.0219083663880681,0.1491196435607005,0.0782183546952051,0.2042929500213057,0.2893354974044049,0.0859082716566475,2019-02-13,2019-02-14,2019-02-15,2019-02-19,2019-02-20,2019-02-21,2019-02-22,2019-02-25,2019-02-26,2019-02-27,14472.0,2019-02-12,252.0,-13.6492%,-0.0004,0.7874,0.8767,-1.3884,2.3298%,2.8143%,31.4663%,-0.15087,VRNS,14472.0,2019-02-13,252.0,-1.0502%,-0.0005,0.7772,0.8891,-1.3891,2.3282%,2.8096%,31.3340%,-0.01236,VRNS,14472.0,2019-02-14,252.0,1.5919%,-0.0005,0.7761,0.892,-1.3924,2.3284%,2.8112%,31.3975%,0.004771,VRNS,14472.0,2019-02-15,252.0,-1.9272%,-0.0003,0.8003,0.9113,-1.3563,2.3134%,2.8019%,31.8338%,-0.0236879999999999,VRNS,14472.0,2019-02-19,252.0,-0.7530%,-0.0003,0.8041,0.8994,-1.37,2.3114%,2.8024%,31.9715%,-0.007724,VRNS,14472.0,2019-02-20,252.0,-0.8882%,-0.0007,0.795,0.843,-1.4119,2.2514%,2.7532%,33.1292%,-0.004954,VRNS,14472.0,2019-02-21,252.0,1.8484%,-0.0006,0.7898,0.8367,-1.4215,2.2546%,2.7552%,33.0340%,0.018668,VRNS,14472.0,2019-02-22,252.0,-0.9716%,-0.0009,0.7974,0.7808,-1.3819,2.2575%,2.7476%,32.4926%,-0.040448,VRNS,14472.0,2019-02-25,252.0,-1.1847%,-0.0008,0.7936,0.7833,-1.3947,2.2493%,2.7431%,32.7607%,-0.013601,VRNS,14472.0,2019-02-26,252.0,-1.1428%,-0.0009,0.7841,0.805,-1.3908,2.2468%,2.7378%,32.6498%,-0.009847,VRNS,14472.0,2019-02-27,252.0,2.3688%,-0.0007,0.7987,0.7852,-1.3883,2.2416%,2.7366%,32.9056%,0.019684,VRNS,-0.16323,-0.158459,-0.182147,-0.194825,-0.220369
11371,VARONIS SYSTEMS INC,Varonis Systems shares are trading lower after the company issued Q1 and FY19 guidance below analyst estimates; analysts at multiple firms subsequently downgraded the company's stock.,6,decrease,0.85,0.7,the issuance of lower-than-expected guidance and subsequent downgrades by analysts typically lead to a decline in stock price due to negative investor sentiment.,0,2019-02-12,VRNS,2019-02-12 14:43:00+00:00,14472.0,92228010,-0.1364915519952774,6767306.0,-0.0105015030130744,0.0194452889263629,0.015919467434287,0.0290306769311428,-0.0192723292857408,-0.03006680496037,-0.0075298408046364,-0.0022222124971449,-0.008882300928235,0.0063898009248077,0.0184839032590389,0.0157390460371971,-0.0097158346325159,0.0431618019938468,-0.0118474522605538,0.0274782925844192,-0.0114275123924017,0.0033152787946164,0.0236877016723156,0.0296442955732345,0.0544242598116397,0.009796823374927,0.0298455189913511,0.0249163284897804,0.0093760527670383,0.0243809297680854,0.0172268282622098,0.0070976200513541,-0.0361945927143096,-0.000383517879527,0.0005168405477888,0.0275862365961074,-0.0029270313680171,0.0081446133553981,0.0590571910142898,-0.0360015518963336,0.0125549752265214,0.0307935532182455,-0.0272141490131616,-0.0387096926569938,-0.0046349740587174,-0.0075329137034714,-0.0113088358193635,-0.0294279046356678,0.0077375792898237,0.0012811071937903,0.0253713987767696,0.0332828722894191,0.0055347573943436,0.0269955210387706,0.02169338054955,0.050601989030838,-0.0467437915503978,-0.0464981161057949,0.0029920262750238,-0.02835538610816,0.0195558555424213,-0.0024513909593224,-0.032022126019001,-0.001506342086941,-0.0083963060751557,-0.0039384672418236,0.0098222158849239,0.0512617975473403,0.024316631257534,-0.0039276699535548,0.0001636922243051,-0.0478683896362781,-0.0021280252840369,0.0001869893603725,-0.0114829521626234,-0.0141961732879281,0.0137736778706312,0.021084388718009,0.0060566202737391,-0.0599893741309642,-0.0027659968473017,-0.0190939474850893,0.005221074912697,-0.0094566578045487,-0.0056809331290423,0.012006239965558,0.0231799222528934,-0.0093086902052164,0.0011167788179591,0.0249116588383913,-0.0087649282068014,-0.0146239586174488,-0.0127009795978665,0.014840992167592,-0.0231232400983572,-0.0406779907643795,0.0236705802381038,0.0188223123550415,0.0460836663842201,0.0032917293719947,0.0062266741879284,0.005224713589996,0.025526013225317,0.0405943803489208,0.0248906556516885,-0.020241467282176,-0.0164851732552051,0.0383480452001094,0.0648009851574897,0.0022173456382006,-0.0125087751075625,0.0249999947845935,0.0247651264071464,-0.0043371589854359,0.0086111491546034,-0.103314183652401,-0.0052327853627502,-0.0013509258860722,-0.0181339643895626,0.0173510070890188,-0.000281920802081,0.0005156201077625,0.0042306501418352,-0.0122241294011473,-0.0105015030130743,0.0194452889263629,0.0052507860859849,0.0490404757581597,-0.0141227380782139,0.0174991803780053,-0.030237157681495,0.0217252502123033,-0.0219083663880681,0.1491196435607005,0.0782183546952051,0.2042929500213057,0.2893354974044049,0.0859082716566475,2019-02-13,2019-02-14,2019-02-15,2019-02-19,2019-02-20,2019-02-21,2019-02-22,2019-02-25,2019-02-26,2019-02-27,14472.0,2019-02-12,252.0,-13.6492%,-0.0004,0.7874,0.8767,-1.3884,2.3298%,2.8143%,31.4663%,-0.15087,VRNS,14472.0,2019-02-13,252.0,-1.0502%,-0.0005,0.7772,0.8891,-1.3891,2.3282%,2.8096%,31.3340%,-0.01236,VRNS,14472.0,2019-02-14,252.0,1.5919%,-0.0005,0.7761,0.892,-1.3924,2.3284%,2.8112%,31.3975%,0.004771,VRNS,14472.0,2019-02-15,252.0,-1.9272%,-0.0003,0.8003,0.9113,-1.3563,2.3134%,2.8019%,31.8338%,-0.0236879999999999,VRNS,14472.0,2019-02-19,252.0,-0.7530%,-0.0003,0.8041,0.8994,-1.37,2.3114%,2.8024%,31.9715%,-0.007724,VRNS,14472.0,2019-02-20,252.0,-0.8882%,-0.0007,0.795,0.843,-1.4119,2.2514%,2.7532%,33.1292%,-0.004954,VRNS,14472.0,2019-02-21,252.0,1.8484%,-0.0006,0.7898,0.8367,-1.4215,2.2546%,2.7552%,33.0340%,0.018668,VRNS,14472.0,2019-02-22,252.0,-0.9716%,-0.0009,0.7974,0.7808,-1.3819,2.2575%,2.7476%,32.4926%,-0.040448,VRNS,14472.0,2019-02-25,252.0,-1.1847%,-0.0008,0.7936,0.7833,-1.3947,2.2493%,2.7431%,32.7607%,-0.013601,VRNS,14472.0,2019-02-26,252.0,-1.1428%,-0.0009,0.7841,0.805,-1.3908,2.2468%,2.7378%,32.6498%,-0.009847,VRNS,14472.0,2019-02-27,252.0,2.3688%,-0.0007,0.7987,0.7852,-1.3883,2.2416%,2.7366%,32.9056%,0.019684,VRNS,-0.16323,-0.158459,-0.182147,-0.194825,-0.220369
11379,VARONIS SYSTEMS INC,Craig-Hallum Downgrades Varonis Systems to Hold,6,decrease,0.8,0.6,"a downgrade from an analyst typically signals reduced expectations for the company's performance, which can lead to a decline in stock price.",0,2019-02-12,VRNS,2019-02-12 12:42:00+00:00,14472.0,92228010,-0.1364915519952774,6767306.0,-0.0105015030130744,0.0194452889263629,0.015919467434287,0.0290306769311428,-0.0192723292857408,-0.03006680496037,-0.0075298408046364,-0.0022222124971449,-0.008882300928235,0.0063898009248077,0.0184839032590389,0.0157390460371971,-0.0097158346325159,0.0431618019938468,-0.0118474522605538,0.0274782925844192,-0.0114275123924017,0.0033152787946164,0.0236877016723156,0.0296442955732345,0.0544242598116397,0.009796823374927,0.0298455189913511,0.0249163284897804,0.0093760527670383,0.0243809297680854,0.0172268282622098,0.0070976200513541,-0.0361945927143096,-0.000383517879527,0.0005168405477888,0.0275862365961074,-0.0029270313680171,0.0081446133553981,0.0590571910142898,-0.0360015518963336,0.0125549752265214,0.0307935532182455,-0.0272141490131616,-0.0387096926569938,-0.0046349740587174,-0.0075329137034714,-0.0113088358193635,-0.0294279046356678,0.0077375792898237,0.0012811071937903,0.0253713987767696,0.0332828722894191,0.0055347573943436,0.0269955210387706,0.02169338054955,0.050601989030838,-0.0467437915503978,-0.0464981161057949,0.0029920262750238,-0.02835538610816,0.0195558555424213,-0.0024513909593224,-0.032022126019001,-0.001506342086941,-0.0083963060751557,-0.0039384672418236,0.0098222158849239,0.0512617975473403,0.024316631257534,-0.0039276699535548,0.0001636922243051,-0.0478683896362781,-0.0021280252840369,0.0001869893603725,-0.0114829521626234,-0.0141961732879281,0.0137736778706312,0.021084388718009,0.0060566202737391,-0.0599893741309642,-0.0027659968473017,-0.0190939474850893,0.005221074912697,-0.0094566578045487,-0.0056809331290423,0.012006239965558,0.0231799222528934,-0.0093086902052164,0.0011167788179591,0.0249116588383913,-0.0087649282068014,-0.0146239586174488,-0.0127009795978665,0.014840992167592,-0.0231232400983572,-0.0406779907643795,0.0236705802381038,0.0188223123550415,0.0460836663842201,0.0032917293719947,0.0062266741879284,0.005224713589996,0.025526013225317,0.0405943803489208,0.0248906556516885,-0.020241467282176,-0.0164851732552051,0.0383480452001094,0.0648009851574897,0.0022173456382006,-0.0125087751075625,0.0249999947845935,0.0247651264071464,-0.0043371589854359,0.0086111491546034,-0.103314183652401,-0.0052327853627502,-0.0013509258860722,-0.0181339643895626,0.0173510070890188,-0.000281920802081,0.0005156201077625,0.0042306501418352,-0.0122241294011473,-0.0105015030130743,0.0194452889263629,0.0052507860859849,0.0490404757581597,-0.0141227380782139,0.0174991803780053,-0.030237157681495,0.0217252502123033,-0.0219083663880681,0.1491196435607005,0.0782183546952051,0.2042929500213057,0.2893354974044049,0.0859082716566475,2019-02-13,2019-02-14,2019-02-15,2019-02-19,2019-02-20,2019-02-21,2019-02-22,2019-02-25,2019-02-26,2019-02-27,14472.0,2019-02-12,252.0,-13.6492%,-0.0004,0.7874,0.8767,-1.3884,2.3298%,2.8143%,31.4663%,-0.15087,VRNS,14472.0,2019-02-13,252.0,-1.0502%,-0.0005,0.7772,0.8891,-1.3891,2.3282%,2.8096%,31.3340%,-0.01236,VRNS,14472.0,2019-02-14,252.0,1.5919%,-0.0005,0.7761,0.892,-1.3924,2.3284%,2.8112%,31.3975%,0.004771,VRNS,14472.0,2019-02-15,252.0,-1.9272%,-0.0003,0.8003,0.9113,-1.3563,2.3134%,2.8019%,31.8338%,-0.0236879999999999,VRNS,14472.0,2019-02-19,252.0,-0.7530%,-0.0003,0.8041,0.8994,-1.37,2.3114%,2.8024%,31.9715%,-0.007724,VRNS,14472.0,2019-02-20,252.0,-0.8882%,-0.0007,0.795,0.843,-1.4119,2.2514%,2.7532%,33.1292%,-0.004954,VRNS,14472.0,2019-02-21,252.0,1.8484%,-0.0006,0.7898,0.8367,-1.4215,2.2546%,2.7552%,33.0340%,0.018668,VRNS,14472.0,2019-02-22,252.0,-0.9716%,-0.0009,0.7974,0.7808,-1.3819,2.2575%,2.7476%,32.4926%,-0.040448,VRNS,14472.0,2019-02-25,252.0,-1.1847%,-0.0008,0.7936,0.7833,-1.3947,2.2493%,2.7431%,32.7607%,-0.013601,VRNS,14472.0,2019-02-26,252.0,-1.1428%,-0.0009,0.7841,0.805,-1.3908,2.2468%,2.7378%,32.6498%,-0.009847,VRNS,14472.0,2019-02-27,252.0,2.3688%,-0.0007,0.7987,0.7852,-1.3883,2.2416%,2.7366%,32.9056%,0.019684,VRNS,-0.16323,-0.158459,-0.182147,-0.194825,-0.220369
11387,VARONIS SYSTEMS INC,Benchmark Downgrades Varonis Systems to Hold,6,decrease,0.8,0.6,"a downgrade from benchmark typically signals reduced expectations for the company's performance, which can lead to a decline in stock price.",0,2019-02-12,VRNS,2019-02-12 12:19:00+00:00,14472.0,92228010,-0.1364915519952774,6767306.0,-0.0105015030130744,0.0194452889263629,0.015919467434287,0.0290306769311428,-0.0192723292857408,-0.03006680496037,-0.0075298408046364,-0.0022222124971449,-0.008882300928235,0.0063898009248077,0.0184839032590389,0.0157390460371971,-0.0097158346325159,0.0431618019938468,-0.0118474522605538,0.0274782925844192,-0.0114275123924017,0.0033152787946164,0.0236877016723156,0.0296442955732345,0.0544242598116397,0.009796823374927,0.0298455189913511,0.0249163284897804,0.0093760527670383,0.0243809297680854,0.0172268282622098,0.0070976200513541,-0.0361945927143096,-0.000383517879527,0.0005168405477888,0.0275862365961074,-0.0029270313680171,0.0081446133553981,0.0590571910142898,-0.0360015518963336,0.0125549752265214,0.0307935532182455,-0.0272141490131616,-0.0387096926569938,-0.0046349740587174,-0.0075329137034714,-0.0113088358193635,-0.0294279046356678,0.0077375792898237,0.0012811071937903,0.0253713987767696,0.0332828722894191,0.0055347573943436,0.0269955210387706,0.02169338054955,0.050601989030838,-0.0467437915503978,-0.0464981161057949,0.0029920262750238,-0.02835538610816,0.0195558555424213,-0.0024513909593224,-0.032022126019001,-0.001506342086941,-0.0083963060751557,-0.0039384672418236,0.0098222158849239,0.0512617975473403,0.024316631257534,-0.0039276699535548,0.0001636922243051,-0.0478683896362781,-0.0021280252840369,0.0001869893603725,-0.0114829521626234,-0.0141961732879281,0.0137736778706312,0.021084388718009,0.0060566202737391,-0.0599893741309642,-0.0027659968473017,-0.0190939474850893,0.005221074912697,-0.0094566578045487,-0.0056809331290423,0.012006239965558,0.0231799222528934,-0.0093086902052164,0.0011167788179591,0.0249116588383913,-0.0087649282068014,-0.0146239586174488,-0.0127009795978665,0.014840992167592,-0.0231232400983572,-0.0406779907643795,0.0236705802381038,0.0188223123550415,0.0460836663842201,0.0032917293719947,0.0062266741879284,0.005224713589996,0.025526013225317,0.0405943803489208,0.0248906556516885,-0.020241467282176,-0.0164851732552051,0.0383480452001094,0.0648009851574897,0.0022173456382006,-0.0125087751075625,0.0249999947845935,0.0247651264071464,-0.0043371589854359,0.0086111491546034,-0.103314183652401,-0.0052327853627502,-0.0013509258860722,-0.0181339643895626,0.0173510070890188,-0.000281920802081,0.0005156201077625,0.0042306501418352,-0.0122241294011473,-0.0105015030130743,0.0194452889263629,0.0052507860859849,0.0490404757581597,-0.0141227380782139,0.0174991803780053,-0.030237157681495,0.0217252502123033,-0.0219083663880681,0.1491196435607005,0.0782183546952051,0.2042929500213057,0.2893354974044049,0.0859082716566475,2019-02-13,2019-02-14,2019-02-15,2019-02-19,2019-02-20,2019-02-21,2019-02-22,2019-02-25,2019-02-26,2019-02-27,14472.0,2019-02-12,252.0,-13.6492%,-0.0004,0.7874,0.8767,-1.3884,2.3298%,2.8143%,31.4663%,-0.15087,VRNS,14472.0,2019-02-13,252.0,-1.0502%,-0.0005,0.7772,0.8891,-1.3891,2.3282%,2.8096%,31.3340%,-0.01236,VRNS,14472.0,2019-02-14,252.0,1.5919%,-0.0005,0.7761,0.892,-1.3924,2.3284%,2.8112%,31.3975%,0.004771,VRNS,14472.0,2019-02-15,252.0,-1.9272%,-0.0003,0.8003,0.9113,-1.3563,2.3134%,2.8019%,31.8338%,-0.0236879999999999,VRNS,14472.0,2019-02-19,252.0,-0.7530%,-0.0003,0.8041,0.8994,-1.37,2.3114%,2.8024%,31.9715%,-0.007724,VRNS,14472.0,2019-02-20,252.0,-0.8882%,-0.0007,0.795,0.843,-1.4119,2.2514%,2.7532%,33.1292%,-0.004954,VRNS,14472.0,2019-02-21,252.0,1.8484%,-0.0006,0.7898,0.8367,-1.4215,2.2546%,2.7552%,33.0340%,0.018668,VRNS,14472.0,2019-02-22,252.0,-0.9716%,-0.0009,0.7974,0.7808,-1.3819,2.2575%,2.7476%,32.4926%,-0.040448,VRNS,14472.0,2019-02-25,252.0,-1.1847%,-0.0008,0.7936,0.7833,-1.3947,2.2493%,2.7431%,32.7607%,-0.013601,VRNS,14472.0,2019-02-26,252.0,-1.1428%,-0.0009,0.7841,0.805,-1.3908,2.2468%,2.7378%,32.6498%,-0.009847,VRNS,14472.0,2019-02-27,252.0,2.3688%,-0.0007,0.7987,0.7852,-1.3883,2.2416%,2.7366%,32.9056%,0.019684,VRNS,-0.16323,-0.158459,-0.182147,-0.194825,-0.220369
11395,VARONIS SYSTEMS INC,JMP Securities Downgrades Varonis Systems to Market Perform,6,decrease,0.8,0.7,"a downgrade from jmp securities typically signals reduced expectations for the company's performance, which can lead to a decline in stock price.",0,2019-02-12,VRNS,2019-02-12 11:43:00+00:00,14472.0,92228010,-0.1364915519952774,6767306.0,-0.0105015030130744,0.0194452889263629,0.015919467434287,0.0290306769311428,-0.0192723292857408,-0.03006680496037,-0.0075298408046364,-0.0022222124971449,-0.008882300928235,0.0063898009248077,0.0184839032590389,0.0157390460371971,-0.0097158346325159,0.0431618019938468,-0.0118474522605538,0.0274782925844192,-0.0114275123924017,0.0033152787946164,0.0236877016723156,0.0296442955732345,0.0544242598116397,0.009796823374927,0.0298455189913511,0.0249163284897804,0.0093760527670383,0.0243809297680854,0.0172268282622098,0.0070976200513541,-0.0361945927143096,-0.000383517879527,0.0005168405477888,0.0275862365961074,-0.0029270313680171,0.0081446133553981,0.0590571910142898,-0.0360015518963336,0.0125549752265214,0.0307935532182455,-0.0272141490131616,-0.0387096926569938,-0.0046349740587174,-0.0075329137034714,-0.0113088358193635,-0.0294279046356678,0.0077375792898237,0.0012811071937903,0.0253713987767696,0.0332828722894191,0.0055347573943436,0.0269955210387706,0.02169338054955,0.050601989030838,-0.0467437915503978,-0.0464981161057949,0.0029920262750238,-0.02835538610816,0.0195558555424213,-0.0024513909593224,-0.032022126019001,-0.001506342086941,-0.0083963060751557,-0.0039384672418236,0.0098222158849239,0.0512617975473403,0.024316631257534,-0.0039276699535548,0.0001636922243051,-0.0478683896362781,-0.0021280252840369,0.0001869893603725,-0.0114829521626234,-0.0141961732879281,0.0137736778706312,0.021084388718009,0.0060566202737391,-0.0599893741309642,-0.0027659968473017,-0.0190939474850893,0.005221074912697,-0.0094566578045487,-0.0056809331290423,0.012006239965558,0.0231799222528934,-0.0093086902052164,0.0011167788179591,0.0249116588383913,-0.0087649282068014,-0.0146239586174488,-0.0127009795978665,0.014840992167592,-0.0231232400983572,-0.0406779907643795,0.0236705802381038,0.0188223123550415,0.0460836663842201,0.0032917293719947,0.0062266741879284,0.005224713589996,0.025526013225317,0.0405943803489208,0.0248906556516885,-0.020241467282176,-0.0164851732552051,0.0383480452001094,0.0648009851574897,0.0022173456382006,-0.0125087751075625,0.0249999947845935,0.0247651264071464,-0.0043371589854359,0.0086111491546034,-0.103314183652401,-0.0052327853627502,-0.0013509258860722,-0.0181339643895626,0.0173510070890188,-0.000281920802081,0.0005156201077625,0.0042306501418352,-0.0122241294011473,-0.0105015030130743,0.0194452889263629,0.0052507860859849,0.0490404757581597,-0.0141227380782139,0.0174991803780053,-0.030237157681495,0.0217252502123033,-0.0219083663880681,0.1491196435607005,0.0782183546952051,0.2042929500213057,0.2893354974044049,0.0859082716566475,2019-02-13,2019-02-14,2019-02-15,2019-02-19,2019-02-20,2019-02-21,2019-02-22,2019-02-25,2019-02-26,2019-02-27,14472.0,2019-02-12,252.0,-13.6492%,-0.0004,0.7874,0.8767,-1.3884,2.3298%,2.8143%,31.4663%,-0.15087,VRNS,14472.0,2019-02-13,252.0,-1.0502%,-0.0005,0.7772,0.8891,-1.3891,2.3282%,2.8096%,31.3340%,-0.01236,VRNS,14472.0,2019-02-14,252.0,1.5919%,-0.0005,0.7761,0.892,-1.3924,2.3284%,2.8112%,31.3975%,0.004771,VRNS,14472.0,2019-02-15,252.0,-1.9272%,-0.0003,0.8003,0.9113,-1.3563,2.3134%,2.8019%,31.8338%,-0.0236879999999999,VRNS,14472.0,2019-02-19,252.0,-0.7530%,-0.0003,0.8041,0.8994,-1.37,2.3114%,2.8024%,31.9715%,-0.007724,VRNS,14472.0,2019-02-20,252.0,-0.8882%,-0.0007,0.795,0.843,-1.4119,2.2514%,2.7532%,33.1292%,-0.004954,VRNS,14472.0,2019-02-21,252.0,1.8484%,-0.0006,0.7898,0.8367,-1.4215,2.2546%,2.7552%,33.0340%,0.018668,VRNS,14472.0,2019-02-22,252.0,-0.9716%,-0.0009,0.7974,0.7808,-1.3819,2.2575%,2.7476%,32.4926%,-0.040448,VRNS,14472.0,2019-02-25,252.0,-1.1847%,-0.0008,0.7936,0.7833,-1.3947,2.2493%,2.7431%,32.7607%,-0.013601,VRNS,14472.0,2019-02-26,252.0,-1.1428%,-0.0009,0.7841,0.805,-1.3908,2.2468%,2.7378%,32.6498%,-0.009847,VRNS,14472.0,2019-02-27,252.0,2.3688%,-0.0007,0.7987,0.7852,-1.3883,2.2416%,2.7366%,32.9056%,0.019684,VRNS,-0.16323,-0.158459,-0.182147,-0.194825,-0.220369
11403,VARONIS SYSTEMS INC,Stifel Nicolaus Downgrades Varonis Systems to Hold,6,decrease,0.8,0.7,"a downgrade from a reputable firm like stifel nicolaus typically signals reduced confidence in the company's future performance, which can lead to a decline in stock price.",0,2019-02-12,VRNS,2019-02-12 11:41:00+00:00,14472.0,92228010,-0.1364915519952774,6767306.0,-0.0105015030130744,0.0194452889263629,0.015919467434287,0.0290306769311428,-0.0192723292857408,-0.03006680496037,-0.0075298408046364,-0.0022222124971449,-0.008882300928235,0.0063898009248077,0.0184839032590389,0.0157390460371971,-0.0097158346325159,0.0431618019938468,-0.0118474522605538,0.0274782925844192,-0.0114275123924017,0.0033152787946164,0.0236877016723156,0.0296442955732345,0.0544242598116397,0.009796823374927,0.0298455189913511,0.0249163284897804,0.0093760527670383,0.0243809297680854,0.0172268282622098,0.0070976200513541,-0.0361945927143096,-0.000383517879527,0.0005168405477888,0.0275862365961074,-0.0029270313680171,0.0081446133553981,0.0590571910142898,-0.0360015518963336,0.0125549752265214,0.0307935532182455,-0.0272141490131616,-0.0387096926569938,-0.0046349740587174,-0.0075329137034714,-0.0113088358193635,-0.0294279046356678,0.0077375792898237,0.0012811071937903,0.0253713987767696,0.0332828722894191,0.0055347573943436,0.0269955210387706,0.02169338054955,0.050601989030838,-0.0467437915503978,-0.0464981161057949,0.0029920262750238,-0.02835538610816,0.0195558555424213,-0.0024513909593224,-0.032022126019001,-0.001506342086941,-0.0083963060751557,-0.0039384672418236,0.0098222158849239,0.0512617975473403,0.024316631257534,-0.0039276699535548,0.0001636922243051,-0.0478683896362781,-0.0021280252840369,0.0001869893603725,-0.0114829521626234,-0.0141961732879281,0.0137736778706312,0.021084388718009,0.0060566202737391,-0.0599893741309642,-0.0027659968473017,-0.0190939474850893,0.005221074912697,-0.0094566578045487,-0.0056809331290423,0.012006239965558,0.0231799222528934,-0.0093086902052164,0.0011167788179591,0.0249116588383913,-0.0087649282068014,-0.0146239586174488,-0.0127009795978665,0.014840992167592,-0.0231232400983572,-0.0406779907643795,0.0236705802381038,0.0188223123550415,0.0460836663842201,0.0032917293719947,0.0062266741879284,0.005224713589996,0.025526013225317,0.0405943803489208,0.0248906556516885,-0.020241467282176,-0.0164851732552051,0.0383480452001094,0.0648009851574897,0.0022173456382006,-0.0125087751075625,0.0249999947845935,0.0247651264071464,-0.0043371589854359,0.0086111491546034,-0.103314183652401,-0.0052327853627502,-0.0013509258860722,-0.0181339643895626,0.0173510070890188,-0.000281920802081,0.0005156201077625,0.0042306501418352,-0.0122241294011473,-0.0105015030130743,0.0194452889263629,0.0052507860859849,0.0490404757581597,-0.0141227380782139,0.0174991803780053,-0.030237157681495,0.0217252502123033,-0.0219083663880681,0.1491196435607005,0.0782183546952051,0.2042929500213057,0.2893354974044049,0.0859082716566475,2019-02-13,2019-02-14,2019-02-15,2019-02-19,2019-02-20,2019-02-21,2019-02-22,2019-02-25,2019-02-26,2019-02-27,14472.0,2019-02-12,252.0,-13.6492%,-0.0004,0.7874,0.8767,-1.3884,2.3298%,2.8143%,31.4663%,-0.15087,VRNS,14472.0,2019-02-13,252.0,-1.0502%,-0.0005,0.7772,0.8891,-1.3891,2.3282%,2.8096%,31.3340%,-0.01236,VRNS,14472.0,2019-02-14,252.0,1.5919%,-0.0005,0.7761,0.892,-1.3924,2.3284%,2.8112%,31.3975%,0.004771,VRNS,14472.0,2019-02-15,252.0,-1.9272%,-0.0003,0.8003,0.9113,-1.3563,2.3134%,2.8019%,31.8338%,-0.0236879999999999,VRNS,14472.0,2019-02-19,252.0,-0.7530%,-0.0003,0.8041,0.8994,-1.37,2.3114%,2.8024%,31.9715%,-0.007724,VRNS,14472.0,2019-02-20,252.0,-0.8882%,-0.0007,0.795,0.843,-1.4119,2.2514%,2.7532%,33.1292%,-0.004954,VRNS,14472.0,2019-02-21,252.0,1.8484%,-0.0006,0.7898,0.8367,-1.4215,2.2546%,2.7552%,33.0340%,0.018668,VRNS,14472.0,2019-02-22,252.0,-0.9716%,-0.0009,0.7974,0.7808,-1.3819,2.2575%,2.7476%,32.4926%,-0.040448,VRNS,14472.0,2019-02-25,252.0,-1.1847%,-0.0008,0.7936,0.7833,-1.3947,2.2493%,2.7431%,32.7607%,-0.013601,VRNS,14472.0,2019-02-26,252.0,-1.1428%,-0.0009,0.7841,0.805,-1.3908,2.2468%,2.7378%,32.6498%,-0.009847,VRNS,14472.0,2019-02-27,252.0,2.3688%,-0.0007,0.7987,0.7852,-1.3883,2.2416%,2.7366%,32.9056%,0.019684,VRNS,-0.16323,-0.158459,-0.182147,-0.194825,-0.220369
11411,WABTEC CORP,Wabtec Reports COO Stephane Rambaud-Measson Resigned; Replacement At COO Position Not Mentioned,6,decrease,0.7,0.6,"the resignation of a coo can create uncertainty about the company's leadership and strategic direction, potentially leading to a decrease in investor confidence and stock price.",0,2019-02-12,WAB,2019-02-12 14:06:00+00:00,81677.0,92974010,-0.0446791648864746,1610326.0,0.0398243367671966,0.0062670172192156,-0.0179909989237785,0.001637592096813,0.039833378046751,0.0097674550488591,-0.0046716295182704,0.0001376188301946,0.0068392399698495,0.0204998459666967,-0.0199786890298128,0.0169927533715963,-0.0029899594374001,0.0125794541090726,0.0640675723552703,0.0111111421138048,-0.0525236800312995,-0.0072568939067423,0.0181179549545049,0.0237741209566593,-0.0270916447043418,-0.018091594800353,-0.0114660654217004,-0.0350555814802646,0.0168461930006742,0.0111031858250498,-0.008011900819838,-0.0236274767667055,-0.0553045943379402,-0.0489095114171505,0.0104332882910966,0.0191297065466642,0.005592992529273,0.0316887646913528,0.0141186229884624,0.0111016472801566,0.0095626534894108,-0.0190239492803812,0.0094720758497715,-0.0129268877208232,-0.0028977380134165,0.0051976097747683,-0.0157763548195362,0.0112032853066921,0.013779466971755,0.0183099023997783,0.0033286805264651,0.0060932449996471,0.0019354026298969,-0.009543864056468,0.019177695736289,0.0254749078303575,-0.0517124608159065,-0.0194749813526868,-0.0004283569869585,0.0086832828819751,0.0308483820408582,0.0253977198153734,-0.0026323420461267,-0.0235176943242549,0.0133351730182766,0.002715484239161,0.0105552338063716,0.0556729398667812,0.0128865558654069,-0.0264395270496606,0.0012053564423695,-0.0209950972348451,0.0029427662957459,-0.0212526675313711,0.0146705582737922,-0.000281365471892,0.0021029971539974,-0.0130537757650017,-0.010755505412817,-0.0171965956687927,-0.0194908678531646,-0.0268296487629413,0.0055443365126848,-0.0492486618459224,0.0079343244433403,-0.0146820982918143,0.0244163032621145,-0.024754287675023,-0.0147173386067152,-0.0260016191750764,0.0174487736076116,-0.0421148091554641,0.0011692391708493,-0.0073050293140113,0.0112899402156472,-0.0420927554368972,-0.0183498058468103,-0.0180761013180017,0.0031372269149869,0.0209367014467716,-0.0020849106367677,0.0094781862571835,-0.0668582245707511,0.0409389957785606,0.0247691608965396,-0.0012459011049941,0.0080567570403218,0.0301015265285968,0.0033866160083562,-0.0040669124573469,0.0140407849103212,0.0135436793789267,-0.0017307582311332,-0.0274881906807422,0.001867156359367,0.0037939087487757,-0.0115815056487917,0.010807673446834,-0.017912482842803,0.039821408689022,-0.0090509606525301,-0.003007699502632,-0.0083033656701445,-0.0103583177551627,0.0398243367671966,0.0062670172192156,0.0211168582434992,0.0079148721338975,0.0617913920878232,0.017759635340542,0.0640590175519788,0.038766485254259,0.0671769528772483,0.0992711286743843,0.0202664499399864,0.0544604696806805,0.015589619051497,-0.1179411670159227,2019-02-13,2019-02-14,2019-02-15,2019-02-19,2019-02-20,2019-02-21,2019-02-22,2019-02-25,2019-02-26,2019-02-27,81677.0,2019-02-12,252.0,-4.4679%,0.0,0.9847,0.3849,0.5303,1.6986%,1.9582%,24.7579%,-0.05771,WAB,81677.0,2019-02-13,252.0,3.9824%,0.0002,0.9934,0.385,0.5391,1.7133%,1.9740%,24.6636%,0.036365,WAB,81677.0,2019-02-14,252.0,-1.7991%,0.0002,0.9971,0.3769,0.5477,1.7159%,1.9773%,24.6968%,-0.0148799999999999,WAB,81677.0,2019-02-15,252.0,3.9833%,0.0003,1.0152,0.3959,0.5806,1.7228%,1.9902%,25.0734%,0.024895,WAB,81677.0,2019-02-19,252.0,-0.4672%,0.0002,1.0098,0.3947,0.5797,1.7225%,1.9869%,24.8415%,-0.0095909999999999,WAB,81677.0,2019-02-20,252.0,0.6839%,0.0001,1.0069,0.3738,0.5655,1.7100%,1.9746%,25.0096%,0.0007639999999999,WAB,81677.0,2019-02-21,252.0,-1.9979%,-0.0002,1.0263,0.4101,0.6012,1.6894%,1.9660%,26.1655%,-0.014791,WAB,81677.0,2019-02-22,252.0,-0.2990%,-0.0003,1.0279,0.38,0.5925,1.6838%,1.9612%,26.2878%,-0.003178,WAB,81677.0,2019-02-25,252.0,6.4068%,-0.0,1.0286,0.3489,0.579,1.7315%,2.0021%,25.2040%,0.06448,WAB,81677.0,2019-02-26,252.0,-5.2524%,-0.0002,1.0384,0.4045,0.6145,1.7562%,2.0275%,24.9720%,-0.046834,WAB,81677.0,2019-02-27,252.0,1.8118%,-0.0001,1.0405,0.4059,0.6149,1.7594%,2.0305%,24.9204%,0.017052,WAB,-0.0213449999999999,-0.0362249999999999,-0.0113299999999999,-0.0201569999999999,-0.0034279999999999
11419,W E C ENERGY GROUP INC,"Wisconsin Energy Q4 Adj. EPS $0.65 Beats $0.64 Estimate, Sales $2.08B Beat $1.97B Estimate",6,increase,0.8,0.7,"the company reported better-than-expected earnings and sales, which typically boosts investor confidence and can lead to an increase in stock price.",2,2019-02-12,WEC,2019-02-12 12:07:00+00:00,23536.0,92939U10,0.0001333084946963,2402676.0,-0.003598089562729,0.0041487896814942,0.001213215640746,0.0098662441596388,0.0026929390151053,0.0113449171185493,0.0059084519743919,0.0017801572103053,0.002536307554692,-0.0008208723738789,0.0082556959241628,0.0038456090260297,0.0121500017121434,-0.0030124774202704,-0.014613814651966,0.0222563873976469,-0.0023834786843508,0.0043582902289927,0.0034510504920035,0.0026782464701682,0.0089947134256362,-0.0014076362131163,-0.0032773991115391,-0.0163389686495065,0.003025165759027,0.0058495565317571,-0.0001311583473579,0.011125206016004,0.003409864148125,0.0021168715320527,0.0041824555955827,-0.0009868842316791,0.002212653402239,0.0091051273047924,0.0019480717601254,0.0054355203174054,0.0055735618807375,0.0189477186650037,0.0028357980772852,-0.0119527913630008,-0.0023136285599321,-0.0001439093903172,0.0162328574806451,0.0177315231412649,-0.006211940664798,-0.0059723765589296,-0.0099502336233854,0.0103017603978514,0.001675006467849,-0.0045415349304676,0.0132492771372199,0.0073789842426776,0.0071093719452619,0.0026635143440216,0.0026471584569662,-0.0242564287036657,0.0045260321348905,0.0036226632073521,-0.0061326390132308,-0.0024573311675339,-0.0119632855057716,0.0106647685170173,0.0079021509736776,0.012274389155209,-0.0122660752385854,-0.0534714385867118,0.0017923363484442,-0.004181704018265,-0.0043450011871755,0.0060300142504274,-0.0056475731544196,-0.0061324383132159,0.0096811670809984,-0.0041638175025582,-0.0136793619021773,-0.0310650561004877,0.0041477601043879,-0.008004249073565,-0.0068413419649004,0.0147556019946932,0.0058486736379563,-0.0136199314147234,0.0055562774650752,0.0061802915297448,-0.0017990155611187,0.0089467763900756,-0.0157054737210273,0.0002711409179028,-0.0005231613176874,0.0064137722365558,-0.0017010894371196,0.0039731594733893,0.0011796610197052,0.0070363478735089,0.0048442361876368,0.020845117047429,0.0039088344201445,0.0046696169301867,0.0097339386120438,-0.0049281679093837,-0.0020566021557897,0.006091518793255,-0.0090159317478537,0.0017027829308062,0.0193657111376524,-0.0043797339312732,-0.0099451588466763,-0.0199391078203916,-0.0005151437944732,0.0086592566221952,0.0090194167569279,0.009730570949614,-0.0026816383469849,0.0056729754433035,0.0033290926367044,0.0081498380750417,-0.0122511368244886,-0.0079432278871536,0.0009043887839652,0.0028581728693097,-0.003598089562729,0.0041487896814942,-0.0023892391805172,0.0140559668130977,0.0002972657591824,0.0255603477101626,0.008759525732219,0.0265426535678132,0.0154756342839084,0.0576543025945532,0.0666524519840345,0.084561988273542,0.0405939173041989,0.0672971251437541,2019-02-13,2019-02-14,2019-02-15,2019-02-19,2019-02-20,2019-02-21,2019-02-22,2019-02-25,2019-02-26,2019-02-27,23536.0,2019-02-12,252.0,0.0133%,0.0008,0.0954,-0.5938,-0.2463,1.0186%,1.0719%,9.7066%,-0.001734,WEC,23536.0,2019-02-13,252.0,-0.3598%,0.0008,0.096,-0.5965,-0.2478,1.0188%,1.0723%,9.7232%,-0.003437,WEC,23536.0,2019-02-14,252.0,0.1213%,0.0008,0.0952,-0.5956,-0.2484,1.0184%,1.0717%,9.7043%,0.002979,WEC,23536.0,2019-02-15,252.0,0.2693%,0.0009,0.1103,-0.5816,-0.2233,1.0138%,1.0665%,9.6434%,0.004198,WEC,23536.0,2019-02-19,252.0,0.5908%,0.0009,0.107,-0.5706,-0.2106,1.0102%,1.0604%,9.2494%,0.007955,WEC,23536.0,2019-02-20,252.0,0.2536%,0.0009,0.107,-0.5755,-0.212,1.0080%,1.0590%,9.4021%,0.004647,WEC,23536.0,2019-02-21,252.0,0.8256%,0.001,0.0984,-0.5915,-0.2277,1.0014%,1.0543%,9.7738%,0.007661,WEC,23536.0,2019-02-22,252.0,1.2150%,0.001,0.0965,-0.578,-0.2385,1.0021%,1.0529%,9.4140%,0.011316,WEC,23536.0,2019-02-25,252.0,-1.4614%,0.0009,0.0968,-0.5689,-0.2326,1.0083%,1.0575%,9.0829%,-0.016791,WEC,23536.0,2019-02-26,252.0,-0.2383%,0.0008,0.0863,-0.5481,-0.2299,1.0014%,1.0468%,8.4890%,-0.0067379999999999,WEC,23536.0,2019-02-27,252.0,0.3451%,0.0009,0.0902,-0.5541,-0.2293,1.0001%,1.0465%,8.6681%,0.004039,WEC,-0.005171,-0.002192,0.002006,0.014608,0.014095
11427,WELLS FARGO & CO NEW,Power Financial Is Said To Pursue Wells Fargo Retirement Unit,6,uncertain,0.6,0.3,"the pursuit of wells fargo's retirement unit by power financial could indicate potential value or risk, leading to uncertainty in the stock price reaction.",1,2019-02-12,WFC,2019-02-12 17:28:00+00:00,38703.0,94974610,0.0293808542191982,22033149.0,-0.000611595925875,0.0,-0.0101999184116721,-0.0089434338733553,0.0144270556047558,-0.0231613032519817,0.0032507078722119,-0.0010148008586838,0.0087079852819442,0.0042804540134966,-0.0050190724432468,0.0030668887775391,-0.0108959022909402,0.0,0.0130558833479881,-0.014573773369193,-0.0014095790684223,0.0048144771717488,0.0062512881122529,0.0006021432927809,-0.0002004436100833,-0.0061839488334953,0.0028061612974852,0.00300123100169,0.0015990772517398,-0.002793283900246,-0.0043903654441237,0.0052145672962069,-0.0014030806487426,-0.0029993543867021,-0.0028101042844355,0.0158439725637435,0.00241543748416,0.0059256418608129,-0.0008032312616705,0.0266415048390626,-0.0022105465177446,-0.0154894674196839,0.0054379985667765,0.0114894350990653,0.0086137885227799,0.0025130666326731,0.0061569293029606,-0.0010460091289132,0.0211211945861578,0.0054690432734787,-0.0061859595589339,-0.0020990443881601,-0.0196459498256444,-0.0064650964923202,-0.010714303702116,0.0296328347176313,-0.031087027862668,-0.0078823808580636,-0.0047609093599021,0.0186631232500076,0.0193426888436079,0.0065531469881534,-0.0048969164490699,0.0054908851161599,0.0065614045597612,-0.0013161081587895,-0.0156854856759309,0.0456422418355941,0.0101407635957002,-0.0336879529058933,-0.0122926095500588,-0.0199826657772064,0.0134827122092247,0.0081016588956117,0.0063446080312132,-0.0182717610150575,-0.0079316534101963,-0.0019309193594381,0.0020500675309449,0.0015040759462863,-0.0151391504332423,-0.0104188360273838,-0.0072704297490417,-0.0148722846060991,-0.0010462279897183,-0.0004186902078799,-0.0261834934353828,-0.0213114935904741,0.0060227741487324,-0.0290489289909601,0.0188155025243759,-0.0162458773702383,-0.0020986839663237,-0.0133255822584033,0.0006309694144874,-0.0453540347516536,-0.0067255883477628,-0.0007368662627413,0.0019043621141463,0.0044411150738596,0.0027455347590148,-0.0057037272490561,0.0006318193045444,0.0218086075037717,0.0094717061147093,0.0058622835204005,0.0064637484028935,0.0202585216611623,0.002900339430198,-0.0114438002929091,-0.0037182462401688,-0.0020936545915901,0.0014513725182041,-0.0146286347880959,0.0072464244440197,0.0071779577992856,-0.0045221215113997,0.0022718464024364,-0.0260169748216867,0.0128475194796919,-0.0036039468832314,-0.0111869573593139,0.0040425886400043,0.0074499179609119,-0.000611595925875,0.0,-0.0108052761090022,-0.0089434338733553,0.0034658911765041,-0.0318975955412822,0.0154944370854375,-0.0287403141213445,0.0173293025928793,-0.0347569427759721,-0.0057084339383642,0.0561917445277282,-0.0379204388187868,-0.0814057273435316,2019-02-13,2019-02-14,2019-02-15,2019-02-19,2019-02-20,2019-02-21,2019-02-22,2019-02-25,2019-02-26,2019-02-27,38703.0,2019-02-12,252.0,2.9381%,-0.0001,1.0583,-0.0619,1.1503,0.8597%,1.3653%,60.3521%,0.016993,WFC,38703.0,2019-02-13,252.0,-0.0612%,-0.0001,1.0599,-0.0662,1.1485,0.8596%,1.3646%,60.3189%,-0.004443,WFC,38703.0,2019-02-14,252.0,-1.0200%,-0.0002,1.0583,-0.0677,1.153,0.8435%,1.3553%,61.2616%,-0.0010689999999999,WFC,38703.0,2019-02-15,252.0,1.4427%,-0.0003,1.052,-0.0737,1.1422,0.8430%,1.3476%,60.8711%,-0.002997,WFC,38703.0,2019-02-19,252.0,0.3251%,-0.0003,1.0508,-0.0737,1.1423,0.8429%,1.3468%,60.8283%,-0.002061,WFC,38703.0,2019-02-20,252.0,0.8708%,-0.0003,1.0513,-0.0714,1.1443,0.8427%,1.3480%,60.9174%,0.000491,WFC,38703.0,2019-02-21,252.0,-0.5019%,-0.0003,1.0543,-0.065,1.1497,0.8408%,1.3483%,61.1163%,0.001353,WFC,38703.0,2019-02-22,252.0,-1.0896%,-0.0003,1.0542,-0.0637,1.1508,0.8408%,1.3498%,61.2017%,-0.0005899999999999,WFC,38703.0,2019-02-25,252.0,1.3056%,-0.0002,1.0529,-0.0716,1.1419,0.8424%,1.3492%,61.0158%,0.013281,WFC,38703.0,2019-02-26,252.0,-0.1410%,-0.0001,1.0573,-0.081,1.1404,0.8410%,1.3486%,61.1123%,0.003485,WFC,38703.0,2019-02-27,252.0,0.6251%,-0.0001,1.0565,-0.0775,1.1403,0.8420%,1.3463%,60.8894%,0.006722,WFC,0.01255,0.011481,0.008484,0.006914,0.031165
11435,WELLS FARGO & CO NEW,'Judge tosses retailer's lawsuit over Wells Fargo financing program',6,uncertain,0.6,0.3,"the dismissal of the lawsuit may have a neutral impact on wells fargo's stock price, as it could be seen as a positive outcome for the bank, but the overall market reaction is uncertain and could depend on broader investor sentiment.",1,2019-02-12,WFC,2019-02-12 15:10:00+00:00,38703.0,94974610,0.0293808542191982,22033149.0,-0.000611595925875,0.0,-0.0101999184116721,-0.0089434338733553,0.0144270556047558,-0.0231613032519817,0.0032507078722119,-0.0010148008586838,0.0087079852819442,0.0042804540134966,-0.0050190724432468,0.0030668887775391,-0.0108959022909402,0.0,0.0130558833479881,-0.014573773369193,-0.0014095790684223,0.0048144771717488,0.0062512881122529,0.0006021432927809,-0.0002004436100833,-0.0061839488334953,0.0028061612974852,0.00300123100169,0.0015990772517398,-0.002793283900246,-0.0043903654441237,0.0052145672962069,-0.0014030806487426,-0.0029993543867021,-0.0028101042844355,0.0158439725637435,0.00241543748416,0.0059256418608129,-0.0008032312616705,0.0266415048390626,-0.0022105465177446,-0.0154894674196839,0.0054379985667765,0.0114894350990653,0.0086137885227799,0.0025130666326731,0.0061569293029606,-0.0010460091289132,0.0211211945861578,0.0054690432734787,-0.0061859595589339,-0.0020990443881601,-0.0196459498256444,-0.0064650964923202,-0.010714303702116,0.0296328347176313,-0.031087027862668,-0.0078823808580636,-0.0047609093599021,0.0186631232500076,0.0193426888436079,0.0065531469881534,-0.0048969164490699,0.0054908851161599,0.0065614045597612,-0.0013161081587895,-0.0156854856759309,0.0456422418355941,0.0101407635957002,-0.0336879529058933,-0.0122926095500588,-0.0199826657772064,0.0134827122092247,0.0081016588956117,0.0063446080312132,-0.0182717610150575,-0.0079316534101963,-0.0019309193594381,0.0020500675309449,0.0015040759462863,-0.0151391504332423,-0.0104188360273838,-0.0072704297490417,-0.0148722846060991,-0.0010462279897183,-0.0004186902078799,-0.0261834934353828,-0.0213114935904741,0.0060227741487324,-0.0290489289909601,0.0188155025243759,-0.0162458773702383,-0.0020986839663237,-0.0133255822584033,0.0006309694144874,-0.0453540347516536,-0.0067255883477628,-0.0007368662627413,0.0019043621141463,0.0044411150738596,0.0027455347590148,-0.0057037272490561,0.0006318193045444,0.0218086075037717,0.0094717061147093,0.0058622835204005,0.0064637484028935,0.0202585216611623,0.002900339430198,-0.0114438002929091,-0.0037182462401688,-0.0020936545915901,0.0014513725182041,-0.0146286347880959,0.0072464244440197,0.0071779577992856,-0.0045221215113997,0.0022718464024364,-0.0260169748216867,0.0128475194796919,-0.0036039468832314,-0.0111869573593139,0.0040425886400043,0.0074499179609119,-0.000611595925875,0.0,-0.0108052761090022,-0.0089434338733553,0.0034658911765041,-0.0318975955412822,0.0154944370854375,-0.0287403141213445,0.0173293025928793,-0.0347569427759721,-0.0057084339383642,0.0561917445277282,-0.0379204388187868,-0.0814057273435316,2019-02-13,2019-02-14,2019-02-15,2019-02-19,2019-02-20,2019-02-21,2019-02-22,2019-02-25,2019-02-26,2019-02-27,38703.0,2019-02-12,252.0,2.9381%,-0.0001,1.0583,-0.0619,1.1503,0.8597%,1.3653%,60.3521%,0.016993,WFC,38703.0,2019-02-13,252.0,-0.0612%,-0.0001,1.0599,-0.0662,1.1485,0.8596%,1.3646%,60.3189%,-0.004443,WFC,38703.0,2019-02-14,252.0,-1.0200%,-0.0002,1.0583,-0.0677,1.153,0.8435%,1.3553%,61.2616%,-0.0010689999999999,WFC,38703.0,2019-02-15,252.0,1.4427%,-0.0003,1.052,-0.0737,1.1422,0.8430%,1.3476%,60.8711%,-0.002997,WFC,38703.0,2019-02-19,252.0,0.3251%,-0.0003,1.0508,-0.0737,1.1423,0.8429%,1.3468%,60.8283%,-0.002061,WFC,38703.0,2019-02-20,252.0,0.8708%,-0.0003,1.0513,-0.0714,1.1443,0.8427%,1.3480%,60.9174%,0.000491,WFC,38703.0,2019-02-21,252.0,-0.5019%,-0.0003,1.0543,-0.065,1.1497,0.8408%,1.3483%,61.1163%,0.001353,WFC,38703.0,2019-02-22,252.0,-1.0896%,-0.0003,1.0542,-0.0637,1.1508,0.8408%,1.3498%,61.2017%,-0.0005899999999999,WFC,38703.0,2019-02-25,252.0,1.3056%,-0.0002,1.0529,-0.0716,1.1419,0.8424%,1.3492%,61.0158%,0.013281,WFC,38703.0,2019-02-26,252.0,-0.1410%,-0.0001,1.0573,-0.081,1.1404,0.8410%,1.3486%,61.1123%,0.003485,WFC,38703.0,2019-02-27,252.0,0.6251%,-0.0001,1.0565,-0.0775,1.1403,0.8420%,1.3463%,60.8894%,0.006722,WFC,0.01255,0.011481,0.008484,0.006914,0.031165
11443,WOLVERINE WORLD WIDE INC,"Wolverine World Wide Reports $400M Buyback, Raises Quarterly Dividend From $0.08 To $0.10/Share",6,increase,0.8,0.6,"the announcement of a $400m buyback and an increase in the quarterly dividend typically signals strong financial health and shareholder value, which can positively influence stock prices.",2,2019-02-12,WWW,2019-02-12 11:32:00+00:00,42286.0,97809710,0.0435502156615257,1000184.0,0.0169043689966201,0.0416306890547275,0.0020779697224497,-0.0025772149674594,0.0259201638400554,0.0031599192880094,-0.0015159517060965,-0.0136015731841325,-0.1060222312808037,0.009439411573112,0.0195301044732332,0.021027959883213,-0.0013880964834243,-0.002040212508291,-0.0002780688228085,0.0064535411074757,-0.0038931977469474,0.0035324972122907,0.0097710350528359,-0.0014697012957185,-0.0113353570923209,-0.0052631665021181,0.0125839142128825,0.0115350298583507,-0.0245788302272558,-0.0082135163247585,0.0144394719973206,0.0091770691797137,-0.0111638708040118,0.0147190699353814,0.0016935188323259,0.0069570336490869,-0.0157791301608085,0.0172308105975389,0.0085885841399431,0.0046368325129151,-0.0045415796339511,-0.0003090894897468,0.0134018026292324,0.0018576276488602,0.0014068440068513,0.0043532149866223,-0.0022478739265352,-0.0313253290951252,0.0171782784163951,0.0069760247133672,-0.0060907369479537,0.0147737618535757,-0.0047354311682283,0.0052599622868001,0.0064371549524366,0.0214917920529842,-0.0372636318206787,-0.0204334314912557,0.0037550858687609,0.0128566902130842,0.0106474515050649,-0.0135760707780718,0.0037016251590102,-0.002462352393195,0.0158865638077259,-0.0018432430224493,0.0005584520986303,0.0571613609790802,0.0039182589389383,0.0016265824669972,-0.0103149972856044,-0.0259822476655244,0.0126760778948664,-0.0087939910590648,0.0130736408755183,-0.0157650187611579,0.0016474842559546,0.0137887382879853,-0.0068530701100826,-0.015123507939279,-0.0195969939231872,-0.0052194711752235,0.0095720766112208,-0.0312313884496688,-0.0058560813777148,0.0120408702641725,0.0089761484414339,0.0060569583438336,0.0072281989268958,-0.0012099490268155,0.0030361746903508,-0.0316343903541564,0.0046779904514551,0.0017604916356503,0.0002739560732152,-0.0391880273818969,-0.0251917298883199,0.0251445900648832,0.0095505667850375,0.0061063999310135,0.0289371442049741,0.0008730727131478,-0.0221741404384374,0.0346281714737415,0.0027654445730149,-0.0348736047744751,0.0201324708759784,0.0204625912010669,-0.0048661879263818,-0.0038403917569667,-0.0067916326224803,0.0270024091005325,0.0131290899589657,0.0141538176685571,0.0124189816415309,-0.0204942822456359,-0.0138666788116097,0.0063693989068269,-0.0343428999185562,0.0012147256638854,-0.012881520204246,-0.0161338783800602,-0.0992907807230949,-0.0077082221396267,0.0169043689966201,0.0416306890547275,0.019017465486022,0.0389461828523305,0.0454305651472977,0.0422291689347293,-0.0668251118766054,0.0377574300117951,-0.0446382041458331,0.066431460557579,-0.0689382076999254,0.119452437471947,-0.1590369657524993,0.0782986086551134,2019-02-13,2019-02-14,2019-02-15,2019-02-19,2019-02-20,2019-02-21,2019-02-22,2019-02-25,2019-02-26,2019-02-27,42286.0,2019-02-12,252.0,4.3550%,0.0009,0.7758,1.1476,0.2119,1.5419%,1.8322%,29.1775%,0.033473,WWW,42286.0,2019-02-13,252.0,1.6904%,0.0009,0.7772,1.1504,0.2155,1.5440%,1.8345%,29.1635%,0.013795,WWW,42286.0,2019-02-14,252.0,0.2078%,0.0009,0.7781,1.1495,0.216,1.5437%,1.8345%,29.1851%,-0.001122,WWW,42286.0,2019-02-15,252.0,2.5920%,0.0009,0.773,1.1462,0.2094,1.5424%,1.8303%,28.9855%,0.013118,WWW,42286.0,2019-02-19,252.0,-0.1516%,0.0009,0.7725,1.1398,0.2022,1.5431%,1.8303%,28.9256%,-0.007037,WWW,42286.0,2019-02-20,252.0,-10.6022%,0.0005,0.7427,1.0805,0.0983,1.6935%,1.9498%,24.5678%,-0.11121,WWW,42286.0,2019-02-21,252.0,1.9530%,0.0006,0.7399,1.0796,0.0928,1.6990%,1.9533%,24.3480%,0.023161,WWW,42286.0,2019-02-22,252.0,-0.1388%,0.0007,0.7391,1.1395,0.1387,1.6752%,1.9365%,25.1619%,-0.0108709999999999,WWW,42286.0,2019-02-25,252.0,-0.0278%,0.0006,0.7437,1.1435,0.1576,1.6572%,1.9210%,25.5846%,0.001726,WWW,42286.0,2019-02-26,252.0,-0.3893%,0.0007,0.766,1.1157,0.1603,1.6392%,1.9107%,26.3993%,0.0050349999999999,WWW,42286.0,2019-02-27,252.0,0.9771%,0.0007,0.7581,1.1315,0.159,1.6357%,1.9071%,26.4330%,0.007054,WWW,0.047268,0.046146,0.059264,-0.0589829999999999,-0.032878
11451,SPDR SERIES TRUST,"Redbook Reports US Retail Sales During First Week Of Feb. Down 1.8% Month Over Month, Up 4.6% Year Over Year",6,decrease,0.7,0.6,"the reported decline in month-over-month retail sales may signal weakening consumer spending, which could negatively impact the performance of spdr series trust, particularly if it is related to retail sectors.",0,2019-02-12,XRT,2019-02-12 13:57:00+00:00,91316.0,78464A71,0.0165307875722646,4653084.0,0.0004455437301658,0.0054645193740725,-0.0020040115341544,-0.0061099901795387,0.0116019733250141,-0.0067431568168103,0.0052933762781322,-0.0064760409295558,0.0015357545344159,0.0103790406137704,-0.0155531847849488,0.0109488945454359,0.0046729617752134,-0.0072463699616491,0.0031007616780698,0.0018148369854316,0.0072863325476646,0.0038716006092727,0.0100833605974912,-0.0141446124762296,-0.0043402942828834,-0.0029101693071424,0.0063207736238837,0.016151025891304,-0.0192765742540359,0.0036529647186398,0.0081714391708374,0.0009140977635979,-0.0078861033543944,-0.0245207827538251,-0.0139103783294558,0.0186194293200969,-0.0080609181895852,0.0066285924986004,0.0182844549417495,0.002290915697813,0.0026601403951644,0.0032177248504012,0.0028742221184074,-0.0073010153137147,-0.0156525373458862,0.0052753067575395,-0.0023334305733442,-0.0160235352814197,0.0067552183754742,0.0084206359460949,-0.0040259519591927,0.0087235365062952,-0.0089826574549078,0.0310059487819671,0.0101971616968512,0.0307391621172428,-0.0260207187384367,-0.0139523223042488,0.0115154311060905,0.0141497440636158,0.0072860545478761,0.0056428695097565,0.0101717207580804,0.0051787691190838,0.0040277536027133,-0.0024600808974355,0.0031201113015413,0.0572171844542026,0.0064430334605276,-0.0038859511259943,-0.0092714829370379,-0.0300858560949564,0.0055704098194837,-0.017453271895647,0.011079104617238,-0.0140571510419249,0.0,0.0036486915778368,-0.0028490261174738,-0.0216563511639833,-0.0120878955349326,-0.011759172193706,0.0146829774603247,-0.0267795417457819,-0.0063582747243344,0.0090069146826863,-0.0022064975928515,-0.0043688765726983,0.0011056885123252,0.0041560907848179,0.0048597576096653,-0.0373416356742382,0.0013189174933359,-0.0057458193041384,-0.004829800222069,-0.03682417050004,-0.0205162204802036,0.0135922562330961,0.0164414308965206,0.0,0.0168402008712291,-0.0057915155775845,-0.0091522810980677,0.0163505561649799,0.0072574885562062,0.002403859514743,0.0024017600808292,0.0196077823638916,-0.0050097918137907,0.0029050516895949,-0.0131348175927996,0.0170454550534486,0.0070984843187034,-0.0331794843077659,0.0096915997564792,-0.02044771425426,-0.0074171060696244,-0.0137975271791219,-0.0173626579344272,-0.0067467782646417,0.0022366873454302,-0.0153622152283787,-0.0087034860625863,-0.0006224604439921,0.0004455437301658,0.0054645193740725,-0.0015593606787628,-0.0006788589651776,0.0100245209852523,-0.0074174381295293,0.0169303213821685,-0.0036101052320312,0.0265092987461379,-0.0085316808616875,-0.0014107957010954,0.0890259085989804,-0.0074439033384013,-0.0798424691003869,2019-02-13,2019-02-14,2019-02-15,2019-02-19,2019-02-20,2019-02-21,2019-02-22,2019-02-25,2019-02-26,2019-02-27,91316.0,2019-02-12,252.0,1.6531%,-0.0001,0.9372,0.8016,0.2667,0.7584%,1.2821%,65.0112%,0.004016,XRT,91316.0,2019-02-13,252.0,0.0446%,-0.0001,0.9407,0.7946,0.2648,0.7567%,1.2821%,65.1672%,-0.002946,XRT,91316.0,2019-02-14,252.0,-0.2004%,-0.0001,0.9411,0.7931,0.2667,0.7567%,1.2818%,65.1451%,-0.002725,XRT,91316.0,2019-02-15,252.0,1.1602%,-0.0001,0.9391,0.791,0.263,0.7569%,1.2787%,64.9656%,-0.002396,XRT,91316.0,2019-02-19,252.0,0.5293%,-0.0001,0.9382,0.7926,0.2649,0.7566%,1.2771%,64.8975%,0.0003259999999999,XRT,91316.0,2019-02-20,252.0,0.1536%,-0.0001,0.9378,0.794,0.264,0.7562%,1.2770%,64.9396%,-0.003547,XRT,91316.0,2019-02-21,252.0,-1.5553%,-0.0001,0.9366,0.7891,0.2618,0.7565%,1.2748%,64.7852%,-0.011021,XRT,91316.0,2019-02-22,252.0,0.4673%,-0.0001,0.9367,0.7912,0.2659,0.7565%,1.2751%,64.8026%,-0.002006,XRT,91316.0,2019-02-25,252.0,0.3101%,-0.0001,0.9366,0.789,0.2641,0.7569%,1.2752%,64.7663%,0.004131,XRT,91316.0,2019-02-26,252.0,0.7286%,-0.0001,0.9309,0.7741,0.2523,0.7620%,1.2723%,64.1294%,0.014606,XRT,91316.0,2019-02-27,252.0,1.0083%,-0.0,0.9324,0.7737,0.2526,0.7634%,1.2736%,64.0732%,0.0079779999999999,XRT,0.00107,-0.0016549999999999,-0.0040509999999999,-0.0072719999999999,0.0064159999999999
11459,ALTISOURCE ASSET MANAGEMENT CORP,Peabody Declares Supplemental Cash Dividend Of $1.85/Share To Augment $1.5B Buyback,6,uncertain,0.4,0.2,"the news about peabody's dividend and buyback does not directly relate to altisource asset management corp, making the impact on its stock price uncertain.",1,2019-02-27,AAMC,2019-02-27 12:49:00+00:00,14127.0,02153X10,-0.0709562823176384,7232.0,0.0306598078459501,0.0082051204517483,0.0358565300703048,0.0051546590402722,0.0102564496919512,0.1085714101791382,0.0088832098990678,0.0300176721066236,-0.0943396240472793,0.0219548735767602,-0.019444465637207,-0.0214832127094268,0.0056657441891729,-0.0142153082415461,-0.0205633677542209,-0.0023154274094849,-0.013517434708774,-0.0083237923681736,0.0393586680293083,0.1870528012514114,0.0196352563798427,-0.0216666534543037,0.0308116320520639,0.0238908119499683,-0.03336001932621,0.0173611119389534,-0.0334070362150669,0.0285714007914066,0.0282776840031147,0.0181818176060915,-0.0458333753049373,0.0272693131119012,0.0043668569996953,-0.0026080363895744,-0.1144927740097046,-0.0064778546802699,-0.0026186555624008,0.0005555329262278,0.0518542826175689,0.0380622744560241,-0.0171606633812189,-0.0300205219537019,-0.0079206433147192,0.0122688096016645,-0.0800147131085395,-0.0300256218761205,0.0434782616794109,0.0572976991534233,-0.0159999839961528,-0.0412026941776275,0.0162601470947265,-0.0443419627845287,-0.0238333381712436,-0.0010630326578393,0.0244152341037988,-0.0568182058632373,-0.0066666919738054,-0.021262664347887,0.0033557175192981,0.0026238085702061,-0.0158863011747598,0.0300675462931394,-0.001189459580928,0.0071795722469687,-0.0129295391961932,0.0106258606538176,0.0341261550784111,-0.0218634251505136,-0.0106666563078761,-0.00100808753632,0.0190364066511392,-0.0180907472968101,-0.0246321968734264,0.0099400132894515,-0.0379661284387111,0.010778029449284,0.0327695682644844,-0.216829314827919,-0.0498123206198215,-0.0023684250190854,-0.0610413178801536,0.0215053558349609,0.0774378478527069,0.127272754907608,-0.0417036116123199,0.0985352545976638,0.0081481225788593,-0.1887658089399338,-0.0022042419295758,-0.0744813680648803,-0.0239322390407323,-0.0377586223185062,-0.0003960752219427,-0.0417146235704422,-0.0188494231551885,-0.0857564210891723,-0.065000019967556,-0.0318237729370594,-0.017276844009757,0.0463180802762508,-0.0929258838295936,-0.0239583645015955,0.0424550101161003,-0.0204081628471612,-0.0327578485012054,0.0072977598756551,0.0054919417016208,-0.0263210292905569,-0.0009102663025259,0.0107222087681293,-0.004555826075375,-0.011202267371118,-0.0160183236002922,0.0326379239559173,-0.0238790288567543,0.0350652001798152,-0.0231862645596265,-0.0246089734137058,0.0663414895534515,-0.0010416507720947,0.0306598078459501,0.0082051204517483,0.0676156922382331,0.0134020740903337,0.0785656388760123,0.1234285663527847,-0.0145085927724882,0.1825563866817536,-0.0240897176283442,0.3396933328182248,-0.1814946439882141,0.2896031542735648,-0.4015876966082861,-0.1808333178298302,2019-02-28,2019-03-01,2019-03-04,2019-03-05,2019-03-06,2019-03-07,2019-03-08,2019-03-11,2019-03-12,2019-03-13,14127.0,2019-02-27,252.0,-7.0956%,-0.002,0.4244,0.0573,-0.9508,4.1236%,4.2160%,4.3352%,-0.072773,AAMC,14127.0,2019-02-28,252.0,3.0660%,-0.002,0.4369,0.0669,-0.9491,4.1224%,4.2169%,4.4316%,0.029487,AAMC,14127.0,2019-03-01,252.0,3.5857%,-0.0018,0.4261,0.0509,-0.9799,4.1230%,4.2189%,4.4929%,0.02863,AAMC,14127.0,2019-03-04,252.0,1.0256%,-0.0017,0.429,0.0252,-0.9769,4.1240%,4.2193%,4.4662%,0.016408,AAMC,14127.0,2019-03-05,252.0,0.8883%,-0.0018,0.4241,-0.0071,-0.9837,4.1233%,4.2174%,4.4125%,0.007256,AAMC,14127.0,2019-03-06,252.0,-9.4340%,-0.002,0.4729,0.1649,-0.9051,4.1575%,4.2560%,4.5743%,-0.090563,AAMC,14127.0,2019-03-07,252.0,-1.9444%,-0.002,0.484,0.1867,-0.8843,4.1578%,4.2567%,4.5926%,-0.018528,AAMC,14127.0,2019-03-08,252.0,0.5666%,-0.0021,0.4854,0.1481,-0.88,4.1522%,4.2495%,4.5259%,0.005044,AAMC,14127.0,2019-03-11,252.0,-2.0563%,-0.0022,0.4694,0.1359,-0.8788,4.1567%,4.2510%,4.3882%,-0.032995,AAMC,14127.0,2019-03-12,252.0,-1.3517%,-0.0022,0.4893,0.1374,-0.8553,4.1545%,4.2498%,4.4336%,-0.015103,AAMC,14127.0,2019-03-13,252.0,3.9359%,-0.0019,0.5014,0.1387,-0.8419,4.1591%,4.2550%,4.4593%,0.037065,AAMC,-0.043286,-0.014656,0.0017519999999999,-0.081555,-0.106072
11467,ALTISOURCE ASSET MANAGEMENT CORP,"Altisource Asset Management Q4 EPS $(2.69) Down From $(1.15) YoY, Sales $4.02M Down From $4.08M YoY",6,decrease,0.8,0.7,the significant increase in loss per share and a slight decline in sales year-over-year are likely to negatively impact investor sentiment and lead to a decrease in stock price.,0,2019-02-27,AAMC,2019-02-27 12:48:00+00:00,14127.0,02153X10,-0.0709562823176384,7232.0,0.0306598078459501,0.0082051204517483,0.0358565300703048,0.0051546590402722,0.0102564496919512,0.1085714101791382,0.0088832098990678,0.0300176721066236,-0.0943396240472793,0.0219548735767602,-0.019444465637207,-0.0214832127094268,0.0056657441891729,-0.0142153082415461,-0.0205633677542209,-0.0023154274094849,-0.013517434708774,-0.0083237923681736,0.0393586680293083,0.1870528012514114,0.0196352563798427,-0.0216666534543037,0.0308116320520639,0.0238908119499683,-0.03336001932621,0.0173611119389534,-0.0334070362150669,0.0285714007914066,0.0282776840031147,0.0181818176060915,-0.0458333753049373,0.0272693131119012,0.0043668569996953,-0.0026080363895744,-0.1144927740097046,-0.0064778546802699,-0.0026186555624008,0.0005555329262278,0.0518542826175689,0.0380622744560241,-0.0171606633812189,-0.0300205219537019,-0.0079206433147192,0.0122688096016645,-0.0800147131085395,-0.0300256218761205,0.0434782616794109,0.0572976991534233,-0.0159999839961528,-0.0412026941776275,0.0162601470947265,-0.0443419627845287,-0.0238333381712436,-0.0010630326578393,0.0244152341037988,-0.0568182058632373,-0.0066666919738054,-0.021262664347887,0.0033557175192981,0.0026238085702061,-0.0158863011747598,0.0300675462931394,-0.001189459580928,0.0071795722469687,-0.0129295391961932,0.0106258606538176,0.0341261550784111,-0.0218634251505136,-0.0106666563078761,-0.00100808753632,0.0190364066511392,-0.0180907472968101,-0.0246321968734264,0.0099400132894515,-0.0379661284387111,0.010778029449284,0.0327695682644844,-0.216829314827919,-0.0498123206198215,-0.0023684250190854,-0.0610413178801536,0.0215053558349609,0.0774378478527069,0.127272754907608,-0.0417036116123199,0.0985352545976638,0.0081481225788593,-0.1887658089399338,-0.0022042419295758,-0.0744813680648803,-0.0239322390407323,-0.0377586223185062,-0.0003960752219427,-0.0417146235704422,-0.0188494231551885,-0.0857564210891723,-0.065000019967556,-0.0318237729370594,-0.017276844009757,0.0463180802762508,-0.0929258838295936,-0.0239583645015955,0.0424550101161003,-0.0204081628471612,-0.0327578485012054,0.0072977598756551,0.0054919417016208,-0.0263210292905569,-0.0009102663025259,0.0107222087681293,-0.004555826075375,-0.011202267371118,-0.0160183236002922,0.0326379239559173,-0.0238790288567543,0.0350652001798152,-0.0231862645596265,-0.0246089734137058,0.0663414895534515,-0.0010416507720947,0.0306598078459501,0.0082051204517483,0.0676156922382331,0.0134020740903337,0.0785656388760123,0.1234285663527847,-0.0145085927724882,0.1825563866817536,-0.0240897176283442,0.3396933328182248,-0.1814946439882141,0.2896031542735648,-0.4015876966082861,-0.1808333178298302,2019-02-28,2019-03-01,2019-03-04,2019-03-05,2019-03-06,2019-03-07,2019-03-08,2019-03-11,2019-03-12,2019-03-13,14127.0,2019-02-27,252.0,-7.0956%,-0.002,0.4244,0.0573,-0.9508,4.1236%,4.2160%,4.3352%,-0.072773,AAMC,14127.0,2019-02-28,252.0,3.0660%,-0.002,0.4369,0.0669,-0.9491,4.1224%,4.2169%,4.4316%,0.029487,AAMC,14127.0,2019-03-01,252.0,3.5857%,-0.0018,0.4261,0.0509,-0.9799,4.1230%,4.2189%,4.4929%,0.02863,AAMC,14127.0,2019-03-04,252.0,1.0256%,-0.0017,0.429,0.0252,-0.9769,4.1240%,4.2193%,4.4662%,0.016408,AAMC,14127.0,2019-03-05,252.0,0.8883%,-0.0018,0.4241,-0.0071,-0.9837,4.1233%,4.2174%,4.4125%,0.007256,AAMC,14127.0,2019-03-06,252.0,-9.4340%,-0.002,0.4729,0.1649,-0.9051,4.1575%,4.2560%,4.5743%,-0.090563,AAMC,14127.0,2019-03-07,252.0,-1.9444%,-0.002,0.484,0.1867,-0.8843,4.1578%,4.2567%,4.5926%,-0.018528,AAMC,14127.0,2019-03-08,252.0,0.5666%,-0.0021,0.4854,0.1481,-0.88,4.1522%,4.2495%,4.5259%,0.005044,AAMC,14127.0,2019-03-11,252.0,-2.0563%,-0.0022,0.4694,0.1359,-0.8788,4.1567%,4.2510%,4.3882%,-0.032995,AAMC,14127.0,2019-03-12,252.0,-1.3517%,-0.0022,0.4893,0.1374,-0.8553,4.1545%,4.2498%,4.4336%,-0.015103,AAMC,14127.0,2019-03-13,252.0,3.9359%,-0.0019,0.5014,0.1387,-0.8419,4.1591%,4.2550%,4.4593%,0.037065,AAMC,-0.043286,-0.014656,0.0017519999999999,-0.081555,-0.106072
11475,ADICET BIO INC,"Aceto shares are trading higher, now up over 100% in what looks to be a rebound from last week's weakness which was triggered by the company's announcement of Chapter 11 bankruptcy.",6,uncertain,0.5,0.5,"the news about aceto's stock price rebound does not directly relate to adicet bio inc, making the impact on its stock price uncertain.",1,2019-02-27,ACET,2019-02-27 20:11:00+00:00,17272.0,00700210,0.0314388461410999,21870.0,0.0035170793998986,0.0324594527482986,0.024532712996006,-0.0062034972943365,0.0,0.0037360757123678,-0.0216648261994123,0.0,-0.0501165874302387,-0.0348557643592357,-0.0196318831294775,0.0374063849449157,0.0287860445678234,0.0050125862471759,0.0766423493623733,-0.0488677360117435,-0.0677966475486755,0.0409429147839546,0.0436363220214843,-0.0024751862511038,0.0069686900824308,-0.0460449047386646,0.0103806406259536,0.0131579684093594,0.0331050157546997,0.0773195102810859,-0.2287292927503586,-0.0038510567974299,-0.0931232199072837,-0.0274657011032104,0.0173775888979435,-0.0707656219601631,0.0046583437360823,-0.0292793046683073,0.0030911872163414,-0.0033669734839349,0.0554699748754501,0.0905752480030059,0.0248175300657749,-0.0376913659274578,0.0,0.0253623239696025,-0.02849000133574,0.0534350611269474,0.019061530008912,-0.0472727119922637,0.0,-0.0072202668525278,-0.0014388132840394,-0.03707991912961,-0.002881841501221,0.0720496773719787,0.0057803411036729,-0.0049443710595369,0.0,0.0012376521481201,0.0014367459807544,0.0074812299571931,0.0717360153794288,-0.0135300932452082,-0.0227576438337564,-0.018115896731615,0.0698629766702652,-0.0427745543420314,-0.0819462090730667,0.0200471803545951,0.0125523228198289,-0.0482604168355464,-0.0330578833818435,0.0148063916712999,-0.042735069990158,0.0591073296964168,-0.0327380634844303,-0.0685392916202545,0.0830769166350364,0.0324825681746006,0.0909090712666511,-0.0204545799642801,-0.0182291492819786,0.02803735435009,0.0305039808154106,0.0740276873111724,0.0694981291890144,-0.0087064886465668,-0.031287632882595,0.0012453586095944,-0.0012422644067555,-0.1077778041362762,0.0049751196056604,-0.064449056982994,0.0099009806290268,-0.0437376275658607,-0.0024509197100996,-0.0728110522031784,-0.01719905808568,-0.1193181276321411,-0.0012500286102294,-0.0805970132350921,0.0901126787066459,0.0197868552058935,0.009184836409986,0.0403800643980503,-0.080773614346981,0.0023809310514479,0.0061881425790488,0.044776115566492,-0.0246002804487943,-0.0420968793332576,0.0189155228435993,0.0642434656620025,-0.0247524511069059,-0.0927914157509803,0.0304568242281675,-0.0015314285410568,-0.0049261036328971,-0.0053312792442739,-0.0594059452414512,-0.0216095354408025,-0.0210526119917631,0.00373972998932,0.0035170793998986,0.0324594527482986,0.0281360758954065,0.0260545933266622,0.0281360758954065,0.0298880109723536,-0.0445486686525072,-0.0060095228545007,0.0093786579619266,0.0235149158708181,-0.1242672805468645,0.0172202063733606,-0.1277842503153878,-0.381450976886186,2019-02-28,2019-03-01,2019-03-04,2019-03-05,2019-03-06,2019-03-07,2019-03-08,2019-03-11,2019-03-12,2019-03-13,17272.0,2019-02-27,252.0,3.1439%,-0.0027,1.3818,-0.1692,-1.2305,5.4306%,5.7468%,10.7017%,0.028925,TORC,17272.0,2019-02-28,252.0,0.3517%,-0.0026,1.3688,-0.1779,-1.2416,5.4291%,5.7415%,10.5867%,0.004658,TORC,17272.0,2019-03-01,252.0,2.4533%,-0.0025,1.3718,-0.1735,-1.2429,5.4297%,5.7435%,10.6287%,0.010136,TORC,17272.0,2019-03-04,252.0,0.0000%,-0.0023,1.3524,-0.1214,-1.2351,5.4251%,5.7325%,10.4379%,0.0111969999999999,TORC,17272.0,2019-03-05,252.0,-2.1665%,-0.0022,1.3664,-0.026,-1.2175,5.4184%,5.7300%,10.5821%,-0.0227959999999999,TORC,17272.0,2019-03-06,252.0,-5.0117%,-0.0023,1.3895,0.0417,-1.1822,5.4222%,5.7382%,10.7098%,-0.038569,TORC,17272.0,2019-03-07,252.0,-1.9632%,-0.0022,1.4004,0.0761,-1.1579,5.4201%,5.7375%,10.7603%,-0.0121999999999999,TORC,17272.0,2019-03-08,252.0,2.8786%,-0.002,1.395,0.0936,-1.1675,5.4229%,5.7404%,10.7547%,0.0297699999999999,TORC,17272.0,2019-03-11,252.0,7.6642%,-0.0016,1.4235,0.0646,-1.1988,5.4209%,5.7534%,11.2259%,0.049358,TORC,17272.0,2019-03-12,252.0,-6.7797%,-0.0018,1.4485,0.091,-1.1592,5.4342%,5.7680%,11.2376%,-0.072224,TORC,17272.0,2019-03-13,252.0,4.3636%,-0.0016,1.4605,0.0738,-1.1502,5.4391%,5.7748%,11.2893%,0.034915,TORC,0.033583,0.043719,0.054916,-0.0064489999999999,0.0231699999999999
11483,AGREE REALTY CORP,"Citigroup Maintains Neutral on Agree Realty, Raises Price Target to $66",6,increase,0.7,0.6,"the maintenance of a neutral rating combined with a raised price target suggests a positive outlook, which could lead to an increase in investor confidence and stock price.",2,2019-02-27,ADC,2019-02-27 13:17:00+00:00,80412.0,00849210,-0.0015289114089682,295466.0,0.0064309570007026,-0.0087891230359673,-0.0039556082338094,0.005025802180171,0.0074843112379312,0.0198820512741804,0.0059126652777194,-0.0021698605269193,-0.0076865432783961,-0.0043210862204432,-0.0013668946921825,-0.0129474252462387,0.007604562677443,0.0081388019025325,0.0067924065515398,-0.0009204903035424,0.0043478398583829,-0.0039731375873088,-0.0095536559820175,-0.0132689578458666,0.0010550067527219,-0.0037554453592747,-0.0084311589598655,0.0087892385199666,-0.0006073628319427,-0.0034733214415609,-0.0028866976499557,-0.000905213644728,0.0097516290843486,-0.0019576100166887,0.021729327738285,0.0157541520893573,0.0032491688616573,-0.0098440339788794,0.0122184874489903,0.0153775187209248,0.0154159031808376,0.0118251470848918,0.0021484033204615,0.0102168768644332,0.0105045065283775,0.0114466995000839,-0.0115467589348554,0.0174701046198606,-0.0151427099481225,0.0086473934352397,-0.0058573950082063,-0.0109730558469891,-0.0061864512972533,0.0043760202825069,0.0028161024674773,-0.0121677611023187,0.0100501421838998,0.0059590744785964,-0.0059993569739162,0.0128874536603689,-0.0035330173559486,0.0080578494817018,0.0177278313785791,-0.0016417414881289,-0.0015967573272064,0.0027987842913717,-0.0004361555620562,0.0169094614684581,-0.0059636896476149,-0.0106012821197509,-0.0367280468344688,0.0233937483280897,-0.029469883069396,0.0049403901211917,0.022225672379136,-0.0033955986145883,-0.0131679782643914,0.0223919618874788,0.0161365550011396,-0.0255412440747022,0.0145061016082763,-0.0020257045980542,0.0061709214933216,0.0071404622867703,0.0098729049786925,-0.0006795942317694,-0.0050363494083285,0.0386448316276073,-0.0253088735044002,-0.0334300324320793,-0.0022911489941179,0.0129578439518809,0.0104102920740842,-0.0024752602912485,0.0053030070848762,-0.006613521836698,0.0022607615683227,0.016724158078432,-0.0222556889057159,-0.031234323978424,0.0086128143593668,-0.021891850978136,0.0071668373420834,0.0097327642142772,0.0109007349237799,-0.0263411402702331,0.0043432819657027,0.012193139642477,0.0058156787417829,-0.0064610163681209,0.0038547390140593,-0.0076935333199799,0.0032491688616573,0.0476910173892974,-0.0014720811741426,-0.011125904507935,-0.0140056693926453,0.0109115587547421,0.0115132220089435,0.0082938028499484,-0.004582486115396,-0.0062236995436251,0.0060885609127581,0.0100237876176834,0.0064309570007026,-0.0087891230359673,0.0024499104204298,-0.0038074932495122,0.0099525575504526,0.0159988572486553,0.0081151246459258,0.0094135889330524,0.0159240684392985,-0.0137212917622658,0.0631608225988238,0.073879556437765,0.0455675163752977,0.1219369138506227,2019-02-28,2019-03-01,2019-03-04,2019-03-05,2019-03-06,2019-03-07,2019-03-08,2019-03-11,2019-03-12,2019-03-13,80412.0,2019-02-27,252.0,-0.1529%,0.0013,0.2196,0.1665,-0.1792,1.1936%,1.2359%,6.7298%,-0.002368,ADC,80412.0,2019-02-28,252.0,0.6431%,0.0013,0.2148,0.1634,-0.1839,1.1932%,1.2346%,6.5921%,0.00653,ADC,80412.0,2019-03-01,252.0,-0.3956%,0.0013,0.2133,0.1611,-0.1825,1.1943%,1.2350%,6.4806%,-0.006802,ADC,80412.0,2019-03-04,252.0,0.7484%,0.0013,0.2134,0.1529,-0.1808,1.1954%,1.2355%,6.3884%,0.009859,ADC,80412.0,2019-03-05,252.0,0.5913%,0.0013,0.2091,0.123,-0.1857,1.1919%,1.2299%,6.0843%,0.006226,ADC,80412.0,2019-03-06,252.0,-0.7687%,0.0013,0.2187,0.1285,-0.1741,1.1893%,1.2288%,6.3194%,-0.004396,ADC,80412.0,2019-03-07,252.0,-0.1367%,0.0012,0.2148,0.1062,-0.1857,1.1834%,1.2223%,6.2713%,-0.000148,ADC,80412.0,2019-03-08,252.0,0.7605%,0.0012,0.2145,0.0969,-0.1857,1.1829%,1.2213%,6.1949%,0.007618,ADC,80412.0,2019-03-11,252.0,0.6792%,0.0013,0.2153,0.0875,-0.1915,1.1810%,1.2202%,6.3305%,0.002192,ADC,80412.0,2019-03-12,252.0,0.4348%,0.0013,0.2171,0.086,-0.1901,1.1810%,1.2203%,6.3402%,0.003811,ADC,80412.0,2019-03-13,252.0,-0.9554%,0.0012,0.2134,0.085,-0.1943,1.1823%,1.2212%,6.2631%,-0.010692,ADC,0.004162,-0.00264,0.007219,0.009049,0.01183
11491,ADTRAN HOLDINGS INC,"ADTRAN, IoT.nxt Collaborate on Cloud-based Internet of Things (IoT) Innovations",6,increase,0.7,0.6,"the collaboration with iot.nxt on cloud-based iot innovations suggests potential growth opportunities and enhanced product offerings, which could positively impact investor sentiment and stock price.",2,2019-02-27,ADTN,2019-02-27 08:57:00+00:00,80791.0,00486H10,0.0148048633709549,392947.0,-0.0039787446148693,-0.0158940870314836,0.0119839776307344,0.0342465750873088,0.0065789725631475,0.0041265762411057,-0.0254902187734842,-0.0027434816583991,-0.0167672708630561,0.0013735922984778,-0.0006821438437327,-0.0088495006784796,0.006825964897871,0.0054756966419517,0.00406782515347,-0.0040900083258748,-0.0060769850388169,0.0061728497967123,0.0129075795412063,0.0224403701722621,-0.0093896305188536,0.0163934789597988,-0.0013541270745918,-0.0119718369096517,-0.005423723720014,-0.0076869744807481,-0.0088616302236914,0.0069930232129991,-0.0082530872896313,0.000699806085322,0.0159500371664762,-0.0055671483278274,-0.0416382029652595,-0.0144032947719097,0.0014245340134948,-0.0074880640022456,0.0078235883265733,0.0096219507977366,-0.010585717856884,-0.0095302518457174,-0.004992913454771,0.0462962687015533,-0.0179211478680372,0.0353981964290142,0.0343065895140171,0.1051344648003578,-0.0070571899414062,0.0415959879755973,0.0056858509778976,-0.0092515228316187,-0.0014133926015347,0.0016849585808813,-0.0028308536857366,0.0084961280226707,0.0070971911773085,0.0137812923640012,0.009866127744317,-0.0008606049232184,-0.0027913441881537,-0.0135823301970958,-0.0034989637788385,0.0017006380949169,0.0105337481945753,-0.0150753231719136,-0.0104239452630281,0.0092983646318316,0.0316011123359203,0.0251299794763326,-0.0095302518457174,0.0248667616397142,0.1402061879634857,0.0349264815449714,0.0512357056140899,0.0027649521362036,0.0108944159001112,0.01024214271456,0.0085083115845918,-0.0073937084525823,-0.0298088118433952,-0.011872156523168,0.0005797233898192,-0.0108400983735919,-0.0052143773064017,0.0613613985478878,-0.0017472734907642,-0.0085551468655467,-0.000583341345191,-0.0159026309847831,0.0076290583238005,0.0018743677064776,0.0005824245163239,-0.0264598503708839,-0.0069849146530032,0.0,-0.019343489781022,-0.048611145466566,-0.0131499888375401,-0.0229007210582494,-0.0060569583438336,-0.0117351496592164,-0.0018281954107806,0.0257953722029924,-0.0238094870001077,-0.0144067863002419,0.021888704970479,-0.0166666507720947,0.005507965106517,-0.0468626022338867,-0.0054777935147285,0.0039872559718787,-0.0091799031943082,-0.0187793243676424,-0.0148240095004439,0.0265060178935527,0.0094044245779514,0.0040322737768292,0.0173912271857261,-0.0119522362947464,-0.0134309725835919,0.0031974390149116,-0.0039787446148693,-0.0158940870314836,0.0079575518294021,0.0178081700108572,0.0145888769077051,0.0220082330232274,-0.027851465334586,0.0206043434573983,-0.0112732160087652,0.0420756953144185,-0.0523872687606257,0.269393811190453,0.0772779887753327,0.1953204256713923,2019-02-28,2019-03-01,2019-03-04,2019-03-05,2019-03-06,2019-03-07,2019-03-08,2019-03-11,2019-03-12,2019-03-13,80791.0,2019-02-27,252.0,1.4805%,-0.0001,0.8734,1.1031,0.0562,2.1842%,2.4461%,20.2695%,0.011899,ADTN,80791.0,2019-02-28,252.0,-0.3979%,-0.0,0.8653,1.0975,0.0507,2.1820%,2.4395%,19.9995%,-0.001451,ADTN,80791.0,2019-03-01,252.0,1.1984%,-0.0001,0.8866,1.1291,0.0823,2.1714%,2.4376%,20.6509%,0.002684,ADTN,80791.0,2019-03-04,252.0,0.6579%,-0.0,0.8799,1.1375,0.0872,2.1726%,2.4371%,20.5337%,0.015294,ADTN,80791.0,2019-03-05,252.0,-2.5490%,-0.0,0.8868,1.1783,0.0997,2.1739%,2.4425%,20.7810%,-0.020349,ADTN,80791.0,2019-03-06,252.0,-1.6767%,-0.0,0.8821,1.1693,0.0931,2.1740%,2.4441%,20.8803%,0.005399,ADTN,80791.0,2019-03-07,252.0,-0.0682%,-0.0,0.8767,1.1575,0.0826,2.1740%,2.4412%,20.6921%,0.007587,ADTN,80791.0,2019-03-08,252.0,0.6826%,-0.0,0.8756,1.1574,0.0808,2.1746%,2.4408%,20.6245%,0.008226,ADTN,80791.0,2019-03-11,252.0,0.4068%,-0.0001,0.8686,1.1627,0.0875,2.1748%,2.4402%,20.5749%,-0.012815,ADTN,80791.0,2019-03-12,252.0,-0.6077%,-0.0001,0.8784,1.1629,0.0989,2.1736%,2.4405%,20.6773%,-0.005013,ADTN,80791.0,2019-03-13,252.0,1.2908%,-0.0,0.882,1.1547,0.1008,2.1744%,2.4412%,20.6607%,0.010486,ADTN,0.0104479999999999,0.013132,0.028426,0.013476,0.021947
11499,A E S CORP,The AES Sees FY19 Adj. EPS $1.28-$1.40 vs $1.31 Est.,6,uncertain,0.6,0.3,"while the adjusted eps guidance is within the estimated range, the lack of a clear beat or miss makes the market reaction uncertain.",1,2019-02-27,AES,2019-02-27 11:11:00+00:00,76712.0,00130H10,-0.0075188581831753,6029065.0,0.0040792361833155,-0.0023080790415406,0.0156703703105449,-0.0114090563729405,-0.0217142384499311,0.0121247684583067,0.017523318529129,0.0099125411361455,0.009184836409986,-0.0017462564865127,0.0051194624975323,0.0153664434328675,0.0016978316707536,-0.0082062948495149,0.0152541548013687,0.0011736238375306,0.0083473306149244,-0.0081489747390151,0.0,0.0011655278503894,0.0033112287055701,-0.0034842896275222,0.0071506686508655,0.0064289127476513,-0.0087383864447474,0.0076561290770769,-0.0170798599720001,0.0017698394367471,0.0050448514521121,0.0071301748976111,0.0195203777402639,0.0089927827939391,-0.0120350774377584,0.0176937729120254,0.0099667944014072,0.0145180150866508,0.0093201799318194,0.0162196010351181,-0.0086909206584095,0.010081966407597,-0.007671199273318,-0.0006297373329289,-0.0016565811820328,-0.0012578305322676,-0.0088495491072535,0.001890342333354,0.0050223297439515,0.0166560038924217,0.0027761929668486,0.0038584864232689,-0.0033222297206521,0.0038734939880669,0.0150000257417559,-0.0012895201798528,-0.0153257073834538,0.0045337206684052,0.006670419126749,0.0265957191586494,-0.0027609686367213,-0.0227420646697282,0.0011074451031163,0.0032594648655503,-0.003318554488942,0.0213049054145813,0.0038845557719469,-0.0019933376461267,-0.0143725937232375,0.02311353944242,-0.0072910352610051,0.0047813998535275,0.001129861571826,0.0331686846911907,-0.0016929333796724,-0.0007052347646094,0.003391716396436,-0.0193637441843748,-0.0011267863446846,0.0133146159350872,-0.0078961867839097,-0.0013995454646646,-0.0073906234465539,0.0007002961356192,-0.013745691627264,0.0332850962877273,0.0021197171881794,-0.0435986258089542,-0.0128505378961563,-0.0163376294076442,0.008875717408955,-0.0033921431750059,-0.0070380610413849,-0.0160213466733694,-0.0070880590938031,0.0067203915677964,-0.0166566800326108,-0.0670846179127693,-0.0332729034125804,0.0107731353491544,0.0087610324844717,-0.0069226310588419,0.0080644637346267,0.0095298970118165,-0.0086153466254472,-0.0019023896893486,-0.0018622399074956,0.0154540073126554,0.0087064299732446,0.0051779886707663,0.0080148624256253,-0.0006468453211709,-0.0006116348085924,-0.0089743807911872,-0.0061199744231998,0.0071013951674103,0.0080049922689795,0.0032383543439209,0.0109956255182623,-0.0045132590457797,0.0145016126334667,0.0190538745373487,0.0040792361833155,-0.0023080790415406,0.0198135296354371,-0.013690802410583,-0.0023309445215327,-0.001732031761513,0.0244755288414404,0.0064028287656676,0.05594411378808,0.0075758193584305,0.052447530824454,0.1328132515321416,-0.0137604899572448,0.1454662325168541,2019-02-28,2019-03-01,2019-03-04,2019-03-05,2019-03-06,2019-03-07,2019-03-08,2019-03-11,2019-03-12,2019-03-13,76712.0,2019-02-27,252.0,-0.7519%,0.0021,0.501,-0.1685,0.0072,1.4169%,1.5115%,12.1294%,-0.007761,AES,76712.0,2019-02-28,252.0,0.4079%,0.0019,0.542,-0.1402,0.0362,1.3292%,1.4424%,15.0856%,0.005584,AES,76712.0,2019-03-01,252.0,1.5670%,0.002,0.5274,-0.1619,0.0087,1.3192%,1.4297%,14.8643%,0.012229,AES,76712.0,2019-03-04,252.0,-2.1714%,0.0019,0.5367,-0.1733,0.0018,1.3231%,1.4370%,15.2223%,-0.0197439999999999,AES,76712.0,2019-03-05,252.0,1.7523%,0.002,0.5369,-0.1609,-0.0039,1.3245%,1.4386%,15.2394%,0.017813,AES,76712.0,2019-03-06,252.0,0.9185%,0.002,0.5315,-0.1794,-0.0125,1.3257%,1.4382%,15.0312%,0.01158,AES,76712.0,2019-03-07,252.0,0.5119%,0.002,0.5299,-0.1727,-0.0126,1.3257%,1.4377%,14.9761%,0.009221,AES,76712.0,2019-03-08,252.0,0.1698%,0.0021,0.529,-0.1583,-0.015,1.3231%,1.4350%,14.9801%,0.002839,AES,76712.0,2019-03-11,252.0,1.5254%,0.0021,0.5319,-0.1569,-0.0157,1.3236%,1.4373%,15.1955%,0.007774,AES,76712.0,2019-03-12,252.0,0.8347%,0.0022,0.5414,-0.1608,-0.0065,1.3221%,1.4378%,15.4406%,0.0064759999999999,AES,76712.0,2019-03-13,252.0,0.0000%,0.0022,0.5389,-0.1495,-0.0065,1.3209%,1.4357%,15.3583%,-0.004281,AES,-0.002177,0.010052,-0.0096919999999999,0.019701,0.0417299999999999
11507,A E S CORP,"The AES Q4 Adj. EPS $0.36 Beats $0.33 Estimate, Sales $2.622B Miss $3.5B Estimate",6,uncertain,0.6,0.3,"while the adjusted eps beat estimates, the significant miss on sales could lead to mixed reactions from investors, making the overall impact on the stock price uncertain.",1,2019-02-27,AES,2019-02-27 11:09:00+00:00,76712.0,00130H10,-0.0075188581831753,6029065.0,0.0040792361833155,-0.0023080790415406,0.0156703703105449,-0.0114090563729405,-0.0217142384499311,0.0121247684583067,0.017523318529129,0.0099125411361455,0.009184836409986,-0.0017462564865127,0.0051194624975323,0.0153664434328675,0.0016978316707536,-0.0082062948495149,0.0152541548013687,0.0011736238375306,0.0083473306149244,-0.0081489747390151,0.0,0.0011655278503894,0.0033112287055701,-0.0034842896275222,0.0071506686508655,0.0064289127476513,-0.0087383864447474,0.0076561290770769,-0.0170798599720001,0.0017698394367471,0.0050448514521121,0.0071301748976111,0.0195203777402639,0.0089927827939391,-0.0120350774377584,0.0176937729120254,0.0099667944014072,0.0145180150866508,0.0093201799318194,0.0162196010351181,-0.0086909206584095,0.010081966407597,-0.007671199273318,-0.0006297373329289,-0.0016565811820328,-0.0012578305322676,-0.0088495491072535,0.001890342333354,0.0050223297439515,0.0166560038924217,0.0027761929668486,0.0038584864232689,-0.0033222297206521,0.0038734939880669,0.0150000257417559,-0.0012895201798528,-0.0153257073834538,0.0045337206684052,0.006670419126749,0.0265957191586494,-0.0027609686367213,-0.0227420646697282,0.0011074451031163,0.0032594648655503,-0.003318554488942,0.0213049054145813,0.0038845557719469,-0.0019933376461267,-0.0143725937232375,0.02311353944242,-0.0072910352610051,0.0047813998535275,0.001129861571826,0.0331686846911907,-0.0016929333796724,-0.0007052347646094,0.003391716396436,-0.0193637441843748,-0.0011267863446846,0.0133146159350872,-0.0078961867839097,-0.0013995454646646,-0.0073906234465539,0.0007002961356192,-0.013745691627264,0.0332850962877273,0.0021197171881794,-0.0435986258089542,-0.0128505378961563,-0.0163376294076442,0.008875717408955,-0.0033921431750059,-0.0070380610413849,-0.0160213466733694,-0.0070880590938031,0.0067203915677964,-0.0166566800326108,-0.0670846179127693,-0.0332729034125804,0.0107731353491544,0.0087610324844717,-0.0069226310588419,0.0080644637346267,0.0095298970118165,-0.0086153466254472,-0.0019023896893486,-0.0018622399074956,0.0154540073126554,0.0087064299732446,0.0051779886707663,0.0080148624256253,-0.0006468453211709,-0.0006116348085924,-0.0089743807911872,-0.0061199744231998,0.0071013951674103,0.0080049922689795,0.0032383543439209,0.0109956255182623,-0.0045132590457797,0.0145016126334667,0.0190538745373487,0.0040792361833155,-0.0023080790415406,0.0198135296354371,-0.013690802410583,-0.0023309445215327,-0.001732031761513,0.0244755288414404,0.0064028287656676,0.05594411378808,0.0075758193584305,0.052447530824454,0.1328132515321416,-0.0137604899572448,0.1454662325168541,2019-02-28,2019-03-01,2019-03-04,2019-03-05,2019-03-06,2019-03-07,2019-03-08,2019-03-11,2019-03-12,2019-03-13,76712.0,2019-02-27,252.0,-0.7519%,0.0021,0.501,-0.1685,0.0072,1.4169%,1.5115%,12.1294%,-0.007761,AES,76712.0,2019-02-28,252.0,0.4079%,0.0019,0.542,-0.1402,0.0362,1.3292%,1.4424%,15.0856%,0.005584,AES,76712.0,2019-03-01,252.0,1.5670%,0.002,0.5274,-0.1619,0.0087,1.3192%,1.4297%,14.8643%,0.012229,AES,76712.0,2019-03-04,252.0,-2.1714%,0.0019,0.5367,-0.1733,0.0018,1.3231%,1.4370%,15.2223%,-0.0197439999999999,AES,76712.0,2019-03-05,252.0,1.7523%,0.002,0.5369,-0.1609,-0.0039,1.3245%,1.4386%,15.2394%,0.017813,AES,76712.0,2019-03-06,252.0,0.9185%,0.002,0.5315,-0.1794,-0.0125,1.3257%,1.4382%,15.0312%,0.01158,AES,76712.0,2019-03-07,252.0,0.5119%,0.002,0.5299,-0.1727,-0.0126,1.3257%,1.4377%,14.9761%,0.009221,AES,76712.0,2019-03-08,252.0,0.1698%,0.0021,0.529,-0.1583,-0.015,1.3231%,1.4350%,14.9801%,0.002839,AES,76712.0,2019-03-11,252.0,1.5254%,0.0021,0.5319,-0.1569,-0.0157,1.3236%,1.4373%,15.1955%,0.007774,AES,76712.0,2019-03-12,252.0,0.8347%,0.0022,0.5414,-0.1608,-0.0065,1.3221%,1.4378%,15.4406%,0.0064759999999999,AES,76712.0,2019-03-13,252.0,0.0000%,0.0022,0.5389,-0.1495,-0.0065,1.3209%,1.4357%,15.3583%,-0.004281,AES,-0.002177,0.010052,-0.0096919999999999,0.019701,0.0417299999999999
11515,ASSURED GUARANTY LTD,Assured Guaranty Raises Quarterly Dividend From $0.16 To $0.18/Share,6,increase,0.8,0.6,"raising the quarterly dividend typically signals financial strength and can attract more investors, likely leading to an increase in stock price.",2,2019-02-27,AGO,2019-02-27 11:42:00+00:00,90120.0,G0585R10,0.0009685452096164,794273.0,0.0101596070453524,-0.0033783637918531,0.0440613068640232,-0.0026474276091903,0.0080275759100914,0.0004815906286239,-0.0050057158805429,-0.0019226587610319,-0.0013720871647819,0.0065312157385051,0.0020609148778021,0.0112524237483739,-0.0075410883873701,0.0204692874103784,0.0211834721267223,-0.0164497457444667,0.0038331835530698,-0.0053724348545074,0.0031574061140418,0.0088691944256424,0.0069694556295871,0.0029651329386979,0.0029023722745478,-0.0071147475391626,0.005120288580656,0.0071657299995422,-0.0048726736567914,-0.0066274041309952,-0.0020031193271279,0.0061743636615574,0.0111507577821612,-0.0056483186781406,-0.0088222660124301,0.003944769501686,-0.0060080210678279,0.0059524225071072,0.0073875496163964,0.0074962326325476,-0.0044444613158702,-0.0118518406525254,-0.0062499730847775,0.0064611905254423,-0.0020215667318552,0.0019920775666832,0.0078775258734822,0.006768625229597,-0.0013398294104263,0.004785859491676,0.0105097806081175,-0.0060089603066444,0.0042045242153108,0.0098609207198023,-0.0006611412973143,-0.0072791394777596,0.002425592392683,0.0223248377442359,-0.0072590853087604,-0.0101599628105759,0.0095280362293124,0.0058763297274708,0.0096575636416673,0.0015352496411651,0.0089130401611328,-0.0025522836949676,0.0032320949248969,0.0110967820510268,0.0075171492062509,0.002068834612146,-0.0085269995033741,-0.0025793728418648,0.0004300248983781,0.0234952308237552,-0.0064474372193217,-0.0137984585016965,0.0123296491801738,0.0033960572909563,0.0014957200037315,0.0063090920448303,-0.0017068064771592,0.0023715454153716,0.0094036888331174,0.0050318446010351,0.0074105928651988,0.0405069552361965,0.002522045513615,-0.0205127764493227,-0.0029349976684898,-0.000269890326308,-0.0050462926737964,-0.0010780890006572,0.0033812308683991,0.0008092467905953,-0.0037910763639956,-0.004565036855638,-0.0230444017797708,-0.0281836651265621,-0.0049772677011787,-0.0108415577560663,0.0067420918494462,-0.0117346700280904,-0.0416936762630939,0.0184463243931531,-0.0360685810446739,-0.0031079754699021,-0.0070158853195607,-0.0168067179620266,0.0011775610037148,-0.0226480793207883,0.0117619391530752,0.0062609566375613,-0.0162752140313386,-0.0352742001414299,-0.0047270329669117,0.0139637356624007,-0.001187355373986,0.0012263732496649,0.007879608310759,0.000245390983764,-0.0080549670383334,0.0172198303043842,0.0101596070453524,-0.0033783637918531,0.0546685594730187,-0.0060168474274671,0.0631349913941752,-0.0055381544561781,0.0563618277156847,-0.0009676081339637,0.0803233597794235,0.0174919711635597,0.106554276238435,0.0551865080424831,0.0213028331940559,0.0306962693087209,2019-02-28,2019-03-01,2019-03-04,2019-03-05,2019-03-06,2019-03-07,2019-03-08,2019-03-11,2019-03-12,2019-03-13,90120.0,2019-02-27,252.0,0.0969%,0.0008,0.8756,0.1389,0.637,1.0153%,1.3165%,40.5312%,0.000549,AGO,90120.0,2019-02-28,252.0,1.0160%,0.001,0.8579,0.1273,0.621,1.0035%,1.2952%,39.9705%,0.014338,AGO,90120.0,2019-03-01,252.0,4.4061%,0.0011,0.8711,0.1469,0.6234,1.0317%,1.3232%,39.2096%,0.039909,AGO,90120.0,2019-03-04,252.0,0.8028%,0.0011,0.8768,0.1195,0.6238,1.0293%,1.3235%,39.5193%,0.010624,AGO,90120.0,2019-03-05,252.0,-0.5006%,0.0011,0.8794,0.1383,0.6268,1.0276%,1.3237%,39.7339%,-0.001738,AGO,90120.0,2019-03-06,252.0,-0.1372%,0.0011,0.8721,0.1294,0.6173,1.0268%,1.3182%,39.3238%,0.007417,AGO,90120.0,2019-03-07,252.0,0.2061%,0.0012,0.8709,0.1435,0.6197,1.0249%,1.3169%,39.4369%,0.01125,AGO,90120.0,2019-03-08,252.0,-0.7541%,0.0012,0.8709,0.1569,0.619,1.0227%,1.3155%,39.5623%,-0.004733,AGO,90120.0,2019-03-11,252.0,2.1183%,0.0013,0.8759,0.1594,0.6179,1.0244%,1.3215%,39.9183%,0.010771,AGO,90120.0,2019-03-12,252.0,0.3833%,0.0012,0.8659,0.161,0.6072,1.0217%,1.3096%,39.1401%,0.002494,AGO,90120.0,2019-03-13,252.0,0.3157%,0.0012,0.8647,0.162,0.606,1.0219%,1.3097%,39.1107%,-0.002792,AGO,0.014887,0.054796,0.0654199999999999,0.071099,0.0880889999999999
11523,AKEBIA THERAPEUTICS INC,Akebia Therapeutics Option Alert: Apr 18 $7.5 Calls Sweep (2) near the Ask: 504 @ $0.825 vs 635 OI; Earnings 3/11 After Close [est] Ref=$7.227,6,uncertain,0.6,0.3,"the option alert indicates interest in call options, suggesting potential bullish sentiment, but the upcoming earnings report introduces uncertainty regarding the stock's performance.",1,2019-02-27,AKBA,2019-02-27 16:14:00+00:00,14531.0,00972D10,0.037815123796463,675345.0,-0.0175438113510608,-0.0428954660892486,0.0549449995160102,0.0191256646066904,-0.0312499701976776,0.1278891265392303,-0.0080645084381103,-0.0091603687033057,-0.0257452651858329,0.0,0.0,-0.0150375794619321,-0.0222531072795391,0.0278207585215568,0.0440967194736003,0.0031007723882794,0.103542260825634,-0.028614467009902,-0.0160494558513164,0.0246913339942693,-0.0012546740472316,0.0451613254845142,0.0263819135725498,0.0180623400956392,0.0,-0.0097560882568359,-0.0085678938776254,0.0423728823661804,0.0641974657773971,0.0172413624823093,0.0092807337641716,0.0720887929201126,-0.0356321223080158,-0.0181488879024982,0.0286054536700248,-0.0367132127285003,0.011587418615818,0.0514705404639244,-0.0263458825647831,-0.0144927399232983,0.0,-0.0628183186054229,-0.0364706367254257,-0.0016949540004134,-0.0170939434319734,0.0207612253725528,-0.1304347962141037,-0.0398670732975006,0.0228571202605962,-0.0579029582440853,-0.0265363212674856,0.0142856622114777,0.0229555703699588,0.0194175355136394,0.0659186244010925,0.0065146517008543,-0.018421035259962,0.0148759791627526,0.0321715511381626,-0.0288924276828765,-0.0168830696493387,-0.0095389420166611,-0.0475561581552028,-0.0323076993227005,-0.0263522956520319,-0.0151515007019043,0.0156695339828729,0.0559999831020832,-0.02945302054286,0.0347682200372219,-0.0303468257188797,0.0709220021963119,-0.0238449852913618,-0.0275862626731395,0.0183205921202898,0.0488245859742164,-0.0374812595546245,0.025974091142416,0.0062305238097906,-0.0253165159374475,-0.0139319123700261,-0.0642977431416511,-0.0094191431999206,0.0765027478337287,-0.0427892208099365,0.0129150729626417,0.0016556670889258,-0.0813559368252754,0.0264462549239397,-0.0852712765336036,0.0096618263050913,-0.006163322366774,0.0334928296506404,-0.0820368304848671,-0.0632715821266174,-0.0733944848179817,-0.0296540856361389,-0.1219792291522026,0.0050934143364429,-0.0279642064124345,0.0101351253688335,-0.0229508243501186,-0.0200668703764677,0.0292462613433599,-0.0017065237043425,0.0422040596604347,-0.0102564003318548,0.0,-0.0293609797954559,0.0252403896301984,-0.0213522929698228,-0.0130487075075507,-0.0181818008422851,0.0433168783783912,0.0370370000600814,0.003726674709469,-0.0053570950403809,-0.0110565293580293,-0.0556552857160568,0.0940860584378242,-0.0175438113510608,-0.0428954660892486,0.0364372434587563,-0.0245902057801288,0.004048610488907,0.1001541008204609,-0.0296895822465408,0.0900762836264916,0.0755735395621115,0.1018518269221453,0.0391363028996518,0.1460673924718485,-0.2901484002417891,-0.0403226122915947,2019-02-28,2019-03-01,2019-03-04,2019-03-05,2019-03-06,2019-03-07,2019-03-08,2019-03-11,2019-03-12,2019-03-13,14531.0,2019-02-27,252.0,3.7815%,-0.0028,1.4316,1.4711,-0.672,3.2534%,3.8060%,26.9310%,0.032826,AKBA,14531.0,2019-02-28,252.0,-1.7544%,-0.0028,1.4287,1.4686,-0.6713,3.2537%,3.8020%,26.7633%,-0.01518,AKBA,14531.0,2019-03-01,252.0,5.4945%,-0.0027,1.439,1.484,-0.674,3.2636%,3.8172%,26.9029%,0.037624,AKBA,14531.0,2019-03-04,252.0,-3.1250%,-0.0028,1.4467,1.4697,-0.6786,3.2635%,3.8212%,27.0605%,-0.0152919999999999,AKBA,14531.0,2019-03-05,252.0,-0.8065%,-0.0027,1.4525,1.5141,-0.6745,3.2595%,3.8213%,27.2405%,-0.002768,AKBA,14531.0,2019-03-06,252.0,-2.5745%,-0.0026,1.4563,1.4906,-0.6734,3.2588%,3.8240%,27.3778%,0.005713,AKBA,14531.0,2019-03-07,252.0,0.0000%,-0.0024,1.4555,1.5132,-0.668,3.2569%,3.8237%,27.4504%,0.0106729999999999,AKBA,14531.0,2019-03-08,252.0,-2.2253%,-0.0024,1.4555,1.5547,-0.6702,3.2502%,3.8232%,27.7277%,-0.021033,AKBA,14531.0,2019-03-11,252.0,4.4097%,-0.0023,1.4641,1.5467,-0.6792,3.2501%,3.8328%,28.0955%,0.013238,AKBA,14531.0,2019-03-12,252.0,10.3542%,-0.0019,1.4576,1.5005,-0.7059,3.3157%,3.8828%,27.0770%,0.103579,AKBA,14531.0,2019-03-13,252.0,-1.6049%,-0.0018,1.4501,1.5425,-0.704,3.3060%,3.8764%,27.2630%,-0.020685,AKBA,0.017646,0.05527,0.039978,0.042923,0.128695
11531,ALEXANDER & BALDWIN INC NEW,"Alexander & Baldwin Q4 EPS $(0.97), Sales $299.6M Beat $129.1M Estimate",6,decrease,0.8,0.7,"the company reported a significant loss per share of $(0.97), which may overshadow the sales beat and lead to a negative reaction from investors.",0,2019-02-27,ALEX,2019-02-27 22:45:00+00:00,13429.0,01449110,-0.0048446040600538,403283.0,-0.0697768479585647,-0.0052208499982953,0.0017443962860852,0.0171568654477596,0.0087070427834987,-0.0032573258504271,-0.0012948074145242,0.0008149368222802,-0.0306827612221241,-0.0132689950987696,-0.0071332966908812,0.0028226452413946,0.0118993679061532,0.0056771854870021,0.0209915693849325,0.0177466087043285,0.0078740287572145,0.0100041590631008,0.0086805056780576,0.0016701046843081,0.0030120350420475,0.0088458713144063,-0.0077220210805535,0.0016877218149602,0.0146995317190885,0.0080816904082894,-0.0051128645427525,-0.0067596049048006,0.0128479329869151,0.0085215494036674,0.0143763283267617,0.0199912674725055,-0.0216757170855999,-0.0013021130580455,0.0166170131415128,0.0167696848511695,0.0276613514870405,-0.0004411216941662,0.0150896785780787,-0.0004409271932672,0.0164724737405777,0.0057650143280625,0.0055336481891572,0.0226757377386093,0.0,0.0068492977879941,-0.0172956176102161,-0.0152877764776349,-0.0016000366304069,-0.0004494484746828,-0.0024038248229771,0.0118235666304826,-0.0060240812599658,0.006407294422388,-0.0153535017743706,0.0064487010240554,-0.0143619356676936,0.0116495806723833,0.0008326584938913,0.0146571854129433,0.0016638521337881,0.0192770902067422,-0.0058139283210039,0.0077707548625767,0.0062656481750309,0.0203171372413635,-0.0099626304581761,0.0090000154450535,-0.0050314818508923,0.0298661142587661,-0.0016855882713571,0.0452099107205867,-0.0227944664657115,0.0065005873329937,0.0146868322044611,0.004352553281933,0.0229885447770357,-0.0139485104009509,-0.0066583370789885,0.0113944159820675,0.0054461313411593,0.0060044000856578,-0.0158332977443933,0.0228922311216592,0.0,-0.0229132603853941,0.0008466786239296,0.0309335887432098,-0.0148053504526615,-0.0347448103129863,0.0416487455368042,-0.0274551454931497,0.0020609742496162,-0.0171250607818365,-0.0255038645118475,0.0147446384653449,0.0168847441673278,-0.0015773231862112,-0.0006226773839443,-0.0052301450632512,-0.0016728987684473,-0.0020876310300081,-0.0301634352654218,-0.021949989721179,0.0116630867123603,-0.0075987647287547,0.0042698709294199,-0.0304519068449735,0.0131802493706345,0.0314083509147167,-0.0230801198631525,-0.0417475998401641,-0.0017182523151859,-0.0062710642814636,0.0107573149725794,0.0,0.0004257228283677,-0.006232073996216,0.0085106706246733,0.0383275486528873,-0.0697768479585647,-0.0052208499982953,-0.0681541701469131,0.0118464420285206,-0.0600405486387574,0.0085505284562383,-0.0900608235505302,-0.0040209244528625,-0.0510951368349452,0.034237982273783,-0.0184305491722767,0.1711584333902367,-0.0256350957999883,0.2329517298803827,2019-02-28,2019-03-01,2019-03-04,2019-03-05,2019-03-06,2019-03-07,2019-03-08,2019-03-11,2019-03-12,2019-03-13,13429.0,2019-02-27,252.0,-0.4845%,0.0004,0.6645,0.9116,0.3714,1.3462%,1.5580%,25.3424%,-0.006843,ALEX,13429.0,2019-02-28,252.0,-6.9777%,0.0001,0.6709,0.9137,0.3918,1.4090%,1.6128%,23.6814%,-0.0670709999999999,ALEX,13429.0,2019-03-01,252.0,0.1744%,0.0001,0.6714,0.9145,0.3946,1.4091%,1.6116%,23.5421%,-0.004259,ALEX,13429.0,2019-03-04,252.0,0.8707%,-0.0,0.6929,0.8305,0.392,1.3765%,1.5809%,24.1921%,0.014227,ALEX,13429.0,2019-03-05,252.0,-0.1295%,-0.0,0.6905,0.8141,0.389,1.3756%,1.5755%,23.7629%,0.0033079999999999,ALEX,13429.0,2019-03-06,252.0,-3.0683%,-0.0001,0.6938,0.8469,0.3973,1.3783%,1.5860%,24.4776%,-0.014871,ALEX,13429.0,2019-03-07,252.0,-0.7133%,-0.0002,0.6907,0.8324,0.389,1.3762%,1.5812%,24.2455%,0.00037,ALEX,13429.0,2019-03-08,252.0,1.1899%,-0.0002,0.6898,0.8167,0.3884,1.3760%,1.5782%,23.9870%,0.013574,ALEX,13429.0,2019-03-11,252.0,2.0992%,-0.0001,0.6955,0.8039,0.3781,1.3723%,1.5782%,24.3873%,0.009703,ALEX,13429.0,2019-03-12,252.0,0.7874%,-0.0,0.6968,0.7997,0.3778,1.3734%,1.5776%,24.2137%,0.008598,ALEX,13429.0,2019-03-13,252.0,0.8681%,0.0,0.6986,0.8005,0.38,1.3737%,1.5786%,24.2766%,0.006109,ALEX,-0.073914,-0.0781729999999999,-0.0639459999999999,-0.0755089999999999,-0.0371549999999999
11539,AMEDISYS INC,"Amedisys Sees FY19 Adj. EPS $3.98-$4.09 vs $4.08 Estimate, Net Service Sales $1.94B-$1.98B vs $1.94B Est., Adj. EBITDA $205M-$210M",6,uncertain,0.6,0.3,"while amedisys' adjusted eps and net service sales are in line with estimates, the slight variation in guidance may lead to mixed investor reactions.",1,2019-02-27,AMED,2019-02-27 22:05:00+00:00,80795.0,02343610,-0.0130360918119549,601299.0,0.0134529266506433,-0.0206478275358676,-0.0008045543218031,-0.015135028399527,-0.0256843380630016,0.0168100167065858,0.011486648581922,-0.0031468926463276,-0.0352941155433654,-0.0421250686049461,0.0032181339338421,-0.0258405823260545,-0.0015195028390735,-0.0180926583707332,0.0118363332003355,0.01270158495754,0.0150401322171092,0.0097295446321368,0.0063384640961885,0.0273360647261142,0.019386526197195,0.0131184607744216,-0.0141229508444666,-0.0280366446822881,0.0117206778377294,-0.0077685927972197,0.0178599637001752,-0.0253118518739938,-0.0217356942594051,0.0148565480485558,0.020360380411148,0.0304675195366144,-0.0292184837162494,0.0109789753332734,0.0104404473677277,0.0135229108855128,-0.0159024354070425,0.0147416675463318,-0.0192765649408102,0.0072663943283259,0.0037638389039784,-0.0185271278023719,0.0270810760557651,0.0091527663171291,-0.0025961357168853,-0.0024970120284706,0.0102488566190004,0.0273368284106254,0.016827730461955,-0.0187225043773651,0.0038007420953363,0.001812620088458,0.0213772915303707,0.0030829990282654,-0.0054062171839177,0.0119190290570259,0.0069110062904655,0.0630102381110191,-0.0134186623618006,-0.0241474043577909,-0.0062534436583518,0.0195431914180517,-0.0065287044271826,-0.0282801911234855,0.0183688998222351,-0.0039305873215198,-0.0989736914634704,0.0181757565587759,-0.0021572180557996,0.0498949997127056,0.0136631084606051,0.0314192473888397,-0.0274697244167327,-0.035023495554924,0.0864912346005439,-0.0198958404362201,-0.0022606069687753,0.0202108174562454,0.0189350731670856,0.0087881181389093,0.0156448632478714,0.0024667321704328,-7.820889732101932e-05,0.0687317848205566,-0.0004691707727033,-0.0070119672454893,-0.0621186234056949,-0.0342212282121181,0.0061728856526315,-0.0300402902066707,-0.0243740864098072,-0.0409072041511535,0.0120666055008769,0.0082147801294922,-0.0122585985809564,-0.0495814234018325,-0.0120707089081406,-0.0413580872118473,0.0031835751142352,-0.0238758604973554,-0.0067758238874375,0.0294642392545938,-0.0283247530460357,-0.0016255725640803,-0.015730507671833,-0.0085956277325749,0.0011737900786101,-0.0382343716919422,0.0121753802523016,0.0037785768508911,-0.0346610248088836,-0.0375097654759883,0.0081226220354437,0.029210977256298,0.0217908546328544,0.0031659009400755,-0.0069892364554107,0.0133552830666303,-0.0247247591614723,0.0828082114458084,0.0134529266506433,-0.0206478275358676,0.0126375487185625,-0.0354703504792508,-0.0133713764180142,-0.0192565909568096,-0.0372604949749608,-0.0635267582126244,-0.0032613262424842,-0.0589883478290752,0.0430493168747141,0.0312006823669821,-0.1187933080915341,0.0039586200452537,2019-02-28,2019-03-01,2019-03-04,2019-03-05,2019-03-06,2019-03-07,2019-03-08,2019-03-11,2019-03-12,2019-03-13,80795.0,2019-02-27,252.0,-1.3036%,0.0029,1.081,1.0606,-0.1393,2.0921%,2.4862%,29.1895%,-0.016314,AMED,80795.0,2019-02-28,252.0,1.3453%,0.0028,1.0996,1.0738,-0.129,2.0789%,2.4826%,29.8801%,0.016144,AMED,80795.0,2019-03-01,252.0,-0.0805%,0.0027,1.1023,1.0778,-0.1177,2.0802%,2.4824%,29.7793%,-0.012441,AMED,80795.0,2019-03-04,252.0,-2.5684%,0.0028,1.0882,1.1408,-0.1177,2.0715%,2.4779%,30.1115%,-0.0152719999999999,AMED,80795.0,2019-03-05,252.0,1.1487%,0.0028,1.0862,1.1341,-0.1242,2.0733%,2.4752%,29.8390%,0.016501,AMED,80795.0,2019-03-06,252.0,-3.5294%,0.0028,1.0957,1.1614,-0.1098,2.0749%,2.4871%,30.3983%,-0.011921,AMED,80795.0,2019-03-07,252.0,0.3218%,0.0029,1.0936,1.1705,-0.11,2.0749%,2.4871%,30.3987%,0.012563,AMED,80795.0,2019-03-08,252.0,-0.1520%,0.0029,1.0942,1.1663,-0.1088,2.0749%,2.4857%,30.3267%,2.3999999999999997e-05,AMED,80795.0,2019-03-11,252.0,1.1836%,0.0028,1.088,1.159,-0.1097,2.0762%,2.4863%,30.2649%,-0.009322,AMED,80795.0,2019-03-12,252.0,1.5040%,0.0029,1.091,1.1527,-0.109,2.0777%,2.4861%,30.1554%,0.015387,AMED,80795.0,2019-03-13,252.0,0.6338%,0.0029,1.091,1.1501,-0.1096,2.0776%,2.4856%,30.1397%,0.002606,AMED,-0.0001699999999999,-0.0126109999999999,-0.0278829999999999,-0.0233029999999999,-0.002045
11547,AMEDISYS INC,CORRECTION: Amedisys Q4 Adj. EPS Of $0.91 Beat Analyst Estimate Of $0.85; The initial headline which was published compared the GAAP EPS of $0.84 to the non-GAAP estimate of $0.85,6,increase,0.8,0.6,"the correction indicates that amedisys exceeded analyst expectations for adjusted eps, which is likely to positively influence investor sentiment and increase the stock price.",2,2019-02-27,AMED,2019-02-27 22:04:00+00:00,80795.0,02343610,-0.0130360918119549,601299.0,0.0134529266506433,-0.0206478275358676,-0.0008045543218031,-0.015135028399527,-0.0256843380630016,0.0168100167065858,0.011486648581922,-0.0031468926463276,-0.0352941155433654,-0.0421250686049461,0.0032181339338421,-0.0258405823260545,-0.0015195028390735,-0.0180926583707332,0.0118363332003355,0.01270158495754,0.0150401322171092,0.0097295446321368,0.0063384640961885,0.0273360647261142,0.019386526197195,0.0131184607744216,-0.0141229508444666,-0.0280366446822881,0.0117206778377294,-0.0077685927972197,0.0178599637001752,-0.0253118518739938,-0.0217356942594051,0.0148565480485558,0.020360380411148,0.0304675195366144,-0.0292184837162494,0.0109789753332734,0.0104404473677277,0.0135229108855128,-0.0159024354070425,0.0147416675463318,-0.0192765649408102,0.0072663943283259,0.0037638389039784,-0.0185271278023719,0.0270810760557651,0.0091527663171291,-0.0025961357168853,-0.0024970120284706,0.0102488566190004,0.0273368284106254,0.016827730461955,-0.0187225043773651,0.0038007420953363,0.001812620088458,0.0213772915303707,0.0030829990282654,-0.0054062171839177,0.0119190290570259,0.0069110062904655,0.0630102381110191,-0.0134186623618006,-0.0241474043577909,-0.0062534436583518,0.0195431914180517,-0.0065287044271826,-0.0282801911234855,0.0183688998222351,-0.0039305873215198,-0.0989736914634704,0.0181757565587759,-0.0021572180557996,0.0498949997127056,0.0136631084606051,0.0314192473888397,-0.0274697244167327,-0.035023495554924,0.0864912346005439,-0.0198958404362201,-0.0022606069687753,0.0202108174562454,0.0189350731670856,0.0087881181389093,0.0156448632478714,0.0024667321704328,-7.820889732101932e-05,0.0687317848205566,-0.0004691707727033,-0.0070119672454893,-0.0621186234056949,-0.0342212282121181,0.0061728856526315,-0.0300402902066707,-0.0243740864098072,-0.0409072041511535,0.0120666055008769,0.0082147801294922,-0.0122585985809564,-0.0495814234018325,-0.0120707089081406,-0.0413580872118473,0.0031835751142352,-0.0238758604973554,-0.0067758238874375,0.0294642392545938,-0.0283247530460357,-0.0016255725640803,-0.015730507671833,-0.0085956277325749,0.0011737900786101,-0.0382343716919422,0.0121753802523016,0.0037785768508911,-0.0346610248088836,-0.0375097654759883,0.0081226220354437,0.029210977256298,0.0217908546328544,0.0031659009400755,-0.0069892364554107,0.0133552830666303,-0.0247247591614723,0.0828082114458084,0.0134529266506433,-0.0206478275358676,0.0126375487185625,-0.0354703504792508,-0.0133713764180142,-0.0192565909568096,-0.0372604949749608,-0.0635267582126244,-0.0032613262424842,-0.0589883478290752,0.0430493168747141,0.0312006823669821,-0.1187933080915341,0.0039586200452537,2019-02-28,2019-03-01,2019-03-04,2019-03-05,2019-03-06,2019-03-07,2019-03-08,2019-03-11,2019-03-12,2019-03-13,80795.0,2019-02-27,252.0,-1.3036%,0.0029,1.081,1.0606,-0.1393,2.0921%,2.4862%,29.1895%,-0.016314,AMED,80795.0,2019-02-28,252.0,1.3453%,0.0028,1.0996,1.0738,-0.129,2.0789%,2.4826%,29.8801%,0.016144,AMED,80795.0,2019-03-01,252.0,-0.0805%,0.0027,1.1023,1.0778,-0.1177,2.0802%,2.4824%,29.7793%,-0.012441,AMED,80795.0,2019-03-04,252.0,-2.5684%,0.0028,1.0882,1.1408,-0.1177,2.0715%,2.4779%,30.1115%,-0.0152719999999999,AMED,80795.0,2019-03-05,252.0,1.1487%,0.0028,1.0862,1.1341,-0.1242,2.0733%,2.4752%,29.8390%,0.016501,AMED,80795.0,2019-03-06,252.0,-3.5294%,0.0028,1.0957,1.1614,-0.1098,2.0749%,2.4871%,30.3983%,-0.011921,AMED,80795.0,2019-03-07,252.0,0.3218%,0.0029,1.0936,1.1705,-0.11,2.0749%,2.4871%,30.3987%,0.012563,AMED,80795.0,2019-03-08,252.0,-0.1520%,0.0029,1.0942,1.1663,-0.1088,2.0749%,2.4857%,30.3267%,2.3999999999999997e-05,AMED,80795.0,2019-03-11,252.0,1.1836%,0.0028,1.088,1.159,-0.1097,2.0762%,2.4863%,30.2649%,-0.009322,AMED,80795.0,2019-03-12,252.0,1.5040%,0.0029,1.091,1.1527,-0.109,2.0777%,2.4861%,30.1554%,0.015387,AMED,80795.0,2019-03-13,252.0,0.6338%,0.0029,1.091,1.1501,-0.1096,2.0776%,2.4856%,30.1397%,0.002606,AMED,-0.0001699999999999,-0.0126109999999999,-0.0278829999999999,-0.0233029999999999,-0.002045
11555,AMEDISYS INC,Amedisys Q4 Adj. EPS $0.91 Beats $0.85 Estimate,6,increase,0.8,0.6,"beating earnings estimates typically signals strong performance, which can positively influence investor sentiment and lead to an increase in stock price.",2,2019-02-27,AMED,2019-02-27 22:03:00+00:00,80795.0,02343610,-0.0130360918119549,601299.0,0.0134529266506433,-0.0206478275358676,-0.0008045543218031,-0.015135028399527,-0.0256843380630016,0.0168100167065858,0.011486648581922,-0.0031468926463276,-0.0352941155433654,-0.0421250686049461,0.0032181339338421,-0.0258405823260545,-0.0015195028390735,-0.0180926583707332,0.0118363332003355,0.01270158495754,0.0150401322171092,0.0097295446321368,0.0063384640961885,0.0273360647261142,0.019386526197195,0.0131184607744216,-0.0141229508444666,-0.0280366446822881,0.0117206778377294,-0.0077685927972197,0.0178599637001752,-0.0253118518739938,-0.0217356942594051,0.0148565480485558,0.020360380411148,0.0304675195366144,-0.0292184837162494,0.0109789753332734,0.0104404473677277,0.0135229108855128,-0.0159024354070425,0.0147416675463318,-0.0192765649408102,0.0072663943283259,0.0037638389039784,-0.0185271278023719,0.0270810760557651,0.0091527663171291,-0.0025961357168853,-0.0024970120284706,0.0102488566190004,0.0273368284106254,0.016827730461955,-0.0187225043773651,0.0038007420953363,0.001812620088458,0.0213772915303707,0.0030829990282654,-0.0054062171839177,0.0119190290570259,0.0069110062904655,0.0630102381110191,-0.0134186623618006,-0.0241474043577909,-0.0062534436583518,0.0195431914180517,-0.0065287044271826,-0.0282801911234855,0.0183688998222351,-0.0039305873215198,-0.0989736914634704,0.0181757565587759,-0.0021572180557996,0.0498949997127056,0.0136631084606051,0.0314192473888397,-0.0274697244167327,-0.035023495554924,0.0864912346005439,-0.0198958404362201,-0.0022606069687753,0.0202108174562454,0.0189350731670856,0.0087881181389093,0.0156448632478714,0.0024667321704328,-7.820889732101932e-05,0.0687317848205566,-0.0004691707727033,-0.0070119672454893,-0.0621186234056949,-0.0342212282121181,0.0061728856526315,-0.0300402902066707,-0.0243740864098072,-0.0409072041511535,0.0120666055008769,0.0082147801294922,-0.0122585985809564,-0.0495814234018325,-0.0120707089081406,-0.0413580872118473,0.0031835751142352,-0.0238758604973554,-0.0067758238874375,0.0294642392545938,-0.0283247530460357,-0.0016255725640803,-0.015730507671833,-0.0085956277325749,0.0011737900786101,-0.0382343716919422,0.0121753802523016,0.0037785768508911,-0.0346610248088836,-0.0375097654759883,0.0081226220354437,0.029210977256298,0.0217908546328544,0.0031659009400755,-0.0069892364554107,0.0133552830666303,-0.0247247591614723,0.0828082114458084,0.0134529266506433,-0.0206478275358676,0.0126375487185625,-0.0354703504792508,-0.0133713764180142,-0.0192565909568096,-0.0372604949749608,-0.0635267582126244,-0.0032613262424842,-0.0589883478290752,0.0430493168747141,0.0312006823669821,-0.1187933080915341,0.0039586200452537,2019-02-28,2019-03-01,2019-03-04,2019-03-05,2019-03-06,2019-03-07,2019-03-08,2019-03-11,2019-03-12,2019-03-13,80795.0,2019-02-27,252.0,-1.3036%,0.0029,1.081,1.0606,-0.1393,2.0921%,2.4862%,29.1895%,-0.016314,AMED,80795.0,2019-02-28,252.0,1.3453%,0.0028,1.0996,1.0738,-0.129,2.0789%,2.4826%,29.8801%,0.016144,AMED,80795.0,2019-03-01,252.0,-0.0805%,0.0027,1.1023,1.0778,-0.1177,2.0802%,2.4824%,29.7793%,-0.012441,AMED,80795.0,2019-03-04,252.0,-2.5684%,0.0028,1.0882,1.1408,-0.1177,2.0715%,2.4779%,30.1115%,-0.0152719999999999,AMED,80795.0,2019-03-05,252.0,1.1487%,0.0028,1.0862,1.1341,-0.1242,2.0733%,2.4752%,29.8390%,0.016501,AMED,80795.0,2019-03-06,252.0,-3.5294%,0.0028,1.0957,1.1614,-0.1098,2.0749%,2.4871%,30.3983%,-0.011921,AMED,80795.0,2019-03-07,252.0,0.3218%,0.0029,1.0936,1.1705,-0.11,2.0749%,2.4871%,30.3987%,0.012563,AMED,80795.0,2019-03-08,252.0,-0.1520%,0.0029,1.0942,1.1663,-0.1088,2.0749%,2.4857%,30.3267%,2.3999999999999997e-05,AMED,80795.0,2019-03-11,252.0,1.1836%,0.0028,1.088,1.159,-0.1097,2.0762%,2.4863%,30.2649%,-0.009322,AMED,80795.0,2019-03-12,252.0,1.5040%,0.0029,1.091,1.1527,-0.109,2.0777%,2.4861%,30.1554%,0.015387,AMED,80795.0,2019-03-13,252.0,0.6338%,0.0029,1.091,1.1501,-0.1096,2.0776%,2.4856%,30.1397%,0.002606,AMED,-0.0001699999999999,-0.0126109999999999,-0.0278829999999999,-0.0233029999999999,-0.002045
11563,AMEDISYS INC,"Amedisys Q4 GAAP EPS $0.84, Sales $434.4M Beat $427.51M Estimate",6,increase,0.8,0.6,"the company reported better-than-expected earnings and sales, which typically leads to a positive reaction in stock prices.",2,2019-02-27,AMED,2019-02-27 22:03:00+00:00,80795.0,02343610,-0.0130360918119549,601299.0,0.0134529266506433,-0.0206478275358676,-0.0008045543218031,-0.015135028399527,-0.0256843380630016,0.0168100167065858,0.011486648581922,-0.0031468926463276,-0.0352941155433654,-0.0421250686049461,0.0032181339338421,-0.0258405823260545,-0.0015195028390735,-0.0180926583707332,0.0118363332003355,0.01270158495754,0.0150401322171092,0.0097295446321368,0.0063384640961885,0.0273360647261142,0.019386526197195,0.0131184607744216,-0.0141229508444666,-0.0280366446822881,0.0117206778377294,-0.0077685927972197,0.0178599637001752,-0.0253118518739938,-0.0217356942594051,0.0148565480485558,0.020360380411148,0.0304675195366144,-0.0292184837162494,0.0109789753332734,0.0104404473677277,0.0135229108855128,-0.0159024354070425,0.0147416675463318,-0.0192765649408102,0.0072663943283259,0.0037638389039784,-0.0185271278023719,0.0270810760557651,0.0091527663171291,-0.0025961357168853,-0.0024970120284706,0.0102488566190004,0.0273368284106254,0.016827730461955,-0.0187225043773651,0.0038007420953363,0.001812620088458,0.0213772915303707,0.0030829990282654,-0.0054062171839177,0.0119190290570259,0.0069110062904655,0.0630102381110191,-0.0134186623618006,-0.0241474043577909,-0.0062534436583518,0.0195431914180517,-0.0065287044271826,-0.0282801911234855,0.0183688998222351,-0.0039305873215198,-0.0989736914634704,0.0181757565587759,-0.0021572180557996,0.0498949997127056,0.0136631084606051,0.0314192473888397,-0.0274697244167327,-0.035023495554924,0.0864912346005439,-0.0198958404362201,-0.0022606069687753,0.0202108174562454,0.0189350731670856,0.0087881181389093,0.0156448632478714,0.0024667321704328,-7.820889732101932e-05,0.0687317848205566,-0.0004691707727033,-0.0070119672454893,-0.0621186234056949,-0.0342212282121181,0.0061728856526315,-0.0300402902066707,-0.0243740864098072,-0.0409072041511535,0.0120666055008769,0.0082147801294922,-0.0122585985809564,-0.0495814234018325,-0.0120707089081406,-0.0413580872118473,0.0031835751142352,-0.0238758604973554,-0.0067758238874375,0.0294642392545938,-0.0283247530460357,-0.0016255725640803,-0.015730507671833,-0.0085956277325749,0.0011737900786101,-0.0382343716919422,0.0121753802523016,0.0037785768508911,-0.0346610248088836,-0.0375097654759883,0.0081226220354437,0.029210977256298,0.0217908546328544,0.0031659009400755,-0.0069892364554107,0.0133552830666303,-0.0247247591614723,0.0828082114458084,0.0134529266506433,-0.0206478275358676,0.0126375487185625,-0.0354703504792508,-0.0133713764180142,-0.0192565909568096,-0.0372604949749608,-0.0635267582126244,-0.0032613262424842,-0.0589883478290752,0.0430493168747141,0.0312006823669821,-0.1187933080915341,0.0039586200452537,2019-02-28,2019-03-01,2019-03-04,2019-03-05,2019-03-06,2019-03-07,2019-03-08,2019-03-11,2019-03-12,2019-03-13,80795.0,2019-02-27,252.0,-1.3036%,0.0029,1.081,1.0606,-0.1393,2.0921%,2.4862%,29.1895%,-0.016314,AMED,80795.0,2019-02-28,252.0,1.3453%,0.0028,1.0996,1.0738,-0.129,2.0789%,2.4826%,29.8801%,0.016144,AMED,80795.0,2019-03-01,252.0,-0.0805%,0.0027,1.1023,1.0778,-0.1177,2.0802%,2.4824%,29.7793%,-0.012441,AMED,80795.0,2019-03-04,252.0,-2.5684%,0.0028,1.0882,1.1408,-0.1177,2.0715%,2.4779%,30.1115%,-0.0152719999999999,AMED,80795.0,2019-03-05,252.0,1.1487%,0.0028,1.0862,1.1341,-0.1242,2.0733%,2.4752%,29.8390%,0.016501,AMED,80795.0,2019-03-06,252.0,-3.5294%,0.0028,1.0957,1.1614,-0.1098,2.0749%,2.4871%,30.3983%,-0.011921,AMED,80795.0,2019-03-07,252.0,0.3218%,0.0029,1.0936,1.1705,-0.11,2.0749%,2.4871%,30.3987%,0.012563,AMED,80795.0,2019-03-08,252.0,-0.1520%,0.0029,1.0942,1.1663,-0.1088,2.0749%,2.4857%,30.3267%,2.3999999999999997e-05,AMED,80795.0,2019-03-11,252.0,1.1836%,0.0028,1.088,1.159,-0.1097,2.0762%,2.4863%,30.2649%,-0.009322,AMED,80795.0,2019-03-12,252.0,1.5040%,0.0029,1.091,1.1527,-0.109,2.0777%,2.4861%,30.1554%,0.015387,AMED,80795.0,2019-03-13,252.0,0.6338%,0.0029,1.091,1.1501,-0.1096,2.0776%,2.4856%,30.1397%,0.002606,AMED,-0.0001699999999999,-0.0126109999999999,-0.0278829999999999,-0.0233029999999999,-0.002045
11571,AMERICAN TOWER CORP NEW,American Tower Sees FY19 Total Property Revenue $7.13B-$7.30B,6,increase,0.75,0.6,"the projected total property revenue of $7.13b-$7.30b suggests strong financial performance, which is likely to positively influence investor sentiment and increase the stock price.",2,2019-02-27,AMT,2019-02-27 12:12:00+00:00,86111.0,03027X10,-0.0047121439129114,1632188.0,0.017032315954566,-0.0012052543461322,0.010048278607428,-0.0135877775028348,0.0099483150988817,0.0006799069815315,0.0076242145150899,-0.0010187783045694,0.0032585682347416,-0.0051238941960036,0.0005505428416654,-0.0012372130295261,-0.0007702854927629,0.0115479500964283,0.0195473991334438,0.0120322182774543,0.003186413552612,0.0064314305782318,0.0079676751047372,-0.0023123251739889,0.0039523877203464,0.0032477690838277,0.0053199976682662,0.0024417079985141,-0.000423357298132,0.0102190058678388,0.0053999908268451,-0.0125267561525106,0.0085829580202698,0.0087164510041475,0.01655013859272,0.0029924884438514,-0.0054440591484308,-0.0139435529708862,0.0105345137417316,0.013902710750699,-0.0032704756595194,0.0060788406990468,-0.0049218493513762,0.0082713440060615,0.004327870439738,0.0038229459896683,0.0109270252287387,0.0106248706579208,-0.0230894293636083,-0.0008444380946457,0.0135577404871583,0.0067403488792479,-0.0042538018897175,6.069415758247487e-05,-0.0063821622170507,0.0017641639569774,0.0140377692878246,0.0036634881980717,0.0023498504888266,0.0044771279208362,0.0025481602642685,0.0102231055498123,0.0040666623972356,0.0,0.0001525723782833,-0.0028420037124305,0.0066616469994187,0.013652354478836,-0.0094464048743247,-0.0087528936564922,-0.0198378264904022,0.0113001642748713,-0.0053589949384331,0.0061903591267764,0.0091018751263618,0.0039954651147127,-0.0030584018677473,0.0059971106238663,0.0056155705824494,-0.0091661727055907,-0.0008789977873675,-0.0040294616483151,-0.0048646819777786,0.0014501621481031,0.0047845100052654,0.0067924037575721,-0.0039853230118751,0.0311889369040727,0.0148617783561348,-0.0279746726155281,-0.0122375795617699,-0.0219140369445085,-0.0005702172638848,-0.006152331829071,0.0007779766456224,0.0014170152135193,-0.0039906934835016,0.0085124587640166,-0.0121239805594086,-0.0339736118912696,0.0094284601509571,-0.0011990224011242,0.0045919688418507,0.0130580579861998,0.0163099896162748,-0.0119419433176517,0.0062353122048079,0.0027077258564531,0.0060443030670285,-0.0014419890940189,0.0121168969199061,-0.0071586957201361,0.0077318456023931,0.0253854244947433,0.0020294445566833,0.0024527464993298,-0.0206490773707628,-0.0085719712078571,-0.0004035401216242,0.0108776073902845,0.01261543110013,0.0044444520026445,0.0112124383449554,-0.0004935947363264,0.017032315954566,-0.0012052543461322,0.0272517400180352,-0.0147766551210775,0.0374711640136091,-0.0141067948905264,0.0487875122584873,-0.0201576674968652,0.0810046137618489,0.0059540935913939,0.140415697039022,0.078190895746375,0.1769563466563333,0.0793924715728728,2019-02-28,2019-03-01,2019-03-04,2019-03-05,2019-03-06,2019-03-07,2019-03-08,2019-03-11,2019-03-12,2019-03-13,86111.0,2019-02-27,252.0,-0.4712%,0.0008,0.3491,-0.3435,-0.0628,1.1065%,1.1795%,11.9965%,-0.004552,AMT,86111.0,2019-02-28,252.0,1.7032%,0.0009,0.3394,-0.3496,-0.0738,1.1093%,1.1800%,11.6130%,0.017926,AMT,86111.0,2019-03-01,252.0,1.0048%,0.001,0.3357,-0.3552,-0.083,1.1089%,1.1793%,11.5886%,0.008233,AMT,86111.0,2019-03-04,252.0,0.9948%,0.0011,0.3242,-0.3256,-0.0781,1.1016%,1.1657%,10.7024%,0.0105069999999999,AMT,86111.0,2019-03-05,252.0,0.7624%,0.0012,0.3255,-0.3113,-0.0793,1.1003%,1.1642%,10.6780%,0.0068889999999999,AMT,86111.0,2019-03-06,252.0,0.3259%,0.0011,0.317,-0.3059,-0.0881,1.0960%,1.1576%,10.3562%,0.002013,AMT,86111.0,2019-03-07,252.0,0.0551%,0.0011,0.3127,-0.3245,-0.0992,1.0919%,1.1543%,10.5145%,0.002555,AMT,86111.0,2019-03-08,252.0,-0.0770%,0.001,0.3135,-0.3344,-0.0974,1.0905%,1.1535%,10.6325%,-0.000179,AMT,86111.0,2019-03-11,252.0,1.9547%,0.001,0.3204,-0.3138,-0.0892,1.0899%,1.1535%,10.7191%,0.015484,AMT,86111.0,2019-03-12,252.0,0.3186%,0.001,0.3214,-0.3141,-0.0881,1.0899%,1.1532%,10.6738%,0.001346,AMT,86111.0,2019-03-13,252.0,0.7968%,0.001,0.323,-0.3242,-0.0888,1.0879%,1.1525%,10.8927%,0.004757,AMT,0.013374,0.021607,0.032114,0.041016,0.064979
11579,AMERICAN TOWER CORP NEW,"American Tower Q4 FFO $2.40 Up From $1.64 YoY, Sales $2.132B Beat $2.04B Estimate",6,increase,0.8,0.7,"the significant year-over-year increase in ffo and the sales beat indicate strong financial performance, which is likely to positively influence investor sentiment and drive the stock price up.",2,2019-02-27,AMT,2019-02-27 12:11:00+00:00,86111.0,03027X10,-0.0047121439129114,1632188.0,0.017032315954566,-0.0012052543461322,0.010048278607428,-0.0135877775028348,0.0099483150988817,0.0006799069815315,0.0076242145150899,-0.0010187783045694,0.0032585682347416,-0.0051238941960036,0.0005505428416654,-0.0012372130295261,-0.0007702854927629,0.0115479500964283,0.0195473991334438,0.0120322182774543,0.003186413552612,0.0064314305782318,0.0079676751047372,-0.0023123251739889,0.0039523877203464,0.0032477690838277,0.0053199976682662,0.0024417079985141,-0.000423357298132,0.0102190058678388,0.0053999908268451,-0.0125267561525106,0.0085829580202698,0.0087164510041475,0.01655013859272,0.0029924884438514,-0.0054440591484308,-0.0139435529708862,0.0105345137417316,0.013902710750699,-0.0032704756595194,0.0060788406990468,-0.0049218493513762,0.0082713440060615,0.004327870439738,0.0038229459896683,0.0109270252287387,0.0106248706579208,-0.0230894293636083,-0.0008444380946457,0.0135577404871583,0.0067403488792479,-0.0042538018897175,6.069415758247487e-05,-0.0063821622170507,0.0017641639569774,0.0140377692878246,0.0036634881980717,0.0023498504888266,0.0044771279208362,0.0025481602642685,0.0102231055498123,0.0040666623972356,0.0,0.0001525723782833,-0.0028420037124305,0.0066616469994187,0.013652354478836,-0.0094464048743247,-0.0087528936564922,-0.0198378264904022,0.0113001642748713,-0.0053589949384331,0.0061903591267764,0.0091018751263618,0.0039954651147127,-0.0030584018677473,0.0059971106238663,0.0056155705824494,-0.0091661727055907,-0.0008789977873675,-0.0040294616483151,-0.0048646819777786,0.0014501621481031,0.0047845100052654,0.0067924037575721,-0.0039853230118751,0.0311889369040727,0.0148617783561348,-0.0279746726155281,-0.0122375795617699,-0.0219140369445085,-0.0005702172638848,-0.006152331829071,0.0007779766456224,0.0014170152135193,-0.0039906934835016,0.0085124587640166,-0.0121239805594086,-0.0339736118912696,0.0094284601509571,-0.0011990224011242,0.0045919688418507,0.0130580579861998,0.0163099896162748,-0.0119419433176517,0.0062353122048079,0.0027077258564531,0.0060443030670285,-0.0014419890940189,0.0121168969199061,-0.0071586957201361,0.0077318456023931,0.0253854244947433,0.0020294445566833,0.0024527464993298,-0.0206490773707628,-0.0085719712078571,-0.0004035401216242,0.0108776073902845,0.01261543110013,0.0044444520026445,0.0112124383449554,-0.0004935947363264,0.017032315954566,-0.0012052543461322,0.0272517400180352,-0.0147766551210775,0.0374711640136091,-0.0141067948905264,0.0487875122584873,-0.0201576674968652,0.0810046137618489,0.0059540935913939,0.140415697039022,0.078190895746375,0.1769563466563333,0.0793924715728728,2019-02-28,2019-03-01,2019-03-04,2019-03-05,2019-03-06,2019-03-07,2019-03-08,2019-03-11,2019-03-12,2019-03-13,86111.0,2019-02-27,252.0,-0.4712%,0.0008,0.3491,-0.3435,-0.0628,1.1065%,1.1795%,11.9965%,-0.004552,AMT,86111.0,2019-02-28,252.0,1.7032%,0.0009,0.3394,-0.3496,-0.0738,1.1093%,1.1800%,11.6130%,0.017926,AMT,86111.0,2019-03-01,252.0,1.0048%,0.001,0.3357,-0.3552,-0.083,1.1089%,1.1793%,11.5886%,0.008233,AMT,86111.0,2019-03-04,252.0,0.9948%,0.0011,0.3242,-0.3256,-0.0781,1.1016%,1.1657%,10.7024%,0.0105069999999999,AMT,86111.0,2019-03-05,252.0,0.7624%,0.0012,0.3255,-0.3113,-0.0793,1.1003%,1.1642%,10.6780%,0.0068889999999999,AMT,86111.0,2019-03-06,252.0,0.3259%,0.0011,0.317,-0.3059,-0.0881,1.0960%,1.1576%,10.3562%,0.002013,AMT,86111.0,2019-03-07,252.0,0.0551%,0.0011,0.3127,-0.3245,-0.0992,1.0919%,1.1543%,10.5145%,0.002555,AMT,86111.0,2019-03-08,252.0,-0.0770%,0.001,0.3135,-0.3344,-0.0974,1.0905%,1.1535%,10.6325%,-0.000179,AMT,86111.0,2019-03-11,252.0,1.9547%,0.001,0.3204,-0.3138,-0.0892,1.0899%,1.1535%,10.7191%,0.015484,AMT,86111.0,2019-03-12,252.0,0.3186%,0.001,0.3214,-0.3141,-0.0881,1.0899%,1.1532%,10.6738%,0.001346,AMT,86111.0,2019-03-13,252.0,0.7968%,0.001,0.323,-0.3242,-0.0888,1.0879%,1.1525%,10.8927%,0.004757,AMT,0.013374,0.021607,0.032114,0.041016,0.064979
11587,AUTOHOME INC,Autohome shares are trading higher after the company reported better than expected Q4 EPS and revenue results. Autohome announced Q1 sales guidance below analyst expectations.,6,uncertain,0.6,0.3,"while the better-than-expected q4 results may boost investor sentiment, the below-expectation q1 sales guidance introduces uncertainty that could offset the positive impact.",1,2019-02-27,ATHM,2019-02-27 14:57:00+00:00,14332.0,05278C10,0.049706608057022,1712025.0,-0.0081206141039729,-0.0112740667536854,-0.0107389912009239,0.0232975110411644,-0.0212812051177024,0.0977498665452003,-0.0087853660807013,-0.0156136630102992,-0.0304675381630659,0.042523693293333,-0.0327962823212146,0.0030375630594789,-0.0068525737151503,-0.0291225761175155,0.0485367812216281,0.0068043475039303,-0.0138416299596428,0.0354855805635452,0.0590198449790477,0.0317207761108875,-0.0090168584138154,-0.0074773668311536,0.0145801557227969,0.0128886681050062,0.0227984935045242,-0.022216435521841,-0.0255652405321598,0.0013008777750656,-0.0002167892816942,0.0322277620434761,-0.0068315425887703,0.0344492755830287,-0.0139753120020031,-0.0053882207721471,0.0186025947332382,0.0244868453592062,0.0001087306955014,-0.0198390707373619,-0.0126087358221411,0.0018068782519549,0.0178335849195718,-0.053538542240858,0.1369241178035736,0.0366834141314029,-0.0106545155867934,-0.0179455783218145,-0.0132692046463489,0.0093267746269702,0.0168582703918218,0.0184471905231475,0.0059415693394839,0.0202247537672519,0.0337239280343055,0.0196190048009157,0.0134549727663397,0.0263080671429634,-0.0214604027569294,0.0081494012847542,0.0074342815205454,-0.1381688117980957,-0.0251822080463171,-0.0518222413957119,0.0176003091037273,0.0115124899893999,-0.0076250666752457,0.0573685616254806,0.0151798641309142,-0.0134150432422757,0.0350747928023338,0.0056532802991569,0.0099875405430793,0.0451188459992408,0.0113897304981946,-0.0237283371388912,-0.0069838762283325,-0.0249265562742948,0.0065054758451879,-0.0165933333337307,-0.0222726482897996,0.0168733168393373,-0.0021440547425299,0.0033346433192491,0.0350940562784671,0.0333996601402759,-0.0011244151974096,0.0182186029851436,-0.0403497815132141,-0.0326370745897293,0.027158660814166,-0.0329503938555717,0.0264406371861696,-0.0330810435116291,-0.0225930623710155,-0.0493211112916469,-0.0345853865146637,-0.0147496107965707,-0.0299292858690023,-0.0238839220255613,-0.014678381383419,-0.0212998855859041,0.0038903469685465,-0.0152737246826291,-0.0726843327283859,0.0536038465797901,0.0465803667902946,0.0178797487169504,0.0140241766348481,-0.0029901613015681,-0.0074914176948368,0.005667335819453,-0.0355138219892978,-0.0274465959519147,-0.064914233982563,0.0796697288751602,0.0197425317019224,0.0328649654984474,-0.0321969427168369,-0.0104269655421376,-0.0254403557628393,0.0,-0.0081206141039729,-0.0112740667536854,-0.0187723981014881,0.0117607865928062,-0.0396541039646416,0.1106602684579198,-0.077093415139861,0.1398107463457256,-0.0292132136334608,0.1938937014200183,0.1433242346191541,0.1534925912088474,-0.0546298346177656,0.1212761265199831,2019-02-28,2019-03-01,2019-03-04,2019-03-05,2019-03-06,2019-03-07,2019-03-08,2019-03-11,2019-03-12,2019-03-13,14332.0,2019-02-27,252.0,4.9707%,0.0004,1.0208,0.4231,-0.9879,2.8775%,3.2410%,21.1685%,0.046683,ATHM,14332.0,2019-02-28,252.0,-0.8121%,0.0004,1.0187,0.4214,-0.9876,2.8777%,3.2387%,21.0509%,-0.007611,ATHM,14332.0,2019-03-01,252.0,-1.0739%,0.0004,0.9956,0.387,-1.0124,2.8754%,3.2295%,20.7302%,-0.023336,ATHM,14332.0,2019-03-04,252.0,-2.1281%,0.0003,0.9993,0.3846,-1.0156,2.8760%,3.2326%,20.8426%,-0.010698,ATHM,14332.0,2019-03-05,252.0,-0.8785%,0.0002,0.9955,0.3493,-1.0151,2.8727%,3.2238%,20.5921%,-0.0084219999999999,ATHM,14332.0,2019-03-06,252.0,-3.0468%,0.0002,1.0148,0.3751,-0.9898,2.8713%,3.2282%,20.8908%,-0.017388,ATHM,14332.0,2019-03-07,252.0,-3.2796%,0.0001,1.0256,0.3736,-0.9758,2.8762%,3.2342%,20.9171%,-0.027569,ATHM,14332.0,2019-03-08,252.0,-0.6853%,0.0002,1.0251,0.3978,-0.978,2.8731%,3.2333%,21.0365%,-0.006532,ATHM,14332.0,2019-03-11,252.0,4.8537%,0.0001,1.0368,0.4586,-0.9493,2.8584%,3.2268%,21.5295%,0.026656,ATHM,14332.0,2019-03-12,252.0,-1.3842%,-0.0002,1.0054,0.4725,-0.9796,2.8513%,3.2134%,21.2698%,-0.015999,ATHM,14332.0,2019-03-13,252.0,5.9020%,0.0002,1.0225,0.4669,-0.9623,2.8679%,3.2315%,21.2365%,0.054389,ATHM,0.039072,0.015736,0.0050379999999999,-0.020772,0.010173
11595,AUTOHOME INC,Credit Suisse Downgrades Autohome to Neutral,6,decrease,0.8,0.6,"a downgrade from a major financial institution like credit suisse typically signals reduced expectations for the company's performance, which can lead to a decline in stock price.",0,2019-02-27,ATHM,2019-02-27 11:38:00+00:00,14332.0,05278C10,0.049706608057022,1712025.0,-0.0081206141039729,-0.0112740667536854,-0.0107389912009239,0.0232975110411644,-0.0212812051177024,0.0977498665452003,-0.0087853660807013,-0.0156136630102992,-0.0304675381630659,0.042523693293333,-0.0327962823212146,0.0030375630594789,-0.0068525737151503,-0.0291225761175155,0.0485367812216281,0.0068043475039303,-0.0138416299596428,0.0354855805635452,0.0590198449790477,0.0317207761108875,-0.0090168584138154,-0.0074773668311536,0.0145801557227969,0.0128886681050062,0.0227984935045242,-0.022216435521841,-0.0255652405321598,0.0013008777750656,-0.0002167892816942,0.0322277620434761,-0.0068315425887703,0.0344492755830287,-0.0139753120020031,-0.0053882207721471,0.0186025947332382,0.0244868453592062,0.0001087306955014,-0.0198390707373619,-0.0126087358221411,0.0018068782519549,0.0178335849195718,-0.053538542240858,0.1369241178035736,0.0366834141314029,-0.0106545155867934,-0.0179455783218145,-0.0132692046463489,0.0093267746269702,0.0168582703918218,0.0184471905231475,0.0059415693394839,0.0202247537672519,0.0337239280343055,0.0196190048009157,0.0134549727663397,0.0263080671429634,-0.0214604027569294,0.0081494012847542,0.0074342815205454,-0.1381688117980957,-0.0251822080463171,-0.0518222413957119,0.0176003091037273,0.0115124899893999,-0.0076250666752457,0.0573685616254806,0.0151798641309142,-0.0134150432422757,0.0350747928023338,0.0056532802991569,0.0099875405430793,0.0451188459992408,0.0113897304981946,-0.0237283371388912,-0.0069838762283325,-0.0249265562742948,0.0065054758451879,-0.0165933333337307,-0.0222726482897996,0.0168733168393373,-0.0021440547425299,0.0033346433192491,0.0350940562784671,0.0333996601402759,-0.0011244151974096,0.0182186029851436,-0.0403497815132141,-0.0326370745897293,0.027158660814166,-0.0329503938555717,0.0264406371861696,-0.0330810435116291,-0.0225930623710155,-0.0493211112916469,-0.0345853865146637,-0.0147496107965707,-0.0299292858690023,-0.0238839220255613,-0.014678381383419,-0.0212998855859041,0.0038903469685465,-0.0152737246826291,-0.0726843327283859,0.0536038465797901,0.0465803667902946,0.0178797487169504,0.0140241766348481,-0.0029901613015681,-0.0074914176948368,0.005667335819453,-0.0355138219892978,-0.0274465959519147,-0.064914233982563,0.0796697288751602,0.0197425317019224,0.0328649654984474,-0.0321969427168369,-0.0104269655421376,-0.0254403557628393,0.0,-0.0081206141039729,-0.0112740667536854,-0.0187723981014881,0.0117607865928062,-0.0396541039646416,0.1106602684579198,-0.077093415139861,0.1398107463457256,-0.0292132136334608,0.1938937014200183,0.1433242346191541,0.1534925912088474,-0.0546298346177656,0.1212761265199831,2019-02-28,2019-03-01,2019-03-04,2019-03-05,2019-03-06,2019-03-07,2019-03-08,2019-03-11,2019-03-12,2019-03-13,14332.0,2019-02-27,252.0,4.9707%,0.0004,1.0208,0.4231,-0.9879,2.8775%,3.2410%,21.1685%,0.046683,ATHM,14332.0,2019-02-28,252.0,-0.8121%,0.0004,1.0187,0.4214,-0.9876,2.8777%,3.2387%,21.0509%,-0.007611,ATHM,14332.0,2019-03-01,252.0,-1.0739%,0.0004,0.9956,0.387,-1.0124,2.8754%,3.2295%,20.7302%,-0.023336,ATHM,14332.0,2019-03-04,252.0,-2.1281%,0.0003,0.9993,0.3846,-1.0156,2.8760%,3.2326%,20.8426%,-0.010698,ATHM,14332.0,2019-03-05,252.0,-0.8785%,0.0002,0.9955,0.3493,-1.0151,2.8727%,3.2238%,20.5921%,-0.0084219999999999,ATHM,14332.0,2019-03-06,252.0,-3.0468%,0.0002,1.0148,0.3751,-0.9898,2.8713%,3.2282%,20.8908%,-0.017388,ATHM,14332.0,2019-03-07,252.0,-3.2796%,0.0001,1.0256,0.3736,-0.9758,2.8762%,3.2342%,20.9171%,-0.027569,ATHM,14332.0,2019-03-08,252.0,-0.6853%,0.0002,1.0251,0.3978,-0.978,2.8731%,3.2333%,21.0365%,-0.006532,ATHM,14332.0,2019-03-11,252.0,4.8537%,0.0001,1.0368,0.4586,-0.9493,2.8584%,3.2268%,21.5295%,0.026656,ATHM,14332.0,2019-03-12,252.0,-1.3842%,-0.0002,1.0054,0.4725,-0.9796,2.8513%,3.2134%,21.2698%,-0.015999,ATHM,14332.0,2019-03-13,252.0,5.9020%,0.0002,1.0225,0.4669,-0.9623,2.8679%,3.2315%,21.2365%,0.054389,ATHM,0.039072,0.015736,0.0050379999999999,-0.020772,0.010173
11603,AIR TRANSPORT SERVICES GROUP INC,"Air Transport Services Q4 EPS $0.36 Beats $0.35 Estimate, Sales $280.779M Beat $227.72M Estimate",6,increase,0.8,0.7,"the company reported better-than-expected earnings and sales, which typically leads to positive investor sentiment and an increase in stock price.",2,2019-02-27,ATSG,2019-02-27 22:40:00+00:00,90716.0,00922R10,-0.0175152104347944,592496.0,-0.0352404788136482,-0.015637582167983,-0.020197732374072,-0.0223441664129495,-0.0692982450127601,0.0031458877492696,-0.0009424387826584,-0.0074161016382277,-0.0004717088886536,0.0170702785253524,-0.0004719315038528,0.0116466237232089,0.007082134950906,0.0302027110010385,-0.0182840786874294,-0.0094262110069394,-0.0195797439664602,-0.0028606331907212,0.0034096294548362,0.0238493606448173,-0.0082524307072162,-0.0037515696603804,-0.0137053690850734,-0.0159966945648193,0.0124069480225443,-0.0008196909329853,-0.0093137519434094,-0.0008190195658244,0.0326571874320507,0.0175000037997961,0.0464781634509563,0.0139416949823498,-0.03113554418087,-0.0033684177324175,0.0212665777653455,0.0188760422170162,-0.0018510372610762,-0.0122881745919585,0.0194714926183223,-0.0054782624356448,0.0027284887619316,-0.0161692071706056,0.0453514754772186,0.0194421391934156,0.015618247911334,-0.0112829273566603,-0.0358821079134941,-0.0037468839436769,-0.0070890495553612,-0.0078479405492544,0.0196341164410114,0.022381704300642,0.0008752935682423,0.0171821136027574,-0.0034980289638042,-0.0106247337535023,-0.0114085217937827,0.0077087925747036,0.0168663617223501,-0.0114310095086693,0.0157136879861354,0.0012717543868348,0.0090244552120566,0.0238714944571256,-0.005536591168493,-0.0290770605206489,0.0128479329869151,0.0206451416015625,-0.0016912900609895,0.0449438206851482,0.0050825467333197,0.0086128981783986,-0.0164348669350147,-0.0208611283451318,0.0025706712622195,-0.0122752645984292,0.0119658410549163,0.0429811887443065,-0.0367399007081985,0.0092293843626976,0.0135905910283327,0.0154639137908816,0.0164359491318464,0.0627490133047103,0.0012766249710693,-0.0098619703203439,-0.016574639827013,0.1015752777457237,-0.0030250516720116,0.051399178802967,0.0030342303216457,-0.0315265320241451,-0.0224718488752841,0.0296127833425998,-0.0305040013045072,0.0,0.0911992713809013,-0.0112613039091229,-0.0505641847848892,-0.0252469312399625,-0.0176056176424026,0.0139120761305093,-0.0058243353851139,-0.0022210390307009,-0.0031545602250844,0.0123664587736129,0.0370705090463161,-0.0154952285811305,0.0305143352597951,0.0140291806310415,-0.0190354846417903,-0.0439914017915725,-0.0155239589512348,0.0059362491592764,-0.00613225530833,0.0081611275672912,-0.0233583375811576,-0.0275132525712251,-0.011281588114798,0.0288513209670782,-0.0352404788136482,-0.015637582167983,-0.054726433427908,-0.037632339842675,-0.1202322326483065,-0.0346048392102927,-0.1214759630811022,-0.0254069576857215,-0.1459369970016172,0.0271966384626092,-0.0501658779307724,0.0393733446495834,-0.0916252449333923,0.3364179713057458,2019-02-28,2019-03-01,2019-03-04,2019-03-05,2019-03-06,2019-03-07,2019-03-08,2019-03-11,2019-03-12,2019-03-13,90716.0,2019-02-27,252.0,-1.7515%,-0.0001,0.8913,0.6903,0.0642,2.0897%,2.3204%,18.8978%,-0.019667,ATSG,90716.0,2019-02-28,252.0,-3.5240%,-0.0002,0.896,0.6924,0.0751,2.0995%,2.3288%,18.7237%,-0.032555,ATSG,90716.0,2019-03-01,252.0,-2.0198%,-0.0006,0.939,0.7564,0.1547,2.0442%,2.2935%,20.5567%,-0.028446,ATSG,90716.0,2019-03-04,252.0,-6.9298%,-0.0007,0.9249,0.8583,0.1457,2.0599%,2.3134%,20.7186%,-0.062084,ATSG,90716.0,2019-03-05,252.0,-0.0942%,-0.0006,0.9293,0.8949,0.1473,2.0551%,2.3130%,21.0573%,0.0035499999999999,ATSG,90716.0,2019-03-06,252.0,-0.0472%,-0.0005,0.9333,0.8455,0.1451,2.0537%,2.3109%,21.0246%,0.018461,ATSG,90716.0,2019-03-07,252.0,-0.0472%,-0.0005,0.9278,0.8355,0.135,2.0540%,2.3089%,20.8580%,0.008162,ATSG,90716.0,2019-03-08,252.0,0.7082%,-0.0004,0.9258,0.8486,0.131,2.0535%,2.3091%,20.9128%,0.0088449999999999,ATSG,90716.0,2019-03-11,252.0,-1.8284%,-0.0005,0.908,0.8378,0.134,2.0644%,2.3118%,20.2528%,-0.034542,ATSG,90716.0,2019-03-12,252.0,-1.9580%,-0.0006,0.9139,0.8451,0.1438,2.0671%,2.3147%,20.2470%,-0.019487,ATSG,90716.0,2019-03-13,252.0,0.3410%,-0.0005,0.9134,0.8583,0.1465,2.0642%,2.3131%,20.3598%,-0.000306,ATSG,-0.052222,-0.080668,-0.142752,-0.1207409999999999,-0.158069
11611,ASTRAZENECA PLC,AstraZeneca Announces FDA Approval Of Expanded FARXIGA And XIGDUO XR Labels For Use In Patients With Type 2 Diabetes And Moderate Renal Impairment,6,increase,0.8,0.6,"the fda approval for expanded labels of farxiga and xigduo xr is likely to boost astrazeneca's market position in diabetes treatment, potentially leading to increased sales and investor confidence.",2,2019-02-27,AZN,2019-02-27 13:01:00+00:00,79363.0,04635310,0.0097665516659617,4479286.0,0.0033027231693267,0.0115662543103098,0.0043289195746183,0.0136785879731178,-0.0016762380255386,0.0126143535599112,0.0148717379197478,-0.0024672707077115,-0.0066178818233311,0.0017300962936133,-0.0088032102212309,-0.0112414248287677,0.0026404371019452,0.0235117226839065,0.0100550195202231,0.0929469019174575,-0.0080587854608893,-0.0166666377335786,0.0143369724974036,0.0141766751185059,-0.0042402897961437,-0.0089164562523365,0.0056777349673211,0.0018949565710499,0.0016467539826408,0.0018985542701557,0.0068106409162282,-0.0035135424695909,0.0034989858977496,0.0065288818441331,-0.0016271430067718,0.0030012766364961,-0.0083818538114428,0.0019136056071147,-0.0009392090723849,0.0175243690609931,0.0091656735166907,0.0112518016248941,-0.0067535424605011,0.0016905481461435,0.0077373506501317,-0.0072726802900433,-0.059329904615879,-0.0011176561238244,0.0207766555249691,-0.0245297830551862,0.0077538089826703,0.0115797678008675,-0.0120221208781004,-0.0076607055962085,-0.0136286532506346,0.0071644615381956,0.0041944729164242,0.0139703825116157,0.0039312001317739,-0.0088618025183677,-0.0041605965234339,0.01575249992311,-0.0036863533314317,-0.037889078259468,-0.0172669161111116,-0.0342393517494201,-0.0080321207642555,0.0121692884713411,0.007338079623878,-0.0086546503007411,-0.0128109045326709,-0.0167611595243215,-0.0134859746322035,-0.0102093294262886,0.0007737627020105,0.0221758000552654,-0.0012886401964351,0.0140212327241897,-0.0015484225004911,-0.0047393445856869,0.0007754612597636,0.0055599440820515,0.0087809953838586,0.0126005690544843,-0.0273937452584505,-0.0082425251603126,0.0050012799911201,0.0203472599387168,-0.0136197078973054,-0.0173286516219377,-0.0082315821200609,-0.0139327701181173,0.0072289281524717,0.00184355257079,0.0209994930773973,-0.0068008978851139,-0.0015621290076524,-0.0031290466431528,-0.0096479514613747,-0.0204343050718307,0.0084254788234829,-0.0022935818415135,0.0044386941008269,0.0084811570122838,-0.0213153026998043,0.0064666322432458,-0.0098274294286966,0.0065087215043604,0.014485003426671,0.0060240845195949,-0.0037017290014773,-0.0177514441311359,0.0031846850179135,-0.0250815153121948,-0.0005291126435622,0.0078361360356211,-0.0063525112345814,-0.0065293400548398,0.0090570095926523,-0.0096990652382373,0.019271370023489,0.0022432741243392,0.0012949815718457,0.0055137192830443,0.0033027231693267,0.0115662543103098,0.0076459399669224,0.0254030523105306,0.0059568855260703,0.0383378489537877,0.0141609032212182,0.0375679805928905,0.0242953218349859,0.144492894061694,-0.0217919307905609,0.1361298759573166,-0.0671553324275439,0.052130279476841,2019-02-28,2019-03-01,2019-03-04,2019-03-05,2019-03-06,2019-03-07,2019-03-08,2019-03-11,2019-03-12,2019-03-13,79363.0,2019-02-27,252.0,0.9767%,0.0008,0.3955,-0.0823,-0.1716,1.2321%,1.3170%,12.4828%,0.009265,AZN,79363.0,2019-02-28,252.0,0.3303%,0.0008,0.3916,-0.0849,-0.1751,1.2317%,1.3153%,12.3121%,0.004016,AZN,79363.0,2019-03-01,252.0,0.4329%,0.0009,0.3813,-0.1003,-0.1912,1.2269%,1.3091%,12.1510%,0.000965,AZN,79363.0,2019-03-04,252.0,-0.1676%,0.0009,0.3804,-0.0968,-0.191,1.2269%,1.3083%,12.0549%,0.000561,AZN,79363.0,2019-03-05,252.0,1.4872%,0.001,0.3776,-0.1097,-0.1981,1.2298%,1.3108%,11.9713%,0.01467,AZN,79363.0,2019-03-06,252.0,-0.6618%,0.0009,0.3706,-0.0898,-0.2032,1.2254%,1.3048%,11.8071%,-0.0048389999999999,AZN,79363.0,2019-03-07,252.0,-0.8803%,0.0009,0.3753,-0.0816,-0.1947,1.2259%,1.3060%,11.8944%,-0.0065869999999999,AZN,79363.0,2019-03-08,252.0,0.2640%,0.0009,0.3747,-0.0778,-0.1958,1.2258%,1.3059%,11.8954%,0.0030859999999999,AZN,79363.0,2019-03-11,252.0,1.0055%,0.0009,0.3762,-0.0778,-0.1965,1.2259%,1.3071%,12.0447%,0.003643,AZN,79363.0,2019-03-12,252.0,-0.8059%,0.0009,0.381,-0.0742,-0.1895,1.2269%,1.3084%,12.0710%,-0.009465,AZN,79363.0,2019-03-13,252.0,1.4337%,0.0009,0.3846,-0.0799,-0.187,1.2287%,1.3110%,12.1686%,0.01157,AZN,0.013281,0.014246,0.014807,0.024638,0.026885
11619,AUTOZONE INC,"Morgan Stanley Maintains Equal-Weight on AutoZone, Raises Price Target to $980",6,increase,0.7,0.5,"the price target increase by morgan stanley suggests a positive outlook for autozone, which could lead to an increase in stock price.",2,2019-02-27,AZO,2019-02-27 14:49:00+00:00,76605.0,05333210,-0.0246738046407699,430636.0,0.0296513754874467,0.0510342009365558,-0.0102771800011396,-0.0241976156830787,0.0039060870185494,0.0058808117173612,0.0073744626715779,-0.0160779003053903,-0.0047668637707829,0.0048654079437255,0.005559429526329,-0.0033378715161234,-0.0061878766864538,0.0163432396948337,0.0056701391004025,0.0152576249092817,-0.0057658199220895,0.0005162879242561,0.0063877250067889,0.0033675162121653,0.0102489460259676,0.0158223006874322,0.0126391891390085,-0.0053370078094303,0.013884462416172,0.012314535677433,0.0034850330557674,-0.0015412181382998,0.0020326972007751,-2.302577740920242e-05,0.0204999558627605,0.0229789391160011,-0.0197984259575605,0.0030329574365168,0.014868451282382,0.0049456739798188,0.0014560401905328,0.0150603260844945,0.0059059015475213,0.0142244454473257,0.001963686896488,0.0053643267601728,0.0188525449484586,-0.0001840515760704,0.0054583111777901,-0.0236774422228336,0.0119159957394003,0.0064519722945988,0.0034070222172886,-0.0179078970104455,-0.0046293148770928,0.002386306412518,0.0075239297002553,0.0112249990925192,0.0038339940365403,0.0040743565186858,-0.0115340165793895,0.0031440139282494,0.0190023258328437,0.0049824710004031,0.0079231653362512,-0.0053907968103885,-0.0077392198145389,0.0085085108876228,0.0040459460578858,0.0110800135880708,-0.0028179863002151,-0.0133159989491105,-0.0096270414069294,-0.0159280989319086,-0.0060111535713076,-0.0117670856416225,-0.0094254789873957,0.0084677468985319,0.012132978066802,0.0001669413468334,-0.0049248244613409,-0.0007985398406162,-0.0002397851640125,-0.0047802813351154,-0.008442391641438,0.0047433800064027,-0.0106913531199097,0.0197369903326034,0.0056822090409696,-0.0038980809040367,-0.0042886231094598,-0.0002178507857024,0.0140736727043986,-0.0115448869764804,-0.0047481516376137,-0.0249288361519575,-0.0026514837518334,0.003582380246371,-0.0148257678374648,-0.0195812843739986,-0.0096123637631535,-0.0138542931526899,-0.0011137580731883,-0.0065892077982425,-0.0038726043421775,0.0125236241146922,-0.0180193968117237,-0.0085000824183225,0.0073684966191649,0.0180541761219501,-0.0115578928962349,0.0017037119250744,0.0030459561385214,-0.0129421688616275,0.0028022907208651,0.0674501881003379,-0.0063612167723476,0.0190218575298786,0.0556538291275501,-0.0202947445213794,0.0113151408731937,-0.0094398409128189,-0.0087267411872744,-0.0018317927606403,0.0296513754874467,0.0510342009365558,0.0190694629631413,0.0256016792725213,0.0230500369634218,0.0316330496453325,0.0256817777770199,0.0199851718997665,0.0314169128098251,0.0530346863384014,0.1625563963104987,0.1362531540178371,0.1347581057457121,0.1194521510915713,2019-02-28,2019-03-01,2019-03-04,2019-03-05,2019-03-06,2019-03-07,2019-03-08,2019-03-11,2019-03-12,2019-03-13,76605.0,2019-02-27,252.0,-2.4674%,0.0009,0.3541,0.254,0.1428,1.6887%,1.7287%,4.5720%,-0.025403,AZO,76605.0,2019-02-28,252.0,2.9651%,0.0015,0.2903,0.2112,0.0895,1.5578%,1.5879%,3.7626%,0.030955,AZO,76605.0,2019-03-01,252.0,-1.0277%,0.0013,0.2987,0.2236,0.109,1.5558%,1.5871%,3.9062%,-0.012712,AZO,76605.0,2019-03-04,252.0,0.3906%,0.0014,0.2962,0.2278,0.1105,1.5559%,1.5868%,3.8645%,0.005839,AZO,76605.0,2019-03-05,252.0,0.7374%,0.0014,0.2959,0.2308,0.1076,1.5563%,1.5873%,3.8609%,0.008759,AZO,76605.0,2019-03-06,252.0,-0.4767%,0.0015,0.3042,0.2259,0.1163,1.5535%,1.5859%,4.0380%,0.000494,AZO,76605.0,2019-03-07,252.0,0.5559%,0.0015,0.2986,0.2125,0.1051,1.5530%,1.5842%,3.9007%,0.008506,AZO,76605.0,2019-03-08,252.0,-0.6188%,0.0015,0.2986,0.2288,0.1042,1.5508%,1.5827%,3.9895%,-0.005548,AZO,76605.0,2019-03-11,252.0,0.5670%,0.0015,0.2984,0.2244,0.1018,1.5505%,1.5826%,4.0114%,0.000849,AZO,76605.0,2019-03-12,252.0,-0.5766%,0.0015,0.2969,0.228,0.1016,1.5512%,1.5829%,3.9565%,-0.005892,AZO,76605.0,2019-03-13,252.0,0.6388%,0.0015,0.2977,0.2354,0.1042,1.5497%,1.5817%,4.0086%,0.004927,AZO,0.005552,-0.00716,-0.001321,0.007932,0.010774
11627,AUTOZONE INC,"Credit Suisse Maintains Outperform on AutoZone, Raises Price Target to $1.05K",6,increase,0.8,0.7,the maintenance of an 'outperform' rating and an increase in the price target typically signals positive sentiment and potential for stock price appreciation.,2,2019-02-27,AZO,2019-02-27 14:39:00+00:00,76605.0,05333210,-0.0246738046407699,430636.0,0.0296513754874467,0.0510342009365558,-0.0102771800011396,-0.0241976156830787,0.0039060870185494,0.0058808117173612,0.0073744626715779,-0.0160779003053903,-0.0047668637707829,0.0048654079437255,0.005559429526329,-0.0033378715161234,-0.0061878766864538,0.0163432396948337,0.0056701391004025,0.0152576249092817,-0.0057658199220895,0.0005162879242561,0.0063877250067889,0.0033675162121653,0.0102489460259676,0.0158223006874322,0.0126391891390085,-0.0053370078094303,0.013884462416172,0.012314535677433,0.0034850330557674,-0.0015412181382998,0.0020326972007751,-2.302577740920242e-05,0.0204999558627605,0.0229789391160011,-0.0197984259575605,0.0030329574365168,0.014868451282382,0.0049456739798188,0.0014560401905328,0.0150603260844945,0.0059059015475213,0.0142244454473257,0.001963686896488,0.0053643267601728,0.0188525449484586,-0.0001840515760704,0.0054583111777901,-0.0236774422228336,0.0119159957394003,0.0064519722945988,0.0034070222172886,-0.0179078970104455,-0.0046293148770928,0.002386306412518,0.0075239297002553,0.0112249990925192,0.0038339940365403,0.0040743565186858,-0.0115340165793895,0.0031440139282494,0.0190023258328437,0.0049824710004031,0.0079231653362512,-0.0053907968103885,-0.0077392198145389,0.0085085108876228,0.0040459460578858,0.0110800135880708,-0.0028179863002151,-0.0133159989491105,-0.0096270414069294,-0.0159280989319086,-0.0060111535713076,-0.0117670856416225,-0.0094254789873957,0.0084677468985319,0.012132978066802,0.0001669413468334,-0.0049248244613409,-0.0007985398406162,-0.0002397851640125,-0.0047802813351154,-0.008442391641438,0.0047433800064027,-0.0106913531199097,0.0197369903326034,0.0056822090409696,-0.0038980809040367,-0.0042886231094598,-0.0002178507857024,0.0140736727043986,-0.0115448869764804,-0.0047481516376137,-0.0249288361519575,-0.0026514837518334,0.003582380246371,-0.0148257678374648,-0.0195812843739986,-0.0096123637631535,-0.0138542931526899,-0.0011137580731883,-0.0065892077982425,-0.0038726043421775,0.0125236241146922,-0.0180193968117237,-0.0085000824183225,0.0073684966191649,0.0180541761219501,-0.0115578928962349,0.0017037119250744,0.0030459561385214,-0.0129421688616275,0.0028022907208651,0.0674501881003379,-0.0063612167723476,0.0190218575298786,0.0556538291275501,-0.0202947445213794,0.0113151408731937,-0.0094398409128189,-0.0087267411872744,-0.0018317927606403,0.0296513754874467,0.0510342009365558,0.0190694629631413,0.0256016792725213,0.0230500369634218,0.0316330496453325,0.0256817777770199,0.0199851718997665,0.0314169128098251,0.0530346863384014,0.1625563963104987,0.1362531540178371,0.1347581057457121,0.1194521510915713,2019-02-28,2019-03-01,2019-03-04,2019-03-05,2019-03-06,2019-03-07,2019-03-08,2019-03-11,2019-03-12,2019-03-13,76605.0,2019-02-27,252.0,-2.4674%,0.0009,0.3541,0.254,0.1428,1.6887%,1.7287%,4.5720%,-0.025403,AZO,76605.0,2019-02-28,252.0,2.9651%,0.0015,0.2903,0.2112,0.0895,1.5578%,1.5879%,3.7626%,0.030955,AZO,76605.0,2019-03-01,252.0,-1.0277%,0.0013,0.2987,0.2236,0.109,1.5558%,1.5871%,3.9062%,-0.012712,AZO,76605.0,2019-03-04,252.0,0.3906%,0.0014,0.2962,0.2278,0.1105,1.5559%,1.5868%,3.8645%,0.005839,AZO,76605.0,2019-03-05,252.0,0.7374%,0.0014,0.2959,0.2308,0.1076,1.5563%,1.5873%,3.8609%,0.008759,AZO,76605.0,2019-03-06,252.0,-0.4767%,0.0015,0.3042,0.2259,0.1163,1.5535%,1.5859%,4.0380%,0.000494,AZO,76605.0,2019-03-07,252.0,0.5559%,0.0015,0.2986,0.2125,0.1051,1.5530%,1.5842%,3.9007%,0.008506,AZO,76605.0,2019-03-08,252.0,-0.6188%,0.0015,0.2986,0.2288,0.1042,1.5508%,1.5827%,3.9895%,-0.005548,AZO,76605.0,2019-03-11,252.0,0.5670%,0.0015,0.2984,0.2244,0.1018,1.5505%,1.5826%,4.0114%,0.000849,AZO,76605.0,2019-03-12,252.0,-0.5766%,0.0015,0.2969,0.228,0.1016,1.5512%,1.5829%,3.9565%,-0.005892,AZO,76605.0,2019-03-13,252.0,0.6388%,0.0015,0.2977,0.2354,0.1042,1.5497%,1.5817%,4.0086%,0.004927,AZO,0.005552,-0.00716,-0.001321,0.007932,0.010774
11635,AUTOZONE INC,"Deutsche Bank Maintains Buy on AutoZone, Raises Price Target to $1.035K",6,increase,0.8,0.7,the maintenance of a 'buy' rating and an increase in the price target typically signals positive sentiment and potential for stock price appreciation.,2,2019-02-27,AZO,2019-02-27 14:25:00+00:00,76605.0,05333210,-0.0246738046407699,430636.0,0.0296513754874467,0.0510342009365558,-0.0102771800011396,-0.0241976156830787,0.0039060870185494,0.0058808117173612,0.0073744626715779,-0.0160779003053903,-0.0047668637707829,0.0048654079437255,0.005559429526329,-0.0033378715161234,-0.0061878766864538,0.0163432396948337,0.0056701391004025,0.0152576249092817,-0.0057658199220895,0.0005162879242561,0.0063877250067889,0.0033675162121653,0.0102489460259676,0.0158223006874322,0.0126391891390085,-0.0053370078094303,0.013884462416172,0.012314535677433,0.0034850330557674,-0.0015412181382998,0.0020326972007751,-2.302577740920242e-05,0.0204999558627605,0.0229789391160011,-0.0197984259575605,0.0030329574365168,0.014868451282382,0.0049456739798188,0.0014560401905328,0.0150603260844945,0.0059059015475213,0.0142244454473257,0.001963686896488,0.0053643267601728,0.0188525449484586,-0.0001840515760704,0.0054583111777901,-0.0236774422228336,0.0119159957394003,0.0064519722945988,0.0034070222172886,-0.0179078970104455,-0.0046293148770928,0.002386306412518,0.0075239297002553,0.0112249990925192,0.0038339940365403,0.0040743565186858,-0.0115340165793895,0.0031440139282494,0.0190023258328437,0.0049824710004031,0.0079231653362512,-0.0053907968103885,-0.0077392198145389,0.0085085108876228,0.0040459460578858,0.0110800135880708,-0.0028179863002151,-0.0133159989491105,-0.0096270414069294,-0.0159280989319086,-0.0060111535713076,-0.0117670856416225,-0.0094254789873957,0.0084677468985319,0.012132978066802,0.0001669413468334,-0.0049248244613409,-0.0007985398406162,-0.0002397851640125,-0.0047802813351154,-0.008442391641438,0.0047433800064027,-0.0106913531199097,0.0197369903326034,0.0056822090409696,-0.0038980809040367,-0.0042886231094598,-0.0002178507857024,0.0140736727043986,-0.0115448869764804,-0.0047481516376137,-0.0249288361519575,-0.0026514837518334,0.003582380246371,-0.0148257678374648,-0.0195812843739986,-0.0096123637631535,-0.0138542931526899,-0.0011137580731883,-0.0065892077982425,-0.0038726043421775,0.0125236241146922,-0.0180193968117237,-0.0085000824183225,0.0073684966191649,0.0180541761219501,-0.0115578928962349,0.0017037119250744,0.0030459561385214,-0.0129421688616275,0.0028022907208651,0.0674501881003379,-0.0063612167723476,0.0190218575298786,0.0556538291275501,-0.0202947445213794,0.0113151408731937,-0.0094398409128189,-0.0087267411872744,-0.0018317927606403,0.0296513754874467,0.0510342009365558,0.0190694629631413,0.0256016792725213,0.0230500369634218,0.0316330496453325,0.0256817777770199,0.0199851718997665,0.0314169128098251,0.0530346863384014,0.1625563963104987,0.1362531540178371,0.1347581057457121,0.1194521510915713,2019-02-28,2019-03-01,2019-03-04,2019-03-05,2019-03-06,2019-03-07,2019-03-08,2019-03-11,2019-03-12,2019-03-13,76605.0,2019-02-27,252.0,-2.4674%,0.0009,0.3541,0.254,0.1428,1.6887%,1.7287%,4.5720%,-0.025403,AZO,76605.0,2019-02-28,252.0,2.9651%,0.0015,0.2903,0.2112,0.0895,1.5578%,1.5879%,3.7626%,0.030955,AZO,76605.0,2019-03-01,252.0,-1.0277%,0.0013,0.2987,0.2236,0.109,1.5558%,1.5871%,3.9062%,-0.012712,AZO,76605.0,2019-03-04,252.0,0.3906%,0.0014,0.2962,0.2278,0.1105,1.5559%,1.5868%,3.8645%,0.005839,AZO,76605.0,2019-03-05,252.0,0.7374%,0.0014,0.2959,0.2308,0.1076,1.5563%,1.5873%,3.8609%,0.008759,AZO,76605.0,2019-03-06,252.0,-0.4767%,0.0015,0.3042,0.2259,0.1163,1.5535%,1.5859%,4.0380%,0.000494,AZO,76605.0,2019-03-07,252.0,0.5559%,0.0015,0.2986,0.2125,0.1051,1.5530%,1.5842%,3.9007%,0.008506,AZO,76605.0,2019-03-08,252.0,-0.6188%,0.0015,0.2986,0.2288,0.1042,1.5508%,1.5827%,3.9895%,-0.005548,AZO,76605.0,2019-03-11,252.0,0.5670%,0.0015,0.2984,0.2244,0.1018,1.5505%,1.5826%,4.0114%,0.000849,AZO,76605.0,2019-03-12,252.0,-0.5766%,0.0015,0.2969,0.228,0.1016,1.5512%,1.5829%,3.9565%,-0.005892,AZO,76605.0,2019-03-13,252.0,0.6388%,0.0015,0.2977,0.2354,0.1042,1.5497%,1.5817%,4.0086%,0.004927,AZO,0.005552,-0.00716,-0.001321,0.007932,0.010774
11643,AUTOZONE INC,"Barclays Maintains Overweight on AutoZone, Raises Price Target to $1.05K",6,increase,0.8,0.7,the maintenance of an 'overweight' rating and an increase in the price target typically signals positive sentiment and potential for stock price appreciation.,2,2019-02-27,AZO,2019-02-27 14:07:00+00:00,76605.0,05333210,-0.0246738046407699,430636.0,0.0296513754874467,0.0510342009365558,-0.0102771800011396,-0.0241976156830787,0.0039060870185494,0.0058808117173612,0.0073744626715779,-0.0160779003053903,-0.0047668637707829,0.0048654079437255,0.005559429526329,-0.0033378715161234,-0.0061878766864538,0.0163432396948337,0.0056701391004025,0.0152576249092817,-0.0057658199220895,0.0005162879242561,0.0063877250067889,0.0033675162121653,0.0102489460259676,0.0158223006874322,0.0126391891390085,-0.0053370078094303,0.013884462416172,0.012314535677433,0.0034850330557674,-0.0015412181382998,0.0020326972007751,-2.302577740920242e-05,0.0204999558627605,0.0229789391160011,-0.0197984259575605,0.0030329574365168,0.014868451282382,0.0049456739798188,0.0014560401905328,0.0150603260844945,0.0059059015475213,0.0142244454473257,0.001963686896488,0.0053643267601728,0.0188525449484586,-0.0001840515760704,0.0054583111777901,-0.0236774422228336,0.0119159957394003,0.0064519722945988,0.0034070222172886,-0.0179078970104455,-0.0046293148770928,0.002386306412518,0.0075239297002553,0.0112249990925192,0.0038339940365403,0.0040743565186858,-0.0115340165793895,0.0031440139282494,0.0190023258328437,0.0049824710004031,0.0079231653362512,-0.0053907968103885,-0.0077392198145389,0.0085085108876228,0.0040459460578858,0.0110800135880708,-0.0028179863002151,-0.0133159989491105,-0.0096270414069294,-0.0159280989319086,-0.0060111535713076,-0.0117670856416225,-0.0094254789873957,0.0084677468985319,0.012132978066802,0.0001669413468334,-0.0049248244613409,-0.0007985398406162,-0.0002397851640125,-0.0047802813351154,-0.008442391641438,0.0047433800064027,-0.0106913531199097,0.0197369903326034,0.0056822090409696,-0.0038980809040367,-0.0042886231094598,-0.0002178507857024,0.0140736727043986,-0.0115448869764804,-0.0047481516376137,-0.0249288361519575,-0.0026514837518334,0.003582380246371,-0.0148257678374648,-0.0195812843739986,-0.0096123637631535,-0.0138542931526899,-0.0011137580731883,-0.0065892077982425,-0.0038726043421775,0.0125236241146922,-0.0180193968117237,-0.0085000824183225,0.0073684966191649,0.0180541761219501,-0.0115578928962349,0.0017037119250744,0.0030459561385214,-0.0129421688616275,0.0028022907208651,0.0674501881003379,-0.0063612167723476,0.0190218575298786,0.0556538291275501,-0.0202947445213794,0.0113151408731937,-0.0094398409128189,-0.0087267411872744,-0.0018317927606403,0.0296513754874467,0.0510342009365558,0.0190694629631413,0.0256016792725213,0.0230500369634218,0.0316330496453325,0.0256817777770199,0.0199851718997665,0.0314169128098251,0.0530346863384014,0.1625563963104987,0.1362531540178371,0.1347581057457121,0.1194521510915713,2019-02-28,2019-03-01,2019-03-04,2019-03-05,2019-03-06,2019-03-07,2019-03-08,2019-03-11,2019-03-12,2019-03-13,76605.0,2019-02-27,252.0,-2.4674%,0.0009,0.3541,0.254,0.1428,1.6887%,1.7287%,4.5720%,-0.025403,AZO,76605.0,2019-02-28,252.0,2.9651%,0.0015,0.2903,0.2112,0.0895,1.5578%,1.5879%,3.7626%,0.030955,AZO,76605.0,2019-03-01,252.0,-1.0277%,0.0013,0.2987,0.2236,0.109,1.5558%,1.5871%,3.9062%,-0.012712,AZO,76605.0,2019-03-04,252.0,0.3906%,0.0014,0.2962,0.2278,0.1105,1.5559%,1.5868%,3.8645%,0.005839,AZO,76605.0,2019-03-05,252.0,0.7374%,0.0014,0.2959,0.2308,0.1076,1.5563%,1.5873%,3.8609%,0.008759,AZO,76605.0,2019-03-06,252.0,-0.4767%,0.0015,0.3042,0.2259,0.1163,1.5535%,1.5859%,4.0380%,0.000494,AZO,76605.0,2019-03-07,252.0,0.5559%,0.0015,0.2986,0.2125,0.1051,1.5530%,1.5842%,3.9007%,0.008506,AZO,76605.0,2019-03-08,252.0,-0.6188%,0.0015,0.2986,0.2288,0.1042,1.5508%,1.5827%,3.9895%,-0.005548,AZO,76605.0,2019-03-11,252.0,0.5670%,0.0015,0.2984,0.2244,0.1018,1.5505%,1.5826%,4.0114%,0.000849,AZO,76605.0,2019-03-12,252.0,-0.5766%,0.0015,0.2969,0.228,0.1016,1.5512%,1.5829%,3.9565%,-0.005892,AZO,76605.0,2019-03-13,252.0,0.6388%,0.0015,0.2977,0.2354,0.1042,1.5497%,1.5817%,4.0086%,0.004927,AZO,0.005552,-0.00716,-0.001321,0.007932,0.010774
11651,AUTOZONE INC,"Wells Fargo Maintains Outperform on AutoZone, Raises Price Target to $1.05K",6,increase,0.8,0.7,the maintenance of an 'outperform' rating and an increase in the price target typically signals positive sentiment and potential for stock price appreciation.,2,2019-02-27,AZO,2019-02-27 12:51:00+00:00,76605.0,05333210,-0.0246738046407699,430636.0,0.0296513754874467,0.0510342009365558,-0.0102771800011396,-0.0241976156830787,0.0039060870185494,0.0058808117173612,0.0073744626715779,-0.0160779003053903,-0.0047668637707829,0.0048654079437255,0.005559429526329,-0.0033378715161234,-0.0061878766864538,0.0163432396948337,0.0056701391004025,0.0152576249092817,-0.0057658199220895,0.0005162879242561,0.0063877250067889,0.0033675162121653,0.0102489460259676,0.0158223006874322,0.0126391891390085,-0.0053370078094303,0.013884462416172,0.012314535677433,0.0034850330557674,-0.0015412181382998,0.0020326972007751,-2.302577740920242e-05,0.0204999558627605,0.0229789391160011,-0.0197984259575605,0.0030329574365168,0.014868451282382,0.0049456739798188,0.0014560401905328,0.0150603260844945,0.0059059015475213,0.0142244454473257,0.001963686896488,0.0053643267601728,0.0188525449484586,-0.0001840515760704,0.0054583111777901,-0.0236774422228336,0.0119159957394003,0.0064519722945988,0.0034070222172886,-0.0179078970104455,-0.0046293148770928,0.002386306412518,0.0075239297002553,0.0112249990925192,0.0038339940365403,0.0040743565186858,-0.0115340165793895,0.0031440139282494,0.0190023258328437,0.0049824710004031,0.0079231653362512,-0.0053907968103885,-0.0077392198145389,0.0085085108876228,0.0040459460578858,0.0110800135880708,-0.0028179863002151,-0.0133159989491105,-0.0096270414069294,-0.0159280989319086,-0.0060111535713076,-0.0117670856416225,-0.0094254789873957,0.0084677468985319,0.012132978066802,0.0001669413468334,-0.0049248244613409,-0.0007985398406162,-0.0002397851640125,-0.0047802813351154,-0.008442391641438,0.0047433800064027,-0.0106913531199097,0.0197369903326034,0.0056822090409696,-0.0038980809040367,-0.0042886231094598,-0.0002178507857024,0.0140736727043986,-0.0115448869764804,-0.0047481516376137,-0.0249288361519575,-0.0026514837518334,0.003582380246371,-0.0148257678374648,-0.0195812843739986,-0.0096123637631535,-0.0138542931526899,-0.0011137580731883,-0.0065892077982425,-0.0038726043421775,0.0125236241146922,-0.0180193968117237,-0.0085000824183225,0.0073684966191649,0.0180541761219501,-0.0115578928962349,0.0017037119250744,0.0030459561385214,-0.0129421688616275,0.0028022907208651,0.0674501881003379,-0.0063612167723476,0.0190218575298786,0.0556538291275501,-0.0202947445213794,0.0113151408731937,-0.0094398409128189,-0.0087267411872744,-0.0018317927606403,0.0296513754874467,0.0510342009365558,0.0190694629631413,0.0256016792725213,0.0230500369634218,0.0316330496453325,0.0256817777770199,0.0199851718997665,0.0314169128098251,0.0530346863384014,0.1625563963104987,0.1362531540178371,0.1347581057457121,0.1194521510915713,2019-02-28,2019-03-01,2019-03-04,2019-03-05,2019-03-06,2019-03-07,2019-03-08,2019-03-11,2019-03-12,2019-03-13,76605.0,2019-02-27,252.0,-2.4674%,0.0009,0.3541,0.254,0.1428,1.6887%,1.7287%,4.5720%,-0.025403,AZO,76605.0,2019-02-28,252.0,2.9651%,0.0015,0.2903,0.2112,0.0895,1.5578%,1.5879%,3.7626%,0.030955,AZO,76605.0,2019-03-01,252.0,-1.0277%,0.0013,0.2987,0.2236,0.109,1.5558%,1.5871%,3.9062%,-0.012712,AZO,76605.0,2019-03-04,252.0,0.3906%,0.0014,0.2962,0.2278,0.1105,1.5559%,1.5868%,3.8645%,0.005839,AZO,76605.0,2019-03-05,252.0,0.7374%,0.0014,0.2959,0.2308,0.1076,1.5563%,1.5873%,3.8609%,0.008759,AZO,76605.0,2019-03-06,252.0,-0.4767%,0.0015,0.3042,0.2259,0.1163,1.5535%,1.5859%,4.0380%,0.000494,AZO,76605.0,2019-03-07,252.0,0.5559%,0.0015,0.2986,0.2125,0.1051,1.5530%,1.5842%,3.9007%,0.008506,AZO,76605.0,2019-03-08,252.0,-0.6188%,0.0015,0.2986,0.2288,0.1042,1.5508%,1.5827%,3.9895%,-0.005548,AZO,76605.0,2019-03-11,252.0,0.5670%,0.0015,0.2984,0.2244,0.1018,1.5505%,1.5826%,4.0114%,0.000849,AZO,76605.0,2019-03-12,252.0,-0.5766%,0.0015,0.2969,0.228,0.1016,1.5512%,1.5829%,3.9565%,-0.005892,AZO,76605.0,2019-03-13,252.0,0.6388%,0.0015,0.2977,0.2354,0.1042,1.5497%,1.5817%,4.0086%,0.004927,AZO,0.005552,-0.00716,-0.001321,0.007932,0.010774
11659,BIOCEPT INC,Biocept Reports Collaboration With Providence Saint John's Health Center To Evaluate Cerebrospinal Fluid For Use With Liquid Biopsy Testing In Metastatic Cancer,6,increase,0.7,0.6,"the collaboration with a reputable health center to evaluate cerebrospinal fluid for liquid biopsy testing in metastatic cancer suggests potential advancements in biocept's technology and market position, likely leading to increased investor interest.",2,2019-02-27,BIOC,2019-02-27 13:05:00+00:00,14449.0,09072V60,0.0384616181254386,4801245.0,-0.0462963618338108,0.0297029428184032,0.0194174572825431,0.0099999904632568,-0.009523800574243,0.0,-0.0192307513207197,-0.01960782520473,0.009803912602365,0.0099009806290268,-0.0097087286412715,0.0,0.0,0.0099999904632568,0.1862745732069016,-0.0384615026414394,-0.0247934628278017,-0.009523800574243,0.01694923825562,-0.0232559014111757,0.3166666626930237,0.0046728923916816,-0.2594937086105347,-0.4729063808917999,-0.0769230052828788,0.0797872245311737,0.0370370000600814,0.0107526779174804,-0.0267856884747743,-0.0261779855936765,-0.0366973206400871,-0.0402010269463062,-0.009523800574243,0.0101522747427225,-0.0096153756603598,0.0479281097650528,0.1941748112440109,-5.320031777955592e-05,-0.0731707587838172,-0.1090046986937523,0.0350876860320568,0.0876287817955017,-0.0254237055778503,-0.0490195602178573,0.0,0.0625000074505806,-0.0347825773060321,-0.0153846610337495,-0.0180179998278617,-0.1484715789556503,-0.0183486063033342,-0.2442244291305542,-0.0046728923916816,0.2948718369007111,0.0140844928100705,0.4011975824832916,-0.0370371118187904,-0.2409091293811798,0.0288462415337562,1.4043716192245483,-0.0186916813254356,-0.0045691705308854,0.0,-0.000869579904247,-0.0190476011484861,0.0056843338534235,-0.0145630929619073,0.0698164105415344,0.0049261036328971,-0.1050759106874466,0.0,0.0082304347306489,-0.03921565040946,-0.0329591780900955,-0.0306122750043869,0.139402449131012,0.0315789803862571,0.048774491995573,-0.0419388003647327,0.0354798138141632,0.0080945892259478,0.0153846470639109,-0.0147913349792361,-0.0901668220758438,-0.0241286624222993,0.071491003036499,0.0329670011997222,-0.0429425798356533,-0.0425532162189483,0.0450000166893005,0.0110000371932983,-0.2982456088066101,0.0113199036568403,0.6627771258354187,-0.0306454803794622,-0.1611403822898865,0.0235425643622875,0.0614286251366138,0.0581599026918411,-0.0851847901940345,-0.0562053136527538,0.0044152960181236,-0.0554946810007095,-0.1178947240114212,-0.0130050526931881,-0.0776698887348175,-0.0211764778941869,-0.0803571715950965,-0.026562537997961,-0.0175438430160284,0.0124706840142607,0.0654204934835434,0.9512195587158204,0.0094340657815337,-0.0625000149011612,-0.0535714849829673,-0.1333333700895309,-0.0260869320482015,-0.130769208073616,-0.1417910903692245,-0.0462963618338108,0.0297029428184032,-0.0277778621795128,0.0399999624265747,-0.0370371119339794,0.0399999624265747,-0.0462963615254136,0.0297029422744266,0.1111111137332707,-0.0325582168412966,-0.0092592253738016,0.1366119595749539,0.046296261036369,-0.2238806891118658,2019-02-28,2019-03-01,2019-03-04,2019-03-05,2019-03-06,2019-03-07,2019-03-08,2019-03-11,2019-03-12,2019-03-13,14449.0,2019-02-27,252.0,3.8462%,-0.0002,-0.842,0.8073,0.6853,14.5442%,14.5883%,0.6032%,0.038424,BIOC,14449.0,2019-02-28,252.0,-4.6296%,-0.0005,-0.8239,0.8181,0.7095,14.5469%,14.5903%,0.5935%,-0.047455,BIOC,14449.0,2019-03-01,252.0,1.9417%,-0.0012,-0.6837,1.0267,0.9142,14.4801%,14.5219%,0.5745%,0.0257249999999999,BIOC,14449.0,2019-03-04,252.0,-0.9524%,-0.0008,-0.7337,1.203,0.9248,14.4635%,14.5107%,0.6495%,-0.0126279999999999,BIOC,14449.0,2019-03-05,252.0,-1.9231%,-0.0008,-0.7237,1.2721,0.9371,14.4621%,14.5100%,0.6585%,-0.014619,BIOC,14449.0,2019-03-06,252.0,0.9804%,-0.0009,-0.7613,1.256,0.8924,14.4585%,14.5074%,0.6729%,0.019288,BIOC,14449.0,2019-03-07,252.0,-0.9709%,-0.0011,-0.7668,1.2062,0.871,14.4560%,14.5039%,0.6593%,-0.012217,BIOC,14449.0,2019-03-08,252.0,0.0000%,-0.001,-0.7691,1.2434,0.8653,14.4544%,14.5028%,0.6662%,-0.000899,BIOC,14449.0,2019-03-11,252.0,18.6275%,-0.0,-0.6647,1.2792,0.8321,14.5036%,14.5446%,0.5629%,0.197668,BIOC,14449.0,2019-03-12,252.0,-2.4793%,-0.0003,-0.702,1.2956,0.7962,14.5016%,14.5441%,0.5839%,-0.018974,BIOC,14449.0,2019-03-13,252.0,1.6949%,-0.0003,-0.693,1.2674,0.7993,14.5018%,14.5434%,0.5714%,0.025142,BIOC,-0.0090309999999999,0.016694,0.004066,0.008735,0.199455
11667,BRISTOL MYERS SQUIBB CO,"Bristol-Myers 13D From Wellington Shields Shows Sharply Raised Stake From ~33K Shares To ~125.7M Shares, Or 7.7% Stake",6,increase,0.8,0.6,"the significant increase in stake by wellington shields indicates strong confidence in bristol-myers squibb's future prospects, which is likely to positively influence investor sentiment and drive the stock price up.",2,2019-02-27,BMY,2019-02-27 22:34:00+00:00,19393.0,11012210,0.0159489475190639,17453644.0,0.0137362787500023,-0.0096742678433656,0.0301974713802337,-0.0064730877056717,-0.0031943251378834,0.0169558841735124,0.0141376061365008,-0.0228069815784692,-0.0169144961982965,-0.0011682510375976,-0.0260919090360403,-0.0059995660558342,-0.0023296240251511,0.0165256019681692,-0.0095348879694938,-0.0029422855004668,-0.0102161187678575,0.0255481898784637,0.011710999533534,-0.0077844192273914,-0.0211889706552028,-0.0023895408958196,0.0014030806487426,0.0033966430928558,-0.0020015707705169,-0.0213140435516834,-0.005214643664658,0.0197407342493534,-0.0082661258056759,-0.0137659190222621,-0.0054889298044145,0.0192423146218061,-0.0155355343595147,0.010532721877098,-0.0139119224622845,0.0104379514232277,0.0178984720259904,0.0111755160614848,-0.0074472613632678,0.0,-0.00291786971502,-0.0124668013304472,-0.0027174137067049,-0.001835988368839,-0.0129951573908329,-0.0188150256872177,-0.0082820001989603,0.0048269880935549,0.0038543962873518,-0.0079808002337813,0.0042661493644118,0.0104838805273175,-0.0006427851039916,0.0095664029940962,0.0032161562703549,-0.0118664549663662,-0.0173114202916622,0.0364811345934867,-0.0019573760218918,-0.0004167630104348,0.0043582646176218,0.0056580146774649,-0.0112822838127613,0.0114455474540591,0.0204081702977418,-0.0168785452842712,-0.0103225708007812,-0.0086758555844426,-0.0047805565409362,0.0324163027107715,-0.0061135105788707,0.0392287336289882,-0.0061511155217885,-0.1316040754318237,0.0017683026380836,0.0086571909487247,-0.0154457362368702,0.0204161945730447,0.0228597149252891,0.0105137629434466,0.0054776514880359,0.0075954641215503,0.0093702403828501,0.0260459501296281,0.0023747973609715,-0.0212766230106353,0.0032307025976479,-0.0047942805103957,0.0064405156299471,-0.0065488792024552,0.0371159948408603,-0.0226920470595359,-0.0106951966881752,0.0125687988474965,-0.0182951614260673,-0.0230238065123558,0.0048708077520132,-0.0283370707184076,-0.0046364851295948,0.0037425293121486,-0.0046580820344388,0.0192637480795383,-0.0236119292676448,-0.002852824749425,0.0002178283466491,-0.0094197439029812,0.0156828835606575,-0.0031924538780003,0.0105082103982567,0.023448035120964,-0.0057300608605146,-0.0234609618782997,-0.0115260854363441,-0.0033670091070234,0.0241848174482584,0.031648002564907,0.0065359766595065,-0.0034615444019436,-0.0092166410759091,0.0166177600622177,0.0137362787500023,-0.0096742678433656,0.0443485510146601,-0.0160847331647991,0.041012562185442,0.000598420136209,0.0378728469081592,-0.0233644995174584,0.0001962732440454,0.0011976345817412,-0.0915787328112018,0.0452177161751512,-0.0636669017685731,-0.0104438720217666,2019-02-28,2019-03-01,2019-03-04,2019-03-05,2019-03-06,2019-03-07,2019-03-08,2019-03-11,2019-03-12,2019-03-13,19393.0,2019-02-27,252.0,1.5949%,-0.001,0.8815,-0.1684,0.084,1.5540%,1.7990%,25.3859%,0.015485,BMY,19393.0,2019-02-28,252.0,1.3736%,-0.0009,0.878,-0.1702,0.0773,1.5579%,1.8001%,25.0979%,0.016613,BMY,19393.0,2019-03-01,252.0,3.0197%,-0.0008,0.8748,-0.1749,0.0606,1.5636%,1.8046%,24.9225%,0.024589,BMY,19393.0,2019-03-04,252.0,-0.3194%,-0.0008,0.8771,-0.1836,0.0603,1.5633%,1.8041%,24.9148%,0.000329,BMY,19393.0,2019-03-05,252.0,1.4138%,-0.0007,0.8735,-0.2013,0.0518,1.5662%,1.8058%,24.7729%,0.015114,BMY,19393.0,2019-03-06,252.0,-1.6914%,-0.0008,0.878,-0.1775,0.0602,1.5678%,1.8075%,24.7622%,-0.0122239999999999,BMY,19393.0,2019-03-07,252.0,-2.6092%,-0.0008,0.8916,-0.1462,0.0871,1.5660%,1.8105%,25.1811%,-0.018908,BMY,19393.0,2019-03-08,252.0,-0.2330%,-0.0008,0.8923,-0.1589,0.0889,1.5643%,1.8093%,25.2462%,-0.000237,BMY,19393.0,2019-03-11,252.0,-0.9535%,-0.0009,0.8812,-0.1618,0.093,1.5693%,1.8089%,24.7387%,-0.021886,BMY,19393.0,2019-03-12,252.0,-1.0216%,-0.001,0.8778,-0.1557,0.0916,1.5710%,1.8062%,24.3437%,-0.012888,BMY,19393.0,2019-03-13,252.0,1.1711%,-0.0009,0.8797,-0.155,0.0938,1.5712%,1.8075%,24.4357%,0.00508,BMY,0.032098,0.056687,0.057016,0.059906,0.0110669999999999
11675,BRISTOL MYERS SQUIBB CO,Wellington Mgmt. Issues Press Release Highlighting It Does Not Support Bristol-Myers Purchase Of Celgene,6,decrease,0.8,0.6,"wellington management's public opposition to the acquisition may signal to investors a lack of confidence in the deal, potentially leading to a decrease in stock price.",0,2019-02-27,BMY,2019-02-27 21:23:00+00:00,19393.0,11012210,0.0159489475190639,17453644.0,0.0137362787500023,-0.0096742678433656,0.0301974713802337,-0.0064730877056717,-0.0031943251378834,0.0169558841735124,0.0141376061365008,-0.0228069815784692,-0.0169144961982965,-0.0011682510375976,-0.0260919090360403,-0.0059995660558342,-0.0023296240251511,0.0165256019681692,-0.0095348879694938,-0.0029422855004668,-0.0102161187678575,0.0255481898784637,0.011710999533534,-0.0077844192273914,-0.0211889706552028,-0.0023895408958196,0.0014030806487426,0.0033966430928558,-0.0020015707705169,-0.0213140435516834,-0.005214643664658,0.0197407342493534,-0.0082661258056759,-0.0137659190222621,-0.0054889298044145,0.0192423146218061,-0.0155355343595147,0.010532721877098,-0.0139119224622845,0.0104379514232277,0.0178984720259904,0.0111755160614848,-0.0074472613632678,0.0,-0.00291786971502,-0.0124668013304472,-0.0027174137067049,-0.001835988368839,-0.0129951573908329,-0.0188150256872177,-0.0082820001989603,0.0048269880935549,0.0038543962873518,-0.0079808002337813,0.0042661493644118,0.0104838805273175,-0.0006427851039916,0.0095664029940962,0.0032161562703549,-0.0118664549663662,-0.0173114202916622,0.0364811345934867,-0.0019573760218918,-0.0004167630104348,0.0043582646176218,0.0056580146774649,-0.0112822838127613,0.0114455474540591,0.0204081702977418,-0.0168785452842712,-0.0103225708007812,-0.0086758555844426,-0.0047805565409362,0.0324163027107715,-0.0061135105788707,0.0392287336289882,-0.0061511155217885,-0.1316040754318237,0.0017683026380836,0.0086571909487247,-0.0154457362368702,0.0204161945730447,0.0228597149252891,0.0105137629434466,0.0054776514880359,0.0075954641215503,0.0093702403828501,0.0260459501296281,0.0023747973609715,-0.0212766230106353,0.0032307025976479,-0.0047942805103957,0.0064405156299471,-0.0065488792024552,0.0371159948408603,-0.0226920470595359,-0.0106951966881752,0.0125687988474965,-0.0182951614260673,-0.0230238065123558,0.0048708077520132,-0.0283370707184076,-0.0046364851295948,0.0037425293121486,-0.0046580820344388,0.0192637480795383,-0.0236119292676448,-0.002852824749425,0.0002178283466491,-0.0094197439029812,0.0156828835606575,-0.0031924538780003,0.0105082103982567,0.023448035120964,-0.0057300608605146,-0.0234609618782997,-0.0115260854363441,-0.0033670091070234,0.0241848174482584,0.031648002564907,0.0065359766595065,-0.0034615444019436,-0.0092166410759091,0.0166177600622177,0.0137362787500023,-0.0096742678433656,0.0443485510146601,-0.0160847331647991,0.041012562185442,0.000598420136209,0.0378728469081592,-0.0233644995174584,0.0001962732440454,0.0011976345817412,-0.0915787328112018,0.0452177161751512,-0.0636669017685731,-0.0104438720217666,2019-02-28,2019-03-01,2019-03-04,2019-03-05,2019-03-06,2019-03-07,2019-03-08,2019-03-11,2019-03-12,2019-03-13,19393.0,2019-02-27,252.0,1.5949%,-0.001,0.8815,-0.1684,0.084,1.5540%,1.7990%,25.3859%,0.015485,BMY,19393.0,2019-02-28,252.0,1.3736%,-0.0009,0.878,-0.1702,0.0773,1.5579%,1.8001%,25.0979%,0.016613,BMY,19393.0,2019-03-01,252.0,3.0197%,-0.0008,0.8748,-0.1749,0.0606,1.5636%,1.8046%,24.9225%,0.024589,BMY,19393.0,2019-03-04,252.0,-0.3194%,-0.0008,0.8771,-0.1836,0.0603,1.5633%,1.8041%,24.9148%,0.000329,BMY,19393.0,2019-03-05,252.0,1.4138%,-0.0007,0.8735,-0.2013,0.0518,1.5662%,1.8058%,24.7729%,0.015114,BMY,19393.0,2019-03-06,252.0,-1.6914%,-0.0008,0.878,-0.1775,0.0602,1.5678%,1.8075%,24.7622%,-0.0122239999999999,BMY,19393.0,2019-03-07,252.0,-2.6092%,-0.0008,0.8916,-0.1462,0.0871,1.5660%,1.8105%,25.1811%,-0.018908,BMY,19393.0,2019-03-08,252.0,-0.2330%,-0.0008,0.8923,-0.1589,0.0889,1.5643%,1.8093%,25.2462%,-0.000237,BMY,19393.0,2019-03-11,252.0,-0.9535%,-0.0009,0.8812,-0.1618,0.093,1.5693%,1.8089%,24.7387%,-0.021886,BMY,19393.0,2019-03-12,252.0,-1.0216%,-0.001,0.8778,-0.1557,0.0916,1.5710%,1.8062%,24.3437%,-0.012888,BMY,19393.0,2019-03-13,252.0,1.1711%,-0.0009,0.8797,-0.155,0.0938,1.5712%,1.8075%,24.4357%,0.00508,BMY,0.032098,0.056687,0.057016,0.059906,0.0110669999999999
11683,ANHEUSER BUSCH INBEV SA NV,Q4 Earnings Outlook For Anheuser-Busch InBev,6,uncertain,0.5,0.5,"the impact on anheuser-busch inbev's stock price is unclear without specific details on the earnings outlook, as it could be influenced by various factors such as market expectations and economic conditions.",1,2019-02-27,BUD,2019-02-27 18:15:00+00:00,93013.0,03524A10,-0.0063829221762716,1555983.0,0.0460385754704475,0.004541762638837,0.0486181564629077,-0.0023987246677279,-0.0021961969323456,-0.0317419245839119,0.0051357075572013,-0.0023172027431428,-0.0008515778463333,0.0073920334689319,-0.0215511582791805,-0.0074655916541814,0.0027376955840736,0.0235836748033762,0.0027302210219204,-0.0236685927957296,-0.0012376992963254,0.0182056240737438,0.0003718266380019,-0.000261938868789,-0.0133779486641287,0.0028890508692711,0.0200878642499446,-0.0097529254853725,0.0100923040881753,-0.017879968509078,0.0219325330108404,-0.0071011609397828,-0.0052462434396147,0.0187313891947269,0.005873161368072,0.0074181072413921,-0.0378932356834411,0.0052327825687825,-0.0048303119838237,0.0200160127133131,0.0209085289388895,0.0128396349027752,0.0052419882267713,0.0042073503136634,0.0029104761779308,-0.0157627612352371,0.0153567632660269,0.0082154963165521,-0.0039299968630075,0.0046001398004591,0.0064562521874904,0.0055782808922231,-0.0039201928302645,-0.0020366804674267,0.0135956993326544,0.0232008621096611,0.0156489219516515,0.0209929551929235,-0.0030120729934424,-0.0278543401509523,0.0042993579991161,-0.0001379034365527,0.0092560807242989,-0.0162756610661745,0.0084832953289151,0.0419728830456733,0.0064794779755175,0.0074032503180205,0.0064377645030617,-0.0072085107676684,-0.0043766060844063,0.0194524265825748,-0.0043958453461527,0.0044869766570627,0.0184534955769777,0.0401987098157405,-0.0040017855353653,0.0077377404086291,-0.003906233003363,0.0015196186723187,-0.0116526717320084,-0.0009109638049267,-0.0177984330803155,-0.0064856754615902,0.0108495205640792,-0.0094127785414457,0.0049098003655672,0.0229252632707357,0.0105669843032956,-0.0144599955528974,-0.0127052487805485,-0.0205075163394212,-0.0030747824348509,-0.0148256430402398,0.0063970475457608,0.0007273171213455,-0.0037457642611116,0.0076212314888834,-0.027284886687994,-0.0210902970284223,0.0080702621489763,-0.0224404782056808,-0.0117730163037776,-0.0040507516823709,0.0023826179094612,0.0173368416726589,-0.0167577378451824,-0.0025513861328363,0.0033844888675957,-0.0031085715163499,0.0098783243447542,-0.0207555014640092,0.0005963905714452,-0.0269287750124931,-0.0147829987108707,-0.0212177205830812,-0.0197240710258483,-0.0128789572045207,-0.0001234679220942,-0.0047902008518576,0.0200000330805778,0.0022057632450014,-0.0038731503300368,0.0140789430588483,0.0460385754704475,0.004541762638837,0.096895042598907,0.0021321435330323,0.0944860450712461,-0.0296774593901071,0.0991701785698397,-0.0247698572468655,0.0804336447260745,-0.0153202278546371,0.1674250755735833,0.0199375208629788,0.1160232921338384,-0.010526359010023,2019-02-28,2019-03-01,2019-03-04,2019-03-05,2019-03-06,2019-03-07,2019-03-08,2019-03-11,2019-03-12,2019-03-13,93013.0,2019-02-27,252.0,-0.6383%,-0.0013,0.5218,0.0208,0.0967,1.4018%,1.4978%,12.4023%,-0.006865,BUD,93013.0,2019-02-28,252.0,4.6039%,-0.0011,0.5023,0.009,0.0711,1.4310%,1.5194%,11.2880%,0.0477939999999999,BUD,93013.0,2019-03-01,252.0,4.8618%,-0.0009,0.516,0.0294,0.0708,1.4598%,1.5511%,11.4329%,0.04517,BUD,93013.0,2019-03-04,252.0,-0.2196%,-0.0011,0.5335,-0.0299,0.0665,1.4399%,1.5382%,12.3689%,0.000238,BUD,93013.0,2019-03-05,252.0,0.5136%,-0.0011,0.5303,-0.0498,0.0616,1.4395%,1.5369%,12.2682%,0.006019,BUD,93013.0,2019-03-06,252.0,-0.0852%,-0.0011,0.5264,-0.0559,0.0564,1.4395%,1.5355%,12.1188%,0.002861,BUD,93013.0,2019-03-07,252.0,-2.1551%,-0.0012,0.5315,-0.0625,0.0613,1.4418%,1.5395%,12.2811%,-0.017178,BUD,93013.0,2019-03-08,252.0,0.2738%,-0.0011,0.531,-0.0646,0.0605,1.4421%,1.5396%,12.2621%,0.003953,BUD,93013.0,2019-03-11,252.0,0.2730%,-0.0012,0.5284,-0.0471,0.0719,1.4364%,1.5331%,12.2241%,-0.004724,BUD,93013.0,2019-03-12,252.0,-0.1238%,-0.0012,0.5356,-0.048,0.0798,1.4354%,1.5331%,12.3458%,-0.0027229999999999,BUD,93013.0,2019-03-13,252.0,0.0372%,-0.0012,0.535,-0.0511,0.0783,1.4350%,1.5329%,12.3579%,-0.003577,BUD,0.0409289999999999,0.086099,0.086337,0.095217,0.0709679999999999
11691,C S I COMPRESSCO L P,"CSI Compressco Q4 EPS $(0.10) Misses $(0.08) Estimate, Sales $138.068M Beat $130.88M Estimate",6,uncertain,0.6,0.3,"while the sales beat expectations, the earnings miss could lead to mixed reactions from investors, making the overall impact on the stock price uncertain.",1,2019-02-27,CCLP,2019-02-27 12:50:00+00:00,12871.0,12637A10,0.1003584116697311,580127.0,0.0195440333336591,-0.0176056176424026,-0.0095847314223647,0.0737239792943,0.0516129322350025,-0.0056391367688775,-0.0460123009979724,-0.018450167030096,-0.0353697426617145,0.0111940186470747,-0.0133333206176757,0.0,-0.0472973324358463,-0.007407400291413,0.0106382882222533,-0.0145985260605812,0.0315790027379989,0.0262172035872936,-0.0068027144297957,0.0348837822675705,-0.0068493084982037,0.0157480165362358,-0.0103448992595076,0.0,0.006968718022108,-0.0557621158659458,-0.010380694642663,-0.0182481575757265,-0.0104895010590553,-0.0214285515248775,-0.0035335656721144,0.0606059990823268,-0.0425531528890132,0.0076336716301739,-0.007407400291413,-0.0018975731218233,0.0335820578038692,0.0134615721181035,-0.0108303148299455,-0.0188679955899715,0.0109488945454359,0.0392157435417175,0.0252707339823246,0.0199999809265136,0.0281690713018178,-0.0272373296320438,-0.0068493084982037,-0.075539581477642,-0.0310345347970724,-0.0671141073107719,0.024911094456911,0.0456140749156475,0.0243055317550897,-0.0069686346687376,0.0440677553415298,-0.0069204908795654,0.0292208287864923,-0.0430463179945945,0.0,0.020270250737667,-0.0410095006227493,-0.0100334351882338,-0.0328947044909,0.0033557014539837,0.0102040721103549,0.0240549594163894,0.0168350003659725,0.0246479492634534,-0.019867530092597,0.0676691085100174,-0.0033783752005547,0.0350195169448852,0.0203389637172222,0.1077586263418198,0.0033222560305148,0.0,-0.0099337650462985,0.0175438430160284,-0.0133779132738709,0.045871514827013,0.0067796544171869,-0.0643776208162307,0.026936000213027,0.026431692764163,3.053516772766329e-09,-0.0992063507437706,0.0032894706819206,0.1150442436337471,0.0098360562697052,-0.1171874850988388,0.0454545803368091,-0.0690909326076507,-0.0062111741863191,-0.1324921399354935,0.0,-0.0890804454684257,0.0562500208616256,-0.0913837924599647,-0.0177515316754579,0.0521977506577968,0.0030120452865958,-0.052083283662796,0.0,-0.0303030610084533,0.0660660788416862,-0.0593824237585067,0.0,0.0071770837530493,0.0535211451351642,-0.0210773199796676,-0.0534759499132633,-0.0183907877653837,0.0423729084432125,0.0381861217319965,-0.0081300735473632,-0.0255814250558614,-0.0300546810030937,0.0213777087628841,-0.0281689874827861,-0.0277136005461216,0.0195440333336591,-0.0176056176424026,0.0097719776008815,0.0548204054613656,0.0618892702536002,0.0488721289283662,-0.0228012841795122,0.0410447319775009,-0.0488598910777349,0.0813953640738975,0.0325733359951305,-0.0538348735278675,0.1274751841190666,-0.3531988839773915,2019-02-28,2019-03-01,2019-03-04,2019-03-05,2019-03-06,2019-03-07,2019-03-08,2019-03-11,2019-03-12,2019-03-13,12871.0,2019-02-27,252.0,10.0358%,-0.0024,1.0154,0.7811,1.2087,3.3009%,3.4608%,9.0242%,0.099358,CCLP,12871.0,2019-02-28,252.0,1.9544%,-0.0023,1.0122,0.7798,1.1998,3.3054%,3.4631%,8.8978%,0.025457,CCLP,12871.0,2019-03-01,252.0,-0.9585%,-0.0023,1.0109,0.7779,1.2034,3.3063%,3.4620%,8.7903%,-0.0144249999999999,CCLP,12871.0,2019-03-04,252.0,5.1613%,-0.0022,1.0184,0.7011,1.2133,3.3202%,3.4747%,8.6945%,0.055198,CCLP,12871.0,2019-03-05,252.0,-4.6012%,-0.0023,1.0274,0.7466,1.2333,3.3274%,3.4855%,8.8655%,-0.039286,CCLP,12871.0,2019-03-06,252.0,-3.5370%,-0.0024,1.0342,0.7784,1.2453,3.3288%,3.4910%,9.0750%,-0.017916,CCLP,12871.0,2019-03-07,252.0,-1.3333%,-0.0023,1.0384,0.8035,1.2581,3.3261%,3.4911%,9.2248%,-0.000289,CCLP,12871.0,2019-03-08,252.0,-4.7297%,-0.0024,1.0441,0.8016,1.2673,3.3362%,3.5023%,9.2602%,-0.0433659999999999,CCLP,12871.0,2019-03-11,252.0,1.0638%,-0.0024,1.0447,0.8,1.266,3.3362%,3.5031%,9.3035%,-0.001305,CCLP,12871.0,2019-03-12,252.0,3.1579%,-0.0022,1.0634,0.7805,1.2792,3.3412%,3.5098%,9.3778%,0.03213,CCLP,12871.0,2019-03-13,252.0,-0.6803%,-0.0023,1.06,0.7827,1.2762,3.3418%,3.5097%,9.3423%,-0.0126489999999999,CCLP,0.124815,0.11039,0.165588,0.108386,0.082907
11699,CROSS COUNTRY HEALTHCARE INC,"Cross Country Healthcare Q4 Adj. EPS $0.00, Sales $200.907M Beat $200.79M Estimate",6,uncertain,0.6,0.2,"while the sales beat estimates, the adjusted eps of $0.00 may raise concerns about profitability, leading to uncertainty in the stock's reaction.",1,2019-02-27,CCRN,2019-02-27 21:20:00+00:00,89167.0,22748310,-0.0088202785700559,300710.0,-0.0278086774051189,-0.0087431613355875,-0.0400457009673118,-0.0224359016865491,-0.0441001020371913,0.0118918549269437,-0.0361596532166004,0.0054348036646842,-0.0012936906423419,-0.0086206812411546,-0.0116579895839095,-0.0729271173477172,-0.0078636882826685,-0.0049701975658535,0.0026420054491609,0.0100401984527707,0.00527008716017,-0.0109235011041164,-0.0039318753406405,0.0275509692728519,-0.0013157568173483,0.0113519728183746,-0.0329380743205547,-0.0142421508207917,-0.0068120150826871,0.0010183532722294,-0.0096022179350256,0.0061474861577153,0.0083103077486157,-0.0030643241479992,0.0027472500223666,0.014507807791233,-0.0383561924099922,0.0020767915993928,-0.0028490000404417,0.0136842224746942,-0.0142857003957033,0.0182208009064197,0.0130434306338429,-0.0063898209482431,0.028612345457077,-0.0146903879940509,-0.0222531072795391,0.0063357409089803,0.0398292653262615,-0.0073374942876398,0.0136798778548836,0.0302375517785549,0.0080971587449312,0.0,0.0307898297905921,0.0209482405334711,-0.0038960692472755,0.0022098899353295,-0.0234680976718664,0.0414270013570785,-0.0200266521424055,-0.012500069104135,0.0040871570818126,0.0034207219723612,0.0067842863500118,0.0293427221477031,0.0067385057918727,0.0167064853012561,0.0040160925127565,0.0157575905323028,-0.0293333046138286,0.0325407050549984,-0.0439560674130916,0.0152477622032165,0.0086206812411546,0.0535475388169288,-0.022792000323534,-0.004000028129667,0.0262390412390232,0.0231923703104257,0.0085227191448211,-0.0134589374065399,-0.0239436738193035,0.0081411050632596,0.0173160694539547,-0.0173333492130041,0.0340425185859203,0.04456827044487,-0.0329217799007892,0.008426958695054,-0.0070922253653407,-0.0083565386012196,0.0542857311666011,-0.0191257297992706,0.0243902206420898,-0.0161290168762207,0.1071428507566452,-0.0236220248043537,-0.0131421331316232,-0.0305343829095363,-0.0133172646164894,-0.0125628020614385,-0.0036809490993618,-0.0087172724306583,0.0024631104897707,0.0229299142956733,-0.0442260578274726,0.0168393943458795,0.0231362245976924,-0.0386052243411541,-0.0238693542778492,-0.0429082959890365,-0.0012869694037362,-0.0187134314328432,-0.0115979574620723,-0.0562914125621318,0.0104302372783422,-0.0011024560080841,0.0348387695848941,0.0145414005964994,-0.0087282601743936,0.0113121522590518,-0.0666666328907013,0.0612245164811611,-0.0278086774051189,-0.0087431613355875,-0.066740760392769,-0.0309829023139818,-0.1078975880865995,-0.0194594915665715,-0.1412680744573586,-0.0226293135847562,-0.154616226660348,-0.0744898401263297,-0.1802002083854469,0.0342074433783541,-0.1746384504330683,0.0888355157728779,2019-02-28,2019-03-01,2019-03-04,2019-03-05,2019-03-06,2019-03-07,2019-03-08,2019-03-11,2019-03-12,2019-03-13,89167.0,2019-02-27,252.0,-0.8820%,-0.0009,1.0836,1.1166,0.6151,3.0930%,3.3090%,12.6290%,-0.011283,CCRN,89167.0,2019-02-28,252.0,-2.7809%,-0.0011,1.1044,1.1301,0.6354,3.0902%,3.3120%,12.9457%,-0.023235,CCRN,89167.0,2019-03-01,252.0,-4.0046%,-0.0013,1.0954,1.1166,0.6436,3.1047%,3.3194%,12.5153%,-0.048823,CCRN,89167.0,2019-03-04,252.0,-4.4100%,-0.0008,1.0197,1.3998,0.6559,2.9175%,3.1485%,14.1328%,-0.036537,CCRN,89167.0,2019-03-05,252.0,-3.6160%,-0.0009,1.0245,1.4191,0.6696,2.9227%,3.1540%,14.1282%,-0.028603,CCRN,89167.0,2019-03-06,252.0,-0.1294%,-0.0009,0.9931,1.3841,0.6294,2.9167%,3.1407%,13.7546%,0.024835,CCRN,89167.0,2019-03-07,252.0,-1.1658%,-0.001,0.9905,1.3719,0.6225,2.9161%,3.1378%,13.6351%,-0.000559,CCRN,89167.0,2019-03-08,252.0,-0.7864%,-0.001,0.9913,1.3688,0.6239,2.9161%,3.1373%,13.6000%,-0.005402,CCRN,89167.0,2019-03-11,252.0,0.2642%,-0.001,0.985,1.3522,0.6176,2.9163%,3.1356%,13.4974%,-0.0139009999999999,CCRN,89167.0,2019-03-12,252.0,0.5270%,-0.001,0.9904,1.3475,0.6218,2.9165%,3.1353%,13.4650%,0.006998,CCRN,89167.0,2019-03-13,252.0,-0.3932%,-0.001,0.9889,1.34,0.6184,2.9156%,3.1332%,13.4052%,-0.006942,CCRN,-0.034518,-0.083341,-0.119878,-0.123646,-0.143452
11707,CITY HOLDING CO,City Holding Company Reports 1M Share Buyback,6,increase,0.8,0.6,"a share buyback typically signals that the company believes its stock is undervalued, which can lead to an increase in stock price due to reduced supply and increased investor confidence.",2,2019-02-27,CHCO,2019-02-27 17:30:00+00:00,11442.0,17783510,0.0132349310442805,52072.0,0.0065309801138937,-0.0051904805004596,0.0008734676521271,-0.0071644005365669,-0.0167061015963554,0.0037849533837288,-0.0032965908758342,-0.0098688434809446,-0.0258236713707447,0.0130347562953829,-0.016322799026966,0.01281722728163,0.0118146734312176,0.0256342440843582,0.0163998939096927,-0.0053609265014529,-0.0037433963734656,0.0115064503625035,0.0036278669722378,0.0047840611077845,0.0006455338443629,0.0091189527884125,-0.0064507802017033,0.002958994358778,0.0085702640935778,0.0026971942279487,-0.0146774742752313,0.0099428407847881,-0.0184240955859422,0.0036909999325871,0.0003993447462562,0.008131256327033,-0.0425815619528293,0.0122767472639679,0.0136206168681383,-0.0096711376681923,0.0263265892863273,0.0043013398535549,-0.0070808120071887,0.0081130489706993,0.0211248621344566,-0.0085980137810111,0.0039531304500997,0.0225468520075082,0.0154876001179218,0.0074285236187279,-0.0100815091282129,0.0,0.0044392738491296,-0.0107405614107847,0.0085791759192943,0.0021243665833026,0.0023198905400931,0.0084262210875749,0.0014144351007416,0.0242831483483314,-0.0128402672708034,0.0115418583154678,0.023673253133893,-0.0078659830614924,-0.0019058946054428,-0.0043509127572178,0.0114576071500778,-0.0090543963015079,-0.0182462595403194,-0.0022941788192838,0.0178110115230083,0.0062040155753493,0.0469185523688793,0.001589604304172,-0.026647251099348,0.0203479398041963,-0.0332254618406295,-0.0016193229239434,0.0184064898639917,0.0050303889438509,0.0018957771826535,-0.0052980226464569,-0.0084521025419235,0.006666621658951,0.0087786568328738,-0.0069148330949246,0.0110984640195965,0.024261612445116,-0.0098540717735886,-0.0389573127031326,-0.0153690306469798,0.0030506497714668,0.01241035759449,0.0174400322139263,0.0266649909317493,-0.0389204248785972,0.0108321625739336,-0.0127611281350255,-0.0233804881572723,-0.0058553712442517,-0.0110972495749592,-0.0130709540098905,-0.0003782471467275,-0.0102138090878725,-0.0018920475849881,0.0161915048956871,-0.0242638476192951,-0.0050942464731633,0.0088071534410119,0.0047032278962433,-0.0030812411569058,-0.009047239087522,0.0069542936980724,0.0184280294924974,-0.0177772007882595,-0.0634153485298156,0.0050781168974936,-0.0032581777777522,0.003238761331886,0.0044508962891995,-0.0102014578878879,-0.0045608351938426,-0.0268754754215478,0.0112004019320011,0.0065309801138937,-0.0051904805004596,0.0074101523658871,-0.0123176943557441,-0.0094197439887372,-0.0085793628709468,-0.038181372644201,-0.0055681459092317,-0.0271289091042005,0.0442525147724719,-0.0115549577425789,0.1536237150695367,-0.0568837610808244,0.0435666128074396,2019-02-28,2019-03-01,2019-03-04,2019-03-05,2019-03-06,2019-03-07,2019-03-08,2019-03-11,2019-03-12,2019-03-13,11442.0,2019-02-27,252.0,1.3235%,0.0009,0.9175,1.0779,1.0897,0.8976%,1.3466%,55.5734%,0.0115769999999999,CHCO,11442.0,2019-02-28,252.0,0.6531%,0.0009,0.9132,1.0753,1.084,0.8999%,1.3430%,55.1037%,0.011784,CHCO,11442.0,2019-03-01,252.0,0.0873%,0.001,0.9041,1.0618,1.0725,0.8968%,1.3289%,54.4610%,-0.004574,CHCO,11442.0,2019-03-04,252.0,-1.6706%,0.0009,0.9064,1.0658,1.0693,0.9004%,1.3335%,54.4041%,-0.01203,CHCO,11442.0,2019-03-05,252.0,-0.3297%,0.0009,0.9037,1.0466,1.0662,0.8985%,1.3254%,54.0473%,0.004025,CHCO,11442.0,2019-03-06,252.0,-2.5824%,0.0008,0.9049,1.0611,1.0695,0.8992%,1.3341%,54.5712%,-0.005562,CHCO,11442.0,2019-03-07,252.0,-1.6323%,0.0008,0.908,1.0652,1.0747,0.8998%,1.3368%,54.6964%,-0.0047199999999999,CHCO,11442.0,2019-03-08,252.0,1.1815%,0.0008,0.9068,1.0536,1.0734,0.9017%,1.3353%,54.4005%,0.015017,CHCO,11442.0,2019-03-11,252.0,1.6400%,0.0009,0.9089,1.0502,1.0703,0.9013%,1.3374%,54.5801%,0.004588,CHCO,11442.0,2019-03-12,252.0,-0.3743%,0.0009,0.9086,1.0517,1.0706,0.9015%,1.3337%,54.3065%,-0.002309,CHCO,11442.0,2019-03-13,252.0,0.3628%,0.0008,0.9084,1.0488,1.0698,0.9012%,1.3329%,54.2896%,-0.000132,CHCO,0.023361,0.0187869999999999,0.0067569999999999,0.0052199999999999,0.017664
11715,CHURCHILL DOWNS INC,"Churchill Downs Q4 Adj. EPS $0.21 Beats $0.14 Estimate, Sales $219M Beat $218.67M Estimate",6,increase,0.8,0.6,"the company reported better-than-expected earnings and sales, which typically leads to positive investor sentiment and an increase in stock price.",2,2019-02-27,CHDN,2019-02-27 21:15:00+00:00,79026.0,17148410,-0.011674340814352,266113.0,-0.0280799809843301,0.0058714430779218,-0.0022388775832951,0.0019610119052231,-0.0329094380140304,0.0132817048579454,-0.0067395935766398,-0.0030236775055527,-0.0080089122056961,0.0029280185699462,-0.0195110775530338,0.0054673184640705,-0.0006862441077828,0.0096603361889719,0.0185397434979677,-0.0077944542281329,-0.0169663168489933,0.0100000258535146,-0.0117727601900696,0.0072867586277425,-0.0077492273412644,0.0176663342863321,-0.0046625658869743,0.0030627737287431,0.0012882142327725,-0.0106060970574617,-0.0111110750585794,0.0054406961426138,-0.0014193109236657,-0.0070232469588518,0.02451734803617,0.0029259240254759,-0.0195375997573137,0.0032615286763757,0.0142671754583716,0.009327401407063,0.009067733772099,0.01594203338027,-0.0129032572731375,-0.0067545189522206,0.0316293090581893,0.0147190736606717,0.0211562700569629,-0.0055865920148789,0.0043208440765738,0.0112994350492954,-0.008714847266674,-0.0028917603194713,0.0087914634495973,-0.0032568150199949,-0.002647521905601,0.0191905293613672,0.0175865087658166,0.013220390304923,-0.0025000364985316,-0.0087366318330168,-0.0231011789292097,0.0033448485191911,0.023870600387454,-0.0159655008465051,0.0002178520808229,0.0223168432712554,0.0171005316078662,0.0135240359231829,-0.0094238305464386,0.0111380275338888,0.0102702369913458,0.0110202776268124,-0.0058854515664279,0.0340197719633579,-0.0062432917766273,0.037443071603775,-0.0207972079515457,-0.0405048951506614,-0.0099557684734463,-0.0061490531079471,0.0297207105904817,0.0286317039281129,0.0224609337747097,0.0024940664879977,0.0602780431509017,0.0080538606271147,0.0190170537680387,0.0450678914785385,-0.009429320693016,-0.0392760559916496,-0.0163609478622674,-0.0438535548746585,0.0162298455834388,-0.0117243137210607,0.0152762718498706,-0.027368139475584,-0.0267708636820316,0.0001572866895003,-0.0408593490719795,-0.0148392161354422,0.0045007360167801,-0.0261111743748188,0.0129206823185086,-0.0231838431209325,0.0030861336272209,0.0261346586048603,-0.018562251701951,0.0122124059125781,-0.0051201451569795,-0.00476263044402,0.0082974573597311,-0.0221676249057054,0.0158332977443933,0.0011864245170727,-0.0072805485688149,-0.0386712960898876,0.0012395697413012,0.0101166386157274,0.0078407321125268,0.0008287788368761,-0.0141263678669929,0.001118236570619,-0.0109022473916411,0.031516283750534,-0.0280799809843301,0.0058714430779218,-0.03025599092766,0.0078439689529217,-0.0621697212837036,0.0212298550914147,-0.0759506954823794,0.0211231239905245,-0.1041343164117175,0.0463995054055161,-0.0489068595328668,0.1083156643773879,-0.0129520268402638,0.0966661686802841,2019-02-28,2019-03-01,2019-03-04,2019-03-05,2019-03-06,2019-03-07,2019-03-08,2019-03-11,2019-03-12,2019-03-13,79026.0,2019-02-27,252.0,-1.1674%,0.0003,1.0329,0.6234,-0.1115,1.3996%,1.8366%,41.9214%,-0.014038,CHDN,79026.0,2019-02-28,252.0,-2.8080%,0.0002,1.0394,0.6271,-0.1008,1.4089%,1.8439%,41.6218%,-0.025382,CHDN,79026.0,2019-03-01,252.0,-0.2239%,0.0001,1.0497,0.6423,-0.0793,1.4046%,1.8435%,41.9457%,-0.012034,CHDN,79026.0,2019-03-04,252.0,-3.2909%,-0.0,1.0518,0.6575,-0.0849,1.4132%,1.8548%,41.9500%,-0.024663,CHDN,79026.0,2019-03-05,252.0,-0.6740%,-0.0,1.0506,0.6462,-0.0846,1.4125%,1.8498%,41.6916%,-0.0032069999999999,CHDN,79026.0,2019-03-06,252.0,-0.8009%,-0.0,1.0454,0.6291,-0.0928,1.4135%,1.8492%,41.5747%,0.008902,CHDN,79026.0,2019-03-07,252.0,-1.9511%,-0.0001,1.0495,0.6275,-0.0879,1.4149%,1.8519%,41.6264%,-0.010894,CHDN,79026.0,2019-03-08,252.0,-0.0686%,-0.0001,1.0502,0.6134,-0.086,1.4127%,1.8483%,41.5841%,0.0010689999999999,CHDN,79026.0,2019-03-11,252.0,1.8540%,-0.0,1.0513,0.5866,-0.1019,1.4006%,1.8435%,42.2785%,0.000147,CHDN,79026.0,2019-03-12,252.0,-1.6966%,-0.0002,1.034,0.5985,-0.1169,1.4002%,1.8338%,41.6938%,-0.018124,CHDN,79026.0,2019-03-13,252.0,-1.1773%,-0.0002,1.0283,0.6101,-0.1203,1.4037%,1.8351%,41.4896%,-0.0168849999999999,CHDN,-0.03942,-0.051454,-0.076117,-0.070422,-0.115109
11723,CIENA CORP,Rosenblatt Expects NeoPhotonics To Announce Bullish Guidance For March Quarter,6,increase,0.7,0.6,"bullish guidance from neophotonics, a subsidiary of ciena, is likely to positively influence investor sentiment and expectations for ciena's performance, potentially leading to an increase in its stock price.",2,2019-02-27,CIEN,2019-02-27 19:06:00+00:00,84519.0,17177930,-0.0044093439355492,2652452.0,-0.0055944444611668,-0.0135073298588395,0.0023440804798156,0.0025246869772672,0.0009354751673527,0.0288075860589742,-0.0488317795097827,0.0033167351502925,-0.0181773006916046,0.0100502073764801,-0.0320240817964077,0.0392937548458576,0.008270863443613,0.0125912874937057,0.031274065375328,0.0156010389328002,-0.0109370779246091,0.0066940863616764,-0.0090475147590041,0.003617555135861,-0.0040578199550509,0.021647298708558,0.0040743532590568,0.0160944834351539,-0.0078620687127113,-0.0179136022925376,0.0010225182631984,0.0013188930461183,-0.0316650085151195,-0.0018430672353133,0.0160865150392055,-0.0083550838753581,-0.0381520241498947,0.0055132340639829,0.0062061394564807,0.0135710034519434,0.0002681234036572,-0.0461928844451904,-0.0040213866159319,0.0025445874780416,-0.0021534811239689,-0.0165165122598409,0.0072835301980376,0.0119016813114285,0.0115158092230558,0.0321485474705696,0.003971345257014,-0.0031266999430954,0.0052742818370461,-0.0031168553978204,-0.016526686027646,0.0120925102382898,-0.0048012882471084,0.0074153230525553,-0.0018761643441393,0.0034546172246336,0.0034907960798591,0.0273000262677669,-0.0005352009320631,-0.0010907308897003,-0.0072288261726498,-0.0062331529334187,0.0245415270328521,0.0092997848987579,0.0107923094183206,-0.0024556657299399,0.0078124799765646,0.0297836847603321,-0.0118862809613347,0.0298032034188509,-0.0015690735308453,0.0514147393405437,0.0144054275006055,-0.0315262153744697,0.0294345319271087,0.0008846587734296,0.0042639072053134,0.0244713425636291,-0.0244755130261182,0.0209747180342674,-0.0215053800493478,-0.0058265081606805,0.0104656647890806,0.052954513579607,-0.0067322198301553,-0.0233364794403314,0.0002606444468256,-0.0364631041884422,0.0164191052317619,-0.0036330285947769,-0.0053845918737351,-0.0045208414085209,-0.0451147183775901,0.0054545546881854,-0.023758128285408,-0.0448624975979328,-0.0002765022509265,-0.0103122489526867,-0.0257261488586664,0.0861854553222656,-0.0042589870281517,0.0174105484038591,-0.0538921989500522,-0.0084745902568101,0.0009041223092935,0.0185421966016292,0.0027100318111479,-0.0297767035663127,0.0222222730517387,0.0251192655414342,0.0167449973523616,-0.0509957335889339,0.0014446470886468,0.0159411542117595,0.0057703624479472,0.0049291388131678,0.0111875897273421,-0.008249326609075,0.0022695555817335,0.0426887609064579,-0.0055944444611668,-0.0135073298588395,-0.003263477809408,-0.0110167446613644,-0.0023310555445053,0.0174734755776877,-0.0682983730331934,0.0311079013829931,-0.0808858065236142,0.1134366744651076,-0.1293706974064244,0.1750750573311734,-0.1764568649185262,0.3727302037122106,2019-02-28,2019-03-01,2019-03-04,2019-03-05,2019-03-06,2019-03-07,2019-03-08,2019-03-11,2019-03-12,2019-03-13,84519.0,2019-02-27,252.0,-0.4409%,0.0023,0.8987,0.6634,-0.1427,1.7678%,2.0685%,26.9558%,-0.0067469999999999,CIEN,84519.0,2019-02-28,252.0,-0.5594%,0.0022,0.9043,0.667,-0.1374,1.7674%,2.0689%,27.0195%,-0.003398,CIEN,84519.0,2019-03-01,252.0,0.2344%,0.0022,0.8962,0.6549,-0.1458,1.7672%,2.0639%,26.6858%,-0.006741,CIEN,84519.0,2019-03-04,252.0,0.0935%,0.0022,0.8993,0.6387,-0.1453,1.7668%,2.0638%,26.7046%,0.008694,CIEN,84519.0,2019-03-05,252.0,-4.8832%,0.0021,0.9094,0.6858,-0.1204,1.7914%,2.0888%,26.4541%,-0.045761,CIEN,84519.0,2019-03-06,252.0,-1.8177%,0.0021,0.9187,0.6874,-0.1096,1.7892%,2.0923%,26.8701%,-0.001939,CIEN,84519.0,2019-03-07,252.0,-3.2024%,0.0016,0.9087,0.5853,-0.1519,1.7022%,2.0093%,28.2246%,-0.024461,CIEN,84519.0,2019-03-08,252.0,0.8271%,0.0016,0.9091,0.5621,-0.1501,1.6978%,2.0026%,28.1289%,0.009629,CIEN,84519.0,2019-03-11,252.0,3.1274%,0.0016,0.9159,0.5692,-0.1496,1.6998%,2.0112%,28.5700%,0.014835,CIEN,84519.0,2019-03-12,252.0,-1.0937%,0.0015,0.9117,0.5761,-0.1514,1.7017%,2.0099%,28.3140%,-0.011843,CIEN,84519.0,2019-03-13,252.0,-0.9048%,0.0015,0.9068,0.5831,-0.1551,1.7043%,2.0110%,28.1777%,-0.013373,CIEN,-0.010145,-0.0168859999999999,-0.0081919999999999,-0.055892,-0.081105
11731,CINCINNATI FINANCIAL CORP,Credit Suisse Upgrades Cincinnati Financial to Neutral,6,increase,0.7,0.6,"upgrades from analysts typically signal improved outlooks for a company's stock, which can lead to increased investor interest and a potential rise in stock price.",2,2019-02-27,CINF,2019-02-27 11:44:00+00:00,23473.0,17206210,0.0044387015514075,718792.0,0.0096523063257336,-0.0029117166996002,0.0019580530934035,-0.0030190679244697,-0.0136796738952398,0.0067804749123752,-0.0027972667012363,-0.0047701690346002,-0.0093501107767224,0.0039714560844004,-0.002005731454119,0.0015207914402708,-0.0011821548687294,0.017740273848176,0.0113622806966304,-0.0060355281457304,0.0028087245300412,-0.0025968037080019,-0.0075855003669857,0.0078515782952308,0.0032925538253039,0.0004760880256071,0.0035162102431058,-0.0033215468283742,0.0035038006026297,0.0299328602850437,-0.0090781701728701,-0.0088399536907672,-0.0065027554519474,0.0013338257558643,0.0104725081473588,0.0111574754118919,-0.003179887542501,0.0054239989258348,0.0002363453822908,0.0115974592044949,0.0044885096140205,0.010076873935759,0.0038805482909083,0.0050639514811336,0.0008199565927498,-0.0045368699356913,0.0053838840685784,0.0029069227166473,0.0047729457728564,-0.0067788213491439,-0.0091530634090304,0.0020126246381551,-0.0005846050335094,-0.0105786994099617,0.002106005558744,0.0277564357966184,0.0066549875773489,0.0030792641919106,-0.0064949844963848,0.0038640268612653,-0.0067709758877754,0.0005154757527634,0.011401048861444,0.0071381623856723,0.0095293391495943,-0.0032341524492949,0.0071370447985827,0.0139035312458872,-0.004114762879908,0.0100688189268112,0.0067715365439653,-0.0009265346452593,-0.0142498854547739,-0.0044801202602684,0.0015033797826617,0.0200268533080816,-0.0072747953236103,-0.0161333139985799,0.0115156201645731,-0.0232497472316026,0.0083947032690048,0.0105730006471276,0.0670543611049652,0.0009145505027845,0.0066260849125683,0.0152540327981114,0.0084934215992689,0.0449064150452613,0.0125276604667305,-0.0460134334862232,-0.0099812755361199,-0.0027689754497259,0.0076664118096232,-0.0071999351494014,0.0012506800703704,-0.0022204567212611,0.0008327452233061,-0.0022004218772053,-0.0118564674630761,-0.0270746927708387,0.0015787972370162,-0.0036385608837008,-0.0007356801070272,-0.0001254815724678,0.0138816637918353,0.0072024222463369,-0.0123431431129574,-0.0031490111723542,0.0054610022343695,-0.0093586221337318,0.0071025728248059,-0.005090051330626,0.0075710783712565,-0.0117776840925216,0.0059701679274439,-0.0136737329885363,0.0036835460923612,0.011134173721075,0.0116220517084002,0.0030682375654578,0.0041317748837172,-0.0008583653252571,-0.0042151561938226,0.0197574310004711,0.0096523063257336,-0.0029117166996002,0.0116292591473967,-0.005921993953577,-0.0022094992206226,0.0008183270273647,-0.0143039401128902,4.491245153559475e-10,-0.0110477619790685,0.0184392483280104,0.0073233854247083,0.1110966537539754,0.1614947574661616,0.0779373462795574,2019-02-28,2019-03-01,2019-03-04,2019-03-05,2019-03-06,2019-03-07,2019-03-08,2019-03-11,2019-03-12,2019-03-13,23473.0,2019-02-27,252.0,0.4439%,0.0009,0.8762,-0.1186,0.8475,0.9600%,1.2909%,44.6967%,0.004804,CINF,23473.0,2019-02-28,252.0,0.9652%,0.001,0.8689,-0.1231,0.8391,0.9623%,1.2868%,44.0819%,0.014411,CINF,23473.0,2019-03-01,252.0,0.1958%,0.001,0.8647,-0.1294,0.8334,0.9615%,1.2820%,43.7481%,-0.000675,CINF,23473.0,2019-03-04,252.0,-1.3680%,0.001,0.8635,-0.1129,0.8308,0.9648%,1.2805%,43.2313%,-0.013041,CINF,23473.0,2019-03-05,252.0,-0.2797%,0.0009,0.8601,-0.1401,0.8286,0.9596%,1.2764%,43.4817%,0.000224,CINF,23473.0,2019-03-06,252.0,-0.9350%,0.0009,0.8597,-0.1273,0.8299,0.9597%,1.2737%,43.2340%,-0.004313,CINF,23473.0,2019-03-07,252.0,-0.2006%,0.0009,0.8572,-0.1267,0.8267,0.9605%,1.2738%,43.1417%,0.007604,CINF,23473.0,2019-03-08,252.0,-0.1182%,0.0009,0.8569,-0.1256,0.8263,0.9605%,1.2735%,43.1128%,0.002082,CINF,23473.0,2019-03-11,252.0,1.1362%,0.0009,0.8584,-0.1318,0.8219,0.9593%,1.2746%,43.3477%,0.003253,CINF,23473.0,2019-03-12,252.0,0.2809%,0.0009,0.8538,-0.1308,0.817,0.9587%,1.2663%,42.6833%,0.000861,CINF,23473.0,2019-03-13,252.0,-0.7586%,0.0009,0.848,-0.107,0.8164,0.9532%,1.2583%,42.6115%,-0.014553,CINF,0.019215,0.01854,0.005499,0.00141,0.000657
11739,CITY OFFICE REIT INC,City Office REIT Sees FY19 Core FFO $1.15-$1.20,6,increase,0.7,0.6,"the forecasted core ffo range of $1.15-$1.20 suggests positive financial performance, which is likely to attract investor interest and potentially drive the stock price up.",2,2019-02-27,CIO,2019-02-27 11:27:00+00:00,14559.0,17858710,-0.0971993654966354,468665.0,0.0036496315151453,0.0083056800067424,0.0427272953093051,-0.0074196332134306,-0.0052310740575194,0.0066389977000653,0.0271691866219043,-0.0024834217038005,-0.042662113904953,0.0033222560305148,-0.0044563449919223,-0.0066006537526845,-0.0017905512358993,0.004975080024451,0.0116592030972242,0.0024938227143138,0.0,0.0075377016328275,0.0106382882222533,0.0008381622028537,-0.0280701499432325,0.0093063125386834,0.0063176620751619,0.0128534380346536,-0.0062779998406767,0.0008576525724492,-0.0072202095761895,-0.0093458462506532,0.0054545835591852,0.0034101379569619,0.0081373592838644,0.0068669463507831,-0.0197308808565139,0.0077853975817561,-0.0109789464622736,0.009607040323317,0.0222016423940658,0.0177777614444494,0.0081448098644614,0.0035682392772287,0.0143626425415277,-0.0017808998236432,0.0008849760051816,0.0008912009652704,0.0123783713206648,-0.0008904074202291,-0.0008733824361115,0.012623930349946,0.0113636469468474,-0.0115864630788564,0.0008643240435048,-0.0035523944534361,0.0051813833415508,-0.003539819503203,0.0085910158231854,0.0143626425415277,0.0051107686012983,0.0164233855903148,-0.0241525806486606,-0.0205540265887975,0.003546095918864,-0.0218531470745801,0.0017668249784037,-0.0063830143772065,-0.0035273334942758,0.0138049907982349,-0.0230088699609041,0.0302222352474927,-0.0172101072967052,0.0273972786962986,0.0101382164284586,0.0369317606091499,-0.0063868332654237,0.0252427402883768,0.0192837491631507,0.0048780674114823,0.0261261221021413,-0.0058196331374347,-0.0026339495088905,0.0268924757838249,0.0123239746317267,-0.0098619703203439,0.012173943221569,0.0140000339597463,-0.0034364226739853,-0.0530303418636322,-0.009482811205089,-0.026728106662631,-0.0060922275297343,-0.0118396328762173,0.0402802117168903,-0.0090253055095672,0.0,0.0202578529715538,-0.0109427701681852,-0.0009199842461384,0.0042553353123366,0.0102230161428451,0.0025423502083867,0.0065482365898787,0.011834348551929,-0.0055814343504607,-0.001670881989412,-0.0164684634655714,0.0008368392591364,-0.0036463045980781,0.0025083387736231,-0.0300619043409824,0.0091743627563118,0.0319343395531177,-0.0016529303975403,-0.0027297299820929,-0.0124171869829297,0.0045704017393291,-0.0041911308653652,0.0110905626788735,0.0008417700883001,0.0112149426713585,0.0025231060571968,0.0018726127455011,0.0036496315151453,0.0083056800067424,0.0465328657079682,0.0008244216940735,0.0410583747838217,0.0074688927278698,0.0237226475972933,0.0083056800328871,0.0401459457811173,0.0176026858882298,0.0506386548154973,0.0848973013301368,0.1102493894330991,0.1600542466766683,2019-02-28,2019-03-01,2019-03-04,2019-03-05,2019-03-06,2019-03-07,2019-03-08,2019-03-11,2019-03-12,2019-03-13,14559.0,2019-02-27,252.0,-9.7199%,0.0005,0.4498,0.4858,0.2084,1.3444%,1.4348%,12.2034%,-0.098449,CIO,14559.0,2019-02-28,252.0,0.3650%,0.0006,0.4401,0.4793,0.2002,1.3408%,1.4277%,11.8057%,0.005368,CIO,14559.0,2019-03-01,252.0,4.2727%,0.0008,0.4445,0.486,0.1895,1.3617%,1.4494%,11.7412%,0.03888,CIO,14559.0,2019-03-04,252.0,-0.5231%,0.0006,0.4672,0.413,0.1831,1.3276%,1.4193%,12.5006%,-0.001804,CIO,14559.0,2019-03-05,252.0,2.7169%,0.0007,0.4599,0.3749,0.1672,1.3381%,1.4243%,11.7380%,0.0295929999999999,CIO,14559.0,2019-03-06,252.0,-4.2662%,0.0005,0.4751,0.4459,0.194,1.3555%,1.4503%,12.6463%,-0.034232,CIO,14559.0,2019-03-07,252.0,-0.4456%,0.0005,0.4727,0.4335,0.1873,1.3540%,1.4475%,12.5021%,0.000302,CIO,14559.0,2019-03-08,252.0,-0.1791%,0.0004,0.4735,0.424,0.189,1.3529%,1.4457%,12.4312%,-0.000739,CIO,14559.0,2019-03-11,252.0,1.1659%,0.0005,0.4754,0.4234,0.1877,1.3530%,1.4473%,12.6089%,0.003971,CIO,14559.0,2019-03-12,252.0,0.0000%,0.0004,0.4659,0.4256,0.1778,1.3512%,1.4425%,12.2654%,5.7e-05,CIO,14559.0,2019-03-13,252.0,1.0638%,0.0004,0.469,0.4119,0.1779,1.3495%,1.4410%,12.2851%,0.0086,CIO,-0.093081,-0.054201,-0.056005,-0.060644,-0.048453
11747,CITY OFFICE REIT INC,"City Office REIT, Inc. Q4 Core FFO $0.26 Down From $0.31 YoY, Sales $34.167M Miss $34.2M Estimate",6,decrease,0.75,0.6,the decline in core ffo and the miss on sales estimates are likely to negatively impact investor sentiment and lead to a decrease in stock price.,0,2019-02-27,CIO,2019-02-27 11:26:00+00:00,14559.0,17858710,-0.0971993654966354,468665.0,0.0036496315151453,0.0083056800067424,0.0427272953093051,-0.0074196332134306,-0.0052310740575194,0.0066389977000653,0.0271691866219043,-0.0024834217038005,-0.042662113904953,0.0033222560305148,-0.0044563449919223,-0.0066006537526845,-0.0017905512358993,0.004975080024451,0.0116592030972242,0.0024938227143138,0.0,0.0075377016328275,0.0106382882222533,0.0008381622028537,-0.0280701499432325,0.0093063125386834,0.0063176620751619,0.0128534380346536,-0.0062779998406767,0.0008576525724492,-0.0072202095761895,-0.0093458462506532,0.0054545835591852,0.0034101379569619,0.0081373592838644,0.0068669463507831,-0.0197308808565139,0.0077853975817561,-0.0109789464622736,0.009607040323317,0.0222016423940658,0.0177777614444494,0.0081448098644614,0.0035682392772287,0.0143626425415277,-0.0017808998236432,0.0008849760051816,0.0008912009652704,0.0123783713206648,-0.0008904074202291,-0.0008733824361115,0.012623930349946,0.0113636469468474,-0.0115864630788564,0.0008643240435048,-0.0035523944534361,0.0051813833415508,-0.003539819503203,0.0085910158231854,0.0143626425415277,0.0051107686012983,0.0164233855903148,-0.0241525806486606,-0.0205540265887975,0.003546095918864,-0.0218531470745801,0.0017668249784037,-0.0063830143772065,-0.0035273334942758,0.0138049907982349,-0.0230088699609041,0.0302222352474927,-0.0172101072967052,0.0273972786962986,0.0101382164284586,0.0369317606091499,-0.0063868332654237,0.0252427402883768,0.0192837491631507,0.0048780674114823,0.0261261221021413,-0.0058196331374347,-0.0026339495088905,0.0268924757838249,0.0123239746317267,-0.0098619703203439,0.012173943221569,0.0140000339597463,-0.0034364226739853,-0.0530303418636322,-0.009482811205089,-0.026728106662631,-0.0060922275297343,-0.0118396328762173,0.0402802117168903,-0.0090253055095672,0.0,0.0202578529715538,-0.0109427701681852,-0.0009199842461384,0.0042553353123366,0.0102230161428451,0.0025423502083867,0.0065482365898787,0.011834348551929,-0.0055814343504607,-0.001670881989412,-0.0164684634655714,0.0008368392591364,-0.0036463045980781,0.0025083387736231,-0.0300619043409824,0.0091743627563118,0.0319343395531177,-0.0016529303975403,-0.0027297299820929,-0.0124171869829297,0.0045704017393291,-0.0041911308653652,0.0110905626788735,0.0008417700883001,0.0112149426713585,0.0025231060571968,0.0018726127455011,0.0036496315151453,0.0083056800067424,0.0465328657079682,0.0008244216940735,0.0410583747838217,0.0074688927278698,0.0237226475972933,0.0083056800328871,0.0401459457811173,0.0176026858882298,0.0506386548154973,0.0848973013301368,0.1102493894330991,0.1600542466766683,2019-02-28,2019-03-01,2019-03-04,2019-03-05,2019-03-06,2019-03-07,2019-03-08,2019-03-11,2019-03-12,2019-03-13,14559.0,2019-02-27,252.0,-9.7199%,0.0005,0.4498,0.4858,0.2084,1.3444%,1.4348%,12.2034%,-0.098449,CIO,14559.0,2019-02-28,252.0,0.3650%,0.0006,0.4401,0.4793,0.2002,1.3408%,1.4277%,11.8057%,0.005368,CIO,14559.0,2019-03-01,252.0,4.2727%,0.0008,0.4445,0.486,0.1895,1.3617%,1.4494%,11.7412%,0.03888,CIO,14559.0,2019-03-04,252.0,-0.5231%,0.0006,0.4672,0.413,0.1831,1.3276%,1.4193%,12.5006%,-0.001804,CIO,14559.0,2019-03-05,252.0,2.7169%,0.0007,0.4599,0.3749,0.1672,1.3381%,1.4243%,11.7380%,0.0295929999999999,CIO,14559.0,2019-03-06,252.0,-4.2662%,0.0005,0.4751,0.4459,0.194,1.3555%,1.4503%,12.6463%,-0.034232,CIO,14559.0,2019-03-07,252.0,-0.4456%,0.0005,0.4727,0.4335,0.1873,1.3540%,1.4475%,12.5021%,0.000302,CIO,14559.0,2019-03-08,252.0,-0.1791%,0.0004,0.4735,0.424,0.189,1.3529%,1.4457%,12.4312%,-0.000739,CIO,14559.0,2019-03-11,252.0,1.1659%,0.0005,0.4754,0.4234,0.1877,1.3530%,1.4473%,12.6089%,0.003971,CIO,14559.0,2019-03-12,252.0,0.0000%,0.0004,0.4659,0.4256,0.1778,1.3512%,1.4425%,12.2654%,5.7e-05,CIO,14559.0,2019-03-13,252.0,1.0638%,0.0004,0.469,0.4119,0.1779,1.3495%,1.4410%,12.2851%,0.0086,CIO,-0.093081,-0.054201,-0.056005,-0.060644,-0.048453
11755,COMPX INTERNATIONAL INC,"Compx International Q4 EPS $0.22 Up From $0.19 YoY, Sales $27.4M Up From $25.1M YoY",6,increase,0.8,0.6,"the increase in both eps and sales year-over-year suggests improved financial performance, which is likely to positively influence investor sentiment and drive the stock price up.",2,2019-02-27,CIX,2019-02-27 22:15:00+00:00,85903.0,20563P10,-0.0111329453065991,0.0,-0.0165562909096479,0.0345528610050678,0.0111716678366065,-0.0205706357955932,-0.0137120811268687,-0.001325411372818,0.0189061257988214,0.0,-0.0152419144287705,0.0127517143264412,-0.0026917874347418,0.0163710620254278,0.0080971792340278,0.0216027498245239,0.0215198174118995,-0.0198087394237518,-0.0013232153141871,0.0006835426320321,-0.0144958198070526,0.0075757335871458,-0.0031772346701473,0.0104384534060955,0.033383622765541,-0.0069108763709664,-0.0214285664260387,-0.022297291085124,-0.0079628322273492,0.0033898435067385,-0.0259197205305099,0.0158401876688003,0.0108154686167836,-0.0065001240000128,-0.0326087288558483,0.0248947776854038,0.0126404706388711,-0.0266211200505495,-0.0055478448048233,-0.006779687013477,0.0278939753770828,0.006825964897871,0.0237449388951063,0.0,-0.030483765527606,0.0166550856083631,0.0157210901379585,-0.0001387631928082,0.0296097267419099,0.0071278321556746,0.0104575064033269,0.0077465218491852,0.0084152817726135,0.0035335824359208,-0.0044964323751628,-0.0035211401991546,-0.0255348142236471,-0.0056022354401648,-0.0055343718267977,0.0585618950426578,0.0113031966611743,0.006716429721564,0.0026298463344573,-0.0044576833024621,-0.0023803084623068,0.0,0.0431387238204479,-0.0029629601631313,0.0226842891424894,0.0022271515335887,-0.0283425189554691,0.0022321939468383,0.0019023292697966,0.0267379246652126,0.013930344954133,-0.0353721119463443,0.0230897292494773,-0.0029390126001089,-0.0048810206353664,-0.0159074664115905,-0.0165541730821132,0.0336322709918022,-0.0018703668611124,0.0237184725701808,-0.0199875477701425,-0.0053272941149771,-0.0076481765136122,0.0022883820347487,-0.0070648463442921,-0.0787069499492645,0.008408804424107,0.0341569259762764,-0.014753078110516,-0.0057803411036729,-0.0052083283662796,0.0236686151474714,-0.0294502489268779,0.0029674270190298,0.0067431139759719,-0.0022206280846148,0.0003349038306623,-0.065698467195034,0.0063608512282371,0.0335954464972019,-0.0192947424948215,-0.0223620291799306,0.0176390931010246,-0.0076282699592411,0.0333333350718021,-0.0006930165109224,-0.0090322801843285,-0.0150170186534524,-0.0143228722736239,0.0013670200714841,0.0122192511335015,-0.0147650679573416,0.01990214176476,0.1119403019547462,0.0057581672444939,-0.0074074356816709,0.0012722330866381,-0.0058910106308758,-0.0165562909096479,0.0345528610050678,-0.0055695844556902,0.0132714508900435,-0.0192052949886595,0.011928449385282,-0.0158940871260523,0.0248322718906417,-0.0052731114483711,0.0516528915698819,0.0120265012946259,0.1395523054124148,0.0472910573632594,0.1282907104442296,2019-02-28,2019-03-01,2019-03-04,2019-03-05,2019-03-06,2019-03-07,2019-03-08,2019-03-11,2019-03-12,2019-03-13,85903.0,2019-02-27,252.0,-1.1133%,0.0007,0.3199,0.5552,0.377,2.6046%,2.6349%,2.2898%,-0.0121459999999999,CIX,85903.0,2019-02-28,252.0,-1.6556%,0.0005,0.3321,0.563,0.3894,2.6042%,2.6361%,2.4026%,-0.014833,CIX,85903.0,2019-03-01,252.0,1.1172%,0.0007,0.3121,0.5334,0.3548,2.5949%,2.6231%,2.1349%,0.008616,CIX,85903.0,2019-03-04,252.0,-1.3712%,0.0007,0.3108,0.5487,0.3527,2.5958%,2.6245%,2.1791%,-0.011429,CIX,85903.0,2019-03-05,252.0,1.8906%,0.0008,0.3082,0.5422,0.343,2.5991%,2.6269%,2.1109%,0.021892,CIX,85903.0,2019-03-06,252.0,-1.5242%,0.0006,0.2967,0.5685,0.3337,2.5939%,2.6227%,2.1787%,-0.006048,CIX,85903.0,2019-03-07,252.0,-0.2692%,0.0007,0.2997,0.5842,0.3421,2.5926%,2.6223%,2.2526%,0.001151,CIX,85903.0,2019-03-08,252.0,0.8097%,0.0008,0.2969,0.6127,0.336,2.5880%,2.6190%,2.3479%,0.0089559999999999,CIX,85903.0,2019-03-11,252.0,2.1520%,0.0009,0.3046,0.6284,0.3411,2.5892%,2.6219%,2.4775%,0.016548,CIX,85903.0,2019-03-12,252.0,-0.1323%,0.0008,0.2922,0.6315,0.3281,2.5876%,2.6192%,2.3951%,-0.000142,CIX,85903.0,2019-03-13,252.0,-1.4496%,0.0007,0.2872,0.6366,0.3239,2.5894%,2.6207%,2.3753%,-0.014815,CIX,-0.026979,-0.0183629999999999,-0.029792,-0.0139479999999999,-0.00225
11763,COMPX INTERNATIONAL INC,Compx Raises Quarterly Dividend From $0.05 To $0.07/Share,6,increase,0.8,0.6,"raising the quarterly dividend typically signals financial strength and can attract more investors, likely leading to an increase in stock price.",2,2019-02-27,CIX,2019-02-27 21:19:00+00:00,85903.0,20563P10,-0.0111329453065991,0.0,-0.0165562909096479,0.0345528610050678,0.0111716678366065,-0.0205706357955932,-0.0137120811268687,-0.001325411372818,0.0189061257988214,0.0,-0.0152419144287705,0.0127517143264412,-0.0026917874347418,0.0163710620254278,0.0080971792340278,0.0216027498245239,0.0215198174118995,-0.0198087394237518,-0.0013232153141871,0.0006835426320321,-0.0144958198070526,0.0075757335871458,-0.0031772346701473,0.0104384534060955,0.033383622765541,-0.0069108763709664,-0.0214285664260387,-0.022297291085124,-0.0079628322273492,0.0033898435067385,-0.0259197205305099,0.0158401876688003,0.0108154686167836,-0.0065001240000128,-0.0326087288558483,0.0248947776854038,0.0126404706388711,-0.0266211200505495,-0.0055478448048233,-0.006779687013477,0.0278939753770828,0.006825964897871,0.0237449388951063,0.0,-0.030483765527606,0.0166550856083631,0.0157210901379585,-0.0001387631928082,0.0296097267419099,0.0071278321556746,0.0104575064033269,0.0077465218491852,0.0084152817726135,0.0035335824359208,-0.0044964323751628,-0.0035211401991546,-0.0255348142236471,-0.0056022354401648,-0.0055343718267977,0.0585618950426578,0.0113031966611743,0.006716429721564,0.0026298463344573,-0.0044576833024621,-0.0023803084623068,0.0,0.0431387238204479,-0.0029629601631313,0.0226842891424894,0.0022271515335887,-0.0283425189554691,0.0022321939468383,0.0019023292697966,0.0267379246652126,0.013930344954133,-0.0353721119463443,0.0230897292494773,-0.0029390126001089,-0.0048810206353664,-0.0159074664115905,-0.0165541730821132,0.0336322709918022,-0.0018703668611124,0.0237184725701808,-0.0199875477701425,-0.0053272941149771,-0.0076481765136122,0.0022883820347487,-0.0070648463442921,-0.0787069499492645,0.008408804424107,0.0341569259762764,-0.014753078110516,-0.0057803411036729,-0.0052083283662796,0.0236686151474714,-0.0294502489268779,0.0029674270190298,0.0067431139759719,-0.0022206280846148,0.0003349038306623,-0.065698467195034,0.0063608512282371,0.0335954464972019,-0.0192947424948215,-0.0223620291799306,0.0176390931010246,-0.0076282699592411,0.0333333350718021,-0.0006930165109224,-0.0090322801843285,-0.0150170186534524,-0.0143228722736239,0.0013670200714841,0.0122192511335015,-0.0147650679573416,0.01990214176476,0.1119403019547462,0.0057581672444939,-0.0074074356816709,0.0012722330866381,-0.0058910106308758,-0.0165562909096479,0.0345528610050678,-0.0055695844556902,0.0132714508900435,-0.0192052949886595,0.011928449385282,-0.0158940871260523,0.0248322718906417,-0.0052731114483711,0.0516528915698819,0.0120265012946259,0.1395523054124148,0.0472910573632594,0.1282907104442296,2019-02-28,2019-03-01,2019-03-04,2019-03-05,2019-03-06,2019-03-07,2019-03-08,2019-03-11,2019-03-12,2019-03-13,85903.0,2019-02-27,252.0,-1.1133%,0.0007,0.3199,0.5552,0.377,2.6046%,2.6349%,2.2898%,-0.0121459999999999,CIX,85903.0,2019-02-28,252.0,-1.6556%,0.0005,0.3321,0.563,0.3894,2.6042%,2.6361%,2.4026%,-0.014833,CIX,85903.0,2019-03-01,252.0,1.1172%,0.0007,0.3121,0.5334,0.3548,2.5949%,2.6231%,2.1349%,0.008616,CIX,85903.0,2019-03-04,252.0,-1.3712%,0.0007,0.3108,0.5487,0.3527,2.5958%,2.6245%,2.1791%,-0.011429,CIX,85903.0,2019-03-05,252.0,1.8906%,0.0008,0.3082,0.5422,0.343,2.5991%,2.6269%,2.1109%,0.021892,CIX,85903.0,2019-03-06,252.0,-1.5242%,0.0006,0.2967,0.5685,0.3337,2.5939%,2.6227%,2.1787%,-0.006048,CIX,85903.0,2019-03-07,252.0,-0.2692%,0.0007,0.2997,0.5842,0.3421,2.5926%,2.6223%,2.2526%,0.001151,CIX,85903.0,2019-03-08,252.0,0.8097%,0.0008,0.2969,0.6127,0.336,2.5880%,2.6190%,2.3479%,0.0089559999999999,CIX,85903.0,2019-03-11,252.0,2.1520%,0.0009,0.3046,0.6284,0.3411,2.5892%,2.6219%,2.4775%,0.016548,CIX,85903.0,2019-03-12,252.0,-0.1323%,0.0008,0.2922,0.6315,0.3281,2.5876%,2.6192%,2.3951%,-0.000142,CIX,85903.0,2019-03-13,252.0,-1.4496%,0.0007,0.2872,0.6366,0.3239,2.5894%,2.6207%,2.3753%,-0.014815,CIX,-0.026979,-0.0183629999999999,-0.029792,-0.0139479999999999,-0.00225
11771,COMPASS DIVERSIFIED HOLDINGS,"Compass Diversified Q4 EPS $(0.25) May Not Compare To $0.44 Estimate, Sales $452.523M Beat $445M Estimate",6,decrease,0.7,0.6,"the significant miss on eps expectations is likely to negatively impact investor sentiment, despite the sales beat.",0,2019-02-27,CODI,2019-02-27 22:02:00+00:00,91271.0,20451Q10,0.002510983031243,130675.0,-0.0144020346924662,-0.0111732026562094,0.018424455076456,-0.0116563579067587,0.0024952592793852,0.003694548504427,-0.0056005073711276,0.0080694695934653,-0.0087609132751822,0.0274234879761934,-0.0088384058326482,-0.0094756549224257,0.0044586402364075,0.0012649907730519,0.011414036154747,0.0012666534166783,-0.001253887428902,0.0141297541558742,-0.0094162318855524,0.0116958636790514,0.0095057394355535,-0.0032382926438003,0.0232265498489141,0.001946770469658,0.0,-0.0019429879030212,-0.0030674380250275,0.0098103089258074,-0.0166154131293296,0.0125827537849545,0.0150187592953443,-0.0013227185700088,-0.0234278161078691,-0.0006609536358155,-0.0031565777026116,0.0216070003807544,-0.007599739357829,0.011612026952207,0.0051052919588983,-0.0006825444288551,-0.0069841053336858,0.0020519653335213,0.003196882084012,0.0295774713158607,0.0095602665096521,0.0106761297211051,0.0107323275879025,0.0057265511713922,-0.0062461197376251,-0.0244413018226623,-0.0037711795885115,-0.0027855127118527,0.0252365674823522,0.0063068810850381,0.0061538694426417,-0.0240159649401903,-0.0110091930255293,0.0040187183767557,0.0074212020263075,0.0020134688820689,0.0018415455706417,0.0053981058299541,0.0061274743638932,-0.0013477397151291,0.0109622599557042,0.0,0.0066264276392757,0.0284130163490772,-0.0083782160654664,0.0464104674756526,-0.0074027720838785,0.049467246979475,0.0006215182365849,0.0233645010739564,0.0149068180471658,0.0313253290951252,0.0085678938776254,-0.0181388407945632,-0.004247554577887,0.0087510431185364,0.0127971358597278,-0.0071090166456997,-0.0018050953513011,0.0839040651917457,-0.0030138178262859,-0.0573042780160903,-0.0108827268704772,-0.024409407749772,0.0036674488801509,-0.0571641027927398,0.0146163078024983,-0.0014825429534539,0.0228091888129711,0.0150488950312137,-0.0129108689725399,-0.022075068205595,-0.015457802452147,-0.0152173936367034,0.0181160122156143,-0.0156918875873088,0.004151820205152,-0.0091872196644544,-0.0271707605570554,-0.0221147648990154,0.006678847130388,-0.0013802280882373,0.0144752580672502,-0.0142857171595096,0.0035671503283083,-0.0186915714293718,-0.0118482736870646,-0.0241042878478765,0.0083932485431432,0.0039241607300937,-0.0047562383115291,-0.0058517656289041,-0.0179211013019084,0.0052287532016634,-0.0018248591804876,0.0125744892284274,-0.0144020346924662,-0.0111732026562094,0.0037570707427889,-0.0226993217138427,0.0062617048878084,-0.019088636954505,-0.0081402699429298,0.0159438772542526,-0.0118973409276667,0.0350877158780349,0.0200376088768314,0.0960992479278646,0.0503720297724579,0.0808655668172886,2019-02-28,2019-03-01,2019-03-04,2019-03-05,2019-03-06,2019-03-07,2019-03-08,2019-03-11,2019-03-12,2019-03-13,91271.0,2019-02-27,252.0,0.2511%,0.0003,0.7553,0.2002,0.3288,1.3658%,1.5538%,22.7355%,0.001741,CODI,91271.0,2019-02-28,252.0,-1.4402%,0.0002,0.7627,0.2049,0.3369,1.3665%,1.5566%,22.9344%,-0.0113789999999999,CODI,91271.0,2019-03-01,252.0,1.8424%,0.0002,0.7791,0.2293,0.3561,1.3618%,1.5590%,23.7019%,0.0135959999999999,CODI,91271.0,2019-03-04,252.0,0.2495%,0.0002,0.7774,0.2298,0.3577,1.3622%,1.5580%,23.5536%,0.005985,CODI,91271.0,2019-03-05,252.0,-0.5601%,0.0003,0.7794,0.2436,0.3603,1.3617%,1.5584%,23.6580%,-0.002798,CODI,91271.0,2019-03-06,252.0,-0.8761%,0.0003,0.7854,0.2375,0.3663,1.3597%,1.5593%,23.9660%,0.000621,CODI,91271.0,2019-03-07,252.0,-0.8838%,0.0004,0.7888,0.2516,0.3748,1.3578%,1.5599%,24.2292%,-0.001113,CODI,91271.0,2019-03-08,252.0,0.4459%,0.0004,0.7877,0.2564,0.3727,1.3581%,1.5600%,24.2018%,0.0066149999999999,CODI,91271.0,2019-03-11,252.0,1.1414%,0.0004,0.7874,0.2671,0.379,1.3562%,1.5597%,24.3940%,0.000603,CODI,91271.0,2019-03-12,252.0,-0.1254%,0.0003,0.7864,0.2685,0.3784,1.3563%,1.5569%,24.1136%,-0.002261,CODI,91271.0,2019-03-13,252.0,-0.9416%,0.0003,0.7818,0.2708,0.374,1.3590%,1.5577%,23.8868%,-0.0142969999999999,CODI,-0.0096379999999999,0.003958,0.009943,0.007766,-0.002687
11779,CAMPBELL SOUP CO,Campbell Soup Reaffirms FY19 Guidance; Sees Adj. EPS Assuming Divestitures $2.45-$2.53. Sales $9.98B-$10.1B,6,increase,0.7,0.6,"the reaffirmation of guidance and positive adjusted eps outlook suggests stability and potential growth, which could positively influence investor sentiment.",2,2019-02-27,CPB,2019-02-27 12:34:00+00:00,25320.0,13442910,0.1002734526991844,11371386.0,-0.0052471314556896,0.0201488398015499,0.009161521680653,-0.0173622742295265,-0.0096285687759518,-0.0736455097794532,0.0027777354698628,0.007390514947474,0.0011080586118623,0.0048558125272393,-0.006087471731007,0.0063235815614461,0.0027840281836688,0.0098693799227476,-0.0033314528409391,-0.0060588312335312,-0.0236769430339336,0.0028934741858392,0.0062767826020717,0.0117096463218331,0.010490471497178,-0.0037912237457931,0.0103815635666251,0.002631583251059,0.0152736203745007,0.0002925456792581,-0.0071116555482149,-0.0220251847058534,0.0005509768379852,-0.0014281416079029,0.0424009077250957,0.0,0.0100370068103075,-0.0118544166907668,0.0010459492914378,0.0154772410169243,0.0062696365639567,0.0115974973887205,-0.0147974994033575,-0.0034671751782298,0.0092226210981607,0.0108060427010059,-0.0044385944493114,-0.0138248708099126,-0.0073433672077953,-0.0186546016484499,-0.0060766064561903,-0.0002825182746164,-0.0098351659253239,-0.0028177595231682,0.0053691482171416,-0.0081050060689449,0.0216287728399038,0.0141723360866308,0.0070569906383752,-0.0070363073609769,0.0249157268553972,0.0139839565381407,-0.000253244274063,0.0,0.01354456320405,0.0162413399666547,0.0037821866571903,0.0087770400568842,0.0007535488111898,0.0175647567957639,-0.0102911610156297,0.0074206450954079,-0.007608400657773,0.0258830226957798,0.0066444752737879,0.0055113383568823,-0.0017770930426195,0.0123993037268519,-0.0106815407052636,-0.0221280176192522,0.0025706547312438,-0.0134568475186824,-0.0210256334394216,-0.0017910858150571,0.0120481690391898,-0.0218978095799684,-0.0077639557421207,0.0248354841023683,0.0091288071125745,-0.0651748776435852,-0.009563167579472,-0.0509688928723335,-0.010699369944632,-0.0253558419644832,0.0094961915165185,0.0041569196619093,-0.0015678436029702,-0.0087561197578907,0.000523435184732,-0.0084269158542156,0.0094167049974203,-0.0060914130881428,0.0095879482105374,0.0138960601761937,-0.0056467507965862,0.0010304203024134,-0.0005162740708328,0.0291622076183557,-0.0012914011022076,-0.0013237817911431,0.0080165863037109,-0.0117739597335457,-0.0012826895108446,-0.0095879482105374,0.0051374458707869,-0.0043859179131686,-0.0097112460061907,-0.0112245520576834,-0.0085161766037344,-0.0108503736555576,-0.0145756788551807,0.0032911663874983,0.0066032749600708,-0.0002530580095481,-0.0052471314556896,0.0201488398015499,0.0038663185163709,0.0024367358899821,-0.0057994773733255,-0.0713882285462867,-0.0019331588229207,-0.0599828196472762,-0.0259596420633971,-0.0365925048825001,0.0903066046674352,-0.0607876982240878,0.0618856169096437,-0.1583670971081442,2019-02-28,2019-03-01,2019-03-04,2019-03-05,2019-03-06,2019-03-07,2019-03-08,2019-03-11,2019-03-12,2019-03-13,25320.0,2019-02-27,252.0,10.0273%,-0.0004,0.2318,-0.2978,0.2897,1.9913%,2.0144%,2.2816%,0.1009309999999999,CPB,25320.0,2019-02-28,252.0,-0.5247%,-0.0004,0.2287,-0.3001,0.2883,1.9909%,2.0138%,2.2606%,-0.003845,CPB,25320.0,2019-03-01,252.0,0.9162%,-0.0003,0.2199,-0.3132,0.2701,1.9886%,2.0108%,2.1914%,0.0094489999999999,CPB,25320.0,2019-03-04,252.0,-0.9629%,-0.0003,0.2156,-0.2893,0.2691,1.9883%,2.0086%,2.0101%,-0.010881,CPB,25320.0,2019-03-05,252.0,0.2778%,-0.0002,0.2157,-0.2864,0.268,1.9883%,2.0083%,1.9844%,0.002803,CPB,25320.0,2019-03-06,252.0,0.1108%,-0.0004,0.1989,-0.2704,0.2512,1.9780%,1.9954%,1.7403%,-0.000886,CPB,25320.0,2019-03-07,252.0,-0.6087%,-0.0004,0.1981,-0.2813,0.2471,1.9771%,1.9949%,1.7756%,-0.003907,CPB,25320.0,2019-03-08,252.0,0.2784%,-0.0003,0.1965,-0.2645,0.2436,1.9749%,1.9917%,1.6738%,0.00369,CPB,25320.0,2019-03-11,252.0,-0.3331%,-0.0004,0.1945,-0.2656,0.244,1.9751%,1.9917%,1.6654%,-0.00413,CPB,25320.0,2019-03-12,252.0,-2.3677%,-0.0005,0.1868,-0.253,0.2404,1.9806%,1.9958%,1.5210%,-0.024802,CPB,25320.0,2019-03-13,252.0,0.6277%,-0.0005,0.1883,-0.256,0.2413,1.9808%,1.9963%,1.5493%,0.003915,CPB,0.0970859999999999,0.1065349999999999,0.0956539999999999,0.0975709999999999,0.072337
11787,CAMPBELL SOUP CO,"Campbell Soup Q2 Adj. EPS $0.77 Beats $0.70 Estimate, Sales $2.71B Beat $2.68B Estimate",6,increase,0.85,0.7,"the company reported better-than-expected earnings and sales, which typically boosts investor confidence and can lead to an increase in stock price.",2,2019-02-27,CPB,2019-02-27 12:33:00+00:00,25320.0,13442910,0.1002734526991844,11371386.0,-0.0052471314556896,0.0201488398015499,0.009161521680653,-0.0173622742295265,-0.0096285687759518,-0.0736455097794532,0.0027777354698628,0.007390514947474,0.0011080586118623,0.0048558125272393,-0.006087471731007,0.0063235815614461,0.0027840281836688,0.0098693799227476,-0.0033314528409391,-0.0060588312335312,-0.0236769430339336,0.0028934741858392,0.0062767826020717,0.0117096463218331,0.010490471497178,-0.0037912237457931,0.0103815635666251,0.002631583251059,0.0152736203745007,0.0002925456792581,-0.0071116555482149,-0.0220251847058534,0.0005509768379852,-0.0014281416079029,0.0424009077250957,0.0,0.0100370068103075,-0.0118544166907668,0.0010459492914378,0.0154772410169243,0.0062696365639567,0.0115974973887205,-0.0147974994033575,-0.0034671751782298,0.0092226210981607,0.0108060427010059,-0.0044385944493114,-0.0138248708099126,-0.0073433672077953,-0.0186546016484499,-0.0060766064561903,-0.0002825182746164,-0.0098351659253239,-0.0028177595231682,0.0053691482171416,-0.0081050060689449,0.0216287728399038,0.0141723360866308,0.0070569906383752,-0.0070363073609769,0.0249157268553972,0.0139839565381407,-0.000253244274063,0.0,0.01354456320405,0.0162413399666547,0.0037821866571903,0.0087770400568842,0.0007535488111898,0.0175647567957639,-0.0102911610156297,0.0074206450954079,-0.007608400657773,0.0258830226957798,0.0066444752737879,0.0055113383568823,-0.0017770930426195,0.0123993037268519,-0.0106815407052636,-0.0221280176192522,0.0025706547312438,-0.0134568475186824,-0.0210256334394216,-0.0017910858150571,0.0120481690391898,-0.0218978095799684,-0.0077639557421207,0.0248354841023683,0.0091288071125745,-0.0651748776435852,-0.009563167579472,-0.0509688928723335,-0.010699369944632,-0.0253558419644832,0.0094961915165185,0.0041569196619093,-0.0015678436029702,-0.0087561197578907,0.000523435184732,-0.0084269158542156,0.0094167049974203,-0.0060914130881428,0.0095879482105374,0.0138960601761937,-0.0056467507965862,0.0010304203024134,-0.0005162740708328,0.0291622076183557,-0.0012914011022076,-0.0013237817911431,0.0080165863037109,-0.0117739597335457,-0.0012826895108446,-0.0095879482105374,0.0051374458707869,-0.0043859179131686,-0.0097112460061907,-0.0112245520576834,-0.0085161766037344,-0.0108503736555576,-0.0145756788551807,0.0032911663874983,0.0066032749600708,-0.0002530580095481,-0.0052471314556896,0.0201488398015499,0.0038663185163709,0.0024367358899821,-0.0057994773733255,-0.0713882285462867,-0.0019331588229207,-0.0599828196472762,-0.0259596420633971,-0.0365925048825001,0.0903066046674352,-0.0607876982240878,0.0618856169096437,-0.1583670971081442,2019-02-28,2019-03-01,2019-03-04,2019-03-05,2019-03-06,2019-03-07,2019-03-08,2019-03-11,2019-03-12,2019-03-13,25320.0,2019-02-27,252.0,10.0273%,-0.0004,0.2318,-0.2978,0.2897,1.9913%,2.0144%,2.2816%,0.1009309999999999,CPB,25320.0,2019-02-28,252.0,-0.5247%,-0.0004,0.2287,-0.3001,0.2883,1.9909%,2.0138%,2.2606%,-0.003845,CPB,25320.0,2019-03-01,252.0,0.9162%,-0.0003,0.2199,-0.3132,0.2701,1.9886%,2.0108%,2.1914%,0.0094489999999999,CPB,25320.0,2019-03-04,252.0,-0.9629%,-0.0003,0.2156,-0.2893,0.2691,1.9883%,2.0086%,2.0101%,-0.010881,CPB,25320.0,2019-03-05,252.0,0.2778%,-0.0002,0.2157,-0.2864,0.268,1.9883%,2.0083%,1.9844%,0.002803,CPB,25320.0,2019-03-06,252.0,0.1108%,-0.0004,0.1989,-0.2704,0.2512,1.9780%,1.9954%,1.7403%,-0.000886,CPB,25320.0,2019-03-07,252.0,-0.6087%,-0.0004,0.1981,-0.2813,0.2471,1.9771%,1.9949%,1.7756%,-0.003907,CPB,25320.0,2019-03-08,252.0,0.2784%,-0.0003,0.1965,-0.2645,0.2436,1.9749%,1.9917%,1.6738%,0.00369,CPB,25320.0,2019-03-11,252.0,-0.3331%,-0.0004,0.1945,-0.2656,0.244,1.9751%,1.9917%,1.6654%,-0.00413,CPB,25320.0,2019-03-12,252.0,-2.3677%,-0.0005,0.1868,-0.253,0.2404,1.9806%,1.9958%,1.5210%,-0.024802,CPB,25320.0,2019-03-13,252.0,0.6277%,-0.0005,0.1883,-0.256,0.2413,1.9808%,1.9963%,1.5493%,0.003915,CPB,0.0970859999999999,0.1065349999999999,0.0956539999999999,0.0975709999999999,0.072337
11795,COSTAR GROUP INC,CoStar Group shares are trading higher after the company reported better than expected Q4 EPS and revenue results. The company also announced strong FY19 guidance.,6,increase,0.85,0.7,"the better than expected q4 eps and revenue results, along with strong fy19 guidance, are likely to boost investor confidence and drive the stock price higher.",2,2019-02-27,CSGP,2019-02-27 14:46:00+00:00,86288.0,22160N10,0.1175804659724236,559945.0,0.0070433653891086,-0.0115012666210532,0.0422923229634761,-0.0013598114019259,-0.0227730572223663,0.0183985419571399,-0.0045491508208215,-0.0127441436052322,-0.0114248497411608,-0.0004392422270029,-0.0036197199951857,-0.0030411405023187,0.0066529707983136,0.0079699838533997,0.0119570409879088,0.0020395296160131,8.588559285271913e-05,0.0041454420424997,0.0067236744798719,0.0202658176422119,-0.0063586481846868,-0.0156125789508223,0.0074301357381045,0.0134873669594526,-0.0021316052880138,0.0052769691683351,-0.0024779520463198,-0.011555079370737,-0.0043899775482714,0.0055460534058511,0.0188634358346462,0.0125013049691915,-0.0181764774024486,0.0072170943021774,0.0020642082672566,0.0175255332142114,-0.0045060641132295,0.0107122370973229,-0.009139091707766,-0.0065109701827168,0.004872721619904,-0.0041145207360386,0.0096982531249523,0.0236991215497255,0.028000509366393,0.0097714746370911,-0.0015433818334713,-0.0144323948770761,0.0105276526883244,-0.0083399461582303,-0.0126090496778488,0.0227364785969257,0.0131887840107083,0.0118982661515474,-0.0082235028967261,0.0136616136878728,-0.0096666971221566,0.0107679450884461,0.0069632031954824,-0.0022267035674303,0.0060792886652052,-0.0009732665494084,0.0120437275618314,0.0177156720310449,0.0033033471554517,0.0244397204369306,-0.0101638101041317,0.0089803058654069,-0.0070657883770763,0.0095980633050203,0.0023304100614041,0.0346186347305774,0.011168323457241,-0.0222275406122207,0.0163826327770948,-0.007766630500555,-0.0418316088616848,0.0004448349354788,0.0247275568544864,-0.0028095231391489,0.0041760927997529,0.0033828327432274,0.0023968673776835,0.0515804886817932,0.0142039898782968,0.0002496537636034,-0.0005037783412262,-0.023350017145276,0.0111894914880394,-0.0253142565488815,-0.0053633786737918,-0.0007125389529392,0.0147536704316735,-0.0237391367554664,-0.021551901474595,-0.034911073744297,0.0029476317577064,-0.0206831973046064,-0.0040662460960447,-0.0168336573988199,0.0069327796809375,0.0251538921147584,-0.019350403919816,-0.0024788440205156,0.0313996709883213,-0.0103039350360631,0.0143089452758431,-0.0228798110038042,0.0154571486636996,0.0262970719486475,-0.0026590202469378,-0.0395147651433944,-0.0006954760756343,0.0310782101005315,0.0147317452356219,-0.0028074886649847,0.0058681522496044,-0.0123183447867631,-0.0257600843906402,0.0425874292850494,0.0070433653891086,-0.0115012666210532,0.0496335686363706,-0.0128454384694912,0.0257302033152979,0.0053167661490098,0.0093984991209123,-0.0079310851347161,0.0315189576614471,0.0234378880870422,0.0535734557209301,0.1315445521920171,0.132106594604263,0.1300975365472552,2019-02-28,2019-03-01,2019-03-04,2019-03-05,2019-03-06,2019-03-07,2019-03-08,2019-03-11,2019-03-12,2019-03-13,86288.0,2019-02-27,252.0,11.7580%,0.0007,0.8537,0.3619,-0.6364,1.3823%,1.8066%,41.4590%,0.115303,CSGP,86288.0,2019-02-28,252.0,0.7043%,0.0008,0.8437,0.3553,-0.6453,1.3794%,1.7985%,41.1728%,0.007927,CSGP,86288.0,2019-03-01,252.0,4.2292%,0.0009,0.8521,0.3677,-0.6471,1.3937%,1.8164%,41.1261%,0.0325159999999999,CSGP,86288.0,2019-03-04,252.0,-2.2773%,0.0008,0.8597,0.356,-0.6523,1.3948%,1.8225%,41.4273%,-0.014438,CSGP,86288.0,2019-03-05,252.0,-0.4549%,0.0007,0.8612,0.3644,-0.6496,1.3949%,1.8218%,41.3758%,-0.00364,CSGP,86288.0,2019-03-06,252.0,-1.1425%,0.0007,0.8515,0.3732,-0.6594,1.3901%,1.8172%,41.4869%,0.000571,CSGP,86288.0,2019-03-07,252.0,-0.3620%,0.0007,0.8525,0.3796,-0.6562,1.3896%,1.8175%,41.5383%,0.001358,CSGP,86288.0,2019-03-08,252.0,0.6653%,0.0008,0.8509,0.3908,-0.6593,1.3888%,1.8176%,41.6196%,0.007133,CSGP,86288.0,2019-03-11,252.0,1.1957%,0.0007,0.8477,0.3851,-0.6609,1.3892%,1.8189%,41.6635%,-0.005647,CSGP,86288.0,2019-03-12,252.0,0.0086%,0.0007,0.8469,0.3863,-0.6613,1.3893%,1.8173%,41.5580%,-0.001574,CSGP,86288.0,2019-03-13,252.0,0.6724%,0.0008,0.8473,0.3911,-0.6597,1.3886%,1.8172%,41.6149%,0.00264,CSGP,0.12323,0.155746,0.141308,0.1382389999999999,0.1421489999999999
11803,COSTAR GROUP INC,"B. Riley FBR Maintains Buy on CoStar Group, Raises Price Target to $512",6,increase,0.8,0.6,the maintenance of a 'buy' rating along with a raised price target typically signals positive sentiment and potential for stock price appreciation.,2,2019-02-27,CSGP,2019-02-27 13:55:00+00:00,86288.0,22160N10,0.1175804659724236,559945.0,0.0070433653891086,-0.0115012666210532,0.0422923229634761,-0.0013598114019259,-0.0227730572223663,0.0183985419571399,-0.0045491508208215,-0.0127441436052322,-0.0114248497411608,-0.0004392422270029,-0.0036197199951857,-0.0030411405023187,0.0066529707983136,0.0079699838533997,0.0119570409879088,0.0020395296160131,8.588559285271913e-05,0.0041454420424997,0.0067236744798719,0.0202658176422119,-0.0063586481846868,-0.0156125789508223,0.0074301357381045,0.0134873669594526,-0.0021316052880138,0.0052769691683351,-0.0024779520463198,-0.011555079370737,-0.0043899775482714,0.0055460534058511,0.0188634358346462,0.0125013049691915,-0.0181764774024486,0.0072170943021774,0.0020642082672566,0.0175255332142114,-0.0045060641132295,0.0107122370973229,-0.009139091707766,-0.0065109701827168,0.004872721619904,-0.0041145207360386,0.0096982531249523,0.0236991215497255,0.028000509366393,0.0097714746370911,-0.0015433818334713,-0.0144323948770761,0.0105276526883244,-0.0083399461582303,-0.0126090496778488,0.0227364785969257,0.0131887840107083,0.0118982661515474,-0.0082235028967261,0.0136616136878728,-0.0096666971221566,0.0107679450884461,0.0069632031954824,-0.0022267035674303,0.0060792886652052,-0.0009732665494084,0.0120437275618314,0.0177156720310449,0.0033033471554517,0.0244397204369306,-0.0101638101041317,0.0089803058654069,-0.0070657883770763,0.0095980633050203,0.0023304100614041,0.0346186347305774,0.011168323457241,-0.0222275406122207,0.0163826327770948,-0.007766630500555,-0.0418316088616848,0.0004448349354788,0.0247275568544864,-0.0028095231391489,0.0041760927997529,0.0033828327432274,0.0023968673776835,0.0515804886817932,0.0142039898782968,0.0002496537636034,-0.0005037783412262,-0.023350017145276,0.0111894914880394,-0.0253142565488815,-0.0053633786737918,-0.0007125389529392,0.0147536704316735,-0.0237391367554664,-0.021551901474595,-0.034911073744297,0.0029476317577064,-0.0206831973046064,-0.0040662460960447,-0.0168336573988199,0.0069327796809375,0.0251538921147584,-0.019350403919816,-0.0024788440205156,0.0313996709883213,-0.0103039350360631,0.0143089452758431,-0.0228798110038042,0.0154571486636996,0.0262970719486475,-0.0026590202469378,-0.0395147651433944,-0.0006954760756343,0.0310782101005315,0.0147317452356219,-0.0028074886649847,0.0058681522496044,-0.0123183447867631,-0.0257600843906402,0.0425874292850494,0.0070433653891086,-0.0115012666210532,0.0496335686363706,-0.0128454384694912,0.0257302033152979,0.0053167661490098,0.0093984991209123,-0.0079310851347161,0.0315189576614471,0.0234378880870422,0.0535734557209301,0.1315445521920171,0.132106594604263,0.1300975365472552,2019-02-28,2019-03-01,2019-03-04,2019-03-05,2019-03-06,2019-03-07,2019-03-08,2019-03-11,2019-03-12,2019-03-13,86288.0,2019-02-27,252.0,11.7580%,0.0007,0.8537,0.3619,-0.6364,1.3823%,1.8066%,41.4590%,0.115303,CSGP,86288.0,2019-02-28,252.0,0.7043%,0.0008,0.8437,0.3553,-0.6453,1.3794%,1.7985%,41.1728%,0.007927,CSGP,86288.0,2019-03-01,252.0,4.2292%,0.0009,0.8521,0.3677,-0.6471,1.3937%,1.8164%,41.1261%,0.0325159999999999,CSGP,86288.0,2019-03-04,252.0,-2.2773%,0.0008,0.8597,0.356,-0.6523,1.3948%,1.8225%,41.4273%,-0.014438,CSGP,86288.0,2019-03-05,252.0,-0.4549%,0.0007,0.8612,0.3644,-0.6496,1.3949%,1.8218%,41.3758%,-0.00364,CSGP,86288.0,2019-03-06,252.0,-1.1425%,0.0007,0.8515,0.3732,-0.6594,1.3901%,1.8172%,41.4869%,0.000571,CSGP,86288.0,2019-03-07,252.0,-0.3620%,0.0007,0.8525,0.3796,-0.6562,1.3896%,1.8175%,41.5383%,0.001358,CSGP,86288.0,2019-03-08,252.0,0.6653%,0.0008,0.8509,0.3908,-0.6593,1.3888%,1.8176%,41.6196%,0.007133,CSGP,86288.0,2019-03-11,252.0,1.1957%,0.0007,0.8477,0.3851,-0.6609,1.3892%,1.8189%,41.6635%,-0.005647,CSGP,86288.0,2019-03-12,252.0,0.0086%,0.0007,0.8469,0.3863,-0.6613,1.3893%,1.8173%,41.5580%,-0.001574,CSGP,86288.0,2019-03-13,252.0,0.6724%,0.0008,0.8473,0.3911,-0.6597,1.3886%,1.8172%,41.6149%,0.00264,CSGP,0.12323,0.155746,0.141308,0.1382389999999999,0.1421489999999999
11811,COSTAR GROUP INC,"Wells Fargo Maintains Outperform on CoStar Group, Raises Price Target to $500",6,increase,0.8,0.6,wells fargo's maintenance of an 'outperform' rating and an increased price target typically signals positive sentiment and potential for stock price appreciation.,2,2019-02-27,CSGP,2019-02-27 12:52:00+00:00,86288.0,22160N10,0.1175804659724236,559945.0,0.0070433653891086,-0.0115012666210532,0.0422923229634761,-0.0013598114019259,-0.0227730572223663,0.0183985419571399,-0.0045491508208215,-0.0127441436052322,-0.0114248497411608,-0.0004392422270029,-0.0036197199951857,-0.0030411405023187,0.0066529707983136,0.0079699838533997,0.0119570409879088,0.0020395296160131,8.588559285271913e-05,0.0041454420424997,0.0067236744798719,0.0202658176422119,-0.0063586481846868,-0.0156125789508223,0.0074301357381045,0.0134873669594526,-0.0021316052880138,0.0052769691683351,-0.0024779520463198,-0.011555079370737,-0.0043899775482714,0.0055460534058511,0.0188634358346462,0.0125013049691915,-0.0181764774024486,0.0072170943021774,0.0020642082672566,0.0175255332142114,-0.0045060641132295,0.0107122370973229,-0.009139091707766,-0.0065109701827168,0.004872721619904,-0.0041145207360386,0.0096982531249523,0.0236991215497255,0.028000509366393,0.0097714746370911,-0.0015433818334713,-0.0144323948770761,0.0105276526883244,-0.0083399461582303,-0.0126090496778488,0.0227364785969257,0.0131887840107083,0.0118982661515474,-0.0082235028967261,0.0136616136878728,-0.0096666971221566,0.0107679450884461,0.0069632031954824,-0.0022267035674303,0.0060792886652052,-0.0009732665494084,0.0120437275618314,0.0177156720310449,0.0033033471554517,0.0244397204369306,-0.0101638101041317,0.0089803058654069,-0.0070657883770763,0.0095980633050203,0.0023304100614041,0.0346186347305774,0.011168323457241,-0.0222275406122207,0.0163826327770948,-0.007766630500555,-0.0418316088616848,0.0004448349354788,0.0247275568544864,-0.0028095231391489,0.0041760927997529,0.0033828327432274,0.0023968673776835,0.0515804886817932,0.0142039898782968,0.0002496537636034,-0.0005037783412262,-0.023350017145276,0.0111894914880394,-0.0253142565488815,-0.0053633786737918,-0.0007125389529392,0.0147536704316735,-0.0237391367554664,-0.021551901474595,-0.034911073744297,0.0029476317577064,-0.0206831973046064,-0.0040662460960447,-0.0168336573988199,0.0069327796809375,0.0251538921147584,-0.019350403919816,-0.0024788440205156,0.0313996709883213,-0.0103039350360631,0.0143089452758431,-0.0228798110038042,0.0154571486636996,0.0262970719486475,-0.0026590202469378,-0.0395147651433944,-0.0006954760756343,0.0310782101005315,0.0147317452356219,-0.0028074886649847,0.0058681522496044,-0.0123183447867631,-0.0257600843906402,0.0425874292850494,0.0070433653891086,-0.0115012666210532,0.0496335686363706,-0.0128454384694912,0.0257302033152979,0.0053167661490098,0.0093984991209123,-0.0079310851347161,0.0315189576614471,0.0234378880870422,0.0535734557209301,0.1315445521920171,0.132106594604263,0.1300975365472552,2019-02-28,2019-03-01,2019-03-04,2019-03-05,2019-03-06,2019-03-07,2019-03-08,2019-03-11,2019-03-12,2019-03-13,86288.0,2019-02-27,252.0,11.7580%,0.0007,0.8537,0.3619,-0.6364,1.3823%,1.8066%,41.4590%,0.115303,CSGP,86288.0,2019-02-28,252.0,0.7043%,0.0008,0.8437,0.3553,-0.6453,1.3794%,1.7985%,41.1728%,0.007927,CSGP,86288.0,2019-03-01,252.0,4.2292%,0.0009,0.8521,0.3677,-0.6471,1.3937%,1.8164%,41.1261%,0.0325159999999999,CSGP,86288.0,2019-03-04,252.0,-2.2773%,0.0008,0.8597,0.356,-0.6523,1.3948%,1.8225%,41.4273%,-0.014438,CSGP,86288.0,2019-03-05,252.0,-0.4549%,0.0007,0.8612,0.3644,-0.6496,1.3949%,1.8218%,41.3758%,-0.00364,CSGP,86288.0,2019-03-06,252.0,-1.1425%,0.0007,0.8515,0.3732,-0.6594,1.3901%,1.8172%,41.4869%,0.000571,CSGP,86288.0,2019-03-07,252.0,-0.3620%,0.0007,0.8525,0.3796,-0.6562,1.3896%,1.8175%,41.5383%,0.001358,CSGP,86288.0,2019-03-08,252.0,0.6653%,0.0008,0.8509,0.3908,-0.6593,1.3888%,1.8176%,41.6196%,0.007133,CSGP,86288.0,2019-03-11,252.0,1.1957%,0.0007,0.8477,0.3851,-0.6609,1.3892%,1.8189%,41.6635%,-0.005647,CSGP,86288.0,2019-03-12,252.0,0.0086%,0.0007,0.8469,0.3863,-0.6613,1.3893%,1.8173%,41.5580%,-0.001574,CSGP,86288.0,2019-03-13,252.0,0.6724%,0.0008,0.8473,0.3911,-0.6597,1.3886%,1.8172%,41.6149%,0.00264,CSGP,0.12323,0.155746,0.141308,0.1382389999999999,0.1421489999999999
11819,DARLING INGREDIENTS INC,"Darling Ingredients Q4 GAAP EPS $0.24 May Not Compare To $0.22 Estimate, Sales $853.13M Miss $913.79M Estimate",6,decrease,0.8,0.7,"the company's earnings per share (eps) slightly beat estimates, but the significant miss in sales indicates potential underlying issues, likely leading to a decrease in stock price.",0,2019-02-27,DAR,2019-02-27 21:37:00+00:00,80928.0,23726610,0.0046189553104341,1238575.0,0.0105746919289231,-0.0023042000830173,0.0040946383960545,-0.0207580812275409,-0.0154055347666144,0.008189276792109,0.0018408152973279,0.00687126070261,-0.0266421642154455,0.0092464527115225,0.0047192252241075,0.006046472582966,-0.0145608903840184,-0.0018570526735857,0.0119161112233996,0.0208531059324741,0.0023552116472274,-0.0051861722022295,0.0046991761773824,0.0066444892436265,-0.0084190089255571,-0.010333546437323,0.0051886178553104,-0.0120648881420493,-0.0009384584845975,0.0009288690052926,-0.0098638320341706,0.0126999272033572,-0.0203984957188367,-0.0037488248199224,0.0227603502571582,0.0014078220119699,-0.014678094536066,0.0018805363215506,0.0086497021839022,0.0033018721733242,0.0042877634987235,0.0076045552268624,0.0099620968103408,0.0028599321376532,0.0117426021024584,-0.0009524027700535,0.00510671781376,0.0057471669279038,-0.0087760062888264,-0.0038167904131114,-0.0167753361165523,-0.0131827071309089,0.0094786183908581,-0.0116333179175853,0.0225352793931961,0.0311900004744529,0.0087235365062952,0.0165853723883628,-0.0050067687407135,-0.0067829163745045,-0.0150960618630051,0.0177514143288135,0.0139340097084641,-0.0087975757196545,-0.001832295442,-0.0058309445157647,0.0119320014491677,0.0203272104263305,0.0045351646840572,0.0054835798218846,-0.0040632123127579,0.0208651330322027,-0.0126926014199852,-0.0020315344445407,-0.0022957366891205,0.0298116989433765,-0.0059824739582836,-0.0046849688515067,0.0064814533106982,-0.0015592873096466,-0.0142594054341316,0.0105041414499282,-0.0237984228879213,-0.0015730875311419,0.0038240880239754,0.0095288679003715,0.0299999602138996,0.0424943976104259,0.0083217900246381,-0.0346297062933445,-0.016047703102231,-0.02746107801795,-0.0135134682059288,-0.0153061803430318,0.0,-0.0263288021087646,-0.0009447547490708,0.0009944579796865,-0.0184396877884864,-0.0368773266673088,-0.0197495110332965,-0.0174118038266897,0.0122850118204951,0.000942084705457,-0.0029125954024493,0.0119161112233996,-0.0175268054008483,0.0072011337615549,0.0004955514450557,-0.0284515209496021,0.0014858236536383,0.000466646219138,0.0182987563312053,-0.001397892832756,-0.0199125707149505,-0.0187472216784954,-0.0109019437804818,-0.0004569616867229,0.0040081078186631,-0.0004568400618154,0.004490930121392,-0.0099503034725785,-0.0387480780482292,-0.0089645385742187,0.0105746919289231,-0.0023042000830173,0.0147126298645763,-0.0230144505380704,-0.0009195608329252,-0.015013645451636,-0.0257471016071146,0.0009246632261927,-0.0170115320400482,0.0275272870957146,0.0036781594791959,0.0581622951963056,-0.1103448079387299,-0.0295831402267977,2019-02-28,2019-03-01,2019-03-04,2019-03-05,2019-03-06,2019-03-07,2019-03-08,2019-03-11,2019-03-12,2019-03-13,80928.0,2019-02-27,252.0,0.4619%,0.001,0.8618,0.3383,0.5499,1.3126%,1.5566%,28.8961%,0.003755,DAR,80928.0,2019-02-28,252.0,1.0575%,0.0011,0.8589,0.3368,0.5448,1.3153%,1.5561%,28.5590%,0.014453,DAR,80928.0,2019-03-01,252.0,0.4095%,0.0009,0.8962,0.3922,0.6034,1.2553%,1.5249%,32.2300%,-0.000977,DAR,80928.0,2019-03-04,252.0,-1.5406%,0.0009,0.8847,0.4416,0.6038,1.2454%,1.5128%,32.2343%,-0.0116199999999999,DAR,80928.0,2019-03-05,252.0,0.1841%,0.0009,0.882,0.4237,0.5999,1.2447%,1.5092%,31.9799%,0.0060729999999999,DAR,80928.0,2019-03-06,252.0,-2.6642%,0.0008,0.8885,0.4546,0.6115,1.2482%,1.5181%,32.3962%,-0.014225,DAR,80928.0,2019-03-07,252.0,0.4719%,0.0009,0.8838,0.4583,0.6064,1.2504%,1.5183%,32.1743%,0.014251,DAR,80928.0,2019-03-08,252.0,-1.4561%,0.0008,0.8869,0.4366,0.6124,1.2470%,1.5156%,32.3053%,-0.0119049999999999,DAR,80928.0,2019-03-11,252.0,1.1916%,0.0008,0.8866,0.4376,0.6131,1.2470%,1.5173%,32.4559%,0.000224,DAR,80928.0,2019-03-12,252.0,0.2355%,0.0009,0.9054,0.4331,0.6328,1.2391%,1.5168%,33.2668%,0.001764,DAR,80928.0,2019-03-13,252.0,0.4699%,0.0009,0.905,0.4317,0.632,1.2390%,1.5169%,33.2781%,-0.000668,DAR,0.018208,0.017231,0.005611,-0.0025409999999999,0.001125
11827,DEUTSCHE BANK A G,Deutsche Bank Option Alert: Jul 19 $12 Calls Sweep (30) near the Ask: 1343 @ $0.161 vs 16027 OI; Earnings 4/25 Before Open [est] Ref=$9.035,6,increase,0.7,0.6,"the significant call option activity suggests bullish sentiment among investors, indicating expectations of a price increase ahead of the earnings report.",2,2019-02-27,DB,2019-02-27 14:36:00+00:00,89199.0,D1819089,0.0213004015386104,5233560.0,0.0142700457945466,0.0171037185937166,0.005411276128143,0.0138729298487305,-0.0096878530457615,-0.0011547608301043,-0.004347822163254,-0.0091533092781901,0.0010917281033471,0.0150987366214394,-0.0556161627173423,-0.021590968593955,-0.0023094115313142,0.0551558770239353,0.0555555000901222,-0.0234191808849573,-0.0285087972879409,0.0,0.0225734505802393,0.0264423415064811,-0.016556354239583,0.0158730298280715,-0.0033669734839349,-0.0203349385410547,0.0427928045392036,-0.0659218057990074,-0.0226781889796257,0.0056179990060627,-0.0298343040049076,0.0113635715097188,-0.0398632623255252,-0.0056497389450669,-0.0260973032563924,-0.0033783481922,-0.0048721022903919,-0.0441334620118141,0.013463850133121,0.0065005873329937,0.0217391680926084,-0.0043150931596755,-0.0319149494171142,0.0032468277495354,-0.0085469717159867,0.042889405041933,0.0529557019472122,-0.0209945328533649,-0.0058479756116867,0.022598847746849,0.0105882529169321,-0.031728658825159,-0.0104773165658116,0.0246637072414159,-0.0176470130681991,-0.0398277603089809,-0.0035928965080529,0.0764773860573768,-0.0096153756603598,0.0058275279588997,-0.003640744369477,0.002336390549317,0.0219245199114084,-0.0058071124367415,0.0262216087430715,0.0058410321362316,0.0034844004549086,-0.0205948911607265,0.0266203172504901,0.0045976969413459,0.0067644217051565,0.0211266838014125,-0.0167973767966032,0.0531520769000053,-0.0034168262500315,-0.0134145924821496,-0.0240000039339065,0.0061349929310381,-0.0046838363632559,0.0124222887679934,-0.0176470130681991,0.030729865655303,-0.0191617719829082,-0.0428921468555927,0.0158730298280715,0.031605564057827,-0.0048076878301799,0.0050825872458517,-0.0157004967331886,-0.0235732663422823,0.0085890367627143,-0.0370369739830493,0.0,-0.0368239022791385,-0.0133820688351988,0.0104650231078267,-0.0357582606375217,-0.0227272510528564,0.0063938251696527,-0.0078917359933257,-0.0114357909187674,-0.0177186988294124,0.0115680815652012,0.0840335935354232,-0.0292249079793691,-0.0059666098095476,0.005235597025603,-0.0400915741920471,-0.0013020511250942,-0.019101133570075,-0.0013038107426837,-0.0176601316779851,-0.0104438541457057,-0.0351437591016292,-0.0197889301925897,0.0251092240214347,0.0121130757033824,-0.0276008732616901,-0.0239361468702554,-0.0475227758288383,-0.0149863939732313,0.0050813201814889,0.0142700457945466,0.0171037185937166,0.0197585410808451,0.0312139271306501,0.0098792701926937,0.0300231216801416,0.0065862147668165,0.0360046966082765,-0.0054883897413734,0.0721154342026337,-0.0987925006224628,0.042056033449497,-0.2063665990979397,-0.0934959371067348,2019-02-28,2019-03-01,2019-03-04,2019-03-05,2019-03-06,2019-03-07,2019-03-08,2019-03-11,2019-03-12,2019-03-13,89199.0,2019-02-27,252.0,2.1300%,-0.0017,1.3548,0.5426,1.3476,1.8467%,2.2693%,33.7819%,0.0205699999999999,DB,89199.0,2019-02-28,252.0,1.4270%,-0.0017,1.3577,0.5454,1.3443,1.8503%,2.2716%,33.6527%,0.0216299999999999,DB,89199.0,2019-03-01,252.0,0.5411%,-0.0016,1.3549,0.5413,1.3396,1.8500%,2.2661%,33.3476%,-0.000659,DB,89199.0,2019-03-04,252.0,-0.9688%,-0.0016,1.3543,0.5472,1.3389,1.8502%,2.2651%,33.2812%,-0.0057909999999999,DB,89199.0,2019-03-05,252.0,-0.4348%,-0.0016,1.354,0.548,1.337,1.8503%,2.2646%,33.2425%,0.002774,DB,89199.0,2019-03-06,252.0,0.1092%,-0.0015,1.3496,0.5027,1.3259,1.8540%,2.2641%,32.9441%,0.018745,DB,89199.0,2019-03-07,252.0,-5.5616%,-0.0017,1.3667,0.511,1.351,1.8696%,2.2878%,33.2207%,-0.039912,DB,89199.0,2019-03-08,252.0,-0.2309%,-0.0017,1.3674,0.4892,1.3533,1.8656%,2.2847%,33.3215%,0.0026479999999999,DB,89199.0,2019-03-11,252.0,5.5556%,-0.0015,1.3893,0.5028,1.3498,1.8839%,2.3130%,33.6676%,0.040367,DB,89199.0,2019-03-12,252.0,-2.8509%,-0.0015,1.4111,0.5108,1.3782,1.8835%,2.3191%,34.0332%,-0.029584,DB,89199.0,2019-03-13,252.0,2.2573%,-0.0015,1.416,0.5036,1.3818,1.8859%,2.3242%,34.1633%,0.01342,DB,0.0421999999999999,0.0415409999999999,0.03575,0.057269,0.044208
11835,DEUTSCHE BANK A G,"Deutsche Bank, Commerzbank Shareholder Cerberus is Open to Merger",6,increase,0.7,0.6,"the news of cerberus being open to a merger could signal potential consolidation and synergies, which may positively impact investor sentiment and lead to an increase in deutsche bank's stock price.",2,2019-02-27,DB,2019-02-27 09:25:00+00:00,89199.0,D1819089,0.0213004015386104,5233560.0,0.0142700457945466,0.0171037185937166,0.005411276128143,0.0138729298487305,-0.0096878530457615,-0.0011547608301043,-0.004347822163254,-0.0091533092781901,0.0010917281033471,0.0150987366214394,-0.0556161627173423,-0.021590968593955,-0.0023094115313142,0.0551558770239353,0.0555555000901222,-0.0234191808849573,-0.0285087972879409,0.0,0.0225734505802393,0.0264423415064811,-0.016556354239583,0.0158730298280715,-0.0033669734839349,-0.0203349385410547,0.0427928045392036,-0.0659218057990074,-0.0226781889796257,0.0056179990060627,-0.0298343040049076,0.0113635715097188,-0.0398632623255252,-0.0056497389450669,-0.0260973032563924,-0.0033783481922,-0.0048721022903919,-0.0441334620118141,0.013463850133121,0.0065005873329937,0.0217391680926084,-0.0043150931596755,-0.0319149494171142,0.0032468277495354,-0.0085469717159867,0.042889405041933,0.0529557019472122,-0.0209945328533649,-0.0058479756116867,0.022598847746849,0.0105882529169321,-0.031728658825159,-0.0104773165658116,0.0246637072414159,-0.0176470130681991,-0.0398277603089809,-0.0035928965080529,0.0764773860573768,-0.0096153756603598,0.0058275279588997,-0.003640744369477,0.002336390549317,0.0219245199114084,-0.0058071124367415,0.0262216087430715,0.0058410321362316,0.0034844004549086,-0.0205948911607265,0.0266203172504901,0.0045976969413459,0.0067644217051565,0.0211266838014125,-0.0167973767966032,0.0531520769000053,-0.0034168262500315,-0.0134145924821496,-0.0240000039339065,0.0061349929310381,-0.0046838363632559,0.0124222887679934,-0.0176470130681991,0.030729865655303,-0.0191617719829082,-0.0428921468555927,0.0158730298280715,0.031605564057827,-0.0048076878301799,0.0050825872458517,-0.0157004967331886,-0.0235732663422823,0.0085890367627143,-0.0370369739830493,0.0,-0.0368239022791385,-0.0133820688351988,0.0104650231078267,-0.0357582606375217,-0.0227272510528564,0.0063938251696527,-0.0078917359933257,-0.0114357909187674,-0.0177186988294124,0.0115680815652012,0.0840335935354232,-0.0292249079793691,-0.0059666098095476,0.005235597025603,-0.0400915741920471,-0.0013020511250942,-0.019101133570075,-0.0013038107426837,-0.0176601316779851,-0.0104438541457057,-0.0351437591016292,-0.0197889301925897,0.0251092240214347,0.0121130757033824,-0.0276008732616901,-0.0239361468702554,-0.0475227758288383,-0.0149863939732313,0.0050813201814889,0.0142700457945466,0.0171037185937166,0.0197585410808451,0.0312139271306501,0.0098792701926937,0.0300231216801416,0.0065862147668165,0.0360046966082765,-0.0054883897413734,0.0721154342026337,-0.0987925006224628,0.042056033449497,-0.2063665990979397,-0.0934959371067348,2019-02-28,2019-03-01,2019-03-04,2019-03-05,2019-03-06,2019-03-07,2019-03-08,2019-03-11,2019-03-12,2019-03-13,89199.0,2019-02-27,252.0,2.1300%,-0.0017,1.3548,0.5426,1.3476,1.8467%,2.2693%,33.7819%,0.0205699999999999,DB,89199.0,2019-02-28,252.0,1.4270%,-0.0017,1.3577,0.5454,1.3443,1.8503%,2.2716%,33.6527%,0.0216299999999999,DB,89199.0,2019-03-01,252.0,0.5411%,-0.0016,1.3549,0.5413,1.3396,1.8500%,2.2661%,33.3476%,-0.000659,DB,89199.0,2019-03-04,252.0,-0.9688%,-0.0016,1.3543,0.5472,1.3389,1.8502%,2.2651%,33.2812%,-0.0057909999999999,DB,89199.0,2019-03-05,252.0,-0.4348%,-0.0016,1.354,0.548,1.337,1.8503%,2.2646%,33.2425%,0.002774,DB,89199.0,2019-03-06,252.0,0.1092%,-0.0015,1.3496,0.5027,1.3259,1.8540%,2.2641%,32.9441%,0.018745,DB,89199.0,2019-03-07,252.0,-5.5616%,-0.0017,1.3667,0.511,1.351,1.8696%,2.2878%,33.2207%,-0.039912,DB,89199.0,2019-03-08,252.0,-0.2309%,-0.0017,1.3674,0.4892,1.3533,1.8656%,2.2847%,33.3215%,0.0026479999999999,DB,89199.0,2019-03-11,252.0,5.5556%,-0.0015,1.3893,0.5028,1.3498,1.8839%,2.3130%,33.6676%,0.040367,DB,89199.0,2019-03-12,252.0,-2.8509%,-0.0015,1.4111,0.5108,1.3782,1.8835%,2.3191%,34.0332%,-0.029584,DB,89199.0,2019-03-13,252.0,2.2573%,-0.0015,1.416,0.5036,1.3818,1.8859%,2.3242%,34.1633%,0.01342,DB,0.0421999999999999,0.0415409999999999,0.03575,0.057269,0.044208
11843,DECKERS OUTDOOR CORP,Susquehanna Downgrades Deckers Outdoor to Neutral,6,decrease,0.8,0.7,"a downgrade from an analyst typically signals reduced expectations for the company's performance, which can lead to a decline in stock price.",0,2019-02-27,DECK,2019-02-27 12:26:00+00:00,79686.0,24353710,-0.0003365169395692,427000.0,-0.0039719697088003,0.0042578373104333,-0.0005407356075011,0.021047567948699,-0.019611781463027,0.0115175852552056,-0.0016555527690798,-0.0035474004689604,-0.0114004975184798,-0.0126364696770906,-0.0078277541324496,-0.0046482514590024,-0.0066921114921569,0.0254450403153896,0.0121268471702933,-0.0077896448783576,-0.0065163113176822,-0.0019436262082308,0.0032442819792777,0.0013902193168178,0.0030227955430746,0.0198497306555509,-0.0063778278417885,0.0024873202200978,0.0199619233608245,-0.004245919175446,0.007607128471136,0.0140652414411306,-0.0088537633419036,-0.0012899927096441,0.0124645316973328,-0.0165633354336023,-0.0389851033687591,0.1045543625950813,0.0184329356998205,0.0103830704465508,0.0018168727401643,0.0168773047626018,0.007812466006726,-0.0076990337111055,0.0173034332692623,0.0050255046226084,6.810291233705357e-05,0.0197673495858907,-0.0010205397848039,-0.0050182333216071,-0.0245845858007669,0.0203997455537319,0.0011868894798681,0.0185917299240827,0.0120642334222793,0.0110572688281536,0.0123337227851152,0.023593932390213,-0.0128641398623585,0.0086941057816147,0.0056540532968938,0.0009669532882981,0.0162495374679565,0.0040600094944238,0.0116718104109168,-0.0027286114636808,0.0111370338127017,-0.1027483940124512,0.0054742242209613,0.0047611976042389,-0.007674635387957,0.0073541020974516,0.009518789127469,0.0271779093891382,0.0044525451958179,-0.0319529175758361,-0.023011727258563,-0.0280439183115959,0.0140121849253773,0.0116452174261212,0.0182930752635002,-0.0050545032136142,-0.0009692658786661,-0.0149367824196815,0.0036868825554847,-0.0006124307401478,0.0158536229282617,0.0954298079013824,0.003679514164105,-0.0295409932732582,-0.0104292342439293,-0.0045366589911282,0.0106029873713851,0.0055392659269273,0.0042977668344974,0.0062295258976519,-0.0074889063835144,0.0298835132271051,-0.0390590541064739,-0.027422035112977,-0.0061366409063339,-0.007173110730946,-0.0114858308807015,-0.0309636518359184,-0.0186043679714202,-0.0052643842063844,-0.0531753972172737,0.020691268146038,0.0468376986682415,0.0355452075600624,-0.0109783634543418,-0.0594438388943672,0.0087963873520493,-0.0034252095501869,-0.0130795808508992,-0.0617193542420864,0.000911611248739,0.0275442656129598,0.0415440127253532,0.0227988120168447,0.0095513435080647,0.0026168830227106,-0.0178559049963951,0.0177018456161022,-0.0039719697088003,0.0042578373104333,-0.0045105575308479,0.0253950223792382,-0.0240338789253035,0.0372050969697546,-0.0367577211742143,0.0204655987627189,-0.0423454543791322,0.0328791584180074,-0.0021542482612703,0.311473890516956,-0.0076073088792882,0.1638599380300598,2019-02-28,2019-03-01,2019-03-04,2019-03-05,2019-03-06,2019-03-07,2019-03-08,2019-03-11,2019-03-12,2019-03-13,79686.0,2019-02-27,252.0,-0.0337%,0.0016,0.8703,0.9109,-0.1354,1.9824%,2.2692%,23.6792%,-0.0031219999999999,DECK,79686.0,2019-02-28,252.0,-0.3972%,0.0016,0.8736,0.9131,-0.1322,1.9823%,2.2690%,23.6719%,-0.001895,DECK,79686.0,2019-03-01,252.0,-0.0541%,0.0016,0.8721,0.9108,-0.1292,1.9837%,2.2678%,23.4877%,-0.010098,DECK,79686.0,2019-03-04,252.0,-1.9612%,0.0015,0.8739,0.916,-0.1322,1.9852%,2.2719%,23.6423%,-0.01102,DECK,79686.0,2019-03-05,252.0,-0.1656%,0.0015,0.8752,0.9267,-0.1316,1.9848%,2.2710%,23.6130%,0.002262,DECK,79686.0,2019-03-06,252.0,-1.1400%,0.0016,0.8831,0.9054,-0.1255,1.9814%,2.2707%,23.8640%,0.007591,DECK,79686.0,2019-03-07,252.0,-0.7828%,0.0015,0.8774,0.8731,-0.1423,1.9739%,2.2600%,23.7187%,-0.000457,DECK,79686.0,2019-03-08,252.0,-0.6692%,0.0015,0.8774,0.8891,-0.1431,1.9722%,2.2602%,23.8610%,-0.00553,DECK,79686.0,2019-03-11,252.0,1.2127%,0.0016,0.875,0.8618,-0.1575,1.9656%,2.2548%,24.0040%,-0.0049819999999999,DECK,79686.0,2019-03-12,252.0,-0.6516%,0.0015,0.8667,0.8672,-0.1647,1.9655%,2.2515%,23.7938%,-0.006507,DECK,79686.0,2019-03-13,252.0,0.3244%,0.0019,0.8638,0.9284,-0.1533,1.9006%,2.1999%,25.3639%,0.000167,DECK,-0.005017,-0.015115,-0.026135,-0.0162819999999999,-0.0335909999999999
11851,DANAHER CORP,"Danaher shares are trading higher after the company priced an 11 million share offering at $123 per share, more than doubling the company's cash position.",6,increase,0.8,0.6,"the successful pricing of an 11 million share offering at a premium suggests strong investor interest and significantly boosts the company's cash position, which is likely to be viewed positively by the market.",2,2019-02-27,DHR,2019-02-27 15:29:00+00:00,49680.0,23585110,0.0258095953613519,15512332.0,0.0049845497123897,0.0004871908749919,0.0059045823290944,0.0852132365107536,-0.0147139178588986,0.0093391714617609,-0.0042894664220511,0.0020499408710747,-0.0056641330011188,0.0079051135107874,-0.0014441616367548,0.0007191822514869,0.0046601463109254,0.0079738786444067,0.0103167062625289,-0.0077324276790022,0.008786516264081,-0.0013468754477798,0.0054143317975103,0.0154084833338856,-0.0001561248063808,0.0039359293878078,0.0045273737050592,0.006077941507101,-0.0048177409917116,-0.0097574982792139,0.0139766782522201,0.0013697518734261,-0.0009240344516001,-0.0007299407152459,0.0196545999497175,0.0026531864423304,-0.0196537226438522,-0.014605076983571,-0.0017734267748892,0.0175212919712066,0.0125134792178869,0.0355277433991432,-0.0102227367460727,-0.0071678031235933,0.0020810146816074,-0.0028214338235557,0.0167899560183286,0.0026402524672448,-0.0015148988459259,-0.0007537379278801,-0.0015173129504546,-0.0026313918642699,-0.0049384129233658,-0.0096788583323359,-0.003817668184638,0.0178080629557371,0.0085843112319707,0.0103359352797269,0.0027357749640941,-0.0052361297421157,-0.0009093984263017,0.0091267619282007,-0.0025032376870512,-0.0111153880134224,-0.0005323750665411,-0.0009491122909821,0.0015218155458569,0.0095822149887681,-0.0085847061127424,0.0089915916323661,-0.0177778340876102,0.0254808608442544,-0.0257450118660926,0.0040816692635416,0.0151345245540142,0.0289899017661809,0.0007888783584348,-0.0286566894501447,0.0071726650930941,-0.0254073180258274,0.0118954787030816,0.0126681812107563,0.0084299789741635,0.0032512496691197,0.0041413703002035,0.0170068126171827,0.0029788028914481,0.0538745447993278,0.008528746664524,-0.0368603244423866,-0.0066445549018681,0.0012200360652059,0.0148221114650368,-0.0227521192282438,0.0080144358798861,-0.0006949930102564,-0.0058701778762042,0.0034870824310928,-0.0228716470301151,-0.0002987926127389,0.0075729023665189,-0.0204877890646457,-0.002884944435209,0.0046065002679824,0.0025886732619255,0.007007491774857,-0.016858946532011,-0.0039323782548308,0.0099644158035516,-0.0014724798966199,0.0022944784723222,-0.028514189645648,0.0093094334006309,-0.0135465888306498,-0.0088455295190215,-0.021538995206356,-0.0059496471658349,-0.0082161901518702,-0.0008440807578153,0.0148230353370308,0.0117502398788929,0.0090679740533232,-0.0008349826093763,0.0285577047616243,0.0049845497123897,0.0004871908749919,0.0109185637256343,0.085741942497002,-0.0039560089830603,0.0958818726612069,-0.0138460318848029,0.1068091950821339,0.0137669561029001,0.1233588523921351,0.0417926592213984,0.1705300846844986,0.0428226066535566,0.1865790573279933,2019-02-28,2019-03-01,2019-03-04,2019-03-05,2019-03-06,2019-03-07,2019-03-08,2019-03-11,2019-03-12,2019-03-13,49680.0,2019-02-27,252.0,2.5810%,0.0008,0.8984,-0.2978,-0.257,0.9655%,1.4001%,52.4406%,0.025174,DHR,49680.0,2019-02-28,252.0,0.4985%,0.0008,0.8957,-0.2994,-0.2604,0.9662%,1.3977%,52.2119%,0.0070869999999999,DHR,49680.0,2019-03-01,252.0,0.5905%,0.0009,0.8886,-0.3099,-0.2706,0.9637%,1.3928%,52.1230%,-0.000808,DHR,49680.0,2019-03-04,252.0,-1.4714%,0.0008,0.8873,-0.2956,-0.2726,0.9656%,1.3910%,51.8074%,-0.0103679999999999,DHR,49680.0,2019-03-05,252.0,-0.4289%,0.0008,0.8888,-0.2877,-0.2696,0.9661%,1.3914%,51.7929%,-0.004442,DHR,49680.0,2019-03-06,252.0,-0.5664%,0.0008,0.8881,-0.2808,-0.2694,0.9660%,1.3896%,51.6797%,-0.001805,DHR,49680.0,2019-03-07,252.0,-0.1444%,0.0008,0.8863,-0.2818,-0.2721,0.9663%,1.3897%,51.6553%,0.004663,DHR,49680.0,2019-03-08,252.0,0.4660%,0.0007,0.8877,-0.3162,-0.2681,0.9465%,1.3766%,52.7247%,0.006198,DHR,49680.0,2019-03-11,252.0,1.0317%,0.0007,0.8856,-0.3168,-0.2673,0.9468%,1.3772%,52.7349%,-0.003256,DHR,49680.0,2019-03-12,252.0,0.8787%,0.0007,0.8817,-0.318,-0.2724,0.9467%,1.3722%,52.4045%,0.005382,DHR,49680.0,2019-03-13,252.0,0.5414%,0.0007,0.8809,-0.3156,-0.2726,0.9467%,1.3723%,52.4049%,-0.001471,DHR,0.032261,0.0314529999999999,0.0210849999999999,0.0148379999999999,0.026354
11859,DANAHER CORP,Danaher Prices 11M Share Offering @$123/Share,6,decrease,0.7,0.5,"the pricing of a large share offering typically dilutes existing shareholders' equity, which can lead to a decrease in stock price.",0,2019-02-27,DHR,2019-02-27 09:05:00+00:00,49680.0,23585110,0.0258095953613519,15512332.0,0.0049845497123897,0.0004871908749919,0.0059045823290944,0.0852132365107536,-0.0147139178588986,0.0093391714617609,-0.0042894664220511,0.0020499408710747,-0.0056641330011188,0.0079051135107874,-0.0014441616367548,0.0007191822514869,0.0046601463109254,0.0079738786444067,0.0103167062625289,-0.0077324276790022,0.008786516264081,-0.0013468754477798,0.0054143317975103,0.0154084833338856,-0.0001561248063808,0.0039359293878078,0.0045273737050592,0.006077941507101,-0.0048177409917116,-0.0097574982792139,0.0139766782522201,0.0013697518734261,-0.0009240344516001,-0.0007299407152459,0.0196545999497175,0.0026531864423304,-0.0196537226438522,-0.014605076983571,-0.0017734267748892,0.0175212919712066,0.0125134792178869,0.0355277433991432,-0.0102227367460727,-0.0071678031235933,0.0020810146816074,-0.0028214338235557,0.0167899560183286,0.0026402524672448,-0.0015148988459259,-0.0007537379278801,-0.0015173129504546,-0.0026313918642699,-0.0049384129233658,-0.0096788583323359,-0.003817668184638,0.0178080629557371,0.0085843112319707,0.0103359352797269,0.0027357749640941,-0.0052361297421157,-0.0009093984263017,0.0091267619282007,-0.0025032376870512,-0.0111153880134224,-0.0005323750665411,-0.0009491122909821,0.0015218155458569,0.0095822149887681,-0.0085847061127424,0.0089915916323661,-0.0177778340876102,0.0254808608442544,-0.0257450118660926,0.0040816692635416,0.0151345245540142,0.0289899017661809,0.0007888783584348,-0.0286566894501447,0.0071726650930941,-0.0254073180258274,0.0118954787030816,0.0126681812107563,0.0084299789741635,0.0032512496691197,0.0041413703002035,0.0170068126171827,0.0029788028914481,0.0538745447993278,0.008528746664524,-0.0368603244423866,-0.0066445549018681,0.0012200360652059,0.0148221114650368,-0.0227521192282438,0.0080144358798861,-0.0006949930102564,-0.0058701778762042,0.0034870824310928,-0.0228716470301151,-0.0002987926127389,0.0075729023665189,-0.0204877890646457,-0.002884944435209,0.0046065002679824,0.0025886732619255,0.007007491774857,-0.016858946532011,-0.0039323782548308,0.0099644158035516,-0.0014724798966199,0.0022944784723222,-0.028514189645648,0.0093094334006309,-0.0135465888306498,-0.0088455295190215,-0.021538995206356,-0.0059496471658349,-0.0082161901518702,-0.0008440807578153,0.0148230353370308,0.0117502398788929,0.0090679740533232,-0.0008349826093763,0.0285577047616243,0.0049845497123897,0.0004871908749919,0.0109185637256343,0.085741942497002,-0.0039560089830603,0.0958818726612069,-0.0138460318848029,0.1068091950821339,0.0137669561029001,0.1233588523921351,0.0417926592213984,0.1705300846844986,0.0428226066535566,0.1865790573279933,2019-02-28,2019-03-01,2019-03-04,2019-03-05,2019-03-06,2019-03-07,2019-03-08,2019-03-11,2019-03-12,2019-03-13,49680.0,2019-02-27,252.0,2.5810%,0.0008,0.8984,-0.2978,-0.257,0.9655%,1.4001%,52.4406%,0.025174,DHR,49680.0,2019-02-28,252.0,0.4985%,0.0008,0.8957,-0.2994,-0.2604,0.9662%,1.3977%,52.2119%,0.0070869999999999,DHR,49680.0,2019-03-01,252.0,0.5905%,0.0009,0.8886,-0.3099,-0.2706,0.9637%,1.3928%,52.1230%,-0.000808,DHR,49680.0,2019-03-04,252.0,-1.4714%,0.0008,0.8873,-0.2956,-0.2726,0.9656%,1.3910%,51.8074%,-0.0103679999999999,DHR,49680.0,2019-03-05,252.0,-0.4289%,0.0008,0.8888,-0.2877,-0.2696,0.9661%,1.3914%,51.7929%,-0.004442,DHR,49680.0,2019-03-06,252.0,-0.5664%,0.0008,0.8881,-0.2808,-0.2694,0.9660%,1.3896%,51.6797%,-0.001805,DHR,49680.0,2019-03-07,252.0,-0.1444%,0.0008,0.8863,-0.2818,-0.2721,0.9663%,1.3897%,51.6553%,0.004663,DHR,49680.0,2019-03-08,252.0,0.4660%,0.0007,0.8877,-0.3162,-0.2681,0.9465%,1.3766%,52.7247%,0.006198,DHR,49680.0,2019-03-11,252.0,1.0317%,0.0007,0.8856,-0.3168,-0.2673,0.9468%,1.3772%,52.7349%,-0.003256,DHR,49680.0,2019-03-12,252.0,0.8787%,0.0007,0.8817,-0.318,-0.2724,0.9467%,1.3722%,52.4045%,0.005382,DHR,49680.0,2019-03-13,252.0,0.5414%,0.0007,0.8809,-0.3156,-0.2726,0.9467%,1.3723%,52.4049%,-0.001471,DHR,0.032261,0.0314529999999999,0.0210849999999999,0.0148379999999999,0.026354
11867,SPDR DOW JONES IND AVG ETF TRUST,"Powell's Testimony Continues: Inflation Target, Balance Sheet Reduction, Household Debt Concerns",6,uncertain,0.6,0.3,"while concerns about inflation and household debt could negatively impact market sentiment, powell's testimony may also provide clarity that could stabilize or boost investor confidence, leading to an uncertain overall effect on the etf's stock price.",1,2019-02-27,DIA,2019-02-27 20:15:00+00:00,85765.0,78467X10,-0.0025716335512697,2777218.0,-0.0022703518625348,-0.0013415849534794,0.004396847449243,0.0027674259617924,-0.0082175508141517,0.0063436143100261,-0.0003484448534436,-0.0037379623390734,-0.0051125423051416,0.0026660580188035,-0.0080196112394332,0.0006186107057146,-0.0003924133488908,0.0164131131023168,0.0080483807250857,-0.0025019522290676,-0.0035052543971687,0.004989605396986,0.005823518615216,0.0143061941489577,0.0007383036427199,-0.0015120359603315,0.0052210441790521,-0.0023024477995932,0.0025160405784845,-0.0077598821371793,-0.0004246702883392,-0.0003544321807567,-0.0061418274417519,0.006499680224806,0.0089003769680857,0.0073459423147141,-0.0177979040890932,0.0014393116580322,0.0004314426041673,-0.0002398175711277,0.0054494221694767,0.0181921198964119,-0.0013647590531036,0.0024887826293706,0.003787440015003,-0.009256612509489,0.0079742427915334,0.0078217219561338,0.0125805959105491,-0.0010174182243645,-0.002667831024155,0.0070491852238774,0.0011845984263345,-0.0123456912115216,0.0067938882857561,0.0140436831861734,0.0014406129484996,0.0080211795866489,-0.0035584585275501,0.0050698188133537,-0.0064964345656335,0.0071147438138723,0.000344141095411,-0.003918636124581,-0.0007645726436749,-0.0004999796510674,0.0102142831310629,0.0045203492045402,-0.0009846243774518,0.0042030937038362,0.0027292415034025,0.0108769442886114,0.0,0.0046098763123154,0.0044893538579344,0.0333450846374034,-0.001845120685175,-0.0284538883715868,0.0053193634375929,0.0006861220463179,-0.0021014618687331,0.0118014635518193,-0.0052271909080445,-0.0033728219568729,0.0030620254110544,0.0111494371667504,0.0003768979513552,0.0486474111676216,0.001318588387221,-0.0267302878201007,-0.0061703398823738,-0.0182797983288765,-0.0048078326508402,-0.0194070730358362,0.0079503813758492,-0.0165992695838213,-0.0026418545749038,0.0039335447363555,-0.017974043264985,-0.0206693951040506,0.0005395139451138,-0.0196938570588827,-0.0046984562650322,0.0015861371066421,0.0057267099618911,0.0067559643648564,-0.0248153731226921,-0.0019615502096712,0.0092318477109074,0.001637301640585,0.0043392200022935,-0.0216642785817384,0.0087186284363269,-0.0040282155387103,-0.0041531147435307,-0.0309203211218118,-0.0029909454751759,0.0126023115590214,0.0081816166639328,0.0075712692923843,-0.0045213238336145,-0.0009848723420873,-0.0110248895362019,0.0256161466240882,-0.0022703518625348,-0.0013415849534794,0.0021165131959124,0.0014221282712827,-0.0061184301729755,0.0077747640145613,-0.0115442341235117,0.0066844827863086,-0.0096971140367108,0.0410579664030559,0.0087794823601858,0.089823748275768,-0.0145562268845893,0.0591737043868547,2019-02-28,2019-03-01,2019-03-04,2019-03-05,2019-03-06,2019-03-07,2019-03-08,2019-03-11,2019-03-12,2019-03-13,85765.0,2019-02-27,252.0,-0.2572%,0.0001,1.0143,-0.2634,0.1253,0.2397%,1.0670%,94.9537%,-0.002932,DIA,85765.0,2019-02-28,252.0,-0.2270%,0.0001,1.0143,-0.2634,0.1251,0.2398%,1.0646%,94.9276%,0.00114,DIA,85765.0,2019-03-01,252.0,0.4397%,0.0001,1.0112,-0.268,0.1211,0.2384%,1.0606%,94.9492%,-0.001732,DIA,85765.0,2019-03-04,252.0,-0.8218%,0.0001,1.0106,-0.262,0.1203,0.2398%,1.0565%,94.8496%,-0.004594,DIA,85765.0,2019-03-05,252.0,-0.0348%,0.0002,1.0119,-0.2515,0.121,0.2365%,1.0563%,94.9855%,0.000756,DIA,85765.0,2019-03-06,252.0,-0.5113%,0.0001,1.0109,-0.2505,0.1199,0.2362%,1.0532%,94.9708%,8e-05,DIA,85765.0,2019-03-07,252.0,-0.8020%,0.0002,1.0113,-0.2478,0.1213,0.2358%,1.0545%,95.0017%,0.0004,DIA,85765.0,2019-03-08,252.0,-0.0392%,0.0002,1.011,-0.2464,0.1206,0.2359%,1.0543%,94.9920%,0.002073,DIA,85765.0,2019-03-11,252.0,0.8048%,0.0001,1.008,-0.2495,0.1204,0.2387%,1.0552%,94.8841%,-0.005591,DIA,85765.0,2019-03-12,252.0,-0.3505%,0.0001,1.0079,-0.2464,0.1216,0.2425%,1.0496%,94.6612%,-0.0067179999999999,DIA,85765.0,2019-03-13,252.0,0.5824%,0.0001,1.0071,-0.2421,0.1217,0.2413%,1.0494%,94.7108%,-0.002006,DIA,-0.001792,-0.003524,-0.008118,-0.007282,-0.019124
11875,DICKS SPORTING GOODS INC,DICK's Raises Qtr. Dividend From $0.225 To $0.275/Share,6,increase,0.8,0.6,"raising the quarterly dividend typically signals financial strength and can attract investors, likely leading to an increase in stock price.",2,2019-02-27,DKS,2019-02-27 13:00:00+00:00,89540.0,25339310,0.0303505975753068,3066784.0,-0.0081259440630674,0.012182280421257,-0.0015361334662884,-0.0055307582952082,-0.0233333297073841,0.0026406731922179,-0.002100336831063,-0.007859556004405,0.0044725597836077,0.0076556783169507,-0.0096909096464514,0.013105153106153,0.0010578444926068,0.0280451048165559,0.0274769086390733,-0.015163860283792,-0.1100539714097977,0.0117808301001787,0.0346720814704895,0.0229820534586906,-0.0154985142871737,0.0104785868898034,-0.0265866294503212,-0.0139625798910856,0.0164464432746172,-0.018366178497672,0.0193585138767957,-0.0103093069046735,-0.0252267401665449,0.0374332070350647,0.0250072870403528,0.0079432278871536,-0.0255319587886333,-0.0016992741730064,0.0055313669145107,0.0205203164368867,0.0332946628332138,-0.0066035985946655,0.0215746853500604,-0.0002869782329071,-0.0021941310260444,0.0063547436147928,0.0118196895346045,0.0087412362918257,0.0290681794285774,0.0180955398827791,0.0126715824007988,-0.0053113102912902,-0.0023461978416889,-0.0105109671130776,0.0360596030950546,0.0276027042418718,0.0133669292554259,0.0103061571717262,0.0114484587684273,-0.0175699852406978,-0.0017224334878847,-0.0050369827076792,0.015035755932331,0.0116906287148594,-0.0118990205228328,0.0018018430564552,-0.0051609510555863,-0.0248902570456266,-0.020750992000103,0.0323458164930343,0.0146317314356565,0.0033363848924636,-0.009448061697185,-0.0063290861435234,-0.0248494390398263,0.0240740347653627,-0.0223937965929508,0.019830061122775,0.0157978478819131,0.018269220367074,0.010627263225615,0.0012837264221161,-0.0192357003688812,0.0087407082319259,0.0018305358244106,-0.0221589356660842,-0.0151396971195936,0.061135359108448,-0.0193479862064123,-0.0184635501354932,-0.0302702412009239,-0.0340764224529266,0.0039018781390041,-0.0329535454511642,0.0124930804595351,-0.0263867247849702,-0.0115163689479231,-0.0029896050691604,-0.0058252173475921,-0.0332369282841682,0.0008370195282623,0.012880521826446,0.0080847758799791,-0.0305892676115036,0.010785381309688,-0.0366648137569427,-0.0268125738948583,-0.0048648728989064,0.0104019939899444,0.0181618016213178,0.000834796752315,0.0176421478390693,0.0022240204270929,-0.0173362977802753,0.0113730886951088,-0.02573724091053,0.0035655805841088,0.0366870388388633,0.0278764814138412,0.0129504241049289,-0.0170167349278926,-0.0466988161206245,-0.0056803594343364,0.0255985800176858,-0.0081259440630674,0.012182280421257,-0.0096495949947353,0.0065841448775543,-0.0327577675205645,0.009242204644644,-0.0304723394554448,0.0089757163397938,-0.0906551465578912,0.0711883640249073,0.0539294384829918,0.1456834664650586,-0.0591927134432648,0.0589524087361224,2019-02-28,2019-03-01,2019-03-04,2019-03-05,2019-03-06,2019-03-07,2019-03-08,2019-03-11,2019-03-12,2019-03-13,89540.0,2019-02-27,252.0,3.0351%,0.0014,1.0337,0.8845,1.0082,2.4869%,2.7024%,15.3121%,0.028843,DKS,89540.0,2019-02-28,252.0,-0.8126%,0.0014,1.0294,0.8813,1.006,2.4863%,2.6989%,15.1352%,-0.002678,DKS,89540.0,2019-03-01,252.0,-0.1536%,0.0013,1.042,0.9,1.0296,2.4824%,2.6988%,15.3925%,-0.00757,DKS,89540.0,2019-03-04,252.0,-2.3333%,0.0012,1.0478,0.8985,1.024,2.4850%,2.7031%,15.4824%,-0.01842,DKS,89540.0,2019-03-05,252.0,-0.2100%,0.0013,1.0523,0.9358,1.0259,2.4810%,2.7025%,15.7201%,0.004834,DKS,89540.0,2019-03-06,252.0,0.4473%,0.0014,1.0519,0.88,1.0179,2.4828%,2.7022%,15.5798%,0.024602,DKS,89540.0,2019-03-07,252.0,-0.9691%,0.0014,1.0485,0.866,1.0094,2.4818%,2.6993%,15.4672%,0.002819,DKS,89540.0,2019-03-08,252.0,0.1058%,0.0015,1.0463,0.8948,1.0044,2.4764%,2.6955%,15.5958%,0.0045579999999999,DKS,89540.0,2019-03-11,252.0,2.7477%,0.0015,1.0526,0.9021,1.0054,2.4776%,2.7006%,15.8335%,0.0137989999999999,DKS,89540.0,2019-03-12,252.0,-11.0054%,0.0011,1.0495,0.9526,1.0228,2.5738%,2.7892%,14.8466%,-0.109445,DKS,89540.0,2019-03-13,252.0,3.4672%,0.0012,1.0593,0.9279,1.0276,2.5781%,2.7947%,14.9045%,0.029676,DKS,0.026165,0.018595,0.0001749999999999,0.029611,-0.028982
11883,PHYSICIANS REALTY TRUST,"Physicians Realty Trust Q4 FFO $0.27, Same YoY, Sales $105.3M Beat $104.43M Estimate",6,increase,0.7,0.5,"the company reported ffo in line with expectations and sales that exceeded estimates, which typically signals positive performance and can lead to an increase in stock price.",2,2019-02-27,DOC,2019-02-27 12:55:00+00:00,14036.0,71943U10,-0.0220075082033872,2747647.0,-0.0082326903939247,0.0021516410633921,-0.0099612791091203,-0.007474607322365,0.0111794732511043,0.0048283343203365,-0.0016584127442911,0.0053936606273055,-0.0149500863626599,-0.0127795403823256,0.007869554683566,0.005891837645322,-0.0061350031755864,0.0113760018721222,0.0207632351666688,0.012616541236639,-0.0076966076157987,-0.0032805560622364,0.0127424634993076,-0.0145473359152674,0.0131290899589657,0.0092441588640213,-0.0118791153654456,-0.0086253294721245,-0.009835978038609,0.0136612029746174,-0.003311333945021,0.0054944213479757,0.0221483744680881,0.0005497651873156,0.0249187983572483,0.0133704598993063,-0.0005285533261485,-0.0088348891586065,0.001586498459801,0.0128636164590716,0.0026398752816021,0.0164865832775831,0.0010532099986448,0.0080228876322507,0.003682256443426,0.0115942470729351,-0.0141509678214788,0.0153031330555677,-0.0079744616523385,-0.0017626724438741,0.0101822614669799,0.0076969256624579,-0.0064447280019521,-0.0053003625944256,0.0054054260253906,0.0107143046334385,0.0021504843607544,0.0157193653285503,-0.0123390313237905,0.0141018675640225,-0.0054318513721227,0.0092821549624204,0.0180229339748621,-0.0140329198911786,-0.009120175614953,-0.0030414320062845,-0.0037899131420999,0.0116923404857516,-0.0010869813850149,-0.0073305335827171,-0.024483073502779,0.0237649194896221,-0.0184049028903245,0.0081967283040285,0.0153409345075488,0.0134185329079628,-0.012311203405261,0.029163921251893,0.0164306480437517,-0.0374298430979251,0.0128204869106411,0.0031289828475564,0.0016511109424754,0.0043997294269502,0.0065933475270867,-0.003757070749998,-0.0262008495628833,0.049277264624834,0.0123317996039986,-0.0475594066083431,-0.0027685072273015,-0.02620355412364,0.0,-0.011445814743638,0.0188784096390008,-0.0124925095587968,-0.0070845265872776,0.0175544191151857,-0.0230515971779823,-0.0406503416597843,-0.008426945656538,-0.0176840480417013,0.0130311362445354,0.0080506782978773,0.0095078349113464,-0.015288813970983,0.0199446324259042,0.0011338128242641,-0.0065181385725736,-0.0134228067472577,0.0038272112142294,-0.0110619887709617,0.0081699136644601,0.0355097874999046,0.0032414621673524,-0.0213005077093839,-0.0140010891482234,0.0016844855854287,0.0147460661828517,0.0136596346274018,0.0059203775599598,0.0051487502641975,0.00588543061167,0.0139211006462574,-0.0082326903939247,0.0021516410633921,-0.0181119613762121,-0.0053390489310204,-0.0071349703128382,-0.0005364933238755,-0.0236003517582393,-0.0079873021278292,0.0032931608065644,0.003771534312922,0.0356886476083198,0.1366686896239437,0.0445786715537841,0.0965078204666531,2019-02-28,2019-03-01,2019-03-04,2019-03-05,2019-03-06,2019-03-07,2019-03-08,2019-03-11,2019-03-12,2019-03-13,14036.0,2019-02-27,252.0,-2.2008%,0.0009,0.4189,0.1777,-0.1202,1.3392%,1.4276%,12.0051%,-0.022987,DOC,14036.0,2019-02-28,252.0,-0.8233%,0.0009,0.4051,0.1679,-0.1283,1.3277%,1.4120%,11.5921%,-0.00737,DOC,14036.0,2019-03-01,252.0,-0.9961%,0.001,0.3905,0.1463,-0.1439,1.3257%,1.4059%,11.0879%,-0.013968,DOC,14036.0,2019-03-04,252.0,1.1179%,0.0009,0.3974,0.1112,-0.143,1.3233%,1.4042%,11.1979%,0.014266,DOC,14036.0,2019-03-05,252.0,-0.1658%,0.0009,0.3963,0.1009,-0.1431,1.3227%,1.4025%,11.0676%,-0.001071,DOC,14036.0,2019-03-06,252.0,-1.4950%,0.0008,0.3975,0.1271,-0.1382,1.3239%,1.4048%,11.1941%,-0.010382,DOC,14036.0,2019-03-07,252.0,0.7870%,0.0009,0.3935,0.1271,-0.1434,1.3252%,1.4055%,11.0952%,0.010672,DOC,14036.0,2019-03-08,252.0,-0.6135%,0.0008,0.3948,0.1203,-0.141,1.3253%,1.4054%,11.0679%,-0.005667,DOC,14036.0,2019-03-11,252.0,2.0763%,0.0009,0.4017,0.1202,-0.1446,1.3272%,1.4105%,11.4723%,0.013624,DOC,14036.0,2019-03-12,252.0,-0.7697%,0.0009,0.4029,0.1242,-0.1415,1.3284%,1.4114%,11.4182%,-0.00857,DOC,14036.0,2019-03-13,252.0,1.2742%,0.0009,0.4063,0.1139,-0.1403,1.3288%,1.4124%,11.4873%,0.010423,DOC,-0.030357,-0.044325,-0.030059,-0.041512,-0.0210299999999999
11891,DRIL QUIP INC,Dril-Quip shares are trading higher after the company reported better than expected Q4 EPS and revenue results. The company also announced a $100 million buyback.,6,increase,0.8,0.7,"the better than expected q4 eps and revenue results, along with the $100 million buyback announcement, are likely to boost investor confidence and drive the stock price higher.",2,2019-02-27,DRQ,2019-02-27 15:18:00+00:00,85424.0,26203710,0.1757526397705078,1650624.0,-0.0170703083276748,-0.0170621015131473,-0.0056325197219848,0.003477721940726,-0.0181732475757598,0.0010712618241086,0.0199519675225019,-0.0388673953711986,-0.0395946316421032,0.0002574233221821,-0.0208588577806949,-0.0066495737992227,-0.019298255443573,0.0476955734193325,0.0268336106091737,-0.0042689396068453,0.026381317526102,0.0088828532025218,0.0271580722182989,0.0139192724600434,0.0226628668606281,0.0237496066838502,0.0103878295049071,0.0033642486669123,0.0397532060742378,-0.0424161553382873,-0.0010986429406329,0.0016133738681674,0.0096788927912712,-0.0111672952771186,0.0230936277657747,-0.0066032749600708,-0.0623935349285602,0.0112180020660162,0.0252100992947816,-0.0084745688363909,0.0256978254765272,0.0471435636281967,-0.0190065037459135,-0.0060638757422566,0.0099075473845005,-0.0366436839103698,-0.0004360248276498,0.0261580124497413,0.0124318366870284,0.0217149946838617,-0.0165876056998968,-0.0514919683337211,0.0048192199319601,-0.0114853149279952,-0.0043601649813354,0.0382113754749298,0.0337201878428459,-0.0029720831662416,0.0059310020878911,-0.0083065750077366,-0.0376921631395816,-0.0071827736683189,0.0087526850402355,-0.0081794550642371,0.0169197972863912,0.0177228730171918,-0.0337031111121177,0.0219539813697338,-0.0028697808738797,0.0270574726164341,-0.0039848680607974,-0.0056054024025797,-0.0033341080415993,0.0512669943273067,-0.0080285593867301,0.0881692245602607,0.0400179587304592,0.0084060858935117,0.004107273183763,0.0299700163304805,-0.0430570505559444,0.0138419931754469,-0.0188976414501667,0.0033875466324388,-0.002293104538694,0.0182821899652481,0.0271202102303504,0.0797020271420478,-0.0252852384001016,-0.0327809751033783,-0.0192837491631507,-0.0211565718054771,-0.0021067450288683,-0.0422154664993286,0.0096176359802484,-0.0509615428745746,-0.0085967183113098,-0.012345659546554,-0.0243730284273624,-0.0047258860431611,-0.006966152228415,-0.0275735184550285,0.0120948236435651,-0.0320285223424434,-0.0100382883101701,0.0202723760157823,-0.026557182893157,-0.0128434980288147,0.0416666753590107,-0.040137656033039,0.0290476474910974,-0.0118979653343558,0.0,-0.0412819236516952,-0.0314669273793697,-0.0863523483276367,0.0143334558233618,0.0264900904148817,0.0202543716877698,-0.0214357078075408,-0.0207756590098142,-0.0086484374478459,-0.0506835877895355,0.0292472410947084,-0.0170703083276748,-0.0170621015131473,-0.0226066792013437,-0.0136437168172084,-0.0403690899991118,-0.012587070986065,-0.0599768972377463,-0.0507209360118182,-0.0228373196774367,0.0062772814260025,0.063437143140228,-0.0271768498956018,-0.0710495539311146,-0.062309271949474,2019-02-28,2019-03-01,2019-03-04,2019-03-05,2019-03-06,2019-03-07,2019-03-08,2019-03-11,2019-03-12,2019-03-13,85424.0,2019-02-27,252.0,17.5753%,0.0001,1.5609,1.5008,1.0161,2.0733%,2.6513%,38.8482%,0.172696,DRQ,85424.0,2019-02-28,252.0,-1.7070%,0.0,1.565,1.5033,1.0215,2.0742%,2.6510%,38.7867%,-0.010091,DRQ,85424.0,2019-03-01,252.0,-0.5633%,-0.0001,1.5631,1.5005,1.0266,2.0769%,2.6470%,38.4356%,-0.0172639999999999,DRQ,85424.0,2019-03-04,252.0,-1.8173%,-0.0,1.5596,1.5194,1.0259,2.0767%,2.6482%,38.5057%,-0.008137,DRQ,85424.0,2019-03-05,252.0,1.9952%,0.0002,1.5614,1.5523,1.0162,2.0767%,2.6509%,38.6300%,0.029686,DRQ,85424.0,2019-03-06,252.0,-3.9595%,0.0001,1.5527,1.5781,1.0098,2.0725%,2.6534%,38.9958%,-0.007416,DRQ,85424.0,2019-03-07,252.0,-2.0859%,0.0001,1.5561,1.5873,1.017,2.0722%,2.6557%,39.1182%,-0.00378,DRQ,85424.0,2019-03-08,252.0,-1.9298%,0.0001,1.5576,1.5968,1.0189,2.0736%,2.6584%,39.1581%,-0.0150299999999999,DRQ,85424.0,2019-03-11,252.0,2.6834%,0.0,1.5588,1.6083,1.0248,2.0726%,2.6637%,39.4596%,0.003085,DRQ,85424.0,2019-03-12,252.0,2.6381%,0.0002,1.5765,1.592,1.0383,2.0767%,2.6685%,39.4381%,0.027717,DRQ,85424.0,2019-03-13,252.0,2.7158%,0.0003,1.5827,1.5931,1.0454,2.0790%,2.6736%,39.5349%,0.020612,DRQ,0.162605,0.145341,0.137204,0.159474,0.192078
11899,DURECT CORP,DURECT Announces Plans To Submit To FDA A Full Response To POSIMIR Complete Response Letter,6,uncertain,0.6,0.3,"while submitting a full response to the fda may indicate progress, the outcome of the review is uncertain, which could lead to mixed investor reactions.",1,2019-02-27,DRRX,2019-02-27 12:14:00+00:00,88626.0,26660550,0.0062499940395355,487528.0,-0.0187577661126852,0.0235414709895849,0.0441828183829784,-0.0047115981578826,-0.0543162487447261,0.0459509901702404,-0.0096153756603598,0.0247031841427087,-0.0793527290225029,-0.0653144940733909,-0.0579302348196506,0.0593243427574634,0.0334327779710292,0.0685920789837837,0.0833333879709243,0.0335820578038692,0.0602586194872856,-0.0147058684378862,0.0310574453324079,0.1138411685824394,-0.0487805157899856,-0.0024509974755346,-0.0448717549443244,-0.0285714399069547,0.0131543846800923,0.0,-0.0075516588985919,0.0012714774347841,0.0077425562776625,-0.0044304546900093,-0.0287454836070537,0.0357260592281818,-0.0452809929847717,0.0082617234438657,-0.0254285335540771,-0.0059132743626832,-0.0603929050266742,0.0252610053867101,-0.0152885457500815,0.0386566929519176,0.0296261142939329,-0.0696501359343528,-0.0369288325309753,0.0399390459060668,-0.0238056723028421,0.0246229097247123,0.0170212723314762,-0.0225423760712146,0.0379787273705005,0.0172413624823093,0.0237209852784872,-0.0375041402876377,0.0327124148607254,-0.0381484925746917,-0.0290365256369113,-0.0055555314756929,0.0021144750062376,0.0243902206420898,0.0224566217511892,-0.0227236431092023,-0.0123820221051573,0.0204313360154628,-0.0116418544203043,-0.0211111139506101,-0.0786771476268768,0.1231949105858803,-0.0150794582441449,-0.0114557733759284,-0.0342819467186927,-0.1309542059898376,-0.0134412944316864,0.2751952111721039,-0.0120524233207106,-0.0522028356790542,0.0049505792558193,0.1181949898600578,-0.005981751717627,-0.0330264121294021,-0.0155751686543226,-0.0575363039970397,-0.0179792325943708,0.023161482065916,0.0190406404435634,-0.0028867416549474,-0.009162688627839,-0.0196226369589567,0.0019945669919252,-0.1024555936455727,-0.040716677904129,-0.0813627541065216,0.490096241235733,-0.0020183774176985,-0.017723761498928,-0.0320108458399772,0.0363448522984981,-0.0357918925583362,0.0697674602270126,-0.0546575412154197,-0.1020692512392998,-0.0396000370383262,-0.0634386613965034,0.0153620103374123,-0.0323472619056701,-0.0294308457523584,-0.0427143052220344,-0.0170765370130538,0.0326816886663436,-0.0223025772720575,0.0734104439616203,-0.0446375012397766,0.003634936409071,0.0002380921359872,-0.023742476478219,-0.0550180077552795,-0.0151140931993722,-0.0566758438944816,-0.0008370262221433,0.0793905332684516,-0.1619659215211868,0.0783199891448021,-0.0187577661126852,0.0235414709895849,0.024596281296866,0.0187189548803539,-0.0310559451809759,0.0655300995622987,-0.1165217508645278,0.0205383192329844,0.0186335177877474,0.310401382960116,-0.1572671200360107,0.2712538051934843,-0.2544099533559892,-0.0117355867378561,2019-02-28,2019-03-01,2019-03-04,2019-03-05,2019-03-06,2019-03-07,2019-03-08,2019-03-11,2019-03-12,2019-03-13,88626.0,2019-02-27,252.0,0.6250%,-0.0009,1.2034,2.1612,0.3752,4.1625%,4.4786%,13.6178%,0.001483,DRRX,88626.0,2019-02-28,252.0,-1.8758%,-0.001,1.2169,2.17,0.3882,4.1615%,4.4801%,13.7171%,-0.014622,DRRX,88626.0,2019-03-01,252.0,4.4183%,-0.0011,1.249,2.2177,0.4232,4.1579%,4.4877%,14.1578%,0.030591,DRRX,88626.0,2019-03-04,252.0,-5.4316%,-0.0015,1.2895,2.1188,0.4046,4.1371%,4.4699%,14.3368%,-0.040691,DRRX,88626.0,2019-03-05,252.0,-0.9615%,-0.0018,1.2737,1.9975,0.3928,4.1141%,4.4256%,13.5800%,2.6e-05,DRRX,88626.0,2019-03-06,252.0,-7.9353%,-0.0021,1.2751,2.0973,0.4079,4.1180%,4.4467%,14.2387%,-0.043732,DRRX,88626.0,2019-03-07,252.0,-5.7930%,-0.0025,1.2777,2.0256,0.391,4.1031%,4.4250%,14.0230%,-0.04475,DRRX,88626.0,2019-03-08,252.0,3.3433%,-0.0026,1.2762,1.9649,0.3918,4.0952%,4.4087%,13.7148%,0.035806,DRRX,88626.0,2019-03-11,252.0,8.3333%,-0.0024,1.3076,2.0055,0.3989,4.1126%,4.4416%,14.2677%,0.059191,DRRX,88626.0,2019-03-12,252.0,6.0259%,-0.0023,1.2781,1.9825,0.3555,4.1248%,4.4433%,13.8211%,0.062834,DRRX,88626.0,2019-03-13,252.0,3.1057%,-0.0022,1.2883,1.9652,0.3624,4.1292%,4.4475%,13.8018%,0.028336,DRRX,-0.013139,0.017452,-0.0232389999999999,-0.0669449999999999,0.074472
11907,DYCOM INDUSTRIES INC,"B. Riley FBR Upgrades Dycom Industries to Buy, Announces $60 Target",6,increase,0.8,0.7,"upgrades from analysts, especially with a target price increase, typically signal positive sentiment and can lead to an increase in stock price.",2,2019-02-27,DY,2019-02-27 16:48:00+00:00,12008.0,26747510,-0.301129013299942,6804211.0,0.0403877198696136,-0.020846489816904,0.0397071205079555,0.0074781421571969,0.0347770676016807,0.0036729406565427,-0.01237110234797,-0.0164912715554237,-0.0260960329324007,0.0125635666772723,-0.00707399379462,-0.0038022475782781,0.0189982969313859,-0.0028436067514121,0.0345339216291904,0.0194878261536359,0.0075772870332002,0.0069737317971885,0.0024390027392655,0.0463261418044567,-0.0044606896117329,0.0243351571261882,0.0059063322842121,-0.0224299021065235,0.0068839876912534,-0.0263070836663246,-0.0148803107440471,-0.0077163227833807,-0.0040824813768267,0.0369424261152744,0.0120926452800631,0.0260262303054332,-0.04941276460886,-0.0137812104076147,-0.0074562947265803,0.008512819185853,-0.0107319168746471,0.0040118531323969,-0.0210458058863878,-0.04513655975461,0.0073138703592121,0.0145319467410445,0.010781031101942,0.0426356941461563,0.0326512865722179,0.0329389907419681,-0.0048482199199497,-0.0438489727675914,0.0150391673669219,-0.0313500836491584,0.0363105535507202,0.0282495841383934,0.0072493073530495,0.0024322338867932,-0.0117952851578593,-0.0113363079726696,-0.0360104963183403,-0.0069930041208863,-0.0094438772648572,-0.0074487663805484,0.000211828839383,-0.006726105697453,0.0381275005638599,0.0191945638507604,-0.0067332796752452,0.0056876596063375,0.0032867675181478,0.0093945879489183,-0.0014332451391965,0.035489123314619,-0.0061513069085776,0.0402923114597797,-0.0096967443823814,-0.0298181716352701,0.0256249904632568,0.0177646018564701,0.0400162748992443,0.0384319759905338,-0.056445300579071,-0.0115859564393758,0.0091078160330653,-0.0147828804329037,0.0106666758656501,0.0789420530200004,0.0064948182553052,0.0028345696628093,-0.016535585746169,-0.0525609366595745,0.0043059070594608,-0.0149281388148665,0.0557370260357856,-0.0386921167373657,0.0067685609683394,0.0251396354287862,-0.0461006797850132,-0.0040800706483423,0.0014095790684223,-0.0424436703324317,-0.0249346047639846,-0.0052994033321738,0.0002061934646917,0.0390969365835189,-0.0432989373803138,-0.0250537134706974,0.0073275892063975,-0.005339965224266,0.0096276625990867,-0.0672422274947166,0.0235219467431306,-0.0118129812180995,-0.033333346247673,-0.0769346952438354,-0.0244163516908884,-0.0034712248016148,0.2524698078632355,0.0856956169009208,-0.0464504435658454,-0.0027778102084994,-0.0375000163912773,0.0080711860209703,0.0403877198696136,-0.020846489816904,0.0816985204374733,-0.0135242406740364,0.1193168230073653,-0.0099009737509142,0.076621267898141,-0.0139949283412158,0.1382413505105988,0.0520957014592213,0.0893145381365896,0.0496021727956623,0.2084006012871764,0.021248579194345,2019-02-28,2019-03-01,2019-03-04,2019-03-05,2019-03-06,2019-03-07,2019-03-08,2019-03-11,2019-03-12,2019-03-13,12008.0,2019-02-27,252.0,-30.1129%,-0.0034,1.5644,1.3589,0.441,3.1659%,3.6030%,22.7930%,-0.304832,DY,12008.0,2019-02-28,252.0,4.0388%,-0.0032,1.5519,1.3519,0.4203,3.1809%,3.6095%,22.3352%,0.045968,DY,12008.0,2019-03-01,252.0,3.9707%,-0.003,1.5487,1.3473,0.4019,3.1848%,3.6107%,22.1966%,0.026205,DY,12008.0,2019-03-04,252.0,3.4777%,-0.0029,1.5459,1.312,0.4128,3.1998%,3.6183%,21.7972%,0.046562,DY,12008.0,2019-03-05,252.0,-1.2371%,-0.0028,1.5503,1.3449,0.4166,3.1977%,3.6187%,21.9115%,-0.004775,DY,12008.0,2019-03-06,252.0,-2.6096%,-0.0027,1.5536,1.3266,0.4178,3.1972%,3.6217%,22.0681%,0.0036149999999999,DY,12008.0,2019-03-07,252.0,-0.7074%,-0.0027,1.5509,1.3342,0.4164,3.1974%,3.6216%,22.0529%,0.007883,DY,12008.0,2019-03-08,252.0,1.8998%,-0.0025,1.5473,1.3376,0.4104,3.2012%,3.6239%,21.9662%,0.022361,DY,12008.0,2019-03-11,252.0,3.4534%,-0.0025,1.553,1.3453,0.4119,3.2020%,3.6315%,22.2548%,0.008708,DY,12008.0,2019-03-12,252.0,0.7577%,-0.0025,1.5515,1.341,0.4084,3.2026%,3.6280%,22.0769%,0.007701,DY,12008.0,2019-03-13,252.0,0.2439%,-0.0025,1.5509,1.3426,0.4081,3.2026%,3.6280%,22.0790%,-0.004236,DY,-0.258864,-0.2326589999999999,-0.1860969999999999,-0.1872569999999999,-0.1448399999999999
11915,DYCOM INDUSTRIES INC,Dycom Industries shares are trading lower after the company missed Q4 EPS estimates and issued weak Q1 guidance.,6,decrease,0.9,0.8,"missing eps estimates and providing weak guidance typically signals financial underperformance, which is likely to lead to a decrease in stock price.",0,2019-02-27,DY,2019-02-27 14:07:00+00:00,12008.0,26747510,-0.301129013299942,6804211.0,0.0403877198696136,-0.020846489816904,0.0397071205079555,0.0074781421571969,0.0347770676016807,0.0036729406565427,-0.01237110234797,-0.0164912715554237,-0.0260960329324007,0.0125635666772723,-0.00707399379462,-0.0038022475782781,0.0189982969313859,-0.0028436067514121,0.0345339216291904,0.0194878261536359,0.0075772870332002,0.0069737317971885,0.0024390027392655,0.0463261418044567,-0.0044606896117329,0.0243351571261882,0.0059063322842121,-0.0224299021065235,0.0068839876912534,-0.0263070836663246,-0.0148803107440471,-0.0077163227833807,-0.0040824813768267,0.0369424261152744,0.0120926452800631,0.0260262303054332,-0.04941276460886,-0.0137812104076147,-0.0074562947265803,0.008512819185853,-0.0107319168746471,0.0040118531323969,-0.0210458058863878,-0.04513655975461,0.0073138703592121,0.0145319467410445,0.010781031101942,0.0426356941461563,0.0326512865722179,0.0329389907419681,-0.0048482199199497,-0.0438489727675914,0.0150391673669219,-0.0313500836491584,0.0363105535507202,0.0282495841383934,0.0072493073530495,0.0024322338867932,-0.0117952851578593,-0.0113363079726696,-0.0360104963183403,-0.0069930041208863,-0.0094438772648572,-0.0074487663805484,0.000211828839383,-0.006726105697453,0.0381275005638599,0.0191945638507604,-0.0067332796752452,0.0056876596063375,0.0032867675181478,0.0093945879489183,-0.0014332451391965,0.035489123314619,-0.0061513069085776,0.0402923114597797,-0.0096967443823814,-0.0298181716352701,0.0256249904632568,0.0177646018564701,0.0400162748992443,0.0384319759905338,-0.056445300579071,-0.0115859564393758,0.0091078160330653,-0.0147828804329037,0.0106666758656501,0.0789420530200004,0.0064948182553052,0.0028345696628093,-0.016535585746169,-0.0525609366595745,0.0043059070594608,-0.0149281388148665,0.0557370260357856,-0.0386921167373657,0.0067685609683394,0.0251396354287862,-0.0461006797850132,-0.0040800706483423,0.0014095790684223,-0.0424436703324317,-0.0249346047639846,-0.0052994033321738,0.0002061934646917,0.0390969365835189,-0.0432989373803138,-0.0250537134706974,0.0073275892063975,-0.005339965224266,0.0096276625990867,-0.0672422274947166,0.0235219467431306,-0.0118129812180995,-0.033333346247673,-0.0769346952438354,-0.0244163516908884,-0.0034712248016148,0.2524698078632355,0.0856956169009208,-0.0464504435658454,-0.0027778102084994,-0.0375000163912773,0.0080711860209703,0.0403877198696136,-0.020846489816904,0.0816985204374733,-0.0135242406740364,0.1193168230073653,-0.0099009737509142,0.076621267898141,-0.0139949283412158,0.1382413505105988,0.0520957014592213,0.0893145381365896,0.0496021727956623,0.2084006012871764,0.021248579194345,2019-02-28,2019-03-01,2019-03-04,2019-03-05,2019-03-06,2019-03-07,2019-03-08,2019-03-11,2019-03-12,2019-03-13,12008.0,2019-02-27,252.0,-30.1129%,-0.0034,1.5644,1.3589,0.441,3.1659%,3.6030%,22.7930%,-0.304832,DY,12008.0,2019-02-28,252.0,4.0388%,-0.0032,1.5519,1.3519,0.4203,3.1809%,3.6095%,22.3352%,0.045968,DY,12008.0,2019-03-01,252.0,3.9707%,-0.003,1.5487,1.3473,0.4019,3.1848%,3.6107%,22.1966%,0.026205,DY,12008.0,2019-03-04,252.0,3.4777%,-0.0029,1.5459,1.312,0.4128,3.1998%,3.6183%,21.7972%,0.046562,DY,12008.0,2019-03-05,252.0,-1.2371%,-0.0028,1.5503,1.3449,0.4166,3.1977%,3.6187%,21.9115%,-0.004775,DY,12008.0,2019-03-06,252.0,-2.6096%,-0.0027,1.5536,1.3266,0.4178,3.1972%,3.6217%,22.0681%,0.0036149999999999,DY,12008.0,2019-03-07,252.0,-0.7074%,-0.0027,1.5509,1.3342,0.4164,3.1974%,3.6216%,22.0529%,0.007883,DY,12008.0,2019-03-08,252.0,1.8998%,-0.0025,1.5473,1.3376,0.4104,3.2012%,3.6239%,21.9662%,0.022361,DY,12008.0,2019-03-11,252.0,3.4534%,-0.0025,1.553,1.3453,0.4119,3.2020%,3.6315%,22.2548%,0.008708,DY,12008.0,2019-03-12,252.0,0.7577%,-0.0025,1.5515,1.341,0.4084,3.2026%,3.6280%,22.0769%,0.007701,DY,12008.0,2019-03-13,252.0,0.2439%,-0.0025,1.5509,1.3426,0.4081,3.2026%,3.6280%,22.0790%,-0.004236,DY,-0.258864,-0.2326589999999999,-0.1860969999999999,-0.1872569999999999,-0.1448399999999999
11923,DYCOM INDUSTRIES INC,"Dycom Industries Sees Q1 Adj. EPS $0.34-$0.56 vs $0.80 Est., Sales $750M-$800M vs $784.06M Est.",6,decrease,0.8,0.7,"the company's adjusted eps and sales guidance are both below analyst estimates, which is likely to lead to a negative reaction in the stock price.",0,2019-02-27,DY,2019-02-27 11:13:00+00:00,12008.0,26747510,-0.301129013299942,6804211.0,0.0403877198696136,-0.020846489816904,0.0397071205079555,0.0074781421571969,0.0347770676016807,0.0036729406565427,-0.01237110234797,-0.0164912715554237,-0.0260960329324007,0.0125635666772723,-0.00707399379462,-0.0038022475782781,0.0189982969313859,-0.0028436067514121,0.0345339216291904,0.0194878261536359,0.0075772870332002,0.0069737317971885,0.0024390027392655,0.0463261418044567,-0.0044606896117329,0.0243351571261882,0.0059063322842121,-0.0224299021065235,0.0068839876912534,-0.0263070836663246,-0.0148803107440471,-0.0077163227833807,-0.0040824813768267,0.0369424261152744,0.0120926452800631,0.0260262303054332,-0.04941276460886,-0.0137812104076147,-0.0074562947265803,0.008512819185853,-0.0107319168746471,0.0040118531323969,-0.0210458058863878,-0.04513655975461,0.0073138703592121,0.0145319467410445,0.010781031101942,0.0426356941461563,0.0326512865722179,0.0329389907419681,-0.0048482199199497,-0.0438489727675914,0.0150391673669219,-0.0313500836491584,0.0363105535507202,0.0282495841383934,0.0072493073530495,0.0024322338867932,-0.0117952851578593,-0.0113363079726696,-0.0360104963183403,-0.0069930041208863,-0.0094438772648572,-0.0074487663805484,0.000211828839383,-0.006726105697453,0.0381275005638599,0.0191945638507604,-0.0067332796752452,0.0056876596063375,0.0032867675181478,0.0093945879489183,-0.0014332451391965,0.035489123314619,-0.0061513069085776,0.0402923114597797,-0.0096967443823814,-0.0298181716352701,0.0256249904632568,0.0177646018564701,0.0400162748992443,0.0384319759905338,-0.056445300579071,-0.0115859564393758,0.0091078160330653,-0.0147828804329037,0.0106666758656501,0.0789420530200004,0.0064948182553052,0.0028345696628093,-0.016535585746169,-0.0525609366595745,0.0043059070594608,-0.0149281388148665,0.0557370260357856,-0.0386921167373657,0.0067685609683394,0.0251396354287862,-0.0461006797850132,-0.0040800706483423,0.0014095790684223,-0.0424436703324317,-0.0249346047639846,-0.0052994033321738,0.0002061934646917,0.0390969365835189,-0.0432989373803138,-0.0250537134706974,0.0073275892063975,-0.005339965224266,0.0096276625990867,-0.0672422274947166,0.0235219467431306,-0.0118129812180995,-0.033333346247673,-0.0769346952438354,-0.0244163516908884,-0.0034712248016148,0.2524698078632355,0.0856956169009208,-0.0464504435658454,-0.0027778102084994,-0.0375000163912773,0.0080711860209703,0.0403877198696136,-0.020846489816904,0.0816985204374733,-0.0135242406740364,0.1193168230073653,-0.0099009737509142,0.076621267898141,-0.0139949283412158,0.1382413505105988,0.0520957014592213,0.0893145381365896,0.0496021727956623,0.2084006012871764,0.021248579194345,2019-02-28,2019-03-01,2019-03-04,2019-03-05,2019-03-06,2019-03-07,2019-03-08,2019-03-11,2019-03-12,2019-03-13,12008.0,2019-02-27,252.0,-30.1129%,-0.0034,1.5644,1.3589,0.441,3.1659%,3.6030%,22.7930%,-0.304832,DY,12008.0,2019-02-28,252.0,4.0388%,-0.0032,1.5519,1.3519,0.4203,3.1809%,3.6095%,22.3352%,0.045968,DY,12008.0,2019-03-01,252.0,3.9707%,-0.003,1.5487,1.3473,0.4019,3.1848%,3.6107%,22.1966%,0.026205,DY,12008.0,2019-03-04,252.0,3.4777%,-0.0029,1.5459,1.312,0.4128,3.1998%,3.6183%,21.7972%,0.046562,DY,12008.0,2019-03-05,252.0,-1.2371%,-0.0028,1.5503,1.3449,0.4166,3.1977%,3.6187%,21.9115%,-0.004775,DY,12008.0,2019-03-06,252.0,-2.6096%,-0.0027,1.5536,1.3266,0.4178,3.1972%,3.6217%,22.0681%,0.0036149999999999,DY,12008.0,2019-03-07,252.0,-0.7074%,-0.0027,1.5509,1.3342,0.4164,3.1974%,3.6216%,22.0529%,0.007883,DY,12008.0,2019-03-08,252.0,1.8998%,-0.0025,1.5473,1.3376,0.4104,3.2012%,3.6239%,21.9662%,0.022361,DY,12008.0,2019-03-11,252.0,3.4534%,-0.0025,1.553,1.3453,0.4119,3.2020%,3.6315%,22.2548%,0.008708,DY,12008.0,2019-03-12,252.0,0.7577%,-0.0025,1.5515,1.341,0.4084,3.2026%,3.6280%,22.0769%,0.007701,DY,12008.0,2019-03-13,252.0,0.2439%,-0.0025,1.5509,1.3426,0.4081,3.2026%,3.6280%,22.0790%,-0.004236,DY,-0.258864,-0.2326589999999999,-0.1860969999999999,-0.1872569999999999,-0.1448399999999999
11931,DYCOM INDUSTRIES INC,"Dycom Industries Q4 Adj. EPS $0.10 Misses $0.16 Estimate, Sales $748.619M Beat $713.73M Estimate",6,decrease,0.7,0.5,"the miss on adjusted eps is likely to weigh more heavily on investor sentiment than the sales beat, leading to a potential decrease in stock price.",0,2019-02-27,DY,2019-02-27 11:11:00+00:00,12008.0,26747510,-0.301129013299942,6804211.0,0.0403877198696136,-0.020846489816904,0.0397071205079555,0.0074781421571969,0.0347770676016807,0.0036729406565427,-0.01237110234797,-0.0164912715554237,-0.0260960329324007,0.0125635666772723,-0.00707399379462,-0.0038022475782781,0.0189982969313859,-0.0028436067514121,0.0345339216291904,0.0194878261536359,0.0075772870332002,0.0069737317971885,0.0024390027392655,0.0463261418044567,-0.0044606896117329,0.0243351571261882,0.0059063322842121,-0.0224299021065235,0.0068839876912534,-0.0263070836663246,-0.0148803107440471,-0.0077163227833807,-0.0040824813768267,0.0369424261152744,0.0120926452800631,0.0260262303054332,-0.04941276460886,-0.0137812104076147,-0.0074562947265803,0.008512819185853,-0.0107319168746471,0.0040118531323969,-0.0210458058863878,-0.04513655975461,0.0073138703592121,0.0145319467410445,0.010781031101942,0.0426356941461563,0.0326512865722179,0.0329389907419681,-0.0048482199199497,-0.0438489727675914,0.0150391673669219,-0.0313500836491584,0.0363105535507202,0.0282495841383934,0.0072493073530495,0.0024322338867932,-0.0117952851578593,-0.0113363079726696,-0.0360104963183403,-0.0069930041208863,-0.0094438772648572,-0.0074487663805484,0.000211828839383,-0.006726105697453,0.0381275005638599,0.0191945638507604,-0.0067332796752452,0.0056876596063375,0.0032867675181478,0.0093945879489183,-0.0014332451391965,0.035489123314619,-0.0061513069085776,0.0402923114597797,-0.0096967443823814,-0.0298181716352701,0.0256249904632568,0.0177646018564701,0.0400162748992443,0.0384319759905338,-0.056445300579071,-0.0115859564393758,0.0091078160330653,-0.0147828804329037,0.0106666758656501,0.0789420530200004,0.0064948182553052,0.0028345696628093,-0.016535585746169,-0.0525609366595745,0.0043059070594608,-0.0149281388148665,0.0557370260357856,-0.0386921167373657,0.0067685609683394,0.0251396354287862,-0.0461006797850132,-0.0040800706483423,0.0014095790684223,-0.0424436703324317,-0.0249346047639846,-0.0052994033321738,0.0002061934646917,0.0390969365835189,-0.0432989373803138,-0.0250537134706974,0.0073275892063975,-0.005339965224266,0.0096276625990867,-0.0672422274947166,0.0235219467431306,-0.0118129812180995,-0.033333346247673,-0.0769346952438354,-0.0244163516908884,-0.0034712248016148,0.2524698078632355,0.0856956169009208,-0.0464504435658454,-0.0027778102084994,-0.0375000163912773,0.0080711860209703,0.0403877198696136,-0.020846489816904,0.0816985204374733,-0.0135242406740364,0.1193168230073653,-0.0099009737509142,0.076621267898141,-0.0139949283412158,0.1382413505105988,0.0520957014592213,0.0893145381365896,0.0496021727956623,0.2084006012871764,0.021248579194345,2019-02-28,2019-03-01,2019-03-04,2019-03-05,2019-03-06,2019-03-07,2019-03-08,2019-03-11,2019-03-12,2019-03-13,12008.0,2019-02-27,252.0,-30.1129%,-0.0034,1.5644,1.3589,0.441,3.1659%,3.6030%,22.7930%,-0.304832,DY,12008.0,2019-02-28,252.0,4.0388%,-0.0032,1.5519,1.3519,0.4203,3.1809%,3.6095%,22.3352%,0.045968,DY,12008.0,2019-03-01,252.0,3.9707%,-0.003,1.5487,1.3473,0.4019,3.1848%,3.6107%,22.1966%,0.026205,DY,12008.0,2019-03-04,252.0,3.4777%,-0.0029,1.5459,1.312,0.4128,3.1998%,3.6183%,21.7972%,0.046562,DY,12008.0,2019-03-05,252.0,-1.2371%,-0.0028,1.5503,1.3449,0.4166,3.1977%,3.6187%,21.9115%,-0.004775,DY,12008.0,2019-03-06,252.0,-2.6096%,-0.0027,1.5536,1.3266,0.4178,3.1972%,3.6217%,22.0681%,0.0036149999999999,DY,12008.0,2019-03-07,252.0,-0.7074%,-0.0027,1.5509,1.3342,0.4164,3.1974%,3.6216%,22.0529%,0.007883,DY,12008.0,2019-03-08,252.0,1.8998%,-0.0025,1.5473,1.3376,0.4104,3.2012%,3.6239%,21.9662%,0.022361,DY,12008.0,2019-03-11,252.0,3.4534%,-0.0025,1.553,1.3453,0.4119,3.2020%,3.6315%,22.2548%,0.008708,DY,12008.0,2019-03-12,252.0,0.7577%,-0.0025,1.5515,1.341,0.4084,3.2026%,3.6280%,22.0769%,0.007701,DY,12008.0,2019-03-13,252.0,0.2439%,-0.0025,1.5509,1.3426,0.4081,3.2026%,3.6280%,22.0790%,-0.004236,DY,-0.258864,-0.2326589999999999,-0.1860969999999999,-0.1872569999999999,-0.1448399999999999
11939,EBAY INC,UPDATE: Elliott And Starboard Could Have Say In Another Board Seat In Future,6,increase,0.7,0.6,"the involvement of elliott and starboard, known for their activist investing strategies, could lead to positive changes in governance or strategy, which may boost investor confidence and the stock price.",2,2019-02-27,EBAY,2019-02-27 19:55:00+00:00,86356.0,27864210,0.0053504751995205,10564982.0,-0.0077168783172965,0.0010712618241086,0.00538349756971,-0.004001107532531,-0.0026773354038596,0.0137912966310977,-0.0034899616148322,0.0065323314629495,-0.0083512272685766,-0.0083670057356357,-0.0162999797612428,0.0128484796732664,-0.008837329223752,0.0071586491540074,0.0100306663662195,0.0016547539271414,0.000827552517876,0.0019342276500537,0.0049614198505878,0.0168586242944002,-0.0030170218087732,0.0093590999022126,-0.0013754948740825,0.000283640314592,-0.00082641269546,-0.0064825126901268,0.0165425557643175,0.0042456183582544,-0.0046107452362775,0.0079886615276336,0.0136239780113101,0.0215679928660392,-0.0147849256172776,0.0196136645972728,0.0019099506316706,-0.0126173794269561,0.0049019688740372,0.0115762306377291,-0.0018970106029883,-0.0097002303227782,-0.0013576716883108,0.0088967746123671,0.0097879450768232,0.032771810889244,0.0145396050065755,0.0012266456615179,0.0063693700358271,-0.0088146170601248,0.0018460842547938,0.0612903721630573,0.0015792986378073,0.0204081907868385,-0.005519030150026,0.0029712195973843,-0.0007927795522846,-0.0123899299651384,-0.0015869180206209,0.0152267795056104,-0.0007946696714498,-0.0065768091008067,-0.0371156260371208,-0.0052338843233883,-0.0041299979202449,0.0092439344152808,0.0016588713042438,0.0096666971221566,0.004416225478053,0.017984414473176,-0.0115415826439857,0.0172592345625162,0.0002779627684503,0.0229519642889499,0.004724902100861,-0.0183709077537059,0.0143844159319996,0.0277876984328031,0.0504500232636928,-0.0060198325663805,-0.0106438174843788,0.0074919401668012,0.0065599577501416,0.0064632063731551,-0.0028675862122327,0.0654170215129852,0.0130718955770134,-0.0165538191795349,-0.0245161484926939,-0.0503751300275325,-0.0055555314756929,-0.0109540447592735,0.0183559097349643,-0.0070175705477595,-0.0104492614045739,0.0007022632635198,-0.0052798511460423,-0.0148737570270896,-0.0037154827732592,-0.0037905103527009,0.0021310073789209,-0.00068872096017,-0.006379528902471,-0.0003441763110458,-0.0403959900140762,0.0024154484272003,0.0259269680827856,-0.0027529224753379,0.0065217847004532,-0.0139124486595392,0.0062094908207654,0.007177002262324,-0.0099275270476937,-0.031125845387578,-0.0092140957713127,0.0117253055796027,0.0005470584728755,0.0111788585782051,-0.0073810946196317,-0.0080645084381103,-0.0099146403372287,0.035490620881319,-0.0077168783172965,0.0010712618241086,-0.0023749245432533,-0.002934131942176,-0.0050459014775519,0.0108166992049523,-0.0167983424910067,0.0089069325595971,-0.0261469650069712,0.0502950517774594,0.0075079157709667,0.2292009598999709,-0.0397691088574294,0.3006263430973352,2019-02-28,2019-03-01,2019-03-04,2019-03-05,2019-03-06,2019-03-07,2019-03-08,2019-03-11,2019-03-12,2019-03-13,86356.0,2019-02-27,252.0,0.5350%,-0.0006,0.9398,0.3943,0.1437,1.4388%,1.7440%,31.9329%,0.003825,EBAY,86356.0,2019-02-28,252.0,-0.7717%,-0.0006,0.9392,0.3938,0.1442,1.4390%,1.7420%,31.7651%,-0.0046229999999999,EBAY,86356.0,2019-03-01,252.0,0.5383%,-0.0006,0.9428,0.3992,0.1504,1.4384%,1.7419%,31.8106%,-0.002034,EBAY,86356.0,2019-03-04,252.0,-0.2677%,-0.0006,0.9396,0.4066,0.1521,1.4381%,1.7399%,31.6835%,0.003145,EBAY,86356.0,2019-03-05,252.0,-0.3490%,-0.0006,0.9382,0.3957,0.151,1.4376%,1.7369%,31.4965%,-0.000357,EBAY,86356.0,2019-03-06,252.0,-0.8351%,-0.0006,0.9375,0.3843,0.1487,1.4378%,1.7372%,31.4976%,0.004365,EBAY,86356.0,2019-03-07,252.0,-1.6300%,-0.0006,0.9425,0.3946,0.1583,1.4379%,1.7401%,31.7138%,-0.007943,EBAY,86356.0,2019-03-08,252.0,-0.8837%,-0.0007,0.9445,0.3768,0.1623,1.4349%,1.7368%,31.7457%,-0.006782,EBAY,86356.0,2019-03-11,252.0,1.0031%,-0.0007,0.9426,0.3693,0.159,1.4345%,1.7378%,31.8542%,-0.004644,EBAY,86356.0,2019-03-12,252.0,0.0828%,-0.0006,0.9529,0.367,0.1698,1.4325%,1.7377%,32.0372%,-0.000458,EBAY,86356.0,2019-03-13,252.0,0.4961%,-0.0006,0.953,0.3655,0.1695,1.4325%,1.7379%,32.0629%,-0.00057,EBAY,-0.0007979999999999,-0.0028319999999999,0.000313,0.004321,-0.016076
11947,EBAY INC,"Watching eBay Shares Amid Report Elliott, Starboard Expected To Win 1 Board Seat Each As Related To Co. Settlement",6,increase,0.7,0.6,"the news suggests that influential investors like elliott and starboard are gaining board representation, which could lead to positive changes and strategic direction for ebay, likely boosting investor confidence.",2,2019-02-27,EBAY,2019-02-27 19:50:00+00:00,86356.0,27864210,0.0053504751995205,10564982.0,-0.0077168783172965,0.0010712618241086,0.00538349756971,-0.004001107532531,-0.0026773354038596,0.0137912966310977,-0.0034899616148322,0.0065323314629495,-0.0083512272685766,-0.0083670057356357,-0.0162999797612428,0.0128484796732664,-0.008837329223752,0.0071586491540074,0.0100306663662195,0.0016547539271414,0.000827552517876,0.0019342276500537,0.0049614198505878,0.0168586242944002,-0.0030170218087732,0.0093590999022126,-0.0013754948740825,0.000283640314592,-0.00082641269546,-0.0064825126901268,0.0165425557643175,0.0042456183582544,-0.0046107452362775,0.0079886615276336,0.0136239780113101,0.0215679928660392,-0.0147849256172776,0.0196136645972728,0.0019099506316706,-0.0126173794269561,0.0049019688740372,0.0115762306377291,-0.0018970106029883,-0.0097002303227782,-0.0013576716883108,0.0088967746123671,0.0097879450768232,0.032771810889244,0.0145396050065755,0.0012266456615179,0.0063693700358271,-0.0088146170601248,0.0018460842547938,0.0612903721630573,0.0015792986378073,0.0204081907868385,-0.005519030150026,0.0029712195973843,-0.0007927795522846,-0.0123899299651384,-0.0015869180206209,0.0152267795056104,-0.0007946696714498,-0.0065768091008067,-0.0371156260371208,-0.0052338843233883,-0.0041299979202449,0.0092439344152808,0.0016588713042438,0.0096666971221566,0.004416225478053,0.017984414473176,-0.0115415826439857,0.0172592345625162,0.0002779627684503,0.0229519642889499,0.004724902100861,-0.0183709077537059,0.0143844159319996,0.0277876984328031,0.0504500232636928,-0.0060198325663805,-0.0106438174843788,0.0074919401668012,0.0065599577501416,0.0064632063731551,-0.0028675862122327,0.0654170215129852,0.0130718955770134,-0.0165538191795349,-0.0245161484926939,-0.0503751300275325,-0.0055555314756929,-0.0109540447592735,0.0183559097349643,-0.0070175705477595,-0.0104492614045739,0.0007022632635198,-0.0052798511460423,-0.0148737570270896,-0.0037154827732592,-0.0037905103527009,0.0021310073789209,-0.00068872096017,-0.006379528902471,-0.0003441763110458,-0.0403959900140762,0.0024154484272003,0.0259269680827856,-0.0027529224753379,0.0065217847004532,-0.0139124486595392,0.0062094908207654,0.007177002262324,-0.0099275270476937,-0.031125845387578,-0.0092140957713127,0.0117253055796027,0.0005470584728755,0.0111788585782051,-0.0073810946196317,-0.0080645084381103,-0.0099146403372287,0.035490620881319,-0.0077168783172965,0.0010712618241086,-0.0023749245432533,-0.002934131942176,-0.0050459014775519,0.0108166992049523,-0.0167983424910067,0.0089069325595971,-0.0261469650069712,0.0502950517774594,0.0075079157709667,0.2292009598999709,-0.0397691088574294,0.3006263430973352,2019-02-28,2019-03-01,2019-03-04,2019-03-05,2019-03-06,2019-03-07,2019-03-08,2019-03-11,2019-03-12,2019-03-13,86356.0,2019-02-27,252.0,0.5350%,-0.0006,0.9398,0.3943,0.1437,1.4388%,1.7440%,31.9329%,0.003825,EBAY,86356.0,2019-02-28,252.0,-0.7717%,-0.0006,0.9392,0.3938,0.1442,1.4390%,1.7420%,31.7651%,-0.0046229999999999,EBAY,86356.0,2019-03-01,252.0,0.5383%,-0.0006,0.9428,0.3992,0.1504,1.4384%,1.7419%,31.8106%,-0.002034,EBAY,86356.0,2019-03-04,252.0,-0.2677%,-0.0006,0.9396,0.4066,0.1521,1.4381%,1.7399%,31.6835%,0.003145,EBAY,86356.0,2019-03-05,252.0,-0.3490%,-0.0006,0.9382,0.3957,0.151,1.4376%,1.7369%,31.4965%,-0.000357,EBAY,86356.0,2019-03-06,252.0,-0.8351%,-0.0006,0.9375,0.3843,0.1487,1.4378%,1.7372%,31.4976%,0.004365,EBAY,86356.0,2019-03-07,252.0,-1.6300%,-0.0006,0.9425,0.3946,0.1583,1.4379%,1.7401%,31.7138%,-0.007943,EBAY,86356.0,2019-03-08,252.0,-0.8837%,-0.0007,0.9445,0.3768,0.1623,1.4349%,1.7368%,31.7457%,-0.006782,EBAY,86356.0,2019-03-11,252.0,1.0031%,-0.0007,0.9426,0.3693,0.159,1.4345%,1.7378%,31.8542%,-0.004644,EBAY,86356.0,2019-03-12,252.0,0.0828%,-0.0006,0.9529,0.367,0.1698,1.4325%,1.7377%,32.0372%,-0.000458,EBAY,86356.0,2019-03-13,252.0,0.4961%,-0.0006,0.953,0.3655,0.1695,1.4325%,1.7379%,32.0629%,-0.00057,EBAY,-0.0007979999999999,-0.0028319999999999,0.000313,0.004321,-0.016076
11955,ENCORE CAPITAL GROUP INC,"Encore Capital Group Q4 Adj. EPS $1.45 Beats $1.23 Estimate, Sales $348.72M Beat $341.85M Estimate",6,increase,0.8,0.7,"the company reported better-than-expected earnings and sales, which typically leads to positive investor sentiment and an increase in stock price.",2,2019-02-27,ECPG,2019-02-27 21:24:00+00:00,87077.0,29255410,-0.0083631658926606,285697.0,0.0301204808056354,-0.0008952187490649,-0.0058479756116867,-0.0032718803267925,-0.0391177013516426,0.0268783513456583,0.0003061566094402,-0.0057697729207575,-0.0339657478034496,0.00213024020195,0.0022172853350639,0.0262336079031229,0.008217453956604,-0.0046626585535705,0.0050157289952039,0.0097299925982952,-0.007486016023904,0.010466219857335,-0.0015713148750364,0.0310660805553197,-0.001259078271687,0.0241125021129846,0.013236747123301,-0.0167928952723741,-0.0015553048579022,-0.0104268388822674,-0.0859812572598457,-0.0038948047440499,-0.0323790311813354,0.0215517114847898,-0.0052835373207926,-0.0046204421669244,-0.048158660531044,0.0257277693599462,-0.0104166213423013,0.0047619487158954,0.014661630615592,0.0075393868610262,0.0014820643700659,-0.0074829701334238,0.0170180927962064,0.022608682513237,-0.0094579933211207,0.0133944004774093,0.0554535537958145,-0.0024613114073872,-0.032359093427658,0.0142653211951255,0.0136641878634691,-0.0154493898153305,0.0227030646055936,0.0156918186694383,0.0194241926074028,0.0014286041259765,-0.0054440232925117,0.0090090092271566,-0.0355798490345478,0.0068940687924623,0.0216388329863548,-0.0086330855265259,0.0097222458571195,0.0131194861605763,0.009628633968532,0.0069724968634545,-0.0160082150250673,0.0306353792548179,0.0152302021160721,0.0204554498195648,-0.0252301320433616,0.0273592602461576,0.0199370309710502,0.0340303368866443,-0.0041151898913085,-0.0061125312931835,0.0182506460696458,0.04425535723567,0.0081163262948393,-0.0084388507530093,-0.010734642855823,0.0093697281554341,0.0152594363316893,0.0366445891559124,-0.0053440160118043,0.0457063615322113,-0.051040980964899,-0.0100548136979341,-0.0276008732616901,-0.0253898259252309,-0.0032751148100942,-0.0039929081685841,0.0489229708909988,-0.0118368500843644,0.0087017053738236,0.0160355772823095,-0.0372670777142047,0.0199909377843141,0.0043011056259274,-0.037182867527008,0.1677373498678207,-0.0167741663753986,0.1210268586874008,0.0121898427605629,-0.0321701280772686,-0.0258694067597389,0.0081690400838851,-0.0522507764399051,-0.0201173853129148,-0.0412332005798816,0.0039919987320899,-0.0273613017052412,-0.0193127039819955,-0.0668065696954727,-0.0040544280782341,0.0218013096600771,0.0226809773594141,0.0313306450843811,0.0210407078266143,0.001106966054067,-0.0033416578080505,0.0253499839454889,0.0301204808056354,-0.0008952187490649,0.024096361356785,-0.0041641700272443,-0.0159639342620735,0.0226022552933586,-0.0490964187867889,0.01886789212029,-0.0430722994903024,0.0948332113310908,-0.1325301614368939,0.2043165617864064,0.0780120467047715,0.2667423055686269,2019-02-28,2019-03-01,2019-03-04,2019-03-05,2019-03-06,2019-03-07,2019-03-08,2019-03-11,2019-03-12,2019-03-13,87077.0,2019-02-27,252.0,-0.8363%,-0.0006,0.9177,0.9816,0.7032,1.9657%,2.1985%,20.0588%,-0.010357,ECPG,87077.0,2019-02-28,252.0,3.0120%,-0.0005,0.9159,0.9816,0.6937,1.9771%,2.2070%,19.7492%,0.034427,ECPG,87077.0,2019-03-01,252.0,-0.5848%,-0.0008,0.9474,1.0284,0.748,1.9465%,2.1931%,21.2296%,-0.0126039999999999,ECPG,87077.0,2019-03-04,252.0,-3.9118%,-0.0009,0.9495,1.0507,0.7409,1.9569%,2.2062%,21.3277%,-0.033085,ECPG,87077.0,2019-03-05,252.0,0.0306%,-0.0008,0.948,1.0444,0.737,1.9575%,2.2039%,21.1121%,0.006866,ECPG,87077.0,2019-03-06,252.0,-3.3966%,-0.0009,0.9506,1.072,0.7436,1.9587%,2.2123%,21.6092%,-0.013228,ECPG,87077.0,2019-03-07,252.0,0.2217%,-0.001,0.9378,1.0366,0.7166,1.9538%,2.1995%,21.0950%,0.013126,ECPG,87077.0,2019-03-08,252.0,0.8217%,-0.0009,0.9361,1.0381,0.7138,1.9552%,2.2001%,21.0248%,0.01089,ECPG,87077.0,2019-03-11,252.0,0.5016%,-0.001,0.9317,1.0401,0.7172,1.9555%,2.2004%,21.0233%,-0.009047,ECPG,87077.0,2019-03-12,252.0,-0.7486%,-0.001,0.9397,1.0409,0.7267,1.9548%,2.2005%,21.0870%,-0.006419,ECPG,87077.0,2019-03-13,252.0,-0.1571%,-0.001,0.9383,1.0414,0.7253,1.9549%,2.2002%,21.0539%,-0.005302,ECPG,0.02407,0.011466,-0.021619,-0.027981,-0.0247329999999999
11963,ENTEGRIS INC,UPDATE: Entegris Calls Merck KGaA Merger With Versum 'highly complementary and strategically compelling',6,increase,0.7,0.6,"the statement suggests that the merger is seen as beneficial and strategically advantageous, which could positively influence investor sentiment towards entegris inc.",2,2019-02-27,ENTG,2019-02-27 19:29:00+00:00,88439.0,29362U10,-0.0267691053450107,9204358.0,-0.0378540121018886,0.0183535851538181,0.0251910369843244,0.0192572437226772,0.0107675148174166,0.0210674162954092,-0.0051899054087698,0.0059338537976145,-0.0285556595772504,0.0299766808748245,-0.0121537670493125,0.0052662463858723,0.0025751115754246,-0.0008769009145908,0.0134131675586104,0.0088469255715608,-0.0022528306581079,-0.0067369523458182,-0.0039514363743364,0.0157690793275833,0.0014168103225529,0.0032836003229022,0.0,0.0057039512321352,-0.0050933873280882,-0.0217326842248439,0.0008532076026313,0.0216020811349153,-0.0167661309242248,-0.0092151472344994,0.0367052182555198,0.0077890446409583,-0.0342904813587665,0.009984927251935,0.0011547608301043,-0.0195787567645311,0.0167242791503667,0.0086774667724967,-0.0155983911827206,0.0099516985937953,0.0057620503939688,0.0587484091520309,0.0223431326448917,0.0132643105462193,0.0305407736450433,0.0449628084897995,-0.0019032000564038,0.0023720669560134,0.0220648702234029,-0.0176431648433208,-0.0010661224368959,0.024207329377532,0.0106723997741937,0.0138264643028378,0.0205913074314594,0.0080139208585023,0.0134506067261099,0.0003485614724922,0.0045941886492073,-0.0194805096834898,-0.0020325668156147,0.0058439350686967,0.0239308159798383,0.005183124449104,-0.0111884819343686,0.0346800573170185,0.0015087093925103,-0.0368457846343517,0.0130554009228944,0.0111421169713139,0.0064436714164912,0.0470287650823593,0.0019699092954397,-0.0745613723993301,0.0,0.0625559762120246,0.0041779796592891,0.0154714649543166,-0.0460107922554016,0.0288388971239328,0.0187275409698486,0.026923106983304,0.0186351463198661,0.0638297647237777,0.0118664978072047,-0.0223999787122011,-0.0058737560175359,-0.016135374084115,0.0088626444339752,0.0127540733665227,0.024646220728755,-0.033885221928358,-0.0261967666447162,0.008152138441801,-0.0124724460765719,-0.0092307608574628,-0.0094106253236532,-0.0240240022540092,-0.0077500343322753,-0.0041121724061667,-0.0153690306469798,0.0206028595566749,-0.0514330118894577,-0.0190868359059095,0.0221203044056892,0.0007490093703381,0.0105569157749414,-0.0416367501020431,-0.012535898014903,-0.0241680778563022,-0.0203649941831827,-0.057444754987955,-0.0240280609577894,0.0302721541374921,0.0035960511304438,0.0158949233591556,-0.0096471467986702,-0.006863378919661,-0.019203970208764,0.047071486711502,-0.0378540121018886,0.0183535851538181,-0.0136165569364279,0.0379642683389873,-0.0029956585975864,0.0598314936798445,-0.0364923761797503,0.0980791291832858,-0.0389433603295492,0.1225825304194681,0.0718954087129246,0.2921745249527077,-0.0386608794719856,0.3585708624216384,2019-02-28,2019-03-01,2019-03-04,2019-03-05,2019-03-06,2019-03-07,2019-03-08,2019-03-11,2019-03-12,2019-03-13,88439.0,2019-02-27,252.0,-2.6769%,0.0003,1.4644,0.8739,0.1265,1.8335%,2.4337%,43.2439%,-0.029704,ENTG,88439.0,2019-02-28,252.0,-3.7854%,0.0002,1.4717,0.8778,0.1396,1.8457%,2.4427%,42.9105%,-0.033273,ENTG,88439.0,2019-03-01,252.0,2.5191%,0.0002,1.4775,0.8865,0.143,1.8470%,2.4457%,42.9688%,0.012518,ENTG,88439.0,2019-03-04,252.0,1.0768%,0.0003,1.4768,0.8699,0.1475,1.8516%,2.4463%,42.7128%,0.021349,ENTG,88439.0,2019-03-05,252.0,-0.5190%,0.0003,1.4773,0.8734,0.1479,1.8515%,2.4441%,42.6120%,0.000281,ENTG,88439.0,2019-03-06,252.0,-2.8556%,0.0003,1.481,0.8838,0.1534,1.8518%,2.4502%,42.8825%,-0.005291,ENTG,88439.0,2019-03-07,252.0,-1.2154%,0.0002,1.4753,0.8569,0.1382,1.8465%,2.4424%,42.8418%,0.0010249999999999,ENTG,88439.0,2019-03-08,252.0,0.2575%,0.0002,1.4749,0.8507,0.138,1.8465%,2.4411%,42.7869%,0.0055369999999999,ENTG,88439.0,2019-03-11,252.0,1.3413%,0.0001,1.4689,0.8512,0.1414,1.8474%,2.4422%,42.7761%,-0.010998,ENTG,88439.0,2019-03-12,252.0,-0.2253%,0.0001,1.472,0.8522,0.1453,1.8474%,2.4392%,42.6371%,-0.003519,ENTG,88439.0,2019-03-13,252.0,-0.3951%,0.0001,1.468,0.8625,0.1434,1.8483%,2.4392%,42.5792%,-0.0114399999999999,ENTG,-0.062977,-0.050459,-0.02911,-0.03412,-0.053515
11971,ENTEGRIS INC,Entegris Offers Comment Following Offer From Merck KGaA To Versum Materials: Merger 'will be able to deliver meaningful value to Versum Materials and Entegris stockholders',6,increase,0.7,0.6,"the positive comment from entegris regarding the merger suggests potential value creation, which could boost investor confidence and lead to an increase in stock price.",2,2019-02-27,ENTG,2019-02-27 19:28:00+00:00,88439.0,29362U10,-0.0267691053450107,9204358.0,-0.0378540121018886,0.0183535851538181,0.0251910369843244,0.0192572437226772,0.0107675148174166,0.0210674162954092,-0.0051899054087698,0.0059338537976145,-0.0285556595772504,0.0299766808748245,-0.0121537670493125,0.0052662463858723,0.0025751115754246,-0.0008769009145908,0.0134131675586104,0.0088469255715608,-0.0022528306581079,-0.0067369523458182,-0.0039514363743364,0.0157690793275833,0.0014168103225529,0.0032836003229022,0.0,0.0057039512321352,-0.0050933873280882,-0.0217326842248439,0.0008532076026313,0.0216020811349153,-0.0167661309242248,-0.0092151472344994,0.0367052182555198,0.0077890446409583,-0.0342904813587665,0.009984927251935,0.0011547608301043,-0.0195787567645311,0.0167242791503667,0.0086774667724967,-0.0155983911827206,0.0099516985937953,0.0057620503939688,0.0587484091520309,0.0223431326448917,0.0132643105462193,0.0305407736450433,0.0449628084897995,-0.0019032000564038,0.0023720669560134,0.0220648702234029,-0.0176431648433208,-0.0010661224368959,0.024207329377532,0.0106723997741937,0.0138264643028378,0.0205913074314594,0.0080139208585023,0.0134506067261099,0.0003485614724922,0.0045941886492073,-0.0194805096834898,-0.0020325668156147,0.0058439350686967,0.0239308159798383,0.005183124449104,-0.0111884819343686,0.0346800573170185,0.0015087093925103,-0.0368457846343517,0.0130554009228944,0.0111421169713139,0.0064436714164912,0.0470287650823593,0.0019699092954397,-0.0745613723993301,0.0,0.0625559762120246,0.0041779796592891,0.0154714649543166,-0.0460107922554016,0.0288388971239328,0.0187275409698486,0.026923106983304,0.0186351463198661,0.0638297647237777,0.0118664978072047,-0.0223999787122011,-0.0058737560175359,-0.016135374084115,0.0088626444339752,0.0127540733665227,0.024646220728755,-0.033885221928358,-0.0261967666447162,0.008152138441801,-0.0124724460765719,-0.0092307608574628,-0.0094106253236532,-0.0240240022540092,-0.0077500343322753,-0.0041121724061667,-0.0153690306469798,0.0206028595566749,-0.0514330118894577,-0.0190868359059095,0.0221203044056892,0.0007490093703381,0.0105569157749414,-0.0416367501020431,-0.012535898014903,-0.0241680778563022,-0.0203649941831827,-0.057444754987955,-0.0240280609577894,0.0302721541374921,0.0035960511304438,0.0158949233591556,-0.0096471467986702,-0.006863378919661,-0.019203970208764,0.047071486711502,-0.0378540121018886,0.0183535851538181,-0.0136165569364279,0.0379642683389873,-0.0029956585975864,0.0598314936798445,-0.0364923761797503,0.0980791291832858,-0.0389433603295492,0.1225825304194681,0.0718954087129246,0.2921745249527077,-0.0386608794719856,0.3585708624216384,2019-02-28,2019-03-01,2019-03-04,2019-03-05,2019-03-06,2019-03-07,2019-03-08,2019-03-11,2019-03-12,2019-03-13,88439.0,2019-02-27,252.0,-2.6769%,0.0003,1.4644,0.8739,0.1265,1.8335%,2.4337%,43.2439%,-0.029704,ENTG,88439.0,2019-02-28,252.0,-3.7854%,0.0002,1.4717,0.8778,0.1396,1.8457%,2.4427%,42.9105%,-0.033273,ENTG,88439.0,2019-03-01,252.0,2.5191%,0.0002,1.4775,0.8865,0.143,1.8470%,2.4457%,42.9688%,0.012518,ENTG,88439.0,2019-03-04,252.0,1.0768%,0.0003,1.4768,0.8699,0.1475,1.8516%,2.4463%,42.7128%,0.021349,ENTG,88439.0,2019-03-05,252.0,-0.5190%,0.0003,1.4773,0.8734,0.1479,1.8515%,2.4441%,42.6120%,0.000281,ENTG,88439.0,2019-03-06,252.0,-2.8556%,0.0003,1.481,0.8838,0.1534,1.8518%,2.4502%,42.8825%,-0.005291,ENTG,88439.0,2019-03-07,252.0,-1.2154%,0.0002,1.4753,0.8569,0.1382,1.8465%,2.4424%,42.8418%,0.0010249999999999,ENTG,88439.0,2019-03-08,252.0,0.2575%,0.0002,1.4749,0.8507,0.138,1.8465%,2.4411%,42.7869%,0.0055369999999999,ENTG,88439.0,2019-03-11,252.0,1.3413%,0.0001,1.4689,0.8512,0.1414,1.8474%,2.4422%,42.7761%,-0.010998,ENTG,88439.0,2019-03-12,252.0,-0.2253%,0.0001,1.472,0.8522,0.1453,1.8474%,2.4392%,42.6371%,-0.003519,ENTG,88439.0,2019-03-13,252.0,-0.3951%,0.0001,1.468,0.8625,0.1434,1.8483%,2.4392%,42.5792%,-0.0114399999999999,ENTG,-0.062977,-0.050459,-0.02911,-0.03412,-0.053515
11979,EOG RESOURCES INC,EOG Resources shares are trading higher after the company beat Q4 sales estimates.,6,increase,0.85,0.7,"beating sales estimates typically signals strong performance and can lead to increased investor confidence, likely resulting in a rise in stock price.",2,2019-02-27,EOG,2019-02-27 16:07:00+00:00,75825.0,26875P10,0.0120327677577734,6452228.0,-0.0109427701681852,-0.0088653964921832,0.0257446616888046,-0.0081649618223309,0.0040447977371513,0.0018877850379794,-0.0135316355153918,-0.0347236320376396,-0.0372774600982666,-0.0093270512297749,-0.0064172716811299,-0.005386542994529,-0.0537492744624614,0.0339315272867679,-0.0020823727827519,0.0021705331746488,0.0083468724042177,0.0117118349298834,0.0182800218462944,0.0150726903229951,0.0126453964039683,0.0184864774346351,-0.0093656368553638,-0.0052693607285618,0.0345526151359081,-0.0331670045852661,0.0104438541457057,-0.0220640394836664,0.0324074327945709,-0.0103642465546727,0.0102200787514448,0.0053616468794643,-0.0329307578504085,-0.0035282105673104,-0.0096071893349289,-0.0025138261262327,0.021448565647006,0.0058662304654717,-0.0018993385601788,0.0078491773456335,0.0068717785179615,-0.0100908176973462,-0.0006299617816694,0.0191279370337724,0.0184913016855716,0.0069379536435008,-0.009180930443108,-0.0029940214008092,-0.0220718663185834,-0.0414646454155445,-0.0027680415660142,0.0201918222010135,0.052951842546463,0.0038512707687914,0.0086181294173002,0.0030429235193878,-0.009147603996098,0.0008120413986034,0.001623249030672,0.0169298984110355,0.0,-0.0226997565478086,0.0666463449597358,-0.0007057132315821,-0.0282024014741182,0.0384213365614414,0.0022522103972733,0.0106866415590047,-0.0049829226918518,0.0062819845043122,0.0199332926422357,0.0439034886658191,0.0308077093213796,-0.0070632314309477,-0.0043896632269024,0.0389863736927509,-0.0249530579894781,-0.0035420197527855,-0.0178949441760778,-0.0143034607172012,-0.0411442443728447,-0.0022474091965705,-0.0089905727654695,0.0739801749587059,-0.0097937826067209,-0.0504240356385707,-0.0433108136057853,-0.0276353433728218,-0.0296006221324205,-0.0348462611436843,0.0194011814892292,-0.0109562678262591,0.003740333719179,-0.0228666141629219,0.005918466951698,-0.0386690907180309,0.0245151445269584,-0.0267431680113077,0.0022333201486617,-0.0105840321630239,0.0080645391717553,0.0182227939367294,-0.0157894734293222,0.0035394809674471,0.0089839184656739,-0.0183380134403705,0.000212044455111,0.0144913680851459,0.0086901197209954,-0.018641322851181,-0.0226938817650079,-0.037369355559349,0.0070952880196273,0.046462133526802,0.020815510302782,-0.0204797908663749,-0.0284428913146257,0.0163824278861284,-0.0436982549726963,0.017851885408163,-0.0109427701681852,-0.0088653964921832,0.0145201736047011,-0.0169579726906156,0.0186237025071918,-0.0151022006597559,-0.0326178273236527,-0.0581686437104264,-0.0680766110404559,-0.0031843277847743,0.0388257808759204,-0.0283948847123574,-0.0631164825889185,-0.0768083053500832,2019-02-28,2019-03-01,2019-03-04,2019-03-05,2019-03-06,2019-03-07,2019-03-08,2019-03-11,2019-03-12,2019-03-13,75825.0,2019-02-27,252.0,1.2033%,-0.0002,1.2584,0.4308,0.765,1.5548%,1.9760%,38.0895%,0.010899,EOG,75825.0,2019-02-28,252.0,-1.0943%,-0.0002,1.2558,0.4288,0.7643,1.5546%,1.9719%,37.8482%,-0.0053149999999999,EOG,75825.0,2019-03-01,252.0,2.5745%,-0.0,1.2394,0.4044,0.7303,1.5444%,1.9518%,37.3851%,0.018427,EOG,75825.0,2019-03-04,252.0,0.4045%,-0.0,1.2422,0.3866,0.7314,1.5446%,1.9519%,37.3808%,0.009169,EOG,75825.0,2019-03-05,252.0,-1.3532%,-0.0,1.2452,0.4044,0.7367,1.5448%,1.9537%,37.4733%,-0.008556,EOG,75825.0,2019-03-06,252.0,-3.7277%,-0.0001,1.2596,0.4453,0.7584,1.5497%,1.9676%,37.9663%,-0.022107,EOG,75825.0,2019-03-07,252.0,-0.6417%,0.0,1.2605,0.4631,0.7647,1.5468%,1.9674%,38.1862%,0.0066359999999999,EOG,75825.0,2019-03-08,252.0,-5.3749%,-0.0001,1.2672,0.4648,0.7753,1.5785%,1.9961%,37.4659%,-0.0499979999999999,EOG,75825.0,2019-03-11,252.0,-0.2082%,-0.0002,1.2577,0.4545,0.7743,1.5827%,1.9961%,37.1301%,-0.018695,EOG,75825.0,2019-03-12,252.0,0.8347%,-0.0002,1.2585,0.4511,0.7739,1.5834%,1.9919%,36.8095%,0.007005,EOG,75825.0,2019-03-13,252.0,1.8280%,-0.0001,1.2614,0.4626,0.7797,1.5791%,1.9911%,37.1030%,0.010456,EOG,0.005584,0.024011,0.03318,0.0025169999999999,-0.042079
11987,EOG RESOURCES INC,"Morgan Stanley Maintains Equal-Weight on EOG Resources, Lowers Price Target to $100",6,decrease,0.7,0.6,"lowering the price target typically signals a less favorable outlook, which can lead to a decrease in stock price.",0,2019-02-27,EOG,2019-02-27 14:51:00+00:00,75825.0,26875P10,0.0120327677577734,6452228.0,-0.0109427701681852,-0.0088653964921832,0.0257446616888046,-0.0081649618223309,0.0040447977371513,0.0018877850379794,-0.0135316355153918,-0.0347236320376396,-0.0372774600982666,-0.0093270512297749,-0.0064172716811299,-0.005386542994529,-0.0537492744624614,0.0339315272867679,-0.0020823727827519,0.0021705331746488,0.0083468724042177,0.0117118349298834,0.0182800218462944,0.0150726903229951,0.0126453964039683,0.0184864774346351,-0.0093656368553638,-0.0052693607285618,0.0345526151359081,-0.0331670045852661,0.0104438541457057,-0.0220640394836664,0.0324074327945709,-0.0103642465546727,0.0102200787514448,0.0053616468794643,-0.0329307578504085,-0.0035282105673104,-0.0096071893349289,-0.0025138261262327,0.021448565647006,0.0058662304654717,-0.0018993385601788,0.0078491773456335,0.0068717785179615,-0.0100908176973462,-0.0006299617816694,0.0191279370337724,0.0184913016855716,0.0069379536435008,-0.009180930443108,-0.0029940214008092,-0.0220718663185834,-0.0414646454155445,-0.0027680415660142,0.0201918222010135,0.052951842546463,0.0038512707687914,0.0086181294173002,0.0030429235193878,-0.009147603996098,0.0008120413986034,0.001623249030672,0.0169298984110355,0.0,-0.0226997565478086,0.0666463449597358,-0.0007057132315821,-0.0282024014741182,0.0384213365614414,0.0022522103972733,0.0106866415590047,-0.0049829226918518,0.0062819845043122,0.0199332926422357,0.0439034886658191,0.0308077093213796,-0.0070632314309477,-0.0043896632269024,0.0389863736927509,-0.0249530579894781,-0.0035420197527855,-0.0178949441760778,-0.0143034607172012,-0.0411442443728447,-0.0022474091965705,-0.0089905727654695,0.0739801749587059,-0.0097937826067209,-0.0504240356385707,-0.0433108136057853,-0.0276353433728218,-0.0296006221324205,-0.0348462611436843,0.0194011814892292,-0.0109562678262591,0.003740333719179,-0.0228666141629219,0.005918466951698,-0.0386690907180309,0.0245151445269584,-0.0267431680113077,0.0022333201486617,-0.0105840321630239,0.0080645391717553,0.0182227939367294,-0.0157894734293222,0.0035394809674471,0.0089839184656739,-0.0183380134403705,0.000212044455111,0.0144913680851459,0.0086901197209954,-0.018641322851181,-0.0226938817650079,-0.037369355559349,0.0070952880196273,0.046462133526802,0.020815510302782,-0.0204797908663749,-0.0284428913146257,0.0163824278861284,-0.0436982549726963,0.017851885408163,-0.0109427701681852,-0.0088653964921832,0.0145201736047011,-0.0169579726906156,0.0186237025071918,-0.0151022006597559,-0.0326178273236527,-0.0581686437104264,-0.0680766110404559,-0.0031843277847743,0.0388257808759204,-0.0283948847123574,-0.0631164825889185,-0.0768083053500832,2019-02-28,2019-03-01,2019-03-04,2019-03-05,2019-03-06,2019-03-07,2019-03-08,2019-03-11,2019-03-12,2019-03-13,75825.0,2019-02-27,252.0,1.2033%,-0.0002,1.2584,0.4308,0.765,1.5548%,1.9760%,38.0895%,0.010899,EOG,75825.0,2019-02-28,252.0,-1.0943%,-0.0002,1.2558,0.4288,0.7643,1.5546%,1.9719%,37.8482%,-0.0053149999999999,EOG,75825.0,2019-03-01,252.0,2.5745%,-0.0,1.2394,0.4044,0.7303,1.5444%,1.9518%,37.3851%,0.018427,EOG,75825.0,2019-03-04,252.0,0.4045%,-0.0,1.2422,0.3866,0.7314,1.5446%,1.9519%,37.3808%,0.009169,EOG,75825.0,2019-03-05,252.0,-1.3532%,-0.0,1.2452,0.4044,0.7367,1.5448%,1.9537%,37.4733%,-0.008556,EOG,75825.0,2019-03-06,252.0,-3.7277%,-0.0001,1.2596,0.4453,0.7584,1.5497%,1.9676%,37.9663%,-0.022107,EOG,75825.0,2019-03-07,252.0,-0.6417%,0.0,1.2605,0.4631,0.7647,1.5468%,1.9674%,38.1862%,0.0066359999999999,EOG,75825.0,2019-03-08,252.0,-5.3749%,-0.0001,1.2672,0.4648,0.7753,1.5785%,1.9961%,37.4659%,-0.0499979999999999,EOG,75825.0,2019-03-11,252.0,-0.2082%,-0.0002,1.2577,0.4545,0.7743,1.5827%,1.9961%,37.1301%,-0.018695,EOG,75825.0,2019-03-12,252.0,0.8347%,-0.0002,1.2585,0.4511,0.7739,1.5834%,1.9919%,36.8095%,0.007005,EOG,75825.0,2019-03-13,252.0,1.8280%,-0.0001,1.2614,0.4626,0.7797,1.5791%,1.9911%,37.1030%,0.010456,EOG,0.005584,0.024011,0.03318,0.0025169999999999,-0.042079
11995,EATON CORP PLC,Eaton Raises Quarterly Dividend From $0.66 To $0.71/Share,6,increase,0.8,0.6,"raising the quarterly dividend typically signals financial strength and can attract more investors, likely leading to an increase in stock price.",2,2019-02-27,ETN,2019-02-27 20:35:00+00:00,11762.0,G2918310,0.0018636045278981,2082711.0,-0.0107887247577309,-0.0053138942457735,0.0057666632346808,0.0016090760473161,0.0133366528898477,0.013803469017148,-0.0061500612646341,-0.0003763017884921,0.0018563600024208,0.0116751035675406,-0.0038294834084808,0.0008891107863746,-0.0068810591474175,0.0198187362402677,0.0117158014327287,-0.0060512581840157,0.0006226255209185,0.0130429118871688,0.0028620671946555,0.0137511696666479,0.0049634142778813,-0.002637538826093,-0.0050623044371604,-0.006940790452063,0.0188631992787122,-0.0075383652001619,0.0014616656117141,-0.0027219583280384,-0.0120408395305275,0.000648548011668,0.0096023483201861,0.008106630295515,-0.0364590361714363,0.0030164374038577,-0.0007592705660499,0.04624043405056,0.007092167623341,0.0248909667134285,-0.0018862412543967,0.0289393719285726,0.0061735901981592,-0.027578430250287,0.0087653007358312,0.0129702966660261,0.0208540260791778,0.0001425821246812,0.004863831680268,-0.0041169920004904,0.0027831965126097,-0.0198970399796962,0.0037407693453133,0.0126814357936382,0.0008415447664447,0.0124108809977769,0.0051651690155267,0.0031482717022299,-0.0158939026296138,-0.0071042911149561,0.0008500266703777,0.0022784965112805,0.0067945304326713,0.0004273939121048,0.0108459126204252,0.0163626540452241,-0.0032188443001359,0.0129069704562425,0.0064585683867335,-0.0080023715272545,0.0033273769076913,0.0029184967279434,0.009238407947123,0.0285157077014446,-0.0031686027068644,-0.0288588162511587,0.0076523884199559,-0.0007282704464159,-0.002920902101323,0.0061548328958451,-0.018045388162136,-0.0071294261142611,-0.0003580717020668,0.0138663882389664,0.0026262532919645,0.0451742261648178,-0.0139302080497145,-0.022751273587346,-0.0109876366332173,-0.0110266404226422,0.0026858071796596,-0.0132333701476454,0.0169492121785879,-0.0126305921003222,-0.0091787697747349,-0.0043365573510527,-0.0123110935091972,-0.0198356676846742,-0.0008638738072477,-0.0031073617283254,0.0,-0.0043594087474048,0.0065464274957776,0.0026791095733642,-0.0366915948688983,-0.0057479832321405,0.0082802744582295,0.00112283276394,0.0049273455515503,-0.027834640815854,0.0059089916758239,-0.0226696487516164,-0.015748057514429,-0.0387130379676818,-0.0041904994286596,0.01390693616122,0.0191277731209993,0.0122352354228496,-0.0123873613774776,-0.0073135374113917,-0.0240719821304082,0.0161911249160766,-0.0107887247577309,-0.0053138942457735,-0.0050842764654596,-0.0037133686584062,0.0081845691939723,0.0100388429895161,0.0038442156679379,0.021446634198966,0.0082571860008369,0.0642602252155313,0.0311522410089066,0.1462545791494749,-0.0278779303124978,0.0682149958493842,2019-02-28,2019-03-01,2019-03-04,2019-03-05,2019-03-06,2019-03-07,2019-03-08,2019-03-11,2019-03-12,2019-03-13,11762.0,2019-02-27,252.0,0.1864%,0.0001,1.0632,0.0265,0.2493,0.9532%,1.4289%,55.4999%,0.001043,ETN,11762.0,2019-02-28,252.0,-1.0789%,0.0,1.0696,0.0307,0.2556,0.9524%,1.4304%,55.6615%,-0.006975,ETN,11762.0,2019-03-01,252.0,0.5767%,0.0,1.0677,0.0279,0.2532,0.9523%,1.4274%,55.4913%,-0.001091,ETN,11762.0,2019-03-04,252.0,1.3337%,0.0001,1.0649,0.0212,0.2576,0.9589%,1.4271%,54.8530%,0.017923,ETN,11762.0,2019-03-05,252.0,-0.6150%,0.0001,1.0668,0.0329,0.2604,0.9586%,1.4276%,54.9149%,-0.0037459999999999,ETN,11762.0,2019-03-06,252.0,0.1856%,0.0002,1.0652,0.008,0.2552,0.9603%,1.4271%,54.7174%,0.011038,ETN,11762.0,2019-03-07,252.0,-0.3829%,0.0002,1.0616,0.0009,0.2484,0.9605%,1.4263%,54.6472%,0.005663,ETN,11762.0,2019-03-08,252.0,-0.6881%,0.0002,1.0623,-0.0007,0.2496,0.9609%,1.4270%,54.6573%,-0.004214,ETN,11762.0,2019-03-11,252.0,1.1716%,0.0002,1.0608,-0.0039,0.2486,0.9610%,1.4288%,54.7618%,-0.002902,ETN,11762.0,2019-03-12,252.0,0.0623%,0.0001,1.0488,-0.0004,0.2363,0.9570%,1.4139%,54.1822%,-0.001931,ETN,11762.0,2019-03-13,252.0,0.2862%,0.0002,1.0467,0.0157,0.2378,0.9504%,1.4086%,54.4798%,-0.00455,ETN,-0.005932,-0.007023,0.0109,0.018192,0.010258
12003,ISHARES TRUST,Parliament Backs May's Pledge On No-Deal Brexit,6,uncertain,0.6,0.3,"while backing may's pledge may provide some stability, the overall uncertainty surrounding brexit negotiations could lead to mixed reactions in the market.",1,2019-02-27,EWU,2019-02-27 20:12:00+00:00,14907.0,46435G33,-0.0012209127889946,1377591.0,-0.0045843985863029,0.0086206523701548,0.0018422282300889,0.0006161570781841,-0.0024517874699085,0.0030901876743882,0.0055299634113907,-0.0064476230181753,0.0012221484212204,0.0055572804994881,-0.0106805702671408,0.0052761686965823,-0.0040097860619425,0.0132076097652316,0.0086713768541812,0.0,-0.0018422282300889,0.002206104574725,0.013841918669641,0.0073015727102756,0.0033373972401022,-0.0059955990873277,0.0105835646390914,-0.0006306701689027,0.0053860056214034,-0.0043956451117992,0.0020833243615925,-0.0037534856237471,-0.0038609225302934,0.0088355559855699,-0.0017889497103169,0.0028481059707701,-0.0155316749587655,0.0034931919071823,-0.0015169671969488,0.0060703046619892,0.0045579313300549,0.0132728992030024,0.0027223275974392,0.0068448199890553,-0.0063349287956953,-0.0071197189390659,0.002125066705048,0.0068425899371504,0.0133293690159916,-0.0042180130258202,0.0056800781749188,0.0071895201690495,0.0059453258290886,-0.011627865023911,-0.0035460677463561,0.0091264266520738,0.0023724203929305,0.0082155764102935,0.0017751886043697,-0.0029488909058272,-0.005611412692815,0.0049390718340873,0.0032670216169208,-0.0065423245541751,-0.0011840468505397,0.0003272326139267,0.0059275915846228,0.004272072110325,-0.0005892887129448,0.0096217952668666,-0.0014740341575816,0.0060080210678279,0.0017715197755023,0.0,-0.0035366616211831,0.0277872886508703,0.0011829960858449,-0.0061370716430246,0.0002954840892925,-0.0006814465741626,-0.0079740239307284,-0.0010210613254457,-0.0035724600311368,0.013103418983519,0.0014938522363081,-0.0092244772240519,0.0020882964599877,0.0248599797487258,0.0050609754398465,-0.009021520614624,-0.0112558435648679,-0.0082587674260139,-0.0011983497533947,0.0006886553019285,0.0158967841416597,-0.0037735404912382,-0.0082668671384453,-0.0021023366134613,-0.0196487009525299,-0.0092930234968662,0.0006073628319427,-0.0134250735864043,-0.0021244215313345,-0.0003272773174103,0.0036496024113148,0.0173159688711166,-0.0193939208984375,0.0030060170684009,0.008961709216237,-0.0118811456486582,0.0021439415868371,-0.0081833060830831,0.0055012316443026,-0.016103059053421,-0.0066869668662548,-0.0214308332651853,-0.004590009804815,0.0095449965447187,0.0055333632044494,-0.0078914137557148,-0.0079485885798931,-0.0084507185965776,-0.0126348175108432,0.0129993604496121,-0.0045843985863029,0.0086206523701548,-0.0027506158647077,0.0092421211243154,-0.0051956594091047,0.0123608686874872,0.0015280940716528,0.0114232466068004,0.0073348969355011,0.039999946994264,0.0323960106662599,0.0716388171943049,-0.0207824063972194,0.0613874841820114,2019-02-28,2019-03-01,2019-03-04,2019-03-05,2019-03-06,2019-03-07,2019-03-08,2019-03-11,2019-03-12,2019-03-13,14907.0,2019-02-27,252.0,-0.1221%,-0.0001,0.6542,0.0771,0.2773,0.5813%,0.8632%,54.6419%,-0.001725,EWU,14907.0,2019-02-28,252.0,-0.4584%,-0.0001,0.6509,0.0748,0.2754,0.5799%,0.8585%,54.3739%,-0.001978,EWU,14907.0,2019-03-01,252.0,0.1842%,-0.0001,0.6467,0.0684,0.2697,0.5786%,0.8535%,54.0455%,-0.0020499999999999,EWU,14907.0,2019-03-04,252.0,-0.2452%,-0.0001,0.6448,0.0743,0.2702,0.5781%,0.8509%,53.8419%,4.3e-05,EWU,14907.0,2019-03-05,252.0,0.5530%,-0.0001,0.644,0.0726,0.2668,0.5799%,0.8514%,53.6129%,0.007415,EWU,14907.0,2019-03-06,252.0,0.1222%,-0.0,0.6412,0.0571,0.2615,0.5817%,0.8504%,53.2107%,0.007349,EWU,14907.0,2019-03-07,252.0,-1.0681%,-0.0001,0.6428,0.0562,0.2635,0.5823%,0.8525%,53.3443%,-0.00461,EWU,14907.0,2019-03-08,252.0,-0.4010%,-0.0001,0.6431,0.056,0.264,0.5825%,0.8529%,53.3575%,-0.002266,EWU,14907.0,2019-03-11,252.0,0.8671%,-0.0001,0.6432,0.0566,0.2643,0.5825%,0.8546%,53.5443%,0.00017,EWU,14907.0,2019-03-12,252.0,-0.1842%,-0.0001,0.6467,0.0573,0.2685,0.5821%,0.8534%,53.4697%,-0.00317,EWU,14907.0,2019-03-13,252.0,1.3842%,-0.0,0.6497,0.0539,0.271,0.5851%,0.8579%,53.4829%,0.009323,EWU,-0.003703,-0.0057529999999999,-0.00571,0.009054,0.0085009999999999
12011,ISHARES TRUST,"UK Government Expected To Back Amendment Confirming PM May's Commitment To Hold Votes On Brexit Deal, No-Deal And Brexit Delay",6,uncertain,0.6,0.3,"the news indicates a commitment to hold votes on various brexit outcomes, which could lead to increased market volatility and uncertainty, impacting ishares trust's stock price unpredictably.",1,2019-02-27,EWU,2019-02-27 14:56:00+00:00,14907.0,46435G33,-0.0012209127889946,1377591.0,-0.0045843985863029,0.0086206523701548,0.0018422282300889,0.0006161570781841,-0.0024517874699085,0.0030901876743882,0.0055299634113907,-0.0064476230181753,0.0012221484212204,0.0055572804994881,-0.0106805702671408,0.0052761686965823,-0.0040097860619425,0.0132076097652316,0.0086713768541812,0.0,-0.0018422282300889,0.002206104574725,0.013841918669641,0.0073015727102756,0.0033373972401022,-0.0059955990873277,0.0105835646390914,-0.0006306701689027,0.0053860056214034,-0.0043956451117992,0.0020833243615925,-0.0037534856237471,-0.0038609225302934,0.0088355559855699,-0.0017889497103169,0.0028481059707701,-0.0155316749587655,0.0034931919071823,-0.0015169671969488,0.0060703046619892,0.0045579313300549,0.0132728992030024,0.0027223275974392,0.0068448199890553,-0.0063349287956953,-0.0071197189390659,0.002125066705048,0.0068425899371504,0.0133293690159916,-0.0042180130258202,0.0056800781749188,0.0071895201690495,0.0059453258290886,-0.011627865023911,-0.0035460677463561,0.0091264266520738,0.0023724203929305,0.0082155764102935,0.0017751886043697,-0.0029488909058272,-0.005611412692815,0.0049390718340873,0.0032670216169208,-0.0065423245541751,-0.0011840468505397,0.0003272326139267,0.0059275915846228,0.004272072110325,-0.0005892887129448,0.0096217952668666,-0.0014740341575816,0.0060080210678279,0.0017715197755023,0.0,-0.0035366616211831,0.0277872886508703,0.0011829960858449,-0.0061370716430246,0.0002954840892925,-0.0006814465741626,-0.0079740239307284,-0.0010210613254457,-0.0035724600311368,0.013103418983519,0.0014938522363081,-0.0092244772240519,0.0020882964599877,0.0248599797487258,0.0050609754398465,-0.009021520614624,-0.0112558435648679,-0.0082587674260139,-0.0011983497533947,0.0006886553019285,0.0158967841416597,-0.0037735404912382,-0.0082668671384453,-0.0021023366134613,-0.0196487009525299,-0.0092930234968662,0.0006073628319427,-0.0134250735864043,-0.0021244215313345,-0.0003272773174103,0.0036496024113148,0.0173159688711166,-0.0193939208984375,0.0030060170684009,0.008961709216237,-0.0118811456486582,0.0021439415868371,-0.0081833060830831,0.0055012316443026,-0.016103059053421,-0.0066869668662548,-0.0214308332651853,-0.004590009804815,0.0095449965447187,0.0055333632044494,-0.0078914137557148,-0.0079485885798931,-0.0084507185965776,-0.0126348175108432,0.0129993604496121,-0.0045843985863029,0.0086206523701548,-0.0027506158647077,0.0092421211243154,-0.0051956594091047,0.0123608686874872,0.0015280940716528,0.0114232466068004,0.0073348969355011,0.039999946994264,0.0323960106662599,0.0716388171943049,-0.0207824063972194,0.0613874841820114,2019-02-28,2019-03-01,2019-03-04,2019-03-05,2019-03-06,2019-03-07,2019-03-08,2019-03-11,2019-03-12,2019-03-13,14907.0,2019-02-27,252.0,-0.1221%,-0.0001,0.6542,0.0771,0.2773,0.5813%,0.8632%,54.6419%,-0.001725,EWU,14907.0,2019-02-28,252.0,-0.4584%,-0.0001,0.6509,0.0748,0.2754,0.5799%,0.8585%,54.3739%,-0.001978,EWU,14907.0,2019-03-01,252.0,0.1842%,-0.0001,0.6467,0.0684,0.2697,0.5786%,0.8535%,54.0455%,-0.0020499999999999,EWU,14907.0,2019-03-04,252.0,-0.2452%,-0.0001,0.6448,0.0743,0.2702,0.5781%,0.8509%,53.8419%,4.3e-05,EWU,14907.0,2019-03-05,252.0,0.5530%,-0.0001,0.644,0.0726,0.2668,0.5799%,0.8514%,53.6129%,0.007415,EWU,14907.0,2019-03-06,252.0,0.1222%,-0.0,0.6412,0.0571,0.2615,0.5817%,0.8504%,53.2107%,0.007349,EWU,14907.0,2019-03-07,252.0,-1.0681%,-0.0001,0.6428,0.0562,0.2635,0.5823%,0.8525%,53.3443%,-0.00461,EWU,14907.0,2019-03-08,252.0,-0.4010%,-0.0001,0.6431,0.056,0.264,0.5825%,0.8529%,53.3575%,-0.002266,EWU,14907.0,2019-03-11,252.0,0.8671%,-0.0001,0.6432,0.0566,0.2643,0.5825%,0.8546%,53.5443%,0.00017,EWU,14907.0,2019-03-12,252.0,-0.1842%,-0.0001,0.6467,0.0573,0.2685,0.5821%,0.8534%,53.4697%,-0.00317,EWU,14907.0,2019-03-13,252.0,1.3842%,-0.0,0.6497,0.0539,0.271,0.5851%,0.8579%,53.4829%,0.009323,EWU,-0.003703,-0.0057529999999999,-0.00571,0.009054,0.0085009999999999
12019,ISHARES TRUST,Hearing French President Macron Says We Would Agree To Article 50 Extension Request On Brexit Only If It Was Justified,6,uncertain,0.6,0.3,"the news regarding president macron's stance on brexit may create volatility in the market, but its direct impact on ishares trust's stock price is unclear due to the complex nature of brexit negotiations and their broader economic implications.",1,2019-02-27,EWU,2019-02-27 13:14:00+00:00,14907.0,46435G33,-0.0012209127889946,1377591.0,-0.0045843985863029,0.0086206523701548,0.0018422282300889,0.0006161570781841,-0.0024517874699085,0.0030901876743882,0.0055299634113907,-0.0064476230181753,0.0012221484212204,0.0055572804994881,-0.0106805702671408,0.0052761686965823,-0.0040097860619425,0.0132076097652316,0.0086713768541812,0.0,-0.0018422282300889,0.002206104574725,0.013841918669641,0.0073015727102756,0.0033373972401022,-0.0059955990873277,0.0105835646390914,-0.0006306701689027,0.0053860056214034,-0.0043956451117992,0.0020833243615925,-0.0037534856237471,-0.0038609225302934,0.0088355559855699,-0.0017889497103169,0.0028481059707701,-0.0155316749587655,0.0034931919071823,-0.0015169671969488,0.0060703046619892,0.0045579313300549,0.0132728992030024,0.0027223275974392,0.0068448199890553,-0.0063349287956953,-0.0071197189390659,0.002125066705048,0.0068425899371504,0.0133293690159916,-0.0042180130258202,0.0056800781749188,0.0071895201690495,0.0059453258290886,-0.011627865023911,-0.0035460677463561,0.0091264266520738,0.0023724203929305,0.0082155764102935,0.0017751886043697,-0.0029488909058272,-0.005611412692815,0.0049390718340873,0.0032670216169208,-0.0065423245541751,-0.0011840468505397,0.0003272326139267,0.0059275915846228,0.004272072110325,-0.0005892887129448,0.0096217952668666,-0.0014740341575816,0.0060080210678279,0.0017715197755023,0.0,-0.0035366616211831,0.0277872886508703,0.0011829960858449,-0.0061370716430246,0.0002954840892925,-0.0006814465741626,-0.0079740239307284,-0.0010210613254457,-0.0035724600311368,0.013103418983519,0.0014938522363081,-0.0092244772240519,0.0020882964599877,0.0248599797487258,0.0050609754398465,-0.009021520614624,-0.0112558435648679,-0.0082587674260139,-0.0011983497533947,0.0006886553019285,0.0158967841416597,-0.0037735404912382,-0.0082668671384453,-0.0021023366134613,-0.0196487009525299,-0.0092930234968662,0.0006073628319427,-0.0134250735864043,-0.0021244215313345,-0.0003272773174103,0.0036496024113148,0.0173159688711166,-0.0193939208984375,0.0030060170684009,0.008961709216237,-0.0118811456486582,0.0021439415868371,-0.0081833060830831,0.0055012316443026,-0.016103059053421,-0.0066869668662548,-0.0214308332651853,-0.004590009804815,0.0095449965447187,0.0055333632044494,-0.0078914137557148,-0.0079485885798931,-0.0084507185965776,-0.0126348175108432,0.0129993604496121,-0.0045843985863029,0.0086206523701548,-0.0027506158647077,0.0092421211243154,-0.0051956594091047,0.0123608686874872,0.0015280940716528,0.0114232466068004,0.0073348969355011,0.039999946994264,0.0323960106662599,0.0716388171943049,-0.0207824063972194,0.0613874841820114,2019-02-28,2019-03-01,2019-03-04,2019-03-05,2019-03-06,2019-03-07,2019-03-08,2019-03-11,2019-03-12,2019-03-13,14907.0,2019-02-27,252.0,-0.1221%,-0.0001,0.6542,0.0771,0.2773,0.5813%,0.8632%,54.6419%,-0.001725,EWU,14907.0,2019-02-28,252.0,-0.4584%,-0.0001,0.6509,0.0748,0.2754,0.5799%,0.8585%,54.3739%,-0.001978,EWU,14907.0,2019-03-01,252.0,0.1842%,-0.0001,0.6467,0.0684,0.2697,0.5786%,0.8535%,54.0455%,-0.0020499999999999,EWU,14907.0,2019-03-04,252.0,-0.2452%,-0.0001,0.6448,0.0743,0.2702,0.5781%,0.8509%,53.8419%,4.3e-05,EWU,14907.0,2019-03-05,252.0,0.5530%,-0.0001,0.644,0.0726,0.2668,0.5799%,0.8514%,53.6129%,0.007415,EWU,14907.0,2019-03-06,252.0,0.1222%,-0.0,0.6412,0.0571,0.2615,0.5817%,0.8504%,53.2107%,0.007349,EWU,14907.0,2019-03-07,252.0,-1.0681%,-0.0001,0.6428,0.0562,0.2635,0.5823%,0.8525%,53.3443%,-0.00461,EWU,14907.0,2019-03-08,252.0,-0.4010%,-0.0001,0.6431,0.056,0.264,0.5825%,0.8529%,53.3575%,-0.002266,EWU,14907.0,2019-03-11,252.0,0.8671%,-0.0001,0.6432,0.0566,0.2643,0.5825%,0.8546%,53.5443%,0.00017,EWU,14907.0,2019-03-12,252.0,-0.1842%,-0.0001,0.6467,0.0573,0.2685,0.5821%,0.8534%,53.4697%,-0.00317,EWU,14907.0,2019-03-13,252.0,1.3842%,-0.0,0.6497,0.0539,0.271,0.5851%,0.8579%,53.4829%,0.009323,EWU,-0.003703,-0.0057529999999999,-0.00571,0.009054,0.0085009999999999
12027,FEDEX CORP,FedEx To Roll Out Delivery Robot Capable Of 8-Mile Round-Trip Trek,6,increase,0.7,0.6,"the introduction of a delivery robot capable of making efficient deliveries could enhance fedex's operational efficiency and reduce costs, potentially leading to a positive impact on its stock price.",2,2019-02-27,FDX,2019-02-27 21:29:00+00:00,60628.0,31428X10,0.0005502770654857,966223.0,-0.0044551868923008,0.0035345412325114,0.0099447686225175,0.003213484538719,-0.0090809827670454,-0.0098200198262929,-0.0062382956966757,0.002033945871517,-0.0101661123335361,0.0092094512656331,-0.0298574045300483,0.0052983653731644,-0.0024875728413462,-0.0251195915043354,0.0271859243512153,-0.0091584799811244,0.0040804832242429,0.0009166792733594,0.013320542871952,0.0240764301270246,-0.0025065278168767,0.0217219069600105,-0.0061425403691828,-0.0227710735052824,0.0248342417180538,-0.0132745904847979,-0.0054275779984891,0.0004354315169621,-0.0349484384059906,0.0054725552909076,0.0223910324275493,0.0190731044858694,-0.0279345214366912,0.0097988974303007,-0.0110351061448454,0.0005635098787024,0.0178996138274669,0.0224104113876819,0.0053668427281081,-0.0021844382863491,0.0102788209915161,-0.007983542047441,0.0197302419692277,0.007237188052386,0.0277823340147733,0.0024183178320527,-0.0129793416708707,-0.0126208150759339,0.0063033401966094,-0.0057091726921498,0.0133916288614273,0.0210076719522476,0.0118825370445847,0.0111461468040943,0.0077936337329447,0.0042782379314303,-0.0074720862321555,-0.0053628571331501,0.0055277864448726,0.0032750309910625,0.0045549483038485,0.0051140980795025,0.0264762695878744,-0.002755151130259,-0.0039096432738006,0.021374637261033,0.0053522433154284,0.0017393903108313,0.0042082942090928,0.0139877339825034,0.0004543892573565,0.0460588485002517,-0.0109512908384203,-0.0367669574916362,-0.0043371305800974,0.0115291671827435,0.0139906508848071,0.0147817721590399,-0.0454361960291862,-0.0126692866906523,-0.025573156774044,0.0054324720986187,0.014073091559112,0.0487884543836116,0.0151637019589543,-0.0335443243384361,-0.020268190652132,-0.0107688531279563,0.0076500279828906,-0.0171681344509124,0.0054534021764993,-0.1216150522232056,-0.0130808865651488,0.0154783027246594,-0.0266163907945156,-0.0104285385459661,-0.0068084299564361,-0.016401283442974,0.0007245437591336,-0.0057896189391613,-0.0086878901347517,-0.0072765075601637,-0.0320224538445472,-0.0170009788125753,-0.0025536995381116,-0.0420080758631229,0.0039566662162542,-0.0605412349104881,0.0187203604727983,-0.0021344036795198,-0.0332821644842624,-0.0631194114685058,-0.0100635094568133,0.0045414553023874,-0.0013078961055725,0.0065934066660702,-0.035656914114952,-0.0187621563673019,-0.0087037263438105,0.0293922238051891,-0.0044551868923008,0.0035345412325114,0.0054452759274026,0.0067593839648325,-0.0036851552965013,-0.0031270131460086,-0.0199659250304079,0.0080998986921425,-0.008804101035024,0.0034237686066302,0.0545224659584107,0.0626937305068258,-0.1133729898241512,-0.1906207351540344,2019-02-28,2019-03-01,2019-03-04,2019-03-05,2019-03-06,2019-03-07,2019-03-08,2019-03-11,2019-03-12,2019-03-13,60628.0,2019-02-27,252.0,0.0550%,-0.0011,1.3346,0.1432,0.5523,1.2505%,1.8060%,52.0515%,-0.000364,FDX,60628.0,2019-02-28,252.0,-0.4455%,-0.001,1.3316,0.1412,0.5496,1.2502%,1.8010%,51.8091%,0.0009339999999999,FDX,60628.0,2019-03-01,252.0,0.9945%,-0.0011,1.3376,0.1501,0.5574,1.2492%,1.8015%,51.9216%,0.002056,FDX,60628.0,2019-03-04,252.0,-0.9081%,-0.0011,1.34,0.1443,0.5562,1.2489%,1.8011%,51.9185%,-0.003789,FDX,60628.0,2019-03-05,252.0,-0.6238%,-0.001,1.3441,0.1753,0.5595,1.2442%,1.8006%,52.2561%,-0.002268,FDX,60628.0,2019-03-06,252.0,-1.0166%,-0.001,1.3485,0.1617,0.5626,1.2423%,1.8014%,52.4367%,0.003019,FDX,60628.0,2019-03-07,252.0,-2.9857%,-0.001,1.3561,0.1678,0.5745,1.2464%,1.8102%,52.5933%,-0.01692,FDX,60628.0,2019-03-08,252.0,-0.2488%,-0.001,1.3555,0.1723,0.5733,1.2462%,1.8100%,52.5971%,0.0012989999999999,FDX,60628.0,2019-03-11,252.0,2.7186%,-0.0009,1.361,0.1711,0.5698,1.2472%,1.8186%,52.9658%,0.009259,FDX,60628.0,2019-03-12,252.0,0.4080%,-0.001,1.3558,0.1711,0.5638,1.2467%,1.8084%,52.4788%,0.0015229999999999,FDX,60628.0,2019-03-13,252.0,1.3321%,-0.0009,1.3575,0.1694,0.5652,1.2471%,1.8107%,52.5669%,0.004107,FDX,0.00057,0.002626,-0.001163,-0.000412,-0.0011439999999999
12035,FEDEX CORP,Today's Pickup: Investors Grapple With Uncertainties Across Global Markets; FedEx Last-Mile Partnerships; IIoT Expands,6,uncertain,0.6,0.3,"the mention of uncertainties in global markets may weigh on investor sentiment, but the focus on fedex's last-mile partnerships and iiot expansion could provide positive growth prospects, leading to an overall uncertain impact on the stock price.",1,2019-02-27,FDX,2019-02-27 15:29:00+00:00,60628.0,31428X10,0.0005502770654857,966223.0,-0.0044551868923008,0.0035345412325114,0.0099447686225175,0.003213484538719,-0.0090809827670454,-0.0098200198262929,-0.0062382956966757,0.002033945871517,-0.0101661123335361,0.0092094512656331,-0.0298574045300483,0.0052983653731644,-0.0024875728413462,-0.0251195915043354,0.0271859243512153,-0.0091584799811244,0.0040804832242429,0.0009166792733594,0.013320542871952,0.0240764301270246,-0.0025065278168767,0.0217219069600105,-0.0061425403691828,-0.0227710735052824,0.0248342417180538,-0.0132745904847979,-0.0054275779984891,0.0004354315169621,-0.0349484384059906,0.0054725552909076,0.0223910324275493,0.0190731044858694,-0.0279345214366912,0.0097988974303007,-0.0110351061448454,0.0005635098787024,0.0178996138274669,0.0224104113876819,0.0053668427281081,-0.0021844382863491,0.0102788209915161,-0.007983542047441,0.0197302419692277,0.007237188052386,0.0277823340147733,0.0024183178320527,-0.0129793416708707,-0.0126208150759339,0.0063033401966094,-0.0057091726921498,0.0133916288614273,0.0210076719522476,0.0118825370445847,0.0111461468040943,0.0077936337329447,0.0042782379314303,-0.0074720862321555,-0.0053628571331501,0.0055277864448726,0.0032750309910625,0.0045549483038485,0.0051140980795025,0.0264762695878744,-0.002755151130259,-0.0039096432738006,0.021374637261033,0.0053522433154284,0.0017393903108313,0.0042082942090928,0.0139877339825034,0.0004543892573565,0.0460588485002517,-0.0109512908384203,-0.0367669574916362,-0.0043371305800974,0.0115291671827435,0.0139906508848071,0.0147817721590399,-0.0454361960291862,-0.0126692866906523,-0.025573156774044,0.0054324720986187,0.014073091559112,0.0487884543836116,0.0151637019589543,-0.0335443243384361,-0.020268190652132,-0.0107688531279563,0.0076500279828906,-0.0171681344509124,0.0054534021764993,-0.1216150522232056,-0.0130808865651488,0.0154783027246594,-0.0266163907945156,-0.0104285385459661,-0.0068084299564361,-0.016401283442974,0.0007245437591336,-0.0057896189391613,-0.0086878901347517,-0.0072765075601637,-0.0320224538445472,-0.0170009788125753,-0.0025536995381116,-0.0420080758631229,0.0039566662162542,-0.0605412349104881,0.0187203604727983,-0.0021344036795198,-0.0332821644842624,-0.0631194114685058,-0.0100635094568133,0.0045414553023874,-0.0013078961055725,0.0065934066660702,-0.035656914114952,-0.0187621563673019,-0.0087037263438105,0.0293922238051891,-0.0044551868923008,0.0035345412325114,0.0054452759274026,0.0067593839648325,-0.0036851552965013,-0.0031270131460086,-0.0199659250304079,0.0080998986921425,-0.008804101035024,0.0034237686066302,0.0545224659584107,0.0626937305068258,-0.1133729898241512,-0.1906207351540344,2019-02-28,2019-03-01,2019-03-04,2019-03-05,2019-03-06,2019-03-07,2019-03-08,2019-03-11,2019-03-12,2019-03-13,60628.0,2019-02-27,252.0,0.0550%,-0.0011,1.3346,0.1432,0.5523,1.2505%,1.8060%,52.0515%,-0.000364,FDX,60628.0,2019-02-28,252.0,-0.4455%,-0.001,1.3316,0.1412,0.5496,1.2502%,1.8010%,51.8091%,0.0009339999999999,FDX,60628.0,2019-03-01,252.0,0.9945%,-0.0011,1.3376,0.1501,0.5574,1.2492%,1.8015%,51.9216%,0.002056,FDX,60628.0,2019-03-04,252.0,-0.9081%,-0.0011,1.34,0.1443,0.5562,1.2489%,1.8011%,51.9185%,-0.003789,FDX,60628.0,2019-03-05,252.0,-0.6238%,-0.001,1.3441,0.1753,0.5595,1.2442%,1.8006%,52.2561%,-0.002268,FDX,60628.0,2019-03-06,252.0,-1.0166%,-0.001,1.3485,0.1617,0.5626,1.2423%,1.8014%,52.4367%,0.003019,FDX,60628.0,2019-03-07,252.0,-2.9857%,-0.001,1.3561,0.1678,0.5745,1.2464%,1.8102%,52.5933%,-0.01692,FDX,60628.0,2019-03-08,252.0,-0.2488%,-0.001,1.3555,0.1723,0.5733,1.2462%,1.8100%,52.5971%,0.0012989999999999,FDX,60628.0,2019-03-11,252.0,2.7186%,-0.0009,1.361,0.1711,0.5698,1.2472%,1.8186%,52.9658%,0.009259,FDX,60628.0,2019-03-12,252.0,0.4080%,-0.001,1.3558,0.1711,0.5638,1.2467%,1.8084%,52.4788%,0.0015229999999999,FDX,60628.0,2019-03-13,252.0,1.3321%,-0.0009,1.3575,0.1694,0.5652,1.2471%,1.8107%,52.5669%,0.004107,FDX,0.00057,0.002626,-0.001163,-0.000412,-0.0011439999999999
12043,FIBROGEN INC,"FibroGen Q4 EPS $0.23, Sales $108.05M Beat $72.15M Estimate",6,increase,0.8,0.7,"the earnings per share (eps) and sales figures exceeded estimates, which typically signals positive performance and can lead to an increase in stock price.",2,2019-02-27,FGEN,2019-02-27 21:58:00+00:00,15065.0,31572Q80,0.027500431984663,724313.0,-0.0146607672795653,-0.0246027447283268,0.0365051999688148,0.0264819059520959,-0.0203638989478349,0.0202183052897453,-0.008860120549798,-0.0271540712565183,-0.0445246063172817,-0.0029503328260034,-0.0098957009613513,-0.0150427529588341,-0.0119934557005763,0.0270365327596664,-0.0034945490770041,-0.0104239452630281,0.0169804021716117,-0.0089531755074858,0.0315789803862571,0.0076336301863193,-0.0177691467106342,0.0115830088034272,0.0120006836950779,0.0193201787769794,-0.0145132690668106,-0.0281640980392694,0.0088002486154437,0.0033141220919787,-0.0194053128361702,0.0161290969699621,0.009803868830204,0.0114736361429095,-0.0474649295210838,-0.0170925334095954,0.0013212475460022,0.005136395804584,0.0262016858905553,0.0521803796291351,-0.0150624485686421,0.0031781299039721,0.011189897544682,-0.0210468098521232,0.0023975884541869,0.0220725834369659,0.0217111371457576,0.0298593565821647,-0.0185485109686851,0.0093330647796392,0.0121100889518857,-0.0244689099490642,-0.0429658964276313,0.0379996113479137,0.0232998579740524,0.0023683195468038,-0.0211032833904027,0.0317653752863407,-0.0052950563840568,0.038046907633543,0.0313688516616821,-0.0077600446529686,-0.0280184410512447,-0.0048006582073867,-0.0891333371400833,-0.0024984162300825,0.0151988249272108,-0.0045596109703183,-0.0051271533593535,0.0323063395917415,-0.0488558858633041,0.0304233040660619,0.0231902841478586,0.0590707138180732,-0.0080490838736295,-0.0652552992105484,0.0234891828149557,-0.0099394796416163,-0.0179428458213806,0.0323443412780761,0.0172084420919418,0.0239836238324642,0.0100250532850623,-0.0068058767355978,-0.0161290075629949,0.0843788459897041,-0.0178646966814994,0.010440019890666,-0.0166916064918041,-0.0518501251935958,0.0326441787183284,0.041227001696825,0.0366701334714889,0.0316455699503421,-0.0065053813159465,0.013080233708024,-0.0603642500936985,-0.0141592305153608,0.0106707690283656,0.0045720171183347,-0.0159448757767677,-0.03196457400918,-0.2031968235969543,0.0228873211890459,-0.0343500971794128,0.0184425562620163,0.0660216212272644,0.0281801335513591,0.0101441824808716,-0.0723185688257217,-0.0137420836836099,-0.0099177518859505,-0.0415326692163944,-0.0589574351906776,0.0016774216201156,0.0131457494571805,0.0058609843254089,0.0260293968021869,-0.0108212921768426,-0.0188066251575946,-0.0145862670615315,0.0618835873901844,-0.0146607672795653,-0.0246027447283267,0.0213092384480126,0.0012276336517103,0.0005114003217669,0.0214707596134098,-0.0525059323883654,-0.0091981752459586,-0.0310262458932822,-0.0095419731816163,-0.0751789906265992,0.1973573719649062,-0.4011251011488482,0.4075443325571595,2019-02-28,2019-03-01,2019-03-04,2019-03-05,2019-03-06,2019-03-07,2019-03-08,2019-03-11,2019-03-12,2019-03-13,15065.0,2019-02-27,252.0,2.7500%,-0.0004,1.3832,0.9278,-1.0116,2.2364%,2.9615%,42.9730%,0.0232229999999999,FGEN,15065.0,2019-02-28,252.0,-1.4661%,-0.0005,1.3848,0.9285,-1.0076,2.2378%,2.9597%,42.8330%,-0.0131869999999999,FGEN,15065.0,2019-03-01,252.0,3.6505%,-0.0002,1.3641,0.8978,-1.0488,2.2263%,2.9458%,42.8828%,0.019722,FGEN,15065.0,2019-03-04,252.0,-2.0364%,-0.0003,1.3669,0.8934,-1.0507,2.2264%,2.9488%,42.9924%,-0.005679,FGEN,15065.0,2019-03-05,252.0,-0.8860%,-0.0002,1.3717,0.9269,-1.045,2.2242%,2.9490%,43.1164%,-0.006378,FGEN,15065.0,2019-03-06,252.0,-4.4525%,-0.0003,1.3857,0.9649,-1.024,2.2270%,2.9627%,43.4968%,-0.020995,FGEN,15065.0,2019-03-07,252.0,-0.9896%,-0.0001,1.3964,1.0159,-0.9953,2.2111%,2.9565%,44.0642%,-0.001327,FGEN,15065.0,2019-03-08,252.0,-1.1993%,-0.0002,1.3982,1.0114,-0.9922,2.2121%,2.9557%,43.9868%,-0.011211,FGEN,15065.0,2019-03-11,252.0,-0.3495%,-0.0003,1.3815,0.989,-0.9964,2.2212%,2.9556%,43.5238%,-0.033218,FGEN,15065.0,2019-03-12,252.0,1.6980%,-0.0002,1.3785,0.9826,-1.0025,2.2231%,2.9540%,43.3620%,0.0154089999999999,FGEN,15065.0,2019-03-13,252.0,3.1579%,-0.0,1.3866,0.9832,-0.9935,2.2270%,2.9595%,43.3750%,0.026061,FGEN,0.0100359999999999,0.029758,0.024079,-0.0032939999999999,-0.0075799999999999
12051,FIBROGEN INC,"FibroGen Q4 EPS $0.23 Beats $(0.10) Estimate, Sales $108.05M Beat $72.15M Estimate",6,increase,0.8,0.7,the significant earnings per share (eps) beat and higher-than-expected sales are likely to positively influence investor sentiment and drive the stock price up.,2,2019-02-27,FGEN,2019-02-27 21:12:00+00:00,15065.0,31572Q80,0.027500431984663,724313.0,-0.0146607672795653,-0.0246027447283268,0.0365051999688148,0.0264819059520959,-0.0203638989478349,0.0202183052897453,-0.008860120549798,-0.0271540712565183,-0.0445246063172817,-0.0029503328260034,-0.0098957009613513,-0.0150427529588341,-0.0119934557005763,0.0270365327596664,-0.0034945490770041,-0.0104239452630281,0.0169804021716117,-0.0089531755074858,0.0315789803862571,0.0076336301863193,-0.0177691467106342,0.0115830088034272,0.0120006836950779,0.0193201787769794,-0.0145132690668106,-0.0281640980392694,0.0088002486154437,0.0033141220919787,-0.0194053128361702,0.0161290969699621,0.009803868830204,0.0114736361429095,-0.0474649295210838,-0.0170925334095954,0.0013212475460022,0.005136395804584,0.0262016858905553,0.0521803796291351,-0.0150624485686421,0.0031781299039721,0.011189897544682,-0.0210468098521232,0.0023975884541869,0.0220725834369659,0.0217111371457576,0.0298593565821647,-0.0185485109686851,0.0093330647796392,0.0121100889518857,-0.0244689099490642,-0.0429658964276313,0.0379996113479137,0.0232998579740524,0.0023683195468038,-0.0211032833904027,0.0317653752863407,-0.0052950563840568,0.038046907633543,0.0313688516616821,-0.0077600446529686,-0.0280184410512447,-0.0048006582073867,-0.0891333371400833,-0.0024984162300825,0.0151988249272108,-0.0045596109703183,-0.0051271533593535,0.0323063395917415,-0.0488558858633041,0.0304233040660619,0.0231902841478586,0.0590707138180732,-0.0080490838736295,-0.0652552992105484,0.0234891828149557,-0.0099394796416163,-0.0179428458213806,0.0323443412780761,0.0172084420919418,0.0239836238324642,0.0100250532850623,-0.0068058767355978,-0.0161290075629949,0.0843788459897041,-0.0178646966814994,0.010440019890666,-0.0166916064918041,-0.0518501251935958,0.0326441787183284,0.041227001696825,0.0366701334714889,0.0316455699503421,-0.0065053813159465,0.013080233708024,-0.0603642500936985,-0.0141592305153608,0.0106707690283656,0.0045720171183347,-0.0159448757767677,-0.03196457400918,-0.2031968235969543,0.0228873211890459,-0.0343500971794128,0.0184425562620163,0.0660216212272644,0.0281801335513591,0.0101441824808716,-0.0723185688257217,-0.0137420836836099,-0.0099177518859505,-0.0415326692163944,-0.0589574351906776,0.0016774216201156,0.0131457494571805,0.0058609843254089,0.0260293968021869,-0.0108212921768426,-0.0188066251575946,-0.0145862670615315,0.0618835873901844,-0.0146607672795653,-0.0246027447283267,0.0213092384480126,0.0012276336517103,0.0005114003217669,0.0214707596134098,-0.0525059323883654,-0.0091981752459586,-0.0310262458932822,-0.0095419731816163,-0.0751789906265992,0.1973573719649062,-0.4011251011488482,0.4075443325571595,2019-02-28,2019-03-01,2019-03-04,2019-03-05,2019-03-06,2019-03-07,2019-03-08,2019-03-11,2019-03-12,2019-03-13,15065.0,2019-02-27,252.0,2.7500%,-0.0004,1.3832,0.9278,-1.0116,2.2364%,2.9615%,42.9730%,0.0232229999999999,FGEN,15065.0,2019-02-28,252.0,-1.4661%,-0.0005,1.3848,0.9285,-1.0076,2.2378%,2.9597%,42.8330%,-0.0131869999999999,FGEN,15065.0,2019-03-01,252.0,3.6505%,-0.0002,1.3641,0.8978,-1.0488,2.2263%,2.9458%,42.8828%,0.019722,FGEN,15065.0,2019-03-04,252.0,-2.0364%,-0.0003,1.3669,0.8934,-1.0507,2.2264%,2.9488%,42.9924%,-0.005679,FGEN,15065.0,2019-03-05,252.0,-0.8860%,-0.0002,1.3717,0.9269,-1.045,2.2242%,2.9490%,43.1164%,-0.006378,FGEN,15065.0,2019-03-06,252.0,-4.4525%,-0.0003,1.3857,0.9649,-1.024,2.2270%,2.9627%,43.4968%,-0.020995,FGEN,15065.0,2019-03-07,252.0,-0.9896%,-0.0001,1.3964,1.0159,-0.9953,2.2111%,2.9565%,44.0642%,-0.001327,FGEN,15065.0,2019-03-08,252.0,-1.1993%,-0.0002,1.3982,1.0114,-0.9922,2.2121%,2.9557%,43.9868%,-0.011211,FGEN,15065.0,2019-03-11,252.0,-0.3495%,-0.0003,1.3815,0.989,-0.9964,2.2212%,2.9556%,43.5238%,-0.033218,FGEN,15065.0,2019-03-12,252.0,1.6980%,-0.0002,1.3785,0.9826,-1.0025,2.2231%,2.9540%,43.3620%,0.0154089999999999,FGEN,15065.0,2019-03-13,252.0,3.1579%,-0.0,1.3866,0.9832,-0.9935,2.2270%,2.9595%,43.3750%,0.026061,FGEN,0.0100359999999999,0.029758,0.024079,-0.0032939999999999,-0.0075799999999999
12059,FOX FACTORY HOLDING CORP,Fox Factory shares are trading higher after the company said it expects FY19 EPS and revenue will be higher than current analyst estimates.,6,increase,0.8,0.7,"the expectation of higher eps and revenue than current analyst estimates typically signals positive performance, which can lead to an increase in stock price.",2,2019-02-27,FOXF,2019-02-27 15:16:00+00:00,14097.0,35138V10,0.0376247204840183,862899.0,-0.0007882585050538,-0.0273667052388191,0.0178289841860532,0.0191341061145067,-0.0055805393494665,-0.0058036535046994,0.0031176451593637,0.0025860650930553,-0.0128981824964284,-0.0003231613954994,-0.0026763535570353,0.0119358981028199,0.0034727896563708,0.0217173267155885,0.0605631358921527,-0.0061431005597114,-0.0008899074746295,-0.0338466577231884,-0.0023753512650728,0.007596593350172,-0.0114582842215895,0.0212941076606512,0.0037633599713444,0.0064795352518558,0.0337432511150836,-0.0114961536601185,0.0013056192547082,-0.0137674482539296,0.0141988322138786,-0.0038721824530512,0.0117142815142869,0.0409808307886123,-0.0309235025197267,0.003539509139955,0.0247705765068531,-0.0011784459929913,-0.0105219036340713,-0.000336530531058,-0.0130765354260802,-0.0106560634449124,0.0144146457314491,-0.0115206874907016,0.0031577611807733,-0.0036077601835131,0.0489340126514434,0.0054410225711762,-0.0148683181032538,-0.0078521110117435,0.0193852335214614,-0.0434986501932144,0.0180656630545854,-0.0074545666575431,-0.0009339519310742,0.0089313648641109,0.0014690252719447,0.0146263614296913,-0.0098679540678858,0.0062390533275902,0.0234343148767948,-0.0069897128269076,-0.0076325070112943,-0.0295976866036653,0.0281129162758588,0.0038687710184603,0.0043854503892362,0.0357429608702659,0.0145113291218876,0.0331180654466152,-0.006202504504472,0.0185528490692377,-0.0078971181064844,0.0546068958938121,-0.0056490236893296,-0.0135111501440405,-0.0001290446380153,-0.0319347269833087,0.0041322275064885,-0.0176873244345188,-0.0060442541725933,0.0327417105436325,0.0122913308441638,0.0309113133698701,-0.0111195696517825,0.0476456619799137,0.0029726731590926,-0.0055524567142128,-0.023969080299139,-0.0351785942912101,-0.0055452627129852,-0.0466462634503841,0.0292086694389581,-0.0211630836129188,-0.0089008621871471,0.0099293198436498,-0.0245997570455074,-0.0335068553686142,-0.0088070938363671,-0.0401249565184116,0.0041733649559319,-0.0185412056744098,0.0182330161333084,-0.0035119215026497,-0.0634628012776374,0.0202523041516542,0.0070293829776346,0.0403565913438797,0.0068407859653234,-0.0366901196539402,-0.0192734245210886,0.012648269534111,-0.0192280579358339,-0.025423752143979,-0.0041804946959018,0.0186784248799085,0.0204110592603683,-0.0339650958776474,-0.0353241302073001,0.0196350757032632,-0.0345588028430938,0.0222854409366846,-0.0007882585050538,-0.0273667052388191,0.0170266718325782,-0.0087562365663563,0.0113511144709594,-0.0145090719080195,0.0014188887282515,-0.0122798244338673,0.0594355453175845,-0.0119605300240296,0.1980135181513722,-0.0289118292244621,0.0349992301232859,-0.033823293005357,2019-02-28,2019-03-01,2019-03-04,2019-03-05,2019-03-06,2019-03-07,2019-03-08,2019-03-11,2019-03-12,2019-03-13,14097.0,2019-02-27,252.0,3.7625%,0.0018,1.2697,1.3088,-0.0844,2.4064%,2.8724%,29.8116%,0.033823,FOXF,14097.0,2019-02-28,252.0,-0.0788%,0.0019,1.2576,1.3005,-0.0933,2.4024%,2.8609%,29.4844%,0.002575,FOXF,14097.0,2019-03-01,252.0,1.7829%,0.0019,1.2513,1.2911,-0.1043,2.4013%,2.8558%,29.2970%,0.004539,FOXF,14097.0,2019-03-04,252.0,-0.5581%,0.0021,1.2388,1.3285,-0.1002,2.3960%,2.8509%,29.3641%,0.006408,FOXF,14097.0,2019-03-05,252.0,0.3118%,0.0022,1.2441,1.3739,-0.099,2.3897%,2.8508%,29.7338%,0.009012,FOXF,14097.0,2019-03-06,252.0,-1.2898%,0.0023,1.2413,1.3459,-0.106,2.3908%,2.8524%,29.7479%,0.014813,FOXF,14097.0,2019-03-07,252.0,-0.2676%,0.0023,1.2412,1.3568,-0.103,2.3902%,2.8525%,29.7916%,0.008004,FOXF,14097.0,2019-03-08,252.0,0.3473%,0.0024,1.2391,1.3845,-0.1078,2.3850%,2.8513%,30.0334%,0.00526,FOXF,14097.0,2019-03-11,252.0,6.0563%,0.0026,1.2571,1.3873,-0.1155,2.3931%,2.8730%,30.6203%,0.036466,FOXF,14097.0,2019-03-12,252.0,-0.0890%,0.0026,1.2575,1.3886,-0.1144,2.3931%,2.8712%,30.5289%,-0.00033,FOXF,14097.0,2019-03-13,252.0,-0.2375%,0.0026,1.2543,1.3987,-0.1155,2.3933%,2.8713%,30.5279%,-0.006482,FOXF,0.036398,0.040937,0.047345,0.07117,0.114088
12067,GREIF INC,"Greif Q1 Adj. EPS $0.65 Beats $0.64 Estimate, Sales $897M Miss $917.21M Estimate",6,uncertain,0.6,0.2,"while the adjusted eps beat estimates, the significant miss in sales could lead to mixed reactions from investors, making the overall impact on the stock price uncertain.",1,2019-02-27,GEF,2019-02-27 21:56:00+00:00,83233.0,39762410,-0.0134117575362324,353608.0,-0.041259229183197,-0.0104773165658116,0.0134328585118055,0.0394482351839542,0.0149729205295443,0.0268389154225587,-0.0043530911207199,-0.010816091671586,-0.0026717707514762,0.0170000083744525,-0.0209449734538793,0.0012515453854575,0.0014924765564501,0.0139593705534935,0.0002484385622665,-0.0098014418035745,-0.0084430137649178,0.0005029031308367,0.0165289212018251,0.0194822400808334,0.0091155190020799,0.0043768836185336,0.0007324255420826,-0.0046130265109241,0.0118372272700071,0.006708001717925,-0.0007311425870284,-0.0012884063180536,-0.0168292354792356,0.0104139940813183,0.0282808076590299,-0.0128501672297716,-0.0344994030892849,-0.0023076962679624,0.0167415831238031,-0.0030674573499709,0.0132710970938205,0.0092879422008991,-0.0026679751463234,-0.0061538890004158,0.0133754685521125,-0.0284005831927061,-0.0100791500881314,0.0007479127380065,0.0230303220450878,0.0133905699476599,-0.0246445704251527,-0.0090134404599666,-0.0070456978864967,-0.0143139641731977,0.0061169564723968,0.0079601909965276,0.0036478971596807,0.0092894528061151,-0.0121153378859162,0.0116840973496437,-0.029678663238883,0.0186286512762308,0.0139029128476977,-0.0244825202971696,-0.0037397537380456,0.002784120850265,0.0270270742475986,0.0196128599345684,-0.0304580889642238,-0.0043678875081241,-0.0165870785713195,0.0234025623649358,-0.0214669089764356,0.0076840776018798,0.0109688732773065,0.0562553070485591,-0.0116249229758977,-0.0317073687911033,0.0167277380824089,-0.0056588272564113,-0.0059126825071871,0.0471219532191753,-0.008016487583518,0.0062463767826557,0.0169446747750043,0.045103870332241,0.015637032687664,0.0426980517804622,-0.0025239393580704,-0.0398098677396774,-0.0172064844518899,-0.023781893774867,-0.002059779362753,-0.1804136037826538,0.0343137755990028,-0.0236713960766792,-0.0009977779118344,0.0030260956846177,-0.0239700153470039,-0.0183216463774442,-0.0084421038627624,0.0093607269227504,-0.0064499485306441,-0.0161725338548421,0.0093482378870248,0.0241545718163251,-0.0414201356470584,-0.0264277774840593,0.0126140965148806,0.0024697037879377,0.0039756568148732,-0.010442066937685,0.0002639472368173,-0.0983573719859123,-0.0124043608084321,-0.0304914247244596,-0.0339389815926551,0.0042910319752991,0.0304287262260913,0.0245803259313106,-0.0228187516331672,-0.0021934318356215,-0.0244506355375051,0.0110887717455625,-0.041259229183197,-0.0104773165658116,-0.0283806000593155,0.0285576069701576,-0.01383261999904,0.0561629775908592,-0.0207488400446324,0.0625000009283085,-0.0319580287244577,0.0894642881544469,-0.0330258522462296,0.0726905892209328,-0.1439229623309874,-0.1343691565849449,2019-02-28,2019-03-01,2019-03-04,2019-03-05,2019-03-06,2019-03-07,2019-03-08,2019-03-11,2019-03-12,2019-03-13,83233.0,2019-02-27,252.0,-1.3412%,-0.0011,1.1336,0.4983,0.1871,1.9677%,2.2988%,26.7321%,-0.015255,GEF,83233.0,2019-02-28,252.0,-4.1259%,-0.0013,1.1432,0.5036,0.2025,1.9808%,2.3118%,26.5825%,-0.037477,GEF,83233.0,2019-03-01,252.0,1.3433%,-0.0012,1.1453,0.5067,0.2031,1.9811%,2.3118%,26.5636%,0.004461,GEF,83233.0,2019-03-04,252.0,1.4973%,-0.0007,1.0847,0.687,0.2235,1.8256%,2.1595%,28.5382%,0.022073,GEF,83233.0,2019-03-05,252.0,-0.4353%,-0.0007,1.0847,0.6874,0.2233,1.8256%,2.1579%,28.4302%,6.7e-05,GEF,83233.0,2019-03-06,252.0,-0.2672%,-0.0006,1.085,0.6496,0.2184,1.8264%,2.1579%,28.3623%,0.014922,GEF,83233.0,2019-03-07,252.0,-2.0945%,-0.0006,1.0896,0.6519,0.2252,1.8276%,2.1609%,28.4746%,-0.010962,GEF,83233.0,2019-03-08,252.0,0.1492%,-0.0007,1.0912,0.6167,0.2295,1.8167%,2.1487%,28.5177%,0.0038569999999999,GEF,83233.0,2019-03-11,252.0,0.0248%,-0.0008,1.0826,0.6134,0.232,1.8194%,2.1485%,28.2916%,-0.017127,GEF,83233.0,2019-03-12,252.0,-0.8443%,-0.0008,1.0844,0.6169,0.2356,1.8201%,2.1471%,28.1412%,-0.009336,GEF,83233.0,2019-03-13,252.0,1.6529%,-0.0008,1.0885,0.6037,0.2369,1.8203%,2.1485%,28.2127%,0.010851,GEF,-0.052732,-0.048271,-0.026198,-0.011209,-0.033926
12075,GREIF INC,"Greif Q1 Adj. EPS $0.65 Beats $0.64 Estimate, Sales $897M Miss $917.21M Estimate",6,uncertain,0.6,0.2,"while greif's adjusted eps beat estimates, the significant miss in sales could lead to mixed investor reactions, making the overall impact on stock price uncertain.",1,2019-02-27,GEF,2019-02-27 21:56:00+00:00,83233.0,39762410,-0.0134117575362324,353608.0,-0.041259229183197,-0.0104773165658116,0.0134328585118055,0.0394482351839542,0.0149729205295443,0.0268389154225587,-0.0043530911207199,-0.010816091671586,-0.0026717707514762,0.0170000083744525,-0.0209449734538793,0.0012515453854575,0.0014924765564501,0.0139593705534935,0.0002484385622665,-0.0098014418035745,-0.0084430137649178,0.0005029031308367,0.0165289212018251,0.0194822400808334,0.0091155190020799,0.0043768836185336,0.0007324255420826,-0.0046130265109241,0.0118372272700071,0.006708001717925,-0.0007311425870284,-0.0012884063180536,-0.0168292354792356,0.0104139940813183,0.0282808076590299,-0.0128501672297716,-0.0344994030892849,-0.0023076962679624,0.0167415831238031,-0.0030674573499709,0.0132710970938205,0.0092879422008991,-0.0026679751463234,-0.0061538890004158,0.0133754685521125,-0.0284005831927061,-0.0100791500881314,0.0007479127380065,0.0230303220450878,0.0133905699476599,-0.0246445704251527,-0.0090134404599666,-0.0070456978864967,-0.0143139641731977,0.0061169564723968,0.0079601909965276,0.0036478971596807,0.0092894528061151,-0.0121153378859162,0.0116840973496437,-0.029678663238883,0.0186286512762308,0.0139029128476977,-0.0244825202971696,-0.0037397537380456,0.002784120850265,0.0270270742475986,0.0196128599345684,-0.0304580889642238,-0.0043678875081241,-0.0165870785713195,0.0234025623649358,-0.0214669089764356,0.0076840776018798,0.0109688732773065,0.0562553070485591,-0.0116249229758977,-0.0317073687911033,0.0167277380824089,-0.0056588272564113,-0.0059126825071871,0.0471219532191753,-0.008016487583518,0.0062463767826557,0.0169446747750043,0.045103870332241,0.015637032687664,0.0426980517804622,-0.0025239393580704,-0.0398098677396774,-0.0172064844518899,-0.023781893774867,-0.002059779362753,-0.1804136037826538,0.0343137755990028,-0.0236713960766792,-0.0009977779118344,0.0030260956846177,-0.0239700153470039,-0.0183216463774442,-0.0084421038627624,0.0093607269227504,-0.0064499485306441,-0.0161725338548421,0.0093482378870248,0.0241545718163251,-0.0414201356470584,-0.0264277774840593,0.0126140965148806,0.0024697037879377,0.0039756568148732,-0.010442066937685,0.0002639472368173,-0.0983573719859123,-0.0124043608084321,-0.0304914247244596,-0.0339389815926551,0.0042910319752991,0.0304287262260913,0.0245803259313106,-0.0228187516331672,-0.0021934318356215,-0.0244506355375051,0.0110887717455625,-0.041259229183197,-0.0104773165658116,-0.0283806000593155,0.0285576069701576,-0.01383261999904,0.0561629775908592,-0.0207488400446324,0.0625000009283085,-0.0319580287244577,0.0894642881544469,-0.0330258522462296,0.0726905892209328,-0.1439229623309874,-0.1343691565849449,2019-02-28,2019-03-01,2019-03-04,2019-03-05,2019-03-06,2019-03-07,2019-03-08,2019-03-11,2019-03-12,2019-03-13,83233.0,2019-02-27,252.0,-1.3412%,-0.0011,1.1336,0.4983,0.1871,1.9677%,2.2988%,26.7321%,-0.015255,GEF,83233.0,2019-02-28,252.0,-4.1259%,-0.0013,1.1432,0.5036,0.2025,1.9808%,2.3118%,26.5825%,-0.037477,GEF,83233.0,2019-03-01,252.0,1.3433%,-0.0012,1.1453,0.5067,0.2031,1.9811%,2.3118%,26.5636%,0.004461,GEF,83233.0,2019-03-04,252.0,1.4973%,-0.0007,1.0847,0.687,0.2235,1.8256%,2.1595%,28.5382%,0.022073,GEF,83233.0,2019-03-05,252.0,-0.4353%,-0.0007,1.0847,0.6874,0.2233,1.8256%,2.1579%,28.4302%,6.7e-05,GEF,83233.0,2019-03-06,252.0,-0.2672%,-0.0006,1.085,0.6496,0.2184,1.8264%,2.1579%,28.3623%,0.014922,GEF,83233.0,2019-03-07,252.0,-2.0945%,-0.0006,1.0896,0.6519,0.2252,1.8276%,2.1609%,28.4746%,-0.010962,GEF,83233.0,2019-03-08,252.0,0.1492%,-0.0007,1.0912,0.6167,0.2295,1.8167%,2.1487%,28.5177%,0.0038569999999999,GEF,83233.0,2019-03-11,252.0,0.0248%,-0.0008,1.0826,0.6134,0.232,1.8194%,2.1485%,28.2916%,-0.017127,GEF,83233.0,2019-03-12,252.0,-0.8443%,-0.0008,1.0844,0.6169,0.2356,1.8201%,2.1471%,28.1412%,-0.009336,GEF,83233.0,2019-03-13,252.0,1.6529%,-0.0008,1.0885,0.6037,0.2369,1.8203%,2.1485%,28.2127%,0.010851,GEF,-0.052732,-0.048271,-0.026198,-0.011209,-0.033926
12083,GEVO INC,Gevo shares are trading higher after the company announced a long-term supply agreement for renewable isooctane worth up to $180 million with HCS Group.,6,increase,0.8,0.7,the announcement of a long-term supply agreement worth up to $180 million is likely to boost investor confidence and positively impact gevo inc's stock price.,2,2019-02-27,GEVO,2019-02-27 14:18:00+00:00,12579.0,37439640,-0.0158730000257492,12323347.0,-0.0604839101433754,-0.0078740082681179,-0.0214592069387435,0.0,-0.0307017248123884,-0.0305343233048915,-0.0180995296686887,0.0076923007145524,0.0322580337524414,0.0833332538604736,-0.0089285625144839,-0.0204081442207098,0.0765766128897667,0.016597494482994,-0.0251046773046255,0.0041666626930236,0.0600858852267265,-0.0123456669971346,-0.0445344671607017,0.056521788239479,-0.0084745688363909,0.0222222004085779,-0.017094001173973,-0.0301723852753639,0.0826087221503257,-0.0720000267028808,-0.0401606038212776,-0.0039840601384639,-0.0083682918921113,0.0080321207642555,-0.0210970267653465,-0.0196850206702947,-0.0086206812411546,-0.0268198996782302,-0.0260869320482015,-0.0261194668710231,-0.0312499701976776,0.0190113876014947,0.0322580337524414,-0.0539567843079567,-0.0267856884747743,0.0258302334696054,0.0045871515758335,-0.0181159246712923,0.031963437795639,0.0337078310549259,-0.0044247745536267,-0.072916679084301,0.0533332824707031,0.0069930837489664,0.0421941541135311,-0.0069445203989744,-0.0121457371860742,0.0686457082629203,-0.0368853062391281,0.0169810708612203,0.0382979400455951,-0.0257352702319622,0.0204917825758457,0.0149253588169813,-0.0240963622927665,0.0307692941278219,0.0041152224875986,0.0317460000514984,-0.0245901402086019,-0.0117646949365735,-0.0126051297411322,0.0079051312059164,-0.0425531528890132,0.0720339342951774,-0.0266666412353515,0.0925925001502037,-0.0091324113309383,0.0046511581167578,0.0322580337524414,0.0969388037919998,-0.0312499701976776,-0.0531400479376316,-0.0138248708099126,-0.0189573280513286,0.0327102467417717,0.0656565055251121,-0.0090497648343443,0.0531915016472339,-0.0091324113309383,-0.1047618687152863,-0.0230415612459182,-0.0497738160192966,-0.0330188386142253,-0.0595744140446186,0.0353658497333526,0.0217391103506088,0.022379333153367,-0.0376569665968418,-0.0092165805399417,-0.0553359165787696,0.0279069487005472,-0.0174757577478885,-0.0226244125515222,-0.0096153300255537,-0.0370371118187904,0.0236220248043537,-0.0673076286911964,-0.0155038619413971,0.056700974702835,-0.044444490224123,0.0,-0.0391458719968795,0.0,-0.0243056137114763,-0.0146341323852539,0.0034844004549086,0.0049504903145134,0.0141342626884579,0.0098522072657942,-0.0104895010590553,-0.0195121765136718,0.003508768742904,-0.0298507176339626,0.0070671313442289,-0.0604839101433754,-0.0078740082681179,-0.0806451803378879,-0.0078740082681179,-0.1088709590160971,-0.0381679040588454,-0.0967741952093401,0.0499999537708357,-0.0483871414885596,0.0956521897700062,0.0040322620605985,-0.0597015277399581,-0.2137096574160475,-0.1095406271799224,2019-02-28,2019-03-01,2019-03-04,2019-03-05,2019-03-06,2019-03-07,2019-03-08,2019-03-11,2019-03-12,2019-03-13,12579.0,2019-02-27,252.0,-1.5873%,0.0038,1.2906,5.1413,3.512,17.9696%,18.1975%,2.4887%,-0.022702,GEVO,12579.0,2019-02-28,252.0,-6.0484%,0.0035,1.3181,5.1584,3.5442,17.9716%,18.2018%,2.5140%,-0.048831,GEVO,12579.0,2019-03-01,252.0,-2.1459%,0.0033,1.3139,5.1521,3.5541,17.9729%,18.2006%,2.4865%,-0.0318219999999999,GEVO,12579.0,2019-03-04,252.0,-3.0702%,0.0034,1.2987,5.2209,3.5538,17.9718%,18.2018%,2.5119%,-0.017212,GEVO,12579.0,2019-03-05,252.0,-1.8100%,0.0036,1.3066,5.2856,3.5574,17.9701%,18.2021%,2.5323%,0.008732,GEVO,12579.0,2019-03-06,252.0,3.2258%,0.004,1.2622,5.0714,3.4781,17.9819%,18.2030%,2.4147%,0.108319,GEVO,12579.0,2019-03-07,252.0,-0.8929%,0.0043,1.2741,5.1548,3.5176,17.9763%,18.2023%,2.4686%,0.016359,GEVO,12579.0,2019-03-08,252.0,7.6577%,0.0046,1.2639,5.1477,3.5017,17.9830%,18.2070%,2.4454%,0.082692,GEVO,12579.0,2019-03-11,252.0,-2.5105%,0.0043,1.2376,5.1541,3.5189,17.9846%,18.2078%,2.4374%,-0.044349,GEVO,12579.0,2019-03-12,252.0,6.0086%,0.0046,1.2597,5.118,3.5292,17.9895%,18.2114%,2.4218%,0.074149,GEVO,12579.0,2019-03-13,252.0,-4.4534%,0.0045,1.2448,5.146,3.5197,17.9915%,18.2137%,2.4251%,-0.039636,GEVO,-0.071533,-0.103355,-0.120567,-0.003516,0.085699
12091,GEVO INC,"Gevo and HCS Group Enter Into Game-Changing, Long-Term Supply Agreement For Renewable Isooctane Worth Up To $180M",6,increase,0.8,0.7,"the long-term supply agreement worth up to $180 million indicates strong future revenue potential for gevo inc, which is likely to positively impact investor sentiment and stock price.",2,2019-02-27,GEVO,2019-02-27 12:10:00+00:00,12579.0,37439640,-0.0158730000257492,12323347.0,-0.0604839101433754,-0.0078740082681179,-0.0214592069387435,0.0,-0.0307017248123884,-0.0305343233048915,-0.0180995296686887,0.0076923007145524,0.0322580337524414,0.0833332538604736,-0.0089285625144839,-0.0204081442207098,0.0765766128897667,0.016597494482994,-0.0251046773046255,0.0041666626930236,0.0600858852267265,-0.0123456669971346,-0.0445344671607017,0.056521788239479,-0.0084745688363909,0.0222222004085779,-0.017094001173973,-0.0301723852753639,0.0826087221503257,-0.0720000267028808,-0.0401606038212776,-0.0039840601384639,-0.0083682918921113,0.0080321207642555,-0.0210970267653465,-0.0196850206702947,-0.0086206812411546,-0.0268198996782302,-0.0260869320482015,-0.0261194668710231,-0.0312499701976776,0.0190113876014947,0.0322580337524414,-0.0539567843079567,-0.0267856884747743,0.0258302334696054,0.0045871515758335,-0.0181159246712923,0.031963437795639,0.0337078310549259,-0.0044247745536267,-0.072916679084301,0.0533332824707031,0.0069930837489664,0.0421941541135311,-0.0069445203989744,-0.0121457371860742,0.0686457082629203,-0.0368853062391281,0.0169810708612203,0.0382979400455951,-0.0257352702319622,0.0204917825758457,0.0149253588169813,-0.0240963622927665,0.0307692941278219,0.0041152224875986,0.0317460000514984,-0.0245901402086019,-0.0117646949365735,-0.0126051297411322,0.0079051312059164,-0.0425531528890132,0.0720339342951774,-0.0266666412353515,0.0925925001502037,-0.0091324113309383,0.0046511581167578,0.0322580337524414,0.0969388037919998,-0.0312499701976776,-0.0531400479376316,-0.0138248708099126,-0.0189573280513286,0.0327102467417717,0.0656565055251121,-0.0090497648343443,0.0531915016472339,-0.0091324113309383,-0.1047618687152863,-0.0230415612459182,-0.0497738160192966,-0.0330188386142253,-0.0595744140446186,0.0353658497333526,0.0217391103506088,0.022379333153367,-0.0376569665968418,-0.0092165805399417,-0.0553359165787696,0.0279069487005472,-0.0174757577478885,-0.0226244125515222,-0.0096153300255537,-0.0370371118187904,0.0236220248043537,-0.0673076286911964,-0.0155038619413971,0.056700974702835,-0.044444490224123,0.0,-0.0391458719968795,0.0,-0.0243056137114763,-0.0146341323852539,0.0034844004549086,0.0049504903145134,0.0141342626884579,0.0098522072657942,-0.0104895010590553,-0.0195121765136718,0.003508768742904,-0.0298507176339626,0.0070671313442289,-0.0604839101433754,-0.0078740082681179,-0.0806451803378879,-0.0078740082681179,-0.1088709590160971,-0.0381679040588454,-0.0967741952093401,0.0499999537708357,-0.0483871414885596,0.0956521897700062,0.0040322620605985,-0.0597015277399581,-0.2137096574160475,-0.1095406271799224,2019-02-28,2019-03-01,2019-03-04,2019-03-05,2019-03-06,2019-03-07,2019-03-08,2019-03-11,2019-03-12,2019-03-13,12579.0,2019-02-27,252.0,-1.5873%,0.0038,1.2906,5.1413,3.512,17.9696%,18.1975%,2.4887%,-0.022702,GEVO,12579.0,2019-02-28,252.0,-6.0484%,0.0035,1.3181,5.1584,3.5442,17.9716%,18.2018%,2.5140%,-0.048831,GEVO,12579.0,2019-03-01,252.0,-2.1459%,0.0033,1.3139,5.1521,3.5541,17.9729%,18.2006%,2.4865%,-0.0318219999999999,GEVO,12579.0,2019-03-04,252.0,-3.0702%,0.0034,1.2987,5.2209,3.5538,17.9718%,18.2018%,2.5119%,-0.017212,GEVO,12579.0,2019-03-05,252.0,-1.8100%,0.0036,1.3066,5.2856,3.5574,17.9701%,18.2021%,2.5323%,0.008732,GEVO,12579.0,2019-03-06,252.0,3.2258%,0.004,1.2622,5.0714,3.4781,17.9819%,18.2030%,2.4147%,0.108319,GEVO,12579.0,2019-03-07,252.0,-0.8929%,0.0043,1.2741,5.1548,3.5176,17.9763%,18.2023%,2.4686%,0.016359,GEVO,12579.0,2019-03-08,252.0,7.6577%,0.0046,1.2639,5.1477,3.5017,17.9830%,18.2070%,2.4454%,0.082692,GEVO,12579.0,2019-03-11,252.0,-2.5105%,0.0043,1.2376,5.1541,3.5189,17.9846%,18.2078%,2.4374%,-0.044349,GEVO,12579.0,2019-03-12,252.0,6.0086%,0.0046,1.2597,5.118,3.5292,17.9895%,18.2114%,2.4218%,0.074149,GEVO,12579.0,2019-03-13,252.0,-4.4534%,0.0045,1.2448,5.146,3.5197,17.9915%,18.2137%,2.4251%,-0.039636,GEVO,-0.071533,-0.103355,-0.120567,-0.003516,0.085699
12099,GOLAR L N G LTD,Golar LNG Q4 Sales $181.9M Up From $123.1M YoY,6,increase,0.8,0.7,"the significant year-over-year increase in sales from $123.1m to $181.9m suggests strong financial performance, which is likely to positively impact investor sentiment and drive the stock price up.",2,2019-02-27,GLNG,2019-02-27 13:13:00+00:00,89618.0,G9456A10,-0.0179227665066719,2368031.0,-0.0341601036489009,-0.0104592787101864,0.013565924949944,0.0096418308094143,0.0301146823912859,-0.003203647211194,0.0009280955418944,-0.0036479672417044,-0.0352341309189796,-0.0270630251616239,0.0024027461186051,-0.0013291439972817,-0.0124640567228198,0.0004432725545484,0.0218446049839258,-0.0092227049171924,0.0375297367572784,0.0160642843693494,0.0018314741319045,0.0360610596835613,-0.0069028818979859,0.0018526635831221,0.0106579959392547,-0.0041512986645102,0.0155891869217157,-0.024741306900978,-0.0108352042734623,0.0136798555031418,0.0191693324595689,-0.0157091729342937,0.0062695653177797,-0.0075723864138126,-0.0449488312005996,0.0080826357007026,-0.0027958746068179,0.0,0.0112149426713585,0.0348513014614582,-0.0078558260574936,0.0089076664298772,-0.0274802129715681,-0.0175034161657095,0.0100575191900134,0.0069573107175529,-0.0023707556538283,0.0046598501503467,0.00190109340474,-0.0241018962115049,-0.0265654399991035,-0.0496974773705005,0.0024366099387407,0.0275310352444648,0.0019446240039542,0.0004442571662366,0.0,-0.0096788089722394,-0.0213488843291997,-0.0091543588787317,0.0446207039058208,-0.0052037700079381,0.0194589402526617,-0.0323122292757034,-0.0176908373832702,-0.0225594453513622,-0.0080568753182888,0.0004102716920897,-0.0186335109174251,0.0278364308178424,0.0073028048500418,0.021102488040924,-0.0009666726691648,0.0338379442691803,-0.0077406796626746,-0.0079505434259772,0.019015084952116,0.0404411368072032,-0.0248804055154323,0.0060102208517491,-0.0166829377412796,-0.0265526622533798,-0.0384231731295585,-0.0237258747220039,0.0,0.0625583603978157,0.0140114398673176,-0.0138121200725436,-0.014841397292912,0.0168538708239793,0.0155843757092952,-0.0115687176585197,0.0414322987198829,-0.0261378958821296,-0.0466601550579071,-0.0688207894563674,-0.0144255897030234,-0.0008385935798287,0.0036592578981071,-0.0304878037422895,-0.0270833559334278,-0.0174672547727823,0.0240898746997118,-0.0039541469886898,-0.0162048861384391,0.000791470403783,0.00637624040246,0.0152672184631228,-0.0026399758644402,-0.0115171130746603,0.0280572101473808,-0.0469341315329074,-0.0231720265001058,-0.0406681485474109,0.0052715013734996,0.0337838418781757,0.072889320552349,-0.0129677802324295,-0.0229716189205646,0.0131381526589393,-0.0390195436775684,0.0550494790077209,-0.0341601036489009,-0.0104592787101864,-0.0210575921013402,-0.0009182944964841,0.0084229475918884,-0.0041189998160754,-0.0262050217988673,-0.0346051752664694,0.0238651733997756,0.0060102208800307,-0.0072324265466827,-0.0563746430779594,-0.0948711697193468,-0.1329630490455505,2019-02-28,2019-03-01,2019-03-04,2019-03-05,2019-03-06,2019-03-07,2019-03-08,2019-03-11,2019-03-12,2019-03-13,89618.0,2019-02-27,252.0,-1.7923%,-0.0004,1.4367,0.7497,0.9123,2.3955%,2.7818%,25.8426%,-0.019676,GLNG,89618.0,2019-02-28,252.0,-3.4160%,-0.0006,1.4448,0.7544,0.9246,2.4014%,2.7884%,25.8285%,-0.027675,GLNG,89618.0,2019-03-01,252.0,1.3566%,-0.0006,1.4541,0.7682,0.9365,2.4001%,2.7893%,25.9567%,0.0045839999999999,GLNG,89618.0,2019-03-04,252.0,3.0115%,-0.0005,1.453,0.738,0.9445,2.4113%,2.7959%,25.6210%,0.037006,GLNG,89618.0,2019-03-05,252.0,0.0928%,-0.0004,1.4514,0.7308,0.9403,2.4119%,2.7943%,25.4983%,0.007863,GLNG,89618.0,2019-03-06,252.0,-3.5234%,-0.0006,1.4454,0.7694,0.9387,2.4094%,2.7931%,25.5928%,-0.0143,GLNG,89618.0,2019-03-07,252.0,0.2403%,-0.0004,1.4402,0.7804,0.935,2.4106%,2.7932%,25.5190%,0.017801,GLNG,89618.0,2019-03-08,252.0,-1.2464%,-0.0004,1.4402,0.7974,0.9342,2.4091%,2.7931%,25.6051%,-0.008186,GLNG,89618.0,2019-03-11,252.0,2.1845%,-0.0004,1.4416,0.8003,0.9352,2.4091%,2.7967%,25.7954%,0.0022819999999999,GLNG,89618.0,2019-03-12,252.0,3.7530%,-0.0004,1.4286,0.7863,0.9144,2.4176%,2.7930%,25.0786%,0.036825,GLNG,89618.0,2019-03-13,252.0,0.1831%,-0.0005,1.4273,0.772,0.9097,2.4138%,2.7889%,25.0905%,-0.006188,GLNG,-0.047351,-0.042767,-0.005761,-0.012198,0.030336
12107,GREENLIGHT CAPITAL RE LTD,"Greenlight Capital Re Q4 EPS $(2.25) Misses $(2.14) Estimate, Sales $119.6M Beat $115.9M Estimate",6,decrease,0.7,0.6,"the significant miss in eps suggests underlying issues that may concern investors, despite the sales beat.",0,2019-02-27,GLRE,2019-02-27 21:46:00+00:00,92041.0,G4095J10,-0.0119863301515579,199867.0,-0.0303293224424123,0.0068965447135269,0.0205541104078292,-0.001721127773635,-0.0140104945749044,0.0025884152855724,0.0026642745360732,-0.009401679970324,-0.0212577302008867,0.0209423881024122,-0.0316742435097694,0.0070298700593411,-0.0065420274622738,0.011555565521121,0.0197554118931293,-0.0096830688416957,0.0119926305487752,0.0317892283201217,-0.0054695000872015,-0.0027173671405762,-0.0064161042682826,0.018450167030096,0.009225039742887,-0.0064161042682826,0.0219379104673862,0.0027573283296078,0.0035778139717876,0.007407400291413,-0.0249554980546236,0.003717468585819,-0.0073126074858009,0.0037313397042453,-0.0202577635645866,0.0337512418627739,0.02631576359272,-0.0028845898341387,0.0164835434406995,0.0317460000514984,-0.0045045213773846,-0.0117646949365735,0.01447962410748,0.0019645877182483,-0.0303300768136978,0.012935334816575,0.0137995006516575,0.0080240638926625,0.000907375186216,0.0152750080451369,-0.0081595787778496,-0.0353635177016258,0.0182816069573164,0.0190190728753805,0.0,0.0309597738087177,0.0062836348079144,-0.0010309515055269,-0.0347903966903686,-0.0030832204502075,0.005545325577259,-0.0121828261762857,0.0,0.0228453017771244,0.0045956056565046,0.0126182837411761,0.0009148467215709,-0.0093750152736902,0.0091408034786582,0.0105263562873005,0.0,-0.0114463744685053,-0.016304375603795,0.0031314962543547,-0.0027624063659459,-0.0062241097912192,0.0138503806665539,0.1183295175433159,0.0118397194892168,-0.0069124903529882,-0.01080107036978,-0.002298793522641,0.0882620811462402,-0.0224718898534774,0.0342809222638607,0.0125141814351081,-0.0315279178321361,-0.004530007019639,-0.0025041513144969,0.0056947828270494,-0.0142259476706385,-0.0112613039091229,0.0203735772520303,-0.0122357793152332,0.0274542346596717,-0.0249458234757185,-0.1368421465158463,-0.01600849814713,-0.0262663923203945,-0.0084656001999974,0.0250481907278299,-0.038657184690237,-0.0234962403774261,-0.0100705316290259,-0.003849851898849,-0.0040120319463312,-0.0067633474245667,-0.0187007468193769,0.0272374209016561,-0.0029440366197377,-0.0293560996651649,0.0129223810508847,0.0224389806389808,-0.0464454740285873,-0.050572495907545,-0.0037771447096019,0.0592964999377727,-0.0084269801154732,0.0170778278261423,-0.0210815351456403,-0.0205224119126796,0.012059380300343,-0.0303293224424123,0.0068965447135269,-0.010398604276659,0.0051635471052433,-0.0242634092627588,0.0077653277950706,-0.0424609865395744,0.019197230734455,-0.0545927334887069,0.0579710434725544,-0.0571923638835231,0.1857867808571116,-0.0901213208256351,0.0834879857104362,2019-02-28,2019-03-01,2019-03-04,2019-03-05,2019-03-06,2019-03-07,2019-03-08,2019-03-11,2019-03-12,2019-03-13,92041.0,2019-02-27,252.0,-1.1986%,-0.001,0.7162,0.8677,1.2918,1.8092%,2.0027%,18.3960%,-0.0128069999999999,GLRE,92041.0,2019-02-28,252.0,-3.0329%,-0.0011,0.7224,0.8712,1.3019,1.8155%,2.0105%,18.4607%,-0.025153,GLRE,92041.0,2019-03-01,252.0,2.0554%,-0.001,0.7203,0.8682,1.2899,1.8183%,2.0089%,18.0723%,0.017944,GLRE,92041.0,2019-03-04,252.0,-1.4010%,-0.001,0.715,0.8958,1.2891,1.8174%,2.0086%,18.1323%,-0.011913,GLRE,92041.0,2019-03-05,252.0,0.2664%,-0.0009,0.7123,0.8817,1.2832,1.8184%,2.0069%,17.9000%,0.00966,GLRE,92041.0,2019-03-06,252.0,-2.1258%,-0.001,0.7155,0.8881,1.2878,1.8184%,2.0106%,18.2021%,-0.004768,GLRE,92041.0,2019-03-07,252.0,-3.1674%,-0.001,0.7285,0.9126,1.312,1.8202%,2.0195%,18.7613%,-0.021026,GLRE,92041.0,2019-03-08,252.0,-0.6542%,-0.001,0.7288,0.9134,1.3123,1.8202%,2.0197%,18.7755%,-0.003255,GLRE,92041.0,2019-03-11,252.0,1.9755%,-0.0009,0.7355,0.9232,1.3145,1.8220%,2.0241%,18.9756%,0.012343,GLRE,92041.0,2019-03-12,252.0,1.1993%,-0.0009,0.7373,0.9163,1.3137,1.8243%,2.0240%,18.7617%,0.013701,GLRE,92041.0,2019-03-13,252.0,-0.5470%,-0.0009,0.7344,0.928,1.3134,1.8236%,2.0236%,18.7850%,-0.008692,GLRE,-0.0379599999999999,-0.0200159999999999,-0.0319289999999999,-0.0270369999999999,-0.0339659999999999
12115,ALPHABET INC,Is Liquidity Drying Up In 2019? Business Lending And Spending Suggest Otherwise,6,uncertain,0.5,0.5,"the news discusses broader economic conditions rather than specific factors directly affecting alphabet inc., making the impact on its stock price unclear.",1,2019-02-27,GOOG,2019-02-27 14:16:00+00:00,14542.0,02079K10,0.0008250553510151,968760.0,0.0034675821661949,0.0051649361848831,0.018813794478774,-0.0008735563023947,0.0059685525484383,0.0122154885903,0.0123976124450564,-0.0151105020195245,-0.003588585415855,-0.0042554796673357,-0.0125748682767152,0.0044089560396969,-0.0008572575170546,-0.0071500702761113,0.0292738154530525,0.0013480304041877,0.0148329092189669,-0.0010790023952722,0.0001005658050416,0.0240728259086608,-0.006511160172522,-4.570418604998849e-05,-0.0009194785961881,-0.0033219889737665,-0.0001688120973994,-0.0148131055757403,0.0123199010267853,-0.0268414299935102,0.0209534093737602,0.0116436621174216,0.0061848480254411,0.0198514964431524,-0.0211442895233631,-0.00503416871652,-0.0103691415861249,0.025076612830162,-0.0070243123918771,0.0268145650625228,-0.009792149066925,-0.0088404240086674,-0.0038618517573922,-0.0191661100834608,0.0041250404901802,0.0159139260649681,0.0180003531277179,-0.0015525924973189,0.0050734961405396,0.0047172652557492,0.0045231976546347,-0.0252581257373094,0.0075294841080904,0.0076704150997102,-0.0064608850516378,0.0082611488178372,-0.0027420441620051,0.0035463457461446,-0.0054741213098168,0.0310714989900589,0.0041010933928191,-0.0118237975984811,0.0020462840329855,-0.0122766019776463,0.0109993191435933,-0.004029253963381,0.0026521554682403,-0.0015051799127832,0.004938194528222,0.0073849572800099,0.0075052855536341,-0.0021667364053428,2.428886728012003e-05,0.0537861585617065,0.0100859533995389,-0.0284839887171983,0.0125797409564256,0.0098878825083374,-0.0067613366991281,-0.0014174131210893,0.0059314896352589,-0.006514205597341,0.0069097336381673,0.0042522503063082,0.0121051277965307,0.0647804737091064,-0.0769660770893096,-0.0033893536310642,-0.0171648021787405,-0.0295915398746728,-0.0046828733757138,-0.0132941380143165,0.0196024794131517,-0.0055408729240298,0.0033659441396594,0.0119818709790706,-0.0128553621470928,-0.0245369412004947,-0.0066689006052911,-0.0186458695679903,-0.0033354321494698,-0.0016734630335122,0.0016259868862107,0.0113430507481098,-0.0276911631226539,0.0117357997223734,-0.0102383214980363,0.0028652809560298,0.0390650294721126,-0.030082456767559,0.01268673222512,0.0170438662171363,-0.0141477650031447,-0.050260841846466,-0.0201755762100219,0.0109646115452051,0.0094657149165868,0.0056326421909034,0.001557056675665,0.0019057367462664,-0.0092494692653417,0.0400416925549507,0.0034675821661949,0.0051649361848831,0.0223466150231821,0.0042868680199326,0.028448544517666,0.0165547227976183,0.0374624199806026,-0.0030664904046924,0.0692351532310169,0.0183742565828295,0.0771560227716847,0.0548057296409869,0.0221495133338509,0.0677128469586498,2019-02-28,2019-03-01,2019-03-04,2019-03-05,2019-03-06,2019-03-07,2019-03-08,2019-03-11,2019-03-12,2019-03-13,14542.0,2019-02-27,252.0,0.0825%,-0.0004,1.2017,-0.3493,-0.7308,0.9057%,1.7420%,72.9664%,-0.00057,GOOG,14542.0,2019-02-28,252.0,0.3468%,-0.0004,1.1966,-0.3527,-0.7358,0.9052%,1.7364%,72.8212%,0.005336,GOOG,14542.0,2019-03-01,252.0,1.8814%,-0.0003,1.197,-0.3521,-0.7392,0.9067%,1.7386%,72.8020%,0.0081879999999999,GOOG,14542.0,2019-03-04,252.0,0.5969%,-0.0002,1.1887,-0.3371,-0.7342,0.9065%,1.7270%,72.4491%,0.013578,GOOG,14542.0,2019-03-05,252.0,1.2398%,-0.0002,1.1866,-0.3462,-0.7401,0.9095%,1.7279%,72.2949%,0.0115209999999999,GOOG,14542.0,2019-03-06,252.0,-0.3589%,-0.0002,1.1861,-0.3516,-0.7413,0.9096%,1.7267%,72.2521%,0.002222,GOOG,14542.0,2019-03-07,252.0,-1.2575%,-0.0002,1.1879,-0.3535,-0.7394,0.9100%,1.7285%,72.2813%,-0.005631,GOOG,14542.0,2019-03-08,252.0,-0.0857%,-0.0002,1.1887,-0.3672,-0.7376,0.9067%,1.7266%,72.4246%,0.000586,GOOG,14542.0,2019-03-11,252.0,2.9274%,-0.0002,1.1932,-0.3575,-0.7343,0.9077%,1.7338%,72.5937%,0.008959,GOOG,14542.0,2019-03-12,252.0,1.4833%,-0.0002,1.1845,-0.3603,-0.7455,0.9072%,1.7259%,72.3701%,0.010172,GOOG,14542.0,2019-03-13,252.0,0.0101%,-0.0003,1.1819,-0.3614,-0.7485,0.9079%,1.7258%,72.3239%,-0.0086,GOOG,0.0047659999999999,0.0129539999999999,0.026532,0.040275,0.0457609999999999
12123,GRAN TIERRA ENERGY INC,Gran Tierra Energy Q4 EPS $(0.03) Up From $(0.10) YoY,6,increase,0.7,0.5,"the improvement in eps from $(0.10) to $(0.03) indicates a positive trend in the company's financial performance, which could lead to increased investor confidence and a potential rise in stock price.",2,2019-02-27,GTE,2019-02-27 11:30:00+00:00,92619.0,38500T20,0.0131578827276825,2765660.0,-0.021645002067089,-0.0043668081052601,0.0265486482530832,-0.008658000268042,0.0301724895834922,0.0087336162105202,0.0209204815328121,-0.0171673670411109,-0.0491803772747516,-0.0291667375713586,-0.0215517040342092,0.0041840961202979,-0.0176211278885603,0.0127119543030858,0.0358744040131568,0.0442477464675903,-0.004329000134021,0.0180179998278617,0.07391307502985,0.0045248824171721,-0.0161943156272172,0.0137614542618393,-0.0411523208022117,0.0139534743502736,0.0472103580832481,-0.0401785336434841,-0.0163934268057346,-0.0088495491072535,0.0499999485909938,-0.0131004247814416,-0.0238095019012689,-0.0213675014674663,-0.0609756484627723,-0.0126582160592079,-0.021645002067089,-0.0083682918921113,0.0398229695856571,0.0346321053802967,0.0,0.0131578827276825,-0.0340425223112106,-0.042016863822937,0.0,-0.0083333253860473,0.0352422557771205,0.034482829272747,-0.0255318917334079,-0.0127659458667039,-0.0043668081052601,-0.0637450516223907,0.0087719215080142,0.0120967626571655,0.0304347537457943,0.0247933641076088,0.0759494006633758,-0.0081967134028673,-0.035294085741043,0.0124481208622455,0.0406503677368164,-0.0041322275064885,-0.0078124925494194,-0.0358565412461757,-0.0118110124021768,0.0161943156272172,-0.0119521794840693,0.0,-0.0040322542190551,0.0,-0.0323886312544345,0.0334727689623832,0.0,0.0717489197850227,0.0376568660140037,0.0045044999569654,-0.0080645084381103,0.0230414513498544,-0.0081300735473632,0.014018677175045,-0.0163934268057346,-0.0092592500150203,-0.0125000867992639,-0.0357142500579357,0.0210971273481845,0.0926829576492309,-0.0123966820538044,-0.014423063956201,-0.0418410636484623,-0.0502283684909343,-0.0174672324210405,-0.0179372020065784,-0.0044444403611123,-0.0262008495628833,0.0178571250289678,0.0,-0.0570174902677536,-0.0337552428245544,0.0186046324670314,-0.0326531268656253,0.0,0.0040983567014336,-0.0228310283273458,0.0209204815328121,-0.0046728923916816,-0.0284552574157714,0.0093896621838212,-0.035294085741043,0.0139534743502736,0.0199999809265136,0.0,-0.0347490012645721,-0.0183486063033342,-0.0615942291915416,0.0,0.0337078310549259,-0.0140187889337539,0.0229885764420032,-0.014217996969819,0.0155641883611679,-0.0576922558248043,0.032128483057022,-0.021645002067089,-0.0043668081052601,0.0043290006396776,-0.0129870005475564,0.0346321069498776,-0.0043668078155443,0.0043290021173101,-0.0500000507395187,0.0692641072401485,0.0316741765438126,0.1082251024207279,-0.0578512787210274,-0.1515151234139967,-0.0843373581447152,2019-02-28,2019-03-01,2019-03-04,2019-03-05,2019-03-06,2019-03-07,2019-03-08,2019-03-11,2019-03-12,2019-03-13,92619.0,2019-02-27,252.0,1.3158%,-0.0005,1.222,1.0769,0.1901,2.1257%,2.5369%,29.7880%,0.010115,GTE,92619.0,2019-02-28,252.0,-2.1645%,-0.0006,1.223,1.0771,0.1949,2.1283%,2.5367%,29.6072%,-0.017697,GTE,92619.0,2019-03-01,252.0,2.6549%,-0.0004,1.2079,1.0546,0.1642,2.1219%,2.5231%,29.2753%,0.015309,GTE,92619.0,2019-03-04,252.0,3.0172%,-0.0002,1.1994,1.0468,0.1747,2.1364%,2.5291%,28.6423%,0.039942,GTE,92619.0,2019-03-05,252.0,2.0920%,-0.0001,1.1939,1.0216,0.1609,2.1428%,2.5279%,28.1461%,0.026534,GTE,92619.0,2019-03-06,252.0,-4.9180%,-0.0002,1.2053,1.0753,0.181,2.1490%,2.5465%,28.7786%,-0.0264329999999999,GTE,92619.0,2019-03-07,252.0,-2.1552%,-0.0002,1.2109,1.0829,0.1907,2.1499%,2.5496%,28.8979%,-0.0104079999999999,GTE,92619.0,2019-03-08,252.0,-1.7621%,-0.0002,1.2116,1.1045,0.1907,2.1483%,2.5509%,29.0746%,-0.015264,GTE,92619.0,2019-03-11,252.0,3.5874%,-0.0001,1.2198,1.098,0.1828,2.1485%,2.5591%,29.5155%,0.014747,GTE,92619.0,2019-03-12,252.0,-0.4329%,-0.0,1.2352,1.0966,0.1999,2.1454%,2.5592%,29.7243%,-0.004248,GTE,92619.0,2019-03-13,252.0,7.3913%,0.0002,1.2584,1.0513,0.2142,2.1849%,2.5969%,29.2112%,0.068773,GTE,-0.007582,0.0077269999999999,0.047669,0.04777,0.10137
12131,HASBRO INC,"Toy Companies Hasbro, Mattel, Not Back to Normal Yet",6,decrease,0.8,0.7,"the news suggests that hasbro and other toy companies are not recovering to normal levels, which could indicate ongoing financial struggles and negatively impact investor sentiment.",0,2019-02-27,HAS,2019-02-27 17:42:00+00:00,52978.0,41805610,-0.001890312298201,1405709.0,0.0049715689383447,-0.0177555847913026,0.0367490574717521,0.0019767228513956,0.0072711547836661,-0.003360770875588,-0.0016918736509978,-0.0072480128146708,-0.0047452920116484,-0.0061742616817355,-0.015779310837388,0.0122684901580214,0.0040369792841374,-0.0373258888721466,0.0003446154878474,-0.0024452731013298,-0.0049379914999008,0.0044657979160547,0.00207732594572,0.0077633038163185,-0.003685358678922,-0.0057053603231906,0.0024274543393403,-0.009529092349112,0.0043818871490657,-0.0082417586818337,-0.0019517586333677,-0.0054644807241857,-0.0128839612007141,0.0016420528991147,-0.0097890263423323,0.0062789130024611,-0.0171825233846902,0.002429342130199,0.0053885397501289,0.0015375562943518,0.008575526997447,0.0046342913992702,0.0022437700536102,-0.0011022385442629,0.0081300195306539,0.0066571189090609,-0.0063113714568316,0.008165500126779,0.0077629229053854,0.0136054949834942,-0.0065359193831682,-0.0096564181149005,0.0016447296366095,0.0023635237012058,0.0090311588719487,0.0052041984163224,0.0061606275849044,0.0150436097756028,-0.0003465663176029,-0.0076353065669536,-0.0159481950104236,0.0145681835711002,0.0052847554907202,-0.004947081208229,0.0029205607715994,0.0195894204080104,0.020034959539771,0.0009393193759024,0.0038826535455882,-0.0028100395575165,0.020134188234806,0.0254532676190137,0.0055753788910806,0.0309444237500429,-0.015524523332715,0.0370988361537456,-0.0075467242859303,-0.0260065235197544,0.1423221081495285,-0.0156307276338338,0.025136599317193,0.0014791415305808,-0.0164760313928127,-0.0031945218797773,0.0109380465000867,0.0039472025819122,-0.008480311371386,0.03909258171916,0.0080613391473889,-0.001152271986939,0.0022579592186957,-0.0123908938840031,0.0143011733889579,-0.0175155736505985,0.0115885743871331,-0.0218712389469146,-0.0101193087175488,-0.0154323885217309,-0.0241103284060955,-0.0055912588723003,-0.0037553599104285,0.0035816072486341,-0.0034718627575784,-0.012613458558917,0.0022895019501447,0.0115669118240475,-0.0468765646219253,-0.0016666593728587,0.0083358902484178,0.0008340247441083,0.0065103326924145,-0.0406903363764286,0.0090348795056343,-0.0104061281308531,-0.0114977341145277,-0.0162456780672073,-0.0103963166475296,-0.0124175520613789,0.0090493317693471,-0.0604026690125465,0.0212348978966474,0.0038349409587681,-0.0115070091560483,0.0092050721868872,0.0049715689383447,-0.0177555847913026,0.0419033268827369,-0.0158139598101039,0.0494791672421179,-0.0191215835901344,0.0427319216578594,-0.0322433075274284,0.0278172137496195,-0.047704748169945,0.0132575153770546,-0.0194567695899784,0.1669479152532662,-0.1084851753171142,2019-02-28,2019-03-01,2019-03-04,2019-03-05,2019-03-06,2019-03-07,2019-03-08,2019-03-11,2019-03-12,2019-03-13,52978.0,2019-02-27,252.0,-0.1890%,-0.0006,0.5765,0.3798,-0.1049,1.4496%,1.6028%,18.2049%,-0.00335,HAS,52978.0,2019-02-28,252.0,0.4972%,-0.0006,0.5727,0.3774,-0.1093,1.4500%,1.6012%,17.9958%,0.006321,HAS,52978.0,2019-03-01,252.0,3.6749%,-0.0004,0.5738,0.3791,-0.1221,1.4624%,1.6145%,17.9612%,0.031004,HAS,52978.0,2019-03-04,252.0,0.7271%,-0.0003,0.5681,0.3868,-0.1181,1.4634%,1.6134%,17.7267%,0.012158,HAS,52978.0,2019-03-05,252.0,-0.1692%,-0.0003,0.567,0.3787,-0.119,1.4631%,1.6112%,17.5370%,9.9e-05,HAS,52978.0,2019-03-06,252.0,-0.4745%,-0.0003,0.5606,0.3719,-0.1272,1.4626%,1.6097%,17.4388%,0.004747,HAS,52978.0,2019-03-07,252.0,-1.5779%,-0.0003,0.5691,0.3918,-0.1103,1.4616%,1.6116%,17.7420%,-0.011431,HAS,52978.0,2019-03-08,252.0,0.4037%,-0.0002,0.567,0.4149,-0.1149,1.4560%,1.6082%,18.0285%,0.004816,HAS,52978.0,2019-03-11,252.0,0.0345%,-0.0002,0.5621,0.4019,-0.1198,1.4562%,1.6072%,17.9087%,-0.010284,HAS,52978.0,2019-03-12,252.0,-0.4938%,-0.0001,0.5861,0.3991,-0.0935,1.4451%,1.6023%,18.6557%,-0.005404,HAS,52978.0,2019-03-13,252.0,0.2077%,-0.0001,0.5854,0.412,-0.0912,1.4413%,1.5995%,18.7963%,-0.000646,HAS,0.002971,0.033975,0.046133,0.050979,0.02803
12139,HOME DEPOT INC,Home Depot Prospects Hampered By Housing Market Concerns,6,decrease,0.8,0.7,"concerns about the housing market typically lead to reduced consumer spending on home improvement, which can negatively impact home depot's sales and stock price.",0,2019-02-27,HD,2019-02-27 19:52:00+00:00,66181.0,43707610,-0.0245884489268064,8766217.0,0.0080034909769892,-0.0088429981842637,0.0001620329421712,-0.0125266574323177,-0.0073446054011583,0.0029714943375438,0.0010336893610656,-0.0001563658006489,0.0024456356186419,-0.0024956881534308,-0.01051776856184,-0.0003118538297712,-0.0070133078843355,0.0249320361763238,0.0066766361705958,-0.0037152855657041,0.0085507426410913,0.0155778313055634,-0.0081521775573492,0.0142138972878456,0.0025946849491447,-0.0087785581126809,0.0034138821065425,0.0025533000007271,0.0065302224829792,-0.0035188063047826,0.0038709340151399,-0.0089596984907984,0.0106989694759249,-0.0002145217440556,0.0207952447235584,0.0111731709912419,-0.0064220731146633,0.0045768884010612,0.0049271136522293,0.0074102873913943,-0.001792473369278,0.0138571439310908,-0.0004753160465043,-0.0007785096531733,0.0042800400406122,-0.0031596012413501,0.0096285482868552,0.0175418853759765,0.019542446359992,0.0022612577304244,-0.0067982100881636,-0.0012421727878972,0.0221296027302742,-0.0137543221935629,0.0092643685638904,0.0269343331456184,0.0080319317057728,-0.0122571075335145,0.0073740747757256,0.0032299656886607,-0.0130189592018723,-0.0130864959210157,-0.0073170796968042,-0.0033443290740251,0.0102793117985129,0.0019546861294656,0.0117630055174231,-0.0037278039380908,0.0049545965157449,0.0103434501215815,-0.0019037361489608,0.0048012095503509,0.0101726502180099,0.0196981821209192,-0.0043088812381029,0.0297135077416896,-0.0042789303697645,-0.0220405012369155,0.0062017985619604,0.0034338047262281,0.0032516289502382,0.0093996366485953,-0.0010642473353073,-0.0005871659377589,-0.0139951547607779,0.0121227037161588,-0.0071214428171515,0.0641203969717025,0.0076176952570676,-0.0145812341943383,-0.024054953828454,-0.022417202591896,0.0111166574060916,-0.0202912036329507,-0.0022386794444173,-0.0145847788080573,-0.0046369796618819,0.0123235816136002,-0.0243450403213501,-0.0250739585608243,0.0020536729134619,-0.0090872598811984,-0.0030229869298636,-0.0019517340697348,0.0,0.0116137266159057,-0.0217905510216951,0.0030287394765764,0.0067248018458485,-0.0063660563901066,0.0007306095212697,-0.0180155336856842,0.0032332623377442,0.0037649951409548,0.0010395932476967,-0.0354352481663227,-0.0084640402346849,0.0078748790547251,0.0026184865273535,0.0265285409986972,-0.0132671371102333,-0.009975703433156,0.0163569748401641,0.0302504990249872,0.0080034909769892,-0.0088429981842637,0.0081668207483511,-0.0212588824076526,0.0007622332714141,-0.0183505587188056,0.0042467402628501,-0.0209535629219264,-0.0063701138731745,0.0294117909861437,0.0939582740459603,0.0495513020003615,0.053201604767004,0.0933674146147074,2019-02-28,2019-03-01,2019-03-04,2019-03-05,2019-03-06,2019-03-07,2019-03-08,2019-03-11,2019-03-12,2019-03-13,66181.0,2019-02-27,252.0,-2.4588%,-0.0,0.9371,-0.0014,0.0805,0.9291%,1.3401%,51.9350%,-0.025457,HD,66181.0,2019-02-28,252.0,0.8003%,0.0,0.9312,-0.0051,0.0736,0.9307%,1.3359%,51.4664%,0.0110099999999999,HD,66181.0,2019-03-01,252.0,0.0162%,0.0,0.9273,-0.0109,0.0705,0.9312%,1.3326%,51.1767%,-0.006323,HD,66181.0,2019-03-04,252.0,-0.7345%,0.0,0.9261,-0.0042,0.0702,0.9311%,1.3303%,51.0106%,-0.002931,HD,66181.0,2019-03-05,252.0,0.1034%,0.0001,0.9285,0.0166,0.071,0.9277%,1.3296%,51.3182%,0.002673,HD,66181.0,2019-03-06,252.0,0.2446%,0.0001,0.9199,-0.0007,0.0589,0.9284%,1.3247%,50.8852%,0.010336,HD,66181.0,2019-03-07,252.0,-1.0518%,0.0001,0.9222,0.0051,0.0636,0.9282%,1.3265%,51.0313%,-0.002871,HD,66181.0,2019-03-08,252.0,-0.7013%,0.0001,0.9221,0.0178,0.0628,0.9259%,1.3253%,51.1932%,-0.004969,HD,66181.0,2019-03-11,252.0,0.6677%,0.0001,0.9187,0.0084,0.0591,0.9259%,1.3257%,51.2199%,-0.0068899999999999,HD,66181.0,2019-03-12,252.0,0.8551%,0.0001,0.9126,0.0069,0.0515,0.9254%,1.3184%,50.7339%,0.006235,HD,66181.0,2019-03-13,252.0,-0.8152%,0.0001,0.9075,0.023,0.0497,0.9264%,1.3167%,50.4955%,-0.014467,HD,-0.014447,-0.02077,-0.023701,-0.0106919999999999,-0.0336539999999999
12147,HOME DEPOT INC,"Credit Suisse Maintains Neutral on Home Depot, Lowers Price Target to $192",6,decrease,0.7,0.6,"lowering the price target typically signals reduced expectations for the stock's future performance, which can lead to a decrease in stock price.",0,2019-02-27,HD,2019-02-27 14:28:00+00:00,66181.0,43707610,-0.0245884489268064,8766217.0,0.0080034909769892,-0.0088429981842637,0.0001620329421712,-0.0125266574323177,-0.0073446054011583,0.0029714943375438,0.0010336893610656,-0.0001563658006489,0.0024456356186419,-0.0024956881534308,-0.01051776856184,-0.0003118538297712,-0.0070133078843355,0.0249320361763238,0.0066766361705958,-0.0037152855657041,0.0085507426410913,0.0155778313055634,-0.0081521775573492,0.0142138972878456,0.0025946849491447,-0.0087785581126809,0.0034138821065425,0.0025533000007271,0.0065302224829792,-0.0035188063047826,0.0038709340151399,-0.0089596984907984,0.0106989694759249,-0.0002145217440556,0.0207952447235584,0.0111731709912419,-0.0064220731146633,0.0045768884010612,0.0049271136522293,0.0074102873913943,-0.001792473369278,0.0138571439310908,-0.0004753160465043,-0.0007785096531733,0.0042800400406122,-0.0031596012413501,0.0096285482868552,0.0175418853759765,0.019542446359992,0.0022612577304244,-0.0067982100881636,-0.0012421727878972,0.0221296027302742,-0.0137543221935629,0.0092643685638904,0.0269343331456184,0.0080319317057728,-0.0122571075335145,0.0073740747757256,0.0032299656886607,-0.0130189592018723,-0.0130864959210157,-0.0073170796968042,-0.0033443290740251,0.0102793117985129,0.0019546861294656,0.0117630055174231,-0.0037278039380908,0.0049545965157449,0.0103434501215815,-0.0019037361489608,0.0048012095503509,0.0101726502180099,0.0196981821209192,-0.0043088812381029,0.0297135077416896,-0.0042789303697645,-0.0220405012369155,0.0062017985619604,0.0034338047262281,0.0032516289502382,0.0093996366485953,-0.0010642473353073,-0.0005871659377589,-0.0139951547607779,0.0121227037161588,-0.0071214428171515,0.0641203969717025,0.0076176952570676,-0.0145812341943383,-0.024054953828454,-0.022417202591896,0.0111166574060916,-0.0202912036329507,-0.0022386794444173,-0.0145847788080573,-0.0046369796618819,0.0123235816136002,-0.0243450403213501,-0.0250739585608243,0.0020536729134619,-0.0090872598811984,-0.0030229869298636,-0.0019517340697348,0.0,0.0116137266159057,-0.0217905510216951,0.0030287394765764,0.0067248018458485,-0.0063660563901066,0.0007306095212697,-0.0180155336856842,0.0032332623377442,0.0037649951409548,0.0010395932476967,-0.0354352481663227,-0.0084640402346849,0.0078748790547251,0.0026184865273535,0.0265285409986972,-0.0132671371102333,-0.009975703433156,0.0163569748401641,0.0302504990249872,0.0080034909769892,-0.0088429981842637,0.0081668207483511,-0.0212588824076526,0.0007622332714141,-0.0183505587188056,0.0042467402628501,-0.0209535629219264,-0.0063701138731745,0.0294117909861437,0.0939582740459603,0.0495513020003615,0.053201604767004,0.0933674146147074,2019-02-28,2019-03-01,2019-03-04,2019-03-05,2019-03-06,2019-03-07,2019-03-08,2019-03-11,2019-03-12,2019-03-13,66181.0,2019-02-27,252.0,-2.4588%,-0.0,0.9371,-0.0014,0.0805,0.9291%,1.3401%,51.9350%,-0.025457,HD,66181.0,2019-02-28,252.0,0.8003%,0.0,0.9312,-0.0051,0.0736,0.9307%,1.3359%,51.4664%,0.0110099999999999,HD,66181.0,2019-03-01,252.0,0.0162%,0.0,0.9273,-0.0109,0.0705,0.9312%,1.3326%,51.1767%,-0.006323,HD,66181.0,2019-03-04,252.0,-0.7345%,0.0,0.9261,-0.0042,0.0702,0.9311%,1.3303%,51.0106%,-0.002931,HD,66181.0,2019-03-05,252.0,0.1034%,0.0001,0.9285,0.0166,0.071,0.9277%,1.3296%,51.3182%,0.002673,HD,66181.0,2019-03-06,252.0,0.2446%,0.0001,0.9199,-0.0007,0.0589,0.9284%,1.3247%,50.8852%,0.010336,HD,66181.0,2019-03-07,252.0,-1.0518%,0.0001,0.9222,0.0051,0.0636,0.9282%,1.3265%,51.0313%,-0.002871,HD,66181.0,2019-03-08,252.0,-0.7013%,0.0001,0.9221,0.0178,0.0628,0.9259%,1.3253%,51.1932%,-0.004969,HD,66181.0,2019-03-11,252.0,0.6677%,0.0001,0.9187,0.0084,0.0591,0.9259%,1.3257%,51.2199%,-0.0068899999999999,HD,66181.0,2019-03-12,252.0,0.8551%,0.0001,0.9126,0.0069,0.0515,0.9254%,1.3184%,50.7339%,0.006235,HD,66181.0,2019-03-13,252.0,-0.8152%,0.0001,0.9075,0.023,0.0497,0.9264%,1.3167%,50.4955%,-0.014467,HD,-0.014447,-0.02077,-0.023701,-0.0106919999999999,-0.0336539999999999
12155,HOME DEPOT INC,"Deutsche Bank Maintains Buy on Home Depot, Raises Price Target to $208",6,increase,0.8,0.6,the maintenance of a 'buy' rating and an increase in the price target typically signals positive sentiment and potential for stock price appreciation.,2,2019-02-27,HD,2019-02-27 14:26:00+00:00,66181.0,43707610,-0.0245884489268064,8766217.0,0.0080034909769892,-0.0088429981842637,0.0001620329421712,-0.0125266574323177,-0.0073446054011583,0.0029714943375438,0.0010336893610656,-0.0001563658006489,0.0024456356186419,-0.0024956881534308,-0.01051776856184,-0.0003118538297712,-0.0070133078843355,0.0249320361763238,0.0066766361705958,-0.0037152855657041,0.0085507426410913,0.0155778313055634,-0.0081521775573492,0.0142138972878456,0.0025946849491447,-0.0087785581126809,0.0034138821065425,0.0025533000007271,0.0065302224829792,-0.0035188063047826,0.0038709340151399,-0.0089596984907984,0.0106989694759249,-0.0002145217440556,0.0207952447235584,0.0111731709912419,-0.0064220731146633,0.0045768884010612,0.0049271136522293,0.0074102873913943,-0.001792473369278,0.0138571439310908,-0.0004753160465043,-0.0007785096531733,0.0042800400406122,-0.0031596012413501,0.0096285482868552,0.0175418853759765,0.019542446359992,0.0022612577304244,-0.0067982100881636,-0.0012421727878972,0.0221296027302742,-0.0137543221935629,0.0092643685638904,0.0269343331456184,0.0080319317057728,-0.0122571075335145,0.0073740747757256,0.0032299656886607,-0.0130189592018723,-0.0130864959210157,-0.0073170796968042,-0.0033443290740251,0.0102793117985129,0.0019546861294656,0.0117630055174231,-0.0037278039380908,0.0049545965157449,0.0103434501215815,-0.0019037361489608,0.0048012095503509,0.0101726502180099,0.0196981821209192,-0.0043088812381029,0.0297135077416896,-0.0042789303697645,-0.0220405012369155,0.0062017985619604,0.0034338047262281,0.0032516289502382,0.0093996366485953,-0.0010642473353073,-0.0005871659377589,-0.0139951547607779,0.0121227037161588,-0.0071214428171515,0.0641203969717025,0.0076176952570676,-0.0145812341943383,-0.024054953828454,-0.022417202591896,0.0111166574060916,-0.0202912036329507,-0.0022386794444173,-0.0145847788080573,-0.0046369796618819,0.0123235816136002,-0.0243450403213501,-0.0250739585608243,0.0020536729134619,-0.0090872598811984,-0.0030229869298636,-0.0019517340697348,0.0,0.0116137266159057,-0.0217905510216951,0.0030287394765764,0.0067248018458485,-0.0063660563901066,0.0007306095212697,-0.0180155336856842,0.0032332623377442,0.0037649951409548,0.0010395932476967,-0.0354352481663227,-0.0084640402346849,0.0078748790547251,0.0026184865273535,0.0265285409986972,-0.0132671371102333,-0.009975703433156,0.0163569748401641,0.0302504990249872,0.0080034909769892,-0.0088429981842637,0.0081668207483511,-0.0212588824076526,0.0007622332714141,-0.0183505587188056,0.0042467402628501,-0.0209535629219264,-0.0063701138731745,0.0294117909861437,0.0939582740459603,0.0495513020003615,0.053201604767004,0.0933674146147074,2019-02-28,2019-03-01,2019-03-04,2019-03-05,2019-03-06,2019-03-07,2019-03-08,2019-03-11,2019-03-12,2019-03-13,66181.0,2019-02-27,252.0,-2.4588%,-0.0,0.9371,-0.0014,0.0805,0.9291%,1.3401%,51.9350%,-0.025457,HD,66181.0,2019-02-28,252.0,0.8003%,0.0,0.9312,-0.0051,0.0736,0.9307%,1.3359%,51.4664%,0.0110099999999999,HD,66181.0,2019-03-01,252.0,0.0162%,0.0,0.9273,-0.0109,0.0705,0.9312%,1.3326%,51.1767%,-0.006323,HD,66181.0,2019-03-04,252.0,-0.7345%,0.0,0.9261,-0.0042,0.0702,0.9311%,1.3303%,51.0106%,-0.002931,HD,66181.0,2019-03-05,252.0,0.1034%,0.0001,0.9285,0.0166,0.071,0.9277%,1.3296%,51.3182%,0.002673,HD,66181.0,2019-03-06,252.0,0.2446%,0.0001,0.9199,-0.0007,0.0589,0.9284%,1.3247%,50.8852%,0.010336,HD,66181.0,2019-03-07,252.0,-1.0518%,0.0001,0.9222,0.0051,0.0636,0.9282%,1.3265%,51.0313%,-0.002871,HD,66181.0,2019-03-08,252.0,-0.7013%,0.0001,0.9221,0.0178,0.0628,0.9259%,1.3253%,51.1932%,-0.004969,HD,66181.0,2019-03-11,252.0,0.6677%,0.0001,0.9187,0.0084,0.0591,0.9259%,1.3257%,51.2199%,-0.0068899999999999,HD,66181.0,2019-03-12,252.0,0.8551%,0.0001,0.9126,0.0069,0.0515,0.9254%,1.3184%,50.7339%,0.006235,HD,66181.0,2019-03-13,252.0,-0.8152%,0.0001,0.9075,0.023,0.0497,0.9264%,1.3167%,50.4955%,-0.014467,HD,-0.014447,-0.02077,-0.023701,-0.0106919999999999,-0.0336539999999999
12163,HOME DEPOT INC,Telsey Advisory Group Downgrades Home Depot to Market Perform,6,decrease,0.8,0.6,"a downgrade from a financial advisory group typically signals reduced expectations for a company's performance, which can lead to a decline in stock price.",0,2019-02-27,HD,2019-02-27 12:09:00+00:00,66181.0,43707610,-0.0245884489268064,8766217.0,0.0080034909769892,-0.0088429981842637,0.0001620329421712,-0.0125266574323177,-0.0073446054011583,0.0029714943375438,0.0010336893610656,-0.0001563658006489,0.0024456356186419,-0.0024956881534308,-0.01051776856184,-0.0003118538297712,-0.0070133078843355,0.0249320361763238,0.0066766361705958,-0.0037152855657041,0.0085507426410913,0.0155778313055634,-0.0081521775573492,0.0142138972878456,0.0025946849491447,-0.0087785581126809,0.0034138821065425,0.0025533000007271,0.0065302224829792,-0.0035188063047826,0.0038709340151399,-0.0089596984907984,0.0106989694759249,-0.0002145217440556,0.0207952447235584,0.0111731709912419,-0.0064220731146633,0.0045768884010612,0.0049271136522293,0.0074102873913943,-0.001792473369278,0.0138571439310908,-0.0004753160465043,-0.0007785096531733,0.0042800400406122,-0.0031596012413501,0.0096285482868552,0.0175418853759765,0.019542446359992,0.0022612577304244,-0.0067982100881636,-0.0012421727878972,0.0221296027302742,-0.0137543221935629,0.0092643685638904,0.0269343331456184,0.0080319317057728,-0.0122571075335145,0.0073740747757256,0.0032299656886607,-0.0130189592018723,-0.0130864959210157,-0.0073170796968042,-0.0033443290740251,0.0102793117985129,0.0019546861294656,0.0117630055174231,-0.0037278039380908,0.0049545965157449,0.0103434501215815,-0.0019037361489608,0.0048012095503509,0.0101726502180099,0.0196981821209192,-0.0043088812381029,0.0297135077416896,-0.0042789303697645,-0.0220405012369155,0.0062017985619604,0.0034338047262281,0.0032516289502382,0.0093996366485953,-0.0010642473353073,-0.0005871659377589,-0.0139951547607779,0.0121227037161588,-0.0071214428171515,0.0641203969717025,0.0076176952570676,-0.0145812341943383,-0.024054953828454,-0.022417202591896,0.0111166574060916,-0.0202912036329507,-0.0022386794444173,-0.0145847788080573,-0.0046369796618819,0.0123235816136002,-0.0243450403213501,-0.0250739585608243,0.0020536729134619,-0.0090872598811984,-0.0030229869298636,-0.0019517340697348,0.0,0.0116137266159057,-0.0217905510216951,0.0030287394765764,0.0067248018458485,-0.0063660563901066,0.0007306095212697,-0.0180155336856842,0.0032332623377442,0.0037649951409548,0.0010395932476967,-0.0354352481663227,-0.0084640402346849,0.0078748790547251,0.0026184865273535,0.0265285409986972,-0.0132671371102333,-0.009975703433156,0.0163569748401641,0.0302504990249872,0.0080034909769892,-0.0088429981842637,0.0081668207483511,-0.0212588824076526,0.0007622332714141,-0.0183505587188056,0.0042467402628501,-0.0209535629219264,-0.0063701138731745,0.0294117909861437,0.0939582740459603,0.0495513020003615,0.053201604767004,0.0933674146147074,2019-02-28,2019-03-01,2019-03-04,2019-03-05,2019-03-06,2019-03-07,2019-03-08,2019-03-11,2019-03-12,2019-03-13,66181.0,2019-02-27,252.0,-2.4588%,-0.0,0.9371,-0.0014,0.0805,0.9291%,1.3401%,51.9350%,-0.025457,HD,66181.0,2019-02-28,252.0,0.8003%,0.0,0.9312,-0.0051,0.0736,0.9307%,1.3359%,51.4664%,0.0110099999999999,HD,66181.0,2019-03-01,252.0,0.0162%,0.0,0.9273,-0.0109,0.0705,0.9312%,1.3326%,51.1767%,-0.006323,HD,66181.0,2019-03-04,252.0,-0.7345%,0.0,0.9261,-0.0042,0.0702,0.9311%,1.3303%,51.0106%,-0.002931,HD,66181.0,2019-03-05,252.0,0.1034%,0.0001,0.9285,0.0166,0.071,0.9277%,1.3296%,51.3182%,0.002673,HD,66181.0,2019-03-06,252.0,0.2446%,0.0001,0.9199,-0.0007,0.0589,0.9284%,1.3247%,50.8852%,0.010336,HD,66181.0,2019-03-07,252.0,-1.0518%,0.0001,0.9222,0.0051,0.0636,0.9282%,1.3265%,51.0313%,-0.002871,HD,66181.0,2019-03-08,252.0,-0.7013%,0.0001,0.9221,0.0178,0.0628,0.9259%,1.3253%,51.1932%,-0.004969,HD,66181.0,2019-03-11,252.0,0.6677%,0.0001,0.9187,0.0084,0.0591,0.9259%,1.3257%,51.2199%,-0.0068899999999999,HD,66181.0,2019-03-12,252.0,0.8551%,0.0001,0.9126,0.0069,0.0515,0.9254%,1.3184%,50.7339%,0.006235,HD,66181.0,2019-03-13,252.0,-0.8152%,0.0001,0.9075,0.023,0.0497,0.9264%,1.3167%,50.4955%,-0.014467,HD,-0.014447,-0.02077,-0.023701,-0.0106919999999999,-0.0336539999999999
12171,HOWARD HUGHES CORP,"Howard Hughes Q4 EPS $0.86 Beats $0.71 Estimate, Core FFO $2.32, Adj. FFO $2.20",6,increase,0.8,0.6,"the earnings per share (eps) beat estimates, which typically signals strong performance and can lead to a positive reaction in the stock price.",2,2019-02-27,HHC,2019-02-27 22:10:00+00:00,12373.0,44267D10,-0.0006175535381771,130125.0,-0.0167726129293441,-0.0137475142255425,0.0133776757866144,-0.0088823623955249,0.00602463260293,0.0109851974993944,-0.0169969201087951,-0.0039945007301867,-0.0170220527797937,0.0062915170565247,-0.0102078262716531,-0.0018316535279154,-0.014364618808031,0.0138839734718203,-0.0054185520857572,0.0088322376832365,0.0204771775752306,0.0080941980704665,-0.0019329813076183,0.0070645660161972,0.0019367248751223,0.0061053927056491,0.0157400500029325,0.0009120619506575,0.015133649110794,-0.0099331634119153,-0.0189251489937305,-0.0007219078834168,-0.0110100004822015,0.0018079637084156,0.0215290859341621,0.0006331948679871,-0.029181282967329,-0.0044128047302365,-0.0008349936688318,0.0238820109516382,0.0066852481104433,0.0031449110247194,0.0028592990711331,0.0108462246134877,0.0104846805334091,0.0014982305001467,0.0011831915471702,0.0166603196412324,0.0014545787125825,0.0071914852596819,-0.0003631165018305,-0.009026956744492,0.0045405011624097,-0.0142375817522406,0.0054239598102867,0.0157945156097412,0.0164538919925689,0.0021931508090347,-0.0032729122322052,0.0240210816264152,-0.0136670293286442,0.0005862744292244,0.0097174895927309,-0.0223517417907714,-0.0021386372391134,-9.545851935399696e-05,0.0045543354935944,-0.003047035774216,0.005067114252597,0.0067100934684276,-0.0098178014159202,0.024553133174777,-0.0167038422077894,0.0224944557994604,-0.0026344559155404,0.0319171175360679,-0.0175790172070264,-0.0012420072453096,0.0169664546847343,-0.010243802331388,0.0175038576126098,0.0194235648959875,-0.0202491004019975,0.0146217942237854,0.0132602155208587,-0.0031686001457273,-0.0037906658835709,0.0537562817335128,0.0056169847957789,-0.0250651594251394,-0.0082882717251777,-0.0082857701927423,0.0022710755001753,-0.0275219473987817,0.0151363918557763,-0.0106636174023151,0.00062499725027,0.002803121227771,-0.07218699157238,-0.0560564585030078,0.0099057387560606,-0.0287454482167959,0.0255213808268308,-0.0017103792633861,0.001764275250025,0.0089157354086637,-0.0088987685739994,-0.0051502236165106,-0.0017769810510799,-0.0236521176993846,0.0146162984892725,-0.0172050632536411,0.0202234964817762,0.0189294926822185,-0.0153874410316348,-0.044291965663433,-0.0276705473661422,0.0130913406610488,0.0141817154362797,0.0013561298837885,0.0034492658451199,-0.0035135080106556,-0.008918609470129,0.0142543632537126,-0.0167726129293441,-0.0137475142255425,-0.0036193157205929,-0.0225077662176785,0.0023835118348465,-0.0117698209754555,-0.0314265336035116,-0.0095246757966358,-0.0428142534704616,0.0266279757130838,-0.0093573238163241,0.0827203741647011,-0.0582626984141041,0.035727304087969,2019-02-28,2019-03-01,2019-03-04,2019-03-05,2019-03-06,2019-03-07,2019-03-08,2019-03-11,2019-03-12,2019-03-13,12373.0,2019-02-27,252.0,-0.0618%,-0.0004,0.8434,0.3493,0.0669,1.1136%,1.4314%,39.4690%,-0.002061,HHC,12373.0,2019-02-28,252.0,-1.6773%,-0.0007,0.8774,0.3721,0.0948,1.0549%,1.4046%,43.5982%,-0.014161,HHC,12373.0,2019-03-01,252.0,1.3378%,-0.0007,0.8863,0.3855,0.1054,1.0529%,1.4073%,44.0258%,0.006271,HHC,12373.0,2019-03-04,252.0,0.6025%,-0.0007,0.8911,0.3584,0.1067,1.0523%,1.4073%,44.0911%,0.011674,HHC,12373.0,2019-03-05,252.0,-1.6997%,-0.0007,0.8946,0.3765,0.1142,1.0551%,1.4109%,44.0736%,-0.014205,HHC,12373.0,2019-03-06,252.0,-1.7022%,-0.0008,0.8909,0.3897,0.1118,1.0535%,1.4100%,44.1760%,-0.004899,HHC,12373.0,2019-03-07,252.0,-1.0208%,-0.0008,0.8912,0.388,0.1117,1.0535%,1.4105%,44.2116%,-0.0023499999999999,HHC,12373.0,2019-03-08,252.0,-1.4365%,-0.0009,0.8937,0.3738,0.1164,1.0531%,1.4097%,44.1954%,-0.012498,HHC,12373.0,2019-03-11,252.0,-0.5419%,-0.001,0.8837,0.3738,0.1214,1.0581%,1.4086%,43.5749%,-0.019565,HHC,12373.0,2019-03-12,252.0,2.0477%,-0.0009,0.8916,0.3629,0.126,1.0647%,1.4142%,43.3194%,0.019322,HHC,12373.0,2019-03-13,252.0,-0.1933%,-0.0009,0.8899,0.3588,0.1231,1.0640%,1.4129%,43.2971%,-0.007025,HHC,-0.016222,-0.009951,0.0017229999999999,-0.017381,-0.039497
12179,HARLEY DAVIDSON INC,Harley-Davidson Raises Qtr. Dividend From $0.37 To $0.375/Share,6,increase,0.7,0.5,"raising the quarterly dividend typically signals financial strength and can attract investors, potentially leading to an increase in stock price.",2,2019-02-27,HOG,2019-02-27 15:29:00+00:00,70033.0,41282210,0.0130222337320447,1512300.0,-0.005891837645322,-0.0194200463593006,0.0204741954803466,0.0129345068708062,-0.0089757163077592,-0.0085492841899394,0.0335641540586948,0.0042929928749799,-0.01597935333848,0.0043115019798278,-0.0188580732792615,-0.0050937971100211,0.0053390488028526,0.0169029142707586,-0.0084970714524388,0.0049315150827169,-0.0141938608139753,0.0144524862989783,0.0012224441161379,0.0081255510449409,-0.0010965163819491,0.0124822305515408,0.0043907752260565,-0.0098314182832837,-0.0131147420033812,-0.0219781044870615,0.0060908421874046,-0.0057361125946044,-0.0374243408441543,0.0010938177583739,0.0051458063535392,-0.0021828601602464,-0.0375426523387432,-0.0056972079910337,0.0047281277365982,0.0104166958481073,0.0244118180125951,0.049482200294733,0.020671758800745,-0.0505327023565769,0.0022504031658172,-0.0073210531845688,0.0008419528021477,0.0104109877720475,0.0364553928375244,0.0124826841056346,0.0221861395984888,-0.0077072000131011,0.0047644339501857,-0.0293881502002477,0.028977932408452,0.004023646004498,0.0320020467042923,0.0056649334728717,-0.0004961661179549,0.0024337521754205,-0.0362372547388076,0.0038002005312591,0.0128766410052776,0.0079343616962432,0.0022882362827658,-0.0013660994591191,0.0202943459153175,0.0032894443720579,-0.0037295257207006,0.001372474245727,0.0172198303043842,0.0201624538749456,0.0068695438094437,0.0297000799328088,-0.0036550078075379,0.0464695505797863,-0.0286133084446191,-0.0275822300463914,-0.0201410632580518,-0.0011722480412572,-0.0292908381670713,0.0047114207409322,-0.0341449752449989,0.0017698394367471,0.0169909261167049,0.002661938779056,0.0115871811285615,0.0595425106585025,-0.0082578947767615,-0.0099286288022995,-0.0196078307926654,-0.023629168048501,0.0156164299696683,-0.0072180954739451,0.0037766224704682,-0.0171445999294519,-0.0153184551745653,-0.0032409192062914,-0.0092794802039861,-0.0224655121564865,-0.0022038021124899,-0.0060119978152215,-0.0074544572271406,-0.0199888981878757,-0.0013907992979511,-0.0024923884775489,-0.0529248304665088,-0.023262120783329,0.0217647552490234,-0.0334640219807624,0.0063326824456453,-0.0304182693362236,0.0040045594796538,-0.0575728565454483,-0.0153845334425568,-0.0352615527808666,0.0072337961755692,0.0260108411312103,0.0244182255119085,-0.0047070076689124,-0.0134604470804333,-0.0072429338470101,-0.0261512789875268,0.0278578251600265,-0.005891837645322,-0.0194200463593006,0.0144617271993356,-0.0067367282115601,0.0053562065309149,-0.0152284181975086,0.0224959888855076,-0.0067367288080063,-0.0129887669233841,0.0327823469810424,0.0641215536926127,0.0084815677004972,-0.0730536245065119,-0.1054167941929246,2019-02-28,2019-03-01,2019-03-04,2019-03-05,2019-03-06,2019-03-07,2019-03-08,2019-03-11,2019-03-12,2019-03-13,70033.0,2019-02-27,252.0,1.3022%,-0.0006,0.9958,0.032,0.3528,1.4467%,1.7465%,31.3849%,0.012384,HOG,70033.0,2019-02-28,252.0,-0.5892%,-0.0006,0.9905,0.0283,0.3493,1.4453%,1.7409%,31.0841%,-0.002029,HOG,70033.0,2019-03-01,252.0,2.0474%,-0.0006,0.9993,0.0415,0.3559,1.4472%,1.7459%,31.2865%,0.014567,HOG,70033.0,2019-03-04,252.0,-0.8976%,-0.0006,1.0028,0.0342,0.3541,1.4470%,1.7463%,31.3484%,-0.005091,HOG,70033.0,2019-03-05,252.0,3.3564%,-0.0004,1.0024,0.0556,0.3404,1.4564%,1.7550%,31.1327%,0.036135,HOG,70033.0,2019-03-06,252.0,-1.5979%,-0.0004,0.9985,0.0751,0.3386,1.4548%,1.7514%,30.9987%,-0.007084,HOG,70033.0,2019-03-07,252.0,-1.8858%,-0.0004,1.0086,0.1069,0.361,1.4479%,1.7510%,31.6178%,-0.00959,HOG,70033.0,2019-03-08,252.0,0.5339%,-0.0003,1.0069,0.1172,0.3577,1.4477%,1.7504%,31.5894%,0.008028,HOG,70033.0,2019-03-11,252.0,-0.8497%,-0.0004,0.9953,0.1154,0.3626,1.4532%,1.7499%,31.0329%,-0.0221519999999999,HOG,70033.0,2019-03-12,252.0,-1.4194%,-0.0004,1.0085,0.1196,0.3795,1.4526%,1.7520%,31.2634%,-0.016159,HOG,70033.0,2019-03-13,252.0,0.1222%,-0.0005,1.0072,0.113,0.3765,1.4511%,1.7506%,31.2966%,-0.005646,HOG,0.010355,0.024922,0.019831,0.048882,0.003363
12187,HOLOGIC INC,Hologic Reports European CE Mark For LOCalizer Wireless Breast Lesion Localization System,6,increase,0.8,0.6,"the approval of the ce mark for the localizer system is likely to enhance hologic's market position and sales potential in europe, which could positively impact its stock price.",2,2019-02-27,HOLX,2019-02-27 13:04:00+00:00,76095.0,43644010,0.0125053469091653,1782673.0,0.004046048503369,-0.012981497682631,0.0163307879120111,0.0006388968322426,-0.0104340575635433,0.0109795117750763,0.0016870906110852,0.0006463290774263,-0.0164210274815559,0.0028083226643502,0.0019263731082901,0.0,-0.0042726076208055,0.023435803130269,0.0072945752181112,0.0073496215045452,0.0055377702228724,0.0040250513702631,0.003812758019194,0.0212377328425645,-0.0006330191972665,0.0041275005787611,0.0057010231539607,0.0036823900882154,-0.00944784283638,-0.0086698848754167,0.0052988552488386,-0.0072480109520256,-0.0027409037575125,0.0054657636210322,0.0088795349001884,0.004805470816791,-0.0182314068078994,-0.0157657824456691,-0.0008537268149666,-0.0135524729266762,0.0091860778629779,0.02017224393785,-0.0069856438785791,-0.011205737479031,0.0132167758420109,-0.0046844277530908,0.0183042865246534,0.005607895553112,-0.0043389028869569,0.0040540606714785,-0.0004150333697907,0.0047522722743451,-0.0134938284754753,0.0015865751774981,-0.0044191726483404,0.0236659049987793,-0.0038046988192945,0.0030253024306148,-0.0067897238768637,0.000698709685821,0.0040589324198663,0.0096402503550052,0.0119149228557944,-0.0083935791626572,-0.0035744740162044,0.0077537125907838,0.0031652569305151,0.0114068323746323,-0.0105174584314227,0.0298580806702375,-0.0265731289982795,0.0091380318626761,-0.0515396483242511,0.0342273339629173,-0.0006907386123202,0.022727346047759,-0.0092166243121027,-0.0036439197137951,0.0293022859841585,-0.0652068257331848,0.0106190973892808,0.0160691644996404,0.0105075165629386,-0.0063865962438285,0.0081858169287443,0.0185138322412967,0.0004388952802401,0.058527622371912,0.0173283815383911,-0.0169227160513401,-0.0079776355996727,-0.0046644285321235,0.007389701437205,-0.0274697616696357,0.007982799783349,-0.0119521794840693,-0.0006421788129955,-0.0024838170502334,-0.0222745146602392,-0.0400572344660759,0.0015333995688706,-0.0210084393620491,-0.0048119248822331,-0.0009328571613878,0.0021977687720209,0.0103676356375217,-0.02171047963202,0.0014157044934108,0.006724932231009,0.0095283836126327,-0.0004453453002497,-0.0293641723692417,0.0040098084136843,-0.0148064121603965,-0.0044375583529472,-0.022053861990571,-0.0015600556507706,0.0108083663508296,0.0011160543654114,0.0,0.0028985745739191,-0.0022466520313173,-0.0066696139983832,0.0192351769655942,0.004046048503369,-0.012981497682631,0.0204429115753703,-0.0123508946881356,0.0097955514956831,-0.0015069897067203,-0.0051106875470452,0.0019442682756998,0.0091567352009838,0.0591459271924577,0.012776880139887,0.0813709902948198,-0.0485519312594571,0.0620563995529741,2019-02-28,2019-03-01,2019-03-04,2019-03-05,2019-03-06,2019-03-07,2019-03-08,2019-03-11,2019-03-12,2019-03-13,76095.0,2019-02-27,252.0,1.2505%,0.0005,0.906,0.1655,-0.1128,1.1749%,1.5391%,41.7253%,0.011152,HOLX,76095.0,2019-02-28,252.0,0.4046%,0.0006,0.9071,0.1665,-0.1134,1.1752%,1.5385%,41.6521%,0.006439,HOLX,76095.0,2019-03-01,252.0,1.6331%,0.0006,0.9035,0.1612,-0.1227,1.1750%,1.5367%,41.5345%,0.0087739999999999,HOLX,76095.0,2019-03-04,252.0,-1.0434%,0.0006,0.898,0.1845,-0.1223,1.1725%,1.5318%,41.4126%,-0.004702,HOLX,76095.0,2019-03-05,252.0,0.1687%,0.0007,0.8984,0.1897,-0.123,1.1723%,1.5315%,41.4041%,0.003402,HOLX,76095.0,2019-03-06,252.0,-1.6421%,0.0006,0.9003,0.2055,-0.1188,1.1731%,1.5340%,41.5192%,-0.0065249999999999,HOLX,76095.0,2019-03-07,252.0,0.1926%,0.0007,0.8992,0.2166,-0.1171,1.1721%,1.5334%,41.5706%,0.00897,HOLX,76095.0,2019-03-08,252.0,-0.4273%,0.0007,0.8998,0.2136,-0.1159,1.1722%,1.5334%,41.5628%,-0.002692,HOLX,76095.0,2019-03-11,252.0,0.7295%,0.0007,0.8956,0.2073,-0.1174,1.1732%,1.5340%,41.5037%,-0.007574,HOLX,76095.0,2019-03-12,252.0,0.5538%,0.0006,0.8887,0.2074,-0.1253,1.1722%,1.5275%,41.1184%,0.003695,HOLX,76095.0,2019-03-13,252.0,0.3813%,0.0007,0.8874,0.2215,-0.1233,1.1672%,1.5239%,41.3348%,-0.001557,HOLX,0.017591,0.026365,0.0216629999999999,0.0185399999999999,0.019382
12195,HORIZON THERAPEUTICS PLC,Horizon Pharma Sees FY19 Sales $1.23B-$1.25B vs $1.24B Est.,6,uncertain,0.6,0.2,"while horizon pharma's sales forecast is in line with estimates, the lack of a significant surprise may lead to mixed reactions from investors.",1,2019-02-27,HZNP,2019-02-27 12:25:00+00:00,12919.0,G4618810,0.0459550507366657,3962051.0,0.3276887834072113,-0.0014340672641992,-0.0286108218133449,-0.0132075790315866,-0.0060326498933136,-0.0018831924535334,-0.0282042454928159,-0.0139276292175054,-0.0639235824346542,-0.0498455725610256,0.0133438054472208,-0.0215796288102865,0.0286599453538656,0.0104666277766227,-0.000376514653908,-0.005206027533859,0.0097928522154688,0.0,0.011189897544682,0.00043395490502,0.0073773092590272,0.0061135939322412,0.0212376397103071,0.0048266211524605,-0.0082466667518019,-0.0043686535209417,0.0198842827230691,-0.0146362530067563,-0.0116979768499732,0.0306121818721294,0.0010760648874565,0.0240799952298402,-0.0383375026285648,0.0241973232477903,0.0011177603155374,0.0243088770657777,-0.0070711025036871,0.0264187380671501,-0.024737624451518,0.0014699014136567,0.0042274673469364,-0.0467071458697319,0.011481100693345,0.000467300415039,-0.003405227093026,-0.0219378229230642,0.0242976229637861,-0.001824859296903,0.013343240134418,0.0036630001850426,-0.0073153167031705,-0.0171016734093427,0.011422305367887,0.0136860962957143,-0.0105646960437297,-0.0103837270289659,-0.0014727175002917,0.0095715168863534,0.0,0.0032007175032049,-0.0106932483613491,0.0157919246703386,-0.0294446144253015,0.0160453114658594,-0.0011521000415086,-0.0079588051885366,-0.0146098062396049,0.0061234608292579,-0.0401872359216213,0.0411966741085052,0.0130081176757812,0.0461775064468383,-0.0156500563025474,-0.0220772977918386,0.0297594591975212,0.0199590269476175,-0.0047506270930171,0.0061792400665581,0.0063643534667789,0.0172865334898233,0.0205533783882856,-0.0108807822689414,0.012780787423253,0.0616061016917228,-0.0237093288451433,-0.012493185698986,0.0105757359415292,-0.025410246104002,0.0073643620125949,0.0255157072097063,0.0211620293557643,-0.0678137689828872,0.0342878587543964,-0.0119999889284372,-0.017850698903203,0.0035122777335345,0.0497032701969146,0.0025151481386274,0.0063604349270462,0.0055639198981225,-0.015098325908184,0.0107362475246191,-0.0459892712533474,0.0,0.0071001695469021,-0.0045801606029272,-0.0107607012614607,-0.0204386766999959,0.0112527851015329,-0.0093827424570918,-0.041913915425539,-0.0203193072229623,-0.0189701803028583,0.0345345623791217,0.0240726359188556,-0.020107889547944,-0.0146435862407088,-0.0029340523760765,-0.0379350520670414,-0.0048661059699952,0.3276887834072113,-0.0014340672641992,0.2897025162015709,-0.0146227057390573,0.2819221924548012,-0.0164783608234927,0.1661326838513055,-0.0785178939026745,0.240732274180941,-0.0933160333491602,0.2411899541531632,-0.0448103050144388,0.1258581244062437,0.0165450255800605,2019-02-28,2019-03-01,2019-03-04,2019-03-05,2019-03-06,2019-03-07,2019-03-08,2019-03-11,2019-03-12,2019-03-13,12919.0,2019-02-27,252.0,4.5955%,0.0016,0.9348,0.7241,-0.1733,2.2143%,2.4873%,20.7441%,0.043482,HZNP,12919.0,2019-02-28,252.0,32.7689%,0.0029,0.8589,0.683,-0.3051,3.0269%,3.2187%,11.5643%,0.329909,HZNP,12919.0,2019-03-01,252.0,-2.8611%,0.0026,0.8722,0.7027,-0.2655,3.0292%,3.2214%,11.5742%,-0.038086,HZNP,12919.0,2019-03-04,252.0,-0.6033%,0.0025,0.879,0.6804,-0.2674,3.0278%,3.2212%,11.6447%,0.0022589999999999,HZNP,12919.0,2019-03-05,252.0,-2.8204%,0.0023,0.8775,0.651,-0.2581,3.0281%,3.2163%,11.3606%,-0.025332,HZNP,12919.0,2019-03-06,252.0,-6.3924%,0.0021,0.8894,0.7629,-0.2295,3.0425%,3.2404%,11.8423%,-0.048336,HZNP,12919.0,2019-03-07,252.0,1.3344%,0.0022,0.8858,0.7815,-0.229,3.0421%,3.2403%,11.8592%,0.020324,HZNP,12919.0,2019-03-08,252.0,2.8660%,0.0024,0.8809,0.8021,-0.238,3.0448%,3.2437%,11.8900%,0.029739,HZNP,12919.0,2019-03-11,252.0,-0.0377%,0.0023,0.8705,0.7925,-0.2382,3.0474%,3.2438%,11.7419%,-0.017716,HZNP,12919.0,2019-03-12,252.0,0.9793%,0.0024,0.8753,0.7882,-0.2345,3.0476%,3.2438%,11.7322%,0.009555,HZNP,12919.0,2019-03-13,252.0,1.1190%,0.0025,0.8767,0.7969,-0.2309,3.0464%,3.2434%,11.7805%,0.007857,HZNP,0.373391,0.335305,0.337564,0.263896,0.313655
12203,HORIZON THERAPEUTICS PLC,"Horizon Pharma Q4 Adj. EPS $0.67 Beats $0.54 Estimate, Sales $355.543M Beat $334.22M Estimate",6,increase,0.8,0.6,"the company reported better-than-expected earnings and sales, which typically boosts investor confidence and can lead to an increase in stock price.",2,2019-02-27,HZNP,2019-02-27 12:24:00+00:00,12919.0,G4618810,0.0459550507366657,3962051.0,0.3276887834072113,-0.0014340672641992,-0.0286108218133449,-0.0132075790315866,-0.0060326498933136,-0.0018831924535334,-0.0282042454928159,-0.0139276292175054,-0.0639235824346542,-0.0498455725610256,0.0133438054472208,-0.0215796288102865,0.0286599453538656,0.0104666277766227,-0.000376514653908,-0.005206027533859,0.0097928522154688,0.0,0.011189897544682,0.00043395490502,0.0073773092590272,0.0061135939322412,0.0212376397103071,0.0048266211524605,-0.0082466667518019,-0.0043686535209417,0.0198842827230691,-0.0146362530067563,-0.0116979768499732,0.0306121818721294,0.0010760648874565,0.0240799952298402,-0.0383375026285648,0.0241973232477903,0.0011177603155374,0.0243088770657777,-0.0070711025036871,0.0264187380671501,-0.024737624451518,0.0014699014136567,0.0042274673469364,-0.0467071458697319,0.011481100693345,0.000467300415039,-0.003405227093026,-0.0219378229230642,0.0242976229637861,-0.001824859296903,0.013343240134418,0.0036630001850426,-0.0073153167031705,-0.0171016734093427,0.011422305367887,0.0136860962957143,-0.0105646960437297,-0.0103837270289659,-0.0014727175002917,0.0095715168863534,0.0,0.0032007175032049,-0.0106932483613491,0.0157919246703386,-0.0294446144253015,0.0160453114658594,-0.0011521000415086,-0.0079588051885366,-0.0146098062396049,0.0061234608292579,-0.0401872359216213,0.0411966741085052,0.0130081176757812,0.0461775064468383,-0.0156500563025474,-0.0220772977918386,0.0297594591975212,0.0199590269476175,-0.0047506270930171,0.0061792400665581,0.0063643534667789,0.0172865334898233,0.0205533783882856,-0.0108807822689414,0.012780787423253,0.0616061016917228,-0.0237093288451433,-0.012493185698986,0.0105757359415292,-0.025410246104002,0.0073643620125949,0.0255157072097063,0.0211620293557643,-0.0678137689828872,0.0342878587543964,-0.0119999889284372,-0.017850698903203,0.0035122777335345,0.0497032701969146,0.0025151481386274,0.0063604349270462,0.0055639198981225,-0.015098325908184,0.0107362475246191,-0.0459892712533474,0.0,0.0071001695469021,-0.0045801606029272,-0.0107607012614607,-0.0204386766999959,0.0112527851015329,-0.0093827424570918,-0.041913915425539,-0.0203193072229623,-0.0189701803028583,0.0345345623791217,0.0240726359188556,-0.020107889547944,-0.0146435862407088,-0.0029340523760765,-0.0379350520670414,-0.0048661059699952,0.3276887834072113,-0.0014340672641992,0.2897025162015709,-0.0146227057390573,0.2819221924548012,-0.0164783608234927,0.1661326838513055,-0.0785178939026745,0.240732274180941,-0.0933160333491602,0.2411899541531632,-0.0448103050144388,0.1258581244062437,0.0165450255800605,2019-02-28,2019-03-01,2019-03-04,2019-03-05,2019-03-06,2019-03-07,2019-03-08,2019-03-11,2019-03-12,2019-03-13,12919.0,2019-02-27,252.0,4.5955%,0.0016,0.9348,0.7241,-0.1733,2.2143%,2.4873%,20.7441%,0.043482,HZNP,12919.0,2019-02-28,252.0,32.7689%,0.0029,0.8589,0.683,-0.3051,3.0269%,3.2187%,11.5643%,0.329909,HZNP,12919.0,2019-03-01,252.0,-2.8611%,0.0026,0.8722,0.7027,-0.2655,3.0292%,3.2214%,11.5742%,-0.038086,HZNP,12919.0,2019-03-04,252.0,-0.6033%,0.0025,0.879,0.6804,-0.2674,3.0278%,3.2212%,11.6447%,0.0022589999999999,HZNP,12919.0,2019-03-05,252.0,-2.8204%,0.0023,0.8775,0.651,-0.2581,3.0281%,3.2163%,11.3606%,-0.025332,HZNP,12919.0,2019-03-06,252.0,-6.3924%,0.0021,0.8894,0.7629,-0.2295,3.0425%,3.2404%,11.8423%,-0.048336,HZNP,12919.0,2019-03-07,252.0,1.3344%,0.0022,0.8858,0.7815,-0.229,3.0421%,3.2403%,11.8592%,0.020324,HZNP,12919.0,2019-03-08,252.0,2.8660%,0.0024,0.8809,0.8021,-0.238,3.0448%,3.2437%,11.8900%,0.029739,HZNP,12919.0,2019-03-11,252.0,-0.0377%,0.0023,0.8705,0.7925,-0.2382,3.0474%,3.2438%,11.7419%,-0.017716,HZNP,12919.0,2019-03-12,252.0,0.9793%,0.0024,0.8753,0.7882,-0.2345,3.0476%,3.2438%,11.7322%,0.009555,HZNP,12919.0,2019-03-13,252.0,1.1190%,0.0025,0.8767,0.7969,-0.2309,3.0464%,3.2434%,11.7805%,0.007857,HZNP,0.373391,0.335305,0.337564,0.263896,0.313655
12211,ISHARES TRUST,"US Trade Rep Lighthizer Says Has Spent A Lot Of Time In US, China Talks On Barriers To Biotech Approvals",6,uncertain,0.6,0.3,"the news indicates ongoing discussions about biotech approvals, which could have mixed implications for ishares trust depending on the outcomes of these talks and their impact on the biotech sector.",1,2019-02-27,IBB,2019-02-27 16:18:00+00:00,88893.0,46428755,0.0145777724683284,1175486.0,-0.0122656524181366,-0.0040722298435866,0.0210218448191881,0.0203233677893877,-0.0095560634508728,0.0142922354862093,-0.0051750191487371,-0.0175517275929451,-0.0312995538115501,-0.0026930256281048,-0.0066442461684346,-0.0057122400030493,-0.0048561370931565,0.0165124274790287,0.0213608294725418,0.0042824712581932,0.0082033360376954,0.0030159188900142,0.0130544239655137,0.0099686346948146,-0.0027361444663256,0.0050092139281332,0.0107089048251509,0.0062541379593312,-0.0024518282152712,-0.0250273030251264,-0.0006144636427052,-0.0016354743856936,-0.0058849202468991,-0.0016328039346262,-0.0106909265741705,-0.0002720484335441,-0.0339376889169216,0.0052875760011374,0.0013867202214896,0.0137708457186818,0.0185561496764421,0.0067925532348454,-0.0138674769550561,0.0019578507635742,0.0060661397874355,-0.0199195928871631,0.0213777087628841,0.0153075568377971,0.0009839052800089,-0.0001854804140748,0.0081314984709024,-0.0083701582625508,0.0059386473149061,-0.0158414039760828,-0.0040532127022743,0.0061936452984809,0.0168097093701362,0.0104924011975526,-0.004263446200639,-0.0054009184241294,-0.0160783287137746,0.0193151049315929,0.0110124144703149,-0.0168792214244604,-0.0170414168387651,0.0010101066436618,-0.0075960541144013,0.0130232702940702,-0.0050428202375769,0.0070257610641419,-0.0099556380882859,0.0071705081500113,-0.0388518162071704,0.0335445590317249,-0.00570666231215,0.0502868071198463,0.0004782420292031,0.0014358911430463,0.0211301930248737,0.0110961282625794,-0.0108614573255181,0.0167651213705539,0.0101287364959716,-0.0033628342207521,0.0064661460928618,0.0036916581448167,-0.0008380257640965,0.0580292046070098,-0.0082937227562069,-0.0137574290856719,-0.0080811940133571,-0.0391285642981529,0.003978834953159,-0.0171499997377395,0.0182109847664833,-0.0213609859347343,0.0085256062448024,-0.0193516444414854,-0.0294036995619535,-0.0164819024503231,-0.0003786889719776,-0.0188660994172096,-0.0023676485288888,-0.0150739848613739,-0.0032276092097163,0.0125756477937102,-0.0350476205348968,0.0033712047152221,0.0110541135072708,0.0017367841210216,0.0090784877538681,-0.030314352363348,0.0103511624038219,0.0015930857043713,-0.0064152218401432,-0.0329859480261802,-0.0139731811359524,0.011457378976047,0.0198397058993578,0.0149781433865428,0.0031624517869204,-0.0004649716429412,-0.0086931949481368,0.0271251574158668,-0.0122656524181365,-0.0040722298435866,0.0084983457593112,0.0161683765209668,-0.001138928422865,0.0306916942518435,-0.0374101681438057,0.0098743132190077,-0.0073593500569767,0.0383976735966569,-0.002628377180516,0.0320153950437984,-0.0908533624370294,0.0744986062586257,2019-02-28,2019-03-01,2019-03-04,2019-03-05,2019-03-06,2019-03-07,2019-03-08,2019-03-11,2019-03-12,2019-03-13,88893.0,2019-02-27,252.0,1.4578%,-0.0002,1.0844,0.4804,-0.3292,0.7493%,1.4919%,74.7749%,0.012197,IBB,88893.0,2019-02-28,252.0,-1.2266%,-0.0002,1.0876,0.4823,-0.3246,0.7517%,1.4919%,74.6133%,-0.009923,IBB,88893.0,2019-03-01,252.0,2.1022%,-0.0002,1.0867,0.481,-0.3308,0.7539%,1.4930%,74.4977%,0.010404,IBB,88893.0,2019-03-04,252.0,-0.9556%,-0.0002,1.0861,0.4836,-0.3308,0.7539%,1.4930%,74.5006%,-0.000781,IBB,88893.0,2019-03-05,252.0,-0.5175%,-0.0002,1.0844,0.4682,-0.3311,0.7516%,1.4856%,74.4062%,-0.0027129999999999,IBB,88893.0,2019-03-06,252.0,-3.1300%,-0.0003,1.0897,0.5023,-0.3204,0.7580%,1.4972%,74.3706%,-0.016249,IBB,88893.0,2019-03-07,252.0,-0.6644%,-0.0003,1.09,0.5071,-0.3187,0.7576%,1.4978%,74.4178%,0.001496,IBB,88893.0,2019-03-08,252.0,-0.4856%,-0.0003,1.0904,0.5065,-0.318,0.7578%,1.4976%,74.3951%,-0.0033439999999999,IBB,88893.0,2019-03-11,252.0,2.1361%,-0.0003,1.0912,0.5118,-0.3154,0.7573%,1.5029%,74.6113%,0.0015459999999999,IBB,88893.0,2019-03-12,252.0,0.8203%,-0.0002,1.0924,0.5085,-0.3154,0.7585%,1.5006%,74.4528%,0.006566,IBB,88893.0,2019-03-13,252.0,1.3054%,-0.0002,1.095,0.5038,-0.3137,0.7599%,1.5027%,74.4270%,0.007415,IBB,0.002274,0.012678,0.011897,-0.007065,0.0066139999999999
12219,INTERNATIONAL BANCSHARES CORP,"IBC Reports FY18 EPS $2.34 Down From $2.36 YoY, Net Interest Income $413.15M Up From $376.21M YoY",6,uncertain,0.6,0.2,"while net interest income increased, the slight decline in eps may lead to mixed investor reactions, making the overall impact on stock price uncertain.",1,2019-02-27,IBOC,2019-02-27 18:39:00+00:00,85875.0,45904410,0.0079959938302636,103831.0,0.0118988482281565,-0.0106304148212075,0.0056344815529882,0.0039712046273052,0.0017052300972864,0.0039870380423963,0.0007296350668184,-0.0039712046273052,-0.0196841154247522,0.0133300460875034,-0.0178483203053474,0.007092167623341,-0.000252355413977,0.0238588731735944,0.0093410480767488,-0.0033599704038351,-0.0010005232179537,0.0120324110612273,0.0050075305625796,0.0238350126892328,0.0087195392698049,0.0119240814819932,-0.0051865372806787,-0.0005416208878159,0.0196127351373434,-0.0048517603427171,-0.0241051353514194,0.0043313442729413,-0.0237026121467351,0.0098413554951548,-0.0061334441415965,0.0130158187821507,-0.0501414462924003,0.0180433988571167,0.005684973206371,-0.0105996448546648,0.0196500550955534,0.0005580977303907,-0.0042238608002662,-0.0055508450604975,0.0151113383471965,0.0039007910527288,0.0062678991816937,0.0084293121472001,0.0294505078345537,-0.0080825220793485,-0.0120051391422748,0.0058873817324638,0.0129265766590833,-0.0197856891900301,0.0117406602948904,0.0030319904908537,0.0126135218888521,0.0066592078655958,0.0014948025345802,0.0215420108288526,-0.0194030497223138,0.0097309723496437,0.0164891313761472,0.0072066881693899,0.0072373575530946,-0.0080069368705153,0.0128840543329715,-0.0008571079815737,-0.0129648381844162,-0.0034168262500315,0.0208178479224443,0.0132717564702034,0.0024278294295072,-0.0065921335481107,-0.0174376647919416,0.0273851696401834,-0.0115849450230598,-0.0156522002071142,0.0214463993906974,0.0029069322627037,0.0012206844985485,0.0085019320249557,-0.0051206802017986,0.0067886519245803,0.0137255238369107,-0.0084868920966982,0.0096711246296763,0.0484810695052146,-0.0069443751126527,-0.011825330555439,-0.0183265525847673,-0.0164031982421875,0.0017194717656821,0.0102440547198057,0.0235410239547491,-0.0348938889801502,0.0004790762322954,-0.0066435458138585,-0.0158045943826437,-0.003741038031876,0.0004866291710641,-0.0051531721837818,-0.0077820941805839,-0.0138339325785636,0.0098039591684937,0.0102680204436183,-0.0436892993748188,0.0011422305833548,0.0225888155400753,-0.0110138207674026,-0.0089352345094084,-0.0053370404057204,0.0092661892995238,-0.0097358077764511,-0.0081885363906621,-0.0576671212911605,0.0212659109383821,-0.0062515726312994,0.0080843176692724,0.0065547982230782,-0.0179830286651849,-0.007546211592853,-0.0269735250622034,0.0169356800615787,0.0118988482281565,-0.0106304148212075,0.0176003736219882,-0.0067014257464304,0.0193356164060984,-0.0027411065434234,-4.364798522615842e-10,0.0065392900986542,-0.0049578784377161,0.0717729058634559,0.0063663967072662,0.1536466431118064,-0.0124700072627517,0.0590103070004857,2019-02-28,2019-03-01,2019-03-04,2019-03-05,2019-03-06,2019-03-07,2019-03-08,2019-03-11,2019-03-12,2019-03-13,85875.0,2019-02-27,252.0,0.7996%,0.0004,1.1088,0.9395,1.1868,0.7663%,1.3708%,68.7534%,0.00653,IBOC,85875.0,2019-02-28,252.0,1.1899%,0.0005,1.1032,0.9363,1.1786,0.7739%,1.3677%,67.9850%,0.018015,IBOC,85875.0,2019-03-01,252.0,0.5634%,0.0005,1.0964,0.9262,1.1685,0.7708%,1.3546%,67.6176%,-0.000399,IBOC,85875.0,2019-03-04,252.0,0.1705%,0.0005,1.0997,0.9097,1.1688,0.7698%,1.3543%,67.6920%,0.006464,IBOC,85875.0,2019-03-05,252.0,0.0730%,0.0005,1.0968,0.8918,1.1639,0.7698%,1.3482%,67.3988%,0.008135,IBOC,85875.0,2019-03-06,252.0,-1.9684%,0.0005,1.0942,0.8947,1.1614,0.7691%,1.3502%,67.5508%,0.00021,IBOC,85875.0,2019-03-07,252.0,-1.7848%,0.0005,1.0967,0.8971,1.1654,0.7698%,1.3532%,67.6398%,-0.004507,IBOC,85875.0,2019-03-08,252.0,-0.0252%,0.0005,1.0968,0.8895,1.1658,0.7688%,1.3517%,67.6547%,0.003603,IBOC,85875.0,2019-03-11,252.0,0.9341%,0.0004,1.0944,0.8865,1.1654,0.7693%,1.3527%,67.6536%,-0.00423,IBOC,85875.0,2019-03-12,252.0,-0.1001%,0.0004,1.0948,0.8868,1.166,0.7693%,1.3470%,67.3825%,-0.000412,IBOC,85875.0,2019-03-13,252.0,0.5008%,0.0004,1.0945,0.8857,1.1654,0.7692%,1.3471%,67.3907%,-0.0006219999999999,IBOC,0.024545,0.024146,0.03061,0.038955,0.032787
12227,ICAHN ENTERPRISES L P,Q4 Earnings Preview Icahn Enterprises,6,uncertain,0.5,0.5,"the impact of q4 earnings previews can vary widely based on actual performance versus market expectations, making the outcome uncertain.",1,2019-02-27,IEP,2019-02-27 18:37:00+00:00,75113.0,45110010,0.0228725764900445,54096.0,0.0318055674433708,-0.005369468126446,0.0297482702881097,0.0108555136248469,0.0111110908910632,0.0002858161460608,-0.0241757612675428,-0.0167182143777608,-0.021595187485218,0.0080725066363811,0.000812527956441,0.0140744419768452,-0.023812772706151,-0.0107970181852579,0.0316464900970459,-0.0036801435053348,-0.0142325051128864,0.0150862513110041,0.0037847531493753,0.0160583723336458,0.0041894013993442,-0.0050834929570555,0.0086218202486634,0.0004359020676929,0.0103405490517616,-0.0126254996284842,0.0083242440596222,0.0030220043845474,-0.0079847928136587,0.0368546918034553,0.0065483725629746,-0.0106288930401206,-0.0126050459221005,-0.0285387262701988,-0.0061770342290401,0.023034032434225,0.0149171520024538,0.0103765875101089,-0.005443678703159,0.0092759244143962,-0.0010947157861664,-0.0063921557739377,-0.0068493150174617,0.0111227696761488,0.0151723930612206,0.004074805881828,0.002717453520745,-0.0192420873790979,-0.0139567255973815,-0.0193061660975217,0.0023362073116004,0.0005809864378534,0.0035644981544464,0.0083479741588234,-0.0034153007436543,0.0220027137547731,0.0063057811930775,0.023908007889986,0.0001361463946523,-0.0119624603539705,-0.0111686149612069,0.0090145757421851,0.0157024711370468,-0.0010683714644983,-0.0032546496950089,-0.0021323028486222,0.0156462788581848,0.017984552308917,0.0046885260380804,0.0376447886228561,-0.0079999798908829,0.0284579955041408,0.0006719814846292,0.0034866193309426,0.0068502640351653,0.0551856607198715,-0.0061365938745439,-0.0112592708319425,-0.0073825912550091,0.0368175134062767,0.0124409170821309,-0.0159067064523696,0.0008013564511202,0.1170779913663864,0.0076070958748459,-0.0445198416709899,0.0018542965408414,-0.0446927957236766,-0.0193019453436136,-0.0275148898363113,0.0124022401869297,-0.042296078056097,0.0178429298102855,-0.0015082343015819,-0.0092883184552192,-0.0336842387914657,-0.0010564086260274,-0.0497076511383056,0.0019828358199447,-0.0197616163641214,-0.0060686897486448,0.0277519524097442,-0.0580855570733547,-0.0055504254996776,0.0437173806130886,-0.013536112383008,-0.0055478713475167,-0.0173367746174335,0.0052999290637671,0.0029981199186295,-0.0019422778859734,-0.0303779635578393,0.000694959948305,0.0288619752973318,0.0052785789594054,0.0109608611091971,-0.0167196225374937,-0.0142325162887573,-0.0163013432174921,0.0073562208563089,0.0318055674433708,-0.005369468126446,0.0624999983484526,0.005427757163996,0.0743055324018568,0.0057151246506912,0.0256944224702311,-0.003115723585838,0.0229392461442634,0.0275912326698495,0.0487948193009435,0.0658691506650888,0.0272092345938248,0.0567482270354458,2019-02-28,2019-03-01,2019-03-04,2019-03-05,2019-03-06,2019-03-07,2019-03-08,2019-03-11,2019-03-12,2019-03-13,75113.0,2019-02-27,252.0,2.2873%,0.0013,1.0485,0.8141,0.0929,1.7189%,2.0862%,32.1109%,0.0203929999999999,IEP,75113.0,2019-02-28,252.0,3.1806%,0.0015,1.0398,0.8092,0.0787,1.7318%,2.0917%,31.4483%,0.035026,IEP,75113.0,2019-03-01,252.0,2.9748%,0.0016,1.0361,0.8037,0.0643,1.7340%,2.0916%,31.2727%,0.0201399999999999,IEP,75113.0,2019-03-04,252.0,1.1111%,0.0015,1.051,0.7379,0.0641,1.7219%,2.0827%,31.6444%,0.019372,IEP,75113.0,2019-03-05,252.0,-2.4176%,0.0014,1.0563,0.7647,0.0758,1.7266%,2.0886%,31.6588%,-0.020038,IEP,75113.0,2019-03-06,252.0,-2.1595%,0.0012,1.0345,0.7946,0.0553,1.7039%,2.0673%,32.0704%,-0.0032069999999999,IEP,75113.0,2019-03-07,252.0,0.0813%,0.0012,1.0272,0.7758,0.0402,1.7026%,2.0624%,31.8479%,0.009944,IEP,75113.0,2019-03-08,252.0,-2.3813%,0.0011,1.0305,0.7743,0.0454,1.7088%,2.0679%,31.7161%,-0.021962,IEP,75113.0,2019-03-11,252.0,3.1646%,0.0012,1.0369,0.7792,0.0449,1.7106%,2.0768%,32.1546%,0.013651,IEP,75113.0,2019-03-12,252.0,-1.4233%,0.0012,1.0569,0.7821,0.069,1.7062%,2.0783%,32.6035%,-0.014697,IEP,75113.0,2019-03-13,252.0,0.3785%,0.0013,1.0556,0.7966,0.071,1.7026%,2.0762%,32.7519%,-0.001044,IEP,0.0554189999999999,0.0755589999999999,0.0949309999999999,0.0716859999999999,0.0575779999999999
12235,ISHARES TRUST,At Least 8 Tons Of Gold Removed From Venezuela Central Bank Last Week And Could Be Sold Abroad Legislator; Venezuela Removed 8 Tons Of Central Bank Gold Last Week,6,decrease,0.7,0.6,"the removal of gold from venezuela's central bank may signal economic instability and a potential decrease in demand for gold-backed assets, negatively impacting ishares trust's stock price.",0,2019-02-27,ILF,2019-02-27 20:07:00+00:00,89190.0,46428739,-0.0040068514645099,1701158.0,-0.0224137585610151,0.0002862387918867,-0.0105820279568433,-0.005693161394447,-0.0026738012675195,0.0126838413998484,0.0062555582262575,-0.0002882459957618,-0.0213143117725849,-0.0040183523669838,-0.0084695275872945,-0.0017192369559779,0.0073215891607105,0.0066340747289359,0.0314960889518261,0.0242245122790336,0.0032295007258653,-0.0148429023101925,0.0111208977177739,0.0223147869110107,-0.010709086433053,-0.0103061981499195,0.0131656164303422,-0.0026431763544678,0.0176148023456335,-0.0081562064588069,-0.0019864786881953,-0.0343177914619445,0.0011373590677976,0.0005629174993373,-0.0170405711978673,0.0062304558232426,-0.0528749451041221,-0.0025423769839107,0.0103721832856535,0.0181190986186265,0.0138889765366911,0.0163695234805345,-0.0393092148005962,0.0145313711836934,0.0195288620889186,-0.0248698834329843,0.0103374933823943,0.0017381625948473,0.0168522838503122,0.0029053543694317,-0.0053270286880433,0.0192477852106094,-0.0074382624588906,-0.0242704469710588,0.0218824800103902,0.0034792381338775,0.0117336912080645,0.0087745850905776,0.0118874981999397,0.0014645353658124,-0.0094556398689746,-0.0035025959368795,0.0046282862313091,0.0061673740856349,-0.0181399676948785,-0.0055491365492343,-0.0211142934858799,0.0008770124404691,0.0014978799736127,0.0221092868596315,0.0065809516236186,0.0139352595433592,-0.0074294200167059,-0.0015124939382076,0.0086825471371412,0.0254342332482338,-0.0029681946616619,-0.0018575096037238,0.0071450336836278,0.0480207502841949,-0.0209873747080564,0.0039087599143385,0.0117753446102142,0.0095363669097423,0.0044763213954865,0.0069536119699478,-0.0044563733972609,0.0247710030525922,0.0008953326032496,-0.0104097165167331,-0.0172928385436534,-0.0142336450517177,-0.0009101571631617,0.0110441744327545,0.0109322993084788,-0.0128840859979391,-0.0165214538574218,0.0059362319298088,-0.0131337903439998,-0.0135658327490091,0.0126895643770694,-0.0105465585365891,-0.0146699119359254,0.001600548857823,0.0049627739936113,0.0152745954692363,-0.0314815528690815,0.0035877563059329,0.005736147519201,-0.0266666710376739,-0.0091888150200247,-0.0116096902638673,-0.0156699642539024,0.0009422326111234,-0.0152696948498487,-0.0187981687486171,0.0135268839076161,0.0102740302681922,0.0273437555879354,-0.0027941681910306,-0.0009505316847935,0.0078222779557108,-0.0072946860454976,0.0223927982151508,-0.0224137585610151,0.0002862387918867,-0.0327586034981478,-0.0054085522061999,-0.0353448147701119,0.0072066879752623,-0.0499999397527198,0.00287021992318,-0.0071839096443582,0.0395714965157474,-0.0020114889615981,0.026138012718808,-0.1005747176590083,0.1343863069595892,2019-02-28,2019-03-01,2019-03-04,2019-03-05,2019-03-06,2019-03-07,2019-03-08,2019-03-11,2019-03-12,2019-03-13,89190.0,2019-02-27,252.0,-0.4007%,-0.0002,0.8247,-0.0284,0.2759,1.4431%,1.6561%,24.0664%,-0.00447,ILF,89190.0,2019-02-28,252.0,-2.2414%,-0.0002,0.8243,-0.0294,0.28,1.4472%,1.6581%,23.8157%,-0.0192619999999999,ILF,89190.0,2019-03-01,252.0,-1.0582%,-0.0003,0.8159,-0.0419,0.2741,1.4494%,1.6553%,23.3379%,-0.015402,ILF,89190.0,2019-03-04,252.0,-0.2674%,-0.0003,0.8209,-0.0588,0.2729,1.4478%,1.6554%,23.5140%,0.000243,ILF,89190.0,2019-03-05,252.0,0.6256%,-0.0003,0.8196,-0.0632,0.2689,1.4487%,1.6558%,23.4489%,0.008034,ILF,89190.0,2019-03-06,252.0,-2.1314%,-0.0003,0.8267,-0.0328,0.2811,1.4517%,1.6604%,23.5541%,-0.015423,ILF,89190.0,2019-03-07,252.0,-0.8470%,-0.0004,0.8256,-0.0397,0.2776,1.4512%,1.6602%,23.5874%,-0.0008759999999999,ILF,89190.0,2019-03-08,252.0,0.7322%,-0.0003,0.8234,-0.0261,0.2734,1.4505%,1.6588%,23.5353%,0.00954,ILF,89190.0,2019-03-11,252.0,3.1496%,-0.0002,0.8343,-0.0219,0.2701,1.4560%,1.6707%,24.0473%,0.020653,ILF,89190.0,2019-03-12,252.0,0.3230%,-0.0002,0.8338,-0.0224,0.2693,1.4560%,1.6678%,23.7853%,0.001209,ILF,89190.0,2019-03-13,252.0,1.1121%,-0.0002,0.8357,-0.029,0.2698,1.4560%,1.6691%,23.9072%,0.0050739999999999,ILF,-0.0237319999999999,-0.0391339999999999,-0.0388909999999999,-0.0462799999999999,-0.0106799999999999
12243,IMAX CORP,"MKM, Wedbush Stay Bullish On Imax After Q4 Print",6,increase,0.8,0.6,"the bullish stance from analysts at mkm and wedbush following imax's q4 results suggests positive sentiment, likely leading to an increase in stock price.",2,2019-02-27,IMAX,2019-02-27 19:57:00+00:00,80635.0,45245E10,0.0873320400714874,967400.0,0.0110326567664742,0.002887365873903,0.0026189202908426,-0.0432780236005783,-0.0095776803791522,0.0159027203917503,0.0206593107432127,-0.0051186881028115,-0.0116278445348143,0.0257756076753139,-0.0200436152517795,-0.0127237774431705,0.0151178371161222,-0.0065543674863874,0.0232150983065366,0.0142450686544179,-0.0004280919674783,0.0144508304074406,0.0021412950009107,0.0131771825253963,-0.0017093593487516,-0.0228898208588361,-0.0098459525033831,0.0150048146024346,-0.0008646152564324,0.0024259698111563,-0.0095197409391403,-0.0124580841511488,-0.0021843267604708,0.0121241509914398,0.0048161386512219,0.0137660121545195,-0.0165577810257673,-0.020702950656414,0.0115197263658046,-0.0033589105587452,-0.0026280975434929,-0.0085632875561714,-0.0070267827250063,-0.0028462745249271,0.0026536693330854,0.0038095202762633,0.0004411216941662,0.009615421295166,0.0,0.0221129655838012,-0.0286595951765775,0.0215863604098558,0.0186109766364097,-0.023529389873147,0.0276291854679584,0.0292633660137653,0.0190806835889816,0.0101936208084225,0.0051064188592135,0.0051229703240096,-0.0042337160557508,-0.0020449392031878,0.018282325938344,0.0041067721322178,0.0104384133592248,-0.0010256645036861,0.028925571590662,0.0,-0.0004016156308352,-0.025000000372529,0.0152672184631228,0.017294006422162,0.0055401418358087,0.0181253440678119,-0.0031483639031648,0.0392895340919494,-0.0094749219715595,-0.0090666711330413,-0.0095655545592308,-0.0031897644512355,0.0072434730827808,0.0145630277693271,0.0003995297010987,0.0092542227357625,-0.0243610460311174,-0.0064899367280304,-0.0094146355986595,0.0399324558675289,0.0074379500001668,-0.0044792788103222,0.0016407266957685,-0.0181418322026729,0.0401310212910175,-0.0293489452451467,-0.0220472235232591,-0.0136842224746942,-0.0040257801301777,-0.0062761944718658,-0.0226353872567415,-0.0184804275631904,-0.0264681298285722,0.0056788176298141,-0.0089210271835327,-0.008700106292963,0.0192885026335716,0.0230366773903369,-0.029436532407999,0.0357917472720146,0.0186308622360229,-0.0048569967038929,0.0034028040245175,-0.0096204383298754,-0.0055108550004661,0.01080490835011,-0.0093776350840926,-0.0096308346837759,-0.0051634651608765,0.0070043681189417,0.0099480766803026,-0.0246979091316461,-0.0072805169038474,-0.0280898492783308,-0.0414150543510913,0.0235233027487993,0.0110326567664742,0.002887365873903,0.0136804707059845,-0.0405156172151095,0.0039717631509739,-0.0252572053554303,0.0127979228406731,-0.0052506267715436,0.032656655170421,0.0170815214606274,0.0569285494013156,0.0698152271061287,-0.0194174989655967,0.0893884481969879,2019-02-28,2019-03-01,2019-03-04,2019-03-05,2019-03-06,2019-03-07,2019-03-08,2019-03-11,2019-03-12,2019-03-13,80635.0,2019-02-27,252.0,8.7332%,-0.0002,0.6358,0.7381,0.018,2.0011%,2.1512%,13.4691%,0.085341,IMAX,80635.0,2019-02-28,252.0,1.1033%,-0.0001,0.6291,0.7339,0.0101,2.0022%,2.1497%,13.2472%,0.012801,IMAX,80635.0,2019-03-01,252.0,0.2619%,0.0002,0.578,0.6578,-0.0672,1.9325%,2.0683%,12.7009%,-0.004089,IMAX,80635.0,2019-03-04,252.0,-0.9578%,0.0004,0.5539,0.7413,-0.0618,1.9038%,2.0424%,13.1123%,-0.003769,IMAX,80635.0,2019-03-05,252.0,2.0659%,0.0004,0.5423,0.6662,-0.0787,1.8968%,2.0248%,12.2420%,0.0236609999999999,IMAX,80635.0,2019-03-06,252.0,-1.1628%,0.0004,0.5527,0.6551,-0.0685,1.8925%,2.0233%,12.5117%,0.001262,IMAX,80635.0,2019-03-07,252.0,-2.0044%,0.0004,0.5604,0.6621,-0.0562,1.8951%,2.0273%,12.6213%,-0.0153689999999999,IMAX,80635.0,2019-03-08,252.0,1.5118%,0.0004,0.5584,0.6611,-0.0594,1.8976%,2.0290%,12.5336%,0.015834,IMAX,80635.0,2019-03-11,252.0,2.3215%,0.0006,0.5653,0.6443,-0.0725,1.8930%,2.0280%,12.8674%,0.012116,IMAX,80635.0,2019-03-12,252.0,-0.0428%,0.0006,0.5598,0.6458,-0.0781,1.8926%,2.0261%,12.7407%,-0.000185,IMAX,80635.0,2019-03-13,252.0,0.2141%,0.0005,0.56,0.6391,-0.0795,1.8918%,2.0248%,12.7088%,0.000374,IMAX,0.098142,0.094053,0.090284,0.115207,0.127977
12251,IMAX CORP,Imax shares are trading higher after the company beat Q4 EPS and sales estimates.,6,increase,0.8,0.7,"beating q4 eps and sales estimates typically signals strong financial performance, which is likely to boost investor confidence and drive the stock price higher.",2,2019-02-27,IMAX,2019-02-27 15:34:00+00:00,80635.0,45245E10,0.0873320400714874,967400.0,0.0110326567664742,0.002887365873903,0.0026189202908426,-0.0432780236005783,-0.0095776803791522,0.0159027203917503,0.0206593107432127,-0.0051186881028115,-0.0116278445348143,0.0257756076753139,-0.0200436152517795,-0.0127237774431705,0.0151178371161222,-0.0065543674863874,0.0232150983065366,0.0142450686544179,-0.0004280919674783,0.0144508304074406,0.0021412950009107,0.0131771825253963,-0.0017093593487516,-0.0228898208588361,-0.0098459525033831,0.0150048146024346,-0.0008646152564324,0.0024259698111563,-0.0095197409391403,-0.0124580841511488,-0.0021843267604708,0.0121241509914398,0.0048161386512219,0.0137660121545195,-0.0165577810257673,-0.020702950656414,0.0115197263658046,-0.0033589105587452,-0.0026280975434929,-0.0085632875561714,-0.0070267827250063,-0.0028462745249271,0.0026536693330854,0.0038095202762633,0.0004411216941662,0.009615421295166,0.0,0.0221129655838012,-0.0286595951765775,0.0215863604098558,0.0186109766364097,-0.023529389873147,0.0276291854679584,0.0292633660137653,0.0190806835889816,0.0101936208084225,0.0051064188592135,0.0051229703240096,-0.0042337160557508,-0.0020449392031878,0.018282325938344,0.0041067721322178,0.0104384133592248,-0.0010256645036861,0.028925571590662,0.0,-0.0004016156308352,-0.025000000372529,0.0152672184631228,0.017294006422162,0.0055401418358087,0.0181253440678119,-0.0031483639031648,0.0392895340919494,-0.0094749219715595,-0.0090666711330413,-0.0095655545592308,-0.0031897644512355,0.0072434730827808,0.0145630277693271,0.0003995297010987,0.0092542227357625,-0.0243610460311174,-0.0064899367280304,-0.0094146355986595,0.0399324558675289,0.0074379500001668,-0.0044792788103222,0.0016407266957685,-0.0181418322026729,0.0401310212910175,-0.0293489452451467,-0.0220472235232591,-0.0136842224746942,-0.0040257801301777,-0.0062761944718658,-0.0226353872567415,-0.0184804275631904,-0.0264681298285722,0.0056788176298141,-0.0089210271835327,-0.008700106292963,0.0192885026335716,0.0230366773903369,-0.029436532407999,0.0357917472720146,0.0186308622360229,-0.0048569967038929,0.0034028040245175,-0.0096204383298754,-0.0055108550004661,0.01080490835011,-0.0093776350840926,-0.0096308346837759,-0.0051634651608765,0.0070043681189417,0.0099480766803026,-0.0246979091316461,-0.0072805169038474,-0.0280898492783308,-0.0414150543510913,0.0235233027487993,0.0110326567664742,0.002887365873903,0.0136804707059845,-0.0405156172151095,0.0039717631509739,-0.0252572053554303,0.0127979228406731,-0.0052506267715436,0.032656655170421,0.0170815214606274,0.0569285494013156,0.0698152271061287,-0.0194174989655967,0.0893884481969879,2019-02-28,2019-03-01,2019-03-04,2019-03-05,2019-03-06,2019-03-07,2019-03-08,2019-03-11,2019-03-12,2019-03-13,80635.0,2019-02-27,252.0,8.7332%,-0.0002,0.6358,0.7381,0.018,2.0011%,2.1512%,13.4691%,0.085341,IMAX,80635.0,2019-02-28,252.0,1.1033%,-0.0001,0.6291,0.7339,0.0101,2.0022%,2.1497%,13.2472%,0.012801,IMAX,80635.0,2019-03-01,252.0,0.2619%,0.0002,0.578,0.6578,-0.0672,1.9325%,2.0683%,12.7009%,-0.004089,IMAX,80635.0,2019-03-04,252.0,-0.9578%,0.0004,0.5539,0.7413,-0.0618,1.9038%,2.0424%,13.1123%,-0.003769,IMAX,80635.0,2019-03-05,252.0,2.0659%,0.0004,0.5423,0.6662,-0.0787,1.8968%,2.0248%,12.2420%,0.0236609999999999,IMAX,80635.0,2019-03-06,252.0,-1.1628%,0.0004,0.5527,0.6551,-0.0685,1.8925%,2.0233%,12.5117%,0.001262,IMAX,80635.0,2019-03-07,252.0,-2.0044%,0.0004,0.5604,0.6621,-0.0562,1.8951%,2.0273%,12.6213%,-0.0153689999999999,IMAX,80635.0,2019-03-08,252.0,1.5118%,0.0004,0.5584,0.6611,-0.0594,1.8976%,2.0290%,12.5336%,0.015834,IMAX,80635.0,2019-03-11,252.0,2.3215%,0.0006,0.5653,0.6443,-0.0725,1.8930%,2.0280%,12.8674%,0.012116,IMAX,80635.0,2019-03-12,252.0,-0.0428%,0.0006,0.5598,0.6458,-0.0781,1.8926%,2.0261%,12.7407%,-0.000185,IMAX,80635.0,2019-03-13,252.0,0.2141%,0.0005,0.56,0.6391,-0.0795,1.8918%,2.0248%,12.7088%,0.000374,IMAX,0.098142,0.094053,0.090284,0.115207,0.127977
12259,INOGEN INC,Inogen shares are trading lower despite the company reporting better than expected Q4 EPS and revenue results. Analysts at KeyBanc credit the decline to investors expecting larger earnings beats and increasing marketing spend.,6,decrease,0.8,0.6,the decline in inogen's stock price is attributed to investor disappointment over not meeting higher earnings expectations despite better-than-expected results.,0,2019-02-27,INGN,2019-02-27 14:42:00+00:00,14459.0,45780L10,-0.241182342171669,3629714.0,0.0111027508974075,-0.0302568394690752,-0.004559816326946,0.0076745329424738,-0.0372067242860794,0.0312252398580312,-0.0037867694627493,-0.0108176572248339,-0.0398635119199752,0.0076734945178031,-0.0129935918375849,-0.0172668751329183,-0.0337345078587532,0.0263291094452142,0.0248004458844661,0.0157971624284982,-0.0045700296759605,-0.0141252940520644,0.0166945550590753,-0.0291842054575681,-0.0108785424381494,0.0400818884372711,-0.013073194772005,-0.0216115936636924,0.0062026525847613,-0.0300548449158668,0.0041793077252805,0.0,-0.0295495148748159,-0.0479745864868164,0.015117441304028,-0.0059120669029653,-0.0481622032821178,0.0067455125972628,0.0184198394417762,0.0094125745818018,0.0093702403828501,0.02483413182199,-0.0010794308036565,0.0031568969134241,0.0130754169076681,-0.0280815865844488,0.0172800291329622,0.0182707495987415,-0.0432001948356628,0.0293644480407238,-0.0117260236293077,-0.0202754065394401,0.0002217414439655,-0.027576096355915,0.0246119871735572,0.0107042659074068,0.0102792102843523,0.0162834543734788,-0.0046053365804255,0.0066116168163716,-0.0371207706630229,0.0392956137657165,0.0008939751423895,0.0287166573107242,-0.0174165181815624,-0.039261482656002,-0.0361322611570358,0.0349220633506774,-0.019922224804759,0.0255273953080177,-0.0104643106460571,-0.0216688476502895,-0.028685949742794,0.0644253119826316,-0.0152671905234456,0.0558904036879539,0.0021603528875857,-0.0169615633785724,0.0656860321760177,-0.0076507767662405,-0.0076154139824211,0.0137981288135051,-0.0053957384079694,-0.0026870304718613,0.0394213907420635,-0.002112636109814,0.0090466104447841,0.0907559841871261,0.0034483110066503,-0.0213374886661768,-0.0166094452142715,-0.0025090924464166,0.0263250116258859,-0.0376352779567241,0.0405175313353538,-0.0655151382088661,0.0378490537405014,0.0197572447359561,-0.0421440042555332,-0.03639417886734,-0.2561992406845093,-0.0168383494019508,0.0656438544392585,-0.0249211620539426,0.0249169860035181,-0.00900708604604,-0.0116153508424758,-0.015376977622509,0.002596371108666,0.0064786146394908,0.0201716739684343,-0.0374169126152992,0.0013359850272536,0.0051539591513574,-0.0473648495972156,-0.0428637601435184,-0.0203081872314214,0.017983129248023,-0.0137240765616297,0.0227651223540306,-0.0134802190586924,0.0201075915247201,-0.0286511462181806,-0.0079369926825165,0.0111027508974075,-0.0302568394690752,0.0064923080656456,-0.0228145136378419,-0.0309559737366125,0.0076983375596033,-0.073108737151522,0.0044463217602019,-0.0831764791857999,-0.0150492219368345,-0.1572261825499662,0.0312937271074595,-0.3779638506379185,-0.0162253035793202,2019-02-28,2019-03-01,2019-03-04,2019-03-05,2019-03-06,2019-03-07,2019-03-08,2019-03-11,2019-03-12,2019-03-13,14459.0,2019-02-27,252.0,-24.1182%,-0.0009,1.045,1.0992,-0.5991,3.1916%,3.5233%,17.9451%,-0.24514,INGN,14459.0,2019-02-28,252.0,1.1103%,-0.0008,1.039,1.0956,-0.6065,3.1925%,3.5214%,17.8072%,0.012525,INGN,14459.0,2019-03-01,252.0,-0.4560%,-0.0006,1.0002,1.0378,-0.6587,3.1731%,3.4915%,17.4078%,-0.017734,INGN,14459.0,2019-03-04,252.0,-3.7207%,-0.0007,0.9945,1.0793,-0.6623,3.1747%,3.4970%,17.5854%,-0.025375,INGN,14459.0,2019-03-05,252.0,-0.3787%,-0.0007,0.9924,1.0636,-0.6639,3.1742%,3.4916%,17.3557%,-0.00043,INGN,14459.0,2019-03-06,252.0,-3.9864%,-0.0007,1.0071,1.0926,-0.6433,3.1747%,3.5001%,17.7263%,-0.01795,INGN,14459.0,2019-03-07,252.0,-1.2994%,-0.0008,1.0054,1.0732,-0.6511,3.1730%,3.4968%,17.6604%,-0.0061829999999999,INGN,14459.0,2019-03-08,252.0,-3.3735%,-0.0009,1.0098,1.0735,-0.6441,3.1796%,3.5025%,17.5861%,-0.033256,INGN,14459.0,2019-03-11,252.0,2.4800%,-0.0009,1.0117,1.0702,-0.6469,3.1795%,3.5060%,17.7557%,0.002451,INGN,14459.0,2019-03-12,252.0,-0.4570%,-0.0009,1.0161,1.071,-0.6416,3.1794%,3.5058%,17.7528%,-0.00471,INGN,14459.0,2019-03-13,252.0,1.6695%,-0.0008,1.0209,1.062,-0.6385,3.1806%,3.5071%,17.7511%,0.0136359999999999,INGN,-0.232615,-0.250349,-0.2757239999999999,-0.294104,-0.322166
12267,INTRA CELLULAR THERAPIES INC,Intra-Cellular Therapies Inc. Q4 EPS $(0.75) Beats $(0.91) Estimate,6,increase,0.7,0.6,"the company reported a smaller loss than expected, which may positively influence investor sentiment and lead to an increase in stock price.",2,2019-02-27,ITCI,2019-02-27 12:41:00+00:00,14432.0,46116X10,0.0666162073612213,523102.0,-0.0333570092916488,0.0060929111205041,0.016886968165636,-0.0259643495082855,-0.0216606631875038,0.0353301912546157,-0.0051660994067788,-0.0283581465482711,-0.0675074085593223,-0.0096082864329218,0.0087510431185364,-0.0314961001276969,-0.0205047503113746,0.0256975311785936,0.0217390898615121,0.0029455053154379,0.0323089696466922,0.0022140024229884,0.0129771046340465,0.0327744148671627,0.0060286298394203,-0.0267062075436115,0.0052434224635362,0.0266564674675464,-0.0447094179689884,0.0045906980521976,-0.0101404143497347,-0.0217065848410129,-0.0070921354927122,0.060317400842905,0.0317460000514984,0.0378912724554538,-0.0738461539149284,0.0083056800067424,-0.015780696645379,0.0308218877762556,0.0075948690064251,0.0715596973896026,-0.0033500806894153,-0.0793919339776039,0.0336134955286979,-0.0459306761622428,-0.0097560882568359,0.0264681298285722,-0.0238095205277204,0.0289361830800771,0.0790579915046691,-0.020833333954215,-0.0288386512547731,-0.0438247174024581,0.063402883708477,-0.0047580860555171,0.0090565951541066,-0.0359327420592308,-0.0082273492589592,-0.0128301940858364,-0.0294117908924818,0.039215687662363,0.0,-0.039186168462038,0.0038850186392664,0.0098934639245271,-0.0239938404411077,0.001524425111711,0.0023791186977177,0.0306363198906183,0.0023733964189887,0.0167730897665023,-0.0394633002579212,0.0538720823824405,0.0073952465318143,0.0312499683350324,0.0342577546834945,0.0,0.0197160877287387,0.0114135304465889,0.011600898578763,0.010647727176547,0.0298165399581193,0.0348944067955017,0.0133629804477095,-0.0162601042538881,-0.0043955654837191,0.0685328245162963,-0.030905082821846,-0.008612454868853,0.0144266951829195,-0.0669642835855484,0.0112275881692767,-0.041916150599718,0.0577349886298179,-0.0564972348511219,-0.0083974730223417,-0.037296000868082,-0.0402258075773716,-0.0501845218241214,-0.0044117956422269,-0.0531097277998924,-0.02806500159204,-0.0659268498420715,-0.0265957023948431,-0.0103359073400497,-0.0850897803902626,0.0091264266520738,0.0691125839948654,0.016567263752222,-0.0135674448683857,0.115299366414547,0.0064724860712885,-0.0209840778261423,0.0056270621716976,-0.0396108850836753,-0.017585951834917,-0.0041522122919559,0.0374288074672222,0.0034722355194389,0.0258823465555906,-0.0691661685705185,0.0160550493746995,0.0720720663666725,-0.0333570092916488,0.0060929111205041,-0.0170333398800217,-0.020029636861637,-0.0383250496294261,0.0145929034918965,-0.1078779576730891,-0.023651120611945,-0.05819728015703,0.0068597716661953,-0.0865862529129697,-0.0045215033230914,-0.0567778726802725,-0.0845460949621815,2019-02-28,2019-03-01,2019-03-04,2019-03-05,2019-03-06,2019-03-07,2019-03-08,2019-03-11,2019-03-12,2019-03-13,14432.0,2019-02-27,252.0,6.6616%,-0.0015,1.5022,2.573,-0.4357,2.9777%,3.7578%,37.2092%,0.059835,ITCI,14432.0,2019-02-28,252.0,-3.3357%,-0.0017,1.5199,2.5842,-0.4161,2.9800%,3.7634%,37.3000%,-0.030404,ITCI,14432.0,2019-03-01,252.0,1.6887%,-0.0017,1.5091,2.568,-0.4322,2.9780%,3.7545%,37.0879%,-0.003305,ITCI,14432.0,2019-03-04,252.0,-2.1661%,-0.0014,1.4738,2.6853,-0.4231,2.9393%,3.7322%,37.9766%,-0.001946,ITCI,14432.0,2019-03-05,252.0,-0.5166%,-0.002,1.4351,2.3884,-0.453,2.7415%,3.4906%,38.3167%,0.0045579999999999,ITCI,14432.0,2019-03-06,252.0,-6.7507%,-0.0021,1.4477,2.4336,-0.4326,2.7451%,3.5154%,39.0262%,-0.0252669999999999,ITCI,14432.0,2019-03-07,252.0,0.8751%,-0.002,1.4347,2.4146,-0.4553,2.7480%,3.5106%,38.7239%,0.020808,ITCI,14432.0,2019-03-08,252.0,-2.0505%,-0.002,1.4362,2.4286,-0.4536,2.7490%,3.5122%,38.7362%,-0.01942,ITCI,14432.0,2019-03-11,252.0,2.1739%,-0.002,1.432,2.4149,-0.4593,2.7488%,3.5139%,38.8080%,-0.0108519999999999,ITCI,14432.0,2019-03-12,252.0,3.2309%,-0.0021,1.3999,2.405,-0.5003,2.7461%,3.5013%,38.4846%,0.035033,ITCI,14432.0,2019-03-13,252.0,1.2977%,-0.002,1.4041,2.4033,-0.4961,2.7472%,3.5023%,38.4736%,0.011464,ITCI,0.029431,0.026126,0.02418,0.003471,0.040504
12275,ITRON INC,"Itron Sees FY19 Adj. EPS $2.35-$2.75 vs $3.31 Est., Sales $2.35B-$2.75B vs $2.49B Est.",6,decrease,0.8,0.7,"itron's adjusted eps and sales guidance are both below analyst estimates, which typically leads to a negative reaction in stock prices.",0,2019-02-27,ITRI,2019-02-27 21:39:00+00:00,79839.0,46574110,0.0170135237276554,250502.0,-0.1390287727117538,-0.0018136950675398,-0.030371569097042,-0.0133398352190852,-0.0077821305021643,0.0091939149424433,-0.0192156769335269,-0.0134435016661882,-0.0045981514267623,0.0184757970273494,-0.0088371643796563,0.0084844175726175,-0.0072947680018842,0.0105918133631348,0.0149009907618165,-0.0021808601450175,0.0082461750134825,0.0110244490206241,0.0067823687568306,0.0207756366580724,-0.0245690830051899,0.0104968240484595,0.0050782044418156,0.0043929009698331,0.0062651853077113,-0.0223329197615385,0.0050210882909595,0.0153496814891696,0.0091926278546452,0.0199253298342227,0.0136633394286036,0.0208862628787756,-0.0574330687522888,0.0078711388632655,-0.0184455830603838,0.024760827422142,-0.0133023876696825,0.0206778068095445,-0.0106997648254036,-0.0024828317109495,0.00389358215034,-0.0271274447441101,0.0051713353022933,0.0220281016081571,0.020364349707961,0.0126923043280839,-0.0172268841415643,-0.0179414674639701,0.0113296834751963,-0.0280836783349514,-0.01120276004076,0.0177470725029707,0.02778971940279,-0.0061270296573638,-0.0024958972353488,0.0353710129857063,-0.0066722207702696,0.0003846241743303,0.0012594746658578,-0.0023023586254566,-0.0023060925304889,0.0046260189265012,0.023534333333373,0.018653068691492,0.0024636161979287,0.029096757993102,0.0167929474264383,0.0102061638608574,0.012688766233623,0.0101031269878149,-0.0031821767333894,0.0484220013022422,-0.0105745969340205,-0.0376534499228,0.0364993214607238,0.016493946313858,0.0064201946370303,0.0055284318514168,-0.0208775959908962,-0.0088514639064669,0.0268508736044168,0.0128068793565034,0.0151894045993685,0.0502129085361957,0.0162878911942243,-0.0375404097139835,-0.0285128355026245,-0.0319549404084682,-0.0109341964125633,-0.0056074857711791,0.0310317780822515,-0.0179481394588947,0.0058314781635999,0.024232292547822,0.2143257707357407,-0.0467941500246524,-0.0500539056956768,-0.0357142947614193,-0.010862547904253,-0.0184696484357118,-0.0231109634041786,0.0164751075208187,-0.0441274717450141,0.0024966597557067,-0.0078989071771502,0.0015387192834168,0.0086694592610001,-0.0221929010003805,0.0306963697075843,0.0166347790509462,-0.0321647301316261,-0.0601977035403251,-0.0052751759067177,0.0275111086666584,0.0222733281552791,0.001849768217653,-0.0069168512709438,0.0123595474287867,-0.0163677278906106,0.0503540784120559,-0.1390287727117538,-0.0018136950675398,-0.1651778198319039,-0.0151293358932863,-0.1716745149840733,-0.0060745187781815,-0.1913269278935181,-0.0013196628124315,-0.1802825826358866,0.048130240457219,-0.2252720341542613,0.1615503111609748,-0.0825076856619574,0.1907946645581546,2019-02-28,2019-03-01,2019-03-04,2019-03-05,2019-03-06,2019-03-07,2019-03-08,2019-03-11,2019-03-12,2019-03-13,79839.0,2019-02-27,252.0,1.7014%,-0.0006,1.2978,0.8058,-0.0475,1.4526%,2.0664%,50.5793%,0.014168,ITRI,79839.0,2019-02-28,252.0,-13.9029%,-0.0012,1.3384,0.8291,0.0134,1.6747%,2.2432%,44.2606%,-0.135385,ITRI,79839.0,2019-03-01,252.0,-3.0372%,-0.0014,1.3347,0.8236,0.0268,1.6938%,2.2499%,43.3222%,-0.042449,ITRI,79839.0,2019-03-04,252.0,-0.7782%,-0.0017,1.3675,0.7115,0.0191,1.6331%,2.2154%,45.6629%,0.002258,ITRI,79839.0,2019-03-05,252.0,-1.9216%,-0.0017,1.3727,0.7435,0.0276,1.6328%,2.2181%,45.8121%,-0.01473,ITRI,79839.0,2019-03-06,252.0,-0.4598%,-0.0015,1.3798,0.6944,0.0289,1.6276%,2.2161%,46.0576%,0.0162,ITRI,79839.0,2019-03-07,252.0,-0.8837%,-0.0015,1.3802,0.7056,0.0327,1.6266%,2.2166%,46.1535%,0.002968,ITRI,79839.0,2019-03-08,252.0,-0.7295%,-0.0015,1.3812,0.697,0.0347,1.6259%,2.2152%,46.1274%,-0.004646,ITRI,79839.0,2019-03-11,252.0,1.4901%,-0.0015,1.3781,0.6858,0.0298,1.6255%,2.2171%,46.2492%,-0.008098,ITRI,79839.0,2019-03-12,252.0,0.8246%,-0.0015,1.3746,0.6828,0.0246,1.6260%,2.2116%,45.9455%,0.0066549999999999,ITRI,79839.0,2019-03-13,252.0,0.6782%,-0.0015,1.3753,0.6752,0.0235,1.6249%,2.2110%,45.9903%,-0.00049,ITRI,-0.121217,-0.163666,-0.161408,-0.159938,-0.163549
12283,ITRON INC,"Itron Q4 Adj. EPS $0.88 Beats $0.68 Estimate, Sales $587.044M Miss $593.16M Estimate",6,uncertain,0.7,0.2,"while itron's adjusted eps beat estimates, the miss on sales could create mixed reactions among investors, leading to uncertainty in the stock price movement.",1,2019-02-27,ITRI,2019-02-27 21:39:00+00:00,79839.0,46574110,0.0170135237276554,250502.0,-0.1390287727117538,-0.0018136950675398,-0.030371569097042,-0.0133398352190852,-0.0077821305021643,0.0091939149424433,-0.0192156769335269,-0.0134435016661882,-0.0045981514267623,0.0184757970273494,-0.0088371643796563,0.0084844175726175,-0.0072947680018842,0.0105918133631348,0.0149009907618165,-0.0021808601450175,0.0082461750134825,0.0110244490206241,0.0067823687568306,0.0207756366580724,-0.0245690830051899,0.0104968240484595,0.0050782044418156,0.0043929009698331,0.0062651853077113,-0.0223329197615385,0.0050210882909595,0.0153496814891696,0.0091926278546452,0.0199253298342227,0.0136633394286036,0.0208862628787756,-0.0574330687522888,0.0078711388632655,-0.0184455830603838,0.024760827422142,-0.0133023876696825,0.0206778068095445,-0.0106997648254036,-0.0024828317109495,0.00389358215034,-0.0271274447441101,0.0051713353022933,0.0220281016081571,0.020364349707961,0.0126923043280839,-0.0172268841415643,-0.0179414674639701,0.0113296834751963,-0.0280836783349514,-0.01120276004076,0.0177470725029707,0.02778971940279,-0.0061270296573638,-0.0024958972353488,0.0353710129857063,-0.0066722207702696,0.0003846241743303,0.0012594746658578,-0.0023023586254566,-0.0023060925304889,0.0046260189265012,0.023534333333373,0.018653068691492,0.0024636161979287,0.029096757993102,0.0167929474264383,0.0102061638608574,0.012688766233623,0.0101031269878149,-0.0031821767333894,0.0484220013022422,-0.0105745969340205,-0.0376534499228,0.0364993214607238,0.016493946313858,0.0064201946370303,0.0055284318514168,-0.0208775959908962,-0.0088514639064669,0.0268508736044168,0.0128068793565034,0.0151894045993685,0.0502129085361957,0.0162878911942243,-0.0375404097139835,-0.0285128355026245,-0.0319549404084682,-0.0109341964125633,-0.0056074857711791,0.0310317780822515,-0.0179481394588947,0.0058314781635999,0.024232292547822,0.2143257707357407,-0.0467941500246524,-0.0500539056956768,-0.0357142947614193,-0.010862547904253,-0.0184696484357118,-0.0231109634041786,0.0164751075208187,-0.0441274717450141,0.0024966597557067,-0.0078989071771502,0.0015387192834168,0.0086694592610001,-0.0221929010003805,0.0306963697075843,0.0166347790509462,-0.0321647301316261,-0.0601977035403251,-0.0052751759067177,0.0275111086666584,0.0222733281552791,0.001849768217653,-0.0069168512709438,0.0123595474287867,-0.0163677278906106,0.0503540784120559,-0.1390287727117538,-0.0018136950675398,-0.1651778198319039,-0.0151293358932863,-0.1716745149840733,-0.0060745187781815,-0.1913269278935181,-0.0013196628124315,-0.1802825826358866,0.048130240457219,-0.2252720341542613,0.1615503111609748,-0.0825076856619574,0.1907946645581546,2019-02-28,2019-03-01,2019-03-04,2019-03-05,2019-03-06,2019-03-07,2019-03-08,2019-03-11,2019-03-12,2019-03-13,79839.0,2019-02-27,252.0,1.7014%,-0.0006,1.2978,0.8058,-0.0475,1.4526%,2.0664%,50.5793%,0.014168,ITRI,79839.0,2019-02-28,252.0,-13.9029%,-0.0012,1.3384,0.8291,0.0134,1.6747%,2.2432%,44.2606%,-0.135385,ITRI,79839.0,2019-03-01,252.0,-3.0372%,-0.0014,1.3347,0.8236,0.0268,1.6938%,2.2499%,43.3222%,-0.042449,ITRI,79839.0,2019-03-04,252.0,-0.7782%,-0.0017,1.3675,0.7115,0.0191,1.6331%,2.2154%,45.6629%,0.002258,ITRI,79839.0,2019-03-05,252.0,-1.9216%,-0.0017,1.3727,0.7435,0.0276,1.6328%,2.2181%,45.8121%,-0.01473,ITRI,79839.0,2019-03-06,252.0,-0.4598%,-0.0015,1.3798,0.6944,0.0289,1.6276%,2.2161%,46.0576%,0.0162,ITRI,79839.0,2019-03-07,252.0,-0.8837%,-0.0015,1.3802,0.7056,0.0327,1.6266%,2.2166%,46.1535%,0.002968,ITRI,79839.0,2019-03-08,252.0,-0.7295%,-0.0015,1.3812,0.697,0.0347,1.6259%,2.2152%,46.1274%,-0.004646,ITRI,79839.0,2019-03-11,252.0,1.4901%,-0.0015,1.3781,0.6858,0.0298,1.6255%,2.2171%,46.2492%,-0.008098,ITRI,79839.0,2019-03-12,252.0,0.8246%,-0.0015,1.3746,0.6828,0.0246,1.6260%,2.2116%,45.9455%,0.0066549999999999,ITRI,79839.0,2019-03-13,252.0,0.6782%,-0.0015,1.3753,0.6752,0.0235,1.6249%,2.2110%,45.9903%,-0.00049,ITRI,-0.121217,-0.163666,-0.161408,-0.159938,-0.163549
12291,JAZZ PHARMACEUTICALS PLC,Jazz Pharmaceuticals shares are trading higher after the company beat Q4 sales and EPS estimates; the company also provided FY19 sales guidance above analyst estimates.,6,increase,0.85,0.7,"beating sales and eps estimates, along with providing positive sales guidance, typically boosts investor confidence and can lead to an increase in stock price.",2,2019-02-27,JAZZ,2019-02-27 16:46:00+00:00,92096.0,G5087110,0.0788196548819542,1542395.0,0.0159616693854332,0.0119604133069515,-0.0074984151870012,0.0019045937806367,-0.0323787592351436,0.0063892905600368,0.0099643934518098,-0.0123836547136306,-0.0008835986373014,-0.0015750871971249,0.001326513942331,0.008337989449501,-0.0247277040034532,0.0048675439320504,0.0036220625042915,0.0079626627266407,0.0063910232856869,0.0206879917532205,0.0102353012189269,-0.0186110623180866,-0.0031060357578098,-0.0076750805601477,0.0141691658645868,7.997230568435043e-05,-0.0165314134210348,-0.0212849304080009,0.0081815253943204,-0.0056026270613074,-0.01460712403059,-0.0013210924807935,0.0184172447770834,0.0025709900073707,0.0041903061792254,0.0195409227162599,0.002342547988519,0.0031875171698629,-0.0027753789909183,0.0041609718464314,0.0054928963072597,0.0018438621191307,0.0207590237259864,-0.0172536242753267,0.02005136013031,0.0095442365854978,-6.991610280238092e-05,-0.0178110394626855,-0.0156709495931863,-0.0050521460361778,-0.0056858784519135,-0.0031765990424901,0.0225875899195671,0.0131879104301333,0.0099258925765752,-0.006085657980293,-0.0065752835944294,0.0013281106948852,-0.0239671319723129,0.0058939098380506,0.0071382685564458,-0.0124175865203142,-0.0091430526226758,-0.0124922571703791,-0.0191702991724014,-0.0063209338113665,0.00926199182868,0.0252185799181461,-0.0179926697164773,-0.0052810865454375,-0.0604856051504612,7.762723544146866e-05,0.005952397827059,0.0217442885041236,-0.0192307792603969,0.0070327250286936,0.0302452761679887,0.00943851377815,-0.0027739298529922,0.0185702722519636,-0.0068768304772675,0.0032975587528198,0.019139552488923,-0.0071211848407983,0.0004580315726343,0.0154600664973259,-0.0097672548145055,0.0376918651163578,-0.0011559616541489,-0.1129303351044655,-0.0003856487746816,-0.0081954915076494,0.0212240479886531,-0.046799287199974,0.0037030698731541,-0.0017330166883766,-0.0313229709863662,-0.0147267505526542,0.0928099751472473,-0.0108374981209635,-0.0050500850193202,0.0091613419353961,-0.0050758272409439,0.0030630622059106,-0.0242868792265653,0.0052274330519139,0.0037558714393526,-0.0107671907171607,0.0147468410432338,-0.0162369459867477,0.0076639256440103,-0.0079501830041408,-0.0015067192725837,-0.0280205160379409,-0.005964370444417,-0.0157406721264123,0.011421974748373,0.0249457191675901,0.0072188870981335,0.0074439095333218,-0.0248367879539728,-0.0233442280441522,0.0159616693854331,0.0119604133069515,0.0083435669743023,0.0138877868163864,-0.0243053466070645,0.0203658104816291,-0.0154538541854468,0.0061426900565264,-0.0189363734425788,0.0293264529025518,0.0236522889902803,-0.0084594792782118,-0.0029747011852625,-0.1478689523817932,2019-02-28,2019-03-01,2019-03-04,2019-03-05,2019-03-06,2019-03-07,2019-03-08,2019-03-11,2019-03-12,2019-03-13,92096.0,2019-02-27,252.0,7.8820%,-0.0001,0.6631,0.5389,0.301,1.8235%,1.9528%,12.8072%,0.077494,JAZZ,92096.0,2019-02-28,252.0,1.5962%,-0.0,0.651,0.5312,0.2878,1.8246%,1.9492%,12.3726%,0.018562,JAZZ,92096.0,2019-03-01,252.0,-0.7498%,-0.0001,0.6588,0.5429,0.3058,1.8230%,1.9493%,12.5322%,-0.012665,JAZZ,92096.0,2019-03-04,252.0,-3.2379%,-0.0001,0.65,0.5974,0.3024,1.8240%,1.9517%,12.6618%,-0.028064,JAZZ,92096.0,2019-03-05,252.0,0.9964%,-0.0001,0.6487,0.5966,0.2964,1.8258%,1.9524%,12.5499%,0.013557,JAZZ,92096.0,2019-03-06,252.0,-0.0884%,-0.0001,0.6392,0.5759,0.2829,1.8265%,1.9505%,12.3088%,0.011874,JAZZ,92096.0,2019-03-07,252.0,0.1327%,-0.0,0.6347,0.5693,0.275,1.8270%,1.9494%,12.1636%,0.0078149999999999,JAZZ,92096.0,2019-03-08,252.0,-2.4728%,-0.0001,0.6379,0.5694,0.28,1.8328%,1.9555%,12.1515%,-0.0232379999999999,JAZZ,92096.0,2019-03-11,252.0,0.3622%,-0.0002,0.6339,0.5831,0.2899,1.8298%,1.9529%,12.2056%,-0.006566,JAZZ,92096.0,2019-03-12,252.0,0.6391%,-0.0003,0.6154,0.584,0.269,1.8248%,1.9424%,11.7493%,0.006581,JAZZ,92096.0,2019-03-13,252.0,1.0235%,-0.0003,0.6183,0.574,0.2698,1.8246%,1.9424%,11.7596%,0.0076139999999999,JAZZ,0.096056,0.083391,0.055327,0.080758,0.072964
12299,HUNT J B TRANSPORT SERVICES INC,Hound Labs Announces Positive Results Of Second Clinical Trial Of THC Breathalyzer,6,uncertain,0.5,0.5,"the announcement of a thc breathalyzer may have mixed implications for hunt j b transport services inc, depending on how it affects regulations and operational practices in the transportation industry.",1,2019-02-27,JBHT,2019-02-27 16:15:00+00:00,42877.0,44565810,-0.0091666467487812,461086.0,0.0061676106415688,0.0056802364997565,-0.0041794087737798,-0.0157639198005199,-0.0105391237884759,-0.0209959298372268,-0.0305400881916284,-0.0205642320215702,0.0037919241003692,-0.0001757019927026,-0.0129794301465153,0.0019368010107427,-0.0011776520404964,0.0132012823596596,0.0278050880879163,0.0093634724617004,-0.0068827187642455,-0.0037671376485377,0.01472710352391,0.016966164112091,-0.0121418973430991,0.0032027678098529,-0.0080660302191972,0.0037659229710698,0.0080347936600446,0.0045103402808308,-0.0348602458834648,-0.0080350376665592,-0.0080596767365932,0.0081001222133636,0.0037114566657692,0.0075118015520274,-0.0251848567277193,0.0073804268613457,-0.0097396411001682,0.000560829648748,0.0155295580625534,0.0160509292036294,0.0102966884151101,0.0080421632155776,0.0189707856625318,0.0008623643079772,0.0030698906630277,0.0160646624863147,0.0213248692452907,0.008047891780734,-0.0022232551127672,-0.0184008050709962,0.0031001714523881,-0.0217698384076356,0.0071469754911959,0.0619495846331119,0.0038358413148671,0.0306343603879213,-0.0064004408195614,-0.0013391519896686,-0.0097106248140335,-0.0094888303428888,-0.0060194442048668,0.0054370001889765,0.0226606726646423,0.0039135417900979,0.0189112070947885,0.0013405925128608,-0.0110611198469996,0.0113684190437197,-0.0494786836206913,0.028314022347331,-0.0176505446434021,-0.0012853764928877,-0.0131966602057218,0.0271757207810878,0.014504718594253,-0.0252037588506937,-0.0063882060348987,0.0021495802793651,0.0052046347409486,-0.0020379966590553,-0.0167512837797403,-0.0060767554678022,0.0151781234890222,0.0123030366376042,-0.0275630503892898,0.0449983701109886,-0.0118188187479972,-0.0239956006407737,-0.0282600093632936,-0.0170940365642309,0.031913798302412,0.0058766016736626,0.0156646445393562,-0.0179544761776924,0.0073989066295325,-0.0011742166243493,-0.0070342435501515,0.010680740699172,-0.007396594621241,-0.0331699214875698,0.0012594746658578,-0.0247202459722757,-0.003563982900232,-0.0036489013582468,-0.0159898661077022,-0.0125112598761916,0.0223433431237936,0.000701195152942,-0.0009410890052095,-0.0347095020115375,0.0105715105310082,0.0278247352689504,-0.0054894499480724,-0.0417103581130504,0.0152052361518144,-0.0126927271485328,-0.017747264355421,0.001129543990828,-0.0294516943395137,-0.0220913253724575,-0.0204455126076936,0.0254860948771238,0.0061676106415688,0.0056802364997565,0.0019624249017604,-0.0101732260933935,-0.0085973811256807,-0.0309555595893452,-0.0352303911265676,-0.0510499760117174,-0.0148584607858225,-0.0148681697643889,-0.0432670307344328,0.1105654300793055,-0.1469909100745317,0.0218795501519233,2019-02-28,2019-03-01,2019-03-04,2019-03-05,2019-03-06,2019-03-07,2019-03-08,2019-03-11,2019-03-12,2019-03-13,42877.0,2019-02-27,252.0,-0.9167%,-0.0004,0.964,0.5097,0.4517,1.2242%,1.5602%,38.4292%,-0.010555,JBHT,42877.0,2019-02-28,252.0,0.6168%,-0.0004,0.9578,0.5058,0.4447,1.2251%,1.5554%,37.9650%,0.010083,JBHT,42877.0,2019-03-01,252.0,-0.4179%,-0.0004,0.954,0.5002,0.4437,1.2267%,1.5520%,37.5242%,-0.0108539999999999,JBHT,42877.0,2019-03-04,252.0,-1.0539%,-0.0004,0.9577,0.4925,0.4417,1.2264%,1.5534%,37.6641%,-0.0053979999999999,JBHT,42877.0,2019-03-05,252.0,-3.0540%,-0.0005,0.9608,0.4998,0.4535,1.2368%,1.5619%,37.2951%,-0.026415,JBHT,42877.0,2019-03-06,252.0,0.3792%,-0.0003,0.9709,0.4467,0.4578,1.2241%,1.5549%,38.0195%,0.017889,JBHT,42877.0,2019-03-07,252.0,-1.2979%,-0.0004,0.9715,0.4438,0.4577,1.2241%,1.5556%,38.0745%,-0.003284,JBHT,42877.0,2019-03-08,252.0,-0.1178%,-0.0004,0.9714,0.4425,0.4575,1.2242%,1.5554%,38.0611%,0.001426,JBHT,42877.0,2019-03-11,252.0,2.7805%,-0.0003,0.9788,0.4478,0.4567,1.2275%,1.5656%,38.5306%,0.014028,JBHT,42877.0,2019-03-12,252.0,-0.6883%,-0.0004,0.97,0.453,0.4487,1.2268%,1.5571%,37.9240%,-0.007801,JBHT,42877.0,2019-03-13,252.0,1.4727%,-0.0003,0.9729,0.4555,0.4524,1.2271%,1.5593%,38.0751%,0.009132,JBHT,-0.000472,-0.011326,-0.016724,-0.0252499999999999,-0.0117489999999999
12307,JOHN BEAN TECHNOLOGIES CORP,"Wells Fargo Maintains Outperform on John Bean Technologies, Raises Price Target to $110",6,increase,0.8,0.6,maintaining an 'outperform' rating and raising the price target typically signals positive sentiment and potential for stock price appreciation.,2,2019-02-27,JBT,2019-02-27 13:06:00+00:00,92729.0,47783910,0.0370568595826625,530166.0,-0.0323247425258159,0.0454596951603889,0.0022412671241909,0.0167349874973297,0.0154402824118733,-0.0188763812184333,-0.0074454601854085,0.0087887188419699,-0.0227152667939662,0.0192948244512081,-0.0104978485032916,0.0057756728492677,-0.0259214993566274,0.0392556600272655,0.0221199337393045,0.0117818685248494,-0.0109853893518447,0.0172989182174205,0.0148839717730879,0.0414361245930194,0.0030644496437162,-0.0160800740122795,-0.0058919903822243,-0.0282971877604723,0.0206343680620193,-0.0237809661775827,0.0017206545453518,0.0158614329993724,-0.0246913898736238,0.0131025649607181,0.0242157913744449,0.0195337496697902,-0.0739387944340705,-0.0011329804547131,0.0029012418817728,0.0053151836618781,0.0388798974454402,-0.0097745163366198,0.0052350326441228,0.0229457877576351,0.0179501697421073,-0.0057353675365448,0.000217662382056,0.0042237532325088,0.0166503302752971,0.012702471576631,0.0004281836445443,-0.0033587666694074,0.0056708622723817,-0.020126536488533,0.0210661068558692,0.0104886116459965,0.0187558140605688,0.0083838710561394,-0.0011250177631154,0.0234983339905738,-0.0080892983824014,-0.0227067749947309,0.017342833802104,-0.0092036454007029,0.0108574293553829,0.0057856077328324,0.0201766155660152,0.0187295395880937,0.005313400644809,0.0128681510686874,-0.0034256482031196,0.0283764544874429,0.009919486939907,0.0024617109447717,0.0086550554260611,0.0498205460608005,-0.0081951254978775,-0.0188758466392755,0.0019441717304289,-0.0114190187305212,-0.0103812916204333,0.036668125540018,-0.0296078100800514,-0.0083035342395305,0.0162658412009477,0.0012900850269943,0.012625552713871,0.0390229783952236,0.0778519585728645,-0.0307492036372423,0.0122050857171416,0.0189760699868202,-0.0116080353036522,-0.0150679992511868,0.0445193648338317,-0.021409360691905,-0.0047067105770111,0.0196617115288972,-0.0119975721463561,-0.0220557767897844,-0.0207409709692001,-0.015703110024333,-0.0076032215729355,-0.0198855772614479,-0.0074790194630622,0.0147892152890563,-0.0060650249943137,-0.0209743306040763,0.0075813578441739,-0.009648903273046,0.0276196952909231,-0.0402572005987167,0.022412734106183,0.0219505541026592,-0.0207860022783279,-0.0763627588748931,0.0011594474781304,-0.0020595851819962,-0.0001781438186299,0.0112717244774103,-0.0331462137401104,-0.0075388513505458,-0.0431694500148296,0.0722294822335243,-0.0323247425258159,0.0454596951603889,-0.030155923784346,0.0629554500878601,-0.0151812573520939,0.0428906977937904,-0.044717548498232,0.0723556139092747,-0.0553662460264527,0.2015185171711468,0.0188645810398351,0.1935318764839313,0.0734075227405068,0.2190614825682415,2019-02-28,2019-03-01,2019-03-04,2019-03-05,2019-03-06,2019-03-07,2019-03-08,2019-03-11,2019-03-12,2019-03-13,92729.0,2019-02-27,252.0,3.7057%,-0.0005,1.1678,0.5539,0.6338,2.5890%,2.8341%,16.5489%,0.035632,JBT,92729.0,2019-02-28,252.0,-3.2325%,-0.0003,1.1351,0.5306,0.6163,2.5554%,2.7886%,16.0217%,-0.0273309999999999,JBT,92729.0,2019-03-01,252.0,0.2241%,-0.0003,1.1392,0.5367,0.625,2.5551%,2.7881%,16.0211%,-0.005095,JBT,92729.0,2019-03-04,252.0,1.5440%,-0.0003,1.1388,0.519,0.6295,2.5584%,2.7898%,15.8997%,0.020984,JBT,92729.0,2019-03-05,252.0,-0.7445%,-0.0003,1.139,0.5194,0.6304,2.5584%,2.7892%,15.8623%,-0.00248,JBT,92729.0,2019-03-06,252.0,-2.2715%,-0.0003,1.1476,0.5281,0.6413,2.5579%,2.7928%,16.1164%,-0.006946,JBT,92729.0,2019-03-07,252.0,-1.0498%,-0.0003,1.1445,0.5159,0.6337,2.5571%,2.7911%,16.0627%,0.001308,JBT,92729.0,2019-03-08,252.0,-2.5921%,-0.0004,1.1473,0.5192,0.6381,2.5609%,2.7957%,16.0900%,-0.022674,JBT,92729.0,2019-03-11,252.0,2.2120%,-0.0004,1.1504,0.5316,0.6435,2.5605%,2.7987%,16.2971%,0.006384,JBT,92729.0,2019-03-12,252.0,-1.0985%,-0.0005,1.1442,0.5381,0.6391,2.5612%,2.7945%,15.9978%,-0.011948,JBT,92729.0,2019-03-13,252.0,1.4884%,-0.0005,1.1475,0.5221,0.6389,2.5598%,2.7941%,16.0667%,0.008224,JBT,0.008301,0.003206,0.02419,0.014764,-0.0039419999999999
12315,J D COM INC,A Preview Of JD.com's Q4 Earnings,6,uncertain,0.5,0.5,the preview of jd.com's q4 earnings could lead to varying investor reactions depending on the actual results and market expectations.,1,2019-02-27,JD,2019-02-27 18:35:00+00:00,14655.0,47215P10,-0.0233170688152313,22981673.0,0.0670003816485405,0.0152729898691177,0.0368098318576812,0.0092485453933477,0.0055690864101052,0.0692212730646133,0.01592249982059,-0.0166126359254121,-0.0109028853476047,0.0016234138747677,-0.0409920960664749,0.0283806473016738,-0.0283764693886041,-0.0152075970545411,0.0210721492767334,-0.0113775162026286,0.0177407581359148,-0.0028362923767417,0.0007114390027709,0.0164744481444358,-0.0085318088531494,0.0120884086936712,0.0014342386275529,0.000417023722548,0.0075187641195952,-0.045002032071352,0.0060412255115807,-0.0121951010078191,-0.0081243216991424,0.0465211644768714,0.0242165345698595,-0.0138042327016592,-0.0264255981892347,-0.0088531672954559,0.0139285493642091,0.008522767573595,0.0147939445450902,0.0476190000772476,0.0121485730633139,-0.0084316553547978,0.0085733886808156,0.0038087242282927,0.0251615028828382,0.0692307129502296,0.0368159413337707,0.0059172087348997,-0.0310300476849079,0.0133763374760747,0.0006602360517717,-0.0679277703166008,-0.0019795270636677,0.050587210804224,0.032727263867855,-0.0085087567567825,-0.014404572546482,0.003595502115786,0.003572546178475,0.0095280883833765,-0.0236245803534984,-0.0367132127285003,0.0009943880140781,-0.0222222413867712,0.0122516201809048,-0.0122414901852607,-0.0297677423804998,0.0322439968585968,0.0084288604557514,0.0083480020985007,-0.0020060001406818,0.0220026839524507,0.0053601288236677,0.0943489000201225,-0.0119960214942693,-0.0432534106075763,0.0043845218606293,0.0162446312606334,-0.004029578063637,-0.035928089171648,-0.0144976498559117,0.0004607521404977,-0.0034211557358503,0.0284360367804765,0.0252317413687706,0.0683544501662254,0.0135610476136207,-0.0630929768085479,-0.0023125105071812,0.0587644428014755,-0.0069536748342216,-0.0128904422745108,0.0020006489939987,-0.0413498468697071,-0.0449250750243663,-0.0145198814570903,-0.0547038875520229,-0.036986906081438,-0.0088462876155972,-0.0237780287861824,0.0230569299310445,0.0374600142240524,0.0239912699908018,0.0468675047159194,0.000354995689122,0.0195026621222496,0.0528743714094162,-0.0200668927282095,0.0259521547704935,-0.0141309108585119,0.0006569825927726,-0.0102564664557576,-0.0377544201910495,-0.0254429560154676,-0.0324121080338954,0.036740493029356,0.0243299938738346,0.0123986760154366,-0.0282271839678287,-0.0191767942160368,-0.0541976206004619,0.0259116608649492,0.0670003816485405,0.0152729898691177,0.106276486289105,0.024662788202562,0.1124374356347166,0.0955912508638796,0.1178283222243024,0.0791396431262794,0.0831728895000181,0.0951400071938957,0.1617251043827472,0.162150391042029,0.0281094160642032,0.2759116969481212,2019-02-28,2019-03-01,2019-03-04,2019-03-05,2019-03-06,2019-03-07,2019-03-08,2019-03-11,2019-03-12,2019-03-13,14655.0,2019-02-27,252.0,-2.3317%,-0.0027,1.3724,-0.1085,-0.9741,2.3885%,2.9708%,35.3576%,-0.025632,JD,14655.0,2019-02-28,252.0,6.7000%,-0.0023,1.349,-0.1222,-1.0078,2.4282%,2.9946%,34.2527%,0.068741,JD,14655.0,2019-03-01,252.0,3.6810%,-0.0023,1.3642,-0.0996,-0.9961,2.4314%,3.0043%,34.5009%,0.023331,JD,14655.0,2019-03-04,252.0,0.5569%,-0.0022,1.3616,-0.1077,-0.9917,2.4341%,3.0023%,34.2688%,0.016059,JD,14655.0,2019-03-05,252.0,1.5922%,-0.0019,1.3731,-0.0074,-0.9901,2.4031%,2.9871%,35.2790%,0.0154329999999999,JD,14655.0,2019-03-06,252.0,-1.0903%,-0.0018,1.3874,-0.0264,-0.9764,2.3961%,2.9857%,35.5958%,0.000844,JD,14655.0,2019-03-07,252.0,-4.0992%,-0.0019,1.4014,-0.0193,-0.9559,2.4041%,2.9961%,35.6168%,-0.032946,JD,14655.0,2019-03-08,252.0,-2.8376%,-0.0021,1.4066,-0.0492,-0.9459,2.4033%,2.9947%,35.5941%,-0.026999,JD,14655.0,2019-03-11,252.0,2.1072%,-0.0022,1.4047,-0.0362,-0.9375,2.4014%,2.9943%,35.6824%,-0.004718,JD,14655.0,2019-03-12,252.0,1.7741%,-0.0021,1.4165,-0.0456,-0.928,2.4021%,2.9963%,35.7296%,0.013288,JD,14655.0,2019-03-13,252.0,0.0711%,-0.0021,1.4147,-0.05,-0.9309,2.4017%,2.9959%,35.7335%,-0.008414,JD,0.0431089999999999,0.06644,0.082499,0.098776,0.038987
12323,ST JOE CO,"St Joe Q4 EPS $0.00 vs $(0.58) In Same Qtr. Last Year, Sales $16.3M Miss $17.3M Estimate",6,decrease,0.7,0.6,"the company reported a significant earnings improvement but still missed sales estimates, which is likely to lead to a negative reaction from investors.",0,2019-02-27,JOE,2019-02-27 21:57:00+00:00,76123.0,79014810,-0.0133333355188369,95895.0,0.0,-0.0119196726009249,0.0141570316627621,-0.0196802355349063,-0.0019035967998206,0.006811183411628,-0.0171646233648061,0.0074858968146145,-0.023932721465826,-0.0031094052828848,-0.0046388134360313,0.0062578464858233,0.0099866585806012,0.0069312951527535,0.024390235543251,-0.0037665045820176,-0.0032175155356526,0.0063171433284878,0.004519086331129,0.0031685798894613,0.0044986950233578,0.0167525298893451,0.007037725765258,-0.0064020119607448,0.0146124837920069,0.0083925183862447,0.0131496582180261,-0.0121173812076449,-0.0086526200175285,-0.010101000778377,0.0249376315623521,0.0206185355782508,-0.0298053957521915,-0.0025706915184855,0.0056427028030157,0.0150032937526702,0.0124687561765313,-0.001953107654117,0.0166256446391344,0.0065530422143638,0.0127195082604885,0.0085922088474035,-0.0137559538707137,0.0133958337828517,0.0042449785396456,0.0047106761485338,0.0018116356804966,-0.0139349726960063,0.0,-0.0072464169934391,0.0223025269806385,0.0229110606014728,0.0206368155777454,0.0122783295810222,-0.0011553177610039,0.0047977855429053,-0.0092540048062801,0.0181437712162733,0.0198482293635606,-0.0013937600888311,-0.0022895827423781,0.0184528194367885,0.0131956133991479,0.000710243533831,0.013590021058917,-0.0140055892989039,-0.0055866134352982,0.0221903696656227,-0.0140449441969394,0.037119522690773,-0.0028489595279097,0.0361538678407669,-0.0262856613844633,-0.0068754889070987,0.0070421905256807,-0.0060744057409465,0.0099067641422152,0.0045766909606754,0.0017311418196186,0.0092378668487071,0.0161289609968662,-0.0045977332629263,-0.0130385234951973,-0.0015301839448511,-0.02125209197402,-0.013584928587079,0.0240610223263502,0.0007553042960353,-0.0091690449044108,-0.0228782594203949,0.015037496574223,-0.02024582400918,-0.0068375463597476,0.0072833490557968,-0.0218015518039465,-0.0303672533482313,0.0005865237326361,-0.0084033533930778,0.0041031474247574,-0.0165289752185344,-0.0017512423219159,0.0055402270518243,-0.0111111421138048,-0.0089224511757493,0.010644607245922,0.0399714112281799,0.0,-0.0591000728309154,-0.0198946837335825,-0.0073333103209733,-0.0101492581889033,-0.0046449699439108,0.0042219357565045,0.004666646476835,0.010210215114057,-0.0176817588508129,-0.0089179323986172,-0.0071521233767271,-0.0263947527855634,0.031522486358881,0.0,-0.0119196726009249,0.0141570316627621,-0.0313653261715461,0.0122264855827733,-0.0247677777492381,-0.0289575165986589,-0.0205223823623773,0.0012870298696265,-0.0019011230012326,0.124195583258281,0.0975609446724721,0.044401520937614,0.0563380378458613,2019-02-28,2019-03-01,2019-03-04,2019-03-05,2019-03-06,2019-03-07,2019-03-08,2019-03-11,2019-03-12,2019-03-13,76123.0,2019-02-27,252.0,-1.3333%,-0.0008,0.5534,0.6141,-0.1732,1.2076%,1.4177%,27.4461%,-0.015323,JOE,76123.0,2019-02-28,252.0,0.0000%,-0.0008,0.5519,0.6131,-0.1748,1.2075%,1.4161%,27.2905%,0.00106,JOE,76123.0,2019-03-01,252.0,1.4157%,-0.0007,0.5455,0.6037,-0.1885,1.2057%,1.4124%,27.1286%,0.007616,JOE,76123.0,2019-03-04,252.0,-0.1904%,-0.0006,0.5388,0.6219,-0.1858,1.2032%,1.4098%,27.1612%,0.003993,JOE,76123.0,2019-03-05,252.0,-1.7165%,-0.0009,0.53,0.544,-0.1868,1.1649%,1.3603%,26.6629%,-0.014857,JOE,76123.0,2019-03-06,252.0,-2.3933%,-0.001,0.5302,0.5722,-0.1828,1.1659%,1.3662%,27.1809%,-0.012641,JOE,76123.0,2019-03-07,252.0,-0.4639%,-0.0011,0.5245,0.5451,-0.198,1.1573%,1.3552%,27.0780%,-0.000584,JOE,76123.0,2019-03-08,252.0,0.9987%,-0.001,0.5223,0.556,-0.2021,1.1579%,1.3567%,27.1513%,0.010442,JOE,76123.0,2019-03-11,252.0,2.4390%,-0.0009,0.5297,0.5632,-0.2018,1.1614%,1.3659%,27.6946%,0.013465,JOE,76123.0,2019-03-12,252.0,-0.3218%,-0.001,0.5213,0.5661,-0.2103,1.1599%,1.3620%,27.4717%,-0.003216,JOE,76123.0,2019-03-13,252.0,0.4519%,-0.0011,0.5232,0.5476,-0.2125,1.1518%,1.3538%,27.6130%,0.002864,JOE,-0.014263,-0.0066469999999999,-0.0026539999999999,-0.0301519999999999,-0.007181
12331,NORDSTROM INC,"Nordstrom Appoints Two New Members To Its Board Of Directors: Kirsten Green, Forerunner Ventures Founder And Managing Director And Andglenda Mcneal, American Express Company Enterprise Strategic Partnerships President",6,increase,0.7,0.6,"the appointment of experienced leaders to the board may enhance investor confidence and strategic direction, potentially leading to a positive impact on the stock price.",2,2019-02-27,JWN,2019-02-27 18:52:00+00:00,57817.0,65566410,0.0366307981312274,4847619.0,0.000423200574005,0.0174068007618188,-0.010575296357274,0.0174841154366731,-0.0280033685266971,-0.010114649310708,-0.0030789396259933,-0.0113332960754632,-0.0134568847715854,-0.0055248620919883,0.0006708134897053,0.0182268545031547,-0.0111731607466936,0.0123006170615553,0.0102552585303783,-0.0159156937152147,0.002255774103105,-0.0249180197715759,0.0009003131999634,0.0085978703573346,-0.0002249187236884,-0.0024191909469664,-0.016194274649024,-0.0202542264014482,0.0102879954501986,0.0065061640925705,0.0083729978650808,-0.0109394751489162,-0.0249102469533681,0.0174596086144447,0.0071345809847116,0.0108095705509185,-0.0189670491963625,-0.0232708044350147,0.0142091922461986,0.0226971954107284,0.0043637719936668,-0.0117595195770263,0.0210382342338562,-0.0030395830981433,-0.0073908581398427,-0.0216652601957321,0.0013538216007873,0.0077054924331605,0.0117170000448823,0.0019300911808386,-0.0213809106498956,-0.0093477508053183,0.0097860787063837,-0.0094697130843997,0.026594553142786,0.035745408385992,0.0019758541602641,0.0193290989845991,-0.0124890385195612,-0.0476089715957641,-0.0199689716100692,-0.00042302152724,0.0174326580017805,-0.0021106435451656,-0.0240319985896349,0.0016913706203922,-0.0006839666748419,-0.0403733327984809,-0.0132329864427447,0.005507965106517,0.0050867334939539,0.0178571548312902,0.0082815876230597,0.0253352914005518,0.0006844348390586,-0.000638271914795,-0.0389876663684845,-0.0101095102727413,-0.0087782377377152,0.018665499985218,0.0052657066844403,0.0121607249602675,-0.0226190648972988,-0.0130733093246817,0.0082825860008597,-0.0019251370104029,-0.0137714352458715,0.0579316914081573,0.0048995777033269,-0.0029332370031625,-0.016333544626832,-0.0392369665205478,0.0029740459285676,-0.0143162002786994,-0.0044477465562522,-0.0312565118074417,0.00819056853652,0.0136383026838302,-0.0307730194181203,-0.019543319940567,0.0142240636050701,-0.0073514520190656,-0.0032557242084294,-0.0239186156541109,-0.010804028250277,0.0230423584580421,-0.0449581034481525,0.0,0.0119681060314178,-0.0064829760231077,-0.0162943210452795,-0.02623787894845,-0.0133582688868045,-0.0025580690708011,0.0043325168080627,-0.0438382253050804,0.0099757062271237,0.0052960580214858,0.0104110892862081,0.0108986562117934,-0.0924702808260917,-0.0400146916508674,-0.0157204400748014,0.028118472546339,0.000423200574005,0.0174068007618188,-0.0101565712547576,0.0351952587123949,-0.0378755215736401,0.0247246217024112,-0.0537451793557973,0.0075138149791971,-0.0511007672779337,0.0050705360319232,-0.0410719826635584,-0.0377796743422869,-0.2785634479951987,-0.1396490127791857,2019-02-28,2019-03-01,2019-03-04,2019-03-05,2019-03-06,2019-03-07,2019-03-08,2019-03-11,2019-03-12,2019-03-13,57817.0,2019-02-27,252.0,3.6631%,-0.0,0.8386,0.5999,0.4699,2.2316%,2.3900%,12.8127%,0.035185,JWN,57817.0,2019-02-28,252.0,0.0423%,0.0,0.8299,0.594,0.4626,2.2298%,2.3843%,12.5369%,0.003978,JWN,57817.0,2019-03-01,252.0,-1.0575%,-0.0001,0.8377,0.6056,0.4823,2.2291%,2.3850%,12.6421%,-0.016513,JWN,57817.0,2019-03-04,252.0,-2.8003%,-0.0001,0.8347,0.6361,0.4783,2.2325%,2.3894%,12.6968%,-0.0231959999999999,JWN,57817.0,2019-03-05,252.0,-0.3079%,-0.0003,0.8238,0.5518,0.4699,2.2121%,2.3610%,12.2182%,0.00137,JWN,57817.0,2019-03-06,252.0,-1.3457%,-0.0002,0.8391,0.5375,0.4853,2.2045%,2.3587%,12.6505%,0.000137,JWN,57817.0,2019-03-07,252.0,0.0671%,-0.0002,0.8336,0.5296,0.4758,2.2051%,2.3576%,12.5135%,0.009439,JWN,57817.0,2019-03-08,252.0,-1.1173%,-0.0001,0.8328,0.5625,0.4727,2.1977%,2.3523%,12.7142%,-0.0088849999999999,JWN,57817.0,2019-03-11,252.0,1.0255%,-0.0,0.8325,0.5463,0.4636,2.1952%,2.3505%,12.7819%,-0.00181,JWN,57817.0,2019-03-12,252.0,0.2256%,0.0,0.8471,0.5423,0.4787,2.1926%,2.3505%,12.9885%,0.001985,JWN,57817.0,2019-03-13,252.0,0.0900%,0.0,0.8458,0.5471,0.4784,2.1925%,2.3505%,12.9884%,-0.003598,JWN,0.039163,0.02265,-0.0005459999999999,0.000961,-0.0019079999999999
12339,KEYSIGHT TECHNOLOGIES INC,"Keysight Technologies Reports New Alliance With Nordsys To Combine 2 Cos. Cellular Vehicle-to-Everything, Testing Competences",6,increase,0.7,0.6,"the alliance with nordsys to enhance cellular vehicle-to-everything testing capabilities is likely to strengthen keysight technologies' market position and attract investor interest, potentially leading to a stock price increase.",2,2019-02-27,KEYS,2019-02-27 16:01:00+00:00,14939.0,49338L10,0.0021266576368361,1595140.0,-0.0048337187618017,0.0187770519405603,0.0176519118249416,0.007518830243498,-0.0077997455373406,0.008685003966093,0.0003519743913784,0.0082634203135967,-0.0001173133496195,0.0052070189267396,-0.0078592160716652,0.0034835333935916,-0.0069756912998855,0.017210841178894,0.0120252668857574,0.0015208505792543,-0.0012941248714923,0.0074055390432477,-0.0080103697255253,0.0039738179184496,0.013300116173923,0.0149622885510325,0.007617502938956,0.0073394174687564,-0.0027914105448871,-0.0097339386120438,0.0064147780649363,0.0186409801244735,0.0008112144423648,0.0033160897437483,0.0135479178279638,0.002793283900246,-0.0316462554037571,0.0156714897602796,0.0002359207428526,0.0098225586116313,0.0068412576802074,0.0230286326259374,-0.0004686142783612,-0.0088532213121652,0.013947520405054,0.0171661917120218,0.0079758968204259,0.005944772157818,0.0222477354109287,0.0448092073202133,0.0016827633371576,-0.0026548716705292,0.0078395893797278,-0.0255820453166961,-0.0113345561549067,0.0052008177153766,0.0052826930768787,0.0024619575124233,0.0045840344391763,0.0078820744529366,0.0030050559435039,0.0178280286490917,0.0055481577292084,0.0010410425020381,0.0082763181999325,-0.0002974170784,0.0051438501104712,0.0028328977059572,-0.0015243836678564,0.0216298270970583,-0.0128680514171719,0.0179873425513505,-0.0245248973369598,0.0410007610917091,0.017440466210246,0.062242817133665,0.0083481753244996,-0.0504721365869045,0.0185450967401266,-0.0106315016746521,0.0056356810964643,0.0324297472834587,-0.0544239990413188,0.0114381881430745,-0.0211990047246217,0.012776831164956,0.0098976027220487,0.0474660918116569,0.0034589578863233,-0.0190792959183454,-0.0134436190128326,-0.0245859418064355,0.0173538066446781,-0.0249708667397499,0.0095020243898034,-0.0107049001380801,-0.0004536279884632,0.0136894769966602,-0.0195144228637218,-0.0258578639477491,0.0038185818120837,0.0143517442047596,-0.0051872846670448,-0.0008241179748438,-0.0054461322724819,0.0191499982029199,-0.0373995006084442,-0.0013420874020084,0.0141611974686384,0.0158486757427454,0.0073994835838675,-0.0334376357495784,0.0092405965551733,-0.0044276886619627,-0.0390891171991825,-0.0229129996150732,-0.0891766771674156,0.009543839842081,0.0107296546921134,0.0048764506354928,0.0053078760392963,0.0003252106835134,-0.02903912961483,0.0353535078465938,-0.0048337187618017,0.0187770519405603,0.0127328686857699,0.0264370636500728,0.0048338100127198,0.0353516736188186,0.0050695638704829,0.0493428643209004,-0.0071917060326159,0.0849890645086162,0.0683801366746241,0.2587745683581479,-0.1327517339900439,0.4249157749133287,2019-02-28,2019-03-01,2019-03-04,2019-03-05,2019-03-06,2019-03-07,2019-03-08,2019-03-11,2019-03-12,2019-03-13,14939.0,2019-02-27,252.0,0.2127%,0.002,1.0531,0.3989,-0.4254,1.3009%,1.8259%,49.2339%,-0.000168,KEYS,14939.0,2019-02-28,252.0,-0.4834%,0.002,1.057,0.4013,-0.4215,1.3009%,1.8255%,49.2216%,-0.002812,KEYS,14939.0,2019-03-01,252.0,1.7652%,0.002,1.0588,0.404,-0.4211,1.3012%,1.8266%,49.2532%,0.007102,KEYS,14939.0,2019-03-04,252.0,-0.7800%,0.002,1.0576,0.4089,-0.421,1.3011%,1.8263%,49.2434%,0.000874,KEYS,14939.0,2019-03-05,252.0,0.0352%,0.0018,1.0474,0.3298,-0.4284,1.2694%,1.7886%,49.6256%,0.002317,KEYS,14939.0,2019-03-06,252.0,-0.0117%,0.0018,1.0365,0.3125,-0.4431,1.2691%,1.7840%,49.3969%,0.012918,KEYS,14939.0,2019-03-07,252.0,-0.7859%,0.0017,1.0296,0.2738,-0.4632,1.2522%,1.7692%,49.9088%,-0.000694,KEYS,14939.0,2019-03-08,252.0,-0.6976%,0.0017,1.0303,0.2795,-0.4624,1.2526%,1.7701%,49.9260%,-0.005725,KEYS,14939.0,2019-03-11,252.0,1.2025%,0.0017,1.0261,0.2699,-0.4657,1.2531%,1.7712%,49.9446%,-0.006827,KEYS,14939.0,2019-03-12,252.0,-0.1294%,0.0016,1.0163,0.2744,-0.4752,1.2516%,1.7636%,49.6360%,-0.0035659999999999,KEYS,14939.0,2019-03-13,252.0,-0.8010%,0.0015,1.0115,0.2751,-0.4802,1.2543%,1.7639%,49.4343%,-0.013753,KEYS,-0.00298,0.004122,0.004996,0.020231,-0.010334
12347,KINDER MORGAN INC,"Kinder Morgan Shares Appear Unaffected, Down 0.5% Wed., Following Late Tues. Filing Which Showed Open-Market Purchase Of 300K Shares By Executive Chair Richard Kinder On Feb. 25, 2019",6,uncertain,0.6,0.2,"while insider buying can be seen as a positive signal, the stock's slight decline suggests that other market factors may be influencing its price.",1,2019-02-27,KMI,2019-02-27 15:43:00+00:00,12558.0,49456B10,0.0031218198128044,9682200.0,-0.0062241097912192,-0.0041450737044215,0.0302713941782712,-0.0010352204553782,0.0055724726989865,0.0067743179388344,0.006045286078006,0.0010433207498863,0.001502287806943,0.0010444103972986,-0.0079999919980764,0.0186170414090156,-0.0055443854071199,-0.0042372844181954,0.0086163245141506,0.0074706184677779,-0.0020100004039704,0.0140692768618464,0.0060422420501708,0.0114942025393247,0.0,0.0138734737411141,-0.0055054407566785,0.0033408338204026,0.0060392012819647,-0.0055371196940541,0.003001474076882,-0.0221981517970562,0.0019950582645833,0.0059912144206464,0.0164260789752006,0.0005449716118164,-0.0254652518779039,0.0138121545314788,0.0115577662363648,0.0005528042674995,-0.0019870346877723,0.0132964504882693,-0.0054753911681473,0.008943535387516,-0.0015014404198154,0.0084554469212889,0.0030074918176978,0.0148741556331515,0.0014992846408858,0.0139211006462574,0.0004989182343706,-0.0221213512122631,-0.0079800421372056,-0.0210994482040405,0.0015083302278071,0.0163657404482364,0.0065260622650384,0.0143102463334798,-0.0054862196557223,0.0086604859679937,-0.0025075799785554,0.0052234563045203,-0.0025137877091765,0.0070133795961737,0.0040322542190551,-0.014400920830667,-0.0050200992263853,0.0057937647216022,-0.0015135610010474,0.0070012160576879,0.0010105380788445,0.0331524536013603,-0.0060574929229915,0.0215517487376928,-0.0152362184599041,0.0337364561855793,0.0330067723989486,-0.0056962119415402,0.0024962173774838,0.0273081976920366,0.0,0.0058862101286649,-0.0054781180806458,-0.014184414409101,0.0130195412784814,-0.008312027901411,-0.0059317317791283,0.0632223188877105,0.0005035361973568,-0.0552344024181366,-0.0140916295349597,0.0012861416907981,-0.0117406602948904,-0.001284489640966,0.0087809953838586,0.002575657563284,-0.0046083023771643,-0.0195707324892282,0.0061727846041321,-0.0204081591218709,0.00562375318259,-0.0146252149716019,0.003050303319469,0.0110905924811959,-0.001520465244539,0.0068237404339015,-0.0015228774864226,0.0049875262193381,0.0132181104272604,-0.0189602114260196,0.0105368327349424,-0.006682788953185,0.0139027154073119,-0.0131895216181874,-0.0102840838953852,-0.0358380898833274,0.0039585269987583,0.0134739046916365,0.0024642304051667,0.0118552958592772,0.0,0.0005931333871558,-0.0186824519187212,0.0077705364674329,-0.0062241097912192,-0.0041450737044215,0.0238588719061532,-0.005176003094712,0.0295642975174654,0.0015632509535064,0.0373443603776904,0.003655337106841,0.0363069929402053,0.0519977461606748,0.0290456158746925,0.135738847056779,0.0483017206761475,0.1615357411176536,2019-02-28,2019-03-01,2019-03-04,2019-03-05,2019-03-06,2019-03-07,2019-03-08,2019-03-11,2019-03-12,2019-03-13,12558.0,2019-02-27,252.0,0.3122%,0.001,1.0334,0.2036,0.7521,1.0827%,1.4669%,45.5218%,0.002589,KMI,12558.0,2019-02-28,252.0,-0.6224%,0.001,1.0314,0.2022,0.7512,1.0825%,1.4635%,45.2956%,-0.001281,KMI,12558.0,2019-03-01,252.0,3.0271%,0.0011,1.0287,0.1981,0.7358,1.0900%,1.4650%,44.6391%,0.025174,KMI,12558.0,2019-03-04,252.0,0.5572%,0.0011,1.0324,0.1789,0.7364,1.0893%,1.4653%,44.7367%,0.0087549999999999,KMI,12558.0,2019-03-05,252.0,0.6045%,0.0012,1.034,0.1974,0.7343,1.0872%,1.4647%,44.9055%,0.010032,KMI,12558.0,2019-03-06,252.0,0.1502%,0.0013,1.0328,0.1717,0.7295,1.0886%,1.4643%,44.7273%,0.012292,KMI,12558.0,2019-03-07,252.0,-0.8000%,0.0013,1.0353,0.1873,0.7372,1.0854%,1.4647%,45.0844%,0.002907,KMI,12558.0,2019-03-08,252.0,-0.5544%,0.0013,1.0356,0.1915,0.7373,1.0854%,1.4650%,45.1107%,-0.002197,KMI,12558.0,2019-03-11,252.0,0.8616%,0.0013,1.0331,0.1854,0.7351,1.0855%,1.4656%,45.1386%,-0.003759,KMI,12558.0,2019-03-12,252.0,-0.2010%,0.0013,1.0331,0.1876,0.7361,1.0860%,1.4609%,44.7385%,-0.003575,KMI,12558.0,2019-03-13,252.0,0.6042%,0.0013,1.0327,0.1789,0.7336,1.0831%,1.4591%,44.8999%,-0.001061,KMI,0.001308,0.026482,0.035237,0.057561,0.049876
12355,KARYOPHARM THERAPEUTICS INC,Analysts Slash KaryoPharm Price Targets By Over 50% After Adcom Setback,6,decrease,0.85,0.7,"the significant reduction in price targets by analysts following an adcom setback typically indicates a negative outlook, likely leading to a decrease in the stock price.",0,2019-02-27,KPTI,2019-02-27 16:31:00+00:00,14316.0,48576U10,-0.0965091958642005,5317164.0,-0.0613636299967765,-0.0375494174659252,0.0121064679697156,-0.0019724315498024,0.0741626694798469,-0.4347825944423676,-0.040089052170515,-0.0385851711034774,-0.0162413399666547,0.0174481831490993,-0.023584883660078,-0.0043431012891232,0.0193236544728279,0.0454029068350791,-0.0236966609954834,-0.0382095463573932,0.0825243145227432,0.0456620566546917,-0.0089686010032892,0.0162413399666547,-0.0045248824171721,-0.0204545799642801,0.0704545304179191,-0.0145576829090714,0.1273885071277618,-0.0088790142908692,0.0075329495593905,0.0078300507739186,0.0093458304181694,-0.0055617564357817,0.0777777880430221,0.0502335652709007,-0.0652921125292778,0.0106257554143667,0.0110294008627533,-0.010514035820961,0.0018182233907282,0.0388350300490856,0.0217785630375146,-0.0119904531165957,0.0124333379790186,-0.0825082510709762,0.0245614647865295,0.0088790142908692,-0.0530821792781353,0.0078300507739186,0.0090415393933653,-0.0240174960345029,0.0125448340550065,-0.0709939002990722,0.0194690506905317,0.0154479527845978,-0.0347222723066806,-0.0132113937288522,-0.0197841972112655,-0.0090634590014815,-0.0605504475533962,0.0247678775340318,0.0410156324505806,-0.0396432690322399,-0.0075046834535896,-0.0078662661835551,-0.0283554065972566,-0.0058650504797697,0.0,-0.0019512642174959,-0.0058365240693092,0.0019550791475921,-0.0567514598369598,0.0168985202908515,-0.0394190959632396,0.0770878195762634,0.0475161522626876,-0.0230125784873962,0.0268041472882032,0.020277539268136,-0.0240963622927665,0.0262869410216808,-0.0123456669971346,-0.0119047248736023,0.0104166064411401,0.0076335542835295,0.0020619030110538,0.1074879691004753,-0.0390946604311466,0.0097560882568359,0.0064239255152642,-0.0755355209112167,0.025531992316246,-0.0033707567490637,-0.0020747361704707,-0.0283843055367469,0.0207900013774633,-0.0368034057319164,-0.034623235464096,-0.0114344758912921,-0.0063290577381849,-0.0193680450320243,-0.0169851221144199,-0.061243962496519,0.0,0.014563069678843,-0.0669546276330947,0.0198019612580537,0.0740740001201629,0.0089910244569182,0.0323276072740554,-0.0176643133163452,-0.0208768062293529,-0.0350379571318626,-0.0106610218062996,-0.036496315151453,0.1077586263418198,0.0538461953401565,0.0175097584724426,0.0878660231828689,0.1070745587348938,-0.0860420316457748,0.053540576249361,0.032576497644186,-0.0613636299967765,-0.0375494174659252,-0.0500000588481224,-0.0394477853600411,0.0204544727933984,-0.4570791693385644,-0.0363637099862337,-0.4689203970311943,0.0045454543304059,-0.4350347946445405,0.2113635881858011,-0.5173439150030467,0.3863635812895445,-0.5192497618985019,2019-02-28,2019-03-01,2019-03-04,2019-03-05,2019-03-06,2019-03-07,2019-03-08,2019-03-11,2019-03-12,2019-03-13,14316.0,2019-02-27,252.0,-9.6509%,-0.0038,2.133,1.5975,0.4008,4.2025%,4.8088%,23.6268%,-0.101145,KPTI,14316.0,2019-02-28,252.0,-6.1364%,-0.0041,2.1646,1.6174,0.4355,4.2069%,4.8222%,23.8912%,-0.054169,KPTI,14316.0,2019-03-01,252.0,1.2106%,-0.0042,2.1789,1.6387,0.4587,4.2041%,4.8230%,24.0157%,-0.0065169999999999,KPTI,14316.0,2019-03-04,252.0,7.4163%,-0.0041,2.1956,1.4981,0.4737,4.2286%,4.8377%,23.5974%,0.090168,KPTI,14316.0,2019-03-05,252.0,-4.0089%,-0.004,2.2084,1.5802,0.4927,4.2253%,4.8430%,23.8832%,-0.030665,KPTI,14316.0,2019-03-06,252.0,-1.6241%,-0.0041,2.1743,1.5469,0.4496,4.2193%,4.8278%,23.6210%,0.021932,KPTI,14316.0,2019-03-07,252.0,-2.3585%,-0.0041,2.1767,1.5609,0.4568,4.2186%,4.8292%,23.6881%,-0.00328,KPTI,14316.0,2019-03-08,252.0,1.9324%,-0.0039,2.1714,1.5859,0.447,4.2200%,4.8310%,23.6949%,0.024019,KPTI,14316.0,2019-03-11,252.0,-2.3697%,-0.0042,2.1415,1.5933,0.4666,4.2287%,4.8279%,23.2835%,-0.059526,KPTI,14316.0,2019-03-12,252.0,8.2524%,-0.0038,2.1535,1.552,0.4632,4.2631%,4.8554%,22.9094%,0.081915,KPTI,14316.0,2019-03-13,252.0,-0.8969%,-0.004,2.1492,1.5418,0.4561,4.2619%,4.8525%,22.8598%,-0.019107,KPTI,-0.155314,-0.161831,-0.071663,-0.080396,-0.056375
12363,KARYOPHARM THERAPEUTICS INC,"Wedbush Maintains Outperform on Karyopharm Therapeutics, Lowers Price Target to $6",6,decrease,0.7,0.5,"lowering the price target typically signals reduced expectations for the stock's future performance, which can lead to a decrease in stock price.",0,2019-02-27,KPTI,2019-02-27 13:47:00+00:00,14316.0,48576U10,-0.0965091958642005,5317164.0,-0.0613636299967765,-0.0375494174659252,0.0121064679697156,-0.0019724315498024,0.0741626694798469,-0.4347825944423676,-0.040089052170515,-0.0385851711034774,-0.0162413399666547,0.0174481831490993,-0.023584883660078,-0.0043431012891232,0.0193236544728279,0.0454029068350791,-0.0236966609954834,-0.0382095463573932,0.0825243145227432,0.0456620566546917,-0.0089686010032892,0.0162413399666547,-0.0045248824171721,-0.0204545799642801,0.0704545304179191,-0.0145576829090714,0.1273885071277618,-0.0088790142908692,0.0075329495593905,0.0078300507739186,0.0093458304181694,-0.0055617564357817,0.0777777880430221,0.0502335652709007,-0.0652921125292778,0.0106257554143667,0.0110294008627533,-0.010514035820961,0.0018182233907282,0.0388350300490856,0.0217785630375146,-0.0119904531165957,0.0124333379790186,-0.0825082510709762,0.0245614647865295,0.0088790142908692,-0.0530821792781353,0.0078300507739186,0.0090415393933653,-0.0240174960345029,0.0125448340550065,-0.0709939002990722,0.0194690506905317,0.0154479527845978,-0.0347222723066806,-0.0132113937288522,-0.0197841972112655,-0.0090634590014815,-0.0605504475533962,0.0247678775340318,0.0410156324505806,-0.0396432690322399,-0.0075046834535896,-0.0078662661835551,-0.0283554065972566,-0.0058650504797697,0.0,-0.0019512642174959,-0.0058365240693092,0.0019550791475921,-0.0567514598369598,0.0168985202908515,-0.0394190959632396,0.0770878195762634,0.0475161522626876,-0.0230125784873962,0.0268041472882032,0.020277539268136,-0.0240963622927665,0.0262869410216808,-0.0123456669971346,-0.0119047248736023,0.0104166064411401,0.0076335542835295,0.0020619030110538,0.1074879691004753,-0.0390946604311466,0.0097560882568359,0.0064239255152642,-0.0755355209112167,0.025531992316246,-0.0033707567490637,-0.0020747361704707,-0.0283843055367469,0.0207900013774633,-0.0368034057319164,-0.034623235464096,-0.0114344758912921,-0.0063290577381849,-0.0193680450320243,-0.0169851221144199,-0.061243962496519,0.0,0.014563069678843,-0.0669546276330947,0.0198019612580537,0.0740740001201629,0.0089910244569182,0.0323276072740554,-0.0176643133163452,-0.0208768062293529,-0.0350379571318626,-0.0106610218062996,-0.036496315151453,0.1077586263418198,0.0538461953401565,0.0175097584724426,0.0878660231828689,0.1070745587348938,-0.0860420316457748,0.053540576249361,0.032576497644186,-0.0613636299967765,-0.0375494174659252,-0.0500000588481224,-0.0394477853600411,0.0204544727933984,-0.4570791693385644,-0.0363637099862337,-0.4689203970311943,0.0045454543304059,-0.4350347946445405,0.2113635881858011,-0.5173439150030467,0.3863635812895445,-0.5192497618985019,2019-02-28,2019-03-01,2019-03-04,2019-03-05,2019-03-06,2019-03-07,2019-03-08,2019-03-11,2019-03-12,2019-03-13,14316.0,2019-02-27,252.0,-9.6509%,-0.0038,2.133,1.5975,0.4008,4.2025%,4.8088%,23.6268%,-0.101145,KPTI,14316.0,2019-02-28,252.0,-6.1364%,-0.0041,2.1646,1.6174,0.4355,4.2069%,4.8222%,23.8912%,-0.054169,KPTI,14316.0,2019-03-01,252.0,1.2106%,-0.0042,2.1789,1.6387,0.4587,4.2041%,4.8230%,24.0157%,-0.0065169999999999,KPTI,14316.0,2019-03-04,252.0,7.4163%,-0.0041,2.1956,1.4981,0.4737,4.2286%,4.8377%,23.5974%,0.090168,KPTI,14316.0,2019-03-05,252.0,-4.0089%,-0.004,2.2084,1.5802,0.4927,4.2253%,4.8430%,23.8832%,-0.030665,KPTI,14316.0,2019-03-06,252.0,-1.6241%,-0.0041,2.1743,1.5469,0.4496,4.2193%,4.8278%,23.6210%,0.021932,KPTI,14316.0,2019-03-07,252.0,-2.3585%,-0.0041,2.1767,1.5609,0.4568,4.2186%,4.8292%,23.6881%,-0.00328,KPTI,14316.0,2019-03-08,252.0,1.9324%,-0.0039,2.1714,1.5859,0.447,4.2200%,4.8310%,23.6949%,0.024019,KPTI,14316.0,2019-03-11,252.0,-2.3697%,-0.0042,2.1415,1.5933,0.4666,4.2287%,4.8279%,23.2835%,-0.059526,KPTI,14316.0,2019-03-12,252.0,8.2524%,-0.0038,2.1535,1.552,0.4632,4.2631%,4.8554%,22.9094%,0.081915,KPTI,14316.0,2019-03-13,252.0,-0.8969%,-0.004,2.1492,1.5418,0.4561,4.2619%,4.8525%,22.8598%,-0.019107,KPTI,-0.155314,-0.161831,-0.071663,-0.080396,-0.056375
12371,KARYOPHARM THERAPEUTICS INC,Bank of America Downgrades Karyopharm Therapeutics to Underperform,6,decrease,0.85,0.7,"a downgrade from a major financial institution like bank of america typically signals negative sentiment towards the company's future performance, likely leading to a decrease in stock price.",0,2019-02-27,KPTI,2019-02-27 11:38:00+00:00,14316.0,48576U10,-0.0965091958642005,5317164.0,-0.0613636299967765,-0.0375494174659252,0.0121064679697156,-0.0019724315498024,0.0741626694798469,-0.4347825944423676,-0.040089052170515,-0.0385851711034774,-0.0162413399666547,0.0174481831490993,-0.023584883660078,-0.0043431012891232,0.0193236544728279,0.0454029068350791,-0.0236966609954834,-0.0382095463573932,0.0825243145227432,0.0456620566546917,-0.0089686010032892,0.0162413399666547,-0.0045248824171721,-0.0204545799642801,0.0704545304179191,-0.0145576829090714,0.1273885071277618,-0.0088790142908692,0.0075329495593905,0.0078300507739186,0.0093458304181694,-0.0055617564357817,0.0777777880430221,0.0502335652709007,-0.0652921125292778,0.0106257554143667,0.0110294008627533,-0.010514035820961,0.0018182233907282,0.0388350300490856,0.0217785630375146,-0.0119904531165957,0.0124333379790186,-0.0825082510709762,0.0245614647865295,0.0088790142908692,-0.0530821792781353,0.0078300507739186,0.0090415393933653,-0.0240174960345029,0.0125448340550065,-0.0709939002990722,0.0194690506905317,0.0154479527845978,-0.0347222723066806,-0.0132113937288522,-0.0197841972112655,-0.0090634590014815,-0.0605504475533962,0.0247678775340318,0.0410156324505806,-0.0396432690322399,-0.0075046834535896,-0.0078662661835551,-0.0283554065972566,-0.0058650504797697,0.0,-0.0019512642174959,-0.0058365240693092,0.0019550791475921,-0.0567514598369598,0.0168985202908515,-0.0394190959632396,0.0770878195762634,0.0475161522626876,-0.0230125784873962,0.0268041472882032,0.020277539268136,-0.0240963622927665,0.0262869410216808,-0.0123456669971346,-0.0119047248736023,0.0104166064411401,0.0076335542835295,0.0020619030110538,0.1074879691004753,-0.0390946604311466,0.0097560882568359,0.0064239255152642,-0.0755355209112167,0.025531992316246,-0.0033707567490637,-0.0020747361704707,-0.0283843055367469,0.0207900013774633,-0.0368034057319164,-0.034623235464096,-0.0114344758912921,-0.0063290577381849,-0.0193680450320243,-0.0169851221144199,-0.061243962496519,0.0,0.014563069678843,-0.0669546276330947,0.0198019612580537,0.0740740001201629,0.0089910244569182,0.0323276072740554,-0.0176643133163452,-0.0208768062293529,-0.0350379571318626,-0.0106610218062996,-0.036496315151453,0.1077586263418198,0.0538461953401565,0.0175097584724426,0.0878660231828689,0.1070745587348938,-0.0860420316457748,0.053540576249361,0.032576497644186,-0.0613636299967765,-0.0375494174659252,-0.0500000588481224,-0.0394477853600411,0.0204544727933984,-0.4570791693385644,-0.0363637099862337,-0.4689203970311943,0.0045454543304059,-0.4350347946445405,0.2113635881858011,-0.5173439150030467,0.3863635812895445,-0.5192497618985019,2019-02-28,2019-03-01,2019-03-04,2019-03-05,2019-03-06,2019-03-07,2019-03-08,2019-03-11,2019-03-12,2019-03-13,14316.0,2019-02-27,252.0,-9.6509%,-0.0038,2.133,1.5975,0.4008,4.2025%,4.8088%,23.6268%,-0.101145,KPTI,14316.0,2019-02-28,252.0,-6.1364%,-0.0041,2.1646,1.6174,0.4355,4.2069%,4.8222%,23.8912%,-0.054169,KPTI,14316.0,2019-03-01,252.0,1.2106%,-0.0042,2.1789,1.6387,0.4587,4.2041%,4.8230%,24.0157%,-0.0065169999999999,KPTI,14316.0,2019-03-04,252.0,7.4163%,-0.0041,2.1956,1.4981,0.4737,4.2286%,4.8377%,23.5974%,0.090168,KPTI,14316.0,2019-03-05,252.0,-4.0089%,-0.004,2.2084,1.5802,0.4927,4.2253%,4.8430%,23.8832%,-0.030665,KPTI,14316.0,2019-03-06,252.0,-1.6241%,-0.0041,2.1743,1.5469,0.4496,4.2193%,4.8278%,23.6210%,0.021932,KPTI,14316.0,2019-03-07,252.0,-2.3585%,-0.0041,2.1767,1.5609,0.4568,4.2186%,4.8292%,23.6881%,-0.00328,KPTI,14316.0,2019-03-08,252.0,1.9324%,-0.0039,2.1714,1.5859,0.447,4.2200%,4.8310%,23.6949%,0.024019,KPTI,14316.0,2019-03-11,252.0,-2.3697%,-0.0042,2.1415,1.5933,0.4666,4.2287%,4.8279%,23.2835%,-0.059526,KPTI,14316.0,2019-03-12,252.0,8.2524%,-0.0038,2.1535,1.552,0.4632,4.2631%,4.8554%,22.9094%,0.081915,KPTI,14316.0,2019-03-13,252.0,-0.8969%,-0.004,2.1492,1.5418,0.4561,4.2619%,4.8525%,22.8598%,-0.019107,KPTI,-0.155314,-0.161831,-0.071663,-0.080396,-0.056375
12379,KENNEDY WILSON HOLDINGS INC,"Kennedy-Wilson Holdings Q4 GAAP EPS $0.21 Beats $(0.08) Estimate, Sales $178.7M Miss $180.05M Estimate",6,uncertain,0.6,0.3,"while the earnings per share (eps) beat estimates, the sales miss could create mixed reactions among investors, leading to uncertainty in the stock price movement.",1,2019-02-27,KW,2019-02-27 22:10:00+00:00,92502.0,48939810,-0.0052681374363601,408352.0,0.0004814746498595,-0.0076046460308134,0.0052934889681637,-0.0195712111890316,0.0057444158010184,0.0056231925264,0.0009519494487904,-0.0009363510180264,-0.0128388227894902,0.001876215566881,0.0014451197348535,0.0235237535089254,0.0052909427322447,0.0082284649834036,0.0129186827689409,0.0004842726048082,-0.0127539187669754,-0.0133779589086771,-0.0043062274344265,0.0155264278873801,0.0100913504138588,-0.011984659358859,0.0166508257389068,0.0062711564823985,-0.0121665988117456,0.0226935893297195,0.0004737199633382,0.0019773067906498,-0.0037878749426454,0.0059671271592378,0.0242394637316465,0.007010580971837,-0.0403711833059787,-0.0010005232179537,0.0101546943187713,0.019377825781703,0.0105314133688807,0.006157046649605,0.0047370190732181,0.0051573175005614,0.0155587382614612,-0.0010304203024134,0.0028129145503044,0.0237342193722724,0.0051426189020276,0.0058354749344289,0.0013953808229416,-0.0026454622857272,0.0130050517618656,-0.007353008724749,0.0091701410710811,-0.0072992383502423,-0.0027260093484073,0.0121371783316135,-0.004555826075375,0.00317635666579,-0.0054920292459428,0.0,0.0105844242498278,-0.0052659497596323,-0.0045536649413406,-0.0135065056383609,0.0050319624133408,-0.0112994005903601,0.000910353148356,0.0,-0.0136425299569964,0.021511010825634,-0.0078377164900302,0.0165333040058612,0.0046468577347695,0.0428253896534442,-0.0115633672103285,-0.0153341013938188,0.0098268166184425,0.0049532279372215,0.0023169247433543,0.0033130571246147,-0.0120202647522091,0.0162739008665084,0.0098268166184425,0.0022234527859836,0.0,0.032128483057022,-0.0018535221461206,-0.0278862230479717,0.0023212272208184,-0.0115765761584043,0.0166744142770767,-0.0092845484614372,0.0255125034600496,-0.0296768061816692,0.0004442571662366,0.0037234895862638,-0.0301953945308923,-0.0403267443180084,0.0,-0.0096056889742612,-0.0109890000894665,-0.0020181133877485,-0.0013889207039028,0.0200720224529504,-0.0213258732110261,0.0098752873018383,0.0009473495883867,-0.0067114643752574,0.0070989839732646,-0.0172500386834144,0.003759394865483,0.0212435163557529,-0.0018727020360529,-0.0203046444803476,-0.0215759426355361,0.0056151407770812,0.0139021575450897,0.0160788092762231,-0.0004728240601252,-0.0122950701043009,0.0,0.0235973130911588,0.0004814746498595,-0.0076046460308134,0.0057775122987708,-0.0270270250863581,0.011555116532729,-0.0215558107254344,-0.0004814741505074,-0.0206379246460889,0.0019258075548491,0.0131003661839588,0.0677034704602055,0.0995260361630481,0.0278347751423144,0.1078164712196128,2019-02-28,2019-03-01,2019-03-04,2019-03-05,2019-03-06,2019-03-07,2019-03-08,2019-03-11,2019-03-12,2019-03-13,92502.0,2019-02-27,252.0,-0.5268%,0.0008,0.6485,0.4743,-0.0294,1.0301%,1.2744%,34.6654%,-0.006881,KW,92502.0,2019-02-28,252.0,0.0481%,0.0009,0.6369,0.4663,-0.0382,1.0215%,1.2601%,34.2847%,0.002224,KW,92502.0,2019-03-01,252.0,0.5293%,0.0009,0.6304,0.4567,-0.0474,1.0195%,1.2545%,33.9538%,-0.000887,KW,92502.0,2019-03-04,252.0,0.5744%,0.001,0.6258,0.4629,-0.0442,1.0204%,1.2531%,33.6886%,0.010944,KW,92502.0,2019-03-05,252.0,0.0952%,0.001,0.6244,0.4538,-0.046,1.0202%,1.2499%,33.3843%,0.003255,KW,92502.0,2019-03-06,252.0,-1.2839%,0.0009,0.6238,0.4613,-0.0457,1.0201%,1.2520%,33.6177%,-0.001948,KW,92502.0,2019-03-07,252.0,0.1445%,0.001,0.6242,0.4746,-0.0413,1.0177%,1.2512%,33.8432%,0.006643,KW,92502.0,2019-03-08,252.0,0.5291%,0.001,0.6246,0.457,-0.0398,1.0132%,1.2450%,33.7742%,0.006267,KW,92502.0,2019-03-11,252.0,1.2919%,0.001,0.6247,0.4644,-0.0357,1.0121%,1.2463%,34.0558%,0.00167,KW,92502.0,2019-03-12,252.0,-1.2754%,0.0009,0.6172,0.4723,-0.0409,1.0148%,1.2449%,33.5461%,-0.013134,KW,92502.0,2019-03-13,252.0,-0.4306%,0.0009,0.6145,0.4799,-0.0421,1.0155%,1.2451%,33.4872%,-0.007049,KW,-0.004657,-0.005544,0.0053999999999999,0.0067069999999999,0.001104
12387,LADDER CAPITAL CORP,Ladder Capital Q4 EPS $0.45 Beats $0.43 Estimate,6,increase,0.75,0.6,"beating earnings estimates typically signals strong performance, which can positively influence investor sentiment and lead to an increase in stock price.",2,2019-02-27,LADR,2019-02-27 22:07:00+00:00,14489.0,50574310,0.0043668081052601,797313.0,-0.0027173499111086,0.0016401737229898,-0.0212534759193658,0.0,0.0027840281836688,0.0066043389961123,-0.01166024338454,0.0173571929335594,-0.0308988355100154,0.003934777341783,-0.0098550766706466,0.01309803314507,-0.0017564891604706,0.0011401681695133,0.0017953732749447,-0.0079185171052813,-0.0029868122655898,-0.0033821570686995,0.0089873941615223,0.0033936349209398,-0.0047505893744528,0.00626070657745,-0.0023866894189268,0.0039999824948608,0.0269139222800731,0.002291003242135,-0.0168899782001972,0.005181245971471,0.0023697225842624,-0.0022974731400609,0.0023640075232833,0.0034581823274493,-0.013561294414103,0.0023108560126274,0.0059773093089461,0.0146541623398661,0.0041592214256525,0.0106635261327028,-0.0071005285717546,0.0113839795812964,0.0077472678385674,0.0011997874826192,0.006505062803626,0.0036122493911534,0.0011751150013878,0.0024140565656125,-0.008802905678749,0.0085209608078002,-0.001776126679033,-0.0054479511454701,0.0,-0.0072114747017621,0.0177935492247343,-0.0023981363046914,-0.0023309446405619,-0.0017952591879293,-0.0029206273611634,0.0005987018812447,0.0046865800395607,0.0060241194441914,-0.0011662074830383,-0.0012033969396725,-0.0093403300270438,0.0018083596369251,-0.0017677537398412,0.0109689403325319,-0.0023613290395587,0.0079852063208818,0.0041419938206672,0.0136987064033746,0.0035357321612536,0.0248882826417684,-0.0052848001942038,0.0090148318558931,0.0147579684853553,0.0038784397765994,0.0174519624561071,-0.0089685712009668,-0.0182961523532867,0.0090497341006994,0.0104834185913205,-0.0064225709065794,0.0,0.0491913445293903,0.0028818002901971,-0.0306989066302776,-0.0160918850451707,0.0065746470354497,0.0151868173852562,-0.0599505715072155,0.018987338989973,-0.0140158161520957,-0.0073404386639595,0.0055147153325378,-0.0125141814351081,-0.0433763079345226,-0.057603683322668,-0.0115875294432044,-0.0061124926432967,0.0034883408807218,0.0110701294615864,0.0058479756116867,-0.0139903556555509,0.0005851509049534,0.004935338627547,-0.0075493128970265,-0.0012277751229703,-0.008913729339838,-0.0006146422238089,0.0239589307457208,-0.0006150202243588,-0.0190263092517852,-0.0086153466254472,0.012464658357203,0.0012413748772814,-0.0100953616201877,-0.0049596978351473,0.0067758806981146,-0.0068535613827407,0.0,-0.0027173499111086,0.0016401737229898,-0.0239130726995742,0.0016401737229898,-0.021195619184259,0.0082553449823814,-0.0624999806334097,0.029791948319906,-0.0661605622471264,0.0361990610295268,-0.0489699607437552,0.1036144157936798,-0.1160688753592864,0.0686850281739093,2019-02-28,2019-03-01,2019-03-04,2019-03-05,2019-03-06,2019-03-07,2019-03-08,2019-03-11,2019-03-12,2019-03-13,14489.0,2019-02-27,252.0,0.4367%,0.0012,0.541,0.3188,0.1739,0.9855%,1.1340%,24.4759%,0.00337,LADR,14489.0,2019-02-28,252.0,-0.2717%,0.0012,0.5422,0.3195,0.1752,0.9855%,1.1336%,24.4233%,-0.0007689999999999,LADR,14489.0,2019-03-01,252.0,-2.1253%,0.0011,0.5414,0.3183,0.1864,0.9984%,1.1425%,23.6374%,-0.025473,LADR,14489.0,2019-03-04,252.0,0.2784%,0.001,0.5469,0.2955,0.186,0.9954%,1.1409%,23.8806%,0.006056,LADR,14489.0,2019-03-05,252.0,-1.1660%,0.001,0.5493,0.307,0.1915,0.9974%,1.1436%,23.9235%,-0.009458,LADR,14489.0,2019-03-06,252.0,-3.0899%,0.0009,0.5598,0.3548,0.2099,1.0081%,1.1610%,24.6042%,-0.022583,LADR,14489.0,2019-03-07,252.0,-0.9855%,0.0009,0.5636,0.3632,0.2173,1.0080%,1.1630%,24.8747%,-0.004414,LADR,14489.0,2019-03-08,252.0,-0.1756%,0.0009,0.5641,0.3586,0.2183,1.0077%,1.1624%,24.8462%,-0.000419,LADR,14489.0,2019-03-11,252.0,0.1795%,0.0009,0.5599,0.3601,0.2214,1.0083%,1.1620%,24.7036%,-0.006855,LADR,14489.0,2019-03-12,252.0,-0.2987%,0.0008,0.5528,0.3635,0.2147,1.0074%,1.1571%,24.2125%,-0.003291,LADR,14489.0,2019-03-13,252.0,0.8987%,0.0008,0.5547,0.3571,0.2152,1.0074%,1.1576%,24.2705%,0.00613,LADR,0.002601,-0.022872,-0.0168159999999999,-0.048857,-0.057706
12395,LIBERTY GLOBAL PLC,Liberty Global Q4 Sales $2.95B Miss $2.98B Estimate,6,decrease,0.75,0.6,"the miss in sales estimates typically signals weaker performance than expected, which can lead to a decrease in stock price.",0,2019-02-27,LBTYA,2019-02-27 21:52:00+00:00,90227.0,G5480U10,-0.0015208749100565,2173327.0,0.0034272714983671,0.0370661914348602,-0.0049336268566548,-0.0272343344986438,0.0076277945190668,0.0179616976529359,-0.0113550052046775,-0.0011699992464855,-0.0003828571352642,0.0039153667166829,-0.0053619798272848,-0.004676497541368,-0.0273392032831907,0.0296950154006481,-0.0154394060373306,0.0080906460061669,0.0116605954244732,-0.0040290243923664,0.0135135194286704,0.0222404859960079,0.0047059152275323,-0.0338240563869476,0.0160031169652938,-0.0129615059122443,0.0030733738094568,0.0047355536371469,0.0022979495115578,-0.0250096041709184,-0.0003821256686933,0.0054158368147909,0.0114678610116243,0.0448666363954544,-0.0162508841603994,0.013934432528913,-0.0099884830415248,0.026503961533308,-0.0112534305080771,0.0101997349411249,0.0051020826213061,0.0042680487968027,-0.0148379951715469,0.0120950620621442,-0.012286938726902,0.0189260710030794,-0.0008025866118259,0.0202065035700798,0.0164658576250076,-0.0053594880737364,0.0403002947568893,0.0103790406137704,0.0125332288444042,0.0091075031086802,0.0435108728706836,-0.0139201330021023,-0.0028756263200193,0.0159671697765588,0.0021629224065691,0.0242990870028734,-0.0151079166680574,0.0234337523579597,-0.005113199353218,0.0170233659446239,0.0249633006751537,-0.0167384203523397,0.0132521791383624,0.0072254152037203,-0.020148517563939,-0.0424354262650013,-0.0057720001786947,-0.0478700101375579,0.0007257060497067,0.0645161792635917,-0.0105148302391171,0.0014044372364878,-0.0007328859064728,0.0009372285567224,-0.0007334234542213,0.0023484844714403,-0.0220183618366718,0.0104414438828826,0.0093808630481362,-0.0023674783296883,0.0048327534459531,0.0414201244711875,-0.0007399355527013,-0.0264041889458894,-0.0170307662338018,-0.0518889129161834,-0.0128060327842831,-0.0054323603399097,0.0171690490096807,-0.0395652092993259,0.0037509519606828,0.0070052472874522,-0.0298954080790281,-0.0116832731291651,-0.0023112276103347,-0.0195162948220968,0.0150579651817679,-0.0100797889754176,0.0007606903673149,0.0080439718440175,-0.0570125430822372,-0.000845962378662,0.0040306481532752,-0.0037926740478724,0.0152549603953957,-0.0157611388713121,0.0130486320704221,-0.0061830016784369,-0.0152225326746702,-0.0213796161115169,-0.005152563098818,-0.0016109145944938,0.0306773092597723,-0.0036115630064159,-0.017781252041459,0.0080906460061669,-0.010232200846076,-0.0147469444200396,0.0034272714983671,0.0370661914348602,-0.0015232642369971,0.0088223838800884,0.0060929111354717,0.0269425465248567,-0.0057120951238788,0.0297571767865774,-0.0289413646287451,0.0831959852023727,0.0426503795104904,0.2577713699794794,-0.0422696317854083,0.0482263476372979,2019-02-28,2019-03-01,2019-03-04,2019-03-05,2019-03-06,2019-03-07,2019-03-08,2019-03-11,2019-03-12,2019-03-13,90227.0,2019-02-27,252.0,-0.1521%,-0.0007,1.0018,0.2647,0.2487,1.8370%,2.0978%,23.3192%,-0.002738,LBTYA,90227.0,2019-02-28,252.0,0.3427%,-0.0007,1.0059,0.2677,0.2498,1.8364%,2.0979%,23.3722%,0.007002,LBTYA,90227.0,2019-03-01,252.0,-0.4934%,-0.0007,0.9921,0.2472,0.2337,1.8340%,2.0884%,22.8842%,-0.012043,LBTYA,90227.0,2019-03-04,252.0,0.7628%,-0.0007,1.0062,0.1882,0.2329,1.8235%,2.0836%,23.4111%,0.012774,LBTYA,90227.0,2019-03-05,252.0,-1.1355%,-0.0007,1.0104,0.2157,0.2387,1.8223%,2.0845%,23.5746%,-0.0085919999999999,LBTYA,90227.0,2019-03-06,252.0,-0.0383%,-0.0007,1.003,0.1947,0.2275,1.8234%,2.0822%,23.3161%,0.010637,LBTYA,90227.0,2019-03-07,252.0,-0.5362%,-0.0007,0.9985,0.1809,0.2176,1.8224%,2.0801%,23.2429%,0.00366,LBTYA,90227.0,2019-03-08,252.0,-2.7339%,-0.0009,1.0025,0.1688,0.2246,1.8275%,2.0856%,23.2148%,-0.024953,LBTYA,90227.0,2019-03-11,252.0,-1.5439%,-0.001,0.9877,0.1517,0.2225,1.8364%,2.0876%,22.6176%,-0.029906,LBTYA,90227.0,2019-03-12,252.0,1.1661%,-0.001,0.9816,0.1482,0.2141,1.8369%,2.0830%,22.2343%,0.009704,LBTYA,90227.0,2019-03-13,252.0,1.3514%,-0.0009,0.9844,0.1392,0.215,1.8370%,2.0845%,22.3383%,0.007052,LBTYA,0.004264,-0.0077789999999999,0.004995,0.00704,-0.027403
12403,LIBERTY GLOBAL PLC,Liberty Global Reports Sale Of UPC Switzerland To Sunrise For $6.3B,6,increase,0.75,0.6,the sale of upc switzerland for $6.3 billion may be viewed positively as it could strengthen liberty global's balance sheet and allow for reinvestment in growth opportunities.,2,2019-02-27,LBTYA,2019-02-27 21:31:00+00:00,90227.0,G5480U10,-0.0015208749100565,2173327.0,0.0034272714983671,0.0370661914348602,-0.0049336268566548,-0.0272343344986438,0.0076277945190668,0.0179616976529359,-0.0113550052046775,-0.0011699992464855,-0.0003828571352642,0.0039153667166829,-0.0053619798272848,-0.004676497541368,-0.0273392032831907,0.0296950154006481,-0.0154394060373306,0.0080906460061669,0.0116605954244732,-0.0040290243923664,0.0135135194286704,0.0222404859960079,0.0047059152275323,-0.0338240563869476,0.0160031169652938,-0.0129615059122443,0.0030733738094568,0.0047355536371469,0.0022979495115578,-0.0250096041709184,-0.0003821256686933,0.0054158368147909,0.0114678610116243,0.0448666363954544,-0.0162508841603994,0.013934432528913,-0.0099884830415248,0.026503961533308,-0.0112534305080771,0.0101997349411249,0.0051020826213061,0.0042680487968027,-0.0148379951715469,0.0120950620621442,-0.012286938726902,0.0189260710030794,-0.0008025866118259,0.0202065035700798,0.0164658576250076,-0.0053594880737364,0.0403002947568893,0.0103790406137704,0.0125332288444042,0.0091075031086802,0.0435108728706836,-0.0139201330021023,-0.0028756263200193,0.0159671697765588,0.0021629224065691,0.0242990870028734,-0.0151079166680574,0.0234337523579597,-0.005113199353218,0.0170233659446239,0.0249633006751537,-0.0167384203523397,0.0132521791383624,0.0072254152037203,-0.020148517563939,-0.0424354262650013,-0.0057720001786947,-0.0478700101375579,0.0007257060497067,0.0645161792635917,-0.0105148302391171,0.0014044372364878,-0.0007328859064728,0.0009372285567224,-0.0007334234542213,0.0023484844714403,-0.0220183618366718,0.0104414438828826,0.0093808630481362,-0.0023674783296883,0.0048327534459531,0.0414201244711875,-0.0007399355527013,-0.0264041889458894,-0.0170307662338018,-0.0518889129161834,-0.0128060327842831,-0.0054323603399097,0.0171690490096807,-0.0395652092993259,0.0037509519606828,0.0070052472874522,-0.0298954080790281,-0.0116832731291651,-0.0023112276103347,-0.0195162948220968,0.0150579651817679,-0.0100797889754176,0.0007606903673149,0.0080439718440175,-0.0570125430822372,-0.000845962378662,0.0040306481532752,-0.0037926740478724,0.0152549603953957,-0.0157611388713121,0.0130486320704221,-0.0061830016784369,-0.0152225326746702,-0.0213796161115169,-0.005152563098818,-0.0016109145944938,0.0306773092597723,-0.0036115630064159,-0.017781252041459,0.0080906460061669,-0.010232200846076,-0.0147469444200396,0.0034272714983671,0.0370661914348602,-0.0015232642369971,0.0088223838800884,0.0060929111354717,0.0269425465248567,-0.0057120951238788,0.0297571767865774,-0.0289413646287451,0.0831959852023727,0.0426503795104904,0.2577713699794794,-0.0422696317854083,0.0482263476372979,2019-02-28,2019-03-01,2019-03-04,2019-03-05,2019-03-06,2019-03-07,2019-03-08,2019-03-11,2019-03-12,2019-03-13,90227.0,2019-02-27,252.0,-0.1521%,-0.0007,1.0018,0.2647,0.2487,1.8370%,2.0978%,23.3192%,-0.002738,LBTYA,90227.0,2019-02-28,252.0,0.3427%,-0.0007,1.0059,0.2677,0.2498,1.8364%,2.0979%,23.3722%,0.007002,LBTYA,90227.0,2019-03-01,252.0,-0.4934%,-0.0007,0.9921,0.2472,0.2337,1.8340%,2.0884%,22.8842%,-0.012043,LBTYA,90227.0,2019-03-04,252.0,0.7628%,-0.0007,1.0062,0.1882,0.2329,1.8235%,2.0836%,23.4111%,0.012774,LBTYA,90227.0,2019-03-05,252.0,-1.1355%,-0.0007,1.0104,0.2157,0.2387,1.8223%,2.0845%,23.5746%,-0.0085919999999999,LBTYA,90227.0,2019-03-06,252.0,-0.0383%,-0.0007,1.003,0.1947,0.2275,1.8234%,2.0822%,23.3161%,0.010637,LBTYA,90227.0,2019-03-07,252.0,-0.5362%,-0.0007,0.9985,0.1809,0.2176,1.8224%,2.0801%,23.2429%,0.00366,LBTYA,90227.0,2019-03-08,252.0,-2.7339%,-0.0009,1.0025,0.1688,0.2246,1.8275%,2.0856%,23.2148%,-0.024953,LBTYA,90227.0,2019-03-11,252.0,-1.5439%,-0.001,0.9877,0.1517,0.2225,1.8364%,2.0876%,22.6176%,-0.029906,LBTYA,90227.0,2019-03-12,252.0,1.1661%,-0.001,0.9816,0.1482,0.2141,1.8369%,2.0830%,22.2343%,0.009704,LBTYA,90227.0,2019-03-13,252.0,1.3514%,-0.0009,0.9844,0.1392,0.215,1.8370%,2.0845%,22.3383%,0.007052,LBTYA,0.004264,-0.0077789999999999,0.004995,0.00704,-0.027403
12411,LABORATORY CORP AMERICA HLDGS,"Credit Suisse Maintains Outperform on Laboratory Corp, Raises Price Target to $164",6,increase,0.8,0.6,"an 'outperform' rating and a raised price target typically indicate positive sentiment and expectations for the stock's performance, likely leading to an increase in its price.",2,2019-02-27,LH,2019-02-27 14:47:00+00:00,12062.0,50540R40,0.0013612642651423,521905.0,0.0076129040680825,-0.0011557425605133,0.0033053846564143,-0.0112261241301894,-0.0114972870796918,0.0029664721805602,0.0023805662058293,-0.0095491996034979,-0.0146569078788161,-0.0002669957175385,0.0041318833827972,-0.0025304979644715,0.0048007471486926,0.0232352390885353,0.017063682898879,-0.0029214480891823,0.0161063633859157,0.0040930905379354,0.0232480615377426,0.0159401427954435,-0.013618960045278,-0.0037285683210939,0.0100771710276603,-0.0178353767842054,0.0034335241653025,0.0440385229885578,0.0069081755355,-0.0047212890349328,-0.0118620544672012,0.0066681024618446,0.0142106441780924,-0.0001418843312421,-0.0126679185777902,0.0117689222097396,-0.0090721165761351,0.0070825396105647,-0.0116400653496384,0.0128092523664236,-0.0015217396430671,0.0008790850988589,-0.0019217317458242,-0.0065501742064952,0.0156685747206211,0.007626820821315,0.011831596493721,0.002647063229233,0.0180244762450456,0.0022107816766947,-0.0057114427909255,-0.0145243285223841,0.0049145030789077,0.0180393513292074,0.0097173629328608,0.0244641043245792,-0.0013208671007305,-0.0045989188365638,-0.0071172439493238,0.0113610792905092,0.0124968355521559,-0.0058369031175971,-0.0109016066417098,0.0077922409400343,-0.0026604053564369,0.0093298749998211,0.0102890469133853,0.0103614972904324,-0.0406110920011997,0.0108678312972188,-0.0553698763251304,-0.0076586101204156,0.0073529239743947,0.0344381742179393,-0.0066795288585126,-0.021593002602458,0.0488041117787361,0.0005539703415706,0.0176483150571584,0.0148582318797707,0.0049363113939762,-0.0007222820422612,-0.0006463683093897,0.0004817533190362,0.0055620269849896,0.0307896137237548,0.0285567436367273,-0.0265871975570917,0.0077539114281535,-0.011704702861607,0.0277364179491996,-0.0218847170472145,-0.0041055842302739,-0.0159411542117595,0.0029706305358558,-0.0248132087290287,-0.0194632560014724,-0.0262717455625534,0.00789051130414,-0.016462692990899,0.0148012116551399,-0.0080937119200825,0.0025313294027,-0.0008512103231623,-0.0259708557277917,0.0101755512878298,0.0080854063853621,-0.0169766377657651,0.0124288173392415,-0.0113516934216022,-0.002237512730062,0.0018139573512598,-0.0035153755452483,-0.0320119224488735,0.0071771345101296,0.0166850313544273,0.0047104218974709,-0.0999320074915885,0.0065517318435013,-0.0198679435998201,-0.0072853290475904,0.0284058898687362,0.0076129040680825,-0.0011557425605133,0.0109434523007942,-0.0123688921812559,-0.0006796547916427,-0.0094391119752557,-0.0129825208154278,-0.0191601256000023,0.0530859019439642,0.0182272160114458,0.0848967244486971,0.1137052787814745,0.1299620122474387,-0.0847816624565228,2019-02-28,2019-03-01,2019-03-04,2019-03-05,2019-03-06,2019-03-07,2019-03-08,2019-03-11,2019-03-12,2019-03-13,12062.0,2019-02-27,252.0,0.1361%,-0.0006,0.8425,0.1398,0.2037,1.2103%,1.4773%,32.8758%,0.00049,LH,12062.0,2019-02-28,252.0,0.7613%,-0.0007,0.8478,0.1438,0.205,1.2091%,1.4780%,33.0802%,0.0106059999999999,LH,12062.0,2019-03-01,252.0,0.3305%,-0.0006,0.8451,0.1398,0.2016,1.2089%,1.4754%,32.8607%,-0.002486,LH,12062.0,2019-03-04,252.0,-1.1497%,-0.0007,0.8438,0.15,0.2005,1.2093%,1.4747%,32.7498%,-0.0074199999999999,LH,12062.0,2019-03-05,252.0,0.2381%,-0.0007,0.8418,0.1377,0.1971,1.2094%,1.4730%,32.5893%,0.004671,LH,12062.0,2019-03-06,252.0,-1.4657%,-0.0007,0.843,0.1496,0.2,1.2098%,1.4741%,32.6477%,-0.006019,LH,12062.0,2019-03-07,252.0,0.4132%,-0.0006,0.8399,0.1593,0.1988,1.2103%,1.4738%,32.5631%,0.011719,LH,12062.0,2019-03-08,252.0,0.4801%,-0.0005,0.8384,0.1679,0.1959,1.2102%,1.4735%,32.5492%,0.006817,LH,12062.0,2019-03-11,252.0,1.7064%,-0.0005,0.841,0.1766,0.1995,1.2099%,1.4767%,32.8726%,0.004896,LH,12062.0,2019-03-12,252.0,1.6106%,-0.0005,0.8396,0.1701,0.1952,1.2135%,1.4763%,32.4330%,0.014568,LH,12062.0,2019-03-13,252.0,2.3248%,-0.0004,0.8456,0.1623,0.1999,1.2189%,1.4838%,32.5147%,0.017837,LH,0.0110959999999999,0.0086099999999999,0.0011899999999999,-0.000158,0.055679
12419,LOWES COMPANIES INC,"From Lowe's Earnings Conference Call: CEO Is Pleased With Comp Progression, Believes This Further Reinforces Retail Fundamental Focus Was In Place, Doing Well In Quarter",6,increase,0.8,0.6,"the ceo's positive remarks about comp progression and retail fundamentals suggest strong performance, which is likely to boost investor confidence and increase the stock price.",2,2019-02-27,LOW,2019-02-27 14:20:00+00:00,61399.0,54866110,0.0246596597135067,8874709.0,-0.0235086996108293,0.000190426086192,-0.0107526620849967,-0.0118565401062369,-0.0074066626839339,0.007107657380402,-0.0017443579854443,-0.0013250710908323,-0.0065042790956795,0.0057110805064439,-0.0159272756427526,0.007866458967328,-0.0137026831507682,0.0268938597291708,0.0107721704989671,0.0004928351263515,0.0045816642232239,0.0200060103088617,0.0030735430773347,0.0267341453582048,-0.0035583733115345,-0.002984469756484,-0.0066461479291319,0.002993403468281,0.0173756536096334,-0.003189681796357,0.0154102835804224,-0.0092762084677815,0.001353304949589,0.0023500125389546,0.0266435202211141,0.00782619882375,-0.0131640955805778,0.0098793357610702,0.0102906320244073,0.0042820223607122,-0.0006601876229979,0.0248314216732978,0.0134956613183021,0.0030058913398534,0.0091256480664014,-0.0071413149125874,0.0101503962650895,0.0220043193548917,-0.0049328664317727,-0.0003266773128416,0.0089966338127851,0.0029489328153431,0.0183786414563655,-0.0309539455920457,0.0124184703454375,0.0318305306136608,0.0146488146856427,-0.0203277561813592,0.0070446818135678,-0.0100095309317112,-0.0228862725198268,-0.0206377040594816,0.0054799607023596,-0.0040082153864204,0.0120428539812564,0.0137528618797659,0.009815034456551,-0.0108213480561971,0.0079132821410894,-0.0061456365510821,-0.001280094962567,0.0207004249095916,0.0007690674974583,0.0189623814076185,-0.0288593303412199,0.0296150557696819,-0.0027254929300397,-0.0119215184822678,0.0052014510147273,-0.0009744907729327,0.0037872141692787,0.0053336001001298,-0.0032464924734085,0.000108884567453,-0.0098591120913624,0.0090070264413952,-0.0023115410003811,0.0590972751379013,0.0081981653347611,-0.0191693324595689,-0.0215662233531475,-0.0170480515807867,0.0127371605485677,-0.0129524869844317,0.0022299527190625,-0.0123550975695252,-0.0089889829978346,0.0111664142459631,-0.0379882864654064,-0.0311697050929069,-0.0036407709121704,-0.0098631912842392,-0.0041225748136639,0.0236673578619957,0.0032928634900599,0.0293920114636421,-0.0185671020299196,0.0005591306253336,0.0104146404191851,0.0003355568042024,0.0176832415163517,-0.0170422811061143,0.0090131349861621,0.0068636676296591,0.0039598518051207,-0.0419980809092521,0.0016510760178789,-0.0008477463852614,0.0173992812633514,0.0125537104904651,-0.1184518113732338,-0.0052300724200904,-0.0320604369044303,0.0223701782524585,-0.0235086996108293,0.000190426086192,-0.0340085805928531,-0.0116683718145731,-0.0411633531919765,-0.0046436492232161,-0.0490615699512071,-0.0002855393432741,-0.0599331378963282,0.0841247083128118,0.0570525851156613,0.085103922610886,-0.1153988507298618,0.1521236976751496,2019-02-28,2019-03-01,2019-03-04,2019-03-05,2019-03-06,2019-03-07,2019-03-08,2019-03-11,2019-03-12,2019-03-13,61399.0,2019-02-27,252.0,2.4660%,0.0005,1.124,0.1809,0.1916,1.3626%,1.7803%,41.4234%,0.0234319999999999,LOW,61399.0,2019-02-28,252.0,-2.3509%,0.0005,1.126,0.1816,0.1978,1.3683%,1.7831%,41.1163%,-0.019681,LOW,61399.0,2019-03-01,252.0,-1.0753%,0.0006,1.0906,0.1289,0.1518,1.3341%,1.7362%,40.9539%,-0.018685,LOW,61399.0,2019-03-04,252.0,-0.7407%,0.0006,1.0875,0.1412,0.1521,1.3334%,1.7328%,40.7849%,-0.001902,LOW,61399.0,2019-03-05,252.0,-0.1744%,0.0008,1.0964,0.2099,0.1583,1.3100%,1.7220%,42.1326%,0.0008169999999999,LOW,61399.0,2019-03-06,252.0,-0.6504%,0.0008,1.0947,0.2006,0.1552,1.3102%,1.7213%,42.0614%,0.0051959999999999,LOW,61399.0,2019-03-07,252.0,-1.5927%,0.0007,1.0973,0.1992,0.1583,1.3109%,1.7238%,42.1693%,-0.006388,LOW,61399.0,2019-03-08,252.0,-1.3703%,0.0007,1.098,0.2143,0.1586,1.3101%,1.7245%,42.2796%,-0.011209,LOW,61399.0,2019-03-11,252.0,1.0772%,0.0007,1.0948,0.209,0.1572,1.3106%,1.7256%,42.3120%,-0.005625,LOW,61399.0,2019-03-12,252.0,0.4582%,0.0008,1.1004,0.2071,0.1628,1.3101%,1.7241%,42.2582%,0.002466,LOW,61399.0,2019-03-13,252.0,0.3074%,0.0007,1.0989,0.2061,0.161,1.3102%,1.7239%,42.2420%,-0.003967,LOW,0.0037509999999999,-0.014934,-0.016836,-0.010823,-0.035546
12427,LOWES COMPANIES INC,Lowe's Companies shares are trading higher after the company beat Q4 EPS estimates and issued slightly better-than-expected FY19 guidance.,6,increase,0.8,0.7,"beating eps estimates and providing better-than-expected guidance typically boosts investor confidence, leading to an increase in stock price.",2,2019-02-27,LOW,2019-02-27 13:58:00+00:00,61399.0,54866110,0.0246596597135067,8874709.0,-0.0235086996108293,0.000190426086192,-0.0107526620849967,-0.0118565401062369,-0.0074066626839339,0.007107657380402,-0.0017443579854443,-0.0013250710908323,-0.0065042790956795,0.0057110805064439,-0.0159272756427526,0.007866458967328,-0.0137026831507682,0.0268938597291708,0.0107721704989671,0.0004928351263515,0.0045816642232239,0.0200060103088617,0.0030735430773347,0.0267341453582048,-0.0035583733115345,-0.002984469756484,-0.0066461479291319,0.002993403468281,0.0173756536096334,-0.003189681796357,0.0154102835804224,-0.0092762084677815,0.001353304949589,0.0023500125389546,0.0266435202211141,0.00782619882375,-0.0131640955805778,0.0098793357610702,0.0102906320244073,0.0042820223607122,-0.0006601876229979,0.0248314216732978,0.0134956613183021,0.0030058913398534,0.0091256480664014,-0.0071413149125874,0.0101503962650895,0.0220043193548917,-0.0049328664317727,-0.0003266773128416,0.0089966338127851,0.0029489328153431,0.0183786414563655,-0.0309539455920457,0.0124184703454375,0.0318305306136608,0.0146488146856427,-0.0203277561813592,0.0070446818135678,-0.0100095309317112,-0.0228862725198268,-0.0206377040594816,0.0054799607023596,-0.0040082153864204,0.0120428539812564,0.0137528618797659,0.009815034456551,-0.0108213480561971,0.0079132821410894,-0.0061456365510821,-0.001280094962567,0.0207004249095916,0.0007690674974583,0.0189623814076185,-0.0288593303412199,0.0296150557696819,-0.0027254929300397,-0.0119215184822678,0.0052014510147273,-0.0009744907729327,0.0037872141692787,0.0053336001001298,-0.0032464924734085,0.000108884567453,-0.0098591120913624,0.0090070264413952,-0.0023115410003811,0.0590972751379013,0.0081981653347611,-0.0191693324595689,-0.0215662233531475,-0.0170480515807867,0.0127371605485677,-0.0129524869844317,0.0022299527190625,-0.0123550975695252,-0.0089889829978346,0.0111664142459631,-0.0379882864654064,-0.0311697050929069,-0.0036407709121704,-0.0098631912842392,-0.0041225748136639,0.0236673578619957,0.0032928634900599,0.0293920114636421,-0.0185671020299196,0.0005591306253336,0.0104146404191851,0.0003355568042024,0.0176832415163517,-0.0170422811061143,0.0090131349861621,0.0068636676296591,0.0039598518051207,-0.0419980809092521,0.0016510760178789,-0.0008477463852614,0.0173992812633514,0.0125537104904651,-0.1184518113732338,-0.0052300724200904,-0.0320604369044303,0.0223701782524585,-0.0235086996108293,0.000190426086192,-0.0340085805928531,-0.0116683718145731,-0.0411633531919765,-0.0046436492232161,-0.0490615699512071,-0.0002855393432741,-0.0599331378963282,0.0841247083128118,0.0570525851156613,0.085103922610886,-0.1153988507298618,0.1521236976751496,2019-02-28,2019-03-01,2019-03-04,2019-03-05,2019-03-06,2019-03-07,2019-03-08,2019-03-11,2019-03-12,2019-03-13,61399.0,2019-02-27,252.0,2.4660%,0.0005,1.124,0.1809,0.1916,1.3626%,1.7803%,41.4234%,0.0234319999999999,LOW,61399.0,2019-02-28,252.0,-2.3509%,0.0005,1.126,0.1816,0.1978,1.3683%,1.7831%,41.1163%,-0.019681,LOW,61399.0,2019-03-01,252.0,-1.0753%,0.0006,1.0906,0.1289,0.1518,1.3341%,1.7362%,40.9539%,-0.018685,LOW,61399.0,2019-03-04,252.0,-0.7407%,0.0006,1.0875,0.1412,0.1521,1.3334%,1.7328%,40.7849%,-0.001902,LOW,61399.0,2019-03-05,252.0,-0.1744%,0.0008,1.0964,0.2099,0.1583,1.3100%,1.7220%,42.1326%,0.0008169999999999,LOW,61399.0,2019-03-06,252.0,-0.6504%,0.0008,1.0947,0.2006,0.1552,1.3102%,1.7213%,42.0614%,0.0051959999999999,LOW,61399.0,2019-03-07,252.0,-1.5927%,0.0007,1.0973,0.1992,0.1583,1.3109%,1.7238%,42.1693%,-0.006388,LOW,61399.0,2019-03-08,252.0,-1.3703%,0.0007,1.098,0.2143,0.1586,1.3101%,1.7245%,42.2796%,-0.011209,LOW,61399.0,2019-03-11,252.0,1.0772%,0.0007,1.0948,0.209,0.1572,1.3106%,1.7256%,42.3120%,-0.005625,LOW,61399.0,2019-03-12,252.0,0.4582%,0.0008,1.1004,0.2071,0.1628,1.3101%,1.7241%,42.2582%,0.002466,LOW,61399.0,2019-03-13,252.0,0.3074%,0.0007,1.0989,0.2061,0.161,1.3102%,1.7239%,42.2420%,-0.003967,LOW,0.0037509999999999,-0.014934,-0.016836,-0.010823,-0.035546
12435,LOWES COMPANIES INC,"Lowe's Companies Sees FY19 EPS $6.00-$6.10 vs $6.04 Est., Comparable Sales Up Approximately 3%",6,increase,0.75,0.6,"the guidance for fy19 eps is slightly above estimates, and the comparable sales growth indicates positive performance, which is likely to boost investor confidence.",2,2019-02-27,LOW,2019-02-27 11:09:00+00:00,61399.0,54866110,0.0246596597135067,8874709.0,-0.0235086996108293,0.000190426086192,-0.0107526620849967,-0.0118565401062369,-0.0074066626839339,0.007107657380402,-0.0017443579854443,-0.0013250710908323,-0.0065042790956795,0.0057110805064439,-0.0159272756427526,0.007866458967328,-0.0137026831507682,0.0268938597291708,0.0107721704989671,0.0004928351263515,0.0045816642232239,0.0200060103088617,0.0030735430773347,0.0267341453582048,-0.0035583733115345,-0.002984469756484,-0.0066461479291319,0.002993403468281,0.0173756536096334,-0.003189681796357,0.0154102835804224,-0.0092762084677815,0.001353304949589,0.0023500125389546,0.0266435202211141,0.00782619882375,-0.0131640955805778,0.0098793357610702,0.0102906320244073,0.0042820223607122,-0.0006601876229979,0.0248314216732978,0.0134956613183021,0.0030058913398534,0.0091256480664014,-0.0071413149125874,0.0101503962650895,0.0220043193548917,-0.0049328664317727,-0.0003266773128416,0.0089966338127851,0.0029489328153431,0.0183786414563655,-0.0309539455920457,0.0124184703454375,0.0318305306136608,0.0146488146856427,-0.0203277561813592,0.0070446818135678,-0.0100095309317112,-0.0228862725198268,-0.0206377040594816,0.0054799607023596,-0.0040082153864204,0.0120428539812564,0.0137528618797659,0.009815034456551,-0.0108213480561971,0.0079132821410894,-0.0061456365510821,-0.001280094962567,0.0207004249095916,0.0007690674974583,0.0189623814076185,-0.0288593303412199,0.0296150557696819,-0.0027254929300397,-0.0119215184822678,0.0052014510147273,-0.0009744907729327,0.0037872141692787,0.0053336001001298,-0.0032464924734085,0.000108884567453,-0.0098591120913624,0.0090070264413952,-0.0023115410003811,0.0590972751379013,0.0081981653347611,-0.0191693324595689,-0.0215662233531475,-0.0170480515807867,0.0127371605485677,-0.0129524869844317,0.0022299527190625,-0.0123550975695252,-0.0089889829978346,0.0111664142459631,-0.0379882864654064,-0.0311697050929069,-0.0036407709121704,-0.0098631912842392,-0.0041225748136639,0.0236673578619957,0.0032928634900599,0.0293920114636421,-0.0185671020299196,0.0005591306253336,0.0104146404191851,0.0003355568042024,0.0176832415163517,-0.0170422811061143,0.0090131349861621,0.0068636676296591,0.0039598518051207,-0.0419980809092521,0.0016510760178789,-0.0008477463852614,0.0173992812633514,0.0125537104904651,-0.1184518113732338,-0.0052300724200904,-0.0320604369044303,0.0223701782524585,-0.0235086996108293,0.000190426086192,-0.0340085805928531,-0.0116683718145731,-0.0411633531919765,-0.0046436492232161,-0.0490615699512071,-0.0002855393432741,-0.0599331378963282,0.0841247083128118,0.0570525851156613,0.085103922610886,-0.1153988507298618,0.1521236976751496,2019-02-28,2019-03-01,2019-03-04,2019-03-05,2019-03-06,2019-03-07,2019-03-08,2019-03-11,2019-03-12,2019-03-13,61399.0,2019-02-27,252.0,2.4660%,0.0005,1.124,0.1809,0.1916,1.3626%,1.7803%,41.4234%,0.0234319999999999,LOW,61399.0,2019-02-28,252.0,-2.3509%,0.0005,1.126,0.1816,0.1978,1.3683%,1.7831%,41.1163%,-0.019681,LOW,61399.0,2019-03-01,252.0,-1.0753%,0.0006,1.0906,0.1289,0.1518,1.3341%,1.7362%,40.9539%,-0.018685,LOW,61399.0,2019-03-04,252.0,-0.7407%,0.0006,1.0875,0.1412,0.1521,1.3334%,1.7328%,40.7849%,-0.001902,LOW,61399.0,2019-03-05,252.0,-0.1744%,0.0008,1.0964,0.2099,0.1583,1.3100%,1.7220%,42.1326%,0.0008169999999999,LOW,61399.0,2019-03-06,252.0,-0.6504%,0.0008,1.0947,0.2006,0.1552,1.3102%,1.7213%,42.0614%,0.0051959999999999,LOW,61399.0,2019-03-07,252.0,-1.5927%,0.0007,1.0973,0.1992,0.1583,1.3109%,1.7238%,42.1693%,-0.006388,LOW,61399.0,2019-03-08,252.0,-1.3703%,0.0007,1.098,0.2143,0.1586,1.3101%,1.7245%,42.2796%,-0.011209,LOW,61399.0,2019-03-11,252.0,1.0772%,0.0007,1.0948,0.209,0.1572,1.3106%,1.7256%,42.3120%,-0.005625,LOW,61399.0,2019-03-12,252.0,0.4582%,0.0008,1.1004,0.2071,0.1628,1.3101%,1.7241%,42.2582%,0.002466,LOW,61399.0,2019-03-13,252.0,0.3074%,0.0007,1.0989,0.2061,0.161,1.3102%,1.7239%,42.2420%,-0.003967,LOW,0.0037509999999999,-0.014934,-0.016836,-0.010823,-0.035546
12443,LOWES COMPANIES INC,"Lowe's Companies Q4 Adj. EPS $0.80 Beats $0.79 Estimate, Sales $15.647B Miss $15.75B Estimate",6,uncertain,0.6,0.3,"while lowe's beat earnings expectations, the miss on sales could raise concerns among investors, leading to uncertainty in the stock's reaction.",1,2019-02-27,LOW,2019-02-27 11:07:00+00:00,61399.0,54866110,0.0246596597135067,8874709.0,-0.0235086996108293,0.000190426086192,-0.0107526620849967,-0.0118565401062369,-0.0074066626839339,0.007107657380402,-0.0017443579854443,-0.0013250710908323,-0.0065042790956795,0.0057110805064439,-0.0159272756427526,0.007866458967328,-0.0137026831507682,0.0268938597291708,0.0107721704989671,0.0004928351263515,0.0045816642232239,0.0200060103088617,0.0030735430773347,0.0267341453582048,-0.0035583733115345,-0.002984469756484,-0.0066461479291319,0.002993403468281,0.0173756536096334,-0.003189681796357,0.0154102835804224,-0.0092762084677815,0.001353304949589,0.0023500125389546,0.0266435202211141,0.00782619882375,-0.0131640955805778,0.0098793357610702,0.0102906320244073,0.0042820223607122,-0.0006601876229979,0.0248314216732978,0.0134956613183021,0.0030058913398534,0.0091256480664014,-0.0071413149125874,0.0101503962650895,0.0220043193548917,-0.0049328664317727,-0.0003266773128416,0.0089966338127851,0.0029489328153431,0.0183786414563655,-0.0309539455920457,0.0124184703454375,0.0318305306136608,0.0146488146856427,-0.0203277561813592,0.0070446818135678,-0.0100095309317112,-0.0228862725198268,-0.0206377040594816,0.0054799607023596,-0.0040082153864204,0.0120428539812564,0.0137528618797659,0.009815034456551,-0.0108213480561971,0.0079132821410894,-0.0061456365510821,-0.001280094962567,0.0207004249095916,0.0007690674974583,0.0189623814076185,-0.0288593303412199,0.0296150557696819,-0.0027254929300397,-0.0119215184822678,0.0052014510147273,-0.0009744907729327,0.0037872141692787,0.0053336001001298,-0.0032464924734085,0.000108884567453,-0.0098591120913624,0.0090070264413952,-0.0023115410003811,0.0590972751379013,0.0081981653347611,-0.0191693324595689,-0.0215662233531475,-0.0170480515807867,0.0127371605485677,-0.0129524869844317,0.0022299527190625,-0.0123550975695252,-0.0089889829978346,0.0111664142459631,-0.0379882864654064,-0.0311697050929069,-0.0036407709121704,-0.0098631912842392,-0.0041225748136639,0.0236673578619957,0.0032928634900599,0.0293920114636421,-0.0185671020299196,0.0005591306253336,0.0104146404191851,0.0003355568042024,0.0176832415163517,-0.0170422811061143,0.0090131349861621,0.0068636676296591,0.0039598518051207,-0.0419980809092521,0.0016510760178789,-0.0008477463852614,0.0173992812633514,0.0125537104904651,-0.1184518113732338,-0.0052300724200904,-0.0320604369044303,0.0223701782524585,-0.0235086996108293,0.000190426086192,-0.0340085805928531,-0.0116683718145731,-0.0411633531919765,-0.0046436492232161,-0.0490615699512071,-0.0002855393432741,-0.0599331378963282,0.0841247083128118,0.0570525851156613,0.085103922610886,-0.1153988507298618,0.1521236976751496,2019-02-28,2019-03-01,2019-03-04,2019-03-05,2019-03-06,2019-03-07,2019-03-08,2019-03-11,2019-03-12,2019-03-13,61399.0,2019-02-27,252.0,2.4660%,0.0005,1.124,0.1809,0.1916,1.3626%,1.7803%,41.4234%,0.0234319999999999,LOW,61399.0,2019-02-28,252.0,-2.3509%,0.0005,1.126,0.1816,0.1978,1.3683%,1.7831%,41.1163%,-0.019681,LOW,61399.0,2019-03-01,252.0,-1.0753%,0.0006,1.0906,0.1289,0.1518,1.3341%,1.7362%,40.9539%,-0.018685,LOW,61399.0,2019-03-04,252.0,-0.7407%,0.0006,1.0875,0.1412,0.1521,1.3334%,1.7328%,40.7849%,-0.001902,LOW,61399.0,2019-03-05,252.0,-0.1744%,0.0008,1.0964,0.2099,0.1583,1.3100%,1.7220%,42.1326%,0.0008169999999999,LOW,61399.0,2019-03-06,252.0,-0.6504%,0.0008,1.0947,0.2006,0.1552,1.3102%,1.7213%,42.0614%,0.0051959999999999,LOW,61399.0,2019-03-07,252.0,-1.5927%,0.0007,1.0973,0.1992,0.1583,1.3109%,1.7238%,42.1693%,-0.006388,LOW,61399.0,2019-03-08,252.0,-1.3703%,0.0007,1.098,0.2143,0.1586,1.3101%,1.7245%,42.2796%,-0.011209,LOW,61399.0,2019-03-11,252.0,1.0772%,0.0007,1.0948,0.209,0.1572,1.3106%,1.7256%,42.3120%,-0.005625,LOW,61399.0,2019-03-12,252.0,0.4582%,0.0008,1.1004,0.2071,0.1628,1.3101%,1.7241%,42.2582%,0.002466,LOW,61399.0,2019-03-13,252.0,0.3074%,0.0007,1.0989,0.2061,0.161,1.3102%,1.7239%,42.2420%,-0.003967,LOW,0.0037509999999999,-0.014934,-0.016836,-0.010823,-0.035546
12451,L X P INDUSTRIAL TRUST,Lexington Realty Trust Sees FY19 EPS $1.36-$1.40. Adj. FFO $0.75-$0.79,6,uncertain,0.6,0.3,"the guidance for eps and ffo is within a reasonable range, but without context on market expectations or previous performance, the impact on stock price is unclear.",1,2019-02-27,LXP,2019-02-27 11:24:00+00:00,79770.0,52904310,-0.0136698326095938,3742974.0,-0.0095948986709117,0.0042238608002662,-0.0322928093373775,-0.0125130219385027,-0.0033370114397257,0.0073529086075723,-0.0100446594879031,0.0,0.0011274215066805,-0.0052245808765292,-0.0067568039521574,-0.006230573169887,-0.0011337046744301,0.0041710073128342,0.0136208720505237,0.0052411099895834,0.0111981434747576,0.0084566511213779,0.0066445651464164,-0.0042105223983526,-0.004400435835123,0.0031678704544901,-0.0121547635644674,-0.0031578666530549,-0.0022370810620486,0.0160427391529083,0.00336319883354,-0.0095338141545653,0.0111732268705964,-0.0010582252871245,0.0176795404404401,-0.007353008724749,-0.0086862025782465,-0.0093651618808507,0.0,0.0158561971038579,0.006571683101356,0.0031813078094273,-0.003264389000833,0.0042598466388881,0.0090066045522689,0.0151351718232035,-0.0087527269497513,0.0109290042892098,0.0187636986374855,-0.0021810750477015,0.0097508300095796,0.0110254008322954,0.0085836835205554,0.0066592078655958,0.0010638542007654,0.0022247449960559,-0.0031880694441497,0.0011136112734675,-0.0149254091084003,0.0158370342105627,-0.0183982774615287,0.007981720380485,0.0154355401173234,0.0011415786575526,0.0054289023391902,0.0022883820347487,-0.0021598765160888,0.0127461943775415,-0.0129870008677244,0.0034883408807218,-0.0208332873880863,0.0129564916715025,0.0033594325650483,0.0216605700552463,0.0066964752040803,0.0271940995007753,-0.0166297741234302,-0.003694548504427,0.0281848926097154,-0.0109622599557042,0.0032894443720579,0.0048959562554955,-0.0131147420033812,0.0045125931501388,0.0066445651464164,0.0,-0.0110011417418718,0.0518987737596035,0.0088987685739994,-0.0282902847975492,-0.0055125951766967,-0.0036764380056411,-0.006651930976659,-0.0262530148029327,0.0200893189758062,-0.0175849497318267,0.0032822464127093,0.0203349385410547,-0.0141766751185059,-0.0467503741383552,-0.003318554488942,0.0,0.0122086182236671,0.0185831375420093,0.007675405126065,-0.0148741556331515,-0.003264389000833,0.0045976969413459,-0.0010917281033471,-0.0124858804047107,0.0043715806677937,0.0,0.0065288818441331,0.0376914776861667,-0.0075675346888601,-0.035227321088314,-0.0174291767179966,0.0022779565770179,0.0077604977414011,0.0150289153680205,-0.0022002703044563,-0.0057471483014523,0.0055127004161477,0.0163550674915313,-0.0095948986709117,0.0042238608002662,-0.041577861774898,-0.0083420144010953,-0.0447761274142416,-0.0010504438630173,-0.0533049035063964,-0.006269536610628,-0.0309168398258942,0.001052655080306,-0.0071124813591388,0.0856164344652823,-0.0168149820305218,0.135118260193608,2019-02-28,2019-03-01,2019-03-04,2019-03-05,2019-03-06,2019-03-07,2019-03-08,2019-03-11,2019-03-12,2019-03-13,79770.0,2019-02-27,252.0,-1.3670%,0.0008,0.568,0.3481,0.1344,1.2179%,1.3582%,19.5998%,-0.0147879999999999,LXP,79770.0,2019-02-28,252.0,-0.9595%,0.0009,0.5572,0.3404,0.1286,1.2102%,1.3458%,19.1336%,-0.007668,LXP,79770.0,2019-03-01,252.0,-3.2293%,0.0007,0.5445,0.3214,0.1264,1.2322%,1.3584%,17.7097%,-0.036868,LXP,79770.0,2019-03-04,252.0,-0.3337%,0.0007,0.5434,0.3256,0.1265,1.2321%,1.3581%,17.6934%,0.000197,LXP,79770.0,2019-03-05,252.0,-1.0045%,0.0007,0.546,0.3404,0.1316,1.2329%,1.3599%,17.8031%,-0.0078979999999999,LXP,79770.0,2019-03-06,252.0,0.1127%,0.0007,0.5385,0.3249,0.121,1.2334%,1.3578%,17.4900%,0.00986,LXP,79770.0,2019-03-07,252.0,-0.6757%,0.0007,0.5385,0.3197,0.1195,1.2331%,1.3574%,17.4797%,-0.001805,LXP,79770.0,2019-03-08,252.0,-0.1134%,0.0007,0.5382,0.3258,0.1187,1.2326%,1.3573%,17.5320%,4e-06,LXP,79770.0,2019-03-11,252.0,1.3621%,0.0007,0.5404,0.3258,0.1176,1.2328%,1.3597%,17.7876%,0.004957,LXP,79770.0,2019-03-12,252.0,1.1198%,0.0009,0.5537,0.3184,0.1297,1.2310%,1.3608%,18.1657%,0.010763,LXP,79770.0,2019-03-13,252.0,0.6645%,0.0008,0.5548,0.3119,0.1294,1.2303%,1.3603%,18.2013%,0.003705,LXP,-0.022456,-0.059324,-0.059127,-0.057165,-0.039541
12459,L X P INDUSTRIAL TRUST,"Lexington Realty Q4 Adj. FFO $0.22 Down From $0.26 YoY, Sales $87.251M Beat $85.3M Estimate",6,decrease,0.7,0.5,"the decline in adjusted ffo from $0.26 to $0.22 year-over-year suggests weakening profitability, which may negatively impact investor sentiment despite the sales beat.",0,2019-02-27,LXP,2019-02-27 11:23:00+00:00,79770.0,52904310,-0.0136698326095938,3742974.0,-0.0095948986709117,0.0042238608002662,-0.0322928093373775,-0.0125130219385027,-0.0033370114397257,0.0073529086075723,-0.0100446594879031,0.0,0.0011274215066805,-0.0052245808765292,-0.0067568039521574,-0.006230573169887,-0.0011337046744301,0.0041710073128342,0.0136208720505237,0.0052411099895834,0.0111981434747576,0.0084566511213779,0.0066445651464164,-0.0042105223983526,-0.004400435835123,0.0031678704544901,-0.0121547635644674,-0.0031578666530549,-0.0022370810620486,0.0160427391529083,0.00336319883354,-0.0095338141545653,0.0111732268705964,-0.0010582252871245,0.0176795404404401,-0.007353008724749,-0.0086862025782465,-0.0093651618808507,0.0,0.0158561971038579,0.006571683101356,0.0031813078094273,-0.003264389000833,0.0042598466388881,0.0090066045522689,0.0151351718232035,-0.0087527269497513,0.0109290042892098,0.0187636986374855,-0.0021810750477015,0.0097508300095796,0.0110254008322954,0.0085836835205554,0.0066592078655958,0.0010638542007654,0.0022247449960559,-0.0031880694441497,0.0011136112734675,-0.0149254091084003,0.0158370342105627,-0.0183982774615287,0.007981720380485,0.0154355401173234,0.0011415786575526,0.0054289023391902,0.0022883820347487,-0.0021598765160888,0.0127461943775415,-0.0129870008677244,0.0034883408807218,-0.0208332873880863,0.0129564916715025,0.0033594325650483,0.0216605700552463,0.0066964752040803,0.0271940995007753,-0.0166297741234302,-0.003694548504427,0.0281848926097154,-0.0109622599557042,0.0032894443720579,0.0048959562554955,-0.0131147420033812,0.0045125931501388,0.0066445651464164,0.0,-0.0110011417418718,0.0518987737596035,0.0088987685739994,-0.0282902847975492,-0.0055125951766967,-0.0036764380056411,-0.006651930976659,-0.0262530148029327,0.0200893189758062,-0.0175849497318267,0.0032822464127093,0.0203349385410547,-0.0141766751185059,-0.0467503741383552,-0.003318554488942,0.0,0.0122086182236671,0.0185831375420093,0.007675405126065,-0.0148741556331515,-0.003264389000833,0.0045976969413459,-0.0010917281033471,-0.0124858804047107,0.0043715806677937,0.0,0.0065288818441331,0.0376914776861667,-0.0075675346888601,-0.035227321088314,-0.0174291767179966,0.0022779565770179,0.0077604977414011,0.0150289153680205,-0.0022002703044563,-0.0057471483014523,0.0055127004161477,0.0163550674915313,-0.0095948986709117,0.0042238608002662,-0.041577861774898,-0.0083420144010953,-0.0447761274142416,-0.0010504438630173,-0.0533049035063964,-0.006269536610628,-0.0309168398258942,0.001052655080306,-0.0071124813591388,0.0856164344652823,-0.0168149820305218,0.135118260193608,2019-02-28,2019-03-01,2019-03-04,2019-03-05,2019-03-06,2019-03-07,2019-03-08,2019-03-11,2019-03-12,2019-03-13,79770.0,2019-02-27,252.0,-1.3670%,0.0008,0.568,0.3481,0.1344,1.2179%,1.3582%,19.5998%,-0.0147879999999999,LXP,79770.0,2019-02-28,252.0,-0.9595%,0.0009,0.5572,0.3404,0.1286,1.2102%,1.3458%,19.1336%,-0.007668,LXP,79770.0,2019-03-01,252.0,-3.2293%,0.0007,0.5445,0.3214,0.1264,1.2322%,1.3584%,17.7097%,-0.036868,LXP,79770.0,2019-03-04,252.0,-0.3337%,0.0007,0.5434,0.3256,0.1265,1.2321%,1.3581%,17.6934%,0.000197,LXP,79770.0,2019-03-05,252.0,-1.0045%,0.0007,0.546,0.3404,0.1316,1.2329%,1.3599%,17.8031%,-0.0078979999999999,LXP,79770.0,2019-03-06,252.0,0.1127%,0.0007,0.5385,0.3249,0.121,1.2334%,1.3578%,17.4900%,0.00986,LXP,79770.0,2019-03-07,252.0,-0.6757%,0.0007,0.5385,0.3197,0.1195,1.2331%,1.3574%,17.4797%,-0.001805,LXP,79770.0,2019-03-08,252.0,-0.1134%,0.0007,0.5382,0.3258,0.1187,1.2326%,1.3573%,17.5320%,4e-06,LXP,79770.0,2019-03-11,252.0,1.3621%,0.0007,0.5404,0.3258,0.1176,1.2328%,1.3597%,17.7876%,0.004957,LXP,79770.0,2019-03-12,252.0,1.1198%,0.0009,0.5537,0.3184,0.1297,1.2310%,1.3608%,18.1657%,0.010763,LXP,79770.0,2019-03-13,252.0,0.6645%,0.0008,0.5548,0.3119,0.1294,1.2303%,1.3603%,18.2013%,0.003705,LXP,-0.022456,-0.059324,-0.059127,-0.057165,-0.039541
12467,MAGNA INTERNATIONAL INC,"Citigroup Maintains Buy on Magna International, Raises Price Target to $66",6,increase,0.8,0.7,a maintained 'buy' rating along with a raised price target typically signals positive sentiment and potential for stock price appreciation.,2,2019-02-27,MGA,2019-02-27 13:19:00+00:00,78045.0,55922240,-0.0026355306617915,919400.0,-0.0047187618911266,-0.0061740283854305,-0.0026550234761089,-0.018185120075941,-0.0007606183062307,0.0349809937179088,-0.0045670382678508,-0.0054830955341458,-0.0193080119788646,0.0208453573286533,-0.0170564893633127,-0.0036538196727633,-0.0013983158860355,0.0104936053976416,0.0092018218711018,0.0076365652494132,-0.0085232965648174,-0.0019542402587831,-0.0013994340552017,0.019322657957673,-0.024224204942584,0.0042008217424154,0.0022568074055016,-0.0147812375798821,0.0092118885368108,-0.0353611558675766,0.0070994379930198,0.0015231914585456,-0.0134945008903741,0.0003809611080214,-0.0032666362822055,0.0015261700609698,-0.0280622486025095,-0.0092610409483313,-0.0031612543389201,0.0043659745715558,0.0088795349001884,0.0138568365946412,0.0083821816369891,-0.0051694517023861,0.0099750533699989,-0.0024828317109495,0.0018518550787121,0.0266666784882545,0.0347094386816024,0.0179641023278236,0.009924572892487,-0.0001996036007767,0.0108097335323691,-0.0157139897346496,0.0159439947456121,0.0153570100665092,0.0047846888191998,-0.0025860567111521,0.0160000026226043,0.0003980190667789,-0.0121860057115554,-0.0009940206073224,0.0189789347350597,0.001194218872115,-0.006891394034028,0.0037962526548653,0.0151913240551948,0.0210118070244789,-0.0031406241469085,0.0289672780781984,0.019458845257759,0.0251774936914444,0.0147246206179261,0.0204216130077838,0.0146900694817304,0.0307831726968288,-0.0084745679050683,-0.0305025111883878,0.0021367331501096,0.002640240592882,-0.0053304769098758,-0.0017570396885275,-0.0287602823227644,-0.0225419271737337,0.0095641063526272,0.022163750603795,0.0060120574198663,0.0354465208947658,0.0076059065759181,-0.0282623656094074,-0.0161753725260496,0.0031007616780698,-0.0018268594285473,0.002887629205361,0.0025622143875807,-0.0070577790029346,-0.0082146218046545,0.0234763193875551,-0.0127002103254199,-0.0233686361461877,-0.0082028079777956,-0.0026384990196675,-0.1003759428858757,-0.0030688161496073,-0.0112829273566603,0.0153571916744113,-0.0422654263675212,0.0098898317664861,-0.0022064975928515,-0.0221977662295103,0.0057496312074363,-0.0304709207266569,-0.0195690281689167,-0.0111672729253768,-0.001569851883687,-0.0624259151518344,-0.0163971148431301,0.0150391021743416,0.0157569907605648,0.0072712707333266,-0.0062949368730187,0.0093781668692827,-0.0059954989701509,0.016580294817686,-0.0047187618911266,-0.0061740283854305,-0.0073612569436364,-0.0242468730138303,-0.0081162761430789,0.0098859409915028,-0.0317100851561956,0.025284646179686,-0.05031711718093,0.0581672942336388,0.0207902293120556,0.0573247857493339,-0.1646783471146269,0.1009326224529341,2019-02-28,2019-03-01,2019-03-04,2019-03-05,2019-03-06,2019-03-07,2019-03-08,2019-03-11,2019-03-12,2019-03-13,78045.0,2019-02-27,252.0,-0.2636%,-0.0001,1.1262,0.1741,0.3339,1.6038%,1.9565%,32.8098%,-0.003677,MGA,78045.0,2019-02-28,252.0,-0.4719%,-0.0001,1.1287,0.1758,0.3358,1.6035%,1.9558%,32.7768%,-0.000528,MGA,78045.0,2019-03-01,252.0,-0.2655%,-0.0001,1.1157,0.1564,0.3202,1.6007%,1.9452%,32.2847%,-0.010038,MGA,78045.0,2019-03-04,252.0,-0.0761%,0.0,1.1088,0.1753,0.3229,1.5986%,1.9386%,31.9998%,0.004328,MGA,78045.0,2019-03-05,252.0,-0.4567%,0.0001,1.1157,0.2278,0.3283,1.5877%,1.9343%,32.6227%,-0.001454,MGA,78045.0,2019-03-06,252.0,-1.9308%,0.0001,1.1247,0.238,0.3399,1.5868%,1.9382%,32.9708%,-0.007287,MGA,78045.0,2019-03-07,252.0,-1.7056%,0.0001,1.1283,0.2427,0.3461,1.5873%,1.9411%,33.1276%,-0.0066359999999999,MGA,78045.0,2019-03-08,252.0,-0.1398%,0.0002,1.1278,0.2488,0.3449,1.5870%,1.9409%,33.1456%,0.001461,MGA,78045.0,2019-03-11,252.0,0.9202%,0.0001,1.124,0.2505,0.3478,1.5872%,1.9412%,33.1473%,-0.006794,MGA,78045.0,2019-03-12,252.0,-0.8523%,0.0001,1.1272,0.2546,0.3531,1.5883%,1.9398%,32.9514%,-0.010444,MGA,78045.0,2019-03-13,252.0,-0.1399%,0.0001,1.1243,0.2578,0.3508,1.5893%,1.9398%,32.8734%,-0.008622,MGA,-0.004205,-0.014243,-0.009915,-0.018656,-0.049691
12475,M G P INGREDIENTS INC,MGP Ingredients shares are trading higher after the company beat Q4 EPS and sales estimates; the company also provided FY19 EPS guidance above analyst estimates.,6,increase,0.85,0.7,"beating eps and sales estimates, along with providing positive fy19 eps guidance, typically boosts investor confidence and can lead to an increase in stock price.",2,2019-02-27,MGPI,2019-02-27 15:19:00+00:00,12226.0,55303J10,0.0290637146681547,762345.0,0.0228693056851625,-0.0054994281381368,0.0007331116357818,0.0024359286762773,-0.0028080008924007,0.002184224082157,-0.0052644503302872,0.017252642661333,0.0,-0.0146812535822391,-0.0152615122497081,0.0183606762439012,0.0019997004419565,0.0357239507138729,0.0321816392242908,-0.0153804188594222,-0.0095468200743198,0.0087694805115461,-0.0318837128579616,0.0295875109732151,-0.0156466607004404,0.0135154034942388,-0.014485384337604,0.0134113635867834,-0.0013007086236029,-0.0098884664475917,-0.0289137959480285,0.0092672016471624,0.0328595042228698,-0.0128079326823353,0.0099986577406525,-0.0016860350733622,-0.0069426707923412,-0.0086363386362791,0.0243397839367389,0.0112692359834909,-0.0221183001995086,-0.0061599109321832,-0.0003878300194628,-0.0256444867700338,0.0,0.0469865910708904,-0.0024566177744418,-0.0028482566121965,0.0204796083271503,0.0116697521880269,-0.0132097154855728,0.0310458112508058,0.0037327958270907,-0.010291046462953,0.0096178501844406,0.0296699833124876,0.0,0.0256170444190502,-0.001778318430297,0.0253104735165834,-0.0105610666796565,0.0046377885155379,-0.0009002017905004,-0.0483944676816463,0.0007722687441855,-0.0091978376731276,0.0178778059780597,0.0562191233038902,0.0064443028531968,0.0383661277592182,0.0214689150452613,0.034205574542284,0.0185595154762268,0.0053301472216844,0.0534572228789329,0.0350596420466899,-0.0215349923819303,-0.0033700326457619,0.0309061054140329,-0.0117440521717071,-0.0030660533811897,-0.0054044867865741,-0.010023889131844,-0.0027816384099423,0.0078241014853119,0.0117854354903101,-0.0139284580945968,0.0101279262453317,0.0173671413213014,-0.0063559431582689,-0.2285194247961044,0.0030104154720902,0.0184392984956502,0.0112822540104389,0.0506952479481697,-0.0058749872259795,-0.0190239492803812,0.0229466091841459,-0.0184092912822961,-0.0283135473728179,-0.0216177832335233,0.0010628442978486,-0.005414034705609,-0.0594801679253578,-0.0188318192958831,0.0123123554512858,-0.0220423024147748,-0.0216171219944953,-0.0013799822190776,-0.0155945885926485,0.011686947196722,-0.0310089327394962,-0.0047119250521063,-0.0218629445880651,-0.0236713960766792,-0.0396273918449878,0.0104801841080188,-0.0052949055097997,-0.0006192092550918,0.0054716817103326,0.0044919596984982,-0.0055881948210299,-0.020508836954832,0.0025062386412173,0.0228693056851625,-0.0054994281381368,0.0236191830750445,-0.0030768956765643,0.0207448594954913,-0.0008993922240423,0.0153711988827813,0.0014166215532698,-0.0084127107227121,0.0801500855421493,-0.0279316227996575,0.1833815743798874,-0.2040065524657015,0.1463953998405387,2019-02-28,2019-03-01,2019-03-04,2019-03-05,2019-03-06,2019-03-07,2019-03-08,2019-03-11,2019-03-12,2019-03-13,12226.0,2019-02-27,252.0,2.9064%,-0.0002,0.5648,0.505,-0.1447,2.3250%,2.4323%,8.6255%,0.0273159999999999,MGPI,12226.0,2019-02-28,252.0,2.2869%,-0.0001,0.5612,0.5033,-0.153,2.3300%,2.4362%,8.5311%,0.024058,MGPI,12226.0,2019-03-01,252.0,0.0733%,-0.0001,0.557,0.4971,-0.157,2.3300%,2.4348%,8.4236%,-0.005469,MGPI,12226.0,2019-03-04,252.0,-0.2808%,0.0002,0.5158,0.6313,-0.1458,2.2634%,2.3697%,8.7720%,0.002599,MGPI,12226.0,2019-03-05,252.0,-0.5264%,-0.0001,0.5005,0.5101,-0.1556,2.2192%,2.3137%,8.0027%,-0.002871,MGPI,12226.0,2019-03-06,252.0,0.0000%,-0.0,0.4945,0.4895,-0.1652,2.2201%,2.3134%,7.9046%,0.010603,MGPI,12226.0,2019-03-07,252.0,-1.5262%,0.0003,0.5226,0.6057,-0.0949,2.1410%,2.2472%,9.2276%,-0.0114989999999999,MGPI,12226.0,2019-03-08,252.0,0.2000%,0.0002,0.5243,0.5729,-0.0905,2.1328%,2.2364%,9.0469%,0.002595,MGPI,12226.0,2019-03-11,252.0,3.2182%,0.0003,0.5353,0.5844,-0.0896,2.1370%,2.2453%,9.4122%,0.021747,MGPI,12226.0,2019-03-12,252.0,-0.9547%,0.0003,0.5463,0.5864,-0.0761,2.1361%,2.2458%,9.5327%,-0.00941,MGPI,12226.0,2019-03-13,252.0,-3.1884%,0.0002,0.5352,0.6011,-0.0847,2.1468%,2.2550%,9.3644%,-0.033751,MGPI,0.051374,0.045905,0.048504,0.056236,0.0259179999999999
12483,M G P INGREDIENTS INC,MGP Ingredients Sees FY19 EPS $2.55-$2.56 vs $2.45 Est.,6,increase,0.8,0.6,"the company's projected eps for fy19 exceeds analyst estimates, which is likely to be viewed positively by investors, potentially driving the stock price up.",2,2019-02-27,MGPI,2019-02-27 12:44:00+00:00,12226.0,55303J10,0.0290637146681547,762345.0,0.0228693056851625,-0.0054994281381368,0.0007331116357818,0.0024359286762773,-0.0028080008924007,0.002184224082157,-0.0052644503302872,0.017252642661333,0.0,-0.0146812535822391,-0.0152615122497081,0.0183606762439012,0.0019997004419565,0.0357239507138729,0.0321816392242908,-0.0153804188594222,-0.0095468200743198,0.0087694805115461,-0.0318837128579616,0.0295875109732151,-0.0156466607004404,0.0135154034942388,-0.014485384337604,0.0134113635867834,-0.0013007086236029,-0.0098884664475917,-0.0289137959480285,0.0092672016471624,0.0328595042228698,-0.0128079326823353,0.0099986577406525,-0.0016860350733622,-0.0069426707923412,-0.0086363386362791,0.0243397839367389,0.0112692359834909,-0.0221183001995086,-0.0061599109321832,-0.0003878300194628,-0.0256444867700338,0.0,0.0469865910708904,-0.0024566177744418,-0.0028482566121965,0.0204796083271503,0.0116697521880269,-0.0132097154855728,0.0310458112508058,0.0037327958270907,-0.010291046462953,0.0096178501844406,0.0296699833124876,0.0,0.0256170444190502,-0.001778318430297,0.0253104735165834,-0.0105610666796565,0.0046377885155379,-0.0009002017905004,-0.0483944676816463,0.0007722687441855,-0.0091978376731276,0.0178778059780597,0.0562191233038902,0.0064443028531968,0.0383661277592182,0.0214689150452613,0.034205574542284,0.0185595154762268,0.0053301472216844,0.0534572228789329,0.0350596420466899,-0.0215349923819303,-0.0033700326457619,0.0309061054140329,-0.0117440521717071,-0.0030660533811897,-0.0054044867865741,-0.010023889131844,-0.0027816384099423,0.0078241014853119,0.0117854354903101,-0.0139284580945968,0.0101279262453317,0.0173671413213014,-0.0063559431582689,-0.2285194247961044,0.0030104154720902,0.0184392984956502,0.0112822540104389,0.0506952479481697,-0.0058749872259795,-0.0190239492803812,0.0229466091841459,-0.0184092912822961,-0.0283135473728179,-0.0216177832335233,0.0010628442978486,-0.005414034705609,-0.0594801679253578,-0.0188318192958831,0.0123123554512858,-0.0220423024147748,-0.0216171219944953,-0.0013799822190776,-0.0155945885926485,0.011686947196722,-0.0310089327394962,-0.0047119250521063,-0.0218629445880651,-0.0236713960766792,-0.0396273918449878,0.0104801841080188,-0.0052949055097997,-0.0006192092550918,0.0054716817103326,0.0044919596984982,-0.0055881948210299,-0.020508836954832,0.0025062386412173,0.0228693056851625,-0.0054994281381368,0.0236191830750445,-0.0030768956765643,0.0207448594954913,-0.0008993922240423,0.0153711988827813,0.0014166215532698,-0.0084127107227121,0.0801500855421493,-0.0279316227996575,0.1833815743798874,-0.2040065524657015,0.1463953998405387,2019-02-28,2019-03-01,2019-03-04,2019-03-05,2019-03-06,2019-03-07,2019-03-08,2019-03-11,2019-03-12,2019-03-13,12226.0,2019-02-27,252.0,2.9064%,-0.0002,0.5648,0.505,-0.1447,2.3250%,2.4323%,8.6255%,0.0273159999999999,MGPI,12226.0,2019-02-28,252.0,2.2869%,-0.0001,0.5612,0.5033,-0.153,2.3300%,2.4362%,8.5311%,0.024058,MGPI,12226.0,2019-03-01,252.0,0.0733%,-0.0001,0.557,0.4971,-0.157,2.3300%,2.4348%,8.4236%,-0.005469,MGPI,12226.0,2019-03-04,252.0,-0.2808%,0.0002,0.5158,0.6313,-0.1458,2.2634%,2.3697%,8.7720%,0.002599,MGPI,12226.0,2019-03-05,252.0,-0.5264%,-0.0001,0.5005,0.5101,-0.1556,2.2192%,2.3137%,8.0027%,-0.002871,MGPI,12226.0,2019-03-06,252.0,0.0000%,-0.0,0.4945,0.4895,-0.1652,2.2201%,2.3134%,7.9046%,0.010603,MGPI,12226.0,2019-03-07,252.0,-1.5262%,0.0003,0.5226,0.6057,-0.0949,2.1410%,2.2472%,9.2276%,-0.0114989999999999,MGPI,12226.0,2019-03-08,252.0,0.2000%,0.0002,0.5243,0.5729,-0.0905,2.1328%,2.2364%,9.0469%,0.002595,MGPI,12226.0,2019-03-11,252.0,3.2182%,0.0003,0.5353,0.5844,-0.0896,2.1370%,2.2453%,9.4122%,0.021747,MGPI,12226.0,2019-03-12,252.0,-0.9547%,0.0003,0.5463,0.5864,-0.0761,2.1361%,2.2458%,9.5327%,-0.00941,MGPI,12226.0,2019-03-13,252.0,-3.1884%,0.0002,0.5352,0.6011,-0.0847,2.1468%,2.2550%,9.3644%,-0.033751,MGPI,0.051374,0.045905,0.048504,0.056236,0.0259179999999999
12491,M G P INGREDIENTS INC,"MGP Ingredients Q4 EPS $0.69 Beats $0.56 Estimate, Sales $104.9M Beat $99.78M Estimate",6,increase,0.8,0.7,"the company reported better-than-expected earnings and sales, which typically leads to positive investor sentiment and an increase in stock price.",2,2019-02-27,MGPI,2019-02-27 12:43:00+00:00,12226.0,55303J10,0.0290637146681547,762345.0,0.0228693056851625,-0.0054994281381368,0.0007331116357818,0.0024359286762773,-0.0028080008924007,0.002184224082157,-0.0052644503302872,0.017252642661333,0.0,-0.0146812535822391,-0.0152615122497081,0.0183606762439012,0.0019997004419565,0.0357239507138729,0.0321816392242908,-0.0153804188594222,-0.0095468200743198,0.0087694805115461,-0.0318837128579616,0.0295875109732151,-0.0156466607004404,0.0135154034942388,-0.014485384337604,0.0134113635867834,-0.0013007086236029,-0.0098884664475917,-0.0289137959480285,0.0092672016471624,0.0328595042228698,-0.0128079326823353,0.0099986577406525,-0.0016860350733622,-0.0069426707923412,-0.0086363386362791,0.0243397839367389,0.0112692359834909,-0.0221183001995086,-0.0061599109321832,-0.0003878300194628,-0.0256444867700338,0.0,0.0469865910708904,-0.0024566177744418,-0.0028482566121965,0.0204796083271503,0.0116697521880269,-0.0132097154855728,0.0310458112508058,0.0037327958270907,-0.010291046462953,0.0096178501844406,0.0296699833124876,0.0,0.0256170444190502,-0.001778318430297,0.0253104735165834,-0.0105610666796565,0.0046377885155379,-0.0009002017905004,-0.0483944676816463,0.0007722687441855,-0.0091978376731276,0.0178778059780597,0.0562191233038902,0.0064443028531968,0.0383661277592182,0.0214689150452613,0.034205574542284,0.0185595154762268,0.0053301472216844,0.0534572228789329,0.0350596420466899,-0.0215349923819303,-0.0033700326457619,0.0309061054140329,-0.0117440521717071,-0.0030660533811897,-0.0054044867865741,-0.010023889131844,-0.0027816384099423,0.0078241014853119,0.0117854354903101,-0.0139284580945968,0.0101279262453317,0.0173671413213014,-0.0063559431582689,-0.2285194247961044,0.0030104154720902,0.0184392984956502,0.0112822540104389,0.0506952479481697,-0.0058749872259795,-0.0190239492803812,0.0229466091841459,-0.0184092912822961,-0.0283135473728179,-0.0216177832335233,0.0010628442978486,-0.005414034705609,-0.0594801679253578,-0.0188318192958831,0.0123123554512858,-0.0220423024147748,-0.0216171219944953,-0.0013799822190776,-0.0155945885926485,0.011686947196722,-0.0310089327394962,-0.0047119250521063,-0.0218629445880651,-0.0236713960766792,-0.0396273918449878,0.0104801841080188,-0.0052949055097997,-0.0006192092550918,0.0054716817103326,0.0044919596984982,-0.0055881948210299,-0.020508836954832,0.0025062386412173,0.0228693056851625,-0.0054994281381368,0.0236191830750445,-0.0030768956765643,0.0207448594954913,-0.0008993922240423,0.0153711988827813,0.0014166215532698,-0.0084127107227121,0.0801500855421493,-0.0279316227996575,0.1833815743798874,-0.2040065524657015,0.1463953998405387,2019-02-28,2019-03-01,2019-03-04,2019-03-05,2019-03-06,2019-03-07,2019-03-08,2019-03-11,2019-03-12,2019-03-13,12226.0,2019-02-27,252.0,2.9064%,-0.0002,0.5648,0.505,-0.1447,2.3250%,2.4323%,8.6255%,0.0273159999999999,MGPI,12226.0,2019-02-28,252.0,2.2869%,-0.0001,0.5612,0.5033,-0.153,2.3300%,2.4362%,8.5311%,0.024058,MGPI,12226.0,2019-03-01,252.0,0.0733%,-0.0001,0.557,0.4971,-0.157,2.3300%,2.4348%,8.4236%,-0.005469,MGPI,12226.0,2019-03-04,252.0,-0.2808%,0.0002,0.5158,0.6313,-0.1458,2.2634%,2.3697%,8.7720%,0.002599,MGPI,12226.0,2019-03-05,252.0,-0.5264%,-0.0001,0.5005,0.5101,-0.1556,2.2192%,2.3137%,8.0027%,-0.002871,MGPI,12226.0,2019-03-06,252.0,0.0000%,-0.0,0.4945,0.4895,-0.1652,2.2201%,2.3134%,7.9046%,0.010603,MGPI,12226.0,2019-03-07,252.0,-1.5262%,0.0003,0.5226,0.6057,-0.0949,2.1410%,2.2472%,9.2276%,-0.0114989999999999,MGPI,12226.0,2019-03-08,252.0,0.2000%,0.0002,0.5243,0.5729,-0.0905,2.1328%,2.2364%,9.0469%,0.002595,MGPI,12226.0,2019-03-11,252.0,3.2182%,0.0003,0.5353,0.5844,-0.0896,2.1370%,2.2453%,9.4122%,0.021747,MGPI,12226.0,2019-03-12,252.0,-0.9547%,0.0003,0.5463,0.5864,-0.0761,2.1361%,2.2458%,9.5327%,-0.00941,MGPI,12226.0,2019-03-13,252.0,-3.1884%,0.0002,0.5352,0.6011,-0.0847,2.1468%,2.2550%,9.3644%,-0.033751,MGPI,0.051374,0.045905,0.048504,0.056236,0.0259179999999999
12499,M G P INGREDIENTS INC,MGP Ingredients Reports $25M Buyback; Co. Also Raises Dividend From $0.08 To $0.10/Share,6,increase,0.8,0.6,"the announcement of a $25 million buyback and an increase in the dividend typically signals strong financial health and shareholder value, which can positively influence the stock price.",2,2019-02-27,MGPI,2019-02-27 12:26:00+00:00,12226.0,55303J10,0.0290637146681547,762345.0,0.0228693056851625,-0.0054994281381368,0.0007331116357818,0.0024359286762773,-0.0028080008924007,0.002184224082157,-0.0052644503302872,0.017252642661333,0.0,-0.0146812535822391,-0.0152615122497081,0.0183606762439012,0.0019997004419565,0.0357239507138729,0.0321816392242908,-0.0153804188594222,-0.0095468200743198,0.0087694805115461,-0.0318837128579616,0.0295875109732151,-0.0156466607004404,0.0135154034942388,-0.014485384337604,0.0134113635867834,-0.0013007086236029,-0.0098884664475917,-0.0289137959480285,0.0092672016471624,0.0328595042228698,-0.0128079326823353,0.0099986577406525,-0.0016860350733622,-0.0069426707923412,-0.0086363386362791,0.0243397839367389,0.0112692359834909,-0.0221183001995086,-0.0061599109321832,-0.0003878300194628,-0.0256444867700338,0.0,0.0469865910708904,-0.0024566177744418,-0.0028482566121965,0.0204796083271503,0.0116697521880269,-0.0132097154855728,0.0310458112508058,0.0037327958270907,-0.010291046462953,0.0096178501844406,0.0296699833124876,0.0,0.0256170444190502,-0.001778318430297,0.0253104735165834,-0.0105610666796565,0.0046377885155379,-0.0009002017905004,-0.0483944676816463,0.0007722687441855,-0.0091978376731276,0.0178778059780597,0.0562191233038902,0.0064443028531968,0.0383661277592182,0.0214689150452613,0.034205574542284,0.0185595154762268,0.0053301472216844,0.0534572228789329,0.0350596420466899,-0.0215349923819303,-0.0033700326457619,0.0309061054140329,-0.0117440521717071,-0.0030660533811897,-0.0054044867865741,-0.010023889131844,-0.0027816384099423,0.0078241014853119,0.0117854354903101,-0.0139284580945968,0.0101279262453317,0.0173671413213014,-0.0063559431582689,-0.2285194247961044,0.0030104154720902,0.0184392984956502,0.0112822540104389,0.0506952479481697,-0.0058749872259795,-0.0190239492803812,0.0229466091841459,-0.0184092912822961,-0.0283135473728179,-0.0216177832335233,0.0010628442978486,-0.005414034705609,-0.0594801679253578,-0.0188318192958831,0.0123123554512858,-0.0220423024147748,-0.0216171219944953,-0.0013799822190776,-0.0155945885926485,0.011686947196722,-0.0310089327394962,-0.0047119250521063,-0.0218629445880651,-0.0236713960766792,-0.0396273918449878,0.0104801841080188,-0.0052949055097997,-0.0006192092550918,0.0054716817103326,0.0044919596984982,-0.0055881948210299,-0.020508836954832,0.0025062386412173,0.0228693056851625,-0.0054994281381368,0.0236191830750445,-0.0030768956765643,0.0207448594954913,-0.0008993922240423,0.0153711988827813,0.0014166215532698,-0.0084127107227121,0.0801500855421493,-0.0279316227996575,0.1833815743798874,-0.2040065524657015,0.1463953998405387,2019-02-28,2019-03-01,2019-03-04,2019-03-05,2019-03-06,2019-03-07,2019-03-08,2019-03-11,2019-03-12,2019-03-13,12226.0,2019-02-27,252.0,2.9064%,-0.0002,0.5648,0.505,-0.1447,2.3250%,2.4323%,8.6255%,0.0273159999999999,MGPI,12226.0,2019-02-28,252.0,2.2869%,-0.0001,0.5612,0.5033,-0.153,2.3300%,2.4362%,8.5311%,0.024058,MGPI,12226.0,2019-03-01,252.0,0.0733%,-0.0001,0.557,0.4971,-0.157,2.3300%,2.4348%,8.4236%,-0.005469,MGPI,12226.0,2019-03-04,252.0,-0.2808%,0.0002,0.5158,0.6313,-0.1458,2.2634%,2.3697%,8.7720%,0.002599,MGPI,12226.0,2019-03-05,252.0,-0.5264%,-0.0001,0.5005,0.5101,-0.1556,2.2192%,2.3137%,8.0027%,-0.002871,MGPI,12226.0,2019-03-06,252.0,0.0000%,-0.0,0.4945,0.4895,-0.1652,2.2201%,2.3134%,7.9046%,0.010603,MGPI,12226.0,2019-03-07,252.0,-1.5262%,0.0003,0.5226,0.6057,-0.0949,2.1410%,2.2472%,9.2276%,-0.0114989999999999,MGPI,12226.0,2019-03-08,252.0,0.2000%,0.0002,0.5243,0.5729,-0.0905,2.1328%,2.2364%,9.0469%,0.002595,MGPI,12226.0,2019-03-11,252.0,3.2182%,0.0003,0.5353,0.5844,-0.0896,2.1370%,2.2453%,9.4122%,0.021747,MGPI,12226.0,2019-03-12,252.0,-0.9547%,0.0003,0.5463,0.5864,-0.0761,2.1361%,2.2458%,9.5327%,-0.00941,MGPI,12226.0,2019-03-13,252.0,-3.1884%,0.0002,0.5352,0.6011,-0.0847,2.1468%,2.2550%,9.3644%,-0.033751,MGPI,0.051374,0.045905,0.048504,0.056236,0.0259179999999999
12507,MIDDLEBY CORP,Middleby shares are trading higher after the company reported better than expected Q4 EPS and revenue results.,6,increase,0.9,0.7,"better than expected q4 eps and revenue results typically lead to positive investor sentiment, driving the stock price higher.",2,2019-02-27,MIDD,2019-02-27 14:43:00+00:00,75470.0,59627810,0.0496227815747261,2653591.0,-0.0210030730813741,0.004970128647983,0.0044049345888197,-0.0043613542802631,-0.0007309050415642,-0.0065821805037558,0.0081274379044771,0.0112908352166414,0.0007255428936332,0.010042555630207,-0.0030612845439463,-0.0694543197751045,-0.0012929588556289,0.0178139545023441,0.0322032794356346,-0.0046534165740013,0.0008622764726169,0.0087407082319259,0.0016447296366095,0.0276114419102668,-0.0035186249297112,-0.0003325649886392,0.0095731420442461,-0.0104484101757407,0.017254788428545,-0.014672483317554,-0.0092451609671115,-0.0067632556892931,-0.0158093273639679,0.0179493054747581,0.0033693802542984,0.0132038202136755,-0.0156188989058136,0.0238054357469081,0.000634622760117,-0.0049910866655409,0.0103861512616276,0.0112926661968231,0.000863156048581,0.0069779250770807,0.0032143944408744,-0.007863231934607,0.0161769278347492,0.012373455800116,0.0193801764398813,-0.0016413478879258,0.0138061242178082,-0.0075445580296218,0.01220419164747,-0.0038431715220212,0.0105866957455873,0.0182624440640211,0.0043648392893373,0.026238240301609,-0.0086194584146142,0.006919520907104,-0.0225761421024799,0.0022516436874866,0.002915229415521,0.0093636251986026,0.004770063329488,-0.005155102815479,0.0003709150187205,0.0085743181407451,0.0052647688426077,0.0240052286535501,0.0009588376269675,0.023909717798233,-0.0053794821724295,0.0051913182251155,0.0005185749614611,0.0329692140221595,-0.0234745144844055,-0.0123578086495399,0.0117540238425135,-0.0074954177252948,0.01311647426337,0.0128167513757944,-0.0239698570221662,0.0109638040885329,0.0148564148694276,-0.0105522647500038,-0.0009709827718324,0.0336391739547252,-0.0121859274804592,-0.0387065596878528,-0.0020434742327779,-0.0153415314853191,0.0050053363665938,-0.0339298993349075,0.038182895630598,-0.0083194812759757,0.0024712628219276,0.0041770809330046,-0.0079031055793166,-0.0148147707805037,0.0020463259425014,-0.0086129149422049,-0.0136386482045054,0.0106285838410258,0.0027358408551663,-0.0022854008711874,-0.0081852413713932,0.0027500509750097,0.0167286247014999,-0.0025601754896342,0.0108958352357149,-0.0235693175345659,-0.0002894136414397,0.0010725064203143,-0.0122286723926663,-0.0620337128639221,-0.0060801543295383,-0.0124182468280196,0.021373888477683,0.0230371914803981,0.0043295631185173,-0.008315117098391,-0.0158786568790674,0.0177807677537202,-0.0210030730813741,0.004970128647983,-0.016690655655642,0.0005870978758675,-0.0174093614128406,-0.0059989470120805,-0.0087047112118165,0.0153191745806167,0.0213224565006211,-0.0078176548482223,0.0714741769059679,0.0845454833254442,0.0938348455602766,0.0198324468409174,2019-02-28,2019-03-01,2019-03-04,2019-03-05,2019-03-06,2019-03-07,2019-03-08,2019-03-11,2019-03-12,2019-03-13,75470.0,2019-02-27,252.0,4.9623%,-0.0001,0.7591,0.4475,0.1011,1.9133%,2.0814%,15.4966%,0.0480989999999999,MIDD,75470.0,2019-02-28,252.0,-2.1003%,-0.0001,0.7549,0.444,0.1023,1.9146%,2.0796%,15.2362%,-0.018587,MIDD,75470.0,2019-03-01,252.0,0.4405%,0.0,0.725,0.3995,0.057,1.8899%,2.0461%,14.6889%,-0.001998,MIDD,75470.0,2019-03-04,252.0,-0.0731%,0.0001,0.7179,0.4193,0.0597,1.8879%,2.0426%,14.5746%,0.004325,MIDD,75470.0,2019-03-05,252.0,0.8127%,0.0001,0.7149,0.4024,0.0536,1.8887%,2.0410%,14.3604%,0.010701,MIDD,75470.0,2019-03-06,252.0,0.0726%,0.0002,0.7128,0.3763,0.0478,1.8898%,2.0410%,14.2619%,0.011689,MIDD,75470.0,2019-03-07,252.0,-0.3061%,0.0002,0.7098,0.367,0.0411,1.8894%,2.0396%,14.1899%,0.003115,MIDD,75470.0,2019-03-08,252.0,-0.1293%,0.0001,0.7111,0.345,0.0444,1.8852%,2.0346%,14.1425%,6.5e-05,MIDD,75470.0,2019-03-11,252.0,3.2203%,0.0001,0.7208,0.3753,0.0567,1.8840%,2.0391%,14.6333%,0.020506,MIDD,75470.0,2019-03-12,252.0,0.0862%,0.0,0.7039,0.3789,0.0388,1.8797%,2.0295%,14.2125%,6.6e-05,MIDD,75470.0,2019-03-13,252.0,0.1645%,-0.0,0.7034,0.3768,0.0377,1.8796%,2.0292%,14.2043%,-0.0020499999999999,MIDD,0.0295119999999999,0.0275139999999999,0.031839,0.054229,0.075931
12515,MIDDLEBY CORP,"The Middleby Q4 Adj. EPS $1.79 Beats $1.65 Estimate, Sales $756.672M Beat $737.6M Estimate",6,increase,0.8,0.7,"the company reported better-than-expected earnings and sales, which typically leads to positive investor sentiment and an increase in stock price.",2,2019-02-27,MIDD,2019-02-27 12:07:00+00:00,75470.0,59627810,0.0496227815747261,2653591.0,-0.0210030730813741,0.004970128647983,0.0044049345888197,-0.0043613542802631,-0.0007309050415642,-0.0065821805037558,0.0081274379044771,0.0112908352166414,0.0007255428936332,0.010042555630207,-0.0030612845439463,-0.0694543197751045,-0.0012929588556289,0.0178139545023441,0.0322032794356346,-0.0046534165740013,0.0008622764726169,0.0087407082319259,0.0016447296366095,0.0276114419102668,-0.0035186249297112,-0.0003325649886392,0.0095731420442461,-0.0104484101757407,0.017254788428545,-0.014672483317554,-0.0092451609671115,-0.0067632556892931,-0.0158093273639679,0.0179493054747581,0.0033693802542984,0.0132038202136755,-0.0156188989058136,0.0238054357469081,0.000634622760117,-0.0049910866655409,0.0103861512616276,0.0112926661968231,0.000863156048581,0.0069779250770807,0.0032143944408744,-0.007863231934607,0.0161769278347492,0.012373455800116,0.0193801764398813,-0.0016413478879258,0.0138061242178082,-0.0075445580296218,0.01220419164747,-0.0038431715220212,0.0105866957455873,0.0182624440640211,0.0043648392893373,0.026238240301609,-0.0086194584146142,0.006919520907104,-0.0225761421024799,0.0022516436874866,0.002915229415521,0.0093636251986026,0.004770063329488,-0.005155102815479,0.0003709150187205,0.0085743181407451,0.0052647688426077,0.0240052286535501,0.0009588376269675,0.023909717798233,-0.0053794821724295,0.0051913182251155,0.0005185749614611,0.0329692140221595,-0.0234745144844055,-0.0123578086495399,0.0117540238425135,-0.0074954177252948,0.01311647426337,0.0128167513757944,-0.0239698570221662,0.0109638040885329,0.0148564148694276,-0.0105522647500038,-0.0009709827718324,0.0336391739547252,-0.0121859274804592,-0.0387065596878528,-0.0020434742327779,-0.0153415314853191,0.0050053363665938,-0.0339298993349075,0.038182895630598,-0.0083194812759757,0.0024712628219276,0.0041770809330046,-0.0079031055793166,-0.0148147707805037,0.0020463259425014,-0.0086129149422049,-0.0136386482045054,0.0106285838410258,0.0027358408551663,-0.0022854008711874,-0.0081852413713932,0.0027500509750097,0.0167286247014999,-0.0025601754896342,0.0108958352357149,-0.0235693175345659,-0.0002894136414397,0.0010725064203143,-0.0122286723926663,-0.0620337128639221,-0.0060801543295383,-0.0124182468280196,0.021373888477683,0.0230371914803981,0.0043295631185173,-0.008315117098391,-0.0158786568790674,0.0177807677537202,-0.0210030730813741,0.004970128647983,-0.016690655655642,0.0005870978758675,-0.0174093614128406,-0.0059989470120805,-0.0087047112118165,0.0153191745806167,0.0213224565006211,-0.0078176548482223,0.0714741769059679,0.0845454833254442,0.0938348455602766,0.0198324468409174,2019-02-28,2019-03-01,2019-03-04,2019-03-05,2019-03-06,2019-03-07,2019-03-08,2019-03-11,2019-03-12,2019-03-13,75470.0,2019-02-27,252.0,4.9623%,-0.0001,0.7591,0.4475,0.1011,1.9133%,2.0814%,15.4966%,0.0480989999999999,MIDD,75470.0,2019-02-28,252.0,-2.1003%,-0.0001,0.7549,0.444,0.1023,1.9146%,2.0796%,15.2362%,-0.018587,MIDD,75470.0,2019-03-01,252.0,0.4405%,0.0,0.725,0.3995,0.057,1.8899%,2.0461%,14.6889%,-0.001998,MIDD,75470.0,2019-03-04,252.0,-0.0731%,0.0001,0.7179,0.4193,0.0597,1.8879%,2.0426%,14.5746%,0.004325,MIDD,75470.0,2019-03-05,252.0,0.8127%,0.0001,0.7149,0.4024,0.0536,1.8887%,2.0410%,14.3604%,0.010701,MIDD,75470.0,2019-03-06,252.0,0.0726%,0.0002,0.7128,0.3763,0.0478,1.8898%,2.0410%,14.2619%,0.011689,MIDD,75470.0,2019-03-07,252.0,-0.3061%,0.0002,0.7098,0.367,0.0411,1.8894%,2.0396%,14.1899%,0.003115,MIDD,75470.0,2019-03-08,252.0,-0.1293%,0.0001,0.7111,0.345,0.0444,1.8852%,2.0346%,14.1425%,6.5e-05,MIDD,75470.0,2019-03-11,252.0,3.2203%,0.0001,0.7208,0.3753,0.0567,1.8840%,2.0391%,14.6333%,0.020506,MIDD,75470.0,2019-03-12,252.0,0.0862%,0.0,0.7039,0.3789,0.0388,1.8797%,2.0295%,14.2125%,6.6e-05,MIDD,75470.0,2019-03-13,252.0,0.1645%,-0.0,0.7034,0.3768,0.0377,1.8796%,2.0292%,14.2043%,-0.0020499999999999,MIDD,0.0295119999999999,0.0275139999999999,0.031839,0.054229,0.075931
12523,MAGELLAN MIDSTREAM PTNRS L P,Bank of America Downgrades Magellan Midstream to Neutral,6,decrease,0.8,0.6,"a downgrade from a major financial institution like bank of america typically signals reduced confidence in the stock's performance, which can lead to a decrease in its price.",0,2019-02-27,MMP,2019-02-27 11:42:00+00:00,88901.0,55908010,0.0111092384904623,2077536.0,-0.0018038800917565,0.0114036612212657,0.0103499442338943,0.0144607406109571,-0.0105691300705075,0.0075419717468321,-0.0065735038369894,-0.0161888543516397,-0.0158808771520853,-0.0138034559786319,0.0124390292912721,0.0219238772988319,-0.0054789641872048,-0.0047361091710627,0.0043405396863818,0.0035647442564368,0.0003324544231873,0.0087328478693962,-0.0019940002821385,0.023663492873311,0.0023309921380132,-0.0083434656262397,-0.0041528237052261,-0.0084453923627734,0.0156797096133232,-0.0184401981532573,0.0075545916333794,-0.0008726601372472,0.0034230302553623,-0.0047973683103919,0.0084470510482788,-0.004938259255141,-0.0119201298803091,-0.0113913873210549,-0.0125529905781149,-0.0345640331506729,-0.0051180678419768,0.0166107788681983,0.0031530442647635,0.0070774080231785,0.0056244856677949,-0.0125476643443107,-0.0026320093311369,0.0177820641547441,0.0072571104392409,0.008477346971631,0.0027837234083563,0.0044211633503437,0.0035923807881772,-0.0176933966577053,0.0099251642823219,0.0051738028414547,0.0069276671856641,0.0055275592021644,0.0027199706528335,0.0029348847456276,-0.00143603538163,0.0047509977594017,0.0044742533937096,-0.010696917772293,0.0003181746287737,-0.0116930892691016,0.0019083799561485,-0.0014395418111234,-0.0080952113494277,0.0146056720986962,0.0011201743036508,0.0215517114847898,-0.0102302301675081,0.0199526604264974,-0.0046834158711135,0.0393672734498977,0.0043809907510876,0.0045904330909252,-0.0067851692438125,-0.0073607075028121,-0.0017892096657305,0.0222142897546291,-0.0040736515074968,-0.0087018590420484,0.0039267293177545,-0.0047720121219754,0.0089634815230965,0.0395003035664558,0.0016152232419699,-0.0285561047494411,0.0079019786790013,-0.0100706666707992,-0.0206400137394666,-0.0073658712208271,0.0066982493735849,0.0036965161561965,0.0024342993274331,-0.0007035550079308,-0.0008904221467673,-0.0203343164175748,-0.0041179377585649,-0.0248697623610496,-0.0081044966354966,0.0120748141780495,0.0185092650353908,-0.0089331297203898,-0.0117878392338752,0.000505945936311,0.0016567009733989,0.0020276939030736,0.0163744911551475,-0.0174331609159708,0.0032546909060329,0.0009971975814551,-0.0001622406416572,-0.0211485773324966,0.002920186612755,0.0163690745830535,0.0155289405956864,0.001490315538831,0.0019114805618301,0.0059970119036734,-0.0163752399384975,0.0035105163697153,-0.0018038800917565,0.0114036612212657,0.0085273940837835,0.0260293072191588,-0.0021318631239579,0.0337675912656274,-0.0244342039909385,0.0029935207755509,-0.0150868815478293,0.0571428972411784,0.0308298002673461,-0.006033206971394,0.0313906596195949,0.0252048135659535,2019-02-28,2019-03-01,2019-03-04,2019-03-05,2019-03-06,2019-03-07,2019-03-08,2019-03-11,2019-03-12,2019-03-13,88901.0,2019-02-27,252.0,1.1109%,-0.0,0.7718,0.3444,0.2535,1.0840%,1.3374%,34.3123%,0.009956,MMP,88901.0,2019-02-28,252.0,-0.1804%,0.0,0.768,0.3419,0.2505,1.0832%,1.3333%,33.9965%,0.001053,MMP,88901.0,2019-03-01,252.0,1.0350%,0.0001,0.7612,0.3317,0.2378,1.0805%,1.3264%,33.6436%,0.004741,MMP,88901.0,2019-03-04,252.0,-1.0569%,0.0,0.7694,0.31,0.2343,1.0765%,1.3267%,34.1613%,-0.006301,MMP,88901.0,2019-03-05,252.0,-0.6574%,0.0,0.7707,0.3178,0.2367,1.0766%,1.3270%,34.1830%,-0.003832,MMP,88901.0,2019-03-06,252.0,-1.5881%,-0.0,0.7743,0.3282,0.2421,1.0770%,1.3305%,34.4663%,-0.005587,MMP,88901.0,2019-03-07,252.0,1.2439%,0.0001,0.7661,0.3269,0.2308,1.0839%,1.3327%,33.8512%,0.0197269999999999,MMP,88901.0,2019-03-08,252.0,-0.5479%,0.0001,0.7656,0.3437,0.2291,1.0799%,1.3305%,34.1316%,-0.003655,MMP,88901.0,2019-03-11,252.0,0.4341%,0.0001,0.762,0.3345,0.2257,1.0801%,1.3303%,34.0776%,-0.0072019999999999,MMP,88901.0,2019-03-12,252.0,0.0332%,0.0001,0.7641,0.3344,0.2281,1.0800%,1.3287%,33.9349%,-0.000545,MMP,88901.0,2019-03-13,252.0,-0.1994%,0.0,0.7625,0.3249,0.224,1.0760%,1.3245%,34.0082%,-0.0063929999999999,MMP,0.011009,0.01575,0.0094489999999999,2.9999999999998778e-05,0.0019619999999999
12531,MERIT MEDICAL SYSTEMS INC,Merit Medical Systems shares are trading higher after the company beat Q4 EPS and sales estimates.,6,increase,0.85,0.7,"beating q4 eps and sales estimates typically signals strong company performance, which is likely to boost investor confidence and drive the stock price higher.",2,2019-02-27,MMSI,2019-02-27 16:59:00+00:00,76392.0,58988910,-0.0111342966556549,948253.0,-0.0195285119116306,-0.0321602933108806,0.043603092432022,-0.0035234745591878,-0.0278541762381792,-0.0056723416782915,0.0022992086596786,-0.0154402498155832,-0.0118228020146489,0.0138218458741903,0.0267857145518064,0.0075503485277295,-0.0041739423759281,0.0168912783265113,0.0200838558375835,0.0129623226821422,0.0176339466124773,0.0,0.0164872072637081,0.0036426552105695,0.0044687264598906,0.0329690054059028,0.0032954483758658,0.0059481225907802,-0.0114961536601185,-0.0201342180371284,-0.0084731401875615,-0.0001766225614119,0.000502660521306,0.005504285916686,0.0189248211681842,-0.0019493285799399,-0.0340236648917198,-0.0017689452506601,0.0205887202173471,0.0334551744163036,0.0060020107775926,0.0249204020947217,-0.0062976642511785,-0.0024299265351146,0.006004013121128,-0.0197875015437603,0.0250331927090883,0.0083133336156606,0.0011321315541863,0.0087588746100664,-0.0021001787390559,-0.0001862925564637,-0.0237979795783758,0.0013059645425528,0.0021559048909693,0.0186240896582603,0.014562320895493,-0.0067950286902487,-0.0052193719893693,-0.0130402529612183,0.0039350362494587,0.0174374915659427,0.0155152827501297,-0.0078977430239319,0.0067545538768172,-0.0170055124908685,-0.0039936103858053,0.0328369103372097,0.0032077108044177,0.0121739339083433,-0.0039968024939298,0.0062220431864261,-0.0722311437129974,0.0023387044202536,-0.0024221348576247,0.0088478326797485,-0.0013874092837795,-0.0439849644899368,0.0281347502022981,-0.0467658229172229,-0.0456081219017505,0.0152810644358396,-0.0371681153774261,0.0226976964622736,0.0082720024511218,0.0093896714970469,0.010027403011918,0.0618145242333412,0.0140794003382325,-0.0157016534358263,-0.0300818551331758,-0.00352044403553,0.0434941984713077,-0.0246088728308677,0.0188181437551975,-0.0211017951369285,0.0174348056316375,-0.0179717503488063,-0.0295215118676424,-0.0310945287346839,-0.0089161209762096,-0.0235947370529174,0.0139354551210999,-0.0185595117509365,-0.0127000613138079,0.003588501131162,-0.0257268566638231,-0.0023866244591772,0.0179055500775575,-0.0037364338058978,0.0015991498949006,-0.0282224640250206,0.0058542103506624,-0.0154371261596679,-0.0319224223494529,-0.0216216314584016,-0.0167607609182596,-0.0023790278937667,-0.0061145420186221,0.0135026546195149,0.0070842853747308,0.019836051389575,-0.0342466160655021,0.04416299238801,-0.0195285119116306,-0.0321602933108806,0.0232230770104489,-0.0355704518947715,-0.0052779589075722,-0.0410410258162647,-0.0147783267457106,-0.0427976628746138,0.062983782164514,-0.0029488629089754,0.0939479282624293,0.0808574536917468,-0.0821604872361297,-0.0160903550950872,2019-02-28,2019-03-01,2019-03-04,2019-03-05,2019-03-06,2019-03-07,2019-03-08,2019-03-11,2019-03-12,2019-03-13,76392.0,2019-02-27,252.0,-1.1134%,0.0005,0.7727,0.2849,-0.4143,1.5287%,1.8150%,29.0622%,-0.012958,MMSI,76392.0,2019-02-28,252.0,-1.9529%,0.0004,0.7717,0.2836,-0.4107,1.5322%,1.8154%,28.7597%,-0.018326,MMSI,76392.0,2019-03-01,252.0,4.3603%,0.0007,0.7657,0.2748,-0.4361,1.5417%,1.8248%,28.6195%,0.0354919999999999,MMSI,76392.0,2019-03-04,252.0,-2.7854%,0.0005,0.7751,0.2631,-0.443,1.5451%,1.8333%,28.9680%,-0.0211629999999999,MMSI,76392.0,2019-03-05,252.0,0.2299%,0.0007,0.7827,0.3236,-0.4386,1.5287%,1.8265%,29.9474%,0.00328,MMSI,76392.0,2019-03-06,252.0,-1.1823%,0.0007,0.7906,0.321,-0.43,1.5264%,1.8277%,30.2508%,-0.001086,MMSI,76392.0,2019-03-07,252.0,2.6786%,0.0008,0.7745,0.3033,-0.4565,1.5383%,1.8335%,29.6031%,0.031984,MMSI,76392.0,2019-03-08,252.0,-0.4174%,0.0007,0.7764,0.2811,-0.4522,1.5333%,1.8272%,29.5823%,-0.0034879999999999,MMSI,76392.0,2019-03-11,252.0,2.0084%,0.0007,0.7788,0.2794,-0.4544,1.5334%,1.8312%,29.8799%,0.005062,MMSI,76392.0,2019-03-12,252.0,1.7634%,0.0009,0.7951,0.2691,-0.4401,1.5323%,1.8336%,30.1679%,0.016016,MMSI,76392.0,2019-03-13,252.0,1.6487%,0.0008,0.7994,0.2481,-0.4403,1.5282%,1.8311%,30.3486%,0.012204,MMSI,-0.031284,0.0042079999999999,-0.016955,-0.014761,0.0470169999999999
12539,MONSTER BEVERAGE CORP NEW,Monster Beverage shares are trading higher after the company beat Q4 EPS and sales estimates.,6,increase,0.85,0.7,"beating earnings per share and sales estimates typically signals strong company performance, which generally leads to an increase in stock price.",2,2019-02-27,MNST,2019-02-27 21:19:00+00:00,88031.0,61174X10,0.0,5121073.0,0.0866530463099479,0.0034164802636951,0.0142565565183758,0.0017111959168687,0.0043249735608696,-0.0074728676117956,-0.0369116850197315,0.0030664447695016,-0.0140529749915003,0.0080714616924524,-0.0024295679759234,-0.0083447154611349,-0.015911666676402,0.0015350528992712,0.0095693450421094,-0.0114651881158351,-0.0156888235360384,0.0071319746784865,-0.0076373750343918,0.0153448171913623,-0.0016731184441596,0.0019001660402864,0.0100553426891565,0.0080097345635294,0.0054753278382122,0.0012203572550788,-0.0442244298756122,-0.0043395245447754,-0.0245165433734655,-0.0097971754148602,-0.0407079495489597,0.0039689308032393,-0.0127306720241904,0.0124038970097899,0.0194356366991996,0.0181430168449878,0.0196150261908769,0.0133381700143218,-0.0133045287802815,-0.0014399177161976,-0.0076530971564352,-0.0051924278959631,0.0022035024594515,0.0088511174544692,-0.023818302899599,0.0032620569691061,0.0009384957375004,-0.0054073403589427,-0.0138758979737758,-0.0017992494395002,0.0053241830319166,0.0241385921835899,0.0001891835854621,0.008548580110073,0.0035930147860199,-0.0173483751714229,0.0305257011204958,0.0112649453803896,0.0051198136061429,-0.0040463013574481,-0.0040022050961852,0.0208411682397127,-0.0315981656312942,-0.0013126478297635,0.0198038332164287,0.0094643188640475,0.0024043105076998,0.0623366646468639,0.0127306021749973,-0.0012050888035446,0.005647683981806,0.0372916869819164,-0.004166658502072,-0.0155865121632814,0.0229215621948242,-0.0093458527699112,0.0104926228523254,0.003670479170978,0.0190074238926172,-0.0080905687063932,0.0302245244383812,0.0069246469065546,-0.0160939283668994,0.0239832680672407,0.0155051946640014,-0.0058054900728166,-0.0278523471206426,-0.0199146419763565,0.0008630143711343,-0.0046520945616066,0.0882910639047622,-0.034940481185913,-0.0077642477117478,-0.0003902528260368,-0.0162887331098318,-0.0273296386003494,0.0012987310765311,-0.0138499280437827,0.0038910158909857,-0.0698119476437568,0.0174418911337852,-0.0024314553011208,-0.0104761878028512,0.011062353849411,0.0001603837299626,-0.0080125257372856,0.011547734029591,-0.0147588914260268,0.0136356530711054,0.0076084835454821,-0.0046926205977797,-0.0361666344106197,-0.0003143243375234,0.0053619253449141,0.0020437205675989,0.0149660045281052,0.0040790447965264,-0.0050761294551193,-0.0120312571525573,0.0231994502246379,0.0866530463099479,0.0034164802636951,0.1021449768805311,0.0051335224476412,0.1069117247657847,-0.0023777072977878,0.0510725211786395,0.0087584083242788,0.0175348772717813,0.0127586486581612,-0.0641811434610258,0.0803752578384233,0.0764385060648866,0.016966825470591,2019-02-28,2019-03-01,2019-03-04,2019-03-05,2019-03-06,2019-03-07,2019-03-08,2019-03-11,2019-03-12,2019-03-13,88031.0,2019-02-27,252.0,0.0000%,-0.0004,0.9205,-0.1999,0.0132,1.6362%,1.8986%,25.7303%,-0.000547,MNST,88031.0,2019-02-28,252.0,8.6653%,0.0,0.8948,-0.2145,-0.0264,1.7289%,1.9696%,22.9456%,0.08948,MNST,88031.0,2019-03-01,252.0,1.4257%,0.0001,0.8943,-0.2152,-0.0309,1.7296%,1.9700%,22.9184%,0.008241,MNST,88031.0,2019-03-04,252.0,0.4325%,0.0006,0.8313,-0.0131,-0.013,1.5117%,1.7448%,24.9318%,0.008145,MNST,88031.0,2019-03-05,252.0,-3.6912%,0.0005,0.839,0.0231,0.0059,1.5281%,1.7609%,24.6986%,-0.03566,MNST,88031.0,2019-03-06,252.0,-1.4053%,0.0004,0.8314,0.0473,0.0006,1.5235%,1.7542%,24.5642%,-0.0068059999999999,MNST,88031.0,2019-03-07,252.0,-0.2430%,0.0004,0.8308,0.0522,0.0012,1.5234%,1.7542%,24.5829%,0.004333,MNST,88031.0,2019-03-08,252.0,-1.5912%,0.0004,0.8326,0.0558,0.0038,1.5260%,1.7572%,24.5796%,-0.0141979999999999,MNST,88031.0,2019-03-11,252.0,0.9569%,0.0003,0.8301,0.0726,0.0148,1.5210%,1.7523%,24.6601%,-0.003107,MNST,88031.0,2019-03-12,252.0,-1.5689%,0.0002,0.8222,0.0824,0.0098,1.5245%,1.7501%,24.1260%,-0.017639,MNST,88031.0,2019-03-13,252.0,-0.7637%,0.0001,0.8181,0.0832,0.0055,1.5262%,1.7504%,23.9795%,-0.013063,MNST,0.088933,0.097174,0.105319,0.0628529999999999,0.0191789999999999
12547,MONSTER BEVERAGE CORP NEW,"Monster Beverage Q4 EPS $0.43 Beats $0.40 Estimate, Sales $924.2M Beat $898.73M Estimate",6,increase,0.8,0.7,"the company's earnings per share and sales both exceeded analyst estimates, which typically signals strong performance and can lead to a positive reaction in the stock price.",2,2019-02-27,MNST,2019-02-27 21:11:00+00:00,88031.0,61174X10,0.0,5121073.0,0.0866530463099479,0.0034164802636951,0.0142565565183758,0.0017111959168687,0.0043249735608696,-0.0074728676117956,-0.0369116850197315,0.0030664447695016,-0.0140529749915003,0.0080714616924524,-0.0024295679759234,-0.0083447154611349,-0.015911666676402,0.0015350528992712,0.0095693450421094,-0.0114651881158351,-0.0156888235360384,0.0071319746784865,-0.0076373750343918,0.0153448171913623,-0.0016731184441596,0.0019001660402864,0.0100553426891565,0.0080097345635294,0.0054753278382122,0.0012203572550788,-0.0442244298756122,-0.0043395245447754,-0.0245165433734655,-0.0097971754148602,-0.0407079495489597,0.0039689308032393,-0.0127306720241904,0.0124038970097899,0.0194356366991996,0.0181430168449878,0.0196150261908769,0.0133381700143218,-0.0133045287802815,-0.0014399177161976,-0.0076530971564352,-0.0051924278959631,0.0022035024594515,0.0088511174544692,-0.023818302899599,0.0032620569691061,0.0009384957375004,-0.0054073403589427,-0.0138758979737758,-0.0017992494395002,0.0053241830319166,0.0241385921835899,0.0001891835854621,0.008548580110073,0.0035930147860199,-0.0173483751714229,0.0305257011204958,0.0112649453803896,0.0051198136061429,-0.0040463013574481,-0.0040022050961852,0.0208411682397127,-0.0315981656312942,-0.0013126478297635,0.0198038332164287,0.0094643188640475,0.0024043105076998,0.0623366646468639,0.0127306021749973,-0.0012050888035446,0.005647683981806,0.0372916869819164,-0.004166658502072,-0.0155865121632814,0.0229215621948242,-0.0093458527699112,0.0104926228523254,0.003670479170978,0.0190074238926172,-0.0080905687063932,0.0302245244383812,0.0069246469065546,-0.0160939283668994,0.0239832680672407,0.0155051946640014,-0.0058054900728166,-0.0278523471206426,-0.0199146419763565,0.0008630143711343,-0.0046520945616066,0.0882910639047622,-0.034940481185913,-0.0077642477117478,-0.0003902528260368,-0.0162887331098318,-0.0273296386003494,0.0012987310765311,-0.0138499280437827,0.0038910158909857,-0.0698119476437568,0.0174418911337852,-0.0024314553011208,-0.0104761878028512,0.011062353849411,0.0001603837299626,-0.0080125257372856,0.011547734029591,-0.0147588914260268,0.0136356530711054,0.0076084835454821,-0.0046926205977797,-0.0361666344106197,-0.0003143243375234,0.0053619253449141,0.0020437205675989,0.0149660045281052,0.0040790447965264,-0.0050761294551193,-0.0120312571525573,0.0231994502246379,0.0866530463099479,0.0034164802636951,0.1021449768805311,0.0051335224476412,0.1069117247657847,-0.0023777072977878,0.0510725211786395,0.0087584083242788,0.0175348772717813,0.0127586486581612,-0.0641811434610258,0.0803752578384233,0.0764385060648866,0.016966825470591,2019-02-28,2019-03-01,2019-03-04,2019-03-05,2019-03-06,2019-03-07,2019-03-08,2019-03-11,2019-03-12,2019-03-13,88031.0,2019-02-27,252.0,0.0000%,-0.0004,0.9205,-0.1999,0.0132,1.6362%,1.8986%,25.7303%,-0.000547,MNST,88031.0,2019-02-28,252.0,8.6653%,0.0,0.8948,-0.2145,-0.0264,1.7289%,1.9696%,22.9456%,0.08948,MNST,88031.0,2019-03-01,252.0,1.4257%,0.0001,0.8943,-0.2152,-0.0309,1.7296%,1.9700%,22.9184%,0.008241,MNST,88031.0,2019-03-04,252.0,0.4325%,0.0006,0.8313,-0.0131,-0.013,1.5117%,1.7448%,24.9318%,0.008145,MNST,88031.0,2019-03-05,252.0,-3.6912%,0.0005,0.839,0.0231,0.0059,1.5281%,1.7609%,24.6986%,-0.03566,MNST,88031.0,2019-03-06,252.0,-1.4053%,0.0004,0.8314,0.0473,0.0006,1.5235%,1.7542%,24.5642%,-0.0068059999999999,MNST,88031.0,2019-03-07,252.0,-0.2430%,0.0004,0.8308,0.0522,0.0012,1.5234%,1.7542%,24.5829%,0.004333,MNST,88031.0,2019-03-08,252.0,-1.5912%,0.0004,0.8326,0.0558,0.0038,1.5260%,1.7572%,24.5796%,-0.0141979999999999,MNST,88031.0,2019-03-11,252.0,0.9569%,0.0003,0.8301,0.0726,0.0148,1.5210%,1.7523%,24.6601%,-0.003107,MNST,88031.0,2019-03-12,252.0,-1.5689%,0.0002,0.8222,0.0824,0.0098,1.5245%,1.7501%,24.1260%,-0.017639,MNST,88031.0,2019-03-13,252.0,-0.7637%,0.0001,0.8181,0.0832,0.0055,1.5262%,1.7504%,23.9795%,-0.013063,MNST,0.088933,0.097174,0.105319,0.0628529999999999,0.0191789999999999
12555,MOSAIC CO NEW,"Barclays Maintains Equal-Weight on Mosaic, Raises Price Target to $37",6,uncertain,0.6,0.2,"while maintaining an equal-weight rating suggests no strong buy or sell signal, the raised price target could indicate a positive outlook, leading to uncertainty in the stock's immediate reaction.",1,2019-02-27,MOS,2019-02-27 14:10:00+00:00,90386.0,61945C10,0.0232187546789646,6092841.0,-0.0279763061553239,-0.0405858978629112,-0.0086344880983233,0.0145511217415332,-0.0058064614422619,-0.0262284893542528,-0.030175220221281,-0.0092593003064394,-0.0212445594370365,0.0371747463941574,-0.0448169521987438,0.0052942438051104,0.0035816754680126,0.005322481971234,0.0246252175420522,-0.003743008011952,-0.0013932082802057,0.0053308871574699,0.0027903704904019,0.0313712581992149,-0.012869594618678,-0.0086566349491477,0.0116279050707817,-0.0066878688521683,-0.0024381643161177,-0.0326555594801902,-0.0031424635089933,0.0080744819715619,-0.0129596823826432,0.0078247264027595,0.0042583011090755,-0.0199385806918144,-0.0512367114424705,0.0099132498726248,0.0029795130249112,0.0115950778126716,-0.0189379956573247,0.0040905964560806,0.0068130320869386,0.0060145785100758,0.0214285589754581,-0.0094073135405778,0.0051527195610105,0.0283779148012399,0.0194068364799022,-0.00481385178864,-0.0118534453213214,0.0061349868774414,-0.0054525486193597,-0.0381988026201725,0.0131578473374247,0.0075094392523169,0.0072150351479649,0.0149253513664007,-0.0025071525014936,0.0028662469703704,-0.014721717685461,0.0006373632350005,-0.0029154489748179,-0.008217453956604,-0.0131579171866178,0.0022172853350639,-0.0074074356816709,0.0070175216533243,-0.0063432864844799,-0.0003188848495483,0.0078858807682991,0.0241672024130821,0.0022354496177285,0.0075683267787098,0.0063197053968906,0.0681897550821304,0.0033247193787246,-0.0250171199440956,-0.0121502177789807,-0.0010270037455484,-0.0190085805952549,0.0135322483256459,-0.0102583765983581,-0.0250338222831487,0.0049904440529644,0.0085295122116804,-0.0019098985940217,0.0600361600518226,-0.0007653483189642,-0.0318627394735813,-0.0114898942410945,-0.0079889353364706,-0.0216969959437847,-0.026707200333476,0.0146534983068704,-0.0247279927134513,-0.0136612169444561,0.0089820511639118,-0.0799366980791091,-0.0281280577182769,0.0292473249137401,0.0006470545777119,-0.0117008229717612,0.0,0.0105708250775933,-0.0633333399891853,-0.0414225868880748,-0.0060241194441914,-0.0043649226427078,-0.0095465304329991,0.0004384142521303,-0.0298118330538272,0.014899218454957,-0.0199829805642366,-0.0155440680682659,-0.0428649447858333,-0.0140350749716162,0.0238889064639806,0.0164591129869222,-0.0046999771147966,-0.0223194845020771,0.0240656416863203,-0.0322291553020477,0.0074158101342618,-0.0279763061553239,-0.0405858978629112,-0.0363692331711141,-0.0266253464621706,-0.0419645180632833,-0.052155493200187,-0.0906123339326783,-0.0260222505577938,-0.1055458172258608,0.0168176094234322,-0.148790713757969,-0.0063210744866618,-0.3273704283218288,-0.1026027170711999,2019-02-28,2019-03-01,2019-03-04,2019-03-05,2019-03-06,2019-03-07,2019-03-08,2019-03-11,2019-03-12,2019-03-13,90386.0,2019-02-27,252.0,2.3219%,0.0008,1.288,-0.034,0.4583,1.6467%,2.0766%,37.1163%,0.022545,MOS,90386.0,2019-02-28,252.0,-2.7976%,0.0008,1.2748,-0.0439,0.4543,1.6398%,2.0611%,36.7005%,-0.022931,MOS,90386.0,2019-03-01,252.0,-0.8634%,0.0008,1.2693,-0.0521,0.4535,1.6431%,2.0586%,36.2962%,-0.015959,MOS,90386.0,2019-03-04,252.0,-0.5806%,0.0007,1.2772,-0.0768,0.451,1.6398%,2.0590%,36.5781%,-0.001273,MOS,90386.0,2019-03-05,252.0,-3.0175%,0.0006,1.28,-0.0736,0.4633,1.6483%,2.0664%,36.3668%,-0.02725,MOS,90386.0,2019-03-06,252.0,-2.1245%,0.0004,1.2687,-0.0343,0.4558,1.6387%,2.0509%,36.1616%,-0.011695,MOS,90386.0,2019-03-07,252.0,-4.4817%,0.0003,1.2875,-0.0078,0.4883,1.6497%,2.0699%,36.4799%,-0.033023,MOS,90386.0,2019-03-08,252.0,0.3582%,0.0004,1.2855,0.0094,0.4843,1.6473%,2.0673%,36.4999%,0.007158,MOS,90386.0,2019-03-11,252.0,2.4625%,0.0005,1.2895,0.0099,0.4825,1.6479%,2.0729%,36.8039%,0.007865,MOS,90386.0,2019-03-12,252.0,-0.1393%,0.0004,1.2793,0.0142,0.4726,1.6465%,2.0612%,36.1906%,-0.004293,MOS,90386.0,2019-03-13,252.0,0.2790%,0.0004,1.2764,0.0334,0.4741,1.6416%,2.0564%,36.2742%,-0.006331,MOS,-0.0003859999999999,-0.016345,-0.0176179999999999,-0.056563,-0.085187
12563,MERCURY SYSTEMS INC,Mercury Systems Wins $5.5M In Follow-On Orders From US Navy For DRFM Jammers,6,increase,0.8,0.6,"the follow-on orders from the us navy indicate strong demand for mercury systems' products, which is likely to positively impact investor sentiment and stock price.",2,2019-02-27,MRCY,2019-02-27 22:47:00+00:00,85738.0,58937810,0.0061301980167627,204255.0,-0.0076550799421966,-0.0258765686303377,0.0187342353165149,0.0089602069929242,-0.0477515086531639,0.0017022687243297,0.0051931142807006,-0.0189767722040414,-0.0169518776237964,0.017926188185811,-0.0200361516326665,0.0059069991111755,-0.0020110430195927,0.0276358369737863,-0.013937834650278,0.0096773942932486,0.0119209289550781,-0.013681205920875,0.0074049555696547,0.0054382621310651,-0.0008352695731446,-0.0044585792347788,0.0401270315051078,-0.0042809648439288,0.0065905777737498,0.0084745567291975,-0.0099009731784462,0.0252459160983562,0.0082257790490984,0.0024651032872498,0.0332746468484401,0.0471519157290458,-0.0294162854552269,-0.0088691869750618,-0.0023926896974444,0.0063508884049952,-0.0041573732160031,0.1509284824132919,0.0088311349973082,0.0324291288852691,0.0144835244864225,0.0109278103336691,0.0053341723978519,0.0058066938072443,0.0042134304530918,0.0081538651138544,-0.0063714040443301,-0.0033340246882289,0.0068814298138022,-0.020012242719531,-0.0091642802581191,0.0130327073857188,0.032450221478939,0.0054076188243925,-0.0004554931656457,0.0162756387144327,-0.0129120228812098,0.0046719308011233,0.0172359962016344,-0.0212014224380254,-0.011648965999484,0.0033368058502674,0.0122454520314931,0.0137421041727066,-0.0066534830257296,-0.0040008933283388,0.0138528849929571,0.0396234989166259,0.001501478604041,0.0061673736199736,0.0082459235563874,0.0531199462711811,0.0463940910995006,-0.0560542531311512,0.021884337067604,-0.0342567712068557,0.0158531405031681,0.0218237284570932,-0.0075291311368346,0.0074009611271321,-0.0030344997067004,0.0450409352779388,0.0011068321764469,0.0564767718315124,0.0091210063546895,-0.0443270616233348,0.0156122576445341,-0.0266040377318859,-0.0308791901916265,-0.0364066921174526,0.0237929467111825,-0.0403142608702182,0.0267735961824655,0.005613315384835,-0.0268697068095207,-0.0057875690981745,0.0019043392967432,-0.0006196814356371,0.0230789687484502,-0.0341180972754955,-0.0106157520785927,0.0253682043403387,-0.0333958938717842,-0.0046833544038236,0.0104065490886569,0.0186683572828769,0.0149684697389602,-0.0022765027824789,0.0006764364661648,-0.0144809121266007,-0.013791193254292,-0.0514606274664402,-0.0010968169663101,-0.0023162080906331,-0.0274499040096998,0.0178781896829605,0.0014112119097262,-0.0072166752070188,-0.0308624934405088,0.0506147816777229,-0.0076550799421966,-0.0258765686303377,0.0109357433053145,-0.0171482210486079,-0.0373379635889218,-0.015475143204647,-0.0487424247178761,-0.0168443861218098,-0.0648336416272021,0.0175943439118235,0.0326510910071162,0.3223861643425028,0.0743632917820371,0.3036885342361828,2019-02-28,2019-03-01,2019-03-04,2019-03-05,2019-03-06,2019-03-07,2019-03-08,2019-03-11,2019-03-12,2019-03-13,85738.0,2019-02-27,252.0,0.6130%,0.0011,1.1413,0.7101,-0.3819,2.5218%,2.8879%,23.7440%,0.003215,MRCY,85738.0,2019-02-28,252.0,-0.7655%,0.0011,1.1374,0.7072,-0.3832,2.5214%,2.8839%,23.5577%,-0.005314,MRCY,85738.0,2019-03-01,252.0,1.8734%,0.0012,1.1361,0.7053,-0.3878,2.5216%,2.8834%,23.5240%,0.006871,MRCY,85738.0,2019-03-04,252.0,-4.7752%,0.001,1.143,0.7172,-0.3976,2.5331%,2.9002%,23.7126%,-0.0375999999999999,MRCY,85738.0,2019-03-05,252.0,0.5193%,0.001,1.1394,0.6937,-0.4028,2.5326%,2.8947%,23.4525%,0.008315,MRCY,85738.0,2019-03-06,252.0,-1.6952%,0.001,1.1427,0.6898,-0.3997,2.5323%,2.8970%,23.5952%,0.001431,MRCY,85738.0,2019-03-07,252.0,-2.0036%,0.001,1.1507,0.7045,-0.3848,2.5329%,2.9002%,23.7268%,-0.011592,MRCY,85738.0,2019-03-08,252.0,-0.2011%,0.001,1.1511,0.7019,-0.384,2.5328%,2.8996%,23.6969%,-0.000576,MRCY,85738.0,2019-03-11,252.0,-1.3938%,0.0008,1.1317,0.6999,-0.3752,2.5414%,2.8991%,23.1548%,-0.035703,MRCY,85738.0,2019-03-12,252.0,1.1921%,0.0008,1.1328,0.6952,-0.3759,2.5421%,2.8982%,23.0594%,0.010661,MRCY,85738.0,2019-03-13,252.0,0.7405%,0.0008,1.1334,0.6903,-0.3764,2.5419%,2.8980%,23.0649%,0.002137,MRCY,-0.002099,0.004772,-0.0328279999999999,-0.023082,-0.0581549999999999
12571,MERCURY SYSTEMS INC,Mercury Systems Receives $5.5M In Follow-On Orders From US Navy For DRFM Jammers,6,increase,0.8,0.6,"the receipt of follow-on orders from the us navy indicates strong demand for mercury systems' products, which is likely to positively impact investor sentiment and stock price.",2,2019-02-27,MRCY,2019-02-27 22:25:00+00:00,85738.0,58937810,0.0061301980167627,204255.0,-0.0076550799421966,-0.0258765686303377,0.0187342353165149,0.0089602069929242,-0.0477515086531639,0.0017022687243297,0.0051931142807006,-0.0189767722040414,-0.0169518776237964,0.017926188185811,-0.0200361516326665,0.0059069991111755,-0.0020110430195927,0.0276358369737863,-0.013937834650278,0.0096773942932486,0.0119209289550781,-0.013681205920875,0.0074049555696547,0.0054382621310651,-0.0008352695731446,-0.0044585792347788,0.0401270315051078,-0.0042809648439288,0.0065905777737498,0.0084745567291975,-0.0099009731784462,0.0252459160983562,0.0082257790490984,0.0024651032872498,0.0332746468484401,0.0471519157290458,-0.0294162854552269,-0.0088691869750618,-0.0023926896974444,0.0063508884049952,-0.0041573732160031,0.1509284824132919,0.0088311349973082,0.0324291288852691,0.0144835244864225,0.0109278103336691,0.0053341723978519,0.0058066938072443,0.0042134304530918,0.0081538651138544,-0.0063714040443301,-0.0033340246882289,0.0068814298138022,-0.020012242719531,-0.0091642802581191,0.0130327073857188,0.032450221478939,0.0054076188243925,-0.0004554931656457,0.0162756387144327,-0.0129120228812098,0.0046719308011233,0.0172359962016344,-0.0212014224380254,-0.011648965999484,0.0033368058502674,0.0122454520314931,0.0137421041727066,-0.0066534830257296,-0.0040008933283388,0.0138528849929571,0.0396234989166259,0.001501478604041,0.0061673736199736,0.0082459235563874,0.0531199462711811,0.0463940910995006,-0.0560542531311512,0.021884337067604,-0.0342567712068557,0.0158531405031681,0.0218237284570932,-0.0075291311368346,0.0074009611271321,-0.0030344997067004,0.0450409352779388,0.0011068321764469,0.0564767718315124,0.0091210063546895,-0.0443270616233348,0.0156122576445341,-0.0266040377318859,-0.0308791901916265,-0.0364066921174526,0.0237929467111825,-0.0403142608702182,0.0267735961824655,0.005613315384835,-0.0268697068095207,-0.0057875690981745,0.0019043392967432,-0.0006196814356371,0.0230789687484502,-0.0341180972754955,-0.0106157520785927,0.0253682043403387,-0.0333958938717842,-0.0046833544038236,0.0104065490886569,0.0186683572828769,0.0149684697389602,-0.0022765027824789,0.0006764364661648,-0.0144809121266007,-0.013791193254292,-0.0514606274664402,-0.0010968169663101,-0.0023162080906331,-0.0274499040096998,0.0178781896829605,0.0014112119097262,-0.0072166752070188,-0.0308624934405088,0.0506147816777229,-0.0076550799421966,-0.0258765686303377,0.0109357433053145,-0.0171482210486079,-0.0373379635889218,-0.015475143204647,-0.0487424247178761,-0.0168443861218098,-0.0648336416272021,0.0175943439118235,0.0326510910071162,0.3223861643425028,0.0743632917820371,0.3036885342361828,2019-02-28,2019-03-01,2019-03-04,2019-03-05,2019-03-06,2019-03-07,2019-03-08,2019-03-11,2019-03-12,2019-03-13,85738.0,2019-02-27,252.0,0.6130%,0.0011,1.1413,0.7101,-0.3819,2.5218%,2.8879%,23.7440%,0.003215,MRCY,85738.0,2019-02-28,252.0,-0.7655%,0.0011,1.1374,0.7072,-0.3832,2.5214%,2.8839%,23.5577%,-0.005314,MRCY,85738.0,2019-03-01,252.0,1.8734%,0.0012,1.1361,0.7053,-0.3878,2.5216%,2.8834%,23.5240%,0.006871,MRCY,85738.0,2019-03-04,252.0,-4.7752%,0.001,1.143,0.7172,-0.3976,2.5331%,2.9002%,23.7126%,-0.0375999999999999,MRCY,85738.0,2019-03-05,252.0,0.5193%,0.001,1.1394,0.6937,-0.4028,2.5326%,2.8947%,23.4525%,0.008315,MRCY,85738.0,2019-03-06,252.0,-1.6952%,0.001,1.1427,0.6898,-0.3997,2.5323%,2.8970%,23.5952%,0.001431,MRCY,85738.0,2019-03-07,252.0,-2.0036%,0.001,1.1507,0.7045,-0.3848,2.5329%,2.9002%,23.7268%,-0.011592,MRCY,85738.0,2019-03-08,252.0,-0.2011%,0.001,1.1511,0.7019,-0.384,2.5328%,2.8996%,23.6969%,-0.000576,MRCY,85738.0,2019-03-11,252.0,-1.3938%,0.0008,1.1317,0.6999,-0.3752,2.5414%,2.8991%,23.1548%,-0.035703,MRCY,85738.0,2019-03-12,252.0,1.1921%,0.0008,1.1328,0.6952,-0.3759,2.5421%,2.8982%,23.0594%,0.010661,MRCY,85738.0,2019-03-13,252.0,0.7405%,0.0008,1.1334,0.6903,-0.3764,2.5419%,2.8980%,23.0649%,0.002137,MRCY,-0.002099,0.004772,-0.0328279999999999,-0.023082,-0.0581549999999999
12579,MARINUS PHARMACEUTICALS INC,"Mizuho Downgrades Marinus Pharmaceuticals to Neutral, Lowers Price Target to $5",6,decrease,0.8,0.7,"a downgrade to 'neutral' and a lowered price target typically signal reduced investor confidence, likely leading to a decrease in stock price.",0,2019-02-27,MRNS,2019-02-27 12:08:00+00:00,14815.0,56854Q20,-0.0858586207032203,1017501.0,-0.0524861402809619,-0.0434782207012176,0.0174926947802305,-0.0327103585004806,0.0200572870671749,0.1790633797645569,0.0674157366156578,-0.0189188998192548,0.0131578827276825,-0.0106951771304011,-0.0207792017608881,-0.0209423881024122,0.0318302735686302,0.0494505017995834,0.0128534575924277,0.0581395477056503,-0.0482233650982379,-0.0227272510528564,-0.0159999839961528,0.0,0.0271002445369958,0.0476190745830535,0.0105540798977017,-0.0372493155300617,0.0052219270728528,-0.0791556611657142,0.0103896623477339,0.0355190895497798,0.005141383036971,-0.0239999778568744,0.051150906831026,0.0053619253449141,-0.0656934827566146,0.1234940066933632,-0.0052083283662796,0.0440251156687736,0.0418848395347595,0.0460526682436466,-0.0301507841795682,-0.0440251901745796,0.0207254309207201,-0.0304877758026123,0.060913648456335,0.0512820817530155,-0.0215310230851173,0.0097087286412715,0.0293398238718509,0.0131147420033812,0.0570070706307888,-0.0527950525283813,-0.0202246475964784,-0.012269927188754,0.0550458170473575,-0.0355029925704002,-0.0239130724221468,0.0029674270190298,0.0044544450938701,0.021212100982666,0.0,-0.0651558116078376,-0.024390272796154,0.0056980000808835,-0.052272729575634,-0.0112675949931144,-0.0023981363046914,0.0471975952386856,-0.0120191620662808,-0.0173912867903709,-0.0316301956772804,0.0615384764969348,-0.0402010269463062,0.0450161136686801,0.0523560345172882,0.0264026150107383,0.0696517974138259,0.0557491593062877,0.0348836295306682,-0.0496689043939113,0.0269663743674755,0.0785714387893676,0.0678336843848228,-0.0209790021181106,0.0655737072229385,0.1000000014901161,-0.0499999523162841,0.0833332538604736,-0.1599190235137939,-0.205297976732254,0.1156626492738724,0.0237287897616624,0.0064794239588081,-0.0694006383419036,0.0193133372813463,-0.0838150158524513,-0.0021053112577646,-0.0441988557577133,-0.0316454917192459,-0.0242588017135858,0.002178595168516,-0.1187648475170135,0.0021739627700299,-0.1745097786188126,-0.0303688365966081,-0.0267175324261188,0.0313199870288372,0.0135395927354693,0.0390455164015293,-0.0263653229922056,-0.0292275305837392,0.1747787594795227,-0.0322580859065055,-0.0813008323311805,-0.0355555228888988,0.0535331889986991,-0.0184331610798835,0.0108225522562861,0.0211266838014125,0.1000000238418579,-0.0344827808439731,0.0194174572825431,-0.0524861402809619,-0.0434782207012176,-0.0359115695328586,-0.0747663910155984,-0.0165745711248371,0.0909090660809068,0.0635359209442265,0.0588235366675358,0.0193370674994295,0.1250000185075663,0.2458564604789224,0.1218130623755222,0.1602209774453371,-0.0388348976198597,2019-02-28,2019-03-01,2019-03-04,2019-03-05,2019-03-06,2019-03-07,2019-03-08,2019-03-11,2019-03-12,2019-03-13,14815.0,2019-02-27,252.0,-8.5859%,-0.001,1.6251,1.8854,-0.3515,4.8847%,5.3359%,16.1972%,-0.091484,MRNS,14815.0,2019-02-28,252.0,-5.2486%,-0.001,1.6064,1.871,-0.354,4.8825%,5.3236%,15.8839%,-0.048804,MRNS,14815.0,2019-03-01,252.0,1.7493%,-0.001,1.6149,1.8836,-0.3408,4.8817%,5.3243%,15.9335%,-0.001005,MRNS,14815.0,2019-03-04,252.0,2.0057%,-0.0007,1.5962,1.9113,-0.3281,4.8839%,5.3222%,15.7915%,0.037228,MRNS,14815.0,2019-03-05,252.0,6.7416%,0.0001,1.6152,2.1081,-0.3426,4.8267%,5.2980%,16.9994%,0.075177,MRNS,14815.0,2019-03-06,252.0,1.3158%,-0.0004,1.5042,2.0751,-0.4725,4.7218%,5.1834%,17.0188%,0.053335,MRNS,14815.0,2019-03-07,252.0,-2.0779%,0.0002,1.5461,2.2663,-0.3624,4.6171%,5.1120%,18.4256%,-0.008642,MRNS,14815.0,2019-03-08,252.0,3.1830%,0.0009,1.533,2.4072,-0.3907,4.5515%,5.0712%,19.4461%,0.033392,MRNS,14815.0,2019-03-11,252.0,1.2853%,0.0008,1.5224,2.3826,-0.3993,4.5523%,5.0700%,19.3774%,-0.020776,MRNS,14815.0,2019-03-12,252.0,-4.8223%,0.0004,1.4706,2.4146,-0.4455,4.5477%,5.0576%,19.1491%,-0.045768,MRNS,14815.0,2019-03-13,252.0,-1.6000%,0.0003,1.4648,2.4166,-0.4513,4.5489%,5.0574%,19.1007%,-0.018007,MRNS,-0.140288,-0.141293,-0.104065,0.0244469999999999,-0.035354
12587,NETFLIX INC,"'And oh, I have another big story coming about Fox soon. It involves Netflix. Stay tuned.' -Eriq Gardner Tweets; Gardner Wrote The Hollywood Reporter Story On The $179 Mln 'Bones' Ruling",6,uncertain,0.5,0.5,"the tweet hints at a significant story involving netflix, but without details, it's unclear whether the news will be positive or negative for the company's stock.",1,2019-02-27,NFLX,2019-02-27 17:04:00+00:00,89393.0,64110L10,-0.0057539143599569,5629945.0,-0.0131451729685068,0.002912801457569,-0.0021781590767204,0.0024516959674656,-0.0175752788782119,0.0169481690973043,0.0092866318300366,-0.0081687159836292,0.0149872926995158,-0.0055537400767207,-0.0194932837039232,0.0141508625820279,-0.0085082240402698,-0.0061269728466868,0.0264873541891574,0.0207522492855787,-0.0072172894142568,-0.0227797105908393,0.0138658955693244,0.0411881804466247,-0.0066166059114038,-0.0052938871085643,0.0073574050329625,0.008296875283122,0.0054778149351477,-0.0212385673075914,-0.0128219341859221,-0.0101739559322595,0.0458219572901725,0.0127227222546935,0.0070625068619847,0.0338090024888515,-0.0446184799075126,0.0010309458011761,0.0144594358280301,-0.0034051653929054,-0.0170931089669466,0.0357555784285068,-0.0183348786085844,-0.020139455795288,0.0035090423189103,-0.0070699132047593,0.0054990337230265,0.0348362997174263,0.0291675850749015,0.0145346857607364,0.0020710970275104,-0.0097490875050425,0.0055205011740326,-0.0411088243126869,-0.0050574578344821,-0.0398935303092002,-0.0064967232756316,0.0051224785856902,-0.0111630596220493,-0.0091642225161194,0.0091308699920773,0.0651769414544105,-0.0021660444326698,-0.0137740867212414,0.0102494517341256,0.0398262552917003,-0.0449067838490009,0.0146893747150898,-0.0064647132530808,-0.0009679257054813,0.0303551368415355,0.0156338959932327,-0.0131308110430836,0.0597170032560825,0.0158144440501928,0.0972344875335693,0.0471485778689384,0.0132257658988237,0.0120581397786736,0.0,-0.0200581401586532,0.0452203117311,-0.0157657712697982,0.002015080768615,0.0177015718072652,0.0074703525751829,-0.0080566080287098,0.0846160128712654,-0.0034692683257162,-0.0507731437683105,0.0223187487572431,-0.0544553995132446,0.0006599614862352,-0.0232035182416439,0.0157494880259037,-0.0153909111395478,-0.0165181551128625,0.030974181368947,-0.0216812044382095,-0.0151401907205581,-0.0164390113204717,-0.0332584343850612,-0.0044460166245698,0.0041472064331173,-0.0047139669768512,0.0360319502651691,-0.0437070652842521,-0.0162402838468551,0.0010136580094695,0.0171984508633613,0.0271404329687356,-0.0627120658755302,0.0121693778783083,0.0274217072874307,-0.013525883667171,-0.0515673495829105,-0.0178869422525167,0.0145737351849675,0.0176955666393041,-0.0090735759586095,0.0154120363295078,0.0215814840048551,-0.0209046211093664,0.0600832179188728,-0.0131451729685068,0.002912801457569,-0.0152946997674108,0.0053716387286222,-0.032601170031852,0.0224108472674289,-0.0089839598525486,0.0084272429767446,-0.0045746507866325,0.0556503325712012,0.0028936488520745,0.0811043078358129,-0.0293769213362441,0.368825681717069,2019-02-28,2019-03-01,2019-03-04,2019-03-05,2019-03-06,2019-03-07,2019-03-08,2019-03-11,2019-03-12,2019-03-13,89393.0,2019-02-27,252.0,-0.5754%,0.0005,1.6514,0.1512,-1.1865,1.9204%,2.8872%,55.7583%,-0.009045,NFLX,89393.0,2019-02-28,252.0,-1.3145%,0.0004,1.6585,0.1556,-1.1787,1.9210%,2.8875%,55.7382%,-0.011122,NFLX,89393.0,2019-03-01,252.0,-0.2178%,0.0002,1.6651,0.1654,-1.1594,1.9218%,2.8875%,55.7059%,-0.019375,NFLX,89393.0,2019-03-04,252.0,-1.7575%,0.0002,1.6723,0.1451,-1.1621,1.9198%,2.8898%,55.8674%,-0.003824,NFLX,89393.0,2019-03-05,252.0,0.9287%,0.0001,1.6667,0.1083,-1.1695,1.9175%,2.8815%,55.7187%,0.0097,NFLX,89393.0,2019-03-06,252.0,1.4987%,0.0001,1.6372,0.06,-1.2094,1.9165%,2.8686%,55.3652%,0.030731,NFLX,89393.0,2019-03-07,252.0,-1.9493%,-0.0,1.6352,0.0297,-1.2207,1.9096%,2.8645%,55.5577%,-0.010107,NFLX,89393.0,2019-03-08,252.0,-0.8508%,0.0,1.6349,0.0506,-1.2223,1.9064%,2.8639%,55.6901%,-0.0070909999999999,NFLX,89393.0,2019-03-11,252.0,2.6487%,0.0001,1.6334,0.027,-1.235,1.9009%,2.8672%,56.0448%,-0.0045,NFLX,89393.0,2019-03-12,252.0,-0.7217%,-0.0001,1.6142,0.0367,-1.253,1.8977%,2.8536%,55.7785%,-0.012303,NFLX,89393.0,2019-03-13,252.0,1.3866%,0.0001,1.6145,0.0581,-1.2475,1.8881%,2.8480%,56.0493%,0.003919,NFLX,-0.0201669999999999,-0.0395419999999999,-0.0433659999999999,-0.0029349999999999,-0.0330169999999999
12595,NETFLIX INC,"ITV, BBC Partner for Netflic Rival 'BritBox' Streaming Service",6,decrease,0.7,0.6,"the launch of a competing streaming service like britbox could attract viewers away from netflix, potentially impacting its subscriber growth and revenue.",0,2019-02-27,NFLX,2019-02-27 09:18:00+00:00,89393.0,64110L10,-0.0057539143599569,5629945.0,-0.0131451729685068,0.002912801457569,-0.0021781590767204,0.0024516959674656,-0.0175752788782119,0.0169481690973043,0.0092866318300366,-0.0081687159836292,0.0149872926995158,-0.0055537400767207,-0.0194932837039232,0.0141508625820279,-0.0085082240402698,-0.0061269728466868,0.0264873541891574,0.0207522492855787,-0.0072172894142568,-0.0227797105908393,0.0138658955693244,0.0411881804466247,-0.0066166059114038,-0.0052938871085643,0.0073574050329625,0.008296875283122,0.0054778149351477,-0.0212385673075914,-0.0128219341859221,-0.0101739559322595,0.0458219572901725,0.0127227222546935,0.0070625068619847,0.0338090024888515,-0.0446184799075126,0.0010309458011761,0.0144594358280301,-0.0034051653929054,-0.0170931089669466,0.0357555784285068,-0.0183348786085844,-0.020139455795288,0.0035090423189103,-0.0070699132047593,0.0054990337230265,0.0348362997174263,0.0291675850749015,0.0145346857607364,0.0020710970275104,-0.0097490875050425,0.0055205011740326,-0.0411088243126869,-0.0050574578344821,-0.0398935303092002,-0.0064967232756316,0.0051224785856902,-0.0111630596220493,-0.0091642225161194,0.0091308699920773,0.0651769414544105,-0.0021660444326698,-0.0137740867212414,0.0102494517341256,0.0398262552917003,-0.0449067838490009,0.0146893747150898,-0.0064647132530808,-0.0009679257054813,0.0303551368415355,0.0156338959932327,-0.0131308110430836,0.0597170032560825,0.0158144440501928,0.0972344875335693,0.0471485778689384,0.0132257658988237,0.0120581397786736,0.0,-0.0200581401586532,0.0452203117311,-0.0157657712697982,0.002015080768615,0.0177015718072652,0.0074703525751829,-0.0080566080287098,0.0846160128712654,-0.0034692683257162,-0.0507731437683105,0.0223187487572431,-0.0544553995132446,0.0006599614862352,-0.0232035182416439,0.0157494880259037,-0.0153909111395478,-0.0165181551128625,0.030974181368947,-0.0216812044382095,-0.0151401907205581,-0.0164390113204717,-0.0332584343850612,-0.0044460166245698,0.0041472064331173,-0.0047139669768512,0.0360319502651691,-0.0437070652842521,-0.0162402838468551,0.0010136580094695,0.0171984508633613,0.0271404329687356,-0.0627120658755302,0.0121693778783083,0.0274217072874307,-0.013525883667171,-0.0515673495829105,-0.0178869422525167,0.0145737351849675,0.0176955666393041,-0.0090735759586095,0.0154120363295078,0.0215814840048551,-0.0209046211093664,0.0600832179188728,-0.0131451729685068,0.002912801457569,-0.0152946997674108,0.0053716387286222,-0.032601170031852,0.0224108472674289,-0.0089839598525486,0.0084272429767446,-0.0045746507866325,0.0556503325712012,0.0028936488520745,0.0811043078358129,-0.0293769213362441,0.368825681717069,2019-02-28,2019-03-01,2019-03-04,2019-03-05,2019-03-06,2019-03-07,2019-03-08,2019-03-11,2019-03-12,2019-03-13,89393.0,2019-02-27,252.0,-0.5754%,0.0005,1.6514,0.1512,-1.1865,1.9204%,2.8872%,55.7583%,-0.009045,NFLX,89393.0,2019-02-28,252.0,-1.3145%,0.0004,1.6585,0.1556,-1.1787,1.9210%,2.8875%,55.7382%,-0.011122,NFLX,89393.0,2019-03-01,252.0,-0.2178%,0.0002,1.6651,0.1654,-1.1594,1.9218%,2.8875%,55.7059%,-0.019375,NFLX,89393.0,2019-03-04,252.0,-1.7575%,0.0002,1.6723,0.1451,-1.1621,1.9198%,2.8898%,55.8674%,-0.003824,NFLX,89393.0,2019-03-05,252.0,0.9287%,0.0001,1.6667,0.1083,-1.1695,1.9175%,2.8815%,55.7187%,0.0097,NFLX,89393.0,2019-03-06,252.0,1.4987%,0.0001,1.6372,0.06,-1.2094,1.9165%,2.8686%,55.3652%,0.030731,NFLX,89393.0,2019-03-07,252.0,-1.9493%,-0.0,1.6352,0.0297,-1.2207,1.9096%,2.8645%,55.5577%,-0.010107,NFLX,89393.0,2019-03-08,252.0,-0.8508%,0.0,1.6349,0.0506,-1.2223,1.9064%,2.8639%,55.6901%,-0.0070909999999999,NFLX,89393.0,2019-03-11,252.0,2.6487%,0.0001,1.6334,0.027,-1.235,1.9009%,2.8672%,56.0448%,-0.0045,NFLX,89393.0,2019-03-12,252.0,-0.7217%,-0.0001,1.6142,0.0367,-1.253,1.8977%,2.8536%,55.7785%,-0.012303,NFLX,89393.0,2019-03-13,252.0,1.3866%,0.0001,1.6145,0.0581,-1.2475,1.8881%,2.8480%,56.0493%,0.003919,NFLX,-0.0201669999999999,-0.0395419999999999,-0.0433659999999999,-0.0029349999999999,-0.0330169999999999
12603,NELNET INC,"Nelnet Q4 Adj. EPS $1.44 Beats $1 Estimate, Sales $230.37M Miss $235.5M Estimate",6,uncertain,0.6,0.3,"while the adjusted eps beat expectations, the sales miss could lead to mixed reactions from investors, making the overall impact on the stock price uncertain.",1,2019-02-27,NNI,2019-02-27 22:17:00+00:00,89964.0,64031N10,-0.0140740433707833,36830.0,0.0330578126013279,-0.005707997828722,0.009303213097155,0.0031400441657751,-0.0119284950196743,-0.0045964331366121,-0.0142674008384347,-0.0062123178504407,-0.0003711348690558,0.0107109509408474,-0.0018562924815341,0.0155664263293147,-0.0057653221301734,0.0098484940826892,0.0155256614089012,-0.0020790137350559,-0.004420734476298,0.003223325125873,0.0183164048939943,0.0136460298672318,0.0118095511570572,0.0065776775591075,0.0044891363941133,-0.0046216384507715,0.000536335282959,-0.0015381276607513,-0.0064320280216634,-0.0042121619917452,-0.0109692607074976,-0.0017201864393427,0.0020000110380351,0.0061538401059806,-0.0205044653266668,-0.011406815610826,0.0016672869678586,0.0,0.0099870711565017,0.013487416319549,-0.0016480525955557,-0.0059375134296715,0.0089874882251024,-0.0149056781083345,0.0010907357791438,-0.0018832104979082,0.013982213102281,0.0,-0.0050143050029873,-0.0039392774924635,0.003599656978622,-0.0194960013031959,0.0064562521874904,0.0033216518349945,0.009265867061913,0.0072490596212446,0.0067090583033859,0.0067365383729338,-0.0070151090621948,0.0111636742949485,0.0113034155219793,-0.0088147269561886,0.0087320990860462,0.0003752431075554,0.0084834089502692,-0.0065238075330853,-0.0070386240258812,-0.0040838574059307,0.0019018086604774,-0.0048032905906438,0.0051768631674349,-0.0049632433801889,-0.0003433554957155,0.0338274911046028,-0.0087583428248763,-0.0118310060352087,0.0069299670867621,0.0173863172531127,0.0073984912596642,0.0065384646877646,-0.0080272825434803,0.0307234730571508,0.0077478811144828,-0.0064985826611518,-0.0015376756200566,0.0437820591032505,-0.0066735008731484,0.0091267880052328,-0.0082687260583043,-0.0147149236872792,-0.0036477174144238,-0.0032593165524303,0.014993037097156,-0.0174139104783535,0.0,-0.0033912223298102,-0.0048093884252011,-0.0185982920229435,-0.0089748091995716,-0.004676497541368,0.098746120929718,-0.0183626450598239,0.0,0.0185076352208852,-0.0261531379073858,-0.0113635659217834,0.0016276414971798,-0.0074556143954396,-0.0116997268050909,-0.0060801766812801,0.0024663191288709,0.00190371775534,-0.0116451187059283,-0.0366770587861537,-0.0074675898067653,0.0014692014083266,0.0018391037592664,-0.0054794382303953,-0.0026702245231717,0.002738248091191,0.0140562281012535,0.0222056098282337,0.0330578126013278,-0.005707997828722,0.042668569573639,-0.0025858770282271,0.0302311027343089,-0.0071704243539795,0.0151554831575246,-0.002770111084739,0.037203635340141,0.0378627970021796,0.0790384699655062,0.0127531935213112,0.1419792490685683,0.0109635023151464,2019-02-28,2019-03-01,2019-03-04,2019-03-05,2019-03-06,2019-03-07,2019-03-08,2019-03-11,2019-03-12,2019-03-13,89964.0,2019-02-27,252.0,-1.4074%,0.0003,0.7759,0.8091,0.5234,1.2966%,1.5416%,29.2685%,-0.015809,NNI,89964.0,2019-02-28,252.0,3.3058%,0.0004,0.7741,0.809,0.5136,1.3149%,1.5554%,28.5321%,0.03651,NNI,89964.0,2019-03-01,252.0,0.9303%,0.0,0.8267,0.8874,0.5937,1.1979%,1.4890%,35.2755%,0.003348,NNI,89964.0,2019-03-04,252.0,-1.1928%,0.0,0.8265,0.8942,0.5925,1.1985%,1.4908%,35.3652%,-0.0064849999999999,NNI,89964.0,2019-03-05,252.0,-1.4267%,0.0,0.8306,0.9206,0.5987,1.1974%,1.4935%,35.7194%,-0.008758,NNI,89964.0,2019-03-06,252.0,-0.0371%,0.0002,0.831,0.8773,0.5933,1.1990%,1.4927%,35.4833%,0.017876,NNI,89964.0,2019-03-07,252.0,-0.1856%,0.0002,0.8292,0.8827,0.5924,1.1992%,1.4926%,35.4496%,0.0074399999999999,NNI,89964.0,2019-03-08,252.0,-0.5765%,0.0002,0.8294,0.888,0.5924,1.1990%,1.4931%,35.5058%,-0.0034649999999999,NNI,89964.0,2019-03-11,252.0,1.5526%,0.0002,0.8306,0.8934,0.5948,1.1988%,1.4962%,35.8004%,0.0029609999999999,NNI,89964.0,2019-03-12,252.0,-0.4421%,0.0002,0.8286,0.8955,0.5934,1.1990%,1.4932%,35.5199%,-0.00361,NNI,89964.0,2019-03-13,252.0,1.8316%,0.0003,0.833,0.9001,0.5993,1.1992%,1.4959%,35.7416%,0.014983,NNI,0.020701,0.024049,0.017564,0.026682,0.044991
12611,NANOVIRICIDES INC,NanoViricides Reports Registered Direct Offering Of ~6.944M Units At $0.36/Share,6,decrease,0.7,0.5,"the registered direct offering at a price lower than the current market price typically signals dilution of existing shares, which can lead to a decrease in stock price.",0,2019-02-27,NNVC,2019-02-27 14:50:00+00:00,14133.0,63008730,-0.3143589198589325,3703331.0,-0.0526053719222545,0.4028776586055756,0.021315798163414,0.0411984920501709,-0.111053854227066,-0.0014959116233512,-0.115942008793354,-0.0264562889933586,-0.0163934268057346,-0.030588261783123,0.0009999672183766,0.0897436589002609,-0.0342990681529045,-0.0747331231832504,0.0006896668928675,-0.0299194734543561,0.0337698720395565,0.0271867625415325,-0.0916666761040687,0.107040099799633,0.0084403455257415,-0.0680488049983978,-0.0356623604893684,-0.0120481811463832,0.0373585075139999,-0.1299790441989899,0.0003638290218077,0.0840909108519554,0.0799999460577964,0.2571428716182709,0.0101010808721184,0.1111110970377922,0.0166666507720947,0.0570469424128532,0.0196720734238624,0.0003357388195581,-0.0514469556510448,0.009830524213612,-0.0847456827759742,-0.0166667494922876,0.0618518479168415,0.054111111909151,-0.0582490377128124,0.0424907989799976,-0.0174074247479438,0.0003664954274427,0.0490010604262352,-0.025357199832797,-0.0388069525361061,0.0765090137720108,-0.0654206052422523,-0.0049732481129467,0.0348000526428222,-0.0132124759256839,-0.0208736062049865,0.009142898954451,0.0702724158763885,-0.0757042989134788,0.0881592407822609,0.0142857432365417,-0.0220338180661201,0.0370370000600814,-0.0339688621461391,-0.0663900300860405,0.0014352593570947,-0.0027585646603256,0.0318881645798683,0.1372548937797546,-0.0624999217689037,-0.0562546923756599,0.0303703323006629,-0.0384340733289718,-0.010783577337861,0.2477797120809555,-0.0185320191085338,0.1259999722242355,-0.0188819393515586,-0.0909090712666511,-0.0090565327554941,-0.0594270937144756,0.024371625855565,0.14656862616539,-0.0185873433947563,-0.2258064746856689,-0.0477272905409336,-0.1216666847467422,-0.0015911168884485,0.0,-0.0047808387316763,-0.0624999403953552,0.0008006540592759,0.02960105240345,0.0,0.0025805926416069,0.0887999534606933,0.0333333015441894,-0.0819984897971153,-0.0624999403953552,-0.001520707970485,-0.0303030908107757,0.0020039821974933,0.0,-0.0099999904632568,0.0,0.0505050010979175,-0.1020407974720001,-0.0319229885935783,0.050000037997961,0.0011918559903278,-0.0277778338640928,0.0317459776997566,-0.012345602735877,-0.0384615026414394,-0.005457037128508,0.0,-0.0121293850243091,0.0,0.0305554922670126,0.0399999618530273,0.0492567829787731,-0.0526053719222545,0.4028776586055755,-0.0324108992490466,0.4606741026709997,-0.1398653981955409,0.4584890633028859,-0.2520568388853221,0.3764704949105448,-0.3206183022933083,0.5310128137140173,-0.2645226165182316,1.089285626432512,-0.3517826414628772,0.705042164501634,2019-02-28,2019-03-01,2019-03-04,2019-03-05,2019-03-06,2019-03-07,2019-03-08,2019-03-11,2019-03-12,2019-03-13,14133.0,2019-02-27,252.0,-31.4359%,-0.0015,-0.403,-1.356,-1.2914,6.9573%,7.0096%,1.4855%,-0.313261,NNVC,14133.0,2019-02-28,252.0,-5.2605%,-0.0015,-0.4123,-1.3643,-1.2853,6.9619%,7.0143%,1.4894%,-0.056912,NNVC,14133.0,2019-03-01,252.0,2.1316%,-0.0014,-0.4143,-1.3672,-1.2997,6.9632%,7.0157%,1.4919%,0.02301,NNVC,14133.0,2019-03-04,252.0,-11.1054%,-0.0019,-0.3961,-1.3268,-1.3274,6.9986%,7.0499%,1.4491%,-0.113698,NNVC,14133.0,2019-03-05,252.0,-11.5942%,-0.0024,-0.3795,-1.2773,-1.2706,7.0399%,7.0867%,1.3140%,-0.1240039999999999,NNVC,14133.0,2019-03-06,252.0,-1.6393%,-0.0025,-0.3671,-1.2088,-1.2473,7.0429%,7.0872%,1.2481%,-0.035257,NNVC,14133.0,2019-03-07,252.0,0.1000%,-0.0026,-0.3683,-1.2239,-1.2532,7.0424%,7.0873%,1.2616%,-0.007063,NNVC,14133.0,2019-03-08,252.0,-3.4299%,-0.0027,-0.3642,-1.2161,-1.247,7.0455%,7.0898%,1.2440%,-0.036718,NNVC,14133.0,2019-03-11,252.0,0.0690%,-0.0028,-0.3622,-1.1748,-1.2244,7.0408%,7.0828%,1.1836%,0.00392,NNVC,14133.0,2019-03-12,252.0,3.3770%,-0.0026,-0.3405,-1.1943,-1.2076,7.0424%,7.0840%,1.1701%,0.0303169999999999,NNVC,14133.0,2019-03-13,252.0,-9.1667%,-0.003,-0.37,-1.1531,-1.2297,7.0649%,7.1064%,1.1619%,-0.0922969999999999,NNVC,-0.370173,-0.347163,-0.4608609999999999,-0.620122,-0.7219629999999999
12619,NOVARTIS A G,Cohen Says Drugmaker Novartis Wanted Cohen To Lobby For Them But He Refused,6,uncertain,0.6,0.2,"the refusal of a lobbyist may indicate a lack of support for novartis's initiatives, but the overall impact on stock price is unclear without further context on the reasons behind the refusal and its implications for the company's operations.",1,2019-02-27,NVS,2019-02-27 16:45:00+00:00,88233.0,66987V10,-0.002185998018831,1400499.0,-0.0006572193815372,0.0042810030281543,0.0018634019652381,0.0035250021610409,0.0075944038107991,0.0029830585699528,0.0060497522354125,-0.0025346674956381,0.0001112973986892,0.0085583711043,-0.0042311241850256,0.0010013793362304,0.002795482520014,0.0096607580780982,0.0043487888760864,0.0021388586610555,0.0,-0.0002250607067253,0.0173198357224464,0.0082841096445918,0.0042562414892017,-0.0082160467281937,0.0138013940304517,0.0060008917935192,-0.0012863408774137,-0.0076404530555009,-0.001931955688633,0.0005621478776447,0.0052694431506097,0.0064494195394217,0.0019255487713962,0.0082134790718555,-0.0025625184644013,0.0015997146256268,-0.0011774846352636,0.0215944722294807,0.0183260012418031,-0.0106247626245021,0.000947210821323,0.0109748374670743,0.0054673184640705,-0.0034903483465313,0.0053330771625041,-0.0052083861082792,-0.0044726473279297,-0.0198525246232748,-0.0086720492690801,-0.0019247981254011,0.0008431896567344,-0.0075289155356585,-0.0077927322126924,0.0040618372149765,-0.0024411308113485,0.0077316695824265,0.0100010903552174,0.0009103698539547,0.0009270255686715,0.012094022706151,-0.0177437160164117,-0.0108237098902463,-0.0007323026657104,-0.0038588577881455,-0.0199096724390983,0.0132244890555739,0.0089730964973568,0.0027675030287355,-0.0200099162757396,0.0216777101159095,-0.0257120411843061,-0.0117592522874474,-0.0115135749801993,0.0135709410533309,-0.0132181923836469,0.0080894641578197,0.0066312993876636,-0.0203938949853181,0.0252964179962873,0.0064508025534451,0.0357234477996826,0.0141548998653888,0.0085608242079615,-0.0082576023414731,-0.0019683067221194,0.0276397000998258,0.0135585619136691,-0.0103179439902305,-0.0038915199693292,-0.0104476418346166,0.0002441294345771,-0.0026050158776342,0.0082997716963291,-0.0110083436593413,0.0019367635250091,-0.0043143974617123,-0.0205388069152832,-0.0186519883573055,0.0098680527880787,-0.0114253628998994,-0.0108708851039409,0.0030637045856565,0.0111137796193361,0.0104333413764834,-0.0167317427694797,0.0036823900882154,0.0027325949631631,-0.0020670681260526,0.0101573104038834,-0.0221224166452884,0.01103609893471,-0.0189489219337701,0.0030321408994495,-0.0080866077914834,-0.0083433473482728,-0.0002184709155699,0.0046335477381944,0.0052717817015945,0.0184488929808139,0.0140327671542763,0.0063162762671709,0.010124891065061,-0.0006572193815372,0.0042810030281543,0.0012049579198136,0.0078210957341209,0.0088085126676309,0.0108274850907299,0.0150245112381297,0.0168944827587775,0.0355939844883812,0.038243248923349,0.0548302110978562,0.0423835167200361,0.0871459190352978,0.0292496174039456,2019-02-28,2019-03-01,2019-03-04,2019-03-05,2019-03-06,2019-03-07,2019-03-08,2019-03-11,2019-03-12,2019-03-13,88233.0,2019-02-27,252.0,-0.2186%,0.0003,0.591,-0.098,0.0495,0.8710%,1.0626%,32.8174%,-0.0025729999999999,NVS,88233.0,2019-02-28,252.0,-0.0657%,0.0004,0.5852,-0.102,0.0451,0.8685%,1.0568%,32.4635%,0.001218,NVS,88233.0,2019-03-01,252.0,0.1863%,0.0004,0.5795,-0.1104,0.0374,0.8670%,1.0528%,32.1830%,-0.001964,NVS,88233.0,2019-03-04,252.0,0.7594%,0.0005,0.5765,-0.1091,0.0401,0.8687%,1.0510%,31.6827%,0.00993,NVS,88233.0,2019-03-05,252.0,0.6050%,0.0005,0.5744,-0.1215,0.0363,0.8690%,1.0505%,31.5709%,0.0066979999999999,NVS,88233.0,2019-03-06,252.0,0.0111%,0.0005,0.5691,-0.1238,0.03,0.8678%,1.0466%,31.2514%,0.003301,NVS,88233.0,2019-03-07,252.0,-0.4231%,0.0004,0.5689,-0.1247,0.0295,0.8678%,1.0470%,31.3011%,0.000358,NVS,88233.0,2019-03-08,252.0,0.2795%,0.0004,0.5687,-0.1291,0.0294,0.8677%,1.0469%,31.2996%,0.00407,NVS,88233.0,2019-03-11,252.0,0.4349%,0.0004,0.5665,-0.1278,0.0313,0.8678%,1.0465%,31.2298%,-0.003597,NVS,88233.0,2019-03-12,252.0,0.0000%,0.0004,0.5711,-0.1277,0.0366,0.8672%,1.0461%,31.2826%,-0.001839,NVS,88233.0,2019-03-13,252.0,1.7320%,0.0005,0.5753,-0.1351,0.0394,0.8706%,1.0514%,31.4399%,0.012908,NVS,-0.0013549999999999,-0.003319,0.006611,0.01661,0.02851
12627,NOVARTIS A G,"Blackstone Life Sciences, Novartis Launch Anthos Therapeutics to Develop Innovative Medicines for Cardiovascular Disease",6,increase,0.75,0.6,the collaboration with blackstone life sciences to develop innovative medicines for cardiovascular disease suggests potential for growth and positive market sentiment around novartis a g's future prospects.,2,2019-02-27,NVS,2019-02-27 09:02:00+00:00,88233.0,66987V10,-0.002185998018831,1400499.0,-0.0006572193815372,0.0042810030281543,0.0018634019652381,0.0035250021610409,0.0075944038107991,0.0029830585699528,0.0060497522354125,-0.0025346674956381,0.0001112973986892,0.0085583711043,-0.0042311241850256,0.0010013793362304,0.002795482520014,0.0096607580780982,0.0043487888760864,0.0021388586610555,0.0,-0.0002250607067253,0.0173198357224464,0.0082841096445918,0.0042562414892017,-0.0082160467281937,0.0138013940304517,0.0060008917935192,-0.0012863408774137,-0.0076404530555009,-0.001931955688633,0.0005621478776447,0.0052694431506097,0.0064494195394217,0.0019255487713962,0.0082134790718555,-0.0025625184644013,0.0015997146256268,-0.0011774846352636,0.0215944722294807,0.0183260012418031,-0.0106247626245021,0.000947210821323,0.0109748374670743,0.0054673184640705,-0.0034903483465313,0.0053330771625041,-0.0052083861082792,-0.0044726473279297,-0.0198525246232748,-0.0086720492690801,-0.0019247981254011,0.0008431896567344,-0.0075289155356585,-0.0077927322126924,0.0040618372149765,-0.0024411308113485,0.0077316695824265,0.0100010903552174,0.0009103698539547,0.0009270255686715,0.012094022706151,-0.0177437160164117,-0.0108237098902463,-0.0007323026657104,-0.0038588577881455,-0.0199096724390983,0.0132244890555739,0.0089730964973568,0.0027675030287355,-0.0200099162757396,0.0216777101159095,-0.0257120411843061,-0.0117592522874474,-0.0115135749801993,0.0135709410533309,-0.0132181923836469,0.0080894641578197,0.0066312993876636,-0.0203938949853181,0.0252964179962873,0.0064508025534451,0.0357234477996826,0.0141548998653888,0.0085608242079615,-0.0082576023414731,-0.0019683067221194,0.0276397000998258,0.0135585619136691,-0.0103179439902305,-0.0038915199693292,-0.0104476418346166,0.0002441294345771,-0.0026050158776342,0.0082997716963291,-0.0110083436593413,0.0019367635250091,-0.0043143974617123,-0.0205388069152832,-0.0186519883573055,0.0098680527880787,-0.0114253628998994,-0.0108708851039409,0.0030637045856565,0.0111137796193361,0.0104333413764834,-0.0167317427694797,0.0036823900882154,0.0027325949631631,-0.0020670681260526,0.0101573104038834,-0.0221224166452884,0.01103609893471,-0.0189489219337701,0.0030321408994495,-0.0080866077914834,-0.0083433473482728,-0.0002184709155699,0.0046335477381944,0.0052717817015945,0.0184488929808139,0.0140327671542763,0.0063162762671709,0.010124891065061,-0.0006572193815372,0.0042810030281543,0.0012049579198136,0.0078210957341209,0.0088085126676309,0.0108274850907299,0.0150245112381297,0.0168944827587775,0.0355939844883812,0.038243248923349,0.0548302110978562,0.0423835167200361,0.0871459190352978,0.0292496174039456,2019-02-28,2019-03-01,2019-03-04,2019-03-05,2019-03-06,2019-03-07,2019-03-08,2019-03-11,2019-03-12,2019-03-13,88233.0,2019-02-27,252.0,-0.2186%,0.0003,0.591,-0.098,0.0495,0.8710%,1.0626%,32.8174%,-0.0025729999999999,NVS,88233.0,2019-02-28,252.0,-0.0657%,0.0004,0.5852,-0.102,0.0451,0.8685%,1.0568%,32.4635%,0.001218,NVS,88233.0,2019-03-01,252.0,0.1863%,0.0004,0.5795,-0.1104,0.0374,0.8670%,1.0528%,32.1830%,-0.001964,NVS,88233.0,2019-03-04,252.0,0.7594%,0.0005,0.5765,-0.1091,0.0401,0.8687%,1.0510%,31.6827%,0.00993,NVS,88233.0,2019-03-05,252.0,0.6050%,0.0005,0.5744,-0.1215,0.0363,0.8690%,1.0505%,31.5709%,0.0066979999999999,NVS,88233.0,2019-03-06,252.0,0.0111%,0.0005,0.5691,-0.1238,0.03,0.8678%,1.0466%,31.2514%,0.003301,NVS,88233.0,2019-03-07,252.0,-0.4231%,0.0004,0.5689,-0.1247,0.0295,0.8678%,1.0470%,31.3011%,0.000358,NVS,88233.0,2019-03-08,252.0,0.2795%,0.0004,0.5687,-0.1291,0.0294,0.8677%,1.0469%,31.2996%,0.00407,NVS,88233.0,2019-03-11,252.0,0.4349%,0.0004,0.5665,-0.1278,0.0313,0.8678%,1.0465%,31.2298%,-0.003597,NVS,88233.0,2019-03-12,252.0,0.0000%,0.0004,0.5711,-0.1277,0.0366,0.8672%,1.0461%,31.2826%,-0.001839,NVS,88233.0,2019-03-13,252.0,1.7320%,0.0005,0.5753,-0.1351,0.0394,0.8706%,1.0514%,31.4399%,0.012908,NVS,-0.0013549999999999,-0.003319,0.006611,0.01661,0.02851
12635,NEW YORK MORTGAGE TRUST INC,New York Mortgage Trust Prices 15M Share  Public Offering of Common Stock for Gross Proceeds of $90M; $6/Share,6,decrease,0.7,0.6,"the public offering of shares typically dilutes existing shareholders' equity, which can lead to a decrease in stock price.",0,2019-02-27,NYMT,2019-02-27 09:11:00+00:00,90214.0,64960484,-0.0259740017354488,18229424.0,0.0,0.0,-0.0016667047748342,0.0,-0.0016694077057763,-0.0144000239670276,-0.0033444783184677,-0.0047771031968295,-0.0067114029079675,-0.0031745999585837,-0.0033783752005547,-0.0015847467584535,0.0067796544171869,0.0015872621443122,0.0084174601361155,-0.0047392942942678,0.0,-0.003149603260681,0.0,0.0031595546752214,0.0016694873338565,-0.0015773231862112,0.0033333301544189,0.0031645537819713,0.0083056800067424,0.0,-0.003294889582321,-0.0047243675217032,0.0049586333334445,0.0063391383737325,0.0131578827276825,-0.0015823146095499,-0.0113635873422026,0.0063694203272461,0.0131362760439515,0.0080257123336195,0.0032414880115538,0.004838743712753,0.0096930442377924,-0.0016103427624329,0.0047999881207942,0.0016129402210935,0.0016447744565084,0.0016154687618836,0.0082101337611675,0.0032414880115538,-0.0065146517008543,0.0164744481444358,0.0016393818659707,-0.0016446961089968,0.0032733192201703,-0.0129870008677244,0.0016312808729708,0.0032573258504271,-0.0016286241589114,0.0065573710016906,-0.0032626395113766,-0.0129449721425771,0.0,0.0,-0.001636698609218,0.0081565603613853,0.0,0.0049180672504007,0.0016393818659707,-0.003267970867455,0.0114565780386328,-0.0097087286412715,0.0,0.0114565780386328,0.0016181600512936,0.0200334507972002,0.0016154687618836,-0.0016667047748342,0.0096774874255061,0.0186757445335388,0.0047922893427312,-0.0150501923635602,-0.007949155755341,0.0101351253688335,0.0112179769203066,0.0068027144297957,-0.0063391383737325,0.0462633855640888,0.0047847223468124,-0.0327022485435009,-0.0095238760113716,0.0017240950837731,0.0,-0.0268456116318702,0.006410326808691,-0.0050083026289939,0.003184710163623,0.0050335121341049,-0.0047619380056858,-0.016501635313034,-0.0047847223468124,0.0033112552482634,-0.0336537770926952,0.0097087603062391,0.0066334926523268,-0.0080257123336195,-0.0049423738382756,0.0032206089235842,0.0033112552482634,0.0032310145907104,0.0,0.0016181600512936,0.0016502027865499,0.0131147420033812,-0.003294889582321,-0.0161290168762207,0.0016528514679521,0.0,0.0066006537526845,-0.0016103427624329,0.0016393818659707,0.0130505580455064,0.0016366206109523,0.0049180672504007,0.0,0.0,-0.0016667047748342,0.0,-0.0033333300708162,-0.0144000239670276,-0.0133333204048572,-0.022222275396816,-0.0016667047450117,-0.0268562517412296,0.0518311656105499,-0.003236243162082,0.0535526139291497,0.0432743364885441,2019-02-28,2019-03-01,2019-03-04,2019-03-05,2019-03-06,2019-03-07,2019-03-08,2019-03-11,2019-03-12,2019-03-13,90214.0,2019-02-27,252.0,-2.5974%,0.0007,0.4453,0.1394,0.2604,0.9084%,1.0057%,18.4057%,-0.026434,NYMT,90214.0,2019-02-28,252.0,0.0000%,0.0008,0.4366,0.1334,0.2537,0.9029%,0.9964%,17.8978%,0.001904,NYMT,90214.0,2019-03-01,252.0,-0.1667%,0.0008,0.4247,0.1157,0.2376,0.8964%,0.9851%,17.2000%,-0.004272,NYMT,90214.0,2019-03-04,252.0,-0.1669%,0.0008,0.4279,0.1057,0.2366,0.8954%,0.9850%,17.3817%,-1.5e-05,NYMT,90214.0,2019-03-05,252.0,-0.3344%,0.0007,0.4247,0.0792,0.2353,0.8897%,0.9780%,17.2477%,-0.001811,NYMT,90214.0,2019-03-06,252.0,-0.6711%,0.0005,0.3938,0.1131,0.2049,0.8038%,0.8891%,18.2543%,-0.00233,NYMT,90214.0,2019-03-07,252.0,-0.3378%,0.0005,0.3928,0.1086,0.2024,0.8035%,0.8885%,18.2276%,0.000516,NYMT,90214.0,2019-03-08,252.0,0.6780%,0.0005,0.3914,0.115,0.1999,0.8040%,0.8888%,18.1590%,0.007844,NYMT,90214.0,2019-03-11,252.0,0.8417%,0.0006,0.3931,0.1077,0.1949,0.8021%,0.8884%,18.4769%,0.00312,NYMT,90214.0,2019-03-12,252.0,0.0000%,0.0006,0.3952,0.1078,0.1973,0.8020%,0.8880%,18.4215%,-0.000615,NYMT,90214.0,2019-03-13,252.0,0.0000%,0.0005,0.3944,0.1033,0.1953,0.8008%,0.8866%,18.4254%,-0.00259,NYMT,-0.02453,-0.028802,-0.028817,-0.032958,-0.024683
12643,OCWEN FINANCIAL CORP,Ocwen Financial shares are trading higher after the company beat Q4 EPS and sales estimates.,6,increase,0.8,0.7,"beating q4 eps and sales estimates typically signals strong performance, which can lead to increased investor confidence and a rise in stock price.",2,2019-02-27,OCN,2019-02-27 14:27:00+00:00,84007.0,67574660,0.1518325060606003,1753332.0,-0.0272727012634277,-0.0052083283662796,-0.0140187889337539,-0.0400000214576721,0.028436105698347,-0.0430621616542339,-0.0184331610798835,-0.0094786640256643,-0.0046949428506195,-0.1244814023375511,-0.023584883660078,0.1930693536996841,-0.0096618272364139,0.0358974002301693,-0.0390243530273437,-0.0346534326672554,0.0,0.0687830671668052,0.0050761373713612,0.0327868536114692,0.0050505003891885,0.0110497791320085,0.0100502418354153,0.0284090638160705,0.0,0.005714280065149,-0.0149253588169813,-0.0112994248047471,-0.0151515007019043,-0.0056179724633693,0.0,0.0056497124023735,-0.051282063126564,0.0535714514553546,0.0054053999483585,-0.0454545691609382,-0.0215053558349609,0.0414200760424137,0.0,0.0180723443627357,-0.0109890652820467,-0.0459770374000072,0.0111111672595143,0.0057803411036729,0.0109890000894665,-0.0170454382896423,0.0163043327629566,-0.0167597606778144,0.0481283590197563,-0.0376344360411167,0.015306107699871,-0.0053475885652005,0.0050251209177076,-0.0053191436454653,0.0,-0.0208333134651184,-0.0049999952316284,0.0322580337524414,0.0,0.0391061753034591,0.0,0.0346820466220378,0.0050251209177076,0.0236686151474714,0.0,0.0180723443627357,0.0099999904632568,0.0374999642372131,-0.0544554516673088,0.0322581119835376,-0.0418847762048244,0.1567163467407227,-0.0218579676002264,-0.0147058684378862,0.0223464146256446,0.0149253588169813,-0.0218579676002264,0.0,-0.0391061082482338,0.0,0.0,0.0468750484287738,0.0290697384625673,0.0406503677368164,-0.0451976992189884,-0.0080645084381103,0.0059171537868678,-0.0461538024246692,0.0411764308810234,-0.0076335808262228,-0.0338982716202735,-0.0965517908334732,0.0116958953440189,-0.020270250737667,0.0924855321645736,0.0496454276144504,-0.0211640018969774,-0.0536913052201271,-0.0054053999483585,-0.0569620430469512,0.0163043327629566,-0.0813953354954719,-0.0267379414290189,0.0,0.0164835005998611,-0.0391061082482338,-0.0162161998450756,-0.0218579676002264,0.0,-0.0317460000514984,-0.0604395680129528,-0.05970149487257,-0.0409357026219368,-0.0473933219909668,0.0121951103210449,0.0047619002871215,-0.0301204547286033,-0.0140846045687794,0.0124223483726382,-0.0093023162335157,-0.0272727012634277,-0.0052083283662796,-0.0409091599545163,-0.0450000165775419,-0.0136363514526665,-0.0861243802434705,-0.0363637099175382,-0.2074689211775483,-0.1000000100899676,0.043715799091528,-0.0954545602056143,0.0670391049122929,-0.2590909229212167,-0.1116279630862649,2019-02-28,2019-03-01,2019-03-04,2019-03-05,2019-03-06,2019-03-07,2019-03-08,2019-03-11,2019-03-12,2019-03-13,84007.0,2019-02-27,252.0,15.1833%,-0.001,1.2254,0.9832,1.0166,3.3361%,3.5603%,12.1963%,0.150059,OCN,84007.0,2019-02-28,252.0,-2.7273%,-0.0011,1.2266,0.9834,1.0223,3.3384%,3.5614%,12.1319%,-0.021229,OCN,84007.0,2019-03-01,252.0,-1.4019%,-0.0015,1.2846,1.0696,1.1215,3.2772%,3.5250%,13.5665%,-0.021703,OCN,84007.0,2019-03-04,252.0,2.8436%,-0.0013,1.2728,1.0761,1.132,3.2836%,3.5276%,13.3560%,0.034931,OCN,84007.0,2019-03-05,252.0,-1.8433%,-0.0014,1.2693,1.0433,1.1329,3.2812%,3.5211%,13.1651%,-0.010307,OCN,84007.0,2019-03-06,252.0,-0.4695%,-0.0014,1.2508,1.011,1.1076,3.2813%,3.5156%,12.8848%,0.018569,OCN,84007.0,2019-03-07,252.0,-2.3585%,-0.0018,1.2358,0.9216,1.0623,3.2463%,3.4733%,12.6426%,-0.009056,OCN,84007.0,2019-03-08,252.0,-0.9662%,-0.0017,1.2341,0.9581,1.0577,3.2397%,3.4687%,12.7672%,-0.0056879999999999,OCN,84007.0,2019-03-11,252.0,-3.9024%,-0.0021,1.2046,0.9812,1.0861,3.2413%,3.4636%,12.4262%,-0.055451,OCN,84007.0,2019-03-12,252.0,0.0000%,-0.002,1.2068,0.9796,1.0879,3.2413%,3.4615%,12.3203%,0.0005149999999999,OCN,84007.0,2019-03-13,252.0,0.5076%,-0.0021,1.2078,0.9616,1.0848,3.2381%,3.4580%,12.3140%,-0.000956,OCN,0.12883,0.107127,0.142058,0.15032,0.079684
12651,OCWEN FINANCIAL CORP,"Ocwen Financial Q4 EPS $(0.03) Beats $(0.45) Estimate, Sales $310.93M Beat $290.65M Estimate",6,increase,0.7,0.6,"the company reported a smaller loss than expected and higher sales than anticipated, which typically signals positive performance and can lead to an increase in stock price.",2,2019-02-27,OCN,2019-02-27 11:36:00+00:00,84007.0,67574660,0.1518325060606003,1753332.0,-0.0272727012634277,-0.0052083283662796,-0.0140187889337539,-0.0400000214576721,0.028436105698347,-0.0430621616542339,-0.0184331610798835,-0.0094786640256643,-0.0046949428506195,-0.1244814023375511,-0.023584883660078,0.1930693536996841,-0.0096618272364139,0.0358974002301693,-0.0390243530273437,-0.0346534326672554,0.0,0.0687830671668052,0.0050761373713612,0.0327868536114692,0.0050505003891885,0.0110497791320085,0.0100502418354153,0.0284090638160705,0.0,0.005714280065149,-0.0149253588169813,-0.0112994248047471,-0.0151515007019043,-0.0056179724633693,0.0,0.0056497124023735,-0.051282063126564,0.0535714514553546,0.0054053999483585,-0.0454545691609382,-0.0215053558349609,0.0414200760424137,0.0,0.0180723443627357,-0.0109890652820467,-0.0459770374000072,0.0111111672595143,0.0057803411036729,0.0109890000894665,-0.0170454382896423,0.0163043327629566,-0.0167597606778144,0.0481283590197563,-0.0376344360411167,0.015306107699871,-0.0053475885652005,0.0050251209177076,-0.0053191436454653,0.0,-0.0208333134651184,-0.0049999952316284,0.0322580337524414,0.0,0.0391061753034591,0.0,0.0346820466220378,0.0050251209177076,0.0236686151474714,0.0,0.0180723443627357,0.0099999904632568,0.0374999642372131,-0.0544554516673088,0.0322581119835376,-0.0418847762048244,0.1567163467407227,-0.0218579676002264,-0.0147058684378862,0.0223464146256446,0.0149253588169813,-0.0218579676002264,0.0,-0.0391061082482338,0.0,0.0,0.0468750484287738,0.0290697384625673,0.0406503677368164,-0.0451976992189884,-0.0080645084381103,0.0059171537868678,-0.0461538024246692,0.0411764308810234,-0.0076335808262228,-0.0338982716202735,-0.0965517908334732,0.0116958953440189,-0.020270250737667,0.0924855321645736,0.0496454276144504,-0.0211640018969774,-0.0536913052201271,-0.0054053999483585,-0.0569620430469512,0.0163043327629566,-0.0813953354954719,-0.0267379414290189,0.0,0.0164835005998611,-0.0391061082482338,-0.0162161998450756,-0.0218579676002264,0.0,-0.0317460000514984,-0.0604395680129528,-0.05970149487257,-0.0409357026219368,-0.0473933219909668,0.0121951103210449,0.0047619002871215,-0.0301204547286033,-0.0140846045687794,0.0124223483726382,-0.0093023162335157,-0.0272727012634277,-0.0052083283662796,-0.0409091599545163,-0.0450000165775419,-0.0136363514526665,-0.0861243802434705,-0.0363637099175382,-0.2074689211775483,-0.1000000100899676,0.043715799091528,-0.0954545602056143,0.0670391049122929,-0.2590909229212167,-0.1116279630862649,2019-02-28,2019-03-01,2019-03-04,2019-03-05,2019-03-06,2019-03-07,2019-03-08,2019-03-11,2019-03-12,2019-03-13,84007.0,2019-02-27,252.0,15.1833%,-0.001,1.2254,0.9832,1.0166,3.3361%,3.5603%,12.1963%,0.150059,OCN,84007.0,2019-02-28,252.0,-2.7273%,-0.0011,1.2266,0.9834,1.0223,3.3384%,3.5614%,12.1319%,-0.021229,OCN,84007.0,2019-03-01,252.0,-1.4019%,-0.0015,1.2846,1.0696,1.1215,3.2772%,3.5250%,13.5665%,-0.021703,OCN,84007.0,2019-03-04,252.0,2.8436%,-0.0013,1.2728,1.0761,1.132,3.2836%,3.5276%,13.3560%,0.034931,OCN,84007.0,2019-03-05,252.0,-1.8433%,-0.0014,1.2693,1.0433,1.1329,3.2812%,3.5211%,13.1651%,-0.010307,OCN,84007.0,2019-03-06,252.0,-0.4695%,-0.0014,1.2508,1.011,1.1076,3.2813%,3.5156%,12.8848%,0.018569,OCN,84007.0,2019-03-07,252.0,-2.3585%,-0.0018,1.2358,0.9216,1.0623,3.2463%,3.4733%,12.6426%,-0.009056,OCN,84007.0,2019-03-08,252.0,-0.9662%,-0.0017,1.2341,0.9581,1.0577,3.2397%,3.4687%,12.7672%,-0.0056879999999999,OCN,84007.0,2019-03-11,252.0,-3.9024%,-0.0021,1.2046,0.9812,1.0861,3.2413%,3.4636%,12.4262%,-0.055451,OCN,84007.0,2019-03-12,252.0,0.0000%,-0.002,1.2068,0.9796,1.0879,3.2413%,3.4615%,12.3203%,0.0005149999999999,OCN,84007.0,2019-03-13,252.0,0.5076%,-0.0021,1.2078,0.9616,1.0848,3.2381%,3.4580%,12.3140%,-0.000956,OCN,0.12883,0.107127,0.142058,0.15032,0.079684
12659,O D P CORP,"Office Depot Q4 Adj. EPS $0.09 Beats $0.08 Estimate, Sales $2.67B Miss $2.68B Estimate",6,uncertain,0.6,0.3,"while the adjusted eps beat estimates, the sales miss could lead to mixed investor reactions, making the overall impact on the stock price uncertain.",1,2019-02-27,ODP,2019-02-27 11:52:00+00:00,75573.0,88337F10,0.0948012098670005,10094006.0,-0.023742988705635,-0.0090909004211425,0.0259365737438201,-0.0149253597483038,-0.0196629036217927,-0.0059347124770283,-0.0057306536473333,0.0,-0.0432276912033557,0.0181268714368343,0.0030120452865958,-0.0089820278808474,0.0,0.0030030002817511,0.0060060005635023,-0.0118694249540567,0.0029850718565285,0.0698411986231803,0.0535714514553546,-0.0094339530915021,-0.0706214681267738,0.029126264154911,0.0212765764445066,-0.0127796158194541,0.0327381342649459,0.0129450494423508,0.0115273660048842,0.0131147420033812,-0.0199430007487535,0.023489911109209,0.0406976342201232,0.0136054288595914,-0.0167597606778144,-0.0033898272085934,0.0284090638160705,0.0034013572148978,0.0,0.0034129659179598,0.0248619206249713,-0.0034013572148978,0.0026954151690006,-0.0297029428184032,-0.024193525314331,0.0202020015567541,0.0247933641076088,0.0171232707798481,-0.0295699276030063,0.0068965447135269,0.0443213544785976,-0.0301003064960241,-0.2360742390155792,-0.0099337650462985,-0.0555555820465087,0.0066666603088378,-0.0514706261456012,0.0067114029079675,0.0,0.0101694818586111,0.0465116761624813,0.0034013572148978,-0.0296296887099742,-0.0067567504011094,-0.0343511141836643,0.0171821136027574,-0.0158102624118328,0.0355872400104999,0.0200803019106388,0.0107913566753268,-0.0039370041340589,0.0296296011656522,-0.0276679582893848,0.0588235668838024,-0.0406504645943641,-0.030418312177062,0.008474669419229,0.0193799193948507,0.03781508654356,0.0238095019012689,-0.0080971578136086,0.0370370000600814,0.0040816287510097,-0.0240963622927665,0.0121951103210449,0.0641026049852371,-0.0361445434391498,0.1037736013531685,-0.0041666626930236,-0.0901287719607353,0.0167363844811916,-0.0862745195627212,0.0082304449751973,-0.0229884851723909,-0.0367347560822963,0.0116278966888785,-0.0508474111557006,-0.0618182085454464,-0.0133928442373871,-0.0316901132464408,-0.0542986989021301,-0.0340136550366878,0.0334929078817367,0.0,-0.0509259849786758,0.017301021143794,0.0341463088989257,-0.0170067865401506,0.0141510432586073,-0.0576922558248043,-0.0093023162335157,-0.006369496230036,-0.0328639298677444,-0.0338461212813854,0.0,0.0061919447034597,-0.0048543643206357,-0.0182370655238628,-0.0146341323852539,0.0123076802119612,-0.0024752332828938,0.0156249850988388,-0.023742988705635,-0.0090909004211425,0.0015777732607227,-0.0238805752102249,-0.0181161539646327,-0.0296735633395945,-0.0659443267625656,-0.0120845807704897,-0.0040490606994135,0.0283018569663415,-0.2403763836004828,0.1122448692063797,-0.4330957177581235,0.0218749743206141,2019-02-28,2019-03-01,2019-03-04,2019-03-05,2019-03-06,2019-03-07,2019-03-08,2019-03-11,2019-03-12,2019-03-13,75573.0,2019-02-27,252.0,9.4801%,0.0011,1.5357,1.4091,0.2153,2.9444%,3.4300%,26.3131%,0.09089,ODP,75573.0,2019-02-28,252.0,-2.3743%,0.0011,1.5364,1.409,0.2205,2.9468%,3.4291%,26.1507%,-0.018826,ODP,75573.0,2019-03-01,252.0,2.5937%,0.0014,1.4955,1.3481,0.1523,2.9131%,3.3800%,25.7189%,0.01158,ODP,75573.0,2019-03-04,252.0,-1.9663%,0.0016,1.463,1.4639,0.159,2.8778%,3.3484%,26.1354%,-0.007178,ODP,75573.0,2019-03-05,252.0,-0.5731%,0.0016,1.46,1.4405,0.1569,2.8765%,3.3395%,25.8043%,0.001586,ODP,75573.0,2019-03-06,252.0,-4.3228%,0.0017,1.483,1.4559,0.185,2.8709%,3.3488%,26.5050%,-0.012966,ODP,75573.0,2019-03-07,252.0,0.3012%,0.0017,1.4753,1.4477,0.1724,2.8724%,3.3468%,26.3395%,0.016712,ODP,75573.0,2019-03-08,252.0,0.0000%,0.0018,1.4743,1.4622,0.17,2.8712%,3.3468%,26.4004%,0.002725,ODP,75573.0,2019-03-11,252.0,0.6006%,0.0018,1.4642,1.4157,0.1486,2.8637%,3.3365%,26.3341%,-0.0204309999999999,ODP,75573.0,2019-03-12,252.0,0.2985%,0.0018,1.4668,1.4145,0.1511,2.8636%,3.3344%,26.2430%,0.003317,ODP,75573.0,2019-03-13,252.0,5.3571%,0.0019,1.4828,1.3719,0.1583,2.8722%,3.3431%,26.1877%,0.0479119999999999,ODP,0.072064,0.083644,0.0764659999999999,0.0650859999999999,0.115321
12667,OPKO HEALTH INC,"Opko Health Q4 EPS $(0.13) Misses $(0.09) Estimate, Sales $221.9M Miss $245.27M Estimate",6,decrease,0.8,0.7,"the company reported a larger-than-expected loss and lower sales than anticipated, which typically leads to a negative reaction in the stock market.",0,2019-02-27,OPK,2019-02-27 21:26:00+00:00,82567.0,68375N10,-0.0176678281277418,5830815.0,-0.0827338173985481,-0.0035211234353482,0.0745098292827606,0.0106761464849114,-0.0255474206060171,0.0255474206060171,-0.0074906293302774,-0.003636360168457,-0.033962320536375,-0.0248226728290319,-0.0078124925494194,-0.013986000791192,-0.0275590289384126,0.0250895824283361,0.0404857918620109,0.0072202095761895,-0.0116731412708759,-0.0212013944983482,0.0039370041340589,0.0328466854989528,-0.050980344414711,0.0185873433947563,0.0371900461614131,-0.0253622941672802,0.0039840601384639,-0.0247349590063095,-0.0039682500064373,-0.0471380837261676,-0.0199203006923198,-0.1562499850988388,0.1056910529732704,-0.0194985885173082,-0.0698529630899429,-0.02445656247437,-0.0039525656029582,-0.0107526779174804,0.0198412518948316,0.047887347638607,-0.0428015179932117,0.0230547320097684,0.0284552574157714,-0.0892388224601745,0.0316205248236656,0.0325202941894531,-0.0114942425861954,0.0165289100259542,-0.023255793377757,-0.0135869430378079,0.0198412518948316,-0.0315789170563221,-0.0116731412708759,0.0215053558349609,0.0275590289384126,-0.002680962672457,-0.0306513123214244,-0.0132275009527802,-0.011857695877552,0.0216215997934341,0.0159999839961528,-0.0339425280690193,-0.0393700413405895,0.0213333126157522,0.0163934268057346,0.027397233992815,-0.0080645084381103,0.0082873506471514,0.0040650367736816,-0.0136240301653742,-0.0242914743721485,0.0367231965065002,-0.0041493736207485,0.0792682915925979,-0.025000074878335,-0.0030395109206438,0.0299146044999361,0.0930232480168342,-0.0331950858235359,-0.0474683828651905,0.0128755243495106,0.249011904001236,0.0423729456961154,-0.0039370041340589,-0.0162601470947265,0.0325202941894531,-0.0123966820538044,-0.039062462747097,-0.0376569665968418,-0.055350586771965,0.0304347537457943,-0.0491227619349956,0.0168777219951152,-0.0531561747193336,0.0331949889659881,-0.0504732131958007,-0.0522088818252086,-0.0364741310477256,-0.1144067794084549,-0.0351906530559063,0.0,0.0209581349045038,0.0143540538847446,0.0030030002817511,-0.0754716321825981,0.0030120452865958,0.0255101788789033,0.0121951103210449,0.0348258391022682,0.0092307608574628,-0.0240384396165609,-0.0687679126858711,0.0098522072657942,-0.0742705464363098,-0.0292682647705078,0.0080213826149702,0.0552763305604457,0.0303029995411634,-0.0571428053081035,0.0491329692304134,-0.0303030610084533,0.0613497085869312,-0.0827338173985481,-0.0035211234353482,-0.0143884707260644,0.0071174310199759,-0.0395683030185654,0.0328466836298946,-0.0791366969923731,0.0035460948367971,-0.0827338149637736,0.0328466840189496,-0.0863309340774542,-0.2610966066066686,-0.3093525226025589,-0.1319018567343161,2019-02-28,2019-03-01,2019-03-04,2019-03-05,2019-03-06,2019-03-07,2019-03-08,2019-03-11,2019-03-12,2019-03-13,82567.0,2019-02-27,248.0,-1.7668%,0.0004,1.8573,2.0184,1.4231,4.9703%,5.3638%,14.1342%,-0.021611,OPK,82567.0,2019-02-28,248.0,-8.2734%,0.0,1.8838,2.0341,1.4596,4.9908%,5.3896%,14.2504%,-0.073922,OPK,82567.0,2019-03-01,248.0,7.4510%,0.0004,1.8647,2.0058,1.402,4.9944%,5.3822%,13.8923%,0.060796,OPK,82567.0,2019-03-04,248.0,-2.5547%,0.0006,1.8381,2.1066,1.4061,4.9801%,5.3700%,13.9941%,-0.013386,OPK,82567.0,2019-03-05,248.0,-0.7491%,0.0005,1.8308,2.0533,1.3991,4.9769%,5.3570%,13.6906%,0.005449,OPK,82567.0,2019-03-06,248.0,-3.3962%,0.0004,1.8094,2.0569,1.3753,4.9719%,5.3520%,13.6985%,0.006638,OPK,82567.0,2019-03-07,248.0,-0.7812%,0.0007,1.8175,2.1218,1.4046,4.9593%,5.3478%,14.0012%,0.0129129999999999,OPK,82567.0,2019-03-08,248.0,-2.7559%,0.0008,1.8181,2.164,1.4033,4.9554%,5.3481%,14.1446%,-0.022324,OPK,82567.0,2019-03-11,248.0,4.0486%,0.0008,1.8241,2.1738,1.4058,4.9559%,5.3541%,14.3223%,0.012813,OPK,82567.0,2019-03-12,248.0,-1.1673%,0.0005,1.7797,2.1877,1.3606,4.9454%,5.3297%,13.9005%,-0.009112,OPK,82567.0,2019-03-13,248.0,0.3937%,0.0006,1.7781,2.2038,1.3627,4.9439%,5.3293%,13.9394%,-0.002342,OPK,-0.095533,-0.034737,-0.048123,-0.036036,-0.0440879999999999
12675,OVERSTOCK COM INC DEL,"Overstock Shares Up 13% Ahead Of Thurs., Feb. 28, 2019 Deadline For GSR Capital To Finalize Previously-Announced Equity Investment",6,increase,0.8,0.7,"the news indicates a positive market reaction with a 13% increase in shares ahead of a significant investment, suggesting investor confidence in overstock's future prospects.",2,2019-02-27,OSTK,2019-02-27 18:20:00+00:00,89394.0,69037010,0.129358783364296,6311560.0,-0.0134462378919124,-0.0155038088560104,0.0630994439125061,-0.0920060351490974,0.0009496893617324,-0.0055000307038426,0.0436432659626007,-0.0933816656470298,-0.000454555847682,-0.0040632123127579,-0.0286493487656116,0.1226558610796928,0.0032771392725408,0.0292122829705476,0.0219318382441997,0.0251336526125669,0.00136989436578,-0.0168243795633316,-0.0323757864534854,0.0331341996788978,-0.0598491318523883,-0.0957760661840438,0.0245613902807235,0.0446383208036422,-0.0567514598369598,-0.0380059443414211,-0.0025934202130883,0.1004888862371445,0.0208008121699094,0.0336889624595642,-0.0066224741749465,0.0148148285225033,-0.055897444486618,0.0115273110568523,-0.0162954498082399,-0.0377149358391761,-0.0110436640679836,0.018068978562951,-0.0804020389914512,-0.0751958489418029,-0.0157862920314073,0.0418933890759944,0.0252931378781795,0.1625552624464035,-0.0240674801170826,0.0986796393990516,-0.0030825671274214,0.0133803198114037,0.0445268601179122,-0.0614673048257827,0.0,0.1116826236248016,-0.0011840468505397,-0.0354358628392219,0.0023710140958428,-0.0362022332847118,-0.0709639191627502,0.0324400588870048,0.0541056282818317,-0.0713817998766899,-0.0271738450974226,0.0146179581061005,0.0086902165785431,-0.0377237945795059,-0.0713846087455749,-0.0076142060570418,0.030483765527606,0.0314136445522308,-0.0019292432116344,0.0715287178754806,-0.0347938723862171,0.0762264356017112,-0.0747663527727127,-0.0622788481414318,-0.0036074486561119,0.0405007489025592,-0.0065170275047421,-0.04901959374547,-0.0437318049371242,-0.0416107326745986,-0.0038109901361167,-0.0093085337430238,0.0022953853476792,0.0954115390777587,0.006106864195317,0.0488922372460365,-0.0584218837320804,-0.0360824577510356,0.0507655218243598,0.0382262989878654,-0.012269927188754,0.0266876108944416,0.0085403462871909,-0.0569948516786098,-0.0346420183777809,-0.2154471129179001,-0.0374800860881805,-0.0422692000865936,0.1126761063933372,-0.0586387850344181,0.0253164656460285,0.0164981074631214,-0.0973130092024803,-0.0037115425802767,0.0370072424411773,0.0857800617814064,-0.1567106544971466,-0.0920020043849945,-0.0699172243475914,-0.0067497957497835,0.0494559854269027,-0.0267812367528677,-0.0669180080294609,0.0117587652057409,0.1303030252456665,0.0338266044855117,-0.027703259140253,0.0288200490176677,-0.0321691520512104,0.0250835474580526,-0.0134462378919124,-0.0155038088560104,0.0488047558868987,-0.1060834000225569,0.0498007946060989,-0.1109999687691074,0.0951195105378068,-0.1972911554513908,0.0567728722947153,-0.0342204914696833,-0.1752988361223922,0.1643745999702999,-0.4755976315250613,-0.0089186137258346,2019-02-28,2019-03-01,2019-03-04,2019-03-05,2019-03-06,2019-03-07,2019-03-08,2019-03-11,2019-03-12,2019-03-13,89394.0,2019-02-27,252.0,12.9359%,-0.0042,1.4302,1.8515,-1.2633,4.8376%,5.3708%,18.8698%,0.123009,OSTK,89394.0,2019-02-28,252.0,-1.3446%,-0.0041,1.4166,1.8419,-1.2712,4.8346%,5.3615%,18.6897%,-0.012641,OSTK,89394.0,2019-03-01,252.0,6.3099%,-0.004,1.4359,1.8706,-1.2629,4.8424%,5.3775%,18.9106%,0.042384,OSTK,89394.0,2019-03-04,252.0,0.0950%,-0.0037,1.4132,1.9237,-1.2519,4.8376%,5.3713%,18.8852%,0.020734,OSTK,89394.0,2019-03-05,252.0,4.3643%,-0.0036,1.4014,1.8662,-1.2798,4.8481%,5.3695%,18.4784%,0.048915,OSTK,89394.0,2019-03-06,252.0,-0.0455%,-0.0034,1.386,1.7859,-1.3081,4.8541%,5.3695%,18.2766%,0.035253,OSTK,89394.0,2019-03-07,252.0,-2.8649%,-0.0035,1.3943,1.7935,-1.2948,4.8552%,5.3714%,18.2965%,-0.0204409999999999,OSTK,89394.0,2019-03-08,252.0,0.3277%,-0.0033,1.3911,1.8324,-1.3021,4.8503%,5.3707%,18.4390%,0.0031569999999999,OSTK,89394.0,2019-03-11,252.0,2.1932%,-0.0036,1.3846,1.877,-1.2733,4.8393%,5.3626%,18.5650%,-0.012252,OSTK,89394.0,2019-03-12,252.0,0.1370%,-0.0034,1.4216,1.8666,-1.2352,4.8318%,5.3597%,18.7313%,0.002055,OSTK,89394.0,2019-03-13,252.0,-3.2376%,-0.0033,1.4094,1.9251,-1.2345,4.8218%,5.3535%,18.8793%,-0.035171,OSTK,0.110368,0.152752,0.173486,0.257654,0.1950019999999999
12683,OVERSTOCK COM INC DEL,Overstock.com Option Alert: Fri $17.5 Puts Sweep (3) near the Bid: 502 @ $0.5 vs 286 OI; Earnings 3/14 After Close [est] Ref=$17.93,6,decrease,0.7,0.6,the significant volume of put options being traded suggests that investors are anticipating a decline in overstock's stock price ahead of the earnings report.,0,2019-02-27,OSTK,2019-02-27 16:04:00+00:00,89394.0,69037010,0.129358783364296,6311560.0,-0.0134462378919124,-0.0155038088560104,0.0630994439125061,-0.0920060351490974,0.0009496893617324,-0.0055000307038426,0.0436432659626007,-0.0933816656470298,-0.000454555847682,-0.0040632123127579,-0.0286493487656116,0.1226558610796928,0.0032771392725408,0.0292122829705476,0.0219318382441997,0.0251336526125669,0.00136989436578,-0.0168243795633316,-0.0323757864534854,0.0331341996788978,-0.0598491318523883,-0.0957760661840438,0.0245613902807235,0.0446383208036422,-0.0567514598369598,-0.0380059443414211,-0.0025934202130883,0.1004888862371445,0.0208008121699094,0.0336889624595642,-0.0066224741749465,0.0148148285225033,-0.055897444486618,0.0115273110568523,-0.0162954498082399,-0.0377149358391761,-0.0110436640679836,0.018068978562951,-0.0804020389914512,-0.0751958489418029,-0.0157862920314073,0.0418933890759944,0.0252931378781795,0.1625552624464035,-0.0240674801170826,0.0986796393990516,-0.0030825671274214,0.0133803198114037,0.0445268601179122,-0.0614673048257827,0.0,0.1116826236248016,-0.0011840468505397,-0.0354358628392219,0.0023710140958428,-0.0362022332847118,-0.0709639191627502,0.0324400588870048,0.0541056282818317,-0.0713817998766899,-0.0271738450974226,0.0146179581061005,0.0086902165785431,-0.0377237945795059,-0.0713846087455749,-0.0076142060570418,0.030483765527606,0.0314136445522308,-0.0019292432116344,0.0715287178754806,-0.0347938723862171,0.0762264356017112,-0.0747663527727127,-0.0622788481414318,-0.0036074486561119,0.0405007489025592,-0.0065170275047421,-0.04901959374547,-0.0437318049371242,-0.0416107326745986,-0.0038109901361167,-0.0093085337430238,0.0022953853476792,0.0954115390777587,0.006106864195317,0.0488922372460365,-0.0584218837320804,-0.0360824577510356,0.0507655218243598,0.0382262989878654,-0.012269927188754,0.0266876108944416,0.0085403462871909,-0.0569948516786098,-0.0346420183777809,-0.2154471129179001,-0.0374800860881805,-0.0422692000865936,0.1126761063933372,-0.0586387850344181,0.0253164656460285,0.0164981074631214,-0.0973130092024803,-0.0037115425802767,0.0370072424411773,0.0857800617814064,-0.1567106544971466,-0.0920020043849945,-0.0699172243475914,-0.0067497957497835,0.0494559854269027,-0.0267812367528677,-0.0669180080294609,0.0117587652057409,0.1303030252456665,0.0338266044855117,-0.027703259140253,0.0288200490176677,-0.0321691520512104,0.0250835474580526,-0.0134462378919124,-0.0155038088560104,0.0488047558868987,-0.1060834000225569,0.0498007946060989,-0.1109999687691074,0.0951195105378068,-0.1972911554513908,0.0567728722947153,-0.0342204914696833,-0.1752988361223922,0.1643745999702999,-0.4755976315250613,-0.0089186137258346,2019-02-28,2019-03-01,2019-03-04,2019-03-05,2019-03-06,2019-03-07,2019-03-08,2019-03-11,2019-03-12,2019-03-13,89394.0,2019-02-27,252.0,12.9359%,-0.0042,1.4302,1.8515,-1.2633,4.8376%,5.3708%,18.8698%,0.123009,OSTK,89394.0,2019-02-28,252.0,-1.3446%,-0.0041,1.4166,1.8419,-1.2712,4.8346%,5.3615%,18.6897%,-0.012641,OSTK,89394.0,2019-03-01,252.0,6.3099%,-0.004,1.4359,1.8706,-1.2629,4.8424%,5.3775%,18.9106%,0.042384,OSTK,89394.0,2019-03-04,252.0,0.0950%,-0.0037,1.4132,1.9237,-1.2519,4.8376%,5.3713%,18.8852%,0.020734,OSTK,89394.0,2019-03-05,252.0,4.3643%,-0.0036,1.4014,1.8662,-1.2798,4.8481%,5.3695%,18.4784%,0.048915,OSTK,89394.0,2019-03-06,252.0,-0.0455%,-0.0034,1.386,1.7859,-1.3081,4.8541%,5.3695%,18.2766%,0.035253,OSTK,89394.0,2019-03-07,252.0,-2.8649%,-0.0035,1.3943,1.7935,-1.2948,4.8552%,5.3714%,18.2965%,-0.0204409999999999,OSTK,89394.0,2019-03-08,252.0,0.3277%,-0.0033,1.3911,1.8324,-1.3021,4.8503%,5.3707%,18.4390%,0.0031569999999999,OSTK,89394.0,2019-03-11,252.0,2.1932%,-0.0036,1.3846,1.877,-1.2733,4.8393%,5.3626%,18.5650%,-0.012252,OSTK,89394.0,2019-03-12,252.0,0.1370%,-0.0034,1.4216,1.8666,-1.2352,4.8318%,5.3597%,18.7313%,0.002055,OSTK,89394.0,2019-03-13,252.0,-3.2376%,-0.0033,1.4094,1.9251,-1.2345,4.8218%,5.3535%,18.8793%,-0.035171,OSTK,0.110368,0.152752,0.173486,0.257654,0.1950019999999999
12691,PALO ALTO NETWORKS INC,The Street Reacts To Palo Alto Hitting New Highs,6,increase,0.8,0.7,"hitting new highs typically indicates strong investor confidence and positive market sentiment, which is likely to drive the stock price higher.",2,2019-02-27,PANW,2019-02-27 17:58:00+00:00,13511.0,69743510,0.0820632651448249,6567824.0,-0.0337806046009063,0.0071404059417545,-0.0032484794501215,0.0164276342839002,-0.011936318129301,0.0173313897103071,-0.033808846026659,-0.0020296801812946,0.0004267564509063,-0.0141800548881292,0.0003412465157452,0.0138024855405092,0.0004690457426477,0.0071504735387861,0.0266376845538616,0.0135037805885076,-0.0027399687096476,-0.010202688165009,0.0105320075526833,0.0026355595327913,4.117201751796529e-05,-0.0033834676723927,-0.0125226285308599,0.0235588885843753,0.0053812502883374,-0.0049875588156282,0.0061823390424251,0.0073996731080114,0.0136907519772648,-0.0055868956260383,0.0161499716341495,-0.000499389891047,-0.0297449566423893,0.0253700613975524,-0.0021868245676159,0.0092079611495137,0.0098002525046467,0.029452996328473,-0.0194512698799371,-0.0040460303425788,-0.0044268011115491,-0.0100610367953777,0.0188347063958644,-0.0035634532105177,-0.0060523762367665,0.0230896361172199,-0.00501224771142,0.013399020768702,0.0083680674433708,-0.0014756667660549,-0.021221250295639,0.0,0.0075083253905177,0.0099354200065135,0.000125596721773,0.0056452262215316,0.0079119196161627,0.0268814731389284,0.0072683473117649,-0.0053069782443344,0.0140606481581926,-0.0001530549925519,-0.005164026748389,0.0149655602872371,0.0145507948473095,0.0140734547749161,-0.0150673007592558,0.0164397470653057,-0.0206560995429754,0.0160529669374227,-0.0165809877216815,0.0260990671813488,0.0162235274910926,-0.0191583950072526,0.0075643495656549,-0.0272896159440279,0.0083786314353346,0.0229185968637466,0.0096664316952228,0.0102046448737382,0.0015480713918805,0.0034132143482565,0.0136674288660287,0.0688437595963478,-0.0014847316779196,-0.0193872284144163,-0.0098059009760618,-0.0341618619859218,0.0013799113221466,0.0025140896905213,0.01637420989573,0.0099876103922724,-0.0116840442642569,0.0034539415501058,-0.0388556718826293,-0.0403195023536682,0.0012173849390819,-0.0217934735119342,-0.0028092167340219,-0.0073343147523701,-0.0121095106005668,0.0276543013751506,-0.0444775372743606,0.0288997571915388,0.0104677332565188,0.023702148348093,-0.031298242509365,-0.0368027426302433,0.0231171865016222,0.0255571156740188,0.0035137359518557,-0.011488470248878,-0.0085541736334562,0.0367736369371414,0.0181054268032312,-0.017608668655157,0.0011416285997256,-0.0027755196206271,-0.0535526610910892,0.05972745642066,-0.0337806046009063,0.0071404059417545,-0.0369193484511691,0.0236853402031045,-0.0484149854922305,0.0414272297748927,-0.0801946112902716,0.0245759435786552,-0.0475910428823809,0.0522201490913685,-0.0484934083835589,0.2019696945597282,-0.1533663327868727,0.413950461542601,2019-02-28,2019-03-01,2019-03-04,2019-03-05,2019-03-06,2019-03-07,2019-03-08,2019-03-11,2019-03-12,2019-03-13,13511.0,2019-02-27,252.0,8.2063%,0.0011,0.7932,0.1755,-1.1722,1.4370%,1.9587%,46.1709%,0.079563,PANW,13511.0,2019-02-28,252.0,-3.3781%,0.0008,0.818,0.1914,-1.1459,1.4393%,1.9668%,46.4457%,-0.034387,PANW,13511.0,2019-03-01,252.0,-0.3248%,0.0008,0.8186,0.1922,-1.138,1.4419%,1.9670%,46.2619%,-0.014367,PANW,13511.0,2019-03-04,252.0,-1.1936%,0.0007,0.8224,0.1826,-1.1396,1.4414%,1.9688%,46.4051%,-0.0025629999999999,PANW,13511.0,2019-03-05,252.0,-3.3809%,0.0006,0.8271,0.1963,-1.1232,1.4581%,1.9782%,45.6689%,-0.03467,PANW,13511.0,2019-03-06,252.0,0.0427%,0.0005,0.8158,0.1828,-1.1379,1.4567%,1.9747%,45.5809%,0.0102069999999999,PANW,13511.0,2019-03-07,252.0,0.0341%,0.0005,0.8113,0.1663,-1.1485,1.4545%,1.9724%,45.6195%,0.0033139999999999,PANW,13511.0,2019-03-08,252.0,0.0469%,0.0005,0.812,0.1559,-1.1468,1.4533%,1.9700%,45.5758%,0.000128,PANW,13511.0,2019-03-11,252.0,2.6638%,0.0005,0.8158,0.1597,-1.1466,1.4540%,1.9761%,45.8584%,0.007924,PANW,13511.0,2019-03-12,252.0,-0.2740%,0.0005,0.8206,0.1613,-1.1405,1.4540%,1.9761%,45.8657%,-0.00534,PANW,13511.0,2019-03-13,252.0,1.0532%,0.0005,0.8227,0.1549,-1.1398,1.4541%,1.9767%,45.8899%,0.00629,PANW,0.0451759999999999,0.0308089999999999,0.0282459999999999,0.0037829999999999,0.0160989999999999
12699,PALO ALTO NETWORKS INC,"KeyBanc Maintains Overweight on Palo Alto Networks, Raises Price Target to $280",6,increase,0.8,0.7,maintaining an overweight rating and raising the price target typically signals positive sentiment and potential for stock price appreciation.,2,2019-02-27,PANW,2019-02-27 15:08:00+00:00,13511.0,69743510,0.0820632651448249,6567824.0,-0.0337806046009063,0.0071404059417545,-0.0032484794501215,0.0164276342839002,-0.011936318129301,0.0173313897103071,-0.033808846026659,-0.0020296801812946,0.0004267564509063,-0.0141800548881292,0.0003412465157452,0.0138024855405092,0.0004690457426477,0.0071504735387861,0.0266376845538616,0.0135037805885076,-0.0027399687096476,-0.010202688165009,0.0105320075526833,0.0026355595327913,4.117201751796529e-05,-0.0033834676723927,-0.0125226285308599,0.0235588885843753,0.0053812502883374,-0.0049875588156282,0.0061823390424251,0.0073996731080114,0.0136907519772648,-0.0055868956260383,0.0161499716341495,-0.000499389891047,-0.0297449566423893,0.0253700613975524,-0.0021868245676159,0.0092079611495137,0.0098002525046467,0.029452996328473,-0.0194512698799371,-0.0040460303425788,-0.0044268011115491,-0.0100610367953777,0.0188347063958644,-0.0035634532105177,-0.0060523762367665,0.0230896361172199,-0.00501224771142,0.013399020768702,0.0083680674433708,-0.0014756667660549,-0.021221250295639,0.0,0.0075083253905177,0.0099354200065135,0.000125596721773,0.0056452262215316,0.0079119196161627,0.0268814731389284,0.0072683473117649,-0.0053069782443344,0.0140606481581926,-0.0001530549925519,-0.005164026748389,0.0149655602872371,0.0145507948473095,0.0140734547749161,-0.0150673007592558,0.0164397470653057,-0.0206560995429754,0.0160529669374227,-0.0165809877216815,0.0260990671813488,0.0162235274910926,-0.0191583950072526,0.0075643495656549,-0.0272896159440279,0.0083786314353346,0.0229185968637466,0.0096664316952228,0.0102046448737382,0.0015480713918805,0.0034132143482565,0.0136674288660287,0.0688437595963478,-0.0014847316779196,-0.0193872284144163,-0.0098059009760618,-0.0341618619859218,0.0013799113221466,0.0025140896905213,0.01637420989573,0.0099876103922724,-0.0116840442642569,0.0034539415501058,-0.0388556718826293,-0.0403195023536682,0.0012173849390819,-0.0217934735119342,-0.0028092167340219,-0.0073343147523701,-0.0121095106005668,0.0276543013751506,-0.0444775372743606,0.0288997571915388,0.0104677332565188,0.023702148348093,-0.031298242509365,-0.0368027426302433,0.0231171865016222,0.0255571156740188,0.0035137359518557,-0.011488470248878,-0.0085541736334562,0.0367736369371414,0.0181054268032312,-0.017608668655157,0.0011416285997256,-0.0027755196206271,-0.0535526610910892,0.05972745642066,-0.0337806046009063,0.0071404059417545,-0.0369193484511691,0.0236853402031045,-0.0484149854922305,0.0414272297748927,-0.0801946112902716,0.0245759435786552,-0.0475910428823809,0.0522201490913685,-0.0484934083835589,0.2019696945597282,-0.1533663327868727,0.413950461542601,2019-02-28,2019-03-01,2019-03-04,2019-03-05,2019-03-06,2019-03-07,2019-03-08,2019-03-11,2019-03-12,2019-03-13,13511.0,2019-02-27,252.0,8.2063%,0.0011,0.7932,0.1755,-1.1722,1.4370%,1.9587%,46.1709%,0.079563,PANW,13511.0,2019-02-28,252.0,-3.3781%,0.0008,0.818,0.1914,-1.1459,1.4393%,1.9668%,46.4457%,-0.034387,PANW,13511.0,2019-03-01,252.0,-0.3248%,0.0008,0.8186,0.1922,-1.138,1.4419%,1.9670%,46.2619%,-0.014367,PANW,13511.0,2019-03-04,252.0,-1.1936%,0.0007,0.8224,0.1826,-1.1396,1.4414%,1.9688%,46.4051%,-0.0025629999999999,PANW,13511.0,2019-03-05,252.0,-3.3809%,0.0006,0.8271,0.1963,-1.1232,1.4581%,1.9782%,45.6689%,-0.03467,PANW,13511.0,2019-03-06,252.0,0.0427%,0.0005,0.8158,0.1828,-1.1379,1.4567%,1.9747%,45.5809%,0.0102069999999999,PANW,13511.0,2019-03-07,252.0,0.0341%,0.0005,0.8113,0.1663,-1.1485,1.4545%,1.9724%,45.6195%,0.0033139999999999,PANW,13511.0,2019-03-08,252.0,0.0469%,0.0005,0.812,0.1559,-1.1468,1.4533%,1.9700%,45.5758%,0.000128,PANW,13511.0,2019-03-11,252.0,2.6638%,0.0005,0.8158,0.1597,-1.1466,1.4540%,1.9761%,45.8584%,0.007924,PANW,13511.0,2019-03-12,252.0,-0.2740%,0.0005,0.8206,0.1613,-1.1405,1.4540%,1.9761%,45.8657%,-0.00534,PANW,13511.0,2019-03-13,252.0,1.0532%,0.0005,0.8227,0.1549,-1.1398,1.4541%,1.9767%,45.8899%,0.00629,PANW,0.0451759999999999,0.0308089999999999,0.0282459999999999,0.0037829999999999,0.0160989999999999
12707,PALO ALTO NETWORKS INC,"Morgan Stanley Maintains Overweight on Palo Alto Networks, Raises Price Target to $290",6,increase,0.8,0.7,maintaining an 'overweight' rating and raising the price target typically signals positive sentiment and potential for stock price appreciation.,2,2019-02-27,PANW,2019-02-27 15:04:00+00:00,13511.0,69743510,0.0820632651448249,6567824.0,-0.0337806046009063,0.0071404059417545,-0.0032484794501215,0.0164276342839002,-0.011936318129301,0.0173313897103071,-0.033808846026659,-0.0020296801812946,0.0004267564509063,-0.0141800548881292,0.0003412465157452,0.0138024855405092,0.0004690457426477,0.0071504735387861,0.0266376845538616,0.0135037805885076,-0.0027399687096476,-0.010202688165009,0.0105320075526833,0.0026355595327913,4.117201751796529e-05,-0.0033834676723927,-0.0125226285308599,0.0235588885843753,0.0053812502883374,-0.0049875588156282,0.0061823390424251,0.0073996731080114,0.0136907519772648,-0.0055868956260383,0.0161499716341495,-0.000499389891047,-0.0297449566423893,0.0253700613975524,-0.0021868245676159,0.0092079611495137,0.0098002525046467,0.029452996328473,-0.0194512698799371,-0.0040460303425788,-0.0044268011115491,-0.0100610367953777,0.0188347063958644,-0.0035634532105177,-0.0060523762367665,0.0230896361172199,-0.00501224771142,0.013399020768702,0.0083680674433708,-0.0014756667660549,-0.021221250295639,0.0,0.0075083253905177,0.0099354200065135,0.000125596721773,0.0056452262215316,0.0079119196161627,0.0268814731389284,0.0072683473117649,-0.0053069782443344,0.0140606481581926,-0.0001530549925519,-0.005164026748389,0.0149655602872371,0.0145507948473095,0.0140734547749161,-0.0150673007592558,0.0164397470653057,-0.0206560995429754,0.0160529669374227,-0.0165809877216815,0.0260990671813488,0.0162235274910926,-0.0191583950072526,0.0075643495656549,-0.0272896159440279,0.0083786314353346,0.0229185968637466,0.0096664316952228,0.0102046448737382,0.0015480713918805,0.0034132143482565,0.0136674288660287,0.0688437595963478,-0.0014847316779196,-0.0193872284144163,-0.0098059009760618,-0.0341618619859218,0.0013799113221466,0.0025140896905213,0.01637420989573,0.0099876103922724,-0.0116840442642569,0.0034539415501058,-0.0388556718826293,-0.0403195023536682,0.0012173849390819,-0.0217934735119342,-0.0028092167340219,-0.0073343147523701,-0.0121095106005668,0.0276543013751506,-0.0444775372743606,0.0288997571915388,0.0104677332565188,0.023702148348093,-0.031298242509365,-0.0368027426302433,0.0231171865016222,0.0255571156740188,0.0035137359518557,-0.011488470248878,-0.0085541736334562,0.0367736369371414,0.0181054268032312,-0.017608668655157,0.0011416285997256,-0.0027755196206271,-0.0535526610910892,0.05972745642066,-0.0337806046009063,0.0071404059417545,-0.0369193484511691,0.0236853402031045,-0.0484149854922305,0.0414272297748927,-0.0801946112902716,0.0245759435786552,-0.0475910428823809,0.0522201490913685,-0.0484934083835589,0.2019696945597282,-0.1533663327868727,0.413950461542601,2019-02-28,2019-03-01,2019-03-04,2019-03-05,2019-03-06,2019-03-07,2019-03-08,2019-03-11,2019-03-12,2019-03-13,13511.0,2019-02-27,252.0,8.2063%,0.0011,0.7932,0.1755,-1.1722,1.4370%,1.9587%,46.1709%,0.079563,PANW,13511.0,2019-02-28,252.0,-3.3781%,0.0008,0.818,0.1914,-1.1459,1.4393%,1.9668%,46.4457%,-0.034387,PANW,13511.0,2019-03-01,252.0,-0.3248%,0.0008,0.8186,0.1922,-1.138,1.4419%,1.9670%,46.2619%,-0.014367,PANW,13511.0,2019-03-04,252.0,-1.1936%,0.0007,0.8224,0.1826,-1.1396,1.4414%,1.9688%,46.4051%,-0.0025629999999999,PANW,13511.0,2019-03-05,252.0,-3.3809%,0.0006,0.8271,0.1963,-1.1232,1.4581%,1.9782%,45.6689%,-0.03467,PANW,13511.0,2019-03-06,252.0,0.0427%,0.0005,0.8158,0.1828,-1.1379,1.4567%,1.9747%,45.5809%,0.0102069999999999,PANW,13511.0,2019-03-07,252.0,0.0341%,0.0005,0.8113,0.1663,-1.1485,1.4545%,1.9724%,45.6195%,0.0033139999999999,PANW,13511.0,2019-03-08,252.0,0.0469%,0.0005,0.812,0.1559,-1.1468,1.4533%,1.9700%,45.5758%,0.000128,PANW,13511.0,2019-03-11,252.0,2.6638%,0.0005,0.8158,0.1597,-1.1466,1.4540%,1.9761%,45.8584%,0.007924,PANW,13511.0,2019-03-12,252.0,-0.2740%,0.0005,0.8206,0.1613,-1.1405,1.4540%,1.9761%,45.8657%,-0.00534,PANW,13511.0,2019-03-13,252.0,1.0532%,0.0005,0.8227,0.1549,-1.1398,1.4541%,1.9767%,45.8899%,0.00629,PANW,0.0451759999999999,0.0308089999999999,0.0282459999999999,0.0037829999999999,0.0160989999999999
12715,PALO ALTO NETWORKS INC,"Credit Suisse Maintains Underperform on Palo Alto Networks, Raises Price Target to $190",6,uncertain,0.6,0.2,"while maintaining an 'underperform' rating suggests a negative outlook, the raised price target could indicate some level of optimism, leading to uncertainty in the stock's immediate reaction.",1,2019-02-27,PANW,2019-02-27 14:41:00+00:00,13511.0,69743510,0.0820632651448249,6567824.0,-0.0337806046009063,0.0071404059417545,-0.0032484794501215,0.0164276342839002,-0.011936318129301,0.0173313897103071,-0.033808846026659,-0.0020296801812946,0.0004267564509063,-0.0141800548881292,0.0003412465157452,0.0138024855405092,0.0004690457426477,0.0071504735387861,0.0266376845538616,0.0135037805885076,-0.0027399687096476,-0.010202688165009,0.0105320075526833,0.0026355595327913,4.117201751796529e-05,-0.0033834676723927,-0.0125226285308599,0.0235588885843753,0.0053812502883374,-0.0049875588156282,0.0061823390424251,0.0073996731080114,0.0136907519772648,-0.0055868956260383,0.0161499716341495,-0.000499389891047,-0.0297449566423893,0.0253700613975524,-0.0021868245676159,0.0092079611495137,0.0098002525046467,0.029452996328473,-0.0194512698799371,-0.0040460303425788,-0.0044268011115491,-0.0100610367953777,0.0188347063958644,-0.0035634532105177,-0.0060523762367665,0.0230896361172199,-0.00501224771142,0.013399020768702,0.0083680674433708,-0.0014756667660549,-0.021221250295639,0.0,0.0075083253905177,0.0099354200065135,0.000125596721773,0.0056452262215316,0.0079119196161627,0.0268814731389284,0.0072683473117649,-0.0053069782443344,0.0140606481581926,-0.0001530549925519,-0.005164026748389,0.0149655602872371,0.0145507948473095,0.0140734547749161,-0.0150673007592558,0.0164397470653057,-0.0206560995429754,0.0160529669374227,-0.0165809877216815,0.0260990671813488,0.0162235274910926,-0.0191583950072526,0.0075643495656549,-0.0272896159440279,0.0083786314353346,0.0229185968637466,0.0096664316952228,0.0102046448737382,0.0015480713918805,0.0034132143482565,0.0136674288660287,0.0688437595963478,-0.0014847316779196,-0.0193872284144163,-0.0098059009760618,-0.0341618619859218,0.0013799113221466,0.0025140896905213,0.01637420989573,0.0099876103922724,-0.0116840442642569,0.0034539415501058,-0.0388556718826293,-0.0403195023536682,0.0012173849390819,-0.0217934735119342,-0.0028092167340219,-0.0073343147523701,-0.0121095106005668,0.0276543013751506,-0.0444775372743606,0.0288997571915388,0.0104677332565188,0.023702148348093,-0.031298242509365,-0.0368027426302433,0.0231171865016222,0.0255571156740188,0.0035137359518557,-0.011488470248878,-0.0085541736334562,0.0367736369371414,0.0181054268032312,-0.017608668655157,0.0011416285997256,-0.0027755196206271,-0.0535526610910892,0.05972745642066,-0.0337806046009063,0.0071404059417545,-0.0369193484511691,0.0236853402031045,-0.0484149854922305,0.0414272297748927,-0.0801946112902716,0.0245759435786552,-0.0475910428823809,0.0522201490913685,-0.0484934083835589,0.2019696945597282,-0.1533663327868727,0.413950461542601,2019-02-28,2019-03-01,2019-03-04,2019-03-05,2019-03-06,2019-03-07,2019-03-08,2019-03-11,2019-03-12,2019-03-13,13511.0,2019-02-27,252.0,8.2063%,0.0011,0.7932,0.1755,-1.1722,1.4370%,1.9587%,46.1709%,0.079563,PANW,13511.0,2019-02-28,252.0,-3.3781%,0.0008,0.818,0.1914,-1.1459,1.4393%,1.9668%,46.4457%,-0.034387,PANW,13511.0,2019-03-01,252.0,-0.3248%,0.0008,0.8186,0.1922,-1.138,1.4419%,1.9670%,46.2619%,-0.014367,PANW,13511.0,2019-03-04,252.0,-1.1936%,0.0007,0.8224,0.1826,-1.1396,1.4414%,1.9688%,46.4051%,-0.0025629999999999,PANW,13511.0,2019-03-05,252.0,-3.3809%,0.0006,0.8271,0.1963,-1.1232,1.4581%,1.9782%,45.6689%,-0.03467,PANW,13511.0,2019-03-06,252.0,0.0427%,0.0005,0.8158,0.1828,-1.1379,1.4567%,1.9747%,45.5809%,0.0102069999999999,PANW,13511.0,2019-03-07,252.0,0.0341%,0.0005,0.8113,0.1663,-1.1485,1.4545%,1.9724%,45.6195%,0.0033139999999999,PANW,13511.0,2019-03-08,252.0,0.0469%,0.0005,0.812,0.1559,-1.1468,1.4533%,1.9700%,45.5758%,0.000128,PANW,13511.0,2019-03-11,252.0,2.6638%,0.0005,0.8158,0.1597,-1.1466,1.4540%,1.9761%,45.8584%,0.007924,PANW,13511.0,2019-03-12,252.0,-0.2740%,0.0005,0.8206,0.1613,-1.1405,1.4540%,1.9761%,45.8657%,-0.00534,PANW,13511.0,2019-03-13,252.0,1.0532%,0.0005,0.8227,0.1549,-1.1398,1.4541%,1.9767%,45.8899%,0.00629,PANW,0.0451759999999999,0.0308089999999999,0.0282459999999999,0.0037829999999999,0.0160989999999999
12723,PALO ALTO NETWORKS INC,"Deutsche Bank Maintains Buy on Palo Alto Networks, Raises Price Target to $305",6,increase,0.8,0.6,maintaining a 'buy' rating and raising the price target typically signals positive sentiment and potential for stock price appreciation.,2,2019-02-27,PANW,2019-02-27 14:30:00+00:00,13511.0,69743510,0.0820632651448249,6567824.0,-0.0337806046009063,0.0071404059417545,-0.0032484794501215,0.0164276342839002,-0.011936318129301,0.0173313897103071,-0.033808846026659,-0.0020296801812946,0.0004267564509063,-0.0141800548881292,0.0003412465157452,0.0138024855405092,0.0004690457426477,0.0071504735387861,0.0266376845538616,0.0135037805885076,-0.0027399687096476,-0.010202688165009,0.0105320075526833,0.0026355595327913,4.117201751796529e-05,-0.0033834676723927,-0.0125226285308599,0.0235588885843753,0.0053812502883374,-0.0049875588156282,0.0061823390424251,0.0073996731080114,0.0136907519772648,-0.0055868956260383,0.0161499716341495,-0.000499389891047,-0.0297449566423893,0.0253700613975524,-0.0021868245676159,0.0092079611495137,0.0098002525046467,0.029452996328473,-0.0194512698799371,-0.0040460303425788,-0.0044268011115491,-0.0100610367953777,0.0188347063958644,-0.0035634532105177,-0.0060523762367665,0.0230896361172199,-0.00501224771142,0.013399020768702,0.0083680674433708,-0.0014756667660549,-0.021221250295639,0.0,0.0075083253905177,0.0099354200065135,0.000125596721773,0.0056452262215316,0.0079119196161627,0.0268814731389284,0.0072683473117649,-0.0053069782443344,0.0140606481581926,-0.0001530549925519,-0.005164026748389,0.0149655602872371,0.0145507948473095,0.0140734547749161,-0.0150673007592558,0.0164397470653057,-0.0206560995429754,0.0160529669374227,-0.0165809877216815,0.0260990671813488,0.0162235274910926,-0.0191583950072526,0.0075643495656549,-0.0272896159440279,0.0083786314353346,0.0229185968637466,0.0096664316952228,0.0102046448737382,0.0015480713918805,0.0034132143482565,0.0136674288660287,0.0688437595963478,-0.0014847316779196,-0.0193872284144163,-0.0098059009760618,-0.0341618619859218,0.0013799113221466,0.0025140896905213,0.01637420989573,0.0099876103922724,-0.0116840442642569,0.0034539415501058,-0.0388556718826293,-0.0403195023536682,0.0012173849390819,-0.0217934735119342,-0.0028092167340219,-0.0073343147523701,-0.0121095106005668,0.0276543013751506,-0.0444775372743606,0.0288997571915388,0.0104677332565188,0.023702148348093,-0.031298242509365,-0.0368027426302433,0.0231171865016222,0.0255571156740188,0.0035137359518557,-0.011488470248878,-0.0085541736334562,0.0367736369371414,0.0181054268032312,-0.017608668655157,0.0011416285997256,-0.0027755196206271,-0.0535526610910892,0.05972745642066,-0.0337806046009063,0.0071404059417545,-0.0369193484511691,0.0236853402031045,-0.0484149854922305,0.0414272297748927,-0.0801946112902716,0.0245759435786552,-0.0475910428823809,0.0522201490913685,-0.0484934083835589,0.2019696945597282,-0.1533663327868727,0.413950461542601,2019-02-28,2019-03-01,2019-03-04,2019-03-05,2019-03-06,2019-03-07,2019-03-08,2019-03-11,2019-03-12,2019-03-13,13511.0,2019-02-27,252.0,8.2063%,0.0011,0.7932,0.1755,-1.1722,1.4370%,1.9587%,46.1709%,0.079563,PANW,13511.0,2019-02-28,252.0,-3.3781%,0.0008,0.818,0.1914,-1.1459,1.4393%,1.9668%,46.4457%,-0.034387,PANW,13511.0,2019-03-01,252.0,-0.3248%,0.0008,0.8186,0.1922,-1.138,1.4419%,1.9670%,46.2619%,-0.014367,PANW,13511.0,2019-03-04,252.0,-1.1936%,0.0007,0.8224,0.1826,-1.1396,1.4414%,1.9688%,46.4051%,-0.0025629999999999,PANW,13511.0,2019-03-05,252.0,-3.3809%,0.0006,0.8271,0.1963,-1.1232,1.4581%,1.9782%,45.6689%,-0.03467,PANW,13511.0,2019-03-06,252.0,0.0427%,0.0005,0.8158,0.1828,-1.1379,1.4567%,1.9747%,45.5809%,0.0102069999999999,PANW,13511.0,2019-03-07,252.0,0.0341%,0.0005,0.8113,0.1663,-1.1485,1.4545%,1.9724%,45.6195%,0.0033139999999999,PANW,13511.0,2019-03-08,252.0,0.0469%,0.0005,0.812,0.1559,-1.1468,1.4533%,1.9700%,45.5758%,0.000128,PANW,13511.0,2019-03-11,252.0,2.6638%,0.0005,0.8158,0.1597,-1.1466,1.4540%,1.9761%,45.8584%,0.007924,PANW,13511.0,2019-03-12,252.0,-0.2740%,0.0005,0.8206,0.1613,-1.1405,1.4540%,1.9761%,45.8657%,-0.00534,PANW,13511.0,2019-03-13,252.0,1.0532%,0.0005,0.8227,0.1549,-1.1398,1.4541%,1.9767%,45.8899%,0.00629,PANW,0.0451759999999999,0.0308089999999999,0.0282459999999999,0.0037829999999999,0.0160989999999999
12731,PALO ALTO NETWORKS INC,"BMO Capital Maintains Outperform on Palo Alto Networks, Raises Price Target to $285",6,increase,0.8,0.6,maintaining an 'outperform' rating and raising the price target typically signals positive sentiment and potential for stock price appreciation.,2,2019-02-27,PANW,2019-02-27 14:13:00+00:00,13511.0,69743510,0.0820632651448249,6567824.0,-0.0337806046009063,0.0071404059417545,-0.0032484794501215,0.0164276342839002,-0.011936318129301,0.0173313897103071,-0.033808846026659,-0.0020296801812946,0.0004267564509063,-0.0141800548881292,0.0003412465157452,0.0138024855405092,0.0004690457426477,0.0071504735387861,0.0266376845538616,0.0135037805885076,-0.0027399687096476,-0.010202688165009,0.0105320075526833,0.0026355595327913,4.117201751796529e-05,-0.0033834676723927,-0.0125226285308599,0.0235588885843753,0.0053812502883374,-0.0049875588156282,0.0061823390424251,0.0073996731080114,0.0136907519772648,-0.0055868956260383,0.0161499716341495,-0.000499389891047,-0.0297449566423893,0.0253700613975524,-0.0021868245676159,0.0092079611495137,0.0098002525046467,0.029452996328473,-0.0194512698799371,-0.0040460303425788,-0.0044268011115491,-0.0100610367953777,0.0188347063958644,-0.0035634532105177,-0.0060523762367665,0.0230896361172199,-0.00501224771142,0.013399020768702,0.0083680674433708,-0.0014756667660549,-0.021221250295639,0.0,0.0075083253905177,0.0099354200065135,0.000125596721773,0.0056452262215316,0.0079119196161627,0.0268814731389284,0.0072683473117649,-0.0053069782443344,0.0140606481581926,-0.0001530549925519,-0.005164026748389,0.0149655602872371,0.0145507948473095,0.0140734547749161,-0.0150673007592558,0.0164397470653057,-0.0206560995429754,0.0160529669374227,-0.0165809877216815,0.0260990671813488,0.0162235274910926,-0.0191583950072526,0.0075643495656549,-0.0272896159440279,0.0083786314353346,0.0229185968637466,0.0096664316952228,0.0102046448737382,0.0015480713918805,0.0034132143482565,0.0136674288660287,0.0688437595963478,-0.0014847316779196,-0.0193872284144163,-0.0098059009760618,-0.0341618619859218,0.0013799113221466,0.0025140896905213,0.01637420989573,0.0099876103922724,-0.0116840442642569,0.0034539415501058,-0.0388556718826293,-0.0403195023536682,0.0012173849390819,-0.0217934735119342,-0.0028092167340219,-0.0073343147523701,-0.0121095106005668,0.0276543013751506,-0.0444775372743606,0.0288997571915388,0.0104677332565188,0.023702148348093,-0.031298242509365,-0.0368027426302433,0.0231171865016222,0.0255571156740188,0.0035137359518557,-0.011488470248878,-0.0085541736334562,0.0367736369371414,0.0181054268032312,-0.017608668655157,0.0011416285997256,-0.0027755196206271,-0.0535526610910892,0.05972745642066,-0.0337806046009063,0.0071404059417545,-0.0369193484511691,0.0236853402031045,-0.0484149854922305,0.0414272297748927,-0.0801946112902716,0.0245759435786552,-0.0475910428823809,0.0522201490913685,-0.0484934083835589,0.2019696945597282,-0.1533663327868727,0.413950461542601,2019-02-28,2019-03-01,2019-03-04,2019-03-05,2019-03-06,2019-03-07,2019-03-08,2019-03-11,2019-03-12,2019-03-13,13511.0,2019-02-27,252.0,8.2063%,0.0011,0.7932,0.1755,-1.1722,1.4370%,1.9587%,46.1709%,0.079563,PANW,13511.0,2019-02-28,252.0,-3.3781%,0.0008,0.818,0.1914,-1.1459,1.4393%,1.9668%,46.4457%,-0.034387,PANW,13511.0,2019-03-01,252.0,-0.3248%,0.0008,0.8186,0.1922,-1.138,1.4419%,1.9670%,46.2619%,-0.014367,PANW,13511.0,2019-03-04,252.0,-1.1936%,0.0007,0.8224,0.1826,-1.1396,1.4414%,1.9688%,46.4051%,-0.0025629999999999,PANW,13511.0,2019-03-05,252.0,-3.3809%,0.0006,0.8271,0.1963,-1.1232,1.4581%,1.9782%,45.6689%,-0.03467,PANW,13511.0,2019-03-06,252.0,0.0427%,0.0005,0.8158,0.1828,-1.1379,1.4567%,1.9747%,45.5809%,0.0102069999999999,PANW,13511.0,2019-03-07,252.0,0.0341%,0.0005,0.8113,0.1663,-1.1485,1.4545%,1.9724%,45.6195%,0.0033139999999999,PANW,13511.0,2019-03-08,252.0,0.0469%,0.0005,0.812,0.1559,-1.1468,1.4533%,1.9700%,45.5758%,0.000128,PANW,13511.0,2019-03-11,252.0,2.6638%,0.0005,0.8158,0.1597,-1.1466,1.4540%,1.9761%,45.8584%,0.007924,PANW,13511.0,2019-03-12,252.0,-0.2740%,0.0005,0.8206,0.1613,-1.1405,1.4540%,1.9761%,45.8657%,-0.00534,PANW,13511.0,2019-03-13,252.0,1.0532%,0.0005,0.8227,0.1549,-1.1398,1.4541%,1.9767%,45.8899%,0.00629,PANW,0.0451759999999999,0.0308089999999999,0.0282459999999999,0.0037829999999999,0.0160989999999999
12739,PALO ALTO NETWORKS INC,Palo Alto Networks' shares are trading higher after the company reported Q2 EPS and sales that beat estimates. Year over year revenue grew 30 percent. Q3 sales guidance was better than expected. The company also announced a $1 billion buyback.,6,increase,0.85,0.7,"the positive earnings report, strong revenue growth, better-than-expected guidance, and significant buyback announcement are likely to boost investor confidence and drive the stock price higher.",2,2019-02-27,PANW,2019-02-27 14:13:00+00:00,13511.0,69743510,0.0820632651448249,6567824.0,-0.0337806046009063,0.0071404059417545,-0.0032484794501215,0.0164276342839002,-0.011936318129301,0.0173313897103071,-0.033808846026659,-0.0020296801812946,0.0004267564509063,-0.0141800548881292,0.0003412465157452,0.0138024855405092,0.0004690457426477,0.0071504735387861,0.0266376845538616,0.0135037805885076,-0.0027399687096476,-0.010202688165009,0.0105320075526833,0.0026355595327913,4.117201751796529e-05,-0.0033834676723927,-0.0125226285308599,0.0235588885843753,0.0053812502883374,-0.0049875588156282,0.0061823390424251,0.0073996731080114,0.0136907519772648,-0.0055868956260383,0.0161499716341495,-0.000499389891047,-0.0297449566423893,0.0253700613975524,-0.0021868245676159,0.0092079611495137,0.0098002525046467,0.029452996328473,-0.0194512698799371,-0.0040460303425788,-0.0044268011115491,-0.0100610367953777,0.0188347063958644,-0.0035634532105177,-0.0060523762367665,0.0230896361172199,-0.00501224771142,0.013399020768702,0.0083680674433708,-0.0014756667660549,-0.021221250295639,0.0,0.0075083253905177,0.0099354200065135,0.000125596721773,0.0056452262215316,0.0079119196161627,0.0268814731389284,0.0072683473117649,-0.0053069782443344,0.0140606481581926,-0.0001530549925519,-0.005164026748389,0.0149655602872371,0.0145507948473095,0.0140734547749161,-0.0150673007592558,0.0164397470653057,-0.0206560995429754,0.0160529669374227,-0.0165809877216815,0.0260990671813488,0.0162235274910926,-0.0191583950072526,0.0075643495656549,-0.0272896159440279,0.0083786314353346,0.0229185968637466,0.0096664316952228,0.0102046448737382,0.0015480713918805,0.0034132143482565,0.0136674288660287,0.0688437595963478,-0.0014847316779196,-0.0193872284144163,-0.0098059009760618,-0.0341618619859218,0.0013799113221466,0.0025140896905213,0.01637420989573,0.0099876103922724,-0.0116840442642569,0.0034539415501058,-0.0388556718826293,-0.0403195023536682,0.0012173849390819,-0.0217934735119342,-0.0028092167340219,-0.0073343147523701,-0.0121095106005668,0.0276543013751506,-0.0444775372743606,0.0288997571915388,0.0104677332565188,0.023702148348093,-0.031298242509365,-0.0368027426302433,0.0231171865016222,0.0255571156740188,0.0035137359518557,-0.011488470248878,-0.0085541736334562,0.0367736369371414,0.0181054268032312,-0.017608668655157,0.0011416285997256,-0.0027755196206271,-0.0535526610910892,0.05972745642066,-0.0337806046009063,0.0071404059417545,-0.0369193484511691,0.0236853402031045,-0.0484149854922305,0.0414272297748927,-0.0801946112902716,0.0245759435786552,-0.0475910428823809,0.0522201490913685,-0.0484934083835589,0.2019696945597282,-0.1533663327868727,0.413950461542601,2019-02-28,2019-03-01,2019-03-04,2019-03-05,2019-03-06,2019-03-07,2019-03-08,2019-03-11,2019-03-12,2019-03-13,13511.0,2019-02-27,252.0,8.2063%,0.0011,0.7932,0.1755,-1.1722,1.4370%,1.9587%,46.1709%,0.079563,PANW,13511.0,2019-02-28,252.0,-3.3781%,0.0008,0.818,0.1914,-1.1459,1.4393%,1.9668%,46.4457%,-0.034387,PANW,13511.0,2019-03-01,252.0,-0.3248%,0.0008,0.8186,0.1922,-1.138,1.4419%,1.9670%,46.2619%,-0.014367,PANW,13511.0,2019-03-04,252.0,-1.1936%,0.0007,0.8224,0.1826,-1.1396,1.4414%,1.9688%,46.4051%,-0.0025629999999999,PANW,13511.0,2019-03-05,252.0,-3.3809%,0.0006,0.8271,0.1963,-1.1232,1.4581%,1.9782%,45.6689%,-0.03467,PANW,13511.0,2019-03-06,252.0,0.0427%,0.0005,0.8158,0.1828,-1.1379,1.4567%,1.9747%,45.5809%,0.0102069999999999,PANW,13511.0,2019-03-07,252.0,0.0341%,0.0005,0.8113,0.1663,-1.1485,1.4545%,1.9724%,45.6195%,0.0033139999999999,PANW,13511.0,2019-03-08,252.0,0.0469%,0.0005,0.812,0.1559,-1.1468,1.4533%,1.9700%,45.5758%,0.000128,PANW,13511.0,2019-03-11,252.0,2.6638%,0.0005,0.8158,0.1597,-1.1466,1.4540%,1.9761%,45.8584%,0.007924,PANW,13511.0,2019-03-12,252.0,-0.2740%,0.0005,0.8206,0.1613,-1.1405,1.4540%,1.9761%,45.8657%,-0.00534,PANW,13511.0,2019-03-13,252.0,1.0532%,0.0005,0.8227,0.1549,-1.1398,1.4541%,1.9767%,45.8899%,0.00629,PANW,0.0451759999999999,0.0308089999999999,0.0282459999999999,0.0037829999999999,0.0160989999999999
12747,PALO ALTO NETWORKS INC,"Citigroup Maintains Buy on Palo Alto Networks, Raises Price Target to $279",6,increase,0.8,0.6,maintaining a 'buy' rating and raising the price target typically signals positive sentiment and potential for stock price appreciation.,2,2019-02-27,PANW,2019-02-27 13:21:00+00:00,13511.0,69743510,0.0820632651448249,6567824.0,-0.0337806046009063,0.0071404059417545,-0.0032484794501215,0.0164276342839002,-0.011936318129301,0.0173313897103071,-0.033808846026659,-0.0020296801812946,0.0004267564509063,-0.0141800548881292,0.0003412465157452,0.0138024855405092,0.0004690457426477,0.0071504735387861,0.0266376845538616,0.0135037805885076,-0.0027399687096476,-0.010202688165009,0.0105320075526833,0.0026355595327913,4.117201751796529e-05,-0.0033834676723927,-0.0125226285308599,0.0235588885843753,0.0053812502883374,-0.0049875588156282,0.0061823390424251,0.0073996731080114,0.0136907519772648,-0.0055868956260383,0.0161499716341495,-0.000499389891047,-0.0297449566423893,0.0253700613975524,-0.0021868245676159,0.0092079611495137,0.0098002525046467,0.029452996328473,-0.0194512698799371,-0.0040460303425788,-0.0044268011115491,-0.0100610367953777,0.0188347063958644,-0.0035634532105177,-0.0060523762367665,0.0230896361172199,-0.00501224771142,0.013399020768702,0.0083680674433708,-0.0014756667660549,-0.021221250295639,0.0,0.0075083253905177,0.0099354200065135,0.000125596721773,0.0056452262215316,0.0079119196161627,0.0268814731389284,0.0072683473117649,-0.0053069782443344,0.0140606481581926,-0.0001530549925519,-0.005164026748389,0.0149655602872371,0.0145507948473095,0.0140734547749161,-0.0150673007592558,0.0164397470653057,-0.0206560995429754,0.0160529669374227,-0.0165809877216815,0.0260990671813488,0.0162235274910926,-0.0191583950072526,0.0075643495656549,-0.0272896159440279,0.0083786314353346,0.0229185968637466,0.0096664316952228,0.0102046448737382,0.0015480713918805,0.0034132143482565,0.0136674288660287,0.0688437595963478,-0.0014847316779196,-0.0193872284144163,-0.0098059009760618,-0.0341618619859218,0.0013799113221466,0.0025140896905213,0.01637420989573,0.0099876103922724,-0.0116840442642569,0.0034539415501058,-0.0388556718826293,-0.0403195023536682,0.0012173849390819,-0.0217934735119342,-0.0028092167340219,-0.0073343147523701,-0.0121095106005668,0.0276543013751506,-0.0444775372743606,0.0288997571915388,0.0104677332565188,0.023702148348093,-0.031298242509365,-0.0368027426302433,0.0231171865016222,0.0255571156740188,0.0035137359518557,-0.011488470248878,-0.0085541736334562,0.0367736369371414,0.0181054268032312,-0.017608668655157,0.0011416285997256,-0.0027755196206271,-0.0535526610910892,0.05972745642066,-0.0337806046009063,0.0071404059417545,-0.0369193484511691,0.0236853402031045,-0.0484149854922305,0.0414272297748927,-0.0801946112902716,0.0245759435786552,-0.0475910428823809,0.0522201490913685,-0.0484934083835589,0.2019696945597282,-0.1533663327868727,0.413950461542601,2019-02-28,2019-03-01,2019-03-04,2019-03-05,2019-03-06,2019-03-07,2019-03-08,2019-03-11,2019-03-12,2019-03-13,13511.0,2019-02-27,252.0,8.2063%,0.0011,0.7932,0.1755,-1.1722,1.4370%,1.9587%,46.1709%,0.079563,PANW,13511.0,2019-02-28,252.0,-3.3781%,0.0008,0.818,0.1914,-1.1459,1.4393%,1.9668%,46.4457%,-0.034387,PANW,13511.0,2019-03-01,252.0,-0.3248%,0.0008,0.8186,0.1922,-1.138,1.4419%,1.9670%,46.2619%,-0.014367,PANW,13511.0,2019-03-04,252.0,-1.1936%,0.0007,0.8224,0.1826,-1.1396,1.4414%,1.9688%,46.4051%,-0.0025629999999999,PANW,13511.0,2019-03-05,252.0,-3.3809%,0.0006,0.8271,0.1963,-1.1232,1.4581%,1.9782%,45.6689%,-0.03467,PANW,13511.0,2019-03-06,252.0,0.0427%,0.0005,0.8158,0.1828,-1.1379,1.4567%,1.9747%,45.5809%,0.0102069999999999,PANW,13511.0,2019-03-07,252.0,0.0341%,0.0005,0.8113,0.1663,-1.1485,1.4545%,1.9724%,45.6195%,0.0033139999999999,PANW,13511.0,2019-03-08,252.0,0.0469%,0.0005,0.812,0.1559,-1.1468,1.4533%,1.9700%,45.5758%,0.000128,PANW,13511.0,2019-03-11,252.0,2.6638%,0.0005,0.8158,0.1597,-1.1466,1.4540%,1.9761%,45.8584%,0.007924,PANW,13511.0,2019-03-12,252.0,-0.2740%,0.0005,0.8206,0.1613,-1.1405,1.4540%,1.9761%,45.8657%,-0.00534,PANW,13511.0,2019-03-13,252.0,1.0532%,0.0005,0.8227,0.1549,-1.1398,1.4541%,1.9767%,45.8899%,0.00629,PANW,0.0451759999999999,0.0308089999999999,0.0282459999999999,0.0037829999999999,0.0160989999999999
12755,PALO ALTO NETWORKS INC,"Wells Fargo Maintains Outperform on Palo Alto Networks, Raises Price Target to $325",6,increase,0.8,0.6,maintaining an 'outperform' rating and raising the price target typically signals positive sentiment and potential for stock price appreciation.,2,2019-02-27,PANW,2019-02-27 13:13:00+00:00,13511.0,69743510,0.0820632651448249,6567824.0,-0.0337806046009063,0.0071404059417545,-0.0032484794501215,0.0164276342839002,-0.011936318129301,0.0173313897103071,-0.033808846026659,-0.0020296801812946,0.0004267564509063,-0.0141800548881292,0.0003412465157452,0.0138024855405092,0.0004690457426477,0.0071504735387861,0.0266376845538616,0.0135037805885076,-0.0027399687096476,-0.010202688165009,0.0105320075526833,0.0026355595327913,4.117201751796529e-05,-0.0033834676723927,-0.0125226285308599,0.0235588885843753,0.0053812502883374,-0.0049875588156282,0.0061823390424251,0.0073996731080114,0.0136907519772648,-0.0055868956260383,0.0161499716341495,-0.000499389891047,-0.0297449566423893,0.0253700613975524,-0.0021868245676159,0.0092079611495137,0.0098002525046467,0.029452996328473,-0.0194512698799371,-0.0040460303425788,-0.0044268011115491,-0.0100610367953777,0.0188347063958644,-0.0035634532105177,-0.0060523762367665,0.0230896361172199,-0.00501224771142,0.013399020768702,0.0083680674433708,-0.0014756667660549,-0.021221250295639,0.0,0.0075083253905177,0.0099354200065135,0.000125596721773,0.0056452262215316,0.0079119196161627,0.0268814731389284,0.0072683473117649,-0.0053069782443344,0.0140606481581926,-0.0001530549925519,-0.005164026748389,0.0149655602872371,0.0145507948473095,0.0140734547749161,-0.0150673007592558,0.0164397470653057,-0.0206560995429754,0.0160529669374227,-0.0165809877216815,0.0260990671813488,0.0162235274910926,-0.0191583950072526,0.0075643495656549,-0.0272896159440279,0.0083786314353346,0.0229185968637466,0.0096664316952228,0.0102046448737382,0.0015480713918805,0.0034132143482565,0.0136674288660287,0.0688437595963478,-0.0014847316779196,-0.0193872284144163,-0.0098059009760618,-0.0341618619859218,0.0013799113221466,0.0025140896905213,0.01637420989573,0.0099876103922724,-0.0116840442642569,0.0034539415501058,-0.0388556718826293,-0.0403195023536682,0.0012173849390819,-0.0217934735119342,-0.0028092167340219,-0.0073343147523701,-0.0121095106005668,0.0276543013751506,-0.0444775372743606,0.0288997571915388,0.0104677332565188,0.023702148348093,-0.031298242509365,-0.0368027426302433,0.0231171865016222,0.0255571156740188,0.0035137359518557,-0.011488470248878,-0.0085541736334562,0.0367736369371414,0.0181054268032312,-0.017608668655157,0.0011416285997256,-0.0027755196206271,-0.0535526610910892,0.05972745642066,-0.0337806046009063,0.0071404059417545,-0.0369193484511691,0.0236853402031045,-0.0484149854922305,0.0414272297748927,-0.0801946112902716,0.0245759435786552,-0.0475910428823809,0.0522201490913685,-0.0484934083835589,0.2019696945597282,-0.1533663327868727,0.413950461542601,2019-02-28,2019-03-01,2019-03-04,2019-03-05,2019-03-06,2019-03-07,2019-03-08,2019-03-11,2019-03-12,2019-03-13,13511.0,2019-02-27,252.0,8.2063%,0.0011,0.7932,0.1755,-1.1722,1.4370%,1.9587%,46.1709%,0.079563,PANW,13511.0,2019-02-28,252.0,-3.3781%,0.0008,0.818,0.1914,-1.1459,1.4393%,1.9668%,46.4457%,-0.034387,PANW,13511.0,2019-03-01,252.0,-0.3248%,0.0008,0.8186,0.1922,-1.138,1.4419%,1.9670%,46.2619%,-0.014367,PANW,13511.0,2019-03-04,252.0,-1.1936%,0.0007,0.8224,0.1826,-1.1396,1.4414%,1.9688%,46.4051%,-0.0025629999999999,PANW,13511.0,2019-03-05,252.0,-3.3809%,0.0006,0.8271,0.1963,-1.1232,1.4581%,1.9782%,45.6689%,-0.03467,PANW,13511.0,2019-03-06,252.0,0.0427%,0.0005,0.8158,0.1828,-1.1379,1.4567%,1.9747%,45.5809%,0.0102069999999999,PANW,13511.0,2019-03-07,252.0,0.0341%,0.0005,0.8113,0.1663,-1.1485,1.4545%,1.9724%,45.6195%,0.0033139999999999,PANW,13511.0,2019-03-08,252.0,0.0469%,0.0005,0.812,0.1559,-1.1468,1.4533%,1.9700%,45.5758%,0.000128,PANW,13511.0,2019-03-11,252.0,2.6638%,0.0005,0.8158,0.1597,-1.1466,1.4540%,1.9761%,45.8584%,0.007924,PANW,13511.0,2019-03-12,252.0,-0.2740%,0.0005,0.8206,0.1613,-1.1405,1.4540%,1.9761%,45.8657%,-0.00534,PANW,13511.0,2019-03-13,252.0,1.0532%,0.0005,0.8227,0.1549,-1.1398,1.4541%,1.9767%,45.8899%,0.00629,PANW,0.0451759999999999,0.0308089999999999,0.0282459999999999,0.0037829999999999,0.0160989999999999
12763,PATRICK INDUSTRIES INC,"Wells Fargo Maintains Market Perform on Patrick Industries, Raises Price Target to $49",6,increase,0.7,0.6,"maintaining a 'market perform' rating while raising the price target typically indicates a positive outlook, which could lead to an increase in stock price.",2,2019-02-27,PATK,2019-02-27 13:14:00+00:00,61496.0,70334310,0.0089266244322061,143805.0,-0.0243850033730268,-0.0206823274493217,0.0546339601278305,-0.0155331203714013,-0.0113255223259329,0.012755068950355,-0.0146372215822339,0.0051282411441206,-0.013132412917912,-0.008054282516241,-0.0185427237302064,0.0031894859857857,0.0026672354433685,0.042562585324049,0.0297051686793565,0.0581749826669693,-0.0122712524607777,0.0218120757490396,-0.0124237071722745,0.0270803123712539,-0.0112558398395776,0.0198342222720384,0.0075892894528806,0.0197132732719183,0.0338945239782333,-0.0225224662572145,-0.0355688855051994,-0.0069583146832883,-0.0539879277348518,0.0215791389346122,0.0194926727563142,-0.0095549672842025,-0.0564386248588562,-0.0032581719569861,0.0300292856991291,0.0152672342956066,0.006873688660562,-0.005063310265541,0.0258945934474468,-0.009776871651411,0.0227167923003435,0.0126935774460434,0.0168274622410535,0.010518210940063,0.0163283683359623,0.0101062292233109,-0.0297438707202673,-0.0082240989431738,0.0149922128766775,-0.0010269811609759,0.0249118395149707,0.0431173183023929,0.0103247910737991,0.032632753252983,0.0038322396576404,0.0243626236915588,-0.0106044532731175,-0.0150669896975159,0.0334404595196247,0.017892675474286,0.0163866616785526,0.0042783142998814,0.0038775228895246,-0.0051078405231237,0.0581419132649898,0.037997081875801,0.0397694483399391,0.0134328585118055,0.0264227706938982,0.0508155860006809,-0.0075607229955494,0.0655079931020736,-0.012334487400949,-0.0257244873791933,0.0146923642605543,0.0371495597064495,0.0030768900178372,-0.0080401934683322,-0.0608083568513393,0.0146159175783395,-0.0023054550401866,0.0151829030364751,-0.0379357077181339,0.0413223020732402,-0.0018014442175626,-0.0190342236310243,-0.0378985255956649,-0.0247507505118846,-0.0147978132590651,-0.026439057663083,0.0433678701519966,0.0006697438075207,-0.014801288023591,0.0268225818872451,-0.0269603077322244,-0.0396301448345184,-0.0184009931981563,-0.0213316045701503,0.0137901185080409,-0.0385332442820072,-0.0221041645854711,-0.0137910125777125,-0.0456422194838523,-0.0450686924159526,0.0145752541720867,-0.0284333247691392,0.0017957763047888,-0.0260316375643014,-0.004257280845195,-0.0319034494459629,-0.0240774024277925,-0.0917945057153701,-0.005303194746375,0.0339878760278224,0.0324525162577629,-0.0102167911827564,-0.006735501345247,-0.0183463785797357,-0.0058770822361111,0.0349367372691631,-0.0243850033730268,-0.0206823274493217,0.0289167074528047,-0.035894186738892,0.0172636883110224,-0.0235969506153084,-0.0107898120045092,-0.0264942759810609,-0.0222269880714579,0.130723821187956,0.0403538863688606,0.3044590110760701,-0.0509279340615684,0.1627848298710663,2019-02-28,2019-03-01,2019-03-04,2019-03-05,2019-03-06,2019-03-07,2019-03-08,2019-03-11,2019-03-12,2019-03-13,61496.0,2019-02-27,252.0,0.8927%,-0.001,1.1704,1.8497,0.6471,2.2653%,2.6954%,29.3632%,0.005066,PATK,61496.0,2019-02-28,252.0,-2.4385%,-0.0011,1.1646,1.8451,0.6472,2.2656%,2.6899%,29.0640%,-0.019609,PATK,61496.0,2019-03-01,252.0,5.4634%,-0.001,1.1875,1.8792,0.6621,2.2784%,2.7125%,29.4463%,0.043397,PATK,61496.0,2019-03-04,252.0,-1.1326%,-0.0009,1.1765,1.9151,0.6651,2.2736%,2.7108%,29.6513%,-0.000306,PATK,61496.0,2019-03-05,252.0,-1.4637%,-0.0008,1.1808,1.9457,0.6697,2.2716%,2.7112%,29.8041%,-0.005194,PATK,61496.0,2019-03-06,252.0,-1.3132%,-0.0008,1.1639,1.9078,0.6455,2.2737%,2.7090%,29.5591%,0.0209439999999999,PATK,61496.0,2019-03-07,252.0,-1.8543%,-0.0008,1.1658,1.9076,0.6479,2.2738%,2.7085%,29.5219%,-0.005623,PATK,61496.0,2019-03-08,252.0,0.2667%,-0.0008,1.165,1.9059,0.6469,2.2741%,2.7071%,29.4279%,0.00529,PATK,61496.0,2019-03-11,252.0,2.9705%,-0.0007,1.1705,1.8972,0.6391,2.2732%,2.7108%,29.6775%,0.008759,PATK,61496.0,2019-03-12,252.0,-1.2271%,-0.0008,1.157,1.904,0.6265,2.2719%,2.7042%,29.4158%,-0.009464,PATK,61496.0,2019-03-13,252.0,-1.2424%,-0.0009,1.1525,1.9086,0.6228,2.2736%,2.7045%,29.3270%,-0.01479,PATK,-0.014543,0.0288539999999999,0.0285479999999999,0.0442979999999999,0.0284699999999999
12771,PITNEY BOWES INC,Watching Pitney Bowes Shares As Traders Circulate Word Of A New Buy Recommendation From An Agora Financial Newsletter,6,increase,0.7,0.6,"a new buy recommendation from a financial newsletter can attract positive attention and potentially lead to increased buying activity, which may drive up the stock price.",2,2019-02-27,PBI,2019-02-27 15:11:00+00:00,24459.0,72447910,0.0246913339942693,4354795.0,-0.0374832302331924,-0.0292943082749843,-0.0097357677295804,-0.0445292480289936,-0.0028089862316846,0.1180654168128967,-0.0183098763227462,-0.0070621063932776,-0.0143471891060471,0.0085470005869865,-0.0407568775117397,-0.004255348816514,-0.0045523839071393,0.0085837515071034,0.0198170915246009,0.002848973032087,0.0284006055444479,-0.004255348816514,0.0145348692312836,-0.0208332818001508,-0.0200572870671749,0.0449927374720573,0.0014619519934058,-0.0157143045216798,0.0043795928359031,0.0248902011662721,-0.015988390892744,0.0348484888672828,-0.0221565868705511,-0.0222222357988357,0.0211480893194675,-0.0425532162189483,-0.0621301867067813,-0.0221913792192935,-0.006309141870588,-0.0027662490028887,0.0142856622114777,0.0,0.051643181592226,0.0083681931719183,0.020833384245634,0.0056100925430655,0.001457689795643,0.0229555703699588,0.0262009184807539,0.0057720001786947,-0.0326241143047809,-0.0128205344080925,-0.0234604571014642,-0.0181818343698978,0.0195195376873016,-0.0192043706774711,0.0103093041107058,0.0,-0.0102041065692901,0.008298747241497,-0.0103093041107058,0.0358166173100471,0.0297619476914405,0.0189781188964843,-0.0028901705518364,-0.0072464044205844,-0.0086956433951854,0.0267857611179351,-0.0058479476720094,0.0059880185872316,0.0338235311210155,0.0261136088520288,-0.0028449473902583,0.0046296617947518,0.0099856909364461,0.0854271799325943,-0.0240113101899623,-0.0261011943221092,0.0376266613602638,0.0372250899672508,-0.0027893974911421,-0.0083892941474914,-0.0181818343698978,0.0016807108186185,0.017094001173973,-0.0066777900792658,0.0042017102241516,0.0583038739860057,-0.0083681931719183,-0.0535117350518703,-0.24472576379776,-0.0582676976919174,-0.014897565357387,-0.0031397144775837,0.0812854096293449,0.0015722879907116,0.0104895839467644,0.009523800574243,-0.0380623303353786,-0.0366972126066684,-0.0161870773881673,-0.0452554672956466,-0.0146252149716019,-0.0352112688124179,-0.0296845734119415,0.011396000161767,-0.0554493218660354,0.0173912867903709,0.0202428959310054,-0.026798315346241,-0.0099206725135445,-0.0392953865230083,-0.0020039584487676,-0.0340313799679279,-0.014056259766221,-0.0990565717220306,-0.0244398955255746,0.0047393320128321,0.014613814651966,0.011990338563919,-0.0246914327144622,-0.0023922852706164,-0.0295357778668403,0.0245097801089286,-0.0374832302331924,-0.0292943082749843,-0.046854069939468,-0.0725191027849634,-0.0495314437337943,0.0369843159307292,-0.0803212739810761,0.0384615357260038,-0.0655956886946486,0.0197425103580413,-0.0736278072037874,0.0718461313842162,-0.3842034346598941,-0.1002271993754942,2019-02-28,2019-03-01,2019-03-04,2019-03-05,2019-03-06,2019-03-07,2019-03-08,2019-03-11,2019-03-12,2019-03-13,24459.0,2019-02-27,252.0,2.4691%,-0.0015,1.2726,1.4759,0.6842,2.2947%,2.7032%,27.9419%,0.021475,PBI,24459.0,2019-02-28,252.0,-3.7483%,-0.0017,1.2837,1.4825,0.6995,2.3021%,2.7121%,27.9507%,-0.032223,PBI,24459.0,2019-03-01,252.0,-0.9736%,-0.0018,1.2862,1.4863,0.7122,2.3041%,2.7116%,27.7927%,-0.0205699999999999,PBI,24459.0,2019-03-04,252.0,-0.2809%,-0.0018,1.2893,1.4682,0.7132,2.3041%,2.7111%,27.7696%,0.006957,PBI,24459.0,2019-03-05,252.0,-1.8310%,-0.0018,1.2892,1.4623,0.7161,2.3043%,2.7070%,27.5355%,-0.009945,PBI,24459.0,2019-03-06,252.0,-1.4347%,-0.0018,1.2863,1.4254,0.7078,2.3061%,2.7081%,27.4821%,0.014531,PBI,24459.0,2019-03-07,252.0,-4.0757%,-0.0019,1.2972,1.4292,0.7233,2.3115%,2.7167%,27.6058%,-0.026966,PBI,24459.0,2019-03-08,252.0,-0.4552%,-0.0018,1.2962,1.4436,0.721,2.3100%,2.7166%,27.6933%,-0.001274,PBI,24459.0,2019-03-11,252.0,1.9817%,-0.0018,1.2968,1.4378,0.7174,2.3097%,2.7192%,27.8536%,-0.001034,PBI,24459.0,2019-03-12,252.0,2.8401%,-0.0016,1.3102,1.4208,0.7257,2.3167%,2.7254%,27.7428%,0.029668,PBI,24459.0,2019-03-13,252.0,1.4535%,-0.0015,1.3134,1.428,0.7308,2.3156%,2.7265%,27.8714%,0.0095009999999999,PBI,-0.010748,-0.031318,-0.024361,-0.019775,-0.00988
12779,P G & E CORP,UPDATE: Regulatory Filings Show P&GE Repeatedly Delayed Work On Power Line For 5 Years,6,decrease,0.8,0.7,"the news about pg&e's repeated delays in critical infrastructure work is likely to raise concerns about their operational efficiency and regulatory compliance, which could negatively impact investor confidence and lead to a decrease in stock price.",0,2019-02-27,PCG,2019-02-27 18:43:00+00:00,13688.0,69331C10,-0.0388769544661045,11950722.0,-0.0432583466172218,-0.0069704647175967,0.0516734644770622,-0.0063932249322533,0.0078168278560042,-0.0324741825461387,0.0144044458866119,0.065348744392395,0.0027308107819408,0.0264937616884708,0.0386709719896316,0.1459948569536209,0.0167802665382623,0.0006463655736297,-0.0005157415871508,0.0170940328389406,-0.0082559268921613,-0.0142579562962055,0.0124869812279939,0.0767620652914047,0.0025694319047033,0.0091549381613731,0.0071757757104933,0.0099572818726301,-0.0111958943307399,0.0285296514630317,-0.0185280796140432,-0.0291193071752786,0.0005243958439677,0.0594431869685649,-0.0015723630785942,0.0160550493746995,0.0194226168096065,0.0061538401059806,-0.0623069517314434,-0.049012441188097,-0.014277777634561,-0.0228734593838453,-0.0150418076664209,0.1648625731468201,-0.0243212841451168,0.0203908029943704,0.0318840146064758,-0.1562723517417908,0.0117978090420365,0.7459324598312378,-0.019433669745922,0.0376623347401619,0.0458663366734981,0.0650068894028663,0.0211153924465179,0.1367924362421036,0.0270413681864738,-0.0953058376908302,0.0160041023045778,0.0173661895096302,-0.0436992160975933,-0.1754176914691925,0.002656809054315,-0.5235929489135742,0.0137783950194716,-0.0095720766112208,0.206482008099556,-0.0039259502664208,0.0277296099811792,0.0153758805245161,-0.0615513958036899,-0.0733509883284568,-0.0184186808764934,-0.223360612988472,-0.0389016196131706,0.0187890958040952,0.0190476011484861,0.0063025853596627,0.0060748164542019,0.0021052309311926,0.0650255233049392,-0.0058601670898497,0.0069777518510818,0.0122880935668945,0.0138587998226285,0.0115731013938784,0.0004271776706445,0.0077753914520144,-0.0384286753833293,0.0175824016332626,-0.036412063986063,-0.0461216084659099,-0.0341014601290226,0.0042105424217879,0.0252862926572561,0.031711533665657,-0.0069799730554223,-0.0581014752388,-0.0159325283020734,-0.0603613853454589,-0.0352380834519863,-0.0188608076423406,-0.0449160821735858,0.0045472090132534,-0.0387596897780895,0.0126630822196602,-0.0198925174772739,0.0065662451088428,0.0071311611682176,0.0038774125277996,-0.0163399316370487,-0.0092201214283704,0.0060908421874046,-0.0269158612936735,-0.0632911175489425,-0.0132792545482516,0.0387778989970684,0.0276725348085165,0.0435520596802234,-0.0142003390938043,0.0298102553933858,-0.0254915840923786,-0.0005263278144411,0.0181683264672756,-0.0432583466172218,-0.0069704647175967,0.0061798092225788,-0.0133191259010282,0.0140449435834588,-0.045360780721302,0.0314607522506631,0.0439684769762307,0.0932584195908348,0.2923936326150702,0.0601124509807085,0.0528710031528532,0.0668539557270209,-0.3133110277462408,2019-02-28,2019-03-01,2019-03-04,2019-03-05,2019-03-06,2019-03-07,2019-03-08,2019-03-11,2019-03-12,2019-03-13,13688.0,2019-02-27,252.0,-3.8877%,-0.0003,0.5948,0.243,0.4508,7.6213%,7.6430%,0.5667%,-0.03946,PCG,13688.0,2019-02-28,252.0,-4.3258%,-0.0005,0.5965,0.2428,0.4614,7.6251%,7.6467%,0.5655%,-0.040436,PCG,13688.0,2019-03-01,252.0,5.1673%,-0.0004,0.6257,0.2863,0.484,7.6288%,7.6526%,0.6210%,0.0484309999999999,PCG,13688.0,2019-03-04,252.0,0.7817%,-0.0004,0.6287,0.2667,0.4854,7.6288%,7.6527%,0.6224%,0.010238,PCG,13688.0,2019-03-05,252.0,1.4404%,-0.0002,0.6298,0.2871,0.4796,7.6288%,7.6528%,0.6270%,0.017375,PCG,13688.0,2019-03-06,252.0,0.2731%,-0.0003,0.6123,0.2742,0.4581,7.6277%,7.6504%,0.5943%,0.0113569999999999,PCG,13688.0,2019-03-07,252.0,3.8671%,-0.0002,0.5897,0.2527,0.4219,7.6329%,7.6540%,0.5511%,0.045306,PCG,13688.0,2019-03-08,252.0,1.6780%,0.0,0.585,0.2874,0.4127,7.6313%,7.6524%,0.5504%,0.018579,PCG,13688.0,2019-03-11,252.0,-0.0516%,-0.0001,0.5802,0.2981,0.4213,7.6308%,7.6518%,0.5471%,-0.008211,PCG,13688.0,2019-03-12,252.0,-0.8256%,-0.0001,0.5821,0.3016,0.4249,7.6310%,7.6518%,0.5436%,-0.008625,PCG,13688.0,2019-03-13,252.0,1.2487%,-0.0001,0.5854,0.2909,0.4259,7.6310%,7.6520%,0.5480%,0.009064,PCG,-0.079896,-0.031465,-0.021227,0.007505,0.063618
12787,P G & E CORP,PG&E Power Line Near California Camp Fire Needed A Safety Overhaul Since 2013,6,decrease,0.8,0.7,"the revelation that pg&e's power line needed a safety overhaul since 2013 suggests negligence and could lead to increased regulatory scrutiny and liability, negatively impacting investor confidence.",0,2019-02-27,PCG,2019-02-27 18:42:00+00:00,13688.0,69331C10,-0.0388769544661045,11950722.0,-0.0432583466172218,-0.0069704647175967,0.0516734644770622,-0.0063932249322533,0.0078168278560042,-0.0324741825461387,0.0144044458866119,0.065348744392395,0.0027308107819408,0.0264937616884708,0.0386709719896316,0.1459948569536209,0.0167802665382623,0.0006463655736297,-0.0005157415871508,0.0170940328389406,-0.0082559268921613,-0.0142579562962055,0.0124869812279939,0.0767620652914047,0.0025694319047033,0.0091549381613731,0.0071757757104933,0.0099572818726301,-0.0111958943307399,0.0285296514630317,-0.0185280796140432,-0.0291193071752786,0.0005243958439677,0.0594431869685649,-0.0015723630785942,0.0160550493746995,0.0194226168096065,0.0061538401059806,-0.0623069517314434,-0.049012441188097,-0.014277777634561,-0.0228734593838453,-0.0150418076664209,0.1648625731468201,-0.0243212841451168,0.0203908029943704,0.0318840146064758,-0.1562723517417908,0.0117978090420365,0.7459324598312378,-0.019433669745922,0.0376623347401619,0.0458663366734981,0.0650068894028663,0.0211153924465179,0.1367924362421036,0.0270413681864738,-0.0953058376908302,0.0160041023045778,0.0173661895096302,-0.0436992160975933,-0.1754176914691925,0.002656809054315,-0.5235929489135742,0.0137783950194716,-0.0095720766112208,0.206482008099556,-0.0039259502664208,0.0277296099811792,0.0153758805245161,-0.0615513958036899,-0.0733509883284568,-0.0184186808764934,-0.223360612988472,-0.0389016196131706,0.0187890958040952,0.0190476011484861,0.0063025853596627,0.0060748164542019,0.0021052309311926,0.0650255233049392,-0.0058601670898497,0.0069777518510818,0.0122880935668945,0.0138587998226285,0.0115731013938784,0.0004271776706445,0.0077753914520144,-0.0384286753833293,0.0175824016332626,-0.036412063986063,-0.0461216084659099,-0.0341014601290226,0.0042105424217879,0.0252862926572561,0.031711533665657,-0.0069799730554223,-0.0581014752388,-0.0159325283020734,-0.0603613853454589,-0.0352380834519863,-0.0188608076423406,-0.0449160821735858,0.0045472090132534,-0.0387596897780895,0.0126630822196602,-0.0198925174772739,0.0065662451088428,0.0071311611682176,0.0038774125277996,-0.0163399316370487,-0.0092201214283704,0.0060908421874046,-0.0269158612936735,-0.0632911175489425,-0.0132792545482516,0.0387778989970684,0.0276725348085165,0.0435520596802234,-0.0142003390938043,0.0298102553933858,-0.0254915840923786,-0.0005263278144411,0.0181683264672756,-0.0432583466172218,-0.0069704647175967,0.0061798092225788,-0.0133191259010282,0.0140449435834588,-0.045360780721302,0.0314607522506631,0.0439684769762307,0.0932584195908348,0.2923936326150702,0.0601124509807085,0.0528710031528532,0.0668539557270209,-0.3133110277462408,2019-02-28,2019-03-01,2019-03-04,2019-03-05,2019-03-06,2019-03-07,2019-03-08,2019-03-11,2019-03-12,2019-03-13,13688.0,2019-02-27,252.0,-3.8877%,-0.0003,0.5948,0.243,0.4508,7.6213%,7.6430%,0.5667%,-0.03946,PCG,13688.0,2019-02-28,252.0,-4.3258%,-0.0005,0.5965,0.2428,0.4614,7.6251%,7.6467%,0.5655%,-0.040436,PCG,13688.0,2019-03-01,252.0,5.1673%,-0.0004,0.6257,0.2863,0.484,7.6288%,7.6526%,0.6210%,0.0484309999999999,PCG,13688.0,2019-03-04,252.0,0.7817%,-0.0004,0.6287,0.2667,0.4854,7.6288%,7.6527%,0.6224%,0.010238,PCG,13688.0,2019-03-05,252.0,1.4404%,-0.0002,0.6298,0.2871,0.4796,7.6288%,7.6528%,0.6270%,0.017375,PCG,13688.0,2019-03-06,252.0,0.2731%,-0.0003,0.6123,0.2742,0.4581,7.6277%,7.6504%,0.5943%,0.0113569999999999,PCG,13688.0,2019-03-07,252.0,3.8671%,-0.0002,0.5897,0.2527,0.4219,7.6329%,7.6540%,0.5511%,0.045306,PCG,13688.0,2019-03-08,252.0,1.6780%,0.0,0.585,0.2874,0.4127,7.6313%,7.6524%,0.5504%,0.018579,PCG,13688.0,2019-03-11,252.0,-0.0516%,-0.0001,0.5802,0.2981,0.4213,7.6308%,7.6518%,0.5471%,-0.008211,PCG,13688.0,2019-03-12,252.0,-0.8256%,-0.0001,0.5821,0.3016,0.4249,7.6310%,7.6518%,0.5436%,-0.008625,PCG,13688.0,2019-03-13,252.0,1.2487%,-0.0001,0.5854,0.2909,0.4259,7.6310%,7.6520%,0.5480%,0.009064,PCG,-0.079896,-0.031465,-0.021227,0.007505,0.063618
12795,PUBLIC SERVICE ENTERPRISE GP INC,Public Service Enterprise Q4 EPS $0.56 Beats $0.55 Estimate,6,increase,0.75,0.6,beating earnings estimates typically signals positive performance and can lead to an increase in stock price.,2,2019-02-27,PEG,2019-02-27 12:52:00+00:00,23712.0,74457310,0.0216329675167799,3402431.0,0.004269125405699,-0.0001744659966789,0.0074816974811255,0.0005236055003479,0.0055696512572467,0.0068529150448739,-0.0041960389353334,0.0052994033321738,-0.0028653629124164,0.0069370218552649,0.0052400296553969,-0.0017755411099642,-0.0020338802132755,0.0069729909300804,-0.0035666252952069,-0.0010716444812715,0.0078405132517218,-0.0001785414497135,0.0064264712855219,0.0003572786226868,0.0021845248993486,0.001789521658793,0.001509056892246,0.0034117875620722,-0.0020090227480977,0.0125454291701316,-0.008220124989748,0.0018214657902717,-0.0038903846871107,-0.0012734163319692,0.0100186811760067,0.0084388721734285,0.0025218818336725,-0.0007332889945246,-0.0008384913089685,0.0244131311774253,0.0057065514847636,0.0090960683301091,-0.0106808980926871,0.0070610479451715,-0.008265821263194,-0.0047483379021286,0.0105459932237863,-0.0110818957909941,-0.0146439811214804,-0.0016876083100214,0.0087119629606604,0.0115705728530883,-0.003725612303242,0.0150173781439662,0.0079890768975019,-0.005171432159841,0.0067453882656991,0.0147715900093317,-0.0075377011671662,-0.0003885847399942,0.0059071471914649,0.0141872158274054,-0.0021811621263623,-0.0217810533940792,0.0010088710114359,-0.0023076718207448,0.0060473815537989,0.013842836022377,0.0016697660321369,-0.0075464276596903,-0.0206701382994651,0.0038850186392664,-0.000680866651237,0.0021413394715636,0.0027252573054283,0.010822495445609,-0.0073042348958551,-0.0001967762364074,-0.0054756966419517,-0.0234389510005712,0.0099793849512934,0.0140268336981535,0.0051107197068631,-0.0019443607889115,-0.0010169724700972,0.0141984075307846,-0.0040719015523791,0.0164361540228128,0.0161839984357357,-0.0486269891262054,-0.014585125260055,-0.0049336268566548,0.0078258402645587,-0.0011371789732947,0.0,-0.0082707228139042,-0.0054018148221075,-0.0039318306371569,-0.0013577396748587,-0.0409409031271934,-0.0181849021464586,-0.0019713372457772,0.0090012196451425,0.0014357145410031,0.0174987204372882,-0.0012546996586024,0.0111279692500829,0.0072215478867292,-0.0138402832671999,-0.0009018621640279,0.0037200071383267,0.0034388892818242,0.011623965576291,-0.0019709977786988,0.0063280779868364,0.0023347893729805,-0.0009929070947691,-0.0039356211200356,0.0053006410598754,0.0253118313848972,0.0054374993778765,-0.0034728317987173,0.0058997147716581,0.0077361976727843,0.004269125405699,-0.0001744659966789,0.0117827631916189,0.0003490481523134,0.0174180403306898,0.0072043551945217,0.0102458752952445,0.0195659628591158,0.0243179577919694,0.023937122835357,0.0236295067830167,0.10485733275633,0.056505447836487,0.0644107251738257,2019-02-28,2019-03-01,2019-03-04,2019-03-05,2019-03-06,2019-03-07,2019-03-08,2019-03-11,2019-03-12,2019-03-13,23712.0,2019-02-27,252.0,2.1633%,0.0007,0.1068,-0.5554,-0.2781,1.0536%,1.1032%,8.7836%,0.022158,PEG,23712.0,2019-02-28,252.0,0.4269%,0.0008,0.0897,-0.567,-0.2913,1.0360%,1.0860%,9.0041%,0.003916,PEG,23712.0,2019-03-01,252.0,0.7482%,0.0009,0.0847,-0.5746,-0.3021,1.0346%,1.0855%,9.1633%,0.007225,PEG,23712.0,2019-03-04,252.0,0.5570%,0.0009,0.0856,-0.5811,-0.3015,1.0347%,1.0856%,9.1574%,0.0048,PEG,23712.0,2019-03-05,252.0,-0.4196%,0.0009,0.0887,-0.5614,-0.2965,1.0344%,1.0829%,8.7580%,-0.006665,PEG,23712.0,2019-03-06,252.0,-0.2865%,0.0008,0.0905,-0.5388,-0.2914,1.0359%,1.0824%,8.4012%,-0.009165,PEG,23712.0,2019-03-07,252.0,0.5240%,0.0009,0.0926,-0.5211,-0.2836,1.0315%,1.0758%,8.0648%,0.004553,PEG,23712.0,2019-03-08,252.0,-0.2034%,0.0009,0.0926,-0.5147,-0.2839,1.0310%,1.0746%,7.9407%,-0.002142,PEG,23712.0,2019-03-11,252.0,-0.3567%,0.0009,0.0895,-0.5126,-0.2811,1.0311%,1.0736%,7.7534%,-0.00466,PEG,23712.0,2019-03-12,252.0,0.7841%,0.0009,0.0885,-0.5146,-0.2832,1.0316%,1.0742%,7.7807%,0.005867,PEG,23712.0,2019-03-13,252.0,0.6426%,0.0008,0.09,-0.5257,-0.2842,1.0287%,1.0728%,8.0522%,0.004315,PEG,0.026074,0.033299,0.038099,0.022269,0.030202
12803,P G T INNOVATIONS INC,"PGT Q4 Adj. EPS $0.21 Beats $0.20 Estimate, Sales $189.887M Beat $173.39M Estimate",6,increase,0.8,0.7,"the company reported better-than-expected earnings and sales, which typically leads to positive investor sentiment and an increase in stock price.",2,2019-02-27,PGTI,2019-02-27 12:47:00+00:00,91363.0,69336V10,-0.143179252743721,2334971.0,-0.0078947292640805,-0.0133481519296765,-0.0212201382964849,0.012957721017301,-0.0318428352475166,0.0096700843423604,-0.0174947511404752,-0.0034013304393738,0.009971534833312,-0.0134228067472577,-0.0091678500175476,0.0188034158200025,0.0078291567042469,-0.0022740713320672,0.0303672533482313,-0.0095720766112208,-0.0013708332553505,0.0113895656540989,-0.0006862920708954,0.0233100019395351,-0.0054945657029747,0.0129869719967246,-0.0145026994869113,-0.0011791598517447,0.0035038006026297,-0.0046949428506195,-0.0132681271061301,-0.0023418623022735,-0.0191083122044801,0.0088599892333149,0.0057720001786947,0.0143798543140292,-0.0380200669169426,0.0030048766639083,0.0156599581241607,0.0258939638733863,0.0212922152131795,0.0207677129656076,-0.0007189237512648,0.0114576900377869,0.0093525266274809,-0.0144290812313556,-0.0128296045586466,-0.0172626227140426,-0.005054198205471,0.0207677129656076,-0.0029027548152953,-0.0251533072441816,0.0072780484333634,-0.0145103791728615,0.0245664846152067,0.0036408600863069,0.0056417435407638,0.0160296075046062,0.0133239533752203,-0.0234799087047576,-0.0166089814156293,-0.008949858136475,-0.0035186621826142,-0.0088704684749245,0.0169491358101368,0.0077472678385674,0.0013889207039028,-0.0047449539415538,0.0034674196504056,0.0236794967204332,0.0103662488982081,0.0073393839411437,0.007523916196078,0.015527949668467,-0.0190088078379631,0.0380399823188781,-0.0103805968537926,-0.026365352794528,0.0174825172871351,0.0050473138689994,0.0041236747056245,0.008269727230072,-0.0164270885288715,0.0051150843501091,0.0055671483278274,0.0,0.0089965481311082,0.0482573918998241,0.0054869633167982,-0.0197109188884496,-0.0013642226113006,-0.0379266403615474,0.0273223780095577,-0.0192188154906034,0.0378989167511463,-0.0194529835134744,0.0160153750330209,0.0166872963309288,-0.0208070576190948,-0.0140158161520957,-0.0070830429904162,-0.0220501087605953,0.0045395391061902,-0.044419065117836,0.0064558028243482,0.0091953938826918,-0.0250160582363605,-0.0191657356917858,0.011842125095427,-0.0089385388419032,0.0097529012709856,-0.0239913053810596,-0.005151315126568,0.0032822464127093,-0.02200648188591,-0.0659171715378761,0.0039709080010652,0.0155682004988193,0.0118655441328883,0.0266382526606321,0.0071661011315882,-0.0188185423612594,0.0,0.0153927281498909,-0.0078947292640805,-0.0133481519296765,-0.0289473403137683,-0.0005633925411767,-0.0598684101728198,0.0091012437477926,-0.0671052289852428,-0.0078299430901149,-0.0421052215615784,0.0337995315385668,-0.0684210471878071,0.04908337964898,0.0171052842704118,-0.0583864312493132,2019-02-28,2019-03-01,2019-03-04,2019-03-05,2019-03-06,2019-03-07,2019-03-08,2019-03-11,2019-03-12,2019-03-13,91363.0,2019-02-27,252.0,-14.3179%,-0.0007,0.8658,1.207,-0.0454,2.2324%,2.5148%,21.1992%,-0.146495,PGTI,91363.0,2019-02-28,252.0,-0.7895%,-0.0007,0.8682,1.2085,-0.0425,2.2326%,2.5143%,21.1583%,-0.005666,PGTI,91363.0,2019-03-01,252.0,-2.1220%,-0.0008,0.8641,1.2024,-0.0346,2.2407%,2.5168%,20.7430%,-0.031236,PGTI,91363.0,2019-03-04,252.0,-3.1843%,-0.0011,0.8905,1.1342,-0.0459,2.2215%,2.5032%,21.2409%,-0.0224949999999999,PGTI,91363.0,2019-03-05,252.0,-1.7495%,-0.0013,0.8856,1.088,-0.0452,2.2143%,2.4856%,20.6436%,-0.012665,PGTI,91363.0,2019-03-06,252.0,0.9972%,-0.0012,0.8701,1.0234,-0.0714,2.2232%,2.4860%,20.0228%,0.0310469999999999,PGTI,91363.0,2019-03-07,252.0,-0.9168%,-0.0011,0.8763,1.053,-0.0548,2.2178%,2.4848%,20.3363%,-0.001642,PGTI,91363.0,2019-03-08,252.0,0.7829%,-0.001,0.8749,1.0532,-0.057,2.2188%,2.4848%,20.2700%,0.009047,PGTI,91363.0,2019-03-11,252.0,3.0367%,-0.001,0.8822,1.0619,-0.0558,2.2205%,2.4926%,20.6445%,0.013153,PGTI,91363.0,2019-03-12,252.0,-0.1371%,-0.001,0.8874,1.0606,-0.0503,2.2201%,2.4923%,20.6503%,-0.000738,PGTI,91363.0,2019-03-13,252.0,-0.0686%,-0.0009,0.8863,1.0682,-0.0497,2.2195%,2.4922%,20.6834%,-0.003376,PGTI,-0.152161,-0.1833969999999999,-0.2058919999999999,-0.1875099999999999,-0.1710659999999999
12811,P N M RESOURCES INC,PNM Resources Q4 EPS $0.18 Beats $0.17 Estimate,6,increase,0.75,0.6,beating earnings estimates typically signals positive performance and can lead to an increase in stock price as investor sentiment improves.,2,2019-02-27,PNM,2019-02-27 11:38:00+00:00,55511.0,69349H10,-0.0119476728141307,630201.0,-0.0034223480615764,0.0029392056167125,0.0254121012985706,-0.0082959402352571,-0.0006698502693325,0.0097351213917136,-0.0098301749676465,0.0061502652242779,-0.0020306892693042,0.0071117542684078,0.0160524323582649,0.0053044175729155,0.0204717852175235,0.006967004854232,0.0272568687796592,0.0020944881252944,0.0019104256061837,0.0016316944966092,-0.0080508701503276,0.0037435619160532,-0.0061939540319144,-0.0037295999936759,0.013754554092884,0.0051546678878366,0.0057239872403442,0.0215414445847272,-0.0223439633846283,-0.0028640271630138,0.0023717251606285,-0.0016678506508469,0.0122606940567493,0.0050288052298128,0.0050998269580304,-0.0194881856441497,0.0002114616509061,0.0170778054744005,0.0080320704728364,0.0050059375353157,-0.0075486851856112,-0.0014281732728704,-0.0006339022074826,0.0004762239113915,0.0008456853101961,-0.0271083917468786,-0.0130967246368527,0.0126701295375824,-0.0083475895226001,0.0159713514149189,-0.0092812497168779,-0.0011904580751433,-0.000217911452637,0.0108303437009453,0.0130747938528657,0.0089849177747964,-0.0135513236746192,0.0002429472078802,-0.001308359671384,0.0210813116282224,-0.0026200639549642,-0.0286677591502666,0.0089754778891801,-0.0069378209300339,-0.0026035783812403,0.0232558343559503,-0.0052208327688276,-0.0137614607810974,-0.0126830972731113,0.0239801574498415,-0.004429695662111,-0.0100342594087123,-0.0066740652546286,0.0197155214846134,-0.0024636194575577,-0.0042247013188898,0.006061976775527,-0.0206862613558769,0.0073643829673528,0.0063678254373371,0.0086397742852568,0.0009806549642235,0.003074882319197,0.0036909824702888,-0.0030654564034193,0.0170170255005359,0.0199868194758892,-0.0593220442533493,-0.0062445742078125,-0.018030485138297,0.0054513737559318,0.0171643439680337,0.0214703511446714,0.0018845233134925,0.0074310465715825,-0.0127906799316406,-0.0139093752950429,-0.0278091691434383,-0.0098311407491564,-0.0105145685374736,0.0047484869137406,0.0065300813876092,0.0313641056418418,0.0011271242983639,0.0056238379329442,0.0072661144658923,-0.0111846961081028,0.0066285924986004,-0.0006284581613726,0.0181521698832511,0.001886400161311,-0.0101358816027641,-0.0138075286522507,-0.0016099285567179,-0.0008485557045787,0.0060156942345201,0.0050955773331224,0.0236854571849107,0.0111955804750323,-0.0126285571604967,-0.002297902945429,0.0037558651529252,-0.0034223480615764,0.0029392056167125,0.0219027841813743,-0.0053811180926799,0.0212182623261587,0.0043016174611782,0.009126116750842,0.0176646124126436,0.0682180642833738,0.0379035769394024,0.0422084957911994,0.0759348239561557,0.0965551237619932,0.0484050353793084,2019-02-28,2019-03-01,2019-03-04,2019-03-05,2019-03-06,2019-03-07,2019-03-08,2019-03-11,2019-03-12,2019-03-13,55511.0,2019-02-27,252.0,-1.1948%,0.0009,0.2151,-0.224,-0.0621,1.3061%,1.3315%,3.7812%,-0.011908,PNM,55511.0,2019-02-28,252.0,-0.3422%,0.0009,0.2047,-0.2313,-0.0688,1.2997%,1.3239%,3.6136%,-0.002966,PNM,55511.0,2019-03-01,252.0,2.5412%,0.001,0.2046,-0.2315,-0.0798,1.3069%,1.3314%,3.6431%,0.0242439999999999,PNM,55511.0,2019-03-04,252.0,-0.0670%,0.001,0.2091,-0.2454,-0.0812,1.3056%,1.3311%,3.8015%,-0.0003109999999999,PNM,55511.0,2019-03-05,252.0,-0.9830%,0.0009,0.2081,-0.2605,-0.0777,1.3051%,1.3309%,3.8384%,-0.01052,PNM,55511.0,2019-03-06,252.0,-0.2031%,0.0009,0.2092,-0.2504,-0.0752,1.3053%,1.3307%,3.7745%,-0.003623,PNM,55511.0,2019-03-07,252.0,1.6052%,0.001,0.2064,-0.2318,-0.0736,1.3036%,1.3278%,3.6039%,0.017254,PNM,55511.0,2019-03-08,252.0,2.0472%,0.0011,0.2032,-0.2239,-0.0791,1.3089%,1.3323%,3.4898%,0.020827,PNM,55511.0,2019-03-11,252.0,2.7257%,0.0012,0.215,-0.2074,-0.0757,1.3164%,1.3412%,3.6674%,0.0245339999999999,PNM,55511.0,2019-03-12,252.0,0.1910%,0.0012,0.2134,-0.2068,-0.0773,1.3163%,1.3407%,3.6043%,0.0006419999999999,PNM,55511.0,2019-03-13,252.0,-0.8051%,0.0011,0.2101,-0.2124,-0.0823,1.3153%,1.3396%,3.5880%,-0.010192,PNM,-0.014874,0.0093699999999999,0.0090589999999999,-0.005084,0.0479809999999999
12819,PERRIGO CO PLC,Perrigo Co shares are trading lower after the company missed Q4 EPS estimates.,6,decrease,0.85,0.7,"missing eps estimates typically signals weaker financial performance, which can lead to a decline in investor confidence and a decrease in stock price.",0,2019-02-27,PRGO,2019-02-27 21:30:00+00:00,77182.0,G9782210,-0.0254711024463176,2411703.0,0.0388865135610103,-0.0106535637751221,0.0293634552508592,-0.0026562577113509,0.0017953350907191,0.0128311039879918,-0.0101553592830896,-0.012668551877141,-0.0484811887145042,-0.0123108094558119,-0.0158562362194061,0.0122573738917708,-0.0010740974685177,0.0072016934864223,0.0212903581559658,0.005794676952064,-0.0065277186222374,-0.0020652308594435,0.0125053022056818,0.0302127264440059,-0.0085827894508838,-0.013226980343461,0.0166807621717453,0.0234207157045602,0.0107995141297578,-0.0181434713304042,0.0117115993052721,0.0121716782450676,-0.0180748011916875,0.0136363869532942,0.0047570499591529,-0.0025906504597514,-0.0273775588721036,-0.0027987312059849,-0.0101587204262614,0.0075922408141195,0.0143253831192851,0.007870502769947,0.0082209780812263,0.0066021801903843,-0.008990179747343,-0.0100218495354056,0.0160337202250957,0.0229552630335092,0.0191030316054821,-0.0022237554658204,-0.0313773602247238,0.0006676145130768,-0.0006311020697467,-0.0224059727042913,0.0393601953983306,0.0245153177529573,0.0218711625784635,0.0078616011887788,0.022195853292942,-0.0150442542508244,-0.015122190117836,-0.0113735878840088,0.0088582830503582,0.0083811441436409,-0.020878043025732,0.0328017883002758,0.0037863417528569,-0.0067873131483793,0.0007941416697576,-0.0160284377634525,0.0037690661847591,0.0202134773135185,-0.0146244643256068,0.0404064059257507,-0.02085842192173,0.0614497326314449,0.0030725426040589,-0.0155555820092558,0.0120481960475444,0.0451612919569015,-0.0072639347054064,-0.0293085724115371,0.0189024452120065,0.0075719142332673,0.0167564358562231,-0.0265356712043285,0.0086325015872716,0.1150685176253319,-0.0678856596350669,-0.0143126873299479,0.012729562819004,-0.2927807867527008,0.0113332588225603,-0.0256792157888412,0.0128361294046044,-0.0290875677019357,0.0134782139211893,-0.0182689353823661,-0.0285828188061714,-0.0107036428526043,0.0049039986915886,-0.0259784087538719,0.069947101175785,-0.0059463521465659,-0.0117825716733932,0.0063258493319153,-0.0428846068680286,-0.0059483083896338,-0.0014064635615795,-0.0181878879666328,-0.0030181393958628,-0.0429574996232986,0.0070636183954775,-0.0035009742714464,-0.0046092853881418,-0.0096138790249824,-0.0018118852749466,0.01878616027534,0.0042355600744485,-0.0285447165369987,-0.0044185821898281,0.0143555961549282,-0.0363122709095478,0.0053925481624901,0.0388865135610103,-0.0106535637751221,0.0693918112126803,-0.013281522875542,0.0713117278570782,-0.0006208354886851,0.0090211600895546,-0.0254288254449799,0.0190474014325712,0.027446828291163,0.093284045928081,0.065063980857172,0.0190473978314642,-0.2318300341939438,2019-02-28,2019-03-01,2019-03-04,2019-03-05,2019-03-06,2019-03-07,2019-03-08,2019-03-11,2019-03-12,2019-03-13,77182.0,2019-02-27,252.0,-2.5471%,-0.002,1.2522,0.4433,0.4028,2.5847%,2.8753%,19.1922%,-0.02708,PRGO,77182.0,2019-02-28,252.0,3.8887%,-0.0017,1.2143,0.4188,0.3646,2.5785%,2.8531%,18.3232%,0.043587,PRGO,77182.0,2019-03-01,252.0,2.9363%,-0.0016,1.226,0.4363,0.3723,2.5813%,2.8595%,18.5118%,0.020774,PRGO,77182.0,2019-03-04,252.0,0.1795%,-0.0015,1.2206,0.4454,0.3758,2.5815%,2.8570%,18.3571%,0.008374,PRGO,77182.0,2019-03-05,252.0,-1.0155%,-0.0017,1.2139,0.3906,0.3726,2.5732%,2.8437%,18.1196%,-0.005888,PRGO,77182.0,2019-03-06,252.0,-4.8481%,-0.0018,1.2338,0.4504,0.4032,2.5796%,2.8590%,18.5937%,-0.033602,PRGO,77182.0,2019-03-07,252.0,-1.5856%,-0.0017,1.2377,0.4644,0.4123,2.5787%,2.8604%,18.7263%,-0.004183,PRGO,77182.0,2019-03-08,252.0,-0.1074%,-0.0017,1.2375,0.4594,0.4122,2.5786%,2.8600%,18.7098%,0.0020269999999999,PRGO,77182.0,2019-03-11,252.0,2.1290%,-0.0018,1.2391,0.487,0.4272,2.5730%,2.8581%,18.9573%,0.0032519999999999,PRGO,77182.0,2019-03-12,252.0,-0.6528%,-0.0017,1.2561,0.4862,0.4464,2.5699%,2.8583%,19.1577%,-0.00801,PRGO,77182.0,2019-03-13,252.0,1.2505%,-0.0018,1.2588,0.4718,0.4459,2.5686%,2.8580%,19.2258%,0.005072,PRGO,0.0165069999999999,0.0372809999999999,0.0456549999999999,0.0061649999999999,0.0043229999999999
12827,PERRIGO CO PLC,"Perrigo Q4 Adj. EPS $0.97 Misses $1 Estimate, Sales $1.195B Beat $1.18B Estimate",6,uncertain,0.6,0.2,"while perrigo's sales beat expectations, the miss on adjusted eps could lead to mixed reactions from investors, resulting in uncertainty about the stock's direction.",1,2019-02-27,PRGO,2019-02-27 21:02:00+00:00,77182.0,G9782210,-0.0254711024463176,2411703.0,0.0388865135610103,-0.0106535637751221,0.0293634552508592,-0.0026562577113509,0.0017953350907191,0.0128311039879918,-0.0101553592830896,-0.012668551877141,-0.0484811887145042,-0.0123108094558119,-0.0158562362194061,0.0122573738917708,-0.0010740974685177,0.0072016934864223,0.0212903581559658,0.005794676952064,-0.0065277186222374,-0.0020652308594435,0.0125053022056818,0.0302127264440059,-0.0085827894508838,-0.013226980343461,0.0166807621717453,0.0234207157045602,0.0107995141297578,-0.0181434713304042,0.0117115993052721,0.0121716782450676,-0.0180748011916875,0.0136363869532942,0.0047570499591529,-0.0025906504597514,-0.0273775588721036,-0.0027987312059849,-0.0101587204262614,0.0075922408141195,0.0143253831192851,0.007870502769947,0.0082209780812263,0.0066021801903843,-0.008990179747343,-0.0100218495354056,0.0160337202250957,0.0229552630335092,0.0191030316054821,-0.0022237554658204,-0.0313773602247238,0.0006676145130768,-0.0006311020697467,-0.0224059727042913,0.0393601953983306,0.0245153177529573,0.0218711625784635,0.0078616011887788,0.022195853292942,-0.0150442542508244,-0.015122190117836,-0.0113735878840088,0.0088582830503582,0.0083811441436409,-0.020878043025732,0.0328017883002758,0.0037863417528569,-0.0067873131483793,0.0007941416697576,-0.0160284377634525,0.0037690661847591,0.0202134773135185,-0.0146244643256068,0.0404064059257507,-0.02085842192173,0.0614497326314449,0.0030725426040589,-0.0155555820092558,0.0120481960475444,0.0451612919569015,-0.0072639347054064,-0.0293085724115371,0.0189024452120065,0.0075719142332673,0.0167564358562231,-0.0265356712043285,0.0086325015872716,0.1150685176253319,-0.0678856596350669,-0.0143126873299479,0.012729562819004,-0.2927807867527008,0.0113332588225603,-0.0256792157888412,0.0128361294046044,-0.0290875677019357,0.0134782139211893,-0.0182689353823661,-0.0285828188061714,-0.0107036428526043,0.0049039986915886,-0.0259784087538719,0.069947101175785,-0.0059463521465659,-0.0117825716733932,0.0063258493319153,-0.0428846068680286,-0.0059483083896338,-0.0014064635615795,-0.0181878879666328,-0.0030181393958628,-0.0429574996232986,0.0070636183954775,-0.0035009742714464,-0.0046092853881418,-0.0096138790249824,-0.0018118852749466,0.01878616027534,0.0042355600744485,-0.0285447165369987,-0.0044185821898281,0.0143555961549282,-0.0363122709095478,0.0053925481624901,0.0388865135610103,-0.0106535637751221,0.0693918112126803,-0.013281522875542,0.0713117278570782,-0.0006208354886851,0.0090211600895546,-0.0254288254449799,0.0190474014325712,0.027446828291163,0.093284045928081,0.065063980857172,0.0190473978314642,-0.2318300341939438,2019-02-28,2019-03-01,2019-03-04,2019-03-05,2019-03-06,2019-03-07,2019-03-08,2019-03-11,2019-03-12,2019-03-13,77182.0,2019-02-27,252.0,-2.5471%,-0.002,1.2522,0.4433,0.4028,2.5847%,2.8753%,19.1922%,-0.02708,PRGO,77182.0,2019-02-28,252.0,3.8887%,-0.0017,1.2143,0.4188,0.3646,2.5785%,2.8531%,18.3232%,0.043587,PRGO,77182.0,2019-03-01,252.0,2.9363%,-0.0016,1.226,0.4363,0.3723,2.5813%,2.8595%,18.5118%,0.020774,PRGO,77182.0,2019-03-04,252.0,0.1795%,-0.0015,1.2206,0.4454,0.3758,2.5815%,2.8570%,18.3571%,0.008374,PRGO,77182.0,2019-03-05,252.0,-1.0155%,-0.0017,1.2139,0.3906,0.3726,2.5732%,2.8437%,18.1196%,-0.005888,PRGO,77182.0,2019-03-06,252.0,-4.8481%,-0.0018,1.2338,0.4504,0.4032,2.5796%,2.8590%,18.5937%,-0.033602,PRGO,77182.0,2019-03-07,252.0,-1.5856%,-0.0017,1.2377,0.4644,0.4123,2.5787%,2.8604%,18.7263%,-0.004183,PRGO,77182.0,2019-03-08,252.0,-0.1074%,-0.0017,1.2375,0.4594,0.4122,2.5786%,2.8600%,18.7098%,0.0020269999999999,PRGO,77182.0,2019-03-11,252.0,2.1290%,-0.0018,1.2391,0.487,0.4272,2.5730%,2.8581%,18.9573%,0.0032519999999999,PRGO,77182.0,2019-03-12,252.0,-0.6528%,-0.0017,1.2561,0.4862,0.4464,2.5699%,2.8583%,19.1577%,-0.00801,PRGO,77182.0,2019-03-13,252.0,1.2505%,-0.0018,1.2588,0.4718,0.4459,2.5686%,2.8580%,19.2258%,0.005072,PRGO,0.0165069999999999,0.0372809999999999,0.0456549999999999,0.0061649999999999,0.0043229999999999
12835,PROQR THERAPEUTICS N V,ProQR Q4 EPS €(0.33) Up From €(0.39) YoY,6,increase,0.7,0.5,"the improvement in eps from €(0.39) to €(0.33) suggests better financial performance, which could positively influence investor sentiment and lead to an increase in stock price.",2,2019-02-27,PRQR,2019-02-27 12:16:00+00:00,14935.0,N7154210,-0.0179909877479076,106204.0,0.0167938396334648,-0.0219941474497318,0.0810810774564743,0.0868526026606559,0.0201388876885175,-0.0047580860555171,-0.0442477613687515,-0.0086478469893336,-0.0199430007487535,0.0176000222563743,0.0595929995179176,-0.1071428582072258,0.0068587367422878,-0.014084493741393,0.0054495860822498,-0.0444145277142524,0.0406503677368164,-0.0126246204599738,0.0052083283662796,0.0134680001065135,-0.0265543945133686,-0.0106595503166317,0.0099800778552889,-0.0098944343626499,-0.0105401743203401,0.0086493752896785,0.0019973190501332,-0.0240259673446416,-0.0039867386221885,-0.0849673375487327,0.0026684431359171,0.0095980707556009,-0.0019959902856498,0.057741105556488,-0.0159999839961528,0.0548862554132938,0.018292648717761,0.0211893003433942,-0.0312707461416721,-0.0047618839889764,-0.0288461577147245,-0.0354330688714981,-0.0190947987139225,0.0431211590766906,0.0295601915568113,-0.0369149930775165,0.0504201874136924,-0.0269403513520956,0.0273333229124546,0.0103694004938006,0.0090850321575999,0.0137976370751857,-0.0141479270532727,0.0013158195652067,-0.0150032313540577,0.0066224783658981,-0.0576159469783306,0.0471567474305629,0.0126493545249104,-0.0642439797520637,-0.0222067795693874,0.032150000333786,-0.0709723234176635,-0.0846106186509132,-0.0068754889070987,-0.0251046083867549,-0.0738461539149284,-0.055335946381092,-0.0132890241220593,-0.0416666939854621,-0.0454545430839061,0.0417136289179325,0.0,0.0148741556331515,0.0299823768436908,0.1077312976121902,-0.0179794542491436,0.0134874787181615,-0.0226678494364023,0.0110389664769172,0.0231935977935791,-0.0191082917153835,-0.0383609868586063,0.0295081846415996,-0.000906552595552,-0.0039190342649817,-0.0018149234820157,-0.0210997387766838,0.0363636016845703,-0.0679380372166633,-0.0192981865257024,0.009019935503602,0.0268335621803998,-0.0615124255418777,-0.0339720733463764,-0.0155555941164493,-0.0036068495828658,0.0016694873338565,0.0027149079833179,-0.0286486856639385,0.0045126527547836,0.0768335089087486,-0.0350404605269432,0.0064440895803272,0.0251397080719471,-0.0511395260691642,0.0072661144658923,-0.0120812365785241,0.0153291318565607,-0.0359979011118412,0.0213143657892942,-0.0151199642568826,0.0165217034518718,0.006295952014625,-0.0094097228720784,0.0197966247797012,0.0354058593511581,-0.0163157619535923,0.0283569768071174,-0.0015764941927045,0.0167938396334648,-0.0219941474497318,0.0992365797020515,0.0629482062616126,0.1213739817237813,0.0578906072236622,0.0503816687798754,0.0672000159698649,0.178625890710242,-0.101683514079099,0.0999999626663235,-0.1343283394019814,-0.0587786541124879,-0.299001592111351,2019-02-28,2019-03-01,2019-03-04,2019-03-05,2019-03-06,2019-03-07,2019-03-08,2019-03-11,2019-03-12,2019-03-13,14935.0,2019-02-27,252.0,-1.7991%,0.008,0.9796,1.0403,0.8968,8.6645%,8.7270%,1.4258%,-0.019936,PRQR,14935.0,2019-02-28,252.0,1.6794%,0.008,0.9879,1.0464,0.8996,8.6640%,8.7270%,1.4398%,0.021765,PRQR,14935.0,2019-03-01,252.0,8.1081%,0.0083,0.9904,1.0503,0.8728,8.6732%,8.7360%,1.4328%,0.074442,PRQR,14935.0,2019-03-04,252.0,2.0139%,0.0087,0.9569,1.1457,0.8851,8.6635%,8.7257%,1.4218%,0.025996,PRQR,14935.0,2019-03-05,252.0,-4.4248%,0.0084,0.9592,1.1338,0.9035,8.6670%,8.7286%,1.4063%,-0.037035,PRQR,14935.0,2019-03-06,252.0,-1.9943%,0.0084,0.9706,1.1396,0.9172,8.6665%,8.7302%,1.4557%,0.001949,PRQR,14935.0,2019-03-07,252.0,5.9593%,0.0086,0.9393,1.1099,0.8672,8.6752%,8.7351%,1.3666%,0.071286,PRQR,14935.0,2019-03-08,252.0,0.6859%,0.0087,0.9382,1.1254,0.8646,8.6748%,8.7350%,1.3735%,0.009755,PRQR,14935.0,2019-03-11,252.0,0.5450%,0.0087,0.9302,1.1009,0.8548,8.6746%,8.7338%,1.3496%,-0.008175,PRQR,14935.0,2019-03-12,252.0,4.0650%,0.0089,0.941,1.0836,0.86,8.6770%,8.7360%,1.3478%,0.042001,PRQR,14935.0,2019-03-13,252.0,0.5208%,0.0089,0.9378,1.1076,0.8622,8.6754%,8.7348%,1.3565%,0.001499,PRQR,0.001829,0.076271,0.102267,0.067181,0.183547
12843,PARATEK PHARMACEUTICALS INC,"Paratek Pharmaceuticals, Inc. Q4 EPS $(0.71) Misses $(0.69) Estimate, Sales $17.1M Beat $13.29M Estimate",6,uncertain,0.6,0.2,"while the sales beat expectations, the earnings per share miss could lead to mixed reactions from investors, making the overall impact on the stock price uncertain.",1,2019-02-27,PRTK,2019-02-27 21:59:00+00:00,91279.0,69937430,-0.0041494066826999,354865.0,-0.0999999716877937,0.0,0.0185185000300407,0.0097765605896711,0.0287878885865211,0.0272596925497055,-0.0235640425235033,-0.0238095354288816,-0.0648567602038383,-0.011080321855843,-0.0032258033752441,-0.0013831575633957,-0.0550161302089691,0.006963815074414,0.05479446798563,-0.0082872854545712,0.0259740799665451,0.0211565047502517,0.0221518762409687,0.009971534833312,0.0,0.050898227840662,-0.0092879170551896,-0.0059523754753172,-0.0234375149011611,-0.0274963900446891,-0.0048000337556004,0.0267458874732255,0.0032154312357306,-0.0274566560983657,0.006410326808691,0.0312965773046016,-0.0812102258205413,-0.005189006216824,-0.0103986039757728,0.0173453651368618,-0.0315236113965511,0.0200000181794166,-0.0271247904747724,0.0172144193202257,0.0018586899386718,-0.0712209641933441,-0.0055658132769167,0.0345864668488502,0.0541044697165489,0.0152671607211232,0.01238932646811,0.0030627842061221,0.0314685851335525,-0.0282737482339143,0.0135593088343739,0.0322579964995384,0.0501672551035881,-0.0151285780593752,-0.011146523989737,0.0376766473054885,-0.0450886003673076,0.0095087075605988,0.0354131609201431,0.0112179769203066,0.0065146517008543,0.0179444793611764,0.0226537771522998,0.0016340243164449,-0.0632911548018455,0.0132450209930539,0.001689147320576,0.020270250737667,-0.0607082061469554,0.0533808171749115,0.0,0.0035714253317564,-0.0251347105950117,0.0053859483450651,0.0497237555682659,0.0857699885964393,-0.0192981865257024,-0.009652454406023,-0.0322004109621048,-0.0189394652843475,0.0240295957773923,0.0954356864094734,0.0126354098320007,0.0041666626930236,-0.0178252942860126,-0.01437365449965,-0.0163339655846357,-0.0897196307778358,-0.018450167030096,-0.0711806118488311,0.007518789730966,-0.0136986169964075,0.016790984198451,0.005163547117263,-0.0623852647840976,-0.0332779176533222,0.0,-0.0399360992014408,0.0841486901044845,-0.0457316637039184,-0.0415162481367588,-0.0478954911231994,-0.0640301629900932,0.0014534522779285,-0.0321931280195713,0.0014556373935192,0.0103950500488281,-0.037815123796463,-0.0699588805437088,-0.0041841296479105,0.0066372146829962,-0.0375838577747345,-0.0681319609284401,-0.0158520955592393,0.0353773832321167,0.0313351526856422,-0.0387243926525116,-0.0160857755690813,0.0023697225842624,0.055162638425827,-0.0999999716877937,0.0,-0.0833333211364575,0.0097765605896711,-0.0569444229143575,0.0373027591752446,-0.1388888940485804,0.0013850723761565,-0.102777749179995,0.0299145350643283,-0.1472222207920676,0.1586538910118684,-0.4124999908227956,0.022630806395339,2019-02-28,2019-03-01,2019-03-04,2019-03-05,2019-03-06,2019-03-07,2019-03-08,2019-03-11,2019-03-12,2019-03-13,91279.0,2019-02-27,252.0,-0.4149%,-0.0025,1.1219,0.8467,-0.4073,3.0469%,3.3642%,17.9777%,-0.007335,PRTK,91279.0,2019-02-28,252.0,-10.0000%,-0.0028,1.1395,0.8555,-0.3723,3.1053%,3.4182%,17.4684%,-0.097809,PRTK,91279.0,2019-03-01,252.0,1.8519%,-0.0028,1.1386,0.8542,-0.3778,3.1057%,3.4184%,17.4543%,0.0062539999999999,PRTK,91279.0,2019-03-04,252.0,2.8788%,-0.0025,1.1263,0.8571,-0.3659,3.1156%,3.4213%,17.0768%,0.0395089999999999,PRTK,91279.0,2019-03-05,252.0,-2.3564%,-0.0026,1.1269,0.8503,-0.3591,3.1168%,3.4190%,16.8964%,-0.01996,PRTK,91279.0,2019-03-06,252.0,-6.4857%,-0.0029,1.1245,0.9535,-0.3477,3.1189%,3.4304%,17.3349%,-0.0446229999999999,PRTK,91279.0,2019-03-07,252.0,-0.3226%,-0.0029,1.1224,0.9598,-0.3487,3.1190%,3.4304%,17.3276%,0.005425,PRTK,91279.0,2019-03-08,252.0,-5.5016%,-0.0031,1.1294,0.9583,-0.3375,3.1354%,3.4457%,17.1968%,-0.05371,PRTK,91279.0,2019-03-11,252.0,5.4794%,-0.0031,1.1466,1.0064,-0.3188,3.1357%,3.4575%,17.7503%,0.032672,PRTK,91279.0,2019-03-12,252.0,2.5974%,-0.0029,1.1513,0.9926,-0.3192,3.1408%,3.4613%,17.6579%,0.025581,PRTK,91279.0,2019-03-13,252.0,2.2152%,-0.0031,1.1599,0.9365,-0.3231,3.1193%,3.4402%,17.7887%,0.017665,PRTK,-0.105144,-0.09889,-0.059381,-0.123964,-0.096331
12851,PUBLIC STORAGE,Public Storage shares are trading higher after the company reported better-than-expected Q4 EPS and sales results. The company also reported a year-over-year increase in FFO.,6,increase,0.85,0.7,"the better-than-expected q4 eps and sales results, along with a year-over-year increase in ffo, are likely to boost investor confidence and drive the stock price higher.",2,2019-02-27,PSA,2019-02-27 15:26:00+00:00,64653.0,74460D10,0.034089807420969,1908572.0,0.008969061076641,0.0064048124477267,0.0024114355910569,0.0013423698255792,0.0016509721754118,0.003292117267847,0.0037673076149076,-0.0249975658953189,0.0002815520565491,-0.0110144224017858,0.0045025628060102,0.0008183217723853,0.0007004209328442,-0.0019696776289492,0.0210899077355861,0.0009135755826719,0.0065344907343387,0.0010590219171717,0.0039858664385974,-0.0131584675982594,-0.0026010407600551,-0.0002850017335731,-0.0043464894406497,0.0034788935445249,0.000643320439849,0.006233830936253,-0.0012858136324211,-0.002105476334691,0.0062994775362312,-0.0009560997714288,0.0144847985357046,-0.0015274812467396,0.0004503686213865,-0.0142104467377066,0.0095444377511739,0.0107966912910342,-0.0179272387176752,-0.0007128987926989,-0.004631751216948,0.0105667486786842,-0.0009123948402702,0.0124489283189177,-0.0055707818828523,0.014854634180665,0.0024336429778486,0.003963747061789,0.0051302970387041,0.0015880468999966,-0.0023697263095527,-0.0079752393066883,-0.0054360348731279,-0.0088318409398198,0.0039041249547153,0.0030835734214633,-0.0026078936643898,0.0014705311041325,0.0064219902269542,0.0152276568114757,0.0004558163345791,0.0012456403346732,0.0006378104444593,-0.0010949692223221,0.0096521358937025,0.0138258431106805,-0.0054563106968998,-0.0069650476798415,-0.0141011131927371,0.0179546251893043,-0.0034492274280637,-0.0027975740376859,0.0035072891041636,-0.0110663827508688,-0.0142561085522174,0.0191736165434122,0.0076976618729531,-0.0363124646246433,0.0102777834981679,0.002526051364839,-0.0065530561842024,0.0009418827830813,0.0099635766819119,0.006536990404129,-0.0080383401364088,0.018965758383274,0.0183709654957056,-0.0326119288802146,0.0037526080850511,0.0018233399605378,0.0218458902090787,-0.0015744518022984,-0.000484883232275,-0.0043597500771284,0.0003087423392571,0.0228991918265819,-0.0184728074818849,-0.0191674139350652,-0.0014373953454196,0.0222054664045572,0.0026089777238667,-0.0256497655063867,0.0117546552792191,-0.0306064914911985,0.0141457254067063,-0.005609035026282,-0.0043725403957068,-0.000933954201173,0.0032938076183199,-0.00966561678797,0.0029327999800443,0.0208677500486373,0.0043645254336297,-0.0028716721571981,0.0018251268193125,-0.0039388369768857,0.0016916778404265,0.0066081085242331,0.0035941707901656,0.0070827850140631,0.0115205310285091,0.008436769247055,0.008969061076641,0.0064048124477267,0.0114021249807965,0.0077557799002743,0.0130719217472923,0.0110734301050567,0.0171747823540453,-0.0250589517885787,0.0550449436139897,-0.0371003644467221,0.0567781602212706,0.0099651248832199,0.1286582978132238,-0.0191088938691841,2019-02-28,2019-03-01,2019-03-04,2019-03-05,2019-03-06,2019-03-07,2019-03-08,2019-03-11,2019-03-12,2019-03-13,64653.0,2019-02-27,252.0,3.4090%,0.0004,0.1589,-0.176,-0.0252,1.1259%,1.1417%,2.7470%,0.034165,PSA,64653.0,2019-02-28,252.0,0.8969%,0.0005,0.1496,-0.1821,-0.0341,1.1238%,1.1386%,2.5924%,0.009334,PSA,64653.0,2019-03-01,252.0,0.2411%,0.0005,0.1548,-0.1744,-0.0266,1.1226%,1.1377%,2.6435%,0.0016359999999999,PSA,64653.0,2019-03-04,252.0,0.1651%,0.0004,0.1601,-0.1932,-0.0277,1.1202%,1.1366%,2.8752%,0.001772,PSA,64653.0,2019-03-05,252.0,0.3767%,0.0005,0.1608,-0.186,-0.0282,1.1198%,1.1361%,2.8497%,0.003284,PSA,64653.0,2019-03-06,252.0,0.0282%,0.0004,0.1564,-0.1792,-0.0323,1.1183%,1.1338%,2.7094%,-0.00079,PSA,64653.0,2019-03-07,252.0,0.4503%,0.0004,0.153,-0.1859,-0.0387,1.1184%,1.1339%,2.6985%,0.005463,PSA,64653.0,2019-03-08,252.0,0.0700%,0.0004,0.153,-0.1859,-0.0388,1.1185%,1.1338%,2.6929%,0.000974,PSA,64653.0,2019-03-11,252.0,2.1090%,0.0005,0.1624,-0.1711,-0.0352,1.1238%,1.1399%,2.8150%,0.019188,PSA,64653.0,2019-03-12,252.0,0.6534%,0.0005,0.1653,-0.1739,-0.0331,1.1241%,1.1405%,2.8677%,0.005531,PSA,64653.0,2019-03-13,252.0,0.3986%,0.0005,0.1658,-0.1729,-0.0323,1.1240%,1.1405%,2.8762%,0.002242,PSA,0.043499,0.045135,0.046907,0.049401,0.082799
12859,QORVO INC,Qorvo Ships 100M RF Devices for 5G Wireless Infrastructure,6,increase,0.8,0.7,"the shipment of 100 million rf devices for 5g infrastructure indicates strong demand and growth potential, which is likely to positively impact qorvo's stock price.",2,2019-02-27,QRVO,2019-02-27 08:59:00+00:00,85035.0,74736K10,0.0030373022891581,1119924.0,0.0113915055990219,0.0064046937040984,0.0051326006650924,0.0132742458954453,-0.0063829352147877,0.0263397749513387,-0.0027123831678181,0.0030366983264684,-0.0113083440810442,0.0152612579986453,-0.0104242246598005,-0.0044505968689918,0.0033650822006165,0.0075770141556859,0.011519405990839,-0.0035439652856439,-0.0018740792293101,-0.004295777529478,-0.0021663999650627,0.0105426404625177,-0.006368429865688,-0.0001550478336866,0.0147123392671346,-0.0303621925413608,0.0024403985589742,-0.0305988416075706,0.004009720403701,0.0392186008393764,-0.0141206365078687,0.0012128840899094,0.0690103620290756,0.000606810033787,-0.0300446785986423,0.0085678938776254,-0.0111622083932161,-0.0025942036882042,0.0039508785121142,0.0293747875839471,-0.0081518171355128,-0.0219695270061492,-0.0048178592696785,-0.0101886522024869,0.0213583931326866,0.0375512950122356,0.0206328686326742,0.0237441640347242,0.0117470379918813,-0.0004843199858441,0.0045903059653937,-0.0211757291108369,-0.004972486756742,0.0165461655706167,0.0114802606403827,0.0136785563081502,0.0048070587217807,-0.0024366718716919,-0.0003986548690591,0.0062111974693834,0.0134273078292608,-0.03940961509943,-0.0023612789809703,0.0295828972011804,0.0149901295080781,0.0233250595629215,-0.0103640761226415,0.018191035836935,0.0251341555267572,-0.0068584787659347,-0.0223470833152532,0.0069058421067893,0.001567434053868,0.0670380964875221,-0.0087375873699784,-0.0905524790287017,0.0077620879746973,0.0074098594486713,0.008485659956932,-0.000987027073279,0.0006472886889241,0.0066236383281648,-0.0298836361616849,0.0061645940877497,0.0061341393738985,0.0628652200102806,0.0021206582896411,-0.0209777932614088,-0.0003967567754443,-0.0354514867067337,0.0154802612960338,0.002682760823518,-0.0204560216516256,-0.0333873815834522,-0.0113061778247356,0.0225389562547206,-0.0087448069825768,-0.0029742284677922,0.0339305102825164,-0.0041138720698654,-0.0135205928236246,0.0021438170224428,-0.0010645618895068,0.0177911631762981,-0.053549975156784,0.00100808753632,0.0254749823361635,-0.0263373237103223,0.0067251971922814,-0.0253507681190967,-0.0714382827281951,-0.0224439278244972,-0.0613713152706623,-0.05298887565732,-0.0416080057621002,0.0294788405299186,0.0044067315757274,0.0079644145444035,-0.0217744577676057,-0.0258131269365549,0.007641180884093,0.0337805747985839,0.0113915055990219,0.0064046937040984,0.0165825743133283,0.0197639570786569,0.0100937936010041,0.0466243102115955,-0.0040374738101914,0.065823900714689,-0.0037491299917922,0.0719379748997102,0.0992069907384147,0.0855707524455691,-0.1253064022527613,0.0664815303874635,2019-02-28,2019-03-01,2019-03-04,2019-03-05,2019-03-06,2019-03-07,2019-03-08,2019-03-11,2019-03-12,2019-03-13,85035.0,2019-02-27,252.0,0.3037%,-0.0008,1.3573,0.5819,-0.4046,1.6861%,2.3307%,47.6605%,0.000131,QRVO,85035.0,2019-02-28,252.0,1.1392%,-0.0008,1.3626,0.5861,-0.4043,1.6860%,2.3318%,47.7205%,0.014371,QRVO,85035.0,2019-03-01,252.0,0.5133%,-0.0009,1.3678,0.5937,-0.3929,1.6851%,2.3317%,47.7696%,-0.008085,QRVO,85035.0,2019-03-04,252.0,-0.6383%,-0.0008,1.3601,0.6144,-0.3898,1.6828%,2.3264%,47.6752%,0.004547,QRVO,85035.0,2019-03-05,252.0,-0.2712%,-0.0009,1.3566,0.5884,-0.3928,1.6804%,2.3174%,47.4239%,0.000479,QRVO,85035.0,2019-03-06,252.0,-1.1308%,-0.0009,1.3451,0.578,-0.4072,1.6785%,2.3127%,47.3276%,0.007569,QRVO,85035.0,2019-03-07,252.0,-1.0424%,-0.0009,1.3453,0.5797,-0.4065,1.6785%,2.3132%,47.3517%,-0.000424,QRVO,85035.0,2019-03-08,252.0,0.3365%,-0.0008,1.3437,0.5915,-0.4096,1.6776%,2.3132%,47.4069%,0.005254,QRVO,85035.0,2019-03-11,252.0,1.1519%,-0.0009,1.3372,0.5937,-0.405,1.6785%,2.3134%,47.3556%,-0.012851,QRVO,85035.0,2019-03-12,252.0,-0.1874%,-0.0009,1.3404,0.5944,-0.401,1.6784%,2.3112%,47.2642%,-0.0039689999999999,QRVO,85035.0,2019-03-13,252.0,-0.2166%,-0.001,1.338,0.5909,-0.4045,1.6782%,2.3102%,47.2321%,-0.009149,QRVO,0.014502,0.0064169999999999,0.0109639999999999,0.0190119999999999,-0.002127
12867,UNIQURE N V,uniQure Highlights Presentation Of New Preclinical Data On AMT-130 At The CHDI's 14th Annual Huntington's Disease Therapeutics Conference,6,increase,0.75,0.6,"the presentation of new preclinical data on amt-130 at a prominent conference suggests progress in research, which is likely to be viewed positively by investors.",2,2019-02-27,QURE,2019-02-27 12:29:00+00:00,14466.0,N9006410,-0.0061613484285771,474413.0,0.014277703128755,-0.041345939040184,0.0614928603172302,0.3430288732051849,0.0362938046455383,0.0330270193517208,0.0020205241162329,0.0233799759298563,-0.0502436235547065,0.0244727581739425,0.0824486836791038,0.0253604054450988,0.0199411772191524,0.0414233468472957,0.0453525930643081,-0.0273120161145925,0.0041391481645405,-0.058793619275093,-0.0082442890852689,0.0556152500212192,-0.021705662831664,0.0200054682791233,-0.0031471403781324,0.099758930504322,0.0383583307266235,-0.0320886373519897,0.0103374933823943,-0.0316384956240654,-0.0096298437565565,-0.0039392062462866,0.0393498018383979,0.0108077665790915,-0.072796419262886,0.0265693385154008,-0.0233328007161617,0.0369361564517021,-0.033414039760828,0.0264138747006654,-0.0225451271981,0.0125865200534462,-0.0020502123516052,0.0022075560409575,0.0212292708456516,0.0130990371108055,0.0056999186053872,0.0080515295267105,-0.0066678030416369,-0.0028901784680783,0.0085584549233317,-0.0070153446868062,0.058569062501192,0.0041626985184848,-0.0240490231662988,0.0025682158302515,-0.03688196092844,-0.0176600273698568,-0.0260869152843952,0.0212560333311557,-0.0006868288619443,0.0391566306352615,-0.0020618373528122,-0.0056572407484054,-0.0022383104078471,0.0358496718108654,-0.0191544536501169,0.0079916445538401,-0.004398311022669,-0.024737361818552,-0.0348118245601654,0.0486851781606674,-0.0168436132371425,0.02738225646317,-0.0175047013908624,-0.0399579852819442,0.0435936897993087,-0.0100624226033687,-0.0065383329056203,0.0697846710681915,0.0319926887750625,0.043377261608839,0.0159432720392942,-0.0215990804135799,-0.0123801063746213,0.0568682476878166,-0.0079449284821748,-0.0359073467552661,0.016195049509406,-0.0332213975489139,0.0190893206745386,-0.0282915774732828,0.0094518484547734,0.0245261937379837,0.0260469652712345,-0.0033333390019834,-0.0263812858611345,-0.040511704981327,0.0011929054744541,-0.005302280653268,-0.0250212978571653,-0.0429634153842926,0.0666899383068084,0.0288896597921848,-0.0559737831354141,-0.0093103609979152,0.0055478448048233,-0.0317195579409599,0.0087930746376514,-0.0260162353515625,0.0471714623272419,0.0381498709321022,-0.024971418082714,-0.0288524311035871,0.0224305335432291,0.041666641831398,0.039456445723772,0.0027397233061492,-0.0231532715260982,0.0209790337830781,0.0108029367402195,0.0106007475405931,0.014277703128755,-0.041345939040184,0.0766485402501326,0.2875000832844363,0.1157242120418751,0.3300223734504135,0.0618072658225976,0.394428582661781,0.2203644420380799,0.4390112794011143,0.0933684177218721,0.7925034482766808,0.1777193078593444,0.8925796129324377,2019-02-28,2019-03-01,2019-03-04,2019-03-05,2019-03-06,2019-03-07,2019-03-08,2019-03-11,2019-03-12,2019-03-13,14466.0,2019-02-27,252.0,-0.6161%,0.0029,1.3361,1.3153,-1.6462,4.4478%,5.0000%,20.8700%,-0.011952,QURE,14466.0,2019-02-28,252.0,1.4278%,0.0029,1.3384,1.3173,-1.6471,4.4480%,4.9998%,20.8564%,0.0139409999999999,QURE,14466.0,2019-03-01,252.0,6.1493%,0.003,1.3522,1.3378,-1.6436,4.4542%,5.0126%,21.0411%,0.041358,QURE,14466.0,2019-03-04,252.0,3.6294%,0.0033,1.337,1.3414,-1.629,4.4645%,5.0146%,20.7367%,0.054996,QURE,14466.0,2019-03-05,252.0,0.2021%,0.0032,1.3303,1.2896,-1.6343,4.4607%,4.9999%,20.4060%,0.004452,QURE,14466.0,2019-03-06,252.0,-5.0244%,0.0031,1.3449,1.3384,-1.6111,4.4632%,5.0117%,20.6897%,-0.022257,QURE,14466.0,2019-03-07,252.0,8.2449%,0.0037,1.318,1.3757,-1.6363,4.4839%,5.0294%,20.5157%,0.089007,QURE,14466.0,2019-03-08,252.0,1.9941%,0.0037,1.3163,1.3696,-1.6388,4.4848%,5.0281%,20.4429%,0.019281,QURE,14466.0,2019-03-11,252.0,4.5353%,0.0038,1.3216,1.349,-1.6532,4.4821%,5.0326%,20.6818%,0.012198,QURE,14466.0,2019-03-12,252.0,0.4139%,0.004,1.3497,1.3433,-1.6233,4.4771%,5.0311%,20.8097%,0.0032,QURE,14466.0,2019-03-13,252.0,-0.8244%,0.0041,1.3435,1.3747,-1.6225,4.4736%,5.0290%,20.8667%,-0.011915,QURE,0.0019889999999999,0.043347,0.098343,0.080538,0.1923089999999999
12875,ULTRAGENYX PHARMACEUTICALS INC,Ultragenyx  Prices 5.07M Share Public Offering of Common Stock @$60/Share,6,decrease,0.75,0.6,"the pricing of a public offering typically dilutes existing shares, which can lead to a decrease in stock price.",0,2019-02-27,RARE,2019-02-27 09:09:00+00:00,14436.0,90400D10,0.0346285328269004,2885287.0,0.0078566940501332,-0.0293514374643564,0.0531650111079216,0.0593446865677833,-0.0223538428544998,0.0267765428870916,-0.0024228293914347,-0.037502072751522,-0.0446265749633312,0.0654813796281814,0.001271080924198,0.0028243572451174,-0.0038083414547145,0.0214569494128227,0.035043079406023,0.0125981122255325,0.0210833344608545,-0.0102999582886695,0.0239638891071081,0.0427737049758434,-0.031498372554779,0.0137536050751805,0.037537895143032,0.0307146590203046,0.001318353228271,-0.0318337455391883,0.0010239861439913,-0.0036087832413613,-0.0055530797690153,0.0237215869128704,0.0145480940118432,0.0174085274338722,-0.0635863170027732,0.02493916451931,0.0167053639888763,0.0096213147044181,0.0416856482625007,0.0153813725337386,-0.0169417802244424,-0.0125205377116799,0.0153023153543472,-0.0399999767541885,0.014925436116755,0.0267044249922037,0.009227211587131,0.0042665395885705,0.0375713892281055,-0.0377321653068065,0.0079857064411044,-0.0410573408007621,-0.027045426890254,0.034723587334156,0.0439421199262142,-0.0126412538811564,-0.0134480902925133,0.0197265297174453,-0.0184023790061473,0.0498257167637348,0.0155533272773027,-0.0012287809513509,-0.0225624777376651,-0.0141327874734997,0.0190262012183666,0.0585594736039638,-0.0079625789076089,0.0306167248636484,-0.0545253567397594,0.0179372895509004,-0.0528395883738994,0.0372092686593532,-0.0043269786983728,0.0785051733255386,0.0144342742860317,-0.0443432927131652,0.0371787063777446,-0.040478341281414,-0.0008850502781569,0.0384523682296276,0.0132879642769694,-0.0035697650164365,-0.0040798308327794,0.0067081642337143,-0.0128748686984181,0.0645244270563125,-0.021787479519844,0.0082283290103077,-0.0278787314891815,-0.0801797434687614,0.0151183530688285,-0.0201622880995273,0.043912187218666,-0.0204312764108181,-0.010883922688663,-0.0085528036579489,-0.0695910826325416,-0.0343403182923793,0.0142240589484572,-0.0274783987551927,-0.0159155111759901,0.003819229779765,0.0265812631696462,0.0310654565691947,-0.0544377118349075,-0.0401091948151588,0.0384361892938613,0.0205743480473756,-0.0014297085581347,-0.0758566409349441,0.0095449965447187,0.0009913373505696,-0.0319886356592178,-0.071599543094635,-0.0470454059541225,0.0122974412515759,0.0163990277796983,-0.0044518951326608,-0.0156302563846111,-0.0212418660521507,-0.0331227369606494,0.0330082923173904,0.0078566940501332,-0.0293514374643564,0.0614394063845016,0.0282513972467908,0.0377121566946088,0.0557844148838813,-0.0109993820565285,0.0827318544725819,0.0675676172397932,0.1590352078557528,0.1491200168766382,0.2596763390499184,-0.1101508268320358,0.153600873131964,2019-02-28,2019-03-01,2019-03-04,2019-03-05,2019-03-06,2019-03-07,2019-03-08,2019-03-11,2019-03-12,2019-03-13,14436.0,2019-02-27,252.0,3.4629%,0.001,1.887,1.505,-0.3855,2.6258%,3.4966%,43.6043%,0.029556,RARE,14436.0,2019-02-28,252.0,0.7857%,0.001,1.8847,1.5039,-0.3898,2.6268%,3.4926%,43.4343%,0.0123419999999999,RARE,14436.0,2019-03-01,252.0,5.3165%,0.0011,1.8962,1.521,-0.3871,2.6344%,3.5055%,43.5252%,0.033584,RARE,14436.0,2019-03-04,252.0,-2.2354%,0.001,1.906,1.4941,-0.3909,2.6318%,3.5081%,43.7198%,-0.00499,RARE,14436.0,2019-03-05,252.0,-0.2423%,0.001,1.9029,1.4729,-0.3943,2.6310%,3.4978%,43.4216%,0.004421,RARE,14436.0,2019-03-06,252.0,-4.4627%,0.0008,1.892,1.5087,-0.4017,2.6255%,3.4999%,43.7269%,-0.010016,RARE,14436.0,2019-03-07,252.0,0.1271%,0.0009,1.8897,1.528,-0.3994,2.6243%,3.4999%,43.7741%,0.016426,RARE,14436.0,2019-03-08,252.0,-0.3808%,0.001,1.8891,1.542,-0.401,2.6232%,3.5000%,43.8289%,-0.001184,RARE,14436.0,2019-03-11,252.0,3.5043%,0.001,1.8882,1.541,-0.4011,2.6232%,3.5064%,44.0340%,-0.0008309999999999,RARE,14436.0,2019-03-12,252.0,2.1083%,0.0011,1.8997,1.5299,-0.3925,2.6249%,3.5073%,43.9870%,0.020267,RARE,14436.0,2019-03-13,252.0,2.3964%,0.0012,1.9044,1.5287,-0.3876,2.6263%,3.5102%,44.0210%,0.016165,RARE,0.041898,0.075482,0.070492,0.064897,0.11574
12883,REGIONS FINANCIAL CORP NEW,Regions Financial Corp Sees FY19 Adj. Sales Growth 2%-4%,6,uncertain,0.6,0.3,"while a projected sales growth of 2%-4% may be viewed positively, the overall market conditions and investor sentiment could lead to mixed reactions, making the impact on stock price uncertain.",1,2019-02-27,RF,2019-02-27 14:48:00+00:00,35044.0,7591EP10,0.0228394400328397,21573864.0,-0.0102595100179314,-0.0103848548606038,-0.0054878140799701,0.0080049922689795,-0.0091967890039086,-0.0006153986905701,-0.0030940121505409,-0.0067237536422908,-0.0211049132049083,0.0136308073997497,-0.0133164469152689,0.0087499618530273,0.0032425546087324,0.0315925069153308,0.0064640869386494,-0.0051314895972609,0.0032113161869347,0.00775694148615,0.012163926847279,0.0071614980697631,-0.0012650510761886,-0.0051813423633575,-0.0031665731221437,-0.0045132590457797,0.0146124837920069,0.0064893173985183,-0.0212899278849363,0.0,-0.0428662858903408,-0.0038785014767199,-0.0354277901351451,0.0091324429959058,-0.0623700991272926,0.0105471219867467,0.0,-0.0168503057211637,0.0295639745891094,-0.0064391135238111,0.0028714975342154,-0.0095663629472255,0.0143163781613111,0.0019169768784195,-0.0014114648802205,0.0090263951569795,0.0367491506040096,0.0091086756438016,0.0115882800891995,-0.0141116268932819,0.002021545311436,-0.0070063476450741,0.0154674174264073,0.0057655447162687,0.0026490041054785,0.0136363664641976,0.0066049820743501,0.0191925857216119,-0.0157480165362358,0.0100267129018902,0.0079999919980764,0.0121786408126354,0.005952391307801,0.0047586467117071,0.0256410483270883,0.0006802876596339,-0.0217948816716671,0.0110041163861751,0.0196592528373003,0.0104238791391253,0.0128534575924277,0.0169611815363168,-0.0323604196310043,0.0366300381720066,-0.0006557527231052,-0.0014630912337452,0.0085301911458373,0.0216741375625133,0.0006506330100819,0.002247171010822,0.0058517656289041,-0.0007484487723559,0.0051712943241,-0.0022405292838811,0.0083601363003253,0.0652347356081008,-0.0095663629472255,-0.0225505419075489,-0.0231809187680482,-0.0038729815278202,0.0171391051262617,0.0054516894742846,0.009721296839416,-0.0294784121215343,-0.0121950954198837,-0.0119492756202817,-0.0181936770677566,-0.0059391180984675,-0.0105890044942498,-0.0224963333457708,-0.0013377595460042,-0.0336606241762638,0.0080375000834465,0.0070621739141643,-0.0471760816872119,-0.0159833561629056,0.0139469876885414,-0.0342281386256218,-0.0151306921616196,-0.0261438284069299,0.0139665342867374,-0.0096215493977069,-0.0082645202055573,-0.0625375285744667,0.0048611564561724,0.0109421517699956,0.0062197754159569,0.0148057797923684,-0.0103022372350096,-0.0133902141824364,-0.0235947370529174,0.0104551091790199,-0.0102595100179314,-0.0103848548606038,-0.0156910218143715,-0.0024629932744978,-0.0247435038013976,-0.0030768762422319,-0.048279979819971,0.0037175571710104,-0.0372032848500394,0.0546875741993806,-0.0792229053343491,0.0960758515922441,-0.1431657728555357,0.0054265554170587,2019-02-28,2019-03-01,2019-03-04,2019-03-05,2019-03-06,2019-03-07,2019-03-08,2019-03-11,2019-03-12,2019-03-13,35044.0,2019-02-27,252.0,2.2839%,-0.0,1.2825,0.4752,1.518,0.9818%,1.6088%,62.7613%,0.022511,RF,35044.0,2019-02-28,252.0,-1.0260%,-0.0001,1.287,0.4782,1.5219,0.9808%,1.6091%,62.8475%,-0.002684,RF,35044.0,2019-03-01,252.0,-0.5488%,-0.0001,1.2912,0.4844,1.533,0.9807%,1.6081%,62.8130%,-0.010144,RF,35044.0,2019-03-04,252.0,-0.9197%,-0.0002,1.2935,0.4826,1.531,0.9813%,1.6084%,62.7786%,-0.006614,RF,35044.0,2019-03-05,252.0,-0.3094%,-0.0002,1.2919,0.4731,1.5283,0.9814%,1.6069%,62.7018%,0.0041849999999999,RF,35044.0,2019-03-06,252.0,-2.1105%,-0.0002,1.2951,0.4819,1.5332,0.9817%,1.6099%,62.8138%,-0.004994,RF,35044.0,2019-03-07,252.0,-1.3316%,-0.0002,1.294,0.4817,1.5316,0.9819%,1.6106%,62.8379%,0.002611,RF,35044.0,2019-03-08,252.0,0.3243%,-0.0001,1.2929,0.4808,1.5299,0.9833%,1.6108%,62.7367%,0.008362,RF,35044.0,2019-03-11,252.0,0.6464%,-0.0002,1.2894,0.4799,1.5311,0.9841%,1.6115%,62.7085%,-0.006665,RF,35044.0,2019-03-12,252.0,0.3211%,-0.0001,1.2958,0.4774,1.5374,0.9831%,1.6074%,62.5922%,0.002466,RF,35044.0,2019-03-13,252.0,1.2164%,-0.0001,1.2967,0.4828,1.5397,0.9817%,1.6085%,62.7550%,0.00356,RF,0.019827,0.009683,0.003069,0.00226,0.012594
12891,STURM RUGER & CO INC,'House passes bill to require universal background checks on gun sales -POLITICO,6,decrease,0.7,0.6,"the passage of a bill requiring universal background checks may lead to increased regulation on gun sales, which could negatively impact the sales and profitability of gun manufacturers like sturm ruger & co inc.",0,2019-02-27,RGR,2019-02-27 20:54:00+00:00,73219.0,86415910,0.0048375739715993,125520.0,-0.0208046603947877,-0.0159809347242116,0.0098331440240144,-0.0064189368858933,-0.0638149604201316,0.0247533377259969,-0.0295319501310586,-0.0300537422299385,-0.0118660079315304,0.0086367847397923,0.000581033877097,0.0010170801542699,-0.0106465201824903,0.0209415536373853,-0.0095871975645422,0.00714658992365,0.0033583955373615,0.0026214208919554,-0.004528441466391,0.0156194726005196,-0.0053402502089738,0.0066106650047004,0.006798643618822,-0.0051545877940952,0.0186693631112575,-0.0154007887467742,0.0066289752721786,0.0007005414227023,-0.0129769891500473,0.0395047925412654,0.0208006557077169,0.017787642776966,-0.02345254085958,-0.0093612028285861,0.0153543818742036,0.0213723164051771,0.0094997640699148,-0.0011236212449148,0.0186287928372621,-0.0136682279407978,0.0,-0.0012912690872326,-0.0003770825278479,0.0048192460089921,-0.0024519250728189,-0.0259974487125873,-0.0068065915256738,0.0027153820265084,0.0140872206538915,-0.0130426930263638,0.0099492920562624,-0.0070959324948489,0.011524143628776,0.0100340005010366,0.0235208123922348,0.0081286262720823,-0.0274686273187398,-0.0075295479036867,0.000369216519175,0.003056971123442,0.0042443173006176,0.0138560105115175,0.0003675203770399,0.0018264561658725,0.0042248265817761,0.0021965757478028,0.0023779233451932,0.0137317068874836,-0.0105839055031538,0.0192926134914159,0.0088528133928775,0.0045600961893796,-0.0168190486729145,-0.0253703501075506,0.0135738113895058,0.0146561209112405,0.0286186281591653,0.0123644955456256,0.0085607198998332,0.0076672714203596,0.0148541145026683,-0.0021040667779743,-0.0132426964119076,0.0342235341668129,-0.0113014196977019,-0.007461242377758,-0.0126808872446417,-0.0287947822362184,0.008321326225996,-0.0020932562183588,0.000179374255822,-0.0138863138854503,-0.0025111997965723,0.0045240656472742,-0.0196007937192916,-0.0009416052489541,-0.069332331418991,0.0079726306721568,0.0070949308574199,-0.0195421408861875,0.0111545929685235,0.0133911557495594,0.0029030682053416,0.0074102105572819,0.0274025853723287,-0.0030308740679174,0.0009391291532665,-0.0058379955589771,-1.7336684976498873e-08,0.0245031174272298,-0.0209434069693088,-0.0396516472101211,-0.0061668856069445,0.0067151761613786,0.0017452036263421,0.0107466001063585,0.0077429641969501,-0.0356363467872142,0.0032654276583343,-0.0005451350007206,-0.0208046603947877,-0.0159809347242116,-0.0111760915928059,-0.0222972909987327,-0.0742778501702909,0.0019041143527978,-0.1122764594683168,-0.0198136854223511,-0.1306739782693692,0.0273340617915711,-0.0630432938393831,0.0408200076138036,-0.0919907817311057,0.0517899799236234,2019-02-28,2019-03-01,2019-03-04,2019-03-05,2019-03-06,2019-03-07,2019-03-08,2019-03-11,2019-03-12,2019-03-13,73219.0,2019-02-27,252.0,0.4838%,0.0008,0.5646,0.8545,0.3424,1.6505%,1.7878%,14.7761%,0.002989,RGR,73219.0,2019-02-28,252.0,-2.0805%,0.001,0.5429,0.8389,0.3312,1.6272%,1.7575%,14.2824%,-0.018469,RGR,73219.0,2019-03-01,252.0,0.9833%,0.0012,0.5091,0.7886,0.2771,1.5870%,1.7062%,13.4877%,0.004726,RGR,73219.0,2019-03-04,252.0,-6.3815%,0.0008,0.5386,0.7452,0.2572,1.6039%,1.7275%,13.8007%,-0.059184,RGR,73219.0,2019-03-05,252.0,-2.9532%,0.0005,0.5336,0.6894,0.2634,1.5911%,1.7064%,13.0516%,-0.025779,RGR,73219.0,2019-03-06,252.0,-1.1866%,0.0004,0.5158,0.7032,0.2452,1.5775%,1.6927%,13.1444%,0.001108,RGR,73219.0,2019-03-07,252.0,0.0581%,0.0003,0.5091,0.681,0.2299,1.5742%,1.6859%,12.8090%,0.006022,RGR,73219.0,2019-03-08,252.0,-1.0647%,0.0003,0.5103,0.6829,0.2318,1.5754%,1.6872%,12.8152%,-0.009566,RGR,73219.0,2019-03-11,252.0,-0.9587%,0.0002,0.5003,0.6837,0.2374,1.5786%,1.6877%,12.5094%,-0.018534,RGR,73219.0,2019-03-12,252.0,0.3358%,0.0003,0.5172,0.6784,0.2546,1.5739%,1.6861%,12.8666%,0.004122,RGR,73219.0,2019-03-13,252.0,-0.4528%,0.0003,0.515,0.6841,0.2535,1.5742%,1.6864%,12.8556%,-0.006168,RGR,-0.0154799999999999,-0.010754,-0.069938,-0.094609,-0.118733
12899,RIO TINTO PLC,Goldman Sachs Downgrades Rio Tinto to Neutral,6,decrease,0.8,0.6,"a downgrade from a major financial institution like goldman sachs typically signals reduced confidence in the stock's future performance, which can lead to a decrease in its stock price.",0,2019-02-27,RIO,2019-02-27 17:08:00+00:00,76221.0,76720410,-0.0047618839889764,4280372.0,-0.005468210671097,0.0017035515047609,0.0027491382788866,-0.0022097749169915,0.0051404940895736,0.0139607265591621,0.0044322931207716,-0.0070169405080378,0.004582492634654,0.0103752110153436,-0.0037167922127991,0.0118985176086425,-0.0014614874962717,0.0154584711417555,0.0113428272306919,-0.000710243533831,0.000723605568055,0.0071531031280756,0.0128344018012285,0.0025098493788391,-0.0005354056484065,-0.004461895674467,-0.0003571510314941,-0.0042651798576116,0.0180421955883503,-0.0065324669703841,-0.0082470821216702,0.0072914785705506,0.0023000896908342,-0.0089884055778384,0.0031774104572832,0.0137573778629303,-0.0121415173634886,-0.0053314240649342,0.0144282402470707,0.0201232880353927,0.014749783091247,0.0137842306867241,-0.0022495426237583,0.0326437912881374,0.006243506912142,0.0082280961796641,0.0143053773790597,0.047924593091011,0.0169923547655344,-0.0010015873704105,0.0188805535435676,-0.0077520012855529,0.0006559678004123,-0.0257551912218332,0.0003277688811067,-0.0003871555963996,0.0004914610181003,0.0151306828483939,0.0211233161389827,0.0039455667138099,-0.0075369020923972,0.0027695230673998,0.0082404613494873,0.0007919405470602,-0.0054487204179167,-0.0015813764184713,0.0116016333922743,-0.0049173878505826,-0.005097160115838,0.0107356049120426,-0.0339417047798633,0.0122761242091655,0.0019887129310518,0.0089339818805456,0.0051273796707391,0.0557341575622558,0.0016455237055197,-0.0147834625095129,-0.0044356901198625,-0.023308603093028,-0.0193069018423557,0.0056005073711276,-0.0015143891796469,-0.0020700120367109,-0.0006740969838574,-0.0160895548760891,-0.0001686057657934,0.0365209951996803,-0.006577827502042,-0.0081658167764544,-0.0162988603115081,0.0004188655584584,-0.0086296172812581,0.0099429069086909,0.0257660094648599,-0.0104668196290731,-0.0142565574496984,0.0129347033798694,0.0036156866699457,0.0102827660739421,-0.0106365196406841,-0.0213836561888456,0.0012138636084273,0.014893633313477,0.0195704400539398,0.0153380660340189,-0.0290470384061336,0.0216287691146135,0.0227431636303663,-0.014357185922563,-0.0029079399537295,-0.008840013295412,0.0255618095397949,-0.0211059506982564,0.0030110457446426,-0.0092011420056223,-0.0036690696142613,0.0226689781993627,0.0003347278689034,-0.0057410262525081,-0.0051873754709959,-0.0152847478166222,-0.0114381881430745,0.0310880541801452,-0.005468210671097,0.0017035515047609,-0.0027341052594832,-0.0005099878776155,0.0023923341781637,0.0134436188802387,0.0114490458548228,0.016773255732341,0.0314368094605372,0.0541412783285943,0.1486999812480565,0.1641259384671036,0.0818765509294605,0.269430047547875,2019-02-28,2019-03-01,2019-03-04,2019-03-05,2019-03-06,2019-03-07,2019-03-08,2019-03-11,2019-03-12,2019-03-13,76221.0,2019-02-27,252.0,-0.4762%,0.0004,0.9533,0.1058,0.4498,1.3674%,1.6507%,31.3796%,-0.005377,RIO,76221.0,2019-02-28,252.0,-0.5468%,0.0005,0.9463,0.101,0.4452,1.3647%,1.6432%,31.0255%,-0.00151,RIO,76221.0,2019-03-01,252.0,0.2749%,0.0006,0.933,0.0811,0.4259,1.3584%,1.6299%,30.5430%,-0.002667,RIO,76221.0,2019-03-04,252.0,0.5140%,0.0006,0.9342,0.0697,0.4273,1.3590%,1.6298%,30.4701%,0.008565,RIO,76221.0,2019-03-05,252.0,0.4432%,0.0007,0.9395,0.1148,0.4286,1.3479%,1.6236%,31.0833%,0.0071719999999999,RIO,76221.0,2019-03-06,252.0,0.4582%,0.0007,0.9322,0.0899,0.4169,1.3501%,1.6213%,30.6610%,0.013659,RIO,76221.0,2019-03-07,252.0,-0.3717%,0.0007,0.9268,0.0724,0.4049,1.3477%,1.6176%,30.5854%,0.0052759999999999,RIO,76221.0,2019-03-08,252.0,-0.1461%,0.0007,0.926,0.0851,0.4029,1.3457%,1.6159%,30.6381%,0.00114,RIO,76221.0,2019-03-11,252.0,1.1343%,0.0008,0.9258,0.0699,0.3943,1.3421%,1.6148%,30.9248%,-0.000756,RIO,76221.0,2019-03-12,252.0,0.0724%,0.0009,0.9379,0.0682,0.4075,1.3390%,1.6148%,31.2378%,-0.00117,RIO,76221.0,2019-03-13,252.0,1.2834%,0.0009,0.9398,0.0637,0.4085,1.3393%,1.6165%,31.3530%,0.006259,RIO,-0.006887,-0.009554,-0.000989,0.019842,0.0305909999999999
12907,RED ROBIN GOURMET BURGERS INC,"UPDATE: Morgan Stanley Lowers Red Robin Gourmet Burgers Target, Maintains Equal-weight As Firm Notes 'Different product/marketing tactics and operational improvements aim to lift traffic in 19, with the latter critical but harder to assess ex ante'",6,uncertain,0.6,0.3,"while the target price was lowered, the mention of operational improvements and marketing tactics suggests potential for future growth, leading to uncertainty in the stock's immediate reaction.",1,2019-02-27,RRGB,2019-02-27 14:07:00+00:00,89453.0,75689M10,-0.0047217332758009,727295.0,0.0304981227964162,-0.0326264277100563,0.0305820554494857,-0.0346456803381443,-0.0488194227218627,-0.0598164163529872,-0.010734642855823,0.0311450529843568,-0.0498473830521106,-0.0084771057590842,-0.0007137922220863,-0.0030184811912477,-0.013571398332715,-0.0048062433488667,0.0206372085958719,0.0087879067286849,0.0120610194280743,-0.0009082282776944,0.0021030306816101,0.0024278608616441,0.0034977397881448,0.0141581734642386,0.0055768508464097,0.0108899278566241,0.0152513179928064,-0.0043370318599045,0.0037555035669356,0.0024844103027135,-0.0704081505537033,0.0065645826980471,0.0109769208356738,0.0078764967620372,0.0343829467892646,-0.0075046834535896,0.0174947511404752,-0.016605194658041,0.0003438868152443,-0.0178193934261798,0.0048126294277608,-0.0163398459553718,0.0092371013015508,0.000892024312634,-0.0233898479491472,0.0246801152825355,0.0006942193140275,-0.0024316664785146,-0.0107526695355773,0.0138675114139914,-0.0105189736932516,-0.018154265359044,-0.0262225288897752,-0.0089954799041152,0.0793304368853569,0.0248923636972904,0.0266352295875549,0.0115014845505356,-0.0712643712759018,0.0046845003962516,0.0021216217428445,-0.0068238587118685,0.0483415275812149,0.0040486161597073,0.0168293509632349,-0.0095619242638349,0.0039722225628793,0.0233585182577371,-0.0141773922368884,0.0524916909635067,-0.0093645080924034,0.0429660342633724,0.00776500813663,0.0610294044017791,-0.013735338114202,0.016062768176198,0.0268342047929763,0.0018713003955781,0.0049619455821812,0.0,0.0118499221280217,-0.0044709700159728,0.0364346392452716,-0.0059259203262627,0.0134965563192963,0.0332950949668884,-0.0080520948395133,-0.0375690795481205,0.0084296120330691,-0.0443505905568599,0.0092879021540284,-0.0570859387516975,0.0377301648259162,-0.0318123921751976,-0.0023648189380764,0.0345744974911212,0.0011852122843265,-0.0426479987800121,0.0002958958502858,-0.0484554916620254,0.0286982618272304,-0.0060204924084246,-0.013229769654572,0.0743855461478233,-0.0323521010577678,-0.0080205323174595,0.0102409683167934,-0.0191944800317287,-0.013416837900877,-0.0310975182801485,0.0181323196738958,-0.0170812029391527,-0.00089043576736,-0.0299419350922107,0.0187166091054678,-0.0083596743643283,0.0110818678513169,0.0014433959731832,-0.0320160612463951,-0.0091533092781901,-0.0753873810172081,0.0189448464661836,0.0304981227964162,-0.0326264277100563,0.0620128735283673,-0.0661417432631824,0.0101660181195257,-0.1220017975628268,-0.0504913521333246,-0.1023311896507465,-0.031175875574949,-0.100151774338498,-0.0396475746531184,-0.0803350441141782,0.0515079811247818,-0.1358205075461739,2019-02-28,2019-03-01,2019-03-04,2019-03-05,2019-03-06,2019-03-07,2019-03-08,2019-03-11,2019-03-12,2019-03-13,89453.0,2019-02-27,252.0,-0.4722%,-0.0019,0.9222,1.3143,0.9123,2.6209%,2.8290%,14.1661%,-0.007104,RRGB,89453.0,2019-02-28,252.0,3.0498%,-0.0018,0.9205,1.3143,0.9023,2.6305%,2.8363%,13.9851%,0.035275,RRGB,89453.0,2019-03-01,252.0,3.0582%,-0.0018,0.9428,1.3476,0.9251,2.6294%,2.8430%,14.4608%,0.023663,RRGB,89453.0,2019-03-04,252.0,-4.8819%,-0.002,0.9554,1.342,0.9136,2.6396%,2.8560%,14.5801%,-0.042225,RRGB,89453.0,2019-03-05,252.0,-1.0735%,-0.0021,0.95,1.2995,0.91,2.6350%,2.8440%,14.1537%,-0.002848,RRGB,89453.0,2019-03-06,252.0,-4.9847%,-0.0022,0.9536,1.3539,0.9214,2.6381%,2.8572%,14.7493%,-0.025948,RRGB,89453.0,2019-03-07,252.0,-0.0714%,-0.0022,0.9444,1.3347,0.9037,2.6382%,2.8522%,14.4466%,0.011004,RRGB,89453.0,2019-03-08,252.0,-1.3571%,-0.0024,0.947,1.3106,0.9092,2.6352%,2.8472%,14.3428%,-0.0107149999999999,RRGB,89453.0,2019-03-11,252.0,2.0637%,-0.0024,0.9511,1.3269,0.9164,2.6344%,2.8506%,14.5959%,0.0064459999999999,RRGB,89453.0,2019-03-12,252.0,1.2061%,-0.0022,0.9644,1.3167,0.9274,2.6349%,2.8521%,14.6516%,0.0140419999999999,RRGB,89453.0,2019-03-13,252.0,0.2103%,-0.0023,0.9653,1.3023,0.925,2.6324%,2.8485%,14.5980%,-0.001073,RRGB,0.028171,0.051834,0.009609,-0.0191869999999999,0.000517
12915,RED ROBIN GOURMET BURGERS INC,"Morgan Stanley Maintains Equal-Weight on Red Robin Gourmet Burgers, Lowers Price Target to $33",6,decrease,0.8,0.6,"lowering the price target typically signals a less favorable outlook, which can lead to a decrease in stock price.",0,2019-02-27,RRGB,2019-02-27 14:02:00+00:00,89453.0,75689M10,-0.0047217332758009,727295.0,0.0304981227964162,-0.0326264277100563,0.0305820554494857,-0.0346456803381443,-0.0488194227218627,-0.0598164163529872,-0.010734642855823,0.0311450529843568,-0.0498473830521106,-0.0084771057590842,-0.0007137922220863,-0.0030184811912477,-0.013571398332715,-0.0048062433488667,0.0206372085958719,0.0087879067286849,0.0120610194280743,-0.0009082282776944,0.0021030306816101,0.0024278608616441,0.0034977397881448,0.0141581734642386,0.0055768508464097,0.0108899278566241,0.0152513179928064,-0.0043370318599045,0.0037555035669356,0.0024844103027135,-0.0704081505537033,0.0065645826980471,0.0109769208356738,0.0078764967620372,0.0343829467892646,-0.0075046834535896,0.0174947511404752,-0.016605194658041,0.0003438868152443,-0.0178193934261798,0.0048126294277608,-0.0163398459553718,0.0092371013015508,0.000892024312634,-0.0233898479491472,0.0246801152825355,0.0006942193140275,-0.0024316664785146,-0.0107526695355773,0.0138675114139914,-0.0105189736932516,-0.018154265359044,-0.0262225288897752,-0.0089954799041152,0.0793304368853569,0.0248923636972904,0.0266352295875549,0.0115014845505356,-0.0712643712759018,0.0046845003962516,0.0021216217428445,-0.0068238587118685,0.0483415275812149,0.0040486161597073,0.0168293509632349,-0.0095619242638349,0.0039722225628793,0.0233585182577371,-0.0141773922368884,0.0524916909635067,-0.0093645080924034,0.0429660342633724,0.00776500813663,0.0610294044017791,-0.013735338114202,0.016062768176198,0.0268342047929763,0.0018713003955781,0.0049619455821812,0.0,0.0118499221280217,-0.0044709700159728,0.0364346392452716,-0.0059259203262627,0.0134965563192963,0.0332950949668884,-0.0080520948395133,-0.0375690795481205,0.0084296120330691,-0.0443505905568599,0.0092879021540284,-0.0570859387516975,0.0377301648259162,-0.0318123921751976,-0.0023648189380764,0.0345744974911212,0.0011852122843265,-0.0426479987800121,0.0002958958502858,-0.0484554916620254,0.0286982618272304,-0.0060204924084246,-0.013229769654572,0.0743855461478233,-0.0323521010577678,-0.0080205323174595,0.0102409683167934,-0.0191944800317287,-0.013416837900877,-0.0310975182801485,0.0181323196738958,-0.0170812029391527,-0.00089043576736,-0.0299419350922107,0.0187166091054678,-0.0083596743643283,0.0110818678513169,0.0014433959731832,-0.0320160612463951,-0.0091533092781901,-0.0753873810172081,0.0189448464661836,0.0304981227964162,-0.0326264277100563,0.0620128735283673,-0.0661417432631824,0.0101660181195257,-0.1220017975628268,-0.0504913521333246,-0.1023311896507465,-0.031175875574949,-0.100151774338498,-0.0396475746531184,-0.0803350441141782,0.0515079811247818,-0.1358205075461739,2019-02-28,2019-03-01,2019-03-04,2019-03-05,2019-03-06,2019-03-07,2019-03-08,2019-03-11,2019-03-12,2019-03-13,89453.0,2019-02-27,252.0,-0.4722%,-0.0019,0.9222,1.3143,0.9123,2.6209%,2.8290%,14.1661%,-0.007104,RRGB,89453.0,2019-02-28,252.0,3.0498%,-0.0018,0.9205,1.3143,0.9023,2.6305%,2.8363%,13.9851%,0.035275,RRGB,89453.0,2019-03-01,252.0,3.0582%,-0.0018,0.9428,1.3476,0.9251,2.6294%,2.8430%,14.4608%,0.023663,RRGB,89453.0,2019-03-04,252.0,-4.8819%,-0.002,0.9554,1.342,0.9136,2.6396%,2.8560%,14.5801%,-0.042225,RRGB,89453.0,2019-03-05,252.0,-1.0735%,-0.0021,0.95,1.2995,0.91,2.6350%,2.8440%,14.1537%,-0.002848,RRGB,89453.0,2019-03-06,252.0,-4.9847%,-0.0022,0.9536,1.3539,0.9214,2.6381%,2.8572%,14.7493%,-0.025948,RRGB,89453.0,2019-03-07,252.0,-0.0714%,-0.0022,0.9444,1.3347,0.9037,2.6382%,2.8522%,14.4466%,0.011004,RRGB,89453.0,2019-03-08,252.0,-1.3571%,-0.0024,0.947,1.3106,0.9092,2.6352%,2.8472%,14.3428%,-0.0107149999999999,RRGB,89453.0,2019-03-11,252.0,2.0637%,-0.0024,0.9511,1.3269,0.9164,2.6344%,2.8506%,14.5959%,0.0064459999999999,RRGB,89453.0,2019-03-12,252.0,1.2061%,-0.0022,0.9644,1.3167,0.9274,2.6349%,2.8521%,14.6516%,0.0140419999999999,RRGB,89453.0,2019-03-13,252.0,0.2103%,-0.0023,0.9653,1.3023,0.925,2.6324%,2.8485%,14.5980%,-0.001073,RRGB,0.028171,0.051834,0.009609,-0.0191869999999999,0.000517
12923,SINCLAIR INC,Sinclair Broadcast Group Sees Q1 Media Revenues $667M-$673M,6,increase,0.7,0.6,"the reported media revenues for q1 suggest strong financial performance, which is likely to positively influence investor sentiment and increase the stock price.",2,2019-02-27,SBGI,2019-02-27 12:37:00+00:00,81740.0,82924210,0.0615666061639785,2567738.0,0.0364627204835414,0.0045928210020065,0.0174515545368194,-0.0066910344175994,0.0002723151701502,-0.0006079166196286,0.0362002700567245,-0.0087374849244952,0.0034147903788834,0.0106576876714825,-0.035863846540451,-0.0108433915302157,0.0051587796770036,0.0048426100984215,0.0312330666929483,0.013497008010745,0.0118513805791735,0.0149439461529254,0.0059865531511604,0.011334971524775,-0.002846070099622,0.0124322399497032,0.019979253411293,0.001596460584551,-0.0206054784357547,-0.0110514806583523,-0.0072726956568658,0.0085987411439418,-0.025117814540863,-0.002858055057004,0.0359635055065155,0.0109149329364299,-0.0207253694534301,0.0110353836789727,0.0050265197642147,0.0003246827691327,0.0073703280650079,-0.0112359672784805,0.0023517154622823,0.0061369682662189,-0.0018248095875605,-0.002255932893604,0.0049620950594544,0.0100911911576986,0.0207900013774633,0.0055646509863436,0.0048371297307312,0.0334911979734897,0.0491512194275856,-0.0289093647152185,0.023907309398055,0.012304650619626,0.0099056167528033,0.0066956426016986,-0.0072396397590637,-0.0043333051726222,0.0051752817817032,0.0111223431304097,0.0217645764350891,-0.0033590991515666,0.0100778434425592,-0.0132581908255815,-0.0136054083704948,0.0093677043914794,0.0163218174129724,0.0013400003081187,0.0174168851226568,0.0514265932142734,0.0091151585802435,0.0157423466444015,-0.0193875543773174,0.0367211326956749,-0.0233654715120792,-0.0025897743180394,0.0213940721005201,0.0261959191411733,0.0060810050927102,-0.0045351074077188,-0.0094022424891591,-0.0011325287632644,0.0192090049386024,-0.0048835859633982,0.0126385744661092,0.0555115602910518,0.0026276055723428,-0.0258787218481302,-0.0087355645373463,-0.0274230446666479,-0.0367922037839889,-0.027402264997363,0.0281335655599832,-0.0047272420488297,0.3454949557781219,-0.0043447078205645,0.0071097933687269,-0.0264363754540681,0.0003283608239144,-0.0132173625752329,0.0041030691936612,-0.0400668010115623,0.0102975005283951,-0.0115511054173111,-0.0616405308246612,0.0079840244725346,-0.0187931060791015,-0.0195694845169782,0.0070286686532199,-0.0061588501557707,0.0054091354832053,-0.0012948854127898,-0.0123220942914485,-0.0252445917576551,-0.0089614884927868,0.0076311533339321,0.0033687697723507,0.0067221829667687,-0.0335748642683029,0.0171465519815683,-0.0027426900342106,-0.0022595124319195,0.0364627204835414,0.0045928210020065,0.0545506061754403,-0.0021289441389912,0.054837776303193,-0.0027355665380955,0.096755633739975,-0.000913483279103,0.115703119364251,0.0330604883368035,0.26032590394815,0.1021162540882647,0.5743970701058478,0.065850645451795,2019-02-28,2019-03-01,2019-03-04,2019-03-05,2019-03-06,2019-03-07,2019-03-08,2019-03-11,2019-03-12,2019-03-13,81740.0,2019-02-27,252.0,6.1567%,0.0001,0.9878,0.9359,0.5119,1.9252%,2.1977%,23.2572%,0.059444,SBGI,81740.0,2019-02-28,252.0,3.6463%,0.0003,0.9782,0.9306,0.4954,1.9419%,2.2070%,22.5834%,0.040518,SBGI,81740.0,2019-03-01,252.0,1.7452%,0.0005,0.9518,0.8914,0.4503,1.9202%,2.1736%,21.9635%,0.009602,SBGI,81740.0,2019-03-04,252.0,0.0272%,0.0005,0.946,0.9047,0.4531,1.9194%,2.1720%,21.9100%,0.006941,SBGI,81740.0,2019-03-05,252.0,3.6200%,0.0006,0.9317,0.8202,0.4277,1.9250%,2.1624%,20.7502%,0.041611,SBGI,81740.0,2019-03-06,252.0,0.3415%,0.0008,0.9422,0.7612,0.4315,1.9161%,2.1553%,20.9675%,0.021314,SBGI,81740.0,2019-03-07,252.0,-3.5864%,0.0008,0.9585,0.7882,0.4609,1.9210%,2.1673%,21.4371%,-0.026271,SBGI,81740.0,2019-03-08,252.0,0.5159%,0.0008,0.9568,0.8009,0.4575,1.9201%,2.1671%,21.4930%,0.007567,SBGI,81740.0,2019-03-11,252.0,3.1233%,0.0009,0.9651,0.7999,0.4527,1.9218%,2.1746%,21.8957%,0.016383,SBGI,81740.0,2019-03-12,252.0,1.1851%,0.001,0.9674,0.7945,0.453,1.9231%,2.1738%,21.7416%,0.011951,SBGI,81740.0,2019-03-13,252.0,0.5987%,0.001,0.9676,0.7924,0.4528,1.9230%,2.1738%,21.7463%,0.001498,SBGI,0.099962,0.109564,0.116505,0.17943,0.190558
12931,SINCLAIR INC,"Sinclair Broadcast Group Q4 EPS $2.10 Beats $2.01 Estimate, Sales $839.3M Miss $879.99M Estimate",6,uncertain,0.6,0.3,"while the earnings per share (eps) beat estimates, the significant miss in sales could lead to mixed investor reactions, making the overall impact on the stock price uncertain.",1,2019-02-27,SBGI,2019-02-27 12:37:00+00:00,81740.0,82924210,0.0615666061639785,2567738.0,0.0364627204835414,0.0045928210020065,0.0174515545368194,-0.0066910344175994,0.0002723151701502,-0.0006079166196286,0.0362002700567245,-0.0087374849244952,0.0034147903788834,0.0106576876714825,-0.035863846540451,-0.0108433915302157,0.0051587796770036,0.0048426100984215,0.0312330666929483,0.013497008010745,0.0118513805791735,0.0149439461529254,0.0059865531511604,0.011334971524775,-0.002846070099622,0.0124322399497032,0.019979253411293,0.001596460584551,-0.0206054784357547,-0.0110514806583523,-0.0072726956568658,0.0085987411439418,-0.025117814540863,-0.002858055057004,0.0359635055065155,0.0109149329364299,-0.0207253694534301,0.0110353836789727,0.0050265197642147,0.0003246827691327,0.0073703280650079,-0.0112359672784805,0.0023517154622823,0.0061369682662189,-0.0018248095875605,-0.002255932893604,0.0049620950594544,0.0100911911576986,0.0207900013774633,0.0055646509863436,0.0048371297307312,0.0334911979734897,0.0491512194275856,-0.0289093647152185,0.023907309398055,0.012304650619626,0.0099056167528033,0.0066956426016986,-0.0072396397590637,-0.0043333051726222,0.0051752817817032,0.0111223431304097,0.0217645764350891,-0.0033590991515666,0.0100778434425592,-0.0132581908255815,-0.0136054083704948,0.0093677043914794,0.0163218174129724,0.0013400003081187,0.0174168851226568,0.0514265932142734,0.0091151585802435,0.0157423466444015,-0.0193875543773174,0.0367211326956749,-0.0233654715120792,-0.0025897743180394,0.0213940721005201,0.0261959191411733,0.0060810050927102,-0.0045351074077188,-0.0094022424891591,-0.0011325287632644,0.0192090049386024,-0.0048835859633982,0.0126385744661092,0.0555115602910518,0.0026276055723428,-0.0258787218481302,-0.0087355645373463,-0.0274230446666479,-0.0367922037839889,-0.027402264997363,0.0281335655599832,-0.0047272420488297,0.3454949557781219,-0.0043447078205645,0.0071097933687269,-0.0264363754540681,0.0003283608239144,-0.0132173625752329,0.0041030691936612,-0.0400668010115623,0.0102975005283951,-0.0115511054173111,-0.0616405308246612,0.0079840244725346,-0.0187931060791015,-0.0195694845169782,0.0070286686532199,-0.0061588501557707,0.0054091354832053,-0.0012948854127898,-0.0123220942914485,-0.0252445917576551,-0.0089614884927868,0.0076311533339321,0.0033687697723507,0.0067221829667687,-0.0335748642683029,0.0171465519815683,-0.0027426900342106,-0.0022595124319195,0.0364627204835414,0.0045928210020065,0.0545506061754403,-0.0021289441389912,0.054837776303193,-0.0027355665380955,0.096755633739975,-0.000913483279103,0.115703119364251,0.0330604883368035,0.26032590394815,0.1021162540882647,0.5743970701058478,0.065850645451795,2019-02-28,2019-03-01,2019-03-04,2019-03-05,2019-03-06,2019-03-07,2019-03-08,2019-03-11,2019-03-12,2019-03-13,81740.0,2019-02-27,252.0,6.1567%,0.0001,0.9878,0.9359,0.5119,1.9252%,2.1977%,23.2572%,0.059444,SBGI,81740.0,2019-02-28,252.0,3.6463%,0.0003,0.9782,0.9306,0.4954,1.9419%,2.2070%,22.5834%,0.040518,SBGI,81740.0,2019-03-01,252.0,1.7452%,0.0005,0.9518,0.8914,0.4503,1.9202%,2.1736%,21.9635%,0.009602,SBGI,81740.0,2019-03-04,252.0,0.0272%,0.0005,0.946,0.9047,0.4531,1.9194%,2.1720%,21.9100%,0.006941,SBGI,81740.0,2019-03-05,252.0,3.6200%,0.0006,0.9317,0.8202,0.4277,1.9250%,2.1624%,20.7502%,0.041611,SBGI,81740.0,2019-03-06,252.0,0.3415%,0.0008,0.9422,0.7612,0.4315,1.9161%,2.1553%,20.9675%,0.021314,SBGI,81740.0,2019-03-07,252.0,-3.5864%,0.0008,0.9585,0.7882,0.4609,1.9210%,2.1673%,21.4371%,-0.026271,SBGI,81740.0,2019-03-08,252.0,0.5159%,0.0008,0.9568,0.8009,0.4575,1.9201%,2.1671%,21.4930%,0.007567,SBGI,81740.0,2019-03-11,252.0,3.1233%,0.0009,0.9651,0.7999,0.4527,1.9218%,2.1746%,21.8957%,0.016383,SBGI,81740.0,2019-03-12,252.0,1.1851%,0.001,0.9674,0.7945,0.453,1.9231%,2.1738%,21.7416%,0.011951,SBGI,81740.0,2019-03-13,252.0,0.5987%,0.001,0.9676,0.7924,0.4528,1.9230%,2.1738%,21.7463%,0.001498,SBGI,0.099962,0.109564,0.116505,0.17943,0.190558
12939,MADDEN STEVEN LTD,Steven Madden Sees FY19 Adj. EPS $1.75-$1.83 vs $1.92 Est.,6,decrease,0.8,0.6,"the adjusted eps guidance is below the analyst estimate, which typically signals weaker performance and can lead to a decrease in stock price.",0,2019-02-27,SHOO,2019-02-27 12:03:00+00:00,80034.0,55626910,0.036302700638771,1541517.0,-0.0288489703088998,-0.0114596225321292,0.0154591780155897,0.01530924718827,-0.0131342876702547,0.0030712061561644,-0.0081669827923178,-0.0021452556829899,-0.0088441874831914,-0.0320379137992858,-0.001846196129918,-0.0203429460525512,-0.0095560289919376,0.0017467649886384,0.0096482271328568,-0.0077989734709262,-0.0009247466223314,0.0069807404652237,0.0064794532954692,0.0135614071041345,0.0045984527096152,0.010726960375905,-0.0061031663790345,-0.0123601583763957,0.0208781361579895,0.0023598233237862,-0.003322277450934,-0.0005895236972719,0.0009090538951568,0.0068269381299614,0.0078716967254877,0.022458204999566,-0.0336438193917274,0.0091883372515439,0.01771848089993,0.0030722669325768,0.0125229023396968,0.0159175507724285,0.0117646865546703,-0.0111111290752887,0.0140130408108234,0.0,-0.0049984762445092,0.0106051201000809,0.0106383161619305,0.0065934378653764,-0.0099415248259902,-0.0009409905760549,-0.0026580078992992,-0.0087064886465668,0.0192477852106094,0.0103675751015543,-0.0046484558843076,0.0205193776637315,-0.0178049281239509,0.0022493475116789,-0.0205052718520164,0.0009649625862948,0.0060679842717945,0.004199001006782,-0.0066345361992716,-0.0099136987701058,0.0106254490092396,-0.0321882031857967,0.0096124866977334,-0.0052339336834847,0.0041654086671769,0.0236369371414184,-0.0038518835790455,0.0235483720898628,-0.0029743746854364,0.031614001840353,-0.0283413119614124,-0.014107622206211,0.0227203462272882,0.0072703012265264,0.0207144580781459,0.0059840525500476,0.0297058336436748,0.0066934661008417,0.0234219804406166,-0.0003345677105244,0.0106055606156587,0.070175401866436,0.0038663186132907,-0.0230849888175725,-0.0242090038955211,-0.0107266250997781,0.0253734905272722,-0.0142566012218594,0.0090734623372554,0.0027229383122175,-0.039781991392374,0.0148531394079327,-0.0490920357406139,0.0059068822301924,0.0035811027046293,-0.0041522122919559,-0.0056497897021472,-0.0321500673890113,-0.0095693692564964,0.0098072681576013,-0.0407608263194561,0.0179001875221729,0.0031476356089115,-0.00137507438194,-0.0047066682018339,-0.036754984408617,0.0044136601500213,0.0013262903084978,-0.0109855737537145,-0.0855063572525978,-0.0228498671203851,0.0232702456414699,0.0227346159517765,0.0238246507942676,-0.006351186428219,-0.0116169806569814,-0.0319590903818607,0.0172469150274992,-0.0288489703088998,-0.0114596225321292,-0.0138357736608819,0.0036741864621121,-0.0267883382997341,0.0067566768023579,-0.0432735121944763,-0.02758826340841,-0.0397410157863475,-0.033608475130657,-0.0197171060141894,0.0587855225964781,-0.1045606223804309,0.0520215646436068,2019-02-28,2019-03-01,2019-03-04,2019-03-05,2019-03-06,2019-03-07,2019-03-08,2019-03-11,2019-03-12,2019-03-13,80034.0,2019-02-27,252.0,3.6303%,0.0007,1.0789,1.0019,0.3971,1.4092%,1.8389%,41.2796%,0.033816,SHOO,80034.0,2019-02-28,252.0,-2.8849%,0.0005,1.0901,1.0088,0.4112,1.4164%,1.8482%,41.2659%,-0.0248119999999999,SHOO,80034.0,2019-03-01,252.0,1.5459%,0.0005,1.0997,1.023,0.4233,1.4142%,1.8504%,41.5839%,0.006239,SHOO,80034.0,2019-03-04,252.0,-1.3134%,0.0004,1.1068,1.0042,0.4203,1.4119%,1.8512%,41.8273%,-0.0050649999999999,SHOO,80034.0,2019-03-05,252.0,-0.8167%,0.0006,1.1154,1.0693,0.4274,1.3932%,1.8483%,43.1801%,-0.002254,SHOO,80034.0,2019-03-06,252.0,-0.8844%,0.0005,1.0928,1.057,0.4002,1.3808%,1.8313%,43.1526%,0.0137379999999999,SHOO,80034.0,2019-03-07,252.0,-0.1846%,0.0005,1.0897,1.0585,0.3965,1.3817%,1.8306%,43.0351%,0.009086,SHOO,80034.0,2019-03-08,252.0,-0.9556%,0.0006,1.0895,1.079,0.395,1.3775%,1.8303%,43.3598%,-0.007104,SHOO,80034.0,2019-03-11,252.0,0.9648%,0.0006,1.0856,1.0542,0.3829,1.3714%,1.8245%,43.5026%,-0.008505,SHOO,80034.0,2019-03-12,252.0,-0.0925%,0.0005,1.0734,1.0573,0.3702,1.3684%,1.8139%,43.0858%,-0.000471,SHOO,80034.0,2019-03-13,252.0,0.6479%,0.0006,1.0737,1.0616,0.3716,1.3679%,1.8142%,43.1538%,0.002177,SHOO,0.009004,0.015243,0.010178,0.021662,0.016845
12947,MADDEN STEVEN LTD,"Steven Madden Q4 Adj. EPS $0.42 Beats $0.38 Estimate, Sales $410.4M Beat $400.24M Estimate",6,increase,0.8,0.7,"the company reported better-than-expected earnings and sales, which typically leads to positive investor sentiment and an increase in stock price.",2,2019-02-27,SHOO,2019-02-27 12:02:00+00:00,80034.0,55626910,0.036302700638771,1541517.0,-0.0288489703088998,-0.0114596225321292,0.0154591780155897,0.01530924718827,-0.0131342876702547,0.0030712061561644,-0.0081669827923178,-0.0021452556829899,-0.0088441874831914,-0.0320379137992858,-0.001846196129918,-0.0203429460525512,-0.0095560289919376,0.0017467649886384,0.0096482271328568,-0.0077989734709262,-0.0009247466223314,0.0069807404652237,0.0064794532954692,0.0135614071041345,0.0045984527096152,0.010726960375905,-0.0061031663790345,-0.0123601583763957,0.0208781361579895,0.0023598233237862,-0.003322277450934,-0.0005895236972719,0.0009090538951568,0.0068269381299614,0.0078716967254877,0.022458204999566,-0.0336438193917274,0.0091883372515439,0.01771848089993,0.0030722669325768,0.0125229023396968,0.0159175507724285,0.0117646865546703,-0.0111111290752887,0.0140130408108234,0.0,-0.0049984762445092,0.0106051201000809,0.0106383161619305,0.0065934378653764,-0.0099415248259902,-0.0009409905760549,-0.0026580078992992,-0.0087064886465668,0.0192477852106094,0.0103675751015543,-0.0046484558843076,0.0205193776637315,-0.0178049281239509,0.0022493475116789,-0.0205052718520164,0.0009649625862948,0.0060679842717945,0.004199001006782,-0.0066345361992716,-0.0099136987701058,0.0106254490092396,-0.0321882031857967,0.0096124866977334,-0.0052339336834847,0.0041654086671769,0.0236369371414184,-0.0038518835790455,0.0235483720898628,-0.0029743746854364,0.031614001840353,-0.0283413119614124,-0.014107622206211,0.0227203462272882,0.0072703012265264,0.0207144580781459,0.0059840525500476,0.0297058336436748,0.0066934661008417,0.0234219804406166,-0.0003345677105244,0.0106055606156587,0.070175401866436,0.0038663186132907,-0.0230849888175725,-0.0242090038955211,-0.0107266250997781,0.0253734905272722,-0.0142566012218594,0.0090734623372554,0.0027229383122175,-0.039781991392374,0.0148531394079327,-0.0490920357406139,0.0059068822301924,0.0035811027046293,-0.0041522122919559,-0.0056497897021472,-0.0321500673890113,-0.0095693692564964,0.0098072681576013,-0.0407608263194561,0.0179001875221729,0.0031476356089115,-0.00137507438194,-0.0047066682018339,-0.036754984408617,0.0044136601500213,0.0013262903084978,-0.0109855737537145,-0.0855063572525978,-0.0228498671203851,0.0232702456414699,0.0227346159517765,0.0238246507942676,-0.006351186428219,-0.0116169806569814,-0.0319590903818607,0.0172469150274992,-0.0288489703088998,-0.0114596225321292,-0.0138357736608819,0.0036741864621121,-0.0267883382997341,0.0067566768023579,-0.0432735121944763,-0.02758826340841,-0.0397410157863475,-0.033608475130657,-0.0197171060141894,0.0587855225964781,-0.1045606223804309,0.0520215646436068,2019-02-28,2019-03-01,2019-03-04,2019-03-05,2019-03-06,2019-03-07,2019-03-08,2019-03-11,2019-03-12,2019-03-13,80034.0,2019-02-27,252.0,3.6303%,0.0007,1.0789,1.0019,0.3971,1.4092%,1.8389%,41.2796%,0.033816,SHOO,80034.0,2019-02-28,252.0,-2.8849%,0.0005,1.0901,1.0088,0.4112,1.4164%,1.8482%,41.2659%,-0.0248119999999999,SHOO,80034.0,2019-03-01,252.0,1.5459%,0.0005,1.0997,1.023,0.4233,1.4142%,1.8504%,41.5839%,0.006239,SHOO,80034.0,2019-03-04,252.0,-1.3134%,0.0004,1.1068,1.0042,0.4203,1.4119%,1.8512%,41.8273%,-0.0050649999999999,SHOO,80034.0,2019-03-05,252.0,-0.8167%,0.0006,1.1154,1.0693,0.4274,1.3932%,1.8483%,43.1801%,-0.002254,SHOO,80034.0,2019-03-06,252.0,-0.8844%,0.0005,1.0928,1.057,0.4002,1.3808%,1.8313%,43.1526%,0.0137379999999999,SHOO,80034.0,2019-03-07,252.0,-0.1846%,0.0005,1.0897,1.0585,0.3965,1.3817%,1.8306%,43.0351%,0.009086,SHOO,80034.0,2019-03-08,252.0,-0.9556%,0.0006,1.0895,1.079,0.395,1.3775%,1.8303%,43.3598%,-0.007104,SHOO,80034.0,2019-03-11,252.0,0.9648%,0.0006,1.0856,1.0542,0.3829,1.3714%,1.8245%,43.5026%,-0.008505,SHOO,80034.0,2019-03-12,252.0,-0.0925%,0.0005,1.0734,1.0573,0.3702,1.3684%,1.8139%,43.0858%,-0.000471,SHOO,80034.0,2019-03-13,252.0,0.6479%,0.0006,1.0737,1.0616,0.3716,1.3679%,1.8142%,43.1538%,0.002177,SHOO,0.009004,0.015243,0.010178,0.021662,0.016845
12955,SMUCKER J M CO,"Morgan Stanley Maintains Underweight on JM Smucker, Raises Price Target to $104",6,decrease,0.7,0.5,"maintaining an 'underweight' rating typically suggests a negative outlook, which could lead to a decrease in stock price despite the raised price target.",0,2019-02-27,SJM,2019-02-27 15:04:00+00:00,42585.0,83269640,0.0139504512771964,2055331.0,-0.0154317747801542,0.0497724004089832,-0.004626621492207,-0.0035496018826961,-0.0273192692548036,-0.0501076951622963,-0.0044860453344881,-0.0015897306147962,0.0130290146917104,0.028170371428132,-0.0075428523123264,0.0060940692201256,-0.0013641176046803,0.018120901659131,0.0062445057556033,-0.0129181761294603,-0.0031997887417674,-0.0060367691330611,0.0044746990315616,0.0098703727126121,0.005713696591556,-0.0026059672236442,0.0166586749255657,-0.0021188599057495,0.0136388977989554,-0.0135854100808501,-0.0010277796536684,-0.0010439461329951,0.0014965487644076,0.0040975823067128,0.0422153435647487,0.010690557770431,0.0242853909730911,-0.0100113982334733,0.0142606934532523,0.0135291246697306,-0.0018977074651047,0.0022276353556662,-0.0070002381689846,0.0036939559504389,0.0100087160244584,0.014097006060183,0.0038776125293225,-0.003242549020797,-0.0066094133071601,-0.0232268515974283,0.0027650538831949,-0.0076197297312319,-0.0061181103810667,0.0019085499225184,0.0030345597770065,0.0058552562259137,0.0073472075164318,0.0092027215287089,0.012356293387711,0.0005816147313453,0.0127140190452337,0.0052616284228861,-0.0034315672237426,0.0043056542053818,0.0032753790728747,0.006996443029493,-0.0093755461275577,0.0180578157305717,0.0070982254110276,0.0,-0.0020976674277335,0.025831039994955,0.0027747568674385,0.0134543282911181,0.0120744155719876,0.0136378156021237,0.0043082376942038,0.0075628366321325,0.0041247317567467,0.00417156284675,0.0052579641342163,-0.0044724289327859,-0.0093167647719383,-0.0050852391868829,0.0129516553133726,-0.0041147856973111,-0.005945136770606,0.0173893850296735,0.0046698320657014,-0.0305930785834789,-0.000897012243513,0.007126391865313,0.0033464224543422,-0.0152735123410821,0.0049621784128248,-0.0045201852917671,0.0130322212353348,-0.0167677141726017,-0.0004794661363121,-0.028554642572999,-0.0037572435103356,-0.0179241877049207,0.0107526583597064,0.0205546449869871,0.007462705951184,0.0079302443191409,-0.001103226095438,0.0173456389456987,0.0001577519869897,0.0100846029818058,0.0056791389361023,-0.0263810735195875,-0.0071372715756297,-0.0137910414487123,0.0092254150658845,-0.0098780188709497,0.003861291334033,-0.0119605781510472,-0.0054949130862951,0.0103441579267382,0.004657007753849,0.0213270504027605,-0.0010999323567375,-0.0723575875163078,-0.0154317747801542,0.0497724004089832,-0.0199869992915004,0.046046126320089,-0.0467602383310641,-0.0063688341032588,-0.0386724559301043,0.0199980209339092,-0.0400669108894577,0.0352050373118244,0.1069071320711714,0.0468547053158427,0.1899178577339244,-0.020167754091675,2019-02-28,2019-03-01,2019-03-04,2019-03-05,2019-03-06,2019-03-07,2019-03-08,2019-03-11,2019-03-12,2019-03-13,42585.0,2019-02-27,252.0,1.3950%,-0.0004,0.2365,-0.3869,0.0746,1.5804%,1.6101%,3.6585%,0.014488,SJM,42585.0,2019-02-28,252.0,-1.5432%,-0.0005,0.2392,-0.3856,0.0799,1.5829%,1.6128%,3.6783%,-0.014535,SJM,42585.0,2019-03-01,252.0,-0.4627%,-0.0005,0.2376,-0.3879,0.0795,1.5831%,1.6130%,3.6672%,-0.005001,SJM,42585.0,2019-03-04,252.0,-2.7319%,-0.0006,0.2466,-0.3928,0.0716,1.5908%,1.6215%,3.7537%,-0.028035,SJM,42585.0,2019-03-05,252.0,-0.4486%,-0.0007,0.2437,-0.4183,0.0712,1.5877%,1.6196%,3.9016%,-0.005203,SJM,42585.0,2019-03-06,252.0,1.3029%,-0.0007,0.2348,-0.4358,0.0588,1.5881%,1.6199%,3.8823%,0.009687,SJM,42585.0,2019-03-07,252.0,-0.7543%,-0.0007,0.2372,-0.4344,0.0623,1.5884%,1.6204%,3.9070%,-0.005818,SJM,42585.0,2019-03-08,252.0,-0.1364%,-0.0007,0.2369,-0.4309,0.0617,1.5883%,1.6199%,3.8575%,-0.000609,SJM,42585.0,2019-03-11,252.0,0.6245%,-0.0007,0.2394,-0.4236,0.0646,1.5883%,1.6197%,3.8343%,0.004497,SJM,42585.0,2019-03-12,252.0,-0.3200%,-0.0007,0.2414,-0.4221,0.0675,1.5884%,1.6196%,3.8170%,-0.005023,SJM,42585.0,2019-03-13,252.0,0.4475%,-0.0007,0.2422,-0.4275,0.0671,1.5880%,1.6198%,3.8829%,0.001339,SJM,-4.699999999999843e-05,-0.0050479999999999,-0.033083,-0.028599,-0.034213
12963,SMUCKER J M CO,"Credit Suisse Maintains Underperform on JM Smucker, Raises Price Target to $96",6,decrease,0.7,0.5,"maintaining an 'underperform' rating typically suggests a negative outlook, which could lead to a decrease in stock price despite the raised price target.",0,2019-02-27,SJM,2019-02-27 14:44:00+00:00,42585.0,83269640,0.0139504512771964,2055331.0,-0.0154317747801542,0.0497724004089832,-0.004626621492207,-0.0035496018826961,-0.0273192692548036,-0.0501076951622963,-0.0044860453344881,-0.0015897306147962,0.0130290146917104,0.028170371428132,-0.0075428523123264,0.0060940692201256,-0.0013641176046803,0.018120901659131,0.0062445057556033,-0.0129181761294603,-0.0031997887417674,-0.0060367691330611,0.0044746990315616,0.0098703727126121,0.005713696591556,-0.0026059672236442,0.0166586749255657,-0.0021188599057495,0.0136388977989554,-0.0135854100808501,-0.0010277796536684,-0.0010439461329951,0.0014965487644076,0.0040975823067128,0.0422153435647487,0.010690557770431,0.0242853909730911,-0.0100113982334733,0.0142606934532523,0.0135291246697306,-0.0018977074651047,0.0022276353556662,-0.0070002381689846,0.0036939559504389,0.0100087160244584,0.014097006060183,0.0038776125293225,-0.003242549020797,-0.0066094133071601,-0.0232268515974283,0.0027650538831949,-0.0076197297312319,-0.0061181103810667,0.0019085499225184,0.0030345597770065,0.0058552562259137,0.0073472075164318,0.0092027215287089,0.012356293387711,0.0005816147313453,0.0127140190452337,0.0052616284228861,-0.0034315672237426,0.0043056542053818,0.0032753790728747,0.006996443029493,-0.0093755461275577,0.0180578157305717,0.0070982254110276,0.0,-0.0020976674277335,0.025831039994955,0.0027747568674385,0.0134543282911181,0.0120744155719876,0.0136378156021237,0.0043082376942038,0.0075628366321325,0.0041247317567467,0.00417156284675,0.0052579641342163,-0.0044724289327859,-0.0093167647719383,-0.0050852391868829,0.0129516553133726,-0.0041147856973111,-0.005945136770606,0.0173893850296735,0.0046698320657014,-0.0305930785834789,-0.000897012243513,0.007126391865313,0.0033464224543422,-0.0152735123410821,0.0049621784128248,-0.0045201852917671,0.0130322212353348,-0.0167677141726017,-0.0004794661363121,-0.028554642572999,-0.0037572435103356,-0.0179241877049207,0.0107526583597064,0.0205546449869871,0.007462705951184,0.0079302443191409,-0.001103226095438,0.0173456389456987,0.0001577519869897,0.0100846029818058,0.0056791389361023,-0.0263810735195875,-0.0071372715756297,-0.0137910414487123,0.0092254150658845,-0.0098780188709497,0.003861291334033,-0.0119605781510472,-0.0054949130862951,0.0103441579267382,0.004657007753849,0.0213270504027605,-0.0010999323567375,-0.0723575875163078,-0.0154317747801542,0.0497724004089832,-0.0199869992915004,0.046046126320089,-0.0467602383310641,-0.0063688341032588,-0.0386724559301043,0.0199980209339092,-0.0400669108894577,0.0352050373118244,0.1069071320711714,0.0468547053158427,0.1899178577339244,-0.020167754091675,2019-02-28,2019-03-01,2019-03-04,2019-03-05,2019-03-06,2019-03-07,2019-03-08,2019-03-11,2019-03-12,2019-03-13,42585.0,2019-02-27,252.0,1.3950%,-0.0004,0.2365,-0.3869,0.0746,1.5804%,1.6101%,3.6585%,0.014488,SJM,42585.0,2019-02-28,252.0,-1.5432%,-0.0005,0.2392,-0.3856,0.0799,1.5829%,1.6128%,3.6783%,-0.014535,SJM,42585.0,2019-03-01,252.0,-0.4627%,-0.0005,0.2376,-0.3879,0.0795,1.5831%,1.6130%,3.6672%,-0.005001,SJM,42585.0,2019-03-04,252.0,-2.7319%,-0.0006,0.2466,-0.3928,0.0716,1.5908%,1.6215%,3.7537%,-0.028035,SJM,42585.0,2019-03-05,252.0,-0.4486%,-0.0007,0.2437,-0.4183,0.0712,1.5877%,1.6196%,3.9016%,-0.005203,SJM,42585.0,2019-03-06,252.0,1.3029%,-0.0007,0.2348,-0.4358,0.0588,1.5881%,1.6199%,3.8823%,0.009687,SJM,42585.0,2019-03-07,252.0,-0.7543%,-0.0007,0.2372,-0.4344,0.0623,1.5884%,1.6204%,3.9070%,-0.005818,SJM,42585.0,2019-03-08,252.0,-0.1364%,-0.0007,0.2369,-0.4309,0.0617,1.5883%,1.6199%,3.8575%,-0.000609,SJM,42585.0,2019-03-11,252.0,0.6245%,-0.0007,0.2394,-0.4236,0.0646,1.5883%,1.6197%,3.8343%,0.004497,SJM,42585.0,2019-03-12,252.0,-0.3200%,-0.0007,0.2414,-0.4221,0.0675,1.5884%,1.6196%,3.8170%,-0.005023,SJM,42585.0,2019-03-13,252.0,0.4475%,-0.0007,0.2422,-0.4275,0.0671,1.5880%,1.6198%,3.8829%,0.001339,SJM,-4.699999999999843e-05,-0.0050479999999999,-0.033083,-0.028599,-0.034213
12971,SMUCKER J M CO,"Citigroup Maintains Buy on JM Smucker, Raises Price Target to $130",6,increase,0.8,0.6,maintaining a 'buy' rating and raising the price target typically signals positive sentiment and potential for stock price appreciation.,2,2019-02-27,SJM,2019-02-27 13:23:00+00:00,42585.0,83269640,0.0139504512771964,2055331.0,-0.0154317747801542,0.0497724004089832,-0.004626621492207,-0.0035496018826961,-0.0273192692548036,-0.0501076951622963,-0.0044860453344881,-0.0015897306147962,0.0130290146917104,0.028170371428132,-0.0075428523123264,0.0060940692201256,-0.0013641176046803,0.018120901659131,0.0062445057556033,-0.0129181761294603,-0.0031997887417674,-0.0060367691330611,0.0044746990315616,0.0098703727126121,0.005713696591556,-0.0026059672236442,0.0166586749255657,-0.0021188599057495,0.0136388977989554,-0.0135854100808501,-0.0010277796536684,-0.0010439461329951,0.0014965487644076,0.0040975823067128,0.0422153435647487,0.010690557770431,0.0242853909730911,-0.0100113982334733,0.0142606934532523,0.0135291246697306,-0.0018977074651047,0.0022276353556662,-0.0070002381689846,0.0036939559504389,0.0100087160244584,0.014097006060183,0.0038776125293225,-0.003242549020797,-0.0066094133071601,-0.0232268515974283,0.0027650538831949,-0.0076197297312319,-0.0061181103810667,0.0019085499225184,0.0030345597770065,0.0058552562259137,0.0073472075164318,0.0092027215287089,0.012356293387711,0.0005816147313453,0.0127140190452337,0.0052616284228861,-0.0034315672237426,0.0043056542053818,0.0032753790728747,0.006996443029493,-0.0093755461275577,0.0180578157305717,0.0070982254110276,0.0,-0.0020976674277335,0.025831039994955,0.0027747568674385,0.0134543282911181,0.0120744155719876,0.0136378156021237,0.0043082376942038,0.0075628366321325,0.0041247317567467,0.00417156284675,0.0052579641342163,-0.0044724289327859,-0.0093167647719383,-0.0050852391868829,0.0129516553133726,-0.0041147856973111,-0.005945136770606,0.0173893850296735,0.0046698320657014,-0.0305930785834789,-0.000897012243513,0.007126391865313,0.0033464224543422,-0.0152735123410821,0.0049621784128248,-0.0045201852917671,0.0130322212353348,-0.0167677141726017,-0.0004794661363121,-0.028554642572999,-0.0037572435103356,-0.0179241877049207,0.0107526583597064,0.0205546449869871,0.007462705951184,0.0079302443191409,-0.001103226095438,0.0173456389456987,0.0001577519869897,0.0100846029818058,0.0056791389361023,-0.0263810735195875,-0.0071372715756297,-0.0137910414487123,0.0092254150658845,-0.0098780188709497,0.003861291334033,-0.0119605781510472,-0.0054949130862951,0.0103441579267382,0.004657007753849,0.0213270504027605,-0.0010999323567375,-0.0723575875163078,-0.0154317747801542,0.0497724004089832,-0.0199869992915004,0.046046126320089,-0.0467602383310641,-0.0063688341032588,-0.0386724559301043,0.0199980209339092,-0.0400669108894577,0.0352050373118244,0.1069071320711714,0.0468547053158427,0.1899178577339244,-0.020167754091675,2019-02-28,2019-03-01,2019-03-04,2019-03-05,2019-03-06,2019-03-07,2019-03-08,2019-03-11,2019-03-12,2019-03-13,42585.0,2019-02-27,252.0,1.3950%,-0.0004,0.2365,-0.3869,0.0746,1.5804%,1.6101%,3.6585%,0.014488,SJM,42585.0,2019-02-28,252.0,-1.5432%,-0.0005,0.2392,-0.3856,0.0799,1.5829%,1.6128%,3.6783%,-0.014535,SJM,42585.0,2019-03-01,252.0,-0.4627%,-0.0005,0.2376,-0.3879,0.0795,1.5831%,1.6130%,3.6672%,-0.005001,SJM,42585.0,2019-03-04,252.0,-2.7319%,-0.0006,0.2466,-0.3928,0.0716,1.5908%,1.6215%,3.7537%,-0.028035,SJM,42585.0,2019-03-05,252.0,-0.4486%,-0.0007,0.2437,-0.4183,0.0712,1.5877%,1.6196%,3.9016%,-0.005203,SJM,42585.0,2019-03-06,252.0,1.3029%,-0.0007,0.2348,-0.4358,0.0588,1.5881%,1.6199%,3.8823%,0.009687,SJM,42585.0,2019-03-07,252.0,-0.7543%,-0.0007,0.2372,-0.4344,0.0623,1.5884%,1.6204%,3.9070%,-0.005818,SJM,42585.0,2019-03-08,252.0,-0.1364%,-0.0007,0.2369,-0.4309,0.0617,1.5883%,1.6199%,3.8575%,-0.000609,SJM,42585.0,2019-03-11,252.0,0.6245%,-0.0007,0.2394,-0.4236,0.0646,1.5883%,1.6197%,3.8343%,0.004497,SJM,42585.0,2019-03-12,252.0,-0.3200%,-0.0007,0.2414,-0.4221,0.0675,1.5884%,1.6196%,3.8170%,-0.005023,SJM,42585.0,2019-03-13,252.0,0.4475%,-0.0007,0.2422,-0.4275,0.0671,1.5880%,1.6198%,3.8829%,0.001339,SJM,-4.699999999999843e-05,-0.0050479999999999,-0.033083,-0.028599,-0.034213
12979,SYNCHRONOSS TECHNOLOGIES INC,Synchronoss Renews Agreement To Power British Telecom's Personal Cloud,6,increase,0.75,0.6,"renewing a significant agreement with a major telecom provider like british telecom is likely to enhance synchronoss technologies' revenue prospects and market position, which could positively impact its stock price.",2,2019-02-27,SNCR,2019-02-27 21:30:00+00:00,91366.0,87157B10,-0.0012626551324501,85528.0,0.017699159681797,0.001264251419343,0.0074533494189381,-0.0124844415113329,-0.0160295497626066,0.0075472225435078,0.010025112889707,-0.0269278176128864,-0.0198511555790901,-0.0120919439941644,0.0075949295423924,-0.009580829180777,0.0012562501942738,-0.0011960855918005,0.0188205894082784,0.0060167550109326,0.0147783113643527,0.0048367544077336,-0.1881067603826523,0.0376412384212017,-0.0717488825321197,0.0139948669821023,-0.0466988645493984,0.0234375409781932,-0.0118243535980582,0.0239999778568744,0.0017094408394768,0.0162601470947265,0.1126279607415199,0.0165289100259542,-0.0092024449259042,0.0055402270518243,-0.0077399676665663,0.0069734607823193,-0.0327613167464733,-0.0013927231775596,-0.0096774101257324,-0.0110193388536572,-0.0390879102051258,-0.0027472500223666,0.0033898272085934,0.0097087612375617,0.0270270016044378,0.0,-0.0115131074562668,0.0183615982532501,-0.0099834306165575,-0.009790233336389,0.0084033934399485,-0.0441176369786262,-0.008333365432918,0.0121786408126354,-0.0302520729601383,0.0350140072405338,-0.0294627510011196,0.0028089862316846,0.0089286053553223,0.0394160561263561,-0.003539819503203,0.0088365161791443,-0.0017762396018952,0.0089152958244085,-0.0124554615467786,0.0014881293755024,0.0324323996901512,0.0197268035262823,-0.0157068334519863,0.0076452889479696,0.0,0.0463999956846237,-0.0354609601199626,0.0080645475536584,-0.0055147442035377,-0.014308450743556,0.005545325577259,0.0244299843907356,-0.0128676788881421,0.0771929919719696,-0.046554934233427,0.0382513739168644,0.0507812947034835,-0.0036298469640314,-0.0018587785307317,-0.0160713717341423,0.0018622400239109,-0.0106006972491741,0.007434937171638,-0.1001590043306351,-0.0239852610975503,-0.018720731139183,-0.0151228588074445,0.0405844151973724,0.0076775359921157,0.0352941267192363,0.0171428862959146,0.0438596494495868,0.0168538708239793,-0.0452261306345462,-0.0239410027861595,-0.0324149578809738,0.147169753909111,0.0048860278911888,0.0493421368300914,0.0082101337611675,-0.0219436269253492,0.0166945550590753,0.0464744307100772,-0.0180328097194433,0.0076569239608943,0.0066006537526845,-0.0243160873651504,0.015075403265655,0.0202492382377386,-0.0370967797935009,0.010686975903809,0.0264900419861078,0.0211480893194675,0.0,-0.0207101088017225,0.0100334351882338,0.017699159681797,0.001264251419343,0.0252844271222651,-0.0112359735648903,0.0088495793768832,-0.0037735514143697,-0.001264190888373,-0.0423216889871622,-0.1542351150724831,-0.006273491905764,-0.2882426927351152,0.1664212268920661,-0.1630846927644029,0.3244147127906178,2019-02-28,2019-03-01,2019-03-04,2019-03-05,2019-03-06,2019-03-07,2019-03-08,2019-03-11,2019-03-12,2019-03-13,91366.0,2019-02-27,154.0,-0.1263%,-0.0011,0.3751,0.6242,-0.0611,2.9384%,3.0214%,5.4186%,-0.002932,SNCR,91366.0,2019-02-28,154.0,1.7699%,-0.0009,0.3639,0.6169,-0.0728,2.9405%,3.0208%,5.2432%,0.018484,SNCR,91366.0,2019-03-01,154.0,0.7453%,-0.0009,0.3614,0.6131,-0.0781,2.9403%,3.0198%,5.1980%,0.002663,SNCR,91366.0,2019-03-04,154.0,-1.6030%,-0.0009,0.3596,0.6283,-0.08,2.9411%,3.0222%,5.2963%,-0.011483,SNCR,91366.0,2019-03-05,154.0,1.0025%,-0.001,0.3497,0.5604,-0.0926,2.9300%,3.0027%,4.7810%,0.012302,SNCR,91366.0,2019-03-06,154.0,-1.9851%,-0.0012,0.3423,0.5877,-0.0982,2.9262%,3.0016%,4.9617%,-0.009906,SNCR,91366.0,2019-03-07,154.0,0.7595%,-0.0011,0.3393,0.5955,-0.0994,2.9267%,3.0022%,4.9632%,0.010399,SNCR,91366.0,2019-03-08,154.0,0.1256%,-0.0012,0.34,0.5762,-0.0977,2.9235%,2.9968%,4.8333%,0.001446,SNCR,91366.0,2019-03-11,154.0,1.8821%,-0.0012,0.3461,0.5894,-0.0931,2.9244%,3.0006%,5.0123%,0.011082,SNCR,91366.0,2019-03-12,154.0,1.4778%,-0.0011,0.3391,0.5835,-0.1034,2.9264%,3.0012%,4.9227%,0.015399,SNCR,91366.0,2019-03-13,154.0,-18.8107%,-0.0025,0.2766,0.6475,-0.1622,3.2881%,3.3542%,3.9032%,-0.188553,SNCR,0.015552,0.018215,0.0067319999999999,0.0091279999999999,-0.141099
12987,SANOFI,FDA Expands Indication For Sanofi's Soliqua 100/33,6,increase,0.8,0.6,"the fda's expansion of the indication for sanofi's soliqua 100/33 is likely to boost sales and market perception, positively impacting the stock price.",2,2019-02-27,SNY,2019-02-27 21:18:00+00:00,89475.0,80105N10,-0.0016916310414671,471875.0,0.0070200217887759,0.0134704681113362,0.0132212275639176,-0.008499233983457,0.008303640410304,-0.00362936174497,0.0145882098004221,-0.0194543227553367,0.004406364634633,-0.001657974673435,-0.0080813271924853,-0.0077555351890623,-0.0011638556607067,0.0238209292292594,0.0132836094126105,-0.0014415560290217,0.0016099285567179,-0.0257491171360015,0.0123995617032051,0.0092133088037371,0.0054434491321444,-0.0072701117023825,0.0171441081911325,0.0030581292230635,-0.0039920229464769,-0.0202811956405639,0.005121343769133,-0.0048164930194616,0.0059814015403389,-0.0034286063164472,0.0004404417122714,0.0113268997520208,-0.0257539507001638,-0.0043728984892368,-0.0070040118880569,0.0099953580647706,0.0054607023485004,0.0089118452742695,-0.0090517699718475,0.0171756017953157,0.0107329841703176,0.0035910392180085,0.0004518856294453,0.0133430184796452,0.0004516815242823,-0.009610709734261,-0.003385952906683,0.0031332187354564,-0.0009060229640454,0.0002411315363133,0.000680090219248,-0.013555284589529,-0.0033982263412326,-0.0037905673962086,0.0054557365365326,-0.0007102886447682,-0.0042956960387527,0.0141656696796417,-0.0047683715820312,-0.0186144467443227,-0.0120922327041626,-0.0091058416292071,-0.0159353036433458,0.0018713878234848,0.0004693841328844,-0.0004676281823776,-0.020642764866352,0.0130269825458526,-0.0158083792775869,-0.0140121085569262,0.0053541306406259,0.0089538423344492,0.0009682183153927,-0.0097993928939104,0.0087061822414398,-0.0126698743551969,-0.0055142543278634,0.0107101062312722,-0.0065091722644865,0.0072702011093497,0.0342149920761585,0.0049493066035211,0.0171280987560749,0.0229026228189468,0.0087658846750855,-0.0198487751185894,-0.0073176240548491,-0.0205970704555511,-0.0011517907259985,-0.0039189020171761,0.0073800664395093,0.0039343205280601,-0.0061813290230929,-0.0084901954978704,-0.0130771463736891,-0.0106696346774697,0.0002432426117593,-0.0187124125659465,0.0055920141749084,-0.0057586296461522,-0.0065280576236546,0.0187274776399135,-0.0009734951308928,0.0033960049040615,0.0,0.0158693343400955,0.0080390218645334,-0.0052619432099163,0.0067665241658687,-0.0097417375072836,0.0057609621435403,-0.0092031396925449,-0.0112172123044729,-0.0176405571401119,-0.006034274585545,0.0066592507064342,0.0220981016755104,-0.010976948775351,0.0004751831293106,0.019471775740385,0.0070200217887759,0.0134704681113362,0.0203340626582666,0.0048567454675341,0.0288065498129654,0.0012097568363591,0.0484144250874221,-0.0198957875437073,0.067296020746405,-0.0224427307978786,0.0610021861237182,-0.0249763833461047,0.0620621530810414,-0.0738585360145887,2019-02-28,2019-03-01,2019-03-04,2019-03-05,2019-03-06,2019-03-07,2019-03-08,2019-03-11,2019-03-12,2019-03-13,89475.0,2019-02-27,252.0,-0.1692%,0.0002,0.5291,-0.0484,-0.0882,1.0201%,1.1728%,24.3391%,-0.002281,SNY,89475.0,2019-02-28,252.0,0.7020%,0.0003,0.5221,-0.0529,-0.0951,1.0195%,1.1690%,23.9307%,0.008349,SNY,89475.0,2019-03-01,252.0,1.3221%,0.0003,0.5183,-0.0585,-0.1052,1.0193%,1.1680%,23.8356%,0.009145,SNY,89475.0,2019-03-04,252.0,0.8304%,0.0004,0.5193,-0.0714,-0.1032,1.0211%,1.1689%,23.6935%,0.011085,SNY,89475.0,2019-03-05,252.0,1.4588%,0.0004,0.5173,-0.0773,-0.11,1.0251%,1.1722%,23.5224%,0.014912,SNY,89475.0,2019-03-06,252.0,0.4406%,0.0004,0.5088,-0.0876,-0.121,1.0241%,1.1683%,23.1630%,0.007732,SNY,89475.0,2019-03-07,252.0,-0.8081%,0.0004,0.5138,-0.0721,-0.1099,1.0219%,1.1676%,23.4090%,-0.00446,SNY,89475.0,2019-03-08,252.0,-0.1164%,0.0004,0.5146,-0.0827,-0.1082,1.0201%,1.1661%,23.4745%,-0.000274,SNY,89475.0,2019-03-11,252.0,1.3284%,0.0004,0.5171,-0.0811,-0.1086,1.0206%,1.1688%,23.7590%,0.005262,SNY,89475.0,2019-03-12,252.0,0.1610%,0.0004,0.5165,-0.0808,-0.1091,1.0206%,1.1674%,23.5728%,-8.7e-05,SNY,89475.0,2019-03-13,252.0,1.2400%,0.0004,0.5194,-0.0895,-0.108,1.0210%,1.1692%,23.7440%,0.008626,SNY,0.006068,0.015213,0.026298,0.048942,0.058009
12995,SPOK HOLDINGS INC,"Spok Holdings Q4 EPS $0.01 Down From $0.14 YoY, Sales $43.256M Down From $43.77M YoY",6,decrease,0.8,0.7,"the decline in both eps and sales year-over-year suggests weakening financial performance, which is likely to negatively impact investor sentiment and lead to a decrease in stock price.",0,2019-02-27,SPOK,2019-02-27 22:12:00+00:00,90464.0,84863T10,-0.0070422133430838,69741.0,-0.0205673724412918,0.0014104022411629,0.02896448969841,-0.0152777303010225,-0.0337790623307228,0.0034842672757804,0.0058267209678888,-0.0096617937088012,-0.0152063742280006,-0.0162932630628347,0.010294072329998,0.0165631305426359,-0.0014555680099874,0.0276595298200845,0.007288587745279,0.003558732336387,0.0036179588641971,0.0028551006689667,-0.0028839195147156,0.0108225522562861,0.0025307193864136,0.0109408907592296,0.0007278186967596,0.0163083970546722,0.0290908813476562,-0.0088170384988188,-0.0282685253769159,-0.0116195203736424,-0.0036363773979246,-0.0136102847754955,0.0,0.0028735604137182,-0.0204379372298717,0.0057803411036729,0.0119224926456809,0.006545465439558,0.0095729101449251,-0.0043447078205645,-0.0036469870246946,-0.013571398332715,0.0007320811855606,0.0,-0.0036576583515852,-0.0077958651818335,0.0234948378056287,0.0014194111572578,-0.0143471891060471,0.0307242181152105,0.0240174625068903,-0.0270462706685066,-0.0042643542401492,0.0064470022916793,0.0192719120532274,0.012327779084444,-0.0042016431689262,0.0051020183600485,-0.006329124327749,-0.0143678020685911,0.0070771002210676,-0.0035791115369647,0.0196767877787351,-0.0007152557373046,-0.0068918247707188,0.0123098567128181,-0.0076335640624165,-0.017780939117074,0.0167832002043724,0.015162456780672,-0.0034388026688247,0.0191317312419414,-0.0165631305426359,0.0179775096476078,-0.0140350740402936,-0.0176600273698568,0.0185053534805774,0.0248868707567453,0.0034940065816044,-0.0037565883249044,-0.0292479172348976,0.0191424190998077,-0.0021520613227039,0.0283465050160884,0.012940352782607,0.0316815078258514,-0.017033340409398,-0.0096540534868836,0.002888083923608,-0.0326848290860652,0.0093592591583728,-0.0007775486446917,0.0249642953276634,-0.0294339880347251,-0.0048712384887039,0.0176650956273078,-0.0034965167287737,-0.0305286552757024,0.0028070148546248,-0.0014869519509375,0.0237928722053766,-0.0059127807617187,0.0095694009214639,-0.000738569360692,0.0392687804996967,0.0104477871209383,0.0195439234375953,-0.0081421621143817,0.0134185329079628,0.0546447932720184,0.0327868536114692,-0.025855453684926,0.0097681172192096,-0.0817039161920547,0.0133010456338524,-0.0171585455536842,0.0035799203906208,-0.0514322891831398,0.0011890878668054,0.0065530422143638,-0.021080732345581,0.00527008716017,-0.0205673724412918,0.0014104022411629,0.007801393809919,-0.013888875804916,-0.0262411922885754,-0.0104530010846,-0.0354609905072271,-0.0359809730069635,-0.0191489670696853,0.024531035605368,0.0184012022997925,0.0164638171433457,0.179785306586895,-0.0645586615198218,2019-02-28,2019-03-01,2019-03-04,2019-03-05,2019-03-06,2019-03-07,2019-03-08,2019-03-11,2019-03-12,2019-03-13,90464.0,2019-02-27,252.0,-0.7042%,0.0001,0.6255,0.9608,0.7379,1.7206%,1.8737%,15.6731%,-0.008594,SPOK,90464.0,2019-02-28,252.0,-2.0567%,0.0001,0.6269,0.9611,0.7429,1.7239%,1.8764%,15.5947%,-0.017076,SPOK,90464.0,2019-03-01,252.0,2.8964%,-0.0001,0.6689,1.0237,0.7967,1.6876%,1.8616%,17.8167%,0.024546,SPOK,90464.0,2019-03-04,252.0,-3.3779%,-0.0002,0.6805,1.0114,0.7876,1.6941%,1.8696%,17.8927%,-0.029403,SPOK,90464.0,2019-03-05,252.0,0.5827%,-0.0002,0.6807,1.0203,0.7832,1.6948%,1.8699%,17.8509%,0.0119189999999999,SPOK,90464.0,2019-03-06,252.0,-1.5206%,-0.0001,0.6854,1.0087,0.787,1.6934%,1.8719%,18.1605%,0.002963,SPOK,90464.0,2019-03-07,252.0,1.0294%,0.0,0.6798,1.0193,0.7826,1.6956%,1.8730%,18.0459%,0.019127,SPOK,90464.0,2019-03-08,252.0,-0.1456%,-0.0,0.6802,1.0107,0.7838,1.6949%,1.8712%,17.9590%,0.000771,SPOK,90464.0,2019-03-11,252.0,0.7289%,-0.0001,0.6786,1.0202,0.79,1.6934%,1.8714%,18.1141%,-0.0025,SPOK,90464.0,2019-03-12,252.0,0.3618%,0.0001,0.6992,1.0133,0.8109,1.6870%,1.8699%,18.6099%,0.00532,SPOK,90464.0,2019-03-13,252.0,-0.2884%,0.0003,0.6956,1.063,0.8188,1.6410%,1.8336%,19.8993%,-0.005135,SPOK,-0.02567,-0.001124,-0.030527,-0.015645,0.0019379999999999
13003,SPOK HOLDINGS INC,"Spok Holdings Q4 EPS $0.01 Down From $0.14 YoY, Sales $43.26M Down From $43.77M YoY",6,decrease,0.8,0.7,"the decline in both eps and sales year-over-year suggests weakening financial performance, which is likely to negatively impact investor sentiment and lead to a decrease in stock price.",0,2019-02-27,SPOK,2019-02-27 21:15:00+00:00,90464.0,84863T10,-0.0070422133430838,69741.0,-0.0205673724412918,0.0014104022411629,0.02896448969841,-0.0152777303010225,-0.0337790623307228,0.0034842672757804,0.0058267209678888,-0.0096617937088012,-0.0152063742280006,-0.0162932630628347,0.010294072329998,0.0165631305426359,-0.0014555680099874,0.0276595298200845,0.007288587745279,0.003558732336387,0.0036179588641971,0.0028551006689667,-0.0028839195147156,0.0108225522562861,0.0025307193864136,0.0109408907592296,0.0007278186967596,0.0163083970546722,0.0290908813476562,-0.0088170384988188,-0.0282685253769159,-0.0116195203736424,-0.0036363773979246,-0.0136102847754955,0.0,0.0028735604137182,-0.0204379372298717,0.0057803411036729,0.0119224926456809,0.006545465439558,0.0095729101449251,-0.0043447078205645,-0.0036469870246946,-0.013571398332715,0.0007320811855606,0.0,-0.0036576583515852,-0.0077958651818335,0.0234948378056287,0.0014194111572578,-0.0143471891060471,0.0307242181152105,0.0240174625068903,-0.0270462706685066,-0.0042643542401492,0.0064470022916793,0.0192719120532274,0.012327779084444,-0.0042016431689262,0.0051020183600485,-0.006329124327749,-0.0143678020685911,0.0070771002210676,-0.0035791115369647,0.0196767877787351,-0.0007152557373046,-0.0068918247707188,0.0123098567128181,-0.0076335640624165,-0.017780939117074,0.0167832002043724,0.015162456780672,-0.0034388026688247,0.0191317312419414,-0.0165631305426359,0.0179775096476078,-0.0140350740402936,-0.0176600273698568,0.0185053534805774,0.0248868707567453,0.0034940065816044,-0.0037565883249044,-0.0292479172348976,0.0191424190998077,-0.0021520613227039,0.0283465050160884,0.012940352782607,0.0316815078258514,-0.017033340409398,-0.0096540534868836,0.002888083923608,-0.0326848290860652,0.0093592591583728,-0.0007775486446917,0.0249642953276634,-0.0294339880347251,-0.0048712384887039,0.0176650956273078,-0.0034965167287737,-0.0305286552757024,0.0028070148546248,-0.0014869519509375,0.0237928722053766,-0.0059127807617187,0.0095694009214639,-0.000738569360692,0.0392687804996967,0.0104477871209383,0.0195439234375953,-0.0081421621143817,0.0134185329079628,0.0546447932720184,0.0327868536114692,-0.025855453684926,0.0097681172192096,-0.0817039161920547,0.0133010456338524,-0.0171585455536842,0.0035799203906208,-0.0514322891831398,0.0011890878668054,0.0065530422143638,-0.021080732345581,0.00527008716017,-0.0205673724412918,0.0014104022411629,0.007801393809919,-0.013888875804916,-0.0262411922885754,-0.0104530010846,-0.0354609905072271,-0.0359809730069635,-0.0191489670696853,0.024531035605368,0.0184012022997925,0.0164638171433457,0.179785306586895,-0.0645586615198218,2019-02-28,2019-03-01,2019-03-04,2019-03-05,2019-03-06,2019-03-07,2019-03-08,2019-03-11,2019-03-12,2019-03-13,90464.0,2019-02-27,252.0,-0.7042%,0.0001,0.6255,0.9608,0.7379,1.7206%,1.8737%,15.6731%,-0.008594,SPOK,90464.0,2019-02-28,252.0,-2.0567%,0.0001,0.6269,0.9611,0.7429,1.7239%,1.8764%,15.5947%,-0.017076,SPOK,90464.0,2019-03-01,252.0,2.8964%,-0.0001,0.6689,1.0237,0.7967,1.6876%,1.8616%,17.8167%,0.024546,SPOK,90464.0,2019-03-04,252.0,-3.3779%,-0.0002,0.6805,1.0114,0.7876,1.6941%,1.8696%,17.8927%,-0.029403,SPOK,90464.0,2019-03-05,252.0,0.5827%,-0.0002,0.6807,1.0203,0.7832,1.6948%,1.8699%,17.8509%,0.0119189999999999,SPOK,90464.0,2019-03-06,252.0,-1.5206%,-0.0001,0.6854,1.0087,0.787,1.6934%,1.8719%,18.1605%,0.002963,SPOK,90464.0,2019-03-07,252.0,1.0294%,0.0,0.6798,1.0193,0.7826,1.6956%,1.8730%,18.0459%,0.019127,SPOK,90464.0,2019-03-08,252.0,-0.1456%,-0.0,0.6802,1.0107,0.7838,1.6949%,1.8712%,17.9590%,0.000771,SPOK,90464.0,2019-03-11,252.0,0.7289%,-0.0001,0.6786,1.0202,0.79,1.6934%,1.8714%,18.1141%,-0.0025,SPOK,90464.0,2019-03-12,252.0,0.3618%,0.0001,0.6992,1.0133,0.8109,1.6870%,1.8699%,18.6099%,0.00532,SPOK,90464.0,2019-03-13,252.0,-0.2884%,0.0003,0.6956,1.063,0.8188,1.6410%,1.8336%,19.8993%,-0.005135,SPOK,-0.02567,-0.001124,-0.030527,-0.015645,0.0019379999999999
13011,STONERIDGE INC,"Stoneridge FY18 Adj. EPS $1.99, Up 26.6% Year Over Year, Sales $866.2M, Up 5.1% YoY; Sees FY19 Sales $855M-$875M, Adj. EPS $1.70-$1.90",6,decrease,0.7,0.5,"while stoneridge reported strong fy18 results, the guidance for fy19 shows a decline in expected sales and adjusted eps, which may lead to a negative market reaction.",0,2019-02-27,SRI,2019-02-27 23:01:00+00:00,85440.0,86183P10,0.0138888675719499,161912.0,0.038637176156044,-0.0007117600762285,0.0175854060798883,0.0028551006689667,-0.0016616563079878,0.0196506883949041,-0.01131824683398,-0.0065076034516096,-0.0040404321625828,0.0021738936193287,-0.018593618646264,0.0080351065844297,-0.022735096514225,0.0466360598802566,0.0095170438289642,0.0139535125344991,-0.0157122500240802,-0.0137614915147423,-0.0060305097140371,0.0278978012502193,-0.0274803861975669,0.007521794643253,0.028623878955841,-0.0369805321097374,0.0032108509913086,-0.0345970019698143,0.0206258855760097,0.0104128187522292,-0.0052265338599681,0.0267277136445045,0.0098073799163103,0.00730771292001,-0.053069744259119,-0.0042129685170948,-0.0062271091155707,0.005778179038316,0.024327378720045,0.0015431715874001,0.0025188806466758,-0.0091743031516671,0.0218951422721147,-0.0161715038120746,0.0136986756697297,0.0102583765983581,0.0124739669263362,0.0130869960412383,-0.0027378483209759,-0.0147895822301507,0.0168153662234544,-0.0207946319133043,0.0053999917581677,0.0282550491392612,0.0298757757991552,-0.0176293812692165,0.0022816066630184,-0.0270072910934686,-0.0094309244304895,0.0058737094514071,0.0006566138472408,-0.0065645626746118,0.0052493386901915,-0.0043573286384344,0.0199086368083953,0.0043763983994722,0.0054400023072957,0.0025594038888812,0.0073201637715101,0.0523278415203094,0.0031595698092132,0.0140460636466741,0.0081889238208532,0.0198965389281511,-0.0009371690102852,-0.0019857482984662,0.0046904794871807,0.0215010419487953,-0.0009337874944321,0.0262281075119972,-0.0211837515234947,0.0470793321728706,0.0079567153006792,0.0052585820667445,-0.0022102841176092,0.0146731846034526,-0.0053797489963471,-0.0148926917463541,-0.0038180348929017,-0.0407562740147113,-0.0194825530052185,-0.0205761324614286,0.0250813849270343,0.0099750533699989,-0.0257387831807136,-0.0183598846197128,-0.0332681164145469,-0.0195999909192323,-0.0199055392295122,0.0048231850378215,-0.0092942705377936,-0.0048000337556004,-0.0097290016710758,0.0129659520462155,-0.0217544157058,-0.0036334337200969,-0.0053801871836185,0.0056841778568923,0.0147854257375001,-0.0291683748364448,-0.0021321771200746,-0.0147572485730052,-0.0156695339828729,-0.0462962947785854,-0.0083212573081254,0.009345794096589,0.0091207586228847,0.0217723324894905,-0.0191612690687179,-0.0056969090364873,-0.025433050468564,-0.0105223851278424,0.038637176156044,-0.0007117600762285,0.0569020326684166,0.0021413084460684,0.055145824738908,0.0218340750260035,0.0389884311828347,0.0173912869273691,-0.0158060719616319,0.1033398442399542,0.0706006397479492,0.0240700139241476,-0.0713030881754545,0.0552423598495595,2019-02-28,2019-03-01,2019-03-04,2019-03-05,2019-03-06,2019-03-07,2019-03-08,2019-03-11,2019-03-12,2019-03-13,85440.0,2019-02-27,252.0,1.3889%,0.001,0.9242,1.1592,0.4028,2.2504%,2.4957%,18.6876%,0.0112319999999999,SRI,85440.0,2019-02-28,252.0,3.8637%,0.0012,0.9105,1.1511,0.3833,2.2644%,2.5023%,18.1147%,0.042177,SRI,85440.0,2019-03-01,252.0,1.7585%,0.0013,0.9046,1.1423,0.3704,2.2635%,2.4978%,17.8784%,0.009134,SRI,85440.0,2019-03-04,252.0,-0.1662%,0.0011,0.9263,1.0661,0.3658,2.2435%,2.4797%,18.1391%,0.006077,SRI,85440.0,2019-03-05,252.0,-1.1318%,0.0011,0.9279,1.0742,0.3695,2.2439%,2.4792%,18.0798%,-0.005651,SRI,85440.0,2019-03-06,252.0,-0.4040%,0.0011,0.916,1.046,0.3522,2.2452%,2.4772%,17.8560%,0.017051,SRI,85440.0,2019-03-07,252.0,-1.8594%,0.001,0.9148,1.0195,0.3431,2.2408%,2.4703%,17.7165%,-0.009278,SRI,85440.0,2019-03-08,252.0,-2.2735%,0.0009,0.9175,1.0243,0.3471,2.2448%,2.4747%,17.7210%,-0.020739,SRI,85440.0,2019-03-11,252.0,0.9517%,0.0009,0.9137,1.0244,0.3491,2.2451%,2.4753%,17.7361%,-0.006126,SRI,85440.0,2019-03-12,252.0,-1.5712%,0.0008,0.9004,1.0343,0.3379,2.2455%,2.4712%,17.4288%,-0.014939,SRI,85440.0,2019-03-13,252.0,-0.6031%,0.0008,0.8966,1.0525,0.3381,2.2435%,2.4699%,17.4950%,-0.009204,SRI,0.053409,0.062543,0.06862,0.08002,0.0197339999999999
13019,SOUTHWEST GAS HOLDINGS INC,Southwest Gas Q4 Adj. EPS $1.54 Beats $1.53 Estimate; Sees FY19 EPS $3.75-$4 vs $3.99 Estimate,6,uncertain,0.6,0.3,"while the adjusted eps beat estimates, the guidance for fy19 eps is below expectations, leading to mixed signals about the company's future performance.",1,2019-02-27,SWX,2019-02-27 22:02:00+00:00,61188.0,84489510,-0.0015990759711712,308350.0,0.0094863167032599,-0.0164529457688331,0.0114717446267604,-0.0187558662146329,0.0230454113334417,0.0030959097202867,-0.02913080714643,0.0132722752168774,-0.0037657623179256,0.0087633104994893,-0.0001219623954966,0.0189756471663713,0.0063414224423468,0.0323943495750427,0.004605003632605,0.0002544526942074,0.012062725611031,0.0130171691998839,-0.0044100447557866,-0.0107102375477552,-0.0088590672239661,-0.0008917158702388,0.004348358605057,-0.0051958388648927,0.0022849645465612,0.0172747708857059,-0.0065994174219667,-0.0052578053437173,-0.004348358605057,0.0025714139919728,0.0082494271919131,-0.004224834498018,-0.0016845071222633,-0.0026812958531081,0.003374699037522,0.0258022435009479,0.0032432028092443,-0.000785305397585,-0.011015304364264,-0.0007845895015634,-0.0001210912378155,-0.0091992625966668,-0.0039955712854862,-0.0145556610077619,0.0060782884247601,0.0028169171418994,-0.0136539973318576,-0.000895480334293,0.0037976871244609,-0.0031879623420536,0.0041493326425552,-0.0087220631539821,0.0150704653933644,0.0154023477807641,-0.0052681374363601,0.0112928701564669,-0.0114348167553544,0.0146187357604503,0.0045050866901874,-0.0173417422920465,0.0106666330248117,-0.0059180073440074,0.0023987116292119,0.0227632019668817,0.0051447749137878,-0.0108030950650572,-0.0071419887244701,0.0336337946355342,-0.0110299214720726,-0.0141909774392843,-0.0029094177298247,0.0200216900557279,-0.0070516942068934,-0.0012161054182797,0.008203724399209,-0.0325489901006221,0.0017003525281324,0.0136477909982204,0.0008486868464387,0.0002651328395586,-0.0008479672251269,0.0064025036990642,0.0052133887074887,0.0118775125592947,0.0033771409653127,-0.0736434981226921,-0.0099771823734045,0.0011265986831858,-0.0026712145190685,-0.0027462390717118,0.0177745204418897,-0.0029869056306779,-0.0075358524918556,-0.0038433570880442,-0.0174762513488531,-0.0245495066046714,-0.0051520876586437,-0.0040948614478111,-0.0186190158128738,0.0035049663856625,0.0459857247769832,0.0203477814793586,0.0086486637592315,0.0011110658524557,0.0019649295136332,0.0029717416036874,0.0035889826249331,-0.0049285548739135,0.0194301735609769,0.0073228739202022,-0.0149672450497746,0.0046135005541145,0.0017806449905037,0.0181541237980127,0.001540434313938,0.0251171309500932,0.0121865412220358,-0.0153767885640263,0.0157802272588014,0.014692461118102,0.0094863167032599,-0.0164529457688331,0.0210668859326887,-0.0349002227337893,0.0445977923179641,-0.0319123609523043,0.0103487005407589,-0.0104673854293378,0.0290747894055003,0.0434949483469198,0.0163853864592276,0.0591602523804397,0.0775728030132725,0.0641178635833401,2019-02-28,2019-03-01,2019-03-04,2019-03-05,2019-03-06,2019-03-07,2019-03-08,2019-03-11,2019-03-12,2019-03-13,61188.0,2019-02-27,252.0,-0.1599%,0.0008,0.3343,0.1119,0.1018,1.4132%,1.4527%,5.3707%,-0.002101,SWX,61188.0,2019-02-28,252.0,0.9486%,0.0009,0.3289,0.1085,0.0956,1.4140%,1.4522%,5.1909%,0.010655,SWX,61188.0,2019-03-01,252.0,1.1472%,0.001,0.312,0.0833,0.0656,1.4015%,1.4367%,4.8452%,0.009082,SWX,61188.0,2019-03-04,252.0,2.3045%,0.0011,0.3062,0.081,0.0719,1.4088%,1.4422%,4.5750%,0.024655,SWX,61188.0,2019-03-05,252.0,-2.9131%,0.0011,0.3162,0.1395,0.0899,1.4135%,1.4495%,4.8997%,-0.028276,SWX,61188.0,2019-03-06,252.0,-0.3766%,0.0009,0.2901,0.1633,0.0636,1.3786%,1.4118%,4.6456%,0.000523,SWX,61188.0,2019-03-07,252.0,-0.0122%,0.0009,0.2914,0.1726,0.0679,1.3777%,1.4113%,4.7095%,0.0024909999999999,SWX,61188.0,2019-03-08,252.0,0.6341%,0.0009,0.2908,0.1689,0.0672,1.3780%,1.4114%,4.6745%,0.006922,SWX,61188.0,2019-03-11,252.0,0.4605%,0.0009,0.2902,0.1709,0.0686,1.3779%,1.4115%,4.6975%,-7.6e-05,SWX,61188.0,2019-03-12,252.0,1.2063%,0.0009,0.2783,0.1686,0.0541,1.3764%,1.4078%,4.4104%,0.011781,SWX,61188.0,2019-03-13,252.0,-0.4410%,0.0008,0.2767,0.1568,0.0495,1.3716%,1.4026%,4.3695%,-0.005896,SWX,0.0085539999999999,0.017636,0.0422909999999999,0.0145379999999999,0.0297599999999999
13027,TRANSALTA CORP,"TransAlta Q4 EPS $(0.32) Down From $(0.11) YoY, Sales $466.5M Miss $506.52M Estimate",6,decrease,0.8,0.7,the significant loss in eps and the sales miss compared to estimates are likely to negatively impact investor sentiment and lead to a decrease in stock price.,0,2019-02-27,TAC,2019-02-27 12:21:00+00:00,89068.0,89346D10,0.0641892105340957,706736.0,-0.0285063553601503,0.036777589470148,-0.0032840690109878,-0.0052264346741139,-0.006589779164642,0.0017451574094593,-0.0033167463261634,0.0,0.023294486105442,-0.0017421171069145,-0.0178862009197473,0.0070175374858081,0.0049669221043586,0.0088495071977376,0.001647405559197,0.0180179998278617,0.0230262950062751,-0.016829015687108,-0.0064308624714612,0.0098389675840735,0.0194175355136394,0.0090253055095672,-0.0126984762027859,-0.0035971188917756,0.070739559829235,-0.0035842261277139,0.0120120011270046,0.0,0.0192878507077693,0.0,-0.0058224108070135,-0.0193321853876113,-0.0117130195721983,0.0383211746811866,0.0459259189665317,0.0148148005828261,0.0070821801200509,0.0150375794619321,0.0295358691364526,0.0075757498852908,0.009562799707055,-0.0037735812366008,-0.0067658610641956,0.0,0.0177111215889453,0.005692639388144,0.0026773735880851,0.0518961548805236,-0.0040053050033748,0.0266393665224313,-0.0067024384625256,0.0230608247220516,-0.0067475996911525,-0.0103734834119677,0.0054347771219909,0.0104822199791669,-0.0027026999741792,-0.0020920978859066,0.0040650041773915,0.0346321053802967,-0.0053981058299541,-0.0375000610947608,-0.0027137016877532,0.0300429929047823,-0.0122448541224002,0.0152504779398441,-0.0096418969333171,0.0408163964748382,0.0097357677295804,0.0,-0.0289256237447261,0.0161289609968662,0.00141840451397,0.0382775925099849,-0.0254957266151905,0.0145630929619073,-0.010174443013966,-0.0048309136182069,-0.0176211278885603,0.0097560882568359,0.005979067645967,-0.0375587604939937,-0.0074294488877058,0.039024468511343,0.0074850586242973,-0.0596330799162387,-0.0104012144729495,-0.0459518656134605,0.0030030002817511,-0.0596707724034786,0.0029940092936158,-0.0040983567014336,-0.0014925003051757,-0.043137215077877,0.0014947312884032,-0.0173410698771476,-0.0029850718565285,-0.0057470756582915,0.0029940092936158,0.006750211585313,0.0074627152644097,-0.0057526766322553,-0.0029629601631313,-0.0009577849996276,0.002971765352413,-0.0150944143533706,-0.0266666412353515,0.0,-0.0060882740654051,-0.0111940186470747,0.0,-0.003717468585819,-0.019908133894205,0.0018622400239109,0.024999976158142,0.0246906839311122,0.001524425111711,-0.0075329495593905,-0.0213090311735868,-0.0018797422526404,-0.0285063553601503,0.036777589470148,-0.0316968075328837,0.0313589391271968,-0.0380777117356599,0.0331588228216268,-0.0189349985176344,0.0313589391622295,-0.0141493583283847,0.0590339736848186,0.1820636407563138,0.2813853263908015,0.0257313325639094,0.1190234521487223,2019-02-28,2019-03-01,2019-03-04,2019-03-05,2019-03-06,2019-03-07,2019-03-08,2019-03-11,2019-03-12,2019-03-13,89068.0,2019-02-27,252.0,6.4189%,0.001,0.4964,-0.2242,0.1841,1.6948%,1.7672%,8.0271%,0.064301,TAC,89068.0,2019-02-28,252.0,-2.8506%,0.0008,0.5046,-0.2195,0.1965,1.7034%,1.7770%,8.1110%,-0.026562,TAC,89068.0,2019-03-01,252.0,-0.3284%,0.0006,0.5445,-0.1602,0.2612,1.6487%,1.7329%,9.4782%,-0.005585,TAC,89068.0,2019-03-04,252.0,-0.6590%,0.0005,0.553,-0.183,0.2578,1.6458%,1.7327%,9.7767%,-0.005508,TAC,89068.0,2019-03-05,252.0,-0.3317%,0.0004,0.5476,-0.2267,0.255,1.6376%,1.7249%,9.8576%,-0.002415,TAC,89068.0,2019-03-06,252.0,2.3294%,0.0005,0.5417,-0.2806,0.241,1.6439%,1.7309%,9.7935%,0.024846,TAC,89068.0,2019-03-07,252.0,-1.7886%,0.0005,0.5524,-0.2546,0.2625,1.6420%,1.7311%,10.0297%,-0.012935,TAC,89068.0,2019-03-08,252.0,0.4967%,0.0005,0.5517,-0.257,0.2615,1.6424%,1.7313%,10.0100%,0.006666,TAC,89068.0,2019-03-11,252.0,0.1647%,0.0005,0.5489,-0.2537,0.2649,1.6422%,1.7305%,9.9436%,-0.004377,TAC,89068.0,2019-03-12,252.0,2.3026%,0.0006,0.5528,-0.2638,0.2651,1.6472%,1.7355%,9.9170%,0.0210659999999999,TAC,89068.0,2019-03-13,252.0,-0.6431%,0.0006,0.5487,-0.2529,0.2632,1.6483%,1.7351%,9.7597%,-0.0113359999999999,TAC,0.0377389999999999,0.0321539999999999,0.0266459999999999,0.0490769999999999,0.0481609999999999
13035,CARROLS RESTAURANT GROUP INC,Carrols Restaurant Group Sees FY19 Total Restaurant Sales $1.25B-$1.28B vs $1.34B Est.,6,decrease,0.8,0.7,"the company's projected total restaurant sales for fy19 are below analyst estimates, which is likely to negatively impact investor sentiment and lead to a decrease in stock price.",0,2019-02-27,TAST,2019-02-27 12:04:00+00:00,91678.0,14574X10,-0.0413297414779663,582250.0,0.0018743677064776,0.00270267855376,0.0093545727431774,-0.0080428244546055,-0.0101945931091904,0.0209853593260049,0.0,0.0262172035872936,-0.0168539602309465,0.1422459781169891,-0.0333333685994148,0.0064586028456687,-0.0068965218961238,0.0265193115919828,0.0029761639889329,0.0022148902062326,-0.0108802830800414,-0.0087815504521131,0.0119999889284372,-0.0032823507208377,-0.0039525656029582,0.0144284255802631,0.0069444142282009,0.0089585576206445,0.0157636255025863,0.0113250715658068,-0.0193987153470516,-0.036026194691658,-0.0148367583751678,0.0077007361687719,0.0060241385363042,0.0719340369105339,-0.0359282046556472,-0.0173812936991453,0.0031055624131113,-0.0259593166410923,0.0247678775340318,-0.0166482310742139,-0.0161127727478742,-0.0011086728191003,0.022517841309309,-0.0280171632766723,-0.0020019523799419,0.0065075340680778,0.0080240638926625,-0.0284509491175413,-0.0069652386009693,0.0532740876078605,-0.0030059854034334,0.0404157489538192,0.0060301930643618,-0.0367074459791183,-0.0099900476634502,-0.0228260923177003,-0.0131180742755532,-0.0295358374714851,-0.0040899757295846,-0.0031546463724225,0.0205338615924119,-0.0236139167100191,0.0130784828215837,-0.0101626403629779,-0.0158887635916471,-0.0090634590014815,-0.0040363231673836,-0.0089820511639118,-0.0030394867062568,-0.0484329797327518,-0.0182927139103412,0.0647117644548416,0.0144927892833948,0.0432490333914756,0.003061197232455,-0.029682794585824,0.0295015219599008,-0.0071137901395559,-0.0079051312059164,0.0490405149757862,0.0019920775666832,-0.0136698326095938,-0.0039761392399668,-0.0093750152736902,-0.0019960536155849,0.0245464779436588,-0.0189999584108591,-0.0330237075686454,-0.0132517954334616,0.0232311841100454,0.0185949746519327,0.0315904095768928,0.0456390231847763,-0.0021738591603934,0.0184286683797836,-0.0274841673672199,0.0028571174480021,-0.0186722297221422,-0.1443494409322739,-0.0193285439163446,-0.0199778359383344,-0.0257681086659431,0.013590021058917,-0.0117531716823577,-0.036871500313282,-0.0475746467709541,0.0081206141039729,0.0141911618411541,-0.0253163781017065,-0.022201731801033,-0.018890181556344,0.0037140166386961,0.0168470982462167,-0.0426666252315044,0.0094674471765756,0.0208711009472608,0.0304806847125291,-0.0186998303979635,-0.0136518646031618,0.0117116356268525,0.0057670348323881,0.0127737540751695,0.0018743677064776,0.00270267855376,0.0112464743587128,-0.0053618830700106,0.0009372280195223,0.015510955213106,-0.0159325282151925,0.1903742984292145,-0.051546408097565,0.2177242597795168,-0.0684161667689206,0.1427105137717368,-0.1827553773618578,0.0155109611292885,2019-02-28,2019-03-01,2019-03-04,2019-03-05,2019-03-06,2019-03-07,2019-03-08,2019-03-11,2019-03-12,2019-03-13,91678.0,2019-02-27,252.0,-4.1330%,-0.0005,0.3787,0.6549,0.2808,2.3502%,2.3990%,4.0227%,-0.042699,TAST,91678.0,2019-02-28,252.0,0.1874%,-0.0005,0.3771,0.654,0.2787,2.3504%,2.3986%,3.9810%,0.003519,TAST,91678.0,2019-03-01,252.0,0.9355%,-0.0005,0.3859,0.667,0.2893,2.3494%,2.3992%,4.1088%,0.005768,TAST,91678.0,2019-03-04,252.0,-1.0195%,-0.0005,0.3804,0.6908,0.2895,2.3482%,2.3990%,4.1859%,-0.0067379999999999,TAST,91678.0,2019-03-05,252.0,0.0000%,-0.0004,0.3845,0.7248,0.2909,2.3446%,2.3979%,4.3924%,0.0033929999999999,TAST,91678.0,2019-03-06,252.0,-1.6854%,-0.0005,0.3721,0.7457,0.2798,2.3388%,2.3934%,4.5141%,-0.004698,TAST,91678.0,2019-03-07,252.0,-3.3333%,-0.0006,0.3905,0.7803,0.3141,2.3415%,2.4005%,4.8577%,-0.028927,TAST,91678.0,2019-03-08,252.0,-0.6897%,-0.0006,0.3909,0.7851,0.3145,2.3416%,2.4008%,4.8765%,-0.005984,TAST,91678.0,2019-03-11,252.0,0.2976%,-0.0006,0.3889,0.7872,0.3167,2.3415%,2.4009%,4.8872%,-0.004129,TAST,91678.0,2019-03-12,252.0,-1.0880%,-0.0006,0.3992,0.789,0.3292,2.3408%,2.4014%,4.9836%,-0.009485,TAST,91678.0,2019-03-13,252.0,1.2000%,-0.0005,0.4028,0.7918,0.3338,2.3411%,2.4023%,5.0303%,0.011457,TAST,-0.03918,-0.033412,-0.04015,-0.041455,-0.078523
13043,CARROLS RESTAURANT GROUP INC,"Carrols Restaurant Group Q4 Adj. EPS $0.05 Misses $0.08 Estimate, Sales $307.8M Beat $305.93M Estimate",6,decrease,0.7,0.5,"the miss on adjusted eps is likely to weigh more heavily on investor sentiment than the slight beat on sales, leading to a potential decrease in stock price.",0,2019-02-27,TAST,2019-02-27 12:03:00+00:00,91678.0,14574X10,-0.0413297414779663,582250.0,0.0018743677064776,0.00270267855376,0.0093545727431774,-0.0080428244546055,-0.0101945931091904,0.0209853593260049,0.0,0.0262172035872936,-0.0168539602309465,0.1422459781169891,-0.0333333685994148,0.0064586028456687,-0.0068965218961238,0.0265193115919828,0.0029761639889329,0.0022148902062326,-0.0108802830800414,-0.0087815504521131,0.0119999889284372,-0.0032823507208377,-0.0039525656029582,0.0144284255802631,0.0069444142282009,0.0089585576206445,0.0157636255025863,0.0113250715658068,-0.0193987153470516,-0.036026194691658,-0.0148367583751678,0.0077007361687719,0.0060241385363042,0.0719340369105339,-0.0359282046556472,-0.0173812936991453,0.0031055624131113,-0.0259593166410923,0.0247678775340318,-0.0166482310742139,-0.0161127727478742,-0.0011086728191003,0.022517841309309,-0.0280171632766723,-0.0020019523799419,0.0065075340680778,0.0080240638926625,-0.0284509491175413,-0.0069652386009693,0.0532740876078605,-0.0030059854034334,0.0404157489538192,0.0060301930643618,-0.0367074459791183,-0.0099900476634502,-0.0228260923177003,-0.0131180742755532,-0.0295358374714851,-0.0040899757295846,-0.0031546463724225,0.0205338615924119,-0.0236139167100191,0.0130784828215837,-0.0101626403629779,-0.0158887635916471,-0.0090634590014815,-0.0040363231673836,-0.0089820511639118,-0.0030394867062568,-0.0484329797327518,-0.0182927139103412,0.0647117644548416,0.0144927892833948,0.0432490333914756,0.003061197232455,-0.029682794585824,0.0295015219599008,-0.0071137901395559,-0.0079051312059164,0.0490405149757862,0.0019920775666832,-0.0136698326095938,-0.0039761392399668,-0.0093750152736902,-0.0019960536155849,0.0245464779436588,-0.0189999584108591,-0.0330237075686454,-0.0132517954334616,0.0232311841100454,0.0185949746519327,0.0315904095768928,0.0456390231847763,-0.0021738591603934,0.0184286683797836,-0.0274841673672199,0.0028571174480021,-0.0186722297221422,-0.1443494409322739,-0.0193285439163446,-0.0199778359383344,-0.0257681086659431,0.013590021058917,-0.0117531716823577,-0.036871500313282,-0.0475746467709541,0.0081206141039729,0.0141911618411541,-0.0253163781017065,-0.022201731801033,-0.018890181556344,0.0037140166386961,0.0168470982462167,-0.0426666252315044,0.0094674471765756,0.0208711009472608,0.0304806847125291,-0.0186998303979635,-0.0136518646031618,0.0117116356268525,0.0057670348323881,0.0127737540751695,0.0018743677064776,0.00270267855376,0.0112464743587128,-0.0053618830700106,0.0009372280195223,0.015510955213106,-0.0159325282151925,0.1903742984292145,-0.051546408097565,0.2177242597795168,-0.0684161667689206,0.1427105137717368,-0.1827553773618578,0.0155109611292885,2019-02-28,2019-03-01,2019-03-04,2019-03-05,2019-03-06,2019-03-07,2019-03-08,2019-03-11,2019-03-12,2019-03-13,91678.0,2019-02-27,252.0,-4.1330%,-0.0005,0.3787,0.6549,0.2808,2.3502%,2.3990%,4.0227%,-0.042699,TAST,91678.0,2019-02-28,252.0,0.1874%,-0.0005,0.3771,0.654,0.2787,2.3504%,2.3986%,3.9810%,0.003519,TAST,91678.0,2019-03-01,252.0,0.9355%,-0.0005,0.3859,0.667,0.2893,2.3494%,2.3992%,4.1088%,0.005768,TAST,91678.0,2019-03-04,252.0,-1.0195%,-0.0005,0.3804,0.6908,0.2895,2.3482%,2.3990%,4.1859%,-0.0067379999999999,TAST,91678.0,2019-03-05,252.0,0.0000%,-0.0004,0.3845,0.7248,0.2909,2.3446%,2.3979%,4.3924%,0.0033929999999999,TAST,91678.0,2019-03-06,252.0,-1.6854%,-0.0005,0.3721,0.7457,0.2798,2.3388%,2.3934%,4.5141%,-0.004698,TAST,91678.0,2019-03-07,252.0,-3.3333%,-0.0006,0.3905,0.7803,0.3141,2.3415%,2.4005%,4.8577%,-0.028927,TAST,91678.0,2019-03-08,252.0,-0.6897%,-0.0006,0.3909,0.7851,0.3145,2.3416%,2.4008%,4.8765%,-0.005984,TAST,91678.0,2019-03-11,252.0,0.2976%,-0.0006,0.3889,0.7872,0.3167,2.3415%,2.4009%,4.8872%,-0.004129,TAST,91678.0,2019-03-12,252.0,-1.0880%,-0.0006,0.3992,0.789,0.3292,2.3408%,2.4014%,4.9836%,-0.009485,TAST,91678.0,2019-03-13,252.0,1.2000%,-0.0005,0.4028,0.7918,0.3338,2.3411%,2.4023%,5.0303%,0.011457,TAST,-0.03918,-0.033412,-0.04015,-0.041455,-0.078523
13051,T E S S C O TECHNOLOGIES INC,"Tessco Reports Deal To Distribute Test, Measurement Equipment From Anritsu, No Terms Disclosed",6,increase,0.7,0.6,"the distribution deal with anritsu could enhance tessco's product offerings and revenue potential, positively impacting investor sentiment.",2,2019-02-27,TESS,2019-02-27 14:31:00+00:00,80951.0,87238610,0.0117283100262284,68634.0,0.0036608527880162,0.036136906594038,-0.001823749858886,0.0245740488171577,-0.0039586196653544,0.0079260161146521,-0.0006114478455856,0.009333356283605,0.0125420577824115,-0.0069513106718659,-0.0024168586824089,0.0083444593474268,-0.0018171221017837,0.0020066711585968,-0.0175970271229744,0.002682760823518,-0.0444719120860099,0.0013431500410661,-0.0064641488716006,-0.0150130130350589,0.011060512624681,0.0078947292640805,0.0019304847810417,-0.011060512624681,0.0192678347229957,0.0315436422824859,0.030245779082179,-0.0086493752896785,-0.0183486938476562,-0.0617977976799011,0.0068536209873855,0.0012500286102294,-0.0154764940962195,-0.0006246239063329,-0.0150786386802792,-0.0024921500589698,0.0095724072307348,-0.0031056611333042,-0.0006320654647424,0.0222222469747066,-0.024667952209711,0.0032933270558714,0.0038910158909857,0.0571245774626731,-0.0135658327490091,0.0599571838974952,0.0019646189175546,-0.0147679345682263,0.0784313604235649,0.0252343472093343,0.0133332917466759,0.0228613168001174,0.0831340551376342,-0.0102189341560006,0.0143567211925983,-0.0214285850524902,0.0195970982313156,0.0,0.0427122898399829,0.0,0.0066563826985657,0.1419249325990677,-0.0315360613167285,0.009053548797965,0.016281483694911,0.0124999685212969,0.005167978350073,-0.0053874496370553,0.0061696106567978,-0.0309237129986286,0.000510997895617,-0.0040000150911509,-0.0102145439013838,-0.0134175280109047,0.0144479200243949,0.0558333396911621,0.0116988578811287,-0.0099009806290268,-0.0497737452387809,0.0439276695251464,-0.0153438635170459,0.0004308586649131,0.0204190835356712,0.028812039643526,-0.0236966218799352,0.0681817531585693,0.032362375408411,-0.0621669441461563,0.0031348681077361,0.0053571802563965,0.0130208330228924,0.0154125187546014,0.0128534696996212,-0.0256183724850416,-0.0624366179108619,0.0125223062932491,0.0330265648663044,-0.0227272100746631,-0.0387840569019317,0.0250895824283361,-0.0169029142707586,0.0045004673302173,-0.1062119156122208,-0.0702928975224495,0.1281415224075317,0.0161564256995916,0.0071506686508655,-0.0208159871399402,0.0273074824362993,-0.0179884973913431,-0.0366825424134731,-0.0016326904296875,-0.0320088230073452,0.0090609267354011,0.0239452272653579,0.0148465111851692,0.0191441532224416,0.0111919287592172,-0.0215470325201749,0.0111111206933856,0.0036608527880162,0.036136906594038,0.0018304264493747,0.0615989855179386,-0.0021354391781183,0.0700132361844521,0.0097620412289056,0.0724926350661785,-0.062233041396168,0.071644699193389,0.1915803250844248,0.172685462697854,0.0927051185399294,0.4032133974694487,2019-02-28,2019-03-01,2019-03-04,2019-03-05,2019-03-06,2019-03-07,2019-03-08,2019-03-11,2019-03-12,2019-03-13,80951.0,2019-02-27,252.0,1.1728%,-0.0011,0.2972,0.2657,0.0828,2.4245%,2.4467%,1.8052%,0.010934,TESS,80951.0,2019-02-28,252.0,0.3661%,-0.0009,0.2796,0.2539,0.0687,2.4171%,2.4371%,1.6323%,0.004636,TESS,80951.0,2019-03-01,252.0,-0.1824%,-0.0008,0.2595,0.224,0.0392,2.4088%,2.4263%,1.4450%,-0.004388,TESS,80951.0,2019-03-04,252.0,-0.3959%,-0.0008,0.2583,0.229,0.0393,2.4087%,2.4263%,1.4474%,-0.001956,TESS,80951.0,2019-03-05,252.0,-0.0611%,-0.0008,0.2604,0.2464,0.0403,2.4078%,2.4260%,1.4952%,0.000542,TESS,80951.0,2019-03-06,252.0,1.2542%,-0.0007,0.2583,0.2036,0.0321,2.4096%,2.4268%,1.4121%,0.017728,TESS,80951.0,2019-03-07,252.0,-0.2417%,-0.0006,0.2613,0.2195,0.0406,2.4082%,2.4259%,1.4550%,-0.00014,TESS,80951.0,2019-03-08,252.0,-0.1817%,-0.0005,0.2598,0.2466,0.0367,2.4032%,2.4216%,1.5183%,-0.001373,TESS,80951.0,2019-03-11,252.0,-1.7597%,-0.0006,0.2488,0.2311,0.0335,2.4067%,2.4237%,1.3955%,-0.022254,TESS,80951.0,2019-03-12,252.0,-4.4472%,-0.0008,0.2416,0.2524,0.0341,2.4224%,2.4390%,1.3540%,-0.0445099999999999,TESS,80951.0,2019-03-13,252.0,-0.6464%,-0.0009,0.2404,0.2317,0.0278,2.4149%,2.4309%,1.3174%,-0.007416,TESS,0.01557,0.011182,0.009226,0.027496,-0.0481969999999999
13059,T J X COMPANIES INC NEW,"TJX Companies On Conference Call Says We Have Freight Mitigation Strategies, Which We Believe Are Going To Start Benefiting Us Next Year",6,increase,0.7,0.6,"the mention of freight mitigation strategies suggests improved operational efficiency, which could positively impact profitability and investor sentiment, likely leading to an increase in stock price.",2,2019-02-27,TJX,2019-02-27 16:54:00+00:00,40539.0,87254010,0.0370072424411773,15552706.0,-0.005236626137048,0.0064777266234159,0.0142327845096588,-0.0188678652048111,-0.01172627042979,0.004388537723571,0.004862867295742,-0.0075232083909213,0.0052264896221458,0.000594270590227,-0.0034662103280425,0.0049771051853895,-0.0199033580720424,0.0147474659606814,0.0193217564374208,-0.0078171854838728,0.0046421247534453,0.0067336559295654,0.0103966295719146,0.0132383210584521,-0.0072408742271363,0.003269306384027,-0.0063339350745081,0.0086561860516667,0.0112033616751432,-0.0049220235086977,-0.0024832331109791,-0.0093458527699112,0.0061279144138097,0.0046948259696364,-0.0009516413556411,0.0018404938746243,-0.0028577160555869,-0.0166900865733623,0.0085976449772715,0.0169733744114637,0.0009471346274949,0.0032827213872224,0.0041635357774794,-0.0044934111647307,0.0,0.001841623801738,0.0028269451577216,0.0039030120242387,0.0,0.0008223872282542,-0.0024430982302874,-0.0020517497323453,0.0016954848542809,-0.0085434941574931,0.0203122403472662,0.024166664108634,-0.0025806338526308,0.0098885176703333,0.0040658144280314,0.0044378503225743,-0.0093871178105473,0.01154341455549,0.0115198614075779,-0.0143278613686561,-0.0101028513163328,0.0078572714701294,0.0014845394762232,-0.003807918401435,0.0050027878023684,-0.0008455065544694,0.0046091442927718,0.0148005671799182,0.0104606291279196,0.0268721878528595,0.0010896759340539,0.0273818261921405,-0.012880970723927,-0.0105239860713481,0.0143355773761868,-0.001788149937056,0.0041674133390188,0.0212280359119176,-0.0061349035240709,-0.000684278726112,-0.0003631165018305,0.0,-0.0050854082219302,0.053086694329977,0.0018255255417898,-0.0071547636762261,-0.0171283241361379,-0.0117841148748993,0.0094549898058176,-0.0277268346399068,-0.0077135348692536,-0.0097572114318609,0.0029613149818032,-0.0060893204063177,-0.01420927233994,-0.0194604396820068,0.0110445562750101,-0.0128792868927121,-0.0031475315336138,-0.006290609948337,0.0074294488877058,0.0080909458920359,-0.0324484147131443,-0.0103873526677489,0.0019055313896387,0.0203134939074516,-0.0001902182120829,-0.0251829139888286,0.0066870171576738,-0.0150519208982586,0.0066426703706383,-0.0252118464559316,-0.0013197528896853,-0.0094165625050663,0.0054747420363128,0.0286375395953655,-0.0289147049188613,-0.0075234440155327,0.0085073206573724,0.050493948161602,-0.005236626137048,0.0064777266234159,0.0089216266012446,-0.0125123594541594,-0.0029092612347452,-0.0081787326920638,0.0071760848926483,-0.0150554348184832,0.0178432530532839,0.0165853020656567,0.0558571984959042,0.0517138185933288,0.0160823802019978,0.0958142197714249,2019-02-28,2019-03-01,2019-03-04,2019-03-05,2019-03-06,2019-03-07,2019-03-08,2019-03-11,2019-03-12,2019-03-13,40539.0,2019-02-27,252.0,3.7007%,0.001,0.689,0.2887,-0.0318,1.1472%,1.3756%,30.4491%,0.035723,TJX,40539.0,2019-02-28,252.0,-0.5237%,0.0011,0.6837,0.2849,-0.0346,1.1453%,1.3700%,30.1150%,-0.003338,TJX,40539.0,2019-03-01,252.0,1.4233%,0.0008,0.7323,0.3572,0.0373,1.0360%,1.3030%,36.7808%,0.008255,TJX,40539.0,2019-03-04,252.0,-1.1726%,0.0007,0.7361,0.3512,0.0347,1.0363%,1.3055%,36.9827%,-0.006725,TJX,40539.0,2019-03-05,252.0,0.4863%,0.0008,0.7351,0.3473,0.0316,1.0371%,1.3045%,36.7933%,0.007196,TJX,40539.0,2019-03-06,252.0,0.5226%,0.0008,0.7318,0.3142,0.0233,1.0407%,1.3048%,36.3801%,0.015674,TJX,40539.0,2019-03-07,252.0,-0.3466%,0.0008,0.7306,0.3125,0.0214,1.0407%,1.3046%,36.3548%,0.002741,TJX,40539.0,2019-03-08,252.0,-1.9903%,0.0009,0.7316,0.3393,0.0215,1.0364%,1.3040%,36.8329%,-0.018506,TJX,40539.0,2019-03-11,252.0,1.9322%,0.0009,0.7349,0.3407,0.0206,1.0371%,1.3091%,37.2380%,0.007221,TJX,40539.0,2019-03-12,252.0,0.4642%,0.001,0.7459,0.3371,0.0317,1.0341%,1.3093%,37.6114%,0.003685,TJX,40539.0,2019-03-13,252.0,1.0397%,0.001,0.7475,0.3381,0.0336,1.0343%,1.3104%,37.6978%,0.006288,TJX,0.032385,0.0406399999999999,0.0339149999999999,0.0567849999999999,0.0582139999999999
13067,T J X COMPANIES INC NEW,TJX Companies shares are trading higher despite mixed Q4 results and downbeat guidance. The company announced a $1.5 billion buyback and raised its quarterly dividend from $0.195 to 0.23 per share.,6,increase,0.7,0.6,"the announcement of a significant buyback and an increase in the quarterly dividend typically signals confidence in the company's financial health, which can positively influence investor sentiment despite mixed earnings results.",2,2019-02-27,TJX,2019-02-27 14:08:00+00:00,40539.0,87254010,0.0370072424411773,15552706.0,-0.005236626137048,0.0064777266234159,0.0142327845096588,-0.0188678652048111,-0.01172627042979,0.004388537723571,0.004862867295742,-0.0075232083909213,0.0052264896221458,0.000594270590227,-0.0034662103280425,0.0049771051853895,-0.0199033580720424,0.0147474659606814,0.0193217564374208,-0.0078171854838728,0.0046421247534453,0.0067336559295654,0.0103966295719146,0.0132383210584521,-0.0072408742271363,0.003269306384027,-0.0063339350745081,0.0086561860516667,0.0112033616751432,-0.0049220235086977,-0.0024832331109791,-0.0093458527699112,0.0061279144138097,0.0046948259696364,-0.0009516413556411,0.0018404938746243,-0.0028577160555869,-0.0166900865733623,0.0085976449772715,0.0169733744114637,0.0009471346274949,0.0032827213872224,0.0041635357774794,-0.0044934111647307,0.0,0.001841623801738,0.0028269451577216,0.0039030120242387,0.0,0.0008223872282542,-0.0024430982302874,-0.0020517497323453,0.0016954848542809,-0.0085434941574931,0.0203122403472662,0.024166664108634,-0.0025806338526308,0.0098885176703333,0.0040658144280314,0.0044378503225743,-0.0093871178105473,0.01154341455549,0.0115198614075779,-0.0143278613686561,-0.0101028513163328,0.0078572714701294,0.0014845394762232,-0.003807918401435,0.0050027878023684,-0.0008455065544694,0.0046091442927718,0.0148005671799182,0.0104606291279196,0.0268721878528595,0.0010896759340539,0.0273818261921405,-0.012880970723927,-0.0105239860713481,0.0143355773761868,-0.001788149937056,0.0041674133390188,0.0212280359119176,-0.0061349035240709,-0.000684278726112,-0.0003631165018305,0.0,-0.0050854082219302,0.053086694329977,0.0018255255417898,-0.0071547636762261,-0.0171283241361379,-0.0117841148748993,0.0094549898058176,-0.0277268346399068,-0.0077135348692536,-0.0097572114318609,0.0029613149818032,-0.0060893204063177,-0.01420927233994,-0.0194604396820068,0.0110445562750101,-0.0128792868927121,-0.0031475315336138,-0.006290609948337,0.0074294488877058,0.0080909458920359,-0.0324484147131443,-0.0103873526677489,0.0019055313896387,0.0203134939074516,-0.0001902182120829,-0.0251829139888286,0.0066870171576738,-0.0150519208982586,0.0066426703706383,-0.0252118464559316,-0.0013197528896853,-0.0094165625050663,0.0054747420363128,0.0286375395953655,-0.0289147049188613,-0.0075234440155327,0.0085073206573724,0.050493948161602,-0.005236626137048,0.0064777266234159,0.0089216266012446,-0.0125123594541594,-0.0029092612347452,-0.0081787326920638,0.0071760848926483,-0.0150554348184832,0.0178432530532839,0.0165853020656567,0.0558571984959042,0.0517138185933288,0.0160823802019978,0.0958142197714249,2019-02-28,2019-03-01,2019-03-04,2019-03-05,2019-03-06,2019-03-07,2019-03-08,2019-03-11,2019-03-12,2019-03-13,40539.0,2019-02-27,252.0,3.7007%,0.001,0.689,0.2887,-0.0318,1.1472%,1.3756%,30.4491%,0.035723,TJX,40539.0,2019-02-28,252.0,-0.5237%,0.0011,0.6837,0.2849,-0.0346,1.1453%,1.3700%,30.1150%,-0.003338,TJX,40539.0,2019-03-01,252.0,1.4233%,0.0008,0.7323,0.3572,0.0373,1.0360%,1.3030%,36.7808%,0.008255,TJX,40539.0,2019-03-04,252.0,-1.1726%,0.0007,0.7361,0.3512,0.0347,1.0363%,1.3055%,36.9827%,-0.006725,TJX,40539.0,2019-03-05,252.0,0.4863%,0.0008,0.7351,0.3473,0.0316,1.0371%,1.3045%,36.7933%,0.007196,TJX,40539.0,2019-03-06,252.0,0.5226%,0.0008,0.7318,0.3142,0.0233,1.0407%,1.3048%,36.3801%,0.015674,TJX,40539.0,2019-03-07,252.0,-0.3466%,0.0008,0.7306,0.3125,0.0214,1.0407%,1.3046%,36.3548%,0.002741,TJX,40539.0,2019-03-08,252.0,-1.9903%,0.0009,0.7316,0.3393,0.0215,1.0364%,1.3040%,36.8329%,-0.018506,TJX,40539.0,2019-03-11,252.0,1.9322%,0.0009,0.7349,0.3407,0.0206,1.0371%,1.3091%,37.2380%,0.007221,TJX,40539.0,2019-03-12,252.0,0.4642%,0.001,0.7459,0.3371,0.0317,1.0341%,1.3093%,37.6114%,0.003685,TJX,40539.0,2019-03-13,252.0,1.0397%,0.001,0.7475,0.3381,0.0336,1.0343%,1.3104%,37.6978%,0.006288,TJX,0.032385,0.0406399999999999,0.0339149999999999,0.0567849999999999,0.0582139999999999
13075,T J X COMPANIES INC NEW,TJX Adds $1.5B To Buyback,6,increase,0.75,0.6,"the announcement of a $1.5 billion buyback typically signals confidence in the company's financial health and can lead to an increase in stock price as it reduces the number of shares outstanding, potentially boosting earnings per share.",2,2019-02-27,TJX,2019-02-27 13:28:00+00:00,40539.0,87254010,0.0370072424411773,15552706.0,-0.005236626137048,0.0064777266234159,0.0142327845096588,-0.0188678652048111,-0.01172627042979,0.004388537723571,0.004862867295742,-0.0075232083909213,0.0052264896221458,0.000594270590227,-0.0034662103280425,0.0049771051853895,-0.0199033580720424,0.0147474659606814,0.0193217564374208,-0.0078171854838728,0.0046421247534453,0.0067336559295654,0.0103966295719146,0.0132383210584521,-0.0072408742271363,0.003269306384027,-0.0063339350745081,0.0086561860516667,0.0112033616751432,-0.0049220235086977,-0.0024832331109791,-0.0093458527699112,0.0061279144138097,0.0046948259696364,-0.0009516413556411,0.0018404938746243,-0.0028577160555869,-0.0166900865733623,0.0085976449772715,0.0169733744114637,0.0009471346274949,0.0032827213872224,0.0041635357774794,-0.0044934111647307,0.0,0.001841623801738,0.0028269451577216,0.0039030120242387,0.0,0.0008223872282542,-0.0024430982302874,-0.0020517497323453,0.0016954848542809,-0.0085434941574931,0.0203122403472662,0.024166664108634,-0.0025806338526308,0.0098885176703333,0.0040658144280314,0.0044378503225743,-0.0093871178105473,0.01154341455549,0.0115198614075779,-0.0143278613686561,-0.0101028513163328,0.0078572714701294,0.0014845394762232,-0.003807918401435,0.0050027878023684,-0.0008455065544694,0.0046091442927718,0.0148005671799182,0.0104606291279196,0.0268721878528595,0.0010896759340539,0.0273818261921405,-0.012880970723927,-0.0105239860713481,0.0143355773761868,-0.001788149937056,0.0041674133390188,0.0212280359119176,-0.0061349035240709,-0.000684278726112,-0.0003631165018305,0.0,-0.0050854082219302,0.053086694329977,0.0018255255417898,-0.0071547636762261,-0.0171283241361379,-0.0117841148748993,0.0094549898058176,-0.0277268346399068,-0.0077135348692536,-0.0097572114318609,0.0029613149818032,-0.0060893204063177,-0.01420927233994,-0.0194604396820068,0.0110445562750101,-0.0128792868927121,-0.0031475315336138,-0.006290609948337,0.0074294488877058,0.0080909458920359,-0.0324484147131443,-0.0103873526677489,0.0019055313896387,0.0203134939074516,-0.0001902182120829,-0.0251829139888286,0.0066870171576738,-0.0150519208982586,0.0066426703706383,-0.0252118464559316,-0.0013197528896853,-0.0094165625050663,0.0054747420363128,0.0286375395953655,-0.0289147049188613,-0.0075234440155327,0.0085073206573724,0.050493948161602,-0.005236626137048,0.0064777266234159,0.0089216266012446,-0.0125123594541594,-0.0029092612347452,-0.0081787326920638,0.0071760848926483,-0.0150554348184832,0.0178432530532839,0.0165853020656567,0.0558571984959042,0.0517138185933288,0.0160823802019978,0.0958142197714249,2019-02-28,2019-03-01,2019-03-04,2019-03-05,2019-03-06,2019-03-07,2019-03-08,2019-03-11,2019-03-12,2019-03-13,40539.0,2019-02-27,252.0,3.7007%,0.001,0.689,0.2887,-0.0318,1.1472%,1.3756%,30.4491%,0.035723,TJX,40539.0,2019-02-28,252.0,-0.5237%,0.0011,0.6837,0.2849,-0.0346,1.1453%,1.3700%,30.1150%,-0.003338,TJX,40539.0,2019-03-01,252.0,1.4233%,0.0008,0.7323,0.3572,0.0373,1.0360%,1.3030%,36.7808%,0.008255,TJX,40539.0,2019-03-04,252.0,-1.1726%,0.0007,0.7361,0.3512,0.0347,1.0363%,1.3055%,36.9827%,-0.006725,TJX,40539.0,2019-03-05,252.0,0.4863%,0.0008,0.7351,0.3473,0.0316,1.0371%,1.3045%,36.7933%,0.007196,TJX,40539.0,2019-03-06,252.0,0.5226%,0.0008,0.7318,0.3142,0.0233,1.0407%,1.3048%,36.3801%,0.015674,TJX,40539.0,2019-03-07,252.0,-0.3466%,0.0008,0.7306,0.3125,0.0214,1.0407%,1.3046%,36.3548%,0.002741,TJX,40539.0,2019-03-08,252.0,-1.9903%,0.0009,0.7316,0.3393,0.0215,1.0364%,1.3040%,36.8329%,-0.018506,TJX,40539.0,2019-03-11,252.0,1.9322%,0.0009,0.7349,0.3407,0.0206,1.0371%,1.3091%,37.2380%,0.007221,TJX,40539.0,2019-03-12,252.0,0.4642%,0.001,0.7459,0.3371,0.0317,1.0341%,1.3093%,37.6114%,0.003685,TJX,40539.0,2019-03-13,252.0,1.0397%,0.001,0.7475,0.3381,0.0336,1.0343%,1.3104%,37.6978%,0.006288,TJX,0.032385,0.0406399999999999,0.0339149999999999,0.0567849999999999,0.0582139999999999
13083,T J X COMPANIES INC NEW,TJX Raises Qtr. Dividend From $0.195 To $0.23/Share,6,increase,0.8,0.6,"raising the quarterly dividend typically signals financial strength and can attract investors, likely leading to an increase in stock price.",2,2019-02-27,TJX,2019-02-27 13:27:00+00:00,40539.0,87254010,0.0370072424411773,15552706.0,-0.005236626137048,0.0064777266234159,0.0142327845096588,-0.0188678652048111,-0.01172627042979,0.004388537723571,0.004862867295742,-0.0075232083909213,0.0052264896221458,0.000594270590227,-0.0034662103280425,0.0049771051853895,-0.0199033580720424,0.0147474659606814,0.0193217564374208,-0.0078171854838728,0.0046421247534453,0.0067336559295654,0.0103966295719146,0.0132383210584521,-0.0072408742271363,0.003269306384027,-0.0063339350745081,0.0086561860516667,0.0112033616751432,-0.0049220235086977,-0.0024832331109791,-0.0093458527699112,0.0061279144138097,0.0046948259696364,-0.0009516413556411,0.0018404938746243,-0.0028577160555869,-0.0166900865733623,0.0085976449772715,0.0169733744114637,0.0009471346274949,0.0032827213872224,0.0041635357774794,-0.0044934111647307,0.0,0.001841623801738,0.0028269451577216,0.0039030120242387,0.0,0.0008223872282542,-0.0024430982302874,-0.0020517497323453,0.0016954848542809,-0.0085434941574931,0.0203122403472662,0.024166664108634,-0.0025806338526308,0.0098885176703333,0.0040658144280314,0.0044378503225743,-0.0093871178105473,0.01154341455549,0.0115198614075779,-0.0143278613686561,-0.0101028513163328,0.0078572714701294,0.0014845394762232,-0.003807918401435,0.0050027878023684,-0.0008455065544694,0.0046091442927718,0.0148005671799182,0.0104606291279196,0.0268721878528595,0.0010896759340539,0.0273818261921405,-0.012880970723927,-0.0105239860713481,0.0143355773761868,-0.001788149937056,0.0041674133390188,0.0212280359119176,-0.0061349035240709,-0.000684278726112,-0.0003631165018305,0.0,-0.0050854082219302,0.053086694329977,0.0018255255417898,-0.0071547636762261,-0.0171283241361379,-0.0117841148748993,0.0094549898058176,-0.0277268346399068,-0.0077135348692536,-0.0097572114318609,0.0029613149818032,-0.0060893204063177,-0.01420927233994,-0.0194604396820068,0.0110445562750101,-0.0128792868927121,-0.0031475315336138,-0.006290609948337,0.0074294488877058,0.0080909458920359,-0.0324484147131443,-0.0103873526677489,0.0019055313896387,0.0203134939074516,-0.0001902182120829,-0.0251829139888286,0.0066870171576738,-0.0150519208982586,0.0066426703706383,-0.0252118464559316,-0.0013197528896853,-0.0094165625050663,0.0054747420363128,0.0286375395953655,-0.0289147049188613,-0.0075234440155327,0.0085073206573724,0.050493948161602,-0.005236626137048,0.0064777266234159,0.0089216266012446,-0.0125123594541594,-0.0029092612347452,-0.0081787326920638,0.0071760848926483,-0.0150554348184832,0.0178432530532839,0.0165853020656567,0.0558571984959042,0.0517138185933288,0.0160823802019978,0.0958142197714249,2019-02-28,2019-03-01,2019-03-04,2019-03-05,2019-03-06,2019-03-07,2019-03-08,2019-03-11,2019-03-12,2019-03-13,40539.0,2019-02-27,252.0,3.7007%,0.001,0.689,0.2887,-0.0318,1.1472%,1.3756%,30.4491%,0.035723,TJX,40539.0,2019-02-28,252.0,-0.5237%,0.0011,0.6837,0.2849,-0.0346,1.1453%,1.3700%,30.1150%,-0.003338,TJX,40539.0,2019-03-01,252.0,1.4233%,0.0008,0.7323,0.3572,0.0373,1.0360%,1.3030%,36.7808%,0.008255,TJX,40539.0,2019-03-04,252.0,-1.1726%,0.0007,0.7361,0.3512,0.0347,1.0363%,1.3055%,36.9827%,-0.006725,TJX,40539.0,2019-03-05,252.0,0.4863%,0.0008,0.7351,0.3473,0.0316,1.0371%,1.3045%,36.7933%,0.007196,TJX,40539.0,2019-03-06,252.0,0.5226%,0.0008,0.7318,0.3142,0.0233,1.0407%,1.3048%,36.3801%,0.015674,TJX,40539.0,2019-03-07,252.0,-0.3466%,0.0008,0.7306,0.3125,0.0214,1.0407%,1.3046%,36.3548%,0.002741,TJX,40539.0,2019-03-08,252.0,-1.9903%,0.0009,0.7316,0.3393,0.0215,1.0364%,1.3040%,36.8329%,-0.018506,TJX,40539.0,2019-03-11,252.0,1.9322%,0.0009,0.7349,0.3407,0.0206,1.0371%,1.3091%,37.2380%,0.007221,TJX,40539.0,2019-03-12,252.0,0.4642%,0.001,0.7459,0.3371,0.0317,1.0341%,1.3093%,37.6114%,0.003685,TJX,40539.0,2019-03-13,252.0,1.0397%,0.001,0.7475,0.3381,0.0336,1.0343%,1.3104%,37.6978%,0.006288,TJX,0.032385,0.0406399999999999,0.0339149999999999,0.0567849999999999,0.0582139999999999
13091,T J X COMPANIES INC NEW,The TJX Companies Sees Q1 EPS $0.53-$0.54 vs $0.58 Est. FY20 EPS $2.55-$2.60 vs $2.60 Est.,6,decrease,0.75,0.6,"the company's earnings per share (eps) guidance for q1 and fy20 is below analyst estimates, which typically leads to a negative reaction in stock prices.",0,2019-02-27,TJX,2019-02-27 13:27:00+00:00,40539.0,87254010,0.0370072424411773,15552706.0,-0.005236626137048,0.0064777266234159,0.0142327845096588,-0.0188678652048111,-0.01172627042979,0.004388537723571,0.004862867295742,-0.0075232083909213,0.0052264896221458,0.000594270590227,-0.0034662103280425,0.0049771051853895,-0.0199033580720424,0.0147474659606814,0.0193217564374208,-0.0078171854838728,0.0046421247534453,0.0067336559295654,0.0103966295719146,0.0132383210584521,-0.0072408742271363,0.003269306384027,-0.0063339350745081,0.0086561860516667,0.0112033616751432,-0.0049220235086977,-0.0024832331109791,-0.0093458527699112,0.0061279144138097,0.0046948259696364,-0.0009516413556411,0.0018404938746243,-0.0028577160555869,-0.0166900865733623,0.0085976449772715,0.0169733744114637,0.0009471346274949,0.0032827213872224,0.0041635357774794,-0.0044934111647307,0.0,0.001841623801738,0.0028269451577216,0.0039030120242387,0.0,0.0008223872282542,-0.0024430982302874,-0.0020517497323453,0.0016954848542809,-0.0085434941574931,0.0203122403472662,0.024166664108634,-0.0025806338526308,0.0098885176703333,0.0040658144280314,0.0044378503225743,-0.0093871178105473,0.01154341455549,0.0115198614075779,-0.0143278613686561,-0.0101028513163328,0.0078572714701294,0.0014845394762232,-0.003807918401435,0.0050027878023684,-0.0008455065544694,0.0046091442927718,0.0148005671799182,0.0104606291279196,0.0268721878528595,0.0010896759340539,0.0273818261921405,-0.012880970723927,-0.0105239860713481,0.0143355773761868,-0.001788149937056,0.0041674133390188,0.0212280359119176,-0.0061349035240709,-0.000684278726112,-0.0003631165018305,0.0,-0.0050854082219302,0.053086694329977,0.0018255255417898,-0.0071547636762261,-0.0171283241361379,-0.0117841148748993,0.0094549898058176,-0.0277268346399068,-0.0077135348692536,-0.0097572114318609,0.0029613149818032,-0.0060893204063177,-0.01420927233994,-0.0194604396820068,0.0110445562750101,-0.0128792868927121,-0.0031475315336138,-0.006290609948337,0.0074294488877058,0.0080909458920359,-0.0324484147131443,-0.0103873526677489,0.0019055313896387,0.0203134939074516,-0.0001902182120829,-0.0251829139888286,0.0066870171576738,-0.0150519208982586,0.0066426703706383,-0.0252118464559316,-0.0013197528896853,-0.0094165625050663,0.0054747420363128,0.0286375395953655,-0.0289147049188613,-0.0075234440155327,0.0085073206573724,0.050493948161602,-0.005236626137048,0.0064777266234159,0.0089216266012446,-0.0125123594541594,-0.0029092612347452,-0.0081787326920638,0.0071760848926483,-0.0150554348184832,0.0178432530532839,0.0165853020656567,0.0558571984959042,0.0517138185933288,0.0160823802019978,0.0958142197714249,2019-02-28,2019-03-01,2019-03-04,2019-03-05,2019-03-06,2019-03-07,2019-03-08,2019-03-11,2019-03-12,2019-03-13,40539.0,2019-02-27,252.0,3.7007%,0.001,0.689,0.2887,-0.0318,1.1472%,1.3756%,30.4491%,0.035723,TJX,40539.0,2019-02-28,252.0,-0.5237%,0.0011,0.6837,0.2849,-0.0346,1.1453%,1.3700%,30.1150%,-0.003338,TJX,40539.0,2019-03-01,252.0,1.4233%,0.0008,0.7323,0.3572,0.0373,1.0360%,1.3030%,36.7808%,0.008255,TJX,40539.0,2019-03-04,252.0,-1.1726%,0.0007,0.7361,0.3512,0.0347,1.0363%,1.3055%,36.9827%,-0.006725,TJX,40539.0,2019-03-05,252.0,0.4863%,0.0008,0.7351,0.3473,0.0316,1.0371%,1.3045%,36.7933%,0.007196,TJX,40539.0,2019-03-06,252.0,0.5226%,0.0008,0.7318,0.3142,0.0233,1.0407%,1.3048%,36.3801%,0.015674,TJX,40539.0,2019-03-07,252.0,-0.3466%,0.0008,0.7306,0.3125,0.0214,1.0407%,1.3046%,36.3548%,0.002741,TJX,40539.0,2019-03-08,252.0,-1.9903%,0.0009,0.7316,0.3393,0.0215,1.0364%,1.3040%,36.8329%,-0.018506,TJX,40539.0,2019-03-11,252.0,1.9322%,0.0009,0.7349,0.3407,0.0206,1.0371%,1.3091%,37.2380%,0.007221,TJX,40539.0,2019-03-12,252.0,0.4642%,0.001,0.7459,0.3371,0.0317,1.0341%,1.3093%,37.6114%,0.003685,TJX,40539.0,2019-03-13,252.0,1.0397%,0.001,0.7475,0.3381,0.0336,1.0343%,1.3104%,37.6978%,0.006288,TJX,0.032385,0.0406399999999999,0.0339149999999999,0.0567849999999999,0.0582139999999999
13099,T J X COMPANIES INC NEW,"TJX Companies Q4 Adj. EPS $0.59 Misses $0.68 Estimate, Sales $11.1B Beat $11.01B Estimate",6,decrease,0.7,0.5,"the miss on adjusted eps expectations typically signals weaker profitability, which can lead to a decrease in stock price despite the sales beat.",0,2019-02-27,TJX,2019-02-27 13:25:00+00:00,40539.0,87254010,0.0370072424411773,15552706.0,-0.005236626137048,0.0064777266234159,0.0142327845096588,-0.0188678652048111,-0.01172627042979,0.004388537723571,0.004862867295742,-0.0075232083909213,0.0052264896221458,0.000594270590227,-0.0034662103280425,0.0049771051853895,-0.0199033580720424,0.0147474659606814,0.0193217564374208,-0.0078171854838728,0.0046421247534453,0.0067336559295654,0.0103966295719146,0.0132383210584521,-0.0072408742271363,0.003269306384027,-0.0063339350745081,0.0086561860516667,0.0112033616751432,-0.0049220235086977,-0.0024832331109791,-0.0093458527699112,0.0061279144138097,0.0046948259696364,-0.0009516413556411,0.0018404938746243,-0.0028577160555869,-0.0166900865733623,0.0085976449772715,0.0169733744114637,0.0009471346274949,0.0032827213872224,0.0041635357774794,-0.0044934111647307,0.0,0.001841623801738,0.0028269451577216,0.0039030120242387,0.0,0.0008223872282542,-0.0024430982302874,-0.0020517497323453,0.0016954848542809,-0.0085434941574931,0.0203122403472662,0.024166664108634,-0.0025806338526308,0.0098885176703333,0.0040658144280314,0.0044378503225743,-0.0093871178105473,0.01154341455549,0.0115198614075779,-0.0143278613686561,-0.0101028513163328,0.0078572714701294,0.0014845394762232,-0.003807918401435,0.0050027878023684,-0.0008455065544694,0.0046091442927718,0.0148005671799182,0.0104606291279196,0.0268721878528595,0.0010896759340539,0.0273818261921405,-0.012880970723927,-0.0105239860713481,0.0143355773761868,-0.001788149937056,0.0041674133390188,0.0212280359119176,-0.0061349035240709,-0.000684278726112,-0.0003631165018305,0.0,-0.0050854082219302,0.053086694329977,0.0018255255417898,-0.0071547636762261,-0.0171283241361379,-0.0117841148748993,0.0094549898058176,-0.0277268346399068,-0.0077135348692536,-0.0097572114318609,0.0029613149818032,-0.0060893204063177,-0.01420927233994,-0.0194604396820068,0.0110445562750101,-0.0128792868927121,-0.0031475315336138,-0.006290609948337,0.0074294488877058,0.0080909458920359,-0.0324484147131443,-0.0103873526677489,0.0019055313896387,0.0203134939074516,-0.0001902182120829,-0.0251829139888286,0.0066870171576738,-0.0150519208982586,0.0066426703706383,-0.0252118464559316,-0.0013197528896853,-0.0094165625050663,0.0054747420363128,0.0286375395953655,-0.0289147049188613,-0.0075234440155327,0.0085073206573724,0.050493948161602,-0.005236626137048,0.0064777266234159,0.0089216266012446,-0.0125123594541594,-0.0029092612347452,-0.0081787326920638,0.0071760848926483,-0.0150554348184832,0.0178432530532839,0.0165853020656567,0.0558571984959042,0.0517138185933288,0.0160823802019978,0.0958142197714249,2019-02-28,2019-03-01,2019-03-04,2019-03-05,2019-03-06,2019-03-07,2019-03-08,2019-03-11,2019-03-12,2019-03-13,40539.0,2019-02-27,252.0,3.7007%,0.001,0.689,0.2887,-0.0318,1.1472%,1.3756%,30.4491%,0.035723,TJX,40539.0,2019-02-28,252.0,-0.5237%,0.0011,0.6837,0.2849,-0.0346,1.1453%,1.3700%,30.1150%,-0.003338,TJX,40539.0,2019-03-01,252.0,1.4233%,0.0008,0.7323,0.3572,0.0373,1.0360%,1.3030%,36.7808%,0.008255,TJX,40539.0,2019-03-04,252.0,-1.1726%,0.0007,0.7361,0.3512,0.0347,1.0363%,1.3055%,36.9827%,-0.006725,TJX,40539.0,2019-03-05,252.0,0.4863%,0.0008,0.7351,0.3473,0.0316,1.0371%,1.3045%,36.7933%,0.007196,TJX,40539.0,2019-03-06,252.0,0.5226%,0.0008,0.7318,0.3142,0.0233,1.0407%,1.3048%,36.3801%,0.015674,TJX,40539.0,2019-03-07,252.0,-0.3466%,0.0008,0.7306,0.3125,0.0214,1.0407%,1.3046%,36.3548%,0.002741,TJX,40539.0,2019-03-08,252.0,-1.9903%,0.0009,0.7316,0.3393,0.0215,1.0364%,1.3040%,36.8329%,-0.018506,TJX,40539.0,2019-03-11,252.0,1.9322%,0.0009,0.7349,0.3407,0.0206,1.0371%,1.3091%,37.2380%,0.007221,TJX,40539.0,2019-03-12,252.0,0.4642%,0.001,0.7459,0.3371,0.0317,1.0341%,1.3093%,37.6114%,0.003685,TJX,40539.0,2019-03-13,252.0,1.0397%,0.001,0.7475,0.3381,0.0336,1.0343%,1.3104%,37.6978%,0.006288,TJX,0.032385,0.0406399999999999,0.0339149999999999,0.0567849999999999,0.0582139999999999
13107,TANDEM DIABETES CARE INC,Tandem Diabetes Care shares are trading higher after the company reported better than expected Q4 EPS and revenue results. The company also announced 2019 revenue guidance of $255 million to $270 million versus the $220 million analyst estimate.,6,increase,0.8,0.7,"the better than expected q4 eps and revenue results, along with an optimistic revenue guidance for 2019, are likely to boost investor confidence and drive the stock price higher.",2,2019-02-27,TNDM,2019-02-27 14:18:00+00:00,14325.0,87537220,0.2519733011722565,12807876.0,0.059974119067192,0.0217121429741382,0.0559706911444664,0.0008278335444629,-0.0688907653093338,-0.0152842877432704,0.0401736684143543,0.001428565243259,-0.0548761785030365,-0.0242931339889764,-0.0252445917576551,-0.0248543452471494,0.0443508885800838,0.0450487285852432,0.0117793269455432,0.0662050545215606,0.0605086497962474,-0.0049515510909259,0.0316336080431938,0.0468785651028156,0.0077009671367704,0.0491841547191143,0.0163957253098487,0.0139055820181965,-0.0251538474112749,-0.0069047836586833,0.0089748902246356,-0.0347046293318271,-0.0037525594234466,0.0128025896847248,0.0262276399880647,0.0110613647848367,-0.0652527958154678,-0.0227690394967794,0.0055264285765588,0.0055503668263554,-0.0040497365407645,0.0431845821440219,-0.0851002112030983,-0.0224056784063577,0.0120634650811553,-0.0456898212432861,-0.0040777656249701,0.0139205986633896,-0.0571653693914413,0.039127379655838,0.0497745051980018,-0.0056590824387967,-0.0143197728320956,-0.0261767953634262,0.0067796315997838,-0.0169300232082605,0.0152316940948367,0.0077343075536191,-0.0210043899714946,0.0218502692878246,0.0348443277180194,0.0436681024730205,0.0065471264533698,-0.030117617920041,-0.001084090094082,0.007108986377716,-0.026511613279581,0.0383858606219291,-0.018633572384715,0.0159999839961528,-0.0035702274180948,0.0843047052621841,-0.0991856679320335,0.0628061145544052,-0.016271948814392,0.0762790441513061,0.043190561234951,-0.0514705888926982,0.0320648960769176,-0.1045562550425529,0.0216796956956386,0.0176896229386329,0.0051796389743685,0.0413061529397964,0.0553524233400821,-0.0175486523658037,-0.0023626007605344,0.1357832551002502,-0.0304704811424017,0.0187182780355215,-0.0288226753473281,-0.0028472049161791,0.0523138642311096,-0.0356924422085285,0.0732951313257217,-0.0375808142125606,0.0004453500441741,0.0176277309656143,-0.0329425930976867,-0.0531823858618736,-0.0029153723735362,-0.0199612211436033,-0.0086181154474616,-0.0288099013268947,0.0031046969816088,0.0189300030469894,-0.0380687527358532,0.0361000709235668,0.0601673386991024,0.050462782382965,0.0345978550612926,-0.0464122220873832,0.0256673507392406,-0.0036879735998809,-0.0400400832295417,-0.0791535750031471,-0.0116192288696765,0.0396523401141166,0.0162773448973894,0.0008154058014042,-0.0068218759261071,0.0334270372986793,-0.0453934744000434,0.069390133023262,0.059974119067192,0.0217121429741382,0.1193016031066296,0.0225579505588773,0.0421920590566498,0.0069288806083664,0.0245716267351823,-0.0161290587933555,0.1545424814695086,0.1135902932421621,0.0438085954059495,0.1625882354570234,0.0334626539320908,0.4842294560271543,2019-02-28,2019-03-01,2019-03-04,2019-03-05,2019-03-06,2019-03-07,2019-03-08,2019-03-11,2019-03-12,2019-03-13,14325.0,2019-02-27,252.0,25.1973%,0.0119,1.5349,1.7713,-2.0509,4.4731%,5.2619%,27.7333%,0.244855,TNDM,14325.0,2019-02-28,252.0,5.9974%,0.0118,1.5557,1.7871,-2.0469,4.4689%,5.2663%,27.9915%,0.0591509999999999,TNDM,14325.0,2019-03-01,252.0,5.5971%,0.012,1.5487,1.7768,-2.0667,4.4690%,5.2676%,28.0213%,0.03131,TNDM,14325.0,2019-03-04,252.0,-6.8891%,0.0115,1.5845,1.71,-2.0877,4.4668%,5.2798%,28.4276%,-0.0457599999999999,TNDM,14325.0,2019-03-05,252.0,4.0174%,0.0112,1.5577,1.5228,-2.1185,4.4300%,5.2138%,27.8067%,0.043068,TNDM,14325.0,2019-03-06,252.0,-5.4876%,0.0112,1.5818,1.5819,-2.0832,4.4331%,5.2303%,28.1622%,-0.021846,TNDM,14325.0,2019-03-07,252.0,-2.5245%,0.0111,1.5971,1.5991,-2.0581,4.4367%,5.2356%,28.1905%,-0.0181309999999999,TNDM,14325.0,2019-03-08,252.0,4.4351%,0.0114,1.5907,1.6313,-2.0699,4.4376%,5.2393%,28.2606%,0.043476,TNDM,14325.0,2019-03-11,252.0,1.1779%,0.0112,1.57,1.6166,-2.0676,4.4446%,5.2390%,28.0268%,-0.0286479999999999,TNDM,14325.0,2019-03-12,252.0,6.0509%,0.0116,1.6214,1.584,-2.0222,4.4408%,5.2418%,28.2245%,0.059366,TNDM,14325.0,2019-03-13,252.0,3.1634%,0.0118,1.6253,1.6075,-2.0124,4.4348%,5.2389%,28.3412%,0.027205,TNDM,0.304006,0.335316,0.289556,0.310778,0.394046
13115,TOLL BROTHERS INC,"From Toll Bros. Earnings Conference Call: Says Co. Could See A 'Solid' Spring Season, Cites Softer Interest Rates",6,increase,0.7,0.6,"the mention of a 'solid' spring season and softer interest rates suggests a positive outlook for demand, which could lead to an increase in stock price for toll brothers inc.",2,2019-02-27,TOL,2019-02-27 16:25:00+00:00,70228.0,88947810,-0.0252213198691606,3869313.0,-0.0200936775654554,-0.0010721231810748,-0.0039325673133134,-0.0098195048049092,0.0115623194724321,0.0101876966655254,-0.0234179031103849,0.0155186410993337,-0.0059948354028165,-0.0097061367705464,0.0198161583393812,0.0065129357390105,0.0022529382258653,0.0038136581424623,0.0221972726285457,0.0024576776195317,-0.007421672809869,-0.0224239230155944,-0.0105234300717711,0.0420027337968349,0.0117548834532499,-0.0110040642321109,-0.0060857874341309,-0.0084561202675104,0.0019482241477817,0.0093612382188439,-0.019444465637207,-0.0265344846993684,-0.0118979653343558,0.0127579048275947,0.0246559791266918,-0.0035163934808224,-0.0078344317153096,0.0008121980354189,0.0282007902860641,0.0341544598340988,-0.0002742271462921,0.0159272290766239,0.0194787122309207,0.0086058303713798,-0.0201829932630062,-0.0034305013250559,-0.0057676210999488,-0.0124223222956061,-0.0002763021038845,0.0169393140822649,-0.0049737584777176,0.0098579339683055,0.0144404461607337,-0.0131616331636905,0.0191623531281948,-0.006820058915764,0.0115498341619968,-0.0162147562950849,0.0053106946870684,-0.009415678679943,-0.0161120072007179,0.0114845894277095,0.0053691482171416,-0.0055710515007376,0.0080106444656848,-0.0066407821141183,-0.0039850613102316,-0.0016524919774383,0.0032008248381316,0.0365401841700077,0.0194097198545932,-0.0084914527833461,0.0099113471806049,0.0123209254816174,0.0129132224246859,0.0512048415839672,-0.0260071493685245,-0.0077704223804175,0.0107329804450273,0.016094708815217,-0.0059569939039647,-0.0081325434148311,-0.0213652867823839,0.0134310889989137,-0.0034611572045832,-0.0015240185894072,0.0040075215511024,0.0519397519528865,0.0138370571658015,0.0016056887106969,0.0015748392324894,-0.0394817665219306,0.0036687471438199,0.0137585559859871,0.0167101677507162,-0.0105198072269558,-0.0059065110981464,0.0112640997394919,-0.0183414909988641,-0.0080695878714323,-0.0097368136048316,-0.0128675913438201,0.0143501749262213,-0.0085054310038685,0.001047967467457,0.0322984866797924,-0.0068044578656554,-0.0068514859303832,0.0110671455040574,-0.0310802292078733,0.0072974357753992,-0.0018072702223435,0.0098317526280879,0.0063655371777713,-0.015629019588232,-0.0161048956215381,-0.0236855782568454,0.0169850625097751,0.0223940331488847,-0.019041933119297,-0.0456323362886905,0.0008933524950407,-0.0256830230355262,0.0148081500083208,-0.0200936775654554,-0.0010721231810748,-0.0239472251391708,-0.010881100267256,-0.012661791134276,-0.0008042569506405,-0.0415635027653302,0.0048530677201865,-0.0165153381880748,0.0367176534608075,0.0308284830972016,0.0381615268548791,-0.0155735867028387,0.1297503657342384,2019-02-28,2019-03-01,2019-03-04,2019-03-05,2019-03-06,2019-03-07,2019-03-08,2019-03-11,2019-03-12,2019-03-13,70228.0,2019-02-27,252.0,-2.5221%,-0.0009,0.8329,0.8599,0.3577,1.9747%,2.1799%,17.9368%,-0.027269,TOL,70228.0,2019-02-28,252.0,-2.0094%,-0.0008,0.8155,0.8475,0.3488,1.9623%,2.1600%,17.4678%,-0.016889,TOL,70228.0,2019-03-01,252.0,-0.3933%,-0.0008,0.805,0.8318,0.3372,1.9614%,2.1531%,17.0147%,-0.010957,TOL,70228.0,2019-03-04,252.0,1.1562%,-0.0007,0.8038,0.819,0.3413,1.9648%,2.1545%,16.8330%,0.0176699999999999,TOL,70228.0,2019-03-05,252.0,-2.3418%,-0.0007,0.8094,0.8504,0.3519,1.9667%,2.1592%,17.0362%,-0.018783,TOL,70228.0,2019-03-06,252.0,-0.5995%,-0.0007,0.8023,0.8275,0.3408,1.9680%,2.1586%,16.8789%,0.011288,TOL,70228.0,2019-03-07,252.0,1.9816%,-0.0006,0.787,0.8089,0.3152,1.9755%,2.1597%,16.3261%,0.028009,TOL,70228.0,2019-03-08,252.0,0.2253%,-0.0006,0.7856,0.8221,0.3122,1.9743%,2.1594%,16.4055%,0.004026,TOL,70228.0,2019-03-11,252.0,2.2197%,-0.0006,0.7903,0.8345,0.3169,1.9745%,2.1637%,16.7301%,0.009066,TOL,70228.0,2019-03-12,252.0,-0.7422%,-0.0006,0.7957,0.8362,0.3239,1.9744%,2.1639%,16.7523%,-0.0068969999999999,TOL,70228.0,2019-03-13,252.0,-1.0523%,-0.0006,0.7912,0.8485,0.3219,1.9753%,2.1645%,16.7202%,-0.013608,TOL,-0.044158,-0.055115,-0.037445,-0.04494,-0.024344
13123,TUTOR PERINI CORP,Tutor Perini Sees FY19 EPS $2-$2.30 vs $2.23 Estimate,6,decrease,0.7,0.5,"the company's earnings per share (eps) guidance for fy19 is below the analyst estimate, which may lead to a negative reaction in the stock price.",0,2019-02-27,TPC,2019-02-27 21:28:00+00:00,50550.0,90110910,-0.0084889428690075,266948.0,0.0742008686065673,-0.0232172515243291,0.0223166886717081,0.0005531100323423,-0.0057172873057425,0.0089285625144839,0.0026137556415051,0.0118577638640999,-0.0307612176984548,0.0137378238141536,-0.009682641364634,0.0282518863677978,-0.0005431954632513,0.0296969562768936,0.0206522326916456,0.009791912510991,0.0149094127118587,0.0348321832716465,-0.0026232548989355,0.0246593207120895,-0.0199895352125167,-0.017845744267106,-0.0064411666244268,-0.016300955787301,0.0162074137479066,-0.02506117336452,-0.0106325820088386,0.0148883229121565,-0.0155830681324005,-0.0170730967074632,-0.0076418882235884,0.0199004784226417,-0.05830579996109,-0.0656594559550285,0.0011681395117193,0.0,-0.0081679923459887,-0.0005807334091514,0.0111765023320913,0.0023282309994101,0.0058173574507236,-0.0149082699790597,-0.0098322769626975,0.0116009721532464,0.0262849777936935,0.0075978464446961,0.0108139179646968,0.0332126319408416,0.003941424190998,-0.0965630337595939,0.0336511731147766,0.0280426256358623,0.0282148905098438,0.0147979641333222,0.0026384820230305,-0.0195312704890966,-0.0136842224746942,-0.0011148527264595,0.0112060299143195,-0.0055432580411434,0.0021107655484229,0.0050139357335865,-0.0005266049993224,0.0101294489577412,0.0031612948514521,0.0016911323182284,0.0262605026364326,0.0295995492488145,0.016888428479433,0.0286566894501447,-0.0065425797365605,0.0423148907721042,0.0040526809170842,-0.000621904793661,0.0035317707806825,0.00688789319247,0.0030166604556143,0.0139682712033391,-0.0185464080423116,-0.0025332465302199,-0.0020428502466529,-0.0100313387811183,0.0081883231177926,0.0404435656964778,0.0137055097147822,-0.0038986627478152,-0.0090134404599666,-0.0290220845490694,0.0090954210609197,-0.0149160828441381,0.0050075305625796,-0.0468008928000927,0.0079720905050635,0.0150330737233161,-0.023232789710164,-0.0053827846422791,-0.0136639904230833,-0.0329671241343021,-0.1251924335956573,-0.0142531348392367,-0.0046920776367187,0.0197674501687288,-0.0247495640069246,-0.0221716538071632,0.0090635363012552,0.0203016456216573,0.0101796444505453,-0.0232294537127018,-0.0201541278511285,0.0431441813707351,-0.0229885689914226,-0.0605219416320323,-0.013622248545289,-0.0322407484054565,-0.0112994536757469,0.0147219439968466,-0.0019047450041398,-0.0139785064384341,-0.0324427634477615,0.0136239780113101,0.0742008686065673,-0.0232172515243291,0.0981734749621385,-0.0226769831867282,0.0918949016942343,-0.0139508935342669,0.0610730405102868,0.0114482400973809,0.0850456474734351,0.146658030122144,0.0816210216717159,-0.0205100201131916,-0.1318493358854067,-0.0370572390543237,2019-02-28,2019-03-01,2019-03-04,2019-03-05,2019-03-06,2019-03-07,2019-03-08,2019-03-11,2019-03-12,2019-03-13,50550.0,2019-02-27,252.0,-0.8489%,-0.0006,1.2521,0.9529,0.8265,2.1349%,2.4862%,26.2639%,-0.010551,TPC,50550.0,2019-02-28,252.0,7.4201%,-0.0003,1.2296,0.9401,0.7914,2.1929%,2.5241%,24.5203%,0.079858,TPC,50550.0,2019-03-01,252.0,2.2317%,-0.0007,1.3092,1.0587,0.9081,2.0441%,2.4385%,29.7344%,0.0138129999999999,TPC,50550.0,2019-03-04,252.0,-0.5717%,-0.0004,1.2736,1.1748,0.9178,1.9873%,2.3856%,30.6056%,0.001694,TPC,50550.0,2019-03-05,252.0,0.2614%,-0.0002,1.2784,1.2193,0.9172,1.9797%,2.3846%,31.0756%,0.0105339999999999,TPC,50550.0,2019-03-06,252.0,-3.0761%,-0.0003,1.2703,1.238,0.9106,1.9763%,2.3848%,31.3244%,-0.005116,TPC,50550.0,2019-03-07,252.0,-0.9683%,-0.0003,1.2677,1.2346,0.9061,1.9765%,2.3834%,31.2264%,0.004516,TPC,50550.0,2019-03-08,252.0,-0.0543%,-0.0003,1.268,1.222,0.9073,1.9753%,2.3806%,31.1528%,0.003079,TPC,50550.0,2019-03-11,252.0,2.0652%,-0.0003,1.2699,1.2055,0.8969,1.9718%,2.3800%,31.3638%,0.001988,TPC,50550.0,2019-03-12,252.0,1.4909%,-0.0002,1.2779,1.1966,0.9024,1.9737%,2.3804%,31.2526%,0.015738,TPC,50550.0,2019-03-13,252.0,-0.2623%,-0.0002,1.275,1.2063,0.9015,1.9737%,2.3803%,31.2465%,-0.008295,TPC,0.069307,0.08312,0.084814,0.090232,0.107258
13131,TUTOR PERINI CORP,"Tutor Perini Q4 EPS $0.98 Beats $0.79 Estimate, Sales $1.2B Miss $1.37B Estimate",6,uncertain,0.6,0.3,"while the earnings per share (eps) beat estimates, the significant miss in sales could lead to mixed reactions from investors, making the overall impact on the stock price uncertain.",1,2019-02-27,TPC,2019-02-27 21:27:00+00:00,50550.0,90110910,-0.0084889428690075,266948.0,0.0742008686065673,-0.0232172515243291,0.0223166886717081,0.0005531100323423,-0.0057172873057425,0.0089285625144839,0.0026137556415051,0.0118577638640999,-0.0307612176984548,0.0137378238141536,-0.009682641364634,0.0282518863677978,-0.0005431954632513,0.0296969562768936,0.0206522326916456,0.009791912510991,0.0149094127118587,0.0348321832716465,-0.0026232548989355,0.0246593207120895,-0.0199895352125167,-0.017845744267106,-0.0064411666244268,-0.016300955787301,0.0162074137479066,-0.02506117336452,-0.0106325820088386,0.0148883229121565,-0.0155830681324005,-0.0170730967074632,-0.0076418882235884,0.0199004784226417,-0.05830579996109,-0.0656594559550285,0.0011681395117193,0.0,-0.0081679923459887,-0.0005807334091514,0.0111765023320913,0.0023282309994101,0.0058173574507236,-0.0149082699790597,-0.0098322769626975,0.0116009721532464,0.0262849777936935,0.0075978464446961,0.0108139179646968,0.0332126319408416,0.003941424190998,-0.0965630337595939,0.0336511731147766,0.0280426256358623,0.0282148905098438,0.0147979641333222,0.0026384820230305,-0.0195312704890966,-0.0136842224746942,-0.0011148527264595,0.0112060299143195,-0.0055432580411434,0.0021107655484229,0.0050139357335865,-0.0005266049993224,0.0101294489577412,0.0031612948514521,0.0016911323182284,0.0262605026364326,0.0295995492488145,0.016888428479433,0.0286566894501447,-0.0065425797365605,0.0423148907721042,0.0040526809170842,-0.000621904793661,0.0035317707806825,0.00688789319247,0.0030166604556143,0.0139682712033391,-0.0185464080423116,-0.0025332465302199,-0.0020428502466529,-0.0100313387811183,0.0081883231177926,0.0404435656964778,0.0137055097147822,-0.0038986627478152,-0.0090134404599666,-0.0290220845490694,0.0090954210609197,-0.0149160828441381,0.0050075305625796,-0.0468008928000927,0.0079720905050635,0.0150330737233161,-0.023232789710164,-0.0053827846422791,-0.0136639904230833,-0.0329671241343021,-0.1251924335956573,-0.0142531348392367,-0.0046920776367187,0.0197674501687288,-0.0247495640069246,-0.0221716538071632,0.0090635363012552,0.0203016456216573,0.0101796444505453,-0.0232294537127018,-0.0201541278511285,0.0431441813707351,-0.0229885689914226,-0.0605219416320323,-0.013622248545289,-0.0322407484054565,-0.0112994536757469,0.0147219439968466,-0.0019047450041398,-0.0139785064384341,-0.0324427634477615,0.0136239780113101,0.0742008686065673,-0.0232172515243291,0.0981734749621385,-0.0226769831867282,0.0918949016942343,-0.0139508935342669,0.0610730405102868,0.0114482400973809,0.0850456474734351,0.146658030122144,0.0816210216717159,-0.0205100201131916,-0.1318493358854067,-0.0370572390543237,2019-02-28,2019-03-01,2019-03-04,2019-03-05,2019-03-06,2019-03-07,2019-03-08,2019-03-11,2019-03-12,2019-03-13,50550.0,2019-02-27,252.0,-0.8489%,-0.0006,1.2521,0.9529,0.8265,2.1349%,2.4862%,26.2639%,-0.010551,TPC,50550.0,2019-02-28,252.0,7.4201%,-0.0003,1.2296,0.9401,0.7914,2.1929%,2.5241%,24.5203%,0.079858,TPC,50550.0,2019-03-01,252.0,2.2317%,-0.0007,1.3092,1.0587,0.9081,2.0441%,2.4385%,29.7344%,0.0138129999999999,TPC,50550.0,2019-03-04,252.0,-0.5717%,-0.0004,1.2736,1.1748,0.9178,1.9873%,2.3856%,30.6056%,0.001694,TPC,50550.0,2019-03-05,252.0,0.2614%,-0.0002,1.2784,1.2193,0.9172,1.9797%,2.3846%,31.0756%,0.0105339999999999,TPC,50550.0,2019-03-06,252.0,-3.0761%,-0.0003,1.2703,1.238,0.9106,1.9763%,2.3848%,31.3244%,-0.005116,TPC,50550.0,2019-03-07,252.0,-0.9683%,-0.0003,1.2677,1.2346,0.9061,1.9765%,2.3834%,31.2264%,0.004516,TPC,50550.0,2019-03-08,252.0,-0.0543%,-0.0003,1.268,1.222,0.9073,1.9753%,2.3806%,31.1528%,0.003079,TPC,50550.0,2019-03-11,252.0,2.0652%,-0.0003,1.2699,1.2055,0.8969,1.9718%,2.3800%,31.3638%,0.001988,TPC,50550.0,2019-03-12,252.0,1.4909%,-0.0002,1.2779,1.1966,0.9024,1.9737%,2.3804%,31.2526%,0.015738,TPC,50550.0,2019-03-13,252.0,-0.2623%,-0.0002,1.275,1.2063,0.9015,1.9737%,2.3803%,31.2465%,-0.008295,TPC,0.069307,0.08312,0.084814,0.090232,0.107258
13139,LENDINGTREE INC,"Deutsche Bank Maintains Hold on LendingTree, Raises Price Target to $330",6,increase,0.7,0.5,"maintaining a 'hold' rating while raising the price target suggests a positive outlook for lendingtree, which could lead to an increase in stock price.",2,2019-02-27,TREE,2019-02-27 14:29:00+00:00,92775.0,52603B10,0.036319613456726,311540.0,-0.0063862549141049,-0.0332698822021484,0.011443780735135,-0.015879301354289,-0.0314941219985485,0.0496147014200687,0.0133465081453323,-0.0159883517771959,-0.0063800546340644,-0.0084300357848405,-0.0290219169110059,0.0039791879244148,0.0177110061049461,0.024889962747693,0.0288545098155736,-0.00054997386178,0.0077226152643561,0.0143724521622061,0.0264962576329708,0.0225824154913425,0.0129666263237595,-0.0063351038843393,0.0165303386747837,-0.0227753743529319,-0.0024950278457254,0.0003585914964787,-0.0097695225849747,0.0107731986790895,-0.0033877585083246,-0.010690651834011,0.0180994346737861,0.0042223376221954,-0.0316307060420513,0.0309779066592454,0.0136401494964957,0.0211577657610178,0.0197225604206323,0.0092158736661076,0.0029552294872701,-0.02505599334836,0.0146162435412406,0.0050433143042027,0.0108689367771148,0.0143444538116455,0.0297246910631656,0.0232369229197502,-0.0266567897051572,0.0150421923026442,0.0216540042310953,-0.0343548618257045,0.001361206639558,0.0029554122593253,0.0178095400333404,0.0418009124696254,-0.0030525897163897,0.0388335175812244,-0.0435507483780384,0.0359816439449787,0.0393025577068328,0.0173309352248907,-0.0013476918684318,0.0140760112553834,0.0090882061049342,0.0419460050761699,-0.005731301382184,-0.0149833029136061,0.0148774767294526,0.0273949652910232,-0.005463499110192,0.0374851711094379,-0.0015772935003042,0.0422799363732338,0.0147903813049197,-0.0195134934037923,-0.0041067176498472,0.0129343550652265,-0.001778841833584,-0.0043079853057861,-0.0021059988066554,0.002591531490907,0.057847898453474,0.0110319182276725,-0.0373941622674465,0.0732610076665878,0.0225056484341621,-0.0008379660430364,0.0003118214081041,-0.0452277883887291,-0.0075856326147913,-0.0171153526753187,0.0235851779580116,-0.0283171664923429,0.0196660161018371,-0.0034936792217195,-0.0222211480140686,-0.0366758741438388,-0.0072589819319546,-0.0155884902924299,0.0143658053129911,-0.0522141754627227,-0.0075651477091014,0.0128440121188759,-0.0617011673748493,0.0252926554530859,0.0106406658887863,-0.014583540149033,0.0272822864353656,-0.0732284933328628,0.018153116106987,0.046382550150156,-0.0069350809790194,-0.0568220950663089,0.0076088774949312,0.0193977821618318,-0.0220336951315403,0.0238722302019596,0.0022477419115602,-0.0022366663906723,-0.0146697908639907,0.0360612869262695,-0.0063862549141049,-0.0332698822021484,0.0049844429200744,-0.0486208810709278,-0.0266666597318936,-0.0014184901479739,-0.0199688590123167,-0.0256676492776766,0.0306853788519043,0.0393598183129642,0.1327102984481154,0.228435492563406,0.1633956697064371,0.2592999241310103,2019-02-28,2019-03-01,2019-03-04,2019-03-05,2019-03-06,2019-03-07,2019-03-08,2019-03-11,2019-03-12,2019-03-13,92775.0,2019-02-27,252.0,3.6320%,-0.0004,1.3495,1.9776,-0.2606,2.8991%,3.4658%,30.0274%,0.031013,TREE,92775.0,2019-02-28,252.0,-0.6386%,-0.0004,1.3475,1.9761,-0.2614,2.8990%,3.4621%,29.8833%,-0.00335,TREE,92775.0,2019-03-01,252.0,1.1444%,-0.0005,1.358,1.9917,-0.243,2.8967%,3.4627%,30.0208%,-0.005124,TREE,92775.0,2019-03-04,252.0,-3.1494%,-0.0005,1.3534,2.0203,-0.2449,2.8969%,3.4679%,30.2165%,-0.015608,TREE,92775.0,2019-03-05,252.0,1.3347%,-0.0004,1.3554,2.0497,-0.2515,2.8960%,3.4684%,30.2822%,0.021233,TREE,92775.0,2019-03-06,252.0,-0.6380%,-0.0003,1.3359,1.9912,-0.2815,2.9014%,3.4668%,29.9573%,0.0308409999999999,TREE,92775.0,2019-03-07,252.0,-2.9022%,-0.0003,1.3478,2.0158,-0.2587,2.9017%,3.4716%,30.1403%,-0.017693,TREE,92775.0,2019-03-08,252.0,1.7711%,-0.0001,1.3429,2.0525,-0.2684,2.8967%,3.4720%,30.3943%,0.019139,TREE,92775.0,2019-03-11,252.0,2.8855%,-0.0,1.3434,2.0394,-0.2762,2.8953%,3.4748%,30.5724%,-3e-05,TREE,92775.0,2019-03-12,252.0,0.7723%,-0.0,1.3404,2.0356,-0.2813,2.8958%,3.4725%,30.4563%,0.0097629999999999,TREE,92775.0,2019-03-13,252.0,2.6496%,0.0001,1.3483,2.0251,-0.2752,2.8998%,3.4761%,30.4081%,0.0240309999999999,TREE,0.027663,0.022539,0.006931,0.059005,0.094215
13147,THOMSON REUTERS CORP,"BMO Capital Maintains Outperform on Thomson Reuters, Raises Price Target to $78",6,increase,0.8,0.6,the maintenance of an 'outperform' rating along with a raised price target typically signals positive sentiment and potential for stock price appreciation.,2,2019-02-27,TRI,2019-02-27 14:20:00+00:00,89444.0,88490380,-0.0108157685026526,998405.0,0.0083395252004265,0.0331439413130283,-0.0023892864119261,-0.0088229998946189,-0.0014738028403371,0.0049047754146158,0.002952026668936,0.0068375458940863,0.0029433378949761,-0.0051019773818552,0.0031181471422314,-0.0007553042960353,-0.0071784132160246,0.0051243207417428,0.0131628271192312,0.0032368272077292,0.0065873153507709,-0.0051146135665476,0.0125432191416621,0.0034214085899293,0.0014362300280481,-0.0110902283340692,0.0098602194339036,0.005481022875756,0.0021302844397723,0.0005672991392202,0.0046058162115514,-0.0084380414336919,-0.0001763061445672,0.0113787651062011,0.0128747709095478,0.0053383940830826,0.0067908652126789,0.0021016546525061,-0.0038049328140914,0.0092556793242692,0.0003472301759757,0.0097352024167776,0.00780980149284,0.007651547435671,0.0158429816365242,-0.0013714673696085,0.0035599097609519,0.0011769591365009,0.0013513178564608,-0.0029337282758206,-0.005566768348217,0.0088792573660612,0.0091603212058544,-0.004126529674977,-0.0141200227662921,0.0083217388018965,-0.0006820275448262,0.0019853541161865,0.0049479766748845,0.0153194582089781,-0.0047538639046251,0.0056760343722999,0.0068236356601119,0.0042753033339977,0.0001694056554697,0.0042935819365084,0.0111807528883218,0.0130489040166139,0.0036857300437986,0.0136468131095171,-0.0021699394565075,0.0029479761142283,0.0006691354210488,-0.002520456444472,0.0016716562677174,0.0157883875072002,0.0023365020751953,-0.0145080406218767,-0.0036630239337682,-0.015524735674262,-0.0021724777761846,0.0077180382795631,0.018589861690998,0.0025093879085034,0.0021374723874032,-0.0064409174956381,0.0032813907600939,0.0332760661840438,0.0112837059423327,-0.0154301319271326,-0.0040426906198263,-0.027543680742383,0.0008118076948449,-0.0131845381110906,-0.0014600933063775,-0.0036378395743668,0.0034118455369025,-0.018254006281495,-0.0124675622209906,-0.0154326455667614,0.028693227097392,-0.0036979843862354,0.0082881199195981,0.0118157211691141,0.013278535567224,0.0115537447854876,-0.0098283505067229,-0.0017896231729537,0.01181660592556,-0.0039611952379345,0.0082528619095683,-0.0098058441653847,0.0069497600197792,-0.0001960455265361,-0.0035275421105325,0.023685272783041,-0.0033861969131976,-0.0099364072084426,0.0072587062604725,0.0063999937847256,0.0029132449999451,-0.0023942324332892,-0.0064566605724394,0.0182852037250995,0.0083395252004265,0.0331439413130283,0.0059303132742571,0.0240285124276973,0.0044477703213723,0.0290511422993182,0.010378083570627,0.0308012326056394,0.0390859818573992,0.0368750942438853,0.1010207212552971,0.1105456125918296,0.2123479152657037,0.1082892740557945,2019-02-28,2019-03-01,2019-03-04,2019-03-05,2019-03-06,2019-03-07,2019-03-08,2019-03-11,2019-03-12,2019-03-13,89444.0,2019-02-27,252.0,-1.0816%,0.0012,0.4552,-0.2434,-0.1785,0.9779%,1.1133%,22.8519%,-0.011085,TRI,89444.0,2019-02-28,252.0,0.8340%,0.0012,0.4533,-0.2444,-0.1818,0.9792%,1.1136%,22.6799%,0.009253,TRI,89444.0,2019-03-01,252.0,-0.2389%,0.0012,0.4447,-0.2571,-0.1918,0.9774%,1.1097%,22.4276%,-0.005761,TRI,89444.0,2019-03-04,252.0,-0.1474%,0.0012,0.4458,-0.2599,-0.1922,0.9773%,1.1092%,22.3707%,0.000468,TRI,89444.0,2019-03-05,252.0,0.2952%,0.0012,0.4453,-0.2624,-0.1929,0.9773%,1.1092%,22.3666%,0.002353,TRI,89444.0,2019-03-06,252.0,0.2943%,0.0012,0.4459,-0.2681,-0.1931,0.9772%,1.1091%,22.3679%,0.003365,TRI,89444.0,2019-03-07,252.0,0.3118%,0.0012,0.4432,-0.2725,-0.1979,0.9776%,1.1091%,22.3172%,0.00586,TRI,89444.0,2019-03-08,252.0,-0.7178%,0.0012,0.4438,-0.2659,-0.1972,0.9780%,1.1095%,22.2998%,-0.006494,TRI,89444.0,2019-03-11,252.0,1.3163%,0.0012,0.4462,-0.2549,-0.1922,0.9768%,1.1090%,22.4296%,0.006391,TRI,89444.0,2019-03-12,252.0,0.6587%,0.0012,0.4445,-0.2561,-0.1946,0.9769%,1.1078%,22.2332%,0.004514,TRI,89444.0,2019-03-13,252.0,1.2543%,0.0012,0.447,-0.2612,-0.1931,0.9779%,1.1100%,22.3775%,0.008767,TRI,-0.001832,-0.007593,-0.007125,-0.0014069999999999,0.017631
13155,T ROWE PRICE GROUP INC,"Credit Suisse Maintains Outperform on T. Rowe Price Group, Raises Price Target to $121",6,increase,0.8,0.6,the maintenance of an 'outperform' rating and an increase in the price target typically signals positive sentiment and potential for stock price appreciation.,2,2019-02-27,TROW,2019-02-27 14:46:00+00:00,10138.0,74144T10,0.0175616256892681,1096766.0,0.001895475317724,0.0040770717896521,0.0023897029459476,0.0006119077443145,-0.0112247671931982,0.0097837755456566,-0.0073337689973413,-0.0110002225264906,-0.0075903250835835,0.0080082006752491,-0.0182541403919458,-0.0018446433823555,0.005920844618231,0.0024656411260366,0.0232342015951871,-0.0080505544319748,0.0135230999439954,0.010711720213294,0.009160591289401,0.0476961061358451,0.0008880298119038,0.0031392176169902,0.0174811501055955,-0.0145082212984561,0.0040023038163781,-0.0050944951362907,-0.0020417994819581,-0.004016884136945,-0.0173421557992696,-0.0059892791323363,0.0143763329833746,0.010833740234375,-0.0346984229981899,0.0073828636668622,-0.0054678097367286,0.0472882278263568,0.0170026291161775,-0.0378436893224716,-0.0080088404938578,-0.0179989095777273,0.0,-0.0010577059583738,0.010394656099379,0.0073514003306627,0.0317618884146213,0.0025635319761931,-0.0002904782886616,-0.0089975493028759,0.00029056268977,-0.0221509095281362,-0.0028073659632354,0.0197382606565952,0.0138821499422192,-0.0055631236173212,0.0005744691588915,0.0271697752177715,-0.0065071801654994,0.0171071123331785,0.0022154049947857,0.0104155391454696,0.0067275054752826,-0.0221042465418577,0.0109785348176956,-0.0038855974562466,-0.0089707700535655,0.0035745431669056,0.0164840724319219,0.0051170522347092,-0.0055305957794189,-0.0014134037774056,-0.0017908833688125,0.0356942452490329,0.0055712591856718,-0.0329921469092369,0.0094844792038202,-0.0051993429660797,0.0210232753306627,0.0107291806489229,-0.0191326383501291,0.0003285377169959,0.0036225095391273,0.0185164082795381,-0.0071263695135712,0.0553267188370227,0.0020507199224084,-0.0210878290235996,-0.0133023280650377,-0.0059565207920968,-0.0076364437118172,-0.0125551475211978,0.0152004407718777,-0.0263215787708759,-0.010481028817594,-0.0025265926960855,-0.0230754204094409,-0.0102207502350211,-0.0030010181944817,-0.0138323064893484,-0.0014564669691026,-0.0006381038110703,0.0267405696213245,0.0216233599931001,-0.0422388426959514,-0.0045429766178131,0.0204687006771564,-0.0088979611173272,0.0073643620125949,-0.0166561435908079,0.0129857491701841,-0.0043035168200731,-0.0088310735300183,-0.0432818345725536,-0.0023950948379933,0.0022141828667372,0.0148852691054344,0.0152242546901106,-0.003785025794059,-0.0047792717814445,-0.0236511956900358,0.0365763008594512,0.001895475317724,0.0040770717896521,0.0042897078866224,0.0046914743257688,-0.0069832102789298,0.0145211502032069,-0.0217478093071116,0.011396309566777,0.0110734287396787,0.0630193583381797,0.0458444144514076,0.0915235696926661,0.0331796731516988,0.0461621753725463,2019-02-28,2019-03-01,2019-03-04,2019-03-05,2019-03-06,2019-03-07,2019-03-08,2019-03-11,2019-03-12,2019-03-13,10138.0,2019-02-27,252.0,1.7562%,-0.0003,1.295,-0.0387,0.3838,0.9800%,1.6143%,63.1436%,0.016841,TROW,10138.0,2019-02-28,252.0,0.1895%,-0.0003,1.294,-0.0391,0.3815,0.9810%,1.6115%,62.9413%,0.006777,TROW,10138.0,2019-03-01,252.0,0.2390%,-0.0003,1.2998,-0.0306,0.3928,0.9790%,1.6114%,63.0918%,-0.0053779999999999,TROW,10138.0,2019-03-04,252.0,-1.1225%,-0.0003,1.3004,-0.0274,0.3914,0.9797%,1.6097%,62.9620%,-0.00621,TROW,10138.0,2019-03-05,252.0,-0.7334%,-0.0003,1.3021,-0.0173,0.394,0.9796%,1.6103%,62.9923%,-0.004359,TROW,10138.0,2019-03-06,252.0,-0.7590%,-0.0003,1.3011,-0.0242,0.392,0.9798%,1.6085%,62.8959%,0.002882,TROW,10138.0,2019-03-07,252.0,-1.8254%,-0.0004,1.3018,-0.0331,0.3904,0.9789%,1.6101%,63.0330%,-0.006398,TROW,10138.0,2019-03-08,252.0,0.5921%,-0.0003,1.3004,-0.0321,0.3881,0.9809%,1.6105%,62.9087%,0.009375,TROW,10138.0,2019-03-11,252.0,2.3234%,-0.0003,1.3034,-0.0235,0.3915,0.9808%,1.6162%,63.1689%,0.0059019999999999,TROW,10138.0,2019-03-12,252.0,1.3523%,-0.0003,1.2983,-0.0273,0.3841,0.9822%,1.6071%,62.6506%,0.010422,TROW,10138.0,2019-03-13,252.0,0.9161%,-0.0003,1.2983,-0.0255,0.3845,0.9821%,1.6080%,62.7031%,-0.000153,TROW,0.023618,0.01824,0.0120299999999999,0.010553,0.0297009999999999
13163,T ROWE PRICE GROUP INC,"Citigroup Maintains Neutral on T. Rowe Price Group, Raises Price Target to $98",6,uncertain,0.6,0.2,"while raising the price target may suggest positive sentiment, maintaining a 'neutral' rating indicates a lack of strong conviction, leading to uncertainty in the stock's immediate price movement.",1,2019-02-27,TROW,2019-02-27 13:27:00+00:00,10138.0,74144T10,0.0175616256892681,1096766.0,0.001895475317724,0.0040770717896521,0.0023897029459476,0.0006119077443145,-0.0112247671931982,0.0097837755456566,-0.0073337689973413,-0.0110002225264906,-0.0075903250835835,0.0080082006752491,-0.0182541403919458,-0.0018446433823555,0.005920844618231,0.0024656411260366,0.0232342015951871,-0.0080505544319748,0.0135230999439954,0.010711720213294,0.009160591289401,0.0476961061358451,0.0008880298119038,0.0031392176169902,0.0174811501055955,-0.0145082212984561,0.0040023038163781,-0.0050944951362907,-0.0020417994819581,-0.004016884136945,-0.0173421557992696,-0.0059892791323363,0.0143763329833746,0.010833740234375,-0.0346984229981899,0.0073828636668622,-0.0054678097367286,0.0472882278263568,0.0170026291161775,-0.0378436893224716,-0.0080088404938578,-0.0179989095777273,0.0,-0.0010577059583738,0.010394656099379,0.0073514003306627,0.0317618884146213,0.0025635319761931,-0.0002904782886616,-0.0089975493028759,0.00029056268977,-0.0221509095281362,-0.0028073659632354,0.0197382606565952,0.0138821499422192,-0.0055631236173212,0.0005744691588915,0.0271697752177715,-0.0065071801654994,0.0171071123331785,0.0022154049947857,0.0104155391454696,0.0067275054752826,-0.0221042465418577,0.0109785348176956,-0.0038855974562466,-0.0089707700535655,0.0035745431669056,0.0164840724319219,0.0051170522347092,-0.0055305957794189,-0.0014134037774056,-0.0017908833688125,0.0356942452490329,0.0055712591856718,-0.0329921469092369,0.0094844792038202,-0.0051993429660797,0.0210232753306627,0.0107291806489229,-0.0191326383501291,0.0003285377169959,0.0036225095391273,0.0185164082795381,-0.0071263695135712,0.0553267188370227,0.0020507199224084,-0.0210878290235996,-0.0133023280650377,-0.0059565207920968,-0.0076364437118172,-0.0125551475211978,0.0152004407718777,-0.0263215787708759,-0.010481028817594,-0.0025265926960855,-0.0230754204094409,-0.0102207502350211,-0.0030010181944817,-0.0138323064893484,-0.0014564669691026,-0.0006381038110703,0.0267405696213245,0.0216233599931001,-0.0422388426959514,-0.0045429766178131,0.0204687006771564,-0.0088979611173272,0.0073643620125949,-0.0166561435908079,0.0129857491701841,-0.0043035168200731,-0.0088310735300183,-0.0432818345725536,-0.0023950948379933,0.0022141828667372,0.0148852691054344,0.0152242546901106,-0.003785025794059,-0.0047792717814445,-0.0236511956900358,0.0365763008594512,0.001895475317724,0.0040770717896521,0.0042897078866224,0.0046914743257688,-0.0069832102789298,0.0145211502032069,-0.0217478093071116,0.011396309566777,0.0110734287396787,0.0630193583381797,0.0458444144514076,0.0915235696926661,0.0331796731516988,0.0461621753725463,2019-02-28,2019-03-01,2019-03-04,2019-03-05,2019-03-06,2019-03-07,2019-03-08,2019-03-11,2019-03-12,2019-03-13,10138.0,2019-02-27,252.0,1.7562%,-0.0003,1.295,-0.0387,0.3838,0.9800%,1.6143%,63.1436%,0.016841,TROW,10138.0,2019-02-28,252.0,0.1895%,-0.0003,1.294,-0.0391,0.3815,0.9810%,1.6115%,62.9413%,0.006777,TROW,10138.0,2019-03-01,252.0,0.2390%,-0.0003,1.2998,-0.0306,0.3928,0.9790%,1.6114%,63.0918%,-0.0053779999999999,TROW,10138.0,2019-03-04,252.0,-1.1225%,-0.0003,1.3004,-0.0274,0.3914,0.9797%,1.6097%,62.9620%,-0.00621,TROW,10138.0,2019-03-05,252.0,-0.7334%,-0.0003,1.3021,-0.0173,0.394,0.9796%,1.6103%,62.9923%,-0.004359,TROW,10138.0,2019-03-06,252.0,-0.7590%,-0.0003,1.3011,-0.0242,0.392,0.9798%,1.6085%,62.8959%,0.002882,TROW,10138.0,2019-03-07,252.0,-1.8254%,-0.0004,1.3018,-0.0331,0.3904,0.9789%,1.6101%,63.0330%,-0.006398,TROW,10138.0,2019-03-08,252.0,0.5921%,-0.0003,1.3004,-0.0321,0.3881,0.9809%,1.6105%,62.9087%,0.009375,TROW,10138.0,2019-03-11,252.0,2.3234%,-0.0003,1.3034,-0.0235,0.3915,0.9808%,1.6162%,63.1689%,0.0059019999999999,TROW,10138.0,2019-03-12,252.0,1.3523%,-0.0003,1.2983,-0.0273,0.3841,0.9822%,1.6071%,62.6506%,0.010422,TROW,10138.0,2019-03-13,252.0,0.9161%,-0.0003,1.2983,-0.0255,0.3845,0.9821%,1.6080%,62.7031%,-0.000153,TROW,0.023618,0.01824,0.0120299999999999,0.010553,0.0297009999999999
13171,T ROWE PRICE GROUP INC,"Wells Fargo Maintains Market Perform on T. Rowe Price Group, Raises Price Target to $102",6,increase,0.7,0.6,"the maintenance of a 'market perform' rating combined with a raised price target suggests a positive outlook, which could lead to an increase in stock price.",2,2019-02-27,TROW,2019-02-27 13:15:00+00:00,10138.0,74144T10,0.0175616256892681,1096766.0,0.001895475317724,0.0040770717896521,0.0023897029459476,0.0006119077443145,-0.0112247671931982,0.0097837755456566,-0.0073337689973413,-0.0110002225264906,-0.0075903250835835,0.0080082006752491,-0.0182541403919458,-0.0018446433823555,0.005920844618231,0.0024656411260366,0.0232342015951871,-0.0080505544319748,0.0135230999439954,0.010711720213294,0.009160591289401,0.0476961061358451,0.0008880298119038,0.0031392176169902,0.0174811501055955,-0.0145082212984561,0.0040023038163781,-0.0050944951362907,-0.0020417994819581,-0.004016884136945,-0.0173421557992696,-0.0059892791323363,0.0143763329833746,0.010833740234375,-0.0346984229981899,0.0073828636668622,-0.0054678097367286,0.0472882278263568,0.0170026291161775,-0.0378436893224716,-0.0080088404938578,-0.0179989095777273,0.0,-0.0010577059583738,0.010394656099379,0.0073514003306627,0.0317618884146213,0.0025635319761931,-0.0002904782886616,-0.0089975493028759,0.00029056268977,-0.0221509095281362,-0.0028073659632354,0.0197382606565952,0.0138821499422192,-0.0055631236173212,0.0005744691588915,0.0271697752177715,-0.0065071801654994,0.0171071123331785,0.0022154049947857,0.0104155391454696,0.0067275054752826,-0.0221042465418577,0.0109785348176956,-0.0038855974562466,-0.0089707700535655,0.0035745431669056,0.0164840724319219,0.0051170522347092,-0.0055305957794189,-0.0014134037774056,-0.0017908833688125,0.0356942452490329,0.0055712591856718,-0.0329921469092369,0.0094844792038202,-0.0051993429660797,0.0210232753306627,0.0107291806489229,-0.0191326383501291,0.0003285377169959,0.0036225095391273,0.0185164082795381,-0.0071263695135712,0.0553267188370227,0.0020507199224084,-0.0210878290235996,-0.0133023280650377,-0.0059565207920968,-0.0076364437118172,-0.0125551475211978,0.0152004407718777,-0.0263215787708759,-0.010481028817594,-0.0025265926960855,-0.0230754204094409,-0.0102207502350211,-0.0030010181944817,-0.0138323064893484,-0.0014564669691026,-0.0006381038110703,0.0267405696213245,0.0216233599931001,-0.0422388426959514,-0.0045429766178131,0.0204687006771564,-0.0088979611173272,0.0073643620125949,-0.0166561435908079,0.0129857491701841,-0.0043035168200731,-0.0088310735300183,-0.0432818345725536,-0.0023950948379933,0.0022141828667372,0.0148852691054344,0.0152242546901106,-0.003785025794059,-0.0047792717814445,-0.0236511956900358,0.0365763008594512,0.001895475317724,0.0040770717896521,0.0042897078866224,0.0046914743257688,-0.0069832102789298,0.0145211502032069,-0.0217478093071116,0.011396309566777,0.0110734287396787,0.0630193583381797,0.0458444144514076,0.0915235696926661,0.0331796731516988,0.0461621753725463,2019-02-28,2019-03-01,2019-03-04,2019-03-05,2019-03-06,2019-03-07,2019-03-08,2019-03-11,2019-03-12,2019-03-13,10138.0,2019-02-27,252.0,1.7562%,-0.0003,1.295,-0.0387,0.3838,0.9800%,1.6143%,63.1436%,0.016841,TROW,10138.0,2019-02-28,252.0,0.1895%,-0.0003,1.294,-0.0391,0.3815,0.9810%,1.6115%,62.9413%,0.006777,TROW,10138.0,2019-03-01,252.0,0.2390%,-0.0003,1.2998,-0.0306,0.3928,0.9790%,1.6114%,63.0918%,-0.0053779999999999,TROW,10138.0,2019-03-04,252.0,-1.1225%,-0.0003,1.3004,-0.0274,0.3914,0.9797%,1.6097%,62.9620%,-0.00621,TROW,10138.0,2019-03-05,252.0,-0.7334%,-0.0003,1.3021,-0.0173,0.394,0.9796%,1.6103%,62.9923%,-0.004359,TROW,10138.0,2019-03-06,252.0,-0.7590%,-0.0003,1.3011,-0.0242,0.392,0.9798%,1.6085%,62.8959%,0.002882,TROW,10138.0,2019-03-07,252.0,-1.8254%,-0.0004,1.3018,-0.0331,0.3904,0.9789%,1.6101%,63.0330%,-0.006398,TROW,10138.0,2019-03-08,252.0,0.5921%,-0.0003,1.3004,-0.0321,0.3881,0.9809%,1.6105%,62.9087%,0.009375,TROW,10138.0,2019-03-11,252.0,2.3234%,-0.0003,1.3034,-0.0235,0.3915,0.9808%,1.6162%,63.1689%,0.0059019999999999,TROW,10138.0,2019-03-12,252.0,1.3523%,-0.0003,1.2983,-0.0273,0.3841,0.9822%,1.6071%,62.6506%,0.010422,TROW,10138.0,2019-03-13,252.0,0.9161%,-0.0003,1.2983,-0.0255,0.3845,0.9821%,1.6080%,62.7031%,-0.000153,TROW,0.023618,0.01824,0.0120299999999999,0.010553,0.0297009999999999
13179,TRX GOLD CORP,"Tanzanian Royalty Reports Sale Of 625,557 Common Shares At $0.4492/Share",6,decrease,0.7,0.5,"the sale of a significant number of shares may indicate dilution of existing shares, which could lead to a decrease in stock price.",0,2019-02-27,TRX,2019-02-27 11:25:00+00:00,90695.0,87283P10,0.0958333387970924,184708.0,-0.0272244084626436,-0.0321018956601619,-0.035334575921297,0.0112561378628015,-0.011345169506967,0.066086933016777,-0.0286885946989059,0.0087719215080142,0.0087764197960495,-0.0338982753455638,-0.056048210710287,0.021645002067089,0.0579581782221794,-0.1250000596046448,-0.0117272064089775,0.0314111523330211,0.0135615468025207,0.0320968143641948,-0.0031777182593941,-0.0312499701976776,0.0218120999634265,0.0491802804172039,-0.0147783299908042,0.1421082615852356,0.0216665863990783,-0.0455035008490085,0.0603588931262493,-0.0132834082469344,-0.0038461503572762,-0.0342387668788433,0.0003089315723627,-0.0047457423061132,0.2028716802597046,0.0146173350512981,0.1935566514730453,0.076851800084114,-0.1074309125542641,-0.0567685067653656,0.0003614339511841,0.0069775846786797,-0.0124051319435238,0.184443786740303,-0.0121951103210449,0.1997000724077225,-0.0123456669971346,0.1113888248801231,-0.049000009894371,0.1631664037704468,-0.0013143889373168,-0.0621212236583232,-0.0392208434641361,-0.021932354196906,-0.0745205804705619,0.0062630209140479,0.1498372256755829,-0.0138235436752438,-0.0139413317665457,-0.0224266331642866,-0.0151435490697622,0.1183279678225517,-0.0058324690908193,0.0180366057902574,0.0266666412353515,0.0545410625636577,0.0259740799665451,-0.0794725716114044,0.0,-0.0605970174074173,0.0316455401480197,-0.0428571030497551,0.0532515197992324,0.0169097743928432,0.0518406257033348,-0.0388718508183956,-0.0254734773188829,0.0231428667902946,0.0228435024619102,0.0294117368757724,-0.0444444045424461,-0.0476190187036991,-0.0093023441731929,0.0168043170124292,0.0563380010426044,0.0031428679358214,-0.054777730256319,0.0294117368757724,-0.0854590609669685,-0.0153489299118518,-0.1165809407830238,0.015588192269206,-0.0215335544198751,-0.0210192613303661,0.1155389696359634,0.0011530895717442,-0.010930404998362,-0.0379922576248645,0.0080863097682595,-0.0319463275372982,-0.0442513488233089,-0.0005366337136365,0.0630857050418853,0.0224966257810592,-0.0203947499394416,-0.0212137475609779,-0.0462054908275604,0.063999980688095,0.0333755798637867,-0.0185081120580434,-0.025620087981224,0.0434832721948623,-0.0180419515818357,-0.0467503257095813,0.0005697290762327,-0.0055478611029684,-0.0249110087752342,0.0069832331500947,0.0,-0.0151306428015232,-0.0072992630302906,0.0533179193735122,-0.0272244084626436,-0.0321018956601619,-0.061597021456205,-0.0212071011605684,-0.0722433623136271,0.04347831958233,-0.0909506082395991,0.0169492326828812,-0.0935361330156462,-0.0624999477633052,0.1473764129992674,0.9292605986005004,0.0342204964303149,0.7386266496800102,2019-02-28,2019-03-01,2019-03-04,2019-03-05,2019-03-06,2019-03-07,2019-03-08,2019-03-11,2019-03-12,2019-03-13,90695.0,2019-02-27,252.0,9.5833%,0.0034,0.2816,0.304,0.0484,4.8626%,4.8739%,0.4639%,0.095,TRX,90695.0,2019-02-28,252.0,-2.7224%,0.0034,0.2806,0.3023,0.0546,4.8655%,4.8766%,0.4522%,-0.026391,TRX,90695.0,2019-03-01,252.0,-3.5335%,0.0032,0.2761,0.2956,0.0668,4.8723%,4.8827%,0.4242%,-0.038103,TRX,90695.0,2019-03-04,252.0,-1.1345%,0.0034,0.2469,0.4035,0.0719,4.8551%,4.8660%,0.4452%,-0.009078,TRX,90695.0,2019-03-05,252.0,-2.8689%,0.0032,0.2463,0.3788,0.0826,4.8563%,4.8663%,0.4093%,-0.026936,TRX,90695.0,2019-03-06,252.0,0.8776%,0.0031,0.2288,0.3641,0.0608,4.8547%,4.8639%,0.3800%,0.015495,TRX,90695.0,2019-03-07,252.0,-5.6048%,0.0031,0.2676,0.443,0.1348,4.8568%,4.8688%,0.4937%,-0.053807,TRX,90695.0,2019-03-08,252.0,5.7958%,0.0033,0.2611,0.427,0.1252,4.8684%,4.8797%,0.4648%,0.058464,TRX,90695.0,2019-03-11,252.0,-1.1727%,0.0033,0.2517,0.3957,0.1121,4.8675%,4.8779%,0.4258%,-0.016593,TRX,90695.0,2019-03-12,252.0,1.3562%,0.0034,0.2674,0.3875,0.1267,4.8668%,4.8776%,0.4439%,0.0140399999999999,TRX,90695.0,2019-03-13,252.0,-0.3178%,0.0033,0.2652,0.3852,0.1237,4.8668%,4.8774%,0.4381%,-0.003947,TRX,0.068609,0.030506,0.021428,0.009987,0.008144
13187,T2 BIOSYSTEMS INC,"T2 Biosystems shares are trading higher after the company reported the FDA granted ""Breakthrough Device"" designation for its T2Resistance Panel.",6,increase,0.8,0.7,"the fda granting 'breakthrough device' designation typically signals potential for faster market access and increased investor confidence, likely leading to a rise in stock price.",2,2019-02-27,TTOO,2019-02-27 22:11:00+00:00,14879.0,89853L20,-0.0505050607025623,560583.0,0.1542553603649139,-0.0050251209177076,0.0322580337524414,0.0364583618938922,-0.0424107275903224,0.0322580337524414,-0.1655011773109436,0.0026954151690006,-0.0893854573369026,-0.0080213826149702,-0.0368097797036171,0.0135501222684979,-0.1656051576137543,0.0423729084432125,-0.0152671616524457,0.0085470005869865,0.0503876432776451,0.0173912867903709,-0.033210389316082,0.0147058675065636,0.0114504620432853,-0.0058479476720094,0.0113207437098026,-0.0086956433951854,-0.0037313397042453,-0.1265822798013687,-0.0411985516548156,0.0762942656874656,0.0585937872529029,0.0545977167785167,0.0738007575273513,-0.0224718898534774,0.0,0.017142841592431,-0.0652921125292778,0.0324483439326286,0.0220588017255067,-0.0314285419881343,-0.0251798331737518,0.0233917906880378,-0.0147601328790187,-0.0311614442616701,-0.0149812586605548,0.0085714207962155,0.0038022776134312,0.0028653268236666,0.0265151243656873,-0.0305555276572704,-0.0221401993185281,-0.0027700804639607,0.0226414874196052,-0.0269542168825864,0.0147601328790187,-0.0026881694793701,0.1272726953029633,0.0,0.0096774874255061,0.0054053999483585,-0.0159745011478662,-0.0263157654553651,0.0259740799665451,-0.0155440270900726,-0.0158228445798158,0.0104711940512061,-0.0514468997716903,0.0611111223697662,-0.0271186977624893,0.0027855127118527,-0.0801393017172813,-0.0055401609279215,-0.04545459151268,0.084084078669548,0.0238095019012689,-0.0566572360694408,0.0232558846473693,0.172757476568222,-0.0113637149333953,0.0100671043619513,0.0,-0.016501635313034,-0.0153256561607122,-0.0288461279124021,0.0233463738113641,-0.0400000363588333,-0.022813756018877,0.0655737891793251,-0.0272373296320438,-0.0785498470067977,0.0079999919980764,-0.0030120452865958,0.1190476045012474,-0.0621469020843505,0.0212766602635383,-0.0166666507720947,-0.0416667088866233,-0.0816326960921287,0.0072463699616491,0.0077120745554566,-0.0611511059105396,-0.0371286794543266,-0.0268198996782302,0.0074812299571931,-0.0039370041340589,-0.0171567890793085,0.0355730876326561,-0.0215827692300081,0.0419847853481769,-0.0435779951512813,0.0659340918064117,-0.0202246475964784,-0.0996564254164695,0.0,-0.0419846959412097,0.0022521964274346,0.0079681202769279,-0.032679758965969,0.0158102624118328,-0.0397489629685878,-0.1906614899635315,0.0963302925229072,0.1542553603649139,-0.0050251209177076,0.1914893687385017,0.0312500332992062,0.1409574376941678,0.0645161316805784,-0.1329787259157953,0.0588235375606926,-0.3031915176136837,0.1647058600433828,-0.1808510786410109,0.0421052749485892,-0.4468085313372666,-0.0917431405758159,2019-02-28,2019-03-01,2019-03-04,2019-03-05,2019-03-06,2019-03-07,2019-03-08,2019-03-11,2019-03-12,2019-03-13,14879.0,2019-02-27,252.0,-5.0505%,-0.0003,0.8195,1.987,-0.6654,4.5401%,4.8260%,11.4992%,-0.055956,TTOO,14879.0,2019-02-28,252.0,15.4255%,-0.0004,0.8826,2.0355,-0.6558,4.5090%,4.8166%,12.3657%,0.154635,TTOO,14879.0,2019-03-01,252.0,3.2258%,-0.0004,0.9047,2.0685,-0.6296,4.5063%,4.8201%,12.5972%,0.0172879999999999,TTOO,14879.0,2019-03-04,252.0,-4.2411%,-0.0004,0.8881,2.1475,-0.6308,4.5014%,4.8232%,12.9009%,-0.027067,TTOO,14879.0,2019-03-05,252.0,-16.5501%,-0.0018,0.8648,1.8632,-0.589,4.3959%,4.6704%,11.4072%,-0.158938,TTOO,14879.0,2019-03-06,252.0,-8.9385%,-0.0019,0.9052,1.9651,-0.5296,4.4055%,4.6991%,12.1074%,-0.0584989999999999,TTOO,14879.0,2019-03-07,252.0,-3.6810%,-0.002,0.9199,1.9824,-0.5051,4.4087%,4.7041%,12.1660%,-0.029849,TTOO,14879.0,2019-03-08,252.0,-16.5605%,-0.0023,0.9361,2.08,-0.4843,4.4913%,4.7946%,12.2516%,-0.165521,TTOO,14879.0,2019-03-11,252.0,-1.5267%,-0.0029,0.9127,2.1755,-0.4176,4.4318%,4.7394%,12.5595%,-0.039311,TTOO,14879.0,2019-03-12,252.0,5.0388%,-0.0029,0.8666,2.1599,-0.477,4.4300%,4.7315%,12.3410%,0.053773,TTOO,14879.0,2019-03-13,252.0,-3.3210%,-0.0031,0.8578,2.1553,-0.4877,4.4314%,4.7311%,12.2685%,-0.0319,TTOO,0.0986789999999999,0.1159669999999999,0.0888999999999999,-0.128537,-0.341345
13195,T2 BIOSYSTEMS INC,T2 Biosystems Reports FDA Granted Breakthrough Device Designation For T2Resistance Panel; Expected Availability Through CE Mark In 2019,6,increase,0.8,0.7,"the fda granting breakthrough device designation is a positive development that typically signals potential for faster market access and increased investor interest, likely leading to a rise in stock price.",2,2019-02-27,TTOO,2019-02-27 21:02:00+00:00,14879.0,89853L20,-0.0505050607025623,560583.0,0.1542553603649139,-0.0050251209177076,0.0322580337524414,0.0364583618938922,-0.0424107275903224,0.0322580337524414,-0.1655011773109436,0.0026954151690006,-0.0893854573369026,-0.0080213826149702,-0.0368097797036171,0.0135501222684979,-0.1656051576137543,0.0423729084432125,-0.0152671616524457,0.0085470005869865,0.0503876432776451,0.0173912867903709,-0.033210389316082,0.0147058675065636,0.0114504620432853,-0.0058479476720094,0.0113207437098026,-0.0086956433951854,-0.0037313397042453,-0.1265822798013687,-0.0411985516548156,0.0762942656874656,0.0585937872529029,0.0545977167785167,0.0738007575273513,-0.0224718898534774,0.0,0.017142841592431,-0.0652921125292778,0.0324483439326286,0.0220588017255067,-0.0314285419881343,-0.0251798331737518,0.0233917906880378,-0.0147601328790187,-0.0311614442616701,-0.0149812586605548,0.0085714207962155,0.0038022776134312,0.0028653268236666,0.0265151243656873,-0.0305555276572704,-0.0221401993185281,-0.0027700804639607,0.0226414874196052,-0.0269542168825864,0.0147601328790187,-0.0026881694793701,0.1272726953029633,0.0,0.0096774874255061,0.0054053999483585,-0.0159745011478662,-0.0263157654553651,0.0259740799665451,-0.0155440270900726,-0.0158228445798158,0.0104711940512061,-0.0514468997716903,0.0611111223697662,-0.0271186977624893,0.0027855127118527,-0.0801393017172813,-0.0055401609279215,-0.04545459151268,0.084084078669548,0.0238095019012689,-0.0566572360694408,0.0232558846473693,0.172757476568222,-0.0113637149333953,0.0100671043619513,0.0,-0.016501635313034,-0.0153256561607122,-0.0288461279124021,0.0233463738113641,-0.0400000363588333,-0.022813756018877,0.0655737891793251,-0.0272373296320438,-0.0785498470067977,0.0079999919980764,-0.0030120452865958,0.1190476045012474,-0.0621469020843505,0.0212766602635383,-0.0166666507720947,-0.0416667088866233,-0.0816326960921287,0.0072463699616491,0.0077120745554566,-0.0611511059105396,-0.0371286794543266,-0.0268198996782302,0.0074812299571931,-0.0039370041340589,-0.0171567890793085,0.0355730876326561,-0.0215827692300081,0.0419847853481769,-0.0435779951512813,0.0659340918064117,-0.0202246475964784,-0.0996564254164695,0.0,-0.0419846959412097,0.0022521964274346,0.0079681202769279,-0.032679758965969,0.0158102624118328,-0.0397489629685878,-0.1906614899635315,0.0963302925229072,0.1542553603649139,-0.0050251209177076,0.1914893687385017,0.0312500332992062,0.1409574376941678,0.0645161316805784,-0.1329787259157953,0.0588235375606926,-0.3031915176136837,0.1647058600433828,-0.1808510786410109,0.0421052749485892,-0.4468085313372666,-0.0917431405758159,2019-02-28,2019-03-01,2019-03-04,2019-03-05,2019-03-06,2019-03-07,2019-03-08,2019-03-11,2019-03-12,2019-03-13,14879.0,2019-02-27,252.0,-5.0505%,-0.0003,0.8195,1.987,-0.6654,4.5401%,4.8260%,11.4992%,-0.055956,TTOO,14879.0,2019-02-28,252.0,15.4255%,-0.0004,0.8826,2.0355,-0.6558,4.5090%,4.8166%,12.3657%,0.154635,TTOO,14879.0,2019-03-01,252.0,3.2258%,-0.0004,0.9047,2.0685,-0.6296,4.5063%,4.8201%,12.5972%,0.0172879999999999,TTOO,14879.0,2019-03-04,252.0,-4.2411%,-0.0004,0.8881,2.1475,-0.6308,4.5014%,4.8232%,12.9009%,-0.027067,TTOO,14879.0,2019-03-05,252.0,-16.5501%,-0.0018,0.8648,1.8632,-0.589,4.3959%,4.6704%,11.4072%,-0.158938,TTOO,14879.0,2019-03-06,252.0,-8.9385%,-0.0019,0.9052,1.9651,-0.5296,4.4055%,4.6991%,12.1074%,-0.0584989999999999,TTOO,14879.0,2019-03-07,252.0,-3.6810%,-0.002,0.9199,1.9824,-0.5051,4.4087%,4.7041%,12.1660%,-0.029849,TTOO,14879.0,2019-03-08,252.0,-16.5605%,-0.0023,0.9361,2.08,-0.4843,4.4913%,4.7946%,12.2516%,-0.165521,TTOO,14879.0,2019-03-11,252.0,-1.5267%,-0.0029,0.9127,2.1755,-0.4176,4.4318%,4.7394%,12.5595%,-0.039311,TTOO,14879.0,2019-03-12,252.0,5.0388%,-0.0029,0.8666,2.1599,-0.477,4.4300%,4.7315%,12.3410%,0.053773,TTOO,14879.0,2019-03-13,252.0,-3.3210%,-0.0031,0.8578,2.1553,-0.4877,4.4314%,4.7311%,12.2685%,-0.0319,TTOO,0.0986789999999999,0.1159669999999999,0.0888999999999999,-0.128537,-0.341345
13203,UNIVERSAL HEALTH SERVICES INC,"Universal Health Services Sees FY19 Adj. EPS $9.70-$10.40 vs $10.02 Est., Sales $11.21B-$11.36B vs $11.25B Est.",6,uncertain,0.6,0.2,"while the adjusted eps guidance is slightly below estimates, the sales forecast is in line with expectations, leading to uncertainty about the overall impact on the stock price.",1,2019-02-27,UHS,2019-02-27 21:22:00+00:00,79637.0,91390310,-0.0027689167764037,692040.0,0.0425484590232372,-0.0057290853001177,0.014190025627613,-0.0120552740991115,-0.0252840723842382,0.0110738771036267,-7.293620728887618e-05,0.0017122968565672,-0.0320629179477691,-0.007022968493402,-0.0249190516769886,-0.0019183539552614,-0.0025478831958025,0.0134599795565009,0.0039476314559578,-0.0028335312381386,0.0107170352712273,0.0056992461904883,0.012205402366817,0.0048983357846736,0.010776943527162,0.0092021552845835,0.0008947985479608,-0.0109071526676416,0.0119188828393816,-0.0156966913491487,-0.0030182837508618,0.0011118070688098,-0.0104111973196268,0.001707833376713,0.0190270338207483,-0.0062717194668948,-0.0092261089012026,0.0226363837718963,-0.0069470289163291,-0.0036836976651102,-0.0017116598319262,0.0034701775293797,-0.0102131739258766,0.016330637037754,0.0055734743364155,-0.005414112471044,0.0019474929431453,0.0100900987163186,0.0073259752243757,-0.0046764840371906,-0.0074211503379046,-0.0013015707954764,0.0037383178714662,-0.0103053767234087,-0.0020856519695371,0.0111093847081065,0.0055982680059969,0.0067880661226809,-0.0127672301605343,0.0205463320016861,0.0063910232856869,0.0142115671187639,0.0047814669087529,-0.0038177312817424,-0.015391532331705,0.0004774822155013,0.0028696940280497,0.0109403962269425,-0.0004517888301052,0.0189344063401222,-0.04828991740942,0.0312763899564743,-0.0290508829057216,-0.0021929361391812,0.0150823285803198,0.0222451649606227,-0.0129306931048631,-0.0124318720772862,0.0421480908989906,0.0075498018413782,0.0174109600484371,0.003098112065345,0.0106668667867779,-0.004284490365535,-0.018754756078124,-0.0062164980918169,-0.0156310200691223,0.0353553369641304,-0.002672716975212,-0.0096052959561347,-0.0167100392282009,-0.0073676528409123,-0.0060120238922536,-0.0059451563283801,-0.0080645158886909,-0.0304093528538942,0.0121138039976358,0.010211824439466,-0.0123704792931675,-0.0219562817364931,-0.0075640529394149,-0.0819883272051811,0.0071300012059509,0.0053324974142014,-0.0008137234253808,0.0170449893921613,-0.0077368235215544,0.0137449549511075,0.0057452772743999,0.0087149301543831,-0.0055492110550403,-0.0411728806793689,-0.0013130122097209,-0.0219183973968029,0.0014790493296459,-0.0174477994441986,0.0112405875697732,-0.0073194415308535,0.0126571813598275,0.0016683946596458,0.0050477115437388,0.0203537847846746,-0.0197704341262579,0.0182379838079214,0.0425484590232372,-0.0057290853001177,0.0573422483748053,-0.0177152937055992,0.0306083304319835,-0.0068375935873229,-0.0025087384390981,-0.0121238961918593,-0.0035600686346279,0.0070083482558509,0.0099571137370662,0.0628330635653582,-0.0766278471993793,0.0078140235129982,2019-02-28,2019-03-01,2019-03-04,2019-03-05,2019-03-06,2019-03-07,2019-03-08,2019-03-11,2019-03-12,2019-03-13,79637.0,2019-02-27,252.0,-0.2769%,0.0006,0.6979,0.4129,0.3135,1.3117%,1.4908%,22.5861%,-0.003912,UHS,79637.0,2019-02-28,252.0,4.2548%,0.0007,0.6975,0.4141,0.3028,1.3377%,1.5133%,21.8687%,0.045313,UHS,79637.0,2019-03-01,252.0,1.4190%,0.0008,0.6881,0.4,0.2843,1.3336%,1.5046%,21.4469%,0.009088,UHS,79637.0,2019-03-04,252.0,-2.5284%,0.0006,0.6999,0.3808,0.2767,1.3351%,1.5107%,21.8953%,-0.021305,UHS,79637.0,2019-03-05,252.0,-0.0073%,0.0004,0.6861,0.2756,0.2661,1.2813%,1.4507%,21.9862%,0.002871,UHS,79637.0,2019-03-06,252.0,-3.2063%,0.0004,0.6996,0.3205,0.2874,1.2888%,1.4652%,22.6259%,-0.023023,UHS,79637.0,2019-03-07,252.0,-2.4919%,0.0003,0.7073,0.3217,0.2979,1.2938%,1.4728%,22.8296%,-0.018099,UHS,79637.0,2019-03-08,252.0,-0.2548%,0.0003,0.708,0.3127,0.2995,1.2928%,1.4716%,22.8255%,-0.000736,UHS,79637.0,2019-03-11,252.0,0.3948%,0.0002,0.7044,0.3174,0.3041,1.2924%,1.4709%,22.7943%,-0.00626,UHS,79637.0,2019-03-12,252.0,1.0717%,0.0003,0.7198,0.3097,0.3186,1.2893%,1.4720%,23.2904%,0.009998,UHS,79637.0,2019-03-13,252.0,1.2205%,0.0004,0.7222,0.3094,0.3211,1.2899%,1.4738%,23.3969%,0.0079569999999999,UHS,0.041401,0.050489,0.0291839999999999,0.009032,0.0018919999999999
13211,UNIVERSAL HEALTH SERVICES INC,"Universal Health Services Q4 Adj. EPS $2.37 Beats $2.34 Estimate, Sales $2.75B Beat $2.74B Estimate",6,increase,0.8,0.6,"the company reported better-than-expected earnings and sales, which typically leads to positive investor sentiment and an increase in stock price.",2,2019-02-27,UHS,2019-02-27 21:20:00+00:00,79637.0,91390310,-0.0027689167764037,692040.0,0.0425484590232372,-0.0057290853001177,0.014190025627613,-0.0120552740991115,-0.0252840723842382,0.0110738771036267,-7.293620728887618e-05,0.0017122968565672,-0.0320629179477691,-0.007022968493402,-0.0249190516769886,-0.0019183539552614,-0.0025478831958025,0.0134599795565009,0.0039476314559578,-0.0028335312381386,0.0107170352712273,0.0056992461904883,0.012205402366817,0.0048983357846736,0.010776943527162,0.0092021552845835,0.0008947985479608,-0.0109071526676416,0.0119188828393816,-0.0156966913491487,-0.0030182837508618,0.0011118070688098,-0.0104111973196268,0.001707833376713,0.0190270338207483,-0.0062717194668948,-0.0092261089012026,0.0226363837718963,-0.0069470289163291,-0.0036836976651102,-0.0017116598319262,0.0034701775293797,-0.0102131739258766,0.016330637037754,0.0055734743364155,-0.005414112471044,0.0019474929431453,0.0100900987163186,0.0073259752243757,-0.0046764840371906,-0.0074211503379046,-0.0013015707954764,0.0037383178714662,-0.0103053767234087,-0.0020856519695371,0.0111093847081065,0.0055982680059969,0.0067880661226809,-0.0127672301605343,0.0205463320016861,0.0063910232856869,0.0142115671187639,0.0047814669087529,-0.0038177312817424,-0.015391532331705,0.0004774822155013,0.0028696940280497,0.0109403962269425,-0.0004517888301052,0.0189344063401222,-0.04828991740942,0.0312763899564743,-0.0290508829057216,-0.0021929361391812,0.0150823285803198,0.0222451649606227,-0.0129306931048631,-0.0124318720772862,0.0421480908989906,0.0075498018413782,0.0174109600484371,0.003098112065345,0.0106668667867779,-0.004284490365535,-0.018754756078124,-0.0062164980918169,-0.0156310200691223,0.0353553369641304,-0.002672716975212,-0.0096052959561347,-0.0167100392282009,-0.0073676528409123,-0.0060120238922536,-0.0059451563283801,-0.0080645158886909,-0.0304093528538942,0.0121138039976358,0.010211824439466,-0.0123704792931675,-0.0219562817364931,-0.0075640529394149,-0.0819883272051811,0.0071300012059509,0.0053324974142014,-0.0008137234253808,0.0170449893921613,-0.0077368235215544,0.0137449549511075,0.0057452772743999,0.0087149301543831,-0.0055492110550403,-0.0411728806793689,-0.0013130122097209,-0.0219183973968029,0.0014790493296459,-0.0174477994441986,0.0112405875697732,-0.0073194415308535,0.0126571813598275,0.0016683946596458,0.0050477115437388,0.0203537847846746,-0.0197704341262579,0.0182379838079214,0.0425484590232372,-0.0057290853001177,0.0573422483748053,-0.0177152937055992,0.0306083304319835,-0.0068375935873229,-0.0025087384390981,-0.0121238961918593,-0.0035600686346279,0.0070083482558509,0.0099571137370662,0.0628330635653582,-0.0766278471993793,0.0078140235129982,2019-02-28,2019-03-01,2019-03-04,2019-03-05,2019-03-06,2019-03-07,2019-03-08,2019-03-11,2019-03-12,2019-03-13,79637.0,2019-02-27,252.0,-0.2769%,0.0006,0.6979,0.4129,0.3135,1.3117%,1.4908%,22.5861%,-0.003912,UHS,79637.0,2019-02-28,252.0,4.2548%,0.0007,0.6975,0.4141,0.3028,1.3377%,1.5133%,21.8687%,0.045313,UHS,79637.0,2019-03-01,252.0,1.4190%,0.0008,0.6881,0.4,0.2843,1.3336%,1.5046%,21.4469%,0.009088,UHS,79637.0,2019-03-04,252.0,-2.5284%,0.0006,0.6999,0.3808,0.2767,1.3351%,1.5107%,21.8953%,-0.021305,UHS,79637.0,2019-03-05,252.0,-0.0073%,0.0004,0.6861,0.2756,0.2661,1.2813%,1.4507%,21.9862%,0.002871,UHS,79637.0,2019-03-06,252.0,-3.2063%,0.0004,0.6996,0.3205,0.2874,1.2888%,1.4652%,22.6259%,-0.023023,UHS,79637.0,2019-03-07,252.0,-2.4919%,0.0003,0.7073,0.3217,0.2979,1.2938%,1.4728%,22.8296%,-0.018099,UHS,79637.0,2019-03-08,252.0,-0.2548%,0.0003,0.708,0.3127,0.2995,1.2928%,1.4716%,22.8255%,-0.000736,UHS,79637.0,2019-03-11,252.0,0.3948%,0.0002,0.7044,0.3174,0.3041,1.2924%,1.4709%,22.7943%,-0.00626,UHS,79637.0,2019-03-12,252.0,1.0717%,0.0003,0.7198,0.3097,0.3186,1.2893%,1.4720%,23.2904%,0.009998,UHS,79637.0,2019-03-13,252.0,1.2205%,0.0004,0.7222,0.3094,0.3211,1.2899%,1.4738%,23.3969%,0.0079569999999999,UHS,0.041401,0.050489,0.0291839999999999,0.009032,0.0018919999999999
13219,UNILEVER PLC,Unilever PLC shares are trading lower after Exane BNP Paribas downgraded the company shares from Outperform to Neutral.,6,decrease,0.8,0.6,"the downgrade from outperform to neutral typically signals a less favorable outlook, which can lead to a decrease in investor confidence and stock price.",0,2019-02-27,UL,2019-02-27 14:11:00+00:00,28302.0,90476770,-0.0286811012774705,2085716.0,0.0011284818174317,0.0062500024214386,-0.0101446723565459,-0.0100090848281979,0.0075916023924946,-0.0100882286205887,0.0120549891144037,0.0025284339208155,-0.005025134421885,0.0072766547091305,0.0095398826524615,0.0080689974129199,0.0133406966924667,0.0009177540196105,-0.006948203779757,0.002778876805678,0.0011047238949686,-0.0020043842960149,0.0104837175458669,0.0162963159382343,0.0176556464284658,-0.0062569039873778,0.0160973258316516,0.0007366650970652,-0.0019362894818186,0.004439472220838,0.0007054834859445,-0.0127829983830452,0.0068734469823539,0.0191699005663394,0.0094520756974816,0.0101523017510771,-0.01057736761868,0.0112167336046695,0.0038555450737476,-0.0075471987947821,0.0096020083874464,0.0011333845322951,-0.0024209441617131,0.0169035196304321,0.0008667542715556,-0.0024908459745347,-0.0003463882312644,-0.0011483515845611,-0.0032917954958975,-0.0111657865345478,0.0001738594874041,0.0124545227736234,0.0024330792948603,-0.0026753908023238,0.0003467485657893,0.005186331924051,-0.0031195892952382,0.0089147854596376,0.0046940273605287,-0.0122512094676494,-0.0041529964655637,0.0094686318188905,-0.0005212646210566,-0.0124046085402369,0.0003477130958344,0.0047938637435436,-0.0048662251792848,0.0048169554211199,0.0,-0.0084065459668636,0.0006985839572735,0.0001910628925543,0.002443270292133,-0.0073975604027509,0.0238510239869356,0.016387166455388,-0.0022105264943093,-0.0046056741848587,0.0010225182631984,-0.0026794141158461,-0.000851260672789,0.0044213677756488,0.0011927023297175,-0.0026840374339371,0.0112321283668279,0.0005754609592258,0.0045439326204359,0.0227584820240736,0.0185960903763771,-0.0246842168271541,-0.0090460404753685,-0.01022728998214,0.0002340122882742,0.0015174130676314,0.0120401540771126,-0.0030257157050073,-0.001321907271631,0.0,-0.0117471721023321,-0.0207407213747501,0.0080361552536487,-0.0131579171866178,-0.0019930067937821,0.002565030939877,0.0084872413426637,0.0079409107565879,-0.0041254125535488,0.0104497363790869,-0.0099419802427291,-0.0083271786570549,0.0100418152287602,0.0031557821203023,0.0086164120584726,-0.0048032905906438,-0.0003285765997134,-0.0034977656323462,-0.0031224098056554,0.0005525654414668,-0.0023079358506947,-0.0042186267673969,0.0125578045845031,-0.0065597775392234,-0.001468670903705,0.0049441577866673,0.0011284818174317,0.0062500024214386,-0.0090276386174122,-0.0038216392111718,-0.0015045704678441,-0.0138713142616929,0.0054542205159373,-0.0041840917688386,0.0332894583862477,0.0219317042599307,0.0818130967725567,0.0531356951683723,0.1597684463534097,0.0105165988910287,2019-02-28,2019-03-01,2019-03-04,2019-03-05,2019-03-06,2019-03-07,2019-03-08,2019-03-11,2019-03-12,2019-03-13,28302.0,2019-02-27,252.0,-2.8681%,0.0001,0.4034,-0.0738,0.0656,0.9847%,1.0664%,14.7412%,-0.028922,UL,28302.0,2019-02-28,252.0,0.1128%,0.0002,0.3866,-0.0852,0.0529,0.9660%,1.0431%,14.2476%,0.002458,UL,28302.0,2019-03-01,252.0,-1.0145%,0.0002,0.3825,-0.0914,0.0524,0.9692%,1.0444%,13.8887%,-0.01256,UL,28302.0,2019-03-04,252.0,0.7592%,0.0002,0.3802,-0.0918,0.0547,0.9706%,1.0442%,13.5979%,0.008921,UL,28302.0,2019-03-05,252.0,1.2055%,0.0002,0.376,-0.1172,0.0472,0.9716%,1.0444%,13.4619%,0.012458,UL,28302.0,2019-03-06,252.0,-0.5025%,0.0002,0.3742,-0.1069,0.0466,0.9711%,1.0428%,13.2868%,-0.003452,UL,28302.0,2019-03-07,252.0,0.9540%,0.0002,0.3696,-0.1052,0.0409,0.9738%,1.0442%,13.0247%,0.012598,UL,28302.0,2019-03-08,252.0,1.3341%,0.0002,0.3685,-0.1179,0.0398,0.9750%,1.0452%,12.9788%,0.014186,UL,28302.0,2019-03-11,252.0,-0.6948%,0.0001,0.3616,-0.1079,0.049,0.9723%,1.0398%,12.5515%,-0.011897,UL,28302.0,2019-03-12,252.0,0.1105%,0.0001,0.3625,-0.108,0.0499,0.9723%,1.0392%,12.4568%,-0.000152,UL,28302.0,2019-03-13,252.0,1.0484%,0.0002,0.3648,-0.1091,0.0522,0.9733%,1.0410%,12.5802%,0.0075439999999999,UL,-0.026464,-0.039024,-0.030103,-0.021097,0.0011819999999999
13227,UNILEVER PLC,Unilever shares are trading lower after Exane BNP Paribas downgraded the company shares from Outperform to Neutral.,6,decrease,0.8,0.6,"the downgrade from outperform to neutral typically signals a less favorable outlook, which can lead to a decrease in investor confidence and subsequently lower stock prices.",0,2019-02-27,UL,2019-02-27 14:09:00+00:00,28302.0,90476770,-0.0286811012774705,2085716.0,0.0011284818174317,0.0062500024214386,-0.0101446723565459,-0.0100090848281979,0.0075916023924946,-0.0100882286205887,0.0120549891144037,0.0025284339208155,-0.005025134421885,0.0072766547091305,0.0095398826524615,0.0080689974129199,0.0133406966924667,0.0009177540196105,-0.006948203779757,0.002778876805678,0.0011047238949686,-0.0020043842960149,0.0104837175458669,0.0162963159382343,0.0176556464284658,-0.0062569039873778,0.0160973258316516,0.0007366650970652,-0.0019362894818186,0.004439472220838,0.0007054834859445,-0.0127829983830452,0.0068734469823539,0.0191699005663394,0.0094520756974816,0.0101523017510771,-0.01057736761868,0.0112167336046695,0.0038555450737476,-0.0075471987947821,0.0096020083874464,0.0011333845322951,-0.0024209441617131,0.0169035196304321,0.0008667542715556,-0.0024908459745347,-0.0003463882312644,-0.0011483515845611,-0.0032917954958975,-0.0111657865345478,0.0001738594874041,0.0124545227736234,0.0024330792948603,-0.0026753908023238,0.0003467485657893,0.005186331924051,-0.0031195892952382,0.0089147854596376,0.0046940273605287,-0.0122512094676494,-0.0041529964655637,0.0094686318188905,-0.0005212646210566,-0.0124046085402369,0.0003477130958344,0.0047938637435436,-0.0048662251792848,0.0048169554211199,0.0,-0.0084065459668636,0.0006985839572735,0.0001910628925543,0.002443270292133,-0.0073975604027509,0.0238510239869356,0.016387166455388,-0.0022105264943093,-0.0046056741848587,0.0010225182631984,-0.0026794141158461,-0.000851260672789,0.0044213677756488,0.0011927023297175,-0.0026840374339371,0.0112321283668279,0.0005754609592258,0.0045439326204359,0.0227584820240736,0.0185960903763771,-0.0246842168271541,-0.0090460404753685,-0.01022728998214,0.0002340122882742,0.0015174130676314,0.0120401540771126,-0.0030257157050073,-0.001321907271631,0.0,-0.0117471721023321,-0.0207407213747501,0.0080361552536487,-0.0131579171866178,-0.0019930067937821,0.002565030939877,0.0084872413426637,0.0079409107565879,-0.0041254125535488,0.0104497363790869,-0.0099419802427291,-0.0083271786570549,0.0100418152287602,0.0031557821203023,0.0086164120584726,-0.0048032905906438,-0.0003285765997134,-0.0034977656323462,-0.0031224098056554,0.0005525654414668,-0.0023079358506947,-0.0042186267673969,0.0125578045845031,-0.0065597775392234,-0.001468670903705,0.0049441577866673,0.0011284818174317,0.0062500024214386,-0.0090276386174122,-0.0038216392111718,-0.0015045704678441,-0.0138713142616929,0.0054542205159373,-0.0041840917688386,0.0332894583862477,0.0219317042599307,0.0818130967725567,0.0531356951683723,0.1597684463534097,0.0105165988910287,2019-02-28,2019-03-01,2019-03-04,2019-03-05,2019-03-06,2019-03-07,2019-03-08,2019-03-11,2019-03-12,2019-03-13,28302.0,2019-02-27,252.0,-2.8681%,0.0001,0.4034,-0.0738,0.0656,0.9847%,1.0664%,14.7412%,-0.028922,UL,28302.0,2019-02-28,252.0,0.1128%,0.0002,0.3866,-0.0852,0.0529,0.9660%,1.0431%,14.2476%,0.002458,UL,28302.0,2019-03-01,252.0,-1.0145%,0.0002,0.3825,-0.0914,0.0524,0.9692%,1.0444%,13.8887%,-0.01256,UL,28302.0,2019-03-04,252.0,0.7592%,0.0002,0.3802,-0.0918,0.0547,0.9706%,1.0442%,13.5979%,0.008921,UL,28302.0,2019-03-05,252.0,1.2055%,0.0002,0.376,-0.1172,0.0472,0.9716%,1.0444%,13.4619%,0.012458,UL,28302.0,2019-03-06,252.0,-0.5025%,0.0002,0.3742,-0.1069,0.0466,0.9711%,1.0428%,13.2868%,-0.003452,UL,28302.0,2019-03-07,252.0,0.9540%,0.0002,0.3696,-0.1052,0.0409,0.9738%,1.0442%,13.0247%,0.012598,UL,28302.0,2019-03-08,252.0,1.3341%,0.0002,0.3685,-0.1179,0.0398,0.9750%,1.0452%,12.9788%,0.014186,UL,28302.0,2019-03-11,252.0,-0.6948%,0.0001,0.3616,-0.1079,0.049,0.9723%,1.0398%,12.5515%,-0.011897,UL,28302.0,2019-03-12,252.0,0.1105%,0.0001,0.3625,-0.108,0.0499,0.9723%,1.0392%,12.4568%,-0.000152,UL,28302.0,2019-03-13,252.0,1.0484%,0.0002,0.3648,-0.1091,0.0522,0.9733%,1.0410%,12.5802%,0.0075439999999999,UL,-0.026464,-0.039024,-0.030103,-0.021097,0.0011819999999999
13235,UNILEVER PLC,Exane BNP Paribas Downgrades Unilever to Neutral,6,decrease,0.8,0.6,"a downgrade from a financial institution typically signals reduced confidence in the company's future performance, which can lead to a decrease in stock price.",0,2019-02-27,UL,2019-02-27 12:44:00+00:00,28302.0,90476770,-0.0286811012774705,2085716.0,0.0011284818174317,0.0062500024214386,-0.0101446723565459,-0.0100090848281979,0.0075916023924946,-0.0100882286205887,0.0120549891144037,0.0025284339208155,-0.005025134421885,0.0072766547091305,0.0095398826524615,0.0080689974129199,0.0133406966924667,0.0009177540196105,-0.006948203779757,0.002778876805678,0.0011047238949686,-0.0020043842960149,0.0104837175458669,0.0162963159382343,0.0176556464284658,-0.0062569039873778,0.0160973258316516,0.0007366650970652,-0.0019362894818186,0.004439472220838,0.0007054834859445,-0.0127829983830452,0.0068734469823539,0.0191699005663394,0.0094520756974816,0.0101523017510771,-0.01057736761868,0.0112167336046695,0.0038555450737476,-0.0075471987947821,0.0096020083874464,0.0011333845322951,-0.0024209441617131,0.0169035196304321,0.0008667542715556,-0.0024908459745347,-0.0003463882312644,-0.0011483515845611,-0.0032917954958975,-0.0111657865345478,0.0001738594874041,0.0124545227736234,0.0024330792948603,-0.0026753908023238,0.0003467485657893,0.005186331924051,-0.0031195892952382,0.0089147854596376,0.0046940273605287,-0.0122512094676494,-0.0041529964655637,0.0094686318188905,-0.0005212646210566,-0.0124046085402369,0.0003477130958344,0.0047938637435436,-0.0048662251792848,0.0048169554211199,0.0,-0.0084065459668636,0.0006985839572735,0.0001910628925543,0.002443270292133,-0.0073975604027509,0.0238510239869356,0.016387166455388,-0.0022105264943093,-0.0046056741848587,0.0010225182631984,-0.0026794141158461,-0.000851260672789,0.0044213677756488,0.0011927023297175,-0.0026840374339371,0.0112321283668279,0.0005754609592258,0.0045439326204359,0.0227584820240736,0.0185960903763771,-0.0246842168271541,-0.0090460404753685,-0.01022728998214,0.0002340122882742,0.0015174130676314,0.0120401540771126,-0.0030257157050073,-0.001321907271631,0.0,-0.0117471721023321,-0.0207407213747501,0.0080361552536487,-0.0131579171866178,-0.0019930067937821,0.002565030939877,0.0084872413426637,0.0079409107565879,-0.0041254125535488,0.0104497363790869,-0.0099419802427291,-0.0083271786570549,0.0100418152287602,0.0031557821203023,0.0086164120584726,-0.0048032905906438,-0.0003285765997134,-0.0034977656323462,-0.0031224098056554,0.0005525654414668,-0.0023079358506947,-0.0042186267673969,0.0125578045845031,-0.0065597775392234,-0.001468670903705,0.0049441577866673,0.0011284818174317,0.0062500024214386,-0.0090276386174122,-0.0038216392111718,-0.0015045704678441,-0.0138713142616929,0.0054542205159373,-0.0041840917688386,0.0332894583862477,0.0219317042599307,0.0818130967725567,0.0531356951683723,0.1597684463534097,0.0105165988910287,2019-02-28,2019-03-01,2019-03-04,2019-03-05,2019-03-06,2019-03-07,2019-03-08,2019-03-11,2019-03-12,2019-03-13,28302.0,2019-02-27,252.0,-2.8681%,0.0001,0.4034,-0.0738,0.0656,0.9847%,1.0664%,14.7412%,-0.028922,UL,28302.0,2019-02-28,252.0,0.1128%,0.0002,0.3866,-0.0852,0.0529,0.9660%,1.0431%,14.2476%,0.002458,UL,28302.0,2019-03-01,252.0,-1.0145%,0.0002,0.3825,-0.0914,0.0524,0.9692%,1.0444%,13.8887%,-0.01256,UL,28302.0,2019-03-04,252.0,0.7592%,0.0002,0.3802,-0.0918,0.0547,0.9706%,1.0442%,13.5979%,0.008921,UL,28302.0,2019-03-05,252.0,1.2055%,0.0002,0.376,-0.1172,0.0472,0.9716%,1.0444%,13.4619%,0.012458,UL,28302.0,2019-03-06,252.0,-0.5025%,0.0002,0.3742,-0.1069,0.0466,0.9711%,1.0428%,13.2868%,-0.003452,UL,28302.0,2019-03-07,252.0,0.9540%,0.0002,0.3696,-0.1052,0.0409,0.9738%,1.0442%,13.0247%,0.012598,UL,28302.0,2019-03-08,252.0,1.3341%,0.0002,0.3685,-0.1179,0.0398,0.9750%,1.0452%,12.9788%,0.014186,UL,28302.0,2019-03-11,252.0,-0.6948%,0.0001,0.3616,-0.1079,0.049,0.9723%,1.0398%,12.5515%,-0.011897,UL,28302.0,2019-03-12,252.0,0.1105%,0.0001,0.3625,-0.108,0.0499,0.9723%,1.0392%,12.4568%,-0.000152,UL,28302.0,2019-03-13,252.0,1.0484%,0.0002,0.3648,-0.1091,0.0522,0.9733%,1.0410%,12.5802%,0.0075439999999999,UL,-0.026464,-0.039024,-0.030103,-0.021097,0.0011819999999999
13243,UNITED THERAPEUTICS CORP,"United Therapeutics Q4 Adj. EPS $3.34 Beats $2.55 Estimate, Sales $381.4M Beat $355.83M Estimate",6,increase,0.8,0.7,"the company reported better-than-expected earnings and sales, which typically boosts investor confidence and can lead to an increase in stock price.",2,2019-02-27,UTHR,2019-02-27 11:07:00+00:00,87006.0,91307C10,0.0294383279979229,487641.0,0.0059741912409663,0.0173520818352699,0.0043550194241106,0.0132713411003351,-0.0529800839722156,0.0109383566305041,-0.0392940491437912,-0.0073797842487692,-0.0364817939698696,-0.0074092554859817,-0.0011692137923091,-0.0071888375096023,-0.0040518366731703,0.0091951778158545,0.0110297547653317,0.0064527266658842,-0.0042028184980154,-0.0027940210420638,0.0377154909074306,0.0051914947107434,0.0127206752076745,0.0087568387389183,0.0062377457506954,0.0102341743186116,0.0092560825869441,-0.0103004025295376,-0.0016827677609398,-0.0038477722555398,0.0218288768082857,0.0005989022902213,0.0144341802224516,0.0090649696066975,-0.0178062841296196,0.0043353852815926,-0.0042218719609081,-0.006803314667195,-0.0184554103761911,0.0004308008356019,-0.0130431177094578,-0.0022350393701344,0.0058354097418487,0.0034503710921853,0.001365102478303,0.0142606934532523,0.0046859965659677,-0.0027918312698602,-0.0093283457681536,0.0063213449902832,0.0048792990855872,-0.0159827079623937,0.0093704611063003,0.0136614199727773,0.0195797085762023,0.005016719456762,-0.0570316985249519,-0.0115701975300908,-0.0287043247371912,0.0083333067595958,0.0014459650265052,-0.0074873813427984,-0.0081219561398029,0.005075269844383,-0.0181967057287693,0.0067835138179361,0.000648685847409,0.0013232314959168,-0.0090757859870791,-0.0043913577683269,-0.0593457818031311,0.0138913402333855,-0.0030800316017121,0.048063475638628,-0.0149491736665368,-0.0046446816995739,0.0553419813513755,-0.0114784203469753,-0.007765291724354,0.0367479100823402,-0.0141062717884779,-0.0024691559374332,0.0279302075505256,-0.0051959888078272,-0.0286013912409544,0.0438855700194835,0.0066738668829202,-0.0108282174915075,-0.0318806357681751,-0.0051436214707791,0.0196374300867319,-0.0108476262539625,-0.0257777832448482,-0.0181903894990682,0.0202757511287927,-0.004597034305334,-0.0114268828183412,-0.0120493378490209,-0.0379937551915645,-0.0205174945294857,0.0101347947493195,-0.0166056659072637,-0.0211005471646785,0.0202204324305057,-0.0412088073790073,0.0118894092738628,-0.0026448960416018,-0.0085892034694552,-0.0129281561821699,-0.0295290797948837,-0.0077241961844265,-0.0045900279656052,0.0226760171353817,-0.0522044487297534,-0.030336458235979,0.0121083855628967,0.0096700619906187,0.0069059384986758,-0.0191548950970172,-0.0038219548296183,-0.0121769690886139,0.037082701921463,0.0059741912409663,0.0173520818352699,0.0103552283839747,0.0308537083324418,-0.0431734764575754,0.0421295538280597,-0.1143061855173508,0.0267744407441956,-0.0794966015105471,0.0378723145070076,-0.1173331500026159,0.0617272893954645,-0.315039056964211,0.0741654061599725,2019-02-28,2019-03-01,2019-03-04,2019-03-05,2019-03-06,2019-03-07,2019-03-08,2019-03-11,2019-03-12,2019-03-13,87006.0,2019-02-27,252.0,2.9438%,0.0003,0.95,0.6863,0.0411,1.7317%,2.0369%,27.7186%,0.0272129999999999,UTHR,87006.0,2019-02-28,252.0,0.5974%,0.0003,0.9509,0.6872,0.0398,1.7323%,2.0365%,27.6447%,0.008785,UTHR,87006.0,2019-03-01,252.0,0.4355%,0.0002,0.9623,0.704,0.0595,1.7278%,2.0362%,28.0020%,-0.004415,UTHR,87006.0,2019-03-04,252.0,-5.2980%,0.0001,0.9604,0.7512,0.0506,1.7486%,2.0601%,27.9480%,-0.0454819999999999,UTHR,87006.0,2019-03-05,252.0,-3.9294%,-0.0,0.9693,0.7972,0.07,1.7606%,2.0752%,28.0164%,-0.035301,UTHR,87006.0,2019-03-06,252.0,-3.6482%,0.0001,0.9966,0.8181,0.1037,1.7489%,2.0797%,29.2837%,-0.018413,UTHR,87006.0,2019-03-07,252.0,-0.1169%,0.0001,0.9902,0.8017,0.0905,1.7480%,2.0755%,29.0719%,0.007828,UTHR,87006.0,2019-03-08,252.0,-0.4052%,0.0002,0.9884,0.8359,0.0859,1.7370%,2.0699%,29.5774%,-0.00221,UTHR,87006.0,2019-03-11,252.0,1.1030%,-0.0,0.9833,0.8785,0.1129,1.7095%,2.0484%,30.3532%,-0.006351,UTHR,87006.0,2019-03-12,252.0,-0.4203%,0.0,0.9958,0.8778,0.1269,1.7070%,2.0485%,30.5673%,-0.004201,UTHR,87006.0,2019-03-13,252.0,3.7715%,0.0001,1.0069,0.8608,0.1348,1.7198%,2.0619%,30.4232%,0.033561,UTHR,0.0359979999999999,0.0315829999999999,-0.013899,-0.067613,-0.038986
13251,VALE S A,Moody's Downgrades Vale To Ba1; Outlook Negative,6,decrease,0.8,0.7,"a downgrade by moody's typically signals increased credit risk, which can lead to a decline in investor confidence and a subsequent decrease in stock price.",0,2019-02-27,VALE,2019-02-27 19:14:00+00:00,89330.0,91912E10,-0.002396220806986,24632326.0,-0.0008006588323041,-0.0023904170375317,-0.0072114747017621,0.0040000150911509,0.002421285957098,0.039069015532732,0.0193236526101827,-0.0163532141596078,-0.0134281264618039,0.0032813751604408,0.0088070947676897,-0.0113544482737779,-0.0007936689071357,0.0156507063657045,0.0317712165415287,0.011666695587337,0.0046189702115952,0.0126581955701112,0.0176244862377643,0.0561497397720813,-0.0097891651093959,-0.0149253793060779,0.003802296007052,0.0196956377476453,0.0060606002807617,-0.0167253147810697,0.0316265113651752,-0.0619322881102562,-0.0153284696862101,-0.003292178036645,-0.0022238497622311,-0.0334128960967063,-0.0475483164191246,0.0104501703754067,0.0031201220117509,-0.011914262548089,0.012441742233932,0.0966899544000625,-0.0268817488104105,0.024999976158142,-0.0031570608261972,-0.1800878494977951,0.0340459458529949,-0.0807536914944648,0.0398161932826042,0.007457603700459,-0.0081001222133636,0.0207612589001655,-0.0096510844305157,-0.0109513932839036,0.0097451359033584,0.0096751479431986,-0.0059391180984675,0.0255138631910085,0.0321134701371192,0.0035561334807425,-0.0180897247046232,-0.0049539767205715,-0.0007368662627413,0.001417466904968,-0.0117994686588645,-0.0201388876885175,-0.011940287426114,-0.0075810207054018,0.0030211452394723,0.032005675137043,0.0218373462557792,0.0166305489838123,-0.0221075341105461,-0.0135521059855818,0.003767839865759,0.0927514061331749,-0.0195194650441408,-0.0475130155682563,0.0084226382896304,0.0212282557040453,-0.0463173612952232,0.013056768104434,0.0095541309565305,0.0023095216602087,0.011040961369872,-0.0061208819970488,-0.0031201220117509,0.0373015329241752,0.0,-0.023255756124854,-0.0312988758087158,-0.0030911872163414,-0.0016155458288267,0.01649646833539,0.0347896702587604,-0.0348749086260795,-0.0211102031171321,0.012279343791306,-0.002396220806986,0.0054012108594179,-0.0048038004897534,-0.006134963594377,-0.0144811179488897,0.0015360601246356,0.0179592054337263,0.0007686570752412,-0.0392943620681762,0.0116641195490956,0.0050083822570741,-0.0213090311735868,-0.0033222560305148,-0.0288247894495725,-0.0408333130180835,-0.0051471064798533,0.0069504710845649,-0.0340908765792846,-0.0155306560918688,0.0277372356504201,0.0262927431613206,0.0170749463140964,0.003415880491957,-0.0036982388701289,0.0034042519982904,0.0488751046359539,-0.0008006588323041,-0.0023904170375317,-0.0080063596031524,0.001600036349395,-0.005604459332129,0.0407315637271146,-6.236089422628766e-10,0.0270714415562924,0.0632505989867575,0.115864539065301,0.0856685911968784,-0.1126859823563831,-0.0560448141758268,-0.0287044100834635,2019-02-28,2019-03-01,2019-03-04,2019-03-05,2019-03-06,2019-03-07,2019-03-08,2019-03-11,2019-03-12,2019-03-13,89330.0,2019-02-27,252.0,-0.2396%,-0.0002,1.2253,-0.1879,0.1849,2.4207%,2.7223%,20.9336%,-0.0030009999999999,VALE,89330.0,2019-02-28,252.0,-0.0801%,-0.0002,1.2268,-0.1868,0.1852,2.4206%,2.7215%,20.8862%,0.003398,VALE,89330.0,2019-03-01,252.0,-0.7211%,-0.0001,1.1999,-0.2268,0.1503,2.4097%,2.7016%,20.4451%,-0.014852,VALE,89330.0,2019-03-04,252.0,0.2421%,-0.0001,1.2017,-0.2393,0.1513,2.4098%,2.7008%,20.3846%,0.007077,VALE,89330.0,2019-03-05,252.0,1.9324%,0.0001,1.2025,-0.2192,0.1442,2.4104%,2.7020%,20.4147%,0.020898,VALE,89330.0,2019-03-06,252.0,-1.3428%,0.0001,1.2115,-0.2117,0.1553,2.4096%,2.7033%,20.5503%,-0.006237,VALE,89330.0,2019-03-07,252.0,0.8807%,0.0002,1.2016,-0.2231,0.1389,2.4123%,2.7034%,20.3751%,0.019015,VALE,89330.0,2019-03-08,252.0,-0.0794%,0.0002,1.2002,-0.2051,0.1358,2.4101%,2.7010%,20.3782%,0.002107,VALE,89330.0,2019-03-11,252.0,3.1771%,0.0004,1.2093,-0.2359,0.1135,2.3984%,2.6990%,21.0338%,0.015243,VALE,89330.0,2019-03-12,252.0,0.4619%,0.0005,1.214,-0.2371,0.1183,2.3982%,2.6972%,20.9459%,0.000936,VALE,89330.0,2019-03-13,252.0,1.7624%,0.0005,1.2169,-0.2484,0.1188,2.3978%,2.6989%,21.0682%,0.008426,VALE,0.000397,-0.014455,-0.007378,0.0072829999999999,0.05301
13259,VEEVA SYSTEMS INC,"KeyBanc Maintains Overweight on Veeva Systems, Raises Price Target to $133",6,increase,0.8,0.6,maintaining an overweight rating and raising the price target typically signals positive sentiment and potential for stock price appreciation.,2,2019-02-27,VEEV,2019-02-27 15:07:00+00:00,14231.0,92247510,-0.0290678534656763,3424151.0,0.0143668772652745,-0.0005008979933336,0.0197607856243848,0.0091835567727684,-0.0415835008025169,0.0157467182725668,0.0025164952967315,-0.0097457757219672,-0.018003998324275,-0.0199335664510726,0.0029087865259498,-0.0033937259577214,0.0066795758903026,0.0017412860179319,0.0343984849750995,0.0137009099125862,0.0047265151515603,0.0025280446279793,0.0198252741247415,0.0234583988785743,0.0075782383792102,0.0064230351708829,0.0003270186134614,0.0200991369783878,0.0007355045527219,-0.0308906678110361,0.0140465600416064,0.0055219964124262,0.0032214024104177,0.0109027475118637,0.0325118042528629,0.012183322571218,-0.0427615642547607,0.0386025980114936,0.0026802646461874,0.0061813653446733,0.0171729680150747,0.0329743549227714,-0.0169626288115978,-0.0216316990554332,0.0052656666375696,-0.0178571157157421,0.0223225429654121,0.0351692028343677,-0.0007882585050538,0.0177520141005516,0.0153044713661074,0.0052371341735124,0.0175602938979864,-0.0275393594056367,-0.0144318826496601,0.02493960224092,0.0087548587471246,0.0175076108425855,0.0059907743707299,0.0026626887265592,0.006871348246932,0.0425663106143474,0.0309372283518314,-0.0142900180071592,-0.0034569078125059,0.0071450131945312,-0.0054616979323327,0.0151279559358954,-0.0157328024506568,0.0182528309524059,0.0050516333431005,0.0073334304615855,-0.0336083695292472,0.0340696610510349,-0.0076851844787597,0.0718576833605766,0.0487365685403347,-0.0297176651656627,0.0184991471469402,-0.0204881522804498,0.0008056292426772,0.020216979086399,0.0033663134090602,0.0002285419031977,0.0155350072309374,0.0069020874798297,0.016590042039752,0.086489163339138,-0.0118686538189649,-0.0121002066880464,-0.0105812242254614,-0.0518613941967487,0.0182094387710094,-0.0188375767320394,0.0118515230715274,-0.0089926114305853,0.0025249025784432,0.0212741438299417,-0.0232265796512365,-0.0587591938674449,0.0128205744549632,-0.0078167542815208,0.0047379829920828,0.0007605355931445,0.0172437839210033,0.0180289484560489,-0.066491387784481,0.0041093151085078,0.0376519560813903,0.0167118720710277,0.0185714717954397,-0.0409356616437435,0.0112903267145156,-0.0070968135260045,-0.0169891975820064,-0.0596562325954437,-0.0077595291659235,0.0284941531717777,0.0174178648740053,-0.0256358161568641,0.0092236185446381,0.0092034107074141,-0.0241638887673616,0.0890967771410942,0.0143668772652745,-0.0005008979933336,0.0344115636713904,0.0086780587542756,-0.0086028904166716,0.0245614279731987,-0.0240020733589875,-0.0056478416557861,0.0443909478410466,0.0325140545127877,0.1696490844349567,0.2133374246269896,0.2124914413707552,0.3333333354334984,2019-02-28,2019-03-01,2019-03-04,2019-03-05,2019-03-06,2019-03-07,2019-03-08,2019-03-11,2019-03-12,2019-03-13,14231.0,2019-02-27,252.0,-2.9068%,0.0019,1.2874,0.5269,-1.3939,1.6752%,2.5699%,57.5052%,-0.033025,VEEV,14231.0,2019-02-28,252.0,1.4367%,0.0019,1.2929,0.5311,-1.3928,1.6745%,2.5708%,57.5755%,0.014668,VEEV,14231.0,2019-03-01,252.0,1.9761%,0.0014,1.3746,0.6527,-1.267,1.4438%,2.4585%,65.5133%,0.00325,VEEV,14231.0,2019-03-04,252.0,-4.1584%,0.0012,1.3836,0.6485,-1.2752,1.4528%,2.4741%,65.5188%,-0.0269729999999999,VEEV,14231.0,2019-03-05,252.0,0.2516%,0.0011,1.3764,0.5942,-1.2812,1.4404%,2.4519%,65.4898%,0.003728,VEEV,14231.0,2019-03-06,252.0,-1.8004%,0.001,1.3582,0.609,-1.2998,1.4244%,2.4406%,65.9383%,0.001467,VEEV,14231.0,2019-03-07,252.0,0.2909%,0.0011,1.357,0.6213,-1.2979,1.4234%,2.4403%,65.9787%,0.010093,VEEV,14231.0,2019-03-08,252.0,0.6680%,0.0011,1.3563,0.6186,-1.2988,1.4238%,2.4391%,65.9255%,0.007058,VEEV,14231.0,2019-03-11,252.0,3.4398%,0.0011,1.3588,0.6108,-1.3045,1.4225%,2.4476%,66.2213%,0.005118,VEEV,14231.0,2019-03-12,252.0,0.4727%,0.0013,1.3808,0.6058,-1.2813,1.4131%,2.4470%,66.6547%,0.001906,VEEV,14231.0,2019-03-13,252.0,1.9825%,0.0013,1.3848,0.599,-1.2786,1.4150%,2.4495%,66.6282%,0.013309,VEEV,-0.018357,-0.0151069999999999,-0.0420799999999999,-0.0368849999999999,0.000599
13267,VEEVA SYSTEMS INC,"JMP Securities Maintains Market Outperform on Veeva Systems, Raises Price Target to $122",6,increase,0.75,0.6,maintaining a 'market outperform' rating and raising the price target typically signals positive sentiment and potential for stock price appreciation.,2,2019-02-27,VEEV,2019-02-27 14:34:00+00:00,14231.0,92247510,-0.0290678534656763,3424151.0,0.0143668772652745,-0.0005008979933336,0.0197607856243848,0.0091835567727684,-0.0415835008025169,0.0157467182725668,0.0025164952967315,-0.0097457757219672,-0.018003998324275,-0.0199335664510726,0.0029087865259498,-0.0033937259577214,0.0066795758903026,0.0017412860179319,0.0343984849750995,0.0137009099125862,0.0047265151515603,0.0025280446279793,0.0198252741247415,0.0234583988785743,0.0075782383792102,0.0064230351708829,0.0003270186134614,0.0200991369783878,0.0007355045527219,-0.0308906678110361,0.0140465600416064,0.0055219964124262,0.0032214024104177,0.0109027475118637,0.0325118042528629,0.012183322571218,-0.0427615642547607,0.0386025980114936,0.0026802646461874,0.0061813653446733,0.0171729680150747,0.0329743549227714,-0.0169626288115978,-0.0216316990554332,0.0052656666375696,-0.0178571157157421,0.0223225429654121,0.0351692028343677,-0.0007882585050538,0.0177520141005516,0.0153044713661074,0.0052371341735124,0.0175602938979864,-0.0275393594056367,-0.0144318826496601,0.02493960224092,0.0087548587471246,0.0175076108425855,0.0059907743707299,0.0026626887265592,0.006871348246932,0.0425663106143474,0.0309372283518314,-0.0142900180071592,-0.0034569078125059,0.0071450131945312,-0.0054616979323327,0.0151279559358954,-0.0157328024506568,0.0182528309524059,0.0050516333431005,0.0073334304615855,-0.0336083695292472,0.0340696610510349,-0.0076851844787597,0.0718576833605766,0.0487365685403347,-0.0297176651656627,0.0184991471469402,-0.0204881522804498,0.0008056292426772,0.020216979086399,0.0033663134090602,0.0002285419031977,0.0155350072309374,0.0069020874798297,0.016590042039752,0.086489163339138,-0.0118686538189649,-0.0121002066880464,-0.0105812242254614,-0.0518613941967487,0.0182094387710094,-0.0188375767320394,0.0118515230715274,-0.0089926114305853,0.0025249025784432,0.0212741438299417,-0.0232265796512365,-0.0587591938674449,0.0128205744549632,-0.0078167542815208,0.0047379829920828,0.0007605355931445,0.0172437839210033,0.0180289484560489,-0.066491387784481,0.0041093151085078,0.0376519560813903,0.0167118720710277,0.0185714717954397,-0.0409356616437435,0.0112903267145156,-0.0070968135260045,-0.0169891975820064,-0.0596562325954437,-0.0077595291659235,0.0284941531717777,0.0174178648740053,-0.0256358161568641,0.0092236185446381,0.0092034107074141,-0.0241638887673616,0.0890967771410942,0.0143668772652745,-0.0005008979933336,0.0344115636713904,0.0086780587542756,-0.0086028904166716,0.0245614279731987,-0.0240020733589875,-0.0056478416557861,0.0443909478410466,0.0325140545127877,0.1696490844349567,0.2133374246269896,0.2124914413707552,0.3333333354334984,2019-02-28,2019-03-01,2019-03-04,2019-03-05,2019-03-06,2019-03-07,2019-03-08,2019-03-11,2019-03-12,2019-03-13,14231.0,2019-02-27,252.0,-2.9068%,0.0019,1.2874,0.5269,-1.3939,1.6752%,2.5699%,57.5052%,-0.033025,VEEV,14231.0,2019-02-28,252.0,1.4367%,0.0019,1.2929,0.5311,-1.3928,1.6745%,2.5708%,57.5755%,0.014668,VEEV,14231.0,2019-03-01,252.0,1.9761%,0.0014,1.3746,0.6527,-1.267,1.4438%,2.4585%,65.5133%,0.00325,VEEV,14231.0,2019-03-04,252.0,-4.1584%,0.0012,1.3836,0.6485,-1.2752,1.4528%,2.4741%,65.5188%,-0.0269729999999999,VEEV,14231.0,2019-03-05,252.0,0.2516%,0.0011,1.3764,0.5942,-1.2812,1.4404%,2.4519%,65.4898%,0.003728,VEEV,14231.0,2019-03-06,252.0,-1.8004%,0.001,1.3582,0.609,-1.2998,1.4244%,2.4406%,65.9383%,0.001467,VEEV,14231.0,2019-03-07,252.0,0.2909%,0.0011,1.357,0.6213,-1.2979,1.4234%,2.4403%,65.9787%,0.010093,VEEV,14231.0,2019-03-08,252.0,0.6680%,0.0011,1.3563,0.6186,-1.2988,1.4238%,2.4391%,65.9255%,0.007058,VEEV,14231.0,2019-03-11,252.0,3.4398%,0.0011,1.3588,0.6108,-1.3045,1.4225%,2.4476%,66.2213%,0.005118,VEEV,14231.0,2019-03-12,252.0,0.4727%,0.0013,1.3808,0.6058,-1.2813,1.4131%,2.4470%,66.6547%,0.001906,VEEV,14231.0,2019-03-13,252.0,1.9825%,0.0013,1.3848,0.599,-1.2786,1.4150%,2.4495%,66.6282%,0.013309,VEEV,-0.018357,-0.0151069999999999,-0.0420799999999999,-0.0368849999999999,0.000599
13275,VEEVA SYSTEMS INC,"Deutsche Bank Maintains Hold on Veeva Systems, Raises Price Target to $115",6,uncertain,0.6,0.2,"while maintaining a 'hold' rating suggests stability, the raised price target could indicate potential for growth, leading to uncertainty in the stock's immediate reaction.",1,2019-02-27,VEEV,2019-02-27 14:32:00+00:00,14231.0,92247510,-0.0290678534656763,3424151.0,0.0143668772652745,-0.0005008979933336,0.0197607856243848,0.0091835567727684,-0.0415835008025169,0.0157467182725668,0.0025164952967315,-0.0097457757219672,-0.018003998324275,-0.0199335664510726,0.0029087865259498,-0.0033937259577214,0.0066795758903026,0.0017412860179319,0.0343984849750995,0.0137009099125862,0.0047265151515603,0.0025280446279793,0.0198252741247415,0.0234583988785743,0.0075782383792102,0.0064230351708829,0.0003270186134614,0.0200991369783878,0.0007355045527219,-0.0308906678110361,0.0140465600416064,0.0055219964124262,0.0032214024104177,0.0109027475118637,0.0325118042528629,0.012183322571218,-0.0427615642547607,0.0386025980114936,0.0026802646461874,0.0061813653446733,0.0171729680150747,0.0329743549227714,-0.0169626288115978,-0.0216316990554332,0.0052656666375696,-0.0178571157157421,0.0223225429654121,0.0351692028343677,-0.0007882585050538,0.0177520141005516,0.0153044713661074,0.0052371341735124,0.0175602938979864,-0.0275393594056367,-0.0144318826496601,0.02493960224092,0.0087548587471246,0.0175076108425855,0.0059907743707299,0.0026626887265592,0.006871348246932,0.0425663106143474,0.0309372283518314,-0.0142900180071592,-0.0034569078125059,0.0071450131945312,-0.0054616979323327,0.0151279559358954,-0.0157328024506568,0.0182528309524059,0.0050516333431005,0.0073334304615855,-0.0336083695292472,0.0340696610510349,-0.0076851844787597,0.0718576833605766,0.0487365685403347,-0.0297176651656627,0.0184991471469402,-0.0204881522804498,0.0008056292426772,0.020216979086399,0.0033663134090602,0.0002285419031977,0.0155350072309374,0.0069020874798297,0.016590042039752,0.086489163339138,-0.0118686538189649,-0.0121002066880464,-0.0105812242254614,-0.0518613941967487,0.0182094387710094,-0.0188375767320394,0.0118515230715274,-0.0089926114305853,0.0025249025784432,0.0212741438299417,-0.0232265796512365,-0.0587591938674449,0.0128205744549632,-0.0078167542815208,0.0047379829920828,0.0007605355931445,0.0172437839210033,0.0180289484560489,-0.066491387784481,0.0041093151085078,0.0376519560813903,0.0167118720710277,0.0185714717954397,-0.0409356616437435,0.0112903267145156,-0.0070968135260045,-0.0169891975820064,-0.0596562325954437,-0.0077595291659235,0.0284941531717777,0.0174178648740053,-0.0256358161568641,0.0092236185446381,0.0092034107074141,-0.0241638887673616,0.0890967771410942,0.0143668772652745,-0.0005008979933336,0.0344115636713904,0.0086780587542756,-0.0086028904166716,0.0245614279731987,-0.0240020733589875,-0.0056478416557861,0.0443909478410466,0.0325140545127877,0.1696490844349567,0.2133374246269896,0.2124914413707552,0.3333333354334984,2019-02-28,2019-03-01,2019-03-04,2019-03-05,2019-03-06,2019-03-07,2019-03-08,2019-03-11,2019-03-12,2019-03-13,14231.0,2019-02-27,252.0,-2.9068%,0.0019,1.2874,0.5269,-1.3939,1.6752%,2.5699%,57.5052%,-0.033025,VEEV,14231.0,2019-02-28,252.0,1.4367%,0.0019,1.2929,0.5311,-1.3928,1.6745%,2.5708%,57.5755%,0.014668,VEEV,14231.0,2019-03-01,252.0,1.9761%,0.0014,1.3746,0.6527,-1.267,1.4438%,2.4585%,65.5133%,0.00325,VEEV,14231.0,2019-03-04,252.0,-4.1584%,0.0012,1.3836,0.6485,-1.2752,1.4528%,2.4741%,65.5188%,-0.0269729999999999,VEEV,14231.0,2019-03-05,252.0,0.2516%,0.0011,1.3764,0.5942,-1.2812,1.4404%,2.4519%,65.4898%,0.003728,VEEV,14231.0,2019-03-06,252.0,-1.8004%,0.001,1.3582,0.609,-1.2998,1.4244%,2.4406%,65.9383%,0.001467,VEEV,14231.0,2019-03-07,252.0,0.2909%,0.0011,1.357,0.6213,-1.2979,1.4234%,2.4403%,65.9787%,0.010093,VEEV,14231.0,2019-03-08,252.0,0.6680%,0.0011,1.3563,0.6186,-1.2988,1.4238%,2.4391%,65.9255%,0.007058,VEEV,14231.0,2019-03-11,252.0,3.4398%,0.0011,1.3588,0.6108,-1.3045,1.4225%,2.4476%,66.2213%,0.005118,VEEV,14231.0,2019-03-12,252.0,0.4727%,0.0013,1.3808,0.6058,-1.2813,1.4131%,2.4470%,66.6547%,0.001906,VEEV,14231.0,2019-03-13,252.0,1.9825%,0.0013,1.3848,0.599,-1.2786,1.4150%,2.4495%,66.6282%,0.013309,VEEV,-0.018357,-0.0151069999999999,-0.0420799999999999,-0.0368849999999999,0.000599
13283,VEEVA SYSTEMS INC,"Barclays Maintains Equal-Weight on Veeva Systems, Raises Price Target to $133",6,increase,0.7,0.6,"raising the price target typically indicates positive sentiment and potential for stock appreciation, which may lead to an increase in veeva systems' stock price.",2,2019-02-27,VEEV,2019-02-27 14:07:00+00:00,14231.0,92247510,-0.0290678534656763,3424151.0,0.0143668772652745,-0.0005008979933336,0.0197607856243848,0.0091835567727684,-0.0415835008025169,0.0157467182725668,0.0025164952967315,-0.0097457757219672,-0.018003998324275,-0.0199335664510726,0.0029087865259498,-0.0033937259577214,0.0066795758903026,0.0017412860179319,0.0343984849750995,0.0137009099125862,0.0047265151515603,0.0025280446279793,0.0198252741247415,0.0234583988785743,0.0075782383792102,0.0064230351708829,0.0003270186134614,0.0200991369783878,0.0007355045527219,-0.0308906678110361,0.0140465600416064,0.0055219964124262,0.0032214024104177,0.0109027475118637,0.0325118042528629,0.012183322571218,-0.0427615642547607,0.0386025980114936,0.0026802646461874,0.0061813653446733,0.0171729680150747,0.0329743549227714,-0.0169626288115978,-0.0216316990554332,0.0052656666375696,-0.0178571157157421,0.0223225429654121,0.0351692028343677,-0.0007882585050538,0.0177520141005516,0.0153044713661074,0.0052371341735124,0.0175602938979864,-0.0275393594056367,-0.0144318826496601,0.02493960224092,0.0087548587471246,0.0175076108425855,0.0059907743707299,0.0026626887265592,0.006871348246932,0.0425663106143474,0.0309372283518314,-0.0142900180071592,-0.0034569078125059,0.0071450131945312,-0.0054616979323327,0.0151279559358954,-0.0157328024506568,0.0182528309524059,0.0050516333431005,0.0073334304615855,-0.0336083695292472,0.0340696610510349,-0.0076851844787597,0.0718576833605766,0.0487365685403347,-0.0297176651656627,0.0184991471469402,-0.0204881522804498,0.0008056292426772,0.020216979086399,0.0033663134090602,0.0002285419031977,0.0155350072309374,0.0069020874798297,0.016590042039752,0.086489163339138,-0.0118686538189649,-0.0121002066880464,-0.0105812242254614,-0.0518613941967487,0.0182094387710094,-0.0188375767320394,0.0118515230715274,-0.0089926114305853,0.0025249025784432,0.0212741438299417,-0.0232265796512365,-0.0587591938674449,0.0128205744549632,-0.0078167542815208,0.0047379829920828,0.0007605355931445,0.0172437839210033,0.0180289484560489,-0.066491387784481,0.0041093151085078,0.0376519560813903,0.0167118720710277,0.0185714717954397,-0.0409356616437435,0.0112903267145156,-0.0070968135260045,-0.0169891975820064,-0.0596562325954437,-0.0077595291659235,0.0284941531717777,0.0174178648740053,-0.0256358161568641,0.0092236185446381,0.0092034107074141,-0.0241638887673616,0.0890967771410942,0.0143668772652745,-0.0005008979933336,0.0344115636713904,0.0086780587542756,-0.0086028904166716,0.0245614279731987,-0.0240020733589875,-0.0056478416557861,0.0443909478410466,0.0325140545127877,0.1696490844349567,0.2133374246269896,0.2124914413707552,0.3333333354334984,2019-02-28,2019-03-01,2019-03-04,2019-03-05,2019-03-06,2019-03-07,2019-03-08,2019-03-11,2019-03-12,2019-03-13,14231.0,2019-02-27,252.0,-2.9068%,0.0019,1.2874,0.5269,-1.3939,1.6752%,2.5699%,57.5052%,-0.033025,VEEV,14231.0,2019-02-28,252.0,1.4367%,0.0019,1.2929,0.5311,-1.3928,1.6745%,2.5708%,57.5755%,0.014668,VEEV,14231.0,2019-03-01,252.0,1.9761%,0.0014,1.3746,0.6527,-1.267,1.4438%,2.4585%,65.5133%,0.00325,VEEV,14231.0,2019-03-04,252.0,-4.1584%,0.0012,1.3836,0.6485,-1.2752,1.4528%,2.4741%,65.5188%,-0.0269729999999999,VEEV,14231.0,2019-03-05,252.0,0.2516%,0.0011,1.3764,0.5942,-1.2812,1.4404%,2.4519%,65.4898%,0.003728,VEEV,14231.0,2019-03-06,252.0,-1.8004%,0.001,1.3582,0.609,-1.2998,1.4244%,2.4406%,65.9383%,0.001467,VEEV,14231.0,2019-03-07,252.0,0.2909%,0.0011,1.357,0.6213,-1.2979,1.4234%,2.4403%,65.9787%,0.010093,VEEV,14231.0,2019-03-08,252.0,0.6680%,0.0011,1.3563,0.6186,-1.2988,1.4238%,2.4391%,65.9255%,0.007058,VEEV,14231.0,2019-03-11,252.0,3.4398%,0.0011,1.3588,0.6108,-1.3045,1.4225%,2.4476%,66.2213%,0.005118,VEEV,14231.0,2019-03-12,252.0,0.4727%,0.0013,1.3808,0.6058,-1.2813,1.4131%,2.4470%,66.6547%,0.001906,VEEV,14231.0,2019-03-13,252.0,1.9825%,0.0013,1.3848,0.599,-1.2786,1.4150%,2.4495%,66.6282%,0.013309,VEEV,-0.018357,-0.0151069999999999,-0.0420799999999999,-0.0368849999999999,0.000599
13291,VMWARE INC,"Bank of America Earlier Reiterated Buy on VMware, Raised Price Target to $200",6,increase,0.8,0.7,the reiteration of a 'buy' rating and an increase in the price target by a major financial institution like bank of america typically signals positive sentiment and can lead to an increase in stock price.,2,2019-02-27,VMW,2019-02-27 16:14:00+00:00,92257.0,92856340,0.0050822258926928,1359729.0,-0.023862263187766,0.0055699180811643,0.0371922440826892,0.0044410484842956,-0.0329965762794017,0.0151648912578821,0.0021471397485584,0.0001756780256982,-0.0148822013288736,0.0042343051172792,-0.0062896315939724,0.002121644327417,0.0004732435918413,0.010120234452188,0.0250694155693054,0.0056875827722251,0.0101517550647258,0.0102213770151138,0.0095357624813914,0.0400704219937324,0.0139139788225293,0.0079893125221133,0.0128305433318018,0.0090211369097232,0.0061136847361922,-0.0045854109339416,0.0048174569383263,0.0052497270517051,0.0070825554430484,0.021515879780054,0.0183391906321048,0.0159458462148904,-0.0241181924939155,-0.0037069756072014,-0.0182906948029995,0.0320399105548858,0.0060996236279606,0.007987905293703,-0.0244709122925996,-0.0195125211030244,0.0056497175246477,-0.0088335145264863,0.0141010927036404,0.0086398841813206,0.0209406614303588,-0.0174426641315221,0.0041239880956709,0.0185773149132728,0.0063766152597963,0.0025057233870029,-0.0259893480688333,0.026129325851798,0.0242570918053388,-0.0020804649684578,0.0039292266592383,-0.0198477320373058,-0.0043963505886495,0.0203203596174716,0.019439959898591,-0.0171097107231617,0.0165337529033422,-0.0146427182480692,0.0019226517761126,-0.0097112646326422,-0.0034749140031635,0.0241143945604562,-0.0119704538956284,0.0212884191423654,-0.0040559894405305,0.0347707271575927,-0.0051833232864737,0.0630596578121185,0.0184486210346221,-0.0403202511370182,0.0237523652613163,-0.0070735886693,0.0121360709890723,0.0351054370403289,0.0084135122597217,0.0264420080929994,-0.0022481861524283,0.0093544060364365,0.0083621153607964,0.0574847646057605,0.0136557752266526,-0.0029657764825969,-0.0081810522824525,-0.0527863167226314,-0.0121505809947848,-0.0235390868037939,0.0163999944925308,0.0152849787846207,-0.0033943450544029,0.0096122492104768,-0.0368230976164341,-0.0356287620961666,0.0130169279873371,-0.0175330005586147,0.0001012003485811,-0.0074406070634722,0.0120390756055712,-0.0114286011084914,-0.040136020630598,0.0069784489460289,0.030670691281557,0.0260661616921424,0.0168241392821073,-0.0202461127191782,0.0211666990071535,0.0251072142273187,-0.0091475518420338,-0.0312289949506521,-0.0310351215302944,-0.0221703816205263,0.0249341074377298,0.0362893268465995,0.0073180166073143,0.0107661569491028,-0.0344590805470943,0.049671471118927,-0.023862263187766,0.0055699180811643,0.0124424897780783,0.0100357028417119,-0.0209646460643914,0.025352784441885,-0.0334640058443055,0.0298753356705283,0.0044884296647034,0.1015914555937345,0.0755639078729217,0.1937286872141035,0.11755015758688,0.3755410021163139,2019-02-28,2019-03-01,2019-03-04,2019-03-05,2019-03-06,2019-03-07,2019-03-08,2019-03-11,2019-03-12,2019-03-13,92257.0,2019-02-27,252.0,0.5082%,0.0016,0.9175,-0.0357,-0.9227,1.6387%,2.0926%,38.6744%,0.003124,VMW,92257.0,2019-02-28,252.0,-2.3862%,0.0015,0.9288,-0.0287,-0.9086,1.6446%,2.0990%,38.6109%,-0.023418,VMW,92257.0,2019-03-01,252.0,3.7192%,0.0014,0.9515,0.0051,-0.8852,1.6425%,2.1067%,39.2175%,0.026864,VMW,92257.0,2019-03-04,252.0,-3.2997%,0.0015,0.9303,0.0991,-0.8851,1.6171%,2.0801%,39.5584%,-0.024666,VMW,92257.0,2019-03-05,252.0,0.2147%,0.0018,0.9468,0.2275,-0.8734,1.5488%,2.0435%,42.5584%,0.001822,VMW,92257.0,2019-03-06,252.0,-1.4882%,0.0018,0.9452,0.2425,-0.8732,1.5485%,2.0445%,42.6393%,-0.003803,VMW,92257.0,2019-03-07,252.0,-0.6290%,0.0017,0.9433,0.2269,-0.8801,1.5462%,2.0424%,42.6884%,-0.001341,VMW,92257.0,2019-03-08,252.0,0.0473%,0.0016,0.945,0.2014,-0.8761,1.5393%,2.0344%,42.7513%,0.000849,VMW,92257.0,2019-03-11,252.0,2.5069%,0.0017,0.9475,0.1909,-0.8834,1.5372%,2.0389%,43.1567%,0.005619,VMW,92257.0,2019-03-12,252.0,1.0152%,0.0017,0.9447,0.1888,-0.8875,1.5374%,2.0368%,43.0229%,0.007521,VMW,92257.0,2019-03-13,252.0,0.9536%,0.0017,0.9458,0.1814,-0.8881,1.5366%,2.0366%,43.0714%,0.004336,VMW,-0.020294,0.0065699999999999,-0.018096,-0.020077,-0.003093
13299,WABTEC CORP,"Bernie Sanders Says Stands With UE Local 506, 618 Related To WABTEC Employee Hours",6,uncertain,0.6,0.3,"while bernie sanders' support for labor unions may resonate positively with some investors, the impact on wabtec's stock price is uncertain as it depends on the broader market reaction and the company's response to labor issues.",1,2019-02-27,WAB,2019-02-27 19:09:00+00:00,81677.0,92974010,0.0181179549545049,5233075.0,-0.0270916447043418,-0.0525236800312995,-0.0114660654217004,0.0640675723552703,0.0168461930006742,-0.0029899594374001,-0.008011900819838,-0.0199786890298128,-0.0553045943379402,0.0068392399698495,0.0104332882910966,-0.0046716295182704,0.005592992529273,0.039833378046751,0.0141186229884624,-0.0179909989237785,0.0095626534894108,0.0398243367671966,0.0094720758497715,-0.0446791648864746,-0.0028977380134165,0.0062670172192156,-0.0157763548195362,0.001637592096813,0.013779466971755,0.0097674550488591,0.0033286805264651,0.0001376188301946,0.0019354026298969,0.0204998459666967,0.019177695736289,0.0169927533715963,-0.0517124608159065,0.0125794541090726,-0.0004283569869585,0.0111111421138048,0.0308483820408582,-0.0072568939067423,-0.0026323420461267,0.0237741209566593,0.0133351730182766,-0.018091594800353,0.0105552338063716,-0.0350555814802646,0.0128865558654069,0.0111031858250498,0.0012053564423695,-0.0236274767667055,0.0029427662957459,-0.0489095114171505,0.0146705582737922,0.0191297065466642,0.0021029971539974,0.0316887646913528,-0.010755505412817,0.0111016472801566,-0.0194908678531646,-0.0190239492803812,0.0055443365126848,-0.0129268877208232,0.0079343244433403,0.0051976097747683,0.0244163032621145,0.0112032853066921,-0.0147173386067152,0.0183099023997783,0.0174487736076116,0.0060932449996471,0.0011692391708493,-0.009543864056468,0.0112899402156472,0.0254749078303575,-0.0183498058468103,-0.0194749813526868,0.0031372269149869,0.0086832828819751,-0.0020849106367677,0.0253977198153734,-0.0668582245707511,-0.0235176943242549,0.0247691608965396,0.002715484239161,0.0080567570403218,0.0556729398667812,0.0033866160083562,-0.0264395270496606,0.0140407849103212,-0.0209950972348451,-0.0017307582311332,-0.0212526675313711,0.001867156359367,-0.000281365471892,-0.0115815056487917,-0.0130537757650017,-0.017912482842803,-0.0171965956687927,-0.0090509606525301,-0.0268296487629413,-0.0083033656701445,-0.0492486618459224,0.0209672916680574,-0.0146820982918143,-0.0349124185740947,-0.024754287675023,-0.0134770460426807,-0.0260016191750764,-0.0165372658520937,-0.0421148091554641,-0.0008772855508141,-0.0073050293140113,-0.0355627126991748,-0.0420927554368972,-0.0230653155595064,-0.0180761013180017,0.0043492764234542,0.0209367014467716,0.0105164339765906,0.0094781862571835,-0.0303029660135507,0.0409389957785606,-0.0270916447043418,-0.0525236800312995,-0.0382470755554809,0.0081788276532004,-0.0220452001713256,0.0051644138528716,-0.0835325437107972,-0.0081802374689889,-0.037583021609538,0.0013538931077554,-0.0124834289759246,0.0080434720506066,-0.1571543539668871,-0.1598875901343674,2019-02-28,2019-03-01,2019-03-04,2019-03-05,2019-03-06,2019-03-07,2019-03-08,2019-03-11,2019-03-12,2019-03-13,81677.0,2019-02-27,252.0,1.8118%,-0.0001,1.0405,0.4059,0.6149,1.7594%,2.0305%,24.9204%,0.017052,WAB,81677.0,2019-02-28,252.0,-2.7092%,-0.0002,1.041,0.4055,0.6205,1.7644%,2.0333%,24.6985%,-0.02251,WAB,81677.0,2019-03-01,252.0,-1.1466%,-0.0003,1.0412,0.4059,0.6291,1.7674%,2.0338%,24.4845%,-0.017745,WAB,81677.0,2019-03-04,252.0,1.6846%,-0.0002,1.0343,0.4095,0.6353,1.7716%,2.0336%,24.1044%,0.021341,WAB,81677.0,2019-03-05,252.0,-0.8012%,-0.0002,1.0331,0.3982,0.6357,1.7711%,2.0315%,23.9945%,-0.0035499999999999,WAB,81677.0,2019-03-06,252.0,-5.5305%,-0.0004,1.043,0.4904,0.6593,1.7878%,2.0550%,24.3148%,-0.041953,WAB,81677.0,2019-03-07,252.0,1.0433%,-0.0003,1.034,0.4894,0.6471,1.7928%,2.0560%,23.9643%,0.021415,WAB,81677.0,2019-03-08,252.0,0.5593%,-0.0002,1.0324,0.4964,0.6442,1.7932%,2.0562%,23.9379%,0.008633,WAB,81677.0,2019-03-11,252.0,1.4119%,-0.0002,1.0328,0.4905,0.6406,1.7928%,2.0577%,24.0917%,0.0002089999999999,WAB,81677.0,2019-03-12,252.0,0.9563%,-0.0002,1.0366,0.4857,0.6429,1.7935%,2.0565%,23.9411%,0.008776,WAB,81677.0,2019-03-13,252.0,0.9472%,-0.0001,1.0375,0.4911,0.6451,1.7927%,2.0568%,24.0306%,0.0033729999999999,WAB,-0.0054579999999999,-0.0232029999999999,-0.0018619999999999,-0.0473649999999999,-0.0049589999999999
13307,ENERGOUS CORP,Energous shares are trading lower after the company missed Q4 EPS and sales estimates.,6,decrease,0.85,0.7,"missing q4 eps and sales estimates typically signals poor performance, which can lead to a decline in investor confidence and a decrease in stock price.",0,2019-02-27,WATT,2019-02-27 14:07:00+00:00,14556.0,29272C10,-0.2389705628156662,7315338.0,-0.0724637359380722,-0.1864406764507294,0.1423610597848892,-0.082342229783535,-0.0167173463851213,0.0272556338459253,-0.0602781884372234,-0.0238531455397605,-0.0131578827276825,0.0899999588727951,-0.0099999904632568,0.1135857999324799,-0.0084175402298569,0.018140573054552,0.0390492416918277,0.0550239309668541,0.00653594173491,0.0502512082457542,-0.0032467502169311,0.0297542065382003,-0.0097719775512814,0.0251989476382732,-0.0263157654553651,-0.0156657826155424,0.0067567504011094,-0.0303797777742147,-0.0067114029079675,0.0089399963617324,-0.020270250737667,0.0208604745566844,0.072413720190525,0.0199468210339546,-0.0305465571582317,0.0080428877845406,-0.0165838114917278,0.0081080999225378,0.0134907932952046,-0.0364582985639572,-0.0149750662967562,0.0622406378388404,0.0422297306358814,-0.0461741313338279,0.0275526866316795,0.02294198051095,-0.0410095006227493,0.0510637797415256,0.01644735224545,0.0202605426311492,-0.0048543256707489,-0.0468965731561183,-0.0162601470947265,0.0583941750228405,0.0049586333334445,-0.0072464044205844,0.01644735224545,-0.0700808614492416,-0.0291261859238147,0.0108991721644997,0.0,-0.0467532016336917,-0.0216666851192712,-0.0552147030830383,-0.0357751362025737,-0.0073082116432487,-0.0795052722096443,0.0802631750702858,0.0191938392817974,0.0704225376248359,-0.0207156557589769,0.0549776963889598,-0.0230769012123346,0.0212442893534898,-0.0295275785028934,-0.0407568775117397,0.0121703743934631,0.1865284889936447,0.0180361028760671,-0.0136286076158285,-0.0314960330724716,-0.1661931872367859,0.0386178977787494,0.5371178984642029,-0.009784772992134,-0.0357894897460937,0.0019763298332691,-0.0104167060926556,-0.0414201244711875,-0.1061451956629753,0.0473251044750213,-0.0444839857518672,0.0216109342873096,-0.0935483798384666,-0.0057691796682775,-0.0461538769304752,-0.023210808634758,-0.0370370373129844,0.0376236774027347,-0.0117130195721983,-0.0286258831620216,-0.0420757606625556,0.0157170761376619,0.0214899852871894,-0.0290135573595762,-0.0196629036217927,0.0358565412461757,-0.0273224432021379,-0.0173076298087835,-0.0381077490746974,-0.0273973271250724,-0.019329909235239,-0.0704225152730941,-0.0650602355599403,0.004329000134021,0.0159118864685297,0.0280172675848007,0.0061576589941978,0.0,-0.0228640828281641,-0.0335429459810257,0.0722581222653389,-0.0724637359380722,-0.1864406764507293,0.0595813096027006,-0.2534309652129607,0.0418679218268718,-0.2330827529600992,-0.033816424845898,-0.1840000252098639,-0.0112721610656031,0.0556273883453217,-0.0338164258119756,0.0597402488524536,-0.2576489316658906,0.052903183736209,2019-02-28,2019-03-01,2019-03-04,2019-03-05,2019-03-06,2019-03-07,2019-03-08,2019-03-11,2019-03-12,2019-03-13,14556.0,2019-02-27,252.0,-23.8971%,-0.0037,1.9858,1.2039,0.1962,5.5938%,5.9989%,13.0485%,-0.243042,WATT,14556.0,2019-02-28,252.0,-7.2464%,-0.004,2.0008,1.2121,0.2217,5.6076%,6.0129%,13.0280%,-0.066158,WATT,14556.0,2019-03-01,252.0,14.2361%,-0.0037,2.053,1.2899,0.2427,5.6603%,6.0823%,13.3961%,0.125237,WATT,14556.0,2019-03-04,252.0,-1.6717%,-0.0035,2.0371,1.3412,0.2472,5.6563%,6.0762%,13.3430%,-0.001919,WATT,14556.0,2019-03-05,252.0,-6.0278%,-0.0038,2.0371,1.3098,0.2651,5.6601%,6.0735%,13.1510%,-0.052154,WATT,14556.0,2019-03-06,252.0,-1.3158%,-0.0037,2.0321,1.256,0.2522,5.6618%,6.0737%,13.1035%,0.020261,WATT,14556.0,2019-03-07,252.0,-1.0000%,-0.0035,2.035,1.2937,0.2667,5.6581%,6.0727%,13.1882%,0.008285,WATT,14556.0,2019-03-08,252.0,-0.8418%,-0.0034,2.0329,1.3283,0.2616,5.6547%,6.0713%,13.2545%,-0.004224,WATT,14556.0,2019-03-11,252.0,3.9049%,-0.0035,2.0365,1.3546,0.2748,5.6529%,6.0753%,13.4226%,0.005247,WATT,14556.0,2019-03-12,252.0,0.6536%,-0.0033,2.0547,1.3468,0.2924,5.6516%,6.0751%,13.4565%,0.0053669999999999,WATT,14556.0,2019-03-13,252.0,-0.3247%,-0.0033,2.0512,1.3571,0.291,5.6518%,6.0751%,13.4515%,-0.013233,WATT,-0.3092,-0.183963,-0.185882,-0.217775,-0.216333
13315,ENERGOUS CORP,"Energous Q4 EPS $(0.48) Misses $(0.45) Estimate, Sales $56.1K Miss $790K Estimate",6,decrease,0.8,0.7,"the company reported a larger-than-expected loss and significantly lower sales than estimated, which typically leads to a negative reaction in the stock market.",0,2019-02-27,WATT,2019-02-27 11:39:00+00:00,14556.0,29272C10,-0.2389705628156662,7315338.0,-0.0724637359380722,-0.1864406764507294,0.1423610597848892,-0.082342229783535,-0.0167173463851213,0.0272556338459253,-0.0602781884372234,-0.0238531455397605,-0.0131578827276825,0.0899999588727951,-0.0099999904632568,0.1135857999324799,-0.0084175402298569,0.018140573054552,0.0390492416918277,0.0550239309668541,0.00653594173491,0.0502512082457542,-0.0032467502169311,0.0297542065382003,-0.0097719775512814,0.0251989476382732,-0.0263157654553651,-0.0156657826155424,0.0067567504011094,-0.0303797777742147,-0.0067114029079675,0.0089399963617324,-0.020270250737667,0.0208604745566844,0.072413720190525,0.0199468210339546,-0.0305465571582317,0.0080428877845406,-0.0165838114917278,0.0081080999225378,0.0134907932952046,-0.0364582985639572,-0.0149750662967562,0.0622406378388404,0.0422297306358814,-0.0461741313338279,0.0275526866316795,0.02294198051095,-0.0410095006227493,0.0510637797415256,0.01644735224545,0.0202605426311492,-0.0048543256707489,-0.0468965731561183,-0.0162601470947265,0.0583941750228405,0.0049586333334445,-0.0072464044205844,0.01644735224545,-0.0700808614492416,-0.0291261859238147,0.0108991721644997,0.0,-0.0467532016336917,-0.0216666851192712,-0.0552147030830383,-0.0357751362025737,-0.0073082116432487,-0.0795052722096443,0.0802631750702858,0.0191938392817974,0.0704225376248359,-0.0207156557589769,0.0549776963889598,-0.0230769012123346,0.0212442893534898,-0.0295275785028934,-0.0407568775117397,0.0121703743934631,0.1865284889936447,0.0180361028760671,-0.0136286076158285,-0.0314960330724716,-0.1661931872367859,0.0386178977787494,0.5371178984642029,-0.009784772992134,-0.0357894897460937,0.0019763298332691,-0.0104167060926556,-0.0414201244711875,-0.1061451956629753,0.0473251044750213,-0.0444839857518672,0.0216109342873096,-0.0935483798384666,-0.0057691796682775,-0.0461538769304752,-0.023210808634758,-0.0370370373129844,0.0376236774027347,-0.0117130195721983,-0.0286258831620216,-0.0420757606625556,0.0157170761376619,0.0214899852871894,-0.0290135573595762,-0.0196629036217927,0.0358565412461757,-0.0273224432021379,-0.0173076298087835,-0.0381077490746974,-0.0273973271250724,-0.019329909235239,-0.0704225152730941,-0.0650602355599403,0.004329000134021,0.0159118864685297,0.0280172675848007,0.0061576589941978,0.0,-0.0228640828281641,-0.0335429459810257,0.0722581222653389,-0.0724637359380722,-0.1864406764507293,0.0595813096027006,-0.2534309652129607,0.0418679218268718,-0.2330827529600992,-0.033816424845898,-0.1840000252098639,-0.0112721610656031,0.0556273883453217,-0.0338164258119756,0.0597402488524536,-0.2576489316658906,0.052903183736209,2019-02-28,2019-03-01,2019-03-04,2019-03-05,2019-03-06,2019-03-07,2019-03-08,2019-03-11,2019-03-12,2019-03-13,14556.0,2019-02-27,252.0,-23.8971%,-0.0037,1.9858,1.2039,0.1962,5.5938%,5.9989%,13.0485%,-0.243042,WATT,14556.0,2019-02-28,252.0,-7.2464%,-0.004,2.0008,1.2121,0.2217,5.6076%,6.0129%,13.0280%,-0.066158,WATT,14556.0,2019-03-01,252.0,14.2361%,-0.0037,2.053,1.2899,0.2427,5.6603%,6.0823%,13.3961%,0.125237,WATT,14556.0,2019-03-04,252.0,-1.6717%,-0.0035,2.0371,1.3412,0.2472,5.6563%,6.0762%,13.3430%,-0.001919,WATT,14556.0,2019-03-05,252.0,-6.0278%,-0.0038,2.0371,1.3098,0.2651,5.6601%,6.0735%,13.1510%,-0.052154,WATT,14556.0,2019-03-06,252.0,-1.3158%,-0.0037,2.0321,1.256,0.2522,5.6618%,6.0737%,13.1035%,0.020261,WATT,14556.0,2019-03-07,252.0,-1.0000%,-0.0035,2.035,1.2937,0.2667,5.6581%,6.0727%,13.1882%,0.008285,WATT,14556.0,2019-03-08,252.0,-0.8418%,-0.0034,2.0329,1.3283,0.2616,5.6547%,6.0713%,13.2545%,-0.004224,WATT,14556.0,2019-03-11,252.0,3.9049%,-0.0035,2.0365,1.3546,0.2748,5.6529%,6.0753%,13.4226%,0.005247,WATT,14556.0,2019-03-12,252.0,0.6536%,-0.0033,2.0547,1.3468,0.2924,5.6516%,6.0751%,13.4565%,0.0053669999999999,WATT,14556.0,2019-03-13,252.0,-0.3247%,-0.0033,2.0512,1.3571,0.291,5.6518%,6.0751%,13.4515%,-0.013233,WATT,-0.3092,-0.183963,-0.185882,-0.217775,-0.216333
13323,ENERGOUS CORP,"Energous Prices 3,33M Share Registered Direct Offering @$7.50/Share",6,decrease,0.7,0.5,"the pricing of a direct offering at $7.50 per share, which is typically below the current market price, may lead to dilution of existing shares and negatively impact investor sentiment.",0,2019-02-27,WATT,2019-02-27 08:50:00+00:00,14556.0,29272C10,-0.2389705628156662,7315338.0,-0.0724637359380722,-0.1864406764507294,0.1423610597848892,-0.082342229783535,-0.0167173463851213,0.0272556338459253,-0.0602781884372234,-0.0238531455397605,-0.0131578827276825,0.0899999588727951,-0.0099999904632568,0.1135857999324799,-0.0084175402298569,0.018140573054552,0.0390492416918277,0.0550239309668541,0.00653594173491,0.0502512082457542,-0.0032467502169311,0.0297542065382003,-0.0097719775512814,0.0251989476382732,-0.0263157654553651,-0.0156657826155424,0.0067567504011094,-0.0303797777742147,-0.0067114029079675,0.0089399963617324,-0.020270250737667,0.0208604745566844,0.072413720190525,0.0199468210339546,-0.0305465571582317,0.0080428877845406,-0.0165838114917278,0.0081080999225378,0.0134907932952046,-0.0364582985639572,-0.0149750662967562,0.0622406378388404,0.0422297306358814,-0.0461741313338279,0.0275526866316795,0.02294198051095,-0.0410095006227493,0.0510637797415256,0.01644735224545,0.0202605426311492,-0.0048543256707489,-0.0468965731561183,-0.0162601470947265,0.0583941750228405,0.0049586333334445,-0.0072464044205844,0.01644735224545,-0.0700808614492416,-0.0291261859238147,0.0108991721644997,0.0,-0.0467532016336917,-0.0216666851192712,-0.0552147030830383,-0.0357751362025737,-0.0073082116432487,-0.0795052722096443,0.0802631750702858,0.0191938392817974,0.0704225376248359,-0.0207156557589769,0.0549776963889598,-0.0230769012123346,0.0212442893534898,-0.0295275785028934,-0.0407568775117397,0.0121703743934631,0.1865284889936447,0.0180361028760671,-0.0136286076158285,-0.0314960330724716,-0.1661931872367859,0.0386178977787494,0.5371178984642029,-0.009784772992134,-0.0357894897460937,0.0019763298332691,-0.0104167060926556,-0.0414201244711875,-0.1061451956629753,0.0473251044750213,-0.0444839857518672,0.0216109342873096,-0.0935483798384666,-0.0057691796682775,-0.0461538769304752,-0.023210808634758,-0.0370370373129844,0.0376236774027347,-0.0117130195721983,-0.0286258831620216,-0.0420757606625556,0.0157170761376619,0.0214899852871894,-0.0290135573595762,-0.0196629036217927,0.0358565412461757,-0.0273224432021379,-0.0173076298087835,-0.0381077490746974,-0.0273973271250724,-0.019329909235239,-0.0704225152730941,-0.0650602355599403,0.004329000134021,0.0159118864685297,0.0280172675848007,0.0061576589941978,0.0,-0.0228640828281641,-0.0335429459810257,0.0722581222653389,-0.0724637359380722,-0.1864406764507293,0.0595813096027006,-0.2534309652129607,0.0418679218268718,-0.2330827529600992,-0.033816424845898,-0.1840000252098639,-0.0112721610656031,0.0556273883453217,-0.0338164258119756,0.0597402488524536,-0.2576489316658906,0.052903183736209,2019-02-28,2019-03-01,2019-03-04,2019-03-05,2019-03-06,2019-03-07,2019-03-08,2019-03-11,2019-03-12,2019-03-13,14556.0,2019-02-27,252.0,-23.8971%,-0.0037,1.9858,1.2039,0.1962,5.5938%,5.9989%,13.0485%,-0.243042,WATT,14556.0,2019-02-28,252.0,-7.2464%,-0.004,2.0008,1.2121,0.2217,5.6076%,6.0129%,13.0280%,-0.066158,WATT,14556.0,2019-03-01,252.0,14.2361%,-0.0037,2.053,1.2899,0.2427,5.6603%,6.0823%,13.3961%,0.125237,WATT,14556.0,2019-03-04,252.0,-1.6717%,-0.0035,2.0371,1.3412,0.2472,5.6563%,6.0762%,13.3430%,-0.001919,WATT,14556.0,2019-03-05,252.0,-6.0278%,-0.0038,2.0371,1.3098,0.2651,5.6601%,6.0735%,13.1510%,-0.052154,WATT,14556.0,2019-03-06,252.0,-1.3158%,-0.0037,2.0321,1.256,0.2522,5.6618%,6.0737%,13.1035%,0.020261,WATT,14556.0,2019-03-07,252.0,-1.0000%,-0.0035,2.035,1.2937,0.2667,5.6581%,6.0727%,13.1882%,0.008285,WATT,14556.0,2019-03-08,252.0,-0.8418%,-0.0034,2.0329,1.3283,0.2616,5.6547%,6.0713%,13.2545%,-0.004224,WATT,14556.0,2019-03-11,252.0,3.9049%,-0.0035,2.0365,1.3546,0.2748,5.6529%,6.0753%,13.4226%,0.005247,WATT,14556.0,2019-03-12,252.0,0.6536%,-0.0033,2.0547,1.3468,0.2924,5.6516%,6.0751%,13.4565%,0.0053669999999999,WATT,14556.0,2019-03-13,252.0,-0.3247%,-0.0033,2.0512,1.3571,0.291,5.6518%,6.0751%,13.4515%,-0.013233,WATT,-0.3092,-0.183963,-0.185882,-0.217775,-0.216333
13331,WELLS FARGO & CO NEW,"Wells Fargo, On Retail Sales Practices Matters, Says Engaged In Preliminary, Exploratory Resolution Discussions With US DOJ And SEC To Resolve Sales Probe",6,uncertain,0.6,0.2,"while engaging in discussions to resolve legal issues may suggest a potential resolution, the ongoing scrutiny and uncertainty surrounding the sales practices probe could lead to mixed investor sentiment.",1,2019-02-27,WFC,2019-02-27 20:58:00+00:00,38703.0,94974610,0.0062512881122529,17454958.0,-0.0002004436100833,-0.0014095790684223,0.0028061612974852,0.0130558833479881,0.0015990772517398,-0.0108959022909402,-0.0043903654441237,-0.0050190724432468,-0.0014030806487426,0.0087079852819442,-0.0028101042844355,0.0032507078722119,0.00241543748416,0.0144270556047558,-0.0008032312616705,-0.0101999184116721,-0.0022105465177446,-0.000611595925875,0.0054379985667765,0.0293808542191982,0.0086137885227799,0.0,0.0061569293029606,-0.0089434338733553,0.0211211945861578,-0.0231613032519817,-0.0061859595589339,-0.0010148008586838,-0.0196459498256444,0.0042804540134966,-0.010714303702116,0.0030668887775391,-0.031087027862668,0.0,-0.0047609093599021,-0.014573773369193,0.0193426888436079,0.0048144771717488,-0.0048969164490699,0.0006021432927809,0.0065614045597612,-0.0061839488334953,-0.0156854856759309,0.00300123100169,0.0101407635957002,-0.002793283900246,-0.0122926095500588,0.0052145672962069,0.0134827122092247,-0.0029993543867021,0.0063446080312132,0.0158439725637435,-0.0079316534101963,0.0059256418608129,0.0020500675309449,0.0266415048390626,-0.0151391504332423,-0.0154894674196839,-0.0072704297490417,0.0114894350990653,-0.0010462279897183,0.0025130666326731,-0.0261834934353828,-0.0010460091289132,0.0060227741487324,0.0054690432734787,0.0188155025243759,-0.0020990443881601,-0.0020986839663237,-0.0064650964923202,0.0006309694144874,0.0296328347176313,-0.0067255883477628,-0.0078823808580636,0.0019043621141463,0.0186631232500076,0.0027455347590148,0.0065531469881534,0.0006318193045444,0.0054908851161599,0.0094717061147093,-0.0013161081587895,0.0064637484028935,0.0456422418355941,0.002900339430198,-0.0336879529058933,-0.0037182462401688,-0.0199826657772064,0.0014513725182041,0.0081016588956117,0.0072464244440197,-0.0182717610150575,-0.0045221215113997,-0.0019309193594381,-0.0260169748216867,0.0015040759462863,-0.0036039468832314,-0.0104188360273838,0.0040425886400043,-0.0148722846060991,0.008771926164627,-0.0004186902078799,-0.0173912979662418,-0.0213114935904741,0.0034534824080765,-0.0290489289909601,-0.0139815341681242,-0.0162458773702383,0.001308930455707,-0.0133255822584033,-0.004357315134257,-0.0453540347516536,-0.0054704593494534,-0.0007368662627413,0.0193619597703218,0.0044411150738596,-0.0049644582904875,-0.0057037272490561,-0.0117136035114526,0.0218086075037717,-0.0002004436100833,-0.0014095790684223,0.002605155210301,0.0116279009796786,0.0042083983064749,0.000605302215815,-0.0016032429544333,0.0042527154973186,0.0004007343446337,0.0407135065535004,-0.0422845782188479,0.0454618285267371,-0.0781835818826562,-0.0591040073519398,2019-02-28,2019-03-01,2019-03-04,2019-03-05,2019-03-06,2019-03-07,2019-03-08,2019-03-11,2019-03-12,2019-03-13,38703.0,2019-02-27,252.0,0.6251%,-0.0001,1.0565,-0.0775,1.1403,0.8420%,1.3463%,60.8894%,0.006722,WFC,38703.0,2019-02-28,252.0,-0.0200%,-0.0001,1.0554,-0.0781,1.1381,0.8428%,1.3442%,60.6836%,0.005841,WFC,38703.0,2019-03-01,252.0,0.2806%,-0.0001,1.0563,-0.0768,1.1394,0.8428%,1.3418%,60.5489%,-0.000104,WFC,38703.0,2019-03-04,252.0,0.1599%,-0.0001,1.0535,-0.0698,1.1406,0.8422%,1.3368%,60.3025%,0.002251,WFC,38703.0,2019-03-05,252.0,-0.4390%,-0.0001,1.0533,-0.0712,1.1405,0.8422%,1.3370%,60.3147%,-0.000168,WFC,38703.0,2019-03-06,252.0,-0.1403%,-0.0,1.0567,-0.0887,1.1419,0.8402%,1.3368%,60.4946%,0.0060019999999999,WFC,38703.0,2019-03-07,252.0,-0.2810%,0.0001,1.0557,-0.075,1.1445,0.8379%,1.3358%,60.6553%,0.009471,WFC,38703.0,2019-03-08,252.0,0.2415%,0.0001,1.0545,-0.0712,1.1425,0.8386%,1.3349%,60.5360%,0.006631,WFC,38703.0,2019-03-11,252.0,-0.0803%,0.0001,1.0491,-0.0742,1.1436,0.8411%,1.3349%,60.2946%,-0.010409,WFC,38703.0,2019-03-12,252.0,-0.2211%,0.0,1.0442,-0.0712,1.1393,0.8409%,1.3240%,59.6634%,-0.004216,WFC,38703.0,2019-03-13,252.0,0.5438%,0.0,1.0432,-0.0688,1.1387,0.8410%,1.3243%,59.6711%,-0.002892,WFC,0.012563,0.012459,0.01471,0.020544,0.0191289999999999
13339,WIPRO LTD,Wipro Limited To Sell  Workday And Cornerstone OnDemand Business For $110M,6,decrease,0.7,0.6,"the sale of a business segment for $110m may indicate a strategic retreat or a need to divest, which could negatively impact investor sentiment and lead to a decrease in stock price.",0,2019-02-27,WIT,2019-02-27 11:31:00+00:00,88683.0,97651M10,-0.0190641488879919,533491.0,-0.0106006972491741,-0.0017301433254033,0.0071428506635129,0.0140351587906479,-0.0017730057006701,0.0088495071977376,-0.0071047889068722,0.0071301176212728,-0.0161002054810524,0.0144665315747261,-0.0436363220214843,-0.0246913339942693,0.0038022776134312,-0.015625026077032,0.0189393758773803,0.0034844004549086,0.003717468585819,-0.0017391702858731,-0.0148148005828261,0.0195035710930824,-0.007518789730966,-0.0035335656721144,0.0176767203956842,0.0,-0.0049627739936113,0.001769867609255,0.0024937035050243,0.0035523944534361,0.0199004784226417,-0.003539819503203,0.0024390802718698,0.0035523944534361,-0.0243308767676353,-0.0105448048561811,-0.0124688744544982,0.0307971145957708,0.0075757503509521,0.003636360168457,-0.0125313159078359,0.0,0.0050761373713612,0.0099040223285555,0.0050505003891885,0.0055249007418751,0.0175879821181297,0.0,0.0,0.0149532565847039,0.0,0.0018726127455011,-0.0074074589647352,0.0190840438008308,0.0124378586187958,0.0155038619413971,0.0073709413409233,0.0078124925494194,0.039024468511343,0.0448979139328002,0.0093896621838212,-0.0429687090218067,0.0023255236446857,0.0058938572183251,0.0046403668820858,-0.0077972635626792,0.0138568002730608,0.0039138905704021,-0.0341685861349105,0.0098814610391855,0.0023585446178913,0.0,0.0329411439597606,0.0019801489543169,0.0045558046549558,-0.0117416717112064,0.013605429790914,-0.0038986317813396,-0.0067113498225808,-0.0019454770954325,0.0045044999569654,0.0078431302681565,0.0067263976670801,0.0039370041340589,0.0089087840169668,0.0262626502662897,0.0088300136849284,0.0040567913092672,-0.0043763634748756,-0.0408560410141944,-0.0131869046017527,-0.0172084420919418,-0.0178173556923866,0.011605404317379,0.018140573054552,-0.0019304541638121,-0.0089086778461933,-0.001926826313138,0.0224719960242509,-0.0244361106306314,-0.0109890522435307,0.0410958975553512,0.0022222730331122,0.0118811763823032,-0.024390272796154,-0.003944769501686,-0.0045454502105712,-0.0155339650809764,0.0091324113309383,-0.0115163037553429,0.0180995296686887,-0.0076190405525267,-0.0066667133942246,0.0019084407249465,0.0246085319668054,0.003831414040178,-0.0218340400606393,0.0255402028560638,-0.0044642812572419,-0.0058593228459358,-0.0089686010032892,0.0158730000257492,-0.0106006972491741,-0.0017301433254033,-0.003533565783041,0.012280732628942,-0.0053003064514342,0.0212389182584731,-0.0282685249910283,0.0433995957465656,-0.0600706149998286,0.0230496674313414,0.012956431091444,0.1298373281311378,0.0412249560451576,0.1477712353445603,2019-02-28,2019-03-01,2019-03-04,2019-03-05,2019-03-06,2019-03-07,2019-03-08,2019-03-11,2019-03-12,2019-03-13,88683.0,2019-02-27,252.0,-1.9064%,0.0001,0.4104,-0.2569,-0.3178,1.3994%,1.4986%,12.7916%,-0.019461,WIT,88683.0,2019-02-28,252.0,-1.0601%,-0.0,0.415,-0.2541,-0.3121,1.4006%,1.5001%,12.8295%,-0.010172,WIT,88683.0,2019-03-01,252.0,0.7143%,-0.0,0.424,-0.2407,-0.2998,1.3981%,1.4992%,13.0304%,0.003553,WIT,88683.0,2019-03-04,252.0,-0.1773%,0.0,0.4189,-0.2241,-0.2983,1.3965%,1.4948%,12.7247%,0.000548,WIT,88683.0,2019-03-05,252.0,-0.7105%,-0.0,0.4197,-0.2224,-0.2948,1.3973%,1.4954%,12.6867%,-0.007893,WIT,88683.0,2019-03-06,252.0,-1.6100%,-0.0001,0.4226,-0.188,-0.2869,1.3999%,1.4973%,12.5872%,-0.015349,WIT,88683.0,2019-03-07,252.0,-4.3636%,-0.0003,0.4415,-0.1763,-0.2584,1.4236%,1.5225%,12.5640%,-0.0413389999999999,WIT,88683.0,2019-03-08,252.0,0.3802%,-0.0002,0.4408,-0.1744,-0.2597,1.4239%,1.5226%,12.5495%,0.004332,WIT,88683.0,2019-03-11,252.0,1.8939%,-0.0002,0.4472,-0.1773,-0.2646,1.4247%,1.5269%,12.9349%,0.011559,WIT,88683.0,2019-03-12,252.0,0.3717%,-0.0001,0.4519,-0.1792,-0.26,1.4244%,1.5270%,12.9933%,0.001802,WIT,88683.0,2019-03-13,252.0,-1.4815%,-0.0004,0.4478,-0.2156,-0.2731,1.3810%,1.4872%,13.7664%,-0.018343,WIT,-0.029633,-0.02608,-0.025532,-0.048774,-0.090763
13347,BERKLEY W R CORP,Credit Suisse Upgrades WR Berkley to Outperform,6,increase,0.8,0.6,upgrades from reputable financial institutions like credit suisse typically signal positive sentiment and can lead to an increase in stock price.,2,2019-02-27,WRB,2019-02-27 11:46:00+00:00,17743.0,08442310,0.0096037061884999,353104.0,0.0073449797928333,0.0064847515895962,0.0081280497834086,-0.0099333692342042,-0.0050983247347176,0.0016988154966384,-0.0009534242562949,-0.0021793521009385,-0.0087081398814916,0.0076866429299116,-0.0039711412973701,0.00687957694754,0.000362527614925,0.006927328184247,0.002777726156637,-0.0082199210301041,0.00445625372231,0.0110394367948174,-0.004916129168123,0.0048610167577862,0.0062772128731012,0.0007484743837267,0.0033589105587452,-0.0082879541441798,0.005021499004215,0.0120180156081914,-0.0116582885384559,0.0030135342385619,-0.0037314055953174,0.0124586280435323,0.0143772196024656,0.0119644962251186,-0.0051214899867773,0.0109247490763664,0.005147854797542,-0.0022060493938624,0.0016674534417688,0.0322839394211769,0.0060642347671091,-0.0059919701889157,0.0,0.0013333129463717,0.0013000899925827,0.004419470205903,0.0011803407687693,-0.0100755952298641,-0.0031831718515604,0.0097724683582782,0.0071555008180439,-0.0129493046551942,0.0017614668468013,0.0102789560332894,0.0054510529153048,0.0002671153924893,-0.002098617143929,0.0136708468198776,-0.0054329014383256,0.0088760601356625,0.0021145185455679,0.0088167386129498,0.0096711665391922,-0.0053440257906913,0.0092302784323692,0.0108034135773778,-0.0013805320486426,0.0027777354698628,0.0131329214200377,-0.0073073045350611,-0.0121098905801773,0.0029037483036518,0.0074240388348698,0.01544507779181,-0.0092544490471482,-0.0165699664503336,0.0115896584466099,-0.0201597269624471,0.0340287573635578,0.0128820398822426,0.0024805308785289,0.0006857248372398,0.0024744560942053,0.0117940679192543,-0.0004936445620842,0.0360839888453483,0.0092195840552449,-0.0233081113547086,-0.0003262717509642,-0.0061401398852467,-0.0022845854982733,-0.0195648204535245,0.0058881356380879,-0.0055782808922231,0.0003252106835134,0.0057471012696623,-0.0091027533635497,-0.0218176580965519,-0.0054133534431457,-0.0058549889363348,0.0001649071637075,0.000532564416062,0.0136873656883835,0.0028037261217832,-0.0076460260897874,-0.0041217599064111,0.0050819898024201,-0.006866555660963,0.0042407163418829,-0.0085100019350647,0.0086080683395266,-0.0032624299637973,-0.0051529742777347,-0.0203273314982652,0.001780521357432,-0.0071083721704781,0.0019389066146686,0.0042065242305397,0.0035478346981108,-0.0025429697707295,-0.0104450862854719,0.0145769473165273,0.0073449797928333,0.0064847515895962,0.0155327299376561,-0.0035130330765396,0.0103552143016998,-0.0018201855749317,0.0006019911232699,0.0036603595528683,-0.0007225377978965,0.0253022407479581,0.029012145415342,0.1332140294267378,0.114235466466799,0.0611455877675801,2019-02-28,2019-03-01,2019-03-04,2019-03-05,2019-03-06,2019-03-07,2019-03-08,2019-03-11,2019-03-12,2019-03-13,17743.0,2019-02-27,252.0,0.9604%,0.0009,0.6877,-0.0398,0.4393,0.7689%,1.0145%,42.5554%,0.0095,WRB,17743.0,2019-02-28,252.0,0.7345%,0.001,0.6853,-0.0412,0.4353,0.7712%,1.0137%,42.1129%,0.010483,WRB,17743.0,2019-03-01,252.0,0.8128%,0.001,0.6811,-0.0475,0.4269,0.7698%,1.0090%,41.7864%,0.004965,WRB,17743.0,2019-03-04,252.0,-0.5098%,0.001,0.6819,-0.0462,0.4258,0.7703%,1.0085%,41.6487%,-0.003502,WRB,17743.0,2019-03-05,252.0,-0.0953%,0.001,0.6815,-0.0489,0.4255,0.7703%,1.0082%,41.6347%,0.000994,WRB,17743.0,2019-03-06,252.0,-0.8708%,0.0009,0.6732,-0.0301,0.4186,0.7610%,0.9947%,41.4636%,-0.00386,WRB,17743.0,2019-03-07,252.0,-0.3971%,0.0009,0.672,-0.0321,0.4165,0.7611%,0.9948%,41.4695%,0.002819,WRB,17743.0,2019-03-08,252.0,0.0363%,0.0009,0.6719,-0.0347,0.4165,0.7610%,0.9948%,41.4812%,0.0024749999999999,WRB,17743.0,2019-03-11,252.0,0.2778%,0.0009,0.669,-0.041,0.4144,0.7615%,0.9947%,41.3975%,-0.0050329999999999,WRB,17743.0,2019-03-12,252.0,0.4456%,0.0008,0.6627,-0.0406,0.4074,0.7601%,0.9866%,40.6554%,0.00291,WRB,17743.0,2019-03-13,252.0,-0.4916%,0.0008,0.6595,-0.0427,0.4033,0.7610%,0.9860%,40.4337%,-0.009968,WRB,0.019983,0.024948,0.021446,0.01858,0.011783
13355,WSFS FINANCIAL CORP,"WSFS Financial, Beneficial Bancorp Receive All Required Approvals For Deal",6,increase,0.8,0.6,"the approval of the deal between wsfs financial and beneficial bancorp is likely to be viewed positively by investors, suggesting potential growth and expansion for wsfs financial, which could lead to an increase in its stock price.",2,2019-02-27,WSFS,2019-02-27 22:35:00+00:00,10892.0,92932810,0.0117107266560196,269865.0,-0.0177031904458999,0.0011494077043607,-0.0097042089328169,-0.0136054083704948,0.0377974547445774,0.0068492977879941,-0.0107913566753268,0.0016007247613742,-0.0231818277388811,0.0127373607829213,-0.0241973232477903,0.0095861544832587,0.0004768826474901,0.0330917611718177,0.0047664623707532,-0.0163934100419282,0.0023718802258372,-0.0035511723253875,0.0023663581814616,0.0014225076884031,-0.0096789384260773,0.0,-0.0209773797541856,-0.0197536256164312,0.0236182436347007,0.0037226439453661,-0.0214082188904285,-0.00463179172948,-0.021390400826931,0.0,-0.0099353631958365,0.0126641867682337,-0.0589564032852649,0.0111453933641314,0.0013330592773854,0.0021386961452662,0.033812578767538,-0.0061407256871461,0.0025752889923751,-0.0023562316782772,0.0035961826797574,-0.0016466642264276,-0.0120297214016318,-0.0072396397590637,0.0132124908268451,-0.0041860537603497,0.0038352776318788,0.0406582839787006,0.0043301577679812,-0.0036171092651784,0.0215571504086256,0.0174191109836101,0.0168818347156047,0.0014741414925083,0.0078124925494194,0.0136986104771494,-0.013323625549674,0.0052579594776034,0.0169407967478036,-0.0067147589288651,0.0033800872042775,-0.0088735669851303,0.0036091844085603,0.0104607259854674,-0.017501788213849,0.0002491812629159,0.0280625075101852,0.0313463844358921,0.0023735691793262,-0.0058749257586896,-0.004262379836291,0.0139860371127724,0.0085612516850233,0.007042265497148,0.0035369377583265,0.0113426614552736,0.0129229137673974,0.0098561244085431,-0.0078868046402931,0.006974306423217,0.0107551803812384,-0.0063966331072151,0.0074022598564624,0.0307692009955644,-0.0084959575906395,-0.0122115863487124,-0.0034738657996058,-0.0147059634327888,0.0111549980938434,-0.0087463036179542,0.0170076228678226,-0.0238034147769212,-0.0038417666219174,-0.0212712101638317,-0.009528174996376,-0.0025258518289774,-0.0130553971976041,-0.0002524828887544,-0.0013963549863547,-0.0082645090296864,0.0093218721449375,0.0085880309343338,-0.0337105244398117,0.014607885852456,0.0054958988912403,-0.0195979587733745,-0.0109316268935799,0.0058124726638197,0.0100913504138588,0.0032961731776595,-0.0088012069463729,-0.064072161912918,-0.0035996572114527,0.0016638862434774,0.0067437086254358,0.0120279043912887,-0.0081339748576283,0.0070252162404358,-0.0347322411835193,0.0180024560540914,-0.0177031904458999,0.0011494077043607,-0.0272356039198524,-0.012471638827336,0.009532414318123,-0.0057077630075745,-0.0245120685332063,0.0085687567756214,-0.0385837650130146,0.0324798227542715,-0.0599183630153981,0.0858326168642296,-0.089156583765365,0.0767282188308484,2019-02-28,2019-03-01,2019-03-04,2019-03-05,2019-03-06,2019-03-07,2019-03-08,2019-03-11,2019-03-12,2019-03-13,10892.0,2019-02-27,252.0,1.1711%,-0.0001,0.9123,1.1009,1.0723,1.1868%,1.5546%,41.7209%,0.009996,WSFS,10892.0,2019-02-28,252.0,-1.7703%,-0.0001,0.9117,1.1001,1.0747,1.1888%,1.5539%,41.4756%,-0.012514,WSFS,10892.0,2019-03-01,252.0,-0.9704%,-0.0002,0.9089,1.0958,1.0774,1.1925%,1.5512%,40.9000%,-0.01525,WSFS,10892.0,2019-03-04,252.0,3.7797%,-0.0001,0.9082,1.0595,1.0863,1.2210%,1.5685%,39.4009%,0.042615,WSFS,10892.0,2019-03-05,252.0,-1.0791%,-0.0001,0.9078,1.0542,1.0873,1.2209%,1.5658%,39.2073%,-0.003446,WSFS,10892.0,2019-03-06,252.0,-2.3182%,-0.0001,0.9099,1.0589,1.0903,1.2209%,1.5720%,39.6729%,-0.002799,WSFS,10892.0,2019-03-07,252.0,-2.4197%,-0.0001,0.9153,1.0607,1.0979,1.2234%,1.5767%,39.7970%,-0.012487,WSFS,10892.0,2019-03-08,252.0,0.0477%,-0.0001,0.9148,1.0595,1.0973,1.2236%,1.5764%,39.7463%,0.003737,WSFS,10892.0,2019-03-11,252.0,0.4766%,-0.0001,0.9114,1.0525,1.095,1.2241%,1.5756%,39.6400%,-0.007063,WSFS,10892.0,2019-03-12,252.0,0.2372%,-0.0001,0.9089,1.0512,1.0917,1.2242%,1.5708%,39.2633%,0.003826,WSFS,10892.0,2019-03-13,252.0,0.2366%,-0.0001,0.9081,1.0625,1.0935,1.2210%,1.5696%,39.4849%,-0.001414,WSFS,-0.002518,-0.017768,0.024847,0.018602,0.0052009999999999
13363,WSFS FINANCIAL CORP,Federal Reserve Approves Acquisition By Delaware-Based WSFS Financial Corp Of Beneficial Bancorp Inc BNCL In Pennsylvania,6,increase,0.8,0.6,"the federal reserve's approval of the acquisition is likely to be viewed positively by investors, suggesting growth potential and increased market presence for wsfs financial corp.",2,2019-02-27,WSFS,2019-02-27 20:02:00+00:00,10892.0,92932810,0.0117107266560196,269865.0,-0.0177031904458999,0.0011494077043607,-0.0097042089328169,-0.0136054083704948,0.0377974547445774,0.0068492977879941,-0.0107913566753268,0.0016007247613742,-0.0231818277388811,0.0127373607829213,-0.0241973232477903,0.0095861544832587,0.0004768826474901,0.0330917611718177,0.0047664623707532,-0.0163934100419282,0.0023718802258372,-0.0035511723253875,0.0023663581814616,0.0014225076884031,-0.0096789384260773,0.0,-0.0209773797541856,-0.0197536256164312,0.0236182436347007,0.0037226439453661,-0.0214082188904285,-0.00463179172948,-0.021390400826931,0.0,-0.0099353631958365,0.0126641867682337,-0.0589564032852649,0.0111453933641314,0.0013330592773854,0.0021386961452662,0.033812578767538,-0.0061407256871461,0.0025752889923751,-0.0023562316782772,0.0035961826797574,-0.0016466642264276,-0.0120297214016318,-0.0072396397590637,0.0132124908268451,-0.0041860537603497,0.0038352776318788,0.0406582839787006,0.0043301577679812,-0.0036171092651784,0.0215571504086256,0.0174191109836101,0.0168818347156047,0.0014741414925083,0.0078124925494194,0.0136986104771494,-0.013323625549674,0.0052579594776034,0.0169407967478036,-0.0067147589288651,0.0033800872042775,-0.0088735669851303,0.0036091844085603,0.0104607259854674,-0.017501788213849,0.0002491812629159,0.0280625075101852,0.0313463844358921,0.0023735691793262,-0.0058749257586896,-0.004262379836291,0.0139860371127724,0.0085612516850233,0.007042265497148,0.0035369377583265,0.0113426614552736,0.0129229137673974,0.0098561244085431,-0.0078868046402931,0.006974306423217,0.0107551803812384,-0.0063966331072151,0.0074022598564624,0.0307692009955644,-0.0084959575906395,-0.0122115863487124,-0.0034738657996058,-0.0147059634327888,0.0111549980938434,-0.0087463036179542,0.0170076228678226,-0.0238034147769212,-0.0038417666219174,-0.0212712101638317,-0.009528174996376,-0.0025258518289774,-0.0130553971976041,-0.0002524828887544,-0.0013963549863547,-0.0082645090296864,0.0093218721449375,0.0085880309343338,-0.0337105244398117,0.014607885852456,0.0054958988912403,-0.0195979587733745,-0.0109316268935799,0.0058124726638197,0.0100913504138588,0.0032961731776595,-0.0088012069463729,-0.064072161912918,-0.0035996572114527,0.0016638862434774,0.0067437086254358,0.0120279043912887,-0.0081339748576283,0.0070252162404358,-0.0347322411835193,0.0180024560540914,-0.0177031904458999,0.0011494077043607,-0.0272356039198524,-0.012471638827336,0.009532414318123,-0.0057077630075745,-0.0245120685332063,0.0085687567756214,-0.0385837650130146,0.0324798227542715,-0.0599183630153981,0.0858326168642296,-0.089156583765365,0.0767282188308484,2019-02-28,2019-03-01,2019-03-04,2019-03-05,2019-03-06,2019-03-07,2019-03-08,2019-03-11,2019-03-12,2019-03-13,10892.0,2019-02-27,252.0,1.1711%,-0.0001,0.9123,1.1009,1.0723,1.1868%,1.5546%,41.7209%,0.009996,WSFS,10892.0,2019-02-28,252.0,-1.7703%,-0.0001,0.9117,1.1001,1.0747,1.1888%,1.5539%,41.4756%,-0.012514,WSFS,10892.0,2019-03-01,252.0,-0.9704%,-0.0002,0.9089,1.0958,1.0774,1.1925%,1.5512%,40.9000%,-0.01525,WSFS,10892.0,2019-03-04,252.0,3.7797%,-0.0001,0.9082,1.0595,1.0863,1.2210%,1.5685%,39.4009%,0.042615,WSFS,10892.0,2019-03-05,252.0,-1.0791%,-0.0001,0.9078,1.0542,1.0873,1.2209%,1.5658%,39.2073%,-0.003446,WSFS,10892.0,2019-03-06,252.0,-2.3182%,-0.0001,0.9099,1.0589,1.0903,1.2209%,1.5720%,39.6729%,-0.002799,WSFS,10892.0,2019-03-07,252.0,-2.4197%,-0.0001,0.9153,1.0607,1.0979,1.2234%,1.5767%,39.7970%,-0.012487,WSFS,10892.0,2019-03-08,252.0,0.0477%,-0.0001,0.9148,1.0595,1.0973,1.2236%,1.5764%,39.7463%,0.003737,WSFS,10892.0,2019-03-11,252.0,0.4766%,-0.0001,0.9114,1.0525,1.095,1.2241%,1.5756%,39.6400%,-0.007063,WSFS,10892.0,2019-03-12,252.0,0.2372%,-0.0001,0.9089,1.0512,1.0917,1.2242%,1.5708%,39.2633%,0.003826,WSFS,10892.0,2019-03-13,252.0,0.2366%,-0.0001,0.9081,1.0625,1.0935,1.2210%,1.5696%,39.4849%,-0.001414,WSFS,-0.002518,-0.017768,0.024847,0.018602,0.0052009999999999
13371,WHITESTONE REIT,"Whitestone REIT Q4 FFO $0.28 Down From $0.30 YoY, Sales $29.9M Miss $34.54M Estimate",6,decrease,0.8,0.6,the decline in ffo and significant miss in sales estimates are likely to negatively impact investor sentiment and lead to a decrease in stock price.,0,2019-02-27,WSR,2019-02-27 22:00:00+00:00,12070.0,96608420,-0.0048882467672228,185160.0,-0.0870175287127494,0.0013985666446387,-0.0564949959516525,-0.0034843338653445,-0.0049261427484452,0.0,-0.0008251013932749,-0.0110268676653504,-0.0297274701297283,-0.0020632552914321,-0.0119149228557944,0.0104238791391253,-0.0008612640667706,0.0062937168404459,0.0181034505367279,0.0035087852738797,0.0169347841292619,-0.0062761614099144,-0.0066611091606318,-0.0027816384099423,-0.0067057772539556,0.0205819699913263,0.0042193448171019,-0.0007092360756359,-0.0159663520753383,0.0,0.003415880491957,-0.0007086658733896,0.0187234263867139,-0.0007082315278239,0.0058479276485741,0.0021291505545377,-0.0149501916021108,0.0003525984648149,-0.0084316553547978,0.0007057324401102,0.0170067865401506,0.0021216217428445,0.0016721993451938,0.0,0.0175292193889617,0.0085591925308108,-0.0139457853510975,0.0035791115369647,0.0066555673256516,0.0057595334947109,0.0024793166667222,-0.007147922180593,-0.0160758420825004,0.0014316036831587,0.0067567504011094,-0.0035663472954183,0.0109060499817132,0.0064608864486217,0.0,0.0197657737880945,-0.016597494482994,0.0163690671324729,0.0160337202250957,-0.0117647647857666,0.0033222560305148,-0.0109090628102421,0.0099337650462985,0.0073260352946817,-0.0049179890193045,-0.0043763983994722,-0.0074135214090347,0.0457666218280792,0.0074688922613859,0.0162790734320879,0.0090609267354011,0.0470779165625572,-0.0097959088161587,0.0224065966904163,0.0181368719786405,-0.0171288773417472,0.0153845809400081,-0.0100159710273146,-0.00637957919389,0.0048308749683201,0.0136436661705374,-0.0056044594384729,0.0031670595053583,0.048698566854,0.012628243304789,-0.0348460525274276,-0.0151987504214048,-0.0080385394394397,-0.003189789596945,-0.0326594151556491,0.0183999631553888,-0.0338092222809791,0.0039277449250221,0.0214889254420995,-0.0125195505097508,-0.0798022672533989,-0.0079238852486014,0.0021231232676655,0.0095846550539135,0.0078459093347191,0.0158227700740099,-0.0175192710012197,-0.0109034534543752,0.010623269714415,0.0110236490145325,-0.0042313411831855,0.0007788340444676,-0.0139081925153732,0.0070038284175097,0.028612345457077,-0.0030911872163414,-0.0028531323187053,-0.0155038619413971,0.0024858333636075,0.0118110692128539,0.0071531031280756,0.0,-0.002141376491636,-0.0077821305021643,0.0137482304126024,-0.0870175287127494,0.0013985666446387,-0.1385964697320524,-0.0020906402938285,-0.1428398664861669,-0.0020906402938285,-0.1690072881965238,-0.0151306928337136,-0.1562771659242193,-0.0041724911347256,-0.1416655284094417,0.0600404416221473,-0.0841634683172626,0.0583723151069632,2019-02-28,2019-03-01,2019-03-04,2019-03-05,2019-03-06,2019-03-07,2019-03-08,2019-03-11,2019-03-12,2019-03-13,12070.0,2019-02-27,252.0,-0.4888%,0.0008,0.5109,0.3478,0.0369,1.5686%,1.6683%,11.6030%,-0.006068,WSR,12070.0,2019-02-28,252.0,-8.7018%,0.0005,0.5213,0.352,0.0646,1.6580%,1.7533%,10.5814%,-0.085511,WSR,12070.0,2019-03-01,252.0,-5.6495%,0.0003,0.508,0.3322,0.0725,1.7027%,1.7893%,9.4469%,-0.061101,WSR,12070.0,2019-03-04,252.0,-0.4926%,0.0002,0.5156,0.3083,0.0702,1.6998%,1.7878%,9.6050%,-0.0013289999999999,WSR,12070.0,2019-03-05,252.0,-0.0825%,0.0007,0.5455,0.5411,0.0912,1.4754%,1.6026%,15.2415%,0.001086,WSR,12070.0,2019-03-06,252.0,-2.9727%,0.0008,0.5662,0.5695,0.1185,1.4724%,1.6092%,16.2752%,-0.018455,WSR,12070.0,2019-03-07,252.0,-1.1915%,0.0007,0.5665,0.5561,0.115,1.4709%,1.6067%,16.1971%,-0.006572,WSR,12070.0,2019-03-08,252.0,-0.0861%,0.0007,0.566,0.5645,0.1139,1.4701%,1.6066%,16.2753%,0.000213,WSR,12070.0,2019-03-11,252.0,1.8103%,0.0008,0.5703,0.5569,0.1073,1.4689%,1.6083%,16.5811%,0.00814,WSR,12070.0,2019-03-12,252.0,1.6935%,0.0009,0.5837,0.5467,0.1186,1.4697%,1.6111%,16.7825%,0.017064,WSR,12070.0,2019-03-13,252.0,-0.6661%,0.0008,0.5809,0.5411,0.1141,1.4687%,1.6090%,16.6775%,-0.009066,WSR,-0.091579,-0.15268,-0.154009,-0.171378,-0.161599
13379,WILLIS TOWERS WATSON PUB LTD CO,Weight Watchers 8-K Shows Correction Needed For FY19 EBITDAS Guidance: Had Originally Reported Expectation For ~$360M; Says Correct Statement Should Have Been ~$345M,6,uncertain,0.5,0.5,"the correction in weight watchers' ebitdas guidance may have mixed implications for willis towers watson, depending on their exposure to weight watchers and market perception.",1,2019-02-27,WTW,2019-02-27 22:27:00+00:00,89017.0,G9662910,0.000939009245485,688330.0,0.0086783803999423,-0.0062408405356109,0.0031391307711601,0.0021041592117398,0.0028396239504218,0.0041082045063376,0.0519502460956573,-0.0040332148782908,-0.061305146664381,0.0021087196655571,-0.0039794472977519,0.0068412576802074,-0.0057579069398343,0.0062907868996262,0.007032279856503,-0.0144469859078526,0.0018191277049481,-0.0015767592703923,0.0062675261870026,0.0071756332181394,0.0026777270250022,0.0131092648953199,0.0081276856362819,0.0310253910720348,0.002476291032508,-0.021579684689641,-0.0067785382270812,-0.0009008101769722,-0.0027183415368199,0.0069544864818453,0.0109610548242926,-0.0045150802470743,0.0016635685460641,0.0203944183886051,0.0067578759044408,0.0108668655157089,0.0099550606682896,0.0136589556932449,-0.0041117253713309,0.003917820751667,-0.0064475615508854,-0.0027727168053388,0.0035995291545987,0.0057038418017327,0.0026188825722783,-0.0024655419401824,0.0061892927624285,-0.0034650228917598,0.0034989300183951,0.0004411449772305,0.0038802560884505,0.0108307646587491,-0.0024087876081466,0.0002549614291638,0.0020776903256773,0.0148095013573765,-0.002353590214625,0.0069023733958601,0.0056731705553829,-0.0027274377644062,0.0040773628279566,0.0041734552942216,0.0052845133468508,0.0111433630809187,0.0001106920753954,-0.0060296119190752,0.0026004272513091,0.0063980030827224,-0.0237846300005912,0.007375419139862,0.0026568751782178,0.0270233862102031,-0.0006201759679242,-0.020978083834052,0.0154575519263744,-0.0143553791567683,-0.0024444579612463,0.0061618499457836,0.0033971965312957,0.0045076999813318,0.007659459952265,0.0133683020249009,-0.00016523701197,0.0153468381613493,0.0155354337766766,-0.0031278077512979,-0.0486600920557975,-0.0152001408860087,0.0178480073809623,-0.0131501052528619,0.0071148700080811,-0.0039491271600127,-0.0063414326868951,0.0042966282926499,-0.0236242581158876,-0.0161290057003498,0.0063069253228604,-0.0171940084546804,-0.002905786037445,0.004429908003658,0.0094285365194082,0.0055519733577966,-0.0166996717453002,0.0018756437348201,0.0096718939021229,-0.0120766730979085,0.0009122385527007,0.002562420675531,0.0143557274714112,-0.0076917642727494,-0.0115691199898719,-0.023768164217472,0.0021022448781877,0.0105989491567015,0.0109996171668171,0.0060571101494133,0.009590077213943,-0.0062699853442609,-0.0121653284877538,0.0156658384948968,0.0086783803999423,-0.0062408405356109,0.0118447537420598,-0.004149813045973,0.0147180123388943,-5.865682029138064e-05,0.0019937345894094,-0.0019915435689129,0.0073296578926107,0.0021174016301437,0.0537406460903682,0.10643547369928,0.0466192362126831,0.0893289586005567,2019-02-28,2019-03-01,2019-03-04,2019-03-05,2019-03-06,2019-03-07,2019-03-08,2019-03-11,2019-03-12,2019-03-13,89017.0,2019-02-27,252.0,0.0939%,0.0005,0.7427,-0.1334,0.47,1.0020%,1.2341%,34.0716%,0.000987,WLTW,89017.0,2019-02-28,252.0,0.8678%,0.0005,0.7441,-0.132,0.4683,1.0037%,1.2351%,33.9656%,0.0120819999999999,WLTW,89017.0,2019-03-01,252.0,0.3139%,0.0005,0.7375,-0.1419,0.4583,1.0014%,1.2289%,33.6055%,-5.3e-05,WLTW,89017.0,2019-03-04,252.0,0.2840%,0.0006,0.7329,-0.1301,0.4602,1.0001%,1.2232%,33.1519%,0.00423,WLTW,89017.0,2019-03-05,252.0,5.1950%,0.0008,0.7247,-0.1596,0.4347,1.0545%,1.2652%,30.5320%,0.053807,WLTW,89017.0,2019-03-06,252.0,-6.1305%,0.0006,0.7472,-0.0385,0.4765,1.1147%,1.3220%,28.9050%,-0.057492,WLTW,89017.0,2019-03-07,252.0,-0.3979%,0.0006,0.7458,-0.0389,0.4746,1.1149%,1.3222%,28.9039%,0.003603,WLTW,89017.0,2019-03-08,252.0,-0.5758%,0.0005,0.7471,-0.0506,0.4772,1.1132%,1.3217%,29.0624%,-0.003381,WLTW,89017.0,2019-03-11,252.0,0.7032%,0.0005,0.7459,-0.049,0.4787,1.1131%,1.3221%,29.1126%,-0.001526,WLTW,89017.0,2019-03-12,252.0,0.1819%,0.0004,0.734,-0.0463,0.4662,1.1095%,1.3100%,28.2588%,0.0001099999999999,WLTW,89017.0,2019-03-13,252.0,0.6268%,0.0005,0.7339,-0.0415,0.4672,1.1088%,1.3096%,28.3200%,0.000665,WLTW,0.0130689999999999,0.013016,0.017246,0.013561,0.013032
13387,WILLIS TOWERS WATSON PUB LTD CO,Analysts Tip The Scales On Weight Watchers After Guidance Sinks Shares,6,uncertain,0.4,0.2,"the news about weight watchers may not directly impact willis towers watson's stock price, as they are different companies, leading to uncertainty in the effect on the latter's shares.",1,2019-02-27,WTW,2019-02-27 15:00:00+00:00,89017.0,G9662910,0.000939009245485,688330.0,0.0086783803999423,-0.0062408405356109,0.0031391307711601,0.0021041592117398,0.0028396239504218,0.0041082045063376,0.0519502460956573,-0.0040332148782908,-0.061305146664381,0.0021087196655571,-0.0039794472977519,0.0068412576802074,-0.0057579069398343,0.0062907868996262,0.007032279856503,-0.0144469859078526,0.0018191277049481,-0.0015767592703923,0.0062675261870026,0.0071756332181394,0.0026777270250022,0.0131092648953199,0.0081276856362819,0.0310253910720348,0.002476291032508,-0.021579684689641,-0.0067785382270812,-0.0009008101769722,-0.0027183415368199,0.0069544864818453,0.0109610548242926,-0.0045150802470743,0.0016635685460641,0.0203944183886051,0.0067578759044408,0.0108668655157089,0.0099550606682896,0.0136589556932449,-0.0041117253713309,0.003917820751667,-0.0064475615508854,-0.0027727168053388,0.0035995291545987,0.0057038418017327,0.0026188825722783,-0.0024655419401824,0.0061892927624285,-0.0034650228917598,0.0034989300183951,0.0004411449772305,0.0038802560884505,0.0108307646587491,-0.0024087876081466,0.0002549614291638,0.0020776903256773,0.0148095013573765,-0.002353590214625,0.0069023733958601,0.0056731705553829,-0.0027274377644062,0.0040773628279566,0.0041734552942216,0.0052845133468508,0.0111433630809187,0.0001106920753954,-0.0060296119190752,0.0026004272513091,0.0063980030827224,-0.0237846300005912,0.007375419139862,0.0026568751782178,0.0270233862102031,-0.0006201759679242,-0.020978083834052,0.0154575519263744,-0.0143553791567683,-0.0024444579612463,0.0061618499457836,0.0033971965312957,0.0045076999813318,0.007659459952265,0.0133683020249009,-0.00016523701197,0.0153468381613493,0.0155354337766766,-0.0031278077512979,-0.0486600920557975,-0.0152001408860087,0.0178480073809623,-0.0131501052528619,0.0071148700080811,-0.0039491271600127,-0.0063414326868951,0.0042966282926499,-0.0236242581158876,-0.0161290057003498,0.0063069253228604,-0.0171940084546804,-0.002905786037445,0.004429908003658,0.0094285365194082,0.0055519733577966,-0.0166996717453002,0.0018756437348201,0.0096718939021229,-0.0120766730979085,0.0009122385527007,0.002562420675531,0.0143557274714112,-0.0076917642727494,-0.0115691199898719,-0.023768164217472,0.0021022448781877,0.0105989491567015,0.0109996171668171,0.0060571101494133,0.009590077213943,-0.0062699853442609,-0.0121653284877538,0.0156658384948968,0.0086783803999423,-0.0062408405356109,0.0118447537420598,-0.004149813045973,0.0147180123388943,-5.865682029138064e-05,0.0019937345894094,-0.0019915435689129,0.0073296578926107,0.0021174016301437,0.0537406460903682,0.10643547369928,0.0466192362126831,0.0893289586005567,2019-02-28,2019-03-01,2019-03-04,2019-03-05,2019-03-06,2019-03-07,2019-03-08,2019-03-11,2019-03-12,2019-03-13,89017.0,2019-02-27,252.0,0.0939%,0.0005,0.7427,-0.1334,0.47,1.0020%,1.2341%,34.0716%,0.000987,WLTW,89017.0,2019-02-28,252.0,0.8678%,0.0005,0.7441,-0.132,0.4683,1.0037%,1.2351%,33.9656%,0.0120819999999999,WLTW,89017.0,2019-03-01,252.0,0.3139%,0.0005,0.7375,-0.1419,0.4583,1.0014%,1.2289%,33.6055%,-5.3e-05,WLTW,89017.0,2019-03-04,252.0,0.2840%,0.0006,0.7329,-0.1301,0.4602,1.0001%,1.2232%,33.1519%,0.00423,WLTW,89017.0,2019-03-05,252.0,5.1950%,0.0008,0.7247,-0.1596,0.4347,1.0545%,1.2652%,30.5320%,0.053807,WLTW,89017.0,2019-03-06,252.0,-6.1305%,0.0006,0.7472,-0.0385,0.4765,1.1147%,1.3220%,28.9050%,-0.057492,WLTW,89017.0,2019-03-07,252.0,-0.3979%,0.0006,0.7458,-0.0389,0.4746,1.1149%,1.3222%,28.9039%,0.003603,WLTW,89017.0,2019-03-08,252.0,-0.5758%,0.0005,0.7471,-0.0506,0.4772,1.1132%,1.3217%,29.0624%,-0.003381,WLTW,89017.0,2019-03-11,252.0,0.7032%,0.0005,0.7459,-0.049,0.4787,1.1131%,1.3221%,29.1126%,-0.001526,WLTW,89017.0,2019-03-12,252.0,0.1819%,0.0004,0.734,-0.0463,0.4662,1.1095%,1.3100%,28.2588%,0.0001099999999999,WLTW,89017.0,2019-03-13,252.0,0.6268%,0.0005,0.7339,-0.0415,0.4672,1.1088%,1.3096%,28.3200%,0.000665,WLTW,0.0130689999999999,0.013016,0.017246,0.013561,0.013032
13395,WILLIS TOWERS WATSON PUB LTD CO,"DA Davidson Downgrades Weight Watchers Intl to Neutral, Lowers Price Target to $23",6,uncertain,0.3,0.2,"the downgrade of weight watchers intl by da davidson does not directly relate to willis towers watson pub ltd co, making the impact on its stock price uncertain.",1,2019-02-27,WTW,2019-02-27 14:18:00+00:00,89017.0,G9662910,0.000939009245485,688330.0,0.0086783803999423,-0.0062408405356109,0.0031391307711601,0.0021041592117398,0.0028396239504218,0.0041082045063376,0.0519502460956573,-0.0040332148782908,-0.061305146664381,0.0021087196655571,-0.0039794472977519,0.0068412576802074,-0.0057579069398343,0.0062907868996262,0.007032279856503,-0.0144469859078526,0.0018191277049481,-0.0015767592703923,0.0062675261870026,0.0071756332181394,0.0026777270250022,0.0131092648953199,0.0081276856362819,0.0310253910720348,0.002476291032508,-0.021579684689641,-0.0067785382270812,-0.0009008101769722,-0.0027183415368199,0.0069544864818453,0.0109610548242926,-0.0045150802470743,0.0016635685460641,0.0203944183886051,0.0067578759044408,0.0108668655157089,0.0099550606682896,0.0136589556932449,-0.0041117253713309,0.003917820751667,-0.0064475615508854,-0.0027727168053388,0.0035995291545987,0.0057038418017327,0.0026188825722783,-0.0024655419401824,0.0061892927624285,-0.0034650228917598,0.0034989300183951,0.0004411449772305,0.0038802560884505,0.0108307646587491,-0.0024087876081466,0.0002549614291638,0.0020776903256773,0.0148095013573765,-0.002353590214625,0.0069023733958601,0.0056731705553829,-0.0027274377644062,0.0040773628279566,0.0041734552942216,0.0052845133468508,0.0111433630809187,0.0001106920753954,-0.0060296119190752,0.0026004272513091,0.0063980030827224,-0.0237846300005912,0.007375419139862,0.0026568751782178,0.0270233862102031,-0.0006201759679242,-0.020978083834052,0.0154575519263744,-0.0143553791567683,-0.0024444579612463,0.0061618499457836,0.0033971965312957,0.0045076999813318,0.007659459952265,0.0133683020249009,-0.00016523701197,0.0153468381613493,0.0155354337766766,-0.0031278077512979,-0.0486600920557975,-0.0152001408860087,0.0178480073809623,-0.0131501052528619,0.0071148700080811,-0.0039491271600127,-0.0063414326868951,0.0042966282926499,-0.0236242581158876,-0.0161290057003498,0.0063069253228604,-0.0171940084546804,-0.002905786037445,0.004429908003658,0.0094285365194082,0.0055519733577966,-0.0166996717453002,0.0018756437348201,0.0096718939021229,-0.0120766730979085,0.0009122385527007,0.002562420675531,0.0143557274714112,-0.0076917642727494,-0.0115691199898719,-0.023768164217472,0.0021022448781877,0.0105989491567015,0.0109996171668171,0.0060571101494133,0.009590077213943,-0.0062699853442609,-0.0121653284877538,0.0156658384948968,0.0086783803999423,-0.0062408405356109,0.0118447537420598,-0.004149813045973,0.0147180123388943,-5.865682029138064e-05,0.0019937345894094,-0.0019915435689129,0.0073296578926107,0.0021174016301437,0.0537406460903682,0.10643547369928,0.0466192362126831,0.0893289586005567,2019-02-28,2019-03-01,2019-03-04,2019-03-05,2019-03-06,2019-03-07,2019-03-08,2019-03-11,2019-03-12,2019-03-13,89017.0,2019-02-27,252.0,0.0939%,0.0005,0.7427,-0.1334,0.47,1.0020%,1.2341%,34.0716%,0.000987,WLTW,89017.0,2019-02-28,252.0,0.8678%,0.0005,0.7441,-0.132,0.4683,1.0037%,1.2351%,33.9656%,0.0120819999999999,WLTW,89017.0,2019-03-01,252.0,0.3139%,0.0005,0.7375,-0.1419,0.4583,1.0014%,1.2289%,33.6055%,-5.3e-05,WLTW,89017.0,2019-03-04,252.0,0.2840%,0.0006,0.7329,-0.1301,0.4602,1.0001%,1.2232%,33.1519%,0.00423,WLTW,89017.0,2019-03-05,252.0,5.1950%,0.0008,0.7247,-0.1596,0.4347,1.0545%,1.2652%,30.5320%,0.053807,WLTW,89017.0,2019-03-06,252.0,-6.1305%,0.0006,0.7472,-0.0385,0.4765,1.1147%,1.3220%,28.9050%,-0.057492,WLTW,89017.0,2019-03-07,252.0,-0.3979%,0.0006,0.7458,-0.0389,0.4746,1.1149%,1.3222%,28.9039%,0.003603,WLTW,89017.0,2019-03-08,252.0,-0.5758%,0.0005,0.7471,-0.0506,0.4772,1.1132%,1.3217%,29.0624%,-0.003381,WLTW,89017.0,2019-03-11,252.0,0.7032%,0.0005,0.7459,-0.049,0.4787,1.1131%,1.3221%,29.1126%,-0.001526,WLTW,89017.0,2019-03-12,252.0,0.1819%,0.0004,0.734,-0.0463,0.4662,1.1095%,1.3100%,28.2588%,0.0001099999999999,WLTW,89017.0,2019-03-13,252.0,0.6268%,0.0005,0.7339,-0.0415,0.4672,1.1088%,1.3096%,28.3200%,0.000665,WLTW,0.0130689999999999,0.013016,0.017246,0.013561,0.013032
13403,WILLIS TOWERS WATSON PUB LTD CO,Weight Watchers shares are trading lower after the company reported mixed Q4 earnings and issued FY19 guidance below consensus estimates.,6,uncertain,0.4,0.2,"the news about weight watchers does not directly relate to willis towers watson, making the impact on its stock price uncertain.",1,2019-02-27,WTW,2019-02-27 13:58:00+00:00,89017.0,G9662910,0.000939009245485,688330.0,0.0086783803999423,-0.0062408405356109,0.0031391307711601,0.0021041592117398,0.0028396239504218,0.0041082045063376,0.0519502460956573,-0.0040332148782908,-0.061305146664381,0.0021087196655571,-0.0039794472977519,0.0068412576802074,-0.0057579069398343,0.0062907868996262,0.007032279856503,-0.0144469859078526,0.0018191277049481,-0.0015767592703923,0.0062675261870026,0.0071756332181394,0.0026777270250022,0.0131092648953199,0.0081276856362819,0.0310253910720348,0.002476291032508,-0.021579684689641,-0.0067785382270812,-0.0009008101769722,-0.0027183415368199,0.0069544864818453,0.0109610548242926,-0.0045150802470743,0.0016635685460641,0.0203944183886051,0.0067578759044408,0.0108668655157089,0.0099550606682896,0.0136589556932449,-0.0041117253713309,0.003917820751667,-0.0064475615508854,-0.0027727168053388,0.0035995291545987,0.0057038418017327,0.0026188825722783,-0.0024655419401824,0.0061892927624285,-0.0034650228917598,0.0034989300183951,0.0004411449772305,0.0038802560884505,0.0108307646587491,-0.0024087876081466,0.0002549614291638,0.0020776903256773,0.0148095013573765,-0.002353590214625,0.0069023733958601,0.0056731705553829,-0.0027274377644062,0.0040773628279566,0.0041734552942216,0.0052845133468508,0.0111433630809187,0.0001106920753954,-0.0060296119190752,0.0026004272513091,0.0063980030827224,-0.0237846300005912,0.007375419139862,0.0026568751782178,0.0270233862102031,-0.0006201759679242,-0.020978083834052,0.0154575519263744,-0.0143553791567683,-0.0024444579612463,0.0061618499457836,0.0033971965312957,0.0045076999813318,0.007659459952265,0.0133683020249009,-0.00016523701197,0.0153468381613493,0.0155354337766766,-0.0031278077512979,-0.0486600920557975,-0.0152001408860087,0.0178480073809623,-0.0131501052528619,0.0071148700080811,-0.0039491271600127,-0.0063414326868951,0.0042966282926499,-0.0236242581158876,-0.0161290057003498,0.0063069253228604,-0.0171940084546804,-0.002905786037445,0.004429908003658,0.0094285365194082,0.0055519733577966,-0.0166996717453002,0.0018756437348201,0.0096718939021229,-0.0120766730979085,0.0009122385527007,0.002562420675531,0.0143557274714112,-0.0076917642727494,-0.0115691199898719,-0.023768164217472,0.0021022448781877,0.0105989491567015,0.0109996171668171,0.0060571101494133,0.009590077213943,-0.0062699853442609,-0.0121653284877538,0.0156658384948968,0.0086783803999423,-0.0062408405356109,0.0118447537420598,-0.004149813045973,0.0147180123388943,-5.865682029138064e-05,0.0019937345894094,-0.0019915435689129,0.0073296578926107,0.0021174016301437,0.0537406460903682,0.10643547369928,0.0466192362126831,0.0893289586005567,2019-02-28,2019-03-01,2019-03-04,2019-03-05,2019-03-06,2019-03-07,2019-03-08,2019-03-11,2019-03-12,2019-03-13,89017.0,2019-02-27,252.0,0.0939%,0.0005,0.7427,-0.1334,0.47,1.0020%,1.2341%,34.0716%,0.000987,WLTW,89017.0,2019-02-28,252.0,0.8678%,0.0005,0.7441,-0.132,0.4683,1.0037%,1.2351%,33.9656%,0.0120819999999999,WLTW,89017.0,2019-03-01,252.0,0.3139%,0.0005,0.7375,-0.1419,0.4583,1.0014%,1.2289%,33.6055%,-5.3e-05,WLTW,89017.0,2019-03-04,252.0,0.2840%,0.0006,0.7329,-0.1301,0.4602,1.0001%,1.2232%,33.1519%,0.00423,WLTW,89017.0,2019-03-05,252.0,5.1950%,0.0008,0.7247,-0.1596,0.4347,1.0545%,1.2652%,30.5320%,0.053807,WLTW,89017.0,2019-03-06,252.0,-6.1305%,0.0006,0.7472,-0.0385,0.4765,1.1147%,1.3220%,28.9050%,-0.057492,WLTW,89017.0,2019-03-07,252.0,-0.3979%,0.0006,0.7458,-0.0389,0.4746,1.1149%,1.3222%,28.9039%,0.003603,WLTW,89017.0,2019-03-08,252.0,-0.5758%,0.0005,0.7471,-0.0506,0.4772,1.1132%,1.3217%,29.0624%,-0.003381,WLTW,89017.0,2019-03-11,252.0,0.7032%,0.0005,0.7459,-0.049,0.4787,1.1131%,1.3221%,29.1126%,-0.001526,WLTW,89017.0,2019-03-12,252.0,0.1819%,0.0004,0.734,-0.0463,0.4662,1.1095%,1.3100%,28.2588%,0.0001099999999999,WLTW,89017.0,2019-03-13,252.0,0.6268%,0.0005,0.7339,-0.0415,0.4672,1.1088%,1.3096%,28.3200%,0.000665,WLTW,0.0130689999999999,0.013016,0.017246,0.013561,0.013032
13411,WILLIS TOWERS WATSON PUB LTD CO,"Sidoti & Co. Maintains Buy on Weight Watchers Intl, Lowers Price Target to $47",6,uncertain,0.2,0.1,"the news pertains to weight watchers intl and does not directly impact willis towers watson pub ltd co, making the effect on its stock price uncertain.",1,2019-02-27,WTW,2019-02-27 13:56:00+00:00,89017.0,G9662910,0.000939009245485,688330.0,0.0086783803999423,-0.0062408405356109,0.0031391307711601,0.0021041592117398,0.0028396239504218,0.0041082045063376,0.0519502460956573,-0.0040332148782908,-0.061305146664381,0.0021087196655571,-0.0039794472977519,0.0068412576802074,-0.0057579069398343,0.0062907868996262,0.007032279856503,-0.0144469859078526,0.0018191277049481,-0.0015767592703923,0.0062675261870026,0.0071756332181394,0.0026777270250022,0.0131092648953199,0.0081276856362819,0.0310253910720348,0.002476291032508,-0.021579684689641,-0.0067785382270812,-0.0009008101769722,-0.0027183415368199,0.0069544864818453,0.0109610548242926,-0.0045150802470743,0.0016635685460641,0.0203944183886051,0.0067578759044408,0.0108668655157089,0.0099550606682896,0.0136589556932449,-0.0041117253713309,0.003917820751667,-0.0064475615508854,-0.0027727168053388,0.0035995291545987,0.0057038418017327,0.0026188825722783,-0.0024655419401824,0.0061892927624285,-0.0034650228917598,0.0034989300183951,0.0004411449772305,0.0038802560884505,0.0108307646587491,-0.0024087876081466,0.0002549614291638,0.0020776903256773,0.0148095013573765,-0.002353590214625,0.0069023733958601,0.0056731705553829,-0.0027274377644062,0.0040773628279566,0.0041734552942216,0.0052845133468508,0.0111433630809187,0.0001106920753954,-0.0060296119190752,0.0026004272513091,0.0063980030827224,-0.0237846300005912,0.007375419139862,0.0026568751782178,0.0270233862102031,-0.0006201759679242,-0.020978083834052,0.0154575519263744,-0.0143553791567683,-0.0024444579612463,0.0061618499457836,0.0033971965312957,0.0045076999813318,0.007659459952265,0.0133683020249009,-0.00016523701197,0.0153468381613493,0.0155354337766766,-0.0031278077512979,-0.0486600920557975,-0.0152001408860087,0.0178480073809623,-0.0131501052528619,0.0071148700080811,-0.0039491271600127,-0.0063414326868951,0.0042966282926499,-0.0236242581158876,-0.0161290057003498,0.0063069253228604,-0.0171940084546804,-0.002905786037445,0.004429908003658,0.0094285365194082,0.0055519733577966,-0.0166996717453002,0.0018756437348201,0.0096718939021229,-0.0120766730979085,0.0009122385527007,0.002562420675531,0.0143557274714112,-0.0076917642727494,-0.0115691199898719,-0.023768164217472,0.0021022448781877,0.0105989491567015,0.0109996171668171,0.0060571101494133,0.009590077213943,-0.0062699853442609,-0.0121653284877538,0.0156658384948968,0.0086783803999423,-0.0062408405356109,0.0118447537420598,-0.004149813045973,0.0147180123388943,-5.865682029138064e-05,0.0019937345894094,-0.0019915435689129,0.0073296578926107,0.0021174016301437,0.0537406460903682,0.10643547369928,0.0466192362126831,0.0893289586005567,2019-02-28,2019-03-01,2019-03-04,2019-03-05,2019-03-06,2019-03-07,2019-03-08,2019-03-11,2019-03-12,2019-03-13,89017.0,2019-02-27,252.0,0.0939%,0.0005,0.7427,-0.1334,0.47,1.0020%,1.2341%,34.0716%,0.000987,WLTW,89017.0,2019-02-28,252.0,0.8678%,0.0005,0.7441,-0.132,0.4683,1.0037%,1.2351%,33.9656%,0.0120819999999999,WLTW,89017.0,2019-03-01,252.0,0.3139%,0.0005,0.7375,-0.1419,0.4583,1.0014%,1.2289%,33.6055%,-5.3e-05,WLTW,89017.0,2019-03-04,252.0,0.2840%,0.0006,0.7329,-0.1301,0.4602,1.0001%,1.2232%,33.1519%,0.00423,WLTW,89017.0,2019-03-05,252.0,5.1950%,0.0008,0.7247,-0.1596,0.4347,1.0545%,1.2652%,30.5320%,0.053807,WLTW,89017.0,2019-03-06,252.0,-6.1305%,0.0006,0.7472,-0.0385,0.4765,1.1147%,1.3220%,28.9050%,-0.057492,WLTW,89017.0,2019-03-07,252.0,-0.3979%,0.0006,0.7458,-0.0389,0.4746,1.1149%,1.3222%,28.9039%,0.003603,WLTW,89017.0,2019-03-08,252.0,-0.5758%,0.0005,0.7471,-0.0506,0.4772,1.1132%,1.3217%,29.0624%,-0.003381,WLTW,89017.0,2019-03-11,252.0,0.7032%,0.0005,0.7459,-0.049,0.4787,1.1131%,1.3221%,29.1126%,-0.001526,WLTW,89017.0,2019-03-12,252.0,0.1819%,0.0004,0.734,-0.0463,0.4662,1.1095%,1.3100%,28.2588%,0.0001099999999999,WLTW,89017.0,2019-03-13,252.0,0.6268%,0.0005,0.7339,-0.0415,0.4672,1.1088%,1.3096%,28.3200%,0.000665,WLTW,0.0130689999999999,0.013016,0.017246,0.013561,0.013032
13419,WILLIS TOWERS WATSON PUB LTD CO,"UPDATE: KeyBanc Downgrades Weight Watchers As Firm Notes 'results missed our more conservative view by a significant amount' On 'combination of competitive pressures (Keto, digital upstarts), shifts away from meetings, and marketing/rebranding issues'",6,uncertain,0.3,0.2,"the news pertains to weight watchers and does not directly impact willis towers watson, making the effect on its stock price uncertain.",1,2019-02-27,WTW,2019-02-27 13:49:00+00:00,89017.0,G9662910,0.000939009245485,688330.0,0.0086783803999423,-0.0062408405356109,0.0031391307711601,0.0021041592117398,0.0028396239504218,0.0041082045063376,0.0519502460956573,-0.0040332148782908,-0.061305146664381,0.0021087196655571,-0.0039794472977519,0.0068412576802074,-0.0057579069398343,0.0062907868996262,0.007032279856503,-0.0144469859078526,0.0018191277049481,-0.0015767592703923,0.0062675261870026,0.0071756332181394,0.0026777270250022,0.0131092648953199,0.0081276856362819,0.0310253910720348,0.002476291032508,-0.021579684689641,-0.0067785382270812,-0.0009008101769722,-0.0027183415368199,0.0069544864818453,0.0109610548242926,-0.0045150802470743,0.0016635685460641,0.0203944183886051,0.0067578759044408,0.0108668655157089,0.0099550606682896,0.0136589556932449,-0.0041117253713309,0.003917820751667,-0.0064475615508854,-0.0027727168053388,0.0035995291545987,0.0057038418017327,0.0026188825722783,-0.0024655419401824,0.0061892927624285,-0.0034650228917598,0.0034989300183951,0.0004411449772305,0.0038802560884505,0.0108307646587491,-0.0024087876081466,0.0002549614291638,0.0020776903256773,0.0148095013573765,-0.002353590214625,0.0069023733958601,0.0056731705553829,-0.0027274377644062,0.0040773628279566,0.0041734552942216,0.0052845133468508,0.0111433630809187,0.0001106920753954,-0.0060296119190752,0.0026004272513091,0.0063980030827224,-0.0237846300005912,0.007375419139862,0.0026568751782178,0.0270233862102031,-0.0006201759679242,-0.020978083834052,0.0154575519263744,-0.0143553791567683,-0.0024444579612463,0.0061618499457836,0.0033971965312957,0.0045076999813318,0.007659459952265,0.0133683020249009,-0.00016523701197,0.0153468381613493,0.0155354337766766,-0.0031278077512979,-0.0486600920557975,-0.0152001408860087,0.0178480073809623,-0.0131501052528619,0.0071148700080811,-0.0039491271600127,-0.0063414326868951,0.0042966282926499,-0.0236242581158876,-0.0161290057003498,0.0063069253228604,-0.0171940084546804,-0.002905786037445,0.004429908003658,0.0094285365194082,0.0055519733577966,-0.0166996717453002,0.0018756437348201,0.0096718939021229,-0.0120766730979085,0.0009122385527007,0.002562420675531,0.0143557274714112,-0.0076917642727494,-0.0115691199898719,-0.023768164217472,0.0021022448781877,0.0105989491567015,0.0109996171668171,0.0060571101494133,0.009590077213943,-0.0062699853442609,-0.0121653284877538,0.0156658384948968,0.0086783803999423,-0.0062408405356109,0.0118447537420598,-0.004149813045973,0.0147180123388943,-5.865682029138064e-05,0.0019937345894094,-0.0019915435689129,0.0073296578926107,0.0021174016301437,0.0537406460903682,0.10643547369928,0.0466192362126831,0.0893289586005567,2019-02-28,2019-03-01,2019-03-04,2019-03-05,2019-03-06,2019-03-07,2019-03-08,2019-03-11,2019-03-12,2019-03-13,89017.0,2019-02-27,252.0,0.0939%,0.0005,0.7427,-0.1334,0.47,1.0020%,1.2341%,34.0716%,0.000987,WLTW,89017.0,2019-02-28,252.0,0.8678%,0.0005,0.7441,-0.132,0.4683,1.0037%,1.2351%,33.9656%,0.0120819999999999,WLTW,89017.0,2019-03-01,252.0,0.3139%,0.0005,0.7375,-0.1419,0.4583,1.0014%,1.2289%,33.6055%,-5.3e-05,WLTW,89017.0,2019-03-04,252.0,0.2840%,0.0006,0.7329,-0.1301,0.4602,1.0001%,1.2232%,33.1519%,0.00423,WLTW,89017.0,2019-03-05,252.0,5.1950%,0.0008,0.7247,-0.1596,0.4347,1.0545%,1.2652%,30.5320%,0.053807,WLTW,89017.0,2019-03-06,252.0,-6.1305%,0.0006,0.7472,-0.0385,0.4765,1.1147%,1.3220%,28.9050%,-0.057492,WLTW,89017.0,2019-03-07,252.0,-0.3979%,0.0006,0.7458,-0.0389,0.4746,1.1149%,1.3222%,28.9039%,0.003603,WLTW,89017.0,2019-03-08,252.0,-0.5758%,0.0005,0.7471,-0.0506,0.4772,1.1132%,1.3217%,29.0624%,-0.003381,WLTW,89017.0,2019-03-11,252.0,0.7032%,0.0005,0.7459,-0.049,0.4787,1.1131%,1.3221%,29.1126%,-0.001526,WLTW,89017.0,2019-03-12,252.0,0.1819%,0.0004,0.734,-0.0463,0.4662,1.1095%,1.3100%,28.2588%,0.0001099999999999,WLTW,89017.0,2019-03-13,252.0,0.6268%,0.0005,0.7339,-0.0415,0.4672,1.1088%,1.3096%,28.3200%,0.000665,WLTW,0.0130689999999999,0.013016,0.017246,0.013561,0.013032
13427,WILLIS TOWERS WATSON PUB LTD CO,Bank of America Downgrades Weight Watchers Intl to Underperform,6,uncertain,0.4,0.2,"the downgrade of weight watchers intl by bank of america does not directly relate to willis towers watson, making the impact on its stock price uncertain.",1,2019-02-27,WTW,2019-02-27 12:48:00+00:00,89017.0,G9662910,0.000939009245485,688330.0,0.0086783803999423,-0.0062408405356109,0.0031391307711601,0.0021041592117398,0.0028396239504218,0.0041082045063376,0.0519502460956573,-0.0040332148782908,-0.061305146664381,0.0021087196655571,-0.0039794472977519,0.0068412576802074,-0.0057579069398343,0.0062907868996262,0.007032279856503,-0.0144469859078526,0.0018191277049481,-0.0015767592703923,0.0062675261870026,0.0071756332181394,0.0026777270250022,0.0131092648953199,0.0081276856362819,0.0310253910720348,0.002476291032508,-0.021579684689641,-0.0067785382270812,-0.0009008101769722,-0.0027183415368199,0.0069544864818453,0.0109610548242926,-0.0045150802470743,0.0016635685460641,0.0203944183886051,0.0067578759044408,0.0108668655157089,0.0099550606682896,0.0136589556932449,-0.0041117253713309,0.003917820751667,-0.0064475615508854,-0.0027727168053388,0.0035995291545987,0.0057038418017327,0.0026188825722783,-0.0024655419401824,0.0061892927624285,-0.0034650228917598,0.0034989300183951,0.0004411449772305,0.0038802560884505,0.0108307646587491,-0.0024087876081466,0.0002549614291638,0.0020776903256773,0.0148095013573765,-0.002353590214625,0.0069023733958601,0.0056731705553829,-0.0027274377644062,0.0040773628279566,0.0041734552942216,0.0052845133468508,0.0111433630809187,0.0001106920753954,-0.0060296119190752,0.0026004272513091,0.0063980030827224,-0.0237846300005912,0.007375419139862,0.0026568751782178,0.0270233862102031,-0.0006201759679242,-0.020978083834052,0.0154575519263744,-0.0143553791567683,-0.0024444579612463,0.0061618499457836,0.0033971965312957,0.0045076999813318,0.007659459952265,0.0133683020249009,-0.00016523701197,0.0153468381613493,0.0155354337766766,-0.0031278077512979,-0.0486600920557975,-0.0152001408860087,0.0178480073809623,-0.0131501052528619,0.0071148700080811,-0.0039491271600127,-0.0063414326868951,0.0042966282926499,-0.0236242581158876,-0.0161290057003498,0.0063069253228604,-0.0171940084546804,-0.002905786037445,0.004429908003658,0.0094285365194082,0.0055519733577966,-0.0166996717453002,0.0018756437348201,0.0096718939021229,-0.0120766730979085,0.0009122385527007,0.002562420675531,0.0143557274714112,-0.0076917642727494,-0.0115691199898719,-0.023768164217472,0.0021022448781877,0.0105989491567015,0.0109996171668171,0.0060571101494133,0.009590077213943,-0.0062699853442609,-0.0121653284877538,0.0156658384948968,0.0086783803999423,-0.0062408405356109,0.0118447537420598,-0.004149813045973,0.0147180123388943,-5.865682029138064e-05,0.0019937345894094,-0.0019915435689129,0.0073296578926107,0.0021174016301437,0.0537406460903682,0.10643547369928,0.0466192362126831,0.0893289586005567,2019-02-28,2019-03-01,2019-03-04,2019-03-05,2019-03-06,2019-03-07,2019-03-08,2019-03-11,2019-03-12,2019-03-13,89017.0,2019-02-27,252.0,0.0939%,0.0005,0.7427,-0.1334,0.47,1.0020%,1.2341%,34.0716%,0.000987,WLTW,89017.0,2019-02-28,252.0,0.8678%,0.0005,0.7441,-0.132,0.4683,1.0037%,1.2351%,33.9656%,0.0120819999999999,WLTW,89017.0,2019-03-01,252.0,0.3139%,0.0005,0.7375,-0.1419,0.4583,1.0014%,1.2289%,33.6055%,-5.3e-05,WLTW,89017.0,2019-03-04,252.0,0.2840%,0.0006,0.7329,-0.1301,0.4602,1.0001%,1.2232%,33.1519%,0.00423,WLTW,89017.0,2019-03-05,252.0,5.1950%,0.0008,0.7247,-0.1596,0.4347,1.0545%,1.2652%,30.5320%,0.053807,WLTW,89017.0,2019-03-06,252.0,-6.1305%,0.0006,0.7472,-0.0385,0.4765,1.1147%,1.3220%,28.9050%,-0.057492,WLTW,89017.0,2019-03-07,252.0,-0.3979%,0.0006,0.7458,-0.0389,0.4746,1.1149%,1.3222%,28.9039%,0.003603,WLTW,89017.0,2019-03-08,252.0,-0.5758%,0.0005,0.7471,-0.0506,0.4772,1.1132%,1.3217%,29.0624%,-0.003381,WLTW,89017.0,2019-03-11,252.0,0.7032%,0.0005,0.7459,-0.049,0.4787,1.1131%,1.3221%,29.1126%,-0.001526,WLTW,89017.0,2019-03-12,252.0,0.1819%,0.0004,0.734,-0.0463,0.4662,1.1095%,1.3100%,28.2588%,0.0001099999999999,WLTW,89017.0,2019-03-13,252.0,0.6268%,0.0005,0.7339,-0.0415,0.4672,1.1088%,1.3096%,28.3200%,0.000665,WLTW,0.0130689999999999,0.013016,0.017246,0.013561,0.013032
13435,WILLIS TOWERS WATSON PUB LTD CO,Craig-Hallum Downgrades Weight Watchers Intl to Hold,6,uncertain,0.4,0.2,"the downgrade of weight watchers intl by craig-hallum does not directly relate to willis towers watson, making the impact on its stock price uncertain.",1,2019-02-27,WTW,2019-02-27 12:27:00+00:00,89017.0,G9662910,0.000939009245485,688330.0,0.0086783803999423,-0.0062408405356109,0.0031391307711601,0.0021041592117398,0.0028396239504218,0.0041082045063376,0.0519502460956573,-0.0040332148782908,-0.061305146664381,0.0021087196655571,-0.0039794472977519,0.0068412576802074,-0.0057579069398343,0.0062907868996262,0.007032279856503,-0.0144469859078526,0.0018191277049481,-0.0015767592703923,0.0062675261870026,0.0071756332181394,0.0026777270250022,0.0131092648953199,0.0081276856362819,0.0310253910720348,0.002476291032508,-0.021579684689641,-0.0067785382270812,-0.0009008101769722,-0.0027183415368199,0.0069544864818453,0.0109610548242926,-0.0045150802470743,0.0016635685460641,0.0203944183886051,0.0067578759044408,0.0108668655157089,0.0099550606682896,0.0136589556932449,-0.0041117253713309,0.003917820751667,-0.0064475615508854,-0.0027727168053388,0.0035995291545987,0.0057038418017327,0.0026188825722783,-0.0024655419401824,0.0061892927624285,-0.0034650228917598,0.0034989300183951,0.0004411449772305,0.0038802560884505,0.0108307646587491,-0.0024087876081466,0.0002549614291638,0.0020776903256773,0.0148095013573765,-0.002353590214625,0.0069023733958601,0.0056731705553829,-0.0027274377644062,0.0040773628279566,0.0041734552942216,0.0052845133468508,0.0111433630809187,0.0001106920753954,-0.0060296119190752,0.0026004272513091,0.0063980030827224,-0.0237846300005912,0.007375419139862,0.0026568751782178,0.0270233862102031,-0.0006201759679242,-0.020978083834052,0.0154575519263744,-0.0143553791567683,-0.0024444579612463,0.0061618499457836,0.0033971965312957,0.0045076999813318,0.007659459952265,0.0133683020249009,-0.00016523701197,0.0153468381613493,0.0155354337766766,-0.0031278077512979,-0.0486600920557975,-0.0152001408860087,0.0178480073809623,-0.0131501052528619,0.0071148700080811,-0.0039491271600127,-0.0063414326868951,0.0042966282926499,-0.0236242581158876,-0.0161290057003498,0.0063069253228604,-0.0171940084546804,-0.002905786037445,0.004429908003658,0.0094285365194082,0.0055519733577966,-0.0166996717453002,0.0018756437348201,0.0096718939021229,-0.0120766730979085,0.0009122385527007,0.002562420675531,0.0143557274714112,-0.0076917642727494,-0.0115691199898719,-0.023768164217472,0.0021022448781877,0.0105989491567015,0.0109996171668171,0.0060571101494133,0.009590077213943,-0.0062699853442609,-0.0121653284877538,0.0156658384948968,0.0086783803999423,-0.0062408405356109,0.0118447537420598,-0.004149813045973,0.0147180123388943,-5.865682029138064e-05,0.0019937345894094,-0.0019915435689129,0.0073296578926107,0.0021174016301437,0.0537406460903682,0.10643547369928,0.0466192362126831,0.0893289586005567,2019-02-28,2019-03-01,2019-03-04,2019-03-05,2019-03-06,2019-03-07,2019-03-08,2019-03-11,2019-03-12,2019-03-13,89017.0,2019-02-27,252.0,0.0939%,0.0005,0.7427,-0.1334,0.47,1.0020%,1.2341%,34.0716%,0.000987,WLTW,89017.0,2019-02-28,252.0,0.8678%,0.0005,0.7441,-0.132,0.4683,1.0037%,1.2351%,33.9656%,0.0120819999999999,WLTW,89017.0,2019-03-01,252.0,0.3139%,0.0005,0.7375,-0.1419,0.4583,1.0014%,1.2289%,33.6055%,-5.3e-05,WLTW,89017.0,2019-03-04,252.0,0.2840%,0.0006,0.7329,-0.1301,0.4602,1.0001%,1.2232%,33.1519%,0.00423,WLTW,89017.0,2019-03-05,252.0,5.1950%,0.0008,0.7247,-0.1596,0.4347,1.0545%,1.2652%,30.5320%,0.053807,WLTW,89017.0,2019-03-06,252.0,-6.1305%,0.0006,0.7472,-0.0385,0.4765,1.1147%,1.3220%,28.9050%,-0.057492,WLTW,89017.0,2019-03-07,252.0,-0.3979%,0.0006,0.7458,-0.0389,0.4746,1.1149%,1.3222%,28.9039%,0.003603,WLTW,89017.0,2019-03-08,252.0,-0.5758%,0.0005,0.7471,-0.0506,0.4772,1.1132%,1.3217%,29.0624%,-0.003381,WLTW,89017.0,2019-03-11,252.0,0.7032%,0.0005,0.7459,-0.049,0.4787,1.1131%,1.3221%,29.1126%,-0.001526,WLTW,89017.0,2019-03-12,252.0,0.1819%,0.0004,0.734,-0.0463,0.4662,1.1095%,1.3100%,28.2588%,0.0001099999999999,WLTW,89017.0,2019-03-13,252.0,0.6268%,0.0005,0.7339,-0.0415,0.4672,1.1088%,1.3096%,28.3200%,0.000665,WLTW,0.0130689999999999,0.013016,0.017246,0.013561,0.013032
13443,WILLIS TOWERS WATSON PUB LTD CO,SunTrust Robinson Humphrey Downgrades Weight Watchers Intl to Hold,6,uncertain,0.5,0.5,"the downgrade of weight watchers intl by suntrust robinson humphrey does not directly relate to willis towers watson, making the impact on its stock price uncertain.",1,2019-02-27,WTW,2019-02-27 11:40:00+00:00,89017.0,G9662910,0.000939009245485,688330.0,0.0086783803999423,-0.0062408405356109,0.0031391307711601,0.0021041592117398,0.0028396239504218,0.0041082045063376,0.0519502460956573,-0.0040332148782908,-0.061305146664381,0.0021087196655571,-0.0039794472977519,0.0068412576802074,-0.0057579069398343,0.0062907868996262,0.007032279856503,-0.0144469859078526,0.0018191277049481,-0.0015767592703923,0.0062675261870026,0.0071756332181394,0.0026777270250022,0.0131092648953199,0.0081276856362819,0.0310253910720348,0.002476291032508,-0.021579684689641,-0.0067785382270812,-0.0009008101769722,-0.0027183415368199,0.0069544864818453,0.0109610548242926,-0.0045150802470743,0.0016635685460641,0.0203944183886051,0.0067578759044408,0.0108668655157089,0.0099550606682896,0.0136589556932449,-0.0041117253713309,0.003917820751667,-0.0064475615508854,-0.0027727168053388,0.0035995291545987,0.0057038418017327,0.0026188825722783,-0.0024655419401824,0.0061892927624285,-0.0034650228917598,0.0034989300183951,0.0004411449772305,0.0038802560884505,0.0108307646587491,-0.0024087876081466,0.0002549614291638,0.0020776903256773,0.0148095013573765,-0.002353590214625,0.0069023733958601,0.0056731705553829,-0.0027274377644062,0.0040773628279566,0.0041734552942216,0.0052845133468508,0.0111433630809187,0.0001106920753954,-0.0060296119190752,0.0026004272513091,0.0063980030827224,-0.0237846300005912,0.007375419139862,0.0026568751782178,0.0270233862102031,-0.0006201759679242,-0.020978083834052,0.0154575519263744,-0.0143553791567683,-0.0024444579612463,0.0061618499457836,0.0033971965312957,0.0045076999813318,0.007659459952265,0.0133683020249009,-0.00016523701197,0.0153468381613493,0.0155354337766766,-0.0031278077512979,-0.0486600920557975,-0.0152001408860087,0.0178480073809623,-0.0131501052528619,0.0071148700080811,-0.0039491271600127,-0.0063414326868951,0.0042966282926499,-0.0236242581158876,-0.0161290057003498,0.0063069253228604,-0.0171940084546804,-0.002905786037445,0.004429908003658,0.0094285365194082,0.0055519733577966,-0.0166996717453002,0.0018756437348201,0.0096718939021229,-0.0120766730979085,0.0009122385527007,0.002562420675531,0.0143557274714112,-0.0076917642727494,-0.0115691199898719,-0.023768164217472,0.0021022448781877,0.0105989491567015,0.0109996171668171,0.0060571101494133,0.009590077213943,-0.0062699853442609,-0.0121653284877538,0.0156658384948968,0.0086783803999423,-0.0062408405356109,0.0118447537420598,-0.004149813045973,0.0147180123388943,-5.865682029138064e-05,0.0019937345894094,-0.0019915435689129,0.0073296578926107,0.0021174016301437,0.0537406460903682,0.10643547369928,0.0466192362126831,0.0893289586005567,2019-02-28,2019-03-01,2019-03-04,2019-03-05,2019-03-06,2019-03-07,2019-03-08,2019-03-11,2019-03-12,2019-03-13,89017.0,2019-02-27,252.0,0.0939%,0.0005,0.7427,-0.1334,0.47,1.0020%,1.2341%,34.0716%,0.000987,WLTW,89017.0,2019-02-28,252.0,0.8678%,0.0005,0.7441,-0.132,0.4683,1.0037%,1.2351%,33.9656%,0.0120819999999999,WLTW,89017.0,2019-03-01,252.0,0.3139%,0.0005,0.7375,-0.1419,0.4583,1.0014%,1.2289%,33.6055%,-5.3e-05,WLTW,89017.0,2019-03-04,252.0,0.2840%,0.0006,0.7329,-0.1301,0.4602,1.0001%,1.2232%,33.1519%,0.00423,WLTW,89017.0,2019-03-05,252.0,5.1950%,0.0008,0.7247,-0.1596,0.4347,1.0545%,1.2652%,30.5320%,0.053807,WLTW,89017.0,2019-03-06,252.0,-6.1305%,0.0006,0.7472,-0.0385,0.4765,1.1147%,1.3220%,28.9050%,-0.057492,WLTW,89017.0,2019-03-07,252.0,-0.3979%,0.0006,0.7458,-0.0389,0.4746,1.1149%,1.3222%,28.9039%,0.003603,WLTW,89017.0,2019-03-08,252.0,-0.5758%,0.0005,0.7471,-0.0506,0.4772,1.1132%,1.3217%,29.0624%,-0.003381,WLTW,89017.0,2019-03-11,252.0,0.7032%,0.0005,0.7459,-0.049,0.4787,1.1131%,1.3221%,29.1126%,-0.001526,WLTW,89017.0,2019-03-12,252.0,0.1819%,0.0004,0.734,-0.0463,0.4662,1.1095%,1.3100%,28.2588%,0.0001099999999999,WLTW,89017.0,2019-03-13,252.0,0.6268%,0.0005,0.7339,-0.0415,0.4672,1.1088%,1.3096%,28.3200%,0.000665,WLTW,0.0130689999999999,0.013016,0.017246,0.013561,0.013032
13451,WILLIS TOWERS WATSON PUB LTD CO,"B. Riley FBR Downgrades Weight Watchers Intl to Neutral, Lowers Price Target to $22",6,uncertain,0.3,0.2,"the news pertains to weight watchers intl and does not directly impact willis towers watson, making the effect on its stock price uncertain.",1,2019-02-27,WTW,2019-02-27 11:25:00+00:00,89017.0,G9662910,0.000939009245485,688330.0,0.0086783803999423,-0.0062408405356109,0.0031391307711601,0.0021041592117398,0.0028396239504218,0.0041082045063376,0.0519502460956573,-0.0040332148782908,-0.061305146664381,0.0021087196655571,-0.0039794472977519,0.0068412576802074,-0.0057579069398343,0.0062907868996262,0.007032279856503,-0.0144469859078526,0.0018191277049481,-0.0015767592703923,0.0062675261870026,0.0071756332181394,0.0026777270250022,0.0131092648953199,0.0081276856362819,0.0310253910720348,0.002476291032508,-0.021579684689641,-0.0067785382270812,-0.0009008101769722,-0.0027183415368199,0.0069544864818453,0.0109610548242926,-0.0045150802470743,0.0016635685460641,0.0203944183886051,0.0067578759044408,0.0108668655157089,0.0099550606682896,0.0136589556932449,-0.0041117253713309,0.003917820751667,-0.0064475615508854,-0.0027727168053388,0.0035995291545987,0.0057038418017327,0.0026188825722783,-0.0024655419401824,0.0061892927624285,-0.0034650228917598,0.0034989300183951,0.0004411449772305,0.0038802560884505,0.0108307646587491,-0.0024087876081466,0.0002549614291638,0.0020776903256773,0.0148095013573765,-0.002353590214625,0.0069023733958601,0.0056731705553829,-0.0027274377644062,0.0040773628279566,0.0041734552942216,0.0052845133468508,0.0111433630809187,0.0001106920753954,-0.0060296119190752,0.0026004272513091,0.0063980030827224,-0.0237846300005912,0.007375419139862,0.0026568751782178,0.0270233862102031,-0.0006201759679242,-0.020978083834052,0.0154575519263744,-0.0143553791567683,-0.0024444579612463,0.0061618499457836,0.0033971965312957,0.0045076999813318,0.007659459952265,0.0133683020249009,-0.00016523701197,0.0153468381613493,0.0155354337766766,-0.0031278077512979,-0.0486600920557975,-0.0152001408860087,0.0178480073809623,-0.0131501052528619,0.0071148700080811,-0.0039491271600127,-0.0063414326868951,0.0042966282926499,-0.0236242581158876,-0.0161290057003498,0.0063069253228604,-0.0171940084546804,-0.002905786037445,0.004429908003658,0.0094285365194082,0.0055519733577966,-0.0166996717453002,0.0018756437348201,0.0096718939021229,-0.0120766730979085,0.0009122385527007,0.002562420675531,0.0143557274714112,-0.0076917642727494,-0.0115691199898719,-0.023768164217472,0.0021022448781877,0.0105989491567015,0.0109996171668171,0.0060571101494133,0.009590077213943,-0.0062699853442609,-0.0121653284877538,0.0156658384948968,0.0086783803999423,-0.0062408405356109,0.0118447537420598,-0.004149813045973,0.0147180123388943,-5.865682029138064e-05,0.0019937345894094,-0.0019915435689129,0.0073296578926107,0.0021174016301437,0.0537406460903682,0.10643547369928,0.0466192362126831,0.0893289586005567,2019-02-28,2019-03-01,2019-03-04,2019-03-05,2019-03-06,2019-03-07,2019-03-08,2019-03-11,2019-03-12,2019-03-13,89017.0,2019-02-27,252.0,0.0939%,0.0005,0.7427,-0.1334,0.47,1.0020%,1.2341%,34.0716%,0.000987,WLTW,89017.0,2019-02-28,252.0,0.8678%,0.0005,0.7441,-0.132,0.4683,1.0037%,1.2351%,33.9656%,0.0120819999999999,WLTW,89017.0,2019-03-01,252.0,0.3139%,0.0005,0.7375,-0.1419,0.4583,1.0014%,1.2289%,33.6055%,-5.3e-05,WLTW,89017.0,2019-03-04,252.0,0.2840%,0.0006,0.7329,-0.1301,0.4602,1.0001%,1.2232%,33.1519%,0.00423,WLTW,89017.0,2019-03-05,252.0,5.1950%,0.0008,0.7247,-0.1596,0.4347,1.0545%,1.2652%,30.5320%,0.053807,WLTW,89017.0,2019-03-06,252.0,-6.1305%,0.0006,0.7472,-0.0385,0.4765,1.1147%,1.3220%,28.9050%,-0.057492,WLTW,89017.0,2019-03-07,252.0,-0.3979%,0.0006,0.7458,-0.0389,0.4746,1.1149%,1.3222%,28.9039%,0.003603,WLTW,89017.0,2019-03-08,252.0,-0.5758%,0.0005,0.7471,-0.0506,0.4772,1.1132%,1.3217%,29.0624%,-0.003381,WLTW,89017.0,2019-03-11,252.0,0.7032%,0.0005,0.7459,-0.049,0.4787,1.1131%,1.3221%,29.1126%,-0.001526,WLTW,89017.0,2019-03-12,252.0,0.1819%,0.0004,0.734,-0.0463,0.4662,1.1095%,1.3100%,28.2588%,0.0001099999999999,WLTW,89017.0,2019-03-13,252.0,0.6268%,0.0005,0.7339,-0.0415,0.4672,1.1088%,1.3096%,28.3200%,0.000665,WLTW,0.0130689999999999,0.013016,0.017246,0.013561,0.013032
13459,WILLIS TOWERS WATSON PUB LTD CO,Oppenheimer Downgrades Weight Watchers Intl to Market Perform,6,uncertain,0.3,0.2,"the downgrade of weight watchers intl by oppenheimer does not directly relate to willis towers watson, making the impact on its stock price uncertain.",1,2019-02-27,WTW,2019-02-27 11:24:00+00:00,89017.0,G9662910,0.000939009245485,688330.0,0.0086783803999423,-0.0062408405356109,0.0031391307711601,0.0021041592117398,0.0028396239504218,0.0041082045063376,0.0519502460956573,-0.0040332148782908,-0.061305146664381,0.0021087196655571,-0.0039794472977519,0.0068412576802074,-0.0057579069398343,0.0062907868996262,0.007032279856503,-0.0144469859078526,0.0018191277049481,-0.0015767592703923,0.0062675261870026,0.0071756332181394,0.0026777270250022,0.0131092648953199,0.0081276856362819,0.0310253910720348,0.002476291032508,-0.021579684689641,-0.0067785382270812,-0.0009008101769722,-0.0027183415368199,0.0069544864818453,0.0109610548242926,-0.0045150802470743,0.0016635685460641,0.0203944183886051,0.0067578759044408,0.0108668655157089,0.0099550606682896,0.0136589556932449,-0.0041117253713309,0.003917820751667,-0.0064475615508854,-0.0027727168053388,0.0035995291545987,0.0057038418017327,0.0026188825722783,-0.0024655419401824,0.0061892927624285,-0.0034650228917598,0.0034989300183951,0.0004411449772305,0.0038802560884505,0.0108307646587491,-0.0024087876081466,0.0002549614291638,0.0020776903256773,0.0148095013573765,-0.002353590214625,0.0069023733958601,0.0056731705553829,-0.0027274377644062,0.0040773628279566,0.0041734552942216,0.0052845133468508,0.0111433630809187,0.0001106920753954,-0.0060296119190752,0.0026004272513091,0.0063980030827224,-0.0237846300005912,0.007375419139862,0.0026568751782178,0.0270233862102031,-0.0006201759679242,-0.020978083834052,0.0154575519263744,-0.0143553791567683,-0.0024444579612463,0.0061618499457836,0.0033971965312957,0.0045076999813318,0.007659459952265,0.0133683020249009,-0.00016523701197,0.0153468381613493,0.0155354337766766,-0.0031278077512979,-0.0486600920557975,-0.0152001408860087,0.0178480073809623,-0.0131501052528619,0.0071148700080811,-0.0039491271600127,-0.0063414326868951,0.0042966282926499,-0.0236242581158876,-0.0161290057003498,0.0063069253228604,-0.0171940084546804,-0.002905786037445,0.004429908003658,0.0094285365194082,0.0055519733577966,-0.0166996717453002,0.0018756437348201,0.0096718939021229,-0.0120766730979085,0.0009122385527007,0.002562420675531,0.0143557274714112,-0.0076917642727494,-0.0115691199898719,-0.023768164217472,0.0021022448781877,0.0105989491567015,0.0109996171668171,0.0060571101494133,0.009590077213943,-0.0062699853442609,-0.0121653284877538,0.0156658384948968,0.0086783803999423,-0.0062408405356109,0.0118447537420598,-0.004149813045973,0.0147180123388943,-5.865682029138064e-05,0.0019937345894094,-0.0019915435689129,0.0073296578926107,0.0021174016301437,0.0537406460903682,0.10643547369928,0.0466192362126831,0.0893289586005567,2019-02-28,2019-03-01,2019-03-04,2019-03-05,2019-03-06,2019-03-07,2019-03-08,2019-03-11,2019-03-12,2019-03-13,89017.0,2019-02-27,252.0,0.0939%,0.0005,0.7427,-0.1334,0.47,1.0020%,1.2341%,34.0716%,0.000987,WLTW,89017.0,2019-02-28,252.0,0.8678%,0.0005,0.7441,-0.132,0.4683,1.0037%,1.2351%,33.9656%,0.0120819999999999,WLTW,89017.0,2019-03-01,252.0,0.3139%,0.0005,0.7375,-0.1419,0.4583,1.0014%,1.2289%,33.6055%,-5.3e-05,WLTW,89017.0,2019-03-04,252.0,0.2840%,0.0006,0.7329,-0.1301,0.4602,1.0001%,1.2232%,33.1519%,0.00423,WLTW,89017.0,2019-03-05,252.0,5.1950%,0.0008,0.7247,-0.1596,0.4347,1.0545%,1.2652%,30.5320%,0.053807,WLTW,89017.0,2019-03-06,252.0,-6.1305%,0.0006,0.7472,-0.0385,0.4765,1.1147%,1.3220%,28.9050%,-0.057492,WLTW,89017.0,2019-03-07,252.0,-0.3979%,0.0006,0.7458,-0.0389,0.4746,1.1149%,1.3222%,28.9039%,0.003603,WLTW,89017.0,2019-03-08,252.0,-0.5758%,0.0005,0.7471,-0.0506,0.4772,1.1132%,1.3217%,29.0624%,-0.003381,WLTW,89017.0,2019-03-11,252.0,0.7032%,0.0005,0.7459,-0.049,0.4787,1.1131%,1.3221%,29.1126%,-0.001526,WLTW,89017.0,2019-03-12,252.0,0.1819%,0.0004,0.734,-0.0463,0.4662,1.1095%,1.3100%,28.2588%,0.0001099999999999,WLTW,89017.0,2019-03-13,252.0,0.6268%,0.0005,0.7339,-0.0415,0.4672,1.1088%,1.3096%,28.3200%,0.000665,WLTW,0.0130689999999999,0.013016,0.017246,0.013561,0.013032
13467,WILLIS TOWERS WATSON PUB LTD CO,KeyBanc Downgrades Weight Watchers Intl to Sector Weight,6,uncertain,0.4,0.2,"the downgrade of weight watchers intl by keybanc does not directly relate to willis towers watson, making the impact on its stock price uncertain.",1,2019-02-27,WTW,2019-02-27 11:08:00+00:00,89017.0,G9662910,0.000939009245485,688330.0,0.0086783803999423,-0.0062408405356109,0.0031391307711601,0.0021041592117398,0.0028396239504218,0.0041082045063376,0.0519502460956573,-0.0040332148782908,-0.061305146664381,0.0021087196655571,-0.0039794472977519,0.0068412576802074,-0.0057579069398343,0.0062907868996262,0.007032279856503,-0.0144469859078526,0.0018191277049481,-0.0015767592703923,0.0062675261870026,0.0071756332181394,0.0026777270250022,0.0131092648953199,0.0081276856362819,0.0310253910720348,0.002476291032508,-0.021579684689641,-0.0067785382270812,-0.0009008101769722,-0.0027183415368199,0.0069544864818453,0.0109610548242926,-0.0045150802470743,0.0016635685460641,0.0203944183886051,0.0067578759044408,0.0108668655157089,0.0099550606682896,0.0136589556932449,-0.0041117253713309,0.003917820751667,-0.0064475615508854,-0.0027727168053388,0.0035995291545987,0.0057038418017327,0.0026188825722783,-0.0024655419401824,0.0061892927624285,-0.0034650228917598,0.0034989300183951,0.0004411449772305,0.0038802560884505,0.0108307646587491,-0.0024087876081466,0.0002549614291638,0.0020776903256773,0.0148095013573765,-0.002353590214625,0.0069023733958601,0.0056731705553829,-0.0027274377644062,0.0040773628279566,0.0041734552942216,0.0052845133468508,0.0111433630809187,0.0001106920753954,-0.0060296119190752,0.0026004272513091,0.0063980030827224,-0.0237846300005912,0.007375419139862,0.0026568751782178,0.0270233862102031,-0.0006201759679242,-0.020978083834052,0.0154575519263744,-0.0143553791567683,-0.0024444579612463,0.0061618499457836,0.0033971965312957,0.0045076999813318,0.007659459952265,0.0133683020249009,-0.00016523701197,0.0153468381613493,0.0155354337766766,-0.0031278077512979,-0.0486600920557975,-0.0152001408860087,0.0178480073809623,-0.0131501052528619,0.0071148700080811,-0.0039491271600127,-0.0063414326868951,0.0042966282926499,-0.0236242581158876,-0.0161290057003498,0.0063069253228604,-0.0171940084546804,-0.002905786037445,0.004429908003658,0.0094285365194082,0.0055519733577966,-0.0166996717453002,0.0018756437348201,0.0096718939021229,-0.0120766730979085,0.0009122385527007,0.002562420675531,0.0143557274714112,-0.0076917642727494,-0.0115691199898719,-0.023768164217472,0.0021022448781877,0.0105989491567015,0.0109996171668171,0.0060571101494133,0.009590077213943,-0.0062699853442609,-0.0121653284877538,0.0156658384948968,0.0086783803999423,-0.0062408405356109,0.0118447537420598,-0.004149813045973,0.0147180123388943,-5.865682029138064e-05,0.0019937345894094,-0.0019915435689129,0.0073296578926107,0.0021174016301437,0.0537406460903682,0.10643547369928,0.0466192362126831,0.0893289586005567,2019-02-28,2019-03-01,2019-03-04,2019-03-05,2019-03-06,2019-03-07,2019-03-08,2019-03-11,2019-03-12,2019-03-13,89017.0,2019-02-27,252.0,0.0939%,0.0005,0.7427,-0.1334,0.47,1.0020%,1.2341%,34.0716%,0.000987,WLTW,89017.0,2019-02-28,252.0,0.8678%,0.0005,0.7441,-0.132,0.4683,1.0037%,1.2351%,33.9656%,0.0120819999999999,WLTW,89017.0,2019-03-01,252.0,0.3139%,0.0005,0.7375,-0.1419,0.4583,1.0014%,1.2289%,33.6055%,-5.3e-05,WLTW,89017.0,2019-03-04,252.0,0.2840%,0.0006,0.7329,-0.1301,0.4602,1.0001%,1.2232%,33.1519%,0.00423,WLTW,89017.0,2019-03-05,252.0,5.1950%,0.0008,0.7247,-0.1596,0.4347,1.0545%,1.2652%,30.5320%,0.053807,WLTW,89017.0,2019-03-06,252.0,-6.1305%,0.0006,0.7472,-0.0385,0.4765,1.1147%,1.3220%,28.9050%,-0.057492,WLTW,89017.0,2019-03-07,252.0,-0.3979%,0.0006,0.7458,-0.0389,0.4746,1.1149%,1.3222%,28.9039%,0.003603,WLTW,89017.0,2019-03-08,252.0,-0.5758%,0.0005,0.7471,-0.0506,0.4772,1.1132%,1.3217%,29.0624%,-0.003381,WLTW,89017.0,2019-03-11,252.0,0.7032%,0.0005,0.7459,-0.049,0.4787,1.1131%,1.3221%,29.1126%,-0.001526,WLTW,89017.0,2019-03-12,252.0,0.1819%,0.0004,0.734,-0.0463,0.4662,1.1095%,1.3100%,28.2588%,0.0001099999999999,WLTW,89017.0,2019-03-13,252.0,0.6268%,0.0005,0.7339,-0.0415,0.4672,1.1088%,1.3096%,28.3200%,0.000665,WLTW,0.0130689999999999,0.013016,0.017246,0.013561,0.013032
13475,SELECT SECTOR SPDR TRUST,This Day In Market History: The Original Glass-Steagall Act Is Passed,6,uncertain,0.5,0.5,"the passing of the glass-steagall act historically relates to banking regulations, which may have mixed implications for financial sector etfs like select sector spdr trust, leading to uncertainty in its stock price movement.",1,2019-02-27,XLF,2019-02-27 13:01:00+00:00,86455.0,81369Y60,0.0037750238552689,42542398.0,-0.0026325571816414,-0.0030109116341918,0.0064102592878043,0.0041572414338588,-0.0063694296404719,-0.0015094685368239,-0.003770753275603,-0.0052552325651049,-0.0064345221035182,0.0064223678782582,-0.0102857314050197,0.0015133941778913,-0.0003849202767014,0.0212519764900207,0.0103966295719146,-0.0122138010337948,0.0022865650244057,0.0026789745315909,0.0068441182374954,0.0147572485730052,0.0037764494773,0.00311647541821,0.0069472244940698,-0.0050387275405228,0.0101389586925506,-0.0099769849330186,-0.0078066573478281,-0.0011498921085149,-0.0206070113927125,-0.0026758292224258,-0.0030604409985244,0.004222672432661,-0.0276285242289304,0.0042405049316585,-0.0043409871868789,-0.001539607765153,0.0118906516581773,0.0058071860112249,-0.0043086800724267,-0.0034722280688583,0.0086545757949352,-0.0030769200529903,0.0027300973888486,0.0081426547840237,0.0245041269809007,0.0023319616448134,-0.0007593188202008,0.0011672676773741,0.0030395109206438,-0.0115384319797158,0.0060606002807617,0.0172144193202257,0.0015060586156323,0.0055074505507946,0.001127773663029,0.0212937202304601,-0.0082613341510295,0.0089176855981349,0.0030291527509689,0.0069387787953019,0.0060400092042982,0.002454969799146,0.0183864831924438,0.0004093421448487,-0.0062638199888169,0.0049362750723958,0.0140897696837782,0.0008233243715949,0.0025594038888812,0.0012366317678242,-0.0029175756499171,0.0332197919487953,-0.0029261128511279,-0.0224813036620616,0.0062362463213503,0.0083963377401232,-0.0010937181068584,0.0097498744726181,0.001824859296903,-0.0004237385001033,0.0091074677184224,0.0120068909600377,0.010108258575201,0.0452711917459964,0.0014296253211796,-0.0210619326680898,-0.0082084061577916,-0.0198740046471357,0.0010794810950756,-0.0088945776224136,0.0089863408356904,-0.0125470198690891,-0.006768811494112,-0.0037500064354389,-0.016499251127243,-0.0099009806290268,-0.0021881642751395,-0.009803912602365,-0.0021930325310677,-0.0072992825880646,0.0065934178419411,0.0057095997035503,-0.0291120540350675,-0.0096930442377924,0.0078710298985242,-0.0139386849477887,-0.0037187978159636,-0.0191406160593032,0.0100783333182334,-0.0138674387708306,-0.0066518960520625,-0.0434782728552818,0.0011160969734191,0.0063033029437065,0.0104050794616341,0.0052180169150233,-0.0058845104649662,-0.0084996139630675,-0.0140584930777549,0.019209049642086,-0.0026325571816414,-0.0030109116341918,0.0037608267320385,0.0011338127130675,-0.002632557229693,-0.0003773672783734,-0.0127867675157589,0.000755589295821,-0.0041369159210347,0.0287378542539722,0.0012767842018515,0.0812244798631618,0.0073245045374381,0.0040858748440397,2019-02-28,2019-03-01,2019-03-04,2019-03-05,2019-03-06,2019-03-07,2019-03-08,2019-03-11,2019-03-12,2019-03-13,86455.0,2019-02-27,252.0,0.3775%,-0.0,1.1395,-0.1481,0.8888,0.3645%,1.1628%,90.1720%,0.004002,XLF,86455.0,2019-02-28,252.0,-0.2633%,-0.0,1.1411,-0.1469,0.8893,0.3641%,1.1614%,90.1732%,0.003052,XLF,86455.0,2019-03-01,252.0,0.6410%,-0.0,1.1421,-0.1455,0.8897,0.3643%,1.1589%,90.1193%,0.002087,XLF,86455.0,2019-03-04,252.0,-0.6369%,-0.0,1.1416,-0.1399,0.8889,0.3652%,1.1545%,89.9962%,-0.004573,XLF,86455.0,2019-03-05,252.0,-0.3771%,-0.0,1.1415,-0.1406,0.8889,0.3652%,1.1546%,89.9985%,-0.0002199999999999,XLF,86455.0,2019-03-06,252.0,-0.6435%,-0.0,1.1415,-0.1429,0.8886,0.3652%,1.1518%,89.9476%,0.000937,XLF,86455.0,2019-03-07,252.0,-1.0286%,-0.0,1.1407,-0.1433,0.8873,0.3654%,1.1532%,89.9620%,0.001817,XLF,86455.0,2019-03-08,252.0,-0.0385%,-0.0,1.1404,-0.1462,0.887,0.3657%,1.1531%,89.9439%,0.0036149999999999,XLF,86455.0,2019-03-11,252.0,1.0397%,-0.0,1.1395,-0.1456,0.8877,0.3657%,1.1549%,89.9730%,-0.0015459999999999,XLF,86455.0,2019-03-12,252.0,0.2287%,-0.0,1.1379,-0.1451,0.8861,0.3655%,1.1447%,89.8032%,-0.00035,XLF,86455.0,2019-03-13,252.0,0.6844%,-0.0,1.1371,-0.1435,0.8857,0.3657%,1.1454%,89.8055%,-0.002157,XLF,0.007054,0.009141,0.004568,0.005285,0.006664
13483,EXXON MOBIL CORP,Exxon Adds Veteran Oil Traders In Houston As It Bulks Up Trading,6,increase,0.7,0.6,"the addition of veteran oil traders suggests that exxon mobil corp is strengthening its trading operations, which could lead to improved profitability and investor confidence.",2,2019-02-27,XOM,2019-02-27 17:29:00+00:00,11850.0,30231G10,0.0102974511682987,12398206.0,-0.0055367113091051,0.0020382632501423,0.0122738359495997,0.0010201713303104,0.0038749694358557,0.0077100805938243,-0.0014941492117941,-0.0090411193668842,-0.0113480938598513,0.0038347872905433,0.0110999606549739,0.0066916006617248,-0.0143463257700204,0.0188803263008594,0.0097455587238073,0.0002622510655783,0.0027575986459851,0.0112731894478201,0.0088749881833791,0.017543900758028,-0.0033452687785029,0.0016219939570873,-0.0036051827482879,0.0016068966360762,0.0116032473742961,-0.0077066412195563,-0.0025900232139974,-0.0043655801564455,0.0055644484236836,0.0102913212031126,0.0057796509936451,-0.0144889159128069,-0.016016598790884,0.036026194691658,-0.0069583146832883,0.013694810681045,0.0130130248144269,0.0109075475484132,-0.0076581370085477,0.0037900656461715,0.0049788593314588,-0.0066927406005561,0.0007431903504766,0.0044817882589995,0.0115099046379327,0.001402503112331,-0.0042824675329029,-0.0082069318741559,-0.0058982027694582,-0.0150705371052026,0.0142150986939668,0.0119229257106781,0.0053625204600393,0.0068397247232496,0.0061825937591493,-0.000418568146415,-0.0128915626555681,0.000558438070584,-0.0045160837471485,-0.0012549353996291,0.0047817486338317,-0.0045801778323948,-0.012568624690175,-0.0051090186461806,-0.0033365874551236,0.0052748089656233,0.0068195341154932,0.0072707533836364,0.0028325538150966,0.0052002123557031,-0.0036841833498328,0.0368696972727775,0.0218168906867504,-0.0153537048026919,0.0057900571264326,0.0219973586499691,-0.0194290615618228,0.0002934468793682,0.0056262118741869,-0.0111691942438483,-0.0210411492735147,0.0043706740252673,-0.0064603881910443,0.0477789230644702,0.003876422997564,-0.0383147448301315,-0.0200548153370618,-0.0074310726486146,-0.0175415948033332,-0.0303758345544338,0.0023288950324058,-0.0169444605708122,-0.0043888469226658,-0.0275526866316795,-0.0053156493231654,-0.0203757733106613,0.0015640655765309,-0.0181865617632865,-0.0009109799284487,0.0126283448189497,0.008597120642662,-0.0086072469130158,-0.0111023839563131,0.0018291010055691,0.0013208093587309,-0.0141679346561431,0.0073869568295776,-0.0095675466582179,-0.0001309694343945,-0.0130933010950684,-0.0058930977247655,-0.0220389179885387,-0.0001317630812991,0.0216352362185716,0.0046113105490803,0.0055654244497418,-0.0090492125600576,0.007775661535561,-0.0234250482171773,0.0181699395179748,-0.0055367113091051,0.0020382632501423,0.0066691679541863,0.003060513958184,0.0105699802120271,0.0107941913612845,-0.0023908701473733,0.0054966161276588,0.0156033440859855,0.0615385325363,0.0262991844132249,0.1089218611042051,-0.0609220754002204,0.0322112150325994,2019-02-28,2019-03-01,2019-03-04,2019-03-05,2019-03-06,2019-03-07,2019-03-08,2019-03-11,2019-03-12,2019-03-13,11850.0,2019-02-27,252.0,1.0297%,0.0004,0.9624,-0.0422,0.5528,0.9325%,1.3151%,49.7234%,0.010086,XOM,11850.0,2019-02-28,252.0,-0.5537%,0.0004,0.9596,-0.0441,0.5512,0.9319%,1.3111%,49.4840%,-0.001263,XOM,11850.0,2019-03-01,252.0,1.2274%,0.0005,0.9544,-0.0518,0.5398,0.9303%,1.3052%,49.1883%,0.007607,XOM,11850.0,2019-03-04,252.0,0.3875%,0.0005,0.9558,-0.0615,0.5407,0.9307%,1.3045%,49.0957%,0.006436,XOM,11850.0,2019-03-05,252.0,-0.1494%,0.0005,0.9555,-0.0634,0.5403,0.9307%,1.3042%,49.0802%,0.001148,XOM,11850.0,2019-03-06,252.0,-1.1348%,0.0005,0.9589,-0.0545,0.5453,0.9310%,1.3051%,49.1086%,-0.0044269999999999,XOM,11850.0,2019-03-07,252.0,1.1100%,0.0006,0.951,-0.0537,0.535,0.9390%,1.3068%,48.3717%,0.020634,XOM,11850.0,2019-03-08,252.0,-1.4346%,0.0006,0.951,-0.0278,0.5337,0.9301%,1.3001%,48.8179%,-0.011408,XOM,11850.0,2019-03-11,252.0,0.9746%,0.0006,0.95,-0.0328,0.5314,0.9298%,1.3013%,48.9450%,-0.0016389999999999,XOM,11850.0,2019-03-12,252.0,0.2758%,0.0007,0.9606,-0.035,0.5427,0.9264%,1.3009%,49.2889%,0.000626,XOM,11850.0,2019-03-13,252.0,0.8875%,0.0006,0.9613,-0.043,0.5415,0.9243%,1.3009%,49.5108%,0.001706,XOM,0.008823,0.01643,0.022866,0.019587,0.0295059999999999
13491,APPLIED OPTOELECTRONICS INC,"UPDATE: DA Davidson Downgrades Applied Optoelectronics As Firm Notes 'With inventory levels growing at data center customers, visibility to overall revenue growth is muted",6,decrease,0.8,0.7,"the downgrade by da davidson, citing growing inventory levels and muted revenue growth visibility, is likely to negatively impact investor sentiment and lead to a decrease in stock price.",0,2019-02-22,AAOI,2019-02-22 18:52:00+00:00,14145.0,03823U10,0.0561643615365028,3755146.0,0.0898184329271316,-0.0006844131276011,-0.0163641534745693,-0.0214333981275558,-0.0108893103897571,-0.0066533219069242,-0.174311950802803,0.0210597459226846,-0.019259275868535,-0.0147255230695009,0.0551359914243221,0.0190995726734399,-0.02362204156816,-0.0703868493437767,-0.024926695972681,-0.0069269305095076,-0.0218045078217983,0.0034755328670144,-0.0099923219531774,-0.089994229376316,0.0326087027788162,0.0057836016640067,0.0142856827005744,-0.0281056761741638,0.0437361113727092,0.0289184488356113,-0.0170454382896423,-0.005178265273571,0.0115606822073459,0.0034641723614186,0.0049999780021607,0.0278931334614753,-0.0177683010697364,-0.0023682066239416,-0.0274963900446891,-0.0320917665958404,0.0230655074119567,0.0436603762209415,-0.0756363645195961,0.0314620770514011,-0.0306845270097255,-0.0036878532264381,0.0024351207539439,-0.0192887093871831,-0.0121457949280738,0.0342892259359359,-0.0008196909329853,0.0056427028030157,0.0008203633478842,-0.0129950521513819,0.0327869318425655,0.0131661463528871,-0.0373016074299812,-0.0268456134945154,0.0272052697837352,0.0073754717595875,0.0232744757086038,0.0093051865696907,-0.0023529201280325,0.0068707438185811,-0.0172956176102161,0.0210459139198064,-0.0351999662816524,0.0090090315788984,0.0199004784226417,0.0318724773824214,0.0056910319253802,-0.0516372583806514,0.0582053586840629,0.0291639529168605,-0.0557678006589412,0.0266134776175022,0.0226537771522998,0.0073726312257349,-0.0055380258709192,-0.0006698076613247,0.0015911263180896,0.0787572339177131,-0.0174742061644792,-0.0474879294633865,0.0024252007715404,-0.0453351214528083,0.0306451711803674,0.0207914430648088,-0.0289514791220426,-0.0324464626610279,0.0136986365541815,-0.0993571430444717,-0.0111288027837872,-0.0278408955782651,0.0064309388399124,-0.0785340294241905,-0.0199680496007204,-0.0372983738780021,-0.0146699510514736,0.0035407026298344,0.0421836413443088,0.0015197916654869,0.0071427933871746,0.0313479825854301,-0.0480693206191062,-0.043956097215414,-0.0016555880429223,-0.0538752079010009,-0.0936981812119484,-0.0194624681025743,-0.0201281122863292,0.0480815805494785,-0.0513538941740989,0.0152859687805175,0.0216535702347755,-0.0183929894119501,-0.0356454588472843,0.0329999923706054,-0.0299700479954481,-0.0200881846249103,-0.0556127652525901,0.003935067448765,0.0109051670879125,0.0034550689160823,0.0898184329271316,-0.0006844131276011,0.0719844768312973,-0.0221031419561094,0.0603113051300798,-0.0286094045444451,-0.1413748605035971,-0.022757643582119,-0.1647211395062338,-0.1604369833540975,-0.1750972669398443,-0.0880699475838321,-0.3988326593815987,-0.2793682078213922,2019-02-25,2019-02-26,2019-02-27,2019-02-28,2019-03-01,2019-03-04,2019-03-05,2019-03-06,2019-03-07,2019-03-08,14145.0,2019-02-22,252.0,5.6164%,-0.003,1.0636,1.5421,-0.4265,3.9781%,4.2774%,13.5068%,0.035335,AAOI,14145.0,2019-02-25,252.0,8.9818%,-0.0018,1.0393,1.4717,-0.5534,3.8093%,4.1235%,14.6577%,0.091365,AAOI,14145.0,2019-02-26,252.0,-1.6364%,-0.0019,1.0349,1.4834,-0.5507,3.8090%,4.1227%,14.6390%,-0.007209,AAOI,14145.0,2019-02-27,252.0,-1.0889%,-0.0019,1.0361,1.4773,-0.5506,3.8099%,4.1232%,14.6174%,-0.0154,AAOI,14145.0,2019-02-28,252.0,-17.4312%,-0.0025,1.0678,1.4934,-0.4876,3.9589%,4.2626%,13.7428%,-0.172872,AAOI,14145.0,2019-03-01,252.0,-1.9259%,-0.0028,1.0863,1.521,-0.4446,3.9550%,4.2613%,13.8612%,-0.033319,AAOI,14145.0,2019-03-04,252.0,5.5136%,-0.0025,1.076,1.4911,-0.4273,3.9803%,4.2765%,13.3742%,0.068513,AAOI,14145.0,2019-03-05,252.0,-2.3622%,-0.0025,1.0832,1.5363,-0.4164,3.9794%,4.2785%,13.4906%,-0.018286,AAOI,14145.0,2019-03-06,252.0,-2.4927%,-0.0024,1.0898,1.5159,-0.4117,3.9781%,4.2802%,13.6150%,0.003606,AAOI,14145.0,2019-03-07,252.0,-2.1805%,-0.0024,1.0983,1.5364,-0.3946,3.9777%,4.2820%,13.7082%,-0.013255,AAOI,14145.0,2019-03-08,252.0,-0.9992%,-0.0023,1.0968,1.5766,-0.3991,3.9712%,4.2799%,13.9072%,-0.009105,AAOI,0.1267,0.119491,0.104091,-0.1020999999999999,-0.0706269999999999
13499,APPLIED OPTOELECTRONICS INC,Needham Downgrades Applied Optoelectronics to Hold,6,decrease,0.8,0.7,"a downgrade from needham typically signals reduced confidence in the company's future performance, which is likely to lead to a decrease in stock price.",0,2019-02-22,AAOI,2019-02-22 16:09:00+00:00,14145.0,03823U10,0.0561643615365028,3755146.0,0.0898184329271316,-0.0006844131276011,-0.0163641534745693,-0.0214333981275558,-0.0108893103897571,-0.0066533219069242,-0.174311950802803,0.0210597459226846,-0.019259275868535,-0.0147255230695009,0.0551359914243221,0.0190995726734399,-0.02362204156816,-0.0703868493437767,-0.024926695972681,-0.0069269305095076,-0.0218045078217983,0.0034755328670144,-0.0099923219531774,-0.089994229376316,0.0326087027788162,0.0057836016640067,0.0142856827005744,-0.0281056761741638,0.0437361113727092,0.0289184488356113,-0.0170454382896423,-0.005178265273571,0.0115606822073459,0.0034641723614186,0.0049999780021607,0.0278931334614753,-0.0177683010697364,-0.0023682066239416,-0.0274963900446891,-0.0320917665958404,0.0230655074119567,0.0436603762209415,-0.0756363645195961,0.0314620770514011,-0.0306845270097255,-0.0036878532264381,0.0024351207539439,-0.0192887093871831,-0.0121457949280738,0.0342892259359359,-0.0008196909329853,0.0056427028030157,0.0008203633478842,-0.0129950521513819,0.0327869318425655,0.0131661463528871,-0.0373016074299812,-0.0268456134945154,0.0272052697837352,0.0073754717595875,0.0232744757086038,0.0093051865696907,-0.0023529201280325,0.0068707438185811,-0.0172956176102161,0.0210459139198064,-0.0351999662816524,0.0090090315788984,0.0199004784226417,0.0318724773824214,0.0056910319253802,-0.0516372583806514,0.0582053586840629,0.0291639529168605,-0.0557678006589412,0.0266134776175022,0.0226537771522998,0.0073726312257349,-0.0055380258709192,-0.0006698076613247,0.0015911263180896,0.0787572339177131,-0.0174742061644792,-0.0474879294633865,0.0024252007715404,-0.0453351214528083,0.0306451711803674,0.0207914430648088,-0.0289514791220426,-0.0324464626610279,0.0136986365541815,-0.0993571430444717,-0.0111288027837872,-0.0278408955782651,0.0064309388399124,-0.0785340294241905,-0.0199680496007204,-0.0372983738780021,-0.0146699510514736,0.0035407026298344,0.0421836413443088,0.0015197916654869,0.0071427933871746,0.0313479825854301,-0.0480693206191062,-0.043956097215414,-0.0016555880429223,-0.0538752079010009,-0.0936981812119484,-0.0194624681025743,-0.0201281122863292,0.0480815805494785,-0.0513538941740989,0.0152859687805175,0.0216535702347755,-0.0183929894119501,-0.0356454588472843,0.0329999923706054,-0.0299700479954481,-0.0200881846249103,-0.0556127652525901,0.003935067448765,0.0109051670879125,0.0034550689160823,0.0898184329271316,-0.0006844131276011,0.0719844768312973,-0.0221031419561094,0.0603113051300798,-0.0286094045444451,-0.1413748605035971,-0.022757643582119,-0.1647211395062338,-0.1604369833540975,-0.1750972669398443,-0.0880699475838321,-0.3988326593815987,-0.2793682078213922,2019-02-25,2019-02-26,2019-02-27,2019-02-28,2019-03-01,2019-03-04,2019-03-05,2019-03-06,2019-03-07,2019-03-08,14145.0,2019-02-22,252.0,5.6164%,-0.003,1.0636,1.5421,-0.4265,3.9781%,4.2774%,13.5068%,0.035335,AAOI,14145.0,2019-02-25,252.0,8.9818%,-0.0018,1.0393,1.4717,-0.5534,3.8093%,4.1235%,14.6577%,0.091365,AAOI,14145.0,2019-02-26,252.0,-1.6364%,-0.0019,1.0349,1.4834,-0.5507,3.8090%,4.1227%,14.6390%,-0.007209,AAOI,14145.0,2019-02-27,252.0,-1.0889%,-0.0019,1.0361,1.4773,-0.5506,3.8099%,4.1232%,14.6174%,-0.0154,AAOI,14145.0,2019-02-28,252.0,-17.4312%,-0.0025,1.0678,1.4934,-0.4876,3.9589%,4.2626%,13.7428%,-0.172872,AAOI,14145.0,2019-03-01,252.0,-1.9259%,-0.0028,1.0863,1.521,-0.4446,3.9550%,4.2613%,13.8612%,-0.033319,AAOI,14145.0,2019-03-04,252.0,5.5136%,-0.0025,1.076,1.4911,-0.4273,3.9803%,4.2765%,13.3742%,0.068513,AAOI,14145.0,2019-03-05,252.0,-2.3622%,-0.0025,1.0832,1.5363,-0.4164,3.9794%,4.2785%,13.4906%,-0.018286,AAOI,14145.0,2019-03-06,252.0,-2.4927%,-0.0024,1.0898,1.5159,-0.4117,3.9781%,4.2802%,13.6150%,0.003606,AAOI,14145.0,2019-03-07,252.0,-2.1805%,-0.0024,1.0983,1.5364,-0.3946,3.9777%,4.2820%,13.7082%,-0.013255,AAOI,14145.0,2019-03-08,252.0,-0.9992%,-0.0023,1.0968,1.5766,-0.3991,3.9712%,4.2799%,13.9072%,-0.009105,AAOI,0.1267,0.119491,0.104091,-0.1020999999999999,-0.0706269999999999
13507,APPLIED OPTOELECTRONICS INC,"DA Davidson: Near-Term Applied Optoelectronics Outlook Blurred By Inventory Congestion, China Weakness",6,decrease,0.8,0.7,"the mention of inventory congestion and weakness in china suggests potential challenges for applied optoelectronics, likely leading to a negative impact on its stock price.",0,2019-02-22,AAOI,2019-02-22 15:38:00+00:00,14145.0,03823U10,0.0561643615365028,3755146.0,0.0898184329271316,-0.0006844131276011,-0.0163641534745693,-0.0214333981275558,-0.0108893103897571,-0.0066533219069242,-0.174311950802803,0.0210597459226846,-0.019259275868535,-0.0147255230695009,0.0551359914243221,0.0190995726734399,-0.02362204156816,-0.0703868493437767,-0.024926695972681,-0.0069269305095076,-0.0218045078217983,0.0034755328670144,-0.0099923219531774,-0.089994229376316,0.0326087027788162,0.0057836016640067,0.0142856827005744,-0.0281056761741638,0.0437361113727092,0.0289184488356113,-0.0170454382896423,-0.005178265273571,0.0115606822073459,0.0034641723614186,0.0049999780021607,0.0278931334614753,-0.0177683010697364,-0.0023682066239416,-0.0274963900446891,-0.0320917665958404,0.0230655074119567,0.0436603762209415,-0.0756363645195961,0.0314620770514011,-0.0306845270097255,-0.0036878532264381,0.0024351207539439,-0.0192887093871831,-0.0121457949280738,0.0342892259359359,-0.0008196909329853,0.0056427028030157,0.0008203633478842,-0.0129950521513819,0.0327869318425655,0.0131661463528871,-0.0373016074299812,-0.0268456134945154,0.0272052697837352,0.0073754717595875,0.0232744757086038,0.0093051865696907,-0.0023529201280325,0.0068707438185811,-0.0172956176102161,0.0210459139198064,-0.0351999662816524,0.0090090315788984,0.0199004784226417,0.0318724773824214,0.0056910319253802,-0.0516372583806514,0.0582053586840629,0.0291639529168605,-0.0557678006589412,0.0266134776175022,0.0226537771522998,0.0073726312257349,-0.0055380258709192,-0.0006698076613247,0.0015911263180896,0.0787572339177131,-0.0174742061644792,-0.0474879294633865,0.0024252007715404,-0.0453351214528083,0.0306451711803674,0.0207914430648088,-0.0289514791220426,-0.0324464626610279,0.0136986365541815,-0.0993571430444717,-0.0111288027837872,-0.0278408955782651,0.0064309388399124,-0.0785340294241905,-0.0199680496007204,-0.0372983738780021,-0.0146699510514736,0.0035407026298344,0.0421836413443088,0.0015197916654869,0.0071427933871746,0.0313479825854301,-0.0480693206191062,-0.043956097215414,-0.0016555880429223,-0.0538752079010009,-0.0936981812119484,-0.0194624681025743,-0.0201281122863292,0.0480815805494785,-0.0513538941740989,0.0152859687805175,0.0216535702347755,-0.0183929894119501,-0.0356454588472843,0.0329999923706054,-0.0299700479954481,-0.0200881846249103,-0.0556127652525901,0.003935067448765,0.0109051670879125,0.0034550689160823,0.0898184329271316,-0.0006844131276011,0.0719844768312973,-0.0221031419561094,0.0603113051300798,-0.0286094045444451,-0.1413748605035971,-0.022757643582119,-0.1647211395062338,-0.1604369833540975,-0.1750972669398443,-0.0880699475838321,-0.3988326593815987,-0.2793682078213922,2019-02-25,2019-02-26,2019-02-27,2019-02-28,2019-03-01,2019-03-04,2019-03-05,2019-03-06,2019-03-07,2019-03-08,14145.0,2019-02-22,252.0,5.6164%,-0.003,1.0636,1.5421,-0.4265,3.9781%,4.2774%,13.5068%,0.035335,AAOI,14145.0,2019-02-25,252.0,8.9818%,-0.0018,1.0393,1.4717,-0.5534,3.8093%,4.1235%,14.6577%,0.091365,AAOI,14145.0,2019-02-26,252.0,-1.6364%,-0.0019,1.0349,1.4834,-0.5507,3.8090%,4.1227%,14.6390%,-0.007209,AAOI,14145.0,2019-02-27,252.0,-1.0889%,-0.0019,1.0361,1.4773,-0.5506,3.8099%,4.1232%,14.6174%,-0.0154,AAOI,14145.0,2019-02-28,252.0,-17.4312%,-0.0025,1.0678,1.4934,-0.4876,3.9589%,4.2626%,13.7428%,-0.172872,AAOI,14145.0,2019-03-01,252.0,-1.9259%,-0.0028,1.0863,1.521,-0.4446,3.9550%,4.2613%,13.8612%,-0.033319,AAOI,14145.0,2019-03-04,252.0,5.5136%,-0.0025,1.076,1.4911,-0.4273,3.9803%,4.2765%,13.3742%,0.068513,AAOI,14145.0,2019-03-05,252.0,-2.3622%,-0.0025,1.0832,1.5363,-0.4164,3.9794%,4.2785%,13.4906%,-0.018286,AAOI,14145.0,2019-03-06,252.0,-2.4927%,-0.0024,1.0898,1.5159,-0.4117,3.9781%,4.2802%,13.6150%,0.003606,AAOI,14145.0,2019-03-07,252.0,-2.1805%,-0.0024,1.0983,1.5364,-0.3946,3.9777%,4.2820%,13.7082%,-0.013255,AAOI,14145.0,2019-03-08,252.0,-0.9992%,-0.0023,1.0968,1.5766,-0.3991,3.9712%,4.2799%,13.9072%,-0.009105,AAOI,0.1267,0.119491,0.104091,-0.1020999999999999,-0.0706269999999999
13515,APPLIED OPTOELECTRONICS INC,"DA Davidson Downgrades Applied Optoelectronics to Neutral, Lowers Price Target to $16",6,decrease,0.8,0.7,"a downgrade to 'neutral' and a lowered price target typically signal reduced investor confidence, which is likely to lead to a decrease in stock price.",0,2019-02-22,AAOI,2019-02-22 12:30:00+00:00,14145.0,03823U10,0.0561643615365028,3755146.0,0.0898184329271316,-0.0006844131276011,-0.0163641534745693,-0.0214333981275558,-0.0108893103897571,-0.0066533219069242,-0.174311950802803,0.0210597459226846,-0.019259275868535,-0.0147255230695009,0.0551359914243221,0.0190995726734399,-0.02362204156816,-0.0703868493437767,-0.024926695972681,-0.0069269305095076,-0.0218045078217983,0.0034755328670144,-0.0099923219531774,-0.089994229376316,0.0326087027788162,0.0057836016640067,0.0142856827005744,-0.0281056761741638,0.0437361113727092,0.0289184488356113,-0.0170454382896423,-0.005178265273571,0.0115606822073459,0.0034641723614186,0.0049999780021607,0.0278931334614753,-0.0177683010697364,-0.0023682066239416,-0.0274963900446891,-0.0320917665958404,0.0230655074119567,0.0436603762209415,-0.0756363645195961,0.0314620770514011,-0.0306845270097255,-0.0036878532264381,0.0024351207539439,-0.0192887093871831,-0.0121457949280738,0.0342892259359359,-0.0008196909329853,0.0056427028030157,0.0008203633478842,-0.0129950521513819,0.0327869318425655,0.0131661463528871,-0.0373016074299812,-0.0268456134945154,0.0272052697837352,0.0073754717595875,0.0232744757086038,0.0093051865696907,-0.0023529201280325,0.0068707438185811,-0.0172956176102161,0.0210459139198064,-0.0351999662816524,0.0090090315788984,0.0199004784226417,0.0318724773824214,0.0056910319253802,-0.0516372583806514,0.0582053586840629,0.0291639529168605,-0.0557678006589412,0.0266134776175022,0.0226537771522998,0.0073726312257349,-0.0055380258709192,-0.0006698076613247,0.0015911263180896,0.0787572339177131,-0.0174742061644792,-0.0474879294633865,0.0024252007715404,-0.0453351214528083,0.0306451711803674,0.0207914430648088,-0.0289514791220426,-0.0324464626610279,0.0136986365541815,-0.0993571430444717,-0.0111288027837872,-0.0278408955782651,0.0064309388399124,-0.0785340294241905,-0.0199680496007204,-0.0372983738780021,-0.0146699510514736,0.0035407026298344,0.0421836413443088,0.0015197916654869,0.0071427933871746,0.0313479825854301,-0.0480693206191062,-0.043956097215414,-0.0016555880429223,-0.0538752079010009,-0.0936981812119484,-0.0194624681025743,-0.0201281122863292,0.0480815805494785,-0.0513538941740989,0.0152859687805175,0.0216535702347755,-0.0183929894119501,-0.0356454588472843,0.0329999923706054,-0.0299700479954481,-0.0200881846249103,-0.0556127652525901,0.003935067448765,0.0109051670879125,0.0034550689160823,0.0898184329271316,-0.0006844131276011,0.0719844768312973,-0.0221031419561094,0.0603113051300798,-0.0286094045444451,-0.1413748605035971,-0.022757643582119,-0.1647211395062338,-0.1604369833540975,-0.1750972669398443,-0.0880699475838321,-0.3988326593815987,-0.2793682078213922,2019-02-25,2019-02-26,2019-02-27,2019-02-28,2019-03-01,2019-03-04,2019-03-05,2019-03-06,2019-03-07,2019-03-08,14145.0,2019-02-22,252.0,5.6164%,-0.003,1.0636,1.5421,-0.4265,3.9781%,4.2774%,13.5068%,0.035335,AAOI,14145.0,2019-02-25,252.0,8.9818%,-0.0018,1.0393,1.4717,-0.5534,3.8093%,4.1235%,14.6577%,0.091365,AAOI,14145.0,2019-02-26,252.0,-1.6364%,-0.0019,1.0349,1.4834,-0.5507,3.8090%,4.1227%,14.6390%,-0.007209,AAOI,14145.0,2019-02-27,252.0,-1.0889%,-0.0019,1.0361,1.4773,-0.5506,3.8099%,4.1232%,14.6174%,-0.0154,AAOI,14145.0,2019-02-28,252.0,-17.4312%,-0.0025,1.0678,1.4934,-0.4876,3.9589%,4.2626%,13.7428%,-0.172872,AAOI,14145.0,2019-03-01,252.0,-1.9259%,-0.0028,1.0863,1.521,-0.4446,3.9550%,4.2613%,13.8612%,-0.033319,AAOI,14145.0,2019-03-04,252.0,5.5136%,-0.0025,1.076,1.4911,-0.4273,3.9803%,4.2765%,13.3742%,0.068513,AAOI,14145.0,2019-03-05,252.0,-2.3622%,-0.0025,1.0832,1.5363,-0.4164,3.9794%,4.2785%,13.4906%,-0.018286,AAOI,14145.0,2019-03-06,252.0,-2.4927%,-0.0024,1.0898,1.5159,-0.4117,3.9781%,4.2802%,13.6150%,0.003606,AAOI,14145.0,2019-03-07,252.0,-2.1805%,-0.0024,1.0983,1.5364,-0.3946,3.9777%,4.2820%,13.7082%,-0.013255,AAOI,14145.0,2019-03-08,252.0,-0.9992%,-0.0023,1.0968,1.5766,-0.3991,3.9712%,4.2799%,13.9072%,-0.009105,AAOI,0.1267,0.119491,0.104091,-0.1020999999999999,-0.0706269999999999
13523,ABBVIE INC,Abbvie And Voyager Earlier Announced Parkinson's Collaboration With AbbVie; Voyager Will Receive $65M Upfront And Up To $245M In Preclinical And Phase 1 Option Payments,6,increase,0.7,0.6,"the collaboration with voyager and the substantial upfront payment, along with potential future payments, suggest a positive outlook for abbvie's pipeline, which could boost investor confidence and stock price.",2,2019-02-22,ABBV,2019-02-22 14:29:00+00:00,13721.0,00287Y10,0.0161269418895244,5022750.0,0.0033742100931704,-0.0155019117519259,0.0027400823310017,-0.0065822005271911,-0.0136628793552517,-0.004081655293703,-0.0021408612374216,0.0040983837097883,0.0108531126752495,-0.0033420505933463,-0.0079900054261088,0.0107594216242432,-0.0069216638803482,0.002005812479183,-0.0103916777297854,0.0012551584513857,0.001920880167745,0.0063155237585306,-0.0084355324506759,0.0011380417272448,0.0064449599012732,-0.0076546692289412,0.0084528177976608,0.0147714717313647,0.0024130358360707,-0.024472065269947,0.0129228001460433,0.0026155072264373,0.017385859042406,0.0155578469857573,-0.0084828482940793,0.020524026826024,0.002107850741595,0.0042779599316418,-0.0048255305737257,-0.0422150678932666,0.0100708389654755,-0.0621797442436218,-0.0182175748050212,-0.0290559604763984,-0.0031344031449407,-0.002368674846366,0.0157212931662797,-0.0093854339793324,-0.0107726939022541,0.0263761822134256,0.0008762009674683,0.0192868951708078,0.0078789051622152,0.000584830995649,0.002357643097639,0.0087305074557662,0.0283486135303974,-0.0280828382819891,0.0001204061190946,0.0012471724767237,-0.003249930916354,0.00444140098989,0.0077285282313823,-0.0328230336308479,0.0063511854968965,0.0046475394628942,-0.0153608107939362,0.0145952962338924,0.0031442071776837,0.0322169288992881,-0.0142254410311579,-0.0329485870897769,0.0009783806744962,-0.0321075916290283,0.0030948254279792,0.0117427529767155,-0.0101197054609656,0.0134578915312886,-0.0278019662946462,0.0097709205001592,-0.0052578053437173,0.0579847544431686,0.0074771409854292,-0.0089495349675416,0.0065259388647973,-0.0052712261676788,0.0001270595821551,0.0221504569053649,0.0085165649652481,-0.0007179371314123,0.0045374417677521,-0.0158954244107008,0.0075283078476786,-0.0079430006444454,-0.0113325482234358,-0.0239425208419561,-0.0062980223447084,-0.0100451400503516,-0.0053238454274833,0.0048769456334412,0.0030584663618355,0.0063919364474713,0.006987715139985,0.0074747186154127,-0.016527947038412,-0.0373076796531677,0.0005131612415425,-0.0024296103511005,-0.0010256982641294,-0.0332052148878574,-0.0059043345972895,-0.0064707011915743,-0.0074886279180645,0.048492856323719,0.0204240884631872,0.0109062427654862,0.0043344763107597,0.0143704619258642,0.0091393906623125,0.0166976172477006,-0.0005031561595387,0.0071236789226531,0.0045305890962481,-0.0060360333882272,0.0033742100931704,-0.0155019117519259,0.0061235380376294,-0.0219820755874111,-0.0076230064790577,-0.0259740076259262,0.0009997735219988,-0.0252506607511967,-0.0304923131806572,-0.0041730127760909,0.04286429004918,-0.1216639521251982,0.0107134114219982,-0.0743571776985483,2019-02-25,2019-02-26,2019-02-27,2019-02-28,2019-03-01,2019-03-04,2019-03-05,2019-03-06,2019-03-07,2019-03-08,13721.0,2019-02-22,252.0,1.6127%,-0.0014,1.0016,-0.3468,-0.0907,1.7100%,2.0254%,28.7148%,0.010375,ABBV,13721.0,2019-02-25,252.0,0.3374%,-0.0014,1.0014,-0.348,-0.0922,1.7100%,2.0255%,28.7258%,0.000707,ABBV,13721.0,2019-02-26,252.0,0.2740%,-0.0014,1.004,-0.3549,-0.0937,1.7098%,2.0244%,28.6679%,0.00171,ABBV,13721.0,2019-02-27,252.0,-1.3663%,-0.0015,0.9985,-0.3489,-0.0947,1.7101%,2.0199%,28.3271%,-0.014105,ABBV,13721.0,2019-02-28,252.0,-0.2141%,-0.0014,0.9907,-0.3542,-0.1009,1.7079%,2.0134%,28.0456%,0.000688,ABBV,13721.0,2019-03-01,252.0,1.0853%,-0.0013,0.9858,-0.3615,-0.1111,1.7071%,2.0111%,27.9505%,0.004254,ABBV,13721.0,2019-03-04,252.0,-0.7990%,-0.0013,0.9858,-0.3593,-0.1117,1.7071%,2.0090%,27.7943%,-0.003967,ABBV,13721.0,2019-03-05,252.0,-0.6922%,-0.0014,0.9847,-0.3711,-0.1104,1.7066%,2.0080%,27.7681%,-0.0067179999999999,ABBV,13721.0,2019-03-06,252.0,-1.0392%,-0.0014,0.9896,-0.3622,-0.1037,1.7066%,2.0084%,27.7938%,-0.006842,ABBV,13721.0,2019-03-07,252.0,0.1921%,-0.0013,0.9869,-0.3542,-0.1051,1.7070%,2.0078%,27.7215%,0.00935,ABBV,13721.0,2019-03-08,252.0,-0.8436%,-0.0014,0.9879,-0.3593,-0.1032,1.7071%,2.0083%,27.7500%,-0.006356,ABBV,0.011082,0.012792,-0.001313,0.0036289999999999,-0.010904
13531,ABBVIE INC,Voyager Therapeutics And AbbVie Announce Collaboration To Develop Vectorized Antibodies For Parkinson's Disease And Other Synucleinopathies; Voyager To Receiver $65M Upfront And Up To $245M In Preclinical Phase 1 Option Payments,6,increase,0.7,0.6,"the collaboration with voyager therapeutics, which includes significant upfront and potential milestone payments, suggests a positive outlook for abbvie's pipeline in treating parkinson's disease, likely boosting investor confidence.",2,2019-02-22,ABBV,2019-02-22 13:05:00+00:00,13721.0,00287Y10,0.0161269418895244,5022750.0,0.0033742100931704,-0.0155019117519259,0.0027400823310017,-0.0065822005271911,-0.0136628793552517,-0.004081655293703,-0.0021408612374216,0.0040983837097883,0.0108531126752495,-0.0033420505933463,-0.0079900054261088,0.0107594216242432,-0.0069216638803482,0.002005812479183,-0.0103916777297854,0.0012551584513857,0.001920880167745,0.0063155237585306,-0.0084355324506759,0.0011380417272448,0.0064449599012732,-0.0076546692289412,0.0084528177976608,0.0147714717313647,0.0024130358360707,-0.024472065269947,0.0129228001460433,0.0026155072264373,0.017385859042406,0.0155578469857573,-0.0084828482940793,0.020524026826024,0.002107850741595,0.0042779599316418,-0.0048255305737257,-0.0422150678932666,0.0100708389654755,-0.0621797442436218,-0.0182175748050212,-0.0290559604763984,-0.0031344031449407,-0.002368674846366,0.0157212931662797,-0.0093854339793324,-0.0107726939022541,0.0263761822134256,0.0008762009674683,0.0192868951708078,0.0078789051622152,0.000584830995649,0.002357643097639,0.0087305074557662,0.0283486135303974,-0.0280828382819891,0.0001204061190946,0.0012471724767237,-0.003249930916354,0.00444140098989,0.0077285282313823,-0.0328230336308479,0.0063511854968965,0.0046475394628942,-0.0153608107939362,0.0145952962338924,0.0031442071776837,0.0322169288992881,-0.0142254410311579,-0.0329485870897769,0.0009783806744962,-0.0321075916290283,0.0030948254279792,0.0117427529767155,-0.0101197054609656,0.0134578915312886,-0.0278019662946462,0.0097709205001592,-0.0052578053437173,0.0579847544431686,0.0074771409854292,-0.0089495349675416,0.0065259388647973,-0.0052712261676788,0.0001270595821551,0.0221504569053649,0.0085165649652481,-0.0007179371314123,0.0045374417677521,-0.0158954244107008,0.0075283078476786,-0.0079430006444454,-0.0113325482234358,-0.0239425208419561,-0.0062980223447084,-0.0100451400503516,-0.0053238454274833,0.0048769456334412,0.0030584663618355,0.0063919364474713,0.006987715139985,0.0074747186154127,-0.016527947038412,-0.0373076796531677,0.0005131612415425,-0.0024296103511005,-0.0010256982641294,-0.0332052148878574,-0.0059043345972895,-0.0064707011915743,-0.0074886279180645,0.048492856323719,0.0204240884631872,0.0109062427654862,0.0043344763107597,0.0143704619258642,0.0091393906623125,0.0166976172477006,-0.0005031561595387,0.0071236789226531,0.0045305890962481,-0.0060360333882272,0.0033742100931704,-0.0155019117519259,0.0061235380376294,-0.0219820755874111,-0.0076230064790577,-0.0259740076259262,0.0009997735219988,-0.0252506607511967,-0.0304923131806572,-0.0041730127760909,0.04286429004918,-0.1216639521251982,0.0107134114219982,-0.0743571776985483,2019-02-25,2019-02-26,2019-02-27,2019-02-28,2019-03-01,2019-03-04,2019-03-05,2019-03-06,2019-03-07,2019-03-08,13721.0,2019-02-22,252.0,1.6127%,-0.0014,1.0016,-0.3468,-0.0907,1.7100%,2.0254%,28.7148%,0.010375,ABBV,13721.0,2019-02-25,252.0,0.3374%,-0.0014,1.0014,-0.348,-0.0922,1.7100%,2.0255%,28.7258%,0.000707,ABBV,13721.0,2019-02-26,252.0,0.2740%,-0.0014,1.004,-0.3549,-0.0937,1.7098%,2.0244%,28.6679%,0.00171,ABBV,13721.0,2019-02-27,252.0,-1.3663%,-0.0015,0.9985,-0.3489,-0.0947,1.7101%,2.0199%,28.3271%,-0.014105,ABBV,13721.0,2019-02-28,252.0,-0.2141%,-0.0014,0.9907,-0.3542,-0.1009,1.7079%,2.0134%,28.0456%,0.000688,ABBV,13721.0,2019-03-01,252.0,1.0853%,-0.0013,0.9858,-0.3615,-0.1111,1.7071%,2.0111%,27.9505%,0.004254,ABBV,13721.0,2019-03-04,252.0,-0.7990%,-0.0013,0.9858,-0.3593,-0.1117,1.7071%,2.0090%,27.7943%,-0.003967,ABBV,13721.0,2019-03-05,252.0,-0.6922%,-0.0014,0.9847,-0.3711,-0.1104,1.7066%,2.0080%,27.7681%,-0.0067179999999999,ABBV,13721.0,2019-03-06,252.0,-1.0392%,-0.0014,0.9896,-0.3622,-0.1037,1.7066%,2.0084%,27.7938%,-0.006842,ABBV,13721.0,2019-03-07,252.0,0.1921%,-0.0013,0.9869,-0.3542,-0.1051,1.7070%,2.0078%,27.7215%,0.00935,ABBV,13721.0,2019-03-08,252.0,-0.8436%,-0.0014,0.9879,-0.3593,-0.1032,1.7071%,2.0083%,27.7500%,-0.006356,ABBV,0.011082,0.012792,-0.001313,0.0036289999999999,-0.010904
13539,ACCENTURE PLC IRELAND,"Accenture Shares Appear Unaffected Amid Circulation Of Spiegel Report Renault, PSA, Nissan, Jag Land Rover, Chrysler Consulting With Accenture To Aid In EC Probe Into Co.'s Spare Parts Processes",6,uncertain,0.6,0.2,"the news indicates that accenture is involved in a consulting role for an ec probe, which could imply potential scrutiny or reputational risk, but it does not directly suggest a negative impact on their business or stock price.",1,2019-02-22,ACN,2019-02-22 17:37:00+00:00,89071.0,G1151C10,0.0123487822711467,1679308.0,0.0010526202386245,-0.0011270924005657,-0.0020412064623087,0.0014422560343518,-0.0044005918316543,0.0015700559597462,0.0046691154129803,0.0087424106895923,0.0174742341041564,-0.0011389779392629,-0.0084043219685554,0.0089382231235504,0.0052204323001205,0.0084341838955879,-0.007820607163012,-0.0017352594295516,-0.0033252865541726,0.0026421167422086,-0.0009885922772809,-0.0125986952334642,0.0139155173674225,-0.0010170586174353,0.000305008230498,0.0049185836687684,0.0007317221607081,0.0116970241069793,0.0043264073319733,0.0077499342150986,0.0095254946500062,-0.0035044020041823,0.0002403587131993,0.0136165767908096,-0.0013819368323311,-0.0014450947055593,0.0004212233761791,0.0025683199055492,0.0118482057005167,0.0113220931962132,-0.0178316682577133,0.0116560822352767,-0.0009683106909506,-0.0036920390557497,0.0112672680988907,-0.0098371272906661,-0.0028153900057077,0.0089190043509006,0.051961276680231,0.0083851106464862,0.0051393853500485,0.0067397747188806,0.0017043690895661,0.0135238170623779,-0.0053880000486969,-0.0088901259005069,0.0103780999779701,-0.0053734765388071,-0.0001693028898444,0.0078837955370545,0.0055881137959659,0.0050295973196625,0.0042661228217184,0.0252896435558795,-0.0065955389291048,0.0034733833745121,0.0041073784232139,0.0388836748898029,0.0076836193911731,-0.0341418534517288,0.001569851883687,-0.0029784992802888,0.0036946018226444,0.0085108503699302,-0.0013385693309828,-0.0042019537650048,-0.0006143226637504,0.0100712841376662,-0.0018999516032636,0.0399491004645824,-0.0030233094003051,-0.0257288552820682,0.0135339377447962,-0.0439024604856967,0.001828467589803,-0.0494171045720577,-0.004756377544254,-0.0077559659257531,0.0048902747221291,0.0030988410580903,0.0021014481317251,-0.0248183663934469,0.008056903257966,-0.0294539853930473,-0.0074451230466365,0.0102761629968881,-0.0105895884335041,0.0020214279647916,-0.0134344371035695,0.0036774144973605,-0.0040682633407413,0.0017148572951555,-0.0131623288616538,-0.0113030020147562,-0.0006898649735376,-0.0302052646875381,0.0036819661036133,-0.015645608305931,-0.0009171366109512,0.0139800813049078,-0.0188181214034557,0.0214192382991313,0.0151444058865308,-0.0070279226638376,0.0103104272857308,0.0194834154099226,0.0157924983650445,0.0044823656789958,0.0008980393176898,0.0093672424554824,0.0011775441234931,-0.0003185313544236,0.0010526202386245,-0.0011270924005657,-0.0009907348389176,0.0003135380779701,-0.0053869668509325,0.0018840863100444,0.0167182468737716,0.0094918684103912,0.0011764851248614,0.0150801412105698,0.1030959370971524,0.0991456484195973,0.1146296975679408,0.0162441292270845,2019-02-25,2019-02-26,2019-02-27,2019-02-28,2019-03-01,2019-03-04,2019-03-05,2019-03-06,2019-03-07,2019-03-08,89071.0,2019-02-22,252.0,1.2349%,-0.0001,1.0988,-0.3835,-0.1506,0.8281%,1.4610%,67.8704%,0.0051249999999999,ACN,89071.0,2019-02-25,252.0,0.1053%,-0.0001,1.0987,-0.3827,-0.1507,0.8282%,1.4610%,67.8671%,-0.001964,ACN,89071.0,2019-02-26,252.0,-0.2041%,-0.0001,1.1007,-0.3801,-0.1479,0.8283%,1.4575%,67.7004%,-0.00333,ACN,89071.0,2019-02-27,252.0,-0.4401%,-0.0001,1.102,-0.384,-0.1477,0.8286%,1.4561%,67.6180%,-0.004946,ACN,89071.0,2019-02-28,252.0,0.4669%,-0.0001,1.1003,-0.3849,-0.1508,0.8301%,1.4539%,67.4074%,0.007693,ACN,89071.0,2019-03-01,252.0,1.7474%,-0.0,1.1029,-0.3811,-0.1515,0.8324%,1.4567%,67.3452%,0.009975,ACN,89071.0,2019-03-04,252.0,-0.8404%,0.0,1.0971,-0.3585,-0.1507,0.8284%,1.4451%,67.1349%,-0.003693,ACN,89071.0,2019-03-05,252.0,0.5220%,0.0,1.0952,-0.3697,-0.1541,0.8287%,1.4444%,67.0860%,0.005522,ACN,89071.0,2019-03-06,252.0,-0.7821%,0.0,1.0988,-0.3648,-0.1494,0.8285%,1.4444%,67.0974%,-0.0033079999999999,ACN,89071.0,2019-03-07,252.0,-0.3325%,0.0001,1.0981,-0.3583,-0.1484,0.8280%,1.4442%,67.1253%,0.004846,ACN,89071.0,2019-03-08,252.0,-0.0989%,0.0,1.0983,-0.3636,-0.1478,0.8275%,1.4441%,67.1617%,0.001264,ACN,0.0031609999999999,-0.000169,-0.005115,0.012553,0.017184
13547,ADOBE INC,DZ Bank Downgrades Adobe to Hold,6,decrease,0.8,0.6,"a downgrade from dz bank typically signals reduced confidence in the company's future performance, which can lead to a decline in stock price.",0,2019-02-22,ADBE,2019-02-22 11:40:00+00:00,75510.0,00724F10,0.0044226571917533,2005923.0,-0.0010814939159899,-0.0013173046754673,0.0100533841177821,0.0011248925002291,0.0064313323237001,-0.0063211200758814,-0.0015214679297059,-0.0026524271816015,0.0057524181902408,-0.0003458338032942,-0.0221582744270563,-0.0043615722097456,-0.0030213773716241,0.0115328775718808,-0.0038076422642916,0.0054086172021925,-0.0036660968326032,0.0128477746620774,-0.0028184498660266,-0.0023982725106179,0.02441699616611,-0.0018444439629092,0.0097716832533478,0.0003140528860967,0.003301563905552,0.0297518000006675,0.0125198485329747,-0.0017754919826984,-0.0395980663597583,0.0212222747504711,0.0026061434764415,0.0184664204716682,0.0103196911513805,-0.0148025704547762,-0.0026112555060535,-0.0126556064933538,0.0170940272510051,0.0098532298579812,-0.0169959515333175,-0.0105246054008603,0.0099348705261945,0.0052901096642017,0.0126587385311722,-0.01478723436594,-0.0122369062155485,0.012725044041872,0.004536107648164,0.0101260468363761,0.0112320855259895,-0.001691713463515,0.0213142093271017,0.0332537665963172,-0.0030128497164696,-0.0125868469476699,0.0005527691100724,-0.0009252690360881,-0.013296446762979,0.0099393092095851,-0.0016424742061644,0.0118188075721263,0.0050850077532231,0.0149175534024834,0.0006695907213725,0.0135726248845458,0.0096285976469516,0.0486323870718479,0.0011783170048147,-0.0394977517426013,-0.0001471443392802,-0.0073815332725644,0.0013242694549262,0.0139380656182766,-0.0029020959045737,-0.0089277541264891,-0.0072946269065141,0.009822841733694,0.0041565969586372,0.0867127776145935,0.0060612191446125,-0.0174329467117786,0.0230704192072153,-0.0450491234660148,-0.0109159331768751,-0.0267082136124372,0.0080232033506035,-0.0067645185627043,0.015486522577703,0.0216821189969778,0.0148248802870512,-0.0374782383441925,0.0108687533065676,-0.0728797242045402,-0.0203975588083267,0.0103033958002924,-0.0130933169275522,0.000855982361827,0.021241495385766,0.0051210620440542,-0.0067231003195047,0.0255882199853658,-0.0232320260256528,-0.0503930263221263,-0.0010828248923644,0.0195671524852514,-0.0035407757386565,-0.036981850862503,0.0097538065165281,0.0174179729074239,-0.0387101359665393,0.0072263162583112,0.015539682470262,-0.0004815632419195,0.0182447656989097,0.0730247870087623,0.0243117567151784,0.0012501865858212,-0.0130487810820341,0.0283738654106855,-0.0157226864248514,-0.0018585635116323,-0.0010814939159899,-0.0013173046754673,0.0089610175280336,-0.000193894001388,0.0154499811334152,-0.0065137884500047,0.0197374121557714,-0.0094916080732382,-0.0160679361254973,0.0134067361876255,0.0330244037049731,0.1077875995667201,0.0639243627939332,0.1406319915870821,2019-02-25,2019-02-26,2019-02-27,2019-02-28,2019-03-01,2019-03-04,2019-03-05,2019-03-06,2019-03-07,2019-03-08,75510.0,2019-02-22,252.0,0.4423%,0.0003,1.3183,-0.2449,-1.4531,1.1331%,2.2299%,74.1793%,-0.024821,ADBE,75510.0,2019-02-25,252.0,-0.1081%,0.0003,1.3179,-0.2421,-1.453,1.1336%,2.2299%,74.1555%,-0.006411,ADBE,75510.0,2019-02-26,252.0,1.0053%,0.0002,1.3098,-0.2419,-1.459,1.1318%,2.2203%,74.0136%,0.005718,ADBE,75510.0,2019-02-27,252.0,0.6431%,0.0003,1.3125,-0.2455,-1.4585,1.1315%,2.2196%,74.0131%,0.003861,ADBE,75510.0,2019-02-28,252.0,-0.1521%,0.0003,1.313,-0.2452,-1.4578,1.1315%,2.2171%,73.9536%,-0.00115,ADBE,75510.0,2019-03-01,252.0,0.5752%,0.0002,1.3172,-0.2388,-1.447,1.1311%,2.2173%,73.9759%,-0.008911,ADBE,75510.0,2019-03-04,252.0,-2.2158%,0.0001,1.3198,-0.2377,-1.4499,1.1331%,2.2199%,73.9477%,-0.010711,ADBE,75510.0,2019-03-05,252.0,-0.3021%,0.0001,1.3197,-0.2423,-1.4481,1.1332%,2.2174%,73.8838%,-0.005084,ADBE,75510.0,2019-03-06,252.0,-0.3808%,0.0001,1.3206,-0.2542,-1.4487,1.1330%,2.2173%,73.8882%,0.0047139999999999,ADBE,75510.0,2019-03-07,252.0,-0.3666%,0.0001,1.319,-0.2579,-1.4518,1.1330%,2.2174%,73.8931%,0.002114,ADBE,75510.0,2019-03-08,252.0,-0.2818%,0.0001,1.3206,-0.2775,-1.4483,1.1275%,2.2132%,74.0460%,-0.002346,ADBE,-0.031232,-0.025514,-0.021653,-0.031714,-0.043027
13555,FEDERAL AGRICULTURAL MORT CORP,"Compass Point Upgrades Federal Agricultural to Buy, Raises Price Target to $86",6,increase,0.8,0.7,the upgrade to 'buy' and the increase in price target typically signal positive sentiment and potential for stock price appreciation.,2,2019-02-22,AGM,2019-02-22 12:16:00+00:00,80169.0,31314830,0.1302468776702881,104319.0,0.0002467198355589,-0.0208902079612016,0.0220796950161457,-0.0019078685436397,-0.0012068365467712,0.0124171338975429,-0.0107539799064397,0.0427276827394962,0.0035422120708972,-0.0106746368110179,-0.0188656635582447,-0.0056609325110912,-0.0011165359755977,0.0159597489982843,-0.035519041121006,-0.0124946366995573,-0.0289724431931972,-0.001983837224543,0.0144542669877409,-0.0113476822152733,0.007450976409018,-0.0149048008024692,0.0081743514165282,-0.0004138333606533,0.0003861828881781,0.0098913218826055,0.0128649864345789,0.0145582864060998,-0.0015378075186163,-0.0217090658843517,0.0017969373147934,0.0344728343188762,-0.0217809677124023,-0.0278125423938036,-0.0233136713504791,0.0135307507589459,-0.0284297000616788,0.0053846854716539,-0.0425119996070861,-0.0042331456206738,0.0309931356459856,0.0007060583448037,0.0144016565755009,-0.0208765678107738,0.0177807472646236,0.0083646792918443,-0.0078547429293394,0.0294202510267496,-0.0113295363262295,0.016187846660614,0.0300980303436517,0.0063105416484177,-0.012598879635334,-0.0077180545777082,0.0042080250568687,0.0141780991107225,0.012706066481769,-0.0049963844940066,0.0121463388204574,0.0152171310037374,-0.0035606522578746,0.0193125996738672,-0.0146903209388256,0.0084343357011675,0.0171928331255912,0.042525976896286,0.0171661879867315,-0.0019147747661918,-0.0061015347018837,0.0368960872292518,-0.0120166949927806,-0.0106400642544031,0.0204918440431356,0.0161344185471534,-0.0005182136665098,0.0117805581539869,-0.0291639659553766,0.0274943150579929,-0.0090787755325436,-0.0166638251394033,0.0187280979007482,0.0174740850925445,0.0113741643726825,0.0222850777208805,-0.0130770234391093,-0.0239944662898778,0.011395264416933,0.021512983366847,0.025415888056159,-0.0089130047708749,-0.0228694695979356,0.0001748319627949,0.011637020856142,-0.0267767254263162,0.0082719316706061,0.0015179651090875,0.0351236723363399,-0.0246751103550195,-0.0117646679282188,0.0036321813240647,-0.0170426126569509,-0.0426742658019065,-0.000509955571033,0.023289643228054,-0.0441326387226581,-0.0681235343217849,0.0186815299093723,0.0043899626471102,-0.0467644743621349,0.0004543204559013,0.0153909958899021,-0.0220675058662891,-0.0078495312482118,0.0386093594133853,0.0054563023149967,-0.0395922623574733,-0.0103107057511806,0.0192741863429546,0.0024674476590007,0.0213781464844942,0.0002467198355589,-0.0208902079612016,0.0223318623504282,-0.0227582207342021,0.021098074896015,-0.0106236787107856,0.0136952560787295,0.0206375889473922,-0.0561382235971105,0.0046231710792206,-0.0560115612826838,0.0698194902562567,-0.0896232328282421,0.1140726700388918,2019-02-25,2019-02-26,2019-02-27,2019-02-28,2019-03-01,2019-03-04,2019-03-05,2019-03-06,2019-03-07,2019-03-08,80169.0,2019-02-22,252.0,13.0247%,0.0002,0.8786,1.1449,0.5946,2.0279%,2.2627%,19.6742%,0.129894,AGM,80169.0,2019-02-25,252.0,0.0247%,0.0002,0.8786,1.1436,0.5937,2.0280%,2.2626%,19.6658%,0.002876,AGM,80169.0,2019-02-26,252.0,2.2080%,0.0003,0.8781,1.0989,0.5707,2.0371%,2.2667%,19.2363%,0.032663,AGM,80169.0,2019-02-27,252.0,-0.1207%,0.0004,0.8813,1.0921,0.5712,2.0367%,2.2667%,19.2615%,-0.0034999999999999,AGM,80169.0,2019-02-28,252.0,-1.0754%,0.0004,0.8708,1.0846,0.5653,2.0323%,2.2568%,18.9078%,-0.006912,AGM,80169.0,2019-03-01,252.0,0.3542%,0.0005,0.8542,1.0599,0.5415,2.0259%,2.2414%,18.3110%,-0.0037019999999999,AGM,80169.0,2019-03-04,252.0,-1.8866%,0.0003,0.8689,1.0226,0.535,2.0196%,2.2377%,18.5434%,-0.012386,AGM,80169.0,2019-03-05,252.0,-0.1117%,0.0004,0.8683,1.0209,0.533,2.0198%,2.2358%,18.3882%,0.004725,AGM,80169.0,2019-03-06,252.0,-3.5519%,0.0003,0.8703,1.0578,0.5402,2.0215%,2.2452%,18.9329%,-0.015665,AGM,80169.0,2019-03-07,252.0,-2.8972%,0.0002,0.8808,1.0709,0.5579,2.0249%,2.2525%,19.1857%,-0.019403,AGM,80169.0,2019-03-08,252.0,1.4454%,0.0003,0.879,1.0644,0.5553,2.0272%,2.2529%,19.0311%,0.016715,AGM,0.13277,0.165433,0.161933,0.1513189999999999,0.1253049999999999
13563,FEDERAL AGRICULTURAL MORT CORP,"Compass Point Upgrades Federal Agricultural to Buy, Raises Price Target to $86",6,increase,0.8,0.7,the upgrade to 'buy' and the raised price target typically indicate positive sentiment and potential for stock price appreciation.,2,2019-02-22,AGM,2019-02-22 12:16:00+00:00,80169.0,31314830,0.1302468776702881,104319.0,0.0002467198355589,-0.0208902079612016,0.0220796950161457,-0.0019078685436397,-0.0012068365467712,0.0124171338975429,-0.0107539799064397,0.0427276827394962,0.0035422120708972,-0.0106746368110179,-0.0188656635582447,-0.0056609325110912,-0.0011165359755977,0.0159597489982843,-0.035519041121006,-0.0124946366995573,-0.0289724431931972,-0.001983837224543,0.0144542669877409,-0.0113476822152733,0.007450976409018,-0.0149048008024692,0.0081743514165282,-0.0004138333606533,0.0003861828881781,0.0098913218826055,0.0128649864345789,0.0145582864060998,-0.0015378075186163,-0.0217090658843517,0.0017969373147934,0.0344728343188762,-0.0217809677124023,-0.0278125423938036,-0.0233136713504791,0.0135307507589459,-0.0284297000616788,0.0053846854716539,-0.0425119996070861,-0.0042331456206738,0.0309931356459856,0.0007060583448037,0.0144016565755009,-0.0208765678107738,0.0177807472646236,0.0083646792918443,-0.0078547429293394,0.0294202510267496,-0.0113295363262295,0.016187846660614,0.0300980303436517,0.0063105416484177,-0.012598879635334,-0.0077180545777082,0.0042080250568687,0.0141780991107225,0.012706066481769,-0.0049963844940066,0.0121463388204574,0.0152171310037374,-0.0035606522578746,0.0193125996738672,-0.0146903209388256,0.0084343357011675,0.0171928331255912,0.042525976896286,0.0171661879867315,-0.0019147747661918,-0.0061015347018837,0.0368960872292518,-0.0120166949927806,-0.0106400642544031,0.0204918440431356,0.0161344185471534,-0.0005182136665098,0.0117805581539869,-0.0291639659553766,0.0274943150579929,-0.0090787755325436,-0.0166638251394033,0.0187280979007482,0.0174740850925445,0.0113741643726825,0.0222850777208805,-0.0130770234391093,-0.0239944662898778,0.011395264416933,0.021512983366847,0.025415888056159,-0.0089130047708749,-0.0228694695979356,0.0001748319627949,0.011637020856142,-0.0267767254263162,0.0082719316706061,0.0015179651090875,0.0351236723363399,-0.0246751103550195,-0.0117646679282188,0.0036321813240647,-0.0170426126569509,-0.0426742658019065,-0.000509955571033,0.023289643228054,-0.0441326387226581,-0.0681235343217849,0.0186815299093723,0.0043899626471102,-0.0467644743621349,0.0004543204559013,0.0153909958899021,-0.0220675058662891,-0.0078495312482118,0.0386093594133853,0.0054563023149967,-0.0395922623574733,-0.0103107057511806,0.0192741863429546,0.0024674476590007,0.0213781464844942,0.0002467198355589,-0.0208902079612016,0.0223318623504282,-0.0227582207342021,0.021098074896015,-0.0106236787107856,0.0136952560787295,0.0206375889473922,-0.0561382235971105,0.0046231710792206,-0.0560115612826838,0.0698194902562567,-0.0896232328282421,0.1140726700388918,2019-02-25,2019-02-26,2019-02-27,2019-02-28,2019-03-01,2019-03-04,2019-03-05,2019-03-06,2019-03-07,2019-03-08,80169.0,2019-02-22,252.0,13.0247%,0.0002,0.8786,1.1449,0.5946,2.0279%,2.2627%,19.6742%,0.129894,AGM,80169.0,2019-02-25,252.0,0.0247%,0.0002,0.8786,1.1436,0.5937,2.0280%,2.2626%,19.6658%,0.002876,AGM,80169.0,2019-02-26,252.0,2.2080%,0.0003,0.8781,1.0989,0.5707,2.0371%,2.2667%,19.2363%,0.032663,AGM,80169.0,2019-02-27,252.0,-0.1207%,0.0004,0.8813,1.0921,0.5712,2.0367%,2.2667%,19.2615%,-0.0034999999999999,AGM,80169.0,2019-02-28,252.0,-1.0754%,0.0004,0.8708,1.0846,0.5653,2.0323%,2.2568%,18.9078%,-0.006912,AGM,80169.0,2019-03-01,252.0,0.3542%,0.0005,0.8542,1.0599,0.5415,2.0259%,2.2414%,18.3110%,-0.0037019999999999,AGM,80169.0,2019-03-04,252.0,-1.8866%,0.0003,0.8689,1.0226,0.535,2.0196%,2.2377%,18.5434%,-0.012386,AGM,80169.0,2019-03-05,252.0,-0.1117%,0.0004,0.8683,1.0209,0.533,2.0198%,2.2358%,18.3882%,0.004725,AGM,80169.0,2019-03-06,252.0,-3.5519%,0.0003,0.8703,1.0578,0.5402,2.0215%,2.2452%,18.9329%,-0.015665,AGM,80169.0,2019-03-07,252.0,-2.8972%,0.0002,0.8808,1.0709,0.5579,2.0249%,2.2525%,19.1857%,-0.019403,AGM,80169.0,2019-03-08,252.0,1.4454%,0.0003,0.879,1.0644,0.5553,2.0272%,2.2529%,19.0311%,0.016715,AGM,0.13277,0.165433,0.161933,0.1513189999999999,0.1253049999999999
13571,AUTONATION INC DEL,"AutoNation Names Carl Liebert CEO, Pres",6,increase,0.7,0.6,"the appointment of a new ceo, especially one with a strong background, often signals a positive change in leadership that can boost investor confidence and potentially increase stock prices.",2,2019-02-22,AN,2019-02-22 12:09:00+00:00,76282.0,05329W10,-0.0299635622650384,1633749.0,-0.0389471054077148,-0.0186652913689613,-0.0030743603128939,0.0113783935084939,-0.0263526402413845,-0.0104913935065269,0.0152605464681983,0.0208987221121788,-0.0104934470728039,0.0086955996230244,-0.0083118639886379,-0.0028901894111186,0.0080925608053803,0.0236686673015356,-0.012901397421956,0.0064970678649842,-0.0203311294317245,-0.009120175614953,-0.0035576322115957,-0.0411523208022117,0.0243974905461072,-0.009174327366054,-0.0113273132592439,0.0136916199699044,-0.0079318583011627,0.0065002599731087,-0.0260586626827716,-0.0074838944710791,-0.0006081014871597,0.0300372429192066,0.0240341015160083,0.0181325618177652,-0.0059417933225631,-0.0146666467189788,0.0044830106198787,0.0080644953995943,0.0318357534706592,0.0105949304997921,-0.0320069380104541,0.0104309925809502,0.0128090651705861,-0.0164686981588602,0.0097059365361928,-0.0232066791504621,0.0267986636608839,0.0063693700358271,-0.0073758387006819,-0.0005305160884745,0.020863089710474,0.0230665486305952,0.0139977596700191,-0.0053981314413249,-0.009663232602179,0.0035211557988077,0.0150543889030814,0.0095706451684236,0.0071408492513,-0.0092115998268127,-0.0231796707957983,0.0201768800616264,0.0189838167279958,-0.039298977702856,-0.0095889996737241,0.0164642538875341,0.0196403618901968,0.0277392510324716,-0.0084102377295494,0.0,0.0216142516583204,0.0098038790747523,0.0002677643788047,0.0168043337762355,0.0190094485878944,0.0233167950063943,-0.0026274903211742,-0.0014551582280546,-0.0034245853312313,0.0336943119764328,-0.0132170226424932,-0.0118905389681458,0.0152692114934325,-0.0189560074359178,0.0176780503243207,0.0073443003930151,0.0241120122373104,-0.0038044266402721,0.0711392760276794,0.0127444118261337,-0.0009454246028326,0.011087886057794,-0.0080435331910848,-0.0023916838690638,-0.0224182829260826,-0.0173325538635253,0.0012197910109534,0.005910187959671,0.0158381499350071,0.0017762396018952,0.0016790524823591,-0.0228522103279829,-0.0193964932113885,-0.0190125405788421,-0.0107448697090148,-0.0036753537133336,-0.0101209543645381,-0.0486821234226226,-0.0074812779203057,0.0013465994270518,-0.0168341249227523,-0.0005383702809922,0.001533287926577,-0.0297727696597576,-0.0040826704353094,0.0197071023285388,0.0179349426180124,-0.0039788200519979,0.0080543598160147,0.0120805576443672,-0.0079900054261088,0.0043138270266354,-0.0389471054077148,-0.0186652913689613,-0.0419017282854412,-0.0074992788906141,-0.0671501473558272,-0.0179119945112845,-0.0628525419856455,0.0113307057239571,-0.0972333863621168,-0.012860081906056,-0.0378726809090452,0.0608070963828233,0.0671501486074246,0.0347802941274022,2019-02-25,2019-02-26,2019-02-27,2019-02-28,2019-03-01,2019-03-04,2019-03-05,2019-03-06,2019-03-07,2019-03-08,76282.0,2019-02-22,252.0,-2.9964%,-0.0011,0.7491,0.8045,0.7654,1.4434%,1.6495%,23.4251%,-0.028753,AN,76282.0,2019-02-25,252.0,-3.8947%,-0.0013,0.7499,0.8229,0.7781,1.4602%,1.6665%,23.2218%,-0.036701,AN,76282.0,2019-02-26,252.0,-0.3074%,-0.0013,0.7449,0.8178,0.7717,1.4604%,1.6644%,23.0068%,0.00586,AN,76282.0,2019-02-27,252.0,-2.6353%,-0.0014,0.7481,0.8044,0.7722,1.4689%,1.6715%,22.7750%,-0.027751,AN,76282.0,2019-02-28,252.0,1.5261%,-0.0012,0.7343,0.7956,0.7574,1.4702%,1.6653%,22.0499%,0.019249,AN,76282.0,2019-03-01,252.0,-1.0493%,-0.0013,0.7359,0.798,0.7663,1.4721%,1.6658%,21.9070%,-0.015148,AN,76282.0,2019-03-04,252.0,-0.8312%,-0.0012,0.7274,0.8288,0.7679,1.4673%,1.6618%,22.0353%,-0.004372,AN,76282.0,2019-03-05,252.0,0.8093%,-0.0012,0.7248,0.8185,0.7605,1.4703%,1.6612%,21.6633%,0.013651,AN,76282.0,2019-03-06,252.0,-1.2901%,-0.0012,0.717,0.8149,0.7511,1.4688%,1.6590%,21.6180%,0.003106,AN,76282.0,2019-03-07,252.0,-2.0331%,-0.0013,0.7196,0.8075,0.7525,1.4692%,1.6594%,21.6148%,-0.011493,AN,76282.0,2019-03-08,252.0,-0.3558%,-0.0012,0.7188,0.8204,0.7506,1.4673%,1.6587%,21.7463%,-0.001189,AN,-0.065454,-0.059594,-0.087345,-0.083244,-0.083541
13579,AUTONATION INC DEL,"AutoNation Q4 Adj. EPS $1.10 Misses $1.15 Estimate, Sales $5.4B Miss $5.63B Estimate",6,decrease,0.75,0.6,"the company's adjusted eps and sales both missed analyst estimates, which typically leads to a negative reaction in stock prices.",0,2019-02-22,AN,2019-02-22 12:04:00+00:00,76282.0,05329W10,-0.0299635622650384,1633749.0,-0.0389471054077148,-0.0186652913689613,-0.0030743603128939,0.0113783935084939,-0.0263526402413845,-0.0104913935065269,0.0152605464681983,0.0208987221121788,-0.0104934470728039,0.0086955996230244,-0.0083118639886379,-0.0028901894111186,0.0080925608053803,0.0236686673015356,-0.012901397421956,0.0064970678649842,-0.0203311294317245,-0.009120175614953,-0.0035576322115957,-0.0411523208022117,0.0243974905461072,-0.009174327366054,-0.0113273132592439,0.0136916199699044,-0.0079318583011627,0.0065002599731087,-0.0260586626827716,-0.0074838944710791,-0.0006081014871597,0.0300372429192066,0.0240341015160083,0.0181325618177652,-0.0059417933225631,-0.0146666467189788,0.0044830106198787,0.0080644953995943,0.0318357534706592,0.0105949304997921,-0.0320069380104541,0.0104309925809502,0.0128090651705861,-0.0164686981588602,0.0097059365361928,-0.0232066791504621,0.0267986636608839,0.0063693700358271,-0.0073758387006819,-0.0005305160884745,0.020863089710474,0.0230665486305952,0.0139977596700191,-0.0053981314413249,-0.009663232602179,0.0035211557988077,0.0150543889030814,0.0095706451684236,0.0071408492513,-0.0092115998268127,-0.0231796707957983,0.0201768800616264,0.0189838167279958,-0.039298977702856,-0.0095889996737241,0.0164642538875341,0.0196403618901968,0.0277392510324716,-0.0084102377295494,0.0,0.0216142516583204,0.0098038790747523,0.0002677643788047,0.0168043337762355,0.0190094485878944,0.0233167950063943,-0.0026274903211742,-0.0014551582280546,-0.0034245853312313,0.0336943119764328,-0.0132170226424932,-0.0118905389681458,0.0152692114934325,-0.0189560074359178,0.0176780503243207,0.0073443003930151,0.0241120122373104,-0.0038044266402721,0.0711392760276794,0.0127444118261337,-0.0009454246028326,0.011087886057794,-0.0080435331910848,-0.0023916838690638,-0.0224182829260826,-0.0173325538635253,0.0012197910109534,0.005910187959671,0.0158381499350071,0.0017762396018952,0.0016790524823591,-0.0228522103279829,-0.0193964932113885,-0.0190125405788421,-0.0107448697090148,-0.0036753537133336,-0.0101209543645381,-0.0486821234226226,-0.0074812779203057,0.0013465994270518,-0.0168341249227523,-0.0005383702809922,0.001533287926577,-0.0297727696597576,-0.0040826704353094,0.0197071023285388,0.0179349426180124,-0.0039788200519979,0.0080543598160147,0.0120805576443672,-0.0079900054261088,0.0043138270266354,-0.0389471054077148,-0.0186652913689613,-0.0419017282854412,-0.0074992788906141,-0.0671501473558272,-0.0179119945112845,-0.0628525419856455,0.0113307057239571,-0.0972333863621168,-0.012860081906056,-0.0378726809090452,0.0608070963828233,0.0671501486074246,0.0347802941274022,2019-02-25,2019-02-26,2019-02-27,2019-02-28,2019-03-01,2019-03-04,2019-03-05,2019-03-06,2019-03-07,2019-03-08,76282.0,2019-02-22,252.0,-2.9964%,-0.0011,0.7491,0.8045,0.7654,1.4434%,1.6495%,23.4251%,-0.028753,AN,76282.0,2019-02-25,252.0,-3.8947%,-0.0013,0.7499,0.8229,0.7781,1.4602%,1.6665%,23.2218%,-0.036701,AN,76282.0,2019-02-26,252.0,-0.3074%,-0.0013,0.7449,0.8178,0.7717,1.4604%,1.6644%,23.0068%,0.00586,AN,76282.0,2019-02-27,252.0,-2.6353%,-0.0014,0.7481,0.8044,0.7722,1.4689%,1.6715%,22.7750%,-0.027751,AN,76282.0,2019-02-28,252.0,1.5261%,-0.0012,0.7343,0.7956,0.7574,1.4702%,1.6653%,22.0499%,0.019249,AN,76282.0,2019-03-01,252.0,-1.0493%,-0.0013,0.7359,0.798,0.7663,1.4721%,1.6658%,21.9070%,-0.015148,AN,76282.0,2019-03-04,252.0,-0.8312%,-0.0012,0.7274,0.8288,0.7679,1.4673%,1.6618%,22.0353%,-0.004372,AN,76282.0,2019-03-05,252.0,0.8093%,-0.0012,0.7248,0.8185,0.7605,1.4703%,1.6612%,21.6633%,0.013651,AN,76282.0,2019-03-06,252.0,-1.2901%,-0.0012,0.717,0.8149,0.7511,1.4688%,1.6590%,21.6180%,0.003106,AN,76282.0,2019-03-07,252.0,-2.0331%,-0.0013,0.7196,0.8075,0.7525,1.4692%,1.6594%,21.6148%,-0.011493,AN,76282.0,2019-03-08,252.0,-0.3558%,-0.0012,0.7188,0.8204,0.7506,1.4673%,1.6587%,21.7463%,-0.001189,AN,-0.065454,-0.059594,-0.087345,-0.083244,-0.083541
13587,AUTONATION INC DEL,"AutoNation Highlights Implementation Of Corporate, Regional Restructuring, Cost Savings Plan Expected To Reduce Costs By ~$50M Annually",6,increase,0.7,0.6,"the announcement of a cost savings plan that is expected to reduce costs by approximately $50 million annually suggests improved financial efficiency, which could positively influence investor sentiment and lead to an increase in stock price.",2,2019-02-22,AN,2019-02-22 12:03:00+00:00,76282.0,05329W10,-0.0299635622650384,1633749.0,-0.0389471054077148,-0.0186652913689613,-0.0030743603128939,0.0113783935084939,-0.0263526402413845,-0.0104913935065269,0.0152605464681983,0.0208987221121788,-0.0104934470728039,0.0086955996230244,-0.0083118639886379,-0.0028901894111186,0.0080925608053803,0.0236686673015356,-0.012901397421956,0.0064970678649842,-0.0203311294317245,-0.009120175614953,-0.0035576322115957,-0.0411523208022117,0.0243974905461072,-0.009174327366054,-0.0113273132592439,0.0136916199699044,-0.0079318583011627,0.0065002599731087,-0.0260586626827716,-0.0074838944710791,-0.0006081014871597,0.0300372429192066,0.0240341015160083,0.0181325618177652,-0.0059417933225631,-0.0146666467189788,0.0044830106198787,0.0080644953995943,0.0318357534706592,0.0105949304997921,-0.0320069380104541,0.0104309925809502,0.0128090651705861,-0.0164686981588602,0.0097059365361928,-0.0232066791504621,0.0267986636608839,0.0063693700358271,-0.0073758387006819,-0.0005305160884745,0.020863089710474,0.0230665486305952,0.0139977596700191,-0.0053981314413249,-0.009663232602179,0.0035211557988077,0.0150543889030814,0.0095706451684236,0.0071408492513,-0.0092115998268127,-0.0231796707957983,0.0201768800616264,0.0189838167279958,-0.039298977702856,-0.0095889996737241,0.0164642538875341,0.0196403618901968,0.0277392510324716,-0.0084102377295494,0.0,0.0216142516583204,0.0098038790747523,0.0002677643788047,0.0168043337762355,0.0190094485878944,0.0233167950063943,-0.0026274903211742,-0.0014551582280546,-0.0034245853312313,0.0336943119764328,-0.0132170226424932,-0.0118905389681458,0.0152692114934325,-0.0189560074359178,0.0176780503243207,0.0073443003930151,0.0241120122373104,-0.0038044266402721,0.0711392760276794,0.0127444118261337,-0.0009454246028326,0.011087886057794,-0.0080435331910848,-0.0023916838690638,-0.0224182829260826,-0.0173325538635253,0.0012197910109534,0.005910187959671,0.0158381499350071,0.0017762396018952,0.0016790524823591,-0.0228522103279829,-0.0193964932113885,-0.0190125405788421,-0.0107448697090148,-0.0036753537133336,-0.0101209543645381,-0.0486821234226226,-0.0074812779203057,0.0013465994270518,-0.0168341249227523,-0.0005383702809922,0.001533287926577,-0.0297727696597576,-0.0040826704353094,0.0197071023285388,0.0179349426180124,-0.0039788200519979,0.0080543598160147,0.0120805576443672,-0.0079900054261088,0.0043138270266354,-0.0389471054077148,-0.0186652913689613,-0.0419017282854412,-0.0074992788906141,-0.0671501473558272,-0.0179119945112845,-0.0628525419856455,0.0113307057239571,-0.0972333863621168,-0.012860081906056,-0.0378726809090452,0.0608070963828233,0.0671501486074246,0.0347802941274022,2019-02-25,2019-02-26,2019-02-27,2019-02-28,2019-03-01,2019-03-04,2019-03-05,2019-03-06,2019-03-07,2019-03-08,76282.0,2019-02-22,252.0,-2.9964%,-0.0011,0.7491,0.8045,0.7654,1.4434%,1.6495%,23.4251%,-0.028753,AN,76282.0,2019-02-25,252.0,-3.8947%,-0.0013,0.7499,0.8229,0.7781,1.4602%,1.6665%,23.2218%,-0.036701,AN,76282.0,2019-02-26,252.0,-0.3074%,-0.0013,0.7449,0.8178,0.7717,1.4604%,1.6644%,23.0068%,0.00586,AN,76282.0,2019-02-27,252.0,-2.6353%,-0.0014,0.7481,0.8044,0.7722,1.4689%,1.6715%,22.7750%,-0.027751,AN,76282.0,2019-02-28,252.0,1.5261%,-0.0012,0.7343,0.7956,0.7574,1.4702%,1.6653%,22.0499%,0.019249,AN,76282.0,2019-03-01,252.0,-1.0493%,-0.0013,0.7359,0.798,0.7663,1.4721%,1.6658%,21.9070%,-0.015148,AN,76282.0,2019-03-04,252.0,-0.8312%,-0.0012,0.7274,0.8288,0.7679,1.4673%,1.6618%,22.0353%,-0.004372,AN,76282.0,2019-03-05,252.0,0.8093%,-0.0012,0.7248,0.8185,0.7605,1.4703%,1.6612%,21.6633%,0.013651,AN,76282.0,2019-03-06,252.0,-1.2901%,-0.0012,0.717,0.8149,0.7511,1.4688%,1.6590%,21.6180%,0.003106,AN,76282.0,2019-03-07,252.0,-2.0331%,-0.0013,0.7196,0.8075,0.7525,1.4692%,1.6594%,21.6148%,-0.011493,AN,76282.0,2019-03-08,252.0,-0.3558%,-0.0012,0.7188,0.8204,0.7506,1.4673%,1.6587%,21.7463%,-0.001189,AN,-0.065454,-0.059594,-0.087345,-0.083244,-0.083541
13595,AUTONATION INC DEL,"AutoNation Q4 EPS $1.10 Misses $1.15 Estimate, Sales $5.4B Miss $5.63B Estimate",6,decrease,0.8,0.7,"the company's earnings per share and sales both missed analyst estimates, which typically leads to a negative reaction in stock prices.",0,2019-02-22,AN,2019-02-22 12:03:00+00:00,76282.0,05329W10,-0.0299635622650384,1633749.0,-0.0389471054077148,-0.0186652913689613,-0.0030743603128939,0.0113783935084939,-0.0263526402413845,-0.0104913935065269,0.0152605464681983,0.0208987221121788,-0.0104934470728039,0.0086955996230244,-0.0083118639886379,-0.0028901894111186,0.0080925608053803,0.0236686673015356,-0.012901397421956,0.0064970678649842,-0.0203311294317245,-0.009120175614953,-0.0035576322115957,-0.0411523208022117,0.0243974905461072,-0.009174327366054,-0.0113273132592439,0.0136916199699044,-0.0079318583011627,0.0065002599731087,-0.0260586626827716,-0.0074838944710791,-0.0006081014871597,0.0300372429192066,0.0240341015160083,0.0181325618177652,-0.0059417933225631,-0.0146666467189788,0.0044830106198787,0.0080644953995943,0.0318357534706592,0.0105949304997921,-0.0320069380104541,0.0104309925809502,0.0128090651705861,-0.0164686981588602,0.0097059365361928,-0.0232066791504621,0.0267986636608839,0.0063693700358271,-0.0073758387006819,-0.0005305160884745,0.020863089710474,0.0230665486305952,0.0139977596700191,-0.0053981314413249,-0.009663232602179,0.0035211557988077,0.0150543889030814,0.0095706451684236,0.0071408492513,-0.0092115998268127,-0.0231796707957983,0.0201768800616264,0.0189838167279958,-0.039298977702856,-0.0095889996737241,0.0164642538875341,0.0196403618901968,0.0277392510324716,-0.0084102377295494,0.0,0.0216142516583204,0.0098038790747523,0.0002677643788047,0.0168043337762355,0.0190094485878944,0.0233167950063943,-0.0026274903211742,-0.0014551582280546,-0.0034245853312313,0.0336943119764328,-0.0132170226424932,-0.0118905389681458,0.0152692114934325,-0.0189560074359178,0.0176780503243207,0.0073443003930151,0.0241120122373104,-0.0038044266402721,0.0711392760276794,0.0127444118261337,-0.0009454246028326,0.011087886057794,-0.0080435331910848,-0.0023916838690638,-0.0224182829260826,-0.0173325538635253,0.0012197910109534,0.005910187959671,0.0158381499350071,0.0017762396018952,0.0016790524823591,-0.0228522103279829,-0.0193964932113885,-0.0190125405788421,-0.0107448697090148,-0.0036753537133336,-0.0101209543645381,-0.0486821234226226,-0.0074812779203057,0.0013465994270518,-0.0168341249227523,-0.0005383702809922,0.001533287926577,-0.0297727696597576,-0.0040826704353094,0.0197071023285388,0.0179349426180124,-0.0039788200519979,0.0080543598160147,0.0120805576443672,-0.0079900054261088,0.0043138270266354,-0.0389471054077148,-0.0186652913689613,-0.0419017282854412,-0.0074992788906141,-0.0671501473558272,-0.0179119945112845,-0.0628525419856455,0.0113307057239571,-0.0972333863621168,-0.012860081906056,-0.0378726809090452,0.0608070963828233,0.0671501486074246,0.0347802941274022,2019-02-25,2019-02-26,2019-02-27,2019-02-28,2019-03-01,2019-03-04,2019-03-05,2019-03-06,2019-03-07,2019-03-08,76282.0,2019-02-22,252.0,-2.9964%,-0.0011,0.7491,0.8045,0.7654,1.4434%,1.6495%,23.4251%,-0.028753,AN,76282.0,2019-02-25,252.0,-3.8947%,-0.0013,0.7499,0.8229,0.7781,1.4602%,1.6665%,23.2218%,-0.036701,AN,76282.0,2019-02-26,252.0,-0.3074%,-0.0013,0.7449,0.8178,0.7717,1.4604%,1.6644%,23.0068%,0.00586,AN,76282.0,2019-02-27,252.0,-2.6353%,-0.0014,0.7481,0.8044,0.7722,1.4689%,1.6715%,22.7750%,-0.027751,AN,76282.0,2019-02-28,252.0,1.5261%,-0.0012,0.7343,0.7956,0.7574,1.4702%,1.6653%,22.0499%,0.019249,AN,76282.0,2019-03-01,252.0,-1.0493%,-0.0013,0.7359,0.798,0.7663,1.4721%,1.6658%,21.9070%,-0.015148,AN,76282.0,2019-03-04,252.0,-0.8312%,-0.0012,0.7274,0.8288,0.7679,1.4673%,1.6618%,22.0353%,-0.004372,AN,76282.0,2019-03-05,252.0,0.8093%,-0.0012,0.7248,0.8185,0.7605,1.4703%,1.6612%,21.6633%,0.013651,AN,76282.0,2019-03-06,252.0,-1.2901%,-0.0012,0.717,0.8149,0.7511,1.4688%,1.6590%,21.6180%,0.003106,AN,76282.0,2019-03-07,252.0,-2.0331%,-0.0013,0.7196,0.8075,0.7525,1.4692%,1.6594%,21.6148%,-0.011493,AN,76282.0,2019-03-08,252.0,-0.3558%,-0.0012,0.7188,0.8204,0.7506,1.4673%,1.6587%,21.7463%,-0.001189,AN,-0.065454,-0.059594,-0.087345,-0.083244,-0.083541
13603,ARTS WAY MANUFACTURING INC,What To Do When The Market Gets Sick,6,uncertain,0.5,0.5,"the phrase 'when the market gets sick' suggests potential negative market conditions, but without specific details about arts way manufacturing inc's performance or context, the impact on its stock price remains unclear.",1,2019-02-22,ARTW,2019-02-22 20:50:00+00:00,15203.0,04316810,0.0516431406140327,95049.0,-0.0044642812572419,-0.0533332824707031,-0.0448430068790912,-0.1541353613138199,0.0093896621838212,0.3782384097576141,0.0,0.0,-0.0099535873159766,-0.0051546953618526,-0.0322277285158634,-0.0049750939942896,0.0048543643206357,0.0102072805166244,-0.0193236544728279,-0.0316106788814067,-0.0246305186301469,0.0219465028494596,0.0048989597707986,0.0001025199890136,-0.0163843426853418,-0.0101522747427225,0.0015328909503296,-0.0343136936426162,0.0101525243371725,0.0793650671839714,-0.0095959864556789,-0.0052631529979407,0.021213661879301,0.0,-0.0412463806569576,0.0160427652299404,0.0208333767950534,0.010810799896717,0.0204591117799282,-0.0796019732952117,-0.0200489275157451,0.0062074647285044,0.0357142500579357,-0.0273165553808212,-0.0443349331617355,0.0217412840574979,0.0,-0.0269170850515365,0.0051546338945627,0.0432322733104229,0.0256409998983144,-0.0149253588169813,0.0299999713897705,-0.0603085346519947,0.0145630929619073,0.0708921030163765,0.0095693692564964,0.0190816354006528,0.0142181096598506,-0.0199999809265136,0.0233644619584083,0.0436234846711158,-0.0091324113309383,-0.0418000221252441,-0.0829493328928947,0.010101000778377,-0.005075380206108,-0.0246305186301469,0.0220212955027818,0.0149999856948852,-0.0017296688165515,-0.0231513120234012,0.0024753042962402,0.0236999988555908,0.027160407975316,0.0289124548435211,0.0432693064212799,-0.0281000137329101,-0.0184331610798835,-0.0049751196056604,0.0657276362180709,-0.0205155462026596,-0.0308369752019643,-0.0269796233624219,0.0,-0.0629166141152381,0.0226818434894084,-0.0543697513639926,-0.0266234241425991,0.048458207398653,-0.0045662056654691,-0.0087336162105202,0.0045871515758335,0.0177777614444494,-0.0182648226618766,-0.0370624251663684,0.0279069487005472,0.0159130934625864,-0.0133032174780964,0.0,-0.0002750899584498,-0.0750422179698944,-0.0045871515758335,0.0954184755682945,0.0645160675048828,0.0044247745536267,-0.0648051649332046,-0.0131004247814416,0.0230060741305351,-0.004347822163254,-0.0271492954343557,-0.0376569665968418,-0.0033954130485653,0.0204518176615238,0.0174079947173595,0.0272368136793375,0.0228898227214813,0.0088495491072535,4.490596256800927e-05,-0.00440528197214,-0.0048879017122089,-0.0130434660241007,0.0049119102768599,0.0148252081125974,-0.0044642812572419,-0.0533332824707031,-0.0491070963412045,-0.1992480990208491,-0.0401785332028556,0.1036270266158914,-0.0497321999803698,0.0979381655005793,-0.1117410943323363,0.0923077186442722,-0.0312499728140694,0.0650000491978031,-0.0044642756455465,-0.0601835521773631,2019-02-25,2019-02-26,2019-02-27,2019-02-28,2019-03-01,2019-03-04,2019-03-05,2019-03-06,2019-03-07,2019-03-08,15203.0,2019-02-22,252.0,5.1643%,0.0001,0.2906,0.2,-0.4918,4.7856%,4.8166%,1.2822%,0.04229,ARTW,15203.0,2019-02-25,252.0,-0.4464%,0.0001,0.2904,0.2024,-0.4915,4.7857%,4.8167%,1.2821%,-0.0053659999999999,ARTW,15203.0,2019-02-26,252.0,-4.4843%,-0.0002,0.2794,0.2755,-0.4627,4.7892%,4.8193%,1.2437%,-0.044805,ARTW,15203.0,2019-02-27,252.0,0.9390%,-0.0001,0.2887,0.2614,-0.4611,4.7877%,4.8182%,1.2598%,0.00796,ARTW,15203.0,2019-02-28,252.0,0.0000%,0.0001,0.2605,0.242,-0.4815,4.7762%,4.8047%,1.1848%,-0.00041,ARTW,15203.0,2019-03-01,252.0,-0.9954%,-0.0001,0.2832,0.2758,-0.4396,4.7695%,4.7987%,1.2119%,-0.014547,ARTW,15203.0,2019-03-04,252.0,-3.2228%,-0.0002,0.2823,0.3038,-0.4451,4.7724%,4.8026%,1.2562%,-0.028028,ARTW,15203.0,2019-03-05,252.0,0.4854%,-0.0002,0.2765,0.2624,-0.4511,4.7705%,4.7992%,1.1940%,0.005118,ARTW,15203.0,2019-03-06,252.0,-1.9324%,-0.0002,0.2925,0.2809,-0.4306,4.7696%,4.7993%,1.2338%,-0.013604,ARTW,15203.0,2019-03-07,252.0,-2.4631%,-0.0007,0.2802,0.1738,-0.4773,4.7344%,4.7632%,1.2030%,-0.023546,ARTW,15203.0,2019-03-08,252.0,0.4899%,-0.0004,0.2746,0.2552,-0.4906,4.7117%,4.7428%,1.3075%,0.004527,ARTW,0.036924,-0.007881,7.8999999999994e-05,-0.014878,-0.070411
13611,A T N INTERNATIONAL INC,"Maxim Group Upgrades ATN International to Buy, Announces $73",6,increase,0.8,0.7,"the upgrade to 'buy' by maxim group, along with a target price announcement, typically signals positive sentiment and can lead to an increase in stock price.",2,2019-02-22,ATNI,2019-02-22 14:42:00+00:00,77090.0,00215F10,0.0188552010804414,141613.0,-0.0657633766531944,-0.2093703746795654,-0.0205164458602666,-0.0273174606263637,-0.000180609175004,0.0246749892830848,0.0137258833274245,0.0350129790604114,-0.013361838646233,-0.000274490652373,0.0019862875342369,-0.00951739680022,0.0,0.0215278193354606,0.0023427149280905,-0.0078544812276959,-0.0100682768970727,-0.0072503252886235,0.0018161727348342,0.0159833431243896,0.0270123574882745,-0.0182835850864648,0.0022947441320866,-0.0048879920504987,-0.0186685025691986,-0.0062069771811366,0.0053840493783354,-0.0063019739463925,-0.011246002279222,0.0142799271270632,0.0018054214306175,0.0004081466468051,-0.011533667333424,-0.0156689193099737,0.0083865616470575,-0.0021382288541644,0.0122943464666605,-0.0047878785990178,-0.0150026809424161,-0.0114382747560739,0.0039890734478831,0.0118398219347,0.0021672882139682,-0.0135170444846153,0.0057667992077767,-0.0072955335490405,0.0116466498002409,0.0134671814739704,0.0017764873337,0.000264086673269,0.0251818057149648,0.0034455624409019,-0.0192008409649133,-0.0086705684661865,0.0123456921428442,0.0040892390534281,0.0067944144830107,-0.0034179326612502,0.0186883192509412,-0.0137430001050233,-0.0088330302387475,0.0417341478168964,-0.0152527745813131,0.0084446035325527,0.0395057499408721,0.0288676787167787,-0.0087058506906032,-0.0104007767513394,0.0013511540601029,0.0081085115671157,-0.009951090440154,-0.0120166121050715,-0.0044293380342423,0.0159596987068653,-0.0013688914477825,-0.0050146342255175,0.0234749652445316,0.048182263970375,-0.0045203492045402,-0.0410249270498752,0.0070636058226227,-0.0237835627049207,0.0086840419098734,-0.019565787166357,0.0286423750221729,-0.0215053670108318,-0.0141638666391372,0.0263795293867588,-0.0158367548137903,-0.0478020720183849,0.0127737307921052,-0.0001281667937291,-0.0085176164284348,-0.0216872990131378,-0.0128861526027321,0.0371862277388572,0.0384937115013599,0.008523492142558,0.0151491127908229,-0.0180273167788982,-0.0300048124045133,-0.0205574128776788,-0.0068739471025764,0.0151069043204188,0.0123599208891391,-0.0476712547242641,0.0154647687450051,-0.0300378538668155,-0.0235652644187212,-0.0209564100950956,0.0147759243845939,-0.020192839205265,0.0071185668930411,0.0222660098224878,-0.0186345353722572,0.0282614212483167,-0.0162056256085634,0.0026303350459784,0.0,0.0077108358964324,-0.0657633766531944,-0.2093703746795654,-0.0849305917567675,-0.2309683683392931,-0.0850958616876618,-0.2119925210697119,-0.0849305919010271,-0.184625905728868,-0.0885657738896943,-0.1744266298634005,-0.0243260051102707,-0.2298715992164478,-0.0039407740993038,-0.2826569062209829,2019-02-25,2019-02-26,2019-02-27,2019-02-28,2019-03-01,2019-03-04,2019-03-05,2019-03-06,2019-03-07,2019-03-08,77090.0,2019-02-22,252.0,1.8855%,0.0008,0.9888,1.2663,0.8717,2.7063%,2.9233%,14.2955%,0.018555,ATNI,77090.0,2019-02-25,252.0,-6.5763%,0.0003,0.9987,1.3073,0.9297,2.6855%,2.9103%,14.8506%,-0.062485,ATNI,77090.0,2019-02-26,252.0,-2.0516%,0.0001,0.9826,1.3337,0.9311,2.6795%,2.9031%,14.8109%,-0.007584,ATNI,77090.0,2019-02-27,252.0,-0.0181%,0.0001,0.981,1.3359,0.9308,2.6794%,2.9027%,14.7922%,-0.0025819999999999,ATNI,77090.0,2019-02-28,252.0,1.3726%,0.0002,0.9692,1.3284,0.918,2.6804%,2.8982%,14.4659%,0.018727,ATNI,77090.0,2019-03-01,252.0,-1.3362%,0.0001,0.9728,1.3337,0.9331,2.6823%,2.8992%,14.4042%,-0.020611,ATNI,77090.0,2019-03-04,252.0,0.1986%,0.0001,0.9793,1.3045,0.9332,2.6809%,2.8971%,14.3693%,0.0086509999999999,ATNI,77090.0,2019-03-05,252.0,0.0000%,0.0002,0.9836,1.3432,0.9334,2.6767%,2.8967%,14.6171%,0.007858,ATNI,77090.0,2019-03-06,252.0,0.2343%,0.0003,0.9681,1.2918,0.9089,2.6813%,2.8950%,14.2168%,0.027066,ATNI,77090.0,2019-03-07,252.0,-1.0068%,0.0003,0.9686,1.2972,0.911,2.6812%,2.8952%,14.2356%,0.001683,ATNI,77090.0,2019-03-08,252.0,0.1816%,0.0003,0.9682,1.2933,0.9107,2.6812%,2.8944%,14.1883%,0.004757,ATNI,-0.04393,-0.051514,-0.054096,-0.05598,-0.005965
13619,BROADCOM INC,"Morgan Stanley Turns Bullish On Intel, Cites CEO Changeover",6,uncertain,0.6,0.2,"the news about morgan stanley turning bullish on intel may not directly impact broadcom inc.'s stock price, as it primarily concerns intel and could lead to mixed market reactions.",1,2019-02-22,AVGO,2019-02-22 16:08:00+00:00,93002.0,11135F10,-0.0158040951937437,2733114.0,0.0075949588790535,-0.0087503027170896,-0.0129217728972435,0.0062487032264471,-0.0127636715769767,-0.0009576455922797,0.0142546510323882,0.0015275051118806,-0.009478447958827,0.0006398147088475,0.0078460667282342,0.0069078798405826,0.0077121574431657,0.0133106531575322,-0.0204324871301651,0.0060570812784135,-0.0215220060199499,0.0184696614742279,-0.0049715917557477,-0.0257774721831083,0.0184336844831705,0.0229999683797359,0.002118513919413,-0.0077906628139317,0.0058598322793841,0.0199017934501171,-0.0110983345657587,-0.005368135869503,0.0823638886213302,-0.0094897244125604,0.0122291073203086,0.0168969649821519,0.0186155773699283,-0.0048575885593891,-0.0188099257647991,-0.0011943245772272,0.0198260974138975,0.0166572369635105,-0.0139824599027633,0.0234156530350446,-0.001674321712926,-0.0029812208376824,0.0166689325124025,-0.009700171649456,-0.0035686548799276,0.0215016081929206,0.0104740550741553,0.0144219500944018,0.005483612883836,-0.0186751671135425,0.0168934091925621,0.0224020220339298,-0.0089604649692773,0.0011972214560955,0.0037948340177536,0.0042080916464328,-0.0072321239858865,0.0131557798013091,0.0075496649369597,0.0432498455047607,0.000657329452224,-0.008025836199522,-0.0033828124869614,0.0203661620616912,0.0133794611319899,0.0098284939303994,0.0061786407604813,-0.0889510810375213,0.0246275011450052,-0.0030281748622655,-0.0019872090779244,0.0027209371328353,0.0066371876746416,0.0109228231012821,0.0063736224547028,0.0109212808310985,-0.0059588919393718,0.0613344572484493,-0.0113614816218614,-0.0453636050224304,0.0020317924208939,0.0124850319698452,-0.0041503864340484,-0.0082004182040691,-0.0079851727932691,-0.0231505539268255,-0.0045218509621918,-0.0071223648265004,0.0074417628347873,-0.0027469173073768,0.018163189291954,-0.0134339379146695,0.001570351771079,0.0130205983296036,-0.0096581578254699,0.0329768247902393,-0.0003483499167487,0.0317241214215755,-0.0131132500246167,0.0467710979282856,-0.0137368766590952,0.0058088013902306,-0.0126915741711854,-0.0206860359758138,0.0022083222866058,-0.0414343513548374,-0.0003289025335106,0.0196285061538219,-0.0348071679472923,0.0069132447242736,0.0293816719204187,0.0023807394318282,0.0078476658090949,-0.002586611546576,-0.0232611186802387,0.0022098689805716,-0.0248914994299411,0.023531986400485,-0.0596778690814971,-0.0004348091315478,0.0075949588790535,-0.0087503027170896,-0.0054249543519889,-0.0025562775354631,-0.0181193835932969,-0.0035114751198284,-0.0135623861977509,-0.0013507919003247,-0.0445207859762559,0.0171246904441337,0.1104905891889675,0.190070710635994,-0.0051642339016079,0.2344430454991328,2019-02-25,2019-02-26,2019-02-27,2019-02-28,2019-03-01,2019-03-04,2019-03-05,2019-03-06,2019-03-07,2019-03-08,93002.0,2019-02-22,252.0,-1.5804%,0.0005,1.0647,-0.0362,-0.1311,1.8964%,2.2231%,27.2303%,-0.025137,AVGO,93002.0,2019-02-25,252.0,0.7595%,0.0005,1.0648,-0.0385,-0.1316,1.8966%,2.2235%,27.2361%,0.005568,AVGO,93002.0,2019-02-26,252.0,-1.2922%,0.0004,1.0673,-0.0235,-0.1222,1.8983%,2.2226%,27.0578%,-0.011999,AVGO,93002.0,2019-02-27,252.0,-1.2764%,0.0004,1.0739,-0.0396,-0.1212,1.8978%,2.2241%,27.1899%,-0.013926,AVGO,93002.0,2019-02-28,252.0,1.4255%,0.0005,1.075,-0.0383,-0.1243,1.9000%,2.2255%,27.1127%,0.017189,AVGO,93002.0,2019-03-01,252.0,-0.9478%,0.0004,1.0648,-0.0535,-0.1317,1.9023%,2.2221%,26.7142%,-0.017695,AVGO,93002.0,2019-03-04,252.0,0.7846%,0.0005,1.0632,-0.0598,-0.1285,1.9041%,2.2209%,26.4958%,0.013593,AVGO,93002.0,2019-03-05,252.0,0.7712%,0.0004,1.0565,-0.1061,-0.1364,1.8991%,2.2131%,26.3660%,0.008936,AVGO,93002.0,2019-03-06,252.0,-2.0432%,0.0005,1.0766,-0.0911,-0.1116,1.8930%,2.2148%,26.9463%,-0.0129299999999999,AVGO,93002.0,2019-03-07,252.0,-2.1522%,0.0004,1.0799,-0.1022,-0.1104,1.8933%,2.2171%,27.0724%,-0.013216,AVGO,93002.0,2019-03-08,252.0,-0.4972%,0.0005,1.0792,-0.0842,-0.1124,1.8906%,2.2150%,27.1449%,-0.002822,AVGO,-0.019569,-0.031568,-0.045494,-0.046,-0.0524389999999999
13627,BROADCOM INC,Cowen & Co. Downgrades Broadcom to Market Perform,6,decrease,0.8,0.6,"a downgrade from an investment firm typically signals reduced confidence in the company's future performance, which can lead to a decrease in stock price.",0,2019-02-22,AVGO,2019-02-22 11:41:00+00:00,93002.0,11135F10,-0.0158040951937437,2733114.0,0.0075949588790535,-0.0087503027170896,-0.0129217728972435,0.0062487032264471,-0.0127636715769767,-0.0009576455922797,0.0142546510323882,0.0015275051118806,-0.009478447958827,0.0006398147088475,0.0078460667282342,0.0069078798405826,0.0077121574431657,0.0133106531575322,-0.0204324871301651,0.0060570812784135,-0.0215220060199499,0.0184696614742279,-0.0049715917557477,-0.0257774721831083,0.0184336844831705,0.0229999683797359,0.002118513919413,-0.0077906628139317,0.0058598322793841,0.0199017934501171,-0.0110983345657587,-0.005368135869503,0.0823638886213302,-0.0094897244125604,0.0122291073203086,0.0168969649821519,0.0186155773699283,-0.0048575885593891,-0.0188099257647991,-0.0011943245772272,0.0198260974138975,0.0166572369635105,-0.0139824599027633,0.0234156530350446,-0.001674321712926,-0.0029812208376824,0.0166689325124025,-0.009700171649456,-0.0035686548799276,0.0215016081929206,0.0104740550741553,0.0144219500944018,0.005483612883836,-0.0186751671135425,0.0168934091925621,0.0224020220339298,-0.0089604649692773,0.0011972214560955,0.0037948340177536,0.0042080916464328,-0.0072321239858865,0.0131557798013091,0.0075496649369597,0.0432498455047607,0.000657329452224,-0.008025836199522,-0.0033828124869614,0.0203661620616912,0.0133794611319899,0.0098284939303994,0.0061786407604813,-0.0889510810375213,0.0246275011450052,-0.0030281748622655,-0.0019872090779244,0.0027209371328353,0.0066371876746416,0.0109228231012821,0.0063736224547028,0.0109212808310985,-0.0059588919393718,0.0613344572484493,-0.0113614816218614,-0.0453636050224304,0.0020317924208939,0.0124850319698452,-0.0041503864340484,-0.0082004182040691,-0.0079851727932691,-0.0231505539268255,-0.0045218509621918,-0.0071223648265004,0.0074417628347873,-0.0027469173073768,0.018163189291954,-0.0134339379146695,0.001570351771079,0.0130205983296036,-0.0096581578254699,0.0329768247902393,-0.0003483499167487,0.0317241214215755,-0.0131132500246167,0.0467710979282856,-0.0137368766590952,0.0058088013902306,-0.0126915741711854,-0.0206860359758138,0.0022083222866058,-0.0414343513548374,-0.0003289025335106,0.0196285061538219,-0.0348071679472923,0.0069132447242736,0.0293816719204187,0.0023807394318282,0.0078476658090949,-0.002586611546576,-0.0232611186802387,0.0022098689805716,-0.0248914994299411,0.023531986400485,-0.0596778690814971,-0.0004348091315478,0.0075949588790535,-0.0087503027170896,-0.0054249543519889,-0.0025562775354631,-0.0181193835932969,-0.0035114751198284,-0.0135623861977509,-0.0013507919003247,-0.0445207859762559,0.0171246904441337,0.1104905891889675,0.190070710635994,-0.0051642339016079,0.2344430454991328,2019-02-25,2019-02-26,2019-02-27,2019-02-28,2019-03-01,2019-03-04,2019-03-05,2019-03-06,2019-03-07,2019-03-08,93002.0,2019-02-22,252.0,-1.5804%,0.0005,1.0647,-0.0362,-0.1311,1.8964%,2.2231%,27.2303%,-0.025137,AVGO,93002.0,2019-02-25,252.0,0.7595%,0.0005,1.0648,-0.0385,-0.1316,1.8966%,2.2235%,27.2361%,0.005568,AVGO,93002.0,2019-02-26,252.0,-1.2922%,0.0004,1.0673,-0.0235,-0.1222,1.8983%,2.2226%,27.0578%,-0.011999,AVGO,93002.0,2019-02-27,252.0,-1.2764%,0.0004,1.0739,-0.0396,-0.1212,1.8978%,2.2241%,27.1899%,-0.013926,AVGO,93002.0,2019-02-28,252.0,1.4255%,0.0005,1.075,-0.0383,-0.1243,1.9000%,2.2255%,27.1127%,0.017189,AVGO,93002.0,2019-03-01,252.0,-0.9478%,0.0004,1.0648,-0.0535,-0.1317,1.9023%,2.2221%,26.7142%,-0.017695,AVGO,93002.0,2019-03-04,252.0,0.7846%,0.0005,1.0632,-0.0598,-0.1285,1.9041%,2.2209%,26.4958%,0.013593,AVGO,93002.0,2019-03-05,252.0,0.7712%,0.0004,1.0565,-0.1061,-0.1364,1.8991%,2.2131%,26.3660%,0.008936,AVGO,93002.0,2019-03-06,252.0,-2.0432%,0.0005,1.0766,-0.0911,-0.1116,1.8930%,2.2148%,26.9463%,-0.0129299999999999,AVGO,93002.0,2019-03-07,252.0,-2.1522%,0.0004,1.0799,-0.1022,-0.1104,1.8933%,2.2171%,27.0724%,-0.013216,AVGO,93002.0,2019-03-08,252.0,-0.4972%,0.0005,1.0792,-0.0842,-0.1124,1.8906%,2.2150%,27.1449%,-0.002822,AVGO,-0.019569,-0.031568,-0.045494,-0.046,-0.0524389999999999
13635,BARNES GROUP INC,"Barnes Group Q4 EPS $0.84 Beats $0.82 Estimate, Sales $384M Miss $391.37M Estimate; Sees FY19 Adj. EPS $3.25-$3.40 vs $3.47 Estimate",6,decrease,0.7,0.6,"the earnings per share (eps) beat expectations, but the sales miss and lower guidance for fy19 suggest potential challenges ahead, likely leading to a decrease in stock price.",0,2019-02-22,B,2019-02-22 11:33:00+00:00,39693.0,06780610,-0.0076647270470857,360813.0,-0.0138408336788415,-0.0013029613764956,-0.0238930713385343,0.0006519053713418,0.0032523528207093,0.0088786734268069,-0.0092134606093168,0.0087908236309885,0.0043051489628851,-0.0070816911756992,-0.0005143823800608,0.0069652069360017,-0.0089209200814366,0.0227272752672433,-0.0107321953400969,0.0020394108723849,-0.0141732515767216,-0.0013577396748587,-0.0108271315693855,-0.0186542756855487,0.0141755053773522,0.0016683732392266,-0.0046001793816685,0.0005007307627238,-0.0060433731414377,0.0082464106380939,-0.011087249033153,0.0057548466138541,-0.0048824674449861,0.0068166586570441,0.0050881807692348,0.0205217450857162,-0.0084975808858871,0.0093031199648976,-0.0107585731893777,-0.0174197703599929,0.0071889287792146,0.0189806316047906,-0.0565519817173481,0.0085076810792088,-0.000775963475462,-0.0101754702627658,0.0071831247769296,-0.0201134290546178,-0.0092521114274859,0.0144750261679291,0.0027237234171479,0.025576826184988,-0.0025223335251212,0.0032298637088388,0.0248978566378355,-0.0023272656835615,-0.0017081069527193,-0.0104517294093966,0.0039924508891999,0.0010640427935868,0.0134444059804081,0.008044347167015,0.0087817870080471,0.0104768425226211,-0.0018522371537983,0.0191458202898502,-0.0159584451466798,0.0007369365775957,0.011691546998918,0.0339047387242317,-0.0137931341305375,-0.0326147116720676,0.0102060278877615,0.0121223712339997,-0.0016838194569572,0.0122710531577467,0.0138680255040526,0.0020809802226722,-0.0027726010885089,0.0136145558208227,-0.0001853964058682,0.0492957904934883,-0.0090841278433799,-0.028348010033369,0.0149672450497746,-0.0332639999687671,-0.0007373440894298,-0.0018864078447222,-0.02508763410151,-0.0426223687827587,0.0264900960028171,0.013174700550735,0.0318893939256668,-0.014071780256927,-0.0064308792352676,-0.0129985669627785,0.0197771005332469,-0.001777434721589,-0.0021157041192054,0.014790759421885,0.0217315088957548,0.0059879878535866,0.0010374814737588,0.0111926719546318,-0.026602191850543,-0.0218952111899852,-0.0078083164989948,-0.0049999780021607,0.0107315052300691,-0.0654205307364463,-0.0007077880436554,-0.0021648805122822,-0.0270940773189067,0.0266711842268705,0.0047324742190539,-0.0134929874911904,0.0039854603819549,0.028804438188672,0.0046914857812225,-0.0178936477750539,-0.0079022739082574,0.0042669423855841,-0.0085083488374948,0.0011961670825257,-0.0138408336788415,-0.0013029613764956,-0.0374032049909025,-0.0006519054126737,-0.0342725005894489,0.0082209799588688,-0.0390508980127555,0.0098813974716365,-0.0817267944048443,0.0213190995468675,-0.1103970526886833,0.1076589445032991,-0.0975448691786151,0.0507040034221333,2019-02-25,2019-02-26,2019-02-27,2019-02-28,2019-03-01,2019-03-04,2019-03-05,2019-03-06,2019-03-07,2019-03-08,39693.0,2019-02-22,252.0,-0.7665%,-0.0001,1.1252,0.7347,0.4252,1.2730%,1.7291%,45.8018%,-0.01311,B,39693.0,2019-02-25,252.0,-1.3841%,-0.0003,1.1277,0.7435,0.4391,1.2686%,1.7269%,46.0333%,-0.012953,B,39693.0,2019-02-26,252.0,-2.3893%,-0.0002,1.1435,0.7502,0.4542,1.2657%,1.7329%,46.6533%,-0.015981,B,39693.0,2019-02-27,252.0,0.3252%,-0.0002,1.1485,0.7417,0.4551,1.2637%,1.7329%,46.8212%,0.001243,B,39693.0,2019-02-28,252.0,-0.9213%,-0.0002,1.1459,0.7398,0.4543,1.2634%,1.7283%,46.5623%,-0.004764,B,39693.0,2019-03-01,252.0,0.4305%,-0.0002,1.1379,0.7279,0.4439,1.2615%,1.7188%,46.1334%,-0.004364,B,39693.0,2019-03-04,252.0,-0.0514%,-0.0001,1.1309,0.7454,0.447,1.2593%,1.7143%,46.0331%,0.006494,B,39693.0,2019-03-05,252.0,-0.8921%,-0.0001,1.1315,0.7481,0.4488,1.2596%,1.7129%,45.9283%,-0.003705,B,39693.0,2019-03-06,252.0,-1.0732%,-0.0,1.1326,0.7279,0.4473,1.2595%,1.7142%,46.0163%,0.007929,B,39693.0,2019-03-07,252.0,-1.4173%,-0.0,1.1354,0.7361,0.4534,1.2590%,1.7164%,46.1922%,-0.0029909999999999,B,39693.0,2019-03-08,252.0,-1.0827%,-0.0,1.1361,0.7421,0.4542,1.2596%,1.7177%,46.2301%,-0.008016,B,-0.026063,-0.042044,-0.040801,-0.0499289999999999,-0.050218
13643,ALIBABA GROUP HOLDING LTD,"Apple Partners with Ant Financial, Local Banks to Provide Interest-free iPhone Financing in China",6,uncertain,0.5,0.5,"while the partnership may enhance competition in the tech market, its direct impact on alibaba's stock price is unclear as it does not directly involve alibaba's core business operations.",1,2019-02-22,BABA,2019-02-22 09:50:00+00:00,14888.0,01609W10,0.0306419339030981,16175610.0,0.0357788950204849,0.0055649750865995,0.0015825008740648,0.0031144320964813,0.0056663863360881,0.024255184456706,-0.0083974590525031,-0.0132439183071255,0.0046440809965133,-0.0060211867094039,0.0183271430432796,0.0040897820144891,-0.0120160216465592,0.007524692453444,-0.0044864965602755,0.0005377409979701,-0.0371938459575176,0.0023957467637956,-0.0129145523533225,-0.0265858061611652,0.0307376161217689,-0.0018040945287793,0.0012194513110443,0.0307738743722438,0.0003874885733239,-0.0075608994811773,-0.0018815514631569,-0.0030862619169056,0.0033821279648691,0.0100107789039611,0.0047521721571683,0.0633605420589447,0.0017048757290467,-0.01283660531044,-0.0047216461971402,-0.0018215471645817,0.0012135989964008,0.021493686363101,-0.028870552778244,0.0251924078911542,0.0142403822392225,-0.0007886632811278,-0.0038597215898334,-0.0310152228921651,-0.0058962432667613,0.0067320833913981,0.003954114858061,0.0072978874668478,0.026557145640254,0.026245966553688,-0.0085502741858363,0.0107858283445239,0.0046990220434963,-0.0135474689304828,-0.0188180804252624,-0.0024391529150307,0.015421712771058,-0.0015139266615733,0.0236372593790292,0.0349479205906391,0.0062044449150562,0.0257860720157623,0.0036997450515627,0.0239714216440916,-0.0053421654738485,0.0700612068176269,-0.0064987740479409,-0.0446231961250305,0.0212455838918685,-0.0026994261424988,-0.0309141725301742,-0.0145228924229741,0.0148030333220958,0.0046226033009588,0.0095274206250905,0.0032608474139124,-0.0032524692360311,0.0463264882564544,-0.008344910107553,-0.0008333379519172,0.0103030987083911,-0.0230182856321334,-0.0086496621370315,-0.0148023832589387,0.0119028743356466,-0.0261327065527439,-0.0042048571631312,-0.0219474136829376,-0.0008017205400392,-0.0336913056671619,-0.007328528445214,-0.0163717698305845,0.0201540663838386,-0.0001320414012297,0.0057049379684031,-0.002173495478928,0.0253164935857057,0.0026415451429784,-0.0357051417231559,-0.0106494510546326,-0.0361772887408733,-0.017775809392333,-0.0101416325196623,-0.0158519297838211,-0.0030625483486801,-0.032979167997837,-0.0058087203651666,0.0179037973284721,-0.0448876731097698,0.0293063856661319,0.0284101050347089,-0.0192042030394077,0.0157859176397323,0.0184071939438581,-0.0114301731809973,0.0028845088090747,-0.0341744013130664,0.0377834923565387,-0.0526037216186523,0.0061575407162308,0.0357788950204849,0.0055649750865995,0.0374180160271928,0.0086967389201066,0.0432964272980209,0.0331628643834918,0.0393398544070491,0.0133412619497923,-0.0106827882001798,0.0008162267377469,0.0476487051618785,0.169425784219062,-0.0919624922287205,0.1489190691061133,2019-02-25,2019-02-26,2019-02-27,2019-02-28,2019-03-01,2019-03-04,2019-03-05,2019-03-06,2019-03-07,2019-03-08,14888.0,2019-02-22,252.0,3.0642%,-0.0007,1.2608,0.1763,-0.8432,1.5734%,2.2677%,51.8635%,0.009239,BABA,14888.0,2019-02-25,252.0,3.5779%,-0.0006,1.2602,0.1592,-0.8541,1.5872%,2.2789%,51.4896%,0.032728,BABA,14888.0,2019-02-26,252.0,0.1583%,-0.0006,1.257,0.1591,-0.8566,1.5870%,2.2739%,51.2873%,0.001699,BABA,14888.0,2019-02-27,252.0,0.5666%,-0.0005,1.261,0.1532,-0.8559,1.5863%,2.2740%,51.3395%,0.003105,BABA,14888.0,2019-02-28,252.0,-0.8397%,-0.0005,1.2548,0.1488,-0.8589,1.5844%,2.2664%,51.1305%,-0.0067589999999999,BABA,14888.0,2019-03-01,252.0,0.4644%,-0.0005,1.2538,0.1473,-0.8568,1.5851%,2.2654%,51.0422%,-0.008348,BABA,14888.0,2019-03-04,252.0,1.8327%,-0.0004,1.2463,0.1461,-0.8489,1.5948%,2.2638%,50.3710%,0.0286879999999999,BABA,14888.0,2019-03-05,252.0,-1.2016%,-0.0003,1.2541,0.2,-0.8391,1.5873%,2.2638%,50.8337%,-0.011572,BABA,14888.0,2019-03-06,252.0,-0.4486%,-0.0003,1.2504,0.1812,-0.8459,1.5883%,2.2631%,50.7421%,0.0088139999999999,BABA,14888.0,2019-03-07,252.0,-3.7194%,-0.0005,1.2572,0.1566,-0.8438,1.5896%,2.2666%,50.8154%,-0.029695,BABA,14888.0,2019-03-08,252.0,-1.2915%,-0.0006,1.259,0.1521,-0.8407,1.5910%,2.2673%,50.7630%,-0.011751,BABA,0.041967,0.043666,0.046771,0.031664,0.016148
13651,BRAINSTORM CELL THERAPEUTICS INC,Brainstorm Announces First Contracted US Clinical Site For Phase 2 Progressive MS Study,6,increase,0.7,0.6,"the announcement of the first contracted us clinical site for a phase 2 study indicates progress in brainstorm's research and development efforts, which is likely to positively influence investor sentiment and stock price.",2,2019-02-22,BCLI,2019-02-22 12:45:00+00:00,14925.0,10501E20,0.0335051827132701,96910.0,0.0099750524386763,0.0077922623604536,-0.0049382667057216,-0.030226731672883,-0.0124069945886731,-0.0025125604588538,-0.0176130831241607,0.0257731713354587,-0.0025319969281554,0.002584038535133,-0.0051282001659274,0.0292552914470434,0.0,0.0080428877845406,-0.0103093292564153,-0.020997354760766,0.0286458693444728,-0.010389600880444,0.0075949295423924,0.0078533962368965,-0.0025125604588538,0.0611111223697662,-0.0050377785228192,0.0,0.0,0.0084033533930778,0.017721502110362,-0.0272479951381683,0.0074627390131354,-0.0027173885609954,-0.0049382667057216,0.008219170384109,-0.0024814461357891,0.0110803879797458,-0.002487500431016,0.0197739917784929,0.0074812299571931,0.0056818127632141,0.0173267759382724,0.0,0.0364963710308075,0.0414200760424137,0.0,-0.0259365737438201,0.0164318531751632,0.0,-0.0161662120372057,0.0057970960624516,0.0187793243676424,-0.017094001173973,-0.0092165805399417,0.0115273660048842,-0.0023256344720721,0.02967363409698,-0.0093240002170205,-0.0231884531676769,-0.0094117559492588,0.0207100380212068,-0.0079809632152318,-0.0058823470026254,-0.0039269076660275,0.0059171537868678,-0.0168268494307994,0.0029674270190298,-0.0024450435303151,-0.0088235912844538,-0.0220588035881519,-0.0173410233110189,-0.0037594246678054,-0.0253520887345075,-0.0188678763806819,0.0534124858677387,-0.0076923612505197,0.0337422974407672,-0.0129198851063847,0.0030769200529903,-0.0078533962368965,0.0061919447034597,0.0026385199744254,-0.0901408270001411,-0.0026315764989703,0.1912751495838165,0.0554089806973934,-0.016501635313034,0.0075000524520874,0.0066445120610296,-0.0049627739936113,-0.0131147420033812,0.0049875262193381,0.0066006537526845,-0.0124069945886731,-0.0194174572825431,-0.0201004836708307,-0.0283019337803125,0.0,0.029126264154911,0.0,0.0299999713897705,0.0230769012123346,-0.01960782520473,0.0125313159078359,0.0199999809265136,-0.0024751862511038,0.0,-0.0024814461357891,-0.0291261859238147,-0.0174129195511341,-0.0064308624714612,-0.0202532056719064,-0.0032051252201199,0.0077519924379885,0.0229507982730865,0.0179487001150846,-0.0065146517008543,-0.0352645106613636,-0.0191693864762783,0.0156658440828323,0.0162338279187679,-0.0308483596891164,-0.0523077175021171,0.0099750524386763,0.0077922623604536,0.0049875262636089,-0.0226700039359235,-0.0074813485364275,-0.0251256046392859,-0.0274314535914694,0.0025840387185029,-0.0074813479762464,0.0157068555372152,0.0414962475122366,0.1411764720013804,-0.0598504332867317,0.1938461921525405,2019-02-25,2019-02-26,2019-02-27,2019-02-28,2019-03-01,2019-03-04,2019-03-05,2019-03-06,2019-03-07,2019-03-08,14925.0,2019-02-22,252.0,3.3505%,0.0011,0.2625,0.6875,-0.0411,2.8246%,2.8652%,2.8138%,0.027953,BCLI,14925.0,2019-02-25,252.0,0.9975%,0.0012,0.2604,0.6804,-0.0526,2.8231%,2.8636%,2.8104%,0.011195,BCLI,14925.0,2019-02-26,252.0,-0.4938%,0.0012,0.2605,0.6826,-0.0514,2.8231%,2.8639%,2.8270%,-0.0004399999999999,BCLI,14925.0,2019-02-27,252.0,-1.2407%,0.0013,0.2762,0.6503,-0.0488,2.8155%,2.8559%,2.8049%,-0.0141,BCLI,14925.0,2019-02-28,252.0,-1.7613%,0.0012,0.2853,0.656,-0.0379,2.8172%,2.8582%,2.8511%,-0.017109,BCLI,14925.0,2019-03-01,252.0,-0.2532%,0.0011,0.2945,0.6696,-0.02,2.8153%,2.8573%,2.9183%,-0.00673,BCLI,14925.0,2019-03-04,252.0,-0.5128%,0.0011,0.2912,0.6825,-0.0196,2.8150%,2.8575%,2.9551%,-0.0009299999999999,BCLI,14925.0,2019-03-05,252.0,0.0000%,0.001,0.2861,0.6438,-0.0237,2.8116%,2.8506%,2.7153%,0.002474,BCLI,14925.0,2019-03-06,252.0,-1.0309%,0.0008,0.2618,0.6668,-0.048,2.7965%,2.8364%,2.7986%,0.000125,BCLI,14925.0,2019-03-07,252.0,2.8646%,0.0009,0.2436,0.6364,-0.0809,2.8006%,2.8380%,2.6216%,0.031011,BCLI,14925.0,2019-03-08,252.0,0.7595%,0.0009,0.2426,0.637,-0.0824,2.8009%,2.8382%,2.6087%,0.007585,BCLI,0.039148,0.038708,0.0246079999999999,0.0007689999999999,0.041034
13659,BIOGEN INC,"Guggenheim Downgrades Biogen to Neutral, Lowers Price Target to $325",6,decrease,0.8,0.6,"a downgrade to 'neutral' and a lower price target typically signal reduced investor confidence, which can lead to a decrease in stock price.",0,2019-02-22,BIIB,2019-02-22 13:05:00+00:00,76841.0,09062X10,0.0129525577649474,1029961.0,0.0066087497398257,-0.0417412295937538,0.0004274585517123,0.0064864973537623,0.0038765019271522,0.0003905575431417,-0.002675681374967,0.0251301284879446,0.0185664948076009,0.0098587507382035,-0.0204729009419679,0.0066055660136044,-0.0011917577357962,0.0080790156498551,-0.0272279325872659,0.0055534401908516,-0.0084284450858831,0.0206976439803838,-0.0233436375856399,-0.0735505372285842,0.0114636402577161,-0.0111279273405671,0.0040454948320984,0.0087406318634748,0.0250703394412994,0.0095494352281093,0.002994732465595,-0.0085984636098146,0.0259704105556011,0.0180565286427736,-0.0128080947324633,-0.0197919923812151,-0.0057884487323462,0.0135450474917888,-0.009791244752705,-0.0200729854404926,-0.2923047840595245,0.011716267094016,-0.0448254495859146,-0.0128996092826128,0.0163812823593616,-0.0051333205774426,0.0574321672320365,0.0045639793388545,-0.0127087999135255,-0.0027191077824682,0.0124810198321938,0.0190043002367019,0.0152907716110348,-0.0163240190595388,-0.0164565499871969,0.0215483158826828,0.0033549775835126,-0.008373032324016,-0.0080165062099695,0.006099184975028,0.0157303344458341,0.0139607433229684,0.0284207295626401,0.0067500998266041,-0.0081912782043218,0.0063275699503719,-0.0090097757056355,0.0127854980528354,0.0113645801320672,0.0369054935872554,-0.0268436688929796,0.007581468205899,0.0028653217013925,0.0125282099470496,-0.0090831760317087,0.0252113137394189,-0.0157076809555292,-0.0030230449046939,-0.006733160931617,-0.0025748203042894,-0.0034773894585669,0.0598564222455024,0.0106895100325346,-0.0074839843437075,0.006118653807789,-0.0401258207857608,-0.0252378806471824,-0.0012300244998186,0.0244652666151523,-0.0069889654405415,0.0027839376125484,-0.058607492595911,-0.0049884784966707,-0.004609702154994,-0.0006103382329456,-0.0174611937254667,0.0011341585777699,-0.0076562128961086,0.0044444631785154,0.008818213827908,0.0028630418237298,0.0010956865735352,0.0211524125188589,0.0085561564192175,-0.0298640355467796,-0.0305172968655824,0.0085581671446561,0.0123013081029057,-0.0108667183667421,-0.0284776519984006,-0.009804374538362,-0.0045846779830753,-0.0025195246562361,0.0217691324651241,0.0155986389145255,-0.0169455967843532,0.006152385380119,0.0260337628424167,0.001214271178469,0.0134898200631141,-0.0068869767710566,-0.0018120050663128,0.006454971153289,0.0143237076699733,0.0066087497398257,-0.0417412295937538,0.0070390332581304,-0.035525486615294,0.0109428220112732,-0.0351488038189237,0.0269573041447812,-0.0011506983467002,-0.0534841387535509,-0.0362200780594529,-0.2570005450161577,-0.0100788777551755,-0.2906894350882609,0.0177779638594686,2019-02-25,2019-02-26,2019-02-27,2019-02-28,2019-03-01,2019-03-04,2019-03-05,2019-03-06,2019-03-07,2019-03-08,76841.0,2019-02-22,252.0,1.2953%,0.0004,0.9327,0.0724,-0.2816,1.9240%,2.2033%,23.7496%,0.002295,BIIB,76841.0,2019-02-25,252.0,0.6609%,0.0004,0.9319,0.0695,-0.2859,1.9237%,2.2034%,23.7694%,0.004791,BIIB,76841.0,2019-02-26,252.0,0.0427%,0.0003,0.9239,0.076,-0.2886,1.9220%,2.1966%,23.4426%,0.00132,BIIB,76841.0,2019-02-27,252.0,0.3877%,0.0004,0.9329,0.0606,-0.2871,1.9178%,2.1958%,23.7162%,0.002454,BIIB,76841.0,2019-02-28,252.0,-0.2676%,0.0004,0.9394,0.0651,-0.2821,1.9164%,2.1959%,23.8366%,-0.000614,BIIB,76841.0,2019-03-01,252.0,1.8566%,0.0004,0.9449,0.0733,-0.2782,1.9171%,2.1986%,23.9659%,0.010396,BIIB,76841.0,2019-03-04,252.0,-2.0473%,0.0004,0.9405,0.1009,-0.2801,1.9175%,2.1976%,23.8621%,-0.014271,BIIB,76841.0,2019-03-05,252.0,-0.1192%,0.0004,0.9391,0.0893,-0.281,1.9170%,2.1954%,23.7504%,-4.2e-05,BIIB,76841.0,2019-03-06,252.0,-2.7228%,0.0003,0.9518,0.1231,-0.2621,1.9196%,2.2025%,24.0373%,-0.018193,BIIB,76841.0,2019-03-07,252.0,-0.8428%,0.0004,0.9545,0.133,-0.2556,1.9190%,2.2031%,24.1256%,-0.001493,BIIB,76841.0,2019-03-08,252.0,-2.3344%,0.0003,0.957,0.1416,-0.2521,1.9234%,2.2080%,24.1135%,-0.021835,BIIB,0.007086,0.008406,0.01086,0.020642,-0.035192
13667,BIOGEN INC,"BMO Capital Initiates Coverage On Biogen with Market Perform Rating, Announces $322 Price Target",6,uncertain,0.6,0.2,"while a market perform rating suggests a neutral outlook, the specific price target of $322 may not significantly sway investor sentiment either way.",1,2019-02-22,BIIB,2019-02-22 12:16:00+00:00,76841.0,09062X10,0.0129525577649474,1029961.0,0.0066087497398257,-0.0417412295937538,0.0004274585517123,0.0064864973537623,0.0038765019271522,0.0003905575431417,-0.002675681374967,0.0251301284879446,0.0185664948076009,0.0098587507382035,-0.0204729009419679,0.0066055660136044,-0.0011917577357962,0.0080790156498551,-0.0272279325872659,0.0055534401908516,-0.0084284450858831,0.0206976439803838,-0.0233436375856399,-0.0735505372285842,0.0114636402577161,-0.0111279273405671,0.0040454948320984,0.0087406318634748,0.0250703394412994,0.0095494352281093,0.002994732465595,-0.0085984636098146,0.0259704105556011,0.0180565286427736,-0.0128080947324633,-0.0197919923812151,-0.0057884487323462,0.0135450474917888,-0.009791244752705,-0.0200729854404926,-0.2923047840595245,0.011716267094016,-0.0448254495859146,-0.0128996092826128,0.0163812823593616,-0.0051333205774426,0.0574321672320365,0.0045639793388545,-0.0127087999135255,-0.0027191077824682,0.0124810198321938,0.0190043002367019,0.0152907716110348,-0.0163240190595388,-0.0164565499871969,0.0215483158826828,0.0033549775835126,-0.008373032324016,-0.0080165062099695,0.006099184975028,0.0157303344458341,0.0139607433229684,0.0284207295626401,0.0067500998266041,-0.0081912782043218,0.0063275699503719,-0.0090097757056355,0.0127854980528354,0.0113645801320672,0.0369054935872554,-0.0268436688929796,0.007581468205899,0.0028653217013925,0.0125282099470496,-0.0090831760317087,0.0252113137394189,-0.0157076809555292,-0.0030230449046939,-0.006733160931617,-0.0025748203042894,-0.0034773894585669,0.0598564222455024,0.0106895100325346,-0.0074839843437075,0.006118653807789,-0.0401258207857608,-0.0252378806471824,-0.0012300244998186,0.0244652666151523,-0.0069889654405415,0.0027839376125484,-0.058607492595911,-0.0049884784966707,-0.004609702154994,-0.0006103382329456,-0.0174611937254667,0.0011341585777699,-0.0076562128961086,0.0044444631785154,0.008818213827908,0.0028630418237298,0.0010956865735352,0.0211524125188589,0.0085561564192175,-0.0298640355467796,-0.0305172968655824,0.0085581671446561,0.0123013081029057,-0.0108667183667421,-0.0284776519984006,-0.009804374538362,-0.0045846779830753,-0.0025195246562361,0.0217691324651241,0.0155986389145255,-0.0169455967843532,0.006152385380119,0.0260337628424167,0.001214271178469,0.0134898200631141,-0.0068869767710566,-0.0018120050663128,0.006454971153289,0.0143237076699733,0.0066087497398257,-0.0417412295937538,0.0070390332581304,-0.035525486615294,0.0109428220112732,-0.0351488038189237,0.0269573041447812,-0.0011506983467002,-0.0534841387535509,-0.0362200780594529,-0.2570005450161577,-0.0100788777551755,-0.2906894350882609,0.0177779638594686,2019-02-25,2019-02-26,2019-02-27,2019-02-28,2019-03-01,2019-03-04,2019-03-05,2019-03-06,2019-03-07,2019-03-08,76841.0,2019-02-22,252.0,1.2953%,0.0004,0.9327,0.0724,-0.2816,1.9240%,2.2033%,23.7496%,0.002295,BIIB,76841.0,2019-02-25,252.0,0.6609%,0.0004,0.9319,0.0695,-0.2859,1.9237%,2.2034%,23.7694%,0.004791,BIIB,76841.0,2019-02-26,252.0,0.0427%,0.0003,0.9239,0.076,-0.2886,1.9220%,2.1966%,23.4426%,0.00132,BIIB,76841.0,2019-02-27,252.0,0.3877%,0.0004,0.9329,0.0606,-0.2871,1.9178%,2.1958%,23.7162%,0.002454,BIIB,76841.0,2019-02-28,252.0,-0.2676%,0.0004,0.9394,0.0651,-0.2821,1.9164%,2.1959%,23.8366%,-0.000614,BIIB,76841.0,2019-03-01,252.0,1.8566%,0.0004,0.9449,0.0733,-0.2782,1.9171%,2.1986%,23.9659%,0.010396,BIIB,76841.0,2019-03-04,252.0,-2.0473%,0.0004,0.9405,0.1009,-0.2801,1.9175%,2.1976%,23.8621%,-0.014271,BIIB,76841.0,2019-03-05,252.0,-0.1192%,0.0004,0.9391,0.0893,-0.281,1.9170%,2.1954%,23.7504%,-4.2e-05,BIIB,76841.0,2019-03-06,252.0,-2.7228%,0.0003,0.9518,0.1231,-0.2621,1.9196%,2.2025%,24.0373%,-0.018193,BIIB,76841.0,2019-03-07,252.0,-0.8428%,0.0004,0.9545,0.133,-0.2556,1.9190%,2.2031%,24.1256%,-0.001493,BIIB,76841.0,2019-03-08,252.0,-2.3344%,0.0003,0.957,0.1416,-0.2521,1.9234%,2.2080%,24.1135%,-0.021835,BIIB,0.007086,0.008406,0.01086,0.020642,-0.035192
13675,BLACKROCK INC,"Warren Buffett, Other Kraft Heinz Institutional Investors Left With Mustard On Their Shirts",6,uncertain,0.5,0.5,"the news about kraft heinz and its investors, including warren buffett, does not directly relate to blackrock inc.'s performance or stock price, making the impact uncertain.",1,2019-02-22,BLK,2019-02-22 22:11:00+00:00,87267.0,09247X10,0.0039078942500054,400264.0,0.0050604310818016,-0.0050318194553256,0.0036452421918511,0.0142668103799223,0.0033596146386116,-0.0020372839644551,0.0027374753262847,0.0202418807893991,0.0012408911716192,-0.0095215979963541,-0.0145120276138186,0.0045592403039336,-0.0034527648240327,0.0310394894331693,-0.0061500133015215,0.0022828890942037,-0.0155166406184434,-0.0078311366960406,-0.0044424603693187,-0.0033142121974378,0.0161164198070764,-0.0028019517194479,-0.0006073575350455,-0.0010048648109659,0.0093492893502116,0.0028070665430277,0.0041450737044215,0.0041678976267576,-0.0001845284859882,0.0165307484567165,0.0159843694418668,0.0017417974304407,-0.0134171890094876,0.0055753155611455,-0.0107002183794975,-0.0111965527758002,0.0010233809007331,0.0083382884040474,-0.0302072688937187,-0.0047003854997456,-0.0046721817925572,-0.0123790986835956,0.0174767337739467,-0.0139468489214777,-0.007168710231781,0.0167992413043975,0.0127013307064771,-0.0012590052792802,0.0056474432349205,0.0307704266160726,0.0257856640964746,0.0108217997476458,-0.0044252886436879,-0.0037445407360792,0.0060029672458767,-0.0039799655787646,0.0063087637536227,-0.0017241870518773,0.007378258742392,0.0057299355976283,0.0023365728557109,0.0127255599945783,-0.0141884088516235,0.0027818803209811,0.0067074694670736,0.0366156846284866,0.0075661204755306,-0.0293770283460617,0.0184708274900913,-0.0086553478613495,-0.00548040214926,0.0118228783831,0.0324879921972751,0.0011088788742199,0.0020362276118248,0.0172336287796497,-0.003850323613733,0.0537911467254161,-0.0035861053038388,-0.0200184602290391,0.0215723682194948,-0.0067533287219703,0.0129527980461716,-0.0013971063308417,-0.0119124501943588,-0.0291117876768112,0.0095478948205709,0.0134831620380282,0.0017954513896256,-0.0105937430635094,0.0112537387758493,-0.0128334276378154,-0.0125916777178645,-0.0071782455779612,-0.0056769587099552,0.0114349517971277,0.0127830989658832,-0.0193256512284278,-0.0127046732231974,0.0004070304275956,-0.026450041681528,-0.0178147684782743,0.0036656365264207,-0.0131865171715617,-0.0026854577008634,-0.0600639171898365,-0.0026280668098479,0.0160276275128126,-0.0436717085540294,0.0119875334203243,0.0069560199044644,-0.0101340757682919,-0.003364284755662,0.0242352709174156,0.0064812428317964,-0.0031780607532709,-0.0127001004293561,0.0292171984910965,-0.0078585045412182,-0.00247782189399,0.0050604310818016,-0.0050318194553256,0.0087241197705412,0.0091632029105617,0.012113044089643,0.0071072508997538,0.0161430387722141,0.0177096205643898,-0.0279252892654306,0.0447416469517629,0.0269646165632433,0.0932622590223672,0.0107906526698871,0.0755656474920729,2019-02-25,2019-02-26,2019-02-27,2019-02-28,2019-03-01,2019-03-04,2019-03-05,2019-03-06,2019-03-07,2019-03-08,87267.0,2019-02-22,252.0,0.3908%,-0.0006,1.323,-0.2814,0.6124,0.9375%,1.6071%,65.9669%,0.005925,BLK,87267.0,2019-02-25,252.0,0.5060%,-0.0006,1.3225,-0.2839,0.6092,0.9375%,1.6069%,65.9645%,0.003347,BLK,87267.0,2019-02-26,252.0,0.3645%,-0.0006,1.3218,-0.2922,0.6045,0.9383%,1.6024%,65.7096%,0.005855,BLK,87267.0,2019-02-27,252.0,0.3360%,-0.0006,1.3172,-0.2828,0.6037,0.9363%,1.5938%,65.4894%,0.00335,BLK,87267.0,2019-02-28,252.0,0.2737%,-0.0006,1.3135,-0.2851,0.5989,0.9376%,1.5893%,65.1933%,0.008287,BLK,87267.0,2019-03-01,252.0,0.1241%,-0.0006,1.3184,-0.2777,0.6087,0.9360%,1.5890%,65.2979%,-0.005084,BLK,87267.0,2019-03-04,252.0,-1.4512%,-0.0006,1.3169,-0.263,0.6069,0.9376%,1.5838%,64.9536%,-0.011231,BLK,87267.0,2019-03-05,252.0,-0.3453%,-0.0006,1.3166,-0.265,0.6067,0.9376%,1.5837%,64.9497%,-0.000663,BLK,87267.0,2019-03-06,252.0,-0.6150%,-0.0006,1.3167,-0.2695,0.6062,0.9376%,1.5813%,64.8401%,0.001238,BLK,87267.0,2019-03-07,252.0,-1.5517%,-0.0007,1.3157,-0.2791,0.6022,0.9362%,1.5821%,64.9842%,-0.002998,BLK,87267.0,2019-03-08,252.0,-0.4442%,-0.0007,1.3158,-0.2819,0.6025,0.9361%,1.5823%,65.0008%,-0.000475,BLK,0.009272,0.015127,0.018477,0.0216799999999999,0.0075509999999999
13683,BIOMARIN PHARMACEUTICAL INC,BioMarin Pharma shares are trading lower after the company reported Q4 sales of $353 million versus the $380 million analyst estimate.,6,decrease,0.8,0.7,"the company's q4 sales fell short of analyst estimates, which is likely to negatively impact investor sentiment and lead to a decrease in stock price.",0,2019-02-22,BMRN,2019-02-22 14:05:00+00:00,87056.0,09061G10,-0.0105843357741832,2365450.0,0.0397177375853061,-0.0204059779644012,0.0088659981265664,-0.0129558499902486,0.0173592120409011,-0.0227683745324611,-0.0054387813434004,0.0055632465519011,0.0160840656608343,-0.0186876505613327,-0.0170958489179611,0.0002099825942423,-0.0049387919716537,0.0278467535972595,-0.0175873674452304,-0.0172888971865177,0.0028555134776979,0.0055460389703512,-0.0144562451168894,-0.0228243339806795,0.0142237897962331,-0.0167042929679155,0.0193930566310882,-0.0083333300426602,0.0227859281003475,-0.002230797195807,-0.006935725454241,0.0045839319936931,0.000317447411362,0.0123749300837516,-0.0123770041391253,0.0296241343021392,-0.0205655321478843,0.0106234345585107,-0.016185512766242,-0.0235750209540128,0.0091151585802435,0.0297799110412597,-0.0300726573914289,-0.0096174553036689,0.0056785913184285,-0.021743694320321,0.0125352973118424,-0.0207800045609474,-0.0191835947334766,0.0018459676066413,-0.0014783361693844,0.0188068449497222,0.0116160381585359,0.0082165673375129,0.0067544574849307,0.0191089510917663,0.0201275087893009,-0.0138682778924703,0.0072344187647104,0.0055354121141135,0.0053324396722018,0.0338983237743377,0.0164538249373436,-0.0156013257801532,-0.0161874778568744,0.0233950614929199,-0.0115825906395912,0.0354765094816684,0.0108422460034489,0.0344418250024318,-0.0375948101282119,-0.0089454110711812,0.0123831862583756,-0.0022313850931823,0.0213499180972576,0.0185407064855098,-0.03636359795928,-0.0047619231045246,-0.0695966929197311,0.0026259396690875,0.0098361289128661,0.0454205051064491,0.0066137011162936,-0.0096391346305608,0.0273563601076602,-0.0572061464190483,-0.0059302574954926,-0.0005821544327773,-0.0021055131219327,-0.041303914040327,-0.0025788445491343,-0.0310437548905611,0.0075215306133031,-0.0070884292945265,-0.0023329588584601,-0.0083075808361172,-0.015783917158842,-0.0065601812675595,-0.0098598459735512,0.0235001724213361,0.0089982002973556,-0.0158798415213823,-0.0074910493567585,0.0121899126097559,-0.0176111329346895,-0.0297258105129003,0.0087805027142167,0.0197459533810615,0.007978674955666,-0.0419265627861022,-0.0113935833796858,0.0183276291936636,-0.0252335537225008,-0.0074418731965124,0.0087119424715638,-0.0188621897250413,0.075385570526123,0.0232437252998352,0.0287975501269102,-0.0065972516313195,-0.0107059115543961,0.0344423465430736,-0.0231089554727077,0.0020301574841141,0.0397177375853061,-0.0204059779644012,0.0489358730988953,-0.0330974511652388,0.0671445733373268,-0.0551122505334999,0.0784112793581335,-0.0676115734181789,0.024126494702455,-0.0744137524000957,0.0686240898651737,-0.0378115403553848,-0.0137703258257215,-0.0510738233000297,2019-02-25,2019-02-26,2019-02-27,2019-02-28,2019-03-01,2019-03-04,2019-03-05,2019-03-06,2019-03-07,2019-03-08,87056.0,2019-02-22,252.0,-1.0584%,-0.0001,1.2069,0.3884,-0.3599,1.6627%,2.1851%,42.1010%,-0.026546,BMRN,87056.0,2019-02-25,252.0,3.9718%,0.0001,1.2062,0.3689,-0.3726,1.6798%,2.1990%,41.6456%,0.03817,BMRN,87056.0,2019-02-26,252.0,0.8866%,0.0002,1.2214,0.3379,-0.3769,1.6712%,2.1984%,42.2123%,0.011828,BMRN,87056.0,2019-02-27,252.0,1.7359%,0.0003,1.222,0.3412,-0.3768,1.6738%,2.1997%,42.1037%,0.015066,BMRN,87056.0,2019-02-28,252.0,-0.5439%,0.0003,1.2245,0.3428,-0.3743,1.6737%,2.1986%,42.0444%,-0.002761,BMRN,87056.0,2019-03-01,252.0,1.6084%,0.0003,1.2202,0.3364,-0.383,1.6731%,2.1959%,41.9509%,0.004686,BMRN,87056.0,2019-03-04,252.0,-1.7096%,0.0004,1.2059,0.3912,-0.381,1.6610%,2.1813%,42.0107%,-0.008002,BMRN,87056.0,2019-03-05,252.0,-0.4939%,0.0003,1.2035,0.3704,-0.3816,1.6591%,2.1747%,41.7974%,-0.002681,BMRN,87056.0,2019-03-06,252.0,-1.7587%,0.0003,1.2043,0.3771,-0.3798,1.6592%,2.1767%,41.8972%,-0.002748,BMRN,87056.0,2019-03-07,252.0,0.2856%,0.0003,1.196,0.3584,-0.3962,1.6588%,2.1735%,41.7561%,0.011652,BMRN,87056.0,2019-03-08,252.0,-1.4456%,0.0002,1.1979,0.356,-0.393,1.6608%,2.1752%,41.7047%,-0.012768,BMRN,0.011624,0.023452,0.038518,0.040443,0.0258959999999999
13691,BOYD GAMING CORP,Boyd Gaming shares are trading higher after the company beat Q4 sales estimates and provided FY19 EBITDAR guidance of $885-$910 million.,6,increase,0.8,0.7,the positive earnings report and favorable ebitdar guidance are likely to boost investor confidence and drive the stock price higher.,2,2019-02-22,BYD,2019-02-22 18:09:00+00:00,79758.0,10330410,0.0961810201406478,4382598.0,-0.0045161093585193,-0.0042253145948052,0.0084251528605818,0.0106761297211051,-0.0077121360227465,0.0089766606688499,-0.0362693965435028,0.0145719349384307,0.0117607656866312,-0.0039912448264658,-0.0119561804458499,0.004373138770461,-0.016470581293106,0.0095658656209707,-0.0198222808539867,0.0210367944091558,-0.0066248443908989,-0.0209635775536298,0.0157950427383184,-0.0134252151474356,0.0131305856630206,-0.0054131946526467,-0.0177353508770465,-0.007521525491029,0.0090277856215834,0.0086705116555094,-0.0213351789861917,0.0131771825253963,-0.0052853990346193,0.024756183847785,-0.0063762064091861,0.0183345880359411,-0.0103386454284191,-0.0154193248599767,-0.0054034446366131,-0.0048652379773557,0.0112277967855334,0.0284834410995245,-0.0204154625535011,0.012865494005382,0.010603254660964,-0.0142198633402586,0.0104920743033289,-0.0258329715579748,-0.037594024091959,0.0348701924085617,0.0163690671324729,0.0007754381513223,0.0014641623711213,0.0201740600168705,0.0358186960220336,-0.0043323631398379,0.0084685878828167,-0.0323933064937591,0.0199440065771341,0.006134963594377,-0.0044596623629331,0.0183521788567304,0.0044796401634812,0.0444535128772258,-0.0089193908497691,0.0483112893998622,-0.0190377030521631,0.0507636629045009,0.0299929566681385,0.0569800958037376,0.0071942131035029,-0.0098731070756912,0.0159864369779825,0.0235803537070751,-0.0100435595959425,0.0191270876675844,0.0108217690140008,-0.0029340523760765,-0.0097022084519267,-0.0237981658428907,0.0067567178048193,0.0908618867397308,0.0006711563328281,-0.0218385122716426,0.0238095577806234,-0.0338566564023494,0.0131018543615937,-0.0201923120766878,-0.0116392048075795,-0.069351278245449,-0.0009813143406063,-0.0205959379673004,-0.0153896920382976,-0.0459866374731063,-0.0428998693823814,-0.0033333301544189,-0.0340514741837978,-0.0008326584938913,0.0057553905062377,0.0260572675615549,0.0039342138916254,-0.0245833396911621,-0.019593846052885,0.0105263162404298,-0.0374273508787155,-0.0254411492496728,0.0083049945533275,-0.0020474707707762,0.0101085910573601,-0.051650483161211,0.0070422734133899,0.0374697968363761,-0.0415899567306041,-0.0016090472927317,-0.0023042000830173,-0.0036072204820811,0.0207852553576231,0.0576515719294548,0.0079185171052813,-0.0137959830462932,-0.0213243439793586,0.036844402551651,-0.0076452889479696,-0.0166240148246288,-0.0045161093585193,-0.0042253145948052,0.0038709945903818,0.0064057051195731,-0.003870995069189,0.0154398676296263,-0.0287096578155184,0.0261248640512448,-0.0664515969006768,0.0261248655070711,-0.0576894345306896,0.1533442203546535,-0.1608102314529126,0.2089929694535053,2019-02-25,2019-02-26,2019-02-27,2019-02-28,2019-03-01,2019-03-04,2019-03-05,2019-03-06,2019-03-07,2019-03-08,79758.0,2019-02-22,252.0,9.6181%,-0.0007,1.5798,1.0744,-0.1692,1.8674%,2.6263%,49.4405%,0.079112,BYD,79758.0,2019-02-25,252.0,-0.4516%,-0.0006,1.5765,1.073,-0.1821,1.8591%,2.6208%,49.6811%,-0.004497,BYD,79758.0,2019-02-26,252.0,0.8425%,-0.0006,1.5633,1.0612,-0.198,1.8597%,2.6115%,49.2901%,0.017114,BYD,79758.0,2019-02-27,252.0,-0.7712%,-0.0006,1.568,1.0496,-0.1973,1.8596%,2.6119%,49.3111%,-0.011473,BYD,79758.0,2019-02-28,252.0,-3.6269%,-0.0008,1.5814,1.0578,-0.1802,1.8684%,2.6212%,49.1929%,-0.032212,BYD,79758.0,2019-03-01,252.0,1.1761%,-0.0009,1.6017,1.088,-0.1475,1.8557%,2.6211%,49.8752%,-0.003503,BYD,79758.0,2019-03-04,252.0,-1.1956%,-0.0009,1.5997,1.0927,-0.1465,1.8556%,2.6210%,49.8757%,0.00121,BYD,79758.0,2019-03-05,252.0,-1.6471%,-0.0009,1.6043,1.1219,-0.1396,1.8548%,2.6220%,49.9590%,-0.010805,BYD,79758.0,2019-03-06,252.0,-1.9822%,-0.0008,1.6072,1.0986,-0.1395,1.8540%,2.6249%,50.1121%,0.007755,BYD,79758.0,2019-03-07,252.0,-0.6625%,-0.0008,1.6042,1.099,-0.1433,1.8546%,2.6243%,50.0599%,0.006773,BYD,79758.0,2019-03-08,252.0,1.5795%,-0.0007,1.6013,1.105,-0.1484,1.8582%,2.6262%,49.9336%,0.018441,BYD,0.074615,0.091729,0.080256,0.044541,0.067915
13699,CITIGROUP INC,"Jefferies Upgrades Citi To Buy, Sounds Optimistic Note On Latin American Business",6,increase,0.8,0.6,"the upgrade to 'buy' from jefferies, along with an optimistic outlook on citi's latin american business, is likely to boost investor confidence and drive the stock price higher.",2,2019-02-22,C,2019-02-22 20:31:00+00:00,70519.0,17296742,-0.0027985121123492,14003814.0,0.0060804397799074,-0.0049504903145134,-0.0063535724766552,0.0040385546162724,0.0043667932040989,0.0017115391092374,-0.006521769799292,0.0296379122883081,0.0076586697250604,-0.0098350690677762,-0.0111680040135979,0.005903985351324,-0.0128627400845289,0.0172049589455127,-0.0066741136834025,-0.0064505357295274,-0.0097583876922726,-0.0127368737012147,0.0025848117657005,-0.0169040225446224,0.0040283594280481,0.0012536909198388,0.0080243935808539,-0.0039025319274514,0.0133736683055758,0.0061253244057297,0.0072270082309842,-0.0052746031433343,0.0168460737913847,0.0037371201906353,0.0113514009863138,0.0159785188734531,-0.0045503270812332,-0.0100234830752015,-0.0202650353312492,-0.0026553918141871,-0.0060653681866824,0.0208897721022367,-0.0458457246422767,0.0093352328985929,-0.0106591954827308,0.004527123644948,0.0147521859034895,-0.0201204139739275,-0.0080039473250508,0.0104049574583768,0.0205829087644815,0.0045023732818663,0.0038722439203411,0.0131964413449168,0.0343940742313861,0.0415747612714767,0.0009322180994786,0.0395131707191467,0.0099347932264208,0.0044294828549027,0.0116815576329827,0.0010641638655215,-0.0041020456701517,0.0165885686874389,0.0079328240826725,-0.0026973839849233,-0.0131678935140371,0.0087066851556301,0.0049079707823693,0.0488964915275573,0.0059524881653487,-0.0181206315755844,0.0229099448770284,0.0282365996390581,-0.0005933093489147,0.0044375755824148,0.0286435205489397,0.0011589989298954,0.015005063265562,0.0064152767881751,-0.0096659604460001,0.0442549809813499,-0.0083249872550368,-0.0195064358413219,0.0015921351732686,-0.0388367846608161,-0.0053467503748834,-0.0104127079248428,-0.0014528325991705,-0.0205822475254535,0.0113487374037504,-0.0058986120857298,0.0218673087656498,-0.0139949191361665,-0.0046459501609206,-0.0134480902925133,-0.0104667311534285,-0.0037513233255594,0.0057175746187567,-0.004268973134458,0.010801556520164,-0.0148939630016684,-0.0036789940204471,-0.0219365693628788,-0.0319556854665279,-0.0284715760499239,0.0008802458178251,-0.0353356413543224,-0.0086485482752323,-0.044505912810564,0.0039923745207488,0.005710800178349,-0.0518410056829452,-0.0016949246637523,0.0136689180508256,-0.0103690195828676,-0.0059760860167443,0.033406913280487,0.0171111542731523,-0.0042366306297481,-0.0137921134009957,0.0320647694170475,-0.0016904965741559,-0.0178145207464695,0.0060804397799074,-0.0049504903145134,-0.0003117652115793,-0.0009319285237534,0.0040536665783124,0.0007780155533685,0.0051450245635309,0.0203045479950816,-0.0324290299946785,0.0067303217415928,0.0219832180737316,0.1679515800765509,0.0192335598030231,0.0302941701835837,2019-02-25,2019-02-26,2019-02-27,2019-02-28,2019-03-01,2019-03-04,2019-03-05,2019-03-06,2019-03-07,2019-03-08,70519.0,2019-02-22,252.0,-0.2799%,-0.0003,1.273,-0.1278,1.0158,0.9244%,1.5473%,64.3043%,0.004595,C,70519.0,2019-02-25,252.0,0.6080%,-0.0003,1.2723,-0.1314,1.0116,0.9246%,1.5468%,64.2685%,0.005567,C,70519.0,2019-02-26,252.0,-0.6354%,-0.0003,1.2774,-0.1339,1.014,0.9234%,1.5457%,64.3121%,-0.00192,C,70519.0,2019-02-27,252.0,0.4367%,-0.0002,1.2804,-0.138,1.0146,0.9229%,1.5452%,64.3256%,0.004588,C,70519.0,2019-02-28,252.0,-0.6522%,-0.0002,1.28,-0.1383,1.0142,0.9229%,1.5424%,64.1986%,-8.800000000000001e-05,C,70519.0,2019-03-01,252.0,0.7659%,-0.0002,1.2839,-0.1325,1.0188,0.9225%,1.5416%,64.1950%,0.002811,C,70519.0,2019-03-04,252.0,-1.1168%,-0.0002,1.2815,-0.1168,1.0176,0.9230%,1.5358%,63.8815%,-0.009085,C,70519.0,2019-03-05,252.0,-1.2863%,-0.0002,1.2834,-0.1076,1.0221,0.9244%,1.5378%,63.8645%,-0.008694,C,70519.0,2019-03-06,252.0,-0.6674%,-0.0002,1.2857,-0.1155,1.0235,0.9237%,1.5369%,63.8752%,0.002252,C,70519.0,2019-03-07,252.0,-0.9758%,-0.0002,1.2861,-0.1049,1.0271,0.9220%,1.5377%,64.0490%,0.003991,C,70519.0,2019-03-08,252.0,0.2585%,-0.0001,1.2853,-0.108,1.026,0.9230%,1.5378%,63.9788%,0.007123,C,0.010162,0.008242,0.01283,0.015553,0.01114
13707,CITIGROUP INC,"Jefferies Upgrades Citigroup to Buy, Raises Price Target to $73",6,increase,0.8,0.6,"upgrades from analysts, especially with a raised price target, typically signal positive sentiment and can lead to an increase in stock price.",2,2019-02-22,C,2019-02-22 11:37:00+00:00,70519.0,17296742,-0.0027985121123492,14003814.0,0.0060804397799074,-0.0049504903145134,-0.0063535724766552,0.0040385546162724,0.0043667932040989,0.0017115391092374,-0.006521769799292,0.0296379122883081,0.0076586697250604,-0.0098350690677762,-0.0111680040135979,0.005903985351324,-0.0128627400845289,0.0172049589455127,-0.0066741136834025,-0.0064505357295274,-0.0097583876922726,-0.0127368737012147,0.0025848117657005,-0.0169040225446224,0.0040283594280481,0.0012536909198388,0.0080243935808539,-0.0039025319274514,0.0133736683055758,0.0061253244057297,0.0072270082309842,-0.0052746031433343,0.0168460737913847,0.0037371201906353,0.0113514009863138,0.0159785188734531,-0.0045503270812332,-0.0100234830752015,-0.0202650353312492,-0.0026553918141871,-0.0060653681866824,0.0208897721022367,-0.0458457246422767,0.0093352328985929,-0.0106591954827308,0.004527123644948,0.0147521859034895,-0.0201204139739275,-0.0080039473250508,0.0104049574583768,0.0205829087644815,0.0045023732818663,0.0038722439203411,0.0131964413449168,0.0343940742313861,0.0415747612714767,0.0009322180994786,0.0395131707191467,0.0099347932264208,0.0044294828549027,0.0116815576329827,0.0010641638655215,-0.0041020456701517,0.0165885686874389,0.0079328240826725,-0.0026973839849233,-0.0131678935140371,0.0087066851556301,0.0049079707823693,0.0488964915275573,0.0059524881653487,-0.0181206315755844,0.0229099448770284,0.0282365996390581,-0.0005933093489147,0.0044375755824148,0.0286435205489397,0.0011589989298954,0.015005063265562,0.0064152767881751,-0.0096659604460001,0.0442549809813499,-0.0083249872550368,-0.0195064358413219,0.0015921351732686,-0.0388367846608161,-0.0053467503748834,-0.0104127079248428,-0.0014528325991705,-0.0205822475254535,0.0113487374037504,-0.0058986120857298,0.0218673087656498,-0.0139949191361665,-0.0046459501609206,-0.0134480902925133,-0.0104667311534285,-0.0037513233255594,0.0057175746187567,-0.004268973134458,0.010801556520164,-0.0148939630016684,-0.0036789940204471,-0.0219365693628788,-0.0319556854665279,-0.0284715760499239,0.0008802458178251,-0.0353356413543224,-0.0086485482752323,-0.044505912810564,0.0039923745207488,0.005710800178349,-0.0518410056829452,-0.0016949246637523,0.0136689180508256,-0.0103690195828676,-0.0059760860167443,0.033406913280487,0.0171111542731523,-0.0042366306297481,-0.0137921134009957,0.0320647694170475,-0.0016904965741559,-0.0178145207464695,0.0060804397799074,-0.0049504903145134,-0.0003117652115793,-0.0009319285237534,0.0040536665783124,0.0007780155533685,0.0051450245635309,0.0203045479950816,-0.0324290299946785,0.0067303217415928,0.0219832180737316,0.1679515800765509,0.0192335598030231,0.0302941701835837,2019-02-25,2019-02-26,2019-02-27,2019-02-28,2019-03-01,2019-03-04,2019-03-05,2019-03-06,2019-03-07,2019-03-08,70519.0,2019-02-22,252.0,-0.2799%,-0.0003,1.273,-0.1278,1.0158,0.9244%,1.5473%,64.3043%,0.004595,C,70519.0,2019-02-25,252.0,0.6080%,-0.0003,1.2723,-0.1314,1.0116,0.9246%,1.5468%,64.2685%,0.005567,C,70519.0,2019-02-26,252.0,-0.6354%,-0.0003,1.2774,-0.1339,1.014,0.9234%,1.5457%,64.3121%,-0.00192,C,70519.0,2019-02-27,252.0,0.4367%,-0.0002,1.2804,-0.138,1.0146,0.9229%,1.5452%,64.3256%,0.004588,C,70519.0,2019-02-28,252.0,-0.6522%,-0.0002,1.28,-0.1383,1.0142,0.9229%,1.5424%,64.1986%,-8.800000000000001e-05,C,70519.0,2019-03-01,252.0,0.7659%,-0.0002,1.2839,-0.1325,1.0188,0.9225%,1.5416%,64.1950%,0.002811,C,70519.0,2019-03-04,252.0,-1.1168%,-0.0002,1.2815,-0.1168,1.0176,0.9230%,1.5358%,63.8815%,-0.009085,C,70519.0,2019-03-05,252.0,-1.2863%,-0.0002,1.2834,-0.1076,1.0221,0.9244%,1.5378%,63.8645%,-0.008694,C,70519.0,2019-03-06,252.0,-0.6674%,-0.0002,1.2857,-0.1155,1.0235,0.9237%,1.5369%,63.8752%,0.002252,C,70519.0,2019-03-07,252.0,-0.9758%,-0.0002,1.2861,-0.1049,1.0271,0.9220%,1.5377%,64.0490%,0.003991,C,70519.0,2019-03-08,252.0,0.2585%,-0.0001,1.2853,-0.108,1.026,0.9230%,1.5378%,63.9788%,0.007123,C,0.010162,0.008242,0.01283,0.015553,0.01114
13715,CHIMERIX INC,Chimerix To Present Results From Post-Hoc Analysis Of Phase 3 Study Transplantation And Cellular Therapy Meetings Of ASBMT And CIBMTR 2019,6,uncertain,0.6,0.3,"the presentation of results from a post-hoc analysis may generate interest, but the impact on stock price will depend on the nature of the results and market perception.",1,2019-02-22,CMRX,2019-02-22 13:02:00+00:00,13870.0,16934W10,0.0,1244335.0,0.0312500335276126,-0.0253807473927736,0.010101000778377,0.0314136445522308,0.0700000524520874,-0.0402010269463062,-0.0514019280672073,0.0101522747427225,0.128078818321228,-0.0707546547055244,0.0043668081052601,-0.0046949428506195,-0.1608695685863495,-0.0533332824707031,-0.0207253694534301,0.0227272510528564,-0.0423280671238899,0.037735927850008,-0.0110497139394283,-0.0862069204449653,0.0502793490886688,-0.0042918417602777,-0.0212765745818615,-0.0450820215046405,0.0054347771219909,0.042735107243061,0.0702702701091766,0.0042918417602777,0.0353535003960132,-0.0251046773046255,-0.0146341323852539,0.1168224215507507,0.0049504903145134,-0.0138248708099126,-0.0098522072657942,-0.0606060028076171,-0.0049751196056604,-0.0722891837358474,0.0,0.0331949889659881,0.0099999904632568,-0.0730768591165542,0.0742574706673622,-0.0370370894670486,-0.0230415612459182,-0.0657439604401588,-0.0141509305685758,-0.0136518636718392,0.0047846846282482,-0.0330032706260681,0.0142858149483799,0.0167785082012414,-0.0046949428506195,-0.0293159335851669,-0.0047169770114123,0.0233333110809326,-0.0047393320128321,-0.0099009806290268,-0.0238095019012689,-0.0288461279124021,0.0195121765136718,0.0576270632445812,0.3110048472881317,0.0350877717137336,0.0218977890908718,0.0714285001158714,0.0357143357396125,-0.0074626794084906,-0.0724138021469116,0.0428016111254692,-0.0185873433947563,0.0039062462747097,0.0265151243656873,0.0448979139328002,-0.0369004197418689,0.0652174353599548,0.003831414040178,0.0267856884747743,0.0229008328169584,-0.0303030014038085,0.0149253588169813,-0.0647773593664169,-0.0661764964461326,-0.111510768532753,0.0,-0.0511945709586143,0.0157480165362358,-0.0233333110809326,0.0620155371725559,-0.0769230797886848,-0.0145985260605812,-0.0327380634844303,0.0037037001457065,-0.0088496189564466,-0.0405904538929462,-0.0116617958992719,0.0384615957736969,0.0147928847000002,0.0296296011656522,0.0273556690663099,-0.0179855953902006,0.0217391103506088,-0.0219780001789331,-0.0092307608574628,0.0749062970280647,0.0061919447034597,0.0871080160140991,-0.0182370655238628,0.0544872060418129,-0.0179104320704937,0.112462043762207,-0.0317919440567493,0.0054644756019115,0.0359281823039054,-0.0054347771219909,-0.0147493183612823,-0.0437158681452274,0.0366972871124744,-0.025714261457324,-0.0180180016905069,0.0312500335276126,-0.0253807473927736,0.0416666909189764,0.0052355953823906,0.1145834139208972,-0.035175907874963,0.1927083461227632,-0.0943395972145336,-0.0677083275600975,-0.1724137908553449,0.0677083396105839,-0.3846153791222911,0.7760417673167861,-0.4234234211447786,2019-02-25,2019-02-26,2019-02-27,2019-02-28,2019-03-01,2019-03-04,2019-03-05,2019-03-06,2019-03-07,2019-03-08,13870.0,2019-02-22,252.0,0.0000%,-0.0037,1.0988,1.523,0.1791,2.6596%,3.0038%,21.6054%,-0.013231,CMRX,13870.0,2019-02-25,252.0,3.1250%,-0.0035,1.0972,1.5029,0.1624,2.6687%,3.0105%,21.4153%,0.033784,CMRX,13870.0,2019-02-26,252.0,1.0101%,-0.0034,1.0903,1.4743,0.1427,2.6734%,3.0105%,21.1364%,0.021911,CMRX,13870.0,2019-02-27,252.0,7.0000%,-0.0032,1.0887,1.4974,0.1426,2.7089%,3.0446%,20.8392%,0.066289,CMRX,13870.0,2019-02-28,252.0,-5.1402%,-0.0034,1.1074,1.5087,0.1667,2.7213%,3.0600%,20.9127%,-0.04807,CMRX,13870.0,2019-03-01,252.0,12.8079%,-0.003,1.139,1.556,0.1603,2.8228%,3.1689%,20.6513%,0.116307,CMRX,13870.0,2019-03-04,252.0,0.4367%,-0.0029,1.1401,1.5355,0.1638,2.8249%,3.1687%,20.5240%,0.015799,CMRX,13870.0,2019-03-05,252.0,-16.0870%,-0.0035,1.1678,1.6524,0.2393,2.9791%,3.3210%,19.5332%,-0.153868,CMRX,13870.0,2019-03-06,252.0,-2.0725%,-0.0036,1.138,1.6462,0.2047,2.9662%,3.3066%,19.5326%,0.009719,CMRX,13870.0,2019-03-07,252.0,-4.2328%,-0.0037,1.1489,1.6454,0.219,2.9709%,3.3125%,19.5633%,-0.031258,CMRX,13870.0,2019-03-08,252.0,-1.1050%,-0.0038,1.1507,1.6276,0.2228,2.9694%,3.3080%,19.4253%,-0.009062,CMRX,0.020553,0.042464,0.108753,0.1769899999999999,0.0083199999999999
13723,CINEMARK HOLDINGS INC,"Cinemark Holdings Q4 EPS $0.17 vs $0.82 In Same Qtr. Last Year, Sales $798.6M Beat $766.49M Estimate; Raises Qtr. Dividend From $0.32 To $0.34/Share",6,decrease,0.7,0.5,"the significant drop in eps from $0.82 to $0.17 may raise concerns among investors despite the sales beat and dividend increase, likely leading to a decrease in stock price.",0,2019-02-22,CNK,2019-02-22 11:32:00+00:00,91915.0,17243V10,0.0376693569123745,1770436.0,-0.0104466313496232,-0.0069967256858944,-0.0197941418737173,0.0106064556166529,0.0201938617974519,-0.0144733553752303,-0.0068619246594607,0.0032267477363348,0.022854121401906,0.0103232068940997,0.0181864611804485,0.0098765594884753,0.0012759135570377,-0.0021899265702813,-0.0053517557680606,-0.0533817410469055,-0.0110171781852841,0.0023376662284135,0.0172503888607025,-0.0084986304864287,0.0107914181426167,-0.0243717953562736,-0.0043213521130383,0.009639804251492,0.024253275245428,0.0056121787056326,0.0,-0.0420331731438636,0.0049850638024508,0.0184170696884393,0.0116567760705947,-0.0037193533498793,-0.0149546600878238,0.0059865722432732,-0.0059731625951826,0.0040070083923637,-0.0015021923463791,-0.0007507202099077,-0.0010030319681391,0.0010020269546657,0.0170682799071073,0.0091000199317932,-0.0032083184923976,-0.0332355052232742,0.0089131128042936,0.0148809142410755,-0.0120245814323425,0.0092615503817796,-0.0067063253372907,0.0012531136162579,0.0,0.0017574614612385,-0.0215053912252187,0.004539730027318,0.0066444752737879,0.008136274293065,0.0132013317197561,0.0020382632501423,0.002756216796115,-0.0197302922606468,0.017241345718503,0.021168116480112,-0.0027020538691431,0.0294040143489837,0.0032019969075918,0.0250269193202257,0.0083476593717932,0.0073190690018236,0.0270270425826311,0.0304469317197799,-0.0130393365398049,0.0090191569179296,0.0026423397939652,-0.002530226483941,0.0103017846122384,-0.028938066214323,0.0018971267854794,0.0283549167215824,-0.0328993946313858,-0.0246440712362527,0.0044052936136722,-0.005717372521758,0.0112085547298193,-0.0171260219067335,-0.0120481923222541,-0.0491094216704368,0.0129267992451787,-0.0038023199886083,0.0069829262793064,-0.0208488497883081,0.0054997499100863,-0.0044477465562522,-0.0047562606632709,0.0042184116318821,0.0028674493078142,0.0047369389794766,0.0100071039050817,0.0169878806918859,-0.0007076853071339,0.0131003931164741,-0.0177053827792406,-0.0176634043455123,-0.0146599523723125,0.030421270057559,0.0060975607484579,0.0075976140797138,-0.0109091093763709,0.0031274233479052,-0.0301470477133989,-0.0151437418535351,0.0149102890864014,-0.0015377082163468,0.0034860405139625,0.0169403590261936,-0.0074441498145461,0.0126682380214333,0.005000018980354,0.0215691346675157,-0.0241293832659721,-0.000808156793937,-0.0104466313496232,-0.0069967256858944,-0.0300339911203036,0.003535519470309,-0.010446631588761,-0.010989006734651,0.0052233155816163,0.0024449916895332,0.0254860885749679,-0.0497038438870254,0.0544695672022752,-0.0784215630857241,0.03365417781783,0.0024072038118787,2019-02-25,2019-02-26,2019-02-27,2019-02-28,2019-03-01,2019-03-04,2019-03-05,2019-03-06,2019-03-07,2019-03-08,91915.0,2019-02-22,252.0,3.7669%,-0.0001,0.6089,0.1937,-0.0855,1.5065%,1.6541%,17.0529%,0.032022,CNK,91915.0,2019-02-25,252.0,-1.0447%,-0.0002,0.6092,0.1994,-0.0814,1.5080%,1.6554%,17.0128%,-0.01111,CNK,91915.0,2019-02-26,252.0,-1.9794%,-0.0005,0.5792,0.2529,-0.0767,1.4700%,1.6097%,16.5959%,-0.0179119999999999,CNK,91915.0,2019-02-27,252.0,2.0194%,-0.0005,0.5712,0.273,-0.0779,1.4702%,1.6076%,16.3633%,0.019,CNK,91915.0,2019-02-28,252.0,-0.6862%,-0.0005,0.5769,0.2767,-0.0726,1.4695%,1.6081%,16.5012%,-0.005441,CNK,91915.0,2019-03-01,252.0,2.2854%,-0.0004,0.5749,0.2738,-0.084,1.4726%,1.6111%,16.4544%,0.017517,CNK,91915.0,2019-03-04,252.0,1.8186%,-0.0002,0.5558,0.3169,-0.0744,1.4628%,1.5961%,16.0071%,0.022509,CNK,91915.0,2019-03-05,252.0,0.1276%,-0.0002,0.5517,0.2877,-0.0784,1.4596%,1.5894%,15.6640%,0.002934,CNK,91915.0,2019-03-06,252.0,-0.5352%,-0.0002,0.5522,0.2799,-0.079,1.4596%,1.5897%,15.7020%,0.002849,CNK,91915.0,2019-03-07,252.0,-1.1017%,-0.0002,0.5557,0.2847,-0.0729,1.4601%,1.5912%,15.8049%,-0.006644,CNK,91915.0,2019-03-08,252.0,1.7250%,-0.0001,0.553,0.2883,-0.0774,1.4645%,1.5950%,15.6884%,0.018117,CNK,0.020912,0.003,0.022,0.034076,0.073841
13731,CAMPBELL SOUP CO,Campbell Soup shares are trading lower in sympathy to Kraft Heinz which announced worse than expected 2019 guidance and lowered its dividend.,6,decrease,0.8,0.6,"campbell soup's stock is likely to decrease as it is trading lower in sympathy to kraft heinz's negative news, which can create a negative sentiment in the sector.",0,2019-02-22,CPB,2019-02-22 14:03:00+00:00,25320.0,13442910,-0.0736455097794532,7744731.0,-0.0173622742295265,0.007390514947474,0.0201488398015499,0.0048558125272393,0.1002734526991844,0.0063235815614461,-0.0052471314556896,0.0098693799227476,0.009161521680653,-0.0060588312335312,-0.0096285687759518,0.0028934741858392,0.0027777354698628,0.0117096463218331,0.0011080586118623,-0.0037912237457931,-0.006087471731007,0.002631583251059,0.0027840281836688,0.0002925456792581,-0.0033314528409391,-0.0220251847058534,-0.0236769430339336,-0.0014281416079029,0.0062767826020717,0.0,0.010490471497178,-0.0118544166907668,0.0103815635666251,0.0154772410169243,0.0152736203745007,0.0115974973887205,-0.0071116555482149,-0.0034671751782298,0.0005509768379852,0.0108060427010059,0.0424009077250957,-0.0138248708099126,0.0100370068103075,-0.0186546016484499,0.0010459492914378,-0.0002825182746164,0.0062696365639567,-0.0028177595231682,-0.0147974994033575,-0.0081050060689449,0.0092226210981607,0.0141723360866308,-0.0044385944493114,-0.0070363073609769,-0.0073433672077953,0.0139839565381407,-0.0060766064561903,0.0,-0.0098351659253239,0.0162413399666547,0.0053691482171416,0.0087770400568842,0.0216287728399038,0.0175647567957639,0.0070569906383752,0.0074206450954079,0.0249157268553972,0.0258830226957798,-0.000253244274063,0.0055113383568823,0.01354456320405,0.0123993037268519,0.0037821866571903,-0.0221280176192522,0.0007535488111898,-0.0134568475186824,-0.0102911610156297,-0.0017910858150571,-0.007608400657773,-0.0218978095799684,0.0066444752737879,0.0248354841023683,-0.0017770930426195,-0.0651748776435852,-0.0106815407052636,-0.0509688928723335,0.0025706547312438,-0.0253558419644832,-0.0210256334394216,0.0041569196619093,0.0120481690391898,-0.0087561197578907,-0.0077639557421207,-0.0084269158542156,0.0091288071125745,-0.0060914130881428,-0.009563167579472,0.0138960601761937,-0.010699369944632,0.0010304203024134,0.0094961915165185,0.0291622076183557,-0.0015678436029702,-0.0013237817911431,0.000523435184732,-0.0117739597335457,0.0094167049974203,-0.0095879482105374,0.0095879482105374,-0.0043859179131686,-0.0056467507965862,-0.0112245520576834,-0.0005162740708328,-0.0108503736555576,-0.0012914011022076,0.0032911663874983,0.0080165863037109,-0.0002530580095481,-0.0012826895108446,0.0125576080754399,0.0051374458707869,-0.0372563116252422,-0.0097112460061907,0.0255566369742155,-0.0173622742295265,0.007390514947474,0.0024367358899821,0.012282214429778,0.1029545285101711,0.018683463575926,0.1072189020264651,0.0225042923921101,0.0971671813699321,0.0365603986262816,0.1653973918462683,0.0550758714984567,0.1908802637168349,-0.0938948648409333,2019-02-25,2019-02-26,2019-02-27,2019-02-28,2019-03-01,2019-03-04,2019-03-05,2019-03-06,2019-03-07,2019-03-08,25320.0,2019-02-22,252.0,-7.3646%,-0.0007,0.2316,-0.313,0.2867,1.8856%,1.9110%,2.6468%,-0.071044,CPB,25320.0,2019-02-25,252.0,-1.7362%,-0.0008,0.2348,-0.3013,0.3047,1.8812%,1.9071%,2.6991%,-0.018108,CPB,25320.0,2019-02-26,252.0,2.0149%,-0.0008,0.2305,-0.3254,0.2892,1.8855%,1.9115%,2.7000%,0.019502,CPB,25320.0,2019-02-27,252.0,10.0273%,-0.0004,0.2318,-0.2978,0.2897,1.9913%,2.0144%,2.2816%,0.1009309999999999,CPB,25320.0,2019-02-28,252.0,-0.5247%,-0.0004,0.2287,-0.3001,0.2883,1.9909%,2.0138%,2.2606%,-0.003845,CPB,25320.0,2019-03-01,252.0,0.9162%,-0.0003,0.2199,-0.3132,0.2701,1.9886%,2.0108%,2.1914%,0.0094489999999999,CPB,25320.0,2019-03-04,252.0,-0.9629%,-0.0003,0.2156,-0.2893,0.2691,1.9883%,2.0086%,2.0101%,-0.010881,CPB,25320.0,2019-03-05,252.0,0.2778%,-0.0002,0.2157,-0.2864,0.268,1.9883%,2.0083%,1.9844%,0.002803,CPB,25320.0,2019-03-06,252.0,0.1108%,-0.0004,0.1989,-0.2704,0.2512,1.9780%,1.9954%,1.7403%,-0.000886,CPB,25320.0,2019-03-07,252.0,-0.6087%,-0.0004,0.1981,-0.2813,0.2471,1.9771%,1.9949%,1.7756%,-0.003907,CPB,25320.0,2019-03-08,252.0,0.2784%,-0.0003,0.1965,-0.2645,0.2436,1.9749%,1.9917%,1.6738%,0.00369,CPB,-0.089152,-0.0696499999999999,0.031281,0.036885,0.0277039999999999
13739,CHENIERE ENERGY PARTNERS L P,"JP Morgan Downgrades Cheniere Energy Partners, LP Cheniere Energy Partners, LP Common Units to Neutral, Lowers Price Target to $44",6,decrease,0.8,0.6,"a downgrade from jp morgan typically signals reduced expectations for the stock's performance, which is likely to lead to a decrease in its price.",0,2019-02-22,CQP,2019-02-22 15:32:00+00:00,91850.0,16411Q10,-0.0202214773744344,328536.0,0.0189189296215772,-0.0212063565850257,0.0130213908851146,-0.0290551465004682,0.0526065938174724,0.0106358174234628,0.0024875758681446,0.0046457783319056,-0.0275208931416273,0.0129411583766341,-0.008118818514049,0.0,-0.0025724228471517,0.0080645196139812,-0.0103165870532393,0.0178658068180084,0.0307983718812465,-0.0028888478409498,0.0043668686412274,-0.0085918996483087,0.0125857945531606,-0.0113260857760906,-0.0083615574985742,0.0112967602908611,-0.0227894242852926,0.0099834082648158,0.0,0.035187017172575,-0.023787323385477,0.001972337719053,0.023650212213397,0.0072014131583273,-0.000466666126158,0.0373518988490104,0.0086387796327471,-0.010703413747251,0.0111111002042889,0.0258823968470096,-0.0171703286468982,0.0132450331002473,-0.0062893186695873,-0.0097061628475785,-0.0004688339831773,-0.0465232767164707,-0.005159503314644,0.0136917075142264,-0.016030091792345,0.0107636637985706,0.0045519554987549,0.000512832251843,0.0031004308257251,0.0347572676837444,0.0109367351979017,-0.0052784578874707,-0.001175899291411,-0.0119947614148259,-0.0082411654293537,-0.0087878042832016,-0.0002373770548729,0.0112389000132679,-0.0028496540617197,0.0202666223049163,0.0102404495701193,0.0069816946052014,-0.0018858561525121,0.0347318686544895,0.016768991947174,0.0075588030740618,-0.0053426143713295,-0.0105262398719787,-0.0046707326546311,0.0120549574494361,-0.0131393140181899,-0.003909611608833,-0.0076081710867583,-0.0148554919287562,0.014135125093162,0.0153631074354052,0.0134656196460127,-0.0496415980160236,-0.006759928073734,0.0034628994762897,0.0004693841328844,-0.0118452422320842,0.0049260868690907,0.0385456457734108,0.0072362599894404,-0.019565787166357,0.0120509071275591,-0.027118569239974,0.0034348873887211,0.014281858690083,0.0175718963146209,0.0227211285382509,-0.015698604285717,0.0035288019571453,0.0093415323644876,0.0,-0.0153498593717813,-0.0024370471946895,0.0155741088092327,-0.0104501442983746,-0.0089265145361423,-0.0063898209482431,-0.0117782521992921,-0.0157232303172349,0.0107501540333032,0.0127388415858149,-0.0201155822724103,-0.0018542965408414,0.0082585765048861,0.0031889164820313,0.0007020542980171,0.0102013712748885,0.010523872449994,0.0396315418183803,-0.0148113723844289,0.0141522781923413,0.0004698251723311,-0.0221422426402568,0.0189189296215772,-0.0212063565850257,0.0321866712844225,-0.0496453492881749,0.0864864962444911,-0.0395375507356652,0.0592137538686858,-0.0225882137432149,0.0737100723830253,-0.0085918995193845,0.0346437342839465,0.1008444490835782,0.0610320009455216,0.1657433049726238,2019-02-25,2019-02-26,2019-02-27,2019-02-28,2019-03-01,2019-03-04,2019-03-05,2019-03-06,2019-03-07,2019-03-08,91850.0,2019-02-22,252.0,-2.0221%,0.0015,0.629,0.1101,0.1255,1.4428%,1.5790%,16.5102%,-0.023754,CQP,91850.0,2019-02-25,252.0,1.8919%,0.0016,0.6293,0.1021,0.1224,1.4466%,1.5827%,16.4588%,0.018388,CQP,91850.0,2019-02-26,252.0,1.3021%,0.0016,0.6267,0.0859,0.1123,1.4490%,1.5833%,16.2439%,0.014986,CQP,91850.0,2019-02-27,252.0,5.2607%,0.0018,0.6316,0.0919,0.1132,1.4822%,1.6154%,15.8017%,0.0519139999999999,CQP,91850.0,2019-02-28,252.0,0.2488%,0.0019,0.6295,0.0906,0.1111,1.4822%,1.6139%,15.6492%,0.00461,CQP,91850.0,2019-03-01,252.0,-2.7521%,0.0018,0.6176,0.0729,0.1084,1.4966%,1.6217%,14.8261%,-0.031962,CQP,91850.0,2019-03-04,252.0,-0.8119%,0.0017,0.6241,0.0575,0.1053,1.4953%,1.6226%,15.0713%,-0.005128,CQP,91850.0,2019-03-05,252.0,-0.2572%,0.0017,0.6261,0.071,0.1077,1.4948%,1.6227%,15.1460%,-0.00117,CQP,91850.0,2019-03-06,252.0,-1.0317%,0.0016,0.6249,0.0865,0.1084,1.4946%,1.6223%,15.1223%,-0.0042959999999999,CQP,91850.0,2019-03-07,252.0,3.0798%,0.0017,0.6064,0.0639,0.0775,1.5089%,1.6305%,14.3560%,0.036251,CQP,91850.0,2019-03-08,252.0,0.4367%,0.0017,0.6065,0.0541,0.0781,1.5080%,1.6295%,14.3478%,0.005711,CQP,-0.0053659999999999,0.00962,0.0615339999999999,0.0341819999999999,0.06555
13747,SALESFORCE INC,"Salesforce.com's Q4 Report Should Trigger Higher Valuation, Says Bullish Oppenheimer",6,increase,0.8,0.7,"the bullish outlook from oppenheimer suggests that the q4 report will be positively received, likely leading to an increase in salesforce inc's stock price.",2,2019-02-22,CRM,2019-02-22 17:06:00+00:00,90215.0,79466L30,0.0105242915451526,4175005.0,0.0003099811146967,0.0068753100931644,0.0101636052131652,-0.0128884082660079,0.0007361663738265,0.0098082209005951,0.0032491344027221,-0.0026337127201259,0.005377359688282,-0.0057979593984782,-0.0366498455405235,-0.0146814882755279,-0.0096529889851808,0.018010064959526,-0.0011467664735391,0.020680446177721,-0.0075896885246038,0.0112309148535132,-0.0034704918507486,-0.0202365908771753,0.016703188419342,-0.0054091489873826,0.0039962250739336,0.0080522717908024,0.0096664065495133,0.0118689043447375,0.0053813941776752,0.0256629195064306,0.0052280845120549,0.0188388135284185,0.0027243047952651,0.027414321899414,0.0122259696945548,-0.0145931523293256,-0.0025620581582188,-0.0160945877432823,0.0210384838283062,0.019541161134839,-0.0326444879174232,-0.0192320868372917,-0.003838978940621,0.0053709503263235,-0.0091994712129235,-0.023342715576291,-0.0268506836146116,0.0179547928273677,0.0003867815830744,0.0086173024028539,0.0205567888915538,-0.0043569216504693,0.017743244767189,0.0214994810521602,-0.0041568321175873,-0.0101660452783107,0.0131456023082137,0.0034685104619711,-0.0252120960503816,0.0071921893395483,0.000252291734796,0.0018528978107497,-0.0005675854044966,0.0246097594499588,-0.0094655137509107,0.0308784749358892,0.0208320338279008,0.057975560426712,0.0030578521545976,-0.0379934273660183,-0.0001243639271706,-0.0103672202676534,-0.0038579450920224,0.0170033313333988,-0.0087450426071882,-0.0038461855147033,-0.0211103782057762,0.0333231501281261,0.004184428602457,0.0783812254667282,0.0177574772387743,-0.0128549486398696,0.0155580835416913,-0.0377358458936214,-0.0103578623384237,-0.026151267811656,0.0221233312040567,-0.0087666539475321,0.017597708851099,0.011388867162168,-0.0036153655964881,-0.0453151762485504,-6.044089604984038e-05,-0.0290492139756679,-0.0193529613316059,0.0074952035211026,-0.0019734324887394,0.0241245944052934,0.0093307448551058,-0.0034968380350619,-0.0051426249556243,0.0097095062956213,-0.0344615764915943,-0.0430100001394748,-0.000254896673141,0.0202527437359094,-0.0035063307732343,-0.0340616628527641,0.0232231132686138,0.0097366170957684,-0.042453471571207,0.0217577535659074,0.0321254543960094,-0.0065415115095674,-0.0190422572195529,0.1027128621935844,0.0220559667795896,0.0089391442015767,-0.0246718097478151,0.0358928553760051,0.0091220047324895,-0.0126223610714077,0.0003099811146967,0.0068753100931644,0.0104767368535352,-0.0061017099762795,0.0112206158487409,0.0036466640049968,0.0199615723243766,-0.0048004297442648,-0.0387452755621154,0.0094858662918699,-0.0170479250986826,0.0954570636453979,-0.0330419863496388,0.2916094334134158,2019-02-25,2019-02-26,2019-02-27,2019-02-28,2019-03-01,2019-03-04,2019-03-05,2019-03-06,2019-03-07,2019-03-08,90215.0,2019-02-22,252.0,1.0524%,0.0006,1.2465,-0.1528,-1.4888,1.1024%,2.1750%,74.3122%,-0.019156,CRM,90215.0,2019-02-25,252.0,0.0310%,0.0007,1.2442,-0.1524,-1.4971,1.0958%,2.1731%,74.5731%,-0.004737,CRM,90215.0,2019-02-26,252.0,1.0164%,0.0007,1.2463,-0.1621,-1.5004,1.0958%,2.1715%,74.5357%,0.006138,CRM,90215.0,2019-02-27,252.0,0.0736%,0.0007,1.2471,-0.1643,-1.5003,1.0958%,2.1699%,74.4958%,-0.001978,CRM,90215.0,2019-02-28,252.0,0.3249%,0.0007,1.2538,-0.1596,-1.496,1.0927%,2.1698%,74.6422%,0.003297,CRM,90215.0,2019-03-01,252.0,0.5377%,0.0006,1.2553,-0.1573,-1.489,1.0938%,2.1699%,74.5907%,-0.009261,CRM,90215.0,2019-03-04,252.0,-3.6650%,0.0003,1.2787,-0.2117,-1.5003,1.0710%,2.1771%,75.7975%,-0.025034,CRM,90215.0,2019-03-05,252.0,-0.9653%,0.0003,1.2792,-0.2157,-1.4954,1.0729%,2.1747%,75.6579%,-0.011826,CRM,90215.0,2019-03-06,252.0,-0.1147%,0.0003,1.2797,-0.2334,-1.4972,1.0730%,2.1746%,75.6518%,0.007388,CRM,90215.0,2019-03-07,252.0,-0.7590%,0.0002,1.2774,-0.2503,-1.5052,1.0691%,2.1732%,75.7972%,-0.00229,CRM,90215.0,2019-03-08,252.0,-0.3470%,0.0002,1.2779,-0.2517,-1.5042,1.0693%,2.1731%,75.7862%,-0.003184,CRM,-0.0238929999999999,-0.0177549999999999,-0.0197329999999999,-0.0256969999999999,-0.060643
13755,D B V TECHNOLOGIES S A,DBV Technologies Highlights Publication Of Detailed Phase III Trial Results Evaluating Viaskin Peanut As Novel Treatment For Peanut Allergy In Journal of the American Medical Association,6,increase,0.8,0.7,"the publication of detailed phase iii trial results in a reputable journal suggests positive validation of viaskin peanut as a treatment, likely boosting investor confidence and interest in dbv technologies.",2,2019-02-22,DBVT,2019-02-22 18:03:00+00:00,15002.0,23306J10,-0.0225846711546182,775568.0,0.0166880767792463,-0.0397590845823288,-0.0416666567325592,0.0949868410825729,0.04347825050354,0.0013209711760282,0.027777811512351,-0.0368956699967384,0.0429974719882011,0.1148936077952385,0.0647821202874183,-0.0084388107061386,0.0365044176578521,0.0113797895610332,-0.1035219058394432,0.0173661895096302,0.0119048077613115,-0.0128571642562747,-0.0164706278592348,-0.0084985755383968,0.0263158231973648,-0.0014144595479592,-0.0069929449819028,0.0042613935656845,0.0129107572138309,0.005714280065149,-0.0475086718797683,0.0370370373129844,0.0024330297019332,0.0089686010032892,-0.007281488738954,0.0404354967176914,0.0354523174464702,0.0404530763626098,-0.0354191474616527,-0.0127796158194541,0.0,0.0574324578046798,-0.0648715049028396,0.0189328975975513,-0.024869117885828,-0.1156773492693901,0.0255033634603023,-0.072033867239952,-0.0222513191401958,-0.0274725668132305,-0.0040160287171602,-0.0148849338293075,0.0362903214991092,-0.0669192150235176,-0.0168612338602542,0.0,0.0158311203122139,-0.0062734899111092,0.018181862309575,-0.0037500262260437,0.1173469498753548,0.0430247597396373,0.0057077840901911,0.0550206452608108,0.0476729981601238,-0.014905166812241,-0.0238352455198764,-0.0477419197559356,0.0088790142908692,0.043068666011095,-0.0055005708709359,0.062947079539299,0.0232300925999879,0.0887850001454353,-0.022702706977725,0.1165217533707619,0.0,-0.0604574978351593,-0.0088495491072535,0.0115701975300908,-0.0223214067518711,0.0467127971351146,-0.0091324113309383,-0.1373133808374405,0.0483871027827262,0.1631943583488464,0.0274725258350372,-0.5929328203201294,0.0213903523981571,-0.0367597006261348,0.0471203997731208,-0.004742591176182,-0.005000018980354,-0.0327653996646404,-0.0201004836708307,-0.0078023332171142,-0.0194871369749307,-0.0115681430324912,0.0146442865952849,0.0813064649701118,0.0092783663421869,0.0308023132383823,-0.0071501219645142,-0.0230930671095848,-0.0216049421578645,-0.0165175348520278,-0.0126182837411761,-0.0027453645598143,-0.0191693603992462,-0.0389182157814502,-0.0238871090114116,0.0039734742604196,-0.051167968660593,-0.0245477501302957,0.0539273209869861,-0.0102302301675081,0.0355951786041259,0.0337078794836998,0.0107410764321684,-0.0111111160367727,-0.023379411548376,0.0247823093086481,-0.0239389911293983,-0.0305194370448589,0.0166880767792463,-0.0397590845823287,-0.0256739163200003,0.0514511666514339,0.0166880772183717,0.0528401033355816,0.0898587716209777,0.1304963903417721,0.0731706993252214,0.1288951610192565,0.1309371736542333,0.0962860820436863,0.1514763083623662,-0.4824675185437513,2019-02-25,2019-02-26,2019-02-27,2019-02-28,2019-03-01,2019-03-04,2019-03-05,2019-03-06,2019-03-07,2019-03-08,15002.0,2019-02-22,252.0,-2.2585%,-0.0033,1.0361,1.0293,-0.0897,4.7686%,4.9369%,6.7000%,-0.0372129999999999,DBVT,15002.0,2019-02-25,252.0,1.6688%,-0.003,1.031,1.014,-0.1166,4.7627%,4.9312%,6.7161%,0.017549,DBVT,15002.0,2019-02-26,252.0,-4.1667%,-0.003,1.053,1.0358,-0.0891,4.7639%,4.9366%,6.8738%,-0.034012,DBVT,15002.0,2019-02-27,252.0,4.3478%,-0.0028,1.0666,1.0244,-0.0867,4.7683%,4.9431%,6.9484%,0.0403559999999999,DBVT,15002.0,2019-02-28,252.0,2.7778%,-0.0025,1.0483,1.0129,-0.1077,4.7710%,4.9412%,6.7739%,0.0305629999999999,DBVT,15002.0,2019-03-01,252.0,4.2997%,-0.0024,1.0607,1.0314,-0.1045,4.7756%,4.9492%,6.8910%,0.031991,DBVT,15002.0,2019-03-04,252.0,6.4782%,-0.0022,1.0569,0.9748,-0.0877,4.7996%,4.9667%,6.6136%,0.074741,DBVT,15002.0,2019-03-05,252.0,3.6504%,-0.002,1.0501,0.9505,-0.1084,4.8073%,4.9713%,6.4910%,0.0410219999999999,DBVT,15002.0,2019-03-06,252.0,-10.3522%,-0.0023,1.0824,1.1174,-0.0492,4.8333%,5.0123%,7.0133%,-0.082771,DBVT,15002.0,2019-03-07,252.0,1.1905%,-0.0022,1.0697,1.1013,-0.0707,4.8354%,5.0117%,6.9111%,0.02131,DBVT,15002.0,2019-03-08,252.0,-1.6471%,-0.0023,1.0712,1.1046,-0.0685,4.8360%,5.0123%,6.9124%,-0.014878,DBVT,-0.0196639999999999,-0.053676,-0.01332,0.0492339999999999,0.0886579999999999
13763,DIODES INC,Diodes Incorporated Announces Appointment Of Brett Whitmire As CFO,6,uncertain,0.6,0.2,"the appointment of a new cfo can have mixed implications for a company's stock price, depending on investor perception of the new leadership and their strategic vision.",1,2019-02-22,DIOD,2019-02-22 21:06:00+00:00,44943.0,25454310,0.0129142003133893,252679.0,0.0413760207593441,-0.001702741254121,-0.0191730614751577,0.0123122381046414,-0.0461610704660415,-0.0349334888160228,-0.0041974857449531,0.0356879346072673,-0.0007439274340867,0.0863636210560798,0.0,0.0314396917819976,-0.0081885363906621,0.0298210531473159,-0.0315236933529377,0.0037057367153465,-0.0297080278396606,-0.0084793446585536,-0.0119808502495288,-0.0325402952730655,0.0191322844475507,0.0240829084068536,0.0007931988220661,0.0211609341204166,-0.0100395577028393,0.0303477495908737,-0.0122765647247433,0.0092178871855139,0.0175628624856472,0.0303309336304664,-0.0018587280064821,0.0120930047705769,-0.0007980521186254,-0.0089121358469128,-0.0127795403823256,-0.0231161937117576,0.0175296030938625,0.0422403737902641,-0.0466471873223781,0.0441031828522682,-0.0272449124604463,0.0052545103244483,0.0040011256933212,-0.0424527823925018,-0.0148021755740046,-0.0043832589872181,0.0109795164316892,-0.0006257368950173,-0.0082881078124046,0.0028239171952009,0.0423630364239215,-0.008092132396996,0.0146530997008085,-0.0186316613107919,0.0215259101241827,0.0170861463993787,0.0173378940671682,0.0357142426073551,0.0057682543992996,-0.0101910736411809,0.007820626720786,-0.019669035449624,-0.0178478695452213,0.0152139319106936,0.0147484205663204,0.0464344806969165,-0.001816758303903,-0.0584010258316993,-0.0026000645011663,-0.0074394876137375,0.0033889745827764,0.0059244972653687,0.0184463243931531,0.0009362914715893,-0.0354591682553291,0.0050188759341835,-0.01666228659451,0.0573797523975372,-0.0223238784819841,-0.0121232252568006,0.021182956174016,-0.0103761246427893,0.0167026612907648,-0.0140665126964449,-0.0315315946936607,-0.0529820807278156,-0.0095758819952607,0.0283312536776065,-0.0082872714847326,-0.0116923404857516,0.014484585262835,-0.0115572093054652,-0.000549056683667,0.0055045965127646,0.0005493583157658,0.0328490510582923,0.0167490560561418,0.0025332465302199,-0.0283553674817085,0.0009508934454061,-0.021678676828742,-0.0372292101383209,0.1073863282799721,-0.0126543594524264,-0.0343766063451767,-0.0530670657753944,0.0045165247283875,0.0063163191080093,-0.0502512939274311,0.0229075662791729,0.0334168970584869,-0.0184491034597158,-0.0072756791487336,0.0342873483896255,-0.001628701807931,-0.0029726063366979,-0.0766720995306968,0.0114251682534813,-0.0170788578689098,0.0039238529279828,0.0413760207593441,-0.001702741254121,0.02140965429457,0.0105885322947689,-0.0257397087320166,-0.0247148508957513,-0.0305508891257566,0.0973261834162098,-0.1072888872392371,0.1222313731862891,-0.0772191263373559,0.3070064155265095,-0.1970170464784039,0.2387564020168171,2019-02-25,2019-02-26,2019-02-27,2019-02-28,2019-03-01,2019-03-04,2019-03-05,2019-03-06,2019-03-07,2019-03-08,44943.0,2019-02-22,252.0,1.2914%,0.0011,1.3254,0.7567,-0.3013,1.7808%,2.3775%,43.8976%,-0.004529,DIOD,44943.0,2019-02-25,252.0,4.1376%,0.0012,1.3261,0.7379,-0.3084,1.7975%,2.3899%,43.4327%,0.040713,DIOD,44943.0,2019-02-26,252.0,-1.9173%,0.0012,1.3283,0.7561,-0.2975,1.7998%,2.3906%,43.3166%,-0.013447,DIOD,44943.0,2019-02-27,252.0,-4.6161%,0.001,1.3324,0.734,-0.297,1.8261%,2.4095%,42.5596%,-0.0492499999999999,DIOD,44943.0,2019-02-28,252.0,-0.4197%,0.0009,1.3465,0.7436,-0.2863,1.8191%,2.4093%,42.9968%,-0.001056,DIOD,44943.0,2019-03-01,252.0,-0.0744%,0.0008,1.3473,0.7447,-0.2783,1.8210%,2.4083%,42.8285%,-0.013831,DIOD,44943.0,2019-03-04,252.0,0.0000%,0.0009,1.3428,0.7506,-0.275,1.8216%,2.4062%,42.6921%,0.01098,DIOD,44943.0,2019-03-05,252.0,-0.8189%,0.0009,1.3453,0.7669,-0.2713,1.8212%,2.4058%,42.6941%,-0.004329,DIOD,44943.0,2019-03-06,252.0,-3.1524%,0.0009,1.3541,0.7869,-0.2586,1.8220%,2.4147%,43.0674%,-0.010542,DIOD,44943.0,2019-03-07,252.0,-2.9708%,0.0008,1.3625,0.789,-0.2469,1.8262%,2.4213%,43.1137%,-0.018997,DIOD,44943.0,2019-03-08,252.0,-1.1981%,0.0007,1.3645,0.7793,-0.2431,1.8266%,2.4205%,43.0497%,-0.009888,DIOD,0.036184,0.022737,-0.0265129999999999,-0.0413999999999999,-0.0741759999999999
13771,DICKS SPORTING GOODS INC,Dick's Sporting Goods Option Alert: Mar 15 $43 Calls Sweep (31) near the Ask: 508 @ $0.5 vs 36 OI; Earnings 3/12 Before Open [est] Ref=$38.22,6,increase,0.7,0.6,"the significant call option activity suggests bullish sentiment among investors ahead of the earnings report, which could lead to an increase in the stock price.",2,2019-02-22,DKS,2019-02-22 16:37:00+00:00,89540.0,25339310,0.0026406731922179,1699694.0,-0.0055307582952082,-0.007859556004405,0.012182280421257,0.0076556783169507,0.0303505975753068,0.013105153106153,-0.0081259440630674,0.0280451048165559,-0.0015361334662884,-0.015163860283792,-0.0233333297073841,0.0117808301001787,-0.002100336831063,0.0229820534586906,0.0044725597836077,0.0104785868898034,-0.0096909096464514,-0.0139625798910856,0.0010578444926068,-0.018366178497672,0.0274769086390733,-0.0103093069046735,-0.1100539714097977,0.0374332070350647,0.0346720814704895,0.0079432278871536,-0.0154985142871737,-0.0016992741730064,-0.0265866294503212,0.0205203164368867,0.0164464432746172,-0.0066035985946655,0.0193585138767957,-0.0002869782329071,-0.0252267401665449,0.0063547436147928,0.0250072870403528,0.0087412362918257,-0.0255319587886333,0.0180955398827791,0.0055313669145107,-0.0053113102912902,0.0332946628332138,-0.0105109671130776,0.0215746853500604,0.0276027042418718,-0.0021941310260444,0.0103061571717262,0.0118196895346045,-0.0175699852406978,0.0290681794285774,-0.0050369827076792,0.0126715824007988,0.0116906287148594,-0.0023461978416889,0.0018018430564552,0.0360596030950546,-0.0248902570456266,0.0133669292554259,0.0323458164930343,0.0114484587684273,0.0033363848924636,-0.0017224334878847,-0.0063290861435234,0.015035755932331,0.0240740347653627,-0.0118990205228328,0.019830061122775,-0.0051609510555863,0.018269220367074,-0.020750992000103,0.0012837264221161,0.0146317314356565,0.0087407082319259,-0.009448061697185,-0.0221589356660842,-0.0248494390398263,0.061135359108448,-0.0223937965929508,-0.0184635501354932,0.0157978478819131,-0.0340764224529266,0.010627263225615,-0.0329535454511642,-0.0192357003688812,-0.0263867247849702,0.0018305358244106,-0.0029896050691604,-0.0151396971195936,-0.0332369282841682,-0.0193479862064123,0.012880521826446,-0.0302702412009239,-0.0305892676115036,0.0039018781390041,-0.0366648137569427,0.0124930804595351,-0.0048648728989064,-0.0115163689479231,0.0181618016213178,-0.0058252173475921,0.0176421478390693,0.0008370195282623,-0.0173362977802753,0.0080847758799791,-0.02573724091053,0.010785381309688,0.0366870388388633,-0.0268125738948583,0.0129504241049289,0.0104019939899444,-0.0466988161206245,0.000834796752315,0.0255985800176858,0.0022240204270929,0.0094470726326107,0.0113730886951088,0.0347901955246925,0.0035655805841088,-0.0091168005019426,-0.0055307582952082,-0.007859556004405,0.0065841448775543,-0.000264047919938,0.0371345751844174,0.0128376447977966,0.0271266465788508,0.0254535226298091,-0.0031604615120969,0.0381030514037314,0.0665230313548221,0.1448003840425213,-0.0287686024701658,0.0860238480155777,2019-02-25,2019-02-26,2019-02-27,2019-02-28,2019-03-01,2019-03-04,2019-03-05,2019-03-06,2019-03-07,2019-03-08,89540.0,2019-02-22,252.0,0.2641%,0.0011,1.0219,0.922,1.0185,2.4807%,2.6957%,15.3177%,0.0058779999999999,DKS,89540.0,2019-02-25,252.0,-0.5531%,0.0011,1.0223,0.9244,1.0213,2.4807%,2.6961%,15.3351%,-0.002933,DKS,89540.0,2019-02-26,252.0,1.2182%,0.0012,1.0255,0.8909,1.0067,2.4832%,2.6969%,15.2236%,0.023005,DKS,89540.0,2019-02-27,252.0,3.0351%,0.0014,1.0337,0.8845,1.0082,2.4869%,2.7024%,15.3121%,0.028843,DKS,89540.0,2019-02-28,252.0,-0.8126%,0.0014,1.0294,0.8813,1.006,2.4863%,2.6989%,15.1352%,-0.002678,DKS,89540.0,2019-03-01,252.0,-0.1536%,0.0013,1.042,0.9,1.0296,2.4824%,2.6988%,15.3925%,-0.00757,DKS,89540.0,2019-03-04,252.0,-2.3333%,0.0012,1.0478,0.8985,1.024,2.4850%,2.7031%,15.4824%,-0.01842,DKS,89540.0,2019-03-05,252.0,-0.2100%,0.0013,1.0523,0.9358,1.0259,2.4810%,2.7025%,15.7201%,0.004834,DKS,89540.0,2019-03-06,252.0,0.4473%,0.0014,1.0519,0.88,1.0179,2.4828%,2.7022%,15.5798%,0.024602,DKS,89540.0,2019-03-07,252.0,-0.9691%,0.0014,1.0485,0.866,1.0094,2.4818%,2.6993%,15.4672%,0.002819,DKS,89540.0,2019-03-08,252.0,0.1058%,0.0015,1.0463,0.8948,1.0044,2.4764%,2.6955%,15.5958%,0.0045579999999999,DKS,0.0029449999999999,0.02595,0.054793,0.044545,0.062938
13779,DIGITAL REALTY TRUST INC,Digital Realty Trust Late Thursday Announced Raising Quarterly Dividend From $1.01 To $1.08/Share,6,increase,0.8,0.7,"raising the quarterly dividend typically signals financial strength and can attract more investors, likely leading to an increase in stock price.",2,2019-02-22,DLR,2019-02-22 14:44:00+00:00,90373.0,25386810,0.0182177107781171,1122490.0,-0.0116465296596288,-0.0178917646408081,-0.0176756866276264,0.0178678296506404,-0.0077364342287182,0.0119969127699732,-0.0090232044458389,0.0107196317985653,0.0135254487395286,0.0144397458061575,-0.0109027475118637,0.0051966835744678,-0.002292787656188,-0.0143071860074996,-0.0051264083012938,0.0081018842756748,0.0007996088243089,0.0206269565969705,-0.0058588874526321,0.0199258718639612,0.0174123104661703,-0.0264368876814842,0.007547837216407,0.0141837764531374,0.0101916212588548,0.0066322884522378,0.0041390149854123,0.0020306555088609,-0.0012134817661717,0.008470594882965,0.0034712650813162,0.0073136310093104,0.0,0.0089877443388104,0.0081293992698192,0.0146875185891985,0.0243630781769752,0.0007685832679271,-0.0024286150000989,0.0005767332622781,-0.0119208004325628,-0.0101807778701186,0.0101104713976383,-0.0200466345995664,-0.0010093594901263,0.0059088091365993,0.007325105369091,-0.0029923291876912,-0.0053493762388825,-0.0032621724531054,0.0086554521694779,0.0073232445865869,0.0139965033158659,-0.0012190290726721,-0.0004107749846298,0.0148458080366253,0.0022192720789462,0.0319159366190433,0.003936712630093,-0.051332164555788,-0.0081692673265933,0.0107344575226306,-0.0072482074610888,0.0132620874792337,0.0120302382856607,0.0208434741944074,-0.0021315144840627,-0.0050392891280353,0.0082977497950196,-0.0315344966948032,-0.0067628272809088,0.0045253452844917,-0.0232157651335001,0.0120217744261026,0.0004199466784484,0.0012418538099154,0.0111651625484228,0.0221657697111368,-0.0088833514600992,-0.0347784608602523,-0.0174233056604862,0.0,0.0167092848569154,-0.0222099684178829,0.0046117343008518,-0.0044953930191695,-0.0252065490931272,0.013859155587852,0.0028256000950932,-0.0595696084201335,0.0050375368446111,-0.0090152649208903,-0.0005946792662143,0.006660918239504,0.0098606226965785,-0.0101892491802573,0.0159932132810354,0.0037817142438143,-0.0108533352613449,0.0054441518150269,-0.0165005549788475,-0.0100940996780991,0.0022142918314784,0.0290493238717317,-0.0006798251997679,-0.019760126248002,-0.0001700394786894,0.0073887212201952,-0.0073992409743368,0.0118743814527988,0.0015422869473695,0.0041512208990752,0.0064162886701524,0.0148799186572432,0.0060353544540703,0.0077687501907348,-0.0031262789852917,0.0120680173859,-0.0153416264802217,0.0015566172078251,-0.0116465296596288,-0.0178917646408081,-0.0291163558786923,-0.0003436219929189,-0.0366275333351751,0.0116491683739794,-0.0324077679036416,0.037258223723219,-0.0548569512558144,0.078498620148778,0.0427538923926977,0.0841252710220865,-0.0104018115903009,0.0748910022586508,2019-02-25,2019-02-26,2019-02-27,2019-02-28,2019-03-01,2019-03-04,2019-03-05,2019-03-06,2019-03-07,2019-03-08,90373.0,2019-02-22,252.0,1.8218%,0.0008,0.4239,-0.3294,-0.2057,1.3567%,1.4530%,12.8093%,0.014439,DLR,90373.0,2019-02-25,252.0,-1.1647%,0.0006,0.4273,-0.319,-0.1879,1.3483%,1.4440%,12.8210%,-0.013609,DLR,90373.0,2019-02-26,252.0,-1.7676%,0.0005,0.4285,-0.2919,-0.1732,1.3539%,1.4464%,12.3813%,-0.019754,DLR,90373.0,2019-02-27,252.0,-0.7736%,0.0006,0.4342,-0.3044,-0.1723,1.3524%,1.4468%,12.6191%,-0.007875,DLR,90373.0,2019-02-28,252.0,-0.9023%,0.0006,0.4315,-0.3065,-0.1722,1.3525%,1.4457%,12.4711%,-0.008147,DLR,90373.0,2019-03-01,252.0,1.3525%,0.0006,0.4371,-0.2982,-0.1682,1.3535%,1.4478%,12.6064%,0.010529,DLR,90373.0,2019-03-04,252.0,-1.0903%,0.0006,0.4337,-0.278,-0.1693,1.3535%,1.4452%,12.2951%,-0.009257,DLR,90373.0,2019-03-05,252.0,-0.2293%,0.0006,0.4361,-0.2614,-0.1663,1.3526%,1.4445%,12.3194%,-0.002914,DLR,90373.0,2019-03-06,252.0,-0.5126%,0.0005,0.4298,-0.2431,-0.1709,1.3493%,1.4389%,12.0696%,-0.004781,DLR,90373.0,2019-03-07,252.0,0.0800%,0.0005,0.4265,-0.2536,-0.1783,1.3485%,1.4381%,12.0797%,0.0034999999999999,DLR,90373.0,2019-03-08,252.0,-0.5859%,0.0004,0.4285,-0.2748,-0.1739,1.3435%,1.4342%,12.2513%,-0.005187,DLR,0.00083,-0.018924,-0.026799,-0.0244169999999999,-0.043056
13787,DOMINOS PIZZA INC,"No Sauce In Domino's Earnings, But This Chart Is Looking Red",6,decrease,0.7,0.6,"the phrase 'no sauce in domino's earnings' suggests disappointing financial results, which typically leads to a decrease in stock price.",0,2019-02-22,DPZ,2019-02-22 19:31:00+00:00,90248.0,25754A20,0.0304335691034793,1785017.0,-0.0182961504906415,-0.0914933979511261,-0.0122294481843709,-0.0026502192486077,-0.0011866739951074,-0.0085921641439199,-0.0062175444327294,-0.0192562118172645,-0.000836880179122,-0.0056094015017151,-0.0086147990077734,0.0055360062979161,0.0030574665870517,-0.025944497436285,-0.0029278295114636,0.0161978956311941,-0.0026548819150775,0.004396098665893,0.0104057509452104,0.0034735486842691,-0.0140906861051917,-0.0048394133336842,-0.0283007621765136,0.0292453877627849,0.0223749801516532,0.009626755490899,0.010310978628695,-0.0188206955790519,-0.0120525611564517,0.0240742564201355,-0.0035206966567784,0.0080407178029418,0.0219793375581502,-0.0176561065018177,-0.0193760748952627,-0.0153786428272724,0.0045503019355237,0.0262929741293191,-0.0236686505377292,0.0136183965951204,0.0138348909094929,0.0369358509778976,0.0117084281519055,-0.0150676695629954,0.0088834883645176,0.0329033322632312,0.0256078690290451,0.0489770956337451,0.0164619088172912,-0.0041953823529183,-0.0335141755640506,0.0152352917939424,-0.0169572886079549,-0.0193582363426685,0.0321751870214939,0.0113733420148491,-0.0164750423282384,-0.0016221010591834,0.0225757006555795,0.0180834382772445,-0.0277341194450855,-0.0171244814991951,0.0013333407696336,0.0116173503920435,0.0044788792729377,0.0163127519190311,0.0265525858849287,-0.0148376515135169,0.0080609750002622,-0.018912062048912,0.0050076032057404,-0.0078415339812636,-0.0137504739686846,0.0059564360417425,0.0388110131025314,-0.0017677169525995,0.0088972114026546,0.0621292814612388,-0.0060161631554365,-0.021462270990014,0.0157895199954509,0.0174179282039403,0.0489267222583293,-0.0166680812835693,-0.0245924815535545,-0.0215409323573112,-0.0109242880716919,0.0101572787389159,-0.0166770201176405,-0.0273884274065494,0.0063599194400012,-0.0045970943756401,0.0032522911205887,0.0041253245435655,0.0105356806889176,-0.0092063779011368,0.0197943728417158,-0.0125779034569859,0.0081143481656908,-0.0120393326506018,-0.016417184844613,-0.030330279842019,0.0207649115473032,0.0014284824719652,-0.0034963455982506,-0.0374149531126022,-0.0134321255609393,-0.003461783984676,-0.0161295775324106,-0.0102076716721057,-0.0037243301048874,0.0233016982674598,0.0139633081853389,0.0194355547428131,0.0042288028635084,0.0083345901221036,0.0122732641175389,0.0147047061473131,0.0128355035558342,0.0112099992111325,-0.0182961504906415,-0.0914933979511261,-0.0303018468506138,-0.0939011396353632,-0.0314525624320599,-0.101686489774235,-0.0382800676320531,-0.1239265740851693,-0.0390855277872449,-0.1211574511410403,-0.0210225030656338,0.0445893540721054,0.0955040768155999,-0.0232048057033664,2019-02-25,2019-02-26,2019-02-27,2019-02-28,2019-03-01,2019-03-04,2019-03-05,2019-03-06,2019-03-07,2019-03-08,90248.0,2019-02-22,252.0,3.0434%,0.0003,0.666,0.0344,-0.478,1.5912%,1.8137%,23.0271%,0.019306,DPZ,90248.0,2019-02-25,252.0,-1.8296%,0.0002,0.664,0.0425,-0.4811,1.5925%,1.8149%,22.9996%,-0.020166,DPZ,90248.0,2019-02-26,252.0,-1.2229%,0.0002,0.6684,0.0561,-0.4709,1.5945%,1.8161%,22.9154%,-0.012583,DPZ,90248.0,2019-02-27,252.0,-0.1187%,0.0002,0.6734,0.0463,-0.4701,1.5929%,1.8159%,23.0523%,-0.00256,DPZ,90248.0,2019-02-28,252.0,-0.6218%,0.0002,0.6754,0.0475,-0.4673,1.5933%,1.8158%,23.0097%,-0.0054139999999999,DPZ,90248.0,2019-03-01,252.0,-0.0837%,0.0002,0.6664,0.0341,-0.4775,1.5922%,1.8121%,22.7893%,-0.0077969999999999,DPZ,90248.0,2019-03-04,252.0,-0.8615%,0.0002,0.6711,0.0216,-0.4794,1.5913%,1.8130%,22.9559%,-0.003241,DPZ,90248.0,2019-03-05,252.0,0.3057%,0.0002,0.6721,0.0309,-0.4798,1.5909%,1.8130%,23.0001%,0.003025,DPZ,90248.0,2019-03-06,252.0,-0.2928%,0.0003,0.6825,0.0148,-0.4702,1.5850%,1.8103%,23.3404%,0.003209,DPZ,90248.0,2019-03-07,252.0,-0.2655%,0.0003,0.6806,0.0072,-0.4749,1.5846%,1.8097%,23.3383%,0.0013109999999999,DPZ,90248.0,2019-03-08,252.0,1.0406%,0.0003,0.6794,0.0029,-0.4765,1.5858%,1.8104%,23.2713%,0.011002,DPZ,-0.0008599999999999,-0.013443,-0.016003,-0.0292139999999999,-0.0139079999999999
13795,DOMINOS PIZZA INC,"Wells Fargo Maintains Market Perform on Domino's Pizza, Lowers Price Target to $250",6,decrease,0.7,0.6,"lowering the price target typically signals reduced expectations for the stock's future performance, which can lead to a decrease in stock price.",0,2019-02-22,DPZ,2019-02-22 16:16:00+00:00,90248.0,25754A20,0.0304335691034793,1785017.0,-0.0182961504906415,-0.0914933979511261,-0.0122294481843709,-0.0026502192486077,-0.0011866739951074,-0.0085921641439199,-0.0062175444327294,-0.0192562118172645,-0.000836880179122,-0.0056094015017151,-0.0086147990077734,0.0055360062979161,0.0030574665870517,-0.025944497436285,-0.0029278295114636,0.0161978956311941,-0.0026548819150775,0.004396098665893,0.0104057509452104,0.0034735486842691,-0.0140906861051917,-0.0048394133336842,-0.0283007621765136,0.0292453877627849,0.0223749801516532,0.009626755490899,0.010310978628695,-0.0188206955790519,-0.0120525611564517,0.0240742564201355,-0.0035206966567784,0.0080407178029418,0.0219793375581502,-0.0176561065018177,-0.0193760748952627,-0.0153786428272724,0.0045503019355237,0.0262929741293191,-0.0236686505377292,0.0136183965951204,0.0138348909094929,0.0369358509778976,0.0117084281519055,-0.0150676695629954,0.0088834883645176,0.0329033322632312,0.0256078690290451,0.0489770956337451,0.0164619088172912,-0.0041953823529183,-0.0335141755640506,0.0152352917939424,-0.0169572886079549,-0.0193582363426685,0.0321751870214939,0.0113733420148491,-0.0164750423282384,-0.0016221010591834,0.0225757006555795,0.0180834382772445,-0.0277341194450855,-0.0171244814991951,0.0013333407696336,0.0116173503920435,0.0044788792729377,0.0163127519190311,0.0265525858849287,-0.0148376515135169,0.0080609750002622,-0.018912062048912,0.0050076032057404,-0.0078415339812636,-0.0137504739686846,0.0059564360417425,0.0388110131025314,-0.0017677169525995,0.0088972114026546,0.0621292814612388,-0.0060161631554365,-0.021462270990014,0.0157895199954509,0.0174179282039403,0.0489267222583293,-0.0166680812835693,-0.0245924815535545,-0.0215409323573112,-0.0109242880716919,0.0101572787389159,-0.0166770201176405,-0.0273884274065494,0.0063599194400012,-0.0045970943756401,0.0032522911205887,0.0041253245435655,0.0105356806889176,-0.0092063779011368,0.0197943728417158,-0.0125779034569859,0.0081143481656908,-0.0120393326506018,-0.016417184844613,-0.030330279842019,0.0207649115473032,0.0014284824719652,-0.0034963455982506,-0.0374149531126022,-0.0134321255609393,-0.003461783984676,-0.0161295775324106,-0.0102076716721057,-0.0037243301048874,0.0233016982674598,0.0139633081853389,0.0194355547428131,0.0042288028635084,0.0083345901221036,0.0122732641175389,0.0147047061473131,0.0128355035558342,0.0112099992111325,-0.0182961504906415,-0.0914933979511261,-0.0303018468506138,-0.0939011396353632,-0.0314525624320599,-0.101686489774235,-0.0382800676320531,-0.1239265740851693,-0.0390855277872449,-0.1211574511410403,-0.0210225030656338,0.0445893540721054,0.0955040768155999,-0.0232048057033664,2019-02-25,2019-02-26,2019-02-27,2019-02-28,2019-03-01,2019-03-04,2019-03-05,2019-03-06,2019-03-07,2019-03-08,90248.0,2019-02-22,252.0,3.0434%,0.0003,0.666,0.0344,-0.478,1.5912%,1.8137%,23.0271%,0.019306,DPZ,90248.0,2019-02-25,252.0,-1.8296%,0.0002,0.664,0.0425,-0.4811,1.5925%,1.8149%,22.9996%,-0.020166,DPZ,90248.0,2019-02-26,252.0,-1.2229%,0.0002,0.6684,0.0561,-0.4709,1.5945%,1.8161%,22.9154%,-0.012583,DPZ,90248.0,2019-02-27,252.0,-0.1187%,0.0002,0.6734,0.0463,-0.4701,1.5929%,1.8159%,23.0523%,-0.00256,DPZ,90248.0,2019-02-28,252.0,-0.6218%,0.0002,0.6754,0.0475,-0.4673,1.5933%,1.8158%,23.0097%,-0.0054139999999999,DPZ,90248.0,2019-03-01,252.0,-0.0837%,0.0002,0.6664,0.0341,-0.4775,1.5922%,1.8121%,22.7893%,-0.0077969999999999,DPZ,90248.0,2019-03-04,252.0,-0.8615%,0.0002,0.6711,0.0216,-0.4794,1.5913%,1.8130%,22.9559%,-0.003241,DPZ,90248.0,2019-03-05,252.0,0.3057%,0.0002,0.6721,0.0309,-0.4798,1.5909%,1.8130%,23.0001%,0.003025,DPZ,90248.0,2019-03-06,252.0,-0.2928%,0.0003,0.6825,0.0148,-0.4702,1.5850%,1.8103%,23.3404%,0.003209,DPZ,90248.0,2019-03-07,252.0,-0.2655%,0.0003,0.6806,0.0072,-0.4749,1.5846%,1.8097%,23.3383%,0.0013109999999999,DPZ,90248.0,2019-03-08,252.0,1.0406%,0.0003,0.6794,0.0029,-0.4765,1.5858%,1.8104%,23.2713%,0.011002,DPZ,-0.0008599999999999,-0.013443,-0.016003,-0.0292139999999999,-0.0139079999999999
13803,DIANA SHIPPING INC,"Diana Shipping Inc. Announces Time Charter Contract For M/V Houston With Koch; Gross Charter Rate Of $10.125K Per Day, Anticipated To Generate $4.25M In Gross Revenue",6,increase,0.7,0.6,the announcement of a time charter contract with a significant gross charter rate and anticipated revenue is likely to positively impact investor sentiment and increase the stock price of diana shipping inc.,2,2019-02-22,DSX,2019-02-22 14:19:00+00:00,90630.0,Y2066G10,-0.0231022890657186,223695.0,0.0168918762356042,0.0133779132738709,-0.0963454991579055,-0.0132013075053691,-0.0147058684378862,0.0033112552482634,-0.0186566989868879,-0.0162866301834583,-0.0076046460308134,-0.0160256270319223,0.0153257474303245,-0.0340557694435119,-0.0037735812366008,0.0625000223517417,-0.0303030908107757,-0.00653594173491,-0.0156249850988388,0.0234113484621048,-0.0277777519077062,-0.0292207524180412,0.0489795431494712,0.016501635313034,0.0116731412708759,0.0066445120610296,0.0423077456653118,0.0100671043619513,-0.0147601328790187,0.0136054288595914,-0.0074906293302774,0.0,0.030188649892807,-0.0264900419861078,-0.0073260003700852,0.0033222560305148,0.0036900332197546,-0.0652174055576324,0.0036764671094715,-0.0030959723517298,-0.0036630001850426,-0.0092024449259042,0.0,-0.0060975551605224,0.0294117368757724,-0.0437318049371242,0.0,0.020833384245634,0.0142857013270258,0.0338461212813854,-0.0070422468706965,0.0030864167492836,0.0283688530325889,-0.0270270016044378,0.0068965447135269,-0.0147929554805159,0.0376711972057819,-0.0145772453397512,-0.0099009806290268,-0.0199999809265136,0.0066666603088378,-0.01960782520473,-0.0264900419861078,0.0288184154778718,-0.0068027144297957,0.0205882154405117,0.0479451566934585,0.0429448187351226,0.0163398534059524,0.0092879170551896,-0.0225080177187919,0.0157232545316219,0.0559210777282714,0.009523800574243,-0.0218068324029445,-0.006309141870588,0.0,-0.0155279356986284,0.0,0.0189873222261667,-0.003184710163623,-0.0395136401057243,0.0031948850955814,-0.0090361358597874,0.003184710163623,0.0152905052527785,0.0,-0.0353982672095298,0.0031745999585837,0.0119403582066297,0.0158227700740099,0.0307692009955644,-0.0093457857146859,-0.0240240022540092,0.012578603811562,-0.0263158343732357,0.0,-0.0029154489748179,0.009316761046648,0.0029239738360047,-0.0061538401059806,-0.0115606822073459,-0.0030959723517298,0.0087463473901152,0.0,-0.0199999809265136,-0.0155279356986284,0.0,0.0,0.0174418427050113,-0.0536277815699577,-0.0143266338855028,0.1033333167433739,0.0234603881835937,-0.0060422904789447,-0.02849000133574,0.0030395109206438,0.057228934019804,0.0,-0.0292398072779178,0.0,0.0891719609498977,0.0168918762356042,0.0133779132738709,-0.0810810791699341,-1.7840673383062722e-10,-0.0945945799247455,0.0033112550692659,-0.1182432873015463,-0.0288461285616585,-0.1722972899839343,-0.0162337514002967,0.0202702563775238,-0.151260500013675,0.1148648406351591,-0.0350318968724259,2019-02-25,2019-02-26,2019-02-27,2019-02-28,2019-03-01,2019-03-04,2019-03-05,2019-03-06,2019-03-07,2019-03-08,90630.0,2019-02-22,252.0,-2.3102%,-0.0009,0.9556,0.5804,0.1542,2.3345%,2.5520%,16.3198%,-0.030997,DSX,90630.0,2019-02-25,252.0,1.6892%,-0.0009,0.9551,0.571,0.1472,2.3371%,2.5542%,16.2778%,0.017145,DSX,90630.0,2019-02-26,252.0,-9.6345%,-0.001,1.0043,0.6484,0.2233,2.3826%,2.6132%,16.8707%,-0.090777,DSX,90630.0,2019-02-27,252.0,-1.4706%,-0.0013,0.9789,0.6888,0.219,2.3577%,2.5832%,16.6957%,-0.016674,DSX,90630.0,2019-02-28,252.0,-1.8657%,-0.0014,0.9911,0.6967,0.2312,2.3568%,2.5854%,16.9060%,-0.015312,DSX,90630.0,2019-03-01,252.0,-0.7605%,-0.0015,0.99,0.695,0.2361,2.3585%,2.5847%,16.7405%,-0.015927,DSX,90630.0,2019-03-04,252.0,1.5326%,-0.0013,0.9729,0.7304,0.2453,2.3553%,2.5772%,16.4763%,0.022243,DSX,90630.0,2019-03-05,252.0,-0.3774%,-0.0013,0.9724,0.7282,0.2443,2.3553%,2.5756%,16.3717%,0.0006429999999999,DSX,90630.0,2019-03-06,252.0,-3.0303%,-0.0013,0.971,0.7581,0.2467,2.3553%,2.5791%,16.6041%,-0.0131469999999999,DSX,90630.0,2019-03-07,252.0,-1.5625%,-0.0014,0.9707,0.7466,0.2431,2.3545%,2.5777%,16.5670%,-0.006408,DSX,90630.0,2019-03-08,252.0,-2.7778%,-0.0013,0.9704,0.8048,0.2397,2.3357%,2.5657%,17.1242%,-0.025692,DSX,-0.013852,-0.104629,-0.121303,-0.1525419999999999,-0.1749029999999999
13811,DEVON ENERGY CORP NEW,Fitch Affirms Devon Energy Ratings; Outlook To Rating Watch Negative,6,decrease,0.7,0.6,"the outlook being placed on rating watch negative suggests potential credit risk, which could lead to a decrease in investor confidence and subsequently lower stock prices.",0,2019-02-22,DVN,2019-02-22 14:47:00+00:00,87137.0,25179M10,-0.0067001930437982,11957462.0,-0.0053962850943207,-0.0138751259073615,0.0033909929916262,0.0692335218191146,0.0098005747422575,-0.0038705351762473,-0.0123828295618295,0.0398829169571399,0.0216875430196523,0.0156075833365321,-0.0235488917678594,0.0365947932004928,-0.0057744588702917,0.0204401947557926,-0.0187906101346015,0.0208667926490306,-0.0229804962873458,-0.0150197297334671,-0.0481112040579319,-0.0552651770412921,0.040808692574501,-0.0029784035868942,0.0345324091613292,-0.0110456272959709,0.0198191832751035,0.0055534844286739,0.0085236988961696,0.0135084660723805,0.0047457418404519,-0.0368630439043045,0.0293522551655769,0.0305400248616933,-0.0088495723903179,0.0132075613364577,0.0333994776010513,-0.027522936463356,0.0127999875694513,0.0244360752403736,-0.0413901880383491,0.0106383245438337,0.0158206839114427,-0.0116409864276647,0.0253082644194364,-0.0187914613634347,-0.0085443183779716,0.0284198559820652,0.0175550356507301,0.0193124767392873,-0.010037631727755,-0.0193181913346052,-0.0006336676306091,0.0087886722758412,-0.010462962090969,-0.0072079109959304,-0.0160205066204071,0.0026625976897776,0.0097688427194952,0.0178087875247001,0.0383747331798076,0.0109589314088225,-0.0052795647643506,0.0078895008191466,-0.0302840881049633,0.0317460596561431,0.0109465597197413,0.0446428246796131,-0.0070063476450741,0.01335637178272,0.0737652108073234,0.0297248512506485,-0.0271804016083478,0.0035619693808257,0.0079828714951872,-0.0192139968276023,0.0115746948868036,0.0083663826808333,0.0102378847077488,0.0824594646692276,0.0479880981147289,-0.0424463860690593,-0.0159272290766239,-0.0266548376530408,-0.0031790982466191,-0.0561844930052757,-0.0275442358106374,-0.0229413956403732,-0.0253429412841796,-0.0431203581392765,0.0009177912143059,-0.0127708949148654,-0.0177262164652347,-0.0383327379822731,-0.0093341395258903,-0.0120967682451009,-0.0288944747298955,0.0198131091892719,0.0109961237758398,0.0182717759162187,0.0073576308786869,-0.0341911874711513,-0.0139727070927619,-0.0198197923600673,0.0154589843004941,-0.0149094806984067,-0.008880453184247,-0.0208550710231065,0.0019199829548597,0.0643729120492935,-0.0443947426974773,0.0044593401253223,0.0280748717486858,0.001488612149842,0.0055266604758799,0.0097707714885473,0.0119624612852931,-0.0191669203341007,-0.0220446847379207,0.0081753740087151,-0.0189480539411306,-0.0567823611199855,-0.0053962850943207,-0.0138751259073615,-0.0020235908676301,0.0543977720795028,0.0077571515210814,0.0503166884129122,0.0168634066947626,0.1092530837982765,-0.0991568482593857,0.1146377745795823,0.0889485057377617,0.1682975037025835,0.015562848630412,0.0493821261883267,2019-02-25,2019-02-26,2019-02-27,2019-02-28,2019-03-01,2019-03-04,2019-03-05,2019-03-06,2019-03-07,2019-03-08,87137.0,2019-02-22,252.0,-0.6700%,0.0001,1.4923,0.86,0.7453,1.9276%,2.4461%,37.9011%,-0.010743,DVN,87137.0,2019-02-25,252.0,-0.5396%,0.0001,1.492,0.8618,0.745,1.9277%,2.4461%,37.8956%,-0.004157,DVN,87137.0,2019-02-26,252.0,0.3391%,0.0001,1.4803,0.8543,0.7324,1.9273%,2.4371%,37.4610%,0.013652,DVN,87137.0,2019-02-27,252.0,0.9801%,0.0001,1.4832,0.8514,0.7329,1.9275%,2.4376%,37.4745%,0.007624,DVN,87137.0,2019-02-28,252.0,-1.2383%,-0.0,1.4994,0.8623,0.7462,1.9198%,2.4383%,38.0066%,-0.0062229999999999,DVN,87137.0,2019-03-01,252.0,2.1688%,0.0001,1.4927,0.8524,0.7306,1.9188%,2.4306%,37.6790%,0.011286,DVN,87137.0,2019-03-04,252.0,-2.3549%,0.0,1.4969,0.8522,0.7264,1.9210%,2.4351%,37.7665%,-0.015317,DVN,87137.0,2019-03-05,252.0,-0.5774%,-0.0,1.4945,0.8341,0.7243,1.9200%,2.4295%,37.5474%,0.001065,DVN,87137.0,2019-03-06,252.0,-1.8791%,-0.0,1.4896,0.8288,0.718,1.9197%,2.4290%,37.5351%,0.0038929999999999,DVN,87137.0,2019-03-07,252.0,-2.2980%,0.0001,1.5013,0.8709,0.7455,1.9090%,2.4297%,38.2694%,-0.007906,DVN,87137.0,2019-03-08,252.0,-4.8111%,-0.0,1.5062,0.8884,0.7524,1.9264%,2.4474%,38.0436%,-0.0440669999999999,DVN,-0.0149,-0.001248,0.0063759999999999,0.011439,-0.0508929999999999
13819,DAXOR CORP,New Research Further Demonstrates Clinical Utility and Improved Ease of Use with Daxor Corporation's Blood Volume Analyzer (BVA-100®) in Critical Care,6,increase,0.8,0.7,"the news highlights improved clinical utility and ease of use of daxor's product, which could lead to increased adoption in critical care settings, positively impacting the company's stock price.",2,2019-02-22,DXR,2019-02-22 13:40:00+00:00,29058.0,23946710,0.081871323287487,34772.0,0.0054054260253906,-0.018369672819972,0.049462366849184,0.0075187482871115,-0.0266393665224313,-0.0313725173473358,0.0139473360031843,-0.0138121545314788,0.0127174071967601,-0.0468667410314083,-0.0133265107870101,0.1170588135719299,-0.0623377002775669,0.0559005960822105,-0.1202215626835823,0.0974778681993484,-0.011964769102633,-0.005423723720014,-0.002549392171204,0.0642135888338089,-0.0325878150761127,-0.1109685972332954,-0.0237781107425689,-0.0775147601962089,-0.0182678960263729,0.0628930851817131,-0.0114128068089485,0.0845838859677314,-0.0505005791783332,-0.0437051579356193,0.0022026235237717,-0.0077669830061495,0.0446886904537677,-0.0433436408638954,-0.1690041869878769,0.0426081232726573,0.0413501895964145,0.0416946783661842,0.011345169506967,-0.083230547606945,-0.0176281500607729,0.1117203012108803,-0.0758564695715904,0.0062069068662822,0.0238305795937776,-0.0268456134945154,0.0129310013726353,0.027586180716753,-0.0417021065950393,-0.0274983141571283,0.0310834292322397,0.0282758511602878,-0.0310077238827943,0.115384615957737,0.0062221949920058,0.1586452424526215,-0.0724381357431411,0.0685714557766914,-0.0180951990187168,-0.0877498015761375,-0.0106693115085363,-0.0511129349470138,-0.0098038660362362,0.0782222300767898,0.0099009331315755,0.0933901220560073,-0.0539215877652168,0.1294292062520981,0.0010362932225689,0.110975593328476,0.0310559216886758,-0.0989011600613594,-0.0461847409605979,-0.0471203997731208,-0.0005683898925781,0.091428592801094,0.0005687131197191,0.1920980662107468,-0.0105263562873005,-0.0744009688496589,-0.0074467761442065,0.1183505430817604,0.0257234480232,-0.0246492680162191,-0.0282131154090166,0.1099236309528351,-0.0043010711669921,-0.0030441370327025,0.0215982515364885,-0.0408758744597435,0.0031712190248072,0.0193452555686235,0.0,0.0338461212813854,0.001053764950484,-0.0045942128635942,-0.0157894343137741,0.0414673425257206,0.1663100868463516,0.0791738480329513,-0.0582301057875156,-0.0850393623113632,0.047711756080389,0.001577247865498,-0.0771375373005867,-0.0062695862725377,0.0141087127849459,0.006309141870588,-0.0129194594919681,0.0127795403823256,0.0342052467167377,-0.026438508182764,-0.0739298909902572,-0.0198170915246009,-0.007353008724749,0.0092307608574628,0.02222222648561,-0.0277902521193027,-0.0776397511363029,0.0008683004998601,0.0054054260253906,-0.018369672819972,0.0551351580396186,-0.0109890414789104,0.0270270258338976,-0.0420168049318185,0.0545946055787869,-0.0995260352733163,-0.1540540738708428,0.2337662959757038,-0.4427026757172064,0.4856646533962188,-0.5183783808523079,1.5598803588081722,2019-02-25,2019-02-26,2019-02-27,2019-02-28,2019-03-01,2019-03-04,2019-03-05,2019-03-06,2019-03-07,2019-03-08,29058.0,2019-02-22,252.0,8.1871%,0.011,1.1009,-0.8895,0.132,10.8310%,10.8984%,1.2323%,0.083145,DXR,29058.0,2019-02-25,252.0,0.5405%,0.011,1.0994,-0.8863,0.1282,10.8309%,10.8981%,1.2296%,0.001579,DXR,29058.0,2019-02-26,252.0,4.9462%,0.0112,1.1061,-0.9412,0.1054,10.8321%,10.9007%,1.2558%,0.045872,DXR,29058.0,2019-02-27,252.0,-2.6639%,0.0111,1.1137,-0.9655,0.1065,10.8339%,10.9033%,1.2692%,-0.02582,DXR,29058.0,2019-02-28,252.0,1.3947%,0.0112,1.112,-0.9664,0.1038,10.8340%,10.9031%,1.2629%,0.017759,DXR,29058.0,2019-03-01,252.0,1.2717%,0.0113,1.0948,-0.992,0.0787,10.8327%,10.9008%,1.2455%,0.007838,DXR,29058.0,2019-03-04,252.0,-1.3327%,0.0112,1.0966,-0.9769,0.0735,10.8336%,10.9007%,1.2268%,-0.011998,DXR,29058.0,2019-03-05,252.0,-6.2338%,0.0109,1.1124,-0.903,0.1122,10.8434%,10.9099%,1.2167%,-0.063416,DXR,29058.0,2019-03-06,252.0,-12.0222%,0.0105,1.1725,-0.6335,0.2168,10.8747%,10.9412%,1.2110%,-0.12239,DXR,29058.0,2019-03-07,252.0,-1.1965%,0.0104,1.179,-0.6263,0.2275,10.8750%,10.9421%,1.2224%,-0.002168,DXR,29058.0,2019-03-08,252.0,-0.2549%,0.0103,1.1819,-0.6509,0.2333,10.8743%,10.9419%,1.2319%,0.000654,DXR,0.084724,0.130596,0.104776,0.130373,-0.0689449999999999
13827,ENERPLUS CORP,"Enerplus Q4 Adj. EPS C$0.42, Total Production Averaged 97,860 Barrels Of Oil Equivalent/Day",6,increase,0.7,0.6,"the positive adjusted eps and stable production levels suggest strong financial performance, which is likely to attract investor interest and drive the stock price up.",2,2019-02-22,ERF,2019-02-22 11:11:00+00:00,88818.0,29276610,0.0340375527739524,916741.0,0.0136208720505237,-0.0173009932041168,0.0134378364309668,0.0236127283424139,-0.0002674286079127,-0.0058685666881501,-0.0243363119661808,0.0215827692300081,-0.0102040991187095,0.0121359685435891,0.0126002999022603,0.0198019612580537,-0.0180995296686887,0.0306122153997421,-0.0241935513913631,-0.0125944465398788,-0.018890181556344,-0.0099751120433211,-0.0096270609647035,-0.0508874990046024,0.0,-0.0058823754079639,0.0157958827912807,-0.0116279507055878,0.0107655692845583,-0.0011613561073318,-0.0082839876413345,-0.0057736942544579,-0.0238663256168365,-0.0247748047113418,0.0403422862291336,0.0310371499508619,-0.0258519686758518,0.0046620001085102,0.0554885454475879,-0.0137930903583765,0.0251428876072168,0.0034601767547428,-0.0289855320006609,0.0224057249724865,-0.0022962638176977,-0.0219147093594074,0.0069045363925397,-0.0747064873576164,-0.0240000039339065,0.0140692768618464,-0.0049812868237495,0.0098360823467373,-0.0094228414818644,-0.004352553281933,0.0297265164554119,0.0188469085842371,-0.0300231222063303,-0.0022123344242572,-0.0202381052076816,0.0033296039327979,0.0230863355100154,0.0123596200719475,0.0308788865804672,0.0218139588832855,0.0437788143754005,0.0046136057935655,-0.0077263405546545,0.0152224963530898,0.0122358854860067,0.0530210025608539,-0.0120879784226417,0.0201257672160863,0.0200222805142402,0.0244844816625118,-0.0087240915745496,0.0250990819185972,-0.0154015775769949,0.0066489614546298,-0.0067038512788712,-0.0147434407845139,0.0078739812597632,0.0760563313961029,0.0736606940627098,-0.031377900391817,0.0093555254861712,-0.044328574091196,-0.0247167628258466,-0.0204342082142829,-0.0126715824007988,0.005134783219546,-0.020320912823081,-0.0406403839588165,0.0019028634997084,-0.0480656325817108,-0.0021810750477015,-0.0595369338989257,-0.0535518899559974,0.0248586777597665,-0.0150115611031651,0.0068259863182902,0.0175850614905357,-0.0011363896774128,0.0,-0.0393012724816799,-0.0437788143754005,0.0143964691087603,0.0228915158659219,-0.0652174055576324,0.0070671872235834,-0.044510368257761,0.0350877419114112,0.0498441904783248,-0.0372881256043911,-0.0143296150490641,0.0258215144276619,0.0316790044307708,0.0068650366738438,0.0050402926281094,-0.0079546188935637,-0.0063223885372281,-0.0332187823951244,0.0149731962010264,-0.0059240804985165,-0.0488300658762455,0.0136208720505237,-0.0173009932041168,0.0272417435321525,0.0059032114857142,0.0269670297026898,1.4072858434133195e-09,-0.0082498068081355,0.0339806670371625,-0.0650510797425222,0.0082840996634296,-0.0130634068106918,-0.0209833781519485,-0.0452641425797569,-0.1309900631239714,2019-02-25,2019-02-26,2019-02-27,2019-02-28,2019-03-01,2019-03-04,2019-03-05,2019-03-06,2019-03-07,2019-03-08,88818.0,2019-02-22,252.0,3.4038%,-0.0003,1.5131,0.7382,0.7547,2.2251%,2.6891%,31.5313%,0.031829,ERF,88818.0,2019-02-25,252.0,1.3621%,-0.0003,1.516,0.7338,0.7631,2.2213%,2.6867%,31.6408%,0.014529,ERF,88818.0,2019-02-26,252.0,1.3438%,-0.0006,1.4651,0.7506,0.7335,2.1727%,2.6190%,31.1789%,0.022978,ERF,88818.0,2019-02-27,252.0,-0.0267%,-0.0006,1.4648,0.7507,0.7334,2.1727%,2.6178%,31.1119%,-0.002232,ERF,88818.0,2019-02-28,252.0,-2.4336%,-0.0007,1.4744,0.7567,0.7445,2.1743%,2.6215%,31.2061%,-0.018212,ERF,88818.0,2019-03-01,252.0,-1.0204%,-0.0007,1.4601,0.7354,0.7314,2.1752%,2.6109%,30.5927%,-0.0201259999999999,ERF,88818.0,2019-03-04,252.0,1.2600%,-0.0006,1.455,0.7336,0.737,2.1789%,2.6104%,30.3264%,0.020192,ERF,88818.0,2019-03-05,252.0,-1.8100%,-0.0006,1.4595,0.7616,0.7443,2.1787%,2.6126%,30.4617%,-0.011673,ERF,88818.0,2019-03-06,252.0,-2.4194%,-0.0006,1.4555,0.7702,0.7409,2.1779%,2.6126%,30.5098%,-0.002725,ERF,88818.0,2019-03-07,252.0,-1.8890%,-0.0005,1.4625,0.7984,0.7583,2.1733%,2.6143%,30.8866%,-0.004061,ERF,88818.0,2019-03-08,252.0,-0.9627%,-0.0005,1.4614,0.828,0.755,2.1670%,2.6109%,31.1150%,-0.00561,ERF,0.046358,0.069336,0.067104,0.028766,0.024889
13835,ISHARES INC,Canadian Regulator Has Conditionally Approved Trans Mountain Pipeline,6,increase,0.7,0.6,"the conditional approval of the trans mountain pipeline is likely to boost investor confidence in energy infrastructure, which could positively impact ishares inc's stock price, particularly if it is related to energy-focused etfs.",2,2019-02-22,EWC,2019-02-22 17:39:00+00:00,83211.0,46428650,0.0054053915664553,1300609.0,-0.0007168622687458,-0.0050196987576782,0.001793441362679,0.0101412087678909,0.0025062547065317,0.007296634837985,-0.0053571290336549,0.0133087104186415,-0.0046679018996655,0.0033382847905159,-0.0025252415798604,-0.00185120862443,-0.0007233438664115,0.0116104669868946,-0.0054288678802549,-0.0092764375731349,-0.0054585016332566,-0.0022213796619325,-0.0003659066569525,-0.0069853137247264,0.0087847644463181,-0.0058479476720094,0.005079872906208,0.0058823470026254,0.0054151485674083,0.0025802287273108,-0.0043088272213935,0.0029574832879006,0.0010818855371326,0.0033382847905159,0.007204569876194,0.008604547008872,-0.0007152557373046,0.0060218232683837,-0.001073753926903,-0.001878329901956,-0.0017914453055709,0.0137090859934687,-0.0154343247413635,0.0057449107989668,-0.0003645726828835,-0.0019112857989966,0.0072939740493893,-0.0098410379141569,-0.0039826431311666,0.0064761932007968,0.0025445180945098,0.0080644804984331,0.0021754701156169,0.0030817347578704,0.0130246244370937,0.0054221297614276,0.0,0.0038880398496985,0.0010714530944824,-0.001940284972079,0.0007134695188142,0.0042868517339229,0.003565076040104,0.0186581704765558,0.0074600707739591,0.0108346892520785,-0.0059943608939647,0.0109533658251166,0.0042567905038595,0.0258010365068912,-0.001766133471392,-0.0062034581787884,0.008138695731759,0.0091820210218429,0.0,0.0046121049672365,0.0010530251311138,0.0059047364629805,0.0042075361125171,-0.0046179937198758,0.0006983400089666,0.0311688017100095,0.0,-0.0140845039859414,0.0,-0.0208942741155624,-0.0097697377204895,-0.0095198489725589,-0.0010570394806563,-0.0118609778583049,0.0038800246547907,-2.485364893800579e-05,0.0021082703024148,-0.0201024916023016,0.0010518506169319,-0.0116867637261748,-0.0070052142255008,-0.0019439827883616,-0.006349217146635,0.0110062407329678,0.0074547063559293,-0.0039154416881501,-0.0014094084035605,-0.0100774550810456,-0.0109385838732123,-0.0053971200250089,0.0014270070241764,-0.0189107414335012,-0.0024937547277659,-0.0174656007438898,-0.0007143020629882,0.0101351523771882,-0.0125089483335614,0.0003755249490495,0.0083243381232023,0.0015042875893414,0.0032304432243108,0.0168260242789983,0.0071555939503014,-0.0079666534438729,-0.0024866675958037,0.0076452889479696,-0.0032051336020231,-0.0135746831074357,-0.0007168622687458,-0.0050196987576782,0.001075293443489,0.0050706041971591,0.0035842431092745,0.0124042373823787,-0.0064516237897315,0.0293027052361383,-0.0207885278865435,0.0202205595460975,0.0089605741492446,0.1016276063146601,0.003225812271739,0.0639002813398397,2019-02-25,2019-02-26,2019-02-27,2019-02-28,2019-03-01,2019-03-04,2019-03-05,2019-03-06,2019-03-07,2019-03-08,83211.0,2019-02-22,252.0,0.5405%,-0.0,0.7075,0.2083,0.2524,0.5699%,0.9083%,60.6235%,0.003352,EWC,83211.0,2019-02-25,252.0,-0.0717%,-0.0,0.7073,0.2086,0.2519,0.5699%,0.9082%,60.6202%,-0.000882,EWC,83211.0,2019-02-26,252.0,0.1793%,-0.0,0.7045,0.2044,0.2477,0.5705%,0.9047%,60.2390%,0.004992,EWC,83211.0,2019-02-27,252.0,0.2506%,0.0,0.7053,0.2034,0.2478,0.5704%,0.9043%,60.2066%,0.001681,EWC,83211.0,2019-02-28,252.0,-0.5357%,-0.0,0.7056,0.2036,0.2487,0.5707%,0.9029%,60.0545%,-0.002692,EWC,83211.0,2019-03-01,252.0,-0.4668%,-0.0,0.6977,0.1918,0.2408,0.5705%,0.8953%,59.4047%,-0.009434,EWC,83211.0,2019-03-04,252.0,-0.2525%,0.0,0.6976,0.1915,0.2411,0.5705%,0.8945%,59.3280%,0.000841,EWC,83211.0,2019-03-05,252.0,-0.0723%,0.0,0.6998,0.2094,0.242,0.5664%,0.8940%,59.8557%,0.001545,EWC,83211.0,2019-03-06,252.0,-0.5429%,0.0001,0.7009,0.2016,0.2423,0.5660%,0.8945%,59.9591%,0.002902,EWC,83211.0,2019-03-07,252.0,-0.5459%,0.0001,0.6999,0.1986,0.2401,0.5659%,0.8943%,59.9572%,0.00114,EWC,83211.0,2019-03-08,252.0,-0.0366%,0.0001,0.6994,0.2041,0.2389,0.5651%,0.8940%,60.0398%,0.001393,EWC,0.00247,0.007462,0.009143,-0.0029829999999999,0.004838
13843,ISHARES TRUST,UK Cabinet Ministers Want Pm May To Step Down After Local Elections In May,6,decrease,0.7,0.6,"political instability, such as calls for a prime minister to step down, can lead to uncertainty in the market, negatively impacting investor confidence and potentially decreasing stock prices.",0,2019-02-22,EWU,2019-02-22 17:10:00+00:00,14907.0,46435G33,0.0030901876743882,849747.0,0.0006161570781841,-0.0064476230181753,0.0086206523701548,0.0055572804994881,-0.0012209127889946,0.0052761686965823,-0.0045843985863029,0.0132076097652316,0.0018422282300889,0.0,-0.0024517874699085,0.002206104574725,0.0055299634113907,0.0073015727102756,0.0012221484212204,-0.0059955990873277,-0.0106805702671408,-0.0006306701689027,-0.0040097860619425,-0.0043956451117992,0.0086713768541812,-0.0037534856237471,-0.0018422282300889,0.0088355559855699,0.013841918669641,0.0028481059707701,0.0033373972401022,0.0034931919071823,0.0105835646390914,0.0060703046619892,0.0053860056214034,0.0132728992030024,0.0020833243615925,0.0068448199890553,-0.0038609225302934,-0.0071197189390659,-0.0017889497103169,0.0068425899371504,-0.0155316749587655,-0.0042180130258202,-0.0015169671969488,0.0071895201690495,0.0045579313300549,-0.011627865023911,0.0027223275974392,0.0091264266520738,-0.0063349287956953,0.0082155764102935,0.002125066705048,-0.0029488909058272,0.0133293690159916,0.0049390718340873,0.0056800781749188,-0.0065423245541751,0.0059453258290886,0.0003272326139267,-0.0035460677463561,0.004272072110325,0.0023724203929305,0.0096217952668666,0.0017751886043697,0.0060080210678279,-0.005611412692815,0.0,0.0032670216169208,0.0277872886508703,-0.0011840468505397,-0.0061370716430246,0.0059275915846228,-0.0006814465741626,-0.0005892887129448,-0.0010210613254457,-0.0014740341575816,0.013103418983519,0.0017715197755023,-0.0092244772240519,-0.0035366616211831,0.0248599797487258,0.0011829960858449,-0.009021520614624,0.0002954840892925,-0.0082587674260139,-0.0079740239307284,0.0006886553019285,-0.0035724600311368,-0.0037735404912382,0.0014938522363081,-0.0021023366134613,0.0020882964599877,-0.0092930234968662,0.0050609754398465,-0.0134250735864043,-0.0112558435648679,-0.0003272773174103,-0.0011983497533947,0.0173159688711166,0.0158967841416597,0.0030060170684009,-0.0082668671384453,-0.0118811456486582,-0.0196487009525299,-0.0081833060830831,0.0006073628319427,-0.016103059053421,-0.0021244215313345,-0.0214308332651853,0.0036496024113148,0.0095449965447187,-0.0193939208984375,-0.0078914137557148,0.008961709216237,-0.0084507185965776,0.0021439415868371,0.0129993604496121,0.0055012316443026,-0.0078641083091497,-0.0066869668662548,0.0163043551146984,-0.004590009804815,-0.012314474210143,0.0006161570781841,-0.0064476230181753,0.0092421211243154,-0.0009261737683542,0.0080099245114426,0.0043451082791838,0.0052372764212984,0.0176101065389546,-0.005237158719427,0.0160125657308023,0.0412815816596838,0.0736563116500401,0.0021564893794827,0.0441244109326064,2019-02-25,2019-02-26,2019-02-27,2019-02-28,2019-03-01,2019-03-04,2019-03-05,2019-03-06,2019-03-07,2019-03-08,14907.0,2019-02-22,252.0,0.3090%,-0.0002,0.6556,0.0915,0.2843,0.5773%,0.8641%,55.3695%,0.002463,EWU,14907.0,2019-02-25,252.0,0.0616%,-0.0002,0.6559,0.0917,0.2858,0.5770%,0.8641%,55.4125%,0.000283,EWU,14907.0,2019-02-26,252.0,0.8621%,-0.0001,0.654,0.0778,0.2773,0.5813%,0.8641%,54.7481%,0.0111,EWU,14907.0,2019-02-27,252.0,-0.1221%,-0.0001,0.6542,0.0771,0.2773,0.5813%,0.8632%,54.6419%,-0.001725,EWU,14907.0,2019-02-28,252.0,-0.4584%,-0.0001,0.6509,0.0748,0.2754,0.5799%,0.8585%,54.3739%,-0.001978,EWU,14907.0,2019-03-01,252.0,0.1842%,-0.0001,0.6467,0.0684,0.2697,0.5786%,0.8535%,54.0455%,-0.0020499999999999,EWU,14907.0,2019-03-04,252.0,-0.2452%,-0.0001,0.6448,0.0743,0.2702,0.5781%,0.8509%,53.8419%,4.3e-05,EWU,14907.0,2019-03-05,252.0,0.5530%,-0.0001,0.644,0.0726,0.2668,0.5799%,0.8514%,53.6129%,0.007415,EWU,14907.0,2019-03-06,252.0,0.1222%,-0.0,0.6412,0.0571,0.2615,0.5817%,0.8504%,53.2107%,0.007349,EWU,14907.0,2019-03-07,252.0,-1.0681%,-0.0001,0.6428,0.0562,0.2635,0.5823%,0.8525%,53.3443%,-0.00461,EWU,14907.0,2019-03-08,252.0,-0.4010%,-0.0001,0.6431,0.056,0.264,0.5825%,0.8529%,53.3575%,-0.002266,EWU,0.0027459999999999,0.013846,0.012121,0.008093,0.0160239999999999
13851,ISHARES INC,PDVSA Has Been Sued Over $182M GE Capital Loans By Investment Firm,6,uncertain,0.5,0.5,"the lawsuit against pdvsa over loans may have mixed implications for ishares inc, depending on the market's perception of the impact on related investments and overall market sentiment.",1,2019-02-22,EWZ,2019-02-22 19:06:00+00:00,88396.0,46428640,0.0137773202732205,21582629.0,-0.0052095889113843,-0.0047988821752369,0.0040983678773045,-0.0088335946202278,0.0013605754356831,-0.0067491391673684,-0.0262681134045124,0.004519791342318,-0.0151163144037127,0.0273972675204277,0.0004722658486571,-0.0144164999946951,0.0075525064021348,0.0284772664308548,-0.0278753489255905,-0.0134664038196206,-0.0077108358964324,0.0004645867156796,0.0118989283218979,-0.0064620953053236,0.0335973501205444,-0.0415836609899997,0.0048757623881101,-0.0054993401281535,0.0108595481142401,0.0013215320650488,-0.0123428776860237,0.0006612870492972,0.011108529753983,0.0172645840793848,0.0162509251385927,0.0267034955322742,-0.0011261948384344,0.013296004384756,-0.0076662944629788,-0.0216796156018972,-0.0229492932558059,0.0038945742417126,-0.0597674362361431,0.0083160223439335,0.0126143535599112,0.0270462483167648,0.0166096799075603,-0.0243055373430252,-0.0562229752540588,0.0041841072961688,0.0356415882706642,0.0082025378942489,0.0076204859651625,-0.0016378920990973,0.0197608564049005,-0.0055839428678154,-0.0007176741492003,0.0046750996261835,-0.0141249736770987,-0.0027972667012363,0.0223408974707126,-0.0013965911930426,0.0045131221413612,0.0252982694655656,0.0085126645863056,0.0120772942900657,-0.0133645879104733,-0.01004299800843,0.0040398803539574,0.0224938411265611,-0.0184615086764097,0.0063976906239986,-0.0277309250086545,0.0638743117451667,0.0074404571205377,0.0031512323766946,0.0041851792484521,0.008741769939661,-0.0181417427957058,0.0120643638074398,0.0102372001856565,0.0182909686118364,0.000741537194699,-0.0137317804619669,0.0160532891750335,-0.0111821610480547,-0.0255225878208875,0.0181621573865413,0.0246944800019264,-0.0204461086541414,0.00413822196424,0.0104233007878065,-0.0004848595708608,-0.0127837639302015,0.0038806658703833,-0.0128766410052776,-0.016670661047101,0.0036185891367495,-0.0012284824624657,0.0168199576437473,0.0132840611040592,0.01116125844419,-0.0177227370440959,-0.0266424939036369,-0.0084033655002713,-0.0197768453508615,0.0196909513324499,0.0040733157657086,-0.01515519246459,-0.0177545100450515,-0.0009928249055519,0.0047739306464791,-0.0350310504436492,-0.0005022716941311,0.003347092308104,0.0002511510101612,-0.0136002711951732,0.0199846941977739,-0.0205514337867498,0.0430251397192478,-0.0175298750400543,-0.033075001090765,0.0197350494563579,-0.0177665166556835,-0.0052095889113843,-0.0047988821752369,-0.0011325718459281,-0.0135900854156985,0.0002264626403223,-0.0202475032053,-0.0407701702105578,0.0111446375914043,-0.0561722144860623,0.0050772539610017,-0.0421291208266364,0.0393794169107426,-0.145639865223951,0.1221891928927658,2019-02-25,2019-02-26,2019-02-27,2019-02-28,2019-03-01,2019-03-04,2019-03-05,2019-03-06,2019-03-07,2019-03-08,88396.0,2019-02-22,252.0,1.3777%,0.0001,0.8271,-0.1918,0.3122,1.8871%,2.0588%,15.9823%,0.014275,EWZ,88396.0,2019-02-25,252.0,-0.5210%,0.0001,0.8283,-0.1874,0.319,1.8865%,2.0583%,15.9991%,-0.006487,EWZ,88396.0,2019-02-26,252.0,0.4098%,0.0001,0.8289,-0.1951,0.3155,1.8867%,2.0574%,15.9111%,0.005177,EWZ,88396.0,2019-02-27,252.0,0.1361%,0.0001,0.8298,-0.1962,0.3157,1.8866%,2.0568%,15.8602%,0.001264,EWZ,88396.0,2019-02-28,252.0,-2.6268%,0.0001,0.8301,-0.1968,0.3213,1.8916%,2.0604%,15.7192%,-0.022967,EWZ,88396.0,2019-03-01,252.0,-1.5116%,0.0,0.821,-0.2104,0.3162,1.8948%,2.0597%,15.3725%,-0.019327,EWZ,88396.0,2019-03-04,252.0,0.0472%,-0.0,0.8262,-0.2299,0.3153,1.8934%,2.0597%,15.4973%,0.002577,EWZ,88396.0,2019-03-05,252.0,0.7553%,0.0,0.8244,-0.2378,0.3108,1.8942%,2.0601%,15.4625%,0.008911,EWZ,88396.0,2019-03-06,252.0,-2.7875%,-0.0001,0.8362,-0.1897,0.3306,1.9000%,2.0672%,15.5202%,-0.024161,EWZ,88396.0,2019-03-07,252.0,-0.7711%,-0.0001,0.835,-0.1957,0.3273,1.8997%,2.0672%,15.5489%,1.4e-05,EWZ,88396.0,2019-03-08,252.0,1.1899%,0.0,0.8323,-0.1834,0.3223,1.9006%,2.0669%,15.4417%,0.0143,EWZ,0.0077879999999999,0.0129649999999999,0.0142289999999999,-0.028065,-0.026424
13859,EXELIXIS INC,"BMO Capital Initiates Coverage On Exelixis with Market Perform Rating, Announces $23 Price Target",6,uncertain,0.6,0.3,"the initiation of coverage with a market perform rating and a price target suggests a neutral stance, which may not significantly impact the stock price in either direction.",1,2019-02-22,EXEL,2019-02-22 12:04:00+00:00,88159.0,30161Q10,0.0141376601532101,1842466.0,0.0394981577992439,-0.0009416411630809,0.0053642792627215,-0.005152253434062,0.0146731846034526,-0.0408804975450038,-0.0188431330025196,-0.0017936775693669,0.0223313979804515,0.0113378688693046,-0.0144167728722095,0.0170663706958293,0.0132979238405823,0.0333651453256607,-0.0021872764918953,-0.0136342691257596,0.0140289217233657,0.0023563217837363,-0.0038909749127924,-0.0610619932413101,0.0217013880610466,-0.0079016815871,0.0021240117494016,-0.018526429310441,0.0474776998162269,-0.0161085650324821,0.002023518551141,0.0008485557045787,-0.0092891575768589,0.0115880025550723,-0.0158989522606134,0.0073497658595442,0.0074565163813531,0.0026007571723312,0.0024670832790434,-0.0085947895422577,-0.0041016601026058,0.0278269033879041,-0.0436573848128318,0.023508071899414,-0.0008612640667706,0.0004522943636402,0.0172413624823093,-0.0238410159945488,-0.0152542628347873,-0.0074496092274785,0.016781385987997,-0.004797235596925,0.0071942480280995,-0.0465696044266223,0.0210084039717912,0.0520559325814247,0.0176954865455627,-0.0378787703812122,0.0008087528403848,-0.0128790801391005,-0.0270707104355096,0.0168990120291709,0.0207641199231147,0.0167525503784418,-0.005288818385452,0.0630137473344802,-0.0171779170632362,0.0564399473369121,0.0066583370789885,0.0576530173420906,-0.0256304591894149,-0.0165579486638307,-0.0156978759914636,0.0132181104272604,-0.0081896781921386,0.0118312519043684,-0.0069534918293356,0.0093458099290728,-0.0652078688144683,0.0163588095456361,-0.021535625681281,0.0847167447209358,-0.0138755505904555,-0.0141083523631095,0.0383308567106723,-0.036956537514925,-0.0397196449339389,-0.0401669517159462,-0.0267639532685279,-0.0500495657324791,0.0274999625980854,-0.0316698588430881,-0.0272505842149257,-0.0090347370132803,-0.0165082514286041,-0.0122123165056109,-0.0162766892462968,-0.0233944188803434,0.0439503826200962,0.0390848293900489,0.0292223934084177,-0.0177903119474649,-0.0062560667283833,0.0399220883846283,-0.0164648983627557,-0.026540258899331,0.0004923795931972,0.0262646358460187,-0.0334645807743072,-0.0437209568917751,0.0061100227758288,0.058591853827238,-0.04200404509902,0.0330620370805263,0.010565179400146,-0.0030425693839788,0.0104548232629895,0.0478214472532272,0.023797258734703,0.0026637844275683,-0.0232441108673811,0.0387382842600345,0.0144852912053465,-0.001657496439293,0.0394981577992439,-0.0009416411630809,0.0450743162107636,-0.0060890430232267,0.0604088845768513,-0.0467206174598682,0.0636616585828211,-0.0376417230187412,0.0706319902732894,-0.061061996389815,0.1421932838921169,-0.0884880296771667,-0.0887546365233525,0.1723756278988675,2019-02-25,2019-02-26,2019-02-27,2019-02-28,2019-03-01,2019-03-04,2019-03-05,2019-03-06,2019-03-07,2019-03-08,88159.0,2019-02-22,252.0,1.4138%,-0.0013,1.4371,0.9862,-0.3299,2.8762%,3.3619%,26.8070%,-0.005667,EXEL,88159.0,2019-02-25,252.0,3.9498%,-0.0011,1.4372,0.9664,-0.3397,2.8874%,3.3713%,26.6452%,0.039213,EXEL,88159.0,2019-02-26,252.0,0.5364%,-0.001,1.4367,0.9478,-0.3495,2.8886%,3.3702%,26.5394%,0.0126279999999999,EXEL,88159.0,2019-02-27,252.0,1.4673%,-0.0009,1.4414,0.9431,-0.3487,2.8889%,3.3716%,26.5817%,0.01106,EXEL,88159.0,2019-02-28,252.0,-1.8843%,-0.0008,1.4114,0.922,-0.367,2.8643%,3.3341%,26.1951%,-0.015535,EXEL,88159.0,2019-03-01,252.0,2.2331%,-0.0006,1.3954,0.8982,-0.3958,2.8588%,3.3231%,25.9952%,0.007937,EXEL,88159.0,2019-03-04,252.0,-1.4417%,-0.0004,1.3704,0.9827,-0.3897,2.8382%,3.3015%,26.0930%,-0.002114,EXEL,88159.0,2019-03-05,252.0,1.3298%,-0.0002,1.3737,1.0207,-0.3939,2.8349%,3.3023%,26.3045%,0.0176489999999999,EXEL,88159.0,2019-03-06,252.0,-0.2187%,-0.0002,1.3529,0.9844,-0.4224,2.8350%,3.2966%,26.0404%,0.022281,EXEL,88159.0,2019-03-07,252.0,1.4029%,-0.0001,1.3463,1.0007,-0.4265,2.8366%,3.2973%,25.9907%,0.024327,EXEL,88159.0,2019-03-08,252.0,-0.3891%,-0.0001,1.3468,0.9968,-0.4255,2.8365%,3.2962%,25.9481%,-0.002245,EXEL,0.033546,0.046174,0.057234,0.049636,0.109534
13867,FEDEX CORP,'It's becoming clearer than ever that Amazon is developing a third-party logistics service to edge out FedEx and UPS now that Stamps.com has dumped the USPS' -Business Insider,6,decrease,0.8,0.7,"the news suggests increased competition from amazon in the logistics space, which could negatively impact fedex's market share and profitability.",0,2019-02-22,FDX,2019-02-22 17:39:00+00:00,60628.0,31428X10,-0.0098200198262929,2023394.0,0.003213484538719,0.002033945871517,0.0035345412325114,0.0092094512656331,0.0005502770654857,0.0052983653731644,-0.0044551868923008,-0.0251195915043354,0.0099447686225175,-0.0091584799811244,-0.0090809827670454,0.0009166792733594,-0.0062382956966757,0.0240764301270246,-0.0101661123335361,0.0217219069600105,-0.0298574045300483,-0.0227710735052824,-0.0024875728413462,-0.0132745904847979,0.0271859243512153,0.0004354315169621,0.0040804832242429,0.0054725552909076,0.013320542871952,0.0190731044858694,-0.0025065278168767,0.0097988974303007,-0.0061425403691828,0.0005635098787024,0.0248342417180538,0.0224104113876819,-0.0054275779984891,-0.0021844382863491,-0.0349484384059906,-0.007983542047441,0.0223910324275493,0.007237188052386,-0.0279345214366912,0.0024183178320527,-0.0110351061448454,-0.0126208150759339,0.0178996138274669,-0.0057091726921498,0.0053668427281081,0.0210076719522476,0.0102788209915161,0.0111461468040943,0.0197302419692277,0.0042782379314303,0.0277823340147733,-0.0053628571331501,-0.0129793416708707,0.0032750309910625,0.0063033401966094,0.0051140980795025,0.0133916288614273,-0.002755151130259,0.0118825370445847,0.021374637261033,0.0077936337329447,0.0017393903108313,-0.0074720862321555,0.0139877339825034,0.0055277864448726,0.0460588485002517,0.0045549483038485,-0.0367669574916362,0.0264762695878744,0.0115291671827435,-0.0039096432738006,0.0147817721590399,0.0053522433154284,-0.0126692866906523,0.0042082942090928,0.0054324720986187,0.0004543892573565,0.0487884543836116,-0.0109512908384203,-0.0335443243384361,-0.0043371305800974,-0.0107688531279563,0.0139906508848071,-0.0171681344509124,-0.0454361960291862,-0.1216150522232056,-0.025573156774044,0.0154783027246594,0.014073091559112,-0.0104285385459661,0.0151637019589543,-0.016401283442974,-0.020268190652132,-0.0057896189391613,0.0076500279828906,-0.0072765075601637,0.0054534021764993,-0.0170009788125753,-0.0130808865651488,-0.0420080758631229,-0.0266163907945156,-0.0605412349104881,-0.0068084299564361,-0.0021344036795198,0.0007245437591336,-0.0631194114685058,-0.0086878901347517,0.0045414553023874,-0.0320224538445472,0.0065934066660702,-0.0025536995381116,-0.0187621563673019,0.0039566662162542,0.0293922238051891,0.0187203604727983,0.0008443052065558,-0.0332821644842624,0.0073410896584391,-0.0100635094568133,0.0038193252403289,0.003213484538719,0.002033945871517,0.0067593839648325,0.0112621286625307,0.0073133805642908,0.0166201649082289,0.0127984798668281,-0.0179937329122644,-0.0446562491312629,-0.008323806355288,0.0561169746366692,0.0913662675435866,-0.0645105382420481,-0.1783045720560087,2019-02-25,2019-02-26,2019-02-27,2019-02-28,2019-03-01,2019-03-04,2019-03-05,2019-03-06,2019-03-07,2019-03-08,60628.0,2019-02-22,252.0,-0.9820%,-0.0011,1.3393,0.1521,0.5558,1.2528%,1.8168%,52.4496%,-0.011505,FDX,60628.0,2019-02-25,252.0,0.3213%,-0.0011,1.3406,0.1517,0.5607,1.2508%,1.8159%,52.5590%,0.0025,FDX,60628.0,2019-02-26,252.0,0.3535%,-0.0011,1.333,0.1459,0.552,1.2508%,1.8071%,52.0947%,0.0084009999999999,FDX,60628.0,2019-02-27,252.0,0.0550%,-0.0011,1.3346,0.1432,0.5523,1.2505%,1.8060%,52.0515%,-0.000364,FDX,60628.0,2019-02-28,252.0,-0.4455%,-0.001,1.3316,0.1412,0.5496,1.2502%,1.8010%,51.8091%,0.0009339999999999,FDX,60628.0,2019-03-01,252.0,0.9945%,-0.0011,1.3376,0.1501,0.5574,1.2492%,1.8015%,51.9216%,0.002056,FDX,60628.0,2019-03-04,252.0,-0.9081%,-0.0011,1.34,0.1443,0.5562,1.2489%,1.8011%,51.9185%,-0.003789,FDX,60628.0,2019-03-05,252.0,-0.6238%,-0.001,1.3441,0.1753,0.5595,1.2442%,1.8006%,52.2561%,-0.002268,FDX,60628.0,2019-03-06,252.0,-1.0166%,-0.001,1.3485,0.1617,0.5626,1.2423%,1.8014%,52.4367%,0.003019,FDX,60628.0,2019-03-07,252.0,-2.9857%,-0.001,1.3561,0.1678,0.5745,1.2464%,1.8102%,52.5933%,-0.01692,FDX,60628.0,2019-03-08,252.0,-0.2488%,-0.001,1.3555,0.1723,0.5733,1.2462%,1.8100%,52.5971%,0.0012989999999999,FDX,-0.009005,-0.000604,-0.000968,0.0020219999999999,-0.016637
13875,FIVE BELOW INC,JP Morgan Downgrades Five Below to Neutral,6,decrease,0.8,0.6,"a downgrade from jp morgan typically signals reduced expectations for the company's performance, which can lead to a decline in stock price.",0,2019-02-22,FIVE,2019-02-22 12:47:00+00:00,13527.0,33829M10,-0.0375655889511108,1527076.0,-0.0224412567913532,-0.0086411628872156,-0.0178732499480247,0.0128572816029191,0.0055931061506271,-0.0005418181535787,-0.0009131712722592,-0.0068425815552473,-0.0099708931520581,-0.0045916493982076,-0.0121695725247263,-0.0072932210750877,0.0001699598360573,0.0130060212686657,-0.024209976196289,0.0245210174471139,0.012448857538402,0.0044349823147058,-0.0121238492429256,0.0035765136126428,0.0184524562209844,-0.0110823204740881,0.0023929474409669,0.0033120873849838,-0.0031545974779874,0.0166759733110666,0.0065857362933456,0.0080821141600608,-0.0063726739026606,0.0176838412880897,-0.0048742918297648,-0.0155465435236692,0.0141788590699434,-0.01882897131145,-0.0133875124156475,-0.0026938938535749,0.0188938248902559,0.0173303373157978,-0.0140761816874146,0.0050226435996592,0.0203470736742019,0.0103953862562775,-0.017762841656804,-0.0041571743786334,0.0237140543758869,0.01910618878901,0.0815765410661697,0.022422282025218,-0.042758110910654,0.0064108045771718,-0.0283299535512924,0.014833441004157,-0.0246003568172454,-0.0194777660071849,0.0434782169759273,-0.0414968505501747,-0.0057779876515269,0.0259284563362598,0.0265204682946205,-0.0158051177859306,0.0005581667646765,0.0510469079017639,-0.0004782051837537,0.0704825446009635,0.0297400392591953,0.0411765128374099,0.0340689830482006,-0.0082249483093619,0.0106327077373862,0.0218920819461345,0.0049640526995062,0.0336397811770439,0.0157770533114671,0.0051786606200039,0.0142256254330277,0.014525637961924,0.0136681571602821,0.0832496285438537,0.0010590128367766,-0.008519547060132,0.0122002521529793,-0.0545036010444164,0.0175573341548442,-0.0178773812949657,-0.0037658545188605,-0.0171664841473102,0.0018556994618847,0.021559689193964,0.011867981404066,-0.0309875886887311,-0.0075254277326166,-0.0043790051713585,-0.0279390420764684,-0.0090729603543877,0.0089950719848275,0.0194028373807668,0.017411895096302,-0.0220233798027038,-0.0256024468690156,0.0641347244381904,-0.0325276777148246,-0.06100794672966,-0.0076974276453256,-0.0266781486570835,-0.0005121995345689,-0.0512564778327941,-0.008786036632955,0.0519133731722831,-0.0560644380748271,-0.0045596631243824,-0.0019563345704227,-0.0040681203827261,0.0017249585362151,0.0429205596446991,-0.0040701651014387,-0.0301435552537441,-0.0124960420653224,0.0162403788417577,0.0300039518624544,-0.0015535104321315,-0.0224412567913532,-0.0086411628872156,-0.0399134085475982,0.0041050168510858,-0.0345435423278112,0.0035609745248563,-0.0450428420023568,-0.0078824428169381,-0.0791856828630107,0.0303608310442327,0.0051294914701207,0.0671715197216245,0.0372685820637685,0.2587630131186127,2019-02-25,2019-02-26,2019-02-27,2019-02-28,2019-03-01,2019-03-04,2019-03-05,2019-03-06,2019-03-07,2019-03-08,13527.0,2019-02-22,252.0,-3.7566%,0.0025,1.1048,0.7931,-0.0099,2.4510%,2.7587%,21.0631%,-0.050545,FIVE,13527.0,2019-02-25,252.0,-2.2441%,0.0023,1.1062,0.8066,0.0024,2.4549%,2.7624%,21.0236%,-0.0221539999999999,FIVE,13527.0,2019-02-26,252.0,-1.7873%,0.0023,1.1177,0.8141,0.0148,2.4546%,2.7654%,21.2147%,-0.011033,FIVE,13527.0,2019-02-27,252.0,0.5593%,0.0024,1.1271,0.7976,0.0164,2.4509%,2.7643%,21.3842%,0.002958,FIVE,13527.0,2019-02-28,252.0,-0.0913%,0.0024,1.1322,0.801,0.0201,2.4502%,2.7641%,21.4189%,0.002362,FIVE,13527.0,2019-03-01,252.0,-0.9971%,0.0022,1.1384,0.8102,0.0402,2.4517%,2.7652%,21.3858%,-0.020455,FIVE,13527.0,2019-03-04,252.0,-1.2170%,0.0022,1.1426,0.8012,0.038,2.4515%,2.7667%,21.4887%,-0.003256,FIVE,13527.0,2019-03-05,252.0,0.0170%,0.0022,1.1414,0.794,0.0363,2.4515%,2.7639%,21.3279%,0.004597,FIVE,13527.0,2019-03-06,252.0,-2.4210%,0.0021,1.1422,0.81,0.0393,2.4517%,2.7678%,21.5359%,-0.004722,FIVE,13527.0,2019-03-07,252.0,1.2449%,0.0022,1.1293,0.7863,0.0155,2.4533%,2.7643%,21.2392%,0.022422,FIVE,13527.0,2019-03-08,252.0,-1.2124%,0.0023,1.1279,0.8359,0.0107,2.4379%,2.7552%,21.7078%,-0.010096,FIVE,-0.072699,-0.083732,-0.080774,-0.098867,-0.089922
13883,GENERAL MILLS INC,General Mills shares are trading lower in sympathy to Kraft Heinz which announced worse than expected 2019 guidance and lowered its dividend.,6,decrease,0.8,0.6,"general mills shares are trading lower in sympathy to kraft heinz's negative news, indicating a likely decrease in investor sentiment towards general mills as well.",0,2019-02-22,GIS,2019-02-22 14:02:00+00:00,17144.0,37033410,-0.0078807016834616,9796319.0,-0.008158029988408,0.0,0.0142857106402516,0.0264538489282131,0.0049082273617386,0.0155417574569582,0.000849456700962,0.0114530017599463,0.0019096148898825,0.0013491692952811,-0.0093181366100907,-0.0082515375688672,0.0008550858474336,0.0193225387483835,-0.0002135480899596,0.0009101459290832,-0.0087588084861636,0.0020519869867712,0.0034482723567634,0.0002280988992424,0.0075171492062509,-0.0170365869998931,-0.0017053510528057,0.0177960023283958,0.005338457878679,-0.009267627261579,0.0080713089555501,-0.0045003816485404,0.0010535026667639,0.0167009737342596,0.002315314952284,0.0029829565901309,-0.0079797832295298,0.0006889229407534,0.0222269091755151,0.0060059670358896,0.0362393856048584,-0.0052849156782031,0.0139888236299157,-0.0111337853595614,0.0068978806957602,0.0178075078874826,0.0138970268890261,-0.0052909944206476,-0.0096525093540549,0.0116360243409872,0.0037037513684481,0.0165602266788482,0.0050494913011789,0.0088305231183767,-0.0146859576925635,0.0026322233024984,-0.0001961587695404,-0.0002391942980466,-0.0135346930474042,0.0091743385419249,-0.000596591620706,0.0247402284294366,0.0123359085991978,-0.0043806759640574,0.0084512634202837,0.0150691848248243,0.0040927189402282,0.0165745820850133,0.0101900938898325,0.0202408637851476,0.000194027859834,0.0156127624213695,0.0003879064752254,-0.0130970301106572,0.0027142183389514,0.0046439711004495,-0.0048337196931242,-0.0069177676923573,0.0054400381632149,0.0158771630376577,-0.0005796865443699,0.0220802873373031,0.000580022810027,-0.0314352288842201,-0.0142995491623878,-0.0066546793095767,-0.006469280924648,0.0134889874607324,-0.0090765403583645,0.0504086762666702,0.0173237528651952,-0.0010887564858421,-0.0029360251501202,-0.0171214379370212,0.0104044489562511,-0.019412325695157,-0.0031086038798093,-0.0114108510315418,-0.0009745283750817,-0.0043893149122595,-0.0015606324886903,0.0049299071542918,0.005275506991893,0.0015592873096466,-0.0050534913316369,-0.0314623713493347,-0.0062512150034308,-0.0134095083922147,0.0106153124943375,-0.0296385437250137,0.0025287116877734,-0.0191444419324398,0.004850601311773,0.0023691612295806,0.0034755803644657,0.007879608310759,0.0084663964807987,-0.0134275546297431,-0.0059149279259145,0.0016517152544111,0.0057582161389291,-0.0228267908096313,0.0059159835800528,0.0013853049604222,-0.008158029988408,0.0,0.0060111373960347,0.0264538489282131,0.0109488687868157,0.0424067456890167,0.0137397889861914,0.055767922465423,-0.0004293779858909,0.0706956090319879,0.0923142772332878,0.1564653702736693,0.1424673401344789,0.0971868054134414,2019-02-25,2019-02-26,2019-02-27,2019-02-28,2019-03-01,2019-03-04,2019-03-05,2019-03-06,2019-03-07,2019-03-08,17144.0,2019-02-22,252.0,-0.7881%,-0.0003,0.3118,-0.3563,0.1475,1.5722%,1.6134%,5.0360%,-0.00605,GIS,17144.0,2019-02-25,252.0,-0.8158%,-0.0004,0.3129,-0.3506,0.1548,1.5721%,1.6131%,5.0274%,-0.009386,GIS,17144.0,2019-02-26,252.0,1.4286%,-0.0002,0.3352,-0.3907,0.1512,1.5520%,1.6001%,5.9211%,0.012953,GIS,17144.0,2019-02-27,252.0,0.4908%,-0.0,0.351,-0.417,0.1538,1.5364%,1.5896%,6.5884%,0.00543,GIS,17144.0,2019-02-28,252.0,0.0849%,0.0,0.3457,-0.4205,0.1494,1.5354%,1.5877%,6.4818%,0.002305,GIS,17144.0,2019-03-01,252.0,0.1910%,0.0,0.3446,-0.4221,0.1473,1.5354%,1.5875%,6.4616%,0.001148,GIS,17144.0,2019-03-04,252.0,-0.9318%,-0.0,0.3499,-0.4307,0.1439,1.5356%,1.5886%,6.5577%,-0.009879,GIS,17144.0,2019-03-05,252.0,0.0855%,-0.0001,0.3474,-0.4497,0.142,1.5341%,1.5879%,6.6605%,0.00037,GIS,17144.0,2019-03-06,252.0,-0.0214%,-0.0,0.3551,-0.449,0.1508,1.5324%,1.5874%,6.8198%,-0.003108,GIS,17144.0,2019-03-07,252.0,-0.8759%,-0.0001,0.3552,-0.4598,0.1479,1.5314%,1.5874%,6.9369%,-0.005754,GIS,17144.0,2019-03-08,252.0,0.3448%,-0.0001,0.3549,-0.4642,0.1475,1.5315%,1.5876%,6.9466%,0.004621,GIS,-0.015436,-0.002483,0.002947,0.0063999999999999,-0.00735
13891,GRANITE CONSTRUCTION INC,Granite Wins $22M Highway Contract In California,6,increase,0.8,0.6,"winning a $22 million highway contract is likely to boost granite construction inc's revenue and investor confidence, leading to a potential increase in stock price.",2,2019-02-22,GVA,2019-02-22 13:41:00+00:00,76135.0,38732810,-0.0025636134669184,355287.0,0.0085671776905655,-0.0334503166377544,-0.0178381856530904,0.0683873444795608,0.0012973269913345,-0.0032981026452034,0.0053984019905328,0.0144991679117083,0.0285652484744787,0.0024597630836069,0.0064731962047517,0.0140590192750096,-0.0006224604439921,0.0573003925383091,-0.0220053475350141,-0.0109082069247961,0.0067926063202321,-0.000710961932782,-0.011806902475655,-0.0393808223307132,0.0125880129635334,-0.0006824108422733,-0.0033712568692862,0.0157116521149873,-0.0135306427255272,0.0193122867494821,-0.0102871740236878,-0.0175845008343458,-0.0025985043030232,0.0046490179374814,0.0169344060122966,-0.0004646946326829,-0.0160119552165269,-0.0198132302612066,-0.016272509470582,-0.0004552801547106,0.0119100334122777,0.0183124933391809,-0.0603749006986618,0.0122008556500077,0.0125261172652244,-0.020229909569025,-0.0048110629431903,-0.0204908773303031,0.000230251767789,0.0294390469789505,0.0002301740605616,0.0119633665308356,-0.0041541727259755,-0.0014054242055863,0.0410196185111999,-0.0118056051433086,-0.0251557733863592,-0.0107624782249331,-0.0004567357245832,-0.0133303245529532,0.0166780799627304,0.02643783390522,0.008539349772036,0.0023244647309184,-0.0153743857517838,0.0134275546297431,-0.0312287230044603,0.0162796340882778,0.0156505052000284,0.0416459366679191,0.0131094688549637,-0.0069341897033154,0.0097616417333483,0.002482678508386,0.0227068830281496,0.0072517399676144,0.0169267226010561,-0.0110918907448649,-0.0112407403066754,-0.0031941293273121,0.0144293792545795,0.0484286732971668,-0.0040948800742626,-0.0122137293219566,-0.0186107046902179,-0.0070743453688919,0.0260198526084423,-0.0104999542236328,-0.0655490905046463,-0.0191269945353269,0.0354186035692691,0.0126644726842641,-0.0106619177386164,-0.0032178480178117,0.0078580705448985,-0.0225018206983804,0.0131432423368096,-0.033216331154108,-0.0008795275934971,0.0096835112199187,0.0338908657431602,-0.0273374374955892,-0.0029799784533679,-0.0430864542722702,-0.0401366576552391,-0.0317155793309211,-0.0146797122433781,0.010539854876697,-0.0293453559279441,-0.0606183037161827,0.0100000072270631,-0.0225162822753191,-0.0448998548090457,0.0005929366452619,0.0279652811586856,-0.0174757577478885,-0.0100844353437423,0.011986649595201,0.0018953288672491,-0.0334283411502838,-0.0241191871464252,0.0247177965939045,-0.0079961670562624,0.01101931091398,0.0085671776905655,-0.0334503166377544,-0.0094238308686922,0.0326494495149498,-0.0081387296675053,0.0292436656339367,0.0257014514754774,0.0467352454159988,0.0038552207788185,0.0655588677779963,-0.0358823599088371,0.0880985783016612,-0.1205219695066684,-0.07591160677311,2019-02-25,2019-02-26,2019-02-27,2019-02-28,2019-03-01,2019-03-04,2019-03-05,2019-03-06,2019-03-07,2019-03-08,76135.0,2019-02-22,252.0,-0.2564%,-0.0008,1.2045,1.3267,0.722,1.9548%,2.3607%,31.4282%,-0.007352,GVA,76135.0,2019-02-25,252.0,0.8567%,-0.0008,1.2068,1.323,0.7286,1.9521%,2.3586%,31.4994%,0.011409,GVA,76135.0,2019-02-26,252.0,-1.7838%,-0.0008,1.2154,1.3207,0.7339,1.9506%,2.3611%,31.7467%,-0.0051359999999999,GVA,76135.0,2019-02-27,252.0,0.1297%,-0.0008,1.2158,1.3197,0.734,1.9506%,2.3609%,31.7348%,-0.0015249999999999,GVA,76135.0,2019-02-28,252.0,0.5398%,-0.0007,1.213,1.3182,0.7293,1.9519%,2.3583%,31.4960%,0.010638,GVA,76135.0,2019-03-01,252.0,2.8565%,-0.0006,1.2148,1.3209,0.723,1.9556%,2.3601%,31.3377%,0.018836,GVA,76135.0,2019-03-04,252.0,0.6473%,-0.0006,1.214,1.3091,0.7264,1.9581%,2.3605%,31.1879%,0.015164,GVA,76135.0,2019-03-05,252.0,-0.0622%,-0.0005,1.2145,1.3177,0.7239,1.9581%,2.3592%,31.1111%,0.007153,GVA,76135.0,2019-03-06,252.0,-2.2005%,-0.0005,1.2135,1.3067,0.7212,1.9583%,2.3626%,31.2962%,0.00442,GVA,76135.0,2019-03-07,252.0,0.6793%,-0.0004,1.2067,1.3134,0.7141,1.9614%,2.3629%,31.0991%,0.019948,GVA,76135.0,2019-03-08,252.0,-1.1807%,-0.0004,1.2082,1.3063,0.7169,1.9617%,2.3623%,31.0401%,-0.008685,GVA,0.004057,-0.0010789999999999,-0.0026039999999999,0.02687,0.06487
13899,HAWAIIAN HOLDINGS INC,Macquarie Downgrades Hawaiian Holdings to Neutral,6,decrease,0.8,0.7,"a downgrade from macquarie typically signals reduced expectations for the company's performance, which can lead to a decline in stock price.",0,2019-02-22,HA,2019-02-22 16:03:00+00:00,81666.0,41987910,-0.0078864349052309,595381.0,-0.0019078337354585,0.029889540746808,-0.0293087009340524,-0.0511713325977325,-0.0324909687042236,0.026257449761033,0.0091587677597999,0.0105498693883419,-0.0043697198852896,0.0178978573530912,-0.1093856021761894,0.0058919903822243,-0.0072023742832243,-0.0055338568054139,0.0003818338445853,0.0022838399745523,-0.0122138010337948,-0.0035760926548391,-0.0100463032722473,0.0048812460154294,0.000780583533924,0.014191429130733,-0.0027300973888486,0.0043088882230222,0.0551427416503429,-0.0267741903662681,-0.0151964360848069,-0.0318551026284694,-0.0225818734616041,0.0399480201303958,0.0,-0.0669696703553199,-0.0030804746784269,0.0119595024734735,-0.0216299537569284,0.0536348894238472,0.0082906037569046,-0.0174602940678596,-0.0411120243370533,0.0112359672784805,0.0048999935388565,-0.0479829311370849,0.0146281467750668,-0.0238663256168365,0.0348418429493904,0.0008957532700151,0.0127708949148654,0.0706522017717361,0.0030569324735552,0.0152548272162675,0.025142852216959,0.0065337750129401,0.0081753740087151,-0.0009790724143385,0.0154810203239321,0.0386440455913543,0.0047187320888042,0.0034013735130429,0.019508633762598,0.0240334570407867,-0.0237420294433832,0.0466641895473003,0.0642468407750129,0.027340805158019,-0.0214870106428861,0.0433763414621353,0.0327639803290367,-0.0458612814545631,-0.0013499497435987,0.0155244171619415,-0.0003379597328603,0.0126533713191747,0.0111561836674809,-0.0011490113101899,0.0237379129976034,-0.0072242827154695,-0.0052253999747335,0.050319418311119,-0.0252790078520774,-0.0275727808475494,0.0252610296010971,-0.0402534455060958,-0.0689881816506385,-0.0300072282552719,-0.0483415946364402,-0.0250264704227447,0.0092695588245987,0.0143010914325714,0.0260837990790605,-0.0434336699545383,0.010025018826127,0.0003421221044845,-0.0145338485017418,-0.0289036817848682,-0.0287769511342048,0.0273037943989038,0.0388888604938983,-0.0418574474751949,0.0067736376076936,0.001801811857149,-0.0233711004257202,-0.0794632136821746,-0.0174038987606763,-0.1275979727506638,-0.01439119130373,-0.0333164148032665,0.0003744002024177,-0.0204284936189651,-0.0464071780443191,0.0364058837294578,0.0278650317341089,-0.0033453695941716,0.0294004790484905,0.0446236506104469,-0.004821958951652,-0.0130007397383451,0.0082366615533828,0.0026602414436638,-0.0178239718079567,0.0088567323982715,-0.0019078337354585,0.029889540746808,-0.0311606185411266,-0.0228112794816728,-0.0626391485635262,0.0028472042543852,-0.0581875969229103,0.0315652851511012,-0.1853736014502534,0.035589596881687,-0.1027027461090114,0.1084524139295286,-0.1552040671462115,-0.1459026116217111,2019-02-25,2019-02-26,2019-02-27,2019-02-28,2019-03-01,2019-03-04,2019-03-05,2019-03-06,2019-03-07,2019-03-08,81666.0,2019-02-22,252.0,-0.7886%,-0.0004,1.2073,0.7287,0.5347,2.3458%,2.6501%,21.6425%,-0.0122449999999999,HA,81666.0,2019-02-25,252.0,-0.1908%,-0.0004,1.205,0.7268,0.5253,2.3427%,2.6468%,21.6576%,-0.000962,HA,81666.0,2019-02-26,252.0,-2.9309%,-0.0004,1.2214,0.7397,0.5441,2.3428%,2.6529%,22.0109%,-0.021096,HA,81666.0,2019-02-27,252.0,-3.2491%,-0.0006,1.2095,0.7508,0.5421,2.3472%,2.6516%,21.6406%,-0.034443,HA,81666.0,2019-02-28,252.0,0.9159%,-0.0005,1.2035,0.7472,0.5343,2.3488%,2.6487%,21.3652%,0.014013,HA,81666.0,2019-03-01,252.0,-0.4370%,-0.0006,1.1965,0.7368,0.5293,2.3497%,2.6440%,21.0247%,-0.0131549999999999,HA,81666.0,2019-03-04,252.0,-10.9386%,-0.001,1.2065,0.7952,0.5059,2.4351%,2.7308%,20.4802%,-0.102371,HA,81666.0,2019-03-05,252.0,-0.7202%,-0.0008,1.2143,0.8557,0.5117,2.4254%,2.7284%,20.9817%,-0.001562,HA,81666.0,2019-03-06,252.0,0.0382%,-0.0007,1.2068,0.8095,0.4969,2.4291%,2.7280%,20.7119%,0.02107,HA,81666.0,2019-03-07,252.0,-1.2214%,-0.0007,1.2062,0.8073,0.4954,2.4291%,2.7279%,20.7057%,-0.000202,HA,81666.0,2019-03-08,252.0,-1.0046%,-0.0008,1.2077,0.796,0.4985,2.4286%,2.7268%,20.6801%,-0.007044,HA,-0.0132069999999999,-0.034303,-0.068746,-0.067888,-0.157997
13907,HARLEY DAVIDSON INC,KeyBanc: Harley-Davidson Registration Numbers Show Cold Start To 2019,6,decrease,0.8,0.6,"the mention of a 'cold start' to 2019 suggests weak sales or performance, which is likely to negatively impact investor sentiment and lead to a decrease in stock price.",0,2019-02-22,HOG,2019-02-22 14:10:00+00:00,70033.0,41282210,-0.0085492841899394,1302563.0,0.0129345068708062,0.0042929928749799,-0.0194200463593006,0.0043115019798278,0.0130222337320447,-0.0050937971100211,-0.005891837645322,0.0169029142707586,0.0204741954803466,0.0049315150827169,-0.0089757163077592,0.0144524862989783,0.0335641540586948,0.0081255510449409,-0.01597935333848,0.0124822305515408,-0.0188580732792615,-0.0098314182832837,0.0053390488028526,-0.0219781044870615,-0.0084970714524388,-0.0057361125946044,-0.0141938608139753,0.0010938177583739,0.0012224441161379,-0.0021828601602464,-0.0010965163819491,-0.0056972079910337,0.0043907752260565,0.0104166958481073,-0.0131147420033812,0.049482200294733,0.0060908421874046,-0.0505327023565769,-0.0374243408441543,-0.0073210531845688,0.0051458063535392,0.0104109877720475,-0.0375426523387432,0.0124826841056346,0.0047281277365982,-0.0077072000131011,0.0244118180125951,-0.0293881502002477,0.020671758800745,0.004023646004498,0.0022504031658172,0.0056649334728717,0.0008419528021477,0.0024337521754205,0.0364553928375244,0.0038002005312591,0.0221861395984888,0.0079343616962432,0.0047644339501857,-0.0013660994591191,0.028977932408452,0.0032894443720579,0.0320020467042923,0.001372474245727,-0.0004961661179549,0.0201624538749456,-0.0362372547388076,0.0297000799328088,0.0128766410052776,0.0464695505797863,0.0022882362827658,-0.0275822300463914,0.0202943459153175,-0.0011722480412572,-0.0037295257207006,0.0047114207409322,0.0172198303043842,0.0017698394367471,0.0068695438094437,0.002661938779056,-0.0036550078075379,0.0595425106585025,-0.0286133084446191,-0.0099286288022995,-0.0201410632580518,-0.023629168048501,-0.0292908381670713,-0.0072180954739451,-0.0341449752449989,-0.0171445999294519,0.0169909261167049,-0.0032409192062914,0.0115871811285615,-0.0224655121564865,-0.0082578947767615,-0.0060119978152215,-0.0196078307926654,-0.0199888981878757,0.0156164299696683,-0.0024923884775489,0.0037766224704682,-0.023262120783329,-0.0153184551745653,-0.0334640219807624,-0.0092794802039861,-0.0304182693362236,-0.0022038021124899,-0.0575728565454483,-0.0074544572271406,-0.0352615527808666,-0.0013907992979511,0.0260108411312103,-0.0529248304665088,-0.0047070076689124,0.0217647552490234,-0.0072429338470101,0.0063326824456453,0.0278578251600265,0.0040045594796538,0.0057970494963228,-0.0153845334425568,0.03785415366292,0.0072337961755692,-0.0044921464286744,0.0129345068708062,0.0042929928749799,-0.0067367282115601,0.0086230041020876,0.0061977782711244,0.0034852831586915,0.0207491360490592,0.0254794591804075,0.0148207839790797,0.0282966672318651,0.0973961687861413,0.0274499014373896,-0.052335377672836,-0.0559899691883715,2019-02-25,2019-02-26,2019-02-27,2019-02-28,2019-03-01,2019-03-04,2019-03-05,2019-03-06,2019-03-07,2019-03-08,70033.0,2019-02-22,252.0,-0.8549%,-0.0007,0.9778,0.0313,0.3362,1.4445%,1.7391%,31.0160%,-0.010464,HOG,70033.0,2019-02-25,252.0,1.2935%,-0.0007,0.9789,0.0261,0.3376,1.4454%,1.7404%,31.0295%,0.012054,HOG,70033.0,2019-02-26,252.0,-1.9420%,-0.0007,0.9913,0.0363,0.352,1.4457%,1.7444%,31.3190%,-0.016673,HOG,70033.0,2019-02-27,252.0,1.3022%,-0.0006,0.9958,0.032,0.3528,1.4467%,1.7465%,31.3849%,0.012384,HOG,70033.0,2019-02-28,252.0,-0.5892%,-0.0006,0.9905,0.0283,0.3493,1.4453%,1.7409%,31.0841%,-0.002029,HOG,70033.0,2019-03-01,252.0,2.0474%,-0.0006,0.9993,0.0415,0.3559,1.4472%,1.7459%,31.2865%,0.014567,HOG,70033.0,2019-03-04,252.0,-0.8976%,-0.0006,1.0028,0.0342,0.3541,1.4470%,1.7463%,31.3484%,-0.005091,HOG,70033.0,2019-03-05,252.0,3.3564%,-0.0004,1.0024,0.0556,0.3404,1.4564%,1.7550%,31.1327%,0.036135,HOG,70033.0,2019-03-06,252.0,-1.5979%,-0.0004,0.9985,0.0751,0.3386,1.4548%,1.7514%,30.9987%,-0.007084,HOG,70033.0,2019-03-07,252.0,-1.8858%,-0.0004,1.0086,0.1069,0.361,1.4479%,1.7510%,31.6178%,-0.00959,HOG,70033.0,2019-03-08,252.0,0.5339%,-0.0003,1.0069,0.1172,0.3577,1.4477%,1.7504%,31.5894%,0.008028,HOG,0.00159,-0.015083,-0.002699,0.009839,0.032237
13915,HERON THERAPEUTICS INC,"Heron Therapeutics Q4 EPS $(0.63) Misses $(0.46) Estimate, Sales $28.8M Beat $26.93M Estimate",6,uncertain,0.6,0.3,"while the sales beat expectations, the larger-than-expected eps miss may lead to mixed reactions from investors, creating uncertainty about the stock's direction.",1,2019-02-22,HRTX,2019-02-22 13:32:00+00:00,11636.0,42774610,-0.033131469041109,1131249.0,0.0195283964276313,-0.0095271859318017,0.0054210196249186,0.0346842184662818,-0.0093458024784922,-0.0083273509517312,-0.0395500771701335,0.0541984736919403,0.0574235171079635,-0.0041808704845607,0.0050017647445201,-0.0569892525672912,-0.0216849874705076,0.0234776008874177,-0.067223846912384,0.0014695413410663,0.0019477693131193,0.011144102551043,0.0007776228012517,-0.0142804617062211,-0.0190365109592676,-0.0207959823310375,-0.0075247734785079,-0.0014321845956146,-0.0043894136324524,0.0156363751739263,-0.0344689600169658,0.0223048478364944,-0.0161892641335725,-0.0029651566874235,0.0295358151197433,0.0392912365496158,0.0086065977811813,0.0046439212746918,0.0036570560187101,-0.0230624042451381,-0.0024292052257806,0.0275835655629634,-0.0349025465548038,0.0098077682778239,-0.0264928955584764,-0.0285823177546262,0.031965434551239,-0.0292268190532922,-0.0209292601794004,0.0089585576206445,0.0068405237980186,-0.0176017433404922,0.0377919897437095,0.02211394906044,0.0045007653534412,0.0289240255951881,0.041140541434288,-0.0061326120048761,0.025821590796113,0.0034615444019436,-0.013729928061366,0.0260457713156938,0.008894027210772,-0.0375996865332126,0.0019164137775078,-0.0190014988183975,-0.0355776697397232,0.029930954799056,-0.0015866326866671,-0.0011498921085149,-0.0202622264623642,0.0034615444019436,0.010543399490416,0.0023130094632506,-0.0409309975802898,0.0922105461359024,-0.0150627074763178,0.0097788916900753,-0.0348343923687934,-0.0204081535339355,0.0343310162425041,0.0898774191737175,-0.0212765950709581,-0.0072104479186236,0.0478261038661003,-0.0031446402426809,-0.0232364926487207,-0.0693979859352111,0.0106202205643057,-0.0216769184917211,0.0159730613231658,-0.0196471437811851,-0.0595780126750469,-0.0012013928499072,-0.0461944229900836,-0.0418265610933303,-0.1812730729579926,-0.0236043855547905,0.0056338245049119,-0.0092798806726932,-0.0476190671324729,0.0003713415935635,0.0347058922052383,0.0143126584589481,-0.0358158648014068,-0.0477044470608234,-0.0017687960062175,0.0,0.0797401294112205,-0.0478142574429512,-0.0153173236176371,0.0191437918692827,-0.0277777779847383,0.0242424365133047,0.0354286208748817,-0.0126716159284114,0.0005517837125808,0.07491485029459,0.0077220797538757,0.0192826837301254,-0.0114943068474531,-0.0042242938652634,-0.0138427466154098,0.055105373263359,0.0195283964276313,-0.0095271859318017,0.0250552798728274,0.0248265895362524,0.0154753156976004,0.0162924988605184,0.0313191021684395,0.0668947251841043,-0.0515843592034226,0.0278286428121317,-0.0386882478373368,0.0660843056279192,-0.343773025001694,0.1373581596500612,2019-02-25,2019-02-26,2019-02-27,2019-02-28,2019-03-01,2019-03-04,2019-03-05,2019-03-06,2019-03-07,2019-03-08,11636.0,2019-02-22,252.0,-3.3131%,0.0009,1.0695,1.3228,-0.2705,3.7821%,4.0511%,12.8432%,-0.052663,HRTX,11636.0,2019-02-25,252.0,1.9528%,0.0011,1.0667,1.3103,-0.2873,3.7814%,4.0505%,12.8460%,0.020777,HRTX,11636.0,2019-02-26,252.0,0.5421%,0.0012,1.0746,1.2842,-0.2947,3.7806%,4.0503%,12.8745%,0.014466,HRTX,11636.0,2019-02-27,252.0,-0.9346%,0.0011,1.0652,1.2966,-0.2963,3.7795%,4.0477%,12.8124%,-0.013206,HRTX,11636.0,2019-02-28,252.0,-3.9550%,0.001,1.0668,1.2963,-0.2862,3.7865%,4.0522%,12.6803%,-0.037348,HRTX,11636.0,2019-03-01,252.0,5.7424%,0.0014,1.0384,1.2541,-0.3504,3.7761%,4.0368%,12.4969%,0.044749,HRTX,11636.0,2019-03-04,252.0,0.5002%,0.0014,1.045,1.2183,-0.349,3.7756%,4.0353%,12.4558%,0.016694,HRTX,11636.0,2019-03-05,252.0,-2.1685%,0.0013,1.0482,1.231,-0.3399,3.7774%,4.0356%,12.3867%,-0.017059,HRTX,11636.0,2019-03-06,252.0,-6.7224%,0.0009,1.0422,1.3424,-0.3315,3.7764%,4.0465%,12.9010%,-0.042863,HRTX,11636.0,2019-03-07,252.0,0.1948%,0.0011,1.0456,1.3777,-0.317,3.7716%,4.0447%,13.0446%,0.0102499999999999,HRTX,11636.0,2019-03-08,252.0,0.0778%,0.0011,1.0457,1.3754,-0.3168,3.7716%,4.0436%,13.0004%,0.0017599999999999,HRTX,-0.031886,-0.0174199999999999,-0.030626,-0.023225,-0.054443
13923,HILLTOP HOLDINGS INC,"Hilltop Holdings Reports Co-CEO, Vice Chair Alan White To Retire",6,uncertain,0.6,0.3,"the retirement of a co-ceo may create uncertainty about the company's leadership stability, which could lead to mixed reactions from investors.",1,2019-02-22,HTH,2019-02-22 13:06:00+00:00,90037.0,43274810,0.0163181889802217,610223.0,-0.0040140454657375,0.0015322107356041,-0.0241813361644744,0.014507807791233,0.0,0.0195456370711326,-0.0077440124005079,0.0128410784527659,0.0067638433538377,-0.0031863723415881,-0.006201593670994,0.0091104004532098,-0.0166406501084566,0.0135795762762427,-0.0333156622946262,0.0038167771417647,-0.0366520807147026,-0.0192513689398765,0.0051107411272823,0.001070688245818,0.001129861571826,0.0010718358680605,-0.0129796583205461,-0.0005356309120543,0.0102916127070784,0.0075552826747298,-0.0022637755610048,0.0065182424150407,0.0085083115845918,-0.0075471373274922,0.0151855200529098,-0.005361950956285,-0.0277008321136236,0.0010735619580373,-0.0227920021861791,-0.0042757843621075,0.0005831037415191,-0.0340733975172042,-0.0040792361833155,-0.0015463288873434,0.0117027945816516,-0.0030832204502075,0.0231347363442182,-0.0196474194526672,0.0192199070006609,0.0195172615349292,0.0260676257312297,0.0323435142636299,-0.0135135138407349,0.0294760335236787,0.0208218712359666,-0.0155830681324005,-0.0069779478944838,-0.0074666342698037,0.0054054260253906,-0.013677024282515,0.013440859504044,-0.0098958611488342,0.0090185711160302,0.0036592578981071,-0.0089379642158746,0.0235419273376464,-0.0238727182149887,-0.0021355585195124,0.043478325009346,0.039400614798069,0.0026041269302368,-0.007709217723459,0.0290908813476562,0.0185081288218498,0.0050479751080274,0.0067758806981146,0.0200903881341218,0.0166474748402833,0.0059084608219563,0.0011494515929371,-0.0151737378910183,0.0481927245855331,-0.0198807902634143,-0.0124925095587968,0.0238337349146604,-0.0100117828696966,-0.0064388839527964,0.0023612163495272,-0.0079760644584894,-0.0325528085231781,0.0432161130011081,-0.0168444272130727,0.001926734461449,0.0005618106224574,0.0110577624291181,-0.0044742687605321,-0.0166429094970226,-0.0127002457156777,0.019342340528965,0.0254813563078641,0.0028462745249271,-0.0084222136065363,0.0099338218569755,-0.0154782021418213,-0.012646391056478,-0.0027562975883483,-0.0118595827370882,-0.0043907752260565,0.0028804352041333,-0.0675538182258606,0.0,0.0,-0.0378170907497406,0.0087764617055654,0.0213930532336235,-0.0107251834124326,-0.0141809731721878,0.0103199575096368,0.0119047509506344,-0.0112245520576834,-0.0093137519434094,0.0218978133052587,0.0098961293697357,0.0005216603749431,-0.0040140454657375,0.0015322107356041,-0.0280983166474255,0.016062247545685,-0.0280983166474255,0.0359218314778924,-0.0291018521108752,0.0458809660636654,-0.1118915953936985,0.0542793455353614,-0.0456598012833801,0.0294793199093705,0.0280904718574064,0.0273311637189836,2019-02-25,2019-02-26,2019-02-27,2019-02-28,2019-03-01,2019-03-04,2019-03-05,2019-03-06,2019-03-07,2019-03-08,90037.0,2019-02-22,252.0,1.6318%,-0.0006,1.1318,1.2576,1.4303,1.1471%,1.6814%,53.4542%,0.0235119999999999,HTH,90037.0,2019-02-25,252.0,-0.4014%,-0.0005,1.1302,1.2558,1.4234,1.1439%,1.6775%,53.4996%,3.3e-05,HTH,90037.0,2019-02-26,252.0,-2.4181%,-0.0005,1.1382,1.2609,1.432,1.1436%,1.6840%,53.8826%,-0.009739,HTH,90037.0,2019-02-27,252.0,0.0000%,-0.0006,1.1334,1.2691,1.4312,1.1416%,1.6808%,53.8692%,-0.001802,HTH,90037.0,2019-02-28,252.0,-0.7744%,-0.0005,1.1305,1.2671,1.4292,1.1411%,1.6760%,53.6482%,-0.001007,HTH,90037.0,2019-03-01,252.0,0.6764%,-0.0005,1.1321,1.2695,1.4312,1.1410%,1.6720%,53.4329%,0.000576,HTH,90037.0,2019-03-04,252.0,-0.6202%,-0.0005,1.1312,1.273,1.4313,1.1409%,1.6723%,53.4537%,-0.000908,HTH,90037.0,2019-03-05,252.0,-1.6641%,-0.0006,1.1323,1.2775,1.4347,1.1417%,1.6722%,53.3819%,-0.007426,HTH,90037.0,2019-03-06,252.0,-3.3316%,-0.0006,1.1355,1.2935,1.4405,1.1428%,1.6833%,53.9116%,-0.008372,HTH,90037.0,2019-03-07,252.0,-3.6652%,-0.0007,1.1454,1.3001,1.4555,1.1505%,1.6956%,53.9627%,-0.021771,HTH,90037.0,2019-03-08,252.0,0.5111%,-0.0006,1.1441,1.2986,1.4535,1.1522%,1.6956%,53.8260%,0.009365,HTH,0.0235449999999999,0.0138059999999999,0.0120039999999999,0.0115729999999999,-0.017539
13931,ISHARES TRUST,"FDA Commissioner Scott Gottlieb Issues Statement On Continued Efforts To Maintain Strong Oversight Of Generic Drug Quality Issues Domestically, Abroad",6,uncertain,0.5,0.5,"the statement regarding fda oversight of generic drug quality may have mixed implications for ishares trust, depending on the specific holdings within the trust and market reactions to regulatory news.",1,2019-02-22,IBB,2019-02-22 14:33:00+00:00,88893.0,46428755,0.0142922354862093,1340505.0,0.0203233677893877,-0.0175517275929451,-0.0040722298435866,-0.0026930256281048,0.0145777724683284,-0.0057122400030493,-0.0122656524181366,0.0165124274790287,0.0210218448191881,0.0042824712581932,-0.0095560634508728,0.0030159188900142,-0.0051750191487371,0.0099686346948146,-0.0312995538115501,0.0050092139281332,-0.0066442461684346,0.0062541379593312,-0.0048561370931565,-0.0250273030251264,0.0213608294725418,-0.0016354743856936,0.0082033360376954,-0.0016328039346262,0.0130544239655137,-0.0002720484335441,-0.0027361444663256,0.0052875760011374,0.0107089048251509,0.0137708457186818,-0.0024518282152712,0.0067925532348454,-0.0006144636427052,0.0019578507635742,-0.0058849202468991,-0.0199195928871631,-0.0106909265741705,0.0153075568377971,-0.0339376889169216,-0.0001854804140748,0.0013867202214896,-0.0083701582625508,0.0185561496764421,-0.0158414039760828,-0.0138674769550561,0.0061936452984809,0.0060661397874355,0.0104924011975526,0.0213777087628841,-0.0054009184241294,0.0009839052800089,0.0193151049315929,0.0081314984709024,-0.0168792214244604,0.0059386473149061,0.0010101066436618,-0.0040532127022743,0.0130232702940702,0.0168097093701362,0.0070257610641419,-0.004263446200639,0.0071705081500113,-0.0160783287137746,0.0335445590317249,0.0110124144703149,0.0502868071198463,-0.0170414168387651,0.0014358911430463,-0.0075960541144013,0.0110961282625794,-0.0050428202375769,0.0167651213705539,-0.0099556380882859,-0.0033628342207521,-0.0388518162071704,0.0036916581448167,-0.00570666231215,0.0580292046070098,0.0004782420292031,-0.0137574290856719,0.0211301930248737,-0.0391285642981529,-0.0108614573255181,-0.0171499997377395,0.0101287364959716,-0.0213609859347343,0.0064661460928618,-0.0193516444414854,-0.0008380257640965,-0.0164819024503231,-0.0082937227562069,-0.0188660994172096,-0.0080811940133571,-0.0150739848613739,0.003978834953159,0.0125756477937102,0.0182109847664833,0.0033712047152221,0.0085256062448024,0.0017367841210216,-0.0294036995619535,-0.030314352363348,-0.0003786889719776,0.0015930857043713,-0.0023676485288888,-0.0329859480261802,-0.0032276092097163,0.011457378976047,-0.0350476205348968,0.0149781433865428,0.0110541135072708,-0.0004649716429412,0.0090784877538681,0.0271251574158668,0.0103511624038219,-0.0025722042191773,-0.0064152218401432,0.0170526318252086,-0.0139731811359524,0.0039882883429527,0.0203233677893877,-0.0175517275929451,0.0161683765209668,-0.0201974859688245,0.0309818479034003,-0.0257943530845617,0.039743488118457,-0.0054669553334264,-0.0189684615737462,-0.0066435712502204,0.0381176173557338,0.022482453962265,-0.0757835728177749,0.0617704187764267,2019-02-25,2019-02-26,2019-02-27,2019-02-28,2019-03-01,2019-03-04,2019-03-05,2019-03-06,2019-03-07,2019-03-08,88893.0,2019-02-22,252.0,1.4292%,-0.0003,1.0873,0.4862,-0.3196,0.7375%,1.4904%,75.5147%,-0.000246,IBB,88893.0,2019-02-25,252.0,2.0323%,-0.0002,1.0864,0.4756,-0.3288,0.7462%,1.4953%,75.0951%,0.019281,IBB,88893.0,2019-02-26,252.0,-0.4072%,-0.0002,1.083,0.4792,-0.3294,0.7454%,1.4898%,74.9698%,-0.000475,IBB,88893.0,2019-02-27,252.0,1.4578%,-0.0002,1.0844,0.4804,-0.3292,0.7493%,1.4919%,74.7749%,0.012197,IBB,88893.0,2019-02-28,252.0,-1.2266%,-0.0002,1.0876,0.4823,-0.3246,0.7517%,1.4919%,74.6133%,-0.009923,IBB,88893.0,2019-03-01,252.0,2.1022%,-0.0002,1.0867,0.481,-0.3308,0.7539%,1.4930%,74.4977%,0.010404,IBB,88893.0,2019-03-04,252.0,-0.9556%,-0.0002,1.0861,0.4836,-0.3308,0.7539%,1.4930%,74.5006%,-0.000781,IBB,88893.0,2019-03-05,252.0,-0.5175%,-0.0002,1.0844,0.4682,-0.3311,0.7516%,1.4856%,74.4062%,-0.0027129999999999,IBB,88893.0,2019-03-06,252.0,-3.1300%,-0.0003,1.0897,0.5023,-0.3204,0.7580%,1.4972%,74.3706%,-0.016249,IBB,88893.0,2019-03-07,252.0,-0.6644%,-0.0003,1.09,0.5071,-0.3187,0.7576%,1.4978%,74.4178%,0.001496,IBB,88893.0,2019-03-08,252.0,-0.4856%,-0.0003,1.0904,0.5065,-0.318,0.7578%,1.4976%,74.3951%,-0.0033439999999999,IBB,0.019035,0.01856,0.030757,0.031238,0.009647
13939,I C U MEDICAL INC,"ICU Medical Shares Move Lower Amid Report FDA Has Recalled Chemolock Vial Spike (20mm), Cites Risk Of Detached Plastic Particles",6,decrease,0.85,0.7,the fda recall due to potential risks associated with a product can negatively impact investor confidence and lead to a decline in stock price.,0,2019-02-22,ICUI,2019-02-22 20:29:00+00:00,77447.0,44930G10,-0.0119767524302005,202441.0,0.0026804215740412,-7.900483615230769e-05,-0.0142041957005858,0.0007514720782637,-0.0029951247852295,-0.0018161380430683,-0.0023139987606555,0.0137688219547271,0.0272624194622039,-0.0011594312964007,-0.0644062831997871,0.0127130625769496,-0.0085520930588245,-0.0137757426127791,-0.0138354701921343,0.0151189481839537,0.0058456342667341,-0.0060832910239696,0.0044771991670131,-0.0139826973900198,0.0117430482059717,-0.0012299049412831,0.0126656927168369,0.0117207812145352,-0.0172341465950012,0.0094408504664897,-0.0037030524108558,-0.0080385850742459,-0.0052121211774647,0.0354155823588371,0.026755403727293,-0.0029460859950631,0.003387977136299,0.0041666668839752,-0.0118387443944811,-0.0131173254922032,-0.0032061159145087,0.0119003057479858,-0.0297092106193304,0.0138795506209135,0.0099446009844541,-0.007619556505233,0.0194774102419614,0.0032340891193598,-0.0051681827753782,0.0196573715656995,0.0103900637477636,0.0102539481595158,0.0086395945399999,0.0003029833023902,-0.0092759002000093,0.015648340806365,-0.0029522033873945,-0.0092326244339346,-0.0040607703849673,-0.0127268321812152,-0.0104055935516953,-0.0315622985363006,-0.0029613838996738,0.0277302768081426,0.0050363661721348,0.0422371253371238,-0.0108788479119539,-0.018001053482294,-0.007317928597331,0.032701663672924,0.0053217066451907,-0.0209025349467992,0.0148392338305711,-0.016635488718748,0.0034204244147986,0.0200338028371334,-0.0005965289892628,0.0108211953192949,-0.0393519327044487,-0.0008972093928605,-0.0156666692346334,0.0458874814212322,0.0175842437893152,-0.0109976567327976,-0.0026585408486425,-0.0166103839874267,0.012395080178976,0.003204527311027,-0.0096542574465274,-0.0187763571739196,-0.0005759908817708,0.0178309883922338,0.0019507977413013,-0.0123724620789289,0.0066816871985793,-0.0311488099396228,-0.0087472768500447,-0.0253283400088548,0.024566575884819,-0.003314911853522,0.0001730936346575,-0.0004247699689585,0.0263533536344766,0.0149176139384508,-0.015178307890892,-0.0264847744256258,0.007235218770802,-0.0025537996552884,-0.0201470889151096,-0.03572728484869,-0.0069839092902839,0.0300220418721437,-0.0201380420476198,-0.0052942829206585,0.0137755619361996,-0.0079602906480431,-0.0093667088076472,0.0119166681542992,0.0163803547620773,0.0034999847412109,-0.0190863478928804,0.0293360613286495,-0.0049868430942296,-0.0139558613300323,0.0026804215740412,-7.900483615230769e-05,-0.0115618473591423,0.0006724078721831,-0.0145223429687835,-0.0011449513564023,0.0100015991509405,0.0114340564379045,-0.0665306678326774,0.0049654402588981,-0.0706113388303599,0.0826344308443378,-0.1059769817132461,0.069906108222544,2019-02-25,2019-02-26,2019-02-27,2019-02-28,2019-03-01,2019-03-04,2019-03-05,2019-03-06,2019-03-07,2019-03-08,77447.0,2019-02-22,252.0,-1.1977%,0.0,0.858,0.7386,-0.5015,1.6011%,1.9946%,35.5695%,-0.0297549999999999,ICUI,77447.0,2019-02-25,252.0,0.2680%,0.0,0.8579,0.7373,-0.5028,1.6011%,1.9947%,35.5683%,0.002311,ICUI,77447.0,2019-02-26,252.0,-1.4204%,-0.0001,0.8534,0.7554,-0.497,1.6008%,1.9922%,35.4321%,-0.0098719999999999,ICUI,77447.0,2019-02-27,252.0,-0.2995%,-0.0001,0.8521,0.7561,-0.4972,1.6012%,1.9916%,35.3676%,-0.005895,ICUI,77447.0,2019-02-28,252.0,-0.2314%,-0.0001,0.8574,0.7597,-0.4931,1.6000%,1.9916%,35.4566%,-0.001167,ICUI,77447.0,2019-03-01,252.0,2.7262%,-0.0001,0.8611,0.7652,-0.4952,1.6036%,1.9974%,35.5473%,0.016824,ICUI,77447.0,2019-03-04,252.0,-6.4406%,-0.0002,0.8523,0.8437,-0.5042,1.6270%,2.0265%,35.5402%,-0.055026,ICUI,77447.0,2019-03-05,252.0,-0.8552%,-0.0005,0.8381,0.7298,-0.5123,1.5709%,1.9559%,35.4910%,-0.005788,ICUI,77447.0,2019-03-06,252.0,-1.3835%,-0.0005,0.8287,0.7308,-0.5228,1.5680%,1.9538%,35.5947%,0.002515,ICUI,77447.0,2019-03-07,252.0,0.5846%,-0.0005,0.8231,0.7266,-0.5315,1.5697%,1.9536%,35.4349%,0.011337,ICUI,77447.0,2019-03-08,252.0,0.4477%,-0.0005,0.824,0.6996,-0.5286,1.5625%,1.9430%,35.3311%,0.004931,ICUI,-0.0274439999999999,-0.0373159999999999,-0.0432109999999999,-0.0275539999999999,-0.0695849999999999
13947,INFUSYSTEM HOLDINGS INC,"InfuSystem Holdings, Inc. Announces Settlement Of Derivative Lawsuit",6,uncertain,0.6,0.3,"the settlement of a derivative lawsuit may alleviate legal uncertainties and improve investor sentiment, but the overall impact on stock price can vary based on the terms of the settlement and market conditions.",1,2019-02-22,INFU,2019-02-22 22:00:00+00:00,12452.0,45685K10,-0.0119904531165957,8097.0,0.026699062436819,0.0477387085556983,-0.0449172705411911,-0.0635294094681739,0.0,0.0265700817108154,0.0,0.0222221408039331,0.0024753042962402,0.0227273106575012,0.0024690744467079,-0.0050251209177076,0.0270936284214258,0.0179027952253818,-0.0047961585223674,-0.0050890534184873,-0.0024096935521811,0.0,-0.0265699662268161,-0.0025380686856806,0.0496277399361133,0.0102564003318548,-0.0212766323238611,0.0156250484287738,0.0193236544728279,0.0406503677368164,0.0308057162910699,-0.0238095019012689,-0.029885085299611,0.0,0.0402843803167343,0.0134048126637935,0.0113895656540989,0.0081080999225378,-0.0090089999139308,0.0335195884108543,0.052272729575634,-0.0055555505678057,0.01079907361418,0.0285714007914066,-0.0256410017609596,-0.0056818127632141,0.0416666790843009,-0.0249307248741388,0.0505262687802314,0.0524780824780464,0.0,0.0043924171477556,0.0040081078186631,-0.0014620217261835,-0.023952167481184,0.0058823470026254,0.012269927188754,-0.025787940248847,-0.0787878558039665,0.0145348692312836,0.0416666790843009,-0.0086455252021551,0.0252631343901157,0.0057970960624516,-0.0308008417487144,-0.0057636830024421,0.0063559771515429,0.0146198691800236,-0.0042105223983526,0.0058823470026254,0.0253699552267789,-0.0029325485229492,-0.0103092193603515,-0.0087209213525056,-0.0166667494922876,0.0177514608949422,0.008474669419229,0.0059524462558329,-0.0357142984867095,-0.0317003279924392,0.0043572941794991,-0.0057306536473333,-0.028199590742588,-0.0251396410167217,-0.0357142500579357,0.0141642922535538,-0.0138888750225305,0.0085714207962155,0.0305163450539112,-0.0277777519077062,-0.0091116093099117,0.0434782169759273,-0.0137930903583765,0.0117301940917968,0.0023310557007789,-0.0058308979496359,0.0046511581167578,-0.0199999809265136,0.0023147573228925,0.0294117350131273,0.0023095216602087,0.0029498497024178,-0.0092165805399417,0.0029585768934339,0.0,-0.0505617521703243,0.0395347885787487,-0.0028011177200824,0.0190156698226928,-0.0055710254237055,0.0032931601162999,0.0466471835970878,-0.0590809546411037,0.0058650970458984,0.0767441615462303,0.0209581349045038,0.0151187246665358,-0.0262391101568937,0.0638298317790031,0.0238806456327438,0.0052800178527832,-0.0401146449148654,-0.015199800953269,0.0325443483889102,0.026699062436819,0.0477387085556983,-0.0194174571150427,-0.0188235128757923,-0.0194174571150427,0.0072464265598286,-0.0169902169338214,0.0530303102218014,-0.0218445822566238,0.0583756359209166,0.1820388357608864,0.2086956535053246,0.2014562978277001,0.233727778875868,2019-02-25,2019-02-26,2019-02-27,2019-02-28,2019-03-01,2019-03-04,2019-03-05,2019-03-06,2019-03-07,2019-03-08,12452.0,2019-02-22,252.0,-1.1990%,0.0027,0.0515,0.5451,0.2584,2.4541%,2.4695%,1.2468%,-0.011999,INFU,12452.0,2019-02-25,252.0,2.6699%,0.0027,0.0524,0.5334,0.2558,2.4587%,2.4735%,1.1948%,0.028404,INFU,12452.0,2019-02-26,252.0,-4.4917%,0.0025,0.0555,0.5907,0.2872,2.4729%,2.4912%,1.4608%,-0.0406749999999999,INFU,12452.0,2019-02-27,252.0,0.0000%,0.0025,0.0563,0.5883,0.2873,2.4730%,2.4911%,1.4471%,-0.0009279999999999,INFU,12452.0,2019-02-28,252.0,0.0000%,0.0026,0.0456,0.5808,0.28,2.4695%,2.4871%,1.4087%,0.000675,INFU,12452.0,2019-03-01,252.0,0.2475%,0.0026,0.046,0.5815,0.2812,2.4695%,2.4871%,1.4045%,0.001493,INFU,12452.0,2019-03-04,252.0,0.2469%,0.0026,0.0422,0.5932,0.2825,2.4690%,2.4870%,1.4398%,0.003848,INFU,12452.0,2019-03-05,252.0,2.7094%,0.0027,0.0346,0.5519,0.2671,2.4733%,2.4887%,1.2350%,0.029592,INFU,12452.0,2019-03-06,252.0,-0.4796%,0.0028,0.0473,0.542,0.2801,2.4689%,2.4844%,1.2454%,0.002251,INFU,12452.0,2019-03-07,252.0,-0.2410%,0.0028,0.0506,0.5516,0.2872,2.4686%,2.4845%,1.2816%,-0.000808,INFU,12452.0,2019-03-08,252.0,-2.6570%,0.0027,0.0542,0.5576,0.2927,2.4751%,2.4913%,1.2993%,-0.026336,INFU,0.016405,-0.0242699999999999,-0.0251979999999999,-0.0230299999999999,-0.0144829999999999
13955,INTUIT INC,Intuit Analysts React To Tax Software Maker's Q2 Beat,6,increase,0.8,0.7,"a q2 earnings beat typically indicates strong performance and can lead to positive investor sentiment, likely resulting in an increase in stock price.",2,2019-02-22,INTU,2019-02-22 21:06:00+00:00,78975.0,46120210,0.0676935017108917,3332750.0,-0.0128317577764391,-0.003983567468822,0.0048038205131888,0.0057111037895083,0.0037764750886708,0.0056145959533751,-0.0108865369111299,0.0110061904415488,0.0132723618298769,0.0095804827287793,-0.0056307800114154,-0.001616048044525,-0.0076706972904503,0.0154788019135594,-0.0007284498424269,0.0028465925715863,-0.0059941313229501,0.017468437552452,0.0018335664644837,-0.0160744525492191,0.0189522877335548,0.0004008924006484,-0.0009578919271007,0.0162057019770145,0.0133839026093483,0.0301236044615507,0.0123003954067826,-0.0063479305244982,0.0052966307848691,0.0080336341634392,-0.0015883611049503,0.0276964642107486,-0.0064411130733788,-0.0128879472613334,-0.0002733424480538,-0.0151656549423933,0.0180866029113531,0.0100867236033082,-0.0304658226668834,-0.00037694038474,0.0045512472279369,-0.0004708997148554,0.0085096471011638,-0.0071538728661835,-0.0023829080164432,0.0101072089746594,0.0150364013388752,0.0082860616967082,0.0084484312683343,0.0008579568821005,0.0166022572666406,0.0227151047438383,0.0094450041651725,-0.0048508369363844,0.0030566493514925,0.0004367482324596,-0.0239704996347427,0.0167768374085426,-0.0035410753916949,-0.0030918279662728,-0.0035919083748012,0.0239709988236427,-0.0053306329064071,0.0152551298961043,0.0007338835275731,0.0396774634718895,0.0019298313418403,-0.030595963820815,0.0018105520866811,-0.0120904482901096,0.0031531467102468,0.0051059480756521,-0.0110779460519552,-0.0070472490042448,-0.0066669299267232,0.0230290573090314,0.0058532017283141,0.0549931749701499,0.0148194413632154,-0.0164684224873781,0.0156351402401924,-0.0325419157743454,-0.0061727799475193,-0.0179475881159305,-0.0007575072231702,-0.0129207968711853,-0.038887184113264,0.003240667283535,-0.023069666698575,-0.0171203278005123,0.0134420618414878,-0.0360295996069908,-0.0287182014435529,-0.0035375766456127,0.0086118141189217,0.0148949204012751,0.0118316877633333,-0.0032883249223232,-0.0015269825235009,0.0213868729770183,-0.0163795556873083,-0.0429685488343238,-0.0011865657288581,0.0187816489487886,-0.0115516632795333,-0.0274916179478168,0.0138002559542655,-0.0047079408541321,-0.031476154923439,0.0255270153284072,0.0171359181404113,0.001292381202802,0.0089215068146586,0.0511698015034198,0.018137713894248,-0.0132558746263384,-0.0084831593558192,0.0221770871430635,-0.0071704806759953,-0.0068043894134461,-0.0128317577764391,-0.003983567468822,-0.0080895787244771,0.0017047857534193,-0.0043436537283371,0.0073289533899869,-0.0021120544490778,0.0281727227445567,-0.020164173177703,0.046531290060279,0.0428788131451516,0.1561399500664819,-0.0271284428516813,0.1873743698052108,2019-02-25,2019-02-26,2019-02-27,2019-02-28,2019-03-01,2019-03-04,2019-03-05,2019-03-06,2019-03-07,2019-03-08,78975.0,2019-02-22,252.0,6.7694%,0.0009,1.0415,-0.1015,-1.1002,0.9637%,1.7847%,70.8421%,0.046255,INTU,78975.0,2019-02-25,252.0,-1.2832%,0.0009,1.0401,-0.0942,-1.1016,0.9669%,1.7862%,70.7006%,-0.016738,INTU,78975.0,2019-02-26,252.0,0.4804%,0.001,1.0525,-0.1079,-1.0993,0.9578%,1.7862%,71.2480%,0.00213,INTU,78975.0,2019-02-27,252.0,0.3776%,0.001,1.0565,-0.1148,-1.0986,0.9561%,1.7861%,71.3459%,0.001615,INTU,78975.0,2019-02-28,252.0,-1.0887%,0.001,1.0582,-0.114,-1.0947,0.9588%,1.7853%,71.1599%,-0.010435,INTU,78975.0,2019-03-01,252.0,1.3272%,0.001,1.05,-0.1262,-1.1077,0.9548%,1.7813%,71.2666%,0.0015149999999999,INTU,78975.0,2019-03-04,252.0,-0.5631%,0.001,1.0484,-0.1233,-1.1067,0.9548%,1.7787%,71.1844%,0.003554,INTU,78975.0,2019-03-05,252.0,-0.7671%,0.0009,1.0467,-0.1434,-1.1043,0.9521%,1.7723%,71.1403%,-0.0090169999999999,INTU,78975.0,2019-03-06,252.0,-0.0728%,0.001,1.0455,-0.1561,-1.1073,0.9527%,1.7720%,71.0948%,0.006608,INTU,78975.0,2019-03-07,252.0,-0.5994%,0.001,1.0482,-0.1474,-1.1013,0.9518%,1.7722%,71.1540%,-0.001274,INTU,78975.0,2019-03-08,252.0,0.1834%,0.001,1.0481,-0.1494,-1.1013,0.9518%,1.7719%,71.1453%,0.002251,INTU,0.0295169999999999,0.0316469999999999,0.0332619999999999,0.0243419999999999,0.0264639999999999
13963,INTUIT INC,Intuit shares are trading higher after the company beat Q2 EPS and sales estimates; the company also issued Q3 EPS guidance inline with analyst estimates and expects sales growth of 10% to 12%.,6,increase,0.8,0.7,"the positive earnings report and guidance in line with analyst expectations typically lead to increased investor confidence, likely driving the stock price higher.",2,2019-02-22,INTU,2019-02-22 18:03:00+00:00,78975.0,46120210,0.0676935017108917,3332750.0,-0.0128317577764391,-0.003983567468822,0.0048038205131888,0.0057111037895083,0.0037764750886708,0.0056145959533751,-0.0108865369111299,0.0110061904415488,0.0132723618298769,0.0095804827287793,-0.0056307800114154,-0.001616048044525,-0.0076706972904503,0.0154788019135594,-0.0007284498424269,0.0028465925715863,-0.0059941313229501,0.017468437552452,0.0018335664644837,-0.0160744525492191,0.0189522877335548,0.0004008924006484,-0.0009578919271007,0.0162057019770145,0.0133839026093483,0.0301236044615507,0.0123003954067826,-0.0063479305244982,0.0052966307848691,0.0080336341634392,-0.0015883611049503,0.0276964642107486,-0.0064411130733788,-0.0128879472613334,-0.0002733424480538,-0.0151656549423933,0.0180866029113531,0.0100867236033082,-0.0304658226668834,-0.00037694038474,0.0045512472279369,-0.0004708997148554,0.0085096471011638,-0.0071538728661835,-0.0023829080164432,0.0101072089746594,0.0150364013388752,0.0082860616967082,0.0084484312683343,0.0008579568821005,0.0166022572666406,0.0227151047438383,0.0094450041651725,-0.0048508369363844,0.0030566493514925,0.0004367482324596,-0.0239704996347427,0.0167768374085426,-0.0035410753916949,-0.0030918279662728,-0.0035919083748012,0.0239709988236427,-0.0053306329064071,0.0152551298961043,0.0007338835275731,0.0396774634718895,0.0019298313418403,-0.030595963820815,0.0018105520866811,-0.0120904482901096,0.0031531467102468,0.0051059480756521,-0.0110779460519552,-0.0070472490042448,-0.0066669299267232,0.0230290573090314,0.0058532017283141,0.0549931749701499,0.0148194413632154,-0.0164684224873781,0.0156351402401924,-0.0325419157743454,-0.0061727799475193,-0.0179475881159305,-0.0007575072231702,-0.0129207968711853,-0.038887184113264,0.003240667283535,-0.023069666698575,-0.0171203278005123,0.0134420618414878,-0.0360295996069908,-0.0287182014435529,-0.0035375766456127,0.0086118141189217,0.0148949204012751,0.0118316877633333,-0.0032883249223232,-0.0015269825235009,0.0213868729770183,-0.0163795556873083,-0.0429685488343238,-0.0011865657288581,0.0187816489487886,-0.0115516632795333,-0.0274916179478168,0.0138002559542655,-0.0047079408541321,-0.031476154923439,0.0255270153284072,0.0171359181404113,0.001292381202802,0.0089215068146586,0.0511698015034198,0.018137713894248,-0.0132558746263384,-0.0084831593558192,0.0221770871430635,-0.0071704806759953,-0.0068043894134461,-0.0128317577764391,-0.003983567468822,-0.0080895787244771,0.0017047857534193,-0.0043436537283371,0.0073289533899869,-0.0021120544490778,0.0281727227445567,-0.020164173177703,0.046531290060279,0.0428788131451516,0.1561399500664819,-0.0271284428516813,0.1873743698052108,2019-02-25,2019-02-26,2019-02-27,2019-02-28,2019-03-01,2019-03-04,2019-03-05,2019-03-06,2019-03-07,2019-03-08,78975.0,2019-02-22,252.0,6.7694%,0.0009,1.0415,-0.1015,-1.1002,0.9637%,1.7847%,70.8421%,0.046255,INTU,78975.0,2019-02-25,252.0,-1.2832%,0.0009,1.0401,-0.0942,-1.1016,0.9669%,1.7862%,70.7006%,-0.016738,INTU,78975.0,2019-02-26,252.0,0.4804%,0.001,1.0525,-0.1079,-1.0993,0.9578%,1.7862%,71.2480%,0.00213,INTU,78975.0,2019-02-27,252.0,0.3776%,0.001,1.0565,-0.1148,-1.0986,0.9561%,1.7861%,71.3459%,0.001615,INTU,78975.0,2019-02-28,252.0,-1.0887%,0.001,1.0582,-0.114,-1.0947,0.9588%,1.7853%,71.1599%,-0.010435,INTU,78975.0,2019-03-01,252.0,1.3272%,0.001,1.05,-0.1262,-1.1077,0.9548%,1.7813%,71.2666%,0.0015149999999999,INTU,78975.0,2019-03-04,252.0,-0.5631%,0.001,1.0484,-0.1233,-1.1067,0.9548%,1.7787%,71.1844%,0.003554,INTU,78975.0,2019-03-05,252.0,-0.7671%,0.0009,1.0467,-0.1434,-1.1043,0.9521%,1.7723%,71.1403%,-0.0090169999999999,INTU,78975.0,2019-03-06,252.0,-0.0728%,0.001,1.0455,-0.1561,-1.1073,0.9527%,1.7720%,71.0948%,0.006608,INTU,78975.0,2019-03-07,252.0,-0.5994%,0.001,1.0482,-0.1474,-1.1013,0.9518%,1.7722%,71.1540%,-0.001274,INTU,78975.0,2019-03-08,252.0,0.1834%,0.001,1.0481,-0.1494,-1.1013,0.9518%,1.7719%,71.1453%,0.002251,INTU,0.0295169999999999,0.0316469999999999,0.0332619999999999,0.0243419999999999,0.0264639999999999
13971,INTUIT INC,"Citigroup Maintains Neutral on Intuit, Raises Price Target to $235",6,increase,0.7,0.6,"the maintenance of a neutral rating combined with a raised price target suggests a positive outlook for intuit inc., which could lead to an increase in stock price.",2,2019-02-22,INTU,2019-02-22 16:19:00+00:00,78975.0,46120210,0.0676935017108917,3332750.0,-0.0128317577764391,-0.003983567468822,0.0048038205131888,0.0057111037895083,0.0037764750886708,0.0056145959533751,-0.0108865369111299,0.0110061904415488,0.0132723618298769,0.0095804827287793,-0.0056307800114154,-0.001616048044525,-0.0076706972904503,0.0154788019135594,-0.0007284498424269,0.0028465925715863,-0.0059941313229501,0.017468437552452,0.0018335664644837,-0.0160744525492191,0.0189522877335548,0.0004008924006484,-0.0009578919271007,0.0162057019770145,0.0133839026093483,0.0301236044615507,0.0123003954067826,-0.0063479305244982,0.0052966307848691,0.0080336341634392,-0.0015883611049503,0.0276964642107486,-0.0064411130733788,-0.0128879472613334,-0.0002733424480538,-0.0151656549423933,0.0180866029113531,0.0100867236033082,-0.0304658226668834,-0.00037694038474,0.0045512472279369,-0.0004708997148554,0.0085096471011638,-0.0071538728661835,-0.0023829080164432,0.0101072089746594,0.0150364013388752,0.0082860616967082,0.0084484312683343,0.0008579568821005,0.0166022572666406,0.0227151047438383,0.0094450041651725,-0.0048508369363844,0.0030566493514925,0.0004367482324596,-0.0239704996347427,0.0167768374085426,-0.0035410753916949,-0.0030918279662728,-0.0035919083748012,0.0239709988236427,-0.0053306329064071,0.0152551298961043,0.0007338835275731,0.0396774634718895,0.0019298313418403,-0.030595963820815,0.0018105520866811,-0.0120904482901096,0.0031531467102468,0.0051059480756521,-0.0110779460519552,-0.0070472490042448,-0.0066669299267232,0.0230290573090314,0.0058532017283141,0.0549931749701499,0.0148194413632154,-0.0164684224873781,0.0156351402401924,-0.0325419157743454,-0.0061727799475193,-0.0179475881159305,-0.0007575072231702,-0.0129207968711853,-0.038887184113264,0.003240667283535,-0.023069666698575,-0.0171203278005123,0.0134420618414878,-0.0360295996069908,-0.0287182014435529,-0.0035375766456127,0.0086118141189217,0.0148949204012751,0.0118316877633333,-0.0032883249223232,-0.0015269825235009,0.0213868729770183,-0.0163795556873083,-0.0429685488343238,-0.0011865657288581,0.0187816489487886,-0.0115516632795333,-0.0274916179478168,0.0138002559542655,-0.0047079408541321,-0.031476154923439,0.0255270153284072,0.0171359181404113,0.001292381202802,0.0089215068146586,0.0511698015034198,0.018137713894248,-0.0132558746263384,-0.0084831593558192,0.0221770871430635,-0.0071704806759953,-0.0068043894134461,-0.0128317577764391,-0.003983567468822,-0.0080895787244771,0.0017047857534193,-0.0043436537283371,0.0073289533899869,-0.0021120544490778,0.0281727227445567,-0.020164173177703,0.046531290060279,0.0428788131451516,0.1561399500664819,-0.0271284428516813,0.1873743698052108,2019-02-25,2019-02-26,2019-02-27,2019-02-28,2019-03-01,2019-03-04,2019-03-05,2019-03-06,2019-03-07,2019-03-08,78975.0,2019-02-22,252.0,6.7694%,0.0009,1.0415,-0.1015,-1.1002,0.9637%,1.7847%,70.8421%,0.046255,INTU,78975.0,2019-02-25,252.0,-1.2832%,0.0009,1.0401,-0.0942,-1.1016,0.9669%,1.7862%,70.7006%,-0.016738,INTU,78975.0,2019-02-26,252.0,0.4804%,0.001,1.0525,-0.1079,-1.0993,0.9578%,1.7862%,71.2480%,0.00213,INTU,78975.0,2019-02-27,252.0,0.3776%,0.001,1.0565,-0.1148,-1.0986,0.9561%,1.7861%,71.3459%,0.001615,INTU,78975.0,2019-02-28,252.0,-1.0887%,0.001,1.0582,-0.114,-1.0947,0.9588%,1.7853%,71.1599%,-0.010435,INTU,78975.0,2019-03-01,252.0,1.3272%,0.001,1.05,-0.1262,-1.1077,0.9548%,1.7813%,71.2666%,0.0015149999999999,INTU,78975.0,2019-03-04,252.0,-0.5631%,0.001,1.0484,-0.1233,-1.1067,0.9548%,1.7787%,71.1844%,0.003554,INTU,78975.0,2019-03-05,252.0,-0.7671%,0.0009,1.0467,-0.1434,-1.1043,0.9521%,1.7723%,71.1403%,-0.0090169999999999,INTU,78975.0,2019-03-06,252.0,-0.0728%,0.001,1.0455,-0.1561,-1.1073,0.9527%,1.7720%,71.0948%,0.006608,INTU,78975.0,2019-03-07,252.0,-0.5994%,0.001,1.0482,-0.1474,-1.1013,0.9518%,1.7722%,71.1540%,-0.001274,INTU,78975.0,2019-03-08,252.0,0.1834%,0.001,1.0481,-0.1494,-1.1013,0.9518%,1.7719%,71.1453%,0.002251,INTU,0.0295169999999999,0.0316469999999999,0.0332619999999999,0.0243419999999999,0.0264639999999999
13979,I T T INC,A Peek Into The Markets: US Stock Futures Surge Ahead Of Fed Speakers,6,uncertain,0.5,0.5,"the news about us stock futures surging indicates a positive market sentiment, but it does not provide specific information about i t t inc's performance or outlook.",1,2019-02-22,ITT,2019-02-22 12:07:00+00:00,12570.0,45073V10,0.04045420140028,1233866.0,-0.0008526472956873,-0.0049434811808168,0.0,0.0112480111420154,-0.0052910288795828,0.0023263646289706,-0.0089224511757493,0.0195219796150922,0.0143698379397392,-0.001457424252294,-0.0039255768060684,0.0106793958693742,-0.0047977855429053,0.0179944317787885,-0.0132575836032629,0.003574090078473,-0.0078520458191633,0.0068181934766471,0.0018817988457158,-0.0224032420665025,0.0175994373857975,0.0133208082988858,-0.0032860364299267,0.0041446383111178,0.0026027711573988,0.0047321594320237,-0.0122879734262824,0.0051369946449995,0.0092868190258741,0.0074756224639713,0.020833346992731,0.0132063794881105,0.0034013735130429,0.0058605792000889,-0.0176271349191665,-0.0113943638280034,0.0122498115524649,0.0180888343602418,-0.0439747422933578,0.002760240342468,-0.0005348329432308,-0.0176254082471132,0.0142704108729958,-0.029693629592657,0.0017586786998435,0.0177888348698616,0.0145716611295938,0.0216924101114273,0.0036338306963443,0.0092701660469174,0.0274137966334819,0.0035629514604806,-0.0043631200678646,-0.0043358537368476,0.0126411588862538,-0.0031434153206646,0.0028295300435274,0.008120416663587,0.0058091031387448,0.0098000336438417,0.0112211275845766,0.0201999936252832,-0.0174608305096626,0.0032753297127783,-0.0009964717319235,0.0378159917891025,0.0177888553589582,-0.0348575115203857,0.0213981959968805,0.0103584006428718,-0.0105549311265349,0.0246232189238071,0.006626795977354,-0.0102940732613205,0.0041747293435037,0.0,0.0009593469440005,0.0510045811533927,-0.0030351218301802,-0.0353567600250244,-0.0008011414320208,-0.0175769012421369,-0.0041693733073771,-0.0004183320852462,-0.0235104523599147,-0.0310092978179454,0.0064313882030546,0.0081733046099543,0.0014746871311217,-0.0109135191887617,-0.0093259112909436,-0.0104000093415379,-0.0069363862276077,-0.0085266763344407,-0.0096457982435822,0.0112292235717177,0.0612930580973625,-0.0039944229647517,-0.0219936612993478,-0.010278720408678,-0.0021032367367297,-0.0280499346554279,-0.0058365855365991,-0.0092272441834211,-0.0091324429959058,-0.0631448403000831,0.0055957892909646,0.0138863921165466,-0.0302782077342271,0.0174312070012092,0.0113079855218529,-0.0137531366199255,0.0068425177596509,0.0195571500808,0.0130945974960923,-0.0073259654454886,-0.0201243385672569,0.0094286985695362,-0.0130238570272922,-0.0084326136857271,-0.0008526472956873,-0.0049434811808168,-0.0008526472956873,0.0062489256297963,-0.0061391647938046,0.0085898275383211,-0.0008526474843111,0.0267808581135871,-0.0285300090564676,0.0435105062784195,0.0360978559010634,0.1272000122526557,0.0106228789604776,0.035840460022102,2019-02-25,2019-02-26,2019-02-27,2019-02-28,2019-03-01,2019-03-04,2019-03-05,2019-03-06,2019-03-07,2019-03-08,12570.0,2019-02-22,252.0,4.0454%,0.0005,1.3626,0.6618,0.5973,1.3039%,1.8918%,52.4946%,0.037503,ITT,12570.0,2019-02-25,252.0,-0.0853%,0.0005,1.3627,0.6622,0.5979,1.3039%,1.8918%,52.4953%,-0.000201,ITT,12570.0,2019-02-26,252.0,0.0000%,0.0006,1.3701,0.6443,0.5944,1.3013%,1.8917%,52.6781%,0.008292,ITT,12570.0,2019-02-27,252.0,-0.5291%,0.0006,1.3703,0.6416,0.5944,1.3022%,1.8908%,52.5695%,-0.007135,ITT,12570.0,2019-02-28,252.0,-0.8922%,0.0006,1.3699,0.6412,0.595,1.3024%,1.8875%,52.3870%,-0.003417,ITT,12570.0,2019-03-01,252.0,1.4370%,0.0007,1.3587,0.6245,0.5756,1.2965%,1.8727%,52.0704%,0.004937,ITT,12570.0,2019-03-04,252.0,-0.3926%,0.0007,1.355,0.6344,0.5771,1.2958%,1.8697%,51.9711%,0.003303,ITT,12570.0,2019-03-05,252.0,-0.4798%,0.0007,1.3579,0.657,0.5791,1.2932%,1.8700%,52.1793%,0.000767,ITT,12570.0,2019-03-06,252.0,-1.3258%,0.0007,1.3512,0.6498,0.5707,1.2925%,1.8672%,52.0819%,0.006105,ITT,12570.0,2019-03-07,252.0,-0.7852%,0.0007,1.3458,0.6322,0.5584,1.2901%,1.8621%,52.0005%,0.005476,ITT,12570.0,2019-03-08,252.0,0.1882%,0.0007,1.345,0.6338,0.5571,1.2904%,1.8621%,51.9764%,0.0053859999999999,ITT,0.037302,0.045594,0.038459,0.039979,0.061016
13987,I T T INC,ITT Reports $25M Buyback; Raises Qtr. Dividend From $0.134 To $0.147/Share,6,increase,0.8,0.6,"the announcement of a $25 million buyback and an increase in the quarterly dividend typically signals financial strength and can boost investor confidence, likely leading to an increase in stock price.",2,2019-02-22,ITT,2019-02-22 11:47:00+00:00,12570.0,45073V10,0.04045420140028,1233866.0,-0.0008526472956873,-0.0049434811808168,0.0,0.0112480111420154,-0.0052910288795828,0.0023263646289706,-0.0089224511757493,0.0195219796150922,0.0143698379397392,-0.001457424252294,-0.0039255768060684,0.0106793958693742,-0.0047977855429053,0.0179944317787885,-0.0132575836032629,0.003574090078473,-0.0078520458191633,0.0068181934766471,0.0018817988457158,-0.0224032420665025,0.0175994373857975,0.0133208082988858,-0.0032860364299267,0.0041446383111178,0.0026027711573988,0.0047321594320237,-0.0122879734262824,0.0051369946449995,0.0092868190258741,0.0074756224639713,0.020833346992731,0.0132063794881105,0.0034013735130429,0.0058605792000889,-0.0176271349191665,-0.0113943638280034,0.0122498115524649,0.0180888343602418,-0.0439747422933578,0.002760240342468,-0.0005348329432308,-0.0176254082471132,0.0142704108729958,-0.029693629592657,0.0017586786998435,0.0177888348698616,0.0145716611295938,0.0216924101114273,0.0036338306963443,0.0092701660469174,0.0274137966334819,0.0035629514604806,-0.0043631200678646,-0.0043358537368476,0.0126411588862538,-0.0031434153206646,0.0028295300435274,0.008120416663587,0.0058091031387448,0.0098000336438417,0.0112211275845766,0.0201999936252832,-0.0174608305096626,0.0032753297127783,-0.0009964717319235,0.0378159917891025,0.0177888553589582,-0.0348575115203857,0.0213981959968805,0.0103584006428718,-0.0105549311265349,0.0246232189238071,0.006626795977354,-0.0102940732613205,0.0041747293435037,0.0,0.0009593469440005,0.0510045811533927,-0.0030351218301802,-0.0353567600250244,-0.0008011414320208,-0.0175769012421369,-0.0041693733073771,-0.0004183320852462,-0.0235104523599147,-0.0310092978179454,0.0064313882030546,0.0081733046099543,0.0014746871311217,-0.0109135191887617,-0.0093259112909436,-0.0104000093415379,-0.0069363862276077,-0.0085266763344407,-0.0096457982435822,0.0112292235717177,0.0612930580973625,-0.0039944229647517,-0.0219936612993478,-0.010278720408678,-0.0021032367367297,-0.0280499346554279,-0.0058365855365991,-0.0092272441834211,-0.0091324429959058,-0.0631448403000831,0.0055957892909646,0.0138863921165466,-0.0302782077342271,0.0174312070012092,0.0113079855218529,-0.0137531366199255,0.0068425177596509,0.0195571500808,0.0130945974960923,-0.0073259654454886,-0.0201243385672569,0.0094286985695362,-0.0130238570272922,-0.0084326136857271,-0.0008526472956873,-0.0049434811808168,-0.0008526472956873,0.0062489256297963,-0.0061391647938046,0.0085898275383211,-0.0008526474843111,0.0267808581135871,-0.0285300090564676,0.0435105062784195,0.0360978559010634,0.1272000122526557,0.0106228789604776,0.035840460022102,2019-02-25,2019-02-26,2019-02-27,2019-02-28,2019-03-01,2019-03-04,2019-03-05,2019-03-06,2019-03-07,2019-03-08,12570.0,2019-02-22,252.0,4.0454%,0.0005,1.3626,0.6618,0.5973,1.3039%,1.8918%,52.4946%,0.037503,ITT,12570.0,2019-02-25,252.0,-0.0853%,0.0005,1.3627,0.6622,0.5979,1.3039%,1.8918%,52.4953%,-0.000201,ITT,12570.0,2019-02-26,252.0,0.0000%,0.0006,1.3701,0.6443,0.5944,1.3013%,1.8917%,52.6781%,0.008292,ITT,12570.0,2019-02-27,252.0,-0.5291%,0.0006,1.3703,0.6416,0.5944,1.3022%,1.8908%,52.5695%,-0.007135,ITT,12570.0,2019-02-28,252.0,-0.8922%,0.0006,1.3699,0.6412,0.595,1.3024%,1.8875%,52.3870%,-0.003417,ITT,12570.0,2019-03-01,252.0,1.4370%,0.0007,1.3587,0.6245,0.5756,1.2965%,1.8727%,52.0704%,0.004937,ITT,12570.0,2019-03-04,252.0,-0.3926%,0.0007,1.355,0.6344,0.5771,1.2958%,1.8697%,51.9711%,0.003303,ITT,12570.0,2019-03-05,252.0,-0.4798%,0.0007,1.3579,0.657,0.5791,1.2932%,1.8700%,52.1793%,0.000767,ITT,12570.0,2019-03-06,252.0,-1.3258%,0.0007,1.3512,0.6498,0.5707,1.2925%,1.8672%,52.0819%,0.006105,ITT,12570.0,2019-03-07,252.0,-0.7852%,0.0007,1.3458,0.6322,0.5584,1.2901%,1.8621%,52.0005%,0.005476,ITT,12570.0,2019-03-08,252.0,0.1882%,0.0007,1.345,0.6338,0.5571,1.2904%,1.8621%,51.9764%,0.0053859999999999,ITT,0.037302,0.045594,0.038459,0.039979,0.061016
13995,I T T INC,"ITT Sees FY19 Adj. EPS $3.42-$3.66 vs $3.57 Estimate, Sales Growth 2-4% Year Over Year",6,increase,0.7,0.5,"the adjusted eps guidance is within a reasonable range above the estimate, which may positively influence investor sentiment and lead to a stock price increase.",2,2019-02-22,ITT,2019-02-22 11:46:00+00:00,12570.0,45073V10,0.04045420140028,1233866.0,-0.0008526472956873,-0.0049434811808168,0.0,0.0112480111420154,-0.0052910288795828,0.0023263646289706,-0.0089224511757493,0.0195219796150922,0.0143698379397392,-0.001457424252294,-0.0039255768060684,0.0106793958693742,-0.0047977855429053,0.0179944317787885,-0.0132575836032629,0.003574090078473,-0.0078520458191633,0.0068181934766471,0.0018817988457158,-0.0224032420665025,0.0175994373857975,0.0133208082988858,-0.0032860364299267,0.0041446383111178,0.0026027711573988,0.0047321594320237,-0.0122879734262824,0.0051369946449995,0.0092868190258741,0.0074756224639713,0.020833346992731,0.0132063794881105,0.0034013735130429,0.0058605792000889,-0.0176271349191665,-0.0113943638280034,0.0122498115524649,0.0180888343602418,-0.0439747422933578,0.002760240342468,-0.0005348329432308,-0.0176254082471132,0.0142704108729958,-0.029693629592657,0.0017586786998435,0.0177888348698616,0.0145716611295938,0.0216924101114273,0.0036338306963443,0.0092701660469174,0.0274137966334819,0.0035629514604806,-0.0043631200678646,-0.0043358537368476,0.0126411588862538,-0.0031434153206646,0.0028295300435274,0.008120416663587,0.0058091031387448,0.0098000336438417,0.0112211275845766,0.0201999936252832,-0.0174608305096626,0.0032753297127783,-0.0009964717319235,0.0378159917891025,0.0177888553589582,-0.0348575115203857,0.0213981959968805,0.0103584006428718,-0.0105549311265349,0.0246232189238071,0.006626795977354,-0.0102940732613205,0.0041747293435037,0.0,0.0009593469440005,0.0510045811533927,-0.0030351218301802,-0.0353567600250244,-0.0008011414320208,-0.0175769012421369,-0.0041693733073771,-0.0004183320852462,-0.0235104523599147,-0.0310092978179454,0.0064313882030546,0.0081733046099543,0.0014746871311217,-0.0109135191887617,-0.0093259112909436,-0.0104000093415379,-0.0069363862276077,-0.0085266763344407,-0.0096457982435822,0.0112292235717177,0.0612930580973625,-0.0039944229647517,-0.0219936612993478,-0.010278720408678,-0.0021032367367297,-0.0280499346554279,-0.0058365855365991,-0.0092272441834211,-0.0091324429959058,-0.0631448403000831,0.0055957892909646,0.0138863921165466,-0.0302782077342271,0.0174312070012092,0.0113079855218529,-0.0137531366199255,0.0068425177596509,0.0195571500808,0.0130945974960923,-0.0073259654454886,-0.0201243385672569,0.0094286985695362,-0.0130238570272922,-0.0084326136857271,-0.0008526472956873,-0.0049434811808168,-0.0008526472956873,0.0062489256297963,-0.0061391647938046,0.0085898275383211,-0.0008526474843111,0.0267808581135871,-0.0285300090564676,0.0435105062784195,0.0360978559010634,0.1272000122526557,0.0106228789604776,0.035840460022102,2019-02-25,2019-02-26,2019-02-27,2019-02-28,2019-03-01,2019-03-04,2019-03-05,2019-03-06,2019-03-07,2019-03-08,12570.0,2019-02-22,252.0,4.0454%,0.0005,1.3626,0.6618,0.5973,1.3039%,1.8918%,52.4946%,0.037503,ITT,12570.0,2019-02-25,252.0,-0.0853%,0.0005,1.3627,0.6622,0.5979,1.3039%,1.8918%,52.4953%,-0.000201,ITT,12570.0,2019-02-26,252.0,0.0000%,0.0006,1.3701,0.6443,0.5944,1.3013%,1.8917%,52.6781%,0.008292,ITT,12570.0,2019-02-27,252.0,-0.5291%,0.0006,1.3703,0.6416,0.5944,1.3022%,1.8908%,52.5695%,-0.007135,ITT,12570.0,2019-02-28,252.0,-0.8922%,0.0006,1.3699,0.6412,0.595,1.3024%,1.8875%,52.3870%,-0.003417,ITT,12570.0,2019-03-01,252.0,1.4370%,0.0007,1.3587,0.6245,0.5756,1.2965%,1.8727%,52.0704%,0.004937,ITT,12570.0,2019-03-04,252.0,-0.3926%,0.0007,1.355,0.6344,0.5771,1.2958%,1.8697%,51.9711%,0.003303,ITT,12570.0,2019-03-05,252.0,-0.4798%,0.0007,1.3579,0.657,0.5791,1.2932%,1.8700%,52.1793%,0.000767,ITT,12570.0,2019-03-06,252.0,-1.3258%,0.0007,1.3512,0.6498,0.5707,1.2925%,1.8672%,52.0819%,0.006105,ITT,12570.0,2019-03-07,252.0,-0.7852%,0.0007,1.3458,0.6322,0.5584,1.2901%,1.8621%,52.0005%,0.005476,ITT,12570.0,2019-03-08,252.0,0.1882%,0.0007,1.345,0.6338,0.5571,1.2904%,1.8621%,51.9764%,0.0053859999999999,ITT,0.037302,0.045594,0.038459,0.039979,0.061016
14003,I T T INC,"ITT Q4 Adj. EPS $0.82 Beats $0.74 Estimate, Sales $678M Miss $699.93M Estimate",6,uncertain,0.6,0.2,"while the adjusted eps beat estimates, the significant miss in sales could lead to mixed reactions from investors, making the overall impact on the stock price uncertain.",1,2019-02-22,ITT,2019-02-22 11:45:00+00:00,12570.0,45073V10,0.04045420140028,1233866.0,-0.0008526472956873,-0.0049434811808168,0.0,0.0112480111420154,-0.0052910288795828,0.0023263646289706,-0.0089224511757493,0.0195219796150922,0.0143698379397392,-0.001457424252294,-0.0039255768060684,0.0106793958693742,-0.0047977855429053,0.0179944317787885,-0.0132575836032629,0.003574090078473,-0.0078520458191633,0.0068181934766471,0.0018817988457158,-0.0224032420665025,0.0175994373857975,0.0133208082988858,-0.0032860364299267,0.0041446383111178,0.0026027711573988,0.0047321594320237,-0.0122879734262824,0.0051369946449995,0.0092868190258741,0.0074756224639713,0.020833346992731,0.0132063794881105,0.0034013735130429,0.0058605792000889,-0.0176271349191665,-0.0113943638280034,0.0122498115524649,0.0180888343602418,-0.0439747422933578,0.002760240342468,-0.0005348329432308,-0.0176254082471132,0.0142704108729958,-0.029693629592657,0.0017586786998435,0.0177888348698616,0.0145716611295938,0.0216924101114273,0.0036338306963443,0.0092701660469174,0.0274137966334819,0.0035629514604806,-0.0043631200678646,-0.0043358537368476,0.0126411588862538,-0.0031434153206646,0.0028295300435274,0.008120416663587,0.0058091031387448,0.0098000336438417,0.0112211275845766,0.0201999936252832,-0.0174608305096626,0.0032753297127783,-0.0009964717319235,0.0378159917891025,0.0177888553589582,-0.0348575115203857,0.0213981959968805,0.0103584006428718,-0.0105549311265349,0.0246232189238071,0.006626795977354,-0.0102940732613205,0.0041747293435037,0.0,0.0009593469440005,0.0510045811533927,-0.0030351218301802,-0.0353567600250244,-0.0008011414320208,-0.0175769012421369,-0.0041693733073771,-0.0004183320852462,-0.0235104523599147,-0.0310092978179454,0.0064313882030546,0.0081733046099543,0.0014746871311217,-0.0109135191887617,-0.0093259112909436,-0.0104000093415379,-0.0069363862276077,-0.0085266763344407,-0.0096457982435822,0.0112292235717177,0.0612930580973625,-0.0039944229647517,-0.0219936612993478,-0.010278720408678,-0.0021032367367297,-0.0280499346554279,-0.0058365855365991,-0.0092272441834211,-0.0091324429959058,-0.0631448403000831,0.0055957892909646,0.0138863921165466,-0.0302782077342271,0.0174312070012092,0.0113079855218529,-0.0137531366199255,0.0068425177596509,0.0195571500808,0.0130945974960923,-0.0073259654454886,-0.0201243385672569,0.0094286985695362,-0.0130238570272922,-0.0084326136857271,-0.0008526472956873,-0.0049434811808168,-0.0008526472956873,0.0062489256297963,-0.0061391647938046,0.0085898275383211,-0.0008526474843111,0.0267808581135871,-0.0285300090564676,0.0435105062784195,0.0360978559010634,0.1272000122526557,0.0106228789604776,0.035840460022102,2019-02-25,2019-02-26,2019-02-27,2019-02-28,2019-03-01,2019-03-04,2019-03-05,2019-03-06,2019-03-07,2019-03-08,12570.0,2019-02-22,252.0,4.0454%,0.0005,1.3626,0.6618,0.5973,1.3039%,1.8918%,52.4946%,0.037503,ITT,12570.0,2019-02-25,252.0,-0.0853%,0.0005,1.3627,0.6622,0.5979,1.3039%,1.8918%,52.4953%,-0.000201,ITT,12570.0,2019-02-26,252.0,0.0000%,0.0006,1.3701,0.6443,0.5944,1.3013%,1.8917%,52.6781%,0.008292,ITT,12570.0,2019-02-27,252.0,-0.5291%,0.0006,1.3703,0.6416,0.5944,1.3022%,1.8908%,52.5695%,-0.007135,ITT,12570.0,2019-02-28,252.0,-0.8922%,0.0006,1.3699,0.6412,0.595,1.3024%,1.8875%,52.3870%,-0.003417,ITT,12570.0,2019-03-01,252.0,1.4370%,0.0007,1.3587,0.6245,0.5756,1.2965%,1.8727%,52.0704%,0.004937,ITT,12570.0,2019-03-04,252.0,-0.3926%,0.0007,1.355,0.6344,0.5771,1.2958%,1.8697%,51.9711%,0.003303,ITT,12570.0,2019-03-05,252.0,-0.4798%,0.0007,1.3579,0.657,0.5791,1.2932%,1.8700%,52.1793%,0.000767,ITT,12570.0,2019-03-06,252.0,-1.3258%,0.0007,1.3512,0.6498,0.5707,1.2925%,1.8672%,52.0819%,0.006105,ITT,12570.0,2019-03-07,252.0,-0.7852%,0.0007,1.3458,0.6322,0.5584,1.2901%,1.8621%,52.0005%,0.005476,ITT,12570.0,2019-03-08,252.0,0.1882%,0.0007,1.345,0.6338,0.5571,1.2904%,1.8621%,51.9764%,0.0053859999999999,ITT,0.037302,0.045594,0.038459,0.039979,0.061016
14011,I T T INC,ITT Reports Purchase Of Rheinhutte Pumpen Group For $91.5M In Cash,6,increase,0.7,0.6,"the acquisition of rheinhutte pumpen group for $91.5m in cash suggests strategic growth and expansion for itt inc, which is likely to be viewed positively by investors.",2,2019-02-22,ITT,2019-02-22 11:45:00+00:00,12570.0,45073V10,0.04045420140028,1233866.0,-0.0008526472956873,-0.0049434811808168,0.0,0.0112480111420154,-0.0052910288795828,0.0023263646289706,-0.0089224511757493,0.0195219796150922,0.0143698379397392,-0.001457424252294,-0.0039255768060684,0.0106793958693742,-0.0047977855429053,0.0179944317787885,-0.0132575836032629,0.003574090078473,-0.0078520458191633,0.0068181934766471,0.0018817988457158,-0.0224032420665025,0.0175994373857975,0.0133208082988858,-0.0032860364299267,0.0041446383111178,0.0026027711573988,0.0047321594320237,-0.0122879734262824,0.0051369946449995,0.0092868190258741,0.0074756224639713,0.020833346992731,0.0132063794881105,0.0034013735130429,0.0058605792000889,-0.0176271349191665,-0.0113943638280034,0.0122498115524649,0.0180888343602418,-0.0439747422933578,0.002760240342468,-0.0005348329432308,-0.0176254082471132,0.0142704108729958,-0.029693629592657,0.0017586786998435,0.0177888348698616,0.0145716611295938,0.0216924101114273,0.0036338306963443,0.0092701660469174,0.0274137966334819,0.0035629514604806,-0.0043631200678646,-0.0043358537368476,0.0126411588862538,-0.0031434153206646,0.0028295300435274,0.008120416663587,0.0058091031387448,0.0098000336438417,0.0112211275845766,0.0201999936252832,-0.0174608305096626,0.0032753297127783,-0.0009964717319235,0.0378159917891025,0.0177888553589582,-0.0348575115203857,0.0213981959968805,0.0103584006428718,-0.0105549311265349,0.0246232189238071,0.006626795977354,-0.0102940732613205,0.0041747293435037,0.0,0.0009593469440005,0.0510045811533927,-0.0030351218301802,-0.0353567600250244,-0.0008011414320208,-0.0175769012421369,-0.0041693733073771,-0.0004183320852462,-0.0235104523599147,-0.0310092978179454,0.0064313882030546,0.0081733046099543,0.0014746871311217,-0.0109135191887617,-0.0093259112909436,-0.0104000093415379,-0.0069363862276077,-0.0085266763344407,-0.0096457982435822,0.0112292235717177,0.0612930580973625,-0.0039944229647517,-0.0219936612993478,-0.010278720408678,-0.0021032367367297,-0.0280499346554279,-0.0058365855365991,-0.0092272441834211,-0.0091324429959058,-0.0631448403000831,0.0055957892909646,0.0138863921165466,-0.0302782077342271,0.0174312070012092,0.0113079855218529,-0.0137531366199255,0.0068425177596509,0.0195571500808,0.0130945974960923,-0.0073259654454886,-0.0201243385672569,0.0094286985695362,-0.0130238570272922,-0.0084326136857271,-0.0008526472956873,-0.0049434811808168,-0.0008526472956873,0.0062489256297963,-0.0061391647938046,0.0085898275383211,-0.0008526474843111,0.0267808581135871,-0.0285300090564676,0.0435105062784195,0.0360978559010634,0.1272000122526557,0.0106228789604776,0.035840460022102,2019-02-25,2019-02-26,2019-02-27,2019-02-28,2019-03-01,2019-03-04,2019-03-05,2019-03-06,2019-03-07,2019-03-08,12570.0,2019-02-22,252.0,4.0454%,0.0005,1.3626,0.6618,0.5973,1.3039%,1.8918%,52.4946%,0.037503,ITT,12570.0,2019-02-25,252.0,-0.0853%,0.0005,1.3627,0.6622,0.5979,1.3039%,1.8918%,52.4953%,-0.000201,ITT,12570.0,2019-02-26,252.0,0.0000%,0.0006,1.3701,0.6443,0.5944,1.3013%,1.8917%,52.6781%,0.008292,ITT,12570.0,2019-02-27,252.0,-0.5291%,0.0006,1.3703,0.6416,0.5944,1.3022%,1.8908%,52.5695%,-0.007135,ITT,12570.0,2019-02-28,252.0,-0.8922%,0.0006,1.3699,0.6412,0.595,1.3024%,1.8875%,52.3870%,-0.003417,ITT,12570.0,2019-03-01,252.0,1.4370%,0.0007,1.3587,0.6245,0.5756,1.2965%,1.8727%,52.0704%,0.004937,ITT,12570.0,2019-03-04,252.0,-0.3926%,0.0007,1.355,0.6344,0.5771,1.2958%,1.8697%,51.9711%,0.003303,ITT,12570.0,2019-03-05,252.0,-0.4798%,0.0007,1.3579,0.657,0.5791,1.2932%,1.8700%,52.1793%,0.000767,ITT,12570.0,2019-03-06,252.0,-1.3258%,0.0007,1.3512,0.6498,0.5707,1.2925%,1.8672%,52.0819%,0.006105,ITT,12570.0,2019-03-07,252.0,-0.7852%,0.0007,1.3458,0.6322,0.5584,1.2901%,1.8621%,52.0005%,0.005476,ITT,12570.0,2019-03-08,252.0,0.1882%,0.0007,1.345,0.6338,0.5571,1.2904%,1.8621%,51.9764%,0.0053859999999999,ITT,0.037302,0.045594,0.038459,0.039979,0.061016
14019,NORDSTROM INC,Deutsche Bank Downgrades Nordstrom to Hold,6,decrease,0.8,0.6,"a downgrade from a major financial institution like deutsche bank typically signals reduced confidence in the company's future performance, which can lead to a decrease in stock price.",0,2019-02-22,JWN,2019-02-22 12:29:00+00:00,57817.0,65566410,-0.010114649310708,3661015.0,0.0174841154366731,-0.0113332960754632,0.0174068007618188,-0.0055248620919883,0.0366307981312274,0.0182268545031547,0.000423200574005,0.0123006170615553,-0.010575296357274,-0.0159156937152147,-0.0280033685266971,-0.0249180197715759,-0.0030789396259933,0.0085978703573346,-0.0134568847715854,-0.0024191909469664,0.0006708134897053,-0.0202542264014482,-0.0111731607466936,0.0065061640925705,0.0102552585303783,-0.0109394751489162,0.002255774103105,0.0174596086144447,0.0009003131999634,0.0108095705509185,-0.0002249187236884,-0.0232708044350147,-0.016194274649024,0.0226971954107284,0.0102879954501986,-0.0117595195770263,0.0083729978650808,-0.0030395830981433,-0.0249102469533681,-0.0216652601957321,0.0071345809847116,0.0077054924331605,-0.0189670491963625,0.0019300911808386,0.0142091922461986,-0.0093477508053183,0.0043637719936668,-0.0094697130843997,0.0210382342338562,0.035745408385992,-0.0073908581398427,0.0193290989845991,0.0013538216007873,-0.0476089715957641,0.0117170000448823,-0.00042302152724,-0.0213809106498956,-0.0021106435451656,0.0097860787063837,0.0016913706203922,0.026594553142786,-0.0403733327984809,0.0019758541602641,0.005507965106517,-0.0124890385195612,0.0178571548312902,-0.0199689716100692,0.0253352914005518,0.0174326580017805,-0.000638271914795,-0.0240319985896349,-0.0101095102727413,-0.0006839666748419,0.018665499985218,-0.0132329864427447,0.0121607249602675,0.0050867334939539,-0.0130733093246817,0.0082815876230597,-0.0019251370104029,0.0006844348390586,0.0579316914081573,-0.0389876663684845,-0.0029332370031625,-0.0087782377377152,-0.0392369665205478,0.0052657066844403,-0.0143162002786994,-0.0226190648972988,-0.0312565118074417,0.0082825860008597,0.0136383026838302,-0.0137714352458715,-0.019543319940567,0.0048995777033269,-0.0073514520190656,-0.016333544626832,-0.0239186156541109,0.0029740459285676,0.0230423584580421,-0.0044477465562522,0.0,0.00819056853652,-0.0064829760231077,-0.0307730194181203,-0.02623787894845,0.0142240636050701,-0.0025580690708011,-0.0032557242084294,-0.0438382253050804,-0.010804028250277,0.0052960580214858,-0.0449581034481525,0.0108986562117934,0.0119681060314178,-0.0400146916508674,-0.0162943210452795,0.028118472546339,-0.0133582688868045,0.0133868949487805,0.0043325168080627,0.0145518044009804,0.0099757062271237,-0.0080260057002305,0.0174841154366731,-0.0113332960754632,0.0351952587123949,-0.0167955432695869,0.0731152872606923,0.0011251813100916,0.0622161153810594,-0.0026899560938686,0.0047683939487106,-0.0351333539425773,0.0450689985527923,-0.0924112354202997,-0.1422374168524268,-0.1437150950750151,2019-02-25,2019-02-26,2019-02-27,2019-02-28,2019-03-01,2019-03-04,2019-03-05,2019-03-06,2019-03-07,2019-03-08,57817.0,2019-02-22,252.0,-1.0115%,-0.0002,0.8635,0.6179,0.497,2.2467%,2.4134%,13.3394%,-0.012214,JWN,57817.0,2019-02-25,252.0,1.7484%,-0.0001,0.8641,0.6092,0.4947,2.2495%,2.4158%,13.2948%,0.01859,JWN,57817.0,2019-02-26,252.0,1.7407%,-0.0003,0.8257,0.6125,0.4676,2.2272%,2.3826%,12.6172%,0.024221,JWN,57817.0,2019-02-27,252.0,3.6631%,-0.0,0.8386,0.5999,0.4699,2.2316%,2.3900%,12.8127%,0.035185,JWN,57817.0,2019-02-28,252.0,0.0423%,0.0,0.8299,0.594,0.4626,2.2298%,2.3843%,12.5369%,0.003978,JWN,57817.0,2019-03-01,252.0,-1.0575%,-0.0001,0.8377,0.6056,0.4823,2.2291%,2.3850%,12.6421%,-0.016513,JWN,57817.0,2019-03-04,252.0,-2.8003%,-0.0001,0.8347,0.6361,0.4783,2.2325%,2.3894%,12.6968%,-0.0231959999999999,JWN,57817.0,2019-03-05,252.0,-0.3079%,-0.0003,0.8238,0.5518,0.4699,2.2121%,2.3610%,12.2182%,0.00137,JWN,57817.0,2019-03-06,252.0,-1.3457%,-0.0002,0.8391,0.5375,0.4853,2.2045%,2.3587%,12.6505%,0.000137,JWN,57817.0,2019-03-07,252.0,0.0671%,-0.0002,0.8336,0.5296,0.4758,2.2051%,2.3576%,12.5135%,0.009439,JWN,57817.0,2019-03-08,252.0,-1.1173%,-0.0001,0.8328,0.5625,0.4727,2.1977%,2.3523%,12.7142%,-0.0088849999999999,JWN,0.0063759999999999,0.030597,0.065782,0.053247,0.032112
14027,KELLOGG CO,"'Kraft Heinz $KHC just cut its dividend by 36%. @KelloggCompany $K will meet the same fate, or lose its investment grade credit rating. Our $K thesis has already begun to unfold; it's just a matter of time...' -Tweet From Prescience Point",6,decrease,0.8,0.7,"the tweet suggests that kellogg co may face a significant dividend cut or a downgrade in its credit rating, which typically leads to a decrease in stock price due to negative investor sentiment.",0,2019-02-22,K,2019-02-22 17:55:00+00:00,26825.0,48783610,-0.0274301767349243,5550768.0,-0.0188612677156925,-0.0020530184265226,0.0046711880713701,0.017938045784831,-0.0028612276073545,0.0110934535041451,0.0089670019224286,0.0037115425802767,0.0103093115612864,-0.0066713001579046,-0.0293807089328765,0.0076065859757363,0.0029298635199666,0.0154481884092092,-0.0054774372838437,0.005599666852504,-0.0031210202723741,-0.0085959807038307,0.0047882529906928,-0.0561189949512481,-0.0075146597810089,0.0003381883434485,0.0001846412051236,0.0037338973488658,-0.0101550817489624,0.0037478262092918,0.0037306614685803,-0.005253305658698,0.008548580110073,0.0204045735299587,0.0,-0.0068692723289132,0.0025796827394515,0.0018926464254036,-0.005513678304851,0.005884391721338,0.0437996461987495,0.002081146929413,0.0046034371480345,-0.0248604975640773,-0.0012337593361735,0.0073253884911537,0.0158814452588558,-0.0122833512723445,-0.0109432181343436,0.0025303901638835,0.000526915944647,0.0027063575107604,0.0071967672556638,-0.0032035480253398,-0.023701649159193,0.0131534067913889,0.0058907177299261,-0.0006828425102867,0.005501355510205,0.004975140094757,-0.00370630226098,0.0058671291917562,0.0062001501210033,0.0010364721529185,0.0123239569365978,0.0055584451183676,-0.0059130461886525,0.0047120498493313,0.0068229422904551,0.0098695373162627,-0.0034752523060888,0.001765577122569,0.0038361155893653,-0.0064900708384811,0.0135487020015716,-0.0041921688243746,0.0006855341489426,0.0019251069752499,-0.005137852858752,-0.0001750155061017,0.006197290495038,0.0238266177475452,-0.0015397801762446,-0.0315752886235714,0.0011994463857263,0.0055826883763074,0.002396018942818,-0.0233429707586765,-0.0107563780620694,-0.0027187741361558,0.0251985322684049,-0.0064156856387853,0.0040403679013252,-0.0187210254371166,0.0110663957893848,-0.0113021889701485,-0.0150912078097462,0.0008196596172638,-0.0338440537452697,0.0021357166115194,-0.015859181061387,0.0094527313485741,0.0164689272642135,-0.008875754661858,-0.0043554008007049,-0.0070181214250624,0.0017497545341029,-0.0076125883497297,0.0094323307275772,-0.0218630749732255,0.0147084007039666,-0.0083268275484442,-0.0146657675504684,0.015177889727056,-0.0105572966858744,0.0103834113106131,0.0034983516670763,0.0056224656291306,0.0005229666130617,0.0121951214969158,-0.0066202273592352,-0.0038872961886227,-0.0101719014346599,-0.0024236179888248,-0.0188612677156925,-0.0020530184265226,-0.0142781841730869,0.0158482002197763,-0.0170985586457025,0.027117464996184,0.0019390206254275,0.0240520140309226,-0.0283890504486632,-0.0140297181785188,0.0115010938610073,0.0076006614206078,0.0050901625848118,-0.0492293375151182,2019-02-25,2019-02-26,2019-02-27,2019-02-28,2019-03-01,2019-03-04,2019-03-05,2019-03-06,2019-03-07,2019-03-08,26825.0,2019-02-22,252.0,-2.7430%,-0.0005,0.3968,-0.3096,0.1527,1.3576%,1.4227%,8.9398%,-0.026791,K,26825.0,2019-02-25,252.0,-1.8861%,-0.0006,0.397,-0.2998,0.1584,1.3632%,1.4274%,8.7967%,-0.020087,K,26825.0,2019-02-26,252.0,0.4671%,-0.0006,0.3975,-0.3064,0.1554,1.3634%,1.4275%,8.7796%,0.00381,K,26825.0,2019-02-27,252.0,-0.2861%,-0.0006,0.3972,-0.3065,0.1553,1.3634%,1.4269%,8.7047%,-0.00255,K,26825.0,2019-02-28,252.0,0.8967%,-0.0005,0.3833,-0.3156,0.1426,1.3583%,1.4188%,8.3490%,0.010548,K,26825.0,2019-03-01,252.0,1.0309%,-0.0004,0.3791,-0.3218,0.1318,1.3581%,1.4179%,8.2606%,0.008945,K,26825.0,2019-03-04,252.0,-2.9381%,-0.0006,0.3915,-0.3369,0.1227,1.3649%,1.4279%,8.6292%,-0.029301,K,26825.0,2019-03-05,252.0,0.2930%,-0.0007,0.386,-0.3778,0.1175,1.3578%,1.4224%,8.8684%,0.002756,K,26825.0,2019-03-06,252.0,-0.5477%,-0.0008,0.3794,-0.3565,0.113,1.3540%,1.4152%,8.4612%,-0.0071319999999999,K,26825.0,2019-03-07,252.0,-0.3121%,-0.0008,0.3761,-0.371,0.1046,1.3519%,1.4136%,8.5337%,2.3e-05,K,26825.0,2019-03-08,252.0,0.4788%,-0.0008,0.3749,-0.3657,0.1023,1.3523%,1.4132%,8.4329%,0.005889,K,-0.046878,-0.043068,-0.045618,-0.026125,-0.05389
14035,KEYSIGHT TECHNOLOGIES INC,Keysight Technologies shares are trading higher after the company reported better than expected Q1 EPS and sales results and issued strong Q2 guidance.,6,increase,0.85,0.7,"the positive earnings report and strong guidance typically lead to increased investor confidence, driving the stock price higher.",2,2019-02-22,KEYS,2019-02-22 13:54:00+00:00,14939.0,49338L10,0.008685003966093,4069922.0,0.007518830243498,0.0082634203135967,0.0187770519405603,0.0052070189267396,0.0021266576368361,0.0034835333935916,-0.0048337187618017,0.017210841178894,0.0176519118249416,0.0015208505792543,-0.0077997455373406,0.0074055390432477,0.0003519743913784,0.0039738179184496,-0.0001173133496195,0.0149622885510325,-0.0078592160716652,0.0073394174687564,-0.0069756912998855,-0.0097339386120438,0.0120252668857574,0.0186409801244735,-0.0012941248714923,0.0033160897437483,-0.0080103697255253,0.002793283900246,0.013300116173923,0.0156714897602796,0.007617502938956,0.0098225586116313,-0.0027914105448871,0.0230286326259374,0.0064147780649363,-0.0088532213121652,0.0008112144423648,0.0171661917120218,0.0135479178279638,0.005944772157818,-0.0316462554037571,0.0448092073202133,0.0002359207428526,-0.0026548716705292,0.0068412576802074,-0.0255820453166961,-0.0004686142783612,0.0052008177153766,0.013947520405054,0.0024619575124233,0.0079758968204259,0.0078820744529366,0.0222477354109287,0.0178280286490917,0.0016827633371576,0.0010410425020381,0.0078395893797278,-0.0002974170784,-0.0113345561549067,0.0028328977059572,0.0052826930768787,0.0216298270970583,0.0045840344391763,0.0179873425513505,0.0030050559435039,0.0410007610917091,0.0055481577292084,0.062242817133665,0.0082763181999325,-0.0504721365869045,0.0051438501104712,-0.0106315016746521,-0.0015243836678564,0.0324297472834587,-0.0128680514171719,0.0114381881430745,-0.0245248973369598,0.012776831164956,0.017440466210246,0.0474660918116569,0.0083481753244996,-0.0190792959183454,0.0185450967401266,-0.0245859418064355,0.0056356810964643,-0.0249708667397499,-0.0544239990413188,-0.0107049001380801,-0.0211990047246217,0.0136894769966602,0.0098976027220487,-0.0258578639477491,0.0034589578863233,0.0143517442047596,-0.0134436190128326,-0.0008241179748438,0.0173538066446781,0.0191499982029199,0.0095020243898034,-0.0013420874020084,-0.0004536279884632,0.0158486757427454,-0.0195144228637218,-0.0334376357495784,0.0038185818120837,-0.0044276886619627,-0.0051872846670448,-0.0229129996150732,-0.0054461322724819,0.009543839842081,-0.0373995006084442,0.0048764506354928,0.0141611974686384,0.0003252106835134,0.0073994835838675,0.0353535078465938,0.0092405965551733,0.0148642193526029,-0.0390891171991825,0.034464418888092,-0.0891766771674156,-0.013082155957818,0.007518830243498,0.0082634203135967,0.0264370636500728,0.0135134670263088,0.0286199438702159,0.0170440750335498,0.0417172265430796,0.0361216523999772,0.0185544362648353,0.0609993080453816,0.0846471437834668,0.2452398795600574,-0.0958040458161887,0.4259549475705202,2019-02-25,2019-02-26,2019-02-27,2019-02-28,2019-03-01,2019-03-04,2019-03-05,2019-03-06,2019-03-07,2019-03-08,14939.0,2019-02-22,252.0,0.8685%,0.002,1.0652,0.4112,-0.4063,1.3008%,1.8339%,49.6904%,-0.0067779999999999,KEYS,14939.0,2019-02-25,252.0,0.7519%,0.002,1.0647,0.4087,-0.4094,1.3008%,1.8341%,49.7006%,0.006159,KEYS,14939.0,2019-02-26,252.0,1.8777%,0.0021,1.0617,0.3843,-0.424,1.3065%,1.8350%,49.3078%,0.0216449999999999,KEYS,14939.0,2019-02-27,252.0,0.2127%,0.002,1.0531,0.3989,-0.4254,1.3009%,1.8259%,49.2339%,-0.000168,KEYS,14939.0,2019-02-28,252.0,-0.4834%,0.002,1.057,0.4013,-0.4215,1.3009%,1.8255%,49.2216%,-0.002812,KEYS,14939.0,2019-03-01,252.0,1.7652%,0.002,1.0588,0.404,-0.4211,1.3012%,1.8266%,49.2532%,0.007102,KEYS,14939.0,2019-03-04,252.0,-0.7800%,0.002,1.0576,0.4089,-0.421,1.3011%,1.8263%,49.2434%,0.000874,KEYS,14939.0,2019-03-05,252.0,0.0352%,0.0018,1.0474,0.3298,-0.4284,1.2694%,1.7886%,49.6256%,0.002317,KEYS,14939.0,2019-03-06,252.0,-0.0117%,0.0018,1.0365,0.3125,-0.4431,1.2691%,1.7840%,49.3969%,0.012918,KEYS,14939.0,2019-03-07,252.0,-0.7859%,0.0017,1.0296,0.2738,-0.4632,1.2522%,1.7692%,49.9088%,-0.000694,KEYS,14939.0,2019-03-08,252.0,-0.6976%,0.0017,1.0303,0.2795,-0.4624,1.2526%,1.7701%,49.9260%,-0.005725,KEYS,-0.0006189999999999,0.021026,0.0208579999999999,0.025148,0.034838
14043,COCA COLA CO,"Coca-Cola Shares Volatile Following Release Of Slide Show Presentation For CAGNY Conference; Said Co. 'Committed to Margin Expansion but Due to Recent Acquisitions, the Previous 2020 Guidance of 34%+ Is No Longer the Right Reference Point, Is Withdrawn'",6,decrease,0.7,0.6,"the withdrawal of previous guidance and the acknowledgment of challenges in margin expansion due to recent acquisitions may lead to investor concerns, negatively impacting the stock price.",0,2019-02-22,KO,2019-02-22 15:28:00+00:00,11308.0,19121610,-0.0126472264528274,24728388.0,-0.0075088376179337,0.0168514885008335,-0.0055629732087254,0.0060226772911846,0.0055940928868949,-0.009062772616744,0.0089007904753088,-0.0076770884916186,0.0008822433883324,-0.0843543037772178,0.0059497677721083,0.0026178224943578,-0.0010953571181744,0.0010078459745272,-0.0032894236501306,0.002222234616056,-0.0037404175382107,0.0016188148874789,-0.0097172847017645,0.0032480685040354,0.0298840347677469,0.0,-0.0028150945436209,0.0002030116011155,0.0036916825920343,0.0112936189398169,-0.0025962884537875,0.0118429185822606,-0.0087527688592672,0.0056414636783301,0.0024282694794237,0.0097046215087175,0.0033032707870006,0.0048760520294308,-0.0006585292867384,-0.0042220978066325,-0.0004392808768898,-0.0067099956795573,0.0092287845909595,-0.0120157822966575,0.0021771930623799,0.0115255499258637,0.0132522406056523,0.00231045181863,-0.000643198553007,0.0116871912032365,-0.0006436125258915,0.0029838706832379,0.0060111372731626,-0.0136641059070825,-0.0029876097105443,0.0089077018201351,-0.0032106491271406,-0.0040134903974831,-0.0083744768053293,0.005736147519201,0.0064963023178279,0.0107365259900689,-0.0002151101944036,-0.0191659610718488,0.0017214980907738,0.0112885786220431,0.0025778503622859,-0.0130334021523594,-0.0006427851039916,0.0199399720877409,0.0015008511254563,-0.0061794356442987,0.0006423162994906,-0.0088700773194432,0.0055626509711146,0.0031779175624251,-0.0010638135718181,-0.0069429418072104,0.0070287114940583,0.0125692412257194,0.0042301346547901,0.0213228799402713,-0.0016848782543092,-0.0338448733091354,0.0170885547995567,0.0006310218595899,-0.0047707851044833,-0.0075156702660024,-0.00291786971502,-0.0086920149624347,0.0087792258709669,-0.0002069550100713,0.0033153719268739,-0.0204701721668243,0.0132177453488111,-0.0026278768200427,-0.0095801306888461,0.005079235881567,-0.0041160890832543,-0.0064594205468893,0.0068196286447346,0.0060925921425223,-0.0051313629373908,0.0030556432902812,-0.0096967443823814,-0.0058728414587676,-0.0031250317115336,-0.0040338998660445,-0.0094043249264359,-0.0022136606276035,0.016666604205966,-0.0140873584896326,-0.0029051543679088,0.0289914663881063,0.0133194467052817,-0.0068396613933146,0.0100637031719088,0.0068867765367031,0.0081334188580513,0.0102312257513403,-0.0076644020155072,-0.0030600065365433,-0.0071138674393296,0.0059511782601475,-0.0075088376179337,0.0168514885008335,-0.0130300393641619,0.0229756568691348,-0.0075088377277899,0.0137046610984654,0.0022085306212553,-0.0789315196808525,-0.0097172850477973,-0.0690214770140407,0.0352637371930826,-0.0341196085296643,0.0882855739492973,-0.0514024577348039,2019-02-25,2019-02-26,2019-02-27,2019-02-28,2019-03-01,2019-03-04,2019-03-05,2019-03-06,2019-03-07,2019-03-08,11308.0,2019-02-22,252.0,-1.2647%,0.0003,0.3964,-0.4986,0.129,0.9279%,1.0414%,20.6243%,-0.010961,KO,11308.0,2019-02-25,252.0,-0.7509%,0.0003,0.3969,-0.4933,0.1339,0.9294%,1.0424%,20.5010%,-0.009267,KO,11308.0,2019-02-26,252.0,-0.5563%,0.0002,0.3963,-0.4815,0.1394,0.9304%,1.0404%,20.0240%,-0.007743,KO,11308.0,2019-02-27,252.0,0.5594%,0.0003,0.3997,-0.4858,0.14,0.9300%,1.0409%,20.1766%,0.00622,KO,11308.0,2019-02-28,252.0,0.8901%,0.0004,0.3946,-0.489,0.1339,0.9315%,1.0406%,19.8626%,0.010487,KO,11308.0,2019-03-01,252.0,0.0882%,0.0004,0.3903,-0.4953,0.1274,0.9305%,1.0388%,19.7708%,-9.5e-05,KO,11308.0,2019-03-04,252.0,0.5950%,0.0003,0.3963,-0.5198,0.1269,0.9267%,1.0391%,20.4559%,0.005411,KO,11308.0,2019-03-05,252.0,-0.1095%,0.0003,0.3943,-0.5365,0.1263,0.9245%,1.0383%,20.7217%,-0.001818,KO,11308.0,2019-03-06,252.0,-0.3289%,0.0003,0.3989,-0.5231,0.1333,0.9254%,1.0383%,20.5724%,-0.0068769999999999,KO,11308.0,2019-03-07,252.0,-0.3740%,0.0003,0.3986,-0.5259,0.1321,0.9253%,1.0386%,20.6418%,-0.000486,KO,11308.0,2019-03-08,252.0,-0.9717%,0.0002,0.3999,-0.5279,0.1343,0.9268%,1.0404%,20.6453%,-0.008443,KO,-0.020228,-0.027971,-0.021751,-0.011359,-0.023572
14051,KARYOPHARM THERAPEUTICS INC,Karyopharm Therapeutics Option Alert: Mar 15 $10 Calls Sweep (38) near the Bid: 1018 @ $0.253 vs 3696 OI; Earnings 3/14 Before Open [est] Ref=$5.285,6,uncertain,0.6,0.3,"the option alert indicates interest in call options, suggesting potential bullish sentiment, but the upcoming earnings report adds uncertainty to the stock's immediate direction.",1,2019-02-22,KPTI,2019-02-22 20:19:00+00:00,14316.0,48576U10,-0.4347825944423676,16560627.0,-0.0019724315498024,-0.0385851711034774,-0.0375494174659252,0.0174481831490993,-0.0965091958642005,-0.0043431012891232,-0.0613636299967765,0.0454029068350791,0.0121064679697156,-0.0382095463573932,0.0741626694798469,0.0456620566546917,-0.040089052170515,0.0162413399666547,-0.0162413399666547,-0.0204545799642801,-0.023584883660078,-0.0145576829090714,0.0193236544728279,-0.0088790142908692,-0.0236966609954834,0.0078300507739186,0.0825243145227432,-0.0055617564357817,-0.0089686010032892,0.0502335652709007,-0.0045248824171721,0.0106257554143667,0.0704545304179191,-0.010514035820961,0.1273885071277618,0.0388350300490856,0.0075329495593905,-0.0119904531165957,0.0093458304181694,-0.0825082510709762,0.0777777880430221,0.0088790142908692,-0.0652921125292778,0.0078300507739186,0.0110294008627533,-0.0240174960345029,0.0018182233907282,-0.0709939002990722,0.0217785630375146,0.0154479527845978,0.0124333379790186,-0.0132113937288522,0.0245614647865295,-0.0090634590014815,-0.0530821792781353,0.0247678775340318,0.0090415393933653,-0.0396432690322399,0.0125448340550065,-0.0078662661835551,0.0194690506905317,-0.0058650504797697,-0.0347222723066806,-0.0019512642174959,-0.0197841972112655,0.0019550791475921,-0.0605504475533962,0.0168985202908515,0.0410156324505806,0.0770878195762634,-0.0075046834535896,-0.0230125784873962,-0.0283554065972566,0.020277539268136,0.0,0.0262869410216808,-0.0058365240693092,-0.0119047248736023,-0.0567514598369598,0.0076335542835295,-0.0394190959632396,0.1074879691004753,0.0475161522626876,0.0097560882568359,0.0268041472882032,-0.0755355209112167,-0.0240963622927665,-0.0033707567490637,-0.0123456669971346,-0.0283843055367469,0.0104166064411401,-0.0368034057319164,0.0020619030110538,-0.0114344758912921,-0.0390946604311466,-0.0193680450320243,0.0064239255152642,-0.061243962496519,0.025531992316246,0.014563069678843,-0.0020747361704707,0.0198019612580537,0.0207900013774633,0.0089910244569182,-0.034623235464096,-0.0176643133163452,-0.0063290577381849,-0.0350379571318626,-0.0169851221144199,-0.036496315151453,0.0,0.0538461953401565,-0.0669546276330947,0.0878660231828689,0.0740740001201629,-0.0860420316457748,0.0323276072740554,0.032576497644186,-0.0208768062293529,-0.0559179373085498,-0.0106610218062996,0.0209323801100254,0.1077586263418198,0.0105769820511341,-0.0019724315498024,-0.0385851711034774,-0.0394477853600411,-0.0218102290866308,-0.1321499071805205,-0.0260586063416919,-0.175542462892843,-0.0207423121784171,-0.1676529242628004,-0.0044395051353861,0.0966468984432165,-0.1248780273690645,0.0138066490110428,-0.1374999485864854,2019-02-25,2019-02-26,2019-02-27,2019-02-28,2019-03-01,2019-03-04,2019-03-05,2019-03-06,2019-03-07,2019-03-08,14316.0,2019-02-22,252.0,-43.4783%,-0.0034,2.1246,1.6136,0.3912,4.1566%,4.7701%,24.0678%,-0.462282,KPTI,14316.0,2019-02-25,252.0,-0.1972%,-0.0034,2.1234,1.6109,0.3853,4.1562%,4.7696%,24.0678%,-0.0003599999999999,KPTI,14316.0,2019-02-26,252.0,-3.7549%,-0.0034,2.1303,1.6311,0.4007,4.1578%,4.7727%,24.1089%,-0.022671,KPTI,14316.0,2019-02-27,252.0,-9.6509%,-0.0038,2.133,1.5975,0.4008,4.2025%,4.8088%,23.6268%,-0.101145,KPTI,14316.0,2019-02-28,252.0,-6.1364%,-0.0041,2.1646,1.6174,0.4355,4.2069%,4.8222%,23.8912%,-0.054169,KPTI,14316.0,2019-03-01,252.0,1.2106%,-0.0042,2.1789,1.6387,0.4587,4.2041%,4.8230%,24.0157%,-0.0065169999999999,KPTI,14316.0,2019-03-04,252.0,7.4163%,-0.0041,2.1956,1.4981,0.4737,4.2286%,4.8377%,23.5974%,0.090168,KPTI,14316.0,2019-03-05,252.0,-4.0089%,-0.004,2.2084,1.5802,0.4927,4.2253%,4.8430%,23.8832%,-0.030665,KPTI,14316.0,2019-03-06,252.0,-1.6241%,-0.0041,2.1743,1.5469,0.4496,4.2193%,4.8278%,23.6210%,0.021932,KPTI,14316.0,2019-03-07,252.0,-2.3585%,-0.0041,2.1767,1.5609,0.4568,4.2186%,4.8292%,23.6881%,-0.00328,KPTI,14316.0,2019-03-08,252.0,1.9324%,-0.0039,2.1714,1.5859,0.447,4.2200%,4.8310%,23.6949%,0.024019,KPTI,-0.462642,-0.485313,-0.586458,-0.647144,-0.5449700000000001
14059,KARYOPHARM THERAPEUTICS INC,Karyopharm Shares Nosedive On Tough FDA Briefing For Multiple Myeloma Drug,6,decrease,0.9,0.8,"the news indicates a tough fda briefing for a key drug, which typically leads to negative investor sentiment and a decline in stock price.",0,2019-02-22,KPTI,2019-02-22 20:15:00+00:00,14316.0,48576U10,-0.4347825944423676,16560627.0,-0.0019724315498024,-0.0385851711034774,-0.0375494174659252,0.0174481831490993,-0.0965091958642005,-0.0043431012891232,-0.0613636299967765,0.0454029068350791,0.0121064679697156,-0.0382095463573932,0.0741626694798469,0.0456620566546917,-0.040089052170515,0.0162413399666547,-0.0162413399666547,-0.0204545799642801,-0.023584883660078,-0.0145576829090714,0.0193236544728279,-0.0088790142908692,-0.0236966609954834,0.0078300507739186,0.0825243145227432,-0.0055617564357817,-0.0089686010032892,0.0502335652709007,-0.0045248824171721,0.0106257554143667,0.0704545304179191,-0.010514035820961,0.1273885071277618,0.0388350300490856,0.0075329495593905,-0.0119904531165957,0.0093458304181694,-0.0825082510709762,0.0777777880430221,0.0088790142908692,-0.0652921125292778,0.0078300507739186,0.0110294008627533,-0.0240174960345029,0.0018182233907282,-0.0709939002990722,0.0217785630375146,0.0154479527845978,0.0124333379790186,-0.0132113937288522,0.0245614647865295,-0.0090634590014815,-0.0530821792781353,0.0247678775340318,0.0090415393933653,-0.0396432690322399,0.0125448340550065,-0.0078662661835551,0.0194690506905317,-0.0058650504797697,-0.0347222723066806,-0.0019512642174959,-0.0197841972112655,0.0019550791475921,-0.0605504475533962,0.0168985202908515,0.0410156324505806,0.0770878195762634,-0.0075046834535896,-0.0230125784873962,-0.0283554065972566,0.020277539268136,0.0,0.0262869410216808,-0.0058365240693092,-0.0119047248736023,-0.0567514598369598,0.0076335542835295,-0.0394190959632396,0.1074879691004753,0.0475161522626876,0.0097560882568359,0.0268041472882032,-0.0755355209112167,-0.0240963622927665,-0.0033707567490637,-0.0123456669971346,-0.0283843055367469,0.0104166064411401,-0.0368034057319164,0.0020619030110538,-0.0114344758912921,-0.0390946604311466,-0.0193680450320243,0.0064239255152642,-0.061243962496519,0.025531992316246,0.014563069678843,-0.0020747361704707,0.0198019612580537,0.0207900013774633,0.0089910244569182,-0.034623235464096,-0.0176643133163452,-0.0063290577381849,-0.0350379571318626,-0.0169851221144199,-0.036496315151453,0.0,0.0538461953401565,-0.0669546276330947,0.0878660231828689,0.0740740001201629,-0.0860420316457748,0.0323276072740554,0.032576497644186,-0.0208768062293529,-0.0559179373085498,-0.0106610218062996,0.0209323801100254,0.1077586263418198,0.0105769820511341,-0.0019724315498024,-0.0385851711034774,-0.0394477853600411,-0.0218102290866308,-0.1321499071805205,-0.0260586063416919,-0.175542462892843,-0.0207423121784171,-0.1676529242628004,-0.0044395051353861,0.0966468984432165,-0.1248780273690645,0.0138066490110428,-0.1374999485864854,2019-02-25,2019-02-26,2019-02-27,2019-02-28,2019-03-01,2019-03-04,2019-03-05,2019-03-06,2019-03-07,2019-03-08,14316.0,2019-02-22,252.0,-43.4783%,-0.0034,2.1246,1.6136,0.3912,4.1566%,4.7701%,24.0678%,-0.462282,KPTI,14316.0,2019-02-25,252.0,-0.1972%,-0.0034,2.1234,1.6109,0.3853,4.1562%,4.7696%,24.0678%,-0.0003599999999999,KPTI,14316.0,2019-02-26,252.0,-3.7549%,-0.0034,2.1303,1.6311,0.4007,4.1578%,4.7727%,24.1089%,-0.022671,KPTI,14316.0,2019-02-27,252.0,-9.6509%,-0.0038,2.133,1.5975,0.4008,4.2025%,4.8088%,23.6268%,-0.101145,KPTI,14316.0,2019-02-28,252.0,-6.1364%,-0.0041,2.1646,1.6174,0.4355,4.2069%,4.8222%,23.8912%,-0.054169,KPTI,14316.0,2019-03-01,252.0,1.2106%,-0.0042,2.1789,1.6387,0.4587,4.2041%,4.8230%,24.0157%,-0.0065169999999999,KPTI,14316.0,2019-03-04,252.0,7.4163%,-0.0041,2.1956,1.4981,0.4737,4.2286%,4.8377%,23.5974%,0.090168,KPTI,14316.0,2019-03-05,252.0,-4.0089%,-0.004,2.2084,1.5802,0.4927,4.2253%,4.8430%,23.8832%,-0.030665,KPTI,14316.0,2019-03-06,252.0,-1.6241%,-0.0041,2.1743,1.5469,0.4496,4.2193%,4.8278%,23.6210%,0.021932,KPTI,14316.0,2019-03-07,252.0,-2.3585%,-0.0041,2.1767,1.5609,0.4568,4.2186%,4.8292%,23.6881%,-0.00328,KPTI,14316.0,2019-03-08,252.0,1.9324%,-0.0039,2.1714,1.5859,0.447,4.2200%,4.8310%,23.6949%,0.024019,KPTI,-0.462642,-0.485313,-0.586458,-0.647144,-0.5449700000000001
14067,KARYOPHARM THERAPEUTICS INC,Karyopharm Therapeutics shares are trading lower after the FDA AdCom panel for Elinexor showed the FDA staff is unclear whether the treatment provides a clinically meaningful benefit which outweighs risks.,6,decrease,0.85,0.7,"the uncertainty expressed by the fda adcom panel regarding the clinical benefit of elinexor is likely to negatively impact investor confidence, leading to a decrease in karyopharm therapeutics' stock price.",0,2019-02-22,KPTI,2019-02-22 18:27:00+00:00,14316.0,48576U10,-0.4347825944423676,16560627.0,-0.0019724315498024,-0.0385851711034774,-0.0375494174659252,0.0174481831490993,-0.0965091958642005,-0.0043431012891232,-0.0613636299967765,0.0454029068350791,0.0121064679697156,-0.0382095463573932,0.0741626694798469,0.0456620566546917,-0.040089052170515,0.0162413399666547,-0.0162413399666547,-0.0204545799642801,-0.023584883660078,-0.0145576829090714,0.0193236544728279,-0.0088790142908692,-0.0236966609954834,0.0078300507739186,0.0825243145227432,-0.0055617564357817,-0.0089686010032892,0.0502335652709007,-0.0045248824171721,0.0106257554143667,0.0704545304179191,-0.010514035820961,0.1273885071277618,0.0388350300490856,0.0075329495593905,-0.0119904531165957,0.0093458304181694,-0.0825082510709762,0.0777777880430221,0.0088790142908692,-0.0652921125292778,0.0078300507739186,0.0110294008627533,-0.0240174960345029,0.0018182233907282,-0.0709939002990722,0.0217785630375146,0.0154479527845978,0.0124333379790186,-0.0132113937288522,0.0245614647865295,-0.0090634590014815,-0.0530821792781353,0.0247678775340318,0.0090415393933653,-0.0396432690322399,0.0125448340550065,-0.0078662661835551,0.0194690506905317,-0.0058650504797697,-0.0347222723066806,-0.0019512642174959,-0.0197841972112655,0.0019550791475921,-0.0605504475533962,0.0168985202908515,0.0410156324505806,0.0770878195762634,-0.0075046834535896,-0.0230125784873962,-0.0283554065972566,0.020277539268136,0.0,0.0262869410216808,-0.0058365240693092,-0.0119047248736023,-0.0567514598369598,0.0076335542835295,-0.0394190959632396,0.1074879691004753,0.0475161522626876,0.0097560882568359,0.0268041472882032,-0.0755355209112167,-0.0240963622927665,-0.0033707567490637,-0.0123456669971346,-0.0283843055367469,0.0104166064411401,-0.0368034057319164,0.0020619030110538,-0.0114344758912921,-0.0390946604311466,-0.0193680450320243,0.0064239255152642,-0.061243962496519,0.025531992316246,0.014563069678843,-0.0020747361704707,0.0198019612580537,0.0207900013774633,0.0089910244569182,-0.034623235464096,-0.0176643133163452,-0.0063290577381849,-0.0350379571318626,-0.0169851221144199,-0.036496315151453,0.0,0.0538461953401565,-0.0669546276330947,0.0878660231828689,0.0740740001201629,-0.0860420316457748,0.0323276072740554,0.032576497644186,-0.0208768062293529,-0.0559179373085498,-0.0106610218062996,0.0209323801100254,0.1077586263418198,0.0105769820511341,-0.0019724315498024,-0.0385851711034774,-0.0394477853600411,-0.0218102290866308,-0.1321499071805205,-0.0260586063416919,-0.175542462892843,-0.0207423121784171,-0.1676529242628004,-0.0044395051353861,0.0966468984432165,-0.1248780273690645,0.0138066490110428,-0.1374999485864854,2019-02-25,2019-02-26,2019-02-27,2019-02-28,2019-03-01,2019-03-04,2019-03-05,2019-03-06,2019-03-07,2019-03-08,14316.0,2019-02-22,252.0,-43.4783%,-0.0034,2.1246,1.6136,0.3912,4.1566%,4.7701%,24.0678%,-0.462282,KPTI,14316.0,2019-02-25,252.0,-0.1972%,-0.0034,2.1234,1.6109,0.3853,4.1562%,4.7696%,24.0678%,-0.0003599999999999,KPTI,14316.0,2019-02-26,252.0,-3.7549%,-0.0034,2.1303,1.6311,0.4007,4.1578%,4.7727%,24.1089%,-0.022671,KPTI,14316.0,2019-02-27,252.0,-9.6509%,-0.0038,2.133,1.5975,0.4008,4.2025%,4.8088%,23.6268%,-0.101145,KPTI,14316.0,2019-02-28,252.0,-6.1364%,-0.0041,2.1646,1.6174,0.4355,4.2069%,4.8222%,23.8912%,-0.054169,KPTI,14316.0,2019-03-01,252.0,1.2106%,-0.0042,2.1789,1.6387,0.4587,4.2041%,4.8230%,24.0157%,-0.0065169999999999,KPTI,14316.0,2019-03-04,252.0,7.4163%,-0.0041,2.1956,1.4981,0.4737,4.2286%,4.8377%,23.5974%,0.090168,KPTI,14316.0,2019-03-05,252.0,-4.0089%,-0.004,2.2084,1.5802,0.4927,4.2253%,4.8430%,23.8832%,-0.030665,KPTI,14316.0,2019-03-06,252.0,-1.6241%,-0.0041,2.1743,1.5469,0.4496,4.2193%,4.8278%,23.6210%,0.021932,KPTI,14316.0,2019-03-07,252.0,-2.3585%,-0.0041,2.1767,1.5609,0.4568,4.2186%,4.8292%,23.6881%,-0.00328,KPTI,14316.0,2019-03-08,252.0,1.9324%,-0.0039,2.1714,1.5859,0.447,4.2200%,4.8310%,23.6949%,0.024019,KPTI,-0.462642,-0.485313,-0.586458,-0.647144,-0.5449700000000001
14075,KARYOPHARM THERAPEUTICS INC,"Karyopharm Shares Resume Trade, Rebound From Lows, Down 37% For Session",6,decrease,0.8,0.6,"the news indicates a significant drop of 37% in karyopharm's stock price, suggesting a negative market reaction that is likely to continue influencing investor sentiment.",0,2019-02-22,KPTI,2019-02-22 17:57:00+00:00,14316.0,48576U10,-0.4347825944423676,16560627.0,-0.0019724315498024,-0.0385851711034774,-0.0375494174659252,0.0174481831490993,-0.0965091958642005,-0.0043431012891232,-0.0613636299967765,0.0454029068350791,0.0121064679697156,-0.0382095463573932,0.0741626694798469,0.0456620566546917,-0.040089052170515,0.0162413399666547,-0.0162413399666547,-0.0204545799642801,-0.023584883660078,-0.0145576829090714,0.0193236544728279,-0.0088790142908692,-0.0236966609954834,0.0078300507739186,0.0825243145227432,-0.0055617564357817,-0.0089686010032892,0.0502335652709007,-0.0045248824171721,0.0106257554143667,0.0704545304179191,-0.010514035820961,0.1273885071277618,0.0388350300490856,0.0075329495593905,-0.0119904531165957,0.0093458304181694,-0.0825082510709762,0.0777777880430221,0.0088790142908692,-0.0652921125292778,0.0078300507739186,0.0110294008627533,-0.0240174960345029,0.0018182233907282,-0.0709939002990722,0.0217785630375146,0.0154479527845978,0.0124333379790186,-0.0132113937288522,0.0245614647865295,-0.0090634590014815,-0.0530821792781353,0.0247678775340318,0.0090415393933653,-0.0396432690322399,0.0125448340550065,-0.0078662661835551,0.0194690506905317,-0.0058650504797697,-0.0347222723066806,-0.0019512642174959,-0.0197841972112655,0.0019550791475921,-0.0605504475533962,0.0168985202908515,0.0410156324505806,0.0770878195762634,-0.0075046834535896,-0.0230125784873962,-0.0283554065972566,0.020277539268136,0.0,0.0262869410216808,-0.0058365240693092,-0.0119047248736023,-0.0567514598369598,0.0076335542835295,-0.0394190959632396,0.1074879691004753,0.0475161522626876,0.0097560882568359,0.0268041472882032,-0.0755355209112167,-0.0240963622927665,-0.0033707567490637,-0.0123456669971346,-0.0283843055367469,0.0104166064411401,-0.0368034057319164,0.0020619030110538,-0.0114344758912921,-0.0390946604311466,-0.0193680450320243,0.0064239255152642,-0.061243962496519,0.025531992316246,0.014563069678843,-0.0020747361704707,0.0198019612580537,0.0207900013774633,0.0089910244569182,-0.034623235464096,-0.0176643133163452,-0.0063290577381849,-0.0350379571318626,-0.0169851221144199,-0.036496315151453,0.0,0.0538461953401565,-0.0669546276330947,0.0878660231828689,0.0740740001201629,-0.0860420316457748,0.0323276072740554,0.032576497644186,-0.0208768062293529,-0.0559179373085498,-0.0106610218062996,0.0209323801100254,0.1077586263418198,0.0105769820511341,-0.0019724315498024,-0.0385851711034774,-0.0394477853600411,-0.0218102290866308,-0.1321499071805205,-0.0260586063416919,-0.175542462892843,-0.0207423121784171,-0.1676529242628004,-0.0044395051353861,0.0966468984432165,-0.1248780273690645,0.0138066490110428,-0.1374999485864854,2019-02-25,2019-02-26,2019-02-27,2019-02-28,2019-03-01,2019-03-04,2019-03-05,2019-03-06,2019-03-07,2019-03-08,14316.0,2019-02-22,252.0,-43.4783%,-0.0034,2.1246,1.6136,0.3912,4.1566%,4.7701%,24.0678%,-0.462282,KPTI,14316.0,2019-02-25,252.0,-0.1972%,-0.0034,2.1234,1.6109,0.3853,4.1562%,4.7696%,24.0678%,-0.0003599999999999,KPTI,14316.0,2019-02-26,252.0,-3.7549%,-0.0034,2.1303,1.6311,0.4007,4.1578%,4.7727%,24.1089%,-0.022671,KPTI,14316.0,2019-02-27,252.0,-9.6509%,-0.0038,2.133,1.5975,0.4008,4.2025%,4.8088%,23.6268%,-0.101145,KPTI,14316.0,2019-02-28,252.0,-6.1364%,-0.0041,2.1646,1.6174,0.4355,4.2069%,4.8222%,23.8912%,-0.054169,KPTI,14316.0,2019-03-01,252.0,1.2106%,-0.0042,2.1789,1.6387,0.4587,4.2041%,4.8230%,24.0157%,-0.0065169999999999,KPTI,14316.0,2019-03-04,252.0,7.4163%,-0.0041,2.1956,1.4981,0.4737,4.2286%,4.8377%,23.5974%,0.090168,KPTI,14316.0,2019-03-05,252.0,-4.0089%,-0.004,2.2084,1.5802,0.4927,4.2253%,4.8430%,23.8832%,-0.030665,KPTI,14316.0,2019-03-06,252.0,-1.6241%,-0.0041,2.1743,1.5469,0.4496,4.2193%,4.8278%,23.6210%,0.021932,KPTI,14316.0,2019-03-07,252.0,-2.3585%,-0.0041,2.1767,1.5609,0.4568,4.2186%,4.8292%,23.6881%,-0.00328,KPTI,14316.0,2019-03-08,252.0,1.9324%,-0.0039,2.1714,1.5859,0.447,4.2200%,4.8310%,23.6949%,0.024019,KPTI,-0.462642,-0.485313,-0.586458,-0.647144,-0.5449700000000001
14083,KARYOPHARM THERAPEUTICS INC,UPDATE: FDA Briefing Doc For Karyopharm AdCom Panel On Selinexor Shows FDA Staff Is Unclear Whether Treatment Provides Clinically Meaningful Benefit Which Outweighs Risks,6,decrease,0.8,0.7,"the fda's uncertainty regarding the clinical benefit of selinexor suggests potential regulatory challenges, which could negatively impact investor sentiment and the stock price.",0,2019-02-22,KPTI,2019-02-22 17:47:00+00:00,14316.0,48576U10,-0.4347825944423676,16560627.0,-0.0019724315498024,-0.0385851711034774,-0.0375494174659252,0.0174481831490993,-0.0965091958642005,-0.0043431012891232,-0.0613636299967765,0.0454029068350791,0.0121064679697156,-0.0382095463573932,0.0741626694798469,0.0456620566546917,-0.040089052170515,0.0162413399666547,-0.0162413399666547,-0.0204545799642801,-0.023584883660078,-0.0145576829090714,0.0193236544728279,-0.0088790142908692,-0.0236966609954834,0.0078300507739186,0.0825243145227432,-0.0055617564357817,-0.0089686010032892,0.0502335652709007,-0.0045248824171721,0.0106257554143667,0.0704545304179191,-0.010514035820961,0.1273885071277618,0.0388350300490856,0.0075329495593905,-0.0119904531165957,0.0093458304181694,-0.0825082510709762,0.0777777880430221,0.0088790142908692,-0.0652921125292778,0.0078300507739186,0.0110294008627533,-0.0240174960345029,0.0018182233907282,-0.0709939002990722,0.0217785630375146,0.0154479527845978,0.0124333379790186,-0.0132113937288522,0.0245614647865295,-0.0090634590014815,-0.0530821792781353,0.0247678775340318,0.0090415393933653,-0.0396432690322399,0.0125448340550065,-0.0078662661835551,0.0194690506905317,-0.0058650504797697,-0.0347222723066806,-0.0019512642174959,-0.0197841972112655,0.0019550791475921,-0.0605504475533962,0.0168985202908515,0.0410156324505806,0.0770878195762634,-0.0075046834535896,-0.0230125784873962,-0.0283554065972566,0.020277539268136,0.0,0.0262869410216808,-0.0058365240693092,-0.0119047248736023,-0.0567514598369598,0.0076335542835295,-0.0394190959632396,0.1074879691004753,0.0475161522626876,0.0097560882568359,0.0268041472882032,-0.0755355209112167,-0.0240963622927665,-0.0033707567490637,-0.0123456669971346,-0.0283843055367469,0.0104166064411401,-0.0368034057319164,0.0020619030110538,-0.0114344758912921,-0.0390946604311466,-0.0193680450320243,0.0064239255152642,-0.061243962496519,0.025531992316246,0.014563069678843,-0.0020747361704707,0.0198019612580537,0.0207900013774633,0.0089910244569182,-0.034623235464096,-0.0176643133163452,-0.0063290577381849,-0.0350379571318626,-0.0169851221144199,-0.036496315151453,0.0,0.0538461953401565,-0.0669546276330947,0.0878660231828689,0.0740740001201629,-0.0860420316457748,0.0323276072740554,0.032576497644186,-0.0208768062293529,-0.0559179373085498,-0.0106610218062996,0.0209323801100254,0.1077586263418198,0.0105769820511341,-0.0019724315498024,-0.0385851711034774,-0.0394477853600411,-0.0218102290866308,-0.1321499071805205,-0.0260586063416919,-0.175542462892843,-0.0207423121784171,-0.1676529242628004,-0.0044395051353861,0.0966468984432165,-0.1248780273690645,0.0138066490110428,-0.1374999485864854,2019-02-25,2019-02-26,2019-02-27,2019-02-28,2019-03-01,2019-03-04,2019-03-05,2019-03-06,2019-03-07,2019-03-08,14316.0,2019-02-22,252.0,-43.4783%,-0.0034,2.1246,1.6136,0.3912,4.1566%,4.7701%,24.0678%,-0.462282,KPTI,14316.0,2019-02-25,252.0,-0.1972%,-0.0034,2.1234,1.6109,0.3853,4.1562%,4.7696%,24.0678%,-0.0003599999999999,KPTI,14316.0,2019-02-26,252.0,-3.7549%,-0.0034,2.1303,1.6311,0.4007,4.1578%,4.7727%,24.1089%,-0.022671,KPTI,14316.0,2019-02-27,252.0,-9.6509%,-0.0038,2.133,1.5975,0.4008,4.2025%,4.8088%,23.6268%,-0.101145,KPTI,14316.0,2019-02-28,252.0,-6.1364%,-0.0041,2.1646,1.6174,0.4355,4.2069%,4.8222%,23.8912%,-0.054169,KPTI,14316.0,2019-03-01,252.0,1.2106%,-0.0042,2.1789,1.6387,0.4587,4.2041%,4.8230%,24.0157%,-0.0065169999999999,KPTI,14316.0,2019-03-04,252.0,7.4163%,-0.0041,2.1956,1.4981,0.4737,4.2286%,4.8377%,23.5974%,0.090168,KPTI,14316.0,2019-03-05,252.0,-4.0089%,-0.004,2.2084,1.5802,0.4927,4.2253%,4.8430%,23.8832%,-0.030665,KPTI,14316.0,2019-03-06,252.0,-1.6241%,-0.0041,2.1743,1.5469,0.4496,4.2193%,4.8278%,23.6210%,0.021932,KPTI,14316.0,2019-03-07,252.0,-2.3585%,-0.0041,2.1767,1.5609,0.4568,4.2186%,4.8292%,23.6881%,-0.00328,KPTI,14316.0,2019-03-08,252.0,1.9324%,-0.0039,2.1714,1.5859,0.447,4.2200%,4.8310%,23.6949%,0.024019,KPTI,-0.462642,-0.485313,-0.586458,-0.647144,-0.5449700000000001
14091,KARYOPHARM THERAPEUTICS INC,"Karyopharm Shares Halted On Circuit Breaker, Down 16.5%",6,decrease,0.85,0.7,"the news indicates a significant drop in karyopharm's shares, suggesting negative market sentiment and likely further declines in stock price.",0,2019-02-22,KPTI,2019-02-22 17:33:00+00:00,14316.0,48576U10,-0.4347825944423676,16560627.0,-0.0019724315498024,-0.0385851711034774,-0.0375494174659252,0.0174481831490993,-0.0965091958642005,-0.0043431012891232,-0.0613636299967765,0.0454029068350791,0.0121064679697156,-0.0382095463573932,0.0741626694798469,0.0456620566546917,-0.040089052170515,0.0162413399666547,-0.0162413399666547,-0.0204545799642801,-0.023584883660078,-0.0145576829090714,0.0193236544728279,-0.0088790142908692,-0.0236966609954834,0.0078300507739186,0.0825243145227432,-0.0055617564357817,-0.0089686010032892,0.0502335652709007,-0.0045248824171721,0.0106257554143667,0.0704545304179191,-0.010514035820961,0.1273885071277618,0.0388350300490856,0.0075329495593905,-0.0119904531165957,0.0093458304181694,-0.0825082510709762,0.0777777880430221,0.0088790142908692,-0.0652921125292778,0.0078300507739186,0.0110294008627533,-0.0240174960345029,0.0018182233907282,-0.0709939002990722,0.0217785630375146,0.0154479527845978,0.0124333379790186,-0.0132113937288522,0.0245614647865295,-0.0090634590014815,-0.0530821792781353,0.0247678775340318,0.0090415393933653,-0.0396432690322399,0.0125448340550065,-0.0078662661835551,0.0194690506905317,-0.0058650504797697,-0.0347222723066806,-0.0019512642174959,-0.0197841972112655,0.0019550791475921,-0.0605504475533962,0.0168985202908515,0.0410156324505806,0.0770878195762634,-0.0075046834535896,-0.0230125784873962,-0.0283554065972566,0.020277539268136,0.0,0.0262869410216808,-0.0058365240693092,-0.0119047248736023,-0.0567514598369598,0.0076335542835295,-0.0394190959632396,0.1074879691004753,0.0475161522626876,0.0097560882568359,0.0268041472882032,-0.0755355209112167,-0.0240963622927665,-0.0033707567490637,-0.0123456669971346,-0.0283843055367469,0.0104166064411401,-0.0368034057319164,0.0020619030110538,-0.0114344758912921,-0.0390946604311466,-0.0193680450320243,0.0064239255152642,-0.061243962496519,0.025531992316246,0.014563069678843,-0.0020747361704707,0.0198019612580537,0.0207900013774633,0.0089910244569182,-0.034623235464096,-0.0176643133163452,-0.0063290577381849,-0.0350379571318626,-0.0169851221144199,-0.036496315151453,0.0,0.0538461953401565,-0.0669546276330947,0.0878660231828689,0.0740740001201629,-0.0860420316457748,0.0323276072740554,0.032576497644186,-0.0208768062293529,-0.0559179373085498,-0.0106610218062996,0.0209323801100254,0.1077586263418198,0.0105769820511341,-0.0019724315498024,-0.0385851711034774,-0.0394477853600411,-0.0218102290866308,-0.1321499071805205,-0.0260586063416919,-0.175542462892843,-0.0207423121784171,-0.1676529242628004,-0.0044395051353861,0.0966468984432165,-0.1248780273690645,0.0138066490110428,-0.1374999485864854,2019-02-25,2019-02-26,2019-02-27,2019-02-28,2019-03-01,2019-03-04,2019-03-05,2019-03-06,2019-03-07,2019-03-08,14316.0,2019-02-22,252.0,-43.4783%,-0.0034,2.1246,1.6136,0.3912,4.1566%,4.7701%,24.0678%,-0.462282,KPTI,14316.0,2019-02-25,252.0,-0.1972%,-0.0034,2.1234,1.6109,0.3853,4.1562%,4.7696%,24.0678%,-0.0003599999999999,KPTI,14316.0,2019-02-26,252.0,-3.7549%,-0.0034,2.1303,1.6311,0.4007,4.1578%,4.7727%,24.1089%,-0.022671,KPTI,14316.0,2019-02-27,252.0,-9.6509%,-0.0038,2.133,1.5975,0.4008,4.2025%,4.8088%,23.6268%,-0.101145,KPTI,14316.0,2019-02-28,252.0,-6.1364%,-0.0041,2.1646,1.6174,0.4355,4.2069%,4.8222%,23.8912%,-0.054169,KPTI,14316.0,2019-03-01,252.0,1.2106%,-0.0042,2.1789,1.6387,0.4587,4.2041%,4.8230%,24.0157%,-0.0065169999999999,KPTI,14316.0,2019-03-04,252.0,7.4163%,-0.0041,2.1956,1.4981,0.4737,4.2286%,4.8377%,23.5974%,0.090168,KPTI,14316.0,2019-03-05,252.0,-4.0089%,-0.004,2.2084,1.5802,0.4927,4.2253%,4.8430%,23.8832%,-0.030665,KPTI,14316.0,2019-03-06,252.0,-1.6241%,-0.0041,2.1743,1.5469,0.4496,4.2193%,4.8278%,23.6210%,0.021932,KPTI,14316.0,2019-03-07,252.0,-2.3585%,-0.0041,2.1767,1.5609,0.4568,4.2186%,4.8292%,23.6881%,-0.00328,KPTI,14316.0,2019-03-08,252.0,1.9324%,-0.0039,2.1714,1.5859,0.447,4.2200%,4.8310%,23.6949%,0.024019,KPTI,-0.462642,-0.485313,-0.586458,-0.647144,-0.5449700000000001
14099,KARYOPHARM THERAPEUTICS INC,"Karyopharm Shares Dip To Session Low, Now Down 12.5% As Traders Circulate FDA Briefing Doc For Co.'s Feb. 26, 2019 AdCom Panel Meeting On Selinexor",6,decrease,0.85,0.75,"the news indicates a significant drop in karyopharm's shares due to concerns surrounding the fda briefing document, suggesting negative sentiment among traders.",0,2019-02-22,KPTI,2019-02-22 17:31:00+00:00,14316.0,48576U10,-0.4347825944423676,16560627.0,-0.0019724315498024,-0.0385851711034774,-0.0375494174659252,0.0174481831490993,-0.0965091958642005,-0.0043431012891232,-0.0613636299967765,0.0454029068350791,0.0121064679697156,-0.0382095463573932,0.0741626694798469,0.0456620566546917,-0.040089052170515,0.0162413399666547,-0.0162413399666547,-0.0204545799642801,-0.023584883660078,-0.0145576829090714,0.0193236544728279,-0.0088790142908692,-0.0236966609954834,0.0078300507739186,0.0825243145227432,-0.0055617564357817,-0.0089686010032892,0.0502335652709007,-0.0045248824171721,0.0106257554143667,0.0704545304179191,-0.010514035820961,0.1273885071277618,0.0388350300490856,0.0075329495593905,-0.0119904531165957,0.0093458304181694,-0.0825082510709762,0.0777777880430221,0.0088790142908692,-0.0652921125292778,0.0078300507739186,0.0110294008627533,-0.0240174960345029,0.0018182233907282,-0.0709939002990722,0.0217785630375146,0.0154479527845978,0.0124333379790186,-0.0132113937288522,0.0245614647865295,-0.0090634590014815,-0.0530821792781353,0.0247678775340318,0.0090415393933653,-0.0396432690322399,0.0125448340550065,-0.0078662661835551,0.0194690506905317,-0.0058650504797697,-0.0347222723066806,-0.0019512642174959,-0.0197841972112655,0.0019550791475921,-0.0605504475533962,0.0168985202908515,0.0410156324505806,0.0770878195762634,-0.0075046834535896,-0.0230125784873962,-0.0283554065972566,0.020277539268136,0.0,0.0262869410216808,-0.0058365240693092,-0.0119047248736023,-0.0567514598369598,0.0076335542835295,-0.0394190959632396,0.1074879691004753,0.0475161522626876,0.0097560882568359,0.0268041472882032,-0.0755355209112167,-0.0240963622927665,-0.0033707567490637,-0.0123456669971346,-0.0283843055367469,0.0104166064411401,-0.0368034057319164,0.0020619030110538,-0.0114344758912921,-0.0390946604311466,-0.0193680450320243,0.0064239255152642,-0.061243962496519,0.025531992316246,0.014563069678843,-0.0020747361704707,0.0198019612580537,0.0207900013774633,0.0089910244569182,-0.034623235464096,-0.0176643133163452,-0.0063290577381849,-0.0350379571318626,-0.0169851221144199,-0.036496315151453,0.0,0.0538461953401565,-0.0669546276330947,0.0878660231828689,0.0740740001201629,-0.0860420316457748,0.0323276072740554,0.032576497644186,-0.0208768062293529,-0.0559179373085498,-0.0106610218062996,0.0209323801100254,0.1077586263418198,0.0105769820511341,-0.0019724315498024,-0.0385851711034774,-0.0394477853600411,-0.0218102290866308,-0.1321499071805205,-0.0260586063416919,-0.175542462892843,-0.0207423121784171,-0.1676529242628004,-0.0044395051353861,0.0966468984432165,-0.1248780273690645,0.0138066490110428,-0.1374999485864854,2019-02-25,2019-02-26,2019-02-27,2019-02-28,2019-03-01,2019-03-04,2019-03-05,2019-03-06,2019-03-07,2019-03-08,14316.0,2019-02-22,252.0,-43.4783%,-0.0034,2.1246,1.6136,0.3912,4.1566%,4.7701%,24.0678%,-0.462282,KPTI,14316.0,2019-02-25,252.0,-0.1972%,-0.0034,2.1234,1.6109,0.3853,4.1562%,4.7696%,24.0678%,-0.0003599999999999,KPTI,14316.0,2019-02-26,252.0,-3.7549%,-0.0034,2.1303,1.6311,0.4007,4.1578%,4.7727%,24.1089%,-0.022671,KPTI,14316.0,2019-02-27,252.0,-9.6509%,-0.0038,2.133,1.5975,0.4008,4.2025%,4.8088%,23.6268%,-0.101145,KPTI,14316.0,2019-02-28,252.0,-6.1364%,-0.0041,2.1646,1.6174,0.4355,4.2069%,4.8222%,23.8912%,-0.054169,KPTI,14316.0,2019-03-01,252.0,1.2106%,-0.0042,2.1789,1.6387,0.4587,4.2041%,4.8230%,24.0157%,-0.0065169999999999,KPTI,14316.0,2019-03-04,252.0,7.4163%,-0.0041,2.1956,1.4981,0.4737,4.2286%,4.8377%,23.5974%,0.090168,KPTI,14316.0,2019-03-05,252.0,-4.0089%,-0.004,2.2084,1.5802,0.4927,4.2253%,4.8430%,23.8832%,-0.030665,KPTI,14316.0,2019-03-06,252.0,-1.6241%,-0.0041,2.1743,1.5469,0.4496,4.2193%,4.8278%,23.6210%,0.021932,KPTI,14316.0,2019-03-07,252.0,-2.3585%,-0.0041,2.1767,1.5609,0.4568,4.2186%,4.8292%,23.6881%,-0.00328,KPTI,14316.0,2019-03-08,252.0,1.9324%,-0.0039,2.1714,1.5859,0.447,4.2200%,4.8310%,23.6949%,0.024019,KPTI,-0.462642,-0.485313,-0.586458,-0.647144,-0.5449700000000001
14107,SEMILEDS CORP,China LED Chip Makers See High Inventory Due to Oversupply,6,decrease,0.8,0.7,"the oversupply and high inventory levels among china led chip makers suggest a potential decrease in demand and pricing pressure, which could negatively impact semileds corp's stock price.",0,2019-02-22,LEDS,2019-02-22 09:40:00+00:00,12488.0,81664520,-0.0228757951408624,43037.0,0.0535117350518703,0.0032786855008453,0.0222222004085779,0.0066006537526845,-0.0527950525283813,-0.0288461279124021,0.0360656194388866,0.0297029428184032,0.0489873215556144,0.0376711972057819,-0.0527331717312336,-0.0201342087239027,0.0222929716110229,0.0347221866250038,0.0,-0.0206413231790065,0.0155763085931539,-0.0098319267854094,-0.0276073366403579,0.0348083674907684,0.0788643509149551,-0.0069204908795654,-0.0233625806868076,-0.0068728453479707,0.2724169790744781,-0.0151284085586667,-0.1152941212058067,0.0259374566376209,-0.0212765745818615,0.0069930837489664,-0.0326087288558483,-0.0238908436149358,0.0617977604269981,0.0171138793230056,-0.0476190671324729,0.0032039338257163,0.1083333641290665,0.0255357380956411,-0.0225563701242208,0.0181818008422851,0.0076923002488911,-0.0065387892536818,-0.0279898550361394,-0.0078494409099221,-0.0235601868480444,0.0182481575757265,-0.0053619253449141,-0.003636360168457,-0.0026954151690006,0.0299625173211097,0.0189188998192548,-0.0498220175504684,0.087533138692379,0.0085783116519451,0.0097560882568359,-0.1211041510105133,0.0108695840463042,0.0063491999171674,0.0752688348293304,0.0011442031245678,0.1378443986177444,0.0922724455595016,0.0526727065443992,-0.0101031307131052,-0.1725417226552963,0.0355872400104999,-0.2085201889276505,-0.0140350749716162,-0.0934844017028808,0.0555555000901222,0.0,0.0558423660695552,0.0281249731779098,0.0177910067141056,-0.0577507764101028,-0.0069169658236205,0.0096774874255061,-0.0269230529665947,0.0031948850955814,-0.089508406817913,-0.0254777576774358,0.0198572017252445,0.0457516685128212,-0.1250000298023224,-0.0218749791383743,-0.0649836212396621,-0.0127796158194541,-0.0080000143498182,-0.0161812156438827,-0.0114613072946667,-0.01973682269454,-0.0332409664988517,0.0570470057427883,0.02849000133574,-0.022222276777029,-0.0090904235839843,0.0,0.0091738170012831,-0.0032467502169311,-0.0005695027066394,0.0032573258504271,-0.0162464566528797,-0.0097402511164546,-0.0301021598279476,0.0098360562697052,-0.007870640605688,-0.0129870008677244,-0.0053619253449141,-0.01644735224545,0.0163487587124109,0.0167223922908306,-0.0027173885609954,-0.0098355505615472,-0.0054053999483585,-0.0033553331159055,-0.0190619826316833,-0.0266666412353515,0.0058399834670126,-0.0308219697326421,-0.0053050345741212,0.0535117350518703,0.0032786855008453,0.0769230839609815,0.0099009807212848,0.020066873174235,-0.0192307521474617,0.1086287721559768,0.0479451597433027,0.0602006945965145,0.0662021146337255,0.5050167252818849,-0.0274599651750084,-0.0535117381810508,-0.1883289267393829,2019-02-25,2019-02-26,2019-02-27,2019-02-28,2019-03-01,2019-03-04,2019-03-05,2019-03-06,2019-03-07,2019-03-08,12488.0,2019-02-22,252.0,-2.2876%,0.0007,1.377,2.6875,2.1386,6.0835%,6.3527%,8.2966%,-0.015598,LEDS,12488.0,2019-02-25,252.0,5.3512%,0.001,1.3745,2.6547,2.1122,6.0946%,6.3594%,8.1551%,0.062183,LEDS,12488.0,2019-02-26,252.0,2.2222%,0.0012,1.3645,2.5987,2.0763,6.1018%,6.3606%,7.9731%,0.048282,LEDS,12488.0,2019-02-27,252.0,-5.2795%,0.0009,1.3495,2.6085,2.0737,6.1095%,6.3663%,7.9073%,-0.056569,LEDS,12488.0,2019-02-28,252.0,3.6066%,0.0011,1.3319,2.5979,2.0506,6.1149%,6.3660%,7.7358%,0.044811,LEDS,12488.0,2019-03-01,252.0,4.8987%,0.0012,1.3432,2.6149,2.0502,6.1197%,6.3711%,7.7359%,0.039976,LEDS,12488.0,2019-03-04,252.0,-5.2733%,0.0011,1.3446,2.6505,2.0407,6.1258%,6.3800%,7.8101%,-0.043375,LEDS,12488.0,2019-03-05,252.0,2.2293%,0.0012,1.3397,2.6363,2.0238,6.1301%,6.3794%,7.6650%,0.037603,LEDS,12488.0,2019-03-06,252.0,0.0000%,0.0015,1.3426,2.5318,2.0129,6.1309%,6.3768%,7.5641%,0.043571,LEDS,12488.0,2019-03-07,252.0,1.5576%,0.0014,1.3106,2.4397,1.9442,6.1193%,6.3503%,7.1436%,0.034911,LEDS,12488.0,2019-03-08,252.0,-2.7607%,0.0014,1.3116,2.4777,1.9438,6.1172%,6.3512%,7.2315%,-0.022729,LEDS,0.046585,0.094867,0.038298,0.123085,0.173066
14115,LAM RESH CORP,Morgan Stanley Downgrades Lam Research to Equal-Weight,6,decrease,0.8,0.6,"a downgrade from a major financial institution like morgan stanley typically signals reduced expectations for the company's performance, which can lead to a decline in stock price.",0,2019-02-22,LRCX,2019-02-22 11:50:00+00:00,48486.0,51280710,0.0022368519566953,2709626.0,0.0021203262731432,-0.0186049025505781,-0.0057906932197511,0.0105374585837125,-0.0076164910569787,-0.0043072439730167,-0.0062641119584441,-0.0013235840015113,0.0037481042090803,0.0017678986769169,0.0057708867825567,0.0098186582326889,-0.0237948521971702,0.0189290698617696,-0.025066215544939,0.0035367661621421,-0.0119983376935124,-0.0023901558015495,0.0099904173985123,-0.0077922348864376,0.0188354719430208,0.0196326989680528,0.0002906985173467,0.0030607460066676,-0.0095896422863006,0.0022573326714336,0.0359133556485176,0.0188111942261457,0.0331954956054687,-0.0078979162499308,-0.0120072504505515,0.0360021032392978,0.0013873983407393,-0.0064434064552187,-0.0201282426714897,0.0034442688338458,0.0458631925284862,0.0266129560768604,-0.0236670617014169,0.156965434551239,-0.00200613331981,-0.0040031280368566,0.0053604710847139,-0.0519146285951137,-0.0133851906284689,0.0408437401056289,-0.0110335890203714,0.0216936543583869,0.0189549289643764,-0.0089285718277096,0.0317859500646591,-0.0030619718600064,-0.0023822546936571,-0.0255361031740903,0.0395093820989131,-0.0031818959396332,-0.0026626007165759,0.0039583840407431,0.0215672682970762,0.0516322776675224,-0.0080450531095266,-0.016943072900176,-0.0161173418164253,0.0089091388508677,0.0019951150752604,0.0488489903509616,0.0024628024548292,-0.0482284761965274,0.0144791398197412,0.0156422480940818,-0.0065437154844403,0.0055383252911269,0.0093874670565128,0.0160564184188842,0.0085808150470256,0.0186487510800361,-0.0077435891143977,0.0613237954676151,0.0023104017600417,-0.0305127780884504,-0.0022538800258189,-0.0089626209810376,0.0033884570002555,-0.0214307326823473,0.0493245981633663,-0.0493728555738925,0.0063877389766275,0.0165831372141838,-0.0013082235818728,0.0022900020703673,0.0063555091619491,-0.0244306679815053,-0.0167284682393074,0.0022390577942132,0.0141203645616769,0.0011570154456421,0.0045445873402059,0.0034101433120667,-0.0155934430658817,-0.0015213465085253,-0.0224894452840089,-0.0528374202549457,-0.0011503237765282,-0.0264547169208526,-0.0054078502580523,-0.0635324865579605,-0.0036752300802618,0.0258664470165967,-0.0485093034803867,0.0275614187121391,0.0219861883670091,-0.0070852600038051,0.015797097235918,0.0477422475814819,-0.0052178688347339,0.0002043513522949,-0.0015427493490278,0.0198693946003913,-0.0540276318788528,-0.0040132980793714,0.0021203262731432,-0.0186049025505781,-0.0036826451055813,-0.0082634923569462,-0.0112710873290473,-0.0125351434523124,-0.0137819508510208,-0.0120987089557416,-0.0579734369207102,0.0097120339687444,0.0955635471366453,0.3059228494060242,0.0311153528611984,0.2464300005764994,2019-02-25,2019-02-26,2019-02-27,2019-02-28,2019-03-01,2019-03-04,2019-03-05,2019-03-06,2019-03-07,2019-03-08,48486.0,2019-02-22,252.0,0.2237%,-0.0001,1.5825,0.2384,0.1164,1.9685%,2.5726%,41.4507%,-0.007959,LRCX,48486.0,2019-02-25,252.0,0.2120%,-0.0001,1.5819,0.2376,0.1141,1.9683%,2.5725%,41.4549%,0.000476,LRCX,48486.0,2019-02-26,252.0,-0.5791%,-0.0001,1.581,0.2403,0.1148,1.9683%,2.5679%,41.2474%,-0.001463,LRCX,48486.0,2019-02-27,252.0,-0.7616%,-0.0002,1.5758,0.2469,0.1139,1.9679%,2.5625%,41.0232%,-0.009458,LRCX,48486.0,2019-02-28,252.0,-0.6264%,-0.0002,1.5735,0.2452,0.1124,1.9677%,2.5579%,40.8263%,-0.0012439999999999,LRCX,48486.0,2019-03-01,252.0,0.3748%,-0.0003,1.5784,0.2525,0.1236,1.9671%,2.5575%,40.8404%,-0.007932,LRCX,48486.0,2019-03-04,252.0,0.5771%,-0.0002,1.58,0.234,0.1262,1.9687%,2.5570%,40.7215%,0.014416,LRCX,48486.0,2019-03-05,252.0,-2.3795%,-0.0004,1.5809,0.2281,0.1342,1.9716%,2.5572%,40.5565%,-0.020171,LRCX,48486.0,2019-03-06,252.0,-2.5066%,-0.0004,1.5815,0.2485,0.1376,1.9720%,2.5584%,40.5878%,-0.0090569999999999,LRCX,48486.0,2019-03-07,252.0,-1.1998%,-0.0006,1.5703,0.1972,0.1082,1.9540%,2.5404%,40.8365%,0.0015079999999999,LRCX,48486.0,2019-03-08,252.0,0.9990%,-0.0006,1.5696,0.1786,0.108,1.9531%,2.5385%,40.8052%,0.013441,LRCX,-0.007483,-0.008946,-0.018404,-0.02758,-0.0274429999999999
14123,LATTICE SEMICONDUCTOR CORP,Cowen & Co. Initiates Coverage On Lattice Semiconductor with Outperform Rating,6,increase,0.8,0.6,"initiating coverage with an 'outperform' rating typically signals positive sentiment and can attract investor interest, likely leading to an increase in stock price.",2,2019-02-22,LSCC,2019-02-22 15:04:00+00:00,75854.0,51841510,0.0422297306358814,3360183.0,0.0,0.0076595875434577,-0.0194489285349845,0.0463045835494995,0.0,0.0135378716513514,-0.0247934032231569,-0.0365217439830303,0.0550847128033638,0.0849056243896484,0.016064241528511,0.2958435118198395,0.0031620524823665,0.0289308801293373,-0.006304170936346,0.0,-0.0007929639541544,0.0063290777616202,-0.00396826909855,-0.0075376811437308,0.0358565561473369,0.0127226337790489,-0.0223076902329921,0.0064020729623734,0.022816676646471,0.0077419281005859,-0.0161538496613502,-0.0064102807082235,0.0093823205679655,0.0,-0.0271107219159603,0.0344827882945537,0.0230891685932874,-0.0039630397222936,-0.0155642610043287,-0.0269922912120819,0.0031620524823665,0.0345744974911212,-0.0362490192055702,0.0315500721335411,0.0,0.0110956896096468,-0.0016352825332432,-0.0309139806777238,-0.0237510204315185,0.0205761454999446,-0.015100697055459,0.0096953148022294,0.0161840319633483,-0.0041379597969353,0.0150879584252834,-0.0215924233198165,-0.0090833744034171,0.0013513178564608,0.0516666583716869,0.019283726811409,0.0047543914988636,-0.0054794466122984,0.0141955325379967,0.0413694642484188,-0.006220833864063,0.0071839354932308,0.0,0.0160584133118391,0.0336463451385498,0.0058737094514071,-0.0204390957951545,-0.0215517375618219,0.0200927536934614,0.0057803411036729,-0.0272727012634277,0.016152735799551,0.0163551438599824,0.0,-0.0337165147066116,-0.0043859956786036,0.0039651221595704,0.0588235482573509,0.0236966982483863,-0.0046224552206695,0.0138889122754335,-0.0030722669325768,0.0182648226618766,-0.0166162624955177,-0.0455904081463813,-0.0515759512782096,0.0007830285467207,0.0115941921249032,-0.007042265497148,-0.0114613072946667,0.020488591864705,0.0527903325855732,0.0416988395154476,-0.0089686010032892,0.0296516362577676,0.0229357946664094,0.0647947862744331,0.0030674817971885,-0.0006761479889973,-0.0254110731184482,-0.0317996852099895,-0.0429184138774871,-0.0279525201767683,0.0737326443195343,-0.017972681671381,0.0061824480071663,0.0,0.1040955036878586,-0.0468520782887935,0.0086058853194117,0.0238094814121723,-0.0085324551910161,0.0352588333189487,0.0298769902437925,-0.0152173936367034,0.0,-0.092715248465538,0.0252251997590065,-0.0713706538081169,-0.0142095778137445,0.0,0.0076595875434577,-0.0194489285349845,0.0543188451043179,-0.0194489285349845,0.0685920783089413,0.0089140721649567,0.1169811108757059,0.0170178299891468,0.4874371952773055,0.0421393406562398,0.689015650837334,-0.072123214812006,1.103019515430614,2019-02-25,2019-02-26,2019-02-27,2019-02-28,2019-03-01,2019-03-04,2019-03-05,2019-03-06,2019-03-07,2019-03-08,75854.0,2019-02-22,252.0,4.2230%,0.0031,1.0561,0.1054,-0.4043,2.9268%,3.1815%,15.3715%,0.02939,LSCC,75854.0,2019-02-25,252.0,0.0000%,0.003,1.0574,0.1092,-0.3975,2.9261%,3.1806%,15.3614%,-0.0021379999999999,LSCC,75854.0,2019-02-26,252.0,-1.9449%,0.0029,1.0559,0.1406,-0.3827,2.9286%,3.1797%,15.1708%,-0.01847,LSCC,75854.0,2019-02-27,252.0,0.0000%,0.0029,1.0554,0.14,-0.3828,2.9287%,3.1788%,15.1190%,-0.001777,LSCC,75854.0,2019-02-28,252.0,-2.4793%,0.0027,1.0646,0.1454,-0.3702,2.9327%,3.1835%,15.1353%,-0.022607,LSCC,75854.0,2019-03-01,252.0,5.5085%,0.0029,1.0768,0.1636,-0.3711,2.9448%,3.2000%,15.3138%,0.045427,LSCC,75854.0,2019-03-04,252.0,1.6064%,0.0031,1.0648,0.1848,-0.3637,2.9449%,3.1947%,15.0283%,0.023675,LSCC,75854.0,2019-03-05,252.0,0.3162%,0.003,1.0612,0.158,-0.3668,2.9434%,3.1906%,14.8946%,0.004582,LSCC,75854.0,2019-03-06,252.0,-0.6304%,0.003,1.063,0.1525,-0.3656,2.9433%,3.1910%,14.9252%,0.004658,LSCC,75854.0,2019-03-07,252.0,-0.0793%,0.003,1.059,0.1406,-0.3742,2.9428%,3.1901%,14.9000%,0.006734,LSCC,75854.0,2019-03-08,252.0,-0.3968%,0.003,1.0601,0.1349,-0.3721,2.9428%,3.1900%,14.8945%,-0.002435,LSCC,0.027252,0.0087819999999999,0.0070049999999999,0.029825,0.067039
14131,MICROCHIP TECHNOLOGY INC,"Cowen & Co. Initiates Coverage On Microchip Technology with Market Perform Rating, Announces $90 Price Target",6,uncertain,0.6,0.2,"while the initiation of coverage with a market perform rating suggests a neutral outlook, the specific price target of $90 may not significantly sway investor sentiment either way.",1,2019-02-22,MCHP,2019-02-22 13:05:00+00:00,78987.0,59501710,0.0004494484746828,1603589.0,0.0086477613076567,-0.0072504351846873,-0.008350963704288,-0.0074429474771022,-0.0223444625735282,-0.0045005055144429,-0.0022969674319028,0.0055187637917697,0.0203752350062131,-0.0064700511284172,-0.0007897077593952,-0.0034968822728842,-0.0146776903420686,0.0286646038293838,-0.0090522896498441,0.0177324712276458,-0.0234737079590559,-0.0074939937330782,0.0071048680692911,-0.0138841997832059,0.0205761305987834,0.0729216709733009,-0.005760368425399,0.0079922014847397,-0.0143685452640056,0.0086722737178206,-0.0124617628753185,0.0186636801809072,0.0249999817460775,-0.001490807859227,-0.0089430501684546,0.0125801991671323,0.0090237502008676,-0.0094704320654273,-0.0211382079869508,-0.0047128521837294,0.0367821380496025,0.0279193613678216,-0.0224307533353567,0.0548682324588298,-0.0187309589236974,-0.010907151736319,0.0051300441846251,-0.031684685498476,-0.0341839455068111,0.0195666160434484,-0.0027037139516323,0.0142514603212475,0.0223043449223041,0.0009332048357464,0.0542430095374584,0.0103718247264623,0.0029728119261562,-0.0374692007899284,0.0294117853045463,0.0066561535932123,0.0107418997213244,0.0101516712456941,0.0180782470852136,0.0396107360720634,0.0122686121612787,0.0271716229617595,-0.0123325120657682,0.0292710699141025,0.0145317381247878,0.0405609533190727,-0.0029708093497902,-0.0704975351691246,0.0147919477894902,-0.0079254684969782,0.0025167560670524,0.0039084139280021,0.0226987265050411,0.0020982169080525,0.0153421303257346,0.0157715361565351,-0.0056411563418805,0.0707438588142395,-0.0112450672313571,-0.0332401022315025,0.0057377582415938,-0.0104788420721888,0.0069273905828595,0.001457491191104,-0.0137595413252711,-0.0489326156675815,0.0095404209569096,0.0130599681288003,0.0031500614713877,-0.0060022375546395,0.0118516832590103,-0.010907094925642,-0.0093102445825934,-0.0156292673200368,0.0117219453677535,0.0191136412322521,0.0062924213707447,0.0041723977774381,-0.0374193228781223,0.0233418643474578,-0.0291812922805547,-0.0427792817354202,-0.0277217272669076,-0.0145005611702799,-0.0235962811857461,-0.0421810522675514,-0.0015663391677662,0.0368000268936157,-0.0630882754921913,0.0077936286106705,0.0125583428889513,-0.0193701572716236,0.0134656196460127,0.0295753665268421,-0.0083916224539279,-0.0268022026866674,-0.0213916264474391,0.0189694073051214,-0.040289469063282,0.0182192027568817,0.0086477613076567,-0.0072504351846873,0.0002245804625651,-0.0146394180535238,-0.0221249002407036,-0.0190740387862886,-0.0044923783112118,-0.0200422068446048,-0.0448112938281184,0.0005862281426693,0.0435758919800741,0.2248129739970978,-0.1025887247641101,0.2241418258388623,2019-02-25,2019-02-26,2019-02-27,2019-02-28,2019-03-01,2019-03-04,2019-03-05,2019-03-06,2019-03-07,2019-03-08,78987.0,2019-02-22,252.0,0.0449%,0.0001,1.3084,0.5665,-0.2133,1.6795%,2.2500%,44.2870%,-0.014758,MCHP,78987.0,2019-02-25,252.0,0.8648%,0.0001,1.3079,0.5622,-0.2175,1.6799%,2.2505%,44.2791%,0.0076739999999999,MCHP,78987.0,2019-02-26,252.0,-0.8351%,0.0001,1.3109,0.5643,-0.2142,1.6799%,2.2494%,44.2259%,-0.003478,MCHP,78987.0,2019-02-27,252.0,-2.2344%,-0.0,1.3094,0.5597,-0.2145,1.6873%,2.2523%,43.8821%,-0.024954,MCHP,78987.0,2019-02-28,252.0,-0.2297%,-0.0002,1.3321,0.5754,-0.1982,1.6655%,2.2469%,45.0563%,0.001014,MCHP,78987.0,2019-03-01,252.0,2.0375%,-0.0002,1.3467,0.5971,-0.1795,1.6610%,2.2503%,45.5209%,0.008233,MCHP,78987.0,2019-03-04,252.0,-0.0790%,-0.0002,1.3508,0.5749,-0.1786,1.6605%,2.2504%,45.5529%,0.009212,MCHP,78987.0,2019-03-05,252.0,-1.4678%,-0.0003,1.3507,0.5666,-0.1747,1.6610%,2.2467%,45.3399%,-0.011118,MCHP,78987.0,2019-03-06,252.0,-0.9052%,-0.0004,1.3341,0.5574,-0.1947,1.6555%,2.2366%,45.2149%,0.009412,MCHP,78987.0,2019-03-07,252.0,-2.3474%,-0.0005,1.3364,0.5438,-0.1955,1.6549%,2.2370%,45.2731%,-0.012876,MCHP,78987.0,2019-03-08,252.0,0.7105%,-0.0004,1.334,0.5615,-0.2002,1.6530%,2.2366%,45.3752%,0.009351,MCHP,-0.007084,-0.010562,-0.035516,-0.026269,-0.022288
14139,VERADIGM INC,"Allscripts Healthcare Solutions are trading lower after the company missed EPS and sales estimates, issued weaker than expected 2019 guidance, and Citigroup downgraded the company stock from Buy to Neutral.",6,decrease,0.8,0.7,"the negative news regarding allscripts healthcare solutions, including missed estimates and a downgrade, is likely to negatively impact investor sentiment towards veradigm inc, leading to a decrease in its stock price.",0,2019-02-22,MDRX,2019-02-22 14:10:00+00:00,87078.0,01988P10,-0.1122277453541756,8350191.0,0.0283018145710229,-0.0180921275168657,-0.0247705969959497,0.001647405559197,0.0178739018738269,-0.005732980556786,-0.0092420913279056,0.0175000037997961,0.005596965085715,0.0075566880404949,-0.0102040497586131,-0.0075000128708779,-0.0149952992796897,0.0265184286981821,-0.0218839664012193,0.029049290344119,-0.0077820941805839,0.0188340842723846,0.0049019795842468,-0.0295909624546766,0.0048780674114823,-0.0392976813018322,0.0087378788739442,-0.0123864263296127,0.0163618940860033,0.0306382682174444,-0.0104167237877845,-0.0033927024342119,0.0172249097377061,0.0085543524473905,-0.0169332362711429,-0.004258960019797,0.0009569597314111,-0.0192147437483072,-0.0076481760479509,-0.0033305545803159,0.0154142435640096,-0.0115225836634635,-0.0607210956513881,0.0244519375264644,0.0010101242223754,-0.015767678618431,-0.0080726463347673,-0.0114847738295793,-0.0132248336449265,0.0445586554706096,-0.0051546590402722,0.0025772964581847,-0.0113989282399416,-0.0135593088343739,-0.0031446260400116,0.0305677186697721,-0.0010515487520024,0.0035056935157626,-0.0042105223983526,0.003518026554957,0.0137420836836099,0.0070859100669622,0.0083420146256685,0.0245008617639541,-0.0072388513945043,0.0545455180108547,0.0124999871477484,0.0346534065902233,0.0216049421578645,0.0542797967791557,-0.0342396907508373,-0.0204498786479234,-0.0020855534821748,0.0145227573812007,0.0114943170920014,0.0190275162458419,0.0030991458334028,0.0172042846679687,-0.036045353859663,0.0163935050368309,0.0085470005869865,0.0590276904404163,-0.0084745688363909,-0.0495049282908439,0.0309829022735357,-0.0550935268402099,0.0041450737044215,-0.0512820929288864,-0.0082559268921613,0.0039603919722139,0.0197711288928985,-0.0165530741214752,0.0071428259834647,-0.011549555696547,0.0,0.0569685064256191,-0.0162107236683368,0.0102775320410728,0.0236868727952241,-0.0270000454038381,0.049295850098133,0.0183299705386161,0.0287631098181009,0.03477343916893,-0.0531220622360706,-0.0021030975040048,0.0157480165362358,-0.0315681733191013,-0.0009689220460131,-0.0557692237198352,-0.0029098629020154,0.0186091661453247,-0.0428015179932117,0.0059113716706633,0.0254065040498971,0.0089462418109178,0.0188304837793111,0.0349794402718544,0.0058366167359054,-0.0051177265122532,0.0048356084153056,0.0113872271031141,0.0009623941150493,0.0125786047428846,0.0283018145710229,-0.0180921275168657,0.0028301647320803,-0.0164745270291176,0.0207546526926152,-0.0221130594427635,0.0169810718690965,0.0025188700741045,-0.0330189005137178,0.0391644757072555,-0.0877358713804299,0.0834844927100681,-0.0188679928176715,0.2515722985654083,2019-02-25,2019-02-26,2019-02-27,2019-02-28,2019-03-01,2019-03-04,2019-03-05,2019-03-06,2019-03-07,2019-03-08,87078.0,2019-02-22,252.0,-11.2228%,-0.001,1.0819,0.2596,-0.0306,2.2792%,2.5613%,20.8195%,-0.123997,MDRX,87078.0,2019-02-25,252.0,2.8302%,-0.0009,1.0816,0.2455,-0.0389,2.2860%,2.5678%,20.7417%,0.027199,MDRX,87078.0,2019-02-26,252.0,-2.4771%,-0.001,1.0816,0.2745,-0.0242,2.2893%,2.5683%,20.5471%,-0.021697,MDRX,87078.0,2019-02-27,252.0,1.7874%,-0.0008,1.0883,0.2677,-0.0231,2.2901%,2.5709%,20.6505%,0.01625,MDRX,87078.0,2019-02-28,252.0,-0.9242%,-0.0009,1.1025,0.2772,-0.0115,2.2851%,2.5706%,20.9822%,-0.0060799999999999,MDRX,87078.0,2019-03-01,252.0,0.5597%,-0.001,1.1085,0.2862,-0.0011,2.2841%,2.5709%,21.0634%,-0.003281,MDRX,87078.0,2019-03-04,252.0,-1.0204%,-0.001,1.1124,0.2754,-0.0026,2.2836%,2.5715%,21.1357%,-0.003381,MDRX,87078.0,2019-03-05,252.0,-1.4995%,-0.0011,1.1108,0.2555,0.0004,2.2827%,2.5678%,20.9749%,-0.0123469999999999,MDRX,87078.0,2019-03-06,252.0,-2.1884%,-0.0012,1.1122,0.2742,0.0045,2.2831%,2.5696%,21.0553%,-0.009424,MDRX,87078.0,2019-03-07,252.0,-0.7782%,-0.0011,1.113,0.2834,0.0082,2.2826%,2.5699%,21.1115%,0.001455,MDRX,87078.0,2019-03-08,252.0,0.4902%,-0.0009,1.109,0.3304,-0.0006,2.2674%,2.5580%,21.4325%,0.007133,MDRX,-0.096798,-0.1184949999999999,-0.1022449999999999,-0.111606,-0.1281699999999999
14147,VERADIGM INC,KeyBanc Downgrades Allscripts Healthcare to Sector Weight,6,decrease,0.7,0.6,"the downgrade of allscripts healthcare by keybanc may negatively impact investor sentiment towards veradigm inc, as it is associated with the same sector, leading to a potential decrease in stock price.",0,2019-02-22,MDRX,2019-02-22 12:47:00+00:00,87078.0,01988P10,-0.1122277453541756,8350191.0,0.0283018145710229,-0.0180921275168657,-0.0247705969959497,0.001647405559197,0.0178739018738269,-0.005732980556786,-0.0092420913279056,0.0175000037997961,0.005596965085715,0.0075566880404949,-0.0102040497586131,-0.0075000128708779,-0.0149952992796897,0.0265184286981821,-0.0218839664012193,0.029049290344119,-0.0077820941805839,0.0188340842723846,0.0049019795842468,-0.0295909624546766,0.0048780674114823,-0.0392976813018322,0.0087378788739442,-0.0123864263296127,0.0163618940860033,0.0306382682174444,-0.0104167237877845,-0.0033927024342119,0.0172249097377061,0.0085543524473905,-0.0169332362711429,-0.004258960019797,0.0009569597314111,-0.0192147437483072,-0.0076481760479509,-0.0033305545803159,0.0154142435640096,-0.0115225836634635,-0.0607210956513881,0.0244519375264644,0.0010101242223754,-0.015767678618431,-0.0080726463347673,-0.0114847738295793,-0.0132248336449265,0.0445586554706096,-0.0051546590402722,0.0025772964581847,-0.0113989282399416,-0.0135593088343739,-0.0031446260400116,0.0305677186697721,-0.0010515487520024,0.0035056935157626,-0.0042105223983526,0.003518026554957,0.0137420836836099,0.0070859100669622,0.0083420146256685,0.0245008617639541,-0.0072388513945043,0.0545455180108547,0.0124999871477484,0.0346534065902233,0.0216049421578645,0.0542797967791557,-0.0342396907508373,-0.0204498786479234,-0.0020855534821748,0.0145227573812007,0.0114943170920014,0.0190275162458419,0.0030991458334028,0.0172042846679687,-0.036045353859663,0.0163935050368309,0.0085470005869865,0.0590276904404163,-0.0084745688363909,-0.0495049282908439,0.0309829022735357,-0.0550935268402099,0.0041450737044215,-0.0512820929288864,-0.0082559268921613,0.0039603919722139,0.0197711288928985,-0.0165530741214752,0.0071428259834647,-0.011549555696547,0.0,0.0569685064256191,-0.0162107236683368,0.0102775320410728,0.0236868727952241,-0.0270000454038381,0.049295850098133,0.0183299705386161,0.0287631098181009,0.03477343916893,-0.0531220622360706,-0.0021030975040048,0.0157480165362358,-0.0315681733191013,-0.0009689220460131,-0.0557692237198352,-0.0029098629020154,0.0186091661453247,-0.0428015179932117,0.0059113716706633,0.0254065040498971,0.0089462418109178,0.0188304837793111,0.0349794402718544,0.0058366167359054,-0.0051177265122532,0.0048356084153056,0.0113872271031141,0.0009623941150493,0.0125786047428846,0.0283018145710229,-0.0180921275168657,0.0028301647320803,-0.0164745270291176,0.0207546526926152,-0.0221130594427635,0.0169810718690965,0.0025188700741045,-0.0330189005137178,0.0391644757072555,-0.0877358713804299,0.0834844927100681,-0.0188679928176715,0.2515722985654083,2019-02-25,2019-02-26,2019-02-27,2019-02-28,2019-03-01,2019-03-04,2019-03-05,2019-03-06,2019-03-07,2019-03-08,87078.0,2019-02-22,252.0,-11.2228%,-0.001,1.0819,0.2596,-0.0306,2.2792%,2.5613%,20.8195%,-0.123997,MDRX,87078.0,2019-02-25,252.0,2.8302%,-0.0009,1.0816,0.2455,-0.0389,2.2860%,2.5678%,20.7417%,0.027199,MDRX,87078.0,2019-02-26,252.0,-2.4771%,-0.001,1.0816,0.2745,-0.0242,2.2893%,2.5683%,20.5471%,-0.021697,MDRX,87078.0,2019-02-27,252.0,1.7874%,-0.0008,1.0883,0.2677,-0.0231,2.2901%,2.5709%,20.6505%,0.01625,MDRX,87078.0,2019-02-28,252.0,-0.9242%,-0.0009,1.1025,0.2772,-0.0115,2.2851%,2.5706%,20.9822%,-0.0060799999999999,MDRX,87078.0,2019-03-01,252.0,0.5597%,-0.001,1.1085,0.2862,-0.0011,2.2841%,2.5709%,21.0634%,-0.003281,MDRX,87078.0,2019-03-04,252.0,-1.0204%,-0.001,1.1124,0.2754,-0.0026,2.2836%,2.5715%,21.1357%,-0.003381,MDRX,87078.0,2019-03-05,252.0,-1.4995%,-0.0011,1.1108,0.2555,0.0004,2.2827%,2.5678%,20.9749%,-0.0123469999999999,MDRX,87078.0,2019-03-06,252.0,-2.1884%,-0.0012,1.1122,0.2742,0.0045,2.2831%,2.5696%,21.0553%,-0.009424,MDRX,87078.0,2019-03-07,252.0,-0.7782%,-0.0011,1.113,0.2834,0.0082,2.2826%,2.5699%,21.1115%,0.001455,MDRX,87078.0,2019-03-08,252.0,0.4902%,-0.0009,1.109,0.3304,-0.0006,2.2674%,2.5580%,21.4325%,0.007133,MDRX,-0.096798,-0.1184949999999999,-0.1022449999999999,-0.111606,-0.1281699999999999
14155,MAGNA INTERNATIONAL INC,Magna Posts Record Sales As CEO Bemoans Tariffs,6,increase,0.7,0.6,"record sales typically indicate strong business performance, which can positively influence investor sentiment and lead to an increase in stock price, despite concerns about tariffs.",2,2019-02-22,MGA,2019-02-22 20:03:00+00:00,78045.0,55922240,0.0349809937179088,2087449.0,-0.018185120075941,-0.0054830955341458,-0.0061740283854305,0.0208453573286533,-0.0026355306617915,-0.0036538196727633,-0.0047187618911266,0.0104936053976416,-0.0026550234761089,0.0076365652494132,-0.0007606183062307,-0.0019542402587831,-0.0045670382678508,0.019322657957673,-0.0193080119788646,0.0042008217424154,-0.0170564893633127,-0.0147812375798821,-0.0013983158860355,-0.0353611558675766,0.0092018218711018,0.0015231914585456,-0.0085232965648174,0.0003809611080214,-0.0013994340552017,0.0015261700609698,-0.024224204942584,-0.0092610409483313,0.0022568074055016,0.0043659745715558,0.0092118885368108,0.0138568365946412,0.0070994379930198,-0.0051694517023861,-0.0134945008903741,-0.0024828317109495,-0.0032666362822055,0.0266666784882545,-0.0280622486025095,0.0179641023278236,-0.0031612543389201,-0.0001996036007767,0.0088795349001884,-0.0157139897346496,0.0083821816369891,0.0153570100665092,0.0099750533699989,-0.0025860567111521,0.0018518550787121,0.0003980190667789,0.0347094386816024,-0.0009940206073224,0.009924572892487,0.001194218872115,0.0108097335323691,0.0037962526548653,0.0159439947456121,0.0210118070244789,0.0047846888191998,0.0289672780781984,0.0160000026226043,0.0251774936914444,-0.0121860057115554,0.0204216130077838,0.0189789347350597,0.0307831726968288,-0.006891394034028,-0.0305025111883878,0.0151913240551948,0.002640240592882,-0.0031406241469085,-0.0017570396885275,0.019458845257759,-0.0225419271737337,0.0147246206179261,0.022163750603795,0.0146900694817304,0.0354465208947658,-0.0084745679050683,-0.0282623656094074,0.0021367331501096,0.0031007616780698,-0.0053304769098758,0.002887629205361,-0.0287602823227644,-0.0070577790029346,0.0095641063526272,0.0234763193875551,0.0060120574198663,-0.0233686361461877,0.0076059065759181,-0.0026384990196675,-0.0161753725260496,-0.0030688161496073,-0.0018268594285473,0.0153571916744113,0.0025622143875807,0.0098898317664861,-0.0082146218046545,-0.0221977662295103,-0.0127002103254199,-0.0304709207266569,-0.0082028079777956,-0.0111672729253768,-0.1003759428858757,-0.0624259151518344,-0.0112829273566603,0.0150391021743416,-0.0422654263675212,0.0072712707333266,-0.0022064975928515,0.0093781668692827,0.0057496312074363,0.016580294817686,-0.0195690281689167,-0.054292444139719,-0.001569851883687,0.0171451475471258,-0.0163971148431301,0.0019975723698735,-0.018185120075941,-0.0054830955341458,-0.0242468730138303,0.015247964708831,-0.0268185002983414,0.011538431722645,-0.0339823393704388,0.0299588558415582,-0.0750460596934202,1.0683600670802207e-09,-0.0286041152372804,0.1041141742286257,-0.1897633016686284,0.0507390536267731,2019-02-25,2019-02-26,2019-02-27,2019-02-28,2019-03-01,2019-03-04,2019-03-05,2019-03-06,2019-03-07,2019-03-08,78045.0,2019-02-22,252.0,3.4981%,0.0001,1.1204,0.1633,0.3182,1.6032%,1.9577%,32.9312%,0.03215,MGA,78045.0,2019-02-25,252.0,-1.8185%,-0.0001,1.1223,0.1745,0.3311,1.6047%,1.9590%,32.9013%,-0.018968,MGA,78045.0,2019-02-26,252.0,-0.6174%,-0.0,1.128,0.172,0.3342,1.6038%,1.9589%,32.9685%,-0.0022689999999999,MGA,78045.0,2019-02-27,252.0,-0.2636%,-0.0001,1.1262,0.1741,0.3339,1.6038%,1.9565%,32.8098%,-0.003677,MGA,78045.0,2019-02-28,252.0,-0.4719%,-0.0001,1.1287,0.1758,0.3358,1.6035%,1.9558%,32.7768%,-0.000528,MGA,78045.0,2019-03-01,252.0,-0.2655%,-0.0001,1.1157,0.1564,0.3202,1.6007%,1.9452%,32.2847%,-0.010038,MGA,78045.0,2019-03-04,252.0,-0.0761%,0.0,1.1088,0.1753,0.3229,1.5986%,1.9386%,31.9998%,0.004328,MGA,78045.0,2019-03-05,252.0,-0.4567%,0.0001,1.1157,0.2278,0.3283,1.5877%,1.9343%,32.6227%,-0.001454,MGA,78045.0,2019-03-06,252.0,-1.9308%,0.0001,1.1247,0.238,0.3399,1.5868%,1.9382%,32.9708%,-0.007287,MGA,78045.0,2019-03-07,252.0,-1.7056%,0.0001,1.1283,0.2427,0.3461,1.5873%,1.9411%,33.1276%,-0.0066359999999999,MGA,78045.0,2019-03-08,252.0,-0.1398%,0.0002,1.1278,0.2488,0.3449,1.5870%,1.9409%,33.1456%,0.001461,MGA,0.013182,0.0109129999999999,0.0072359999999999,-0.00333,-0.0129179999999999
14163,MAGNA INTERNATIONAL INC,Magna International Q4 EPS $1.63 vs $1.60 Est; Sales $10.1B vs $10.2B Est,6,uncertain,0.6,0.2,"while magna international's eps exceeded estimates, the sales fell short, leading to mixed signals that could result in an uncertain market reaction.",1,2019-02-22,MGA,2019-02-22 10:10:00+00:00,78045.0,55922240,0.0349809937179088,2087449.0,-0.018185120075941,-0.0054830955341458,-0.0061740283854305,0.0208453573286533,-0.0026355306617915,-0.0036538196727633,-0.0047187618911266,0.0104936053976416,-0.0026550234761089,0.0076365652494132,-0.0007606183062307,-0.0019542402587831,-0.0045670382678508,0.019322657957673,-0.0193080119788646,0.0042008217424154,-0.0170564893633127,-0.0147812375798821,-0.0013983158860355,-0.0353611558675766,0.0092018218711018,0.0015231914585456,-0.0085232965648174,0.0003809611080214,-0.0013994340552017,0.0015261700609698,-0.024224204942584,-0.0092610409483313,0.0022568074055016,0.0043659745715558,0.0092118885368108,0.0138568365946412,0.0070994379930198,-0.0051694517023861,-0.0134945008903741,-0.0024828317109495,-0.0032666362822055,0.0266666784882545,-0.0280622486025095,0.0179641023278236,-0.0031612543389201,-0.0001996036007767,0.0088795349001884,-0.0157139897346496,0.0083821816369891,0.0153570100665092,0.0099750533699989,-0.0025860567111521,0.0018518550787121,0.0003980190667789,0.0347094386816024,-0.0009940206073224,0.009924572892487,0.001194218872115,0.0108097335323691,0.0037962526548653,0.0159439947456121,0.0210118070244789,0.0047846888191998,0.0289672780781984,0.0160000026226043,0.0251774936914444,-0.0121860057115554,0.0204216130077838,0.0189789347350597,0.0307831726968288,-0.006891394034028,-0.0305025111883878,0.0151913240551948,0.002640240592882,-0.0031406241469085,-0.0017570396885275,0.019458845257759,-0.0225419271737337,0.0147246206179261,0.022163750603795,0.0146900694817304,0.0354465208947658,-0.0084745679050683,-0.0282623656094074,0.0021367331501096,0.0031007616780698,-0.0053304769098758,0.002887629205361,-0.0287602823227644,-0.0070577790029346,0.0095641063526272,0.0234763193875551,0.0060120574198663,-0.0233686361461877,0.0076059065759181,-0.0026384990196675,-0.0161753725260496,-0.0030688161496073,-0.0018268594285473,0.0153571916744113,0.0025622143875807,0.0098898317664861,-0.0082146218046545,-0.0221977662295103,-0.0127002103254199,-0.0304709207266569,-0.0082028079777956,-0.0111672729253768,-0.1003759428858757,-0.0624259151518344,-0.0112829273566603,0.0150391021743416,-0.0422654263675212,0.0072712707333266,-0.0022064975928515,0.0093781668692827,0.0057496312074363,0.016580294817686,-0.0195690281689167,-0.054292444139719,-0.001569851883687,0.0171451475471258,-0.0163971148431301,0.0019975723698735,-0.018185120075941,-0.0054830955341458,-0.0242468730138303,0.015247964708831,-0.0268185002983414,0.011538431722645,-0.0339823393704388,0.0299588558415582,-0.0750460596934202,1.0683600670802207e-09,-0.0286041152372804,0.1041141742286257,-0.1897633016686284,0.0507390536267731,2019-02-25,2019-02-26,2019-02-27,2019-02-28,2019-03-01,2019-03-04,2019-03-05,2019-03-06,2019-03-07,2019-03-08,78045.0,2019-02-22,252.0,3.4981%,0.0001,1.1204,0.1633,0.3182,1.6032%,1.9577%,32.9312%,0.03215,MGA,78045.0,2019-02-25,252.0,-1.8185%,-0.0001,1.1223,0.1745,0.3311,1.6047%,1.9590%,32.9013%,-0.018968,MGA,78045.0,2019-02-26,252.0,-0.6174%,-0.0,1.128,0.172,0.3342,1.6038%,1.9589%,32.9685%,-0.0022689999999999,MGA,78045.0,2019-02-27,252.0,-0.2636%,-0.0001,1.1262,0.1741,0.3339,1.6038%,1.9565%,32.8098%,-0.003677,MGA,78045.0,2019-02-28,252.0,-0.4719%,-0.0001,1.1287,0.1758,0.3358,1.6035%,1.9558%,32.7768%,-0.000528,MGA,78045.0,2019-03-01,252.0,-0.2655%,-0.0001,1.1157,0.1564,0.3202,1.6007%,1.9452%,32.2847%,-0.010038,MGA,78045.0,2019-03-04,252.0,-0.0761%,0.0,1.1088,0.1753,0.3229,1.5986%,1.9386%,31.9998%,0.004328,MGA,78045.0,2019-03-05,252.0,-0.4567%,0.0001,1.1157,0.2278,0.3283,1.5877%,1.9343%,32.6227%,-0.001454,MGA,78045.0,2019-03-06,252.0,-1.9308%,0.0001,1.1247,0.238,0.3399,1.5868%,1.9382%,32.9708%,-0.007287,MGA,78045.0,2019-03-07,252.0,-1.7056%,0.0001,1.1283,0.2427,0.3461,1.5873%,1.9411%,33.1276%,-0.0066359999999999,MGA,78045.0,2019-03-08,252.0,-0.1398%,0.0002,1.1278,0.2488,0.3449,1.5870%,1.9409%,33.1456%,0.001461,MGA,0.013182,0.0109129999999999,0.0072359999999999,-0.00333,-0.0129179999999999
14171,M G E ENERGY INC,"MGE Energy Q4 EPS $0.47 Up From $0.45 YoY, Sales $140.08M Down From $140.274M YoY",6,increase,0.7,0.5,"the increase in eps suggests improved profitability, which may positively influence investor sentiment despite a slight decline in sales.",2,2019-02-22,MGEE,2019-02-22 20:51:00+00:00,50789.0,55277P10,0.0118127940222621,56663.0,-0.0270917173475027,0.0053288438357412,-0.0084615852683782,-0.001975341932848,-0.0035685917828232,0.0204682853072881,0.0005838827928528,0.006241247523576,0.0115770576521754,-0.0063566458411514,0.0068047447130084,-0.0108878863975405,-0.0093702096492052,0.0095990523695945,-0.0173670183867216,-0.0023169838823378,0.0050497031770646,-0.000308898568619,0.0084786424413323,0.014887960627675,0.0197726394981145,-0.0054551474750041,-0.0036640895996242,0.0026566961314529,-0.0018388406606391,0.0073992633260786,-0.0081363031640648,-0.0122842034325003,0.0246091373264789,0.0220915358513593,0.0095166908577084,0.0153299486264586,-0.0125692645087838,-0.0119579080492258,-0.0078799314796924,-0.0138364350423216,0.0085534984245896,-0.0282658301293849,-0.0016659187385812,0.0430278405547142,0.0,0.0194963570684194,0.0172936804592609,0.0110052255913615,0.0047718416899442,0.0167000666260719,0.0023746462538838,0.0161208342760801,0.0063666021451354,0.0097669586539268,-0.0101515734568238,0.0077706919983029,0.0,-0.0268862135708332,-0.0056479973718523,-0.0033495356328785,0.0013452366692945,0.0116909286007285,0.0192566197365522,-0.0102297598496079,-0.0101054841652512,0.0189678836613893,-0.0041426066309213,-0.0182855241000652,0.005199912469834,0.0207191612571477,-0.0010346928611397,0.0036089173518121,0.0039947372861206,-0.0295196883380413,-0.0032419867347925,0.005196941550821,-0.011531620286405,0.0330793187022209,-0.0053843944333493,-0.0391079783439636,-0.0006015175022184,-0.0323671251535415,-0.0112849837169051,-0.0654627308249473,0.0141531014814972,-0.0055373054929077,0.0097539247944951,-0.0049143978394567,0.0008916266378946,-0.004742844030261,-0.0005939260008744,-0.0025132787413895,-0.0005942789721302,0.0147014055401086,0.0077301068231463,-0.0147797800600528,-0.0109160328283906,-0.0004431788693182,-0.0032811516430228,0.0121113220229744,0.0229686666280031,0.008595984429121,-0.0032911356538534,0.0051538022235035,-0.007778086233884,0.0059469253756105,-0.0187842659652233,0.013914680108428,0.014018696732819,-0.0220743734389543,0.0220009423792362,0.0007565903360955,0.0074182129465043,0.024174764752388,-0.0064973225817084,-0.009807713329792,0.0065398137085139,0.0205639451742172,0.0085185719653964,0.0009356805239804,0.0058697732165455,0.0062764431349933,0.0021349489688873,0.0074296747334301,-0.0270917173475027,0.0053288438357412,-0.0353240637394782,0.0033429756142109,-0.0387665983587048,0.0238796859001459,-0.0270705986112514,0.0237209111185459,-0.0335407500692113,0.0347907444027228,0.0273989259373927,0.1073284860784649,0.0594487886621539,0.0492466966682221,2019-02-25,2019-02-26,2019-02-27,2019-02-28,2019-03-01,2019-03-04,2019-03-05,2019-03-06,2019-03-07,2019-03-08,50789.0,2019-02-22,252.0,1.1813%,0.0009,0.2619,0.249,0.0879,1.3280%,1.3594%,4.5597%,0.010135,MGEE,50789.0,2019-02-25,252.0,-2.7092%,0.0007,0.2624,0.2631,0.097,1.3392%,1.3707%,4.5441%,-0.026779,MGEE,50789.0,2019-02-26,252.0,-0.8462%,0.0007,0.2561,0.2787,0.1003,1.3374%,1.3684%,4.4760%,-0.006138,MGEE,50789.0,2019-02-27,252.0,-0.3569%,0.0007,0.2597,0.2708,0.1009,1.3368%,1.3680%,4.5128%,-0.004308,MGEE,50789.0,2019-02-28,252.0,0.0584%,0.0007,0.2524,0.2658,0.0954,1.3341%,1.3637%,4.2987%,0.001487,MGEE,50789.0,2019-03-01,252.0,1.1577%,0.0009,0.2386,0.2453,0.07,1.3252%,1.3523%,3.9640%,0.00928,MGEE,50789.0,2019-03-04,252.0,0.6805%,0.0009,0.2396,0.2348,0.0713,1.3258%,1.3526%,3.9129%,0.0086629999999999,MGEE,50789.0,2019-03-05,252.0,-0.9370%,0.0009,0.2431,0.256,0.0772,1.3259%,1.3538%,4.0877%,-0.008154,MGEE,50789.0,2019-03-06,252.0,-1.7367%,0.0007,0.2306,0.2984,0.0687,1.3111%,1.3403%,4.3047%,-0.01222,MGEE,50789.0,2019-03-07,252.0,0.5050%,0.0008,0.2309,0.3132,0.0734,1.3089%,1.3388%,4.4237%,0.007286,MGEE,50789.0,2019-03-08,252.0,0.8479%,0.0008,0.23,0.3105,0.072,1.3098%,1.3393%,4.3683%,0.008865,MGEE,-0.016644,-0.022782,-0.02709,-0.016323,-0.011883
14179,MANNKIND CORP,Leerink Swann Initiates Coverage On MannKind with Outperform Rating,6,increase,0.75,0.6,"initiating coverage with an 'outperform' rating typically signals positive sentiment and can attract investor interest, likely leading to an increase in stock price.",2,2019-02-22,MNKD,2019-02-22 15:01:00+00:00,90285.0,56400P70,0.0758619904518127,3524534.0,-0.0320512540638446,-0.0136054288595914,0.1655629128217697,-0.0134228058159351,0.0625000074505806,0.0275861788541078,-0.0427807718515396,0.0431655123829841,-0.0111731737852096,-0.0347222723066806,-0.0282485615462064,-0.0068965447135269,0.0523255318403244,0.0902255624532699,-0.0331491418182849,0.023076994344592,0.0571428723633289,0.0,-0.010810799896717,-0.0370370894670486,0.0546447560191154,0.0305344145745039,0.0829015374183654,0.0314960330724716,0.0095693692564964,-0.0522388443350791,0.0616114325821399,0.0634920969605445,-0.0178571250289678,0.0243902206420898,-0.0227272510528564,0.0336134098470211,0.0465115830302238,-0.0555555038154125,-0.0177777614444494,-0.023255793377757,-0.0045248824171721,0.0078124925494194,-0.031818151473999,0.0078740082681179,-0.0704225748777389,-0.0928571373224258,0.010101000778377,-0.007092191837728,-0.0299999713897705,0.0143884755671024,-0.0051546953618526,0.0451127365231514,0.0207254309207201,-0.0362318493425846,-0.0862944573163986,0.0147058684378862,-0.0388888530433177,0.0461538955569267,0.0115606822073459,0.0317460000514984,0.0,0.0327868536114692,0.0228571202605962,0.0166666507720947,0.0055865868926048,0.0,0.0222222674638032,0.01694923825562,0.0217391084879636,0.0350876860320568,-0.0319148637354373,-0.0297872070223093,-0.0824176296591758,0.1084905788302422,-0.029940091073513,-0.0742358416318893,0.0,0.122549019753933,-0.0493827424943447,-0.0285714026540517,-0.0064935004338622,-0.0366973206400871,0.0392157286405563,0.0,0.006289301905781,-0.0438596084713935,-0.0437500327825546,-0.3254438042640686,0.0457516685128212,0.0180723443627357,-0.0187499821186065,-0.0235294587910175,-0.0191083364188671,0.0119048217311501,0.0,-0.0175439119338989,-0.0454545021057128,-0.0393258072435855,-0.0272109396755695,0.0229884833097457,0.0699300915002822,0.0116278957575559,0.01307188346982,-0.017142841592431,-0.0645160675048828,0.0,-0.0620689876377582,0.0115606822073459,-0.0147058684378862,-0.0335195213556289,-0.0671642050147056,0.0056179724633693,-0.0159999839961528,0.0056497124023735,0.0731707587838172,0.0,0.0,0.0,-0.0378788411617279,-0.0056179724633693,0.0,0.0113636255264282,0.0,0.0,-0.0320512540638446,-0.0136054288595914,0.1282051597755242,-0.0268456116459018,0.198717990667278,-6.361057236503598e-10,0.1346154089666844,0.0069444347605609,0.1730769899956665,0.0740740862323827,0.1474359076947389,0.2083333180227427,-0.1858974200377035,-0.1761363242347595,2019-02-25,2019-02-26,2019-02-27,2019-02-28,2019-03-01,2019-03-04,2019-03-05,2019-03-06,2019-03-07,2019-03-08,90285.0,2019-02-22,252.0,7.5862%,-0.0002,1.2192,0.6518,0.3061,7.3575%,7.4673%,2.9197%,0.070311,MNKD,90285.0,2019-02-25,252.0,-3.2051%,-0.0006,1.2288,0.6768,0.3547,7.3424%,7.4530%,2.9461%,-0.031735,MNKD,90285.0,2019-02-26,252.0,16.5563%,0.0,1.1903,0.4728,0.2225,7.4225%,7.5249%,2.7035%,0.172931,MNKD,90285.0,2019-02-27,252.0,6.2500%,-0.0,1.1628,0.5395,0.2181,7.4209%,7.5201%,2.6188%,0.060697,MNKD,90285.0,2019-02-28,252.0,-4.2781%,-0.0001,1.1609,0.537,0.2258,7.4241%,7.5219%,2.5844%,-0.038839,MNKD,90285.0,2019-03-01,252.0,-1.1173%,0.0,1.1219,0.4788,0.1747,7.4163%,7.5082%,2.4309%,-0.020276,MNKD,90285.0,2019-03-04,252.0,-2.8249%,0.0,1.114,0.5242,0.1724,7.4162%,7.5078%,2.4247%,-0.0212709999999999,MNKD,90285.0,2019-03-05,252.0,5.2326%,0.0003,1.1085,0.5181,0.1478,7.4238%,7.5149%,2.4080%,0.0561679999999999,MNKD,90285.0,2019-03-06,252.0,-3.3149%,0.0003,1.1195,0.5515,0.1647,7.4245%,7.5178%,2.4670%,-0.017458,MNKD,90285.0,2019-03-07,252.0,5.7143%,0.0006,1.0934,0.555,0.131,7.4354%,7.5260%,2.3919%,0.067163,MNKD,90285.0,2019-03-08,252.0,-1.0811%,0.0006,1.0934,0.5761,0.1298,7.4347%,7.5258%,2.4061%,-0.00855,MNKD,0.038576,0.211507,0.272204,0.2130889999999999,0.289141
14187,MERCK & CO INC NEW,"Cantor Fitzgerald Initiates Coverage On Merck & Co with Overweight Rating, Announces $95 Price Target",6,increase,0.8,0.6,the initiation of coverage with an overweight rating and a price target of $95 suggests positive sentiment and potential for stock price appreciation.,2,2019-02-22,MRK,2019-02-22 15:01:00+00:00,22752.0,58933Y10,0.0117749562487006,7955621.0,-0.004828518256545,0.0050359000451862,0.0044787339866161,0.002397809876129,-0.0014861917588859,-0.0071419584564864,0.0083105694502592,0.0110209668055176,0.0044285962358117,-0.0010123285464942,-0.0034292563796043,0.0063678044825792,0.0040554772131145,0.0235953275114297,-0.0115054445341229,-0.0104488851502537,-0.003838598029688,0.0091121708974242,-0.0080794766545295,-0.0073652886785566,0.0134085165336728,0.0031107952818274,0.0044515961781144,0.0036424973513931,0.0045549068599939,0.0054938630200922,0.0053921495564281,0.0271395482122898,0.0009817380923777,0.0144472876563668,-0.0026970850303769,0.0019117763731628,0.0068838992156088,0.0042513054795563,0.0020754262804985,-0.0004112238530069,0.0105993552133441,-0.0030067134648561,-0.0079565532505512,-0.0300901941955089,0.000729099032469,-0.0051430752500891,0.0069216722622513,-0.0005272296839393,-0.0075976513326168,0.0035714851692318,0.0041316845454275,0.0132689699530601,0.0065351678058505,0.0014765182277187,0.0015631223795935,0.0154013521969318,-0.0010804797057062,-0.020427219569683,-0.0003605189267545,0.0056390729732811,-0.0159894432872533,-0.0123325856402516,-0.00855219271034,-0.0076325070112943,-0.0024646280799061,0.0074240695685148,-0.0018529203953221,-0.0110134575515985,0.0002474831999279,0.0301187969744205,-0.0121257528662681,-0.0205052979290485,-0.0051352209411561,-0.0107316747307777,-0.0113307507708668,0.0137986056506633,-0.0123519832268357,-0.0001325883204117,-0.0469314008951187,0.0186486113816499,-0.0098754838109016,0.0400561951100826,0.0036889824550598,-0.0240054856985807,0.0155186410993337,-0.0080282539129257,0.0017426927806809,-0.0037955644074827,0.0215441305190324,-0.0075340396724641,0.0037988070398569,-0.0119633320719003,0.0019574780017137,-0.0163441412150859,0.0251367595046758,-0.0250601023435592,0.0001270758075406,0.012818869203329,0.0101625435054302,0.0116716576740145,0.0060362596996128,-0.0040041017346084,-0.0064999582245945,0.0091240480542182,-0.0198792368173599,-0.0210539940744638,0.0035943360999226,0.0020458209328353,0.0019186687422916,-0.012749332934618,-0.0017873023170977,-0.0015124165220186,-0.0130452010780572,0.0183544158935546,0.003239600919187,0.008804871700704,0.0016792158130556,0.0116584626957774,0.0203738771378994,0.0119299292564392,-0.0051812971942126,0.0103120971471071,0.0020324699580669,-0.0016045293305069,-0.004828518256545,0.0050359000451862,-0.0003714099187495,0.0074457850521789,-0.001857049691275,0.0002506491081739,0.0108951945405286,0.0102506363876919,-0.0120093308133516,0.0315286542100465,0.0114858236990049,0.0505330174907736,-0.0168084097438044,0.0750647402150397,2019-02-25,2019-02-26,2019-02-27,2019-02-28,2019-03-01,2019-03-04,2019-03-05,2019-03-06,2019-03-07,2019-03-08,22752.0,2019-02-22,252.0,1.1775%,0.0016,0.6658,-0.502,-0.035,0.9320%,1.1923%,38.8899%,0.009776,MRK,22752.0,2019-02-25,252.0,-0.4829%,0.0016,0.6657,-0.4977,-0.0332,0.9337%,1.1930%,38.7447%,-0.007295,MRK,22752.0,2019-02-26,252.0,0.4479%,0.0016,0.6706,-0.5032,-0.0323,0.9322%,1.1928%,38.9294%,0.002149,MRK,22752.0,2019-02-27,252.0,-0.1486%,0.0016,0.6661,-0.4961,-0.033,0.9302%,1.1863%,38.5127%,-0.001272,MRK,22752.0,2019-02-28,252.0,0.8311%,0.0017,0.6545,-0.5037,-0.0435,0.9247%,1.1760%,38.1752%,0.0102919999999999,MRK,22752.0,2019-03-01,252.0,0.4429%,0.0017,0.6508,-0.5093,-0.0489,0.9239%,1.1741%,38.0737%,0.000913,MRK,22752.0,2019-03-04,252.0,-0.3429%,0.0017,0.652,-0.5098,-0.05,0.9242%,1.1724%,37.8588%,-0.001982,MRK,22752.0,2019-03-05,252.0,0.4055%,0.0016,0.649,-0.5317,-0.0527,0.9212%,1.1706%,38.0711%,0.0033729999999999,MRK,22752.0,2019-03-06,252.0,-1.1505%,0.0016,0.6602,-0.5064,-0.0366,0.9235%,1.1736%,38.0774%,-0.012821,MRK,22752.0,2019-03-07,252.0,-0.3839%,0.0016,0.661,-0.5034,-0.0346,0.9234%,1.1739%,38.1265%,0.001009,MRK,22752.0,2019-03-08,252.0,-0.8079%,0.0016,0.6625,-0.509,-0.032,0.9243%,1.1755%,38.1762%,-0.006522,MRK,0.0024809999999999,0.00463,0.0033579999999999,0.014563,-0.00238
14195,VAIL RESORTS INC,"Vail Resorts to Acquire Falls Creek and Hotham Ski Resorts in Victoria, Australia for $A174M",6,increase,0.75,0.6,"the acquisition of additional ski resorts is likely to enhance vail resorts' market presence and revenue potential, which could positively influence investor sentiment and stock price.",2,2019-02-22,MTN,2019-02-22 09:57:00+00:00,84588.0,91879Q10,0.0048178839497268,383428.0,0.001678203465417,-0.0176534429192543,-0.0089512728154659,0.0168439298868179,0.0034775948151946,0.00673449318856,0.003032368607819,-0.0037167749833315,-0.0045587453059852,-0.0007235633092932,-0.0117142684757709,0.0113171087577939,0.0095605421811342,0.0174707379192113,0.0024640986230224,-0.0009421452996321,-0.024484297260642,0.0157139003276825,0.0699111148715019,-0.0237006060779094,0.0183791071176528,0.0134549112990498,-0.0122885387390852,0.0295520722866058,0.0012395051307976,-0.0099557656794786,-0.0170112866908311,0.0457346253097057,-0.0007463553338311,0.0076000760309398,0.0115768639370799,0.0037605939432978,-0.019750801846385,0.0008064621360972,-0.0106863966211676,0.0113649358972907,0.0163692720234394,-0.017995461821556,-0.0084273749962449,0.0041287094354629,-0.0023608291521668,0.0123215783387422,0.0165176354348659,-0.0133883152157068,-0.001502240775153,0.032741542905569,0.0144335087388753,-0.0217497386038303,0.0070908782072365,0.0087322276085615,0.0059825265780091,-0.0253723636269569,0.0095608243718743,0.0035765662323683,0.0042140227742493,-0.1271956562995911,-0.0281111635267734,-0.0038984376005828,0.0189887937158346,-0.005997153930366,-0.0069254101254045,-0.0087795425206422,-0.0036245572846382,0.004362987820059,-0.0049730711616575,0.0369559489190578,0.0069415522739291,-0.0100886262953281,-0.0022978996858,0.0061663398519158,0.0030402306001633,9.48969245655462e-05,-0.0139150349423289,0.0033317322377115,-0.0167194306850433,0.002433368936181,-0.0078624719753861,0.0491623915731906,0.0109801068902015,-0.0263298116624355,0.0053359284065663,-0.0288145374506712,0.0139502175152301,-0.0458805933594703,0.0043544839136302,-0.0296370331197977,0.0185416005551815,0.0053377724252641,0.0182493273168802,0.0178579129278659,0.0177443977445364,0.0148235131055116,0.0049814260564744,-0.0167525298893451,-0.0010435475269332,-0.0539370328187942,0.0082263303920626,0.0144575210288167,-0.0177861992269754,0.0503023341298103,-0.0096694659441709,-0.1785332858562469,0.0035060946829617,0.0080115860328078,-0.000663366925437,-0.0299356225878,-0.0038502847310155,-0.0044773980043828,-0.0296325832605361,0.0050761555321514,0.0062722968868911,-0.0129349157214164,0.0036398519296199,0.0339114218950271,0.0123759508132934,0.0005882055265828,-0.0151352537795901,0.0266067385673522,-0.0183231737464666,-0.0032726267818361,0.001678203465417,-0.0176534429192543,-0.0072880914071077,-0.0011068663872292,-0.0038358416208031,0.0056201726171853,-0.0053701341499657,0.0011575832933381,0.0383103450803927,0.0206028526326522,0.0610537566368267,-0.0424874679204838,0.0437949914294193,-0.2137535333349293,2019-02-25,2019-02-26,2019-02-27,2019-02-28,2019-03-01,2019-03-04,2019-03-05,2019-03-06,2019-03-07,2019-03-08,84588.0,2019-02-22,252.0,0.4818%,-0.0003,0.868,0.1581,-0.5838,1.8609%,2.1770%,26.9353%,-0.010602,MTN,84588.0,2019-02-25,252.0,0.1678%,-0.0002,0.8653,0.1555,-0.5951,1.8553%,2.1732%,27.1112%,-0.000364,MTN,84588.0,2019-02-26,252.0,-0.8951%,-0.0002,0.878,0.1549,-0.5859,1.8525%,2.1737%,27.3687%,-0.008635,MTN,84588.0,2019-02-27,252.0,0.3478%,-0.0002,0.8794,0.153,-0.5856,1.8525%,2.1735%,27.3580%,0.00159,MTN,84588.0,2019-02-28,252.0,0.3032%,-0.0002,0.8779,0.1521,-0.5877,1.8527%,2.1720%,27.2454%,0.004164,MTN,84588.0,2019-03-01,252.0,-0.4559%,-0.0002,0.8701,0.1405,-0.5935,1.8539%,2.1696%,26.9819%,-0.013762,MTN,84588.0,2019-03-04,252.0,-1.1714%,-0.0003,0.8785,0.1164,-0.5965,1.8510%,2.1704%,27.2652%,-0.004403,MTN,84588.0,2019-03-05,252.0,0.9561%,-0.0002,0.8779,0.1179,-0.6007,1.8519%,2.1709%,27.2301%,0.0098929999999999,MTN,84588.0,2019-03-06,252.0,0.2464%,-0.0002,0.8693,0.0971,-0.6132,1.8528%,2.1692%,27.0407%,0.011474,MTN,84588.0,2019-03-07,252.0,-2.4484%,-0.0003,0.8766,0.0952,-0.604,1.8563%,2.1740%,27.0913%,-0.019402,MTN,84588.0,2019-03-08,252.0,6.9911%,-0.0001,0.8677,0.0836,-0.6177,1.9080%,2.2160%,25.8657%,0.070675,MTN,-0.010966,-0.019601,-0.018011,-0.027609,0.040628
14203,NAVIENT CORP,Navient Says Will Evaluate Canyon Capital's Nominees For Board And Make Recommendation; Advises Shareholders Not To Act At This Time,6,uncertain,0.6,0.3,"the news indicates that navient is evaluating nominees for its board, which could lead to potential changes in governance, but without a clear outcome or direction, the impact on stock price remains uncertain.",1,2019-02-22,NAVI,2019-02-22 12:20:00+00:00,14601.0,63938C10,0.0097402511164546,1580954.0,0.0120579246431589,-0.0268562529236078,0.000794299354311,-0.0101641993969678,-0.00396826909855,0.0903666242957115,-0.0135458111763,0.0094664078205823,-0.000818349304609,-0.0059879980981349,-0.0073710200376808,0.0094991065561771,-0.0115511836484074,0.0166812613606452,-0.0141902444884181,0.0124444747343659,-0.0228620190173387,-0.0105540798977017,0.0164644345641136,-0.0043783001601696,0.0017050689784809,-0.0017482084222137,0.0,0.003508768742904,0.0042553353123366,-0.003496500197798,0.0042373044416308,0.003508768742904,0.0151898181065917,-0.004366829060018,0.0091438582167029,0.0,-0.0148270428180694,0.0008741458877921,-0.0142140528187155,-0.0086655439808964,0.0212044101208448,0.0087412921711802,-0.0373753979802131,0.029702965170145,0.0,0.0239630658179521,0.0025884152855724,-0.0054994928650557,-0.0051634651608765,0.0331438854336738,0.0147058060392737,-0.0084506291896104,-0.0136402258649468,0.0181643962860107,0.0458081848919391,0.0048030922189354,-0.0223140865564346,0.0019248799653723,0.0126795955002307,-0.0057415757328271,0.0191987063735723,0.005774731747806,-0.0032760000322014,0.0206286869943141,0.0073952465318143,0.012935334816575,-0.0277324747294187,0.0223804954439401,0.0192952640354633,0.0402116514742374,0.0008230641251429,0.0172228030860424,0.0213815979659557,0.054483488202095,-0.0120772635564208,-0.0045197694562375,0.0065199611708521,0.0045402906835079,-0.0145749226212501,-0.0045197694562375,0.0016433446435257,0.0498220697045326,-0.0106644108891487,-0.012880521826446,0.0306799225509166,-0.0183907877653837,0.0426387563347816,0.001150774420239,0.0177468787878751,-0.0461031943559646,0.0007581674726679,-0.023579878732562,-0.0015151139814406,-0.0271115973591804,0.0250379294157028,-0.0263959616422653,0.008882300928235,-0.0314650647342205,0.0154071925207972,0.0241691600531339,0.0057803411036729,-0.0255151409655809,0.0007184072164818,-0.0422933027148246,-0.0107681667432189,-0.0157261863350868,-0.0094339707866311,0.0138632832095027,-0.0014651651727035,-0.0492091737687587,0.0139398081228137,-0.0104347728192806,-0.0426917634904384,0.004366829060018,0.0098261618986725,0.0214094351977109,0.0142215974628925,0.0117328623309731,-0.0007380242459475,-0.0237885862588882,-0.0066469833254814,0.018850989639759,-0.0074349017813801,-0.0053570950403809,0.0120579246431589,-0.0268562529236078,0.0128618015992283,-0.0367474800108047,0.0088424934108404,0.0502983985649561,-0.0056374988384633,0.0538922307376956,-0.044727957310179,0.078809075223331,-0.0088950290474046,0.2102160498419243,0.0872022762258213,0.1162812122035974,2019-02-25,2019-02-26,2019-02-27,2019-02-28,2019-03-01,2019-03-04,2019-03-05,2019-03-06,2019-03-07,2019-03-08,14601.0,2019-02-22,252.0,0.9740%,0.0004,1.3104,0.9197,1.5389,1.5277%,2.0265%,43.1676%,0.0190749999999999,NAVI,14601.0,2019-02-25,252.0,1.2058%,0.0005,1.3078,0.9098,1.5241,1.5244%,2.0207%,43.0880%,0.015153,NAVI,14601.0,2019-02-26,252.0,0.0794%,0.0006,1.3068,0.8926,1.5146,1.5265%,2.0193%,42.8497%,0.0136389999999999,NAVI,14601.0,2019-02-27,252.0,-0.3968%,0.0006,1.3103,0.8847,1.5152,1.5261%,2.0194%,42.8923%,-0.005123,NAVI,14601.0,2019-02-28,252.0,-1.3546%,0.0005,1.3135,0.8867,1.519,1.5265%,2.0194%,42.8621%,-0.005973,NAVI,14601.0,2019-03-01,252.0,-0.0818%,0.0005,1.3204,0.897,1.5332,1.5246%,2.0187%,42.9628%,-0.006861,NAVI,14601.0,2019-03-04,252.0,-0.7371%,0.0004,1.3294,0.8704,1.5302,1.5203%,2.0180%,43.2392%,-0.002986,NAVI,14601.0,2019-03-05,252.0,-1.1551%,0.0004,1.3291,0.8659,1.5312,1.5203%,2.0167%,43.1728%,-0.00301,NAVI,14601.0,2019-03-06,252.0,-1.4190%,0.0004,1.3231,0.8545,1.523,1.5204%,2.0145%,43.0381%,0.0071819999999999,NAVI,14601.0,2019-03-07,252.0,-2.2862%,0.0004,1.3285,0.8675,1.5338,1.5199%,2.0195%,43.3534%,-0.006478,NAVI,14601.0,2019-03-08,252.0,1.6464%,0.0004,1.3258,0.865,1.5296,1.5257%,2.0221%,43.0720%,0.021471,NAVI,0.034228,0.047867,0.042744,0.02991,0.046089
14211,NOODLES & CO,"Jefferies Upgrades Noodles to Buy, Announces $11",6,increase,0.8,0.7,"the upgrade to 'buy' by jefferies typically signals positive sentiment and potential for stock price appreciation, which is likely to attract more investors.",2,2019-02-22,NDLS,2019-02-22 13:40:00+00:00,13959.0,65540B10,0.0818792805075645,789419.0,-0.0235732663422823,0.0094850528985261,-0.0216010268777608,0.0081967134028673,0.020779263228178,-0.0252996068447828,-0.0025445267092436,-0.0066137188114225,-0.0089285932481288,0.0161290168762207,-0.0051480000838637,0.0205761454999446,-0.0103492783382535,0.0253164302557706,-0.0209150742739439,0.0113797895610332,-0.0053404490463435,0.0071633509360253,-0.0322147347033023,0.0130624314770102,-0.0069348393008112,-0.0086330855265259,0.0111731737852096,0.0043352213688194,0.0372928828001022,-0.01843973249197,-0.0173102673143148,-0.0208332818001508,-0.1382113844156265,-0.0082645202055573,0.0566037185490131,-0.0027472500223666,-0.0089285634458065,-0.0054644756019115,0.0135135371237993,-0.010810799896717,0.0014815153554081,0.019283726811409,-0.0221893619745969,0.0055402270518243,-0.0015128939412534,-0.0308724865317344,0.0030303001403808,-0.0145502826198935,-0.0030211452394723,0.0216215997934341,0.0060606002807617,0.019283726811409,0.0240964349359273,0.0055402270518243,-0.0044117956422269,0.0433525592088699,-0.0723781064152717,-0.0267229322344064,-0.0636942833662033,-0.0138696124777197,0.0612244307994842,-0.0123287877067923,0.017628226429224,-0.0174965877085924,0.0,0.0067750290036201,-0.0236220620572567,0.043847233057022,0.0274193678051233,0.0427728556096553,0.0015698947245255,-0.0396600179374218,0.0282131396234035,0.0100143309682607,0.0060975551605224,0.0309733860194683,0.0075757866725325,0.0366972871124744,0.0165413729846477,-0.0150602273643016,0.0133135607466101,0.0199692212045192,-0.0072992285713553,0.0093023907393217,0.0161764193326234,-0.0256797708570957,0.0318379551172256,0.0,0.0070125823840498,-0.0235988665372133,0.0083565386012196,0.0044444757513701,0.0082873506471514,-0.0287769511342048,-0.0205479580909013,-0.0544217824935913,0.0041957669891417,-0.040469966828823,0.0055710254237055,0.0464480407536029,0.0221607107669115,-0.0148047991096973,0.031165312975645,-0.0013441167538985,-0.0223390366882085,-0.0350194536149501,0.0053763389587402,0.0131405917927622,0.0240641478449106,-0.0662576109170913,0.1148825213313103,0.0303413122892379,-0.0210773199796676,-0.0605700984597206,-0.0227272231131792,-0.0946236699819564,0.0208078417927026,0.0141766751185059,-0.0287769511342048,-0.0223880633711814,-0.0049382667057216,0.0118661979213357,0.0037220511585474,-0.0085561415180563,-0.0235732663422822,0.0094850528985261,-0.0446650864601869,0.0177595125616136,-0.0248139308206745,-0.0079894029687329,-0.0359802022779177,0.0013440530149777,-0.1054590983977598,0.0812772062779789,-0.2121588702962192,0.0026917830868031,0.0037220357992693,-0.2032086158488224,2019-02-25,2019-02-26,2019-02-27,2019-02-28,2019-03-01,2019-03-04,2019-03-05,2019-03-06,2019-03-07,2019-03-08,13959.0,2019-02-22,252.0,8.1879%,0.0009,1.0828,1.6689,0.0345,3.3634%,3.6710%,16.0574%,0.067564,NDLS,13959.0,2019-02-25,252.0,-2.3573%,0.001,1.0775,1.6744,0.0179,3.3537%,3.6632%,16.1821%,-0.0208959999999999,NDLS,13959.0,2019-02-26,252.0,-2.1601%,0.0009,1.0817,1.6844,0.0261,3.3542%,3.6658%,16.2771%,-0.009202,NDLS,13959.0,2019-02-27,252.0,2.0779%,0.0009,1.0739,1.7029,0.0249,3.3537%,3.6654%,16.2845%,0.016537,NDLS,13959.0,2019-02-28,252.0,-0.2545%,0.001,1.0663,1.6977,0.0195,3.3525%,3.6601%,16.1063%,0.0004059999999999,NDLS,13959.0,2019-03-01,252.0,-0.8929%,0.001,1.0444,1.665,-0.0041,3.3507%,3.6484%,15.6544%,-0.021542,NDLS,13959.0,2019-03-04,252.0,-0.5148%,0.0009,1.0602,1.6072,-0.007,3.3434%,3.6404%,15.6509%,0.0068689999999999,NDLS,13959.0,2019-03-05,252.0,-1.0349%,0.0007,1.0512,1.5349,-0.0117,3.3324%,3.6153%,15.0368%,-0.003671,NDLS,13959.0,2019-03-06,252.0,-2.0915%,0.0008,1.0556,1.5156,-0.0093,3.3316%,3.6176%,15.1852%,0.0071699999999999,NDLS,13959.0,2019-03-07,252.0,-0.5340%,0.0006,1.0434,1.4618,-0.0409,3.3202%,3.5995%,14.9179%,0.0042559999999999,NDLS,13959.0,2019-03-08,252.0,-3.2215%,0.0005,1.0473,1.4678,-0.0349,3.3259%,3.6053%,14.8994%,-0.03081,NDLS,0.046668,0.037466,0.0540029999999999,0.0328669999999999,0.0166809999999999
14219,NEWMONT CORP,Newmont And Goldcorp Obtain Interim Order For Plan Of Arrangement,6,increase,0.7,0.6,"the acquisition of goldcorp by newmont is likely to be viewed positively by investors, as it suggests growth and consolidation in the mining sector, potentially leading to an increase in stock price.",2,2019-02-22,NEM,2019-02-22 21:08:00+00:00,21207.0,65163910,0.0302174445241689,33898323.0,-0.0104166958481073,0.0005651443498209,-0.0318558923900127,0.0249058976769447,-0.0266094505786895,0.0388085767626762,0.0029394025914371,0.0039263386279344,-0.0087924748659133,-0.0036111625377088,0.0186280626803636,-0.0047918492928147,0.0014513566857203,-0.0077266604639589,-0.0353623367846012,-0.0056146164424717,0.0024140565656125,0.0032612099312245,0.0147500857710838,-0.0073572690598666,-0.0077127953991293,-0.0041031474247574,0.0319880321621894,-0.0011709870304912,-0.0031865760684013,0.0094562554731965,-0.0287707559764385,-0.0079155806452035,-0.0083781806752085,0.0118659604340791,-0.0042244838550686,0.0050685200840234,0.0084848115220665,0.0191431492567062,0.0177283715456724,-0.0075392038561403,0.0135814268141984,0.0304536838084459,0.004951883573085,-0.0006211322033777,0.0115942470729351,0.0031153361778706,0.0189111698418855,0.0103870946913957,0.0042181583121418,0.0047438209876418,-0.0039204536005854,0.0019011842086911,0.0056227371096611,0.0174080915749073,-0.0044730179943144,-0.0239144191145896,0.0061780740506947,-0.0888761579990387,0.0033491188660264,0.0017231870442628,0.0147426640614867,0.0130928363651037,0.0005482581909745,0.0088053783401846,0.0043835574761033,0.0029437288176268,-0.0016366987256333,-0.011925533413887,-0.0090163396671414,0.0,-0.0082712778821587,-0.002900187857449,0.0077842306345701,-0.0049062618054449,-0.0022069469559937,0.0052219405770301,-0.0138235352933406,-0.0148614011704921,-0.017533790320158,0.0133218336850404,-0.0333528183400631,-0.0014460106613114,-0.0148305585607886,0.0313153304159641,-0.0055299634113907,-0.016427144408226,-0.0052517200820147,0.0623247101902961,-0.0177019126713275,-0.0605971813201904,-0.0053746467456221,0.0163641534745693,-0.0222504418343305,0.0090062813833355,0.0097529012709856,-0.021445345133543,-0.0238248482346534,-0.0011737357126548,-0.0072559141553938,0.0221956111490726,0.0039866752922534,-0.0056665265001356,-0.0092653473839163,0.0041928538121283,0.0260520633310079,0.022351486608386,-0.0169270373880863,-0.0292986389249563,-0.0089404126629233,0.0171583276242017,0.0073504615575075,0.0272109173238277,0.0252073053270578,0.0,-0.0025881566107273,-0.0107065923511982,-0.0045410115271806,0.0228410381823778,-0.004561788868159,-0.0157068707048893,0.0121113210916519,0.0003081372997257,0.0080853812396526,-0.0336409956216812,-0.0104166958481073,0.0005651443498209,-0.0419407550961232,0.025485117454115,-0.0674341852248496,0.0652827353538152,-0.0729166621517186,0.0656033827335078,-0.072028302512681,0.0420835905080834,0.0047750784164177,0.0393307912755214,-0.1202455457280613,0.0587016258771246,2019-02-25,2019-02-26,2019-02-27,2019-02-28,2019-03-01,2019-03-04,2019-03-05,2019-03-06,2019-03-07,2019-03-08,21207.0,2019-02-22,252.0,3.0217%,-0.0001,0.1582,0.4664,0.1595,1.7448%,1.7657%,2.3631%,0.029528,NEM,21207.0,2019-02-25,252.0,-1.0417%,-0.0,0.1566,0.4694,0.1554,1.7436%,1.7648%,2.3834%,-0.009254,NEM,21207.0,2019-02-26,252.0,-3.1856%,-0.0003,0.1456,0.5191,0.1724,1.7435%,1.7672%,2.6638%,-0.028188,NEM,21207.0,2019-02-27,252.0,-2.6609%,-0.0004,0.1372,0.5262,0.1709,1.7484%,1.7720%,2.6399%,-0.02762,NEM,21207.0,2019-02-28,252.0,0.2939%,-0.0003,0.1259,0.5186,0.1618,1.7443%,1.7666%,2.5115%,0.003587,NEM,21207.0,2019-03-01,252.0,-0.8792%,-0.0004,0.1226,0.5136,0.1614,1.7454%,1.7670%,2.4282%,-0.010646,NEM,21207.0,2019-03-04,252.0,1.8628%,-0.0003,0.1174,0.5121,0.167,1.7500%,1.7710%,2.3498%,0.0206009999999999,NEM,21207.0,2019-03-05,252.0,0.1451%,-0.0002,0.1191,0.5282,0.1669,1.7489%,1.7708%,2.4526%,0.003549,NEM,21207.0,2019-03-06,252.0,-3.5362%,-0.0004,0.1252,0.5895,0.1821,1.7562%,1.7836%,3.0498%,-0.027863,NEM,21207.0,2019-03-07,252.0,0.2414%,-0.0004,0.1205,0.5754,0.1718,1.7551%,1.7811%,2.8883%,0.004365,NEM,21207.0,2019-03-08,252.0,1.4750%,-0.0002,0.1164,0.6084,0.1635,1.7478%,1.7762%,3.1786%,0.014929,NEM,0.020274,-0.007914,-0.0355339999999999,-0.0425929999999999,-0.027012
14227,NEKTAR THERAPEUTICS,"BMO Capital Initiates Coverage On Nektar Therapeutics with Outperform Rating, Announces $75 Price Target",6,increase,0.8,0.6,"the initiation of coverage with an 'outperform' rating and a $75 price target is likely to attract positive investor sentiment, potentially driving the stock price higher.",2,2019-02-22,NKTR,2019-02-22 12:18:00+00:00,80539.0,64026810,-0.0052160727791488,2258916.0,0.0232209824025631,-0.0643737018108367,0.0012200888013467,0.0051389252766966,0.0,0.0268650222569704,-0.0119424294680357,-0.0218207482248544,-0.0594474524259567,0.0087573714554309,0.0044583836570382,-0.0002365906693739,0.0026110259350389,-0.0882416442036628,-0.0523438043892383,0.0325239263474941,-0.0156636349856853,0.0244180671870708,-0.0192629434168338,-0.0117275696247816,0.0091090146452188,0.0134857175871729,0.0214385986328125,0.0294117648154497,0.0400442071259021,0.0061552631668746,-0.0355815216898918,-0.0023617967963218,-0.0217511262744665,-0.0176333729177713,-0.0168870948255062,0.0138790914788842,-0.0148869296535849,-0.0111654652282595,-0.0523103512823581,-0.0211747847497463,0.0266788993030786,0.0159611068665981,-0.039127878844738,-0.0163822807371616,0.0062169963493943,-0.0180964600294828,-0.0015446165343746,-0.0311688836663961,-0.0167078897356987,0.017173109576106,0.0286342948675155,0.0179291628301143,0.0278372559696435,0.0022461472544819,-0.0107141910120844,0.0722543373703956,0.0138387205079197,0.0124360434710979,0.0471810139715671,-0.0110924253240227,0.0,0.0070422757416963,0.0286199580878019,0.012291052378714,-0.0088154189288616,0.1108684167265892,-0.0147303724661469,0.078327439725399,0.0107193533331155,0.0753641277551651,-0.0022328167688101,-0.077147901058197,-0.0167831741273403,0.041070956736803,-0.0472261682152748,-0.022308150306344,-0.0032845805399119,0.0135664995759725,-0.0656081661581993,0.0118974801152944,0.0157101564109325,0.0772263705730438,-0.021464655175805,-0.0062051122076809,0.0200000274926424,-0.0615997612476348,-0.0154965734109282,-0.0475772731006145,0.0208802297711372,-0.0414102748036384,0.0151037639006972,0.0462529808282852,0.0021699788048863,-0.0643658861517906,-0.0095886597409844,-0.0392105691134929,-0.0118676163256168,0.0278603937476873,0.0158027820289135,0.0148229729384183,0.002489167265594,-0.0062738554552197,0.0145871322602033,-0.0089213792234659,-0.0186600442975759,-0.0276025030761957,0.0280547905713319,0.0010526556288823,0.0748939141631126,-0.0624228678643703,-0.0186177659779787,0.0034661893732845,-0.0626616925001144,0.0287825036793947,0.0349585823714733,0.018417615443468,0.0044444897212088,0.0174188409000635,-0.0755162611603736,-0.0282124187797308,0.0216975212097168,0.0492465496063232,0.0040599959902465,-0.0050869779661297,0.023220982402563,-0.0643737018108367,0.0244694028644953,-0.0595655881775303,0.0244694028644953,-0.0343007967726988,-0.0479400278230158,-0.0471006270865334,-0.1228463964299517,-0.0920162738616116,-0.0936329536845542,-0.0103245245696915,-0.1972533747182355,0.0779116539165594,2019-02-25,2019-02-26,2019-02-27,2019-02-28,2019-03-01,2019-03-04,2019-03-05,2019-03-06,2019-03-07,2019-03-08,80539.0,2019-02-22,252.0,-0.5216%,-0.0025,1.3478,1.0157,-0.5181,4.3940%,4.7216%,13.3937%,-0.027789,NKTR,80539.0,2019-02-25,252.0,2.3221%,-0.0025,1.35,1.0055,-0.5152,4.3951%,4.7222%,13.3717%,0.022808,NKTR,80539.0,2019-02-26,252.0,0.1220%,-0.0024,1.3476,0.9932,-0.5232,4.3956%,4.7209%,13.3058%,0.008015,NKTR,80539.0,2019-02-27,252.0,0.0000%,-0.0025,1.3464,0.995,-0.5235,4.3956%,4.7202%,13.2827%,-0.003828,NKTR,80539.0,2019-02-28,252.0,-1.1942%,-0.0026,1.3562,1.0016,-0.5147,4.3947%,4.7206%,13.3323%,-0.009376,NKTR,80539.0,2019-03-01,252.0,-5.9447%,-0.0028,1.3296,0.9619,-0.5226,4.4162%,4.7288%,12.7863%,-0.074265,NKTR,80539.0,2019-03-04,252.0,0.4458%,-0.0026,1.3204,0.9746,-0.5162,4.4170%,4.7271%,12.6903%,0.017169,NKTR,80539.0,2019-03-05,252.0,0.2611%,-0.0033,1.2743,0.6225,-0.5524,4.2359%,4.5206%,12.1992%,0.006548,NKTR,80539.0,2019-03-06,252.0,-5.2344%,-0.0034,1.2944,0.6783,-0.5222,4.2391%,4.5312%,12.4792%,-0.033665,NKTR,80539.0,2019-03-07,252.0,-1.5664%,-0.0032,1.3067,0.733,-0.4904,4.2297%,4.5262%,12.6712%,-0.006388,NKTR,80539.0,2019-03-08,252.0,-1.9263%,-0.0034,1.3105,0.7023,-0.4826,4.2271%,4.5218%,12.6080%,-0.017678,NKTR,-0.0049809999999999,0.003034,-0.0007939999999999,-0.084435,-0.118449
14235,NVIDIA CORP,Why This Analyst Sees 25% Upside In NVIDIA,6,increase,0.8,0.25,analyst predictions of a 25% upside typically indicate positive sentiment and potential for stock price appreciation.,2,2019-02-22,NVDA,2019-02-22 20:43:00+00:00,86580.0,67066G10,0.0219554342329502,10042631.0,-0.0031409007497131,-0.0175338927656412,-0.0100195119157433,0.012193588539958,-0.0107574947178363,-0.0044489447027444,-0.006370305083692,0.0181841552257537,0.0141968270763754,0.0107927387580275,0.0021093117538839,0.011311812326312,-0.0016583397518843,0.0322294384241104,-0.0285586584359407,-0.0116082960739731,-0.0183492824435234,0.005087505094707,0.0092456443235278,-0.0364705994725227,0.0697026029229164,0.0203401334583759,0.0085640121251344,0.0051615787670016,0.0375337861478328,0.0307468883693218,-0.0181472990661859,0.006817361805588,0.0256704520434141,0.0462915822863578,-0.0050644874572753,0.0439969077706337,0.0400118976831436,-0.0464458279311657,-0.007455538958311,-0.1382454037666321,0.0547018870711326,0.014635058119893,-0.0350114293396472,0.0572711043059825,-0.0209577530622482,0.0034952543210238,0.0177810806781053,-0.051997635513544,-0.0020919044036418,0.0343395173549652,0.00424929196015,0.0193496700376272,0.0130324261263012,-0.0068726148456335,0.0151481470093131,-0.0037889345549046,0.003949973732233,0.0108177158981561,0.0307103563100099,0.0247883088886737,-0.0019086025422438,0.0185860134661197,0.0142887625843286,0.019666738808155,0.0043990383855998,-0.0248953439295291,-0.0131915053352713,0.0529406815767288,0.0150058735162019,0.064067542552948,-0.0029152149800211,-0.0604169964790344,-0.0079878820106387,0.0203745402395725,-0.0279458854347467,-0.0011222888715565,0.0190038438886404,0.0189067292958498,-0.0048882281407713,-0.0145004345104098,-0.0052858684211969,0.0473717674612999,0.0116478698328137,-0.0192174520343542,0.0116729289293289,-0.0409326329827308,0.0026223317254334,-0.0246190782636404,-0.0222838018089532,-0.0573704093694686,-0.0471885241568088,0.0234015919268131,0.0069628027267754,-0.0195971000939607,0.009312430396676,-0.0163879543542861,-0.0029281701426953,-6.712228059768677e-05,0.0150717636570334,0.0047910888679325,-0.0009826297173276,-0.0241669844835996,-0.0172667540609836,0.0287920869886875,-0.0374757051467895,-0.0674710571765899,0.0046790917403995,0.0075106145814061,-0.0214466173201799,-0.076040893793106,-0.0080497981980443,0.0404454544186592,-0.061426430940628,0.0385739207267761,0.0226569660007953,-0.0159305725246667,-0.0151813849806785,0.0412412136793136,0.00382253783755,0.0044429446570575,-0.0228478908538818,0.0555172637104988,-0.0305372700095176,0.002003961475566,-0.0031409007497131,-0.0175338927656412,-0.0131289423729685,-0.0055541052995712,-0.0237452025625769,-0.0099783400949646,-0.0161928135681956,0.0189037111051733,-0.0527279210021451,0.0181046034091281,0.2007541302822564,0.1139955692636931,-0.0457478843559693,0.077523162488823,2019-02-25,2019-02-26,2019-02-27,2019-02-28,2019-03-01,2019-03-04,2019-03-05,2019-03-06,2019-03-07,2019-03-08,86580.0,2019-02-22,252.0,2.1955%,-0.002,1.7414,0.2178,-1.1026,2.3126%,3.2110%,48.1286%,-0.0070199999999999,NVDA,86580.0,2019-02-25,252.0,-0.3141%,-0.0021,1.7414,0.2205,-1.1009,2.3128%,3.2109%,48.1152%,-0.007271,NVDA,86580.0,2019-02-26,252.0,-1.0020%,-0.0021,1.749,0.2235,-1.0937,2.3124%,3.2096%,48.0918%,-0.009555,NVDA,86580.0,2019-02-27,252.0,-1.0757%,-0.002,1.7552,0.2089,-1.0927,2.3119%,3.2101%,48.1333%,-0.014169,NVDA,86580.0,2019-02-28,252.0,-0.6370%,-0.0021,1.7678,0.2175,-1.0832,2.3074%,3.2102%,48.3360%,-0.003803,NVDA,86580.0,2019-03-01,252.0,1.4197%,-0.0022,1.7691,0.2195,-1.0804,2.3074%,3.2103%,48.3394%,-0.003584,NVDA,86580.0,2019-03-04,252.0,0.2109%,-0.002,1.7576,0.2412,-1.0736,2.3069%,3.2007%,48.0541%,0.01631,NVDA,86580.0,2019-03-05,252.0,-0.1658%,-0.002,1.7573,0.2399,-1.0744,2.3069%,3.1983%,47.9747%,-0.000589,NVDA,86580.0,2019-03-06,252.0,-2.8559%,-0.002,1.7699,0.2494,-1.0588,2.3050%,3.2030%,48.2121%,-0.010434,NVDA,86580.0,2019-03-07,252.0,-1.8349%,-0.0021,1.7668,0.2234,-1.0704,2.3007%,3.1996%,48.2952%,-0.007245,NVDA,86580.0,2019-03-08,252.0,0.9246%,-0.002,1.7645,0.231,-1.0744,2.3018%,3.2003%,48.2681%,0.011111,NVDA,-0.0142909999999999,-0.023846,-0.038015,-0.045402,-0.036249
14243,NVIDIA CORP,"UPDATE: Atlantic Equities Initiates NVIDIA With Overweight And A $195 Target As Firm Believes 'the headwinds are transitory and growth should re-accelerate given underlying fundamentals, leaving the recent sell-off creating an attractive entry point'",6,increase,0.8,0.6,"the initiation of coverage with an 'overweight' rating and a target price of $195 suggests positive sentiment and potential for stock price appreciation, especially after a recent sell-off.",2,2019-02-22,NVDA,2019-02-22 17:16:00+00:00,86580.0,67066G10,0.0219554342329502,10042631.0,-0.0031409007497131,-0.0175338927656412,-0.0100195119157433,0.012193588539958,-0.0107574947178363,-0.0044489447027444,-0.006370305083692,0.0181841552257537,0.0141968270763754,0.0107927387580275,0.0021093117538839,0.011311812326312,-0.0016583397518843,0.0322294384241104,-0.0285586584359407,-0.0116082960739731,-0.0183492824435234,0.005087505094707,0.0092456443235278,-0.0364705994725227,0.0697026029229164,0.0203401334583759,0.0085640121251344,0.0051615787670016,0.0375337861478328,0.0307468883693218,-0.0181472990661859,0.006817361805588,0.0256704520434141,0.0462915822863578,-0.0050644874572753,0.0439969077706337,0.0400118976831436,-0.0464458279311657,-0.007455538958311,-0.1382454037666321,0.0547018870711326,0.014635058119893,-0.0350114293396472,0.0572711043059825,-0.0209577530622482,0.0034952543210238,0.0177810806781053,-0.051997635513544,-0.0020919044036418,0.0343395173549652,0.00424929196015,0.0193496700376272,0.0130324261263012,-0.0068726148456335,0.0151481470093131,-0.0037889345549046,0.003949973732233,0.0108177158981561,0.0307103563100099,0.0247883088886737,-0.0019086025422438,0.0185860134661197,0.0142887625843286,0.019666738808155,0.0043990383855998,-0.0248953439295291,-0.0131915053352713,0.0529406815767288,0.0150058735162019,0.064067542552948,-0.0029152149800211,-0.0604169964790344,-0.0079878820106387,0.0203745402395725,-0.0279458854347467,-0.0011222888715565,0.0190038438886404,0.0189067292958498,-0.0048882281407713,-0.0145004345104098,-0.0052858684211969,0.0473717674612999,0.0116478698328137,-0.0192174520343542,0.0116729289293289,-0.0409326329827308,0.0026223317254334,-0.0246190782636404,-0.0222838018089532,-0.0573704093694686,-0.0471885241568088,0.0234015919268131,0.0069628027267754,-0.0195971000939607,0.009312430396676,-0.0163879543542861,-0.0029281701426953,-6.712228059768677e-05,0.0150717636570334,0.0047910888679325,-0.0009826297173276,-0.0241669844835996,-0.0172667540609836,0.0287920869886875,-0.0374757051467895,-0.0674710571765899,0.0046790917403995,0.0075106145814061,-0.0214466173201799,-0.076040893793106,-0.0080497981980443,0.0404454544186592,-0.061426430940628,0.0385739207267761,0.0226569660007953,-0.0159305725246667,-0.0151813849806785,0.0412412136793136,0.00382253783755,0.0044429446570575,-0.0228478908538818,0.0555172637104988,-0.0305372700095176,0.002003961475566,-0.0031409007497131,-0.0175338927656412,-0.0131289423729685,-0.0055541052995712,-0.0237452025625769,-0.0099783400949646,-0.0161928135681956,0.0189037111051733,-0.0527279210021451,0.0181046034091281,0.2007541302822564,0.1139955692636931,-0.0457478843559693,0.077523162488823,2019-02-25,2019-02-26,2019-02-27,2019-02-28,2019-03-01,2019-03-04,2019-03-05,2019-03-06,2019-03-07,2019-03-08,86580.0,2019-02-22,252.0,2.1955%,-0.002,1.7414,0.2178,-1.1026,2.3126%,3.2110%,48.1286%,-0.0070199999999999,NVDA,86580.0,2019-02-25,252.0,-0.3141%,-0.0021,1.7414,0.2205,-1.1009,2.3128%,3.2109%,48.1152%,-0.007271,NVDA,86580.0,2019-02-26,252.0,-1.0020%,-0.0021,1.749,0.2235,-1.0937,2.3124%,3.2096%,48.0918%,-0.009555,NVDA,86580.0,2019-02-27,252.0,-1.0757%,-0.002,1.7552,0.2089,-1.0927,2.3119%,3.2101%,48.1333%,-0.014169,NVDA,86580.0,2019-02-28,252.0,-0.6370%,-0.0021,1.7678,0.2175,-1.0832,2.3074%,3.2102%,48.3360%,-0.003803,NVDA,86580.0,2019-03-01,252.0,1.4197%,-0.0022,1.7691,0.2195,-1.0804,2.3074%,3.2103%,48.3394%,-0.003584,NVDA,86580.0,2019-03-04,252.0,0.2109%,-0.002,1.7576,0.2412,-1.0736,2.3069%,3.2007%,48.0541%,0.01631,NVDA,86580.0,2019-03-05,252.0,-0.1658%,-0.002,1.7573,0.2399,-1.0744,2.3069%,3.1983%,47.9747%,-0.000589,NVDA,86580.0,2019-03-06,252.0,-2.8559%,-0.002,1.7699,0.2494,-1.0588,2.3050%,3.2030%,48.2121%,-0.010434,NVDA,86580.0,2019-03-07,252.0,-1.8349%,-0.0021,1.7668,0.2234,-1.0704,2.3007%,3.1996%,48.2952%,-0.007245,NVDA,86580.0,2019-03-08,252.0,0.9246%,-0.002,1.7645,0.231,-1.0744,2.3018%,3.2003%,48.2681%,0.011111,NVDA,-0.0142909999999999,-0.023846,-0.038015,-0.045402,-0.036249
14251,NVIDIA CORP,"Atlantic Equities Initiates Coverage On NVIDIA with Overweight Rating, Announces $195 Price Target",6,increase,0.8,0.6,the initiation of coverage with an overweight rating and a price target of $195 suggests positive sentiment and potential for stock price appreciation.,2,2019-02-22,NVDA,2019-02-22 14:52:00+00:00,86580.0,67066G10,0.0219554342329502,10042631.0,-0.0031409007497131,-0.0175338927656412,-0.0100195119157433,0.012193588539958,-0.0107574947178363,-0.0044489447027444,-0.006370305083692,0.0181841552257537,0.0141968270763754,0.0107927387580275,0.0021093117538839,0.011311812326312,-0.0016583397518843,0.0322294384241104,-0.0285586584359407,-0.0116082960739731,-0.0183492824435234,0.005087505094707,0.0092456443235278,-0.0364705994725227,0.0697026029229164,0.0203401334583759,0.0085640121251344,0.0051615787670016,0.0375337861478328,0.0307468883693218,-0.0181472990661859,0.006817361805588,0.0256704520434141,0.0462915822863578,-0.0050644874572753,0.0439969077706337,0.0400118976831436,-0.0464458279311657,-0.007455538958311,-0.1382454037666321,0.0547018870711326,0.014635058119893,-0.0350114293396472,0.0572711043059825,-0.0209577530622482,0.0034952543210238,0.0177810806781053,-0.051997635513544,-0.0020919044036418,0.0343395173549652,0.00424929196015,0.0193496700376272,0.0130324261263012,-0.0068726148456335,0.0151481470093131,-0.0037889345549046,0.003949973732233,0.0108177158981561,0.0307103563100099,0.0247883088886737,-0.0019086025422438,0.0185860134661197,0.0142887625843286,0.019666738808155,0.0043990383855998,-0.0248953439295291,-0.0131915053352713,0.0529406815767288,0.0150058735162019,0.064067542552948,-0.0029152149800211,-0.0604169964790344,-0.0079878820106387,0.0203745402395725,-0.0279458854347467,-0.0011222888715565,0.0190038438886404,0.0189067292958498,-0.0048882281407713,-0.0145004345104098,-0.0052858684211969,0.0473717674612999,0.0116478698328137,-0.0192174520343542,0.0116729289293289,-0.0409326329827308,0.0026223317254334,-0.0246190782636404,-0.0222838018089532,-0.0573704093694686,-0.0471885241568088,0.0234015919268131,0.0069628027267754,-0.0195971000939607,0.009312430396676,-0.0163879543542861,-0.0029281701426953,-6.712228059768677e-05,0.0150717636570334,0.0047910888679325,-0.0009826297173276,-0.0241669844835996,-0.0172667540609836,0.0287920869886875,-0.0374757051467895,-0.0674710571765899,0.0046790917403995,0.0075106145814061,-0.0214466173201799,-0.076040893793106,-0.0080497981980443,0.0404454544186592,-0.061426430940628,0.0385739207267761,0.0226569660007953,-0.0159305725246667,-0.0151813849806785,0.0412412136793136,0.00382253783755,0.0044429446570575,-0.0228478908538818,0.0555172637104988,-0.0305372700095176,0.002003961475566,-0.0031409007497131,-0.0175338927656412,-0.0131289423729685,-0.0055541052995712,-0.0237452025625769,-0.0099783400949646,-0.0161928135681956,0.0189037111051733,-0.0527279210021451,0.0181046034091281,0.2007541302822564,0.1139955692636931,-0.0457478843559693,0.077523162488823,2019-02-25,2019-02-26,2019-02-27,2019-02-28,2019-03-01,2019-03-04,2019-03-05,2019-03-06,2019-03-07,2019-03-08,86580.0,2019-02-22,252.0,2.1955%,-0.002,1.7414,0.2178,-1.1026,2.3126%,3.2110%,48.1286%,-0.0070199999999999,NVDA,86580.0,2019-02-25,252.0,-0.3141%,-0.0021,1.7414,0.2205,-1.1009,2.3128%,3.2109%,48.1152%,-0.007271,NVDA,86580.0,2019-02-26,252.0,-1.0020%,-0.0021,1.749,0.2235,-1.0937,2.3124%,3.2096%,48.0918%,-0.009555,NVDA,86580.0,2019-02-27,252.0,-1.0757%,-0.002,1.7552,0.2089,-1.0927,2.3119%,3.2101%,48.1333%,-0.014169,NVDA,86580.0,2019-02-28,252.0,-0.6370%,-0.0021,1.7678,0.2175,-1.0832,2.3074%,3.2102%,48.3360%,-0.003803,NVDA,86580.0,2019-03-01,252.0,1.4197%,-0.0022,1.7691,0.2195,-1.0804,2.3074%,3.2103%,48.3394%,-0.003584,NVDA,86580.0,2019-03-04,252.0,0.2109%,-0.002,1.7576,0.2412,-1.0736,2.3069%,3.2007%,48.0541%,0.01631,NVDA,86580.0,2019-03-05,252.0,-0.1658%,-0.002,1.7573,0.2399,-1.0744,2.3069%,3.1983%,47.9747%,-0.000589,NVDA,86580.0,2019-03-06,252.0,-2.8559%,-0.002,1.7699,0.2494,-1.0588,2.3050%,3.2030%,48.2121%,-0.010434,NVDA,86580.0,2019-03-07,252.0,-1.8349%,-0.0021,1.7668,0.2234,-1.0704,2.3007%,3.1996%,48.2952%,-0.007245,NVDA,86580.0,2019-03-08,252.0,0.9246%,-0.002,1.7645,0.231,-1.0744,2.3018%,3.2003%,48.2681%,0.011111,NVDA,-0.0142909999999999,-0.023846,-0.038015,-0.045402,-0.036249
14259,NOVARTIS A G,Amarin Shares Spike ~5% Over Last Min. Amid Unconfirmed Takeover Chatter In Name,6,uncertain,0.6,0.2,"the unconfirmed takeover chatter may create speculation and volatility, but without confirmation, the impact on novartis a g's stock price remains uncertain.",1,2019-02-22,NVS,2019-02-22 15:01:00+00:00,88233.0,66987V10,0.0029830585699528,1056173.0,0.0035250021610409,-0.0025346674956381,0.0042810030281543,0.0085583711043,-0.002185998018831,0.0010013793362304,-0.0006572193815372,0.0096607580780982,0.0018634019652381,0.0021388586610555,0.0075944038107991,-0.0002250607067253,0.0060497522354125,0.0082841096445918,0.0001112973986892,-0.0082160467281937,-0.0042311241850256,0.0060008917935192,0.002795482520014,-0.0076404530555009,0.0043487888760864,0.0005621478776447,0.0,0.0064494195394217,0.0173198357224464,0.0082134790718555,0.0042562414892017,0.0015997146256268,0.0138013940304517,0.0215944722294807,-0.0012863408774137,-0.0106247626245021,-0.001931955688633,0.0109748374670743,0.0052694431506097,-0.0034903483465313,0.0019255487713962,-0.0052083861082792,-0.0025625184644013,-0.0198525246232748,-0.0011774846352636,-0.0019247981254011,0.0183260012418031,-0.0075289155356585,0.000947210821323,0.0040618372149765,0.0054673184640705,0.0077316695824265,0.0053330771625041,0.0009103698539547,-0.0044726473279297,0.012094022706151,-0.0086720492690801,-0.0108237098902463,0.0008431896567344,-0.0038588577881455,-0.0077927322126924,0.0132244890555739,-0.0024411308113485,0.0027675030287355,0.0100010903552174,0.0216777101159095,0.0009270255686715,-0.0117592522874474,-0.0177437160164117,0.0135709410533309,-0.0007323026657104,0.0080894641578197,-0.0199096724390983,-0.0203938949853181,0.0089730964973568,0.0064508025534451,-0.0200099162757396,0.0141548998653888,-0.0257120411843061,-0.0082576023414731,-0.0115135749801993,0.0276397000998258,-0.0132181923836469,-0.0103179439902305,0.0066312993876636,-0.0104476418346166,0.0252964179962873,-0.0026050158776342,0.0357234477996826,-0.0110083436593413,0.0085608242079615,-0.0043143974617123,-0.0019683067221194,-0.0186519883573055,0.0135585619136691,-0.0114253628998994,-0.0038915199693292,0.0030637045856565,0.0002441294345771,0.0104333413764834,0.0082997716963291,0.0036823900882154,0.0019367635250091,-0.0020670681260526,-0.0205388069152832,-0.0221224166452884,0.0098680527880787,-0.0189489219337701,-0.0108708851039409,-0.0080866077914834,0.0111137796193361,-0.0002184709155699,-0.0167317427694797,0.0052717817015945,0.0027325949631631,0.0140327671542763,0.0101573104038834,0.010124891065061,0.01103609893471,-0.0012359619140625,0.0030321408994495,0.0110189849510788,-0.0083433473482728,-0.0112321693450212,0.0035250021610409,-0.0025346674956381,0.0078210957341209,0.0060020109836083,0.00561800081551,0.0070094006096135,0.0068297281898999,0.018912533420837,0.0192494484830028,0.0169663168469076,0.0682343142080728,0.0437038841117558,0.0617920386554802,0.0166236481229771,2019-02-25,2019-02-26,2019-02-27,2019-02-28,2019-03-01,2019-03-04,2019-03-05,2019-03-06,2019-03-07,2019-03-08,88233.0,2019-02-22,252.0,0.2983%,0.0003,0.5869,-0.0872,0.0505,0.8721%,1.0634%,32.7448%,0.000284,NVS,88233.0,2019-02-25,252.0,0.3525%,0.0003,0.5873,-0.0878,0.0516,0.8719%,1.0634%,32.7693%,0.002409,NVS,88233.0,2019-02-26,252.0,0.4281%,0.0004,0.5913,-0.0978,0.0496,0.8708%,1.0636%,32.9717%,0.004729,NVS,88233.0,2019-02-27,252.0,-0.2186%,0.0003,0.591,-0.098,0.0495,0.8710%,1.0626%,32.8174%,-0.0025729999999999,NVS,88233.0,2019-02-28,252.0,-0.0657%,0.0004,0.5852,-0.102,0.0451,0.8685%,1.0568%,32.4635%,0.001218,NVS,88233.0,2019-03-01,252.0,0.1863%,0.0004,0.5795,-0.1104,0.0374,0.8670%,1.0528%,32.1830%,-0.001964,NVS,88233.0,2019-03-04,252.0,0.7594%,0.0005,0.5765,-0.1091,0.0401,0.8687%,1.0510%,31.6827%,0.00993,NVS,88233.0,2019-03-05,252.0,0.6050%,0.0005,0.5744,-0.1215,0.0363,0.8690%,1.0505%,31.5709%,0.0066979999999999,NVS,88233.0,2019-03-06,252.0,0.0111%,0.0005,0.5691,-0.1238,0.03,0.8678%,1.0466%,31.2514%,0.003301,NVS,88233.0,2019-03-07,252.0,-0.4231%,0.0004,0.5689,-0.1247,0.0295,0.8678%,1.0470%,31.3011%,0.000358,NVS,88233.0,2019-03-08,252.0,0.2795%,0.0004,0.5687,-0.1291,0.0294,0.8677%,1.0469%,31.2996%,0.00407,NVS,0.002693,0.007422,0.004849,0.004103,0.02846
14267,OCULAR THERAPEUTIX INC,"Ocular Therapeutix shares are trading higher after the company priced a $37.5 million convertible debt financing with an accredited investor, minimizing dilution and raising the company cash position by over 60%.",6,increase,0.8,0.7,"the successful pricing of convertible debt financing raises cash significantly while minimizing dilution, which is generally viewed positively by investors.",2,2019-02-22,OCUL,2019-02-22 15:02:00+00:00,14823.0,67576A10,0.1523545682430267,2201052.0,0.14663465321064,-0.0295699276030063,-0.0167714729905128,0.0054053999483585,-0.0106610218062996,0.010928951203823,-0.0409482903778553,-0.0027247930411249,0.0494382642209529,0.0,0.0085653020069003,0.0280112456530332,-0.0318471528589725,0.0084745679050683,-0.0570174902677536,0.0085470005869865,0.0186046324670314,-0.0222841016948223,-0.020547978579998,-0.0375335402786731,0.0233100019395351,-0.0235601868480444,-0.0068336525000631,-0.0026109635364264,-0.0344036892056465,0.0078947292640805,-0.0285035353153944,0.0052910004742443,-0.0097799412906169,-0.0078740082681179,0.0024690744467079,-0.0026177985128015,0.0098522072657942,0.0052631529979407,0.0146341323852539,-0.0104166567325592,0.0,0.0491802804172039,-0.052884567528963,0.0194986555725336,0.0101522747427225,-0.0426666885614395,0.0100502418354153,-0.0482233650982379,0.0,-0.002531643025577,-0.0099502392113208,-0.0025252501945942,-0.0025125604588538,-0.007518789730966,0.0251889526844024,0.0126903429627418,0.0196560006588697,-0.002531643025577,0.0216866675764322,-0.012499988079071,0.0235849972814321,-0.0361445993185043,0.0230414513498544,0.0024155143182724,-0.0450451076030731,-0.0071942945942282,-0.0542451776564121,-0.0324825681746006,0.0174562819302082,0.0615763552486896,-0.0294117368757724,-0.0097560882568359,-0.0454545617103576,0.0301507245749235,-0.0185185018926858,-0.0363196358084678,-0.0026954151690006,0.0671835243701934,-0.0135135008022189,-0.0491401180624961,-0.0027397233061492,-0.0192770902067422,0.0054945000447332,-0.0024037866387516,0.0546447560191154,-0.0734966471791267,0.0284974444657564,-0.0426439829170703,0.0050377785228192,-0.0389344356954097,0.0250626932829618,-0.0317460000514984,-0.0391198247671127,-0.0544090010225772,-0.045801542699337,-0.0549645312130451,-0.005333328153938,-0.0157068334519863,-0.0294906515628099,-0.0171526428312063,0.027624350041151,0.0410714335739612,0.0645161345601081,-0.03780073300004,-0.0303030610084533,-0.0411861613392829,-0.0286458060145378,0.0819964408874511,-0.018766738474369,-0.0209423881024122,0.0054644756019115,-0.1396396160125732,-0.0516304485499858,0.0990098863840103,0.0315185934305191,0.0706713944673538,0.0,0.054003719240427,-0.0194444265216589,-0.0495575591921806,-0.0198300089687109,-0.0052816434763371,-0.0260116048157215,0.0777988359332084,0.1466346532106399,-0.0295699276030063,0.1274039010943317,-0.024324364939786,0.1153846235202578,-0.0136612535334539,0.122596211337322,-0.0163488224860178,0.0312500283317169,-0.0321716142523282,0.0673077460897759,-0.1280193177392955,-0.1899038380459052,-0.3149905282917326,2019-02-25,2019-02-26,2019-02-27,2019-02-28,2019-03-01,2019-03-04,2019-03-05,2019-03-06,2019-03-07,2019-03-08,14823.0,2019-02-22,252.0,15.2355%,-0.0008,0.96,2.065,-0.1599,3.0831%,3.4638%,20.7696%,0.135509,OCUL,14823.0,2019-02-25,252.0,14.6635%,-0.0001,0.9545,1.9853,-0.2219,3.2157%,3.5762%,19.1460%,0.150176,OCUL,14823.0,2019-02-26,252.0,-1.6771%,-0.0002,0.9386,2.0052,-0.2236,3.2110%,3.5713%,19.1562%,-0.003371,OCUL,14823.0,2019-02-27,252.0,-1.0661%,-0.0004,0.9252,2.0246,-0.2259,3.2070%,3.5671%,19.1670%,-0.015684,OCUL,14823.0,2019-02-28,252.0,-4.0948%,-0.0006,0.9499,2.0403,-0.1989,3.2101%,3.5751%,19.3773%,-0.03915,OCUL,14823.0,2019-03-01,252.0,4.9438%,-0.0005,0.9647,2.0623,-0.1929,3.2175%,3.5884%,19.6038%,0.035796,OCUL,14823.0,2019-03-04,252.0,0.8565%,-0.0006,0.983,1.9807,-0.1929,3.2080%,3.5729%,19.3832%,0.022493,OCUL,14823.0,2019-03-05,252.0,-3.1847%,-0.0009,0.9737,1.8925,-0.1908,3.1897%,3.5339%,18.5299%,-0.024589,OCUL,14823.0,2019-03-06,252.0,-5.7017%,-0.0009,1.0059,1.9229,-0.1503,3.1823%,3.5431%,19.3284%,-0.025006,OCUL,14823.0,2019-03-07,252.0,1.8605%,-0.0008,0.9907,1.9042,-0.1758,3.1868%,3.5417%,19.0327%,0.027613,OCUL,14823.0,2019-03-08,252.0,-2.0548%,-0.0008,0.9928,1.9115,-0.1727,3.1888%,3.5434%,19.0153%,-0.019709,OCUL,0.2856849999999999,0.2823139999999999,0.26663,0.263276,0.244078
14275,UNIVERSAL DISPLAY CORP,Universal Display shares are trading higher after the company reported better than expected Q4 EPS and increased its quarterly dividend.,6,increase,0.8,0.7,the better than expected q4 eps and the increase in quarterly dividend are likely to boost investor confidence and demand for universal display shares.,2,2019-02-22,OLED,2019-02-22 14:08:00+00:00,77610.0,91347P10,0.2303342372179031,5087773.0,0.0102215148508548,-0.0039511863142251,-0.0190818794071674,0.0027819438837468,0.0312911346554756,0.0010971801821142,0.0018124741036444,0.0095424307510256,0.0210399311035871,-0.0023799301125109,0.003543728031218,0.0083997892215847,0.0009809649782255,0.033209353685379,-0.0165937710553407,0.0199620556086301,-0.0163422003388404,0.0059972377493977,-0.003917078487575,-0.0071273306384682,0.0305105410516262,0.0134405558928847,0.0186196565628051,0.0267555974423885,0.0061361379921436,0.0187452100217342,-0.0055851652286946,0.0070306821726262,0.0084625165909528,0.0081561701372265,0.0096086096018552,0.0082231648266315,0.0051392521709203,-0.0014662905596196,-0.0155914733186364,-0.0008789563435129,0.0363577976822853,0.0357070490717887,-0.045229535549879,0.0410699397325515,0.0066748675890266,0.0083890939131379,0.0045062247663736,-0.0583941973745822,-0.0289668627083301,0.0267967209219932,0.0042898221872746,0.0120532382279634,0.004468738567084,0.0027088404167443,0.036048375070095,0.0301599781960248,0.0090932203456759,-0.0254184138029813,0.0344805642962455,0.0254209488630294,-0.0113120507448911,0.0620870888233184,0.003120377426967,0.0063051176257431,0.0100030461326241,0.0314532779157161,-0.007488315925002,0.0180570594966411,0.0161848999559879,0.0474089309573173,0.005149396136403,-0.1299912929534912,0.0160839483141899,-0.0257560759782791,0.0121357329189777,0.0143089396879077,0.0011584623716771,0.0119569581001997,-0.0150427613407373,0.0177515242248773,-0.0074013727717101,0.0796769633889198,-0.0041424841620028,-0.0365811362862587,0.0222842879593372,-0.0509203411638736,-0.0041853236034512,-0.023042956367135,-0.0465238541364669,-0.0342138186097145,0.029631420969963,0.0117845404893159,-0.0580924563109874,-0.0002103581209667,0.007512167096138,-0.0144116068258881,-0.0142230838537216,-0.0056666042655706,-0.0046399016864597,0.0109363133087754,0.0876755788922309,0.0073445029556751,0.0292373374104499,-0.0007339033181779,-0.0239005330950021,-0.0325590744614601,-0.0132654812186956,0.0745503678917884,-0.0056855594739317,-0.0411746501922607,-0.0194770637899637,0.0419207997620105,-0.0455594733357429,0.0028389878571033,0.0399058312177658,0.0136137614026665,0.0217271745204925,0.0034428872168064,-0.0225829891860485,-0.0136926276609301,-0.0067413793876767,0.0365618392825126,-0.0245573576539754,0.0031894154381006,0.0102215148508548,-0.0039511863142251,-0.0090554102700551,-0.0011802344090787,0.0219523703232995,-8.434915676847066e-05,0.045345411461626,0.0070548389281623,0.0117994191516395,0.0689282525041268,0.1254435277581462,0.3582483016150082,0.0852172377735542,0.3504238107689073,2019-02-25,2019-02-26,2019-02-27,2019-02-28,2019-03-01,2019-03-04,2019-03-05,2019-03-06,2019-03-07,2019-03-08,77610.0,2019-02-22,252.0,23.0334%,-0.0005,1.4944,0.1479,-1.3764,3.4225%,4.0110%,27.1909%,0.2041039999999999,OLED,77610.0,2019-02-25,252.0,1.0222%,-0.0004,1.4932,0.1436,-1.3831,3.4222%,4.0113%,27.2182%,0.005787,OLED,77610.0,2019-02-26,252.0,-1.9082%,0.0003,1.6075,0.0611,-1.3394,3.2224%,3.8857%,31.2299%,-0.020438,OLED,77610.0,2019-02-27,252.0,3.1291%,0.0004,1.6125,0.0602,-1.3385,3.2265%,3.8901%,31.2073%,0.0280209999999999,OLED,77610.0,2019-02-28,252.0,0.1812%,0.0004,1.6166,0.0631,-1.3362,3.2261%,3.8892%,31.1948%,0.003353,OLED,77610.0,2019-03-01,252.0,2.1040%,0.0004,1.6244,0.0748,-1.3256,3.2253%,3.8911%,31.2965%,0.003783,OLED,77610.0,2019-03-04,252.0,0.3544%,0.0005,1.6154,0.0896,-1.3198,3.2256%,3.8852%,31.0693%,0.01737,OLED,77610.0,2019-03-05,252.0,0.0981%,0.0006,1.6234,0.1517,-1.3142,3.2177%,3.8836%,31.3511%,0.000747,OLED,77610.0,2019-03-06,252.0,-1.6594%,0.0008,1.645,0.1362,-1.2919,3.2080%,3.8817%,31.6966%,-0.00061,OLED,77610.0,2019-03-07,252.0,-1.6342%,0.0007,1.6467,0.1288,-1.2918,3.2080%,3.8825%,31.7269%,-0.0071109999999999,OLED,77610.0,2019-03-08,252.0,-0.3917%,0.0007,1.6479,0.1157,-1.2891,3.2072%,3.8809%,31.7039%,-0.002645,OLED,0.2098909999999999,0.1894529999999999,0.2174739999999999,0.2246099999999999,0.2323609999999999
14283,PITNEY BOWES INC,Pitney Bowes shares are trading higher; Stamps.Com announced they will discontinue their USPS partnership and some investors believe Pitney Bowes may make a push for vacant USPS business.,6,increase,0.75,0.6,"the discontinuation of stamps.com's usps partnership may create an opportunity for pitney bowes to capture additional business, leading to a positive sentiment among investors.",2,2019-02-22,PBI,2019-02-22 17:59:00+00:00,24459.0,72447910,0.1180654168128967,13653738.0,-0.0445292480289936,-0.0070621063932776,-0.0292943082749843,0.0085470005869865,0.0246913339942693,-0.004255348816514,-0.0374832302331924,0.0085837515071034,-0.0097357677295804,0.002848973032087,-0.0028089862316846,-0.004255348816514,-0.0183098763227462,-0.0208332818001508,-0.0143471891060471,0.0449927374720573,-0.0407568775117397,-0.0157143045216798,-0.0045523839071393,0.0248902011662721,0.0198170915246009,0.0348484888672828,0.0284006055444479,-0.0222222357988357,0.0145348692312836,-0.0425532162189483,-0.0200572870671749,-0.0221913792192935,0.0014619519934058,-0.0027662490028887,0.0043795928359031,0.0,-0.015988390892744,0.0083681931719183,-0.0221565868705511,0.0056100925430655,0.0211480893194675,0.0229555703699588,-0.0621301867067813,0.0057720001786947,-0.006309141870588,-0.0128205344080925,0.0142856622114777,-0.0181818343698978,0.051643181592226,-0.0192043706774711,0.020833384245634,0.0,0.001457689795643,0.008298747241497,0.0262009184807539,0.0358166173100471,-0.0326241143047809,0.0189781188964843,-0.0234604571014642,-0.0072464044205844,0.0195195376873016,0.0267857611179351,0.0103093041107058,0.0059880185872316,-0.0102041065692901,0.0261136088520288,-0.0103093041107058,0.0046296617947518,0.0297619476914405,0.0854271799325943,-0.0028901705518364,-0.0261011943221092,-0.0086956433951854,0.0372250899672508,-0.0058479476720094,-0.0083892941474914,0.0338235311210155,0.0016807108186185,-0.0028449473902583,-0.0066777900792658,0.0099856909364461,0.0583038739860057,-0.0240113101899623,-0.0535117350518703,0.0376266613602638,-0.0582676976919174,-0.0027893974911421,-0.0031397144775837,-0.0181818343698978,0.0015722879907116,0.017094001173973,0.009523800574243,0.0042017102241516,-0.0366972126066684,-0.0083681931719183,-0.0452554672956466,-0.24472576379776,-0.0352112688124179,-0.014897565357387,0.011396000161767,0.0812854096293449,0.0173912867903709,0.0104895839467644,-0.026798315346241,-0.0380623303353786,-0.0392953865230083,-0.0161870773881673,-0.0340313799679279,-0.0146252149716019,-0.0990565717220306,-0.0296845734119415,0.0047393320128321,-0.0554493218660354,0.011990338563919,0.0202428959310054,-0.0023922852706164,-0.0099206725135445,0.0245097801089286,-0.0020039584487676,0.0061652520671486,-0.014056259766221,0.0201257672160863,-0.0244398955255746,0.0050568850710988,-0.0445292480289936,-0.0070621063932776,-0.0725191027849634,0.0014245343662202,-0.0496183621785223,-0.0028368763409231,-0.094147609906196,0.008587800473607,-0.1653944232723134,0.036645157007197,-0.127226457618985,0.0599231343323078,-0.3905852525561437,-0.104894247467636,2019-02-25,2019-02-26,2019-02-27,2019-02-28,2019-03-01,2019-03-04,2019-03-05,2019-03-06,2019-03-07,2019-03-08,24459.0,2019-02-22,252.0,11.8065%,-0.0013,1.2795,1.4216,0.6632,2.2770%,2.6859%,28.1278%,0.114197,PBI,24459.0,2019-02-25,252.0,-4.4529%,-0.0015,1.28,1.442,0.676,2.2911%,2.6998%,27.9868%,-0.041658,PBI,24459.0,2019-02-26,252.0,-2.9294%,-0.0016,1.2724,1.4694,0.6841,2.2901%,2.6986%,27.9817%,-0.015887,PBI,24459.0,2019-02-27,252.0,2.4691%,-0.0015,1.2726,1.4759,0.6842,2.2947%,2.7032%,27.9419%,0.021475,PBI,24459.0,2019-02-28,252.0,-3.7483%,-0.0017,1.2837,1.4825,0.6995,2.3021%,2.7121%,27.9507%,-0.032223,PBI,24459.0,2019-03-01,252.0,-0.9736%,-0.0018,1.2862,1.4863,0.7122,2.3041%,2.7116%,27.7927%,-0.0205699999999999,PBI,24459.0,2019-03-04,252.0,-0.2809%,-0.0018,1.2893,1.4682,0.7132,2.3041%,2.7111%,27.7696%,0.006957,PBI,24459.0,2019-03-05,252.0,-1.8310%,-0.0018,1.2892,1.4623,0.7161,2.3043%,2.7070%,27.5355%,-0.009945,PBI,24459.0,2019-03-06,252.0,-1.4347%,-0.0018,1.2863,1.4254,0.7078,2.3061%,2.7081%,27.4821%,0.014531,PBI,24459.0,2019-03-07,252.0,-4.0757%,-0.0019,1.2972,1.4292,0.7233,2.3115%,2.7167%,27.6058%,-0.026966,PBI,24459.0,2019-03-08,252.0,-0.4552%,-0.0018,1.2962,1.4436,0.721,2.3100%,2.7166%,27.6933%,-0.001274,PBI,0.072539,0.056652,0.078127,0.025334,0.0086369999999999
14291,P G & E CORP,PG&E Option Alert: Apr 18 $16 Puts Sweep (19) near the Bid: 755 @ $0.85 vs 2355 OI; Earnings 2/28 Before Open Ref=$18.65,6,decrease,0.7,0.6,the significant put option activity suggests that investors are anticipating a decline in pg&e's stock price ahead of the earnings report.,0,2019-02-22,PCG,2019-02-22 15:40:00+00:00,13688.0,69331C10,-0.0324741825461387,16304350.0,-0.0063932249322533,0.065348744392395,-0.0069704647175967,0.0264937616884708,-0.0388769544661045,0.1459948569536209,-0.0432583466172218,0.0006463655736297,0.0516734644770622,0.0170940328389406,0.0078168278560042,-0.0142579562962055,0.0144044458866119,0.0767620652914047,0.0027308107819408,0.0091549381613731,0.0386709719896316,0.0099572818726301,0.0167802665382623,0.0285296514630317,-0.0005157415871508,-0.0291193071752786,-0.0082559268921613,0.0594431869685649,0.0124869812279939,0.0160550493746995,0.0025694319047033,0.0061538401059806,0.0071757757104933,-0.049012441188097,-0.0111958943307399,-0.0228734593838453,-0.0185280796140432,0.1648625731468201,0.0005243958439677,0.0203908029943704,-0.0015723630785942,-0.1562723517417908,0.0194226168096065,0.7459324598312378,-0.0623069517314434,0.0376623347401619,-0.014277777634561,0.0650068894028663,-0.0150418076664209,0.1367924362421036,-0.0243212841451168,-0.0953058376908302,0.0318840146064758,0.0173661895096302,0.0117978090420365,-0.1754176914691925,-0.019433669745922,-0.5235929489135742,0.0458663366734981,-0.0095720766112208,0.0211153924465179,-0.0039259502664208,0.0270413681864738,0.0153758805245161,0.0160041023045778,-0.0733509883284568,-0.0436992160975933,-0.223360612988472,0.002656809054315,0.0187890958040952,0.0137783950194716,0.0063025853596627,0.206482008099556,0.0021052309311926,0.0277296099811792,-0.0058601670898497,-0.0615513958036899,0.0122880935668945,-0.0184186808764934,0.0115731013938784,-0.0389016196131706,0.0077753914520144,0.0190476011484861,0.0175824016332626,0.0060748164542019,-0.0461216084659099,0.0650255233049392,0.0042105424217879,0.0069777518510818,0.031711533665657,0.0138587998226285,-0.0581014752388,0.0004271776706445,-0.0603613853454589,-0.0384286753833293,-0.0188608076423406,-0.036412063986063,0.0045472090132534,-0.0341014601290226,0.0126630822196602,0.0252862926572561,0.0065662451088428,-0.0069799730554223,0.0038774125277996,-0.0159325283020734,-0.0092201214283704,-0.0352380834519863,-0.0269158612936735,-0.0449160821735858,-0.0132792545482516,-0.0387596897780895,0.0276725348085165,-0.0198925174772739,-0.0142003390938043,0.0071311611682176,-0.0254915840923786,-0.0163399316370487,0.0181683264672756,0.0060908421874046,0.0736464336514473,-0.0632911175489425,0.0536913052201271,0.0387778989970684,-0.0189300049096345,-0.0063932249322533,0.065348744392395,-0.0133191259010282,0.0935738401414387,-0.0516782733159502,0.25322999650111,-0.0458178259634161,0.2754766428727637,0.0330313736918048,0.4191660337858938,0.0319659199844322,0.1047836471899121,-0.058071403860041,-0.2016460538719822,2019-02-25,2019-02-26,2019-02-27,2019-02-28,2019-03-01,2019-03-04,2019-03-05,2019-03-06,2019-03-07,2019-03-08,13688.0,2019-02-22,252.0,-3.2474%,-0.0001,0.6022,0.24,0.4451,7.6184%,7.6408%,0.5860%,-0.032006,PCG,13688.0,2019-02-25,252.0,-0.6393%,-0.0001,0.6033,0.244,0.4513,7.6183%,7.6408%,0.5882%,-0.005971,PCG,13688.0,2019-02-26,252.0,-0.6970%,-0.0002,0.5927,0.2583,0.4506,7.6174%,7.6391%,0.5675%,-0.003055,PCG,13688.0,2019-02-27,252.0,-3.8877%,-0.0003,0.5948,0.243,0.4508,7.6213%,7.6430%,0.5667%,-0.03946,PCG,13688.0,2019-02-28,252.0,-4.3258%,-0.0005,0.5965,0.2428,0.4614,7.6251%,7.6467%,0.5655%,-0.040436,PCG,13688.0,2019-03-01,252.0,5.1673%,-0.0004,0.6257,0.2863,0.484,7.6288%,7.6526%,0.6210%,0.0484309999999999,PCG,13688.0,2019-03-04,252.0,0.7817%,-0.0004,0.6287,0.2667,0.4854,7.6288%,7.6527%,0.6224%,0.010238,PCG,13688.0,2019-03-05,252.0,1.4404%,-0.0002,0.6298,0.2871,0.4796,7.6288%,7.6528%,0.6270%,0.017375,PCG,13688.0,2019-03-06,252.0,0.2731%,-0.0003,0.6123,0.2742,0.4581,7.6277%,7.6504%,0.5943%,0.0113569999999999,PCG,13688.0,2019-03-07,252.0,3.8671%,-0.0002,0.5897,0.2527,0.4219,7.6329%,7.6540%,0.5511%,0.045306,PCG,13688.0,2019-03-08,252.0,1.6780%,0.0,0.585,0.2874,0.4127,7.6313%,7.6524%,0.5504%,0.018579,PCG,-0.037977,-0.041032,-0.080492,-0.072497,0.0303579999999999
14299,P G & E CORP,"PG&E Shares Resume Trade, Rebounding From $18.50 Level, Still Down 3.3% For Session",6,decrease,0.7,0.3,"the news indicates that pg&e shares are down 3.3% for the session, suggesting a negative sentiment that may continue to impact the stock price.",0,2019-02-22,PCG,2019-02-22 15:09:00+00:00,13688.0,69331C10,-0.0324741825461387,16304350.0,-0.0063932249322533,0.065348744392395,-0.0069704647175967,0.0264937616884708,-0.0388769544661045,0.1459948569536209,-0.0432583466172218,0.0006463655736297,0.0516734644770622,0.0170940328389406,0.0078168278560042,-0.0142579562962055,0.0144044458866119,0.0767620652914047,0.0027308107819408,0.0091549381613731,0.0386709719896316,0.0099572818726301,0.0167802665382623,0.0285296514630317,-0.0005157415871508,-0.0291193071752786,-0.0082559268921613,0.0594431869685649,0.0124869812279939,0.0160550493746995,0.0025694319047033,0.0061538401059806,0.0071757757104933,-0.049012441188097,-0.0111958943307399,-0.0228734593838453,-0.0185280796140432,0.1648625731468201,0.0005243958439677,0.0203908029943704,-0.0015723630785942,-0.1562723517417908,0.0194226168096065,0.7459324598312378,-0.0623069517314434,0.0376623347401619,-0.014277777634561,0.0650068894028663,-0.0150418076664209,0.1367924362421036,-0.0243212841451168,-0.0953058376908302,0.0318840146064758,0.0173661895096302,0.0117978090420365,-0.1754176914691925,-0.019433669745922,-0.5235929489135742,0.0458663366734981,-0.0095720766112208,0.0211153924465179,-0.0039259502664208,0.0270413681864738,0.0153758805245161,0.0160041023045778,-0.0733509883284568,-0.0436992160975933,-0.223360612988472,0.002656809054315,0.0187890958040952,0.0137783950194716,0.0063025853596627,0.206482008099556,0.0021052309311926,0.0277296099811792,-0.0058601670898497,-0.0615513958036899,0.0122880935668945,-0.0184186808764934,0.0115731013938784,-0.0389016196131706,0.0077753914520144,0.0190476011484861,0.0175824016332626,0.0060748164542019,-0.0461216084659099,0.0650255233049392,0.0042105424217879,0.0069777518510818,0.031711533665657,0.0138587998226285,-0.0581014752388,0.0004271776706445,-0.0603613853454589,-0.0384286753833293,-0.0188608076423406,-0.036412063986063,0.0045472090132534,-0.0341014601290226,0.0126630822196602,0.0252862926572561,0.0065662451088428,-0.0069799730554223,0.0038774125277996,-0.0159325283020734,-0.0092201214283704,-0.0352380834519863,-0.0269158612936735,-0.0449160821735858,-0.0132792545482516,-0.0387596897780895,0.0276725348085165,-0.0198925174772739,-0.0142003390938043,0.0071311611682176,-0.0254915840923786,-0.0163399316370487,0.0181683264672756,0.0060908421874046,0.0736464336514473,-0.0632911175489425,0.0536913052201271,0.0387778989970684,-0.0189300049096345,-0.0063932249322533,0.065348744392395,-0.0133191259010282,0.0935738401414387,-0.0516782733159502,0.25322999650111,-0.0458178259634161,0.2754766428727637,0.0330313736918048,0.4191660337858938,0.0319659199844322,0.1047836471899121,-0.058071403860041,-0.2016460538719822,2019-02-25,2019-02-26,2019-02-27,2019-02-28,2019-03-01,2019-03-04,2019-03-05,2019-03-06,2019-03-07,2019-03-08,13688.0,2019-02-22,252.0,-3.2474%,-0.0001,0.6022,0.24,0.4451,7.6184%,7.6408%,0.5860%,-0.032006,PCG,13688.0,2019-02-25,252.0,-0.6393%,-0.0001,0.6033,0.244,0.4513,7.6183%,7.6408%,0.5882%,-0.005971,PCG,13688.0,2019-02-26,252.0,-0.6970%,-0.0002,0.5927,0.2583,0.4506,7.6174%,7.6391%,0.5675%,-0.003055,PCG,13688.0,2019-02-27,252.0,-3.8877%,-0.0003,0.5948,0.243,0.4508,7.6213%,7.6430%,0.5667%,-0.03946,PCG,13688.0,2019-02-28,252.0,-4.3258%,-0.0005,0.5965,0.2428,0.4614,7.6251%,7.6467%,0.5655%,-0.040436,PCG,13688.0,2019-03-01,252.0,5.1673%,-0.0004,0.6257,0.2863,0.484,7.6288%,7.6526%,0.6210%,0.0484309999999999,PCG,13688.0,2019-03-04,252.0,0.7817%,-0.0004,0.6287,0.2667,0.4854,7.6288%,7.6527%,0.6224%,0.010238,PCG,13688.0,2019-03-05,252.0,1.4404%,-0.0002,0.6298,0.2871,0.4796,7.6288%,7.6528%,0.6270%,0.017375,PCG,13688.0,2019-03-06,252.0,0.2731%,-0.0003,0.6123,0.2742,0.4581,7.6277%,7.6504%,0.5943%,0.0113569999999999,PCG,13688.0,2019-03-07,252.0,3.8671%,-0.0002,0.5897,0.2527,0.4219,7.6329%,7.6540%,0.5511%,0.045306,PCG,13688.0,2019-03-08,252.0,1.6780%,0.0,0.585,0.2874,0.4127,7.6313%,7.6524%,0.5504%,0.018579,PCG,-0.037977,-0.041032,-0.080492,-0.072497,0.0303579999999999
14307,P G & E CORP,"PG&E Shares Halted On Circuit Breaker, Down 4.6%",6,decrease,0.8,0.6,"the news indicates a significant drop in pg&e's shares, suggesting negative market sentiment and likely further declines in stock price.",0,2019-02-22,PCG,2019-02-22 15:02:00+00:00,13688.0,69331C10,-0.0324741825461387,16304350.0,-0.0063932249322533,0.065348744392395,-0.0069704647175967,0.0264937616884708,-0.0388769544661045,0.1459948569536209,-0.0432583466172218,0.0006463655736297,0.0516734644770622,0.0170940328389406,0.0078168278560042,-0.0142579562962055,0.0144044458866119,0.0767620652914047,0.0027308107819408,0.0091549381613731,0.0386709719896316,0.0099572818726301,0.0167802665382623,0.0285296514630317,-0.0005157415871508,-0.0291193071752786,-0.0082559268921613,0.0594431869685649,0.0124869812279939,0.0160550493746995,0.0025694319047033,0.0061538401059806,0.0071757757104933,-0.049012441188097,-0.0111958943307399,-0.0228734593838453,-0.0185280796140432,0.1648625731468201,0.0005243958439677,0.0203908029943704,-0.0015723630785942,-0.1562723517417908,0.0194226168096065,0.7459324598312378,-0.0623069517314434,0.0376623347401619,-0.014277777634561,0.0650068894028663,-0.0150418076664209,0.1367924362421036,-0.0243212841451168,-0.0953058376908302,0.0318840146064758,0.0173661895096302,0.0117978090420365,-0.1754176914691925,-0.019433669745922,-0.5235929489135742,0.0458663366734981,-0.0095720766112208,0.0211153924465179,-0.0039259502664208,0.0270413681864738,0.0153758805245161,0.0160041023045778,-0.0733509883284568,-0.0436992160975933,-0.223360612988472,0.002656809054315,0.0187890958040952,0.0137783950194716,0.0063025853596627,0.206482008099556,0.0021052309311926,0.0277296099811792,-0.0058601670898497,-0.0615513958036899,0.0122880935668945,-0.0184186808764934,0.0115731013938784,-0.0389016196131706,0.0077753914520144,0.0190476011484861,0.0175824016332626,0.0060748164542019,-0.0461216084659099,0.0650255233049392,0.0042105424217879,0.0069777518510818,0.031711533665657,0.0138587998226285,-0.0581014752388,0.0004271776706445,-0.0603613853454589,-0.0384286753833293,-0.0188608076423406,-0.036412063986063,0.0045472090132534,-0.0341014601290226,0.0126630822196602,0.0252862926572561,0.0065662451088428,-0.0069799730554223,0.0038774125277996,-0.0159325283020734,-0.0092201214283704,-0.0352380834519863,-0.0269158612936735,-0.0449160821735858,-0.0132792545482516,-0.0387596897780895,0.0276725348085165,-0.0198925174772739,-0.0142003390938043,0.0071311611682176,-0.0254915840923786,-0.0163399316370487,0.0181683264672756,0.0060908421874046,0.0736464336514473,-0.0632911175489425,0.0536913052201271,0.0387778989970684,-0.0189300049096345,-0.0063932249322533,0.065348744392395,-0.0133191259010282,0.0935738401414387,-0.0516782733159502,0.25322999650111,-0.0458178259634161,0.2754766428727637,0.0330313736918048,0.4191660337858938,0.0319659199844322,0.1047836471899121,-0.058071403860041,-0.2016460538719822,2019-02-25,2019-02-26,2019-02-27,2019-02-28,2019-03-01,2019-03-04,2019-03-05,2019-03-06,2019-03-07,2019-03-08,13688.0,2019-02-22,252.0,-3.2474%,-0.0001,0.6022,0.24,0.4451,7.6184%,7.6408%,0.5860%,-0.032006,PCG,13688.0,2019-02-25,252.0,-0.6393%,-0.0001,0.6033,0.244,0.4513,7.6183%,7.6408%,0.5882%,-0.005971,PCG,13688.0,2019-02-26,252.0,-0.6970%,-0.0002,0.5927,0.2583,0.4506,7.6174%,7.6391%,0.5675%,-0.003055,PCG,13688.0,2019-02-27,252.0,-3.8877%,-0.0003,0.5948,0.243,0.4508,7.6213%,7.6430%,0.5667%,-0.03946,PCG,13688.0,2019-02-28,252.0,-4.3258%,-0.0005,0.5965,0.2428,0.4614,7.6251%,7.6467%,0.5655%,-0.040436,PCG,13688.0,2019-03-01,252.0,5.1673%,-0.0004,0.6257,0.2863,0.484,7.6288%,7.6526%,0.6210%,0.0484309999999999,PCG,13688.0,2019-03-04,252.0,0.7817%,-0.0004,0.6287,0.2667,0.4854,7.6288%,7.6527%,0.6224%,0.010238,PCG,13688.0,2019-03-05,252.0,1.4404%,-0.0002,0.6298,0.2871,0.4796,7.6288%,7.6528%,0.6270%,0.017375,PCG,13688.0,2019-03-06,252.0,0.2731%,-0.0003,0.6123,0.2742,0.4581,7.6277%,7.6504%,0.5943%,0.0113569999999999,PCG,13688.0,2019-03-07,252.0,3.8671%,-0.0002,0.5897,0.2527,0.4219,7.6329%,7.6540%,0.5511%,0.045306,PCG,13688.0,2019-03-08,252.0,1.6780%,0.0,0.585,0.2874,0.4127,7.6313%,7.6524%,0.5504%,0.018579,PCG,-0.037977,-0.041032,-0.080492,-0.072497,0.0303579999999999
14315,P D C ENERGY INC,"PDC Energy Responds To Kimmeridge Energy Management Company; Says It Is Open To Views Of Shareholders, Outlines Plans",6,uncertain,0.6,0.3,"while pdc energy's openness to shareholder views may be seen positively, the context of the response to kimmeridge energy management company introduces uncertainty regarding investor sentiment and potential future actions.",1,2019-02-22,PDCE,2019-02-22 14:19:00+00:00,62341.0,69327R10,0.0085161766037344,1506968.0,-0.0386387445032596,-0.012990279123187,-0.0141069674864411,0.0307166762650013,0.0026997427921742,-0.0039226338267326,-0.0018847521860152,0.0468109212815761,0.0523333884775638,0.0330881811678409,0.0056396112777292,0.0511296465992927,-0.0017843409441411,0.082019917666912,-0.0342185944318771,0.0087605603039264,0.0079322904348373,-0.0341585762798786,-0.027282191440463,-0.0327372476458549,0.0455770902335643,-0.0063252733089029,0.0038689118809998,-0.0119046941399574,0.0380268096923828,0.0138804791495204,0.003712814534083,0.0175007581710815,-0.0041923099197447,-0.0451480746269226,0.0554729513823986,0.075346827507019,0.0021116882562637,-0.0087500214576721,0.0419105812907218,-0.042775958776474,0.0105618247762322,-0.0032796841114759,-0.0533689446747303,-0.0076922583393752,-0.0065773734822869,0.0086541604250669,0.0085126645863056,-0.0011922776466235,-0.0140680484473705,0.0197567678987979,-0.0121283791959285,-0.0069423341192305,-0.020702950656414,-0.0110447444021701,0.0233530178666114,-0.0020851860754191,-0.0129714366048574,0.0,-0.0019469902617856,-0.0123566333204507,0.0441356115043163,-0.0014688377268612,0.007706721778959,0.0005879029049538,0.0166859179735183,-0.0067153149284422,-0.0075221797451376,0.0470804311335086,0.0146991126239299,0.0565245486795902,-0.0176550205796957,0.017751445993781,0.0193548407405614,0.0221774149686098,-0.0155967995524406,0.0262069050222635,0.0298507288098335,-0.023897647857666,-0.0136008206754922,0.0160738471895456,0.0002260018372908,0.0971857458353042,0.0544632747769355,-0.0389469861984252,-0.0012859273701906,-0.0197950284928083,-0.0139484489336609,-0.0331510342657566,-0.0015233883168548,-0.0249916687607765,-0.0281168464571237,-0.0131535558030009,-0.0206324737519025,-0.0164941865950822,-0.0041217426769435,-0.0635978281497955,-0.0413888953626155,-0.0146224377676844,-0.0863516107201576,0.0050989254377782,0.0183775462210178,-0.0005995340761728,-0.0146945007145404,-0.0242760479450225,-0.0240712184458971,0.0064762257970869,-0.0091152861714363,-0.020755186676979,-0.0013527931878343,-0.055540457367897,0.0184231996536254,0.0822039172053337,-0.0218143034726381,-0.0420548021793365,0.032907236367464,0.0071063102222979,-0.0042127394117414,0.0022792546078562,-0.0161290485411882,-0.037301167845726,-0.0145122529938817,0.0170153602957725,-0.0267248321324586,-0.0505826249718666,-0.0386387445032596,-0.012990279123187,-0.0522006364772763,0.0173273789433952,-0.0496418219771785,0.0133367761538905,-0.0017912869313814,0.095871020467368,-0.051177070389731,0.1745983034770393,0.1041453271886487,0.1390358469473367,-0.086745224391553,0.026218264805315,2019-02-25,2019-02-26,2019-02-27,2019-02-28,2019-03-01,2019-03-04,2019-03-05,2019-03-06,2019-03-07,2019-03-08,62341.0,2019-02-22,252.0,0.8516%,-0.0008,1.7049,1.2316,0.7446,2.2711%,2.8831%,37.9494%,0.001502,PDCE,62341.0,2019-02-25,252.0,-3.8639%,-0.0011,1.7095,1.2538,0.7733,2.2696%,2.8842%,38.0816%,-0.0367539999999999,PDCE,62341.0,2019-02-26,252.0,-1.4107%,-0.0012,1.6915,1.271,0.7685,2.2616%,2.8680%,37.8139%,-0.000895,PDCE,62341.0,2019-02-27,252.0,0.2700%,-0.0012,1.6973,1.2608,0.7695,2.2601%,2.8681%,37.9023%,-0.000415,PDCE,62341.0,2019-02-28,252.0,-0.1885%,-0.0012,1.7013,1.2637,0.7709,2.2596%,2.8668%,37.8736%,0.004948,PDCE,62341.0,2019-03-01,252.0,5.2333%,-0.001,1.7114,1.2788,0.7678,2.2739%,2.8823%,37.7604%,0.039413,PDCE,62341.0,2019-03-04,252.0,0.5640%,-0.0011,1.7309,1.1984,0.7664,2.2577%,2.8726%,38.2304%,0.01657,PDCE,62341.0,2019-03-05,252.0,-0.1784%,-0.0011,1.7327,1.2178,0.7648,2.2565%,2.8721%,38.2741%,0.006622,PDCE,62341.0,2019-03-06,252.0,-3.4219%,-0.0011,1.735,1.2246,0.7683,2.2566%,2.8784%,38.5381%,-0.004716,PDCE,62341.0,2019-03-07,252.0,0.7932%,-0.0008,1.7308,1.2568,0.7719,2.2531%,2.8769%,38.6642%,0.025462,PDCE,62341.0,2019-03-08,252.0,-2.7282%,-0.0009,1.733,1.2703,0.7747,2.2560%,2.8815%,38.7025%,-0.0228799999999999,PDCE,-0.0352519999999999,-0.0361469999999999,-0.0365619999999999,0.007799,0.028857
14323,POOL CORP,Baird Upgrades Pool to Outperform,6,increase,0.8,0.6,"upgrades from analysts typically signal positive sentiment and can lead to increased investor interest, likely resulting in a rise in stock price.",2,2019-02-22,POOL,2019-02-22 13:51:00+00:00,82515.0,73278L10,0.0215599872171878,271638.0,0.0089459978044033,0.0174175202846527,0.0070559158921241,-0.0115210274234414,-0.003844215767458,0.0164473690092563,-0.006971308030188,0.0098997112363576,-0.0020057170186191,-0.0463790595531463,0.0001256391988135,-0.0051685604266822,0.0031399144791066,0.0210451073944568,-0.0120821828022599,-0.007980590686202,-0.0060198782011866,0.000766790471971,-0.0047176177613437,0.0050086611881852,0.0156931355595588,-0.0082155680283904,0.002837843960151,0.0145377004519105,0.0115079209208488,0.0207756850868463,-0.0081046624109148,0.0114067867398262,-0.013325017876923,-0.0045816893689334,0.0117849800735712,-0.0037705369759351,-0.0060442402027547,-0.0028364637400954,-0.0041172732599079,0.0065733049996197,0.0161556620150804,-0.0131699293851852,-0.02215819619596,0.0025619089137762,0.01363464910537,0.0021724940743297,-0.0056836698204278,-0.0049132001586258,0.0215306412428617,0.0123350396752357,0.0228799302130937,0.0167902242392301,0.0027352110482752,-0.0086235264316201,0.0173364896327257,-0.0093377726152539,-0.0007149801240302,-0.0054011810570955,0.0121042197570204,-0.0064785699360072,-0.0014728407841175,-0.0041707358323037,0.0049560228362679,0.0241606831550598,-0.0024071135558187,-0.0021311494056135,-0.0443737842142581,0.0058279414661228,0.0089296521618962,0.034009862691164,0.0075077563524246,-0.01048662699759,0.018356954678893,-0.0184998326003551,0.0138616329059004,0.0054788799025118,0.0011735532898455,0.0153845474123954,-0.0085569778457283,0.0103393625468015,0.0516079179942607,0.0396796762943267,0.0012367261806502,-0.0067359544336795,0.0019651120528578,-0.0349906459450721,0.0053233043290674,0.0024262173101305,-0.0148821035400033,-0.0083860410377383,0.0117120742797851,0.0013766309712082,0.0123035451397299,-0.0106237921863794,0.0150821004062891,-0.0270986314862966,-0.0116468882188201,0.0054626078344881,0.0185022056102752,-0.0017290317919105,-0.0028114416636526,-0.0017261485336348,0.007807430345565,-0.011679015122354,-0.0172692406922578,-0.0261963512748479,0.0021349941380321,-0.0208946596831083,-0.0040423371829092,-0.0297419968992471,0.0101469438523054,0.0137838013470172,-0.0193299539387226,0.0134072955697774,-0.0014395355246961,-0.0051492140628397,0.0097587713971734,0.040203895419836,0.0019768138881772,0.0033021026756614,0.0129727385938167,0.0017512276535853,0.0041784471832215,0.0067254249006509,0.0089459978044033,0.0174175202846527,0.0160650359046063,0.0056958251323635,0.0121590626728189,0.022236875479384,0.0030870378987291,-0.015523008683859,-0.0164430209916441,-0.0022474185219543,0.0760906247818051,0.0370420037695582,0.1726214055301245,0.0145609667544859,2019-02-25,2019-02-26,2019-02-27,2019-02-28,2019-03-01,2019-03-04,2019-03-05,2019-03-06,2019-03-07,2019-03-08,82515.0,2019-02-22,252.0,2.1560%,0.0002,0.6503,0.4353,-0.1039,1.0403%,1.2942%,35.3948%,0.013595,POOL,82515.0,2019-02-25,252.0,0.8946%,0.0003,0.6489,0.4298,-0.1118,1.0393%,1.2936%,35.4482%,0.008815,POOL,82515.0,2019-02-26,252.0,0.7056%,0.0003,0.6435,0.4211,-0.1203,1.0406%,1.2912%,35.0475%,0.010376,POOL,82515.0,2019-02-27,252.0,-0.3844%,0.0004,0.6511,0.4057,-0.119,1.0353%,1.2891%,35.4960%,-0.005468,POOL,82515.0,2019-02-28,252.0,-0.6971%,0.0004,0.6495,0.4044,-0.1189,1.0354%,1.2868%,35.2501%,-0.005432,POOL,82515.0,2019-03-01,252.0,-0.2006%,0.0004,0.6416,0.3926,-0.1271,1.0350%,1.2815%,34.7703%,-0.00842,POOL,82515.0,2019-03-04,252.0,0.0126%,0.0003,0.6456,0.3747,-0.1271,1.0336%,1.2809%,34.8949%,0.0054379999999999,POOL,82515.0,2019-03-05,252.0,0.3140%,0.0003,0.6413,0.3445,-0.1318,1.0293%,1.2715%,34.4712%,0.005004,POOL,82515.0,2019-03-06,252.0,-1.2082%,0.0003,0.6412,0.3511,-0.1311,1.0293%,1.2732%,34.6389%,-0.002392,POOL,82515.0,2019-03-07,252.0,-0.6020%,0.0002,0.6361,0.3233,-0.1457,1.0186%,1.2617%,34.8188%,-0.001039,POOL,82515.0,2019-03-08,252.0,-0.4718%,0.0002,0.6357,0.3384,-0.1471,1.0153%,1.2605%,35.1212%,-0.0038179999999999,POOL,0.02241,0.032786,0.027318,0.013466,0.016659
14331,QUALYS INC,"Berenberg Downgrades Qualys to Hold, Lowers Price Target to $82",6,decrease,0.8,0.7,"a downgrade from a reputable firm typically signals reduced confidence in the company's future performance, which can lead to a decline in stock price.",0,2019-02-22,QLYS,2019-02-22 12:31:00+00:00,13600.0,74758T30,0.0008300608024001,314977.0,-0.003909511025995,0.0040475754067301,0.0016650735633447,0.0002381119556957,0.0193540398031473,0.0407733395695686,-0.0258590709418058,-0.0070145172066986,0.0138706648722291,-0.0127565963193774,-0.0239414870738983,-0.1462504416704178,-0.006645759101957,0.0176272522658109,-0.0048656067810952,0.0030704173259437,0.0107566909864544,0.0288670342415571,0.0020558491814881,-0.0160771701484918,0.0374124832451343,0.0077770706266164,-0.0008143287268467,0.012024468742311,-0.0152520379051566,0.0326222740113735,0.0023645891342312,0.0238067451864481,0.0138004031032323,0.0312238708138465,-0.0107038766145706,0.0200583692640066,0.0158767309039831,-0.0002430316380923,-0.0206066090613603,0.0035370278637856,0.0186761450022459,0.0164888929575681,-0.0418890751898288,0.0021121357567608,0.0043599442578852,-0.0081331320106983,0.0067526535131037,0.0146286338567733,-0.0342556089162826,0.0090840421617031,0.0075654298998415,0.0188970454037189,0.0184638109058141,-0.0109345279633998,-0.0013294732198119,0.0244887974113225,0.0041147763840854,-0.0215396694839,0.0094009730964899,0.0025555449537932,-0.0371343344449996,-0.0069787520915269,0.0022321466822177,0.0277777425944805,0.0071764639578759,0.0316157452762126,-0.0006142880883999,0.0001345820201095,0.0197910349816083,0.0685837045311927,-0.0095226727426052,-0.0611500889062881,0.0049897003918886,-0.0088305603712797,-0.0050859549082815,-0.0046610534191131,-0.0019474641885608,-0.0066146319732069,-0.0145122250542044,0.0267589446157217,0.0047024488449096,0.083124928176403,0.0189678631722927,0.0013259276747703,0.0290099568665027,-0.0409720465540885,0.0075179068371653,-0.0281477831304073,0.0173721071332693,-0.01938864775002,0.0099701480939984,0.0422396063804626,-0.0088505484163761,-0.1085814386606216,0.0333142951130867,-0.0205831937491893,0.0027697761543095,0.0065360269509255,0.0139210522174835,0.0468628630042076,-0.0007627732120454,-0.0007739623542875,-0.0212649628520011,0.0247190352529287,-0.0276323501020669,-0.0337207727134227,0.0001146113936556,0.0229975450783968,-0.0101970601826906,-0.0597125031054019,0.0127329379320144,0.0333925485610961,-0.037604309618473,0.0206039138138294,0.0332541950047016,0.0035110095050185,-0.0052873459644615,0.046400923281908,0.0496879518032074,-0.0126293487846851,-0.032254435122013,0.0264790803194046,-0.0238881353288888,0.0070833628997206,-0.003909511025995,0.0040475754067301,-0.0022509470861051,0.0042866511385217,0.0170595277975429,0.0452347717905776,0.0045018037202353,0.0246628454895825,-0.0183627876401236,-0.0960343622608091,-0.0425305521790229,0.0998956241111752,0.0165856347333726,0.1713888449882346,2019-02-25,2019-02-26,2019-02-27,2019-02-28,2019-03-01,2019-03-04,2019-03-05,2019-03-06,2019-03-07,2019-03-08,13600.0,2019-02-22,252.0,0.0830%,-0.0001,1.1878,0.8669,-1.4952,1.8898%,2.7356%,52.2772%,-0.034524,QLYS,13600.0,2019-02-25,252.0,-0.3910%,-0.0002,1.1887,0.8708,-1.4899,1.8897%,2.7346%,52.2493%,-0.006229,QLYS,13600.0,2019-02-26,252.0,0.1665%,-0.0002,1.1813,0.872,-1.4949,1.8886%,2.7292%,52.1154%,0.004123,QLYS,13600.0,2019-02-27,252.0,1.9354%,-0.0001,1.1797,0.8792,-1.4951,1.8907%,2.7305%,52.0498%,0.01474,QLYS,13600.0,2019-02-28,252.0,-2.5859%,-0.0003,1.1949,0.8887,-1.478,1.8942%,2.7356%,52.0544%,-0.026216,QLYS,13600.0,2019-03-01,252.0,1.3871%,-0.0003,1.1836,0.8719,-1.4941,1.8911%,2.7299%,52.0135%,-0.003312,QLYS,13600.0,2019-03-04,252.0,-2.3941%,-0.0004,1.1919,0.8519,-1.4979,1.8892%,2.7338%,52.2421%,-0.008562,QLYS,13600.0,2019-03-05,252.0,-0.6646%,-0.0004,1.1903,0.8363,-1.497,1.8883%,2.7250%,51.9828%,-0.005664,QLYS,13600.0,2019-03-06,252.0,-0.4866%,-0.0003,1.1858,0.8002,-1.5071,1.8909%,2.7252%,51.8577%,0.016179,QLYS,13600.0,2019-03-07,252.0,1.0757%,-0.0002,1.1809,0.8086,-1.5111,1.8924%,2.7259%,51.8028%,0.0159769999999999,QLYS,13600.0,2019-03-08,252.0,0.2056%,-0.0002,1.18,0.8199,-1.5132,1.8913%,2.7258%,51.8556%,0.001591,QLYS,-0.040753,-0.0366299999999999,-0.0218899999999999,-0.051418,-0.0318969999999999
14339,REGENERON PHARMACEUTICALS INC,"Guggenheim Downgrades Regeneron Pharmaceuticals to Neutral, Lowers Price Target to $425",6,decrease,0.8,0.6,"a downgrade to 'neutral' and a lower price target typically signal reduced investor confidence, which can lead to a decrease in stock price.",0,2019-02-22,REGN,2019-02-22 13:03:00+00:00,76614.0,75886F10,0.0093163102865219,386603.0,-0.0050648115575313,-0.0092069171369075,0.0137256504967808,0.0045411405153572,0.0168485101312398,-0.0079486640170216,-0.0059769609943032,0.0216883141547441,0.0204996448010206,0.0069887763820588,-0.0130582628771662,-0.0102080032229423,0.0076067084446549,0.0191671848297119,-0.0307460073381662,0.0040555093437433,-0.0333026871085166,0.0009840916609391,-0.0169441178441047,-0.0002459811803419,0.0233706850558519,-0.0343910567462444,0.0135177951306104,-0.0102491425350308,-0.0206167940050363,-0.0110426601022481,-0.0036918651312589,0.0020500032696872,0.017104297876358,0.0222904551774263,-0.0165753737092018,0.006616348400712,-0.0014966041781008,0.0077303578145802,-0.0036609997041523,-0.0103755677118897,-0.007176334504038,0.02539655379951,-0.0268014818429946,0.0167493373155593,0.0081674633547663,-0.0087461611256003,0.0268860626965761,-0.0336405225098133,-0.0067797447554767,0.0034979907795786,0.0048650717362761,0.0317397452890873,0.0143023217096924,-0.0011850785231217,-0.0013881626073271,0.0107054077088832,0.0116327758878469,-0.0193328782916069,-0.0188515670597553,0.0013968714047223,-0.0011547941248863,0.0212223120033741,0.0059282309375703,0.005839945282787,-0.0187802426517009,0.0015883943997323,-0.0137815847992897,-0.0023141314741224,0.0315871909260749,0.0684530287981033,-0.0361315906047821,-0.0009666412370279,-0.0267866421490907,-0.0028380122967064,-0.0194286368787288,0.0300038754940033,-0.0207989290356636,-0.0059486646205186,-0.0672305524349212,0.0041289324872195,-0.0280782710760831,0.066492460668087,0.0020699659362435,-0.011491559445858,0.0302667897194623,-0.0326474606990814,-0.0106933889910578,-0.0123925730586051,0.0279915388673543,-0.022493191063404,-0.0180861931294202,-0.0173102524131536,0.0014257994480431,-0.0148752871900796,-0.0029347066301852,0.007027565035969,-0.0068485341034829,0.0014552288921549,-0.015786862000823,0.0059618605300784,0.0044125425629317,-0.0049524488858878,0.0217875149101018,0.0127672394737601,-0.063416950404644,-0.0232125967741012,0.0204714834690094,0.0238466057926416,-0.0146808102726936,-0.0256396792829036,-0.0348891876637935,0.0463831312954425,-0.0246435850858688,0.016909047961235,-0.0017368467524647,-0.0111924074590206,0.004037853796035,0.0284228008240461,0.0071603804826736,0.0011608914937824,-0.0100636472925543,0.0361438952386379,-0.0077720046974718,-0.0067314393818378,-0.0050648115575313,-0.0092069171369075,0.0085913211059787,-0.0047075865259822,0.0255845821979134,-0.0126188315193778,0.0403531624591397,0.0158460497246237,-0.0470509672518041,0.0296635127346103,-0.0321404594448457,0.053768276367188,-0.283891853398693,0.2198618149536928,2019-02-25,2019-02-26,2019-02-27,2019-02-28,2019-03-01,2019-03-04,2019-03-05,2019-03-06,2019-03-07,2019-03-08,76614.0,2019-02-22,252.0,0.9316%,0.0009,1.0368,0.2644,-0.3506,1.4860%,1.9253%,40.4286%,-0.0042759999999999,REGN,76614.0,2019-02-25,252.0,-0.5065%,0.0009,1.0359,0.2672,-0.3524,1.4859%,1.9253%,40.4334%,-0.006664,REGN,76614.0,2019-02-26,252.0,1.3726%,0.0009,1.0274,0.2547,-0.3652,1.4878%,1.9208%,40.0061%,0.0158309999999999,REGN,76614.0,2019-02-27,252.0,1.6849%,0.001,1.0314,0.2518,-0.3645,1.4895%,1.9233%,40.0228%,0.014902,REGN,76614.0,2019-02-28,252.0,-0.5977%,0.0009,1.0326,0.2524,-0.3625,1.4898%,1.9220%,39.9172%,-0.003841,REGN,76614.0,2019-03-01,252.0,2.0500%,0.0009,1.04,0.2635,-0.3556,1.4901%,1.9257%,40.1265%,0.0107929999999999,REGN,76614.0,2019-03-04,252.0,-1.3058%,0.0009,1.0468,0.2465,-0.3586,1.4883%,1.9278%,40.3962%,-0.0053,REGN,76614.0,2019-03-05,252.0,0.7607%,0.0008,1.0422,0.2162,-0.3649,1.4865%,1.9213%,40.1433%,0.0092,REGN,76614.0,2019-03-06,252.0,-3.0746%,0.0008,1.0504,0.2576,-0.3501,1.4917%,1.9310%,40.3269%,-0.019211,REGN,76614.0,2019-03-07,252.0,-3.3303%,0.0007,1.0644,0.274,-0.3269,1.5003%,1.9431%,40.3889%,-0.025755,REGN,76614.0,2019-03-08,252.0,-1.6944%,0.0006,1.0664,0.276,-0.3237,1.5036%,1.9464%,40.3212%,-0.015385,REGN,-0.0109399999999999,0.0048909999999999,0.0197929999999999,0.0267449999999999,-0.029706
14347,REGIONAL MANAGEMENT CORP,"BTIG Research Initiates Coverage On Regional Management with Buy Rating, Announces $36 Price Target",6,increase,0.8,0.6,"the initiation of coverage with a 'buy' rating and a price target of $36 is likely to attract investor interest and confidence, potentially driving the stock price up.",2,2019-02-22,RM,2019-02-22 12:07:00+00:00,13302.0,75902K10,0.0153677305206656,36678.0,-0.0194594915956258,-0.0122876819223165,-0.0014700114261358,-0.0068198326043784,0.0036805439740419,-0.0158954039216041,-0.0029336237348616,0.0305788200348615,0.0110334400087595,-0.0602121204137802,-0.0145507315173745,0.0231011491268873,0.0,0.0240143407136201,-0.0136582069098949,-0.0162200629711151,-0.0284431222826242,0.019410528242588,0.0265793744474649,-0.0025098493788391,0.0240150578320026,-0.0010745231993496,-0.0021986577194184,-0.0042796302586793,0.0106500517576932,0.0170475598424673,-0.0079942299053072,0.0032751148100942,-0.0208791103214025,0.0054884604178369,-0.0145903257653117,0.012597263790667,-0.0053150868043303,0.0014841932570561,-0.0103053608909249,0.0018587786471471,-0.0026995639782398,-0.0081121390685439,-0.0471771545708179,0.0078038275241851,0.0,0.0101351523771882,-0.0016233364585787,-0.0055991606786847,-0.0089431386440992,0.0260436721146106,-0.0077932169660925,0.0084975371137261,0.009508041664958,0.0019349550129845,-0.0012285293778404,0.0081935618072748,0.0024600808974355,-0.0221289563924074,0.0106338774785399,0.0274401735514402,-0.0044515868648886,0.0063116308301687,0.0073170852847397,0.0083532612770795,-0.0040355278179049,-0.0051444820128381,0.0020259008742868,-0.0109588569030165,0.0222402401268482,0.0606060214340686,-0.0007911573047749,-0.0008295502630062,0.0015834920341148,0.0024948597420006,0.008695701137185,0.0147678675130009,0.0117554562166333,-0.0033641683403402,0.0030983705073595,-0.0079265180975198,-0.0138995638117194,0.0467248782515525,-0.022709546610713,-0.0242863111197948,0.0324519798159599,-0.0046649961732327,-0.0073729348368942,-0.0133891087025404,-0.0218920819461345,-0.0033361103851348,0.0111909983679652,0.0173949878662824,0.0031620524823665,-0.0418699458241462,-0.0240346230566501,-0.0088637918233871,-0.0157449040561914,-0.0189723148941993,0.0114848520606756,0.0019801678135991,0.0137875163927674,-0.0235885772854089,0.0099999997764825,0.0062256748788058,-0.0071287248283624,-0.0298225376754999,0.0187475550919771,0.0049316827207803,-0.0681284889578819,-0.0365497060120105,0.0239496473222971,0.0073637985624372,-0.0020517497323453,0.0025839679874479,-0.0148026570677757,0.0014787769177928,0.005425754468888,0.0003697604115586,-0.0211706198751926,-0.0116958953440189,0.0322307124733924,0.0014641623711213,-0.0110928695648908,-0.0043732081539928,-0.0194594915956258,-0.0122876819223165,-0.0209008973467693,-0.0190237145928889,-0.0172972800445091,-0.0346167288869498,-0.0093693766448025,-0.0650017000736347,-0.039639650713061,-0.0200788654458889,-0.1070270024285602,0.0871121905798419,-0.1326126244866834,-0.0040087740423392,2019-02-25,2019-02-26,2019-02-27,2019-02-28,2019-03-01,2019-03-04,2019-03-05,2019-03-06,2019-03-07,2019-03-08,13302.0,2019-02-22,252.0,1.5368%,-0.0004,0.7637,0.784,0.4067,1.3034%,1.5465%,28.9769%,0.012246,RM,13302.0,2019-02-25,252.0,-1.9459%,-0.0005,0.7636,0.7925,0.411,1.3080%,1.5512%,28.8997%,-0.017935,RM,13302.0,2019-02-26,252.0,-0.1470%,-0.0004,0.7718,0.7755,0.4085,1.3048%,1.5504%,29.1810%,0.0060799999999999,RM,13302.0,2019-02-27,252.0,0.3681%,-0.0004,0.7725,0.7749,0.4086,1.3048%,1.5505%,29.1840%,0.001903,RM,13302.0,2019-02-28,252.0,-0.2934%,-0.0004,0.7699,0.7732,0.4066,1.3045%,1.5475%,28.9398%,0.000228,RM,13302.0,2019-03-01,252.0,1.1033%,-0.0004,0.7733,0.7782,0.4095,1.3047%,1.5480%,28.9673%,0.004784,RM,13302.0,2019-03-04,252.0,-1.4551%,-0.0005,0.7799,0.764,0.406,1.3036%,1.5493%,29.1972%,-0.009104,RM,13302.0,2019-03-05,252.0,0.0000%,-0.0005,0.7762,0.7381,0.4014,1.3014%,1.5411%,28.6836%,0.004579,RM,13302.0,2019-03-06,252.0,-1.3658%,-0.0005,0.7756,0.7329,0.4,1.3015%,1.5429%,28.8455%,0.001912,RM,13302.0,2019-03-07,252.0,-2.8443%,-0.0006,0.785,0.7403,0.4147,1.3074%,1.5523%,29.0614%,-0.020341,RM,13302.0,2019-03-08,252.0,2.6579%,-0.0005,0.7818,0.7285,0.4102,1.3184%,1.5586%,28.4549%,0.028551,RM,-0.005689,0.0003909999999999,0.002294,0.007306,0.012903
14355,SAGE THERAPEUTICS INC,"Guggenheim Initiates Coverage On Sage Therapeutics with Buy Rating, Announces $205 Price Target",6,increase,0.8,0.6,"the initiation of coverage with a 'buy' rating and a price target significantly above the current market price is likely to attract investor interest, potentially driving the stock price up.",2,2019-02-22,SAGE,2019-02-22 14:43:00+00:00,14828.0,78667J10,0.0532905235886573,403511.0,0.0350717268884182,-0.0100231003016233,-0.0414758175611496,-0.0345864221453666,0.0400629118084907,-0.0495867542922496,0.0023287707008421,0.0179644282907247,-0.0015070989029482,0.0029181719291955,-0.0215709246695041,0.0243031103163957,-0.0075202351436018,0.0222532637417316,-0.0305032487958669,-0.0081697553396224,0.0054108053445816,0.0346285067498683,0.0026576917152851,-0.0124537600204348,0.0308793559670448,0.0085546188056468,-0.0003214183379895,0.0081450184807181,0.0204474832862615,0.0215354617685079,-0.0245116539299488,0.003015694906935,0.0218332465738058,0.0749340578913688,-0.0082811657339334,0.0077489097602665,-0.0049719451926648,0.0197552144527435,-0.0233183801174163,-0.022269370034337,0.0362061448395252,-0.0015880772843956,-0.0079756584018468,0.0113965896889567,0.0135272787883877,-0.0477091409265995,0.0302820298820734,-0.0178839694708585,-0.0298808403313159,0.0244026556611061,0.0066768256947398,0.0063421870581805,-0.0048179468140006,0.0277399085462093,-0.0075447778217494,0.038979485630989,0.0157110895961523,0.0151079092174768,0.0091061647981405,-0.0088734170421957,-0.0045119957067072,0.0534134656190872,0.0365702174603939,-0.0740339607000351,0.0067086578346788,-0.0699346736073494,-0.0004165366990491,0.4268280267715454,0.0176785793155431,0.0915705859661102,-0.0052640456706285,-0.0013414770364761,0.0031163564417511,-0.0661864876747131,-0.017233308404684,0.0764131173491478,0.0023857443593442,0.0125156268477439,-0.0392121635377407,-0.0121389431878924,0.0201894752681255,0.0646165087819099,0.0047350134700536,0.0198925696313381,0.0088816462084651,-0.0325855314731597,-0.0150915626436471,-0.0885613188147544,-0.0029794811271131,-0.0570269152522087,0.0287857614457607,-0.0274350997060537,0.0100776385515928,-0.0064711840823292,-0.0126768220216035,0.0136155346408486,-0.0087380446493625,-0.0906461700797081,-0.0074357776902616,0.0260571707040071,0.010995602235198,0.0026963576674461,0.0220509301871061,0.0474289320409297,-0.0206396467983722,-0.0302228666841983,0.017074629664421,-0.0238776057958602,-0.0007043620571494,-0.0645912215113639,-0.0247885398566722,0.0058114160783588,-0.0124684209004044,0.0109610660001635,0.0130527568981051,0.0364446267485618,0.0057800393551588,0.064016968011856,0.0195750035345554,-0.082431174814701,-0.0137975923717021,0.0082304365932941,-0.0271476898342371,0.0308954939246177,0.0350717268884182,-0.0100231003016233,-0.0078587192187098,-0.0442628592687527,0.031889349414794,-0.0916547620341703,0.0327336021823272,-0.0726385331219027,-0.0198739887176627,-0.015954292836335,0.0843021029528545,0.1296754273366644,0.061310659977332,0.3481508112817537,2019-02-25,2019-02-26,2019-02-27,2019-02-28,2019-03-01,2019-03-04,2019-03-05,2019-03-06,2019-03-07,2019-03-08,14828.0,2019-02-22,251.0,5.3291%,-0.0004,1.5234,1.2101,-1.1903,3.9189%,4.5049%,24.3244%,0.019599,SAGE,14828.0,2019-02-25,251.0,3.5072%,-0.0,1.5166,1.1866,-1.228,3.9080%,4.4978%,24.5071%,0.03369,SAGE,14828.0,2019-02-26,251.0,-4.1476%,-0.0003,1.5023,1.2497,-1.2066,3.9077%,4.4921%,24.3258%,-0.035607,SAGE,14828.0,2019-02-27,251.0,4.0063%,-0.0002,1.499,1.2659,-1.207,3.9136%,4.4973%,24.2742%,0.034788,SAGE,14828.0,2019-02-28,251.0,0.2329%,-0.0002,1.4964,1.2642,-1.2099,3.9136%,4.4943%,24.1735%,0.0036049999999999,SAGE,14828.0,2019-03-01,251.0,-0.1507%,-0.0003,1.4961,1.2637,-1.2008,3.9155%,4.4937%,24.0759%,-0.020877,SAGE,14828.0,2019-03-04,251.0,-2.1571%,-0.0003,1.4987,1.2583,-1.2023,3.9155%,4.4959%,24.1527%,-0.004143,SAGE,14828.0,2019-03-05,251.0,-0.7520%,-0.0003,1.5035,1.2926,-1.1975,3.9138%,4.4956%,24.2052%,-0.004047,SAGE,14828.0,2019-03-06,251.0,-3.0503%,-0.0004,1.4903,1.3061,-1.2106,3.9105%,4.4951%,24.3184%,-0.001198,SAGE,14828.0,2019-03-07,251.0,0.5411%,-0.0004,1.4779,1.2745,-1.236,3.9090%,4.4899%,24.2011%,0.014461,SAGE,14828.0,2019-03-08,251.0,0.2658%,-0.0003,1.4752,1.3107,-1.2422,3.9036%,4.4886%,24.3682%,0.003081,SAGE,0.053289,0.017682,0.05247,0.035198,0.0433519999999999
14363,S B A COMMUNICATIONS CORP NEW,Guggenheim Downgrades SBA Communications to Neutral,6,decrease,0.75,0.6,"a downgrade from guggenheim typically signals reduced expectations for the company's performance, which can lead to a decline in stock price.",0,2019-02-22,SBAC,2019-02-22 13:14:00+00:00,86996.0,78410G10,-0.0006022150628268,991294.0,-0.0079978452995419,-0.0018033871892839,-0.0005521610728465,-0.0030509263742715,-0.0032046069391071,-0.0105121126398444,0.0008314056321978,0.0071122078225016,0.0085844211280345,-0.0008136807009577,0.0020317123271524,0.0061677289195358,-0.0020823632366955,-0.0041310782544314,0.0010982808889821,0.0040934397839009,0.0059243105351924,-0.0023413705639541,0.0004907641559839,0.0122918961569666,0.0132991904392838,-0.0171731859445571,0.006508479360491,0.0116737345233559,0.0098333247005939,0.0072872214950621,0.0025401974562555,-0.0076151834800839,0.0079708322882652,0.0208042133599519,0.0031945568043738,0.0002797217166516,0.0017227074131369,0.0064181927591562,0.0037521559279412,0.001974337734282,0.017963794991374,0.0041919532231986,0.0053551676683127,0.0058689387515187,-0.007812466006726,0.0135134924203157,-0.0029655478429049,0.0006356579251587,-0.0064102564938366,-0.0023636783007532,0.0060902847908437,0.0051573235541582,0.0242651775479316,0.0121408058330416,-0.0087649002671241,0.0079214721918106,0.0087413256987929,-0.0037104049697518,0.0024043063167482,0.0103540029376745,-0.0099439853802323,0.0188553445041179,0.0145358582958579,-0.0138705736026167,0.0023879955988377,0.0162221174687147,-0.0014889227459207,0.0101263895630836,0.00666035246104,0.0024609891697764,0.003900698851794,0.0111352615058422,0.0045248777605593,-0.0070418147370219,-0.0055327303707599,-0.0036925724707543,-0.0208261329680681,-0.0042894599027931,-0.0079444982111454,-0.0065745529718697,0.0044601601548492,0.0388288050889968,0.0060046548023819,-0.0226218458265066,0.0030596409924328,-0.0098531255498528,0.0043004332110285,-0.0102968635037541,-0.006522593088448,-0.0020551036577671,0.0077181803062558,0.005042232107371,-0.0062665226869285,-0.0457391254603862,0.0196186285465955,0.0016258202958852,0.0003926855861209,0.0192341841757297,0.001864505582489,-0.0135442353785038,0.0133698796853423,0.0143305398523807,-0.0042528747580945,0.00416243635118,-0.0082022286951541,-0.0194740630686283,0.0175678804516792,0.0098922019824385,-0.0030297434423118,-0.0007649145554751,0.0148569867014884,-0.0049762357957661,-0.005323423538357,0.0134084513410925,0.0009556885343044,0.0011285486398264,0.0044397413730621,0.0191283524036407,0.0090779643505811,-0.0051189768128097,-0.010974527336657,0.0024752696044743,-0.0321459211409091,-0.0117534827440977,-0.0079978452995419,-0.0018033871892839,-0.0085455902735473,-0.0048488115620166,-0.0117228119547652,-0.0153099529485517,-0.0024103116922706,-0.0091135544474182,0.0050397052605533,0.0068350001878383,0.1011229304700194,0.0920722812778294,0.1132839864686643,0.0897917989126644,2019-02-25,2019-02-26,2019-02-27,2019-02-28,2019-03-01,2019-03-04,2019-03-05,2019-03-06,2019-03-07,2019-03-08,86996.0,2019-02-22,252.0,-0.0602%,0.0002,0.4562,-0.1955,-0.0681,1.1957%,1.2972%,15.0399%,-0.003677,SBAC,86996.0,2019-02-25,252.0,-0.7998%,0.0001,0.4573,-0.1897,-0.0609,1.1958%,1.2969%,14.9884%,-0.009413,SBAC,86996.0,2019-02-26,252.0,-0.0552%,0.0001,0.4561,-0.1865,-0.0602,1.1957%,1.2953%,14.7857%,-0.001336,SBAC,86996.0,2019-02-27,252.0,-0.3205%,0.0001,0.4593,-0.1933,-0.0597,1.1950%,1.2955%,14.9093%,-0.003433,SBAC,86996.0,2019-02-28,252.0,0.0831%,0.0003,0.4319,-0.212,-0.08,1.1522%,1.2472%,14.6558%,0.002045,SBAC,86996.0,2019-03-01,252.0,0.8584%,0.0005,0.4129,-0.2404,-0.112,1.1332%,1.2263%,14.6001%,0.005679,SBAC,86996.0,2019-03-04,252.0,0.2032%,0.0005,0.4088,-0.2295,-0.1103,1.1323%,1.2225%,14.2148%,0.003564,SBAC,86996.0,2019-03-05,252.0,-0.2082%,0.0006,0.4125,-0.2019,-0.1065,1.1286%,1.2195%,14.3431%,-0.002454,SBAC,86996.0,2019-03-06,252.0,0.1098%,0.0005,0.4017,-0.196,-0.1179,1.1221%,1.2100%,14.0057%,0.001972,SBAC,86996.0,2019-03-07,252.0,0.5924%,0.0005,0.3984,-0.1963,-0.1224,1.1232%,1.2104%,13.8930%,0.008602,SBAC,86996.0,2019-03-08,252.0,0.0491%,0.0005,0.3993,-0.2126,-0.1201,1.1193%,1.2073%,14.0388%,0.001167,SBAC,-0.01309,-0.014426,-0.017859,-0.010135,0.0027159999999999
14371,SMUCKER J M CO,JM Smucker shares are trading lower in sympathy to Kraft Heinz which announced worse than expected 2019 guidance and lowered its dividend.,6,decrease,0.8,0.6,"jm smucker shares are trading lower in sympathy to kraft heinz's negative news, indicating a likely decrease in investor confidence and stock price.",0,2019-02-22,SJM,2019-02-22 14:52:00+00:00,42585.0,83269640,-0.0501076951622963,1732644.0,-0.0035496018826961,-0.0015897306147962,0.0497724004089832,0.028170371428132,0.0139504512771964,0.0060940692201256,-0.0154317747801542,0.018120901659131,-0.004626621492207,-0.0129181761294603,-0.0273192692548036,-0.0060367691330611,-0.0044860453344881,0.0098703727126121,0.0130290146917104,-0.0026059672236442,-0.0075428523123264,-0.0021188599057495,-0.0013641176046803,-0.0135854100808501,0.0062445057556033,-0.0010439461329951,-0.0031997887417674,0.0040975823067128,0.0044746990315616,0.010690557770431,0.005713696591556,-0.0100113982334733,0.0166586749255657,0.0135291246697306,0.0136388977989554,0.0022276353556662,-0.0010277796536684,0.0036939559504389,0.0014965487644076,0.014097006060183,0.0422153435647487,-0.003242549020797,0.0242853909730911,-0.0232268515974283,0.0142606934532523,-0.0076197297312319,-0.0018977074651047,0.0019085499225184,-0.0070002381689846,0.0058552562259137,0.0100087160244584,0.0092027215287089,0.0038776125293225,0.0005816147313453,-0.0066094133071601,0.0052616284228861,0.0027650538831949,0.0043056542053818,-0.0061181103810667,0.006996443029493,0.0030345597770065,0.0180578157305717,0.0073472075164318,0.0,0.012356293387711,0.025831039994955,0.0127140190452337,0.0134543282911181,-0.0034315672237426,0.0136378156021237,0.0032753790728747,0.0075628366321325,-0.0093755461275577,0.00417156284675,0.0070982254110276,-0.0044724289327859,-0.0020976674277335,-0.0050852391868829,0.0027747568674385,-0.0041147856973111,0.0120744155719876,0.0173893850296735,0.0043082376942038,-0.0305930785834789,0.0041247317567467,0.007126391865313,0.0052579641342163,-0.0152735123410821,-0.0093167647719383,-0.0045201852917671,0.0129516553133726,-0.0167677141726017,-0.005945136770606,-0.028554642572999,0.0046698320657014,-0.0179241877049207,-0.000897012243513,0.0205546449869871,0.0033464224543422,0.0079302443191409,0.0049621784128248,0.0173456389456987,0.0130322212353348,0.0100846029818058,-0.0004794661363121,-0.0263810735195875,-0.0037572435103356,-0.0137910414487123,0.0107526583597064,-0.0098780188709497,0.007462705951184,-0.0119605781510472,-0.001103226095438,0.0103441579267382,0.0001577519869897,0.0213270504027605,0.0056791389361023,-0.0723575875163078,-0.0071372715756297,0.0015594731085002,0.0092254150658845,-0.0153554053977131,0.003861291334033,0.0065460610203444,-0.0035496018826961,-0.0015897306147962,0.046046126320089,0.0265358575114462,0.0606389418390176,0.032791638084062,0.0394399520599433,0.0379232043453521,0.0105501829363774,0.0228365507191115,0.1490830507034983,0.0800940740856905,0.2645548783218785,-0.0211493791991334,2019-02-25,2019-02-26,2019-02-27,2019-02-28,2019-03-01,2019-03-04,2019-03-05,2019-03-06,2019-03-07,2019-03-08,42585.0,2019-02-22,252.0,-5.0108%,-0.0005,0.2566,-0.3544,0.1041,1.5557%,1.5874%,3.9608%,-0.0495549999999999,SJM,42585.0,2019-02-25,252.0,-0.3550%,-0.0006,0.2587,-0.3502,0.1141,1.5518%,1.5838%,3.9959%,-0.004769,SJM,42585.0,2019-02-26,252.0,4.9772%,-0.0004,0.2431,-0.4029,0.0757,1.5806%,1.6126%,3.9304%,0.048221,SJM,42585.0,2019-02-27,252.0,1.3950%,-0.0004,0.2365,-0.3869,0.0746,1.5804%,1.6101%,3.6585%,0.014488,SJM,42585.0,2019-02-28,252.0,-1.5432%,-0.0005,0.2392,-0.3856,0.0799,1.5829%,1.6128%,3.6783%,-0.014535,SJM,42585.0,2019-03-01,252.0,-0.4627%,-0.0005,0.2376,-0.3879,0.0795,1.5831%,1.6130%,3.6672%,-0.005001,SJM,42585.0,2019-03-04,252.0,-2.7319%,-0.0006,0.2466,-0.3928,0.0716,1.5908%,1.6215%,3.7537%,-0.028035,SJM,42585.0,2019-03-05,252.0,-0.4486%,-0.0007,0.2437,-0.4183,0.0712,1.5877%,1.6196%,3.9016%,-0.005203,SJM,42585.0,2019-03-06,252.0,1.3029%,-0.0007,0.2348,-0.4358,0.0588,1.5881%,1.6199%,3.8823%,0.009687,SJM,42585.0,2019-03-07,252.0,-0.7543%,-0.0007,0.2372,-0.4344,0.0623,1.5884%,1.6204%,3.9070%,-0.005818,SJM,42585.0,2019-03-08,252.0,-0.1364%,-0.0007,0.2369,-0.4309,0.0617,1.5883%,1.6199%,3.8575%,-0.000609,SJM,-0.054324,-0.0061029999999999,0.008385,-0.0111509999999999,-0.041129
14379,S M ENERGY CO,Macquarie Downgrades SM Energy to Neutral,6,decrease,0.8,0.6,"a downgrade from macquarie typically signals reduced expectations for the company's performance, which can lead to a decline in stock price.",0,2019-02-22,SM,2019-02-22 16:02:00+00:00,78170.0,78454L10,-0.007638135459274,4400195.0,0.0,-0.1356018334627151,-0.027827076613903,0.0319706834852695,0.0140072805806994,-0.0368500538170337,-0.0186185874044895,0.0509283319115638,0.0116279395297169,-0.0089379642158746,0.0199636965990066,0.0416210405528545,-0.0142348613590002,0.0458190813660621,-0.0342961251735687,0.0417660400271415,-0.0161993317306041,-0.0384394749999046,-0.0455984957516193,-0.0689102038741111,-0.005972140468657,-0.006896608043462,0.054739698767662,-0.0318438075482845,0.0335442870855331,-0.0136778345331549,-0.0251071546226739,0.0061161532066762,-0.0138191124424338,-0.0391772389411926,0.0242038294672966,0.0376016125082969,-0.0348258391022682,0.0191610995680093,0.060566920787096,-0.0087269032374024,0.0504253879189491,0.0182958915829658,-0.0508965328335762,-0.0031266999430954,0.0018281954107806,-0.0419371016323566,0.0334549397230148,-0.052507035434246,0.0029429749120026,0.0398425720632076,0.0093896621838212,0.0154844885692,0.016860406845808,0.0085642356425523,0.0131503455340862,0.0263702291995286,-0.0039503215812146,0.0015536347636953,-0.0589234568178653,-0.0066872974857687,0.0427452772855758,0.0351437591016292,0.0479214750230312,0.045657105743885,0.0055096629075706,0.0274599287658929,-0.0290411338210105,0.0511124730110168,0.0248307306319475,0.085509106516838,-0.047907430678606,-0.0013038107426837,0.0589935518801212,-0.0090438881888985,-0.0305843520909547,0.0078124925494194,0.0090140756219625,-0.0122186839580535,-0.0184254571795463,0.0223537255078554,-0.0028440977912396,0.1275018751621246,0.0581858828663826,-0.0683701485395431,-0.0037735686637461,-0.0255720131099224,-0.061147142201662,-0.0268500838428735,-0.0484150610864162,-0.0161082465201616,-0.0303766150027513,-0.0484364815056324,0.010025112889707,-0.023937739431858,-0.0117866331711411,-0.0991913899779319,-0.0458255149424076,-0.0216244664043188,-0.028947340324521,0.011739557608962,0.0101625751703977,-0.0084656001999974,0.0221327915787696,-0.0381679385900497,-0.0406824089586734,0.0113226613029837,0.024623779579997,-0.0558794774115085,0.0080107375979423,-0.0494226180016994,0.0178807619959116,0.0612745098769664,-0.0487963557243347,-0.0267175324261188,0.0369357019662857,0.0052757170051336,0.0178100559860467,0.0220588613301515,0.0291639529168605,-0.0111487908288836,-0.0491183698177337,0.0202769469469785,-0.0344371162354946,-0.0398860499262809,0.0,-0.1356018334627151,-0.027827076613903,-0.1079664332751042,-0.0142095777030751,-0.1408379182155172,-0.0213143109181316,-0.105152473297553,-0.1077560540523605,-0.0908119129393606,0.0746003729541517,-0.0523384621279116,-0.1341450773493965,-0.1918328173677709,2019-02-25,2019-02-26,2019-02-27,2019-02-28,2019-03-01,2019-03-04,2019-03-05,2019-03-06,2019-03-07,2019-03-08,78170.0,2019-02-22,252.0,-0.7638%,-0.0002,2.0472,1.2926,1.4501,2.8610%,3.5136%,33.6980%,-0.007048,SM,78170.0,2019-02-25,252.0,0.0000%,0.0001,2.0369,1.2808,1.4056,2.8061%,3.4638%,34.3743%,0.0028,SM,78170.0,2019-02-26,252.0,-2.7827%,0.0,2.0301,1.304,1.4123,2.8053%,3.4591%,34.2279%,-0.011832,SM,78170.0,2019-02-27,252.0,1.4007%,0.0,2.0291,1.3091,1.4121,2.8062%,3.4584%,34.1601%,0.011297,SM,78170.0,2019-02-28,252.0,-1.8619%,0.0001,2.0125,1.2973,1.4022,2.7984%,3.4385%,33.7682%,-0.00916,SM,78170.0,2019-03-01,252.0,1.1628%,0.0002,2.005,1.2862,1.3912,2.7973%,3.4281%,33.4140%,-0.001105,SM,78170.0,2019-03-04,252.0,1.9964%,0.0003,2.0058,1.2566,1.3971,2.8030%,3.4303%,33.2323%,0.030019,SM,78170.0,2019-03-05,252.0,-1.4235%,0.0002,2.0049,1.2472,1.3979,2.8028%,3.4267%,33.1025%,-0.003667,SM,78170.0,2019-03-06,252.0,-3.4296%,0.0002,2.0015,1.2564,1.3954,2.8023%,3.4290%,33.2104%,-0.002389,SM,78170.0,2019-03-07,252.0,-1.6199%,0.0005,2.0179,1.3482,1.4432,2.7594%,3.4100%,34.5169%,0.005607,SM,78170.0,2019-03-08,252.0,-4.5598%,0.0005,2.021,1.3855,1.4462,2.7624%,3.4174%,34.6586%,-0.03947,SM,-0.0042479999999999,-0.01608,-0.004783,-0.015048,-0.0249479999999999
14387,SOUTHERN CO,Evercore ISI Group Upgrades Southern to In-Line,6,increase,0.7,0.5,"upgrades from financial analysts typically signal positive sentiment towards a stock, which can lead to an increase in its price.",2,2019-02-22,SO,2019-02-22 11:38:00+00:00,18411.0,84258710,0.0029868122655898,7245519.0,-0.0160809531807899,0.0096501717343926,-0.006860374007374,0.0167621336877346,0.0032507078722119,0.0074134427122771,0.0062777958810329,-0.0008129952475428,0.0058362027630209,-0.000406348175602,0.0024009391199797,-0.0030382361728698,-0.0005987780750729,0.0026400741189718,0.0011983497533947,0.0024430525954812,0.0071813403628766,-0.0008136882679536,0.008120416663587,0.0127729484811425,0.0098231825977563,-0.0038990073371678,0.0054474468342959,0.0024686057586222,0.0009674775064922,0.0024747150018811,-0.0038662431761622,-0.0022633087355643,0.0064040720462799,0.0152496248483657,-0.0015426500467583,0.0060949367471039,-0.0152568006888032,0.0031625875271856,0.0037261936813592,-0.0014736778102815,0.0076201520860195,-0.009591307491064,0.0060112737119197,0.0079864906147122,0.0032767571974545,0.0108349723741412,0.0092218937352299,-0.0031766523607075,-0.0057110078632831,0.0031867756042629,-0.0168485753238201,0.004267138428986,0.0064265206456184,0.0017097246600314,-0.0052244672551751,0.013648203574121,0.0044738287106156,-0.0096545964479446,-0.0027110648807138,0.0058265095576643,-0.0058252280578017,0.0186853911727666,0.0087890774011611,-0.0085004223510622,-0.0027106136549264,0.0284689627587795,0.0085420785471796,-0.0022366021294146,-0.0034648759756237,0.008344586007297,0.00676064286381,0.0141811277717351,0.007290887646377,-0.0045536649413406,0.0041904994286596,-0.0006826528697274,-0.0062595186755061,0.0,-0.0043901419267058,0.0071036061272025,-0.0038343705236911,0.0144118769094348,-0.0005773437442258,-0.0459081754088401,-0.0017331051640212,0.0,0.0075231362134218,-0.0041960827074944,0.0040206601843237,-0.0054908851161599,0.0019069849513471,-0.0102174179628491,-0.0053293220698833,-0.0281006079167127,0.0183697454631328,-0.0046266540884971,-0.013152964413166,0.0114869372919201,0.0043792752549052,-0.0115644037723541,0.0092891314998269,0.0072003416717052,-0.004320123232901,0.0051085925661027,-0.0028296117670834,0.0098882000893354,-0.0124858086928725,-0.015241346322,0.0030651311390101,-0.0052642659284174,0.0192895010113716,0.0033805163111537,0.0136780878528952,0.0169746652245521,-0.0086875678971409,0.0091067217290401,0.0001864314981503,0.0006508739315904,0.0078300144523382,0.0096385236829519,0.0070291957817971,-0.0015310519374907,0.0048309573903679,0.0019723898731172,-0.0160809531807899,0.0096501717343926,-0.0228310058349486,0.0265740628908486,-0.0196545148931349,0.0341845108959995,-0.0077426926379202,0.0329238264666211,0.0105221871949825,0.047394129157086,0.0254120021427235,0.1081192414908953,0.0860233865749324,0.114190463550565,2019-02-25,2019-02-26,2019-02-27,2019-02-28,2019-03-01,2019-03-04,2019-03-05,2019-03-06,2019-03-07,2019-03-08,18411.0,2019-02-22,252.0,0.2987%,0.0008,0.1396,-0.3595,-0.0075,1.1075%,1.1317%,4.2261%,0.003898,SO,18411.0,2019-02-25,252.0,-1.6081%,0.0008,0.1399,-0.3502,-0.0017,1.1134%,1.1367%,4.0645%,-0.017338,SO,18411.0,2019-02-26,252.0,-0.6860%,0.0007,0.1297,-0.3269,0.0026,1.1077%,1.1279%,3.5564%,-0.0089839999999999,SO,18411.0,2019-02-27,252.0,0.3251%,0.0007,0.1319,-0.3299,0.003,1.1074%,1.1280%,3.6110%,0.003658,SO,18411.0,2019-02-28,252.0,0.6278%,0.0008,0.1231,-0.3357,-0.0048,1.1045%,1.1245%,3.5331%,0.00666,SO,18411.0,2019-03-01,252.0,0.5836%,0.0008,0.1189,-0.3421,-0.0137,1.1035%,1.1236%,3.5452%,0.005814,SO,18411.0,2019-03-04,252.0,0.2401%,0.0007,0.1307,-0.3821,-0.0166,1.0916%,1.1161%,4.3493%,0.001614,SO,18411.0,2019-03-05,252.0,-0.0599%,0.0007,0.1294,-0.3942,-0.0167,1.0906%,1.1159%,4.4759%,-0.001691,SO,18411.0,2019-03-06,252.0,0.1198%,0.0006,0.1249,-0.3821,-0.0201,1.0886%,1.1125%,4.2438%,-0.002765,SO,18411.0,2019-03-07,252.0,0.7181%,0.0007,0.1253,-0.366,-0.015,1.0854%,1.1079%,4.0242%,0.007782,SO,18411.0,2019-03-08,252.0,0.8120%,0.0008,0.1237,-0.3572,-0.018,1.0853%,1.1068%,3.8482%,0.008464,SO,-0.0134399999999999,-0.022424,-0.0187659999999999,-0.0062919999999999,0.007112
14395,SINOVAC BIOTECH LTD,Nasdaq Halts Trading Of Sinovac Biotech,6,decrease,0.8,0.7,"the halting of trading typically indicates regulatory concerns or issues with the company, which can lead to a loss of investor confidence and a subsequent decrease in stock price.",0,2019-02-22,SVA,2019-02-22 21:10:00+00:00,90517.0,P8696W10,-0.003081661183387,8227.0,,0.0093312514945864,,-0.0061823744326829,,0.006220833864063,,-0.0330827459692955,,0.0262345802038908,,0.0,,-0.0076569966040551,,-0.0135951172560453,,0.0153374085202813,,-0.0136157562956214,,0.0076219802722334,,-0.0105580948293209,,0.0060697966255247,,0.0312989503145217,,-0.0093023171648383,,0.0189573280513286,,-0.0186046343296766,,0.0078124552965164,,-0.0092879170551896,,-0.0061538401059806,,-0.0003690824087243,,-0.0072672166861593,,0.0123648224398493,,0.0031007723882794,,-0.0092166541144251,,0.0030817347578704,,-0.0240601990371942,,-0.0015014642849564,,-0.0277372356504201,,-0.0115440003573894,,0.0312500074505806,,-0.0440967865288257,,0.0173661895096302,,-0.0100286779925227,,0.0057636830024421,,-0.0057306536473333,,-0.0014305796939879,,0.0145137747749686,,0.0799372643232345,,0.1134380623698235,,-0.1434977650642395,,0.0014970402698963,,-0.017647111788392,,-0.0243901871144771,,-0.0141443256288766,,0.0028368765488266,,-0.0028288515750318,,-0.0042253145948052,,-0.0326975807547569,,0.023709911853075,,-0.0349932387471199,,-0.0026845613028854,,0.026170739904046,,-0.024193525314331,,-0.0053475885652005,,0.001338718808256,,0.0121950777247548,,0.039436649531126,,-0.0138888759538531,,0.0,,0.0093312514945864,,0.0030911877712385,,0.0093312514008689,,0.0015431730219535,,-0.0181543643165015,,-0.0634920727593363,,-0.098611122085522,2019-02-25,2019-02-26,2019-02-27,2019-02-28,2019-03-01,2019-03-04,2019-03-05,2019-03-06,2019-03-07,2019-03-08,90517.0,2019-02-22,252.0,-0.3082%,-0.0008,0.2867,0.063,-0.2163,2.3800%,2.4109%,2.5427%,-0.008747,SVA,90517.0,2019-02-25,251.0,,,,,,,,,,SVA,90517.0,2019-02-26,250.0,,,,,,,,,,SVA,90517.0,2019-02-27,249.0,,,,,,,,,,SVA,90517.0,2019-02-28,248.0,,,,,,,,,,SVA,90517.0,2019-03-01,247.0,,,,,,,,,,SVA,90517.0,2019-03-04,246.0,,,,,,,,,,SVA,90517.0,2019-03-05,245.0,,,,,,,,,,SVA,90517.0,2019-03-06,244.0,,,,,,,,,,SVA,90517.0,2019-03-07,243.0,,,,,,,,,,SVA,90517.0,2019-03-08,242.0,,,,,,,,,,SVA,,,,,
14403,TELEPHONE & DATA SYSTEMS INC,TDS Raises Quarterly Dividend From $0.16 To $0.165/Share,6,increase,0.75,0.6,"the increase in the quarterly dividend typically signals financial health and can attract investors, likely leading to a rise in stock price.",2,2019-02-22,TDS,2019-02-22 14:21:00+00:00,63773.0,87943382,-0.1078432127833366,2612542.0,-0.0085469717159867,-0.0024449918419122,-0.0190886370837688,0.0060126050375401,0.0059635476209223,0.0079890061169862,0.0,0.0239773895591497,0.0031201962847262,0.0036806645803153,-0.0062208632007241,-0.0145089412108063,-0.0106416316702961,0.01644928753376,-0.0094907032325863,0.0065657878294587,-0.0083040632307529,0.0034373798407614,0.0,-0.0002863208064809,0.0299517009407281,-0.0085179740563035,0.0040650740265846,-0.0284137595444917,-0.0024914927780628,-0.0068493150174617,0.0073368628509342,0.0077305017039179,-0.0124609880149364,0.0191333796828985,0.0151419406756758,-0.0002812467573676,-0.019266651943326,-0.0193103663623333,-0.001901123789139,-0.0068493150174617,0.0120634650811553,-0.0059913182631134,-0.0141153968870639,0.0027308107819408,0.0054088472388684,0.0144044458866119,0.0031645689159631,-0.0055096629075706,-0.0160883348435163,0.011987742036581,-0.0134658562019467,-0.0052690636366605,-0.0012999972095713,-0.0008312213467434,0.0123658012598753,-0.0008305310038849,-0.0099646858870983,-0.0166076943278312,0.0175324976444244,0.0051997434347867,0.027121840044856,0.0226700641214847,-0.0031065074726939,0.0039336718618869,-0.0059208641760051,0.0016887524398043,-0.0050156693905591,0.0177599228918552,0.0148077923804521,0.0527744255959987,-0.0021732286550104,0.0063732648268342,-0.0102675771340727,0.0125998724251985,-0.0009430613135918,0.0071185245178639,0.0066079003736376,0.0027933006640523,-0.037199143320322,-0.0095295906066894,0.0194805320352315,0.0483402535319328,0.0394904389977455,-0.0192793533205986,-0.0018381605623289,-0.035071711987257,-0.0233272593468427,-0.0117540499195456,0.0078566940501332,-0.0039027638267725,-0.0081072729080915,0.0033132713288068,0.0084879714995622,-0.032634001225233,-0.0062344968318939,-0.0008733269642107,0.0119196726009249,-0.0278873667120933,0.0068196291103959,0.0319766998291015,0.0369458384811878,0.0005817468627355,-0.0475058928132057,-0.0120689133182168,0.0009351240005344,-0.0127659793943166,-0.0077857365831732,0.0045596994459629,0.0084745902568101,-0.0244648605585098,-0.0133831398561596,0.0067170914262533,-0.0397476404905319,0.0078984135761857,0.0105124730616807,-0.013633775524795,0.0013003578642383,0.014680984430015,0.0077922623604536,0.0117109362035989,-0.0054768063127994,0.0133140115067362,0.0168447848409414,-0.0083237923681736,-0.0085469717159867,-0.0024449918419122,-0.0274724587585039,0.0035529124253625,-0.0216727444536517,0.0115703027814482,-0.0186201713856496,0.039637642820921,-0.0521977754393891,0.0515464825321596,-0.0154166534656505,0.0317505230417478,-0.0368940352518101,0.0588702759907304,2019-02-25,2019-02-26,2019-02-27,2019-02-28,2019-03-01,2019-03-04,2019-03-05,2019-03-06,2019-03-07,2019-03-08,63773.0,2019-02-22,252.0,-10.7843%,0.0014,0.9361,0.6759,0.7426,2.2078%,2.3999%,15.3658%,-0.109399,TDS,63773.0,2019-02-25,252.0,-0.8547%,0.0014,0.9353,0.6792,0.7413,2.2080%,2.3999%,15.3561%,-0.006957,TDS,63773.0,2019-02-26,252.0,-1.9089%,0.001,0.8797,0.75,0.7356,2.1229%,2.3062%,15.2614%,-0.010899,TDS,63773.0,2019-02-27,252.0,0.5964%,0.0011,0.8935,0.7266,0.7379,2.1141%,2.3010%,15.5850%,0.00453,TDS,63773.0,2019-02-28,252.0,0.0000%,0.0011,0.8936,0.7268,0.7373,2.1142%,2.3000%,15.5077%,0.004369,TDS,63773.0,2019-03-01,252.0,0.3120%,0.0009,0.9295,0.7801,0.7945,2.0795%,2.2825%,16.9935%,-0.0025629999999999,TDS,63773.0,2019-03-04,252.0,-0.6221%,0.0008,0.9385,0.7523,0.7917,2.0762%,2.2809%,17.1436%,-0.001455,TDS,63773.0,2019-03-05,252.0,-1.0642%,0.0008,0.9387,0.7498,0.7939,2.0764%,2.2801%,17.0664%,-0.004904,TDS,63773.0,2019-03-06,252.0,-0.9491%,0.0008,0.9374,0.7348,0.7904,2.0767%,2.2806%,17.0801%,0.007434,TDS,63773.0,2019-03-07,252.0,-0.8304%,0.0008,0.9369,0.7354,0.7899,2.0768%,2.2807%,17.0810%,0.002415,TDS,63773.0,2019-03-08,252.0,0.0000%,0.0009,0.9357,0.7492,0.7873,2.0753%,2.2799%,17.1418%,0.002946,TDS,-0.116356,-0.127255,-0.122725,-0.120919,-0.114483
14411,TELEPHONE & DATA SYSTEMS INC,Telephone and Data Systems Sees FY19 Sales $5.23B-$5.48B vs $5.14B Est.,6,increase,0.75,0.6,"the company's projected sales for fy19 exceed analyst estimates, which is likely to positively influence investor sentiment and drive the stock price up.",2,2019-02-22,TDS,2019-02-22 12:58:00+00:00,63773.0,87943382,-0.1078432127833366,2612542.0,-0.0085469717159867,-0.0024449918419122,-0.0190886370837688,0.0060126050375401,0.0059635476209223,0.0079890061169862,0.0,0.0239773895591497,0.0031201962847262,0.0036806645803153,-0.0062208632007241,-0.0145089412108063,-0.0106416316702961,0.01644928753376,-0.0094907032325863,0.0065657878294587,-0.0083040632307529,0.0034373798407614,0.0,-0.0002863208064809,0.0299517009407281,-0.0085179740563035,0.0040650740265846,-0.0284137595444917,-0.0024914927780628,-0.0068493150174617,0.0073368628509342,0.0077305017039179,-0.0124609880149364,0.0191333796828985,0.0151419406756758,-0.0002812467573676,-0.019266651943326,-0.0193103663623333,-0.001901123789139,-0.0068493150174617,0.0120634650811553,-0.0059913182631134,-0.0141153968870639,0.0027308107819408,0.0054088472388684,0.0144044458866119,0.0031645689159631,-0.0055096629075706,-0.0160883348435163,0.011987742036581,-0.0134658562019467,-0.0052690636366605,-0.0012999972095713,-0.0008312213467434,0.0123658012598753,-0.0008305310038849,-0.0099646858870983,-0.0166076943278312,0.0175324976444244,0.0051997434347867,0.027121840044856,0.0226700641214847,-0.0031065074726939,0.0039336718618869,-0.0059208641760051,0.0016887524398043,-0.0050156693905591,0.0177599228918552,0.0148077923804521,0.0527744255959987,-0.0021732286550104,0.0063732648268342,-0.0102675771340727,0.0125998724251985,-0.0009430613135918,0.0071185245178639,0.0066079003736376,0.0027933006640523,-0.037199143320322,-0.0095295906066894,0.0194805320352315,0.0483402535319328,0.0394904389977455,-0.0192793533205986,-0.0018381605623289,-0.035071711987257,-0.0233272593468427,-0.0117540499195456,0.0078566940501332,-0.0039027638267725,-0.0081072729080915,0.0033132713288068,0.0084879714995622,-0.032634001225233,-0.0062344968318939,-0.0008733269642107,0.0119196726009249,-0.0278873667120933,0.0068196291103959,0.0319766998291015,0.0369458384811878,0.0005817468627355,-0.0475058928132057,-0.0120689133182168,0.0009351240005344,-0.0127659793943166,-0.0077857365831732,0.0045596994459629,0.0084745902568101,-0.0244648605585098,-0.0133831398561596,0.0067170914262533,-0.0397476404905319,0.0078984135761857,0.0105124730616807,-0.013633775524795,0.0013003578642383,0.014680984430015,0.0077922623604536,0.0117109362035989,-0.0054768063127994,0.0133140115067362,0.0168447848409414,-0.0083237923681736,-0.0085469717159867,-0.0024449918419122,-0.0274724587585039,0.0035529124253625,-0.0216727444536517,0.0115703027814482,-0.0186201713856496,0.039637642820921,-0.0521977754393891,0.0515464825321596,-0.0154166534656505,0.0317505230417478,-0.0368940352518101,0.0588702759907304,2019-02-25,2019-02-26,2019-02-27,2019-02-28,2019-03-01,2019-03-04,2019-03-05,2019-03-06,2019-03-07,2019-03-08,63773.0,2019-02-22,252.0,-10.7843%,0.0014,0.9361,0.6759,0.7426,2.2078%,2.3999%,15.3658%,-0.109399,TDS,63773.0,2019-02-25,252.0,-0.8547%,0.0014,0.9353,0.6792,0.7413,2.2080%,2.3999%,15.3561%,-0.006957,TDS,63773.0,2019-02-26,252.0,-1.9089%,0.001,0.8797,0.75,0.7356,2.1229%,2.3062%,15.2614%,-0.010899,TDS,63773.0,2019-02-27,252.0,0.5964%,0.0011,0.8935,0.7266,0.7379,2.1141%,2.3010%,15.5850%,0.00453,TDS,63773.0,2019-02-28,252.0,0.0000%,0.0011,0.8936,0.7268,0.7373,2.1142%,2.3000%,15.5077%,0.004369,TDS,63773.0,2019-03-01,252.0,0.3120%,0.0009,0.9295,0.7801,0.7945,2.0795%,2.2825%,16.9935%,-0.0025629999999999,TDS,63773.0,2019-03-04,252.0,-0.6221%,0.0008,0.9385,0.7523,0.7917,2.0762%,2.2809%,17.1436%,-0.001455,TDS,63773.0,2019-03-05,252.0,-1.0642%,0.0008,0.9387,0.7498,0.7939,2.0764%,2.2801%,17.0664%,-0.004904,TDS,63773.0,2019-03-06,252.0,-0.9491%,0.0008,0.9374,0.7348,0.7904,2.0767%,2.2806%,17.0801%,0.007434,TDS,63773.0,2019-03-07,252.0,-0.8304%,0.0008,0.9369,0.7354,0.7899,2.0768%,2.2807%,17.0810%,0.002415,TDS,63773.0,2019-03-08,252.0,0.0000%,0.0009,0.9357,0.7492,0.7873,2.0753%,2.2799%,17.1418%,0.002946,TDS,-0.116356,-0.127255,-0.122725,-0.120919,-0.114483
14419,TELEPHONE & DATA SYSTEMS INC,"Telephone and Data Q4 EPS $0.14 Misses $0.17 Estimate, Sales $1.332B Miss $1.34B Estimate",6,decrease,0.8,0.6,"the company's earnings per share and sales both missed analyst estimates, which typically leads to a negative reaction in stock prices.",0,2019-02-22,TDS,2019-02-22 12:55:00+00:00,63773.0,87943382,-0.1078432127833366,2612542.0,-0.0085469717159867,-0.0024449918419122,-0.0190886370837688,0.0060126050375401,0.0059635476209223,0.0079890061169862,0.0,0.0239773895591497,0.0031201962847262,0.0036806645803153,-0.0062208632007241,-0.0145089412108063,-0.0106416316702961,0.01644928753376,-0.0094907032325863,0.0065657878294587,-0.0083040632307529,0.0034373798407614,0.0,-0.0002863208064809,0.0299517009407281,-0.0085179740563035,0.0040650740265846,-0.0284137595444917,-0.0024914927780628,-0.0068493150174617,0.0073368628509342,0.0077305017039179,-0.0124609880149364,0.0191333796828985,0.0151419406756758,-0.0002812467573676,-0.019266651943326,-0.0193103663623333,-0.001901123789139,-0.0068493150174617,0.0120634650811553,-0.0059913182631134,-0.0141153968870639,0.0027308107819408,0.0054088472388684,0.0144044458866119,0.0031645689159631,-0.0055096629075706,-0.0160883348435163,0.011987742036581,-0.0134658562019467,-0.0052690636366605,-0.0012999972095713,-0.0008312213467434,0.0123658012598753,-0.0008305310038849,-0.0099646858870983,-0.0166076943278312,0.0175324976444244,0.0051997434347867,0.027121840044856,0.0226700641214847,-0.0031065074726939,0.0039336718618869,-0.0059208641760051,0.0016887524398043,-0.0050156693905591,0.0177599228918552,0.0148077923804521,0.0527744255959987,-0.0021732286550104,0.0063732648268342,-0.0102675771340727,0.0125998724251985,-0.0009430613135918,0.0071185245178639,0.0066079003736376,0.0027933006640523,-0.037199143320322,-0.0095295906066894,0.0194805320352315,0.0483402535319328,0.0394904389977455,-0.0192793533205986,-0.0018381605623289,-0.035071711987257,-0.0233272593468427,-0.0117540499195456,0.0078566940501332,-0.0039027638267725,-0.0081072729080915,0.0033132713288068,0.0084879714995622,-0.032634001225233,-0.0062344968318939,-0.0008733269642107,0.0119196726009249,-0.0278873667120933,0.0068196291103959,0.0319766998291015,0.0369458384811878,0.0005817468627355,-0.0475058928132057,-0.0120689133182168,0.0009351240005344,-0.0127659793943166,-0.0077857365831732,0.0045596994459629,0.0084745902568101,-0.0244648605585098,-0.0133831398561596,0.0067170914262533,-0.0397476404905319,0.0078984135761857,0.0105124730616807,-0.013633775524795,0.0013003578642383,0.014680984430015,0.0077922623604536,0.0117109362035989,-0.0054768063127994,0.0133140115067362,0.0168447848409414,-0.0083237923681736,-0.0085469717159867,-0.0024449918419122,-0.0274724587585039,0.0035529124253625,-0.0216727444536517,0.0115703027814482,-0.0186201713856496,0.039637642820921,-0.0521977754393891,0.0515464825321596,-0.0154166534656505,0.0317505230417478,-0.0368940352518101,0.0588702759907304,2019-02-25,2019-02-26,2019-02-27,2019-02-28,2019-03-01,2019-03-04,2019-03-05,2019-03-06,2019-03-07,2019-03-08,63773.0,2019-02-22,252.0,-10.7843%,0.0014,0.9361,0.6759,0.7426,2.2078%,2.3999%,15.3658%,-0.109399,TDS,63773.0,2019-02-25,252.0,-0.8547%,0.0014,0.9353,0.6792,0.7413,2.2080%,2.3999%,15.3561%,-0.006957,TDS,63773.0,2019-02-26,252.0,-1.9089%,0.001,0.8797,0.75,0.7356,2.1229%,2.3062%,15.2614%,-0.010899,TDS,63773.0,2019-02-27,252.0,0.5964%,0.0011,0.8935,0.7266,0.7379,2.1141%,2.3010%,15.5850%,0.00453,TDS,63773.0,2019-02-28,252.0,0.0000%,0.0011,0.8936,0.7268,0.7373,2.1142%,2.3000%,15.5077%,0.004369,TDS,63773.0,2019-03-01,252.0,0.3120%,0.0009,0.9295,0.7801,0.7945,2.0795%,2.2825%,16.9935%,-0.0025629999999999,TDS,63773.0,2019-03-04,252.0,-0.6221%,0.0008,0.9385,0.7523,0.7917,2.0762%,2.2809%,17.1436%,-0.001455,TDS,63773.0,2019-03-05,252.0,-1.0642%,0.0008,0.9387,0.7498,0.7939,2.0764%,2.2801%,17.0664%,-0.004904,TDS,63773.0,2019-03-06,252.0,-0.9491%,0.0008,0.9374,0.7348,0.7904,2.0767%,2.2806%,17.0801%,0.007434,TDS,63773.0,2019-03-07,252.0,-0.8304%,0.0008,0.9369,0.7354,0.7899,2.0768%,2.2807%,17.0810%,0.002415,TDS,63773.0,2019-03-08,252.0,0.0000%,0.0009,0.9357,0.7492,0.7873,2.0753%,2.2799%,17.1418%,0.002946,TDS,-0.116356,-0.127255,-0.122725,-0.120919,-0.114483
14427,TRIPADVISOR INC,TripAdvisor Option Alert: Mar 15 $52.5 Puts Sweep (2) near the Bid: 786 @ $0.75 vs 3622 OI; Ref=$55.22,6,decrease,0.7,0.6,"the purchase of put options suggests that investors are betting on a decline in tripadvisor's stock price, indicating bearish sentiment.",0,2019-02-22,TRIP,2019-02-22 15:23:00+00:00,13168.0,89694520,0.0102978581562638,2225453.0,-0.0322169736027717,-0.0184115599840879,0.0013165979180485,-0.0182526800781488,0.0167167428880929,-0.0066889817826449,-0.0177351348102092,-0.0164473168551921,-0.0118487356230616,0.0144011192023754,0.003045295830816,-0.0571286752820015,-0.007210646290332,0.0142760910093784,-0.0319189243018627,0.0057432455942034,0.0078972894698381,0.0090336222201585,-0.0027423975989222,-0.00928745418787,0.0176782850176096,-0.0121768061071634,-0.0098437005653977,0.0404373817145824,0.0161793734878301,0.0,-0.0080568194389343,0.0041826046071946,-0.0023206137120723,0.0047277263365685,-0.0052335811778903,0.0136670293286442,-0.0031176898628473,-0.0079239439219236,0.0121188219636678,-0.0076882513239979,0.010621921159327,0.0095255058258771,-0.0301930401474237,0.0199711546301841,0.0005911089247092,0.0048815845511853,0.0027569790836423,-0.0631774961948394,-0.004516880493611,0.0100940996780991,0.0106530068442225,0.0272407587617635,0.0042943824082612,0.0026431987062096,0.0250729043036699,0.0177546925842762,-0.0034129749983549,-0.004641237668693,0.0184550490230321,-0.026754705235362,0.0031758265104144,-0.0048409192822873,-0.0148975644260644,0.011719468049705,-0.0130435237661004,0.0349383875727653,0.0155142955482006,0.0244807787239551,0.0066012535244226,0.0564262792468071,0.0095559703186154,-0.0586499497294426,-0.0239421091973781,0.0051910011097788,-0.0032325913198292,0.007282902020961,-0.0036245447117835,-0.0105321453884244,-0.0275703351944685,0.0081966957077384,0.0183106958866119,0.040108498185873,0.0027068713679909,-0.0165777243673801,0.0337446965277195,-0.0459916181862354,-0.0104458378627896,-0.0292923934757709,-0.0035815010778605,-0.0225940216332674,0.0100264614447951,0.0046785734593868,-0.0001872695575002,-0.0492586754262447,-0.0028100698255002,-0.0112395929172635,-0.0185984950512647,-0.0187020767480135,0.0038284254260361,0.0124615710228681,0.0503433123230934,0.0114585161209106,0.0206971559673547,-0.008440195582807,-0.0227677430957555,-0.0355353839695453,-0.1141245141625404,0.0104397311806678,0.0032875214237719,-0.0212106388062238,-0.0278517417609691,0.0082734748721122,-0.0309669505804777,0.0081837680190801,0.0217391308397054,0.0034744350705295,0.0042553353123366,0.0231055151671171,-0.0095339147374033,0.0111093008890748,-0.0376470237970352,0.0436487197875976,-0.0011114259250462,-0.0124599738046526,-0.0322169736027717,-0.0184115599840879,-0.0309427924850944,-0.0363281797481075,-0.0147433123032144,-0.0427741629982207,-0.0436839777157221,-0.0449595645512653,-0.0733527262092068,-0.0817291446704815,-0.0371313628077079,-0.0488017668129352,-0.182016751750401,-0.0843576032034647,2019-02-25,2019-02-26,2019-02-27,2019-02-28,2019-03-01,2019-03-04,2019-03-05,2019-03-06,2019-03-07,2019-03-08,13168.0,2019-02-22,252.0,1.0298%,0.001,1.3006,0.296,-0.217,2.5192%,2.9102%,25.0643%,-0.003176,TRIP,13168.0,2019-02-25,252.0,-3.2217%,0.0009,1.2986,0.3111,-0.2168,2.5259%,2.9156%,24.9474%,-0.033889,TRIP,13168.0,2019-02-26,252.0,0.1317%,0.001,1.3005,0.3041,-0.2189,2.5258%,2.9142%,24.8793%,0.00457,TRIP,13168.0,2019-02-27,252.0,1.6717%,0.0011,1.3161,0.2804,-0.2163,2.5179%,2.9127%,25.2722%,0.014606,TRIP,13168.0,2019-02-28,252.0,-1.7735%,0.0012,1.3055,0.2726,-0.2204,2.5145%,2.9025%,24.9495%,-0.014352,TRIP,13168.0,2019-03-01,252.0,-1.1849%,0.001,1.3141,0.2854,-0.1958,2.5150%,2.9034%,24.9633%,-0.02301,TRIP,13168.0,2019-03-04,252.0,0.3045%,0.001,1.3145,0.2743,-0.1938,2.5158%,2.9028%,24.8855%,0.011694,TRIP,13168.0,2019-03-05,252.0,-0.7211%,0.0011,1.3192,0.3065,-0.1883,2.5139%,2.9033%,25.0210%,-0.004681,TRIP,13168.0,2019-03-06,252.0,-3.1919%,0.0008,1.303,0.3639,-0.1988,2.5008%,2.8892%,25.0765%,-0.01699,TRIP,13168.0,2019-03-07,252.0,0.7897%,0.0009,1.2946,0.3565,-0.2121,2.5031%,2.8890%,24.9270%,0.018091,TRIP,13168.0,2019-03-08,252.0,-0.2742%,0.0009,1.2948,0.3571,-0.2119,2.5032%,2.8890%,24.9269%,-0.000523,TRIP,-0.037065,-0.032495,-0.017889,-0.055251,-0.04766
14435,TAIWAN SEMICONDUCTOR MFG CO LTD,"Taiwan Semiconductor with EUV Process Gearing up for AI, 5G Boom",6,increase,0.8,0.7,"the news highlights taiwan semiconductor's advancements in euv technology, positioning the company favorably for the growing demand in ai and 5g sectors, which is likely to boost investor confidence and stock price.",2,2019-02-22,TSM,2019-02-22 09:42:00+00:00,85442.0,87403910,0.010518210940063,5117948.0,0.0048236213624477,-0.000512832251843,0.0005052209016866,0.0140405856072902,-0.0037878211587667,0.0097138071432709,-0.0101394550874829,0.0007881970377638,0.008706790395081,-0.0018358167726546,-0.0060928626917302,-0.0131987147033214,-0.0033205891959369,0.0091407280415296,-0.0058944011107087,0.0132310129702091,-0.0041247704066336,-0.0086568212136626,-0.011131253093481,-0.0160042010247707,0.0115182884037494,0.0128105012699961,0.0067288340069353,0.0081708328798413,0.0079690888524055,0.0098482547327876,-0.0099464273080229,-0.0013290600618347,0.02138077840209,0.0064204884693026,0.0050440588966012,0.0289017111063003,-0.0022584730759263,-0.0296473521739244,0.002263585338369,-0.0183534547686576,0.0298620443791151,0.0132837407290935,-0.0148635618388652,0.0315154194831848,-0.0126144476234912,0.0032994982320815,0.0120241325348615,-0.0127579048275947,-0.0049505135975778,0.0151556693017482,0.0034825718030333,0.0182379782199859,0.0153693342581391,-0.0110988216474652,0.0100097618997097,0.0078300507739186,-0.0024171737022697,-0.0232177618891,0.0125999627634882,0.0052169812843203,0.0059822923503816,0.0227463506162166,0.0045194723643362,0.019175786525011,0.003788772271946,-0.0082316473126411,-0.0042462917044758,0.0074348961934447,0.0037905673962086,0.0177532192319631,-0.0063724443316459,-0.0591456703841686,0.0114015052095055,-0.0105662252753973,0.000704527425114,-0.0061927717179059,0.009387413971126,0.0097879450768232,0.0320855863392353,0.00054408214055,0.022752920165658,0.041654784232378,-0.0055066077038645,-0.0117613608017563,0.0059799919836223,-0.0047380705364048,-0.0002201303868787,-0.0096604600548744,-0.0204800777137279,-0.0144178131595253,-0.0121403085067868,0.0149088092148304,-0.0025033408310264,-0.008486108854413,-0.0002282029599882,-0.0214305650442838,0.0,-0.0013375933049246,0.0132360076531767,0.0185286179184913,0.0069819269701838,0.0074114864692091,-0.021248061209917,-0.0024644071236252,0.0,-0.0092240953817963,-0.0013710594503208,-0.0154914008453488,-0.0102975005283951,-0.0333075374364852,-0.0097109405323863,0.0303271990269422,-0.0429605431854724,-0.0089638847857713,0.023908257484436,-0.0021046572364866,0.0,0.0328804105520248,-0.010483737103641,-0.0010858011664822,-0.0308210644870996,0.0244716648012399,-0.0395031087100505,-0.0058058914728462,0.0048236213624477,-0.000512832251843,0.0053312792584685,0.013520552890313,0.0015232641673232,0.0233656960768309,5.609894770941537e-10,0.0222921171824488,-0.0302106785419487,0.00619509034754,0.0720995231750964,0.1156268170658141,-0.018532613300386,0.0776887292047705,2019-02-25,2019-02-26,2019-02-27,2019-02-28,2019-03-01,2019-03-04,2019-03-05,2019-03-06,2019-03-07,2019-03-08,85442.0,2019-02-22,252.0,1.0518%,-0.0004,0.9971,0.0212,-0.2304,1.2389%,1.6709%,45.0240%,0.000427,TSM,85442.0,2019-02-25,252.0,0.4824%,-0.0004,0.9957,0.0181,-0.2374,1.2366%,1.6696%,45.1405%,0.002868,TSM,85442.0,2019-02-26,252.0,0.0505%,-0.0004,0.983,0.028,-0.2419,1.2299%,1.6543%,44.7277%,0.001331,TSM,85442.0,2019-02-27,252.0,-0.3788%,-0.0005,0.9825,0.0275,-0.242,1.2303%,1.6528%,44.5960%,-0.005116,TSM,85442.0,2019-02-28,252.0,-1.0139%,-0.0005,0.9813,0.0265,-0.2411,1.2307%,1.6503%,44.3835%,-0.007804,TSM,85442.0,2019-03-01,252.0,0.8707%,-0.0005,0.9843,0.0309,-0.237,1.2304%,1.6508%,44.4455%,0.0005099999999999,TSM,85442.0,2019-03-04,252.0,-0.6093%,-0.0005,0.9829,0.0349,-0.2366,1.2303%,1.6487%,44.3167%,-1.7e-05,TSM,85442.0,2019-03-05,252.0,-0.3321%,-0.0005,0.9835,0.0382,-0.2355,1.2303%,1.6483%,44.2844%,-0.002199,TSM,85442.0,2019-03-06,252.0,-0.5894%,-0.0005,0.9811,0.0322,-0.239,1.2304%,1.6471%,44.1958%,0.002853,TSM,85442.0,2019-03-07,252.0,-0.4125%,-0.0004,0.98,0.0335,-0.2402,1.2306%,1.6473%,44.1943%,0.003064,TSM,85442.0,2019-03-08,252.0,-1.1131%,-0.0005,0.9821,0.0181,-0.2359,1.2288%,1.6458%,44.2599%,-0.00949,TSM,0.0032949999999999,0.004626,-0.00049,-0.007784,-0.013573
14443,T T E C HOLDINGS INC,TTEC Earlier Announced Raising Quarterly Dividend From $0.28 To $0.30/Share,6,increase,0.8,0.6,"raising the quarterly dividend typically signals financial strength and can attract investors, likely leading to an increase in stock price.",2,2019-02-22,TTEC,2019-02-22 14:47:00+00:00,83916.0,89854H10,0.0167995486408472,73935.0,-0.0086809732019901,-0.0236308667808771,-0.0079096769914031,0.018114898353815,-0.0093962987884879,0.0094286240637302,-0.0152343371883034,0.0147868450731039,0.0143024427816271,0.0201124008744955,-0.0120862778276205,0.0107623497024178,-0.0096126366406679,-0.0047604832798242,-0.0635294094681739,0.0194115675985813,0.0625000521540641,-0.018457842990756,0.0082766413688659,-0.0100206350907683,0.0196422804147005,0.0080214040353894,-0.0025876986328512,-0.0035523662809282,0.0025944120716303,0.0047590676695108,-0.0115007972344756,0.0056834765709936,0.0212332606315612,0.0127234775573015,0.0119623513892293,0.0144436815753579,-0.0109766228124499,-0.0051971315406262,0.0036995182745158,0.0021445986349135,0.028069119900465,0.0058551193214952,-0.0477109663188457,-0.0088576935231685,0.0214306898415088,-0.0015248318668454,0.0218315981328487,-0.0132410060614347,-0.0091565214097499,0.0036242504138499,0.0110138207674026,0.0036374332848936,0.0120111815631389,0.0104134799912571,-0.012420667335391,0.0052340514957904,0.0008385297842323,-0.0109622599557042,0.0270873326808214,0.0217797383666038,-0.0125067727640271,0.0238929595798254,-0.0049559557810425,-0.0128930769860744,-0.0085776858031749,0.0137073118239641,-0.0186994690448045,-0.006649749353528,0.0312855094671249,0.1202553883194923,-0.0107556376606226,-0.0252420306205749,-0.0131027996540069,0.0122506264597177,-0.0050847539678215,0.0370236113667488,-0.0085179740563035,0.0299065131694078,0.0148911941796541,0.0022480129264295,-0.0014108137693256,0.0823195725679397,-0.0019779512658715,-0.0183121412992477,0.0234994851052761,-0.0401222482323646,-0.0085754180327057,-0.0049429340288043,-0.0253906212747097,-0.0034103884827345,0.0097337579354643,0.0095638865604996,0.0153104877099394,-0.0307749323546886,0.0181512888520956,-0.02034149505198,-0.012342314235866,-0.0206332225352525,0.0049986201338469,0.0188474245369434,0.0066317128948867,0.0061998567543923,-0.0060390122234821,-0.0018201397033408,-0.0069041703827679,-0.0115149905905127,0.0636818930506706,0.021315760910511,-0.0036601147148758,-0.063661403954029,-0.0228286255151033,-0.006495744921267,-0.0437701679766178,0.0671287924051284,0.0418421179056167,-0.0021841814741492,0.0094340248033404,0.0084434486925601,0.0216287728399038,-0.0173160005360841,0.0013069276465103,0.0146412746980786,-0.0015662064542993,-0.0083484407514333,-0.0086809732019901,-0.0236308667808771,-0.0165219864993945,-0.0059440391768101,-0.0257630397661547,0.0034285407761018,-0.0268832005128383,0.0387458588117137,-0.0448053363110011,0.0350721660840196,0.0206156538281672,0.1044025083566768,0.0802033528576846,0.2747731415251824,2019-02-25,2019-02-26,2019-02-27,2019-02-28,2019-03-01,2019-03-04,2019-03-05,2019-03-06,2019-03-07,2019-03-08,83916.0,2019-02-22,252.0,1.6800%,-0.0001,1.0004,0.8034,0.0668,2.3633%,2.6249%,18.9360%,0.006941,TTEC,83916.0,2019-02-25,252.0,-0.8681%,-0.0,0.9987,0.8056,0.0616,2.3620%,2.6238%,18.9612%,-0.008073,TTEC,83916.0,2019-02-26,252.0,-0.7910%,-0.0001,0.9939,0.8116,0.0611,2.3614%,2.6212%,18.8391%,-0.001053,TTEC,83916.0,2019-02-27,252.0,-0.9396%,-0.0,1.0057,0.7872,0.063,2.3563%,2.6187%,19.0372%,-0.0118599999999999,TTEC,83916.0,2019-02-28,252.0,-1.5234%,-0.0001,1.0187,0.7958,0.0753,2.3543%,2.6203%,19.2742%,-0.012217,TTEC,83916.0,2019-03-01,252.0,1.4302%,-0.0001,1.0098,0.7825,0.0592,2.3522%,2.6143%,19.0441%,0.0048709999999999,TTEC,83916.0,2019-03-04,252.0,-1.2086%,-0.0001,1.0136,0.7735,0.0574,2.3519%,2.6154%,19.1338%,-0.004026,TTEC,83916.0,2019-03-05,252.0,-0.9613%,-0.0002,1.0127,0.7629,0.0587,2.3516%,2.6119%,18.9375%,-0.005444,TTEC,83916.0,2019-03-06,252.0,-6.3529%,-0.0002,1.0414,0.8475,0.1026,2.3655%,2.6417%,19.8129%,-0.0455239999999999,TTEC,83916.0,2019-03-07,252.0,6.2500%,-0.0,1.0068,0.8197,0.0488,2.4082%,2.6692%,18.5983%,0.071881,TTEC,83916.0,2019-03-08,252.0,0.8277%,-0.0,1.0065,0.8016,0.0493,2.4068%,2.6657%,18.4811%,0.010075,TTEC,-0.001132,-0.002185,-0.0140449999999999,-0.021391,0.005571
14451,T T E C HOLDINGS INC,TTEC Earlier Announced It Is Raising Quarterly Dividend From $0.28 To $0.30/Share,6,increase,0.8,0.6,"raising the quarterly dividend typically signals financial strength and can attract more investors, likely leading to an increase in stock price.",2,2019-02-22,TTEC,2019-02-22 14:31:00+00:00,83916.0,89854H10,0.0167995486408472,73935.0,-0.0086809732019901,-0.0236308667808771,-0.0079096769914031,0.018114898353815,-0.0093962987884879,0.0094286240637302,-0.0152343371883034,0.0147868450731039,0.0143024427816271,0.0201124008744955,-0.0120862778276205,0.0107623497024178,-0.0096126366406679,-0.0047604832798242,-0.0635294094681739,0.0194115675985813,0.0625000521540641,-0.018457842990756,0.0082766413688659,-0.0100206350907683,0.0196422804147005,0.0080214040353894,-0.0025876986328512,-0.0035523662809282,0.0025944120716303,0.0047590676695108,-0.0115007972344756,0.0056834765709936,0.0212332606315612,0.0127234775573015,0.0119623513892293,0.0144436815753579,-0.0109766228124499,-0.0051971315406262,0.0036995182745158,0.0021445986349135,0.028069119900465,0.0058551193214952,-0.0477109663188457,-0.0088576935231685,0.0214306898415088,-0.0015248318668454,0.0218315981328487,-0.0132410060614347,-0.0091565214097499,0.0036242504138499,0.0110138207674026,0.0036374332848936,0.0120111815631389,0.0104134799912571,-0.012420667335391,0.0052340514957904,0.0008385297842323,-0.0109622599557042,0.0270873326808214,0.0217797383666038,-0.0125067727640271,0.0238929595798254,-0.0049559557810425,-0.0128930769860744,-0.0085776858031749,0.0137073118239641,-0.0186994690448045,-0.006649749353528,0.0312855094671249,0.1202553883194923,-0.0107556376606226,-0.0252420306205749,-0.0131027996540069,0.0122506264597177,-0.0050847539678215,0.0370236113667488,-0.0085179740563035,0.0299065131694078,0.0148911941796541,0.0022480129264295,-0.0014108137693256,0.0823195725679397,-0.0019779512658715,-0.0183121412992477,0.0234994851052761,-0.0401222482323646,-0.0085754180327057,-0.0049429340288043,-0.0253906212747097,-0.0034103884827345,0.0097337579354643,0.0095638865604996,0.0153104877099394,-0.0307749323546886,0.0181512888520956,-0.02034149505198,-0.012342314235866,-0.0206332225352525,0.0049986201338469,0.0188474245369434,0.0066317128948867,0.0061998567543923,-0.0060390122234821,-0.0018201397033408,-0.0069041703827679,-0.0115149905905127,0.0636818930506706,0.021315760910511,-0.0036601147148758,-0.063661403954029,-0.0228286255151033,-0.006495744921267,-0.0437701679766178,0.0671287924051284,0.0418421179056167,-0.0021841814741492,0.0094340248033404,0.0084434486925601,0.0216287728399038,-0.0173160005360841,0.0013069276465103,0.0146412746980786,-0.0015662064542993,-0.0083484407514333,-0.0086809732019901,-0.0236308667808771,-0.0165219864993945,-0.0059440391768101,-0.0257630397661547,0.0034285407761018,-0.0268832005128383,0.0387458588117137,-0.0448053363110011,0.0350721660840196,0.0206156538281672,0.1044025083566768,0.0802033528576846,0.2747731415251824,2019-02-25,2019-02-26,2019-02-27,2019-02-28,2019-03-01,2019-03-04,2019-03-05,2019-03-06,2019-03-07,2019-03-08,83916.0,2019-02-22,252.0,1.6800%,-0.0001,1.0004,0.8034,0.0668,2.3633%,2.6249%,18.9360%,0.006941,TTEC,83916.0,2019-02-25,252.0,-0.8681%,-0.0,0.9987,0.8056,0.0616,2.3620%,2.6238%,18.9612%,-0.008073,TTEC,83916.0,2019-02-26,252.0,-0.7910%,-0.0001,0.9939,0.8116,0.0611,2.3614%,2.6212%,18.8391%,-0.001053,TTEC,83916.0,2019-02-27,252.0,-0.9396%,-0.0,1.0057,0.7872,0.063,2.3563%,2.6187%,19.0372%,-0.0118599999999999,TTEC,83916.0,2019-02-28,252.0,-1.5234%,-0.0001,1.0187,0.7958,0.0753,2.3543%,2.6203%,19.2742%,-0.012217,TTEC,83916.0,2019-03-01,252.0,1.4302%,-0.0001,1.0098,0.7825,0.0592,2.3522%,2.6143%,19.0441%,0.0048709999999999,TTEC,83916.0,2019-03-04,252.0,-1.2086%,-0.0001,1.0136,0.7735,0.0574,2.3519%,2.6154%,19.1338%,-0.004026,TTEC,83916.0,2019-03-05,252.0,-0.9613%,-0.0002,1.0127,0.7629,0.0587,2.3516%,2.6119%,18.9375%,-0.005444,TTEC,83916.0,2019-03-06,252.0,-6.3529%,-0.0002,1.0414,0.8475,0.1026,2.3655%,2.6417%,19.8129%,-0.0455239999999999,TTEC,83916.0,2019-03-07,252.0,6.2500%,-0.0,1.0068,0.8197,0.0488,2.4082%,2.6692%,18.5983%,0.071881,TTEC,83916.0,2019-03-08,252.0,0.8277%,-0.0,1.0065,0.8016,0.0493,2.4068%,2.6657%,18.4811%,0.010075,TTEC,-0.001132,-0.002185,-0.0140449999999999,-0.021391,0.005571
14459,TYLER TECHNOLOGIES INC,"DA Davidson Downgrades Tyler Technologies to Neutral, Announces $210",6,decrease,0.8,0.6,"a downgrade to 'neutral' typically signals a less favorable outlook, which can lead to a decrease in stock price as investors may reassess their positions.",0,2019-02-22,TYL,2019-02-22 13:56:00+00:00,76185.0,90225210,-0.0055102729238569,478862.0,-0.0098771527409553,-0.0210610516369342,-0.0054500978440046,-0.0122775845229625,0.0081220688298344,-0.0009257404017262,-0.0060667833313345,0.0013441172195598,0.0072757727466523,0.0115336244925856,-0.023026954382658,0.0174107700586319,-0.0046643302775919,0.0101672075688839,-0.0058826096355915,-0.0032180508133023,0.0025073967408388,0.0210386607795953,-0.0036016267258673,-0.0017623762832954,0.014257725328207,-0.0068552531301975,-0.0032668597996234,0.0253751259297132,0.0013408366357907,0.0199318565428257,-9.920785669237377e-05,0.0395369492471218,0.0038190868217498,-0.0014251254033297,0.0064726397395133,0.0063742282800376,0.0042710378766059,-0.0124842887744307,-0.0051816627383232,0.0046374625526368,0.020736088976264,0.0102214552462101,-0.0416886769235134,0.0101640196517109,-0.0049229464493691,0.0094456877559423,0.0058559426106512,-0.027658961713314,0.0030113230459392,0.0246632993221283,0.0231173131614923,-0.0011345581151545,-0.000342384329997,0.0020571940112859,0.0120841553434729,0.0113331917673349,0.0017886130372062,-0.0071211825124919,0.0070449304766952,-0.0080879973247647,-0.0046478258445858,0.0001078746354323,0.0082318717613816,0.001782733714208,0.0031989980489015,0.0124152498319745,0.0065680113621056,0.0148756252601742,0.0074708107858896,0.0199852716177702,0.0026282325852662,-0.0307835843414068,0.0157749149948358,-0.0192659646272659,0.0035022788215428,0.0237453188747167,0.0076689850538969,-0.007491307798773,-0.0020963016431778,0.0097173685207962,-0.0022377744317054,0.0418175943195819,0.0055382950231432,-0.0187943708151578,0.0175702143460512,-0.0164317023009061,-0.0029523759149014,-0.0139580871909856,0.005249218083918,-0.0025115560274571,0.0082567445933818,0.0123258661478757,0.0114204855635762,-0.0287738926708698,0.014967824332416,-0.0003756765217985,-0.0258721057325601,-0.0043278345838189,-0.0437342524528503,0.0167318657040596,0.0104614850133657,-0.0159306954592466,0.0180036108940839,0.0262233857065439,-0.0222302339971065,-0.0174114368855953,0.000138065079227,-0.0097155142575502,-0.0074087739922106,-0.0315860249102115,0.011729247868061,0.0035277442075312,-0.0350089333951473,0.0088448589667677,0.0028016350697726,0.0020979135297238,0.009423267096281,0.0153363067656755,0.0179668888449668,-0.0069801034405827,-0.0151612590998411,0.0157375019043684,-0.0038837762549519,0.0068681468255817,-0.0098771527409553,-0.0210610516369342,-0.0152734191361015,-0.0330800573182819,-0.0072754020677574,-0.0339751741744571,-0.0061190279332008,-0.0215199801382792,-0.0402794536396026,0.0216869462236366,0.0091062353975526,0.1274377180822048,0.025680564073689,0.1286571436102228,2019-02-25,2019-02-26,2019-02-27,2019-02-28,2019-03-01,2019-03-04,2019-03-05,2019-03-06,2019-03-07,2019-03-08,76185.0,2019-02-22,252.0,-0.5510%,-0.0004,0.6796,0.2189,-0.6595,1.1302%,1.5000%,43.2327%,-0.021422,TYL,76185.0,2019-02-25,252.0,-0.9877%,-0.0004,0.6774,0.2222,-0.6659,1.1259%,1.4976%,43.4837%,-0.011615,TYL,76185.0,2019-02-26,252.0,-0.5450%,-0.0004,0.6704,0.2358,-0.6642,1.1231%,1.4907%,43.2378%,-0.005241,TYL,76185.0,2019-02-27,252.0,0.8122%,-0.0004,0.6751,0.2293,-0.6634,1.1219%,1.4913%,43.4035%,0.006174,TYL,76185.0,2019-02-28,252.0,-0.6067%,-0.0004,0.6751,0.2291,-0.6621,1.1224%,1.4901%,43.2625%,-0.005778,TYL,76185.0,2019-03-01,252.0,0.7276%,-0.0004,0.6785,0.2341,-0.6566,1.1218%,1.4907%,43.3717%,-0.000988,TYL,76185.0,2019-03-04,252.0,-2.3027%,-0.0005,0.6843,0.2291,-0.6613,1.1249%,1.4978%,43.5938%,-0.016091,TYL,76185.0,2019-03-05,252.0,-0.4664%,-0.0005,0.6833,0.2192,-0.6606,1.1243%,1.4941%,43.3766%,-0.004468,TYL,76185.0,2019-03-06,252.0,-0.5883%,-0.0006,0.6767,0.2168,-0.6684,1.1228%,1.4919%,43.3592%,0.002793,TYL,76185.0,2019-03-07,252.0,0.2507%,-0.0006,0.6722,0.2074,-0.677,1.1228%,1.4909%,43.2807%,0.005912,TYL,76185.0,2019-03-08,252.0,-0.3602%,-0.0005,0.6721,0.2151,-0.6775,1.1221%,1.4910%,43.3591%,-0.003467,TYL,-0.033037,-0.038278,-0.032104,-0.03887,-0.054191
14467,ULTRA CLEAN HOLDINGS INC,UPDATE: Craig-Hallum Downgrades Ultra Clean Holdings As Firm Notes 'With shares up roughly 50% year to date we see limited upside in the near term until we have better visibility regarding a WFE spending recovery in 2020',6,decrease,0.8,0.6,"the downgrade by craig-hallum suggests limited upside potential and may lead investors to sell, resulting in a decrease in stock price.",0,2019-02-22,UCTT,2019-02-22 16:52:00+00:00,90097.0,90385V10,-0.0904043912887573,2765189.0,0.0191804096102714,-0.0186770986765623,-0.0153977209702134,0.0404858291149139,-0.052128616720438,-0.0119999693706631,-0.0238313693553209,-0.0047771031968295,-0.0018778877565637,-0.0039650467224419,0.0206961687654256,0.0,-0.0156682096421718,0.0079935593530535,-0.0243445895612239,0.0040128561668097,-0.0547024644911289,0.0032206089235842,-0.0213197991251945,-0.028928842395544,0.0487551130354404,0.0039246617816388,-0.0009890480432659,0.0232931692153215,0.0019801489543169,0.0105519574135541,-0.0079051312059164,0.0387858375906944,0.0458167381584644,0.0145423505455255,-0.0028571174480021,0.0617619752883911,0.0162368733435869,-0.0152057306841015,-0.0187970642000436,0.016363663598895,0.0651341304183006,0.1099899262189865,-0.0449640303850174,0.0806979015469551,-0.0047081159427762,-0.0171489659696817,-0.0075685833580791,-0.0411099307239055,-0.008579614572227,0.0318132787942886,-0.0182691905647516,0.0250000543892383,0.0137120801955461,0.0165745429694652,0.040579717606306,0.0011062200646847,-0.0046425429172813,-0.0279570128768682,0.0643656328320503,-0.0137858018279075,0.0096407197415828,0.0042598466388881,0.0138888750225305,0.0206522326916456,-0.012842514552176,-0.017094001173973,-0.0303555447608232,0.0399999618530273,0.0178890693932771,0.0765550658106803,-0.0105448048561811,-0.0368664339184761,0.0275310352444648,0.024793392047286,-0.0095073170959949,0.0316687226295471,0.0593368485569953,0.013580203987658,0.0280065238475799,0.0451613403856754,-0.0096153756603598,0.08695650100708,-0.007281488738954,-0.0325644202530384,-0.0114099709317088,-0.0238410998135805,0.0156636089086532,-0.0130718825384974,-0.03733766451478,-0.043749988079071,0.0227656383067369,-0.0184048619121313,-0.0074196332134306,0.0124222887679934,-0.0058139283210039,-0.031287632882595,0.0225563496351242,-0.0212013367563486,0.0269607789814472,0.0167663935571909,0.1527446359395981,-0.0176470130681991,-0.0027605218347162,-0.0395480655133724,-0.0200692024081945,-0.0401301383972168,-0.0162429064512252,-0.0086021423339843,-0.025843545794487,-0.046153824776411,0.0228445418179035,0.0372340828180313,-0.0691642686724662,-0.0073918318375945,0.0580495335161685,-0.0216942187398672,0.0168251302093267,0.0614035539329052,-0.0172661710530519,0.030508417636156,-0.0219619460403919,0.01142861507833,-0.0434131696820259,-0.0179573353379964,0.0191804096102714,-0.0186770986765623,0.0034873540447846,0.02105257261297,-0.0488230536180224,0.0087999730157775,-0.0732345386151023,5.346276754636391e-10,-0.1595466325760075,-0.0140735188936145,0.0183086346054304,0.3706521613256259,0.1142109304569198,0.4152637143064637,2019-02-25,2019-02-26,2019-02-27,2019-02-28,2019-03-01,2019-03-04,2019-03-05,2019-03-06,2019-03-07,2019-03-08,90097.0,2019-02-22,252.0,-9.0404%,-0.0019,1.7479,0.6496,0.3468,2.9383%,3.4524%,27.5646%,-0.102673,UCTT,90097.0,2019-02-25,252.0,1.9180%,-0.0016,1.7405,0.6322,0.3105,2.9149%,3.4318%,27.8516%,0.018772,UCTT,90097.0,2019-02-26,252.0,-1.5398%,-0.0017,1.7268,0.6538,0.3112,2.9109%,3.4192%,27.5209%,-0.0076419999999999,UCTT,90097.0,2019-02-27,252.0,-5.2129%,-0.0019,1.7278,0.6365,0.3112,2.9298%,3.4333%,27.1825%,-0.054652,UCTT,90097.0,2019-02-28,252.0,-2.3831%,-0.002,1.7356,0.6414,0.3206,2.9310%,3.4350%,27.1897%,-0.017925,UCTT,90097.0,2019-03-01,252.0,-0.1878%,-0.0021,1.7433,0.6528,0.3386,2.9301%,3.4347%,27.2257%,-0.015042,UCTT,90097.0,2019-03-04,252.0,2.0696%,-0.0021,1.7517,0.5954,0.3432,2.9327%,3.4369%,27.1870%,0.030962,UCTT,90097.0,2019-03-05,252.0,-1.5668%,-0.0021,1.7521,0.5933,0.3464,2.9330%,3.4354%,27.1062%,-0.010111,UCTT,90097.0,2019-03-06,252.0,-2.4345%,-0.0021,1.7634,0.5841,0.358,2.9300%,3.4382%,27.3765%,-0.0023799999999999,UCTT,90097.0,2019-03-07,252.0,-5.4702%,-0.0024,1.7703,0.5451,0.356,2.9275%,3.4386%,27.5178%,-0.038742,UCTT,90097.0,2019-03-08,252.0,-2.1320%,-0.0023,1.7709,0.5666,0.356,2.9263%,3.4392%,27.6002%,-0.017183,UCTT,-0.083901,-0.091543,-0.146195,-0.179162,-0.216616
14475,ULTRA CLEAN HOLDINGS INC,Ultra Clean shares are trading lower after the company reported worse than expected Q4 EPS and announced weak Q1 EPS guidance.,6,decrease,0.9,0.8,"the combination of worse than expected q4 eps and weak q1 eps guidance typically leads to negative investor sentiment, resulting in a decrease in stock price.",0,2019-02-22,UCTT,2019-02-22 14:32:00+00:00,90097.0,90385V10,-0.0904043912887573,2765189.0,0.0191804096102714,-0.0186770986765623,-0.0153977209702134,0.0404858291149139,-0.052128616720438,-0.0119999693706631,-0.0238313693553209,-0.0047771031968295,-0.0018778877565637,-0.0039650467224419,0.0206961687654256,0.0,-0.0156682096421718,0.0079935593530535,-0.0243445895612239,0.0040128561668097,-0.0547024644911289,0.0032206089235842,-0.0213197991251945,-0.028928842395544,0.0487551130354404,0.0039246617816388,-0.0009890480432659,0.0232931692153215,0.0019801489543169,0.0105519574135541,-0.0079051312059164,0.0387858375906944,0.0458167381584644,0.0145423505455255,-0.0028571174480021,0.0617619752883911,0.0162368733435869,-0.0152057306841015,-0.0187970642000436,0.016363663598895,0.0651341304183006,0.1099899262189865,-0.0449640303850174,0.0806979015469551,-0.0047081159427762,-0.0171489659696817,-0.0075685833580791,-0.0411099307239055,-0.008579614572227,0.0318132787942886,-0.0182691905647516,0.0250000543892383,0.0137120801955461,0.0165745429694652,0.040579717606306,0.0011062200646847,-0.0046425429172813,-0.0279570128768682,0.0643656328320503,-0.0137858018279075,0.0096407197415828,0.0042598466388881,0.0138888750225305,0.0206522326916456,-0.012842514552176,-0.017094001173973,-0.0303555447608232,0.0399999618530273,0.0178890693932771,0.0765550658106803,-0.0105448048561811,-0.0368664339184761,0.0275310352444648,0.024793392047286,-0.0095073170959949,0.0316687226295471,0.0593368485569953,0.013580203987658,0.0280065238475799,0.0451613403856754,-0.0096153756603598,0.08695650100708,-0.007281488738954,-0.0325644202530384,-0.0114099709317088,-0.0238410998135805,0.0156636089086532,-0.0130718825384974,-0.03733766451478,-0.043749988079071,0.0227656383067369,-0.0184048619121313,-0.0074196332134306,0.0124222887679934,-0.0058139283210039,-0.031287632882595,0.0225563496351242,-0.0212013367563486,0.0269607789814472,0.0167663935571909,0.1527446359395981,-0.0176470130681991,-0.0027605218347162,-0.0395480655133724,-0.0200692024081945,-0.0401301383972168,-0.0162429064512252,-0.0086021423339843,-0.025843545794487,-0.046153824776411,0.0228445418179035,0.0372340828180313,-0.0691642686724662,-0.0073918318375945,0.0580495335161685,-0.0216942187398672,0.0168251302093267,0.0614035539329052,-0.0172661710530519,0.030508417636156,-0.0219619460403919,0.01142861507833,-0.0434131696820259,-0.0179573353379964,0.0191804096102714,-0.0186770986765623,0.0034873540447846,0.02105257261297,-0.0488230536180224,0.0087999730157775,-0.0732345386151023,5.346276754636391e-10,-0.1595466325760075,-0.0140735188936145,0.0183086346054304,0.3706521613256259,0.1142109304569198,0.4152637143064637,2019-02-25,2019-02-26,2019-02-27,2019-02-28,2019-03-01,2019-03-04,2019-03-05,2019-03-06,2019-03-07,2019-03-08,90097.0,2019-02-22,252.0,-9.0404%,-0.0019,1.7479,0.6496,0.3468,2.9383%,3.4524%,27.5646%,-0.102673,UCTT,90097.0,2019-02-25,252.0,1.9180%,-0.0016,1.7405,0.6322,0.3105,2.9149%,3.4318%,27.8516%,0.018772,UCTT,90097.0,2019-02-26,252.0,-1.5398%,-0.0017,1.7268,0.6538,0.3112,2.9109%,3.4192%,27.5209%,-0.0076419999999999,UCTT,90097.0,2019-02-27,252.0,-5.2129%,-0.0019,1.7278,0.6365,0.3112,2.9298%,3.4333%,27.1825%,-0.054652,UCTT,90097.0,2019-02-28,252.0,-2.3831%,-0.002,1.7356,0.6414,0.3206,2.9310%,3.4350%,27.1897%,-0.017925,UCTT,90097.0,2019-03-01,252.0,-0.1878%,-0.0021,1.7433,0.6528,0.3386,2.9301%,3.4347%,27.2257%,-0.015042,UCTT,90097.0,2019-03-04,252.0,2.0696%,-0.0021,1.7517,0.5954,0.3432,2.9327%,3.4369%,27.1870%,0.030962,UCTT,90097.0,2019-03-05,252.0,-1.5668%,-0.0021,1.7521,0.5933,0.3464,2.9330%,3.4354%,27.1062%,-0.010111,UCTT,90097.0,2019-03-06,252.0,-2.4345%,-0.0021,1.7634,0.5841,0.358,2.9300%,3.4382%,27.3765%,-0.0023799999999999,UCTT,90097.0,2019-03-07,252.0,-5.4702%,-0.0024,1.7703,0.5451,0.356,2.9275%,3.4386%,27.5178%,-0.038742,UCTT,90097.0,2019-03-08,252.0,-2.1320%,-0.0023,1.7709,0.5666,0.356,2.9263%,3.4392%,27.6002%,-0.017183,UCTT,-0.083901,-0.091543,-0.146195,-0.179162,-0.216616
14483,CONTROLADORA VUELA COMP DE AVIA,"Volaris Q4 EPS $0.26, Sales 7.909M Mexican Pesos, Up 21.2% Year Over Year",6,increase,0.8,0.7,"the positive earnings per share (eps) and significant year-over-year sales growth suggest strong financial performance, which is likely to boost investor confidence and increase the stock price.",2,2019-02-22,VLRS,2019-02-22 12:13:00+00:00,14132.0,21240E10,0.0547263175249099,622701.0,0.037735927850008,-0.0024814461357891,0.01022728998214,0.0508475005626678,-0.0573678538203239,-0.0103225708007812,0.0238663256168365,0.0051880623213946,-0.0023309446405619,0.0293725337833166,-0.0233645737171173,0.0232239887118339,0.0191388521343469,-0.0278884507715702,0.0187793243676424,-0.0220778714865446,-0.003456300124526,0.0118265012279152,0.0150289153680205,-0.0205920003354549,0.0022779565770179,0.0051746391691267,0.0022726708557456,0.0065104416571557,0.0294784847646951,-0.0013004199136048,0.0143171930685639,0.0267023090273141,-0.0054289023391902,0.0080753630027174,-0.009825344197452,-0.0132802631705999,-0.0066151563078165,0.0053405128419399,0.0055494108237326,-0.0066313249990344,-0.0132451253011822,0.0066755930893123,-0.0469797700643539,-0.0105680841952562,0.0070421905256807,0.0188425760716199,-0.0069929449819028,-0.0145888775587081,-0.0070423022843897,0.0107238506898284,0.005910187959671,0.0026881694793701,0.0011751150013878,0.04347825050354,0.0140844928100705,0.0200286619365215,0.0162036325782537,0.0130434306338429,0.0193621963262558,0.0132158817723393,0.0089385388419032,0.0209894850850105,-0.0044296747073531,0.0454545393586158,0.0011123724980279,0.0175438802689313,-0.0155555941164493,0.0699658393859863,0.012415419332683,0.0635208487510681,0.0022295990493148,0.0318352207541465,-0.0144605245441198,-0.001869112602435,0.0056433626450598,-0.0183486063033342,-0.0101010277867317,0.0092592062428593,0.0,0.0093458304181694,0.0079365819692611,0.0018726127455011,-0.0022497700992971,0.0075471624732017,-0.0022547354456037,-0.045045044273138,0.0,0.0127737540751695,-0.0169492159038782,0.0129390340298414,0.0333333313465118,0.0037105716764926,0.0022247449960559,-0.0477031767368316,0.0177580285817384,-0.0455311946570873,0.0229007676243782,-0.008361236192286,-0.0031982657965272,-0.0049917153082787,0.0,0.0,0.0588234439492225,-0.0399360992014408,-0.0212121251970529,0.0080515602603554,-0.0010319169377908,0.0,-0.0082644550129771,0.0016129402210935,0.0114582972601056,-0.0282132141292095,-0.0319258943200111,0.0047244424931705,0.0021277084015309,0.0275081042200326,-0.0021231907885521,0.0317195430397987,0.0010638542007654,-0.0244299843907356,-0.0053135165944695,-0.0096774101257324,0.0010684005683287,0.0333333015441894,0.037735927850008,-0.0024814461357891,0.0483491541090153,0.0482398790930929,-0.0117923869165709,0.0374193487249521,0.0094340654543139,0.073431268568177,0.0353773822563254,0.0347490313880975,0.060141538557122,0.2601880561890464,0.104952874400833,0.3399999878495658,2019-02-25,2019-02-26,2019-02-27,2019-02-28,2019-03-01,2019-03-04,2019-03-05,2019-03-06,2019-03-07,2019-03-08,14132.0,2019-02-22,252.0,5.4726%,-0.0,0.6475,0.3679,-0.0504,3.1603%,3.2452%,5.1642%,0.0487929999999999,VLRS,14132.0,2019-02-25,252.0,3.7736%,0.0002,0.6443,0.3463,-0.0735,3.1649%,3.2497%,5.1544%,0.037531,VLRS,14132.0,2019-02-26,252.0,1.0227%,0.0003,0.6505,0.3224,-0.081,3.1645%,3.2501%,5.1951%,0.013132,VLRS,14132.0,2019-02-27,252.0,-5.7368%,0.0,0.6398,0.3241,-0.083,3.1835%,3.2661%,4.9958%,-0.0587629999999999,VLRS,14132.0,2019-02-28,252.0,2.3866%,0.0003,0.6107,0.305,-0.11,3.1751%,3.2522%,4.6897%,0.025477,VLRS,14132.0,2019-03-01,252.0,-0.2331%,0.0001,0.6347,0.3407,-0.069,3.1641%,3.2451%,4.9249%,-0.008143,VLRS,14132.0,2019-03-04,252.0,-2.3365%,0.0001,0.6283,0.3787,-0.0712,3.1641%,3.2453%,4.9429%,-0.018522,VLRS,14132.0,2019-03-05,252.0,1.9139%,0.0003,0.6345,0.4406,-0.0745,3.1552%,3.2405%,5.1951%,0.02112,VLRS,14132.0,2019-03-06,252.0,1.8779%,0.0006,0.6475,0.3589,-0.0709,3.1463%,3.2315%,5.2029%,0.029601,VLRS,14132.0,2019-03-07,252.0,-0.3456%,0.0007,0.6529,0.3876,-0.0556,3.1427%,3.2293%,5.2949%,0.001781,VLRS,14132.0,2019-03-08,252.0,1.5029%,0.0008,0.6505,0.3928,-0.0597,3.1440%,3.2306%,5.2847%,0.016087,VLRS,0.086324,0.099456,0.040693,0.058027,0.108094
14491,WAYFAIR INC,Andrew Left Adds To Wayfair Short Position After Q4 Print,6,decrease,0.8,0.7,"andrew left's decision to add to his short position suggests a negative outlook on wayfair's future performance, which is likely to put downward pressure on the stock price.",0,2019-02-22,W,2019-02-22 16:19:00+00:00,14983.0,94419L10,0.2785640954971313,12382364.0,0.0688896402716636,-0.0060174516402184,0.0201522074639797,-0.0178140308707952,0.0020794544834643,-0.0162149164825677,0.0111686699092388,0.0169053860008716,0.025048341602087,0.0025883375201374,-0.0196667034178972,-0.0095104333013296,-0.00156171398703,0.0123911229893565,-0.0075798262841999,-0.0081381481140851,-0.0103048849850893,0.0326729901134967,0.0112084383144974,-0.0254074465483427,0.0307086128741502,0.0226495862007141,0.0082271210849285,0.0298389177769422,-0.0166113302111625,0.0329121090471744,-0.0201516952365636,0.0048419404774904,0.0041736457496881,0.0154930716380477,0.0195169299840927,0.0342544578015804,-0.0054947868920862,-0.0023930314928293,0.0167537536472082,0.0223113689571619,0.0013439039466902,0.0233326833695173,-0.0751006305217742,0.0404250584542751,0.0192429218441247,-0.0129575747996568,-0.018879622220993,-0.0479733869433403,-0.0516087859869003,0.0582263059914112,-0.0035259048454463,0.0084630399942398,-0.0089458338916301,0.0196015369147062,0.0037049718666821,0.002242142567411,0.0026174455415457,-0.0284232143312692,0.0445143170654773,-0.028519619256258,-0.0064726644195616,0.0092555293813347,-0.0163194146007299,0.0161223392933607,-0.0169180445373058,0.0126635171473026,-0.0286152176558971,0.0609594248235225,0.0089953821152448,0.0647906810045242,0.0039472016505897,-0.0651044473052024,-0.0019658929668366,0.0043294779025018,0.0054336958564817,-0.0072734854184091,0.0101330811157822,-0.015514813363552,-0.0252791997045278,0.0262777041643858,-0.0037049280945211,0.1164842694997787,0.0182493887841701,-0.0206963345408439,0.0218449588865041,-0.0350094363093376,0.0063538732938468,-0.058511234819889,0.0111805126070976,-0.0304557252675294,0.0048130438663065,-0.0021401492413133,0.0456339418888092,-0.0952657908201217,0.0037761584389954,-0.0063491682521998,0.0085106687620282,-0.0363400913774967,-0.0707514956593513,0.0,-0.0206633266061544,-0.0038784574717283,0.0201585795730352,0.0335974469780921,-0.0387301035225391,-0.0562961660325527,0.0200766939669847,0.0256836544722318,-0.0065828962251544,-0.0360673516988754,-0.0177158378064632,0.0573446713387966,-0.0515592023730278,0.0076857153326272,0.0291769802570343,0.0047668986953794,0.0170662775635719,0.1450873464345932,0.0280127115547657,0.0010928794508799,0.0144340982660651,0.0345996990799903,0.0155585883185267,0.0031760295387357,0.0688896402716636,-0.0060174516402184,0.0904301260585169,-0.0237242874417313,0.0926976258730538,-0.0395545165848231,0.1325775578049475,-0.0207898318100937,0.1010337382788062,-0.019807800005699,0.017005688151904,0.212071057364908,0.0186062607936696,0.3303084543365355,2019-02-25,2019-02-26,2019-02-27,2019-02-28,2019-03-01,2019-03-04,2019-03-05,2019-03-06,2019-03-07,2019-03-08,14983.0,2019-02-22,252.0,27.8564%,0.0013,1.5293,0.6013,-1.7848,3.3247%,4.0880%,33.8585%,0.244536,W,14983.0,2019-02-25,252.0,6.8890%,0.0025,1.5013,0.5424,-1.9193,2.9948%,3.8431%,39.2728%,0.064846,W,14983.0,2019-02-26,252.0,2.0152%,0.0026,1.5031,0.5168,-1.9309,2.9962%,3.8435%,39.2296%,0.019592,W,14983.0,2019-02-27,252.0,0.2079%,0.0026,1.5126,0.4985,-1.9294,2.9933%,3.8432%,39.3395%,-0.002672,W,14983.0,2019-02-28,252.0,1.1169%,0.0025,1.5295,0.5104,-1.919,2.9857%,3.8426%,39.6268%,0.010834,W,14983.0,2019-03-01,252.0,2.5048%,0.0025,1.5456,0.5345,-1.895,2.9813%,3.8443%,39.8584%,0.00479,W,14983.0,2019-03-04,252.0,-1.9667%,0.0023,1.5623,0.4833,-1.9003,2.9734%,3.8450%,40.1977%,-0.002191,W,14983.0,2019-03-05,252.0,-0.1562%,0.0023,1.5664,0.5123,-1.8957,2.9720%,3.8447%,40.2429%,-0.002058,W,14983.0,2019-03-06,252.0,-0.7580%,0.0024,1.5631,0.4902,-1.9025,2.9727%,3.8450%,40.2270%,0.012702,W,14983.0,2019-03-07,252.0,-1.0305%,0.0023,1.5623,0.4745,-1.9081,2.9715%,3.8439%,40.2399%,-0.003513,W,14983.0,2019-03-08,252.0,1.1208%,0.0023,1.5613,0.4714,-1.9095,2.9720%,3.8431%,40.1961%,0.0110739999999999,W,0.309382,0.328974,0.326302,0.341926,0.35794
14499,WAYFAIR INC,"UPDATE: Citron's Left Tells Benzinga Wayfair 'business is showing no operating leverage whatsoever,' Notes 'US is a mature market and still not profitable'",6,decrease,0.8,0.7,"the news highlights a lack of operating leverage and ongoing unprofitability in a mature market, which is likely to negatively impact investor sentiment and lead to a decrease in stock price.",0,2019-02-22,W,2019-02-22 14:42:00+00:00,14983.0,94419L10,0.2785640954971313,12382364.0,0.0688896402716636,-0.0060174516402184,0.0201522074639797,-0.0178140308707952,0.0020794544834643,-0.0162149164825677,0.0111686699092388,0.0169053860008716,0.025048341602087,0.0025883375201374,-0.0196667034178972,-0.0095104333013296,-0.00156171398703,0.0123911229893565,-0.0075798262841999,-0.0081381481140851,-0.0103048849850893,0.0326729901134967,0.0112084383144974,-0.0254074465483427,0.0307086128741502,0.0226495862007141,0.0082271210849285,0.0298389177769422,-0.0166113302111625,0.0329121090471744,-0.0201516952365636,0.0048419404774904,0.0041736457496881,0.0154930716380477,0.0195169299840927,0.0342544578015804,-0.0054947868920862,-0.0023930314928293,0.0167537536472082,0.0223113689571619,0.0013439039466902,0.0233326833695173,-0.0751006305217742,0.0404250584542751,0.0192429218441247,-0.0129575747996568,-0.018879622220993,-0.0479733869433403,-0.0516087859869003,0.0582263059914112,-0.0035259048454463,0.0084630399942398,-0.0089458338916301,0.0196015369147062,0.0037049718666821,0.002242142567411,0.0026174455415457,-0.0284232143312692,0.0445143170654773,-0.028519619256258,-0.0064726644195616,0.0092555293813347,-0.0163194146007299,0.0161223392933607,-0.0169180445373058,0.0126635171473026,-0.0286152176558971,0.0609594248235225,0.0089953821152448,0.0647906810045242,0.0039472016505897,-0.0651044473052024,-0.0019658929668366,0.0043294779025018,0.0054336958564817,-0.0072734854184091,0.0101330811157822,-0.015514813363552,-0.0252791997045278,0.0262777041643858,-0.0037049280945211,0.1164842694997787,0.0182493887841701,-0.0206963345408439,0.0218449588865041,-0.0350094363093376,0.0063538732938468,-0.058511234819889,0.0111805126070976,-0.0304557252675294,0.0048130438663065,-0.0021401492413133,0.0456339418888092,-0.0952657908201217,0.0037761584389954,-0.0063491682521998,0.0085106687620282,-0.0363400913774967,-0.0707514956593513,0.0,-0.0206633266061544,-0.0038784574717283,0.0201585795730352,0.0335974469780921,-0.0387301035225391,-0.0562961660325527,0.0200766939669847,0.0256836544722318,-0.0065828962251544,-0.0360673516988754,-0.0177158378064632,0.0573446713387966,-0.0515592023730278,0.0076857153326272,0.0291769802570343,0.0047668986953794,0.0170662775635719,0.1450873464345932,0.0280127115547657,0.0010928794508799,0.0144340982660651,0.0345996990799903,0.0155585883185267,0.0031760295387357,0.0688896402716636,-0.0060174516402184,0.0904301260585169,-0.0237242874417313,0.0926976258730538,-0.0395545165848231,0.1325775578049475,-0.0207898318100937,0.1010337382788062,-0.019807800005699,0.017005688151904,0.212071057364908,0.0186062607936696,0.3303084543365355,2019-02-25,2019-02-26,2019-02-27,2019-02-28,2019-03-01,2019-03-04,2019-03-05,2019-03-06,2019-03-07,2019-03-08,14983.0,2019-02-22,252.0,27.8564%,0.0013,1.5293,0.6013,-1.7848,3.3247%,4.0880%,33.8585%,0.244536,W,14983.0,2019-02-25,252.0,6.8890%,0.0025,1.5013,0.5424,-1.9193,2.9948%,3.8431%,39.2728%,0.064846,W,14983.0,2019-02-26,252.0,2.0152%,0.0026,1.5031,0.5168,-1.9309,2.9962%,3.8435%,39.2296%,0.019592,W,14983.0,2019-02-27,252.0,0.2079%,0.0026,1.5126,0.4985,-1.9294,2.9933%,3.8432%,39.3395%,-0.002672,W,14983.0,2019-02-28,252.0,1.1169%,0.0025,1.5295,0.5104,-1.919,2.9857%,3.8426%,39.6268%,0.010834,W,14983.0,2019-03-01,252.0,2.5048%,0.0025,1.5456,0.5345,-1.895,2.9813%,3.8443%,39.8584%,0.00479,W,14983.0,2019-03-04,252.0,-1.9667%,0.0023,1.5623,0.4833,-1.9003,2.9734%,3.8450%,40.1977%,-0.002191,W,14983.0,2019-03-05,252.0,-0.1562%,0.0023,1.5664,0.5123,-1.8957,2.9720%,3.8447%,40.2429%,-0.002058,W,14983.0,2019-03-06,252.0,-0.7580%,0.0024,1.5631,0.4902,-1.9025,2.9727%,3.8450%,40.2270%,0.012702,W,14983.0,2019-03-07,252.0,-1.0305%,0.0023,1.5623,0.4745,-1.9081,2.9715%,3.8439%,40.2399%,-0.003513,W,14983.0,2019-03-08,252.0,1.1208%,0.0023,1.5613,0.4714,-1.9095,2.9720%,3.8431%,40.1961%,0.0110739999999999,W,0.309382,0.328974,0.326302,0.341926,0.35794
14507,WAYFAIR INC,"Citron's Andrew Left Tells Benzinga He Had A Small Short Position In Wayfair Ahead Of Earnings, And Now Is Adding To That Short Position",6,decrease,0.75,0.6,"the news of a prominent short seller increasing their position typically signals negative sentiment towards the stock, which can lead to a decrease in its price.",0,2019-02-22,W,2019-02-22 14:40:00+00:00,14983.0,94419L10,0.2785640954971313,12382364.0,0.0688896402716636,-0.0060174516402184,0.0201522074639797,-0.0178140308707952,0.0020794544834643,-0.0162149164825677,0.0111686699092388,0.0169053860008716,0.025048341602087,0.0025883375201374,-0.0196667034178972,-0.0095104333013296,-0.00156171398703,0.0123911229893565,-0.0075798262841999,-0.0081381481140851,-0.0103048849850893,0.0326729901134967,0.0112084383144974,-0.0254074465483427,0.0307086128741502,0.0226495862007141,0.0082271210849285,0.0298389177769422,-0.0166113302111625,0.0329121090471744,-0.0201516952365636,0.0048419404774904,0.0041736457496881,0.0154930716380477,0.0195169299840927,0.0342544578015804,-0.0054947868920862,-0.0023930314928293,0.0167537536472082,0.0223113689571619,0.0013439039466902,0.0233326833695173,-0.0751006305217742,0.0404250584542751,0.0192429218441247,-0.0129575747996568,-0.018879622220993,-0.0479733869433403,-0.0516087859869003,0.0582263059914112,-0.0035259048454463,0.0084630399942398,-0.0089458338916301,0.0196015369147062,0.0037049718666821,0.002242142567411,0.0026174455415457,-0.0284232143312692,0.0445143170654773,-0.028519619256258,-0.0064726644195616,0.0092555293813347,-0.0163194146007299,0.0161223392933607,-0.0169180445373058,0.0126635171473026,-0.0286152176558971,0.0609594248235225,0.0089953821152448,0.0647906810045242,0.0039472016505897,-0.0651044473052024,-0.0019658929668366,0.0043294779025018,0.0054336958564817,-0.0072734854184091,0.0101330811157822,-0.015514813363552,-0.0252791997045278,0.0262777041643858,-0.0037049280945211,0.1164842694997787,0.0182493887841701,-0.0206963345408439,0.0218449588865041,-0.0350094363093376,0.0063538732938468,-0.058511234819889,0.0111805126070976,-0.0304557252675294,0.0048130438663065,-0.0021401492413133,0.0456339418888092,-0.0952657908201217,0.0037761584389954,-0.0063491682521998,0.0085106687620282,-0.0363400913774967,-0.0707514956593513,0.0,-0.0206633266061544,-0.0038784574717283,0.0201585795730352,0.0335974469780921,-0.0387301035225391,-0.0562961660325527,0.0200766939669847,0.0256836544722318,-0.0065828962251544,-0.0360673516988754,-0.0177158378064632,0.0573446713387966,-0.0515592023730278,0.0076857153326272,0.0291769802570343,0.0047668986953794,0.0170662775635719,0.1450873464345932,0.0280127115547657,0.0010928794508799,0.0144340982660651,0.0345996990799903,0.0155585883185267,0.0031760295387357,0.0688896402716636,-0.0060174516402184,0.0904301260585169,-0.0237242874417313,0.0926976258730538,-0.0395545165848231,0.1325775578049475,-0.0207898318100937,0.1010337382788062,-0.019807800005699,0.017005688151904,0.212071057364908,0.0186062607936696,0.3303084543365355,2019-02-25,2019-02-26,2019-02-27,2019-02-28,2019-03-01,2019-03-04,2019-03-05,2019-03-06,2019-03-07,2019-03-08,14983.0,2019-02-22,252.0,27.8564%,0.0013,1.5293,0.6013,-1.7848,3.3247%,4.0880%,33.8585%,0.244536,W,14983.0,2019-02-25,252.0,6.8890%,0.0025,1.5013,0.5424,-1.9193,2.9948%,3.8431%,39.2728%,0.064846,W,14983.0,2019-02-26,252.0,2.0152%,0.0026,1.5031,0.5168,-1.9309,2.9962%,3.8435%,39.2296%,0.019592,W,14983.0,2019-02-27,252.0,0.2079%,0.0026,1.5126,0.4985,-1.9294,2.9933%,3.8432%,39.3395%,-0.002672,W,14983.0,2019-02-28,252.0,1.1169%,0.0025,1.5295,0.5104,-1.919,2.9857%,3.8426%,39.6268%,0.010834,W,14983.0,2019-03-01,252.0,2.5048%,0.0025,1.5456,0.5345,-1.895,2.9813%,3.8443%,39.8584%,0.00479,W,14983.0,2019-03-04,252.0,-1.9667%,0.0023,1.5623,0.4833,-1.9003,2.9734%,3.8450%,40.1977%,-0.002191,W,14983.0,2019-03-05,252.0,-0.1562%,0.0023,1.5664,0.5123,-1.8957,2.9720%,3.8447%,40.2429%,-0.002058,W,14983.0,2019-03-06,252.0,-0.7580%,0.0024,1.5631,0.4902,-1.9025,2.9727%,3.8450%,40.2270%,0.012702,W,14983.0,2019-03-07,252.0,-1.0305%,0.0023,1.5623,0.4745,-1.9081,2.9715%,3.8439%,40.2399%,-0.003513,W,14983.0,2019-03-08,252.0,1.1208%,0.0023,1.5613,0.4714,-1.9095,2.9720%,3.8431%,40.1961%,0.0110739999999999,W,0.309382,0.328974,0.326302,0.341926,0.35794
14515,WAYFAIR INC,Wayfair shares are trading higher after the company beat Q4 EPS and sales estimates.,6,increase,0.85,0.7,"beating q4 eps and sales estimates typically signals strong company performance, which is likely to boost investor confidence and drive the stock price higher.",2,2019-02-22,W,2019-02-22 13:51:00+00:00,14983.0,94419L10,0.2785640954971313,12382364.0,0.0688896402716636,-0.0060174516402184,0.0201522074639797,-0.0178140308707952,0.0020794544834643,-0.0162149164825677,0.0111686699092388,0.0169053860008716,0.025048341602087,0.0025883375201374,-0.0196667034178972,-0.0095104333013296,-0.00156171398703,0.0123911229893565,-0.0075798262841999,-0.0081381481140851,-0.0103048849850893,0.0326729901134967,0.0112084383144974,-0.0254074465483427,0.0307086128741502,0.0226495862007141,0.0082271210849285,0.0298389177769422,-0.0166113302111625,0.0329121090471744,-0.0201516952365636,0.0048419404774904,0.0041736457496881,0.0154930716380477,0.0195169299840927,0.0342544578015804,-0.0054947868920862,-0.0023930314928293,0.0167537536472082,0.0223113689571619,0.0013439039466902,0.0233326833695173,-0.0751006305217742,0.0404250584542751,0.0192429218441247,-0.0129575747996568,-0.018879622220993,-0.0479733869433403,-0.0516087859869003,0.0582263059914112,-0.0035259048454463,0.0084630399942398,-0.0089458338916301,0.0196015369147062,0.0037049718666821,0.002242142567411,0.0026174455415457,-0.0284232143312692,0.0445143170654773,-0.028519619256258,-0.0064726644195616,0.0092555293813347,-0.0163194146007299,0.0161223392933607,-0.0169180445373058,0.0126635171473026,-0.0286152176558971,0.0609594248235225,0.0089953821152448,0.0647906810045242,0.0039472016505897,-0.0651044473052024,-0.0019658929668366,0.0043294779025018,0.0054336958564817,-0.0072734854184091,0.0101330811157822,-0.015514813363552,-0.0252791997045278,0.0262777041643858,-0.0037049280945211,0.1164842694997787,0.0182493887841701,-0.0206963345408439,0.0218449588865041,-0.0350094363093376,0.0063538732938468,-0.058511234819889,0.0111805126070976,-0.0304557252675294,0.0048130438663065,-0.0021401492413133,0.0456339418888092,-0.0952657908201217,0.0037761584389954,-0.0063491682521998,0.0085106687620282,-0.0363400913774967,-0.0707514956593513,0.0,-0.0206633266061544,-0.0038784574717283,0.0201585795730352,0.0335974469780921,-0.0387301035225391,-0.0562961660325527,0.0200766939669847,0.0256836544722318,-0.0065828962251544,-0.0360673516988754,-0.0177158378064632,0.0573446713387966,-0.0515592023730278,0.0076857153326272,0.0291769802570343,0.0047668986953794,0.0170662775635719,0.1450873464345932,0.0280127115547657,0.0010928794508799,0.0144340982660651,0.0345996990799903,0.0155585883185267,0.0031760295387357,0.0688896402716636,-0.0060174516402184,0.0904301260585169,-0.0237242874417313,0.0926976258730538,-0.0395545165848231,0.1325775578049475,-0.0207898318100937,0.1010337382788062,-0.019807800005699,0.017005688151904,0.212071057364908,0.0186062607936696,0.3303084543365355,2019-02-25,2019-02-26,2019-02-27,2019-02-28,2019-03-01,2019-03-04,2019-03-05,2019-03-06,2019-03-07,2019-03-08,14983.0,2019-02-22,252.0,27.8564%,0.0013,1.5293,0.6013,-1.7848,3.3247%,4.0880%,33.8585%,0.244536,W,14983.0,2019-02-25,252.0,6.8890%,0.0025,1.5013,0.5424,-1.9193,2.9948%,3.8431%,39.2728%,0.064846,W,14983.0,2019-02-26,252.0,2.0152%,0.0026,1.5031,0.5168,-1.9309,2.9962%,3.8435%,39.2296%,0.019592,W,14983.0,2019-02-27,252.0,0.2079%,0.0026,1.5126,0.4985,-1.9294,2.9933%,3.8432%,39.3395%,-0.002672,W,14983.0,2019-02-28,252.0,1.1169%,0.0025,1.5295,0.5104,-1.919,2.9857%,3.8426%,39.6268%,0.010834,W,14983.0,2019-03-01,252.0,2.5048%,0.0025,1.5456,0.5345,-1.895,2.9813%,3.8443%,39.8584%,0.00479,W,14983.0,2019-03-04,252.0,-1.9667%,0.0023,1.5623,0.4833,-1.9003,2.9734%,3.8450%,40.1977%,-0.002191,W,14983.0,2019-03-05,252.0,-0.1562%,0.0023,1.5664,0.5123,-1.8957,2.9720%,3.8447%,40.2429%,-0.002058,W,14983.0,2019-03-06,252.0,-0.7580%,0.0024,1.5631,0.4902,-1.9025,2.9727%,3.8450%,40.2270%,0.012702,W,14983.0,2019-03-07,252.0,-1.0305%,0.0023,1.5623,0.4745,-1.9081,2.9715%,3.8439%,40.2399%,-0.003513,W,14983.0,2019-03-08,252.0,1.1208%,0.0023,1.5613,0.4714,-1.9095,2.9720%,3.8431%,40.1961%,0.0110739999999999,W,0.309382,0.328974,0.326302,0.341926,0.35794
14523,WAYFAIR INC,"Wayfair Q4 EPS $(1.12) Beats $(1.28) Estimate, Sales $1.996B Beat $1.97B Estimate",6,increase,0.7,0.6,"wayfair's better-than-expected earnings per share and sales figures suggest improved financial performance, which is likely to positively influence investor sentiment and increase the stock price.",2,2019-02-22,W,2019-02-22 12:03:00+00:00,14983.0,94419L10,0.2785640954971313,12382364.0,0.0688896402716636,-0.0060174516402184,0.0201522074639797,-0.0178140308707952,0.0020794544834643,-0.0162149164825677,0.0111686699092388,0.0169053860008716,0.025048341602087,0.0025883375201374,-0.0196667034178972,-0.0095104333013296,-0.00156171398703,0.0123911229893565,-0.0075798262841999,-0.0081381481140851,-0.0103048849850893,0.0326729901134967,0.0112084383144974,-0.0254074465483427,0.0307086128741502,0.0226495862007141,0.0082271210849285,0.0298389177769422,-0.0166113302111625,0.0329121090471744,-0.0201516952365636,0.0048419404774904,0.0041736457496881,0.0154930716380477,0.0195169299840927,0.0342544578015804,-0.0054947868920862,-0.0023930314928293,0.0167537536472082,0.0223113689571619,0.0013439039466902,0.0233326833695173,-0.0751006305217742,0.0404250584542751,0.0192429218441247,-0.0129575747996568,-0.018879622220993,-0.0479733869433403,-0.0516087859869003,0.0582263059914112,-0.0035259048454463,0.0084630399942398,-0.0089458338916301,0.0196015369147062,0.0037049718666821,0.002242142567411,0.0026174455415457,-0.0284232143312692,0.0445143170654773,-0.028519619256258,-0.0064726644195616,0.0092555293813347,-0.0163194146007299,0.0161223392933607,-0.0169180445373058,0.0126635171473026,-0.0286152176558971,0.0609594248235225,0.0089953821152448,0.0647906810045242,0.0039472016505897,-0.0651044473052024,-0.0019658929668366,0.0043294779025018,0.0054336958564817,-0.0072734854184091,0.0101330811157822,-0.015514813363552,-0.0252791997045278,0.0262777041643858,-0.0037049280945211,0.1164842694997787,0.0182493887841701,-0.0206963345408439,0.0218449588865041,-0.0350094363093376,0.0063538732938468,-0.058511234819889,0.0111805126070976,-0.0304557252675294,0.0048130438663065,-0.0021401492413133,0.0456339418888092,-0.0952657908201217,0.0037761584389954,-0.0063491682521998,0.0085106687620282,-0.0363400913774967,-0.0707514956593513,0.0,-0.0206633266061544,-0.0038784574717283,0.0201585795730352,0.0335974469780921,-0.0387301035225391,-0.0562961660325527,0.0200766939669847,0.0256836544722318,-0.0065828962251544,-0.0360673516988754,-0.0177158378064632,0.0573446713387966,-0.0515592023730278,0.0076857153326272,0.0291769802570343,0.0047668986953794,0.0170662775635719,0.1450873464345932,0.0280127115547657,0.0010928794508799,0.0144340982660651,0.0345996990799903,0.0155585883185267,0.0031760295387357,0.0688896402716636,-0.0060174516402184,0.0904301260585169,-0.0237242874417313,0.0926976258730538,-0.0395545165848231,0.1325775578049475,-0.0207898318100937,0.1010337382788062,-0.019807800005699,0.017005688151904,0.212071057364908,0.0186062607936696,0.3303084543365355,2019-02-25,2019-02-26,2019-02-27,2019-02-28,2019-03-01,2019-03-04,2019-03-05,2019-03-06,2019-03-07,2019-03-08,14983.0,2019-02-22,252.0,27.8564%,0.0013,1.5293,0.6013,-1.7848,3.3247%,4.0880%,33.8585%,0.244536,W,14983.0,2019-02-25,252.0,6.8890%,0.0025,1.5013,0.5424,-1.9193,2.9948%,3.8431%,39.2728%,0.064846,W,14983.0,2019-02-26,252.0,2.0152%,0.0026,1.5031,0.5168,-1.9309,2.9962%,3.8435%,39.2296%,0.019592,W,14983.0,2019-02-27,252.0,0.2079%,0.0026,1.5126,0.4985,-1.9294,2.9933%,3.8432%,39.3395%,-0.002672,W,14983.0,2019-02-28,252.0,1.1169%,0.0025,1.5295,0.5104,-1.919,2.9857%,3.8426%,39.6268%,0.010834,W,14983.0,2019-03-01,252.0,2.5048%,0.0025,1.5456,0.5345,-1.895,2.9813%,3.8443%,39.8584%,0.00479,W,14983.0,2019-03-04,252.0,-1.9667%,0.0023,1.5623,0.4833,-1.9003,2.9734%,3.8450%,40.1977%,-0.002191,W,14983.0,2019-03-05,252.0,-0.1562%,0.0023,1.5664,0.5123,-1.8957,2.9720%,3.8447%,40.2429%,-0.002058,W,14983.0,2019-03-06,252.0,-0.7580%,0.0024,1.5631,0.4902,-1.9025,2.9727%,3.8450%,40.2270%,0.012702,W,14983.0,2019-03-07,252.0,-1.0305%,0.0023,1.5623,0.4745,-1.9081,2.9715%,3.8439%,40.2399%,-0.003513,W,14983.0,2019-03-08,252.0,1.1208%,0.0023,1.5613,0.4714,-1.9095,2.9720%,3.8431%,40.1961%,0.0110739999999999,W,0.309382,0.328974,0.326302,0.341926,0.35794
14531,WABTEC CORP,"Jefferies Initiates Coverage On Westinghouse Air Brake with Hold Rating, Announces $80 Price Target",6,uncertain,0.6,0.2,"the initiation of coverage with a 'hold' rating suggests a neutral stance, which may not significantly impact the stock price in either direction.",1,2019-02-22,WAB,2019-02-22 13:30:00+00:00,81677.0,92974010,-0.0029899594374001,1805099.0,0.0640675723552703,-0.0199786890298128,-0.0525236800312995,0.0068392399698495,0.0181179549545049,-0.0046716295182704,-0.0270916447043418,0.039833378046751,-0.0114660654217004,-0.0179909989237785,0.0168461930006742,0.0398243367671966,-0.008011900819838,-0.0446791648864746,-0.0553045943379402,0.0062670172192156,0.0104332882910966,0.001637592096813,0.005592992529273,0.0097674550488591,0.0141186229884624,0.0001376188301946,0.0095626534894108,0.0204998459666967,0.0094720758497715,0.0169927533715963,-0.0028977380134165,0.0125794541090726,-0.0157763548195362,0.0111111421138048,0.013779466971755,-0.0072568939067423,0.0033286805264651,0.0237741209566593,0.0019354026298969,-0.018091594800353,0.019177695736289,-0.0350555814802646,-0.0517124608159065,0.0111031858250498,-0.0004283569869585,-0.0236274767667055,0.0308483820408582,-0.0489095114171505,-0.0026323420461267,0.0191297065466642,0.0133351730182766,0.0316887646913528,0.0105552338063716,0.0111016472801566,0.0128865558654069,-0.0190239492803812,0.0012053564423695,-0.0129268877208232,0.0029427662957459,0.0051976097747683,0.0146705582737922,0.0112032853066921,0.0021029971539974,0.0183099023997783,-0.010755505412817,0.0060932449996471,-0.0194908678531646,-0.009543864056468,0.0055443365126848,0.0254749078303575,0.0079343244433403,-0.0194749813526868,0.0244163032621145,0.0086832828819751,-0.0147173386067152,0.0253977198153734,0.0174487736076116,-0.0235176943242549,0.0011692391708493,0.002715484239161,0.0112899402156472,0.0556729398667812,-0.0183498058468103,-0.0264395270496606,0.0031372269149869,-0.0209950972348451,-0.0020849106367677,-0.0212526675313711,-0.0668582245707511,-0.000281365471892,0.0247691608965396,-0.0130537757650017,0.0080567570403218,-0.0171965956687927,0.0033866160083562,-0.0268296487629413,0.0140407849103212,-0.0492486618459224,-0.0017307582311332,-0.0146820982918143,0.001867156359367,-0.024754287675023,-0.0115815056487917,-0.0260016191750764,-0.017912482842803,-0.0421148091554641,-0.0090509606525301,-0.0073050293140113,-0.0083033656701445,-0.0420927554368972,0.0209672916680574,-0.0180761013180017,-0.0349124185740947,0.0209367014467716,-0.0134770460426807,0.0094781862571835,-0.0165372658520937,0.0409389957785606,-0.0008772855508141,-0.0012459011049941,-0.0355627126991748,0.0301015265285968,-0.0230653155595064,-0.0040669124573469,0.0640675723552703,-0.0199786890298128,0.0081788276532004,-0.0132760881085211,0.0264449662387067,-0.0178856966616967,-0.012813551938568,0.0028621916784483,-0.0441657226460195,0.0139013668318692,0.0392584207129005,0.0380351096405022,-0.1209380181584934,-0.1436149804111194,2019-02-25,2019-02-26,2019-02-27,2019-02-28,2019-03-01,2019-03-04,2019-03-05,2019-03-06,2019-03-07,2019-03-08,81677.0,2019-02-22,252.0,-0.2990%,-0.0003,1.0279,0.38,0.5925,1.6838%,1.9612%,26.2878%,-0.003178,WAB,81677.0,2019-02-25,252.0,6.4068%,-0.0,1.0286,0.3489,0.579,1.7315%,2.0021%,25.2040%,0.06448,WAB,81677.0,2019-02-26,252.0,-5.2524%,-0.0002,1.0384,0.4045,0.6145,1.7562%,2.0275%,24.9720%,-0.046834,WAB,81677.0,2019-02-27,252.0,1.8118%,-0.0001,1.0405,0.4059,0.6149,1.7594%,2.0305%,24.9204%,0.017052,WAB,81677.0,2019-02-28,252.0,-2.7092%,-0.0002,1.041,0.4055,0.6205,1.7644%,2.0333%,24.6985%,-0.02251,WAB,81677.0,2019-03-01,252.0,-1.1466%,-0.0003,1.0412,0.4059,0.6291,1.7674%,2.0338%,24.4845%,-0.017745,WAB,81677.0,2019-03-04,252.0,1.6846%,-0.0002,1.0343,0.4095,0.6353,1.7716%,2.0336%,24.1044%,0.021341,WAB,81677.0,2019-03-05,252.0,-0.8012%,-0.0002,1.0331,0.3982,0.6357,1.7711%,2.0315%,23.9945%,-0.0035499999999999,WAB,81677.0,2019-03-06,252.0,-5.5305%,-0.0004,1.043,0.4904,0.6593,1.7878%,2.0550%,24.3148%,-0.041953,WAB,81677.0,2019-03-07,252.0,1.0433%,-0.0003,1.034,0.4894,0.6471,1.7928%,2.0560%,23.9643%,0.021415,WAB,81677.0,2019-03-08,252.0,0.5593%,-0.0002,1.0324,0.4964,0.6442,1.7932%,2.0562%,23.9379%,0.008633,WAB,0.061302,0.014468,0.03152,-0.0087349999999999,-0.0028489999999999
14539,W E X INC,WEX Sees FY2019 EPS $8.80-9.20 vs $8.93 Est; Sees Sales $1.63B-1.67B vs $1.61B Est,6,uncertain,0.6,0.2,"while wex's eps guidance is slightly below estimates, their sales forecast is above expectations, leading to uncertainty in the overall impact on stock price.",1,2019-02-22,WEX,2019-02-22 13:03:00+00:00,90569.0,96208T10,0.0333078689873218,582719.0,0.0,-0.0196947790682315,0.0040364228188991,0.0139553863555192,0.0083234310150146,-0.0168207585811615,-0.0001123330657719,0.0156851448118686,0.0140402112156152,-0.0030808509327471,-0.0062028970569372,0.0136106386780738,-0.0086380019783973,0.016104906797409,-0.0169205386191606,0.002220059512183,-0.0102927889674902,0.0146727776154875,0.0005777145852334,-0.005931100808084,0.0117219891399145,0.0088533209636807,0.0070201223716139,6.102770203142427e-05,0.0191566813737154,0.0047239526174962,0.0013346136547625,0.0103514418005943,0.0068866237998008,0.0113465236499905,0.0054053817875683,0.0146937053650617,0.0215053670108318,-0.0200709719210863,-0.0074650882743299,-0.0106074698269367,0.0337102748453617,0.0180824361741542,-0.034233633428812,0.0093155968934297,0.0068834917619824,-0.0034103402867913,0.0137804681435227,-0.0215054433792829,-0.0003717268700711,0.0230764951556921,0.0149793233722448,0.0041902335360646,0.0047624222934246,0.0173749327659606,0.0213031731545925,-0.0009034549584612,0.0044879890047013,-0.0043050707317888,0.0055340998806059,-0.0019879282917827,-0.0053521716035902,0.0060645318590104,0.0042641572654247,0.0294214822351932,0.0084415823221206,0.0407106354832649,-0.0055138152092695,0.0193038620054721,0.0019153472967445,0.0546886660158634,0.0082000447437167,-0.0298442859202623,0.010827793739736,-0.0095673026517033,0.0039490722119808,0.0162530113011598,-0.0055561256594955,-0.0153603907674551,-0.0057849106378853,0.0142019186168909,0.0062661352567374,0.0507041364908218,0.012997948564589,-0.0228388048708438,0.0184417162090539,-0.0008918918319977,-0.0025867940858006,-0.0178128369152545,-0.0046587637625634,-0.0131835015490651,0.0016888189129531,-0.0206717066466808,0.0086228074505925,-0.0325574316084384,0.0043939161114394,-0.0145950922742486,-0.0110794184729456,-0.0204243380576372,-0.0179352592676878,0.0103847524151206,0.0188503265380859,-0.0163698270916938,0.001778126694262,-0.0049517494626343,-0.031708724796772,-0.0078862393274903,0.006935812998563,0.0053287758491933,0.0032472505699843,-0.0212440937757492,0.0125545458868145,0.0145189389586448,-0.0419431552290916,-0.0028953605797141,0.0100095840170979,-0.0108827510848641,-0.0011511874618008,0.02032470703125,0.0159350968897342,-0.0091365212574601,-0.0040939222089946,0.0266199801117181,-0.0024763508699834,-0.0306696984916925,0.0,-0.0196947790682315,0.0040364228188991,-0.0060142409637961,0.0123934507207943,-0.0227338354496566,0.0264923466154607,-0.0104633105259539,-0.015463339426004,0.0302608490994606,0.124673160372779,0.1305704167111865,0.145025643087894,0.0899603279137852,2019-02-25,2019-02-26,2019-02-27,2019-02-28,2019-03-01,2019-03-04,2019-03-05,2019-03-06,2019-03-07,2019-03-08,90569.0,2019-02-22,252.0,3.3308%,0.0002,1.0389,0.3029,-0.381,1.1630%,1.7015%,53.2780%,0.0198069999999999,WEX,90569.0,2019-02-25,252.0,0.0000%,0.0002,1.0385,0.3033,-0.3824,1.1628%,1.7014%,53.2900%,-0.001557,WEX,90569.0,2019-02-26,252.0,0.4036%,0.0003,1.0446,0.2889,-0.3851,1.1608%,1.7014%,53.4517%,0.006277,WEX,90569.0,2019-02-27,252.0,0.8323%,0.0003,1.0522,0.2771,-0.3838,1.1565%,1.7016%,53.8060%,0.006272,WEX,90569.0,2019-02-28,252.0,-0.0112%,0.0003,1.0556,0.2795,-0.3817,1.1557%,1.7010%,53.8368%,0.002035,WEX,90569.0,2019-03-01,252.0,1.4040%,0.0004,1.0509,0.2725,-0.3907,1.1545%,1.6978%,53.7587%,0.004012,WEX,90569.0,2019-03-04,252.0,-0.6203%,0.0003,1.0601,0.2408,-0.3928,1.1476%,1.6973%,54.2825%,0.001786,WEX,90569.0,2019-03-05,252.0,-0.8638%,0.0002,1.0596,0.2322,-0.3904,1.1476%,1.6940%,54.1065%,-0.007122,WEX,90569.0,2019-03-06,252.0,-1.6921%,0.0002,1.0619,0.243,-0.3864,1.1480%,1.6967%,54.2154%,-0.005028,WEX,90569.0,2019-03-07,252.0,-1.0293%,0.0002,1.0617,0.2363,-0.3885,1.1475%,1.6966%,54.2558%,-0.00278,WEX,90569.0,2019-03-08,252.0,0.0578%,0.0002,1.0612,0.2411,-0.3896,1.1473%,1.6966%,54.2765%,0.002045,WEX,0.01825,0.024527,0.030799,0.036846,0.025747
14547,W P CAREY INC,"W P Carey Q4 EPS $1.33 Up From $1.31 YoY, Adj. FFO $1.33; Sees FY19 Adj. FFO $4.95-$5.15",6,increase,0.7,0.6,"the slight increase in eps and the positive outlook for fy19 adj. ffo suggest strong financial performance, which is likely to attract investors and drive the stock price up.",2,2019-02-22,WPC,2019-02-22 12:49:00+00:00,85763.0,92936U10,0.0047042802907526,955902.0,-0.0077592218294739,0.0029657753184437,-0.0017526932060718,-0.0134326657280325,-0.0071582761593163,-0.0001329056831309,0.0048973010852932,0.0007984769763424,-0.0041966317221522,0.0017330655828118,0.0004078137571923,-0.0043800664134323,0.0082891788333654,-0.0038344694767147,0.0037736713420599,0.0018545422935858,-0.0001342929026577,0.0045242360793054,0.0102054802700877,0.0111679472029209,0.0071778977289795,-0.0086701549589633,0.0133298430591821,0.0036145150661468,-0.0006511516403406,0.0033579585142433,0.003518788376823,-0.0058753164485096,0.0018181739142164,0.0101159969344735,-0.0060928342863917,0.0089819813147187,-0.0011738142929971,0.0135172875598073,0.0035256808623671,0.0100306663662195,0.0137931713834404,0.0154193844646215,-0.0017970352200791,0.0082727400586009,0.0020573958754539,0.0028607773128896,0.0121903885155916,0.000859057821799,-0.0027889655902981,0.0024396982043981,0.0087973037734627,0.0002870605967473,0.0001277085830224,0.0051948139443993,-0.00523431180045,0.0146412877365946,0.008341908454895,-0.007555894088,0.0025454619899392,-0.0041962219402194,-0.0076170940883457,0.0120076099410653,0.0016631046310067,0.0024955689441412,-0.0051085762679576,0.0228228867053985,-0.0047497143968939,0.0097028408199548,0.0107055567204952,0.016019731760025,0.0063808066770434,0.0121608795598149,0.0064671840518713,-0.0183654278516769,-0.0016379599692299,0.0023008727002888,-0.0265017487108707,-0.0025605810806155,-0.0152968671172857,0.0025671725161373,0.0098736174404621,0.0211257170885801,-0.0049536861479282,-0.0519006289541721,0.0115288514643907,0.0058823754079639,0.0119155310094356,-0.0114842401817441,0.0001280191499972,-0.0057812039740383,0.0097261602059006,0.0100730285048484,-0.0114068631082773,-0.0294701308012008,0.0169230736792087,0.0007089614518918,-0.0017649948131293,0.0180427245795726,0.0013892473652958,-0.0174443814903497,-0.0007566850399598,0.0061358488164842,-0.0046699829399585,0.0064627975225448,-0.0147096579894423,-0.0052857534028589,-0.0007721693837083,0.0242903679609298,0.0047656199894845,-0.0056744799949228,0.0143570704385638,0.0144649939611554,0.0039176694117486,-0.0005900710239075,0.0040281931869685,-0.0022078529000282,0.0026328871026635,0.0074139973148703,0.0097536426037549,0.000148333623656,-0.0002476364606991,-0.0147574823349714,-0.0068128705024719,0.0033719888888299,-0.0077592218294739,0.0029657753184437,-0.0094983155001608,-0.0105067286780659,-0.0165886000940786,-0.0106382379572443,-0.0159197650921743,-0.0081322574585984,0.0064214498072112,0.0010764507785441,0.0612941741475168,0.0921902303262411,0.0867760376543731,0.1079829922222836,2019-02-25,2019-02-26,2019-02-27,2019-02-28,2019-03-01,2019-03-04,2019-03-05,2019-03-06,2019-03-07,2019-03-08,85763.0,2019-02-22,252.0,0.4704%,0.001,0.2316,0.006,-0.1273,0.9304%,0.9735%,8.6606%,0.001176,WPC,85763.0,2019-02-25,252.0,-0.7759%,0.001,0.2324,0.0115,-0.1215,0.9314%,0.9742%,8.5898%,-0.00842,WPC,85763.0,2019-02-26,252.0,-0.1753%,0.0009,0.2292,0.0184,-0.1204,0.9307%,0.9724%,8.3810%,-0.001808,WPC,85763.0,2019-02-27,252.0,-0.7158%,0.0009,0.2279,0.0181,-0.1206,0.9322%,0.9733%,8.2681%,-0.007644,WPC,85763.0,2019-02-28,252.0,0.4897%,0.001,0.2197,0.0126,-0.1276,0.9286%,0.9679%,7.9646%,0.005199,WPC,85763.0,2019-03-01,252.0,-0.4197%,0.0009,0.2172,0.0089,-0.1281,0.9297%,0.9682%,7.8018%,-0.006415,WPC,85763.0,2019-03-04,252.0,0.0408%,0.0009,0.2181,0.0047,-0.1281,0.9296%,0.9682%,7.8224%,0.001982,WPC,85763.0,2019-03-05,252.0,0.8289%,0.001,0.217,0.001,-0.1316,0.9307%,0.9692%,7.7864%,0.008277,WPC,85763.0,2019-03-06,252.0,0.3774%,0.0009,0.211,-0.005,-0.1392,0.9299%,0.9675%,7.6181%,0.005572,WPC,85763.0,2019-03-07,252.0,-0.0134%,0.0009,0.2106,-0.007,-0.1403,0.9298%,0.9674%,7.6182%,0.001043,WPC,85763.0,2019-03-08,252.0,1.0205%,0.001,0.2096,-0.0117,-0.1416,0.9313%,0.9686%,7.5526%,0.0103439999999999,WPC,-0.007244,-0.009052,-0.016696,-0.017912,0.009306
14555,W P CAREY INC,W P Carey Sees FY19 Adj. FFO $4.95-$5.15,6,increase,0.7,0.6,"the forecasted adjusted ffo range suggests positive financial performance, which is likely to boost investor confidence and increase the stock price.",2,2019-02-22,WPC,2019-02-22 12:47:00+00:00,85763.0,92936U10,0.0047042802907526,955902.0,-0.0077592218294739,0.0029657753184437,-0.0017526932060718,-0.0134326657280325,-0.0071582761593163,-0.0001329056831309,0.0048973010852932,0.0007984769763424,-0.0041966317221522,0.0017330655828118,0.0004078137571923,-0.0043800664134323,0.0082891788333654,-0.0038344694767147,0.0037736713420599,0.0018545422935858,-0.0001342929026577,0.0045242360793054,0.0102054802700877,0.0111679472029209,0.0071778977289795,-0.0086701549589633,0.0133298430591821,0.0036145150661468,-0.0006511516403406,0.0033579585142433,0.003518788376823,-0.0058753164485096,0.0018181739142164,0.0101159969344735,-0.0060928342863917,0.0089819813147187,-0.0011738142929971,0.0135172875598073,0.0035256808623671,0.0100306663662195,0.0137931713834404,0.0154193844646215,-0.0017970352200791,0.0082727400586009,0.0020573958754539,0.0028607773128896,0.0121903885155916,0.000859057821799,-0.0027889655902981,0.0024396982043981,0.0087973037734627,0.0002870605967473,0.0001277085830224,0.0051948139443993,-0.00523431180045,0.0146412877365946,0.008341908454895,-0.007555894088,0.0025454619899392,-0.0041962219402194,-0.0076170940883457,0.0120076099410653,0.0016631046310067,0.0024955689441412,-0.0051085762679576,0.0228228867053985,-0.0047497143968939,0.0097028408199548,0.0107055567204952,0.016019731760025,0.0063808066770434,0.0121608795598149,0.0064671840518713,-0.0183654278516769,-0.0016379599692299,0.0023008727002888,-0.0265017487108707,-0.0025605810806155,-0.0152968671172857,0.0025671725161373,0.0098736174404621,0.0211257170885801,-0.0049536861479282,-0.0519006289541721,0.0115288514643907,0.0058823754079639,0.0119155310094356,-0.0114842401817441,0.0001280191499972,-0.0057812039740383,0.0097261602059006,0.0100730285048484,-0.0114068631082773,-0.0294701308012008,0.0169230736792087,0.0007089614518918,-0.0017649948131293,0.0180427245795726,0.0013892473652958,-0.0174443814903497,-0.0007566850399598,0.0061358488164842,-0.0046699829399585,0.0064627975225448,-0.0147096579894423,-0.0052857534028589,-0.0007721693837083,0.0242903679609298,0.0047656199894845,-0.0056744799949228,0.0143570704385638,0.0144649939611554,0.0039176694117486,-0.0005900710239075,0.0040281931869685,-0.0022078529000282,0.0026328871026635,0.0074139973148703,0.0097536426037549,0.000148333623656,-0.0002476364606991,-0.0147574823349714,-0.0068128705024719,0.0033719888888299,-0.0077592218294739,0.0029657753184437,-0.0094983155001608,-0.0105067286780659,-0.0165886000940786,-0.0106382379572443,-0.0159197650921743,-0.0081322574585984,0.0064214498072112,0.0010764507785441,0.0612941741475168,0.0921902303262411,0.0867760376543731,0.1079829922222836,2019-02-25,2019-02-26,2019-02-27,2019-02-28,2019-03-01,2019-03-04,2019-03-05,2019-03-06,2019-03-07,2019-03-08,85763.0,2019-02-22,252.0,0.4704%,0.001,0.2316,0.006,-0.1273,0.9304%,0.9735%,8.6606%,0.001176,WPC,85763.0,2019-02-25,252.0,-0.7759%,0.001,0.2324,0.0115,-0.1215,0.9314%,0.9742%,8.5898%,-0.00842,WPC,85763.0,2019-02-26,252.0,-0.1753%,0.0009,0.2292,0.0184,-0.1204,0.9307%,0.9724%,8.3810%,-0.001808,WPC,85763.0,2019-02-27,252.0,-0.7158%,0.0009,0.2279,0.0181,-0.1206,0.9322%,0.9733%,8.2681%,-0.007644,WPC,85763.0,2019-02-28,252.0,0.4897%,0.001,0.2197,0.0126,-0.1276,0.9286%,0.9679%,7.9646%,0.005199,WPC,85763.0,2019-03-01,252.0,-0.4197%,0.0009,0.2172,0.0089,-0.1281,0.9297%,0.9682%,7.8018%,-0.006415,WPC,85763.0,2019-03-04,252.0,0.0408%,0.0009,0.2181,0.0047,-0.1281,0.9296%,0.9682%,7.8224%,0.001982,WPC,85763.0,2019-03-05,252.0,0.8289%,0.001,0.217,0.001,-0.1316,0.9307%,0.9692%,7.7864%,0.008277,WPC,85763.0,2019-03-06,252.0,0.3774%,0.0009,0.211,-0.005,-0.1392,0.9299%,0.9675%,7.6181%,0.005572,WPC,85763.0,2019-03-07,252.0,-0.0134%,0.0009,0.2106,-0.007,-0.1403,0.9298%,0.9674%,7.6182%,0.001043,WPC,85763.0,2019-03-08,252.0,1.0205%,0.001,0.2096,-0.0117,-0.1416,0.9313%,0.9686%,7.5526%,0.0103439999999999,WPC,-0.007244,-0.009052,-0.016696,-0.017912,0.009306
14563,W P CAREY INC,"W P Carey Q4 EPS $1.33 Up From $1.31 YoY, Adj. FFO $1.33",6,increase,0.7,0.6,"the slight increase in eps and the alignment of adjusted ffo with eps suggests positive financial performance, which could lead to an increase in stock price.",2,2019-02-22,WPC,2019-02-22 12:47:00+00:00,85763.0,92936U10,0.0047042802907526,955902.0,-0.0077592218294739,0.0029657753184437,-0.0017526932060718,-0.0134326657280325,-0.0071582761593163,-0.0001329056831309,0.0048973010852932,0.0007984769763424,-0.0041966317221522,0.0017330655828118,0.0004078137571923,-0.0043800664134323,0.0082891788333654,-0.0038344694767147,0.0037736713420599,0.0018545422935858,-0.0001342929026577,0.0045242360793054,0.0102054802700877,0.0111679472029209,0.0071778977289795,-0.0086701549589633,0.0133298430591821,0.0036145150661468,-0.0006511516403406,0.0033579585142433,0.003518788376823,-0.0058753164485096,0.0018181739142164,0.0101159969344735,-0.0060928342863917,0.0089819813147187,-0.0011738142929971,0.0135172875598073,0.0035256808623671,0.0100306663662195,0.0137931713834404,0.0154193844646215,-0.0017970352200791,0.0082727400586009,0.0020573958754539,0.0028607773128896,0.0121903885155916,0.000859057821799,-0.0027889655902981,0.0024396982043981,0.0087973037734627,0.0002870605967473,0.0001277085830224,0.0051948139443993,-0.00523431180045,0.0146412877365946,0.008341908454895,-0.007555894088,0.0025454619899392,-0.0041962219402194,-0.0076170940883457,0.0120076099410653,0.0016631046310067,0.0024955689441412,-0.0051085762679576,0.0228228867053985,-0.0047497143968939,0.0097028408199548,0.0107055567204952,0.016019731760025,0.0063808066770434,0.0121608795598149,0.0064671840518713,-0.0183654278516769,-0.0016379599692299,0.0023008727002888,-0.0265017487108707,-0.0025605810806155,-0.0152968671172857,0.0025671725161373,0.0098736174404621,0.0211257170885801,-0.0049536861479282,-0.0519006289541721,0.0115288514643907,0.0058823754079639,0.0119155310094356,-0.0114842401817441,0.0001280191499972,-0.0057812039740383,0.0097261602059006,0.0100730285048484,-0.0114068631082773,-0.0294701308012008,0.0169230736792087,0.0007089614518918,-0.0017649948131293,0.0180427245795726,0.0013892473652958,-0.0174443814903497,-0.0007566850399598,0.0061358488164842,-0.0046699829399585,0.0064627975225448,-0.0147096579894423,-0.0052857534028589,-0.0007721693837083,0.0242903679609298,0.0047656199894845,-0.0056744799949228,0.0143570704385638,0.0144649939611554,0.0039176694117486,-0.0005900710239075,0.0040281931869685,-0.0022078529000282,0.0026328871026635,0.0074139973148703,0.0097536426037549,0.000148333623656,-0.0002476364606991,-0.0147574823349714,-0.0068128705024719,0.0033719888888299,-0.0077592218294739,0.0029657753184437,-0.0094983155001608,-0.0105067286780659,-0.0165886000940786,-0.0106382379572443,-0.0159197650921743,-0.0081322574585984,0.0064214498072112,0.0010764507785441,0.0612941741475168,0.0921902303262411,0.0867760376543731,0.1079829922222836,2019-02-25,2019-02-26,2019-02-27,2019-02-28,2019-03-01,2019-03-04,2019-03-05,2019-03-06,2019-03-07,2019-03-08,85763.0,2019-02-22,252.0,0.4704%,0.001,0.2316,0.006,-0.1273,0.9304%,0.9735%,8.6606%,0.001176,WPC,85763.0,2019-02-25,252.0,-0.7759%,0.001,0.2324,0.0115,-0.1215,0.9314%,0.9742%,8.5898%,-0.00842,WPC,85763.0,2019-02-26,252.0,-0.1753%,0.0009,0.2292,0.0184,-0.1204,0.9307%,0.9724%,8.3810%,-0.001808,WPC,85763.0,2019-02-27,252.0,-0.7158%,0.0009,0.2279,0.0181,-0.1206,0.9322%,0.9733%,8.2681%,-0.007644,WPC,85763.0,2019-02-28,252.0,0.4897%,0.001,0.2197,0.0126,-0.1276,0.9286%,0.9679%,7.9646%,0.005199,WPC,85763.0,2019-03-01,252.0,-0.4197%,0.0009,0.2172,0.0089,-0.1281,0.9297%,0.9682%,7.8018%,-0.006415,WPC,85763.0,2019-03-04,252.0,0.0408%,0.0009,0.2181,0.0047,-0.1281,0.9296%,0.9682%,7.8224%,0.001982,WPC,85763.0,2019-03-05,252.0,0.8289%,0.001,0.217,0.001,-0.1316,0.9307%,0.9692%,7.7864%,0.008277,WPC,85763.0,2019-03-06,252.0,0.3774%,0.0009,0.211,-0.005,-0.1392,0.9299%,0.9675%,7.6181%,0.005572,WPC,85763.0,2019-03-07,252.0,-0.0134%,0.0009,0.2106,-0.007,-0.1403,0.9298%,0.9674%,7.6182%,0.001043,WPC,85763.0,2019-03-08,252.0,1.0205%,0.001,0.2096,-0.0117,-0.1416,0.9313%,0.9686%,7.5526%,0.0103439999999999,WPC,-0.007244,-0.009052,-0.016696,-0.017912,0.009306
14571,SELECT SECTOR SPDR TRUST,Fed Report Shows Vulnerabilities From Financial Sector Leverage Remain Low,6,increase,0.7,0.6,"the report indicating low vulnerabilities from financial sector leverage suggests a stable financial environment, which is likely to boost investor confidence in financial sector investments, including the select sector spdr trust.",2,2019-02-22,XLF,2019-02-22 16:04:00+00:00,86455.0,81369Y60,-0.0015094685368239,26343683.0,0.0041572414338588,-0.0052552325651049,-0.0030109116341918,0.0064223678782582,0.0037750238552689,0.0015133941778913,-0.0026325571816414,0.0212519764900207,0.0064102592878043,-0.0122138010337948,-0.0063694296404719,0.0026789745315909,-0.003770753275603,0.0147572485730052,-0.0064345221035182,0.00311647541821,-0.0102857314050197,-0.0050387275405228,-0.0003849202767014,-0.0099769849330186,0.0103966295719146,-0.0011498921085149,0.0022865650244057,-0.0026758292224258,0.0068441182374954,0.004222672432661,0.0037764494773,0.0042405049316585,0.0069472244940698,-0.001539607765153,0.0101389586925506,0.0058071860112249,-0.0078066573478281,-0.0034722280688583,-0.0206070113927125,-0.0030769200529903,-0.0030604409985244,0.0081426547840237,-0.0276285242289304,0.0023319616448134,-0.0043409871868789,0.0011672676773741,0.0118906516581773,-0.0115384319797158,-0.0043086800724267,0.0172144193202257,0.0086545757949352,0.0055074505507946,0.0027300973888486,0.0212937202304601,0.0245041269809007,0.0089176855981349,-0.0007593188202008,0.0069387787953019,0.0030395109206438,0.002454969799146,0.0060606002807617,0.0004093421448487,0.0015060586156323,0.0049362750723958,0.001127773663029,0.0008233243715949,-0.0082613341510295,0.0012366317678242,0.0030291527509689,0.0332197919487953,0.0060400092042982,-0.0224813036620616,0.0183864831924438,0.0083963377401232,-0.0062638199888169,0.0097498744726181,0.0140897696837782,-0.0004237385001033,0.0025594038888812,0.0120068909600377,-0.0029175756499171,0.0452711917459964,-0.0029261128511279,-0.0210619326680898,0.0062362463213503,-0.0198740046471357,-0.0010937181068584,-0.0088945776224136,0.001824859296903,-0.0125470198690891,0.0091074677184224,-0.0037500064354389,0.010108258575201,-0.0099009806290268,0.0014296253211796,-0.009803912602365,-0.0082084061577916,-0.0072992825880646,0.0010794810950756,0.0057095997035503,0.0089863408356904,-0.0096930442377924,-0.006768811494112,-0.0139386849477887,-0.016499251127243,-0.0191406160593032,-0.0021881642751395,-0.0138674387708306,-0.0021930325310677,-0.0434782728552818,0.0065934178419411,0.0063033029437065,-0.0291120540350675,0.0052180169150233,0.0078710298985242,-0.0084996139630675,-0.0037187978159636,0.019209049642086,0.0100783333182334,0.0007538088830187,-0.0066518960520625,0.0203846413642168,0.0011160969734191,-0.0080121746286749,0.0041572414338588,-0.0052552325651049,0.0011338127130675,0.0011333842763343,0.0049131167383758,0.0026484937113908,0.0086924208511818,0.0114503518433914,-0.0185185102300219,0.0168841337080269,0.0103744374985164,0.0900864078210508,0.0221494565092092,0.0174950004309411,2019-02-25,2019-02-26,2019-02-27,2019-02-28,2019-03-01,2019-03-04,2019-03-05,2019-03-06,2019-03-07,2019-03-08,86455.0,2019-02-22,252.0,-0.1509%,-0.0001,1.14,-0.1466,0.8925,0.3646%,1.1711%,90.3106%,0.0050329999999999,XLF,86455.0,2019-02-25,252.0,0.4157%,-0.0,1.1394,-0.1489,0.8892,0.3641%,1.1703%,90.3238%,0.003573,XLF,86455.0,2019-02-26,252.0,-0.3011%,-0.0,1.1404,-0.1508,0.8889,0.3639%,1.1665%,90.2690%,0.000694,XLF,86455.0,2019-02-27,252.0,0.3775%,-0.0,1.1395,-0.1481,0.8888,0.3645%,1.1628%,90.1720%,0.004002,XLF,86455.0,2019-02-28,252.0,-0.2633%,-0.0,1.1411,-0.1469,0.8893,0.3641%,1.1614%,90.1732%,0.003052,XLF,86455.0,2019-03-01,252.0,0.6410%,-0.0,1.1421,-0.1455,0.8897,0.3643%,1.1589%,90.1193%,0.002087,XLF,86455.0,2019-03-04,252.0,-0.6369%,-0.0,1.1416,-0.1399,0.8889,0.3652%,1.1545%,89.9962%,-0.004573,XLF,86455.0,2019-03-05,252.0,-0.3771%,-0.0,1.1415,-0.1406,0.8889,0.3652%,1.1546%,89.9985%,-0.0002199999999999,XLF,86455.0,2019-03-06,252.0,-0.6435%,-0.0,1.1415,-0.1429,0.8886,0.3652%,1.1518%,89.9476%,0.000937,XLF,86455.0,2019-03-07,252.0,-1.0286%,-0.0,1.1407,-0.1433,0.8873,0.3654%,1.1532%,89.9620%,0.001817,XLF,86455.0,2019-03-08,252.0,-0.0385%,-0.0,1.1404,-0.1462,0.887,0.3657%,1.1531%,89.9439%,0.0036149999999999,XLF,0.0086059999999999,0.0093,0.013302,0.018441,0.020017
14579,SELECT SECTOR SPDR TRUST,WSJ Article Details Facebook's Collection Of Data From App Users,6,uncertain,0.5,0.5,"the news about facebook's data collection may have mixed implications for the market, affecting investor sentiment towards tech stocks but not directly impacting the select sector spdr trust.",1,2019-02-22,XLK,2019-02-22 16:18:00+00:00,86457.0,81369Y80,0.0127598475664854,12246686.0,0.0048131933435797,0.0004302750749047,0.0021131853573024,0.001148791401647,-0.000984109356068,0.0002872255281545,-0.0028144801035523,0.0079629803076386,0.006773860193789,0.0017404315294697,-0.0037846460472792,0.0013069465057924,-0.0029548204038292,0.013243107125163,-0.0052216025069355,-0.0004412234120536,-0.0095048686489462,0.0057692220434546,-0.0001432560384273,-0.0137146543711423,0.0214868932962417,0.0033670526463538,0.005889858584851,0.0084145218133926,0.0065522594377398,0.0160491932183504,0.0020775834564119,0.0058841188438236,0.0120716020464897,-0.0010550067527219,0.0042472281493246,0.0310800317674875,0.0020463012624531,-0.010761022567749,-0.0027228994295001,-0.0133474478498101,0.0251194033771753,0.0141516402363777,-0.0235716700553894,0.0083760032430291,-0.0043644257821142,0.0034241434186697,0.0054794731549918,-0.0168324168771505,-0.0057220458984375,0.0152244167402386,0.004110652487725,0.0064103137701749,0.009825344197452,0.000938928918913,0.0136486776173114,0.0150913540273904,0.0034661311656236,-0.0092854918912053,0.0081041669473052,-0.001884997356683,-0.0042171813547611,0.0044177779927849,0.0047644339501857,0.0129455234855413,0.0038198225665837,0.0083803460001945,-0.0047237975522875,0.0089430771768093,0.0069874594919383,0.0443199276924133,-0.0013092233566567,-0.0504676066339016,0.0069480701349675,0.0006453842506743,-0.0003905582707375,0.0094462214037776,0.0050794398412108,-0.00227493327111,0.0055721173994243,0.0072013493627309,0.0028350672218948,0.0603956878185272,0.0023130339104682,-0.0266892202198505,0.0108974166214466,-0.0302495919167995,0.0003804537700489,-0.0179372038692235,-0.0002535071398597,-0.0197802539914846,-0.0038042487576603,0.0079113924875855,0.0002546368632465,-0.0212172679603099,0.0016543299425393,-0.02447503618896,-0.0025409343652427,0.0016646580770611,-0.0052223112434148,0.0077779800631105,0.0094750048592686,0.0012215885799378,-0.0077371005900204,0.0137770809233188,-0.0214751400053501,-0.0352449305355548,-0.001175753888674,0.0022451959084719,-0.0068008978851139,-0.0378744937479496,0.0031603614334017,0.0220783036202192,-0.0376739650964736,0.0095096491277217,0.0160960350185632,-0.009711536578834,0.0108740124851465,0.035028863698244,0.0091632772237062,0.001983898691833,-0.0080273803323507,0.0226279161870479,-0.0173785835504531,-0.0091231847181916,0.0048131933435797,0.0004302750749047,0.0069365498705777,0.0015795607728581,0.0059456141908833,0.0018672399911898,0.0099093569803232,0.0116026553270476,-0.0117497426549822,0.0176539118620984,0.0781816006454767,0.1147514863963061,0.0519087563333375,0.0833823731965177,2019-02-25,2019-02-26,2019-02-27,2019-02-28,2019-03-01,2019-03-04,2019-03-05,2019-03-06,2019-03-07,2019-03-08,86457.0,2019-02-22,252.0,1.2760%,-0.0001,1.1756,-0.2236,-0.5701,0.3837%,1.4642%,93.1313%,-0.002176,XLK,86457.0,2019-02-25,252.0,0.4813%,-0.0001,1.1755,-0.2244,-0.571,0.3838%,1.4645%,93.1318%,0.001342,XLK,86457.0,2019-02-26,252.0,0.2113%,-0.0001,1.1746,-0.2246,-0.5718,0.3837%,1.4587%,93.0794%,0.0005729999999999,XLK,86457.0,2019-02-27,252.0,-0.0984%,-0.0001,1.1741,-0.2243,-0.5719,0.3840%,1.4555%,93.0413%,-0.002401,XLK,86457.0,2019-02-28,252.0,-0.2814%,-0.0002,1.1766,-0.2226,-0.5699,0.3829%,1.4542%,93.0652%,-0.00066,XLK,86457.0,2019-03-01,252.0,0.6774%,-0.0002,1.1779,-0.2206,-0.5663,0.3829%,1.4540%,93.0648%,-0.003422,XLK,86457.0,2019-03-04,252.0,-0.3785%,-0.0002,1.1773,-0.222,-0.5654,0.3836%,1.4503%,93.0030%,0.003577,XLK,86457.0,2019-03-05,252.0,-0.2955%,-0.0002,1.1775,-0.2224,-0.5642,0.3840%,1.4493%,92.9803%,-0.003089,XLK,86457.0,2019-03-06,252.0,-0.5222%,-0.0002,1.1775,-0.2277,-0.5649,0.3841%,1.4484%,92.9682%,0.002003,XLK,86457.0,2019-03-07,252.0,-0.9505%,-0.0002,1.1783,-0.2275,-0.5639,0.3842%,1.4496%,92.9746%,-0.001963,XLK,86457.0,2019-03-08,252.0,-0.0143%,-0.0002,1.1784,-0.2324,-0.5635,0.3834%,1.4492%,93.0022%,0.001514,XLK,-0.0008339999999999,-0.0002609999999999,-0.002662,-0.006744,-0.004702
14587,XENCOR INC,Nomura Downgrades Xencor to Reduce,6,decrease,0.8,0.7,"a downgrade from a financial institution like nomura typically signals a negative outlook, which can lead to a decrease in stock price.",0,2019-02-22,XNCR,2019-02-22 11:54:00+00:00,14359.0,98401F10,-0.0192248318344354,712338.0,0.0177046936005353,-0.043594341725111,-0.0475302524864673,-0.0654102116823196,0.0264187697321176,-0.0104223052039742,-0.0359071865677833,0.0396349988877773,0.0346077531576156,-0.0190209876745939,-0.0079643195495009,-0.015422785654664,-0.0234425030648708,0.0142458695918321,-0.0299243628978729,-0.0066593140363693,-0.0135593088343739,0.0083939349278807,0.0013745363103225,-0.0499733462929725,0.0161290746182203,0.0295565947890281,-0.0016886573284864,0.0027443000581115,-0.0094722183421254,-0.0111261839047074,-0.0488388054072856,0.0207756236195564,0.0764811187982559,0.1036380156874657,0.0146764693781733,0.0030664971563965,-0.0049309539608657,0.0021511891391128,0.0677237957715988,-0.0130421686917543,-0.0068069687113165,0.0271028913557529,-0.0672896578907966,-0.0055762180127203,0.0297260973602533,-0.0179495029151439,0.0230295490473508,-0.0228894315659999,0.0155357597395777,-0.0249275546520948,0.0106150535866618,-0.0020248682703822,-0.0404695570468902,0.0023194553796201,0.0444301106035709,-0.0054786223918199,-0.0003082096809521,-0.0764314010739326,0.0144927911460399,-0.0094961915165185,-0.0212766174226999,-0.0026308465749025,0.0478261150419712,0.0,-0.0231180358678102,-0.002100336831063,-0.0488470494747161,0.0412793383002281,0.008612454868853,0.0493402518332004,-0.0205566566437482,-0.0259849205613136,0.0041976450011134,-0.0102322716265916,0.0482314489781856,0.0414746142923831,-0.0177913513034582,0.0057937647216022,-0.029981292784214,0.014101043343544,0.0096587622538208,0.0509416982531547,0.0194514896720647,-0.0021564909256994,0.0200188085436821,-0.0130738923326134,-0.0239190645515918,0.0,-0.0216776803135871,-0.0383041314780712,0.0131663409993052,-0.03061218932271,-0.0123613122850656,-0.0232558194547891,-0.0144416159018874,-0.0474683381617069,-0.0244220122694969,-0.0070699257776141,0.0330441147089004,0.0175859276205301,0.0565428100526332,0.000266479793936,0.0143730090931057,-0.0018621892668306,0.0114561682567,-0.0228749942034483,-0.040238406509161,-0.0238517802208662,0.0034161680378019,-0.0627823919057846,0.1030640006065369,0.0009521760512143,-0.0886644199490547,0.0125330593436956,0.0400246083736419,0.0094891292974352,0.0301953963935375,0.0524967797100544,-0.0166666097939014,0.0023100655525922,0.0014611114747822,0.047311782836914,-0.0426028333604335,-0.0287205874919891,0.0177046936005353,-0.043594341725111,-0.0306670674429609,-0.1061530382870397,-0.0050584839039782,-0.1154689841276572,-0.0075877251892115,-0.0979020969728257,-0.0787227253300232,-0.1427431961192773,0.0667089119701849,-0.1515390341683115,0.0373064335493926,-0.1579634369719132,2019-02-25,2019-02-26,2019-02-27,2019-02-28,2019-03-01,2019-03-04,2019-03-05,2019-03-06,2019-03-07,2019-03-08,14359.0,2019-02-22,252.0,-1.9225%,0.0006,1.3194,0.8548,-0.7517,2.6746%,3.2014%,30.2017%,-0.044632,XNCR,14359.0,2019-02-25,252.0,1.7705%,0.0005,1.3247,0.8522,-0.7335,2.6608%,3.1882%,30.3494%,0.016495,XNCR,14359.0,2019-02-26,252.0,-4.7530%,0.0002,1.3162,0.92,-0.7053,2.6681%,3.1896%,30.0266%,-0.042477,XNCR,14359.0,2019-02-27,252.0,2.6419%,0.0001,1.2959,0.9626,-0.7086,2.6553%,3.1736%,29.9927%,0.02254,XNCR,14359.0,2019-02-28,252.0,-3.5907%,-0.0001,1.316,0.9753,-0.6861,2.6595%,3.1818%,30.1365%,-0.033954,XNCR,14359.0,2019-03-01,252.0,3.4608%,-0.0002,1.3556,1.0343,-0.6338,2.6365%,3.1785%,31.1972%,0.01947,XNCR,14359.0,2019-03-04,252.0,-0.7964%,-0.0,1.3346,1.0989,-0.6272,2.6223%,3.1635%,31.2891%,0.005604,XNCR,14359.0,2019-03-05,252.0,-2.3443%,-0.0001,1.3407,1.1339,-0.6157,2.6238%,3.1664%,31.3321%,-0.019363,XNCR,14359.0,2019-03-06,252.0,-2.9924%,-0.0,1.346,1.1394,-0.609,2.6236%,3.1722%,31.5956%,-0.004219,XNCR,14359.0,2019-03-07,252.0,-1.3559%,-0.0003,1.3317,1.0613,-0.6501,2.5907%,3.1361%,31.7572%,-0.003824,XNCR,14359.0,2019-03-08,252.0,0.1375%,-0.0003,1.3313,1.0613,-0.6508,2.5907%,3.1352%,31.7174%,0.0025779999999999,XNCR,-0.028137,-0.070614,-0.0480739999999999,-0.0625579999999999,-0.081782
14595,EXXON MOBIL CORP,ExxonMobil Announces Partnership With Microsoft For Its Permian Basin Operations,6,increase,0.8,0.6,"the partnership with microsoft is likely to enhance operational efficiency and technological innovation in exxonmobil's permian basin operations, which could positively impact investor sentiment and stock price.",2,2019-02-22,XOM,2019-02-22 14:15:00+00:00,11850.0,30231G10,0.0077100805938243,9519281.0,0.0010201713303104,-0.0090411193668842,0.0020382632501423,0.0038347872905433,0.0102974511682987,0.0066916006617248,-0.0055367113091051,0.0188803263008594,0.0122738359495997,0.0002622510655783,0.0038749694358557,0.0112731894478201,-0.0014941492117941,0.017543900758028,-0.0113480938598513,0.0016219939570873,0.0110999606549739,0.0016068966360762,-0.0143463257700204,-0.0077066412195563,0.0097455587238073,-0.0043655801564455,0.0027575986459851,0.0102913212031126,0.0088749881833791,-0.0144889159128069,-0.0033452687785029,0.036026194691658,-0.0036051827482879,0.013694810681045,0.0116032473742961,0.0109075475484132,-0.0025900232139974,0.0037900656461715,0.0055644484236836,-0.0066927406005561,0.0057796509936451,0.0044817882589995,-0.016016598790884,0.001402503112331,-0.0069583146832883,-0.0082069318741559,0.0130130248144269,-0.0150705371052026,-0.0076581370085477,0.0119229257106781,0.0049788593314588,0.0068397247232496,0.0007431903504766,-0.000418568146415,0.0115099046379327,0.000558438070584,-0.0042824675329029,-0.0012549353996291,-0.0058982027694582,-0.0045801778323948,0.0142150986939668,-0.0051090186461806,0.0053625204600393,0.0052748089656233,0.0061825937591493,0.0072707533836364,-0.0128915626555681,0.0052002123557031,-0.0045160837471485,0.0368696972727775,0.0047817486338317,-0.0153537048026919,-0.012568624690175,0.0219973586499691,-0.0033365874551236,0.0002934468793682,0.0068195341154932,-0.0111691942438483,0.0028325538150966,0.0043706740252673,-0.0036841833498328,0.0477789230644702,0.0218168906867504,-0.0383147448301315,0.0057900571264326,-0.0074310726486146,-0.0194290615618228,-0.0303758345544338,0.0056262118741869,-0.0169444605708122,-0.0210411492735147,-0.0275526866316795,-0.0064603881910443,-0.0203757733106613,0.003876422997564,-0.0181865617632865,-0.0200548153370618,0.0126283448189497,-0.0175415948033332,-0.0086072469130158,0.0023288950324058,0.0018291010055691,-0.0043888469226658,-0.0141679346561431,-0.0053156493231654,-0.0095675466582179,0.0015640655765309,-0.0130933010950684,-0.0009109799284487,-0.0220389179885387,0.008597120642662,0.0216352362185716,-0.0111023839563131,0.0055654244497418,0.0013208093587309,0.007775661535561,0.0073869568295776,0.0181699395179748,-0.0001309694343945,0.0009093231055885,-0.0058930977247655,0.0197377875447273,-0.0001317630812991,-0.0266890116035938,0.0010201713303104,-0.0090411193668842,0.003060513958184,-0.0052410028459812,0.0133894806195171,0.0014155271176312,0.0201479452687745,0.0205901597159441,0.0075236412538433,0.0454764846943989,0.0519000210887403,0.0922065738970052,-0.0211361457657394,0.0144735066587435,2019-02-25,2019-02-26,2019-02-27,2019-02-28,2019-03-01,2019-03-04,2019-03-05,2019-03-06,2019-03-07,2019-03-08,11850.0,2019-02-22,252.0,0.7710%,0.0004,0.9683,-0.0497,0.5505,0.9365%,1.3272%,50.2109%,0.009882,XOM,11850.0,2019-02-25,252.0,0.1020%,0.0004,0.9701,-0.0479,0.5578,0.9319%,1.3249%,50.5219%,0.000329,XOM,11850.0,2019-02-26,252.0,0.2038%,0.0004,0.9647,-0.0492,0.5531,0.9312%,1.3178%,50.0652%,0.005024,XOM,11850.0,2019-02-27,252.0,1.0297%,0.0004,0.9624,-0.0422,0.5528,0.9325%,1.3151%,49.7234%,0.010086,XOM,11850.0,2019-02-28,252.0,-0.5537%,0.0004,0.9596,-0.0441,0.5512,0.9319%,1.3111%,49.4840%,-0.001263,XOM,11850.0,2019-03-01,252.0,1.2274%,0.0005,0.9544,-0.0518,0.5398,0.9303%,1.3052%,49.1883%,0.007607,XOM,11850.0,2019-03-04,252.0,0.3875%,0.0005,0.9558,-0.0615,0.5407,0.9307%,1.3045%,49.0957%,0.006436,XOM,11850.0,2019-03-05,252.0,-0.1494%,0.0005,0.9555,-0.0634,0.5403,0.9307%,1.3042%,49.0802%,0.001148,XOM,11850.0,2019-03-06,252.0,-1.1348%,0.0005,0.9589,-0.0545,0.5453,0.9310%,1.3051%,49.1086%,-0.0044269999999999,XOM,11850.0,2019-03-07,252.0,1.1100%,0.0006,0.951,-0.0537,0.535,0.9390%,1.3068%,48.3717%,0.020634,XOM,11850.0,2019-03-08,252.0,-1.4346%,0.0006,0.951,-0.0278,0.5337,0.9301%,1.3001%,48.8179%,-0.011408,XOM,0.010211,0.0152349999999999,0.0253209999999999,0.031665,0.044048
14603,AAON INC,"AAON Q4 EPS $0.24 Misses $0.28 Estimate, Sales $112.3M Beat $108.61M Estimate",6,uncertain,0.6,0.3,"while aaon's sales beat expectations, the earnings miss could lead to mixed reactions from investors, making the overall impact on the stock price uncertain.",1,2019-02-28,AAON,2019-02-28 11:25:00+00:00,76868.0,00036020,-0.0409047342836856,183165.0,0.0351228713989257,-0.0045508653856813,0.0126030165702104,-0.0125354491174221,0.0143609931692481,0.0023707556538283,0.0009437730186618,0.0188405495136976,-0.01131540723145,0.012968011200428,-0.0083452193066477,0.0123854354023933,-0.0052897622808814,0.0230613239109516,0.0048344396054744,0.026001039892435,0.008900623768568,-0.0171224623918533,-0.017882689833641,0.0243455581367015,0.0179655663669109,0.0039422214031219,0.0207488406449556,0.0063474704511463,0.0016355068655684,0.0142168086022138,-0.0011662989854812,-0.0024083531461656,0.0340961962938308,0.000803395290859,-0.0429087132215499,-0.0084970714524388,0.0188768096268177,0.0306513104587793,0.0083372071385383,-0.0108283087611198,0.0319246537983417,0.0201601646840572,0.0198085773736238,0.0063924277201294,0.0078568439930677,0.010674187913537,0.006279794499278,-0.0030803869012743,-0.0245319418609142,-0.0293558519333601,0.0103683518245816,0.0146167296916246,0.0008733824361115,-0.037685826420784,0.0032722845207899,0.0005310795968398,-0.0056534493342041,0.0233695823699235,-0.020555404946208,0.0282201264053583,0.0020093803759664,0.0101608978584408,0.0053475457243621,-0.0053340434096753,0.0252659451216459,-0.0058610909618437,0.0289667136967182,-0.0104942629113793,0.0168067868798971,-0.0016542975790798,-0.0194215383380651,-0.0016515654278919,0.0027391712646931,0.0049792611971497,0.004202579613775,0.0151643054559826,0.0217618942260742,0.054486233741045,0.0071676932275295,-0.037068698555231,-0.0097600556910038,0.0002851774333976,0.0221765507012605,0.0060259085148572,0.0062274280935525,0.0301506537944078,0.0023956664372235,0.0128742596134543,-0.0067715626209974,0.0302283596247434,-0.0070182168856263,-0.0106805702671408,0.0462439581751823,-0.0333333648741245,-0.0474812351167202,0.0065321028232574,-0.0399188958108425,-0.0274328831583261,-0.0006332332850433,0.0102101024240255,0.0025343769229948,-0.0288951974362134,0.0195913258939981,-0.0142418909817934,-0.0380165316164493,-0.0030622717458754,0.0002147405757568,0.0135440053418278,0.0015031070215627,0.0108384834602475,-0.0070754294283688,-0.0019925902597606,-0.0086374757811427,-0.0154147762805223,0.0180788896977901,-0.0168090555816888,0.0252459663897752,-0.0644496008753776,-0.0323455594480037,0.0221343915909528,-0.0071166274137794,-0.0028901894111186,0.0132493609562516,-0.0070441025309264,0.0351228713989257,-0.0045508653856813,0.0481685420993702,-0.017029267361621,0.0632212833726801,-0.0146988839396707,0.0521825868070326,0.016882859592507,0.0333667316706061,0.0879581298406839,0.1319618174618264,0.1667603233627621,0.1703462249062026,0.0842681796261082,2019-03-01,2019-03-04,2019-03-05,2019-03-06,2019-03-07,2019-03-08,2019-03-11,2019-03-12,2019-03-13,2019-03-14,76868.0,2019-02-28,252.0,-4.0905%,0.0003,1.0961,1.0723,0.5949,1.6520%,2.0279%,33.6363%,-0.036638,AAON,76868.0,2019-03-01,252.0,3.5123%,0.0005,1.0827,1.0524,0.5621,1.6484%,2.0154%,33.1021%,0.0264109999999999,AAON,76868.0,2019-03-04,252.0,1.2603%,0.0007,1.0646,1.0949,0.5708,1.6391%,2.0038%,33.0855%,0.020161,AAON,76868.0,2019-03-05,252.0,1.4361%,0.0009,1.0657,1.1169,0.5642,1.6392%,2.0055%,33.1925%,0.020845,AAON,76868.0,2019-03-06,252.0,0.0944%,0.001,1.0613,1.0658,0.5522,1.6443%,2.0055%,32.7806%,0.023653,AAON,76868.0,2019-03-07,252.0,-1.1315%,0.001,1.0611,1.0628,0.5511,1.6442%,2.0049%,32.7434%,-0.000135,AAON,76868.0,2019-03-08,252.0,-0.8345%,0.0009,1.0623,1.0585,0.5532,1.6446%,2.0046%,32.6983%,-0.005695,AAON,76868.0,2019-03-11,252.0,-0.5290%,0.0008,1.0503,1.0503,0.5547,1.6508%,2.0050%,32.2071%,-0.022142,AAON,76868.0,2019-03-12,252.0,0.4834%,0.0007,1.0305,1.0525,0.5329,1.6442%,1.9887%,31.6423%,0.005503,AAON,76868.0,2019-03-13,252.0,0.8901%,0.0007,1.032,1.047,0.5332,1.6442%,1.9887%,31.6457%,0.004745,AAON,76868.0,2019-03-14,252.0,-1.7883%,0.0006,1.0359,1.0522,0.5305,1.6433%,1.9908%,31.8586%,-0.014248,AAON,-0.010227,0.0099339999999999,0.0307789999999999,0.0542969999999999,0.0224599999999999
14611,ACADIA HEALTHCARE CO INC,"Acadia Healthcare Company Sees Q1 Adj. EPS $0.35-$0.36 vs $0.50 Est., FY19 Adj. EPS $2.15-$2.30 vs $2.39 Est., FY19 Sales $3.15B-$3.20B vs $3.17B Est.",6,decrease,0.8,0.7,"the company's adjusted eps and sales guidance for q1 and fy19 fell short of analyst estimates, which is likely to negatively impact investor sentiment and lead to a decrease in stock price.",0,2019-02-28,ACHC,2019-02-28 22:23:00+00:00,13105.0,00404A10,0.002287509618327,1583081.0,0.156713530421257,-0.0437477491796016,-0.007892133668065,-0.0150807928293943,-0.0291680190712213,0.0054151485674083,-0.0355070307850837,-0.0007214484503492,0.0084955673664808,0.0065358891151845,0.0171990096569061,-0.0195798948407173,0.0241546165198087,-0.0112636284902691,0.0006738698575645,0.0452538467943668,0.0121211679652333,0.0018430204363539,0.0176314264535903,-0.0011045908322557,-0.0153644755482673,0.0149476686492562,0.0112881222739815,0.0136363869532942,0.0157584194093942,-0.0438247360289096,-0.0216548182070255,-0.0039682071655988,0.0313841700553894,-0.0025189493317157,-0.0371556654572486,0.0,-0.0192947424948215,0.0007202181150205,0.0057666241191327,0.0149853741750121,-0.0151770273223519,-0.0147641282528638,0.00753422267735,0.0105531634762883,-0.0037389737553894,-0.0003637769841589,0.0119413305073976,-0.0025399019941687,-0.0003371621423866,-0.0079194102436304,-0.0026981425471603,-0.0039440197870135,0.029083551838994,-0.0151836266741156,0.0200460273772478,-0.0231114197522401,-0.0206185970455408,-0.007191814482212,-0.0121710179373621,0.0051635638810694,-0.0039960318244993,0.0097323171794414,-0.0203945375978946,0.0223880987614393,0.0013652190100401,-0.030657984316349,-0.0010225182631984,0.0125567009672522,-0.0109177650883793,0.0425454564392566,-0.0210417602211237,0.0188958961516618,0.0398168116807937,0.0262357629835605,0.0044052577577531,0.0061208819970488,0.0533063411712646,0.0291338488459587,0.0204997211694717,-0.0177881270647049,0.0072190691716969,0.0058343652635812,0.0062324949540197,0.0058685299009084,0.0024774856865406,-0.0093023171648383,-0.0108124343678355,-0.0042454884387552,0.0109306201338768,0.0468686819076538,-0.0033982272725552,-0.0174672696739435,0.0359578393399715,-0.0593726709485054,0.0119689274579286,-0.0150790670886635,-0.0360733643174171,-0.0233476869761943,-0.001226905034855,0.0086956433951854,-0.0061425291933119,-0.0459730364382267,0.0049443710595369,-0.0685769245028495,-0.0107626775279641,-0.0057618534192442,0.0195834971964359,0.0016030534170567,0.0094512617215514,-0.000320520135574,-0.0105708930641412,-0.0145293455570936,0.0048840004019439,-0.0109340362250804,-0.0042527155019342,-0.0329305194318294,0.019829211756587,-0.023310737684369,0.0023930007591843,-0.0023550728801637,-0.0378990359604358,0.0050296448171138,0.0145780825987458,0.0125823291018605,0.156713530421257,-0.0437477491796016,0.1475845926235131,-0.0581687912668661,0.1141118233400306,-0.0530686353461544,0.0836819581054442,-0.0475672241848652,0.1635602503219071,-0.0342415431536821,0.1144921300673258,-0.0678749059896283,0.2441992346880102,-0.2142001592860762,2019-03-01,2019-03-04,2019-03-05,2019-03-06,2019-03-07,2019-03-08,2019-03-11,2019-03-12,2019-03-13,2019-03-14,13105.0,2019-02-28,252.0,0.2288%,-0.0013,0.8696,1.0386,0.3813,2.4476%,2.6427%,14.2260%,0.005638,ACHC,13105.0,2019-03-01,252.0,15.6714%,-0.0008,0.9121,1.102,0.3776,2.6211%,2.8235%,13.8226%,0.148876,ACHC,13105.0,2019-03-04,252.0,-0.7892%,-0.0007,0.9092,1.1111,0.3785,2.6209%,2.8237%,13.8485%,-0.000304,ACHC,13105.0,2019-03-05,252.0,-2.9168%,-0.001,0.9053,1.066,0.384,2.6159%,2.8109%,13.3925%,-0.02336,ACHC,13105.0,2019-03-06,252.0,-3.5507%,-0.001,0.914,1.0917,0.3973,2.6171%,2.8194%,13.8371%,-0.014715,ACHC,13105.0,2019-03-07,252.0,0.8496%,-0.001,0.9019,1.0693,0.3749,2.6183%,2.8156%,13.5215%,0.017976,ACHC,13105.0,2019-03-08,252.0,1.7199%,-0.0009,0.8995,1.0649,0.3712,2.6212%,2.8169%,13.4127%,0.019196,ACHC,13105.0,2019-03-11,252.0,2.4155%,-0.0009,0.9046,1.064,0.368,2.6217%,2.8209%,13.6229%,0.008759,ACHC,13105.0,2019-03-12,252.0,0.0674%,-0.0008,0.9086,1.0621,0.3717,2.6216%,2.8203%,13.5917%,0.001596,ACHC,13105.0,2019-03-13,252.0,1.2121%,-0.0009,0.9124,1.0435,0.3714,2.6196%,2.8178%,13.5698%,0.008954,ACHC,13105.0,2019-03-14,252.0,1.7631%,-0.0008,0.9128,1.0323,0.3771,2.6234%,2.8198%,13.4457%,0.021618,ACHC,0.154514,0.15421,0.13085,0.134111,0.1942339999999999
14619,ACADIA HEALTHCARE CO INC,"Acadia Healthcare Q4 Adj. EPS $0.47 Misses $0.49 Estimate, Sales $743.547M Miss $745.74M Estimate",6,decrease,0.75,0.6,"the company reported lower-than-expected earnings and sales, which typically leads to a negative reaction in stock prices.",0,2019-02-28,ACHC,2019-02-28 22:20:00+00:00,13105.0,00404A10,0.002287509618327,1583081.0,0.156713530421257,-0.0437477491796016,-0.007892133668065,-0.0150807928293943,-0.0291680190712213,0.0054151485674083,-0.0355070307850837,-0.0007214484503492,0.0084955673664808,0.0065358891151845,0.0171990096569061,-0.0195798948407173,0.0241546165198087,-0.0112636284902691,0.0006738698575645,0.0452538467943668,0.0121211679652333,0.0018430204363539,0.0176314264535903,-0.0011045908322557,-0.0153644755482673,0.0149476686492562,0.0112881222739815,0.0136363869532942,0.0157584194093942,-0.0438247360289096,-0.0216548182070255,-0.0039682071655988,0.0313841700553894,-0.0025189493317157,-0.0371556654572486,0.0,-0.0192947424948215,0.0007202181150205,0.0057666241191327,0.0149853741750121,-0.0151770273223519,-0.0147641282528638,0.00753422267735,0.0105531634762883,-0.0037389737553894,-0.0003637769841589,0.0119413305073976,-0.0025399019941687,-0.0003371621423866,-0.0079194102436304,-0.0026981425471603,-0.0039440197870135,0.029083551838994,-0.0151836266741156,0.0200460273772478,-0.0231114197522401,-0.0206185970455408,-0.007191814482212,-0.0121710179373621,0.0051635638810694,-0.0039960318244993,0.0097323171794414,-0.0203945375978946,0.0223880987614393,0.0013652190100401,-0.030657984316349,-0.0010225182631984,0.0125567009672522,-0.0109177650883793,0.0425454564392566,-0.0210417602211237,0.0188958961516618,0.0398168116807937,0.0262357629835605,0.0044052577577531,0.0061208819970488,0.0533063411712646,0.0291338488459587,0.0204997211694717,-0.0177881270647049,0.0072190691716969,0.0058343652635812,0.0062324949540197,0.0058685299009084,0.0024774856865406,-0.0093023171648383,-0.0108124343678355,-0.0042454884387552,0.0109306201338768,0.0468686819076538,-0.0033982272725552,-0.0174672696739435,0.0359578393399715,-0.0593726709485054,0.0119689274579286,-0.0150790670886635,-0.0360733643174171,-0.0233476869761943,-0.001226905034855,0.0086956433951854,-0.0061425291933119,-0.0459730364382267,0.0049443710595369,-0.0685769245028495,-0.0107626775279641,-0.0057618534192442,0.0195834971964359,0.0016030534170567,0.0094512617215514,-0.000320520135574,-0.0105708930641412,-0.0145293455570936,0.0048840004019439,-0.0109340362250804,-0.0042527155019342,-0.0329305194318294,0.019829211756587,-0.023310737684369,0.0023930007591843,-0.0023550728801637,-0.0378990359604358,0.0050296448171138,0.0145780825987458,0.0125823291018605,0.156713530421257,-0.0437477491796016,0.1475845926235131,-0.0581687912668661,0.1141118233400306,-0.0530686353461544,0.0836819581054442,-0.0475672241848652,0.1635602503219071,-0.0342415431536821,0.1144921300673258,-0.0678749059896283,0.2441992346880102,-0.2142001592860762,2019-03-01,2019-03-04,2019-03-05,2019-03-06,2019-03-07,2019-03-08,2019-03-11,2019-03-12,2019-03-13,2019-03-14,13105.0,2019-02-28,252.0,0.2288%,-0.0013,0.8696,1.0386,0.3813,2.4476%,2.6427%,14.2260%,0.005638,ACHC,13105.0,2019-03-01,252.0,15.6714%,-0.0008,0.9121,1.102,0.3776,2.6211%,2.8235%,13.8226%,0.148876,ACHC,13105.0,2019-03-04,252.0,-0.7892%,-0.0007,0.9092,1.1111,0.3785,2.6209%,2.8237%,13.8485%,-0.000304,ACHC,13105.0,2019-03-05,252.0,-2.9168%,-0.001,0.9053,1.066,0.384,2.6159%,2.8109%,13.3925%,-0.02336,ACHC,13105.0,2019-03-06,252.0,-3.5507%,-0.001,0.914,1.0917,0.3973,2.6171%,2.8194%,13.8371%,-0.014715,ACHC,13105.0,2019-03-07,252.0,0.8496%,-0.001,0.9019,1.0693,0.3749,2.6183%,2.8156%,13.5215%,0.017976,ACHC,13105.0,2019-03-08,252.0,1.7199%,-0.0009,0.8995,1.0649,0.3712,2.6212%,2.8169%,13.4127%,0.019196,ACHC,13105.0,2019-03-11,252.0,2.4155%,-0.0009,0.9046,1.064,0.368,2.6217%,2.8209%,13.6229%,0.008759,ACHC,13105.0,2019-03-12,252.0,0.0674%,-0.0008,0.9086,1.0621,0.3717,2.6216%,2.8203%,13.5917%,0.001596,ACHC,13105.0,2019-03-13,252.0,1.2121%,-0.0009,0.9124,1.0435,0.3714,2.6196%,2.8178%,13.5698%,0.008954,ACHC,13105.0,2019-03-14,252.0,1.7631%,-0.0008,0.9128,1.0323,0.3771,2.6234%,2.8198%,13.4457%,0.021618,ACHC,0.154514,0.15421,0.13085,0.134111,0.1942339999999999
14627,A C I WORLDWIDE INC,"ACI Worldwide Sees Q1 Sales $205M-$215M vs $218.79M Est., FY19 Sales $1.10B-$1.125B vs $1.10B Est.",6,decrease,0.75,0.6,"the company's q1 sales guidance is below analyst estimates, which is likely to negatively impact investor sentiment and lead to a decrease in stock price.",0,2019-02-28,ACIW,2019-02-28 11:16:00+00:00,81282.0,00449810,0.022129587829113,1691603.0,0.0376529283821582,0.0032175155356526,0.0,-0.0111358696594834,-0.0039310874417424,-0.0069510051980614,-0.0267151575535535,0.0102138426154851,-0.0168434455990791,0.0073954835534095,0.0133248753845691,0.0081037273630499,0.0209768339991569,0.0032520450185984,0.0091996081173419,0.0182118955999612,0.0069887433201074,-0.0006617653998546,0.0042244838550686,-0.0006613907753489,0.0111178718507289,-0.0006609536358155,-0.0077266604639589,-0.001320099341683,-0.0062892809510231,0.0120240049436688,-0.0084387818351387,-0.0180386770516634,0.013069917447865,0.0143047338351607,-0.0345034934580326,0.0053511653095483,0.0018645548261702,0.0115020349621772,0.0117865148931741,0.0,0.0042918268591165,0.0288896597921848,-0.0119047435000538,0.0045454250648617,0.0154464012011885,-0.0076335640624165,0.0103437835350632,-0.0140266800299286,0.0066245477646589,0.0216707065701484,0.011367067694664,0.0063313506543636,-0.0014789425767958,0.0070846886374056,0.0059241936542093,-0.0177453104406595,0.0053003625944256,0.0041928347200155,-0.0046865800395607,0.006329124327749,0.010005890391767,0.0178954899311065,0.0011655278503894,0.005397611297667,-0.0098952315747737,-0.0124377571046352,0.0129335280507803,0.0014234522823244,0.001450935495086,0.0129776718094945,-0.0231816656887531,0.0127784004434943,0.0077129085548222,0.0331949889659881,0.0055931298993527,0.0129919815808534,0.0237119849771261,0.0401430949568748,-0.0060052298940718,-0.0729550346732139,-0.0089182266965508,-0.0191543437540531,0.0110305100679397,0.0154128465801477,0.009761594235897,-0.0083697065711021,0.0099517293274402,0.0204232912510633,-0.0188626684248447,0.0635861232876777,0.0037303033750504,-0.0346930958330631,0.0125785768032074,-0.0120527194812893,0.0005646657082252,-0.018121363595128,-0.0293452925980091,0.0029674270190298,-0.0081396102905273,0.0097377644851803,-0.0571512542665004,-0.0280305258929729,0.01678585447371,-0.0150591637939214,-0.0440231934189796,-0.0060584489256143,0.0035177071113139,0.0214779824018478,-0.0041427393443882,0.0102978581562638,0.0262399893254041,0.0011045908322557,-0.0202681515365839,-0.0412989780306816,-0.0130490083247423,0.0028318557888269,0.0161238312721252,-0.0404212139546871,0.0161853451281786,0.0193906296044588,-0.0137414280325174,-0.0037944328505545,0.0142494887113571,-0.0112551134079694,0.0376529283821582,0.0032175155356526,0.0376529283821582,-0.0079541839574631,0.0335738239865079,-0.0148498995814899,-0.0109821253469265,0.0025723444606338,0.0442421697149408,0.0310846743373978,0.0781298972955097,0.1219862982108643,0.0050203351173785,0.0634379453918361,2019-03-01,2019-03-04,2019-03-05,2019-03-06,2019-03-07,2019-03-08,2019-03-11,2019-03-12,2019-03-13,2019-03-14,81282.0,2019-02-28,252.0,2.2130%,0.0008,1.0884,0.6096,-0.3779,1.3165%,1.8719%,50.5390%,0.024402,ACIW,81282.0,2019-03-01,252.0,3.7653%,0.0009,1.0866,0.6071,-0.3924,1.3242%,1.8788%,50.3235%,0.026447,ACIW,81282.0,2019-03-04,252.0,0.0000%,0.001,1.0786,0.6262,-0.3886,1.3219%,1.8736%,50.2218%,0.009519,ACIW,81282.0,2019-03-05,252.0,-0.3931%,0.0009,1.0749,0.5966,-0.3903,1.3172%,1.8617%,49.9379%,-0.001179,ACIW,81282.0,2019-03-06,252.0,-2.6715%,0.0008,1.073,0.6248,-0.3887,1.3167%,1.8658%,50.1974%,-0.010103,ACIW,81282.0,2019-03-07,252.0,-1.6843%,0.0007,1.0703,0.592,-0.4016,1.3048%,1.8547%,50.5060%,-0.00898,ACIW,81282.0,2019-03-08,252.0,1.3325%,0.0007,1.0685,0.5912,-0.4045,1.3078%,1.8557%,50.3366%,0.014611,ACIW,81282.0,2019-03-11,252.0,2.0977%,0.0008,1.0687,0.5841,-0.4087,1.3069%,1.8596%,50.6142%,0.000735,ACIW,81282.0,2019-03-12,252.0,0.9200%,0.0008,1.0669,0.5813,-0.4119,1.3075%,1.8568%,50.4175%,0.0077459999999999,ACIW,81282.0,2019-03-13,252.0,0.6989%,0.0008,1.0672,0.5828,-0.4113,1.3074%,1.8572%,50.4432%,0.001833,ACIW,81282.0,2019-03-14,252.0,0.4224%,0.0008,1.069,0.5779,-0.4088,1.3080%,1.8573%,50.4036%,0.008825,ACIW,0.050849,0.060368,0.059189,0.0401059999999999,0.0738559999999999
14635,A C I WORLDWIDE INC,"ACI Worldwide Q4 EPS $0.74 Misses $0.75 Estimate, Sales $319.95M Miss $369.6M Estimate",6,decrease,0.8,0.7,"the company reported lower-than-expected earnings per share and sales, which typically leads to a negative reaction in the stock market.",0,2019-02-28,ACIW,2019-02-28 11:13:00+00:00,81282.0,00449810,0.022129587829113,1691603.0,0.0376529283821582,0.0032175155356526,0.0,-0.0111358696594834,-0.0039310874417424,-0.0069510051980614,-0.0267151575535535,0.0102138426154851,-0.0168434455990791,0.0073954835534095,0.0133248753845691,0.0081037273630499,0.0209768339991569,0.0032520450185984,0.0091996081173419,0.0182118955999612,0.0069887433201074,-0.0006617653998546,0.0042244838550686,-0.0006613907753489,0.0111178718507289,-0.0006609536358155,-0.0077266604639589,-0.001320099341683,-0.0062892809510231,0.0120240049436688,-0.0084387818351387,-0.0180386770516634,0.013069917447865,0.0143047338351607,-0.0345034934580326,0.0053511653095483,0.0018645548261702,0.0115020349621772,0.0117865148931741,0.0,0.0042918268591165,0.0288896597921848,-0.0119047435000538,0.0045454250648617,0.0154464012011885,-0.0076335640624165,0.0103437835350632,-0.0140266800299286,0.0066245477646589,0.0216707065701484,0.011367067694664,0.0063313506543636,-0.0014789425767958,0.0070846886374056,0.0059241936542093,-0.0177453104406595,0.0053003625944256,0.0041928347200155,-0.0046865800395607,0.006329124327749,0.010005890391767,0.0178954899311065,0.0011655278503894,0.005397611297667,-0.0098952315747737,-0.0124377571046352,0.0129335280507803,0.0014234522823244,0.001450935495086,0.0129776718094945,-0.0231816656887531,0.0127784004434943,0.0077129085548222,0.0331949889659881,0.0055931298993527,0.0129919815808534,0.0237119849771261,0.0401430949568748,-0.0060052298940718,-0.0729550346732139,-0.0089182266965508,-0.0191543437540531,0.0110305100679397,0.0154128465801477,0.009761594235897,-0.0083697065711021,0.0099517293274402,0.0204232912510633,-0.0188626684248447,0.0635861232876777,0.0037303033750504,-0.0346930958330631,0.0125785768032074,-0.0120527194812893,0.0005646657082252,-0.018121363595128,-0.0293452925980091,0.0029674270190298,-0.0081396102905273,0.0097377644851803,-0.0571512542665004,-0.0280305258929729,0.01678585447371,-0.0150591637939214,-0.0440231934189796,-0.0060584489256143,0.0035177071113139,0.0214779824018478,-0.0041427393443882,0.0102978581562638,0.0262399893254041,0.0011045908322557,-0.0202681515365839,-0.0412989780306816,-0.0130490083247423,0.0028318557888269,0.0161238312721252,-0.0404212139546871,0.0161853451281786,0.0193906296044588,-0.0137414280325174,-0.0037944328505545,0.0142494887113571,-0.0112551134079694,0.0376529283821582,0.0032175155356526,0.0376529283821582,-0.0079541839574631,0.0335738239865079,-0.0148498995814899,-0.0109821253469265,0.0025723444606338,0.0442421697149408,0.0310846743373978,0.0781298972955097,0.1219862982108643,0.0050203351173785,0.0634379453918361,2019-03-01,2019-03-04,2019-03-05,2019-03-06,2019-03-07,2019-03-08,2019-03-11,2019-03-12,2019-03-13,2019-03-14,81282.0,2019-02-28,252.0,2.2130%,0.0008,1.0884,0.6096,-0.3779,1.3165%,1.8719%,50.5390%,0.024402,ACIW,81282.0,2019-03-01,252.0,3.7653%,0.0009,1.0866,0.6071,-0.3924,1.3242%,1.8788%,50.3235%,0.026447,ACIW,81282.0,2019-03-04,252.0,0.0000%,0.001,1.0786,0.6262,-0.3886,1.3219%,1.8736%,50.2218%,0.009519,ACIW,81282.0,2019-03-05,252.0,-0.3931%,0.0009,1.0749,0.5966,-0.3903,1.3172%,1.8617%,49.9379%,-0.001179,ACIW,81282.0,2019-03-06,252.0,-2.6715%,0.0008,1.073,0.6248,-0.3887,1.3167%,1.8658%,50.1974%,-0.010103,ACIW,81282.0,2019-03-07,252.0,-1.6843%,0.0007,1.0703,0.592,-0.4016,1.3048%,1.8547%,50.5060%,-0.00898,ACIW,81282.0,2019-03-08,252.0,1.3325%,0.0007,1.0685,0.5912,-0.4045,1.3078%,1.8557%,50.3366%,0.014611,ACIW,81282.0,2019-03-11,252.0,2.0977%,0.0008,1.0687,0.5841,-0.4087,1.3069%,1.8596%,50.6142%,0.000735,ACIW,81282.0,2019-03-12,252.0,0.9200%,0.0008,1.0669,0.5813,-0.4119,1.3075%,1.8568%,50.4175%,0.0077459999999999,ACIW,81282.0,2019-03-13,252.0,0.6989%,0.0008,1.0672,0.5828,-0.4113,1.3074%,1.8572%,50.4432%,0.001833,ACIW,81282.0,2019-03-14,252.0,0.4224%,0.0008,1.069,0.5779,-0.4088,1.3080%,1.8573%,50.4036%,0.008825,ACIW,0.050849,0.060368,0.059189,0.0401059999999999,0.0738559999999999
14643,ACORDA THERAPEUTICS INC,Acorda Therapeutics Reports Commercial Launch Of INBRIJA,6,increase,0.8,0.7,"the commercial launch of inbrija is likely to boost acorda therapeutics' revenue and market presence, which generally leads to a positive reaction in stock prices.",2,2019-02-28,ACOR,2019-02-28 21:01:00+00:00,91086.0,00484M70,0.0343859493732452,1165341.0,0.023066496476531,0.0178571436554193,-0.0298408363014459,0.0432190708816051,-0.0095694009214639,0.0378963463008403,-0.0476190187036991,-0.0336322709918022,0.0043477872386574,0.0213740244507789,-0.0252524837851524,-0.0374723933637142,0.0051813246682286,-0.0482517853379249,0.0257732234895229,-0.0809768736362457,0.0387652516365051,0.0090791406109929,0.008984113112092,0.0052151186391711,0.0020547760650515,0.0260869804769754,-0.0164046324789524,-0.0092776902019977,-0.0027797054499387,-0.0052735609933733,-0.045993085950613,-0.0459119230508804,0.0262966118752956,-0.0173053573817014,-0.0654804334044456,-0.0043076733127236,0.0,-0.0199034940451383,0.0121858222410082,-0.0030065688770264,-0.0188111364841461,0.0097146239131689,0.0099693341180682,0.0550928674638271,0.0091116083785891,0.0136363664641976,0.0090293372049927,-0.0344827696681022,-0.011185654439032,0.0250642281025648,-0.0150829413905739,-0.0281074196100235,0.00153135554865,0.0050219660624861,0.0145260347053408,-0.0202951971441507,-0.0361718535423278,-0.0373001284897327,-0.0218920819461345,0.0053571523167192,0.0223820731043815,0.0138804791495204,-0.0359656028449535,0.0103658586740493,-0.0064882338047027,-0.038123145699501,-0.0269387699663639,-0.0240412186831235,0.0008389453869313,0.0288574658334255,-0.0284995920956134,0.0494437105953693,-0.0388265587389469,-0.0193939208984375,-0.0197486765682697,-0.0131578538566827,0.0375457741320133,0.0515723079442977,-0.0141217876225709,-0.0197287127375602,0.0008952756179496,0.0410782657563686,-0.0143112558871507,0.0400534309446811,0.0127041181549429,0.0087541518732905,-0.0636200755834579,-0.0529336668550968,-0.0382774770259857,0.1387073248624802,0.0527362897992134,0.0641422644257545,0.109640821814537,-0.0710696876049041,0.0306644476950168,-0.0471955947577953,-0.0388429947197437,-0.0799245089292526,0.0103181330487132,-0.0275397673249244,-0.0110638393089175,0.0098887421190738,-0.0094664078205823,0.0125156929716467,-0.0573414266109466,-0.0238241460174322,0.0258064270019531,0.0129951108247041,0.0134770544245839,-0.1508145481348038,0.0221631210297346,0.0214708298444747,-0.0442323759198188,-0.0095693944022059,-0.0235934853553772,0.0140161858871579,0.0157992634922266,-0.107314795255661,0.0036596488207578,0.0171316880732774,-0.0628988593816757,0.0149031868204474,-0.0116731412708759,-0.0326766148209571,0.023066496476531,0.0178571436554193,-0.0074626633703189,0.061847983694411,-0.0169606510740504,0.1020881426033435,-0.0597015001540529,0.087786230684717,-0.0094979212382562,-0.0710560659424582,-0.1635006728425674,-0.1310975328488297,-0.3107191273065817,-0.3152330447301272,2019-03-01,2019-03-04,2019-03-05,2019-03-06,2019-03-07,2019-03-08,2019-03-11,2019-03-12,2019-03-13,2019-03-14,91086.0,2019-02-28,252.0,3.4386%,-0.0017,1.1966,1.224,-0.2043,3.4952%,3.8086%,15.7784%,0.037314,ACOR,91086.0,2019-03-01,252.0,2.3066%,-0.0017,1.1996,1.2285,-0.2051,3.4960%,3.8101%,15.8060%,0.009994,ACOR,91086.0,2019-03-04,252.0,-2.9841%,-0.0019,1.2151,1.1915,-0.2124,3.4927%,3.8107%,15.9963%,-0.017979,ACOR,91086.0,2019-03-05,252.0,-0.9569%,-0.0018,1.2186,1.2169,-0.209,3.4916%,3.8106%,16.0404%,-0.00441,ACOR,91086.0,2019-03-06,252.0,-4.7619%,-0.0021,1.1995,1.282,-0.2217,3.4787%,3.8037%,16.3599%,-0.022056,ACOR,91086.0,2019-03-07,252.0,0.4348%,-0.0018,1.2046,1.3393,-0.1988,3.4650%,3.7960%,16.6815%,0.01426,ACOR,91086.0,2019-03-08,252.0,-2.5252%,-0.002,1.2095,1.3078,-0.1893,3.4631%,3.7906%,16.5322%,-0.0237,ACOR,91086.0,2019-03-11,252.0,0.5181%,-0.0021,1.2011,1.2962,-0.1917,3.4646%,3.7907%,16.4658%,-0.018622,ACOR,91086.0,2019-03-12,252.0,2.5773%,-0.0019,1.216,1.2803,-0.1811,3.4678%,3.7946%,16.4825%,0.026156,ACOR,91086.0,2019-03-13,252.0,3.8765%,-0.0017,1.2278,1.2684,-0.1711,3.4753%,3.8032%,16.4997%,0.034648,ACOR,91086.0,2019-03-14,252.0,0.8984%,-0.0017,1.2311,1.2581,-0.1659,3.4766%,3.8037%,16.4619%,0.015836,ACOR,0.047308,0.029329,0.024919,0.017123,0.051441
14651,ACME UNITED CORP,"Acme United Q4 EPS $0.16 Misses $0.19 Estimate, Sales $31.1M Miss $32.69M Estimate",6,decrease,0.8,0.7,"the company's earnings per share and sales both missed analyst estimates, which typically leads to a negative reaction in the stock price.",0,2019-02-28,ACU,2019-02-28 14:01:00+00:00,60038.0,00481610,0.0470085777342319,8713.0,0.0145772602409124,0.0154990712180733,0.0,-0.0164634436368942,-0.0224137585610151,0.0061349929310381,-0.0229276530444622,-0.012121258303523,0.0090252477675676,0.0191475879400968,0.0137149393558502,-0.015805484727025,-0.0068234838545322,0.003048850223422,0.0133854430168867,-0.0249702781438827,0.0,0.0261728335171937,-0.0134425153955817,-0.012269047088921,0.0136256786063313,0.0057333745062351,-0.0064290245063602,-0.005808447021991,0.0200000088661909,0.0009891063673421,-0.0282583478838205,0.0048484802246093,-0.0130564523860812,0.0172626823186874,-0.025856789201498,0.010906777344644,0.0586419031023979,0.0021861242130398,-0.0215742830187082,-0.0418910160660743,-0.004171728156507,-0.0182139463722705,-0.0153979314491152,0.0353238843381404,-0.0275152213871479,0.0114625161513686,0.0325999930500984,-0.0149696813896298,0.0730660706758499,0.0377358756959438,0.0476988852024078,-0.0150529667735099,0.0076194643042981,-0.0385349169373512,0.0333692580461502,0.0797428116202354,0.0026041269302368,-0.0133248753845691,0.0202597081661224,-0.002531643025577,-0.0840122029185295,0.0501827932894229,0.0355752855539321,-0.0121470438316464,0.0542136467993259,-0.017419384792447,-0.0455294996500015,-0.03125,0.050902109593153,0.0464355796575546,-0.0609137415885925,-0.0443750023841857,0.0540540553629398,0.0158730167895555,0.0871795266866684,0.007619047537446,0.046226393431425,0.059179563075304,-0.0522993616759777,-0.0053511653095483,0.0214081276208162,0.0491227954626083,0.0246856398880481,-0.069734051823616,-0.0086363879963755,0.0941571518778801,-0.0522695742547512,-0.057239081710577,-0.0324141308665275,0.0607143118977546,-0.002000045729801,-0.0151664381846785,0.0601202808320522,-0.0522933341562748,-0.0264650024473667,0.0563380420207977,0.0310679301619529,-0.0035087852738797,-0.0122410655021667,0.0178571436554193,0.0057197730056941,-0.0243902690708637,-0.0085308197885751,-0.0020862123928964,-0.0038240880239754,0.0375180728733539,-0.0326295718550682,-0.0421562269330024,-0.0054563796147704,-0.0385381989181041,0.0184539072215557,0.0238095503300428,0.0151811689138412,-0.0134228067472577,0.0,-0.0093085337430238,-0.0144717432558536,-0.086269699037075,-0.0063632437959313,0.028749942779541,0.0556650795042514,0.0315925069153308,-0.0895940288901329,0.0012911851517856,0.0145772602409124,0.0154990712180733,0.0145772602409124,-0.0012195405042437,-0.0081632295116236,0.0049079705544217,-0.0221573848142232,0.0117355532457266,-0.0157434664432908,-0.0129320107209129,0.0942450886573271,0.0755088438505544,0.1459325263067228,0.0655131928035857,2019-03-01,2019-03-04,2019-03-05,2019-03-06,2019-03-07,2019-03-08,2019-03-11,2019-03-12,2019-03-13,2019-03-14,60038.0,2019-02-28,252.0,4.7009%,-0.0007,0.2127,-0.1023,0.2116,3.0240%,3.0320%,0.5297%,0.048233,ACU,60038.0,2019-03-01,252.0,1.4577%,-0.0006,0.2163,-0.0969,0.2103,3.0254%,3.0335%,0.5344%,0.0140989999999999,ACU,60038.0,2019-03-04,252.0,0.0000%,-0.0004,0.1881,-0.0038,0.2177,3.0013%,3.0071%,0.3865%,-0.000173,ACU,60038.0,2019-03-05,252.0,-2.2414%,-0.0005,0.1929,0.0191,0.2289,3.0041%,3.0101%,0.4031%,-0.021673,ACU,60038.0,2019-03-06,252.0,-2.2928%,-0.0005,0.2035,0.06,0.2465,3.0067%,3.0135%,0.4455%,-0.021248,ACU,60038.0,2019-03-07,252.0,0.9025%,-0.0004,0.2015,0.0738,0.2477,3.0063%,3.0130%,0.4415%,0.0114589999999999,ACU,60038.0,2019-03-08,252.0,1.3715%,-0.0004,0.1994,0.0747,0.2443,3.0078%,3.0143%,0.4319%,0.014452,ACU,60038.0,2019-03-11,252.0,-0.6823%,-0.0005,0.1942,0.0925,0.2571,3.0047%,3.0111%,0.4290%,-0.008883,ACU,60038.0,2019-03-12,252.0,1.3385%,-0.0005,0.1905,0.0871,0.2506,3.0057%,3.0118%,0.4044%,0.0132749999999999,ACU,60038.0,2019-03-13,252.0,0.0000%,-0.0005,0.1903,0.0854,0.25,3.0057%,3.0117%,0.4038%,-0.001307,ACU,60038.0,2019-03-14,252.0,-1.3443%,-0.0004,0.1836,0.0955,0.2449,3.0035%,3.0093%,0.3811%,-0.013742,ACU,0.062332,0.062159,0.0404859999999999,0.0306969999999999,0.0344919999999999
14659,AUTODESK INC,"Autodesk Sees Q1 Adj. EPS $0.44-$0.48 vs $0.57 Est., Sales $735M-$745M vs $724.11M Est.l Sees FY20 Adj. EPS $2.71-$2.90 vs $3.18 Est., Sales $3.25B-$3.30B vs $3.22B Est., Billings Up 50%-53%",6,decrease,0.75,0.6,"the company's adjusted eps and sales guidance for q1 and fy20 are below analyst estimates, which is likely to negatively impact investor sentiment and lead to a decrease in stock price.",0,2019-02-28,ADSK,2019-02-28 21:03:00+00:00,85631.0,05276910,-0.0077307298779487,2233265.0,-0.0198760218918323,0.0059396317228674,-0.0123928831890225,-0.0038428991101682,-0.019519530236721,0.0150455581024289,-0.0077565261162817,0.010511121712625,-0.0048204693011939,0.0001877270260592,-0.0026183750014752,-0.0054766596294939,0.0109601514413952,0.0020579143892973,0.0049987295642495,0.0025634842459112,-0.0092370826750993,-0.0005623716861009,-0.0014996151439845,0.0030713647138327,0.0008488729363307,0.0321536250412464,0.0037187326233834,0.0016849832609295,0.0081247966736555,0.0249070134013891,-0.0050935428589582,-0.0112949907779693,0.0292269438505172,-0.0009185106609947,-0.0289636440575122,0.0054753073491156,0.003047602251172,0.0169047359377145,0.0078867487609386,0.012703875079751,-0.0180232021957635,0.0082191573455929,-0.000457265326986,0.0416666381061077,0.018231775611639,-0.0043333140201866,0.0513412877917289,-0.0092201400548219,0.003235250711441,0.0443219318985939,0.0139944488182663,-0.0104735065251588,-0.009600905701518,-0.0112900333479046,0.0077552180737257,-0.0188386254012584,0.0024650013074278,0.0383149869740009,0.0019191079773008,0.0088691571727395,0.0203520245850086,-0.0042684855870902,0.0083303889259696,0.0083859357982873,-5.823693936690688e-05,-0.0145532060414552,0.0052365693263709,0.0002194336702814,-0.0005788395064882,-0.0004386748187243,-0.0268720649182796,0.0216628760099411,0.0069630313664674,0.0086648119613528,0.0174349695444107,0.0346118062734603,0.0181818474084138,0.0527698025107383,0.0058763050474226,-0.0551334358751773,-0.005615054629743,0.0027214533183723,0.0095254285261034,0.0108464770019054,-0.0017515837680548,-0.0014127643080428,0.0086598033085465,0.0117525877431035,-0.0237921848893165,0.0643171146512031,-0.0035063552204519,-0.0164588801562786,0.0192662458866834,-0.0370607301592826,-0.008036209270358,-0.0249746702611446,-0.026015505194664,-0.0187624208629131,0.0046274210326373,0.026007741689682,-0.0005247294320724,-0.0321673266589641,0.0137090543285012,-0.0300214439630508,-0.0508719086647033,-0.016111372038722,0.0304978732019662,0.0292821265757083,0.0197693593800067,-0.0085173239931464,0.0193860214203596,0.0184807777404785,-0.0133008314296603,-0.0540173538029193,-0.0213388465344905,0.0021453308872878,0.0212179534137249,-0.0552628561854362,-0.0011478904634714,0.0243598911911249,-0.0258001815527677,-0.0072140367701649,-0.0490739196538925,0.0166946034878492,-0.0198760218918323,0.0059396317228674,-0.0320225838632869,0.0020739072072366,-0.0509170483060306,0.0171506684010511,-0.0628181739375881,0.0280350166104148,-0.0604870922971145,0.0297104534160748,0.0544139034193158,0.2191465591806063,-0.010980885815143,0.1475272093878068,2019-03-01,2019-03-04,2019-03-05,2019-03-06,2019-03-07,2019-03-08,2019-03-11,2019-03-12,2019-03-13,2019-03-14,85631.0,2019-02-28,252.0,-0.7731%,0.0009,1.4987,0.444,-0.9838,1.7424%,2.6160%,55.6352%,-0.005774,ADSK,85631.0,2019-03-01,252.0,-1.9876%,0.0007,1.5069,0.456,-0.9541,1.7499%,2.6187%,55.3482%,-0.035979,ADSK,85631.0,2019-03-04,252.0,-1.2393%,0.0007,1.5018,0.4727,-0.9528,1.7485%,2.6156%,55.3083%,0.000898,ADSK,85631.0,2019-03-05,252.0,-1.9520%,0.0007,1.5067,0.4987,-0.9424,1.7517%,2.6179%,55.2265%,-0.017878,ADSK,85631.0,2019-03-06,252.0,-0.7757%,0.0007,1.497,0.4809,-0.9557,1.7519%,2.6152%,55.1236%,0.01147,ADSK,85631.0,2019-03-07,252.0,-0.4820%,0.0007,1.4952,0.4796,-0.9586,1.7521%,2.6151%,55.1116%,0.004548,ADSK,85631.0,2019-03-08,252.0,-0.2618%,0.0001,1.5049,0.3247,-0.9349,1.5120%,2.4432%,61.6995%,-0.001288,ADSK,85631.0,2019-03-11,252.0,1.0960%,0.0001,1.4962,0.3072,-0.9405,1.5146%,2.4439%,61.5902%,-0.017584,ADSK,85631.0,2019-03-12,252.0,0.4999%,0.0001,1.5023,0.3053,-0.9342,1.5140%,2.4424%,61.5753%,0.001276,ADSK,85631.0,2019-03-13,252.0,-0.9237%,0.0001,1.4962,0.3193,-0.9375,1.5173%,2.4427%,61.4159%,-0.017818,ADSK,85631.0,2019-03-14,252.0,-0.1500%,0.0001,1.4944,0.3183,-0.937,1.5168%,2.4401%,61.3599%,0.004028,ADSK,-0.041753,-0.040855,-0.058733,-0.042715,-0.074101
14667,AUTODESK INC,"Autodesk Q4 Adj. EPS $0.46 Beats $0.42 Estimate, Sales $737M Beat $707.4M Estimate",6,increase,0.8,0.6,"the positive earnings per share and sales figures exceeding estimates typically indicate strong financial performance, which is likely to boost investor confidence and increase the stock price.",2,2019-02-28,ADSK,2019-02-28 21:01:00+00:00,85631.0,05276910,-0.0077307298779487,2233265.0,-0.0198760218918323,0.0059396317228674,-0.0123928831890225,-0.0038428991101682,-0.019519530236721,0.0150455581024289,-0.0077565261162817,0.010511121712625,-0.0048204693011939,0.0001877270260592,-0.0026183750014752,-0.0054766596294939,0.0109601514413952,0.0020579143892973,0.0049987295642495,0.0025634842459112,-0.0092370826750993,-0.0005623716861009,-0.0014996151439845,0.0030713647138327,0.0008488729363307,0.0321536250412464,0.0037187326233834,0.0016849832609295,0.0081247966736555,0.0249070134013891,-0.0050935428589582,-0.0112949907779693,0.0292269438505172,-0.0009185106609947,-0.0289636440575122,0.0054753073491156,0.003047602251172,0.0169047359377145,0.0078867487609386,0.012703875079751,-0.0180232021957635,0.0082191573455929,-0.000457265326986,0.0416666381061077,0.018231775611639,-0.0043333140201866,0.0513412877917289,-0.0092201400548219,0.003235250711441,0.0443219318985939,0.0139944488182663,-0.0104735065251588,-0.009600905701518,-0.0112900333479046,0.0077552180737257,-0.0188386254012584,0.0024650013074278,0.0383149869740009,0.0019191079773008,0.0088691571727395,0.0203520245850086,-0.0042684855870902,0.0083303889259696,0.0083859357982873,-5.823693936690688e-05,-0.0145532060414552,0.0052365693263709,0.0002194336702814,-0.0005788395064882,-0.0004386748187243,-0.0268720649182796,0.0216628760099411,0.0069630313664674,0.0086648119613528,0.0174349695444107,0.0346118062734603,0.0181818474084138,0.0527698025107383,0.0058763050474226,-0.0551334358751773,-0.005615054629743,0.0027214533183723,0.0095254285261034,0.0108464770019054,-0.0017515837680548,-0.0014127643080428,0.0086598033085465,0.0117525877431035,-0.0237921848893165,0.0643171146512031,-0.0035063552204519,-0.0164588801562786,0.0192662458866834,-0.0370607301592826,-0.008036209270358,-0.0249746702611446,-0.026015505194664,-0.0187624208629131,0.0046274210326373,0.026007741689682,-0.0005247294320724,-0.0321673266589641,0.0137090543285012,-0.0300214439630508,-0.0508719086647033,-0.016111372038722,0.0304978732019662,0.0292821265757083,0.0197693593800067,-0.0085173239931464,0.0193860214203596,0.0184807777404785,-0.0133008314296603,-0.0540173538029193,-0.0213388465344905,0.0021453308872878,0.0212179534137249,-0.0552628561854362,-0.0011478904634714,0.0243598911911249,-0.0258001815527677,-0.0072140367701649,-0.0490739196538925,0.0166946034878492,-0.0198760218918323,0.0059396317228674,-0.0320225838632869,0.0020739072072366,-0.0509170483060306,0.0171506684010511,-0.0628181739375881,0.0280350166104148,-0.0604870922971145,0.0297104534160748,0.0544139034193158,0.2191465591806063,-0.010980885815143,0.1475272093878068,2019-03-01,2019-03-04,2019-03-05,2019-03-06,2019-03-07,2019-03-08,2019-03-11,2019-03-12,2019-03-13,2019-03-14,85631.0,2019-02-28,252.0,-0.7731%,0.0009,1.4987,0.444,-0.9838,1.7424%,2.6160%,55.6352%,-0.005774,ADSK,85631.0,2019-03-01,252.0,-1.9876%,0.0007,1.5069,0.456,-0.9541,1.7499%,2.6187%,55.3482%,-0.035979,ADSK,85631.0,2019-03-04,252.0,-1.2393%,0.0007,1.5018,0.4727,-0.9528,1.7485%,2.6156%,55.3083%,0.000898,ADSK,85631.0,2019-03-05,252.0,-1.9520%,0.0007,1.5067,0.4987,-0.9424,1.7517%,2.6179%,55.2265%,-0.017878,ADSK,85631.0,2019-03-06,252.0,-0.7757%,0.0007,1.497,0.4809,-0.9557,1.7519%,2.6152%,55.1236%,0.01147,ADSK,85631.0,2019-03-07,252.0,-0.4820%,0.0007,1.4952,0.4796,-0.9586,1.7521%,2.6151%,55.1116%,0.004548,ADSK,85631.0,2019-03-08,252.0,-0.2618%,0.0001,1.5049,0.3247,-0.9349,1.5120%,2.4432%,61.6995%,-0.001288,ADSK,85631.0,2019-03-11,252.0,1.0960%,0.0001,1.4962,0.3072,-0.9405,1.5146%,2.4439%,61.5902%,-0.017584,ADSK,85631.0,2019-03-12,252.0,0.4999%,0.0001,1.5023,0.3053,-0.9342,1.5140%,2.4424%,61.5753%,0.001276,ADSK,85631.0,2019-03-13,252.0,-0.9237%,0.0001,1.4962,0.3193,-0.9375,1.5173%,2.4427%,61.4159%,-0.017818,ADSK,85631.0,2019-03-14,252.0,-0.1500%,0.0001,1.4944,0.3183,-0.937,1.5168%,2.4401%,61.3599%,0.004028,ADSK,-0.041753,-0.040855,-0.058733,-0.042715,-0.074101
14675,AUTODESK INC,Autodesk Q4 Earnings Preview,6,uncertain,0.5,0.5,the impact on autodesk's stock price is uncertain as it depends on the actual earnings results and market expectations.,1,2019-02-28,ADSK,2019-02-28 14:05:00+00:00,85631.0,05276910,-0.0077307298779487,2233265.0,-0.0198760218918323,0.0059396317228674,-0.0123928831890225,-0.0038428991101682,-0.019519530236721,0.0150455581024289,-0.0077565261162817,0.010511121712625,-0.0048204693011939,0.0001877270260592,-0.0026183750014752,-0.0054766596294939,0.0109601514413952,0.0020579143892973,0.0049987295642495,0.0025634842459112,-0.0092370826750993,-0.0005623716861009,-0.0014996151439845,0.0030713647138327,0.0008488729363307,0.0321536250412464,0.0037187326233834,0.0016849832609295,0.0081247966736555,0.0249070134013891,-0.0050935428589582,-0.0112949907779693,0.0292269438505172,-0.0009185106609947,-0.0289636440575122,0.0054753073491156,0.003047602251172,0.0169047359377145,0.0078867487609386,0.012703875079751,-0.0180232021957635,0.0082191573455929,-0.000457265326986,0.0416666381061077,0.018231775611639,-0.0043333140201866,0.0513412877917289,-0.0092201400548219,0.003235250711441,0.0443219318985939,0.0139944488182663,-0.0104735065251588,-0.009600905701518,-0.0112900333479046,0.0077552180737257,-0.0188386254012584,0.0024650013074278,0.0383149869740009,0.0019191079773008,0.0088691571727395,0.0203520245850086,-0.0042684855870902,0.0083303889259696,0.0083859357982873,-5.823693936690688e-05,-0.0145532060414552,0.0052365693263709,0.0002194336702814,-0.0005788395064882,-0.0004386748187243,-0.0268720649182796,0.0216628760099411,0.0069630313664674,0.0086648119613528,0.0174349695444107,0.0346118062734603,0.0181818474084138,0.0527698025107383,0.0058763050474226,-0.0551334358751773,-0.005615054629743,0.0027214533183723,0.0095254285261034,0.0108464770019054,-0.0017515837680548,-0.0014127643080428,0.0086598033085465,0.0117525877431035,-0.0237921848893165,0.0643171146512031,-0.0035063552204519,-0.0164588801562786,0.0192662458866834,-0.0370607301592826,-0.008036209270358,-0.0249746702611446,-0.026015505194664,-0.0187624208629131,0.0046274210326373,0.026007741689682,-0.0005247294320724,-0.0321673266589641,0.0137090543285012,-0.0300214439630508,-0.0508719086647033,-0.016111372038722,0.0304978732019662,0.0292821265757083,0.0197693593800067,-0.0085173239931464,0.0193860214203596,0.0184807777404785,-0.0133008314296603,-0.0540173538029193,-0.0213388465344905,0.0021453308872878,0.0212179534137249,-0.0552628561854362,-0.0011478904634714,0.0243598911911249,-0.0258001815527677,-0.0072140367701649,-0.0490739196538925,0.0166946034878492,-0.0198760218918323,0.0059396317228674,-0.0320225838632869,0.0020739072072366,-0.0509170483060306,0.0171506684010511,-0.0628181739375881,0.0280350166104148,-0.0604870922971145,0.0297104534160748,0.0544139034193158,0.2191465591806063,-0.010980885815143,0.1475272093878068,2019-03-01,2019-03-04,2019-03-05,2019-03-06,2019-03-07,2019-03-08,2019-03-11,2019-03-12,2019-03-13,2019-03-14,85631.0,2019-02-28,252.0,-0.7731%,0.0009,1.4987,0.444,-0.9838,1.7424%,2.6160%,55.6352%,-0.005774,ADSK,85631.0,2019-03-01,252.0,-1.9876%,0.0007,1.5069,0.456,-0.9541,1.7499%,2.6187%,55.3482%,-0.035979,ADSK,85631.0,2019-03-04,252.0,-1.2393%,0.0007,1.5018,0.4727,-0.9528,1.7485%,2.6156%,55.3083%,0.000898,ADSK,85631.0,2019-03-05,252.0,-1.9520%,0.0007,1.5067,0.4987,-0.9424,1.7517%,2.6179%,55.2265%,-0.017878,ADSK,85631.0,2019-03-06,252.0,-0.7757%,0.0007,1.497,0.4809,-0.9557,1.7519%,2.6152%,55.1236%,0.01147,ADSK,85631.0,2019-03-07,252.0,-0.4820%,0.0007,1.4952,0.4796,-0.9586,1.7521%,2.6151%,55.1116%,0.004548,ADSK,85631.0,2019-03-08,252.0,-0.2618%,0.0001,1.5049,0.3247,-0.9349,1.5120%,2.4432%,61.6995%,-0.001288,ADSK,85631.0,2019-03-11,252.0,1.0960%,0.0001,1.4962,0.3072,-0.9405,1.5146%,2.4439%,61.5902%,-0.017584,ADSK,85631.0,2019-03-12,252.0,0.4999%,0.0001,1.5023,0.3053,-0.9342,1.5140%,2.4424%,61.5753%,0.001276,ADSK,85631.0,2019-03-13,252.0,-0.9237%,0.0001,1.4962,0.3193,-0.9375,1.5173%,2.4427%,61.4159%,-0.017818,ADSK,85631.0,2019-03-14,252.0,-0.1500%,0.0001,1.4944,0.3183,-0.937,1.5168%,2.4401%,61.3599%,0.004028,ADSK,-0.041753,-0.040855,-0.058733,-0.042715,-0.074101
14683,ASHFORD HOSPITALITY TRUST INC,"Ashford Hospitality Trust Q4 Adj. FFO $0.18 Down From $0.24 YoY, Sales $343.488M Beat $343.47M Estimate",6,decrease,0.7,0.6,"the decline in adjusted ffo from $0.24 to $0.18 year-over-year suggests weakening profitability, which is likely to negatively impact investor sentiment despite the slight beat in sales estimates.",0,2019-02-28,AHT,2019-02-28 22:41:00+00:00,89803.0,04410386,0.0037453146651387,638863.0,-0.1026119738817215,-0.001869112602435,0.0041580004617571,-0.0219378229230642,0.0248446967452764,-0.0232143066823482,-0.0363636016845703,0.0200364552438259,-0.0398322977125644,0.0018247722182422,0.0131004247814416,0.0320150814950466,0.0064655626192688,-0.0148422867059707,-0.002141376491636,0.0266666412353515,0.0085836835205554,-0.0056818574666976,0.0042553152889013,0.0212766211479902,-0.0042372844181954,-0.0057691796682775,0.0212766770273447,0.0156249850988388,-0.0395833440124988,-0.0393996313214302,0.0043383906595408,0.0269749257713556,0.0259179007261991,-0.0019230293110013,-0.0294736567884683,0.0038610002957284,0.0281994864344596,0.0318724811077117,0.0295359380543232,0.0141414497047662,0.0163934268057346,0.0,0.0241935476660728,0.0421052239835262,-0.0423387177288532,0.0021097529679536,0.0400000102818012,0.0063693700358271,0.0202428959310054,0.0194805525243282,0.0198412518948316,0.0021691436413675,0.0311284679919481,-0.0149572007358074,0.0188679061830043,-0.0310559216886758,0.0129629066213965,0.0168420895934104,-0.0548445582389831,0.0171306040138006,0.0077369362115859,0.0064655626192688,-0.0038387679960578,0.008695644326508,-0.001926826313138,-0.0254237055778503,-0.0038610002957284,-0.0021142133045941,-0.0019379365257918,-0.0063025648705661,-0.0097087742760777,0.0258621480315923,0.0117646949365735,0.0380313396453857,-0.0135658327490091,0.0252292789518833,0.0176816638559103,0.0872817635536193,0.0231660939753055,-0.0243308767676353,0.0,0.027500033378601,0.0339622311294078,0.0204081442207098,0.0091241225600242,0.007481257431209,-0.0036166328936815,-0.0219511408358812,0.0235933996737003,0.04060909897089,0.007092191837728,-0.0174564011394977,-0.0035211234353482,0.0025000572204589,0.0017668249784037,-0.0338163934648037,-0.0299823768436908,-0.0416667349636554,-0.003636360168457,0.0588235929608345,0.0054744910448789,-0.053364273160696,-0.0108893681317567,0.0,-0.038532119244337,-0.0357941500842571,0.0057252310216426,-0.0261438693851232,0.005692639388144,-0.0150213940069079,0.0226414874196052,-0.0106157520785927,-0.0239852610975503,-0.032854177057743,-0.0340264327824115,0.0103733846917748,0.0,-0.0493096634745597,-0.0117416717112064,0.0242424979805946,-0.0217822045087814,-0.01590465195477,0.0,-0.0175780616700649,-0.1026119738817215,-0.001869112602435,-0.0988806340547463,-0.0237659312642037,-0.0764925966765407,-0.0464285283295932,-0.1455224234454978,-0.0255474210375015,-0.1194030452121831,0.0328820266900762,-0.0082902215126108,0.1608696257027497,-0.056060443332818,0.0748964272710959,2019-03-01,2019-03-04,2019-03-05,2019-03-06,2019-03-07,2019-03-08,2019-03-11,2019-03-12,2019-03-13,2019-03-14,89803.0,2019-02-28,252.0,0.3745%,0.0003,0.9772,1.4358,0.5173,1.9339%,2.2679%,27.2826%,0.007778,AHT,89803.0,2019-03-01,252.0,-10.2612%,-0.0002,0.958,1.407,0.5394,2.0579%,2.3580%,23.8307%,-0.1118329999999999,AHT,89803.0,2019-03-04,252.0,0.4158%,-0.0002,0.9613,1.3846,0.5411,2.0585%,2.3568%,23.7137%,0.012574,AHT,89803.0,2019-03-05,252.0,2.4845%,-0.0003,0.9422,1.2573,0.5157,2.0318%,2.3064%,22.3910%,0.03198,AHT,89803.0,2019-03-06,252.0,-3.6364%,-0.0005,0.932,1.2965,0.5094,2.0250%,2.3069%,22.9431%,-0.012903,AHT,89803.0,2019-03-07,252.0,-3.9832%,-0.0006,0.9437,1.2967,0.5251,2.0329%,2.3168%,23.0061%,-0.029692,AHT,89803.0,2019-03-08,252.0,1.3100%,-0.0006,0.9424,1.2829,0.5237,2.0338%,2.3146%,22.7907%,0.015331,AHT,89803.0,2019-03-11,252.0,0.6466%,-0.0006,0.938,1.2722,0.5199,2.0340%,2.3138%,22.7225%,-0.009561,AHT,89803.0,2019-03-12,252.0,-0.2141%,-0.0006,0.9364,1.2725,0.5181,2.0340%,2.3116%,22.5730%,-0.000599,AHT,89803.0,2019-03-13,252.0,0.8584%,-0.0006,0.9386,1.2671,0.5192,2.0343%,2.3117%,22.5609%,0.005784,AHT,89803.0,2019-03-14,252.0,0.4255%,-0.0006,0.9397,1.2619,0.5218,2.0351%,2.3119%,22.5126%,0.008741,AHT,-0.1040549999999999,-0.0914809999999999,-0.0595009999999999,-0.1020959999999999,-0.0823999999999999
14691,ASHFORD INC,"Ashford Inc. Common Stock Q4 EPS $2.20 Beats $1.15 Estimate, Sales $50.976M Beat $42.97M Estimate",6,increase,0.85,0.7,"the significant earnings per share (eps) beat and sales exceeding estimates typically indicate strong financial performance, which is likely to boost investor confidence and increase the stock price.",2,2019-02-28,AINC,2019-02-28 23:07:00+00:00,15028.0,04410410,0.0008180503500625,3588.0,0.0449566803872585,0.0567995123565197,-0.050844807177782,-0.0030167081858962,-0.0403823480010032,-0.0287962704896926,0.0006869992939755,0.030538311228156,-0.0163061618804931,0.0124017307534813,0.0080265058204531,-0.0112262777984142,-0.0034620177466422,-0.0383656807243824,0.0165016632527113,-0.0090519953519105,-0.009227629750967,0.0033024593722075,0.0203518513590097,-0.0332055874168872,-0.0027045274619013,0.0122818080708384,-0.0169491525739431,0.0346095897257328,-0.0086206896230578,-0.0195081736892461,-0.0027826060540974,-0.0018000426935032,-0.0223229639232158,0.0049333865754306,0.0017837757477536,-0.046427235007286,0.002670967252925,-0.0101560652256012,-0.0092523507773876,-0.0088461069390177,0.0004122462996747,-0.0121581004932522,0.0123270926997065,0.0444444939494133,-0.0171681623905897,0.0732538178563118,0.0104448376223444,0.0407801270484924,0.0024950879160314,0.0348624140024185,-0.025422228500247,0.0271390620619058,0.0081995809450745,0.0500693172216415,0.0112267825752496,0.0397119410336017,0.0109143070876598,-0.037623792886734,0.0,-0.006101188249886,0.0,-0.0407777950167655,0.0030973316170275,-0.0043232995085418,-0.0030877678655087,0.0015060586156323,-0.0176991149783134,0.0020750917028635,0.0097297457978129,-0.0201478768140077,-0.0057102013379335,0.0302799511700868,0.0193825922906398,-0.0221601948142051,-0.0109154740348458,0.0326923206448555,0.0008899828535504,-0.0095238098874688,0.0030233324505388,-0.0064345221035182,0.0026595338713377,0.0181117262691259,-0.0008841598173603,0.0021239737980067,-0.0146902976557612,0.024125000461936,-0.0048499489203095,-0.0149980606511235,0.0099277840927243,0.0118249598890543,-0.023949958384037,-0.0335237793624401,0.0111701264977455,-0.0454545468091964,-0.0039840857498347,-0.0294688232243061,-0.0096363415941596,0.0247739404439926,0.0023865844123065,-0.0016248448519036,-0.0184981375932693,-0.06150459125638,0.0018659912748262,0.0003389908233657,-0.0545725524425506,0.0153157701715827,-0.0614657029509544,-0.0666559264063835,-0.0002098724071402,0.0502698980271816,0.0008397459750995,-0.0875789150595665,0.0048249079845845,-0.0383362397551536,-0.0148226069286465,0.0208521801978349,-0.0230981186032295,-0.0267647020518779,-0.0193058438599109,0.0149253727868199,0.0727715343236923,0.0151515156030654,-0.0536082163453102,0.0549871884286403,0.0449566803872585,0.0567995123565197,-0.0081739405361668,0.0536114566167424,-0.048226205625899,0.0232713761209677,-0.0631027773420446,0.0675982334034506,-0.0328592178847144,-0.0242656530870523,-0.0734837181938475,0.1488721395721024,-0.2496321232673356,-0.0230179464324482,2019-03-01,2019-03-04,2019-03-05,2019-03-06,2019-03-07,2019-03-08,2019-03-11,2019-03-12,2019-03-13,2019-03-14,15028.0,2019-02-28,252.0,0.0818%,-0.0015,0.0949,-0.693,-0.5492,3.1515%,3.1835%,1.9964%,-0.000171,AINC,15028.0,2019-03-01,252.0,4.4957%,-0.0015,0.1287,-0.6427,-0.518,3.1545%,3.1853%,1.9251%,0.043996,AINC,15028.0,2019-03-04,252.0,-5.0845%,-0.0017,0.1359,-0.6224,-0.53,3.1697%,3.2005%,1.9138%,-0.050816,AINC,15028.0,2019-03-05,252.0,-4.0382%,-0.0017,0.1518,-0.5263,-0.5033,3.1705%,3.1982%,1.7258%,-0.0434429999999999,AINC,15028.0,2019-03-06,252.0,0.0687%,-0.0018,0.1435,-0.5123,-0.5108,3.1686%,3.1958%,1.6947%,-0.0045579999999999,AINC,15028.0,2019-03-07,252.0,-1.6306%,-0.0018,0.151,-0.506,-0.499,3.1700%,3.1970%,1.6766%,-0.0172639999999999,AINC,15028.0,2019-03-08,252.0,0.8027%,-0.0018,0.1493,-0.5003,-0.5019,3.1704%,3.1972%,1.6677%,0.007673,AINC,15028.0,2019-03-11,252.0,-0.3462%,-0.0017,0.1477,-0.5246,-0.5149,3.1670%,3.1949%,1.7400%,-0.006586,AINC,15028.0,2019-03-12,252.0,1.6502%,-0.0018,0.1246,-0.5268,-0.5424,3.1633%,3.1910%,1.7263%,0.014162,AINC,15028.0,2019-03-13,252.0,-0.9228%,-0.0018,0.1216,-0.5258,-0.5454,3.1638%,3.1914%,1.7194%,-0.011417,AINC,15028.0,2019-03-14,252.0,2.0352%,-0.0018,0.1269,-0.5393,-0.5386,3.1651%,3.1930%,1.7403%,0.019864,AINC,0.043825,-0.0069909999999999,-0.0504339999999999,-0.0722559999999999,-0.0485599999999999
14699,ALAMO GROUP INC,"Alamo Group Q4 EPS $1.38 Beats $1.30 Estimate, Sales $256.038M Beat $252.83M Estimate",6,increase,0.8,0.6,"the company reported better-than-expected earnings per share and sales, which typically leads to positive investor sentiment and an increase in stock price.",2,2019-02-28,ALG,2019-02-28 22:41:00+00:00,78950.0,01131110,0.0108409514650702,84524.0,0.0088504627346992,0.0072087384760379,0.0003096168802585,0.0014863508986309,0.0050557726062834,-0.0055954260751605,0.0062621184624731,0.0088401520624756,-0.0161191001534462,0.0128371361643075,0.021878894418478,0.0288568101823329,-0.0026382762007415,0.0125870425254106,-0.0120052937418222,0.0166819784790277,0.0195654574781656,0.0044760634191334,-0.0079790009185671,0.0011490115430206,0.0012216974282637,0.013154799118638,0.00762660196051,-0.0019751151558011,0.0017156706890091,-0.0011604790342971,0.0029216292314231,-0.0065713594667613,-0.0016072692815214,0.0010386189678683,-0.0211288705468177,-0.0017281280597671,0.0038030911237001,0.011772958561778,0.0020478900987654,-0.0039474787190556,0.0017371568828821,-0.0040472489781677,0.0092829102650284,0.011580366641283,0.010107135400176,-0.000233940736507,-0.0061036683619022,-0.0104154786095023,0.0044296267442405,-0.0044930805452167,0.0060138930566608,0.0125991813838481,0.0127528021112084,0.0022214713972061,-0.0057058711536228,-0.0051180929876863,0.0026713826227933,0.0319289863109588,-0.0349318459630012,0.0077416161075234,0.0036809877492487,0.0102501679211854,0.0082518085837364,-0.0020702118054032,0.0076791159808635,0.0071130958385765,-0.0092249158769845,0.0087838554754853,0.0072955843061208,0.01062763761729,0.0238406099379062,0.0098485657945275,-0.0002947413886431,0.0202241372317075,-0.0059950919821858,0.0133141446858644,0.026794534176588,0.0198349021375179,-0.0015406454913318,-0.020216453820467,-0.0144661972299218,-0.0084066418930888,0.0195713862776756,0.0065087215043604,0.0018235417082905,-0.0010403358610346,-0.0070894602686166,0.0053602256812155,0.006271724589169,0.034767311066389,-0.0076709468849003,-0.0306845512241125,0.0149773219600319,0.0013130051083862,0.0049504628404974,0.0166866891086101,-0.0094732856377959,-0.0437834151089191,-0.000573809898924,0.0092758769169449,0.0,0.0195718575268983,0.0032535535283386,-0.0175506602972745,-0.0234643183648586,-0.0042405785061419,0.0017581589054316,-0.0052410028874874,-0.0448517799377441,-0.0114985601976513,-0.0151081643998622,0.0176160838454961,-0.0239428393542766,-0.0200353320688009,0.0140172000974416,-0.0157509204000234,0.0273327119648456,-0.0159873701632022,-0.01202854514122,-0.0105059193447232,-0.0274452753365039,-0.0025295000523328,0.0124124567955732,-0.0068189939484,0.0088504627346992,0.0072087384760379,0.0091628198676185,0.0087058040895806,0.014264917607585,0.0030616653312121,0.0041649472735483,0.0249191518402001,0.0226988794131215,0.0916925613895385,0.0305081281326071,0.1586448053016609,-0.0051433160299877,0.1382691534935081,2019-03-01,2019-03-04,2019-03-05,2019-03-06,2019-03-07,2019-03-08,2019-03-11,2019-03-12,2019-03-13,2019-03-14,78950.0,2019-02-28,252.0,1.0841%,-0.0005,0.8478,0.6694,0.4715,1.4094%,1.6584%,27.7767%,0.014455,ALG,78950.0,2019-03-01,252.0,0.8850%,-0.0005,0.849,0.6711,0.4718,1.4095%,1.6575%,27.6803%,0.002601,ALG,78950.0,2019-03-04,252.0,0.0310%,-0.0004,0.8388,0.6997,0.4757,1.4041%,1.6507%,27.6414%,0.005479,ALG,78950.0,2019-03-05,252.0,0.5056%,-0.0003,0.8433,0.7418,0.4752,1.3946%,1.6480%,28.3903%,0.0097019999999999,ALG,78950.0,2019-03-06,252.0,0.6262%,-0.0002,0.8285,0.6999,0.4528,1.4002%,1.6448%,27.5345%,0.022413,ALG,78950.0,2019-03-07,252.0,-1.6119%,-0.0004,0.8261,0.6737,0.4422,1.3931%,1.6356%,27.4566%,-0.007431,ALG,78950.0,2019-03-08,252.0,2.1879%,-0.0002,0.8222,0.6835,0.4354,1.4004%,1.6413%,27.1998%,0.024021,ALG,78950.0,2019-03-11,252.0,-0.2638%,-0.0004,0.8138,0.6956,0.4467,1.3977%,1.6372%,27.1169%,-0.015176,ALG,78950.0,2019-03-12,252.0,-1.2005%,-0.0005,0.8034,0.703,0.4378,1.3978%,1.6315%,26.5956%,-0.011825,ALG,78950.0,2019-03-13,252.0,1.9565%,-0.0004,0.8089,0.6923,0.4412,1.4013%,1.6358%,26.6187%,0.015912,ALG,78950.0,2019-03-14,252.0,-0.7979%,-0.0004,0.8067,0.696,0.4393,1.4009%,1.6348%,26.5642%,-0.005745,ALG,0.017056,0.022535,0.032237,0.047219,0.0544059999999999
14707,ALTAIR ENGINEERING INC,Altair Sees Q1 Sales $123M-$125MM FY19 Sales $470M-$474M,6,increase,0.7,0.6,"the projected sales figures for q1 and fy19 suggest positive growth, which is likely to boost investor confidence and lead to an increase in stock price.",2,2019-02-28,ALTR,2019-02-28 22:49:00+00:00,17034.0,02136910,0.0221966132521629,549543.0,0.0287648197263479,-0.0158865638077259,-0.0095942569896578,0.0750228464603424,-0.0143924839794635,-0.0087666539475321,-0.0030890370253473,-0.0140088647603988,0.0169013645499944,-0.0169939007610082,-0.0027700408827513,-0.0043756626546382,0.0499999783933162,-0.0103926276788115,0.0193121582269668,0.0140515090897679,0.0007786814239807,0.0064820633269846,-0.007520770188421,-0.0014711106196045,0.0195975955575704,0.0131148267537355,-0.0194772463291883,-0.0047463616356253,-0.0146366329863667,0.0138345593586564,-0.0087533639743924,-0.0148148145526647,0.019802026450634,-0.0005922552081756,-0.050380527973175,0.0110778119415044,0.0102238953113555,0.0179823264479637,0.0216082353144884,0.0132798114791512,-0.0037483104970306,0.0015465274918824,0.0067186243832111,0.052751637995243,-0.0173517819494009,-0.0042153391987085,0.0331430956721305,-0.013119994662702,0.0378649085760116,0.0132944174110889,-0.014948065392673,-0.0193958859890699,-0.027777824550867,-0.0022208024747669,-0.0063491500914096,0.0190753359347581,-0.0130458371713757,-0.0054662404581904,-0.0132181784138083,0.0280991867184639,0.0051940572448074,0.0181757304817438,-0.0046233879402279,0.0241295713931322,-0.0024590205866843,-0.0075264903716742,-0.0041084010154008,0.0096718054264783,0.0167766939848661,-0.0044703977182507,-0.0070327869616448,0.0031045239884406,0.0021792927291244,0.0413074567914009,0.0337047539651393,0.0269273146986961,0.0205101929605007,0.0577448904514312,0.0046379878185689,-0.0422272458672523,-0.0215439889580011,-0.0297316778451204,0.0070772380568087,0.0314136184751987,0.0148361148312687,-0.0161883924156427,0.0115413423627615,0.0044346209615468,-0.0438640862703323,0.06117644906044,-0.0206841360777616,-0.0089389644563198,0.009748188778758,-0.0581991262733936,0.0080450316891074,-0.0108617357909679,-0.012769341468811,0.0165624134242534,0.0113176545128226,-0.0043972455896437,-0.009592343121767,-0.0040145511738955,-0.0317459404468536,-0.0580955818295478,-0.0539039261639118,-0.0149001190438866,0.0091042993590235,0.0239251218736171,0.0462747402489185,-0.0256756823509931,0.0127955237403512,0.0116199636831879,-0.0112606389448046,-0.0434782579541206,-0.0125000216066837,0.0065811374224722,0.0340365432202816,-0.0788118243217468,0.0146899055689573,0.0210461243987083,-0.0077748238109052,0.0316092483699321,0.008376152254641,0.010648594237864,0.0287648197263479,-0.0158865638077259,0.0188945856639741,0.0579444274152871,0.0042301616630433,0.0486697947244172,0.0180484877729285,0.0164077828139208,0.0792442592430642,0.0205942041707767,0.0321488835192185,0.1957945021253158,0.052453488113171,0.1193933271757912,2019-03-01,2019-03-04,2019-03-05,2019-03-06,2019-03-07,2019-03-08,2019-03-11,2019-03-12,2019-03-13,2019-03-14,17034.0,2019-02-28,252.0,2.2197%,0.0008,1.1734,0.4053,-1.0345,2.2487%,2.7900%,35.0347%,0.023041,ALTR,17034.0,2019-03-01,252.0,2.8765%,0.0008,1.1756,0.4086,-1.0376,2.2505%,2.7939%,35.1169%,0.014913,ALTR,17034.0,2019-03-04,252.0,-0.9594%,0.0008,1.1784,0.3983,-1.038,2.2502%,2.7947%,35.1720%,0.00211,ALTR,17034.0,2019-03-05,252.0,-1.4392%,0.0008,1.1831,0.4254,-1.0293,2.2511%,2.7961%,35.1864%,-0.013736,ALTR,17034.0,2019-03-06,252.0,-0.3089%,0.0009,1.1831,0.3971,-1.0332,2.2515%,2.7963%,35.1674%,0.01253,ALTR,17034.0,2019-03-07,252.0,1.6901%,0.0009,1.167,0.362,-1.0646,2.2510%,2.7921%,35.0045%,0.023381,ALTR,17034.0,2019-03-08,252.0,-0.2770%,0.0005,1.1735,0.2624,-1.049,2.1779%,2.7239%,36.0692%,-0.002284,ALTR,17034.0,2019-03-11,252.0,5.0000%,0.0007,1.1878,0.2439,-1.0669,2.1742%,2.7363%,36.8627%,0.0260259999999999,ALTR,17034.0,2019-03-12,252.0,1.9312%,0.0008,1.1993,0.2345,-1.0577,2.1750%,2.7385%,36.9172%,0.016082,ALTR,17034.0,2019-03-13,252.0,0.0779%,0.0007,1.1978,0.2203,-1.0627,2.1708%,2.7347%,36.9894%,-0.0058699999999999,ALTR,17034.0,2019-03-14,252.0,-0.7521%,0.0007,1.195,0.2232,-1.0642,2.1700%,2.7329%,36.9473%,-0.002322,ALTR,0.037954,0.040064,0.026328,0.062239,0.093871
14715,ALTAIR ENGINEERING INC,"Altair Engineering Q4 Adj EPS $0.05 Misses $0.10 Estimate, Sales $103.011M Beat $98.45M Estimate",6,decrease,0.7,0.6,"the miss on adjusted eps is likely to weigh more heavily on investor sentiment than the sales beat, leading to a potential decrease in stock price.",0,2019-02-28,ALTR,2019-02-28 22:47:00+00:00,17034.0,02136910,0.0221966132521629,549543.0,0.0287648197263479,-0.0158865638077259,-0.0095942569896578,0.0750228464603424,-0.0143924839794635,-0.0087666539475321,-0.0030890370253473,-0.0140088647603988,0.0169013645499944,-0.0169939007610082,-0.0027700408827513,-0.0043756626546382,0.0499999783933162,-0.0103926276788115,0.0193121582269668,0.0140515090897679,0.0007786814239807,0.0064820633269846,-0.007520770188421,-0.0014711106196045,0.0195975955575704,0.0131148267537355,-0.0194772463291883,-0.0047463616356253,-0.0146366329863667,0.0138345593586564,-0.0087533639743924,-0.0148148145526647,0.019802026450634,-0.0005922552081756,-0.050380527973175,0.0110778119415044,0.0102238953113555,0.0179823264479637,0.0216082353144884,0.0132798114791512,-0.0037483104970306,0.0015465274918824,0.0067186243832111,0.052751637995243,-0.0173517819494009,-0.0042153391987085,0.0331430956721305,-0.013119994662702,0.0378649085760116,0.0132944174110889,-0.014948065392673,-0.0193958859890699,-0.027777824550867,-0.0022208024747669,-0.0063491500914096,0.0190753359347581,-0.0130458371713757,-0.0054662404581904,-0.0132181784138083,0.0280991867184639,0.0051940572448074,0.0181757304817438,-0.0046233879402279,0.0241295713931322,-0.0024590205866843,-0.0075264903716742,-0.0041084010154008,0.0096718054264783,0.0167766939848661,-0.0044703977182507,-0.0070327869616448,0.0031045239884406,0.0021792927291244,0.0413074567914009,0.0337047539651393,0.0269273146986961,0.0205101929605007,0.0577448904514312,0.0046379878185689,-0.0422272458672523,-0.0215439889580011,-0.0297316778451204,0.0070772380568087,0.0314136184751987,0.0148361148312687,-0.0161883924156427,0.0115413423627615,0.0044346209615468,-0.0438640862703323,0.06117644906044,-0.0206841360777616,-0.0089389644563198,0.009748188778758,-0.0581991262733936,0.0080450316891074,-0.0108617357909679,-0.012769341468811,0.0165624134242534,0.0113176545128226,-0.0043972455896437,-0.009592343121767,-0.0040145511738955,-0.0317459404468536,-0.0580955818295478,-0.0539039261639118,-0.0149001190438866,0.0091042993590235,0.0239251218736171,0.0462747402489185,-0.0256756823509931,0.0127955237403512,0.0116199636831879,-0.0112606389448046,-0.0434782579541206,-0.0125000216066837,0.0065811374224722,0.0340365432202816,-0.0788118243217468,0.0146899055689573,0.0210461243987083,-0.0077748238109052,0.0316092483699321,0.008376152254641,0.010648594237864,0.0287648197263479,-0.0158865638077259,0.0188945856639741,0.0579444274152871,0.0042301616630433,0.0486697947244172,0.0180484877729285,0.0164077828139208,0.0792442592430642,0.0205942041707767,0.0321488835192185,0.1957945021253158,0.052453488113171,0.1193933271757912,2019-03-01,2019-03-04,2019-03-05,2019-03-06,2019-03-07,2019-03-08,2019-03-11,2019-03-12,2019-03-13,2019-03-14,17034.0,2019-02-28,252.0,2.2197%,0.0008,1.1734,0.4053,-1.0345,2.2487%,2.7900%,35.0347%,0.023041,ALTR,17034.0,2019-03-01,252.0,2.8765%,0.0008,1.1756,0.4086,-1.0376,2.2505%,2.7939%,35.1169%,0.014913,ALTR,17034.0,2019-03-04,252.0,-0.9594%,0.0008,1.1784,0.3983,-1.038,2.2502%,2.7947%,35.1720%,0.00211,ALTR,17034.0,2019-03-05,252.0,-1.4392%,0.0008,1.1831,0.4254,-1.0293,2.2511%,2.7961%,35.1864%,-0.013736,ALTR,17034.0,2019-03-06,252.0,-0.3089%,0.0009,1.1831,0.3971,-1.0332,2.2515%,2.7963%,35.1674%,0.01253,ALTR,17034.0,2019-03-07,252.0,1.6901%,0.0009,1.167,0.362,-1.0646,2.2510%,2.7921%,35.0045%,0.023381,ALTR,17034.0,2019-03-08,252.0,-0.2770%,0.0005,1.1735,0.2624,-1.049,2.1779%,2.7239%,36.0692%,-0.002284,ALTR,17034.0,2019-03-11,252.0,5.0000%,0.0007,1.1878,0.2439,-1.0669,2.1742%,2.7363%,36.8627%,0.0260259999999999,ALTR,17034.0,2019-03-12,252.0,1.9312%,0.0008,1.1993,0.2345,-1.0577,2.1750%,2.7385%,36.9172%,0.016082,ALTR,17034.0,2019-03-13,252.0,0.0779%,0.0007,1.1978,0.2203,-1.0627,2.1708%,2.7347%,36.9894%,-0.0058699999999999,ALTR,17034.0,2019-03-14,252.0,-0.7521%,0.0007,1.195,0.2232,-1.0642,2.1700%,2.7329%,36.9473%,-0.002322,ALTR,0.037954,0.040064,0.026328,0.062239,0.093871
14723,A M C ENTERTAINMENT HOLDINGS INC,"AMC Entertainment Hldgs Q4 Adj. EPS $0.53, Sales $1.413B Beat $1.4B Estimate",6,increase,0.8,0.6,"the company reported adjusted eps and sales that beat estimates, which is likely to positively influence investor sentiment and drive the stock price up.",2,2019-02-28,AMC,2019-02-28 22:46:00+00:00,14328.0,00165C10,0.0115356780588626,2173520.0,0.1404134184122086,0.0228613168001174,-0.03125,-0.0058650970458984,0.0077419281005859,-0.0165825188159942,-0.0313700251281261,0.0124087650328874,-0.0218109656125307,0.00219456711784,0.0081081129610538,0.0356060825288295,-0.0047554788179695,-0.0427846387028694,-0.015699628740549,0.0102564357221126,0.0006934971315786,0.0103626493364572,0.0034649504814296,0.0188536942005157,0.0013812470715492,0.0068337246775627,0.0344827584922313,-0.0400874763727188,-0.016666667535901,0.0300300735980272,0.0142372911795973,-0.0340826883912086,0.0307486653327941,-0.0199004784226417,-0.0233462806791067,-0.0195122417062521,0.0159362386912107,0.011275602504611,-0.0235294513404369,-0.0313993208110332,-0.0066934023052453,0.0375353917479515,-0.0047169607132673,-0.0049330298788845,0.0054163793101906,0.0128479190170764,0.0094275679439306,0.0,-0.0140093425288796,-0.0168420895934104,-0.0115020349621772,0.0333575084805488,0.0273785479366779,0.020725367590785,-0.0019987132400274,-0.065698467195034,0.0887850448489189,0.0248051304370164,-0.0098099233582615,0.000709168438334,0.0,-0.0146750546991825,-0.0018575096037238,0.0127388751134276,0.0192307345569133,0.0071276109665632,0.0042604804039001,0.0218499787151813,0.0054545546881854,-0.0157706290483474,0.0,-0.0425531826913356,-0.0325497835874557,0.031869675964117,-0.0492211245000362,0.0428360365331172,-0.0006553229759447,0.0367534086108207,0.0124589884653687,0.01318852417171,-0.0090673184022307,0.049674317240715,0.0065359100699424,-0.0112721696496009,0.0064935316331684,0.0180328097194433,-0.0219354946166276,-0.037854928523302,-0.0296833645552396,0.0342577546834945,-0.0006798251997679,-0.0064829760231077,-0.0074829701334238,-0.0493065789341926,0.0191912092268466,-0.0291698090732097,0.0067249750718474,-0.0422636196017265,-0.0213761292397975,-0.0078180283308029,-0.0696245431900024,-0.0303239505738019,0.0139398081228137,-0.0235531255602836,-0.0383501984179019,-0.0268500838428735,0.0158013571053743,0.0099206725135445,0.0059259203262627,0.0573426336050033,-0.0132548091933131,0.0021022937726229,-0.0201492179185152,-0.010936408303678,-0.0099009983241558,0.0259466953575611,0.0161538496613502,0.0028129369020462,-0.0128690442070365,0.0417582914233207,-0.0069018523208796,-0.0222063343971967,-0.0200772378593683,0.0086705116555094,0.1404134184122085,0.0228613168001174,0.104775499086827,0.0168621359125893,0.1133285915680462,4.105467077408775e-10,0.05488242520465,0.0146305644349948,0.0460968551783533,0.0460029902176126,0.1645775352239351,-0.0184005844874274,-0.0832203711417736,0.0162134084071778,2019-03-01,2019-03-04,2019-03-05,2019-03-06,2019-03-07,2019-03-08,2019-03-11,2019-03-12,2019-03-13,2019-03-14,14328.0,2019-02-28,252.0,1.1536%,0.0001,0.9437,1.0682,-0.0078,2.4816%,2.7441%,18.2195%,0.014065,AMC,14328.0,2019-03-01,252.0,14.0413%,0.0007,0.9513,1.0797,-0.0564,2.6051%,2.8659%,17.3715%,0.1304,AMC,14328.0,2019-03-04,252.0,-3.1250%,0.0006,0.946,1.1173,-0.0596,2.6067%,2.8710%,17.5620%,-0.021855,AMC,14328.0,2019-03-05,252.0,0.7742%,0.0005,0.9333,1.0265,-0.0731,2.5904%,2.8402%,16.8167%,0.012581,AMC,14328.0,2019-03-06,252.0,-3.1370%,0.0005,0.9413,1.0466,-0.0614,2.5910%,2.8474%,17.1997%,-0.010656,AMC,14328.0,2019-03-07,252.0,-2.1811%,0.0004,0.9474,1.0486,-0.0527,2.5925%,2.8499%,17.2503%,-0.013652,AMC,14328.0,2019-03-08,252.0,0.8108%,0.0006,0.9445,1.0766,-0.0589,2.5882%,2.8485%,17.4382%,0.009488,AMC,14328.0,2019-03-11,252.0,-0.4755%,0.0005,0.9326,1.0581,-0.0633,2.5919%,2.8479%,17.1732%,-0.0231,AMC,14328.0,2019-03-12,252.0,-1.5700%,0.0004,0.9236,1.0671,-0.0699,2.5931%,2.8464%,17.0067%,-0.0152089999999999,AMC,14328.0,2019-03-13,252.0,0.0693%,0.0004,0.9225,1.0742,-0.0694,2.5927%,2.8464%,17.0285%,-0.002206,AMC,14328.0,2019-03-14,252.0,0.3465%,0.0007,0.9085,1.0775,-0.0711,2.5717%,2.8226%,16.9874%,0.00891,AMC,0.1444649999999999,0.1226099999999999,0.1351909999999999,0.1108829999999999,0.0887659999999999
14731,A M C NETWORKS INC,"AMC Networks Q4 Adj. EPS $1.92 Beats $1.84 Estimate, Sales $773M Beat $755.93M Estimate",6,increase,0.8,0.7,"the company reported better-than-expected earnings and sales, which typically boosts investor confidence and can lead to an increase in stock price.",2,2019-02-28,AMCX,2019-02-28 12:17:00+00:00,12880.0,00164V10,0.0335010550916194,2078183.0,0.0103485053405165,0.0180944930762052,-0.0604006387293338,-0.0123358974233269,0.0073741436935961,-0.008312402293086,0.0041374652646481,0.0003137220337521,-0.0167986936867237,-0.0119361402466893,0.0056414967402815,0.0062393001280725,-0.0182721503078937,-0.0054297004826366,0.0112652834504842,0.0225253514945507,-0.047788169234991,0.0046215285547077,0.0130552807822823,0.0259973872452974,-0.0043514361605048,-0.0077871438115835,-0.0072281104512512,-0.0082059875130653,-0.0215035621076822,0.0,-0.0183422975242137,-0.0105078779160976,0.0130442744120955,-0.0170579049736261,-0.0200104657560586,0.0142857385799288,-0.0062144617550075,0.0092919236049056,0.0184026937931776,-0.0082618445158004,-0.0015789500903338,0.0148338945582509,0.0,-0.0400866754353046,-0.0026357674505561,0.004196522757411,0.0100423451513052,-0.0064855744130909,-0.0066283107735216,0.0093515962362289,0.0091308243572711,0.0153506100177764,0.0080041596665978,0.0269787069410085,0.0055239028297364,-0.0361842326819896,0.0090986918658018,0.0050377785228192,0.0030622712802141,0.0082539757713675,0.0110244490206241,0.0014306176453828,0.0005032508051954,0.0140231931582093,0.006874578539282,-0.0017699212767183,0.0036636339500546,-0.0041659721173346,-0.0031524577643722,0.0336203835904598,0.0108188698068261,0.0031567111145704,-0.0039518834091722,0.0287130456417799,-0.0310795344412326,0.0234388690441846,0.0006824930314905,0.013652422465384,0.0115942079573869,-0.0042372504249215,-0.011292802169919,0.0320699401199817,0.0189226157963275,0.0029239738360047,0.0093692718073725,0.0031164432875812,-0.0318249948322773,0.0126229869201779,0.0083890035748481,0.0407650843262672,-0.0261460244655609,-0.0089986836537718,-0.0191771667450666,-0.0141562856733799,0.0158194676041603,-0.0199778359383344,-0.016272971406579,-0.0051527195610105,-0.0046247267164289,-0.0164705850183963,-0.0060757710598409,-0.0233339164406061,0.003595842514187,0.0103589566424489,-0.0256180632859468,-0.0495671071112155,-0.006251152139157,0.0128954611718654,0.0053654192015528,0.0084966477006673,0.0130658643320202,-0.0067172441631555,0.0072661493904888,-0.0020625460892915,-0.0014427741989493,0.0196284428238868,-0.0012642169604077,-0.0207653865218162,-0.0045207957737147,-0.0265619810670614,-0.0112624689936637,-0.0046557830646634,0.0005511441850103,-0.0028188026044517,0.0103485053405165,0.0180944930762052,-0.0506771897212784,0.005535383842363,-0.0436767469066746,-0.0028230307880673,-0.0558514423619272,-0.0144163726155446,-0.0907015577562944,0.0395683799996793,-0.0923755885848567,0.0248227096484285,-0.1712068216594573,0.0542198689857176,2019-03-01,2019-03-04,2019-03-05,2019-03-06,2019-03-07,2019-03-08,2019-03-11,2019-03-12,2019-03-13,2019-03-14,12880.0,2019-02-28,252.0,3.3501%,0.001,0.8906,0.5574,0.4094,1.6589%,1.8895%,22.9178%,0.0371289999999999,AMCX,12880.0,2019-03-01,252.0,1.0349%,0.001,0.8953,0.5643,0.4153,1.6585%,1.8899%,22.9906%,0.0038669999999999,AMCX,12880.0,2019-03-04,252.0,-6.0401%,0.0009,0.8855,0.6471,0.4063,1.6807%,1.9125%,22.7686%,-0.055198,AMCX,12880.0,2019-03-05,252.0,0.7374%,0.0007,0.8736,0.5619,0.3938,1.6581%,1.8799%,22.2030%,0.011771,AMCX,12880.0,2019-03-06,252.0,0.4137%,0.0008,0.8725,0.5205,0.3869,1.6601%,1.8798%,22.0156%,0.018309,AMCX,12880.0,2019-03-07,252.0,-1.6799%,0.0009,0.8797,0.5385,0.4016,1.6590%,1.8828%,22.3579%,-0.008093,AMCX,12880.0,2019-03-08,252.0,0.5641%,0.001,0.8773,0.563,0.3964,1.6538%,1.8793%,22.5583%,0.0079,AMCX,12880.0,2019-03-11,252.0,-1.8272%,0.0009,0.8607,0.5472,0.3959,1.6662%,1.8831%,21.7130%,-0.0313989999999999,AMCX,12880.0,2019-03-12,252.0,1.1265%,0.0009,0.8598,0.5428,0.3931,1.6673%,1.8814%,21.4603%,0.010872,AMCX,12880.0,2019-03-13,252.0,-4.7788%,0.0007,0.842,0.5747,0.3815,1.6990%,1.9051%,20.4709%,-0.052302,AMCX,12880.0,2019-03-14,252.0,1.3055%,0.0008,0.8391,0.5693,0.3842,1.6993%,1.9032%,20.2853%,0.015019,AMCX,0.040996,-0.014202,-0.0024309999999999,0.007785,-0.042125
14739,AMERICAN TOWER CORP NEW,American Tower Corp shares are trading slightly higher on continued strength after the company beat Q4 earnings estimates.,6,increase,0.8,0.6,"beating q4 earnings estimates typically boosts investor confidence, leading to a likely increase in stock price.",2,2019-02-28,AMT,2019-02-28 18:44:00+00:00,86111.0,03027X10,0.017032315954566,2888508.0,0.010048278607428,-0.0047121439129114,0.0099483150988817,-0.0012052543461322,0.0076242145150899,-0.0135877775028348,0.0032585682347416,0.0006799069815315,0.0005505428416654,-0.0010187783045694,-0.0007702854927629,-0.0051238941960036,0.0195473991334438,-0.0012372130295261,0.003186413552612,0.0115479500964283,0.0079676751047372,0.0120322182774543,0.0039523877203464,0.0064314305782318,0.0053199976682662,-0.0023123251739889,-0.000423357298132,0.0032477690838277,0.0053999908268451,0.0024417079985141,0.0085829580202698,0.0102190058678388,0.01655013859272,-0.0125267561525106,-0.0054440591484308,0.0087164510041475,0.0105345137417316,0.0029924884438514,-0.0032704756595194,-0.0139435529708862,-0.0049218493513762,0.013902710750699,0.004327870439738,0.0060788406990468,0.0109270252287387,0.0082713440060615,-0.0230894293636083,0.0038229459896683,0.0135577404871583,0.0106248706579208,-0.0042538018897175,-0.0008444380946457,-0.0063821622170507,0.0067403488792479,0.0140377692878246,6.069415758247487e-05,0.0023498504888266,0.0017641639569774,0.0025481602642685,0.0036634881980717,0.0040666623972356,0.0044771279208362,0.0001525723782833,0.0102231055498123,0.0066616469994187,0.0,-0.0094464048743247,-0.0028420037124305,-0.0198378264904022,0.013652354478836,-0.0053589949384331,-0.0087528936564922,0.0091018751263618,0.0113001642748713,-0.0030584018677473,0.0061903591267764,0.0056155705824494,0.0039954651147127,-0.0008789977873675,0.0059971106238663,-0.0048646819777786,-0.0091661727055907,0.0047845100052654,-0.0040294616483151,-0.0039853230118751,0.0014501621481031,0.0148617783561348,0.0067924037575721,-0.0122375795617699,0.0311889369040727,-0.0005702172638848,-0.0279746726155281,0.0007779766456224,-0.0219140369445085,-0.0039906934835016,-0.006152331829071,-0.0121239805594086,0.0014170152135193,0.0094284601509571,0.0085124587640166,0.0045919688418507,-0.0339736118912696,0.0163099896162748,-0.0011990224011242,0.0062353122048079,0.0130580579861998,0.0060443030670285,-0.0119419433176517,0.0121168969199061,0.0027077258564531,0.0077318456023931,-0.0014419890940189,0.0020294445566833,-0.0071586957201361,-0.0206490773707628,0.0253854244947433,-0.0004035401216242,0.0024527464993298,0.01261543110013,-0.0085719712078571,0.0112124383449554,0.0108776073902845,0.0003942530602216,0.0044444520026445,0.010048278607428,-0.0047121439129114,0.0200965571480977,-0.005911718927113,0.0278739921258996,-0.0194191693085069,0.0317911223212967,-0.0197521392552678,0.0671019456292301,0.0035343909678073,0.1214881524227842,0.073110305080027,0.1577020187334432,0.0748367526718369,2019-03-01,2019-03-04,2019-03-05,2019-03-06,2019-03-07,2019-03-08,2019-03-11,2019-03-12,2019-03-13,2019-03-14,86111.0,2019-02-28,252.0,1.7032%,0.0009,0.3394,-0.3496,-0.0738,1.1093%,1.1800%,11.6130%,0.017926,AMT,86111.0,2019-03-01,252.0,1.0048%,0.001,0.3357,-0.3552,-0.083,1.1089%,1.1793%,11.5886%,0.008233,AMT,86111.0,2019-03-04,252.0,0.9948%,0.0011,0.3242,-0.3256,-0.0781,1.1016%,1.1657%,10.7024%,0.0105069999999999,AMT,86111.0,2019-03-05,252.0,0.7624%,0.0012,0.3255,-0.3113,-0.0793,1.1003%,1.1642%,10.6780%,0.0068889999999999,AMT,86111.0,2019-03-06,252.0,0.3259%,0.0011,0.317,-0.3059,-0.0881,1.0960%,1.1576%,10.3562%,0.002013,AMT,86111.0,2019-03-07,252.0,0.0551%,0.0011,0.3127,-0.3245,-0.0992,1.0919%,1.1543%,10.5145%,0.002555,AMT,86111.0,2019-03-08,252.0,-0.0770%,0.001,0.3135,-0.3344,-0.0974,1.0905%,1.1535%,10.6325%,-0.000179,AMT,86111.0,2019-03-11,252.0,1.9547%,0.001,0.3204,-0.3138,-0.0892,1.0899%,1.1535%,10.7191%,0.015484,AMT,86111.0,2019-03-12,252.0,0.3186%,0.001,0.3214,-0.3141,-0.0881,1.0899%,1.1532%,10.6738%,0.001346,AMT,86111.0,2019-03-13,252.0,0.7968%,0.001,0.323,-0.3242,-0.0888,1.0879%,1.1525%,10.8927%,0.004757,AMT,86111.0,2019-03-14,252.0,0.3952%,0.001,0.3257,-0.3266,-0.0876,1.0863%,1.1518%,11.0408%,0.003123,AMT,0.026159,0.036666,0.043555,0.048123,0.072654
14747,AMERICAN TOWER CORP NEW,"KeyBanc Maintains Overweight on American Tower, Raises Price Target to $185",6,increase,0.8,0.6,maintaining an 'overweight' rating and raising the price target typically signals positive sentiment and potential for stock price appreciation.,2,2019-02-28,AMT,2019-02-28 14:15:00+00:00,86111.0,03027X10,0.017032315954566,2888508.0,0.010048278607428,-0.0047121439129114,0.0099483150988817,-0.0012052543461322,0.0076242145150899,-0.0135877775028348,0.0032585682347416,0.0006799069815315,0.0005505428416654,-0.0010187783045694,-0.0007702854927629,-0.0051238941960036,0.0195473991334438,-0.0012372130295261,0.003186413552612,0.0115479500964283,0.0079676751047372,0.0120322182774543,0.0039523877203464,0.0064314305782318,0.0053199976682662,-0.0023123251739889,-0.000423357298132,0.0032477690838277,0.0053999908268451,0.0024417079985141,0.0085829580202698,0.0102190058678388,0.01655013859272,-0.0125267561525106,-0.0054440591484308,0.0087164510041475,0.0105345137417316,0.0029924884438514,-0.0032704756595194,-0.0139435529708862,-0.0049218493513762,0.013902710750699,0.004327870439738,0.0060788406990468,0.0109270252287387,0.0082713440060615,-0.0230894293636083,0.0038229459896683,0.0135577404871583,0.0106248706579208,-0.0042538018897175,-0.0008444380946457,-0.0063821622170507,0.0067403488792479,0.0140377692878246,6.069415758247487e-05,0.0023498504888266,0.0017641639569774,0.0025481602642685,0.0036634881980717,0.0040666623972356,0.0044771279208362,0.0001525723782833,0.0102231055498123,0.0066616469994187,0.0,-0.0094464048743247,-0.0028420037124305,-0.0198378264904022,0.013652354478836,-0.0053589949384331,-0.0087528936564922,0.0091018751263618,0.0113001642748713,-0.0030584018677473,0.0061903591267764,0.0056155705824494,0.0039954651147127,-0.0008789977873675,0.0059971106238663,-0.0048646819777786,-0.0091661727055907,0.0047845100052654,-0.0040294616483151,-0.0039853230118751,0.0014501621481031,0.0148617783561348,0.0067924037575721,-0.0122375795617699,0.0311889369040727,-0.0005702172638848,-0.0279746726155281,0.0007779766456224,-0.0219140369445085,-0.0039906934835016,-0.006152331829071,-0.0121239805594086,0.0014170152135193,0.0094284601509571,0.0085124587640166,0.0045919688418507,-0.0339736118912696,0.0163099896162748,-0.0011990224011242,0.0062353122048079,0.0130580579861998,0.0060443030670285,-0.0119419433176517,0.0121168969199061,0.0027077258564531,0.0077318456023931,-0.0014419890940189,0.0020294445566833,-0.0071586957201361,-0.0206490773707628,0.0253854244947433,-0.0004035401216242,0.0024527464993298,0.01261543110013,-0.0085719712078571,0.0112124383449554,0.0108776073902845,0.0003942530602216,0.0044444520026445,0.010048278607428,-0.0047121439129114,0.0200965571480977,-0.005911718927113,0.0278739921258996,-0.0194191693085069,0.0317911223212967,-0.0197521392552678,0.0671019456292301,0.0035343909678073,0.1214881524227842,0.073110305080027,0.1577020187334432,0.0748367526718369,2019-03-01,2019-03-04,2019-03-05,2019-03-06,2019-03-07,2019-03-08,2019-03-11,2019-03-12,2019-03-13,2019-03-14,86111.0,2019-02-28,252.0,1.7032%,0.0009,0.3394,-0.3496,-0.0738,1.1093%,1.1800%,11.6130%,0.017926,AMT,86111.0,2019-03-01,252.0,1.0048%,0.001,0.3357,-0.3552,-0.083,1.1089%,1.1793%,11.5886%,0.008233,AMT,86111.0,2019-03-04,252.0,0.9948%,0.0011,0.3242,-0.3256,-0.0781,1.1016%,1.1657%,10.7024%,0.0105069999999999,AMT,86111.0,2019-03-05,252.0,0.7624%,0.0012,0.3255,-0.3113,-0.0793,1.1003%,1.1642%,10.6780%,0.0068889999999999,AMT,86111.0,2019-03-06,252.0,0.3259%,0.0011,0.317,-0.3059,-0.0881,1.0960%,1.1576%,10.3562%,0.002013,AMT,86111.0,2019-03-07,252.0,0.0551%,0.0011,0.3127,-0.3245,-0.0992,1.0919%,1.1543%,10.5145%,0.002555,AMT,86111.0,2019-03-08,252.0,-0.0770%,0.001,0.3135,-0.3344,-0.0974,1.0905%,1.1535%,10.6325%,-0.000179,AMT,86111.0,2019-03-11,252.0,1.9547%,0.001,0.3204,-0.3138,-0.0892,1.0899%,1.1535%,10.7191%,0.015484,AMT,86111.0,2019-03-12,252.0,0.3186%,0.001,0.3214,-0.3141,-0.0881,1.0899%,1.1532%,10.6738%,0.001346,AMT,86111.0,2019-03-13,252.0,0.7968%,0.001,0.323,-0.3242,-0.0888,1.0879%,1.1525%,10.8927%,0.004757,AMT,86111.0,2019-03-14,252.0,0.3952%,0.001,0.3257,-0.3266,-0.0876,1.0863%,1.1518%,11.0408%,0.003123,AMT,0.026159,0.036666,0.043555,0.048123,0.072654
14755,AMERICAN TOWER CORP NEW,Oppenheimer Downgrades American Tower to Market Perform,6,decrease,0.8,0.6,"a downgrade from a reputable firm like oppenheimer typically signals reduced expectations for the company's performance, which can lead to a decline in stock price.",0,2019-02-28,AMT,2019-02-28 11:57:00+00:00,86111.0,03027X10,0.017032315954566,2888508.0,0.010048278607428,-0.0047121439129114,0.0099483150988817,-0.0012052543461322,0.0076242145150899,-0.0135877775028348,0.0032585682347416,0.0006799069815315,0.0005505428416654,-0.0010187783045694,-0.0007702854927629,-0.0051238941960036,0.0195473991334438,-0.0012372130295261,0.003186413552612,0.0115479500964283,0.0079676751047372,0.0120322182774543,0.0039523877203464,0.0064314305782318,0.0053199976682662,-0.0023123251739889,-0.000423357298132,0.0032477690838277,0.0053999908268451,0.0024417079985141,0.0085829580202698,0.0102190058678388,0.01655013859272,-0.0125267561525106,-0.0054440591484308,0.0087164510041475,0.0105345137417316,0.0029924884438514,-0.0032704756595194,-0.0139435529708862,-0.0049218493513762,0.013902710750699,0.004327870439738,0.0060788406990468,0.0109270252287387,0.0082713440060615,-0.0230894293636083,0.0038229459896683,0.0135577404871583,0.0106248706579208,-0.0042538018897175,-0.0008444380946457,-0.0063821622170507,0.0067403488792479,0.0140377692878246,6.069415758247487e-05,0.0023498504888266,0.0017641639569774,0.0025481602642685,0.0036634881980717,0.0040666623972356,0.0044771279208362,0.0001525723782833,0.0102231055498123,0.0066616469994187,0.0,-0.0094464048743247,-0.0028420037124305,-0.0198378264904022,0.013652354478836,-0.0053589949384331,-0.0087528936564922,0.0091018751263618,0.0113001642748713,-0.0030584018677473,0.0061903591267764,0.0056155705824494,0.0039954651147127,-0.0008789977873675,0.0059971106238663,-0.0048646819777786,-0.0091661727055907,0.0047845100052654,-0.0040294616483151,-0.0039853230118751,0.0014501621481031,0.0148617783561348,0.0067924037575721,-0.0122375795617699,0.0311889369040727,-0.0005702172638848,-0.0279746726155281,0.0007779766456224,-0.0219140369445085,-0.0039906934835016,-0.006152331829071,-0.0121239805594086,0.0014170152135193,0.0094284601509571,0.0085124587640166,0.0045919688418507,-0.0339736118912696,0.0163099896162748,-0.0011990224011242,0.0062353122048079,0.0130580579861998,0.0060443030670285,-0.0119419433176517,0.0121168969199061,0.0027077258564531,0.0077318456023931,-0.0014419890940189,0.0020294445566833,-0.0071586957201361,-0.0206490773707628,0.0253854244947433,-0.0004035401216242,0.0024527464993298,0.01261543110013,-0.0085719712078571,0.0112124383449554,0.0108776073902845,0.0003942530602216,0.0044444520026445,0.010048278607428,-0.0047121439129114,0.0200965571480977,-0.005911718927113,0.0278739921258996,-0.0194191693085069,0.0317911223212967,-0.0197521392552678,0.0671019456292301,0.0035343909678073,0.1214881524227842,0.073110305080027,0.1577020187334432,0.0748367526718369,2019-03-01,2019-03-04,2019-03-05,2019-03-06,2019-03-07,2019-03-08,2019-03-11,2019-03-12,2019-03-13,2019-03-14,86111.0,2019-02-28,252.0,1.7032%,0.0009,0.3394,-0.3496,-0.0738,1.1093%,1.1800%,11.6130%,0.017926,AMT,86111.0,2019-03-01,252.0,1.0048%,0.001,0.3357,-0.3552,-0.083,1.1089%,1.1793%,11.5886%,0.008233,AMT,86111.0,2019-03-04,252.0,0.9948%,0.0011,0.3242,-0.3256,-0.0781,1.1016%,1.1657%,10.7024%,0.0105069999999999,AMT,86111.0,2019-03-05,252.0,0.7624%,0.0012,0.3255,-0.3113,-0.0793,1.1003%,1.1642%,10.6780%,0.0068889999999999,AMT,86111.0,2019-03-06,252.0,0.3259%,0.0011,0.317,-0.3059,-0.0881,1.0960%,1.1576%,10.3562%,0.002013,AMT,86111.0,2019-03-07,252.0,0.0551%,0.0011,0.3127,-0.3245,-0.0992,1.0919%,1.1543%,10.5145%,0.002555,AMT,86111.0,2019-03-08,252.0,-0.0770%,0.001,0.3135,-0.3344,-0.0974,1.0905%,1.1535%,10.6325%,-0.000179,AMT,86111.0,2019-03-11,252.0,1.9547%,0.001,0.3204,-0.3138,-0.0892,1.0899%,1.1535%,10.7191%,0.015484,AMT,86111.0,2019-03-12,252.0,0.3186%,0.001,0.3214,-0.3141,-0.0881,1.0899%,1.1532%,10.6738%,0.001346,AMT,86111.0,2019-03-13,252.0,0.7968%,0.001,0.323,-0.3242,-0.0888,1.0879%,1.1525%,10.8927%,0.004757,AMT,86111.0,2019-03-14,252.0,0.3952%,0.001,0.3257,-0.3266,-0.0876,1.0863%,1.1518%,11.0408%,0.003123,AMT,0.026159,0.036666,0.043555,0.048123,0.072654
14763,ASSEMBLY BIOSCIENCES INC,"Assembly Biosciences Q4 EPS $(1.03) Misses $(0.91) Estimate, Sales $3.7M Miss $4.19M Estimate",6,decrease,0.8,0.7,"the company reported a larger-than-expected loss and lower sales than anticipated, which typically leads to a negative reaction in the stock market.",0,2019-02-28,ASMB,2019-02-28 22:03:00+00:00,12497.0,04539610,-0.0390835963189601,112431.0,-0.0229078903794288,0.0286506861448288,-0.0177032984793186,-0.0004619043320417,-0.0155870234593749,0.0135767320170998,-0.0643245577812194,-0.0210815351456403,-0.0037017290014773,0.0277908705174922,-0.0355626381933689,-0.0560249090194702,0.0330214835703373,-0.0170454289764165,0.0532765053212642,0.0079294443130493,0.0166919529438018,-0.0565253011882305,0.0064676199108362,0.0238297637552022,0.0,0.0329670347273349,-0.0291646160185337,0.0115607036277651,0.0122199477627873,0.0349747017025947,-0.0578470639884471,-0.0086679076775908,0.0144154010340571,-0.0477845519781112,-0.0421052239835262,0.0487471371889114,-0.0274725258350372,-0.0468953475356102,0.0169491078704595,0.0109745385125279,0.0599999949336051,0.0359254628419876,0.0581761337816715,0.0421800650656223,-0.0247647352516651,0.0018993787234649,-0.0172676555812358,-0.0042553264647722,0.0093023413792252,0.0109942415729165,0.0194572024047374,0.0295275785028934,-0.0135610476136207,-0.0078124925494194,0.0473523586988449,-0.02476192638278,0.0111813098192215,-0.0117647061124444,-0.0153846014291048,-0.0018788592424243,-0.0786132216453552,-0.0042094597592949,0.0386857204139232,0.0578921400010585,-0.0413265042006969,-0.0417259857058525,-0.2134114354848862,0.0566132813692092,0.1001353561878204,-0.0927273109555244,-0.0104551091790199,-0.087893895804882,0.0298321656882762,-0.0324909538030624,-0.0615570023655891,0.0470390953123569,-0.0218649618327617,0.0596350766718387,0.0262984633445739,-0.0247396510094404,0.004484346602112,0.0185676421970129,0.0044642663560807,0.02260397747159,0.0152380811050534,0.0207660719752311,-0.0131332110613584,0.0060352440923452,-0.0278833713382482,0.0753869265317916,0.0084745837375521,0.0346074402332305,-0.0180995911359787,0.0162730384618043,0.1125740706920624,-0.0689149498939514,-0.0372780561447143,-0.0077595417387783,-0.0116779673844575,-0.0346441827714443,0.0087064299732446,-0.0255474206060171,0.0369913950562477,-0.0364835113286972,-0.0487514697015285,-0.0595287531614303,0.0281250476837158,-0.0082000354304909,-0.0297872759401798,-0.0290605667978525,-0.0087719513103365,0.009240717627108,-0.0379266403615474,-0.0047981142997741,-0.0078843552619218,0.0129607003182172,0.0178807619959116,-0.038176842033863,0.0058555728755891,-0.0042668972164392,-0.0232858769595623,0.0003880570002365,0.0337747856974601,-0.024971617385745,-0.0229078903794288,0.0286506861448287,-0.0402056436378289,0.0281755479367407,-0.0551659807866217,0.0421348118176125,-0.1192145543451211,0.0485162838594999,-0.0542309454825045,-0.052765948088415,-0.0836839236145785,0.1014349980853213,-0.2702197159030041,-0.1577752509407337,2019-03-01,2019-03-04,2019-03-05,2019-03-06,2019-03-07,2019-03-08,2019-03-11,2019-03-12,2019-03-13,2019-03-14,12497.0,2019-02-28,252.0,-3.9084%,-0.004,0.9852,1.1648,-1.1458,3.4767%,3.8703%,19.3046%,-0.039281,ASMB,12497.0,2019-03-01,252.0,-2.2908%,-0.0042,0.9916,1.1743,-1.1202,3.4804%,3.8718%,19.1985%,-0.038053,ASMB,12497.0,2019-03-04,252.0,-1.7703%,-0.0044,1.0081,1.1189,-1.1243,3.4731%,3.8668%,19.3250%,-0.0035709999999999,ASMB,12497.0,2019-03-05,252.0,-1.5587%,-0.0043,1.0147,1.1646,-1.1163,3.4705%,3.8675%,19.4764%,-0.013193,ASMB,12497.0,2019-03-06,252.0,-6.4325%,-0.0043,1.048,1.2239,-1.0706,3.4712%,3.8815%,20.0250%,-0.04077,ASMB,12497.0,2019-03-07,252.0,-0.3702%,-0.0042,1.049,1.2413,-1.0644,3.4699%,3.8813%,20.0753%,0.002126,ASMB,12497.0,2019-03-08,252.0,-3.5563%,-0.0043,1.0536,1.2364,-1.0568,3.4755%,3.8848%,19.9618%,-0.035775,ASMB,12497.0,2019-03-11,252.0,3.3021%,-0.0044,1.0589,1.2576,-1.0474,3.4746%,3.8900%,20.2179%,0.007287,ASMB,12497.0,2019-03-12,252.0,5.3277%,-0.0042,1.0614,1.2312,-1.0556,3.4934%,3.9055%,19.9899%,0.053223,ASMB,12497.0,2019-03-13,252.0,1.6692%,-0.0045,1.0704,1.1494,-1.0653,3.4415%,3.8545%,20.2814%,0.014169,ASMB,12497.0,2019-03-14,252.0,0.6468%,-0.0044,1.0745,1.1376,-1.0593,3.4430%,3.8549%,20.2304%,0.015357,ASMB,-0.077334,-0.080905,-0.094098,-0.132742,-0.078481
14771,ATRICURE INC,"AtriCure Sees FY19 EPS $(0.78)-$(0.68) vs $(0.58) Est., Sales $220M-$228M vs $223.45M Est.",6,decrease,0.75,0.6,"the company's earnings per share (eps) guidance is worse than expected, which typically leads to a negative reaction in stock prices.",0,2019-02-28,ATRC,2019-02-28 22:08:00+00:00,90856.0,04963C20,-0.0205458477139473,195535.0,-0.0366311855614185,-0.0054894876666367,-0.048748780041933,-0.0036462757270783,0.0204988177865743,-0.008734967559576,-0.0207566395401954,0.0128127513453364,0.0,-0.0090690152719616,-0.0085470089688897,0.0060827480629086,0.0124138137325644,-0.0093400897458195,-0.0003406072501093,0.0075895572081208,0.0020442747045308,-0.011997646652162,-0.0227813702076673,0.0412242263555526,0.0104384534060955,0.0223499611020088,-0.0244490690529346,0.0003193940792698,0.0127073992043733,0.0109783709049224,-0.0170791130512952,-0.0124362660571932,0.014184383675456,0.0019169768784195,-0.0209790337830781,0.0100032100453972,0.0132143152877688,0.0078048706054687,-0.0461755841970443,-0.0064620599150657,0.0121951196342706,0.045961495488882,-0.0368747822940349,0.0006763766868971,0.0155421439558267,-0.0050470936112105,0.0216498654335737,-0.0434502847492694,0.0306904725730419,-0.0054417438805103,0.0007089846767485,0.0064432621002197,0.0070846886374056,-0.0060838498175144,-0.0059796017594635,-0.0157579574733972,-0.0127388751134276,0.0163356903940439,-0.0376343801617622,0.0133073627948761,0.0201116949319839,0.0215517114847898,0.0094925239682197,0.0182308908551931,0.0119348978623747,-0.0073726312257349,-0.0196568705141544,-0.0122475652024149,0.034633569419384,0.0019900321494787,-0.0405214801430702,-0.0062623773701488,-0.0033051837235689,-0.0152547657489776,0.0058953519910573,-0.01344860997051,0.0194139443337917,0.069520503282547,0.0046711880713701,-0.0347107201814651,0.0075107654556632,-0.0114379208534956,0.0401135645806789,0.0258129555732011,0.0225255917757749,0.0272038225084543,0.0020027160644531,0.0193050596863031,-0.0143237942829728,0.0686421617865562,0.0165596399456262,-0.0033644917421042,0.0006649088463746,-0.0230094660073518,0.0212624371051788,-0.0345557630062103,-0.011060512624681,-0.0186850875616073,-0.0226973854005336,-0.0149966096505522,0.0006731894682161,-0.0044112373143434,-0.0040362910367548,-0.0293149296194315,-0.0182371120899915,-0.0152448695152998,0.0020639651920646,0.004889165982604,0.0096121076494455,-0.0188679285347461,0.0102005861699581,0.0003199049388058,-0.0097609898075461,-0.0285891871899366,-0.0003399125998839,-0.0034066461957991,0.0146208880469203,-0.0221077986061573,-0.0046916683204472,-0.0140340756624937,-0.0131313567981123,0.008734967559576,0.0068236356601119,-0.0092508979141712,-0.0366311855614185,-0.0054894876666367,-0.0835942399957427,-0.009115747208082,-0.0648090053028482,-0.0177710890115142,-0.0842204276810139,-0.014208017259321,-0.1001878749473993,0.0184259887620814,-0.1343143648504474,0.1009453013254582,-0.076080159393309,-0.0268575808296148,2019-03-01,2019-03-04,2019-03-05,2019-03-06,2019-03-07,2019-03-08,2019-03-11,2019-03-12,2019-03-13,2019-03-14,90856.0,2019-02-28,252.0,-2.0546%,0.0018,0.9996,0.8114,-0.5388,2.0619%,2.4645%,30.0058%,-0.019214,ATRC,90856.0,2019-03-01,252.0,-3.6631%,0.0018,0.9532,0.7423,-0.5874,2.0524%,2.4349%,28.9473%,-0.048427,ATRC,90856.0,2019-03-04,252.0,-4.8749%,0.0016,0.9601,0.7558,-0.5975,2.0679%,2.4562%,29.1154%,-0.038622,ATRC,90856.0,2019-03-05,252.0,2.0499%,0.0017,0.9531,0.7151,-0.6103,2.0699%,2.4498%,28.6117%,0.0229499999999999,ATRC,90856.0,2019-03-06,252.0,-2.0757%,0.0017,0.9616,0.7204,-0.5999,2.0688%,2.4538%,28.9189%,-0.0035859999999999,ATRC,90856.0,2019-03-07,252.0,0.0000%,0.0016,0.9539,0.6913,-0.6185,2.0638%,2.4464%,28.8295%,0.00632,ATRC,90856.0,2019-03-08,252.0,-0.8547%,0.0015,0.9567,0.6671,-0.6128,2.0601%,2.4400%,28.7130%,-0.007936,ATRC,90856.0,2019-03-11,252.0,1.2414%,0.0015,0.9523,0.657,-0.6164,2.0605%,2.4407%,28.7321%,-0.007519,ATRC,90856.0,2019-03-12,252.0,-0.0341%,0.0015,0.9532,0.6581,-0.6148,2.0605%,2.4398%,28.6725%,-0.001465,ATRC,90856.0,2019-03-13,252.0,0.2044%,0.0014,0.9528,0.6445,-0.6185,2.0569%,2.4358%,28.6928%,-0.00193,ATRC,90856.0,2019-03-14,252.0,-2.2781%,0.0013,0.9514,0.6544,-0.6235,2.0602%,2.4402%,28.7158%,-0.017421,ATRC,-0.0676409999999999,-0.106263,-0.083313,-0.080579,-0.1168499999999999
14779,ATRICURE INC,"AtriCure Q4 EPS $(0.09) Beats $(0.17) Estimate, Sales $52.89M Beat $51.56M Estimate",6,increase,0.8,0.6,"the company reported better-than-expected earnings and sales, which typically boosts investor confidence and can lead to an increase in stock price.",2,2019-02-28,ATRC,2019-02-28 22:06:00+00:00,90856.0,04963C20,-0.0205458477139473,195535.0,-0.0366311855614185,-0.0054894876666367,-0.048748780041933,-0.0036462757270783,0.0204988177865743,-0.008734967559576,-0.0207566395401954,0.0128127513453364,0.0,-0.0090690152719616,-0.0085470089688897,0.0060827480629086,0.0124138137325644,-0.0093400897458195,-0.0003406072501093,0.0075895572081208,0.0020442747045308,-0.011997646652162,-0.0227813702076673,0.0412242263555526,0.0104384534060955,0.0223499611020088,-0.0244490690529346,0.0003193940792698,0.0127073992043733,0.0109783709049224,-0.0170791130512952,-0.0124362660571932,0.014184383675456,0.0019169768784195,-0.0209790337830781,0.0100032100453972,0.0132143152877688,0.0078048706054687,-0.0461755841970443,-0.0064620599150657,0.0121951196342706,0.045961495488882,-0.0368747822940349,0.0006763766868971,0.0155421439558267,-0.0050470936112105,0.0216498654335737,-0.0434502847492694,0.0306904725730419,-0.0054417438805103,0.0007089846767485,0.0064432621002197,0.0070846886374056,-0.0060838498175144,-0.0059796017594635,-0.0157579574733972,-0.0127388751134276,0.0163356903940439,-0.0376343801617622,0.0133073627948761,0.0201116949319839,0.0215517114847898,0.0094925239682197,0.0182308908551931,0.0119348978623747,-0.0073726312257349,-0.0196568705141544,-0.0122475652024149,0.034633569419384,0.0019900321494787,-0.0405214801430702,-0.0062623773701488,-0.0033051837235689,-0.0152547657489776,0.0058953519910573,-0.01344860997051,0.0194139443337917,0.069520503282547,0.0046711880713701,-0.0347107201814651,0.0075107654556632,-0.0114379208534956,0.0401135645806789,0.0258129555732011,0.0225255917757749,0.0272038225084543,0.0020027160644531,0.0193050596863031,-0.0143237942829728,0.0686421617865562,0.0165596399456262,-0.0033644917421042,0.0006649088463746,-0.0230094660073518,0.0212624371051788,-0.0345557630062103,-0.011060512624681,-0.0186850875616073,-0.0226973854005336,-0.0149966096505522,0.0006731894682161,-0.0044112373143434,-0.0040362910367548,-0.0293149296194315,-0.0182371120899915,-0.0152448695152998,0.0020639651920646,0.004889165982604,0.0096121076494455,-0.0188679285347461,0.0102005861699581,0.0003199049388058,-0.0097609898075461,-0.0285891871899366,-0.0003399125998839,-0.0034066461957991,0.0146208880469203,-0.0221077986061573,-0.0046916683204472,-0.0140340756624937,-0.0131313567981123,0.008734967559576,0.0068236356601119,-0.0092508979141712,-0.0366311855614185,-0.0054894876666367,-0.0835942399957427,-0.009115747208082,-0.0648090053028482,-0.0177710890115142,-0.0842204276810139,-0.014208017259321,-0.1001878749473993,0.0184259887620814,-0.1343143648504474,0.1009453013254582,-0.076080159393309,-0.0268575808296148,2019-03-01,2019-03-04,2019-03-05,2019-03-06,2019-03-07,2019-03-08,2019-03-11,2019-03-12,2019-03-13,2019-03-14,90856.0,2019-02-28,252.0,-2.0546%,0.0018,0.9996,0.8114,-0.5388,2.0619%,2.4645%,30.0058%,-0.019214,ATRC,90856.0,2019-03-01,252.0,-3.6631%,0.0018,0.9532,0.7423,-0.5874,2.0524%,2.4349%,28.9473%,-0.048427,ATRC,90856.0,2019-03-04,252.0,-4.8749%,0.0016,0.9601,0.7558,-0.5975,2.0679%,2.4562%,29.1154%,-0.038622,ATRC,90856.0,2019-03-05,252.0,2.0499%,0.0017,0.9531,0.7151,-0.6103,2.0699%,2.4498%,28.6117%,0.0229499999999999,ATRC,90856.0,2019-03-06,252.0,-2.0757%,0.0017,0.9616,0.7204,-0.5999,2.0688%,2.4538%,28.9189%,-0.0035859999999999,ATRC,90856.0,2019-03-07,252.0,0.0000%,0.0016,0.9539,0.6913,-0.6185,2.0638%,2.4464%,28.8295%,0.00632,ATRC,90856.0,2019-03-08,252.0,-0.8547%,0.0015,0.9567,0.6671,-0.6128,2.0601%,2.4400%,28.7130%,-0.007936,ATRC,90856.0,2019-03-11,252.0,1.2414%,0.0015,0.9523,0.657,-0.6164,2.0605%,2.4407%,28.7321%,-0.007519,ATRC,90856.0,2019-03-12,252.0,-0.0341%,0.0015,0.9532,0.6581,-0.6148,2.0605%,2.4398%,28.6725%,-0.001465,ATRC,90856.0,2019-03-13,252.0,0.2044%,0.0014,0.9528,0.6445,-0.6185,2.0569%,2.4358%,28.6928%,-0.00193,ATRC,90856.0,2019-03-14,252.0,-2.2781%,0.0013,0.9514,0.6544,-0.6235,2.0602%,2.4402%,28.7158%,-0.017421,ATRC,-0.0676409999999999,-0.106263,-0.083313,-0.080579,-0.1168499999999999
14787,ALIBABA GROUP HOLDING LTD,Alibaba Wants More Hollywood Hits After Oscar Win,6,increase,0.7,0.6,"alibaba's interest in producing more hollywood hits following an oscar win suggests a strategic move to enhance its entertainment portfolio, which could positively impact investor sentiment and stock performance.",2,2019-02-28,BABA,2019-02-28 20:52:00+00:00,14888.0,01609W10,-0.0083974590525031,12370403.0,0.0046440809965133,0.0056663863360881,0.0183271430432796,0.0015825008740648,-0.0120160216465592,0.0357788950204849,-0.0044864965602755,0.0306419339030981,-0.0371938459575176,0.0055649750865995,-0.0129145523533225,0.0031144320964813,0.0307376161217689,0.024255184456706,0.0012194513110443,-0.0132439183071255,0.0003874885733239,-0.0060211867094039,-0.0018815514631569,0.0040897820144891,0.0033821279648691,0.007524692453444,0.0047521721571683,0.0005377409979701,0.0017048757290467,0.0023957467637956,-0.0047216461971402,-0.0265858061611652,0.0012135989964008,-0.0018040945287793,-0.028870552778244,0.0307738743722438,0.0142403822392225,-0.0075608994811773,-0.0038597215898334,-0.0030862619169056,-0.0058962432667613,0.0100107789039611,0.003954114858061,0.0633605420589447,0.026557145640254,-0.01283660531044,-0.0085502741858363,-0.0018215471645817,0.0046990220434963,0.021493686363101,-0.0188180804252624,0.0251924078911542,0.015421712771058,-0.0007886632811278,0.0236372593790292,-0.0310152228921651,0.0062044449150562,0.0067320833913981,0.0036997450515627,0.0072978874668478,-0.0053421654738485,0.026245966553688,-0.0064987740479409,0.0107858283445239,0.0212455838918685,-0.0135474689304828,-0.0309141725301742,-0.0024391529150307,0.0148030333220958,-0.0015139266615733,0.0095274206250905,0.0349479205906391,-0.0032524692360311,0.0257860720157623,-0.008344910107553,0.0239714216440916,0.0103030987083911,0.0700612068176269,-0.0086496621370315,-0.0446231961250305,0.0119028743356466,-0.0026994261424988,-0.0042048571631312,-0.0145228924229741,-0.0008017205400392,0.0046226033009588,-0.007328528445214,0.0032608474139124,0.0201540663838386,0.0463264882564544,0.0057049379684031,-0.0008333379519172,0.0253164935857057,-0.0230182856321334,-0.0357051417231559,-0.0148023832589387,-0.0361772887408733,-0.0261327065527439,-0.0101416325196623,-0.0219474136829376,-0.0030625483486801,-0.0336913056671619,-0.0058087203651666,-0.0163717698305845,-0.0448876731097698,-0.0001320414012297,0.0284101050347089,-0.002173495478928,0.0157859176397323,0.0026415451429784,-0.0114301731809973,-0.0106494510546326,-0.0341744013130664,-0.017775809392333,-0.0526037216186523,-0.0158519297838211,0.0173046924173831,-0.032979167997837,-0.0281465519219636,0.0179037973284721,-0.0178178045898675,0.0293063856661319,-0.0064102564938366,-0.0192042030394077,0.0046440809965133,0.0056663863360881,0.0230563367765206,0.0072578542714827,0.0107632696881643,0.0432964272980209,-0.0311970234674113,0.0812488706652572,-0.0145877607500265,0.0940667093091431,0.010653978255011,0.2365511883716469,-0.153144287500197,0.1584034450865274,2019-03-01,2019-03-04,2019-03-05,2019-03-06,2019-03-07,2019-03-08,2019-03-11,2019-03-12,2019-03-13,2019-03-14,14888.0,2019-02-28,252.0,-0.8397%,-0.0005,1.2548,0.1488,-0.8589,1.5844%,2.2664%,51.1305%,-0.0067589999999999,BABA,14888.0,2019-03-01,252.0,0.4644%,-0.0005,1.2538,0.1473,-0.8568,1.5851%,2.2654%,51.0422%,-0.008348,BABA,14888.0,2019-03-04,252.0,1.8327%,-0.0004,1.2463,0.1461,-0.8489,1.5948%,2.2638%,50.3710%,0.0286879999999999,BABA,14888.0,2019-03-05,252.0,-1.2016%,-0.0003,1.2541,0.2,-0.8391,1.5873%,2.2638%,50.8337%,-0.011572,BABA,14888.0,2019-03-06,252.0,-0.4486%,-0.0003,1.2504,0.1812,-0.8459,1.5883%,2.2631%,50.7421%,0.0088139999999999,BABA,14888.0,2019-03-07,252.0,-3.7194%,-0.0005,1.2572,0.1566,-0.8438,1.5896%,2.2666%,50.8154%,-0.029695,BABA,14888.0,2019-03-08,252.0,-1.2915%,-0.0006,1.259,0.1521,-0.8407,1.5910%,2.2673%,50.7630%,-0.011751,BABA,14888.0,2019-03-11,252.0,3.0738%,-0.0005,1.2635,0.1403,-0.8498,1.5883%,2.2747%,51.2476%,0.0069689999999999,BABA,14888.0,2019-03-12,252.0,0.1219%,-0.0005,1.2636,0.1411,-0.8493,1.5883%,2.2719%,51.1243%,-0.002316,BABA,14888.0,2019-03-13,252.0,0.0387%,-0.0006,1.2618,0.135,-0.8527,1.5871%,2.2708%,51.1477%,-0.007164,BABA,14888.0,2019-03-14,252.0,-0.1882%,-0.0005,1.2583,0.1354,-0.8529,1.5850%,2.2664%,51.0899%,0.002402,BABA,-0.0151069999999999,0.013581,0.0020089999999999,-0.018872,-0.0307319999999999
14795,ARROWMARK FINANCIAL CORP,"StoneCastle Financial Q4 EPS $0.42 Beats $0.40 Estimate, Sales $4.712M Beat $4.45M Estimate",6,uncertain,0.5,0.5,"the news pertains to stonecastle financial's performance, which may not directly influence arrowmark financial corp's stock price.",1,2019-02-28,BANX,2019-02-28 22:26:00+00:00,14302.0,86178010,0.0086811836808919,5827.0,-0.0407407879829406,-0.015443648211658,0.0038610002957284,0.0235294122248888,0.0181586928665638,-0.0058200084604322,-0.0154738081619143,0.005858773831278,-0.0013189521851018,0.0085382591933012,-0.0054028644226491,0.0081339748576283,0.0072429520078003,-0.016470605507493,-0.0004793973348569,0.0,0.0119904074817895,0.0,0.0042654098942875,0.0131736621260643,0.0009437730186618,0.0059328149072825,0.0150872487574815,0.0121359219774603,-0.0108746830374002,-0.0134099042043089,0.0055879298597574,0.0096711246296763,-0.0027047723997384,-0.0033734792377799,0.0433746352791786,0.005329486913979,-0.0232983212918043,-0.0033799950033426,0.0135641219094395,0.014201714657247,-0.0115366866812109,-0.0206281747668981,-0.0004668640904128,0.0185686498880386,0.0007099328213371,0.0184079073369503,-0.003509844886139,-0.0024813518393784,-0.0036440631374716,0.0176767874509096,0.0022470674011856,-0.0183441173285245,0.0035178593825548,0.0161208920180797,0.0035054383333772,0.0060821510851383,0.0083838058635592,0.0143958237022161,0.0157043952494859,-0.0020522836130112,-0.0095497537404298,0.0025719772092998,-0.0133150098845362,-0.0231106635183095,0.00219172029756,0.0178977604955434,0.0149927698075771,0.0129533680155873,-0.0076624630019068,-0.0010352204553782,0.008205666206777,-0.0162932630628347,0.0059211920015513,0.0015297693898901,0.0,-0.0204795114696025,-0.002954569645226,0.0122870011255145,-0.0161841604858636,-0.0175359528511762,-0.0004634026263374,0.0430051796138286,-0.0004636174708139,0.010471143759787,0.011131715029478,0.0381281040608882,0.0068808039650321,-0.0161230117082595,-0.003189138835296,0.0897436439990997,0.0009140977635979,-0.0109510393813252,-0.0091323675587773,-0.0335316061973571,-0.0055299922823905,-0.0268421173095703,0.0101945931091904,-0.0145228570327162,0.0082568954676389,0.0147368786856532,-0.0005231758696027,-0.059489719569683,-0.0040285396389663,-0.0048374310135841,0.0,-0.0337934792041778,0.0013711466453969,0.010343849658966,0.0036512974184006,-0.0341430455446243,-0.0154615808278322,0.0502439364790916,0.004549709148705,0.0101557839661836,0.0003862318408209,-0.006661809515208,0.0015213622245937,-0.009862545877695,0.0091784689575433,-0.0056097460910677,-0.0043701617978513,-0.0119094848632812,-0.0023339733015745,0.0057471669279038,-0.0407407879829406,-0.015443648211658,-0.0370370878816626,0.0077223840482025,-0.0195509401186138,0.0018574312472749,-0.0359953760198751,0.016331322416027,-0.0189814732476248,0.0209977783459911,0.0127827831821054,0.0760908450406838,0.0294095936298133,0.0563174086052631,2019-03-01,2019-03-04,2019-03-05,2019-03-06,2019-03-07,2019-03-08,2019-03-11,2019-03-12,2019-03-13,2019-03-14,14302.0,2019-02-28,252.0,0.8681%,0.0004,0.4284,0.172,0.2524,1.2994%,1.3646%,9.3167%,0.01052,BANX,14302.0,2019-03-01,252.0,-4.0741%,0.0002,0.4289,0.1727,0.2735,1.3244%,1.3876%,8.8997%,-0.043404,BANX,14302.0,2019-03-04,252.0,0.3861%,0.0002,0.4256,0.1788,0.2755,1.3243%,1.3866%,8.7754%,0.005625,BANX,14302.0,2019-03-05,252.0,1.8159%,0.0003,0.423,0.1716,0.2664,1.3300%,1.3911%,8.5903%,0.0200079999999999,BANX,14302.0,2019-03-06,252.0,-1.5474%,0.0003,0.4276,0.1925,0.2744,1.3316%,1.3945%,8.8223%,-0.009954,BANX,14302.0,2019-03-07,252.0,-0.1319%,0.0003,0.4271,0.1959,0.2748,1.3315%,1.3945%,8.8362%,0.0031369999999999,BANX,14302.0,2019-03-08,252.0,-0.5403%,0.0003,0.4277,0.1968,0.2756,1.3318%,1.3950%,8.8569%,-0.004184,BANX,14302.0,2019-03-11,252.0,0.7243%,0.0003,0.4282,0.2,0.2771,1.3317%,1.3956%,8.9482%,0.001505,BANX,14302.0,2019-03-12,252.0,-0.0479%,0.0003,0.4357,0.1989,0.2852,1.3305%,1.3956%,9.1067%,-0.000858,BANX,14302.0,2019-03-13,252.0,1.1990%,0.0002,0.4397,0.1674,0.2821,1.3121%,1.3784%,9.3991%,0.009346,BANX,14302.0,2019-03-14,252.0,0.4265%,0.0002,0.4421,0.1641,0.2838,1.3114%,1.3783%,9.4704%,0.004455,BANX,-0.032884,-0.027259,-0.007251,-0.0140679999999999,-0.0038039999999999
14803,BALCHEM CORP,"Balchem Q4 EPS $0.77 Beats $0.64 Estimate, Sales $163.54M Miss $164.96M Estimate",6,uncertain,0.6,0.3,"while balchem's eps beat estimates, the sales miss could create mixed reactions among investors, leading to uncertainty in the stock price movement.",1,2019-02-28,BCPC,2019-02-28 12:24:00+00:00,10318.0,05766520,0.0581992231309413,217911.0,0.0206243004649877,-0.0052201026119291,0.0073984740301966,-0.0227246265858411,0.0326646454632282,-0.0066797398030757,-0.0136928241699934,0.0054423483088612,-0.0178647879511117,-0.0177433751523494,0.0002191172825405,0.00687126070261,0.0333041287958622,0.0107651380822062,-0.01155636459589,0.0332495979964733,0.0028960274066776,-0.0057081193663179,-0.0043850657530128,0.0014290236867964,-0.0029003829695284,0.0122966160997748,0.0189614538103342,0.0048454739153385,-0.0056037087924778,0.0227977205067873,0.0034024422056972,-0.0270041953772306,0.0114442529156804,-0.0349040143191814,-0.0491356216371059,0.0072658513672649,0.0042970404028892,0.017650606110692,0.0095446528866887,0.0099976137280464,-0.0014127065660431,0.0113290334120392,0.0117532033473253,0.0120823048055172,-0.0018285270780324,-0.0100689204409718,0.0107758613303303,-0.0055225370451807,0.008102286607027,0.0122865214943885,0.0009518186561763,0.0099268285557627,0.0126782562583684,-0.0094641624018549,0.0067814453504979,-0.0277246609330177,-0.0033160590101033,0.0022757509723305,-0.006654183845967,0.0156934428960084,0.0218756161630153,0.015190758742392,-0.0163883902132511,0.0072148507460951,0.0192647967487573,-0.0186767429113388,-0.0071515832096338,0.0116077400743961,0.0123481880873441,0.0174645949155092,-0.0039642141200602,0.0164750088006258,-0.0001530706213088,-0.0183049030601978,-0.0088287610560655,0.0032704670447856,0.0187416300177574,0.0431701987981796,0.0020216004922986,-0.0302837174385786,-0.0048420834355056,0.0030631509143859,0.0139888217672705,-0.0047002378851175,0.0050984919071197,0.0101373139768838,0.0096479132771492,0.0294584333896637,-0.019899558275938,0.0314756445586681,-0.0010051107965409,-0.0287968907505273,0.0338062234222888,-0.0124659016728401,-0.0222871135920286,-0.0139564191922545,-0.0121441492810845,-0.0102649237960577,0.0006046472117304,0.0183250196278095,0.0060422807000577,-0.0267521329224109,0.0042041856795549,-0.0031300862319767,-0.0325956605374813,-0.0124875688925385,0.0054610897786915,0.024705396965146,-0.0129125034436583,0.0038153766654431,0.0013496392639353,-0.0293791480362415,-0.0167962182313203,-0.0092942956835031,0.0102288434281945,-0.0041408352553844,0.0264091715216636,-0.0460090525448322,-0.0066104088909924,-0.0072664045728743,-0.035217061638832,0.0017330317059531,-0.0041383635252714,-0.0118734249845147,0.0206243004649877,-0.0052201026119291,0.0281753628465655,-0.0278261043151745,0.0617603465479745,-0.0343199729816916,0.0285134525452239,-0.0462920804142826,0.0491377521311546,-0.0014291125251908,0.0822720046335523,0.0430401722839313,0.0577030821628781,-0.0365682219215894,2019-03-01,2019-03-04,2019-03-05,2019-03-06,2019-03-07,2019-03-08,2019-03-11,2019-03-12,2019-03-13,2019-03-14,10318.0,2019-02-28,252.0,5.8199%,0.0007,0.8291,0.8176,0.3063,1.2269%,1.5313%,35.8056%,0.061375,BCPC,10318.0,2019-03-01,252.0,2.0624%,0.0006,0.8408,0.8349,0.3183,1.2260%,1.5364%,36.3210%,0.013418,BCPC,10318.0,2019-03-04,252.0,0.7398%,0.0007,0.8444,0.811,0.3201,1.2268%,1.5358%,36.1994%,0.013779,BCPC,10318.0,2019-03-05,252.0,3.2665%,0.0008,0.8388,0.7911,0.3026,1.2482%,1.5471%,34.9104%,0.037292,BCPC,10318.0,2019-03-06,252.0,-1.3693%,0.0008,0.8333,0.7903,0.2962,1.2471%,1.5469%,35.0104%,0.00311,BCPC,10318.0,2019-03-07,252.0,-1.7865%,0.0007,0.8358,0.7819,0.2972,1.2474%,1.5471%,34.9987%,-0.0095909999999999,BCPC,10318.0,2019-03-08,252.0,0.0219%,0.0007,0.835,0.7916,0.2954,1.2462%,1.5470%,35.1115%,0.002082,BCPC,10318.0,2019-03-11,252.0,3.3304%,0.0008,0.8447,0.7993,0.2948,1.2517%,1.5605%,35.6637%,0.019459,BCPC,10318.0,2019-03-12,252.0,-1.1556%,0.0007,0.8332,0.8072,0.2849,1.2515%,1.5541%,35.1482%,-0.011284,BCPC,10318.0,2019-03-13,252.0,0.2896%,0.0007,0.8331,0.8013,0.2834,1.2504%,1.5525%,35.1305%,-0.000505,BCPC,10318.0,2019-03-14,252.0,-0.4385%,0.0006,0.8341,0.8017,0.2832,1.2502%,1.5529%,35.1800%,-0.001207,BCPC,0.074793,0.088572,0.125864,0.119383,0.127928
14811,BENCHMARK ELECTRONICS INC,"Benchmark Electronics Names Jeff Benck Pres, CEO",6,increase,0.7,0.6,"the appointment of a new president and ceo can signal a positive change in leadership, potentially boosting investor confidence and leading to an increase in stock price.",2,2019-02-28,BHE,2019-02-28 22:51:00+00:00,76224.0,08160H10,-0.0068865725770592,537101.0,0.0029197053518146,-0.013233152218163,-0.0029112054035067,-0.0060433731414377,-0.0029197053518146,-0.0056557706557214,-0.0168374478816986,0.0096359904855489,-0.0264333952218294,-0.0024919791612774,0.0007648358587175,0.0111590875312686,0.0221627783030271,-0.0096256174147129,-0.0123364459723234,0.0064584999345242,0.0022709865588694,-0.0021482086740434,-0.0135951172560453,0.0137931425124406,0.0057427110150456,0.0047410344704985,-0.0038066380657255,-0.0039956630207598,-0.0049674878828227,0.0177449714392423,-0.0026882335077971,0.0169172491878271,0.0173277147114276,0.0137195354327559,-0.0264951083809137,0.0139103792607784,0.0023328682873398,0.01649646833539,0.0073700007051229,0.0015735251363366,0.0042356802150607,0.0204737149178981,0.0080521274358034,0.0146639766171574,0.0042081335559487,0.0053234710358083,0.0266666952520608,0.0032867675181478,-0.0018553299596533,0.0192630235105752,0.0159851424396038,0.0270967371761798,0.0157336369156837,-0.008105824701488,0.0198126528412103,-0.0225187242031097,0.0084775621071457,0.0313978306949138,-0.0084062973037362,-0.0068346797488629,0.0162487104535102,0.0191554445773363,0.0055613433942198,0.0008713965071365,0.015554747544229,-0.0064934897236526,-0.0023825629614293,0.0065359310247004,0.0139883952215313,0.0087912427261471,0.0023553702048957,0.0120106963440775,-0.0080564506351947,-0.0061892704106867,-0.0108290929347276,0.0589887723326683,0.0130003793165087,0.0343826152384281,0.0141843995079398,-0.0305164158344268,-0.0995670929551124,0.0056656720116734,0.0125738987699151,0.0066539631225168,-0.0054784375242888,0.0133907739073038,-0.0073447981849312,0.0048054005019366,-0.0003699677763506,0.0312189869582653,-0.0155440438538789,-0.0054214196279644,0.0221804566681385,-0.0442769043147563,0.0014710925752297,-0.001411132980138,-0.0190966017544269,-0.0171058233827352,-0.0097341192886233,0.0207644458860158,-0.0064272237941622,-0.0125814797356724,-0.0049467682838439,-0.020985446870327,-0.056596539914608,-0.0262105800211429,0.0093230456113815,0.0125956228002905,0.0088353902101516,-0.0008988969493657,-0.0079618133604526,-0.013741111382842,-0.0292937215417623,-0.0079155806452035,-0.0057875690981745,-0.0052493805997073,0.01205825060606,-0.0530239790678024,-0.0143796373158693,0.0125838601961731,-0.0225093383342027,0.0059071471914649,-0.0085288165137171,-0.0037831084337085,0.0029197053518146,-0.013233152218163,8.631095838040892e-11,-0.0191965524829089,-0.0029197052657556,-0.0247437518404065,-0.0456204388223291,-0.0177999286829958,-0.0467152853962834,0.0014519381283222,0.0618981978349857,0.202178615631813,-0.1465906389284421,0.1679989782049418,2019-03-01,2019-03-04,2019-03-05,2019-03-06,2019-03-07,2019-03-08,2019-03-11,2019-03-12,2019-03-13,2019-03-14,76224.0,2019-02-28,252.0,-0.6887%,-0.0001,0.9049,1.2036,0.6582,1.7148%,2.0019%,26.6330%,-0.002798,BHE,76224.0,2019-03-01,252.0,0.2920%,-0.0002,0.9094,1.2104,0.6673,1.7140%,2.0014%,26.6527%,-0.004543,BHE,76224.0,2019-03-04,252.0,-0.2911%,-0.0001,0.903,1.2281,0.6698,1.7123%,2.0001%,26.7073%,0.003967,BHE,76224.0,2019-03-05,252.0,-0.2920%,-0.0001,0.9024,1.2264,0.6679,1.7125%,1.9973%,26.4871%,0.00394,BHE,76224.0,2019-03-06,252.0,-1.6837%,-0.0001,0.8989,1.2151,0.6623,1.7129%,1.9994%,26.6092%,0.0058379999999999,BHE,76224.0,2019-03-07,252.0,-2.6433%,-0.0002,0.906,1.2186,0.6728,1.7158%,2.0044%,26.7250%,-0.016116,BHE,76224.0,2019-03-08,252.0,0.0765%,-0.0001,0.9056,1.2173,0.6723,1.7159%,2.0037%,26.6636%,0.0032029999999999,BHE,76224.0,2019-03-11,252.0,2.2163%,-0.0002,0.9091,1.2359,0.6812,1.7135%,2.0074%,27.1363%,0.007693,BHE,76224.0,2019-03-12,252.0,-1.2336%,-0.0002,0.9094,1.2406,0.6834,1.7148%,2.0071%,27.0079%,-0.0106939999999999,BHE,76224.0,2019-03-13,252.0,0.2271%,-0.0002,0.9095,1.2356,0.6823,1.7142%,2.0059%,26.9626%,-0.00058,BHE,76224.0,2019-03-14,252.0,-1.3595%,-0.0003,0.9074,1.2413,0.6794,1.7149%,2.0065%,26.9534%,-0.009757,BHE,-0.007341,-0.003374,0.0005659999999999,-0.0097119999999999,-0.0198469999999999
14819,BAIDU INC,Baidu Launches AI Home Theater System and Xiaodu Smart Display 1S Assistant,6,increase,0.7,0.6,"the launch of new ai products like the home theater system and xiaodu smart display 1s could enhance baidu's market position and attract consumer interest, potentially leading to a positive impact on its stock price.",2,2019-02-28,BIDU,2019-02-28 08:41:00+00:00,90857.0,05675210,0.0022815263364464,3408816.0,-0.0027685305103659,0.0011729993857443,-0.0072182011790573,-0.0183030553162097,0.0423813536763191,-0.0129807870835065,0.014904017560184,-0.0270065739750862,-0.0265507753938436,0.0036803651601076,-0.0124909924343228,-0.0073644784279167,0.0202261712402105,0.0140538597479462,0.0001796764408936,-0.0230928547680378,0.0070662475191056,0.0014957685489207,-0.0025568928103894,0.0209692064672708,0.0163347460329532,0.0130310747772455,0.0040474100969731,-0.0108298789709806,-0.0025705581065267,-0.0097913974896073,-0.0032800186891108,-0.0130572570487856,0.009402398020029,-0.0135050201788544,-0.029341610148549,0.0131654208526015,0.0008997130789794,0.015589409507811,0.0019174979534,-0.0078781237825751,-0.0174043290317058,0.0194284189492464,-0.0010955790057778,0.0246263202279806,0.0045092040672898,-0.0133134070783853,0.0336668938398361,0.0023937395308166,0.003403766779229,0.0270436946302652,0.0229851920157671,-0.0034300966653972,0.0241267010569572,0.0178938526660203,0.0135097308084368,-0.0640172809362411,0.0177361667156219,0.019332580268383,-0.0204037670046091,-0.0096612628549337,-0.0218784902244806,0.0108378930017352,-0.0329868756234645,0.0300557799637317,0.0110397161915898,-0.0185419414192438,-0.0255358386784791,-0.0133056454360485,0.0095452694222331,0.0102616818621754,0.0002936519449576,0.019828675314784,0.0040509742684662,0.0049199741333723,-0.0096480473875999,0.0102516878396272,0.0231445841491222,0.0403334610164165,-0.0230249315500259,-0.0464714542031288,-0.0080922050401568,0.0230138320475816,-0.0107782864943146,-0.0220138877630233,-0.0016252649948,0.0036514191888272,0.0022911643609404,-0.0089548053219914,-0.0048727518878877,0.0376781970262527,0.0049571231938898,-0.0019057493191212,0.00481224572286,-0.0183337647467851,-0.0152058992534875,-0.0130477296188473,-0.0144072650000453,-0.0306067951023578,-0.0157281383872032,-0.0132462028414011,-0.0055145062506198,-0.0432578176259994,-0.0122873159125447,-0.013118403032422,-0.0332376807928085,0.0008344583911821,0.0056091207079589,0.0163980424404144,0.0007218361715786,-0.0131137883290648,0.0078688329085707,-0.0020049042068421,-0.1651919335126877,-0.0063087958842515,-0.0838593617081642,-0.0107303550466895,0.0250105895102024,-0.0453143678605556,-0.0173458084464073,0.0161992944777011,-0.0417229942977428,0.0276170596480369,0.008901834487915,-0.0277011319994926,-0.0027685305103659,0.0011729993857443,-0.0099667478792291,-0.0171515254031086,0.0319922015302176,-0.0299096721872,0.0195644653128945,-0.0526346229535332,0.0319922027128287,-0.0474596276311938,0.0532792206063024,-0.005275107728982,-0.2957425500412498,-0.1394077938376013,2019-03-01,2019-03-04,2019-03-05,2019-03-06,2019-03-07,2019-03-08,2019-03-11,2019-03-12,2019-03-13,2019-03-14,90857.0,2019-02-28,252.0,0.2282%,-0.0019,1.1364,0.0791,-0.3921,1.7397%,2.1804%,36.3395%,0.004735,BIDU,90857.0,2019-03-01,252.0,-0.2769%,-0.002,1.1469,0.0948,-0.3707,1.7358%,2.1796%,36.5757%,-0.012838,BIDU,90857.0,2019-03-04,252.0,-0.7218%,-0.002,1.1486,0.0868,-0.3707,1.7357%,2.1792%,36.5635%,0.000481,BIDU,90857.0,2019-03-05,252.0,4.2381%,-0.0018,1.1423,0.0676,-0.392,1.7589%,2.1965%,35.8731%,0.043624,BIDU,90857.0,2019-03-06,252.0,1.4904%,-0.0017,1.1269,0.0153,-0.4166,1.7663%,2.1958%,35.2895%,0.025419,BIDU,90857.0,2019-03-07,252.0,-2.6551%,-0.0019,1.1315,0.0043,-0.4135,1.7676%,2.1990%,35.3872%,-0.018764,BIDU,90857.0,2019-03-08,252.0,-1.2491%,-0.0019,1.1323,0.0111,-0.4126,1.7681%,2.2000%,35.4093%,-0.010797,BIDU,90857.0,2019-03-11,252.0,2.0226%,-0.0019,1.134,0.0085,-0.415,1.7680%,2.2042%,35.6667%,0.0010789999999999,BIDU,90857.0,2019-03-12,252.0,0.0180%,-0.0019,1.1264,0.0106,-0.4227,1.7671%,2.1979%,35.3576%,-0.003053,BIDU,90857.0,2019-03-13,252.0,0.7066%,-0.0019,1.1273,0.0019,-0.4239,1.7659%,2.1977%,35.4371%,-0.0003109999999999,BIDU,90857.0,2019-03-14,252.0,-0.2557%,-0.0019,1.1224,0.0037,-0.4248,1.7622%,2.1916%,35.3436%,-0.00024,BIDU,-0.008103,-0.007622,0.036002,0.042657,0.0293349999999999
14827,BIOGEN INC,Biogen Reports SPINRAZA Has Received Approval From China National Medical Products Association,6,increase,0.8,0.6,"the approval of spinraza by the china national medical products association is likely to boost biogen's revenue potential in a new market, positively impacting investor sentiment and stock price.",2,2019-02-28,BIIB,2019-02-28 12:44:00+00:00,76841.0,09062X10,-0.002675681374967,752918.0,0.0185664948076009,0.0038765019271522,-0.0204729009419679,0.0004274585517123,-0.0011917577357962,0.0066087497398257,-0.0272279325872659,0.0129525577649474,-0.0084284450858831,-0.0417412295937538,-0.0233436375856399,0.0064864973537623,0.0114636402577161,0.0003905575431417,0.0040454948320984,0.0251301284879446,0.0250703394412994,0.0098587507382035,0.002994732465595,0.0066055660136044,0.0259704105556011,0.0080790156498551,-0.0128080947324633,0.0055534401908516,-0.0057884487323462,0.0206976439803838,-0.009791244752705,-0.0735505372285842,-0.2923047840595245,-0.0111279273405671,-0.0448254495859146,0.0087406318634748,0.0163812823593616,0.0095494352281093,0.0574321672320365,-0.0085984636098146,-0.0127087999135255,0.0180565286427736,0.0124810198321938,-0.0197919923812151,0.0152907716110348,0.0135450474917888,-0.0164565499871969,-0.0200729854404926,0.0033549775835126,0.011716267094016,-0.0080165062099695,-0.0128996092826128,0.0157303344458341,-0.0051333205774426,0.0284207295626401,0.0045639793388545,-0.0081912782043218,-0.0027191077824682,-0.0090097757056355,0.0190043002367019,0.0113645801320672,-0.0163240190595388,-0.0268436688929796,0.0215483158826828,0.0028653217013925,-0.008373032324016,-0.0090831760317087,0.006099184975028,-0.0157076809555292,0.0139607433229684,-0.006733160931617,0.0067500998266041,-0.0034773894585669,0.0063275699503719,0.0106895100325346,0.0127854980528354,0.006118653807789,0.0369054935872554,-0.0252378806471824,0.007581468205899,0.0244652666151523,0.0125282099470496,0.0027839376125484,0.0252113137394189,-0.0049884784966707,-0.0030230449046939,-0.0006103382329456,-0.0025748203042894,0.0011341585777699,0.0598564222455024,0.0044444631785154,-0.0074839843437075,0.0028630418237298,-0.0401258207857608,0.0211524125188589,-0.0012300244998186,-0.0298640355467796,-0.0069889654405415,0.0085581671446561,-0.058607492595911,-0.0108667183667421,-0.004609702154994,-0.009804374538362,-0.0174611937254667,-0.0025195246562361,-0.0076562128961086,0.0155986389145255,0.008818213827908,0.006152385380119,0.0010956865735352,0.001214271178469,0.0085561564192175,-0.0068869767710566,-0.0305172968655824,0.006454971153289,0.0123013081029057,0.009360390715301,-0.0284776519984006,0.0091018164530396,-0.0045846779830753,-0.0252297185361385,0.0217691324651241,-0.0089476807042956,-0.0169455967843532,0.0185664948076009,0.0038765019271522,-0.0022865161434025,0.004305617522764,-0.0034755489058969,0.010942822011273,-0.0387793095607327,-0.0187074511157475,-0.0197860454065068,0.0296153205510059,-0.2871254033491868,-0.0046304731625865,-0.3077650300233772,-0.0100830044925962,2019-03-01,2019-03-04,2019-03-05,2019-03-06,2019-03-07,2019-03-08,2019-03-11,2019-03-12,2019-03-13,2019-03-14,76841.0,2019-02-28,252.0,-0.2676%,0.0004,0.9394,0.0651,-0.2821,1.9164%,2.1959%,23.8366%,-0.000614,BIIB,76841.0,2019-03-01,252.0,1.8566%,0.0004,0.9449,0.0733,-0.2782,1.9171%,2.1986%,23.9659%,0.010396,BIIB,76841.0,2019-03-04,252.0,-2.0473%,0.0004,0.9405,0.1009,-0.2801,1.9175%,2.1976%,23.8621%,-0.014271,BIIB,76841.0,2019-03-05,252.0,-0.1192%,0.0004,0.9391,0.0893,-0.281,1.9170%,2.1954%,23.7504%,-4.2e-05,BIIB,76841.0,2019-03-06,252.0,-2.7228%,0.0003,0.9518,0.1231,-0.2621,1.9196%,2.2025%,24.0373%,-0.018193,BIIB,76841.0,2019-03-07,252.0,-0.8428%,0.0004,0.9545,0.133,-0.2556,1.9190%,2.2031%,24.1256%,-0.001493,BIIB,76841.0,2019-03-08,252.0,-2.3344%,0.0003,0.957,0.1416,-0.2521,1.9234%,2.2080%,24.1135%,-0.021835,BIIB,76841.0,2019-03-11,252.0,1.1464%,0.0003,0.9545,0.136,-0.254,1.9235%,2.2090%,24.1771%,-0.004706,BIIB,76841.0,2019-03-12,252.0,0.4045%,0.0004,0.9637,0.1334,-0.2446,1.9224%,2.2090%,24.2643%,0.0017469999999999,BIIB,76841.0,2019-03-13,252.0,2.5070%,0.0005,0.9691,0.1422,-0.2366,1.9209%,2.2098%,24.4408%,0.01905,BIIB,76841.0,2019-03-14,252.0,0.2995%,0.0005,0.9742,0.1372,-0.2341,1.9178%,2.2087%,24.6090%,0.005167,BIIB,0.009782,-0.004489,-0.004531,-0.024217,-0.024794
14835,BIO RAD LABORATORIES INC,"Bio-Rad Laboratories Q4 Adj. EPS $2.13 Beats $1.50 Estimate, Sales $617.5M Down From $620.433M YoY",6,increase,0.7,0.5,"the significant beat on adjusted eps suggests strong profitability, which may positively influence investor sentiment despite a slight decline in sales.",2,2019-02-28,BIO,2019-02-28 21:43:00+00:00,61516.0,09057220,-0.0112777706235647,409546.0,0.1716870069503784,0.0041045006364583,-0.0145552912726998,-0.0085386456921696,-0.0015026094624772,0.003500296967104,-0.0114946085959672,-0.0002915600198321,-0.0198555514216423,0.0058664153330028,0.0041638440452516,0.0099236937239766,0.0145132755860686,-0.0010357282590121,0.0019463655771687,0.0341212712228298,0.0017807437106966,-0.0014133278746157,0.0079179806634783,0.0142967933788895,-0.004937982186675,0.0204404909163713,0.0107628237456083,0.0163953639566898,0.0014345702948048,0.0033060812857002,-0.0108238700777292,-0.0184804052114486,0.0156089281663298,0.0101938964799046,-0.0316253453493118,-0.002193869324401,0.0052357935346663,-0.0016724999295547,0.0016276570968329,0.0050026015378534,-0.0171275921165943,0.0199608113616704,0.0043978127650916,0.0237358659505844,0.0063538854010403,0.0051665296778082,0.0056268032640218,-0.0093212528154253,0.0056604449637234,0.0136668076738715,-0.0105454148724675,-8.430981688434258e-05,-0.0002615963458083,0.0066660665906965,0.0091890050098299,-0.0172334220260381,0.0039856485091149,0.0076101478189229,-0.0126516362652182,0.0054108845070004,0.0054916078224778,-0.0056326035410165,-0.0052665639668703,0.0064728977158665,0.0083338376134634,-0.0209179148077964,-0.0058017326518893,0.0022834020201116,-0.0172784384340047,0.0147449132055044,-0.031880360096693,0.0078121526166796,0.0078813638538122,0.0079599460586905,-0.0021759583614766,0.032658651471138,0.0056220805272459,0.008827444165945,-0.004608036018908,-0.0165731273591518,0.0174279902130365,-0.0178279187530279,0.0097022214904427,0.0111469021067023,-0.0084824310615658,-0.0009570263209752,0.0056476490572094,0.010772599838674,-0.012793693691492,0.0333029814064502,0.0172345023602247,-0.0237302761524915,0.0203837621957063,-0.0241949297487735,-0.006680495571345,-0.0165581218898296,-0.0281096491962671,-0.0209210440516471,-0.0039638304151594,-0.0126327350735664,0.0430676490068435,-0.0193689092993736,0.0058846590109169,-0.0098289577290415,-0.0476374365389347,-0.0156145570799708,-0.0145470416173338,0.008688417263329,0.008151538670063,0.0014302765484899,0.0166808348149061,-0.0176794826984405,-0.0084876306354999,-0.0256673507392406,-0.0130763174965977,-0.0128377741202712,0.0051564327441155,-0.0398270599544048,0.0033973159734159,0.010894195176661,-0.0047063301317393,-0.0031236954964697,-0.0020070634782314,0.0020746400114148,0.1716870069503784,0.0041045006364583,0.1546327612837776,-0.0044691919323892,0.1528977991709863,-0.0009845384642515,0.1170173966137799,0.0045831194612264,0.1512366259360307,0.061565222930537,0.1294943469911202,0.1591572370739873,0.0829457471944237,-0.0027661874734752,2019-03-01,2019-03-04,2019-03-05,2019-03-06,2019-03-07,2019-03-08,2019-03-11,2019-03-12,2019-03-13,2019-03-14,61516.0,2019-02-28,252.0,-1.1278%,0.0001,0.9127,0.2123,-0.2073,1.2226%,1.6006%,41.6582%,-0.009115,BIO,61516.0,2019-03-01,252.0,17.1687%,0.0004,0.9922,0.3308,-0.1599,1.5280%,1.8900%,34.6360%,0.163581,BIO,61516.0,2019-03-04,252.0,-1.4555%,0.0004,0.9879,0.3525,-0.1604,1.5271%,1.8882%,34.5898%,-0.007539,BIO,61516.0,2019-03-05,252.0,-0.1503%,0.0005,0.9921,0.3858,-0.1575,1.5223%,1.8877%,34.9668%,0.000795,BIO,61516.0,2019-03-06,252.0,-1.1495%,0.0006,1.0028,0.3738,-0.147,1.5165%,1.8876%,35.4553%,0.001674,BIO,61516.0,2019-03-07,252.0,-1.9856%,0.0005,1.008,0.3745,-0.14,1.5185%,1.8914%,35.5461%,-0.011946,BIO,61516.0,2019-03-08,252.0,0.4164%,0.0005,1.0078,0.3658,-0.1398,1.5180%,1.8900%,35.4924%,0.005866,BIO,61516.0,2019-03-11,252.0,1.4513%,0.0005,1.0062,0.3623,-0.141,1.5181%,1.8920%,35.6233%,-0.002636,BIO,61516.0,2019-03-12,252.0,0.1946%,0.0005,0.9936,0.3651,-0.1543,1.5152%,1.8823%,35.2033%,0.000242,BIO,61516.0,2019-03-13,252.0,0.1781%,0.0004,0.9921,0.3688,-0.155,1.5153%,1.8823%,35.1890%,-0.003774,BIO,61516.0,2019-03-14,252.0,0.7918%,0.0005,0.9914,0.3642,-0.1527,1.5164%,1.8815%,35.0401%,0.010797,BIO,0.154466,0.146927,0.147722,0.13745,0.147945
14843,BIO RAD LABORATORIES INC,"Bio-Rad Laboratories Q4 Adj. EPS $2.13 Beats $1.50 Estimate, Sales $617.5M Down From $620.433M YoY",6,increase,0.7,0.5,"the significant beat on adjusted eps suggests strong profitability, which could positively influence investor sentiment despite a slight decline in sales.",2,2019-02-28,BIO,2019-02-28 21:43:00+00:00,61516.0,09057220,-0.0112777706235647,409546.0,0.1716870069503784,0.0041045006364583,-0.0145552912726998,-0.0085386456921696,-0.0015026094624772,0.003500296967104,-0.0114946085959672,-0.0002915600198321,-0.0198555514216423,0.0058664153330028,0.0041638440452516,0.0099236937239766,0.0145132755860686,-0.0010357282590121,0.0019463655771687,0.0341212712228298,0.0017807437106966,-0.0014133278746157,0.0079179806634783,0.0142967933788895,-0.004937982186675,0.0204404909163713,0.0107628237456083,0.0163953639566898,0.0014345702948048,0.0033060812857002,-0.0108238700777292,-0.0184804052114486,0.0156089281663298,0.0101938964799046,-0.0316253453493118,-0.002193869324401,0.0052357935346663,-0.0016724999295547,0.0016276570968329,0.0050026015378534,-0.0171275921165943,0.0199608113616704,0.0043978127650916,0.0237358659505844,0.0063538854010403,0.0051665296778082,0.0056268032640218,-0.0093212528154253,0.0056604449637234,0.0136668076738715,-0.0105454148724675,-8.430981688434258e-05,-0.0002615963458083,0.0066660665906965,0.0091890050098299,-0.0172334220260381,0.0039856485091149,0.0076101478189229,-0.0126516362652182,0.0054108845070004,0.0054916078224778,-0.0056326035410165,-0.0052665639668703,0.0064728977158665,0.0083338376134634,-0.0209179148077964,-0.0058017326518893,0.0022834020201116,-0.0172784384340047,0.0147449132055044,-0.031880360096693,0.0078121526166796,0.0078813638538122,0.0079599460586905,-0.0021759583614766,0.032658651471138,0.0056220805272459,0.008827444165945,-0.004608036018908,-0.0165731273591518,0.0174279902130365,-0.0178279187530279,0.0097022214904427,0.0111469021067023,-0.0084824310615658,-0.0009570263209752,0.0056476490572094,0.010772599838674,-0.012793693691492,0.0333029814064502,0.0172345023602247,-0.0237302761524915,0.0203837621957063,-0.0241949297487735,-0.006680495571345,-0.0165581218898296,-0.0281096491962671,-0.0209210440516471,-0.0039638304151594,-0.0126327350735664,0.0430676490068435,-0.0193689092993736,0.0058846590109169,-0.0098289577290415,-0.0476374365389347,-0.0156145570799708,-0.0145470416173338,0.008688417263329,0.008151538670063,0.0014302765484899,0.0166808348149061,-0.0176794826984405,-0.0084876306354999,-0.0256673507392406,-0.0130763174965977,-0.0128377741202712,0.0051564327441155,-0.0398270599544048,0.0033973159734159,0.010894195176661,-0.0047063301317393,-0.0031236954964697,-0.0020070634782314,0.0020746400114148,0.1716870069503784,0.0041045006364583,0.1546327612837776,-0.0044691919323892,0.1528977991709863,-0.0009845384642515,0.1170173966137799,0.0045831194612264,0.1512366259360307,0.061565222930537,0.1294943469911202,0.1591572370739873,0.0829457471944237,-0.0027661874734752,2019-03-01,2019-03-04,2019-03-05,2019-03-06,2019-03-07,2019-03-08,2019-03-11,2019-03-12,2019-03-13,2019-03-14,61516.0,2019-02-28,252.0,-1.1278%,0.0001,0.9127,0.2123,-0.2073,1.2226%,1.6006%,41.6582%,-0.009115,BIO,61516.0,2019-03-01,252.0,17.1687%,0.0004,0.9922,0.3308,-0.1599,1.5280%,1.8900%,34.6360%,0.163581,BIO,61516.0,2019-03-04,252.0,-1.4555%,0.0004,0.9879,0.3525,-0.1604,1.5271%,1.8882%,34.5898%,-0.007539,BIO,61516.0,2019-03-05,252.0,-0.1503%,0.0005,0.9921,0.3858,-0.1575,1.5223%,1.8877%,34.9668%,0.000795,BIO,61516.0,2019-03-06,252.0,-1.1495%,0.0006,1.0028,0.3738,-0.147,1.5165%,1.8876%,35.4553%,0.001674,BIO,61516.0,2019-03-07,252.0,-1.9856%,0.0005,1.008,0.3745,-0.14,1.5185%,1.8914%,35.5461%,-0.011946,BIO,61516.0,2019-03-08,252.0,0.4164%,0.0005,1.0078,0.3658,-0.1398,1.5180%,1.8900%,35.4924%,0.005866,BIO,61516.0,2019-03-11,252.0,1.4513%,0.0005,1.0062,0.3623,-0.141,1.5181%,1.8920%,35.6233%,-0.002636,BIO,61516.0,2019-03-12,252.0,0.1946%,0.0005,0.9936,0.3651,-0.1543,1.5152%,1.8823%,35.2033%,0.000242,BIO,61516.0,2019-03-13,252.0,0.1781%,0.0004,0.9921,0.3688,-0.155,1.5153%,1.8823%,35.1890%,-0.003774,BIO,61516.0,2019-03-14,252.0,0.7918%,0.0005,0.9914,0.3642,-0.1527,1.5164%,1.8815%,35.0401%,0.010797,BIO,0.154466,0.146927,0.147722,0.13745,0.147945
14851,BANCO LATINOAMERICANO DE CO EX S,"Banco Latinoamericano Q4 EPS $0.52 Beats $0.43 Estimate, Sales $34.1M Miss $35M Estimate",6,uncertain,0.6,0.3,"while the earnings per share (eps) beat estimates, the sales miss could create mixed reactions among investors, leading to uncertainty in the stock price movement.",1,2019-02-28,BLX,2019-02-28 12:13:00+00:00,77920.0,P1699413,0.138193741440773,343124.0,0.0215105526149272,-0.0059491950087249,-0.0196537226438522,-0.010171334259212,-0.013842524960637,-0.0100689204409718,-0.0145207764580845,0.0161551516503095,-0.0162082463502883,-0.0200528260320425,-0.0027459082193672,-0.0083725713193416,0.0245022736489772,0.013793115504086,0.0009965350618585,0.0139860259369015,0.0079641537740826,-0.0064136255532503,-0.0103703252971172,0.0069967256858944,-0.0049900389276444,0.0070460247807204,0.0,0.0148515105247497,-0.016048127785325,0.0122495116665959,-0.0056065549142658,-0.0276123583316803,0.0030753186438232,-0.0196391101926565,-0.017373539507389,-0.0089426655322313,0.0197608470916748,0.0047568790614604,0.0260071493685245,0.0074547063559293,-0.0054672267287969,0.0010661224368959,-0.0009995230939239,0.0201196763664484,-0.0035017356276512,0.001088652643375,0.0261044409126043,-0.007026981562376,-0.0249510873109102,0.0043431012891232,0.0065227877348661,-0.0096774352714419,0.015453708358109,0.0158383902162313,0.0157093610614538,0.0082598906010389,0.0057998513802886,-0.0027457023970782,-0.0129744624719023,0.0077476142905652,0.0073028048500418,0.0078081088140606,0.0004833363345824,-0.0207536406815052,0.0024154218845069,0.0104855746030807,0.0028915405273437,0.012290570884943,0.027871211990714,0.0158909633755683,0.06030860170722,-0.0112232808023691,-0.0132275633513927,0.0096317324787378,-0.0254691559821367,0.0190531145781278,0.0123796639963984,0.0182245429605245,0.002264458220452,-0.0167629495263099,-0.0135562242940068,0.0,0.0034356631804257,-0.0136831048876047,0.0134757896885275,0.0311581827700138,-0.0082531087100505,0.0071048457175493,-0.0147942537441849,0.0438812784850597,-0.0014077324885874,-0.0012345961295068,0.0061089829541742,0.0062112035229802,-0.007940218783915,-0.0049443710595369,-0.0112994248047471,-0.0012345961295068,-0.0028571174480021,0.0030960461590439,-0.0028653950430452,-0.0352449305355548,0.003831414040178,-0.0011933447094634,-0.0248090922832489,-0.0011919223470613,-0.0014677438884973,-0.0011903899721801,-0.0132288318127393,-0.0140846045687794,0.0094339894130826,-0.0005864118575118,0.003935067448765,-0.0127389235422015,0.014698639512062,-0.0011567644542083,0.011588686145842,-0.0148147195577621,-0.0100239133462309,0.0028570992872118,-0.0332690700888633,-0.0352811142802238,0.0139651224017143,0.004986158106476,0.0215105526149272,-0.0059491950087249,0.0014340675360653,-0.01606001801693,-0.012428308540235,-0.0259672314142088,-0.0425429903309626,-0.0300792381768689,-0.0232387821878021,-0.010764302431705,0.008929991913855,0.0038230329478761,0.0086233991504582,0.018282551319166,2019-03-01,2019-03-04,2019-03-05,2019-03-06,2019-03-07,2019-03-08,2019-03-11,2019-03-12,2019-03-13,2019-03-14,77920.0,2019-02-28,252.0,13.8194%,-0.0008,0.4966,0.1854,0.3493,1.9859%,2.0427%,5.4841%,0.14073,BLX,77920.0,2019-03-01,252.0,2.1511%,-0.0007,0.4974,0.1867,0.3416,1.9893%,2.0459%,5.4510%,0.018705,BLX,77920.0,2019-03-04,252.0,-1.9654%,-0.0008,0.5038,0.181,0.3365,1.9914%,2.0491%,5.5574%,-0.017743,BLX,77920.0,2019-03-05,252.0,-1.3843%,-0.0009,0.502,0.1603,0.3393,1.9901%,2.0470%,5.4860%,-0.011707,BLX,77920.0,2019-03-06,252.0,-1.4521%,-0.0008,0.5146,0.1679,0.3545,1.9875%,2.0474%,5.7668%,-0.00851,BLX,77920.0,2019-03-07,252.0,-1.6208%,-0.0009,0.5189,0.1692,0.3606,1.9885%,2.0495%,5.8641%,-0.010791,BLX,77920.0,2019-03-08,252.0,-0.2746%,-0.0008,0.5183,0.1785,0.3592,1.9877%,2.0488%,5.8736%,-0.001166,BLX,77920.0,2019-03-11,252.0,2.4502%,-0.0008,0.528,0.1867,0.359,1.9912%,2.0551%,6.1168%,0.017915,BLX,77920.0,2019-03-12,252.0,0.0997%,-0.0007,0.5329,0.1852,0.3639,1.9909%,2.0549%,6.1338%,0.000397,BLX,77920.0,2019-03-13,252.0,0.7964%,-0.0008,0.5353,0.1647,0.3617,1.9855%,2.0501%,6.2007%,0.004552,BLX,77920.0,2019-03-14,252.0,-1.0370%,-0.0009,0.535,0.1695,0.3593,1.9864%,2.0509%,6.1880%,-0.010335,BLX,0.159435,0.1416919999999999,0.129985,0.1106839999999999,0.122047
14859,BRISTOL MYERS SQUIBB CO,"Bristol-Myers Offers Response To Starboard Letter, Says Welcomes Opinions Of All Shareholders, Will Review Firm's Letter, Respond In Due Course",6,uncertain,0.6,0.2,"the response to starboard's letter indicates openness to shareholder opinions, which could be viewed positively, but the lack of immediate action or commitment leaves the market uncertain about future impacts on the stock price.",1,2019-02-28,BMY,2019-02-28 17:01:00+00:00,19393.0,11012210,0.0137362787500023,80889791.0,0.0301974713802337,0.0159489475190639,-0.0031943251378834,-0.0096742678433656,0.0141376061365008,-0.0064730877056717,-0.0169144961982965,0.0169558841735124,-0.0260919090360403,-0.0228069815784692,-0.0023296240251511,-0.0011682510375976,-0.0095348879694938,-0.0059995660558342,-0.0102161187678575,0.0165256019681692,0.011710999533534,-0.0029422855004668,-0.0211889706552028,0.0255481898784637,0.0014030806487426,-0.0077844192273914,-0.0020015707705169,-0.0023895408958196,-0.005214643664658,0.0033966430928558,-0.0082661258056759,-0.0213140435516834,-0.0054889298044145,0.0197407342493534,-0.0155355343595147,-0.0137659190222621,-0.0139119224622845,0.0192423146218061,0.0178984720259904,0.010532721877098,-0.0074472613632678,0.0104379514232277,-0.00291786971502,0.0111755160614848,-0.0027174137067049,0.0,-0.0129951573908329,-0.0124668013304472,-0.0082820001989603,-0.001835988368839,0.0038543962873518,-0.0188150256872177,0.0042661493644118,0.0048269880935549,-0.0006427851039916,-0.0079808002337813,0.0032161562703549,0.0104838805273175,-0.0173114202916622,0.0095664029940962,-0.0019573760218918,-0.0118664549663662,0.0043582646176218,0.0364811345934867,-0.0112822838127613,-0.0004167630104348,0.0204081702977418,0.0056580146774649,-0.0103225708007812,0.0114455474540591,-0.0047805565409362,-0.0168785452842712,-0.0061135105788707,-0.0086758555844426,-0.0061511155217885,0.0324163027107715,0.0017683026380836,0.0392287336289882,-0.0154457362368702,-0.1316040754318237,0.0228597149252891,0.0086571909487247,0.0054776514880359,0.0204161945730447,0.0093702403828501,0.0105137629434466,0.0023747973609715,0.0075954641215503,0.0032307025976479,0.0260459501296281,0.0064405156299471,-0.0212766230106353,0.0371159948408603,-0.0047942805103957,-0.0106951966881752,-0.0065488792024552,-0.0182951614260673,-0.0226920470595359,0.0048708077520132,0.0125687988474965,-0.0046364851295948,-0.0230238065123558,-0.0046580820344388,-0.0283370707184076,-0.0236119292676448,0.0037425293121486,0.0002178283466491,0.0192637480795383,0.0156828835606575,-0.002852824749425,0.0105082103982567,-0.0094197439029812,-0.0057300608605146,-0.0031924538780003,-0.0115260854363441,0.023448035120964,0.0241848174482584,-0.0234609618782997,0.0065359766595065,-0.0033670091070234,-0.0092166410759091,0.031648002564907,-0.0103593626990914,-0.0034615444019436,0.0301974713802337,0.0159489475190639,0.0269066857004198,0.0061203852855791,0.0414246879617918,-0.0003923202108386,-0.0029036306740216,-0.0066276829348755,-0.0342624957962403,0.0251458481632185,-0.099982484023851,0.0623305787665076,-0.0859227360371497,-0.0110948812570436,2019-03-01,2019-03-04,2019-03-05,2019-03-06,2019-03-07,2019-03-08,2019-03-11,2019-03-12,2019-03-13,2019-03-14,19393.0,2019-02-28,252.0,1.3736%,-0.0009,0.878,-0.1702,0.0773,1.5579%,1.8001%,25.0979%,0.016613,BMY,19393.0,2019-03-01,252.0,3.0197%,-0.0008,0.8748,-0.1749,0.0606,1.5636%,1.8046%,24.9225%,0.024589,BMY,19393.0,2019-03-04,252.0,-0.3194%,-0.0008,0.8771,-0.1836,0.0603,1.5633%,1.8041%,24.9148%,0.000329,BMY,19393.0,2019-03-05,252.0,1.4138%,-0.0007,0.8735,-0.2013,0.0518,1.5662%,1.8058%,24.7729%,0.015114,BMY,19393.0,2019-03-06,252.0,-1.6914%,-0.0008,0.878,-0.1775,0.0602,1.5678%,1.8075%,24.7622%,-0.0122239999999999,BMY,19393.0,2019-03-07,252.0,-2.6092%,-0.0008,0.8916,-0.1462,0.0871,1.5660%,1.8105%,25.1811%,-0.018908,BMY,19393.0,2019-03-08,252.0,-0.2330%,-0.0008,0.8923,-0.1589,0.0889,1.5643%,1.8093%,25.2462%,-0.000237,BMY,19393.0,2019-03-11,252.0,-0.9535%,-0.0009,0.8812,-0.1618,0.093,1.5693%,1.8089%,24.7387%,-0.021886,BMY,19393.0,2019-03-12,252.0,-1.0216%,-0.001,0.8778,-0.1557,0.0916,1.5710%,1.8062%,24.3437%,-0.012888,BMY,19393.0,2019-03-13,252.0,1.1711%,-0.0009,0.8797,-0.155,0.0938,1.5712%,1.8075%,24.4357%,0.00508,BMY,19393.0,2019-03-14,252.0,-2.1189%,-0.001,0.8775,-0.1439,0.0882,1.5762%,1.8108%,24.2368%,-0.021316,BMY,0.041202,0.041531,0.056645,0.025513,-0.0257339999999999
14867,BRISTOL MYERS SQUIBB CO,"Starboard Value Issues Letter To Bristol-Myers Shareholders, Sees Co./Stock As 'Deeply Underavlued'",6,increase,0.75,0.6,"starboard value's assertion that bristol-myers squibb is 'deeply undervalued' may attract investor interest and confidence, potentially driving the stock price up.",2,2019-02-28,BMY,2019-02-28 14:38:00+00:00,19393.0,11012210,0.0137362787500023,80889791.0,0.0301974713802337,0.0159489475190639,-0.0031943251378834,-0.0096742678433656,0.0141376061365008,-0.0064730877056717,-0.0169144961982965,0.0169558841735124,-0.0260919090360403,-0.0228069815784692,-0.0023296240251511,-0.0011682510375976,-0.0095348879694938,-0.0059995660558342,-0.0102161187678575,0.0165256019681692,0.011710999533534,-0.0029422855004668,-0.0211889706552028,0.0255481898784637,0.0014030806487426,-0.0077844192273914,-0.0020015707705169,-0.0023895408958196,-0.005214643664658,0.0033966430928558,-0.0082661258056759,-0.0213140435516834,-0.0054889298044145,0.0197407342493534,-0.0155355343595147,-0.0137659190222621,-0.0139119224622845,0.0192423146218061,0.0178984720259904,0.010532721877098,-0.0074472613632678,0.0104379514232277,-0.00291786971502,0.0111755160614848,-0.0027174137067049,0.0,-0.0129951573908329,-0.0124668013304472,-0.0082820001989603,-0.001835988368839,0.0038543962873518,-0.0188150256872177,0.0042661493644118,0.0048269880935549,-0.0006427851039916,-0.0079808002337813,0.0032161562703549,0.0104838805273175,-0.0173114202916622,0.0095664029940962,-0.0019573760218918,-0.0118664549663662,0.0043582646176218,0.0364811345934867,-0.0112822838127613,-0.0004167630104348,0.0204081702977418,0.0056580146774649,-0.0103225708007812,0.0114455474540591,-0.0047805565409362,-0.0168785452842712,-0.0061135105788707,-0.0086758555844426,-0.0061511155217885,0.0324163027107715,0.0017683026380836,0.0392287336289882,-0.0154457362368702,-0.1316040754318237,0.0228597149252891,0.0086571909487247,0.0054776514880359,0.0204161945730447,0.0093702403828501,0.0105137629434466,0.0023747973609715,0.0075954641215503,0.0032307025976479,0.0260459501296281,0.0064405156299471,-0.0212766230106353,0.0371159948408603,-0.0047942805103957,-0.0106951966881752,-0.0065488792024552,-0.0182951614260673,-0.0226920470595359,0.0048708077520132,0.0125687988474965,-0.0046364851295948,-0.0230238065123558,-0.0046580820344388,-0.0283370707184076,-0.0236119292676448,0.0037425293121486,0.0002178283466491,0.0192637480795383,0.0156828835606575,-0.002852824749425,0.0105082103982567,-0.0094197439029812,-0.0057300608605146,-0.0031924538780003,-0.0115260854363441,0.023448035120964,0.0241848174482584,-0.0234609618782997,0.0065359766595065,-0.0033670091070234,-0.0092166410759091,0.031648002564907,-0.0103593626990914,-0.0034615444019436,0.0301974713802337,0.0159489475190639,0.0269066857004198,0.0061203852855791,0.0414246879617918,-0.0003923202108386,-0.0029036306740216,-0.0066276829348755,-0.0342624957962403,0.0251458481632185,-0.099982484023851,0.0623305787665076,-0.0859227360371497,-0.0110948812570436,2019-03-01,2019-03-04,2019-03-05,2019-03-06,2019-03-07,2019-03-08,2019-03-11,2019-03-12,2019-03-13,2019-03-14,19393.0,2019-02-28,252.0,1.3736%,-0.0009,0.878,-0.1702,0.0773,1.5579%,1.8001%,25.0979%,0.016613,BMY,19393.0,2019-03-01,252.0,3.0197%,-0.0008,0.8748,-0.1749,0.0606,1.5636%,1.8046%,24.9225%,0.024589,BMY,19393.0,2019-03-04,252.0,-0.3194%,-0.0008,0.8771,-0.1836,0.0603,1.5633%,1.8041%,24.9148%,0.000329,BMY,19393.0,2019-03-05,252.0,1.4138%,-0.0007,0.8735,-0.2013,0.0518,1.5662%,1.8058%,24.7729%,0.015114,BMY,19393.0,2019-03-06,252.0,-1.6914%,-0.0008,0.878,-0.1775,0.0602,1.5678%,1.8075%,24.7622%,-0.0122239999999999,BMY,19393.0,2019-03-07,252.0,-2.6092%,-0.0008,0.8916,-0.1462,0.0871,1.5660%,1.8105%,25.1811%,-0.018908,BMY,19393.0,2019-03-08,252.0,-0.2330%,-0.0008,0.8923,-0.1589,0.0889,1.5643%,1.8093%,25.2462%,-0.000237,BMY,19393.0,2019-03-11,252.0,-0.9535%,-0.0009,0.8812,-0.1618,0.093,1.5693%,1.8089%,24.7387%,-0.021886,BMY,19393.0,2019-03-12,252.0,-1.0216%,-0.001,0.8778,-0.1557,0.0916,1.5710%,1.8062%,24.3437%,-0.012888,BMY,19393.0,2019-03-13,252.0,1.1711%,-0.0009,0.8797,-0.155,0.0938,1.5712%,1.8075%,24.4357%,0.00508,BMY,19393.0,2019-03-14,252.0,-2.1189%,-0.001,0.8775,-0.1439,0.0882,1.5762%,1.8108%,24.2368%,-0.021316,BMY,0.041202,0.041531,0.056645,0.025513,-0.0257339999999999
14875,BRISTOL MYERS SQUIBB CO,"Bristol-Myers Squibb, In Letter To Employees On Feb 27, Says Very Disappointed By Position of Wellington Management with Regard to Celgene Acquisition",6,decrease,0.7,0.6,the disappointment expressed by bristol-myers squibb regarding wellington management's position on the celgene acquisition may signal internal or external conflicts that could negatively impact investor sentiment and stock performance.,0,2019-02-28,BMY,2019-02-28 11:20:00+00:00,19393.0,11012210,0.0137362787500023,80889791.0,0.0301974713802337,0.0159489475190639,-0.0031943251378834,-0.0096742678433656,0.0141376061365008,-0.0064730877056717,-0.0169144961982965,0.0169558841735124,-0.0260919090360403,-0.0228069815784692,-0.0023296240251511,-0.0011682510375976,-0.0095348879694938,-0.0059995660558342,-0.0102161187678575,0.0165256019681692,0.011710999533534,-0.0029422855004668,-0.0211889706552028,0.0255481898784637,0.0014030806487426,-0.0077844192273914,-0.0020015707705169,-0.0023895408958196,-0.005214643664658,0.0033966430928558,-0.0082661258056759,-0.0213140435516834,-0.0054889298044145,0.0197407342493534,-0.0155355343595147,-0.0137659190222621,-0.0139119224622845,0.0192423146218061,0.0178984720259904,0.010532721877098,-0.0074472613632678,0.0104379514232277,-0.00291786971502,0.0111755160614848,-0.0027174137067049,0.0,-0.0129951573908329,-0.0124668013304472,-0.0082820001989603,-0.001835988368839,0.0038543962873518,-0.0188150256872177,0.0042661493644118,0.0048269880935549,-0.0006427851039916,-0.0079808002337813,0.0032161562703549,0.0104838805273175,-0.0173114202916622,0.0095664029940962,-0.0019573760218918,-0.0118664549663662,0.0043582646176218,0.0364811345934867,-0.0112822838127613,-0.0004167630104348,0.0204081702977418,0.0056580146774649,-0.0103225708007812,0.0114455474540591,-0.0047805565409362,-0.0168785452842712,-0.0061135105788707,-0.0086758555844426,-0.0061511155217885,0.0324163027107715,0.0017683026380836,0.0392287336289882,-0.0154457362368702,-0.1316040754318237,0.0228597149252891,0.0086571909487247,0.0054776514880359,0.0204161945730447,0.0093702403828501,0.0105137629434466,0.0023747973609715,0.0075954641215503,0.0032307025976479,0.0260459501296281,0.0064405156299471,-0.0212766230106353,0.0371159948408603,-0.0047942805103957,-0.0106951966881752,-0.0065488792024552,-0.0182951614260673,-0.0226920470595359,0.0048708077520132,0.0125687988474965,-0.0046364851295948,-0.0230238065123558,-0.0046580820344388,-0.0283370707184076,-0.0236119292676448,0.0037425293121486,0.0002178283466491,0.0192637480795383,0.0156828835606575,-0.002852824749425,0.0105082103982567,-0.0094197439029812,-0.0057300608605146,-0.0031924538780003,-0.0115260854363441,0.023448035120964,0.0241848174482584,-0.0234609618782997,0.0065359766595065,-0.0033670091070234,-0.0092166410759091,0.031648002564907,-0.0103593626990914,-0.0034615444019436,0.0301974713802337,0.0159489475190639,0.0269066857004198,0.0061203852855791,0.0414246879617918,-0.0003923202108386,-0.0029036306740216,-0.0066276829348755,-0.0342624957962403,0.0251458481632185,-0.099982484023851,0.0623305787665076,-0.0859227360371497,-0.0110948812570436,2019-03-01,2019-03-04,2019-03-05,2019-03-06,2019-03-07,2019-03-08,2019-03-11,2019-03-12,2019-03-13,2019-03-14,19393.0,2019-02-28,252.0,1.3736%,-0.0009,0.878,-0.1702,0.0773,1.5579%,1.8001%,25.0979%,0.016613,BMY,19393.0,2019-03-01,252.0,3.0197%,-0.0008,0.8748,-0.1749,0.0606,1.5636%,1.8046%,24.9225%,0.024589,BMY,19393.0,2019-03-04,252.0,-0.3194%,-0.0008,0.8771,-0.1836,0.0603,1.5633%,1.8041%,24.9148%,0.000329,BMY,19393.0,2019-03-05,252.0,1.4138%,-0.0007,0.8735,-0.2013,0.0518,1.5662%,1.8058%,24.7729%,0.015114,BMY,19393.0,2019-03-06,252.0,-1.6914%,-0.0008,0.878,-0.1775,0.0602,1.5678%,1.8075%,24.7622%,-0.0122239999999999,BMY,19393.0,2019-03-07,252.0,-2.6092%,-0.0008,0.8916,-0.1462,0.0871,1.5660%,1.8105%,25.1811%,-0.018908,BMY,19393.0,2019-03-08,252.0,-0.2330%,-0.0008,0.8923,-0.1589,0.0889,1.5643%,1.8093%,25.2462%,-0.000237,BMY,19393.0,2019-03-11,252.0,-0.9535%,-0.0009,0.8812,-0.1618,0.093,1.5693%,1.8089%,24.7387%,-0.021886,BMY,19393.0,2019-03-12,252.0,-1.0216%,-0.001,0.8778,-0.1557,0.0916,1.5710%,1.8062%,24.3437%,-0.012888,BMY,19393.0,2019-03-13,252.0,1.1711%,-0.0009,0.8797,-0.155,0.0938,1.5712%,1.8075%,24.4357%,0.00508,BMY,19393.0,2019-03-14,252.0,-2.1189%,-0.001,0.8775,-0.1439,0.0882,1.5762%,1.8108%,24.2368%,-0.021316,BMY,0.041202,0.041531,0.056645,0.025513,-0.0257339999999999
14883,ANHEUSER BUSCH INBEV SA NV,Anheuser-Busch shares are trading higher after the company said it plans to deliver 'strong' revenue and EBITDA growth in 2019 following a down year in 2018.,6,increase,0.8,0.7,"the announcement of plans for 'strong' revenue and ebitda growth typically signals positive future performance, which is likely to boost investor confidence and increase stock price.",2,2019-02-28,BUD,2019-02-28 15:52:00+00:00,93013.0,03524A10,0.0460385754704475,3024834.0,0.0486181564629077,-0.0063829221762716,-0.0021961969323456,0.004541762638837,0.0051357075572013,-0.0023987246677279,-0.0008515778463333,-0.0317419245839119,-0.0215511582791805,-0.0023172027431428,0.0027376955840736,0.0073920334689319,0.0027302210219204,-0.0074655916541814,-0.0012376992963254,0.0235836748033762,0.0003718266380019,-0.0236685927957296,-0.0133779486641287,0.0182056240737438,0.0200878642499446,-0.000261938868789,0.0100923040881753,0.0028890508692711,0.0219325330108404,-0.0097529254853725,-0.0052462434396147,-0.017879968509078,0.005873161368072,-0.0071011609397828,-0.0378932356834411,0.0187313891947269,-0.0048303119838237,0.0074181072413921,0.0209085289388895,0.0052327825687825,0.0052419882267713,0.0200160127133131,0.0029104761779308,0.0128396349027752,0.0153567632660269,0.0042073503136634,-0.0039299968630075,-0.0157627612352371,0.0064562521874904,0.0082154963165521,-0.0039201928302645,0.0046001398004591,0.0135956993326544,0.0055782808922231,0.0156489219516515,-0.0020366804674267,-0.0030120729934424,0.0232008621096611,0.0042993579991161,0.0209929551929235,0.0092560807242989,-0.0278543401509523,0.0084832953289151,-0.0001379034365527,0.0064794779755175,-0.0162756610661745,0.0064377645030617,0.0419728830456733,-0.0043766060844063,0.0074032503180205,-0.0043958453461527,-0.0072085107676684,0.0184534955769777,0.0194524265825748,-0.0040017855353653,0.0044869766570627,-0.003906233003363,0.0401987098157405,-0.0116526717320084,0.0077377404086291,-0.0177984330803155,0.0015196186723187,0.0108495205640792,-0.0009109638049267,0.0049098003655672,-0.0064856754615902,0.0105669843032956,-0.0094127785414457,-0.0127052487805485,0.0229252632707357,-0.0030747824348509,-0.0144599955528974,0.0063970475457608,-0.0205075163394212,-0.0037457642611116,-0.0148256430402398,-0.027284886687994,0.0007273171213455,0.0080702621489763,0.0076212314888834,-0.0117730163037776,-0.0210902970284223,0.0023826179094612,-0.0224404782056808,-0.0167577378451824,-0.0040507516823709,0.0033844888675957,0.0173368416726589,0.0098783243447542,-0.0025513861328363,0.0005963905714452,-0.0031085715163499,-0.0147829987108707,-0.0207555014640092,-0.0197240710258483,-0.0269287750124931,-0.0001234679220942,-0.0212177205830812,0.0200000330805778,-0.0128789572045207,-0.0038731503300368,-0.0047902008518576,0.0055892961099743,0.0022057632450014,0.0486181564629077,-0.0063829221762716,0.046315184484482,-0.0018701492549013,0.0516887532846535,-0.0042643879494792,0.0281473487648737,-0.038105035125959,0.0190634302492291,-0.0213490154769646,0.1255117305158282,0.0301944344906808,0.07286777284908,-0.0304917437901953,2019-03-01,2019-03-04,2019-03-05,2019-03-06,2019-03-07,2019-03-08,2019-03-11,2019-03-12,2019-03-13,2019-03-14,93013.0,2019-02-28,252.0,4.6039%,-0.0011,0.5023,0.009,0.0711,1.4310%,1.5194%,11.2880%,0.0477939999999999,BUD,93013.0,2019-03-01,252.0,4.8618%,-0.0009,0.516,0.0294,0.0708,1.4598%,1.5511%,11.4329%,0.04517,BUD,93013.0,2019-03-04,252.0,-0.2196%,-0.0011,0.5335,-0.0299,0.0665,1.4399%,1.5382%,12.3689%,0.000238,BUD,93013.0,2019-03-05,252.0,0.5136%,-0.0011,0.5303,-0.0498,0.0616,1.4395%,1.5369%,12.2682%,0.006019,BUD,93013.0,2019-03-06,252.0,-0.0852%,-0.0011,0.5264,-0.0559,0.0564,1.4395%,1.5355%,12.1188%,0.002861,BUD,93013.0,2019-03-07,252.0,-2.1551%,-0.0012,0.5315,-0.0625,0.0613,1.4418%,1.5395%,12.2811%,-0.017178,BUD,93013.0,2019-03-08,252.0,0.2738%,-0.0011,0.531,-0.0646,0.0605,1.4421%,1.5396%,12.2621%,0.003953,BUD,93013.0,2019-03-11,252.0,0.2730%,-0.0012,0.5284,-0.0471,0.0719,1.4364%,1.5331%,12.2241%,-0.004724,BUD,93013.0,2019-03-12,252.0,-0.1238%,-0.0012,0.5356,-0.048,0.0798,1.4354%,1.5331%,12.3458%,-0.0027229999999999,BUD,93013.0,2019-03-13,252.0,0.0372%,-0.0012,0.535,-0.0511,0.0783,1.4350%,1.5329%,12.3579%,-0.003577,BUD,93013.0,2019-03-14,252.0,-1.3378%,-0.0013,0.5336,-0.0445,0.075,1.4369%,1.5343%,12.2821%,-0.013378,BUD,0.0929639999999999,0.093202,0.0992209999999999,0.084904,0.0644549999999999
14891,ANHEUSER BUSCH INBEV SA NV,"Anheuser-Busch InBev Earlier Reported Q4 Sales $14.25B, Normalized EPS $2.02",6,increase,0.7,0.6,"the reported q4 sales of $14.25 billion and normalized eps of $2.02 suggest strong financial performance, which is likely to positively influence investor sentiment and increase the stock price.",2,2019-02-28,BUD,2019-02-28 14:42:00+00:00,93013.0,03524A10,0.0460385754704475,3024834.0,0.0486181564629077,-0.0063829221762716,-0.0021961969323456,0.004541762638837,0.0051357075572013,-0.0023987246677279,-0.0008515778463333,-0.0317419245839119,-0.0215511582791805,-0.0023172027431428,0.0027376955840736,0.0073920334689319,0.0027302210219204,-0.0074655916541814,-0.0012376992963254,0.0235836748033762,0.0003718266380019,-0.0236685927957296,-0.0133779486641287,0.0182056240737438,0.0200878642499446,-0.000261938868789,0.0100923040881753,0.0028890508692711,0.0219325330108404,-0.0097529254853725,-0.0052462434396147,-0.017879968509078,0.005873161368072,-0.0071011609397828,-0.0378932356834411,0.0187313891947269,-0.0048303119838237,0.0074181072413921,0.0209085289388895,0.0052327825687825,0.0052419882267713,0.0200160127133131,0.0029104761779308,0.0128396349027752,0.0153567632660269,0.0042073503136634,-0.0039299968630075,-0.0157627612352371,0.0064562521874904,0.0082154963165521,-0.0039201928302645,0.0046001398004591,0.0135956993326544,0.0055782808922231,0.0156489219516515,-0.0020366804674267,-0.0030120729934424,0.0232008621096611,0.0042993579991161,0.0209929551929235,0.0092560807242989,-0.0278543401509523,0.0084832953289151,-0.0001379034365527,0.0064794779755175,-0.0162756610661745,0.0064377645030617,0.0419728830456733,-0.0043766060844063,0.0074032503180205,-0.0043958453461527,-0.0072085107676684,0.0184534955769777,0.0194524265825748,-0.0040017855353653,0.0044869766570627,-0.003906233003363,0.0401987098157405,-0.0116526717320084,0.0077377404086291,-0.0177984330803155,0.0015196186723187,0.0108495205640792,-0.0009109638049267,0.0049098003655672,-0.0064856754615902,0.0105669843032956,-0.0094127785414457,-0.0127052487805485,0.0229252632707357,-0.0030747824348509,-0.0144599955528974,0.0063970475457608,-0.0205075163394212,-0.0037457642611116,-0.0148256430402398,-0.027284886687994,0.0007273171213455,0.0080702621489763,0.0076212314888834,-0.0117730163037776,-0.0210902970284223,0.0023826179094612,-0.0224404782056808,-0.0167577378451824,-0.0040507516823709,0.0033844888675957,0.0173368416726589,0.0098783243447542,-0.0025513861328363,0.0005963905714452,-0.0031085715163499,-0.0147829987108707,-0.0207555014640092,-0.0197240710258483,-0.0269287750124931,-0.0001234679220942,-0.0212177205830812,0.0200000330805778,-0.0128789572045207,-0.0038731503300368,-0.0047902008518576,0.0055892961099743,0.0022057632450014,0.0486181564629077,-0.0063829221762716,0.046315184484482,-0.0018701492549013,0.0516887532846535,-0.0042643879494792,0.0281473487648737,-0.038105035125959,0.0190634302492291,-0.0213490154769646,0.1255117305158282,0.0301944344906808,0.07286777284908,-0.0304917437901953,2019-03-01,2019-03-04,2019-03-05,2019-03-06,2019-03-07,2019-03-08,2019-03-11,2019-03-12,2019-03-13,2019-03-14,93013.0,2019-02-28,252.0,4.6039%,-0.0011,0.5023,0.009,0.0711,1.4310%,1.5194%,11.2880%,0.0477939999999999,BUD,93013.0,2019-03-01,252.0,4.8618%,-0.0009,0.516,0.0294,0.0708,1.4598%,1.5511%,11.4329%,0.04517,BUD,93013.0,2019-03-04,252.0,-0.2196%,-0.0011,0.5335,-0.0299,0.0665,1.4399%,1.5382%,12.3689%,0.000238,BUD,93013.0,2019-03-05,252.0,0.5136%,-0.0011,0.5303,-0.0498,0.0616,1.4395%,1.5369%,12.2682%,0.006019,BUD,93013.0,2019-03-06,252.0,-0.0852%,-0.0011,0.5264,-0.0559,0.0564,1.4395%,1.5355%,12.1188%,0.002861,BUD,93013.0,2019-03-07,252.0,-2.1551%,-0.0012,0.5315,-0.0625,0.0613,1.4418%,1.5395%,12.2811%,-0.017178,BUD,93013.0,2019-03-08,252.0,0.2738%,-0.0011,0.531,-0.0646,0.0605,1.4421%,1.5396%,12.2621%,0.003953,BUD,93013.0,2019-03-11,252.0,0.2730%,-0.0012,0.5284,-0.0471,0.0719,1.4364%,1.5331%,12.2241%,-0.004724,BUD,93013.0,2019-03-12,252.0,-0.1238%,-0.0012,0.5356,-0.048,0.0798,1.4354%,1.5331%,12.3458%,-0.0027229999999999,BUD,93013.0,2019-03-13,252.0,0.0372%,-0.0012,0.535,-0.0511,0.0783,1.4350%,1.5329%,12.3579%,-0.003577,BUD,93013.0,2019-03-14,252.0,-1.3378%,-0.0013,0.5336,-0.0445,0.075,1.4369%,1.5343%,12.2821%,-0.013378,BUD,0.0929639999999999,0.093202,0.0992209999999999,0.084904,0.0644549999999999
14899,BOYD GAMING CORP,Vegas Strip Revenue Down 4% In January,6,decrease,0.8,0.6,"a 4% decline in revenue on the vegas strip could negatively impact boyd gaming corp's financial performance and investor sentiment, leading to a decrease in stock price.",0,2019-02-28,BYD,2019-02-28 14:44:00+00:00,79758.0,10330410,-0.0362693965435028,1224402.0,0.0117607656866312,-0.0077121360227465,-0.0119561804458499,0.0084251528605818,-0.016470581293106,-0.0045161093585193,-0.0198222808539867,0.0961810201406478,-0.0066248443908989,-0.0042253145948052,0.0157950427383184,0.0106761297211051,0.0131305856630206,0.0089766606688499,-0.0177353508770465,0.0145719349384307,0.0090277856215834,-0.0039912448264658,-0.0213351789861917,0.004373138770461,-0.0052853990346193,0.0095658656209707,-0.0063762064091861,0.0210367944091558,-0.0103386454284191,-0.0209635775536298,-0.0054034446366131,-0.0134252151474356,0.0112277967855334,-0.0054131946526467,-0.0204154625535011,-0.007521525491029,0.010603254660964,0.0086705116555094,0.0104920743033289,0.0131771825253963,-0.037594024091959,0.024756183847785,0.0163690671324729,0.0183345880359411,0.0014641623711213,-0.0154193248599767,0.0358186960220336,-0.0048652379773557,0.0084685878828167,0.0284834410995245,0.0199440065771341,0.012865494005382,-0.0044596623629331,-0.0142198633402586,0.0044796401634812,-0.0258329715579748,-0.0089193908497691,0.0348701924085617,-0.0190377030521631,0.0007754381513223,0.0299929566681385,0.0201740600168705,0.0071942131035029,-0.0043323631398379,0.0159864369779825,-0.0323933064937591,-0.0100435595959425,0.006134963594377,0.0108217690140008,0.0183521788567304,-0.0097022084519267,0.0444535128772258,0.0067567178048193,0.0483112893998622,0.0006711563328281,0.0507636629045009,0.0238095577806234,0.0569800958037376,0.0131018543615937,-0.0098731070756912,-0.0116392048075795,0.0235803537070751,-0.0009813143406063,0.0191270876675844,-0.0153896920382976,-0.0029340523760765,-0.0428998693823814,-0.0237981658428907,-0.0340514741837978,0.0908618867397308,0.0057553905062377,-0.0218385122716426,0.0039342138916254,-0.0338566564023494,-0.019593846052885,-0.0201923120766878,-0.0374273508787155,-0.069351278245449,0.0083049945533275,-0.0205959379673004,0.0101085910573601,-0.0459866374731063,0.0070422734133899,-0.0033333301544189,-0.0415899567306041,-0.0008326584938913,-0.0023042000830173,0.0260572675615549,0.0207852553576231,-0.0245833396911621,0.0079185171052813,0.0105263162404298,-0.0213243439793586,-0.0254411492496728,-0.0076452889479696,-0.0020474707707762,0.0073189730755984,-0.051650483161211,-0.0195028763264417,0.0374697968363761,-0.0050701703876256,-0.0016090472927317,0.0148960864171385,-0.0036072204820811,0.0117607656866312,-0.0077121360227465,-0.0003360285959493,0.0006480409129621,-0.0168010753027491,-0.0038709950691889,-0.042674747187971,0.0873239284790632,-0.0443548759534319,0.1253643794649375,-0.0100082034152084,0.2162268607970783,-0.1282011098132206,0.241306608198397,2019-03-01,2019-03-04,2019-03-05,2019-03-06,2019-03-07,2019-03-08,2019-03-11,2019-03-12,2019-03-13,2019-03-14,79758.0,2019-02-28,252.0,-3.6269%,-0.0008,1.5814,1.0578,-0.1802,1.8684%,2.6212%,49.1929%,-0.032212,BYD,79758.0,2019-03-01,252.0,1.1761%,-0.0009,1.6017,1.088,-0.1475,1.8557%,2.6211%,49.8752%,-0.003503,BYD,79758.0,2019-03-04,252.0,-1.1956%,-0.0009,1.5997,1.0927,-0.1465,1.8556%,2.6210%,49.8757%,0.00121,BYD,79758.0,2019-03-05,252.0,-1.6471%,-0.0009,1.6043,1.1219,-0.1396,1.8548%,2.6220%,49.9590%,-0.010805,BYD,79758.0,2019-03-06,252.0,-1.9822%,-0.0008,1.6072,1.0986,-0.1395,1.8540%,2.6249%,50.1121%,0.007755,BYD,79758.0,2019-03-07,252.0,-0.6625%,-0.0008,1.6042,1.099,-0.1433,1.8546%,2.6243%,50.0599%,0.006773,BYD,79758.0,2019-03-08,252.0,1.5795%,-0.0007,1.6013,1.105,-0.1484,1.8582%,2.6262%,49.9336%,0.018441,BYD,79758.0,2019-03-11,252.0,1.3131%,-0.0007,1.5937,1.0956,-0.1498,1.8605%,2.6275%,49.8642%,-0.015568,BYD,79758.0,2019-03-12,252.0,-1.7735%,-0.0006,1.6194,1.0983,-0.1192,1.8529%,2.6293%,50.3396%,-0.018862,BYD,79758.0,2019-03-13,252.0,0.9028%,-0.0005,1.6191,1.1214,-0.114,1.8422%,2.6241%,50.7163%,0.0015359999999999,BYD,79758.0,2019-03-14,252.0,-2.1335%,-0.0005,1.6131,1.1317,-0.1192,1.8401%,2.6206%,50.6958%,-0.0148659999999999,BYD,-0.035715,-0.0345049999999999,-0.0453099999999999,-0.0307819999999999,-0.0601009999999999
14907,CYMABAY THERAPEUTICS INC,CymaBay Therapeutics Inc. Q4 EPS $(0.32) Beats $(0.36) Estimate,6,increase,0.7,0.6,"beating earnings estimates typically signals better-than-expected performance, which can positively influence investor sentiment and lead to an increase in stock price.",2,2019-02-28,CBAY,2019-02-28 21:14:00+00:00,14691.0,23257D10,0.0287457220256328,761763.0,0.0745130479335784,0.0398550331592559,0.0575256533920764,-0.0169189311563968,-0.0104322163388133,-0.0097002303227782,-0.0519578009843826,0.1139489039778709,0.0500397235155105,0.0210631936788559,-0.0650529935956001,-0.031098123639822,0.0315534248948097,0.0341708697378635,0.0486274436116218,0.0184236783534288,-0.005983539391309,0.0262605026364326,-0.0218209158629179,0.0042195059359073,-0.0115384319797158,0.0533332824707031,0.0389105044305324,-0.0291262622922658,-0.0037453325930982,0.0231788102537393,-0.0263158176094293,-0.0076669980771839,-0.0023165817838162,-0.0054466435685753,-0.0766253694891929,0.029148006811738,0.0075440192595124,0.042056031525135,0.039933405816555,-0.0160918850451707,0.0344000235199928,0.001150774420239,0.0131477238610386,0.0308421421796083,0.0137404082342982,-0.0082352580502629,0.0233434047549963,-0.0318906307220459,-0.0206033643335104,0.0565582774579525,0.0165288727730512,-0.0154027445241808,-0.0066518960520625,-0.0527497492730617,0.0163690671324729,-0.0022396929562091,-0.0117130195721983,-0.0240436419844627,-0.03999999538064,-0.0054348036646842,0.0138889122754335,-0.0315789692103862,-0.0038051893934607,0.0031678704544901,-0.0450725853443145,-0.0083769550547003,-0.0240000151097774,-0.0205128006637096,0.027868865057826,-0.0030674573499709,-0.0342902950942516,0.010330518707633,-0.0033030521590262,0.0114943170920014,-0.0016569597646594,0.0962199568748474,0.0348547771573066,0.0698529034852981,0.0200481154024601,-0.0121065834537148,0.0172955431044101,0.0495553165674209,0.0061824480071663,0.0063938251696527,0.0238094814121723,0.0169050861150026,-0.039009716361761,0.0785413682460784,-0.0413739793002605,0.0754147768020629,0.0138436546549201,0.0137614915147423,0.0538152679800987,-0.0238805748522281,-0.0030487775802612,-0.0871935039758682,-0.0206421632319688,-0.0239361468702554,-0.0046838731504976,-0.0693069249391555,0.0101960869506001,-0.0669745877385139,0.009316761046648,0.001156095881015,-0.049230795353651,-0.0125571470707655,0.0469255596399307,0.0034365048632025,0.0023184458259493,-0.0022857666481286,0.0007709541241638,0.0174418147653341,-0.0277349520474672,-0.0057802586816251,-0.0190174151211977,-0.01142861507833,0.0185783151537179,-0.0520042851567268,-0.0245836228132247,0.033594537526369,0.0487804412841796,-0.0088790142908692,0.0,-0.0131434705108404,0.0745130479335784,0.0398550331592559,0.1363251130942693,0.0222617974406018,0.1244707236832434,0.0123456225552507,0.1193903295726157,0.1514542875163422,0.1007620272860103,0.2109704742228821,0.1083827000871331,0.2122491191293232,0.0922945906590371,0.2573931403405998,2019-03-01,2019-03-04,2019-03-05,2019-03-06,2019-03-07,2019-03-08,2019-03-11,2019-03-12,2019-03-13,2019-03-14,14691.0,2019-02-28,252.0,2.8746%,-0.0012,1.2935,2.0791,-1.0571,3.2932%,3.9579%,30.7684%,0.029567,CBAY,14691.0,2019-03-01,252.0,7.4513%,-0.0011,1.3239,2.1245,-1.0359,3.3063%,3.9852%,31.1698%,0.054852,CBAY,14691.0,2019-03-04,252.0,5.7526%,-0.0006,1.2942,2.153,-1.0122,3.3311%,3.9941%,30.4450%,0.076858,CBAY,14691.0,2019-03-05,252.0,-1.0432%,-0.0007,1.2903,2.12,-1.0138,3.3287%,3.9777%,29.9703%,-0.004077,CBAY,14691.0,2019-03-06,252.0,-5.1958%,-0.0006,1.3046,2.1401,-0.9949,3.3281%,3.9903%,30.4358%,-0.014092,CBAY,14691.0,2019-03-07,252.0,5.0040%,-0.0002,1.2912,2.1919,-0.998,3.3295%,3.9948%,30.5360%,0.058862,CBAY,14691.0,2019-03-08,252.0,-6.5053%,-0.0004,1.2998,2.1951,-0.9844,3.3544%,4.0145%,30.1810%,-0.065095,CBAY,14691.0,2019-03-11,252.0,3.1553%,-0.0003,1.3001,2.1781,-0.9943,3.3525%,4.0172%,30.3564%,-0.0009239999999999,CBAY,14691.0,2019-03-12,252.0,4.8627%,-0.0003,1.2762,2.1603,-1.0292,3.3612%,4.0181%,30.0219%,0.050591,CBAY,14691.0,2019-03-13,252.0,-0.5984%,-0.0,1.2716,2.2212,-1.0196,3.3272%,3.9963%,30.6838%,-0.007015,CBAY,14691.0,2019-03-14,252.0,-2.1821%,-0.0,1.2702,2.226,-1.0221,3.3275%,3.9982%,30.7343%,-0.008474,CBAY,0.084419,0.161277,0.1572,0.20197,0.171053
14915,COHERUS BIOSCIENCES INC,Coherus BioSciences Q4 EPS $(0.92) Misses $(0.86) Estimate,6,decrease,0.8,0.7,"missing earnings estimates typically signals weaker financial performance, which can lead to a decline in stock price.",0,2019-02-28,CHRS,2019-02-28 22:18:00+00:00,15059.0,19249H10,0.0220955405384302,926724.0,0.0013946655672043,0.0137282935902476,0.0466573871672153,-0.0654963031411171,-0.0425814650952816,0.0047490266151726,-0.0674079358577728,-0.0133868688717484,0.0149031151086092,0.0303447991609573,0.0286343861371278,0.0514865890145301,0.0492505058646202,-0.010760374367237,0.0163265150040388,-0.0169252976775169,-0.0066934023052453,-0.0063069481402635,-0.0222371909767389,-0.0013995454646646,-0.0068918247707188,0.0392727255821228,0.0340041480958461,-0.0234374944120645,-0.0040268097072839,-0.0208623223006725,0.0168463606387376,0.0034891967661678,0.0271703004837036,-0.0171467773616313,-0.0761290490627288,0.0020618373528122,-0.0132681271061301,0.0174825172871351,-0.0021231232676655,0.0624071434140205,-0.0418439805507659,0.0298393536359071,0.0170243922621011,0.0299448482692241,-0.0072779790498316,0.0427279770374298,-0.0395894385874271,-0.004091668408364,0.0007633034256286,0.0653879642486572,0.0541571378707885,0.0324032977223396,0.0079595232382416,-0.0504273660480976,0.0402009673416614,-0.0017065237043425,0.0690131112933158,0.0549055486917495,-0.0587475709617137,-0.0347524397075176,0.0123456995934248,-0.0557833760976791,0.015582624822855,-0.0121556380763649,-0.0140093425288796,-0.0024252007715404,0.0060893204063177,0.013934432528913,0.0147949075326323,0.057192362844944,-0.0231941938400268,0.0538812950253486,-0.0020352599676698,0.0682926625013351,-0.0108769442886114,0.1822375953197479,-0.0254295449703931,0.0346061997115612,0.0225669741630554,-0.081140324473381,0.0310344696044921,0.0077347727492451,0.036789309233427,0.0134378364309668,0.0258064270019531,0.0159272290766239,0.0012578904861584,-0.0517799854278564,0.0018844053847715,0.0704388692975044,0.0112852258607745,0.001156095881015,0.0154990712180733,-0.0797872394323349,0.0201465170830488,-0.0094836829230189,-0.0460801646113395,-0.0010526556288823,0.0112924259155988,-0.0185950715094804,-0.0012407230678945,-0.0051386677660048,0.0850930958986282,-0.025050101801753,-0.0417858958244323,-0.0039921072311699,0.0077658942900598,0.0141700748354196,0.0189685635268688,-0.0070351455360651,0.021524079144001,-0.0469348467886447,0.0563781224191188,-0.0233863424509763,0.0269541796296834,0.0449657924473285,0.0383202880620956,-0.0597427003085613,0.0394337065517902,-0.0162748917937278,-0.0097275711596012,0.0269266441464424,0.0,-0.0209090486168861,0.0013946655672043,0.0137282935902476,0.0481171241857576,-0.0526671620294665,0.0034867614464748,-0.0481682531685174,-0.0502092220742538,-0.0324138116092168,0.0118549583842448,-0.018194556123901,0.0453277332194954,0.136952960642013,0.4198047697684584,0.2754545236878944,2019-03-01,2019-03-04,2019-03-05,2019-03-06,2019-03-07,2019-03-08,2019-03-11,2019-03-12,2019-03-13,2019-03-14,15059.0,2019-02-28,252.0,2.2096%,0.0018,1.6865,2.123,0.4034,4.1298%,4.6055%,19.5947%,0.0277269999999999,CHRS,15059.0,2019-03-01,252.0,0.1395%,0.0019,1.6644,2.0901,0.3772,4.1267%,4.5902%,19.1759%,-0.015381,CHRS,15059.0,2019-03-04,252.0,4.6657%,0.0022,1.651,2.0806,0.393,4.1432%,4.5979%,18.8020%,0.062112,CHRS,15059.0,2019-03-05,252.0,-4.2581%,0.0021,1.6591,2.1215,0.4116,4.1484%,4.6045%,18.8310%,-0.032472,CHRS,15059.0,2019-03-06,252.0,-6.7408%,0.0019,1.6564,2.1939,0.4184,4.1486%,4.6193%,19.3424%,-0.026995,CHRS,15059.0,2019-03-07,252.0,1.4903%,0.0024,1.6685,2.3123,0.4681,4.0991%,4.5899%,20.2407%,0.031312,CHRS,15059.0,2019-03-08,252.0,2.8634%,0.0028,1.6604,2.3805,0.4515,4.0849%,4.5843%,20.6026%,0.031855,CHRS,15059.0,2019-03-11,252.0,4.9251%,0.0029,1.6685,2.381,0.4475,4.0858%,4.5929%,20.8629%,0.018199,CHRS,15059.0,2019-03-12,252.0,1.6327%,0.0017,1.4344,2.4236,0.1967,3.6897%,4.1856%,22.2937%,0.01909,CHRS,15059.0,2019-03-13,252.0,-0.6693%,0.0015,1.4321,2.3984,0.1882,3.6820%,4.1745%,22.2028%,-0.008939,CHRS,15059.0,2019-03-14,252.0,-2.2237%,0.0015,1.4331,2.4043,0.1853,3.6828%,4.1772%,22.2719%,-0.011626,CHRS,0.0123459999999999,0.074458,0.0419859999999999,0.046303,0.094882
14923,CANADIAN IMPERIAL BANK COMMERCE,Canadian Imperial Bank Of Commerce Earlier Reported Raised Dividend From C$1.36 To C$1.40/Share,6,increase,0.8,0.6,"raising the dividend typically signals financial strength and can attract investors, likely leading to an increase in stock price.",2,2019-02-28,CM,2019-02-28 14:52:00+00:00,85636.0,13606910,-0.0271758139133453,1089066.0,-0.0075436048209667,0.0103104654699564,0.0061758230440318,-0.0070171472616493,-0.0020065882708877,0.0003452103410381,-0.0072146728634834,0.0078868046402931,-0.0064331772737205,-0.0053068650886416,0.0004796272842213,0.0117894494906067,0.0063518546521663,0.0035140612162649,-0.0009527429938316,0.0134141137823462,0.0039337445050477,-0.0026047977153211,-0.0007123908726498,-0.0040094805881381,0.0055845244787633,0.0176407191902399,0.006617100443691,-0.0039445590227842,-0.0003521396720316,0.0027568424120545,-0.0093941166996955,-0.0187014397233724,-0.0091275991871953,-0.0045662918128073,-0.0264385603368282,0.0058885877951979,0.0007373456610366,-0.0014112092321738,-0.0031925605144351,0.0028304972220212,-0.0067072422243654,0.0015355214709416,0.000377012300305,0.0105037586763501,-0.0069078500382602,0.0054001794196665,0.0217528920620679,0.0003601294010877,0.0027231243439018,0.0133820697665214,0.0017281741602346,0.0058736628852784,0.0081330379471182,-0.0053554335609078,-0.0003666884149424,-0.0065295440144836,0.0047688847407698,0.0108788581565022,-0.0040160864591598,0.005407334305346,0.00122197100427,0.0111843114718794,-0.0018306262791156,0.0057492698542773,0.0090475343167781,-0.0047269221395254,-0.0001211939452332,0.0063846036791801,0.0063015548512339,0.0033914914820343,0.0007225139415822,0.0182911269366741,-0.0016847099177539,0.0044969609007239,-0.0012053818209096,0.0127521585673093,-0.000241422545514,0.0177459456026554,-0.0078463777899742,0.0019904661457985,0.007421834859997,0.0110008008778095,0.0084540694952011,0.0021511651575565,0.0035928508732467,0.0012114192359149,0.0050119110383093,-0.0114183649420738,-0.0024934585671871,0.0278003402054309,-0.0036900986451655,-0.0067024128511548,0.0056153074838221,-0.0258553586900234,-0.0035641610156744,-0.0096986936405301,-0.0090616680681705,-0.0096055325120687,-0.0018048553029075,-0.0072472942993044,-0.0040983166545629,-0.0181023348122835,-0.0004841553454753,-0.0013714076485484,-0.0170743968337774,0.0061464859172701,0.0043119192123413,0.0116751035675406,0.0041708042845129,-0.0110441418364644,0.003664830699563,-0.013617212884128,0.0002433865884086,0.0021088968496769,0.0064492430537939,-0.0255077444016933,0.0101560149341821,-0.0150035973638296,-0.0448833033442497,0.001192252151668,-0.0348371714353561,-0.00909632910043,0.0106465816497802,-0.0336757637560367,-0.0075436048209667,0.0103104654699563,-0.0014143697454233,0.0032209681537682,-0.0034181199585692,0.0035672904063213,-0.0169730654834477,0.0061144298372624,-0.0080150014769929,0.028419763724035,-0.0232860187406671,0.0899887113795849,-0.0704559027640361,0.0089538799216624,2019-03-01,2019-03-04,2019-03-05,2019-03-06,2019-03-07,2019-03-08,2019-03-11,2019-03-12,2019-03-13,2019-03-14,85636.0,2019-02-28,252.0,-2.7176%,-0.0001,0.6291,0.1553,0.411,0.6784%,0.9075%,44.1240%,-0.0243789999999999,CM,85636.0,2019-03-01,252.0,-0.7544%,-0.0001,0.618,0.1388,0.3989,0.6757%,0.8969%,43.2474%,-0.010969,CM,85636.0,2019-03-04,252.0,0.6176%,-0.0001,0.6188,0.1287,0.4004,0.6773%,0.8976%,43.0688%,0.0082989999999999,CM,85636.0,2019-03-05,252.0,-0.2007%,-0.0,0.6228,0.1604,0.4032,0.6673%,0.8932%,44.1829%,0.000315,CM,85636.0,2019-03-06,252.0,-0.7215%,0.0,0.6275,0.1568,0.408,0.6651%,0.8943%,44.6930%,-0.000213,CM,85636.0,2019-03-07,252.0,-0.6433%,-0.0,0.6254,0.1466,0.4023,0.6630%,0.8918%,44.7403%,7.900000000000001e-05,CM,85636.0,2019-03-08,252.0,0.0480%,-0.0,0.6251,0.1471,0.4017,0.6631%,0.8918%,44.7124%,0.002376,CM,85636.0,2019-03-11,252.0,0.6352%,-0.0,0.6241,0.1523,0.4052,0.6620%,0.8918%,44.8966%,-0.001493,CM,85636.0,2019-03-12,252.0,-0.0953%,-0.0,0.6259,0.1527,0.4074,0.6619%,0.8899%,44.6714%,-0.001852,CM,85636.0,2019-03-13,252.0,0.3934%,-0.0,0.6258,0.1534,0.4075,0.6619%,0.8902%,44.7184%,-0.00025,CM,85636.0,2019-03-14,252.0,-0.0712%,-0.0,0.6238,0.1548,0.4068,0.6604%,0.8876%,44.6398%,-0.00077,CM,-0.035348,-0.0270489999999999,-0.0267339999999999,-0.026868,-0.028857
14931,CANADIAN IMPERIAL BANK COMMERCE,"Canadian Imperial Bank Earlier Reported Q1 EPS $2.26 Misses $2.27 Estimate, Sales $3.445B Miss $3.51B Estimate",6,decrease,0.75,0.6,"the reported earnings per share (eps) and sales both missed analyst estimates, which typically leads to a negative reaction in stock prices.",0,2019-02-28,CM,2019-02-28 14:47:00+00:00,85636.0,13606910,-0.0271758139133453,1089066.0,-0.0075436048209667,0.0103104654699564,0.0061758230440318,-0.0070171472616493,-0.0020065882708877,0.0003452103410381,-0.0072146728634834,0.0078868046402931,-0.0064331772737205,-0.0053068650886416,0.0004796272842213,0.0117894494906067,0.0063518546521663,0.0035140612162649,-0.0009527429938316,0.0134141137823462,0.0039337445050477,-0.0026047977153211,-0.0007123908726498,-0.0040094805881381,0.0055845244787633,0.0176407191902399,0.006617100443691,-0.0039445590227842,-0.0003521396720316,0.0027568424120545,-0.0093941166996955,-0.0187014397233724,-0.0091275991871953,-0.0045662918128073,-0.0264385603368282,0.0058885877951979,0.0007373456610366,-0.0014112092321738,-0.0031925605144351,0.0028304972220212,-0.0067072422243654,0.0015355214709416,0.000377012300305,0.0105037586763501,-0.0069078500382602,0.0054001794196665,0.0217528920620679,0.0003601294010877,0.0027231243439018,0.0133820697665214,0.0017281741602346,0.0058736628852784,0.0081330379471182,-0.0053554335609078,-0.0003666884149424,-0.0065295440144836,0.0047688847407698,0.0108788581565022,-0.0040160864591598,0.005407334305346,0.00122197100427,0.0111843114718794,-0.0018306262791156,0.0057492698542773,0.0090475343167781,-0.0047269221395254,-0.0001211939452332,0.0063846036791801,0.0063015548512339,0.0033914914820343,0.0007225139415822,0.0182911269366741,-0.0016847099177539,0.0044969609007239,-0.0012053818209096,0.0127521585673093,-0.000241422545514,0.0177459456026554,-0.0078463777899742,0.0019904661457985,0.007421834859997,0.0110008008778095,0.0084540694952011,0.0021511651575565,0.0035928508732467,0.0012114192359149,0.0050119110383093,-0.0114183649420738,-0.0024934585671871,0.0278003402054309,-0.0036900986451655,-0.0067024128511548,0.0056153074838221,-0.0258553586900234,-0.0035641610156744,-0.0096986936405301,-0.0090616680681705,-0.0096055325120687,-0.0018048553029075,-0.0072472942993044,-0.0040983166545629,-0.0181023348122835,-0.0004841553454753,-0.0013714076485484,-0.0170743968337774,0.0061464859172701,0.0043119192123413,0.0116751035675406,0.0041708042845129,-0.0110441418364644,0.003664830699563,-0.013617212884128,0.0002433865884086,0.0021088968496769,0.0064492430537939,-0.0255077444016933,0.0101560149341821,-0.0150035973638296,-0.0448833033442497,0.001192252151668,-0.0348371714353561,-0.00909632910043,0.0106465816497802,-0.0336757637560367,-0.0075436048209667,0.0103104654699563,-0.0014143697454233,0.0032209681537682,-0.0034181199585692,0.0035672904063213,-0.0169730654834477,0.0061144298372624,-0.0080150014769929,0.028419763724035,-0.0232860187406671,0.0899887113795849,-0.0704559027640361,0.0089538799216624,2019-03-01,2019-03-04,2019-03-05,2019-03-06,2019-03-07,2019-03-08,2019-03-11,2019-03-12,2019-03-13,2019-03-14,85636.0,2019-02-28,252.0,-2.7176%,-0.0001,0.6291,0.1553,0.411,0.6784%,0.9075%,44.1240%,-0.0243789999999999,CM,85636.0,2019-03-01,252.0,-0.7544%,-0.0001,0.618,0.1388,0.3989,0.6757%,0.8969%,43.2474%,-0.010969,CM,85636.0,2019-03-04,252.0,0.6176%,-0.0001,0.6188,0.1287,0.4004,0.6773%,0.8976%,43.0688%,0.0082989999999999,CM,85636.0,2019-03-05,252.0,-0.2007%,-0.0,0.6228,0.1604,0.4032,0.6673%,0.8932%,44.1829%,0.000315,CM,85636.0,2019-03-06,252.0,-0.7215%,0.0,0.6275,0.1568,0.408,0.6651%,0.8943%,44.6930%,-0.000213,CM,85636.0,2019-03-07,252.0,-0.6433%,-0.0,0.6254,0.1466,0.4023,0.6630%,0.8918%,44.7403%,7.900000000000001e-05,CM,85636.0,2019-03-08,252.0,0.0480%,-0.0,0.6251,0.1471,0.4017,0.6631%,0.8918%,44.7124%,0.002376,CM,85636.0,2019-03-11,252.0,0.6352%,-0.0,0.6241,0.1523,0.4052,0.6620%,0.8918%,44.8966%,-0.001493,CM,85636.0,2019-03-12,252.0,-0.0953%,-0.0,0.6259,0.1527,0.4074,0.6619%,0.8899%,44.6714%,-0.001852,CM,85636.0,2019-03-13,252.0,0.3934%,-0.0,0.6258,0.1534,0.4075,0.6619%,0.8902%,44.7184%,-0.00025,CM,85636.0,2019-03-14,252.0,-0.0712%,-0.0,0.6238,0.1548,0.4068,0.6604%,0.8876%,44.6398%,-0.00077,CM,-0.035348,-0.0270489999999999,-0.0267339999999999,-0.026868,-0.028857
14939,COMTECH TELECOMMUNICATIONS CORP,Comtech Telecom Wins $1.5M Award For Military SATCOM TWTAs,6,increase,0.8,0.6,"the $1.5m award for military satcom twtas indicates strong demand for comtech's products, which is likely to positively impact investor sentiment and stock price.",2,2019-02-28,CMTL,2019-02-28 14:08:00+00:00,26201.0,20582620,-0.0030097789131104,99299.0,0.013584928587079,-0.0033745837863534,-0.0059568071737885,-0.0114899734035134,-0.0116105377674102,-0.0022189856972545,-0.0049260766245424,-0.0040515176951885,-0.0959634557366371,0.0119269359856843,-0.0033698368351906,-0.0037133449222892,-0.0511411279439926,-0.0099264867603778,0.0080177458003163,0.0092764375731349,0.0172338187694549,0.0185185819864273,-0.0321459509432315,0.0026525084394961,0.014811486005783,0.0248543452471494,-0.0088456766679883,0.0157790780067443,-0.0191878769546747,0.0079523166641592,0.0104640377685427,-0.0259488802403211,0.0,0.0011631941888481,-0.046825710684061,0.0153543818742036,0.0165328476577997,0.021721601486206,0.0013939952477812,-0.0044052344746887,-0.0023201503790915,0.0,0.0553488619625568,0.0,0.0233582537621259,-0.000400329416152,0.016365248709917,-0.0230739209800958,-0.0088983466848731,0.0195374712347984,-0.0119708757847547,0.0040032179094851,-0.000865445996169,-0.0142068117856979,0.003897797781974,-0.0120857497677207,0.0159619897603988,0.0194753482937812,-0.0131634594872593,0.003189789596945,0.0124785248190164,0.0056134476326406,0.0106247337535023,0.0060265627689659,0.0,-0.0020048574078828,-0.0113540980964899,-0.0055821128189563,0.0119098387658596,0.0023980601690709,0.002532691694796,0.0113177318125963,-0.0042105424217879,0.0131040001288056,-0.0160676185041666,0.0032867675181478,0.0167597495019435,0.0167084205895662,-0.0008453279151581,-0.0058139283210039,-0.0329948738217353,-0.0106820138171315,0.0013122825184836,0.0167084205895662,0.0567934103310108,-0.0008346640970557,-0.0272839944809675,0.0046121049672365,-0.0097748171538114,0.0374075956642627,0.0214592274278402,-0.0472440719604492,0.0214285813271999,-0.0390283316373825,-0.0139860203489661,-0.0156801100820303,-0.0237797126173973,-0.0169557034969329,-0.0076923207379877,0.0367558933794498,0.0008613461977802,-0.0234100073575973,-0.0064543727785348,-0.0115696545690298,-0.0454741977155208,-0.0065134125761687,0.012250387109816,0.0279638040810823,-0.0062751858495175,-0.0124465078115463,0.0171402413398027,-0.0959916114807128,-0.0350332148373127,0.1196850761771202,0.0174631960690021,0.0155937382951378,0.0067751370370388,-0.0413951687514782,-0.00583225954324,0.0215348172932863,-0.0153429675847291,0.0130901169031858,0.0146654304116964,-0.0125343361869454,0.013584928587079,-0.0033745837863534,0.0075471986132276,-0.0148257833119137,-0.0041509661887196,-0.0170118708080485,-0.1041509484347424,-0.0093179282573745,-0.1592452545818103,0.0071997165925792,-0.1026414802154086,0.0721806485813965,-0.1610016393688678,0.0453025771646493,2019-03-01,2019-03-04,2019-03-05,2019-03-06,2019-03-07,2019-03-08,2019-03-11,2019-03-12,2019-03-13,2019-03-14,26201.0,2019-02-28,252.0,-0.3010%,0.0008,0.8373,0.6409,0.1185,2.4303%,2.6012%,12.7124%,-0.000342,CMTL,26201.0,2019-03-01,252.0,1.3585%,0.0008,0.8296,0.6294,0.1041,2.4288%,2.5968%,12.5252%,0.006082,CMTL,26201.0,2019-03-04,252.0,-0.5957%,0.0007,0.8463,0.5744,0.0997,2.4183%,2.5896%,12.7920%,0.000379,CMTL,26201.0,2019-03-05,252.0,-1.1611%,0.0007,0.8466,0.5711,0.1032,2.4187%,2.5885%,12.6910%,-0.008242,CMTL,26201.0,2019-03-06,252.0,-0.4926%,0.0006,0.829,0.5656,0.0825,2.4135%,2.5803%,12.5066%,0.009251,CMTL,26201.0,2019-03-07,252.0,-9.5963%,0.0003,0.8723,0.6031,0.1508,2.4769%,2.6512%,12.7151%,-0.088588,CMTL,26201.0,2019-03-08,252.0,-0.3370%,0.0003,0.8731,0.5945,0.1525,2.4764%,2.6501%,12.6801%,-0.001586,CMTL,26201.0,2019-03-11,252.0,-5.1141%,-0.0009,0.8308,0.7858,0.2837,2.0084%,2.2082%,17.2770%,-0.065587,CMTL,26201.0,2019-03-12,252.0,0.8018%,-0.0009,0.8243,0.7831,0.2751,2.0085%,2.2048%,17.0071%,0.008278,CMTL,26201.0,2019-03-13,252.0,1.7234%,-0.0008,0.8292,0.7759,0.2786,2.0107%,2.2076%,17.0448%,0.013824,CMTL,26201.0,2019-03-14,252.0,-3.2146%,-0.0009,0.8269,0.7908,0.271,2.0184%,2.2158%,17.0246%,-0.029062,CMTL,0.0057399999999999,0.0061189999999999,-0.002123,-0.08146,-0.155593
14947,CENTENE CORP DEL,"Cowen & Co. Initiates Coverage On Centene with Outperform Rating, Announces $77 Price Target",6,increase,0.8,0.6,the initiation of coverage with an 'outperform' rating and a price target of $77 suggests positive sentiment and potential for stock price appreciation.,2,2019-02-28,CNC,2019-02-28 14:05:00+00:00,89269.0,15135B10,-0.0161576997488737,5135659.0,0.0073903887532651,-0.029785256832838,-0.0453211404383182,-0.0035925607662647,-0.0081967134028673,0.0001561397657496,-0.0206611696630716,0.007872836664319,-0.0079114055261015,-0.0271139778196811,0.0023037581704556,0.013507142663002,0.0157354902476072,-0.008619325235486,0.0144473109394311,0.0157911535352468,0.0291695408523082,0.0042392914183437,-0.0100033087655901,0.010150664485991,-0.0038733503315597,0.0177562292665243,0.0035502803511917,-0.0151033503934741,0.0102762905880808,-0.0158034469932317,-0.0215107705444097,0.0131578631699085,0.0039195558056235,-0.0102769089862704,-0.0300458408892154,-0.0192352086305618,-0.0015750814927741,-0.0137349944561719,-0.0385626778006553,0.0092669939622282,-0.049772098660469,0.0039213420823216,0.0134305600076913,0.0169676914811134,0.0053009991534054,-0.0082972031086683,0.0199623610824346,-0.0003100254689343,-0.008678013458848,0.0179120693355798,-0.0059601361863315,0.0094790700823068,0.0035600983537733,-7.966655539348722e-05,0.0425690561532974,-0.0084504792466759,0.0143266338855028,0.0107767712324857,0.0218926854431629,-0.0094101093709468,-0.0101935062557458,0.0107096889987587,-0.0377029106020927,0.0264151040464639,-0.0400871187448501,0.0160026513040065,0.0056689921766519,0.0131734944880008,-0.0591883026063442,0.0016069932607933,-0.0611144676804542,0.0185217224061489,0.0253138151019811,0.0137991430237889,-0.0024896042887121,0.0085440082475543,0.0463810190558433,0.0328420735895633,-0.0021864562295377,-0.0272566527128219,0.0005975852254778,-0.019947987049818,0.0477802418172359,0.0221631191670894,-0.0070302630774676,-0.0084388107061386,-0.0133945075795054,-0.0140405194833874,-0.0354926660656929,0.0576588250696659,0.0380052179098129,-0.0303973481059074,0.018791189417243,-0.0271508805453777,0.0656018406152725,-0.027497449889779,-0.003390478901565,-0.009742678143084,0.0137869380414485,-0.0109537299722433,-0.0332037657499313,-0.0479102991521358,0.0056630899198353,-0.0401896312832832,-0.0027247541584074,-0.0105741173028945,-0.0029143870342522,0.0109914280474185,-0.0056631597690284,0.0027932589873671,0.0209443215280771,-0.0057048080489039,0.0084578227251768,-0.0163910314440727,-0.0094575760886073,-0.0474046319723129,0.0293640978634357,-0.0316693410277366,-0.0063003259710967,0.0321968495845794,-0.0239521078765392,0.0021840042900294,0.0261638537049293,0.0076672001741826,0.0073903887532651,-0.029785256832838,-0.0382656925316335,-0.033270812253992,-0.0461487530196568,-0.033119867385074,-0.07324682402547,-0.0519301385190487,-0.0247987894077288,-0.0183980941810004,-0.0945967870422549,0.0154224523177455,-0.0660207036649138,-0.1212551582540574,2019-03-01,2019-03-04,2019-03-05,2019-03-06,2019-03-07,2019-03-08,2019-03-11,2019-03-12,2019-03-13,2019-03-14,89269.0,2019-02-28,252.0,-1.6158%,0.0005,0.9911,0.2368,-0.2142,1.3344%,1.7414%,41.2845%,-0.013814,CNC,89269.0,2019-03-01,252.0,0.7390%,0.0005,0.9916,0.2376,-0.2126,1.3344%,1.7407%,41.2361%,-0.001379,CNC,89269.0,2019-03-04,252.0,-4.5321%,0.0004,0.993,0.2679,-0.2209,1.3560%,1.7618%,40.7650%,-0.038475,CNC,89269.0,2019-03-05,252.0,-0.8197%,0.0003,0.9945,0.2755,-0.2174,1.3565%,1.7618%,40.7127%,-0.006298,CNC,89269.0,2019-03-06,252.0,-2.0661%,0.0003,0.9972,0.2952,-0.2116,1.3577%,1.7656%,40.8718%,-0.00884,CNC,89269.0,2019-03-07,252.0,-0.7911%,0.0004,1.0011,0.3129,-0.2015,1.3546%,1.7655%,41.1306%,-0.000316,CNC,89269.0,2019-03-08,252.0,0.2304%,0.0004,1.0007,0.3102,-0.2019,1.3547%,1.7651%,41.0959%,0.003917,CNC,89269.0,2019-03-11,252.0,1.5735%,0.0004,1.0004,0.2932,-0.2115,1.3502%,1.7652%,41.4927%,-0.001432,CNC,89269.0,2019-03-12,252.0,1.4447%,0.0004,0.995,0.2889,-0.2195,1.3515%,1.7613%,41.1218%,0.0125079999999999,CNC,89269.0,2019-03-13,252.0,2.9170%,0.0006,1.0018,0.2974,-0.2101,1.3506%,1.7641%,41.3869%,0.023414,CNC,89269.0,2019-03-14,252.0,-1.0003%,0.0005,1.0067,0.2986,-0.2107,1.3458%,1.7636%,41.7642%,-0.0072419999999999,CNC,-0.015193,-0.053668,-0.059966,-0.069122,-0.037957
14955,CENTERPOINT ENERGY INC,CenterPoint Energy shares are trading lower after the company said it expects FY19 EPS of $1.60 to $1.70 versus the $1.69 consensus analyst estimate.,6,decrease,0.75,0.6,"the company's eps guidance is below the consensus estimate, which typically leads to a negative reaction in stock prices.",0,2019-02-28,CNP,2019-02-28 16:11:00+00:00,21792.0,15189T10,-0.0327342897653579,11266663.0,0.0009953777771443,0.0074361311271786,0.0056347390636801,-0.0025798105634748,-0.0056031667627394,-0.0124203627929091,-0.002320175524801,0.0057655447162687,-0.002325571142137,0.0077469260431826,0.0,0.0018423727015033,0.013319999910891,0.0103593301028013,0.0082155764102935,0.0019461390329524,-0.0088005363941192,0.0022756727412343,0.0,-0.0025940311606973,0.0131535558030009,0.0016238790703937,-0.0074650938622653,-0.0019448773236945,-0.0101373270153999,0.0012983095366507,-0.0003303676494397,0.0068627148866653,0.011896913871169,-0.0074602509848773,0.0032657894771546,-0.003233119379729,0.0026041641831398,0.0038948666770011,0.0042208139784634,-0.0035575877409428,-0.0126090971753001,0.0235021859407424,-0.0068762600421905,0.0059939525090157,0.0121991708874702,0.0056932377628982,0.0,0.0023497715592384,0.0026058605872094,-0.0109561728313565,-0.0025990877766162,0.0083696013316512,-0.005537461489439,0.0087808249518275,0.0111365914344787,0.0057744588702917,-0.0132815595716238,-0.0033852532505989,-0.0045961719006299,0.0006775222718715,-0.0039577484130859,0.0078524937853217,0.0029801374766975,0.003082196926698,0.0092439344152808,-0.0061265625990927,-0.0022898167371749,-0.004405322484672,-0.0114754224196076,0.0182884987443685,-0.0046434290707111,-0.0122699597850441,0.0093302456662058,0.0191038288176059,0.006272651720792,0.0038354466669261,0.0045932186767458,0.0184659250080585,-0.0107772666960954,0.005714280065149,0.0072631002403795,-0.0081473449245095,-0.0013110755244269,0.0082142697647213,-0.0006563357892446,-0.0032039924990385,0.0180623717606067,0.0159132201224565,-0.0070967520587146,0.0157972201704978,-0.0009746811701916,-0.0405358299612999,0.0130081176757812,-0.0010562950046733,-0.0032102852128446,0.0003522447659634,-0.0077294614166021,0.0031802174635231,-0.0116844763979315,-0.0210999865084886,-0.0394088923931121,-0.0133105600252747,0.0140170883387327,-0.0013633577618747,0.0168577209115028,0.0155763505026698,-0.012599442154169,0.0038220535498112,-0.0024345405399799,0.0112439077347517,0.006118297111243,0.0028188838623464,0.0057432455942034,0.0074547063559293,-0.0043668481521308,0.0042781047523021,-0.0040485472418367,-0.0112795764580369,0.0010162187973037,0.012852574698627,-0.0043992949649691,0.0097332540899515,-0.0010197377996519,-0.0096394307911396,0.0009953777771443,0.0074361311271786,0.0066357255348685,0.0048371367540704,0.0009953776953655,-0.0076433050322031,-0.0036495921401453,0.0058102096498919,0.0089582097055485,0.0197525977419996,0.0049768266585796,0.0770263517099938,-0.0153547863959043,0.1227836500687902,2019-03-01,2019-03-04,2019-03-05,2019-03-06,2019-03-07,2019-03-08,2019-03-11,2019-03-12,2019-03-13,2019-03-14,21792.0,2019-02-28,252.0,-3.2734%,0.0005,0.2856,-0.399,-0.1141,1.0316%,1.0965%,11.4860%,-0.032162,CNP,21792.0,2019-03-01,252.0,0.0995%,0.0005,0.2813,-0.4055,-0.1204,1.0307%,1.0953%,11.4521%,-0.00045,CNP,21792.0,2019-03-04,252.0,0.5635%,0.0006,0.2781,-0.3997,-0.1185,1.0307%,1.0928%,11.0421%,0.005855,CNP,21792.0,2019-03-05,252.0,-0.5603%,0.0006,0.2792,-0.3957,-0.115,1.0317%,1.0935%,10.9742%,-0.006744,CNP,21792.0,2019-03-06,252.0,-0.2320%,0.0005,0.2748,-0.3786,-0.1176,1.0293%,1.0886%,10.6022%,-0.0050049999999999,CNP,21792.0,2019-03-07,252.0,-0.2326%,0.0005,0.2786,-0.3627,-0.1081,1.0261%,1.0848%,10.5393%,-0.000815,CNP,21792.0,2019-03-08,252.0,0.0000%,0.0005,0.2785,-0.362,-0.1082,1.0261%,1.0847%,10.5167%,0.00052,CNP,21792.0,2019-03-11,252.0,1.3320%,0.0005,0.2829,-0.3482,-0.1026,1.0256%,1.0842%,10.5270%,0.009821,CNP,21792.0,2019-03-12,252.0,0.8216%,0.0006,0.2873,-0.3518,-0.0991,1.0258%,1.0853%,10.6522%,0.006361,CNP,21792.0,2019-03-13,252.0,-0.8801%,0.0005,0.2836,-0.3557,-0.104,1.0259%,1.0849%,10.5892%,-0.01189,CNP,21792.0,2019-03-14,252.0,0.0000%,0.0005,0.2828,-0.3546,-0.1046,1.0258%,1.0845%,10.5329%,-0.000953,CNP,-0.032612,-0.026757,-0.033501,-0.039321,-0.035462
14963,CENTERPOINT ENERGY INC,"CenterPoint Energy Q4 EPS $0.36 Beats $0.34 Estimate, Sales $3.036B Beat $2.26B Estimate",6,increase,0.8,0.7,"the company reported better-than-expected earnings and sales, which typically leads to positive investor sentiment and an increase in stock price.",2,2019-02-28,CNP,2019-02-28 11:50:00+00:00,21792.0,15189T10,-0.0327342897653579,11266663.0,0.0009953777771443,0.0074361311271786,0.0056347390636801,-0.0025798105634748,-0.0056031667627394,-0.0124203627929091,-0.002320175524801,0.0057655447162687,-0.002325571142137,0.0077469260431826,0.0,0.0018423727015033,0.013319999910891,0.0103593301028013,0.0082155764102935,0.0019461390329524,-0.0088005363941192,0.0022756727412343,0.0,-0.0025940311606973,0.0131535558030009,0.0016238790703937,-0.0074650938622653,-0.0019448773236945,-0.0101373270153999,0.0012983095366507,-0.0003303676494397,0.0068627148866653,0.011896913871169,-0.0074602509848773,0.0032657894771546,-0.003233119379729,0.0026041641831398,0.0038948666770011,0.0042208139784634,-0.0035575877409428,-0.0126090971753001,0.0235021859407424,-0.0068762600421905,0.0059939525090157,0.0121991708874702,0.0056932377628982,0.0,0.0023497715592384,0.0026058605872094,-0.0109561728313565,-0.0025990877766162,0.0083696013316512,-0.005537461489439,0.0087808249518275,0.0111365914344787,0.0057744588702917,-0.0132815595716238,-0.0033852532505989,-0.0045961719006299,0.0006775222718715,-0.0039577484130859,0.0078524937853217,0.0029801374766975,0.003082196926698,0.0092439344152808,-0.0061265625990927,-0.0022898167371749,-0.004405322484672,-0.0114754224196076,0.0182884987443685,-0.0046434290707111,-0.0122699597850441,0.0093302456662058,0.0191038288176059,0.006272651720792,0.0038354466669261,0.0045932186767458,0.0184659250080585,-0.0107772666960954,0.005714280065149,0.0072631002403795,-0.0081473449245095,-0.0013110755244269,0.0082142697647213,-0.0006563357892446,-0.0032039924990385,0.0180623717606067,0.0159132201224565,-0.0070967520587146,0.0157972201704978,-0.0009746811701916,-0.0405358299612999,0.0130081176757812,-0.0010562950046733,-0.0032102852128446,0.0003522447659634,-0.0077294614166021,0.0031802174635231,-0.0116844763979315,-0.0210999865084886,-0.0394088923931121,-0.0133105600252747,0.0140170883387327,-0.0013633577618747,0.0168577209115028,0.0155763505026698,-0.012599442154169,0.0038220535498112,-0.0024345405399799,0.0112439077347517,0.006118297111243,0.0028188838623464,0.0057432455942034,0.0074547063559293,-0.0043668481521308,0.0042781047523021,-0.0040485472418367,-0.0112795764580369,0.0010162187973037,0.012852574698627,-0.0043992949649691,0.0097332540899515,-0.0010197377996519,-0.0096394307911396,0.0009953777771443,0.0074361311271786,0.0066357255348685,0.0048371367540704,0.0009953776953655,-0.0076433050322031,-0.0036495921401453,0.0058102096498919,0.0089582097055485,0.0197525977419996,0.0049768266585796,0.0770263517099938,-0.0153547863959043,0.1227836500687902,2019-03-01,2019-03-04,2019-03-05,2019-03-06,2019-03-07,2019-03-08,2019-03-11,2019-03-12,2019-03-13,2019-03-14,21792.0,2019-02-28,252.0,-3.2734%,0.0005,0.2856,-0.399,-0.1141,1.0316%,1.0965%,11.4860%,-0.032162,CNP,21792.0,2019-03-01,252.0,0.0995%,0.0005,0.2813,-0.4055,-0.1204,1.0307%,1.0953%,11.4521%,-0.00045,CNP,21792.0,2019-03-04,252.0,0.5635%,0.0006,0.2781,-0.3997,-0.1185,1.0307%,1.0928%,11.0421%,0.005855,CNP,21792.0,2019-03-05,252.0,-0.5603%,0.0006,0.2792,-0.3957,-0.115,1.0317%,1.0935%,10.9742%,-0.006744,CNP,21792.0,2019-03-06,252.0,-0.2320%,0.0005,0.2748,-0.3786,-0.1176,1.0293%,1.0886%,10.6022%,-0.0050049999999999,CNP,21792.0,2019-03-07,252.0,-0.2326%,0.0005,0.2786,-0.3627,-0.1081,1.0261%,1.0848%,10.5393%,-0.000815,CNP,21792.0,2019-03-08,252.0,0.0000%,0.0005,0.2785,-0.362,-0.1082,1.0261%,1.0847%,10.5167%,0.00052,CNP,21792.0,2019-03-11,252.0,1.3320%,0.0005,0.2829,-0.3482,-0.1026,1.0256%,1.0842%,10.5270%,0.009821,CNP,21792.0,2019-03-12,252.0,0.8216%,0.0006,0.2873,-0.3518,-0.0991,1.0258%,1.0853%,10.6522%,0.006361,CNP,21792.0,2019-03-13,252.0,-0.8801%,0.0005,0.2836,-0.3557,-0.104,1.0259%,1.0849%,10.5892%,-0.01189,CNP,21792.0,2019-03-14,252.0,0.0000%,0.0005,0.2828,-0.3546,-0.1046,1.0258%,1.0845%,10.5329%,-0.000953,CNP,-0.032612,-0.026757,-0.033501,-0.039321,-0.035462
14971,CENTERPOINT ENERGY INC,"CenterPoint Energy Sees FY19 EPS $1.60-$1.70 vs $1.69 Est., FY20 EPS $1.75-$1.90",6,increase,0.7,0.6,"the guidance for fy20 eps is higher than the fy19 estimate, indicating positive growth expectations which could boost investor confidence and lead to an increase in stock price.",2,2019-02-28,CNP,2019-02-28 11:49:00+00:00,21792.0,15189T10,-0.0327342897653579,11266663.0,0.0009953777771443,0.0074361311271786,0.0056347390636801,-0.0025798105634748,-0.0056031667627394,-0.0124203627929091,-0.002320175524801,0.0057655447162687,-0.002325571142137,0.0077469260431826,0.0,0.0018423727015033,0.013319999910891,0.0103593301028013,0.0082155764102935,0.0019461390329524,-0.0088005363941192,0.0022756727412343,0.0,-0.0025940311606973,0.0131535558030009,0.0016238790703937,-0.0074650938622653,-0.0019448773236945,-0.0101373270153999,0.0012983095366507,-0.0003303676494397,0.0068627148866653,0.011896913871169,-0.0074602509848773,0.0032657894771546,-0.003233119379729,0.0026041641831398,0.0038948666770011,0.0042208139784634,-0.0035575877409428,-0.0126090971753001,0.0235021859407424,-0.0068762600421905,0.0059939525090157,0.0121991708874702,0.0056932377628982,0.0,0.0023497715592384,0.0026058605872094,-0.0109561728313565,-0.0025990877766162,0.0083696013316512,-0.005537461489439,0.0087808249518275,0.0111365914344787,0.0057744588702917,-0.0132815595716238,-0.0033852532505989,-0.0045961719006299,0.0006775222718715,-0.0039577484130859,0.0078524937853217,0.0029801374766975,0.003082196926698,0.0092439344152808,-0.0061265625990927,-0.0022898167371749,-0.004405322484672,-0.0114754224196076,0.0182884987443685,-0.0046434290707111,-0.0122699597850441,0.0093302456662058,0.0191038288176059,0.006272651720792,0.0038354466669261,0.0045932186767458,0.0184659250080585,-0.0107772666960954,0.005714280065149,0.0072631002403795,-0.0081473449245095,-0.0013110755244269,0.0082142697647213,-0.0006563357892446,-0.0032039924990385,0.0180623717606067,0.0159132201224565,-0.0070967520587146,0.0157972201704978,-0.0009746811701916,-0.0405358299612999,0.0130081176757812,-0.0010562950046733,-0.0032102852128446,0.0003522447659634,-0.0077294614166021,0.0031802174635231,-0.0116844763979315,-0.0210999865084886,-0.0394088923931121,-0.0133105600252747,0.0140170883387327,-0.0013633577618747,0.0168577209115028,0.0155763505026698,-0.012599442154169,0.0038220535498112,-0.0024345405399799,0.0112439077347517,0.006118297111243,0.0028188838623464,0.0057432455942034,0.0074547063559293,-0.0043668481521308,0.0042781047523021,-0.0040485472418367,-0.0112795764580369,0.0010162187973037,0.012852574698627,-0.0043992949649691,0.0097332540899515,-0.0010197377996519,-0.0096394307911396,0.0009953777771443,0.0074361311271786,0.0066357255348685,0.0048371367540704,0.0009953776953655,-0.0076433050322031,-0.0036495921401453,0.0058102096498919,0.0089582097055485,0.0197525977419996,0.0049768266585796,0.0770263517099938,-0.0153547863959043,0.1227836500687902,2019-03-01,2019-03-04,2019-03-05,2019-03-06,2019-03-07,2019-03-08,2019-03-11,2019-03-12,2019-03-13,2019-03-14,21792.0,2019-02-28,252.0,-3.2734%,0.0005,0.2856,-0.399,-0.1141,1.0316%,1.0965%,11.4860%,-0.032162,CNP,21792.0,2019-03-01,252.0,0.0995%,0.0005,0.2813,-0.4055,-0.1204,1.0307%,1.0953%,11.4521%,-0.00045,CNP,21792.0,2019-03-04,252.0,0.5635%,0.0006,0.2781,-0.3997,-0.1185,1.0307%,1.0928%,11.0421%,0.005855,CNP,21792.0,2019-03-05,252.0,-0.5603%,0.0006,0.2792,-0.3957,-0.115,1.0317%,1.0935%,10.9742%,-0.006744,CNP,21792.0,2019-03-06,252.0,-0.2320%,0.0005,0.2748,-0.3786,-0.1176,1.0293%,1.0886%,10.6022%,-0.0050049999999999,CNP,21792.0,2019-03-07,252.0,-0.2326%,0.0005,0.2786,-0.3627,-0.1081,1.0261%,1.0848%,10.5393%,-0.000815,CNP,21792.0,2019-03-08,252.0,0.0000%,0.0005,0.2785,-0.362,-0.1082,1.0261%,1.0847%,10.5167%,0.00052,CNP,21792.0,2019-03-11,252.0,1.3320%,0.0005,0.2829,-0.3482,-0.1026,1.0256%,1.0842%,10.5270%,0.009821,CNP,21792.0,2019-03-12,252.0,0.8216%,0.0006,0.2873,-0.3518,-0.0991,1.0258%,1.0853%,10.6522%,0.006361,CNP,21792.0,2019-03-13,252.0,-0.8801%,0.0005,0.2836,-0.3557,-0.104,1.0259%,1.0849%,10.5892%,-0.01189,CNP,21792.0,2019-03-14,252.0,0.0000%,0.0005,0.2828,-0.3546,-0.1046,1.0258%,1.0845%,10.5329%,-0.000953,CNP,-0.032612,-0.026757,-0.033501,-0.039321,-0.035462
14979,CENTERPOINT ENERGY INC,CenterPoint Energy FY18 EPS $0.74 vs $1.37 YoY,6,decrease,0.8,0.7,"the significant drop in eps from $1.37 to $0.74 year-over-year suggests weaker financial performance, which is likely to negatively impact investor sentiment and lead to a decrease in stock price.",0,2019-02-28,CNP,2019-02-28 11:49:00+00:00,21792.0,15189T10,-0.0327342897653579,11266663.0,0.0009953777771443,0.0074361311271786,0.0056347390636801,-0.0025798105634748,-0.0056031667627394,-0.0124203627929091,-0.002320175524801,0.0057655447162687,-0.002325571142137,0.0077469260431826,0.0,0.0018423727015033,0.013319999910891,0.0103593301028013,0.0082155764102935,0.0019461390329524,-0.0088005363941192,0.0022756727412343,0.0,-0.0025940311606973,0.0131535558030009,0.0016238790703937,-0.0074650938622653,-0.0019448773236945,-0.0101373270153999,0.0012983095366507,-0.0003303676494397,0.0068627148866653,0.011896913871169,-0.0074602509848773,0.0032657894771546,-0.003233119379729,0.0026041641831398,0.0038948666770011,0.0042208139784634,-0.0035575877409428,-0.0126090971753001,0.0235021859407424,-0.0068762600421905,0.0059939525090157,0.0121991708874702,0.0056932377628982,0.0,0.0023497715592384,0.0026058605872094,-0.0109561728313565,-0.0025990877766162,0.0083696013316512,-0.005537461489439,0.0087808249518275,0.0111365914344787,0.0057744588702917,-0.0132815595716238,-0.0033852532505989,-0.0045961719006299,0.0006775222718715,-0.0039577484130859,0.0078524937853217,0.0029801374766975,0.003082196926698,0.0092439344152808,-0.0061265625990927,-0.0022898167371749,-0.004405322484672,-0.0114754224196076,0.0182884987443685,-0.0046434290707111,-0.0122699597850441,0.0093302456662058,0.0191038288176059,0.006272651720792,0.0038354466669261,0.0045932186767458,0.0184659250080585,-0.0107772666960954,0.005714280065149,0.0072631002403795,-0.0081473449245095,-0.0013110755244269,0.0082142697647213,-0.0006563357892446,-0.0032039924990385,0.0180623717606067,0.0159132201224565,-0.0070967520587146,0.0157972201704978,-0.0009746811701916,-0.0405358299612999,0.0130081176757812,-0.0010562950046733,-0.0032102852128446,0.0003522447659634,-0.0077294614166021,0.0031802174635231,-0.0116844763979315,-0.0210999865084886,-0.0394088923931121,-0.0133105600252747,0.0140170883387327,-0.0013633577618747,0.0168577209115028,0.0155763505026698,-0.012599442154169,0.0038220535498112,-0.0024345405399799,0.0112439077347517,0.006118297111243,0.0028188838623464,0.0057432455942034,0.0074547063559293,-0.0043668481521308,0.0042781047523021,-0.0040485472418367,-0.0112795764580369,0.0010162187973037,0.012852574698627,-0.0043992949649691,0.0097332540899515,-0.0010197377996519,-0.0096394307911396,0.0009953777771443,0.0074361311271786,0.0066357255348685,0.0048371367540704,0.0009953776953655,-0.0076433050322031,-0.0036495921401453,0.0058102096498919,0.0089582097055485,0.0197525977419996,0.0049768266585796,0.0770263517099938,-0.0153547863959043,0.1227836500687902,2019-03-01,2019-03-04,2019-03-05,2019-03-06,2019-03-07,2019-03-08,2019-03-11,2019-03-12,2019-03-13,2019-03-14,21792.0,2019-02-28,252.0,-3.2734%,0.0005,0.2856,-0.399,-0.1141,1.0316%,1.0965%,11.4860%,-0.032162,CNP,21792.0,2019-03-01,252.0,0.0995%,0.0005,0.2813,-0.4055,-0.1204,1.0307%,1.0953%,11.4521%,-0.00045,CNP,21792.0,2019-03-04,252.0,0.5635%,0.0006,0.2781,-0.3997,-0.1185,1.0307%,1.0928%,11.0421%,0.005855,CNP,21792.0,2019-03-05,252.0,-0.5603%,0.0006,0.2792,-0.3957,-0.115,1.0317%,1.0935%,10.9742%,-0.006744,CNP,21792.0,2019-03-06,252.0,-0.2320%,0.0005,0.2748,-0.3786,-0.1176,1.0293%,1.0886%,10.6022%,-0.0050049999999999,CNP,21792.0,2019-03-07,252.0,-0.2326%,0.0005,0.2786,-0.3627,-0.1081,1.0261%,1.0848%,10.5393%,-0.000815,CNP,21792.0,2019-03-08,252.0,0.0000%,0.0005,0.2785,-0.362,-0.1082,1.0261%,1.0847%,10.5167%,0.00052,CNP,21792.0,2019-03-11,252.0,1.3320%,0.0005,0.2829,-0.3482,-0.1026,1.0256%,1.0842%,10.5270%,0.009821,CNP,21792.0,2019-03-12,252.0,0.8216%,0.0006,0.2873,-0.3518,-0.0991,1.0258%,1.0853%,10.6522%,0.006361,CNP,21792.0,2019-03-13,252.0,-0.8801%,0.0005,0.2836,-0.3557,-0.104,1.0259%,1.0849%,10.5892%,-0.01189,CNP,21792.0,2019-03-14,252.0,0.0000%,0.0005,0.2828,-0.3546,-0.1046,1.0258%,1.0845%,10.5329%,-0.000953,CNP,-0.032612,-0.026757,-0.033501,-0.039321,-0.035462
14987,CAMPBELL SOUP CO,Analysts: Campbell's Soup Will Cool Down,6,decrease,0.75,0.6,"the phrase 'will cool down' suggests a negative outlook on the company's performance, likely leading to a decrease in stock price.",0,2019-02-28,CPB,2019-02-28 21:06:00+00:00,25320.0,13442910,-0.0052471314556896,5971940.0,0.009161521680653,0.1002734526991844,-0.0096285687759518,0.0201488398015499,0.0027777354698628,-0.0173622742295265,0.0011080586118623,-0.0736455097794532,-0.006087471731007,0.007390514947474,0.0027840281836688,0.0048558125272393,-0.0033314528409391,0.0063235815614461,-0.0236769430339336,0.0098693799227476,0.0062767826020717,-0.0060588312335312,0.010490471497178,0.0028934741858392,0.0103815635666251,0.0117096463218331,0.0152736203745007,-0.0037912237457931,-0.0071116555482149,0.002631583251059,0.0005509768379852,0.0002925456792581,0.0424009077250957,-0.0220251847058534,0.0100370068103075,-0.0014281416079029,0.0010459492914378,0.0,0.0062696365639567,-0.0118544166907668,-0.0147974994033575,0.0154772410169243,0.0092226210981607,0.0115974973887205,-0.0044385944493114,-0.0034671751782298,-0.0073433672077953,0.0108060427010059,-0.0060766064561903,-0.0138248708099126,-0.0098351659253239,-0.0186546016484499,0.0053691482171416,-0.0002825182746164,0.0216287728399038,-0.0028177595231682,0.0070569906383752,-0.0081050060689449,0.0249157268553972,0.0141723360866308,-0.000253244274063,-0.0070363073609769,0.01354456320405,0.0139839565381407,0.0037821866571903,0.0,0.0007535488111898,0.0162413399666547,-0.0102911610156297,0.0087770400568842,-0.007608400657773,0.0175647567957639,0.0066444752737879,0.0074206450954079,-0.0017770930426195,0.0258830226957798,-0.0106815407052636,0.0055113383568823,0.0025706547312438,0.0123993037268519,-0.0210256334394216,-0.0221280176192522,0.0120481690391898,-0.0134568475186824,-0.0077639557421207,-0.0017910858150571,0.0091288071125745,-0.0218978095799684,-0.009563167579472,0.0248354841023683,-0.010699369944632,-0.0651748776435852,0.0094961915165185,-0.0509688928723335,-0.0015678436029702,-0.0253558419644832,0.000523435184732,0.0041569196619093,0.0094167049974203,-0.0087561197578907,0.0095879482105374,-0.0084269158542156,-0.0056467507965862,-0.0060914130881428,-0.0005162740708328,0.0138960601761937,-0.0012914011022076,0.0010304203024134,0.0080165863037109,0.0291622076183557,-0.0012826895108446,-0.0013237817911431,0.0051374458707869,-0.0117739597335457,-0.0097112460061907,-0.0095879482105374,-0.0085161766037344,-0.0043859179131686,-0.0145756788551807,-0.0112245520576834,0.0066032749600708,-0.0108503736555576,-0.0152191501110792,0.0032911663874983,0.009161521680653,0.1002734526991844,-0.0005552594368932,0.1224426862355185,0.0022209336691367,0.1029545285101711,-0.0027762986525422,0.0292779677733181,-0.010549723783184,0.0477429911466968,0.1109033874949025,0.0333903620925311,0.0512406180194071,-0.0737392623313439,2019-03-01,2019-03-04,2019-03-05,2019-03-06,2019-03-07,2019-03-08,2019-03-11,2019-03-12,2019-03-13,2019-03-14,25320.0,2019-02-28,252.0,-0.5247%,-0.0004,0.2287,-0.3001,0.2883,1.9909%,2.0138%,2.2606%,-0.003845,CPB,25320.0,2019-03-01,252.0,0.9162%,-0.0003,0.2199,-0.3132,0.2701,1.9886%,2.0108%,2.1914%,0.0094489999999999,CPB,25320.0,2019-03-04,252.0,-0.9629%,-0.0003,0.2156,-0.2893,0.2691,1.9883%,2.0086%,2.0101%,-0.010881,CPB,25320.0,2019-03-05,252.0,0.2778%,-0.0002,0.2157,-0.2864,0.268,1.9883%,2.0083%,1.9844%,0.002803,CPB,25320.0,2019-03-06,252.0,0.1108%,-0.0004,0.1989,-0.2704,0.2512,1.9780%,1.9954%,1.7403%,-0.000886,CPB,25320.0,2019-03-07,252.0,-0.6087%,-0.0004,0.1981,-0.2813,0.2471,1.9771%,1.9949%,1.7756%,-0.003907,CPB,25320.0,2019-03-08,252.0,0.2784%,-0.0003,0.1965,-0.2645,0.2436,1.9749%,1.9917%,1.6738%,0.00369,CPB,25320.0,2019-03-11,252.0,-0.3331%,-0.0004,0.1945,-0.2656,0.244,1.9751%,1.9917%,1.6654%,-0.00413,CPB,25320.0,2019-03-12,252.0,-2.3677%,-0.0005,0.1868,-0.253,0.2404,1.9806%,1.9958%,1.5210%,-0.024802,CPB,25320.0,2019-03-13,252.0,0.6277%,-0.0005,0.1883,-0.256,0.2413,1.9808%,1.9963%,1.5493%,0.003915,CPB,25320.0,2019-03-14,252.0,1.0490%,-0.0005,0.1914,-0.2622,0.2444,1.9806%,1.9967%,1.6070%,0.008815,CPB,0.005604,-0.005277,-0.002474,-0.007267,-0.019779
14995,C R A INTERNATIONAL INC,CRA International Sees FY19 Sales $430M-$445M vs $428.9M Est.,6,increase,0.7,0.6,"the forecasted sales range slightly exceeds the analyst estimate, which may positively influence investor sentiment and lead to an increase in stock price.",2,2019-02-28,CRAI,2019-02-28 14:33:00+00:00,85972.0,12618T10,0.1303167045116425,49229.0,0.0040032179094851,-0.0004522943636402,-0.0406698733568191,0.0205400269478559,0.026392363011837,-0.0295632611960172,0.0070865009911358,0.0243175346404314,0.0040208473801612,-0.000229319310165,0.0042051044292747,0.0048398040235042,0.0285144466906786,0.0032369801774621,-0.0463215447962284,0.0322195328772068,0.0024489578790962,0.0084236413240432,0.0264657828956842,0.010702958330512,0.0303451530635356,-0.0129652079194784,-0.0051973136141896,0.0133820697665214,-0.0044504553079605,0.0138134565204381,-0.0029154815711081,-0.0119424294680357,-0.0048732943832874,-0.0120394900441169,-0.0409402586519718,-0.0014426874695345,0.0451388694345951,0.0024101824965327,0.0037131609860807,-0.0059894584119319,-0.0179128106683492,-0.007844022475183,0.0208168737590313,0.0071821697056293,-0.0184501986950635,0.0072341263294219,0.0176098011434078,-0.0104986550286412,-0.0171106569468975,0.0110976854339242,0.0053412555716931,0.0204333290457725,0.000393554859329,0.0044510462321341,0.0155389634892344,-0.0264805555343627,0.0133642964065074,-0.0137701332569122,-0.0082186600193381,0.0045313290320336,0.0188860967755317,0.0159922428429126,-0.0136182606220245,-0.0126793971285224,0.0101629672572016,-0.0235926676541566,0.0060744057409465,0.0049296459183096,-0.0115094454959034,0.007806908339262,-0.0093528889119625,0.0037995688617229,0.0003852917579934,-0.0037851866800338,-0.0169491004198789,-0.0253631193190813,0.0096002714708447,0.0027745417319238,0.0077624982222914,-0.0025369143113493,0.0038513529580086,0.0190364606678485,0.0128524489700794,0.0398338511586189,0.0047348486259579,0.0098716113716363,-0.0182845890522003,0.000246905372478,0.0019200935494154,-0.0150742214173078,-0.2119586318731308,-0.0117731345817446,0.0124027756974101,-0.0144447218626737,0.0233004409819841,-0.0199582409113645,0.0093897078186273,0.0084250085055828,-0.010697653517127,-0.0181525945663452,-0.0606488436460495,-0.0218026787042617,0.0012512322282418,-0.0328260511159896,0.0179955326020717,-0.0250106044113636,0.0132580632343888,0.0014858775539323,0.0094499485567212,-0.0197669733315706,-0.0319250598549842,0.009451812133193,-0.0213240906596183,0.00337196723558,0.014187928289175,0.0040203649550676,0.0169872678816318,-0.0223417840898037,-0.000982582103461,-0.0084102535620331,-0.0213916637003421,-0.0030675157904624,-0.0195979792624712,-0.0139140682294964,0.0040032179094851,-0.0004522943636402,-0.0368294658127326,0.0200784424457982,-0.0114091194321572,-0.0100784029886533,-0.0004003274745287,0.0137615213219837,0.0131357561644549,0.0751641970323957,0.0478983151607879,0.0574163037466988,-0.2159349847056897,-0.1086912562794475,2019-03-01,2019-03-04,2019-03-05,2019-03-06,2019-03-07,2019-03-08,2019-03-11,2019-03-12,2019-03-13,2019-03-14,85972.0,2019-02-28,252.0,13.0317%,-0.0001,0.4905,0.603,-0.0285,1.7609%,1.8704%,11.3574%,0.131786,CRAI,85972.0,2019-03-01,252.0,0.4003%,-0.0001,0.4852,0.5951,-0.036,1.7602%,1.8677%,11.1790%,-0.001481,CRAI,85972.0,2019-03-04,252.0,-4.0670%,-0.0002,0.492,0.6046,-0.0451,1.7741%,1.8851%,11.4282%,-0.035716,CRAI,85972.0,2019-03-05,252.0,2.6392%,-0.0001,0.4866,0.582,-0.0597,1.7835%,1.8906%,11.0146%,0.028905,CRAI,85972.0,2019-03-06,252.0,0.7087%,-0.0,0.4876,0.5364,-0.0648,1.7842%,1.8892%,10.8037%,0.018441,CRAI,85972.0,2019-03-07,252.0,0.4021%,-0.0,0.4808,0.5189,-0.0788,1.7832%,1.8860%,10.6085%,0.008091,CRAI,85972.0,2019-03-08,252.0,0.4205%,0.0,0.4796,0.5287,-0.0813,1.7826%,1.8860%,10.6691%,0.004779,CRAI,85972.0,2019-03-11,252.0,2.8514%,0.0001,0.4894,0.5339,-0.0834,1.7864%,1.8943%,11.0680%,0.018953,CRAI,85972.0,2019-03-12,252.0,-4.6322%,-0.0001,0.4787,0.557,-0.0861,1.8093%,1.9147%,10.7045%,-0.046207,CRAI,85972.0,2019-03-13,252.0,0.2449%,-0.0,0.4785,0.57,-0.0832,1.8059%,1.9122%,10.8164%,0.000955,CRAI,85972.0,2019-03-14,252.0,2.6466%,0.0,0.4851,0.5521,-0.0742,1.8113%,1.9166%,10.6922%,0.029441,CRAI,0.1303049999999999,0.0945889999999999,0.1234939999999999,0.150026,0.157947
15003,C R A INTERNATIONAL INC,"CRA International Earlier Reported Q4 EPS $0.84 Beats $0.63 Estimate, Sales $108.763M Beat $103.2M Estimate",6,increase,0.8,0.7,"the company reported better-than-expected earnings and sales, which typically leads to positive investor sentiment and an increase in stock price.",2,2019-02-28,CRAI,2019-02-28 14:29:00+00:00,85972.0,12618T10,0.1303167045116425,49229.0,0.0040032179094851,-0.0004522943636402,-0.0406698733568191,0.0205400269478559,0.026392363011837,-0.0295632611960172,0.0070865009911358,0.0243175346404314,0.0040208473801612,-0.000229319310165,0.0042051044292747,0.0048398040235042,0.0285144466906786,0.0032369801774621,-0.0463215447962284,0.0322195328772068,0.0024489578790962,0.0084236413240432,0.0264657828956842,0.010702958330512,0.0303451530635356,-0.0129652079194784,-0.0051973136141896,0.0133820697665214,-0.0044504553079605,0.0138134565204381,-0.0029154815711081,-0.0119424294680357,-0.0048732943832874,-0.0120394900441169,-0.0409402586519718,-0.0014426874695345,0.0451388694345951,0.0024101824965327,0.0037131609860807,-0.0059894584119319,-0.0179128106683492,-0.007844022475183,0.0208168737590313,0.0071821697056293,-0.0184501986950635,0.0072341263294219,0.0176098011434078,-0.0104986550286412,-0.0171106569468975,0.0110976854339242,0.0053412555716931,0.0204333290457725,0.000393554859329,0.0044510462321341,0.0155389634892344,-0.0264805555343627,0.0133642964065074,-0.0137701332569122,-0.0082186600193381,0.0045313290320336,0.0188860967755317,0.0159922428429126,-0.0136182606220245,-0.0126793971285224,0.0101629672572016,-0.0235926676541566,0.0060744057409465,0.0049296459183096,-0.0115094454959034,0.007806908339262,-0.0093528889119625,0.0037995688617229,0.0003852917579934,-0.0037851866800338,-0.0169491004198789,-0.0253631193190813,0.0096002714708447,0.0027745417319238,0.0077624982222914,-0.0025369143113493,0.0038513529580086,0.0190364606678485,0.0128524489700794,0.0398338511586189,0.0047348486259579,0.0098716113716363,-0.0182845890522003,0.000246905372478,0.0019200935494154,-0.0150742214173078,-0.2119586318731308,-0.0117731345817446,0.0124027756974101,-0.0144447218626737,0.0233004409819841,-0.0199582409113645,0.0093897078186273,0.0084250085055828,-0.010697653517127,-0.0181525945663452,-0.0606488436460495,-0.0218026787042617,0.0012512322282418,-0.0328260511159896,0.0179955326020717,-0.0250106044113636,0.0132580632343888,0.0014858775539323,0.0094499485567212,-0.0197669733315706,-0.0319250598549842,0.009451812133193,-0.0213240906596183,0.00337196723558,0.014187928289175,0.0040203649550676,0.0169872678816318,-0.0223417840898037,-0.000982582103461,-0.0084102535620331,-0.0213916637003421,-0.0030675157904624,-0.0195979792624712,-0.0139140682294964,0.0040032179094851,-0.0004522943636402,-0.0368294658127326,0.0200784424457982,-0.0114091194321572,-0.0100784029886533,-0.0004003274745287,0.0137615213219837,0.0131357561644549,0.0751641970323957,0.0478983151607879,0.0574163037466988,-0.2159349847056897,-0.1086912562794475,2019-03-01,2019-03-04,2019-03-05,2019-03-06,2019-03-07,2019-03-08,2019-03-11,2019-03-12,2019-03-13,2019-03-14,85972.0,2019-02-28,252.0,13.0317%,-0.0001,0.4905,0.603,-0.0285,1.7609%,1.8704%,11.3574%,0.131786,CRAI,85972.0,2019-03-01,252.0,0.4003%,-0.0001,0.4852,0.5951,-0.036,1.7602%,1.8677%,11.1790%,-0.001481,CRAI,85972.0,2019-03-04,252.0,-4.0670%,-0.0002,0.492,0.6046,-0.0451,1.7741%,1.8851%,11.4282%,-0.035716,CRAI,85972.0,2019-03-05,252.0,2.6392%,-0.0001,0.4866,0.582,-0.0597,1.7835%,1.8906%,11.0146%,0.028905,CRAI,85972.0,2019-03-06,252.0,0.7087%,-0.0,0.4876,0.5364,-0.0648,1.7842%,1.8892%,10.8037%,0.018441,CRAI,85972.0,2019-03-07,252.0,0.4021%,-0.0,0.4808,0.5189,-0.0788,1.7832%,1.8860%,10.6085%,0.008091,CRAI,85972.0,2019-03-08,252.0,0.4205%,0.0,0.4796,0.5287,-0.0813,1.7826%,1.8860%,10.6691%,0.004779,CRAI,85972.0,2019-03-11,252.0,2.8514%,0.0001,0.4894,0.5339,-0.0834,1.7864%,1.8943%,11.0680%,0.018953,CRAI,85972.0,2019-03-12,252.0,-4.6322%,-0.0001,0.4787,0.557,-0.0861,1.8093%,1.9147%,10.7045%,-0.046207,CRAI,85972.0,2019-03-13,252.0,0.2449%,-0.0,0.4785,0.57,-0.0832,1.8059%,1.9122%,10.8164%,0.000955,CRAI,85972.0,2019-03-14,252.0,2.6466%,0.0,0.4851,0.5521,-0.0742,1.8113%,1.9166%,10.6922%,0.029441,CRAI,0.1303049999999999,0.0945889999999999,0.1234939999999999,0.150026,0.157947
15011,CROCS INC,"Crocs Sees Q1 $280M-$290M vs $293.25M Est., Sales $1.088B vs $1.14B Est.",6,decrease,0.8,0.6,"the reported sales figures for q1 fell short of estimates, which is likely to negatively impact investor sentiment and lead to a decrease in stock price.",0,2019-02-28,CROX,2019-02-28 12:03:00+00:00,91090.0,22704610,-0.099579244852066,4589251.0,-0.0218068324029445,0.0247934069484472,-0.0338375940918922,-0.0228230208158493,0.0403790473937988,0.0074283368885517,-0.0122772064059972,0.0060498248785734,0.0172413904219865,-0.002838890068233,-0.0074891811236739,-0.0112280594184994,-0.0087371412664651,0.0229719802737236,-0.0024038248229771,0.0086893467232584,0.0060240812599658,0.0214496999979019,-0.0087824082002043,-0.0018456713296473,0.0036246536765247,0.0142269218340516,0.0329052843153476,-0.0125693222507834,0.0019425464561209,0.0003697604115586,-0.0058162668719887,-0.0077063883654773,0.0074103171937167,-0.0151788964867591,-0.0282616931945085,0.0025362207088619,0.0127489920705556,0.0128440503031015,0.0003934000269509,-0.0511838197708129,0.0043256236240267,0.0080729918554425,0.022709472104907,0.0049382499419152,-0.0141654219478368,-0.0186915546655654,0.0411650277674198,-0.0003460286825429,-0.0156657993793487,0.0031239206437021,0.0022736405953764,0.0006946352659724,0.0026464911643415,0.0017397754127159,0.0018853407818824,-0.0221163537353277,-0.0237109214067459,-0.042359109967947,-0.001156541518867,0.0052407416515052,0.0100347446277737,0.0159734264016151,-0.0019105555256828,0.005352955777198,0.0160796344280242,-0.0345607139170169,-0.0041447100229561,-0.0045016491785645,0.0181611627340316,-0.0086069637909531,0.0222965590655803,0.04150066152215,-0.0039985682815313,0.0325677320361137,-0.0051094670780003,0.0526885986328125,-0.0253118313848972,0.0236423853784799,0.0414000898599624,-0.0192029234021902,-0.0148174865171313,0.0623556934297084,0.0102714849635958,-0.024774769321084,0.0185184571892023,-0.0014992846408858,-0.0071300840936601,0.007933547720313,0.0053859828040003,0.1061428710818291,0.0067857331596314,-0.0208674389868974,0.0351188294589519,0.0061753648333251,-0.0287868455052375,-0.0268428772687912,-0.0494001284241676,-0.007949155755341,-0.0946548283100128,-0.0011909760069102,-0.0233702212572097,-0.0078770723193883,-0.0247691087424755,-0.0003937098081223,-0.0443391650915145,-0.0219483915716409,0.0121620967984199,0.0093276239931583,-0.0173564478754997,0.0094154477119445,0.0167572852224111,0.0195999909192323,-0.0089087197557091,-0.049790933728218,0.003595502115786,-0.0362637303769588,0.0156739987432956,-0.0618557073175907,-0.0057319696061313,0.0467626340687274,-0.0319290161132812,0.0262088999152183,0.0077874520793557,-0.0241354499012231,-0.0218068324029445,0.0247934069484472,-0.054906535751556,0.0014045256897177,-0.0167445619670986,0.0088432958682613,-0.0120716327231952,0.0120652992556513,-0.0330997054027621,0.0527870156433609,0.0171339749456671,-0.0458346917191884,-0.1433021893106411,0.0273775294744669,2019-03-01,2019-03-04,2019-03-05,2019-03-06,2019-03-07,2019-03-08,2019-03-11,2019-03-12,2019-03-13,2019-03-14,91090.0,2019-02-28,252.0,-9.9579%,0.0025,1.0435,1.7231,0.2311,2.9208%,3.2385%,18.6610%,-0.0962959999999999,CROX,91090.0,2019-03-01,252.0,-2.1807%,0.0028,0.9667,1.6088,0.129,2.8397%,3.1315%,17.7716%,-0.033482,CROX,91090.0,2019-03-04,252.0,-3.3838%,0.0025,0.9925,1.5463,0.117,2.8276%,3.1227%,18.0079%,-0.022968,CROX,91090.0,2019-03-05,252.0,4.0379%,0.0026,0.9788,1.4688,0.0908,2.8358%,3.1144%,17.0898%,0.0470509999999999,CROX,91090.0,2019-03-06,252.0,-1.2277%,0.0027,0.9823,1.4376,0.0906,2.8350%,3.1151%,17.1747%,0.014326,CROX,91090.0,2019-03-07,252.0,1.7241%,0.0027,0.9676,1.4117,0.0636,2.8372%,3.1110%,16.8302%,0.0265119999999999,CROX,91090.0,2019-03-08,252.0,-0.7489%,0.0026,0.9696,1.3976,0.0676,2.8366%,3.1081%,16.7067%,-0.006048,CROX,91090.0,2019-03-11,252.0,-0.8737%,0.0026,0.9543,1.3711,0.0603,2.8417%,3.1070%,16.3475%,-0.027954,CROX,91090.0,2019-03-12,252.0,-0.2404%,0.0026,0.9631,1.3709,0.0703,2.8410%,3.1071%,16.3970%,-0.000992,CROX,91090.0,2019-03-13,252.0,0.6024%,0.0026,0.9633,1.3745,0.0713,2.8408%,3.1072%,16.4122%,0.003715,CROX,91090.0,2019-03-14,252.0,-0.8782%,0.0026,0.9655,1.3758,0.0707,2.8404%,3.1080%,16.4757%,-0.0024879999999999,CROX,-0.129778,-0.152746,-0.105695,-0.064857,-0.098624
15019,CROCS INC,"Crocs Q4 Adj. EPS $(0.10) Beats $(0.24) Estimate, Sales $216M Beat $213.18M Estimate",6,increase,0.8,0.6,"the better-than-expected adjusted eps and sales figures suggest stronger financial performance, which is likely to positively influence investor sentiment and increase the stock price.",2,2019-02-28,CROX,2019-02-28 12:01:00+00:00,91090.0,22704610,-0.099579244852066,4589251.0,-0.0218068324029445,0.0247934069484472,-0.0338375940918922,-0.0228230208158493,0.0403790473937988,0.0074283368885517,-0.0122772064059972,0.0060498248785734,0.0172413904219865,-0.002838890068233,-0.0074891811236739,-0.0112280594184994,-0.0087371412664651,0.0229719802737236,-0.0024038248229771,0.0086893467232584,0.0060240812599658,0.0214496999979019,-0.0087824082002043,-0.0018456713296473,0.0036246536765247,0.0142269218340516,0.0329052843153476,-0.0125693222507834,0.0019425464561209,0.0003697604115586,-0.0058162668719887,-0.0077063883654773,0.0074103171937167,-0.0151788964867591,-0.0282616931945085,0.0025362207088619,0.0127489920705556,0.0128440503031015,0.0003934000269509,-0.0511838197708129,0.0043256236240267,0.0080729918554425,0.022709472104907,0.0049382499419152,-0.0141654219478368,-0.0186915546655654,0.0411650277674198,-0.0003460286825429,-0.0156657993793487,0.0031239206437021,0.0022736405953764,0.0006946352659724,0.0026464911643415,0.0017397754127159,0.0018853407818824,-0.0221163537353277,-0.0237109214067459,-0.042359109967947,-0.001156541518867,0.0052407416515052,0.0100347446277737,0.0159734264016151,-0.0019105555256828,0.005352955777198,0.0160796344280242,-0.0345607139170169,-0.0041447100229561,-0.0045016491785645,0.0181611627340316,-0.0086069637909531,0.0222965590655803,0.04150066152215,-0.0039985682815313,0.0325677320361137,-0.0051094670780003,0.0526885986328125,-0.0253118313848972,0.0236423853784799,0.0414000898599624,-0.0192029234021902,-0.0148174865171313,0.0623556934297084,0.0102714849635958,-0.024774769321084,0.0185184571892023,-0.0014992846408858,-0.0071300840936601,0.007933547720313,0.0053859828040003,0.1061428710818291,0.0067857331596314,-0.0208674389868974,0.0351188294589519,0.0061753648333251,-0.0287868455052375,-0.0268428772687912,-0.0494001284241676,-0.007949155755341,-0.0946548283100128,-0.0011909760069102,-0.0233702212572097,-0.0078770723193883,-0.0247691087424755,-0.0003937098081223,-0.0443391650915145,-0.0219483915716409,0.0121620967984199,0.0093276239931583,-0.0173564478754997,0.0094154477119445,0.0167572852224111,0.0195999909192323,-0.0089087197557091,-0.049790933728218,0.003595502115786,-0.0362637303769588,0.0156739987432956,-0.0618557073175907,-0.0057319696061313,0.0467626340687274,-0.0319290161132812,0.0262088999152183,0.0077874520793557,-0.0241354499012231,-0.0218068324029445,0.0247934069484472,-0.054906535751556,0.0014045256897177,-0.0167445619670986,0.0088432958682613,-0.0120716327231952,0.0120652992556513,-0.0330997054027621,0.0527870156433609,0.0171339749456671,-0.0458346917191884,-0.1433021893106411,0.0273775294744669,2019-03-01,2019-03-04,2019-03-05,2019-03-06,2019-03-07,2019-03-08,2019-03-11,2019-03-12,2019-03-13,2019-03-14,91090.0,2019-02-28,252.0,-9.9579%,0.0025,1.0435,1.7231,0.2311,2.9208%,3.2385%,18.6610%,-0.0962959999999999,CROX,91090.0,2019-03-01,252.0,-2.1807%,0.0028,0.9667,1.6088,0.129,2.8397%,3.1315%,17.7716%,-0.033482,CROX,91090.0,2019-03-04,252.0,-3.3838%,0.0025,0.9925,1.5463,0.117,2.8276%,3.1227%,18.0079%,-0.022968,CROX,91090.0,2019-03-05,252.0,4.0379%,0.0026,0.9788,1.4688,0.0908,2.8358%,3.1144%,17.0898%,0.0470509999999999,CROX,91090.0,2019-03-06,252.0,-1.2277%,0.0027,0.9823,1.4376,0.0906,2.8350%,3.1151%,17.1747%,0.014326,CROX,91090.0,2019-03-07,252.0,1.7241%,0.0027,0.9676,1.4117,0.0636,2.8372%,3.1110%,16.8302%,0.0265119999999999,CROX,91090.0,2019-03-08,252.0,-0.7489%,0.0026,0.9696,1.3976,0.0676,2.8366%,3.1081%,16.7067%,-0.006048,CROX,91090.0,2019-03-11,252.0,-0.8737%,0.0026,0.9543,1.3711,0.0603,2.8417%,3.1070%,16.3475%,-0.027954,CROX,91090.0,2019-03-12,252.0,-0.2404%,0.0026,0.9631,1.3709,0.0703,2.8410%,3.1071%,16.3970%,-0.000992,CROX,91090.0,2019-03-13,252.0,0.6024%,0.0026,0.9633,1.3745,0.0713,2.8408%,3.1072%,16.4122%,0.003715,CROX,91090.0,2019-03-14,252.0,-0.8782%,0.0026,0.9655,1.3758,0.0707,2.8404%,3.1080%,16.4757%,-0.0024879999999999,CROX,-0.129778,-0.152746,-0.105695,-0.064857,-0.098624
15027,COMMERCIAL VEHICLE GROUP INC,"Commercial Vehicle Group Inc. Announces Strategic Reorganization Into Two Segments, Electrical Systems And Global Seating",6,increase,0.7,0.6,"the strategic reorganization into two focused segments may enhance operational efficiency and attract investor interest, potentially leading to a positive impact on the stock price.",2,2019-02-28,CVGI,2019-02-28 21:33:00+00:00,90314.0,20260810,-0.0338163934648037,103115.0,0.0387500524520874,-0.0304449927061796,0.0012032821541652,-0.0011696174042299,-0.0108173266053199,0.0276442915201187,-0.0291615780442953,0.0121653797104954,-0.0187734197825193,0.0173267759382724,0.0102040721103549,0.0306122153997421,0.0252525005489587,-0.0012738538207486,0.0184729769825935,0.0536912903189659,0.0060458565130829,0.013605429790914,-0.0336538143455982,0.0352112688124179,-0.0074626794084906,0.0014104022411629,0.0213032085448503,0.0320233292877674,0.0196320004761219,-0.021367534995079,-0.0132371364161372,-0.0396716780960559,-0.0060975844971835,0.0068870126269757,-0.0429447181522846,-0.0068399063311517,0.0153846004977822,-0.0134952636435627,-0.0208333283662796,-0.0080321207642555,0.0174080915749073,0.0108254300430417,0.0,0.0263888966292142,-0.0278833713382482,0.0126581816002726,0.0195567272603511,-0.0028050462715327,0.0294117666780948,-0.0041899071075022,0.0236024316400289,-0.0041724909096956,0.0218446981161832,-0.0123626580461859,0.0095011787489056,0.0041379597969353,0.0023529950994998,0.028368767350912,-0.0176056995987892,0.0129310563206672,0.0167264454066753,-0.0071326945908367,0.0540540553629398,0.0685976073145866,0.0211816690862178,-0.0238095019012689,-0.0152837764471769,0.0259541366249322,0.0177383422851562,0.0046012592501938,0.002178595168516,0.0187499821186065,0.004347822163254,0.0305958222597837,0.0281385537236928,0.0048544029705226,0.0115789109840989,0.0710571631789207,-0.0072840475477278,-0.0034542281646281,-0.0241089668124914,0.0157895013689994,-0.0300752595067024,0.0124333379790186,0.0132890241220593,0.0125899594277143,-0.0251365639269352,-0.0211267415434122,0.0011211019009351,0.036496315151453,-0.0011198464781045,-0.0266430005431175,0.0190583039075136,-0.0105448048561811,-0.0121012767776846,0.0106571828946471,-0.0534520670771598,-0.0359589084982872,-0.0588235296308994,-0.0473083108663559,-0.0387499928474426,0.0233723446726799,-0.0078023332171142,-0.0115511836484074,-0.0222804807126522,-0.0380952768027782,-0.0160857755690813,0.0344827622175216,0.0217983443289995,-0.0049019171856343,0.0106666563078761,0.0065789413638412,-0.0554089806973934,-0.0318471789360046,-0.0307262279093265,-0.0723781064152717,0.0216138456016778,-0.0397163406014442,-0.0014104695292189,0.0100286779925227,-0.0296610221266746,-0.0028571400325745,-0.0058224108070135,-0.0028490000404417,0.0387500524520874,-0.0304449927061796,0.0399999618528412,-0.0315790011170687,0.0287499425959587,-0.0048076887097444,-0.0199999816037929,0.0247524512463734,0.0049999952976791,0.1661971631000824,0.1212500319620946,0.2621950967788322,-0.1462500084285767,0.1794871444157142,2019-03-01,2019-03-04,2019-03-05,2019-03-06,2019-03-07,2019-03-08,2019-03-11,2019-03-12,2019-03-13,2019-03-14,90314.0,2019-02-28,252.0,-3.3816%,-0.0005,1.5119,1.2464,0.8265,3.3967%,3.7423%,17.6196%,-0.027479,CVGI,90314.0,2019-03-01,252.0,3.8750%,-0.0003,1.5043,1.2351,0.8018,3.3983%,3.7387%,17.3822%,0.027466,CVGI,90314.0,2019-03-04,252.0,0.1203%,-0.0003,1.5057,1.2202,0.8037,3.3988%,3.7387%,17.3584%,0.010749,CVGI,90314.0,2019-03-05,252.0,-1.0817%,-0.0004,1.4998,1.1725,0.8003,3.3941%,3.7266%,17.0482%,-0.002636,CVGI,90314.0,2019-03-06,252.0,-2.9162%,-0.0003,1.5079,1.1699,0.8091,3.3930%,3.7311%,17.2987%,-0.0022,CVGI,90314.0,2019-03-07,252.0,-1.8773%,-0.0003,1.5105,1.1774,0.8147,3.3929%,3.7324%,17.3654%,-0.00301,CVGI,90314.0,2019-03-08,252.0,1.0204%,-0.0003,1.5097,1.1584,0.8143,3.3924%,3.7299%,17.2823%,0.014233,CVGI,90314.0,2019-03-11,252.0,2.5253%,-0.0003,1.5119,1.144,0.805,3.3907%,3.7314%,17.4289%,0.0027329999999999,CVGI,90314.0,2019-03-12,252.0,1.8473%,-0.0002,1.51,1.1359,0.7995,3.3927%,3.7287%,17.2130%,0.01845,CVGI,90314.0,2019-03-13,252.0,0.6046%,-0.0002,1.5099,1.1312,0.7982,3.3924%,3.7283%,17.2100%,-0.001317,CVGI,90314.0,2019-03-14,252.0,-3.3654%,0.0004,1.4564,1.1741,0.7763,3.1766%,3.5157%,18.3605%,-0.029991,CVGI,-1.2999999999999123e-05,0.010736,0.0081,0.00289,0.006998
15035,C V S HEALTH CORP,CVS Says CIDS Were In Relation To Investigation Of Patient Chart Review Processes With Risk Adjustment Data Submissions Under Parts C & D Of Medicare Program,6,uncertain,0.6,0.3,"the news regarding an investigation into patient chart review processes may raise concerns about compliance and regulatory risks, but the actual impact on stock price will depend on the outcomes of the investigation and market perception.",1,2019-02-28,CVS,2019-02-28 12:37:00+00:00,17005.0,12665010,-0.0114529598504304,17120951.0,0.0051876055076718,-0.0359261743724346,-0.0373301543295383,-0.0089825121685862,-0.0178699064999818,-0.0116222957149148,-0.0174672324210405,-0.0064153606072068,-0.030370358377695,-0.0291186962276697,0.0108861662447452,-0.0809959396719932,0.0154921533539891,0.0050337766297161,0.016744215041399,0.0271826889365911,0.0351326279342174,-0.0014751212438568,-0.0121972532942891,0.011640035547316,-0.0050107836723327,0.0293395351618528,0.0192446000874042,0.0013843460474163,0.0074113640002906,-0.0112547203898429,-0.0162900742143392,-0.0042404783889651,0.0220798011869192,0.0054819649085402,-0.0236933901906013,-0.003641412127763,-0.019450394436717,0.0105796139687299,0.0080072544515132,-0.0050343526527285,-0.0241920948028564,-0.0062158284708857,-0.0127659318968653,0.0064082723110914,0.0106821535155177,0.0045984527096152,0.0048210332170128,-0.0032085422426462,-0.0380143485963344,0.0072328955866396,0.0126606533303856,-0.0095295300707221,0.0115552302449941,0.0183302909135818,0.0123595474287867,-0.0091574862599372,0.0016648196615278,0.0339276902377605,-0.0079409107565879,-0.0086044939234852,0.0027922135777771,0.0028239171952009,-0.0219045914709568,-0.0244872160255909,0.0022775242105126,-0.0071417903527617,0.0266994852572679,0.0039663538336753,-0.0059018754400312,-0.007419713307172,-0.02523192204535,-0.0363344214856624,0.0017129834741353,-0.0011660375166684,0.005700156558305,0.0267884004861116,0.0101086935028433,0.0243752300739288,-0.0005664422060362,-0.0053369696252048,0.0056678489781916,0.000915830140002,0.0056359050795435,0.0050620371475815,0.0085933664813637,-0.0007663308642804,0.0072235483676195,-0.002599079394713,0.05424789711833,0.0395741499960422,-0.0104657644405961,-0.0122449388727545,-0.001233909628354,-0.0418171249330043,-0.0010589723242446,-0.0307624004781246,-0.0220848061144352,-0.0139448139816522,0.0070461286231875,-0.0159853566437959,-0.0069968281313776,-0.0165552981197834,-0.0034326761960983,-0.0203081015497446,-0.0242929682135582,-0.015167748555541,-0.0157933570444583,0.0148480627685785,-0.0033981555607169,0.0009545586071908,-0.0092820925638079,-0.010122824460268,0.0110899014398455,-0.0323887094855308,0.0022692687343806,-0.0296540856361389,0.0098113296553492,-0.0076709380373358,0.0035500491503626,-0.008478807285428,-0.0171289928257465,0.002499961759895,0.005304011516273,-0.0033636060543358,0.0051876055076718,-0.0359261743724346,-0.0323362029360686,-0.0445859792425497,-0.0496282645130184,-0.0556900835219685,-0.0945875996983481,-0.0890688421210321,-0.0337195318354788,-0.1269959978545646,-0.0888812512294145,-0.0977939712735466,-0.0735586779343889,-0.2656018322821977,2019-03-01,2019-03-04,2019-03-05,2019-03-06,2019-03-07,2019-03-08,2019-03-11,2019-03-12,2019-03-13,2019-03-14,17005.0,2019-02-28,252.0,-1.1453%,-0.0002,0.9508,-0.3195,0.5962,1.6131%,1.8644%,25.1453%,-0.0070909999999999,CVS,17005.0,2019-03-01,252.0,0.5188%,-0.0002,0.9534,-0.3157,0.5993,1.6129%,1.8642%,25.1376%,0.001563,CVS,17005.0,2019-03-04,252.0,-3.7330%,-0.0004,0.9607,-0.3077,0.5901,1.6281%,1.8780%,24.8430%,-0.036063,CVS,17005.0,2019-03-05,252.0,-1.7870%,-0.0005,0.9622,-0.3062,0.5969,1.6307%,1.8810%,24.8355%,-0.015864,CVS,17005.0,2019-03-06,252.0,-1.7467%,-0.0005,0.9674,-0.2792,0.6065,1.6328%,1.8821%,24.7432%,-0.0135719999999999,CVS,17005.0,2019-03-07,252.0,-3.0370%,-0.0006,0.9795,-0.2594,0.6282,1.6361%,1.8906%,25.1158%,-0.020722,CVS,17005.0,2019-03-08,252.0,1.0886%,-0.0005,0.9777,-0.2622,0.6254,1.6386%,1.8920%,24.9943%,0.014149,CVS,17005.0,2019-03-11,252.0,1.5492%,-0.0005,0.9802,-0.25,0.631,1.6376%,1.8929%,25.1525%,0.005031,CVS,17005.0,2019-03-12,252.0,1.6744%,-0.0004,0.9859,-0.2578,0.6344,1.6398%,1.8940%,25.0403%,0.014009,CVS,17005.0,2019-03-13,252.0,3.5133%,-0.0003,0.9949,-0.2692,0.6414,1.6489%,1.9073%,25.2596%,0.027006,CVS,17005.0,2019-03-14,252.0,-1.2197%,-0.0004,0.9931,-0.2614,0.6375,1.6510%,1.9075%,25.0866%,-0.01432,CVS,-0.0055279999999999,-0.0415909999999999,-0.0574549999999999,-0.091749,-0.045874
15043,C V S HEALTH CORP,"CVS Says Received CIDS From, And Provided Documents And Information To, The Civil Division Of DOJ In Cooperation With A Current Investigation",6,decrease,0.7,0.6,"the involvement in a current investigation by the doj typically raises concerns about potential legal issues and financial liabilities, which can negatively impact investor sentiment and stock price.",0,2019-02-28,CVS,2019-02-28 12:36:00+00:00,17005.0,12665010,-0.0114529598504304,17120951.0,0.0051876055076718,-0.0359261743724346,-0.0373301543295383,-0.0089825121685862,-0.0178699064999818,-0.0116222957149148,-0.0174672324210405,-0.0064153606072068,-0.030370358377695,-0.0291186962276697,0.0108861662447452,-0.0809959396719932,0.0154921533539891,0.0050337766297161,0.016744215041399,0.0271826889365911,0.0351326279342174,-0.0014751212438568,-0.0121972532942891,0.011640035547316,-0.0050107836723327,0.0293395351618528,0.0192446000874042,0.0013843460474163,0.0074113640002906,-0.0112547203898429,-0.0162900742143392,-0.0042404783889651,0.0220798011869192,0.0054819649085402,-0.0236933901906013,-0.003641412127763,-0.019450394436717,0.0105796139687299,0.0080072544515132,-0.0050343526527285,-0.0241920948028564,-0.0062158284708857,-0.0127659318968653,0.0064082723110914,0.0106821535155177,0.0045984527096152,0.0048210332170128,-0.0032085422426462,-0.0380143485963344,0.0072328955866396,0.0126606533303856,-0.0095295300707221,0.0115552302449941,0.0183302909135818,0.0123595474287867,-0.0091574862599372,0.0016648196615278,0.0339276902377605,-0.0079409107565879,-0.0086044939234852,0.0027922135777771,0.0028239171952009,-0.0219045914709568,-0.0244872160255909,0.0022775242105126,-0.0071417903527617,0.0266994852572679,0.0039663538336753,-0.0059018754400312,-0.007419713307172,-0.02523192204535,-0.0363344214856624,0.0017129834741353,-0.0011660375166684,0.005700156558305,0.0267884004861116,0.0101086935028433,0.0243752300739288,-0.0005664422060362,-0.0053369696252048,0.0056678489781916,0.000915830140002,0.0056359050795435,0.0050620371475815,0.0085933664813637,-0.0007663308642804,0.0072235483676195,-0.002599079394713,0.05424789711833,0.0395741499960422,-0.0104657644405961,-0.0122449388727545,-0.001233909628354,-0.0418171249330043,-0.0010589723242446,-0.0307624004781246,-0.0220848061144352,-0.0139448139816522,0.0070461286231875,-0.0159853566437959,-0.0069968281313776,-0.0165552981197834,-0.0034326761960983,-0.0203081015497446,-0.0242929682135582,-0.015167748555541,-0.0157933570444583,0.0148480627685785,-0.0033981555607169,0.0009545586071908,-0.0092820925638079,-0.010122824460268,0.0110899014398455,-0.0323887094855308,0.0022692687343806,-0.0296540856361389,0.0098113296553492,-0.0076709380373358,0.0035500491503626,-0.008478807285428,-0.0171289928257465,0.002499961759895,0.005304011516273,-0.0033636060543358,0.0051876055076718,-0.0359261743724346,-0.0323362029360686,-0.0445859792425497,-0.0496282645130184,-0.0556900835219685,-0.0945875996983481,-0.0890688421210321,-0.0337195318354788,-0.1269959978545646,-0.0888812512294145,-0.0977939712735466,-0.0735586779343889,-0.2656018322821977,2019-03-01,2019-03-04,2019-03-05,2019-03-06,2019-03-07,2019-03-08,2019-03-11,2019-03-12,2019-03-13,2019-03-14,17005.0,2019-02-28,252.0,-1.1453%,-0.0002,0.9508,-0.3195,0.5962,1.6131%,1.8644%,25.1453%,-0.0070909999999999,CVS,17005.0,2019-03-01,252.0,0.5188%,-0.0002,0.9534,-0.3157,0.5993,1.6129%,1.8642%,25.1376%,0.001563,CVS,17005.0,2019-03-04,252.0,-3.7330%,-0.0004,0.9607,-0.3077,0.5901,1.6281%,1.8780%,24.8430%,-0.036063,CVS,17005.0,2019-03-05,252.0,-1.7870%,-0.0005,0.9622,-0.3062,0.5969,1.6307%,1.8810%,24.8355%,-0.015864,CVS,17005.0,2019-03-06,252.0,-1.7467%,-0.0005,0.9674,-0.2792,0.6065,1.6328%,1.8821%,24.7432%,-0.0135719999999999,CVS,17005.0,2019-03-07,252.0,-3.0370%,-0.0006,0.9795,-0.2594,0.6282,1.6361%,1.8906%,25.1158%,-0.020722,CVS,17005.0,2019-03-08,252.0,1.0886%,-0.0005,0.9777,-0.2622,0.6254,1.6386%,1.8920%,24.9943%,0.014149,CVS,17005.0,2019-03-11,252.0,1.5492%,-0.0005,0.9802,-0.25,0.631,1.6376%,1.8929%,25.1525%,0.005031,CVS,17005.0,2019-03-12,252.0,1.6744%,-0.0004,0.9859,-0.2578,0.6344,1.6398%,1.8940%,25.0403%,0.014009,CVS,17005.0,2019-03-13,252.0,3.5133%,-0.0003,0.9949,-0.2692,0.6414,1.6489%,1.9073%,25.2596%,0.027006,CVS,17005.0,2019-03-14,252.0,-1.2197%,-0.0004,0.9931,-0.2614,0.6375,1.6510%,1.9075%,25.0866%,-0.01432,CVS,-0.0055279999999999,-0.0415909999999999,-0.0574549999999999,-0.091749,-0.045874
15051,C V S HEALTH CORP,"CVS Says In Relation To Aetna Deal, Agreed To Undertakings With Certain State Regulators To Place Restrictions On Payment Of Dividends By Some Units",6,decrease,0.7,0.5,"the restrictions on dividend payments by some units may signal financial constraints or regulatory challenges, which could negatively impact investor sentiment and stock price.",0,2019-02-28,CVS,2019-02-28 12:35:00+00:00,17005.0,12665010,-0.0114529598504304,17120951.0,0.0051876055076718,-0.0359261743724346,-0.0373301543295383,-0.0089825121685862,-0.0178699064999818,-0.0116222957149148,-0.0174672324210405,-0.0064153606072068,-0.030370358377695,-0.0291186962276697,0.0108861662447452,-0.0809959396719932,0.0154921533539891,0.0050337766297161,0.016744215041399,0.0271826889365911,0.0351326279342174,-0.0014751212438568,-0.0121972532942891,0.011640035547316,-0.0050107836723327,0.0293395351618528,0.0192446000874042,0.0013843460474163,0.0074113640002906,-0.0112547203898429,-0.0162900742143392,-0.0042404783889651,0.0220798011869192,0.0054819649085402,-0.0236933901906013,-0.003641412127763,-0.019450394436717,0.0105796139687299,0.0080072544515132,-0.0050343526527285,-0.0241920948028564,-0.0062158284708857,-0.0127659318968653,0.0064082723110914,0.0106821535155177,0.0045984527096152,0.0048210332170128,-0.0032085422426462,-0.0380143485963344,0.0072328955866396,0.0126606533303856,-0.0095295300707221,0.0115552302449941,0.0183302909135818,0.0123595474287867,-0.0091574862599372,0.0016648196615278,0.0339276902377605,-0.0079409107565879,-0.0086044939234852,0.0027922135777771,0.0028239171952009,-0.0219045914709568,-0.0244872160255909,0.0022775242105126,-0.0071417903527617,0.0266994852572679,0.0039663538336753,-0.0059018754400312,-0.007419713307172,-0.02523192204535,-0.0363344214856624,0.0017129834741353,-0.0011660375166684,0.005700156558305,0.0267884004861116,0.0101086935028433,0.0243752300739288,-0.0005664422060362,-0.0053369696252048,0.0056678489781916,0.000915830140002,0.0056359050795435,0.0050620371475815,0.0085933664813637,-0.0007663308642804,0.0072235483676195,-0.002599079394713,0.05424789711833,0.0395741499960422,-0.0104657644405961,-0.0122449388727545,-0.001233909628354,-0.0418171249330043,-0.0010589723242446,-0.0307624004781246,-0.0220848061144352,-0.0139448139816522,0.0070461286231875,-0.0159853566437959,-0.0069968281313776,-0.0165552981197834,-0.0034326761960983,-0.0203081015497446,-0.0242929682135582,-0.015167748555541,-0.0157933570444583,0.0148480627685785,-0.0033981555607169,0.0009545586071908,-0.0092820925638079,-0.010122824460268,0.0110899014398455,-0.0323887094855308,0.0022692687343806,-0.0296540856361389,0.0098113296553492,-0.0076709380373358,0.0035500491503626,-0.008478807285428,-0.0171289928257465,0.002499961759895,0.005304011516273,-0.0033636060543358,0.0051876055076718,-0.0359261743724346,-0.0323362029360686,-0.0445859792425497,-0.0496282645130184,-0.0556900835219685,-0.0945875996983481,-0.0890688421210321,-0.0337195318354788,-0.1269959978545646,-0.0888812512294145,-0.0977939712735466,-0.0735586779343889,-0.2656018322821977,2019-03-01,2019-03-04,2019-03-05,2019-03-06,2019-03-07,2019-03-08,2019-03-11,2019-03-12,2019-03-13,2019-03-14,17005.0,2019-02-28,252.0,-1.1453%,-0.0002,0.9508,-0.3195,0.5962,1.6131%,1.8644%,25.1453%,-0.0070909999999999,CVS,17005.0,2019-03-01,252.0,0.5188%,-0.0002,0.9534,-0.3157,0.5993,1.6129%,1.8642%,25.1376%,0.001563,CVS,17005.0,2019-03-04,252.0,-3.7330%,-0.0004,0.9607,-0.3077,0.5901,1.6281%,1.8780%,24.8430%,-0.036063,CVS,17005.0,2019-03-05,252.0,-1.7870%,-0.0005,0.9622,-0.3062,0.5969,1.6307%,1.8810%,24.8355%,-0.015864,CVS,17005.0,2019-03-06,252.0,-1.7467%,-0.0005,0.9674,-0.2792,0.6065,1.6328%,1.8821%,24.7432%,-0.0135719999999999,CVS,17005.0,2019-03-07,252.0,-3.0370%,-0.0006,0.9795,-0.2594,0.6282,1.6361%,1.8906%,25.1158%,-0.020722,CVS,17005.0,2019-03-08,252.0,1.0886%,-0.0005,0.9777,-0.2622,0.6254,1.6386%,1.8920%,24.9943%,0.014149,CVS,17005.0,2019-03-11,252.0,1.5492%,-0.0005,0.9802,-0.25,0.631,1.6376%,1.8929%,25.1525%,0.005031,CVS,17005.0,2019-03-12,252.0,1.6744%,-0.0004,0.9859,-0.2578,0.6344,1.6398%,1.8940%,25.0403%,0.014009,CVS,17005.0,2019-03-13,252.0,3.5133%,-0.0003,0.9949,-0.2692,0.6414,1.6489%,1.9073%,25.2596%,0.027006,CVS,17005.0,2019-03-14,252.0,-1.2197%,-0.0004,0.9931,-0.2614,0.6375,1.6510%,1.9075%,25.0866%,-0.01432,CVS,-0.0055279999999999,-0.0415909999999999,-0.0574549999999999,-0.091749,-0.045874
15059,C V S HEALTH CORP,CVS Says Health Says Anticipate Continued Regulatory & Legislative Action To Increase Regulation Of Premium Rates In Insured Health Care Benefits Products,6,decrease,0.7,0.6,"increased regulation of premium rates could lead to reduced profitability for cvs health corp, negatively impacting investor sentiment and stock price.",0,2019-02-28,CVS,2019-02-28 12:35:00+00:00,17005.0,12665010,-0.0114529598504304,17120951.0,0.0051876055076718,-0.0359261743724346,-0.0373301543295383,-0.0089825121685862,-0.0178699064999818,-0.0116222957149148,-0.0174672324210405,-0.0064153606072068,-0.030370358377695,-0.0291186962276697,0.0108861662447452,-0.0809959396719932,0.0154921533539891,0.0050337766297161,0.016744215041399,0.0271826889365911,0.0351326279342174,-0.0014751212438568,-0.0121972532942891,0.011640035547316,-0.0050107836723327,0.0293395351618528,0.0192446000874042,0.0013843460474163,0.0074113640002906,-0.0112547203898429,-0.0162900742143392,-0.0042404783889651,0.0220798011869192,0.0054819649085402,-0.0236933901906013,-0.003641412127763,-0.019450394436717,0.0105796139687299,0.0080072544515132,-0.0050343526527285,-0.0241920948028564,-0.0062158284708857,-0.0127659318968653,0.0064082723110914,0.0106821535155177,0.0045984527096152,0.0048210332170128,-0.0032085422426462,-0.0380143485963344,0.0072328955866396,0.0126606533303856,-0.0095295300707221,0.0115552302449941,0.0183302909135818,0.0123595474287867,-0.0091574862599372,0.0016648196615278,0.0339276902377605,-0.0079409107565879,-0.0086044939234852,0.0027922135777771,0.0028239171952009,-0.0219045914709568,-0.0244872160255909,0.0022775242105126,-0.0071417903527617,0.0266994852572679,0.0039663538336753,-0.0059018754400312,-0.007419713307172,-0.02523192204535,-0.0363344214856624,0.0017129834741353,-0.0011660375166684,0.005700156558305,0.0267884004861116,0.0101086935028433,0.0243752300739288,-0.0005664422060362,-0.0053369696252048,0.0056678489781916,0.000915830140002,0.0056359050795435,0.0050620371475815,0.0085933664813637,-0.0007663308642804,0.0072235483676195,-0.002599079394713,0.05424789711833,0.0395741499960422,-0.0104657644405961,-0.0122449388727545,-0.001233909628354,-0.0418171249330043,-0.0010589723242446,-0.0307624004781246,-0.0220848061144352,-0.0139448139816522,0.0070461286231875,-0.0159853566437959,-0.0069968281313776,-0.0165552981197834,-0.0034326761960983,-0.0203081015497446,-0.0242929682135582,-0.015167748555541,-0.0157933570444583,0.0148480627685785,-0.0033981555607169,0.0009545586071908,-0.0092820925638079,-0.010122824460268,0.0110899014398455,-0.0323887094855308,0.0022692687343806,-0.0296540856361389,0.0098113296553492,-0.0076709380373358,0.0035500491503626,-0.008478807285428,-0.0171289928257465,0.002499961759895,0.005304011516273,-0.0033636060543358,0.0051876055076718,-0.0359261743724346,-0.0323362029360686,-0.0445859792425497,-0.0496282645130184,-0.0556900835219685,-0.0945875996983481,-0.0890688421210321,-0.0337195318354788,-0.1269959978545646,-0.0888812512294145,-0.0977939712735466,-0.0735586779343889,-0.2656018322821977,2019-03-01,2019-03-04,2019-03-05,2019-03-06,2019-03-07,2019-03-08,2019-03-11,2019-03-12,2019-03-13,2019-03-14,17005.0,2019-02-28,252.0,-1.1453%,-0.0002,0.9508,-0.3195,0.5962,1.6131%,1.8644%,25.1453%,-0.0070909999999999,CVS,17005.0,2019-03-01,252.0,0.5188%,-0.0002,0.9534,-0.3157,0.5993,1.6129%,1.8642%,25.1376%,0.001563,CVS,17005.0,2019-03-04,252.0,-3.7330%,-0.0004,0.9607,-0.3077,0.5901,1.6281%,1.8780%,24.8430%,-0.036063,CVS,17005.0,2019-03-05,252.0,-1.7870%,-0.0005,0.9622,-0.3062,0.5969,1.6307%,1.8810%,24.8355%,-0.015864,CVS,17005.0,2019-03-06,252.0,-1.7467%,-0.0005,0.9674,-0.2792,0.6065,1.6328%,1.8821%,24.7432%,-0.0135719999999999,CVS,17005.0,2019-03-07,252.0,-3.0370%,-0.0006,0.9795,-0.2594,0.6282,1.6361%,1.8906%,25.1158%,-0.020722,CVS,17005.0,2019-03-08,252.0,1.0886%,-0.0005,0.9777,-0.2622,0.6254,1.6386%,1.8920%,24.9943%,0.014149,CVS,17005.0,2019-03-11,252.0,1.5492%,-0.0005,0.9802,-0.25,0.631,1.6376%,1.8929%,25.1525%,0.005031,CVS,17005.0,2019-03-12,252.0,1.6744%,-0.0004,0.9859,-0.2578,0.6344,1.6398%,1.8940%,25.0403%,0.014009,CVS,17005.0,2019-03-13,252.0,3.5133%,-0.0003,0.9949,-0.2692,0.6414,1.6489%,1.9073%,25.2596%,0.027006,CVS,17005.0,2019-03-14,252.0,-1.2197%,-0.0004,0.9931,-0.2614,0.6375,1.6510%,1.9075%,25.0866%,-0.01432,CVS,-0.0055279999999999,-0.0415909999999999,-0.0574549999999999,-0.091749,-0.045874
15067,C V S HEALTH CORP,"CVS Says Sees Significant Business Challenges And Uncertainties In 2019; Says Risks To Brand & Reputation, Aetna Acquisition, Data Governance Risk, Present Overarching Risks To Enterprise In 2019 & Beyond",6,decrease,0.8,0.7,"the announcement of significant business challenges and uncertainties, along with risks to brand and reputation, is likely to negatively impact investor confidence and lead to a decrease in stock price.",0,2019-02-28,CVS,2019-02-28 12:35:00+00:00,17005.0,12665010,-0.0114529598504304,17120951.0,0.0051876055076718,-0.0359261743724346,-0.0373301543295383,-0.0089825121685862,-0.0178699064999818,-0.0116222957149148,-0.0174672324210405,-0.0064153606072068,-0.030370358377695,-0.0291186962276697,0.0108861662447452,-0.0809959396719932,0.0154921533539891,0.0050337766297161,0.016744215041399,0.0271826889365911,0.0351326279342174,-0.0014751212438568,-0.0121972532942891,0.011640035547316,-0.0050107836723327,0.0293395351618528,0.0192446000874042,0.0013843460474163,0.0074113640002906,-0.0112547203898429,-0.0162900742143392,-0.0042404783889651,0.0220798011869192,0.0054819649085402,-0.0236933901906013,-0.003641412127763,-0.019450394436717,0.0105796139687299,0.0080072544515132,-0.0050343526527285,-0.0241920948028564,-0.0062158284708857,-0.0127659318968653,0.0064082723110914,0.0106821535155177,0.0045984527096152,0.0048210332170128,-0.0032085422426462,-0.0380143485963344,0.0072328955866396,0.0126606533303856,-0.0095295300707221,0.0115552302449941,0.0183302909135818,0.0123595474287867,-0.0091574862599372,0.0016648196615278,0.0339276902377605,-0.0079409107565879,-0.0086044939234852,0.0027922135777771,0.0028239171952009,-0.0219045914709568,-0.0244872160255909,0.0022775242105126,-0.0071417903527617,0.0266994852572679,0.0039663538336753,-0.0059018754400312,-0.007419713307172,-0.02523192204535,-0.0363344214856624,0.0017129834741353,-0.0011660375166684,0.005700156558305,0.0267884004861116,0.0101086935028433,0.0243752300739288,-0.0005664422060362,-0.0053369696252048,0.0056678489781916,0.000915830140002,0.0056359050795435,0.0050620371475815,0.0085933664813637,-0.0007663308642804,0.0072235483676195,-0.002599079394713,0.05424789711833,0.0395741499960422,-0.0104657644405961,-0.0122449388727545,-0.001233909628354,-0.0418171249330043,-0.0010589723242446,-0.0307624004781246,-0.0220848061144352,-0.0139448139816522,0.0070461286231875,-0.0159853566437959,-0.0069968281313776,-0.0165552981197834,-0.0034326761960983,-0.0203081015497446,-0.0242929682135582,-0.015167748555541,-0.0157933570444583,0.0148480627685785,-0.0033981555607169,0.0009545586071908,-0.0092820925638079,-0.010122824460268,0.0110899014398455,-0.0323887094855308,0.0022692687343806,-0.0296540856361389,0.0098113296553492,-0.0076709380373358,0.0035500491503626,-0.008478807285428,-0.0171289928257465,0.002499961759895,0.005304011516273,-0.0033636060543358,0.0051876055076718,-0.0359261743724346,-0.0323362029360686,-0.0445859792425497,-0.0496282645130184,-0.0556900835219685,-0.0945875996983481,-0.0890688421210321,-0.0337195318354788,-0.1269959978545646,-0.0888812512294145,-0.0977939712735466,-0.0735586779343889,-0.2656018322821977,2019-03-01,2019-03-04,2019-03-05,2019-03-06,2019-03-07,2019-03-08,2019-03-11,2019-03-12,2019-03-13,2019-03-14,17005.0,2019-02-28,252.0,-1.1453%,-0.0002,0.9508,-0.3195,0.5962,1.6131%,1.8644%,25.1453%,-0.0070909999999999,CVS,17005.0,2019-03-01,252.0,0.5188%,-0.0002,0.9534,-0.3157,0.5993,1.6129%,1.8642%,25.1376%,0.001563,CVS,17005.0,2019-03-04,252.0,-3.7330%,-0.0004,0.9607,-0.3077,0.5901,1.6281%,1.8780%,24.8430%,-0.036063,CVS,17005.0,2019-03-05,252.0,-1.7870%,-0.0005,0.9622,-0.3062,0.5969,1.6307%,1.8810%,24.8355%,-0.015864,CVS,17005.0,2019-03-06,252.0,-1.7467%,-0.0005,0.9674,-0.2792,0.6065,1.6328%,1.8821%,24.7432%,-0.0135719999999999,CVS,17005.0,2019-03-07,252.0,-3.0370%,-0.0006,0.9795,-0.2594,0.6282,1.6361%,1.8906%,25.1158%,-0.020722,CVS,17005.0,2019-03-08,252.0,1.0886%,-0.0005,0.9777,-0.2622,0.6254,1.6386%,1.8920%,24.9943%,0.014149,CVS,17005.0,2019-03-11,252.0,1.5492%,-0.0005,0.9802,-0.25,0.631,1.6376%,1.8929%,25.1525%,0.005031,CVS,17005.0,2019-03-12,252.0,1.6744%,-0.0004,0.9859,-0.2578,0.6344,1.6398%,1.8940%,25.0403%,0.014009,CVS,17005.0,2019-03-13,252.0,3.5133%,-0.0003,0.9949,-0.2692,0.6414,1.6489%,1.9073%,25.2596%,0.027006,CVS,17005.0,2019-03-14,252.0,-1.2197%,-0.0004,0.9931,-0.2614,0.6375,1.6510%,1.9075%,25.0866%,-0.01432,CVS,-0.0055279999999999,-0.0415909999999999,-0.0574549999999999,-0.091749,-0.045874
15075,CURTISS WRIGHT CORP,"Baird Maintains Outperform on Curtiss-Wright, Raises Price Target to $140",6,increase,0.8,0.6,maintaining an 'outperform' rating and raising the price target typically signals positive sentiment and potential for stock price appreciation.,2,2019-02-28,CW,2019-02-28 13:38:00+00:00,18091.0,23156110,-0.0078062224201858,358989.0,-0.0056777074933052,0.0424497090280056,-0.0123174367472529,-0.0198980905115604,-0.0056161237880587,0.0016472127754241,-0.0245847105979919,0.0038029025308787,-0.0131982546299696,-0.0018978740554302,-0.0113901086151599,0.0092438422143459,-0.0024439101107418,-0.0004161776741966,8.751540735829622e-05,0.0170165468007326,0.0063866642303764,0.0011866366257891,-0.0034773671068251,0.0039996700361371,-0.0207624305039644,0.0150298485532403,0.025567952543497,-0.0054978695698082,-0.0095552997663617,0.0060496465303003,0.0130679309368133,-0.0038740062154829,0.0067526511847972,-8.603346213931218e-05,-0.0292372647672891,0.0176068190485239,-0.0038090203888714,0.0102655189111828,-0.0045349649153649,-0.004580661188811,0.0062528187409043,-0.0014953451463952,0.005511135328561,0.0082476083189249,0.001944780582562,0.0042750565335154,-0.0070583680644631,0.0019632449839264,-0.0047983019612729,0.0143930148333311,-0.017589297145605,0.0071109379641711,0.0222666971385479,0.0090148411691188,0.0035561334807425,-0.0294616818428039,0.0029234748799353,0.0101001244038343,-0.0224361885339021,0.0184607114642858,-0.0046082455664873,0.0082414979115128,0.0153412744402885,0.0152298118919134,0.0029503963887691,-0.0100511331111192,0.0013371503446251,-9.307776053901762e-05,0.0032938227523118,0.0201253350824117,-0.0192546434700489,0.0060165910981595,0.0168280154466629,0.0213617105036974,-0.0020464074332267,-0.0035961002577096,0.0223786942660808,0.0345902703702449,-0.0047963322140276,-0.0346534624695777,-0.0051700309850275,0.0088131008669734,0.0105699338018894,0.0151093862950801,0.0031377405393868,-0.0079874284565448,-0.0099921273067593,0.0198109522461891,0.003247280139476,0.0235718060284853,0.00227453536354,-0.0190831925719976,0.011172198690474,-0.0099960016086697,-0.0002589450159575,-0.0149664897471666,-0.0217578709125518,-0.0218627005815506,0.0004412658454384,0.0227541886270046,0.0025584553368389,-0.0176117643713951,0.0127595644444227,-0.0082533648237586,-0.0502215549349784,-0.0135378241539001,0.0325679741799831,0.0317444838583469,0.0108974548056721,-0.0072723748162388,0.030674846842885,-0.0043445122428238,-0.0126700503751635,-0.0132418731227517,-0.0078374268487095,-0.025348151102662,0.0215278081595897,-0.0265726894140243,-0.0059483083896338,0.0021738936193287,-0.0106001496315002,0.0177929401397705,-0.004147189669311,9.207822586176916e-05,-0.0056777074933052,0.0424497090280056,-0.0179252094376399,0.0217069503640165,-0.02344066303057,0.0233899191053958,-0.0600211011473278,0.0253321197976248,-0.0702409252032816,0.0574419188922923,-0.0915797659914676,0.1681865111296185,-0.0638844922390144,0.1456756948776965,2019-03-01,2019-03-04,2019-03-05,2019-03-06,2019-03-07,2019-03-08,2019-03-11,2019-03-12,2019-03-13,2019-03-14,18091.0,2019-02-28,252.0,-0.7806%,-0.0004,1.0733,0.3681,0.1976,1.1179%,1.5715%,49.4011%,-0.0041789999999999,CW,18091.0,2019-03-01,252.0,-0.5678%,-0.0005,1.0723,0.3666,0.2022,1.1209%,1.5703%,49.0527%,-0.013773,CW,18091.0,2019-03-04,252.0,-1.2317%,-0.0004,1.0602,0.412,0.2042,1.1079%,1.5552%,49.2507%,-0.006154,CW,18091.0,2019-03-05,252.0,-0.5616%,-0.0004,1.0592,0.4031,0.2041,1.1074%,1.5520%,49.0892%,-0.002137,CW,18091.0,2019-03-06,252.0,-2.4585%,-0.0005,1.0618,0.4258,0.2101,1.1090%,1.5573%,49.2839%,-0.010781,CW,18091.0,2019-03-07,252.0,-1.3198%,-0.0005,1.0627,0.4244,0.211,1.1091%,1.5584%,49.3445%,-0.00359,CW,18091.0,2019-03-08,252.0,-1.1390%,-0.0005,1.0639,0.4246,0.2128,1.1104%,1.5598%,49.3200%,-0.0089959999999999,CW,18091.0,2019-03-11,252.0,-0.2444%,-0.0006,1.0544,0.418,0.2139,1.1163%,1.5598%,48.7818%,-0.018807,CW,18091.0,2019-03-12,252.0,0.0088%,-0.0007,1.0418,0.421,0.2008,1.1124%,1.5465%,48.2628%,-0.001297,CW,18091.0,2019-03-13,252.0,0.6387%,-0.0006,1.0416,0.4338,0.2036,1.1070%,1.5437%,48.5735%,0.000399,CW,18091.0,2019-03-14,252.0,-0.3477%,-0.0006,1.0418,0.434,0.2035,1.1070%,1.5434%,48.5536%,-0.001358,CW,-0.017952,-0.024106,-0.026243,-0.040614,-0.070673
15083,DUCOMMUN INC DE,"Ducommun Q4 EPS $0.44 Beats $0.34 Estimate, Sales $164.183M Beat $156.48M Estimate",6,increase,0.8,0.7,"the company reported better-than-expected earnings and sales, which typically leads to positive investor sentiment and an increase in stock price.",2,2019-02-28,DCO,2019-02-28 22:46:00+00:00,63132.0,26414710,0.0090368865057826,39582.0,0.0905020087957382,-0.0084885787218809,-0.0209639333188533,-0.0137209333479404,0.0015452471561729,0.0230787824839353,-0.0019836931023746,0.0009525386849418,-0.0041960827074944,0.0071960436180233,0.0066533428616821,-0.016281321644783,0.0024234547745436,0.0,-0.0129670361056923,0.0229302626103162,-0.0060120341368019,0.0144466245546937,-0.0374103523790836,-0.0024425617884844,0.0114032542333006,0.0189148411154747,0.0174873936921358,0.0080280909314751,-0.0085934204980731,0.0068199154920876,0.0125456033274531,-0.0075206630863249,0.0121649224311113,-0.0054849470034241,-0.0340529456734657,0.0067771198228001,0.0110598970204591,0.0101420264691114,-0.0027347935829311,0.0017779958434402,-0.005941460840404,0.0005082708667032,0.0068965340033173,-0.0068147517740726,-0.0063926661387085,0.0055836904793977,0.0103400908410549,0.0022894975263625,0.0088696694001555,0.0136669054627418,0.0087916906923055,0.0205262843519449,-0.0035754155833274,0.017947981134057,0.0004485413373913,-0.0106015829369425,-0.021295690909028,0.0205571632832288,-0.0176362916827201,0.0076315780170261,-0.0018651904538273,0.0010913260048255,0.0044381832703948,0.0043847584165632,0.0004651269118767,-0.0164419636130332,-0.0072059826925396,-0.0037594842724502,-0.0573636330664157,0.0127821927890181,-0.030799750238657,0.0123898889869451,0.0207586195319891,0.0008266403456218,-0.0183279775083065,0.001656124019064,0.0265984907746315,0.0375143587589263,-0.0174389835447073,-0.0417124181985855,0.0172413885593414,0.0033039352856576,0.0054835798218846,0.0271492954343557,0.0163609273731708,0.0158000346273183,-0.0102438582107424,-0.0107984449714422,-0.0152785293757915,0.0402009077370166,0.0042543038725852,-0.0292681977152824,0.0503364168107509,-0.0051384614780545,0.0097271613776683,-0.0280244760215282,0.1315789073705673,-0.0115194236859679,0.0234634783118963,0.0041310302913188,-0.0123757477849721,-0.044473648071289,0.0108874030411243,-0.0096429223194718,-0.0128022199496626,-0.0169100649654865,0.0061753648333251,0.0284584444016218,0.0429623238742351,0.0066312993876636,-0.0119654890149831,0.0053333537653088,-0.0017867808928713,-0.0013315376127138,0.0103420941159129,0.0045478376559913,0.0196850392967462,-0.0631579011678695,-0.0362934581935405,0.0170788168907165,-0.0306490156799554,0.0005100856651552,-0.0035130847245454,-0.0110971610993146,0.0905020087957382,-0.0084885787218809,0.0676407973992687,-0.0220930408469597,0.0692905663052643,0.0004758611528599,0.0626914908268945,0.0086351788213137,0.0127268702278675,0.0271128642217992,0.013433884587013,0.1523704389470346,0.1364600710626347,0.0605295754550869,2019-03-01,2019-03-04,2019-03-05,2019-03-06,2019-03-07,2019-03-08,2019-03-11,2019-03-12,2019-03-13,2019-03-14,63132.0,2019-02-28,252.0,0.9037%,0.0016,1.0072,0.7604,0.2302,2.0151%,2.2918%,22.6940%,0.01254,DCO,63132.0,2019-03-01,252.0,9.0502%,0.0019,1.0249,0.7868,0.2204,2.0773%,2.3571%,22.3326%,0.081876,DCO,63132.0,2019-03-04,252.0,-2.0964%,0.0018,1.0358,0.7646,0.2144,2.0760%,2.3599%,22.6122%,-0.013437,DCO,63132.0,2019-03-05,252.0,0.1545%,0.0018,1.0348,0.7598,0.2122,2.0761%,2.3577%,22.4557%,0.006101,DCO,63132.0,2019-03-06,252.0,-0.1984%,0.0018,1.024,0.7346,0.1965,2.0772%,2.3552%,22.2105%,0.016106,DCO,63132.0,2019-03-07,252.0,-0.4196%,0.0019,1.027,0.7565,0.2068,2.0739%,2.3547%,22.4267%,0.005273,DCO,63132.0,2019-03-08,252.0,0.6653%,0.0018,1.0279,0.7264,0.2098,2.0672%,2.3458%,22.3424%,0.008796,DCO,63132.0,2019-03-11,252.0,0.2423%,0.0018,1.0195,0.7185,0.2096,2.0697%,2.3457%,22.1514%,-0.014507,DCO,63132.0,2019-03-12,252.0,-1.2967%,0.0017,1.024,0.7244,0.2172,2.0715%,2.3469%,22.0920%,-0.013426,DCO,63132.0,2019-03-13,252.0,-0.6012%,0.0017,1.0196,0.7352,0.215,2.0725%,2.3472%,22.0346%,-0.010921,DCO,63132.0,2019-03-14,252.0,-3.7410%,0.0016,1.0178,0.7537,0.2057,2.0847%,2.3598%,21.9514%,-0.0341109999999999,DCO,0.094416,0.080979,0.0870799999999999,0.1084589999999999,0.0442899999999999
15091,3 D SYSTEMS CORP DEL,"3D Systems Q4 Adj. EPS $0.10 Beats $0.07 Estimate, Sales $180.712M Miss $180.8M Estimate",6,uncertain,0.6,0.2,"while the adjusted eps beat estimates, the sales miss could create mixed reactions among investors, leading to uncertainty in the stock price movement.",1,2019-02-28,DDD,2019-02-28 21:54:00+00:00,78664.0,88554D20,-0.0077301235869526,3147623.0,-0.1402266025543213,0.0042342599481344,-0.0477759391069412,0.005677780136466,0.0095155406743288,0.0180635843425989,-0.0291345454752445,0.0036258297041058,-0.0379523672163486,-0.0157030876725912,0.0027523566968739,0.0137482304126024,0.0210429579019546,0.01023387350142,0.0107526779174804,0.0178571976721286,0.0079787373542785,0.0037340729031711,-0.0114336069673299,0.0022455605212599,0.0008897000807337,0.0284834410995245,0.0062221949920058,0.0204242132604122,-0.0017667406937107,0.0167730897665023,-0.006194747518748,-0.033204585313797,0.0142476232722401,0.0180817246437072,-0.0430202558636665,-0.0062499940395355,-0.017431154847145,0.0240000151097774,0.0056022801436483,-0.0203761924058198,-0.012070576660335,0.0331983678042888,0.0018796526128426,0.0065199611708521,0.0093808993697166,0.0632582753896713,0.0176579523831605,0.0026064058765769,-0.0027397016528993,0.036003652960062,0.0274725444614887,0.0277520101517438,-0.0106951771304011,-0.0055197300389409,0.0009008355555124,-0.0406001806259155,-0.0072007132694125,0.0089047541841864,-0.0108794094994664,0.0062723741866648,0.0,-0.0219106059521436,-0.0054994928650557,0.0363305732607841,0.001843272242695,-0.0143240690231323,0.0018399684922769,0.0017937631346285,0.0174471605569124,0.001796900643967,-0.0072202095761895,0.0201650112867355,-0.0099999690428376,0.0064575364813208,-0.0064279749058187,0.0524271801114082,0.0268022157251834,0.038306463509798,-0.0072007132694125,-0.0507176779210567,-0.0172257106751203,0.0275319311767816,0.0,0.0069306627847254,-0.0083025973290205,0.0100000379607081,-0.0102325258776545,-0.0069513106718659,-0.0009398711263202,0.0338808968663215,0.0047036865726113,0.0295982807874679,0.0440074242651462,-0.049246210604906,-0.0089685590937733,-0.0441882833838462,-0.041628960520029,0.0009615605231374,-0.187913104891777,-0.0028763839509338,-0.0232559014111757,-0.0188146568834781,0.0369048118591308,-0.0432042814791202,-0.0516647323966026,-0.0397580005228519,0.0290556624531745,0.0149122877046465,0.0247058868408203,-0.0086956853047013,0.0080367047339677,-0.0060501033440232,-0.0011388696730136,-0.0500821508467197,-0.0319271013140678,0.0107883913442492,0.0282685253769159,-0.0474307872354984,-0.0114546883851289,0.0218093302100896,-0.0393974669277668,-0.0080127753317356,0.0096501717343926,-0.0023981363046914,-0.1402266025543213,0.0042342599481344,-0.181303084036454,0.0099360812816267,-0.1735127402326552,0.0281791468664911,-0.2280453512700614,0.0157030209219941,-0.2039660203151407,0.065119755742715,-0.2315863746929134,0.292461332741263,-0.4072238062733956,0.1374899535411284,2019-03-01,2019-03-04,2019-03-05,2019-03-06,2019-03-07,2019-03-08,2019-03-11,2019-03-12,2019-03-13,2019-03-14,78664.0,2019-02-28,252.0,-0.7730%,0.0019,1.1597,2.1848,0.3983,4.0216%,4.3347%,13.9257%,-0.003663,DDD,78664.0,2019-03-01,252.0,-14.0227%,0.0015,1.1024,2.0993,0.3814,4.1308%,4.4087%,12.2128%,-0.153409,DDD,78664.0,2019-03-04,252.0,-4.7776%,0.0008,1.164,1.9278,0.358,4.0640%,4.3441%,12.4816%,-0.035224,DDD,78664.0,2019-03-05,252.0,0.9516%,0.0007,1.1522,1.8477,0.3432,4.0578%,4.3233%,11.9071%,0.01824,DDD,78664.0,2019-03-06,252.0,-2.9135%,0.0004,1.1032,1.8829,0.2926,4.0180%,4.2856%,12.0968%,0.003598,DDD,78664.0,2019-03-07,252.0,-3.7952%,0.0004,1.1231,1.9275,0.3317,4.0170%,4.2917%,12.3888%,-0.026713,DDD,78664.0,2019-03-08,252.0,0.2752%,0.0006,1.1189,1.9867,0.3219,4.0028%,4.2846%,12.7190%,0.004733,DDD,78664.0,2019-03-11,252.0,2.1043%,0.0006,1.1174,1.9991,0.3297,4.0018%,4.2862%,12.8302%,-0.001196,DDD,78664.0,2019-03-12,252.0,1.0753%,0.0007,1.1311,1.9903,0.3418,4.0016%,4.2867%,12.8608%,0.013731,DDD,78664.0,2019-03-13,252.0,0.7979%,0.0008,1.1325,1.9991,0.3454,4.0007%,4.2868%,12.9029%,0.006293,DDD,78664.0,2019-03-14,252.0,-1.1434%,0.0007,1.1346,1.9999,0.345,4.0004%,4.2874%,12.9413%,-0.003231,DDD,-0.157072,-0.192296,-0.174056,-0.1971709999999999,-0.176841
15099,3 D SYSTEMS CORP DEL,Q4 Earnings Preview For 3D Systems,6,uncertain,0.5,0.5,"the earnings preview could lead to either an increase or decrease in stock price depending on whether the actual earnings meet, exceed, or fall short of market expectations.",1,2019-02-28,DDD,2019-02-28 14:10:00+00:00,78664.0,88554D20,-0.0077301235869526,3147623.0,-0.1402266025543213,0.0042342599481344,-0.0477759391069412,0.005677780136466,0.0095155406743288,0.0180635843425989,-0.0291345454752445,0.0036258297041058,-0.0379523672163486,-0.0157030876725912,0.0027523566968739,0.0137482304126024,0.0210429579019546,0.01023387350142,0.0107526779174804,0.0178571976721286,0.0079787373542785,0.0037340729031711,-0.0114336069673299,0.0022455605212599,0.0008897000807337,0.0284834410995245,0.0062221949920058,0.0204242132604122,-0.0017667406937107,0.0167730897665023,-0.006194747518748,-0.033204585313797,0.0142476232722401,0.0180817246437072,-0.0430202558636665,-0.0062499940395355,-0.017431154847145,0.0240000151097774,0.0056022801436483,-0.0203761924058198,-0.012070576660335,0.0331983678042888,0.0018796526128426,0.0065199611708521,0.0093808993697166,0.0632582753896713,0.0176579523831605,0.0026064058765769,-0.0027397016528993,0.036003652960062,0.0274725444614887,0.0277520101517438,-0.0106951771304011,-0.0055197300389409,0.0009008355555124,-0.0406001806259155,-0.0072007132694125,0.0089047541841864,-0.0108794094994664,0.0062723741866648,0.0,-0.0219106059521436,-0.0054994928650557,0.0363305732607841,0.001843272242695,-0.0143240690231323,0.0018399684922769,0.0017937631346285,0.0174471605569124,0.001796900643967,-0.0072202095761895,0.0201650112867355,-0.0099999690428376,0.0064575364813208,-0.0064279749058187,0.0524271801114082,0.0268022157251834,0.038306463509798,-0.0072007132694125,-0.0507176779210567,-0.0172257106751203,0.0275319311767816,0.0,0.0069306627847254,-0.0083025973290205,0.0100000379607081,-0.0102325258776545,-0.0069513106718659,-0.0009398711263202,0.0338808968663215,0.0047036865726113,0.0295982807874679,0.0440074242651462,-0.049246210604906,-0.0089685590937733,-0.0441882833838462,-0.041628960520029,0.0009615605231374,-0.187913104891777,-0.0028763839509338,-0.0232559014111757,-0.0188146568834781,0.0369048118591308,-0.0432042814791202,-0.0516647323966026,-0.0397580005228519,0.0290556624531745,0.0149122877046465,0.0247058868408203,-0.0086956853047013,0.0080367047339677,-0.0060501033440232,-0.0011388696730136,-0.0500821508467197,-0.0319271013140678,0.0107883913442492,0.0282685253769159,-0.0474307872354984,-0.0114546883851289,0.0218093302100896,-0.0393974669277668,-0.0080127753317356,0.0096501717343926,-0.0023981363046914,-0.1402266025543213,0.0042342599481344,-0.181303084036454,0.0099360812816267,-0.1735127402326552,0.0281791468664911,-0.2280453512700614,0.0157030209219941,-0.2039660203151407,0.065119755742715,-0.2315863746929134,0.292461332741263,-0.4072238062733956,0.1374899535411284,2019-03-01,2019-03-04,2019-03-05,2019-03-06,2019-03-07,2019-03-08,2019-03-11,2019-03-12,2019-03-13,2019-03-14,78664.0,2019-02-28,252.0,-0.7730%,0.0019,1.1597,2.1848,0.3983,4.0216%,4.3347%,13.9257%,-0.003663,DDD,78664.0,2019-03-01,252.0,-14.0227%,0.0015,1.1024,2.0993,0.3814,4.1308%,4.4087%,12.2128%,-0.153409,DDD,78664.0,2019-03-04,252.0,-4.7776%,0.0008,1.164,1.9278,0.358,4.0640%,4.3441%,12.4816%,-0.035224,DDD,78664.0,2019-03-05,252.0,0.9516%,0.0007,1.1522,1.8477,0.3432,4.0578%,4.3233%,11.9071%,0.01824,DDD,78664.0,2019-03-06,252.0,-2.9135%,0.0004,1.1032,1.8829,0.2926,4.0180%,4.2856%,12.0968%,0.003598,DDD,78664.0,2019-03-07,252.0,-3.7952%,0.0004,1.1231,1.9275,0.3317,4.0170%,4.2917%,12.3888%,-0.026713,DDD,78664.0,2019-03-08,252.0,0.2752%,0.0006,1.1189,1.9867,0.3219,4.0028%,4.2846%,12.7190%,0.004733,DDD,78664.0,2019-03-11,252.0,2.1043%,0.0006,1.1174,1.9991,0.3297,4.0018%,4.2862%,12.8302%,-0.001196,DDD,78664.0,2019-03-12,252.0,1.0753%,0.0007,1.1311,1.9903,0.3418,4.0016%,4.2867%,12.8608%,0.013731,DDD,78664.0,2019-03-13,252.0,0.7979%,0.0008,1.1325,1.9991,0.3454,4.0007%,4.2868%,12.9029%,0.006293,DDD,78664.0,2019-03-14,252.0,-1.1434%,0.0007,1.1346,1.9999,0.345,4.0004%,4.2874%,12.9413%,-0.003231,DDD,-0.157072,-0.192296,-0.174056,-0.1971709999999999,-0.176841
15107,DIGITAL ALLY INC NEW,Digital Ally Announces  Patent Office as Denied Taser's Request To Reconsider Its IPR Loss In Patent Case Against Digital Ally,6,increase,0.8,0.6,"the denial of taser's request to reconsider its ipr loss suggests a favorable outcome for digital ally, which may boost investor confidence and positively impact the stock price.",2,2019-02-28,DGLY,2019-02-28 12:42:00+00:00,92521.0,25382T20,0.0434782169759273,188697.0,0.166666641831398,-0.0142857003957033,0.15476194024086,0.0233917906880378,-0.039175271987915,0.0088495491072535,-0.0321887619793415,-0.0087719215080142,-0.0798226445913314,0.0029325485229492,-0.0048192725516855,-0.0087209213525056,-0.0145278312265873,0.0058479476720094,-0.015970529988408,-0.0393258072435855,0.0062422207556664,0.0409356318414211,-0.0570720210671424,0.0029325485229492,-0.015789458528161,0.0118694957345724,0.0133689707145094,-0.0288184843957424,-0.0527704618871212,0.02967363409698,0.0612813457846641,-0.0343839898705482,0.0078740082681179,0.0264705624431371,-0.0546874478459358,-0.0285714007914066,0.0385674536228179,-0.076517142355442,-0.0079575525596737,0.1347305625677109,-0.0029946393333375,-0.0374640114605426,0.0003218088240828,-0.0844326987862587,-0.002680962672457,0.1179940551519394,0.0268816947937011,0.0626293048262596,0.0235602501779794,0.2199617922306061,-0.0204603988677263,-0.0314814932644367,0.0391645170748233,-0.0181818008422851,0.0125628616660833,-0.0036231849808245,0.0521090701222419,-0.0580205023288726,0.044811338186264,-0.0167785082012414,-0.042889405041933,-0.01973682269454,0.0229953601956367,-0.0193548202514648,-0.0040345643647015,0.0402684174478054,0.0138888750225305,0.0033670000266283,-0.0136986169964075,-0.0066889566369354,-0.0208333674818277,0.0274913813918829,-0.016548503190279,0.0,-0.0072114747017621,-0.0068259318359196,-0.0072639728896319,0.0068728453479707,-0.0048780441284179,0.0069204084575176,0.03921565040946,0.0783582180738449,0.0141510432586073,-0.0530034862458705,0.0162789989262819,0.0366300009191036,0.1052631661295891,0.0111111002042889,-0.0931676626205444,0.0266159437596797,0.0799086540937423,-0.0539567843079567,-0.0232558418065309,-0.0479452386498451,0.0173160005360841,0.2640693187713623,0.0106383385136723,-0.0170212611556053,-0.0084210447967052,-0.0711462721228599,0.0424628034234046,-0.0416667163372039,-0.0325865261256694,0.0560000427067279,-0.0357894897460937,-0.0494296997785568,-0.2423580586910248,-0.0573476180434227,-0.0778097957372665,0.0035971188917756,-0.025000050663948,-0.0071428506635129,-0.0096153756603598,0.0071942377835512,-0.0258899442851543,-0.0106761464849114,0.0,-0.027681715786457,-0.0099667683243751,0.0284698083996772,-0.0033557014539837,-0.0209059044718742,0.0067340000532567,-0.0103448992595076,0.166666641831398,-0.0142857003957033,0.3472222349355136,0.0087719221788462,0.294444437453748,0.0176990988421865,0.1527778306079175,0.0117301948388897,0.0555555651444319,0.0117301933093258,0.2048611645952309,0.112903286635225,-0.1694444237178153,0.1896551436046707,2019-03-01,2019-03-04,2019-03-05,2019-03-06,2019-03-07,2019-03-08,2019-03-11,2019-03-12,2019-03-13,2019-03-14,92521.0,2019-02-28,252.0,4.3478%,0.0029,0.2231,0.4414,0.8677,4.7991%,4.8222%,0.9549%,0.046164,DGLY,92521.0,2019-03-01,252.0,16.6667%,0.0034,0.2853,0.5342,0.8881,4.9008%,4.9259%,1.0165%,0.167161,DGLY,92521.0,2019-03-04,252.0,15.4762%,0.0039,0.2737,0.4364,0.9221,4.9917%,5.0166%,0.9927%,0.154829,DGLY,92521.0,2019-03-05,252.0,-3.9175%,0.0039,0.2861,0.5066,0.9453,4.9950%,5.0219%,1.0654%,-0.035234,DGLY,92521.0,2019-03-06,252.0,-3.2189%,0.0039,0.3118,0.5514,0.9805,4.9951%,5.0248%,1.1772%,-0.02387,DGLY,92521.0,2019-03-07,252.0,-7.9823%,0.0036,0.35,0.586,1.041,5.0185%,5.0522%,1.3290%,-0.073734,DGLY,92521.0,2019-03-08,252.0,-0.4819%,0.0036,0.3506,0.5902,1.0418,5.0186%,5.0524%,1.3336%,-0.002663,DGLY,92521.0,2019-03-11,252.0,-1.4528%,0.0036,0.3401,0.5827,1.0429,5.0201%,5.0536%,1.3182%,-0.016549,DGLY,92521.0,2019-03-12,252.0,-1.5971%,0.0034,0.3136,0.5965,1.0182,5.0180%,5.0496%,1.2498%,-0.014445,DGLY,92521.0,2019-03-13,252.0,0.6242%,0.0035,0.3134,0.6143,1.0223,5.0156%,5.0477%,1.2682%,0.005114,DGLY,92521.0,2019-03-14,252.0,-5.7072%,0.0029,0.3314,0.6344,1.0122,5.0069%,5.0392%,1.2809%,-0.057397,DGLY,0.213325,0.368154,0.33292,0.2353159999999999,0.1493759999999999
15115,SPDR DOW JONES IND AVG ETF TRUST,2018 US GDP Growth Highest Since 2005,6,increase,0.8,0.7,"higher gdp growth typically indicates a stronger economy, which can lead to increased investor confidence and higher stock prices, including for etfs like spdr dow jones ind avg etf trust.",2,2019-02-28,DIA,2019-02-28 15:46:00+00:00,85765.0,78467X10,-0.0022703518625348,2772931.0,0.004396847449243,-0.0025716335512697,-0.0082175508141517,-0.0013415849534794,-0.0003484448534436,0.0027674259617924,-0.0051125423051416,0.0063436143100261,-0.0080196112394332,-0.0037379623390734,-0.0003924133488908,0.0026660580188035,0.0080483807250857,0.0006186107057146,-0.0035052543971687,0.0164131131023168,0.005823518615216,-0.0025019522290676,0.0007383036427199,0.004989605396986,0.0052210441790521,0.0143061941489577,0.0025160405784845,-0.0015120359603315,-0.0004246702883392,-0.0023024477995932,-0.0061418274417519,-0.0077598821371793,0.0089003769680857,-0.0003544321807567,-0.0177979040890932,0.006499680224806,0.0004314426041673,0.0073459423147141,0.0054494221694767,0.0014393116580322,-0.0013647590531036,-0.0002398175711277,0.003787440015003,0.0181921198964119,0.0079742427915334,0.0024887826293706,0.0125805959105491,-0.009256612509489,-0.002667831024155,0.0078217219561338,0.0011845984263345,-0.0010174182243645,0.0067938882857561,0.0070491852238774,0.0014406129484996,-0.0123456912115216,-0.0035584585275501,0.0140436831861734,-0.0064964345656335,0.0080211795866489,0.000344141095411,0.0050698188133537,-0.0007645726436749,0.0071147438138723,0.0102142831310629,-0.003918636124581,-0.0009846243774518,-0.0004999796510674,0.0027292415034025,0.0045203492045402,0.0,0.0042030937038362,0.0044893538579344,0.0108769442886114,-0.001845120685175,0.0046098763123154,0.0053193634375929,0.0333450846374034,-0.0021014618687331,-0.0284538883715868,-0.0052271909080445,0.0006861220463179,0.0030620254110544,0.0118014635518193,0.0003768979513552,-0.0033728219568729,0.001318588387221,0.0111494371667504,-0.0061703398823738,0.0486474111676216,-0.0048078326508402,-0.0267302878201007,0.0079503813758492,-0.0182797983288765,-0.0026418545749038,-0.0194070730358362,-0.017974043264985,-0.0165992695838213,0.0005395139451138,0.0039335447363555,-0.0046984562650322,-0.0206693951040506,0.0057267099618911,-0.0196938570588827,-0.0248153731226921,0.0015861371066421,0.0092318477109074,0.0067559643648564,0.0043392200022935,-0.0019615502096712,0.0087186284363269,0.001637301640585,-0.0041531147435307,-0.0216642785817384,-0.0029909454751759,-0.0040282155387103,0.0081816166639328,-0.0309203211218118,-0.0045213238336145,0.0126023115590214,-0.0110248895362019,0.0075712692923843,0.0053383600898087,-0.0009848723420873,0.004396847449243,-0.0025716335512697,-0.0038568346822449,-0.003909768439871,-0.004203935641493,-0.0011531624727636,-0.0172400542198909,0.0014257999107438,-0.0067108539458282,0.0237349952092906,0.0103019380512492,0.0912975188397222,-0.0070412073310847,0.0300636366046245,2019-03-01,2019-03-04,2019-03-05,2019-03-06,2019-03-07,2019-03-08,2019-03-11,2019-03-12,2019-03-13,2019-03-14,85765.0,2019-02-28,252.0,-0.2270%,0.0001,1.0143,-0.2634,0.1251,0.2398%,1.0646%,94.9276%,0.00114,DIA,85765.0,2019-03-01,252.0,0.4397%,0.0001,1.0112,-0.268,0.1211,0.2384%,1.0606%,94.9492%,-0.001732,DIA,85765.0,2019-03-04,252.0,-0.8218%,0.0001,1.0106,-0.262,0.1203,0.2398%,1.0565%,94.8496%,-0.004594,DIA,85765.0,2019-03-05,252.0,-0.0348%,0.0002,1.0119,-0.2515,0.121,0.2365%,1.0563%,94.9855%,0.000756,DIA,85765.0,2019-03-06,252.0,-0.5113%,0.0001,1.0109,-0.2505,0.1199,0.2362%,1.0532%,94.9708%,8e-05,DIA,85765.0,2019-03-07,252.0,-0.8020%,0.0002,1.0113,-0.2478,0.1213,0.2358%,1.0545%,95.0017%,0.0004,DIA,85765.0,2019-03-08,252.0,-0.0392%,0.0002,1.011,-0.2464,0.1206,0.2359%,1.0543%,94.9920%,0.002073,DIA,85765.0,2019-03-11,252.0,0.8048%,0.0001,1.008,-0.2495,0.1204,0.2387%,1.0552%,94.8841%,-0.005591,DIA,85765.0,2019-03-12,252.0,-0.3505%,0.0001,1.0079,-0.2464,0.1216,0.2425%,1.0496%,94.6612%,-0.0067179999999999,DIA,85765.0,2019-03-13,252.0,0.5824%,0.0001,1.0071,-0.2421,0.1217,0.2413%,1.0494%,94.7108%,-0.002006,DIA,85765.0,2019-03-14,252.0,0.0738%,0.0001,1.007,-0.2422,0.1217,0.2413%,1.0485%,94.7012%,0.000298,DIA,-0.000592,-0.005186,-0.00443,-0.0039499999999999,-0.015894
15123,SPDR DOW JONES IND AVG ETF TRUST,"A Peek Into The Markets: US Stock Futures Down Ahead Of GDP Data, Fed Speakers",6,decrease,0.7,0.6,"us stock futures being down typically indicates a bearish sentiment in the market, which could lead to a decrease in the spdr dow jones ind avg etf trust's stock price.",0,2019-02-28,DIA,2019-02-28 12:32:00+00:00,85765.0,78467X10,-0.0022703518625348,2772931.0,0.004396847449243,-0.0025716335512697,-0.0082175508141517,-0.0013415849534794,-0.0003484448534436,0.0027674259617924,-0.0051125423051416,0.0063436143100261,-0.0080196112394332,-0.0037379623390734,-0.0003924133488908,0.0026660580188035,0.0080483807250857,0.0006186107057146,-0.0035052543971687,0.0164131131023168,0.005823518615216,-0.0025019522290676,0.0007383036427199,0.004989605396986,0.0052210441790521,0.0143061941489577,0.0025160405784845,-0.0015120359603315,-0.0004246702883392,-0.0023024477995932,-0.0061418274417519,-0.0077598821371793,0.0089003769680857,-0.0003544321807567,-0.0177979040890932,0.006499680224806,0.0004314426041673,0.0073459423147141,0.0054494221694767,0.0014393116580322,-0.0013647590531036,-0.0002398175711277,0.003787440015003,0.0181921198964119,0.0079742427915334,0.0024887826293706,0.0125805959105491,-0.009256612509489,-0.002667831024155,0.0078217219561338,0.0011845984263345,-0.0010174182243645,0.0067938882857561,0.0070491852238774,0.0014406129484996,-0.0123456912115216,-0.0035584585275501,0.0140436831861734,-0.0064964345656335,0.0080211795866489,0.000344141095411,0.0050698188133537,-0.0007645726436749,0.0071147438138723,0.0102142831310629,-0.003918636124581,-0.0009846243774518,-0.0004999796510674,0.0027292415034025,0.0045203492045402,0.0,0.0042030937038362,0.0044893538579344,0.0108769442886114,-0.001845120685175,0.0046098763123154,0.0053193634375929,0.0333450846374034,-0.0021014618687331,-0.0284538883715868,-0.0052271909080445,0.0006861220463179,0.0030620254110544,0.0118014635518193,0.0003768979513552,-0.0033728219568729,0.001318588387221,0.0111494371667504,-0.0061703398823738,0.0486474111676216,-0.0048078326508402,-0.0267302878201007,0.0079503813758492,-0.0182797983288765,-0.0026418545749038,-0.0194070730358362,-0.017974043264985,-0.0165992695838213,0.0005395139451138,0.0039335447363555,-0.0046984562650322,-0.0206693951040506,0.0057267099618911,-0.0196938570588827,-0.0248153731226921,0.0015861371066421,0.0092318477109074,0.0067559643648564,0.0043392200022935,-0.0019615502096712,0.0087186284363269,0.001637301640585,-0.0041531147435307,-0.0216642785817384,-0.0029909454751759,-0.0040282155387103,0.0081816166639328,-0.0309203211218118,-0.0045213238336145,0.0126023115590214,-0.0110248895362019,0.0075712692923843,0.0053383600898087,-0.0009848723420873,0.004396847449243,-0.0025716335512697,-0.0038568346822449,-0.003909768439871,-0.004203935641493,-0.0011531624727636,-0.0172400542198909,0.0014257999107438,-0.0067108539458282,0.0237349952092906,0.0103019380512492,0.0912975188397222,-0.0070412073310847,0.0300636366046245,2019-03-01,2019-03-04,2019-03-05,2019-03-06,2019-03-07,2019-03-08,2019-03-11,2019-03-12,2019-03-13,2019-03-14,85765.0,2019-02-28,252.0,-0.2270%,0.0001,1.0143,-0.2634,0.1251,0.2398%,1.0646%,94.9276%,0.00114,DIA,85765.0,2019-03-01,252.0,0.4397%,0.0001,1.0112,-0.268,0.1211,0.2384%,1.0606%,94.9492%,-0.001732,DIA,85765.0,2019-03-04,252.0,-0.8218%,0.0001,1.0106,-0.262,0.1203,0.2398%,1.0565%,94.8496%,-0.004594,DIA,85765.0,2019-03-05,252.0,-0.0348%,0.0002,1.0119,-0.2515,0.121,0.2365%,1.0563%,94.9855%,0.000756,DIA,85765.0,2019-03-06,252.0,-0.5113%,0.0001,1.0109,-0.2505,0.1199,0.2362%,1.0532%,94.9708%,8e-05,DIA,85765.0,2019-03-07,252.0,-0.8020%,0.0002,1.0113,-0.2478,0.1213,0.2358%,1.0545%,95.0017%,0.0004,DIA,85765.0,2019-03-08,252.0,-0.0392%,0.0002,1.011,-0.2464,0.1206,0.2359%,1.0543%,94.9920%,0.002073,DIA,85765.0,2019-03-11,252.0,0.8048%,0.0001,1.008,-0.2495,0.1204,0.2387%,1.0552%,94.8841%,-0.005591,DIA,85765.0,2019-03-12,252.0,-0.3505%,0.0001,1.0079,-0.2464,0.1216,0.2425%,1.0496%,94.6612%,-0.0067179999999999,DIA,85765.0,2019-03-13,252.0,0.5824%,0.0001,1.0071,-0.2421,0.1217,0.2413%,1.0494%,94.7108%,-0.002006,DIA,85765.0,2019-03-14,252.0,0.0738%,0.0001,1.007,-0.2422,0.1217,0.2413%,1.0485%,94.7012%,0.000298,DIA,-0.000592,-0.005186,-0.00443,-0.0039499999999999,-0.015894
15131,DORCHESTER MINERALS LP,Dorchester Minerals Reports FY18 EPS $1.61 Up From $1.18 YoY,6,increase,0.8,0.7,"the increase in eps from $1.18 to $1.61 year-over-year indicates improved profitability, which is likely to positively influence investor sentiment and drive the stock price up.",2,2019-02-28,DMLP,2019-02-28 19:09:00+00:00,89695.0,25820R10,0.0066297752782702,33528.0,0.0131723256781697,-0.04736839979887,0.0032503453548997,-0.0134994927793741,-0.0145788583904504,0.015822846442461,-0.0263013448566198,0.0155328875407576,0.0180078614503145,0.0191048253327608,0.0154782021418213,0.0160842482000589,-0.0038106476422399,0.0117845674976706,-0.0010928170522674,0.0079185171052813,0.005470375996083,0.0213749762624502,-0.0087051065638661,-0.0040276004001498,0.0071350755169987,-0.012500069104135,-0.0005449716118164,0.0328638181090354,-0.0032715084962546,0.0100770639255642,0.0125820310786366,0.0053635369986295,-0.0129659520462155,-0.0244186073541641,0.0071154437027871,0.0105758104473352,0.0,-0.0017594592645764,-0.0016303685260936,-0.0178572218865156,-0.0021775129716843,0.0128355445340275,-0.0043644257821142,0.0350241512060165,0.0005479577230289,-0.0230089258402586,0.0268345978111028,0.0083284536376595,0.0,-0.0093441000208258,0.0026666258927434,0.0180442053824663,-0.0079787038266658,0.0141676366329193,0.0048257457092404,-0.0093567157164216,0.0192102789878845,0.0154394432902336,-0.0120418602600693,0.0544771365821361,0.0031796218827366,0.0006265807314775,0.004226092249155,0.001254733884707,0.0205154865980148,0.0018855897942557,-0.0077319392003118,-0.0099564315751194,0.0020779697224497,-0.0177262164652347,-0.0031104909721761,0.0061500850133597,-0.0036401299294084,0.0187970045953989,0.028183763846755,0.0397393889725208,0.0152283869683742,0.0105332983657717,-0.01099996548146,0.0099733788520097,0.0111223105341196,0.0273223780095577,-0.0053842575289309,-0.0200802702456712,-0.0216383356600999,-0.0151615357026457,-0.0036861344706267,0.0106595503166317,-0.032769601792097,0.0394737310707569,0.0092896223068237,-0.0041379597969353,0.0043313442729413,0.0111575899645686,-0.001617184956558,-0.0478087812662124,0.0151187246665358,-0.0052840108983218,-0.0095743834972381,-0.0251126457005739,0.0139633892104029,-0.031191574409604,0.0137711996212601,-0.0201711431145668,-0.0047022025100886,-0.0393423400819301,-0.0010497927432879,-0.0017584279412403,0.0005254980642348,0.0258569046854972,0.0021007880568504,0.0024110311642289,-0.0041928682476282,-0.0212389733642339,-0.0052631781436502,0.0017730902181938,-0.0015872369986027,-0.0047058779746294,0.0090090129524469,0.0253317300230264,-0.0215337052941322,0.01221005897969,0.0182501431554555,-0.0030432832427322,0.0131723256781697,-0.04736839979887,0.0164654856406507,-0.0602284432071889,0.0016465792667152,-0.0453585821730637,-0.0071349708624927,-0.0120086940418508,-6.083195058792511e-10,0.0414270011307638,0.0433589974674673,0.1704024272417537,0.0670352096049031,0.1354968872106707,2019-03-01,2019-03-04,2019-03-05,2019-03-06,2019-03-07,2019-03-08,2019-03-11,2019-03-12,2019-03-13,2019-03-14,89695.0,2019-02-28,252.0,0.6630%,0.001,0.3765,0.3629,-0.0332,1.6215%,1.6855%,7.4437%,0.007589,DMLP,89695.0,2019-03-01,252.0,1.3172%,0.001,0.3849,0.3754,-0.0239,1.6208%,1.6868%,7.6716%,0.0091869999999999,DMLP,89695.0,2019-03-04,252.0,0.3250%,0.001,0.3811,0.3829,-0.0217,1.6207%,1.6862%,7.6185%,0.006757,DMLP,89695.0,2019-03-05,252.0,-1.4579%,0.001,0.3846,0.4008,-0.0141,1.6227%,1.6891%,7.7049%,-0.012886,DMLP,89695.0,2019-03-06,252.0,-2.6301%,0.001,0.3961,0.4369,0.0037,1.6265%,1.6977%,8.2157%,-0.018106,DMLP,89695.0,2019-03-07,252.0,1.8008%,0.0011,0.3895,0.4453,-0.0026,1.6299%,1.7004%,8.1237%,0.021484,DMLP,89695.0,2019-03-08,252.0,1.5478%,0.0012,0.3867,0.4581,-0.0077,1.6310%,1.7021%,8.1797%,0.0160179999999999,DMLP,89695.0,2019-03-11,252.0,-0.3811%,0.001,0.3794,0.4764,0.0065,1.6248%,1.6951%,8.1282%,-0.011352,DMLP,89695.0,2019-03-12,252.0,-0.1093%,0.0011,0.3833,0.4763,0.011,1.6245%,1.6952%,8.1619%,-0.000792,DMLP,89695.0,2019-03-13,252.0,0.5470%,0.001,0.3847,0.4663,0.0101,1.6231%,1.6934%,8.1280%,0.0042899999999999,DMLP,89695.0,2019-03-14,252.0,-0.8705%,0.001,0.3829,0.4709,0.0078,1.6235%,1.6939%,8.1402%,-0.006529,DMLP,0.016776,0.023533,0.0106469999999999,0.0140249999999999,0.0156599999999999
15139,DAWSON GEOPHYSICAL CO NEW,"Dawson Geophysical Company Earlier Reported Q4 EPS $(0.51) May Not Compare To $(0.20) Estimate, Sales $27.67M Miss $44.2M Estimate",6,decrease,0.8,0.7,"the company reported a larger-than-expected loss and significantly missed revenue estimates, which is likely to negatively impact investor sentiment and lead to a decrease in stock price.",0,2019-02-28,DWSN,2019-02-28 14:13:00+00:00,80912.0,23936010,-0.0719794854521751,138484.0,-0.0415512062609195,-0.0101781068369746,-0.0462427996098995,0.0234375409781932,-0.0060606002807617,0.0239999778568744,0.0,0.0026737942826002,-0.0457316637039184,-0.0209423881024122,-0.0191693864762783,-0.0230179410427808,0.0260586850345134,0.0155844632536172,-0.0253968760371208,0.0131578827276825,-0.0130293034017086,-0.018087837845087,0.0264026150107383,0.0,-0.0321543104946613,0.018421035259962,0.0099667683243751,0.0382513292133808,0.01973682269454,-0.0213903542608022,0.0193548984825611,-0.0434782803058624,-0.0411392748355865,0.0,-0.0198019612580537,-0.0463414192199707,0.0134680001065135,-0.0024331456515938,-0.0132890241220593,0.051150906831026,0.0033670000266283,0.0155844632536172,-0.0134228058159351,0.0321715511381626,-0.0034013572148978,-0.018421035259962,0.0068259318359196,0.0052910004742443,-0.0135593088343739,-0.0078740082681179,0.0137456906959414,-0.0129533559083938,-0.0033898272085934,-0.0350000262260437,0.0,-0.0588235296308994,0.0340135730803012,0.0519802086055278,0.0230262950062751,0.0716180354356765,-0.0192925874143838,-0.0130889927968382,-0.0327868536114692,-0.0230179410427808,-0.0135593088343739,-0.0345679260790348,0.0137456906959414,0.0305343829095363,-0.0067796544171869,-0.0150375794619321,-0.0341297425329685,0.039062526077032,-0.0353356562554836,-0.0103093292564153,-0.0109890000894665,0.0659340694546699,-0.0111111002042889,0.0520231388509273,-0.0524344965815544,0.0028985480312258,0.0,0.0207100380212068,-0.0039525656029582,-0.0342856831848621,-0.0396825037896633,0.0606060773134231,0.1570247411727905,0.0645161494612693,-0.0464285276830196,-0.0251572839915752,-0.0749063864350318,0.0,0.0283400528132915,-0.0154798617586493,-0.0275590289384126,-0.0555555708706378,-0.0323886312544345,0.0148368524387478,-0.0125523889437317,-0.0029586474411189,0.0254238061606884,-0.0451976992189884,-0.0041322275064885,-0.0220994278788566,-0.066390074789524,0.0083565386012196,0.0444444008171558,0.0375722162425518,-0.0085106305778026,0.0,0.0214593093842268,-0.0280898604542017,-0.0210084822028875,-0.0138504030182957,0.0128755243495106,0.0,-0.0254237055778503,-0.0719794854521751,-0.004347822163254,0.045698944479227,-0.0218340400606393,-0.046153862029314,0.0446428135037422,-0.0176322255283594,-0.0415512062609195,-0.0101781068369746,-0.0858725617661457,0.0130208843451467,-0.0914127227749578,0.0373333631379815,-0.1329639305826724,0.0183246551280304,-0.1385041579815796,0.005168019635803,-0.1828254441739173,-0.0051150752643313,-0.3518005611016348,-0.0201511048398986,2019-03-01,2019-03-04,2019-03-05,2019-03-06,2019-03-07,2019-03-08,2019-03-11,2019-03-12,2019-03-13,2019-03-14,80912.0,2019-02-28,252.0,-7.1979%,-0.0009,1.0431,1.1353,0.8999,3.1897%,3.3788%,10.8765%,-0.066841,DWSN,80912.0,2019-03-01,252.0,-4.1551%,-0.0011,1.0321,1.1189,0.9051,3.2039%,3.3860%,10.4664%,-0.048844,DWSN,80912.0,2019-03-04,252.0,-4.6243%,-0.0017,1.0884,0.967,0.8826,3.1362%,3.3282%,11.2010%,-0.04002,DWSN,80912.0,2019-03-05,252.0,-0.6061%,-0.0016,1.0962,1.0289,0.8872,3.1279%,3.3256%,11.5362%,0.000816,DWSN,80912.0,2019-03-06,252.0,0.0000%,-0.0016,1.0649,0.9996,0.8479,3.1207%,3.3103%,11.1303%,0.021727,DWSN,80912.0,2019-03-07,252.0,-4.5732%,-0.0017,1.0813,1.0172,0.8746,3.1268%,3.3217%,11.3909%,-0.033592,DWSN,80912.0,2019-03-08,252.0,-1.9169%,-0.002,1.0871,0.9529,0.8873,3.1065%,3.2997%,11.3686%,-0.015902,DWSN,80912.0,2019-03-11,252.0,2.6059%,-0.002,1.0935,0.9653,0.8911,3.1073%,3.3045%,11.5816%,0.0109539999999999,DWSN,80912.0,2019-03-12,252.0,-2.5397%,-0.0019,1.1328,0.9672,0.937,3.0954%,3.3026%,12.1538%,-0.024805,DWSN,80912.0,2019-03-13,252.0,-1.3029%,-0.002,1.128,0.9586,0.9297,3.0943%,3.2998%,12.0647%,-0.018477,DWSN,80912.0,2019-03-14,252.0,2.6403%,-0.0019,1.1322,0.9414,0.9384,3.0997%,3.3047%,12.0206%,0.028582,DWSN,-0.115685,-0.155705,-0.154889,-0.166754,-0.186402
15147,DYCOM INDUSTRIES INC,"DA Davidson Maintains Neutral on Dycom Industries, Lowers Price Target to $50",6,decrease,0.7,0.6,"maintaining a neutral rating while lowering the price target typically signals a lack of positive outlook, which can lead to a decrease in stock price.",0,2019-02-28,DY,2019-02-28 14:01:00+00:00,12008.0,26747510,0.0403877198696136,2251436.0,0.0397071205079555,-0.301129013299942,0.0347770676016807,-0.020846489816904,-0.01237110234797,0.0074781421571969,-0.0260960329324007,0.0036729406565427,-0.00707399379462,-0.0164912715554237,0.0189982969313859,0.0125635666772723,0.0345339216291904,-0.0038022475782781,0.0075772870332002,-0.0028436067514121,0.0024390027392655,0.0194878261536359,-0.0044606896117329,0.0069737317971885,0.0059063322842121,0.0463261418044567,0.0068839876912534,0.0243351571261882,-0.0148803107440471,-0.0224299021065235,-0.0040824813768267,-0.0263070836663246,0.0120926452800631,-0.0077163227833807,-0.04941276460886,0.0369424261152744,-0.0074562947265803,0.0260262303054332,-0.0107319168746471,-0.0137812104076147,-0.0210458058863878,0.008512819185853,0.0073138703592121,0.0040118531323969,0.010781031101942,-0.04513655975461,0.0326512865722179,0.0145319467410445,-0.0048482199199497,0.0426356941461563,0.0150391673669219,0.0329389907419681,0.0363105535507202,-0.0438489727675914,0.0072493073530495,-0.0313500836491584,-0.0117952851578593,0.0282495841383934,-0.0360104963183403,0.0024322338867932,-0.0094438772648572,-0.0113363079726696,0.000211828839383,-0.0069930041208863,0.0381275005638599,-0.0074487663805484,-0.0067332796752452,-0.006726105697453,0.0032867675181478,0.0191945638507604,-0.0014332451391965,0.0056876596063375,-0.0061513069085776,0.0093945879489183,-0.0096967443823814,0.035489123314619,0.0256249904632568,0.0402923114597797,0.0400162748992443,-0.0298181716352701,-0.056445300579071,0.0177646018564701,0.0091078160330653,0.0384319759905338,0.0106666758656501,-0.0115859564393758,0.0064948182553052,-0.0147828804329037,-0.016535585746169,0.0789420530200004,0.0043059070594608,0.0028345696628093,0.0557370260357856,-0.0525609366595745,0.0067685609683394,-0.0149281388148665,-0.0461006797850132,-0.0386921167373657,0.0014095790684223,0.0251396354287862,-0.0249346047639846,-0.0040800706483423,0.0002061934646917,-0.0424436703324317,-0.0432989373803138,-0.0052994033321738,0.0073275892063975,0.0390969365835189,0.0096276625990867,-0.0250537134706974,0.0235219467431306,-0.005339965224266,-0.033333346247673,-0.0672422274947166,-0.0244163516908884,-0.0118129812180995,0.2524698078632355,-0.0769346952438354,-0.0464504435658454,-0.0034712248016148,-0.0375000163912773,0.0856956169009208,-0.0240642111748457,-0.0027778102084994,0.0397071205079555,-0.301129013299942,0.0758650853238096,-0.3156980202075145,0.0625554482406614,-0.3105807127241748,0.0275066067329656,-0.3194596764105525,0.089174725442497,-0.2972753603253575,0.0472492759790306,-0.2609585467247824,0.1335402864826118,-0.2919934503586364,2019-03-01,2019-03-04,2019-03-05,2019-03-06,2019-03-07,2019-03-08,2019-03-11,2019-03-12,2019-03-13,2019-03-14,12008.0,2019-02-28,252.0,4.0388%,-0.0032,1.5519,1.3519,0.4203,3.1809%,3.6095%,22.3352%,0.045968,DY,12008.0,2019-03-01,252.0,3.9707%,-0.003,1.5487,1.3473,0.4019,3.1848%,3.6107%,22.1966%,0.026205,DY,12008.0,2019-03-04,252.0,3.4777%,-0.0029,1.5459,1.312,0.4128,3.1998%,3.6183%,21.7972%,0.046562,DY,12008.0,2019-03-05,252.0,-1.2371%,-0.0028,1.5503,1.3449,0.4166,3.1977%,3.6187%,21.9115%,-0.004775,DY,12008.0,2019-03-06,252.0,-2.6096%,-0.0027,1.5536,1.3266,0.4178,3.1972%,3.6217%,22.0681%,0.0036149999999999,DY,12008.0,2019-03-07,252.0,-0.7074%,-0.0027,1.5509,1.3342,0.4164,3.1974%,3.6216%,22.0529%,0.007883,DY,12008.0,2019-03-08,252.0,1.8998%,-0.0025,1.5473,1.3376,0.4104,3.2012%,3.6239%,21.9662%,0.022361,DY,12008.0,2019-03-11,252.0,3.4534%,-0.0025,1.553,1.3453,0.4119,3.2020%,3.6315%,22.2548%,0.008708,DY,12008.0,2019-03-12,252.0,0.7577%,-0.0025,1.5515,1.341,0.4084,3.2026%,3.6280%,22.0769%,0.007701,DY,12008.0,2019-03-13,252.0,0.2439%,-0.0025,1.5509,1.3426,0.4081,3.2026%,3.6280%,22.0790%,-0.004236,DY,12008.0,2019-03-14,252.0,-0.4461%,-0.0026,1.5591,1.3364,0.4113,3.1973%,3.6258%,22.2405%,0.00128,DY,0.072173,0.118735,0.11396,0.125458,0.161272
15155,CENTRAIS ELETRICAS BRASILEIRAS S,Centrais Eletricas shares are trading lower after the company's appeal to address loan payment concerns was suspended in court.,6,decrease,0.8,0.7,"the suspension of the company's appeal regarding loan payment concerns is likely to create uncertainty and negative sentiment among investors, leading to a decrease in stock price.",0,2019-02-28,EBR,2019-02-28 16:07:00+00:00,92802.0,15234Q20,-0.0694577023386955,838495.0,-0.0357872620224952,0.0594758205115795,-0.001060469658114,-0.0040160603821277,0.0084925610572099,-0.0069790324196219,-0.0389473550021648,0.0393782518804073,-0.0569551438093185,0.0233297254890203,0.0278746504336595,-0.0156575795263052,0.0451976954936981,-0.0264227874577045,-0.0032432144507765,-0.0090634590014815,0.0043383906595408,0.0153374820947647,-0.0118791153654456,0.0166320018470287,0.0469945706427097,0.0094438781961798,0.0031314962543547,0.0,0.0062435404397547,-0.0041797244921326,-0.0072388513945043,-0.0093167861923575,-0.0197917222976684,-0.0359282046556472,-0.0754516497254371,-0.0147492252290248,0.0321838781237602,-0.0164410136640071,0.0423162728548049,0.0147203709930181,-0.0961538106203079,0.0230923239141702,0.0780141651630401,0.035343050956726,0.0263157654553651,0.0571428015828132,0.0277778040617704,0.0066372146829962,-0.035343050956726,0.0055617564357817,-0.0064654597081243,0.0146726993843913,0.0162689387798309,0.044811338186264,-0.011739557608962,-0.0128056583926081,-0.023758128285408,0.0437424816191196,-0.0298672020435333,0.0061123757623136,0.0148231647908687,0.0061500850133597,-0.0292134024202823,-0.0367297977209091,-0.0509259849786758,0.0095693692564964,0.0109756281599402,-0.0023866894189268,-0.0024124854244291,0.0219512563198804,-0.0314389616250991,-0.0060606291517615,0.0299625173211097,0.0770235210657119,0.0084848115220665,-0.0737606510519981,0.0348557643592357,0.0060827480629086,-0.0534262545406818,0.0887417271733284,0.0417178124189376,0.1889764219522476,-0.0117784962058067,-0.0078125298023223,0.0035756533034145,0.0389610789716243,0.0071258270181715,0.0713043212890625,-0.0117923859506845,0.0159010868519544,-0.0095465304329991,-0.001763708773069,0.0180722419172525,-0.0340715199708938,-0.0059171826578676,-0.0216666851192712,-0.0071427938528358,-0.0430621989071369,0.0275778826326131,0.027868865057826,-0.0085942512378096,-0.0271132495254278,-0.0253317300230264,-0.0263975262641906,-0.0655940249562263,-0.0197869278490543,0.0609271563589572,0.0045871878974139,-0.0124844415113329,0.0331753604114055,-0.0290771201252937,-0.0140187153592705,-0.0273437555879354,0.0015600981423631,0.0361445769667625,0.0142404548823833,0.0581395104527473,-0.0155763085931539,-0.0097680008038878,0.0142180332913994,-0.00493217818439,-0.0452488958835601,0.0173482466489076,-0.0089686010032892,-0.0357872620224952,0.0594758205115795,-0.0368097803750874,0.0552209016430007,-0.0286298286252153,0.0478564807605714,-0.1196319113063357,0.1145280900230367,-0.064417188681948,0.0925156308104937,-0.1165643535111525,0.245260751743416,-0.1396363975207721,0.571001497827103,2019-03-01,2019-03-04,2019-03-05,2019-03-06,2019-03-07,2019-03-08,2019-03-11,2019-03-12,2019-03-13,2019-03-14,92802.0,2019-02-28,252.0,-6.9458%,0.0023,1.2282,-0.0199,1.2259,4.1697%,4.3387%,7.6378%,-0.062829,EBR,92802.0,2019-03-01,252.0,-3.5787%,0.0021,1.2204,-0.0315,1.2333,4.1781%,4.3442%,7.5008%,-0.039759,EBR,92802.0,2019-03-04,252.0,-0.1060%,0.0021,1.2173,-0.0195,1.2337,4.1778%,4.3420%,7.4195%,0.00026,EBR,92802.0,2019-03-05,252.0,0.8493%,0.0021,1.2118,-0.0548,1.2256,4.1772%,4.3406%,7.3896%,0.013372,EBR,92802.0,2019-03-06,252.0,-3.8947%,0.0021,1.2347,0.003,1.2594,4.1804%,4.3482%,7.5703%,-0.0300389999999999,EBR,92802.0,2019-03-07,252.0,-5.6955%,0.0019,1.257,0.0243,1.295,4.1897%,4.3639%,7.8267%,-0.042762,EBR,92802.0,2019-03-08,252.0,2.7875%,0.0022,1.2499,0.0718,1.2812,4.1855%,4.3571%,7.7217%,0.032739,EBR,92802.0,2019-03-11,252.0,4.5198%,0.0024,1.2664,0.0667,1.2698,4.1879%,4.3638%,7.8985%,0.032888,EBR,92802.0,2019-03-12,252.0,-0.3243%,0.0024,1.2625,0.071,1.2671,4.1881%,4.3600%,7.7290%,-0.005297,EBR,92802.0,2019-03-13,252.0,0.4338%,0.0022,1.2612,0.0453,1.2596,4.1815%,4.3539%,7.7612%,-0.005123,EBR,92802.0,2019-03-14,252.0,-1.1879%,0.0022,1.2584,0.0548,1.2547,4.1825%,4.3537%,7.7087%,-0.014301,EBR,-0.102588,-0.102328,-0.088956,-0.161757,-0.120851
15163,EMERGENT BIOSOLUTIONS INC,"Emergent Biosciences Wins Us Dept. Of State Contract To Supply Medical Countermeasures For Chemical Warfare Agents, Comprised Of 5-Year Base For Minimum Of $7M To Maximum $100M",6,increase,0.8,0.6,"the contract with the u.s. department of state for a significant amount of funding suggests strong demand for emergent biosolutions' products, likely boosting investor confidence and stock price.",2,2019-02-28,EBS,2019-02-28 22:07:00+00:00,91571.0,29089Q10,-0.0061318450607359,425277.0,0.0198800321668386,0.0125905405730009,-0.0310871880501508,-0.0496639721095562,0.002254614373669,-0.0366335622966289,-0.0107285473495721,-0.0061205173842608,-0.0017491425387561,-0.0219493526965379,-0.0024531171657145,-0.0076161460019648,0.045318778604269,-0.0077086170203983,-0.0425138436257839,0.0176896099001169,-0.0858195722103118,-0.0098995044827461,-0.0291802734136581,0.0070553179830312,-0.0114692114293575,0.0119509026408195,-0.0090018156915903,0.0285760052502155,-0.0084780370816588,0.0144129451364278,-0.0181188806891441,-0.0369619876146316,0.0159651767462492,0.0073841507546603,-0.0136734321713447,0.0036266692914068,0.0136561105027794,0.0121289230883121,0.0169421918690204,0.004327624104917,-0.009233221411705,0.0305582825094461,0.0103322183713316,0.0088319052010774,0.0130339190363884,0.0073862452991306,-0.0057403189130127,-0.007497513666749,0.0151304425671696,0.0065403217449784,0.0074523873627185,-0.0114389695227146,0.0184932984411716,-0.0083840554580092,0.0181575063616037,-0.0242219809442758,-0.0090106911957263,-0.0041533280164003,-0.0081454878672957,-0.038550179451704,0.0208174213767051,0.0057152109220623,0.0024321996606886,0.0289256162941455,-0.0087719522416591,-0.0182555504143238,-0.0041423691436648,-0.0023350175470113,0.0007563039544038,0.0053207562305033,-0.0253164581954479,0.0191387683153152,0.0265555139631032,0.018684022128582,-0.013783979229629,0.0469467304646968,0.0111047644168138,0.0217240173369646,0.0145805804058909,-0.0027729608118534,0.0052258074283599,-0.0266531389206647,-0.0072409836575388,0.0100528225302696,0.0007480288040824,0.0018777191871777,-0.0341991782188415,-0.0032329186797142,0.0125774284824729,0.0564443543553352,0.0204471554607152,-0.0039390763267874,-0.0988764539361,-0.0483898483216762,0.0268079992383718,0.0017067498993128,-0.0388584919273853,-0.0372987240552902,0.0040008132345974,-0.0001642569695832,0.0037751742638647,-0.001476380508393,-0.0244463421404361,-0.0191472638398408,-0.040051382035017,-0.0376277528703212,-0.0138330869376659,-0.0260895155370235,0.0235294327139854,-0.0102985436096787,0.0,0.0214972365647554,-0.0221043322235345,-0.0528520382940769,-0.0212477948516607,0.0087399631738662,0.0221708808094263,-0.0626706257462501,-0.0153636811301112,0.0054915095679461,-0.0039009172469377,0.0166084412485361,-0.0032250492367893,-0.0095382202416658,0.0198800321668386,0.0125905405730009,-0.0118251701817257,-0.037698727792417,-0.0095972170067195,-0.0729512513959588,-0.0219365701379559,-0.0988488483059505,-0.1333333120600435,-0.0995398507641048,-0.0817480139038808,-0.066910351332279,-0.258440417218017,-0.1884157860528998,2019-03-01,2019-03-04,2019-03-05,2019-03-06,2019-03-07,2019-03-08,2019-03-11,2019-03-12,2019-03-13,2019-03-14,91571.0,2019-02-28,252.0,-0.6132%,0.0004,1.0688,0.8763,-0.1208,1.6267%,2.0680%,38.1249%,-0.003456,EBS,91571.0,2019-03-01,252.0,1.9880%,0.0004,1.0763,0.8874,-0.1132,1.6265%,2.0711%,38.3219%,0.00907,EBS,91571.0,2019-03-04,252.0,-3.1087%,0.0004,1.0763,0.9072,-0.1178,1.6320%,2.0800%,38.4338%,-0.021589,EBS,91571.0,2019-03-05,252.0,0.2255%,0.0004,1.0777,0.922,-0.119,1.6311%,2.0794%,38.4724%,0.0065239999999999,EBS,91571.0,2019-03-06,252.0,-1.0729%,0.0004,1.0667,0.9087,-0.1333,1.6300%,2.0766%,38.3901%,0.009899,EBS,91571.0,2019-03-07,252.0,-0.1749%,0.0005,1.0676,0.9264,-0.1271,1.6272%,2.0762%,38.5746%,0.007104,EBS,91571.0,2019-03-08,252.0,-0.2453%,0.0005,1.0679,0.9248,-0.1265,1.6272%,2.0754%,38.5275%,-0.000874,EBS,91571.0,2019-03-11,252.0,4.5319%,0.0005,1.0801,0.9515,-0.1176,1.6312%,2.0918%,39.1903%,0.02533,EBS,91571.0,2019-03-12,252.0,-4.2514%,0.0004,1.0795,0.9711,-0.1101,1.6536%,2.1081%,38.4718%,-0.0427339999999999,EBS,91571.0,2019-03-13,252.0,-8.5820%,0.0,1.0498,1.0129,-0.1324,1.7485%,2.1772%,35.5052%,-0.090054,EBS,91571.0,2019-03-14,252.0,-2.9180%,-0.0001,1.052,1.0233,-0.1376,1.7531%,2.1847%,35.6094%,-0.02367,EBS,0.0056139999999999,-0.015975,-0.009451,0.0075519999999999,-0.1244499999999999
15171,EAGLE PHARMACEUTICALS INC,"Eagle Pharmaceuticals Q4 Adj. EPS $1.20 Beats $1.16 Estimate, Sales $56.1M Beat $54.17M Estimate",6,increase,0.8,0.6,"the company reported better-than-expected earnings and sales, which typically boosts investor confidence and can lead to an increase in stock price.",2,2019-02-28,EGRX,2019-02-28 11:54:00+00:00,14456.0,26979610,0.025604261085391,327900.0,0.0349510684609413,0.0445014536380767,-0.0530683137476444,-0.0219711065292358,-0.0065212897025048,0.0337443500757217,-0.0164102409034967,0.0218832418322563,-0.0079249441623687,0.0431174263358116,0.0021021331194788,0.036567848175764,0.0046150875277817,-0.0014320135815069,0.0052202967926859,0.0338021889328956,0.0014540859265252,0.0252972431480884,-0.0182534176856279,0.0048296549357473,-0.0065497858449816,0.017589246854186,0.0457251742482185,-0.0205219499766826,-0.006508027203381,0.0050929654389619,-0.0196519773453474,-0.0433617234230041,0.0570056289434433,-0.0086935674771666,-0.0685499310493469,-0.0240396056324243,0.0269352402538061,0.0133747644722461,0.0148699143901467,-0.0092285713180899,-0.0028489904943853,0.0134291974827647,0.0204081628471612,0.0079768393188714,0.0098000336438417,0.0257871821522712,-0.006139856763184,-0.0588097237050533,0.0107612777501344,0.0258558299392461,-0.0120268259197473,-0.0148585150018334,0.0017960517434403,0.0085632875561714,-0.0300797242671251,-0.0531531646847724,0.0110905924811959,0.0192837491631507,-0.0532195605337619,0.0451055914163589,0.0236000530421733,-0.007855225354433,-0.0096415653824806,0.0171912610530853,-0.0120634855702519,-0.0227164961397647,0.0177805908024311,0.0009473495883867,0.0524100549519062,0.0185766089707613,-0.0577999874949455,0.0127046285197138,0.0148588567972183,-0.0096782362088561,0.0152687625959515,0.003398961154744,0.0721054822206497,0.0566957183182239,-0.0061491099186241,-0.0422604717314243,0.0193348787724971,0.0101762181147933,0.013467357493937,0.0270201731473207,-0.0091709094122052,0.0082240989431738,-0.0289006195962429,-0.0235884226858615,-0.0350126288831234,0.0852395743131637,-0.0110864592716097,-0.000544378242921,0.0419893488287925,-0.0389745719730854,0.0422535203397274,-0.0269789099693298,0.0688814222812652,-0.0930285975337028,0.0263388939201831,-0.0214592441916465,-0.0222412180155515,0.0075102830305695,0.0034995090682059,0.0192530266940593,-0.0310374684631824,-0.0275208931416273,0.0055785742588341,0.0054434491321444,-0.019506087526679,-0.0078757535666227,-0.0014601538423448,0.0123006170615553,-0.0124291777610778,-0.0685338303446769,-0.0016657441155985,0.0,0.0292918402701616,-0.0426568873226642,-0.0473703369498252,-0.0232143234461545,0.0122896870598197,0.0124548561871051,0.0141949625685811,-0.0008029087912291,0.0349510684609413,0.0445014536380767,-0.0199720395536037,0.0215526009302529,-0.0263630858002296,0.0560242295168074,-0.0499300985770986,0.1256629207142889,-0.0547233452254255,0.2409760900134281,-0.0563211463106501,0.1820823375026881,0.0844817180663051,-0.0200722639301221,2019-03-01,2019-03-04,2019-03-05,2019-03-06,2019-03-07,2019-03-08,2019-03-11,2019-03-12,2019-03-13,2019-03-14,14456.0,2019-02-28,252.0,2.5604%,-0.0004,1.1262,0.6412,-0.0061,2.5355%,2.8272%,19.5683%,0.029019,EGRX,14456.0,2019-03-01,252.0,3.4951%,-0.0003,1.131,0.6483,-0.0103,2.5405%,2.8339%,19.6330%,0.024869,EGRX,14456.0,2019-03-04,252.0,-5.3068%,-0.0004,1.1299,0.6919,-0.0191,2.5542%,2.8505%,19.7096%,-0.044644,EGRX,14456.0,2019-03-05,252.0,-0.6521%,-0.0003,1.1393,0.7637,-0.0116,2.5415%,2.8467%,20.2962%,-0.0025919999999999,EGRX,14456.0,2019-03-06,252.0,-1.6410%,-0.0003,1.1326,0.7623,-0.0194,2.5407%,2.8461%,20.3062%,0.002698,EGRX,14456.0,2019-03-07,252.0,-0.7925%,-0.0004,1.1282,0.7448,-0.0302,2.5392%,2.8428%,20.2157%,0.0017419999999999,EGRX,14456.0,2019-03-08,252.0,0.2102%,-0.0004,1.1286,0.7289,-0.0287,2.5377%,2.8398%,20.1401%,0.004071,EGRX,14456.0,2019-03-11,252.0,0.4615%,-0.0006,1.1203,0.7421,-0.0169,2.5358%,2.8366%,20.0800%,-0.015064,EGRX,14456.0,2019-03-12,252.0,0.5220%,-0.0004,1.1441,0.7348,0.0073,2.5300%,2.8360%,20.4156%,0.004394,EGRX,14456.0,2019-03-13,252.0,0.1454%,-0.0005,1.1432,0.7288,0.0049,2.5294%,2.8350%,20.3996%,-0.00407,EGRX,14456.0,2019-03-14,252.0,-1.8253%,-0.0004,1.1337,0.7405,-0.0011,2.5225%,2.8262%,20.3375%,-0.014227,EGRX,0.053888,0.0092439999999999,0.0066519999999999,0.0110919999999999,-0.013804
15179,ISHARES INC,Israel's Netanyahu Says He Is Victim Of Political Witch-Hunt Aimed At Influencing April Election; Netanyahu Says Charges Against Him Will Collapse Like 'A House Of Cards',6,uncertain,0.6,0.3,"the political situation in israel, including netanyahu's claims of a witch-hunt, may create volatility and uncertainty in the market, affecting investor sentiment towards ishares inc.",1,2019-02-28,EIS,2019-02-28 18:13:00+00:00,92599.0,46428663,-0.0043979818001389,28736.0,0.0020246049389243,-0.0041970717720687,-0.0034845201298594,-0.0110088540241122,-0.0001898548507597,0.0140922488644719,-0.0074779037386178,0.0049659823998808,-0.0075119230896234,-0.0020191008225083,-0.0031686332076787,-0.0040219603106379,0.0059574674814939,0.0020150323398411,-0.0008958964026533,0.0118196839466691,0.0155053585767746,0.0092087909579277,-0.0008278510649688,-0.0121951196342706,0.0065359394066035,0.0112107340246439,0.0030181254260241,0.0088595896959304,-0.0013677534880116,0.001888545230031,0.0078506413847208,-0.0190811194479465,0.005616994574666,-0.0108118038624525,-0.0171243790537118,0.0062695951201021,-0.0168562214821577,0.0072436737827956,0.0108148055151104,-0.000556873565074,-0.0012802211567759,0.0046624396927654,-0.0046286690048873,0.0153379580006003,0.0031546109821647,0.0017071348847821,0.0107343578711152,0.002754190005362,-0.0018356384243816,0.0108671570196747,0.0036670472472906,0.0050241220742464,-0.0023219198919832,0.0097560975700616,0.0030596982687711,-0.0056267152540385,0.0040160864591598,0.0023337758611887,-0.0041818097233772,0.0060653015971183,0.0158845894038677,-0.000195585322217,-0.0019464280921965,0.0110759008675813,0.0111342063173651,-0.0119209848344326,0.0090827839449048,0.0,0.0031768498010933,-0.0015610113041475,-0.0152709363028407,0.013647124171257,-0.0137925995513796,0.0079745119437575,0.0057970960624516,0.0068245716392993,0.0084023652598261,0.0271719731390476,-0.0020808740518987,-0.0066988365724682,-0.0017898420337587,0.0084511069580912,0.006096470169723,-0.0014560021227225,0.0079985586926341,0.0029080065432935,-0.003161288332194,-0.0112475054338574,-0.0079815667122602,0.0511608123779296,-0.0051850690506398,-0.0314386487007141,0.010603885166347,-0.0171884633600711,-0.0049795266240835,-0.0157100223004818,-0.0146559374406933,-0.0099759632721543,0.0087066851556301,-0.0022439029999077,-0.0016184166306629,-0.0190958604216575,0.0036023191642016,-0.0142144002020359,-0.0393037050962448,9.028296335600317e-05,0.0129255028441548,0.004153192974627,-0.0028014739509671,-0.0015407939208671,0.0147956209257245,-0.0100086443126201,-0.0016402433393523,-0.0188044942915439,-0.0073220185004174,0.0024381296243518,-0.0012669849675148,-0.0335274785757064,0.0014729886315763,0.0087712928652763,-0.0130538530647754,-0.0010977250058203,0.0013040181947872,-0.003637881251052,0.0020246049389243,-0.0041970717720687,-0.0014669699675998,-0.0151597208457134,-0.0016565463069952,-0.0012811065401152,-0.0165654614091066,0.0016519857942709,-0.0002761499620533,0.008314871002079,0.0221185024666001,0.0793116756417491,-0.0106755354107868,-0.0053957176468046,2019-03-01,2019-03-04,2019-03-05,2019-03-06,2019-03-07,2019-03-08,2019-03-11,2019-03-12,2019-03-13,2019-03-14,92599.0,2019-02-28,252.0,-0.4398%,0.0001,0.8047,0.1376,0.0198,0.6277%,1.0536%,64.5087%,-0.001972,EIS,92599.0,2019-03-01,252.0,0.2025%,0.0001,0.8011,0.1322,0.0162,0.6276%,1.0498%,64.2630%,-0.0041789999999999,EIS,92599.0,2019-03-04,252.0,-0.3485%,0.0001,0.8033,0.124,0.0158,0.6268%,1.0499%,64.3545%,0.001057,EIS,92599.0,2019-03-05,252.0,-0.0190%,0.0001,0.803,0.1228,0.0151,0.6269%,1.0490%,64.2849%,0.0015079999999999,EIS,92599.0,2019-03-06,252.0,-0.7478%,0.0001,0.8035,0.1209,0.0154,0.6268%,1.0493%,64.3126%,0.000719,EIS,92599.0,2019-03-07,252.0,-0.7512%,0.0001,0.8052,0.1275,0.0195,0.6260%,1.0504%,64.4839%,-0.000878,EIS,92599.0,2019-03-08,252.0,-0.3169%,0.0001,0.8054,0.1284,0.0197,0.6260%,1.0506%,64.4916%,-0.0015179999999999,EIS,92599.0,2019-03-11,252.0,0.5957%,0.0001,0.802,0.1239,0.0189,0.6273%,1.0512%,64.3888%,-0.006492,EIS,92599.0,2019-03-12,252.0,-0.0896%,0.0001,0.8039,0.1248,0.0214,0.6273%,1.0490%,64.2355%,-0.002629,EIS,92599.0,2019-03-13,252.0,1.5505%,0.0001,0.8075,0.116,0.0232,0.6297%,1.0529%,64.2359%,0.010331,EIS,92599.0,2019-03-14,252.0,-0.0828%,0.0001,0.8089,0.1152,0.0236,0.6289%,1.0529%,64.3265%,0.000296,EIS,-0.0061509999999999,-0.005094,-0.0035859999999999,-0.0037449999999999,-0.003757
15187,EOG RESOURCES INC,"MKM Partners Maintains Buy on EOG Resources, Lowers Price Target to $109",6,decrease,0.7,0.3,"the lowering of the price target by mkm partners suggests a less favorable outlook for eog resources, which could lead to a decrease in stock price.",0,2019-02-28,EOG,2019-02-28 13:16:00+00:00,75825.0,26875P10,-0.0109427701681852,5204722.0,0.0257446616888046,0.0120327677577734,0.0040447977371513,-0.0088653964921832,-0.0135316355153918,-0.0081649618223309,-0.0372774600982666,0.0018877850379794,-0.0064172716811299,-0.0347236320376396,-0.0537492744624614,-0.0093270512297749,-0.0020823727827519,-0.005386542994529,0.0083468724042177,0.0339315272867679,0.0182800218462944,0.0021705331746488,0.0126453964039683,0.0117118349298834,-0.0093656368553638,0.0150726903229951,0.0345526151359081,0.0184864774346351,0.0104438541457057,-0.0052693607285618,0.0324074327945709,-0.0331670045852661,0.0102200787514448,-0.0220640394836664,-0.0329307578504085,-0.0103642465546727,-0.0096071893349289,0.0053616468794643,0.021448565647006,-0.0035282105673104,-0.0018993385601788,-0.0025138261262327,0.0068717785179615,0.0058662304654717,-0.0006299617816694,0.0078491773456335,0.0184913016855716,-0.0100908176973462,-0.009180930443108,0.0191279370337724,-0.0220718663185834,0.0069379536435008,-0.0027680415660142,-0.0029940214008092,0.052951842546463,-0.0414646454155445,0.0086181294173002,0.0201918222010135,-0.009147603996098,0.0038512707687914,0.001623249030672,0.0030429235193878,0.0,0.0008120413986034,0.0666463449597358,0.0169298984110355,-0.0282024014741182,-0.0226997565478086,0.0022522103972733,-0.0007057132315821,-0.0049829226918518,0.0384213365614414,0.0199332926422357,0.0106866415590047,0.0308077093213796,0.0062819845043122,-0.0043896632269024,0.0439034886658191,-0.0249530579894781,-0.0070632314309477,-0.0178949441760778,0.0389863736927509,-0.0411442443728447,-0.0035420197527855,-0.0089905727654695,-0.0143034607172012,-0.0097937826067209,-0.0022474091965705,-0.0433108136057853,0.0739801749587059,-0.0296006221324205,-0.0504240356385707,0.0194011814892292,-0.0276353433728218,0.003740333719179,-0.0348462611436843,0.005918466951698,-0.0109562678262591,0.0245151445269584,-0.0228666141629219,0.0022333201486617,-0.0386690907180309,0.0080645391717553,-0.0267431680113077,-0.0157894734293222,-0.0105840321630239,0.0089839184656739,0.0182227939367294,0.000212044455111,0.0035394809674471,0.0086901197209954,-0.0183380134403705,-0.0226938817650079,0.0144913680851459,0.0070952880196273,-0.018641322851181,0.020815510302782,-0.037369355559349,-0.0284428913146257,0.046462133526802,-0.0436982549726963,-0.0204797908663749,-0.019020764157176,0.0163824278861284,0.0257446616888046,0.0120327677577734,0.0298935913752986,0.0030606960085191,0.0159574466771701,-0.0051292562798711,-0.0281915045318001,-0.0378618943315167,-0.0458510375668141,-0.0061695745402255,0.0503191822909665,-0.0330737492047633,-0.070768354688694,-0.0820862452567094,2019-03-01,2019-03-04,2019-03-05,2019-03-06,2019-03-07,2019-03-08,2019-03-11,2019-03-12,2019-03-13,2019-03-14,75825.0,2019-02-28,252.0,-1.0943%,-0.0002,1.2558,0.4288,0.7643,1.5546%,1.9719%,37.8482%,-0.0053149999999999,EOG,75825.0,2019-03-01,252.0,2.5745%,-0.0,1.2394,0.4044,0.7303,1.5444%,1.9518%,37.3851%,0.018427,EOG,75825.0,2019-03-04,252.0,0.4045%,-0.0,1.2422,0.3866,0.7314,1.5446%,1.9519%,37.3808%,0.009169,EOG,75825.0,2019-03-05,252.0,-1.3532%,-0.0,1.2452,0.4044,0.7367,1.5448%,1.9537%,37.4733%,-0.008556,EOG,75825.0,2019-03-06,252.0,-3.7277%,-0.0001,1.2596,0.4453,0.7584,1.5497%,1.9676%,37.9663%,-0.022107,EOG,75825.0,2019-03-07,252.0,-0.6417%,0.0,1.2605,0.4631,0.7647,1.5468%,1.9674%,38.1862%,0.0066359999999999,EOG,75825.0,2019-03-08,252.0,-5.3749%,-0.0001,1.2672,0.4648,0.7753,1.5785%,1.9961%,37.4659%,-0.0499979999999999,EOG,75825.0,2019-03-11,252.0,-0.2082%,-0.0002,1.2577,0.4545,0.7743,1.5827%,1.9961%,37.1301%,-0.018695,EOG,75825.0,2019-03-12,252.0,0.8347%,-0.0002,1.2585,0.4511,0.7739,1.5834%,1.9919%,36.8095%,0.007005,EOG,75825.0,2019-03-13,252.0,1.8280%,-0.0001,1.2614,0.4626,0.7797,1.5791%,1.9911%,37.1030%,0.010456,EOG,75825.0,2019-03-14,252.0,1.2645%,-0.0,1.2625,0.4555,0.7833,1.5813%,1.9924%,37.0110%,0.013375,EOG,0.0131119999999999,0.022281,0.0137249999999999,-0.001746,-0.039603
15195,EQUINIX INC,Equinix 2.59M Share of Common Stock @$416/Share,6,uncertain,0.5,0.5,"the news about equinix issuing shares at a specific price does not provide enough context to determine its impact on the stock price, as it could be interpreted positively or negatively depending on market conditions and investor sentiment.",1,2019-02-28,EQIX,2019-02-28 08:46:00+00:00,89617.0,29444U70,0.012794466689229,1549699.0,0.0219362657517194,-0.0180584322661161,-0.0134245185181498,-0.0015851894859224,-0.0001405160874128,0.0010267476318404,-0.0052937543950974,0.0062932027503848,0.0049215755425393,-0.0131393261253833,0.0085061630234122,0.0021830569021403,0.0184720046818256,0.0218324624001979,0.0003878662828356,0.0019021334592252,0.0008437744691036,0.0731800496578216,0.0036685485392808,-0.0140133015811443,0.0025653250049799,-0.0064738579094409,0.0056385062634944,0.0107372039929032,-0.0012385010486468,0.0154698649421334,0.0102130509912967,-0.0007946617552079,0.022786159068346,-0.0143763162195682,-0.0148159647360444,0.0012648941483348,-0.011782961897552,-0.0027498772833496,0.0033395059872418,0.006040621548891,0.0009157931781373,0.0286937411874532,0.0041956901550292,0.0098078018054366,0.0071117705665528,0.0057808682322502,0.0069290846586227,0.0207611061632633,0.0090730106458067,-0.0049558184109628,0.0034097977913916,0.0164813809096813,-0.0012337553780525,-0.0154982339590787,0.0112257124856114,-0.0097686061635613,-0.0068792412057518,-0.0187517311424017,-0.0071211634203791,0.0018892216030508,0.0023907460272312,-0.0048828283324837,-0.0011707856319844,0.0169951263815164,0.0058827172033488,0.0138653153553605,-0.0072942399419844,0.0020233085379004,-0.0159565135836601,0.0373894125223159,-0.0113551327958703,-0.0125462282449007,-0.0024132700636982,0.0207615941762924,0.0017695737769827,0.0020068159792572,0.0066631943918764,0.0226918142288923,0.0072188535705208,-0.0115999933332204,0.0009483156027272,-0.0072611686773598,-0.0018507278291508,-0.000821903173346,-0.0093587692826986,0.018649473786354,0.0131236258894205,-0.0082456963136792,-0.0103144980967044,0.0302342046052217,0.0333325937390327,-0.032228622585535,0.0257628448307514,-0.0220540855079889,0.0032285971101373,-0.0277657452970743,-0.0075230519287288,-0.006819955073297,0.0085276113823056,0.00517532043159,-0.0049898005090653,-0.0461100973188877,0.00677733682096,-0.006216000765562,-0.0074611669406294,0.0056830239482223,0.0162943266332149,-0.0068753021769225,0.0054132132790982,0.0070269745774567,0.0105626871809363,0.001578351133503,-0.0030096203554421,-0.0159146469086408,-0.0207228604704141,0.0198135636746883,0.0141423335298895,-0.0153920613229274,0.0196923892945051,0.0151318171992898,0.0045952745713293,0.0030460376292467,0.0005238770972937,0.0001301562151638,0.0219362657517194,-0.0180584322661161,0.0082172634277666,-0.019614995715078,0.0080755926826476,-0.0186083877336367,0.0076741442547523,-0.0254082655350972,0.0400944770725955,0.0580798008776355,0.0877686255750986,0.1168027682567955,0.1783737436316967,0.0950517460430337,2019-03-01,2019-03-04,2019-03-05,2019-03-06,2019-03-07,2019-03-08,2019-03-11,2019-03-12,2019-03-13,2019-03-14,89617.0,2019-02-28,252.0,1.2794%,0.0002,0.4653,-0.0623,-0.3196,1.3683%,1.4908%,15.7594%,0.0133759999999999,EQIX,89617.0,2019-03-01,252.0,2.1936%,0.0003,0.4725,-0.0515,-0.3163,1.3720%,1.4968%,15.9814%,0.017399,EQIX,89617.0,2019-03-04,252.0,-1.3425%,0.0003,0.4695,-0.0322,-0.3176,1.3723%,1.4963%,15.8842%,-0.0100299999999999,EQIX,89617.0,2019-03-05,252.0,-0.0141%,0.0003,0.4733,-0.0029,-0.3147,1.3683%,1.4943%,16.1524%,-0.000294,EQIX,89617.0,2019-03-06,252.0,-0.5294%,0.0003,0.4671,0.0064,-0.3205,1.3659%,1.4909%,16.0675%,-0.0013189999999999,EQIX,89617.0,2019-03-07,252.0,0.4922%,0.0003,0.4622,-0.0034,-0.3298,1.3661%,1.4904%,15.9896%,0.007609,EQIX,89617.0,2019-03-08,252.0,0.8506%,0.0003,0.4608,-0.0003,-0.3321,1.3671%,1.4913%,15.9632%,0.008874,EQIX,89617.0,2019-03-11,252.0,1.8472%,0.0004,0.466,-0.0039,-0.3368,1.3673%,1.4951%,16.3595%,0.00979,EQIX,89617.0,2019-03-12,252.0,0.0388%,0.0004,0.4596,-0.0018,-0.3432,1.3666%,1.4924%,16.1549%,-0.001147,EQIX,89617.0,2019-03-13,252.0,0.0844%,0.0003,0.4588,-0.0009,-0.3439,1.3667%,1.4924%,16.1443%,-0.002103,EQIX,89617.0,2019-03-14,252.0,0.3669%,0.0002,0.4668,-0.0074,-0.3406,1.3552%,1.4842%,16.6274%,0.0050649999999999,EQIX,0.030775,0.020745,0.020451,0.026741,0.04722
15203,ESPERION THERAPEUTICS INC NEW,Esperion Therapeutics Q4 EPS $(2.24) Misses $(1.42) Estimate,6,decrease,0.8,0.7,"the significant miss in eps estimates typically signals poor financial performance, which can lead to a decrease in stock price.",0,2019-02-28,ESPR,2019-02-28 22:20:00+00:00,13954.0,29664W10,-0.0134817259386181,426452.0,0.0255965366959571,0.0203056838363409,-0.0226311273872852,-0.0224119368940591,0.018394336104393,0.0066608842462301,-0.0152996433898806,0.0538949519395828,0.0135951889678835,0.0063810111023485,0.0017031725728884,0.007808914873749,0.0599362328648567,-0.0439174361526966,-0.0012030792422592,0.0233708079904317,0.0754868164658546,-0.0442440137267112,-0.0847489461302757,-0.0049155703745782,0.0171323716640472,0.0453530550003051,-0.0268698651343584,-0.0112657863646745,-0.0943745747208595,0.0022139095235615,-0.0175199192017316,-0.0306867025792598,0.0243167951703071,0.0088763767853379,-0.0642098188400268,-0.0371065773069858,0.0057985428720712,0.0351748168468475,0.0120105687528848,-0.0023681509774178,-0.0275338198989629,0.0287928953766822,-0.0209909826517105,0.0212622135877609,0.0009972803527489,0.0236165896058082,0.0009961917530745,-0.0337808094918727,0.0803682431578636,0.0318559817969799,0.005066817626357,0.031183086335659,-0.0403299331665039,0.0002380552759859,0.0257879178971052,-0.0243902262300252,0.0023278000298887,-0.0207006335258483,-0.0301905013620853,0.0223255604505538,0.0270594134926796,-0.0023201503790915,-0.0128234848380088,0.0126879010349512,-0.0252716038376092,-0.0305239204317331,0.0079960748553276,0.0397915728390216,0.0009615605231374,0.0373464487493038,-0.0369836911559104,0.0119343493133783,0.0209476351737976,-0.0462413318455219,0.0190523359924554,0.0105439405888319,0.0426653586328029,-0.0611923784017562,-0.0365517288446426,-0.0275650471448898,0.028632802888751,-0.0063043679110705,0.0334028899669647,0.0414308793842792,-0.0300785675644874,0.0095999585464596,-0.0025457211304456,0.0032102589029818,-0.025522006675601,0.090250015258789,0.0176190882921218,0.0188487451523542,0.011698642745614,-0.0493946969509124,0.1156336665153503,-0.0830373391509056,0.0031094052828848,-0.0303552169352769,0.0427774265408515,0.0036733360029757,0.007332595065236,-0.0352304019033908,-0.0129845291376113,-0.0584887042641639,-0.0326888486742973,-0.0756530910730362,0.0255512408912181,0.0419659242033958,-0.0160739254206419,-0.0005667632794938,0.0408413298428058,0.0279665682464838,0.0149106988683342,-0.0484198667109012,-0.0318963415920734,0.0112129002809524,0.0297523532062768,-0.0703614130616188,-0.0100833903998136,0.0827690288424491,-0.0019588340073823,0.0316320806741714,0.0270853992551565,-0.0162276104092598,0.0255965366959571,0.0203056838363409,0.0023861308260324,-0.002561342762449,0.0208243582228284,0.0040824806761254,0.0188720765897036,0.0649498274417024,0.0635574917321619,-0.0012823541908193,-0.0815617886486096,0.0979792805147201,0.1351410725759356,-0.1078656235097972,2019-03-01,2019-03-04,2019-03-05,2019-03-06,2019-03-07,2019-03-08,2019-03-11,2019-03-12,2019-03-13,2019-03-14,13954.0,2019-02-28,252.0,-1.3482%,-0.0017,1.4577,1.3587,-0.2366,4.0864%,4.4672%,16.3204%,-0.009975,ESPR,13954.0,2019-03-01,252.0,2.5597%,-0.0017,1.4768,1.3871,-0.2126,4.0835%,4.4702%,16.5557%,0.010124,ESPR,13954.0,2019-03-04,252.0,-2.2631%,-0.0016,1.4599,1.4494,-0.2096,4.0766%,4.4645%,16.6207%,-0.008664,ESPR,13954.0,2019-03-05,252.0,1.8394%,-0.0015,1.4558,1.4345,-0.2223,4.0800%,4.4630%,16.4271%,0.024776,ESPR,13954.0,2019-03-06,252.0,-1.5300%,-0.0014,1.4601,1.391,-0.2234,4.0792%,4.4633%,16.4727%,0.015002,ESPR,13954.0,2019-03-07,252.0,1.3595%,-0.0012,1.4508,1.3988,-0.2335,4.0819%,4.4642%,16.3962%,0.025715,ESPR,13954.0,2019-03-08,252.0,0.1703%,-0.0011,1.4479,1.4352,-0.24,4.0767%,4.4624%,16.5406%,0.003709,ESPR,13954.0,2019-03-11,252.0,5.9936%,-0.0008,1.4663,1.4129,-0.2622,4.0741%,4.4714%,16.9808%,0.031858,ESPR,13954.0,2019-03-12,252.0,-0.1203%,-0.0008,1.4585,1.4147,-0.2704,4.0737%,4.4676%,16.8533%,-0.001212,ESPR,13954.0,2019-03-13,252.0,7.5487%,-0.0008,1.4836,1.3388,-0.2613,4.0812%,4.4749%,16.8228%,0.070223,ESPR,13954.0,2019-03-14,252.0,-8.4749%,-0.001,1.4758,1.3801,-0.2822,4.1082%,4.5037%,16.7910%,-0.077083,ESPR,0.0001489999999999,-0.008515,0.0162609999999999,0.056978,0.0844729999999999
15211,ESPERION THERAPEUTICS INC NEW,Esperion Announces Submissions Of Two NDAs And Official Completion Of Two MAA Validations For Both Bempedoic Acid And The Bempedoic Acid / Ezetimibe Combination Tablet,6,increase,0.8,0.7,"the submission of two ndas and completion of maa validations for key products typically signals progress in the drug approval process, which can positively influence investor sentiment and stock price.",2,2019-02-28,ESPR,2019-02-28 12:29:00+00:00,13954.0,29664W10,-0.0134817259386181,426452.0,0.0255965366959571,0.0203056838363409,-0.0226311273872852,-0.0224119368940591,0.018394336104393,0.0066608842462301,-0.0152996433898806,0.0538949519395828,0.0135951889678835,0.0063810111023485,0.0017031725728884,0.007808914873749,0.0599362328648567,-0.0439174361526966,-0.0012030792422592,0.0233708079904317,0.0754868164658546,-0.0442440137267112,-0.0847489461302757,-0.0049155703745782,0.0171323716640472,0.0453530550003051,-0.0268698651343584,-0.0112657863646745,-0.0943745747208595,0.0022139095235615,-0.0175199192017316,-0.0306867025792598,0.0243167951703071,0.0088763767853379,-0.0642098188400268,-0.0371065773069858,0.0057985428720712,0.0351748168468475,0.0120105687528848,-0.0023681509774178,-0.0275338198989629,0.0287928953766822,-0.0209909826517105,0.0212622135877609,0.0009972803527489,0.0236165896058082,0.0009961917530745,-0.0337808094918727,0.0803682431578636,0.0318559817969799,0.005066817626357,0.031183086335659,-0.0403299331665039,0.0002380552759859,0.0257879178971052,-0.0243902262300252,0.0023278000298887,-0.0207006335258483,-0.0301905013620853,0.0223255604505538,0.0270594134926796,-0.0023201503790915,-0.0128234848380088,0.0126879010349512,-0.0252716038376092,-0.0305239204317331,0.0079960748553276,0.0397915728390216,0.0009615605231374,0.0373464487493038,-0.0369836911559104,0.0119343493133783,0.0209476351737976,-0.0462413318455219,0.0190523359924554,0.0105439405888319,0.0426653586328029,-0.0611923784017562,-0.0365517288446426,-0.0275650471448898,0.028632802888751,-0.0063043679110705,0.0334028899669647,0.0414308793842792,-0.0300785675644874,0.0095999585464596,-0.0025457211304456,0.0032102589029818,-0.025522006675601,0.090250015258789,0.0176190882921218,0.0188487451523542,0.011698642745614,-0.0493946969509124,0.1156336665153503,-0.0830373391509056,0.0031094052828848,-0.0303552169352769,0.0427774265408515,0.0036733360029757,0.007332595065236,-0.0352304019033908,-0.0129845291376113,-0.0584887042641639,-0.0326888486742973,-0.0756530910730362,0.0255512408912181,0.0419659242033958,-0.0160739254206419,-0.0005667632794938,0.0408413298428058,0.0279665682464838,0.0149106988683342,-0.0484198667109012,-0.0318963415920734,0.0112129002809524,0.0297523532062768,-0.0703614130616188,-0.0100833903998136,0.0827690288424491,-0.0019588340073823,0.0316320806741714,0.0270853992551565,-0.0162276104092598,0.0255965366959571,0.0203056838363409,0.0023861308260324,-0.002561342762449,0.0208243582228284,0.0040824806761254,0.0188720765897036,0.0649498274417024,0.0635574917321619,-0.0012823541908193,-0.0815617886486096,0.0979792805147201,0.1351410725759356,-0.1078656235097972,2019-03-01,2019-03-04,2019-03-05,2019-03-06,2019-03-07,2019-03-08,2019-03-11,2019-03-12,2019-03-13,2019-03-14,13954.0,2019-02-28,252.0,-1.3482%,-0.0017,1.4577,1.3587,-0.2366,4.0864%,4.4672%,16.3204%,-0.009975,ESPR,13954.0,2019-03-01,252.0,2.5597%,-0.0017,1.4768,1.3871,-0.2126,4.0835%,4.4702%,16.5557%,0.010124,ESPR,13954.0,2019-03-04,252.0,-2.2631%,-0.0016,1.4599,1.4494,-0.2096,4.0766%,4.4645%,16.6207%,-0.008664,ESPR,13954.0,2019-03-05,252.0,1.8394%,-0.0015,1.4558,1.4345,-0.2223,4.0800%,4.4630%,16.4271%,0.024776,ESPR,13954.0,2019-03-06,252.0,-1.5300%,-0.0014,1.4601,1.391,-0.2234,4.0792%,4.4633%,16.4727%,0.015002,ESPR,13954.0,2019-03-07,252.0,1.3595%,-0.0012,1.4508,1.3988,-0.2335,4.0819%,4.4642%,16.3962%,0.025715,ESPR,13954.0,2019-03-08,252.0,0.1703%,-0.0011,1.4479,1.4352,-0.24,4.0767%,4.4624%,16.5406%,0.003709,ESPR,13954.0,2019-03-11,252.0,5.9936%,-0.0008,1.4663,1.4129,-0.2622,4.0741%,4.4714%,16.9808%,0.031858,ESPR,13954.0,2019-03-12,252.0,-0.1203%,-0.0008,1.4585,1.4147,-0.2704,4.0737%,4.4676%,16.8533%,-0.001212,ESPR,13954.0,2019-03-13,252.0,7.5487%,-0.0008,1.4836,1.3388,-0.2613,4.0812%,4.4749%,16.8228%,0.070223,ESPR,13954.0,2019-03-14,252.0,-8.4749%,-0.001,1.4758,1.3801,-0.2822,4.1082%,4.5037%,16.7910%,-0.077083,ESPR,0.0001489999999999,-0.008515,0.0162609999999999,0.056978,0.0844729999999999
15219,ISHARES INC,Trump Says Wants to Do Deal with N. Korea Right,6,uncertain,0.5,0.2,"the news about trump wanting to negotiate with north korea does not directly relate to ishares inc's business or market performance, leading to uncertainty in its impact on stock price.",1,2019-02-28,EWY,2019-02-28 09:09:00+00:00,88214.0,46428677,-0.0214451793581247,4278132.0,0.0012704146793112,-0.002325605135411,-0.0079302145168185,-0.0029371222481131,-0.0023980450350791,0.0032568094320595,-0.0043269302695989,0.0095507195219397,-0.0167391095310449,-0.0046750702895224,-0.0065477415919303,0.008169624954462,0.0098863458260893,0.0037849184591323,0.0057105314917862,-0.0022029802203178,-0.0064892554655671,0.0061747846193611,-0.0063684387132525,-0.0056675160303711,0.0190632678568363,0.0122709237039089,0.0029027627315372,0.0012765571009367,-0.0022511559072881,-0.0124488016590476,0.0045125316828489,-0.0182549562305212,0.0088239889591932,-0.0091967890039086,-0.0263994876295328,0.0154085271060466,0.0004900160129182,0.0032791860867291,-0.0035918566863983,-0.0105068031698465,-0.0109781781211495,-0.0067526460625231,0.0053015192970633,0.0300348624587059,0.0044495789334177,0.0054036895744502,0.019688282161951,-0.008509311825037,-0.0024135401472449,0.0286918543279171,0.0187096744775772,0.0119750583544373,0.0018999197054654,0.0138033926486969,0.0023704413324594,-0.0214808732271194,-0.0063061881810426,0.0052347406744956,-0.0001586279831826,0.0018026976613327,0.0074579692445695,0.016830563545227,-0.0066152461804449,0.0141963865607976,0.0139527674764394,-0.0113617433235049,-0.000938254466746,-0.0008347754483111,0.0042260801419615,0.0040228241123259,0.002182035241276,0.0254382863640785,-0.0157076530158519,-0.0112168565392494,-0.0048981099389493,0.0037530062254518,0.0038107603322714,0.0316789746284484,-0.0257829967886209,-0.0215257443487644,-0.0053580421954393,-0.013421693816781,-0.0021220578346401,-0.0052391001954674,0.0153770428150892,0.0083503387868404,-0.0095053995028138,0.0020491620525717,-0.0078074098564684,0.0186119265854358,0.0068852161057293,-0.0077666025608778,0.0003256342897657,-0.0053219120018184,-0.0174153596162796,0.0088326688855886,-0.0177240297198295,-0.0114706074818968,0.0023608666379004,0.0138707216829061,-0.0316284857690334,-0.0056199221871793,0.0033008793834596,-0.0185525752604007,-0.0370562672615051,-0.0023344904184341,0.0154648553580045,0.0173028074204921,0.0051354188472032,-0.0015243927482515,-0.0139182014390826,0.0010173172922804,-0.0125067131593823,-0.0217283349484205,-0.0036186133511364,-0.0077353096567094,0.0128926653414964,-0.0247191153466701,0.0019720438867807,0.0277136322110891,-0.0094828912988305,-0.0101241460070014,0.0009031653753481,-0.0100226141512394,0.0012704146793112,-0.002325605135411,-0.0066698744984395,-0.0052558967969406,-0.0090519248740931,-0.0020162048191433,-0.0298555031268529,0.0028050538448345,-0.0336668678401342,0.013066719098594,0.0015880346177812,0.0875443692185227,-0.1200571871765427,0.054320060572347,2019-03-01,2019-03-04,2019-03-05,2019-03-06,2019-03-07,2019-03-08,2019-03-11,2019-03-12,2019-03-13,2019-03-14,88214.0,2019-02-28,252.0,-2.1445%,-0.0006,0.9185,-0.0825,0.0407,1.0062%,1.3847%,47.1944%,-0.018568,EWY,88214.0,2019-03-01,252.0,0.1270%,-0.0006,0.9158,-0.0864,0.0387,1.0065%,1.3824%,46.9913%,-0.00503,EWY,88214.0,2019-03-04,252.0,-0.7930%,-0.0006,0.9196,-0.0961,0.0371,1.0056%,1.3829%,47.1195%,-0.003754,EWY,88214.0,2019-03-05,252.0,-0.2398%,-0.0007,0.9189,-0.102,0.0368,1.0054%,1.3819%,47.0700%,-0.001133,EWY,88214.0,2019-03-06,252.0,-0.4327%,-0.0006,0.9255,-0.1141,0.0426,1.0013%,1.3818%,47.4940%,0.002002,EWY,88214.0,2019-03-07,252.0,-1.6739%,-0.0008,0.9214,-0.1519,0.0264,0.9803%,1.3670%,48.5793%,-0.009179,EWY,88214.0,2019-03-08,252.0,-0.6548%,-0.0008,0.9218,-0.1507,0.027,0.9805%,1.3675%,48.5864%,-0.00449,EWY,88214.0,2019-03-11,252.0,0.9886%,-0.0008,0.9207,-0.1579,0.0234,0.9798%,1.3690%,48.7786%,-0.003255,EWY,88214.0,2019-03-12,252.0,0.5711%,-0.0008,0.9094,-0.1571,0.0107,0.9762%,1.3567%,48.2251%,0.002895,EWY,88214.0,2019-03-13,252.0,-0.6489%,-0.0009,0.9054,-0.1535,0.0073,0.9792%,1.3571%,47.9401%,-0.0132749999999999,EWY,88214.0,2019-03-14,252.0,-0.6368%,-0.0009,0.9056,-0.151,0.006,0.9797%,1.3573%,47.8965%,-0.0062039999999999,EWY,-0.023598,-0.027352,-0.028485,-0.035662,-0.059991
15227,ISHARES INC,Trump Says Walked Away from Nuclear Deal at Summit with Kim Jong Un Because of Unacceptable Demands to Lift U.S.-led Sanctions,6,uncertain,0.6,0.2,"the news regarding trump's stance on the nuclear deal and sanctions may create volatility in markets, but its direct impact on ishares inc's stock price is unclear due to the complex interplay of geopolitical factors and investor sentiment.",1,2019-02-28,EWY,2019-02-28 09:08:00+00:00,88214.0,46428677,-0.0214451793581247,4278132.0,0.0012704146793112,-0.002325605135411,-0.0079302145168185,-0.0029371222481131,-0.0023980450350791,0.0032568094320595,-0.0043269302695989,0.0095507195219397,-0.0167391095310449,-0.0046750702895224,-0.0065477415919303,0.008169624954462,0.0098863458260893,0.0037849184591323,0.0057105314917862,-0.0022029802203178,-0.0064892554655671,0.0061747846193611,-0.0063684387132525,-0.0056675160303711,0.0190632678568363,0.0122709237039089,0.0029027627315372,0.0012765571009367,-0.0022511559072881,-0.0124488016590476,0.0045125316828489,-0.0182549562305212,0.0088239889591932,-0.0091967890039086,-0.0263994876295328,0.0154085271060466,0.0004900160129182,0.0032791860867291,-0.0035918566863983,-0.0105068031698465,-0.0109781781211495,-0.0067526460625231,0.0053015192970633,0.0300348624587059,0.0044495789334177,0.0054036895744502,0.019688282161951,-0.008509311825037,-0.0024135401472449,0.0286918543279171,0.0187096744775772,0.0119750583544373,0.0018999197054654,0.0138033926486969,0.0023704413324594,-0.0214808732271194,-0.0063061881810426,0.0052347406744956,-0.0001586279831826,0.0018026976613327,0.0074579692445695,0.016830563545227,-0.0066152461804449,0.0141963865607976,0.0139527674764394,-0.0113617433235049,-0.000938254466746,-0.0008347754483111,0.0042260801419615,0.0040228241123259,0.002182035241276,0.0254382863640785,-0.0157076530158519,-0.0112168565392494,-0.0048981099389493,0.0037530062254518,0.0038107603322714,0.0316789746284484,-0.0257829967886209,-0.0215257443487644,-0.0053580421954393,-0.013421693816781,-0.0021220578346401,-0.0052391001954674,0.0153770428150892,0.0083503387868404,-0.0095053995028138,0.0020491620525717,-0.0078074098564684,0.0186119265854358,0.0068852161057293,-0.0077666025608778,0.0003256342897657,-0.0053219120018184,-0.0174153596162796,0.0088326688855886,-0.0177240297198295,-0.0114706074818968,0.0023608666379004,0.0138707216829061,-0.0316284857690334,-0.0056199221871793,0.0033008793834596,-0.0185525752604007,-0.0370562672615051,-0.0023344904184341,0.0154648553580045,0.0173028074204921,0.0051354188472032,-0.0015243927482515,-0.0139182014390826,0.0010173172922804,-0.0125067131593823,-0.0217283349484205,-0.0036186133511364,-0.0077353096567094,0.0128926653414964,-0.0247191153466701,0.0019720438867807,0.0277136322110891,-0.0094828912988305,-0.0101241460070014,0.0009031653753481,-0.0100226141512394,0.0012704146793112,-0.002325605135411,-0.0066698744984395,-0.0052558967969406,-0.0090519248740931,-0.0020162048191433,-0.0298555031268529,0.0028050538448345,-0.0336668678401342,0.013066719098594,0.0015880346177812,0.0875443692185227,-0.1200571871765427,0.054320060572347,2019-03-01,2019-03-04,2019-03-05,2019-03-06,2019-03-07,2019-03-08,2019-03-11,2019-03-12,2019-03-13,2019-03-14,88214.0,2019-02-28,252.0,-2.1445%,-0.0006,0.9185,-0.0825,0.0407,1.0062%,1.3847%,47.1944%,-0.018568,EWY,88214.0,2019-03-01,252.0,0.1270%,-0.0006,0.9158,-0.0864,0.0387,1.0065%,1.3824%,46.9913%,-0.00503,EWY,88214.0,2019-03-04,252.0,-0.7930%,-0.0006,0.9196,-0.0961,0.0371,1.0056%,1.3829%,47.1195%,-0.003754,EWY,88214.0,2019-03-05,252.0,-0.2398%,-0.0007,0.9189,-0.102,0.0368,1.0054%,1.3819%,47.0700%,-0.001133,EWY,88214.0,2019-03-06,252.0,-0.4327%,-0.0006,0.9255,-0.1141,0.0426,1.0013%,1.3818%,47.4940%,0.002002,EWY,88214.0,2019-03-07,252.0,-1.6739%,-0.0008,0.9214,-0.1519,0.0264,0.9803%,1.3670%,48.5793%,-0.009179,EWY,88214.0,2019-03-08,252.0,-0.6548%,-0.0008,0.9218,-0.1507,0.027,0.9805%,1.3675%,48.5864%,-0.00449,EWY,88214.0,2019-03-11,252.0,0.9886%,-0.0008,0.9207,-0.1579,0.0234,0.9798%,1.3690%,48.7786%,-0.003255,EWY,88214.0,2019-03-12,252.0,0.5711%,-0.0008,0.9094,-0.1571,0.0107,0.9762%,1.3567%,48.2251%,0.002895,EWY,88214.0,2019-03-13,252.0,-0.6489%,-0.0009,0.9054,-0.1535,0.0073,0.9792%,1.3571%,47.9401%,-0.0132749999999999,EWY,88214.0,2019-03-14,252.0,-0.6368%,-0.0009,0.9056,-0.151,0.006,0.9797%,1.3573%,47.8965%,-0.0062039999999999,EWY,-0.023598,-0.027352,-0.028485,-0.035662,-0.059991
15235,ISHARES INC,S.Korea Says Trump's Willingness To Continue Dialogue With Kim Brightens Prospects For Next Meeting,6,increase,0.7,0.6,"the news suggests a positive development in u.s.-north korea relations, which could lead to improved market sentiment and potentially benefit ishares inc's stock price.",2,2019-02-28,EWY,2019-02-28 09:05:00+00:00,88214.0,46428677,-0.0214451793581247,4278132.0,0.0012704146793112,-0.002325605135411,-0.0079302145168185,-0.0029371222481131,-0.0023980450350791,0.0032568094320595,-0.0043269302695989,0.0095507195219397,-0.0167391095310449,-0.0046750702895224,-0.0065477415919303,0.008169624954462,0.0098863458260893,0.0037849184591323,0.0057105314917862,-0.0022029802203178,-0.0064892554655671,0.0061747846193611,-0.0063684387132525,-0.0056675160303711,0.0190632678568363,0.0122709237039089,0.0029027627315372,0.0012765571009367,-0.0022511559072881,-0.0124488016590476,0.0045125316828489,-0.0182549562305212,0.0088239889591932,-0.0091967890039086,-0.0263994876295328,0.0154085271060466,0.0004900160129182,0.0032791860867291,-0.0035918566863983,-0.0105068031698465,-0.0109781781211495,-0.0067526460625231,0.0053015192970633,0.0300348624587059,0.0044495789334177,0.0054036895744502,0.019688282161951,-0.008509311825037,-0.0024135401472449,0.0286918543279171,0.0187096744775772,0.0119750583544373,0.0018999197054654,0.0138033926486969,0.0023704413324594,-0.0214808732271194,-0.0063061881810426,0.0052347406744956,-0.0001586279831826,0.0018026976613327,0.0074579692445695,0.016830563545227,-0.0066152461804449,0.0141963865607976,0.0139527674764394,-0.0113617433235049,-0.000938254466746,-0.0008347754483111,0.0042260801419615,0.0040228241123259,0.002182035241276,0.0254382863640785,-0.0157076530158519,-0.0112168565392494,-0.0048981099389493,0.0037530062254518,0.0038107603322714,0.0316789746284484,-0.0257829967886209,-0.0215257443487644,-0.0053580421954393,-0.013421693816781,-0.0021220578346401,-0.0052391001954674,0.0153770428150892,0.0083503387868404,-0.0095053995028138,0.0020491620525717,-0.0078074098564684,0.0186119265854358,0.0068852161057293,-0.0077666025608778,0.0003256342897657,-0.0053219120018184,-0.0174153596162796,0.0088326688855886,-0.0177240297198295,-0.0114706074818968,0.0023608666379004,0.0138707216829061,-0.0316284857690334,-0.0056199221871793,0.0033008793834596,-0.0185525752604007,-0.0370562672615051,-0.0023344904184341,0.0154648553580045,0.0173028074204921,0.0051354188472032,-0.0015243927482515,-0.0139182014390826,0.0010173172922804,-0.0125067131593823,-0.0217283349484205,-0.0036186133511364,-0.0077353096567094,0.0128926653414964,-0.0247191153466701,0.0019720438867807,0.0277136322110891,-0.0094828912988305,-0.0101241460070014,0.0009031653753481,-0.0100226141512394,0.0012704146793112,-0.002325605135411,-0.0066698744984395,-0.0052558967969406,-0.0090519248740931,-0.0020162048191433,-0.0298555031268529,0.0028050538448345,-0.0336668678401342,0.013066719098594,0.0015880346177812,0.0875443692185227,-0.1200571871765427,0.054320060572347,2019-03-01,2019-03-04,2019-03-05,2019-03-06,2019-03-07,2019-03-08,2019-03-11,2019-03-12,2019-03-13,2019-03-14,88214.0,2019-02-28,252.0,-2.1445%,-0.0006,0.9185,-0.0825,0.0407,1.0062%,1.3847%,47.1944%,-0.018568,EWY,88214.0,2019-03-01,252.0,0.1270%,-0.0006,0.9158,-0.0864,0.0387,1.0065%,1.3824%,46.9913%,-0.00503,EWY,88214.0,2019-03-04,252.0,-0.7930%,-0.0006,0.9196,-0.0961,0.0371,1.0056%,1.3829%,47.1195%,-0.003754,EWY,88214.0,2019-03-05,252.0,-0.2398%,-0.0007,0.9189,-0.102,0.0368,1.0054%,1.3819%,47.0700%,-0.001133,EWY,88214.0,2019-03-06,252.0,-0.4327%,-0.0006,0.9255,-0.1141,0.0426,1.0013%,1.3818%,47.4940%,0.002002,EWY,88214.0,2019-03-07,252.0,-1.6739%,-0.0008,0.9214,-0.1519,0.0264,0.9803%,1.3670%,48.5793%,-0.009179,EWY,88214.0,2019-03-08,252.0,-0.6548%,-0.0008,0.9218,-0.1507,0.027,0.9805%,1.3675%,48.5864%,-0.00449,EWY,88214.0,2019-03-11,252.0,0.9886%,-0.0008,0.9207,-0.1579,0.0234,0.9798%,1.3690%,48.7786%,-0.003255,EWY,88214.0,2019-03-12,252.0,0.5711%,-0.0008,0.9094,-0.1571,0.0107,0.9762%,1.3567%,48.2251%,0.002895,EWY,88214.0,2019-03-13,252.0,-0.6489%,-0.0009,0.9054,-0.1535,0.0073,0.9792%,1.3571%,47.9401%,-0.0132749999999999,EWY,88214.0,2019-03-14,252.0,-0.6368%,-0.0009,0.9056,-0.151,0.006,0.9797%,1.3573%,47.8965%,-0.0062039999999999,EWY,-0.023598,-0.027352,-0.028485,-0.035662,-0.059991
15243,ISHARES INC,S. Korea Says Regrets No Deal Reached at Trump-Kim Summit,6,uncertain,0.6,0.3,"the news about the trump-kim summit not reaching a deal may create geopolitical uncertainty, which could have mixed effects on investor sentiment towards ishares inc, depending on market perceptions of risk.",1,2019-02-28,EWY,2019-02-28 09:05:00+00:00,88214.0,46428677,-0.0214451793581247,4278132.0,0.0012704146793112,-0.002325605135411,-0.0079302145168185,-0.0029371222481131,-0.0023980450350791,0.0032568094320595,-0.0043269302695989,0.0095507195219397,-0.0167391095310449,-0.0046750702895224,-0.0065477415919303,0.008169624954462,0.0098863458260893,0.0037849184591323,0.0057105314917862,-0.0022029802203178,-0.0064892554655671,0.0061747846193611,-0.0063684387132525,-0.0056675160303711,0.0190632678568363,0.0122709237039089,0.0029027627315372,0.0012765571009367,-0.0022511559072881,-0.0124488016590476,0.0045125316828489,-0.0182549562305212,0.0088239889591932,-0.0091967890039086,-0.0263994876295328,0.0154085271060466,0.0004900160129182,0.0032791860867291,-0.0035918566863983,-0.0105068031698465,-0.0109781781211495,-0.0067526460625231,0.0053015192970633,0.0300348624587059,0.0044495789334177,0.0054036895744502,0.019688282161951,-0.008509311825037,-0.0024135401472449,0.0286918543279171,0.0187096744775772,0.0119750583544373,0.0018999197054654,0.0138033926486969,0.0023704413324594,-0.0214808732271194,-0.0063061881810426,0.0052347406744956,-0.0001586279831826,0.0018026976613327,0.0074579692445695,0.016830563545227,-0.0066152461804449,0.0141963865607976,0.0139527674764394,-0.0113617433235049,-0.000938254466746,-0.0008347754483111,0.0042260801419615,0.0040228241123259,0.002182035241276,0.0254382863640785,-0.0157076530158519,-0.0112168565392494,-0.0048981099389493,0.0037530062254518,0.0038107603322714,0.0316789746284484,-0.0257829967886209,-0.0215257443487644,-0.0053580421954393,-0.013421693816781,-0.0021220578346401,-0.0052391001954674,0.0153770428150892,0.0083503387868404,-0.0095053995028138,0.0020491620525717,-0.0078074098564684,0.0186119265854358,0.0068852161057293,-0.0077666025608778,0.0003256342897657,-0.0053219120018184,-0.0174153596162796,0.0088326688855886,-0.0177240297198295,-0.0114706074818968,0.0023608666379004,0.0138707216829061,-0.0316284857690334,-0.0056199221871793,0.0033008793834596,-0.0185525752604007,-0.0370562672615051,-0.0023344904184341,0.0154648553580045,0.0173028074204921,0.0051354188472032,-0.0015243927482515,-0.0139182014390826,0.0010173172922804,-0.0125067131593823,-0.0217283349484205,-0.0036186133511364,-0.0077353096567094,0.0128926653414964,-0.0247191153466701,0.0019720438867807,0.0277136322110891,-0.0094828912988305,-0.0101241460070014,0.0009031653753481,-0.0100226141512394,0.0012704146793112,-0.002325605135411,-0.0066698744984395,-0.0052558967969406,-0.0090519248740931,-0.0020162048191433,-0.0298555031268529,0.0028050538448345,-0.0336668678401342,0.013066719098594,0.0015880346177812,0.0875443692185227,-0.1200571871765427,0.054320060572347,2019-03-01,2019-03-04,2019-03-05,2019-03-06,2019-03-07,2019-03-08,2019-03-11,2019-03-12,2019-03-13,2019-03-14,88214.0,2019-02-28,252.0,-2.1445%,-0.0006,0.9185,-0.0825,0.0407,1.0062%,1.3847%,47.1944%,-0.018568,EWY,88214.0,2019-03-01,252.0,0.1270%,-0.0006,0.9158,-0.0864,0.0387,1.0065%,1.3824%,46.9913%,-0.00503,EWY,88214.0,2019-03-04,252.0,-0.7930%,-0.0006,0.9196,-0.0961,0.0371,1.0056%,1.3829%,47.1195%,-0.003754,EWY,88214.0,2019-03-05,252.0,-0.2398%,-0.0007,0.9189,-0.102,0.0368,1.0054%,1.3819%,47.0700%,-0.001133,EWY,88214.0,2019-03-06,252.0,-0.4327%,-0.0006,0.9255,-0.1141,0.0426,1.0013%,1.3818%,47.4940%,0.002002,EWY,88214.0,2019-03-07,252.0,-1.6739%,-0.0008,0.9214,-0.1519,0.0264,0.9803%,1.3670%,48.5793%,-0.009179,EWY,88214.0,2019-03-08,252.0,-0.6548%,-0.0008,0.9218,-0.1507,0.027,0.9805%,1.3675%,48.5864%,-0.00449,EWY,88214.0,2019-03-11,252.0,0.9886%,-0.0008,0.9207,-0.1579,0.0234,0.9798%,1.3690%,48.7786%,-0.003255,EWY,88214.0,2019-03-12,252.0,0.5711%,-0.0008,0.9094,-0.1571,0.0107,0.9762%,1.3567%,48.2251%,0.002895,EWY,88214.0,2019-03-13,252.0,-0.6489%,-0.0009,0.9054,-0.1535,0.0073,0.9792%,1.3571%,47.9401%,-0.0132749999999999,EWY,88214.0,2019-03-14,252.0,-0.6368%,-0.0009,0.9056,-0.151,0.006,0.9797%,1.3573%,47.8965%,-0.0062039999999999,EWY,-0.023598,-0.027352,-0.028485,-0.035662,-0.059991
15251,EXLSERVICE HOLDINGS INC,"ExlService Holdings Sees Adj. EPS $2.90-$3.05 vs $3.01 Est., Sales $975M-$1.0B vs $998.27M Est.",6,uncertain,0.6,0.3,"while the adjusted eps guidance is slightly below estimates, the sales range is also below expectations, leading to uncertainty about the overall market reaction.",1,2019-02-28,EXLS,2019-02-28 11:12:00+00:00,91500.0,30208110,-0.0016259914264082,248139.0,-0.003745982889086,-0.0095023373141884,-0.0168382991105318,-0.0098867639899253,0.0059860427863895,-0.0201562643051147,-0.0236363690346479,0.0104199536144733,-0.0120196221396327,-0.0163068678230047,0.0054832021705806,0.0009326528524979,0.0158486757427454,0.0149889672175049,0.0,0.0163566451519727,-0.0038584053982049,0.0131600545719265,0.0069046788848936,0.0080248583108186,0.0105368327349424,-0.0006546170334331,-0.0082754055038094,0.0021321510430425,0.0033377965446561,0.0019721076823771,-0.0043246559798717,0.0029668749775737,0.0043434398248791,0.0078072659671306,-0.0365934930741787,0.0040026963688433,0.0160566363483667,0.0204220693558454,0.020560797303915,0.0219130143523216,-0.0068265041336417,0.0123239569365978,0.0073763388209044,0.0148293366655707,-0.0011649142252281,-0.0069197905249893,0.0111629152670502,-0.0105336811393499,-0.0098862824961543,0.0119026144966483,-0.0026626701001077,0.0096861151978373,0.0070081455633044,0.0012571783736348,-0.0024854633957147,-0.0021505185868591,0.0034883569460362,0.0010763824684545,-0.012415163218975,0.0017973092617467,0.0043580005876719,0.0184879787266254,0.0116822561249136,0.0171290636062622,0.0011547293979674,-0.0029701103921979,-0.0082385893911123,0.0026056093629449,0.0054826689884066,0.0059913815930485,0.0079312548041343,0.0031930534169077,-0.0118032982572913,0.0164184924215078,0.0087923454120755,0.001146815251559,0.0182535238564014,0.0366554073989391,0.010174436494708,-0.0305416844785213,-0.0044763996265828,-0.0106422947719693,0.0075477953068912,0.009980815462768,-0.0020720602478832,0.0102772694081068,-0.0512697510421276,0.0064402422867715,0.0274410303682088,0.0525883585214614,0.0183516759425401,-0.0051093399524688,0.001930795260705,-0.032238945364952,-0.0043359636329114,-0.0229951422661542,-0.0272580422461032,-0.0215541571378707,-0.0031504300422966,-0.0056401435285806,-0.0044910255819559,-0.0329091176390647,0.00918969232589,-0.0134529145434498,-0.0284768398851156,0.0017969177570194,0.0167007427662611,0.0001797652075765,0.0097217876464128,0.0030646866653114,0.0112881222739815,-0.0007205386646091,-0.0032829442061483,-0.0059097749181091,-0.0001647255558054,0.0103130033239722,0.0070828581228852,-0.0414498671889305,0.0062152612954378,-0.0051759704947471,-0.0403120853006839,0.0252963081002235,0.0140582313761115,-0.0137822907418012,-0.003745982889086,-0.0095023373141884,-0.0205212060192684,-0.0192951539377358,-0.0146580040501385,-0.0390625000202736,-0.0495114136790675,-0.0448827360734779,-0.0262215075553062,0.0072060034695888,-0.0127036244285008,0.1450381856211917,-0.0249186049355847,0.0729239389134854,2019-03-01,2019-03-04,2019-03-05,2019-03-06,2019-03-07,2019-03-08,2019-03-11,2019-03-12,2019-03-13,2019-03-14,91500.0,2019-02-28,252.0,-0.1626%,-0.0,0.9049,0.3587,-0.0934,1.0589%,1.4611%,47.4831%,0.000849,EXLS,91500.0,2019-03-01,252.0,-0.3746%,0.0,0.8908,0.3377,-0.1098,1.0545%,1.4485%,47.0079%,-0.011765,EXLS,91500.0,2019-03-04,252.0,-1.6838%,0.0,0.884,0.3696,-0.1102,1.0509%,1.4443%,47.0577%,-0.010517,EXLS,91500.0,2019-03-05,252.0,0.5986%,0.0,0.8803,0.3463,-0.1159,1.0501%,1.4386%,46.7169%,0.00828,EXLS,91500.0,2019-03-06,252.0,-2.3636%,-0.0,0.8858,0.3704,-0.1064,1.0527%,1.4460%,46.9953%,-0.0119219999999999,EXLS,91500.0,2019-03-07,252.0,-1.2020%,-0.0,0.888,0.3716,-0.1031,1.0532%,1.4476%,47.0685%,-0.004938,EXLS,91500.0,2019-03-08,252.0,0.5483%,-0.0,0.8875,0.3656,-0.1037,1.0535%,1.4468%,46.9765%,0.006986,EXLS,91500.0,2019-03-11,252.0,1.5849%,0.0,0.888,0.362,-0.106,1.0532%,1.4501%,47.2495%,0.00068,EXLS,91500.0,2019-03-12,252.0,0.0000%,-0.0,0.8849,0.3633,-0.109,1.0530%,1.4460%,46.9697%,-0.001381,EXLS,91500.0,2019-03-13,252.0,-0.3858%,-0.0001,0.8822,0.3628,-0.112,1.0538%,1.4457%,46.8600%,-0.008716,EXLS,91500.0,2019-03-14,252.0,0.6905%,-0.0001,0.8859,0.3562,-0.1086,1.0529%,1.4458%,46.9646%,0.0095199999999999,EXLS,-0.010916,-0.021433,-0.013153,-0.030013,-0.022924
15259,EXLSERVICE HOLDINGS INC,"ExlService Holdings Q4 Adj. EPS $0.74 Beats $0.73 Estimate, Sales $234.903M Beat $233.8M Estimate",6,increase,0.8,0.6,"the company reported better-than-expected earnings and sales, which typically leads to positive investor sentiment and an increase in stock price.",2,2019-02-28,EXLS,2019-02-28 11:11:00+00:00,91500.0,30208110,-0.0016259914264082,248139.0,-0.003745982889086,-0.0095023373141884,-0.0168382991105318,-0.0098867639899253,0.0059860427863895,-0.0201562643051147,-0.0236363690346479,0.0104199536144733,-0.0120196221396327,-0.0163068678230047,0.0054832021705806,0.0009326528524979,0.0158486757427454,0.0149889672175049,0.0,0.0163566451519727,-0.0038584053982049,0.0131600545719265,0.0069046788848936,0.0080248583108186,0.0105368327349424,-0.0006546170334331,-0.0082754055038094,0.0021321510430425,0.0033377965446561,0.0019721076823771,-0.0043246559798717,0.0029668749775737,0.0043434398248791,0.0078072659671306,-0.0365934930741787,0.0040026963688433,0.0160566363483667,0.0204220693558454,0.020560797303915,0.0219130143523216,-0.0068265041336417,0.0123239569365978,0.0073763388209044,0.0148293366655707,-0.0011649142252281,-0.0069197905249893,0.0111629152670502,-0.0105336811393499,-0.0098862824961543,0.0119026144966483,-0.0026626701001077,0.0096861151978373,0.0070081455633044,0.0012571783736348,-0.0024854633957147,-0.0021505185868591,0.0034883569460362,0.0010763824684545,-0.012415163218975,0.0017973092617467,0.0043580005876719,0.0184879787266254,0.0116822561249136,0.0171290636062622,0.0011547293979674,-0.0029701103921979,-0.0082385893911123,0.0026056093629449,0.0054826689884066,0.0059913815930485,0.0079312548041343,0.0031930534169077,-0.0118032982572913,0.0164184924215078,0.0087923454120755,0.001146815251559,0.0182535238564014,0.0366554073989391,0.010174436494708,-0.0305416844785213,-0.0044763996265828,-0.0106422947719693,0.0075477953068912,0.009980815462768,-0.0020720602478832,0.0102772694081068,-0.0512697510421276,0.0064402422867715,0.0274410303682088,0.0525883585214614,0.0183516759425401,-0.0051093399524688,0.001930795260705,-0.032238945364952,-0.0043359636329114,-0.0229951422661542,-0.0272580422461032,-0.0215541571378707,-0.0031504300422966,-0.0056401435285806,-0.0044910255819559,-0.0329091176390647,0.00918969232589,-0.0134529145434498,-0.0284768398851156,0.0017969177570194,0.0167007427662611,0.0001797652075765,0.0097217876464128,0.0030646866653114,0.0112881222739815,-0.0007205386646091,-0.0032829442061483,-0.0059097749181091,-0.0001647255558054,0.0103130033239722,0.0070828581228852,-0.0414498671889305,0.0062152612954378,-0.0051759704947471,-0.0403120853006839,0.0252963081002235,0.0140582313761115,-0.0137822907418012,-0.003745982889086,-0.0095023373141884,-0.0205212060192684,-0.0192951539377358,-0.0146580040501385,-0.0390625000202736,-0.0495114136790675,-0.0448827360734779,-0.0262215075553062,0.0072060034695888,-0.0127036244285008,0.1450381856211917,-0.0249186049355847,0.0729239389134854,2019-03-01,2019-03-04,2019-03-05,2019-03-06,2019-03-07,2019-03-08,2019-03-11,2019-03-12,2019-03-13,2019-03-14,91500.0,2019-02-28,252.0,-0.1626%,-0.0,0.9049,0.3587,-0.0934,1.0589%,1.4611%,47.4831%,0.000849,EXLS,91500.0,2019-03-01,252.0,-0.3746%,0.0,0.8908,0.3377,-0.1098,1.0545%,1.4485%,47.0079%,-0.011765,EXLS,91500.0,2019-03-04,252.0,-1.6838%,0.0,0.884,0.3696,-0.1102,1.0509%,1.4443%,47.0577%,-0.010517,EXLS,91500.0,2019-03-05,252.0,0.5986%,0.0,0.8803,0.3463,-0.1159,1.0501%,1.4386%,46.7169%,0.00828,EXLS,91500.0,2019-03-06,252.0,-2.3636%,-0.0,0.8858,0.3704,-0.1064,1.0527%,1.4460%,46.9953%,-0.0119219999999999,EXLS,91500.0,2019-03-07,252.0,-1.2020%,-0.0,0.888,0.3716,-0.1031,1.0532%,1.4476%,47.0685%,-0.004938,EXLS,91500.0,2019-03-08,252.0,0.5483%,-0.0,0.8875,0.3656,-0.1037,1.0535%,1.4468%,46.9765%,0.006986,EXLS,91500.0,2019-03-11,252.0,1.5849%,0.0,0.888,0.362,-0.106,1.0532%,1.4501%,47.2495%,0.00068,EXLS,91500.0,2019-03-12,252.0,0.0000%,-0.0,0.8849,0.3633,-0.109,1.0530%,1.4460%,46.9697%,-0.001381,EXLS,91500.0,2019-03-13,252.0,-0.3858%,-0.0001,0.8822,0.3628,-0.112,1.0538%,1.4457%,46.8600%,-0.008716,EXLS,91500.0,2019-03-14,252.0,0.6905%,-0.0001,0.8859,0.3562,-0.1086,1.0529%,1.4458%,46.9646%,0.0095199999999999,EXLS,-0.010916,-0.021433,-0.013153,-0.030013,-0.022924
15267,FIDUS INVESTMENT CORP,"Fidus Investment Q4 EPS $0.46 Beats $0.36 Estimate, Sales $22.208M Beat $18.82M Estimate",6,increase,0.8,0.7,"the company reported earnings per share and sales that significantly exceeded analyst estimates, which typically leads to positive investor sentiment and an increase in stock price.",2,2019-02-28,FDUS,2019-02-28 22:50:00+00:00,12885.0,31650010,-0.0079312548041343,138186.0,0.0086609004065394,-0.0162548758089542,0.0336855538189411,-0.0191326644271612,-0.0063897399231791,0.0129199465736746,0.0032154463697224,0.0272063612937927,0.0064102578908205,-0.001325411372818,0.0019594861660152,0.0168463606387376,0.0032594648655503,0.0074677946977317,0.0,0.0082135442644357,0.0,0.0089779086410999,0.0006497254944406,0.0168539173901081,0.0077922623604536,-0.0034989637788385,-0.0012886892072856,0.0098940171301364,-0.0045161093585193,-0.0056219203397631,-0.0090732555836439,-0.0076708933338522,0.0032701236195862,0.0042017102241516,-0.0130377970635891,0.0280777085572481,0.0039629763923585,-0.0064377109520137,0.0111842155456543,0.0,0.0013012660201638,0.0028694379143416,0.0058479011058807,0.0190057940781116,-0.0096898982301354,0.0021978525910526,0.0078277811408042,0.0073800315149128,-0.0012944663176313,0.0037037178408354,-0.0025923501234501,0.0052121886983513,0.0045483880676329,0.011295223608613,0.0006468453211709,-0.0030030002817511,0.0012927927309647,0.0007512603187933,-0.0103292353451252,0.012937600724399,0.0104370415210723,0.0076687410473823,-0.0058102100156247,0.0163678899407386,0.0038961311802268,-0.0015564558561891,-0.0032341650221496,-0.0038759100716561,0.0071382615715265,0.0023309816606342,-0.0038660063873976,-0.0015516259009018,-0.005821484606713,0.0205859243869781,0.0006506330100819,0.0201938617974519,0.0052015553228557,0.0385906063020229,0.0,0.0016807108186185,0.0168176088482141,0.0179640762507915,0.0063612866215407,-0.0217573419213295,-0.0018963168840855,-0.0058236811310052,-0.0056998198851943,0.012636948376894,0.0057324939407408,0.0223945081233978,0.0006333267083391,-0.0135939503088593,0.028481001034379,-0.0042300540953874,0.0067692683078348,-0.0536429211497306,-0.0094743696972727,-0.0118671339005231,0.0015427102334797,-0.0007904565427452,-0.0024645107332617,-0.0552651770412921,-0.0024707172997295,-0.0183284450322389,-0.0055727651342749,-0.0072779790498316,0.0012453586095944,-0.0079422816634178,0.0062189293093979,0.0043510096147656,-0.0012361222179606,0.0043700234964489,0.0123762851580977,0.0080763334408402,0.0,-0.0077683585695922,0.0067236367613077,-0.017349062487483,-0.0085002668201923,0.0227111205458641,0.0,-0.0007092360756359,-0.0012247677659615,0.003558732336387,0.0086609004065394,-0.0162548758089542,0.0426382014522455,-0.0350765411519575,0.0359760145109944,-0.0226097816159555,0.0459693666200289,0.0026507613587691,0.0521180540686812,0.0625000268539253,0.0521180534167473,0.1792673574839085,0.114288657250601,0.110866367585825,2019-03-01,2019-03-04,2019-03-05,2019-03-06,2019-03-07,2019-03-08,2019-03-11,2019-03-12,2019-03-13,2019-03-14,12885.0,2019-02-28,252.0,-0.7931%,0.001,0.4656,0.3279,0.1405,0.9465%,1.0669%,21.3053%,-0.0062749999999999,FDUS,12885.0,2019-03-01,252.0,0.8661%,0.001,0.4667,0.3296,0.1405,0.9468%,1.0672%,21.2941%,0.00483,FDUS,12885.0,2019-03-04,252.0,3.3686%,0.0012,0.4611,0.3159,0.1492,0.9730%,1.0862%,19.7537%,0.036793,FDUS,12885.0,2019-03-05,252.0,-0.6390%,0.0011,0.4579,0.2871,0.149,0.9666%,1.0762%,19.3352%,-0.004358,FDUS,12885.0,2019-03-06,252.0,0.3215%,0.0011,0.451,0.2701,0.1389,0.9678%,1.0746%,18.8978%,0.010529,FDUS,12885.0,2019-03-07,252.0,0.6410%,0.0012,0.4495,0.2813,0.14,0.9669%,1.0739%,18.9484%,0.010666,FDUS,12885.0,2019-03-08,252.0,0.1959%,0.0012,0.4484,0.2939,0.1377,0.9642%,1.0723%,19.1365%,0.002956,FDUS,12885.0,2019-03-11,252.0,0.3259%,0.0012,0.4457,0.295,0.1398,0.9645%,1.0721%,19.0734%,-0.003854,FDUS,12885.0,2019-03-12,252.0,0.0000%,0.0012,0.4468,0.2954,0.1412,0.9645%,1.0715%,18.9809%,-0.0002659999999999,FDUS,12885.0,2019-03-13,252.0,0.0000%,0.0011,0.4458,0.2938,0.1397,0.9644%,1.0711%,18.9311%,-0.002296,FDUS,12885.0,2019-03-14,252.0,0.0650%,0.0011,0.4511,0.2906,0.1413,0.9566%,1.0659%,19.4535%,0.001791,FDUS,-0.0014449999999999,0.035348,0.0309899999999999,0.052185,0.050516
15275,FEDEX CORP,FedEx Executive Dale Chrystie Elected First Chairman Of BiTA Standards Council,6,increase,0.7,0.5,"dale chrystie's election as the first chairman of the bita standards council may enhance fedex's reputation in the blockchain and logistics sectors, potentially leading to positive investor sentiment.",2,2019-02-28,FDX,2019-02-28 17:29:00+00:00,60628.0,31428X10,-0.0044551868923008,1261033.0,0.0099447686225175,0.0005502770654857,-0.0090809827670454,0.0035345412325114,-0.0062382956966757,0.003213484538719,-0.0101661123335361,-0.0098200198262929,-0.0298574045300483,0.002033945871517,-0.0024875728413462,0.0092094512656331,0.0271859243512153,0.0052983653731644,0.0040804832242429,-0.0251195915043354,0.013320542871952,-0.0091584799811244,-0.0025065278168767,0.0009166792733594,-0.0061425403691828,0.0240764301270246,0.0248342417180538,0.0217219069600105,-0.0054275779984891,-0.0227710735052824,-0.0349484384059906,-0.0132745904847979,0.0223910324275493,0.0004354315169621,-0.0279345214366912,0.0054725552909076,-0.0110351061448454,0.0190731044858694,0.0178996138274669,0.0097988974303007,0.0053668427281081,0.0005635098787024,0.0102788209915161,0.0224104113876819,0.0197302419692277,-0.0021844382863491,0.0277823340147733,-0.007983542047441,-0.0129793416708707,0.007237188052386,0.0063033401966094,0.0024183178320527,0.0133916288614273,-0.0126208150759339,0.0118825370445847,-0.0057091726921498,0.0077936337329447,0.0210076719522476,-0.0074720862321555,0.0111461468040943,0.0055277864448726,0.0042782379314303,0.0045549483038485,-0.0053628571331501,0.0264762695878744,0.0032750309910625,-0.0039096432738006,0.0051140980795025,0.0053522433154284,-0.002755151130259,0.0042082942090928,0.021374637261033,0.0004543892573565,0.0017393903108313,-0.0109512908384203,0.0139877339825034,-0.0043371305800974,0.0460588485002517,0.0139906508848071,-0.0367669574916362,-0.0454361960291862,0.0115291671827435,-0.025573156774044,0.0147817721590399,0.014073091559112,-0.0126692866906523,0.0151637019589543,0.0054324720986187,-0.020268190652132,0.0487884543836116,0.0076500279828906,-0.0335443243384361,0.0054534021764993,-0.0107688531279563,-0.0130808865651488,-0.0171681344509124,-0.0266163907945156,-0.1216150522232056,-0.0068084299564361,0.0154783027246594,0.0007245437591336,-0.0104285385459661,-0.0086878901347517,-0.016401283442974,-0.0320224538445472,-0.0057896189391613,-0.0025536995381116,-0.0072765075601637,0.0039566662162542,-0.0170009788125753,0.0187203604727983,-0.0420080758631229,-0.0332821644842624,-0.0605412349104881,-0.0100635094568133,-0.0021344036795198,-0.0013078961055725,-0.0631194114685058,-0.035656914114952,0.0045414553023874,-0.0087037263438105,0.0065934066660702,-0.0041098678484559,-0.0187621563673019,0.0099447686225175,0.0005502770654857,0.0007734775829888,0.0040867632749743,-0.0054696432955643,0.0073133805642908,-0.0449723722912535,-0.0005497553741953,-0.0068639544352824,-0.0196279299495977,0.0640663758463067,0.0598076037475217,-0.1130654504875285,-0.2132982657483649,2019-03-01,2019-03-04,2019-03-05,2019-03-06,2019-03-07,2019-03-08,2019-03-11,2019-03-12,2019-03-13,2019-03-14,60628.0,2019-02-28,252.0,-0.4455%,-0.001,1.3316,0.1412,0.5496,1.2502%,1.8010%,51.8091%,0.0009339999999999,FDX,60628.0,2019-03-01,252.0,0.9945%,-0.0011,1.3376,0.1501,0.5574,1.2492%,1.8015%,51.9216%,0.002056,FDX,60628.0,2019-03-04,252.0,-0.9081%,-0.0011,1.34,0.1443,0.5562,1.2489%,1.8011%,51.9185%,-0.003789,FDX,60628.0,2019-03-05,252.0,-0.6238%,-0.001,1.3441,0.1753,0.5595,1.2442%,1.8006%,52.2561%,-0.002268,FDX,60628.0,2019-03-06,252.0,-1.0166%,-0.001,1.3485,0.1617,0.5626,1.2423%,1.8014%,52.4367%,0.003019,FDX,60628.0,2019-03-07,252.0,-2.9857%,-0.001,1.3561,0.1678,0.5745,1.2464%,1.8102%,52.5933%,-0.01692,FDX,60628.0,2019-03-08,252.0,-0.2488%,-0.001,1.3555,0.1723,0.5733,1.2462%,1.8100%,52.5971%,0.0012989999999999,FDX,60628.0,2019-03-11,252.0,2.7186%,-0.0009,1.361,0.1711,0.5698,1.2472%,1.8186%,52.9658%,0.009259,FDX,60628.0,2019-03-12,252.0,0.4080%,-0.001,1.3558,0.1711,0.5638,1.2467%,1.8084%,52.4788%,0.0015229999999999,FDX,60628.0,2019-03-13,252.0,1.3321%,-0.0009,1.3575,0.1694,0.5652,1.2471%,1.8107%,52.5669%,0.004107,FDX,60628.0,2019-03-14,252.0,-0.2507%,-0.001,1.3648,0.1661,0.5668,1.2355%,1.8070%,53.2566%,-0.00224,FDX,0.00299,-0.000799,-0.003067,-0.016968,-0.00302
15283,FINANCIAL INSTITUTIONS INC,"Financial Institutions, Inc. Raises Quarterly Dividend From $0.24 To $0.25/Share",6,increase,0.8,0.6,"raising the quarterly dividend typically signals financial strength and can attract investors, likely leading to an increase in stock price.",2,2019-02-28,FISI,2019-02-28 22:50:00+00:00,86965.0,31758540,-0.0026472511235624,28033.0,0.0016589630395174,0.0083416756242513,-0.0029811246786266,-0.0072872214950621,0.0049833757802844,-0.006254069507122,-0.0082644624635577,0.0033024593722075,-0.0170000083744525,0.0006609536358155,-0.0064428802579641,0.0013236571103334,0.0139931691810488,0.0157982967793941,-0.0141365928575396,0.0294117778539657,0.0003413561498746,-0.0010370095260441,-0.002389068249613,0.005910990294069,0.0031055954750627,0.0155367422848939,0.0017200256697833,0.0125134214758873,-0.0298764016479253,0.0079279029741883,-0.0173451248556375,0.0087240915745496,-0.0252161659300327,-0.0014518696116283,-0.0509977526962757,-0.0072072348557412,0.0144080575555563,0.0168559569865465,0.0310941040515899,0.0175242815166711,-0.0059568071737885,-0.0132450554519891,0.0082396743819117,0.0,0.0096582546830177,0.005177492275834,0.0194995868951082,-0.0044182226993143,-0.0202092919498682,0.0096654361113905,0.0051565854810178,-0.0044411858543753,0.0146573688834905,-0.0022156375925987,0.01083420868963,-0.0127597656100988,0.0046445541083812,-0.001092453720048,-0.0003556268929969,-0.0043510096147656,0.0113838380202651,0.0233765915036201,-0.0059796017594635,0.0063480236567556,0.0031847187783569,-0.0052005718462169,-0.011287466622889,-0.0033321047667413,0.0132001042366027,-0.0091709466651082,0.0059859184548258,-0.0058351512998342,-0.0154007887467742,0.0170623511075973,-0.0199075527489185,0.0063455826602876,0.0188610982149839,0.0256508439779281,-0.0071199988014996,0.0015337774530053,-0.015417723916471,0.0147859593853354,0.0116533730179071,0.0086342711001634,0.0165586415678262,0.012316227890551,-0.0262039583176374,-0.0152581920847296,0.0327272601425647,0.0386021472513675,-0.0031690194737166,-0.0284247659146785,0.0264924056828022,-0.0019700252451002,-0.0123881176114082,0.0176422856748104,-0.0055749076418578,-0.0352030880749225,0.005255767609924,-0.0065334388054907,-0.0027884254232048,0.0011543165892362,0.0006990056135691,-0.0125379916280508,-0.0303876679390668,-0.032708540558815,0.0057636830024421,0.0106774382293224,-0.0164756793528795,-0.0033027578610926,0.0211216993629932,-0.0058372803032398,-0.0014265661593526,-0.0054426565766334,0.0014286041259765,-0.0093458024784922,0.0153351780027151,-0.069253921508789,-0.02353354729712,-0.0063165072351694,-0.0197841450572013,0.0107526779174804,0.0212844014167785,-0.0076692076399922,0.0016589630395174,0.0083416756242513,-0.0013271072147672,0.0009936664912753,0.0036496550915652,-0.0052666174751501,-0.0215660136582936,-0.001321906970635,-0.0301924314714623,0.0507649198351702,-0.054287007685734,0.1284540164349228,-0.0686768419402643,0.0165571400869017,2019-03-01,2019-03-04,2019-03-05,2019-03-06,2019-03-07,2019-03-08,2019-03-11,2019-03-12,2019-03-13,2019-03-14,86965.0,2019-02-28,252.0,-0.2647%,0.0002,0.849,1.0179,1.0156,0.8575%,1.2660%,54.1192%,0.002209,FISI,86965.0,2019-03-01,252.0,0.1659%,0.0002,0.8514,1.0215,1.0211,0.8572%,1.2640%,54.0115%,-0.003433,FISI,86965.0,2019-03-04,252.0,-0.2981%,0.0002,0.855,1.0083,1.0204,0.8557%,1.2631%,54.1083%,0.00146,FISI,86965.0,2019-03-05,252.0,0.4983%,0.0002,0.8524,0.9953,1.0142,0.8586%,1.2594%,53.5187%,0.0119219999999999,FISI,86965.0,2019-03-06,252.0,-0.8264%,0.0003,0.8487,0.9726,1.007,0.8612%,1.2599%,53.2775%,0.010941,FISI,86965.0,2019-03-07,252.0,-1.7000%,0.0002,0.8521,0.9766,1.0125,0.8620%,1.2629%,53.4125%,-0.006127,FISI,86965.0,2019-03-08,252.0,-0.6443%,0.0002,0.8531,0.9686,1.0145,0.8612%,1.2616%,53.4084%,-0.003425,FISI,86965.0,2019-03-11,252.0,1.3993%,0.0002,0.8548,0.9629,1.0104,0.8600%,1.2624%,53.5893%,0.0029809999999999,FISI,86965.0,2019-03-12,252.0,-1.4137%,0.0002,0.8492,0.97,1.007,0.8633%,1.2588%,52.9662%,-0.012859,FISI,86965.0,2019-03-13,252.0,0.0341%,0.0002,0.848,0.9739,1.0066,0.8633%,1.2588%,52.9637%,-0.003225,FISI,86965.0,2019-03-14,252.0,-0.2389%,0.0002,0.8475,0.9746,1.0062,0.8633%,1.2583%,52.9342%,-0.000658,FISI,-0.0012239999999999,0.000236,0.0121579999999999,0.016972,-0.0002139999999999
15291,FOOT LOCKER INC,Foot Locker Q4 Earnings Preview,6,uncertain,0.5,0.5,the impact on foot locker's stock price is uncertain as it depends on the actual earnings results and market expectations.,1,2019-02-28,FL,2019-02-28 18:42:00+00:00,15456.0,34484910,0.0025265542790293,3293278.0,0.059643805027008,0.0081507815048098,0.0044394922442734,-0.0152173889800906,-0.0089976275339722,0.002682760823518,0.0058936406858265,-0.0061656213365495,-0.0163104124367237,-0.0006661268416792,-0.0328396186232566,0.0036770415026694,-0.0038282847963273,0.0091077908873558,0.0041771093383431,0.0059382813051342,-0.0066555361263453,0.0135855041444301,-0.0058626849204301,0.0037977078463882,-0.0062341862358152,0.0173867531120777,0.0147507451474666,0.0079659577459096,0.0116959195584058,-0.0014141420833766,-0.0175061523914337,-0.0017645752523094,0.0055471174418926,0.0,-0.0486459359526634,0.0146821793168783,0.0238973926752805,0.0143479313701391,-0.0006864753086119,-0.0148505643010139,0.0121930120512843,-0.0139379128813743,0.0244316682219505,0.0022988694254308,0.0036435476504266,-0.002997213974595,0.0099010281264781,-0.0005286128725856,-0.008986915461719,0.0024730504956096,0.0189612153917551,-0.0014111486962065,0.0428802222013473,-0.006310265045613,-0.0116368690505623,-0.0226143524050712,-0.0058084605261683,0.0135439969599247,-0.0350544936954975,0.0270342193543911,0.0021273288875818,-0.0106980111449956,-0.0084911892190575,0.0036965161561965,0.0194334704428911,0.0054867500439286,0.0180936809629201,0.0139985419809818,0.0087273763492703,-0.0106533821672201,-0.0067642186768352,-0.0081014279276132,-0.0149776712059974,0.0067375395447015,-0.0347784124314785,0.0276968013495206,0.0095525979995727,0.0273306425660848,0.0258963722735643,0.012509474530816,-0.0224919002503156,-0.0082707228139042,-0.0177122950553894,0.0175975896418094,-0.0092686088755726,0.0071277003735303,-0.0268753487616777,0.0063977898098528,-0.0195769779384136,0.0541590340435504,-0.0048137004487216,0.0034865050110965,-0.0098530855029821,0.0175292193889617,-0.0164646245539188,0.0113971522077918,-0.0022074859589338,-0.03207353875041,0.0313421264290809,0.0279294811189174,0.0166249610483646,-0.0332927219569683,0.0133638503029942,-0.0136163458228111,-0.0275897998362779,-0.0381355844438076,0.011420402675867,-0.0049827927723526,-0.0148200448602438,-0.0062844795174896,-0.0066260555759072,-0.0101790940389037,-0.0048675038851797,-0.0260694324970245,0.0027173499111086,-0.0083742775022983,0.014634171500802,-0.0241606067866087,-0.0349002704024314,-0.001950365374796,-0.0252767335623502,0.0186021775007247,-0.1595684289932251,-0.0147687159478664,0.059643805027008,0.0081507815048098,0.0643480854811178,-0.0071906410879312,0.0547714778414623,-0.0045271710346198,0.0436827713403349,-0.0113239022279925,-0.0028562144166396,0.024857562529325,0.0201613081253777,0.0513230206760861,-0.2495155419613113,0.0627341882198535,2019-03-01,2019-03-04,2019-03-05,2019-03-06,2019-03-07,2019-03-08,2019-03-11,2019-03-12,2019-03-13,2019-03-14,15456.0,2019-02-28,252.0,0.2527%,0.0013,0.8359,0.8372,0.5292,2.5394%,2.6913%,10.9717%,0.006246,FL,15456.0,2019-03-01,252.0,5.9644%,0.0016,0.8339,0.8344,0.5021,2.5567%,2.7067%,10.7783%,0.053224,FL,15456.0,2019-03-04,252.0,0.4439%,0.0016,0.8326,0.8311,0.5042,2.5573%,2.7068%,10.7405%,0.010065,FL,15456.0,2019-03-05,252.0,-0.8998%,0.0022,0.8658,1.0855,0.5299,2.3909%,2.5818%,14.2421%,-0.003886,FL,15456.0,2019-03-06,252.0,0.5894%,0.0021,0.839,1.0498,0.4948,2.3875%,2.5710%,13.7668%,0.026542,FL,15456.0,2019-03-07,252.0,-1.6310%,0.0021,0.8436,1.0544,0.5023,2.3882%,2.5730%,13.8472%,-0.007153,FL,15456.0,2019-03-08,252.0,-3.2840%,0.0021,0.8453,1.0998,0.5026,2.3828%,2.5730%,14.2397%,-0.030747,FL,15456.0,2019-03-11,252.0,-0.3828%,0.002,0.8348,1.0956,0.5056,2.3859%,2.5733%,14.0349%,-0.017859,FL,15456.0,2019-03-12,252.0,0.4177%,0.0019,0.8121,1.0988,0.4809,2.3798%,2.5609%,13.6432%,0.005472,FL,15456.0,2019-03-13,252.0,-0.6656%,0.0018,0.8089,1.0946,0.4764,2.3796%,2.5594%,13.5560%,-0.009136,FL,15456.0,2019-03-14,252.0,-0.5863%,0.0017,0.8128,1.0944,0.4765,2.3778%,2.5589%,13.6527%,-0.002085,FL,0.05947,0.069535,0.065649,0.0850379999999999,0.0306829999999999
15299,F M C CORP,"FMC Filing Shows Registration For Mixed Securities Offering, No Terms Disclosed",6,uncertain,0.6,0.2,"the registration for a mixed securities offering could indicate a need for capital, which may raise concerns among investors, but without disclosed terms, the impact on stock price remains unclear.",1,2019-02-28,FMC,2019-02-28 21:35:00+00:00,19166.0,30249130,-0.0013390174135565,842636.0,0.0105028208345174,0.0117408093065023,0.0031632331665605,-0.0087287239730358,0.0016463685315102,0.0096034174785017,-0.0079655740410089,0.0035147981252521,-0.0081570148468017,0.0085763297975063,-0.0037265601567924,0.0110995387658476,0.0117374397814273,0.0133567592129111,0.0003824423474725,0.016434408724308,0.0001274644600925,-0.0037964135408401,-0.0168195664882659,0.0246778354048728,0.0010367314098402,-0.0294950436800718,-0.0041429274715483,0.0024837264791131,-0.0084503581747412,0.0037991176359355,-0.0077356281690299,-0.0138157149776816,0.0255021173506975,0.0049418262206017,-0.0338873490691185,-0.0024647780228406,-0.0068018417805433,-0.0073401476256549,0.0081912260502576,0.0755638927221298,0.0031965617090463,-0.0099255014210939,0.0155336782336235,0.0062421974726021,0.0095939468592405,0.0123861944302916,0.027597015723586,-0.0031498046591877,0.0002533144433982,0.0201799441128969,0.0024063126184046,-0.0037135779857635,0.014908405020833,-0.0184766370803117,0.0011203328613191,-0.0135152377188205,0.0037304533179849,0.0154873253777623,-0.0084241861477494,0.0031577618792653,0.0047475919127464,-0.0007573543698526,-0.0065903854556381,-0.0082613099366426,0.001001399825327,-0.0054774358868598,-0.0026259731967002,-0.0042146565392613,0.0125376125797629,0.0156112033873796,-0.0001238501281477,0.0041719572618603,-0.0099071580916643,0.0172324627637863,-0.0060036992654204,0.0117096211761236,0.0084308311343193,0.0528767220675945,-0.004991284571588,-0.0275742597877979,-0.009405568242073,0.0150081207975745,0.0063299154862761,0.009968533180654,-0.0022644395940005,-0.0074545326642692,-0.0031521876808255,0.0100762024521827,-0.0263090599328279,0.0477957800030708,-0.0040270872414112,-0.0110061578452587,0.0114778261631727,-0.0171959213912487,-0.0167634170502424,-0.0367352403700351,0.0296393726021051,-0.0191299673169851,0.0057317148894071,0.0006556058069691,0.0094984807074069,-0.0123025709763169,-0.0033872367348521,-0.0130367670208215,-0.0560171753168106,-0.0180723201483488,0.001866907463409,0.0110392430797219,0.0073206853121519,-0.0073057292029261,0.0011891693575307,-0.0086164139211177,-0.0071267429739236,-0.0296861380338668,-0.0300412345677614,-0.0082913050428032,0.0186378043144941,-0.028484733775258,-0.0147988488897681,0.0352913439273834,-0.0255360193550586,-0.0037327534519135,-0.0061659533530473,-0.0015628426335752,0.0105028208345174,0.0117408093065023,0.0136992768722841,0.0029096030498099,0.0153681994621412,0.0125409626610957,-0.0009361907283693,0.0248142470711878,-0.0094093089345063,0.0894724108734881,0.0310304638937652,0.1217925120756955,-0.0847330172461975,0.0832637595302527,2019-03-01,2019-03-04,2019-03-05,2019-03-06,2019-03-07,2019-03-08,2019-03-11,2019-03-12,2019-03-13,2019-03-14,19166.0,2019-02-28,252.0,-0.1339%,0.0005,1.1288,0.2822,0.4639,1.3227%,1.7244%,41.1666%,0.003165,FMC,19166.0,2019-03-01,252.0,1.0503%,0.0006,1.108,0.2511,0.4303,1.3037%,1.6960%,40.9079%,0.003323,FMC,19166.0,2019-03-04,252.0,0.3163%,0.0006,1.1128,0.2284,0.4306,1.3023%,1.6961%,41.0417%,0.008161,FMC,19166.0,2019-03-05,252.0,0.1646%,0.0006,1.1111,0.2187,0.4277,1.3024%,1.6943%,40.9139%,0.00519,FMC,19166.0,2019-03-06,252.0,-0.7966%,0.0006,1.1093,0.2125,0.4248,1.3025%,1.6933%,40.8253%,0.0038629999999999,FMC,19166.0,2019-03-07,252.0,-0.8157%,0.0006,1.1049,0.1946,0.414,1.2994%,1.6893%,40.8306%,0.002399,FMC,19166.0,2019-03-08,252.0,-0.3727%,0.0005,1.1054,0.1906,0.4149,1.2992%,1.6893%,40.8482%,-0.000779,FMC,19166.0,2019-03-11,252.0,1.1737%,0.0006,1.1037,0.1807,0.4101,1.2983%,1.6902%,40.9993%,-0.003351,FMC,19166.0,2019-03-12,252.0,0.0382%,0.0006,1.1071,0.1809,0.4141,1.2980%,1.6874%,40.8248%,-0.001633,FMC,19166.0,2019-03-13,252.0,0.0127%,0.0005,1.1047,0.1814,0.4116,1.2987%,1.6873%,40.7505%,-0.007243,FMC,19166.0,2019-03-14,252.0,-1.6820%,0.0004,1.1054,0.1893,0.4076,1.3026%,1.6908%,40.6443%,-0.0162959999999999,FMC,0.006488,0.0146489999999999,0.019839,0.026101,-0.0032009999999999
15307,FORRESTER RESEARCH INC,"Maxim Group Initiates Coverage On Forrester Research with Buy Rating, Announces $62 Price Target",6,increase,0.8,0.6,the initiation of coverage with a 'buy' rating and a price target of $62 typically signals positive sentiment and potential for stock price appreciation.,2,2019-02-28,FORR,2019-02-28 13:39:00+00:00,84210.0,34656310,0.0335598327219486,107194.0,-0.0043824943713843,0.0099812755361199,-0.0088034942746162,-0.007020445074886,0.0028259868267923,-0.018244506791234,-0.0221416763961315,0.0118974735960364,-0.0020585074089467,-0.0167406573891639,-0.0057755522429943,0.008748734369874,0.0280082672834396,0.0125669678673148,-0.0070635415613651,0.0275190342217683,-0.0054878140799701,0.0089705679565668,0.0047005834057927,0.0049366718158125,0.0097640268504619,0.0163612570613622,0.0010072368895635,0.0059249605983495,-0.0126785524189472,0.0108695169910788,-0.0077456389553844,0.0144015131518244,-0.0020542002748698,-0.0176835320889949,-0.0121449185535311,-0.0011039796518161,0.010835519991815,0.0195858348160982,0.0047413599677383,-0.0109107475727796,-0.0004103499522898,0.0053727710619568,0.0014367753174155,0.0254820194095373,-0.0090182917192578,-0.0086480947211384,0.0229576136916875,-0.0074542993679642,-0.0173877999186515,-0.0029279519803822,0.0067901611328125,0.0,-0.0036787309218198,-0.002471282845363,0.0053332988172769,-0.0104491161182522,0.005917178466916,0.0123790055513382,-0.0215009655803442,0.0058863968588411,0.0279850419610738,0.0402731783688068,-0.0096793612465262,0.0014150367351248,-0.0012217750772833,-0.0046947640366852,0.025484200567007,-0.0161662995815277,-0.0097415084019303,-0.0089265145361423,-0.0016061399364843,-0.0070454855449497,-0.0002010521129705,0.0080182924866676,-0.0048270649276673,0.051807265728712,0.0099030248820781,-0.0104911457747221,-0.0078046703711152,-0.033640619367361,0.0006050580414012,-0.0290827564895153,0.0217697639018297,0.0133756548166275,0.0005918839015066,0.0236713960766792,0.002760240342468,-0.0096529116854071,-0.0129767954349517,0.0599268972873687,0.0001991697499761,0.0078566092997789,0.0258912425488233,0.0079188244417309,-0.0104833450168371,-0.0068812677636742,-0.0192269869148731,-0.0114188827574253,-0.0094019044190645,-0.0079537676647305,0.0010096776532009,-0.0237646661698818,0.0084729064255952,-0.0116279069334268,-0.0212042666971683,-0.024500947445631,-0.003065634984523,0.0135663403198123,-0.0002049676404567,-0.0106430742889642,0.0016403120243921,-0.0111957006156444,-0.0251791104674339,0.0269026923924684,-0.0069298199377954,0.0125727802515029,0.0128991454839706,-0.0721538141369819,0.0043841144070029,-0.0096277436241507,-0.0330492630600929,-0.0147554166615009,0.0042992425151169,-0.0081539452075958,-0.0043824943713843,0.0099812755361199,-0.0131474073818935,0.0028907574645551,-0.0103585749551688,-0.0154064897708727,-0.0342629726689324,-0.0203711600975725,-0.0207171492612622,0.0424983801295808,-0.0217131506152753,0.1455188202150115,-0.0693226953078803,0.0201413251486914,2019-03-01,2019-03-04,2019-03-05,2019-03-06,2019-03-07,2019-03-08,2019-03-11,2019-03-12,2019-03-13,2019-03-14,84210.0,2019-02-28,252.0,3.3560%,0.001,0.8669,0.8823,0.4639,1.5981%,1.8537%,25.6753%,0.037183,FORR,84210.0,2019-03-01,252.0,-0.4382%,0.0009,0.8667,0.882,0.4693,1.5998%,1.8528%,25.4417%,-0.011417,FORR,84210.0,2019-03-04,252.0,-0.8803%,0.0009,0.8645,0.8924,0.4692,1.5996%,1.8533%,25.5028%,-0.0026889999999999,FORR,84210.0,2019-03-05,252.0,0.2826%,0.0009,0.8637,0.8905,0.4659,1.6002%,1.8516%,25.3101%,0.008098,FORR,84210.0,2019-03-06,252.0,-2.2142%,0.0009,0.8639,0.9021,0.4678,1.6003%,1.8562%,25.6695%,-0.0039429999999999,FORR,84210.0,2019-03-07,252.0,-0.2059%,0.0009,0.861,0.9001,0.4634,1.6008%,1.8552%,25.5457%,0.0071109999999999,FORR,84210.0,2019-03-08,252.0,-0.5776%,0.0009,0.8619,0.8964,0.4649,1.6009%,1.8548%,25.5041%,-0.003634,FORR,84210.0,2019-03-11,252.0,2.8008%,0.001,0.8687,0.9029,0.4651,1.6031%,1.8627%,25.9296%,0.014267,FORR,84210.0,2019-03-12,252.0,-0.7064%,0.0009,0.8675,0.9065,0.4651,1.6038%,1.8611%,25.7373%,-0.0064249999999999,FORR,84210.0,2019-03-13,252.0,-0.5488%,0.0009,0.8645,0.9049,0.4615,1.6042%,1.8602%,25.6246%,-0.008948,FORR,84210.0,2019-03-14,252.0,0.4701%,0.0009,0.864,0.9018,0.4631,1.6047%,1.8597%,25.5418%,0.007801,FORR,0.025766,0.023077,0.031175,0.034343,0.037404
15315,FOSSIL GROUP INC,Fossil Group 8-K Shows COO John White Position Will Be Eliminated,6,decrease,0.8,0.6,"the elimination of a coo position may signal cost-cutting measures or operational challenges, which could negatively impact investor confidence and lead to a decrease in stock price.",0,2019-02-28,FOSL,2019-02-28 21:44:00+00:00,79089.0,34988V10,-0.0138713316991925,905958.0,0.0223784800618886,0.012125052511692,-0.0200124885886907,-0.0456760041415691,-0.022335696965456,0.0294671021401882,-0.046997345983982,0.0528052933514118,0.0068492759019136,0.0181451272219419,-0.0013605104759335,0.0081300735473632,0.0061308005824685,-0.0080645084381103,-0.0081246336922049,-0.02426228672266,0.013651929795742,-0.0329740308225154,0.0127945840358734,-0.0271436553448438,-0.0259308740496635,0.0207807905972003,0.044368639588356,0.0365535542368888,-0.0254902187734842,-0.005194800440222,-0.0335345417261123,0.010498677380383,0.0111033897846937,-0.0966212823987007,-0.0473575554788112,0.0,0.0136887300759553,0.0047647361643612,0.0135039472952485,-0.010023477487266,0.0,-0.0213503073900938,-0.0105189736932516,-0.0057372562587261,-0.0276399292051792,-0.0034305013250559,0.0174926947802305,0.0,-0.0042980243451893,0.0145011600106954,0.0230216309428215,0.0040768603794276,0.0218002442270517,0.01597635820508,-0.0543702654540538,-0.0611111335456371,-0.0101891839876771,0.0,0.003676414489746,0.0332950577139854,-0.0212454181164503,0.0127906575798988,-0.0104789966717362,0.0,0.0022692687343806,-0.0282485857605934,-0.0158490594476461,0.0308678317815065,0.0053680748678743,-0.0977404415607452,-0.00305110309273,0.0181915536522865,0.0,0.0482333488762378,-0.0145370764657855,0.0806060582399368,0.0077639305964112,0.0735198482871055,0.0392912365496158,-0.0740964114665985,-0.0081541631370782,0.0553083829581737,-0.0171898733824491,-0.0308071486651897,0.0326996445655822,0.0175548419356346,-0.037555243819952,0.0363872274756431,-0.0153022045269608,0.1274725794792175,0.0097125098109245,-0.1019736975431442,0.0380915664136409,0.0013174903579056,0.0051890769973397,-0.0931899324059486,-0.0855457782745361,0.0102595100179314,0.0338709764182567,0.0474083460867404,0.1318253129720688,-0.0037783640436828,-0.0041351080872118,-0.0068792779929935,-0.0636678263545036,-0.0599647536873817,0.0125646768137812,0.0047253351658582,-0.0080291721969842,0.0101432027295231,-0.0176600273698568,-0.0466438978910446,-0.0397004261612892,-0.0624000057578086,-0.0280810967087745,-0.0573152042925357,0.0080257123336195,-0.0386660769581794,-0.1066879034042358,0.0703569874167442,-0.0106951771304011,0.0168332289904356,0.0135134784504771,0.0173936728388071,0.0223784800618886,0.012125052511692,0.001918142396327,-0.0341047755786179,-0.0204603976164299,-0.005642642343873,-0.0601023338536279,0.065860182600667,-0.0383631941967516,-0.0215915778039753,-0.154731456545993,-0.0779070438224316,-0.2806905494913712,-0.1511908053064319,2019-03-01,2019-03-04,2019-03-05,2019-03-06,2019-03-07,2019-03-08,2019-03-11,2019-03-12,2019-03-13,2019-03-14,79089.0,2019-02-28,252.0,-1.3871%,0.0012,1.5993,2.5,0.6939,3.8471%,4.3437%,21.5576%,-0.007762,FOSL,79089.0,2019-03-01,252.0,2.2378%,0.0012,1.6158,2.5246,0.7172,3.8439%,4.3456%,21.7570%,0.0063,FOSL,79089.0,2019-03-04,252.0,-2.0012%,0.0012,1.6125,2.5408,0.717,3.8436%,4.3477%,21.8422%,-0.004399,FOSL,79089.0,2019-03-05,252.0,-2.2336%,0.0012,1.6156,2.5582,0.7234,3.8441%,4.3457%,21.7531%,-0.0100869999999999,FOSL,79089.0,2019-03-06,252.0,-4.6997%,0.0011,1.6113,2.5685,0.7198,3.8436%,4.3547%,22.0968%,-0.001572,FOSL,79089.0,2019-03-07,252.0,0.6849%,0.0014,1.6105,2.6106,0.7308,3.8378%,4.3537%,22.2938%,0.024145,FOSL,79089.0,2019-03-08,252.0,-0.1361%,0.0016,1.6067,2.6714,0.7215,3.8221%,4.3476%,22.7148%,0.00203,FOSL,79089.0,2019-03-11,252.0,0.6131%,0.0014,1.5928,2.6834,0.7356,3.8220%,4.3466%,22.6783%,-0.0237639999999999,FOSL,79089.0,2019-03-12,252.0,-0.8125%,0.0018,1.678,2.6678,0.8268,3.7683%,4.3191%,23.8805%,-0.0040939999999999,FOSL,79089.0,2019-03-13,252.0,1.3652%,0.0019,1.6803,2.6729,0.8306,3.7680%,4.3198%,23.9179%,0.010027,FOSL,79089.0,2019-03-14,252.0,1.2795%,0.0019,1.6832,2.6612,0.8366,3.7700%,4.3204%,23.8546%,0.022852,FOSL,-0.0014619999999999,-0.005861,-0.0159479999999999,0.006625,0.013676
15323,FRONTLINE PLC,"Frontline Earlier Reported Q4 EPS $0.15 Up From $0.03 YoY, Sales $217.05M Up From $178.58M YoY",6,increase,0.8,0.7,"the significant year-over-year increase in both eps and sales suggests strong financial performance, which is likely to positively influence investor sentiment and drive the stock price up.",2,2019-02-28,FRO,2019-02-28 15:01:00+00:00,89139.0,M4652810,0.0190476011484861,643890.0,0.0233645010739564,0.0570470057427883,0.0136985806748271,0.0240549594163894,0.0135135371237993,-0.0396039225161075,-0.0281481575220823,0.0557491593062877,-0.0335365533828735,0.003496500197798,-0.0015773231862112,-0.0255536790937185,-0.0205371435731649,0.0034188001882284,0.0435483865439891,0.0281194802373647,0.0092736352235078,0.0364299267530441,-0.0290964860469102,0.0,0.0252365674823522,0.0914511978626251,0.0400000363588333,0.026530634611845,-0.0073964777402579,-0.0239043589681386,0.0014902759576216,-0.0419846959412097,0.0401785708963871,-0.016885582357645,-0.0185979455709457,0.0471512302756309,-0.0422740466892719,0.003944769501686,0.0076103061437606,-0.0155339650809764,-0.0060422904789447,-0.0355805344879627,-0.0410334318876266,0.0249520372599363,0.0237718056887388,0.0,0.0541795529425144,-0.0457875467836856,-0.0058737094514071,-0.0232558343559503,0.0014771387213841,-0.0106194587424397,0.0088495491072535,0.0017730902181938,0.0043859258294105,-0.0275862626731395,0.1324600130319595,0.0338681004941463,-0.0321336761116981,0.0071813212707638,0.0624169707298278,-0.0159010030329227,-0.0087500214576721,0.0328466854989528,-0.002522065769881,-0.0231729261577129,-0.0151706561446189,-0.0344233736395835,0.002567391609773,-0.0689102336764335,0.0,0.0162866301834583,-0.0064020119607448,0.0199335366487503,0.0489690862596035,0.0117647349834442,-0.014742000028491,0.0456941574811935,0.0049875262193381,0.0088652819395065,0.0037220511585474,0.0198914371430873,-0.0061804931610822,-0.0053956354968249,0.0223880968987941,-0.0211267415434122,-0.0036497183609753,-0.0290598422288894,-0.0158729143440723,0.0502692498266696,-0.0086849434301257,0.0036035999655723,0.0312891118228435,0.007259520702064,-0.0327669903635978,-0.0581196025013923,-0.0188205298036336,-0.015151540748775,0.011508909985423,-0.0262294840067625,0.001264251419343,-0.0922618880867958,-0.0025252501945942,-0.0059172245673835,-0.0379747077822685,-0.0029498497024178,0.1144737303256989,0.0593750178813934,0.0613930933177471,-0.0361445434391498,0.0300334226340055,-0.0390738025307655,-0.0269978400319814,0.0087591158226132,0.0344061553478241,-0.0101156318560242,-0.0246780626475811,-0.0375521518290042,-0.037403754889965,-0.0096418969333171,-0.0342857353389263,-0.1059112921357155,0.0118343653157353,0.092866763472557,0.0233645010739564,0.0570470057427883,0.0373831422516721,0.0824742285671471,0.0514018578560937,0.0396040030932904,-0.0124610466510917,0.1013986747135753,-0.0124610467180109,0.1475410661717089,0.235202447178328,0.14963505922575,0.3317757108243127,-0.1520860976479766,2019-03-01,2019-03-04,2019-03-05,2019-03-06,2019-03-07,2019-03-08,2019-03-11,2019-03-12,2019-03-13,2019-03-14,89139.0,2019-02-28,252.0,1.9048%,0.0024,1.171,1.0597,0.7795,3.0811%,3.3138%,13.5488%,0.0243929999999999,FRO,89139.0,2019-03-01,252.0,2.3365%,0.0025,1.16,1.0434,0.7567,3.0788%,3.3057%,13.2521%,0.0148879999999999,FRO,89139.0,2019-03-04,252.0,1.3699%,0.0026,1.1583,1.0328,0.761,3.0810%,3.3063%,13.1669%,0.020863,FRO,89139.0,2019-03-05,252.0,1.3514%,0.0026,1.1503,0.9822,0.7487,3.0797%,3.2980%,12.7981%,0.020421,FRO,89139.0,2019-03-06,252.0,-2.8148%,0.0026,1.1595,0.9962,0.761,3.0796%,3.3037%,13.1071%,-0.006499,FRO,89139.0,2019-03-07,252.0,-3.3537%,0.0021,1.1496,0.9006,0.7207,3.0360%,3.2545%,12.9780%,-0.02091,FRO,89139.0,2019-03-08,252.0,-0.1577%,0.0021,1.1498,0.8979,0.7212,3.0359%,3.2543%,12.9675%,0.001637,FRO,89139.0,2019-03-11,252.0,-2.0537%,0.0021,1.1308,0.8457,0.7011,3.0367%,3.2476%,12.5655%,-0.0372409999999999,FRO,89139.0,2019-03-12,252.0,4.3548%,0.0023,1.1427,0.8245,0.7059,3.0473%,3.2576%,12.4969%,0.04356,FRO,89139.0,2019-03-13,252.0,0.9274%,0.0023,1.1431,0.8223,0.7058,3.0472%,3.2578%,12.5075%,0.003487,FRO,89139.0,2019-03-14,252.0,-2.9096%,0.0021,1.1511,0.8323,0.7008,3.0451%,3.2590%,12.6981%,-0.026789,FRO,0.0392809999999999,0.0601439999999999,0.080565,0.0531559999999999,0.03781
15331,FEDERAL SIGNAL CORP,Federal Signal Corporation Sees FY19 Adj. EPS $1.48-$1.60 vs $1.47 Est.,6,increase,0.7,0.6,"the adjusted eps guidance is slightly above the analyst estimate, which may positively influence investor sentiment and lead to an increase in stock price.",2,2019-02-28,FSS,2019-02-28 13:37:00+00:00,47706.0,31385510,0.0719581171870231,600028.0,-0.001627299003303,0.0017475279746577,0.0175223462283611,-0.0073720761574804,-0.0048057241365313,-0.0017316413577646,-0.0177062582224607,0.0122699690982699,-0.0045063747093081,-0.0017498212400823,-0.0123456483706831,0.006605087313801,0.0150000257417559,0.0035351270344108,0.0,0.0338053815066814,0.0127257574349641,0.0022893422283232,0.0008107197936624,0.0041379379108548,0.0243012774735689,0.0216063447296619,0.0194367989897728,0.0147760426625609,-0.0042801792733371,-0.015023460611701,-0.0027354315388947,-0.0148011837154626,0.0023510761093348,0.0,-0.0410476624965667,-0.0082568079233169,0.0081532346084713,0.0083255497738718,0.0072786216624081,-0.0163784679025411,0.0180650651454925,0.0180638898164033,0.0153785245493054,0.006526777986437,0.0093203792348504,0.0028051133267581,0.0115429451689124,-0.0188073329627513,-0.0159756578505039,0.0059990384615957,0.0112098567187786,0.0060352440923452,0.0061162021011114,-0.0041608065366745,0.007218865212053,-0.0127795841544866,0.001508827204816,0.0036646781954914,-0.0045197340659797,0.0055274455808103,0.0128641752526164,0.0097673991695046,0.0041090287268161,-0.0018570526735857,0.0026042263489216,-0.0209090486168861,-0.004823787137866,0.0171059109270572,0.0085756732150912,0.0145403128117322,0.0103512275964021,0.0279652811586856,0.0160995442420244,0.0186640061438083,0.0025206948630511,0.0361323654651641,0.0197557192295789,0.0123647488653659,0.0119760539382696,-0.0265797730535268,-0.0191437266767025,0.0020100963301956,0.0149041898548603,0.0127226468175649,0.0087412586435675,-0.0020315344445407,-0.0027729608118534,0.004591844510287,-0.0090371994301676,0.0498125478625297,-0.0473518185317516,-0.046475987881422,0.0114138247445225,-0.0091093266382813,-0.0065525448881089,-0.0115057304501533,-0.0256504490971565,-0.0394041202962398,-0.0184279717504978,0.0358386896550655,0.0042145098559558,-0.0233349315822124,-0.0049599069170653,-0.0110576711595058,-0.0245398543775081,-0.0193304978311061,0.0023584724403917,0.0061669433489441,0.0003934000269509,0.0066857393831014,0.0003932453400921,-0.0103969434276223,-0.0271226614713668,-0.0377444252371788,0.0032323200721293,-0.0183035656809806,0.0096657173708081,-0.0468085259199142,0.003589954227209,0.0017050689784809,-0.0381557680666446,0.0064349900931119,0.0061983312480151,-0.0089286137372255,-0.001627299003303,0.0017475279746577,0.015866533128505,-0.0056374310921393,0.0109845588107548,-0.0073593104410731,-0.0113914025902363,0.0030621041368503,0.0044752080406476,0.0542528880770651,0.0970422613786514,0.0645310733821102,-0.0030859568296762,-0.0250850430656125,2019-03-01,2019-03-04,2019-03-05,2019-03-06,2019-03-07,2019-03-08,2019-03-11,2019-03-12,2019-03-13,2019-03-14,47706.0,2019-02-28,252.0,7.1958%,0.001,1.0236,1.0165,0.3079,1.8377%,2.1667%,28.0675%,0.07569,FSS,47706.0,2019-03-01,252.0,-0.1627%,0.0005,1.086,1.1094,0.41,1.7100%,2.0913%,33.1405%,-0.010803,FSS,47706.0,2019-03-04,252.0,1.7522%,0.0007,1.0778,1.1138,0.4173,1.7161%,2.0924%,32.7334%,0.025918,FSS,47706.0,2019-03-05,252.0,-0.4806%,0.0006,1.0752,1.0938,0.4152,1.7146%,2.0844%,32.3321%,0.001391,FSS,47706.0,2019-03-06,252.0,-1.7706%,0.0006,1.072,1.0864,0.4106,1.7147%,2.0865%,32.4615%,0.0048509999999999,FSS,47706.0,2019-03-07,252.0,-0.4506%,0.0007,1.07,1.0877,0.4083,1.7150%,2.0859%,32.3995%,0.006309,FSS,47706.0,2019-03-08,252.0,-1.2346%,0.0006,1.0718,1.0813,0.4115,1.7160%,2.0859%,32.3254%,-0.009932,FSS,47706.0,2019-03-11,252.0,1.5000%,0.0006,1.0704,1.0713,0.4066,1.7151%,2.0866%,32.4354%,-0.002813,FSS,47706.0,2019-03-12,252.0,0.0000%,0.0006,1.0617,1.0732,0.3974,1.7139%,2.0797%,32.0810%,0.000559,FSS,47706.0,2019-03-13,252.0,1.2726%,0.0006,1.0642,1.0731,0.4001,1.7144%,2.0811%,32.1339%,0.008532,FSS,47706.0,2019-03-14,252.0,0.0811%,0.0007,1.0637,1.0712,0.401,1.7146%,2.0804%,32.0777%,0.004984,FSS,0.064887,0.090805,0.092196,0.1033559999999999,0.104686
15339,FEDERAL SIGNAL CORP,"Federal Signal Q4 EPS $0.39 Beats $0.31 Estimate, Sales $239.6M Miss $268.1M Estimate",6,uncertain,0.6,0.3,"while the earnings per share (eps) beat estimates, the significant miss in sales could lead to mixed reactions from investors, creating uncertainty about the stock's direction.",1,2019-02-28,FSS,2019-02-28 13:36:00+00:00,47706.0,31385510,0.0719581171870231,600028.0,-0.001627299003303,0.0017475279746577,0.0175223462283611,-0.0073720761574804,-0.0048057241365313,-0.0017316413577646,-0.0177062582224607,0.0122699690982699,-0.0045063747093081,-0.0017498212400823,-0.0123456483706831,0.006605087313801,0.0150000257417559,0.0035351270344108,0.0,0.0338053815066814,0.0127257574349641,0.0022893422283232,0.0008107197936624,0.0041379379108548,0.0243012774735689,0.0216063447296619,0.0194367989897728,0.0147760426625609,-0.0042801792733371,-0.015023460611701,-0.0027354315388947,-0.0148011837154626,0.0023510761093348,0.0,-0.0410476624965667,-0.0082568079233169,0.0081532346084713,0.0083255497738718,0.0072786216624081,-0.0163784679025411,0.0180650651454925,0.0180638898164033,0.0153785245493054,0.006526777986437,0.0093203792348504,0.0028051133267581,0.0115429451689124,-0.0188073329627513,-0.0159756578505039,0.0059990384615957,0.0112098567187786,0.0060352440923452,0.0061162021011114,-0.0041608065366745,0.007218865212053,-0.0127795841544866,0.001508827204816,0.0036646781954914,-0.0045197340659797,0.0055274455808103,0.0128641752526164,0.0097673991695046,0.0041090287268161,-0.0018570526735857,0.0026042263489216,-0.0209090486168861,-0.004823787137866,0.0171059109270572,0.0085756732150912,0.0145403128117322,0.0103512275964021,0.0279652811586856,0.0160995442420244,0.0186640061438083,0.0025206948630511,0.0361323654651641,0.0197557192295789,0.0123647488653659,0.0119760539382696,-0.0265797730535268,-0.0191437266767025,0.0020100963301956,0.0149041898548603,0.0127226468175649,0.0087412586435675,-0.0020315344445407,-0.0027729608118534,0.004591844510287,-0.0090371994301676,0.0498125478625297,-0.0473518185317516,-0.046475987881422,0.0114138247445225,-0.0091093266382813,-0.0065525448881089,-0.0115057304501533,-0.0256504490971565,-0.0394041202962398,-0.0184279717504978,0.0358386896550655,0.0042145098559558,-0.0233349315822124,-0.0049599069170653,-0.0110576711595058,-0.0245398543775081,-0.0193304978311061,0.0023584724403917,0.0061669433489441,0.0003934000269509,0.0066857393831014,0.0003932453400921,-0.0103969434276223,-0.0271226614713668,-0.0377444252371788,0.0032323200721293,-0.0183035656809806,0.0096657173708081,-0.0468085259199142,0.003589954227209,0.0017050689784809,-0.0381557680666446,0.0064349900931119,0.0061983312480151,-0.0089286137372255,-0.001627299003303,0.0017475279746577,0.015866533128505,-0.0056374310921393,0.0109845588107548,-0.0073593104410731,-0.0113914025902363,0.0030621041368503,0.0044752080406476,0.0542528880770651,0.0970422613786514,0.0645310733821102,-0.0030859568296762,-0.0250850430656125,2019-03-01,2019-03-04,2019-03-05,2019-03-06,2019-03-07,2019-03-08,2019-03-11,2019-03-12,2019-03-13,2019-03-14,47706.0,2019-02-28,252.0,7.1958%,0.001,1.0236,1.0165,0.3079,1.8377%,2.1667%,28.0675%,0.07569,FSS,47706.0,2019-03-01,252.0,-0.1627%,0.0005,1.086,1.1094,0.41,1.7100%,2.0913%,33.1405%,-0.010803,FSS,47706.0,2019-03-04,252.0,1.7522%,0.0007,1.0778,1.1138,0.4173,1.7161%,2.0924%,32.7334%,0.025918,FSS,47706.0,2019-03-05,252.0,-0.4806%,0.0006,1.0752,1.0938,0.4152,1.7146%,2.0844%,32.3321%,0.001391,FSS,47706.0,2019-03-06,252.0,-1.7706%,0.0006,1.072,1.0864,0.4106,1.7147%,2.0865%,32.4615%,0.0048509999999999,FSS,47706.0,2019-03-07,252.0,-0.4506%,0.0007,1.07,1.0877,0.4083,1.7150%,2.0859%,32.3995%,0.006309,FSS,47706.0,2019-03-08,252.0,-1.2346%,0.0006,1.0718,1.0813,0.4115,1.7160%,2.0859%,32.3254%,-0.009932,FSS,47706.0,2019-03-11,252.0,1.5000%,0.0006,1.0704,1.0713,0.4066,1.7151%,2.0866%,32.4354%,-0.002813,FSS,47706.0,2019-03-12,252.0,0.0000%,0.0006,1.0617,1.0732,0.3974,1.7139%,2.0797%,32.0810%,0.000559,FSS,47706.0,2019-03-13,252.0,1.2726%,0.0006,1.0642,1.0731,0.4001,1.7144%,2.0811%,32.1339%,0.008532,FSS,47706.0,2019-03-14,252.0,0.0811%,0.0007,1.0637,1.0712,0.401,1.7146%,2.0804%,32.0777%,0.004984,FSS,0.064887,0.090805,0.092196,0.1033559999999999,0.104686
15347,GULF ISLAND FABRICATION INC,"Gulf Island Fabrication Q4 EPS $(0.31) Beats $(0.34) Estimate, Sales $60.23M Beat $55.55M Estimate",6,increase,0.75,0.6,"the company reported better-than-expected earnings and sales, which typically signals positive performance and can lead to an increase in stock price.",2,2019-02-28,GIFI,2019-02-28 21:27:00+00:00,84737.0,40230710,-0.0150753390043973,26846.0,-0.0367347560822963,0.0,-0.002118591684848,-0.0254652518779039,0.0084925610572099,0.006903322879225,-0.0210526119917631,0.0059524225071072,0.0010752934031188,-0.0029673327226191,0.015037527307868,0.0222446210682392,-0.0105819506570696,0.0174897201359272,-0.0032086295541375,0.0167363844811916,-0.0075106970034539,-0.0123966820538044,0.0118918549269437,0.0062370500527322,-0.0096152992919087,-0.0102881044149398,-0.0021575465798377,0.0274841673672199,-0.0054054260253906,0.0117646688595414,-0.004347822163254,-0.0168243795633316,-0.0054585360921919,-0.0114344758912921,0.0,0.0094438781961798,0.00987927056849,0.0214362069964408,-0.0065216813236474,-0.0168598368763923,-0.0164114404469728,0.0,0.0189099088311195,0.0042328000999987,0.0010917281033471,-0.0125391734763979,-0.0065431208349764,-0.0020855534821748,-0.0021953352261334,0.0561674274504184,-0.0099010067060589,0.0377142764627933,0.0011111365165561,-0.0157480686902999,-0.0033297098707407,-0.0273522958159446,-0.001113505102694,0.0133037557825446,-0.0044593042694032,0.0100784040987491,-0.0067189717665314,0.0359629243612289,0.0090191569179296,-0.00346817728132,0.0,0.008158472366631,-0.0201116595417261,-0.0011641710298135,-0.0125428279861807,-0.0069363545626401,-0.0184757336974144,-0.0102975005283951,0.0317647606134414,0.0104046426713466,0.0216647181659936,0.035928051918745,-0.0022321939468383,0.0270603038370609,-0.0268456134945154,0.0463320650160312,-0.027586180716753,0.0761773139238357,0.0094562554731965,-0.0013831575633957,0.0222481936216354,-0.0176630578935146,-0.0148910842835903,0.0137740913778543,-0.0290697664022445,0.0210970602929592,-0.009580829180777,-0.0730117261409759,0.0133010456338524,0.0026143766008317,-0.0178998298943042,0.0,0.040097314864397,0.0337837822735309,-0.0116822868585586,-0.0053763389587402,0.0106383161619305,-0.042471032589674,-0.0198830496519804,-0.0152091113850474,-0.0011933447094634,0.0050955368205904,0.0035841974895447,0.0466666556894779,0.0047619002871215,0.0013351440429687,0.0272512454539537,-0.014473701827228,0.0023067479487508,-0.031847134232521,-0.0161104016005992,0.0077021750621497,0.0116958394646644,-0.0101651744917035,-0.0369941852986812,-0.0037974948063492,-0.0276109892874956,-0.0204587094485759,0.0074073411524295,0.0006202432559803,-0.0367347560822963,0.0,-0.0387755218183635,-0.0254652518779039,-0.0306122642477212,-0.0187377238545929,-0.0499999766232427,-0.0158258997152441,-0.0448980144176882,0.0343035275494856,-0.086734732717166,0.1502890462214396,-0.1673469694623217,0.2344912353583124,2019-03-01,2019-03-04,2019-03-05,2019-03-06,2019-03-07,2019-03-08,2019-03-11,2019-03-12,2019-03-13,2019-03-14,84737.0,2019-02-28,252.0,-1.5075%,0.0012,0.6181,0.7556,0.6815,2.5563%,2.6449%,6.5857%,-0.01093,GIFI,84737.0,2019-03-01,252.0,-3.6735%,0.0009,0.6349,0.7806,0.7269,2.5559%,2.6487%,6.8903%,-0.04074,GIFI,84737.0,2019-03-04,252.0,-0.2119%,0.0009,0.6315,0.7915,0.7279,2.5555%,2.6484%,6.8990%,0.00138,GIFI,84737.0,2019-03-05,252.0,0.8493%,0.001,0.6306,0.7922,0.7225,2.5565%,2.6487%,6.8376%,0.013677,GIFI,84737.0,2019-03-06,252.0,-2.1053%,0.001,0.6434,0.7984,0.7378,2.5542%,2.6510%,7.1691%,-0.006153,GIFI,84737.0,2019-03-07,252.0,0.1075%,0.0011,0.6405,0.8004,0.7345,2.5547%,2.6508%,7.1238%,0.009255,GIFI,84737.0,2019-03-08,252.0,1.5038%,0.0012,0.6376,0.8124,0.7292,2.5558%,2.6520%,7.1219%,0.0172049999999999,GIFI,84737.0,2019-03-11,252.0,-1.0582%,0.0011,0.6271,0.8004,0.7277,2.5589%,2.6526%,6.9366%,-0.0193039999999999,GIFI,84737.0,2019-03-12,252.0,-0.3209%,0.0011,0.6264,0.802,0.7276,2.5590%,2.6517%,6.8704%,-0.002043,GIFI,84737.0,2019-03-13,252.0,-0.7511%,0.0008,0.6246,0.7629,0.7164,2.5341%,2.6248%,6.7877%,-0.009876,GIFI,84737.0,2019-03-14,252.0,1.1892%,0.0011,0.6102,0.7645,0.7155,2.5113%,2.5999%,6.7006%,0.013405,GIFI,-0.05167,-0.05029,-0.036613,-0.033511,-0.034124
15355,GLOBUS MEDICAL INC,UBS Upgrades Globus Medical to Buy,6,increase,0.8,0.7,"an upgrade to 'buy' from a reputable firm like ubs typically signals positive sentiment and can lead to increased investor interest, likely driving the stock price up.",2,2019-02-28,GMED,2019-02-28 12:00:00+00:00,13543.0,37957720,0.0491273179650306,760586.0,-0.0071883033961057,-0.0030075057875365,-0.0211005471646785,-0.0326267592608928,-0.0116229765117168,0.0092281587421894,-0.0209535919129848,-0.0002096523821819,0.0006551382248289,0.0018907595658674,0.0091663459315896,-0.0004200012190267,0.0067040990106761,-0.004806678276509,-0.0103114834055304,0.0204734299331903,-0.0039071044884622,0.0129617294296622,-0.0098060751333832,-0.0057989787310361,0.0272887703031301,0.023971851915121,0.0171379446983337,0.0215682536363601,0.0065290937200188,0.0058756684884428,0.0014647351345047,-0.0056179775856435,0.0158796142786741,-0.0004492465814109,-0.0238584913313388,0.0134304612874984,0.0134850274771452,0.0013677085516974,0.0201663468033075,-0.0261931251734495,-0.0114122964441776,0.0141828255727887,0.0018552907276898,0.022559842094779,0.0166666954755783,-0.0075394525192677,-0.0202388186007738,0.0048209154047071,-0.0206568893045187,0.0060046683065593,0.0063277627341449,0.0126286465674638,0.0027248181868344,-0.0188160501420497,0.008361236192286,0.0020694446284323,-0.0114013897255063,0.0132806040346622,-0.0050324569456279,0.0086956275627017,0.0037934731226414,0.0051971981301903,-0.0073483576998114,0.021476911380887,0.000634572643321,-0.0177767258137464,-0.004650205373764,-0.0156323369592428,-0.0169887281954288,0.0042174393311142,-0.0546554885804653,0.071285143494606,0.0059415479190647,0.0283943843096494,0.0154475308954715,-0.0314999595284462,0.0131991086527705,0.0504201166331768,0.0112607264891266,-0.0386265777051448,-0.0056768194772303,-0.084796629846096,0.0010979190701618,0.007683306466788,-0.0184250958263874,0.0013989595463499,0.0075977686792612,0.0035095391795039,-0.0210689902305603,0.0328661315143108,0.0412324368953704,-0.0105212489143014,-0.0578764118254184,-0.024265069514513,0.0152424909174442,-0.0160698052495718,-0.016151025891304,-0.021563321352005,0.0115606933832168,0.0099818194285035,-0.0047999792732298,-0.0109938941895961,0.0105649763718247,-0.0073497062548995,-0.0156817864626646,-0.0175054538995027,-0.0030016407836228,-0.0004374553100205,-0.0025474897120147,0.0039525758475065,0.0020896249916404,-0.0054597072303295,-0.0129750091582536,-0.0353907793760299,-0.0218309946358203,0.0308360904455184,0.0007200046675279,-0.0563524588942527,-0.0069544580765068,0.0105611579492688,-0.0205264054238796,0.0079315602779388,0.0004931078874506,-0.0152107225731015,-0.0071883033961057,-0.0030075057875365,-0.0281371734259407,-0.0355361398811236,-0.0394331122318217,-0.0266359142788419,-0.0589443208985607,-0.0249999707657054,-0.066748821253799,-0.003221680538662,-0.0289587149831007,0.1199324682383848,-0.166563913113545,-0.0460431966848267,2019-03-01,2019-03-04,2019-03-05,2019-03-06,2019-03-07,2019-03-08,2019-03-11,2019-03-12,2019-03-13,2019-03-14,13543.0,2019-02-28,252.0,4.9127%,-0.0002,0.7635,0.7935,-0.4647,1.6043%,1.9433%,31.8488%,0.05014,GMED,13543.0,2019-03-01,252.0,-0.7188%,-0.0003,0.7726,0.807,-0.4429,1.6024%,1.9429%,31.9840%,-0.016935,GMED,13543.0,2019-03-04,252.0,-2.1101%,-0.0003,0.7682,0.8322,-0.4442,1.6022%,1.9456%,32.1891%,-0.012218,GMED,13543.0,2019-03-05,252.0,-1.1623%,-0.0004,0.7667,0.815,-0.4421,1.6010%,1.9380%,31.7551%,-0.008893,GMED,13543.0,2019-03-06,252.0,-2.0954%,-0.0005,0.7586,0.831,-0.4491,1.5970%,1.9376%,32.0697%,-0.004157,GMED,13543.0,2019-03-07,252.0,0.0655%,-0.0005,0.7546,0.8242,-0.4563,1.5973%,1.9362%,31.9469%,0.005885,GMED,13543.0,2019-03-08,252.0,0.9166%,-0.0004,0.7524,0.8376,-0.4605,1.5967%,1.9370%,32.0491%,0.009549,GMED,13543.0,2019-03-11,252.0,0.6704%,-0.0005,0.7469,0.8483,-0.4516,1.5946%,1.9348%,32.0726%,-0.0100069999999999,GMED,13543.0,2019-03-12,252.0,-1.0311%,-0.0006,0.7427,0.8535,-0.4543,1.5956%,1.9341%,31.9408%,-0.010255,GMED,13543.0,2019-03-13,252.0,-0.3907%,-0.0006,0.741,0.8544,-0.4559,1.5959%,1.9339%,31.9030%,-0.005952,GMED,13543.0,2019-03-14,252.0,-0.9806%,-0.0006,0.7419,0.8558,-0.4566,1.5959%,1.9349%,31.9713%,-0.004284,GMED,0.033205,0.020987,0.012094,0.013822,-0.0071269999999999
15363,GAP INC,The Gap Is Splitting; Old Navy To Become Standalone Public Company,6,increase,0.7,0.6,"the separation of old navy into a standalone public company may unlock value and improve operational focus, potentially leading to a positive market reaction and an increase in gap inc's stock price.",2,2019-02-28,GPS,2019-02-28 21:43:00+00:00,59010.0,36476010,0.001577247865498,14924361.0,0.1618110537528992,0.0205231476575136,-0.0599796846508979,-0.0111420126631856,-0.0191060099750757,0.0149434143677353,-0.0231532230973243,-0.0008071209304034,0.0052670952863991,-0.0151033056899905,-0.0295658316463232,-0.0011909760069102,0.0142691452056169,0.0047866310924291,-0.0125475255772471,0.0060192462988197,0.0011552055366337,-0.0075667276978492,-0.0184615217149257,-0.0011932689230889,-0.0090125212445855,0.0120772635564208,0.0106760989874601,-0.00240961718373,0.0054773590527474,-0.0012033969396725,-0.0143969189375639,0.0097205247730016,-0.008290528319776,-0.0210150200873613,-0.0238853655755519,-0.0023734720889478,0.0118270395323634,0.0112000275403261,0.0209593102335929,-0.0172956176102161,0.0260560549795627,0.0075247734785079,0.0046171927824616,-0.0094154477119445,0.0026809533592313,-0.0108653735369443,-0.0030557648278772,0.0035046788398176,-0.0114942966029048,0.0170297157019376,0.0124031631276011,-0.0051221107132732,0.0233537014573812,0.0176422856748104,-0.0183314550668001,-0.0411380119621753,0.0072408742271363,0.0164126642048358,-0.0203367639333009,0.0272982865571975,0.0097465887665748,0.0,-0.0166023280471563,-0.0165811330080032,0.0121712358668446,0.0035657747648656,0.0147400759160518,-0.0003960486792493,-0.0038226444739848,-0.031082097440958,0.0038373132701963,0.0333069078624248,-0.0072630173526704,-0.0416823625564575,-0.0292645450681448,0.0460629947483539,-0.0063466820865869,-0.015122190117836,0.0331337302923202,0.0015534335980191,0.0057960404083132,-0.000388207641663,0.0057625668123364,0.00546445697546,0.0022918053437024,-0.019892830401659,-0.0060975551605224,0.012393482029438,-0.0134202605113387,0.0461912229657173,0.0058297561481595,0.0032520294189453,0.0038640024140477,-0.0179640259593725,-0.0123171554878354,-0.0047676139511168,-0.0288386512547731,-0.0152581920847296,0.0056179529055953,0.0039277449250221,-0.0031923353672027,-0.0432168915867805,-0.0248198136687278,-0.0007509782444685,-0.066502496600151,-0.0305788200348615,0.0043975543230772,0.0117863612249493,-0.0197023097425699,0.0070474976673722,-0.0053594880737364,-0.0011115482775494,0.0004490448336582,-0.0224556624889373,-0.0112208258360624,0.02563152089715,0.0145256323739886,-0.0447125695645809,-0.0299776308238506,0.0326126553118228,-0.019372696056962,0.0240150578320026,0.0094072837382555,-0.018054524436593,0.1618110537528991,0.0205231476575136,0.0921259931248728,0.0091524658232395,0.0712598230061896,0.0242326492802582,0.0519684925089858,0.0079491564665128,0.0047244424781633,0.0087510435824362,0.0122361410192575,0.0011843929602337,-0.1471304578403754,-0.0566010537481607,2019-03-01,2019-03-04,2019-03-05,2019-03-06,2019-03-07,2019-03-08,2019-03-11,2019-03-12,2019-03-13,2019-03-14,59010.0,2019-02-28,252.0,0.1577%,-0.0005,0.7279,1.1227,0.5905,2.0921%,2.2665%,14.7919%,0.005037,GPS,59010.0,2019-03-01,252.0,16.1811%,0.0,0.7773,1.1963,0.5946,2.3049%,2.4852%,13.9849%,0.155586,GPS,59010.0,2019-03-04,252.0,-5.9980%,-0.0002,0.7843,1.2211,0.5819,2.3293%,2.5138%,14.1368%,-0.053562,GPS,59010.0,2019-03-05,252.0,-1.9106%,-0.0005,0.7724,1.1204,0.5779,2.2973%,2.4673%,13.3024%,-0.012681,GPS,59010.0,2019-03-06,252.0,-2.3153%,-0.0005,0.7773,1.1219,0.5837,2.2969%,2.4714%,13.6221%,-0.002869,GPS,59010.0,2019-03-07,252.0,0.5267%,-0.0004,0.7695,1.1129,0.5708,2.2986%,2.4698%,13.3799%,0.0142619999999999,GPS,59010.0,2019-03-08,252.0,-2.9566%,-0.0004,0.7702,1.1613,0.5694,2.2880%,2.4654%,13.8696%,-0.027549,GPS,59010.0,2019-03-11,252.0,1.4269%,-0.0003,0.7717,1.1479,0.561,2.2860%,2.4639%,13.9221%,0.001483,GPS,59010.0,2019-03-12,252.0,-1.2548%,-0.0004,0.7684,1.1533,0.5594,2.2869%,2.4633%,13.8113%,-0.010904,GPS,59010.0,2019-03-13,252.0,0.1155%,-0.0002,0.7673,1.1758,0.5636,2.2795%,2.4584%,14.0301%,-0.000917,GPS,59010.0,2019-03-14,252.0,-1.8462%,-0.0004,0.7714,1.1807,0.5612,2.2785%,2.4595%,14.1744%,-0.014654,GPS,0.160623,0.107061,0.09438,0.105773,0.053232
15371,GAP INC,Gap Sees FY19 Adj. EPS $2.40-$2.55 vs $2.55 Estimate,6,decrease,0.7,0.5,"the adjusted eps guidance is below the analyst estimate, which may lead to negative sentiment and a decrease in stock price.",0,2019-02-28,GPS,2019-02-28 21:19:00+00:00,59010.0,36476010,0.001577247865498,14924361.0,0.1618110537528992,0.0205231476575136,-0.0599796846508979,-0.0111420126631856,-0.0191060099750757,0.0149434143677353,-0.0231532230973243,-0.0008071209304034,0.0052670952863991,-0.0151033056899905,-0.0295658316463232,-0.0011909760069102,0.0142691452056169,0.0047866310924291,-0.0125475255772471,0.0060192462988197,0.0011552055366337,-0.0075667276978492,-0.0184615217149257,-0.0011932689230889,-0.0090125212445855,0.0120772635564208,0.0106760989874601,-0.00240961718373,0.0054773590527474,-0.0012033969396725,-0.0143969189375639,0.0097205247730016,-0.008290528319776,-0.0210150200873613,-0.0238853655755519,-0.0023734720889478,0.0118270395323634,0.0112000275403261,0.0209593102335929,-0.0172956176102161,0.0260560549795627,0.0075247734785079,0.0046171927824616,-0.0094154477119445,0.0026809533592313,-0.0108653735369443,-0.0030557648278772,0.0035046788398176,-0.0114942966029048,0.0170297157019376,0.0124031631276011,-0.0051221107132732,0.0233537014573812,0.0176422856748104,-0.0183314550668001,-0.0411380119621753,0.0072408742271363,0.0164126642048358,-0.0203367639333009,0.0272982865571975,0.0097465887665748,0.0,-0.0166023280471563,-0.0165811330080032,0.0121712358668446,0.0035657747648656,0.0147400759160518,-0.0003960486792493,-0.0038226444739848,-0.031082097440958,0.0038373132701963,0.0333069078624248,-0.0072630173526704,-0.0416823625564575,-0.0292645450681448,0.0460629947483539,-0.0063466820865869,-0.015122190117836,0.0331337302923202,0.0015534335980191,0.0057960404083132,-0.000388207641663,0.0057625668123364,0.00546445697546,0.0022918053437024,-0.019892830401659,-0.0060975551605224,0.012393482029438,-0.0134202605113387,0.0461912229657173,0.0058297561481595,0.0032520294189453,0.0038640024140477,-0.0179640259593725,-0.0123171554878354,-0.0047676139511168,-0.0288386512547731,-0.0152581920847296,0.0056179529055953,0.0039277449250221,-0.0031923353672027,-0.0432168915867805,-0.0248198136687278,-0.0007509782444685,-0.066502496600151,-0.0305788200348615,0.0043975543230772,0.0117863612249493,-0.0197023097425699,0.0070474976673722,-0.0053594880737364,-0.0011115482775494,0.0004490448336582,-0.0224556624889373,-0.0112208258360624,0.02563152089715,0.0145256323739886,-0.0447125695645809,-0.0299776308238506,0.0326126553118228,-0.019372696056962,0.0240150578320026,0.0094072837382555,-0.018054524436593,0.1618110537528991,0.0205231476575136,0.0921259931248728,0.0091524658232395,0.0712598230061896,0.0242326492802582,0.0519684925089858,0.0079491564665128,0.0047244424781633,0.0087510435824362,0.0122361410192575,0.0011843929602337,-0.1471304578403754,-0.0566010537481607,2019-03-01,2019-03-04,2019-03-05,2019-03-06,2019-03-07,2019-03-08,2019-03-11,2019-03-12,2019-03-13,2019-03-14,59010.0,2019-02-28,252.0,0.1577%,-0.0005,0.7279,1.1227,0.5905,2.0921%,2.2665%,14.7919%,0.005037,GPS,59010.0,2019-03-01,252.0,16.1811%,0.0,0.7773,1.1963,0.5946,2.3049%,2.4852%,13.9849%,0.155586,GPS,59010.0,2019-03-04,252.0,-5.9980%,-0.0002,0.7843,1.2211,0.5819,2.3293%,2.5138%,14.1368%,-0.053562,GPS,59010.0,2019-03-05,252.0,-1.9106%,-0.0005,0.7724,1.1204,0.5779,2.2973%,2.4673%,13.3024%,-0.012681,GPS,59010.0,2019-03-06,252.0,-2.3153%,-0.0005,0.7773,1.1219,0.5837,2.2969%,2.4714%,13.6221%,-0.002869,GPS,59010.0,2019-03-07,252.0,0.5267%,-0.0004,0.7695,1.1129,0.5708,2.2986%,2.4698%,13.3799%,0.0142619999999999,GPS,59010.0,2019-03-08,252.0,-2.9566%,-0.0004,0.7702,1.1613,0.5694,2.2880%,2.4654%,13.8696%,-0.027549,GPS,59010.0,2019-03-11,252.0,1.4269%,-0.0003,0.7717,1.1479,0.561,2.2860%,2.4639%,13.9221%,0.001483,GPS,59010.0,2019-03-12,252.0,-1.2548%,-0.0004,0.7684,1.1533,0.5594,2.2869%,2.4633%,13.8113%,-0.010904,GPS,59010.0,2019-03-13,252.0,0.1155%,-0.0002,0.7673,1.1758,0.5636,2.2795%,2.4584%,14.0301%,-0.000917,GPS,59010.0,2019-03-14,252.0,-1.8462%,-0.0004,0.7714,1.1807,0.5612,2.2785%,2.4595%,14.1744%,-0.014654,GPS,0.160623,0.107061,0.09438,0.105773,0.053232
15379,GAP INC,"Gap Q4 Adj. EPS $0.71 Beats $0.69 Estimate, Sales $4.623B Miss $4.7B Estimate",6,uncertain,0.6,0.3,"while the adjusted eps beat estimates, the sales miss could raise concerns among investors, leading to uncertainty in the stock's reaction.",1,2019-02-28,GPS,2019-02-28 21:19:00+00:00,59010.0,36476010,0.001577247865498,14924361.0,0.1618110537528992,0.0205231476575136,-0.0599796846508979,-0.0111420126631856,-0.0191060099750757,0.0149434143677353,-0.0231532230973243,-0.0008071209304034,0.0052670952863991,-0.0151033056899905,-0.0295658316463232,-0.0011909760069102,0.0142691452056169,0.0047866310924291,-0.0125475255772471,0.0060192462988197,0.0011552055366337,-0.0075667276978492,-0.0184615217149257,-0.0011932689230889,-0.0090125212445855,0.0120772635564208,0.0106760989874601,-0.00240961718373,0.0054773590527474,-0.0012033969396725,-0.0143969189375639,0.0097205247730016,-0.008290528319776,-0.0210150200873613,-0.0238853655755519,-0.0023734720889478,0.0118270395323634,0.0112000275403261,0.0209593102335929,-0.0172956176102161,0.0260560549795627,0.0075247734785079,0.0046171927824616,-0.0094154477119445,0.0026809533592313,-0.0108653735369443,-0.0030557648278772,0.0035046788398176,-0.0114942966029048,0.0170297157019376,0.0124031631276011,-0.0051221107132732,0.0233537014573812,0.0176422856748104,-0.0183314550668001,-0.0411380119621753,0.0072408742271363,0.0164126642048358,-0.0203367639333009,0.0272982865571975,0.0097465887665748,0.0,-0.0166023280471563,-0.0165811330080032,0.0121712358668446,0.0035657747648656,0.0147400759160518,-0.0003960486792493,-0.0038226444739848,-0.031082097440958,0.0038373132701963,0.0333069078624248,-0.0072630173526704,-0.0416823625564575,-0.0292645450681448,0.0460629947483539,-0.0063466820865869,-0.015122190117836,0.0331337302923202,0.0015534335980191,0.0057960404083132,-0.000388207641663,0.0057625668123364,0.00546445697546,0.0022918053437024,-0.019892830401659,-0.0060975551605224,0.012393482029438,-0.0134202605113387,0.0461912229657173,0.0058297561481595,0.0032520294189453,0.0038640024140477,-0.0179640259593725,-0.0123171554878354,-0.0047676139511168,-0.0288386512547731,-0.0152581920847296,0.0056179529055953,0.0039277449250221,-0.0031923353672027,-0.0432168915867805,-0.0248198136687278,-0.0007509782444685,-0.066502496600151,-0.0305788200348615,0.0043975543230772,0.0117863612249493,-0.0197023097425699,0.0070474976673722,-0.0053594880737364,-0.0011115482775494,0.0004490448336582,-0.0224556624889373,-0.0112208258360624,0.02563152089715,0.0145256323739886,-0.0447125695645809,-0.0299776308238506,0.0326126553118228,-0.019372696056962,0.0240150578320026,0.0094072837382555,-0.018054524436593,0.1618110537528991,0.0205231476575136,0.0921259931248728,0.0091524658232395,0.0712598230061896,0.0242326492802582,0.0519684925089858,0.0079491564665128,0.0047244424781633,0.0087510435824362,0.0122361410192575,0.0011843929602337,-0.1471304578403754,-0.0566010537481607,2019-03-01,2019-03-04,2019-03-05,2019-03-06,2019-03-07,2019-03-08,2019-03-11,2019-03-12,2019-03-13,2019-03-14,59010.0,2019-02-28,252.0,0.1577%,-0.0005,0.7279,1.1227,0.5905,2.0921%,2.2665%,14.7919%,0.005037,GPS,59010.0,2019-03-01,252.0,16.1811%,0.0,0.7773,1.1963,0.5946,2.3049%,2.4852%,13.9849%,0.155586,GPS,59010.0,2019-03-04,252.0,-5.9980%,-0.0002,0.7843,1.2211,0.5819,2.3293%,2.5138%,14.1368%,-0.053562,GPS,59010.0,2019-03-05,252.0,-1.9106%,-0.0005,0.7724,1.1204,0.5779,2.2973%,2.4673%,13.3024%,-0.012681,GPS,59010.0,2019-03-06,252.0,-2.3153%,-0.0005,0.7773,1.1219,0.5837,2.2969%,2.4714%,13.6221%,-0.002869,GPS,59010.0,2019-03-07,252.0,0.5267%,-0.0004,0.7695,1.1129,0.5708,2.2986%,2.4698%,13.3799%,0.0142619999999999,GPS,59010.0,2019-03-08,252.0,-2.9566%,-0.0004,0.7702,1.1613,0.5694,2.2880%,2.4654%,13.8696%,-0.027549,GPS,59010.0,2019-03-11,252.0,1.4269%,-0.0003,0.7717,1.1479,0.561,2.2860%,2.4639%,13.9221%,0.001483,GPS,59010.0,2019-03-12,252.0,-1.2548%,-0.0004,0.7684,1.1533,0.5594,2.2869%,2.4633%,13.8113%,-0.010904,GPS,59010.0,2019-03-13,252.0,0.1155%,-0.0002,0.7673,1.1758,0.5636,2.2795%,2.4584%,14.0301%,-0.000917,GPS,59010.0,2019-03-14,252.0,-1.8462%,-0.0004,0.7714,1.1807,0.5612,2.2785%,2.4595%,14.1744%,-0.014654,GPS,0.160623,0.107061,0.09438,0.105773,0.053232
15387,GAP INC,"UPDATE: Gap says Yet-To-Be Named Co. Will Consist Of Gap brand, Athleta, Banana Republic, Intermix, Hill City",6,uncertain,0.5,0.5,"the announcement of a yet-to-be-named company structure could have mixed implications for investors, leading to uncertainty about the future performance of gap inc.'s brands.",1,2019-02-28,GPS,2019-02-28 21:17:00+00:00,59010.0,36476010,0.001577247865498,14924361.0,0.1618110537528992,0.0205231476575136,-0.0599796846508979,-0.0111420126631856,-0.0191060099750757,0.0149434143677353,-0.0231532230973243,-0.0008071209304034,0.0052670952863991,-0.0151033056899905,-0.0295658316463232,-0.0011909760069102,0.0142691452056169,0.0047866310924291,-0.0125475255772471,0.0060192462988197,0.0011552055366337,-0.0075667276978492,-0.0184615217149257,-0.0011932689230889,-0.0090125212445855,0.0120772635564208,0.0106760989874601,-0.00240961718373,0.0054773590527474,-0.0012033969396725,-0.0143969189375639,0.0097205247730016,-0.008290528319776,-0.0210150200873613,-0.0238853655755519,-0.0023734720889478,0.0118270395323634,0.0112000275403261,0.0209593102335929,-0.0172956176102161,0.0260560549795627,0.0075247734785079,0.0046171927824616,-0.0094154477119445,0.0026809533592313,-0.0108653735369443,-0.0030557648278772,0.0035046788398176,-0.0114942966029048,0.0170297157019376,0.0124031631276011,-0.0051221107132732,0.0233537014573812,0.0176422856748104,-0.0183314550668001,-0.0411380119621753,0.0072408742271363,0.0164126642048358,-0.0203367639333009,0.0272982865571975,0.0097465887665748,0.0,-0.0166023280471563,-0.0165811330080032,0.0121712358668446,0.0035657747648656,0.0147400759160518,-0.0003960486792493,-0.0038226444739848,-0.031082097440958,0.0038373132701963,0.0333069078624248,-0.0072630173526704,-0.0416823625564575,-0.0292645450681448,0.0460629947483539,-0.0063466820865869,-0.015122190117836,0.0331337302923202,0.0015534335980191,0.0057960404083132,-0.000388207641663,0.0057625668123364,0.00546445697546,0.0022918053437024,-0.019892830401659,-0.0060975551605224,0.012393482029438,-0.0134202605113387,0.0461912229657173,0.0058297561481595,0.0032520294189453,0.0038640024140477,-0.0179640259593725,-0.0123171554878354,-0.0047676139511168,-0.0288386512547731,-0.0152581920847296,0.0056179529055953,0.0039277449250221,-0.0031923353672027,-0.0432168915867805,-0.0248198136687278,-0.0007509782444685,-0.066502496600151,-0.0305788200348615,0.0043975543230772,0.0117863612249493,-0.0197023097425699,0.0070474976673722,-0.0053594880737364,-0.0011115482775494,0.0004490448336582,-0.0224556624889373,-0.0112208258360624,0.02563152089715,0.0145256323739886,-0.0447125695645809,-0.0299776308238506,0.0326126553118228,-0.019372696056962,0.0240150578320026,0.0094072837382555,-0.018054524436593,0.1618110537528991,0.0205231476575136,0.0921259931248728,0.0091524658232395,0.0712598230061896,0.0242326492802582,0.0519684925089858,0.0079491564665128,0.0047244424781633,0.0087510435824362,0.0122361410192575,0.0011843929602337,-0.1471304578403754,-0.0566010537481607,2019-03-01,2019-03-04,2019-03-05,2019-03-06,2019-03-07,2019-03-08,2019-03-11,2019-03-12,2019-03-13,2019-03-14,59010.0,2019-02-28,252.0,0.1577%,-0.0005,0.7279,1.1227,0.5905,2.0921%,2.2665%,14.7919%,0.005037,GPS,59010.0,2019-03-01,252.0,16.1811%,0.0,0.7773,1.1963,0.5946,2.3049%,2.4852%,13.9849%,0.155586,GPS,59010.0,2019-03-04,252.0,-5.9980%,-0.0002,0.7843,1.2211,0.5819,2.3293%,2.5138%,14.1368%,-0.053562,GPS,59010.0,2019-03-05,252.0,-1.9106%,-0.0005,0.7724,1.1204,0.5779,2.2973%,2.4673%,13.3024%,-0.012681,GPS,59010.0,2019-03-06,252.0,-2.3153%,-0.0005,0.7773,1.1219,0.5837,2.2969%,2.4714%,13.6221%,-0.002869,GPS,59010.0,2019-03-07,252.0,0.5267%,-0.0004,0.7695,1.1129,0.5708,2.2986%,2.4698%,13.3799%,0.0142619999999999,GPS,59010.0,2019-03-08,252.0,-2.9566%,-0.0004,0.7702,1.1613,0.5694,2.2880%,2.4654%,13.8696%,-0.027549,GPS,59010.0,2019-03-11,252.0,1.4269%,-0.0003,0.7717,1.1479,0.561,2.2860%,2.4639%,13.9221%,0.001483,GPS,59010.0,2019-03-12,252.0,-1.2548%,-0.0004,0.7684,1.1533,0.5594,2.2869%,2.4633%,13.8113%,-0.010904,GPS,59010.0,2019-03-13,252.0,0.1155%,-0.0002,0.7673,1.1758,0.5636,2.2795%,2.4584%,14.0301%,-0.000917,GPS,59010.0,2019-03-14,252.0,-1.8462%,-0.0004,0.7714,1.1807,0.5612,2.2785%,2.4595%,14.1744%,-0.014654,GPS,0.160623,0.107061,0.09438,0.105773,0.053232
15395,GAP INC,UPDATE: Old Navy To Become Standalone Co.,6,increase,0.7,0.6,"the decision to spin off old navy as a standalone company may be viewed positively by investors, as it could allow both gap inc and old navy to focus on their core businesses and potentially unlock value.",2,2019-02-28,GPS,2019-02-28 21:16:00+00:00,59010.0,36476010,0.001577247865498,14924361.0,0.1618110537528992,0.0205231476575136,-0.0599796846508979,-0.0111420126631856,-0.0191060099750757,0.0149434143677353,-0.0231532230973243,-0.0008071209304034,0.0052670952863991,-0.0151033056899905,-0.0295658316463232,-0.0011909760069102,0.0142691452056169,0.0047866310924291,-0.0125475255772471,0.0060192462988197,0.0011552055366337,-0.0075667276978492,-0.0184615217149257,-0.0011932689230889,-0.0090125212445855,0.0120772635564208,0.0106760989874601,-0.00240961718373,0.0054773590527474,-0.0012033969396725,-0.0143969189375639,0.0097205247730016,-0.008290528319776,-0.0210150200873613,-0.0238853655755519,-0.0023734720889478,0.0118270395323634,0.0112000275403261,0.0209593102335929,-0.0172956176102161,0.0260560549795627,0.0075247734785079,0.0046171927824616,-0.0094154477119445,0.0026809533592313,-0.0108653735369443,-0.0030557648278772,0.0035046788398176,-0.0114942966029048,0.0170297157019376,0.0124031631276011,-0.0051221107132732,0.0233537014573812,0.0176422856748104,-0.0183314550668001,-0.0411380119621753,0.0072408742271363,0.0164126642048358,-0.0203367639333009,0.0272982865571975,0.0097465887665748,0.0,-0.0166023280471563,-0.0165811330080032,0.0121712358668446,0.0035657747648656,0.0147400759160518,-0.0003960486792493,-0.0038226444739848,-0.031082097440958,0.0038373132701963,0.0333069078624248,-0.0072630173526704,-0.0416823625564575,-0.0292645450681448,0.0460629947483539,-0.0063466820865869,-0.015122190117836,0.0331337302923202,0.0015534335980191,0.0057960404083132,-0.000388207641663,0.0057625668123364,0.00546445697546,0.0022918053437024,-0.019892830401659,-0.0060975551605224,0.012393482029438,-0.0134202605113387,0.0461912229657173,0.0058297561481595,0.0032520294189453,0.0038640024140477,-0.0179640259593725,-0.0123171554878354,-0.0047676139511168,-0.0288386512547731,-0.0152581920847296,0.0056179529055953,0.0039277449250221,-0.0031923353672027,-0.0432168915867805,-0.0248198136687278,-0.0007509782444685,-0.066502496600151,-0.0305788200348615,0.0043975543230772,0.0117863612249493,-0.0197023097425699,0.0070474976673722,-0.0053594880737364,-0.0011115482775494,0.0004490448336582,-0.0224556624889373,-0.0112208258360624,0.02563152089715,0.0145256323739886,-0.0447125695645809,-0.0299776308238506,0.0326126553118228,-0.019372696056962,0.0240150578320026,0.0094072837382555,-0.018054524436593,0.1618110537528991,0.0205231476575136,0.0921259931248728,0.0091524658232395,0.0712598230061896,0.0242326492802582,0.0519684925089858,0.0079491564665128,0.0047244424781633,0.0087510435824362,0.0122361410192575,0.0011843929602337,-0.1471304578403754,-0.0566010537481607,2019-03-01,2019-03-04,2019-03-05,2019-03-06,2019-03-07,2019-03-08,2019-03-11,2019-03-12,2019-03-13,2019-03-14,59010.0,2019-02-28,252.0,0.1577%,-0.0005,0.7279,1.1227,0.5905,2.0921%,2.2665%,14.7919%,0.005037,GPS,59010.0,2019-03-01,252.0,16.1811%,0.0,0.7773,1.1963,0.5946,2.3049%,2.4852%,13.9849%,0.155586,GPS,59010.0,2019-03-04,252.0,-5.9980%,-0.0002,0.7843,1.2211,0.5819,2.3293%,2.5138%,14.1368%,-0.053562,GPS,59010.0,2019-03-05,252.0,-1.9106%,-0.0005,0.7724,1.1204,0.5779,2.2973%,2.4673%,13.3024%,-0.012681,GPS,59010.0,2019-03-06,252.0,-2.3153%,-0.0005,0.7773,1.1219,0.5837,2.2969%,2.4714%,13.6221%,-0.002869,GPS,59010.0,2019-03-07,252.0,0.5267%,-0.0004,0.7695,1.1129,0.5708,2.2986%,2.4698%,13.3799%,0.0142619999999999,GPS,59010.0,2019-03-08,252.0,-2.9566%,-0.0004,0.7702,1.1613,0.5694,2.2880%,2.4654%,13.8696%,-0.027549,GPS,59010.0,2019-03-11,252.0,1.4269%,-0.0003,0.7717,1.1479,0.561,2.2860%,2.4639%,13.9221%,0.001483,GPS,59010.0,2019-03-12,252.0,-1.2548%,-0.0004,0.7684,1.1533,0.5594,2.2869%,2.4633%,13.8113%,-0.010904,GPS,59010.0,2019-03-13,252.0,0.1155%,-0.0002,0.7673,1.1758,0.5636,2.2795%,2.4584%,14.0301%,-0.000917,GPS,59010.0,2019-03-14,252.0,-1.8462%,-0.0004,0.7714,1.1807,0.5612,2.2785%,2.4595%,14.1744%,-0.014654,GPS,0.160623,0.107061,0.09438,0.105773,0.053232
15403,GAP INC,Gap To Separate Into 2 Independent Publicly Traded Cos.,6,increase,0.7,0.6,"the separation into two independent publicly traded companies could unlock value and attract investor interest, potentially leading to an increase in stock price.",2,2019-02-28,GPS,2019-02-28 21:16:00+00:00,59010.0,36476010,0.001577247865498,14924361.0,0.1618110537528992,0.0205231476575136,-0.0599796846508979,-0.0111420126631856,-0.0191060099750757,0.0149434143677353,-0.0231532230973243,-0.0008071209304034,0.0052670952863991,-0.0151033056899905,-0.0295658316463232,-0.0011909760069102,0.0142691452056169,0.0047866310924291,-0.0125475255772471,0.0060192462988197,0.0011552055366337,-0.0075667276978492,-0.0184615217149257,-0.0011932689230889,-0.0090125212445855,0.0120772635564208,0.0106760989874601,-0.00240961718373,0.0054773590527474,-0.0012033969396725,-0.0143969189375639,0.0097205247730016,-0.008290528319776,-0.0210150200873613,-0.0238853655755519,-0.0023734720889478,0.0118270395323634,0.0112000275403261,0.0209593102335929,-0.0172956176102161,0.0260560549795627,0.0075247734785079,0.0046171927824616,-0.0094154477119445,0.0026809533592313,-0.0108653735369443,-0.0030557648278772,0.0035046788398176,-0.0114942966029048,0.0170297157019376,0.0124031631276011,-0.0051221107132732,0.0233537014573812,0.0176422856748104,-0.0183314550668001,-0.0411380119621753,0.0072408742271363,0.0164126642048358,-0.0203367639333009,0.0272982865571975,0.0097465887665748,0.0,-0.0166023280471563,-0.0165811330080032,0.0121712358668446,0.0035657747648656,0.0147400759160518,-0.0003960486792493,-0.0038226444739848,-0.031082097440958,0.0038373132701963,0.0333069078624248,-0.0072630173526704,-0.0416823625564575,-0.0292645450681448,0.0460629947483539,-0.0063466820865869,-0.015122190117836,0.0331337302923202,0.0015534335980191,0.0057960404083132,-0.000388207641663,0.0057625668123364,0.00546445697546,0.0022918053437024,-0.019892830401659,-0.0060975551605224,0.012393482029438,-0.0134202605113387,0.0461912229657173,0.0058297561481595,0.0032520294189453,0.0038640024140477,-0.0179640259593725,-0.0123171554878354,-0.0047676139511168,-0.0288386512547731,-0.0152581920847296,0.0056179529055953,0.0039277449250221,-0.0031923353672027,-0.0432168915867805,-0.0248198136687278,-0.0007509782444685,-0.066502496600151,-0.0305788200348615,0.0043975543230772,0.0117863612249493,-0.0197023097425699,0.0070474976673722,-0.0053594880737364,-0.0011115482775494,0.0004490448336582,-0.0224556624889373,-0.0112208258360624,0.02563152089715,0.0145256323739886,-0.0447125695645809,-0.0299776308238506,0.0326126553118228,-0.019372696056962,0.0240150578320026,0.0094072837382555,-0.018054524436593,0.1618110537528991,0.0205231476575136,0.0921259931248728,0.0091524658232395,0.0712598230061896,0.0242326492802582,0.0519684925089858,0.0079491564665128,0.0047244424781633,0.0087510435824362,0.0122361410192575,0.0011843929602337,-0.1471304578403754,-0.0566010537481607,2019-03-01,2019-03-04,2019-03-05,2019-03-06,2019-03-07,2019-03-08,2019-03-11,2019-03-12,2019-03-13,2019-03-14,59010.0,2019-02-28,252.0,0.1577%,-0.0005,0.7279,1.1227,0.5905,2.0921%,2.2665%,14.7919%,0.005037,GPS,59010.0,2019-03-01,252.0,16.1811%,0.0,0.7773,1.1963,0.5946,2.3049%,2.4852%,13.9849%,0.155586,GPS,59010.0,2019-03-04,252.0,-5.9980%,-0.0002,0.7843,1.2211,0.5819,2.3293%,2.5138%,14.1368%,-0.053562,GPS,59010.0,2019-03-05,252.0,-1.9106%,-0.0005,0.7724,1.1204,0.5779,2.2973%,2.4673%,13.3024%,-0.012681,GPS,59010.0,2019-03-06,252.0,-2.3153%,-0.0005,0.7773,1.1219,0.5837,2.2969%,2.4714%,13.6221%,-0.002869,GPS,59010.0,2019-03-07,252.0,0.5267%,-0.0004,0.7695,1.1129,0.5708,2.2986%,2.4698%,13.3799%,0.0142619999999999,GPS,59010.0,2019-03-08,252.0,-2.9566%,-0.0004,0.7702,1.1613,0.5694,2.2880%,2.4654%,13.8696%,-0.027549,GPS,59010.0,2019-03-11,252.0,1.4269%,-0.0003,0.7717,1.1479,0.561,2.2860%,2.4639%,13.9221%,0.001483,GPS,59010.0,2019-03-12,252.0,-1.2548%,-0.0004,0.7684,1.1533,0.5594,2.2869%,2.4633%,13.8113%,-0.010904,GPS,59010.0,2019-03-13,252.0,0.1155%,-0.0002,0.7673,1.1758,0.5636,2.2795%,2.4584%,14.0301%,-0.000917,GPS,59010.0,2019-03-14,252.0,-1.8462%,-0.0004,0.7714,1.1807,0.5612,2.2785%,2.4595%,14.1744%,-0.014654,GPS,0.160623,0.107061,0.09438,0.105773,0.053232
15411,GAP INC,A Preview Of Gap's Q4 Earnings,6,uncertain,0.5,0.5,the impact on gap inc.'s stock price is uncertain as it depends on the actual earnings results and market expectations.,1,2019-02-28,GPS,2019-02-28 13:58:00+00:00,59010.0,36476010,0.001577247865498,14924361.0,0.1618110537528992,0.0205231476575136,-0.0599796846508979,-0.0111420126631856,-0.0191060099750757,0.0149434143677353,-0.0231532230973243,-0.0008071209304034,0.0052670952863991,-0.0151033056899905,-0.0295658316463232,-0.0011909760069102,0.0142691452056169,0.0047866310924291,-0.0125475255772471,0.0060192462988197,0.0011552055366337,-0.0075667276978492,-0.0184615217149257,-0.0011932689230889,-0.0090125212445855,0.0120772635564208,0.0106760989874601,-0.00240961718373,0.0054773590527474,-0.0012033969396725,-0.0143969189375639,0.0097205247730016,-0.008290528319776,-0.0210150200873613,-0.0238853655755519,-0.0023734720889478,0.0118270395323634,0.0112000275403261,0.0209593102335929,-0.0172956176102161,0.0260560549795627,0.0075247734785079,0.0046171927824616,-0.0094154477119445,0.0026809533592313,-0.0108653735369443,-0.0030557648278772,0.0035046788398176,-0.0114942966029048,0.0170297157019376,0.0124031631276011,-0.0051221107132732,0.0233537014573812,0.0176422856748104,-0.0183314550668001,-0.0411380119621753,0.0072408742271363,0.0164126642048358,-0.0203367639333009,0.0272982865571975,0.0097465887665748,0.0,-0.0166023280471563,-0.0165811330080032,0.0121712358668446,0.0035657747648656,0.0147400759160518,-0.0003960486792493,-0.0038226444739848,-0.031082097440958,0.0038373132701963,0.0333069078624248,-0.0072630173526704,-0.0416823625564575,-0.0292645450681448,0.0460629947483539,-0.0063466820865869,-0.015122190117836,0.0331337302923202,0.0015534335980191,0.0057960404083132,-0.000388207641663,0.0057625668123364,0.00546445697546,0.0022918053437024,-0.019892830401659,-0.0060975551605224,0.012393482029438,-0.0134202605113387,0.0461912229657173,0.0058297561481595,0.0032520294189453,0.0038640024140477,-0.0179640259593725,-0.0123171554878354,-0.0047676139511168,-0.0288386512547731,-0.0152581920847296,0.0056179529055953,0.0039277449250221,-0.0031923353672027,-0.0432168915867805,-0.0248198136687278,-0.0007509782444685,-0.066502496600151,-0.0305788200348615,0.0043975543230772,0.0117863612249493,-0.0197023097425699,0.0070474976673722,-0.0053594880737364,-0.0011115482775494,0.0004490448336582,-0.0224556624889373,-0.0112208258360624,0.02563152089715,0.0145256323739886,-0.0447125695645809,-0.0299776308238506,0.0326126553118228,-0.019372696056962,0.0240150578320026,0.0094072837382555,-0.018054524436593,0.1618110537528991,0.0205231476575136,0.0921259931248728,0.0091524658232395,0.0712598230061896,0.0242326492802582,0.0519684925089858,0.0079491564665128,0.0047244424781633,0.0087510435824362,0.0122361410192575,0.0011843929602337,-0.1471304578403754,-0.0566010537481607,2019-03-01,2019-03-04,2019-03-05,2019-03-06,2019-03-07,2019-03-08,2019-03-11,2019-03-12,2019-03-13,2019-03-14,59010.0,2019-02-28,252.0,0.1577%,-0.0005,0.7279,1.1227,0.5905,2.0921%,2.2665%,14.7919%,0.005037,GPS,59010.0,2019-03-01,252.0,16.1811%,0.0,0.7773,1.1963,0.5946,2.3049%,2.4852%,13.9849%,0.155586,GPS,59010.0,2019-03-04,252.0,-5.9980%,-0.0002,0.7843,1.2211,0.5819,2.3293%,2.5138%,14.1368%,-0.053562,GPS,59010.0,2019-03-05,252.0,-1.9106%,-0.0005,0.7724,1.1204,0.5779,2.2973%,2.4673%,13.3024%,-0.012681,GPS,59010.0,2019-03-06,252.0,-2.3153%,-0.0005,0.7773,1.1219,0.5837,2.2969%,2.4714%,13.6221%,-0.002869,GPS,59010.0,2019-03-07,252.0,0.5267%,-0.0004,0.7695,1.1129,0.5708,2.2986%,2.4698%,13.3799%,0.0142619999999999,GPS,59010.0,2019-03-08,252.0,-2.9566%,-0.0004,0.7702,1.1613,0.5694,2.2880%,2.4654%,13.8696%,-0.027549,GPS,59010.0,2019-03-11,252.0,1.4269%,-0.0003,0.7717,1.1479,0.561,2.2860%,2.4639%,13.9221%,0.001483,GPS,59010.0,2019-03-12,252.0,-1.2548%,-0.0004,0.7684,1.1533,0.5594,2.2869%,2.4633%,13.8113%,-0.010904,GPS,59010.0,2019-03-13,252.0,0.1155%,-0.0002,0.7673,1.1758,0.5636,2.2795%,2.4584%,14.0301%,-0.000917,GPS,59010.0,2019-03-14,252.0,-1.8462%,-0.0004,0.7714,1.1807,0.5612,2.2785%,2.4595%,14.1744%,-0.014654,GPS,0.160623,0.107061,0.09438,0.105773,0.053232
15419,GLOBALSTAR INC,"Globalstar Q4 EPS $(0.07) Misses $(0.02) Estimate, Sales $31.946M Beat $29.4M Estimate",6,uncertain,0.6,0.3,"while the sales beat expectations, the earnings per share miss could lead to mixed reactions from investors, making the overall impact on the stock price uncertain.",1,2019-02-28,GSAT,2019-02-28 21:48:00+00:00,91612.0,37897340,0.013125960715115,12193424.0,-0.0831173583865165,-0.0871889591217041,-0.082826092839241,-0.0136363506317138,0.0711068958044052,-0.0753194093704223,-0.0371764004230499,-0.0655145421624183,-0.0347046703100204,0.0068016424775123,-0.035714253783226,-0.0548662133514881,-0.0306172873824834,0.0459734015166759,0.0193581487983465,0.0658333301544189,0.0717141255736351,0.0416667535901069,0.0139892334118485,-0.0041494476608932,0.0117268608883023,0.003295780159533,0.065000019967556,0.0008680961327627,-0.0224072001874446,-0.0207412410527467,-0.0176817364990711,-0.0564645528793335,-0.0328888520598411,-0.0103191081434488,-0.0119485259056091,-0.0160887837409973,-0.0123256165534257,-0.0026483628898859,0.0115375760942697,-0.0238746702671051,-0.0107076084241271,-0.0218652319163084,-0.0054118209518492,0.003283103229478,0.0172699782997369,0.0117771150544285,-0.0123256165534257,-0.0331387035548687,-0.018365865573287,0.0182845462113618,0.0129527505487203,0.0004461483913473,-0.0042623742483556,0.0516108721494674,-0.0235434081405401,-0.0254533924162387,-0.001217714510858,-0.0562428794801235,0.0,-0.0082738222554326,0.0119482530280947,-0.0070821465924382,-0.0012048038188368,-0.0009905992774292,0.0012062571477144,0.0097157536074519,-0.0036144114565104,0.0076302699744701,0.0157194100320339,0.0387318767607212,0.0238095726817846,0.04484374076128,-0.0125581435859203,-0.079136699438095,0.0127178570255637,-0.0072846906259655,0.0174418427050113,0.0229397751390934,0.147885724902153,0.006470609921962,0.0055754436179995,0.0629983022809028,-0.0055445302277803,0.2354191392660141,0.0121465530246496,0.1017020717263222,0.0515443570911884,-0.0090659884735941,-0.0087932739406824,0.1568292677402496,0.0286901071667671,-0.12092624604702,0.0388990826904773,0.0938086062669754,0.0879547446966171,0.1221052929759026,-0.002759714378044,0.0555555000901222,0.0727656930685043,-0.0057994774542748,0.0116844102740287,0.2074024975299835,0.0332983173429966,-0.03258066624403,-0.0493540130555629,0.0197368822991848,-0.0218353774398565,-0.0765492394566536,-0.0165470335632562,-0.0125975143164396,-0.1312698572874069,-0.0687150806188583,-0.011693749576807,-0.0223921071738004,0.0353115387260913,0.0010935122845694,0.0008928988827392,-0.0373684279620647,-0.0365744940936565,-0.0193548202514648,-0.0425925962626934,-0.0548780709505081,0.0162475109100341,-0.0515845604240894,-0.0831173583865165,-0.0871889591217041,-0.1590591651834835,-0.0996363705356202,-0.0992624728645159,-0.1674512273254871,-0.1628463239628607,-0.2167035690370493,-0.1331473045871934,-0.1438451010799361,-0.1738090304709115,-0.2992783545634656,0.0472393814134179,0.1455008076355379,2019-03-01,2019-03-04,2019-03-05,2019-03-06,2019-03-07,2019-03-08,2019-03-11,2019-03-12,2019-03-13,2019-03-14,91612.0,2019-02-28,252.0,1.3126%,-0.0008,1.105,0.1533,1.1288,5.2595%,5.3679%,3.9969%,0.019168,GSAT,91612.0,2019-03-01,252.0,-8.3117%,-0.0012,1.1008,0.147,1.1623,5.2854%,5.3925%,3.9324%,-0.087093,GSAT,91612.0,2019-03-04,252.0,-8.2826%,-0.0017,1.1331,0.1116,1.1375,5.3004%,5.4118%,4.0764%,-0.081137,GSAT,91612.0,2019-03-05,252.0,7.1107%,-0.0014,1.1254,0.1026,1.1034,5.3209%,5.4300%,3.9769%,0.076019,GSAT,91612.0,2019-03-06,252.0,-3.7176%,-0.0015,1.1292,0.1611,1.1156,5.3227%,5.4319%,3.9819%,-0.026961,GSAT,91612.0,2019-03-07,252.0,-3.4705%,-0.0014,1.1488,0.218,1.1579,5.3175%,5.4313%,4.1497%,-0.021741,GSAT,91612.0,2019-03-08,252.0,-3.5714%,-0.0015,1.1528,0.2191,1.1642,5.3208%,5.4355%,4.1753%,-0.031417,GSAT,91612.0,2019-03-11,252.0,-3.0617%,-0.0016,1.132,0.1903,1.1584,5.3266%,5.4380%,4.0558%,-0.042619,GSAT,91612.0,2019-03-12,252.0,1.9358%,-0.0014,1.1589,0.1758,1.1832,5.3246%,5.4395%,4.1771%,0.017898,GSAT,91612.0,2019-03-13,252.0,7.1714%,-0.001,1.1787,0.1822,1.2062,5.3325%,5.4514%,4.3147%,0.063359,GSAT,91612.0,2019-03-14,252.0,1.3989%,-0.0007,1.1658,0.1826,1.2059,5.3240%,5.4406%,4.2425%,0.012206,GSAT,-0.067925,-0.149062,-0.073043,-0.1217449999999999,-0.1023179999999999
15427,HAIN CELESTIAL GROUP INC,"JP Morgan Upgrades Hain Celestial Group to Overweight, Raises Price Target to $20",6,increase,0.8,0.7,"upgrading a stock to 'overweight' and raising the price target typically signals positive sentiment and can lead to increased investor interest, likely driving the stock price up.",2,2019-02-28,HAIN,2019-02-28 11:36:00+00:00,80167.0,40521710,0.1069217547774315,7358364.0,-0.0213523171842098,0.0247981715947389,0.0171428527683019,0.0063842493109405,0.0393258668482303,-0.0232426226139068,0.0196560006588697,-0.0248756632208824,0.0390361174941062,-0.0211038626730442,-0.0027829066384583,0.0312499701976776,0.0181395057588815,0.0090089999139308,0.0009136801236309,0.0177650116384029,0.0241898987442255,-0.01911186799407,-0.0178252942860126,-0.0144043397158384,0.0231396686285734,0.0718526765704155,0.0079822754487395,0.0584538206458091,-0.0008799145580269,-0.0148606672883033,-0.0110083669424057,-0.092186689376831,0.0347284376621246,0.0090755391865968,0.0021515123080462,-0.0334430150687694,0.0072991913184523,0.0027487210463732,0.011508971452713,-0.0076377191580832,-0.0037926740478724,0.0149501916021108,-0.0114212585613131,0.0,-0.0106974747031927,-0.0082372119650244,-0.0173011031001806,0.0122289778664708,-0.0294894408434629,0.0055897366255521,-0.0331065580248832,-0.015410054475069,0.0243902653455734,0.0022063385695219,-0.0009157718741334,-0.0231681205332279,0.0032080521341413,0.011444091796875,-0.0054819067008793,0.0177481807768344,0.0179145336151123,-0.0082508036866784,0.0072202095761895,0.021922392770648,-0.0112007167190313,-0.0011228832881897,0.0285455863922834,-0.0061384267173707,-0.004405302926898,0.0011173440143466,-0.0044247955083847,0.0193621963262558,-0.0053333705291152,0.006880672648549,-0.0142984678968787,0.0234741549938917,-0.0022665113210678,0.0333536192774772,-0.0072694160044193,0.0166461449116468,-0.0132723525166511,0.0226985923945903,0.0162337850779295,0.0192801561206579,0.0031948743853718,-0.0051150843501091,-0.0072793378494679,-0.0094996588304638,-0.0032080521341413,0.0193673465400934,0.0119540337473154,-0.0019330339273437,0.0213538985699415,-0.0275688953697681,0.022686842828989,-0.0178461521863937,0.0308830365538597,-0.0429917275905609,0.0021096724085509,0.0095124766230583,-0.0349473655223846,-0.0883469358086586,-0.0017452406464144,-0.0390625,0.0314685851335525,0.0041840961202979,0.0127118322998285,0.0170213617384433,0.0242677796632051,-0.0198123604059219,-0.0073529537767171,-0.0062175616621971,-0.014814761467278,-0.0311245396733284,-0.0213032681494951,-0.0128840543329715,0.0200597234070301,-0.0251207947731018,-0.0029288574587553,0.0,-0.0415442623198032,-0.0057636373676359,-0.015761848539114,0.0019248799653723,-0.0213523171842098,0.0247981715947389,-0.0045755040456588,0.0313407386155957,0.0345704271397082,0.0073696750416054,0.0960853765177849,-0.0384198635588879,0.1204880927166534,-0.0155123970790096,0.1347229046997007,-0.0011242511023085,0.1428571130311919,-0.1448508186015628,2019-03-01,2019-03-04,2019-03-05,2019-03-06,2019-03-07,2019-03-08,2019-03-11,2019-03-12,2019-03-13,2019-03-14,80167.0,2019-02-28,252.0,10.6922%,-0.0021,0.7109,0.4446,0.2628,2.2299%,2.3471%,9.7423%,0.109744,HAIN,80167.0,2019-03-01,252.0,-2.1352%,-0.0022,0.7102,0.4436,0.2732,2.2348%,2.3502%,9.5835%,-0.026799,HAIN,80167.0,2019-03-04,252.0,1.7143%,-0.0021,0.7009,0.4531,0.2804,2.2380%,2.3506%,9.3505%,0.021455,HAIN,80167.0,2019-03-05,252.0,3.9326%,-0.002,0.6907,0.4026,0.2567,2.2541%,2.3611%,8.8641%,0.0425049999999999,HAIN,80167.0,2019-03-06,252.0,1.9656%,-0.0019,0.6672,0.3451,0.2222,2.2597%,2.3596%,8.2815%,0.030339,HAIN,80167.0,2019-03-07,252.0,3.9036%,-0.0018,0.6443,0.326,0.1865,2.2790%,2.3728%,7.7520%,0.045392,HAIN,80167.0,2019-03-08,252.0,-0.2783%,-0.0017,0.6436,0.3369,0.1847,2.2782%,2.3723%,7.7827%,-0.0013009999999999,HAIN,80167.0,2019-03-11,252.0,1.8140%,-0.0017,0.6489,0.3378,0.1825,2.2789%,2.3755%,7.9706%,0.008208,HAIN,80167.0,2019-03-12,252.0,0.0914%,-0.0016,0.6515,0.3363,0.1849,2.2788%,2.3751%,7.9376%,0.000293,HAIN,80167.0,2019-03-13,252.0,2.4190%,-0.0016,0.6589,0.3218,0.1896,2.2828%,2.3802%,8.0169%,0.020598,HAIN,80167.0,2019-03-14,252.0,-1.7825%,-0.0016,0.6569,0.3302,0.1853,2.2845%,2.3817%,7.9970%,-0.016506,HAIN,0.0829449999999999,0.1043999999999999,0.1469049999999999,0.222636,0.233928
15435,HALOZYME THERAPEUTICS INC,Halozyme Reports FDA Approval Of Herceptin Hylecta,6,increase,0.8,0.7,"the fda approval of herceptin hylecta is likely to boost investor confidence and sales potential for halozyme, leading to an increase in stock price.",2,2019-02-28,HALO,2019-02-28 16:51:00+00:00,90436.0,40637H10,-0.012027439661324,1200875.0,0.0191304311156272,0.0162979494780302,-0.0204778499901294,-0.0165998302400112,-0.0104528693482279,0.0392623357474803,-0.057511817663908,0.0120408702641725,-0.0267745554447174,-0.0154119869694113,0.0083173457533121,0.0029727197252213,0.0088832098990678,-0.0129108689725399,0.0012578904861584,0.0302297435700893,0.0169598273932933,-0.0036144256591796,-0.0197653267532587,-0.003002957208082,0.0132325170561671,0.0164835453033447,0.0273632165044546,0.0024479196872562,0.0133171491324901,0.0055384710431098,-0.0119473626837134,-0.0286909472197294,-0.0024184349458664,-0.0129794226959347,-0.061212133616209,0.0198555905371904,0.0135571360588073,0.0310173686593771,0.0089172190055251,-0.0037082487251609,-0.0183080788701772,0.0112500190734863,0.0282957926392555,0.0025062633212655,0.0068793380632996,0.0178571250289678,0.0049689393490552,-0.0537114925682544,0.0346105955541133,0.027278397232294,0.031063349917531,0.0254290923476219,-0.0202781222760677,-0.0113136582076549,0.0171496700495481,-0.0316494479775428,0.0005812977324239,0.0079755261540412,-0.020917996764183,0.0290403459221124,0.018397593870759,-0.0099999904632568,-0.0250582937151193,0.0243277922272682,-0.0113567626103758,-0.0387692376971244,0.0072550741024315,0.0200878642499446,-0.0024009009357541,0.0521796531975269,-0.0156438164412975,-0.0123939709737896,-0.0238386504352092,0.0199600923806428,0.0075140814296901,0.0210597459226846,0.0192665923386812,0.0559541396796703,-0.014024362899363,-0.0581081472337245,0.0024736553896218,0.0116199636831879,0.0006169173284433,0.0245098304003477,0.0098643563687801,-0.0055710254237055,-0.0152625162154436,0.0020934916101396,0.0024799080565571,0.0750187560915947,0.0160791724920272,-0.0403168052434921,0.0395617522299289,-0.0169851221144199,0.008782179094851,-0.0077246949076652,-0.0110271982848644,-0.0152144031599164,-0.0199530590325593,-0.0359999984502792,-0.022155737504363,-0.0112063335254788,-0.0067361057735979,-0.0052458965219557,-0.0419235117733478,-0.0286624077707529,0.0186615157872438,0.0155239179730415,-0.0025268453173339,-0.0038660063873976,0.0082330657169222,0.0264550652354955,-0.0194723885506391,-0.0270270314067602,-0.0243433769792318,0.0090909311547875,0.0249507632106542,-0.0711701065301895,-0.0121716577559709,0.0042398362420499,-0.0019455079454928,0.0409836433827877,0.0012995129218325,-0.0043942653574049,0.0191304311156272,0.0162979494780302,-0.0017391689731345,-0.0005724239565766,-0.0121738590153118,0.0386674370893307,-0.0939130343076286,0.0349732185446123,-0.0800000043462888,0.0486486157867243,-0.0301449533523088,0.1177976424767319,-0.106666674795991,0.096045112461589,2019-03-01,2019-03-04,2019-03-05,2019-03-06,2019-03-07,2019-03-08,2019-03-11,2019-03-12,2019-03-13,2019-03-14,90436.0,2019-02-28,252.0,-1.2027%,-0.0008,1.3932,0.9633,-0.3298,1.9018%,2.5401%,43.9439%,-0.008874,HALO,90436.0,2019-03-01,252.0,1.9130%,-0.0008,1.3988,0.9716,-0.3238,1.9016%,2.5419%,44.0363%,0.004896,HALO,90436.0,2019-03-04,252.0,-2.0478%,-0.0009,1.4069,0.9514,-0.3274,1.8996%,2.5447%,44.2708%,-0.008145,HALO,90436.0,2019-03-05,252.0,-1.0453%,-0.0008,1.4116,0.985,-0.3221,1.8967%,2.5453%,44.4695%,-0.005987,HALO,90436.0,2019-03-06,252.0,-5.7512%,-0.0009,1.4328,1.0449,-0.2901,1.9051%,2.5705%,45.0716%,-0.033204,HALO,90436.0,2019-03-07,252.0,-2.6775%,-0.001,1.4383,1.0435,-0.2831,1.9071%,2.5738%,45.0995%,-0.015341,HALO,90436.0,2019-03-08,252.0,0.8317%,-0.0009,1.436,1.0561,-0.2875,1.9071%,2.5744%,45.1250%,0.0103889999999999,HALO,90436.0,2019-03-11,252.0,0.8883%,-0.001,1.4264,1.0695,-0.2749,1.9047%,2.5708%,45.1077%,-0.0179,HALO,90436.0,2019-03-12,252.0,0.1258%,-0.001,1.44,1.066,-0.2609,1.9021%,2.5707%,45.2517%,0.000376,HALO,90436.0,2019-03-13,252.0,1.6960%,-0.0009,1.4441,1.0534,-0.2594,1.9025%,2.5716%,45.2709%,0.010698,HALO,90436.0,2019-03-14,252.0,-1.9765%,-0.001,1.447,1.0579,-0.2617,1.9024%,2.5743%,45.3926%,-0.013314,HALO,-0.003978,-0.0121229999999999,-0.0181099999999999,-0.0666549999999999,-0.076406
15443,HARVARD BIOSCIENCE INC,"Harvard Bioscience Sees FY19 Adj. EPS $0.21-$0.23 vs $0.26 Est., Sales $124M-$126.5M vs $126.18M Est.",6,decrease,0.75,0.6,"the company's adjusted eps and sales guidance both fell short of analyst estimates, which is likely to negatively impact investor sentiment and lead to a decrease in stock price.",0,2019-02-28,HBIO,2019-02-28 22:10:00+00:00,88839.0,41690610,-0.0074074589647352,108911.0,0.0099502392113208,0.0024753042962402,0.0246305186301469,-0.009803912602365,0.0,-0.0555556118488311,-0.0360576026141643,0.077306717634201,-0.054862905293703,0.0282051619142293,-0.0184696391224861,0.0236220881342887,0.0026881694793701,-0.0026177985128015,0.0160857755690813,0.0268816947937011,-0.0131925996392965,0.0163934268057346,-0.0187165588140487,0.0138504691421985,-0.0081743793562054,0.0169013924896717,-0.0027472500223666,0.0660660788416862,0.0082644550129771,-0.0319767817854881,0.010928951203823,-0.0227272510528564,0.0648648664355278,-0.0140055892989039,-0.0025380686856806,-0.0219178516417741,0.0127226337790489,0.0138889420777559,0.0125628616660833,0.0495626330375671,0.0347394198179245,0.0238806456327438,0.0503597222268581,0.1317567080259323,-0.015981774777174,0.0685920789837837,-0.0208817068487405,-0.0673400834202766,-0.0331753268837928,0.0,0.0147058684378862,-0.0066889566369354,-0.0072463126853108,0.0,0.0340632274746894,-0.0714285746216774,0.0117647508159279,-0.0212765764445066,-0.0139535851776599,-0.0408163554966449,0.0648585185408592,0.020833384245634,-0.0033222297206521,-0.0117647647857666,0.0200000330805778,0.0725552067160606,-0.0435730442404747,-0.0335365533828735,-0.0159452613443136,-0.0352941527962684,-0.0648148581385612,0.0059171537868678,0.0173267759382724,0.0150150721892714,-0.0486618094146251,0.0183486063033342,0.0230178795754909,0.0548387356102466,-0.0149999856948852,-0.0312500447034835,-0.0152284121140837,0.006289301905781,-0.0077320127747952,0.0495049841701984,0.0077922623604536,-0.009803912602365,-0.0025773784145712,-0.0160771552473306,-0.0310077238827943,0.0196721125394105,0.0,0.0066006537526845,-0.2186666429042816,-0.0501567646861076,0.0,0.0257235262542963,-0.0170648302882909,-0.0489296913146972,-0.0416667088866233,-0.0410557463765144,-0.1086956337094307,0.0396341830492019,-0.0162601470947265,-0.0352941527962684,-0.0495868250727653,-0.0173410233110189,0.0478261448442935,0.0087463473901152,-0.0414938330650329,-0.0115273660048842,0.0259740017354488,-0.0197739917784929,-0.0042194053530693,-0.0483871139585971,0.0508475117385387,0.027624350041151,-0.0322580337524414,-0.078880451619625,0.0,-0.0050632860511541,-0.0416667237877845,0.0050890534184873,0.004347822163254,-0.0174999833106994,0.0099502392113208,0.0024753042962402,0.0348258373937366,-0.0073528759731094,0.0348258373937366,-0.0624999942984059,-0.0572139351644337,0.0384615638497001,-0.0870646517707547,0.1218837454807855,0.119402993593096,0.1911764983171699,-0.4253731372165112,0.0125000573101607,2019-03-01,2019-03-04,2019-03-05,2019-03-06,2019-03-07,2019-03-08,2019-03-11,2019-03-12,2019-03-13,2019-03-14,88839.0,2019-02-28,252.0,-0.7407%,-0.0006,0.7558,1.1661,-0.1036,3.0263%,3.2086%,11.0388%,-0.005631,HBIO,88839.0,2019-03-01,252.0,0.9950%,-0.0006,0.7516,1.1599,-0.1107,3.0260%,3.2066%,10.9470%,0.0006219999999999,HBIO,88839.0,2019-03-04,252.0,2.4631%,-0.0005,0.7564,1.113,-0.1049,3.0311%,3.2075%,10.6981%,0.03352,HBIO,88839.0,2019-03-05,252.0,0.0000%,-0.0004,0.7622,1.1608,-0.1026,3.0257%,3.2069%,10.9814%,0.004394,HBIO,88839.0,2019-03-06,252.0,-3.6058%,-0.0004,0.7698,1.1897,-0.0901,3.0270%,3.2149%,11.3482%,-0.015078,HBIO,88839.0,2019-03-07,252.0,-5.4863%,-0.0005,0.7956,1.2225,-0.0465,3.0402%,3.2332%,11.5843%,-0.048105,HBIO,88839.0,2019-03-08,252.0,-1.8470%,-0.0004,0.7948,1.2741,-0.0505,3.0276%,3.2269%,11.9737%,-0.0175,HBIO,88839.0,2019-03-11,252.0,0.2688%,-0.0004,0.788,1.261,-0.0546,3.0284%,3.2263%,11.8894%,-0.014093,HBIO,88839.0,2019-03-12,252.0,1.6086%,-0.0004,0.7788,1.2549,-0.0676,3.0295%,3.2248%,11.7461%,0.017513,HBIO,88839.0,2019-03-13,252.0,-1.3193%,-0.0006,0.7754,1.2315,-0.0768,3.0209%,3.2139%,11.6498%,-0.014509,HBIO,88839.0,2019-03-14,252.0,-1.8717%,-0.0006,0.7733,1.2385,-0.0804,3.0217%,3.2154%,11.6853%,-0.012752,HBIO,-0.005009,0.028511,0.032905,-0.030278,-0.071619
15451,HARVARD BIOSCIENCE INC,"Harvard Bioscience Q4 Adj. EPS $0.07, Inline, Sales $33.9M Beat $32.16M Estimate",6,increase,0.7,0.6,"the company reported sales that beat estimates, which is generally a positive indicator for stock performance.",2,2019-02-28,HBIO,2019-02-28 22:10:00+00:00,88839.0,41690610,-0.0074074589647352,108911.0,0.0099502392113208,0.0024753042962402,0.0246305186301469,-0.009803912602365,0.0,-0.0555556118488311,-0.0360576026141643,0.077306717634201,-0.054862905293703,0.0282051619142293,-0.0184696391224861,0.0236220881342887,0.0026881694793701,-0.0026177985128015,0.0160857755690813,0.0268816947937011,-0.0131925996392965,0.0163934268057346,-0.0187165588140487,0.0138504691421985,-0.0081743793562054,0.0169013924896717,-0.0027472500223666,0.0660660788416862,0.0082644550129771,-0.0319767817854881,0.010928951203823,-0.0227272510528564,0.0648648664355278,-0.0140055892989039,-0.0025380686856806,-0.0219178516417741,0.0127226337790489,0.0138889420777559,0.0125628616660833,0.0495626330375671,0.0347394198179245,0.0238806456327438,0.0503597222268581,0.1317567080259323,-0.015981774777174,0.0685920789837837,-0.0208817068487405,-0.0673400834202766,-0.0331753268837928,0.0,0.0147058684378862,-0.0066889566369354,-0.0072463126853108,0.0,0.0340632274746894,-0.0714285746216774,0.0117647508159279,-0.0212765764445066,-0.0139535851776599,-0.0408163554966449,0.0648585185408592,0.020833384245634,-0.0033222297206521,-0.0117647647857666,0.0200000330805778,0.0725552067160606,-0.0435730442404747,-0.0335365533828735,-0.0159452613443136,-0.0352941527962684,-0.0648148581385612,0.0059171537868678,0.0173267759382724,0.0150150721892714,-0.0486618094146251,0.0183486063033342,0.0230178795754909,0.0548387356102466,-0.0149999856948852,-0.0312500447034835,-0.0152284121140837,0.006289301905781,-0.0077320127747952,0.0495049841701984,0.0077922623604536,-0.009803912602365,-0.0025773784145712,-0.0160771552473306,-0.0310077238827943,0.0196721125394105,0.0,0.0066006537526845,-0.2186666429042816,-0.0501567646861076,0.0,0.0257235262542963,-0.0170648302882909,-0.0489296913146972,-0.0416667088866233,-0.0410557463765144,-0.1086956337094307,0.0396341830492019,-0.0162601470947265,-0.0352941527962684,-0.0495868250727653,-0.0173410233110189,0.0478261448442935,0.0087463473901152,-0.0414938330650329,-0.0115273660048842,0.0259740017354488,-0.0197739917784929,-0.0042194053530693,-0.0483871139585971,0.0508475117385387,0.027624350041151,-0.0322580337524414,-0.078880451619625,0.0,-0.0050632860511541,-0.0416667237877845,0.0050890534184873,0.004347822163254,-0.0174999833106994,0.0099502392113208,0.0024753042962402,0.0348258373937366,-0.0073528759731094,0.0348258373937366,-0.0624999942984059,-0.0572139351644337,0.0384615638497001,-0.0870646517707547,0.1218837454807855,0.119402993593096,0.1911764983171699,-0.4253731372165112,0.0125000573101607,2019-03-01,2019-03-04,2019-03-05,2019-03-06,2019-03-07,2019-03-08,2019-03-11,2019-03-12,2019-03-13,2019-03-14,88839.0,2019-02-28,252.0,-0.7407%,-0.0006,0.7558,1.1661,-0.1036,3.0263%,3.2086%,11.0388%,-0.005631,HBIO,88839.0,2019-03-01,252.0,0.9950%,-0.0006,0.7516,1.1599,-0.1107,3.0260%,3.2066%,10.9470%,0.0006219999999999,HBIO,88839.0,2019-03-04,252.0,2.4631%,-0.0005,0.7564,1.113,-0.1049,3.0311%,3.2075%,10.6981%,0.03352,HBIO,88839.0,2019-03-05,252.0,0.0000%,-0.0004,0.7622,1.1608,-0.1026,3.0257%,3.2069%,10.9814%,0.004394,HBIO,88839.0,2019-03-06,252.0,-3.6058%,-0.0004,0.7698,1.1897,-0.0901,3.0270%,3.2149%,11.3482%,-0.015078,HBIO,88839.0,2019-03-07,252.0,-5.4863%,-0.0005,0.7956,1.2225,-0.0465,3.0402%,3.2332%,11.5843%,-0.048105,HBIO,88839.0,2019-03-08,252.0,-1.8470%,-0.0004,0.7948,1.2741,-0.0505,3.0276%,3.2269%,11.9737%,-0.0175,HBIO,88839.0,2019-03-11,252.0,0.2688%,-0.0004,0.788,1.261,-0.0546,3.0284%,3.2263%,11.8894%,-0.014093,HBIO,88839.0,2019-03-12,252.0,1.6086%,-0.0004,0.7788,1.2549,-0.0676,3.0295%,3.2248%,11.7461%,0.017513,HBIO,88839.0,2019-03-13,252.0,-1.3193%,-0.0006,0.7754,1.2315,-0.0768,3.0209%,3.2139%,11.6498%,-0.014509,HBIO,88839.0,2019-03-14,252.0,-1.8717%,-0.0006,0.7733,1.2385,-0.0804,3.0217%,3.2154%,11.6853%,-0.012752,HBIO,-0.005009,0.028511,0.032905,-0.030278,-0.071619
15459,HERITAGE CRYSTAL CLEAN INC,Stifel Nicolaus Downgrades Heritage-Crystal Clean to Hold,6,decrease,0.8,0.6,"a downgrade from a financial institution typically signals reduced confidence in the company's future performance, which can lead to a decrease in stock price.",0,2019-02-28,HCCI,2019-02-28 12:13:00+00:00,92588.0,42726M10,-0.0869236290454864,122181.0,0.0360099673271179,-0.0254143849015235,0.0051937336102128,0.0007372081745415,-0.0337838008999824,0.0299923699349165,0.0267379526048898,-0.0156950708478689,0.0116186272352933,0.0312138516455888,-0.0380197651684284,-0.0163001678884029,-0.0032936118077486,0.0134459650143981,-0.0144567731767892,0.0256107784807682,-0.0016764842439442,-0.0050960825756192,0.0218304134905338,-0.0054580657742917,0.0119145028293132,0.0255897399038076,0.0020300911273807,0.0158407539129257,0.0239060018211603,0.009844203479588,-0.0023744113277643,-0.01534737739712,0.0333201177418232,-0.0060216626152396,-0.0069097275845706,-0.004396507050842,0.0143022388219833,0.0020024487748742,0.0221036560833454,-0.0246094167232513,0.0070842853747308,0.000781878712587,0.0022213796619325,-0.0015613159630447,0.0140377199277281,-0.0069766822271049,0.0032786938827484,-0.0423163063824176,-0.0490196198225021,-0.0022222024854272,0.0091637941077351,-0.0055248481221497,-0.0007567331776954,0.0123042482882738,-0.0090874582529068,-0.0003727256262209,-0.0007642513373866,0.0505089648067951,-0.0164436064660549,0.0110847456380724,0.0171073302626609,-0.0047280904836952,0.0095565747469663,0.0213279183954,0.0083301523700356,-0.0063974349759519,0.0168982651084661,0.0113223083317279,0.013663250952959,-0.0056293243542313,-0.0065573877654969,-0.0071855648420751,0.0161348953843116,0.0291700530797243,-0.0191266257315874,0.0141666727140545,0.0202354397624731,0.023017942905426,-0.0411106906831264,-0.0033985483460128,0.0270778220146894,0.0230334941297769,0.0227023381739854,0.0290697496384382,0.0229144059121608,0.0205386020243167,0.0056002745404839,-0.0090457145124673,0.0006961523904465,0.0095890862867236,-0.0640000030398368,0.02865188755095,-0.0048308866098523,-0.0654082372784614,-0.0082151312381029,-0.0248287636786699,-0.0033885601442307,-0.0382873713970184,0.0170004069805145,-0.0283999629318714,0.0282318070530891,-0.0003998492029495,0.0155346933752298,-0.0095049412921071,-0.0199217852205038,0.0243407860398292,0.0141561273485422,0.011904721148312,-0.0064423871226608,-0.0216867066919803,0.0010807163780555,-0.0281030908226966,0.0017991808708757,-0.0134770302101969,0.0014367459807544,-0.0188893098384141,-0.0007173081394284,-0.0325292870402336,0.0057429950684309,-0.0232059843838214,-0.0067808898165822,0.0057450574822723,-0.0212001483887434,0.0123591478914022,0.0360099673271179,-0.0254143849015235,0.0413907271149402,-0.0246959124192823,0.0062085901310011,0.0045557685744748,0.0451158973086727,0.0196531138455702,0.0074503408206316,0.0315789270315483,0.0931291343175904,0.064788677656042,0.1274834375871958,-0.0381679754851715,2019-03-01,2019-03-04,2019-03-05,2019-03-06,2019-03-07,2019-03-08,2019-03-11,2019-03-12,2019-03-13,2019-03-14,92588.0,2019-02-28,252.0,-8.6924%,0.001,0.692,1.5381,0.5871,2.5753%,2.7606%,12.9685%,-0.0838209999999999,HCCI,92588.0,2019-03-01,252.0,3.6010%,0.0011,0.707,1.5605,0.5975,2.5795%,2.7693%,13.2334%,0.028826,HCCI,92588.0,2019-03-04,252.0,0.5194%,0.0005,0.783,1.2975,0.5802,2.3572%,2.5488%,14.4668%,0.012692,HCCI,92588.0,2019-03-05,252.0,-3.3784%,0.0003,0.7869,1.3097,0.5932,2.3635%,2.5546%,14.3973%,-0.027128,HCCI,92588.0,2019-03-06,252.0,2.6738%,0.0007,0.7906,1.1881,0.5809,2.3660%,2.5474%,13.7302%,0.049523,HCCI,92588.0,2019-03-07,252.0,1.1619%,0.0007,0.7786,1.1683,0.5592,2.3682%,2.5441%,13.3436%,0.02076,HCCI,92588.0,2019-03-08,252.0,-3.8020%,0.0007,0.7823,1.1881,0.5642,2.3767%,2.5547%,13.4499%,-0.03603,HCCI,92588.0,2019-03-11,252.0,-0.3294%,0.0006,0.7733,1.1864,0.5679,2.3788%,2.5548%,13.3057%,-0.016384,HCCI,92588.0,2019-03-12,252.0,-1.4457%,0.0005,0.7645,1.1942,0.561,2.3795%,2.5531%,13.1324%,-0.012704,HCCI,92588.0,2019-03-13,252.0,-0.1676%,0.0005,0.7628,1.2031,0.5613,2.3789%,2.5529%,13.1658%,-0.003592,HCCI,92588.0,2019-03-14,252.0,2.1830%,0.0007,0.7604,1.1921,0.5669,2.3827%,2.5542%,12.9771%,0.025752,HCCI,-0.0549949999999999,-0.0423029999999999,-0.0694309999999999,0.000852,-0.0421059999999999
15467,HEICO CORP NEW,HEICO Corporation Subsidiary Acquires 80.1% Of Decavo,6,increase,0.7,0.6,"the acquisition of a majority stake in decavo suggests strategic growth and potential revenue enhancement for heico, which is likely to positively influence investor sentiment and stock price.",2,2019-02-28,HEI,2019-02-28 13:20:00+00:00,32678.0,42280610,0.0088257417082786,414338.0,0.0003200552600901,-0.0073717394843697,-0.0070392880588769,-0.0067911650985479,-0.0169710181653499,0.0024465026799589,-0.00688371155411,0.0098829716444015,-0.0028606243431568,0.0032330576796084,0.0049652941524982,0.0032436270266771,0.0070267827250063,-0.0002162390155717,-0.0006541382172144,0.0161467622965574,0.0085096964612603,0.000769481062889,-0.0030289785936474,0.002866300754249,-0.0111762844026088,0.0203599277883768,0.0196422804147005,0.0067949993535876,-0.0024752016179263,0.0089123221114277,0.0024813434574753,-0.001824859296903,0.0196943804621696,0.0002281159249832,-0.0297625288367271,0.0154060209169983,0.0146850701421499,0.0196055714040994,0.0028945570811629,0.0020118127577006,-0.0061999126337468,0.0228785779327154,0.0146283814683556,0.0184934046119451,0.0057245935313403,0.0143822105601429,0.0354168899357318,-0.0024950669612735,-0.0048865247517824,0.0066558634862303,0.0007161094108596,0.0098921852186322,0.0004089236899744,0.0101204318925738,0.0079705575481057,-0.0275320690125227,-0.0021289444994181,0.0126151135191321,-0.004266973119229,0.0064752981998026,0.0090806996449828,0.0022906630765646,0.0091001167893409,-0.0048125283792614,0.0077153970487415,0.0030487533658742,-0.0064631751738488,0.0029303524643182,0.0030024324078112,0.0119907213374972,-0.010576706379652,0.001808310393244,0.0084711201488971,0.021371966227889,0.0055000307038426,0.0047720121219754,0.0292391311377286,0.0338495448231697,9.664833487477154e-05,-0.0391098372638225,0.0007729645585641,-0.018972648307681,0.0119714019820094,0.0097745340317487,0.0074413162656128,0.0045824316330254,-0.0006628758856095,0.0139386085793376,-0.021794706583023,0.0513607859611511,0.0035841818898916,-0.02410782687366,0.0093629462644457,-0.0196288060396909,0.0198909994214773,-0.0556116439402103,-0.0191279966384172,-0.0118379686027765,-0.0023898289073258,0.030563723295927,0.0,-0.0372155606746673,0.0018206443637609,-0.0074855885468423,-0.0173123404383659,-0.0214937664568424,0.0004866950912401,0.0213391929864883,0.0093394210562109,-0.002812715480104,0.0048192772082984,0.0081370491534471,-0.0106474878266453,-0.0121787842363119,-0.0042660697363317,-0.0085727972909808,0.0110029689967632,-0.0332671701908111,-0.0009630980785004,0.0136062651872634,-0.0008676753495819,-0.0015357930678874,0.0045349402353167,-0.0003542604972608,0.0003200552600901,-0.0073717394843697,-0.0067214857599573,-0.0141128418830158,-0.0235784334683769,-0.0117008663085456,-0.0330737857768947,0.0012932724585936,-0.0167502352897348,0.024253165541386,0.064760478115639,0.1766717940286508,0.1107435928320395,0.0982008359272905,2019-03-01,2019-03-04,2019-03-05,2019-03-06,2019-03-07,2019-03-08,2019-03-11,2019-03-12,2019-03-13,2019-03-14,32678.0,2019-02-28,252.0,0.8826%,0.0012,0.8381,0.3169,-0.4812,1.3313%,1.7098%,39.3756%,0.010065,HEI,32678.0,2019-03-01,252.0,0.0320%,0.0009,0.8738,0.3702,-0.4213,1.2729%,1.6773%,42.4051%,-0.008648,HEI,32678.0,2019-03-04,252.0,-0.7039%,0.0009,0.8753,0.3657,-0.4217,1.2728%,1.6779%,42.4627%,0.000538,HEI,32678.0,2019-03-05,252.0,-1.6971%,0.0008,0.8786,0.3808,-0.4134,1.2768%,1.6809%,42.3016%,-0.0154519999999999,HEI,32678.0,2019-03-06,252.0,-0.6884%,0.0009,0.8808,0.368,-0.4127,1.2762%,1.6816%,42.4075%,0.00537,HEI,32678.0,2019-03-07,252.0,-0.2861%,0.0009,0.8821,0.3789,-0.4078,1.2748%,1.6816%,42.5268%,0.003168,HEI,32678.0,2019-03-08,252.0,0.4965%,0.0009,0.8821,0.3666,-0.4071,1.2732%,1.6786%,42.4691%,0.005933,HEI,32678.0,2019-03-11,252.0,0.7027%,0.0009,0.877,0.3555,-0.4108,1.2742%,1.6788%,42.3960%,-0.009644,HEI,32678.0,2019-03-12,252.0,-0.0654%,0.0009,0.8846,0.3552,-0.4021,1.2730%,1.6787%,42.5012%,-0.00227,HEI,32678.0,2019-03-13,252.0,0.8510%,0.001,0.8852,0.365,-0.3992,1.2698%,1.6772%,42.6813%,0.0038629999999999,HEI,32678.0,2019-03-14,252.0,-0.3029%,0.0009,0.8914,0.362,-0.3976,1.2616%,1.6740%,43.2069%,0.00046,HEI,0.0014169999999999,0.0019549999999999,-0.0134969999999999,-0.0049589999999999,-0.0066169999999999
15475,HEICO CORP NEW,HEICO Corporation Subsidiary Acquires 80.1% Of Decavo,6,increase,0.7,0.6,"the acquisition of a majority stake in decavo suggests strategic growth and potential revenue enhancement for heico, which is likely to positively influence investor sentiment and stock price.",2,2019-02-28,HEI,2019-02-28 13:20:00+00:00,32678.0,42280610,0.0088257417082786,414338.0,0.0003200552600901,-0.0073717394843697,-0.0070392880588769,-0.0067911650985479,-0.0169710181653499,0.0024465026799589,-0.00688371155411,0.0098829716444015,-0.0028606243431568,0.0032330576796084,0.0049652941524982,0.0032436270266771,0.0070267827250063,-0.0002162390155717,-0.0006541382172144,0.0161467622965574,0.0085096964612603,0.000769481062889,-0.0030289785936474,0.002866300754249,-0.0111762844026088,0.0203599277883768,0.0196422804147005,0.0067949993535876,-0.0024752016179263,0.0089123221114277,0.0024813434574753,-0.001824859296903,0.0196943804621696,0.0002281159249832,-0.0297625288367271,0.0154060209169983,0.0146850701421499,0.0196055714040994,0.0028945570811629,0.0020118127577006,-0.0061999126337468,0.0228785779327154,0.0146283814683556,0.0184934046119451,0.0057245935313403,0.0143822105601429,0.0354168899357318,-0.0024950669612735,-0.0048865247517824,0.0066558634862303,0.0007161094108596,0.0098921852186322,0.0004089236899744,0.0101204318925738,0.0079705575481057,-0.0275320690125227,-0.0021289444994181,0.0126151135191321,-0.004266973119229,0.0064752981998026,0.0090806996449828,0.0022906630765646,0.0091001167893409,-0.0048125283792614,0.0077153970487415,0.0030487533658742,-0.0064631751738488,0.0029303524643182,0.0030024324078112,0.0119907213374972,-0.010576706379652,0.001808310393244,0.0084711201488971,0.021371966227889,0.0055000307038426,0.0047720121219754,0.0292391311377286,0.0338495448231697,9.664833487477154e-05,-0.0391098372638225,0.0007729645585641,-0.018972648307681,0.0119714019820094,0.0097745340317487,0.0074413162656128,0.0045824316330254,-0.0006628758856095,0.0139386085793376,-0.021794706583023,0.0513607859611511,0.0035841818898916,-0.02410782687366,0.0093629462644457,-0.0196288060396909,0.0198909994214773,-0.0556116439402103,-0.0191279966384172,-0.0118379686027765,-0.0023898289073258,0.030563723295927,0.0,-0.0372155606746673,0.0018206443637609,-0.0074855885468423,-0.0173123404383659,-0.0214937664568424,0.0004866950912401,0.0213391929864883,0.0093394210562109,-0.002812715480104,0.0048192772082984,0.0081370491534471,-0.0106474878266453,-0.0121787842363119,-0.0042660697363317,-0.0085727972909808,0.0110029689967632,-0.0332671701908111,-0.0009630980785004,0.0136062651872634,-0.0008676753495819,-0.0015357930678874,0.0045349402353167,-0.0003542604972608,0.0003200552600901,-0.0073717394843697,-0.0067214857599573,-0.0141128418830158,-0.0235784334683769,-0.0117008663085456,-0.0330737857768947,0.0012932724585936,-0.0167502352897348,0.024253165541386,0.064760478115639,0.1766717940286508,0.1107435928320395,0.0982008359272905,2019-03-01,2019-03-04,2019-03-05,2019-03-06,2019-03-07,2019-03-08,2019-03-11,2019-03-12,2019-03-13,2019-03-14,32678.0,2019-02-28,252.0,0.8826%,0.0012,0.8381,0.3169,-0.4812,1.3313%,1.7098%,39.3756%,0.010065,HEI,32678.0,2019-03-01,252.0,0.0320%,0.0009,0.8738,0.3702,-0.4213,1.2729%,1.6773%,42.4051%,-0.008648,HEI,32678.0,2019-03-04,252.0,-0.7039%,0.0009,0.8753,0.3657,-0.4217,1.2728%,1.6779%,42.4627%,0.000538,HEI,32678.0,2019-03-05,252.0,-1.6971%,0.0008,0.8786,0.3808,-0.4134,1.2768%,1.6809%,42.3016%,-0.0154519999999999,HEI,32678.0,2019-03-06,252.0,-0.6884%,0.0009,0.8808,0.368,-0.4127,1.2762%,1.6816%,42.4075%,0.00537,HEI,32678.0,2019-03-07,252.0,-0.2861%,0.0009,0.8821,0.3789,-0.4078,1.2748%,1.6816%,42.5268%,0.003168,HEI,32678.0,2019-03-08,252.0,0.4965%,0.0009,0.8821,0.3666,-0.4071,1.2732%,1.6786%,42.4691%,0.005933,HEI,32678.0,2019-03-11,252.0,0.7027%,0.0009,0.877,0.3555,-0.4108,1.2742%,1.6788%,42.3960%,-0.009644,HEI,32678.0,2019-03-12,252.0,-0.0654%,0.0009,0.8846,0.3552,-0.4021,1.2730%,1.6787%,42.5012%,-0.00227,HEI,32678.0,2019-03-13,252.0,0.8510%,0.001,0.8852,0.365,-0.3992,1.2698%,1.6772%,42.6813%,0.0038629999999999,HEI,32678.0,2019-03-14,252.0,-0.3029%,0.0009,0.8914,0.362,-0.3976,1.2616%,1.6740%,43.2069%,0.00046,HEI,0.0014169999999999,0.0019549999999999,-0.0134969999999999,-0.0049589999999999,-0.0066169999999999
15483,HILTON WORLDWIDE HOLDINGS INC,Hilton Adds $1.5B To Buyback,6,increase,0.8,0.7,the announcement of a $1.5 billion buyback typically signals confidence in the company's financial health and can lead to an increase in stock price due to reduced share supply and positive investor sentiment.,2,2019-02-28,HLT,2019-02-28 22:00:00+00:00,14338.0,43300A20,-0.0028745883610099,1796808.0,0.0081829158589243,0.0,-0.0047744275070726,-0.0007181949331425,0.0075558274984359,-0.0174055714160203,-0.0005952035426162,0.0213813669979572,-0.0123868621885776,-0.0010798696894198,-0.0056681288406252,0.0239586792886257,0.0042450712062418,-0.004403677303344,0.0073671569116413,0.0198352821171283,0.0031170663423836,0.0099533945322036,0.015895802527666,0.0679494515061378,0.008941201493144,-0.0010752934031188,0.0052471659146249,0.0066296556033194,-0.0059158117510378,-0.0103106135502457,-0.009101502597332,-0.0117771523073315,0.0102449692785739,0.0127311302348971,-0.0142207853496074,-0.0014719738392159,-0.0065035242587327,0.0041656168177723,-0.0061889630742371,-0.000805655028671,-0.0125748869031667,0.0047215176746249,0.0092177335172891,0.0133970705792307,-0.0012017602566629,0.0116167059168219,0.0125135472044348,0.0076643731445074,0.0105763440951705,0.0098508950322866,0.0205785501748323,0.0046655475161969,0.0059914351440966,-0.0039430893957614,0.0014890034217387,-0.028325118124485,0.0084629217162728,0.0150000257417559,-0.0122476955875754,-0.0005552597576752,0.0102181332185864,-0.0063448147848248,0.0061370716430246,0.0212706327438354,0.0022591729648411,-0.0125191481783986,-0.0063113397918641,-0.0024975759442895,-0.0002267964591737,0.0144988568499684,-0.0044242697767913,-0.0114110726863145,-0.0060391835868358,0.0158326663076877,0.0077954865992069,0.0114383101463317,0.0,0.0392273291945457,-0.0046639023348689,-0.0513109564781189,0.0014856829075142,-0.0119777237996459,0.004336470272392,0.0119803547859191,-0.0086354063823819,0.0088155139237642,-0.002979967277497,0.0117968590930104,0.0644901767373085,0.0451059974730014,-0.0147947641089558,0.0006017889827489,0.0230187270790338,-0.0152592407539486,-0.0110360952094197,-0.0310078021138906,-0.0196100231260061,-0.0117746377363801,0.0023206884507089,0.0031307986937463,0.004851184785366,-0.0221264120191335,0.0042791245505213,-0.0049847769550979,-0.0235987771302461,-0.0076943882741034,0.0265189111232757,0.0052485805936157,0.0208197478204965,-0.0037153798621147,0.0058729471638798,-0.0026077744551002,-0.0119085879996419,-0.0361158326268196,-0.0157107394188642,0.0058548874221742,0.0069968230091035,-0.0361677519977092,-0.0009771357290446,0.0321683920919895,-0.014779319986701,-0.0120324110612273,-0.0082726664841175,-0.0063677439466118,0.0081829158589243,0.0,0.0033694196132867,-0.0007181949331425,0.0109507058650906,-0.0181112657559634,-0.0021660692088745,0.0017998748220833,0.0228640368099932,0.1233853381879257,0.0653429645788141,0.1760811474055117,0.0836751179846029,0.0849902767741632,2019-03-01,2019-03-04,2019-03-05,2019-03-06,2019-03-07,2019-03-08,2019-03-11,2019-03-12,2019-03-13,2019-03-14,14338.0,2019-02-28,252.0,-0.2875%,-0.0,0.934,0.4432,-0.1834,1.1712%,1.5920%,45.8765%,-0.000588,HLT,14338.0,2019-03-01,252.0,0.8183%,-0.0001,0.9482,0.4643,-0.1611,1.1616%,1.5911%,46.6993%,-0.00065,HLT,14338.0,2019-03-04,252.0,-0.4774%,-0.0001,0.9435,0.4776,-0.1593,1.1602%,1.5881%,46.6274%,0.002552,HLT,14338.0,2019-03-05,252.0,0.7556%,0.0,0.946,0.504,-0.1613,1.1559%,1.5883%,47.0367%,0.010168,HLT,14338.0,2019-03-06,252.0,-0.0595%,0.0002,0.9492,0.4684,-0.1625,1.1542%,1.5873%,47.1208%,0.0136759999999999,HLT,14338.0,2019-03-07,252.0,-1.2387%,0.0001,0.9509,0.4668,-0.1607,1.1546%,1.5883%,47.1626%,-0.004901,HLT,14338.0,2019-03-08,252.0,-0.5668%,0.0001,0.9514,0.4686,-0.16,1.1548%,1.5887%,47.1608%,-0.004173,HLT,14338.0,2019-03-11,252.0,0.4245%,0.0001,0.945,0.4612,-0.1609,1.1575%,1.5889%,46.9290%,-0.01254,HLT,14338.0,2019-03-12,252.0,0.7367%,0.0,0.9336,0.461,-0.1741,1.1547%,1.5794%,46.5522%,0.006078,HLT,14338.0,2019-03-13,252.0,0.3117%,0.0001,0.9328,0.4661,-0.1737,1.1542%,1.5793%,46.5905%,-0.001707,HLT,14338.0,2019-03-14,252.0,1.5896%,0.0001,0.9357,0.4553,-0.1682,1.1595%,1.5823%,46.3023%,0.019171,HLT,-0.001238,0.001314,0.011482,0.020257,0.027086
15491,HELMERICH & PAYNE INC,HP shares are trading lower after the company reported worse than expected Q1 revenue results and announced worse than expected Q2 EPS and revenue guidance.,6,decrease,0.9,0.8,"the worse than expected q1 revenue results and negative q2 guidance typically lead to a decline in investor confidence, resulting in a decrease in stock price.",0,2019-02-28,HP,2019-02-28 13:39:00+00:00,32707.0,42345210,0.0009233469027094,1883210.0,0.013837638311088,0.0053843464702367,-0.01182896271348,-0.0182282179594039,-0.0047881826758384,-0.0029080307576805,0.0024055745452642,-0.0097192386165261,0.0071996161714196,-0.0264587048441171,-0.0320747792720794,-0.0168819911777973,0.0276462603360414,0.0113240014761686,0.0169522427022457,0.0073710423894226,-0.0001811618421925,0.0084955673664808,0.001631028484553,0.0080285593867301,-0.0130269806832075,0.0066450955346226,0.0315307304263114,0.0043290345929563,-0.0119069125503301,-0.0055605629459023,0.0138489296659827,-0.0117276571691036,0.0024835797958076,0.0116876186802983,-0.0359228253364563,-0.0110332267358899,0.0091776801273226,0.0097258929163217,0.0118225086480379,0.0100017422810196,-0.0093474825844168,-0.0147809274494648,0.0319360978901386,0.0551429837942123,-0.0230349488556385,0.0276664905250072,0.0352771617472171,-0.0189067460596561,-0.0090403417125344,0.0161688886582851,-0.0156140243634581,0.0372928045690059,0.0172874927520752,-0.0255719684064388,0.0231254324316978,-0.0393424667418003,0.0051369732245802,0.0104516148567199,-0.0097103863954544,0.0128544475883245,0.0232237819582223,-0.0091777089983224,-0.0065568154677748,0.003005821024999,0.0208156965672969,-0.0037432296667248,-0.0031498447060585,-0.0100055756047368,0.0282720886170864,0.0085965786129236,0.0066310823895037,0.0492156520485878,0.0044986950233578,0.0065127657726407,0.0318298414349556,0.0340815968811512,-0.0232522673904895,0.0195588562637567,-0.0334866978228092,0.0002081610000459,0.0088669471442699,0.0022945476230233,-0.0444335862994194,0.006719859316945,-0.0049395491369068,-0.0023046429269015,0.0017117818351835,-0.0043804566375911,-0.0389610193669796,0.0665183067321777,0.0080013675615191,-0.026424029842019,0.0151702351868152,-0.0209924019873142,-0.0010425292421132,-0.071104995906353,-0.0062619689851999,-0.0675849467515945,0.0001750100054778,-0.034060638397932,0.0227511245757341,-0.0360807217657566,-0.0044489637948572,-0.0381578914821147,-0.0102662285789847,-0.0184048991650342,0.0341068655252456,0.0323333106935024,-0.0151308979839086,0.0135135008022189,0.0025893582496792,-0.0253539811819791,-0.0447658784687519,0.0096409879624843,-0.008471542969346,-0.007096885703504,0.0094528356567025,-0.0272917114198207,-0.0255717299878597,0.0278878305107355,-0.0532249324023723,-0.0089943259954452,-0.0148350251838564,0.0070816911756992,0.013837638311088,0.0053843464702367,0.0018449906899835,-0.0129420185301956,-0.0029520261383138,-0.0158124134999239,0.0066420778909379,-0.0511652041891236,0.0197416919938966,-0.0338982656351573,0.0902213960923601,0.0302390577630933,-0.0573151169198783,-0.0968441451662901,2019-03-01,2019-03-04,2019-03-05,2019-03-06,2019-03-07,2019-03-08,2019-03-11,2019-03-12,2019-03-13,2019-03-14,32707.0,2019-02-28,252.0,0.0923%,-0.0003,1.282,0.6701,0.9528,1.7225%,2.1284%,34.5015%,0.007047,HP,32707.0,2019-03-01,252.0,1.3838%,-0.0002,1.2776,0.6635,0.9429,1.7220%,2.1222%,34.1588%,0.0063849999999999,HP,32707.0,2019-03-04,252.0,-1.1829%,-0.0003,1.2871,0.6373,0.9392,1.7183%,2.1225%,34.4620%,-0.006299,HP,32707.0,2019-03-05,252.0,-0.4788%,-0.0004,1.2838,0.613,0.9361,1.7162%,2.1167%,34.2596%,0.00154,HP,32707.0,2019-03-06,252.0,0.2406%,-0.0002,1.2837,0.563,0.9292,1.7182%,2.1168%,34.1156%,0.020449,HP,32707.0,2019-03-07,252.0,0.7200%,-0.0001,1.2764,0.5691,0.9212,1.7222%,2.1173%,33.8419%,0.021097,HP,32707.0,2019-03-08,252.0,-3.2075%,-0.0001,1.2787,0.5937,0.9236,1.7252%,2.1225%,33.9297%,-0.028075,HP,32707.0,2019-03-11,252.0,2.7646%,-0.0001,1.2845,0.5986,0.9234,1.7267%,2.1298%,34.2736%,0.011169,HP,32707.0,2019-03-12,252.0,1.6952%,-0.0,1.2809,0.5922,0.9166,1.7293%,2.1247%,33.7560%,0.016066,HP,32707.0,2019-03-13,252.0,-0.0181%,0.0,1.2778,0.6086,0.9172,1.7266%,2.1223%,33.8157%,-0.00782,HP,32707.0,2019-03-14,252.0,0.1631%,0.0001,1.2752,0.6088,0.9171,1.7255%,2.1195%,33.7219%,0.0025629999999999,HP,0.013432,0.007133,0.008673,0.050219,0.0441219999999999
15499,HUMANA INC,Humana Reaffirms FY19 Adj. EPS $17-$17.50 vs $17.45 Estimate,6,uncertain,0.6,0.2,"while humana's reaffirmation of its adjusted eps guidance is generally positive, the fact that it aligns closely with analyst estimates may not significantly impact investor sentiment, leading to uncertainty in stock price movement.",1,2019-02-28,HUM,2019-02-28 21:23:00+00:00,48653.0,44485910,-0.0101746451109647,1770274.0,0.0209794417023658,-0.0475607886910438,-0.0459074489772319,-0.0082657821476459,-0.0015486301854252,-0.0155321545898914,-0.0185045078396797,0.0068929479457437,-0.01345095038414,-0.0042735277675092,-0.0006333386409096,0.0113949282094836,0.0180043131113052,-0.0157911516726017,0.0049432665109634,0.0289825908839702,0.0312624759972095,0.0073826336301863,-0.0113415233790874,0.0101914070546627,0.0011436184868216,0.0087485592812299,0.0072463722899556,-0.0171635206788778,0.0159123577177524,-0.0167121309787035,-0.0395939648151397,0.0072903609834611,0.0052668345160782,-0.0054052756167948,-0.0150310862809419,-0.0083343833684921,-0.0089508527889847,-0.0011100108968093,-0.026835948228836,-0.0087057910859584,-7.602987170685083e-05,0.0084858369082212,0.0010269341291859,0.0185160804539918,0.0129089327529072,-0.002685401123017,0.0087593477219343,0.0031595458276569,-0.0223977174609899,0.0004990979214198,0.0054894876666367,0.0041766907088458,0.028851930052042,0.0016734721139073,0.0188304372131824,0.0108945770189166,-0.0105613907799124,0.0156003320589661,0.0039114174433052,-0.0077736065723001,-0.0296034831553697,0.0162503123283386,-0.0216135457158088,0.0231494586914777,-0.028495792299509,-0.0049035688862204,0.0027239448390901,0.0307250842452049,-0.0744094252586364,-0.0044525284320116,-0.0094002839177846,0.004801248665899,0.0334922187030315,-0.0059657022356987,0.0079355342313647,-0.0001446335954824,0.024113729596138,0.0256580747663974,0.005795944482088,-0.0422244556248188,0.0078834732994437,-0.0170693043619394,0.0243786200881004,0.0148788867518305,-0.0044961380772292,-0.005801054649055,-0.0055676400661468,0.0064399964176118,-0.036216277629137,0.0338381640613079,0.0049561308696866,-0.0046607530675828,0.0085697919130325,-0.0124059896916151,0.0006011779187247,-0.0183557905256748,-0.0175044871866703,-0.0298951473087072,0.0101924333721399,-0.036936916410923,-0.0156994089484214,0.0109692551195621,0.0006970280664972,-0.0402240231633186,-0.0343358404934406,0.006376436445862,-0.002418499905616,0.0145390974357724,0.0364509895443916,-0.0040674214251339,-0.0059914295561611,0.0043137492612004,0.0231195036321878,-0.0324722193181514,0.0089177284389734,-0.0252720192074775,0.0269168149679899,-0.0270181410014629,0.0154619142413139,0.0121710924431681,-0.0047175656072795,-0.0024826887529343,0.0147591000422835,0.0042262533679604,0.0209794417023658,-0.0475607886910438,-0.0258911199243883,-0.0554334437205994,-0.0273996543399641,-0.0701045974931724,-0.0582374606994469,-0.0676962028311837,-0.0183132227630333,-0.0282117436663381,-0.0833354409700649,0.020880654626707,-0.0742299794957729,-0.1228942334281002,2019-03-01,2019-03-04,2019-03-05,2019-03-06,2019-03-07,2019-03-08,2019-03-11,2019-03-12,2019-03-13,2019-03-14,48653.0,2019-02-28,252.0,-1.0175%,0.0001,0.7427,-0.1113,-0.0047,1.2510%,1.4733%,27.8913%,-0.008019,HUM,48653.0,2019-03-01,252.0,2.0979%,0.0002,0.7395,-0.1162,-0.0171,1.2531%,1.4743%,27.7579%,0.015846,HUM,48653.0,2019-03-04,252.0,-4.5907%,0.0,0.7456,-0.098,-0.0274,1.2815%,1.5020%,27.2092%,-0.04255,HUM,48653.0,2019-03-05,252.0,-0.1549%,0.0,0.7466,-0.0905,-0.0264,1.2813%,1.5021%,27.2410%,-0.000741,HUM,48653.0,2019-03-06,252.0,-1.8505%,-0.0,0.755,-0.0653,-0.0135,1.2836%,1.5066%,27.4200%,-0.013453,HUM,48653.0,2019-03-07,252.0,-1.3451%,-0.0001,0.7567,-0.0716,-0.013,1.2836%,1.5079%,27.5373%,-0.0074399999999999,HUM,48653.0,2019-03-08,252.0,-0.0633%,-0.0001,0.7566,-0.0725,-0.0131,1.2836%,1.5079%,27.5368%,0.000955,HUM,48653.0,2019-03-11,252.0,1.8004%,0.0,0.7608,-0.0852,-0.0225,1.2798%,1.5096%,28.1255%,0.006833,HUM,48653.0,2019-03-12,252.0,0.4943%,0.0001,0.7628,-0.0868,-0.0209,1.2799%,1.5083%,28.0000%,0.002695,HUM,48653.0,2019-03-13,252.0,3.1262%,0.0002,0.7708,-0.0867,-0.0122,1.2866%,1.5176%,28.1293%,0.025724,HUM,48653.0,2019-03-14,252.0,-1.1342%,0.0001,0.7734,-0.0826,-0.0143,1.2864%,1.5189%,28.2680%,-0.01098,HUM,0.0078269999999999,-0.034723,-0.0354639999999999,-0.056357,-0.0311299999999999
15507,HORIZON THERAPEUTICS PLC,Horizon Pharma shares are trading higher after the company said its phase 3 trials for active thryoid eye disease treatment met primary and all secondary endpoints.,6,increase,0.85,0.7,the successful results from phase 3 trials typically boost investor confidence and can lead to an increase in stock price.,2,2019-02-28,HZNP,2019-02-28 13:57:00+00:00,12919.0,G4618810,0.3276887834072113,17811356.0,-0.0286108218133449,0.0459550507366657,-0.0060326498933136,-0.0014340672641992,-0.0282042454928159,-0.0132075790315866,-0.0639235824346542,-0.0018831924535334,0.0133438054472208,-0.0139276292175054,0.0286599453538656,-0.0498455725610256,-0.000376514653908,-0.0215796288102865,0.0097928522154688,0.0104666277766227,0.011189897544682,-0.005206027533859,0.0073773092590272,0.0,0.0212376397103071,0.00043395490502,-0.0082466667518019,0.0061135939322412,0.0198842827230691,0.0048266211524605,-0.0116979768499732,-0.0043686535209417,0.0010760648874565,-0.0146362530067563,-0.0383375026285648,0.0306121818721294,0.0011177603155374,0.0240799952298402,-0.0070711025036871,0.0241973232477903,-0.024737624451518,0.0243088770657777,0.0042274673469364,0.0264187380671501,0.011481100693345,0.0014699014136567,-0.003405227093026,-0.0467071458697319,0.0242976229637861,0.000467300415039,0.013343240134418,-0.0219378229230642,-0.0073153167031705,-0.001824859296903,0.011422305367887,0.0036630001850426,-0.0105646960437297,-0.0171016734093427,-0.0014727175002917,0.0136860962957143,0.0,-0.0103837270289659,-0.0106932483613491,0.0095715168863534,-0.0294446144253015,0.0032007175032049,-0.0011521000415086,0.0157919246703386,-0.0146098062396049,0.0160453114658594,-0.0401872359216213,-0.0079588051885366,0.0130081176757812,0.0061234608292579,-0.0156500563025474,0.0411966741085052,0.0297594591975212,0.0461775064468383,-0.0047506270930171,-0.0220772977918386,0.0063643534667789,0.0199590269476175,0.0205533783882856,0.0061792400665581,0.012780787423253,0.0172865334898233,-0.0237093288451433,-0.0108807822689414,0.0105757359415292,0.0616061016917228,0.0073643620125949,-0.012493185698986,0.0211620293557643,-0.025410246104002,0.0342878587543964,0.0255157072097063,-0.017850698903203,-0.0678137689828872,0.0497032701969146,-0.0119999889284372,0.0063604349270462,0.0035122777335345,-0.015098325908184,0.0025151481386274,-0.0459892712533474,0.0055639198981225,0.0071001695469021,0.0107362475246191,-0.0107607012614607,0.0,0.0112527851015329,-0.0045801606029272,-0.041913915425539,-0.0204386766999959,-0.0189701803028583,-0.0093827424570918,0.0240726359188556,-0.0203193072229623,-0.0146435862407088,0.0345345623791217,-0.0379350520670414,-0.020107889547944,0.0093495743349194,-0.0029340523760765,-0.0286108218133449,0.0459550507366657,-0.0344708726354987,0.0444550808385804,-0.0617028931741515,0.0306603578134625,-0.1099621038616329,0.0143918032712229,-0.0586005127890871,-0.0520606885734545,-0.0751465124540552,-0.0041021019519243,-0.1440882586093101,0.0684596416476179,2019-03-01,2019-03-04,2019-03-05,2019-03-06,2019-03-07,2019-03-08,2019-03-11,2019-03-12,2019-03-13,2019-03-14,12919.0,2019-02-28,252.0,32.7689%,0.0029,0.8589,0.683,-0.3051,3.0269%,3.2187%,11.5643%,0.329909,HZNP,12919.0,2019-03-01,252.0,-2.8611%,0.0026,0.8722,0.7027,-0.2655,3.0292%,3.2214%,11.5742%,-0.038086,HZNP,12919.0,2019-03-04,252.0,-0.6033%,0.0025,0.879,0.6804,-0.2674,3.0278%,3.2212%,11.6447%,0.0022589999999999,HZNP,12919.0,2019-03-05,252.0,-2.8204%,0.0023,0.8775,0.651,-0.2581,3.0281%,3.2163%,11.3606%,-0.025332,HZNP,12919.0,2019-03-06,252.0,-6.3924%,0.0021,0.8894,0.7629,-0.2295,3.0425%,3.2404%,11.8423%,-0.048336,HZNP,12919.0,2019-03-07,252.0,1.3344%,0.0022,0.8858,0.7815,-0.229,3.0421%,3.2403%,11.8592%,0.020324,HZNP,12919.0,2019-03-08,252.0,2.8660%,0.0024,0.8809,0.8021,-0.238,3.0448%,3.2437%,11.8900%,0.029739,HZNP,12919.0,2019-03-11,252.0,-0.0377%,0.0023,0.8705,0.7925,-0.2382,3.0474%,3.2438%,11.7419%,-0.017716,HZNP,12919.0,2019-03-12,252.0,0.9793%,0.0024,0.8753,0.7882,-0.2345,3.0476%,3.2438%,11.7322%,0.009555,HZNP,12919.0,2019-03-13,252.0,1.1190%,0.0025,0.8767,0.7969,-0.2309,3.0464%,3.2434%,11.7805%,0.007857,HZNP,12919.0,2019-03-14,252.0,0.7377%,0.0026,0.8719,0.7947,-0.2298,3.0446%,3.2399%,11.6895%,0.012124,HZNP,0.291823,0.294082,0.26875,0.240738,0.282297
15515,HORIZON THERAPEUTICS PLC,Horizon Pharma Announces Phase 3 Confirmatory Trial Evaluating Teprotumumab (OPTIC) For Active Thyroid Eye Disease (TED) Met Primary And All Secondary Endpoints,6,increase,0.8,0.7,the successful completion of a phase 3 trial for a treatment like teprotumumab is likely to boost investor confidence and potentially lead to an increase in stock price due to positive clinical outcomes.,2,2019-02-28,HZNP,2019-02-28 12:48:00+00:00,12919.0,G4618810,0.3276887834072113,17811356.0,-0.0286108218133449,0.0459550507366657,-0.0060326498933136,-0.0014340672641992,-0.0282042454928159,-0.0132075790315866,-0.0639235824346542,-0.0018831924535334,0.0133438054472208,-0.0139276292175054,0.0286599453538656,-0.0498455725610256,-0.000376514653908,-0.0215796288102865,0.0097928522154688,0.0104666277766227,0.011189897544682,-0.005206027533859,0.0073773092590272,0.0,0.0212376397103071,0.00043395490502,-0.0082466667518019,0.0061135939322412,0.0198842827230691,0.0048266211524605,-0.0116979768499732,-0.0043686535209417,0.0010760648874565,-0.0146362530067563,-0.0383375026285648,0.0306121818721294,0.0011177603155374,0.0240799952298402,-0.0070711025036871,0.0241973232477903,-0.024737624451518,0.0243088770657777,0.0042274673469364,0.0264187380671501,0.011481100693345,0.0014699014136567,-0.003405227093026,-0.0467071458697319,0.0242976229637861,0.000467300415039,0.013343240134418,-0.0219378229230642,-0.0073153167031705,-0.001824859296903,0.011422305367887,0.0036630001850426,-0.0105646960437297,-0.0171016734093427,-0.0014727175002917,0.0136860962957143,0.0,-0.0103837270289659,-0.0106932483613491,0.0095715168863534,-0.0294446144253015,0.0032007175032049,-0.0011521000415086,0.0157919246703386,-0.0146098062396049,0.0160453114658594,-0.0401872359216213,-0.0079588051885366,0.0130081176757812,0.0061234608292579,-0.0156500563025474,0.0411966741085052,0.0297594591975212,0.0461775064468383,-0.0047506270930171,-0.0220772977918386,0.0063643534667789,0.0199590269476175,0.0205533783882856,0.0061792400665581,0.012780787423253,0.0172865334898233,-0.0237093288451433,-0.0108807822689414,0.0105757359415292,0.0616061016917228,0.0073643620125949,-0.012493185698986,0.0211620293557643,-0.025410246104002,0.0342878587543964,0.0255157072097063,-0.017850698903203,-0.0678137689828872,0.0497032701969146,-0.0119999889284372,0.0063604349270462,0.0035122777335345,-0.015098325908184,0.0025151481386274,-0.0459892712533474,0.0055639198981225,0.0071001695469021,0.0107362475246191,-0.0107607012614607,0.0,0.0112527851015329,-0.0045801606029272,-0.041913915425539,-0.0204386766999959,-0.0189701803028583,-0.0093827424570918,0.0240726359188556,-0.0203193072229623,-0.0146435862407088,0.0345345623791217,-0.0379350520670414,-0.020107889547944,0.0093495743349194,-0.0029340523760765,-0.0286108218133449,0.0459550507366657,-0.0344708726354987,0.0444550808385804,-0.0617028931741515,0.0306603578134625,-0.1099621038616329,0.0143918032712229,-0.0586005127890871,-0.0520606885734545,-0.0751465124540552,-0.0041021019519243,-0.1440882586093101,0.0684596416476179,2019-03-01,2019-03-04,2019-03-05,2019-03-06,2019-03-07,2019-03-08,2019-03-11,2019-03-12,2019-03-13,2019-03-14,12919.0,2019-02-28,252.0,32.7689%,0.0029,0.8589,0.683,-0.3051,3.0269%,3.2187%,11.5643%,0.329909,HZNP,12919.0,2019-03-01,252.0,-2.8611%,0.0026,0.8722,0.7027,-0.2655,3.0292%,3.2214%,11.5742%,-0.038086,HZNP,12919.0,2019-03-04,252.0,-0.6033%,0.0025,0.879,0.6804,-0.2674,3.0278%,3.2212%,11.6447%,0.0022589999999999,HZNP,12919.0,2019-03-05,252.0,-2.8204%,0.0023,0.8775,0.651,-0.2581,3.0281%,3.2163%,11.3606%,-0.025332,HZNP,12919.0,2019-03-06,252.0,-6.3924%,0.0021,0.8894,0.7629,-0.2295,3.0425%,3.2404%,11.8423%,-0.048336,HZNP,12919.0,2019-03-07,252.0,1.3344%,0.0022,0.8858,0.7815,-0.229,3.0421%,3.2403%,11.8592%,0.020324,HZNP,12919.0,2019-03-08,252.0,2.8660%,0.0024,0.8809,0.8021,-0.238,3.0448%,3.2437%,11.8900%,0.029739,HZNP,12919.0,2019-03-11,252.0,-0.0377%,0.0023,0.8705,0.7925,-0.2382,3.0474%,3.2438%,11.7419%,-0.017716,HZNP,12919.0,2019-03-12,252.0,0.9793%,0.0024,0.8753,0.7882,-0.2345,3.0476%,3.2438%,11.7322%,0.009555,HZNP,12919.0,2019-03-13,252.0,1.1190%,0.0025,0.8767,0.7969,-0.2309,3.0464%,3.2434%,11.7805%,0.007857,HZNP,12919.0,2019-03-14,252.0,0.7377%,0.0026,0.8719,0.7947,-0.2298,3.0446%,3.2399%,11.6895%,0.012124,HZNP,0.291823,0.294082,0.26875,0.240738,0.282297
15523,INSTALLED BUILDING PRODUCTS INC,"Installed Building Prods Q4 Adj. EPS $0.72 Beats $0.64 Estimate, Sales $353.1M Beat $346.46M Estimate",6,increase,0.8,0.7,"the company reported better-than-expected earnings and sales, which typically boosts investor confidence and can lead to an increase in stock price.",2,2019-02-28,IBP,2019-02-28 12:10:00+00:00,14479.0,45780R10,-0.0404751487076282,331915.0,0.0751949250698089,-0.0041621564887464,-0.0004264489689376,-0.002839608117938,-0.0138652203604579,-0.0161186344921588,-0.0125459227710962,0.0108624808490276,0.019496152177453,0.0357785820960998,-0.0027933190576732,-0.0185512397438287,-0.030381379649043,0.0091375047340989,-0.0073333741165697,0.0202364567667245,-0.0111931953579187,-0.0006816355744376,-0.0215077418833971,-0.0180723201483488,0.0259139034897089,0.0610794946551322,-0.0074425311759114,0.0095602655783295,-0.0038627169560641,-0.0066476445645093,-0.0070711993612349,-0.0014225076884031,0.042499478906393,-0.033234030008316,-0.0037461873143911,0.0094863455742597,0.0353904515504837,0.0234430897980928,0.0006408626213669,0.0028496540617197,0.0309564638882875,0.0371921733021736,-0.0037274861242622,0.0027166409417986,0.0081064095720648,0.0125031257048249,-0.0002061509585473,0.007558655925095,-0.0055681676603853,-0.0002519429835956,0.0205308552831411,0.0322413332760334,0.0284495335072279,0.010509661398828,0.0114601468667388,-0.0215938333421945,0.00820476654917,-0.0043511176481842,-0.0211199410259723,0.014278276823461,0.0302850119769573,-0.0031055624131113,-0.0107588386163115,-0.0066838595084846,0.0025247086305171,-0.0094219231978058,-0.0015497484710067,-0.005822773091495,0.0106713082641363,-0.0067890482023358,0.0011518789688125,0.0257931388914585,0.0007669625920243,0.0088472589850425,-0.0381298698484897,0.0372469946742057,0.0109561597928404,0.0770348161458969,0.0070936079137027,-0.0017410783329978,-0.0657405704259872,0.0228554606437683,-0.0031413931865245,0.0038735771086066,-0.0021008083131164,0.0075052534230053,0.011157869361341,-0.0014987781178206,0.0083281602710485,0.0566994287073612,0.0968407690525055,-0.0106549719348549,0.0344503372907638,-0.0181538499891758,-0.0038216393440961,-0.0073305335827171,0.0021921617444604,-0.0290628559887409,-0.032993096858263,0.0274223499000072,0.0282752122730016,0.0018315438646823,0.0124656334519386,-0.0359035097062587,-0.0244432091712951,-0.0238437745720148,0.0231997016817331,0.0394147410988807,0.0107019795104861,-0.0315211117267608,-0.0107681667432189,-0.0261897072196006,-0.0121552646160125,0.0062339869327843,-0.0251606777310371,0.0129162101075053,0.0433308072388172,-0.1013670414686203,-0.0166125316172838,0.0010328147327527,-0.0102827316150069,0.0033679034095257,0.0196660030633211,-0.0178117249161005,0.0751949250698089,-0.0041621564887464,0.0747364093026059,-0.0069899457133308,0.0598349521582179,-0.0229959118254166,0.066941815526111,0.0229523042847055,-0.0091700539014529,0.0142793236351037,0.1804218917188809,0.1686374591497141,0.2599725009710889,0.1567430098814854,2019-03-01,2019-03-04,2019-03-05,2019-03-06,2019-03-07,2019-03-08,2019-03-11,2019-03-12,2019-03-13,2019-03-14,14479.0,2019-02-28,252.0,-4.0475%,-0.0015,1.4003,1.7554,0.666,2.5157%,2.9916%,29.2874%,-0.035023,IBP,14479.0,2019-03-01,252.0,7.5195%,-0.0009,1.3559,1.6895,0.5677,2.4750%,2.9331%,28.7945%,0.062596,IBP,14479.0,2019-03-04,252.0,-0.0426%,-0.0006,1.3214,1.7932,0.579,2.4353%,2.8997%,29.4666%,0.011078,IBP,14479.0,2019-03-05,252.0,-1.3865%,-0.0006,1.3188,1.7702,0.5787,2.4337%,2.8890%,29.0348%,-0.0047599999999999,IBP,14479.0,2019-03-06,252.0,-1.2546%,-0.0005,1.3199,1.7183,0.5729,2.4345%,2.8893%,29.0064%,0.020515,IBP,14479.0,2019-03-07,252.0,1.9496%,-0.0005,1.2979,1.6768,0.5319,2.4381%,2.8791%,28.2907%,0.033322,IBP,14479.0,2019-03-08,252.0,-0.2793%,-0.0006,1.2999,1.6444,0.5367,2.4310%,2.8675%,28.1310%,3.8e-05,IBP,14479.0,2019-03-11,252.0,-3.0381%,-0.0007,1.274,1.5905,0.5192,2.4442%,2.8637%,27.1530%,-0.052968,IBP,14479.0,2019-03-12,252.0,-0.7333%,-0.0008,1.2586,1.5961,0.5038,2.4418%,2.8545%,26.8259%,-0.0057399999999999,IBP,14479.0,2019-03-13,252.0,-1.1193%,-0.0008,1.2537,1.6069,0.5011,2.4432%,2.8553%,26.7816%,-0.015138,IBP,14479.0,2019-03-14,252.0,-2.1508%,-0.001,1.2638,1.6086,0.5003,2.4322%,2.8508%,27.2112%,-0.015259,IBP,0.027573,0.038651,0.033891,0.087728,-0.001339
15531,INTERCEPT PHARMACEUTICALS INC,"Cantor Fitzgerald Reiterates Overweight on Intercept Pharmaceuticals, Raises Price Target to $191",6,increase,0.8,0.7,the reiteration of an 'overweight' rating and an increased price target typically signals positive sentiment and potential for stock price appreciation.,2,2019-02-28,ICPT,2019-02-28 18:58:00+00:00,13643.0,45845P10,0.0752479061484336,2821906.0,0.0696812197566032,0.0,-0.0192145742475986,-0.0157045386731624,0.0294342692941427,0.0095340050756931,-0.0303565189242363,0.0165522880852222,-0.0197223331779241,-0.0727052092552185,-0.0141615094617009,-0.1576932966709137,0.038735844194889,0.0609095841646194,0.0175489168614149,-0.0034172416198998,0.0210891366004943,0.0077027501538395,0.0184504725039005,-0.0063035078346729,0.0200991742312908,-0.0536048524081707,0.0033574593253433,-0.0131203122437,-0.0140013769268989,0.0229716785252094,0.0100026354193687,-0.0205611772835254,0.0182156264781951,-0.0081076668575406,-0.046026948839426,-0.002750702900812,-0.0046427142806351,0.0287257619202137,0.0183830447494983,-0.0336426720023155,-0.0453524515032768,0.0389118157327175,0.0035747624933719,0.0339119285345077,0.0485564321279525,-0.0299602933228015,-0.0032183141447603,-0.0312003623694181,0.0221524778753519,0.0266209207475185,0.0122839473187923,0.0526077896356582,0.0024269635323435,-0.0027044357266277,0.0119325313717126,-0.0222123991698026,0.0269161891192197,-0.0018476747209206,-0.0148943327367305,0.025812279433012,0.0193428583443164,-0.0113321729004383,-0.1320019960403442,0.0300551149994134,-0.0910739973187446,-0.0084753511473536,-0.031089162454009,-0.0287661515176296,-0.0059620928950607,-0.0006191923166625,-0.027917094528675,0.0201227515935897,-0.0197442471981048,0.0094735007733106,-0.0042343228124082,0.0725940465927124,0.0404550805687904,0.0763487443327903,0.0077322940342128,-0.0222108345478773,-0.0254302266985178,-0.0351225398480892,0.0087729021906852,0.0716639831662178,-0.0146059216931462,0.0108555685728788,-0.0248924754559993,-0.0197029039263725,-0.0041773105040192,0.0976061299443245,0.0278489794582128,-0.0463217943906784,0.0193855464458465,-0.0702419877052307,-0.0022241654805839,-0.0517308413982391,-0.0526081286370754,-0.0365373939275741,0.0302352905273437,0.0144458906725049,-0.0419093072414398,-0.0258309487253427,0.0328963287174701,-0.000740070361644,-0.0338102951645851,-0.0235772412270307,0.0360682718455791,0.0584185943007469,0.0174063649028539,-0.0132088083773851,0.0023793233558535,0.0364756062626838,-0.0231717303395271,-0.0425989665091037,-0.0171256158500909,0.008402562700212,0.0330821461975574,-0.0277217198163271,-0.0168661344796419,-0.0177621599286794,-0.0088094882667064,0.0069911410100758,0.0271313246339559,-0.0343678630888462,0.0696812197566032,0.0,0.049127750538328,-0.0157045386731624,0.0800080592716314,-0.0063202607488906,0.0265690977180963,-0.063314112344939,0.1123922171722462,-0.1647005861202689,0.0502306168078774,-0.1474264722149945,-0.1194104384913961,-0.1867437816176205,2019-03-01,2019-03-04,2019-03-05,2019-03-06,2019-03-07,2019-03-08,2019-03-11,2019-03-12,2019-03-13,2019-03-14,13643.0,2019-02-28,252.0,7.5248%,0.0017,1.5559,1.4675,-1.0854,2.9263%,3.6943%,37.2554%,0.07711,ICPT,13643.0,2019-03-01,252.0,6.9681%,0.0018,1.5746,1.4953,-1.0788,2.9406%,3.7180%,37.4469%,0.049791,ICPT,13643.0,2019-03-04,252.0,-1.9215%,0.0019,1.5698,1.5136,-1.0781,2.9398%,3.7194%,37.5250%,-0.0009279999999999,ICPT,13643.0,2019-03-05,252.0,2.9434%,0.0018,1.5548,1.4182,-1.1007,2.9343%,3.6925%,36.8530%,0.034118,ICPT,13643.0,2019-03-06,252.0,-3.0357%,0.0018,1.5505,1.424,-1.1048,2.9337%,3.6970%,37.0269%,0.0009229999999999,ICPT,13643.0,2019-03-07,252.0,-1.9722%,0.0018,1.5601,1.4487,-1.085,2.9325%,3.6995%,37.1678%,-0.009747,ICPT,13643.0,2019-03-08,252.0,-1.4162%,0.0018,1.561,1.4684,-1.0847,2.9319%,3.7010%,37.2451%,-0.013388,ICPT,13643.0,2019-03-11,252.0,3.8736%,0.0018,1.5623,1.4694,-1.0848,2.9319%,3.7080%,37.4810%,0.004461,ICPT,13643.0,2019-03-12,252.0,1.7549%,0.002,1.5947,1.4558,-1.0534,2.9242%,3.7076%,37.7959%,0.0168,ICPT,13643.0,2019-03-13,252.0,2.1089%,0.0019,1.6004,1.4182,-1.0561,2.9137%,3.6976%,37.9033%,0.015656,ICPT,13643.0,2019-03-14,252.0,1.8450%,0.0021,1.6,1.4053,-1.0495,2.9184%,3.6974%,37.6980%,0.028944,ICPT,0.1269009999999999,0.1259729999999999,0.1600909999999999,0.1512669999999999,0.2037399999999999
15539,INTERCEPT PHARMACEUTICALS INC,"Intercept Pharmaceuticals Inc shares are trading higher after the company beat Q4 sales estimates, despite missing on EPS; the company guided FY19 Ocaliva sales of $225 million to $240 million.",6,increase,0.7,0.6,"the positive reaction to beating q4 sales estimates, despite missing eps, suggests investor optimism, especially with the guidance for ocaliva sales indicating growth potential.",2,2019-02-28,ICPT,2019-02-28 16:24:00+00:00,13643.0,45845P10,0.0752479061484336,2821906.0,0.0696812197566032,0.0,-0.0192145742475986,-0.0157045386731624,0.0294342692941427,0.0095340050756931,-0.0303565189242363,0.0165522880852222,-0.0197223331779241,-0.0727052092552185,-0.0141615094617009,-0.1576932966709137,0.038735844194889,0.0609095841646194,0.0175489168614149,-0.0034172416198998,0.0210891366004943,0.0077027501538395,0.0184504725039005,-0.0063035078346729,0.0200991742312908,-0.0536048524081707,0.0033574593253433,-0.0131203122437,-0.0140013769268989,0.0229716785252094,0.0100026354193687,-0.0205611772835254,0.0182156264781951,-0.0081076668575406,-0.046026948839426,-0.002750702900812,-0.0046427142806351,0.0287257619202137,0.0183830447494983,-0.0336426720023155,-0.0453524515032768,0.0389118157327175,0.0035747624933719,0.0339119285345077,0.0485564321279525,-0.0299602933228015,-0.0032183141447603,-0.0312003623694181,0.0221524778753519,0.0266209207475185,0.0122839473187923,0.0526077896356582,0.0024269635323435,-0.0027044357266277,0.0119325313717126,-0.0222123991698026,0.0269161891192197,-0.0018476747209206,-0.0148943327367305,0.025812279433012,0.0193428583443164,-0.0113321729004383,-0.1320019960403442,0.0300551149994134,-0.0910739973187446,-0.0084753511473536,-0.031089162454009,-0.0287661515176296,-0.0059620928950607,-0.0006191923166625,-0.027917094528675,0.0201227515935897,-0.0197442471981048,0.0094735007733106,-0.0042343228124082,0.0725940465927124,0.0404550805687904,0.0763487443327903,0.0077322940342128,-0.0222108345478773,-0.0254302266985178,-0.0351225398480892,0.0087729021906852,0.0716639831662178,-0.0146059216931462,0.0108555685728788,-0.0248924754559993,-0.0197029039263725,-0.0041773105040192,0.0976061299443245,0.0278489794582128,-0.0463217943906784,0.0193855464458465,-0.0702419877052307,-0.0022241654805839,-0.0517308413982391,-0.0526081286370754,-0.0365373939275741,0.0302352905273437,0.0144458906725049,-0.0419093072414398,-0.0258309487253427,0.0328963287174701,-0.000740070361644,-0.0338102951645851,-0.0235772412270307,0.0360682718455791,0.0584185943007469,0.0174063649028539,-0.0132088083773851,0.0023793233558535,0.0364756062626838,-0.0231717303395271,-0.0425989665091037,-0.0171256158500909,0.008402562700212,0.0330821461975574,-0.0277217198163271,-0.0168661344796419,-0.0177621599286794,-0.0088094882667064,0.0069911410100758,0.0271313246339559,-0.0343678630888462,0.0696812197566032,0.0,0.049127750538328,-0.0157045386731624,0.0800080592716314,-0.0063202607488906,0.0265690977180963,-0.063314112344939,0.1123922171722462,-0.1647005861202689,0.0502306168078774,-0.1474264722149945,-0.1194104384913961,-0.1867437816176205,2019-03-01,2019-03-04,2019-03-05,2019-03-06,2019-03-07,2019-03-08,2019-03-11,2019-03-12,2019-03-13,2019-03-14,13643.0,2019-02-28,252.0,7.5248%,0.0017,1.5559,1.4675,-1.0854,2.9263%,3.6943%,37.2554%,0.07711,ICPT,13643.0,2019-03-01,252.0,6.9681%,0.0018,1.5746,1.4953,-1.0788,2.9406%,3.7180%,37.4469%,0.049791,ICPT,13643.0,2019-03-04,252.0,-1.9215%,0.0019,1.5698,1.5136,-1.0781,2.9398%,3.7194%,37.5250%,-0.0009279999999999,ICPT,13643.0,2019-03-05,252.0,2.9434%,0.0018,1.5548,1.4182,-1.1007,2.9343%,3.6925%,36.8530%,0.034118,ICPT,13643.0,2019-03-06,252.0,-3.0357%,0.0018,1.5505,1.424,-1.1048,2.9337%,3.6970%,37.0269%,0.0009229999999999,ICPT,13643.0,2019-03-07,252.0,-1.9722%,0.0018,1.5601,1.4487,-1.085,2.9325%,3.6995%,37.1678%,-0.009747,ICPT,13643.0,2019-03-08,252.0,-1.4162%,0.0018,1.561,1.4684,-1.0847,2.9319%,3.7010%,37.2451%,-0.013388,ICPT,13643.0,2019-03-11,252.0,3.8736%,0.0018,1.5623,1.4694,-1.0848,2.9319%,3.7080%,37.4810%,0.004461,ICPT,13643.0,2019-03-12,252.0,1.7549%,0.002,1.5947,1.4558,-1.0534,2.9242%,3.7076%,37.7959%,0.0168,ICPT,13643.0,2019-03-13,252.0,2.1089%,0.0019,1.6004,1.4182,-1.0561,2.9137%,3.6976%,37.9033%,0.015656,ICPT,13643.0,2019-03-14,252.0,1.8450%,0.0021,1.6,1.4053,-1.0495,2.9184%,3.6974%,37.6980%,0.028944,ICPT,0.1269009999999999,0.1259729999999999,0.1600909999999999,0.1512669999999999,0.2037399999999999
15547,INTERCEPT PHARMACEUTICALS INC,Intercept Sees FY19 Ocaliva Sales $225M-$240M,6,increase,0.7,0.6,"the projected sales figures for ocaliva suggest strong market performance, which is likely to positively influence investor sentiment and increase the stock price.",2,2019-02-28,ICPT,2019-02-28 14:06:00+00:00,13643.0,45845P10,0.0752479061484336,2821906.0,0.0696812197566032,0.0,-0.0192145742475986,-0.0157045386731624,0.0294342692941427,0.0095340050756931,-0.0303565189242363,0.0165522880852222,-0.0197223331779241,-0.0727052092552185,-0.0141615094617009,-0.1576932966709137,0.038735844194889,0.0609095841646194,0.0175489168614149,-0.0034172416198998,0.0210891366004943,0.0077027501538395,0.0184504725039005,-0.0063035078346729,0.0200991742312908,-0.0536048524081707,0.0033574593253433,-0.0131203122437,-0.0140013769268989,0.0229716785252094,0.0100026354193687,-0.0205611772835254,0.0182156264781951,-0.0081076668575406,-0.046026948839426,-0.002750702900812,-0.0046427142806351,0.0287257619202137,0.0183830447494983,-0.0336426720023155,-0.0453524515032768,0.0389118157327175,0.0035747624933719,0.0339119285345077,0.0485564321279525,-0.0299602933228015,-0.0032183141447603,-0.0312003623694181,0.0221524778753519,0.0266209207475185,0.0122839473187923,0.0526077896356582,0.0024269635323435,-0.0027044357266277,0.0119325313717126,-0.0222123991698026,0.0269161891192197,-0.0018476747209206,-0.0148943327367305,0.025812279433012,0.0193428583443164,-0.0113321729004383,-0.1320019960403442,0.0300551149994134,-0.0910739973187446,-0.0084753511473536,-0.031089162454009,-0.0287661515176296,-0.0059620928950607,-0.0006191923166625,-0.027917094528675,0.0201227515935897,-0.0197442471981048,0.0094735007733106,-0.0042343228124082,0.0725940465927124,0.0404550805687904,0.0763487443327903,0.0077322940342128,-0.0222108345478773,-0.0254302266985178,-0.0351225398480892,0.0087729021906852,0.0716639831662178,-0.0146059216931462,0.0108555685728788,-0.0248924754559993,-0.0197029039263725,-0.0041773105040192,0.0976061299443245,0.0278489794582128,-0.0463217943906784,0.0193855464458465,-0.0702419877052307,-0.0022241654805839,-0.0517308413982391,-0.0526081286370754,-0.0365373939275741,0.0302352905273437,0.0144458906725049,-0.0419093072414398,-0.0258309487253427,0.0328963287174701,-0.000740070361644,-0.0338102951645851,-0.0235772412270307,0.0360682718455791,0.0584185943007469,0.0174063649028539,-0.0132088083773851,0.0023793233558535,0.0364756062626838,-0.0231717303395271,-0.0425989665091037,-0.0171256158500909,0.008402562700212,0.0330821461975574,-0.0277217198163271,-0.0168661344796419,-0.0177621599286794,-0.0088094882667064,0.0069911410100758,0.0271313246339559,-0.0343678630888462,0.0696812197566032,0.0,0.049127750538328,-0.0157045386731624,0.0800080592716314,-0.0063202607488906,0.0265690977180963,-0.063314112344939,0.1123922171722462,-0.1647005861202689,0.0502306168078774,-0.1474264722149945,-0.1194104384913961,-0.1867437816176205,2019-03-01,2019-03-04,2019-03-05,2019-03-06,2019-03-07,2019-03-08,2019-03-11,2019-03-12,2019-03-13,2019-03-14,13643.0,2019-02-28,252.0,7.5248%,0.0017,1.5559,1.4675,-1.0854,2.9263%,3.6943%,37.2554%,0.07711,ICPT,13643.0,2019-03-01,252.0,6.9681%,0.0018,1.5746,1.4953,-1.0788,2.9406%,3.7180%,37.4469%,0.049791,ICPT,13643.0,2019-03-04,252.0,-1.9215%,0.0019,1.5698,1.5136,-1.0781,2.9398%,3.7194%,37.5250%,-0.0009279999999999,ICPT,13643.0,2019-03-05,252.0,2.9434%,0.0018,1.5548,1.4182,-1.1007,2.9343%,3.6925%,36.8530%,0.034118,ICPT,13643.0,2019-03-06,252.0,-3.0357%,0.0018,1.5505,1.424,-1.1048,2.9337%,3.6970%,37.0269%,0.0009229999999999,ICPT,13643.0,2019-03-07,252.0,-1.9722%,0.0018,1.5601,1.4487,-1.085,2.9325%,3.6995%,37.1678%,-0.009747,ICPT,13643.0,2019-03-08,252.0,-1.4162%,0.0018,1.561,1.4684,-1.0847,2.9319%,3.7010%,37.2451%,-0.013388,ICPT,13643.0,2019-03-11,252.0,3.8736%,0.0018,1.5623,1.4694,-1.0848,2.9319%,3.7080%,37.4810%,0.004461,ICPT,13643.0,2019-03-12,252.0,1.7549%,0.002,1.5947,1.4558,-1.0534,2.9242%,3.7076%,37.7959%,0.0168,ICPT,13643.0,2019-03-13,252.0,2.1089%,0.0019,1.6004,1.4182,-1.0561,2.9137%,3.6976%,37.9033%,0.015656,ICPT,13643.0,2019-03-14,252.0,1.8450%,0.0021,1.6,1.4053,-1.0495,2.9184%,3.6974%,37.6980%,0.028944,ICPT,0.1269009999999999,0.1259729999999999,0.1600909999999999,0.1512669999999999,0.2037399999999999
15555,INTERCEPT PHARMACEUTICALS INC,"Intercept Pharmaceuticals Q4 EPS $(2.97) Misses $(2.47) Estimate, Sales $53.28M Beat $52.28M Estimate",6,decrease,0.7,0.6,"the significant miss in eps expectations is likely to negatively impact investor sentiment, despite the sales beat.",0,2019-02-28,ICPT,2019-02-28 14:06:00+00:00,13643.0,45845P10,0.0752479061484336,2821906.0,0.0696812197566032,0.0,-0.0192145742475986,-0.0157045386731624,0.0294342692941427,0.0095340050756931,-0.0303565189242363,0.0165522880852222,-0.0197223331779241,-0.0727052092552185,-0.0141615094617009,-0.1576932966709137,0.038735844194889,0.0609095841646194,0.0175489168614149,-0.0034172416198998,0.0210891366004943,0.0077027501538395,0.0184504725039005,-0.0063035078346729,0.0200991742312908,-0.0536048524081707,0.0033574593253433,-0.0131203122437,-0.0140013769268989,0.0229716785252094,0.0100026354193687,-0.0205611772835254,0.0182156264781951,-0.0081076668575406,-0.046026948839426,-0.002750702900812,-0.0046427142806351,0.0287257619202137,0.0183830447494983,-0.0336426720023155,-0.0453524515032768,0.0389118157327175,0.0035747624933719,0.0339119285345077,0.0485564321279525,-0.0299602933228015,-0.0032183141447603,-0.0312003623694181,0.0221524778753519,0.0266209207475185,0.0122839473187923,0.0526077896356582,0.0024269635323435,-0.0027044357266277,0.0119325313717126,-0.0222123991698026,0.0269161891192197,-0.0018476747209206,-0.0148943327367305,0.025812279433012,0.0193428583443164,-0.0113321729004383,-0.1320019960403442,0.0300551149994134,-0.0910739973187446,-0.0084753511473536,-0.031089162454009,-0.0287661515176296,-0.0059620928950607,-0.0006191923166625,-0.027917094528675,0.0201227515935897,-0.0197442471981048,0.0094735007733106,-0.0042343228124082,0.0725940465927124,0.0404550805687904,0.0763487443327903,0.0077322940342128,-0.0222108345478773,-0.0254302266985178,-0.0351225398480892,0.0087729021906852,0.0716639831662178,-0.0146059216931462,0.0108555685728788,-0.0248924754559993,-0.0197029039263725,-0.0041773105040192,0.0976061299443245,0.0278489794582128,-0.0463217943906784,0.0193855464458465,-0.0702419877052307,-0.0022241654805839,-0.0517308413982391,-0.0526081286370754,-0.0365373939275741,0.0302352905273437,0.0144458906725049,-0.0419093072414398,-0.0258309487253427,0.0328963287174701,-0.000740070361644,-0.0338102951645851,-0.0235772412270307,0.0360682718455791,0.0584185943007469,0.0174063649028539,-0.0132088083773851,0.0023793233558535,0.0364756062626838,-0.0231717303395271,-0.0425989665091037,-0.0171256158500909,0.008402562700212,0.0330821461975574,-0.0277217198163271,-0.0168661344796419,-0.0177621599286794,-0.0088094882667064,0.0069911410100758,0.0271313246339559,-0.0343678630888462,0.0696812197566032,0.0,0.049127750538328,-0.0157045386731624,0.0800080592716314,-0.0063202607488906,0.0265690977180963,-0.063314112344939,0.1123922171722462,-0.1647005861202689,0.0502306168078774,-0.1474264722149945,-0.1194104384913961,-0.1867437816176205,2019-03-01,2019-03-04,2019-03-05,2019-03-06,2019-03-07,2019-03-08,2019-03-11,2019-03-12,2019-03-13,2019-03-14,13643.0,2019-02-28,252.0,7.5248%,0.0017,1.5559,1.4675,-1.0854,2.9263%,3.6943%,37.2554%,0.07711,ICPT,13643.0,2019-03-01,252.0,6.9681%,0.0018,1.5746,1.4953,-1.0788,2.9406%,3.7180%,37.4469%,0.049791,ICPT,13643.0,2019-03-04,252.0,-1.9215%,0.0019,1.5698,1.5136,-1.0781,2.9398%,3.7194%,37.5250%,-0.0009279999999999,ICPT,13643.0,2019-03-05,252.0,2.9434%,0.0018,1.5548,1.4182,-1.1007,2.9343%,3.6925%,36.8530%,0.034118,ICPT,13643.0,2019-03-06,252.0,-3.0357%,0.0018,1.5505,1.424,-1.1048,2.9337%,3.6970%,37.0269%,0.0009229999999999,ICPT,13643.0,2019-03-07,252.0,-1.9722%,0.0018,1.5601,1.4487,-1.085,2.9325%,3.6995%,37.1678%,-0.009747,ICPT,13643.0,2019-03-08,252.0,-1.4162%,0.0018,1.561,1.4684,-1.0847,2.9319%,3.7010%,37.2451%,-0.013388,ICPT,13643.0,2019-03-11,252.0,3.8736%,0.0018,1.5623,1.4694,-1.0848,2.9319%,3.7080%,37.4810%,0.004461,ICPT,13643.0,2019-03-12,252.0,1.7549%,0.002,1.5947,1.4558,-1.0534,2.9242%,3.7076%,37.7959%,0.0168,ICPT,13643.0,2019-03-13,252.0,2.1089%,0.0019,1.6004,1.4182,-1.0561,2.9137%,3.6976%,37.9033%,0.015656,ICPT,13643.0,2019-03-14,252.0,1.8450%,0.0021,1.6,1.4053,-1.0495,2.9184%,3.6974%,37.6980%,0.028944,ICPT,0.1269009999999999,0.1259729999999999,0.1600909999999999,0.1512669999999999,0.2037399999999999
15563,INTERCEPT PHARMACEUTICALS INC,"'$ICPT says eDISH plot for REGENERATE looks v similar to FLINT. 3 on pbo entered Hy's law quadrant, vs total of 3 btwn low/high dose OCA' -Tweet From Notable FDA Source",6,uncertain,0.6,0.3,"the comparison of edish plots to previous studies suggests potential concerns regarding safety, but the overall impact on stock price is unclear without further context on market sentiment and investor reactions.",1,2019-02-28,ICPT,2019-02-28 14:05:00+00:00,13643.0,45845P10,0.0752479061484336,2821906.0,0.0696812197566032,0.0,-0.0192145742475986,-0.0157045386731624,0.0294342692941427,0.0095340050756931,-0.0303565189242363,0.0165522880852222,-0.0197223331779241,-0.0727052092552185,-0.0141615094617009,-0.1576932966709137,0.038735844194889,0.0609095841646194,0.0175489168614149,-0.0034172416198998,0.0210891366004943,0.0077027501538395,0.0184504725039005,-0.0063035078346729,0.0200991742312908,-0.0536048524081707,0.0033574593253433,-0.0131203122437,-0.0140013769268989,0.0229716785252094,0.0100026354193687,-0.0205611772835254,0.0182156264781951,-0.0081076668575406,-0.046026948839426,-0.002750702900812,-0.0046427142806351,0.0287257619202137,0.0183830447494983,-0.0336426720023155,-0.0453524515032768,0.0389118157327175,0.0035747624933719,0.0339119285345077,0.0485564321279525,-0.0299602933228015,-0.0032183141447603,-0.0312003623694181,0.0221524778753519,0.0266209207475185,0.0122839473187923,0.0526077896356582,0.0024269635323435,-0.0027044357266277,0.0119325313717126,-0.0222123991698026,0.0269161891192197,-0.0018476747209206,-0.0148943327367305,0.025812279433012,0.0193428583443164,-0.0113321729004383,-0.1320019960403442,0.0300551149994134,-0.0910739973187446,-0.0084753511473536,-0.031089162454009,-0.0287661515176296,-0.0059620928950607,-0.0006191923166625,-0.027917094528675,0.0201227515935897,-0.0197442471981048,0.0094735007733106,-0.0042343228124082,0.0725940465927124,0.0404550805687904,0.0763487443327903,0.0077322940342128,-0.0222108345478773,-0.0254302266985178,-0.0351225398480892,0.0087729021906852,0.0716639831662178,-0.0146059216931462,0.0108555685728788,-0.0248924754559993,-0.0197029039263725,-0.0041773105040192,0.0976061299443245,0.0278489794582128,-0.0463217943906784,0.0193855464458465,-0.0702419877052307,-0.0022241654805839,-0.0517308413982391,-0.0526081286370754,-0.0365373939275741,0.0302352905273437,0.0144458906725049,-0.0419093072414398,-0.0258309487253427,0.0328963287174701,-0.000740070361644,-0.0338102951645851,-0.0235772412270307,0.0360682718455791,0.0584185943007469,0.0174063649028539,-0.0132088083773851,0.0023793233558535,0.0364756062626838,-0.0231717303395271,-0.0425989665091037,-0.0171256158500909,0.008402562700212,0.0330821461975574,-0.0277217198163271,-0.0168661344796419,-0.0177621599286794,-0.0088094882667064,0.0069911410100758,0.0271313246339559,-0.0343678630888462,0.0696812197566032,0.0,0.049127750538328,-0.0157045386731624,0.0800080592716314,-0.0063202607488906,0.0265690977180963,-0.063314112344939,0.1123922171722462,-0.1647005861202689,0.0502306168078774,-0.1474264722149945,-0.1194104384913961,-0.1867437816176205,2019-03-01,2019-03-04,2019-03-05,2019-03-06,2019-03-07,2019-03-08,2019-03-11,2019-03-12,2019-03-13,2019-03-14,13643.0,2019-02-28,252.0,7.5248%,0.0017,1.5559,1.4675,-1.0854,2.9263%,3.6943%,37.2554%,0.07711,ICPT,13643.0,2019-03-01,252.0,6.9681%,0.0018,1.5746,1.4953,-1.0788,2.9406%,3.7180%,37.4469%,0.049791,ICPT,13643.0,2019-03-04,252.0,-1.9215%,0.0019,1.5698,1.5136,-1.0781,2.9398%,3.7194%,37.5250%,-0.0009279999999999,ICPT,13643.0,2019-03-05,252.0,2.9434%,0.0018,1.5548,1.4182,-1.1007,2.9343%,3.6925%,36.8530%,0.034118,ICPT,13643.0,2019-03-06,252.0,-3.0357%,0.0018,1.5505,1.424,-1.1048,2.9337%,3.6970%,37.0269%,0.0009229999999999,ICPT,13643.0,2019-03-07,252.0,-1.9722%,0.0018,1.5601,1.4487,-1.085,2.9325%,3.6995%,37.1678%,-0.009747,ICPT,13643.0,2019-03-08,252.0,-1.4162%,0.0018,1.561,1.4684,-1.0847,2.9319%,3.7010%,37.2451%,-0.013388,ICPT,13643.0,2019-03-11,252.0,3.8736%,0.0018,1.5623,1.4694,-1.0848,2.9319%,3.7080%,37.4810%,0.004461,ICPT,13643.0,2019-03-12,252.0,1.7549%,0.002,1.5947,1.4558,-1.0534,2.9242%,3.7076%,37.7959%,0.0168,ICPT,13643.0,2019-03-13,252.0,2.1089%,0.0019,1.6004,1.4182,-1.0561,2.9137%,3.6976%,37.9033%,0.015656,ICPT,13643.0,2019-03-14,252.0,1.8450%,0.0021,1.6,1.4053,-1.0495,2.9184%,3.6974%,37.6980%,0.028944,ICPT,0.1269009999999999,0.1259729999999999,0.1600909999999999,0.1512669999999999,0.2037399999999999
15571,I C U MEDICAL INC,ICU Medical Sees FY19 Adj. EPS $9.00-$9.90 vs $9.40 Est.,6,uncertain,0.6,0.2,"while the adjusted eps guidance is within a reasonable range around the estimate, the uncertainty in meeting the higher end of the range may lead to mixed investor reactions.",1,2019-02-28,ICUI,2019-02-28 22:30:00+00:00,77447.0,44930G10,-0.0023139987606555,174474.0,0.0272624194622039,-0.0029951247852295,-0.0644062831997871,-0.0142041957005858,-0.0085520930588245,0.0026804215740412,-0.0138354701921343,-0.0119767524302005,0.0058456342667341,-7.900483615230769e-05,0.0044771991670131,0.0007514720782637,0.0117430482059717,-0.0018161380430683,0.0126656927168369,0.0137688219547271,-0.0172341465950012,-0.0011594312964007,-0.0037030524108558,0.0127130625769496,-0.0052121211774647,-0.0137757426127791,0.026755403727293,0.0151189481839537,0.003387977136299,-0.0060832910239696,-0.0118387443944811,-0.0139826973900198,-0.0032061159145087,-0.0012299049412831,-0.0297092106193304,0.0117207812145352,0.0099446009844541,0.0094408504664897,0.0194774102419614,-0.0080385850742459,-0.0051681827753782,0.0354155823588371,0.0103900637477636,-0.0029460859950631,0.0086395945399999,0.0041666668839752,-0.0092759002000093,-0.0131173254922032,-0.0029522033873945,0.0119003057479858,-0.0040607703849673,0.0138795506209135,-0.0104055935516953,-0.007619556505233,-0.0029613838996738,0.0032340891193598,0.0050363661721348,0.0196573715656995,-0.0108788479119539,0.0102539481595158,-0.007317928597331,0.0003029833023902,0.0053217066451907,0.015648340806365,0.0148392338305711,-0.0092326244339346,0.0034204244147986,-0.0127268321812152,-0.0005965289892628,-0.0315622985363006,-0.0393519327044487,0.0277302768081426,-0.0156666692346334,0.0422371253371238,0.0175842437893152,-0.018001053482294,-0.0026585408486425,0.032701663672924,0.012395080178976,-0.0209025349467992,-0.0096542574465274,-0.016635488718748,-0.0005759908817708,0.0200338028371334,0.0019507977413013,0.0108211953192949,0.0066816871985793,-0.0008972093928605,-0.0087472768500447,0.0458874814212322,0.024566575884819,-0.0109976567327976,0.0001730936346575,-0.0166103839874267,0.0263533536344766,0.003204527311027,-0.015178307890892,-0.0187763571739196,0.007235218770802,0.0178309883922338,-0.0201470889151096,-0.0123724620789289,-0.0069839092902839,-0.0311488099396228,-0.0201380420476198,-0.0253283400088548,0.0137755619361996,-0.003314911853522,-0.0093667088076472,-0.0004247699689585,0.0163803547620773,0.0149176139384508,-0.0190863478928804,-0.0264847744256258,-0.0049868430942296,-0.0025537996552884,0.0105159804224968,-0.03572728484869,0.0079708956182003,0.0300220418721437,-0.0137070342898368,-0.0052942829206585,0.0051670540124177,-0.0079602906480431,0.0272624194622039,-0.0029951247852295,-0.0388997348461772,-0.0171567771472183,-0.0471191537526336,-0.0145223429687835,-0.0548095816088117,-0.0264020899133538,-0.0475666859282895,-0.0026721875677573,-0.0622151495249251,0.0827692406645677,-0.0817870802890105,0.0107504631977708,2019-03-01,2019-03-04,2019-03-05,2019-03-06,2019-03-07,2019-03-08,2019-03-11,2019-03-12,2019-03-13,2019-03-14,77447.0,2019-02-28,252.0,-0.2314%,-0.0001,0.8574,0.7597,-0.4931,1.6000%,1.9916%,35.4566%,-0.001167,ICUI,77447.0,2019-03-01,252.0,2.7262%,-0.0001,0.8611,0.7652,-0.4952,1.6036%,1.9974%,35.5473%,0.016824,ICUI,77447.0,2019-03-04,252.0,-6.4406%,-0.0002,0.8523,0.8437,-0.5042,1.6270%,2.0265%,35.5402%,-0.055026,ICUI,77447.0,2019-03-05,252.0,-0.8552%,-0.0005,0.8381,0.7298,-0.5123,1.5709%,1.9559%,35.4910%,-0.005788,ICUI,77447.0,2019-03-06,252.0,-1.3835%,-0.0005,0.8287,0.7308,-0.5228,1.5680%,1.9538%,35.5947%,0.002515,ICUI,77447.0,2019-03-07,252.0,0.5846%,-0.0005,0.8231,0.7266,-0.5315,1.5697%,1.9536%,35.4349%,0.011337,ICUI,77447.0,2019-03-08,252.0,0.4477%,-0.0005,0.824,0.6996,-0.5286,1.5625%,1.9430%,35.3311%,0.004931,ICUI,77447.0,2019-03-11,252.0,1.1743%,-0.0005,0.8213,0.6951,-0.5298,1.5628%,1.9444%,35.4025%,-0.005892,ICUI,77447.0,2019-03-12,252.0,1.2666%,-0.0005,0.813,0.6912,-0.5409,1.5632%,1.9414%,35.1631%,0.0120449999999999,ICUI,77447.0,2019-03-13,252.0,-1.7234%,-0.0006,0.8063,0.7056,-0.5448,1.5674%,1.9441%,35.0019%,-0.020208,ICUI,77447.0,2019-03-14,252.0,-0.3703%,-0.0005,0.8025,0.7066,-0.5453,1.5648%,1.9403%,34.9582%,0.00154,ICUI,0.0156569999999999,-0.039369,-0.045157,-0.031305,-0.038889
15579,I C U MEDICAL INC,"ICU Medical Q4 EPS $2.07 Beats $1.80 Estimate, Sales $340.378M Beat $315.77M Estimate",6,increase,0.85,0.7,"the company's earnings per share and sales both exceeded analyst estimates, which typically signals strong performance and can lead to a positive reaction in the stock price.",2,2019-02-28,ICUI,2019-02-28 22:28:00+00:00,77447.0,44930G10,-0.0023139987606555,174474.0,0.0272624194622039,-0.0029951247852295,-0.0644062831997871,-0.0142041957005858,-0.0085520930588245,0.0026804215740412,-0.0138354701921343,-0.0119767524302005,0.0058456342667341,-7.900483615230769e-05,0.0044771991670131,0.0007514720782637,0.0117430482059717,-0.0018161380430683,0.0126656927168369,0.0137688219547271,-0.0172341465950012,-0.0011594312964007,-0.0037030524108558,0.0127130625769496,-0.0052121211774647,-0.0137757426127791,0.026755403727293,0.0151189481839537,0.003387977136299,-0.0060832910239696,-0.0118387443944811,-0.0139826973900198,-0.0032061159145087,-0.0012299049412831,-0.0297092106193304,0.0117207812145352,0.0099446009844541,0.0094408504664897,0.0194774102419614,-0.0080385850742459,-0.0051681827753782,0.0354155823588371,0.0103900637477636,-0.0029460859950631,0.0086395945399999,0.0041666668839752,-0.0092759002000093,-0.0131173254922032,-0.0029522033873945,0.0119003057479858,-0.0040607703849673,0.0138795506209135,-0.0104055935516953,-0.007619556505233,-0.0029613838996738,0.0032340891193598,0.0050363661721348,0.0196573715656995,-0.0108788479119539,0.0102539481595158,-0.007317928597331,0.0003029833023902,0.0053217066451907,0.015648340806365,0.0148392338305711,-0.0092326244339346,0.0034204244147986,-0.0127268321812152,-0.0005965289892628,-0.0315622985363006,-0.0393519327044487,0.0277302768081426,-0.0156666692346334,0.0422371253371238,0.0175842437893152,-0.018001053482294,-0.0026585408486425,0.032701663672924,0.012395080178976,-0.0209025349467992,-0.0096542574465274,-0.016635488718748,-0.0005759908817708,0.0200338028371334,0.0019507977413013,0.0108211953192949,0.0066816871985793,-0.0008972093928605,-0.0087472768500447,0.0458874814212322,0.024566575884819,-0.0109976567327976,0.0001730936346575,-0.0166103839874267,0.0263533536344766,0.003204527311027,-0.015178307890892,-0.0187763571739196,0.007235218770802,0.0178309883922338,-0.0201470889151096,-0.0123724620789289,-0.0069839092902839,-0.0311488099396228,-0.0201380420476198,-0.0253283400088548,0.0137755619361996,-0.003314911853522,-0.0093667088076472,-0.0004247699689585,0.0163803547620773,0.0149176139384508,-0.0190863478928804,-0.0264847744256258,-0.0049868430942296,-0.0025537996552884,0.0105159804224968,-0.03572728484869,0.0079708956182003,0.0300220418721437,-0.0137070342898368,-0.0052942829206585,0.0051670540124177,-0.0079602906480431,0.0272624194622039,-0.0029951247852295,-0.0388997348461772,-0.0171567771472183,-0.0471191537526336,-0.0145223429687835,-0.0548095816088117,-0.0264020899133538,-0.0475666859282895,-0.0026721875677573,-0.0622151495249251,0.0827692406645677,-0.0817870802890105,0.0107504631977708,2019-03-01,2019-03-04,2019-03-05,2019-03-06,2019-03-07,2019-03-08,2019-03-11,2019-03-12,2019-03-13,2019-03-14,77447.0,2019-02-28,252.0,-0.2314%,-0.0001,0.8574,0.7597,-0.4931,1.6000%,1.9916%,35.4566%,-0.001167,ICUI,77447.0,2019-03-01,252.0,2.7262%,-0.0001,0.8611,0.7652,-0.4952,1.6036%,1.9974%,35.5473%,0.016824,ICUI,77447.0,2019-03-04,252.0,-6.4406%,-0.0002,0.8523,0.8437,-0.5042,1.6270%,2.0265%,35.5402%,-0.055026,ICUI,77447.0,2019-03-05,252.0,-0.8552%,-0.0005,0.8381,0.7298,-0.5123,1.5709%,1.9559%,35.4910%,-0.005788,ICUI,77447.0,2019-03-06,252.0,-1.3835%,-0.0005,0.8287,0.7308,-0.5228,1.5680%,1.9538%,35.5947%,0.002515,ICUI,77447.0,2019-03-07,252.0,0.5846%,-0.0005,0.8231,0.7266,-0.5315,1.5697%,1.9536%,35.4349%,0.011337,ICUI,77447.0,2019-03-08,252.0,0.4477%,-0.0005,0.824,0.6996,-0.5286,1.5625%,1.9430%,35.3311%,0.004931,ICUI,77447.0,2019-03-11,252.0,1.1743%,-0.0005,0.8213,0.6951,-0.5298,1.5628%,1.9444%,35.4025%,-0.005892,ICUI,77447.0,2019-03-12,252.0,1.2666%,-0.0005,0.813,0.6912,-0.5409,1.5632%,1.9414%,35.1631%,0.0120449999999999,ICUI,77447.0,2019-03-13,252.0,-1.7234%,-0.0006,0.8063,0.7056,-0.5448,1.5674%,1.9441%,35.0019%,-0.020208,ICUI,77447.0,2019-03-14,252.0,-0.3703%,-0.0005,0.8025,0.7066,-0.5453,1.5648%,1.9403%,34.9582%,0.00154,ICUI,0.0156569999999999,-0.039369,-0.045157,-0.031305,-0.038889
15587,ICAHN ENTERPRISES L P,"CORRECTION: Icahn Enterprises Earlier Raised Quarterly Dividend From $1.75 To $1.25; An Earlier Headline Had Indicated Co. Raised Dividend From $1.25 To $2.00, This Was Incorrect",6,decrease,0.8,0.6,"the correction indicates a reduction in the dividend payout, which is likely to negatively impact investor sentiment and decrease the stock price.",0,2019-02-28,IEP,2019-02-28 21:37:00+00:00,75113.0,45110010,0.0318055674433708,209169.0,0.0297482702881097,0.0228725764900445,0.0111110908910632,-0.005369468126446,-0.0241757612675428,0.0108555136248469,-0.021595187485218,0.0002858161460608,0.000812527956441,-0.0167182143777608,-0.023812772706151,0.0080725066363811,0.0316464900970459,0.0140744419768452,-0.0142325051128864,-0.0107970181852579,0.0037847531493753,-0.0036801435053348,0.0041894013993442,0.0150862513110041,0.0086218202486634,0.0160583723336458,0.0103405490517616,-0.0050834929570555,0.0083242440596222,0.0004359020676929,-0.0079847928136587,-0.0126254996284842,0.0065483725629746,0.0030220043845474,-0.0126050459221005,0.0368546918034553,-0.0061770342290401,-0.0106288930401206,0.0149171520024538,-0.0285387262701988,-0.005443678703159,0.023034032434225,-0.0010947157861664,0.0103765875101089,-0.0068493150174617,0.0092759244143962,0.0151723930612206,-0.0063921557739377,0.002717453520745,0.0111227696761488,-0.0139567255973815,0.004074805881828,0.0023362073116004,-0.0192420873790979,0.0035644981544464,-0.0193061660975217,-0.0034153007436543,0.0005809864378534,0.0063057811930775,0.0083479741588234,0.0001361463946523,0.0220027137547731,-0.0111686149612069,0.023908007889986,0.0157024711370468,-0.0119624603539705,-0.0032546496950089,0.0090145757421851,0.0156462788581848,-0.0010683714644983,0.0046885260380804,-0.0021323028486222,-0.0079999798908829,0.017984552308917,0.0006719814846292,0.0376447886228561,0.0068502640351653,0.0284579955041408,-0.0061365938745439,0.0034866193309426,-0.0073825912550091,0.0551856607198715,0.0124409170821309,-0.0112592708319425,0.0008013564511202,0.0368175134062767,0.0076070958748459,-0.0159067064523696,0.0018542965408414,0.1170779913663864,-0.0193019453436136,-0.0445198416709899,0.0124022401869297,-0.0446927957236766,0.0178429298102855,-0.0275148898363113,-0.0092883184552192,-0.042296078056097,-0.0010564086260274,-0.0015082343015819,0.0019828358199447,-0.0336842387914657,-0.0060686897486448,-0.0497076511383056,-0.0580855570733547,-0.0197616163641214,0.0437173806130886,0.0277519524097442,-0.0055478713475167,-0.0055504254996776,0.0052999290637671,-0.013536112383008,-0.0019422778859734,-0.0173367746174335,0.000694959948305,0.0029981199186295,0.0052785789594054,-0.0303779635578393,-0.0167196225374937,0.0288619752973318,-0.0163013432174921,0.0109608611091971,0.0035714285913854,-0.0142325162887573,0.0297482702881097,0.0228725764900445,0.0411898969141961,0.0173802947931656,0.016018338532221,0.0284244804449436,-0.0051150524349216,0.0115200856737336,-0.0044396137551541,0.0344827820526427,0.0051130431100157,0.1034482806520113,-0.0008991310466369,0.0730253700822847,2019-03-01,2019-03-04,2019-03-05,2019-03-06,2019-03-07,2019-03-08,2019-03-11,2019-03-12,2019-03-13,2019-03-14,75113.0,2019-02-28,252.0,3.1806%,0.0015,1.0398,0.8092,0.0787,1.7318%,2.0917%,31.4483%,0.035026,IEP,75113.0,2019-03-01,252.0,2.9748%,0.0016,1.0361,0.8037,0.0643,1.7340%,2.0916%,31.2727%,0.0201399999999999,IEP,75113.0,2019-03-04,252.0,1.1111%,0.0015,1.051,0.7379,0.0641,1.7219%,2.0827%,31.6444%,0.019372,IEP,75113.0,2019-03-05,252.0,-2.4176%,0.0014,1.0563,0.7647,0.0758,1.7266%,2.0886%,31.6588%,-0.020038,IEP,75113.0,2019-03-06,252.0,-2.1595%,0.0012,1.0345,0.7946,0.0553,1.7039%,2.0673%,32.0704%,-0.0032069999999999,IEP,75113.0,2019-03-07,252.0,0.0813%,0.0012,1.0272,0.7758,0.0402,1.7026%,2.0624%,31.8479%,0.009944,IEP,75113.0,2019-03-08,252.0,-2.3813%,0.0011,1.0305,0.7743,0.0454,1.7088%,2.0679%,31.7161%,-0.021962,IEP,75113.0,2019-03-11,252.0,3.1646%,0.0012,1.0369,0.7792,0.0449,1.7106%,2.0768%,32.1546%,0.013651,IEP,75113.0,2019-03-12,252.0,-1.4233%,0.0012,1.0569,0.7821,0.069,1.7062%,2.0783%,32.6035%,-0.014697,IEP,75113.0,2019-03-13,252.0,0.3785%,0.0013,1.0556,0.7966,0.071,1.7026%,2.0762%,32.7519%,-0.001044,IEP,75113.0,2019-03-14,252.0,0.4189%,0.0013,1.0538,0.7942,0.0723,1.7024%,2.0743%,32.6430%,0.008208,IEP,0.055166,0.074538,0.0544999999999999,0.0612369999999999,0.0453929999999999
15595,ICAHN ENTERPRISES L P,"Icahn Enterprises shares are trading higher after the company reported higher-than-expected Q4 EPS estimates and raised its quarterly dividend, offsetting a Q4 sales miss.",6,increase,0.8,0.6,"the combination of higher-than-expected eps and a raised dividend typically signals positive financial health, which is likely to boost investor confidence and increase the stock price, despite the sales miss.",2,2019-02-28,IEP,2019-02-28 18:48:00+00:00,75113.0,45110010,0.0318055674433708,209169.0,0.0297482702881097,0.0228725764900445,0.0111110908910632,-0.005369468126446,-0.0241757612675428,0.0108555136248469,-0.021595187485218,0.0002858161460608,0.000812527956441,-0.0167182143777608,-0.023812772706151,0.0080725066363811,0.0316464900970459,0.0140744419768452,-0.0142325051128864,-0.0107970181852579,0.0037847531493753,-0.0036801435053348,0.0041894013993442,0.0150862513110041,0.0086218202486634,0.0160583723336458,0.0103405490517616,-0.0050834929570555,0.0083242440596222,0.0004359020676929,-0.0079847928136587,-0.0126254996284842,0.0065483725629746,0.0030220043845474,-0.0126050459221005,0.0368546918034553,-0.0061770342290401,-0.0106288930401206,0.0149171520024538,-0.0285387262701988,-0.005443678703159,0.023034032434225,-0.0010947157861664,0.0103765875101089,-0.0068493150174617,0.0092759244143962,0.0151723930612206,-0.0063921557739377,0.002717453520745,0.0111227696761488,-0.0139567255973815,0.004074805881828,0.0023362073116004,-0.0192420873790979,0.0035644981544464,-0.0193061660975217,-0.0034153007436543,0.0005809864378534,0.0063057811930775,0.0083479741588234,0.0001361463946523,0.0220027137547731,-0.0111686149612069,0.023908007889986,0.0157024711370468,-0.0119624603539705,-0.0032546496950089,0.0090145757421851,0.0156462788581848,-0.0010683714644983,0.0046885260380804,-0.0021323028486222,-0.0079999798908829,0.017984552308917,0.0006719814846292,0.0376447886228561,0.0068502640351653,0.0284579955041408,-0.0061365938745439,0.0034866193309426,-0.0073825912550091,0.0551856607198715,0.0124409170821309,-0.0112592708319425,0.0008013564511202,0.0368175134062767,0.0076070958748459,-0.0159067064523696,0.0018542965408414,0.1170779913663864,-0.0193019453436136,-0.0445198416709899,0.0124022401869297,-0.0446927957236766,0.0178429298102855,-0.0275148898363113,-0.0092883184552192,-0.042296078056097,-0.0010564086260274,-0.0015082343015819,0.0019828358199447,-0.0336842387914657,-0.0060686897486448,-0.0497076511383056,-0.0580855570733547,-0.0197616163641214,0.0437173806130886,0.0277519524097442,-0.0055478713475167,-0.0055504254996776,0.0052999290637671,-0.013536112383008,-0.0019422778859734,-0.0173367746174335,0.000694959948305,0.0029981199186295,0.0052785789594054,-0.0303779635578393,-0.0167196225374937,0.0288619752973318,-0.0163013432174921,0.0109608611091971,0.0035714285913854,-0.0142325162887573,0.0297482702881097,0.0228725764900445,0.0411898969141961,0.0173802947931656,0.016018338532221,0.0284244804449436,-0.0051150524349216,0.0115200856737336,-0.0044396137551541,0.0344827820526427,0.0051130431100157,0.1034482806520113,-0.0008991310466369,0.0730253700822847,2019-03-01,2019-03-04,2019-03-05,2019-03-06,2019-03-07,2019-03-08,2019-03-11,2019-03-12,2019-03-13,2019-03-14,75113.0,2019-02-28,252.0,3.1806%,0.0015,1.0398,0.8092,0.0787,1.7318%,2.0917%,31.4483%,0.035026,IEP,75113.0,2019-03-01,252.0,2.9748%,0.0016,1.0361,0.8037,0.0643,1.7340%,2.0916%,31.2727%,0.0201399999999999,IEP,75113.0,2019-03-04,252.0,1.1111%,0.0015,1.051,0.7379,0.0641,1.7219%,2.0827%,31.6444%,0.019372,IEP,75113.0,2019-03-05,252.0,-2.4176%,0.0014,1.0563,0.7647,0.0758,1.7266%,2.0886%,31.6588%,-0.020038,IEP,75113.0,2019-03-06,252.0,-2.1595%,0.0012,1.0345,0.7946,0.0553,1.7039%,2.0673%,32.0704%,-0.0032069999999999,IEP,75113.0,2019-03-07,252.0,0.0813%,0.0012,1.0272,0.7758,0.0402,1.7026%,2.0624%,31.8479%,0.009944,IEP,75113.0,2019-03-08,252.0,-2.3813%,0.0011,1.0305,0.7743,0.0454,1.7088%,2.0679%,31.7161%,-0.021962,IEP,75113.0,2019-03-11,252.0,3.1646%,0.0012,1.0369,0.7792,0.0449,1.7106%,2.0768%,32.1546%,0.013651,IEP,75113.0,2019-03-12,252.0,-1.4233%,0.0012,1.0569,0.7821,0.069,1.7062%,2.0783%,32.6035%,-0.014697,IEP,75113.0,2019-03-13,252.0,0.3785%,0.0013,1.0556,0.7966,0.071,1.7026%,2.0762%,32.7519%,-0.001044,IEP,75113.0,2019-03-14,252.0,0.4189%,0.0013,1.0538,0.7942,0.0723,1.7024%,2.0743%,32.6430%,0.008208,IEP,0.055166,0.074538,0.0544999999999999,0.0612369999999999,0.0453929999999999
15603,ICAHN ENTERPRISES L P,Icahn Enterprises Earlier Announced It Raised Quarterly Dividend From $1.75 To $2.00/Share,6,increase,0.8,0.6,"raising the quarterly dividend typically signals financial strength and can attract more investors, likely leading to an increase in stock price.",2,2019-02-28,IEP,2019-02-28 14:28:00+00:00,75113.0,45110010,0.0318055674433708,209169.0,0.0297482702881097,0.0228725764900445,0.0111110908910632,-0.005369468126446,-0.0241757612675428,0.0108555136248469,-0.021595187485218,0.0002858161460608,0.000812527956441,-0.0167182143777608,-0.023812772706151,0.0080725066363811,0.0316464900970459,0.0140744419768452,-0.0142325051128864,-0.0107970181852579,0.0037847531493753,-0.0036801435053348,0.0041894013993442,0.0150862513110041,0.0086218202486634,0.0160583723336458,0.0103405490517616,-0.0050834929570555,0.0083242440596222,0.0004359020676929,-0.0079847928136587,-0.0126254996284842,0.0065483725629746,0.0030220043845474,-0.0126050459221005,0.0368546918034553,-0.0061770342290401,-0.0106288930401206,0.0149171520024538,-0.0285387262701988,-0.005443678703159,0.023034032434225,-0.0010947157861664,0.0103765875101089,-0.0068493150174617,0.0092759244143962,0.0151723930612206,-0.0063921557739377,0.002717453520745,0.0111227696761488,-0.0139567255973815,0.004074805881828,0.0023362073116004,-0.0192420873790979,0.0035644981544464,-0.0193061660975217,-0.0034153007436543,0.0005809864378534,0.0063057811930775,0.0083479741588234,0.0001361463946523,0.0220027137547731,-0.0111686149612069,0.023908007889986,0.0157024711370468,-0.0119624603539705,-0.0032546496950089,0.0090145757421851,0.0156462788581848,-0.0010683714644983,0.0046885260380804,-0.0021323028486222,-0.0079999798908829,0.017984552308917,0.0006719814846292,0.0376447886228561,0.0068502640351653,0.0284579955041408,-0.0061365938745439,0.0034866193309426,-0.0073825912550091,0.0551856607198715,0.0124409170821309,-0.0112592708319425,0.0008013564511202,0.0368175134062767,0.0076070958748459,-0.0159067064523696,0.0018542965408414,0.1170779913663864,-0.0193019453436136,-0.0445198416709899,0.0124022401869297,-0.0446927957236766,0.0178429298102855,-0.0275148898363113,-0.0092883184552192,-0.042296078056097,-0.0010564086260274,-0.0015082343015819,0.0019828358199447,-0.0336842387914657,-0.0060686897486448,-0.0497076511383056,-0.0580855570733547,-0.0197616163641214,0.0437173806130886,0.0277519524097442,-0.0055478713475167,-0.0055504254996776,0.0052999290637671,-0.013536112383008,-0.0019422778859734,-0.0173367746174335,0.000694959948305,0.0029981199186295,0.0052785789594054,-0.0303779635578393,-0.0167196225374937,0.0288619752973318,-0.0163013432174921,0.0109608611091971,0.0035714285913854,-0.0142325162887573,0.0297482702881097,0.0228725764900445,0.0411898969141961,0.0173802947931656,0.016018338532221,0.0284244804449436,-0.0051150524349216,0.0115200856737336,-0.0044396137551541,0.0344827820526427,0.0051130431100157,0.1034482806520113,-0.0008991310466369,0.0730253700822847,2019-03-01,2019-03-04,2019-03-05,2019-03-06,2019-03-07,2019-03-08,2019-03-11,2019-03-12,2019-03-13,2019-03-14,75113.0,2019-02-28,252.0,3.1806%,0.0015,1.0398,0.8092,0.0787,1.7318%,2.0917%,31.4483%,0.035026,IEP,75113.0,2019-03-01,252.0,2.9748%,0.0016,1.0361,0.8037,0.0643,1.7340%,2.0916%,31.2727%,0.0201399999999999,IEP,75113.0,2019-03-04,252.0,1.1111%,0.0015,1.051,0.7379,0.0641,1.7219%,2.0827%,31.6444%,0.019372,IEP,75113.0,2019-03-05,252.0,-2.4176%,0.0014,1.0563,0.7647,0.0758,1.7266%,2.0886%,31.6588%,-0.020038,IEP,75113.0,2019-03-06,252.0,-2.1595%,0.0012,1.0345,0.7946,0.0553,1.7039%,2.0673%,32.0704%,-0.0032069999999999,IEP,75113.0,2019-03-07,252.0,0.0813%,0.0012,1.0272,0.7758,0.0402,1.7026%,2.0624%,31.8479%,0.009944,IEP,75113.0,2019-03-08,252.0,-2.3813%,0.0011,1.0305,0.7743,0.0454,1.7088%,2.0679%,31.7161%,-0.021962,IEP,75113.0,2019-03-11,252.0,3.1646%,0.0012,1.0369,0.7792,0.0449,1.7106%,2.0768%,32.1546%,0.013651,IEP,75113.0,2019-03-12,252.0,-1.4233%,0.0012,1.0569,0.7821,0.069,1.7062%,2.0783%,32.6035%,-0.014697,IEP,75113.0,2019-03-13,252.0,0.3785%,0.0013,1.0556,0.7966,0.071,1.7026%,2.0762%,32.7519%,-0.001044,IEP,75113.0,2019-03-14,252.0,0.4189%,0.0013,1.0538,0.7942,0.0723,1.7024%,2.0743%,32.6430%,0.008208,IEP,0.055166,0.074538,0.0544999999999999,0.0612369999999999,0.0453929999999999
15611,ICAHN ENTERPRISES L P,"Icahn Enterprises Earlier Reported Q4 EPS $8.03 Beats $5.83 Estimate, Sales $2.802B Miss $3.39B Estimate",6,uncertain,0.6,0.3,"while the earnings per share (eps) beat estimates, the significant miss in sales could lead to mixed investor reactions, making the overall impact on the stock price uncertain.",1,2019-02-28,IEP,2019-02-28 14:26:00+00:00,75113.0,45110010,0.0318055674433708,209169.0,0.0297482702881097,0.0228725764900445,0.0111110908910632,-0.005369468126446,-0.0241757612675428,0.0108555136248469,-0.021595187485218,0.0002858161460608,0.000812527956441,-0.0167182143777608,-0.023812772706151,0.0080725066363811,0.0316464900970459,0.0140744419768452,-0.0142325051128864,-0.0107970181852579,0.0037847531493753,-0.0036801435053348,0.0041894013993442,0.0150862513110041,0.0086218202486634,0.0160583723336458,0.0103405490517616,-0.0050834929570555,0.0083242440596222,0.0004359020676929,-0.0079847928136587,-0.0126254996284842,0.0065483725629746,0.0030220043845474,-0.0126050459221005,0.0368546918034553,-0.0061770342290401,-0.0106288930401206,0.0149171520024538,-0.0285387262701988,-0.005443678703159,0.023034032434225,-0.0010947157861664,0.0103765875101089,-0.0068493150174617,0.0092759244143962,0.0151723930612206,-0.0063921557739377,0.002717453520745,0.0111227696761488,-0.0139567255973815,0.004074805881828,0.0023362073116004,-0.0192420873790979,0.0035644981544464,-0.0193061660975217,-0.0034153007436543,0.0005809864378534,0.0063057811930775,0.0083479741588234,0.0001361463946523,0.0220027137547731,-0.0111686149612069,0.023908007889986,0.0157024711370468,-0.0119624603539705,-0.0032546496950089,0.0090145757421851,0.0156462788581848,-0.0010683714644983,0.0046885260380804,-0.0021323028486222,-0.0079999798908829,0.017984552308917,0.0006719814846292,0.0376447886228561,0.0068502640351653,0.0284579955041408,-0.0061365938745439,0.0034866193309426,-0.0073825912550091,0.0551856607198715,0.0124409170821309,-0.0112592708319425,0.0008013564511202,0.0368175134062767,0.0076070958748459,-0.0159067064523696,0.0018542965408414,0.1170779913663864,-0.0193019453436136,-0.0445198416709899,0.0124022401869297,-0.0446927957236766,0.0178429298102855,-0.0275148898363113,-0.0092883184552192,-0.042296078056097,-0.0010564086260274,-0.0015082343015819,0.0019828358199447,-0.0336842387914657,-0.0060686897486448,-0.0497076511383056,-0.0580855570733547,-0.0197616163641214,0.0437173806130886,0.0277519524097442,-0.0055478713475167,-0.0055504254996776,0.0052999290637671,-0.013536112383008,-0.0019422778859734,-0.0173367746174335,0.000694959948305,0.0029981199186295,0.0052785789594054,-0.0303779635578393,-0.0167196225374937,0.0288619752973318,-0.0163013432174921,0.0109608611091971,0.0035714285913854,-0.0142325162887573,0.0297482702881097,0.0228725764900445,0.0411898969141961,0.0173802947931656,0.016018338532221,0.0284244804449436,-0.0051150524349216,0.0115200856737336,-0.0044396137551541,0.0344827820526427,0.0051130431100157,0.1034482806520113,-0.0008991310466369,0.0730253700822847,2019-03-01,2019-03-04,2019-03-05,2019-03-06,2019-03-07,2019-03-08,2019-03-11,2019-03-12,2019-03-13,2019-03-14,75113.0,2019-02-28,252.0,3.1806%,0.0015,1.0398,0.8092,0.0787,1.7318%,2.0917%,31.4483%,0.035026,IEP,75113.0,2019-03-01,252.0,2.9748%,0.0016,1.0361,0.8037,0.0643,1.7340%,2.0916%,31.2727%,0.0201399999999999,IEP,75113.0,2019-03-04,252.0,1.1111%,0.0015,1.051,0.7379,0.0641,1.7219%,2.0827%,31.6444%,0.019372,IEP,75113.0,2019-03-05,252.0,-2.4176%,0.0014,1.0563,0.7647,0.0758,1.7266%,2.0886%,31.6588%,-0.020038,IEP,75113.0,2019-03-06,252.0,-2.1595%,0.0012,1.0345,0.7946,0.0553,1.7039%,2.0673%,32.0704%,-0.0032069999999999,IEP,75113.0,2019-03-07,252.0,0.0813%,0.0012,1.0272,0.7758,0.0402,1.7026%,2.0624%,31.8479%,0.009944,IEP,75113.0,2019-03-08,252.0,-2.3813%,0.0011,1.0305,0.7743,0.0454,1.7088%,2.0679%,31.7161%,-0.021962,IEP,75113.0,2019-03-11,252.0,3.1646%,0.0012,1.0369,0.7792,0.0449,1.7106%,2.0768%,32.1546%,0.013651,IEP,75113.0,2019-03-12,252.0,-1.4233%,0.0012,1.0569,0.7821,0.069,1.7062%,2.0783%,32.6035%,-0.014697,IEP,75113.0,2019-03-13,252.0,0.3785%,0.0013,1.0556,0.7966,0.071,1.7026%,2.0762%,32.7519%,-0.001044,IEP,75113.0,2019-03-14,252.0,0.4189%,0.0013,1.0538,0.7942,0.0723,1.7024%,2.0743%,32.6430%,0.008208,IEP,0.055166,0.074538,0.0544999999999999,0.0612369999999999,0.0453929999999999
15619,IRIDIUM COMMUNICATIONS INC,"Iridium Communications Q4 EPS $(0.09) Beats $(0.14) Estimate, Sales $132.2M Beat $127.99M Estimate",6,increase,0.8,0.6,"the company reported better-than-expected earnings and sales, which typically boosts investor confidence and can lead to an increase in stock price.",2,2019-02-28,IRDM,2019-02-28 12:30:00+00:00,92596.0,46269C10,-0.0287408381700515,2142577.0,0.0873648971319198,0.0310442075133323,-0.0107991360127925,-0.0070060542784631,-0.018340615555644,-0.0083372071385383,-0.006672581192106,0.0112412068992853,0.0049261357635259,-0.0352462194859981,0.0066844746470451,0.0293022859841585,0.019920352846384,0.0160680599510669,0.0069444375112652,0.0281826984137296,0.024137906730175,-0.0153109906241297,-0.0079966550692915,0.0245098043233156,0.0606703571975231,0.0381679385900497,0.0440000146627426,0.011843436397612,0.0107279224321246,0.0194226168096065,0.0250190217047929,-0.0020953859202563,-0.0085059702396392,0.0111229345202446,-0.0152927953749895,0.0063965315930545,0.0106060868129134,-0.033985573798418,0.019115449860692,0.0020640308503061,-0.0566385015845298,0.0083246538415551,0.0323586724698543,0.0305629875510931,-0.0015105365309864,0.011388236656785,0.0223146807402372,-0.014430709183216,-0.0122086536139249,0.0069967256858944,-0.0014981615822762,-0.0069481115788221,0.0127531941980123,-0.0047872425056993,0.0259259548038244,-0.0461694523692131,0.0050541292876005,0.0071537755429744,-0.035919539630413,0.0465240068733692,0.0365126505494117,-0.0345895737409591,0.0007189237512648,-0.0396628268063068,-0.0057471208274364,-0.0467863790690898,-0.0137283625081181,0.0708501785993576,-0.0054944916628301,-0.0005058284732513,-0.0357274152338504,0.0180226769298315,0.0095492741093039,0.0188877563923597,0.0064320876263082,-0.0072917337529361,0.0571428723633289,0.05960264056921,-0.0572546422481536,-0.0453107878565788,0.0328177623450756,0.0287262201309204,-0.0058436761610209,-0.0133689837530255,-0.0029390126001089,0.0086299804970622,0.0117907039821147,0.0054230140522122,-0.0029133257921785,0.0885478109121322,-0.0357925333082675,-0.0128204729408025,0.0378787890076637,-0.0545454435050487,0.0003649718710221,-0.0546875558793544,-0.0335643962025642,0.0057622110471129,0.0211400333791971,-0.0067637441679835,0.0014787769177928,-0.0437811464071273,0.0036914132069796,-0.0672853291034698,-0.0776020810008049,-0.0069125122390687,-0.0083731692284345,0.0235849041491746,0.0044229472987353,0.0042633893899619,-0.0176140367984771,-0.0258421525359153,-0.0220049265772104,-0.0091449823230504,-0.0325000286102294,-0.0331564992666244,0.0271318294107914,-0.0641290545463562,-0.0234800614416599,0.0121440924704074,-0.032202661037445,0.0075948690064251,0.0035492421593517,-0.0124999685212969,0.0873648971319198,0.0310442075133323,0.0756222957122561,0.0238206558319988,0.0558947207035183,0.0152848509516132,0.0540159508928859,-0.0094893407317322,0.1070924711481227,0.0745098261075474,0.3076561338351933,0.0867625171934842,0.0624706393896432,-0.0866666690147621,2019-03-01,2019-03-04,2019-03-05,2019-03-06,2019-03-07,2019-03-08,2019-03-11,2019-03-12,2019-03-13,2019-03-14,92596.0,2019-02-28,252.0,-2.8741%,0.0024,1.3892,1.0006,-0.0297,2.4390%,2.9111%,29.8072%,-0.024883,IRDM,92596.0,2019-03-01,252.0,8.7365%,0.0026,1.4149,1.0389,-0.0232,2.4781%,2.9594%,29.8792%,0.074252,IRDM,92596.0,2019-03-04,252.0,-1.0799%,0.0025,1.4229,1.0138,-0.0257,2.4759%,2.9601%,30.0377%,0.000714,IRDM,92596.0,2019-03-05,252.0,-1.8341%,0.0027,1.4378,1.1191,-0.0094,2.4536%,2.9560%,31.1055%,-0.0129299999999999,IRDM,92596.0,2019-03-06,252.0,-0.6673%,0.0027,1.4312,1.0844,-0.0215,2.4558%,2.9560%,30.9804%,0.019419,IRDM,92596.0,2019-03-07,252.0,0.4926%,0.0028,1.4262,1.0884,-0.0271,2.4571%,2.9558%,30.8973%,0.01726,IRDM,92596.0,2019-03-08,252.0,0.6684%,0.0029,1.4245,1.102,-0.0305,2.4562%,2.9558%,30.9496%,0.009142,IRDM,92596.0,2019-03-11,252.0,1.9920%,0.0029,1.4202,1.0955,-0.0321,2.4567%,2.9577%,31.0082%,-0.00552,IRDM,92596.0,2019-03-12,252.0,0.6944%,0.0031,1.4522,1.0871,0.0011,2.4454%,2.9561%,31.5667%,0.006346,IRDM,92596.0,2019-03-13,252.0,2.4138%,0.0033,1.4554,1.1191,0.0122,2.4265%,2.9444%,32.0877%,0.017651,IRDM,92596.0,2019-03-14,252.0,-0.7997%,0.0033,1.4566,1.121,0.0112,2.4265%,2.9452%,32.1257%,-0.00208,IRDM,0.0493689999999999,0.0500829999999999,0.037153,0.073832,0.099371
15627,GARTNER INC,"LINK 2019 Wraps Up, Looks Forward To 2020",6,uncertain,0.5,0.5,"the news about link 2019 wrapping up and looking forward to 2020 does not provide specific information about gartner inc's performance or outlook, making the impact on stock price unclear.",1,2019-02-28,IT,2019-02-28 14:59:00+00:00,79698.0,36665110,-0.0108438590541482,430072.0,0.0185523498803377,0.0051705250516533,-0.0073133539408445,0.0055504338815808,-0.0026411237195134,0.0002108136250171,-0.0054355314932763,0.0035260929726064,-0.0072169196791946,0.0049609988927841,-0.0031053880229592,-0.0037421362940222,0.0206017959862947,-0.0119986124336719,0.0006242808885872,0.0055415863171219,0.0047139874659478,0.007562315557152,-0.0055198222398757,0.000707306782715,0.0063136639073491,0.0054042129777371,0.0149614829570055,0.0136225987225771,-0.0006793431239202,-0.002946377499029,-0.0044864634983241,-0.0269911251962184,0.0132468584924936,0.0142552806064486,-0.0167126879096031,-0.015706805512309,0.0013021893100813,0.035492293536663,0.0132784880697727,0.0180292651057243,0.003039801493287,0.0147860180586576,0.0104383304715156,0.0147003289312124,0.0109304152429103,-0.0015886781038716,0.0217563509941101,0.0023507815785706,-0.0121305305510759,0.0115057146176695,0.0009144310024566,0.002769022481516,0.0020881758537143,0.0010008440585806,0.0099635245278477,0.0010790764354169,0.0094783753156661,0.0048795980401337,0.0002555476967245,7.74167783674784e-05,0.0043422263115644,0.0007752411183901,0.0073754047043621,0.0133542567491531,0.0059328605420887,-0.0140190348029136,0.0034507955424487,0.0067841163836419,-0.0073156896978616,0.0101615488529205,-0.013794326223433,-0.0117547074332833,0.004023693036288,0.0167801994830369,0.0057252491824328,-0.0001583117409609,0.0087285870686173,0.0257325936108827,6.276502244872972e-05,-0.0211362428963184,-0.0090915551409125,-0.0155663164332509,0.0053151836618781,0.0169437378644943,-0.0070494106039404,0.0012743610423058,0.0076699210330843,-0.0221961922943592,-0.0156633667647838,0.0433934368193149,0.0094581479206681,-0.0268859844654798,0.012787977233529,-0.0205251444131135,0.0094387410208582,-0.0122408848255872,-0.0390117205679416,-0.014253388158977,-0.0096011692658066,-0.0055496492423117,-0.004749484360218,-0.0416158139705658,0.0058181304484605,-0.0357612371444702,-0.025087745860219,-0.0033844832796603,0.0096000162884593,0.0069550704210996,0.0074617331847548,0.0036998169962316,0.0157304443418979,-0.0045169834047555,-0.0093566300347447,-0.027045302093029,-0.0069698235020041,-0.0135396439582109,0.0105608440935611,-0.0249724369496107,0.0061664087697863,0.0037861599121242,-0.0147731974720954,0.0002612376410979,0.0085123302415013,-0.0037080883048474,0.0185523498803377,0.0051705250516533,0.0111033160383839,0.0107496575906664,0.0084328670875164,0.0109627373899681,-0.0042867219270479,0.0195605557285603,0.0128601679232303,0.0174694200731573,0.1134223414794453,0.1300863884714489,0.0823612188865288,-0.0641426018165689,2019-03-01,2019-03-04,2019-03-05,2019-03-06,2019-03-07,2019-03-08,2019-03-11,2019-03-12,2019-03-13,2019-03-14,79698.0,2019-02-28,252.0,-1.0844%,0.0006,0.872,0.0512,-0.1919,1.0330%,1.4181%,46.9419%,-0.008728,IT,79698.0,2019-03-01,252.0,1.8552%,0.0007,0.8662,0.0426,-0.2057,1.0318%,1.4152%,46.8483%,0.011268,IT,79698.0,2019-03-04,252.0,-0.7313%,0.0007,0.8723,0.0248,-0.2079,1.0289%,1.4161%,47.2089%,-0.001926,IT,79698.0,2019-03-05,252.0,-0.2641%,0.0006,0.8688,-0.0041,-0.2095,1.0231%,1.4079%,47.1902%,-0.00167,IT,79698.0,2019-03-06,252.0,-0.5436%,0.0005,0.8608,-0.0001,-0.218,1.0193%,1.4013%,47.0878%,0.001805,IT,79698.0,2019-03-07,252.0,-0.7217%,0.0005,0.8591,-0.0116,-0.2236,1.0174%,1.4000%,47.1825%,-0.000968,IT,79698.0,2019-03-08,252.0,-0.3105%,0.0004,0.8604,-0.0279,-0.2206,1.0132%,1.3966%,47.3628%,-0.00168,IT,79698.0,2019-03-11,252.0,2.0602%,0.0005,0.8644,-0.0476,-0.234,1.0023%,1.3963%,48.4757%,0.006645,IT,79698.0,2019-03-12,252.0,0.0624%,0.0005,0.8608,-0.0457,-0.2374,1.0021%,1.3917%,48.1534%,-0.001947,IT,79698.0,2019-03-13,252.0,0.4714%,0.0005,0.8606,-0.0531,-0.2394,0.9999%,1.3906%,48.2976%,-0.001186,IT,79698.0,2019-03-14,252.0,-0.5520%,0.0004,0.8624,-0.0518,-0.2401,0.9992%,1.3911%,48.4050%,-0.004249,IT,0.00254,0.000614,-0.0010559999999999,-0.0002189999999999,-0.002636
15635,ITRON INC,Itron shares are trading lower after the company reported mixed Q4 earnings and issued FY19 EPS guidance below analyst estimates; JMP Securities subsequently lowered the price target from $80 to $72.,6,decrease,0.85,0.7,"the mixed q4 earnings report and lower fy19 eps guidance, along with a price target reduction by jmp securities, are likely to negatively impact investor sentiment and lead to a decrease in itron's stock price.",0,2019-02-28,ITRI,2019-02-28 17:17:00+00:00,79839.0,46574110,-0.1390287727117538,1019051.0,-0.030371569097042,0.0170135237276554,-0.0077821305021643,-0.0018136950675398,-0.0192156769335269,-0.0133398352190852,-0.0045981514267623,0.0091939149424433,-0.0088371643796563,-0.0134435016661882,-0.0072947680018842,0.0184757970273494,0.0149009907618165,0.0084844175726175,0.0082461750134825,0.0105918133631348,0.0067823687568306,-0.0021808601450175,-0.0245690830051899,0.0110244490206241,0.0050782044418156,0.0207756366580724,0.0062651853077113,0.0104968240484595,0.0050210882909595,0.0043929009698331,0.0091926278546452,-0.0223329197615385,0.0136633394286036,0.0153496814891696,-0.0574330687522888,0.0199253298342227,-0.0184455830603838,0.0208862628787756,-0.0133023876696825,0.0078711388632655,-0.0106997648254036,0.024760827422142,0.00389358215034,0.0206778068095445,0.0051713353022933,-0.0024828317109495,0.020364349707961,-0.0271274447441101,-0.0172268841415643,0.0220281016081571,0.0113296834751963,0.0126923043280839,-0.01120276004076,-0.0179414674639701,0.02778971940279,-0.0280836783349514,-0.0024958972353488,0.0177470725029707,-0.0066722207702696,-0.0061270296573638,0.0012594746658578,0.0353710129857063,-0.0023060925304889,0.0003846241743303,0.023534333333373,-0.0023023586254566,0.0024636161979287,0.0046260189265012,0.0167929474264383,0.018653068691492,0.012688766233623,0.029096757993102,-0.0031821767333894,0.0102061638608574,-0.0105745969340205,0.0101031269878149,0.0364993214607238,0.0484220013022422,0.0064201946370303,-0.0376534499228,-0.0208775959908962,0.016493946313858,0.0268508736044168,0.0055284318514168,0.0151894045993685,-0.0088514639064669,0.0162878911942243,0.0128068793565034,-0.0285128355026245,0.0502129085361957,-0.0109341964125633,-0.0375404097139835,0.0310317780822515,-0.0319549404084682,0.0058314781635999,-0.0056074857711791,0.2143257707357407,-0.0179481394588947,-0.0500539056956768,0.024232292547822,-0.010862547904253,-0.0467941500246524,-0.0231109634041786,-0.0357142947614193,-0.0441274717450141,-0.0184696484357118,-0.0078989071771502,0.0164751075208187,0.0086694592610001,0.0024966597557067,0.0306963697075843,0.0015387192834168,-0.0321647301316261,-0.0221929010003805,-0.0052751759067177,0.0166347790509462,0.0222733281552791,-0.0601977035403251,-0.0069168512709438,0.0275111086666584,-0.0163677278906106,0.001849768217653,0.0152238765731453,0.0123595474287867,-0.030371569097042,0.0170135237276554,-0.0379173440849377,0.0151689713160492,-0.0564044135843512,0.0016267845191648,-0.0690435756332998,-0.0027535148453039,-0.0713072786247681,0.0442673109467781,-0.1022448288951167,0.1840384560930359,0.0818713501287411,0.1529962159705928,2019-03-01,2019-03-04,2019-03-05,2019-03-06,2019-03-07,2019-03-08,2019-03-11,2019-03-12,2019-03-13,2019-03-14,79839.0,2019-02-28,252.0,-13.9029%,-0.0012,1.3384,0.8291,0.0134,1.6747%,2.2432%,44.2606%,-0.135385,ITRI,79839.0,2019-03-01,252.0,-3.0372%,-0.0014,1.3347,0.8236,0.0268,1.6938%,2.2499%,43.3222%,-0.042449,ITRI,79839.0,2019-03-04,252.0,-0.7782%,-0.0017,1.3675,0.7115,0.0191,1.6331%,2.2154%,45.6629%,0.002258,ITRI,79839.0,2019-03-05,252.0,-1.9216%,-0.0017,1.3727,0.7435,0.0276,1.6328%,2.2181%,45.8121%,-0.01473,ITRI,79839.0,2019-03-06,252.0,-0.4598%,-0.0015,1.3798,0.6944,0.0289,1.6276%,2.2161%,46.0576%,0.0162,ITRI,79839.0,2019-03-07,252.0,-0.8837%,-0.0015,1.3802,0.7056,0.0327,1.6266%,2.2166%,46.1535%,0.002968,ITRI,79839.0,2019-03-08,252.0,-0.7295%,-0.0015,1.3812,0.697,0.0347,1.6259%,2.2152%,46.1274%,-0.004646,ITRI,79839.0,2019-03-11,252.0,1.4901%,-0.0015,1.3781,0.6858,0.0298,1.6255%,2.2171%,46.2492%,-0.008098,ITRI,79839.0,2019-03-12,252.0,0.8246%,-0.0015,1.3746,0.6828,0.0246,1.6260%,2.2116%,45.9455%,0.0066549999999999,ITRI,79839.0,2019-03-13,252.0,0.6782%,-0.0015,1.3753,0.6752,0.0235,1.6249%,2.2110%,45.9903%,-0.00049,ITRI,79839.0,2019-03-14,252.0,-2.4569%,-0.0017,1.3791,0.6824,0.0198,1.6256%,2.2152%,46.1469%,-0.020586,ITRI,-0.177834,-0.1755759999999999,-0.1903059999999999,-0.1711379999999999,-0.1983029999999999
15643,ITRON INC,"JMP Securities Maintains Market Outperform on Itron, Lowers Price Target to $72",6,decrease,0.7,0.5,"lowering the price target typically signals a less favorable outlook, which may lead to a decrease in stock price.",0,2019-02-28,ITRI,2019-02-28 14:40:00+00:00,79839.0,46574110,-0.1390287727117538,1019051.0,-0.030371569097042,0.0170135237276554,-0.0077821305021643,-0.0018136950675398,-0.0192156769335269,-0.0133398352190852,-0.0045981514267623,0.0091939149424433,-0.0088371643796563,-0.0134435016661882,-0.0072947680018842,0.0184757970273494,0.0149009907618165,0.0084844175726175,0.0082461750134825,0.0105918133631348,0.0067823687568306,-0.0021808601450175,-0.0245690830051899,0.0110244490206241,0.0050782044418156,0.0207756366580724,0.0062651853077113,0.0104968240484595,0.0050210882909595,0.0043929009698331,0.0091926278546452,-0.0223329197615385,0.0136633394286036,0.0153496814891696,-0.0574330687522888,0.0199253298342227,-0.0184455830603838,0.0208862628787756,-0.0133023876696825,0.0078711388632655,-0.0106997648254036,0.024760827422142,0.00389358215034,0.0206778068095445,0.0051713353022933,-0.0024828317109495,0.020364349707961,-0.0271274447441101,-0.0172268841415643,0.0220281016081571,0.0113296834751963,0.0126923043280839,-0.01120276004076,-0.0179414674639701,0.02778971940279,-0.0280836783349514,-0.0024958972353488,0.0177470725029707,-0.0066722207702696,-0.0061270296573638,0.0012594746658578,0.0353710129857063,-0.0023060925304889,0.0003846241743303,0.023534333333373,-0.0023023586254566,0.0024636161979287,0.0046260189265012,0.0167929474264383,0.018653068691492,0.012688766233623,0.029096757993102,-0.0031821767333894,0.0102061638608574,-0.0105745969340205,0.0101031269878149,0.0364993214607238,0.0484220013022422,0.0064201946370303,-0.0376534499228,-0.0208775959908962,0.016493946313858,0.0268508736044168,0.0055284318514168,0.0151894045993685,-0.0088514639064669,0.0162878911942243,0.0128068793565034,-0.0285128355026245,0.0502129085361957,-0.0109341964125633,-0.0375404097139835,0.0310317780822515,-0.0319549404084682,0.0058314781635999,-0.0056074857711791,0.2143257707357407,-0.0179481394588947,-0.0500539056956768,0.024232292547822,-0.010862547904253,-0.0467941500246524,-0.0231109634041786,-0.0357142947614193,-0.0441274717450141,-0.0184696484357118,-0.0078989071771502,0.0164751075208187,0.0086694592610001,0.0024966597557067,0.0306963697075843,0.0015387192834168,-0.0321647301316261,-0.0221929010003805,-0.0052751759067177,0.0166347790509462,0.0222733281552791,-0.0601977035403251,-0.0069168512709438,0.0275111086666584,-0.0163677278906106,0.001849768217653,0.0152238765731453,0.0123595474287867,-0.030371569097042,0.0170135237276554,-0.0379173440849377,0.0151689713160492,-0.0564044135843512,0.0016267845191648,-0.0690435756332998,-0.0027535148453039,-0.0713072786247681,0.0442673109467781,-0.1022448288951167,0.1840384560930359,0.0818713501287411,0.1529962159705928,2019-03-01,2019-03-04,2019-03-05,2019-03-06,2019-03-07,2019-03-08,2019-03-11,2019-03-12,2019-03-13,2019-03-14,79839.0,2019-02-28,252.0,-13.9029%,-0.0012,1.3384,0.8291,0.0134,1.6747%,2.2432%,44.2606%,-0.135385,ITRI,79839.0,2019-03-01,252.0,-3.0372%,-0.0014,1.3347,0.8236,0.0268,1.6938%,2.2499%,43.3222%,-0.042449,ITRI,79839.0,2019-03-04,252.0,-0.7782%,-0.0017,1.3675,0.7115,0.0191,1.6331%,2.2154%,45.6629%,0.002258,ITRI,79839.0,2019-03-05,252.0,-1.9216%,-0.0017,1.3727,0.7435,0.0276,1.6328%,2.2181%,45.8121%,-0.01473,ITRI,79839.0,2019-03-06,252.0,-0.4598%,-0.0015,1.3798,0.6944,0.0289,1.6276%,2.2161%,46.0576%,0.0162,ITRI,79839.0,2019-03-07,252.0,-0.8837%,-0.0015,1.3802,0.7056,0.0327,1.6266%,2.2166%,46.1535%,0.002968,ITRI,79839.0,2019-03-08,252.0,-0.7295%,-0.0015,1.3812,0.697,0.0347,1.6259%,2.2152%,46.1274%,-0.004646,ITRI,79839.0,2019-03-11,252.0,1.4901%,-0.0015,1.3781,0.6858,0.0298,1.6255%,2.2171%,46.2492%,-0.008098,ITRI,79839.0,2019-03-12,252.0,0.8246%,-0.0015,1.3746,0.6828,0.0246,1.6260%,2.2116%,45.9455%,0.0066549999999999,ITRI,79839.0,2019-03-13,252.0,0.6782%,-0.0015,1.3753,0.6752,0.0235,1.6249%,2.2110%,45.9903%,-0.00049,ITRI,79839.0,2019-03-14,252.0,-2.4569%,-0.0017,1.3791,0.6824,0.0198,1.6256%,2.2152%,46.1469%,-0.020586,ITRI,-0.177834,-0.1755759999999999,-0.1903059999999999,-0.1711379999999999,-0.1983029999999999
15651,I T T INC,UBS Upgrades ITT to Neutral,6,increase,0.7,0.5,"an upgrade to 'neutral' from ubs suggests a more favorable outlook for itt inc, which could lead to increased investor interest and a potential rise in stock price.",2,2019-02-28,ITT,2019-02-28 13:16:00+00:00,12570.0,45073V10,-0.0089224511757493,536818.0,0.0143698379397392,-0.0052910288795828,-0.0039255768060684,0.0,-0.0047977855429053,-0.0008526472956873,-0.0132575836032629,0.04045420140028,-0.0078520458191633,-0.0049434811808168,0.0018817988457158,0.0112480111420154,0.0175994373857975,0.0023263646289706,-0.0032860364299267,0.0195219796150922,0.0026027711573988,-0.001457424252294,-0.0122879734262824,0.0106793958693742,0.0092868190258741,0.0179944317787885,0.020833346992731,0.003574090078473,0.0034013735130429,0.0068181934766471,-0.0176271349191665,-0.0224032420665025,0.0122498115524649,0.0133208082988858,-0.0439747422933578,0.0041446383111178,-0.0005348329432308,0.0047321594320237,0.0142704108729958,0.0051369946449995,0.0017586786998435,0.0074756224639713,0.0145716611295938,0.0132063794881105,0.0036338306963443,0.0058605792000889,0.0274137966334819,-0.0113943638280034,-0.0043631200678646,0.0180888343602418,0.0126411588862538,0.002760240342468,0.0028295300435274,-0.0176254082471132,0.0058091031387448,-0.029693629592657,0.0112211275845766,0.0177888348698616,-0.0174608305096626,0.0216924101114273,-0.0009964717319235,0.0092701660469174,0.0177888553589582,0.0035629514604806,0.0213981959968805,-0.0043358537368476,-0.0105549311265349,-0.0031434153206646,0.006626795977354,0.008120416663587,0.0041747293435037,0.0098000336438417,0.0009593469440005,0.0201999936252832,-0.0030351218301802,0.0032753297127783,-0.0008011414320208,0.0378159917891025,-0.0041693733073771,-0.0348575115203857,-0.0235104523599147,0.0103584006428718,0.0064313882030546,0.0246232189238071,0.0014746871311217,-0.0102940732613205,-0.0093259112909436,0.0,-0.0069363862276077,0.0510045811533927,-0.0096457982435822,-0.0353567600250244,0.0612930580973625,-0.0175769012421369,-0.0219936612993478,-0.0004183320852462,-0.0021032367367297,-0.0310092978179454,-0.0058365855365991,0.0081733046099543,-0.0091324429959058,-0.0109135191887617,0.0055957892909646,-0.0104000093415379,-0.0302782077342271,-0.0085266763344407,0.0113079855218529,0.0112292235717177,0.0068425177596509,-0.0039944229647517,0.0130945974960923,-0.010278720408678,-0.0201243385672569,-0.0280499346554279,-0.0130238570272922,-0.0092272441834211,0.0170867592096328,-0.0631448403000831,-0.0126413563266396,0.0138863921165466,-0.0235849302262067,0.0174312070012092,0.003968246281147,-0.0137531366199255,0.0143698379397392,-0.0052910288795828,0.0103878512311474,-0.0052910288795828,0.0055402270057836,-0.0061391647938046,-0.0155816786688028,0.0289547924172903,-0.0093897484514293,0.0730988286972236,0.0626451903045368,0.1536024994982181,0.0100509806257758,0.0573658922034567,2019-03-01,2019-03-04,2019-03-05,2019-03-06,2019-03-07,2019-03-08,2019-03-11,2019-03-12,2019-03-13,2019-03-14,12570.0,2019-02-28,252.0,-0.8922%,0.0006,1.3699,0.6412,0.595,1.3024%,1.8875%,52.3870%,-0.003417,ITT,12570.0,2019-03-01,252.0,1.4370%,0.0007,1.3587,0.6245,0.5756,1.2965%,1.8727%,52.0704%,0.004937,ITT,12570.0,2019-03-04,252.0,-0.3926%,0.0007,1.355,0.6344,0.5771,1.2958%,1.8697%,51.9711%,0.003303,ITT,12570.0,2019-03-05,252.0,-0.4798%,0.0007,1.3579,0.657,0.5791,1.2932%,1.8700%,52.1793%,0.000767,ITT,12570.0,2019-03-06,252.0,-1.3258%,0.0007,1.3512,0.6498,0.5707,1.2925%,1.8672%,52.0819%,0.006105,ITT,12570.0,2019-03-07,252.0,-0.7852%,0.0007,1.3458,0.6322,0.5584,1.2901%,1.8621%,52.0005%,0.005476,ITT,12570.0,2019-03-08,252.0,0.1882%,0.0007,1.345,0.6338,0.5571,1.2904%,1.8621%,51.9764%,0.0053859999999999,ITT,12570.0,2019-03-11,252.0,1.7599%,0.0007,1.3436,0.6336,0.5577,1.2905%,1.8651%,52.1277%,-0.001916,ITT,12570.0,2019-03-12,252.0,-0.3286%,0.0007,1.3401,0.6367,0.555,1.2907%,1.8577%,51.7282%,-0.004515,ITT,12570.0,2019-03-13,252.0,0.2603%,0.0007,1.3377,0.6523,0.5561,1.2866%,1.8551%,51.8983%,-0.005006,ITT,12570.0,2019-03-14,252.0,-1.2288%,0.0007,1.3342,0.6594,0.5525,1.2866%,1.8530%,51.7950%,-0.010034,ITT,0.00152,0.004823,0.00559,0.017171,0.0010859999999999
15659,J D COM INC,JD.Com shares are trading higher after the company reported better than expected Q4 EPS and revenue results.,6,increase,0.85,0.7,"better than expected q4 eps and revenue results typically lead to positive investor sentiment, which is likely to drive the stock price higher.",2,2019-02-28,JD,2019-02-28 13:41:00+00:00,14655.0,47215P10,0.0670003816485405,66566575.0,0.0368098318576812,-0.0233170688152313,0.0055690864101052,0.0152729898691177,0.01592249982059,0.0092485453933477,-0.0109028853476047,0.0692212730646133,-0.0409920960664749,-0.0166126359254121,-0.0283764693886041,0.0016234138747677,0.0210721492767334,0.0283806473016738,0.0177407581359148,-0.0152075970545411,0.0007114390027709,-0.0113775162026286,-0.0085318088531494,-0.0028362923767417,0.0014342386275529,0.0164744481444358,0.0075187641195952,0.0120884086936712,0.0060412255115807,0.000417023722548,-0.0081243216991424,-0.045002032071352,0.0242165345698595,-0.0121951010078191,-0.0264255981892347,0.0465211644768714,0.0139285493642091,-0.0138042327016592,0.0147939445450902,-0.0088531672954559,0.0121485730633139,0.008522767573595,0.0085733886808156,0.0476190000772476,0.0251615028828382,-0.0084316553547978,0.0368159413337707,0.0038087242282927,-0.0310300476849079,0.0692307129502296,0.0006602360517717,0.0059172087348997,-0.0019795270636677,0.0133763374760747,0.032727263867855,-0.0679277703166008,-0.014404572546482,0.050587210804224,0.003572546178475,-0.0085087567567825,-0.0236245803534984,0.003595502115786,0.0009943880140781,0.0095280883833765,0.0122516201809048,-0.0367132127285003,-0.0297677423804998,-0.0222222413867712,0.0084288604557514,-0.0122414901852607,-0.0020060001406818,0.0322439968585968,0.0053601288236677,0.0083480020985007,-0.0119960214942693,0.0220026839524507,0.0043845218606293,0.0943489000201225,-0.004029578063637,-0.0432534106075763,-0.0144976498559117,0.0162446312606334,-0.0034211557358503,-0.035928089171648,0.0252317413687706,0.0004607521404977,0.0135610476136207,0.0284360367804765,-0.0023125105071812,0.0683544501662254,-0.0069536748342216,-0.0630929768085479,0.0020006489939987,0.0587644428014755,-0.0449250750243663,-0.0128904422745108,-0.0547038875520229,-0.0413498468697071,-0.0088462876155972,-0.0145198814570903,0.0230569299310445,-0.036986906081438,0.0239912699908018,-0.0237780287861824,0.000354995689122,0.0374600142240524,0.0528743714094162,0.0468675047159194,0.0259521547704935,0.0195026621222496,0.0006569825927726,-0.0200668927282095,-0.0377544201910495,-0.0141309108585119,-0.0324121080338954,-0.0102564664557576,0.0243299938738346,-0.0254429560154676,-0.0282271839678287,0.036740493029356,-0.0541976206004619,0.0123986760154366,-0.0142322489991784,-0.0191767942160368,0.0368098318576812,-0.0233170688152313,0.0425839154021434,-0.0084002003019061,0.0591844576080842,0.0007706554576361,0.0046914834253224,0.0522690017088973,0.0064958587855807,0.0522690011897448,0.0898593195491845,0.178312072166461,-0.0501623764271471,0.2146866281426034,2019-03-01,2019-03-04,2019-03-05,2019-03-06,2019-03-07,2019-03-08,2019-03-11,2019-03-12,2019-03-13,2019-03-14,14655.0,2019-02-28,252.0,6.7000%,-0.0023,1.349,-0.1222,-1.0078,2.4282%,2.9946%,34.2527%,0.068741,JD,14655.0,2019-03-01,252.0,3.6810%,-0.0023,1.3642,-0.0996,-0.9961,2.4314%,3.0043%,34.5009%,0.023331,JD,14655.0,2019-03-04,252.0,0.5569%,-0.0022,1.3616,-0.1077,-0.9917,2.4341%,3.0023%,34.2688%,0.016059,JD,14655.0,2019-03-05,252.0,1.5922%,-0.0019,1.3731,-0.0074,-0.9901,2.4031%,2.9871%,35.2790%,0.0154329999999999,JD,14655.0,2019-03-06,252.0,-1.0903%,-0.0018,1.3874,-0.0264,-0.9764,2.3961%,2.9857%,35.5958%,0.000844,JD,14655.0,2019-03-07,252.0,-4.0992%,-0.0019,1.4014,-0.0193,-0.9559,2.4041%,2.9961%,35.6168%,-0.032946,JD,14655.0,2019-03-08,252.0,-2.8376%,-0.0021,1.4066,-0.0492,-0.9459,2.4033%,2.9947%,35.5941%,-0.026999,JD,14655.0,2019-03-11,252.0,2.1072%,-0.0022,1.4047,-0.0362,-0.9375,2.4014%,2.9943%,35.6824%,-0.004718,JD,14655.0,2019-03-12,252.0,1.7741%,-0.0021,1.4165,-0.0456,-0.928,2.4021%,2.9963%,35.7296%,0.013288,JD,14655.0,2019-03-13,252.0,0.0711%,-0.0021,1.4147,-0.05,-0.9309,2.4017%,2.9959%,35.7335%,-0.008414,JD,14655.0,2019-03-14,252.0,-0.8532%,-0.002,1.4078,-0.0451,-0.9334,2.3966%,2.9880%,35.6659%,-0.004619,JD,0.092072,0.108131,0.123564,0.091462,0.06
15667,J D COM INC,JD.com Sees Q1 Sales RMB118B-RMB122B,6,increase,0.7,0.6,"the projected sales figures for jd.com indicate growth, which is likely to positively influence investor sentiment and drive the stock price up.",2,2019-02-28,JD,2019-02-28 11:19:00+00:00,14655.0,47215P10,0.0670003816485405,66566575.0,0.0368098318576812,-0.0233170688152313,0.0055690864101052,0.0152729898691177,0.01592249982059,0.0092485453933477,-0.0109028853476047,0.0692212730646133,-0.0409920960664749,-0.0166126359254121,-0.0283764693886041,0.0016234138747677,0.0210721492767334,0.0283806473016738,0.0177407581359148,-0.0152075970545411,0.0007114390027709,-0.0113775162026286,-0.0085318088531494,-0.0028362923767417,0.0014342386275529,0.0164744481444358,0.0075187641195952,0.0120884086936712,0.0060412255115807,0.000417023722548,-0.0081243216991424,-0.045002032071352,0.0242165345698595,-0.0121951010078191,-0.0264255981892347,0.0465211644768714,0.0139285493642091,-0.0138042327016592,0.0147939445450902,-0.0088531672954559,0.0121485730633139,0.008522767573595,0.0085733886808156,0.0476190000772476,0.0251615028828382,-0.0084316553547978,0.0368159413337707,0.0038087242282927,-0.0310300476849079,0.0692307129502296,0.0006602360517717,0.0059172087348997,-0.0019795270636677,0.0133763374760747,0.032727263867855,-0.0679277703166008,-0.014404572546482,0.050587210804224,0.003572546178475,-0.0085087567567825,-0.0236245803534984,0.003595502115786,0.0009943880140781,0.0095280883833765,0.0122516201809048,-0.0367132127285003,-0.0297677423804998,-0.0222222413867712,0.0084288604557514,-0.0122414901852607,-0.0020060001406818,0.0322439968585968,0.0053601288236677,0.0083480020985007,-0.0119960214942693,0.0220026839524507,0.0043845218606293,0.0943489000201225,-0.004029578063637,-0.0432534106075763,-0.0144976498559117,0.0162446312606334,-0.0034211557358503,-0.035928089171648,0.0252317413687706,0.0004607521404977,0.0135610476136207,0.0284360367804765,-0.0023125105071812,0.0683544501662254,-0.0069536748342216,-0.0630929768085479,0.0020006489939987,0.0587644428014755,-0.0449250750243663,-0.0128904422745108,-0.0547038875520229,-0.0413498468697071,-0.0088462876155972,-0.0145198814570903,0.0230569299310445,-0.036986906081438,0.0239912699908018,-0.0237780287861824,0.000354995689122,0.0374600142240524,0.0528743714094162,0.0468675047159194,0.0259521547704935,0.0195026621222496,0.0006569825927726,-0.0200668927282095,-0.0377544201910495,-0.0141309108585119,-0.0324121080338954,-0.0102564664557576,0.0243299938738346,-0.0254429560154676,-0.0282271839678287,0.036740493029356,-0.0541976206004619,0.0123986760154366,-0.0142322489991784,-0.0191767942160368,0.0368098318576812,-0.0233170688152313,0.0425839154021434,-0.0084002003019061,0.0591844576080842,0.0007706554576361,0.0046914834253224,0.0522690017088973,0.0064958587855807,0.0522690011897448,0.0898593195491845,0.178312072166461,-0.0501623764271471,0.2146866281426034,2019-03-01,2019-03-04,2019-03-05,2019-03-06,2019-03-07,2019-03-08,2019-03-11,2019-03-12,2019-03-13,2019-03-14,14655.0,2019-02-28,252.0,6.7000%,-0.0023,1.349,-0.1222,-1.0078,2.4282%,2.9946%,34.2527%,0.068741,JD,14655.0,2019-03-01,252.0,3.6810%,-0.0023,1.3642,-0.0996,-0.9961,2.4314%,3.0043%,34.5009%,0.023331,JD,14655.0,2019-03-04,252.0,0.5569%,-0.0022,1.3616,-0.1077,-0.9917,2.4341%,3.0023%,34.2688%,0.016059,JD,14655.0,2019-03-05,252.0,1.5922%,-0.0019,1.3731,-0.0074,-0.9901,2.4031%,2.9871%,35.2790%,0.0154329999999999,JD,14655.0,2019-03-06,252.0,-1.0903%,-0.0018,1.3874,-0.0264,-0.9764,2.3961%,2.9857%,35.5958%,0.000844,JD,14655.0,2019-03-07,252.0,-4.0992%,-0.0019,1.4014,-0.0193,-0.9559,2.4041%,2.9961%,35.6168%,-0.032946,JD,14655.0,2019-03-08,252.0,-2.8376%,-0.0021,1.4066,-0.0492,-0.9459,2.4033%,2.9947%,35.5941%,-0.026999,JD,14655.0,2019-03-11,252.0,2.1072%,-0.0022,1.4047,-0.0362,-0.9375,2.4014%,2.9943%,35.6824%,-0.004718,JD,14655.0,2019-03-12,252.0,1.7741%,-0.0021,1.4165,-0.0456,-0.928,2.4021%,2.9963%,35.7296%,0.013288,JD,14655.0,2019-03-13,252.0,0.0711%,-0.0021,1.4147,-0.05,-0.9309,2.4017%,2.9959%,35.7335%,-0.008414,JD,14655.0,2019-03-14,252.0,-0.8532%,-0.002,1.4078,-0.0451,-0.9334,2.3966%,2.9880%,35.6659%,-0.004619,JD,0.092072,0.108131,0.123564,0.091462,0.06
15675,J D COM INC,"JD.com Q4 Adj. EPS $0.07 Beats $(0.03) Estimate, Sales $19.6B Beat $19.58B Estimate",6,increase,0.8,0.6,"the better-than-expected adjusted eps and sales figures suggest strong performance, which is likely to positively influence investor sentiment and increase the stock price.",2,2019-02-28,JD,2019-02-28 11:18:00+00:00,14655.0,47215P10,0.0670003816485405,66566575.0,0.0368098318576812,-0.0233170688152313,0.0055690864101052,0.0152729898691177,0.01592249982059,0.0092485453933477,-0.0109028853476047,0.0692212730646133,-0.0409920960664749,-0.0166126359254121,-0.0283764693886041,0.0016234138747677,0.0210721492767334,0.0283806473016738,0.0177407581359148,-0.0152075970545411,0.0007114390027709,-0.0113775162026286,-0.0085318088531494,-0.0028362923767417,0.0014342386275529,0.0164744481444358,0.0075187641195952,0.0120884086936712,0.0060412255115807,0.000417023722548,-0.0081243216991424,-0.045002032071352,0.0242165345698595,-0.0121951010078191,-0.0264255981892347,0.0465211644768714,0.0139285493642091,-0.0138042327016592,0.0147939445450902,-0.0088531672954559,0.0121485730633139,0.008522767573595,0.0085733886808156,0.0476190000772476,0.0251615028828382,-0.0084316553547978,0.0368159413337707,0.0038087242282927,-0.0310300476849079,0.0692307129502296,0.0006602360517717,0.0059172087348997,-0.0019795270636677,0.0133763374760747,0.032727263867855,-0.0679277703166008,-0.014404572546482,0.050587210804224,0.003572546178475,-0.0085087567567825,-0.0236245803534984,0.003595502115786,0.0009943880140781,0.0095280883833765,0.0122516201809048,-0.0367132127285003,-0.0297677423804998,-0.0222222413867712,0.0084288604557514,-0.0122414901852607,-0.0020060001406818,0.0322439968585968,0.0053601288236677,0.0083480020985007,-0.0119960214942693,0.0220026839524507,0.0043845218606293,0.0943489000201225,-0.004029578063637,-0.0432534106075763,-0.0144976498559117,0.0162446312606334,-0.0034211557358503,-0.035928089171648,0.0252317413687706,0.0004607521404977,0.0135610476136207,0.0284360367804765,-0.0023125105071812,0.0683544501662254,-0.0069536748342216,-0.0630929768085479,0.0020006489939987,0.0587644428014755,-0.0449250750243663,-0.0128904422745108,-0.0547038875520229,-0.0413498468697071,-0.0088462876155972,-0.0145198814570903,0.0230569299310445,-0.036986906081438,0.0239912699908018,-0.0237780287861824,0.000354995689122,0.0374600142240524,0.0528743714094162,0.0468675047159194,0.0259521547704935,0.0195026621222496,0.0006569825927726,-0.0200668927282095,-0.0377544201910495,-0.0141309108585119,-0.0324121080338954,-0.0102564664557576,0.0243299938738346,-0.0254429560154676,-0.0282271839678287,0.036740493029356,-0.0541976206004619,0.0123986760154366,-0.0142322489991784,-0.0191767942160368,0.0368098318576812,-0.0233170688152313,0.0425839154021434,-0.0084002003019061,0.0591844576080842,0.0007706554576361,0.0046914834253224,0.0522690017088973,0.0064958587855807,0.0522690011897448,0.0898593195491845,0.178312072166461,-0.0501623764271471,0.2146866281426034,2019-03-01,2019-03-04,2019-03-05,2019-03-06,2019-03-07,2019-03-08,2019-03-11,2019-03-12,2019-03-13,2019-03-14,14655.0,2019-02-28,252.0,6.7000%,-0.0023,1.349,-0.1222,-1.0078,2.4282%,2.9946%,34.2527%,0.068741,JD,14655.0,2019-03-01,252.0,3.6810%,-0.0023,1.3642,-0.0996,-0.9961,2.4314%,3.0043%,34.5009%,0.023331,JD,14655.0,2019-03-04,252.0,0.5569%,-0.0022,1.3616,-0.1077,-0.9917,2.4341%,3.0023%,34.2688%,0.016059,JD,14655.0,2019-03-05,252.0,1.5922%,-0.0019,1.3731,-0.0074,-0.9901,2.4031%,2.9871%,35.2790%,0.0154329999999999,JD,14655.0,2019-03-06,252.0,-1.0903%,-0.0018,1.3874,-0.0264,-0.9764,2.3961%,2.9857%,35.5958%,0.000844,JD,14655.0,2019-03-07,252.0,-4.0992%,-0.0019,1.4014,-0.0193,-0.9559,2.4041%,2.9961%,35.6168%,-0.032946,JD,14655.0,2019-03-08,252.0,-2.8376%,-0.0021,1.4066,-0.0492,-0.9459,2.4033%,2.9947%,35.5941%,-0.026999,JD,14655.0,2019-03-11,252.0,2.1072%,-0.0022,1.4047,-0.0362,-0.9375,2.4014%,2.9943%,35.6824%,-0.004718,JD,14655.0,2019-03-12,252.0,1.7741%,-0.0021,1.4165,-0.0456,-0.928,2.4021%,2.9963%,35.7296%,0.013288,JD,14655.0,2019-03-13,252.0,0.0711%,-0.0021,1.4147,-0.05,-0.9309,2.4017%,2.9959%,35.7335%,-0.008414,JD,14655.0,2019-03-14,252.0,-0.8532%,-0.002,1.4078,-0.0451,-0.9334,2.3966%,2.9880%,35.6659%,-0.004619,JD,0.092072,0.108131,0.123564,0.091462,0.06
15683,NORDSTROM INC,"Nordstrom Sees FY19 EPS $3.65-$3.90 vs $3.56 Estimate, Sales Growth 1-2% Year Over Year",6,increase,0.7,0.5,"the forecasted eps range is above the estimate, which may positively influence investor sentiment and lead to a potential increase in stock price.",2,2019-02-28,JWN,2019-02-28 21:07:00+00:00,57817.0,65566410,0.000423200574005,6315286.0,-0.010575296357274,0.0366307981312274,-0.0280033685266971,0.0174068007618188,-0.0030789396259933,0.0174841154366731,-0.0134568847715854,-0.010114649310708,0.0006708134897053,-0.0113332960754632,-0.0111731607466936,-0.0055248620919883,0.0102552585303783,0.0182268545031547,0.002255774103105,0.0123006170615553,0.0009003131999634,-0.0159156937152147,-0.0002249187236884,-0.0249180197715759,-0.016194274649024,0.0085978703573346,0.0102879954501986,-0.0024191909469664,0.0083729978650808,-0.0202542264014482,-0.0249102469533681,0.0065061640925705,0.0071345809847116,-0.0109394751489162,-0.0189670491963625,0.0174596086144447,0.0142091922461986,0.0108095705509185,0.0043637719936668,-0.0232708044350147,0.0210382342338562,0.0226971954107284,-0.0073908581398427,-0.0117595195770263,0.0013538216007873,-0.0030395830981433,0.0117170000448823,-0.0216652601957321,-0.0213809106498956,0.0077054924331605,0.0097860787063837,0.0019300911808386,0.026594553142786,-0.0093477508053183,0.0019758541602641,-0.0094697130843997,-0.0124890385195612,0.035745408385992,-0.0199689716100692,0.0193290989845991,0.0174326580017805,-0.0476089715957641,-0.0240319985896349,-0.00042302152724,-0.0006839666748419,-0.0021106435451656,-0.0132329864427447,0.0016913706203922,0.0050867334939539,-0.0403733327984809,0.0082815876230597,0.005507965106517,0.0006844348390586,0.0178571548312902,-0.0389876663684845,0.0253352914005518,-0.0087782377377152,-0.000638271914795,0.0052657066844403,-0.0101095102727413,-0.0226190648972988,0.018665499985218,0.0082825860008597,0.0121607249602675,-0.0137714352458715,-0.0130733093246817,0.0048995777033269,-0.0019251370104029,-0.016333544626832,0.0579316914081573,0.0029740459285676,-0.0029332370031625,-0.0044477465562522,-0.0392369665205478,0.00819056853652,-0.0143162002786994,-0.0307730194181203,-0.0312565118074417,0.0142240636050701,0.0136383026838302,-0.0032557242084294,-0.019543319940567,-0.010804028250277,-0.0073514520190656,-0.0449581034481525,-0.0239186156541109,0.0119681060314178,0.0230423584580421,-0.0162943210452795,0.0,-0.0133582688868045,-0.0064829760231077,0.0043325168080627,-0.02623787894845,0.0099757062271237,-0.0025580690708011,0.0104110892862081,-0.0438382253050804,-0.0924702808260917,0.0052960580214858,-0.0157204400748014,0.0108986562117934,-0.0091689247637987,-0.0400146916508674,-0.010575296357274,0.0366307981312274,-0.0382825209627993,0.0546752238978631,-0.0412435910180174,0.0731152872606926,-0.0535109735566907,0.0502221828764626,-0.051715507024014,0.0330054252204843,-0.0645128381276278,-0.0004230251454824,-0.2854806304697078,-0.1325257211391031,2019-03-01,2019-03-04,2019-03-05,2019-03-06,2019-03-07,2019-03-08,2019-03-11,2019-03-12,2019-03-13,2019-03-14,57817.0,2019-02-28,252.0,0.0423%,0.0,0.8299,0.594,0.4626,2.2298%,2.3843%,12.5369%,0.003978,JWN,57817.0,2019-03-01,252.0,-1.0575%,-0.0001,0.8377,0.6056,0.4823,2.2291%,2.3850%,12.6421%,-0.016513,JWN,57817.0,2019-03-04,252.0,-2.8003%,-0.0001,0.8347,0.6361,0.4783,2.2325%,2.3894%,12.6968%,-0.0231959999999999,JWN,57817.0,2019-03-05,252.0,-0.3079%,-0.0003,0.8238,0.5518,0.4699,2.2121%,2.3610%,12.2182%,0.00137,JWN,57817.0,2019-03-06,252.0,-1.3457%,-0.0002,0.8391,0.5375,0.4853,2.2045%,2.3587%,12.6505%,0.000137,JWN,57817.0,2019-03-07,252.0,0.0671%,-0.0002,0.8336,0.5296,0.4758,2.2051%,2.3576%,12.5135%,0.009439,JWN,57817.0,2019-03-08,252.0,-1.1173%,-0.0001,0.8328,0.5625,0.4727,2.1977%,2.3523%,12.7142%,-0.0088849999999999,JWN,57817.0,2019-03-11,252.0,1.0255%,-0.0,0.8325,0.5463,0.4636,2.1952%,2.3505%,12.7819%,-0.00181,JWN,57817.0,2019-03-12,252.0,0.2256%,0.0,0.8471,0.5423,0.4787,2.1926%,2.3505%,12.9885%,0.001985,JWN,57817.0,2019-03-13,252.0,0.0900%,0.0,0.8458,0.5471,0.4784,2.1925%,2.3505%,12.9884%,-0.003598,JWN,57817.0,2019-03-14,252.0,-0.0225%,-0.0,0.8498,0.5443,0.4798,2.1906%,2.3497%,13.0826%,0.001339,JWN,-0.012535,-0.035731,-0.0343609999999999,-0.0247849999999999,-0.0357539999999999
15691,NORDSTROM INC,"Nordstrom Q4 Adj. EPS $1.48 Beats $1.43 Estimate, Sales $4.484B Miss $4.61B Estimate",6,uncertain,0.6,0.3,"while nordstrom's adjusted eps beat estimates, the sales miss could raise concerns among investors, leading to uncertainty in the stock's reaction.",1,2019-02-28,JWN,2019-02-28 21:06:00+00:00,57817.0,65566410,0.000423200574005,6315286.0,-0.010575296357274,0.0366307981312274,-0.0280033685266971,0.0174068007618188,-0.0030789396259933,0.0174841154366731,-0.0134568847715854,-0.010114649310708,0.0006708134897053,-0.0113332960754632,-0.0111731607466936,-0.0055248620919883,0.0102552585303783,0.0182268545031547,0.002255774103105,0.0123006170615553,0.0009003131999634,-0.0159156937152147,-0.0002249187236884,-0.0249180197715759,-0.016194274649024,0.0085978703573346,0.0102879954501986,-0.0024191909469664,0.0083729978650808,-0.0202542264014482,-0.0249102469533681,0.0065061640925705,0.0071345809847116,-0.0109394751489162,-0.0189670491963625,0.0174596086144447,0.0142091922461986,0.0108095705509185,0.0043637719936668,-0.0232708044350147,0.0210382342338562,0.0226971954107284,-0.0073908581398427,-0.0117595195770263,0.0013538216007873,-0.0030395830981433,0.0117170000448823,-0.0216652601957321,-0.0213809106498956,0.0077054924331605,0.0097860787063837,0.0019300911808386,0.026594553142786,-0.0093477508053183,0.0019758541602641,-0.0094697130843997,-0.0124890385195612,0.035745408385992,-0.0199689716100692,0.0193290989845991,0.0174326580017805,-0.0476089715957641,-0.0240319985896349,-0.00042302152724,-0.0006839666748419,-0.0021106435451656,-0.0132329864427447,0.0016913706203922,0.0050867334939539,-0.0403733327984809,0.0082815876230597,0.005507965106517,0.0006844348390586,0.0178571548312902,-0.0389876663684845,0.0253352914005518,-0.0087782377377152,-0.000638271914795,0.0052657066844403,-0.0101095102727413,-0.0226190648972988,0.018665499985218,0.0082825860008597,0.0121607249602675,-0.0137714352458715,-0.0130733093246817,0.0048995777033269,-0.0019251370104029,-0.016333544626832,0.0579316914081573,0.0029740459285676,-0.0029332370031625,-0.0044477465562522,-0.0392369665205478,0.00819056853652,-0.0143162002786994,-0.0307730194181203,-0.0312565118074417,0.0142240636050701,0.0136383026838302,-0.0032557242084294,-0.019543319940567,-0.010804028250277,-0.0073514520190656,-0.0449581034481525,-0.0239186156541109,0.0119681060314178,0.0230423584580421,-0.0162943210452795,0.0,-0.0133582688868045,-0.0064829760231077,0.0043325168080627,-0.02623787894845,0.0099757062271237,-0.0025580690708011,0.0104110892862081,-0.0438382253050804,-0.0924702808260917,0.0052960580214858,-0.0157204400748014,0.0108986562117934,-0.0091689247637987,-0.0400146916508674,-0.010575296357274,0.0366307981312274,-0.0382825209627993,0.0546752238978631,-0.0412435910180174,0.0731152872606926,-0.0535109735566907,0.0502221828764626,-0.051715507024014,0.0330054252204843,-0.0645128381276278,-0.0004230251454824,-0.2854806304697078,-0.1325257211391031,2019-03-01,2019-03-04,2019-03-05,2019-03-06,2019-03-07,2019-03-08,2019-03-11,2019-03-12,2019-03-13,2019-03-14,57817.0,2019-02-28,252.0,0.0423%,0.0,0.8299,0.594,0.4626,2.2298%,2.3843%,12.5369%,0.003978,JWN,57817.0,2019-03-01,252.0,-1.0575%,-0.0001,0.8377,0.6056,0.4823,2.2291%,2.3850%,12.6421%,-0.016513,JWN,57817.0,2019-03-04,252.0,-2.8003%,-0.0001,0.8347,0.6361,0.4783,2.2325%,2.3894%,12.6968%,-0.0231959999999999,JWN,57817.0,2019-03-05,252.0,-0.3079%,-0.0003,0.8238,0.5518,0.4699,2.2121%,2.3610%,12.2182%,0.00137,JWN,57817.0,2019-03-06,252.0,-1.3457%,-0.0002,0.8391,0.5375,0.4853,2.2045%,2.3587%,12.6505%,0.000137,JWN,57817.0,2019-03-07,252.0,0.0671%,-0.0002,0.8336,0.5296,0.4758,2.2051%,2.3576%,12.5135%,0.009439,JWN,57817.0,2019-03-08,252.0,-1.1173%,-0.0001,0.8328,0.5625,0.4727,2.1977%,2.3523%,12.7142%,-0.0088849999999999,JWN,57817.0,2019-03-11,252.0,1.0255%,-0.0,0.8325,0.5463,0.4636,2.1952%,2.3505%,12.7819%,-0.00181,JWN,57817.0,2019-03-12,252.0,0.2256%,0.0,0.8471,0.5423,0.4787,2.1926%,2.3505%,12.9885%,0.001985,JWN,57817.0,2019-03-13,252.0,0.0900%,0.0,0.8458,0.5471,0.4784,2.1925%,2.3505%,12.9884%,-0.003598,JWN,57817.0,2019-03-14,252.0,-0.0225%,-0.0,0.8498,0.5443,0.4798,2.1906%,2.3497%,13.0826%,0.001339,JWN,-0.012535,-0.035731,-0.0343609999999999,-0.0247849999999999,-0.0357539999999999
15699,NORDSTROM INC,Nordstrom Option Alert: Fri $50 Calls Sweep (2) near the Ask: 562 @ $1.031 vs 90 OI; Earnings 2/28 After Close Ref=$47.26,6,increase,0.7,0.6,"the significant call option activity suggests bullish sentiment among investors ahead of the earnings report, which may indicate expectations of a price increase.",2,2019-02-28,JWN,2019-02-28 18:59:00+00:00,57817.0,65566410,0.000423200574005,6315286.0,-0.010575296357274,0.0366307981312274,-0.0280033685266971,0.0174068007618188,-0.0030789396259933,0.0174841154366731,-0.0134568847715854,-0.010114649310708,0.0006708134897053,-0.0113332960754632,-0.0111731607466936,-0.0055248620919883,0.0102552585303783,0.0182268545031547,0.002255774103105,0.0123006170615553,0.0009003131999634,-0.0159156937152147,-0.0002249187236884,-0.0249180197715759,-0.016194274649024,0.0085978703573346,0.0102879954501986,-0.0024191909469664,0.0083729978650808,-0.0202542264014482,-0.0249102469533681,0.0065061640925705,0.0071345809847116,-0.0109394751489162,-0.0189670491963625,0.0174596086144447,0.0142091922461986,0.0108095705509185,0.0043637719936668,-0.0232708044350147,0.0210382342338562,0.0226971954107284,-0.0073908581398427,-0.0117595195770263,0.0013538216007873,-0.0030395830981433,0.0117170000448823,-0.0216652601957321,-0.0213809106498956,0.0077054924331605,0.0097860787063837,0.0019300911808386,0.026594553142786,-0.0093477508053183,0.0019758541602641,-0.0094697130843997,-0.0124890385195612,0.035745408385992,-0.0199689716100692,0.0193290989845991,0.0174326580017805,-0.0476089715957641,-0.0240319985896349,-0.00042302152724,-0.0006839666748419,-0.0021106435451656,-0.0132329864427447,0.0016913706203922,0.0050867334939539,-0.0403733327984809,0.0082815876230597,0.005507965106517,0.0006844348390586,0.0178571548312902,-0.0389876663684845,0.0253352914005518,-0.0087782377377152,-0.000638271914795,0.0052657066844403,-0.0101095102727413,-0.0226190648972988,0.018665499985218,0.0082825860008597,0.0121607249602675,-0.0137714352458715,-0.0130733093246817,0.0048995777033269,-0.0019251370104029,-0.016333544626832,0.0579316914081573,0.0029740459285676,-0.0029332370031625,-0.0044477465562522,-0.0392369665205478,0.00819056853652,-0.0143162002786994,-0.0307730194181203,-0.0312565118074417,0.0142240636050701,0.0136383026838302,-0.0032557242084294,-0.019543319940567,-0.010804028250277,-0.0073514520190656,-0.0449581034481525,-0.0239186156541109,0.0119681060314178,0.0230423584580421,-0.0162943210452795,0.0,-0.0133582688868045,-0.0064829760231077,0.0043325168080627,-0.02623787894845,0.0099757062271237,-0.0025580690708011,0.0104110892862081,-0.0438382253050804,-0.0924702808260917,0.0052960580214858,-0.0157204400748014,0.0108986562117934,-0.0091689247637987,-0.0400146916508674,-0.010575296357274,0.0366307981312274,-0.0382825209627993,0.0546752238978631,-0.0412435910180174,0.0731152872606926,-0.0535109735566907,0.0502221828764626,-0.051715507024014,0.0330054252204843,-0.0645128381276278,-0.0004230251454824,-0.2854806304697078,-0.1325257211391031,2019-03-01,2019-03-04,2019-03-05,2019-03-06,2019-03-07,2019-03-08,2019-03-11,2019-03-12,2019-03-13,2019-03-14,57817.0,2019-02-28,252.0,0.0423%,0.0,0.8299,0.594,0.4626,2.2298%,2.3843%,12.5369%,0.003978,JWN,57817.0,2019-03-01,252.0,-1.0575%,-0.0001,0.8377,0.6056,0.4823,2.2291%,2.3850%,12.6421%,-0.016513,JWN,57817.0,2019-03-04,252.0,-2.8003%,-0.0001,0.8347,0.6361,0.4783,2.2325%,2.3894%,12.6968%,-0.0231959999999999,JWN,57817.0,2019-03-05,252.0,-0.3079%,-0.0003,0.8238,0.5518,0.4699,2.2121%,2.3610%,12.2182%,0.00137,JWN,57817.0,2019-03-06,252.0,-1.3457%,-0.0002,0.8391,0.5375,0.4853,2.2045%,2.3587%,12.6505%,0.000137,JWN,57817.0,2019-03-07,252.0,0.0671%,-0.0002,0.8336,0.5296,0.4758,2.2051%,2.3576%,12.5135%,0.009439,JWN,57817.0,2019-03-08,252.0,-1.1173%,-0.0001,0.8328,0.5625,0.4727,2.1977%,2.3523%,12.7142%,-0.0088849999999999,JWN,57817.0,2019-03-11,252.0,1.0255%,-0.0,0.8325,0.5463,0.4636,2.1952%,2.3505%,12.7819%,-0.00181,JWN,57817.0,2019-03-12,252.0,0.2256%,0.0,0.8471,0.5423,0.4787,2.1926%,2.3505%,12.9885%,0.001985,JWN,57817.0,2019-03-13,252.0,0.0900%,0.0,0.8458,0.5471,0.4784,2.1925%,2.3505%,12.9884%,-0.003598,JWN,57817.0,2019-03-14,252.0,-0.0225%,-0.0,0.8498,0.5443,0.4798,2.1906%,2.3497%,13.0826%,0.001339,JWN,-0.012535,-0.035731,-0.0343609999999999,-0.0247849999999999,-0.0357539999999999
15707,NORDSTROM INC,Nordstrom Q4 Earnings Preview,6,uncertain,0.5,0.5,the impact on nordstrom's stock price is uncertain as it depends on the actual earnings results and market expectations.,1,2019-02-28,JWN,2019-02-28 13:59:00+00:00,57817.0,65566410,0.000423200574005,6315286.0,-0.010575296357274,0.0366307981312274,-0.0280033685266971,0.0174068007618188,-0.0030789396259933,0.0174841154366731,-0.0134568847715854,-0.010114649310708,0.0006708134897053,-0.0113332960754632,-0.0111731607466936,-0.0055248620919883,0.0102552585303783,0.0182268545031547,0.002255774103105,0.0123006170615553,0.0009003131999634,-0.0159156937152147,-0.0002249187236884,-0.0249180197715759,-0.016194274649024,0.0085978703573346,0.0102879954501986,-0.0024191909469664,0.0083729978650808,-0.0202542264014482,-0.0249102469533681,0.0065061640925705,0.0071345809847116,-0.0109394751489162,-0.0189670491963625,0.0174596086144447,0.0142091922461986,0.0108095705509185,0.0043637719936668,-0.0232708044350147,0.0210382342338562,0.0226971954107284,-0.0073908581398427,-0.0117595195770263,0.0013538216007873,-0.0030395830981433,0.0117170000448823,-0.0216652601957321,-0.0213809106498956,0.0077054924331605,0.0097860787063837,0.0019300911808386,0.026594553142786,-0.0093477508053183,0.0019758541602641,-0.0094697130843997,-0.0124890385195612,0.035745408385992,-0.0199689716100692,0.0193290989845991,0.0174326580017805,-0.0476089715957641,-0.0240319985896349,-0.00042302152724,-0.0006839666748419,-0.0021106435451656,-0.0132329864427447,0.0016913706203922,0.0050867334939539,-0.0403733327984809,0.0082815876230597,0.005507965106517,0.0006844348390586,0.0178571548312902,-0.0389876663684845,0.0253352914005518,-0.0087782377377152,-0.000638271914795,0.0052657066844403,-0.0101095102727413,-0.0226190648972988,0.018665499985218,0.0082825860008597,0.0121607249602675,-0.0137714352458715,-0.0130733093246817,0.0048995777033269,-0.0019251370104029,-0.016333544626832,0.0579316914081573,0.0029740459285676,-0.0029332370031625,-0.0044477465562522,-0.0392369665205478,0.00819056853652,-0.0143162002786994,-0.0307730194181203,-0.0312565118074417,0.0142240636050701,0.0136383026838302,-0.0032557242084294,-0.019543319940567,-0.010804028250277,-0.0073514520190656,-0.0449581034481525,-0.0239186156541109,0.0119681060314178,0.0230423584580421,-0.0162943210452795,0.0,-0.0133582688868045,-0.0064829760231077,0.0043325168080627,-0.02623787894845,0.0099757062271237,-0.0025580690708011,0.0104110892862081,-0.0438382253050804,-0.0924702808260917,0.0052960580214858,-0.0157204400748014,0.0108986562117934,-0.0091689247637987,-0.0400146916508674,-0.010575296357274,0.0366307981312274,-0.0382825209627993,0.0546752238978631,-0.0412435910180174,0.0731152872606926,-0.0535109735566907,0.0502221828764626,-0.051715507024014,0.0330054252204843,-0.0645128381276278,-0.0004230251454824,-0.2854806304697078,-0.1325257211391031,2019-03-01,2019-03-04,2019-03-05,2019-03-06,2019-03-07,2019-03-08,2019-03-11,2019-03-12,2019-03-13,2019-03-14,57817.0,2019-02-28,252.0,0.0423%,0.0,0.8299,0.594,0.4626,2.2298%,2.3843%,12.5369%,0.003978,JWN,57817.0,2019-03-01,252.0,-1.0575%,-0.0001,0.8377,0.6056,0.4823,2.2291%,2.3850%,12.6421%,-0.016513,JWN,57817.0,2019-03-04,252.0,-2.8003%,-0.0001,0.8347,0.6361,0.4783,2.2325%,2.3894%,12.6968%,-0.0231959999999999,JWN,57817.0,2019-03-05,252.0,-0.3079%,-0.0003,0.8238,0.5518,0.4699,2.2121%,2.3610%,12.2182%,0.00137,JWN,57817.0,2019-03-06,252.0,-1.3457%,-0.0002,0.8391,0.5375,0.4853,2.2045%,2.3587%,12.6505%,0.000137,JWN,57817.0,2019-03-07,252.0,0.0671%,-0.0002,0.8336,0.5296,0.4758,2.2051%,2.3576%,12.5135%,0.009439,JWN,57817.0,2019-03-08,252.0,-1.1173%,-0.0001,0.8328,0.5625,0.4727,2.1977%,2.3523%,12.7142%,-0.0088849999999999,JWN,57817.0,2019-03-11,252.0,1.0255%,-0.0,0.8325,0.5463,0.4636,2.1952%,2.3505%,12.7819%,-0.00181,JWN,57817.0,2019-03-12,252.0,0.2256%,0.0,0.8471,0.5423,0.4787,2.1926%,2.3505%,12.9885%,0.001985,JWN,57817.0,2019-03-13,252.0,0.0900%,0.0,0.8458,0.5471,0.4784,2.1925%,2.3505%,12.9884%,-0.003598,JWN,57817.0,2019-03-14,252.0,-0.0225%,-0.0,0.8498,0.5443,0.4798,2.1906%,2.3497%,13.0826%,0.001339,JWN,-0.012535,-0.035731,-0.0343609999999999,-0.0247849999999999,-0.0357539999999999
15715,K B HOME,Evercore ISI Group Downgrades KB Home to In-Line,6,decrease,0.8,0.6,"a downgrade from a financial analyst typically signals reduced expectations for the company's performance, which can lead to a decrease in stock price.",0,2019-02-28,KBH,2019-02-28 11:53:00+00:00,70092.0,48666K10,-0.0142610166221857,2013498.0,-0.0043840589933097,-0.0030159284360706,0.0184940602630376,-0.0106564369052648,-0.0190228559076786,-0.0171764455735683,-0.0136624667793512,0.0029412438161671,0.032618474215269,0.0356831885874271,0.0147122517228126,-0.0051948414184153,0.0277185328304767,0.0122699690982699,-0.0024896042887121,0.0066166571341454,-0.0128952311351895,0.000883022439666,-0.0033712568692862,-0.0143603105098009,-0.0122621143236756,0.0693345665931701,-0.0102739622816443,0.0004655600059777,-0.0298443119972944,-0.0115048326551914,-0.0124833118170499,0.0235515777021646,0.0270880535244941,-0.0356171205639839,-0.0008791409782133,0.0142660550773143,0.0501540377736091,-0.0045808693394064,0.0087976148352026,0.0196170043200254,0.0269933398813009,0.0433722883462905,0.0004043764201924,0.0058823940344154,-0.0230395998805761,0.0184722375124692,0.0004137454961892,-0.0014954525977373,-0.0012407231843099,-0.0185910500586032,0.0099378786981105,0.0266198236495256,0.0323903635144233,0.0199794769287109,0.0170770566910505,-0.0384235866367816,-0.0160093642771244,-0.0131259337067604,-0.020634938031435,0.0043945387005805,0.0206645149737596,-0.0125361727550625,0.0115124657750129,0.0087548792362213,0.0062794289551675,-0.0288143884390592,-0.0089703407138586,0.0080952420830726,-0.005116063170135,-0.0445859655737876,0.0110759008675813,0.040719635784626,0.014084530994296,0.0057143256999552,-0.0281635615974664,0.0164569299668073,0.0293767265975475,0.053544070571661,0.0069417781196534,-0.0100958533585071,-0.0210647694766521,0.0371727272868156,0.0,-0.0093361148610711,0.0121283791959285,-0.0041322275064885,0.0015461541479453,-0.0020618045236915,-0.0098417866975069,0.0402144789695739,0.0226297285407781,-0.0074508404359221,0.0015261700609698,-0.0647087693214416,0.0015238444320857,0.009547765366733,-0.0216813068836927,-0.0030059854034334,-0.0178848784416914,0.0315244793891906,0.022565308958292,-0.0152671374380588,0.0112272901460528,-0.0090771708637475,-0.0003828571352642,-0.0129417730495333,0.0298735648393631,0.0177305154502391,-0.0037187978159636,-0.006042337976396,0.0216498654335737,-0.0269475374370813,-0.0153452707454562,-0.0082604503259062,-0.0200371388345956,0.0279720015823841,0.0090874582529068,-0.0543221347033977,-0.010131349787116,0.0028422295581549,-0.0011371789732947,-0.0037753621581941,0.0212523508816957,-0.0046970583498477,-0.0043840589933097,-0.0030159284360706,0.014028922218509,-0.0136402262902457,-0.0052608038550723,-0.0305823812593285,0.0131521753945227,0.0069625672729787,0.0368259595954685,0.006962567226711,0.1170539294012416,0.1268117279965266,0.1808964957789602,0.0881750974535275,2019-03-01,2019-03-04,2019-03-05,2019-03-06,2019-03-07,2019-03-08,2019-03-11,2019-03-12,2019-03-13,2019-03-14,70092.0,2019-02-28,252.0,-1.4261%,-0.0007,0.8559,1.0595,0.3317,2.3802%,2.5819%,15.0123%,-0.011061,KBH,70092.0,2019-03-01,252.0,-0.4384%,-0.0007,0.8438,1.0415,0.3183,2.3792%,2.5746%,14.6031%,-0.0123819999999999,KBH,70092.0,2019-03-04,252.0,1.8494%,-0.0006,0.8428,1.021,0.324,2.3849%,2.5772%,14.3720%,0.025716,KBH,70092.0,2019-03-05,252.0,-1.9023%,-0.0006,0.8467,1.0424,0.3316,2.3858%,2.5793%,14.4422%,-0.013737,KBH,70092.0,2019-03-06,252.0,-1.3662%,-0.0007,0.8387,1.0324,0.3212,2.3854%,2.5789%,14.4386%,0.006362,KBH,70092.0,2019-03-07,252.0,3.2618%,-0.0005,0.8174,1.0101,0.2865,2.3993%,2.5846%,13.8285%,0.041188,KBH,70092.0,2019-03-08,252.0,1.4712%,-0.0004,0.8144,1.0219,0.2811,2.4007%,2.5863%,13.8371%,0.016403,KBH,70092.0,2019-03-11,252.0,2.7719%,-0.0004,0.8216,1.0239,0.2786,2.4021%,2.5920%,14.1160%,0.013277,KBH,70092.0,2019-03-12,252.0,-0.2490%,-0.0004,0.8161,1.0256,0.273,2.4018%,2.5894%,13.9662%,-0.001544,KBH,70092.0,2019-03-13,252.0,-1.2895%,-0.0005,0.8115,1.0241,0.2677,2.4027%,2.5890%,13.8697%,-0.015472,KBH,70092.0,2019-03-14,252.0,-0.3371%,-0.0006,0.8157,1.0212,0.2691,2.4008%,2.5882%,13.9507%,0.000746,KBH,-0.023443,0.002273,-0.0114639999999999,0.036086,0.049496
15723,KARYOPHARM THERAPEUTICS INC,"Karyopharm Therapeutics Q4 EPS $(0.96) Down From $(0.80) YoY, Sales $206K Down From $1.534M YoY",6,decrease,0.85,0.7,"the significant decline in both eps and sales year-over-year suggests worsening financial performance, which is likely to negatively impact investor sentiment and lead to a decrease in stock price.",0,2019-02-28,KPTI,2019-02-28 12:18:00+00:00,14316.0,48576U10,-0.0613636299967765,2680151.0,0.0121064679697156,-0.0965091958642005,0.0741626694798469,-0.0375494174659252,-0.040089052170515,-0.0019724315498024,-0.0162413399666547,-0.4347825944423676,-0.023584883660078,-0.0385851711034774,0.0193236544728279,0.0174481831490993,-0.0236966609954834,-0.0043431012891232,0.0825243145227432,0.0454029068350791,-0.0089686010032892,-0.0382095463573932,-0.0045248824171721,0.0456620566546917,0.0704545304179191,0.0162413399666547,0.1273885071277618,-0.0204545799642801,0.0075329495593905,-0.0145576829090714,0.0093458304181694,-0.0088790142908692,0.0777777880430221,0.0078300507739186,-0.0652921125292778,-0.0055617564357817,0.0110294008627533,0.0502335652709007,0.0018182233907282,0.0106257554143667,0.0217785630375146,-0.010514035820961,0.0124333379790186,0.0388350300490856,0.0245614647865295,-0.0119904531165957,-0.0530821792781353,-0.0825082510709762,0.0090415393933653,0.0088790142908692,0.0125448340550065,0.0078300507739186,0.0194690506905317,-0.0240174960345029,-0.0347222723066806,-0.0709939002990722,-0.0197841972112655,0.0154479527845978,-0.0605504475533962,-0.0132113937288522,0.0410156324505806,-0.0090634590014815,-0.0075046834535896,0.0247678775340318,-0.0283554065972566,-0.0396432690322399,0.0,-0.0078662661835551,-0.0058365240693092,-0.0058650504797697,-0.0567514598369598,-0.0019512642174959,-0.0394190959632396,0.0019550791475921,0.0475161522626876,0.0168985202908515,0.0268041472882032,0.0770878195762634,-0.0240963622927665,-0.0230125784873962,-0.0123456669971346,0.020277539268136,0.0104166064411401,0.0262869410216808,0.0020619030110538,-0.0119047248736023,-0.0390946604311466,0.0076335542835295,0.0064239255152642,0.1074879691004753,0.025531992316246,0.0097560882568359,-0.0020747361704707,-0.0755355209112167,0.0207900013774633,-0.0033707567490637,-0.034623235464096,-0.0283843055367469,-0.0063290577381849,-0.0368034057319164,-0.0169851221144199,-0.0114344758912921,0.0,-0.0193680450320243,-0.0669546276330947,-0.061243962496519,0.0740740001201629,0.014563069678843,0.0323276072740554,0.0198019612580537,-0.0208768062293529,0.0089910244569182,-0.0106610218062996,-0.0176643133163452,0.1077586263418198,-0.0350379571318626,0.0175097584724426,-0.036496315151453,0.1070745587348938,0.0538461953401565,0.053540576249361,0.0878660231828689,0.0147541239857673,-0.0860420316457748,0.0121064679697155,-0.0965091958642005,0.0871669854321688,-0.1304347492453201,0.0435834914351169,-0.1321499071805205,0.0024212467069979,-0.5284029737403417,0.065375299982699,-0.497716883164682,0.2808716200770413,-0.5459235924597547,0.498789314388502,-0.5793498881663751,2019-03-01,2019-03-04,2019-03-05,2019-03-06,2019-03-07,2019-03-08,2019-03-11,2019-03-12,2019-03-13,2019-03-14,14316.0,2019-02-28,252.0,-6.1364%,-0.0041,2.1646,1.6174,0.4355,4.2069%,4.8222%,23.8912%,-0.054169,KPTI,14316.0,2019-03-01,252.0,1.2106%,-0.0042,2.1789,1.6387,0.4587,4.2041%,4.8230%,24.0157%,-0.0065169999999999,KPTI,14316.0,2019-03-04,252.0,7.4163%,-0.0041,2.1956,1.4981,0.4737,4.2286%,4.8377%,23.5974%,0.090168,KPTI,14316.0,2019-03-05,252.0,-4.0089%,-0.004,2.2084,1.5802,0.4927,4.2253%,4.8430%,23.8832%,-0.030665,KPTI,14316.0,2019-03-06,252.0,-1.6241%,-0.0041,2.1743,1.5469,0.4496,4.2193%,4.8278%,23.6210%,0.021932,KPTI,14316.0,2019-03-07,252.0,-2.3585%,-0.0041,2.1767,1.5609,0.4568,4.2186%,4.8292%,23.6881%,-0.00328,KPTI,14316.0,2019-03-08,252.0,1.9324%,-0.0039,2.1714,1.5859,0.447,4.2200%,4.8310%,23.6949%,0.024019,KPTI,14316.0,2019-03-11,252.0,-2.3697%,-0.0042,2.1415,1.5933,0.4666,4.2287%,4.8279%,23.2835%,-0.059526,KPTI,14316.0,2019-03-12,252.0,8.2524%,-0.0038,2.1535,1.552,0.4632,4.2631%,4.8554%,22.9094%,0.081915,KPTI,14316.0,2019-03-13,252.0,-0.8969%,-0.004,2.1492,1.5418,0.4561,4.2619%,4.8525%,22.8598%,-0.019107,KPTI,14316.0,2019-03-14,252.0,-0.4525%,-0.004,2.1503,1.5381,0.458,4.2621%,4.8521%,22.8417%,0.0024879999999999,KPTI,-0.060686,0.0294819999999999,-0.001183,0.0174689999999999,0.0472579999999999
15731,KRATOS DEFENSE & SECUR SOLS INC,"Kratos Defense & Security Sees Q1 Sales $147M-$157M vs $169.75M Est., FY19 Sales $720M-$760M vs $722.1M Est.,",6,decrease,0.8,0.6,"the company's sales guidance for q1 and fy19 is below analyst estimates, which is likely to lead to a negative reaction in the stock price.",0,2019-02-28,KTOS,2019-02-28 21:46:00+00:00,87430.0,50077B20,0.0,1921464.0,-0.0279232952743768,0.0052631665021181,-0.0119688129052519,-0.0228571202605962,0.0205935891717672,-0.0045506213791668,-0.0136498240754008,-0.0022701993584632,-0.0138388350605964,-0.0016996476333588,-0.006711330730468,-0.0112045239657163,-0.01719905808568,0.0530973188579082,-0.0074999928474426,0.0,0.0025188892614096,0.0,-0.0050251209177076,-0.0139615917578339,-0.0239899065345525,0.0135614071041345,0.0213454030454158,0.0310029368847608,0.007599739357829,0.0491071715950965,0.0163419377058744,-0.0169278681278228,-0.0018553300760686,-0.0049906969070434,-0.0315984711050987,0.0094458796083927,-0.0006398098776116,0.0311688650399446,-0.0012803779682144,-0.0058102100156247,-0.0320512801408767,0.0340454094111919,0.0099337492138147,-0.0125247547402977,0.0249180402606725,0.016075000166893,0.0108765242621302,-0.0040026330389082,-0.0012658517807722,0.0225102268159389,-0.0158428400754928,0.0041095521301031,-0.0193174630403518,0.0224090088158845,0.0124754132702946,-0.0239234715700149,-0.0038910778239369,0.0339222960174083,-0.013020820915699,-0.0166782978922128,-0.0052770399488508,-0.0322797261178493,0.0086206970736384,0.0191912092268466,0.0046022152528166,-0.0135226380079984,-0.0098167294636368,0.0242382548749446,-0.0033047052565962,0.0027777752839028,-0.0251989476382732,0.0006948766531422,-0.0006802876596339,0.0359971188008785,-0.0040843747556209,0.0138686522841453,0.0430622100830078,0.0514198057353496,0.0052424590103328,-0.0605623759329319,0.0,-0.0156139293685555,0.0378096438944339,0.0247272830456495,-0.0006281550740823,-0.0143369045108556,-0.0018855897942557,0.0108695374801755,-0.0062972530722618,0.1066559627652168,0.0101394075900316,-0.03032654710114,0.0056462427601218,-0.0250189490616321,0.0031191038433462,-0.0287187285721302,-0.0205223839730024,-0.0463483035564422,0.0165079515427351,0.0251979418098926,0.112429678440094,-0.0512295067310333,0.0752386376261711,0.006185577251017,0.003133131423965,-0.0135593088343739,0.0114524327218532,0.006825964897871,0.0530107431113719,0.0054907291196286,0.004398834425956,0.0681817680597305,-0.0223843846470117,-0.0072779790498316,0.0273767653852701,0.0725994780659675,-0.0087209455668926,-0.0454545207321643,-0.0014662160538136,0.0090225478634238,0.019579030573368,-0.0111523885279893,0.0494479462504386,-0.016812901943922,-0.0279232952743768,0.0052631665021181,-0.0395578994827917,-0.0177142545881686,-0.0197789494414711,-0.0221842651016905,-0.0465387503115636,-0.0260622710153174,-0.0785340508454903,-2.578357527482922e-10,-0.1151832728865303,0.1782042751322901,0.2716695609629909,0.2565789510042771,2019-03-01,2019-03-04,2019-03-05,2019-03-06,2019-03-07,2019-03-08,2019-03-11,2019-03-12,2019-03-13,2019-03-14,87430.0,2019-02-28,252.0,0.0000%,0.0012,1.1062,0.2796,-0.7125,2.3280%,2.7311%,27.3360%,0.001539,KTOS,87430.0,2019-03-01,252.0,-2.7923%,0.001,1.1072,0.2811,-0.6921,2.3400%,2.7374%,26.9239%,-0.039639,KTOS,87430.0,2019-03-04,252.0,-1.1969%,0.0013,1.0724,0.3996,-0.6838,2.2910%,2.6849%,27.1910%,-0.0024779999999999,KTOS,87430.0,2019-03-05,252.0,2.0594%,0.0014,1.0687,0.3843,-0.6941,2.2946%,2.6855%,26.9922%,0.021924,KTOS,87430.0,2019-03-06,252.0,-1.3650%,0.0015,1.0881,0.37,-0.6741,2.2836%,2.6816%,27.4834%,0.000357,KTOS,87430.0,2019-03-07,252.0,-1.3839%,0.0015,1.092,0.3723,-0.6683,2.2842%,2.6833%,27.5331%,-0.006972,KTOS,87430.0,2019-03-08,252.0,-0.6711%,0.0014,1.0942,0.3518,-0.6637,2.2817%,2.6794%,27.4845%,-0.005721,KTOS,87430.0,2019-03-11,252.0,-1.7199%,0.0012,1.0736,0.3392,-0.6602,2.2949%,2.6813%,26.7465%,-0.03831,KTOS,87430.0,2019-03-12,252.0,-0.7500%,0.0012,1.0914,0.3404,-0.6393,2.2917%,2.6816%,26.9675%,-0.009852,KTOS,87430.0,2019-03-13,252.0,0.2519%,0.0012,1.09,0.3402,-0.6408,2.2918%,2.6815%,26.9552%,-0.003392,KTOS,87430.0,2019-03-14,252.0,-0.5025%,0.0012,1.0904,0.341,-0.6412,2.2918%,2.6816%,26.9582%,-0.000708,KTOS,-0.0381,-0.040578,-0.018654,-0.025269,-0.083252
15739,KRATOS DEFENSE & SECUR SOLS INC,"Kratos Defense & Security Q4 Adj. EPS $0.09 Beats $0.06 Estimate, Sales $164.4M Miss $188.24M Estimate",6,uncertain,0.6,0.3,"while the adjusted eps beat estimates, the significant miss in sales could lead to mixed reactions from investors, creating uncertainty about the stock's direction.",1,2019-02-28,KTOS,2019-02-28 21:44:00+00:00,87430.0,50077B20,0.0,1921464.0,-0.0279232952743768,0.0052631665021181,-0.0119688129052519,-0.0228571202605962,0.0205935891717672,-0.0045506213791668,-0.0136498240754008,-0.0022701993584632,-0.0138388350605964,-0.0016996476333588,-0.006711330730468,-0.0112045239657163,-0.01719905808568,0.0530973188579082,-0.0074999928474426,0.0,0.0025188892614096,0.0,-0.0050251209177076,-0.0139615917578339,-0.0239899065345525,0.0135614071041345,0.0213454030454158,0.0310029368847608,0.007599739357829,0.0491071715950965,0.0163419377058744,-0.0169278681278228,-0.0018553300760686,-0.0049906969070434,-0.0315984711050987,0.0094458796083927,-0.0006398098776116,0.0311688650399446,-0.0012803779682144,-0.0058102100156247,-0.0320512801408767,0.0340454094111919,0.0099337492138147,-0.0125247547402977,0.0249180402606725,0.016075000166893,0.0108765242621302,-0.0040026330389082,-0.0012658517807722,0.0225102268159389,-0.0158428400754928,0.0041095521301031,-0.0193174630403518,0.0224090088158845,0.0124754132702946,-0.0239234715700149,-0.0038910778239369,0.0339222960174083,-0.013020820915699,-0.0166782978922128,-0.0052770399488508,-0.0322797261178493,0.0086206970736384,0.0191912092268466,0.0046022152528166,-0.0135226380079984,-0.0098167294636368,0.0242382548749446,-0.0033047052565962,0.0027777752839028,-0.0251989476382732,0.0006948766531422,-0.0006802876596339,0.0359971188008785,-0.0040843747556209,0.0138686522841453,0.0430622100830078,0.0514198057353496,0.0052424590103328,-0.0605623759329319,0.0,-0.0156139293685555,0.0378096438944339,0.0247272830456495,-0.0006281550740823,-0.0143369045108556,-0.0018855897942557,0.0108695374801755,-0.0062972530722618,0.1066559627652168,0.0101394075900316,-0.03032654710114,0.0056462427601218,-0.0250189490616321,0.0031191038433462,-0.0287187285721302,-0.0205223839730024,-0.0463483035564422,0.0165079515427351,0.0251979418098926,0.112429678440094,-0.0512295067310333,0.0752386376261711,0.006185577251017,0.003133131423965,-0.0135593088343739,0.0114524327218532,0.006825964897871,0.0530107431113719,0.0054907291196286,0.004398834425956,0.0681817680597305,-0.0223843846470117,-0.0072779790498316,0.0273767653852701,0.0725994780659675,-0.0087209455668926,-0.0454545207321643,-0.0014662160538136,0.0090225478634238,0.019579030573368,-0.0111523885279893,0.0494479462504386,-0.016812901943922,-0.0279232952743768,0.0052631665021181,-0.0395578994827917,-0.0177142545881686,-0.0197789494414711,-0.0221842651016905,-0.0465387503115636,-0.0260622710153174,-0.0785340508454903,-2.578357527482922e-10,-0.1151832728865303,0.1782042751322901,0.2716695609629909,0.2565789510042771,2019-03-01,2019-03-04,2019-03-05,2019-03-06,2019-03-07,2019-03-08,2019-03-11,2019-03-12,2019-03-13,2019-03-14,87430.0,2019-02-28,252.0,0.0000%,0.0012,1.1062,0.2796,-0.7125,2.3280%,2.7311%,27.3360%,0.001539,KTOS,87430.0,2019-03-01,252.0,-2.7923%,0.001,1.1072,0.2811,-0.6921,2.3400%,2.7374%,26.9239%,-0.039639,KTOS,87430.0,2019-03-04,252.0,-1.1969%,0.0013,1.0724,0.3996,-0.6838,2.2910%,2.6849%,27.1910%,-0.0024779999999999,KTOS,87430.0,2019-03-05,252.0,2.0594%,0.0014,1.0687,0.3843,-0.6941,2.2946%,2.6855%,26.9922%,0.021924,KTOS,87430.0,2019-03-06,252.0,-1.3650%,0.0015,1.0881,0.37,-0.6741,2.2836%,2.6816%,27.4834%,0.000357,KTOS,87430.0,2019-03-07,252.0,-1.3839%,0.0015,1.092,0.3723,-0.6683,2.2842%,2.6833%,27.5331%,-0.006972,KTOS,87430.0,2019-03-08,252.0,-0.6711%,0.0014,1.0942,0.3518,-0.6637,2.2817%,2.6794%,27.4845%,-0.005721,KTOS,87430.0,2019-03-11,252.0,-1.7199%,0.0012,1.0736,0.3392,-0.6602,2.2949%,2.6813%,26.7465%,-0.03831,KTOS,87430.0,2019-03-12,252.0,-0.7500%,0.0012,1.0914,0.3404,-0.6393,2.2917%,2.6816%,26.9675%,-0.009852,KTOS,87430.0,2019-03-13,252.0,0.2519%,0.0012,1.09,0.3402,-0.6408,2.2918%,2.6815%,26.9552%,-0.003392,KTOS,87430.0,2019-03-14,252.0,-0.5025%,0.0012,1.0904,0.341,-0.6412,2.2918%,2.6816%,26.9582%,-0.000708,KTOS,-0.0381,-0.040578,-0.018654,-0.025269,-0.083252
15747,KRATOS DEFENSE & SECUR SOLS INC,Kratos Defense & Security Solutions Acquires Advanced Turbine Engine Developer Florida Turbine Technologies For $60M,6,increase,0.8,0.7,"the acquisition of florida turbine technologies for $60m is likely to enhance kratos defense's capabilities and market position, which can positively influence investor sentiment and stock price.",2,2019-02-28,KTOS,2019-02-28 21:01:00+00:00,87430.0,50077B20,0.0,1921464.0,-0.0279232952743768,0.0052631665021181,-0.0119688129052519,-0.0228571202605962,0.0205935891717672,-0.0045506213791668,-0.0136498240754008,-0.0022701993584632,-0.0138388350605964,-0.0016996476333588,-0.006711330730468,-0.0112045239657163,-0.01719905808568,0.0530973188579082,-0.0074999928474426,0.0,0.0025188892614096,0.0,-0.0050251209177076,-0.0139615917578339,-0.0239899065345525,0.0135614071041345,0.0213454030454158,0.0310029368847608,0.007599739357829,0.0491071715950965,0.0163419377058744,-0.0169278681278228,-0.0018553300760686,-0.0049906969070434,-0.0315984711050987,0.0094458796083927,-0.0006398098776116,0.0311688650399446,-0.0012803779682144,-0.0058102100156247,-0.0320512801408767,0.0340454094111919,0.0099337492138147,-0.0125247547402977,0.0249180402606725,0.016075000166893,0.0108765242621302,-0.0040026330389082,-0.0012658517807722,0.0225102268159389,-0.0158428400754928,0.0041095521301031,-0.0193174630403518,0.0224090088158845,0.0124754132702946,-0.0239234715700149,-0.0038910778239369,0.0339222960174083,-0.013020820915699,-0.0166782978922128,-0.0052770399488508,-0.0322797261178493,0.0086206970736384,0.0191912092268466,0.0046022152528166,-0.0135226380079984,-0.0098167294636368,0.0242382548749446,-0.0033047052565962,0.0027777752839028,-0.0251989476382732,0.0006948766531422,-0.0006802876596339,0.0359971188008785,-0.0040843747556209,0.0138686522841453,0.0430622100830078,0.0514198057353496,0.0052424590103328,-0.0605623759329319,0.0,-0.0156139293685555,0.0378096438944339,0.0247272830456495,-0.0006281550740823,-0.0143369045108556,-0.0018855897942557,0.0108695374801755,-0.0062972530722618,0.1066559627652168,0.0101394075900316,-0.03032654710114,0.0056462427601218,-0.0250189490616321,0.0031191038433462,-0.0287187285721302,-0.0205223839730024,-0.0463483035564422,0.0165079515427351,0.0251979418098926,0.112429678440094,-0.0512295067310333,0.0752386376261711,0.006185577251017,0.003133131423965,-0.0135593088343739,0.0114524327218532,0.006825964897871,0.0530107431113719,0.0054907291196286,0.004398834425956,0.0681817680597305,-0.0223843846470117,-0.0072779790498316,0.0273767653852701,0.0725994780659675,-0.0087209455668926,-0.0454545207321643,-0.0014662160538136,0.0090225478634238,0.019579030573368,-0.0111523885279893,0.0494479462504386,-0.016812901943922,-0.0279232952743768,0.0052631665021181,-0.0395578994827917,-0.0177142545881686,-0.0197789494414711,-0.0221842651016905,-0.0465387503115636,-0.0260622710153174,-0.0785340508454903,-2.578357527482922e-10,-0.1151832728865303,0.1782042751322901,0.2716695609629909,0.2565789510042771,2019-03-01,2019-03-04,2019-03-05,2019-03-06,2019-03-07,2019-03-08,2019-03-11,2019-03-12,2019-03-13,2019-03-14,87430.0,2019-02-28,252.0,0.0000%,0.0012,1.1062,0.2796,-0.7125,2.3280%,2.7311%,27.3360%,0.001539,KTOS,87430.0,2019-03-01,252.0,-2.7923%,0.001,1.1072,0.2811,-0.6921,2.3400%,2.7374%,26.9239%,-0.039639,KTOS,87430.0,2019-03-04,252.0,-1.1969%,0.0013,1.0724,0.3996,-0.6838,2.2910%,2.6849%,27.1910%,-0.0024779999999999,KTOS,87430.0,2019-03-05,252.0,2.0594%,0.0014,1.0687,0.3843,-0.6941,2.2946%,2.6855%,26.9922%,0.021924,KTOS,87430.0,2019-03-06,252.0,-1.3650%,0.0015,1.0881,0.37,-0.6741,2.2836%,2.6816%,27.4834%,0.000357,KTOS,87430.0,2019-03-07,252.0,-1.3839%,0.0015,1.092,0.3723,-0.6683,2.2842%,2.6833%,27.5331%,-0.006972,KTOS,87430.0,2019-03-08,252.0,-0.6711%,0.0014,1.0942,0.3518,-0.6637,2.2817%,2.6794%,27.4845%,-0.005721,KTOS,87430.0,2019-03-11,252.0,-1.7199%,0.0012,1.0736,0.3392,-0.6602,2.2949%,2.6813%,26.7465%,-0.03831,KTOS,87430.0,2019-03-12,252.0,-0.7500%,0.0012,1.0914,0.3404,-0.6393,2.2917%,2.6816%,26.9675%,-0.009852,KTOS,87430.0,2019-03-13,252.0,0.2519%,0.0012,1.09,0.3402,-0.6408,2.2918%,2.6815%,26.9552%,-0.003392,KTOS,87430.0,2019-03-14,252.0,-0.5025%,0.0012,1.0904,0.341,-0.6412,2.2918%,2.6816%,26.9582%,-0.000708,KTOS,-0.0381,-0.040578,-0.018654,-0.025269,-0.083252
15755,QUAKER CHEMICAL CORP,"Quaker Chemical Q4 Adj. EPS $1.51 Beats $1.48 Estimate, Sales $211.5M Miss $216.82M Estimate",6,uncertain,0.6,0.2,"while the adjusted eps beat estimates, the sales miss could raise concerns among investors, leading to uncertainty in the stock's reaction.",1,2019-02-28,KWR,2019-02-28 21:24:00+00:00,64929.0,74731610,-0.0042879311367869,94072.0,-0.000239260494709,0.0008105958695523,-0.0259883590042591,-0.0208235662430524,-0.005011985078454,0.010044751688838,-0.0235567390918731,0.0042148106731474,-0.0117843504995107,-0.0073335724882781,-0.0008188938372768,0.0201909113675355,0.0212057549506425,0.0116932960227131,-0.0057681393809616,0.0047287144698202,0.0029260509181767,-0.0014117091195657,-0.0142856957390904,0.0065660346299409,0.0140334758907556,0.0061627961695194,0.0205323658883571,-0.0006405443418771,-0.0090240472927689,0.0075957607477903,0.0016420509200543,-0.0092469872906804,0.0215112622827291,-0.0053813713602721,-0.0439645648002624,0.0029931333847343,0.0106826266273856,0.0054763462394475,0.0171632971614599,-0.0086569702252745,-0.0040575587190687,0.0249135345220565,0.0051671550609171,0.0168723259121179,-0.0097869392484426,0.0007651578634977,0.0190684963017702,-0.0023411202710121,-0.0156747344881296,0.0296599250286817,0.0225429162383079,0.0027850696351379,0.0053047090768814,-0.0260504446923732,-0.0032435173634439,-0.0118343010544776,0.0175814013928175,0.0036546431947499,-0.0176116954535245,0.046867486089468,0.018413221463561,0.0238922610878944,-0.0040549128316342,0.017177578061819,0.0134119028225541,-0.0191776007413864,0.0070898029953241,-0.0335602276027202,0.0151856876909732,0.0107958996668458,-0.0053257718682289,0.0248956531286239,0.0137815754860639,0.0158126447349786,-0.0155231226235628,0.0224199835211038,0.0196398887783289,0.0235239956527948,0.0064509692601859,-0.0272028222680091,-0.0100463293492794,0.0032636686228215,0.0242916531860828,-0.000618606514763,-0.0008517997339367,0.0127001022920012,0.004262629430741,0.0040024984627962,-0.0070592518895864,0.035710047930479,0.0036446973681449,-0.0137834399938583,-0.0363595634698867,-0.0289247166365385,0.0047455304302275,-0.0144213903695344,-0.0392665788531303,0.0002794956089928,0.0040003946051001,-0.0033434987999498,-0.0159857999533414,-0.0546805299818515,0.0104400403797626,-0.0312819182872772,-0.0521919541060924,0.0002042085834546,0.0195099674165248,0.0086490558460354,-0.0026980778202414,0.010929562151432,0.0086172400042414,0.0214236285537481,-0.0192231778055429,-0.039470974355936,-0.0116991521790623,-0.0100591694936156,0.0176795981824398,-0.0410101898014545,-0.0081574860960245,0.000242376801907,-0.0478753522038459,0.0137134855613112,0.008584838360548,-0.0138148618862032,-0.000239260494709,0.0008105958695523,-0.0262214015113361,-0.0200298498702861,-0.0311019653166791,-0.0101862930497598,-0.0650749106278874,-0.0133038810082418,-0.0623474724401432,0.0284692172646239,-0.001052686333051,0.1615722756234896,-0.0933584241749331,0.0194021317729693,2019-03-01,2019-03-04,2019-03-05,2019-03-06,2019-03-07,2019-03-08,2019-03-11,2019-03-12,2019-03-13,2019-03-14,64929.0,2019-02-28,252.0,-0.4288%,0.0012,1.0234,1.0851,0.173,1.5008%,1.9205%,38.9265%,-0.0010299999999999,KWR,64929.0,2019-03-01,252.0,-0.0239%,0.0013,0.9949,1.0427,0.1342,1.4778%,1.8835%,38.4410%,-0.010152,KWR,64929.0,2019-03-04,252.0,-2.5988%,0.001,1.0318,0.9369,0.1209,1.4060%,1.8362%,41.3686%,-0.017258,KWR,64929.0,2019-03-05,252.0,-0.5012%,0.0011,1.0427,1.0213,0.1291,1.3730%,1.8268%,43.5083%,-0.000154,KWR,64929.0,2019-03-06,252.0,-2.3557%,0.0011,1.0429,1.0288,0.1304,1.3731%,1.8326%,43.8601%,-0.002072,KWR,64929.0,2019-03-07,252.0,-1.1784%,0.0011,1.0414,1.0147,0.1244,1.3710%,1.8285%,43.7832%,-0.002172,KWR,64929.0,2019-03-08,252.0,-0.0819%,0.0011,1.0413,1.0159,0.1242,1.3710%,1.8280%,43.7559%,0.001086,KWR,64929.0,2019-03-11,252.0,2.1206%,0.0011,1.0425,1.0058,0.1178,1.3690%,1.8305%,44.0679%,0.0025879999999999,KWR,64929.0,2019-03-12,252.0,-0.5768%,0.001,1.0297,1.0116,0.1055,1.3666%,1.8213%,43.7002%,-0.005554,KWR,64929.0,2019-03-13,252.0,0.2926%,0.0011,1.0288,1.0189,0.1062,1.3656%,1.8211%,43.7676%,-0.001013,KWR,64929.0,2019-03-14,252.0,-1.4286%,0.001,1.0295,1.0236,0.1038,1.3669%,1.8237%,43.8207%,-0.009488,KWR,-0.011182,-0.02844,-0.028594,-0.032838,-0.0452189999999999
15763,LOWES COMPANIES INC,"KeyBanc Maintains Overweight on Lowe's Companies, Raises Price Target to $120",6,increase,0.8,0.7,maintaining an overweight rating and raising the price target typically signals positive sentiment and potential for stock price appreciation.,2,2019-02-28,LOW,2019-02-28 14:18:00+00:00,61399.0,54866110,-0.0235086996108293,8144298.0,-0.0107526620849967,0.0246596597135067,-0.0074066626839339,0.000190426086192,-0.0017443579854443,-0.0118565401062369,-0.0065042790956795,0.007107657380402,-0.0159272756427526,-0.0013250710908323,-0.0137026831507682,0.0057110805064439,0.0107721704989671,0.007866458967328,0.0045816642232239,0.0268938597291708,0.0030735430773347,0.0004928351263515,-0.0035583733115345,0.0200060103088617,-0.0066461479291319,0.0267341453582048,0.0173756536096334,-0.002984469756484,0.0154102835804224,0.002993403468281,0.001353304949589,-0.003189681796357,0.0266435202211141,-0.0092762084677815,-0.0131640955805778,0.0023500125389546,0.0102906320244073,0.00782619882375,-0.0006601876229979,0.0098793357610702,0.0134956613183021,0.0042820223607122,0.0091256480664014,0.0248314216732978,0.0101503962650895,0.0030058913398534,-0.0049328664317727,-0.0071413149125874,0.0089966338127851,0.0220043193548917,0.0183786414563655,-0.0003266773128416,0.0124184703454375,0.0029489328153431,0.0146488146856427,-0.0309539455920457,0.0070446818135678,0.0318305306136608,-0.0228862725198268,-0.0203277561813592,0.0054799607023596,-0.0100095309317112,0.0120428539812564,-0.0206377040594816,0.009815034456551,-0.0040082153864204,0.0079132821410894,0.0137528618797659,-0.001280094962567,-0.0108213480561971,0.0007690674974583,-0.0061456365510821,-0.0288593303412199,0.0207004249095916,-0.0027254929300397,0.0189623814076185,0.0052014510147273,0.0296150557696819,0.0037872141692787,-0.0119215184822678,-0.0032464924734085,-0.0009744907729327,-0.0098591120913624,0.0053336001001298,-0.0023115410003811,0.000108884567453,0.0081981653347611,0.0090070264413952,-0.0215662233531475,0.0590972751379013,0.0127371605485677,-0.0191693324595689,0.0022299527190625,-0.0170480515807867,-0.0089889829978346,-0.0129524869844317,-0.0379882864654064,-0.0123550975695252,-0.0036407709121704,0.0111664142459631,-0.0041225748136639,-0.0311697050929069,0.0032928634900599,-0.0098631912842392,-0.0185671020299196,0.0236673578619957,0.0104146404191851,0.0293920114636421,0.0176832415163517,0.0005591306253336,0.0090131349861621,0.0003355568042024,0.0039598518051207,-0.0170422811061143,0.0016510760178789,0.0068636676296591,0.0173992812633514,-0.0419980809092521,-0.1184518113732338,-0.0008477463852614,-0.0320604369044303,0.0125537104904651,0.0060126548632979,-0.0052300724200904,-0.0107526620849967,0.0246596597135067,-0.0180796834279127,0.0248547816421846,-0.0197925039731953,0.0127035498205754,-0.0416785370426047,0.0185500576878936,-0.0407269855889311,0.0819342667514542,0.0955371692736721,0.1163367341705905,-0.08865552584267,0.1547037473506691,2019-03-01,2019-03-04,2019-03-05,2019-03-06,2019-03-07,2019-03-08,2019-03-11,2019-03-12,2019-03-13,2019-03-14,61399.0,2019-02-28,252.0,-2.3509%,0.0005,1.126,0.1816,0.1978,1.3683%,1.7831%,41.1163%,-0.019681,LOW,61399.0,2019-03-01,252.0,-1.0753%,0.0006,1.0906,0.1289,0.1518,1.3341%,1.7362%,40.9539%,-0.018685,LOW,61399.0,2019-03-04,252.0,-0.7407%,0.0006,1.0875,0.1412,0.1521,1.3334%,1.7328%,40.7849%,-0.001902,LOW,61399.0,2019-03-05,252.0,-0.1744%,0.0008,1.0964,0.2099,0.1583,1.3100%,1.7220%,42.1326%,0.0008169999999999,LOW,61399.0,2019-03-06,252.0,-0.6504%,0.0008,1.0947,0.2006,0.1552,1.3102%,1.7213%,42.0614%,0.0051959999999999,LOW,61399.0,2019-03-07,252.0,-1.5927%,0.0007,1.0973,0.1992,0.1583,1.3109%,1.7238%,42.1693%,-0.006388,LOW,61399.0,2019-03-08,252.0,-1.3703%,0.0007,1.098,0.2143,0.1586,1.3101%,1.7245%,42.2796%,-0.011209,LOW,61399.0,2019-03-11,252.0,1.0772%,0.0007,1.0948,0.209,0.1572,1.3106%,1.7256%,42.3120%,-0.005625,LOW,61399.0,2019-03-12,252.0,0.4582%,0.0008,1.1004,0.2071,0.1628,1.3101%,1.7241%,42.2582%,0.002466,LOW,61399.0,2019-03-13,252.0,0.3074%,0.0007,1.0989,0.2061,0.161,1.3102%,1.7239%,42.2420%,-0.003967,LOW,61399.0,2019-03-14,252.0,-0.3558%,0.0008,1.0958,0.2092,0.1594,1.3084%,1.7203%,42.1529%,-0.002187,LOW,-0.038366,-0.040268,-0.039451,-0.040643,-0.0611649999999999
15771,LOWES COMPANIES INC,"Baird Maintains Outperform on Lowe's Companies, Raises Price Target to $126",6,increase,0.8,0.6,maintaining an 'outperform' rating and raising the price target typically signals positive sentiment and potential for stock price appreciation.,2,2019-02-28,LOW,2019-02-28 13:39:00+00:00,61399.0,54866110,-0.0235086996108293,8144298.0,-0.0107526620849967,0.0246596597135067,-0.0074066626839339,0.000190426086192,-0.0017443579854443,-0.0118565401062369,-0.0065042790956795,0.007107657380402,-0.0159272756427526,-0.0013250710908323,-0.0137026831507682,0.0057110805064439,0.0107721704989671,0.007866458967328,0.0045816642232239,0.0268938597291708,0.0030735430773347,0.0004928351263515,-0.0035583733115345,0.0200060103088617,-0.0066461479291319,0.0267341453582048,0.0173756536096334,-0.002984469756484,0.0154102835804224,0.002993403468281,0.001353304949589,-0.003189681796357,0.0266435202211141,-0.0092762084677815,-0.0131640955805778,0.0023500125389546,0.0102906320244073,0.00782619882375,-0.0006601876229979,0.0098793357610702,0.0134956613183021,0.0042820223607122,0.0091256480664014,0.0248314216732978,0.0101503962650895,0.0030058913398534,-0.0049328664317727,-0.0071413149125874,0.0089966338127851,0.0220043193548917,0.0183786414563655,-0.0003266773128416,0.0124184703454375,0.0029489328153431,0.0146488146856427,-0.0309539455920457,0.0070446818135678,0.0318305306136608,-0.0228862725198268,-0.0203277561813592,0.0054799607023596,-0.0100095309317112,0.0120428539812564,-0.0206377040594816,0.009815034456551,-0.0040082153864204,0.0079132821410894,0.0137528618797659,-0.001280094962567,-0.0108213480561971,0.0007690674974583,-0.0061456365510821,-0.0288593303412199,0.0207004249095916,-0.0027254929300397,0.0189623814076185,0.0052014510147273,0.0296150557696819,0.0037872141692787,-0.0119215184822678,-0.0032464924734085,-0.0009744907729327,-0.0098591120913624,0.0053336001001298,-0.0023115410003811,0.000108884567453,0.0081981653347611,0.0090070264413952,-0.0215662233531475,0.0590972751379013,0.0127371605485677,-0.0191693324595689,0.0022299527190625,-0.0170480515807867,-0.0089889829978346,-0.0129524869844317,-0.0379882864654064,-0.0123550975695252,-0.0036407709121704,0.0111664142459631,-0.0041225748136639,-0.0311697050929069,0.0032928634900599,-0.0098631912842392,-0.0185671020299196,0.0236673578619957,0.0104146404191851,0.0293920114636421,0.0176832415163517,0.0005591306253336,0.0090131349861621,0.0003355568042024,0.0039598518051207,-0.0170422811061143,0.0016510760178789,0.0068636676296591,0.0173992812633514,-0.0419980809092521,-0.1184518113732338,-0.0008477463852614,-0.0320604369044303,0.0125537104904651,0.0060126548632979,-0.0052300724200904,-0.0107526620849967,0.0246596597135067,-0.0180796834279127,0.0248547816421846,-0.0197925039731953,0.0127035498205754,-0.0416785370426047,0.0185500576878936,-0.0407269855889311,0.0819342667514542,0.0955371692736721,0.1163367341705905,-0.08865552584267,0.1547037473506691,2019-03-01,2019-03-04,2019-03-05,2019-03-06,2019-03-07,2019-03-08,2019-03-11,2019-03-12,2019-03-13,2019-03-14,61399.0,2019-02-28,252.0,-2.3509%,0.0005,1.126,0.1816,0.1978,1.3683%,1.7831%,41.1163%,-0.019681,LOW,61399.0,2019-03-01,252.0,-1.0753%,0.0006,1.0906,0.1289,0.1518,1.3341%,1.7362%,40.9539%,-0.018685,LOW,61399.0,2019-03-04,252.0,-0.7407%,0.0006,1.0875,0.1412,0.1521,1.3334%,1.7328%,40.7849%,-0.001902,LOW,61399.0,2019-03-05,252.0,-0.1744%,0.0008,1.0964,0.2099,0.1583,1.3100%,1.7220%,42.1326%,0.0008169999999999,LOW,61399.0,2019-03-06,252.0,-0.6504%,0.0008,1.0947,0.2006,0.1552,1.3102%,1.7213%,42.0614%,0.0051959999999999,LOW,61399.0,2019-03-07,252.0,-1.5927%,0.0007,1.0973,0.1992,0.1583,1.3109%,1.7238%,42.1693%,-0.006388,LOW,61399.0,2019-03-08,252.0,-1.3703%,0.0007,1.098,0.2143,0.1586,1.3101%,1.7245%,42.2796%,-0.011209,LOW,61399.0,2019-03-11,252.0,1.0772%,0.0007,1.0948,0.209,0.1572,1.3106%,1.7256%,42.3120%,-0.005625,LOW,61399.0,2019-03-12,252.0,0.4582%,0.0008,1.1004,0.2071,0.1628,1.3101%,1.7241%,42.2582%,0.002466,LOW,61399.0,2019-03-13,252.0,0.3074%,0.0007,1.0989,0.2061,0.161,1.3102%,1.7239%,42.2420%,-0.003967,LOW,61399.0,2019-03-14,252.0,-0.3558%,0.0008,1.0958,0.2092,0.1594,1.3084%,1.7203%,42.1529%,-0.002187,LOW,-0.038366,-0.040268,-0.039451,-0.040643,-0.0611649999999999
15779,LOWES COMPANIES INC,"Morgan Stanley Maintains Overweight on Lowe's Companies, Raises Price Target to $115",6,increase,0.8,0.7,maintaining an 'overweight' rating and raising the price target typically signals positive sentiment and potential for stock price appreciation.,2,2019-02-28,LOW,2019-02-28 13:28:00+00:00,61399.0,54866110,-0.0235086996108293,8144298.0,-0.0107526620849967,0.0246596597135067,-0.0074066626839339,0.000190426086192,-0.0017443579854443,-0.0118565401062369,-0.0065042790956795,0.007107657380402,-0.0159272756427526,-0.0013250710908323,-0.0137026831507682,0.0057110805064439,0.0107721704989671,0.007866458967328,0.0045816642232239,0.0268938597291708,0.0030735430773347,0.0004928351263515,-0.0035583733115345,0.0200060103088617,-0.0066461479291319,0.0267341453582048,0.0173756536096334,-0.002984469756484,0.0154102835804224,0.002993403468281,0.001353304949589,-0.003189681796357,0.0266435202211141,-0.0092762084677815,-0.0131640955805778,0.0023500125389546,0.0102906320244073,0.00782619882375,-0.0006601876229979,0.0098793357610702,0.0134956613183021,0.0042820223607122,0.0091256480664014,0.0248314216732978,0.0101503962650895,0.0030058913398534,-0.0049328664317727,-0.0071413149125874,0.0089966338127851,0.0220043193548917,0.0183786414563655,-0.0003266773128416,0.0124184703454375,0.0029489328153431,0.0146488146856427,-0.0309539455920457,0.0070446818135678,0.0318305306136608,-0.0228862725198268,-0.0203277561813592,0.0054799607023596,-0.0100095309317112,0.0120428539812564,-0.0206377040594816,0.009815034456551,-0.0040082153864204,0.0079132821410894,0.0137528618797659,-0.001280094962567,-0.0108213480561971,0.0007690674974583,-0.0061456365510821,-0.0288593303412199,0.0207004249095916,-0.0027254929300397,0.0189623814076185,0.0052014510147273,0.0296150557696819,0.0037872141692787,-0.0119215184822678,-0.0032464924734085,-0.0009744907729327,-0.0098591120913624,0.0053336001001298,-0.0023115410003811,0.000108884567453,0.0081981653347611,0.0090070264413952,-0.0215662233531475,0.0590972751379013,0.0127371605485677,-0.0191693324595689,0.0022299527190625,-0.0170480515807867,-0.0089889829978346,-0.0129524869844317,-0.0379882864654064,-0.0123550975695252,-0.0036407709121704,0.0111664142459631,-0.0041225748136639,-0.0311697050929069,0.0032928634900599,-0.0098631912842392,-0.0185671020299196,0.0236673578619957,0.0104146404191851,0.0293920114636421,0.0176832415163517,0.0005591306253336,0.0090131349861621,0.0003355568042024,0.0039598518051207,-0.0170422811061143,0.0016510760178789,0.0068636676296591,0.0173992812633514,-0.0419980809092521,-0.1184518113732338,-0.0008477463852614,-0.0320604369044303,0.0125537104904651,0.0060126548632979,-0.0052300724200904,-0.0107526620849967,0.0246596597135067,-0.0180796834279127,0.0248547816421846,-0.0197925039731953,0.0127035498205754,-0.0416785370426047,0.0185500576878936,-0.0407269855889311,0.0819342667514542,0.0955371692736721,0.1163367341705905,-0.08865552584267,0.1547037473506691,2019-03-01,2019-03-04,2019-03-05,2019-03-06,2019-03-07,2019-03-08,2019-03-11,2019-03-12,2019-03-13,2019-03-14,61399.0,2019-02-28,252.0,-2.3509%,0.0005,1.126,0.1816,0.1978,1.3683%,1.7831%,41.1163%,-0.019681,LOW,61399.0,2019-03-01,252.0,-1.0753%,0.0006,1.0906,0.1289,0.1518,1.3341%,1.7362%,40.9539%,-0.018685,LOW,61399.0,2019-03-04,252.0,-0.7407%,0.0006,1.0875,0.1412,0.1521,1.3334%,1.7328%,40.7849%,-0.001902,LOW,61399.0,2019-03-05,252.0,-0.1744%,0.0008,1.0964,0.2099,0.1583,1.3100%,1.7220%,42.1326%,0.0008169999999999,LOW,61399.0,2019-03-06,252.0,-0.6504%,0.0008,1.0947,0.2006,0.1552,1.3102%,1.7213%,42.0614%,0.0051959999999999,LOW,61399.0,2019-03-07,252.0,-1.5927%,0.0007,1.0973,0.1992,0.1583,1.3109%,1.7238%,42.1693%,-0.006388,LOW,61399.0,2019-03-08,252.0,-1.3703%,0.0007,1.098,0.2143,0.1586,1.3101%,1.7245%,42.2796%,-0.011209,LOW,61399.0,2019-03-11,252.0,1.0772%,0.0007,1.0948,0.209,0.1572,1.3106%,1.7256%,42.3120%,-0.005625,LOW,61399.0,2019-03-12,252.0,0.4582%,0.0008,1.1004,0.2071,0.1628,1.3101%,1.7241%,42.2582%,0.002466,LOW,61399.0,2019-03-13,252.0,0.3074%,0.0007,1.0989,0.2061,0.161,1.3102%,1.7239%,42.2420%,-0.003967,LOW,61399.0,2019-03-14,252.0,-0.3558%,0.0008,1.0958,0.2092,0.1594,1.3084%,1.7203%,42.1529%,-0.002187,LOW,-0.038366,-0.040268,-0.039451,-0.040643,-0.0611649999999999
15787,LOWES COMPANIES INC,"Wedbush Maintains Neutral on Lowe's Companies, Raises Price Target to $110",6,uncertain,0.6,0.2,"while raising the price target may suggest positive sentiment, maintaining a 'neutral' rating indicates a lack of strong conviction, leading to uncertainty in stock price movement.",1,2019-02-28,LOW,2019-02-28 13:12:00+00:00,61399.0,54866110,-0.0235086996108293,8144298.0,-0.0107526620849967,0.0246596597135067,-0.0074066626839339,0.000190426086192,-0.0017443579854443,-0.0118565401062369,-0.0065042790956795,0.007107657380402,-0.0159272756427526,-0.0013250710908323,-0.0137026831507682,0.0057110805064439,0.0107721704989671,0.007866458967328,0.0045816642232239,0.0268938597291708,0.0030735430773347,0.0004928351263515,-0.0035583733115345,0.0200060103088617,-0.0066461479291319,0.0267341453582048,0.0173756536096334,-0.002984469756484,0.0154102835804224,0.002993403468281,0.001353304949589,-0.003189681796357,0.0266435202211141,-0.0092762084677815,-0.0131640955805778,0.0023500125389546,0.0102906320244073,0.00782619882375,-0.0006601876229979,0.0098793357610702,0.0134956613183021,0.0042820223607122,0.0091256480664014,0.0248314216732978,0.0101503962650895,0.0030058913398534,-0.0049328664317727,-0.0071413149125874,0.0089966338127851,0.0220043193548917,0.0183786414563655,-0.0003266773128416,0.0124184703454375,0.0029489328153431,0.0146488146856427,-0.0309539455920457,0.0070446818135678,0.0318305306136608,-0.0228862725198268,-0.0203277561813592,0.0054799607023596,-0.0100095309317112,0.0120428539812564,-0.0206377040594816,0.009815034456551,-0.0040082153864204,0.0079132821410894,0.0137528618797659,-0.001280094962567,-0.0108213480561971,0.0007690674974583,-0.0061456365510821,-0.0288593303412199,0.0207004249095916,-0.0027254929300397,0.0189623814076185,0.0052014510147273,0.0296150557696819,0.0037872141692787,-0.0119215184822678,-0.0032464924734085,-0.0009744907729327,-0.0098591120913624,0.0053336001001298,-0.0023115410003811,0.000108884567453,0.0081981653347611,0.0090070264413952,-0.0215662233531475,0.0590972751379013,0.0127371605485677,-0.0191693324595689,0.0022299527190625,-0.0170480515807867,-0.0089889829978346,-0.0129524869844317,-0.0379882864654064,-0.0123550975695252,-0.0036407709121704,0.0111664142459631,-0.0041225748136639,-0.0311697050929069,0.0032928634900599,-0.0098631912842392,-0.0185671020299196,0.0236673578619957,0.0104146404191851,0.0293920114636421,0.0176832415163517,0.0005591306253336,0.0090131349861621,0.0003355568042024,0.0039598518051207,-0.0170422811061143,0.0016510760178789,0.0068636676296591,0.0173992812633514,-0.0419980809092521,-0.1184518113732338,-0.0008477463852614,-0.0320604369044303,0.0125537104904651,0.0060126548632979,-0.0052300724200904,-0.0107526620849967,0.0246596597135067,-0.0180796834279127,0.0248547816421846,-0.0197925039731953,0.0127035498205754,-0.0416785370426047,0.0185500576878936,-0.0407269855889311,0.0819342667514542,0.0955371692736721,0.1163367341705905,-0.08865552584267,0.1547037473506691,2019-03-01,2019-03-04,2019-03-05,2019-03-06,2019-03-07,2019-03-08,2019-03-11,2019-03-12,2019-03-13,2019-03-14,61399.0,2019-02-28,252.0,-2.3509%,0.0005,1.126,0.1816,0.1978,1.3683%,1.7831%,41.1163%,-0.019681,LOW,61399.0,2019-03-01,252.0,-1.0753%,0.0006,1.0906,0.1289,0.1518,1.3341%,1.7362%,40.9539%,-0.018685,LOW,61399.0,2019-03-04,252.0,-0.7407%,0.0006,1.0875,0.1412,0.1521,1.3334%,1.7328%,40.7849%,-0.001902,LOW,61399.0,2019-03-05,252.0,-0.1744%,0.0008,1.0964,0.2099,0.1583,1.3100%,1.7220%,42.1326%,0.0008169999999999,LOW,61399.0,2019-03-06,252.0,-0.6504%,0.0008,1.0947,0.2006,0.1552,1.3102%,1.7213%,42.0614%,0.0051959999999999,LOW,61399.0,2019-03-07,252.0,-1.5927%,0.0007,1.0973,0.1992,0.1583,1.3109%,1.7238%,42.1693%,-0.006388,LOW,61399.0,2019-03-08,252.0,-1.3703%,0.0007,1.098,0.2143,0.1586,1.3101%,1.7245%,42.2796%,-0.011209,LOW,61399.0,2019-03-11,252.0,1.0772%,0.0007,1.0948,0.209,0.1572,1.3106%,1.7256%,42.3120%,-0.005625,LOW,61399.0,2019-03-12,252.0,0.4582%,0.0008,1.1004,0.2071,0.1628,1.3101%,1.7241%,42.2582%,0.002466,LOW,61399.0,2019-03-13,252.0,0.3074%,0.0007,1.0989,0.2061,0.161,1.3102%,1.7239%,42.2420%,-0.003967,LOW,61399.0,2019-03-14,252.0,-0.3558%,0.0008,1.0958,0.2092,0.1594,1.3084%,1.7203%,42.1529%,-0.002187,LOW,-0.038366,-0.040268,-0.039451,-0.040643,-0.0611649999999999
15795,LATTICE SEMICONDUCTOR CORP,Rosenblatt Initiates Coverage On Lattice Semiconductor with Buy Rating,6,increase,0.8,0.6,"initiating coverage with a 'buy' rating typically signals positive sentiment and can attract investor interest, likely leading to an increase in stock price.",2,2019-02-28,LSCC,2019-02-28 14:10:00+00:00,75854.0,51841510,-0.0247934032231569,2347451.0,0.0550847128033638,0.0,0.016064241528511,-0.0194489285349845,0.0031620524823665,0.0,-0.006304170936346,0.0422297306358814,-0.0007929639541544,0.0076595875434577,-0.00396826909855,0.0463045835494995,0.0358565561473369,0.0135378716513514,-0.0223076902329921,-0.0365217439830303,0.022816676646471,0.0849056243896484,-0.0161538496613502,0.2958435118198395,0.0093823205679655,0.0289308801293373,-0.0271107219159603,0.0,0.0230891685932874,0.0063290777616202,-0.0155642610043287,-0.0075376811437308,0.0031620524823665,0.0127226337790489,-0.0362490192055702,0.0064020729623734,0.0,0.0077419281005859,-0.0016352825332432,-0.0064102807082235,-0.0237510204315185,0.0,-0.015100697055459,0.0344827882945537,0.0161840319633483,-0.0039630397222936,0.0150879584252834,-0.0269922912120819,-0.0090833744034171,0.0345744974911212,0.0516666583716869,0.0315500721335411,0.0047543914988636,0.0110956896096468,0.0141955325379967,-0.0309139806777238,-0.006220833864063,0.0205761454999446,0.0,0.0096953148022294,0.0336463451385498,-0.0041379597969353,-0.0204390957951545,-0.0215924233198165,0.0200927536934614,0.0013513178564608,-0.0272727012634277,0.019283726811409,0.0163551438599824,-0.0054794466122984,-0.0337165147066116,0.0413694642484188,0.0039651221595704,0.0071839354932308,0.0236966982483863,0.0160584133118391,0.0138889122754335,0.0058737094514071,0.0182648226618766,-0.0215517375618219,-0.0455904081463813,0.0057803411036729,0.0007830285467207,0.016152735799551,-0.007042265497148,0.0,0.020488591864705,-0.0043859956786036,0.0416988395154476,0.0588235482573509,0.0296516362577676,-0.0046224552206695,0.0647947862744331,-0.0030722669325768,-0.0006761479889973,-0.0166162624955177,-0.0317996852099895,-0.0515759512782096,-0.0279525201767683,0.0115941921249032,-0.017972681671381,-0.0114613072946667,0.0,0.0527903325855732,-0.0468520782887935,-0.0089686010032892,0.0238094814121723,0.0229357946664094,0.0352588333189487,0.0030674817971885,-0.0152173936367034,-0.0254110731184482,-0.092715248465538,-0.0429184138774871,-0.0713706538081169,0.0737326443195343,0.0620087385177612,0.0061824480071663,-0.0263157654553651,0.1040955036878586,-0.0109797390177846,0.0086058853194117,0.0222032647579908,-0.0085324551910161,0.0550847128033638,0.0,0.0720338484628766,-0.0194489285349845,0.0754236757545896,-0.0194489285349845,0.0677966248851051,0.0297872671836467,0.0838982803005987,0.4792175940168668,0.0966101123992637,0.6329285564859859,0.0144067744279832,1.06484643012621,2019-03-01,2019-03-04,2019-03-05,2019-03-06,2019-03-07,2019-03-08,2019-03-11,2019-03-12,2019-03-13,2019-03-14,75854.0,2019-02-28,252.0,-2.4793%,0.0027,1.0646,0.1454,-0.3702,2.9327%,3.1835%,15.1353%,-0.022607,LSCC,75854.0,2019-03-01,252.0,5.5085%,0.0029,1.0768,0.1636,-0.3711,2.9448%,3.2000%,15.3138%,0.045427,LSCC,75854.0,2019-03-04,252.0,1.6064%,0.0031,1.0648,0.1848,-0.3637,2.9449%,3.1947%,15.0283%,0.023675,LSCC,75854.0,2019-03-05,252.0,0.3162%,0.003,1.0612,0.158,-0.3668,2.9434%,3.1906%,14.8946%,0.004582,LSCC,75854.0,2019-03-06,252.0,-0.6304%,0.003,1.063,0.1525,-0.3656,2.9433%,3.1910%,14.9252%,0.004658,LSCC,75854.0,2019-03-07,252.0,-0.0793%,0.003,1.059,0.1406,-0.3742,2.9428%,3.1901%,14.9000%,0.006734,LSCC,75854.0,2019-03-08,252.0,-0.3968%,0.003,1.0601,0.1349,-0.3721,2.9428%,3.1900%,14.8945%,-0.002435,LSCC,75854.0,2019-03-11,252.0,3.5857%,0.003,1.0672,0.1536,-0.3651,2.9431%,3.1947%,15.1302%,0.01755,LSCC,75854.0,2019-03-12,252.0,-2.2308%,0.0029,1.0695,0.1657,-0.3573,2.9481%,3.1980%,15.0171%,-0.024928,LSCC,75854.0,2019-03-13,252.0,2.2817%,0.0029,1.074,0.1586,-0.3542,2.9493%,3.2004%,15.0751%,0.01627,LSCC,75854.0,2019-03-14,252.0,-1.6154%,0.0029,1.0701,0.1686,-0.3593,2.9502%,3.2005%,15.0298%,-0.0134569999999999,LSCC,0.02282,0.046495,0.051077,0.062469,0.055469
15803,L T C PROPERTIES INC,"LTC Properties Q4 EPS $0.81 Beats $0.62 Estimate, Sales $32.759M Miss $34.19M Estimate",6,uncertain,0.6,0.3,"while ltc properties beat eps estimates, the miss on sales could create mixed reactions among investors, leading to uncertainty in stock price movement.",1,2019-02-28,LTC,2019-02-28 22:47:00+00:00,77878.0,50217510,-0.0135465385392308,273441.0,-0.022062124684453,-0.0066182008013129,0.010359133593738,-0.008530169725418,0.0052403635345399,-0.0131664276123046,-0.0169990938156843,0.0076120551675558,-0.001844547339715,0.0,0.009933017194271,-0.0120326895266771,0.0194418672472238,-0.0145507650449872,0.0049360832199454,0.0070078149437904,0.0051350644789636,0.0113831348717212,0.0022212010808289,-0.004702809266746,-0.0110815605148673,-0.0205192547291517,-0.0040340721607208,0.0020981635898351,-0.0020252061076462,0.0052731493487954,0.009695641696453,0.0200086124241352,0.0190625358372926,-0.0114844944328069,-0.007702431641519,-0.0019104256061837,0.0095364889129996,0.0174946300685405,0.0118629373610019,-0.0240303426980972,-0.0004342261527199,0.0123772518709301,0.0013031614944338,0.0206926763057708,-0.0065075759775936,0.0083461692556738,-0.0002183039614465,0.0046336958184838,0.0006551382248289,0.0172839611768722,-0.0052378405816853,0.0079185171052813,0.0004387152730487,0.0038610489573329,0.0030702457297593,-0.0036052791401743,-0.0107127605006098,-0.0009004300227388,-0.0019889536779373,0.0102341808378696,0.0205934531986713,0.0166474264115095,0.0026035783812403,0.0133551945909857,-0.0006491836975328,-0.0090550128370523,-0.0006496054120361,0.0,-0.0277357008308172,0.00654355622828,-0.0238466616719961,0.0035178593825548,0.0089041274040937,0.0213173497468233,-0.016363663598895,0.0099177518859505,0.0159427560865879,0.0122428992763161,0.0113713890314102,0.0144064044579863,-0.0033730946015566,-0.0340691469609737,0.011281588114798,-0.0071462420746684,-0.007585902698338,0.008892067708075,0.0130396094173193,-0.008813695050776,-0.0017754511209204,0.0342448726296424,0.0024455450475215,-0.0551675744354724,0.02018185518682,-0.0140004735440015,-0.0002173548127757,0.0022904225625097,-0.0173951517790556,0.0006875722901895,-0.0066386200487613,0.0144153162837028,0.0080196168273687,-0.0231660343706607,0.0050828629173338,-0.005645889788866,0.0017590551869943,0.0052213291637599,0.0030728573910892,-0.0160822253674268,0.0019693686626851,0.0172688513994216,0.002183849690482,-0.0112334312871098,0.0,0.0115908710286021,-0.0146000906825065,-0.0357221364974975,0.0112781580537557,-0.0260405000299215,0.0052481791935861,0.0088285934180021,-0.000873680692166,0.0260715950280427,0.0111499410122633,0.002436252310872,-0.022062124684453,-0.0066182008013129,-0.0119315355876828,-0.0150919161506188,-0.0067536976371477,-0.0280596371413954,-0.0254389306709916,-0.0206611734797416,0.0157586853373195,-0.0334793640100383,0.0447299396877418,0.063939603715138,0.0545079505605325,0.0101209338081063,2019-03-01,2019-03-04,2019-03-05,2019-03-06,2019-03-07,2019-03-08,2019-03-11,2019-03-12,2019-03-13,2019-03-14,77878.0,2019-02-28,252.0,-1.3547%,0.0009,0.4077,0.2591,0.1773,1.2968%,1.3620%,9.3412%,-0.011961,LTC,77878.0,2019-03-01,252.0,-2.2062%,0.0008,0.3951,0.2403,0.1699,1.3050%,1.3652%,8.6139%,-0.02513,LTC,77878.0,2019-03-04,252.0,1.0359%,0.0008,0.4046,0.1983,0.1699,1.2988%,1.3602%,8.8212%,0.012623,LTC,77878.0,2019-03-05,252.0,0.5240%,0.0008,0.4034,0.1933,0.1668,1.2993%,1.3601%,8.7321%,0.006861,LTC,77878.0,2019-03-06,252.0,-1.6999%,0.0008,0.406,0.2203,0.1734,1.3012%,1.3637%,8.9567%,-0.011331,LTC,77878.0,2019-03-07,252.0,-0.1845%,0.0008,0.4062,0.2241,0.1748,1.3010%,1.3638%,8.9921%,0.002121,LTC,77878.0,2019-03-08,252.0,0.9933%,0.0007,0.4061,0.2039,0.1756,1.2974%,1.3594%,8.9122%,0.010922,LTC,77878.0,2019-03-11,252.0,1.9442%,0.0008,0.4127,0.2075,0.1742,1.2998%,1.3644%,9.2475%,0.01348,LTC,77878.0,2019-03-12,252.0,0.4936%,0.0008,0.4128,0.2058,0.1735,1.3000%,1.3639%,9.1443%,0.004535,LTC,77878.0,2019-03-13,252.0,0.5135%,0.0008,0.4137,0.1978,0.1726,1.2987%,1.3627%,9.1708%,0.002758,LTC,77878.0,2019-03-14,252.0,0.2221%,0.0009,0.409,0.1993,0.1719,1.2941%,1.3569%,9.0434%,0.002838,LTC,-0.037091,-0.0244679999999999,-0.0176069999999999,-0.0268169999999999,0.007716
15811,LANTRONIX INC,"Lantronix Reports Pres, CEO Jeff Benck Resigned; CFO Jeremy Whitaker Named Interim CEO; Reaffirms Q3 Guidance",6,uncertain,0.6,0.3,"the resignation of a ceo can create uncertainty about the company's direction, but the appointment of an interim ceo and reaffirmation of guidance may mitigate negative impacts.",1,2019-02-28,LTRX,2019-02-28 21:54:00+00:00,88542.0,51654820,-0.0487804450094699,64730.0,-0.1245420947670937,-0.0171233527362346,-0.0125523889437317,-0.0034129659179598,0.0847457870841026,-0.0067796544171869,0.0429688021540641,0.0034013572148978,0.0149812586605548,0.0137930894270539,-0.0036900332197546,0.0034602042287588,0.0481481030583381,0.0034722187556326,0.0353357419371604,0.0212766602635383,-0.0341297425329685,0.052238754928112,-0.0176678281277418,-0.003717468585819,-0.0215827133506536,0.0150943249464035,-0.0404412262141704,0.019230842590332,-0.0191570706665515,0.0276679582893848,-0.0078124925494194,-0.0193798262625932,-0.0551180578768253,0.0038910470902919,0.0666666030883789,-0.0077220005914568,0.0039062462747097,0.0,0.268482506275177,-0.0335821472108364,-0.0797545984387397,-0.0289854798465967,0.0333333015441894,-0.0349650010466575,-0.0258064270019531,-0.097791850566864,0.0066225104965269,0.0427631959319114,0.01644735224545,0.1135530918836594,0.1067637652158737,-0.1468750089406967,-0.0292113833129406,-0.0031152619048953,-0.0120481811463832,-0.0775862038135528,0.0548780709505081,0.0205278396606445,-0.0289017744362354,-0.0201149228960275,0.0029761877376586,-0.0141642922535538,-0.0118694249540567,0.0261627659201622,0.0210210736840963,-0.060109294950962,-0.0117647647857666,0.036827228963375,0.0714285746216774,0.0412978939712047,-0.0138888759538531,-0.0029411735013127,0.0084506962448358,0.0334346927702426,0.1284916400909424,0.0477706529200077,-0.0148514714092016,0.0979021713137626,-0.0452261455357074,-0.0272109396755695,0.0026315764989703,0.0,-0.0052493386901915,0.0137930894270539,-0.0474934205412864,0.0469314493238925,0.0083103077486157,0.0221401993185281,-0.0241208858788013,0.0503876432776451,-0.0146951405331492,-0.0095969652757048,-0.005714280065149,-0.0527272671461105,-0.0201149228960275,-0.0484429411590099,0.0117301940917968,-0.0068728453479707,-0.0173912867903709,0.0467626303434371,-0.0117994686588645,-0.0035842261277139,0.005970143713057,-0.0412371531128883,-0.0207714941352605,-0.0299999713897705,0.0242424737662077,0.0238907616585493,0.0207100380212068,-0.0084601882845163,-0.0144927399232983,0.0368421114981174,-0.0088235912844538,0.0,-0.0178041383624076,-0.0104167386889457,0.0241692345589399,-0.0739549174904823,0.0029498497024178,0.0614333860576152,0.0088235205039381,0.0280702337622642,0.0553935319185257,0.0477940700948238,-0.1245420947670936,-0.0171233527362346,-0.1355311828974418,-0.0204778772349044,-0.0622710925824223,-0.0271186987212411,-0.0073260041979305,-0.010344900153044,0.0183149980980343,0.0669144320576453,0.2197801732851512,-0.1656977227351839,0.3260072738902784,0.0551469962363242,2019-03-01,2019-03-04,2019-03-05,2019-03-06,2019-03-07,2019-03-08,2019-03-11,2019-03-12,2019-03-13,2019-03-14,88542.0,2019-02-28,252.0,-4.8780%,0.0013,0.8212,0.4712,-0.3539,4.2880%,4.4105%,5.4781%,-0.047348,LTRX,88542.0,2019-03-01,252.0,-12.4542%,0.0006,0.8224,0.4728,-0.2898,4.3598%,4.4749%,5.0788%,-0.133327,LTRX,88542.0,2019-03-04,252.0,-1.2552%,0.0007,0.8171,0.4957,-0.2896,4.3592%,4.4743%,5.0780%,-0.005345,LTRX,88542.0,2019-03-05,252.0,8.4746%,0.001,0.8059,0.4652,-0.3294,4.3920%,4.5052%,4.9628%,0.086887,LTRX,88542.0,2019-03-06,252.0,4.2969%,0.0012,0.7756,0.3597,-0.378,4.4041%,4.5110%,4.6826%,0.055642,LTRX,88542.0,2019-03-07,252.0,1.4981%,0.0013,0.7714,0.3769,-0.3786,4.4041%,4.5109%,4.6772%,0.020256,LTRX,88542.0,2019-03-08,252.0,-0.3690%,0.0014,0.7698,0.4126,-0.3831,4.3994%,4.5077%,4.7438%,-0.0029149999999999,LTRX,88542.0,2019-03-11,252.0,4.8148%,0.0015,0.7855,0.4437,-0.3734,4.4024%,4.5153%,4.9391%,0.03311,LTRX,88542.0,2019-03-12,252.0,3.5336%,0.0017,0.8103,0.4237,-0.3532,4.4041%,4.5193%,5.0311%,0.034226,LTRX,88542.0,2019-03-13,252.0,-3.4130%,0.0015,0.7976,0.4335,-0.3647,4.4108%,4.5244%,4.9609%,-0.038092,LTRX,88542.0,2019-03-14,252.0,-1.7668%,0.0015,0.7978,0.441,-0.3685,4.4118%,4.5261%,4.9858%,-0.014089,LTRX,-0.180675,-0.18602,-0.0991329999999999,-0.0232349999999999,-0.0109949999999999
15819,LIVE NATION ENTERTAINMENT INC,Live Nation Entertainment Q4 Sales $2.602B Beat $2.36B Estimate,6,increase,0.8,0.7,"the reported q4 sales of $2.602 billion exceeded the estimated $2.36 billion, indicating strong performance that is likely to positively impact investor sentiment and stock price.",2,2019-02-28,LYV,2019-02-28 21:25:00+00:00,91041.0,53803410,0.003726759692654,2104529.0,0.0792079120874404,0.0,-0.0045871986076235,-0.0073983087204396,0.0046083377674221,-0.0015828376635909,-0.0018021069699898,0.0177197363227605,-0.0024618664756417,0.0039532328955829,0.0001645629527047,-0.000718209776096,0.0238526202738285,-0.0115371234714984,0.0142994755879044,0.0175185333937406,-0.0071281604468822,0.0039890734478831,0.0140395825728774,0.0014527298044413,-0.0015733524924144,0.0194372311234474,-0.0059879808686673,-0.0033210387919098,-0.006975308060646,0.0132734915241599,0.0081417970359325,0.0063969921320676,0.0178938601166009,-0.0035620289854705,-0.0206906981766223,0.0031973291188478,-0.0020651479717344,0.007580020930618,0.0078000905923545,-0.0138291511684656,0.0003159130865242,0.0052601685747504,0.0090004689991474,0.0127473007887601,-0.0056338123977184,-0.0051107411272823,0.0147938691079616,-0.0104888100177049,0.0044974144548177,0.0096444459632039,0.0007720094872638,0.0015151861589401,-0.0266892872750759,-0.0013239965774118,-0.0025360572617501,-0.0216506663709878,0.0103289615362882,0.0173193141818046,-0.0023592563811689,0.011424190364778,0.0184455011039972,-0.0299224033951759,-0.0095975073054432,0.0035217539407312,0.0075023374520242,0.0089769875630736,0.0074465307407081,0.0086776632815599,-0.0001540211815154,0.0051193903200328,-0.0061605041846632,0.0120898308232426,0.0127072632312774,0.023772083222866,0.0022953562438488,0.0180000308901071,0.0140457740053534,0.0484378561377525,-0.0049684108234941,-0.0128338383510708,-0.004085287451744,-0.0190862659364938,0.0097234789282083,0.0209369454532861,-0.0073728240095078,-0.0118803363293409,-0.0095498692244291,0.005354166496545,-0.0247933156788349,0.0510822646319866,0.0006277008797042,-0.0525020025670528,0.0090965814888477,-0.0259688980877399,0.0052844886668026,-0.0211184602230787,-0.0131415966898202,-0.0281261801719665,0.0137865776196122,0.0049655903130769,-0.0009271760354749,-0.0285714454948902,0.0109821977093815,-0.0131819369271397,-0.0359547473490238,-0.0012799359392374,0.018092418089509,0.0097857974469661,0.0026500103995203,-0.0033124824985861,0.0009327978477813,-0.0139720644801855,-0.0116495219990611,-0.0246017593890428,-0.0103724636137485,0.0391760356724262,0.014768942259252,-0.0193001385778188,-0.0161189753562212,-0.0043103750795125,-0.0060441745445132,-0.0041137458756566,0.0126419756561517,0.0141483545303344,0.0792079120874404,0.0,0.0742573710557765,-0.0073983087204396,0.0792079118707445,-0.008969436062341,0.0746109859485499,0.01257856077766,0.1237623743558786,0.0232431215857107,0.1311880841942621,0.0444855883287798,0.1188118336791788,0.0221294594864926,2019-03-01,2019-03-04,2019-03-05,2019-03-06,2019-03-07,2019-03-08,2019-03-11,2019-03-12,2019-03-13,2019-03-14,91041.0,2019-02-28,252.0,0.3727%,0.0005,1.1837,0.1814,-0.3927,1.5619%,2.0791%,43.5650%,0.0062939999999999,LYV,91041.0,2019-03-01,252.0,7.9208%,0.0009,1.1678,0.1579,-0.4488,1.5883%,2.0994%,42.7610%,0.068499,LYV,91041.0,2019-03-04,252.0,-0.4587%,0.0011,1.1443,0.2334,-0.4421,1.5570%,2.0630%,43.0372%,0.003777,LYV,91041.0,2019-03-05,252.0,0.4608%,0.001,1.1369,0.1796,-0.4492,1.5465%,2.0466%,42.9025%,0.006126,LYV,91041.0,2019-03-06,252.0,-0.1802%,0.0011,1.1376,0.1571,-0.4515,1.5466%,2.0467%,42.8965%,0.0101,LYV,91041.0,2019-03-07,252.0,-0.2462%,0.0011,1.1365,0.1604,-0.452,1.5467%,2.0468%,42.9006%,0.005396,LYV,91041.0,2019-03-08,252.0,0.0165%,0.0012,1.1357,0.1717,-0.4538,1.5453%,2.0464%,42.9771%,0.001726,LYV,91041.0,2019-03-11,252.0,2.3853%,0.0011,1.1368,0.1802,-0.4495,1.5446%,2.0497%,43.2131%,0.003862,LYV,91041.0,2019-03-12,252.0,1.4299%,0.0012,1.1434,0.1742,-0.4445,1.5454%,2.0502%,43.1824%,0.011512,LYV,91041.0,2019-03-13,252.0,-0.7128%,0.0011,1.1387,0.1746,-0.4495,1.5475%,2.0503%,43.0316%,-0.014081,LYV,91041.0,2019-03-14,252.0,1.4040%,0.0012,1.1392,0.1665,-0.4454,1.5508%,2.0510%,42.8334%,0.017153,LYV,0.074793,0.07857,0.084696,0.100192,0.120364
15827,MASTERCARD INC,"Morgan Stanley Maintains Equal-Weight On Square As Firm As 'Continued strength in Subscription and Services helps top line growth, although we would have preferred to see upside from GPV as well'; Prefers 'other payment names like V, MA, PYPL, WP'",6,decrease,0.7,0.3,"the preference for other payment names over mastercard suggests a potential negative sentiment towards mastercard's stock, which could lead to a decrease in its price.",0,2019-02-28,MA,2019-02-28 15:58:00+00:00,91233.0,57636Q10,0.0008905772701837,3240405.0,0.0110334819182753,0.0025446754880249,-0.0042244521901011,0.0030449249316006,-0.0003093025297857,0.0,-0.0077358321286737,0.0182846654206514,-0.0091771623119711,-0.0081407586112618,-0.0024279868230223,0.0023573338985443,0.0169919524341821,-0.0068434751592576,0.0057614035904407,0.0104635963216424,0.0068740528076887,-0.0033100377768278,0.004420107230544,0.0074459346942603,0.0072328164242208,0.0083371605724096,-0.0033741348888725,0.002400980098173,0.0026910677552223,0.0121979741379618,-0.0048482539132237,-0.0061774351634085,0.026012422516942,-0.0025942628271877,-0.0216644797474145,0.0044204406440258,-0.0014733764110133,0.0053328312933444,0.0124554950743913,0.0125041408464312,-0.0033005659934133,0.0348495282232761,0.0100636342540383,0.023991160094738,0.0025121192447841,-0.0045963139273226,0.0152898961678147,-0.0136986235156655,0.0008784415549598,0.0157666020095348,-0.0013792603276669,0.0072598294354975,-0.0120118660852313,-0.0055650286376476,0.0024146714713424,-0.0125742238014936,-0.0001267827319679,0.0134965758770704,-0.0015236830804497,0.0077867889776825,0.0048747146502137,0.0063606756739318,-0.0043027261272072,0.0055775041691958,0.0118200667202472,-0.0023991896305233,0.0013398319715633,-0.0053313178941607,0.0039305980317294,0.0060274438001215,0.0037902605254203,0.0181506425142288,-0.0004564340633805,0.0072691012173891,0.0089667635038495,0.0076939649879932,0.0018103370675817,0.0473562330007553,0.007392450235784,-0.0451144315302372,0.0013046081876382,0.0057779573835432,0.0043564676307141,0.0133755384013056,0.0018242752412334,-0.0134082287549972,0.0287702847272157,0.0121225649490952,-0.0215937905013561,0.0674491822719574,-0.006271346937865,-0.003082416485995,0.0030745358671993,-0.0411581397056579,0.002782829105854,-0.0235677026212215,-0.0143983345478773,-0.0234330426901578,0.0011017884826287,0.0060908566229045,-8.154025999829173e-05,-0.0249833855777978,0.0086421063169837,-0.0182448979467153,-0.0244513116776943,-0.0066403048112988,0.0188913643360137,0.0128956595435738,0.0130519289523363,-0.0016156319761648,0.0171382874250412,0.0079389186576008,-0.0034330168273299,-0.0319720432162284,0.00372204487212,0.0124694490805268,0.0073769972659647,-0.0446487888693809,0.0060306754894554,0.0437160842120647,-0.0279096867889165,0.0224245078861713,0.0070075681433081,-0.0277832467108964,0.0110334819182753,0.0025446754880249,0.00676241931132,0.0055973487654619,0.0064510251481337,0.0055973487654619,-0.0104996244803702,0.0156483503404039,0.0210881802874776,0.025855390923694,0.0516068321825951,0.1491071813424955,0.1203952240499417,0.1120992165571661,2019-03-01,2019-03-04,2019-03-05,2019-03-06,2019-03-07,2019-03-08,2019-03-11,2019-03-12,2019-03-13,2019-03-14,91233.0,2019-02-28,252.0,0.0891%,0.0006,1.1974,-0.3386,-0.8899,0.8830%,1.7777%,75.3294%,0.00234,MA,91233.0,2019-03-01,252.0,1.1033%,0.0005,1.2018,-0.3321,-0.8827,0.8817%,1.7788%,75.4298%,-0.0002549999999999,MA,91233.0,2019-03-04,252.0,-0.4224%,0.0005,1.2032,-0.34,-0.8824,0.8816%,1.7769%,75.3820%,0.004049,MA,91233.0,2019-03-05,252.0,-0.0309%,0.0005,1.2037,-0.3378,-0.8813,0.8817%,1.7763%,75.3597%,-0.0015249999999999,MA,91233.0,2019-03-06,252.0,-0.7736%,0.0005,1.2006,-0.3299,-0.8837,0.8805%,1.7731%,75.3379%,-0.001618,MA,91233.0,2019-03-07,252.0,-0.9177%,0.0005,1.2037,-0.3204,-0.8768,0.8796%,1.7738%,75.4111%,-0.00257,MA,91233.0,2019-03-08,252.0,-0.2428%,0.0005,1.2044,-0.3281,-0.8753,0.8785%,1.7731%,75.4512%,-0.0012,MA,91233.0,2019-03-11,252.0,1.6992%,0.0005,1.2023,-0.3391,-0.8804,0.8770%,1.7760%,75.6141%,-0.004414,MA,91233.0,2019-03-12,252.0,0.5761%,0.0005,1.1998,-0.3388,-0.8831,0.8768%,1.7712%,75.4919%,0.0010119999999999,MA,91233.0,2019-03-13,252.0,0.6874%,0.0005,1.199,-0.336,-0.8833,0.8768%,1.7713%,75.4961%,-0.0017519999999999,MA,91233.0,2019-03-14,252.0,0.4420%,0.0005,1.1992,-0.3392,-0.8817,0.8777%,1.7704%,75.4213%,0.006801,MA,0.002085,0.006134,0.004609,0.0004209999999999,0.0008679999999999
15835,MAIN STREET CAPITAL CORP,"Main Street Capital Q4 EPS $0.69 Beats $0.63 Estimate, Sales $59.28M Miss $59.6M Estimate",6,uncertain,0.6,0.3,"while the earnings per share (eps) beat estimates, the sales miss could create mixed reactions among investors, leading to uncertainty in the stock price movement.",1,2019-02-28,MAIN,2019-02-28 22:47:00+00:00,92309.0,56035L10,-0.0020459850784391,194552.0,-0.0156330242753028,0.0033358288928866,-0.0119760241359472,-0.0020486048888415,-0.0121211875230073,-0.0040805879980325,-0.0122700156643986,0.0142265707254409,-0.0054009440355002,0.0054616145789623,0.0067879441194236,0.0119141694158315,0.0113268112763762,0.0216692760586738,-0.0018666585674509,-0.0013358064461499,0.0133582688868045,-0.0010675450321286,0.0084365857765078,0.0061761420220136,0.0049672843888401,0.0035031277220696,0.0080645522102713,0.0029729895759373,-0.0134193859994411,0.0005408452707342,-0.0092032207176089,-0.0077810818329453,0.001061595394276,-0.0063982373103499,-0.0140509698539972,0.0088756866753101,0.0059156017377972,0.0100515866652131,0.0018711492884904,-0.0016272731591016,-0.0010672602802515,0.0060026575811207,-0.0021366991568356,0.0065916418097913,-0.0042826510034501,-0.0051912195049226,0.0104838544502854,-0.0054348036646842,0.0002659835445228,0.0019057907629758,0.0002660142781678,0.002456336049363,-0.0031906124204397,0.003835599636659,0.0112029379233717,-0.0145788583904504,0.0044843573123216,0.0059750466607511,-0.005777342710644,0.0006758045055903,0.0044901785440742,0.0076274201273918,0.0055220327340066,0.0060289776884019,0.0039225341752171,0.0041277250275015,0.0002605401386972,0.0052558402530848,0.0080728530883789,0.0064032119698822,-0.0051665646024048,-0.0030530283693224,-0.0018271910957992,0.0103757409378886,0.0031380471773445,0.0226556044071912,0.0057351724244654,0.0258898846805095,-0.001555245486088,-0.0052676764316856,0.0051921275444328,0.0106476424261927,0.0059400708414614,-0.0259290616959333,0.0082156527787446,0.012619606219232,0.0050929654389619,0.0111469952389597,-0.0048138443380594,0.0463473983108997,0.0071283760480582,-0.0051907836459577,0.0101111652329564,-0.0123642897233367,-0.0005005119601264,-0.0463043004274368,-0.0065097226761281,-0.017241396009922,-0.0017641051672399,0.0025503018405288,0.000504934519995,-0.0508406795561313,0.0217007473111152,-0.0002667641965672,-0.0140776364132762,-0.0015983317280188,0.0140280909836292,0.003206914756447,0.0039525656029582,-0.0005342002841643,-0.0004921372747048,-0.0037254709750413,-0.0014770635170862,-0.0079197259619832,0.0066898032091557,-0.0073374942876398,0.0034457147121429,-0.0124223483726382,0.004660255741328,0.0101960627362132,-0.0080565921962261,-0.0049427323974668,0.0004922583466395,0.0007810148526914,-0.0156330242753028,0.0033358288928866,-0.0274218269352112,0.0012803902086668,-0.0392106293517134,-0.0028054225342839,-0.0561250284079984,0.0169050111560296,-0.0197334811574362,0.0552710295854828,-0.0148358366709171,0.082664241825318,0.0579360703483018,0.0423835634845723,2019-03-01,2019-03-04,2019-03-05,2019-03-06,2019-03-07,2019-03-08,2019-03-11,2019-03-12,2019-03-13,2019-03-14,92309.0,2019-02-28,252.0,-0.2046%,0.0005,0.5127,0.1539,0.0626,0.7406%,0.9122%,34.0963%,-0.0004,MAIN,92309.0,2019-03-01,252.0,-1.5633%,0.0005,0.5073,0.1458,0.0636,0.7512%,0.9165%,32.8073%,-0.01961,MAIN,92309.0,2019-03-04,252.0,-1.1976%,0.0004,0.508,0.1521,0.0614,0.7536%,0.9192%,32.7866%,-0.009093,MAIN,92309.0,2019-03-05,252.0,-1.2121%,0.0004,0.5087,0.1504,0.0661,0.7562%,0.9206%,32.5204%,-0.0107289999999999,MAIN,92309.0,2019-03-06,252.0,-1.2270%,0.0003,0.5059,0.1687,0.0654,0.7545%,0.9191%,32.6108%,-0.006218,MAIN,92309.0,2019-03-07,252.0,-0.5401%,0.0003,0.5052,0.1626,0.0627,0.7538%,0.9183%,32.6223%,-0.001008,MAIN,92309.0,2019-03-08,252.0,0.6788%,0.0003,0.5039,0.1666,0.0604,0.7549%,0.9191%,32.5277%,0.007835,MAIN,92309.0,2019-03-11,252.0,1.1327%,0.0003,0.5054,0.1724,0.063,0.7546%,0.9210%,32.8676%,0.003443,MAIN,92309.0,2019-03-12,252.0,-0.1867%,0.0003,0.5093,0.1729,0.0678,0.7542%,0.9208%,32.9193%,-0.002687,MAIN,92309.0,2019-03-13,252.0,1.3358%,0.0004,0.5126,0.1678,0.0701,0.7568%,0.9244%,32.9813%,0.010304,MAIN,92309.0,2019-03-14,252.0,0.8437%,0.0003,0.5168,0.1613,0.0735,0.7539%,0.9234%,33.3434%,0.009337,MAIN,-0.02001,-0.029103,-0.039832,-0.047058,-0.018826
15843,MARRIOTT INTERNATIONAL INC NEW,"Marriott International Q4 Adj. EPS $1.44 Beats $1.39 Estimate, Sales $5.29B Miss $5.48B Estimate",6,uncertain,0.6,0.2,"while the adjusted eps beat estimates, the sales miss could lead to mixed investor reactions, making the overall impact on the stock price uncertain.",1,2019-02-28,MAR,2019-02-28 21:32:00+00:00,85913.0,57190320,-0.0098479762673377,3311905.0,-0.0065458584576845,-0.0127557516098022,-0.0040979874320328,0.0007005883962847,0.010327567346394,-0.0027941681910306,-0.000798582274001,0.0115411290898919,-0.0231777615845203,0.0031503625214099,-0.0124366246163845,0.0404818691313266,-0.0037282267585396,0.0080957924947142,0.003659063950181,0.0204855855554342,-0.0041428450495004,-0.0020191641524434,-0.0047424882650375,0.035907294601202,0.022571450099349,-0.0078686000779271,0.0215827282518148,0.001472100499086,0.0063220304436981,-0.0003462022868916,-0.0165407694876194,-0.014922828413546,0.0112395845353603,0.0030792315956205,-0.00447783106938,0.0108949597924947,-0.0067469584755599,0.0094265677034854,-0.0008087182650342,0.0003492614778224,-0.011249590665102,0.0078317439183592,0.0156339835375547,0.022678155452013,0.0081398654729127,0.0053379531018435,0.0188664216548204,0.0061902622692286,0.0082385493442416,0.0148743595927953,0.0240466631948947,0.0013877466553822,0.0046356152743101,0.0077381520532071,0.0140695963054895,-0.0164144970476627,0.0063404901884496,0.0053471173159778,-0.0167519804090261,-0.0074121300131082,0.0007539095822721,-0.0081684654578566,0.0037664782721549,0.0189586896449327,0.0105065209791064,-0.0117894439026713,-0.0020794563461095,-0.005724714603275,0.0106423161923885,0.0077839386649429,0.0009572136914357,-0.0051020882092416,-0.0111821461468935,0.0162022039294242,0.0107878651469945,0.0018551580142229,0.0030914042145013,0.0596618801355361,-0.0058702896349132,-0.0532291196286678,0.0014762101927772,-0.0101326312869787,0.005675149615854,0.0123088378459215,-0.0035177408717572,0.0057207224890589,0.0033095311373472,0.0099450219422578,0.0178859587758779,0.0454500839114189,-0.0141869597136974,-0.0183709114789962,0.023741690441966,-0.0125732328742742,-0.0170543696731329,-0.0206786058843135,-0.018874816596508,-0.0170916337519884,-0.0028116139583289,0.0053872764110565,0.0051940116100013,0.0,-0.027755182236433,-0.0109324287623167,-0.0432769283652305,-0.011083866469562,0.0306324325501918,0.0003635455504991,0.0150920674204826,-0.0070390650071203,0.0051581026054918,-0.0039550783112645,-0.0120744919404387,-0.0352930948138237,-0.0232984721660614,0.0160352401435375,0.0122789926826953,-0.0504475757479667,-0.0128254359588027,0.0391202308237552,-0.0264537297189235,-0.0558929555118084,0.0087966779246926,-0.0028644413687288,-0.0065458584576845,-0.0127557516098022,-0.0106170210440258,-0.0120640997450812,-0.000399101697482,-0.0148245588123507,-0.0243473745940304,-0.0003150423442296,-0.0451025315890507,0.1062402189441615,0.0637024305573514,0.1738648259596589,0.001710112186259,0.0387920333426241,2019-03-01,2019-03-04,2019-03-05,2019-03-06,2019-03-07,2019-03-08,2019-03-11,2019-03-12,2019-03-13,2019-03-14,85913.0,2019-02-28,252.0,-0.9848%,-0.0005,0.9858,0.2546,-0.2392,1.1954%,1.6407%,46.9146%,-0.007527,MAR,85913.0,2019-03-01,252.0,-0.6546%,-0.0007,1.0035,0.2809,-0.2049,1.1792%,1.6350%,47.9793%,-0.015429,MAR,85913.0,2019-03-04,252.0,-0.4098%,-0.0007,0.9955,0.3045,-0.2021,1.1749%,1.6271%,47.8596%,0.002953,MAR,85913.0,2019-03-05,252.0,1.0328%,-0.0006,0.9924,0.2893,-0.209,1.1775%,1.6257%,47.5375%,0.0123889999999999,MAR,85913.0,2019-03-06,252.0,-0.0799%,-0.0004,1.0068,0.2485,-0.1983,1.1574%,1.6165%,48.7342%,0.0111759999999999,MAR,85913.0,2019-03-07,252.0,-2.3178%,-0.0005,1.0115,0.2418,-0.194,1.1598%,1.6205%,48.7778%,-0.0154919999999999,MAR,85913.0,2019-03-08,252.0,-1.2437%,-0.0006,1.0134,0.2336,-0.1905,1.1607%,1.6210%,48.7314%,-0.010752,MAR,85913.0,2019-03-11,252.0,-0.3728%,-0.0007,1.003,0.2246,-0.1903,1.1675%,1.6210%,48.1246%,-0.02075,MAR,85913.0,2019-03-12,252.0,0.3659%,-0.0007,0.9921,0.2259,-0.2022,1.1647%,1.6110%,47.7340%,0.0015379999999999,MAR,85913.0,2019-03-13,252.0,-0.4143%,-0.0007,0.9888,0.2377,-0.2031,1.1645%,1.6100%,47.6876%,-0.010095,MAR,85913.0,2019-03-14,252.0,-0.4742%,-0.0007,0.9905,0.2375,-0.203,1.1637%,1.6102%,47.7688%,-0.00226,MAR,-0.022956,-0.020003,-0.007614,-0.01193,-0.054249
15851,M D U RESOURCES GROUP INC,MDU Resources Group's Knife River Subsidiary Acquires Texas Aggregate Deposits; Terms Not Disclosed,6,increase,0.7,0.6,"the acquisition of aggregate deposits by knife river could enhance mdu resources group's operational capacity and revenue potential, likely leading to a positive market reaction.",2,2019-02-28,MDU,2019-02-28 21:35:00+00:00,23835.0,55269010,0.0083969198167324,1175613.0,0.0068130320869386,0.0026789745315909,0.0022556190378963,-0.0235426407307386,-0.0093773445114493,-0.0103550544008612,-0.0064369584433734,0.0082028796896338,0.0038109901361167,0.0113121885806322,-0.0129081299528479,0.0064516155980527,0.0157692246139049,0.0038095384370535,0.0022718464024364,0.0,-0.019928203895688,0.0003811062779277,-0.0019424722995609,0.0115651208907365,0.0023355183657258,0.0069875894114375,0.0015534335980191,-0.0030959723517298,-0.0147344339638948,0.0031055870931595,-0.0086579816415905,0.0206022374331951,0.0103215649724006,-0.0220844522118568,-0.0039292881265282,0.0034992285072803,0.0059171444736421,0.0066536236554384,0.0098039219155907,-0.0062232539057731,-0.0023300764150917,0.0142011316493153,-0.0042818454094231,0.0103627033531665,0.0097732599824666,0.0011971542844548,0.0065814973786473,-0.0075247734785079,-0.0123076802119612,-0.0059054968878626,0.0,0.0083366045728325,0.0097352024167776,0.0092148017138242,0.0119552435353398,-0.0008006588323041,-0.0087652262300252,0.0137987080961465,-0.0103806406259536,0.0090089812874794,-0.0038850186392664,0.0,0.0042901956476271,0.0213299971073865,0.0015534335980191,-0.0156443417072296,-0.0015510241501033,-0.001644020085223,-0.006601944565773,0.0116424402222037,-0.0086004426702857,-0.009064738638699,0.009069382213056,0.0116715589538216,-0.007034009322524,-0.0111294500529766,0.0062967278063297,0.0129436096176505,0.0015643690712749,0.0165535360574722,-0.0042952210642397,-0.0117449956014752,0.0031372518278658,0.0123142646625638,-0.004691198002547,0.0107296137139201,0.0271013565361499,0.0043102786876261,-0.0267685987055301,0.0065076583996415,0.0188604928553104,-0.0572597756981849,0.0227535720914602,-0.0093192681670188,-0.0090497648343443,-0.0044372975826263,-0.0125570744276046,-0.0004031581338495,-0.0034682138357311,-0.0158730763942003,-0.0081206876784563,-0.0407308600842952,0.0035087778232991,0.0003808160254266,-0.0062160002999007,0.0026727642398327,-0.0117278825491666,0.0147058935835957,0.0023733964189887,-0.0015354705974459,0.0003946420329157,0.0015378318494185,-0.0071006035432219,0.0073586576618254,0.0019864614587277,-0.0256603881716728,0.0087232841178774,-0.0119313830509781,-0.0023585443850606,0.0132225304841995,-0.0015760051319375,0.0157329179346561,0.0035517029464244,0.0038520949892699,0.0068130320869386,0.0026789745315909,0.009084018729716,-0.0209267363340717,-0.0003785097549102,-0.0310650932417612,-0.003028006007388,-0.0120663524733235,-0.0199808058202639,0.0100231399272858,-0.0176919526226304,0.0957758657575447,-0.029899264946768,0.0170484953889566,2019-03-01,2019-03-04,2019-03-05,2019-03-06,2019-03-07,2019-03-08,2019-03-11,2019-03-12,2019-03-13,2019-03-14,23835.0,2019-02-28,252.0,0.8397%,0.0001,0.2936,-0.0486,0.1012,1.1176%,1.1543%,6.2702%,0.0095389999999999,MDU,23835.0,2019-03-01,252.0,0.6813%,0.0002,0.2895,-0.0547,0.0925,1.1167%,1.1527%,6.1413%,0.005155,MDU,23835.0,2019-03-04,252.0,0.2256%,0.0001,0.2935,-0.0704,0.0921,1.1154%,1.1523%,6.3095%,0.0030919999999999,MDU,23835.0,2019-03-05,252.0,-0.9377%,0.0001,0.2948,-0.0656,0.0964,1.1168%,1.1539%,6.3172%,-0.008966,MDU,23835.0,2019-03-06,252.0,-0.6437%,0.0,0.2884,-0.048,0.0915,1.1127%,1.1480%,6.0607%,-0.004916,MDU,23835.0,2019-03-07,252.0,0.3811%,0.0001,0.2892,-0.0313,0.0974,1.1091%,1.1446%,6.0994%,0.0063539999999999,MDU,23835.0,2019-03-08,252.0,-1.2908%,0.0,0.2912,-0.0373,0.1009,1.1113%,1.1471%,6.1487%,-0.0121809999999999,MDU,23835.0,2019-03-11,252.0,1.5769%,0.0001,0.2978,-0.042,0.0948,1.1117%,1.1497%,6.4930%,0.011999,MDU,23835.0,2019-03-12,252.0,0.2272%,0.0001,0.2959,-0.0421,0.0926,1.1116%,1.1487%,6.3437%,0.001396,MDU,23835.0,2019-03-13,252.0,-1.9928%,-0.0,0.289,-0.0443,0.0846,1.1162%,1.1517%,6.0747%,-0.022239,MDU,23835.0,2019-03-14,252.0,-0.1942%,-0.0001,0.2912,-0.0444,0.0847,1.1150%,1.1511%,6.1648%,-0.002179,MDU,0.0146939999999999,0.017786,0.00882,0.010258,-0.012946
15859,M G E ENERGY INC,MGE Energy Offers Q4 Financial Update,6,uncertain,0.5,0.5,the impact on mge energy's stock price is uncertain as a financial update could contain both positive and negative information that may influence investor sentiment in different ways.,1,2019-02-28,MGEE,2019-02-28 20:59:00+00:00,50789.0,55277P10,0.0005838827928528,63180.0,0.0115770576521754,-0.0035685917828232,0.0068047447130084,-0.0084615852683782,-0.0093702096492052,-0.0270917173475027,-0.0173670183867216,0.0118127940222621,0.0050497031770646,0.0053288438357412,0.0084786424413323,-0.001975341932848,0.0197726394981145,0.0204682853072881,-0.0036640895996242,0.006241247523576,-0.0018388406606391,-0.0063566458411514,-0.0081363031640648,-0.0108878863975405,0.0246091373264789,0.0095990523695945,0.0095166908577084,-0.0023169838823378,-0.0125692645087838,-0.000308898568619,-0.0078799314796924,0.014887960627675,0.0085534984245896,-0.0054551474750041,-0.0016659187385812,0.0026566961314529,0.0,0.0073992633260786,0.0172936804592609,-0.0122842034325003,0.0047718416899442,0.0220915358513593,0.0023746462538838,0.0153299486264586,0.0063666021451354,-0.0119579080492258,-0.0101515734568238,-0.0138364350423216,0.0,-0.0282658301293849,-0.0056479973718523,0.0430278405547142,0.0013452366692945,0.0194963570684194,0.0192566197365522,0.0110052255913615,-0.0101054841652512,0.0167000666260719,-0.0041426066309213,0.0161208342760801,0.005199912469834,0.0097669586539268,-0.0010346928611397,0.0077706919983029,0.0039947372861206,-0.0268862135708332,-0.0032419867347925,-0.0033495356328785,-0.011531620286405,0.0116909286007285,-0.0053843944333493,-0.0102297598496079,-0.0006015175022184,0.0189678836613893,-0.0112849837169051,-0.0182855241000652,0.0141531014814972,0.0207191612571477,0.0097539247944951,0.0036089173518121,0.0008916266378946,-0.0295196883380413,-0.0005939260008744,0.005196941550821,-0.0005942789721302,0.0330793187022209,0.0077301068231463,-0.0391079783439636,-0.0109160328283906,-0.0323671251535415,-0.0032811516430228,-0.0654627308249473,0.0229686666280031,-0.0055373054929077,-0.0032911356538534,-0.0049143978394567,-0.007778086233884,-0.004742844030261,-0.0187842659652233,-0.0025132787413895,0.014018696732819,0.0147014055401086,0.0220009423792362,-0.0147797800600528,0.0074182129465043,-0.0004431788693182,-0.0064973225817084,0.0121113220229744,0.0065398137085139,0.008595984429121,0.0085185719653964,0.0051538022235035,0.0058697732165455,0.0059469253756105,0.0021349489688873,0.013914680108428,0.0041186376474797,-0.0220743734389543,0.0096181090921163,0.0007565903360955,-0.0021013435907661,0.024174764752388,-0.005475319456309,-0.009807713329792,0.0115770576521754,-0.0035685917828232,0.0184605812870346,-0.011999981107543,0.0089173921209237,-0.0387665983587048,-0.0035982417462799,-0.022228975256703,0.0107947816279743,-0.015181688010908,0.057415492179845,0.1089622080395618,0.1082602970931223,-0.0145645232720905,2019-03-01,2019-03-04,2019-03-05,2019-03-06,2019-03-07,2019-03-08,2019-03-11,2019-03-12,2019-03-13,2019-03-14,50789.0,2019-02-28,252.0,0.0584%,0.0007,0.2524,0.2658,0.0954,1.3341%,1.3637%,4.2987%,0.001487,MGEE,50789.0,2019-03-01,252.0,1.1577%,0.0009,0.2386,0.2453,0.07,1.3252%,1.3523%,3.9640%,0.00928,MGEE,50789.0,2019-03-04,252.0,0.6805%,0.0009,0.2396,0.2348,0.0713,1.3258%,1.3526%,3.9129%,0.0086629999999999,MGEE,50789.0,2019-03-05,252.0,-0.9370%,0.0009,0.2431,0.256,0.0772,1.3259%,1.3538%,4.0877%,-0.008154,MGEE,50789.0,2019-03-06,252.0,-1.7367%,0.0007,0.2306,0.2984,0.0687,1.3111%,1.3403%,4.3047%,-0.01222,MGEE,50789.0,2019-03-07,252.0,0.5050%,0.0008,0.2309,0.3132,0.0734,1.3089%,1.3388%,4.4237%,0.007286,MGEE,50789.0,2019-03-08,252.0,0.8479%,0.0008,0.23,0.3105,0.072,1.3098%,1.3393%,4.3683%,0.008865,MGEE,50789.0,2019-03-11,252.0,1.9773%,0.0009,0.2377,0.3145,0.0703,1.3129%,1.3444%,4.6373%,0.0155129999999999,MGEE,50789.0,2019-03-12,252.0,-0.3664%,0.0009,0.2394,0.316,0.073,1.3131%,1.3447%,4.6538%,-0.003411,MGEE,50789.0,2019-03-13,252.0,-0.1839%,0.0008,0.2387,0.3086,0.0704,1.3112%,1.3423%,4.5938%,-0.002604,MGEE,50789.0,2019-03-14,252.0,-0.8136%,0.0008,0.2394,0.3119,0.0687,1.3118%,1.3434%,4.6536%,-0.006934,MGEE,0.010767,0.01943,0.011276,0.0063419999999999,0.017771
15867,MONSTER BEVERAGE CORP NEW,"BMO Capital Maintains Outperform on Monster Beverage, Raises Price Target to $62",6,increase,0.8,0.6,maintaining an 'outperform' rating and raising the price target typically signals positive sentiment and potential for stock price appreciation.,2,2019-02-28,MNST,2019-02-28 14:28:00+00:00,88031.0,61174X10,0.0866530463099479,10470563.0,0.0142565565183758,0.0,0.0043249735608696,0.0034164802636951,-0.0369116850197315,0.0017111959168687,-0.0140529749915003,-0.0074728676117956,-0.0024295679759234,0.0030664447695016,-0.015911666676402,0.0080714616924524,0.0095693450421094,-0.0083447154611349,-0.0156888235360384,0.0015350528992712,-0.0076373750343918,-0.0114651881158351,-0.0016731184441596,0.0071319746784865,0.0100553426891565,0.0153448171913623,0.0054753278382122,0.0019001660402864,-0.0442244298756122,0.0080097345635294,-0.0245165433734655,0.0012203572550788,-0.0407079495489597,-0.0043395245447754,-0.0127306720241904,-0.0097971754148602,0.0194356366991996,0.0039689308032393,0.0196150261908769,0.0124038970097899,-0.0133045287802815,0.0181430168449878,-0.0076530971564352,0.0133381700143218,0.0022035024594515,-0.0014399177161976,-0.023818302899599,-0.0051924278959631,0.0009384957375004,0.0088511174544692,-0.0138758979737758,0.0032620569691061,0.0053241830319166,-0.0054073403589427,0.0001891835854621,-0.0017992494395002,0.0035930147860199,0.0241385921835899,0.0305257011204958,0.008548580110073,0.0051198136061429,-0.0173483751714229,-0.0040022050961852,0.0112649453803896,-0.0315981656312942,-0.0040463013574481,0.0198038332164287,0.0208411682397127,0.0024043105076998,-0.0013126478297635,0.0127306021749973,0.0094643188640475,0.005647683981806,0.0623366646468639,-0.004166658502072,-0.0012050888035446,0.0229215621948242,0.0372916869819164,0.0104926228523254,-0.0155865121632814,0.0190074238926172,-0.0093458527699112,0.0302245244383812,0.003670479170978,-0.0160939283668994,-0.0080905687063932,0.0155051946640014,0.0069246469065546,-0.0278523471206426,0.0239832680672407,0.0008630143711343,-0.0058054900728166,0.0882910639047622,-0.0199146419763565,-0.0077642477117478,-0.0046520945616066,-0.0162887331098318,-0.034940481185913,0.0012987310765311,-0.0003902528260368,0.0038910158909857,-0.0273296386003494,0.0174418911337852,-0.0138499280437827,-0.0104761878028512,-0.0698119476437568,0.0001603837299626,-0.0024314553011208,0.011547734029591,0.011062353849411,0.0136356530711054,-0.0080125257372856,-0.0046926205977797,-0.0147588914260268,-0.0003143243375234,0.0076084835454821,0.0020437205675989,-0.0361666344106197,0.0040790447965264,0.0053619253449141,-0.0120312571525573,0.0149660045281052,0.0030048810876905,-0.0050761294551193,0.0142565565183758,0.0,0.0186431893092566,0.0034164802636951,-0.0189566472420213,0.0051335224476412,-0.0350932410290781,0.0006814463636071,-0.0651731715559059,-0.0025470839949279,-0.1422528831006743,0.0847645420775433,-0.0064233662803666,-0.0060913097174539,2019-03-01,2019-03-04,2019-03-05,2019-03-06,2019-03-07,2019-03-08,2019-03-11,2019-03-12,2019-03-13,2019-03-14,88031.0,2019-02-28,252.0,8.6653%,0.0,0.8948,-0.2145,-0.0264,1.7289%,1.9696%,22.9456%,0.08948,MNST,88031.0,2019-03-01,252.0,1.4257%,0.0001,0.8943,-0.2152,-0.0309,1.7296%,1.9700%,22.9184%,0.008241,MNST,88031.0,2019-03-04,252.0,0.4325%,0.0006,0.8313,-0.0131,-0.013,1.5117%,1.7448%,24.9318%,0.008145,MNST,88031.0,2019-03-05,252.0,-3.6912%,0.0005,0.839,0.0231,0.0059,1.5281%,1.7609%,24.6986%,-0.03566,MNST,88031.0,2019-03-06,252.0,-1.4053%,0.0004,0.8314,0.0473,0.0006,1.5235%,1.7542%,24.5642%,-0.0068059999999999,MNST,88031.0,2019-03-07,252.0,-0.2430%,0.0004,0.8308,0.0522,0.0012,1.5234%,1.7542%,24.5829%,0.004333,MNST,88031.0,2019-03-08,252.0,-1.5912%,0.0004,0.8326,0.0558,0.0038,1.5260%,1.7572%,24.5796%,-0.0141979999999999,MNST,88031.0,2019-03-11,252.0,0.9569%,0.0003,0.8301,0.0726,0.0148,1.5210%,1.7523%,24.6601%,-0.003107,MNST,88031.0,2019-03-12,252.0,-1.5689%,0.0002,0.8222,0.0824,0.0098,1.5245%,1.7501%,24.1260%,-0.017639,MNST,88031.0,2019-03-13,252.0,-0.7637%,0.0001,0.8181,0.0832,0.0055,1.5262%,1.7504%,23.9795%,-0.013063,MNST,88031.0,2019-03-14,252.0,-0.1673%,0.0001,0.8207,0.0821,0.0061,1.5249%,1.7502%,24.0877%,-0.000621,MNST,0.097721,0.105866,0.070206,0.067733,0.019105
15875,MONSTER BEVERAGE CORP NEW,Monster Beverage shares are trading higher after the company reported better than expected Q4 EPS and revenue results.,6,increase,0.85,0.7,"better than expected q4 eps and revenue results typically lead to positive investor sentiment, which is likely to drive the stock price higher.",2,2019-02-28,MNST,2019-02-28 13:43:00+00:00,88031.0,61174X10,0.0866530463099479,10470563.0,0.0142565565183758,0.0,0.0043249735608696,0.0034164802636951,-0.0369116850197315,0.0017111959168687,-0.0140529749915003,-0.0074728676117956,-0.0024295679759234,0.0030664447695016,-0.015911666676402,0.0080714616924524,0.0095693450421094,-0.0083447154611349,-0.0156888235360384,0.0015350528992712,-0.0076373750343918,-0.0114651881158351,-0.0016731184441596,0.0071319746784865,0.0100553426891565,0.0153448171913623,0.0054753278382122,0.0019001660402864,-0.0442244298756122,0.0080097345635294,-0.0245165433734655,0.0012203572550788,-0.0407079495489597,-0.0043395245447754,-0.0127306720241904,-0.0097971754148602,0.0194356366991996,0.0039689308032393,0.0196150261908769,0.0124038970097899,-0.0133045287802815,0.0181430168449878,-0.0076530971564352,0.0133381700143218,0.0022035024594515,-0.0014399177161976,-0.023818302899599,-0.0051924278959631,0.0009384957375004,0.0088511174544692,-0.0138758979737758,0.0032620569691061,0.0053241830319166,-0.0054073403589427,0.0001891835854621,-0.0017992494395002,0.0035930147860199,0.0241385921835899,0.0305257011204958,0.008548580110073,0.0051198136061429,-0.0173483751714229,-0.0040022050961852,0.0112649453803896,-0.0315981656312942,-0.0040463013574481,0.0198038332164287,0.0208411682397127,0.0024043105076998,-0.0013126478297635,0.0127306021749973,0.0094643188640475,0.005647683981806,0.0623366646468639,-0.004166658502072,-0.0012050888035446,0.0229215621948242,0.0372916869819164,0.0104926228523254,-0.0155865121632814,0.0190074238926172,-0.0093458527699112,0.0302245244383812,0.003670479170978,-0.0160939283668994,-0.0080905687063932,0.0155051946640014,0.0069246469065546,-0.0278523471206426,0.0239832680672407,0.0008630143711343,-0.0058054900728166,0.0882910639047622,-0.0199146419763565,-0.0077642477117478,-0.0046520945616066,-0.0162887331098318,-0.034940481185913,0.0012987310765311,-0.0003902528260368,0.0038910158909857,-0.0273296386003494,0.0174418911337852,-0.0138499280437827,-0.0104761878028512,-0.0698119476437568,0.0001603837299626,-0.0024314553011208,0.011547734029591,0.011062353849411,0.0136356530711054,-0.0080125257372856,-0.0046926205977797,-0.0147588914260268,-0.0003143243375234,0.0076084835454821,0.0020437205675989,-0.0361666344106197,0.0040790447965264,0.0053619253449141,-0.0120312571525573,0.0149660045281052,0.0030048810876905,-0.0050761294551193,0.0142565565183758,0.0,0.0186431893092566,0.0034164802636951,-0.0189566472420213,0.0051335224476412,-0.0350932410290781,0.0006814463636071,-0.0651731715559059,-0.0025470839949279,-0.1422528831006743,0.0847645420775433,-0.0064233662803666,-0.0060913097174539,2019-03-01,2019-03-04,2019-03-05,2019-03-06,2019-03-07,2019-03-08,2019-03-11,2019-03-12,2019-03-13,2019-03-14,88031.0,2019-02-28,252.0,8.6653%,0.0,0.8948,-0.2145,-0.0264,1.7289%,1.9696%,22.9456%,0.08948,MNST,88031.0,2019-03-01,252.0,1.4257%,0.0001,0.8943,-0.2152,-0.0309,1.7296%,1.9700%,22.9184%,0.008241,MNST,88031.0,2019-03-04,252.0,0.4325%,0.0006,0.8313,-0.0131,-0.013,1.5117%,1.7448%,24.9318%,0.008145,MNST,88031.0,2019-03-05,252.0,-3.6912%,0.0005,0.839,0.0231,0.0059,1.5281%,1.7609%,24.6986%,-0.03566,MNST,88031.0,2019-03-06,252.0,-1.4053%,0.0004,0.8314,0.0473,0.0006,1.5235%,1.7542%,24.5642%,-0.0068059999999999,MNST,88031.0,2019-03-07,252.0,-0.2430%,0.0004,0.8308,0.0522,0.0012,1.5234%,1.7542%,24.5829%,0.004333,MNST,88031.0,2019-03-08,252.0,-1.5912%,0.0004,0.8326,0.0558,0.0038,1.5260%,1.7572%,24.5796%,-0.0141979999999999,MNST,88031.0,2019-03-11,252.0,0.9569%,0.0003,0.8301,0.0726,0.0148,1.5210%,1.7523%,24.6601%,-0.003107,MNST,88031.0,2019-03-12,252.0,-1.5689%,0.0002,0.8222,0.0824,0.0098,1.5245%,1.7501%,24.1260%,-0.017639,MNST,88031.0,2019-03-13,252.0,-0.7637%,0.0001,0.8181,0.0832,0.0055,1.5262%,1.7504%,23.9795%,-0.013063,MNST,88031.0,2019-03-14,252.0,-0.1673%,0.0001,0.8207,0.0821,0.0061,1.5249%,1.7502%,24.0877%,-0.000621,MNST,0.097721,0.105866,0.070206,0.067733,0.019105
15883,MONSTER BEVERAGE CORP NEW,"Morgan Stanley Maintains Equal-Weight on Monster Beverage, Raises Price Target to $62",6,increase,0.7,0.5,"raising the price target typically signals positive sentiment about the company's future performance, which may lead to an increase in stock price.",2,2019-02-28,MNST,2019-02-28 13:30:00+00:00,88031.0,61174X10,0.0866530463099479,10470563.0,0.0142565565183758,0.0,0.0043249735608696,0.0034164802636951,-0.0369116850197315,0.0017111959168687,-0.0140529749915003,-0.0074728676117956,-0.0024295679759234,0.0030664447695016,-0.015911666676402,0.0080714616924524,0.0095693450421094,-0.0083447154611349,-0.0156888235360384,0.0015350528992712,-0.0076373750343918,-0.0114651881158351,-0.0016731184441596,0.0071319746784865,0.0100553426891565,0.0153448171913623,0.0054753278382122,0.0019001660402864,-0.0442244298756122,0.0080097345635294,-0.0245165433734655,0.0012203572550788,-0.0407079495489597,-0.0043395245447754,-0.0127306720241904,-0.0097971754148602,0.0194356366991996,0.0039689308032393,0.0196150261908769,0.0124038970097899,-0.0133045287802815,0.0181430168449878,-0.0076530971564352,0.0133381700143218,0.0022035024594515,-0.0014399177161976,-0.023818302899599,-0.0051924278959631,0.0009384957375004,0.0088511174544692,-0.0138758979737758,0.0032620569691061,0.0053241830319166,-0.0054073403589427,0.0001891835854621,-0.0017992494395002,0.0035930147860199,0.0241385921835899,0.0305257011204958,0.008548580110073,0.0051198136061429,-0.0173483751714229,-0.0040022050961852,0.0112649453803896,-0.0315981656312942,-0.0040463013574481,0.0198038332164287,0.0208411682397127,0.0024043105076998,-0.0013126478297635,0.0127306021749973,0.0094643188640475,0.005647683981806,0.0623366646468639,-0.004166658502072,-0.0012050888035446,0.0229215621948242,0.0372916869819164,0.0104926228523254,-0.0155865121632814,0.0190074238926172,-0.0093458527699112,0.0302245244383812,0.003670479170978,-0.0160939283668994,-0.0080905687063932,0.0155051946640014,0.0069246469065546,-0.0278523471206426,0.0239832680672407,0.0008630143711343,-0.0058054900728166,0.0882910639047622,-0.0199146419763565,-0.0077642477117478,-0.0046520945616066,-0.0162887331098318,-0.034940481185913,0.0012987310765311,-0.0003902528260368,0.0038910158909857,-0.0273296386003494,0.0174418911337852,-0.0138499280437827,-0.0104761878028512,-0.0698119476437568,0.0001603837299626,-0.0024314553011208,0.011547734029591,0.011062353849411,0.0136356530711054,-0.0080125257372856,-0.0046926205977797,-0.0147588914260268,-0.0003143243375234,0.0076084835454821,0.0020437205675989,-0.0361666344106197,0.0040790447965264,0.0053619253449141,-0.0120312571525573,0.0149660045281052,0.0030048810876905,-0.0050761294551193,0.0142565565183758,0.0,0.0186431893092566,0.0034164802636951,-0.0189566472420213,0.0051335224476412,-0.0350932410290781,0.0006814463636071,-0.0651731715559059,-0.0025470839949279,-0.1422528831006743,0.0847645420775433,-0.0064233662803666,-0.0060913097174539,2019-03-01,2019-03-04,2019-03-05,2019-03-06,2019-03-07,2019-03-08,2019-03-11,2019-03-12,2019-03-13,2019-03-14,88031.0,2019-02-28,252.0,8.6653%,0.0,0.8948,-0.2145,-0.0264,1.7289%,1.9696%,22.9456%,0.08948,MNST,88031.0,2019-03-01,252.0,1.4257%,0.0001,0.8943,-0.2152,-0.0309,1.7296%,1.9700%,22.9184%,0.008241,MNST,88031.0,2019-03-04,252.0,0.4325%,0.0006,0.8313,-0.0131,-0.013,1.5117%,1.7448%,24.9318%,0.008145,MNST,88031.0,2019-03-05,252.0,-3.6912%,0.0005,0.839,0.0231,0.0059,1.5281%,1.7609%,24.6986%,-0.03566,MNST,88031.0,2019-03-06,252.0,-1.4053%,0.0004,0.8314,0.0473,0.0006,1.5235%,1.7542%,24.5642%,-0.0068059999999999,MNST,88031.0,2019-03-07,252.0,-0.2430%,0.0004,0.8308,0.0522,0.0012,1.5234%,1.7542%,24.5829%,0.004333,MNST,88031.0,2019-03-08,252.0,-1.5912%,0.0004,0.8326,0.0558,0.0038,1.5260%,1.7572%,24.5796%,-0.0141979999999999,MNST,88031.0,2019-03-11,252.0,0.9569%,0.0003,0.8301,0.0726,0.0148,1.5210%,1.7523%,24.6601%,-0.003107,MNST,88031.0,2019-03-12,252.0,-1.5689%,0.0002,0.8222,0.0824,0.0098,1.5245%,1.7501%,24.1260%,-0.017639,MNST,88031.0,2019-03-13,252.0,-0.7637%,0.0001,0.8181,0.0832,0.0055,1.5262%,1.7504%,23.9795%,-0.013063,MNST,88031.0,2019-03-14,252.0,-0.1673%,0.0001,0.8207,0.0821,0.0061,1.5249%,1.7502%,24.0877%,-0.000621,MNST,0.097721,0.105866,0.070206,0.067733,0.019105
15891,MOLINA HEALTHCARE INC,Cowen & Co. Initiates Coverage On Molina Healthcare with Market Perform Rating,6,uncertain,0.6,0.2,"the initiation of coverage with a market perform rating suggests a neutral stance, which may not significantly impact the stock price in either direction.",1,2019-02-28,MOH,2019-02-28 14:06:00+00:00,89781.0,60855R10,-0.0406185202300548,1031401.0,0.0280025918036699,-0.0377151481807231,-0.0409681983292102,0.0015796408988535,0.0101710697636008,0.0273055136203765,-0.0345316603779792,0.0377827361226081,0.0068752369843423,-0.0079900547862052,0.0169557072222232,0.0208364054560661,0.0248962882906198,-0.0035465918481349,0.0227456465363502,-0.0054380181245505,0.0203685164451599,-0.0067877722904086,-0.0115680284798145,0.0588916838169097,-0.0052095265127718,-0.0561674609780311,0.025968512520194,0.0013878922909498,0.0182491987943649,-0.0065312711521983,-0.0209435075521469,-0.0034711868502199,0.0400476306676864,-0.002092866692692,-0.0122057972475886,0.0162071473896503,-0.015360458754003,-0.0180037450045347,-0.0972057804465293,0.0442172139883041,0.0220412798225879,-0.0076119722798466,0.0384730622172355,-0.0044576972723007,0.0272070169448852,-0.0112392473965883,0.0193011425435543,0.0059857931919395,-0.0138907711952924,0.0121167572215199,0.0166795495897531,-0.0012698750942945,0.0014475180068984,-0.0052018440328538,0.0143171930685639,-0.0174503456801176,0.0008822263916954,0.0115215135738253,-0.0128144230693578,-0.004192154854536,-0.0024725315161049,0.0063651883974671,-0.0255439728498458,0.017777781933546,-0.0857768654823303,-0.0047233831137418,0.0200169738382101,0.0025557095650583,-0.0749355927109718,0.018760984763503,-0.0443934649229049,0.017769455909729,0.0343704670667648,0.0896815061569213,0.004474651068449,0.073773443698883,0.0225210003554821,0.0355052128434181,-0.0018555525457486,-0.0619186647236347,0.004445485305041,-0.0286525711417198,0.0339583903551101,0.0225232932716608,0.0018677735934033,-0.0069893011823296,0.0069914488121867,-0.002614177763462,-0.0218313802033662,0.0634788051247596,-0.0003943458141293,-0.0223771855235099,0.0119131719693541,-0.0362350605428218,0.0135662369430065,-0.0234481580555439,-0.0227692238986492,-0.0091247195377945,0.0190491639077663,-0.0136666614562273,-0.0083423592150211,-0.0889766290783882,0.0058420314453542,-0.0775263831019401,-0.0200573373585939,0.0073368134908378,0.0146198710426688,0.0441988967359066,0.0094244619831442,0.0192972477525472,0.0011573602678254,0.0028613675385713,-0.0004624089342541,-0.0271774344146251,0.000539687462151,-0.0249286107718944,0.0357583202421665,0.0111222965642809,-0.0038689661305397,-0.0089471042156219,-0.048028141260147,0.0115118129178881,0.0367987640202045,0.0395905040204525,0.0280025918036699,-0.0377151481807231,-0.0141128222602849,-0.0361950836724422,-0.0040852949964548,-0.0098778954022742,-0.0318651771869783,0.0193215928121732,0.0408527016334763,0.0845506020055393,0.0512515241786304,0.0570998232518609,-0.0184951792194866,0.0562245954143201,2019-03-01,2019-03-04,2019-03-05,2019-03-06,2019-03-07,2019-03-08,2019-03-11,2019-03-12,2019-03-13,2019-03-14,89781.0,2019-02-28,252.0,-4.0619%,0.0022,0.9615,0.2768,-0.593,2.1921%,2.5161%,24.0905%,-0.039335,MOH,89781.0,2019-03-01,252.0,2.8003%,0.0023,0.9631,0.2792,-0.5978,2.1943%,2.5197%,24.1613%,0.017815,MOH,89781.0,2019-03-04,252.0,-4.0968%,0.0021,0.9675,0.2959,-0.6061,2.2052%,2.5342%,24.2797%,-0.032602,MOH,89781.0,2019-03-05,252.0,1.0171%,0.0022,0.966,0.2901,-0.6105,2.2059%,2.5334%,24.1790%,0.011189,MOH,89781.0,2019-03-06,252.0,-3.4532%,0.0021,0.9735,0.3434,-0.5948,2.2110%,2.5430%,24.4032%,-0.022607,MOH,89781.0,2019-03-07,252.0,0.6875%,0.0021,0.9705,0.3507,-0.5967,2.2114%,2.5430%,24.3774%,0.013045,MOH,89781.0,2019-03-08,252.0,1.6956%,0.0022,0.9685,0.3485,-0.5998,2.2136%,2.5442%,24.2982%,0.017811,MOH,89781.0,2019-03-11,252.0,2.4896%,0.0022,0.9707,0.3443,-0.6033,2.2134%,2.5480%,24.5409%,0.0060019999999999,MOH,89781.0,2019-03-12,252.0,2.2746%,0.0023,0.9778,0.3345,-0.5993,2.2160%,2.5507%,24.5201%,0.02071,MOH,89781.0,2019-03-13,252.0,2.0369%,0.0024,0.982,0.3284,-0.5962,2.2175%,2.5531%,24.5619%,0.01518,MOH,89781.0,2019-03-14,252.0,-1.1568%,0.0023,0.9838,0.3322,-0.5981,2.2177%,2.5547%,24.6398%,-0.007541,MOH,-0.02152,-0.054122,-0.042933,-0.052495,-0.0003329999999999
15899,MOSAIC CO NEW,Mosaic Non-Timely 10-K Filing Shows 10-K Will Be Filed On Or Before 15 Calendar Days Following Prescribed Due Date,6,uncertain,0.6,0.3,"the non-timely filing of a 10-k may raise concerns about the company's compliance and transparency, but the actual impact on stock price will depend on investor sentiment and the reasons behind the delay.",1,2019-02-28,MOS,2019-02-28 17:57:00+00:00,90386.0,61945C10,-0.0279763061553239,5143306.0,-0.0086344880983233,0.0232187546789646,-0.0058064614422619,-0.0405858978629112,-0.030175220221281,0.0145511217415332,-0.0212445594370365,-0.0262284893542528,-0.0448169521987438,-0.0092593003064394,0.0035816754680126,0.0371747463941574,0.0246252175420522,0.0052942438051104,-0.0013932082802057,0.005322481971234,0.0027903704904019,-0.003743008011952,-0.012869594618678,0.0053308871574699,0.0116279050707817,0.0313712581992149,-0.0024381643161177,-0.0086566349491477,-0.0031424635089933,-0.0066878688521683,-0.0129596823826432,-0.0326555594801902,0.0042583011090755,0.0080744819715619,-0.0512367114424705,0.0078247264027595,0.0029795130249112,-0.0199385806918144,-0.0189379956573247,0.0099132498726248,0.0068130320869386,0.0115950778126716,0.0214285589754581,0.0040905964560806,0.0051527195610105,0.0060145785100758,0.0194068364799022,-0.0094073135405778,-0.0118534453213214,0.0283779148012399,-0.0054525486193597,-0.00481385178864,0.0131578473374247,0.0061349868774414,0.0072150351479649,-0.0381988026201725,-0.0025071525014936,0.0075094392523169,-0.014721717685461,0.0149253513664007,-0.0029154489748179,0.0028662469703704,-0.0131579171866178,0.0006373632350005,-0.0074074356816709,-0.008217453956604,-0.0063432864844799,0.0022172853350639,0.0078858807682991,0.0070175216533243,0.0022354496177285,-0.0003188848495483,0.0063197053968906,0.0241672024130821,0.0033247193787246,0.0075683267787098,-0.0121502177789807,0.0681897550821304,-0.0190085805952549,-0.0250171199440956,-0.0102583765983581,-0.0010270037455484,0.0049904440529644,0.0135322483256459,-0.0019098985940217,-0.0250338222831487,-0.0007653483189642,0.0085295122116804,-0.0114898942410945,0.0600361600518226,-0.0216969959437847,-0.0318627394735813,0.0146534983068704,-0.0079889353364706,-0.0136612169444561,-0.026707200333476,-0.0799366980791091,-0.0247279927134513,0.0292473249137401,0.0089820511639118,-0.0117008229717612,-0.0281280577182769,0.0105708250775933,0.0006470545777119,-0.0414225868880748,0.0,-0.0043649226427078,-0.0633333399891853,0.0004384142521303,-0.0060241194441914,0.014899218454957,-0.0095465304329991,-0.0155440680682659,-0.0298118330538272,-0.0140350749716162,-0.0199829805642366,0.0164591129869222,-0.0428649447858333,-0.0223194845020771,0.0238889064639806,-0.0322291553020477,-0.0046999771147966,-0.0009250905131921,0.0240656416863203,-0.0086344880983233,0.0232187546789646,-0.0143908137183687,-0.018309497189851,-0.0441317879665345,-0.0040247991709535,-0.1063677891725777,-0.0391278775982268,-0.0916446526683698,0.008780145634931,-0.1358141264821812,0.0251752430718832,-0.3086512883399915,-0.0885255908696557,2019-03-01,2019-03-04,2019-03-05,2019-03-06,2019-03-07,2019-03-08,2019-03-11,2019-03-12,2019-03-13,2019-03-14,90386.0,2019-02-28,252.0,-2.7976%,0.0008,1.2748,-0.0439,0.4543,1.6398%,2.0611%,36.7005%,-0.022931,MOS,90386.0,2019-03-01,252.0,-0.8634%,0.0008,1.2693,-0.0521,0.4535,1.6431%,2.0586%,36.2962%,-0.015959,MOS,90386.0,2019-03-04,252.0,-0.5806%,0.0007,1.2772,-0.0768,0.451,1.6398%,2.0590%,36.5781%,-0.001273,MOS,90386.0,2019-03-05,252.0,-3.0175%,0.0006,1.28,-0.0736,0.4633,1.6483%,2.0664%,36.3668%,-0.02725,MOS,90386.0,2019-03-06,252.0,-2.1245%,0.0004,1.2687,-0.0343,0.4558,1.6387%,2.0509%,36.1616%,-0.011695,MOS,90386.0,2019-03-07,252.0,-4.4817%,0.0003,1.2875,-0.0078,0.4883,1.6497%,2.0699%,36.4799%,-0.033023,MOS,90386.0,2019-03-08,252.0,0.3582%,0.0004,1.2855,0.0094,0.4843,1.6473%,2.0673%,36.4999%,0.007158,MOS,90386.0,2019-03-11,252.0,2.4625%,0.0005,1.2895,0.0099,0.4825,1.6479%,2.0729%,36.8039%,0.007865,MOS,90386.0,2019-03-12,252.0,-0.1393%,0.0004,1.2793,0.0142,0.4726,1.6465%,2.0612%,36.1906%,-0.004293,MOS,90386.0,2019-03-13,252.0,0.2790%,0.0004,1.2764,0.0334,0.4741,1.6416%,2.0564%,36.2742%,-0.006331,MOS,90386.0,2019-03-14,252.0,-1.2870%,0.0004,1.2778,0.0391,0.4711,1.6430%,2.0580%,36.2649%,-0.012969,MOS,-0.03889,-0.040163,-0.067413,-0.112131,-0.120701
15907,MOSAIC CO NEW,Mosaic Says Late Filing Due to Complex Nature of Global Phosphate and Potash Operations from Vale,6,uncertain,0.6,0.3,"the late filing may raise concerns about operational complexities, but it could also indicate a thorough approach to managing global operations, leading to mixed investor reactions.",1,2019-02-28,MOS,2019-02-28 17:50:00+00:00,90386.0,61945C10,-0.0279763061553239,5143306.0,-0.0086344880983233,0.0232187546789646,-0.0058064614422619,-0.0405858978629112,-0.030175220221281,0.0145511217415332,-0.0212445594370365,-0.0262284893542528,-0.0448169521987438,-0.0092593003064394,0.0035816754680126,0.0371747463941574,0.0246252175420522,0.0052942438051104,-0.0013932082802057,0.005322481971234,0.0027903704904019,-0.003743008011952,-0.012869594618678,0.0053308871574699,0.0116279050707817,0.0313712581992149,-0.0024381643161177,-0.0086566349491477,-0.0031424635089933,-0.0066878688521683,-0.0129596823826432,-0.0326555594801902,0.0042583011090755,0.0080744819715619,-0.0512367114424705,0.0078247264027595,0.0029795130249112,-0.0199385806918144,-0.0189379956573247,0.0099132498726248,0.0068130320869386,0.0115950778126716,0.0214285589754581,0.0040905964560806,0.0051527195610105,0.0060145785100758,0.0194068364799022,-0.0094073135405778,-0.0118534453213214,0.0283779148012399,-0.0054525486193597,-0.00481385178864,0.0131578473374247,0.0061349868774414,0.0072150351479649,-0.0381988026201725,-0.0025071525014936,0.0075094392523169,-0.014721717685461,0.0149253513664007,-0.0029154489748179,0.0028662469703704,-0.0131579171866178,0.0006373632350005,-0.0074074356816709,-0.008217453956604,-0.0063432864844799,0.0022172853350639,0.0078858807682991,0.0070175216533243,0.0022354496177285,-0.0003188848495483,0.0063197053968906,0.0241672024130821,0.0033247193787246,0.0075683267787098,-0.0121502177789807,0.0681897550821304,-0.0190085805952549,-0.0250171199440956,-0.0102583765983581,-0.0010270037455484,0.0049904440529644,0.0135322483256459,-0.0019098985940217,-0.0250338222831487,-0.0007653483189642,0.0085295122116804,-0.0114898942410945,0.0600361600518226,-0.0216969959437847,-0.0318627394735813,0.0146534983068704,-0.0079889353364706,-0.0136612169444561,-0.026707200333476,-0.0799366980791091,-0.0247279927134513,0.0292473249137401,0.0089820511639118,-0.0117008229717612,-0.0281280577182769,0.0105708250775933,0.0006470545777119,-0.0414225868880748,0.0,-0.0043649226427078,-0.0633333399891853,0.0004384142521303,-0.0060241194441914,0.014899218454957,-0.0095465304329991,-0.0155440680682659,-0.0298118330538272,-0.0140350749716162,-0.0199829805642366,0.0164591129869222,-0.0428649447858333,-0.0223194845020771,0.0238889064639806,-0.0322291553020477,-0.0046999771147966,-0.0009250905131921,0.0240656416863203,-0.0086344880983233,0.0232187546789646,-0.0143908137183687,-0.018309497189851,-0.0441317879665345,-0.0040247991709535,-0.1063677891725777,-0.0391278775982268,-0.0916446526683698,0.008780145634931,-0.1358141264821812,0.0251752430718832,-0.3086512883399915,-0.0885255908696557,2019-03-01,2019-03-04,2019-03-05,2019-03-06,2019-03-07,2019-03-08,2019-03-11,2019-03-12,2019-03-13,2019-03-14,90386.0,2019-02-28,252.0,-2.7976%,0.0008,1.2748,-0.0439,0.4543,1.6398%,2.0611%,36.7005%,-0.022931,MOS,90386.0,2019-03-01,252.0,-0.8634%,0.0008,1.2693,-0.0521,0.4535,1.6431%,2.0586%,36.2962%,-0.015959,MOS,90386.0,2019-03-04,252.0,-0.5806%,0.0007,1.2772,-0.0768,0.451,1.6398%,2.0590%,36.5781%,-0.001273,MOS,90386.0,2019-03-05,252.0,-3.0175%,0.0006,1.28,-0.0736,0.4633,1.6483%,2.0664%,36.3668%,-0.02725,MOS,90386.0,2019-03-06,252.0,-2.1245%,0.0004,1.2687,-0.0343,0.4558,1.6387%,2.0509%,36.1616%,-0.011695,MOS,90386.0,2019-03-07,252.0,-4.4817%,0.0003,1.2875,-0.0078,0.4883,1.6497%,2.0699%,36.4799%,-0.033023,MOS,90386.0,2019-03-08,252.0,0.3582%,0.0004,1.2855,0.0094,0.4843,1.6473%,2.0673%,36.4999%,0.007158,MOS,90386.0,2019-03-11,252.0,2.4625%,0.0005,1.2895,0.0099,0.4825,1.6479%,2.0729%,36.8039%,0.007865,MOS,90386.0,2019-03-12,252.0,-0.1393%,0.0004,1.2793,0.0142,0.4726,1.6465%,2.0612%,36.1906%,-0.004293,MOS,90386.0,2019-03-13,252.0,0.2790%,0.0004,1.2764,0.0334,0.4741,1.6416%,2.0564%,36.2742%,-0.006331,MOS,90386.0,2019-03-14,252.0,-1.2870%,0.0004,1.2778,0.0391,0.4711,1.6430%,2.0580%,36.2649%,-0.012969,MOS,-0.03889,-0.040163,-0.067413,-0.112131,-0.120701
15915,MOSAIC CO NEW,Mosaic Co Files For Non-Timely 10-K,6,decrease,0.8,0.6,"filing for a non-timely 10-k may raise concerns about the company's financial reporting and governance, likely leading to a decrease in investor confidence and stock price.",0,2019-02-28,MOS,2019-02-28 17:47:00+00:00,90386.0,61945C10,-0.0279763061553239,5143306.0,-0.0086344880983233,0.0232187546789646,-0.0058064614422619,-0.0405858978629112,-0.030175220221281,0.0145511217415332,-0.0212445594370365,-0.0262284893542528,-0.0448169521987438,-0.0092593003064394,0.0035816754680126,0.0371747463941574,0.0246252175420522,0.0052942438051104,-0.0013932082802057,0.005322481971234,0.0027903704904019,-0.003743008011952,-0.012869594618678,0.0053308871574699,0.0116279050707817,0.0313712581992149,-0.0024381643161177,-0.0086566349491477,-0.0031424635089933,-0.0066878688521683,-0.0129596823826432,-0.0326555594801902,0.0042583011090755,0.0080744819715619,-0.0512367114424705,0.0078247264027595,0.0029795130249112,-0.0199385806918144,-0.0189379956573247,0.0099132498726248,0.0068130320869386,0.0115950778126716,0.0214285589754581,0.0040905964560806,0.0051527195610105,0.0060145785100758,0.0194068364799022,-0.0094073135405778,-0.0118534453213214,0.0283779148012399,-0.0054525486193597,-0.00481385178864,0.0131578473374247,0.0061349868774414,0.0072150351479649,-0.0381988026201725,-0.0025071525014936,0.0075094392523169,-0.014721717685461,0.0149253513664007,-0.0029154489748179,0.0028662469703704,-0.0131579171866178,0.0006373632350005,-0.0074074356816709,-0.008217453956604,-0.0063432864844799,0.0022172853350639,0.0078858807682991,0.0070175216533243,0.0022354496177285,-0.0003188848495483,0.0063197053968906,0.0241672024130821,0.0033247193787246,0.0075683267787098,-0.0121502177789807,0.0681897550821304,-0.0190085805952549,-0.0250171199440956,-0.0102583765983581,-0.0010270037455484,0.0049904440529644,0.0135322483256459,-0.0019098985940217,-0.0250338222831487,-0.0007653483189642,0.0085295122116804,-0.0114898942410945,0.0600361600518226,-0.0216969959437847,-0.0318627394735813,0.0146534983068704,-0.0079889353364706,-0.0136612169444561,-0.026707200333476,-0.0799366980791091,-0.0247279927134513,0.0292473249137401,0.0089820511639118,-0.0117008229717612,-0.0281280577182769,0.0105708250775933,0.0006470545777119,-0.0414225868880748,0.0,-0.0043649226427078,-0.0633333399891853,0.0004384142521303,-0.0060241194441914,0.014899218454957,-0.0095465304329991,-0.0155440680682659,-0.0298118330538272,-0.0140350749716162,-0.0199829805642366,0.0164591129869222,-0.0428649447858333,-0.0223194845020771,0.0238889064639806,-0.0322291553020477,-0.0046999771147966,-0.0009250905131921,0.0240656416863203,-0.0086344880983233,0.0232187546789646,-0.0143908137183687,-0.018309497189851,-0.0441317879665345,-0.0040247991709535,-0.1063677891725777,-0.0391278775982268,-0.0916446526683698,0.008780145634931,-0.1358141264821812,0.0251752430718832,-0.3086512883399915,-0.0885255908696557,2019-03-01,2019-03-04,2019-03-05,2019-03-06,2019-03-07,2019-03-08,2019-03-11,2019-03-12,2019-03-13,2019-03-14,90386.0,2019-02-28,252.0,-2.7976%,0.0008,1.2748,-0.0439,0.4543,1.6398%,2.0611%,36.7005%,-0.022931,MOS,90386.0,2019-03-01,252.0,-0.8634%,0.0008,1.2693,-0.0521,0.4535,1.6431%,2.0586%,36.2962%,-0.015959,MOS,90386.0,2019-03-04,252.0,-0.5806%,0.0007,1.2772,-0.0768,0.451,1.6398%,2.0590%,36.5781%,-0.001273,MOS,90386.0,2019-03-05,252.0,-3.0175%,0.0006,1.28,-0.0736,0.4633,1.6483%,2.0664%,36.3668%,-0.02725,MOS,90386.0,2019-03-06,252.0,-2.1245%,0.0004,1.2687,-0.0343,0.4558,1.6387%,2.0509%,36.1616%,-0.011695,MOS,90386.0,2019-03-07,252.0,-4.4817%,0.0003,1.2875,-0.0078,0.4883,1.6497%,2.0699%,36.4799%,-0.033023,MOS,90386.0,2019-03-08,252.0,0.3582%,0.0004,1.2855,0.0094,0.4843,1.6473%,2.0673%,36.4999%,0.007158,MOS,90386.0,2019-03-11,252.0,2.4625%,0.0005,1.2895,0.0099,0.4825,1.6479%,2.0729%,36.8039%,0.007865,MOS,90386.0,2019-03-12,252.0,-0.1393%,0.0004,1.2793,0.0142,0.4726,1.6465%,2.0612%,36.1906%,-0.004293,MOS,90386.0,2019-03-13,252.0,0.2790%,0.0004,1.2764,0.0334,0.4741,1.6416%,2.0564%,36.2742%,-0.006331,MOS,90386.0,2019-03-14,252.0,-1.2870%,0.0004,1.2778,0.0391,0.4711,1.6430%,2.0580%,36.2649%,-0.012969,MOS,-0.03889,-0.040163,-0.067413,-0.112131,-0.120701
15923,MYERS INDUSTRIES INC,Myers Industries Sees FY19 EPS $0.75-$0.85 vs $0.81 Est.,6,uncertain,0.6,0.2,"the earnings per share (eps) guidance is slightly below the estimate, which could lead to mixed reactions from investors, making the stock price movement uncertain.",1,2019-02-28,MYE,2019-02-28 11:37:00+00:00,65365.0,62846410,0.1003460064530373,252814.0,-0.0382599346339702,-0.0153322229161858,0.0534059703350067,-0.0117844603955745,-0.0196585189551115,-0.0121951885521411,-0.0195251088589429,0.0255827605724334,-0.0091496277600526,-0.0095720766112208,-0.0010863909265026,0.0079454816877841,0.0157694909721612,0.0244186073541641,-0.0198073256760835,0.0195613466203212,-0.0043691932223737,0.0089713837951421,-0.0016455721342936,-0.0017910858150571,-0.0175825040787458,0.0200974382460117,0.0240492355078458,0.022415978834033,-0.0019115277100354,-0.0104744350537657,-0.0099228397011756,-0.0181488879024982,0.0027840281836688,0.0073126656934618,-0.0538589283823967,-0.0030376208014786,0.0146713610738515,0.0104357376694679,-0.0011567644542083,0.0018450606148689,0.0011581040453165,0.0,0.0052052191458642,0.0118233067914843,-0.0155350156128406,-0.0031018077861517,0.0122734699398279,-0.0224377773702144,-0.0092378668487071,0.0179011728614568,0.0017482917755842,0.0106051201000809,0.00988947506994,-0.0012460156576707,0.0115206707268953,-0.0123077388852834,-0.0011388696730136,-0.0085417572408914,-0.0091221062466502,0.0142326448112726,0.0466053746640682,0.0138017740100622,-0.0087960334494709,0.0037783039733767,0.0138657791540026,-0.0037640819791704,-0.0032823507208377,0.0101394075900316,0.0153677659109234,0.0154440011829137,-0.0075675346888601,-0.001926765195094,0.0010892456630244,0.0304434187710285,-0.0141457198187708,-0.0065746470354497,0.0049667903222143,0.0375170670449733,-0.0060405661351978,-0.0386885330080986,-0.0237569231539964,0.0092654097825288,0.0181097723543644,-0.0006613907753489,-0.0044469106942415,0.0120482137426734,-0.0011167201446369,0.0067385057918727,-0.0061486139893531,0.0319888740777969,-0.0016873276326805,-0.0197682324796915,0.0112676490098238,-0.0147750340402126,0.0128133445978164,-0.0026791668497025,-0.032453253865242,-0.0158206839114427,0.0034109984990209,-0.0104370415210723,0.0130311362445354,-0.0223214533179998,0.005033565685153,-0.0031785911414772,-0.0050083557143807,-0.0162601768970489,0.0072707533836364,0.0107458960264921,0.0105497241020202,-0.0012626551324501,0.0,-0.0240295380353927,-0.0175825040787458,0.0012338346568867,-0.0083892410621047,0.0145871182903647,0.0084602152928709,-0.0283473655581474,-0.010626321658492,0.0048484802246093,-0.0237422306090593,0.0091742882505059,0.0005790520226582,-0.0197841674089431,-0.0382599346339702,-0.0153322229161858,0.0131027267669554,-0.0269360013380285,-0.0068133723906679,-0.0388027002750117,-0.0351153070646347,-0.023648652218034,-0.0461215483279765,0.0352238906260464,-0.0479988383513435,0.0919395521910497,-0.0875995510289804,0.0482260651688304,2019-03-01,2019-03-04,2019-03-05,2019-03-06,2019-03-07,2019-03-08,2019-03-11,2019-03-12,2019-03-13,2019-03-14,65365.0,2019-02-28,252.0,10.0346%,0.0005,0.9841,1.1429,0.8339,2.5055%,2.7242%,15.4073%,0.105365,MYE,65365.0,2019-03-01,252.0,-3.8260%,0.0003,0.9757,1.1304,0.8422,2.5221%,2.7332%,14.8539%,-0.045414,MYE,65365.0,2019-03-04,252.0,5.3406%,0.0005,0.9698,1.0966,0.8559,2.5494%,2.7535%,14.2741%,0.059626,MYE,65365.0,2019-03-05,252.0,-1.9659%,0.0004,0.9696,1.0867,0.8606,2.5499%,2.7516%,14.1213%,-0.012646,MYE,65365.0,2019-03-06,252.0,-1.9525%,0.0004,0.9667,1.0858,0.8572,2.5498%,2.7533%,14.2372%,0.001878,MYE,65365.0,2019-03-07,252.0,-0.9150%,0.0003,0.9584,1.0481,0.8354,2.5424%,2.7406%,13.9428%,0.002276,MYE,65365.0,2019-03-08,252.0,-0.1086%,0.0003,0.958,1.0513,0.8346,2.5423%,2.7406%,13.9441%,0.001828,MYE,65365.0,2019-03-11,252.0,1.5769%,0.0002,0.9576,1.0851,0.8541,2.5323%,2.7352%,14.2834%,0.001961,MYE,65365.0,2019-03-12,252.0,-1.9807%,0.0001,0.9597,1.0931,0.8599,2.5349%,2.7370%,14.2206%,-0.01857,MYE,65365.0,2019-03-13,252.0,-0.4369%,0.0001,0.9568,1.1014,0.8588,2.5351%,2.7371%,14.2100%,-0.008176,MYE,65365.0,2019-03-14,252.0,-0.1646%,0.0001,0.9627,1.0978,0.8606,2.5315%,2.7351%,14.3303%,0.001161,MYE,0.059951,0.1195769999999999,0.1069309999999999,0.1110849999999999,0.0892889999999999
15931,MYERS INDUSTRIES INC,"Myers Industries Q4 EPS $0.07, Inline, Sales $138.39M Beat $129.39M Estimate",6,increase,0.7,0.6,"the sales beat expectations, which is likely to positively influence investor sentiment despite the eps being inline.",2,2019-02-28,MYE,2019-02-28 11:36:00+00:00,65365.0,62846410,0.1003460064530373,252814.0,-0.0382599346339702,-0.0153322229161858,0.0534059703350067,-0.0117844603955745,-0.0196585189551115,-0.0121951885521411,-0.0195251088589429,0.0255827605724334,-0.0091496277600526,-0.0095720766112208,-0.0010863909265026,0.0079454816877841,0.0157694909721612,0.0244186073541641,-0.0198073256760835,0.0195613466203212,-0.0043691932223737,0.0089713837951421,-0.0016455721342936,-0.0017910858150571,-0.0175825040787458,0.0200974382460117,0.0240492355078458,0.022415978834033,-0.0019115277100354,-0.0104744350537657,-0.0099228397011756,-0.0181488879024982,0.0027840281836688,0.0073126656934618,-0.0538589283823967,-0.0030376208014786,0.0146713610738515,0.0104357376694679,-0.0011567644542083,0.0018450606148689,0.0011581040453165,0.0,0.0052052191458642,0.0118233067914843,-0.0155350156128406,-0.0031018077861517,0.0122734699398279,-0.0224377773702144,-0.0092378668487071,0.0179011728614568,0.0017482917755842,0.0106051201000809,0.00988947506994,-0.0012460156576707,0.0115206707268953,-0.0123077388852834,-0.0011388696730136,-0.0085417572408914,-0.0091221062466502,0.0142326448112726,0.0466053746640682,0.0138017740100622,-0.0087960334494709,0.0037783039733767,0.0138657791540026,-0.0037640819791704,-0.0032823507208377,0.0101394075900316,0.0153677659109234,0.0154440011829137,-0.0075675346888601,-0.001926765195094,0.0010892456630244,0.0304434187710285,-0.0141457198187708,-0.0065746470354497,0.0049667903222143,0.0375170670449733,-0.0060405661351978,-0.0386885330080986,-0.0237569231539964,0.0092654097825288,0.0181097723543644,-0.0006613907753489,-0.0044469106942415,0.0120482137426734,-0.0011167201446369,0.0067385057918727,-0.0061486139893531,0.0319888740777969,-0.0016873276326805,-0.0197682324796915,0.0112676490098238,-0.0147750340402126,0.0128133445978164,-0.0026791668497025,-0.032453253865242,-0.0158206839114427,0.0034109984990209,-0.0104370415210723,0.0130311362445354,-0.0223214533179998,0.005033565685153,-0.0031785911414772,-0.0050083557143807,-0.0162601768970489,0.0072707533836364,0.0107458960264921,0.0105497241020202,-0.0012626551324501,0.0,-0.0240295380353927,-0.0175825040787458,0.0012338346568867,-0.0083892410621047,0.0145871182903647,0.0084602152928709,-0.0283473655581474,-0.010626321658492,0.0048484802246093,-0.0237422306090593,0.0091742882505059,0.0005790520226582,-0.0197841674089431,-0.0382599346339702,-0.0153322229161858,0.0131027267669554,-0.0269360013380285,-0.0068133723906679,-0.0388027002750117,-0.0351153070646347,-0.023648652218034,-0.0461215483279765,0.0352238906260464,-0.0479988383513435,0.0919395521910497,-0.0875995510289804,0.0482260651688304,2019-03-01,2019-03-04,2019-03-05,2019-03-06,2019-03-07,2019-03-08,2019-03-11,2019-03-12,2019-03-13,2019-03-14,65365.0,2019-02-28,252.0,10.0346%,0.0005,0.9841,1.1429,0.8339,2.5055%,2.7242%,15.4073%,0.105365,MYE,65365.0,2019-03-01,252.0,-3.8260%,0.0003,0.9757,1.1304,0.8422,2.5221%,2.7332%,14.8539%,-0.045414,MYE,65365.0,2019-03-04,252.0,5.3406%,0.0005,0.9698,1.0966,0.8559,2.5494%,2.7535%,14.2741%,0.059626,MYE,65365.0,2019-03-05,252.0,-1.9659%,0.0004,0.9696,1.0867,0.8606,2.5499%,2.7516%,14.1213%,-0.012646,MYE,65365.0,2019-03-06,252.0,-1.9525%,0.0004,0.9667,1.0858,0.8572,2.5498%,2.7533%,14.2372%,0.001878,MYE,65365.0,2019-03-07,252.0,-0.9150%,0.0003,0.9584,1.0481,0.8354,2.5424%,2.7406%,13.9428%,0.002276,MYE,65365.0,2019-03-08,252.0,-0.1086%,0.0003,0.958,1.0513,0.8346,2.5423%,2.7406%,13.9441%,0.001828,MYE,65365.0,2019-03-11,252.0,1.5769%,0.0002,0.9576,1.0851,0.8541,2.5323%,2.7352%,14.2834%,0.001961,MYE,65365.0,2019-03-12,252.0,-1.9807%,0.0001,0.9597,1.0931,0.8599,2.5349%,2.7370%,14.2206%,-0.01857,MYE,65365.0,2019-03-13,252.0,-0.4369%,0.0001,0.9568,1.1014,0.8588,2.5351%,2.7371%,14.2100%,-0.008176,MYE,65365.0,2019-03-14,252.0,-0.1646%,0.0001,0.9627,1.0978,0.8606,2.5315%,2.7351%,14.3303%,0.001161,MYE,0.059951,0.1195769999999999,0.1069309999999999,0.1110849999999999,0.0892889999999999
15939,NAVIDEA BIOPHARMACEUTICALS INC,Patterson Companies Sees FY19 Adj. EPS $1.40-$1.45,6,uncertain,0.4,0.2,"the news about patterson companies' earnings guidance does not directly relate to navidea biopharmaceuticals inc, making its impact on navidea's stock price unclear.",1,2019-02-28,NAVB,2019-02-28 12:08:00+00:00,78066.0,63937X20,-0.0704224705696106,307437.0,0.0599999278783798,0.0166093315929174,-0.0451686680316925,0.0575409568846225,-0.0119759831577539,-0.0054216887801885,-0.0181818548589944,-0.0235294587910175,0.0493827238678932,0.1310712248086929,-0.1176470294594765,-0.1032220125198364,-0.0720000267028808,-0.0636871457099914,0.0775862336158752,0.0033632856793701,-0.1100000664591789,-0.0077864779159426,0.0037453819531947,0.0576470680534839,0.0223879925906658,0.0625000372529029,-0.0583941712975502,0.0774410888552665,0.0085271606221795,-0.011976053006947,0.0169101264327764,-0.0606250017881393,0.0582010261714458,0.0012515856651589,0.0,0.0056639420799911,0.0357142500579357,0.0593332424759864,0.034482829272747,-0.0842490568757057,-0.0340000763535499,0.2629143893718719,-0.0131124053150415,-0.036404114216566,-0.0349651053547859,0.0108368219807744,0.0282609164714813,0.0110630663111805,-0.0133897271007299,0.0265003740787506,0.0714286118745803,0.0031273795757442,-0.0346666574478149,0.0614108406007289,-0.0331492163240909,-0.0651668533682823,0.2142857164144516,-0.0084614530205726,0.0,-0.0269461181014776,0.0294117368757724,-0.0436649918556213,0.0228571891784668,0.0204529054462909,-0.0385475531220436,-0.0228408947587013,0.045903630554676,0.0043010408990085,-0.0444444492459297,-0.004992845468223,-0.0406976677477359,0.0462686605751514,0.0909090936183929,-0.0154297640547156,-0.1500000506639481,0.0716534629464149,-0.0130719225853681,0.0583333894610405,-0.0284768119454383,0.046618066728115,-0.0088615696877241,0.1169072836637497,-0.1059145554900169,-0.1173344701528549,-0.0653845518827438,-0.0300250314176082,-0.053497988730669,-0.0776922479271888,-0.0130434660241007,0.1818181425333023,0.048458207398653,0.0091743310913443,0.0126050291582942,-0.0916666686534881,0.0539418570697307,-0.0400000214576721,-0.0354330390691757,-0.0384615026414394,-0.0408163852989673,-0.0674319192767143,-0.0553190968930721,0.010144991800189,-0.0720721110701561,0.0147058013826608,-0.0873786211013794,0.0066617340780794,-0.1223404332995415,-0.0294539853930473,-0.1818181574344635,-0.0366782024502754,0.1037036925554276,-0.0236486457288265,-0.0402684994041919,-0.0275952480733394,0.0069930837489664,-0.1772973090410233,-0.0069445203989744,-0.0750000029802322,-0.0322376936674118,0.0309278201311826,-0.002818159526214,-0.0568788982927799,0.0072463699616491,0.0548718087375164,0.0599999278783798,0.0166093315929174,0.0121211430224232,0.0751060053106105,-2.740019877656152e-09,0.0692771151441047,0.0303029966679402,0.180971376439549,-0.1878787997805141,0.0441175930219317,0.0848484654466801,0.2965668673441233,-0.578787802876312,-0.0897435695727891,2019-03-01,2019-03-04,2019-03-05,2019-03-06,2019-03-07,2019-03-08,2019-03-11,2019-03-12,2019-03-13,2019-03-14,78066.0,2019-02-28,252.0,-7.0422%,-0.0017,1.0921,1.7385,-0.2469,6.7840%,6.9683%,5.2194%,-0.06825,NAVB,78066.0,2019-03-01,252.0,6.0000%,-0.0016,1.1164,1.7747,-0.2314,6.7890%,6.9789%,5.3663%,0.046017,NAVB,78066.0,2019-03-04,252.0,-4.5169%,-0.0015,1.0921,1.8822,-0.2313,6.7811%,6.9757%,5.5027%,-0.031452,NAVB,78066.0,2019-03-05,252.0,-1.1976%,-0.0015,1.0913,1.874,-0.2305,6.7810%,6.9723%,5.4126%,-0.00493,NAVB,78066.0,2019-03-06,252.0,-1.8182%,-0.0015,1.0814,1.8436,-0.2459,6.7816%,6.9729%,5.4107%,0.0146,NAVB,78066.0,2019-03-07,252.0,4.9383%,-0.0013,1.0529,1.8216,-0.2901,6.7921%,6.9791%,5.2863%,0.05864,NAVB,78066.0,2019-03-08,252.0,-11.7647%,-0.0017,1.0677,1.8347,-0.267,6.8305%,7.0176%,5.2635%,-0.116825,NAVB,78066.0,2019-03-11,252.0,-7.2000%,-0.0021,1.0183,1.8134,-0.2538,6.8546%,7.0308%,4.9495%,-0.095992,NAVB,78066.0,2019-03-12,252.0,7.7586%,-0.0017,1.0391,1.7721,-0.2472,6.8731%,7.0485%,4.9132%,0.079825,NAVB,78066.0,2019-03-13,252.0,-11.0000%,-0.0024,1.0051,1.7733,-0.2837,6.8968%,7.0683%,4.7930%,-0.111287,NAVB,78066.0,2019-03-14,252.0,0.3745%,-0.0023,1.0034,1.7668,-0.2804,6.8972%,7.0678%,4.7678%,0.012782,NAVB,-0.022233,-0.053685,-0.058615,0.0146249999999999,-0.2168719999999999
15947,NETFLIX INC,Netflix Has Confirmed It Will Be Testing Slightly Different Prices,6,uncertain,0.6,0.3,"testing different prices could indicate a strategy to optimize revenue, but it may also raise concerns about customer retention and market competition.",1,2019-02-28,NFLX,2019-02-28 16:57:00+00:00,89393.0,64110L10,-0.0131451729685068,6184063.0,-0.0021781590767204,-0.0057539143599569,-0.0175752788782119,0.002912801457569,0.0092866318300366,0.0024516959674656,0.0149872926995158,0.0169481690973043,-0.0194932837039232,-0.0081687159836292,-0.0085082240402698,-0.0055537400767207,0.0264873541891574,0.0141508625820279,-0.0072172894142568,-0.0061269728466868,0.0138658955693244,0.0207522492855787,-0.0066166059114038,-0.0227797105908393,0.0073574050329625,0.0411881804466247,0.0054778149351477,-0.0052938871085643,-0.0128219341859221,0.008296875283122,0.0458219572901725,-0.0212385673075914,0.0070625068619847,-0.0101739559322595,-0.0446184799075126,0.0127227222546935,0.0144594358280301,0.0338090024888515,-0.0170931089669466,0.0010309458011761,-0.0183348786085844,-0.0034051653929054,0.0035090423189103,0.0357555784285068,0.0054990337230265,-0.020139455795288,0.0291675850749015,-0.0070699132047593,0.0020710970275104,0.0348362997174263,0.0055205011740326,0.0145346857607364,-0.0050574578344821,-0.0097490875050425,-0.0064967232756316,-0.0411088243126869,-0.0111630596220493,-0.0398935303092002,0.0091308699920773,0.0051224785856902,-0.0021660444326698,-0.0091642225161194,0.0102494517341256,0.0651769414544105,-0.0449067838490009,-0.0137740867212414,-0.0064647132530808,0.0398262552917003,0.0303551368415355,0.0146893747150898,-0.0131308110430836,-0.0009679257054813,0.0158144440501928,0.0156338959932327,0.0471485778689384,0.0597170032560825,0.0120581397786736,0.0972344875335693,-0.0200581401586532,0.0132257658988237,-0.0157657712697982,0.0,0.0177015718072652,0.0452203117311,-0.0080566080287098,0.002015080768615,-0.0034692683257162,0.0074703525751829,0.0223187487572431,0.0846160128712654,0.0006599614862352,-0.0507731437683105,0.0157494880259037,-0.0544553995132446,-0.0165181551128625,-0.0232035182416439,-0.0216812044382095,-0.0153909111395478,-0.0164390113204717,0.030974181368947,-0.0044460166245698,-0.0151401907205581,-0.0047139669768512,-0.0332584343850612,-0.0437070652842521,0.0041472064331173,0.0010136580094695,0.0360319502651691,0.0271404329687356,-0.0162402838468551,0.0121693778783083,0.0171984508633613,-0.013525883667171,-0.0627120658755302,-0.0178869422525167,0.0274217072874307,0.0176955666393041,-0.0515673495829105,0.0154120363295078,0.0145737351849675,-0.0209046211093664,-0.0090735759586095,0.0061895553953945,0.0215814840048551,-0.0021781590767204,-0.0057539143599569,-0.0197151562017179,-0.0028578729125223,-0.0106116117687983,-0.0004131835805518,-0.0153588382957677,0.0082242544305617,0.0020106148113765,0.0080562098902272,0.0266684938331989,0.0898960489294378,-0.0103602098041657,0.2838139053295643,2019-03-01,2019-03-04,2019-03-05,2019-03-06,2019-03-07,2019-03-08,2019-03-11,2019-03-12,2019-03-13,2019-03-14,89393.0,2019-02-28,252.0,-1.3145%,0.0004,1.6585,0.1556,-1.1787,1.9210%,2.8875%,55.7382%,-0.011122,NFLX,89393.0,2019-03-01,252.0,-0.2178%,0.0002,1.6651,0.1654,-1.1594,1.9218%,2.8875%,55.7059%,-0.019375,NFLX,89393.0,2019-03-04,252.0,-1.7575%,0.0002,1.6723,0.1451,-1.1621,1.9198%,2.8898%,55.8674%,-0.003824,NFLX,89393.0,2019-03-05,252.0,0.9287%,0.0001,1.6667,0.1083,-1.1695,1.9175%,2.8815%,55.7187%,0.0097,NFLX,89393.0,2019-03-06,252.0,1.4987%,0.0001,1.6372,0.06,-1.2094,1.9165%,2.8686%,55.3652%,0.030731,NFLX,89393.0,2019-03-07,252.0,-1.9493%,-0.0,1.6352,0.0297,-1.2207,1.9096%,2.8645%,55.5577%,-0.010107,NFLX,89393.0,2019-03-08,252.0,-0.8508%,0.0,1.6349,0.0506,-1.2223,1.9064%,2.8639%,55.6901%,-0.0070909999999999,NFLX,89393.0,2019-03-11,252.0,2.6487%,0.0001,1.6334,0.027,-1.235,1.9009%,2.8672%,56.0448%,-0.0045,NFLX,89393.0,2019-03-12,252.0,-0.7217%,-0.0001,1.6142,0.0367,-1.253,1.8977%,2.8536%,55.7785%,-0.012303,NFLX,89393.0,2019-03-13,252.0,1.3866%,0.0001,1.6145,0.0581,-1.2475,1.8881%,2.8480%,56.0493%,0.003919,NFLX,89393.0,2019-03-14,252.0,-0.6617%,0.0001,1.6129,0.0596,-1.2482,1.8877%,2.8462%,56.0098%,-0.001111,NFLX,-0.030497,-0.034321,-0.0246209999999999,-0.0039969999999999,-0.0250829999999999
15955,NETFLIX INC,'Netflix is testing even more expensive subscription prices' -BGR,6,decrease,0.7,0.6,"testing more expensive subscription prices may lead to subscriber dissatisfaction and potential churn, negatively impacting netflix's stock price.",0,2019-02-28,NFLX,2019-02-28 16:01:00+00:00,89393.0,64110L10,-0.0131451729685068,6184063.0,-0.0021781590767204,-0.0057539143599569,-0.0175752788782119,0.002912801457569,0.0092866318300366,0.0024516959674656,0.0149872926995158,0.0169481690973043,-0.0194932837039232,-0.0081687159836292,-0.0085082240402698,-0.0055537400767207,0.0264873541891574,0.0141508625820279,-0.0072172894142568,-0.0061269728466868,0.0138658955693244,0.0207522492855787,-0.0066166059114038,-0.0227797105908393,0.0073574050329625,0.0411881804466247,0.0054778149351477,-0.0052938871085643,-0.0128219341859221,0.008296875283122,0.0458219572901725,-0.0212385673075914,0.0070625068619847,-0.0101739559322595,-0.0446184799075126,0.0127227222546935,0.0144594358280301,0.0338090024888515,-0.0170931089669466,0.0010309458011761,-0.0183348786085844,-0.0034051653929054,0.0035090423189103,0.0357555784285068,0.0054990337230265,-0.020139455795288,0.0291675850749015,-0.0070699132047593,0.0020710970275104,0.0348362997174263,0.0055205011740326,0.0145346857607364,-0.0050574578344821,-0.0097490875050425,-0.0064967232756316,-0.0411088243126869,-0.0111630596220493,-0.0398935303092002,0.0091308699920773,0.0051224785856902,-0.0021660444326698,-0.0091642225161194,0.0102494517341256,0.0651769414544105,-0.0449067838490009,-0.0137740867212414,-0.0064647132530808,0.0398262552917003,0.0303551368415355,0.0146893747150898,-0.0131308110430836,-0.0009679257054813,0.0158144440501928,0.0156338959932327,0.0471485778689384,0.0597170032560825,0.0120581397786736,0.0972344875335693,-0.0200581401586532,0.0132257658988237,-0.0157657712697982,0.0,0.0177015718072652,0.0452203117311,-0.0080566080287098,0.002015080768615,-0.0034692683257162,0.0074703525751829,0.0223187487572431,0.0846160128712654,0.0006599614862352,-0.0507731437683105,0.0157494880259037,-0.0544553995132446,-0.0165181551128625,-0.0232035182416439,-0.0216812044382095,-0.0153909111395478,-0.0164390113204717,0.030974181368947,-0.0044460166245698,-0.0151401907205581,-0.0047139669768512,-0.0332584343850612,-0.0437070652842521,0.0041472064331173,0.0010136580094695,0.0360319502651691,0.0271404329687356,-0.0162402838468551,0.0121693778783083,0.0171984508633613,-0.013525883667171,-0.0627120658755302,-0.0178869422525167,0.0274217072874307,0.0176955666393041,-0.0515673495829105,0.0154120363295078,0.0145737351849675,-0.0209046211093664,-0.0090735759586095,0.0061895553953945,0.0215814840048551,-0.0021781590767204,-0.0057539143599569,-0.0197151562017179,-0.0028578729125223,-0.0106116117687983,-0.0004131835805518,-0.0153588382957677,0.0082242544305617,0.0020106148113765,0.0080562098902272,0.0266684938331989,0.0898960489294378,-0.0103602098041657,0.2838139053295643,2019-03-01,2019-03-04,2019-03-05,2019-03-06,2019-03-07,2019-03-08,2019-03-11,2019-03-12,2019-03-13,2019-03-14,89393.0,2019-02-28,252.0,-1.3145%,0.0004,1.6585,0.1556,-1.1787,1.9210%,2.8875%,55.7382%,-0.011122,NFLX,89393.0,2019-03-01,252.0,-0.2178%,0.0002,1.6651,0.1654,-1.1594,1.9218%,2.8875%,55.7059%,-0.019375,NFLX,89393.0,2019-03-04,252.0,-1.7575%,0.0002,1.6723,0.1451,-1.1621,1.9198%,2.8898%,55.8674%,-0.003824,NFLX,89393.0,2019-03-05,252.0,0.9287%,0.0001,1.6667,0.1083,-1.1695,1.9175%,2.8815%,55.7187%,0.0097,NFLX,89393.0,2019-03-06,252.0,1.4987%,0.0001,1.6372,0.06,-1.2094,1.9165%,2.8686%,55.3652%,0.030731,NFLX,89393.0,2019-03-07,252.0,-1.9493%,-0.0,1.6352,0.0297,-1.2207,1.9096%,2.8645%,55.5577%,-0.010107,NFLX,89393.0,2019-03-08,252.0,-0.8508%,0.0,1.6349,0.0506,-1.2223,1.9064%,2.8639%,55.6901%,-0.0070909999999999,NFLX,89393.0,2019-03-11,252.0,2.6487%,0.0001,1.6334,0.027,-1.235,1.9009%,2.8672%,56.0448%,-0.0045,NFLX,89393.0,2019-03-12,252.0,-0.7217%,-0.0001,1.6142,0.0367,-1.253,1.8977%,2.8536%,55.7785%,-0.012303,NFLX,89393.0,2019-03-13,252.0,1.3866%,0.0001,1.6145,0.0581,-1.2475,1.8881%,2.8480%,56.0493%,0.003919,NFLX,89393.0,2019-03-14,252.0,-0.6617%,0.0001,1.6129,0.0596,-1.2482,1.8877%,2.8462%,56.0098%,-0.001111,NFLX,-0.030497,-0.034321,-0.0246209999999999,-0.0039969999999999,-0.0250829999999999
15963,NEW JERSEY RES,New Jersey Natural Gas Is Seeking To Invest $507 Million Over Five Years On A Series Of Infrastructure Projects That Enhance And Support The Reliability And Resiliency Of Its Systems,6,increase,0.8,0.6,"the investment in infrastructure projects is likely to enhance the reliability and resiliency of new jersey natural gas's systems, which can positively impact investor confidence and potentially lead to an increase in stock price.",2,2019-02-28,NJR,2019-02-28 18:42:00+00:00,64450.0,64602510,0.0016556670889258,458149.0,0.0095041133463382,0.0066666603088378,0.0059353439137339,-0.0045624473132193,-0.006917601916939,-0.0086348308250308,-0.0016390458913519,0.0108063276857137,0.0077980929054319,0.0166912544518709,0.0069232364185154,0.0072355852462351,0.0139534603804349,0.0055639231577515,0.001396084902808,0.0084160417318344,0.003784155473113,0.0038994867354631,-0.0076884981244802,0.0118369339033961,0.0026145866140723,0.0059537040069699,0.0002006446593441,-0.0130577208474278,-0.0110308714210987,-0.0028212035540491,-0.0032447746489197,0.0181176215410232,0.0113936429843306,-0.0561001561582088,0.0,0.0008349178824573,0.0084490440785884,-0.0039500757120549,0.002194307046011,-0.0082474537193775,-0.0053742127493023,0.0189075954258441,-0.0032019179780036,0.0119047099724412,-0.000401534984121,-0.0016977507621049,-0.0060252910479903,0.0004246381868142,-0.0103051550686359,-0.0160852409899234,0.002041696337983,0.0054610022343695,0.0018336661159992,0.0093280151486396,0.0103722224012017,0.005756857804954,-0.0150966178625822,0.012959012761712,-0.0063356095924973,0.0184777863323688,0.0028794610407203,0.0136009063571691,0.0061526470817625,0.016776192933321,0.0038727805949747,-0.0167186800390481,0.0028426272328943,-0.0070827733725309,-0.0078963227570056,0.0189445223659277,-0.0048979935236275,-0.0282708946615457,0.0008203633478842,0.0318860188126564,-0.0061475252732634,-0.0229782834649086,0.0032989659812301,0.021209355443716,0.0110974293202161,-0.0040449504740536,0.0063007632270455,-0.0256185289472341,0.0020198402926325,0.0070562227629125,0.0020156919490545,0.0004411348490975,0.007443225942552,0.015229569748044,-0.0103833954781293,0.0097241131588816,-0.0014124232111498,-0.0725670978426933,0.023843128234148,-0.0144688040018081,-0.0061179706826806,0.0100208669900894,-0.0065528559498488,0.0037720096297562,-0.0153907751664519,-0.0072810165584087,-0.0075111440382897,-0.0426209792494773,0.0173860155045986,-0.0065295179374516,0.0030156355351209,0.0008367786649614,-0.0078171854838728,0.0023683195468038,0.0014141352148726,0.0101674310863018,0.0056485533714294,0.0088495295494794,-0.0008023490663617,0.0105691151693463,-0.0126480832695961,0.0158992446959018,-0.002846673130989,-0.0106230936944484,-0.0020391982980072,0.0086544817313551,-0.0073558809235692,0.0260042194277048,0.001440915861167,-0.0056758555583655,0.0095041133463382,0.0066666603088378,0.0154958674413778,0.0020737967092043,0.0084710712821216,-0.0065789409995759,0.0146694023179281,0.0209169206813339,0.0333161081988109,0.0591845865956348,0.0195995265475066,0.0954431878281281,0.0110786208869899,0.0216449773682378,2019-03-01,2019-03-04,2019-03-05,2019-03-06,2019-03-07,2019-03-08,2019-03-11,2019-03-12,2019-03-13,2019-03-14,64450.0,2019-02-28,252.0,0.1656%,0.0011,0.3911,-0.0652,0.2506,1.3253%,1.3781%,7.5229%,0.003448,NJR,64450.0,2019-03-01,252.0,0.9504%,0.0012,0.3838,-0.0761,0.2362,1.3228%,1.3738%,7.2906%,0.00779,NJR,64450.0,2019-03-04,252.0,0.5935%,0.0012,0.3857,-0.0874,0.2368,1.3228%,1.3741%,7.3369%,0.0066149999999999,NJR,64450.0,2019-03-05,252.0,-0.6918%,0.0012,0.3879,-0.0752,0.241,1.3233%,1.3749%,7.3700%,-0.006055,NJR,64450.0,2019-03-06,252.0,-0.1639%,0.001,0.3752,-0.0627,0.2284,1.3144%,1.3627%,6.9567%,0.000486,NJR,64450.0,2019-03-07,252.0,0.7798%,0.0011,0.3719,-0.0583,0.2253,1.3155%,1.3630%,6.8485%,0.011495,NJR,64450.0,2019-03-08,252.0,0.6923%,0.0011,0.3712,-0.0612,0.2242,1.3161%,1.3634%,6.8231%,0.008064,NJR,64450.0,2019-03-11,252.0,1.3953%,0.0012,0.3758,-0.0616,0.2216,1.3169%,1.3656%,7.0123%,0.009719,NJR,64450.0,2019-03-12,252.0,0.1396%,0.0012,0.373,-0.0607,0.2188,1.3167%,1.3640%,6.8178%,0.000371,NJR,64450.0,2019-03-13,252.0,0.3784%,0.0011,0.3732,-0.067,0.2175,1.3156%,1.3633%,6.8653%,0.000788,NJR,64450.0,2019-03-14,252.0,-0.7688%,0.0011,0.372,-0.0618,0.2148,1.3169%,1.3641%,6.7957%,-0.008332,NJR,0.011238,0.017853,0.011798,0.023779,0.034389
15971,NEKTAR THERAPEUTICS,"Nektar Therapeutics Q4 EPS $(0.57) Misses $(0.54) Estimate, Sales $39.8M Miss $45.92M Estimate",6,decrease,0.8,0.7,"the company reported a larger-than-expected loss and lower sales than anticipated, which typically negatively impacts investor sentiment and stock price.",0,2019-02-28,NKTR,2019-02-28 21:12:00+00:00,80539.0,64026810,-0.0119424294680357,1468283.0,-0.0594474524259567,0.0,0.0044583836570382,0.0012200888013467,0.0026110259350389,0.0232209824025631,-0.0523438043892383,-0.0052160727791488,-0.0156636349856853,-0.0643737018108367,-0.0192629434168338,0.0051389252766966,0.0091090146452188,0.0268650222569704,0.0214385986328125,-0.0218207482248544,0.0400442071259021,0.0087573714554309,-0.0355815216898918,-0.0002365906693739,-0.0217511262744665,-0.0882416442036628,-0.0168870948255062,0.0325239263474941,-0.0148869296535849,0.0244180671870708,-0.0523103512823581,-0.0117275696247816,0.0266788993030786,0.0134857175871729,-0.039127878844738,0.0294117648154497,0.0062169963493943,0.0061552631668746,-0.0015446165343746,-0.0023617967963218,-0.0167078897356987,-0.0176333729177713,0.0286342948675155,0.0138790914788842,0.0278372559696435,-0.0111654652282595,-0.0107141910120844,-0.0211747847497463,0.0138387205079197,0.0159611068665981,0.0471810139715671,-0.0163822807371616,0.0,-0.0180964600294828,0.0286199580878019,-0.0311688836663961,-0.0088154189288616,0.017173109576106,-0.0147303724661469,0.0179291628301143,0.0107193533331155,0.0022461472544819,-0.0022328167688101,0.0722543373703956,-0.0167831741273403,0.0124360434710979,-0.0472261682152748,-0.0110924253240227,-0.0032845805399119,0.0070422757416963,-0.0656081661581993,0.012291052378714,0.0157101564109325,0.1108684167265892,-0.021464655175805,0.078327439725399,0.0200000274926424,0.0753641277551651,-0.0154965734109282,-0.077147901058197,0.0208802297711372,0.041070956736803,0.0151037639006972,-0.022308150306344,0.0021699788048863,0.0135664995759725,-0.0095886597409844,0.0118974801152944,-0.0118676163256168,0.0772263705730438,0.0158027820289135,-0.0062051122076809,0.002489167265594,-0.0615997612476348,0.0145871322602033,-0.0475772731006145,-0.0186600442975759,-0.0414102748036384,0.0280547905713319,0.0462529808282852,0.0748939141631126,-0.0643658861517906,-0.0186177659779787,-0.0392105691134929,-0.0626616925001144,0.0278603937476873,0.0349585823714733,0.0148229729384183,0.0044444897212088,-0.0062738554552197,-0.0755162611603736,-0.0089213792234659,0.0216975212097168,-0.0276025030761957,0.0040599959902465,0.0010526556288823,0.0395022258162498,-0.0624228678643703,0.0014962014975026,0.0034661893732845,-0.011951046064496,0.0287825036793947,0.0217720363289117,0.018417615443468,-0.0594474524259567,0.0,-0.0552541083192669,0.0012200888013467,-0.052787352294067,0.0244694028644953,-0.1164282448087665,-0.0464791977564299,-0.1040947470642713,-0.029105522390875,-0.1181549224629291,-0.0118015734168283,-0.1665022116486375,0.0643320342520428,2019-03-01,2019-03-04,2019-03-05,2019-03-06,2019-03-07,2019-03-08,2019-03-11,2019-03-12,2019-03-13,2019-03-14,80539.0,2019-02-28,252.0,-1.1942%,-0.0026,1.3562,1.0016,-0.5147,4.3947%,4.7206%,13.3323%,-0.009376,NKTR,80539.0,2019-03-01,252.0,-5.9447%,-0.0028,1.3296,0.9619,-0.5226,4.4162%,4.7288%,12.7863%,-0.074265,NKTR,80539.0,2019-03-04,252.0,0.4458%,-0.0026,1.3204,0.9746,-0.5162,4.4170%,4.7271%,12.6903%,0.017169,NKTR,80539.0,2019-03-05,252.0,0.2611%,-0.0033,1.2743,0.6225,-0.5524,4.2359%,4.5206%,12.1992%,0.006548,NKTR,80539.0,2019-03-06,252.0,-5.2344%,-0.0034,1.2944,0.6783,-0.5222,4.2391%,4.5312%,12.4792%,-0.033665,NKTR,80539.0,2019-03-07,252.0,-1.5664%,-0.0032,1.3067,0.733,-0.4904,4.2297%,4.5262%,12.6712%,-0.006388,NKTR,80539.0,2019-03-08,252.0,-1.9263%,-0.0034,1.3105,0.7023,-0.4826,4.2271%,4.5218%,12.6080%,-0.017678,NKTR,80539.0,2019-03-11,252.0,0.9109%,-0.0037,1.3018,0.7625,-0.4437,4.2040%,4.4985%,12.6640%,-0.0155459999999999,NKTR,80539.0,2019-03-12,252.0,2.1439%,-0.0035,1.3177,0.7485,-0.4312,4.2053%,4.5011%,12.7130%,0.019874,NKTR,80539.0,2019-03-13,252.0,4.0044%,-0.0032,1.3284,0.769,-0.4147,4.2009%,4.5001%,12.8579%,0.033734,NKTR,80539.0,2019-03-14,252.0,-3.5582%,-0.0033,1.3306,0.7809,-0.4208,4.2035%,4.5048%,12.9294%,-0.029946,NKTR,-0.083641,-0.0664719999999999,-0.0599239999999999,-0.099977,-0.1095389999999999
15979,NORTH AMERICAN CONSTRCTN GRP INC,North American Construction Group Shares Halted News Pending,6,uncertain,0.7,0.5,"the halting of shares typically indicates that significant news is forthcoming, which could lead to either an increase or decrease in stock price depending on the nature of that news.",1,2019-02-28,NOA,2019-02-28 20:46:00+00:00,91584.0,65681110,0.0280373562127351,190615.0,-0.0515151023864746,0.0388349927961826,-0.0111821359023451,0.091872788965702,0.008077498525381,-0.0052724443376064,-0.0192307513207197,-0.0052447086200118,-0.01307188346982,0.004389748442918,0.0157285202294588,0.0546296425163745,0.0134609136730432,0.0159924812614917,-0.0072463890537619,0.0340467318892478,0.0121654188260436,0.0068559935316443,0.0024039011914283,-0.0068093091249465,-0.0063948780298233,0.0128078935667872,0.0225261244922876,0.0252525266259908,-0.0149488262832164,0.0020242412574589,0.0071884342469275,-0.0323212444782257,-0.0222045797854661,0.0179461929947137,-0.0478507839143276,-0.0185910500586032,-0.0034071519039571,-0.036757718771696,-0.0034188001882284,0.0162835326045751,0.0,0.0135921733453869,-0.0171526428312063,0.0107949571684002,0.0157068334519863,-0.0058536995202302,0.0171821136027574,-0.0228789113461971,0.0481418669223785,0.0294406488537788,-0.0120869958773255,-0.0009804145665839,-0.0097879189997911,-0.0009794543730095,-0.0172981899231672,-0.0358829200267791,0.0075440192595124,-0.0046992660500109,-0.0016639315290376,0.0123691828921437,0.008333365432918,0.0203883536159992,0.0008263863273896,0.0117878075689077,0.0090834526345133,-0.012609127908945,-0.0049100178293883,-0.002901328029111,0.0008223872282542,0.0097656622529029,0.0106820138171315,0.0438327565789222,0.0325202941894531,0.01342976372689,0.0228346437215805,0.057923574000597,-0.0007698405534029,0.0132890241220593,0.029275819659233,-0.0098684383556246,0.0149701172485947,0.0247191321104764,-0.0302360467612743,0.0336817614734172,0.0129277631640434,0.0286738090217113,-0.0187687687575817,-0.0210526660084724,-0.0451415590941906,0.0542540773749351,-0.0432692281901836,0.0049566249363124,-0.0175879430025816,-0.0110294306650757,0.0,-0.0072993207722902,0.0017050689784809,-0.0108303427696228,0.0195744298398494,-0.0012018360430374,0.0041736387647688,-0.0370371118187904,-0.0224438495934009,-0.0463576205074787,-0.0127551509067416,-0.0382165238261222,0.0370370633900165,0.0632054656744003,0.0074750958010554,0.0207372512668371,0.0065952120348811,-0.0225225016474723,-0.035217061638832,-0.0144284255802631,-0.0195245798677206,-0.0098901260644197,0.0103895999491214,-0.0589451603591442,-0.0059982598759233,0.053376879543066,-0.0370689891278743,-0.0181818250566721,0.0053714830428361,0.0135554131120443,-0.0515151023864746,0.0388349927961826,-0.062121189412911,0.134275660859533,-0.0545454747034076,0.1282952555741494,-0.0848484765629997,0.1273046313756849,-0.0511154469918592,0.2490272844312671,-0.0814555231987037,0.2612966396883645,-0.1482036038118768,0.3918771269873804,2019-03-01,2019-03-04,2019-03-05,2019-03-06,2019-03-07,2019-03-08,2019-03-11,2019-03-12,2019-03-13,2019-03-14,91584.0,2019-02-28,252.0,2.8037%,0.0041,0.9461,1.0616,0.3844,3.0175%,3.2021%,11.1999%,0.031638,NOA,91584.0,2019-03-01,252.0,-5.1515%,0.0038,0.9398,1.0522,0.4044,3.0433%,3.2213%,10.7428%,-0.059958,NOA,91584.0,2019-03-04,252.0,-1.1182%,0.004,0.9164,1.1369,0.4089,3.0257%,3.2055%,10.9035%,-0.003753,NOA,91584.0,2019-03-05,252.0,0.8077%,0.0042,0.922,1.187,0.4092,3.0195%,3.2043%,11.2035%,0.014051,NOA,91584.0,2019-03-06,252.0,-1.9231%,0.0041,0.9151,1.1952,0.4025,3.0183%,3.2053%,11.3316%,0.003216,NOA,91584.0,2019-03-07,252.0,-1.3072%,0.0042,0.925,1.2291,0.4253,3.0141%,3.2059%,11.6111%,-0.003493,NOA,91584.0,2019-03-08,252.0,1.5729%,0.0042,0.9237,1.2205,0.4236,3.0149%,3.2051%,11.5193%,0.017782,NOA,91584.0,2019-03-11,252.0,1.3461%,0.0043,0.9209,1.1986,0.4126,3.0124%,3.2020%,11.4922%,-0.002583,NOA,91584.0,2019-03-12,252.0,-0.7246%,0.0041,0.9006,1.2075,0.393,3.0096%,3.1944%,11.2376%,-0.005952,NOA,91584.0,2019-03-13,252.0,1.2165%,0.0042,0.9021,1.2119,0.3957,3.0093%,3.1947%,11.2733%,0.0095009999999999,NOA,91584.0,2019-03-14,252.0,0.2404%,0.0041,0.9078,1.2075,0.3979,3.0066%,3.1932%,11.3494%,0.006998,NOA,-0.0283199999999999,-0.032073,-0.0180219999999999,-0.0182989999999999,0.007447
15987,INSPERITY INC,Insperity Raises Qtr. Dividend From $0.20 To $0.30/Share,6,increase,0.8,0.6,"raising the quarterly dividend typically signals financial strength and can attract more investors, likely leading to an increase in stock price.",2,2019-02-28,NSP,2019-02-28 14:03:00+00:00,84385.0,45778Q10,0.001745288260281,317001.0,0.0120377307757735,-0.0004757557471748,-0.0205806177109479,-0.0150733580812811,-0.0044743143953382,-0.0180981643497943,-0.019823445007205,0.0095223020762205,0.0034390059299767,0.0089041581377387,-0.0079151466488838,-0.0131802577525377,0.0167790818959474,7.715845276834443e-05,0.0011324979132041,0.037010371685028,0.0005655838176608,0.0232291538268327,0.0083380453288555,-0.0165701210498809,-0.0115606524050235,-0.0579677298665046,0.0108836609870195,0.1899909824132919,0.0012052187230437,0.0180850196629762,-0.0068212701007723,-0.006928636226803,0.0259372908622026,0.0015522808535024,-0.0509569272398948,0.0181277021765708,-0.0014107731403782,0.0052331327460706,0.0190310049802064,0.0030933804810047,-0.0075029013678431,0.0120481606572866,0.0018899207934737,0.0174710936844348,0.0141884963959455,-0.0013495218008756,0.0183567572385072,-0.0139720672741532,0.0027793096378445,0.0292506143450737,0.0260532833635807,-0.005061287432909,-0.0065602073445916,0.0250423476099968,-0.0024083091411739,-0.0045684683136641,-0.0044389637187123,0.0184080060571432,-0.0093084704130887,0.0273275654762983,0.0112120471894741,0.0081709492951631,0.0121026607230305,0.0096244951710104,-0.0017743846401572,-0.0069320034235715,-0.0040961341001093,0.0023160462733358,-0.001940089976415,0.0122549189254641,-0.0290801487863063,0.01175198238343,-0.0305117722600698,0.0262226462364196,0.008838590234518,-0.0235522948205471,0.01080815307796,0.0432821959257125,-0.0007290104404091,-0.0354425087571144,-0.0137807792052626,-0.0147814610973,0.0064113000407814,0.019102718681097,-0.0503920763731002,-0.0060757030732929,0.0282962154597044,0.0062227044254541,-0.0086985696107149,0.0472161546349525,0.0106311356648802,-0.0091753238812088,0.0121055655181407,-0.0187840666621923,-0.0018147423397749,-0.0201480984687805,-0.0304107125848531,-0.0086374757811427,-0.0010227797320112,0.000324078311678,-0.0021329238079488,-0.0185499265789985,-0.004958976060152,-0.0274227187037468,-0.0391819700598716,0.0009286589338444,0.0016097326297312,0.0083065740764141,0.0138393128290772,0.0073213777504861,0.0136503335088491,0.0145373810082674,-0.0137272095307707,-0.0266474056988954,-0.0013212993508204,-0.0126452976837754,0.0278733000159263,-0.0487923063337802,-0.0089247487485408,0.0304877590388059,-0.0099575854837894,0.0174939092248678,0.0046353545039892,-0.0087710730731487,0.0120377307757735,-0.0004757557471748,-0.008790630870378,-0.0155419425917195,-0.0132256132194689,-0.0333588263101739,-0.0294606293585745,-0.0154650915294329,-0.011146732039912,0.0139157319799916,0.0290234307145904,0.3331570611941954,-0.0880733792079772,0.2734160663020095,2019-03-01,2019-03-04,2019-03-05,2019-03-06,2019-03-07,2019-03-08,2019-03-11,2019-03-12,2019-03-13,2019-03-14,84385.0,2019-02-28,252.0,0.1745%,0.0025,1.0559,0.6992,-0.299,2.0441%,2.4157%,28.3964%,0.004047,NSP,84385.0,2019-03-01,252.0,1.2038%,0.0024,1.0588,0.7034,-0.294,2.0439%,2.4157%,28.4139%,0.001121,NSP,84385.0,2019-03-04,252.0,-2.0581%,0.0023,1.0672,0.6875,-0.299,2.0436%,2.4196%,28.6685%,-0.011205,NSP,84385.0,2019-03-05,252.0,-0.4474%,0.0023,1.0678,0.6892,-0.2973,2.0437%,2.4177%,28.5465%,-0.001336,NSP,84385.0,2019-03-06,252.0,-1.9823%,0.0024,1.0771,0.6919,-0.2863,2.0419%,2.4216%,28.8955%,-0.002141,NSP,84385.0,2019-03-07,252.0,0.3439%,0.0024,1.0709,0.6795,-0.2982,2.0422%,2.4195%,28.7570%,0.0117209999999999,NSP,84385.0,2019-03-08,252.0,-0.7915%,0.0023,1.0724,0.6737,-0.2954,2.0427%,2.4192%,28.7051%,-0.0064959999999999,NSP,84385.0,2019-03-11,252.0,1.6779%,0.0023,1.0699,0.6627,-0.3004,2.0421%,2.4204%,28.8117%,-0.003251,NSP,84385.0,2019-03-12,252.0,0.1132%,0.0022,1.0584,0.6662,-0.3121,2.0404%,2.4136%,28.5300%,-1.7e-05,NSP,84385.0,2019-03-13,252.0,0.0566%,0.0023,1.0558,0.6797,-0.3117,2.0390%,2.4125%,28.5686%,-0.00434,NSP,84385.0,2019-03-14,252.0,0.8338%,0.0023,1.0542,0.6753,-0.3095,2.0395%,2.4110%,28.4430%,0.013026,NSP,0.005168,-0.0060369999999999,-0.0073729999999999,0.0022069999999999,0.0011289999999999
15995,NOVAVAX INC,Novavax Re-Enters Penny Stock Territory After Respiratory Disease Vaccine Flunks Late-Stage Trial,6,decrease,0.9,0.8,"the failure of a late-stage trial for a vaccine typically leads to a loss of investor confidence and a decline in stock price, especially for a company like novavax that is heavily reliant on its vaccine development pipeline.",0,2019-02-28,NVAX,2019-02-28 16:06:00+00:00,82779.0,67000240,-0.6689671277999878,100746216.0,-0.0036874404177069,0.0441177226603031,-0.1017793640494347,0.0099009806290268,-0.0529318526387214,0.052083346992731,-0.0508701130747795,0.0105263059958815,-0.025916775688529,-0.0500000119209289,-0.0586425550282001,-0.0430621616542339,-0.0215343404561281,-0.0187794361263513,0.0220082756131887,-0.031818151473999,0.0109594156965613,0.0,0.0079877935349941,0.0045662056654691,-0.037735816091299,-0.0045454502105712,0.0215687006711959,-0.0308369752019643,0.0591170489788055,0.0133928442373871,0.1638274341821671,-0.0260869320482015,-0.0267829224467277,0.0043668081052601,-0.1343999803066254,-0.004347822163254,-0.038632184267044,0.0,0.0207652449607849,-0.017094001173973,-0.0011301193153485,0.0263157654553651,0.0181029289960861,0.045871514827013,0.0203741025179624,0.0186915695667266,0.0179706551134586,-0.0228310283273458,0.091654784977436,0.0478469617664814,-0.0287487730383873,0.0145630929619073,-0.0230407137423753,0.0198019612580537,0.0156652778387069,-0.0146341323852539,-0.0327118374407291,-0.0238095019012689,-0.036095954477787,0.0047846846282482,0.0376294814050197,-0.0141509305685758,-0.0061317179352045,0.0192307513207197,-0.0477701835334301,-0.0545455105602741,0.0140688810497522,-0.0134529015049338,0.0005476271617226,-0.0176211278885603,-0.031745970249176,-0.0130434660241007,-0.0171472001820802,0.0176990982145071,0.0128450524061918,0.05607470870018,-0.0236607771366834,0.0490196794271469,-0.0085304668173193,0.035532958805561,-0.0132968248799443,0.0706521719694137,-0.0281411055475473,0.0,0.0746330022811889,-0.0212765745818615,0.008159389719367,-0.0600000023841857,-0.0314323902130127,0.156069353222847,0.0242908056825399,-0.0894736647605896,-0.102826826274395,-0.0731707215309143,-0.0243180394172668,-0.0509259849786758,-0.125054195523262,0.0,-0.0071835629642009,-0.0484581030905246,-0.1030439138412476,-0.058091327548027,-0.0862306132912635,0.0478261448442935,-0.1232876628637314,-0.0725806728005409,0.2378471940755844,0.1121076196432114,-0.0617110878229141,0.042056031525135,-0.0388640090823173,0.0439025126397609,-0.0824260860681533,0.0199004784226417,0.0237287897616624,-0.0098522072657942,0.0347682200372219,-0.073059394955635,-0.0319999679923057,0.0579710751771926,0.0115701975300908,0.0402009673416614,0.0,0.0,-0.0036874404177069,0.0441177226603031,-0.1050914991264572,0.0544555120067864,-0.1524606640198347,0.1093750843270338,-0.2164231859340729,0.0650000572684341,-0.2483336067162419,-0.0273972343690369,-0.1954332330636797,0.0240385546035017,-0.5660189010062082,0.0703518090772556,2019-03-01,2019-03-04,2019-03-05,2019-03-06,2019-03-07,2019-03-08,2019-03-11,2019-03-12,2019-03-13,2019-03-14,82779.0,2019-02-28,252.0,-66.8967%,-0.0027,1.7409,1.7457,-0.373,5.5718%,5.9970%,13.6793%,-0.6659489999999999,NVAX,82779.0,2019-03-01,252.0,-0.3687%,-0.0028,1.7321,1.7326,-0.3773,5.5730%,5.9933%,13.5328%,-0.022866,NVAX,82779.0,2019-03-04,252.0,-10.1779%,-0.0033,1.7665,1.6918,-0.4029,5.5867%,6.0185%,13.8324%,-0.084461,NVAX,82779.0,2019-03-05,252.0,-5.2932%,-0.0031,1.7935,1.8744,-0.368,5.5646%,6.0170%,14.4714%,-0.045741,NVAX,82779.0,2019-03-06,252.0,-5.0870%,-0.003,1.8164,1.8764,-0.3418,5.5602%,6.0226%,14.7640%,-0.01213,NVAX,82779.0,2019-03-07,252.0,-2.5917%,-0.0028,1.8322,1.9388,-0.3031,5.5515%,6.0212%,14.9919%,-0.010926,NVAX,82779.0,2019-03-08,252.0,-5.8643%,-0.003,1.8385,1.9541,-0.2938,5.5609%,6.0316%,14.9962%,-0.056186,NVAX,82779.0,2019-03-11,252.0,-2.1534%,-0.0033,1.8097,1.948,-0.2825,5.5701%,6.0317%,14.7197%,-0.057581,NVAX,82779.0,2019-03-12,252.0,2.2008%,-0.0031,1.8223,1.9337,-0.274,5.5719%,6.0332%,14.7062%,0.022622,NVAX,82779.0,2019-03-13,252.0,1.0959%,-0.0032,1.8261,1.9003,-0.2778,5.5667%,6.0266%,14.6826%,0.004885,NVAX,82779.0,2019-03-14,252.0,0.7988%,-0.0032,1.831,1.8872,-0.2711,5.5676%,6.0270%,14.6635%,0.018348,NVAX,-0.688815,-0.773276,-0.819017,-0.842073,-0.9099849999999998
16003,NOVAVAX INC,Novavax shares sharply lower as company announced the Phase 3 trial of ResVax did not meet primary endpoint,6,decrease,0.9,0.8,the announcement that the phase 3 trial of resvax did not meet its primary endpoint is likely to lead to a significant decrease in investor confidence and stock price for novavax.,0,2019-02-28,NVAX,2019-02-28 14:18:00+00:00,82779.0,67000240,-0.6689671277999878,100746216.0,-0.0036874404177069,0.0441177226603031,-0.1017793640494347,0.0099009806290268,-0.0529318526387214,0.052083346992731,-0.0508701130747795,0.0105263059958815,-0.025916775688529,-0.0500000119209289,-0.0586425550282001,-0.0430621616542339,-0.0215343404561281,-0.0187794361263513,0.0220082756131887,-0.031818151473999,0.0109594156965613,0.0,0.0079877935349941,0.0045662056654691,-0.037735816091299,-0.0045454502105712,0.0215687006711959,-0.0308369752019643,0.0591170489788055,0.0133928442373871,0.1638274341821671,-0.0260869320482015,-0.0267829224467277,0.0043668081052601,-0.1343999803066254,-0.004347822163254,-0.038632184267044,0.0,0.0207652449607849,-0.017094001173973,-0.0011301193153485,0.0263157654553651,0.0181029289960861,0.045871514827013,0.0203741025179624,0.0186915695667266,0.0179706551134586,-0.0228310283273458,0.091654784977436,0.0478469617664814,-0.0287487730383873,0.0145630929619073,-0.0230407137423753,0.0198019612580537,0.0156652778387069,-0.0146341323852539,-0.0327118374407291,-0.0238095019012689,-0.036095954477787,0.0047846846282482,0.0376294814050197,-0.0141509305685758,-0.0061317179352045,0.0192307513207197,-0.0477701835334301,-0.0545455105602741,0.0140688810497522,-0.0134529015049338,0.0005476271617226,-0.0176211278885603,-0.031745970249176,-0.0130434660241007,-0.0171472001820802,0.0176990982145071,0.0128450524061918,0.05607470870018,-0.0236607771366834,0.0490196794271469,-0.0085304668173193,0.035532958805561,-0.0132968248799443,0.0706521719694137,-0.0281411055475473,0.0,0.0746330022811889,-0.0212765745818615,0.008159389719367,-0.0600000023841857,-0.0314323902130127,0.156069353222847,0.0242908056825399,-0.0894736647605896,-0.102826826274395,-0.0731707215309143,-0.0243180394172668,-0.0509259849786758,-0.125054195523262,0.0,-0.0071835629642009,-0.0484581030905246,-0.1030439138412476,-0.058091327548027,-0.0862306132912635,0.0478261448442935,-0.1232876628637314,-0.0725806728005409,0.2378471940755844,0.1121076196432114,-0.0617110878229141,0.042056031525135,-0.0388640090823173,0.0439025126397609,-0.0824260860681533,0.0199004784226417,0.0237287897616624,-0.0098522072657942,0.0347682200372219,-0.073059394955635,-0.0319999679923057,0.0579710751771926,0.0115701975300908,0.0402009673416614,0.0,0.0,-0.0036874404177069,0.0441177226603031,-0.1050914991264572,0.0544555120067864,-0.1524606640198347,0.1093750843270338,-0.2164231859340729,0.0650000572684341,-0.2483336067162419,-0.0273972343690369,-0.1954332330636797,0.0240385546035017,-0.5660189010062082,0.0703518090772556,2019-03-01,2019-03-04,2019-03-05,2019-03-06,2019-03-07,2019-03-08,2019-03-11,2019-03-12,2019-03-13,2019-03-14,82779.0,2019-02-28,252.0,-66.8967%,-0.0027,1.7409,1.7457,-0.373,5.5718%,5.9970%,13.6793%,-0.6659489999999999,NVAX,82779.0,2019-03-01,252.0,-0.3687%,-0.0028,1.7321,1.7326,-0.3773,5.5730%,5.9933%,13.5328%,-0.022866,NVAX,82779.0,2019-03-04,252.0,-10.1779%,-0.0033,1.7665,1.6918,-0.4029,5.5867%,6.0185%,13.8324%,-0.084461,NVAX,82779.0,2019-03-05,252.0,-5.2932%,-0.0031,1.7935,1.8744,-0.368,5.5646%,6.0170%,14.4714%,-0.045741,NVAX,82779.0,2019-03-06,252.0,-5.0870%,-0.003,1.8164,1.8764,-0.3418,5.5602%,6.0226%,14.7640%,-0.01213,NVAX,82779.0,2019-03-07,252.0,-2.5917%,-0.0028,1.8322,1.9388,-0.3031,5.5515%,6.0212%,14.9919%,-0.010926,NVAX,82779.0,2019-03-08,252.0,-5.8643%,-0.003,1.8385,1.9541,-0.2938,5.5609%,6.0316%,14.9962%,-0.056186,NVAX,82779.0,2019-03-11,252.0,-2.1534%,-0.0033,1.8097,1.948,-0.2825,5.5701%,6.0317%,14.7197%,-0.057581,NVAX,82779.0,2019-03-12,252.0,2.2008%,-0.0031,1.8223,1.9337,-0.274,5.5719%,6.0332%,14.7062%,0.022622,NVAX,82779.0,2019-03-13,252.0,1.0959%,-0.0032,1.8261,1.9003,-0.2778,5.5667%,6.0266%,14.6826%,0.004885,NVAX,82779.0,2019-03-14,252.0,0.7988%,-0.0032,1.831,1.8872,-0.2711,5.5676%,6.0270%,14.6635%,0.018348,NVAX,-0.688815,-0.773276,-0.819017,-0.842073,-0.9099849999999998
16011,NOVAVAX INC,PiperJaffray Downgrades Novavax to Underweight,6,decrease,0.85,0.7,"a downgrade from piperjaffray typically signals negative sentiment towards the stock, likely leading to a decrease in its price.",0,2019-02-28,NVAX,2019-02-28 13:41:00+00:00,82779.0,67000240,-0.6689671277999878,100746216.0,-0.0036874404177069,0.0441177226603031,-0.1017793640494347,0.0099009806290268,-0.0529318526387214,0.052083346992731,-0.0508701130747795,0.0105263059958815,-0.025916775688529,-0.0500000119209289,-0.0586425550282001,-0.0430621616542339,-0.0215343404561281,-0.0187794361263513,0.0220082756131887,-0.031818151473999,0.0109594156965613,0.0,0.0079877935349941,0.0045662056654691,-0.037735816091299,-0.0045454502105712,0.0215687006711959,-0.0308369752019643,0.0591170489788055,0.0133928442373871,0.1638274341821671,-0.0260869320482015,-0.0267829224467277,0.0043668081052601,-0.1343999803066254,-0.004347822163254,-0.038632184267044,0.0,0.0207652449607849,-0.017094001173973,-0.0011301193153485,0.0263157654553651,0.0181029289960861,0.045871514827013,0.0203741025179624,0.0186915695667266,0.0179706551134586,-0.0228310283273458,0.091654784977436,0.0478469617664814,-0.0287487730383873,0.0145630929619073,-0.0230407137423753,0.0198019612580537,0.0156652778387069,-0.0146341323852539,-0.0327118374407291,-0.0238095019012689,-0.036095954477787,0.0047846846282482,0.0376294814050197,-0.0141509305685758,-0.0061317179352045,0.0192307513207197,-0.0477701835334301,-0.0545455105602741,0.0140688810497522,-0.0134529015049338,0.0005476271617226,-0.0176211278885603,-0.031745970249176,-0.0130434660241007,-0.0171472001820802,0.0176990982145071,0.0128450524061918,0.05607470870018,-0.0236607771366834,0.0490196794271469,-0.0085304668173193,0.035532958805561,-0.0132968248799443,0.0706521719694137,-0.0281411055475473,0.0,0.0746330022811889,-0.0212765745818615,0.008159389719367,-0.0600000023841857,-0.0314323902130127,0.156069353222847,0.0242908056825399,-0.0894736647605896,-0.102826826274395,-0.0731707215309143,-0.0243180394172668,-0.0509259849786758,-0.125054195523262,0.0,-0.0071835629642009,-0.0484581030905246,-0.1030439138412476,-0.058091327548027,-0.0862306132912635,0.0478261448442935,-0.1232876628637314,-0.0725806728005409,0.2378471940755844,0.1121076196432114,-0.0617110878229141,0.042056031525135,-0.0388640090823173,0.0439025126397609,-0.0824260860681533,0.0199004784226417,0.0237287897616624,-0.0098522072657942,0.0347682200372219,-0.073059394955635,-0.0319999679923057,0.0579710751771926,0.0115701975300908,0.0402009673416614,0.0,0.0,-0.0036874404177069,0.0441177226603031,-0.1050914991264572,0.0544555120067864,-0.1524606640198347,0.1093750843270338,-0.2164231859340729,0.0650000572684341,-0.2483336067162419,-0.0273972343690369,-0.1954332330636797,0.0240385546035017,-0.5660189010062082,0.0703518090772556,2019-03-01,2019-03-04,2019-03-05,2019-03-06,2019-03-07,2019-03-08,2019-03-11,2019-03-12,2019-03-13,2019-03-14,82779.0,2019-02-28,252.0,-66.8967%,-0.0027,1.7409,1.7457,-0.373,5.5718%,5.9970%,13.6793%,-0.6659489999999999,NVAX,82779.0,2019-03-01,252.0,-0.3687%,-0.0028,1.7321,1.7326,-0.3773,5.5730%,5.9933%,13.5328%,-0.022866,NVAX,82779.0,2019-03-04,252.0,-10.1779%,-0.0033,1.7665,1.6918,-0.4029,5.5867%,6.0185%,13.8324%,-0.084461,NVAX,82779.0,2019-03-05,252.0,-5.2932%,-0.0031,1.7935,1.8744,-0.368,5.5646%,6.0170%,14.4714%,-0.045741,NVAX,82779.0,2019-03-06,252.0,-5.0870%,-0.003,1.8164,1.8764,-0.3418,5.5602%,6.0226%,14.7640%,-0.01213,NVAX,82779.0,2019-03-07,252.0,-2.5917%,-0.0028,1.8322,1.9388,-0.3031,5.5515%,6.0212%,14.9919%,-0.010926,NVAX,82779.0,2019-03-08,252.0,-5.8643%,-0.003,1.8385,1.9541,-0.2938,5.5609%,6.0316%,14.9962%,-0.056186,NVAX,82779.0,2019-03-11,252.0,-2.1534%,-0.0033,1.8097,1.948,-0.2825,5.5701%,6.0317%,14.7197%,-0.057581,NVAX,82779.0,2019-03-12,252.0,2.2008%,-0.0031,1.8223,1.9337,-0.274,5.5719%,6.0332%,14.7062%,0.022622,NVAX,82779.0,2019-03-13,252.0,1.0959%,-0.0032,1.8261,1.9003,-0.2778,5.5667%,6.0266%,14.6826%,0.004885,NVAX,82779.0,2019-03-14,252.0,0.7988%,-0.0032,1.831,1.8872,-0.2711,5.5676%,6.0270%,14.6635%,0.018348,NVAX,-0.688815,-0.773276,-0.819017,-0.842073,-0.9099849999999998
16019,NOVAVAX INC,Novavax Reports Phase 3 PrepareTM Trial Of ResVax Did Not Meet Primary Endpoint Of Prevention Of Medically Significant RSV LRTI,6,decrease,0.85,0.7,the failure to meet the primary endpoint in a phase 3 trial is likely to negatively impact investor confidence and the stock price of novavax inc.,0,2019-02-28,NVAX,2019-02-28 12:04:00+00:00,82779.0,67000240,-0.6689671277999878,100746216.0,-0.0036874404177069,0.0441177226603031,-0.1017793640494347,0.0099009806290268,-0.0529318526387214,0.052083346992731,-0.0508701130747795,0.0105263059958815,-0.025916775688529,-0.0500000119209289,-0.0586425550282001,-0.0430621616542339,-0.0215343404561281,-0.0187794361263513,0.0220082756131887,-0.031818151473999,0.0109594156965613,0.0,0.0079877935349941,0.0045662056654691,-0.037735816091299,-0.0045454502105712,0.0215687006711959,-0.0308369752019643,0.0591170489788055,0.0133928442373871,0.1638274341821671,-0.0260869320482015,-0.0267829224467277,0.0043668081052601,-0.1343999803066254,-0.004347822163254,-0.038632184267044,0.0,0.0207652449607849,-0.017094001173973,-0.0011301193153485,0.0263157654553651,0.0181029289960861,0.045871514827013,0.0203741025179624,0.0186915695667266,0.0179706551134586,-0.0228310283273458,0.091654784977436,0.0478469617664814,-0.0287487730383873,0.0145630929619073,-0.0230407137423753,0.0198019612580537,0.0156652778387069,-0.0146341323852539,-0.0327118374407291,-0.0238095019012689,-0.036095954477787,0.0047846846282482,0.0376294814050197,-0.0141509305685758,-0.0061317179352045,0.0192307513207197,-0.0477701835334301,-0.0545455105602741,0.0140688810497522,-0.0134529015049338,0.0005476271617226,-0.0176211278885603,-0.031745970249176,-0.0130434660241007,-0.0171472001820802,0.0176990982145071,0.0128450524061918,0.05607470870018,-0.0236607771366834,0.0490196794271469,-0.0085304668173193,0.035532958805561,-0.0132968248799443,0.0706521719694137,-0.0281411055475473,0.0,0.0746330022811889,-0.0212765745818615,0.008159389719367,-0.0600000023841857,-0.0314323902130127,0.156069353222847,0.0242908056825399,-0.0894736647605896,-0.102826826274395,-0.0731707215309143,-0.0243180394172668,-0.0509259849786758,-0.125054195523262,0.0,-0.0071835629642009,-0.0484581030905246,-0.1030439138412476,-0.058091327548027,-0.0862306132912635,0.0478261448442935,-0.1232876628637314,-0.0725806728005409,0.2378471940755844,0.1121076196432114,-0.0617110878229141,0.042056031525135,-0.0388640090823173,0.0439025126397609,-0.0824260860681533,0.0199004784226417,0.0237287897616624,-0.0098522072657942,0.0347682200372219,-0.073059394955635,-0.0319999679923057,0.0579710751771926,0.0115701975300908,0.0402009673416614,0.0,0.0,-0.0036874404177069,0.0441177226603031,-0.1050914991264572,0.0544555120067864,-0.1524606640198347,0.1093750843270338,-0.2164231859340729,0.0650000572684341,-0.2483336067162419,-0.0273972343690369,-0.1954332330636797,0.0240385546035017,-0.5660189010062082,0.0703518090772556,2019-03-01,2019-03-04,2019-03-05,2019-03-06,2019-03-07,2019-03-08,2019-03-11,2019-03-12,2019-03-13,2019-03-14,82779.0,2019-02-28,252.0,-66.8967%,-0.0027,1.7409,1.7457,-0.373,5.5718%,5.9970%,13.6793%,-0.6659489999999999,NVAX,82779.0,2019-03-01,252.0,-0.3687%,-0.0028,1.7321,1.7326,-0.3773,5.5730%,5.9933%,13.5328%,-0.022866,NVAX,82779.0,2019-03-04,252.0,-10.1779%,-0.0033,1.7665,1.6918,-0.4029,5.5867%,6.0185%,13.8324%,-0.084461,NVAX,82779.0,2019-03-05,252.0,-5.2932%,-0.0031,1.7935,1.8744,-0.368,5.5646%,6.0170%,14.4714%,-0.045741,NVAX,82779.0,2019-03-06,252.0,-5.0870%,-0.003,1.8164,1.8764,-0.3418,5.5602%,6.0226%,14.7640%,-0.01213,NVAX,82779.0,2019-03-07,252.0,-2.5917%,-0.0028,1.8322,1.9388,-0.3031,5.5515%,6.0212%,14.9919%,-0.010926,NVAX,82779.0,2019-03-08,252.0,-5.8643%,-0.003,1.8385,1.9541,-0.2938,5.5609%,6.0316%,14.9962%,-0.056186,NVAX,82779.0,2019-03-11,252.0,-2.1534%,-0.0033,1.8097,1.948,-0.2825,5.5701%,6.0317%,14.7197%,-0.057581,NVAX,82779.0,2019-03-12,252.0,2.2008%,-0.0031,1.8223,1.9337,-0.274,5.5719%,6.0332%,14.7062%,0.022622,NVAX,82779.0,2019-03-13,252.0,1.0959%,-0.0032,1.8261,1.9003,-0.2778,5.5667%,6.0266%,14.6826%,0.004885,NVAX,82779.0,2019-03-14,252.0,0.7988%,-0.0032,1.831,1.8872,-0.2711,5.5676%,6.0270%,14.6635%,0.018348,NVAX,-0.688815,-0.773276,-0.819017,-0.842073,-0.9099849999999998
16027,NATIONAL WESTERN LIFE GROUP INC,"National Western Life Q4 EPS $6.16 Down From $6.36 YoY, Sales $155.23M Down From $247.815M YoY",6,decrease,0.8,0.7,"the decline in both eps and sales year-over-year suggests weakening financial performance, which is likely to negatively impact investor sentiment and lead to a decrease in stock price.",0,2019-02-28,NWLI,2019-02-28 22:18:00+00:00,56822.0,63851710,-0.0032362460624426,4313.0,-0.0194805189967155,-0.0031936198938637,-0.0165562909096479,0.0012596386950463,-0.0062625771388411,0.0037608728744089,-0.0259199831634759,0.001851454610005,-0.0225746650248765,-0.0111453756690025,-0.0112811867147684,0.0052630039863288,0.0077026048675179,0.0121902748942375,0.0001071499791578,0.0092021785676479,0.0086071556434035,0.0082806460559368,0.0027973814867436,0.0176318045705556,-0.0140183651819825,-3.387399556231685e-05,0.0038677309639751,-0.002363309264183,-0.0077413683757185,-0.0007758340216241,-0.0177608486264944,-0.0102504417300224,-0.026317723095417,-0.0038913539610803,-0.0346228405833244,-0.0048981648869812,0.0038940811064094,0.0038872445002198,0.0321955718100071,-0.00764911621809,-0.0104471957311034,0.0066044614650309,0.0011392517480999,0.0151954516768455,-0.004362316802144,-0.0111611066386103,0.0017906854627653,-0.0084242429584264,0.0101543432101607,-0.005911290179938,-0.0041790045797824,0.0064784539863467,0.003402623347938,0.0059183361008763,0.0195931140333414,-0.0024543623439967,0.0025867763906717,-0.00985221657902,-0.0173239279538393,-0.0062334900721907,0.0187171418219804,0.0316835157573223,-0.016900461167097,0.0094487080350518,0.0028464784845709,-0.0039945589378476,-0.0061249425634741,-0.0079924939200282,-0.0023673714604228,-0.0009729544399306,0.0054616453126072,-0.0011393596651032,-0.0092905182391405,-0.0125413909554481,-0.0152007453143596,-0.0011567529290914,-0.0119797075167298,0.0202326774597168,0.0065288068726658,-0.0185988862067461,-0.0145945902913808,0.0048885969445109,0.0086200619116425,0.0197714827954769,0.0419547334313392,0.0118385199457407,-0.0055924239568412,-0.0086405565962195,-0.0024745187256485,0.0349975451827049,0.0007892635185271,-0.0128254229202866,0.0040560974739491,-0.0079991975799202,0.0045258700847625,-0.0005513755022548,0.0036118603311479,-0.0112103326246142,-0.0048603033646941,0.0078643104061484,-0.0078667355701327,-0.023147352039814,0.0317162200808525,-0.0034100802149623,0.0057549341581761,-0.0153405666351318,0.0,0.0081978142261505,-0.0032231726218014,-0.0088489837944507,0.0139514477923512,0.0120855141431093,-0.0060197534039616,0.011994601227343,-0.0077505190856754,-0.0122799510136246,-0.0030517578125,-0.0324253216385841,-0.0022958524059504,0.0109374523162841,-0.0089852856472134,0.0170502383261919,0.0099145006388425,-0.0086971586570143,-0.0194805189967155,-0.0031936198938637,-0.0357142847667829,-0.001938004006013,-0.0417531984423136,0.0018155802816992,-0.0876623362792572,-0.0075158872590597,-0.0805194401175533,0.0457207017829093,-0.1331168830056346,0.0502345158303938,-0.1103571098089856,0.0141122016524308,2019-03-01,2019-03-04,2019-03-05,2019-03-06,2019-03-07,2019-03-08,2019-03-11,2019-03-12,2019-03-13,2019-03-14,56822.0,2019-02-28,252.0,-0.3236%,0.0001,0.6564,0.5568,0.4683,1.0778%,1.2709%,28.0854%,-0.000274,NWLI,56822.0,2019-03-01,252.0,-1.9481%,-0.0,0.6564,0.5567,0.4794,1.0871%,1.2768%,27.5023%,-0.024038,NWLI,56822.0,2019-03-04,252.0,-1.6556%,-0.0001,0.6591,0.5592,0.4761,1.0900%,1.2811%,27.6033%,-0.012876,NWLI,56822.0,2019-03-05,252.0,-0.6263%,-0.0001,0.6615,0.5764,0.4786,1.0886%,1.2817%,27.8573%,-0.002356,NWLI,56822.0,2019-03-06,252.0,-2.5920%,-0.0002,0.6569,0.6124,0.4784,1.0852%,1.2825%,28.4001%,-0.013382,NWLI,56822.0,2019-03-07,252.0,-2.2575%,-0.0002,0.6636,0.6154,0.4881,1.0893%,1.2891%,28.5951%,-0.0152699999999999,NWLI,56822.0,2019-03-08,252.0,-1.1281%,-0.0003,0.6643,0.625,0.4887,1.0894%,1.2905%,28.7315%,-0.009389,NWLI,56822.0,2019-03-11,252.0,0.7703%,-0.0003,0.6632,0.628,0.4909,1.0892%,1.2914%,28.8673%,-0.001994,NWLI,56822.0,2019-03-12,252.0,0.0107%,-0.0003,0.6534,0.6297,0.4804,1.0867%,1.2834%,28.2984%,0.0005099999999999,NWLI,56822.0,2019-03-13,252.0,0.8607%,-0.0003,0.6555,0.625,0.4815,1.0873%,1.2843%,28.3292%,0.005704,NWLI,56822.0,2019-03-14,252.0,0.2797%,-0.0003,0.6543,0.6233,0.4823,1.0872%,1.2832%,28.2245%,0.004481,NWLI,-0.024312,-0.037188,-0.0395439999999999,-0.0681959999999999,-0.0688839999999999
16035,NEW YORK MORTGAGE TRUST INC,Barclays Downgrades New York Mortgage Trust to Underweight,6,decrease,0.8,0.7,"a downgrade from barclays typically signals a negative outlook, which is likely to lead to a decrease in stock price.",0,2019-02-28,NYMT,2019-02-28 11:40:00+00:00,90214.0,64960484,0.0,4029684.0,-0.0016667047748342,-0.0259740017354488,-0.0016694077057763,0.0,-0.0033444783184677,0.0,-0.0067114029079675,-0.0144000239670276,-0.0033783752005547,-0.0047771031968295,0.0067796544171869,-0.0031745999585837,0.0084174601361155,-0.0015847467584535,0.0,0.0015872621443122,0.0,-0.0047392942942678,0.0016694873338565,-0.003149603260681,0.0033333301544189,0.0031595546752214,0.0083056800067424,-0.0015773231862112,-0.003294889582321,0.0031645537819713,0.0049586333334445,0.0,0.0131578827276825,-0.0047243675217032,-0.0113635873422026,0.0063391383737325,0.0131362760439515,-0.0015823146095499,0.0032414880115538,0.0063694203272461,0.0096930442377924,0.0080257123336195,0.0047999881207942,0.004838743712753,0.0016447744565084,-0.0016103427624329,0.0082101337611675,0.0016129402210935,-0.0065146517008543,0.0016154687618836,0.0016393818659707,0.0032414880115538,0.0032733192201703,0.0164744481444358,0.0016312808729708,-0.0016446961089968,-0.0016286241589114,-0.0129870008677244,-0.0032626395113766,0.0032573258504271,0.0,0.0065573710016906,-0.001636698609218,-0.0129449721425771,0.0,0.0,0.0016393818659707,0.0081565603613853,0.0114565780386328,0.0049180672504007,0.0,-0.003267970867455,0.0016181600512936,-0.0097087286412715,0.0016154687618836,0.0114565780386328,0.0096774874255061,0.0200334507972002,0.0047922893427312,-0.0016667047748342,-0.007949155755341,0.0186757445335388,0.0112179769203066,-0.0150501923635602,-0.0063391383737325,0.0101351253688335,0.0047847223468124,0.0068027144297957,-0.0095238760113716,0.0462633855640888,0.0,-0.0327022485435009,0.006410326808691,0.0017240950837731,0.003184710163623,-0.0268456116318702,-0.0047619380056858,-0.0050083026289939,-0.0047847223468124,0.0050335121341049,-0.0336537770926952,-0.016501635313034,0.0066334926523268,0.0033112552482634,-0.0049423738382756,0.0097087603062391,0.0033112552482634,-0.0080257123336195,0.0,0.0032206089235842,0.0016502027865499,0.0032310145907104,-0.003294889582321,0.0016181600512936,0.0016528514679521,0.0131147420033812,0.0066006537526845,-0.0161290168762207,0.0016393818659707,0.0,0.0016366206109523,-0.0016103427624329,0.009803912602365,0.0130505580455064,-0.0016667047748342,-0.0259740017354488,-0.0033333300708162,-0.0259740017354488,-0.0066666601391338,-0.0259740017354488,-0.0166666506464151,-0.0445860185265265,4.638378570120949e-11,-0.0551180951872275,0.050109635004663,-0.0291261867120222,0.0638815516781043,0.0112031619079604,2019-03-01,2019-03-04,2019-03-05,2019-03-06,2019-03-07,2019-03-08,2019-03-11,2019-03-12,2019-03-13,2019-03-14,90214.0,2019-02-28,252.0,0.0000%,0.0008,0.4366,0.1334,0.2537,0.9029%,0.9964%,17.8978%,0.001904,NYMT,90214.0,2019-03-01,252.0,-0.1667%,0.0008,0.4247,0.1157,0.2376,0.8964%,0.9851%,17.2000%,-0.004272,NYMT,90214.0,2019-03-04,252.0,-0.1669%,0.0008,0.4279,0.1057,0.2366,0.8954%,0.9850%,17.3817%,-1.5e-05,NYMT,90214.0,2019-03-05,252.0,-0.3344%,0.0007,0.4247,0.0792,0.2353,0.8897%,0.9780%,17.2477%,-0.001811,NYMT,90214.0,2019-03-06,252.0,-0.6711%,0.0005,0.3938,0.1131,0.2049,0.8038%,0.8891%,18.2543%,-0.00233,NYMT,90214.0,2019-03-07,252.0,-0.3378%,0.0005,0.3928,0.1086,0.2024,0.8035%,0.8885%,18.2276%,0.000516,NYMT,90214.0,2019-03-08,252.0,0.6780%,0.0005,0.3914,0.115,0.1999,0.8040%,0.8888%,18.1590%,0.007844,NYMT,90214.0,2019-03-11,252.0,0.8417%,0.0006,0.3931,0.1077,0.1949,0.8021%,0.8884%,18.4769%,0.00312,NYMT,90214.0,2019-03-12,252.0,0.0000%,0.0006,0.3952,0.1078,0.1973,0.8020%,0.8880%,18.4215%,-0.000615,NYMT,90214.0,2019-03-13,252.0,0.0000%,0.0005,0.3944,0.1033,0.1953,0.8008%,0.8866%,18.4254%,-0.00259,NYMT,90214.0,2019-03-14,252.0,0.1669%,0.0005,0.395,0.1023,0.1958,0.8007%,0.8866%,18.4402%,0.001811,NYMT,-0.002368,-0.002383,-0.004194,-0.006008,0.003562
16043,O D P CORP,UBS Stays Bearish On Office Depot After Q4 Print,6,decrease,0.8,0.7,"ubs's bearish stance on office depot following its q4 results suggests a negative outlook, likely leading to a decrease in stock price.",0,2019-02-28,ODP,2019-02-28 16:23:00+00:00,75573.0,88337F10,-0.023742988705635,8030228.0,0.0259365737438201,0.0948012098670005,-0.0196629036217927,-0.0090909004211425,-0.0057306536473333,-0.0149253597483038,-0.0432276912033557,-0.0059347124770283,0.0030120452865958,0.0,0.0,0.0181268714368343,0.0060060005635023,-0.0089820278808474,0.0029850718565285,0.0030030002817511,0.0535714514553546,-0.0118694249540567,-0.0706214681267738,0.0698411986231803,0.0212765764445066,-0.0094339530915021,0.0327381342649459,0.029126264154911,0.0115273660048842,-0.0127796158194541,-0.0199430007487535,0.0129450494423508,0.0406976342201232,0.0131147420033812,-0.0167597606778144,0.023489911109209,0.0284090638160705,0.0136054288595914,0.0,-0.0033898272085934,0.0248619206249713,0.0034013572148978,0.0026954151690006,0.0034129659179598,-0.024193525314331,-0.0034013572148978,0.0247933641076088,-0.0297029428184032,-0.0295699276030063,0.0202020015567541,0.0443213544785976,0.0171232707798481,-0.2360742390155792,0.0068965447135269,-0.0555555820465087,-0.0301003064960241,-0.0514706261456012,-0.0099337650462985,0.0,0.0066666603088378,0.0465116761624813,0.0067114029079675,-0.0296296887099742,0.0101694818586111,-0.0343511141836643,0.0034013572148978,-0.0158102624118328,-0.0067567504011094,0.0200803019106388,0.0171821136027574,-0.0039370041340589,0.0355872400104999,-0.0276679582893848,0.0107913566753268,-0.0406504645943641,0.0296296011656522,0.008474669419229,0.0588235668838024,0.03781508654356,-0.030418312177062,-0.0080971578136086,0.0193799193948507,0.0040816287510097,0.0238095019012689,0.0121951103210449,0.0370370000600814,-0.0361445434391498,-0.0240963622927665,-0.0041666626930236,0.0641026049852371,0.0167363844811916,0.1037736013531685,0.0082304449751973,-0.0901287719607353,-0.0367347560822963,-0.0862745195627212,-0.0508474111557006,-0.0229884851723909,-0.0133928442373871,0.0116278966888785,-0.0542986989021301,-0.0618182085454464,0.0334929078817367,-0.0316901132464408,-0.0509259849786758,-0.0340136550366878,0.0341463088989257,0.0,0.0141510432586073,0.017301021143794,-0.0093023162335157,-0.0170067865401506,-0.0328639298677444,-0.0576922558248043,0.0,-0.006369496230036,-0.0048543643206357,-0.0338461212813854,-0.0146341323852539,0.0061919447034597,-0.0024752332828938,-0.0182370655238628,0.0050251209177076,0.0123076802119612,0.0259365737438201,0.0948012098670005,0.005763681772223,0.0848484810871532,-1.5390803076442692e-09,0.0686567272345264,-0.0403458511572842,0.0623145568217473,-0.0518732146592036,0.136507879135117,-0.2449568130306656,0.2135592798632388,-0.4163903170810475,0.1015384365619398,2019-03-01,2019-03-04,2019-03-05,2019-03-06,2019-03-07,2019-03-08,2019-03-11,2019-03-12,2019-03-13,2019-03-14,75573.0,2019-02-28,252.0,-2.3743%,0.0011,1.5364,1.409,0.2205,2.9468%,3.4291%,26.1507%,-0.018826,ODP,75573.0,2019-03-01,252.0,2.5937%,0.0014,1.4955,1.3481,0.1523,2.9131%,3.3800%,25.7189%,0.01158,ODP,75573.0,2019-03-04,252.0,-1.9663%,0.0016,1.463,1.4639,0.159,2.8778%,3.3484%,26.1354%,-0.007178,ODP,75573.0,2019-03-05,252.0,-0.5731%,0.0016,1.46,1.4405,0.1569,2.8765%,3.3395%,25.8043%,0.001586,ODP,75573.0,2019-03-06,252.0,-4.3228%,0.0017,1.483,1.4559,0.185,2.8709%,3.3488%,26.5050%,-0.012966,ODP,75573.0,2019-03-07,252.0,0.3012%,0.0017,1.4753,1.4477,0.1724,2.8724%,3.3468%,26.3395%,0.016712,ODP,75573.0,2019-03-08,252.0,0.0000%,0.0018,1.4743,1.4622,0.17,2.8712%,3.3468%,26.4004%,0.002725,ODP,75573.0,2019-03-11,252.0,0.6006%,0.0018,1.4642,1.4157,0.1486,2.8637%,3.3365%,26.3341%,-0.0204309999999999,ODP,75573.0,2019-03-12,252.0,0.2985%,0.0018,1.4668,1.4145,0.1511,2.8636%,3.3344%,26.2430%,0.003317,ODP,75573.0,2019-03-13,252.0,5.3571%,0.0019,1.4828,1.3719,0.1583,2.8722%,3.3431%,26.1877%,0.0479119999999999,ODP,75573.0,2019-03-14,252.0,-7.0621%,0.0018,1.472,1.4098,0.1391,2.8965%,3.3662%,25.9562%,-0.064079,ODP,-0.0072459999999999,-0.014424,-0.0128379999999999,-0.009092,-0.0396479999999999
16051,PETROLEO BRASILEIRO SA PETROBRAS,"Petrobas shares are trading lower after the company reported mixed FY18 results; despite posting its first profit in five years, the company missed estimates due to provisions and write-downs.",6,decrease,0.8,0.6,"the mixed results and missed estimates, despite a profit, suggest investor disappointment, likely leading to a decrease in stock price.",0,2019-02-28,PBR,2019-02-28 18:59:00+00:00,88490.0,71654V40,-0.0426309257745742,27927105.0,-0.0146310748532414,0.0092193987220525,0.004519086331129,0.0018473329255357,0.0064266980625689,-0.0234515573829412,-0.0236270688474178,-0.0012012287043035,-0.0163505561649799,-0.0041865846142172,-0.0039893896318972,-0.0047619002871215,0.0594125762581825,0.00298502901569,-0.0031506107188761,0.0017942994600161,0.0271808039397001,0.0282902270555496,0.0,0.0137156667187809,0.0209230855107307,0.0469974689185619,0.0313442088663578,-0.0235818922519683,0.0151958046481013,-0.011964769102633,0.0149682387709617,-0.0209617279469966,-0.0328984670341014,-0.0246542319655418,-0.0721407383680343,0.0084899570792913,0.0037926940713077,0.0036518238484859,0.0321158245205879,0.0079755261540412,-0.0549115091562271,0.0187499523162841,0.0200129393488168,0.0276172328740358,0.0075949295423924,0.0318091139197349,0.0012562501942738,-0.0461440943181514,0.0050188759341835,0.0193298477679491,-0.0187266040593385,0.002584038535133,0.0286259409040212,0.0197627954185009,0.0204081591218709,-0.0142856696620583,0.0296969562768936,-0.0012970465468242,-0.0064744325354695,0.0078431293368339,0.0065166242420673,0.0039370353333652,-0.0306062661111354,-0.0058708516880869,-0.0928961634635925,0.0026160865090787,0.0053548114374279,-0.0122738750651478,0.0233022253960371,-0.0089628901332616,-0.0045543066225945,0.0276315845549106,0.0209150128066539,0.0092961080372333,0.0044814143329858,0.0203252155333757,0.0070108738727867,0.0350631140172481,-0.0291139259934425,0.017844395712018,0.0084745837375521,0.0768639519810676,-0.0058177215978503,-0.0015348814195021,-0.0006502099568024,0.0199812147766351,-0.0091086756438016,0.006289301905781,-0.0196979157626628,0.0512396581470966,-0.0013396153226494,-0.0226171035319566,0.0067069339565932,-0.0166799072176218,-0.0099933752790093,-0.0063141216523945,-0.0100941872224211,-0.0163043513894081,0.0373895429074764,-0.0242424011230468,-0.0314548164606094,-0.0149253597483038,0.0020298163872212,-0.0168745778501033,-0.0310600958764553,0.0014695413410663,0.0006968135712668,0.0126488152891397,-0.0139275640249252,-0.0066518960520625,-0.0218926183879375,-0.0498595535755157,-0.0281588695943355,0.0070720952935516,0.0163447447121143,-0.0361281335353851,0.0307017602026462,-0.0246010571718215,0.0121203083544969,0.0329670011997222,-0.0218003112822771,0.0160502791404724,0.0136592760682106,-0.0041695912368595,-0.0146310748532414,0.0092193987220525,-0.0101781076124913,0.0110837629464011,-0.0038168211743963,-0.0126277259392966,-0.0432570175229467,-0.0179425378876171,0.0337149953066888,0.0236907208551955,0.0477098619428761,0.071102422683414,-0.0998430632820945,0.1433260359924573,2019-03-01,2019-03-04,2019-03-05,2019-03-06,2019-03-07,2019-03-08,2019-03-11,2019-03-12,2019-03-13,2019-03-14,88490.0,2019-02-28,252.0,-4.2631%,0.0011,1.0941,-0.0859,0.7837,2.8398%,3.0282%,12.0526%,-0.037422,PBR,88490.0,2019-03-01,252.0,-1.4631%,0.001,1.0905,-0.0913,0.7875,2.8427%,3.0287%,11.9047%,-0.019214,PBR,88490.0,2019-03-04,252.0,0.4519%,0.001,1.0939,-0.1078,0.7878,2.8424%,3.0286%,11.9195%,0.006663,PBR,88490.0,2019-03-05,252.0,0.6427%,0.001,1.0897,-0.1348,0.7815,2.8418%,3.0273%,11.8796%,0.009753,PBR,88490.0,2019-03-06,252.0,-2.3627%,0.0009,1.089,-0.092,0.7866,2.8424%,3.0258%,11.7563%,-0.016575,PBR,88490.0,2019-03-07,252.0,-1.6351%,0.0008,1.0923,-0.0873,0.7923,2.8426%,3.0277%,11.8534%,-0.004979,PBR,88490.0,2019-03-08,252.0,-0.3989%,0.0009,1.0911,-0.0654,0.7892,2.8398%,3.0243%,11.8284%,-0.000286,PBR,88490.0,2019-03-11,252.0,5.9413%,0.0011,1.1153,-0.0511,0.785,2.8544%,3.0467%,12.2234%,0.047405,PBR,88490.0,2019-03-12,252.0,-0.3151%,0.0011,1.1075,-0.0464,0.778,2.8542%,3.0409%,11.9013%,-0.005544,PBR,88490.0,2019-03-13,252.0,2.7181%,0.0011,1.1133,-0.0526,0.7828,2.8563%,3.0453%,12.0265%,0.018789,PBR,88490.0,2019-03-14,252.0,0.0000%,0.0012,1.1105,-0.0498,0.7814,2.8558%,3.0435%,11.9594%,-0.0015409999999999,PBR,-0.0566359999999999,-0.0499729999999999,-0.0402199999999999,-0.0617739999999999,-0.0029509999999999
16059,PUMA BIOTECHNOLOGY INC,"Puma Biotechnology Q4 EPS $(0.32) Beats $(0.77) Estimate, Sales $71.1M Beat $53.65M Estimate",6,increase,0.8,0.6,"the company reported better-than-expected earnings and sales, which typically boosts investor confidence and can lead to an increase in stock price.",2,2019-02-28,PBYI,2019-02-28 21:57:00+00:00,13621.0,74587V10,-0.0255781859159469,1461262.0,0.3998562097549438,0.0074126720428466,0.0295402389019727,-0.0097868116572499,-0.0364272147417068,0.0723388418555259,-0.0507508851587772,0.0210486482828855,0.0411892607808113,-0.0231776013970375,0.0007860255427658,-0.0063150101341307,0.0492146871984005,-0.0271051675081253,0.0042414711788296,0.0199041999876499,0.0434782616794109,0.0157244503498077,-0.0649999901652336,-0.0096403500065207,-0.0025465313810855,-0.0003706534043885,0.0816951990127563,0.0250759832561016,-0.0526315681636333,-0.0120120011270046,-0.0161932669579982,-0.0403458513319492,0.0227905213832855,0.0131387086585164,-0.0336717180907726,-0.0119004659354686,0.0110171744599938,-0.0053801871836185,-0.0025341731961816,0.0,-0.0284552574157714,0.0325925610959529,0.0193514078855514,0.0150375794619321,-0.0048742592334747,-0.0148148005828261,-0.0812065303325653,0.0059612463228404,0.0033669734839349,0.0244274567812681,-0.0142616983503103,0.0667752996087074,-0.0246808212250471,0.0371621251106262,0.0314135551452636,-0.0610626116394996,-0.0138183273375034,-0.0098154693841934,-0.0094367116689682,0.0055270190350711,0.0173210818320512,0.0462619103491306,-0.0136209800839424,0.0693462789058685,-0.0126581890508532,-0.0320649854838848,-0.0131119107827544,-0.0644000247120857,0.0,0.0535187721252441,-0.0298198517411947,-0.0222497284412384,0.0009129269164986,0.0314492024481296,0.0291881766170263,0.1005613505840302,0.0259970780462026,0.0293692201375961,-0.0192916262894868,-0.0419741608202457,-0.0132120009511709,0.0653562620282173,-0.0059506325051188,-0.0350877083837986,-0.0278359856456518,-0.0149462725967168,-0.0110837630927562,-0.0228206291794776,-0.023349879309535,0.0803747102618217,0.0452661775052547,0.0034637113567441,-0.0134187992662191,-0.0529522523283958,-0.0126738166436553,-0.0421903282403945,-0.0463369265198707,-0.0084556583315134,-0.0144451297819614,0.0490195713937282,0.0,-0.0513728894293308,-0.3864090740680695,-0.0271434374153614,-0.0830619260668754,-0.0389234200119972,0.0390763692557811,0.0267856772989034,-0.0547008067369461,-0.0252796821296215,0.0174803491681814,0.0414328463375568,-0.017180036753416,-0.0235987976193428,-0.0578661859035491,0.0016884342767298,0.0345489419996738,-0.0054575633257627,-0.0408163182437419,0.0249569676816463,-0.0135396542027592,0.0073688807897269,0.0098038967698812,0.0039164558984339,0.3998562097549438,0.0074126720428466,0.441208296619515,-0.0024466860395635,0.3887090925110263,0.0697151653814762,0.3725278321934495,0.0669159237250589,0.4120820329134989,0.058212891718246,0.2499100777870808,0.2606007828070151,-0.4444444455536118,0.2419495895959686,2019-03-01,2019-03-04,2019-03-05,2019-03-06,2019-03-07,2019-03-08,2019-03-11,2019-03-12,2019-03-13,2019-03-14,13621.0,2019-02-28,252.0,-2.5578%,-0.0028,1.2369,0.7056,-0.8693,4.6451%,4.9436%,11.7121%,-0.024205,PBYI,13621.0,2019-03-01,252.0,39.9856%,-0.0013,1.3152,0.8227,-0.9276,5.2475%,5.5523%,10.6786%,0.385337,PBYI,13621.0,2019-03-04,252.0,2.9540%,-0.0009,1.2878,0.8736,-0.9114,5.2464%,5.5446%,10.4670%,0.043198,PBYI,13621.0,2019-03-05,252.0,-3.6427%,-0.0015,1.2642,0.6687,-0.9162,5.1867%,5.4668%,9.9851%,-0.033807,PBYI,13621.0,2019-03-06,252.0,-5.0751%,-0.0019,1.2407,0.7608,-0.9302,5.1726%,5.4553%,10.0971%,-0.031429,PBYI,13621.0,2019-03-07,252.0,4.1189%,-0.0017,1.2192,0.755,-0.9604,5.1822%,5.4619%,9.9803%,0.0487359999999999,PBYI,13621.0,2019-03-08,252.0,0.0786%,-0.0018,1.2213,0.7149,-0.955,5.1771%,5.4540%,9.8967%,0.001368,PBYI,13621.0,2019-03-11,252.0,4.9215%,-0.0018,1.2339,0.7369,-0.949,5.1790%,5.4624%,10.1072%,0.023388,PBYI,13621.0,2019-03-12,252.0,0.4241%,-0.0017,1.2479,0.732,-0.9349,5.1781%,5.4625%,10.1433%,0.002371,PBYI,13621.0,2019-03-13,252.0,4.3478%,-0.0015,1.2603,0.7282,-0.9223,5.1829%,5.4689%,10.1860%,0.037993,PBYI,13621.0,2019-03-14,252.0,-6.5000%,-0.0015,1.2408,0.7661,-0.9416,5.1806%,5.4659%,10.1690%,-0.058077,PBYI,0.361132,0.4043300000000001,0.370523,0.38783,0.3948730000000001
16067,P G & E CORP,PG&E Records $10.5B Charge Related To 2018 Camp Fire And Additional $1.0B Charge Related To 2017 Northern California Wildfires,6,decrease,0.8,0.7,"the significant financial charges related to past wildfires indicate potential ongoing liabilities and financial instability, likely leading to a decrease in investor confidence and stock price.",0,2019-02-28,PCG,2019-02-28 13:42:00+00:00,13688.0,69331C10,-0.0432583466172218,11974631.0,0.0516734644770622,-0.0388769544661045,0.0078168278560042,-0.0069704647175967,0.0144044458866119,-0.0063932249322533,0.0027308107819408,-0.0324741825461387,0.0386709719896316,0.065348744392395,0.0167802665382623,0.0264937616884708,-0.0005157415871508,0.1459948569536209,-0.0082559268921613,0.0006463655736297,0.0124869812279939,0.0170940328389406,0.0025694319047033,-0.0142579562962055,0.0071757757104933,0.0767620652914047,-0.0111958943307399,0.0091549381613731,-0.0185280796140432,0.0099572818726301,0.0005243958439677,0.0285296514630317,-0.0015723630785942,-0.0291193071752786,0.0194226168096065,0.0594431869685649,-0.0623069517314434,0.0160550493746995,-0.014277777634561,0.0061538401059806,-0.0150418076664209,-0.049012441188097,-0.0243212841451168,-0.0228734593838453,0.0318840146064758,0.1648625731468201,0.0117978090420365,0.0203908029943704,-0.019433669745922,-0.1562723517417908,0.0458663366734981,0.7459324598312378,0.0211153924465179,0.0376623347401619,0.0270413681864738,0.0650068894028663,0.0160041023045778,0.1367924362421036,-0.0436992160975933,-0.0953058376908302,0.002656809054315,0.0173661895096302,0.0137783950194716,-0.1754176914691925,0.206482008099556,-0.5235929489135742,0.0277296099811792,-0.0095720766112208,-0.0615513958036899,-0.0039259502664208,-0.0184186808764934,0.0153758805245161,-0.0389016196131706,-0.0733509883284568,0.0190476011484861,-0.223360612988472,0.0060748164542019,0.0187890958040952,0.0650255233049392,0.0063025853596627,0.0069777518510818,0.0021052309311926,0.0138587998226285,-0.0058601670898497,0.0004271776706445,0.0122880935668945,-0.0384286753833293,0.0115731013938784,-0.036412063986063,0.0077753914520144,-0.0341014601290226,0.0175824016332626,0.0252862926572561,-0.0461216084659099,-0.0069799730554223,0.0042105424217879,-0.0159325283020734,0.031711533665657,-0.0352380834519863,-0.0581014752388,-0.0449160821735858,-0.0603613853454589,-0.0387596897780895,-0.0188608076423406,-0.0198925174772739,0.0045472090132534,0.0071311611682176,0.0126630822196602,-0.0163399316370487,0.0065662451088428,0.0060908421874046,0.0038774125277996,-0.0632911175489425,-0.0092201214283704,0.0387778989970684,-0.0269158612936735,0.0435520596802234,-0.0132792545482516,0.0298102553933858,0.0276725348085165,-0.0005263278144411,-0.0142003390938043,-0.0084254788234829,-0.0254915840923786,0.0516734644770622,-0.0388769544661045,0.0598942149096071,-0.0455764287442677,0.0751614037738055,-0.05167827331595,0.1197885430422693,-0.0225150902209843,0.145625330285162,0.1535968290928295,0.1233117062432329,1.1241049703124997,0.1056957712408253,-0.3517843963610215,2019-03-01,2019-03-04,2019-03-05,2019-03-06,2019-03-07,2019-03-08,2019-03-11,2019-03-12,2019-03-13,2019-03-14,13688.0,2019-02-28,252.0,-4.3258%,-0.0005,0.5965,0.2428,0.4614,7.6251%,7.6467%,0.5655%,-0.040436,PCG,13688.0,2019-03-01,252.0,5.1673%,-0.0004,0.6257,0.2863,0.484,7.6288%,7.6526%,0.6210%,0.0484309999999999,PCG,13688.0,2019-03-04,252.0,0.7817%,-0.0004,0.6287,0.2667,0.4854,7.6288%,7.6527%,0.6224%,0.010238,PCG,13688.0,2019-03-05,252.0,1.4404%,-0.0002,0.6298,0.2871,0.4796,7.6288%,7.6528%,0.6270%,0.017375,PCG,13688.0,2019-03-06,252.0,0.2731%,-0.0003,0.6123,0.2742,0.4581,7.6277%,7.6504%,0.5943%,0.0113569999999999,PCG,13688.0,2019-03-07,252.0,3.8671%,-0.0002,0.5897,0.2527,0.4219,7.6329%,7.6540%,0.5511%,0.045306,PCG,13688.0,2019-03-08,252.0,1.6780%,0.0,0.585,0.2874,0.4127,7.6313%,7.6524%,0.5504%,0.018579,PCG,13688.0,2019-03-11,252.0,-0.0516%,-0.0001,0.5802,0.2981,0.4213,7.6308%,7.6518%,0.5471%,-0.008211,PCG,13688.0,2019-03-12,252.0,-0.8256%,-0.0001,0.5821,0.3016,0.4249,7.6310%,7.6518%,0.5436%,-0.008625,PCG,13688.0,2019-03-13,252.0,1.2487%,-0.0001,0.5854,0.2909,0.4259,7.6310%,7.6520%,0.5480%,0.009064,PCG,13688.0,2019-03-14,252.0,0.2569%,-0.0003,0.6038,0.2796,0.4316,7.6193%,7.6415%,0.5801%,0.00298,PCG,0.0079949999999999,0.0182329999999999,0.035608,0.0922709999999999,0.1060579999999999
16075,P G & E CORP,"PG&A Not Providing Guidance For 2019 Earnings From Ops Due To Continuing Uncertainty Due To 2018 Camp Fire, 2017 Northern California Wildfires, Chapter 11 Proceedings",6,decrease,0.8,0.7,"the lack of guidance for earnings due to ongoing uncertainties from past wildfires and bankruptcy proceedings is likely to create negative sentiment among investors, leading to a decrease in stock price.",0,2019-02-28,PCG,2019-02-28 13:41:00+00:00,13688.0,69331C10,-0.0432583466172218,11974631.0,0.0516734644770622,-0.0388769544661045,0.0078168278560042,-0.0069704647175967,0.0144044458866119,-0.0063932249322533,0.0027308107819408,-0.0324741825461387,0.0386709719896316,0.065348744392395,0.0167802665382623,0.0264937616884708,-0.0005157415871508,0.1459948569536209,-0.0082559268921613,0.0006463655736297,0.0124869812279939,0.0170940328389406,0.0025694319047033,-0.0142579562962055,0.0071757757104933,0.0767620652914047,-0.0111958943307399,0.0091549381613731,-0.0185280796140432,0.0099572818726301,0.0005243958439677,0.0285296514630317,-0.0015723630785942,-0.0291193071752786,0.0194226168096065,0.0594431869685649,-0.0623069517314434,0.0160550493746995,-0.014277777634561,0.0061538401059806,-0.0150418076664209,-0.049012441188097,-0.0243212841451168,-0.0228734593838453,0.0318840146064758,0.1648625731468201,0.0117978090420365,0.0203908029943704,-0.019433669745922,-0.1562723517417908,0.0458663366734981,0.7459324598312378,0.0211153924465179,0.0376623347401619,0.0270413681864738,0.0650068894028663,0.0160041023045778,0.1367924362421036,-0.0436992160975933,-0.0953058376908302,0.002656809054315,0.0173661895096302,0.0137783950194716,-0.1754176914691925,0.206482008099556,-0.5235929489135742,0.0277296099811792,-0.0095720766112208,-0.0615513958036899,-0.0039259502664208,-0.0184186808764934,0.0153758805245161,-0.0389016196131706,-0.0733509883284568,0.0190476011484861,-0.223360612988472,0.0060748164542019,0.0187890958040952,0.0650255233049392,0.0063025853596627,0.0069777518510818,0.0021052309311926,0.0138587998226285,-0.0058601670898497,0.0004271776706445,0.0122880935668945,-0.0384286753833293,0.0115731013938784,-0.036412063986063,0.0077753914520144,-0.0341014601290226,0.0175824016332626,0.0252862926572561,-0.0461216084659099,-0.0069799730554223,0.0042105424217879,-0.0159325283020734,0.031711533665657,-0.0352380834519863,-0.0581014752388,-0.0449160821735858,-0.0603613853454589,-0.0387596897780895,-0.0188608076423406,-0.0198925174772739,0.0045472090132534,0.0071311611682176,0.0126630822196602,-0.0163399316370487,0.0065662451088428,0.0060908421874046,0.0038774125277996,-0.0632911175489425,-0.0092201214283704,0.0387778989970684,-0.0269158612936735,0.0435520596802234,-0.0132792545482516,0.0298102553933858,0.0276725348085165,-0.0005263278144411,-0.0142003390938043,-0.0084254788234829,-0.0254915840923786,0.0516734644770622,-0.0388769544661045,0.0598942149096071,-0.0455764287442677,0.0751614037738055,-0.05167827331595,0.1197885430422693,-0.0225150902209843,0.145625330285162,0.1535968290928295,0.1233117062432329,1.1241049703124997,0.1056957712408253,-0.3517843963610215,2019-03-01,2019-03-04,2019-03-05,2019-03-06,2019-03-07,2019-03-08,2019-03-11,2019-03-12,2019-03-13,2019-03-14,13688.0,2019-02-28,252.0,-4.3258%,-0.0005,0.5965,0.2428,0.4614,7.6251%,7.6467%,0.5655%,-0.040436,PCG,13688.0,2019-03-01,252.0,5.1673%,-0.0004,0.6257,0.2863,0.484,7.6288%,7.6526%,0.6210%,0.0484309999999999,PCG,13688.0,2019-03-04,252.0,0.7817%,-0.0004,0.6287,0.2667,0.4854,7.6288%,7.6527%,0.6224%,0.010238,PCG,13688.0,2019-03-05,252.0,1.4404%,-0.0002,0.6298,0.2871,0.4796,7.6288%,7.6528%,0.6270%,0.017375,PCG,13688.0,2019-03-06,252.0,0.2731%,-0.0003,0.6123,0.2742,0.4581,7.6277%,7.6504%,0.5943%,0.0113569999999999,PCG,13688.0,2019-03-07,252.0,3.8671%,-0.0002,0.5897,0.2527,0.4219,7.6329%,7.6540%,0.5511%,0.045306,PCG,13688.0,2019-03-08,252.0,1.6780%,0.0,0.585,0.2874,0.4127,7.6313%,7.6524%,0.5504%,0.018579,PCG,13688.0,2019-03-11,252.0,-0.0516%,-0.0001,0.5802,0.2981,0.4213,7.6308%,7.6518%,0.5471%,-0.008211,PCG,13688.0,2019-03-12,252.0,-0.8256%,-0.0001,0.5821,0.3016,0.4249,7.6310%,7.6518%,0.5436%,-0.008625,PCG,13688.0,2019-03-13,252.0,1.2487%,-0.0001,0.5854,0.2909,0.4259,7.6310%,7.6520%,0.5480%,0.009064,PCG,13688.0,2019-03-14,252.0,0.2569%,-0.0003,0.6038,0.2796,0.4316,7.6193%,7.6415%,0.5801%,0.00298,PCG,0.0079949999999999,0.0182329999999999,0.035608,0.0922709999999999,0.1060579999999999
16083,P G & E CORP,PG&E Q4 Adj. EPS $0.80 Beats $0.64 Estimate,6,increase,0.8,0.6,"beating earnings estimates typically signals stronger-than-expected performance, which can positively influence investor sentiment and lead to an increase in stock price.",2,2019-02-28,PCG,2019-02-28 13:41:00+00:00,13688.0,69331C10,-0.0432583466172218,11974631.0,0.0516734644770622,-0.0388769544661045,0.0078168278560042,-0.0069704647175967,0.0144044458866119,-0.0063932249322533,0.0027308107819408,-0.0324741825461387,0.0386709719896316,0.065348744392395,0.0167802665382623,0.0264937616884708,-0.0005157415871508,0.1459948569536209,-0.0082559268921613,0.0006463655736297,0.0124869812279939,0.0170940328389406,0.0025694319047033,-0.0142579562962055,0.0071757757104933,0.0767620652914047,-0.0111958943307399,0.0091549381613731,-0.0185280796140432,0.0099572818726301,0.0005243958439677,0.0285296514630317,-0.0015723630785942,-0.0291193071752786,0.0194226168096065,0.0594431869685649,-0.0623069517314434,0.0160550493746995,-0.014277777634561,0.0061538401059806,-0.0150418076664209,-0.049012441188097,-0.0243212841451168,-0.0228734593838453,0.0318840146064758,0.1648625731468201,0.0117978090420365,0.0203908029943704,-0.019433669745922,-0.1562723517417908,0.0458663366734981,0.7459324598312378,0.0211153924465179,0.0376623347401619,0.0270413681864738,0.0650068894028663,0.0160041023045778,0.1367924362421036,-0.0436992160975933,-0.0953058376908302,0.002656809054315,0.0173661895096302,0.0137783950194716,-0.1754176914691925,0.206482008099556,-0.5235929489135742,0.0277296099811792,-0.0095720766112208,-0.0615513958036899,-0.0039259502664208,-0.0184186808764934,0.0153758805245161,-0.0389016196131706,-0.0733509883284568,0.0190476011484861,-0.223360612988472,0.0060748164542019,0.0187890958040952,0.0650255233049392,0.0063025853596627,0.0069777518510818,0.0021052309311926,0.0138587998226285,-0.0058601670898497,0.0004271776706445,0.0122880935668945,-0.0384286753833293,0.0115731013938784,-0.036412063986063,0.0077753914520144,-0.0341014601290226,0.0175824016332626,0.0252862926572561,-0.0461216084659099,-0.0069799730554223,0.0042105424217879,-0.0159325283020734,0.031711533665657,-0.0352380834519863,-0.0581014752388,-0.0449160821735858,-0.0603613853454589,-0.0387596897780895,-0.0188608076423406,-0.0198925174772739,0.0045472090132534,0.0071311611682176,0.0126630822196602,-0.0163399316370487,0.0065662451088428,0.0060908421874046,0.0038774125277996,-0.0632911175489425,-0.0092201214283704,0.0387778989970684,-0.0269158612936735,0.0435520596802234,-0.0132792545482516,0.0298102553933858,0.0276725348085165,-0.0005263278144411,-0.0142003390938043,-0.0084254788234829,-0.0254915840923786,0.0516734644770622,-0.0388769544661045,0.0598942149096071,-0.0455764287442677,0.0751614037738055,-0.05167827331595,0.1197885430422693,-0.0225150902209843,0.145625330285162,0.1535968290928295,0.1233117062432329,1.1241049703124997,0.1056957712408253,-0.3517843963610215,2019-03-01,2019-03-04,2019-03-05,2019-03-06,2019-03-07,2019-03-08,2019-03-11,2019-03-12,2019-03-13,2019-03-14,13688.0,2019-02-28,252.0,-4.3258%,-0.0005,0.5965,0.2428,0.4614,7.6251%,7.6467%,0.5655%,-0.040436,PCG,13688.0,2019-03-01,252.0,5.1673%,-0.0004,0.6257,0.2863,0.484,7.6288%,7.6526%,0.6210%,0.0484309999999999,PCG,13688.0,2019-03-04,252.0,0.7817%,-0.0004,0.6287,0.2667,0.4854,7.6288%,7.6527%,0.6224%,0.010238,PCG,13688.0,2019-03-05,252.0,1.4404%,-0.0002,0.6298,0.2871,0.4796,7.6288%,7.6528%,0.6270%,0.017375,PCG,13688.0,2019-03-06,252.0,0.2731%,-0.0003,0.6123,0.2742,0.4581,7.6277%,7.6504%,0.5943%,0.0113569999999999,PCG,13688.0,2019-03-07,252.0,3.8671%,-0.0002,0.5897,0.2527,0.4219,7.6329%,7.6540%,0.5511%,0.045306,PCG,13688.0,2019-03-08,252.0,1.6780%,0.0,0.585,0.2874,0.4127,7.6313%,7.6524%,0.5504%,0.018579,PCG,13688.0,2019-03-11,252.0,-0.0516%,-0.0001,0.5802,0.2981,0.4213,7.6308%,7.6518%,0.5471%,-0.008211,PCG,13688.0,2019-03-12,252.0,-0.8256%,-0.0001,0.5821,0.3016,0.4249,7.6310%,7.6518%,0.5436%,-0.008625,PCG,13688.0,2019-03-13,252.0,1.2487%,-0.0001,0.5854,0.2909,0.4259,7.6310%,7.6520%,0.5480%,0.009064,PCG,13688.0,2019-03-14,252.0,0.2569%,-0.0003,0.6038,0.2796,0.4316,7.6193%,7.6415%,0.5801%,0.00298,PCG,0.0079949999999999,0.0182329999999999,0.035608,0.0922709999999999,0.1060579999999999
16091,PACIRA BIOSCIENCES INC,"Pacira Pharmaceuticals Q4 EPS $0.47 Beats $0.28 Estimate, Sales $95.1M Beat $93.69M Estimate",6,increase,0.8,0.6,"the company reported better-than-expected earnings and sales, which typically boosts investor confidence and can lead to an increase in stock price.",2,2019-02-28,PCRX,2019-02-28 13:08:00+00:00,12583.0,69512710,0.0135367764160037,1834372.0,0.0240407437086105,0.0059421067126095,-0.0334360897541046,0.0225316304713487,-0.0412167944014072,-0.0052883173339068,-0.0445240922272205,0.0025245763827115,-0.0166041497141122,-0.0159006062895059,-0.0068082786165177,0.0077616772614419,0.0359198674559593,-0.0181907974183559,-0.0050290799699723,0.0252016130834817,0.0303271990269422,0.0477951243519783,0.0144591117277741,0.0,-0.017052736133337,0.0026475635822862,0.0207146368920803,0.0050558438524603,0.0345002710819244,0.0029356980230659,-0.0264835227280855,-0.0292745418846607,0.0012594265863299,-0.0140486089512705,-0.0384905338287353,-0.0232036001980304,-0.0060177794657647,0.0208864882588386,0.0131613574922084,-0.0349066369235515,-0.0070148208178579,-0.002941150451079,-0.0031397892162203,0.0210210252553224,-0.0010497927432879,0.0183485578745603,-0.0165528394281864,0.0097787203267216,0.0144269550219178,0.00387500715442,0.0231761187314987,-0.0276313051581382,0.0072072744369506,-0.0160651933401823,0.0153334643691778,0.0104894647374749,0.0037755230441689,0.0338239446282386,-0.0243229996412992,0.0101721277460455,-0.021074267104268,0.0262312497943639,-0.0078760627657175,-0.0061186365783214,-0.0005292526329867,-0.0200730040669441,0.0021180305629968,0.0049777952954173,0.0071334335952997,-0.0031340492423623,-0.0406610518693924,-0.0286655835807323,0.0065628024749457,0.0420300364494323,0.0527030304074287,-0.0060430774465203,0.0103226201608777,0.0066120070405304,0.0298850089311599,-0.0952380821108818,-0.0032242329325526,-0.0285913422703743,-0.0029857908375561,0.0119972275570035,-0.0057399435900151,0.0218749977648258,-0.0005020195385441,-0.0528233088552951,0.161476656794548,0.0631807446479797,0.0363243296742439,-0.006015399005264,-0.0233673881739378,-0.0266978777945041,-0.0034180697984993,-0.0341551303863525,-0.0077170548029243,0.009591189213097,-0.0010801303433254,-0.0268888678401708,0.0160034131258726,-0.0057445499114692,0.0210728328675031,-0.0117904134094715,-0.0223056003451347,-0.0306878462433815,-0.0066098370589315,0.0053191487677395,-0.0212492309510707,0.0148995593190193,-0.0256578549742698,0.0017305177170783,-0.0157551374286413,-0.0396759435534477,-0.0093757109716534,-0.0037251717876642,0.0129270860925316,-0.0061702849343419,-0.0095716034993529,0.0060003534890711,-0.0029911932069808,0.0066653513349592,0.0,-0.0016635855427011,0.0240407437086105,0.0059421067126095,-0.0101991745098906,0.028607622536628,-0.0509955916324595,0.0231680190165788,-0.1083049782776321,0.0094410206819717,-0.0458960475182375,0.0728809669129599,-0.0823214971040913,0.0808725931369065,0.0522098520570903,-0.1551257893172088,2019-03-01,2019-03-04,2019-03-05,2019-03-06,2019-03-07,2019-03-08,2019-03-11,2019-03-12,2019-03-13,2019-03-14,12583.0,2019-02-28,252.0,1.3537%,0.0011,0.7606,1.136,-0.1978,2.7276%,2.9384%,13.8307%,0.015116,PCRX,12583.0,2019-03-01,252.0,2.4041%,0.0011,0.7724,1.1536,-0.1857,2.7273%,2.9418%,14.0493%,0.014389,PCRX,12583.0,2019-03-04,252.0,-3.3436%,0.0008,0.7948,1.1016,-0.1967,2.7192%,2.9373%,14.3007%,-0.024171,PCRX,12583.0,2019-03-05,252.0,-4.1217%,0.0007,0.8019,1.1317,-0.1777,2.7295%,2.9479%,14.2656%,-0.037013,PCRX,12583.0,2019-03-06,252.0,-4.4524%,0.0008,0.8364,1.1605,-0.1348,2.7182%,2.9498%,15.0823%,-0.023547,PCRX,12583.0,2019-03-07,252.0,-1.6604%,0.0009,0.8478,1.1966,-0.1094,2.7135%,2.9500%,15.3929%,-0.0094679999999999,PCRX,12583.0,2019-03-08,252.0,-0.6808%,0.0009,0.8485,1.1991,-0.1084,2.7137%,2.9500%,15.3756%,-0.005817,PCRX,12583.0,2019-03-11,252.0,3.5920%,0.0009,0.8574,1.2095,-0.107,2.7159%,2.9582%,15.7102%,0.018306,PCRX,12583.0,2019-03-12,252.0,-0.5029%,0.0009,0.8621,1.2107,-0.1012,2.7158%,2.9583%,15.7195%,-0.003962,PCRX,12583.0,2019-03-13,252.0,3.0327%,0.001,0.8712,1.195,-0.095,2.7211%,2.9633%,15.6812%,0.02833,PCRX,12583.0,2019-03-14,252.0,1.4459%,0.0011,0.8698,1.1863,-0.0906,2.7233%,2.9633%,15.5416%,0.020425,PCRX,0.029505,0.005334,-0.031679,-0.064694,-0.007412
16099,PATTERSON COMPANIES INC,"Patterson Companies Q3 EPS $0.38, Sales $1.4B, Both Inline",6,uncertain,0.6,0.2,"the earnings per share and sales figures being inline suggest stability, but lack of growth or positive surprises may lead to mixed reactions from investors.",1,2019-02-28,PDCO,2019-02-28 12:07:00+00:00,78034.0,70339510,0.008497254922986,2239204.0,0.0266075562685728,0.011307100765407,-0.0038876957260072,-0.0133868465200066,-0.0156113924458622,0.0004464387893676,-0.0348017998039722,0.0158730335533618,-0.0100410459563136,-0.035010989755392,-0.0041493843309581,-0.0317796617746353,0.0291666276752948,0.0203199852257967,-0.0053980625234544,0.0,0.0185436382889747,0.0135845514014363,-0.0057726940140128,0.0057293591089546,-0.0026797440368682,0.0097908871248364,0.0013435148866847,0.0181241333484649,0.0080501027405262,-0.0324419029057025,-0.0159716326743364,-0.0121264914050698,0.0284039285033941,0.0061001912690699,-0.0232353694736957,0.0177384279668331,-0.0291742142289876,0.008497254922986,0.009708784520626,0.0031404078472405,-0.0096154296770691,0.0031503872014582,-0.0041608065366745,0.0036133660469204,0.0143918041139841,-0.0067295432090759,0.0164759121835231,0.0,-0.0126068796962499,0.0159526150673627,0.0004560067900456,-0.0031803585588932,0.0109389135614037,-0.0009078736766241,0.012623930349946,-0.0116644334048032,-0.00845942273736,0.0063206003978848,-0.0094297705218195,-0.0031503012869507,-0.0036264699883759,0.0040668845176696,-0.0095541095361113,0.015137611888349,0.0083682145923376,-0.0009166112868115,0.0009220170322805,0.0097176805138587,-0.0004605399444699,0.031117470934987,-0.0322580970823764,0.0291120074689388,0.0161904841661453,-0.0067469584755599,-0.012183703482151,0.0097323972731828,0.0222959835082292,0.032144621014595,0.005568484775722,-0.0089596966281533,-0.0096908621490001,0.0218718368560075,0.0205032881349325,-0.0105687463656067,-0.0063926661387085,0.0111959911882877,0.0036764671094715,-0.0160240214318037,-0.0036630001850426,0.0325749292969703,0.0188419036567211,-0.0227387938648462,0.0175913125276565,-0.021749809384346,-0.0048758289776742,-0.027871211990714,0.0057906084693968,-0.0316426381468772,0.0088574299588799,-0.0124081093817949,0.0114135304465889,0.007407400291413,-0.0099827013909816,-0.0501318983733654,-0.0346338897943496,-0.022776136174798,0.0118074575439095,0.0143853491172194,-0.0112208258360624,0.0177462119609117,0.0054470687173306,-0.0144293792545795,-0.0045146900229156,-0.0095279039815068,0.0095238545909523,-0.0602360405027866,0.0116801541298627,-0.0338183492422103,0.0004440599004738,0.0023649767972528,-0.0301819927990436,0.0329805128276348,0.0100686186924576,-0.0040551656857132,0.0266075562685728,0.011307100765407,0.0226164184597807,-0.0022311121771323,0.0066519522296231,-0.001785669442784,-0.0381374150260732,-0.0214441898451728,-0.007095335210176,-0.0145438478312299,-0.0345897562132652,0.0256881378779874,-0.0094558987886098,-0.082359105168498,2019-03-01,2019-03-04,2019-03-05,2019-03-06,2019-03-07,2019-03-08,2019-03-11,2019-03-12,2019-03-13,2019-03-14,78034.0,2019-02-28,252.0,0.8497%,-0.0007,0.8788,0.1586,0.6737,2.3784%,2.5220%,11.0695%,0.012805,PDCO,78034.0,2019-03-01,252.0,2.6608%,-0.0007,0.8868,0.1705,0.6753,2.3826%,2.5275%,11.1388%,0.022425,PDCO,78034.0,2019-03-04,252.0,-0.3888%,0.0002,0.7798,0.5263,0.7028,1.8895%,2.0401%,14.2177%,-0.001318,PDCO,78034.0,2019-03-05,252.0,-1.5611%,0.0001,0.7751,0.4821,0.7036,1.8817%,2.0288%,13.9739%,-0.0110569999999999,PDCO,78034.0,2019-03-06,252.0,-3.4802%,0.0,0.7874,0.526,0.7235,1.8866%,2.0405%,14.5170%,-0.022589,PDCO,78034.0,2019-03-07,252.0,-1.0041%,0.0001,0.7938,0.5555,0.7403,1.8804%,2.0388%,14.9356%,-0.000918,PDCO,78034.0,2019-03-08,252.0,-0.4149%,0.0,0.7952,0.5352,0.7437,1.8768%,2.0350%,14.9412%,-0.001512,PDCO,78034.0,2019-03-11,252.0,2.9167%,0.0001,0.8053,0.5376,0.7399,1.8802%,2.0427%,15.2753%,0.019168,PDCO,78034.0,2019-03-12,252.0,-0.5398%,0.0001,0.8046,0.5402,0.7402,1.8805%,2.0408%,15.0872%,-0.005404,PDCO,78034.0,2019-03-13,252.0,1.8544%,0.0002,0.8088,0.5437,0.7455,1.8809%,2.0430%,15.2346%,0.014119,PDCO,78034.0,2019-03-14,252.0,-0.5773%,0.0002,0.8063,0.5476,0.7435,1.8805%,2.0417%,15.1694%,-0.0050609999999999,PDCO,0.03523,0.033912,0.022855,-0.000652,0.020658
16107,P G T INNOVATIONS INC,Wells Fargo Downgrades PGT Innovations to Market Perform,6,decrease,0.8,0.7,"a downgrade from wells fargo typically signals reduced expectations for the company's performance, which can lead to a decline in stock price.",0,2019-02-28,PGTI,2019-02-28 11:55:00+00:00,91363.0,69336V10,-0.0078947292640805,1288779.0,-0.0212201382964849,-0.143179252743721,-0.0318428352475166,-0.0133481519296765,-0.0174947511404752,0.012957721017301,0.009971534833312,0.0096700843423604,-0.0091678500175476,-0.0034013304393738,0.0078291567042469,-0.0134228067472577,0.0303672533482313,0.0188034158200025,-0.0013708332553505,-0.0022740713320672,-0.0006862920708954,-0.0095720766112208,-0.0054945657029747,0.0113895656540989,-0.0145026994869113,0.0233100019395351,0.0035038006026297,0.0129869719967246,-0.0132681271061301,-0.0011791598517447,-0.0191083122044801,-0.0046949428506195,0.0057720001786947,-0.0023418623022735,-0.0380200669169426,0.0088599892333149,0.0156599581241607,0.0143798543140292,0.0212922152131795,0.0030048766639083,-0.0007189237512648,0.0258939638733863,0.0093525266274809,0.0207677129656076,-0.0128296045586466,0.0114576900377869,-0.005054198205471,-0.0144290812313556,-0.0029027548152953,-0.0172626227140426,0.0072780484333634,0.0207677129656076,0.0245664846152067,-0.0251533072441816,0.0056417435407638,-0.0145103791728615,0.0133239533752203,0.0036408600863069,-0.0166089814156293,0.0160296075046062,-0.0035186621826142,-0.0234799087047576,0.0169491358101368,-0.008949858136475,0.0013889207039028,-0.0088704684749245,0.0034674196504056,0.0077472678385674,0.0103662488982081,-0.0047449539415538,0.007523916196078,0.0236794967204332,-0.0190088078379631,0.0073393839411437,-0.0103805968537926,0.015527949668467,0.0174825172871351,0.0380399823188781,0.0041236747056245,-0.026365352794528,-0.0164270885288715,0.0050473138689994,0.0055671483278274,0.008269727230072,0.0089965481311082,0.0051150843501091,0.0054869633167982,0.0,-0.0013642226113006,0.0482573918998241,0.0273223780095577,-0.0197109188884496,0.0378989167511463,-0.0379266403615474,0.0160153750330209,-0.0192188154906034,-0.0208070576190948,-0.0194529835134744,-0.0070830429904162,0.0166872963309288,0.0045395391061902,-0.0140158161520957,0.0064558028243482,-0.0220501087605953,-0.0250160582363605,-0.044419065117836,0.011842125095427,0.0091953938826918,0.0097529012709856,-0.0191657356917858,-0.005151315126568,-0.0089385388419032,-0.02200648188591,-0.0239913053810596,0.0039709080010652,0.0032822464127093,0.0118655441328883,-0.0659171715378761,0.0071661011315882,0.0155682004988193,0.0,0.0266382526606321,0.0064683300442993,-0.0188185423612594,-0.0212201382964849,-0.143179252743721,-0.0523872641762971,-0.1546162262545968,-0.0689655131670777,-0.1436619791618507,-0.0683023677655849,-0.1383219727956451,-0.0397878221782689,-0.1343963359615395,-0.0450928556215237,-0.0930787786114516,0.0318302776272223,-0.2054364589811039,2019-03-01,2019-03-04,2019-03-05,2019-03-06,2019-03-07,2019-03-08,2019-03-11,2019-03-12,2019-03-13,2019-03-14,91363.0,2019-02-28,252.0,-0.7895%,-0.0007,0.8682,1.2085,-0.0425,2.2326%,2.5143%,21.1583%,-0.005666,PGTI,91363.0,2019-03-01,252.0,-2.1220%,-0.0008,0.8641,1.2024,-0.0346,2.2407%,2.5168%,20.7430%,-0.031236,PGTI,91363.0,2019-03-04,252.0,-3.1843%,-0.0011,0.8905,1.1342,-0.0459,2.2215%,2.5032%,21.2409%,-0.0224949999999999,PGTI,91363.0,2019-03-05,252.0,-1.7495%,-0.0013,0.8856,1.088,-0.0452,2.2143%,2.4856%,20.6436%,-0.012665,PGTI,91363.0,2019-03-06,252.0,0.9972%,-0.0012,0.8701,1.0234,-0.0714,2.2232%,2.4860%,20.0228%,0.0310469999999999,PGTI,91363.0,2019-03-07,252.0,-0.9168%,-0.0011,0.8763,1.053,-0.0548,2.2178%,2.4848%,20.3363%,-0.001642,PGTI,91363.0,2019-03-08,252.0,0.7829%,-0.001,0.8749,1.0532,-0.057,2.2188%,2.4848%,20.2700%,0.009047,PGTI,91363.0,2019-03-11,252.0,3.0367%,-0.001,0.8822,1.0619,-0.0558,2.2205%,2.4926%,20.6445%,0.013153,PGTI,91363.0,2019-03-12,252.0,-0.1371%,-0.001,0.8874,1.0606,-0.0503,2.2201%,2.4923%,20.6503%,-0.000738,PGTI,91363.0,2019-03-13,252.0,-0.0686%,-0.0009,0.8863,1.0682,-0.0497,2.2195%,2.4922%,20.6834%,-0.003376,PGTI,91363.0,2019-03-14,252.0,-0.5495%,-0.0009,0.8823,1.0699,-0.0506,2.2176%,2.4892%,20.6326%,-0.00017,PGTI,-0.036902,-0.0593969999999999,-0.0720619999999999,-0.0426569999999999,-0.0247409999999999
16115,PULTE GROUP INC,Evercore ISI Group Downgrades PulteGroup to In-Line,6,decrease,0.7,0.6,"a downgrade from a financial analyst typically signals reduced expectations for the company's performance, which can lead to a decrease in stock price.",0,2019-02-28,PHM,2019-02-28 11:43:00+00:00,54148.0,74586710,-0.0033222646452486,5006825.0,-0.0096296379342675,-0.0127551155164837,0.0351533479988575,-0.004354097880423,-0.0289017744362354,-0.0150107247754931,-0.0040922136977314,0.0137680852785706,0.028389997780323,0.0169491898268461,0.0018161727348342,0.0036981683224439,0.0224800892174243,-0.0029498497024178,-0.0067376075312495,0.0078038275241851,-0.0174937434494495,-0.0102979289367795,-0.0116279181092977,-0.0043939556926488,-0.0081210527569055,0.0305660180747509,-0.0074432734400033,-0.0041338070295751,-0.0161229968070983,-0.0104127479717135,-0.0167683139443397,0.0158670227974653,0.0193798448890447,-0.0321755409240722,0.0106464140117168,0.0209033023566007,0.023701999336481,-0.0204753000289201,0.0062477062456309,-0.0165407806634903,0.0511322692036628,0.020925099030137,-0.0166782978922128,-0.0003669808793347,-0.0120141403749585,0.0081390794366598,-0.0025035657454282,0.0025964986998587,-0.0043025794439017,0.0097377644851803,0.0,-0.0003743287816178,0.0295282565057277,0.0144321750849485,0.0122420554980635,-0.0097781205549836,-0.0038009884301573,-0.0096834348514676,-0.0090183913707733,-0.0189989209175109,0.0122506264597177,-0.0249376147985458,0.0169432833790779,0.00753765553236,-0.0006800563423894,-0.0251924190670251,0.0037427905481308,-0.0010486083338037,0.0088135674595832,-0.0117443921044468,0.0094086248427629,0.0215243678539991,0.011651081033051,0.0046083331108093,-0.0055939480662345,0.0371322892606258,0.0373924933373928,0.0485736392438411,0.0162679497152566,-0.0114328982308507,-0.0059636072255671,0.0096190841868519,-0.0066309124231338,-0.0019201667746528,-0.0041322046890854,0.0015384966973215,0.0041493508033454,0.005802693311125,-0.0054036290384829,0.0474068112671375,0.0131032224744558,-0.0179068390280008,0.0025236569344997,-0.0259689968079328,-0.0012586819939315,0.0,-0.0085066305473446,-0.0253116767853498,-0.0123927360400557,0.0323712937533855,0.0144787887111306,0.0054665668867528,0.0003171655116602,-0.0077488902024924,-0.0088776368647813,-0.013001917861402,0.0259116906672716,0.015533966012299,-0.0043654316104948,0.0074335108511149,0.0125274509191513,-0.0255432743579149,0.0046395827084779,-0.0157598536461591,-0.0190886370837688,0.0397971309721469,0.012868795543909,-0.0443698950111866,-0.0046483273617923,0.0113121885806322,-0.0165005847811698,-0.0078563066199421,0.0167774222791194,-0.0003739801468327,-0.0096296379342675,-0.0127551155164837,0.0251851960511837,-0.0170536763754719,-0.0044444752404553,-0.0318084131084825,0.0196296563545559,-0.0018422706324442,0.0074074151375456,-0.008055631754697,0.0936822305515916,-0.0276382046455361,0.1944601268198518,0.0174353456235876,2019-03-01,2019-03-04,2019-03-05,2019-03-06,2019-03-07,2019-03-08,2019-03-11,2019-03-12,2019-03-13,2019-03-14,54148.0,2019-02-28,252.0,-0.3322%,-0.0001,0.7575,0.8011,0.2741,1.7209%,1.9202%,19.6842%,-0.000505,PHM,54148.0,2019-03-01,252.0,-0.9630%,-0.0002,0.7526,0.7938,0.274,1.7238%,1.9188%,19.2892%,-0.0163999999999999,PHM,54148.0,2019-03-04,252.0,3.5153%,-0.0001,0.759,0.7352,0.2808,1.7363%,1.9260%,18.7294%,0.041083,PHM,54148.0,2019-03-05,252.0,-2.8902%,-0.0002,0.7641,0.7587,0.2935,1.7430%,1.9340%,18.7789%,-0.024748,PHM,54148.0,2019-03-06,252.0,-0.4092%,-0.0002,0.7556,0.7374,0.2811,1.7440%,1.9325%,18.5595%,0.011679,PHM,54148.0,2019-03-07,252.0,2.8390%,-0.0001,0.736,0.7122,0.2478,1.7570%,1.9367%,17.6952%,0.03594,PHM,54148.0,2019-03-08,252.0,0.1816%,-0.0,0.7346,0.728,0.2447,1.7548%,1.9358%,17.8265%,0.003411,PHM,54148.0,2019-03-11,252.0,2.2480%,0.0,0.7399,0.7308,0.2436,1.7559%,1.9409%,18.1517%,0.010096,PHM,54148.0,2019-03-12,252.0,-0.6738%,-0.0,0.7341,0.7349,0.2387,1.7559%,1.9381%,17.9184%,-0.006436,PHM,54148.0,2019-03-13,252.0,-1.7494%,-0.0001,0.7275,0.7422,0.2333,1.7606%,1.9410%,17.7307%,-0.020415,PHM,54148.0,2019-03-14,252.0,-1.1628%,-0.0002,0.7306,0.7447,0.232,1.7595%,1.9416%,17.8789%,-0.008647,PHM,-0.0169049999999999,0.024178,-0.0005699999999999,0.047049,0.0250579999999999
16123,P R A GROUP INC,"PRA Group Q4 EPS $0.33 Beats $0.28 Estimate, Sales $236.742M Beat $229.88M Estimate",6,increase,0.8,0.7,"the company reported better-than-expected earnings per share and sales, which typically signals positive performance and can lead to an increase in stock price.",2,2019-02-28,PRAA,2019-02-28 22:30:00+00:00,89574.0,69354N10,0.0071964813396334,480350.0,-0.0453556738793849,-0.0043613519519567,-0.0234298519790172,0.0009354156209155,-0.0076640965417027,0.0012488578213378,-0.0329080410301685,0.00062481907662,-0.0180555060505867,-0.0174955017864704,-0.0120226358994841,0.0099195139482617,-0.0103794168680906,0.0160629395395517,-0.0119348978623747,0.0095389261841773,-0.0080526834353804,0.0054347850382328,-0.0169742070138454,0.015914250165224,-0.0015014642849564,0.0202120803296566,0.0327067263424396,0.0110552739351987,-0.0156533829867839,-0.0030060170684009,-0.017381701618433,-0.0053156092762947,-0.0018817929085344,-0.0069283763878047,-0.0222473666071891,0.009660193696618,0.0208252612501382,0.0111148506402969,0.0188893098384141,0.0060996375977993,-0.0152020715177059,0.014437953941524,0.0128012103959918,0.0128830382600426,-0.0033457307144999,-0.0164384059607982,0.0175308175384998,0.0163592491298914,-0.0091642225161194,0.0080701597034931,-0.001849838765338,-0.0100729735568165,0.0085248164832592,-0.0092910723760724,0.0055127353407442,-0.0235215313732624,0.0014619519934058,0.0188292078673839,-0.036131378263235,0.0107266250997781,0.0128739168867468,0.0161743704229593,0.0175700671970844,-0.0028050462715327,0.0106539651751518,0.0014045265270397,-0.0225372891873121,0.0120824510231614,0.0204537436366081,0.0035662793088704,-0.0189504530280828,0.0093592591583728,0.013001499697566,0.0254706721752882,0.0029336237348616,0.0180383138358593,0.006947002839297,0.05136314406991,-0.000726233003661,-0.0082288784906268,0.0109011344611644,0.0471891500055789,0.032710276544094,-0.0085434941574931,-0.0017403145320713,0.0053169387392699,-0.019525783136487,-0.0048839612863957,0.0014224398182705,0.0766871199011802,-0.0131391668692231,-0.0073945228941738,0.0392226763069629,-0.0332212336361408,-0.0017312755808234,-0.0222039073705673,-0.0294831898063421,-0.0256410017609596,-0.0067905155010521,0.0020071954932063,0.0212305951863527,-0.0012029143981635,0.0345314107835292,-0.016949163749814,-0.0044278292916715,-0.0246058963239193,0.0017106104642152,-0.0015354705974459,-0.018442653119564,-0.0326773524284362,-0.0104383872821927,-0.0295495390892028,0.0151195600628852,-0.0269986130297184,0.0159334633499383,-0.002099351491779,0.0143198119476437,-0.0580092370510101,-0.0087395031005144,-0.0058977818116545,-0.0288233421742916,0.0006557527231052,0.0171089302748441,-0.0208667609840631,-0.0453556738793849,-0.0043613519519567,-0.0677228491329996,-0.0034300160077853,-0.0748679112208678,-0.0021854417887661,-0.1214662370160264,-0.0190301622366808,-0.1724137790425236,0.0379992910446707,-0.15439576403757,0.1206170621490003,-0.0950605674223122,0.0260031937841171,2019-03-01,2019-03-04,2019-03-05,2019-03-06,2019-03-07,2019-03-08,2019-03-11,2019-03-12,2019-03-13,2019-03-14,89574.0,2019-02-28,252.0,0.7196%,-0.0001,1.1127,1.1476,0.7249,1.9141%,2.2550%,27.9504%,0.012143,PRAA,89574.0,2019-03-01,252.0,-4.5356%,-0.0008,1.1756,1.2411,0.8471,1.7829%,2.1788%,33.0397%,-0.053886,PRAA,89574.0,2019-03-04,252.0,-2.3430%,-0.0007,1.1681,1.2794,0.846,1.7809%,2.1793%,33.2192%,-0.015746,PRAA,89574.0,2019-03-05,252.0,-0.7664%,-0.0008,1.1633,1.2428,0.8422,1.7761%,2.1654%,32.7242%,0.000228,PRAA,89574.0,2019-03-06,252.0,-3.2908%,-0.0008,1.173,1.2516,0.8543,1.7749%,2.1748%,33.3928%,-0.007904,PRAA,89574.0,2019-03-07,252.0,-1.8056%,-0.0008,1.1771,1.2639,0.8632,1.7741%,2.1772%,33.6007%,-0.004832,PRAA,89574.0,2019-03-08,252.0,-1.2023%,-0.0008,1.1786,1.2561,0.8661,1.7743%,2.1765%,33.5476%,-0.008688,PRAA,89574.0,2019-03-11,252.0,-1.0379%,-0.001,1.1641,1.2575,0.8744,1.7801%,2.1764%,33.1028%,-0.028049,PRAA,89574.0,2019-03-12,252.0,-1.1935%,-0.001,1.1755,1.2594,0.8883,1.7788%,2.1772%,33.2502%,-0.0107149999999999,PRAA,89574.0,2019-03-13,252.0,-0.8053%,-0.001,1.1719,1.2584,0.8842,1.7796%,2.1762%,33.1241%,-0.012817,PRAA,89574.0,2019-03-14,252.0,-1.6974%,-0.001,1.167,1.267,0.8798,1.7785%,2.1739%,33.0725%,-0.013385,PRAA,-0.041743,-0.057489,-0.057261,-0.069997,-0.143651
16131,PRIMORIS SERVICES CORP,"Primoris Services Q4 EPS $0.63 Beats $0.62 Estimate, Sales $877.67M Beat $842.78M Estimate",6,increase,0.8,0.7,"the company reported better-than-expected earnings per share and sales, which typically signals positive performance and can lead to an increase in stock price.",2,2019-02-28,PRIM,2019-02-28 11:10:00+00:00,92773.0,74164F10,0.0651777684688568,336643.0,0.0038510158192366,0.0045787720009684,-0.0034100564662367,-0.0004576763603836,-0.0132591733708977,0.0032139436807483,-0.0255743451416492,-0.0153707116842269,-0.0071174311451613,0.0142137268558144,-0.0058243353851139,0.0130050517618656,0.0094636809080839,0.0098499525338411,-0.0008928775787353,0.0075614294037222,-0.0058087203651666,0.0042714835144579,0.0026966051664203,0.0154216717928648,0.0134469363838434,0.0277364756911993,0.0106147620826959,0.0227963905781507,-0.0266958680003881,0.0025393213145434,-0.0026978177484124,-0.0385741703212261,-0.0121731497347354,0.0270811934024095,-0.0556823052465915,0.0010040390770882,0.0043499348685145,0.0116810323670506,-0.0009624859085306,-0.0130325928330421,0.0028901477344334,0.0075758351013064,0.0028818442951887,-0.0090090241283178,-0.00672427425161,-0.0079443817958235,0.0338490754365921,-0.0004962892853654,-0.0018708610441535,0.0014909929595887,-0.0032802105415612,0.0024913374800235,0.0155148059129715,-0.0039702197536826,0.0157407466322183,-0.0044466480612754,-0.0118505116552114,0.0034704855643212,-0.0119926305487752,0.0054835798218846,0.0051354160532355,0.0019979523494839,0.0078959623351693,-0.0084200138226151,0.001843272242695,-0.0107789961621165,-0.0101195638999342,0.0059141907840967,0.0060408529825508,-0.0049042901955544,-0.0004619043320417,0.002951277187094,0.0101664150133729,0.0019713654182851,0.0054894294589757,0.0257836300879716,0.010009154677391,0.0510096177458763,0.0148648610338568,-0.0223376788198947,-0.0102086747065186,0.0062729138880968,-0.0121075585484504,0.0180946364998817,0.0081706037744879,-0.0084165865555405,-0.0130571369081735,0.0095592299476265,-0.0123175391927361,0.0323464982211589,-0.0101616317406296,0.0094078630208969,0.0130657386034727,-0.0699948817491531,-0.0046061021275818,-0.0428570918738842,0.0485885813832283,-0.0374585539102554,-0.0600176788866519,-0.0249652806669473,-0.0295774266123771,-0.0212670229375362,-0.004837947897613,-0.0142729571089148,-0.0247933994978666,-0.0031124809756875,0.0094716120511293,0.019492307677865,0.0024690981954336,-0.0243255700916051,0.0098522547632455,-0.0044032796286046,-0.0078048706054687,-0.0299017839133739,-0.0044247861951589,-0.0046768966130912,0.0079012271016836,-0.0500807650387287,-0.0181283168494701,0.0252588242292404,-0.0324352048337459,0.0091934520751237,-0.0304280649870634,-0.007053944747895,0.0038510158192366,0.0045787720009684,0.000427827171604,0.0041190000448803,-0.0128370188339348,0.0073461819597939,-0.0449294431731115,0.0059606176550284,-0.0453573519723932,0.0573494225070341,-0.0687832232165774,0.0866765680890924,-0.1932316083413834,-0.086719557464154,2019-03-01,2019-03-04,2019-03-05,2019-03-06,2019-03-07,2019-03-08,2019-03-11,2019-03-12,2019-03-13,2019-03-14,92773.0,2019-02-28,252.0,6.5178%,-0.0001,0.9184,1.0601,0.4401,1.3945%,1.7371%,35.5498%,0.068806,PRIM,92773.0,2019-03-01,252.0,0.3851%,-0.0003,0.9353,1.0853,0.4682,1.3824%,1.7353%,36.5369%,-0.0041649999999999,PRIM,92773.0,2019-03-04,252.0,-0.3410%,-0.0003,0.9453,1.0484,0.4665,1.3753%,1.7299%,36.7988%,0.003879,PRIM,92773.0,2019-03-05,252.0,-1.3259%,-0.0004,0.9442,1.0352,0.4683,1.3745%,1.7237%,36.4160%,-0.0073729999999999,PRIM,92773.0,2019-03-06,252.0,-2.5574%,-0.0003,0.956,1.0358,0.4817,1.3697%,1.7296%,37.2819%,-0.004878,PRIM,92773.0,2019-03-07,252.0,-0.7117%,-0.0003,0.9551,1.038,0.4812,1.3698%,1.7293%,37.2538%,0.002946,PRIM,92773.0,2019-03-08,252.0,-0.5824%,-0.0003,0.9556,1.0372,0.482,1.3699%,1.7290%,37.2197%,-0.0035139999999999,PRIM,92773.0,2019-03-11,252.0,0.9464%,-0.0003,0.9528,1.0311,0.48,1.3702%,1.7296%,37.2384%,-0.0060919999999999,PRIM,92773.0,2019-03-12,252.0,-0.0893%,-0.0003,0.9653,1.0283,0.4932,1.3670%,1.7296%,37.5313%,-9.4e-05,PRIM,92773.0,2019-03-13,252.0,-0.5809%,-0.0003,0.9621,1.0364,0.4917,1.3678%,1.7299%,37.4768%,-0.0095669999999999,PRIM,92773.0,2019-03-14,252.0,0.2697%,-0.0003,0.9669,1.0306,0.4946,1.3645%,1.7285%,37.6854%,0.006343,PRIM,0.064641,0.06852,0.061147,0.059215,0.046291
16139,P T C THERAPEUTICS INC,"PTC Therapeutics Sees FY19 Net Product Revenues $285M-$305M, Sees Adj. R&D And SG&A Expense $360M-$370M",6,uncertain,0.6,0.3,"while the projected net product revenues suggest potential growth, the high anticipated r&d and sg&a expenses may raise concerns about profitability, leading to uncertainty in stock price movement.",1,2019-02-28,PTCT,2019-02-28 21:54:00+00:00,13967.0,69366J20,-0.0195855423808097,808234.0,0.0295309908688068,0.0298158582299947,-0.0255905464291572,0.0130292754620313,0.0098124137148261,0.025197384878993,-0.0322949700057506,0.0500477440655231,-0.0129947559908032,0.0077096591703593,0.0047876620665192,0.0453323870897293,0.0369266755878925,0.0033692850265651,-0.002871868899092,0.0216867849230766,0.0095045510679483,-0.021885572001338,0.0051355296745896,-0.0233475528657436,0.0261141639202833,0.0173971392214298,0.021853307262063,0.0057200565934181,0.0127233685925602,0.0064340881071984,0.0096231121569871,-0.0186108164489269,0.0455388203263282,-0.0134426178410649,-0.0450747646391391,-0.0068381340242922,-0.0047732777893543,-0.0067917527630925,-0.0167864989489316,-0.0067458748817443,-0.0168022420257329,0.0407890118658542,0.008269103243947,0.0625222101807594,0.0289775151759386,0.0021359724923968,0.0108926631510257,-0.0452073402702808,0.0063075344078242,-0.0010186990257352,-0.0065291197970509,-0.0064102103933691,-0.0144584439694881,-0.1023622378706932,0.0176046900451183,-0.0412310734391212,-0.0332896560430526,-0.0049119326286017,0.0222342647612094,-0.0074562183581292,0.0254641659557819,-0.0022890365216881,-0.0015520273009315,0.0037335171364247,-0.0303108338266611,-0.0246498901396989,0.0245791655033826,-0.0595363117754459,-0.0127769978716969,0.0119968215003609,-0.0644480288028717,0.0307776574045419,0.0189159233123064,0.0201850645244121,0.0055417222902178,-0.0052984505891799,0.0088178478181362,0.0726892128586769,0.0158426109701395,-0.0053555578924715,0.0430223792791366,-0.0206876192241907,0.0121164573356509,0.0721649974584579,-0.022669369354844,0.0021915398538112,-0.0247589461505413,-0.0312405414879322,-0.0299304910004138,0.1052632033824921,0.0297521166503429,-0.0132318763062357,-0.0152487875893712,-0.024838725104928,-0.0043466407805681,-0.03125,-0.0212824717164039,-0.0214067511260509,0.0788960680365562,0.0145827252417802,0.0472867712378501,-0.0416295416653156,0.0081421621143817,-0.0038506297860294,-0.0200685188174247,-0.0321101695299148,-0.0162338037043809,0.006057193968445,0.0253871548920869,0.0043452405370771,-0.0106462072581052,0.0347721762955188,-0.0257757455110549,-0.0704931393265724,-0.0395582057535648,0.0448326356709003,0.071409523487091,-0.0542401224374771,0.00823759380728,0.0225225016474723,-0.0247586034238338,0.0042409254238009,0.0020310189574956,0.0187211316078901,0.0295309908688068,0.0298158582299947,0.0031847302467222,0.0432336127220416,0.0130283938522992,0.0695203715805012,-0.0324262517128177,0.1317057665081584,0.0199767970298527,0.1585004879956291,0.1175448038867261,0.0117748391174596,0.14273307406509,0.0146888992378595,2019-03-01,2019-03-04,2019-03-05,2019-03-06,2019-03-07,2019-03-08,2019-03-11,2019-03-12,2019-03-13,2019-03-14,13967.0,2019-02-28,252.0,-1.9586%,0.0012,1.1488,1.5149,-1.0576,3.8449%,4.2878%,19.5954%,-0.019065,PTCT,13967.0,2019-03-01,252.0,2.9531%,0.0012,1.1669,1.5417,-1.0349,3.8421%,4.2910%,19.8279%,0.012546,PTCT,13967.0,2019-03-04,252.0,-2.5591%,0.0013,1.149,1.6105,-1.0325,3.8339%,4.2872%,20.0285%,-0.00941,PTCT,13967.0,2019-03-05,252.0,0.9812%,0.0013,1.1457,1.5934,-1.0396,3.8346%,4.2814%,19.7812%,0.01419,PTCT,13967.0,2019-03-06,252.0,-3.2295%,0.0012,1.1304,1.6151,-1.0539,3.8295%,4.2814%,19.9962%,-0.0022689999999999,PTCT,13967.0,2019-03-07,252.0,-1.2995%,0.0012,1.1358,1.6272,-1.0433,3.8294%,4.2823%,20.0338%,-0.0061629999999999,PTCT,13967.0,2019-03-08,252.0,0.4788%,0.0009,1.1403,1.5454,-1.0318,3.8008%,4.2436%,19.7801%,0.0046089999999999,PTCT,13967.0,2019-03-11,252.0,3.6927%,0.0011,1.1462,1.5048,-1.058,3.7891%,4.2387%,20.0896%,0.008917,PTCT,13967.0,2019-03-12,252.0,-0.2872%,0.001,1.133,1.5092,-1.0713,3.7880%,4.2354%,20.0104%,-0.00246,PTCT,13967.0,2019-03-13,252.0,0.9505%,0.0011,1.1349,1.5104,-1.0689,3.7880%,4.2356%,20.0181%,0.007397,PTCT,13967.0,2019-03-14,252.0,0.5136%,0.001,1.1468,1.497,-1.0621,3.7803%,4.2303%,20.1455%,0.01558,PTCT,-0.006519,-0.015929,-0.001739,-0.010171,0.023872
16147,P T C THERAPEUTICS INC,"PTC Therapeutics Q4 EPS $(0.96) Misses $(0.33) Estimate, Sales $86.34M Beat $84.61M Estimate",6,decrease,0.7,0.6,"the significant miss in eps expectations is likely to negatively impact investor sentiment, despite the sales beat.",0,2019-02-28,PTCT,2019-02-28 21:52:00+00:00,13967.0,69366J20,-0.0195855423808097,808234.0,0.0295309908688068,0.0298158582299947,-0.0255905464291572,0.0130292754620313,0.0098124137148261,0.025197384878993,-0.0322949700057506,0.0500477440655231,-0.0129947559908032,0.0077096591703593,0.0047876620665192,0.0453323870897293,0.0369266755878925,0.0033692850265651,-0.002871868899092,0.0216867849230766,0.0095045510679483,-0.021885572001338,0.0051355296745896,-0.0233475528657436,0.0261141639202833,0.0173971392214298,0.021853307262063,0.0057200565934181,0.0127233685925602,0.0064340881071984,0.0096231121569871,-0.0186108164489269,0.0455388203263282,-0.0134426178410649,-0.0450747646391391,-0.0068381340242922,-0.0047732777893543,-0.0067917527630925,-0.0167864989489316,-0.0067458748817443,-0.0168022420257329,0.0407890118658542,0.008269103243947,0.0625222101807594,0.0289775151759386,0.0021359724923968,0.0108926631510257,-0.0452073402702808,0.0063075344078242,-0.0010186990257352,-0.0065291197970509,-0.0064102103933691,-0.0144584439694881,-0.1023622378706932,0.0176046900451183,-0.0412310734391212,-0.0332896560430526,-0.0049119326286017,0.0222342647612094,-0.0074562183581292,0.0254641659557819,-0.0022890365216881,-0.0015520273009315,0.0037335171364247,-0.0303108338266611,-0.0246498901396989,0.0245791655033826,-0.0595363117754459,-0.0127769978716969,0.0119968215003609,-0.0644480288028717,0.0307776574045419,0.0189159233123064,0.0201850645244121,0.0055417222902178,-0.0052984505891799,0.0088178478181362,0.0726892128586769,0.0158426109701395,-0.0053555578924715,0.0430223792791366,-0.0206876192241907,0.0121164573356509,0.0721649974584579,-0.022669369354844,0.0021915398538112,-0.0247589461505413,-0.0312405414879322,-0.0299304910004138,0.1052632033824921,0.0297521166503429,-0.0132318763062357,-0.0152487875893712,-0.024838725104928,-0.0043466407805681,-0.03125,-0.0212824717164039,-0.0214067511260509,0.0788960680365562,0.0145827252417802,0.0472867712378501,-0.0416295416653156,0.0081421621143817,-0.0038506297860294,-0.0200685188174247,-0.0321101695299148,-0.0162338037043809,0.006057193968445,0.0253871548920869,0.0043452405370771,-0.0106462072581052,0.0347721762955188,-0.0257757455110549,-0.0704931393265724,-0.0395582057535648,0.0448326356709003,0.071409523487091,-0.0542401224374771,0.00823759380728,0.0225225016474723,-0.0247586034238338,0.0042409254238009,0.0020310189574956,0.0187211316078901,0.0295309908688068,0.0298158582299947,0.0031847302467222,0.0432336127220416,0.0130283938522992,0.0695203715805012,-0.0324262517128177,0.1317057665081584,0.0199767970298527,0.1585004879956291,0.1175448038867261,0.0117748391174596,0.14273307406509,0.0146888992378595,2019-03-01,2019-03-04,2019-03-05,2019-03-06,2019-03-07,2019-03-08,2019-03-11,2019-03-12,2019-03-13,2019-03-14,13967.0,2019-02-28,252.0,-1.9586%,0.0012,1.1488,1.5149,-1.0576,3.8449%,4.2878%,19.5954%,-0.019065,PTCT,13967.0,2019-03-01,252.0,2.9531%,0.0012,1.1669,1.5417,-1.0349,3.8421%,4.2910%,19.8279%,0.012546,PTCT,13967.0,2019-03-04,252.0,-2.5591%,0.0013,1.149,1.6105,-1.0325,3.8339%,4.2872%,20.0285%,-0.00941,PTCT,13967.0,2019-03-05,252.0,0.9812%,0.0013,1.1457,1.5934,-1.0396,3.8346%,4.2814%,19.7812%,0.01419,PTCT,13967.0,2019-03-06,252.0,-3.2295%,0.0012,1.1304,1.6151,-1.0539,3.8295%,4.2814%,19.9962%,-0.0022689999999999,PTCT,13967.0,2019-03-07,252.0,-1.2995%,0.0012,1.1358,1.6272,-1.0433,3.8294%,4.2823%,20.0338%,-0.0061629999999999,PTCT,13967.0,2019-03-08,252.0,0.4788%,0.0009,1.1403,1.5454,-1.0318,3.8008%,4.2436%,19.7801%,0.0046089999999999,PTCT,13967.0,2019-03-11,252.0,3.6927%,0.0011,1.1462,1.5048,-1.058,3.7891%,4.2387%,20.0896%,0.008917,PTCT,13967.0,2019-03-12,252.0,-0.2872%,0.001,1.133,1.5092,-1.0713,3.7880%,4.2354%,20.0104%,-0.00246,PTCT,13967.0,2019-03-13,252.0,0.9505%,0.0011,1.1349,1.5104,-1.0689,3.7880%,4.2356%,20.0181%,0.007397,PTCT,13967.0,2019-03-14,252.0,0.5136%,0.001,1.1468,1.497,-1.0621,3.7803%,4.2303%,20.1455%,0.01558,PTCT,-0.006519,-0.015929,-0.001739,-0.010171,0.023872
16155,PAPA JOHNS INTL INC,Papa John's 10-K Shows KPMG Was Unable To Complete Its Audit Process; co. Does Not Expect Any Changes To Previously-Reported Statements,6,decrease,0.7,0.6,"the inability of kpmg to complete its audit process raises concerns about the company's financial transparency, which could negatively impact investor confidence and lead to a decrease in stock price.",0,2019-02-28,PZZA,2019-02-28 22:14:00+00:00,79299.0,69881310,0.0222170446068048,979979.0,-0.00892242975533,0.0232112314552068,0.0016158748185262,-0.0019106285180896,0.050011571496725,-0.0011927299201488,-0.0160228163003921,0.0206963345408439,-0.0069150426425039,-0.0556450188159942,0.0042677139863371,0.0041560907848179,-0.0002236260770587,-0.0430843345820903,0.0158836487680673,0.0402206405997276,0.0211406983435154,0.0062441402114927,-0.0030191803816705,-0.0116571048274636,0.0209820736199617,-0.0011415351182222,0.0029660887084901,0.0190786346793174,-0.007604575715959,-0.0111009180545806,0.0031928804237395,0.0177031978964805,-0.0050923335365951,-0.0187428500503301,0.0620601400732994,0.0424112156033515,-0.0208835527300834,0.0898468717932701,0.0096390740945935,-0.0893828943371772,0.0253910217434167,0.0035595996305346,0.0293185338377952,-0.0044885999523103,0.0190531499683857,-0.0072701117023825,-0.0198300145566463,0.0109056206420064,-0.0025048374664038,-0.0770240798592567,-0.0139076923951506,0.0196341164410114,0.0039177425205707,0.0766273960471153,0.0132682984694838,-0.0286980755627155,-0.0402464866638183,-0.0020954634528607,0.0136436661705374,0.0177725106477737,-0.0017814757302403,-0.0068251565098762,0.0055522262118756,0.0016502478392794,-0.0102543970569968,-0.0032895489130169,-0.0089658685028553,0.0018832823261618,-0.0205066427588462,-0.0035186845343559,-0.0158046074211597,-0.0249313842505216,0.0273200739175081,0.0231687743216753,-0.0004059408092871,0.0237182043492794,-0.006904958281666,0.0357320718467235,0.0331288129091262,0.00423618638888,0.0045526432804763,0.0080381734296679,0.0126108257099986,-0.0153351202607154,0.0093403300270438,-0.0110078463330864,-0.0136880492791533,-0.0231779552996158,0.0062548806890845,0.0290140248835086,0.0149572743102908,-0.0036747066769748,0.0155024183914065,-0.0333885848522186,0.0079155322164297,-0.0256114583462476,-0.0387060530483722,-0.0251911599189043,0.0165337193757295,-0.0015719671500846,0.018178354948759,-0.0193790141493082,-0.0096785919740796,-0.0141120608896017,-0.0303030330687761,0.0267499051988124,-0.0041274153627455,0.0076370202004909,-0.0102624166756868,0.0118181919679045,-0.039481621235609,-0.023957448080182,-0.007265901658684,-0.0161501057446003,-0.0098285488784313,-0.0019603604450821,0.0014783462975174,-0.0183878690004348,-0.0056937295012176,-0.0254219882190227,-0.0078473538160324,-0.0043568275868892,-0.0014963594730943,0.0066833687014877,-0.00892242975533,0.0232112314552068,-0.0073209724663655,0.0212562548963588,0.0423244656924324,0.0200381720050049,0.0185312620691531,-0.0167855448611561,0.0576527257074421,-0.0226286099597399,0.1601464291906356,0.0132920370001721,0.0732166686691959,-0.1022588672444174,2019-03-01,2019-03-04,2019-03-05,2019-03-06,2019-03-07,2019-03-08,2019-03-11,2019-03-12,2019-03-13,2019-03-14,79299.0,2019-02-28,252.0,2.2217%,-0.0009,0.4524,0.1716,-0.4237,2.6758%,2.7537%,5.5787%,0.0224849999999999,PZZA,79299.0,2019-03-01,252.0,-0.8922%,-0.0011,0.4677,0.1944,-0.3937,2.6705%,2.7497%,5.6782%,-0.014462,PZZA,79299.0,2019-03-04,252.0,0.1616%,-0.0012,0.4877,0.1213,-0.3974,2.6557%,2.7377%,5.8993%,0.006271,PZZA,79299.0,2019-03-05,252.0,5.0012%,-0.001,0.4782,0.0803,-0.4231,2.6752%,2.7555%,5.7471%,0.0501729999999999,PZZA,79299.0,2019-03-06,252.0,-1.6023%,-0.0012,0.4718,0.1096,-0.4264,2.6730%,2.7534%,5.7531%,-0.010915,PZZA,79299.0,2019-03-07,252.0,-0.6915%,-0.0011,0.477,0.1287,-0.414,2.6714%,2.7523%,5.7979%,-0.004467,PZZA,79299.0,2019-03-08,252.0,0.4268%,-0.001,0.4748,0.1525,-0.4188,2.6682%,2.7500%,5.8669%,0.004459,PZZA,79299.0,2019-03-11,252.0,-0.0224%,-0.0011,0.4698,0.1546,-0.4151,2.6684%,2.7495%,5.8078%,-0.010114,PZZA,79299.0,2019-03-12,252.0,1.5884%,-0.0011,0.4563,0.1504,-0.4323,2.6680%,2.7474%,5.6988%,0.01472,PZZA,79299.0,2019-03-13,252.0,2.1141%,-0.0011,0.4633,0.1297,-0.4296,2.6691%,2.7490%,5.7324%,0.018775,PZZA,79299.0,2019-03-14,252.0,-0.3019%,-0.001,0.4602,0.1312,-0.4304,2.6681%,2.7475%,5.6954%,-0.000825,PZZA,0.0080229999999999,0.0142939999999999,0.064467,0.049085,0.0760999999999999
16163,R B GLOBAL INC,"Ritchie Bros Auctioneers Q4 Adj. EPS $0.32 Misses $0.36 Estimate, Sales $355.972M Beat $308.86M Estimate",6,decrease,0.7,0.5,"the miss on adjusted eps suggests weaker profitability than expected, which could lead to a decrease in stock price despite the sales beat.",0,2019-02-28,RBA,2019-02-28 22:12:00+00:00,85925.0,74935Q10,0.0034787550102919,711637.0,-0.0151999918743968,0.0119143957272172,-0.0525317788124084,0.0038053651805967,-0.0100029231980443,-0.0062128454446792,-0.0158775765448808,0.013691128231585,-0.0088002122938632,-0.001913082669489,0.0,0.0030153675470501,-0.0005919046234339,-0.0043668081052601,-0.007699204608798,0.0088105639442801,0.0110415630042552,0.0108003066852688,0.0038369907997548,-0.0071487030945718,-0.0044104005210101,0.0049737584777176,0.0017719302559271,-0.0030303199309855,0.0047170892357826,-0.0019246548181399,-0.0073356805369257,-0.009261786006391,-0.0002956587413791,-0.002716715214774,-0.0138971386477351,0.0112637318670749,-0.0086955660954117,0.007194303907454,0.0105867655947804,0.00500557012856,0.0008978982223197,0.0,0.0098684765398502,0.0002781174262054,0.006810765247792,-0.007180290762335,0.0164706278592348,-0.000552041339688,-0.0014468474546447,0.0103178732097148,-0.0040567778050899,-0.0041654463857412,-0.0026185673195868,-0.0074421297758817,-0.0005834439652971,0.000827552517876,0.0,0.0171156171709299,-0.0096321664750576,0.0148063916712999,-0.0002947874017991,0.0037152685690671,-0.0056013748981058,0.004017308820039,0.0177883878350257,0.0014367597177624,-0.0066997772082686,-0.002293630503118,-0.0023459829390048,0.0066377930343151,0.0179306473582983,0.0,0.0066416268236935,-0.0002884686109609,-0.0174985826015472,0.0155288241803646,0.010218933224678,0.0188060011714696,0.0080925608053803,0.0166919343173503,-0.0163417346775531,0.0070293257012963,0.004954770207405,0.0067692683078348,0.0034802474547177,0.0040160971693694,0.0054914001375436,-0.0021578206215053,-0.0063236909918487,0.040410466492176,-0.0008677691803313,-0.006689999718219,0.0052113579586148,-0.0205928198993206,-0.0025921701453626,-0.0043491581454873,-0.0023101884871721,0.0056232525967061,0.001157768885605,0.005654992070049,0.0005782149964943,-0.0093371039256453,-0.0309159103780984,-0.0077208150178194,-0.0348837785422802,-0.0091799031943082,0.02656782977283,-0.0057803052477538,-0.0078242048621177,-0.0102378847077488,0.0142553048208355,-0.0021033561788499,0.0,0.0,0.0026913923211395,-0.0029958742670714,0.0056666401214897,-0.0293689537793397,-0.0005931333871558,-0.0112133240327239,-0.0026706275530159,-0.0116510335355997,0.0059506325051188,0.0068668914027512,-0.0151999918743968,0.0119143957272171,-0.0669332880757089,0.015765099534462,-0.0762666827337393,0.0094543079629552,-0.0989333088781326,0.0213172669051575,-0.0930667113007497,0.0325874009242566,-0.1005333462181882,0.077624226623425,-0.0983999621113059,0.0745408247239483,2019-03-01,2019-03-04,2019-03-05,2019-03-06,2019-03-07,2019-03-08,2019-03-11,2019-03-12,2019-03-13,2019-03-14,85925.0,2019-02-28,252.0,0.3479%,0.0006,0.6665,0.2851,0.2425,1.1710%,1.3486%,24.5983%,0.006019,RBA,85925.0,2019-03-01,252.0,-1.5200%,0.0006,0.658,0.2724,0.2388,1.1774%,1.3485%,23.7681%,-0.019946,RBA,85925.0,2019-03-04,252.0,-5.2532%,0.0004,0.6628,0.301,0.2274,1.2178%,1.3887%,23.0943%,-0.049042,RBA,85925.0,2019-03-05,252.0,-1.0003%,0.0003,0.6635,0.301,0.2308,1.2187%,1.3889%,23.0061%,-0.007487,RBA,85925.0,2019-03-06,252.0,-1.5878%,0.0003,0.6734,0.3094,0.2432,1.2166%,1.3920%,23.6165%,-0.006694,RBA,85925.0,2019-03-07,252.0,-0.8800%,0.0003,0.674,0.3071,0.2434,1.2166%,1.3925%,23.6608%,-0.002349,RBA,85925.0,2019-03-08,252.0,0.0000%,0.0003,0.6751,0.2872,0.2461,1.2113%,1.3869%,23.7176%,0.001653,RBA,85925.0,2019-03-11,252.0,-0.0592%,0.0002,0.6695,0.2825,0.2462,1.2132%,1.3869%,23.4822%,-0.010495,RBA,85925.0,2019-03-12,252.0,-0.7699%,0.0002,0.6787,0.2844,0.2576,1.2122%,1.3878%,23.7098%,-0.008475,RBA,85925.0,2019-03-13,252.0,1.1042%,0.0002,0.6811,0.2782,0.2587,1.2126%,1.3891%,23.7992%,0.0070399999999999,RBA,85925.0,2019-03-14,252.0,0.3837%,0.0003,0.6815,0.2758,0.2599,1.2129%,1.3891%,23.7584%,0.004793,RBA,-0.0139269999999999,-0.062969,-0.0704559999999999,-0.079499,-0.0849829999999999
16171,REGIONS FINANCIAL CORP NEW,Sandler O'Neill Downgrades Regions Financial to Hold,6,decrease,0.8,0.6,"a downgrade from an analyst typically signals reduced expectations for the company's performance, which can lead to a decline in stock price.",0,2019-02-28,RF,2019-02-28 13:11:00+00:00,35044.0,7591EP10,-0.0102595100179314,14091336.0,-0.0054878140799701,0.0228394400328397,-0.0091967890039086,-0.0103848548606038,-0.0030940121505409,0.0080049922689795,-0.0211049132049083,-0.0006153986905701,-0.0133164469152689,-0.0067237536422908,0.0032425546087324,0.0136308073997497,0.0064640869386494,0.0087499618530273,0.0032113161869347,0.0315925069153308,0.012163926847279,-0.0051314895972609,-0.0012650510761886,0.00775694148615,-0.0031665731221437,0.0071614980697631,0.0146124837920069,-0.0051813423633575,-0.0212899278849363,-0.0045132590457797,-0.0428662858903408,0.0064893173985183,-0.0354277901351451,0.0,-0.0623700991272926,-0.0038785014767199,0.0,0.0091324429959058,0.0295639745891094,0.0105471219867467,0.0028714975342154,-0.0168503057211637,0.0143163781613111,-0.0064391135238111,-0.0014114648802205,-0.0095663629472255,0.0367491506040096,0.0019169768784195,0.0115882800891995,0.0090263951569795,0.002021545311436,0.0091086756438016,0.0154674174264073,-0.0141116268932819,0.0026490041054785,-0.0070063476450741,0.0066049820743501,0.0057655447162687,-0.0157480165362358,0.0136363664641976,0.0079999919980764,0.0191925857216119,0.005952391307801,0.0100267129018902,0.0256410483270883,0.0121786408126354,-0.0217948816716671,0.0047586467117071,0.0196592528373003,0.0006802876596339,0.0128534575924277,0.0110041163861751,-0.0323604196310043,0.0104238791391253,-0.0006557527231052,0.0169611815363168,0.0085301911458373,0.0366300381720066,0.0006506330100819,-0.0014630912337452,0.0058517656289041,0.0216741375625133,0.0051712943241,0.002247171010822,0.0083601363003253,-0.0007484487723559,-0.0095663629472255,-0.0022405292838811,-0.0231809187680482,0.0652347356081008,0.0171391051262617,-0.0225505419075489,0.009721296839416,-0.0038729815278202,-0.0121950954198837,0.0054516894742846,-0.0181936770677566,-0.0294784121215343,-0.0105890044942498,-0.0119492756202817,-0.0013377595460042,-0.0059391180984675,0.0080375000834465,-0.0224963333457708,-0.0471760816872119,-0.0336606241762638,0.0139469876885414,0.0070621739141643,-0.0151306921616196,-0.0159833561629056,0.0139665342867374,-0.0342281386256218,-0.0082645202055573,-0.0261438284069299,0.0048611564561724,-0.0096215493977069,0.0062197754159569,-0.0625375285744667,-0.0103022372350096,0.0109421517699956,-0.0235947370529174,0.0148057797923684,0.0085287764668464,-0.0133902141824364,-0.0054878140799701,0.0228394400328397,-0.0146341328156925,0.0122174009023974,-0.0176828667814891,0.0203201933711476,-0.0512194857561945,0.0128361299135661,-0.0284536826954199,0.0711053290571324,-0.0641406210862988,0.1076203004798017,-0.126900451700649,0.0177492553553249,2019-03-01,2019-03-04,2019-03-05,2019-03-06,2019-03-07,2019-03-08,2019-03-11,2019-03-12,2019-03-13,2019-03-14,35044.0,2019-02-28,252.0,-1.0260%,-0.0001,1.287,0.4782,1.5219,0.9808%,1.6091%,62.8475%,-0.002684,RF,35044.0,2019-03-01,252.0,-0.5488%,-0.0001,1.2912,0.4844,1.533,0.9807%,1.6081%,62.8130%,-0.010144,RF,35044.0,2019-03-04,252.0,-0.9197%,-0.0002,1.2935,0.4826,1.531,0.9813%,1.6084%,62.7786%,-0.006614,RF,35044.0,2019-03-05,252.0,-0.3094%,-0.0002,1.2919,0.4731,1.5283,0.9814%,1.6069%,62.7018%,0.0041849999999999,RF,35044.0,2019-03-06,252.0,-2.1105%,-0.0002,1.2951,0.4819,1.5332,0.9817%,1.6099%,62.8138%,-0.004994,RF,35044.0,2019-03-07,252.0,-1.3316%,-0.0002,1.294,0.4817,1.5316,0.9819%,1.6106%,62.8379%,0.002611,RF,35044.0,2019-03-08,252.0,0.3243%,-0.0001,1.2929,0.4808,1.5299,0.9833%,1.6108%,62.7367%,0.008362,RF,35044.0,2019-03-11,252.0,0.6464%,-0.0002,1.2894,0.4799,1.5311,0.9841%,1.6115%,62.7085%,-0.006665,RF,35044.0,2019-03-12,252.0,0.3211%,-0.0001,1.2958,0.4774,1.5374,0.9831%,1.6074%,62.5922%,0.002466,RF,35044.0,2019-03-13,252.0,1.2164%,-0.0001,1.2967,0.4828,1.5397,0.9817%,1.6085%,62.7550%,0.00356,RF,35044.0,2019-03-14,252.0,-0.1265%,-0.0001,1.2959,0.4846,1.5388,0.9817%,1.6073%,62.6999%,-0.002698,RF,-0.012828,-0.019442,-0.015257,-0.01764,-0.012615
16179,RIGEL PHARMACEUTICALS INC,"Rigel Pharmaceuticals Q4 EPS $0.02 Misses $0.03 Estimate, Sales $37.86M Beat $36.35M Estimate",6,uncertain,0.6,0.3,"while the sales beat expectations, the earnings miss could create mixed reactions among investors, leading to uncertainty in the stock price movement.",1,2019-02-28,RIGL,2019-02-28 21:48:00+00:00,88810.0,76655960,-0.0309734214097261,2518239.0,0.0228310283273458,0.0044444403611123,-0.0133928442373871,-0.046610128134489,0.0045248824171721,0.0042553152889013,-0.0360359996557235,-0.0042372844181954,0.0373831391334533,0.0042553152889013,-0.0225225016474723,-0.0167364850640296,0.1013825014233589,-0.0041666626930236,-0.0251046773046255,0.0572687722742557,0.0042918417602777,0.0044247745536267,-0.017094001173973,0.0044444403611123,0.0521739684045314,0.027397233992815,0.0619834102690219,0.0138888750225305,-0.0038910470902919,-0.0270270016044378,0.0039062462747097,-0.0347825773060321,0.0311284679919481,0.0267856884747743,-0.0754717141389846,0.0181818008422851,0.0122448857873678,-0.0178571250289678,0.0,0.0370370000600814,-0.0201612710952758,-0.0046082902699708,0.0164608899503946,0.063725546002388,0.0404857918620109,-0.0192307513207197,-0.0583657063543796,-0.0234742667526006,-0.0041322275064885,0.0191388521343469,0.0248962417244911,0.0449999570846557,-0.0080971578136086,-0.0099009806290268,0.0326530300080776,-0.0334927923977375,-0.011857695877552,-0.0047619002871215,-0.0479999557137489,-0.0186916813254356,0.0294117350131273,-0.0272727012634277,-0.0244897715747356,0.0328638181090354,0.0334727689623832,-0.031818151473999,-0.0202428959310054,-0.0434782207012176,0.0247933641076088,-0.0376569665968418,-0.0645161643624305,-0.0041666626930236,0.0215517040342092,-0.0322580337524414,-0.0506328642368316,0.0508475117385387,0.0444444008171558,0.0875575169920921,-0.0212765764445066,-0.0805084034800529,-0.008695644326508,0.0260869320482015,0.0263157654553651,0.0267856884747743,-0.0256410017609596,0.0044843005016446,-0.0219298042356967,0.0372092649340629,-0.0089686010032892,0.0336539298295974,0.0226244125515222,-0.0280374661087989,0.0176990982145071,-0.1083333268761635,0.0347826816141605,-0.0361445434391498,-0.0252101588994264,-0.0311283767223358,-0.0301723852753639,-0.048148188740015,-0.0044444403611123,-0.0109890000894665,-0.0089285625144839,-0.0108695551753044,-0.0315315015614032,-0.0315789170563221,0.0093023162335157,0.0326086655259132,0.0184331610798835,0.003636360168457,-0.0090497648343443,0.0147601328790187,-0.0182648226618766,-0.0390070565044879,-0.0511628501117229,-0.0174215864390134,0.0588235929608345,-0.0681818351149559,-0.0509259849786758,0.0883392244577407,-0.0146341323852539,0.0143369045108556,0.0594060011208057,-0.0106382882222533,0.0228310283273458,0.0044444403611123,0.0091324116837911,-0.0423728437080942,0.0136986171900177,-0.0382978382288582,0.0136986178882401,-0.03829783833509,0.0502282651164516,0.0044444378103192,0.0913242233665452,0.0610327989215371,-0.022831023933733,-0.1985815546288726,2019-03-01,2019-03-04,2019-03-05,2019-03-06,2019-03-07,2019-03-08,2019-03-11,2019-03-12,2019-03-13,2019-03-14,88810.0,2019-02-28,252.0,-3.0973%,-0.0021,1.1787,1.6303,-0.6495,3.6811%,4.0902%,19.0030%,-0.029443,RIGL,88810.0,2019-03-01,252.0,2.2831%,-0.0021,1.188,1.6442,-0.6393,3.6808%,4.0928%,19.1224%,0.0069289999999999,RIGL,88810.0,2019-03-04,252.0,-1.3393%,-0.0021,1.1798,1.6678,-0.6364,3.6794%,4.0925%,19.1706%,0.0017649999999999,RIGL,88810.0,2019-03-05,252.0,0.4525%,-0.0021,1.1746,1.6347,-0.6446,3.6790%,4.0830%,18.8092%,0.010083,RIGL,88810.0,2019-03-06,252.0,-3.6036%,-0.0021,1.1676,1.6487,-0.6506,3.6777%,4.0869%,19.0219%,-0.005405,RIGL,88810.0,2019-03-07,252.0,3.7383%,-0.0018,1.1523,1.6685,-0.6653,3.6859%,4.0934%,18.9194%,0.045875,RIGL,88810.0,2019-03-08,252.0,-2.2523%,-0.0025,1.1645,1.5151,-0.6379,3.5826%,3.9781%,18.8978%,-0.022043,RIGL,88810.0,2019-03-11,252.0,10.1383%,-0.0022,1.2044,1.5502,-0.6384,3.6155%,4.0311%,19.5589%,0.075171,RIGL,88810.0,2019-03-12,252.0,-2.5105%,-0.0022,1.2037,1.5603,-0.635,3.6182%,4.0330%,19.5136%,-0.024376,RIGL,88810.0,2019-03-13,252.0,0.4292%,-0.002,1.2031,1.6047,-0.6251,3.5982%,4.0188%,19.8401%,0.001517,RIGL,88810.0,2019-03-14,252.0,-1.7094%,-0.002,1.2001,1.609,-0.6273,3.5978%,4.0186%,19.8460%,-0.007526,RIGL,-0.022514,-0.020749,-0.010666,0.029804,0.052547
16187,R L J LODGING TRUST,"RLJ Lodging Q4 Adj. FFO $0.49 vs $0.57 In Same Qtr. Last Year, Sales $399.9M Miss $404.3M Estimate",6,decrease,0.75,0.6,the miss in both adjusted ffo and sales compared to the previous year and estimates is likely to negatively impact investor sentiment and lead to a decrease in stock price.,0,2019-02-28,RLJ,2019-02-28 22:27:00+00:00,12756.0,74965L10,-0.005356207024306,2234546.0,-0.0134625742211937,-0.0142555674538016,0.021288176998496,-0.0073374942876398,0.0,-0.0190231781452894,-0.0037412985693663,-0.0010271469363942,-0.020922714844346,0.0051625436171889,-0.0049315150827169,0.016797985881567,0.007709217723459,-0.0031397892162203,0.0,0.014869924634695,-0.0065573188476264,-0.0073800417594611,0.0049505033530294,0.0155245717614889,-0.0114943068474531,0.0026839047204703,0.0116279618814587,0.0081168627366423,-0.0114943068474531,-0.0069855488836765,-0.0027685072273015,-0.0010734595125541,0.009994463995099,-0.0016077538020908,-0.0302364565432071,0.0059299524873495,-0.0073695671744644,0.0108991200104355,0.0159909017384052,-0.0107816094532609,0.0022483982611447,-0.001614676322788,0.0095345014706254,0.0026982857380062,-0.0056593311019241,0.0076129040680825,0.0182128455489873,0.0104394843801856,0.0011179685825482,0.0190369617193937,0.0089335478842258,0.0056306519545614,0.0099612791091203,-0.0111357942223548,0.0158904604613781,-0.0212534759193658,0.0032362169586122,-0.0038002005312591,-0.0193548705428838,0.0204986631870269,0.0131578827276825,0.0209275409579277,-0.0032467243727296,0.0056883040815591,0.001628701807931,-0.0271167550235986,-0.0016260533593595,0.0078081088140606,-0.0010858011664822,0.013566973619163,-0.009782625362277,0.0178366731852293,0.0043907752260565,0.0357567593455314,-0.0185792446136474,0.0114527139812707,0.0144766280427575,0.0240740347653627,0.0076839355751872,-0.0012329563032835,-0.0103486124426126,-0.0109756281599402,0.0170610602945089,-0.0006093984702602,-0.0027055863756686,0.0060096438974142,-0.0010852119885385,-0.0118765300139784,-0.0032590692862868,0.0395061336457729,-0.0005449716118164,-0.0328357741236686,0.0169029142707586,-0.023323593661189,-0.0016085136448964,-0.0299774147570133,-0.0182599425315856,-0.0226644463837146,-0.0087527269497513,0.0061179427430033,0.0171081367880106,-0.0405549742281436,0.0173629783093929,-0.0058355759829282,-0.0213333126157522,0.0015940853627398,0.0054496121592819,-0.0073839342221617,0.0249321982264518,-0.0109546687453985,0.0,-0.0184332095086574,-0.0074034580029547,-0.0234999656677246,-0.021310580894351,0.0080645084381103,0.0174196884036064,-0.0354885533452034,-0.0149813098832964,0.0113077452406287,-0.0054318513721227,0.0069306627847254,0.0016384865157306,-0.0102890292182564,-0.0134625742211937,-0.0142555674538016,0.007539009114426,-0.0214884615966821,0.007539009114426,-0.0401028609089496,-0.0172320782586125,-0.0361383955038346,-0.0161550472765289,-0.0005353431049517,0.0104473437771983,0.062002287371087,0.0060588673010755,-0.066857020019887,2019-03-01,2019-03-04,2019-03-05,2019-03-06,2019-03-07,2019-03-08,2019-03-11,2019-03-12,2019-03-13,2019-03-14,12756.0,2019-02-28,252.0,-0.5356%,-0.0001,0.757,0.4439,0.2008,1.2226%,1.4561%,29.4986%,-0.002636,RLJ,12756.0,2019-03-01,252.0,-1.3463%,-0.0001,0.7484,0.431,0.1964,1.2278%,1.4540%,28.6947%,-0.019487,RLJ,12756.0,2019-03-04,252.0,2.1288%,-0.0,0.7424,0.4272,0.2033,1.2382%,1.4586%,27.9312%,0.026048,RLJ,12756.0,2019-03-05,252.0,0.0000%,0.0001,0.7453,0.4515,0.2043,1.2347%,1.4581%,28.2928%,0.002984,RLJ,12756.0,2019-03-06,252.0,-0.3741%,0.0002,0.7514,0.4271,0.2078,1.2307%,1.4567%,28.6213%,0.0080369999999999,RLJ,12756.0,2019-03-07,252.0,-2.0923%,0.0001,0.7566,0.4246,0.214,1.2334%,1.4610%,28.7358%,-0.013866,RLJ,12756.0,2019-03-08,252.0,-0.4932%,0.0001,0.7573,0.4198,0.2154,1.2333%,1.4607%,28.7169%,-0.003206,RLJ,12756.0,2019-03-11,252.0,0.7709%,0.0,0.755,0.4221,0.2179,1.2332%,1.4612%,28.7736%,-0.004056,RLJ,12756.0,2019-03-12,252.0,0.0000%,0.0,0.757,0.422,0.2201,1.2331%,1.4598%,28.6469%,-0.000621,RLJ,12756.0,2019-03-13,252.0,-0.6557%,-0.0,0.7535,0.4272,0.2175,1.2349%,1.4604%,28.4950%,-0.01062,RLJ,12756.0,2019-03-14,252.0,0.4951%,-0.0001,0.7607,0.4201,0.2211,1.2254%,1.4549%,29.0680%,0.006713,RLJ,-0.022123,0.003925,0.006909,0.00108,-0.01071
16195,SINCLAIR INC,Guggenheim Raises Sinclair Broadcast EPS Estimate After Quarterly Print,6,increase,0.8,0.6,"an upgrade in eps estimates typically signals improved financial performance expectations, which can positively influence investor sentiment and drive the stock price higher.",2,2019-02-28,SBGI,2019-02-28 17:28:00+00:00,81740.0,82924210,0.0364627204835414,1904426.0,0.0174515545368194,0.0615666061639785,0.0002723151701502,0.0045928210020065,0.0362002700567245,-0.0066910344175994,0.0034147903788834,-0.0006079166196286,-0.035863846540451,-0.0087374849244952,0.0051587796770036,0.0106576876714825,0.0312330666929483,-0.0108433915302157,0.0118513805791735,0.0048426100984215,0.0059865531511604,0.013497008010745,-0.002846070099622,0.0149439461529254,0.019979253411293,0.011334971524775,-0.0206054784357547,0.0124322399497032,-0.0072726956568658,0.001596460584551,-0.025117814540863,-0.0110514806583523,0.0359635055065155,0.0085987411439418,-0.0207253694534301,-0.002858055057004,0.0050265197642147,0.0109149329364299,0.0073703280650079,0.0110353836789727,0.0023517154622823,0.0003246827691327,-0.0018248095875605,-0.0112359672784805,0.0049620950594544,0.0061369682662189,0.0207900013774633,-0.002255932893604,0.0048371297307312,0.0100911911576986,0.0491512194275856,0.0055646509863436,0.023907309398055,0.0334911979734897,0.0099056167528033,-0.0289093647152185,-0.0072396397590637,0.012304650619626,0.0051752817817032,0.0066956426016986,0.0217645764350891,-0.0043333051726222,0.0100778434425592,0.0111223431304097,-0.0136054083704948,-0.0033590991515666,0.0163218174129724,-0.0132581908255815,0.0174168851226568,0.0093677043914794,0.0091151585802435,0.0013400003081187,-0.0193875543773174,0.0514265932142734,-0.0233654715120792,0.0157423466444015,0.0213940721005201,0.0367211326956749,0.0060810050927102,-0.0025897743180394,-0.0094022424891591,0.0261959191411733,0.0192090049386024,-0.0045351074077188,0.0126385744661092,-0.0011325287632644,0.0026276055723428,-0.0048835859633982,-0.0087355645373463,0.0555115602910518,-0.0367922037839889,-0.0258787218481302,0.0281335655599832,-0.0274230446666479,0.3454949557781219,-0.027402264997363,0.0071097933687269,-0.0047272420488297,0.0003283608239144,-0.0043447078205645,0.0041030691936612,-0.0264363754540681,0.0102975005283951,-0.0132173625752329,-0.0616405308246612,-0.0400668010115623,-0.0187931060791015,-0.0115511054173111,0.0070286686532199,0.0079840244725346,0.0054091354832053,-0.0195694845169782,-0.0123220942914485,-0.0061588501557707,-0.0089614884927868,-0.0012948854127898,0.0033687697723507,-0.0252445917576551,-0.0335748642683029,0.0076311533339321,-0.0027426900342106,0.0067221829667687,0.0133846634998917,0.0171465519815683,0.0174515545368194,0.0615666061639785,0.0177286220300127,0.0664421915677972,0.0545706729919575,0.059306590159637,0.0202216993446999,0.0494125713951369,0.0733890646420407,0.0843711998927327,0.2282422183991674,0.1739131019554278,0.5393412744841359,0.1340338158751346,2019-03-01,2019-03-04,2019-03-05,2019-03-06,2019-03-07,2019-03-08,2019-03-11,2019-03-12,2019-03-13,2019-03-14,81740.0,2019-02-28,252.0,3.6463%,0.0003,0.9782,0.9306,0.4954,1.9419%,2.2070%,22.5834%,0.040518,SBGI,81740.0,2019-03-01,252.0,1.7452%,0.0005,0.9518,0.8914,0.4503,1.9202%,2.1736%,21.9635%,0.009602,SBGI,81740.0,2019-03-04,252.0,0.0272%,0.0005,0.946,0.9047,0.4531,1.9194%,2.1720%,21.9100%,0.006941,SBGI,81740.0,2019-03-05,252.0,3.6200%,0.0006,0.9317,0.8202,0.4277,1.9250%,2.1624%,20.7502%,0.041611,SBGI,81740.0,2019-03-06,252.0,0.3415%,0.0008,0.9422,0.7612,0.4315,1.9161%,2.1553%,20.9675%,0.021314,SBGI,81740.0,2019-03-07,252.0,-3.5864%,0.0008,0.9585,0.7882,0.4609,1.9210%,2.1673%,21.4371%,-0.026271,SBGI,81740.0,2019-03-08,252.0,0.5159%,0.0008,0.9568,0.8009,0.4575,1.9201%,2.1671%,21.4930%,0.007567,SBGI,81740.0,2019-03-11,252.0,3.1233%,0.0009,0.9651,0.7999,0.4527,1.9218%,2.1746%,21.8957%,0.016383,SBGI,81740.0,2019-03-12,252.0,1.1851%,0.001,0.9674,0.7945,0.453,1.9231%,2.1738%,21.7416%,0.011951,SBGI,81740.0,2019-03-13,252.0,0.5987%,0.001,0.9676,0.7924,0.4528,1.9230%,2.1738%,21.7463%,0.001498,SBGI,81740.0,2019-03-14,252.0,-0.2846%,0.001,0.9624,0.7957,0.4511,1.9193%,2.1685%,21.6618%,-7.8e-05,SBGI,0.05012,0.057061,0.098672,0.093715,0.131036
16203,STARBUCKS CORP,"China's Luckin Coffee Selects Credit Suisse, Goldman Sachs, Morgan Stanley for U.S. IPO",6,uncertain,0.5,0.5,"the news about luckin coffee's ipo may create competitive pressure for starbucks, but the overall impact on starbucks' stock price is unclear and could depend on various market factors.",1,2019-02-28,SBUX,2019-02-28 09:32:00+00:00,77702.0,85524410,0.0015680771321058,18954512.0,0.0083973286673426,-0.0139161916449666,0.0014114110963419,0.0012666620314121,0.0088795619085431,-0.0035063112154603,-0.0043308911845088,0.0084866499528288,-0.0092605035752058,0.0044040000066161,-0.0177028756588697,0.0027065875474363,0.0046136057935655,-0.0072125885635614,0.005310027860105,-0.0018350827740505,0.0007137104985304,0.0046801050193607,0.0091298064216971,0.0108960876241326,-0.0009895348921418,-0.0034290307667106,0.0024055209942162,0.0034408296924084,0.0076228254474699,0.0088226879015564,0.0035023817326873,0.0042120683938264,0.0087952660396695,-0.0018747887806966,-0.0041517168283462,0.0260431263595819,0.004724902100861,-0.0077815121039748,0.0091285752132534,-0.0004402521299198,-0.0030153675470501,-0.0001467664842493,0.0167720820754766,0.0165572874248027,0.0051378752104938,0.0020926664583384,-0.0051116123795509,-0.0028319396078586,0.0041914219036698,0.0362990200519561,0.0008079331018961,-0.0254403501749038,0.0002690251858439,0.0159045867621898,0.0091459359973669,0.0106646437197923,0.0022657359950244,0.0065338858403265,-0.0010637526866048,0.0079974643886089,0.0047923400998115,-0.0048377243801951,0.005166923161596,0.0112040853127837,0.0102807264775037,-0.0056488406844437,-0.0063926661387085,-0.0071662701666355,-0.0060400036163628,0.0048528704792261,-0.0076617468148469,0.0040867989882826,0.0125132426619529,0.0007865225197747,-0.008677308447659,0.0,0.0078248847275972,0.0331545732915401,0.0052638705819845,-0.0433768816292285,0.0094253337010741,-0.0012422644067555,0.0044092377647757,0.015933146700263,-0.0069721536710858,0.0030063074082136,0.0100116580724716,0.0019023292697966,-0.002059779362753,0.0416116304695606,-0.0006449358188547,-0.0135200852528214,0.0074867927469313,-0.012228513136506,0.0001280526194022,-0.02981573715806,-0.001281046308577,-0.0132470829412341,0.0057722418569028,0.0069799432530999,-0.0019218644592911,-0.0133148934692144,0.0066751814447343,-0.0234644636511802,-0.0221881903707981,0.0117950467392802,0.004955624230206,0.0031856657005846,0.0090838903561234,0.0065658926032483,0.0146604860201478,0.0003054321568924,0.0001267697807634,-0.0162284262478351,-0.0285134948790073,-0.001500352169387,0.0113487485796213,-0.012592569924891,-0.0036114894319325,0.0116906287148594,-0.0108737386763095,-0.0023922852706164,-0.0034027236979454,0.0008978982223197,0.0083973286673426,-0.0139161916449666,0.0098205918465452,-0.0126671567251329,0.0187873563083682,-0.0161290529468999,0.0049814748959684,-0.003409544583406,0.0068317056978608,0.0057347890384953,0.0798462898403575,0.1127789177860687,0.0888305654575984,0.0553247372545457,2019-03-01,2019-03-04,2019-03-05,2019-03-06,2019-03-07,2019-03-08,2019-03-11,2019-03-12,2019-03-13,2019-03-14,77702.0,2019-02-28,252.0,0.1568%,0.001,0.732,-0.3012,0.0416,1.2776%,1.4890%,26.3780%,0.003914,SBUX,77702.0,2019-03-01,252.0,0.8397%,0.0009,0.742,-0.2863,0.0556,1.2740%,1.4888%,26.7698%,0.004077,SBUX,77702.0,2019-03-04,252.0,0.1411%,0.001,0.739,-0.2791,0.057,1.2737%,1.4848%,26.4135%,0.0038179999999999,SBUX,77702.0,2019-03-05,252.0,0.8880%,0.0009,0.7352,-0.3036,0.0512,1.2729%,1.4835%,26.3829%,0.009318,SBUX,77702.0,2019-03-06,252.0,-0.4331%,0.001,0.7413,-0.3016,0.0583,1.2717%,1.4839%,26.5551%,-0.002092,SBUX,77702.0,2019-03-07,252.0,-0.9261%,0.001,0.7435,-0.2991,0.062,1.2720%,1.4853%,26.6662%,-0.003291,SBUX,77702.0,2019-03-08,252.0,-1.7703%,0.0009,0.7459,-0.3008,0.0659,1.2764%,1.4900%,26.6219%,-0.015902,SBUX,77702.0,2019-03-11,252.0,0.4614%,0.0009,0.7426,-0.3008,0.0675,1.2768%,1.4896%,26.5286%,-0.0051639999999999,SBUX,77702.0,2019-03-12,252.0,0.5310%,0.0008,0.7404,-0.3011,0.0648,1.2767%,1.4863%,26.2097%,0.002575,SBUX,77702.0,2019-03-13,252.0,0.0714%,0.0008,0.7389,-0.3117,0.0607,1.2726%,1.4832%,26.3772%,-0.0054269999999999,SBUX,77702.0,2019-03-14,252.0,0.9130%,0.0008,0.7389,-0.3153,0.0625,1.2735%,1.4835%,26.3081%,0.008319,SBUX,0.007991,0.011809,0.021127,0.015744,0.000145
16211,SAFEGUARD SCIENTIFICS INC,Safeguard Scientifics Earlier Reported Q4 EPS $(0.81) Beats $(0.93) Estimate,6,increase,0.7,0.6,"the reported q4 eps of $(0.81) beating the estimate of $(0.93) suggests better-than-expected performance, which could positively influence investor sentiment and lead to an increase in stock price.",2,2019-02-28,SFE,2019-02-28 14:14:00+00:00,46340.0,78644920,0.0392721071839332,84149.0,-0.0046083121560513,0.0019193382468074,-0.0175926424562931,0.0087125031277537,0.0103676356375217,-0.0114832427352666,-0.0326492898166179,0.0077145537361502,0.0057859616354107,0.0126953236758709,0.0210929345339536,-0.0182167328894138,0.0225352793931961,0.0019212735351175,0.0045912978239357,0.0225932747125625,0.0009140977635979,0.0119284177199006,0.0228310506790876,0.026530634611845,-0.0267857313156127,-0.0170511603355407,0.0,0.0020100963301956,-0.0100917117670178,0.0050505246035754,-0.0185356643050909,0.001011049025692,-0.0047214534133672,0.0227508023381233,-0.0351043529808521,0.0041536823846399,0.0334316752851009,0.0147524075582623,0.0085632875561714,0.0,0.0188679061830043,0.0,0.0083333477377891,-0.0052411099895834,-0.0036730910651385,-0.0031347684562206,-0.0009216800681315,0.0010459492914378,0.005535006057471,-0.0154479527845978,-0.0100917117670178,-0.0142132323235273,0.0037071327678859,-0.0169660747051239,0.0073868813924491,-0.0346820466220378,0.0137489065527916,0.0453171990811824,-0.005424992647022,0.0205550640821456,0.0090909441933035,0.0051652104593813,-0.0063063646666705,-0.0290872566401958,0.0081595787778496,0.0101317511871457,-0.0044964202679693,0.0238588731735944,0.0,0.0031218198128044,-0.0126467384397983,0.0,0.0091490782797336,0.0333332754671573,0.006346387322992,0.0426009111106395,-0.008108121342957,0.0494117736816406,0.0009082859614863,-0.0046838363632559,0.0063520590774714,-0.0092807337641716,0.0027051155921071,0.0298685785382986,0.0251798331737518,-0.0047562383115291,0.003508768742904,0.012033624574542,-0.0096153551712632,0.0171359051018953,-0.0026478141080588,0.0187031924724578,0.0371681489050388,-0.0418159402906894,0.0068259318359196,-0.0466970242559909,-0.0050847814418375,-0.013483134098351,-0.0085178390145301,-0.0100111402571201,0.0034364226739853,-0.0291577167809009,0.0017122862627729,-0.0252631343901157,-0.017094001173973,-0.0236381869763135,0.0052174278534948,0.0496223382651805,-0.0164360310882329,0.0098039377480745,0.0149516342207789,-0.0150213940069079,0.042460985481739,-0.0106157520785927,-0.0099750533699989,-0.001060469658114,0.0008396498160436,-0.0115303620696067,0.0100671043619513,0.0647321343421936,-0.002491672290489,0.0578512102365493,0.0108243227005004,-0.0035293803084641,-0.0046083121560513,0.0019193382468074,-0.022119882224256,0.0106485636150397,-0.0119815774659802,-0.0009569591610003,-0.0387096847275885,0.0195312318651614,0.0322580080409651,0.0653060591771563,0.0165897990705852,0.0471413549994763,0.1188940012067811,0.2282352465609898,2019-03-01,2019-03-04,2019-03-05,2019-03-06,2019-03-07,2019-03-08,2019-03-11,2019-03-12,2019-03-13,2019-03-14,46340.0,2019-02-28,252.0,3.9272%,-0.0006,0.4974,0.6155,-0.0863,1.6185%,1.7476%,14.2360%,0.040377,SFE,46340.0,2019-03-01,252.0,-0.4608%,-0.0007,0.4955,0.6127,-0.0847,1.6196%,1.7472%,14.0647%,-0.010409,SFE,46340.0,2019-03-04,252.0,-1.7593%,-0.0008,0.5067,0.5858,-0.09,1.6158%,1.7455%,14.3113%,-0.012325,SFE,46340.0,2019-03-05,252.0,1.0368%,-0.0007,0.504,0.5738,-0.0969,1.6180%,1.7451%,14.0338%,0.012739,SFE,46340.0,2019-03-06,252.0,-3.2649%,-0.0009,0.503,0.6241,-0.0912,1.6191%,1.7520%,14.6015%,-0.021236,SFE,46340.0,2019-03-07,252.0,0.5786%,-0.0009,0.4973,0.6177,-0.1005,1.6204%,1.7517%,14.4259%,0.009956,SFE,46340.0,2019-03-08,252.0,2.1093%,-0.0007,0.4937,0.6276,-0.1069,1.6257%,1.7569%,14.3856%,0.021617,SFE,46340.0,2019-03-11,252.0,2.2535%,-0.0007,0.5007,0.624,-0.1126,1.6264%,1.7616%,14.7556%,0.012274,SFE,46340.0,2019-03-12,252.0,0.4591%,-0.0006,0.4997,0.6217,-0.1148,1.6268%,1.7611%,14.6719%,0.004906,SFE,46340.0,2019-03-13,252.0,0.0914%,-0.0006,0.4998,0.6201,-0.1151,1.6267%,1.7609%,14.6574%,-0.000493,SFE,46340.0,2019-03-14,252.0,2.2831%,-0.0005,0.4999,0.6071,-0.1084,1.6352%,1.7664%,14.3041%,0.026129,SFE,0.029968,0.017643,0.030382,0.019102,0.083535
16219,SANGAMO THERAPEUTICS INC,"Sangamo Therapeutics Q4 EPS $(0.18) Beats $(0.21) Estimate, Sales $26.837M Beat $22.51M Estimate",6,increase,0.75,0.6,"the company reported better-than-expected earnings and sales, which typically boosts investor confidence and can lead to an increase in stock price.",2,2019-02-28,SGMO,2019-02-28 21:51:00+00:00,88195.0,80067710,-0.0332617461681366,2051334.0,0.1154272928833961,0.016357647255063,0.0039800954982638,0.0155039140954613,-0.0009911028901115,0.022650035098195,-0.0426587611436843,0.0339578427374362,-0.0155440028756856,0.0094562554731965,0.0210526119917631,-0.0298165399581193,0.0402062200009822,-0.0079635605216026,-0.0158572699874639,-0.0233333371579647,0.0171198453754186,0.0227272510528564,-0.0366337448358535,-0.0167597346007823,0.0010277727851644,0.0757211670279502,0.0061602075584232,0.0777201950550079,-0.006122491788119,-0.0709988698363304,-0.0215605795383453,-0.308652251958847,0.028331633657217,0.0160609073936939,-0.0928571224212646,-0.0382114015519619,0.0348705798387527,-0.0144230257719755,0.0217391103506088,0.0675791278481483,-0.032978668808937,0.0086280778050422,0.0253024790436029,0.0432043671607971,0.023605179041624,0.0072529399767518,-0.0010482419747859,-0.0425347834825515,0.2896117866039276,0.0378378443419933,0.0602115355432033,0.0036166328936815,-0.0683038681745529,-0.0009032769012264,0.0362437851727008,-0.0473322011530399,0.0023847164120525,0.0292294006794691,-0.0174464173614978,-0.007036053109914,0.007263857871294,0.0035304469056427,-0.0208332762122154,0.0299999937415123,-0.0049100178293883,-0.0333919264376163,-0.0016446961089968,0.0354868397116661,-0.0123558947816491,0.0,-0.0241868197917938,-0.1420765519142151,0.0,0.005494556389749,0.0059829615056514,0.0678960159420967,0.0195411667227745,0.0806159749627113,-0.0099999904632568,-0.0628183186054229,-0.0025252299383282,0.026132421568036,0.0202531442046165,0.0570902302861213,-0.0008271487895399,0.0254957042634487,-0.0322847962379455,-0.0157992634922266,-0.0265183467417955,0.0770771279931068,-0.0026361802592873,0.0090909246355295,0.0193831995129585,-0.0453230738639831,0.0311150066554546,-0.009551134891808,-0.0511316508054733,-0.054200492799282,-0.0008833282045088,-0.029798436909914,-0.1476569473743439,-0.0060975346714258,0.0487551130354404,-0.0077787516638636,-0.0316518023610115,-0.0562806315720081,0.0183861386030912,0.0442930534482002,0.0300902891904115,0.0051369406282901,0.0116845062002539,0.0327144004404544,-0.0192493516951799,-0.0519698113203048,-0.040235511958599,0.0127334957942366,0.0306748673319816,-0.0789679586887359,-0.033730175346136,0.0339531190693378,-0.0287474058568477,0.0377516597509384,0.0274841673672199,-0.0008382421219721,0.1154272928833961,0.016357647255063,0.1198668000304419,0.0321151689083707,0.1187568968083918,0.0554926137095248,0.0543839873163156,0.1016548071951213,0.0799111250585651,0.0413407714599591,0.356270800365184,-0.1527273160097788,0.0788013204257795,-0.2187762543727676,2019-03-01,2019-03-04,2019-03-05,2019-03-06,2019-03-07,2019-03-08,2019-03-11,2019-03-12,2019-03-13,2019-03-14,88195.0,2019-02-28,252.0,-3.3262%,-0.0036,1.8047,2.4404,-1.0092,4.2925%,5.0810%,28.6299%,-0.030746,SGMO,88195.0,2019-03-01,252.0,11.5427%,-0.0034,1.8566,2.5177,-0.9729,4.3211%,5.1328%,29.1290%,0.0912289999999999,SGMO,88195.0,2019-03-04,252.0,0.3980%,-0.0032,1.844,2.5317,-0.9633,4.3237%,5.1319%,29.0147%,0.027409,SGMO,88195.0,2019-03-05,252.0,-0.0991%,-0.0031,1.845,2.5464,-0.9666,4.3236%,5.1274%,28.8963%,0.00759,SGMO,88195.0,2019-03-06,252.0,-4.2659%,-0.0031,1.8439,2.5273,-0.9704,4.3238%,5.1338%,29.0650%,0.005221,SGMO,88195.0,2019-03-07,252.0,-1.5544%,-0.0032,1.8366,2.4933,-0.9898,4.3202%,5.1248%,28.9350%,-0.001947,SGMO,88195.0,2019-03-08,252.0,2.1053%,-0.003,1.8328,2.5003,-0.9963,4.3230%,5.1256%,28.8681%,0.0220739999999999,SGMO,88195.0,2019-03-11,252.0,4.0206%,-0.003,1.8339,2.4945,-1.0001,4.3227%,5.1324%,29.0610%,-0.001373,SGMO,88195.0,2019-03-12,252.0,-1.5857%,-0.0031,1.8208,2.5024,-1.0119,4.3224%,5.1281%,28.9553%,-0.014347,SGMO,88195.0,2019-03-13,252.0,1.7120%,-0.003,1.8255,2.5114,-1.0046,4.3215%,5.1291%,29.0107%,0.013466,SGMO,88195.0,2019-03-14,252.0,-3.6634%,-0.0031,1.8283,2.519,-1.0084,4.3223%,5.1336%,29.1114%,-0.021588,SGMO,0.0604829999999999,0.0878919999999999,0.0954819999999999,0.0987559999999999,0.0969879999999999
16227,SKYLINE CHAMPION CORP,"Skyline Champion Corporation Prices Secondary Offering of 10,750,202 Shares of Common Stock by Selling Shareholders @$20.46/Share",6,decrease,0.7,0.5,"the pricing of a secondary offering typically indicates dilution of existing shares, which can lead to a decrease in stock price as supply increases.",0,2019-02-28,SKY,2019-02-28 08:45:00+00:00,38850.0,83083010,-0.0972727015614509,6326267.0,0.061933510005474,0.0004547625721897,-0.0146988844498992,0.0128973145037889,-0.0317612998187542,0.0149602480232715,-0.0313121788203716,0.0353339575231075,0.0256541818380355,0.0172329097986221,-0.0025012125261127,0.0044510462321341,0.0295887738466262,0.0248352643102407,-0.0004871031851507,0.0222798101603984,-0.0277777630835771,-0.0061792400665581,-0.0290726758539676,-0.0142132323235273,0.0046462696045637,0.0260416660457849,0.0118191912770271,-0.0031152369920164,-0.0309802237898111,0.0020812130533158,-0.0015723630785942,-0.0203874371945858,0.0262467209249734,0.1643917113542557,-0.0409206785261631,-0.0474844612181186,0.0127999875694513,-0.0056211566552519,0.0,-0.0149500863626599,0.0010532099986448,0.0549064576625824,-0.0052604093216359,0.0388350300490856,0.0047593945637345,0.0172838736325502,0.0173684172332286,0.0,0.023797258734703,0.0220820419490337,0.0186962559819221,0.0475875921547412,0.0079365000128746,0.0,0.0221457071602344,-0.0537835955619812,-0.0009629492997191,0.0107458960264921,-0.03999999538064,0.0121560832485556,0.0090361600741744,0.0123057346791029,-0.004975143354386,0.0124589884653687,-0.0034999847412109,0.0072654988616704,-0.0070245554670691,-0.0187945533543825,0.0156644489616155,-0.0089916111901402,0.0029850481078028,-0.0120558710768818,0.0014881292590871,-0.0131496582180261,-0.0178306382149457,0.0653769522905349,0.0363085903227329,0.0526685416698455,-0.0019464237848296,-0.0345762856304645,-0.0248659290373325,0.0040844399482011,-0.0125000001862645,0.0448079034686088,0.0227848496288061,0.0035688928328454,0.0450494959950447,0.0122832423076033,-0.0009474399266764,0.0812499970197677,0.0132764670997858,-0.0490341633558273,0.0191857665777206,-0.0893098562955856,-0.0142333041876554,-0.0639645457267761,-0.0456450656056404,-0.0131250023841857,0.0053685023449361,0.0688042566180229,0.0199029054492712,-0.0157790780067443,0.0042836815118789,-0.0330578200519084,-0.0222749393433332,-0.0472441352903842,0.0329617224633693,-0.0207592155784368,0.0164242330938577,-0.0387685447931289,0.0106186307966709,-0.0045402906835079,0.0027410404291003,-0.0371583849191665,-0.0441913977265358,-0.0027248580008745,0.0381316095590591,-0.1636280864477158,0.1386592537164688,-0.0257548801600933,0.0060484488494694,0.0162455141544342,0.0260520875453949,0.007272720336914,0.061933510005474,0.0004547625721897,0.0463242720484278,0.0133579422918967,0.0130916531362579,0.0285180284449357,0.0065457789186058,0.0832102709114066,-0.0246726953273879,0.1167512265090218,0.0070493171246917,0.4426229402427921,0.2890231573170305,-7.1884747043782235e-09,2019-03-01,2019-03-04,2019-03-05,2019-03-06,2019-03-07,2019-03-08,2019-03-11,2019-03-12,2019-03-13,2019-03-14,38850.0,2019-02-28,252.0,-9.7273%,0.0001,1.7489,1.283,-0.0174,3.2924%,3.8521%,26.9480%,-0.092443,SKY,38850.0,2019-03-01,252.0,6.1934%,0.0001,1.7776,1.3257,0.0061,3.2988%,3.8713%,27.3889%,0.045461,SKY,38850.0,2019-03-04,252.0,-1.4699%,0.0001,1.7749,1.335,0.0067,3.2986%,3.8715%,27.4049%,-0.0002659999999999,SKY,38850.0,2019-03-05,252.0,-3.1761%,0.0001,1.7807,1.3637,0.0199,3.3020%,3.8748%,27.3814%,-0.024679,SKY,38850.0,2019-03-06,252.0,-3.1312%,0.0,1.7743,1.3676,0.0133,3.3012%,3.8768%,27.4931%,0.00073,SKY,38850.0,2019-03-07,252.0,2.5654%,0.0002,1.7587,1.3721,-0.0062,3.3101%,3.8801%,27.2213%,0.041115,SKY,38850.0,2019-03-08,252.0,-0.2501%,0.0,1.7621,1.3165,0.0021,3.2948%,3.8606%,27.1611%,0.000581,SKY,38850.0,2019-03-11,252.0,2.9589%,0.0,1.7611,1.3215,0.0055,3.2946%,3.8648%,27.3306%,-0.001485,SKY,38850.0,2019-03-12,252.0,-0.0487%,0.0001,1.7802,1.318,0.0259,3.2915%,3.8648%,27.4648%,-0.001275,SKY,38850.0,2019-03-13,252.0,-2.7778%,-0.0,1.7682,1.3398,0.0181,3.2989%,3.8687%,27.2909%,-0.035776,SKY,38850.0,2019-03-14,252.0,-2.9073%,-0.0001,1.7655,1.3519,0.0119,3.3015%,3.8716%,27.2828%,-0.021956,SKY,-0.046982,-0.047248,-0.071927,-0.030082,-0.089993
16235,SYNOPSYS INC,Synopsys Reports $100M Accelerated Buyback,6,increase,0.8,0.7,an accelerated buyback typically signals confidence in the company's financial health and can lead to an increase in stock price due to reduced share supply and positive market sentiment.,2,2019-02-28,SNPS,2019-02-28 14:09:00+00:00,77357.0,87160710,-0.0092565231025218,1138709.0,0.0148505326360464,0.000584942579735,-0.0018412873614579,-0.003110114717856,0.0036892937496304,0.0057673151604831,0.002901944797486,0.0081797754392027,-0.0040509081445634,-0.0146630620583891,-0.0005811077426187,0.0109955109655857,0.0214147940278053,0.002065903507173,0.0141352601349353,0.010336953215301,0.0068287719041109,-0.0004967519198544,0.0034377288538962,-0.0091543728485703,0.0108333164826035,0.0275108069181442,0.0012823980068787,-0.0055320402607321,-0.0010977506171911,0.0098527297377586,0.0007326147169806,-0.0129336370155215,0.0333120450377464,0.0104345940053463,-0.0230272430926561,0.0117876334115862,0.0095186568796634,0.0292224567383527,0.0093390885740518,0.0154258431866765,0.0008006791467778,0.0099534587934613,0.0128011601045727,0.0231348685920238,0.0107083404436707,-0.0142935644835233,0.0210160501301288,-0.0203100107610225,-0.00051031348994,0.0232991129159927,-0.0007659260299988,0.0160034988075494,-0.0183954704552888,0.0021160757169127,0.0115390783175826,-0.0185812320560216,-0.0013722963631153,0.0263630077242851,0.0022331196814775,0.0021360591053962,0.0050560999661684,0.0054255197755992,0.004092798102647,0.0121267307549715,0.0036514971870929,-0.0034203103277832,-0.0052458136342465,-0.0012525690253824,-0.0071446485817432,0.0098896119743585,-0.0059110973961651,0.0099883927032351,-0.0005170420627109,0.0039645093493163,0.0087083503603935,0.0221692565828561,0.0247884560376405,0.0343977436423301,-0.0001667915785219,-0.0349792055785656,-0.0014182514278218,-0.0022553990129381,0.0035088204313069,0.0071735829114913,-0.0021645198576152,0.0048054005019366,0.0101785520091652,0.0054354020394384,-0.0081764571368694,0.0448006466031074,0.0050795287825167,-0.0193069949746131,0.0078707924112677,-0.0346474796533584,-0.0009864590829238,-0.0049929362721741,-0.016127698123455,-0.0179780628532171,-0.0017562857829034,0.0003504193446133,-0.0038538796361535,-0.0230462551116943,0.0077375792898237,-0.0183671116828918,-0.0327157266438007,-0.0052361986599862,0.0158757232129573,0.0077467435039579,0.0211483407765626,-0.0030221249908208,0.0244530867785215,0.0173080917447805,-0.0144515614956617,-0.0369558371603488,-0.052557848393917,0.0194522701203823,0.0066950405016541,-0.0371367558836937,-0.0059595997445285,0.0104415817186236,0.0166826471686363,0.0270331315696239,-0.0025639093946665,-0.010281927883625,0.0148505326360464,0.000584942579735,0.0129819011765348,-0.0025269913766473,0.0167190889730342,0.0032257498281587,0.0155389639522671,-0.0033987777048385,0.0621557791968288,0.0102372365440581,0.1581432110161877,0.17412187309727,0.1478166651725145,0.1346600396477437,2019-03-01,2019-03-04,2019-03-05,2019-03-06,2019-03-07,2019-03-08,2019-03-11,2019-03-12,2019-03-13,2019-03-14,77357.0,2019-02-28,252.0,-0.9257%,0.0003,0.9778,0.0359,-0.69,0.8868%,1.5436%,66.9935%,-0.008086,SNPS,77357.0,2019-03-01,252.0,1.4851%,0.0003,0.982,0.0422,-0.6856,0.8866%,1.5459%,67.1056%,0.004856,SNPS,77357.0,2019-03-04,252.0,-0.1841%,0.0003,0.9856,0.025,-0.6853,0.8855%,1.5459%,67.1943%,0.006018,SNPS,77357.0,2019-03-05,252.0,0.3689%,0.0003,0.9842,0.0162,-0.6876,0.8854%,1.5436%,67.0991%,0.003708,SNPS,77357.0,2019-03-06,252.0,0.2902%,0.0004,0.9826,-0.0096,-0.6929,0.8874%,1.5435%,66.9495%,0.0115579999999999,SNPS,77357.0,2019-03-07,252.0,-0.4051%,0.0004,0.9822,-0.0091,-0.6933,0.8874%,1.5438%,66.9598%,0.001623,SNPS,77357.0,2019-03-08,252.0,-0.0581%,0.0004,0.9823,-0.011,-0.693,0.8873%,1.5436%,66.9531%,0.000316,SNPS,77357.0,2019-03-11,252.0,2.1415%,0.0003,0.9832,0.0045,-0.6846,0.8822%,1.5433%,67.3242%,0.003124,SNPS,77357.0,2019-03-12,252.0,1.4135%,0.0004,0.9866,-0.0011,-0.683,0.8846%,1.5438%,67.1713%,0.011052,SNPS,77357.0,2019-03-13,252.0,0.6829%,0.0004,0.9864,0.0044,-0.6819,0.8834%,1.5435%,67.2435%,0.0005729999999999,SNPS,77357.0,2019-03-14,252.0,0.3438%,0.0004,0.9866,0.0014,-0.6804,0.8842%,1.5428%,67.1550%,0.006398,SNPS,-0.0032299999999999,0.002788,0.006496,0.019677,0.0411399999999999
16243,SPLUNK INC,Splunk Sees Q1 Sales ~$395M vs $393M Est.; FY20 Sales ~$2.2B vs $2.16B Est.,6,increase,0.8,0.6,"the reported sales for q1 and fy20 exceeded estimates, which is likely to positively influence investor sentiment and drive the stock price up.",2,2019-02-28,SPLK,2019-02-28 21:05:00+00:00,13379.0,84863710,-0.018562601879239,3423251.0,-0.0090521853417158,0.0182392857968807,-0.0500556305050849,0.0042098029516637,-0.0203268397599458,0.0062425411306321,-0.0207485314458608,0.0161606967449188,0.0050525851547718,-0.0052583906799554,-0.0072975070215761,-0.022326735779643,0.0276075899600982,-0.0006605235976167,-0.0081074368208646,0.0127852614969015,-0.004327277187258,0.0053807729855179,0.0174647737294435,-0.0034259827807545,0.0071191387251019,0.0255881920456886,0.0098963407799601,0.0002291907730977,0.0075439508073031,0.0209031477570533,0.0033963909372687,0.0,0.0190783571451902,-0.010419812053442,-0.0512568950653076,0.0056663486175239,-0.0170273669064045,0.0120188435539603,0.0059899454936385,0.0197052769362926,-0.0304956622421741,0.0167779568582773,0.0111212879419326,0.0386600084602832,0.0227365717291832,-0.011208732612431,0.0179775115102529,-0.0205636117607355,0.0070167696103453,0.0175906680524349,0.0089250113815069,0.0042698802426457,-0.0226584803313016,0.0038661882281303,0.0218340624123811,-0.0144135011360049,0.0072261691093444,0.0183044970035553,0.0004628369642887,0.0150698013603687,0.0326162055134773,-0.0092466603964567,0.0109020816162228,0.031140636652708,-0.0032501288224011,-0.0243236199021339,-0.0019268546020612,0.0040274313651025,-0.0086129233241081,0.0068155745975673,-0.034526664763689,0.0071249227039515,-0.0064386148005723,0.0193976517766714,0.0149906165897846,0.0449833460152149,0.0277692358940839,0.0717191100120544,-0.0023950850591063,-0.024293478578329,0.0185310319066047,-0.0145922629162669,0.0142899416387081,0.0200408361852169,0.008569411933422,0.0004866950912401,-0.0060484702698886,0.0297684799879789,-0.0233989842236042,0.0760353282094001,-0.0025220410898327,0.0094719948247075,0.0055774520151317,-0.0486794859170913,-0.0008874065824784,-0.0375797115266323,-0.02820142544806,-0.0188753083348274,0.003656112588942,0.01670478656888,0.0050086393021047,-0.0445563606917858,0.0067206425592303,-0.0231997016817331,-0.0484548918902874,-0.0149908531457185,0.0324767082929611,0.0292595792561769,0.0306917428970336,-0.0194649491459131,0.029703663662076,0.0259322151541709,-0.0181281138211488,-0.0489648506045341,-0.0158253610134124,0.0285132564604282,0.0293307695537805,-0.0186245385557413,-0.0155493533238768,-0.0148572772741317,-0.0542903281748294,0.0993801653385162,-0.0732540413737297,0.0251159761101007,-0.0090521853417158,0.0182392857968807,-0.0586547030020723,0.0225258725477284,-0.0777892780129279,0.0289090323642431,-0.0923609267567269,0.0400390776228432,-0.0696203013288452,0.0311312477416449,-0.0036797189752113,0.2110741541418117,-0.1220194317932051,0.396509972520122,2019-03-01,2019-03-04,2019-03-05,2019-03-06,2019-03-07,2019-03-08,2019-03-11,2019-03-12,2019-03-13,2019-03-14,13379.0,2019-02-28,252.0,-1.8563%,0.0008,1.2743,0.8322,-1.6559,2.0221%,2.9292%,52.3451%,-0.019068,SPLK,13379.0,2019-03-01,252.0,-0.9052%,0.0006,1.2719,0.8287,-1.6465,2.0295%,2.9296%,52.0112%,-0.027354,SPLK,13379.0,2019-03-04,252.0,-5.0056%,0.0004,1.2811,0.8292,-1.6559,2.0398%,2.9478%,52.1143%,-0.033796,SPLK,13379.0,2019-03-05,252.0,-2.0327%,0.0001,1.2695,0.7264,-1.6568,2.0006%,2.8942%,52.2186%,-0.019643,SPLK,13379.0,2019-03-06,252.0,-2.0749%,0.0002,1.2784,0.7199,-1.6476,1.9979%,2.8968%,52.4301%,-0.000359,SPLK,13379.0,2019-03-07,252.0,0.5053%,0.0001,1.2695,0.6961,-1.6662,1.9960%,2.8930%,52.3970%,0.010513,SPLK,13379.0,2019-03-08,252.0,-0.7298%,0.0001,1.2708,0.6923,-1.6639,1.9965%,2.8917%,52.3312%,-0.007775,SPLK,13379.0,2019-03-11,252.0,2.7608%,0.0001,1.2694,0.6912,-1.6638,1.9966%,2.8963%,52.4775%,-0.002562,SPLK,13379.0,2019-03-12,252.0,-0.8107%,0.0001,1.2756,0.6948,-1.6553,1.9971%,2.8966%,52.4654%,-0.010767,SPLK,13379.0,2019-03-13,252.0,-0.4327%,0.0,1.2725,0.6968,-1.6581,1.9979%,2.8966%,52.4255%,-0.009544,SPLK,13379.0,2019-03-14,252.0,1.7465%,0.0002,1.2723,0.684,-1.6516,2.0045%,2.8970%,52.1217%,0.026478,SPLK,-0.046422,-0.080218,-0.099861,-0.089707,-0.093877
16251,SPLUNK INC,"Splunk Q4 Adj. EPS $0.93 Beats $0.76 Estimate, Sales $622M Beat $562.52M Estimate",6,increase,0.85,0.7,"the positive earnings per share and sales figures exceeding estimates typically indicate strong financial performance, which is likely to boost investor confidence and increase the stock price.",2,2019-02-28,SPLK,2019-02-28 21:04:00+00:00,13379.0,84863710,-0.018562601879239,3423251.0,-0.0090521853417158,0.0182392857968807,-0.0500556305050849,0.0042098029516637,-0.0203268397599458,0.0062425411306321,-0.0207485314458608,0.0161606967449188,0.0050525851547718,-0.0052583906799554,-0.0072975070215761,-0.022326735779643,0.0276075899600982,-0.0006605235976167,-0.0081074368208646,0.0127852614969015,-0.004327277187258,0.0053807729855179,0.0174647737294435,-0.0034259827807545,0.0071191387251019,0.0255881920456886,0.0098963407799601,0.0002291907730977,0.0075439508073031,0.0209031477570533,0.0033963909372687,0.0,0.0190783571451902,-0.010419812053442,-0.0512568950653076,0.0056663486175239,-0.0170273669064045,0.0120188435539603,0.0059899454936385,0.0197052769362926,-0.0304956622421741,0.0167779568582773,0.0111212879419326,0.0386600084602832,0.0227365717291832,-0.011208732612431,0.0179775115102529,-0.0205636117607355,0.0070167696103453,0.0175906680524349,0.0089250113815069,0.0042698802426457,-0.0226584803313016,0.0038661882281303,0.0218340624123811,-0.0144135011360049,0.0072261691093444,0.0183044970035553,0.0004628369642887,0.0150698013603687,0.0326162055134773,-0.0092466603964567,0.0109020816162228,0.031140636652708,-0.0032501288224011,-0.0243236199021339,-0.0019268546020612,0.0040274313651025,-0.0086129233241081,0.0068155745975673,-0.034526664763689,0.0071249227039515,-0.0064386148005723,0.0193976517766714,0.0149906165897846,0.0449833460152149,0.0277692358940839,0.0717191100120544,-0.0023950850591063,-0.024293478578329,0.0185310319066047,-0.0145922629162669,0.0142899416387081,0.0200408361852169,0.008569411933422,0.0004866950912401,-0.0060484702698886,0.0297684799879789,-0.0233989842236042,0.0760353282094001,-0.0025220410898327,0.0094719948247075,0.0055774520151317,-0.0486794859170913,-0.0008874065824784,-0.0375797115266323,-0.02820142544806,-0.0188753083348274,0.003656112588942,0.01670478656888,0.0050086393021047,-0.0445563606917858,0.0067206425592303,-0.0231997016817331,-0.0484548918902874,-0.0149908531457185,0.0324767082929611,0.0292595792561769,0.0306917428970336,-0.0194649491459131,0.029703663662076,0.0259322151541709,-0.0181281138211488,-0.0489648506045341,-0.0158253610134124,0.0285132564604282,0.0293307695537805,-0.0186245385557413,-0.0155493533238768,-0.0148572772741317,-0.0542903281748294,0.0993801653385162,-0.0732540413737297,0.0251159761101007,-0.0090521853417158,0.0182392857968807,-0.0586547030020723,0.0225258725477284,-0.0777892780129279,0.0289090323642431,-0.0923609267567269,0.0400390776228432,-0.0696203013288452,0.0311312477416449,-0.0036797189752113,0.2110741541418117,-0.1220194317932051,0.396509972520122,2019-03-01,2019-03-04,2019-03-05,2019-03-06,2019-03-07,2019-03-08,2019-03-11,2019-03-12,2019-03-13,2019-03-14,13379.0,2019-02-28,252.0,-1.8563%,0.0008,1.2743,0.8322,-1.6559,2.0221%,2.9292%,52.3451%,-0.019068,SPLK,13379.0,2019-03-01,252.0,-0.9052%,0.0006,1.2719,0.8287,-1.6465,2.0295%,2.9296%,52.0112%,-0.027354,SPLK,13379.0,2019-03-04,252.0,-5.0056%,0.0004,1.2811,0.8292,-1.6559,2.0398%,2.9478%,52.1143%,-0.033796,SPLK,13379.0,2019-03-05,252.0,-2.0327%,0.0001,1.2695,0.7264,-1.6568,2.0006%,2.8942%,52.2186%,-0.019643,SPLK,13379.0,2019-03-06,252.0,-2.0749%,0.0002,1.2784,0.7199,-1.6476,1.9979%,2.8968%,52.4301%,-0.000359,SPLK,13379.0,2019-03-07,252.0,0.5053%,0.0001,1.2695,0.6961,-1.6662,1.9960%,2.8930%,52.3970%,0.010513,SPLK,13379.0,2019-03-08,252.0,-0.7298%,0.0001,1.2708,0.6923,-1.6639,1.9965%,2.8917%,52.3312%,-0.007775,SPLK,13379.0,2019-03-11,252.0,2.7608%,0.0001,1.2694,0.6912,-1.6638,1.9966%,2.8963%,52.4775%,-0.002562,SPLK,13379.0,2019-03-12,252.0,-0.8107%,0.0001,1.2756,0.6948,-1.6553,1.9971%,2.8966%,52.4654%,-0.010767,SPLK,13379.0,2019-03-13,252.0,-0.4327%,0.0,1.2725,0.6968,-1.6581,1.9979%,2.8966%,52.4255%,-0.009544,SPLK,13379.0,2019-03-14,252.0,1.7465%,0.0002,1.2723,0.684,-1.6516,2.0045%,2.8970%,52.1217%,0.026478,SPLK,-0.046422,-0.080218,-0.099861,-0.089707,-0.093877
16259,SPARTANNASH CO,SpartanNash Raises Quarterly Dividend From $0.18 To $0.19/Share,6,increase,0.75,0.6,"raising the quarterly dividend typically signals financial strength and can attract investors, likely leading to an increase in stock price.",2,2019-02-28,SPTN,2019-02-28 22:19:00+00:00,88568.0,84721510,0.0042328000999987,173150.0,-0.0284509491175413,-0.0181818380951881,-0.0010846235090866,0.0057471585460007,-0.010314904153347,-0.0098293088376522,-0.0433351099491119,0.1090074330568314,0.0040137437172234,-0.2073669582605362,-0.0039976979605853,-0.0116854039952158,0.0263760928064584,0.0220486689358949,-0.0703910738229751,0.0013799763983115,0.0042067123576998,0.0121042942628264,-0.0209454838186502,0.0042075808160007,-0.0049474285915493,0.0075364978983998,0.0174021553248167,0.0075937281362712,-0.0036653249990195,-0.0112623078748583,0.0177805591374635,0.007088828831911,-0.0096385451033711,-0.0171853620558977,-0.058394219726324,0.0155660333111882,0.0116279274225235,0.0162991434335708,0.0268199276179075,0.0053012343123555,-0.0099502392113208,-0.0179838705807924,0.0100502418354153,-0.0033019622787833,-0.0130597036331892,0.0076045552268624,0.025204824283719,0.0223518460988998,-0.0227412916719913,-0.0129496622830629,0.0257861539721489,-0.0183615535497665,0.0177805591374635,0.0119104338809847,0.0024095787666738,-0.0033238222822546,-0.0108173266053199,-0.0098731070756912,-0.0036451681517064,-0.0234159883111715,0.0256097614765167,0.0411090143024921,-0.0041616940870881,0.0043206987902522,-0.0023881143424659,0.0096946572884917,0.011370469816029,0.0167569350451231,-0.0023668052162975,0.0480372048914432,0.0136417280882597,0.0010341497836634,-0.0040959445759654,-0.0015488221542909,-0.0511163808405399,0.034169852733612,0.0191950146108865,0.0498878583312034,0.0236938837915659,0.0176839400082826,-0.0047477697953581,0.0203725472092628,-0.0125224199146032,0.0171699784696102,-0.0018115205457434,0.0131973195821046,-0.0217786207795143,-0.0130254188552498,-0.0278293024748563,0.034926451742649,-0.0159033071249723,-0.0180506091564893,0.0174531023949384,-0.0508280619978904,0.0228717029094696,-0.0173961538821458,-0.0118012754246592,0.0188679210841655,-0.0144562879577279,0.009815246798098,0.0127550894394516,-0.0258718207478523,0.0176322255283594,-0.0115574784576892,-0.0495049618184566,-0.0010995303746312,0.0169270988553762,0.0271034147590398,-0.0153649020940065,0.030250059440732,-0.0110533209517598,-0.0348118431866169,-0.019723879173398,-0.0111049842089414,-0.0140845095738768,0.0,-0.0557822920382022,-0.046585451811552,-0.0144092077389359,0.0074666342698037,-0.0475146621465683,0.0091496277600526,-0.0092095080763101,0.0075921574607491,-0.0284509491175413,-0.0181818380951881,-0.0295047140583593,-0.0125391734553781,-0.0395152799141224,-0.0222452308845685,-0.0774499142473189,-0.1405184223538517,-0.1380400177430756,-0.1164095267619566,-0.1071224734543578,-0.0926548404360433,-0.3118179850181354,0.0353220025409464,2019-03-01,2019-03-04,2019-03-05,2019-03-06,2019-03-07,2019-03-08,2019-03-11,2019-03-12,2019-03-13,2019-03-14,88568.0,2019-02-28,252.0,0.4233%,0.0011,0.7513,1.7301,0.7284,3.3706%,3.5435%,9.5240%,0.007869,SPTN,88568.0,2019-03-01,252.0,-2.8451%,0.001,0.7312,1.7001,0.7145,3.3762%,3.5404%,9.0577%,-0.036054,SPTN,88568.0,2019-03-04,252.0,-0.1085%,0.001,0.7315,1.694,0.7155,3.3764%,3.5398%,9.0204%,0.006642,SPTN,88568.0,2019-03-05,252.0,-1.0315%,0.0008,0.7182,1.5889,0.7073,3.3541%,3.5023%,8.2811%,-0.002193,SPTN,88568.0,2019-03-06,252.0,-4.3335%,0.0007,0.7322,1.6212,0.7275,3.3552%,3.5129%,8.7727%,-0.017655,SPTN,88568.0,2019-03-07,252.0,0.4014%,0.0006,0.7141,1.5569,0.6852,3.3411%,3.4890%,8.2980%,0.013464,SPTN,88568.0,2019-03-08,252.0,-0.3998%,0.0007,0.7129,1.583,0.6819,3.3378%,3.4880%,8.4277%,-0.00213,SPTN,88568.0,2019-03-11,252.0,2.6376%,0.0009,0.7213,1.542,0.6541,3.3235%,3.4729%,8.4193%,0.013511,SPTN,88568.0,2019-03-12,252.0,-7.0391%,0.0006,0.7022,1.5768,0.6467,3.3497%,3.4978%,8.2887%,-0.067443,SPTN,88568.0,2019-03-13,252.0,0.4207%,0.0005,0.7035,1.5695,0.6464,3.3494%,3.4968%,8.2483%,0.00387,SPTN,88568.0,2019-03-14,252.0,-2.0945%,0.0004,0.7057,1.5763,0.6429,3.3503%,3.4990%,8.3155%,-0.015836,SPTN,-0.028185,-0.021543,-0.023736,-0.0279269999999999,-0.095955
16267,SOCIEDAD QUIMICA & MINERA CHL SA,Sociedad Quimica shares are trading lower after the company reported worse than expected Q4 EPS and revenue results.,6,decrease,0.85,0.7,"the report of worse than expected q4 eps and revenue results typically leads to a negative reaction in stock prices, indicating a decrease in investor confidence.",0,2019-02-28,SQM,2019-02-28 16:04:00+00:00,79663.0,83363510,-0.0839999765157699,3308875.0,-0.0458515137434005,0.0190217420458793,-0.0086448034271597,-0.0114170210435986,0.0094895847141742,0.0067613082937896,-0.0210874453186988,0.0188289247453212,-0.0230988692492246,0.0381406061351299,0.0015940853627398,0.0164768677204847,0.0259946826845407,-0.001693267840892,0.0152533650398254,0.0075554810464382,0.0249554254114627,0.015091554261744,0.0007453112630173,0.0064740618690848,0.0131579590961337,-0.0135101759806275,-0.0127419857308268,-0.0202166102826595,-0.0151402484625577,-0.0248768217861652,-0.0176411475986242,0.0002347919362364,0.0092355208471417,-0.0030423840507864,-0.029994923621416,-0.0037304698489606,-0.001310252584517,0.0094139259308576,-0.010233518667519,-0.0039849546737968,-0.0076882531866431,0.0120996041223406,0.0146940751001238,0.0011877210345119,0.0121116135269403,0.0047731967642903,0.0078044501133263,-0.0117924520745873,-0.0167785622179508,0.0035503320395946,-0.002100336831063,-0.0023612391669303,0.0157853811979293,-0.000236122199567,0.0064750062301754,-0.0032941033132374,-0.0051466999575495,-0.0152919339016079,-0.0038800188340246,0.0174446422606706,0.0015580726321786,0.0085591245442628,-0.0173709671944379,-0.0152188651263713,-0.0034301071427762,0.0176315903663635,-0.0132380193099379,-0.0052144443616271,0.0042929928749799,0.022787844762206,0.0307240579277277,0.0085574192926287,-0.0129600819200277,0.0359676294028759,-0.0262605026364326,0.0112704560160636,-0.0159115456044673,0.04833510145545,-0.0172650329768657,-0.0332294590771198,-0.009202504530549,0.005744157359004,0.0264565851539373,0.0036687471438199,-0.012887337245047,-0.0195271931588649,-0.0100000165402889,-0.0030738408677279,-0.0140291806310415,0.056849006563425,0.0376419983804225,-0.0365154296159744,0.0066574667580425,-0.0033792841713875,0.0041333069093525,-0.0607909634709358,-0.0299121905118227,0.0017119025578722,-0.0240452196449041,-0.0094476602971553,0.0017391702858731,-0.0328022837638855,0.0124421380460262,-0.015228422358632,-0.0191483832895755,-0.003907105885446,0.0017482917755842,0.0076423808932304,-0.0037812991067767,-0.0084959575906395,-0.0163504052907228,-0.0093266572803258,-0.0234490092843771,-0.0178730841726064,-0.0060790502466261,-0.0108287660405039,0.0143730090931057,-0.0187864806503057,-0.0144708948209881,0.0552272796630859,-0.0578158311545848,-0.0004543493269011,-0.0142856696620583,0.0208720210939645,-0.0458515137434005,0.0190217420458793,-0.0540999398474109,0.007387549373057,-0.0451237410954503,0.0141988071656935,-0.0868510873028419,0.0727055808572234,-0.0228045236131335,0.1205179316643438,-0.0805434182457865,0.0536174418520787,-0.2550316785208686,0.0506967727493608,2019-03-01,2019-03-04,2019-03-05,2019-03-06,2019-03-07,2019-03-08,2019-03-11,2019-03-12,2019-03-13,2019-03-14,79663.0,2019-02-28,252.0,-8.4000%,-0.0008,0.9651,0.1393,-0.0101,1.8600%,2.1222%,23.1832%,-0.081265,SQM,79663.0,2019-03-01,252.0,-4.5852%,-0.0008,0.9303,0.0876,-0.0395,1.8731%,2.1179%,21.7855%,-0.053334,SQM,79663.0,2019-03-04,252.0,-0.8645%,-0.0007,0.9059,0.1711,-0.0337,1.8428%,2.0808%,21.5712%,-0.0033929999999999,SQM,79663.0,2019-03-05,252.0,0.9490%,-0.0007,0.9002,0.1351,-0.0422,1.8415%,2.0761%,21.3235%,0.011389,SQM,79663.0,2019-03-06,252.0,-2.1087%,-0.0006,0.9216,0.1438,-0.0168,1.8321%,2.0753%,22.0657%,-0.011896,SQM,79663.0,2019-03-07,252.0,-2.3099%,-0.0008,0.9208,0.1099,-0.0275,1.8235%,2.0679%,22.2366%,-0.015586,SQM,79663.0,2019-03-08,252.0,0.1594%,-0.0009,0.9221,0.0787,-0.0238,1.8149%,2.0595%,22.3386%,0.003428,SQM,79663.0,2019-03-11,252.0,2.5995%,-0.0008,0.9284,0.0907,-0.0201,1.8161%,2.0654%,22.6808%,0.011758,SQM,79663.0,2019-03-12,252.0,1.5253%,-0.0008,0.9177,0.0867,-0.0341,1.8161%,2.0595%,22.2420%,0.01308,SQM,79663.0,2019-03-13,252.0,2.4955%,-0.0007,0.9239,0.084,-0.0279,1.8197%,2.0652%,22.3627%,0.01893,SQM,79663.0,2019-03-14,252.0,0.0745%,-0.0007,0.9236,0.0828,-0.0273,1.8197%,2.0646%,22.3152%,0.002007,SQM,-0.134599,-0.137992,-0.126603,-0.1540849999999999,-0.1048819999999999
16275,STERICYCLE INC,"Stericycle Sees FY19 Adj. EPS $3.32-$3.72 vs $4.20 Estimate, Sales $3.408B-$3.533B vs $3.49B Est.",6,decrease,0.8,0.7,"the company's adjusted eps and sales guidance are both below analyst estimates, which typically leads to a negative reaction in stock prices.",0,2019-02-28,SRCL,2019-02-28 21:04:00+00:00,83906.0,85891210,-0.0082313446328043,1547394.0,0.1581426411867142,0.0094318883493542,-0.0290528759360313,-0.0156941395252943,-0.0263315308839082,-0.0039629349485039,-0.0233559347689151,0.008213073015213,-0.0004194806679151,-0.0172338765114545,0.0060859830118715,0.0141592780128121,0.0012515931157395,-0.0079016815871,0.012291669845581,0.0117699895054101,0.0142004247754812,0.0015569326933473,-0.0016233364585787,-0.0127360960468649,0.0032520294189453,0.0215342994779348,-0.0022285375744104,-0.0088927904143929,-0.0038578400854021,0.0160379279404878,-0.0097839282825589,-0.0173140689730644,0.0323178172111511,0.0011110941413789,0.0067796637304127,0.0058113168925046,0.0243612490594387,0.0165872164070606,0.0210750214755535,-0.0015881013823673,0.0022722766734659,-0.0033913115039467,0.0086907064542174,0.014216898009181,0.0192919801920652,0.0078576412051916,0.0132304532453417,-0.0050586620345711,0.0243017803877592,0.0062471181154251,0.008321551606059,0.0102852378040552,0.0080772442743182,0.0176022332161665,0.0088834408670663,0.0064639803022146,-0.0079419733956456,0.0202736165374517,-0.0184475742280483,0.0096177412196993,0.0106382705271244,0.0099625829607248,-0.0001754091499606,0.008287338539958,0.0022810536902397,0.0070814052596688,0.0084033533930778,0.0022813726682215,-0.0157986097037792,0.0175393428653478,0.0075851175934076,0.0106882127001881,-0.0189075283706188,0.0068242033012211,0.0028551006689667,0.0146471168845892,0.0170818343758583,0.010223327204585,0.0103219058364629,0.0081366756930947,-0.0169696882367134,0.0049059772863984,0.0186718571931123,0.0024590205866843,0.0058792377822101,-0.0032680486328899,0.0037820392753928,0.0099010067060589,-0.0246617347002029,0.0332481376826763,0.0052677653729915,-0.0437500178813934,-0.0915284156799316,-0.0279979221522808,-0.0040376675315201,-0.0206932034343481,-0.0420849472284317,-0.0056584673002362,-0.0078597217798233,-0.0056265322491526,-0.0089376121759414,-0.0321782939136028,0.0284894313663244,-0.0119833182543516,-0.0249103233218193,-0.0215362887829542,0.0089924102649092,-0.0075991377234458,-0.0117479851469397,-0.0047270329669117,0.0,-0.0368768237531185,-0.0092232171446084,-0.0276671089231967,-0.0059991916641592,-0.0271317474544048,0.0178980361670255,-0.0227273106575012,-0.0186055991798639,-0.0114416321739554,-0.0264583434909582,-0.0029039492364972,-0.0021399203687906,0.0130279241129756,0.1581426411867141,0.0094318883493542,0.1244952667160887,-0.0064102765476817,0.0948855848717453,-0.0103478079872253,0.0688649522272688,-0.0194153443664438,0.1036338886171126,-0.0129556465497151,0.278375936545328,0.1288297633632917,0.0459847219092763,-0.0554738278590319,2019-03-01,2019-03-04,2019-03-05,2019-03-06,2019-03-07,2019-03-08,2019-03-11,2019-03-12,2019-03-13,2019-03-14,83906.0,2019-02-28,252.0,-0.8231%,-0.0013,0.7795,0.4005,0.2177,1.4593%,1.6658%,23.2561%,-0.005513,SRCL,83906.0,2019-03-01,252.0,15.8143%,-0.0008,0.8208,0.4621,0.2107,1.7474%,1.9448%,19.2662%,0.15215,SRCL,83906.0,2019-03-04,252.0,-2.9053%,-0.0009,0.8217,0.48,0.2057,1.7532%,1.9521%,19.3413%,-0.0238479999999999,SRCL,83906.0,2019-03-05,252.0,-2.6332%,-0.0009,0.8302,0.5314,0.2199,1.7535%,1.9576%,19.7654%,-0.023043,SRCL,83906.0,2019-03-06,252.0,-2.3356%,-0.001,0.8226,0.5595,0.2152,1.7493%,1.9547%,19.9099%,-0.009865,SRCL,83906.0,2019-03-07,252.0,-0.0419%,-0.001,0.8198,0.5622,0.2122,1.7499%,1.9546%,19.8498%,0.007338,SRCL,83906.0,2019-03-08,252.0,0.6086%,-0.0009,0.8191,0.5544,0.2115,1.7502%,1.9539%,19.7607%,0.007879,SRCL,83906.0,2019-03-11,252.0,0.1252%,-0.001,0.8133,0.5514,0.2128,1.7515%,1.9539%,19.6423%,-0.011939,SRCL,83906.0,2019-03-12,252.0,1.2292%,-0.001,0.8133,0.5457,0.2103,1.7534%,1.9535%,19.4435%,0.011883,SRCL,83906.0,2019-03-13,252.0,1.4200%,-0.0009,0.817,0.539,0.2127,1.7547%,1.9557%,19.4994%,0.010158,SRCL,83906.0,2019-03-14,252.0,-0.1623%,-0.0009,0.8176,0.5379,0.2133,1.7547%,1.9556%,19.4942%,0.000675,SRCL,0.146637,0.122789,0.099746,0.097219,0.115875
16283,STERICYCLE INC,"Stericycle Q4 EPS $1.03 Beats $0.95 Estimate, Sales $852.7M Beat $849.97M Estimate",6,increase,0.8,0.7,"the company reported better-than-expected earnings per share and sales, which typically signals positive performance and can lead to an increase in stock price.",2,2019-02-28,SRCL,2019-02-28 21:03:00+00:00,83906.0,85891210,-0.0082313446328043,1547394.0,0.1581426411867142,0.0094318883493542,-0.0290528759360313,-0.0156941395252943,-0.0263315308839082,-0.0039629349485039,-0.0233559347689151,0.008213073015213,-0.0004194806679151,-0.0172338765114545,0.0060859830118715,0.0141592780128121,0.0012515931157395,-0.0079016815871,0.012291669845581,0.0117699895054101,0.0142004247754812,0.0015569326933473,-0.0016233364585787,-0.0127360960468649,0.0032520294189453,0.0215342994779348,-0.0022285375744104,-0.0088927904143929,-0.0038578400854021,0.0160379279404878,-0.0097839282825589,-0.0173140689730644,0.0323178172111511,0.0011110941413789,0.0067796637304127,0.0058113168925046,0.0243612490594387,0.0165872164070606,0.0210750214755535,-0.0015881013823673,0.0022722766734659,-0.0033913115039467,0.0086907064542174,0.014216898009181,0.0192919801920652,0.0078576412051916,0.0132304532453417,-0.0050586620345711,0.0243017803877592,0.0062471181154251,0.008321551606059,0.0102852378040552,0.0080772442743182,0.0176022332161665,0.0088834408670663,0.0064639803022146,-0.0079419733956456,0.0202736165374517,-0.0184475742280483,0.0096177412196993,0.0106382705271244,0.0099625829607248,-0.0001754091499606,0.008287338539958,0.0022810536902397,0.0070814052596688,0.0084033533930778,0.0022813726682215,-0.0157986097037792,0.0175393428653478,0.0075851175934076,0.0106882127001881,-0.0189075283706188,0.0068242033012211,0.0028551006689667,0.0146471168845892,0.0170818343758583,0.010223327204585,0.0103219058364629,0.0081366756930947,-0.0169696882367134,0.0049059772863984,0.0186718571931123,0.0024590205866843,0.0058792377822101,-0.0032680486328899,0.0037820392753928,0.0099010067060589,-0.0246617347002029,0.0332481376826763,0.0052677653729915,-0.0437500178813934,-0.0915284156799316,-0.0279979221522808,-0.0040376675315201,-0.0206932034343481,-0.0420849472284317,-0.0056584673002362,-0.0078597217798233,-0.0056265322491526,-0.0089376121759414,-0.0321782939136028,0.0284894313663244,-0.0119833182543516,-0.0249103233218193,-0.0215362887829542,0.0089924102649092,-0.0075991377234458,-0.0117479851469397,-0.0047270329669117,0.0,-0.0368768237531185,-0.0092232171446084,-0.0276671089231967,-0.0059991916641592,-0.0271317474544048,0.0178980361670255,-0.0227273106575012,-0.0186055991798639,-0.0114416321739554,-0.0264583434909582,-0.0029039492364972,-0.0021399203687906,0.0130279241129756,0.1581426411867141,0.0094318883493542,0.1244952667160887,-0.0064102765476817,0.0948855848717453,-0.0103478079872253,0.0688649522272688,-0.0194153443664438,0.1036338886171126,-0.0129556465497151,0.278375936545328,0.1288297633632917,0.0459847219092763,-0.0554738278590319,2019-03-01,2019-03-04,2019-03-05,2019-03-06,2019-03-07,2019-03-08,2019-03-11,2019-03-12,2019-03-13,2019-03-14,83906.0,2019-02-28,252.0,-0.8231%,-0.0013,0.7795,0.4005,0.2177,1.4593%,1.6658%,23.2561%,-0.005513,SRCL,83906.0,2019-03-01,252.0,15.8143%,-0.0008,0.8208,0.4621,0.2107,1.7474%,1.9448%,19.2662%,0.15215,SRCL,83906.0,2019-03-04,252.0,-2.9053%,-0.0009,0.8217,0.48,0.2057,1.7532%,1.9521%,19.3413%,-0.0238479999999999,SRCL,83906.0,2019-03-05,252.0,-2.6332%,-0.0009,0.8302,0.5314,0.2199,1.7535%,1.9576%,19.7654%,-0.023043,SRCL,83906.0,2019-03-06,252.0,-2.3356%,-0.001,0.8226,0.5595,0.2152,1.7493%,1.9547%,19.9099%,-0.009865,SRCL,83906.0,2019-03-07,252.0,-0.0419%,-0.001,0.8198,0.5622,0.2122,1.7499%,1.9546%,19.8498%,0.007338,SRCL,83906.0,2019-03-08,252.0,0.6086%,-0.0009,0.8191,0.5544,0.2115,1.7502%,1.9539%,19.7607%,0.007879,SRCL,83906.0,2019-03-11,252.0,0.1252%,-0.001,0.8133,0.5514,0.2128,1.7515%,1.9539%,19.6423%,-0.011939,SRCL,83906.0,2019-03-12,252.0,1.2292%,-0.001,0.8133,0.5457,0.2103,1.7534%,1.9535%,19.4435%,0.011883,SRCL,83906.0,2019-03-13,252.0,1.4200%,-0.0009,0.817,0.539,0.2127,1.7547%,1.9557%,19.4994%,0.010158,SRCL,83906.0,2019-03-14,252.0,-0.1623%,-0.0009,0.8176,0.5379,0.2133,1.7547%,1.9556%,19.4942%,0.000675,SRCL,0.146637,0.122789,0.099746,0.097219,0.115875
16291,STARWOOD PROPERTY TRUST INC,"Starwood Property Q4 EPS $0.54, Inline, Sales $385.8M Beat $306.8M Estimate",6,increase,0.7,0.6,"the earnings per share (eps) was inline with expectations, but the significant beat in sales suggests strong performance, which could positively influence investor sentiment.",2,2019-02-28,STWD,2019-02-28 12:20:00+00:00,92999.0,85571B10,0.017233608290553,2327882.0,-0.0071332966908812,-0.0013587267603725,0.0098787294700741,0.0,-0.000444652250735,-0.0036101047880947,-0.0071174311451613,0.0045331087894737,-0.0026881480589509,0.0027272484730929,-0.0022462329361587,0.0031919605098664,0.0085547296330332,0.0050412747077643,0.0035714253317564,-0.0009157718741334,0.0017794001614674,-0.0090744439512491,0.0026642745360732,-0.0067597841843962,0.0,0.0018059104913845,0.0057572703808546,0.0009037712588906,-0.0039629349485039,-0.0027039824053645,-0.000884193519596,0.0018059104913845,0.0053096869960427,-0.0009021406294777,-0.0052816434763371,0.0004512738669291,0.0,0.010027315467596,0.0048671993426978,-0.0063405521214008,-0.0017612950177863,0.0147058684378862,0.0092633226886391,0.0092764738947153,-0.0022321087308228,0.002790672937408,0.0080537050962448,0.0084427911788225,-0.0008877255604602,0.0047125536948442,-0.0008885143324732,0.0061640189960598,0.0013339567231014,0.0071633053012192,0.0,-0.0094606839120388,0.0053285490721464,-0.00094520120183,-0.0044168937020003,0.0066602942533791,0.001774578820914,0.0028626611456274,0.0035429550334811,0.0023911639582365,0.0026478141080588,0.0062559749931097,-0.004841492511332,0.0131643321365118,-0.001769169117324,0.0009761082474142,-0.0017722201300784,0.0039196433499455,0.0017753664869815,0.0108964489772915,0.0044306772761046,0.0100050410255789,0.0035288895014673,0.0152361216023564,0.0065933899022638,-0.0015212363796308,0.0,0.0005073682987131,0.0065502016805112,-0.0125250509008765,-0.0047721783630549,0.0024521669838577,0.0047950609587132,0.0044335052371025,-0.0013014655560255,0.0485536456108093,0.0013031614944338,-0.0246851257979869,0.0,-0.0065064644441008,0.0,-0.0566572584211826,-0.0030368631705641,-0.0139664448797702,-0.0248041655868291,0.0184921473264694,-0.0013387186918407,-0.0334555245935916,0.0071493191644549,-0.0081818317994475,-0.0106478109955787,-0.0022675392683595,0.0147982034832239,-0.0085431896150112,-0.0044188457541167,-0.0022432096302509,0.0088770017027854,-0.0026845398824661,-0.0030796171631664,-0.0031221986282616,-0.0039717629551887,0.0044803037308156,0.0039876010268926,-0.0097604794427752,-0.0004413163696881,0.0075994664803147,-0.0013244494330137,-0.0106147620826959,0.007073379587382,0.0044424869120121,-0.0071332966908812,-0.0013587267603725,0.0026749648709538,-0.0013587267603725,0.0022291231910682,-0.0049639264024839,-0.0075791384991674,0.0022726925264047,0.006687454988302,-0.0063092059002488,0.0319024054104808,0.054519341761313,0.0373670635274261,0.0031212609350805,2019-03-01,2019-03-04,2019-03-05,2019-03-06,2019-03-07,2019-03-08,2019-03-11,2019-03-12,2019-03-13,2019-03-14,92999.0,2019-02-28,252.0,1.7234%,0.0007,0.3477,0.0306,-0.0371,0.7865%,0.8718%,18.6112%,0.018162,STWD,92999.0,2019-03-01,252.0,-0.7133%,0.0006,0.3553,0.0418,-0.0204,0.7827%,0.8698%,19.0381%,-0.0099639999999999,STWD,92999.0,2019-03-04,252.0,0.9879%,0.0007,0.3517,0.0437,-0.0172,0.7853%,0.8700%,18.5253%,0.011883,STWD,92999.0,2019-03-05,252.0,-0.0445%,0.0006,0.3489,0.0217,-0.019,0.7811%,0.8644%,18.3414%,0.000157,STWD,92999.0,2019-03-06,252.0,-0.7117%,0.0006,0.3488,0.0328,-0.0175,0.7813%,0.8646%,18.3515%,-0.003996,STWD,92999.0,2019-03-07,252.0,-0.2688%,0.0006,0.3471,0.0232,-0.0225,0.7796%,0.8628%,18.3588%,4.7999999999999994e-05,STWD,92999.0,2019-03-08,252.0,-0.2246%,0.0006,0.3473,0.0249,-0.0223,0.7797%,0.8630%,18.3781%,-0.001622,STWD,92999.0,2019-03-11,252.0,0.8555%,0.0006,0.3485,0.0283,-0.021,0.7797%,0.8641%,18.5880%,0.003084,STWD,92999.0,2019-03-12,252.0,0.3571%,0.0006,0.3501,0.027,-0.0197,0.7797%,0.8639%,18.5401%,0.002673,STWD,92999.0,2019-03-13,252.0,0.1779%,0.0005,0.35,0.0194,-0.0216,0.7769%,0.8615%,18.6693%,-0.000589,STWD,92999.0,2019-03-14,252.0,0.2664%,0.0005,0.3518,0.0173,-0.0205,0.7761%,0.8612%,18.7891%,0.003069,STWD,0.008198,0.020081,0.020238,0.01629,0.022905
16299,SOUTHWESTERN ENERGY CO,"Southwestern Energy Q4 EPS $0.31 Beats $0.30 Estimate, Sales $1.175B Beat $974.47M Estimate",6,increase,0.8,0.6,"the company reported better-than-expected earnings and sales, which typically boosts investor confidence and can lead to an increase in stock price.",2,2019-02-28,SWN,2019-02-28 22:43:00+00:00,63765.0,84546710,-0.013986000791192,17853075.0,0.075650155544281,-0.0115207806229591,0.0373625494539737,-0.015872947871685,-0.0084745688363909,0.0400943607091903,-0.0106836995109915,-0.0093458965420722,-0.0453563779592514,-0.0115472786128521,-0.0339366719126701,0.0383692681789398,-0.0093676727265119,-0.0047732652164995,0.0401891432702541,0.0448877364397049,0.0159090217202901,-0.0098765334114432,-0.0022370810620486,0.0099750524386763,-0.0313901044428348,0.0177665408700704,0.048611119389534,0.0368421338498592,-0.037527609616518,0.0215053558349609,0.0504586659371852,-0.0653266310691833,0.0283843055367469,-0.0613206997513771,-0.0594480261206626,-0.0252873878926038,0.0090293372049927,-0.0068493629805743,0.0246085319668054,0.0022883820347487,-0.0087336162105202,-0.0500000044703483,0.0352422557771205,0.0290828011929988,-0.0021276068873703,0.0182232186198234,-0.0042643882334232,-0.0309051517397165,-0.0149893295019865,0.0413793809711933,-0.0239130724221468,0.0332541242241859,0.0356348194181919,-0.0140515090897679,0.0129032135009765,-0.0697168111801147,0.0127388415858149,0.0314607508480548,0.0104822199791669,0.013667413033545,-0.0186722297221422,-0.004535143263638,-0.0549683347344398,0.0068492540158331,0.0268457196652889,0.0068966001272201,-0.0065359934233129,0.0116278398782014,0.0043859607540071,-0.0160182379186153,-0.0262008495628833,0.0632602795958519,-0.069506712257862,0.0098280003294348,0.0024095787666738,0.0435897633433342,-0.0024037866387516,0.0714285671710968,0.0024095787666738,-0.0215053558349609,-0.0240384396165609,0.0909090712666511,0.0197044145315885,-0.0339943021535873,-0.0048309136182069,-0.0407608933746814,-0.0412620976567268,0.0054644756019115,-0.0202532056719064,0.1261538714170456,-0.018087837845087,-0.052478153258562,0.034210555255413,-0.0086705116555094,0.0050890534184873,-0.0362116657197475,0.0151899186894297,-0.0191257297992706,0.0274313334375619,0.0110497791320085,0.0097087286412715,-0.0473684407770633,0.0168269649147987,-0.0843373835086822,-0.0685579106211662,0.0171569045633077,0.04060909897089,-0.037735816091299,0.0,0.0047393320128321,-0.007317007984966,-0.0387243926525116,-0.0442260578274726,-0.0067873778752982,-0.0231362860649824,-0.0199556872248649,0.0394737087190151,-0.0280171632766723,-0.0455696359276771,-0.0373444594442844,-0.0238726567476987,-0.0203251838684082,0.0298912748694419,-0.0060605523176491,0.075650155544281,-0.0115207806229591,0.1158391876759787,-0.0272108597443747,0.106382931669676,0.0117924989390174,0.0449172707736547,-0.0092378666478871,0.0543735277751604,0.0698253680015075,0.0567375401999328,-0.0205479800866746,-0.1040189238375788,-0.1333333115668206,2019-03-01,2019-03-04,2019-03-05,2019-03-06,2019-03-07,2019-03-08,2019-03-11,2019-03-12,2019-03-13,2019-03-14,63765.0,2019-02-28,252.0,-1.3986%,0.0015,1.9455,1.9153,2.063,2.7194%,3.3961%,35.8781%,-0.003333,SWN,63765.0,2019-03-01,252.0,7.5650%,0.0017,1.96,1.937,2.0564,2.7479%,3.4217%,35.5038%,0.06425,SWN,63765.0,2019-03-04,252.0,3.7363%,0.0018,1.9742,1.849,2.062,2.7498%,3.4208%,35.3841%,0.047193,SWN,63765.0,2019-03-05,252.0,-0.8475%,0.0011,1.9332,1.5327,2.0314,2.5044%,3.1704%,37.6021%,0.005472,SWN,63765.0,2019-03-06,252.0,-1.0684%,0.0013,1.937,1.4743,2.0278,2.5034%,3.1711%,37.6759%,0.023964,SWN,63765.0,2019-03-07,252.0,-4.5356%,0.0013,1.9555,1.5197,2.0653,2.4993%,3.1834%,38.3599%,-0.021839,SWN,63765.0,2019-03-08,252.0,-3.3937%,0.0014,1.9553,1.5855,2.0615,2.4770%,3.1719%,39.0161%,-0.0269729999999999,SWN,63765.0,2019-03-11,252.0,-0.9368%,0.0012,1.9361,1.6005,2.08,2.4779%,3.1683%,38.8301%,-0.033579,SWN,63765.0,2019-03-12,252.0,4.0189%,0.0014,1.9543,1.5785,2.0918,2.4883%,3.1761%,38.6178%,0.0414039999999999,SWN,63765.0,2019-03-13,252.0,1.5909%,0.0013,1.9569,1.5508,2.0879,2.4794%,3.1682%,38.7565%,0.005907,SWN,63765.0,2019-03-14,252.0,-0.2237%,0.0013,1.9595,1.5502,2.0882,2.4786%,3.1682%,38.7964%,-0.000276,SWN,0.060917,0.10811,0.113582,0.115707,0.10219
16307,BLACKROCK T C P CAPITAL CORP,"TCP Capital Earlier Reported Q4 EPS $0.40, Inline, Sales $48.383M Beat $47.68M Estimate",6,increase,0.7,0.5,"the company reported earnings per share that met expectations and sales that exceeded estimates, which typically signals positive performance and can lead to an increase in stock price.",2,2019-02-28,TCPC,2019-02-28 14:38:00+00:00,13380.0,09259E10,-0.0089163314551115,496208.0,-0.0124567029997706,-0.0074880640022456,0.0049053742550313,-0.006761351134628,-0.0076708933338522,-0.0053799543529748,0.0049192304722964,0.0088195465505123,-0.000699316675309,0.0027210859116166,0.0097970850765705,0.0116999363526701,-0.0013860330218449,-0.0047945650294423,-0.0083275428041815,0.0075914845801889,0.0055983150377869,-0.0006896709674037,0.0104384114965796,0.0069444710388779,0.0070621739141643,-0.0034602207597345,0.0028050462715327,0.0013859670143574,-0.0062937168404459,-0.0013840487226843,0.0,-0.0109513932839036,0.0028149164281785,-0.0054458766244351,-0.0091228149831295,0.0166089814156293,0.0049574854783713,0.0126138292253017,-0.0035235544200986,-0.0062673538923263,0.0042432434856891,0.0112675949931144,0.0007042415090836,0.0035335824359208,-0.0021111704409122,0.0,0.004936508834362,-0.0059712007641792,0.0056140297092497,0.0003513784031383,0.0013957053888589,0.0035260391887277,0.0034842672757804,-0.0028129369020462,-0.0006943941116333,0.0021142133045941,0.0034745819866657,-0.0014074917417019,-0.0124653298407793,-0.0007032509893178,0.0028050462715327,0.00851062964648,0.0,0.0114778196439147,0.0,-0.0014326975215226,-0.0013986333506181,0.0093998638913035,0.0084033533930778,0.0,-0.0013888544635847,0.002900649793446,-0.0006954261916689,0.0014523967402055,0.0,0.0139912031590938,0.006958968937397,0.0272314418107271,-0.002073302399367,0.0007570196175947,-0.0020775438752025,0.0130368154495954,0.0083275428041815,-0.0091185327619314,0.0020647409837692,-0.0127531941980123,-0.0041209077462553,0.0022556190378963,-0.0020689470693469,0.0382513478398323,0.0055286744609475,0.0023474716581404,0.0048109753988683,0.0007830285467207,0.0061559611931443,-0.0354984365403652,-0.0027192360721528,0.0007558751967735,-0.0027266503311693,0.0060836444608867,0.0013670200714841,-0.0505415685474872,-0.0027303728275001,-0.0090655339881777,-0.0130047630518674,-0.0027816384099423,0.0013869281392544,0.0,-0.0027700804639607,0.0133897494524717,0.0090277856215834,-0.0042105559259653,0.0006882470333948,0.0077793248929083,0.0,-0.0139469876885414,0.0068776053376495,-0.0103519409894943,0.0,0.0083507224917411,-0.0020492272451519,-0.0069108763709664,-0.0061601097695529,0.0006915787816978,-0.0124567029997706,-0.0074880640022456,-0.0076124335349369,-0.0141987857068359,-0.0152249327031316,-0.0195023512408404,-0.0110726545343259,-0.0081632575345961,0.0048442931756642,0.012500021008275,0.0147792184821009,0.0459110719464028,0.030391224678943,0.0345072377865958,2019-03-01,2019-03-04,2019-03-05,2019-03-06,2019-03-07,2019-03-08,2019-03-11,2019-03-12,2019-03-13,2019-03-14,13380.0,2019-02-28,252.0,-0.8916%,0.0003,0.3674,0.17,0.1109,0.7381%,0.8276%,20.4574%,-0.007676,TCPC,13380.0,2019-03-01,252.0,-1.2457%,0.0003,0.3511,0.1458,0.093,0.7323%,0.8148%,19.2318%,-0.015241,TCPC,13380.0,2019-03-04,252.0,0.4905%,0.0003,0.3521,0.1366,0.0941,0.7331%,0.8153%,19.1554%,0.006862,TCPC,13380.0,2019-03-05,252.0,-0.7671%,0.0003,0.3535,0.143,0.0976,0.7343%,0.8167%,19.1769%,-0.006513,TCPC,13380.0,2019-03-06,252.0,0.4919%,0.0003,0.3457,0.1274,0.0867,0.7350%,0.8144%,18.5398%,0.009562,TCPC,13380.0,2019-03-07,252.0,-0.0699%,0.0003,0.3447,0.1266,0.0851,0.7352%,0.8143%,18.4906%,0.002421,TCPC,13380.0,2019-03-08,252.0,0.9797%,0.0004,0.3429,0.1341,0.0818,0.7367%,0.8156%,18.4001%,0.0105469999999999,TCPC,13380.0,2019-03-11,252.0,-0.1386%,0.0004,0.3394,0.1258,0.0788,0.7372%,0.8150%,18.1783%,-0.006642,TCPC,13380.0,2019-03-12,252.0,-0.8328%,0.0004,0.3444,0.1289,0.0858,0.7382%,0.8168%,18.3199%,-0.008851,TCPC,13380.0,2019-03-13,252.0,0.5598%,0.0004,0.3454,0.1286,0.0868,0.7385%,0.8175%,18.3961%,0.0035099999999999,TCPC,13380.0,2019-03-14,252.0,1.0438%,0.0004,0.3455,0.1234,0.0894,0.7414%,0.8195%,18.1614%,0.010961,TCPC,-0.022917,-0.016055,-0.0225679999999999,-0.0105849999999999,-0.0010599999999999
16315,TORONTO DOMINION BANK ONT,Toronto-Dominion Bank shares are trading higher after the company reported better than expected Q1 EPS and revenue results.,6,increase,0.85,0.7,"better than expected q1 eps and revenue results typically lead to positive investor sentiment, which is likely to drive the stock price higher.",2,2019-02-28,TD,2019-02-28 15:57:00+00:00,83835.0,89116050,-0.0231528859585523,3572520.0,-0.0153363728895783,0.0077200336381793,-0.0010619711829349,0.0039614113047719,-0.0028348662890493,0.0008619729778729,-0.0088841505348682,0.0039806081913411,-0.0068124285899102,-0.0019001660402864,0.0077617382630705,0.0110024642199277,0.0046569644473493,0.0061500347219407,0.0033873885404318,0.0131743224337697,0.0051528238691389,-0.005136395804584,-0.0049495985731482,0.0021299065556377,0.0053295297548174,0.0127628808841109,0.0091889109462499,-0.0115493554621934,-0.0015759088564664,0.0035662793088704,-0.0042090788483619,-0.00936228223145,-0.013208876363933,-0.0028183872345834,-0.0164197422564029,0.0028263530693948,0.0,0.0040794527158141,-0.0009072624961845,0.0012431129580363,-0.0118053304031491,0.0041012754663825,-0.0007351757958531,0.0077268695458769,-0.0007356465212069,0.0079696150496602,0.022087188437581,0.002724259160459,0.0021610434632748,0.0117604415863752,0.0037735684309154,0.0061009060591459,0.0025062547065317,-0.0018453308148309,-0.0003571510314941,-0.0058704768307507,0.0060736006125807,0.0141395032405853,-0.0074114799499511,0.0088213440030813,0.0007228210452012,0.0191277731209993,-0.0041531156748533,0.011218530125916,0.0126926004886627,-0.0030852265190333,0.0021486615296453,-0.0017324379878118,0.0094693368300795,0.0071733021177351,0.0024778652004897,0.0190711319446563,-0.00141239434015,0.0039285160601139,-0.0001768411602824,0.0029551128391176,-0.0074270232580602,0.0158094279468059,-0.0115802874788641,-0.0057699386961758,0.0034246328286826,0.0108607616275548,0.0071852263063192,0.0040387874469161,0.0103442454710602,-0.002216413617134,0.0056487144902348,0.0020190246868878,-0.0056169857271015,0.0252535156905651,-0.0022948114201426,-0.0092288134619593,0.0079617965966463,-0.0210801642388105,-0.0024574229028075,-0.0063833971507847,-0.0135491890832781,-0.0151277100667357,-0.0067784707061946,-0.0079906415194273,-0.003771535353735,-0.0132692046463489,-0.0016225014114752,-0.0042129685170948,-0.0117371166124939,0.0,0.0038370012771338,0.0069417781196534,0.0023662371095269,-0.0013479625340551,0.0036317552439868,-0.0106687247753143,-0.0003618682385422,-0.0056828800588846,0.0065158479847013,-0.0258349832147359,-0.0025175218470394,-0.0186527092009782,-0.0090138809755444,-0.0014466188149526,0.0189193580299615,0.0009049635846167,0.0112480111420154,-0.0041456297039985,-0.0153363728895783,0.0077200336381793,-0.0163820572864538,0.0117120271714787,-0.0191704826335565,0.0125840956002896,-0.0345067883679566,0.0146830592339692,-0.0189961682284632,0.0425985364269798,-0.0290928185025519,0.1361702266118623,-0.0028616379697011,0.0691202044163401,2019-03-01,2019-03-04,2019-03-05,2019-03-06,2019-03-07,2019-03-08,2019-03-11,2019-03-12,2019-03-13,2019-03-14,83835.0,2019-02-28,252.0,-2.3153%,0.0001,0.6073,0.1507,0.3197,0.6180%,0.8525%,47.4415%,-0.020658,TD,83835.0,2019-03-01,252.0,-1.5336%,0.0,0.5981,0.1369,0.3141,0.6272%,0.8514%,45.7424%,-0.0189569999999999,TD,83835.0,2019-03-04,252.0,-0.1062%,-0.0,0.6042,0.1154,0.3128,0.6214%,0.8501%,46.5717%,0.00128,TD,83835.0,2019-03-05,252.0,-0.2835%,0.0,0.6073,0.1388,0.3153,0.6159%,0.8485%,47.3121%,-0.000789,TD,83835.0,2019-03-06,252.0,-0.8884%,0.0,0.6106,0.1414,0.3194,0.6154%,0.8502%,47.6121%,-0.00225,TD,83835.0,2019-03-07,252.0,-0.6812%,-0.0,0.6091,0.1324,0.3148,0.6135%,0.8483%,47.6999%,-0.000743,TD,83835.0,2019-03-08,252.0,0.7762%,0.0,0.6079,0.1298,0.3132,0.6162%,0.8496%,47.3957%,0.009481,TD,83835.0,2019-03-11,252.0,0.4657%,0.0,0.6062,0.1281,0.3131,0.6166%,0.8501%,47.3976%,-0.00333,TD,83835.0,2019-03-12,252.0,0.3387%,0.0,0.6105,0.1261,0.3172,0.6160%,0.8495%,47.4202%,0.002391,TD,83835.0,2019-03-13,252.0,0.5153%,0.0001,0.6108,0.1284,0.318,0.6156%,0.8498%,47.5235%,0.001061,TD,83835.0,2019-03-14,252.0,-0.4950%,0.0001,0.6086,0.132,0.3162,0.6147%,0.8475%,47.4001%,-0.004856,TD,-0.039615,-0.0383349999999999,-0.0391239999999999,-0.0421169999999999,-0.03737
16323,TORONTO DOMINION BANK ONT,"Toronto-Dominion Bank Earlier Reported Q1 EPS $1.18 Beats $1.16 Estimate, Sales $7.499B Beat $6.86B Estimate",6,increase,0.8,0.7,"the reported earnings per share and sales both exceeded estimates, which typically signals strong performance and can lead to an increase in stock price.",2,2019-02-28,TD,2019-02-28 14:48:00+00:00,83835.0,89116050,-0.0231528859585523,3572520.0,-0.0153363728895783,0.0077200336381793,-0.0010619711829349,0.0039614113047719,-0.0028348662890493,0.0008619729778729,-0.0088841505348682,0.0039806081913411,-0.0068124285899102,-0.0019001660402864,0.0077617382630705,0.0110024642199277,0.0046569644473493,0.0061500347219407,0.0033873885404318,0.0131743224337697,0.0051528238691389,-0.005136395804584,-0.0049495985731482,0.0021299065556377,0.0053295297548174,0.0127628808841109,0.0091889109462499,-0.0115493554621934,-0.0015759088564664,0.0035662793088704,-0.0042090788483619,-0.00936228223145,-0.013208876363933,-0.0028183872345834,-0.0164197422564029,0.0028263530693948,0.0,0.0040794527158141,-0.0009072624961845,0.0012431129580363,-0.0118053304031491,0.0041012754663825,-0.0007351757958531,0.0077268695458769,-0.0007356465212069,0.0079696150496602,0.022087188437581,0.002724259160459,0.0021610434632748,0.0117604415863752,0.0037735684309154,0.0061009060591459,0.0025062547065317,-0.0018453308148309,-0.0003571510314941,-0.0058704768307507,0.0060736006125807,0.0141395032405853,-0.0074114799499511,0.0088213440030813,0.0007228210452012,0.0191277731209993,-0.0041531156748533,0.011218530125916,0.0126926004886627,-0.0030852265190333,0.0021486615296453,-0.0017324379878118,0.0094693368300795,0.0071733021177351,0.0024778652004897,0.0190711319446563,-0.00141239434015,0.0039285160601139,-0.0001768411602824,0.0029551128391176,-0.0074270232580602,0.0158094279468059,-0.0115802874788641,-0.0057699386961758,0.0034246328286826,0.0108607616275548,0.0071852263063192,0.0040387874469161,0.0103442454710602,-0.002216413617134,0.0056487144902348,0.0020190246868878,-0.0056169857271015,0.0252535156905651,-0.0022948114201426,-0.0092288134619593,0.0079617965966463,-0.0210801642388105,-0.0024574229028075,-0.0063833971507847,-0.0135491890832781,-0.0151277100667357,-0.0067784707061946,-0.0079906415194273,-0.003771535353735,-0.0132692046463489,-0.0016225014114752,-0.0042129685170948,-0.0117371166124939,0.0,0.0038370012771338,0.0069417781196534,0.0023662371095269,-0.0013479625340551,0.0036317552439868,-0.0106687247753143,-0.0003618682385422,-0.0056828800588846,0.0065158479847013,-0.0258349832147359,-0.0025175218470394,-0.0186527092009782,-0.0090138809755444,-0.0014466188149526,0.0189193580299615,0.0009049635846167,0.0112480111420154,-0.0041456297039985,-0.0153363728895783,0.0077200336381793,-0.0163820572864538,0.0117120271714787,-0.0191704826335565,0.0125840956002896,-0.0345067883679566,0.0146830592339692,-0.0189961682284632,0.0425985364269798,-0.0290928185025519,0.1361702266118623,-0.0028616379697011,0.0691202044163401,2019-03-01,2019-03-04,2019-03-05,2019-03-06,2019-03-07,2019-03-08,2019-03-11,2019-03-12,2019-03-13,2019-03-14,83835.0,2019-02-28,252.0,-2.3153%,0.0001,0.6073,0.1507,0.3197,0.6180%,0.8525%,47.4415%,-0.020658,TD,83835.0,2019-03-01,252.0,-1.5336%,0.0,0.5981,0.1369,0.3141,0.6272%,0.8514%,45.7424%,-0.0189569999999999,TD,83835.0,2019-03-04,252.0,-0.1062%,-0.0,0.6042,0.1154,0.3128,0.6214%,0.8501%,46.5717%,0.00128,TD,83835.0,2019-03-05,252.0,-0.2835%,0.0,0.6073,0.1388,0.3153,0.6159%,0.8485%,47.3121%,-0.000789,TD,83835.0,2019-03-06,252.0,-0.8884%,0.0,0.6106,0.1414,0.3194,0.6154%,0.8502%,47.6121%,-0.00225,TD,83835.0,2019-03-07,252.0,-0.6812%,-0.0,0.6091,0.1324,0.3148,0.6135%,0.8483%,47.6999%,-0.000743,TD,83835.0,2019-03-08,252.0,0.7762%,0.0,0.6079,0.1298,0.3132,0.6162%,0.8496%,47.3957%,0.009481,TD,83835.0,2019-03-11,252.0,0.4657%,0.0,0.6062,0.1281,0.3131,0.6166%,0.8501%,47.3976%,-0.00333,TD,83835.0,2019-03-12,252.0,0.3387%,0.0,0.6105,0.1261,0.3172,0.6160%,0.8495%,47.4202%,0.002391,TD,83835.0,2019-03-13,252.0,0.5153%,0.0001,0.6108,0.1284,0.318,0.6156%,0.8498%,47.5235%,0.001061,TD,83835.0,2019-03-14,252.0,-0.4950%,0.0001,0.6086,0.132,0.3162,0.6147%,0.8475%,47.4001%,-0.004856,TD,-0.039615,-0.0383349999999999,-0.0391239999999999,-0.0421169999999999,-0.03737
16331,TIDEWATER INC NEW,"Tidewater Q3 EPS $(0.42) Beats $(0.53) Estimate, Sales $110.234M Beat $98.4M Estimate",6,increase,0.75,0.6,"the company reported better-than-expected earnings and sales, which typically boosts investor confidence and can lead to an increase in stock price.",2,2019-02-28,TDW,2019-02-28 22:16:00+00:00,50606.0,88642R10,-0.0026086724828928,156874.0,0.0248474143445491,0.004366829060018,0.0029774433933198,-0.0107991360127925,0.0072095026262104,-0.0098374485969543,-0.0429473891854286,0.0103716412559151,-0.0202375315129756,-0.0094178598374128,-0.0444544106721878,-0.005110687110573,0.05263152718544,0.0186551120132207,0.0290178414434194,0.0401624292135238,0.0268980842083692,0.0146520007401704,0.0042247730307281,0.0186566989868879,-0.0021035398822277,0.0103676356375217,0.0265599116683006,0.0153109906241297,0.004928087349981,0.005774731747806,-0.002043287269771,-0.0545950345695018,-0.0360360033810138,-0.0018165719229727,-0.0603228546679019,-0.0067658824846148,0.0085894493386149,0.0058983284980058,0.0089646242558956,0.0241635888814926,0.0013327714987099,-0.0218181610107421,0.0279502719640731,0.0101009784266352,0.0008632048848085,-0.021563321352005,0.0211297869682312,-0.0325945243239402,-0.0114020463079214,0.0290697496384382,-0.0012815329246222,0.029940191656351,-0.0059879980981349,-0.0203068945556879,0.0331325493752956,-0.0085011422634124,0.0054143755696713,0.0323325991630554,-0.0248549506068229,-0.0114155253395438,0.0110449576750397,-0.0013680203119292,0.0004201777046546,0.0119981644675135,0.0310793686658144,0.0111992424353957,-0.0020366287790238,-0.0119871012866497,0.0093877362087368,-0.0136425299569964,-0.0230489168316125,0.010105618275702,-0.0302152130752801,-0.0091032711789011,0.0200597234070301,0.0087235365062952,0.0209205020219087,0.0501446910202503,-0.0389343798160553,0.0092457681894302,-0.0123667763546109,0.0742289647459983,-0.0073402449488639,-0.0159465726464986,0.0091344490647315,0.0109204882755875,-0.0301724448800087,-0.0128336763009429,-0.0177777614444494,0.0422685369849205,-0.0266968384385108,-0.02197802439332,0.0371919684112072,-0.053491823375225,-0.0085162986069917,-0.0435812436044216,-0.0036166328936815,0.0033269815612584,0.0580761656165123,-0.0357469655573368,-0.0098627591505646,-0.0054695000872015,-0.0021654064767062,-0.0040853451937437,-0.0134549206122756,-0.0239255204796791,0.0329960398375988,0.0273099858313798,0.0076661119237542,-0.0054323603399097,0.0224007051438093,-0.0362129099667072,-0.0020670171361416,-0.0047764051705598,0.0132559947669506,-0.0286798160523176,0.0147179318591952,-0.0595001988112926,-0.0048347674310207,0.0601344965398311,-0.0716599375009536,-0.0112265516072511,-0.0170082598924636,-0.026315851137042,0.0248474143445491,0.004366829060018,0.0278988395075503,-0.0064794649337382,0.0353094788904586,-0.0162531721274712,-0.0292066300862176,-0.0154109837580347,0.0361813381250184,0.0727611715681038,0.0379249713437725,0.0613751735008449,-0.0174367829914343,-0.0688259422255961,2019-03-01,2019-03-04,2019-03-05,2019-03-06,2019-03-07,2019-03-08,2019-03-11,2019-03-12,2019-03-13,2019-03-14,50606.0,2019-02-28,252.0,-0.2609%,0.0001,1.0954,0.9311,1.0458,2.2439%,2.5060%,19.8243%,0.003118,TDW,50606.0,2019-03-01,252.0,2.4847%,0.0001,1.1088,0.951,1.0581,2.2447%,2.5108%,20.0765%,0.0183529999999999,TDW,50606.0,2019-03-04,252.0,0.2977%,0.0001,1.1088,0.9436,1.0597,2.2452%,2.5108%,20.0400%,0.008331,TDW,50606.0,2019-03-05,252.0,0.7210%,0.0002,1.1089,0.954,1.0546,2.2459%,2.5112%,20.0108%,0.014473,TDW,50606.0,2019-03-06,252.0,-4.2947%,0.0002,1.1173,1.0007,1.0703,2.2502%,2.5246%,20.5558%,-0.022124,TDW,50606.0,2019-03-07,252.0,-2.0238%,0.0001,1.1206,1.0033,1.0755,2.2506%,2.5266%,20.6528%,-0.006934,TDW,50606.0,2019-03-08,252.0,-4.4454%,0.0001,1.1245,1.0302,1.0804,2.2599%,2.5386%,20.7525%,-0.040752,TDW,50606.0,2019-03-11,252.0,5.2632%,0.0002,1.1436,1.0548,1.0846,2.2715%,2.5603%,21.2837%,0.037695,TDW,50606.0,2019-03-12,252.0,2.9018%,0.0003,1.1403,1.0421,1.0755,2.2788%,2.5611%,20.8327%,0.02989,TDW,50606.0,2019-03-13,252.0,2.6898%,0.0004,1.1471,1.036,1.0815,2.2826%,2.5668%,20.9199%,0.021528,TDW,50606.0,2019-03-14,252.0,0.4225%,0.0004,1.1488,1.0322,1.0834,2.2827%,2.5669%,20.9216%,0.006285,TDW,0.0214709999999999,0.0298019999999999,0.0442749999999999,0.0152169999999999,0.069863
16339,TARGET CORP,MedMen Q2 Revenue Up 39%; Cannabis Company Posts $61.8M Operating Loss,6,uncertain,0.5,0.5,"the news about medmen's revenue and operating loss does not directly relate to target corp's business operations, making the impact on its stock price unclear.",1,2019-02-28,TGT,2019-02-28 17:10:00+00:00,49154.0,87612E10,-0.0052040163427591,5375787.0,0.0041299979202449,0.0100981565192341,-0.0037017310969531,-0.0110806785523891,0.045823611319065,0.0117646846920251,0.011842125095427,0.0030542998574674,-0.0094928909093141,-0.0093522258102893,-0.004726278129965,-0.0080491667613387,0.0060677891597151,0.0151016851887106,-0.0011799703352153,0.0091437520459294,0.0123392287641763,-0.0053741130977869,-0.0081691499799489,0.0306774023920297,0.0022225885186344,0.0037063739728182,0.0159143432974815,-0.0102990372106432,0.0074473787099123,-0.0136376749724149,-0.011725696735084,-0.0089643020182847,0.0251482706516981,-0.0035728255752474,-0.014718810096383,0.0045554139651358,0.0026812958531081,0.017844658344984,0.0140073662623763,-0.0250685177743434,0.0023860661312937,0.0092630740255117,0.0062640942633152,0.0087866792455315,-0.0007469815318472,-0.0058237076736986,-0.00361326825805,-0.0037297506351023,-0.0063774180598557,0.0252088755369186,-0.0018877615220844,0.004124017432332,0.0261001102626323,0.0005691649857908,-0.0054066702723503,-0.0056593311019241,0.0122312558814883,0.0188842080533504,-0.0155009962618351,0.0224024225026369,0.0011157492408528,-0.0052778273820877,-0.0037152080330997,-0.009151617065072,0.0034805024042725,-0.0110616907477378,0.0154837109148502,0.0193293262273073,-0.0001220070262206,-0.0284535493701696,0.008661693893373,0.0097687160596251,0.0070150196552276,-0.0010045880917459,-0.01489317137748,0.0489236786961555,0.0017069864552468,0.0137341907247901,0.0087633104994893,-0.0136966230347752,-0.0137548195198178,0.0052959015592932,-0.0565206184983253,0.0173952784389257,0.0088174305856227,0.0038633905351161,-0.0048843813128769,-0.0061434730887413,-0.0226039793342351,0.0578391775488853,0.0099114580079913,0.0068705733865499,-0.0062810224480926,-0.0092382449656724,0.0005267436499707,-0.0179850552231073,-0.012371708638966,-0.0379726812243461,0.0049307402223348,0.0153917577117681,-0.0039782924577593,-0.0424296334385871,-0.0062575051560997,0.0073484983295202,-0.0396570079028606,-0.0163741055876016,0.0030692217405885,0.0151243209838867,-0.0063149672932922,-0.0225409977138042,-0.0004236517415847,0.0075210463255643,0.0015541199827566,-0.0248778164386749,0.0167866051197052,0.0033184729982167,-0.0016648549353703,-0.0418855249881744,0.0778209939599037,0.0194475371390581,0.0237236209213733,-0.0029506685677915,0.0273299515247345,-0.0098775615915656,0.0041299979202449,0.0100981565192341,0.00041297868156,-0.0010944164595163,0.0462555141752121,0.0106573927679407,0.0485957975348978,0.0042634784195403,0.0530010802431382,0.0461233907014511,0.1075164867371663,0.0699819245263486,0.1330203266676513,0.0247294725033651,2019-03-01,2019-03-04,2019-03-05,2019-03-06,2019-03-07,2019-03-08,2019-03-11,2019-03-12,2019-03-13,2019-03-14,49154.0,2019-02-28,252.0,-0.5204%,0.0001,0.8386,0.3119,0.3395,1.4737%,1.6919%,24.1298%,-0.001905,TGT,49154.0,2019-03-01,252.0,0.4130%,0.0,0.8441,0.32,0.3486,1.4725%,1.6920%,24.2637%,-0.001545,TGT,49154.0,2019-03-04,252.0,-0.3702%,0.0001,0.8392,0.3356,0.35,1.4711%,1.6887%,24.1162%,0.000518,TGT,49154.0,2019-03-05,252.0,4.5824%,0.0002,0.8299,0.2947,0.3252,1.5025%,1.7109%,22.8735%,0.04904,TGT,49154.0,2019-03-06,252.0,1.1842%,0.0003,0.8255,0.2453,0.3136,1.5077%,1.7124%,22.4804%,0.022306,TGT,49154.0,2019-03-07,252.0,-0.9493%,0.0006,0.8387,0.3064,0.3484,1.4739%,1.6899%,23.9292%,-0.001607,TGT,49154.0,2019-03-08,252.0,-0.4726%,0.0006,0.8386,0.314,0.3479,1.4734%,1.6898%,23.9800%,-0.002532,TGT,49154.0,2019-03-11,252.0,0.6068%,0.0006,0.8362,0.2885,0.3346,1.4657%,1.6834%,24.1858%,-0.005839,TGT,49154.0,2019-03-12,252.0,-0.1180%,0.0006,0.8398,0.289,0.3389,1.4656%,1.6822%,24.0990%,-0.002285,TGT,49154.0,2019-03-13,252.0,1.2339%,0.0007,0.842,0.285,0.3404,1.4661%,1.6838%,24.1848%,0.007193,TGT,49154.0,2019-03-14,252.0,-0.8169%,0.0006,0.8448,0.2874,0.3392,1.4651%,1.6842%,24.3273%,-0.0072699999999999,TGT,-0.00345,-0.0029319999999999,0.046108,0.066807,0.056074
16347,T G THERAPEUTICS INC,"TG Therapeutics Announces Common Stock Offering, Size Not Disclosed; Co. Also Enters Into $60M Venture Debt Financing Agreement",6,decrease,0.7,0.6,"the announcement of a common stock offering typically dilutes existing shares, which can lead to a decrease in stock price, despite the positive aspect of securing venture debt financing.",0,2019-02-28,TGTX,2019-02-28 22:05:00+00:00,82670.0,88322Q10,0.3102119565010071,12590248.0,0.0602940917015075,0.0463709719479084,-0.0527045913040638,0.0,-0.0468520782887935,0.0398322977125644,-0.0399385914206504,0.0258064270019531,-0.027200011536479,-0.0312500186264514,0.0493421368300914,0.0,0.0595611445605754,0.0084033524617552,0.0147928847000002,0.0127660473808646,-0.0087463473901152,0.0217391103506088,0.0220587663352489,0.0154524706304073,-0.0071942037902772,0.0022124401293694,0.0739130079746246,0.0710900947451591,0.0013495585881173,0.0343136936426162,0.0040430906228721,-0.0144927399232983,-0.0080536836758255,0.0247524511069059,-0.0757780745625495,0.0049751196056604,0.0307467114180326,0.0,0.0426136627793312,-0.0195121765136718,-0.016348822042346,-0.0531177893280983,0.0332410335540771,0.0383692681789398,0.0777479782700538,0.0195598825812339,0.0062189293093979,-0.0767493620514869,0.0222497284412384,0.0572791807353496,0.0060458565130829,0.0194647014141082,0.0192307513207197,-0.0573394484817981,-0.0011791598517447,-0.0353981964290142,-0.0106257554143667,0.0226244125515222,-0.0453460738062858,-0.0432900041341781,0.0512499809265136,0.0,-0.036860816180706,0.0087336162105202,-0.0012345961295068,-0.051759835332632,-0.0222497284412384,-0.0182927139103412,0.0113780219107866,0.0,0.0175000429153442,0.0228690505027771,-0.0380835868418216,-0.0061983903869986,0.0153256561607122,0.0498915426433086,0.0251572094857692,0.0950118973851203,-0.0147239128127694,-0.023201834410429,0.0074720326811075,0.0512195229530334,-0.0111248642206192,0.0301507245749235,-0.0074999928474426,0.0585106462240219,0.0012594145955517,-0.0052910004742443,-0.0201257672160863,0.0988371819257736,0.0064185098744928,-0.0086455252021551,0.0382653288543224,-0.0721925050020217,0.0380834713578224,-0.0335916988551616,-0.0568047389388084,-0.0829383730888366,0.0263488739728927,-0.0516854003071785,-0.0085575357079505,-0.0631579384207725,-0.0678174793720245,-0.050000000745058,-0.0939153507351875,-0.01960782520473,-0.00437952298671,0.0119047509506344,0.0293254852294921,-0.0156249850988388,0.011396000161767,0.0239999778568744,-0.0253520887345075,-0.0079365000128746,-0.0245664846152067,0.0079999919980764,0.0370370373129844,-0.0439770594239234,-0.0142857003957033,0.0376984253525733,0.0318840257823467,0.0079999919980764,0.0112359449267387,-0.0157480165362358,0.0602940917015075,0.0463709719479084,0.004411724936266,0.0463709719479084,-0.04264705183463,0.0880503320203229,-0.1058823899420551,0.0812499707145315,0.0220587639916436,0.1456953256099717,0.1911764916003466,0.1331878069859382,0.0588234672149179,0.0216535667816966,2019-03-01,2019-03-04,2019-03-05,2019-03-06,2019-03-07,2019-03-08,2019-03-11,2019-03-12,2019-03-13,2019-03-14,82670.0,2019-02-28,252.0,31.0212%,-0.0025,1.3962,1.5338,-0.8684,4.5128%,4.9508%,16.9101%,0.312376,TGTX,82670.0,2019-03-01,252.0,6.0294%,-0.0023,1.4082,1.5516,-0.8706,4.5215%,4.9650%,17.0686%,0.04223,TGTX,82670.0,2019-03-04,252.0,-5.2705%,-0.0026,1.4273,1.5184,-0.8824,4.5218%,4.9720%,17.2879%,-0.03587,TGTX,82670.0,2019-03-05,252.0,-4.6852%,-0.0028,1.4314,1.525,-0.8649,4.5281%,4.9731%,17.0969%,-0.041926,TGTX,82670.0,2019-03-06,252.0,-3.9939%,-0.0028,1.4281,1.5415,-0.8664,4.5277%,4.9777%,17.2626%,-0.008444,TGTX,82670.0,2019-03-07,252.0,-2.7200%,-0.0028,1.4409,1.576,-0.8396,4.5259%,4.9797%,17.3980%,-0.017359,TGTX,82670.0,2019-03-08,252.0,4.9342%,-0.0026,1.4339,1.574,-0.8508,4.5381%,4.9889%,17.2551%,0.0502069999999999,TGTX,82670.0,2019-03-11,252.0,5.9561%,-0.0028,1.4468,1.6622,-0.807,4.5135%,4.9780%,17.7904%,0.028016,TGTX,82670.0,2019-03-12,252.0,1.4793%,-0.0026,1.4564,1.6521,-0.8002,4.5145%,4.9789%,17.7831%,0.015094,TGTX,82670.0,2019-03-13,252.0,-0.8746%,-0.0026,1.4527,1.6646,-0.8012,4.5145%,4.9790%,17.7884%,-0.012813,TGTX,82670.0,2019-03-14,252.0,2.2059%,-0.0026,1.4633,1.6418,-0.7896,4.5153%,4.9791%,17.7638%,0.03265,TGTX,0.354606,0.3187359999999999,0.2768099999999999,0.2510069999999999,0.3641609999999999
16355,T G THERAPEUTICS INC,TG Therapeutics shares are trading higher after the company announced its UNITY-NHL phase 2b pivotal trial evaluating umbralisib met the primary endpoint of overall response rate in patients with relapsed/refractory marginal zone lymphoma.,6,increase,0.8,0.7,"the announcement of a successful trial meeting its primary endpoint is likely to boost investor confidence and interest in tg therapeutics, leading to an increase in stock price.",2,2019-02-28,TGTX,2019-02-28 15:53:00+00:00,82670.0,88322Q10,0.3102119565010071,12590248.0,0.0602940917015075,0.0463709719479084,-0.0527045913040638,0.0,-0.0468520782887935,0.0398322977125644,-0.0399385914206504,0.0258064270019531,-0.027200011536479,-0.0312500186264514,0.0493421368300914,0.0,0.0595611445605754,0.0084033524617552,0.0147928847000002,0.0127660473808646,-0.0087463473901152,0.0217391103506088,0.0220587663352489,0.0154524706304073,-0.0071942037902772,0.0022124401293694,0.0739130079746246,0.0710900947451591,0.0013495585881173,0.0343136936426162,0.0040430906228721,-0.0144927399232983,-0.0080536836758255,0.0247524511069059,-0.0757780745625495,0.0049751196056604,0.0307467114180326,0.0,0.0426136627793312,-0.0195121765136718,-0.016348822042346,-0.0531177893280983,0.0332410335540771,0.0383692681789398,0.0777479782700538,0.0195598825812339,0.0062189293093979,-0.0767493620514869,0.0222497284412384,0.0572791807353496,0.0060458565130829,0.0194647014141082,0.0192307513207197,-0.0573394484817981,-0.0011791598517447,-0.0353981964290142,-0.0106257554143667,0.0226244125515222,-0.0453460738062858,-0.0432900041341781,0.0512499809265136,0.0,-0.036860816180706,0.0087336162105202,-0.0012345961295068,-0.051759835332632,-0.0222497284412384,-0.0182927139103412,0.0113780219107866,0.0,0.0175000429153442,0.0228690505027771,-0.0380835868418216,-0.0061983903869986,0.0153256561607122,0.0498915426433086,0.0251572094857692,0.0950118973851203,-0.0147239128127694,-0.023201834410429,0.0074720326811075,0.0512195229530334,-0.0111248642206192,0.0301507245749235,-0.0074999928474426,0.0585106462240219,0.0012594145955517,-0.0052910004742443,-0.0201257672160863,0.0988371819257736,0.0064185098744928,-0.0086455252021551,0.0382653288543224,-0.0721925050020217,0.0380834713578224,-0.0335916988551616,-0.0568047389388084,-0.0829383730888366,0.0263488739728927,-0.0516854003071785,-0.0085575357079505,-0.0631579384207725,-0.0678174793720245,-0.050000000745058,-0.0939153507351875,-0.01960782520473,-0.00437952298671,0.0119047509506344,0.0293254852294921,-0.0156249850988388,0.011396000161767,0.0239999778568744,-0.0253520887345075,-0.0079365000128746,-0.0245664846152067,0.0079999919980764,0.0370370373129844,-0.0439770594239234,-0.0142857003957033,0.0376984253525733,0.0318840257823467,0.0079999919980764,0.0112359449267387,-0.0157480165362358,0.0602940917015075,0.0463709719479084,0.004411724936266,0.0463709719479084,-0.04264705183463,0.0880503320203229,-0.1058823899420551,0.0812499707145315,0.0220587639916436,0.1456953256099717,0.1911764916003466,0.1331878069859382,0.0588234672149179,0.0216535667816966,2019-03-01,2019-03-04,2019-03-05,2019-03-06,2019-03-07,2019-03-08,2019-03-11,2019-03-12,2019-03-13,2019-03-14,82670.0,2019-02-28,252.0,31.0212%,-0.0025,1.3962,1.5338,-0.8684,4.5128%,4.9508%,16.9101%,0.312376,TGTX,82670.0,2019-03-01,252.0,6.0294%,-0.0023,1.4082,1.5516,-0.8706,4.5215%,4.9650%,17.0686%,0.04223,TGTX,82670.0,2019-03-04,252.0,-5.2705%,-0.0026,1.4273,1.5184,-0.8824,4.5218%,4.9720%,17.2879%,-0.03587,TGTX,82670.0,2019-03-05,252.0,-4.6852%,-0.0028,1.4314,1.525,-0.8649,4.5281%,4.9731%,17.0969%,-0.041926,TGTX,82670.0,2019-03-06,252.0,-3.9939%,-0.0028,1.4281,1.5415,-0.8664,4.5277%,4.9777%,17.2626%,-0.008444,TGTX,82670.0,2019-03-07,252.0,-2.7200%,-0.0028,1.4409,1.576,-0.8396,4.5259%,4.9797%,17.3980%,-0.017359,TGTX,82670.0,2019-03-08,252.0,4.9342%,-0.0026,1.4339,1.574,-0.8508,4.5381%,4.9889%,17.2551%,0.0502069999999999,TGTX,82670.0,2019-03-11,252.0,5.9561%,-0.0028,1.4468,1.6622,-0.807,4.5135%,4.9780%,17.7904%,0.028016,TGTX,82670.0,2019-03-12,252.0,1.4793%,-0.0026,1.4564,1.6521,-0.8002,4.5145%,4.9789%,17.7831%,0.015094,TGTX,82670.0,2019-03-13,252.0,-0.8746%,-0.0026,1.4527,1.6646,-0.8012,4.5145%,4.9790%,17.7884%,-0.012813,TGTX,82670.0,2019-03-14,252.0,2.2059%,-0.0026,1.4633,1.6418,-0.7896,4.5153%,4.9791%,17.7638%,0.03265,TGTX,0.354606,0.3187359999999999,0.2768099999999999,0.2510069999999999,0.3641609999999999
16363,T G THERAPEUTICS INC,TG Therapeutics Announces UNITY-NHL Phase 2b Pivotal Trial Evaluating Umbralisib Met Primary Endpoint OF Overall Response Rate In Patients With Relapsed/Refractory Marginal Zone Lymphoma,6,increase,0.8,0.7,"the announcement of a successful primary endpoint in a pivotal trial is likely to boost investor confidence and interest in tg therapeutics, potentially leading to an increase in stock price.",2,2019-02-28,TGTX,2019-02-28 12:25:00+00:00,82670.0,88322Q10,0.3102119565010071,12590248.0,0.0602940917015075,0.0463709719479084,-0.0527045913040638,0.0,-0.0468520782887935,0.0398322977125644,-0.0399385914206504,0.0258064270019531,-0.027200011536479,-0.0312500186264514,0.0493421368300914,0.0,0.0595611445605754,0.0084033524617552,0.0147928847000002,0.0127660473808646,-0.0087463473901152,0.0217391103506088,0.0220587663352489,0.0154524706304073,-0.0071942037902772,0.0022124401293694,0.0739130079746246,0.0710900947451591,0.0013495585881173,0.0343136936426162,0.0040430906228721,-0.0144927399232983,-0.0080536836758255,0.0247524511069059,-0.0757780745625495,0.0049751196056604,0.0307467114180326,0.0,0.0426136627793312,-0.0195121765136718,-0.016348822042346,-0.0531177893280983,0.0332410335540771,0.0383692681789398,0.0777479782700538,0.0195598825812339,0.0062189293093979,-0.0767493620514869,0.0222497284412384,0.0572791807353496,0.0060458565130829,0.0194647014141082,0.0192307513207197,-0.0573394484817981,-0.0011791598517447,-0.0353981964290142,-0.0106257554143667,0.0226244125515222,-0.0453460738062858,-0.0432900041341781,0.0512499809265136,0.0,-0.036860816180706,0.0087336162105202,-0.0012345961295068,-0.051759835332632,-0.0222497284412384,-0.0182927139103412,0.0113780219107866,0.0,0.0175000429153442,0.0228690505027771,-0.0380835868418216,-0.0061983903869986,0.0153256561607122,0.0498915426433086,0.0251572094857692,0.0950118973851203,-0.0147239128127694,-0.023201834410429,0.0074720326811075,0.0512195229530334,-0.0111248642206192,0.0301507245749235,-0.0074999928474426,0.0585106462240219,0.0012594145955517,-0.0052910004742443,-0.0201257672160863,0.0988371819257736,0.0064185098744928,-0.0086455252021551,0.0382653288543224,-0.0721925050020217,0.0380834713578224,-0.0335916988551616,-0.0568047389388084,-0.0829383730888366,0.0263488739728927,-0.0516854003071785,-0.0085575357079505,-0.0631579384207725,-0.0678174793720245,-0.050000000745058,-0.0939153507351875,-0.01960782520473,-0.00437952298671,0.0119047509506344,0.0293254852294921,-0.0156249850988388,0.011396000161767,0.0239999778568744,-0.0253520887345075,-0.0079365000128746,-0.0245664846152067,0.0079999919980764,0.0370370373129844,-0.0439770594239234,-0.0142857003957033,0.0376984253525733,0.0318840257823467,0.0079999919980764,0.0112359449267387,-0.0157480165362358,0.0602940917015075,0.0463709719479084,0.004411724936266,0.0463709719479084,-0.04264705183463,0.0880503320203229,-0.1058823899420551,0.0812499707145315,0.0220587639916436,0.1456953256099717,0.1911764916003466,0.1331878069859382,0.0588234672149179,0.0216535667816966,2019-03-01,2019-03-04,2019-03-05,2019-03-06,2019-03-07,2019-03-08,2019-03-11,2019-03-12,2019-03-13,2019-03-14,82670.0,2019-02-28,252.0,31.0212%,-0.0025,1.3962,1.5338,-0.8684,4.5128%,4.9508%,16.9101%,0.312376,TGTX,82670.0,2019-03-01,252.0,6.0294%,-0.0023,1.4082,1.5516,-0.8706,4.5215%,4.9650%,17.0686%,0.04223,TGTX,82670.0,2019-03-04,252.0,-5.2705%,-0.0026,1.4273,1.5184,-0.8824,4.5218%,4.9720%,17.2879%,-0.03587,TGTX,82670.0,2019-03-05,252.0,-4.6852%,-0.0028,1.4314,1.525,-0.8649,4.5281%,4.9731%,17.0969%,-0.041926,TGTX,82670.0,2019-03-06,252.0,-3.9939%,-0.0028,1.4281,1.5415,-0.8664,4.5277%,4.9777%,17.2626%,-0.008444,TGTX,82670.0,2019-03-07,252.0,-2.7200%,-0.0028,1.4409,1.576,-0.8396,4.5259%,4.9797%,17.3980%,-0.017359,TGTX,82670.0,2019-03-08,252.0,4.9342%,-0.0026,1.4339,1.574,-0.8508,4.5381%,4.9889%,17.2551%,0.0502069999999999,TGTX,82670.0,2019-03-11,252.0,5.9561%,-0.0028,1.4468,1.6622,-0.807,4.5135%,4.9780%,17.7904%,0.028016,TGTX,82670.0,2019-03-12,252.0,1.4793%,-0.0026,1.4564,1.6521,-0.8002,4.5145%,4.9789%,17.7831%,0.015094,TGTX,82670.0,2019-03-13,252.0,-0.8746%,-0.0026,1.4527,1.6646,-0.8012,4.5145%,4.9790%,17.7884%,-0.012813,TGTX,82670.0,2019-03-14,252.0,2.2059%,-0.0026,1.4633,1.6418,-0.7896,4.5153%,4.9791%,17.7638%,0.03265,TGTX,0.354606,0.3187359999999999,0.2768099999999999,0.2510069999999999,0.3641609999999999
16371,T J X COMPANIES INC NEW,"Credit Suisse Maintains Neutral on TJX Companies, Raises Price Target to $55",6,uncertain,0.6,0.3,"while raising the price target may suggest positive sentiment, maintaining a 'neutral' rating indicates a lack of strong conviction, leading to uncertainty in stock price movement.",1,2019-02-28,TJX,2019-02-28 14:11:00+00:00,40539.0,87254010,-0.005236626137048,9411915.0,0.0142327845096588,0.0370072424411773,-0.01172627042979,0.0064777266234159,0.004862867295742,-0.0188678652048111,0.0052264896221458,0.004388537723571,-0.0034662103280425,-0.0075232083909213,-0.0199033580720424,0.000594270590227,0.0193217564374208,0.0049771051853895,0.0046421247534453,0.0147474659606814,0.0103966295719146,-0.0078171854838728,-0.0072408742271363,0.0067336559295654,-0.0063339350745081,0.0132383210584521,0.0112033616751432,0.003269306384027,-0.0024832331109791,0.0086561860516667,0.0061279144138097,-0.0049220235086977,-0.0009516413556411,-0.0093458527699112,-0.0028577160555869,0.0046948259696364,0.0085976449772715,0.0018404938746243,0.0009471346274949,-0.0166900865733623,0.0041635357774794,0.0169733744114637,0.0,0.0032827213872224,0.0028269451577216,-0.0044934111647307,0.0,0.001841623801738,-0.0024430982302874,0.0039030120242387,0.0016954848542809,0.0008223872282542,0.0203122403472662,-0.0020517497323453,-0.0025806338526308,-0.0085434941574931,0.0040658144280314,0.024166664108634,-0.0093871178105473,0.0098885176703333,0.0115198614075779,0.0044378503225743,-0.0101028513163328,0.01154341455549,0.0014845394762232,-0.0143278613686561,0.0050027878023684,0.0078572714701294,0.0046091442927718,-0.003807918401435,0.0104606291279196,-0.0008455065544694,0.0010896759340539,0.0148005671799182,-0.012880970723927,0.0268721878528595,0.0143355773761868,0.0273818261921405,0.0041674133390188,-0.0105239860713481,-0.0061349035240709,-0.001788149937056,-0.0003631165018305,0.0212280359119176,-0.0050854082219302,-0.000684278726112,0.0018255255417898,0.0,-0.0171283241361379,0.053086694329977,0.0094549898058176,-0.0071547636762261,-0.0077135348692536,-0.0117841148748993,0.0029613149818032,-0.0277268346399068,-0.01420927233994,-0.0097572114318609,0.0110445562750101,-0.0060893204063177,-0.0031475315336138,-0.0194604396820068,0.0074294488877058,-0.0128792868927121,-0.0324484147131443,-0.006290609948337,0.0019055313896387,0.0080909458920359,-0.0001902182120829,-0.0103873526677489,0.0066870171576738,0.0203134939074516,0.0066426703706383,-0.0251829139888286,-0.0013197528896853,-0.0150519208982586,0.0054747420363128,-0.0252118464559316,-0.0289147049188613,-0.0094165625050663,0.0085073206573724,0.0286375395953655,-0.0103527782484889,-0.0075234440155327,0.0142327845096588,0.0370072424411773,0.0023396165997395,0.0437246918642137,0.007213861140529,0.0240318350671868,0.0089685920456024,0.0207880231952681,0.0157925036494137,0.0404327381736704,0.0506921119838259,0.106488460119356,0.0108565826390258,0.0817456723683878,2019-03-01,2019-03-04,2019-03-05,2019-03-06,2019-03-07,2019-03-08,2019-03-11,2019-03-12,2019-03-13,2019-03-14,40539.0,2019-02-28,252.0,-0.5237%,0.0011,0.6837,0.2849,-0.0346,1.1453%,1.3700%,30.1150%,-0.003338,TJX,40539.0,2019-03-01,252.0,1.4233%,0.0008,0.7323,0.3572,0.0373,1.0360%,1.3030%,36.7808%,0.008255,TJX,40539.0,2019-03-04,252.0,-1.1726%,0.0007,0.7361,0.3512,0.0347,1.0363%,1.3055%,36.9827%,-0.006725,TJX,40539.0,2019-03-05,252.0,0.4863%,0.0008,0.7351,0.3473,0.0316,1.0371%,1.3045%,36.7933%,0.007196,TJX,40539.0,2019-03-06,252.0,0.5226%,0.0008,0.7318,0.3142,0.0233,1.0407%,1.3048%,36.3801%,0.015674,TJX,40539.0,2019-03-07,252.0,-0.3466%,0.0008,0.7306,0.3125,0.0214,1.0407%,1.3046%,36.3548%,0.002741,TJX,40539.0,2019-03-08,252.0,-1.9903%,0.0009,0.7316,0.3393,0.0215,1.0364%,1.3040%,36.8329%,-0.018506,TJX,40539.0,2019-03-11,252.0,1.9322%,0.0009,0.7349,0.3407,0.0206,1.0371%,1.3091%,37.2380%,0.007221,TJX,40539.0,2019-03-12,252.0,0.4642%,0.001,0.7459,0.3371,0.0317,1.0341%,1.3093%,37.6114%,0.003685,TJX,40539.0,2019-03-13,252.0,1.0397%,0.001,0.7475,0.3381,0.0336,1.0343%,1.3104%,37.6978%,0.006288,TJX,40539.0,2019-03-14,252.0,-0.7241%,0.001,0.7476,0.3411,0.0321,1.0350%,1.3113%,37.6991%,-0.005298,TJX,0.004917,-0.0018079999999999,0.005388,0.023803,0.0171929999999999
16379,T J X COMPANIES INC NEW,"Morgan Stanley Maintains Overweight on TJX Companies, Raises Price Target to $58",6,increase,0.8,0.6,morgan stanley's decision to maintain an overweight rating and raise the price target typically signals positive sentiment and potential for stock price appreciation.,2,2019-02-28,TJX,2019-02-28 13:31:00+00:00,40539.0,87254010,-0.005236626137048,9411915.0,0.0142327845096588,0.0370072424411773,-0.01172627042979,0.0064777266234159,0.004862867295742,-0.0188678652048111,0.0052264896221458,0.004388537723571,-0.0034662103280425,-0.0075232083909213,-0.0199033580720424,0.000594270590227,0.0193217564374208,0.0049771051853895,0.0046421247534453,0.0147474659606814,0.0103966295719146,-0.0078171854838728,-0.0072408742271363,0.0067336559295654,-0.0063339350745081,0.0132383210584521,0.0112033616751432,0.003269306384027,-0.0024832331109791,0.0086561860516667,0.0061279144138097,-0.0049220235086977,-0.0009516413556411,-0.0093458527699112,-0.0028577160555869,0.0046948259696364,0.0085976449772715,0.0018404938746243,0.0009471346274949,-0.0166900865733623,0.0041635357774794,0.0169733744114637,0.0,0.0032827213872224,0.0028269451577216,-0.0044934111647307,0.0,0.001841623801738,-0.0024430982302874,0.0039030120242387,0.0016954848542809,0.0008223872282542,0.0203122403472662,-0.0020517497323453,-0.0025806338526308,-0.0085434941574931,0.0040658144280314,0.024166664108634,-0.0093871178105473,0.0098885176703333,0.0115198614075779,0.0044378503225743,-0.0101028513163328,0.01154341455549,0.0014845394762232,-0.0143278613686561,0.0050027878023684,0.0078572714701294,0.0046091442927718,-0.003807918401435,0.0104606291279196,-0.0008455065544694,0.0010896759340539,0.0148005671799182,-0.012880970723927,0.0268721878528595,0.0143355773761868,0.0273818261921405,0.0041674133390188,-0.0105239860713481,-0.0061349035240709,-0.001788149937056,-0.0003631165018305,0.0212280359119176,-0.0050854082219302,-0.000684278726112,0.0018255255417898,0.0,-0.0171283241361379,0.053086694329977,0.0094549898058176,-0.0071547636762261,-0.0077135348692536,-0.0117841148748993,0.0029613149818032,-0.0277268346399068,-0.01420927233994,-0.0097572114318609,0.0110445562750101,-0.0060893204063177,-0.0031475315336138,-0.0194604396820068,0.0074294488877058,-0.0128792868927121,-0.0324484147131443,-0.006290609948337,0.0019055313896387,0.0080909458920359,-0.0001902182120829,-0.0103873526677489,0.0066870171576738,0.0203134939074516,0.0066426703706383,-0.0251829139888286,-0.0013197528896853,-0.0150519208982586,0.0054747420363128,-0.0252118464559316,-0.0289147049188613,-0.0094165625050663,0.0085073206573724,0.0286375395953655,-0.0103527782484889,-0.0075234440155327,0.0142327845096588,0.0370072424411773,0.0023396165997395,0.0437246918642137,0.007213861140529,0.0240318350671868,0.0089685920456024,0.0207880231952681,0.0157925036494137,0.0404327381736704,0.0506921119838259,0.106488460119356,0.0108565826390258,0.0817456723683878,2019-03-01,2019-03-04,2019-03-05,2019-03-06,2019-03-07,2019-03-08,2019-03-11,2019-03-12,2019-03-13,2019-03-14,40539.0,2019-02-28,252.0,-0.5237%,0.0011,0.6837,0.2849,-0.0346,1.1453%,1.3700%,30.1150%,-0.003338,TJX,40539.0,2019-03-01,252.0,1.4233%,0.0008,0.7323,0.3572,0.0373,1.0360%,1.3030%,36.7808%,0.008255,TJX,40539.0,2019-03-04,252.0,-1.1726%,0.0007,0.7361,0.3512,0.0347,1.0363%,1.3055%,36.9827%,-0.006725,TJX,40539.0,2019-03-05,252.0,0.4863%,0.0008,0.7351,0.3473,0.0316,1.0371%,1.3045%,36.7933%,0.007196,TJX,40539.0,2019-03-06,252.0,0.5226%,0.0008,0.7318,0.3142,0.0233,1.0407%,1.3048%,36.3801%,0.015674,TJX,40539.0,2019-03-07,252.0,-0.3466%,0.0008,0.7306,0.3125,0.0214,1.0407%,1.3046%,36.3548%,0.002741,TJX,40539.0,2019-03-08,252.0,-1.9903%,0.0009,0.7316,0.3393,0.0215,1.0364%,1.3040%,36.8329%,-0.018506,TJX,40539.0,2019-03-11,252.0,1.9322%,0.0009,0.7349,0.3407,0.0206,1.0371%,1.3091%,37.2380%,0.007221,TJX,40539.0,2019-03-12,252.0,0.4642%,0.001,0.7459,0.3371,0.0317,1.0341%,1.3093%,37.6114%,0.003685,TJX,40539.0,2019-03-13,252.0,1.0397%,0.001,0.7475,0.3381,0.0336,1.0343%,1.3104%,37.6978%,0.006288,TJX,40539.0,2019-03-14,252.0,-0.7241%,0.001,0.7476,0.3411,0.0321,1.0350%,1.3113%,37.6991%,-0.005298,TJX,0.004917,-0.0018079999999999,0.005388,0.023803,0.0171929999999999
16387,T J X COMPANIES INC NEW,"MKM Partners Maintains Buy on TJX Companies, Raises Price Target to $61",6,increase,0.8,0.6,maintaining a 'buy' rating and raising the price target typically signals positive sentiment and potential for stock price appreciation.,2,2019-02-28,TJX,2019-02-28 13:22:00+00:00,40539.0,87254010,-0.005236626137048,9411915.0,0.0142327845096588,0.0370072424411773,-0.01172627042979,0.0064777266234159,0.004862867295742,-0.0188678652048111,0.0052264896221458,0.004388537723571,-0.0034662103280425,-0.0075232083909213,-0.0199033580720424,0.000594270590227,0.0193217564374208,0.0049771051853895,0.0046421247534453,0.0147474659606814,0.0103966295719146,-0.0078171854838728,-0.0072408742271363,0.0067336559295654,-0.0063339350745081,0.0132383210584521,0.0112033616751432,0.003269306384027,-0.0024832331109791,0.0086561860516667,0.0061279144138097,-0.0049220235086977,-0.0009516413556411,-0.0093458527699112,-0.0028577160555869,0.0046948259696364,0.0085976449772715,0.0018404938746243,0.0009471346274949,-0.0166900865733623,0.0041635357774794,0.0169733744114637,0.0,0.0032827213872224,0.0028269451577216,-0.0044934111647307,0.0,0.001841623801738,-0.0024430982302874,0.0039030120242387,0.0016954848542809,0.0008223872282542,0.0203122403472662,-0.0020517497323453,-0.0025806338526308,-0.0085434941574931,0.0040658144280314,0.024166664108634,-0.0093871178105473,0.0098885176703333,0.0115198614075779,0.0044378503225743,-0.0101028513163328,0.01154341455549,0.0014845394762232,-0.0143278613686561,0.0050027878023684,0.0078572714701294,0.0046091442927718,-0.003807918401435,0.0104606291279196,-0.0008455065544694,0.0010896759340539,0.0148005671799182,-0.012880970723927,0.0268721878528595,0.0143355773761868,0.0273818261921405,0.0041674133390188,-0.0105239860713481,-0.0061349035240709,-0.001788149937056,-0.0003631165018305,0.0212280359119176,-0.0050854082219302,-0.000684278726112,0.0018255255417898,0.0,-0.0171283241361379,0.053086694329977,0.0094549898058176,-0.0071547636762261,-0.0077135348692536,-0.0117841148748993,0.0029613149818032,-0.0277268346399068,-0.01420927233994,-0.0097572114318609,0.0110445562750101,-0.0060893204063177,-0.0031475315336138,-0.0194604396820068,0.0074294488877058,-0.0128792868927121,-0.0324484147131443,-0.006290609948337,0.0019055313896387,0.0080909458920359,-0.0001902182120829,-0.0103873526677489,0.0066870171576738,0.0203134939074516,0.0066426703706383,-0.0251829139888286,-0.0013197528896853,-0.0150519208982586,0.0054747420363128,-0.0252118464559316,-0.0289147049188613,-0.0094165625050663,0.0085073206573724,0.0286375395953655,-0.0103527782484889,-0.0075234440155327,0.0142327845096588,0.0370072424411773,0.0023396165997395,0.0437246918642137,0.007213861140529,0.0240318350671868,0.0089685920456024,0.0207880231952681,0.0157925036494137,0.0404327381736704,0.0506921119838259,0.106488460119356,0.0108565826390258,0.0817456723683878,2019-03-01,2019-03-04,2019-03-05,2019-03-06,2019-03-07,2019-03-08,2019-03-11,2019-03-12,2019-03-13,2019-03-14,40539.0,2019-02-28,252.0,-0.5237%,0.0011,0.6837,0.2849,-0.0346,1.1453%,1.3700%,30.1150%,-0.003338,TJX,40539.0,2019-03-01,252.0,1.4233%,0.0008,0.7323,0.3572,0.0373,1.0360%,1.3030%,36.7808%,0.008255,TJX,40539.0,2019-03-04,252.0,-1.1726%,0.0007,0.7361,0.3512,0.0347,1.0363%,1.3055%,36.9827%,-0.006725,TJX,40539.0,2019-03-05,252.0,0.4863%,0.0008,0.7351,0.3473,0.0316,1.0371%,1.3045%,36.7933%,0.007196,TJX,40539.0,2019-03-06,252.0,0.5226%,0.0008,0.7318,0.3142,0.0233,1.0407%,1.3048%,36.3801%,0.015674,TJX,40539.0,2019-03-07,252.0,-0.3466%,0.0008,0.7306,0.3125,0.0214,1.0407%,1.3046%,36.3548%,0.002741,TJX,40539.0,2019-03-08,252.0,-1.9903%,0.0009,0.7316,0.3393,0.0215,1.0364%,1.3040%,36.8329%,-0.018506,TJX,40539.0,2019-03-11,252.0,1.9322%,0.0009,0.7349,0.3407,0.0206,1.0371%,1.3091%,37.2380%,0.007221,TJX,40539.0,2019-03-12,252.0,0.4642%,0.001,0.7459,0.3371,0.0317,1.0341%,1.3093%,37.6114%,0.003685,TJX,40539.0,2019-03-13,252.0,1.0397%,0.001,0.7475,0.3381,0.0336,1.0343%,1.3104%,37.6978%,0.006288,TJX,40539.0,2019-03-14,252.0,-0.7241%,0.001,0.7476,0.3411,0.0321,1.0350%,1.3113%,37.6991%,-0.005298,TJX,0.004917,-0.0018079999999999,0.005388,0.023803,0.0171929999999999
16395,TOLL BROTHERS INC,Evercore ISI Group Downgrades Toll Brothers to In-Line,6,decrease,0.75,0.6,"a downgrade from a financial analyst typically signals reduced expectations for a company's performance, which can lead to a decline in stock price.",0,2019-02-28,TOL,2019-02-28 11:41:00+00:00,70228.0,88947810,-0.0200936775654554,3012742.0,-0.0039325673133134,-0.0252213198691606,0.0115623194724321,-0.0010721231810748,-0.0234179031103849,-0.0098195048049092,-0.0059948354028165,0.0101876966655254,0.0198161583393812,0.0155186410993337,0.0022529382258653,-0.0097061367705464,0.0221972726285457,0.0065129357390105,-0.007421672809869,0.0038136581424623,-0.0105234300717711,0.0024576776195317,0.0117548834532499,-0.0224239230155944,-0.0060857874341309,0.0420027337968349,0.0019482241477817,-0.0110040642321109,-0.019444465637207,-0.0084561202675104,-0.0118979653343558,0.0093612382188439,0.0246559791266918,-0.0265344846993684,-0.0078344317153096,0.0127579048275947,0.0282007902860641,-0.0035163934808224,-0.0002742271462921,0.0008121980354189,0.0194787122309207,0.0341544598340988,-0.0201829932630062,0.0159272290766239,-0.0057676210999488,0.0086058303713798,-0.0002763021038845,-0.0034305013250559,-0.0049737584777176,-0.0124223222956061,0.0144404461607337,0.0169393140822649,0.0191623531281948,0.0098579339683055,0.0115498341619968,-0.0131616331636905,0.0053106946870684,-0.006820058915764,-0.0161120072007179,-0.0162147562950849,0.0053691482171416,-0.009415678679943,0.0080106444656848,0.0114845894277095,-0.0039850613102316,-0.0055710515007376,0.0032008248381316,-0.0066407821141183,0.0194097198545932,-0.0016524919774383,0.0099113471806049,0.0365401841700077,0.0129132224246859,-0.0084914527833461,-0.0260071493685245,0.0123209254816174,0.0107329804450273,0.0512048415839672,-0.0059569939039647,-0.0077704223804175,-0.0213652867823839,0.016094708815217,-0.0034611572045832,-0.0081325434148311,0.0040075215511024,0.0134310889989137,0.0138370571658015,-0.0015240185894072,0.0015748392324894,0.0519397519528865,0.0036687471438199,0.0016056887106969,0.0167101677507162,-0.0394817665219306,-0.0059065110981464,0.0137585559859871,-0.0183414909988641,-0.0105198072269558,-0.0097368136048316,0.0112640997394919,0.0143501749262213,-0.0080695878714323,0.001047967467457,-0.0128675913438201,-0.0068044578656554,-0.0085054310038685,0.0110671455040574,0.0322984866797924,0.0072974357753992,-0.0068514859303832,0.0098317526280879,-0.0310802292078733,-0.015629019588232,-0.0018072702223435,-0.0236855782568454,0.0063655371777713,0.0223940331488847,-0.0161048956215381,-0.0456323362886905,0.0169850625097751,-0.0256830230355262,-0.019041933119297,0.0182277485728263,0.0008933524950407,-0.0039325673133134,-0.0252213198691606,0.0075842825594951,-0.0262664026885465,-0.0160112285450297,-0.0358279844260478,-0.0025280945287462,-0.010890218098066,0.0154495247233696,-0.0301654370650592,0.0603932843282608,0.0176470872428211,0.0229246076878402,0.0851869591101763,2019-03-01,2019-03-04,2019-03-05,2019-03-06,2019-03-07,2019-03-08,2019-03-11,2019-03-12,2019-03-13,2019-03-14,70228.0,2019-02-28,252.0,-2.0094%,-0.0008,0.8155,0.8475,0.3488,1.9623%,2.1600%,17.4678%,-0.016889,TOL,70228.0,2019-03-01,252.0,-0.3933%,-0.0008,0.805,0.8318,0.3372,1.9614%,2.1531%,17.0147%,-0.010957,TOL,70228.0,2019-03-04,252.0,1.1562%,-0.0007,0.8038,0.819,0.3413,1.9648%,2.1545%,16.8330%,0.0176699999999999,TOL,70228.0,2019-03-05,252.0,-2.3418%,-0.0007,0.8094,0.8504,0.3519,1.9667%,2.1592%,17.0362%,-0.018783,TOL,70228.0,2019-03-06,252.0,-0.5995%,-0.0007,0.8023,0.8275,0.3408,1.9680%,2.1586%,16.8789%,0.011288,TOL,70228.0,2019-03-07,252.0,1.9816%,-0.0006,0.787,0.8089,0.3152,1.9755%,2.1597%,16.3261%,0.028009,TOL,70228.0,2019-03-08,252.0,0.2253%,-0.0006,0.7856,0.8221,0.3122,1.9743%,2.1594%,16.4055%,0.004026,TOL,70228.0,2019-03-11,252.0,2.2197%,-0.0006,0.7903,0.8345,0.3169,1.9745%,2.1637%,16.7301%,0.009066,TOL,70228.0,2019-03-12,252.0,-0.7422%,-0.0006,0.7957,0.8362,0.3239,1.9744%,2.1639%,16.7523%,-0.0068969999999999,TOL,70228.0,2019-03-13,252.0,-1.0523%,-0.0006,0.7912,0.8485,0.3219,1.9753%,2.1645%,16.7202%,-0.013608,TOL,70228.0,2019-03-14,252.0,1.1755%,-0.0006,0.7943,0.8392,0.3266,1.9769%,2.1658%,16.6763%,0.014969,TOL,-0.027846,-0.010176,-0.028959,0.0103379999999999,0.0178939999999999
16403,TUNIU CORP,"Tuniu Sees Q Sales RMB432.5M-RMB456.5M, Representing A 5%-10% YoY Decrease",6,decrease,0.8,0.7,"the forecasted decrease in sales indicates potential challenges for tuniu corp, likely leading to a negative reaction from investors.",0,2019-02-28,TOUR,2019-02-28 15:00:00+00:00,14676.0,89977P10,-0.0079681202769279,140323.0,-0.0281124226748943,0.0080321207642555,-0.0103306174278259,-0.0020039584487676,0.2087682634592056,0.0020079822279512,-0.051813505589962,0.0163265150040388,-0.0491803251206874,-0.0140844462439417,0.0019157527713105,-0.0040080123580992,0.0038240880239754,0.0617021210491657,-0.0038095202762633,-0.0167364850640296,0.0038240880239754,0.0575221739709377,-0.0171428862959146,0.0089285625144839,-0.0271317586302757,0.0022371876984834,-0.0079681202769279,-0.0110619887709617,-0.0281124226748943,0.0203160624951124,0.0082644550129771,-0.0306346472352743,0.0,0.0155555941164493,-0.0081967134028673,-0.0088105639442801,0.0020660643931478,-0.002197852358222,0.0288659520447254,-0.0108695030212402,-0.0220440197736024,0.0222222004085779,0.0204917825758457,0.0044642812572419,-0.0361445434391498,-0.0153846526518464,0.0041666626930236,-0.0319148153066635,-0.024896340444684,0.0129310227930545,0.0063830236904323,-0.0148620316758751,0.0,-0.0579999908804893,0.0,0.0162601470947265,0.0295982807874679,-0.0120481811463832,-0.032854177057743,0.0184049401432275,-0.0106157520785927,0.0020491294562816,-0.0128755243495106,0.0020534351933747,0.0260869320482015,-0.0845865160226821,0.0254238061606884,0.0410958975553512,-0.0103306174278259,-0.0321969836950302,0.0062630916945636,0.0332681164145469,0.0145227573812007,-0.0173076298087835,-0.0204498786479234,0.0077519309706985,0.0187891758978366,0.0299400426447391,-0.0368853062391281,0.0141700748354196,0.0106383385136723,0.0164608899503946,-0.0189474001526832,-0.0299401376396417,-0.0193132366985082,0.0591966621577739,0.0065644928254187,0.0441500656306743,-0.004347822163254,-0.065979316830635,-0.0010917281033471,0.0801782086491584,0.0032787637319415,-0.0626305192708969,-0.0130718825384974,-0.0362172722816467,-0.035320159047842,-0.0119285127148032,0.0131578687578439,0.0060000419616699,-0.0265386421233415,-0.0291262324899435,-0.0046403668820858,-0.0301317982375621,-0.0629370585083961,-0.0449640303850174,-0.0049751196056604,-0.0840198025107383,0.0225000381469726,-0.0016446961089968,-0.0171149559319019,0.0116472030058503,-0.0074626794084906,-0.0520504601299762,-0.0426065362989902,0.0071485424414277,0.0418848395347595,-0.0164062529802322,0.0251256041228771,0.0631229430437088,-0.1421568393707275,0.0050083822570741,0.005714280065149,-0.0016667047748342,-0.0281124226748943,0.0080321207642555,-0.0381526214190965,0.0060120662792209,0.1626505855200277,0.008032120629414,0.0481927212044355,0.0100604010478067,0.0361445396586397,0.1205357026975217,-0.0763052462510447,0.0308008415073495,-0.2931726957854251,-0.1633333312579188,2019-03-01,2019-03-04,2019-03-05,2019-03-06,2019-03-07,2019-03-08,2019-03-11,2019-03-12,2019-03-13,2019-03-14,14676.0,2019-02-28,252.0,-0.7968%,-0.002,0.3376,0.5699,-1.2066,2.9076%,3.0971%,11.8643%,-0.0101479999999999,TOUR,14676.0,2019-03-01,252.0,-2.8112%,-0.0022,0.3321,0.5616,-1.1989,2.9159%,3.1018%,11.6248%,-0.037112,TOUR,14676.0,2019-03-04,252.0,-1.0331%,-0.0022,0.3315,0.5631,-1.1987,2.9159%,3.1023%,11.6545%,-0.001772,TOUR,14676.0,2019-03-05,252.0,20.8768%,-0.0013,0.3008,0.4614,-1.2982,3.1999%,3.3728%,9.9920%,0.20811,TOUR,14676.0,2019-03-06,252.0,-5.1814%,-0.0015,0.3122,0.5521,-1.2729,3.2096%,3.3878%,10.2439%,-0.043045,TOUR,14676.0,2019-03-07,252.0,-4.9180%,-0.0018,0.3298,0.5419,-1.2524,3.2218%,3.3984%,10.1222%,-0.0505239999999999,TOUR,14676.0,2019-03-08,252.0,0.1916%,-0.0017,0.3286,0.558,-1.2552,3.2205%,3.3983%,10.1888%,0.000151,TOUR,14676.0,2019-03-11,252.0,0.3824%,-0.0017,0.3246,0.5509,-1.2573,3.2208%,3.3984%,10.1790%,-0.009698,TOUR,14676.0,2019-03-12,252.0,-0.3810%,-0.0017,0.3322,0.5503,-1.2488,3.2203%,3.3980%,10.1828%,-0.004174,TOUR,14676.0,2019-03-13,252.0,0.3824%,-0.0017,0.3344,0.5431,-1.2482,3.2203%,3.3976%,10.1670%,0.004235,TOUR,14676.0,2019-03-14,252.0,-1.7143%,-0.0017,0.3325,0.5486,-1.251,3.2207%,3.3988%,10.2080%,-0.010927,TOUR,-0.0472599999999999,-0.049032,0.159078,0.065509,0.045096
16411,TUNIU CORP,"Tuniu Corp ADR Earlier Reported Q4 EPS $(0.02) Beats $(0.04) Estimate, Sales $68.539M Beat $63.21M Estimate",6,increase,0.8,0.6,"the company reported better-than-expected earnings and sales, which typically boosts investor confidence and can lead to an increase in stock price.",2,2019-02-28,TOUR,2019-02-28 14:57:00+00:00,14676.0,89977P10,-0.0079681202769279,140323.0,-0.0281124226748943,0.0080321207642555,-0.0103306174278259,-0.0020039584487676,0.2087682634592056,0.0020079822279512,-0.051813505589962,0.0163265150040388,-0.0491803251206874,-0.0140844462439417,0.0019157527713105,-0.0040080123580992,0.0038240880239754,0.0617021210491657,-0.0038095202762633,-0.0167364850640296,0.0038240880239754,0.0575221739709377,-0.0171428862959146,0.0089285625144839,-0.0271317586302757,0.0022371876984834,-0.0079681202769279,-0.0110619887709617,-0.0281124226748943,0.0203160624951124,0.0082644550129771,-0.0306346472352743,0.0,0.0155555941164493,-0.0081967134028673,-0.0088105639442801,0.0020660643931478,-0.002197852358222,0.0288659520447254,-0.0108695030212402,-0.0220440197736024,0.0222222004085779,0.0204917825758457,0.0044642812572419,-0.0361445434391498,-0.0153846526518464,0.0041666626930236,-0.0319148153066635,-0.024896340444684,0.0129310227930545,0.0063830236904323,-0.0148620316758751,0.0,-0.0579999908804893,0.0,0.0162601470947265,0.0295982807874679,-0.0120481811463832,-0.032854177057743,0.0184049401432275,-0.0106157520785927,0.0020491294562816,-0.0128755243495106,0.0020534351933747,0.0260869320482015,-0.0845865160226821,0.0254238061606884,0.0410958975553512,-0.0103306174278259,-0.0321969836950302,0.0062630916945636,0.0332681164145469,0.0145227573812007,-0.0173076298087835,-0.0204498786479234,0.0077519309706985,0.0187891758978366,0.0299400426447391,-0.0368853062391281,0.0141700748354196,0.0106383385136723,0.0164608899503946,-0.0189474001526832,-0.0299401376396417,-0.0193132366985082,0.0591966621577739,0.0065644928254187,0.0441500656306743,-0.004347822163254,-0.065979316830635,-0.0010917281033471,0.0801782086491584,0.0032787637319415,-0.0626305192708969,-0.0130718825384974,-0.0362172722816467,-0.035320159047842,-0.0119285127148032,0.0131578687578439,0.0060000419616699,-0.0265386421233415,-0.0291262324899435,-0.0046403668820858,-0.0301317982375621,-0.0629370585083961,-0.0449640303850174,-0.0049751196056604,-0.0840198025107383,0.0225000381469726,-0.0016446961089968,-0.0171149559319019,0.0116472030058503,-0.0074626794084906,-0.0520504601299762,-0.0426065362989902,0.0071485424414277,0.0418848395347595,-0.0164062529802322,0.0251256041228771,0.0631229430437088,-0.1421568393707275,0.0050083822570741,0.005714280065149,-0.0016667047748342,-0.0281124226748943,0.0080321207642555,-0.0381526214190965,0.0060120662792209,0.1626505855200277,0.008032120629414,0.0481927212044355,0.0100604010478067,0.0361445396586397,0.1205357026975217,-0.0763052462510447,0.0308008415073495,-0.2931726957854251,-0.1633333312579188,2019-03-01,2019-03-04,2019-03-05,2019-03-06,2019-03-07,2019-03-08,2019-03-11,2019-03-12,2019-03-13,2019-03-14,14676.0,2019-02-28,252.0,-0.7968%,-0.002,0.3376,0.5699,-1.2066,2.9076%,3.0971%,11.8643%,-0.0101479999999999,TOUR,14676.0,2019-03-01,252.0,-2.8112%,-0.0022,0.3321,0.5616,-1.1989,2.9159%,3.1018%,11.6248%,-0.037112,TOUR,14676.0,2019-03-04,252.0,-1.0331%,-0.0022,0.3315,0.5631,-1.1987,2.9159%,3.1023%,11.6545%,-0.001772,TOUR,14676.0,2019-03-05,252.0,20.8768%,-0.0013,0.3008,0.4614,-1.2982,3.1999%,3.3728%,9.9920%,0.20811,TOUR,14676.0,2019-03-06,252.0,-5.1814%,-0.0015,0.3122,0.5521,-1.2729,3.2096%,3.3878%,10.2439%,-0.043045,TOUR,14676.0,2019-03-07,252.0,-4.9180%,-0.0018,0.3298,0.5419,-1.2524,3.2218%,3.3984%,10.1222%,-0.0505239999999999,TOUR,14676.0,2019-03-08,252.0,0.1916%,-0.0017,0.3286,0.558,-1.2552,3.2205%,3.3983%,10.1888%,0.000151,TOUR,14676.0,2019-03-11,252.0,0.3824%,-0.0017,0.3246,0.5509,-1.2573,3.2208%,3.3984%,10.1790%,-0.009698,TOUR,14676.0,2019-03-12,252.0,-0.3810%,-0.0017,0.3322,0.5503,-1.2488,3.2203%,3.3980%,10.1828%,-0.004174,TOUR,14676.0,2019-03-13,252.0,0.3824%,-0.0017,0.3344,0.5431,-1.2482,3.2203%,3.3976%,10.1670%,0.004235,TOUR,14676.0,2019-03-14,252.0,-1.7143%,-0.0017,0.3325,0.5486,-1.251,3.2207%,3.3988%,10.2080%,-0.010927,TOUR,-0.0472599999999999,-0.049032,0.159078,0.065509,0.045096
16419,TUTOR PERINI CORP,Tutor Perini Corp shares are trading higher after the company beat Q4 EPS estimates; the company also provided FY19 EPS guidance above estimates.,6,increase,0.85,0.7,"the news indicates that tutor perini corp has exceeded earnings expectations and provided positive future guidance, which typically boosts investor confidence and stock prices.",2,2019-02-28,TPC,2019-02-28 16:00:00+00:00,50550.0,90110910,0.0742008686065673,1000113.0,0.0223166886717081,-0.0084889428690075,-0.0057172873057425,-0.0232172515243291,0.0026137556415051,0.0005531100323423,-0.0307612176984548,0.0089285625144839,-0.009682641364634,0.0118577638640999,-0.0005431954632513,0.0137378238141536,0.0206522326916456,0.0282518863677978,0.0149094127118587,0.0296969562768936,-0.0026232548989355,0.009791912510991,-0.0199895352125167,0.0348321832716465,-0.0064411666244268,0.0246593207120895,0.0162074137479066,-0.017845744267106,-0.0106325820088386,-0.016300955787301,-0.0155830681324005,-0.02506117336452,-0.0076418882235884,0.0148883229121565,-0.05830579996109,-0.0170730967074632,0.0011681395117193,0.0199004784226417,-0.0081679923459887,-0.0656594559550285,0.0111765023320913,0.0,0.0058173574507236,-0.0005807334091514,-0.0098322769626975,0.0023282309994101,0.0262849777936935,-0.0149082699790597,0.0108139179646968,0.0116009721532464,0.003941424190998,0.0075978464446961,0.0336511731147766,0.0332126319408416,0.0282148905098438,-0.0965630337595939,0.0026384820230305,0.0280426256358623,-0.0136842224746942,0.0147979641333222,0.0112060299143195,-0.0195312704890966,0.0021107655484229,-0.0011148527264595,-0.0005266049993224,-0.0055432580411434,0.0031612948514521,0.0050139357335865,0.0262605026364326,0.0101294489577412,0.016888428479433,0.0016911323182284,-0.0065425797365605,0.0295995492488145,0.0040526809170842,0.0286566894501447,0.0035317707806825,0.0423148907721042,0.0030166604556143,-0.000621904793661,-0.0185464080423116,0.00688789319247,-0.0020428502466529,0.0139682712033391,0.0081883231177926,-0.0025332465302199,0.0137055097147822,-0.0100313387811183,-0.0090134404599666,0.0404435656964778,0.0090954210609197,-0.0038986627478152,0.0050075305625796,-0.0290220845490694,0.0079720905050635,-0.0149160828441381,-0.023232789710164,-0.0468008928000927,-0.0136639904230833,0.0150330737233161,-0.1251924335956573,-0.0053827846422791,-0.0046920776367187,-0.0329671241343021,-0.0247495640069246,-0.0142531348392367,0.0090635363012552,0.0197674501687288,0.0101796444505453,-0.0221716538071632,-0.0201541278511285,0.0203016456216573,-0.0229885689914226,-0.0232294537127018,-0.013622248545289,0.0431441813707351,-0.0112994536757469,-0.0605219416320323,-0.0019047450041398,-0.0322407484054565,-0.0324427634477615,0.0147219439968466,0.0052596926689147,-0.0139785064384341,0.0223166886717081,-0.0084889428690075,0.0164718104451166,-0.0315091044715714,0.0191286193740984,-0.0309734224410224,-0.0217853275799151,-0.0107283261869407,-0.0100956717011021,0.1095630446459416,0.009032948806614,-0.0234113718272083,-0.1875664083848474,-0.0580645134943423,2019-03-01,2019-03-04,2019-03-05,2019-03-06,2019-03-07,2019-03-08,2019-03-11,2019-03-12,2019-03-13,2019-03-14,50550.0,2019-02-28,252.0,7.4201%,-0.0003,1.2296,0.9401,0.7914,2.1929%,2.5241%,24.5203%,0.079858,TPC,50550.0,2019-03-01,252.0,2.2317%,-0.0007,1.3092,1.0587,0.9081,2.0441%,2.4385%,29.7344%,0.0138129999999999,TPC,50550.0,2019-03-04,252.0,-0.5717%,-0.0004,1.2736,1.1748,0.9178,1.9873%,2.3856%,30.6056%,0.001694,TPC,50550.0,2019-03-05,252.0,0.2614%,-0.0002,1.2784,1.2193,0.9172,1.9797%,2.3846%,31.0756%,0.0105339999999999,TPC,50550.0,2019-03-06,252.0,-3.0761%,-0.0003,1.2703,1.238,0.9106,1.9763%,2.3848%,31.3244%,-0.005116,TPC,50550.0,2019-03-07,252.0,-0.9683%,-0.0003,1.2677,1.2346,0.9061,1.9765%,2.3834%,31.2264%,0.004516,TPC,50550.0,2019-03-08,252.0,-0.0543%,-0.0003,1.268,1.222,0.9073,1.9753%,2.3806%,31.1528%,0.003079,TPC,50550.0,2019-03-11,252.0,2.0652%,-0.0003,1.2699,1.2055,0.8969,1.9718%,2.3800%,31.3638%,0.001988,TPC,50550.0,2019-03-12,252.0,1.4909%,-0.0002,1.2779,1.1966,0.9024,1.9737%,2.3804%,31.2526%,0.015738,TPC,50550.0,2019-03-13,252.0,-0.2623%,-0.0002,1.275,1.2063,0.9015,1.9737%,2.3803%,31.2465%,-0.008295,TPC,50550.0,2019-03-14,252.0,-1.9990%,-0.0002,1.275,1.2142,0.8975,1.9763%,2.3834%,31.2425%,-0.016564,TPC,0.093671,0.095365,0.105899,0.105299,0.101245
16427,LENDINGTREE INC,UBS Downgrades LendingTree to Neutral,6,decrease,0.8,0.7,"a downgrade from ubs typically signals reduced expectations for the company's performance, which can lead to a decline in stock price.",0,2019-02-28,TREE,2019-02-28 12:47:00+00:00,92775.0,52603B10,-0.0063862549141049,137787.0,0.011443780735135,0.036319613456726,-0.0314941219985485,-0.0332698822021484,0.0133465081453323,-0.015879301354289,-0.0063800546340644,0.0496147014200687,-0.0290219169110059,-0.0159883517771959,0.0177110061049461,-0.0084300357848405,0.0288545098155736,0.0039791879244148,0.0077226152643561,0.024889962747693,0.0264962576329708,-0.00054997386178,0.0129666263237595,0.0143724521622061,0.0165303386747837,0.0225824154913425,-0.0024950278457254,-0.0063351038843393,-0.0097695225849747,-0.0227753743529319,-0.0033877585083246,0.0003585914964787,0.0180994346737861,0.0107731986790895,-0.0316307060420513,-0.010690651834011,0.0136401494964957,0.0042223376221954,0.0197225604206323,0.0309779066592454,0.0029552294872701,0.0211577657610178,0.0146162435412406,0.0092158736661076,0.0108689367771148,-0.02505599334836,0.0297246910631656,0.0050433143042027,-0.0266567897051572,0.0143444538116455,0.0216540042310953,0.0232369229197502,0.001361206639558,0.0150421923026442,0.0178095400333404,-0.0343548618257045,-0.0030525897163897,0.0029554122593253,-0.0435507483780384,0.0418009124696254,0.0393025577068328,0.0388335175812244,-0.0013476918684318,0.0359816439449787,0.0090882061049342,0.0173309352248907,-0.005731301382184,0.0140760112553834,0.0148774767294526,0.0419460050761699,-0.005463499110192,-0.0149833029136061,-0.0015772935003042,0.0273949652910232,0.0147903813049197,0.0374851711094379,-0.0041067176498472,0.0422799363732338,-0.001778841833584,-0.0195134934037923,-0.0021059988066554,0.0129343550652265,0.057847898453474,-0.0043079853057861,-0.0373941622674465,0.002591531490907,0.0225056484341621,0.0110319182276725,0.0003118214081041,0.0732610076665878,-0.0075856326147913,-0.0008379660430364,0.0235851779580116,-0.0452277883887291,0.0196660161018371,-0.0171153526753187,-0.0222211480140686,-0.0283171664923429,-0.0072589819319546,-0.0034936792217195,0.0143658053129911,-0.0366758741438388,-0.0075651477091014,-0.0155884902924299,-0.0617011673748493,-0.0522141754627227,0.0106406658887863,0.0128440121188759,0.0272822864353656,0.0252926554530859,0.018153116106987,-0.014583540149033,-0.0069350809790194,-0.0732284933328628,0.0076088774949312,0.046382550150156,-0.0220336951315403,-0.0568220950663089,0.0022477419115602,0.0193977821618318,-0.0146697908639907,0.0238722302019596,0.0054089943878352,-0.0022366663906723,0.011443780735135,0.036319613456726,-0.0204107530900103,0.0018413819932447,-0.0073366572270462,-0.0140671592206234,-0.0422950936920882,0.0183040647849268,0.050760314237183,0.0533224010497008,0.1384542128005887,0.2513644780972004,0.1772064105791886,0.2596139119079017,2019-03-01,2019-03-04,2019-03-05,2019-03-06,2019-03-07,2019-03-08,2019-03-11,2019-03-12,2019-03-13,2019-03-14,92775.0,2019-02-28,252.0,-0.6386%,-0.0004,1.3475,1.9761,-0.2614,2.8990%,3.4621%,29.8833%,-0.00335,TREE,92775.0,2019-03-01,252.0,1.1444%,-0.0005,1.358,1.9917,-0.243,2.8967%,3.4627%,30.0208%,-0.005124,TREE,92775.0,2019-03-04,252.0,-3.1494%,-0.0005,1.3534,2.0203,-0.2449,2.8969%,3.4679%,30.2165%,-0.015608,TREE,92775.0,2019-03-05,252.0,1.3347%,-0.0004,1.3554,2.0497,-0.2515,2.8960%,3.4684%,30.2822%,0.021233,TREE,92775.0,2019-03-06,252.0,-0.6380%,-0.0003,1.3359,1.9912,-0.2815,2.9014%,3.4668%,29.9573%,0.0308409999999999,TREE,92775.0,2019-03-07,252.0,-2.9022%,-0.0003,1.3478,2.0158,-0.2587,2.9017%,3.4716%,30.1403%,-0.017693,TREE,92775.0,2019-03-08,252.0,1.7711%,-0.0001,1.3429,2.0525,-0.2684,2.8967%,3.4720%,30.3943%,0.019139,TREE,92775.0,2019-03-11,252.0,2.8855%,-0.0,1.3434,2.0394,-0.2762,2.8953%,3.4748%,30.5724%,-3e-05,TREE,92775.0,2019-03-12,252.0,0.7723%,-0.0,1.3404,2.0356,-0.2813,2.8958%,3.4725%,30.4563%,0.0097629999999999,TREE,92775.0,2019-03-13,252.0,2.6496%,0.0001,1.3483,2.0251,-0.2752,2.8998%,3.4761%,30.4081%,0.0240309999999999,TREE,92775.0,2019-03-14,252.0,1.2967%,0.0002,1.3476,2.0141,-0.2697,2.9032%,3.4758%,30.2354%,0.023353,TREE,-0.008474,-0.024082,-0.002849,0.0102989999999999,0.0865549999999999
16435,TRIMAS CORP,TriMas Sees FY19 EPS $1.82-$1.92 vs $1.88 Est.,6,uncertain,0.6,0.3,"while trimas' eps guidance is within the estimated range, the slight variation from the estimate may not provide a strong enough signal to definitively influence the stock price.",1,2019-02-28,TRS,2019-02-28 13:06:00+00:00,92029.0,89621520,0.0385481119155883,298229.0,-0.0210331641137599,0.0203211717307567,0.0129542415961623,-0.0068359076976776,-0.0081098601222038,-0.0074313874356448,-0.0220125429332256,-0.009916809387505,-0.0054662404581904,-0.0066729928366839,-0.0016165905399248,-0.0056872135028243,0.0055051841773092,0.0118286097422242,-0.0054750428535044,0.0228908024728298,0.0165155511349439,-0.0009800943080335,-0.0012742596445605,0.0115664368495345,-0.0003189865674357,0.0157770831137895,0.012125052511692,0.0070994249545037,0.0034678629599511,-0.0010131944436579,-0.0116242803633213,-0.0067091197706758,0.0,0.0070945634506642,-0.0527654141187667,0.0047522503882646,0.015100697055459,0.0200830996036529,0.0105785019695758,-0.0037944328505545,0.0052338843233883,0.0129279848188161,-0.0074845282360911,0.0052687576971948,-0.0088524743914604,0.0171489659696817,0.0168706662952899,-0.0209863726049661,0.0296031180769205,0.0159914977848529,-0.0028436067514121,0.006797804031521,0.0095057394355535,-0.0060455217026174,0.0144381383433938,-0.0067113609984517,-0.0123762255534529,0.0150591637939214,-0.0112782148644328,0.0302918255329132,0.0155259752646088,0.0007393884588964,0.0087364306673407,0.00445595709607,-0.0083513902500271,-0.0025925813242793,0.0099812755361199,0.002971765352413,0.0006176793249323,-0.0171595234423875,-0.0024691922590136,0.0339750722050666,0.0027846582233905,0.0007555896881967,-0.0040111406706273,-0.0078711016103625,0.008674181997776,0.0222222190350294,0.0018426767783239,-0.0213723164051771,-0.0193132795393466,-0.0227189753204584,0.0065645826980471,0.0084996838122606,0.0102483853697776,0.0078211948275566,-0.0491853207349777,0.0267686713486909,-0.0003233180905226,0.0218835268169641,0.0,-0.0146322362124919,0.0106727015227079,-0.0162878911942243,-0.0006400146521627,-0.0018904024036601,-0.0160102471709251,-0.0203703418374061,-0.0120403170585632,-0.0102639542892575,-0.00527008716017,0.0003667117271106,0.0066224783658981,-0.0148121332749724,-0.0167763233184814,-0.0075295479036867,0.0173971392214298,0.0238619539886713,0.0013153868494555,0.0029455053154379,0.0088669471442699,0.0007369365775957,-0.0224608927965164,-0.011653303168714,-0.0036630239337682,0.0091877989470958,0.0137032037600874,-0.0630165934562683,-0.0039565064944326,0.0003444791072979,-0.03574975207448,0.0125567009672522,0.0027463070582598,-0.0086445370689034,-0.0210331641137599,0.0203211717307567,-0.008351391207059,0.0133463503788191,-0.0163935227147478,0.0058157810426573,-0.0433034787582943,-0.0108039441826672,-0.0303124477602689,0.0287507906670836,-3.966178718783908e-09,0.1559598498845709,-0.0965048764886595,0.0764176645860164,2019-03-01,2019-03-04,2019-03-05,2019-03-06,2019-03-07,2019-03-08,2019-03-11,2019-03-12,2019-03-13,2019-03-14,92029.0,2019-02-28,252.0,3.8548%,0.0011,1.0186,0.5612,0.4992,1.3486%,1.6901%,36.3337%,0.0427289999999999,TRS,92029.0,2019-03-01,252.0,-2.1033%,0.0008,1.033,0.5827,0.5351,1.3438%,1.6917%,36.8990%,-0.028087,TRS,92029.0,2019-03-04,252.0,1.2954%,0.0009,1.0309,0.574,0.5393,1.3484%,1.6929%,36.5545%,0.01848,TRS,92029.0,2019-03-05,252.0,-0.8110%,0.0009,1.0357,0.6086,0.5443,1.3437%,1.6933%,37.0270%,-0.003374,TRS,92029.0,2019-03-06,252.0,-2.2013%,0.001,1.0475,0.6151,0.5585,1.3402%,1.6990%,37.7714%,-0.005952,TRS,92029.0,2019-03-07,252.0,-0.5466%,0.001,1.043,0.6018,0.5488,1.3390%,1.6953%,37.6166%,0.0053069999999999,TRS,92029.0,2019-03-08,252.0,-0.1617%,0.0009,1.0437,0.591,0.5504,1.3376%,1.6935%,37.6134%,0.00122,TRS,92029.0,2019-03-11,252.0,0.5505%,0.0009,1.0386,0.5794,0.5463,1.3383%,1.6929%,37.5061%,-0.009401,TRS,92029.0,2019-03-12,252.0,-0.5475%,0.0009,1.036,0.5831,0.5448,1.3389%,1.6885%,37.1197%,-0.006102,TRS,92029.0,2019-03-13,252.0,1.6516%,0.0009,1.0392,0.5805,0.5477,1.3403%,1.6914%,37.2074%,0.010811,TRS,92029.0,2019-03-14,252.0,-0.1274%,0.001,1.036,0.5825,0.5467,1.3383%,1.6878%,37.1233%,0.000412,TRS,0.0146419999999999,0.033122,0.029748,0.029103,0.026043
16443,TRIMAS CORP,"TriMas Q4 EPS $0.38, Inline, Sales $211.4M Beat $205.72M Estimate",6,increase,0.7,0.6,"the sales beat expectations, which is generally a positive indicator for stock performance, despite the eps being inline.",2,2019-02-28,TRS,2019-02-28 13:02:00+00:00,92029.0,89621520,0.0385481119155883,298229.0,-0.0210331641137599,0.0203211717307567,0.0129542415961623,-0.0068359076976776,-0.0081098601222038,-0.0074313874356448,-0.0220125429332256,-0.009916809387505,-0.0054662404581904,-0.0066729928366839,-0.0016165905399248,-0.0056872135028243,0.0055051841773092,0.0118286097422242,-0.0054750428535044,0.0228908024728298,0.0165155511349439,-0.0009800943080335,-0.0012742596445605,0.0115664368495345,-0.0003189865674357,0.0157770831137895,0.012125052511692,0.0070994249545037,0.0034678629599511,-0.0010131944436579,-0.0116242803633213,-0.0067091197706758,0.0,0.0070945634506642,-0.0527654141187667,0.0047522503882646,0.015100697055459,0.0200830996036529,0.0105785019695758,-0.0037944328505545,0.0052338843233883,0.0129279848188161,-0.0074845282360911,0.0052687576971948,-0.0088524743914604,0.0171489659696817,0.0168706662952899,-0.0209863726049661,0.0296031180769205,0.0159914977848529,-0.0028436067514121,0.006797804031521,0.0095057394355535,-0.0060455217026174,0.0144381383433938,-0.0067113609984517,-0.0123762255534529,0.0150591637939214,-0.0112782148644328,0.0302918255329132,0.0155259752646088,0.0007393884588964,0.0087364306673407,0.00445595709607,-0.0083513902500271,-0.0025925813242793,0.0099812755361199,0.002971765352413,0.0006176793249323,-0.0171595234423875,-0.0024691922590136,0.0339750722050666,0.0027846582233905,0.0007555896881967,-0.0040111406706273,-0.0078711016103625,0.008674181997776,0.0222222190350294,0.0018426767783239,-0.0213723164051771,-0.0193132795393466,-0.0227189753204584,0.0065645826980471,0.0084996838122606,0.0102483853697776,0.0078211948275566,-0.0491853207349777,0.0267686713486909,-0.0003233180905226,0.0218835268169641,0.0,-0.0146322362124919,0.0106727015227079,-0.0162878911942243,-0.0006400146521627,-0.0018904024036601,-0.0160102471709251,-0.0203703418374061,-0.0120403170585632,-0.0102639542892575,-0.00527008716017,0.0003667117271106,0.0066224783658981,-0.0148121332749724,-0.0167763233184814,-0.0075295479036867,0.0173971392214298,0.0238619539886713,0.0013153868494555,0.0029455053154379,0.0088669471442699,0.0007369365775957,-0.0224608927965164,-0.011653303168714,-0.0036630239337682,0.0091877989470958,0.0137032037600874,-0.0630165934562683,-0.0039565064944326,0.0003444791072979,-0.03574975207448,0.0125567009672522,0.0027463070582598,-0.0086445370689034,-0.0210331641137599,0.0203211717307567,-0.008351391207059,0.0133463503788191,-0.0163935227147478,0.0058157810426573,-0.0433034787582943,-0.0108039441826672,-0.0303124477602689,0.0287507906670836,-3.966178718783908e-09,0.1559598498845709,-0.0965048764886595,0.0764176645860164,2019-03-01,2019-03-04,2019-03-05,2019-03-06,2019-03-07,2019-03-08,2019-03-11,2019-03-12,2019-03-13,2019-03-14,92029.0,2019-02-28,252.0,3.8548%,0.0011,1.0186,0.5612,0.4992,1.3486%,1.6901%,36.3337%,0.0427289999999999,TRS,92029.0,2019-03-01,252.0,-2.1033%,0.0008,1.033,0.5827,0.5351,1.3438%,1.6917%,36.8990%,-0.028087,TRS,92029.0,2019-03-04,252.0,1.2954%,0.0009,1.0309,0.574,0.5393,1.3484%,1.6929%,36.5545%,0.01848,TRS,92029.0,2019-03-05,252.0,-0.8110%,0.0009,1.0357,0.6086,0.5443,1.3437%,1.6933%,37.0270%,-0.003374,TRS,92029.0,2019-03-06,252.0,-2.2013%,0.001,1.0475,0.6151,0.5585,1.3402%,1.6990%,37.7714%,-0.005952,TRS,92029.0,2019-03-07,252.0,-0.5466%,0.001,1.043,0.6018,0.5488,1.3390%,1.6953%,37.6166%,0.0053069999999999,TRS,92029.0,2019-03-08,252.0,-0.1617%,0.0009,1.0437,0.591,0.5504,1.3376%,1.6935%,37.6134%,0.00122,TRS,92029.0,2019-03-11,252.0,0.5505%,0.0009,1.0386,0.5794,0.5463,1.3383%,1.6929%,37.5061%,-0.009401,TRS,92029.0,2019-03-12,252.0,-0.5475%,0.0009,1.036,0.5831,0.5448,1.3389%,1.6885%,37.1197%,-0.006102,TRS,92029.0,2019-03-13,252.0,1.6516%,0.0009,1.0392,0.5805,0.5477,1.3403%,1.6914%,37.2074%,0.010811,TRS,92029.0,2019-03-14,252.0,-0.1274%,0.001,1.036,0.5825,0.5467,1.3383%,1.6878%,37.1233%,0.000412,TRS,0.0146419999999999,0.033122,0.029748,0.029103,0.026043
16451,TRIMAS CORP,TriMas Raises Buyback From $50M-$75M,6,increase,0.8,0.6,"increasing the buyback program typically signals confidence in the company's financial health and can lead to a positive perception among investors, potentially driving the stock price up.",2,2019-02-28,TRS,2019-02-28 12:57:00+00:00,92029.0,89621520,0.0385481119155883,298229.0,-0.0210331641137599,0.0203211717307567,0.0129542415961623,-0.0068359076976776,-0.0081098601222038,-0.0074313874356448,-0.0220125429332256,-0.009916809387505,-0.0054662404581904,-0.0066729928366839,-0.0016165905399248,-0.0056872135028243,0.0055051841773092,0.0118286097422242,-0.0054750428535044,0.0228908024728298,0.0165155511349439,-0.0009800943080335,-0.0012742596445605,0.0115664368495345,-0.0003189865674357,0.0157770831137895,0.012125052511692,0.0070994249545037,0.0034678629599511,-0.0010131944436579,-0.0116242803633213,-0.0067091197706758,0.0,0.0070945634506642,-0.0527654141187667,0.0047522503882646,0.015100697055459,0.0200830996036529,0.0105785019695758,-0.0037944328505545,0.0052338843233883,0.0129279848188161,-0.0074845282360911,0.0052687576971948,-0.0088524743914604,0.0171489659696817,0.0168706662952899,-0.0209863726049661,0.0296031180769205,0.0159914977848529,-0.0028436067514121,0.006797804031521,0.0095057394355535,-0.0060455217026174,0.0144381383433938,-0.0067113609984517,-0.0123762255534529,0.0150591637939214,-0.0112782148644328,0.0302918255329132,0.0155259752646088,0.0007393884588964,0.0087364306673407,0.00445595709607,-0.0083513902500271,-0.0025925813242793,0.0099812755361199,0.002971765352413,0.0006176793249323,-0.0171595234423875,-0.0024691922590136,0.0339750722050666,0.0027846582233905,0.0007555896881967,-0.0040111406706273,-0.0078711016103625,0.008674181997776,0.0222222190350294,0.0018426767783239,-0.0213723164051771,-0.0193132795393466,-0.0227189753204584,0.0065645826980471,0.0084996838122606,0.0102483853697776,0.0078211948275566,-0.0491853207349777,0.0267686713486909,-0.0003233180905226,0.0218835268169641,0.0,-0.0146322362124919,0.0106727015227079,-0.0162878911942243,-0.0006400146521627,-0.0018904024036601,-0.0160102471709251,-0.0203703418374061,-0.0120403170585632,-0.0102639542892575,-0.00527008716017,0.0003667117271106,0.0066224783658981,-0.0148121332749724,-0.0167763233184814,-0.0075295479036867,0.0173971392214298,0.0238619539886713,0.0013153868494555,0.0029455053154379,0.0088669471442699,0.0007369365775957,-0.0224608927965164,-0.011653303168714,-0.0036630239337682,0.0091877989470958,0.0137032037600874,-0.0630165934562683,-0.0039565064944326,0.0003444791072979,-0.03574975207448,0.0125567009672522,0.0027463070582598,-0.0086445370689034,-0.0210331641137599,0.0203211717307567,-0.008351391207059,0.0133463503788191,-0.0163935227147478,0.0058157810426573,-0.0433034787582943,-0.0108039441826672,-0.0303124477602689,0.0287507906670836,-3.966178718783908e-09,0.1559598498845709,-0.0965048764886595,0.0764176645860164,2019-03-01,2019-03-04,2019-03-05,2019-03-06,2019-03-07,2019-03-08,2019-03-11,2019-03-12,2019-03-13,2019-03-14,92029.0,2019-02-28,252.0,3.8548%,0.0011,1.0186,0.5612,0.4992,1.3486%,1.6901%,36.3337%,0.0427289999999999,TRS,92029.0,2019-03-01,252.0,-2.1033%,0.0008,1.033,0.5827,0.5351,1.3438%,1.6917%,36.8990%,-0.028087,TRS,92029.0,2019-03-04,252.0,1.2954%,0.0009,1.0309,0.574,0.5393,1.3484%,1.6929%,36.5545%,0.01848,TRS,92029.0,2019-03-05,252.0,-0.8110%,0.0009,1.0357,0.6086,0.5443,1.3437%,1.6933%,37.0270%,-0.003374,TRS,92029.0,2019-03-06,252.0,-2.2013%,0.001,1.0475,0.6151,0.5585,1.3402%,1.6990%,37.7714%,-0.005952,TRS,92029.0,2019-03-07,252.0,-0.5466%,0.001,1.043,0.6018,0.5488,1.3390%,1.6953%,37.6166%,0.0053069999999999,TRS,92029.0,2019-03-08,252.0,-0.1617%,0.0009,1.0437,0.591,0.5504,1.3376%,1.6935%,37.6134%,0.00122,TRS,92029.0,2019-03-11,252.0,0.5505%,0.0009,1.0386,0.5794,0.5463,1.3383%,1.6929%,37.5061%,-0.009401,TRS,92029.0,2019-03-12,252.0,-0.5475%,0.0009,1.036,0.5831,0.5448,1.3389%,1.6885%,37.1197%,-0.006102,TRS,92029.0,2019-03-13,252.0,1.6516%,0.0009,1.0392,0.5805,0.5477,1.3403%,1.6914%,37.2074%,0.010811,TRS,92029.0,2019-03-14,252.0,-0.1274%,0.001,1.036,0.5825,0.5467,1.3383%,1.6878%,37.1233%,0.000412,TRS,0.0146419999999999,0.033122,0.029748,0.029103,0.026043
16459,T2 BIOSYSTEMS INC,T2 Biosystems shares are trading higher after the company reported the FDA granted Breakthrough Device designation to its T2Resistance Panel.,6,increase,0.8,0.7,"the fda granting breakthrough device designation typically signals a positive development for a medical device company, likely leading to increased investor confidence and a rise in stock price.",2,2019-02-28,TTOO,2019-02-28 15:48:00+00:00,14879.0,89853L20,0.1542553603649139,6838070.0,0.0322580337524414,-0.0505050607025623,-0.0424107275903224,-0.0050251209177076,-0.1655011773109436,0.0364583618938922,-0.0893854573369026,0.0322580337524414,-0.0368097797036171,0.0026954151690006,-0.1656051576137543,-0.0080213826149702,-0.0152671616524457,0.0135501222684979,0.0503876432776451,0.0423729084432125,-0.033210389316082,0.0085470005869865,0.0114504620432853,0.0173912867903709,0.0113207437098026,0.0147058675065636,-0.0037313397042453,-0.0058479476720094,-0.0411985516548156,-0.0086956433951854,0.0585937872529029,-0.1265822798013687,0.0738007575273513,0.0762942656874656,0.0,0.0545977167785167,-0.0652921125292778,-0.0224718898534774,0.0220588017255067,0.017142841592431,-0.0251798331737518,0.0324483439326286,-0.0147601328790187,-0.0314285419881343,-0.0149812586605548,0.0233917906880378,0.0038022776134312,-0.0311614442616701,0.0265151243656873,0.0085714207962155,-0.0221401993185281,0.0028653268236666,0.0226414874196052,-0.0305555276572704,0.0147601328790187,-0.0027700804639607,0.1272726953029633,-0.0269542168825864,0.0096774874255061,-0.0026881694793701,-0.0159745011478662,0.0,0.0259740799665451,0.0054053999483585,-0.0158228445798158,-0.0263157654553651,-0.0514468997716903,-0.0155440270900726,-0.0271186977624893,0.0104711940512061,-0.0801393017172813,0.0611111223697662,-0.04545459151268,0.0027855127118527,0.0238095019012689,-0.0055401609279215,0.0232558846473693,0.084084078669548,-0.0113637149333953,-0.0566572360694408,0.0,0.172757476568222,-0.0153256561607122,0.0100671043619513,0.0233463738113641,-0.016501635313034,-0.022813756018877,-0.0288461279124021,-0.0272373296320438,-0.0400000363588333,0.0079999919980764,0.0655737891793251,0.1190476045012474,-0.0785498470067977,0.0212766602635383,-0.0030120452865958,-0.0416667088866233,-0.0621469020843505,0.0072463699616491,-0.0166666507720947,-0.0611511059105396,-0.0816326960921287,-0.0268198996782302,0.0077120745554566,-0.0039370041340589,-0.0371286794543266,0.0355730876326561,0.0074812299571931,0.0419847853481769,-0.0171567890793085,0.0659340918064117,-0.0215827692300081,-0.0996564254164695,-0.0435779951512813,-0.0419846959412097,-0.0202246475964784,0.0079681202769279,0.0,0.0158102624118328,0.0022521964274346,-0.1906614899635315,-0.032679758965969,0.0096153756603598,-0.0397489629685878,0.0322580337524414,-0.0505050607025623,-0.0115207805199553,-0.0552763875832834,-0.1751152550913053,-0.0208333122320896,-0.2764976965558126,0.0134770779365189,-0.3894009197041943,0.0898550558288837,-0.2718894017687915,0.0162161917324252,-0.516129071933042,-0.2133891606507554,2019-03-01,2019-03-04,2019-03-05,2019-03-06,2019-03-07,2019-03-08,2019-03-11,2019-03-12,2019-03-13,2019-03-14,14879.0,2019-02-28,252.0,15.4255%,-0.0004,0.8826,2.0355,-0.6558,4.5090%,4.8166%,12.3657%,0.154635,TTOO,14879.0,2019-03-01,252.0,3.2258%,-0.0004,0.9047,2.0685,-0.6296,4.5063%,4.8201%,12.5972%,0.0172879999999999,TTOO,14879.0,2019-03-04,252.0,-4.2411%,-0.0004,0.8881,2.1475,-0.6308,4.5014%,4.8232%,12.9009%,-0.027067,TTOO,14879.0,2019-03-05,252.0,-16.5501%,-0.0018,0.8648,1.8632,-0.589,4.3959%,4.6704%,11.4072%,-0.158938,TTOO,14879.0,2019-03-06,252.0,-8.9385%,-0.0019,0.9052,1.9651,-0.5296,4.4055%,4.6991%,12.1074%,-0.0584989999999999,TTOO,14879.0,2019-03-07,252.0,-3.6810%,-0.002,0.9199,1.9824,-0.5051,4.4087%,4.7041%,12.1660%,-0.029849,TTOO,14879.0,2019-03-08,252.0,-16.5605%,-0.0023,0.9361,2.08,-0.4843,4.4913%,4.7946%,12.2516%,-0.165521,TTOO,14879.0,2019-03-11,252.0,-1.5267%,-0.0029,0.9127,2.1755,-0.4176,4.4318%,4.7394%,12.5595%,-0.039311,TTOO,14879.0,2019-03-12,252.0,5.0388%,-0.0029,0.8666,2.1599,-0.477,4.4300%,4.7315%,12.3410%,0.053773,TTOO,14879.0,2019-03-13,252.0,-3.3210%,-0.0031,0.8578,2.1553,-0.4877,4.4314%,4.7311%,12.2685%,-0.0319,TTOO,14879.0,2019-03-14,252.0,1.1450%,-0.0029,0.8551,2.1442,-0.4821,4.4334%,4.7305%,12.1659%,0.0225179999999999,TTOO,0.171923,0.1448559999999999,-0.014082,-0.10243,-0.2628709999999999
16467,TERNIUM S A,Credit Suisse Downgrades Ternium to Neutral,6,decrease,0.8,0.6,"a downgrade from a major financial institution like credit suisse typically signals reduced confidence in the company's future performance, which can lead to a decrease in stock price.",0,2019-02-28,TX,2019-02-28 13:23:00+00:00,91125.0,88089010,-0.0286195408552885,700513.0,0.0090121394023299,-0.0149253355339169,-0.002748193917796,-0.0274193678051233,-0.0110231349244713,0.0143979238346219,-0.0233367532491684,0.023785563185811,0.0007132150349207,0.0087867602705955,-0.0153243159875273,-0.0585427992045879,0.037640281021595,0.0009554359130561,-0.0118590909987688,-0.0069576599635183,0.0130603900179266,-0.0069095259532332,-0.0191638022661209,-0.0003139789332635,-0.0017761718481779,0.0162731409072876,0.0117437690496444,0.0142394993454217,-0.0003517491568345,0.0055320560932159,0.0003518729354254,0.0052338843233883,-0.0109039554372429,0.0003272326139267,-0.0408962108194828,0.0102479159832,0.0133481873199343,-0.002966386033222,0.0036589966621249,-0.0026298463344573,-0.0164054241031408,0.0109670963138341,-0.0014825429534539,0.027663916349411,0.0103934211656451,0.0113989608362317,0.0260837990790605,-0.0058379145339131,-0.0161117352545261,0.018894363194704,0.0036390242166817,0.018531734123826,0.0137780699878931,-0.0070771677419543,0.0268240347504615,-0.0218068249523639,-0.0041796914301812,0.0129733141511678,-0.022035714238882,0.0106307994574308,-0.0028612276073545,0.0136493947356939,-0.0197273772209882,-0.0141642922535538,-0.0029271834064275,-0.0136220538988709,0.0,-0.0055575459264218,0.0102752549573779,-0.0126885781064629,-0.0123501690104603,0.0156740080565214,-0.013975765556097,0.0152050349861383,-0.0123088378459215,0.0028368765488266,-0.0026434930041432,0.0409745499491691,-0.0287769865244627,-0.0209613274782896,-0.0144249098375439,0.0210331995040178,-0.0185918193310499,0.0018484712345525,0.0016122900415211,-0.0062454105354845,-0.0080483201891183,-0.004753238055855,-0.0283975191414356,0.0178637709468603,0.0179540030658245,-0.0114054251462221,0.059064831584692,-0.0069419266656041,0.0054221297614276,0.0032991257030516,-0.0053928890265524,-0.0133815165609121,0.0201394166797399,-0.0007228210452012,-0.0135242706164717,-0.0232968535274267,0.0008064701105467,-0.0122036393731832,-0.0273972731083631,0.0316547155380249,0.0136702535673975,-0.0050107836723327,0.0077646318823099,-0.009219866245985,0.0109489234164357,-0.0339157171547412,0.0425190329551696,-0.0155143029987812,-0.011542871594429,-0.010677333921194,0.0128454621881246,-0.0196270979940891,-0.0188316591084003,0.0534114129841327,-0.0152761964127421,0.0013802938628941,-0.0019888321403414,0.0309498012065887,0.0090121394023299,-0.0149253355339169,0.0062391783778421,-0.0419354600744209,-0.0048527318517059,-0.0281413197999204,-0.0273830474552794,0.0037174920463611,-0.024263456410335,-0.0675039134988837,-0.0526863237579321,0.0516997503823912,-0.0888175634922533,0.056563500027972,2019-03-01,2019-03-04,2019-03-05,2019-03-06,2019-03-07,2019-03-08,2019-03-11,2019-03-12,2019-03-13,2019-03-14,91125.0,2019-02-28,252.0,-2.8620%,-0.0006,0.9761,-0.0646,0.3358,2.0014%,2.2188%,18.6400%,-0.024884,TX,91125.0,2019-03-01,252.0,0.9012%,-0.0004,0.9568,-0.0932,0.3042,1.9906%,2.2018%,18.2643%,0.003425,TX,91125.0,2019-03-04,252.0,-0.2748%,-0.0005,0.9639,-0.1178,0.3025,1.9881%,2.2017%,18.4603%,0.000578,TX,91125.0,2019-03-05,252.0,-1.1023%,-0.0004,0.9728,-0.0543,0.3121,1.9777%,2.1951%,18.8239%,-0.009113,TX,91125.0,2019-03-06,252.0,-2.3337%,-0.0005,0.9792,-0.022,0.3237,1.9801%,2.1987%,18.8954%,-0.016063,TX,91125.0,2019-03-07,252.0,0.0713%,-0.0004,0.9726,-0.0344,0.3114,1.9805%,2.1975%,18.7725%,0.009706,TX,91125.0,2019-03-08,252.0,-1.5324%,-0.0004,0.9733,-0.0183,0.3117,1.9799%,2.1973%,18.8097%,-0.012728,TX,91125.0,2019-03-11,252.0,3.7640%,-0.0004,0.986,-0.0009,0.315,1.9857%,2.2096%,19.2363%,0.024734,TX,91125.0,2019-03-12,252.0,-1.1859%,-0.0003,1.0002,0.0023,0.3325,1.9843%,2.2107%,19.4340%,-0.014165,TX,91125.0,2019-03-13,252.0,1.3060%,-0.0003,1.0022,0.0002,0.3342,1.9847%,2.2123%,19.5184%,0.005911,TX,91125.0,2019-03-14,252.0,-1.9164%,-0.0004,0.9995,0.0109,0.3288,1.9879%,2.2140%,19.3832%,-0.019253,TX,-0.021459,-0.020881,-0.029994,-0.036351,-0.051852
16475,UNDER ARMOUR INC,"Under Armour Filing Shows Registration For Mixed Securities Shelf Offering, No Terms Disclosed",6,uncertain,0.6,0.3,"the registration for a mixed securities shelf offering can indicate potential dilution of shares, which may negatively impact the stock price, but without specific terms disclosed, the overall market reaction remains uncertain.",1,2019-02-28,UA,2019-02-28 21:26:00+00:00,15980.0,90431120,0.0,3036346.0,0.016434259712696,0.0366545729339122,-0.0274375043809413,-0.013244948349893,-0.0010075797326862,-0.001525975880213,-0.0201714374125003,0.0128799593076109,-0.0036026604939252,0.0119916340336203,-0.0129132224246859,-0.0108302775770425,0.0303505975753068,0.0183822717517614,0.0,-0.0374115146696567,0.0005078836111351,-0.0050301044248044,0.010152225382626,-0.0064968047663569,-0.0050251446664333,0.0449086502194404,0.0025253104977309,0.0057772425934672,-0.0060453820042312,0.0220076106488704,-0.0369994714856147,-0.0158479213714599,0.0147368786856532,-0.0089005278423428,-0.0451245233416557,0.0089804586023092,0.0092341164126992,0.0037115425802767,0.0005382254603318,-0.0042238608002662,0.0069929617457091,-0.003682256443426,0.012286402285099,0.004226092249155,-0.0042216316796839,-0.0227155666798353,-0.001589861465618,-0.0061569488607347,0.0100849540904164,0.0334039852023124,0.0057802782393991,0.0250000543892383,0.0329154171049594,-0.0102205770090222,-0.0065756733529269,0.0021563835907727,-0.0071282787248492,0.022038547322154,-0.0405128672719001,0.0213843081146478,0.032602921128273,-0.0083705140277743,0.0010352204553782,0.0022371876984834,0.0180972274392843,0.0011197396088391,0.0040629720315337,0.0176638960838317,-0.013657079078257,-0.0039728488773107,0.0082051204517483,0.0220418255776166,0.0040691723115742,0.0075978464446961,-0.0101316543295979,0.0307229049503803,0.0204708091914653,0.040100272744894,0.0180540960282087,-0.0297872759401798,-0.0098521606996655,0.0173160601407289,0.0149253346025943,0.0112570552155375,0.0078431302681565,-0.0160000137984752,0.0077820941805839,0.0012323141563683,-0.050193004310131,0.0684660971164703,0.0360771901905536,-0.0142764616757631,-0.0073565286584198,-0.0416666716337204,-0.0187746621668338,-0.0336538143455982,-0.0176233816891908,-0.0436781756579875,0.0148641215637326,0.0223266240209341,-0.0095958905294537,-0.0400450713932514,-0.0193779226392507,-0.0044918544590473,-0.0364013984799385,-0.0631247088313102,0.0323798395693302,-0.0891231670975685,-0.0094092218205332,-0.006663464475423,0.0216358751058578,-0.0480289757251739,0.0692148804664611,-0.0225863698869943,0.0077294609509408,0.0277651622891426,0.0143815549090504,-0.0248558074235916,0.0099244322627782,0.0089565953239798,-0.0243331976234912,0.0266666635870933,0.0028776722028851,0.0083449380472302,0.016434259712696,0.0366545729339122,-0.0114541597411099,0.022924136658722,-0.0124501984945861,0.021363179098893,-0.0358565380887665,0.0469238600821093,-0.0089641564231716,0.0034982370003513,-0.0368525754300538,0.1230425588488346,0.0413346593957688,-0.0690774026503499,2019-03-01,2019-03-04,2019-03-05,2019-03-06,2019-03-07,2019-03-08,2019-03-11,2019-03-12,2019-03-13,2019-03-14,15980.0,2019-02-28,252.0,0.0000%,0.0012,1.2571,1.4386,0.2007,2.5729%,2.9802%,25.4645%,0.004026,UA,15980.0,2019-03-01,252.0,1.6434%,0.0012,1.2679,1.4546,0.2162,2.5708%,2.9816%,25.6557%,0.003924,UA,15980.0,2019-03-04,252.0,-2.7438%,0.0013,1.249,1.5327,0.2175,2.5573%,2.9734%,26.0288%,-0.015959,UA,15980.0,2019-03-05,252.0,-0.1008%,0.0012,1.241,1.474,0.21,2.5496%,2.9517%,25.3917%,0.006299,UA,15980.0,2019-03-06,252.0,-2.0171%,0.0011,1.2312,1.4644,0.1976,2.5488%,2.9521%,25.4575%,0.0086509999999999,UA,15980.0,2019-03-07,252.0,-0.3603%,0.0012,1.2292,1.4683,0.196,2.5490%,2.9516%,25.4228%,0.00808,UA,15980.0,2019-03-08,252.0,-1.2913%,0.0012,1.229,1.4981,0.1941,2.5443%,2.9513%,25.6794%,-0.0107,UA,15980.0,2019-03-11,252.0,3.0351%,0.0013,1.2326,1.4902,0.1877,2.5435%,2.9555%,25.9329%,0.007565,UA,15980.0,2019-03-12,252.0,0.0000%,0.0014,1.2551,1.4855,0.2116,2.5380%,2.9550%,26.2313%,0.001151,UA,15980.0,2019-03-13,252.0,0.0508%,0.0014,1.2534,1.4901,0.2108,2.5381%,2.9549%,26.2230%,-0.003532,UA,15980.0,2019-03-14,252.0,1.0152%,0.0016,1.2438,1.4877,0.212,2.5287%,2.9419%,26.1153%,0.016793,UA,0.00795,-0.008009,-0.00171,0.015021,0.0262979999999999
16483,UNIVERSAL HEALTH SERVICES INC,"Baird Maintains Outperform on Universal Health Services, Raises Price Target to $145",6,increase,0.8,0.6,maintaining an 'outperform' rating and raising the price target typically signals positive sentiment and potential for stock price appreciation.,2,2019-02-28,UHS,2019-02-28 13:43:00+00:00,79637.0,91390310,0.0425484590232372,1405774.0,0.014190025627613,-0.0027689167764037,-0.0252840723842382,-0.0057290853001177,-7.293620728887618e-05,-0.0120552740991115,-0.0320629179477691,0.0110738771036267,-0.0249190516769886,0.0017122968565672,-0.0025478831958025,-0.007022968493402,0.0039476314559578,-0.0019183539552614,0.0107170352712273,0.0134599795565009,0.012205402366817,-0.0028335312381386,0.010776943527162,0.0056992461904883,0.0008947985479608,0.0048983357846736,0.0119188828393816,0.0092021552845835,-0.0030182837508618,-0.0109071526676416,-0.0104111973196268,-0.0156966913491487,0.0190270338207483,0.0011118070688098,-0.0092261089012026,0.001707833376713,-0.0069470289163291,-0.0062717194668948,-0.0017116598319262,0.0226363837718963,-0.0102131739258766,-0.0036836976651102,0.0055734743364155,0.0034701775293797,0.0019474929431453,0.016330637037754,0.0073259752243757,-0.005414112471044,-0.0074211503379046,0.0100900987163186,0.0037383178714662,-0.0046764840371906,-0.0020856519695371,-0.0013015707954764,0.0055982680059969,-0.0103053767234087,-0.0127672301605343,0.0111093847081065,0.0063910232856869,0.0067880661226809,0.0047814669087529,0.0205463320016861,-0.015391532331705,0.0142115671187639,0.0028696940280497,-0.0038177312817424,-0.0004517888301052,0.0004774822155013,-0.04828991740942,0.0109403962269425,-0.0290508829057216,0.0189344063401222,0.0150823285803198,0.0312763899564743,-0.0129306931048631,-0.0021929361391812,0.0421480908989906,0.0222451649606227,0.0174109600484371,-0.0124318720772862,0.0106668667867779,0.0075498018413782,-0.018754756078124,0.003098112065345,-0.0156310200691223,-0.004284490365535,-0.002672716975212,-0.0062164980918169,-0.0167100392282009,0.0353553369641304,-0.0060120238922536,-0.0096052959561347,-0.0080645158886909,-0.0073676528409123,0.0121138039976358,-0.0059451563283801,-0.0123704792931675,-0.0304093528538942,-0.0075640529394149,0.010211824439466,0.0071300012059509,-0.0219562817364931,-0.0008137234253808,-0.0819883272051811,-0.0077368235215544,0.0053324974142014,0.0057452772743999,0.0170449893921613,-0.0055492110550403,0.0137449549511075,-0.0013130122097209,0.0087149301543831,0.0014790493296459,-0.0411728806793689,0.0112405875697732,-0.0219183973968029,0.0126571813598275,-0.0174477994441986,0.0050477115437388,-0.0073194415308535,-0.0197704341262579,0.0016683946596458,0.0010572320315986,0.0203537847846746,0.014190025627613,-0.0027689167764037,-0.0114528283917278,-0.0084821387161205,-0.0115249292731511,-0.0204351583080626,-0.0670604163781681,-0.0078916975586137,-0.0339264333309449,-0.0006750034447586,-0.0461716023262733,0.0639520502898007,-0.1133761088825838,-0.0129778241062118,2019-03-01,2019-03-04,2019-03-05,2019-03-06,2019-03-07,2019-03-08,2019-03-11,2019-03-12,2019-03-13,2019-03-14,79637.0,2019-02-28,252.0,4.2548%,0.0007,0.6975,0.4141,0.3028,1.3377%,1.5133%,21.8687%,0.045313,UHS,79637.0,2019-03-01,252.0,1.4190%,0.0008,0.6881,0.4,0.2843,1.3336%,1.5046%,21.4469%,0.009088,UHS,79637.0,2019-03-04,252.0,-2.5284%,0.0006,0.6999,0.3808,0.2767,1.3351%,1.5107%,21.8953%,-0.021305,UHS,79637.0,2019-03-05,252.0,-0.0073%,0.0004,0.6861,0.2756,0.2661,1.2813%,1.4507%,21.9862%,0.002871,UHS,79637.0,2019-03-06,252.0,-3.2063%,0.0004,0.6996,0.3205,0.2874,1.2888%,1.4652%,22.6259%,-0.023023,UHS,79637.0,2019-03-07,252.0,-2.4919%,0.0003,0.7073,0.3217,0.2979,1.2938%,1.4728%,22.8296%,-0.018099,UHS,79637.0,2019-03-08,252.0,-0.2548%,0.0003,0.708,0.3127,0.2995,1.2928%,1.4716%,22.8255%,-0.000736,UHS,79637.0,2019-03-11,252.0,0.3948%,0.0002,0.7044,0.3174,0.3041,1.2924%,1.4709%,22.7943%,-0.00626,UHS,79637.0,2019-03-12,252.0,1.0717%,0.0003,0.7198,0.3097,0.3186,1.2893%,1.4720%,23.2904%,0.009998,UHS,79637.0,2019-03-13,252.0,1.2205%,0.0004,0.7222,0.3094,0.3211,1.2899%,1.4738%,23.3969%,0.0079569999999999,UHS,79637.0,2019-03-14,252.0,1.0777%,0.0005,0.7187,0.3057,0.3229,1.2885%,1.4702%,23.1988%,0.011714,UHS,0.054401,0.033096,0.035967,-0.005155,0.017518
16491,UNIVERSAL HEALTH RLTY INCM TR,Universal Health Realty Q4 FFO $0.44 Up From $0.29 YoY,6,increase,0.8,0.6,"the increase in ffo from $0.29 to $0.44 year-over-year suggests improved financial performance, which is likely to positively influence investor sentiment and drive the stock price up.",2,2019-02-28,UHT,2019-02-28 11:46:00+00:00,72864.0,91359E10,-0.0060063661076128,38443.0,0.0087283672764897,-0.0053106946870684,-0.0033280083443969,-0.0055452627129852,0.002938340883702,-0.0112271625548601,-0.0207750387489795,0.0178048945963382,-0.0121038947254419,-0.0029146955348551,-0.0056442185305058,-0.0054025040008127,0.0271355248987674,-0.0006584547227248,0.0062002837657928,0.0072954376228153,0.0013395642163231,0.018646091222763,-0.0040134186856448,0.0073499511927366,-0.0017461015377193,-0.0097048282623291,-0.0085441004484891,0.0104876635596156,-0.0072592627257108,-0.002310071606189,0.005380786024034,0.0215157605707645,0.0255249142646789,0.000555568258278,-0.0362639725208282,0.0095344968140125,0.0145793268457055,0.0239770002663135,0.0145066045224666,-0.0010040117194876,0.0058006248436868,0.0203424468636512,0.014485003426671,0.0061846286989748,0.0009254322503693,0.0045858756639063,-0.0206049084663391,0.0034139188937842,0.038975041359663,0.0114097306504845,0.0053218589164316,0.0115414150059223,0.0113622322678566,-0.0057376543991267,0.0266819391399622,-0.0001508832647232,-0.0098234387114644,-0.0060024238191545,-0.0145673248916864,0.0043707750737667,0.0448578633368015,0.0159240700304508,-0.0279302466660738,0.0146029945462942,0.0025094677694141,-0.0372419655323028,-0.0063830055296421,0.0001496205950388,-0.0165007878094911,0.0104291830211877,-0.0128073766827583,0.0037930510006845,0.0102491034194827,0.0330721698701381,-0.0380120575428009,0.024077046662569,0.0303029846400022,0.0341965071856975,0.0176211539655923,-0.0074146804399788,-0.0146422395482659,-0.0110803376883268,0.0214498471468687,-0.0053484900854527,0.0159392096102237,-0.0113763669505715,0.008840731345117,0.0079134637489914,-0.009256973862648,0.0404973924160003,-0.000996564165689,-0.0153871662914753,0.0390322618186473,-0.0188311673700809,0.0124820079654455,-0.0212901197373867,-0.0247748214751482,-0.0294525809586048,0.0051052123308181,0.0288114286959171,0.007376957219094,-0.0714389532804489,0.0169267226010561,-0.0024724518880248,-0.0082634510472416,0.000727740523871,-0.0009522893815301,-0.0258046183735132,-0.0010723693994805,-0.0012744825799018,0.0014313305728137,0.0007085595862008,-0.0080990986898541,-0.003530076239258,-0.00540342181921,0.0487191006541252,0.0135216116905212,-0.0486053042113781,0.0053603881970047,0.0109671596437692,-0.0208531059324741,0.0261619556695222,0.0114956069737672,0.0,0.0087283672764897,-0.0053106946870684,0.0053713108529636,-0.0108265082028254,0.008325434478944,-0.0219321197901909,-0.024573678015476,-0.0074192520190744,-0.0002686224761824,0.0197359050298986,0.0801241634608123,0.1638961479335199,0.1328428925066573,0.1063989368817845,2019-03-01,2019-03-04,2019-03-05,2019-03-06,2019-03-07,2019-03-08,2019-03-11,2019-03-12,2019-03-13,2019-03-14,72864.0,2019-02-28,252.0,-0.6006%,0.0011,0.6292,0.6556,-0.1404,1.4749%,1.6827%,23.1789%,-0.0046029999999999,UHT,72864.0,2019-03-01,252.0,0.8728%,0.0011,0.621,0.6435,-0.1533,1.4724%,1.6770%,22.9169%,0.001645,UHT,72864.0,2019-03-04,252.0,-0.3328%,0.0011,0.6311,0.6082,-0.1556,1.4657%,1.6721%,23.1675%,0.002983,UHT,72864.0,2019-03-05,252.0,0.2938%,0.0011,0.6318,0.6163,-0.1567,1.4654%,1.6718%,23.1603%,0.005433,UHT,72864.0,2019-03-06,252.0,-2.0775%,0.001,0.6287,0.6401,-0.1569,1.4643%,1.6744%,23.5241%,-0.00773,UHT,72864.0,2019-03-07,252.0,-1.2104%,0.0009,0.6306,0.6332,-0.1564,1.4644%,1.6742%,23.4956%,-0.007108,UHT,72864.0,2019-03-08,252.0,-0.5644%,0.0009,0.6325,0.6147,-0.1524,1.4611%,1.6688%,23.3436%,-0.004929,UHT,72864.0,2019-03-11,252.0,2.7136%,0.001,0.64,0.6105,-0.1587,1.4619%,1.6753%,23.8548%,0.014616,UHT,72864.0,2019-03-12,252.0,0.6200%,0.001,0.641,0.6079,-0.1586,1.4622%,1.6748%,23.7748%,0.0060929999999999,UHT,72864.0,2019-03-13,252.0,0.1340%,0.001,0.6405,0.606,-0.1596,1.4621%,1.6744%,23.7495%,-0.001037,UHT,72864.0,2019-03-14,252.0,-0.4013%,0.0009,0.6401,0.6068,-0.1601,1.4621%,1.6744%,23.7506%,-0.0005,UHT,-0.0029579999999999,2.500000000000028e-05,0.005458,-0.00938,0.004863
16499,UNIVERSAL INSURANCE HOLDINGS INC,"Universal Insurance Q4 EPS $0.13, Sales $216.373M Miss $226.55M Estimate",6,decrease,0.75,0.6,"the earnings per share (eps) and sales figures missed analyst estimates, which typically leads to a negative reaction in stock prices.",0,2019-02-28,UVE,2019-02-28 22:37:00+00:00,78211.0,91359V10,0.0074838944710791,107657.0,-0.1598360985517502,-0.0187389627099037,-0.0460365340113639,-0.0052896495908498,0.0070309783332049,-0.0195110123604536,-0.0117423301562666,0.010986328125,0.002247902797535,-0.020542923361063,0.0092919282615184,0.0294561460614204,0.0022335576359182,0.0174180399626493,-0.0015918253920972,0.0190550647675991,-0.0089285932481288,-0.0121195828542113,0.0180180016905069,0.0038829331751912,-0.0034765710588544,-0.0005174762336537,0.0196638386696577,0.0123101416975259,-0.0136859230697155,0.0042083072476089,-0.0204982534050941,0.0029016251210123,0.0086928671225905,0.0136363180354237,-0.0213852562010288,-0.0076942718587815,-0.0016307644546031,0.0088329231366515,0.0091472975909709,-0.0095440242439508,0.0155390566214919,-0.0013237817911431,0.0009562887717038,0.0096231121569871,-0.0127388415858149,-0.0008012494654394,0.0319354757666587,-0.011354642920196,-0.002813383936882,0.0082533955574035,-0.0028213213663548,-0.0105373477563262,-0.0018861825810745,0.0262232329696416,-0.0223621763288974,-0.0265789031982421,-0.018041281029582,-0.0013140403898432,-0.0118109816685318,0.0015792986378073,0.0245683845132589,0.0074251550249755,-0.0103694004938006,-0.0058001903817057,-0.0347086228430271,0.0053008417598903,-0.0098371440544724,-0.020254448056221,0.0147310821339488,0.0018210118869319,0.0047265151515603,0.016662186011672,-0.0003360291884746,0.022168144583702,-0.0181512907147407,-0.0133368894457817,0.027045564725995,0.0195812135934829,-0.0033333459869027,-0.0181575510650873,0.0033444943837821,-0.0123944468796253,-0.0163333248347044,-0.0044631655327975,0.0057607614435255,-0.0013109396677464,0.0037062200717628,0.0021018921397626,0.0057065514847636,0.0563420094549655,-0.0106808934360742,-0.0251623466610908,0.0091587677597999,-0.0224808845669031,0.0050420039333403,-0.0374235585331916,0.0086956601589918,0.0173529703170061,-0.0119363600388169,0.0078308330848813,-0.01778519526124,-0.0328199751675128,0.0170823372900486,-0.0327228344976902,-0.0221699643880128,0.0304478872567415,-0.0006870648358017,-0.0017583444714546,0.0089377872645854,-0.0177645552903413,-0.0126065015792846,-0.021250931546092,-0.0196687262505292,-0.0256470628082752,-0.0028159071225672,0.0104612130671739,0.00458874553442,-0.0494914948940277,-0.0122979087755084,0.0082023376598954,-0.0103166457265615,-0.0006830323254689,0.0158159788697958,0.0029686514753848,-0.1598360985517501,-0.0187389627099037,-0.1985143325758928,-0.0239294897543221,-0.1928791042138595,-0.0429736135443998,-0.2005635593824982,-0.052335519876115,-0.1854116149103057,0.0031063664769348,-0.21373165426768,0.0216187634041402,-0.2684826550332611,-0.1150947862056674,2019-03-01,2019-03-04,2019-03-05,2019-03-06,2019-03-07,2019-03-08,2019-03-11,2019-03-12,2019-03-13,2019-03-14,78211.0,2019-02-28,252.0,0.7484%,0.0012,0.829,0.6484,0.5917,1.6702%,1.8698%,20.2049%,0.011286,UVE,78211.0,2019-03-01,252.0,-15.9836%,0.0007,0.7735,0.5655,0.5828,1.9606%,2.1071%,13.4261%,-0.165409,UVE,78211.0,2019-03-04,252.0,-4.6037%,0.0005,0.78,0.5822,0.5723,1.9789%,2.1276%,13.4947%,-0.042115,UVE,78211.0,2019-03-05,252.0,0.7031%,0.0006,0.7805,0.593,0.5686,1.9791%,2.1280%,13.5116%,0.011445,UVE,78211.0,2019-03-06,252.0,-1.1742%,0.0005,0.7677,0.6006,0.5552,1.9738%,2.1209%,13.3908%,0.001968,UVE,78211.0,2019-03-07,252.0,0.2248%,0.0005,0.7601,0.5833,0.5402,1.9734%,2.1173%,13.1344%,0.010706,UVE,78211.0,2019-03-08,252.0,0.9292%,0.0004,0.7604,0.5545,0.5421,1.9676%,2.1102%,13.0546%,0.0115009999999999,UVE,78211.0,2019-03-11,252.0,0.2234%,0.0003,0.7551,0.5709,0.5542,1.9635%,2.1063%,13.1013%,-0.008363,UVE,78211.0,2019-03-12,252.0,-0.1592%,0.0003,0.7571,0.5713,0.5567,1.9635%,2.1053%,13.0173%,-0.0015279999999999,UVE,78211.0,2019-03-13,252.0,-0.8929%,0.0003,0.7528,0.5773,0.5534,1.9652%,2.1060%,12.9272%,-0.012784,UVE,78211.0,2019-03-14,252.0,1.8018%,0.0003,0.7548,0.5669,0.5587,1.9687%,2.1090%,12.8654%,0.019387,UVE,-0.154123,-0.196238,-0.184793,-0.172119,-0.163906
16507,MARRIOTT VACATIONS WORLDWIDE COR,"Nomura Maintains Buy on Marriott Vacations, Lowers Price Target to $136",6,uncertain,0.6,0.2,"while maintaining a 'buy' rating suggests positive sentiment, lowering the price target may create uncertainty among investors regarding future performance.",1,2019-02-28,VAC,2019-02-28 14:06:00+00:00,13085.0,57164Y10,-0.0024595765862613,1070743.0,0.0355455800890922,0.016276204958558,0.0037698138039559,-0.024079293012619,-0.0242142416536808,0.0003036006528418,0.0002025386638706,0.0326052345335483,-0.0278481021523475,-0.0135051291435957,0.0072916350327432,0.018265776336193,-0.0132368030026555,0.0071896836161613,-0.0106895482167601,0.0192908812314271,0.0007415221771225,-0.0092889461666345,-0.0073039317503571,0.0086151519790291,0.013435723260045,0.0183133911341428,0.0108375288546085,0.0129971764981746,-0.0049963919445872,-0.0007769974181428,-0.0099382465705275,-0.0187343563884496,0.0203930716961622,-0.0017397375777363,-0.0392461530864238,0.0049170083366334,-0.0016167442081496,0.0164370909333229,0.0066933259367942,0.0169414952397346,0.0011796312173828,0.0072809942066669,0.0139246257022023,-0.0007957223569974,-0.0122544225305318,0.0087146218866109,0.0350802019238472,0.0192847307771444,0.0049597369506955,0.0265146866440773,-0.002570429816842,0.0252151954919099,0.0054633417166769,0.0030845156870782,0.0293213091790676,-0.0324697829782962,0.0039840787649154,0.0284837298095226,-0.0174603387713432,0.0181249622255563,0.0113085899502039,0.0259040333330631,0.0166733041405677,-0.0067507168278098,0.0198369491845369,-0.0013991427840664,0.0006740461685694,0.0107997423037886,0.0102002043277025,0.0097364662215113,-0.0004763102624565,-0.0114219635725021,-0.00343086454086,0.0341074950993061,0.0136750536039471,0.0282478127628564,0.0185849163681268,0.0755908042192459,-0.0139853861182928,-0.0264362096786499,-0.0131504936143755,-0.0075166467577219,0.001047026598826,0.0129291983321309,0.0206332430243492,0.0238270740956068,-0.0159306786954402,0.0172052904963493,0.0020827532280236,0.0898417457938194,-0.0096362465992569,-0.0190338864922523,0.0230849776417017,-0.0388931967318058,-0.0120279807597398,-0.038290899246931,-0.0551151037216186,-0.0355523973703384,0.0200758539140224,-0.0271462202072143,-0.0168412178754806,0.0035956595093011,-0.0198187977075576,-0.0048170392401516,-0.0349521934986114,-0.0084606325253844,0.0231627374887466,0.0211816690862178,0.0036015484947711,-0.0292207263410091,0.0127140153199434,0.0181818138808012,-0.0226789303123951,-0.0368797928094863,-0.0138816572725772,-0.0316032767295837,0.0162831749767065,-0.0848812758922576,-0.0157122313976287,0.0475369542837142,-0.0220533553510904,-0.006484845187515,0.015321516431868,0.0230317190289497,0.0355455800890922,0.016276204958558,0.0394493941115376,-0.0081950075623915,0.0142799152957489,-0.0078938949191956,-0.0137661453583026,0.0106185743238667,-0.036572816237901,0.0556752210754076,0.0461270310879518,0.2486307355072494,-0.0286950884609743,0.235225721747134,2019-03-01,2019-03-04,2019-03-05,2019-03-06,2019-03-07,2019-03-08,2019-03-11,2019-03-12,2019-03-13,2019-03-14,13085.0,2019-02-28,252.0,-0.2460%,-0.0013,1.3492,1.5178,0.5528,1.7353%,2.3124%,43.6849%,0.002725,VAC,13085.0,2019-03-01,252.0,3.5546%,-0.0013,1.3797,1.5633,0.5886,1.7223%,2.3210%,44.9388%,0.023551,VAC,13085.0,2019-03-04,252.0,0.3770%,-0.0013,1.3885,1.5198,0.5897,1.7192%,2.3173%,44.9576%,0.014812,VAC,13085.0,2019-03-05,252.0,-2.4214%,-0.0014,1.3919,1.5368,0.5974,1.7214%,2.3184%,44.8720%,-0.015817,VAC,13085.0,2019-03-06,252.0,0.0203%,-0.0012,1.3885,1.4619,0.5834,1.7290%,2.3178%,44.3548%,0.030929,VAC,13085.0,2019-03-07,252.0,-2.7848%,-0.0012,1.3955,1.4723,0.5957,1.7304%,2.3230%,44.5137%,-0.013604,VAC,13085.0,2019-03-08,252.0,0.7292%,-0.0011,1.3938,1.4746,0.5929,1.7319%,2.3231%,44.4195%,0.010548,VAC,13085.0,2019-03-11,252.0,-1.3237%,-0.0013,1.3757,1.4577,0.5925,1.7459%,2.3241%,43.5673%,-0.03632,VAC,13085.0,2019-03-12,252.0,-1.0690%,-0.0013,1.3791,1.4607,0.5977,1.7464%,2.3224%,43.4517%,-0.009663,VAC,13085.0,2019-03-13,252.0,0.0742%,-0.0013,1.3779,1.4673,0.5979,1.7460%,2.3224%,43.4783%,-0.00453,VAC,13085.0,2019-03-14,252.0,-0.7304%,-0.0013,1.3775,1.4677,0.5976,1.7460%,2.3220%,43.4603%,-0.001794,VAC,0.026276,0.041088,0.025271,0.042596,0.000837
16515,MARRIOTT VACATIONS WORLDWIDE COR,Marriott Vacations Worldwide Sees FY19 Adj. EPS $7.23-$7.83 vs $7.63 Est.,6,uncertain,0.6,0.2,"the adjusted eps guidance is slightly below the estimate, which could lead to mixed reactions from investors, making the stock price movement uncertain.",1,2019-02-28,VAC,2019-02-28 13:11:00+00:00,13085.0,57164Y10,-0.0024595765862613,1070743.0,0.0355455800890922,0.016276204958558,0.0037698138039559,-0.024079293012619,-0.0242142416536808,0.0003036006528418,0.0002025386638706,0.0326052345335483,-0.0278481021523475,-0.0135051291435957,0.0072916350327432,0.018265776336193,-0.0132368030026555,0.0071896836161613,-0.0106895482167601,0.0192908812314271,0.0007415221771225,-0.0092889461666345,-0.0073039317503571,0.0086151519790291,0.013435723260045,0.0183133911341428,0.0108375288546085,0.0129971764981746,-0.0049963919445872,-0.0007769974181428,-0.0099382465705275,-0.0187343563884496,0.0203930716961622,-0.0017397375777363,-0.0392461530864238,0.0049170083366334,-0.0016167442081496,0.0164370909333229,0.0066933259367942,0.0169414952397346,0.0011796312173828,0.0072809942066669,0.0139246257022023,-0.0007957223569974,-0.0122544225305318,0.0087146218866109,0.0350802019238472,0.0192847307771444,0.0049597369506955,0.0265146866440773,-0.002570429816842,0.0252151954919099,0.0054633417166769,0.0030845156870782,0.0293213091790676,-0.0324697829782962,0.0039840787649154,0.0284837298095226,-0.0174603387713432,0.0181249622255563,0.0113085899502039,0.0259040333330631,0.0166733041405677,-0.0067507168278098,0.0198369491845369,-0.0013991427840664,0.0006740461685694,0.0107997423037886,0.0102002043277025,0.0097364662215113,-0.0004763102624565,-0.0114219635725021,-0.00343086454086,0.0341074950993061,0.0136750536039471,0.0282478127628564,0.0185849163681268,0.0755908042192459,-0.0139853861182928,-0.0264362096786499,-0.0131504936143755,-0.0075166467577219,0.001047026598826,0.0129291983321309,0.0206332430243492,0.0238270740956068,-0.0159306786954402,0.0172052904963493,0.0020827532280236,0.0898417457938194,-0.0096362465992569,-0.0190338864922523,0.0230849776417017,-0.0388931967318058,-0.0120279807597398,-0.038290899246931,-0.0551151037216186,-0.0355523973703384,0.0200758539140224,-0.0271462202072143,-0.0168412178754806,0.0035956595093011,-0.0198187977075576,-0.0048170392401516,-0.0349521934986114,-0.0084606325253844,0.0231627374887466,0.0211816690862178,0.0036015484947711,-0.0292207263410091,0.0127140153199434,0.0181818138808012,-0.0226789303123951,-0.0368797928094863,-0.0138816572725772,-0.0316032767295837,0.0162831749767065,-0.0848812758922576,-0.0157122313976287,0.0475369542837142,-0.0220533553510904,-0.006484845187515,0.015321516431868,0.0230317190289497,0.0355455800890922,0.016276204958558,0.0394493941115376,-0.0081950075623915,0.0142799152957489,-0.0078938949191956,-0.0137661453583026,0.0106185743238667,-0.036572816237901,0.0556752210754076,0.0461270310879518,0.2486307355072494,-0.0286950884609743,0.235225721747134,2019-03-01,2019-03-04,2019-03-05,2019-03-06,2019-03-07,2019-03-08,2019-03-11,2019-03-12,2019-03-13,2019-03-14,13085.0,2019-02-28,252.0,-0.2460%,-0.0013,1.3492,1.5178,0.5528,1.7353%,2.3124%,43.6849%,0.002725,VAC,13085.0,2019-03-01,252.0,3.5546%,-0.0013,1.3797,1.5633,0.5886,1.7223%,2.3210%,44.9388%,0.023551,VAC,13085.0,2019-03-04,252.0,0.3770%,-0.0013,1.3885,1.5198,0.5897,1.7192%,2.3173%,44.9576%,0.014812,VAC,13085.0,2019-03-05,252.0,-2.4214%,-0.0014,1.3919,1.5368,0.5974,1.7214%,2.3184%,44.8720%,-0.015817,VAC,13085.0,2019-03-06,252.0,0.0203%,-0.0012,1.3885,1.4619,0.5834,1.7290%,2.3178%,44.3548%,0.030929,VAC,13085.0,2019-03-07,252.0,-2.7848%,-0.0012,1.3955,1.4723,0.5957,1.7304%,2.3230%,44.5137%,-0.013604,VAC,13085.0,2019-03-08,252.0,0.7292%,-0.0011,1.3938,1.4746,0.5929,1.7319%,2.3231%,44.4195%,0.010548,VAC,13085.0,2019-03-11,252.0,-1.3237%,-0.0013,1.3757,1.4577,0.5925,1.7459%,2.3241%,43.5673%,-0.03632,VAC,13085.0,2019-03-12,252.0,-1.0690%,-0.0013,1.3791,1.4607,0.5977,1.7464%,2.3224%,43.4517%,-0.009663,VAC,13085.0,2019-03-13,252.0,0.0742%,-0.0013,1.3779,1.4673,0.5979,1.7460%,2.3224%,43.4783%,-0.00453,VAC,13085.0,2019-03-14,252.0,-0.7304%,-0.0013,1.3775,1.4677,0.5976,1.7460%,2.3220%,43.4603%,-0.001794,VAC,0.026276,0.041088,0.025271,0.042596,0.000837
16523,MARRIOTT VACATIONS WORLDWIDE COR,"Marriott Vacations Q4 EPS $1.49 Beats $1.39 Estimate, Sales $1.05B Miss $1.06B Estimate",6,uncertain,0.6,0.2,"while the earnings per share beat estimates, the sales miss could create mixed reactions among investors, leading to uncertainty in the stock price movement.",1,2019-02-28,VAC,2019-02-28 13:10:00+00:00,13085.0,57164Y10,-0.0024595765862613,1070743.0,0.0355455800890922,0.016276204958558,0.0037698138039559,-0.024079293012619,-0.0242142416536808,0.0003036006528418,0.0002025386638706,0.0326052345335483,-0.0278481021523475,-0.0135051291435957,0.0072916350327432,0.018265776336193,-0.0132368030026555,0.0071896836161613,-0.0106895482167601,0.0192908812314271,0.0007415221771225,-0.0092889461666345,-0.0073039317503571,0.0086151519790291,0.013435723260045,0.0183133911341428,0.0108375288546085,0.0129971764981746,-0.0049963919445872,-0.0007769974181428,-0.0099382465705275,-0.0187343563884496,0.0203930716961622,-0.0017397375777363,-0.0392461530864238,0.0049170083366334,-0.0016167442081496,0.0164370909333229,0.0066933259367942,0.0169414952397346,0.0011796312173828,0.0072809942066669,0.0139246257022023,-0.0007957223569974,-0.0122544225305318,0.0087146218866109,0.0350802019238472,0.0192847307771444,0.0049597369506955,0.0265146866440773,-0.002570429816842,0.0252151954919099,0.0054633417166769,0.0030845156870782,0.0293213091790676,-0.0324697829782962,0.0039840787649154,0.0284837298095226,-0.0174603387713432,0.0181249622255563,0.0113085899502039,0.0259040333330631,0.0166733041405677,-0.0067507168278098,0.0198369491845369,-0.0013991427840664,0.0006740461685694,0.0107997423037886,0.0102002043277025,0.0097364662215113,-0.0004763102624565,-0.0114219635725021,-0.00343086454086,0.0341074950993061,0.0136750536039471,0.0282478127628564,0.0185849163681268,0.0755908042192459,-0.0139853861182928,-0.0264362096786499,-0.0131504936143755,-0.0075166467577219,0.001047026598826,0.0129291983321309,0.0206332430243492,0.0238270740956068,-0.0159306786954402,0.0172052904963493,0.0020827532280236,0.0898417457938194,-0.0096362465992569,-0.0190338864922523,0.0230849776417017,-0.0388931967318058,-0.0120279807597398,-0.038290899246931,-0.0551151037216186,-0.0355523973703384,0.0200758539140224,-0.0271462202072143,-0.0168412178754806,0.0035956595093011,-0.0198187977075576,-0.0048170392401516,-0.0349521934986114,-0.0084606325253844,0.0231627374887466,0.0211816690862178,0.0036015484947711,-0.0292207263410091,0.0127140153199434,0.0181818138808012,-0.0226789303123951,-0.0368797928094863,-0.0138816572725772,-0.0316032767295837,0.0162831749767065,-0.0848812758922576,-0.0157122313976287,0.0475369542837142,-0.0220533553510904,-0.006484845187515,0.015321516431868,0.0230317190289497,0.0355455800890922,0.016276204958558,0.0394493941115376,-0.0081950075623915,0.0142799152957489,-0.0078938949191956,-0.0137661453583026,0.0106185743238667,-0.036572816237901,0.0556752210754076,0.0461270310879518,0.2486307355072494,-0.0286950884609743,0.235225721747134,2019-03-01,2019-03-04,2019-03-05,2019-03-06,2019-03-07,2019-03-08,2019-03-11,2019-03-12,2019-03-13,2019-03-14,13085.0,2019-02-28,252.0,-0.2460%,-0.0013,1.3492,1.5178,0.5528,1.7353%,2.3124%,43.6849%,0.002725,VAC,13085.0,2019-03-01,252.0,3.5546%,-0.0013,1.3797,1.5633,0.5886,1.7223%,2.3210%,44.9388%,0.023551,VAC,13085.0,2019-03-04,252.0,0.3770%,-0.0013,1.3885,1.5198,0.5897,1.7192%,2.3173%,44.9576%,0.014812,VAC,13085.0,2019-03-05,252.0,-2.4214%,-0.0014,1.3919,1.5368,0.5974,1.7214%,2.3184%,44.8720%,-0.015817,VAC,13085.0,2019-03-06,252.0,0.0203%,-0.0012,1.3885,1.4619,0.5834,1.7290%,2.3178%,44.3548%,0.030929,VAC,13085.0,2019-03-07,252.0,-2.7848%,-0.0012,1.3955,1.4723,0.5957,1.7304%,2.3230%,44.5137%,-0.013604,VAC,13085.0,2019-03-08,252.0,0.7292%,-0.0011,1.3938,1.4746,0.5929,1.7319%,2.3231%,44.4195%,0.010548,VAC,13085.0,2019-03-11,252.0,-1.3237%,-0.0013,1.3757,1.4577,0.5925,1.7459%,2.3241%,43.5673%,-0.03632,VAC,13085.0,2019-03-12,252.0,-1.0690%,-0.0013,1.3791,1.4607,0.5977,1.7464%,2.3224%,43.4517%,-0.009663,VAC,13085.0,2019-03-13,252.0,0.0742%,-0.0013,1.3779,1.4673,0.5979,1.7460%,2.3224%,43.4783%,-0.00453,VAC,13085.0,2019-03-14,252.0,-0.7304%,-0.0013,1.3775,1.4677,0.5976,1.7460%,2.3220%,43.4603%,-0.001794,VAC,0.026276,0.041088,0.025271,0.042596,0.000837
16531,VERICEL CORP,Needham Downgrades Vericel to Hold,6,decrease,0.8,0.7,"a downgrade from an analyst typically signals reduced expectations for the company's performance, which can lead to a decline in stock price.",0,2019-02-28,VCEL,2019-02-28 12:33:00+00:00,84511.0,92346J10,0.0102591048926115,846485.0,0.0320684351027011,-0.02114162966609,0.0295183695852756,-0.0539999976754188,0.0055332300253212,0.0219724234193563,-0.0100049450993537,0.0198019351810216,0.0217280630022287,-0.0092927357181906,0.0034619981888681,0.0020693696569651,-0.0093642445281147,-0.0082093300297856,0.0019900004845112,0.0145757785066962,-0.0163853000849485,0.0601544268429279,-0.029782947152853,-0.0071232416667044,-0.0010405073408037,0.0264341551810503,0.0031249721068888,0.0313225574791431,-0.0228453017771244,0.0255800299346447,-0.0164718106389045,0.009003578685224,0.0443003624677658,-0.0217264145612716,-0.0594929978251457,-0.026857104152441,0.000550067576114,-0.0005711152916774,-0.0192413609474897,0.0180232245475053,-0.033071756362915,0.0189574416726827,0.0017391702858731,0.0217916890978813,0.013310158625245,0.0178682021796703,-0.0119932033121585,-0.061849694699049,-0.0069363545626401,-0.0005777140031568,0.0215366072952747,0.0087412362918257,-0.0142450146377086,-0.0086654890328645,0.0271677020937204,-0.0377987958490848,0.0106921000406146,0.0022283568978309,0.0077951727434992,0.0233751330524683,0.0182320401072502,-0.0101579232141375,0.0092240953817963,0.041740097105503,0.0037634244654327,-0.0422297306358814,-0.0091055212542414,-0.0198675822466611,0.001081105787307,-0.0215982515364885,-0.1220302432775497,0.0032503453548997,0.0227551609277725,0.033594537526369,0.0078172627836465,0.0329670123755931,0.0626491159200668,0.0568459816277027,-0.0112295821309089,-0.0772701054811477,-0.0005678721354342,0.0189655125141143,0.0124999610707163,0.0017270453972741,0.0089786676689982,0.1000633835792542,-0.0550611689686775,-0.0407046861946582,-0.0217774529010057,0.108417421579361,0.0096269454807043,0.0355648696422576,0.0518473722040653,-0.0433622151613235,0.0424929186701774,-0.0613650903105735,-0.0597826316952705,-0.0627934634685516,0.0369942970573902,-0.0035087405703961,-0.0005574263632297,0.0,-0.0105967950075864,0.0,-0.0586245208978653,-0.0382452346384525,0.0089820129796862,0.0131054958328604,0.0112759955227375,0.0005700297188013,-0.0105633977800607,0.036030750721693,-0.0296559892594814,-0.0429621376097202,-0.0244499109685421,0.0237268414348363,-0.0112782148644328,-0.0629067122936248,-0.0044359755702316,0.0489192605018615,-0.0146403880789876,0.023282865062356,0.0187339093536138,-0.0034802474547177,0.0320684351027011,-0.02114162966609,0.0625334126073597,-0.0739999793886854,0.0684126543889058,-0.0536535148494808,0.0807055217323668,-0.0438823120204829,0.0272581637022766,0.0147945451637097,-0.0058791374382008,0.0887713179716407,-0.1571351516364413,0.0742459723785455,2019-03-01,2019-03-04,2019-03-05,2019-03-06,2019-03-07,2019-03-08,2019-03-11,2019-03-12,2019-03-13,2019-03-14,84511.0,2019-02-28,252.0,1.0259%,0.0041,1.8464,1.6649,-0.0352,5.2456%,5.6830%,14.8018%,0.015376,VCEL,84511.0,2019-03-01,252.0,3.2068%,0.0042,1.8441,1.6615,-0.0432,5.2458%,5.6813%,14.7455%,0.0137159999999999,VCEL,84511.0,2019-03-04,252.0,2.9518%,0.0043,1.8425,1.6293,-0.0343,5.2521%,5.6834%,14.6031%,0.045832,VCEL,84511.0,2019-03-05,252.0,0.5533%,0.0044,1.8408,1.6221,-0.0389,5.2524%,5.6798%,14.4824%,0.013544,VCEL,84511.0,2019-03-06,252.0,-1.0005%,0.0028,1.6166,1.7627,-0.273,4.5934%,5.0399%,16.9370%,0.0258219999999999,VCEL,84511.0,2019-03-07,252.0,2.1728%,0.003,1.6097,1.7932,-0.2735,4.5931%,5.0403%,16.9572%,0.035227,VCEL,84511.0,2019-03-08,252.0,0.3462%,0.0029,1.6116,1.7575,-0.2687,4.5886%,5.0312%,16.8194%,0.005552,VCEL,84511.0,2019-03-11,252.0,-0.9364%,0.0029,1.5903,1.6989,-0.2912,4.5892%,5.0242%,16.5657%,-0.04119,VCEL,84511.0,2019-03-12,252.0,0.1990%,0.0031,1.6297,1.6907,-0.2495,4.5798%,5.0218%,16.8300%,0.002448,VCEL,84511.0,2019-03-13,252.0,-1.6385%,0.0031,1.6202,1.7323,-0.2498,4.5754%,5.0189%,16.8901%,-0.021947,VCEL,84511.0,2019-03-14,252.0,-2.9783%,0.003,1.6245,1.7415,-0.2545,4.5761%,5.0228%,16.9961%,-0.020401,VCEL,0.029092,0.0749239999999999,0.0884679999999999,0.1495169999999999,0.0739789999999999
16539,VEEVA SYSTEMS INC,"Morgan Stanley Maintains Overweight on Veeva Systems, Raises Price Target to $126",6,increase,0.8,0.7,morgan stanley's decision to maintain an overweight rating and raise the price target typically signals positive sentiment and potential for stock price appreciation.,2,2019-02-28,VEEV,2019-02-28 13:32:00+00:00,14231.0,92247510,0.0143668772652745,1709671.0,0.0197607856243848,-0.0290678534656763,-0.0415835008025169,-0.0005008979933336,0.0025164952967315,0.0091835567727684,-0.018003998324275,0.0157467182725668,0.0029087865259498,-0.0097457757219672,0.0066795758903026,-0.0199335664510726,0.0343984849750995,-0.0033937259577214,0.0047265151515603,0.0017412860179319,0.0198252741247415,0.0137009099125862,0.0075782383792102,0.0025280446279793,0.0003270186134614,0.0234583988785743,0.0007355045527219,0.0064230351708829,0.0140465600416064,0.0200991369783878,0.0032214024104177,-0.0308906678110361,0.0325118042528629,0.0055219964124262,-0.0427615642547607,0.0109027475118637,0.0026802646461874,0.012183322571218,0.0171729680150747,0.0386025980114936,-0.0169626288115978,0.0061813653446733,0.0052656666375696,0.0329743549227714,0.0223225429654121,-0.0216316990554332,-0.0007882585050538,-0.0178571157157421,0.0153044713661074,0.0351692028343677,0.0175602938979864,0.0177520141005516,-0.0144318826496601,0.0052371341735124,0.0087548587471246,-0.0275393594056367,0.0059907743707299,0.02493960224092,0.006871348246932,0.0175076108425855,0.0309372283518314,0.0026626887265592,-0.0034569078125059,0.0425663106143474,-0.0054616979323327,-0.0142900180071592,-0.0157328024506568,0.0071450131945312,0.0050516333431005,0.0151279559358954,-0.0336083695292472,0.0182528309524059,-0.0076851844787597,0.0073334304615855,0.0487365685403347,0.0340696610510349,0.0184991471469402,0.0718576833605766,0.0008056292426772,-0.0297176651656627,0.0033663134090602,-0.0204881522804498,0.0155350072309374,0.020216979086399,0.016590042039752,0.0002285419031977,-0.0118686538189649,0.0069020874798297,-0.0105812242254614,0.086489163339138,0.0182094387710094,-0.0121002066880464,0.0118515230715274,-0.0518613941967487,0.0025249025784432,-0.0188375767320394,-0.0232265796512365,-0.0089926114305853,0.0128205744549632,0.0212741438299417,0.0047379829920828,-0.0587591938674449,0.0172437839210033,-0.0078167542815208,-0.066491387784481,0.0007605355931445,0.0376519560813903,0.0180289484560489,0.0185714717954397,0.0041093151085078,0.0112903267145156,0.0167118720710277,-0.0169891975820064,-0.0409356616437435,-0.0077595291659235,-0.0070968135260045,0.0174178648740053,-0.0596562325954437,0.0092236185446381,0.0284941531717777,-0.0241638887673616,-0.0256358161568641,-0.0109976092353463,0.0092034107074141,0.0197607856243848,-0.0290678534656763,-0.022644437823002,-0.0295541914295385,-0.0201849271475491,-0.0206420472516364,-0.0350267559028369,-0.0149152726145397,0.0374013732012656,-0.0204769550248248,0.1490967829307945,0.1951469820583267,0.1821728027341311,0.1886695696745253,2019-03-01,2019-03-04,2019-03-05,2019-03-06,2019-03-07,2019-03-08,2019-03-11,2019-03-12,2019-03-13,2019-03-14,14231.0,2019-02-28,252.0,1.4367%,0.0019,1.2929,0.5311,-1.3928,1.6745%,2.5708%,57.5755%,0.014668,VEEV,14231.0,2019-03-01,252.0,1.9761%,0.0014,1.3746,0.6527,-1.267,1.4438%,2.4585%,65.5133%,0.00325,VEEV,14231.0,2019-03-04,252.0,-4.1584%,0.0012,1.3836,0.6485,-1.2752,1.4528%,2.4741%,65.5188%,-0.0269729999999999,VEEV,14231.0,2019-03-05,252.0,0.2516%,0.0011,1.3764,0.5942,-1.2812,1.4404%,2.4519%,65.4898%,0.003728,VEEV,14231.0,2019-03-06,252.0,-1.8004%,0.001,1.3582,0.609,-1.2998,1.4244%,2.4406%,65.9383%,0.001467,VEEV,14231.0,2019-03-07,252.0,0.2909%,0.0011,1.357,0.6213,-1.2979,1.4234%,2.4403%,65.9787%,0.010093,VEEV,14231.0,2019-03-08,252.0,0.6680%,0.0011,1.3563,0.6186,-1.2988,1.4238%,2.4391%,65.9255%,0.007058,VEEV,14231.0,2019-03-11,252.0,3.4398%,0.0011,1.3588,0.6108,-1.3045,1.4225%,2.4476%,66.2213%,0.005118,VEEV,14231.0,2019-03-12,252.0,0.4727%,0.0013,1.3808,0.6058,-1.2813,1.4131%,2.4470%,66.6547%,0.001906,VEEV,14231.0,2019-03-13,252.0,1.9825%,0.0013,1.3848,0.599,-1.2786,1.4150%,2.4495%,66.6282%,0.013309,VEEV,14231.0,2019-03-14,252.0,0.7578%,0.0014,1.3834,0.593,-1.2755,1.4169%,2.4473%,66.4785%,0.015165,VEEV,0.017918,-0.0090549999999999,-0.0053269999999999,0.006233,0.048789
16547,VECTOR GROUP LTD,"Vector Group Q4 EPS $0.14 Beats $0.13 Estimate, Sales $445.9M Beat $444.6M Estimate",6,increase,0.75,0.6,"the company reported better-than-expected earnings per share and sales, which typically leads to positive investor sentiment and an increase in stock price.",2,2019-02-28,VGR,2019-02-28 12:40:00+00:00,75233.0,92240M10,0.022687628865242,1132720.0,0.0127986017614603,-0.0196748971939086,-0.0446503572165966,-0.0201174113899469,0.0052909580990672,-0.0417670272290706,-0.016666630282998,0.0105519574135541,-0.0008920810651034,0.0048939203843474,-0.0071428506635129,0.0293871015310287,0.0287769511342048,0.0025252299383282,-0.0201048552989959,0.0206185355782508,0.0026761582121253,0.0130548803135752,-0.0169038772583007,0.0150176752358675,0.0162895340472459,0.0008841091766953,0.0195904411375522,-0.0061511155217885,-0.0045249038375914,0.0498154945671558,-0.0181818008422851,-0.0172257106751203,-0.0101852416992187,-0.0107623217627406,-0.0102899586781859,0.0145586756989359,0.0,0.0091826831921935,0.0207939762622118,-0.0099999690428376,0.0,0.035781554877758,0.0009259470971301,0.0260869078338146,-0.0018501810263842,0.0298507642000913,0.0074142655357718,0.0100502893328666,-0.0165593661367893,0.0142710888758301,-0.0093544833362102,-0.0549132637679576,0.0179414134472608,-0.0114285601302981,0.0064935670234262,-0.0259740017354488,-0.0202765222638845,0.016022628173232,-0.0197554118931293,0.0231436621397733,0.0047984826378524,-0.0235404893755912,0.0,-0.0093283932656049,-0.0076408712193369,-0.0092420913279056,0.007699703797698,0.0055761584080755,0.029608353972435,-0.0055452371016144,0.0,-0.004599833395332,-0.0185528583824634,0.0293560083955526,0.0018904024036601,0.0173410698771476,0.0103773260489106,0.0442656502127647,-0.0560224428772926,0.0081135826185345,-0.080118641257286,0.013360752724111,0.0344085693359375,0.0051652104593813,-0.005197525024414,0.0243386775255203,-0.0041797244921326,-0.0217391345649957,0.0052466099150478,0.0375939235091209,-0.0031314962543547,0.0032328327652066,0.010471143759787,-0.0085470005869865,0.014507807791233,-0.0116156926378607,-0.0234933141618967,-0.0237112939357757,-0.0115063395351171,-0.025125628337264,0.0253968015313148,-0.0019286471651867,-0.0092878434807062,-0.0494958721101284,-0.0104167060926556,-0.0027422059793025,0.0,-0.0081595787778496,0.0084210447967052,-0.029049290344119,-0.0073068575002253,-0.0198447369039058,0.0042060948908329,-0.0136170079931616,-0.0041884775273501,-0.0273178741335868,0.0147212818264961,-0.0186840370297431,-0.0259067360311746,-0.0230158697813749,-0.0212765764445066,-0.0186915714293718,-0.0021738591603934,0.024740656837821,0.0127986017614603,-0.0196748971939086,-0.0324232175956584,-0.0393965005829508,-0.0273038093823267,-0.0795180530994432,-0.0443686389901223,-0.0652528673401704,-0.0571672403861767,0.0123675225170298,-0.0743170179448433,0.0690298292669835,-0.1883696370127021,-0.0486269855037739,2019-03-01,2019-03-04,2019-03-05,2019-03-06,2019-03-07,2019-03-08,2019-03-11,2019-03-12,2019-03-13,2019-03-14,75233.0,2019-02-28,252.0,2.2688%,-0.0016,0.3706,0.3529,0.0942,1.5321%,1.5875%,6.8626%,0.0239559999999999,VGR,75233.0,2019-03-01,252.0,1.2799%,-0.0015,0.3696,0.3515,0.0876,1.5332%,1.5884%,6.8256%,0.009393,VGR,75233.0,2019-03-04,252.0,-4.4650%,-0.0016,0.3707,0.3842,0.079,1.5531%,1.6107%,7.0208%,-0.041754,VGR,75233.0,2019-03-05,252.0,0.5291%,-0.0016,0.3701,0.3858,0.0754,1.5539%,1.6112%,6.9835%,0.007212,VGR,75233.0,2019-03-06,252.0,-1.6667%,-0.0017,0.3661,0.4067,0.0737,1.5523%,1.6110%,7.1511%,-0.008816,VGR,75233.0,2019-03-07,252.0,-0.0892%,-0.0018,0.3563,0.3664,0.0492,1.5390%,1.5945%,6.8419%,0.002548,VGR,75233.0,2019-03-08,252.0,-0.7143%,-0.0018,0.3565,0.3723,0.0493,1.5389%,1.5948%,6.8858%,-0.006549,VGR,75233.0,2019-03-11,252.0,2.8777%,-0.0018,0.3684,0.3968,0.0572,1.5434%,1.6038%,7.3888%,0.022291,VGR,75233.0,2019-03-12,252.0,-2.0105%,-0.0018,0.3627,0.4062,0.0545,1.5473%,1.6067%,7.2501%,-0.019959,VGR,75233.0,2019-03-13,252.0,0.2676%,-0.0018,0.3634,0.4136,0.0571,1.5457%,1.6057%,7.3258%,0.001376,VGR,75233.0,2019-03-14,252.0,-1.6904%,-0.0018,0.362,0.4209,0.0534,1.5479%,1.6082%,7.3609%,-0.015106,VGR,0.033349,-0.008405,-0.001193,-0.007461,-0.025408
16555,VMWARE INC,"VMware Q4 Adj. EPS $1.98 Beats $1.88 Estimate, Sales $2.6B Beat $2.5B Estimate",6,increase,0.8,0.7,"the positive earnings per share and sales results exceeding estimates typically indicate strong company performance, which is likely to boost investor confidence and increase the stock price.",2,2019-02-28,VMW,2019-02-28 21:16:00+00:00,92257.0,92856340,-0.023862263187766,2417621.0,0.0371922440826892,0.0050822258926928,-0.0329965762794017,0.0055699180811643,0.0021471397485584,0.0044410484842956,-0.0148822013288736,0.0151648912578821,-0.0062896315939724,0.0001756780256982,0.0004732435918413,0.0042343051172792,0.0250694155693054,0.002121644327417,0.0101517550647258,0.010120234452188,0.0095357624813914,0.0056875827722251,0.0139139788225293,0.0102213770151138,0.0128305433318018,0.0400704219937324,0.0061136847361922,0.0079893125221133,0.0048174569383263,0.0090211369097232,0.0070825554430484,-0.0045854109339416,0.0183391906321048,0.0052497270517051,-0.0241181924939155,0.021515879780054,-0.0182906948029995,0.0159458462148904,0.0060996236279606,-0.0037069756072014,-0.0244709122925996,0.0320399105548858,0.0056497175246477,0.007987905293703,0.0141010927036404,-0.0195125211030244,0.0209406614303588,-0.0088335145264863,0.0041239880956709,0.0086398841813206,0.0063766152597963,-0.0174426641315221,-0.0259893480688333,0.0185773149132728,0.0242570918053388,0.0025057233870029,0.0039292266592383,0.026129325851798,-0.0043963505886495,-0.0020804649684578,0.019439959898591,-0.0198477320373058,0.0165337529033422,0.0203203596174716,0.0019226517761126,-0.0171097107231617,-0.0034749140031635,-0.0146427182480692,-0.0119704538956284,-0.0097112646326422,-0.0040559894405305,0.0241143945604562,-0.0051833232864737,0.0212884191423654,0.0184486210346221,0.0347707271575927,0.0237523652613163,0.0630596578121185,0.0121360709890723,-0.0403202511370182,0.0084135122597217,-0.0070735886693,-0.0022481861524283,0.0351054370403289,0.0083621153607964,0.0264420080929994,0.0136557752266526,0.0093544060364365,-0.0081810522824525,0.0574847646057605,-0.0121505809947848,-0.0029657764825969,0.0163999944925308,-0.0527863167226314,-0.0033943450544029,-0.0235390868037939,-0.0368230976164341,0.0152849787846207,0.0130169279873371,0.0096122492104768,0.0001012003485811,-0.0356287620961666,0.0120390756055712,-0.0175330005586147,-0.040136020630598,-0.0074406070634722,0.030670691281557,-0.0114286011084914,0.0168241392821073,0.0069784489460289,0.0211666990071535,0.0260661616921424,-0.0091475518420338,-0.0202461127191782,-0.0310351215302944,0.0251072142273187,0.0249341074377298,-0.0312289949506521,0.0073180166073143,-0.0221703816205263,-0.0344590805470943,0.0362893268465995,0.0065582538954913,0.0107661569491028,0.0371922440826892,0.0050822258926928,0.002968451084411,0.0106804515557494,0.0051219645122844,0.0151689324432382,-0.0160642267896552,0.0307449063362099,0.0433618351120483,0.0645336784889307,0.120074528957339,0.2206809845886905,0.1523776746248859,0.3171090672207959,2019-03-01,2019-03-04,2019-03-05,2019-03-06,2019-03-07,2019-03-08,2019-03-11,2019-03-12,2019-03-13,2019-03-14,92257.0,2019-02-28,252.0,-2.3862%,0.0015,0.9288,-0.0287,-0.9086,1.6446%,2.0990%,38.6109%,-0.023418,VMW,92257.0,2019-03-01,252.0,3.7192%,0.0014,0.9515,0.0051,-0.8852,1.6425%,2.1067%,39.2175%,0.026864,VMW,92257.0,2019-03-04,252.0,-3.2997%,0.0015,0.9303,0.0991,-0.8851,1.6171%,2.0801%,39.5584%,-0.024666,VMW,92257.0,2019-03-05,252.0,0.2147%,0.0018,0.9468,0.2275,-0.8734,1.5488%,2.0435%,42.5584%,0.001822,VMW,92257.0,2019-03-06,252.0,-1.4882%,0.0018,0.9452,0.2425,-0.8732,1.5485%,2.0445%,42.6393%,-0.003803,VMW,92257.0,2019-03-07,252.0,-0.6290%,0.0017,0.9433,0.2269,-0.8801,1.5462%,2.0424%,42.6884%,-0.001341,VMW,92257.0,2019-03-08,252.0,0.0473%,0.0016,0.945,0.2014,-0.8761,1.5393%,2.0344%,42.7513%,0.000849,VMW,92257.0,2019-03-11,252.0,2.5069%,0.0017,0.9475,0.1909,-0.8834,1.5372%,2.0389%,43.1567%,0.005619,VMW,92257.0,2019-03-12,252.0,1.0152%,0.0017,0.9447,0.1888,-0.8875,1.5374%,2.0368%,43.0229%,0.007521,VMW,92257.0,2019-03-13,252.0,0.9536%,0.0017,0.9458,0.1814,-0.8881,1.5366%,2.0366%,43.0714%,0.004336,VMW,92257.0,2019-03-14,252.0,1.3914%,0.0018,0.9411,0.1758,-0.8853,1.5349%,2.0307%,42.8737%,0.018178,VMW,0.0034459999999999,-0.02122,-0.019398,-0.024542,0.0119609999999999
16563,VERITIV CORP,"Veritiv Earlier Reported Q4 EPS $0.57 May Not Compare To $1.01 Estimate, Sales $2.231B Miss $2.25B Estimate",6,decrease,0.8,0.7,"the reported earnings per share (eps) and sales figures both missed analyst estimates, which typically leads to a negative reaction in stock prices.",0,2019-02-28,VRTV,2019-02-28 14:23:00+00:00,14751.0,92345410,-0.1740994900465012,263830.0,-0.0494981072843074,-0.0218120478093624,-0.0189365837723016,-0.0178522802889347,0.1009650826454163,0.0170391239225864,-0.0994605794548988,0.0070323487743735,-0.0220890399068594,-0.0097493669018149,-0.0302450563758611,0.0027933600358664,0.0288195628672838,-0.0052793119102716,-0.0019186200806871,0.017241396009922,0.0188388992100954,-0.0133853750303387,0.0113207260146737,0.0,0.011194072663784,0.0254503674805164,0.0184501837939024,0.0195335857570171,-0.0072464044205844,-0.0046430602669715,0.0029197053518146,-0.0051963138394057,-0.0171033237129449,0.0093240002170205,-0.0673824399709701,-0.0075188581831753,-0.003969844430685,0.0081633413210511,-0.0047828154638409,0.0043923193588852,0.0240288507193327,0.0082669798284769,0.0355885736644268,0.031050244346261,-0.0060422904789447,0.0006090966053307,0.0410334318876266,-0.0114422542974352,-0.0390510857105255,0.0288104191422462,0.0273452084511518,-0.0052388901822268,0.0236599370837211,-0.0121764913201332,0.0184182096272707,0.0009140396141447,-0.0223404634743928,0.0314267762005329,-0.0210373569279909,0.0277777984738349,0.0163023546338081,0.0204350333660841,0.014582559466362,0.0126836141571402,-0.0028745930176228,0.0006679542711935,-0.0136936632916331,0.0043609887361526,-0.010230204090476,0.0247507505118846,0.0118124652653932,0.0242957938462495,0.0120393987745046,0.0230547320097684,-0.0270367693156004,0.041260328143835,0.0311226435005664,0.057097565382719,0.0168882254511117,-0.0039494619704782,-0.0166077502071857,0.014016835950315,0.012935702688992,0.0212678331881761,0.0085136489942669,0.0004091746523045,-0.0189940519630909,-0.011726607568562,-0.029042650014162,0.0430198423564434,0.0022156375925987,-0.0512205176055431,0.0320560373365879,0.0056337779387831,0.0067833107896149,-0.0338257774710655,0.0028368765488266,-0.0356205776333808,-0.0109618585556745,0.0148401586338877,-0.1480157077312469,-0.013513465411961,0.0381871536374092,-0.0018734036711975,-0.1240905299782753,-0.0454219803214073,0.008767906576395,0.0134106175974011,-0.0192131772637367,-0.0014476659707725,-0.0083955368027091,-0.0057575297541916,-0.0597366169095039,-0.0176740884780883,-0.0065032099373638,-0.023809477686882,0.0105739720165729,-0.0554107166826725,-0.0284005831927061,0.0108731435611844,-0.0220512971282005,-0.0133289936929941,0.004719462711364,0.0085245976224541,-0.0494981072843074,-0.0218120478093624,-0.0674973660014495,-0.0392749333071287,0.0266528395072824,-0.0229050198402137,-0.0958808776553039,-0.0256267951720399,-0.0723433761854008,-0.0245399072884137,-0.0366908816211132,0.1675567611509241,-0.3367947281228304,0.1468852195590886,2019-03-01,2019-03-04,2019-03-05,2019-03-06,2019-03-07,2019-03-08,2019-03-11,2019-03-12,2019-03-13,2019-03-14,14751.0,2019-02-28,252.0,-17.4099%,0.0011,1.125,2.2061,0.5489,3.6844%,4.0036%,15.3114%,-0.170066,VRTV,14751.0,2019-03-01,252.0,-4.9498%,0.0009,1.1057,2.1774,0.5482,3.7051%,4.0110%,14.6693%,-0.06189,VRTV,14751.0,2019-03-04,252.0,-1.8937%,0.0003,1.179,1.941,0.5278,3.5733%,3.8805%,15.2071%,-0.006705,VRTV,14751.0,2019-03-05,252.0,10.0965%,-0.0002,1.1093,1.471,0.4375,3.3382%,3.5875%,13.4177%,0.110163,VRTV,14751.0,2019-03-06,252.0,-9.9461%,-0.0004,1.1492,1.6094,0.5014,3.3655%,3.6410%,14.5605%,-0.0718729999999999,VRTV,14751.0,2019-03-07,252.0,-2.2089%,-0.0006,1.143,1.5597,0.4791,3.3547%,3.6243%,14.3217%,-0.009974,VRTV,14751.0,2019-03-08,252.0,-3.0245%,-0.0005,1.1433,1.6154,0.4766,3.3437%,3.6204%,14.6975%,-0.0277859999999999,VRTV,14751.0,2019-03-11,252.0,2.8820%,-0.0008,1.1448,1.7005,0.5245,3.2980%,3.5876%,15.4951%,0.008357,VRTV,14751.0,2019-03-12,252.0,-0.1919%,-0.0006,1.1852,1.6914,0.5671,3.2842%,3.5825%,15.9584%,0.00031,VRTV,14751.0,2019-03-13,252.0,1.8839%,-0.0005,1.19,1.696,0.5734,3.2843%,3.5842%,16.0301%,0.015648,VRTV,14751.0,2019-03-14,252.0,1.1321%,-0.0007,1.2106,1.6763,0.5835,3.2546%,3.5608%,16.4555%,0.017654,VRTV,-0.231956,-0.2386609999999999,-0.128498,-0.210345,-0.196162
16571,V S E CORP,"VSE Q4 EPS $0.84 Up From $0.62 YoY, Sales $181M Down From $194.795M YoY",6,uncertain,0.6,0.3,"while the increase in eps is a positive indicator, the decline in sales may raise concerns among investors, leading to uncertainty about the overall impact on the stock price.",1,2019-02-28,VSEC,2019-02-28 14:42:00+00:00,79864.0,91828410,-0.016142550855875,28815.0,-0.0144271105527877,-0.0281309410929679,-0.0048795058391988,0.0040739141404628,0.0002884954446926,-0.0168224573135376,-0.0568051114678382,0.0510805398225784,-0.0143686160445213,0.0339524671435356,-0.0120968138799071,0.0426626279950141,0.0458399057388305,0.0350766964256763,-0.0432302765548229,0.0025117716286331,0.0282397102564573,-0.0093312952667474,-0.0131217669695615,0.0238854121416807,0.0123686306178569,0.0208062212914228,0.0885765925049781,-0.0156799927353858,-0.0269360020756721,-0.0148171288892626,-0.0297000799328088,-0.0343987569212913,-0.0282318200916051,-0.0060514602810144,-0.0883792415261268,0.0012117817532271,0.0174438264220953,0.0178846139460802,0.0085723781958222,-0.0061293519102036,0.0156913865357637,0.0074097462929785,0.0302542205899953,0.0338333696126937,-0.0134332524612546,-0.0214952826499939,0.0604813732206821,-0.0061919740401208,-0.0845028907060623,0.0597112774848938,0.0257665012031793,0.0495867282152175,-0.0003179722989443,-0.0020618373528122,0.0499363169074058,-0.0188806299120187,-0.0054527870379388,-0.005031855776906,-0.0435577854514122,0.0067544360645115,0.0286624077707529,-0.0320365987718105,0.0179567132145166,-0.0276541300117969,-0.0097323507070541,-0.020547941327095,-0.0064497203566133,-0.0263717100024223,0.0046368325129151,-0.023964425548911,0.0246153604239225,0.0068513415753841,0.0129129225388169,0.0497185811400413,-0.0180848091840744,-0.0117429252713918,0.0015096388524398,0.0575163476169109,-0.0054264846257865,-0.0310322847217321,-0.0400121696293354,0.0558341704308986,0.0003157634637318,-0.0016688664909452,-0.0186237413436174,0.0395558439195156,-0.0141524756327271,-0.0153741287067532,-0.003598318900913,0.0093103609979152,-0.0062376437708735,0.000690146931447,-0.0459200963377952,0.0027681635692715,-0.0128115974366664,-0.0272635295987129,-0.019291516393423,-0.0316167287528514,0.0028612958267331,-0.0022764129098504,-0.031740415841341,0.0013025371590629,0.0338858217000961,-0.0035691307857632,-0.0128251016139984,0.0098295947536826,0.0,0.0039473962970077,0.0097437920048832,-0.0094493618234992,-0.0060757710598409,-0.0157151948660612,-0.0075512076728045,-0.0241001695394516,-0.0242753643542528,0.1273818165063858,0.0241366364061832,-0.033753827214241,-0.0076141799800097,0.006865800358355,-0.0467665567994117,0.0065652597695589,0.0444614738225936,0.021531967446208,-0.0144271105527877,-0.0281309410929679,-0.0192362192218015,-0.0241716299912082,-0.0189532733387274,-0.04058746109102,-0.0879772847700393,0.042658191109554,-0.085148474948493,0.1442675393183743,-0.0698726361239943,0.1450015056247842,-0.2271198634380145,0.2715053518395411,2019-03-01,2019-03-04,2019-03-05,2019-03-06,2019-03-07,2019-03-08,2019-03-11,2019-03-12,2019-03-13,2019-03-14,79864.0,2019-02-28,252.0,-1.6143%,-0.0014,1.0854,1.1194,0.1904,1.9959%,2.3608%,28.5207%,-0.012673,VSEC,79864.0,2019-03-01,252.0,-1.4427%,-0.0014,1.0682,1.0938,0.1746,1.9973%,2.3503%,27.7845%,-0.0248159999999999,VSEC,79864.0,2019-03-04,252.0,-0.4880%,-0.0013,1.0558,1.1299,0.179,1.9913%,2.3443%,27.8465%,0.004279,VSEC,79864.0,2019-03-05,252.0,0.0288%,-0.0012,1.0572,1.1456,0.1774,1.9905%,2.3437%,27.8749%,0.005926,VSEC,79864.0,2019-03-06,252.0,-5.6805%,-0.0014,1.0619,1.2198,0.1927,1.9979%,2.3654%,28.6587%,-0.03365,VSEC,79864.0,2019-03-07,252.0,-1.4369%,-0.0014,1.0654,1.2312,0.2006,1.9972%,2.3668%,28.7885%,-0.004261,VSEC,79864.0,2019-03-08,252.0,-1.2097%,-0.0014,1.0667,1.2293,0.2028,1.9980%,2.3667%,28.7349%,-0.010118,VSEC,79864.0,2019-03-11,252.0,4.5840%,-0.0013,1.0808,1.2475,0.2058,2.0052%,2.3853%,29.3272%,0.0264849999999999,VSEC,79864.0,2019-03-12,252.0,-4.3230%,-0.0016,1.0633,1.2697,0.195,2.0190%,2.3912%,28.7049%,-0.042365,VSEC,79864.0,2019-03-13,252.0,2.8240%,-0.0014,1.0718,1.2617,0.2023,2.0256%,2.3985%,28.6768%,0.024826,VSEC,79864.0,2019-03-14,252.0,-1.3122%,-0.0015,1.0781,1.2613,0.2025,2.0202%,2.3969%,28.9612%,-0.007574,VSEC,-0.0374889999999999,-0.0332099999999999,-0.0272839999999999,-0.0651949999999999,-0.0739409999999999
16579,VANGUARD WHITEHALL FUNDS,A Dividend ETF Perfect For Retirement Accounts,6,increase,0.8,0.7,"the news highlights the vanguard whitehall funds as a suitable dividend etf for retirement accounts, which is likely to attract more investors seeking stable income, potentially driving up the stock price.",2,2019-02-28,VYM,2019-02-28 18:00:00+00:00,91597.0,92194640,-0.001046956051141,911993.0,0.0039594308473169,0.001164668938145,-0.0033638896420598,-0.0017440009396523,-0.0020949756726622,0.0020971724297851,-0.0064146891236305,0.0049174353480339,-0.0058692335151135,-0.0028020765166729,-0.0017711833352223,0.0042209005914628,0.0112372478470206,0.0019971588626503,0.0007018971955403,0.0136953853070735,0.0053769615478813,-0.0046230368316173,-0.0012789281317964,0.0036882515996694,0.0061699505895376,0.0117973200976848,0.0033553270623087,0.0008433698094449,-0.0023063258267939,0.0009648074628785,-0.0071659171953797,-0.0071838898584246,0.0084982039406895,0.0007188780000433,-0.0150062963366508,0.0024020771961659,-0.0022079451009631,0.0028909358661621,0.0102971093729138,0.0032627992331981,-0.0039831767790019,0.0085313459858298,0.0022347969934344,0.0074901841580867,0.0052811242640018,0.0032027855049818,0.0101563753560185,-0.0050250771455466,-0.00231130188331,0.0020879167132079,0.0013899584300816,-0.0012266741832718,0.0032389406114816,0.0034465631470084,0.0041507319547235,-0.0110773416236043,0.0017223737668246,0.0139472344890236,-0.0068775615654885,0.0078367618843913,0.0031163927633315,-0.0007457745377905,0.0012655963655561,0.0058763888664543,0.005401071626693,-0.0054712113924324,-0.0004572055768221,0.0012450009817257,0.0050314748659729,0.0046279267407953,-0.0006826437311246,-0.0001250892528332,-0.001821742625907,0.0081957075744867,-0.0009125337237492,0.004814357496798,0.0052518178708851,0.0290743596851825,-0.0032935934141278,-0.0181772373616695,-0.0055834716185927,0.0016669430769979,0.0028646730352193,0.0086652636528015,0.0013711466453969,-0.0006462847231887,0.0051346067339181,0.0097885662689805,-0.0088545670732855,0.0394790880382061,-0.0018325053388252,-0.0287175793200731,0.0079173240810632,-0.0124967945739626,-0.0035291162785142,-0.0117137525230646,-0.013823821209371,-0.0126964440569281,-0.003475475590676,-0.0050030509009957,-0.0027900240384042,-0.0185367316007614,0.0066449022851884,-0.0163023602217435,-0.0184133909642696,0.0002415345225017,0.0069607873447239,0.0036368416622281,0.0026948256418108,-0.0006058038561604,0.0080625703558325,-0.0013309208443388,-0.0038251329679042,-0.0168906655162572,-0.0032580727711319,-0.0048532630316913,0.0071210945025086,-0.0259425789117813,-0.0028978788759559,0.0059151253663003,-0.0099975941702723,0.0097201289609074,0.0021135823335498,-0.0004682303115259,0.0039594308473169,0.001164668938145,0.0005822221168414,-0.0005813631852298,-0.0015139732969916,0.0015145900257116,-0.0137417060965325,0.0036193528587666,0.0003493505983473,0.0227245208909148,0.0212077046575609,0.0747686376054774,0.0014923607028562,0.0162891386874459,2019-03-01,2019-03-04,2019-03-05,2019-03-06,2019-03-07,2019-03-08,2019-03-11,2019-03-12,2019-03-13,2019-03-14,91597.0,2019-02-28,252.0,-0.1047%,0.0001,0.8499,-0.1477,0.294,0.2338%,0.8690%,92.7593%,0.002261,VYM,91597.0,2019-03-01,252.0,0.3959%,0.0002,0.8475,-0.1513,0.2906,0.2327%,0.8651%,92.7670%,-0.000646,VYM,91597.0,2019-03-04,252.0,-0.3364%,0.0001,0.8478,-0.1516,0.2903,0.2327%,0.8626%,92.7205%,-0.000786,VYM,91597.0,2019-03-05,252.0,-0.2095%,0.0001,0.8477,-0.1527,0.2905,0.2327%,0.8624%,92.7195%,-0.000517,VYM,91597.0,2019-03-06,252.0,-0.6415%,0.0001,0.8478,-0.149,0.2911,0.2328%,0.8604%,92.6798%,-0.001424,VYM,91597.0,2019-03-07,252.0,-0.5869%,0.0001,0.8475,-0.1471,0.2913,0.2327%,0.8613%,92.6997%,0.001849,VYM,91597.0,2019-03-08,252.0,-0.1771%,0.0001,0.8474,-0.1469,0.2911,0.2327%,0.8613%,92.6986%,0.000572,VYM,91597.0,2019-03-11,252.0,1.1237%,0.0001,0.8476,-0.1449,0.2922,0.2324%,0.8636%,92.7568%,0.000563,VYM,91597.0,2019-03-12,252.0,0.0702%,0.0001,0.848,-0.1442,0.293,0.2327%,0.8584%,92.6541%,-0.001679,VYM,91597.0,2019-03-13,252.0,0.5377%,0.0001,0.8476,-0.1426,0.2929,0.2326%,0.8588%,92.6627%,-0.001176,VYM,91597.0,2019-03-14,252.0,-0.1279%,0.0001,0.8476,-0.1415,0.2924,0.2330%,0.8582%,92.6297%,-0.001985,VYM,0.001615,0.0008289999999999,0.0003119999999999,0.000737,-0.002968
16587,WAYFAIR INC,Argus Initiates Coverage On Wayfair with Hold Rating,6,uncertain,0.6,0.3,"the initiation of coverage with a 'hold' rating suggests a neutral stance, which may not significantly impact the stock price in either direction.",1,2019-02-28,W,2019-02-28 12:56:00+00:00,14983.0,94419L10,0.0111686699092388,2085440.0,0.025048341602087,0.0020794544834643,-0.0196667034178972,0.0201522074639797,-0.00156171398703,0.0688896402716636,-0.0075798262841999,0.2785640954971313,-0.0103048849850893,-0.0060174516402184,0.0112084383144974,-0.0178140308707952,0.0307086128741502,-0.0162149164825677,0.0082271210849285,0.0169053860008716,-0.0166113302111625,0.0025883375201374,-0.0201516952365636,-0.0095104333013296,0.0041736457496881,0.0123911229893565,0.0195169299840927,-0.0081381481140851,-0.0054947868920862,0.0326729901134967,0.0167537536472082,-0.0254074465483427,0.0013439039466902,0.0226495862007141,-0.0751006305217742,0.0298389177769422,0.0192429218441247,0.0329121090471744,-0.018879622220993,0.0048419404774904,-0.0516087859869003,0.0154930716380477,-0.0035259048454463,0.0342544578015804,-0.0089458338916301,-0.0023930314928293,0.0037049718666821,0.0223113689571619,0.0026174455415457,0.0233326833695173,0.0445143170654773,0.0404250584542751,-0.0064726644195616,-0.0129575747996568,-0.0163194146007299,-0.0479733869433403,-0.0169180445373058,0.0582263059914112,-0.0286152176558971,0.0084630399942398,0.0089953821152448,0.0196015369147062,0.0039472016505897,0.002242142567411,-0.0019658929668366,-0.0284232143312692,0.0054336958564817,-0.028519619256258,0.0101330811157822,0.0092555293813347,-0.0252791997045278,0.0161223392933607,-0.0037049280945211,0.0126635171473026,0.0182493887841701,0.0609594248235225,0.0218449588865041,0.0647906810045242,0.0063538732938468,-0.0651044473052024,0.0111805126070976,0.0043294779025018,0.0048130438663065,-0.0072734854184091,0.0456339418888092,-0.015514813363552,0.0037761584389954,0.0262777041643858,0.0085106687620282,0.1164842694997787,-0.0707514956593513,-0.0206963345408439,-0.0206633266061544,-0.0350094363093376,0.0201585795730352,-0.058511234819889,-0.0387301035225391,-0.0304557252675294,0.0200766939669847,-0.0021401492413133,-0.0065828962251544,-0.0952657908201217,-0.0177158378064632,-0.0063491682521998,-0.0515592023730278,-0.0363400913774967,0.0291769802570343,0.0,0.0170662775635719,-0.0038784574717283,0.0280127115547657,0.0335974469780921,0.0144340982660651,-0.0562961660325527,0.0155585883185267,0.0256836544722318,-0.0030116976704448,-0.0360673516988754,-0.0070922104641795,0.0573446713387966,-0.0548942014575004,0.0076857153326272,0.0020993915386497,0.0047668986953794,0.025048341602087,0.0020794544834643,0.0048890198787914,0.0222735675456067,0.0033196706410336,0.0926976258730538,-0.0145460434441695,0.3886770665597068,-0.0021727749789095,0.3550281694278498,-0.1096088188582118,0.7494127374424824,-0.1356832220525657,0.5621127351380775,2019-03-01,2019-03-04,2019-03-05,2019-03-06,2019-03-07,2019-03-08,2019-03-11,2019-03-12,2019-03-13,2019-03-14,14983.0,2019-02-28,252.0,1.1169%,0.0025,1.5295,0.5104,-1.919,2.9857%,3.8426%,39.6268%,0.010834,W,14983.0,2019-03-01,252.0,2.5048%,0.0025,1.5456,0.5345,-1.895,2.9813%,3.8443%,39.8584%,0.00479,W,14983.0,2019-03-04,252.0,-1.9667%,0.0023,1.5623,0.4833,-1.9003,2.9734%,3.8450%,40.1977%,-0.002191,W,14983.0,2019-03-05,252.0,-0.1562%,0.0023,1.5664,0.5123,-1.8957,2.9720%,3.8447%,40.2429%,-0.002058,W,14983.0,2019-03-06,252.0,-0.7580%,0.0024,1.5631,0.4902,-1.9025,2.9727%,3.8450%,40.2270%,0.012702,W,14983.0,2019-03-07,252.0,-1.0305%,0.0023,1.5623,0.4745,-1.9081,2.9715%,3.8439%,40.2399%,-0.003513,W,14983.0,2019-03-08,252.0,1.1208%,0.0023,1.5613,0.4714,-1.9095,2.9720%,3.8431%,40.1961%,0.0110739999999999,W,14983.0,2019-03-11,252.0,3.0709%,0.0023,1.558,0.4646,-1.9117,2.9722%,3.8468%,40.3046%,-0.004271,W,14983.0,2019-03-12,252.0,0.8227%,0.0024,1.5683,0.4617,-1.9011,2.9712%,3.8467%,40.3387%,0.004014,W,14983.0,2019-03-13,252.0,-1.6611%,0.0023,1.559,0.4881,-1.905,2.9734%,3.8471%,40.2609%,-0.0243679999999999,W,14983.0,2019-03-14,252.0,-2.0152%,0.0023,1.5585,0.4948,-1.9084,2.9746%,3.8493%,40.2839%,-0.010967,W,0.0156239999999999,0.0134329999999999,0.011375,0.020564,-0.0039539999999999
16595,WORKDAY INC,Workday Raises FY20 Subscription Sales $3.03B-$3.045B,6,increase,0.8,0.7,"the raised subscription sales forecast indicates strong demand and growth potential, which is likely to positively impact investor sentiment and increase the stock price.",2,2019-02-28,WDAY,2019-02-28 21:02:00+00:00,13628.0,98138H10,0.0024309735745191,2936811.0,-0.0444096066057682,0.0119413789361715,-0.0524479113519191,-0.005656630732119,0.0152885029092431,0.0078582372516393,0.002582908142358,0.0276032909750938,-0.0037274172063916,0.0043467124924063,-0.0007702854927629,-0.0212203562259674,0.021419521421194,0.0102207260206341,0.0099191181361675,0.0119338072836399,-0.0062986691482365,0.0042076874524354,0.0047270604409277,-0.0093394061550498,-0.0018712086603045,-0.0040987851098179,0.0043922653421759,0.0046987980604171,0.02143887989223,0.0150045715272426,0.0061609563417732,-0.0099214510992169,0.0252711065113544,-0.0042791357263922,-0.0328980647027492,0.0134382406249642,-0.001988721312955,0.0038697260897606,0.0101730599999427,0.0249545462429523,-0.0153654832392931,0.0516162887215614,0.0027414818760007,0.0355749763548374,0.0139327505603432,-0.033681146800518,-0.0005185693735256,-0.0175418723374605,0.0053437030874192,0.025584140792489,-0.0014449312584474,-0.0026797547470778,-0.041498702019453,0.0052116843871772,0.0044211572967469,-0.0076127238571643,0.0044017788022756,0.0330171696841716,0.0197210330516099,0.0074997311457991,0.0225367024540901,0.005289688706398,0.0039466377347707,0.0069797304458916,-0.0006126263178884,-0.02466263435781,-0.0145082827657461,-0.0029768990352749,0.0149291874840855,0.0107113616541028,-0.0243627820163965,-0.0046121850609779,-0.0166998337954282,0.0211008992046117,0.0081988675519824,0.0009182362700812,0.0307863019406795,0.0605765581130981,0.00087089225417,-0.0358081944286823,0.0176588650792837,0.000375831790734,0.0281158648431301,0.0007520376238971,0.000489168043714,0.0067511643283069,0.0054765557870268,0.0304272025823593,-0.021640870720148,0.0800505131483078,-0.0125757968053221,-0.0173876285552978,0.0225018952041864,-0.046889416873455,-0.0006892447709105,-0.0233155936002731,-0.021874088793993,-0.000128471336211,-0.0081595405936241,0.0126821817830205,0.0174182821065187,-0.0510399565100669,0.0158721860498189,-0.0159125123172998,-0.0464304871857166,-0.0052562248893082,0.0370980873703956,0.0158340595662593,0.0184320677071809,0.0204158946871757,0.0341967642307281,-0.0046749361790716,-0.0076414863578975,-0.0457979664206504,-0.0359825417399406,0.0188462045043706,0.0198215283453464,-0.0165673345327377,0.017308909446001,0.0231707505881786,-0.0241908468306064,0.1286992132663727,0.0263003781437873,-0.0036343603860586,-0.0444096066057682,0.0119413789361715,-0.0945283268472544,0.0062172002329781,-0.0806850205380214,0.014124293719089,-0.0817460356397822,0.0466472466727834,-0.0550194481291436,0.0418425087857634,-0.0104077046996368,0.2089021878128729,0.0646188568677186,0.3539737643725034,2019-03-01,2019-03-04,2019-03-05,2019-03-06,2019-03-07,2019-03-08,2019-03-11,2019-03-12,2019-03-13,2019-03-14,13628.0,2019-02-28,252.0,0.2431%,0.001,1.2031,0.2769,-1.6118,1.6205%,2.5232%,58.7515%,0.001931,WDAY,13628.0,2019-03-01,252.0,-4.4410%,0.0008,1.1879,0.2542,-1.6069,1.6658%,2.5386%,56.9420%,-0.060412,WDAY,13628.0,2019-03-04,252.0,-5.2448%,0.0007,1.1876,0.2913,-1.615,1.6831%,2.5574%,56.6884%,-0.039077,WDAY,13628.0,2019-03-05,252.0,1.5289%,0.0006,1.1765,0.2142,-1.6279,1.6669%,2.5330%,56.6956%,0.014244,WDAY,13628.0,2019-03-06,252.0,0.2583%,0.0006,1.1681,0.1848,-1.6413,1.6693%,2.5321%,56.5352%,0.015725,WDAY,13628.0,2019-03-07,252.0,-0.3727%,0.0005,1.1636,0.1623,-1.6537,1.6651%,2.5287%,56.6395%,0.000474,WDAY,13628.0,2019-03-08,252.0,-0.0770%,0.0005,1.164,0.1597,-1.6529,1.6651%,2.5279%,56.6121%,-0.001193,WDAY,13628.0,2019-03-11,252.0,2.1420%,0.0005,1.1616,0.1435,-1.6609,1.6629%,2.5307%,56.8250%,-0.0051849999999999,WDAY,13628.0,2019-03-12,252.0,0.9919%,0.0006,1.1709,0.1391,-1.6521,1.6619%,2.5312%,56.8909%,0.005998,WDAY,13628.0,2019-03-13,252.0,-0.6299%,0.0005,1.1669,0.138,-1.6567,1.6630%,2.5310%,56.8283%,-0.012584,WDAY,13628.0,2019-03-14,252.0,0.4727%,0.0006,1.1661,0.1331,-1.6543,1.6641%,2.5296%,56.7213%,0.01134,WDAY,-0.058481,-0.097558,-0.083314,-0.067115,-0.0687389999999999
16603,WORKDAY INC,"Workday Q4 EPS $0.41 Beats $0.32 Estimate, Sales $788.6M Beat $777.34M Estimate",6,increase,0.8,0.7,"the earnings per share and sales figures both exceeded analyst estimates, which typically signals strong performance and can lead to a positive reaction in the stock price.",2,2019-02-28,WDAY,2019-02-28 21:02:00+00:00,13628.0,98138H10,0.0024309735745191,2936811.0,-0.0444096066057682,0.0119413789361715,-0.0524479113519191,-0.005656630732119,0.0152885029092431,0.0078582372516393,0.002582908142358,0.0276032909750938,-0.0037274172063916,0.0043467124924063,-0.0007702854927629,-0.0212203562259674,0.021419521421194,0.0102207260206341,0.0099191181361675,0.0119338072836399,-0.0062986691482365,0.0042076874524354,0.0047270604409277,-0.0093394061550498,-0.0018712086603045,-0.0040987851098179,0.0043922653421759,0.0046987980604171,0.02143887989223,0.0150045715272426,0.0061609563417732,-0.0099214510992169,0.0252711065113544,-0.0042791357263922,-0.0328980647027492,0.0134382406249642,-0.001988721312955,0.0038697260897606,0.0101730599999427,0.0249545462429523,-0.0153654832392931,0.0516162887215614,0.0027414818760007,0.0355749763548374,0.0139327505603432,-0.033681146800518,-0.0005185693735256,-0.0175418723374605,0.0053437030874192,0.025584140792489,-0.0014449312584474,-0.0026797547470778,-0.041498702019453,0.0052116843871772,0.0044211572967469,-0.0076127238571643,0.0044017788022756,0.0330171696841716,0.0197210330516099,0.0074997311457991,0.0225367024540901,0.005289688706398,0.0039466377347707,0.0069797304458916,-0.0006126263178884,-0.02466263435781,-0.0145082827657461,-0.0029768990352749,0.0149291874840855,0.0107113616541028,-0.0243627820163965,-0.0046121850609779,-0.0166998337954282,0.0211008992046117,0.0081988675519824,0.0009182362700812,0.0307863019406795,0.0605765581130981,0.00087089225417,-0.0358081944286823,0.0176588650792837,0.000375831790734,0.0281158648431301,0.0007520376238971,0.000489168043714,0.0067511643283069,0.0054765557870268,0.0304272025823593,-0.021640870720148,0.0800505131483078,-0.0125757968053221,-0.0173876285552978,0.0225018952041864,-0.046889416873455,-0.0006892447709105,-0.0233155936002731,-0.021874088793993,-0.000128471336211,-0.0081595405936241,0.0126821817830205,0.0174182821065187,-0.0510399565100669,0.0158721860498189,-0.0159125123172998,-0.0464304871857166,-0.0052562248893082,0.0370980873703956,0.0158340595662593,0.0184320677071809,0.0204158946871757,0.0341967642307281,-0.0046749361790716,-0.0076414863578975,-0.0457979664206504,-0.0359825417399406,0.0188462045043706,0.0198215283453464,-0.0165673345327377,0.017308909446001,0.0231707505881786,-0.0241908468306064,0.1286992132663727,0.0263003781437873,-0.0036343603860586,-0.0444096066057682,0.0119413789361715,-0.0945283268472544,0.0062172002329781,-0.0806850205380214,0.014124293719089,-0.0817460356397822,0.0466472466727834,-0.0550194481291436,0.0418425087857634,-0.0104077046996368,0.2089021878128729,0.0646188568677186,0.3539737643725034,2019-03-01,2019-03-04,2019-03-05,2019-03-06,2019-03-07,2019-03-08,2019-03-11,2019-03-12,2019-03-13,2019-03-14,13628.0,2019-02-28,252.0,0.2431%,0.001,1.2031,0.2769,-1.6118,1.6205%,2.5232%,58.7515%,0.001931,WDAY,13628.0,2019-03-01,252.0,-4.4410%,0.0008,1.1879,0.2542,-1.6069,1.6658%,2.5386%,56.9420%,-0.060412,WDAY,13628.0,2019-03-04,252.0,-5.2448%,0.0007,1.1876,0.2913,-1.615,1.6831%,2.5574%,56.6884%,-0.039077,WDAY,13628.0,2019-03-05,252.0,1.5289%,0.0006,1.1765,0.2142,-1.6279,1.6669%,2.5330%,56.6956%,0.014244,WDAY,13628.0,2019-03-06,252.0,0.2583%,0.0006,1.1681,0.1848,-1.6413,1.6693%,2.5321%,56.5352%,0.015725,WDAY,13628.0,2019-03-07,252.0,-0.3727%,0.0005,1.1636,0.1623,-1.6537,1.6651%,2.5287%,56.6395%,0.000474,WDAY,13628.0,2019-03-08,252.0,-0.0770%,0.0005,1.164,0.1597,-1.6529,1.6651%,2.5279%,56.6121%,-0.001193,WDAY,13628.0,2019-03-11,252.0,2.1420%,0.0005,1.1616,0.1435,-1.6609,1.6629%,2.5307%,56.8250%,-0.0051849999999999,WDAY,13628.0,2019-03-12,252.0,0.9919%,0.0006,1.1709,0.1391,-1.6521,1.6619%,2.5312%,56.8909%,0.005998,WDAY,13628.0,2019-03-13,252.0,-0.6299%,0.0005,1.1669,0.138,-1.6567,1.6630%,2.5310%,56.8283%,-0.012584,WDAY,13628.0,2019-03-14,252.0,0.4727%,0.0006,1.1661,0.1331,-1.6543,1.6641%,2.5296%,56.7213%,0.01134,WDAY,-0.058481,-0.097558,-0.083314,-0.067115,-0.0687389999999999
16611,WESTERN DIGITAL CORP,"Western Digital Shares Spike 3 Percent As Company Presents At Morgan Stanley Technology, Media, & Telecom Conference",6,increase,0.8,0.3,"the 3 percent spike in shares suggests positive investor sentiment following the company's presentation at a significant conference, indicating potential for further gains.",2,2019-02-28,WDC,2019-02-28 18:33:00+00:00,66384.0,95810210,0.0362587198615074,11042119.0,0.0270377863198518,-0.0476751066744327,0.0183894839137792,-0.0075934459455311,-0.0355445519089698,0.0377853885293006,-0.051635842770338,0.048739206045866,-0.0234829019755125,-0.0262071918696165,0.0104277050122618,0.0095833139494061,0.0459140762686729,0.0073451935313642,-0.0102698011323809,-0.0068778246641159,-0.0032553374767303,0.0060809589922428,-0.0287813805043697,0.0090986099094152,0.0109288906678557,0.0289570651948452,0.0039501548744738,-0.0166987534612417,-0.0084903677925467,0.0185346379876136,-0.0148287983611226,-0.0445833206176757,0.097731627523899,0.0124446349218487,-0.065469279885292,-0.0091953743249177,-0.0103327138349413,0.0180850736796855,-0.0169137101620435,0.0446765571832656,-0.0361087657511234,0.0264658872038126,0.0191714167594909,0.0300823170691728,0.0504918321967124,-0.0329545624554157,0.0260091535747051,0.0194624681025743,0.0216994453221559,0.0752366855740547,0.0323540531098842,0.0669856593012809,-0.0117284525185823,0.0015973789850249,0.0124513497576117,-0.0418367199599742,-0.00864720903337,0.0748560279607772,-0.0286877211183309,-0.0359503179788589,0.0115744965150952,0.0039809322915971,0.0027619493193924,-0.0099842632189393,0.0196734201163053,-0.0492130257189273,0.0005787917762063,0.0055261841043829,0.0468569286167621,0.0005026503349654,0.002947132801637,0.0440829247236251,0.0172635186463594,-0.0096153570339083,-0.0213034898042678,0.0355220586061477,0.0044272583909332,0.0423561930656433,-0.0093664303421974,-0.0682173818349838,-0.0183536875993013,0.0348930768668651,-0.0383381024003028,0.0062601938843727,-0.0088373320177197,-0.0040660807862877,0.0128788920119404,0.0124559728428721,-0.0062597752548754,0.0533371046185493,-0.0204724594950676,-0.0233983322978019,0.0209003407508134,-0.0215316750109195,-0.024409407749772,0.0030070198699831,-0.0474173165857791,-0.0552685782313346,-0.0108027607202529,0.0122876139357686,-0.0059957727789878,-0.0136668076738715,-0.0120637137442827,-0.0295295380055904,-0.0625817477703094,-0.0246522352099418,0.0381483919918537,-0.0151441656053066,0.0192695632576942,-0.0014402633532881,-0.0087931742891669,-0.0088032102212309,-0.0102017978206276,-0.036009170114994,-0.0600492991507053,0.0130110951140523,0.0357568524777889,-0.071813628077507,-0.0289988983422517,0.0215906482189893,-0.0165915377438068,-0.0028559109196066,-0.0122921699658036,-0.0546209961175918,0.0270377863198518,-0.0476751066744327,0.0459244811702241,-0.0549065342744841,0.0087475641564067,-0.0191958104755421,-0.0658051202528139,0.0016508848514857,-0.0540754947778152,0.0270842714126859,0.0215809523312404,0.2753546790624503,-0.1763843117268051,0.021763262659296,2019-03-01,2019-03-04,2019-03-05,2019-03-06,2019-03-07,2019-03-08,2019-03-11,2019-03-12,2019-03-13,2019-03-14,66384.0,2019-02-28,252.0,3.6259%,-0.002,1.4247,0.7786,-0.0116,2.2895%,2.7804%,32.1960%,0.04046,WDC,66384.0,2019-03-01,252.0,2.7038%,-0.002,1.4399,0.8014,0.0044,2.2885%,2.7863%,32.5378%,0.014386,WDC,66384.0,2019-03-04,252.0,1.8389%,-0.002,1.4426,0.7645,0.01,2.2951%,2.7890%,32.2787%,0.028975,WDC,66384.0,2019-03-05,252.0,-3.5545%,-0.002,1.4487,0.7931,0.025,2.3020%,2.7960%,32.2184%,-0.030788,WDC,66384.0,2019-03-06,252.0,-5.1636%,-0.0022,1.4553,0.8538,0.0406,2.3076%,2.8105%,32.5882%,-0.029574,WDC,66384.0,2019-03-07,252.0,-2.3483%,-0.0024,1.451,0.8153,0.024,2.2982%,2.7995%,32.6063%,-0.010908,WDC,66384.0,2019-03-08,252.0,1.0428%,-0.0023,1.4496,0.8034,0.0225,2.2992%,2.7983%,32.4905%,0.013163,WDC,66384.0,2019-03-11,252.0,4.5914%,-0.0023,1.4611,0.8337,0.0339,2.3001%,2.8111%,33.0506%,0.021449,WDC,66384.0,2019-03-12,252.0,-1.0270%,-0.0024,1.4574,0.8387,0.0317,2.3008%,2.8067%,32.8030%,-0.011651,WDC,66384.0,2019-03-13,252.0,-0.3255%,-0.0025,1.4558,0.817,0.0247,2.2918%,2.7977%,32.8935%,-0.010597,WDC,66384.0,2019-03-14,252.0,-2.8781%,-0.0027,1.458,0.8263,0.02,2.2946%,2.8026%,32.9668%,-0.02414,WDC,0.054846,0.083821,0.053033,0.012551,0.000775
16619,WABASH NATIONAL CORP,"Wabash National Corporation Targeting Sales $2.2B, Operating Margin ~8% And Adj. EPS $1.90-$2.10 By 2021",6,increase,0.7,0.6,"the announcement of targeted sales and positive financial metrics suggests strong future performance, which is likely to boost investor confidence and increase the stock price.",2,2019-02-28,WNC,2019-02-28 11:45:00+00:00,77117.0,92956610,0.0269896443933248,528974.0,0.0074123758822679,0.0020804253872483,-0.022742485627532,-0.0170415807515382,-0.0301163308322429,-0.0074424669146537,-0.0211715027689933,0.0116358716040849,-0.0151405939832329,-0.0148348128423094,0.0043924171477556,0.0178449023514986,0.004373138770461,0.0097019672393798,-0.0224963333457708,0.0112123228609561,0.0081662693992257,0.0063469782471656,-0.0176730323582887,0.0305232610553503,-0.0097451359033584,0.0238095726817846,0.0401211008429527,0.0,-0.0181950516998767,-0.0323974639177322,-0.0096367765218019,-0.0252631343901157,0.0142215974628925,-0.0165631305426359,-0.0295203365385532,0.0020746702793985,-0.0007604011916555,0.0269886441528797,0.0106544429436326,0.0100430669263005,0.0165662858635187,-0.0049964771606028,0.0125925978645682,-0.0672436878085136,-0.0087783383205533,0.0100874630734324,0.0324722938239574,0.0067704417742788,-0.0150107247754931,-0.0100535936653614,0.0108853885903954,0.0047137839719653,0.0223826318979263,-0.0119760045781731,0.0127118863165378,-0.0170045923441648,0.0083681931719183,0.0159468278288841,-0.0062240767292678,0.017579460516572,0.0243563242256641,0.0033921431750059,-0.0013587267603725,-0.0087424423545598,0.01768708974123,0.0060893204063177,-0.0187165588140487,0.0006769989849999,0.0156675428152084,0.0095694009214639,0.0067069339565932,0.0159722566604614,-0.0033311252482235,0.0241820197552442,0.0046791238710284,0.0050036204047501,0.0146374097093939,0.0687547475099563,-0.0013115054462105,-0.0068285395391285,-0.0453052930533886,0.0137614971026778,0.0061898315325379,0.011600898578763,0.0102528790012002,0.0054432852193713,0.0202977135777473,-0.0023274386767297,-0.0152519587427377,0.049674317240715,0.0107744000852108,-0.0330708734691143,0.0433044359087944,0.007936461828649,-0.0063856593333184,0.0071942568756639,-0.0218509081751108,-0.0435779578983783,-0.0374507643282413,0.0250783450901508,0.0129693197086453,-0.0161912124603986,-0.0053908303380012,-0.0233433339744806,-0.0392953865230083,-0.024246871471405,0.0077573806047439,0.0187125746160745,0.0062981210649013,-0.0022405292838811,0.0006954261916689,-0.0154411792755127,0.0020847625564783,-0.0449437797069549,0.0124826841056346,-0.0199587047100067,0.0061643286608159,-0.0685897842049598,-0.013614690862596,0.0038610307965427,-0.0241545494645834,-0.0032071962486952,0.0106081767007708,-0.0250156112015247,0.0074123758822679,0.0020804253872483,-0.0154986855972324,-0.0149966091015242,-0.0451482528865642,-0.0223274642491079,-0.0795148450174076,-0.0256237431416381,-0.1010781676768478,0.0501453180903859,-0.0037123046662606,-0.0282447938543806,-0.0314999095112231,-0.0908249763771256,2019-03-01,2019-03-04,2019-03-05,2019-03-06,2019-03-07,2019-03-08,2019-03-11,2019-03-12,2019-03-13,2019-03-14,77117.0,2019-02-28,252.0,2.6990%,-0.0011,1.2789,1.4552,1.3671,2.0844%,2.4989%,30.4224%,0.034015,WNC,77117.0,2019-03-01,252.0,0.7412%,-0.001,1.2702,1.4423,1.3534,2.0824%,2.4875%,29.9185%,-0.000638,WNC,77117.0,2019-03-04,252.0,-2.2742%,-0.0012,1.279,1.4265,1.3481,2.0823%,2.4896%,30.0456%,-0.015736,WNC,77117.0,2019-03-05,252.0,-3.0116%,-0.001,1.294,1.531,1.366,2.0588%,2.4876%,31.4993%,-0.020374,WNC,77117.0,2019-03-06,252.0,-2.1172%,-0.001,1.2882,1.5134,1.357,2.0595%,2.4890%,31.5291%,0.008352,WNC,77117.0,2019-03-07,252.0,-1.5141%,-0.001,1.2899,1.5256,1.3627,2.0585%,2.4901%,31.6631%,0.0008699999999999,WNC,77117.0,2019-03-08,252.0,0.4392%,-0.0009,1.2878,1.5396,1.3585,2.0578%,2.4902%,31.7083%,0.008694,WNC,77117.0,2019-03-11,252.0,0.4373%,-0.001,1.2809,1.5462,1.3658,2.0577%,2.4901%,31.7176%,-0.013383,WNC,77117.0,2019-03-12,252.0,-2.2496%,-0.001,1.28,1.5551,1.3686,2.0613%,2.4900%,31.4718%,-0.020367,WNC,77117.0,2019-03-13,252.0,0.8166%,-0.001,1.281,1.5646,1.3719,2.0593%,2.4901%,31.6076%,0.003253,WNC,77117.0,2019-03-14,252.0,-1.7673%,-0.001,1.2821,1.5704,1.3689,2.0606%,2.4922%,31.6380%,-0.014183,WNC,0.033377,0.0176409999999999,-0.002733,0.0064889999999999,-0.029497
16627,WORTHINGTON INDUSTRIES INC,Zero-Emission Truck Manufacturer Nikola Names First President,6,uncertain,0.5,0.5,"the news about nikola naming a president may not directly impact worthington industries' stock price, as it pertains to a different company in the electric vehicle sector.",1,2019-02-28,WOR,2019-02-28 18:38:00+00:00,83601.0,98181110,0.0025504282675683,234890.0,-0.0025439402088522,0.0113489460200071,-0.0045906733721494,-0.0124808428809046,-0.0046118451282382,0.0040920679457485,-0.0280566327273845,0.0043667652644217,-0.0233050137758255,-0.002306513255462,-0.0219631604850292,0.0388711132109165,0.0230108629912138,-0.0031846850179135,0.0070460247807204,0.0021277084015309,0.0008072868804447,-0.0089615229517221,-0.0112932976335287,-0.0018416126258671,0.011767934076488,0.0334420762956142,0.0108195208013057,0.0071193403564393,-0.0045490548945963,-0.0158986840397119,-0.0112903760746121,-0.021360695362091,0.0356172211468219,0.0109304152429103,-0.1023891195654869,-0.0050398525781929,0.019011452794075,0.013440859504044,0.0206659361720085,-0.0140471449121832,0.0182789005339145,0.0039914236404001,0.0201601646840572,0.0361180417239666,0.0102869812399148,-0.0146699510514736,0.0222401358187198,-0.0199680496007204,0.0002620791783556,0.0187144689261913,0.0170335825532674,0.0060026575811207,0.0193249154835939,-0.0192667227238416,0.0128917666152119,-0.0235171541571617,-0.0082355383783578,0.0199893396347761,-0.0203825198113918,0.0192882120609283,0.0120729822665453,0.0262058116495609,-0.0106599479913711,0.0025153760798275,0.0115444017574191,-0.0126932365819811,0.0022825298365205,-0.008481465280056,0.0177125688642263,0.0049491422250866,0.0084535088390111,0.0069213733077049,-0.003944769501686,0.016891848295927,-0.0123762367293238,0.0033898002002388,0.0155388200655579,0.0504451245069503,-0.0054294476285576,-0.0296573229134082,-0.020347386598587,-0.0031573078595101,0.0073455148376524,0.0002870605967473,0.0095549672842025,-0.0099487910047173,-0.0004981433739885,-0.0059338537976145,-0.029404442757368,0.0393538959324359,0.0146341379731893,-0.0215517245233058,0.0422570370137691,0.0072358902543783,-0.0206360407173633,-0.0011564299929887,-0.0285077225416898,-0.0234330333769321,-0.0035723245237022,-0.0338243767619133,0.0058898730203509,-0.0129240592941641,0.0048371297307312,-0.0103916702792048,-0.0554852373898029,0.003721420885995,0.0085836835205554,0.0077684726566076,0.0050532566383481,-0.0087625598534941,-0.0044985967688262,-0.0164534095674753,-0.0188729166984558,-0.0311234705150127,-0.0159848313778638,-0.0062861451879143,0.028909670189023,-0.0659934505820274,-0.0240834280848503,0.0280058830976486,-0.0257746744900941,0.007540684659034,0.0135096972808241,-0.0026686221826821,-0.0025439402088522,0.0113489460200071,-0.0071229351824246,-0.0012735412730371,-0.011701930436743,0.0028133152552904,-0.0618163377399596,0.004869263064974,-0.0646146123606539,0.0315706604534877,-0.0021532292482754,0.0958636256243441,-0.0781821192349678,-0.042933192464546,2019-03-01,2019-03-04,2019-03-05,2019-03-06,2019-03-07,2019-03-08,2019-03-11,2019-03-12,2019-03-13,2019-03-14,83601.0,2019-02-28,252.0,0.2550%,-0.0003,1.3189,0.7762,0.8085,1.4312%,1.9386%,45.5014%,0.008424,WOR,83601.0,2019-03-01,252.0,-0.2544%,-0.0003,1.3088,0.7612,0.7979,1.4305%,1.9274%,44.9154%,-0.011147,WOR,83601.0,2019-03-04,252.0,-0.4591%,-0.0004,1.3173,0.7307,0.7962,1.4255%,1.9264%,45.2408%,0.002058,WOR,83601.0,2019-03-05,252.0,-0.4612%,-0.0003,1.321,0.7604,0.798,1.4211%,1.9264%,45.5797%,0.001713,WOR,83601.0,2019-03-06,252.0,-2.8057%,-0.0003,1.3271,0.7732,0.8067,1.4214%,1.9338%,45.9703%,-0.007788,WOR,83601.0,2019-03-07,252.0,-2.3305%,-0.0003,1.3307,0.7732,0.8115,1.4225%,1.9373%,46.0850%,-0.009309,WOR,83601.0,2019-03-08,252.0,-2.1963%,-0.0004,1.3338,0.7626,0.817,1.4257%,1.9403%,46.0117%,-0.018133,WOR,83601.0,2019-03-11,252.0,2.3011%,-0.0003,1.337,0.7473,0.8065,1.4210%,1.9418%,46.4493%,0.00455,WOR,83601.0,2019-03-12,252.0,0.7046%,-0.0002,1.3507,0.7414,0.8197,1.4183%,1.9417%,46.6506%,0.006351,WOR,83601.0,2019-03-13,252.0,0.0807%,-0.0003,1.3489,0.735,0.8163,1.4168%,1.9397%,46.6509%,-0.00675,WOR,83601.0,2019-03-14,252.0,-1.1293%,-0.0004,1.3496,0.7391,0.8142,1.4177%,1.9408%,46.6384%,-0.00947,WOR,-0.0027229999999999,-0.0006649999999999,0.001048,-0.016049,-0.039501
16635,WESBANCO INC,WesBancor Raises Qtr. Dividend From $0.29 To $0.31/Share,6,increase,0.8,0.6,"raising the quarterly dividend typically signals financial strength and can attract investors, likely leading to an increase in stock price.",2,2019-02-28,WSBC,2019-02-28 21:55:00+00:00,11293.0,95081010,0.0040227635763585,100493.0,-0.0011783934896811,0.0083511928096413,-0.0132138123735785,-0.0113234147429466,-0.0054997499100863,-0.0037602784577757,-0.0290935095399618,0.0014120395062491,-0.0059435777366161,-0.0081698987632989,0.0072247362695634,0.0163700729608535,0.0089042941108345,0.016397401690483,-0.0061289528384804,0.026485139504075,0.0046866950578987,-0.0153545523062348,-0.0024551888927817,-0.0031584321986883,0.004216318950057,0.0058651440776884,0.0056804032064974,0.0093733901157975,-0.0152259999886155,-0.0041758334264159,-0.0067330836318433,0.0049370718188583,-0.0042681894265115,-0.0027080406434834,-0.049672245979309,-0.0095098614692687,0.0196339003741741,0.0110945990309119,0.0294041391462087,-0.0012312050675973,-0.0022750289645046,-0.0249700099229812,0.014948065392673,0.0016834943089634,-0.0077384263277053,0.0449861995875835,0.025157231837511,0.0022670063190162,-0.0147238885983824,0.0088945943862199,0.0004980483790859,0.0100102517753839,0.0248942002654075,-0.0106653627008199,0.0063153305090963,-0.0093081491068005,-0.0053101913072168,0.000755256274715,-0.0155301969498395,0.0065890052355825,0.0184865668416023,0.0201654285192489,-0.0019360603764653,0.0070294314064085,0.0162463169544935,-0.0013000322505831,-0.0159865953028202,-0.0049159750342369,0.0227933693677187,-0.00129196990747,-0.0286865588277578,0.0007758623105473,-0.0248962752521038,0.0059833391569554,-0.020525649189949,0.0018243340309709,0.0324559286236763,0.0303436405956745,-0.0014851824380457,-0.0061382316052913,-0.0042142285965383,0.0212592706084251,0.0082151321694254,0.0082440022379159,0.0066666780039668,0.0049710110761225,-0.0110375462099909,-0.0120055228471756,-0.0104166213423013,0.0438621714711189,0.0077693620696663,-0.0255342274904251,0.0159164238721132,-0.0046961870975792,-0.004161522258073,-0.0024800261016935,-0.0051622195169329,-0.0304568354040384,-0.0118606258183717,-0.0105736590921878,-0.0065016783773899,-0.0174025502055883,0.000503409479279,-0.0181076023727655,-0.0427673161029815,-0.025413267314434,0.0231274925172328,0.0265957247465848,-0.0151554113253951,-0.0055415923707187,0.0041731833480298,-0.0182986613363027,-0.0046753324568271,-0.0027127154171466,-0.0080898059532046,-0.0078296968713402,0.0060511277988553,-0.0608915798366069,-0.0096758035942912,0.0009199842461384,-0.028782682493329,0.0095193833112716,0.0116911455988884,-0.0080607663840055,-0.0011783934896811,0.0083511928096413,-0.0143766347927848,-0.0030667859530871,-0.0197973168069622,-0.0068155324417088,-0.0539712675739789,-0.0135387908840912,-0.0424228276189547,0.0267249371621294,-0.0205733031128428,0.1002342719604456,-0.1162835838592906,-0.0195173213665801,2019-03-01,2019-03-04,2019-03-05,2019-03-06,2019-03-07,2019-03-08,2019-03-11,2019-03-12,2019-03-13,2019-03-14,11293.0,2019-02-28,252.0,0.4023%,0.0005,1.0007,1.0901,1.2229,0.8203%,1.3535%,63.2679%,0.009876,WSBC,11293.0,2019-03-01,252.0,-0.1178%,0.0004,1.0002,1.0894,1.2256,0.8215%,1.3490%,62.9195%,-0.006743,WSBC,11293.0,2019-03-04,252.0,-1.3214%,0.0004,1.0033,1.0873,1.2229,0.8230%,1.3516%,62.9242%,-0.008525,WSBC,11293.0,2019-03-05,252.0,-0.5500%,0.0004,1.0016,1.0756,1.221,0.8222%,1.3462%,62.6968%,0.002422,WSBC,11293.0,2019-03-06,252.0,-2.9094%,0.0003,1.0005,1.096,1.2226,0.8221%,1.3541%,63.1403%,-0.0077059999999999,WSBC,11293.0,2019-03-07,252.0,-0.5944%,0.0003,0.9974,1.0938,1.2178,0.8232%,1.3520%,62.9329%,0.006972,WSBC,11293.0,2019-03-08,252.0,0.7225%,0.0003,0.9966,1.0845,1.2169,0.8240%,1.3504%,62.7644%,0.0108519999999999,WSBC,11293.0,2019-03-11,252.0,0.8904%,0.0003,0.9946,1.0809,1.2159,0.8243%,1.3508%,62.7614%,-0.0036109999999999,WSBC,11293.0,2019-03-12,252.0,-0.6129%,0.0003,0.9938,1.0833,1.216,0.8249%,1.3462%,62.4536%,-0.004706,WSBC,11293.0,2019-03-13,252.0,0.4687%,0.0003,0.9938,1.0834,1.216,0.8249%,1.3464%,62.4624%,0.000333,WSBC,11293.0,2019-03-14,252.0,-0.2455%,0.0003,0.994,1.0838,1.2158,0.8249%,1.3463%,62.4544%,-0.000757,WSBC,0.003133,-0.0053919999999999,-0.0029699999999999,-0.0037039999999999,-0.0015929999999999
16643,WESBANCO INC,"WesBanco Names Christopher Criss Chair, Succeeding James Gardill",6,uncertain,0.6,0.2,the appointment of a new chair can have mixed effects on stock prices depending on investor perception of the new leadership and its potential impact on the company's strategy.,1,2019-02-28,WSBC,2019-02-28 21:55:00+00:00,11293.0,95081010,0.0040227635763585,100493.0,-0.0011783934896811,0.0083511928096413,-0.0132138123735785,-0.0113234147429466,-0.0054997499100863,-0.0037602784577757,-0.0290935095399618,0.0014120395062491,-0.0059435777366161,-0.0081698987632989,0.0072247362695634,0.0163700729608535,0.0089042941108345,0.016397401690483,-0.0061289528384804,0.026485139504075,0.0046866950578987,-0.0153545523062348,-0.0024551888927817,-0.0031584321986883,0.004216318950057,0.0058651440776884,0.0056804032064974,0.0093733901157975,-0.0152259999886155,-0.0041758334264159,-0.0067330836318433,0.0049370718188583,-0.0042681894265115,-0.0027080406434834,-0.049672245979309,-0.0095098614692687,0.0196339003741741,0.0110945990309119,0.0294041391462087,-0.0012312050675973,-0.0022750289645046,-0.0249700099229812,0.014948065392673,0.0016834943089634,-0.0077384263277053,0.0449861995875835,0.025157231837511,0.0022670063190162,-0.0147238885983824,0.0088945943862199,0.0004980483790859,0.0100102517753839,0.0248942002654075,-0.0106653627008199,0.0063153305090963,-0.0093081491068005,-0.0053101913072168,0.000755256274715,-0.0155301969498395,0.0065890052355825,0.0184865668416023,0.0201654285192489,-0.0019360603764653,0.0070294314064085,0.0162463169544935,-0.0013000322505831,-0.0159865953028202,-0.0049159750342369,0.0227933693677187,-0.00129196990747,-0.0286865588277578,0.0007758623105473,-0.0248962752521038,0.0059833391569554,-0.020525649189949,0.0018243340309709,0.0324559286236763,0.0303436405956745,-0.0014851824380457,-0.0061382316052913,-0.0042142285965383,0.0212592706084251,0.0082151321694254,0.0082440022379159,0.0066666780039668,0.0049710110761225,-0.0110375462099909,-0.0120055228471756,-0.0104166213423013,0.0438621714711189,0.0077693620696663,-0.0255342274904251,0.0159164238721132,-0.0046961870975792,-0.004161522258073,-0.0024800261016935,-0.0051622195169329,-0.0304568354040384,-0.0118606258183717,-0.0105736590921878,-0.0065016783773899,-0.0174025502055883,0.000503409479279,-0.0181076023727655,-0.0427673161029815,-0.025413267314434,0.0231274925172328,0.0265957247465848,-0.0151554113253951,-0.0055415923707187,0.0041731833480298,-0.0182986613363027,-0.0046753324568271,-0.0027127154171466,-0.0080898059532046,-0.0078296968713402,0.0060511277988553,-0.0608915798366069,-0.0096758035942912,0.0009199842461384,-0.028782682493329,0.0095193833112716,0.0116911455988884,-0.0080607663840055,-0.0011783934896811,0.0083511928096413,-0.0143766347927848,-0.0030667859530871,-0.0197973168069622,-0.0068155324417088,-0.0539712675739789,-0.0135387908840912,-0.0424228276189547,0.0267249371621294,-0.0205733031128428,0.1002342719604456,-0.1162835838592906,-0.0195173213665801,2019-03-01,2019-03-04,2019-03-05,2019-03-06,2019-03-07,2019-03-08,2019-03-11,2019-03-12,2019-03-13,2019-03-14,11293.0,2019-02-28,252.0,0.4023%,0.0005,1.0007,1.0901,1.2229,0.8203%,1.3535%,63.2679%,0.009876,WSBC,11293.0,2019-03-01,252.0,-0.1178%,0.0004,1.0002,1.0894,1.2256,0.8215%,1.3490%,62.9195%,-0.006743,WSBC,11293.0,2019-03-04,252.0,-1.3214%,0.0004,1.0033,1.0873,1.2229,0.8230%,1.3516%,62.9242%,-0.008525,WSBC,11293.0,2019-03-05,252.0,-0.5500%,0.0004,1.0016,1.0756,1.221,0.8222%,1.3462%,62.6968%,0.002422,WSBC,11293.0,2019-03-06,252.0,-2.9094%,0.0003,1.0005,1.096,1.2226,0.8221%,1.3541%,63.1403%,-0.0077059999999999,WSBC,11293.0,2019-03-07,252.0,-0.5944%,0.0003,0.9974,1.0938,1.2178,0.8232%,1.3520%,62.9329%,0.006972,WSBC,11293.0,2019-03-08,252.0,0.7225%,0.0003,0.9966,1.0845,1.2169,0.8240%,1.3504%,62.7644%,0.0108519999999999,WSBC,11293.0,2019-03-11,252.0,0.8904%,0.0003,0.9946,1.0809,1.2159,0.8243%,1.3508%,62.7614%,-0.0036109999999999,WSBC,11293.0,2019-03-12,252.0,-0.6129%,0.0003,0.9938,1.0833,1.216,0.8249%,1.3462%,62.4536%,-0.004706,WSBC,11293.0,2019-03-13,252.0,0.4687%,0.0003,0.9938,1.0834,1.216,0.8249%,1.3464%,62.4624%,0.000333,WSBC,11293.0,2019-03-14,252.0,-0.2455%,0.0003,0.994,1.0838,1.2158,0.8249%,1.3463%,62.4544%,-0.000757,WSBC,0.003133,-0.0053919999999999,-0.0029699999999999,-0.0037039999999999,-0.0015929999999999
16651,WILLIS TOWERS WATSON PUB LTD CO,Weight Watchers Can't Succeed Without Oprah,6,uncertain,0.5,0.5,"the news about weight watchers and oprah does not directly relate to willis towers watson, making the impact on its stock price unclear.",1,2019-02-28,WTW,2019-02-28 09:02:00+00:00,89017.0,G9662910,0.0086783803999423,860688.0,0.0031391307711601,0.000939009245485,0.0028396239504218,-0.0062408405356109,0.0519502460956573,0.0021041592117398,-0.061305146664381,0.0041082045063376,-0.0039794472977519,-0.0040332148782908,-0.0057579069398343,0.0021087196655571,0.007032279856503,0.0068412576802074,0.0018191277049481,0.0062907868996262,0.0062675261870026,-0.0144469859078526,0.0026777270250022,-0.0015767592703923,0.0081276856362819,0.0071756332181394,0.002476291032508,0.0131092648953199,-0.0067785382270812,0.0310253910720348,-0.0027183415368199,-0.021579684689641,0.0109610548242926,-0.0009008101769722,0.0016635685460641,0.0069544864818453,0.0067578759044408,-0.0045150802470743,0.0099550606682896,0.0203944183886051,-0.0041117253713309,0.0108668655157089,-0.0064475615508854,0.0136589556932449,0.0035995291545987,0.003917820751667,0.0026188825722783,-0.0027727168053388,0.0061892927624285,0.0057038418017327,0.0034989300183951,-0.0024655419401824,0.0038802560884505,-0.0034650228917598,-0.0024087876081466,0.0004411449772305,0.0020776903256773,0.0108307646587491,-0.002353590214625,0.0002549614291638,0.0056731705553829,0.0148095013573765,0.0040773628279566,0.0069023733958601,0.0052845133468508,-0.0027274377644062,0.0001106920753954,0.0041734552942216,0.0026004272513091,0.0111433630809187,-0.0237846300005912,-0.0060296119190752,0.0026568751782178,0.0063980030827224,-0.0006201759679242,0.007375419139862,0.0154575519263744,0.0270233862102031,-0.0024444579612463,-0.020978083834052,0.0033971965312957,-0.0143553791567683,0.007659459952265,0.0061618499457836,-0.00016523701197,0.0045076999813318,0.0155354337766766,0.0133683020249009,-0.0486600920557975,0.0153468381613493,0.0178480073809623,-0.0031278077512979,0.0071148700080811,-0.0152001408860087,-0.0063414326868951,-0.0131501052528619,-0.0236242581158876,-0.0039491271600127,0.0063069253228604,0.0042966282926499,-0.002905786037445,-0.0161290057003498,0.0094285365194082,-0.0171940084546804,-0.0166996717453002,0.004429908003658,0.0096718939021229,0.0055519733577966,0.0009122385527007,0.0018756437348201,0.0143557274714112,-0.0120766730979085,-0.0115691199898719,0.002562420675531,0.0021022448781877,-0.0076917642727494,0.0109996171668171,-0.023768164217472,0.009590077213943,0.0105989491567015,-0.0121653284877538,0.0060571101494133,-0.0005623691249638,-0.0062699853442609,0.0031391307711601,0.000939009245485,0.0059876686725033,-0.0053076914970884,0.0582489756292365,-0.0032147005133051,-0.0105802080002719,-0.0031564679607464,0.0013370281022175,-0.0040879008059873,0.0489340800697359,0.1105032553547673,0.0370309012213494,0.07353403771051,2019-03-01,2019-03-04,2019-03-05,2019-03-06,2019-03-07,2019-03-08,2019-03-11,2019-03-12,2019-03-13,2019-03-14,89017.0,2019-02-28,252.0,0.8678%,0.0005,0.7441,-0.132,0.4683,1.0037%,1.2351%,33.9656%,0.0120819999999999,WLTW,89017.0,2019-03-01,252.0,0.3139%,0.0005,0.7375,-0.1419,0.4583,1.0014%,1.2289%,33.6055%,-5.3e-05,WLTW,89017.0,2019-03-04,252.0,0.2840%,0.0006,0.7329,-0.1301,0.4602,1.0001%,1.2232%,33.1519%,0.00423,WLTW,89017.0,2019-03-05,252.0,5.1950%,0.0008,0.7247,-0.1596,0.4347,1.0545%,1.2652%,30.5320%,0.053807,WLTW,89017.0,2019-03-06,252.0,-6.1305%,0.0006,0.7472,-0.0385,0.4765,1.1147%,1.3220%,28.9050%,-0.057492,WLTW,89017.0,2019-03-07,252.0,-0.3979%,0.0006,0.7458,-0.0389,0.4746,1.1149%,1.3222%,28.9039%,0.003603,WLTW,89017.0,2019-03-08,252.0,-0.5758%,0.0005,0.7471,-0.0506,0.4772,1.1132%,1.3217%,29.0624%,-0.003381,WLTW,89017.0,2019-03-11,252.0,0.7032%,0.0005,0.7459,-0.049,0.4787,1.1131%,1.3221%,29.1126%,-0.001526,WLTW,89017.0,2019-03-12,252.0,0.1819%,0.0004,0.734,-0.0463,0.4662,1.1095%,1.3100%,28.2588%,0.0001099999999999,WLTW,89017.0,2019-03-13,252.0,0.6268%,0.0005,0.7339,-0.0415,0.4672,1.1088%,1.3096%,28.3200%,0.000665,WLTW,89017.0,2019-03-14,252.0,0.2678%,0.0005,0.7341,-0.0422,0.4676,1.1088%,1.3095%,28.3019%,0.0017499999999999,WLTW,0.012029,0.016259,0.070066,0.016177,0.013795
16659,WESTERN UNION CO,Western Union Reports $1B Buyback,6,increase,0.8,0.7,a $1 billion buyback typically signals confidence in the company's financial health and can lead to an increase in stock price due to reduced share supply and improved earnings per share.,2,2019-02-28,WU,2019-02-28 11:24:00+00:00,91461.0,95980210,0.0039326744154095,10146955.0,0.0190262012183666,0.0039480933919548,0.0010983227984979,0.0011293314164504,-0.0087767336517572,-0.0067302770912647,0.0038738071452826,0.0113443434238433,-0.0237045381218195,-0.0117713557556271,0.0124224293977022,0.0,0.012827637605369,0.0022472424898296,0.0011013468028977,0.0028168584685772,0.0121011724695563,-0.0111421030014753,-0.0005434283521026,-0.002223402261734,0.0087960334494709,0.0072787883691489,-0.0092643089592456,-0.008328684605658,-0.0060506383888423,-0.0169213693588972,-0.0038738071452826,-0.0150538003072142,0.0177777614444494,0.0048622447066009,-0.0038209441117942,0.0054318513721227,-0.0027396841906011,-0.0037878623697906,0.0203296113759279,0.0126027148216962,0.0,-0.0032768687233328,0.0032309889793396,0.0099283130839467,-0.0085882907733321,-0.0022014812566339,0.0102869812399148,-0.0032912488095462,0.0144694782793521,0.0027502330485731,0.0073956358246505,0.006087471731007,-0.0026218793354928,-0.0011056085349991,0.0194531511515379,-0.0093099707737565,0.0046415757387876,0.0184049028903245,-0.0051334900781512,0.0101408623158931,-0.0005159092834219,0.0028248154558241,-0.0103252837434411,0.01142861507833,-0.0031298624817281,-0.0011415786575526,0.0031396893318742,0.0063182432204484,0.0036515230312943,0.0051963138394057,0.003118475433439,0.0146455774083733,0.0,0.0017604916356503,-0.0015543409390375,-0.0029256427660584,0.0072651472873985,0.0130408592522144,0.0015456303954124,-0.0157525409013032,-0.0133744971826672,0.0046893274411559,0.026590209454298,0.0011736238375306,-0.0142204510048031,-0.0029256427660584,0.0015456303954124,0.0047031114809215,-0.0061728823930025,0.0277946237474679,-0.0025879521854221,-0.0166369993239641,0.0015567607479169,-0.0117440251633524,-0.0041450737044215,-0.0263006910681724,-0.0010405073408037,-0.0090651474893093,0.0,-0.0095398472622036,0.0,-0.0198020134121179,0.0104166064411401,-0.0176470819860696,-0.0175257809460163,0.0086299804970622,0.0136411460116505,0.0092542227357625,0.0062112235464155,0.0038252242375165,0.0082304449751973,0.008264441974461,-0.0142857488244772,-0.0183883272111415,-0.0046583930961787,0.0070805642753839,0.009360390715301,-0.0192307010293006,0.0030911625362932,-0.0005339150666259,0.0,0.0026766187511384,-0.0056496509350836,-0.0090185711160302,0.0190262012183666,0.0039480933919548,0.0201454209274314,0.005081883514308,0.0111918762818916,-0.0016825960611535,-0.0089536523057535,-0.0022422035149043,0.0290990294012212,-0.0105614521734043,0.0845424929564775,0.0171428142688909,0.0952917723636856,-0.0458340845260936,2019-03-01,2019-03-04,2019-03-05,2019-03-06,2019-03-07,2019-03-08,2019-03-11,2019-03-12,2019-03-13,2019-03-14,91461.0,2019-02-28,252.0,0.3933%,-0.0004,0.612,0.022,-0.0629,0.9090%,1.1230%,34.4803%,0.005596,WU,91461.0,2019-03-01,252.0,1.9026%,-0.0003,0.6142,0.0253,-0.0662,0.9136%,1.1283%,34.4355%,0.014214,WU,91461.0,2019-03-04,252.0,0.1098%,-0.0003,0.6133,0.024,-0.065,0.9141%,1.1272%,34.2353%,0.004562,WU,91461.0,2019-03-05,252.0,-0.8777%,-0.0004,0.6131,0.0181,-0.0623,0.9145%,1.1264%,34.0869%,-0.007906,WU,91461.0,2019-03-06,252.0,0.3874%,-0.0003,0.6116,-0.0036,-0.067,0.9160%,1.1267%,33.9011%,0.0091869999999999,WU,91461.0,2019-03-07,252.0,-2.3705%,-0.0004,0.6206,0.004,-0.0528,0.9234%,1.1364%,33.9738%,-0.019003,WU,91461.0,2019-03-08,252.0,1.2422%,-0.0003,0.6189,0.0012,-0.0554,0.9274%,1.1390%,33.7003%,0.013606,WU,91461.0,2019-03-11,252.0,1.2828%,-0.0003,0.6213,-0.0132,-0.0649,0.9212%,1.1381%,34.4782%,0.003224,WU,91461.0,2019-03-12,252.0,0.1101%,-0.0003,0.6079,-0.0102,-0.0791,0.9157%,1.1261%,33.8726%,-0.000631,WU,91461.0,2019-03-13,252.0,1.2101%,-0.0003,0.6105,-0.0129,-0.0769,0.9172%,1.1287%,33.9703%,0.007908,WU,91461.0,2019-03-14,252.0,-0.0543%,-0.0004,0.615,-0.0155,-0.0755,0.9114%,1.1261%,34.5041%,0.000155,WU,0.01981,0.024372,0.016466,0.00665,0.030912
16667,WYNN RESORTS LTD,Nevada Gaming Commission Reports Las Vegas Strip Gaming Win In Jan. Down 3.01%,6,decrease,0.75,0.6,"a reported decline in gaming win on the las vegas strip suggests reduced revenue potential for casinos, including wynn resorts, which is likely to negatively impact its stock price.",0,2019-02-28,WYNN,2019-02-28 14:44:00+00:00,89533.0,98313410,-0.0091613670811057,1943937.0,-0.0112217338755726,-0.0210041999816894,0.0035965228453278,0.0096749225631356,-0.0113880727440118,-0.0193548612296581,-0.0047526690177619,0.0163542013615369,-0.0394982174038887,0.0034836060367524,0.0077525759115815,0.0063882209360599,-0.0018395651131868,0.0309211984276771,-0.0169222094118595,0.0087499134242534,-0.0030677514150738,-0.0264210328459739,-0.0115394350141286,0.01125827152282,0.0012971422402188,0.0090399775654077,0.0031090821139514,-0.001677175052464,0.0143779432401061,-0.0131620289757847,0.0027160048484802,-0.0347660705447197,0.0253936015069484,0.033168226480484,-0.0349182412028312,0.0228314492851495,-0.0039347079582512,-0.0133259324356913,0.0078145442530512,0.0248760059475898,-0.0068166586570441,0.0209993254393339,0.0090940734371542,0.0325677320361137,0.0144532984122633,-0.0126089351251721,0.0839758366346359,-0.0030372110195457,0.0439925976097583,0.0360107943415641,0.0192550253123045,0.012030079960823,0.0148223005235195,0.0097356550395488,0.0090928925201296,-0.0279562529176473,0.0277423281222581,0.007963627576828,-0.0385917238891124,0.0248430185019969,0.0124946543946862,0.034610778093338,0.0001418742758687,-0.0030527459457516,0.0195716526359319,-0.0479965172708034,-0.0136318784207105,0.0192998331040144,0.0204484108835458,-0.0259683579206466,-0.009397461079061,0.0130203822627663,-0.0064173978753387,0.0313327871263027,-0.0171300359070301,0.0177575647830963,0.0207142420113086,0.0403327047824859,0.0104968510568141,-0.0096743497997522,0.018005583435297,0.0555049814283847,0.0156462788581848,0.0171740632504224,-0.0035498912911862,-0.0089686596766114,-0.0290381610393524,-0.0111861387267708,0.0116995675489306,0.0784697458148002,-0.0039688097313046,-0.0149877043440938,0.0123660555109381,-0.0448875166475772,-0.0407166108489036,-0.0059965071268379,-0.0400396399199962,-0.0455912016332149,0.0019160631345584,-0.013304048217833,0.0027213525027036,-0.0208059381693601,-0.0472383350133895,-0.0130423055961728,-0.0617445260286331,-0.011791598983109,0.0118978982791304,0.0365738160908222,0.0156503431499004,-0.0065888268873095,0.0164470858871936,0.0119058964774012,-0.0462650172412395,-0.066008411347866,-0.010212467983365,0.0185755975544452,0.0140622602775692,-0.078721098601818,-0.0078597217798233,0.0949725732207298,-0.0505336709320545,0.0118386857211589,0.0029860911890864,-0.0414893627166748,-0.0112217338755726,-0.0210041999816894,-0.0076655702524924,-0.0115324914268772,-0.0189663469248446,-0.030664142885336,-0.0621937941284852,-0.011379420238167,-0.0861387813288757,0.0186792082799647,0.114430249585711,0.1885847102150994,-0.0900520494115261,0.1390603078088383,2019-03-01,2019-03-04,2019-03-05,2019-03-06,2019-03-07,2019-03-08,2019-03-11,2019-03-12,2019-03-13,2019-03-14,89533.0,2019-02-28,252.0,-0.9161%,-0.001,1.3733,0.5377,-0.0951,2.3074%,2.7591%,30.0638%,-0.005401,WYNN,89533.0,2019-03-01,252.0,-1.1222%,-0.0012,1.3752,0.5405,-0.0819,2.3106%,2.7596%,29.8961%,-0.023139,WYNN,89533.0,2019-03-04,252.0,0.3597%,-0.0011,1.3676,0.5526,-0.077,2.3110%,2.7557%,29.6712%,0.013139,WYNN,89533.0,2019-03-05,252.0,-1.1388%,-0.001,1.3727,0.5879,-0.071,2.3086%,2.7565%,29.8580%,-0.007625,WYNN,89533.0,2019-03-06,252.0,-0.4753%,-0.001,1.3659,0.5573,-0.0828,2.3105%,2.7554%,29.6869%,0.014124,WYNN,89533.0,2019-03-07,252.0,-3.9498%,-0.0011,1.3778,0.5619,-0.0657,2.3168%,2.7653%,29.8094%,-0.028271,WYNN,89533.0,2019-03-08,252.0,0.7753%,-0.001,1.3766,0.5561,-0.0673,2.3177%,2.7651%,29.7430%,0.010301,WYNN,89533.0,2019-03-11,252.0,-0.1840%,-0.0014,1.3622,0.6031,-0.033,2.2889%,2.7349%,29.9517%,-0.024793,WYNN,89533.0,2019-03-12,252.0,-1.6922%,-0.0016,1.3313,0.6175,-0.0625,2.2810%,2.7138%,29.3539%,-0.018755,WYNN,89533.0,2019-03-13,252.0,-0.3068%,-0.0017,1.329,0.6096,-0.0669,2.2796%,2.7117%,29.3318%,-0.010185,WYNN,89533.0,2019-03-14,252.0,-1.1539%,-0.0016,1.3223,0.616,-0.0701,2.2752%,2.7050%,29.2576%,-0.0076,WYNN,-0.02854,-0.0154009999999999,-0.0230259999999999,-0.037173,-0.088205
16675,ADVANCE AUTO PARTS INC,Advanced Auto Parts shares are trading higher in sympathy with AutoZone after AutoZone reported strong Q2 earnings.,6,increase,0.8,0.6,"the positive performance of autozone, a competitor, often leads to increased investor confidence in the auto parts sector, which can benefit advance auto parts shares as well.",2,2019-02-26,AAP,2019-02-26 15:18:00+00:00,89217.0,00751Y10,0.0330352634191513,2112615.0,-0.028357446193695,-0.0232860259711742,0.0219835489988327,0.0009919017320498,-0.0071702538989484,-0.0282530263066291,-0.0138214500620961,-0.0068206256255507,-0.006881290115416,-0.0167657267302274,0.0041955607011914,0.007407845929265,-0.0243083890527486,0.013696976006031,-0.0153117533773183,-0.008517438545823,0.0243131201714277,0.0167140699923038,-0.0037952628917992,0.0167477447539567,-0.0010976830963045,-0.0044136652722954,-0.0045248670503497,0.0375906601548194,0.005454521626234,-0.02626040764153,0.0434642918407917,0.0006817515240982,0.0114500885829329,0.0145247289910912,0.004466991405934,-0.0010050481650978,0.0303381886333227,0.0010060592321679,-0.0250192862004041,0.0234892461448907,0.0178354922682046,0.0034224381670355,0.0029205239843577,0.0107035590335726,-0.008201134391129,-0.0197683852165937,0.0111450692638754,-0.048804260790348,0.0105481408536434,0.001218527671881,0.0181786548346281,-0.0207624584436416,-0.001670267432928,0.0079985680058598,-0.0095188301056623,0.0236394740641117,0.0134544670581817,0.013476438820362,0.0159770045429468,0.0098286131396889,0.0045819524675607,-0.0043908981606364,-0.0109240524470806,-0.0342279560863971,0.0179334431886673,0.0038923230022192,0.0120805576443672,0.0275589823722839,-0.0046972041018307,-0.0069504478015005,0.0073288106359541,0.0146716320887208,-0.008157392963767,-0.0248081572353839,-0.0174492876976728,0.0312183890491724,-0.0079746833071112,0.0029213223606348,-0.0303306281566619,0.0128650451079011,0.0140522066503763,0.0049777249805629,-0.0035368504468351,-0.002193100284785,-0.0070988084189593,0.0410287454724311,-0.0026371129788458,-0.0164454486221075,-0.0200951769948005,-0.007147517055273,-0.0026983085554093,-0.0228029415011405,-0.0149711724370718,-0.0133974365890026,0.0180064514279365,-0.0037773284129798,-0.0210456568747758,-0.0301624275743961,-0.0078397672623395,-0.0150940800085663,-0.0082103945314884,-0.00413224613294,-0.0126976752653718,0.0071169640868902,0.0080065838992595,-0.0022266060113906,-0.0110701378434896,-0.0084730489179492,-0.0173918548971414,-0.0464838333427906,0.0024458060506731,-0.0136371729895472,0.0005136554245837,0.0016864526551216,0.0093049919232726,0.0010128449648618,0.0043870960362255,0.0002251845871796,0.0042412998154759,-0.0071528293192386,0.0167675465345382,-0.0017850578296929,0.0309360828250646,0.0087216012179851,-0.028357446193695,-0.0232860259711742,-0.0069972945027432,-0.0223172216886177,-0.0141173760235012,-0.0499397189437874,-0.0344340811207893,-0.0722395334906058,-0.0494107721294239,-0.0289390856694028,0.0785190946632321,-0.0445871472784397,0.0210471903236859,-0.112243667435666,2019-02-27,2019-02-28,2019-03-01,2019-03-04,2019-03-05,2019-03-06,2019-03-07,2019-03-08,2019-03-11,2019-03-12,89217.0,2019-02-26,252.0,3.3035%,0.0014,0.7142,0.2305,0.164,1.7751%,1.9194%,14.4635%,0.036367,AAP,89217.0,2019-02-27,252.0,-2.8357%,0.0014,0.7228,0.2062,0.1653,1.7808%,1.9265%,14.5566%,-0.029341,AAP,89217.0,2019-02-28,252.0,2.1984%,0.0016,0.6986,0.1904,0.1424,1.7719%,1.9093%,13.8722%,0.024496,AAP,89217.0,2019-03-01,252.0,-0.7170%,0.0014,0.7249,0.2295,0.1895,1.7477%,1.8943%,14.8738%,-0.012273,AAP,89217.0,2019-03-04,252.0,-1.3821%,0.0012,0.7421,0.1827,0.1828,1.7360%,1.8890%,15.5388%,-0.009963,AAP,89217.0,2019-03-05,252.0,-0.6881%,0.0012,0.7476,0.2217,0.1889,1.7317%,1.8877%,15.8461%,-0.004705,AAP,89217.0,2019-03-06,252.0,0.4196%,0.0013,0.7461,0.1944,0.1835,1.7328%,1.8878%,15.7460%,0.013103,AAP,89217.0,2019-03-07,252.0,-2.4308%,0.0012,0.7514,0.1834,0.1875,1.7347%,1.8914%,15.8778%,-0.017539,AAP,89217.0,2019-03-08,252.0,-1.5312%,0.0012,0.7522,0.2027,0.1878,1.7336%,1.8914%,15.9835%,-0.013522,AAP,89217.0,2019-03-11,252.0,2.4313%,0.0013,0.7589,0.1977,0.1815,1.7338%,1.8959%,16.3642%,0.013261,AAP,89217.0,2019-03-12,252.0,-0.3795%,0.0012,0.7475,0.2029,0.1707,1.7324%,1.8893%,15.9140%,-0.005084,AAP,0.0070259999999999,0.031522,0.019249,0.004581,-0.0051999999999999
16683,ACADIA PHARMACEUTICALS,"ACADIA Pharmaceuticals Inc Q4 EPS $(0.50) Beats $(0.55) Estimate, Sales $59.571M Beat $59.46M Estimate",6,increase,0.7,0.6,"the company reported better-than-expected earnings and sales, which typically boosts investor confidence and can lead to an increase in stock price.",2,2019-02-26,ACAD,2019-02-26 22:17:00+00:00,90177.0,00422510,-0.0080000227317214,1886497.0,0.0836163535714149,0.0357609987258911,0.0379944890737533,0.0300988350063562,0.003773599397391,-0.0245398543775081,0.0093984957784414,-0.0069625694304704,-0.0070763700641691,-0.0116129228845238,-0.0378844812512397,0.0601915046572685,-0.0101364608854055,-0.0170326828956604,0.0145726995542645,-0.0035730204544961,0.0120341405272483,0.0423649847507476,0.0049866158515214,-0.0231923703104257,0.045038104057312,-0.0156669821590185,-0.0255660656839609,-0.0248799510300159,0.0063718170858919,-0.0077955955639481,0.0093109868466854,0.0171805899590253,-0.0066420775838196,-0.0017589713679626,-0.026002999395132,-0.0017559663392603,0.0381388254463672,-0.0065416316501796,-0.0411461777985096,0.0277902670204639,0.0034482816699892,0.0095022208988666,0.0290187168866396,-0.0225563999265432,-0.0263451188802719,0.0448244586586952,0.0152438879013061,0.0398846678435802,0.0078829200938344,0.0241141617298126,0.0048416820354759,-0.0355956330895423,0.0126019334420561,-0.0236330050975084,0.0010981217492371,-0.0087276315316557,-0.0179158970713615,0.0206282474100589,0.0469099096953868,0.0324298217892646,-0.037340011447668,-0.0199241023510694,-0.0147764915600419,0.0178658068180084,0.0041245073080062,0.0491387695074081,-0.0283793956041336,0.0647248551249504,-0.0130668776109814,0.0170050133019685,-0.0066199405118823,0.0375640206038951,0.0,0.0865800604224205,-0.0858487039804458,-0.028828801587224,0.0111492378637194,0.0296845734119415,0.0067854048684239,0.0332268662750721,0.0265375338494777,0.0129449712112546,-0.0135412355884909,-0.024621233344078,0.0170549023896455,0.1061452850699425,0.0294478237628936,-0.0006978526944294,-0.0019864614587277,-0.0615586452186107,-0.0425956025719642,-0.0323193445801734,-0.0162161905318498,-0.0739437267184257,0.0777683928608894,-0.0296126753091812,0.0400000177323818,-0.00622527487576,0.0101810125634074,-0.0145008489489555,-0.0365808680653572,-0.0297618638724088,0.0131731946021318,-0.0048465351574122,-0.006500958930701,-0.0111821610480547,-0.0053887371905148,0.0313015729188919,-0.0468266643583774,-0.0370174907147884,0.039382915943861,0.0047821546904742,0.0132812559604644,-0.072906382381916,-0.0107941664755344,0.0650577023625373,-0.0245517995208501,-0.0531544834375381,-0.031961690634489,-0.0194837562739849,0.0540652647614479,0.2076471000909805,-0.0156617667526006,-0.126413106918335,0.0836163535714149,0.0357609987258911,0.1247878032773246,0.0669361981325604,0.1290323018539647,0.0407537392002952,0.1315789679786536,0.0215053770733,0.1120543871418382,0.0800363945853417,0.1320034207267595,0.1467890495621566,0.0670628124301009,0.2204522888741573,2019-02-27,2019-02-28,2019-03-01,2019-03-04,2019-03-05,2019-03-06,2019-03-07,2019-03-08,2019-03-11,2019-03-12,90177.0,2019-02-26,252.0,-0.8000%,-0.0005,2.0007,2.7344,0.1284,4.3013%,5.0193%,26.5643%,0.013116,ACAD,90177.0,2019-02-27,252.0,8.3616%,-0.0002,1.9945,2.768,0.1276,4.3272%,5.0443%,26.4098%,0.0766739999999999,ACAD,90177.0,2019-02-28,252.0,3.7994%,-0.0,1.9823,2.7611,0.1085,4.3359%,5.0445%,26.1203%,0.0438429999999999,ACAD,90177.0,2019-03-01,252.0,0.3774%,0.0005,1.8768,2.604,-0.0465,4.2059%,4.8817%,25.7690%,-0.018162,ACAD,90177.0,2019-03-04,252.0,0.9398%,0.001,1.8346,2.7178,-0.0297,4.1772%,4.8562%,26.0102%,0.029665,ACAD,90177.0,2019-03-05,252.0,-0.7076%,0.001,1.8376,2.7427,-0.0288,4.1761%,4.8531%,25.9552%,0.004306,ACAD,90177.0,2019-03-06,252.0,-3.7884%,0.0009,1.8123,2.738,-0.058,4.1694%,4.8504%,26.1083%,0.012031,ACAD,90177.0,2019-03-07,252.0,-1.0136%,0.001,1.8134,2.7543,-0.0519,4.1685%,4.8505%,26.1444%,0.006359,ACAD,90177.0,2019-03-08,252.0,1.4573%,0.0011,1.8104,2.768,-0.0575,4.1690%,4.8508%,26.1356%,0.017007,ACAD,90177.0,2019-03-11,252.0,1.2034%,0.001,1.7968,2.7558,-0.0575,4.1723%,4.8510%,26.0273%,-0.0252939999999999,ACAD,90177.0,2019-03-12,252.0,0.4987%,0.0011,1.8157,2.7486,-0.0388,4.1703%,4.8511%,26.0996%,0.008075,ACAD,0.08979,0.133633,0.115471,0.149442,0.16762
16691,ACADIA PHARMACEUTICALS,ACADIA Pharmaceuticals Sees FY19 NUPLAZID Sales $275M-$300M vs $297.15M Est.,6,uncertain,0.6,0.3,"while the sales forecast is within a reasonable range of estimates, the slight deviation from the expected figure may not provide a clear signal for investors, leading to uncertainty in stock price movement.",1,2019-02-26,ACAD,2019-02-26 21:17:00+00:00,90177.0,00422510,-0.0080000227317214,1886497.0,0.0836163535714149,0.0357609987258911,0.0379944890737533,0.0300988350063562,0.003773599397391,-0.0245398543775081,0.0093984957784414,-0.0069625694304704,-0.0070763700641691,-0.0116129228845238,-0.0378844812512397,0.0601915046572685,-0.0101364608854055,-0.0170326828956604,0.0145726995542645,-0.0035730204544961,0.0120341405272483,0.0423649847507476,0.0049866158515214,-0.0231923703104257,0.045038104057312,-0.0156669821590185,-0.0255660656839609,-0.0248799510300159,0.0063718170858919,-0.0077955955639481,0.0093109868466854,0.0171805899590253,-0.0066420775838196,-0.0017589713679626,-0.026002999395132,-0.0017559663392603,0.0381388254463672,-0.0065416316501796,-0.0411461777985096,0.0277902670204639,0.0034482816699892,0.0095022208988666,0.0290187168866396,-0.0225563999265432,-0.0263451188802719,0.0448244586586952,0.0152438879013061,0.0398846678435802,0.0078829200938344,0.0241141617298126,0.0048416820354759,-0.0355956330895423,0.0126019334420561,-0.0236330050975084,0.0010981217492371,-0.0087276315316557,-0.0179158970713615,0.0206282474100589,0.0469099096953868,0.0324298217892646,-0.037340011447668,-0.0199241023510694,-0.0147764915600419,0.0178658068180084,0.0041245073080062,0.0491387695074081,-0.0283793956041336,0.0647248551249504,-0.0130668776109814,0.0170050133019685,-0.0066199405118823,0.0375640206038951,0.0,0.0865800604224205,-0.0858487039804458,-0.028828801587224,0.0111492378637194,0.0296845734119415,0.0067854048684239,0.0332268662750721,0.0265375338494777,0.0129449712112546,-0.0135412355884909,-0.024621233344078,0.0170549023896455,0.1061452850699425,0.0294478237628936,-0.0006978526944294,-0.0019864614587277,-0.0615586452186107,-0.0425956025719642,-0.0323193445801734,-0.0162161905318498,-0.0739437267184257,0.0777683928608894,-0.0296126753091812,0.0400000177323818,-0.00622527487576,0.0101810125634074,-0.0145008489489555,-0.0365808680653572,-0.0297618638724088,0.0131731946021318,-0.0048465351574122,-0.006500958930701,-0.0111821610480547,-0.0053887371905148,0.0313015729188919,-0.0468266643583774,-0.0370174907147884,0.039382915943861,0.0047821546904742,0.0132812559604644,-0.072906382381916,-0.0107941664755344,0.0650577023625373,-0.0245517995208501,-0.0531544834375381,-0.031961690634489,-0.0194837562739849,0.0540652647614479,0.2076471000909805,-0.0156617667526006,-0.126413106918335,0.0836163535714149,0.0357609987258911,0.1247878032773246,0.0669361981325604,0.1290323018539647,0.0407537392002952,0.1315789679786536,0.0215053770733,0.1120543871418382,0.0800363945853417,0.1320034207267595,0.1467890495621566,0.0670628124301009,0.2204522888741573,2019-02-27,2019-02-28,2019-03-01,2019-03-04,2019-03-05,2019-03-06,2019-03-07,2019-03-08,2019-03-11,2019-03-12,90177.0,2019-02-26,252.0,-0.8000%,-0.0005,2.0007,2.7344,0.1284,4.3013%,5.0193%,26.5643%,0.013116,ACAD,90177.0,2019-02-27,252.0,8.3616%,-0.0002,1.9945,2.768,0.1276,4.3272%,5.0443%,26.4098%,0.0766739999999999,ACAD,90177.0,2019-02-28,252.0,3.7994%,-0.0,1.9823,2.7611,0.1085,4.3359%,5.0445%,26.1203%,0.0438429999999999,ACAD,90177.0,2019-03-01,252.0,0.3774%,0.0005,1.8768,2.604,-0.0465,4.2059%,4.8817%,25.7690%,-0.018162,ACAD,90177.0,2019-03-04,252.0,0.9398%,0.001,1.8346,2.7178,-0.0297,4.1772%,4.8562%,26.0102%,0.029665,ACAD,90177.0,2019-03-05,252.0,-0.7076%,0.001,1.8376,2.7427,-0.0288,4.1761%,4.8531%,25.9552%,0.004306,ACAD,90177.0,2019-03-06,252.0,-3.7884%,0.0009,1.8123,2.738,-0.058,4.1694%,4.8504%,26.1083%,0.012031,ACAD,90177.0,2019-03-07,252.0,-1.0136%,0.001,1.8134,2.7543,-0.0519,4.1685%,4.8505%,26.1444%,0.006359,ACAD,90177.0,2019-03-08,252.0,1.4573%,0.0011,1.8104,2.768,-0.0575,4.1690%,4.8508%,26.1356%,0.017007,ACAD,90177.0,2019-03-11,252.0,1.2034%,0.001,1.7968,2.7558,-0.0575,4.1723%,4.8510%,26.0273%,-0.0252939999999999,ACAD,90177.0,2019-03-12,252.0,0.4987%,0.0011,1.8157,2.7486,-0.0388,4.1703%,4.8511%,26.0996%,0.008075,ACAD,0.08979,0.133633,0.115471,0.149442,0.16762
16699,ACADIA PHARMACEUTICALS,"ACADIA Pharmaceuticals Inc Q4 EPS $(0.50) Beats $(0.55) Estimate, Sales $59.57M Beat $59.46M Estimate",6,increase,0.7,0.6,"the company reported better-than-expected earnings and sales, which typically boosts investor confidence and can lead to an increase in stock price.",2,2019-02-26,ACAD,2019-02-26 21:15:00+00:00,90177.0,00422510,-0.0080000227317214,1886497.0,0.0836163535714149,0.0357609987258911,0.0379944890737533,0.0300988350063562,0.003773599397391,-0.0245398543775081,0.0093984957784414,-0.0069625694304704,-0.0070763700641691,-0.0116129228845238,-0.0378844812512397,0.0601915046572685,-0.0101364608854055,-0.0170326828956604,0.0145726995542645,-0.0035730204544961,0.0120341405272483,0.0423649847507476,0.0049866158515214,-0.0231923703104257,0.045038104057312,-0.0156669821590185,-0.0255660656839609,-0.0248799510300159,0.0063718170858919,-0.0077955955639481,0.0093109868466854,0.0171805899590253,-0.0066420775838196,-0.0017589713679626,-0.026002999395132,-0.0017559663392603,0.0381388254463672,-0.0065416316501796,-0.0411461777985096,0.0277902670204639,0.0034482816699892,0.0095022208988666,0.0290187168866396,-0.0225563999265432,-0.0263451188802719,0.0448244586586952,0.0152438879013061,0.0398846678435802,0.0078829200938344,0.0241141617298126,0.0048416820354759,-0.0355956330895423,0.0126019334420561,-0.0236330050975084,0.0010981217492371,-0.0087276315316557,-0.0179158970713615,0.0206282474100589,0.0469099096953868,0.0324298217892646,-0.037340011447668,-0.0199241023510694,-0.0147764915600419,0.0178658068180084,0.0041245073080062,0.0491387695074081,-0.0283793956041336,0.0647248551249504,-0.0130668776109814,0.0170050133019685,-0.0066199405118823,0.0375640206038951,0.0,0.0865800604224205,-0.0858487039804458,-0.028828801587224,0.0111492378637194,0.0296845734119415,0.0067854048684239,0.0332268662750721,0.0265375338494777,0.0129449712112546,-0.0135412355884909,-0.024621233344078,0.0170549023896455,0.1061452850699425,0.0294478237628936,-0.0006978526944294,-0.0019864614587277,-0.0615586452186107,-0.0425956025719642,-0.0323193445801734,-0.0162161905318498,-0.0739437267184257,0.0777683928608894,-0.0296126753091812,0.0400000177323818,-0.00622527487576,0.0101810125634074,-0.0145008489489555,-0.0365808680653572,-0.0297618638724088,0.0131731946021318,-0.0048465351574122,-0.006500958930701,-0.0111821610480547,-0.0053887371905148,0.0313015729188919,-0.0468266643583774,-0.0370174907147884,0.039382915943861,0.0047821546904742,0.0132812559604644,-0.072906382381916,-0.0107941664755344,0.0650577023625373,-0.0245517995208501,-0.0531544834375381,-0.031961690634489,-0.0194837562739849,0.0540652647614479,0.2076471000909805,-0.0156617667526006,-0.126413106918335,0.0836163535714149,0.0357609987258911,0.1247878032773246,0.0669361981325604,0.1290323018539647,0.0407537392002952,0.1315789679786536,0.0215053770733,0.1120543871418382,0.0800363945853417,0.1320034207267595,0.1467890495621566,0.0670628124301009,0.2204522888741573,2019-02-27,2019-02-28,2019-03-01,2019-03-04,2019-03-05,2019-03-06,2019-03-07,2019-03-08,2019-03-11,2019-03-12,90177.0,2019-02-26,252.0,-0.8000%,-0.0005,2.0007,2.7344,0.1284,4.3013%,5.0193%,26.5643%,0.013116,ACAD,90177.0,2019-02-27,252.0,8.3616%,-0.0002,1.9945,2.768,0.1276,4.3272%,5.0443%,26.4098%,0.0766739999999999,ACAD,90177.0,2019-02-28,252.0,3.7994%,-0.0,1.9823,2.7611,0.1085,4.3359%,5.0445%,26.1203%,0.0438429999999999,ACAD,90177.0,2019-03-01,252.0,0.3774%,0.0005,1.8768,2.604,-0.0465,4.2059%,4.8817%,25.7690%,-0.018162,ACAD,90177.0,2019-03-04,252.0,0.9398%,0.001,1.8346,2.7178,-0.0297,4.1772%,4.8562%,26.0102%,0.029665,ACAD,90177.0,2019-03-05,252.0,-0.7076%,0.001,1.8376,2.7427,-0.0288,4.1761%,4.8531%,25.9552%,0.004306,ACAD,90177.0,2019-03-06,252.0,-3.7884%,0.0009,1.8123,2.738,-0.058,4.1694%,4.8504%,26.1083%,0.012031,ACAD,90177.0,2019-03-07,252.0,-1.0136%,0.001,1.8134,2.7543,-0.0519,4.1685%,4.8505%,26.1444%,0.006359,ACAD,90177.0,2019-03-08,252.0,1.4573%,0.0011,1.8104,2.768,-0.0575,4.1690%,4.8508%,26.1356%,0.017007,ACAD,90177.0,2019-03-11,252.0,1.2034%,0.001,1.7968,2.7558,-0.0575,4.1723%,4.8510%,26.0273%,-0.0252939999999999,ACAD,90177.0,2019-03-12,252.0,0.4987%,0.0011,1.8157,2.7486,-0.0388,4.1703%,4.8511%,26.0996%,0.008075,ACAD,0.08979,0.133633,0.115471,0.149442,0.16762
16707,ALBEMARLE CORP,Albemarle Raises Quarterly Dividend From $0.335 To $0.3675/Share,6,increase,0.8,0.6,"raising the quarterly dividend typically signals financial strength and can attract more investors, likely leading to an increase in stock price.",2,2019-02-26,ALB,2019-02-26 22:38:00+00:00,80191.0,01265310,-0.0062247426249086,1265418.0,0.0140659203752875,0.0267997235059738,-0.0107281953096389,-0.0008962785941548,-0.0054770512506365,0.0778892040252685,-0.0253332201391458,-0.0038493890315294,-0.0063283713534474,0.0216295253485441,-0.0177413579076528,0.0118130389600992,-0.0204932764172554,-0.0160284489393234,-0.0192671082913875,0.0159105844795703,0.0306134857237339,-0.00507053732872,-0.0004677922406699,-0.0018516420386731,0.0086579835042357,0.0045883278362452,-0.0129044856876134,-0.0188587792217731,0.0081434529274702,0.0106985094025731,0.0118239540606737,-0.0075665451586246,-0.0138840330764651,0.0078720711171627,-0.0092690475285053,0.0070605683140456,0.0126717155799269,0.0064830356277525,-0.032627772539854,0.0241317600011825,-0.0137814236804842,0.0159554202109575,-0.0066192806698381,0.0066596302203834,-0.0109822237864136,0.0345853194594383,0.0127260964363813,0.0013527931878343,0.0099791204556822,-0.0192384831607341,0.0270796958357095,-0.0164425745606422,-0.0154393762350082,0.0177977997809648,0.0158021412789821,0.0183957871049642,0.0159126464277505,0.0039380895905196,0.0068965088576078,-0.0432636328041553,0.0092872427776455,-0.0056840511970222,-0.0248447619378566,0.0018119196174666,0.0090823816135525,0.005596047732979,-0.0331970043480396,-0.0063365506939589,0.0114859705790877,0.0097936792299151,-0.0167344193905592,0.0044596535153687,0.0115487100556492,0.0488374643027782,-0.0133397504687309,-0.0693892985582351,0.0057247411459684,0.0134942382574081,-0.0048443931154906,0.0043002585880458,-0.0379700027406215,-0.0062160496599972,-0.0284629967063665,0.0123230526223778,-0.0251302104443311,0.0430740006268024,0.0092159043997526,-0.0228487327694892,0.0019851976539939,-0.0173320285975933,-0.0085854120552539,-0.0456140264868736,-0.0131894201040267,-0.0151795102283358,0.0272714551538229,0.0064587830565869,0.0126167265698313,-0.0524891018867492,0.0,-0.0337730385363102,-0.0155743611976504,-0.0056881769560277,-0.0431113615632057,-0.0033677935134619,0.0004133201728109,0.0004492465814109,0.0002753979060798,0.0043993163853883,-0.0561750568449497,-0.0278539415448904,0.024361751973629,-0.0214615296572446,-0.0091142039746046,-0.0535242408514022,-0.0024432044010609,0.0222176015377044,-0.0237718112766742,-0.0010371133685112,0.0002951098431367,-0.0020700120367109,0.0106226205825805,0.0124698989093303,-0.0078832246363163,-0.0122140599414706,0.0140659203752875,0.0267997235059738,0.0031868231246525,0.0258794248933111,-0.0023076825195644,0.1057843567241514,-0.0337362610494125,0.125353285212344,-0.0607692198104198,0.1303542473040777,-0.0643108212421862,0.1850654079367106,-0.2499476671354782,-0.0485578342121755,2019-02-27,2019-02-28,2019-03-01,2019-03-04,2019-03-05,2019-03-06,2019-03-07,2019-03-08,2019-03-11,2019-03-12,80191.0,2019-02-26,252.0,-0.6225%,-0.0009,1.1309,0.4876,0.3591,1.7901%,2.1276%,29.2094%,-0.000272,ALB,80191.0,2019-02-27,252.0,1.4066%,-0.0005,1.1677,0.4261,0.3652,1.7147%,2.0802%,32.0570%,0.012453,ALB,80191.0,2019-02-28,252.0,-1.0728%,-0.0006,1.1846,0.4375,0.3789,1.7051%,2.0794%,32.7611%,-0.00638,ALB,80191.0,2019-03-01,252.0,-0.5477%,-0.0004,1.131,0.3577,0.3021,1.6230%,1.9825%,32.9800%,-0.01385,ALB,80191.0,2019-03-04,252.0,-2.5333%,-0.0003,1.1174,0.4199,0.3017,1.6130%,1.9696%,32.9274%,-0.019289,ALB,80191.0,2019-03-05,252.0,-0.6328%,-0.0002,1.1226,0.459,0.3062,1.6073%,1.9689%,33.3566%,-0.002493,ALB,80191.0,2019-03-06,252.0,-1.7741%,-0.0003,1.1214,0.4661,0.3057,1.6072%,1.9697%,33.4265%,-0.002741,ALB,80191.0,2019-03-07,252.0,-2.0493%,-0.0004,1.1183,0.4314,0.2918,1.5962%,1.9587%,33.5863%,-0.010053,ALB,80191.0,2019-03-08,252.0,-1.9267%,-0.0005,1.1203,0.4346,0.2948,1.5994%,1.9623%,33.5696%,-0.016617,ALB,80191.0,2019-03-11,252.0,3.0613%,-0.0004,1.1279,0.4332,0.2901,1.6010%,1.9715%,34.0546%,0.0138,ALB,80191.0,2019-03-12,252.0,-0.0468%,-0.0004,1.1223,0.4351,0.2844,1.6005%,1.9650%,33.6566%,-0.001933,ALB,0.012181,0.005801,-0.0080489999999999,-0.029831,-0.0473749999999999
16715,ALKERMES PLC,Alkermes Reports Initiation Of Clinical Study Of ALKS 4230 Administered Subcutaneously In Patients With Advanced Solid Tumors,6,increase,0.7,0.6,"the initiation of a clinical study for a new treatment can be seen as a positive development, potentially boosting investor confidence in alkermes plc's future prospects.",2,2019-02-26,ALKS,2019-02-26 12:07:00+00:00,76736.0,G0176710,-0.0099241146817803,1251233.0,0.0085495561361312,0.0248279385268688,-0.0274773072451353,0.0264046862721443,0.0351667627692222,-0.0233882702887058,-0.0171312484890222,-0.0217072945088148,-0.0144755654036998,0.0476336553692817,-0.0266786385327577,0.0012307973811402,0.0049276207573711,-0.0127581469714641,-0.02145267277956,0.0195105988532304,0.0385217517614364,0.0289994198828935,0.0,0.0171798635274171,0.0111579895019531,-0.0070807631127536,-0.0107366722077131,-0.0437058135867118,0.0256256349384784,-0.0361909642815589,0.0173427443951368,0.0159734413027763,0.0115572866052389,0.0030229282565414,-0.0131390774622559,0.0063888928852975,0.0112879713997244,0.0021341370884329,-0.0280480701476335,0.0042865704745054,-0.0170788578689098,0.0033794350456446,0.0299580581486225,-0.0446140430867672,-0.0235602483153343,0.0299273822456598,0.0622579753398895,0.0197288300842046,0.0232754293829202,-0.0184569023549556,-0.0147985992953181,-0.0319273620843887,-0.0058414209634065,0.009461848065257,0.0,0.0071470472030341,0.0041969139128923,0.0163438525050878,0.0353859141469001,0.0241786316037178,0.0045748651027679,-0.0076899421401321,-0.0348246172070503,0.000923607731238,-0.0058284508995711,0.0083825048059225,0.0025125672109425,0.0313800685107708,-0.0470620617270469,0.0205882079899311,-0.0230859406292438,0.0200000125914812,0.0239305775612592,0.0563380420207977,-0.0312591195106506,-0.0243902783840894,0.0126659227535128,-0.0135547146201133,0.0026800576597452,0.0358020514249801,0.0166320577263832,-0.0148686133325099,0.0151913659647107,-0.0196610148996114,-0.12776979804039,0.0558339096605777,0.0069284392520785,-0.0179261937737464,-0.0078636882826685,-0.0440187975764274,0.0013209711760282,-0.0043492526747286,-0.0600263774394989,-0.0606536865234375,0.0056140297092497,-0.0342944152653217,-0.0041869832202792,0.0039610317908227,0.0003503265907056,-0.0281314998865127,-0.0332749187946319,-0.0487323813140392,-0.0105072790756821,0.0298810191452503,-0.0175759624689817,0.0055426619946956,-0.0197540316730737,0.0079388553276658,-0.0437262207269668,-0.0218579843640327,0.017892675474286,-0.0096838548779487,-0.0066406279802322,-0.0354395844042301,-0.0051121143624186,-0.0010976153425872,-0.0177865158766508,0.0193006601184606,-0.0124748274683952,-0.0306399408727884,0.0207823272794485,0.0429864376783371,-0.0003991346166003,-0.0106323743239045,0.0085495561361312,0.0248279385268688,-0.019162669889766,0.0518881987265991,0.0153302038134179,0.0272863532212814,-0.016509362817173,0.0528579381074882,-0.0224056112192551,0.1105347772214246,0.0622052140522708,0.0548029228076134,-0.2617923805981662,-0.0414102723694875,2019-02-27,2019-02-28,2019-03-01,2019-03-04,2019-03-05,2019-03-06,2019-03-07,2019-03-08,2019-03-11,2019-03-12,76736.0,2019-02-26,251.0,-0.9924%,-0.0021,1.3227,0.7342,-0.1063,2.3782%,2.8140%,28.5724%,-0.003622,ALKS,76736.0,2019-02-27,251.0,0.8550%,-0.002,1.3306,0.7225,-0.1049,2.3762%,2.8144%,28.7171%,0.005737,ALKS,76736.0,2019-02-28,251.0,-2.7477%,-0.0021,1.3395,0.7279,-0.0934,2.3796%,2.8184%,28.7149%,-0.0238589999999999,ALKS,76736.0,2019-03-01,251.0,3.5167%,-0.0021,1.3531,0.7482,-0.0839,2.3833%,2.8279%,28.9730%,0.022948,ALKS,76736.0,2019-03-04,251.0,-1.7131%,-0.0022,1.3614,0.7249,-0.087,2.3811%,2.8292%,29.1659%,-0.006865,ALKS,76736.0,2019-03-05,251.0,-1.4476%,-0.0023,1.356,0.6775,-0.0879,2.3741%,2.8141%,28.8290%,-0.010213,ALKS,76736.0,2019-03-06,251.0,-2.6679%,-0.0023,1.364,0.6814,-0.0783,2.3731%,2.8185%,29.1063%,-0.006807,ALKS,76736.0,2019-03-07,251.0,0.4928%,-0.0021,1.3615,0.7056,-0.0748,2.3709%,2.8172%,29.1730%,0.016241,ALKS,76736.0,2019-03-08,251.0,-2.1453%,-0.0022,1.3631,0.7168,-0.0729,2.3724%,2.8197%,29.2140%,-0.019027,ALKS,76736.0,2019-03-11,251.0,3.8522%,-0.0022,1.3707,0.7596,-0.0523,2.3627%,2.8203%,29.8152%,0.015162,ALKS,76736.0,2019-03-12,251.0,0.0000%,-0.002,1.4186,0.749,-0.0017,2.3355%,2.8116%,31.0024%,-0.001432,ALKS,0.0021149999999999,-0.021744,0.001204,-0.015874,-0.011737
16723,ALLY FINANCIAL INC,Sandler O'Neill Upgrades Ally Financial to Buy,6,increase,0.8,0.7,"upgrades from analysts typically signal positive sentiment and can lead to increased investor interest, likely resulting in a rise in stock price.",2,2019-02-26,ALLY,2019-02-26 13:13:00+00:00,14558.0,02005N10,0.0105899684131145,5020729.0,-0.0033682691864669,-0.0189239419996738,0.0172737892717123,-0.0022213796619325,-0.0022148196585476,-0.0058888425119221,-0.0033296393230557,-0.0007355813868343,-0.0089086769148707,0.0066642095334827,-0.0086142858490347,0.0157954152673482,-0.0128447357565164,-0.0082058683037757,-0.0068885725922882,0.0,0.0184970907866954,0.0151457637548446,0.0049186213873326,-0.0003785098087973,0.01091870944947,0.0022761556319892,-0.0044693048112094,-0.0079036159440875,0.0104751475155353,-0.0022530779242515,0.0114772105589509,0.004526553209871,-0.0168374478816986,0.0102896513417363,-0.013402852229774,0.0069071492180228,0.003018865128979,-0.019805708900094,-0.0191873684525489,0.0572896413505077,0.0019179572118446,-0.0205108616501092,0.0164624191820621,0.0027163249906152,0.014689315110445,0.0141676748171448,0.0126206437125802,-0.0027472407091408,0.0076979133300483,-0.0070148208178579,0.030192794278264,-0.0183626450598239,0.0070621739141643,0.0077100559137761,0.0080645000562071,0.0117005128413438,0.0013913362054154,0.019888624548912,0.0020840384531766,0.0174018740653991,0.0045060366392135,-0.0004045400128234,-0.0093167861923575,0.0185413621366024,0.0156740080565214,0.0016508839325979,-0.0061728497967123,0.0058115147985517,0.0182884987443685,0.0092165609821677,-0.0016943797236308,0.0192143786698579,-0.0064493766985833,0.0335392877459526,0.0136658558622002,-0.0096153551712632,0.0020222265738993,0.0097087072208523,0.007399973925203,0.0071111042052507,-0.0063439239747822,0.0062611531466245,0.005040309857577,0.0135993268340826,-0.0043463446199893,0.0636451169848442,0.0114170629531145,-0.0262910556048154,-0.0046481173485517,-0.0409725308418273,-0.0033355723135173,-0.0168216489255428,0.0006731894682161,-0.0148277431726455,-0.0026908821891993,0.0079121012240648,0.0087689794600009,-0.0108695654198527,-0.0030090322252362,-0.0166737660765647,-0.0097249839454889,-0.0358615331351757,-0.0077887382358312,0.0028937449678778,0.0030716776382178,-0.0082000354304909,0.0173528492450714,-0.0149434907361865,-0.0387959815561771,-0.0194059312343597,0.021224794909358,0.0055754436179995,-0.006814335938543,-0.0553047135472297,0.0192109588533639,-0.0037481402978301,-0.0100975846871733,0.0075528989546,0.0064604058861732,0.0007558751967735,0.0054053999483585,0.0228062700480222,0.0013440527254715,0.0034910840913653,-0.0033682691864669,-0.0189239419996738,0.0138473373131078,-0.0211032844017247,0.0116018482996604,-0.0268678529953207,-0.0007484482038048,-0.0211032847186156,-0.0059880178245348,0.0007570186733756,0.0744760409131934,0.0965174690523509,0.121651007954082,0.032291653952732,2019-02-27,2019-02-28,2019-03-01,2019-03-04,2019-03-05,2019-03-06,2019-03-07,2019-03-08,2019-03-11,2019-03-12,14558.0,2019-02-26,252.0,1.0590%,0.0001,1.2085,0.3195,0.7871,0.9579%,1.5081%,59.6545%,0.017269,ALLY,14558.0,2019-02-27,252.0,-0.3368%,0.0001,1.2122,0.3115,0.7877,0.9567%,1.5082%,59.7573%,-0.004218,ALLY,14558.0,2019-02-28,252.0,1.7274%,0.0002,1.211,0.3115,0.7816,0.9665%,1.5110%,59.0847%,0.022839,ALLY,14558.0,2019-03-01,252.0,-0.2215%,0.0001,1.2197,0.3243,0.7991,0.9619%,1.5111%,59.4783%,-0.008801,ALLY,14558.0,2019-03-04,252.0,-0.3330%,0.0001,1.2164,0.3342,0.8002,0.9610%,1.5070%,59.3338%,0.001104,ALLY,14558.0,2019-03-05,252.0,-0.8909%,0.0001,1.2166,0.3328,0.8018,0.9612%,1.5065%,59.2873%,-0.003974,ALLY,14558.0,2019-03-06,252.0,-0.8614%,0.0001,1.2173,0.3195,0.8007,0.9612%,1.5066%,59.2943%,0.0053879999999999,ALLY,14558.0,2019-03-07,252.0,-1.2845%,0.0001,1.2176,0.3207,0.8015,0.9612%,1.5081%,59.3789%,-8.7e-05,ALLY,14558.0,2019-03-08,252.0,-0.6889%,0.0001,1.2186,0.3109,0.8037,0.9598%,1.5077%,59.4763%,-0.003098,ALLY,14558.0,2019-03-11,252.0,1.8497%,0.0001,1.2206,0.3055,0.7996,0.9589%,1.5116%,59.7635%,0.003309,ALLY,14558.0,2019-03-12,252.0,0.4919%,0.0002,1.2266,0.3028,0.8055,0.9581%,1.5087%,59.6727%,0.0032719999999999,ALLY,0.013051,0.03589,0.027089,0.024219,0.033003
16731,ALLISON TRANSMISSION HLDGS INC,Allison Transmission Guides Down Hard For 2019,6,decrease,0.9,0.8,"guiding down hard typically indicates lower expected performance, which is likely to negatively impact investor sentiment and lead to a decrease in stock price.",0,2019-02-26,ALSN,2019-02-26 16:08:00+00:00,13284.0,01973R10,0.0257987547665834,1616026.0,-0.0274714305996894,-0.0015851362841203,-0.0113387648016214,0.0167204234749078,-0.01227368414402,0.0008064701105467,-0.0153248878195881,0.0038453475572168,-0.0105830738320946,-0.0032277556601911,-0.0308305621147155,0.0182826500385999,0.0021640833001583,-0.0014358911430463,0.0008636817219667,0.0068154036998748,0.0056095393374562,0.0286806561052799,-0.008367289789021,-0.0073808198794722,0.002379935234785,-0.007326821796596,-0.0036693713627755,-0.0122001683339476,-0.0110484901815652,-0.0180710535496473,0.0162102486938238,-0.0036415194626897,0.0032334884162992,0.0141567215323448,-0.0081650419160723,0.0014383298112079,0.0045493734069168,-0.0030725426040589,-0.0386024825274944,0.0014358911430463,0.0157020390033721,0.0116206966340541,-0.0015459296992048,-0.0041331010870635,-0.0011059331009164,0.0125548960641026,-0.0044287149794399,-0.0004183320852462,-0.0008897000807337,-0.017871793359518,0.0189225804060697,-0.0244489219039678,-0.0028403117321431,0.0326987132430076,0.0133654819801449,0.0170490723103284,0.0043243407271802,-0.0035654779057949,0.0075349509716033,0.0086735738441348,0.0036325210239738,-0.0063064796850085,-0.0048967325128614,-0.0008401788654737,0.0034231888130307,0.0327549278736114,0.0034115104936063,0.0065502016805112,0.0059498250484466,0.0340934358537197,-0.0217574723064899,0.000451783533208,0.0168429873883724,0.0238205082714557,0.0070078149437904,-0.0217194352298975,0.0181358214467763,0.0066044391132891,-0.008077866397798,0.0101218912750482,0.0022969432175159,-0.003667197888717,0.0106249647215008,0.0186784770339727,-0.0624613240361213,0.0489835888147354,0.0257256366312503,-0.0308568533509969,0.0171489641070365,-0.012423787266016,-0.0124341445043683,-0.0032710137311369,0.0004268129996489,-0.0210430454462766,-0.0025597854983061,0.0174540374428033,0.0132592553272843,-0.0078503843396902,-0.0143520534038543,0.0041734362021088,-0.0192719809710979,0.0030232807621359,-0.0096069574356079,0.0146295167505741,-0.0050705363973975,-0.0135008851066231,0.0170618314296007,-0.0130944112315774,-0.0418301075696945,-0.0439270809292793,0.0045475391671061,0.0108791710808873,0.0043005575425922,-0.0326460562646389,0.0114943012595176,-0.0116747869178652,-0.0231729596853256,0.0219089407473802,-0.0034332275390625,-0.038381315767765,0.0112539697438478,0.0226108692586422,-0.0104474015533924,-0.0171907693147659,-0.0274714305996894,-0.0015851362841203,-0.0384987033109769,0.0151087830408516,-0.0502998665306037,0.0159274379333276,-0.0747506346045059,0.0165422569557696,-0.1030824970042764,0.0626318293531205,-0.0929916811226897,0.0583910685986472,-0.1516040157000714,0.056394103322884,2019-02-27,2019-02-28,2019-03-01,2019-03-04,2019-03-05,2019-03-06,2019-03-07,2019-03-08,2019-03-11,2019-03-12,13284.0,2019-02-26,252.0,2.5799%,0.0012,1.0059,0.3367,0.1984,1.3873%,1.7316%,35.8120%,0.030476,ALSN,13284.0,2019-02-27,252.0,-2.7471%,0.001,1.0057,0.3283,0.1983,1.4001%,1.7402%,35.2665%,-0.028878,ALSN,13284.0,2019-02-28,252.0,-1.1339%,0.0009,1.0157,0.335,0.2077,1.3978%,1.7419%,35.6052%,-0.007891,ALSN,13284.0,2019-03-01,252.0,-1.2274%,0.0008,1.0203,0.3417,0.2243,1.4008%,1.7439%,35.4775%,-0.019818,ALSN,13284.0,2019-03-04,252.0,-1.5325%,0.0009,1.0078,0.3925,0.2254,1.3899%,1.7303%,35.4776%,-0.009618,ALSN,13284.0,2019-03-05,252.0,-1.0583%,0.0009,1.0109,0.4119,0.2306,1.3899%,1.7318%,35.5929%,-0.0072019999999999,ALSN,13284.0,2019-03-06,252.0,-3.0831%,0.0008,1.0172,0.4504,0.243,1.3944%,1.7419%,35.9166%,-0.017331,ALSN,13284.0,2019-03-07,252.0,0.2164%,0.0009,1.0131,0.4512,0.2377,1.3959%,1.7417%,35.7702%,0.011533,ALSN,13284.0,2019-03-08,252.0,0.0864%,0.0009,1.0116,0.471,0.2342,1.3914%,1.7392%,36.0003%,0.003181,ALSN,13284.0,2019-03-11,252.0,0.5610%,0.0009,1.0058,0.4702,0.2368,1.3928%,1.7392%,35.8662%,-0.0100299999999999,ALSN,13284.0,2019-03-12,252.0,-0.8367%,0.0008,1.0015,0.4757,0.2342,1.3941%,1.7353%,35.4592%,-0.009466,ALSN,0.0015979999999999,-0.006293,-0.026111,-0.042931,-0.065044
16739,AMERIPRISE FINANCIAL INC,Ameriprise Financial Adds $2.5B To Buyback,6,increase,0.8,0.7,the announcement of a $2.5 billion buyback typically signals confidence in the company's financial health and can lead to an increase in stock price due to reduced share supply and positive investor sentiment.,2,2019-02-26,AMP,2019-02-26 21:37:00+00:00,90880.0,03076C10,-0.0071244686841964,783331.0,0.0066411839798092,-0.0218696482479572,-0.0018199002370238,0.0242994669824838,0.0041782860644161,-0.009030002169311,-0.0120290238410234,0.0070475344546139,-0.0035224095918238,0.0097950268536806,-0.0174441263079643,0.0276815742254257,-0.0230720862746238,-0.0134052336215972,-0.0044832695275545,0.0075293113477528,8.043535490287468e-05,0.0228662565350532,0.0020102926064282,0.0030261785723268,0.0020062595140188,0.0027950685471296,0.0016818763688206,-0.0116031356155872,0.031822208315134,0.0081165293231606,0.0101510854437947,-0.0111731700599193,-0.0114299282431602,0.0015761442482471,0.0020176128018647,0.0022906865924596,0.0032525218557566,0.053419854491949,-0.0418371707201004,-0.0098862824961543,-0.0026584565639495,-0.0033664805814623,0.0167205147445201,0.0055316886864602,-0.0022245682775974,0.0111872097477316,0.0111473966389894,0.0081643061712384,0.0087409103289246,-0.003940318711102,0.0357532128691673,-0.0151102449744939,0.0259270630776882,0.021249720826745,0.0032324600033462,0.0027904126327484,0.0052724168635904,0.0267407689243555,0.0048077190294861,0.0099964868277311,0.0043496508151292,0.0052891261875629,-0.0149414762854576,0.0,0.0151681108400225,0.0030062242876738,0.0080121308565139,0.010362658649683,0.0206945892423391,0.0062927417457103,-0.0089097032323479,0.0046057482250034,0.0198202226310968,0.0535680763423442,-0.0056917280890047,-0.0264912992715835,0.0001396458828821,0.0343968197703361,-0.0011167980264872,0.0118274474516511,0.0121585177257657,-0.0089354366064071,-0.0058681811206042,0.0134372441098094,0.0073610940016806,0.0524697192013263,0.0108231585472822,-0.027215588837862,0.0074336514808237,-0.0389921404421329,-0.0064310650341212,-0.0103347301483154,-0.0011582623701542,-0.0270295236259698,0.0052523124031722,-0.0023928044829517,0.0098392553627491,-0.0138850957155227,-0.0038553080521523,-0.0176517404615879,-0.0204372256994247,-0.0047910646535456,-0.0085950335487723,0.0097652422264218,-0.0013982866657897,-0.0074692899361252,0.012112271040678,-0.0290105380117893,-0.0358328223228454,-0.0294142477214336,0.0225283354520797,-0.0172939021140337,-0.0018945009214803,-0.072770357131958,0.0191212743520736,0.0093256775289773,-0.0081396698951721,0.0170089211314916,0.0145351672545075,-0.0359679199755191,0.0172743964940309,0.0488191172480583,-0.0137465856969356,-0.01398766040802,0.0066411839798092,-0.0218696482479572,0.0048091974504864,0.0018983979390068,0.009007577717591,-0.0071487467678116,-0.0066411836501474,0.0096419486403722,-0.0487786210331205,0.058165439793725,0.0417557416744263,0.1713137426863396,0.124581878174697,0.038320176561966,2019-02-27,2019-02-28,2019-03-01,2019-03-04,2019-03-05,2019-03-06,2019-03-07,2019-03-08,2019-03-11,2019-03-12,90880.0,2019-02-26,252.0,-0.7124%,-0.0003,1.5925,0.0356,0.9883,1.0224%,1.8425%,69.2090%,-0.001177,AMP,90880.0,2019-02-27,252.0,0.6641%,-0.0003,1.5944,0.0341,0.9886,1.0229%,1.8412%,69.1322%,0.006226,AMP,90880.0,2019-02-28,252.0,-0.1820%,-0.0003,1.5955,0.0351,0.9881,1.0232%,1.8387%,69.0308%,0.005487,AMP,90880.0,2019-03-01,252.0,0.4178%,-0.0003,1.595,0.0343,0.9888,1.0234%,1.8344%,68.8738%,-0.003549,AMP,90880.0,2019-03-04,252.0,-1.2029%,-0.0003,1.5965,0.0359,0.9869,1.0244%,1.8326%,68.7531%,-0.0075439999999999,AMP,90880.0,2019-03-05,252.0,-0.3522%,-0.0002,1.6017,0.0777,0.9899,1.0126%,1.8294%,69.3629%,0.001581,AMP,90880.0,2019-03-06,252.0,-1.7444%,-0.0003,1.5964,0.0901,0.9856,1.0097%,1.8216%,69.2779%,-0.003497,AMP,90880.0,2019-03-07,252.0,-2.3072%,-0.0003,1.6012,0.1012,0.9952,1.0093%,1.8272%,69.4850%,-0.006756,AMP,90880.0,2019-03-08,252.0,-0.4483%,-0.0003,1.6014,0.0967,0.9957,1.0090%,1.8273%,69.5090%,0.0005909999999999,AMP,90880.0,2019-03-11,252.0,0.0080%,-0.0004,1.5916,0.0909,0.9974,1.0157%,1.8270%,69.0959%,-0.019041,AMP,90880.0,2019-03-12,252.0,0.2010%,-0.0004,1.5909,0.0913,0.9967,1.0157%,1.8168%,68.7457%,-0.001006,AMP,0.005049,0.010536,0.006987,0.001024,-0.028685
16747,AMERICAN WOODMARK CORP,American Woodmark Q3 Adj. EPS $1.40 vs $1.33 Estimate,6,increase,0.75,0.6,"the reported adjusted eps of $1.40 exceeds the $1.33 estimate, which typically indicates stronger-than-expected financial performance and can lead to a positive reaction in the stock price.",2,2019-02-26,AMWD,2019-02-26 11:42:00+00:00,10501.0,03050610,-0.0009218925260938,402050.0,0.0061131077818572,0.0134298913180828,-0.0232718829065561,0.0054009519517421,0.0115023870021104,0.0213454701006412,-0.0009283108520321,0.0243212822824716,-0.0378629751503467,0.0323358215391635,-0.018589973449707,0.0353157743811607,-0.0195572432130575,-0.0010492043802514,0.0022581897210329,0.0099337752908468,0.013143110089004,0.0483199581503868,-0.0037064868956804,0.0439193919301033,-0.003844215767458,0.0014515673974528,-0.0041080769151449,-0.0119047882035374,-0.002000045729801,-0.0039999824948608,0.0068888161331415,-0.0002855847415048,-0.0106978556141257,0.0108271986246109,-0.0212498735636472,-0.0097212344408035,0.0073228077962994,0.0359893441200256,-0.0309909470379352,0.0025241004768759,0.0334297604858875,-0.0011864426778629,-0.0017829774878919,-0.0010370324598625,0.0156928226351738,0.0109331049025058,0.0180882103741169,-0.0083173206076025,0.019494067877531,-0.0088325990363955,0.0048408755101263,-0.0260931849479675,-0.0138504337519407,0.0091145429760217,0.0094040585681796,0.0341114066541194,0.0371445827186107,-0.0023881143424659,0.0191320497542619,-0.0125276120379567,0.0099588222801685,0.0042924946174025,-0.0293551385402679,0.0113771623000502,0.0136618185788393,0.0024010152556002,0.0169335473328828,0.008932570926845,-0.0015858563128858,0.0114854509010911,0.0035171040799468,0.0484907552599906,0.0161673296242952,0.0749050751328468,-0.0078994119539856,-0.0060044997371733,-0.0086351539939641,0.0468750111758709,-0.0204751715064048,-0.0238429270684719,0.0203256979584693,0.0017562748398631,-0.0050933440215885,0.0077875861898064,0.0211604163050651,0.0509672947227954,0.0007798539591021,-0.0343093201518058,0.0008905914728529,0.0072371577844023,0.0002224073250545,-0.0576300248503685,-0.0073390821926295,0.0119048040360212,-0.0044807204976677,-0.0017223955364897,0.0417463593184948,-0.0100596779957413,-0.0033485114108771,-0.0042444821447134,-0.012029836885631,-0.0084175085648894,-0.0293988604098558,0.026793485507369,0.0216997973620891,-0.0350292287766933,0.0082964599132537,-0.0267856772989034,-0.0294020865112543,-0.0110772587358951,0.0191025473177433,-0.0011225094785913,0.001774578820914,-0.0628193616867065,0.0001107411007978,-0.0052324486896395,-0.0195948667824268,0.0005983682349324,-0.0194218754768371,-0.0154639622196555,0.0190004780888557,0.0312880501151084,-0.0174031071364879,-0.0309097152203321,0.0061131077818572,0.0134298913180828,-0.0173010386531934,0.0189033774675511,-0.0059976548932104,0.0406523490467272,-0.0445213463477981,0.1004311168571483,-0.0698961680709656,0.2578634747003023,-0.0122260355919515,0.2991017136735112,0.0028835061363177,0.2773034274451462,2019-02-27,2019-02-28,2019-03-01,2019-03-04,2019-03-05,2019-03-06,2019-03-07,2019-03-08,2019-03-11,2019-03-12,10501.0,2019-02-26,252.0,-0.0922%,-0.0017,1.0963,1.7581,0.3476,2.2071%,2.6296%,29.5555%,0.013358,AMWD,10501.0,2019-02-27,252.0,0.6113%,-0.0016,1.099,1.7544,0.3481,2.2069%,2.6300%,29.5867%,0.002103,AMWD,10501.0,2019-02-28,252.0,-2.3272%,-0.0017,1.1063,1.7588,0.3575,2.2093%,2.6328%,29.5823%,-0.019446,AMWD,10501.0,2019-03-01,252.0,1.1502%,-0.0017,1.0974,1.7456,0.3431,2.2073%,2.6241%,29.2493%,-0.000223,AMWD,10501.0,2019-03-04,252.0,-0.0928%,-0.0015,1.0828,1.7835,0.3493,2.2013%,2.6197%,29.3951%,0.010333,AMWD,10501.0,2019-03-05,252.0,-3.7863%,-0.0016,1.0869,1.7973,0.3627,2.2084%,2.6236%,29.1471%,-0.029745,AMWD,10501.0,2019-03-06,252.0,-1.8590%,-0.0014,1.103,1.7485,0.3742,2.1947%,2.6160%,29.6168%,0.0129519999999999,AMWD,10501.0,2019-03-07,252.0,-1.9557%,-0.0015,1.1008,1.7245,0.3645,2.1909%,2.6076%,29.4082%,-0.008144,AMWD,10501.0,2019-03-08,252.0,0.2258%,-0.0014,1.0986,1.748,0.3597,2.1871%,2.6072%,29.6276%,0.004347,AMWD,10501.0,2019-03-11,252.0,1.3143%,-0.0013,1.0969,1.703,0.3349,2.1685%,2.5889%,29.8408%,-0.007738,AMWD,10501.0,2019-03-12,252.0,-0.3706%,-0.0013,1.099,1.7027,0.3372,2.1684%,2.5876%,29.7772%,-0.001502,AMWD,0.015461,-0.0039849999999999,-0.0042079999999999,-0.02362,-0.023705
16755,AMERICAN WOODMARK CORP,"American Woodmark Q3 GAAP EPS $1.07, Adj. EBITDA $52.2M, Sales $384M",6,increase,0.7,0.6,"the reported gaap eps of $1.07 and adj. ebitda of $52.2m indicate strong financial performance, which is likely to positively influence investor sentiment and drive the stock price up.",2,2019-02-26,AMWD,2019-02-26 11:41:00+00:00,10501.0,03050610,-0.0009218925260938,402050.0,0.0061131077818572,0.0134298913180828,-0.0232718829065561,0.0054009519517421,0.0115023870021104,0.0213454701006412,-0.0009283108520321,0.0243212822824716,-0.0378629751503467,0.0323358215391635,-0.018589973449707,0.0353157743811607,-0.0195572432130575,-0.0010492043802514,0.0022581897210329,0.0099337752908468,0.013143110089004,0.0483199581503868,-0.0037064868956804,0.0439193919301033,-0.003844215767458,0.0014515673974528,-0.0041080769151449,-0.0119047882035374,-0.002000045729801,-0.0039999824948608,0.0068888161331415,-0.0002855847415048,-0.0106978556141257,0.0108271986246109,-0.0212498735636472,-0.0097212344408035,0.0073228077962994,0.0359893441200256,-0.0309909470379352,0.0025241004768759,0.0334297604858875,-0.0011864426778629,-0.0017829774878919,-0.0010370324598625,0.0156928226351738,0.0109331049025058,0.0180882103741169,-0.0083173206076025,0.019494067877531,-0.0088325990363955,0.0048408755101263,-0.0260931849479675,-0.0138504337519407,0.0091145429760217,0.0094040585681796,0.0341114066541194,0.0371445827186107,-0.0023881143424659,0.0191320497542619,-0.0125276120379567,0.0099588222801685,0.0042924946174025,-0.0293551385402679,0.0113771623000502,0.0136618185788393,0.0024010152556002,0.0169335473328828,0.008932570926845,-0.0015858563128858,0.0114854509010911,0.0035171040799468,0.0484907552599906,0.0161673296242952,0.0749050751328468,-0.0078994119539856,-0.0060044997371733,-0.0086351539939641,0.0468750111758709,-0.0204751715064048,-0.0238429270684719,0.0203256979584693,0.0017562748398631,-0.0050933440215885,0.0077875861898064,0.0211604163050651,0.0509672947227954,0.0007798539591021,-0.0343093201518058,0.0008905914728529,0.0072371577844023,0.0002224073250545,-0.0576300248503685,-0.0073390821926295,0.0119048040360212,-0.0044807204976677,-0.0017223955364897,0.0417463593184948,-0.0100596779957413,-0.0033485114108771,-0.0042444821447134,-0.012029836885631,-0.0084175085648894,-0.0293988604098558,0.026793485507369,0.0216997973620891,-0.0350292287766933,0.0082964599132537,-0.0267856772989034,-0.0294020865112543,-0.0110772587358951,0.0191025473177433,-0.0011225094785913,0.001774578820914,-0.0628193616867065,0.0001107411007978,-0.0052324486896395,-0.0195948667824268,0.0005983682349324,-0.0194218754768371,-0.0154639622196555,0.0190004780888557,0.0312880501151084,-0.0174031071364879,-0.0309097152203321,0.0061131077818572,0.0134298913180828,-0.0173010386531934,0.0189033774675511,-0.0059976548932104,0.0406523490467272,-0.0445213463477981,0.1004311168571483,-0.0698961680709656,0.2578634747003023,-0.0122260355919515,0.2991017136735112,0.0028835061363177,0.2773034274451462,2019-02-27,2019-02-28,2019-03-01,2019-03-04,2019-03-05,2019-03-06,2019-03-07,2019-03-08,2019-03-11,2019-03-12,10501.0,2019-02-26,252.0,-0.0922%,-0.0017,1.0963,1.7581,0.3476,2.2071%,2.6296%,29.5555%,0.013358,AMWD,10501.0,2019-02-27,252.0,0.6113%,-0.0016,1.099,1.7544,0.3481,2.2069%,2.6300%,29.5867%,0.002103,AMWD,10501.0,2019-02-28,252.0,-2.3272%,-0.0017,1.1063,1.7588,0.3575,2.2093%,2.6328%,29.5823%,-0.019446,AMWD,10501.0,2019-03-01,252.0,1.1502%,-0.0017,1.0974,1.7456,0.3431,2.2073%,2.6241%,29.2493%,-0.000223,AMWD,10501.0,2019-03-04,252.0,-0.0928%,-0.0015,1.0828,1.7835,0.3493,2.2013%,2.6197%,29.3951%,0.010333,AMWD,10501.0,2019-03-05,252.0,-3.7863%,-0.0016,1.0869,1.7973,0.3627,2.2084%,2.6236%,29.1471%,-0.029745,AMWD,10501.0,2019-03-06,252.0,-1.8590%,-0.0014,1.103,1.7485,0.3742,2.1947%,2.6160%,29.6168%,0.0129519999999999,AMWD,10501.0,2019-03-07,252.0,-1.9557%,-0.0015,1.1008,1.7245,0.3645,2.1909%,2.6076%,29.4082%,-0.008144,AMWD,10501.0,2019-03-08,252.0,0.2258%,-0.0014,1.0986,1.748,0.3597,2.1871%,2.6072%,29.6276%,0.004347,AMWD,10501.0,2019-03-11,252.0,1.3143%,-0.0013,1.0969,1.703,0.3349,2.1685%,2.5889%,29.8408%,-0.007738,AMWD,10501.0,2019-03-12,252.0,-0.3706%,-0.0013,1.099,1.7027,0.3372,2.1684%,2.5876%,29.7772%,-0.001502,AMWD,0.015461,-0.0039849999999999,-0.0042079999999999,-0.02362,-0.023705
16763,AUTOHOME INC,"Autohome shares are trading lower despite strong Q4 financial results, after the company provided Q1 sales guidance below analyst estimates.",6,decrease,0.8,0.7,"the lower-than-expected q1 sales guidance is likely to overshadow the strong q4 results, leading to a decrease in investor confidence and stock price.",0,2019-02-26,ATHM,2019-02-26 15:19:00+00:00,14332.0,05278C10,-0.0112740667536854,2044389.0,0.049706608057022,0.0232975110411644,-0.0081206141039729,0.0977498665452003,-0.0107389912009239,-0.0156136630102992,-0.0212812051177024,0.042523693293333,-0.0087853660807013,0.0030375630594789,-0.0304675381630659,-0.0291225761175155,-0.0327962823212146,0.0068043475039303,-0.0068525737151503,0.0354855805635452,0.0485367812216281,0.0317207761108875,-0.0138416299596428,-0.0074773668311536,0.0590198449790477,0.0128886681050062,-0.0090168584138154,-0.022216435521841,0.0145801557227969,0.0013008777750656,0.0227984935045242,0.0322277620434761,-0.0255652405321598,0.0344492755830287,-0.0002167892816942,-0.0053882207721471,-0.0068315425887703,0.0244868453592062,-0.0139753120020031,-0.0198390707373619,0.0186025947332382,0.0018068782519549,0.0001087306955014,-0.053538542240858,-0.0126087358221411,0.0366834141314029,0.0178335849195718,-0.0179455783218145,0.1369241178035736,0.0093267746269702,-0.0106545155867934,0.0184471905231475,-0.0132692046463489,0.0202247537672519,0.0168582703918218,0.0196190048009157,0.0059415693394839,0.0263080671429634,0.0337239280343055,0.0081494012847542,0.0134549727663397,-0.1381688117980957,-0.0214604027569294,-0.0518222413957119,0.0074342815205454,0.0115124899893999,-0.0251822080463171,0.0573685616254806,0.0176003091037273,-0.0134150432422757,-0.0076250666752457,0.0056532802991569,0.0151798641309142,0.0451188459992408,0.0350747928023338,-0.0237283371388912,0.0099875405430793,-0.0249265562742948,0.0113897304981946,-0.0165933333337307,-0.0069838762283325,0.0168733168393373,0.0065054758451879,0.0033346433192491,-0.0222726482897996,0.0333996601402759,-0.0021440547425299,0.0182186029851436,0.0350940562784671,-0.0326370745897293,-0.0011244151974096,-0.0329503938555717,-0.0403497815132141,-0.0330810435116291,0.027158660814166,-0.0493211112916469,0.0264406371861696,-0.0147496107965707,-0.0225930623710155,-0.0238839220255613,-0.0345853865146637,-0.0212998855859041,-0.0299292858690023,-0.0152737246826291,-0.014678381383419,0.0536038465797901,0.0038903469685465,0.0178797487169504,-0.0726843327283859,-0.0029901613015681,0.0465803667902946,0.005667335819453,0.0140241766348481,-0.0274465959519147,-0.0074914176948368,0.0796697288751602,-0.0355138219892978,0.0328649654984474,-0.064914233982563,-0.0104269655421376,0.0197425317019224,0.0,-0.0321969427168369,0.0393497012555599,0.049706608057022,0.0232975110411643,0.0411823457706006,0.1233247061814739,0.0300010977208129,0.105785492768013,-0.0007749313400852,0.156309301617971,-0.0377505110080746,0.1984782439825967,0.1912985553956334,0.106187248581643,0.018266368333428,0.1786865985168904,2019-02-27,2019-02-28,2019-03-01,2019-03-04,2019-03-05,2019-03-06,2019-03-07,2019-03-08,2019-03-11,2019-03-12,14332.0,2019-02-26,252.0,-1.1274%,0.0001,1.0053,0.4369,-0.9906,2.8699%,3.2297%,21.0359%,-0.01036,ATHM,14332.0,2019-02-27,252.0,4.9707%,0.0004,1.0208,0.4231,-0.9879,2.8775%,3.2410%,21.1685%,0.046683,ATHM,14332.0,2019-02-28,252.0,-0.8121%,0.0004,1.0187,0.4214,-0.9876,2.8777%,3.2387%,21.0509%,-0.007611,ATHM,14332.0,2019-03-01,252.0,-1.0739%,0.0004,0.9956,0.387,-1.0124,2.8754%,3.2295%,20.7302%,-0.023336,ATHM,14332.0,2019-03-04,252.0,-2.1281%,0.0003,0.9993,0.3846,-1.0156,2.8760%,3.2326%,20.8426%,-0.010698,ATHM,14332.0,2019-03-05,252.0,-0.8785%,0.0002,0.9955,0.3493,-1.0151,2.8727%,3.2238%,20.5921%,-0.0084219999999999,ATHM,14332.0,2019-03-06,252.0,-3.0468%,0.0002,1.0148,0.3751,-0.9898,2.8713%,3.2282%,20.8908%,-0.017388,ATHM,14332.0,2019-03-07,252.0,-3.2796%,0.0001,1.0256,0.3736,-0.9758,2.8762%,3.2342%,20.9171%,-0.027569,ATHM,14332.0,2019-03-08,252.0,-0.6853%,0.0002,1.0251,0.3978,-0.978,2.8731%,3.2333%,21.0365%,-0.006532,ATHM,14332.0,2019-03-11,252.0,4.8537%,0.0001,1.0368,0.4586,-0.9493,2.8584%,3.2268%,21.5295%,0.026656,ATHM,14332.0,2019-03-12,252.0,-1.3842%,-0.0002,1.0054,0.4725,-0.9796,2.8513%,3.2134%,21.2698%,-0.015999,ATHM,0.036323,0.028712,0.0053759999999999,-0.013744,-0.054576
16771,AUTOHOME INC,Autohome Sees Q1 Sales $227.6M-$230.5 vs $235.3M Est.,6,decrease,0.8,0.6,"the sales forecast for q1 is below the expected estimate, which is likely to negatively impact investor sentiment and lead to a decrease in stock price.",0,2019-02-26,ATHM,2019-02-26 14:33:00+00:00,14332.0,05278C10,-0.0112740667536854,2044389.0,0.049706608057022,0.0232975110411644,-0.0081206141039729,0.0977498665452003,-0.0107389912009239,-0.0156136630102992,-0.0212812051177024,0.042523693293333,-0.0087853660807013,0.0030375630594789,-0.0304675381630659,-0.0291225761175155,-0.0327962823212146,0.0068043475039303,-0.0068525737151503,0.0354855805635452,0.0485367812216281,0.0317207761108875,-0.0138416299596428,-0.0074773668311536,0.0590198449790477,0.0128886681050062,-0.0090168584138154,-0.022216435521841,0.0145801557227969,0.0013008777750656,0.0227984935045242,0.0322277620434761,-0.0255652405321598,0.0344492755830287,-0.0002167892816942,-0.0053882207721471,-0.0068315425887703,0.0244868453592062,-0.0139753120020031,-0.0198390707373619,0.0186025947332382,0.0018068782519549,0.0001087306955014,-0.053538542240858,-0.0126087358221411,0.0366834141314029,0.0178335849195718,-0.0179455783218145,0.1369241178035736,0.0093267746269702,-0.0106545155867934,0.0184471905231475,-0.0132692046463489,0.0202247537672519,0.0168582703918218,0.0196190048009157,0.0059415693394839,0.0263080671429634,0.0337239280343055,0.0081494012847542,0.0134549727663397,-0.1381688117980957,-0.0214604027569294,-0.0518222413957119,0.0074342815205454,0.0115124899893999,-0.0251822080463171,0.0573685616254806,0.0176003091037273,-0.0134150432422757,-0.0076250666752457,0.0056532802991569,0.0151798641309142,0.0451188459992408,0.0350747928023338,-0.0237283371388912,0.0099875405430793,-0.0249265562742948,0.0113897304981946,-0.0165933333337307,-0.0069838762283325,0.0168733168393373,0.0065054758451879,0.0033346433192491,-0.0222726482897996,0.0333996601402759,-0.0021440547425299,0.0182186029851436,0.0350940562784671,-0.0326370745897293,-0.0011244151974096,-0.0329503938555717,-0.0403497815132141,-0.0330810435116291,0.027158660814166,-0.0493211112916469,0.0264406371861696,-0.0147496107965707,-0.0225930623710155,-0.0238839220255613,-0.0345853865146637,-0.0212998855859041,-0.0299292858690023,-0.0152737246826291,-0.014678381383419,0.0536038465797901,0.0038903469685465,0.0178797487169504,-0.0726843327283859,-0.0029901613015681,0.0465803667902946,0.005667335819453,0.0140241766348481,-0.0274465959519147,-0.0074914176948368,0.0796697288751602,-0.0355138219892978,0.0328649654984474,-0.064914233982563,-0.0104269655421376,0.0197425317019224,0.0,-0.0321969427168369,0.0393497012555599,0.049706608057022,0.0232975110411643,0.0411823457706006,0.1233247061814739,0.0300010977208129,0.105785492768013,-0.0007749313400852,0.156309301617971,-0.0377505110080746,0.1984782439825967,0.1912985553956334,0.106187248581643,0.018266368333428,0.1786865985168904,2019-02-27,2019-02-28,2019-03-01,2019-03-04,2019-03-05,2019-03-06,2019-03-07,2019-03-08,2019-03-11,2019-03-12,14332.0,2019-02-26,252.0,-1.1274%,0.0001,1.0053,0.4369,-0.9906,2.8699%,3.2297%,21.0359%,-0.01036,ATHM,14332.0,2019-02-27,252.0,4.9707%,0.0004,1.0208,0.4231,-0.9879,2.8775%,3.2410%,21.1685%,0.046683,ATHM,14332.0,2019-02-28,252.0,-0.8121%,0.0004,1.0187,0.4214,-0.9876,2.8777%,3.2387%,21.0509%,-0.007611,ATHM,14332.0,2019-03-01,252.0,-1.0739%,0.0004,0.9956,0.387,-1.0124,2.8754%,3.2295%,20.7302%,-0.023336,ATHM,14332.0,2019-03-04,252.0,-2.1281%,0.0003,0.9993,0.3846,-1.0156,2.8760%,3.2326%,20.8426%,-0.010698,ATHM,14332.0,2019-03-05,252.0,-0.8785%,0.0002,0.9955,0.3493,-1.0151,2.8727%,3.2238%,20.5921%,-0.0084219999999999,ATHM,14332.0,2019-03-06,252.0,-3.0468%,0.0002,1.0148,0.3751,-0.9898,2.8713%,3.2282%,20.8908%,-0.017388,ATHM,14332.0,2019-03-07,252.0,-3.2796%,0.0001,1.0256,0.3736,-0.9758,2.8762%,3.2342%,20.9171%,-0.027569,ATHM,14332.0,2019-03-08,252.0,-0.6853%,0.0002,1.0251,0.3978,-0.978,2.8731%,3.2333%,21.0365%,-0.006532,ATHM,14332.0,2019-03-11,252.0,4.8537%,0.0001,1.0368,0.4586,-0.9493,2.8584%,3.2268%,21.5295%,0.026656,ATHM,14332.0,2019-03-12,252.0,-1.3842%,-0.0002,1.0054,0.4725,-0.9796,2.8513%,3.2134%,21.2698%,-0.015999,ATHM,0.036323,0.028712,0.0053759999999999,-0.013744,-0.054576
16779,AUTOHOME INC,"Autohome Earlier Reported Q4 EPS $1.31 Beats $1.11 Estimate, Sales $318.199M Beat $312.41M Estimate",6,increase,0.8,0.7,"the reported earnings per share and sales both exceeded estimates, which typically signals strong performance and can lead to a positive reaction in the stock price.",2,2019-02-26,ATHM,2019-02-26 14:32:00+00:00,14332.0,05278C10,-0.0112740667536854,2044389.0,0.049706608057022,0.0232975110411644,-0.0081206141039729,0.0977498665452003,-0.0107389912009239,-0.0156136630102992,-0.0212812051177024,0.042523693293333,-0.0087853660807013,0.0030375630594789,-0.0304675381630659,-0.0291225761175155,-0.0327962823212146,0.0068043475039303,-0.0068525737151503,0.0354855805635452,0.0485367812216281,0.0317207761108875,-0.0138416299596428,-0.0074773668311536,0.0590198449790477,0.0128886681050062,-0.0090168584138154,-0.022216435521841,0.0145801557227969,0.0013008777750656,0.0227984935045242,0.0322277620434761,-0.0255652405321598,0.0344492755830287,-0.0002167892816942,-0.0053882207721471,-0.0068315425887703,0.0244868453592062,-0.0139753120020031,-0.0198390707373619,0.0186025947332382,0.0018068782519549,0.0001087306955014,-0.053538542240858,-0.0126087358221411,0.0366834141314029,0.0178335849195718,-0.0179455783218145,0.1369241178035736,0.0093267746269702,-0.0106545155867934,0.0184471905231475,-0.0132692046463489,0.0202247537672519,0.0168582703918218,0.0196190048009157,0.0059415693394839,0.0263080671429634,0.0337239280343055,0.0081494012847542,0.0134549727663397,-0.1381688117980957,-0.0214604027569294,-0.0518222413957119,0.0074342815205454,0.0115124899893999,-0.0251822080463171,0.0573685616254806,0.0176003091037273,-0.0134150432422757,-0.0076250666752457,0.0056532802991569,0.0151798641309142,0.0451188459992408,0.0350747928023338,-0.0237283371388912,0.0099875405430793,-0.0249265562742948,0.0113897304981946,-0.0165933333337307,-0.0069838762283325,0.0168733168393373,0.0065054758451879,0.0033346433192491,-0.0222726482897996,0.0333996601402759,-0.0021440547425299,0.0182186029851436,0.0350940562784671,-0.0326370745897293,-0.0011244151974096,-0.0329503938555717,-0.0403497815132141,-0.0330810435116291,0.027158660814166,-0.0493211112916469,0.0264406371861696,-0.0147496107965707,-0.0225930623710155,-0.0238839220255613,-0.0345853865146637,-0.0212998855859041,-0.0299292858690023,-0.0152737246826291,-0.014678381383419,0.0536038465797901,0.0038903469685465,0.0178797487169504,-0.0726843327283859,-0.0029901613015681,0.0465803667902946,0.005667335819453,0.0140241766348481,-0.0274465959519147,-0.0074914176948368,0.0796697288751602,-0.0355138219892978,0.0328649654984474,-0.064914233982563,-0.0104269655421376,0.0197425317019224,0.0,-0.0321969427168369,0.0393497012555599,0.049706608057022,0.0232975110411643,0.0411823457706006,0.1233247061814739,0.0300010977208129,0.105785492768013,-0.0007749313400852,0.156309301617971,-0.0377505110080746,0.1984782439825967,0.1912985553956334,0.106187248581643,0.018266368333428,0.1786865985168904,2019-02-27,2019-02-28,2019-03-01,2019-03-04,2019-03-05,2019-03-06,2019-03-07,2019-03-08,2019-03-11,2019-03-12,14332.0,2019-02-26,252.0,-1.1274%,0.0001,1.0053,0.4369,-0.9906,2.8699%,3.2297%,21.0359%,-0.01036,ATHM,14332.0,2019-02-27,252.0,4.9707%,0.0004,1.0208,0.4231,-0.9879,2.8775%,3.2410%,21.1685%,0.046683,ATHM,14332.0,2019-02-28,252.0,-0.8121%,0.0004,1.0187,0.4214,-0.9876,2.8777%,3.2387%,21.0509%,-0.007611,ATHM,14332.0,2019-03-01,252.0,-1.0739%,0.0004,0.9956,0.387,-1.0124,2.8754%,3.2295%,20.7302%,-0.023336,ATHM,14332.0,2019-03-04,252.0,-2.1281%,0.0003,0.9993,0.3846,-1.0156,2.8760%,3.2326%,20.8426%,-0.010698,ATHM,14332.0,2019-03-05,252.0,-0.8785%,0.0002,0.9955,0.3493,-1.0151,2.8727%,3.2238%,20.5921%,-0.0084219999999999,ATHM,14332.0,2019-03-06,252.0,-3.0468%,0.0002,1.0148,0.3751,-0.9898,2.8713%,3.2282%,20.8908%,-0.017388,ATHM,14332.0,2019-03-07,252.0,-3.2796%,0.0001,1.0256,0.3736,-0.9758,2.8762%,3.2342%,20.9171%,-0.027569,ATHM,14332.0,2019-03-08,252.0,-0.6853%,0.0002,1.0251,0.3978,-0.978,2.8731%,3.2333%,21.0365%,-0.006532,ATHM,14332.0,2019-03-11,252.0,4.8537%,0.0001,1.0368,0.4586,-0.9493,2.8584%,3.2268%,21.5295%,0.026656,ATHM,14332.0,2019-03-12,252.0,-1.3842%,-0.0002,1.0054,0.4725,-0.9796,2.8513%,3.2134%,21.2698%,-0.015999,ATHM,0.036323,0.028712,0.0053759999999999,-0.013744,-0.054576
16787,ATARA BIOTHERAPEUTICS INC,"Atara Biotherapeutics, Inc. - Common Stock Q4 EPS $(1.75) Misses $(1.31) Estimate",6,decrease,0.8,0.7,"the reported q4 eps of $(1.75) significantly missed the estimate of $(1.31), which is likely to negatively impact investor sentiment and lead to a decrease in stock price.",0,2019-02-26,ATRA,2019-02-26 12:57:00+00:00,14991.0,04651310,-0.107331171631813,1388482.0,-0.0284486748278141,0.081907719373703,-0.0107734631747007,0.0107415160164237,0.0667411163449287,-0.0307263303548097,0.0188480988144874,-0.0221008043736219,0.0030833184719085,-0.0044499458745121,-0.0619877539575099,0.0258686393499374,0.0046423263847827,0.005098158493638,-0.00733896298334,-0.0010186125291511,0.0147864436730742,0.0152533650398254,0.0685374289751052,0.0049363113939762,0.0265152286738157,0.0182540323585271,-0.0410824567079544,-0.0174162201583385,-0.0164186600595712,0.0031291460618376,0.0219092369079589,-0.0085315881296992,0.0028075703885406,0.0289970785379409,-0.0109442677348852,-0.0107894698157906,0.0288213826715946,0.0505944676697254,-0.0635317862033844,0.0459802262485027,-0.0251068025827407,0.0037736159283667,0.0364384055137634,-0.0411911904811859,-0.0541898757219314,0.0327680185437202,0.0799329429864883,-0.0065676625818014,0.0287267249077558,-0.0118509642779827,0.002515684813261,-0.0485906414687633,0.0032622602302581,0.0211074687540531,0.0265132915228605,0.0130519643425941,-0.0077972635626792,-0.0088082440197467,-0.0196464397013187,0.0481824018061161,-0.0343186110258102,-0.0099971005693078,-0.0440985932946205,0.012727758847177,0.0086838454008102,0.0152716729789972,-0.0274413954466581,-0.0107495337724685,-0.0027663148939609,0.0590768679976463,-0.0202496405690908,0.0847797393798828,0.0099093569442629,0.0549295581877231,-0.0866273194551467,-0.1945547014474869,-0.0220994837582111,0.0149682387709617,-0.0053358464501798,0.011942901648581,0.0568002872169017,-0.004061484709382,-0.0077635748311877,0.0064233932644128,0.0054168011993169,0.1080556511878967,0.0125711457803845,0.0003236320044379,0.0257167872041463,-0.0781623125076294,-0.0317003540694713,-0.1236601173877716,-0.0279761515557766,-0.0257258880883455,0.0345989316701889,-0.0070815021172165,0.0248594302684068,-0.0522531233727932,0.0470689348876476,-0.0208871010690927,-0.0772200599312782,0.0037691364996135,0.0245068650692701,0.0021246494725346,-0.205950990319252,-0.0141959646716713,-0.0448199622333049,0.0689054802060127,-0.069230742752552,0.0133602879941463,0.032644584774971,-0.019283128902316,-0.005602216348052,-0.0473386347293853,-0.0273641962558031,0.0628284960985183,-0.0074472613632678,-0.0152822015807032,-0.0216757170855999,0.0208857059478759,0.0383468903601169,0.0430447049438953,-0.0496512502431869,-0.016774233430624,-0.0284486748278141,0.081907719373703,-0.0389156472518883,0.093529048469648,0.0252281953521638,0.0599289136737888,0.0477724835382291,0.0318912470411463,0.0628019449282946,0.0844375142354754,-0.011003743909641,0.2074053253737535,-0.3784218780747904,0.0771613459516655,2019-02-27,2019-02-28,2019-03-01,2019-03-04,2019-03-05,2019-03-06,2019-03-07,2019-03-08,2019-03-11,2019-03-12,14991.0,2019-02-26,252.0,-10.7331%,-0.001,1.7562,1.5572,-1.4887,3.0705%,4.0512%,42.5568%,-0.100619,ATRA,14991.0,2019-02-27,252.0,-2.8449%,-0.001,1.7698,1.523,-1.4865,3.0711%,4.0532%,42.5894%,-0.034874,ATRA,14991.0,2019-02-28,252.0,-1.0773%,-0.0011,1.7789,1.529,-1.478,3.0703%,4.0529%,42.6117%,-0.009408,ATRA,14991.0,2019-03-01,252.0,6.6741%,-0.0006,1.7443,1.4776,-1.552,3.0488%,4.0301%,42.7683%,0.043497,ATRA,14991.0,2019-03-04,252.0,1.8848%,-0.0004,1.7262,1.5016,-1.5391,3.0541%,4.0255%,42.4399%,0.039792,ATRA,14991.0,2019-03-05,252.0,0.3083%,-0.0004,1.7199,1.4577,-1.5462,3.0511%,4.0087%,42.0690%,0.0068889999999999,ATRA,14991.0,2019-03-06,252.0,-6.1988%,-0.0009,1.6878,1.5532,-1.5695,3.0118%,3.9881%,42.9667%,-0.028645,ATRA,14991.0,2019-03-07,252.0,0.4642%,-0.0008,1.6814,1.5516,-1.5784,3.0133%,3.9875%,42.8949%,0.014301,ATRA,14991.0,2019-03-08,252.0,-0.7339%,-0.0006,1.6791,1.6034,-1.5848,2.9989%,3.9840%,43.3377%,-0.007189,ATRA,14991.0,2019-03-11,252.0,1.4786%,-0.0009,1.6656,1.6281,-1.5637,2.9929%,3.9765%,43.3504%,-0.024336,ATRA,14991.0,2019-03-12,252.0,6.8537%,-0.0005,1.6849,1.5932,-1.5561,3.0221%,3.9997%,42.9115%,0.067591,ATRA,-0.135493,-0.144901,-0.101404,-0.0547229999999999,-0.033001
16795,ATRION CORP,"Atrion Q4 EPS $4.17 Down From $4.66 YoY, Sales $34.926M Up From $34.024M YoY",6,decrease,0.7,0.5,"the decline in eps from $4.66 to $4.17 suggests reduced profitability, which may negatively impact investor sentiment despite an increase in sales.",0,2019-02-26,ATRI,2019-02-26 23:01:00+00:00,11587.0,04990410,-0.0012503216275945,4255.0,-0.0034705286379903,0.0112795727327466,-0.0219156891107559,0.0060327178798615,0.0046161538921296,-0.0028508163522928,0.0007721333531662,-0.005830627400428,0.0216162540018558,0.0074717011302709,-0.0089018233120441,0.0069536678493022,-0.0011368179693818,0.0031893390696495,0.0078539634123444,-0.0079414946958422,-0.0030773570761084,0.0091077582910656,-0.0088250273838639,-0.00752425333485,-0.008049595169723,-0.0016133873723447,0.0174072198569774,0.0065591437742114,0.0152935553342104,0.00408919993788,-0.0043826894834637,0.0122632272541523,0.0175216048955917,0.0183716230094432,0.0015632117865607,0.0209964234381914,0.0257471613585948,-0.0254406332969665,-0.0071716918610036,-0.0047984425909817,0.032743252813816,-0.0069859288632869,0.0142879951745271,-0.0071667009033262,0.0026993977371603,-0.0046450085937976,0.0015157646266743,0.0124547993764281,-0.0075898254290223,0.0051948050968348,-0.0019119505304843,0.0054581919685006,0.0060547292232513,0.0137001294642686,0.0045335539616644,0.0168106686323881,0.0120612457394599,0.0212923754006624,-0.0069231013767421,0.003545228857547,0.0161990970373153,-0.0281141065061092,0.0240604821592569,0.0028234268538653,-0.0074973162263631,0.0037651525344699,-0.0025541824288666,0.0310569480061531,-0.0093167563900351,0.0093820123001933,-0.0111643010750412,0.0029581286944448,-0.0189655032008886,-0.0086579406633973,-0.0209195669740438,-0.0230959895998239,0.0074927280656993,-0.0108625078573823,0.0041725635528564,0.0106371203437447,-0.0030105367768555,0.0298876818269491,0.0108384937047958,0.0211691949516534,0.0153110958635807,0.0192077402025461,-0.0190627910196781,0.0020359356421977,0.0041626556776463,-0.0054483069106936,-0.0005678591551259,-0.0241804923862218,-0.0078522423282265,-0.031180215999484,-0.0145689807832241,-0.0418063998222351,0.0053814114071428,-0.0241081397980451,0.0019884053617715,0.0186144784092903,-0.014537539333105,-0.0120271500200033,0.010162497870624,0.009485307149589,0.0210477914661169,-0.001267421990633,0.0022588882129639,-0.0186320636421442,0.0057194493710994,0.0041462127119302,-0.0142117058858275,-0.0115565955638885,0.0180264208465814,0.0270588397979736,0.0118273254483938,-0.0106308311223983,-0.0194632224738597,-0.0015725999837741,0.0142735904082655,-0.0109766013920307,0.0191910527646541,0.0264463312923908,-0.0152957187965512,0.0175632517784833,-0.0034705286379903,0.0112795727327466,-0.0253101587220661,0.0173803370927101,-0.0208108404176317,0.014479972591225,0.0011279690655705,0.0161006135026189,-0.0129897270673916,0.0198207463165742,0.1509312832056808,0.0860592543637692,0.1174090142415733,0.077510469255853,2019-02-27,2019-02-28,2019-03-01,2019-03-04,2019-03-05,2019-03-06,2019-03-07,2019-03-08,2019-03-11,2019-03-12,11587.0,2019-02-26,252.0,-0.1250%,0.0016,0.3062,0.3716,0.0107,1.6066%,1.6519%,5.4140%,0.001702,ATRI,11587.0,2019-02-27,252.0,-0.3471%,0.0015,0.3057,0.3708,0.0106,1.6070%,1.6522%,5.3907%,-0.004539,ATRI,11587.0,2019-02-28,252.0,-2.1916%,0.0015,0.3052,0.3697,0.0156,1.6122%,1.6565%,5.2723%,-0.021116,ATRI,11587.0,2019-03-01,252.0,0.4616%,0.0011,0.3587,0.4493,0.0984,1.5127%,1.5723%,7.4310%,0.001318,ATRI,11587.0,2019-03-04,252.0,0.0772%,0.0012,0.3503,0.4748,0.1012,1.5089%,1.5686%,7.4701%,0.003961,ATRI,11587.0,2019-03-05,252.0,2.1616%,0.0014,0.3524,0.5062,0.0943,1.5065%,1.5694%,7.8476%,0.023836,ATRI,11587.0,2019-03-06,252.0,-0.8902%,0.0013,0.343,0.5169,0.0852,1.5020%,1.5655%,7.9429%,0.000308,ATRI,11587.0,2019-03-07,252.0,-0.1137%,0.0012,0.3378,0.4929,0.0715,1.4969%,1.5580%,7.6848%,0.002229,ATRI,11587.0,2019-03-08,252.0,0.7854%,0.0012,0.3384,0.4671,0.0738,1.4902%,1.5491%,7.4553%,0.0083819999999999,ATRI,11587.0,2019-03-11,252.0,-0.3077%,0.0011,0.3325,0.4729,0.0802,1.4900%,1.5480%,7.3553%,-0.0095079999999999,ATRI,11587.0,2019-03-12,252.0,-0.8825%,0.0012,0.3608,0.4711,0.1119,1.4753%,1.5382%,8.0033%,-0.0083579999999999,ATRI,-0.002837,-0.023953,-0.022635,0.0051619999999999,-0.001785
16803,AXOGEN INC,AxoGen Sees FY19 Sales $109M-$114M vs $113.63M Est.,6,uncertain,0.6,0.2,"the sales forecast is slightly below the estimate, which could lead to mixed reactions from investors, resulting in uncertainty about the stock price movement.",1,2019-02-26,AXGN,2019-02-26 21:04:00+00:00,10966.0,05463X10,-0.0088642574846744,299689.0,0.0251537598669529,0.0050111445598304,0.0065430169925093,-0.0027762989047914,0.0433370098471641,0.0192416608333587,0.045690506696701,0.0011331704445183,0.0809335187077522,0.0045532113872468,-0.040422648191452,-0.0195312704890966,-0.0191479008644819,0.0101465787738561,-0.0639336034655571,-0.0122494054958224,0.0140771875157952,0.0233618151396513,0.0010282030561938,0.1037735641002655,0.0190036389976739,-0.0050062532536685,-0.0040322542190551,-0.0442583598196506,0.0556680336594581,-0.0170488487929105,0.0306806992739439,0.01552240177989,-0.0279069952666759,0.0238385926932096,-0.0186602585017681,-0.0084848115220665,0.0789858102798461,0.0141364187002182,-0.0777225196361541,0.0055624321103096,0.0494855567812919,-0.0199878811836242,0.0046685519628226,-0.0293944738805294,-0.0473977886140346,0.0461254604160785,-0.0014634481631219,0.010565573349595,0.0288226753473281,-0.0049474285915493,-0.0023741328623145,0.0087335864081978,-0.0033317322377115,0.0436198599636554,-0.0023878291249275,0.0506155788898468,-0.0047869062982499,-0.1198073849081993,0.0562769658863544,0.0368289723992347,-0.0168487671762704,-0.0135467555373907,-0.0148216625675559,0.0149999856948852,0.0263281352818012,0.0302640236914157,-0.0119102261960506,0.0237310249358415,-0.0120537895709276,-0.0733048692345619,0.0065697464160621,-0.2318159937858582,0.0303030107170343,0.0446078367531299,-0.049773771315813,-0.0111487908288836,-0.0076190405525267,0.0097894687205553,-0.0311900004744529,0.0547237694263458,0.0227835103869438,0.0104330079630017,0.0285714361816644,0.0295380894094705,0.0070621292106807,0.0787949338555336,0.0191678293049335,0.0099473418667912,-0.002293542958796,-0.0447176769375801,0.0795402079820633,-0.097831591963768,0.0200170874595642,-0.0716292411088943,0.0313152372837066,-0.2241191416978836,0.0311740301549434,-0.0374125763773918,-0.0196309387683868,-0.016844268888235,-0.0212254226207733,-0.0348374024033546,-0.0581014752388,0.0127687891945242,0.0390964187681675,0.0084717040881514,-0.0183946713805198,-0.0053926473483443,-0.0157580468803644,-0.0490384809672832,-0.0056253164075315,-0.0182504691183567,0.0004351709794718,-0.0731991901993751,-0.0365376323461532,0.0241935905069112,-0.0776523426175117,0.0314233042299747,0.0039158063009381,0.0052647311240434,0.0565577670931816,0.050422940403223,-0.0032302581239491,0.0042469506151974,0.0251537598669528,0.0050111445598304,0.0318613583376972,0.0022209332198857,0.0765791441848862,0.021505328496995,0.2168810040844326,0.0273192683607144,0.088317488679283,0.1352201057521298,0.1889324276942843,0.1281249532788984,0.2073784710126585,-0.4103234616203228,2019-02-27,2019-02-28,2019-03-01,2019-03-04,2019-03-05,2019-03-06,2019-03-07,2019-03-08,2019-03-11,2019-03-12,10966.0,2019-02-26,252.0,-0.8864%,-0.0017,1.0936,1.0399,-0.8772,3.8356%,4.1719%,15.4707%,-0.003468,AXGN,10966.0,2019-02-27,252.0,2.5154%,-0.0017,1.0883,1.056,-0.878,3.8374%,4.1732%,15.4465%,0.0210409999999999,AXGN,10966.0,2019-02-28,252.0,0.6543%,-0.002,1.1269,1.0828,-0.8521,3.8081%,4.1570%,16.0809%,0.00741,AXGN,10966.0,2019-03-01,252.0,4.3337%,-0.0017,1.1042,1.0491,-0.9014,3.8008%,4.1473%,16.0116%,0.028584,AXGN,10966.0,2019-03-04,252.0,4.5691%,-0.0021,1.1754,0.7579,-0.9073,3.6683%,4.0273%,17.0340%,0.059054,AXGN,10966.0,2019-03-05,252.0,8.0934%,-0.0015,1.1725,0.7906,-0.9408,3.6940%,4.0564%,17.0707%,0.0830139999999999,AXGN,10966.0,2019-03-06,252.0,-4.0423%,-0.0015,1.189,0.8217,-0.918,3.6944%,4.0637%,17.3473%,-0.020326,AXGN,10966.0,2019-03-07,252.0,-1.9148%,-0.0016,1.1929,0.8205,-0.9131,3.6949%,4.0646%,17.3631%,-0.011942,AXGN,10966.0,2019-03-08,252.0,-6.3934%,-0.002,1.2039,0.7776,-0.8933,3.7075%,4.0724%,17.1178%,-0.063362,AXGN,10966.0,2019-03-11,252.0,1.4077%,-0.0019,1.2004,0.738,-0.9141,3.7001%,4.0677%,17.2567%,-0.0113949999999999,AXGN,10966.0,2019-03-12,252.0,0.1028%,-0.0021,1.1586,0.7463,-0.9586,3.6869%,4.0472%,17.0150%,-0.000728,AXGN,0.017573,0.0249829999999999,0.053567,0.195635,0.0878819999999999
16811,AXOGEN INC,"AxoGen, Inc. Q4 Adj. EPS $(0.09) Misses $(0.05) Estimate, Sales $23.4M Miss $23.79M Estimate",6,decrease,0.8,0.7,"the company reported a larger-than-expected loss and lower sales than anticipated, which typically leads to a negative reaction in stock prices.",0,2019-02-26,AXGN,2019-02-26 21:03:00+00:00,10966.0,05463X10,-0.0088642574846744,299689.0,0.0251537598669529,0.0050111445598304,0.0065430169925093,-0.0027762989047914,0.0433370098471641,0.0192416608333587,0.045690506696701,0.0011331704445183,0.0809335187077522,0.0045532113872468,-0.040422648191452,-0.0195312704890966,-0.0191479008644819,0.0101465787738561,-0.0639336034655571,-0.0122494054958224,0.0140771875157952,0.0233618151396513,0.0010282030561938,0.1037735641002655,0.0190036389976739,-0.0050062532536685,-0.0040322542190551,-0.0442583598196506,0.0556680336594581,-0.0170488487929105,0.0306806992739439,0.01552240177989,-0.0279069952666759,0.0238385926932096,-0.0186602585017681,-0.0084848115220665,0.0789858102798461,0.0141364187002182,-0.0777225196361541,0.0055624321103096,0.0494855567812919,-0.0199878811836242,0.0046685519628226,-0.0293944738805294,-0.0473977886140346,0.0461254604160785,-0.0014634481631219,0.010565573349595,0.0288226753473281,-0.0049474285915493,-0.0023741328623145,0.0087335864081978,-0.0033317322377115,0.0436198599636554,-0.0023878291249275,0.0506155788898468,-0.0047869062982499,-0.1198073849081993,0.0562769658863544,0.0368289723992347,-0.0168487671762704,-0.0135467555373907,-0.0148216625675559,0.0149999856948852,0.0263281352818012,0.0302640236914157,-0.0119102261960506,0.0237310249358415,-0.0120537895709276,-0.0733048692345619,0.0065697464160621,-0.2318159937858582,0.0303030107170343,0.0446078367531299,-0.049773771315813,-0.0111487908288836,-0.0076190405525267,0.0097894687205553,-0.0311900004744529,0.0547237694263458,0.0227835103869438,0.0104330079630017,0.0285714361816644,0.0295380894094705,0.0070621292106807,0.0787949338555336,0.0191678293049335,0.0099473418667912,-0.002293542958796,-0.0447176769375801,0.0795402079820633,-0.097831591963768,0.0200170874595642,-0.0716292411088943,0.0313152372837066,-0.2241191416978836,0.0311740301549434,-0.0374125763773918,-0.0196309387683868,-0.016844268888235,-0.0212254226207733,-0.0348374024033546,-0.0581014752388,0.0127687891945242,0.0390964187681675,0.0084717040881514,-0.0183946713805198,-0.0053926473483443,-0.0157580468803644,-0.0490384809672832,-0.0056253164075315,-0.0182504691183567,0.0004351709794718,-0.0731991901993751,-0.0365376323461532,0.0241935905069112,-0.0776523426175117,0.0314233042299747,0.0039158063009381,0.0052647311240434,0.0565577670931816,0.050422940403223,-0.0032302581239491,0.0042469506151974,0.0251537598669528,0.0050111445598304,0.0318613583376972,0.0022209332198857,0.0765791441848862,0.021505328496995,0.2168810040844326,0.0273192683607144,0.088317488679283,0.1352201057521298,0.1889324276942843,0.1281249532788984,0.2073784710126585,-0.4103234616203228,2019-02-27,2019-02-28,2019-03-01,2019-03-04,2019-03-05,2019-03-06,2019-03-07,2019-03-08,2019-03-11,2019-03-12,10966.0,2019-02-26,252.0,-0.8864%,-0.0017,1.0936,1.0399,-0.8772,3.8356%,4.1719%,15.4707%,-0.003468,AXGN,10966.0,2019-02-27,252.0,2.5154%,-0.0017,1.0883,1.056,-0.878,3.8374%,4.1732%,15.4465%,0.0210409999999999,AXGN,10966.0,2019-02-28,252.0,0.6543%,-0.002,1.1269,1.0828,-0.8521,3.8081%,4.1570%,16.0809%,0.00741,AXGN,10966.0,2019-03-01,252.0,4.3337%,-0.0017,1.1042,1.0491,-0.9014,3.8008%,4.1473%,16.0116%,0.028584,AXGN,10966.0,2019-03-04,252.0,4.5691%,-0.0021,1.1754,0.7579,-0.9073,3.6683%,4.0273%,17.0340%,0.059054,AXGN,10966.0,2019-03-05,252.0,8.0934%,-0.0015,1.1725,0.7906,-0.9408,3.6940%,4.0564%,17.0707%,0.0830139999999999,AXGN,10966.0,2019-03-06,252.0,-4.0423%,-0.0015,1.189,0.8217,-0.918,3.6944%,4.0637%,17.3473%,-0.020326,AXGN,10966.0,2019-03-07,252.0,-1.9148%,-0.0016,1.1929,0.8205,-0.9131,3.6949%,4.0646%,17.3631%,-0.011942,AXGN,10966.0,2019-03-08,252.0,-6.3934%,-0.002,1.2039,0.7776,-0.8933,3.7075%,4.0724%,17.1178%,-0.063362,AXGN,10966.0,2019-03-11,252.0,1.4077%,-0.0019,1.2004,0.738,-0.9141,3.7001%,4.0677%,17.2567%,-0.0113949999999999,AXGN,10966.0,2019-03-12,252.0,0.1028%,-0.0021,1.1586,0.7463,-0.9586,3.6869%,4.0472%,17.0150%,-0.000728,AXGN,0.017573,0.0249829999999999,0.053567,0.195635,0.0878819999999999
16819,AUTOZONE INC,AutoZone shares are trading higher after the company reported better than expected Q2 EPS and revenue results.,6,increase,0.85,0.7,"better than expected q2 eps and revenue results typically lead to positive investor sentiment, likely driving the stock price higher.",2,2019-02-26,AZO,2019-02-26 13:52:00+00:00,76605.0,05333210,0.0510342009365558,781446.0,-0.0246738046407699,-0.0241976156830787,0.0296513754874467,0.0058808117173612,-0.0102771800011396,-0.0160779003053903,0.0039060870185494,0.0048654079437255,0.0073744626715779,-0.0033378715161234,-0.0047668637707829,0.0163432396948337,0.005559429526329,0.0152576249092817,-0.0061878766864538,0.0005162879242561,0.0056701391004025,0.0033675162121653,-0.0057658199220895,0.0158223006874322,0.0063877250067889,-0.0053370078094303,0.0102489460259676,0.012314535677433,0.0126391891390085,-0.0015412181382998,0.013884462416172,-2.302577740920242e-05,0.0034850330557674,0.0229789391160011,0.0020326972007751,0.0030329574365168,0.0204999558627605,0.0049456739798188,-0.0197984259575605,0.0150603260844945,0.014868451282382,0.0142244454473257,0.0014560401905328,0.0053643267601728,0.0059059015475213,-0.0001840515760704,0.001963686896488,-0.0236774422228336,0.0188525449484586,0.0064519722945988,0.0054583111777901,-0.0179078970104455,0.0119159957394003,0.002386306412518,0.0034070222172886,0.0112249990925192,-0.0046293148770928,0.0040743565186858,0.0075239297002553,0.0031440139282494,0.0038339940365403,0.0049824710004031,-0.0115340165793895,-0.0053907968103885,0.0190023258328437,0.0085085108876228,0.0079231653362512,0.0110800135880708,-0.0077392198145389,-0.0133159989491105,0.0040459460578858,-0.0159280989319086,-0.0028179863002151,-0.0117670856416225,-0.0096270414069294,0.0084677468985319,-0.0060111535713076,0.0001669413468334,-0.0094254789873957,-0.0007985398406162,0.012132978066802,-0.0047802813351154,-0.0049248244613409,0.0047433800064027,-0.0002397851640125,0.0197369903326034,-0.008442391641438,-0.0038980809040367,-0.0106913531199097,-0.0002178507857024,0.0056822090409696,-0.0115448869764804,-0.0042886231094598,-0.0249288361519575,0.0140736727043986,0.003582380246371,-0.0047481516376137,-0.0195812843739986,-0.0026514837518334,-0.0138542931526899,-0.0148257678374648,-0.0065892077982425,-0.0096123637631535,0.0125236241146922,-0.0011137580731883,-0.0085000824183225,-0.0038726043421775,0.0180541761219501,-0.0180193968117237,0.0017037119250744,0.0073684966191649,-0.0129421688616275,-0.0115578928962349,0.0674501881003379,0.0030459561385214,0.0190218575298786,0.0028022907208651,-0.0202947445213794,-0.0063612167723476,-0.0094398409128189,0.0556538291275501,-0.0018317927606403,0.0113151408731937,0.0185731463134288,-0.0246738046407699,-0.0241976156830787,0.0042459586005694,-0.0184591055875588,-0.0060748578813856,-0.0342402222335856,0.0051657943773999,-0.0327806730344655,-0.0004171271135253,0.0177557655371807,0.1127273001828808,0.0752531583961095,0.1165027363449793,0.0848780169747356,2019-02-27,2019-02-28,2019-03-01,2019-03-04,2019-03-05,2019-03-06,2019-03-07,2019-03-08,2019-03-11,2019-03-12,76605.0,2019-02-26,252.0,5.1034%,0.0011,0.3597,0.2518,0.1438,1.6820%,1.7233%,4.7333%,0.054139,AZO,76605.0,2019-02-27,252.0,-2.4674%,0.0009,0.3541,0.254,0.1428,1.6887%,1.7287%,4.5720%,-0.025403,AZO,76605.0,2019-02-28,252.0,2.9651%,0.0015,0.2903,0.2112,0.0895,1.5578%,1.5879%,3.7626%,0.030955,AZO,76605.0,2019-03-01,252.0,-1.0277%,0.0013,0.2987,0.2236,0.109,1.5558%,1.5871%,3.9062%,-0.012712,AZO,76605.0,2019-03-04,252.0,0.3906%,0.0014,0.2962,0.2278,0.1105,1.5559%,1.5868%,3.8645%,0.005839,AZO,76605.0,2019-03-05,252.0,0.7374%,0.0014,0.2959,0.2308,0.1076,1.5563%,1.5873%,3.8609%,0.008759,AZO,76605.0,2019-03-06,252.0,-0.4767%,0.0015,0.3042,0.2259,0.1163,1.5535%,1.5859%,4.0380%,0.000494,AZO,76605.0,2019-03-07,252.0,0.5559%,0.0015,0.2986,0.2125,0.1051,1.5530%,1.5842%,3.9007%,0.008506,AZO,76605.0,2019-03-08,252.0,-0.6188%,0.0015,0.2986,0.2288,0.1042,1.5508%,1.5827%,3.9895%,-0.005548,AZO,76605.0,2019-03-11,252.0,0.5670%,0.0015,0.2984,0.2244,0.1018,1.5505%,1.5826%,4.0114%,0.000849,AZO,76605.0,2019-03-12,252.0,-0.5766%,0.0015,0.2969,0.228,0.1016,1.5512%,1.5829%,3.9565%,-0.005892,AZO,0.028736,0.059691,0.046979,0.0615769999999999,0.059986
16827,AUTOZONE INC,"AutoZone Q2 EPS $11.49 Beats $9.99 Estimate, Sales $2.451B Beat $2.45B Estimate",6,increase,0.85,0.7,the better-than-expected earnings per share and sales figures are likely to positively influence investor sentiment and drive the stock price higher.,2,2019-02-26,AZO,2019-02-26 12:00:00+00:00,76605.0,05333210,0.0510342009365558,781446.0,-0.0246738046407699,-0.0241976156830787,0.0296513754874467,0.0058808117173612,-0.0102771800011396,-0.0160779003053903,0.0039060870185494,0.0048654079437255,0.0073744626715779,-0.0033378715161234,-0.0047668637707829,0.0163432396948337,0.005559429526329,0.0152576249092817,-0.0061878766864538,0.0005162879242561,0.0056701391004025,0.0033675162121653,-0.0057658199220895,0.0158223006874322,0.0063877250067889,-0.0053370078094303,0.0102489460259676,0.012314535677433,0.0126391891390085,-0.0015412181382998,0.013884462416172,-2.302577740920242e-05,0.0034850330557674,0.0229789391160011,0.0020326972007751,0.0030329574365168,0.0204999558627605,0.0049456739798188,-0.0197984259575605,0.0150603260844945,0.014868451282382,0.0142244454473257,0.0014560401905328,0.0053643267601728,0.0059059015475213,-0.0001840515760704,0.001963686896488,-0.0236774422228336,0.0188525449484586,0.0064519722945988,0.0054583111777901,-0.0179078970104455,0.0119159957394003,0.002386306412518,0.0034070222172886,0.0112249990925192,-0.0046293148770928,0.0040743565186858,0.0075239297002553,0.0031440139282494,0.0038339940365403,0.0049824710004031,-0.0115340165793895,-0.0053907968103885,0.0190023258328437,0.0085085108876228,0.0079231653362512,0.0110800135880708,-0.0077392198145389,-0.0133159989491105,0.0040459460578858,-0.0159280989319086,-0.0028179863002151,-0.0117670856416225,-0.0096270414069294,0.0084677468985319,-0.0060111535713076,0.0001669413468334,-0.0094254789873957,-0.0007985398406162,0.012132978066802,-0.0047802813351154,-0.0049248244613409,0.0047433800064027,-0.0002397851640125,0.0197369903326034,-0.008442391641438,-0.0038980809040367,-0.0106913531199097,-0.0002178507857024,0.0056822090409696,-0.0115448869764804,-0.0042886231094598,-0.0249288361519575,0.0140736727043986,0.003582380246371,-0.0047481516376137,-0.0195812843739986,-0.0026514837518334,-0.0138542931526899,-0.0148257678374648,-0.0065892077982425,-0.0096123637631535,0.0125236241146922,-0.0011137580731883,-0.0085000824183225,-0.0038726043421775,0.0180541761219501,-0.0180193968117237,0.0017037119250744,0.0073684966191649,-0.0129421688616275,-0.0115578928962349,0.0674501881003379,0.0030459561385214,0.0190218575298786,0.0028022907208651,-0.0202947445213794,-0.0063612167723476,-0.0094398409128189,0.0556538291275501,-0.0018317927606403,0.0113151408731937,0.0185731463134288,-0.0246738046407699,-0.0241976156830787,0.0042459586005694,-0.0184591055875588,-0.0060748578813856,-0.0342402222335856,0.0051657943773999,-0.0327806730344655,-0.0004171271135253,0.0177557655371807,0.1127273001828808,0.0752531583961095,0.1165027363449793,0.0848780169747356,2019-02-27,2019-02-28,2019-03-01,2019-03-04,2019-03-05,2019-03-06,2019-03-07,2019-03-08,2019-03-11,2019-03-12,76605.0,2019-02-26,252.0,5.1034%,0.0011,0.3597,0.2518,0.1438,1.6820%,1.7233%,4.7333%,0.054139,AZO,76605.0,2019-02-27,252.0,-2.4674%,0.0009,0.3541,0.254,0.1428,1.6887%,1.7287%,4.5720%,-0.025403,AZO,76605.0,2019-02-28,252.0,2.9651%,0.0015,0.2903,0.2112,0.0895,1.5578%,1.5879%,3.7626%,0.030955,AZO,76605.0,2019-03-01,252.0,-1.0277%,0.0013,0.2987,0.2236,0.109,1.5558%,1.5871%,3.9062%,-0.012712,AZO,76605.0,2019-03-04,252.0,0.3906%,0.0014,0.2962,0.2278,0.1105,1.5559%,1.5868%,3.8645%,0.005839,AZO,76605.0,2019-03-05,252.0,0.7374%,0.0014,0.2959,0.2308,0.1076,1.5563%,1.5873%,3.8609%,0.008759,AZO,76605.0,2019-03-06,252.0,-0.4767%,0.0015,0.3042,0.2259,0.1163,1.5535%,1.5859%,4.0380%,0.000494,AZO,76605.0,2019-03-07,252.0,0.5559%,0.0015,0.2986,0.2125,0.1051,1.5530%,1.5842%,3.9007%,0.008506,AZO,76605.0,2019-03-08,252.0,-0.6188%,0.0015,0.2986,0.2288,0.1042,1.5508%,1.5827%,3.9895%,-0.005548,AZO,76605.0,2019-03-11,252.0,0.5670%,0.0015,0.2984,0.2244,0.1018,1.5505%,1.5826%,4.0114%,0.000849,AZO,76605.0,2019-03-12,252.0,-0.5766%,0.0015,0.2969,0.228,0.1016,1.5512%,1.5829%,3.9565%,-0.005892,AZO,0.028736,0.059691,0.046979,0.0615769999999999,0.059986
16835,AUTOZONE INC,AutoZone Q2 Comps Up 2.6% Year Over Year,6,increase,0.7,0.5,"a 2.6% year-over-year increase in comparable store sales typically indicates positive performance and can boost investor confidence, likely leading to an increase in stock price.",2,2019-02-26,AZO,2019-02-26 11:59:00+00:00,76605.0,05333210,0.0510342009365558,781446.0,-0.0246738046407699,-0.0241976156830787,0.0296513754874467,0.0058808117173612,-0.0102771800011396,-0.0160779003053903,0.0039060870185494,0.0048654079437255,0.0073744626715779,-0.0033378715161234,-0.0047668637707829,0.0163432396948337,0.005559429526329,0.0152576249092817,-0.0061878766864538,0.0005162879242561,0.0056701391004025,0.0033675162121653,-0.0057658199220895,0.0158223006874322,0.0063877250067889,-0.0053370078094303,0.0102489460259676,0.012314535677433,0.0126391891390085,-0.0015412181382998,0.013884462416172,-2.302577740920242e-05,0.0034850330557674,0.0229789391160011,0.0020326972007751,0.0030329574365168,0.0204999558627605,0.0049456739798188,-0.0197984259575605,0.0150603260844945,0.014868451282382,0.0142244454473257,0.0014560401905328,0.0053643267601728,0.0059059015475213,-0.0001840515760704,0.001963686896488,-0.0236774422228336,0.0188525449484586,0.0064519722945988,0.0054583111777901,-0.0179078970104455,0.0119159957394003,0.002386306412518,0.0034070222172886,0.0112249990925192,-0.0046293148770928,0.0040743565186858,0.0075239297002553,0.0031440139282494,0.0038339940365403,0.0049824710004031,-0.0115340165793895,-0.0053907968103885,0.0190023258328437,0.0085085108876228,0.0079231653362512,0.0110800135880708,-0.0077392198145389,-0.0133159989491105,0.0040459460578858,-0.0159280989319086,-0.0028179863002151,-0.0117670856416225,-0.0096270414069294,0.0084677468985319,-0.0060111535713076,0.0001669413468334,-0.0094254789873957,-0.0007985398406162,0.012132978066802,-0.0047802813351154,-0.0049248244613409,0.0047433800064027,-0.0002397851640125,0.0197369903326034,-0.008442391641438,-0.0038980809040367,-0.0106913531199097,-0.0002178507857024,0.0056822090409696,-0.0115448869764804,-0.0042886231094598,-0.0249288361519575,0.0140736727043986,0.003582380246371,-0.0047481516376137,-0.0195812843739986,-0.0026514837518334,-0.0138542931526899,-0.0148257678374648,-0.0065892077982425,-0.0096123637631535,0.0125236241146922,-0.0011137580731883,-0.0085000824183225,-0.0038726043421775,0.0180541761219501,-0.0180193968117237,0.0017037119250744,0.0073684966191649,-0.0129421688616275,-0.0115578928962349,0.0674501881003379,0.0030459561385214,0.0190218575298786,0.0028022907208651,-0.0202947445213794,-0.0063612167723476,-0.0094398409128189,0.0556538291275501,-0.0018317927606403,0.0113151408731937,0.0185731463134288,-0.0246738046407699,-0.0241976156830787,0.0042459586005694,-0.0184591055875588,-0.0060748578813856,-0.0342402222335856,0.0051657943773999,-0.0327806730344655,-0.0004171271135253,0.0177557655371807,0.1127273001828808,0.0752531583961095,0.1165027363449793,0.0848780169747356,2019-02-27,2019-02-28,2019-03-01,2019-03-04,2019-03-05,2019-03-06,2019-03-07,2019-03-08,2019-03-11,2019-03-12,76605.0,2019-02-26,252.0,5.1034%,0.0011,0.3597,0.2518,0.1438,1.6820%,1.7233%,4.7333%,0.054139,AZO,76605.0,2019-02-27,252.0,-2.4674%,0.0009,0.3541,0.254,0.1428,1.6887%,1.7287%,4.5720%,-0.025403,AZO,76605.0,2019-02-28,252.0,2.9651%,0.0015,0.2903,0.2112,0.0895,1.5578%,1.5879%,3.7626%,0.030955,AZO,76605.0,2019-03-01,252.0,-1.0277%,0.0013,0.2987,0.2236,0.109,1.5558%,1.5871%,3.9062%,-0.012712,AZO,76605.0,2019-03-04,252.0,0.3906%,0.0014,0.2962,0.2278,0.1105,1.5559%,1.5868%,3.8645%,0.005839,AZO,76605.0,2019-03-05,252.0,0.7374%,0.0014,0.2959,0.2308,0.1076,1.5563%,1.5873%,3.8609%,0.008759,AZO,76605.0,2019-03-06,252.0,-0.4767%,0.0015,0.3042,0.2259,0.1163,1.5535%,1.5859%,4.0380%,0.000494,AZO,76605.0,2019-03-07,252.0,0.5559%,0.0015,0.2986,0.2125,0.1051,1.5530%,1.5842%,3.9007%,0.008506,AZO,76605.0,2019-03-08,252.0,-0.6188%,0.0015,0.2986,0.2288,0.1042,1.5508%,1.5827%,3.9895%,-0.005548,AZO,76605.0,2019-03-11,252.0,0.5670%,0.0015,0.2984,0.2244,0.1018,1.5505%,1.5826%,4.0114%,0.000849,AZO,76605.0,2019-03-12,252.0,-0.5766%,0.0015,0.2969,0.228,0.1016,1.5512%,1.5829%,3.9565%,-0.005892,AZO,0.028736,0.059691,0.046979,0.0615769999999999,0.059986
16843,ALIBABA GROUP HOLDING LTD,Alibaba Highlights Launch Of 7 New Features By Alibaba Cloud,6,increase,0.7,0.6,"the launch of new features by alibaba cloud is likely to enhance the company's competitive position and attract more customers, which could positively impact its stock price.",2,2019-02-26,BABA,2019-02-26 12:38:00+00:00,14888.0,01609W10,0.0015825008740648,13870985.0,0.0056663863360881,0.0357788950204849,-0.0083974590525031,0.0306419339030981,0.0046440809965133,0.0055649750865995,0.0183271430432796,0.0031144320964813,-0.0120160216465592,0.024255184456706,-0.0044864965602755,-0.0132439183071255,-0.0371938459575176,-0.0060211867094039,-0.0129145523533225,0.0040897820144891,0.0307376161217689,0.007524692453444,0.0012194513110443,0.0005377409979701,0.0003874885733239,0.0023957467637956,-0.0018815514631569,-0.0265858061611652,0.0033821279648691,-0.0018040945287793,0.0047521721571683,0.0307738743722438,0.0017048757290467,-0.0075608994811773,-0.0047216461971402,-0.0030862619169056,0.0012135989964008,0.0100107789039611,-0.028870552778244,0.0633605420589447,0.0142403822392225,-0.01283660531044,-0.0038597215898334,-0.0018215471645817,-0.0058962432667613,0.021493686363101,0.003954114858061,0.0251924078911542,0.026557145640254,-0.0007886632811278,-0.0085502741858363,-0.0310152228921651,0.0046990220434963,0.0067320833913981,-0.0188180804252624,0.0072978874668478,0.015421712771058,0.026245966553688,0.0236372593790292,0.0107858283445239,0.0062044449150562,-0.0135474689304828,0.0036997450515627,-0.0024391529150307,-0.0053421654738485,-0.0015139266615733,-0.0064987740479409,0.0349479205906391,0.0212455838918685,0.0257860720157623,-0.0309141725301742,0.0239714216440916,0.0148030333220958,0.0700612068176269,0.0095274206250905,-0.0446231961250305,-0.0032524692360311,-0.0026994261424988,-0.008344910107553,-0.0145228924229741,0.0103030987083911,0.0046226033009588,-0.0086496621370315,0.0032608474139124,0.0119028743356466,0.0463264882564544,-0.0042048571631312,-0.0008333379519172,-0.0008017205400392,-0.0230182856321334,-0.007328528445214,-0.0148023832589387,0.0201540663838386,-0.0261327065527439,0.0057049379684031,-0.0219474136829376,0.0253164935857057,-0.0336913056671619,-0.0357051417231559,-0.0163717698305845,-0.0361772887408733,-0.0001320414012297,-0.0101416325196623,-0.002173495478928,-0.0030625483486801,0.0026415451429784,-0.0058087203651666,-0.0106494510546326,-0.0448876731097698,-0.017775809392333,0.0284101050347089,-0.0158519297838211,0.0157859176397323,-0.032979167997837,-0.0114301731809973,0.0179037973284721,-0.0341744013130664,0.0293063856661319,-0.0526037216186523,-0.0192042030394077,0.0173046924173831,0.0184071939438581,-0.0281465519219636,0.0028845088090747,0.0056663863360881,0.0357788950204849,-0.0027786559636479,0.0675171634599265,0.0018525207295088,0.0734578698790984,0.0079547063010092,0.1029190903787977,-0.0158547899884982,0.0949450248796011,0.0198867276682106,0.2080558796325475,-0.1346300109230591,0.1746042268590246,2019-02-27,2019-02-28,2019-03-01,2019-03-04,2019-03-05,2019-03-06,2019-03-07,2019-03-08,2019-03-11,2019-03-12,14888.0,2019-02-26,252.0,0.1583%,-0.0006,1.257,0.1591,-0.8566,1.5870%,2.2739%,51.2873%,0.001699,BABA,14888.0,2019-02-27,252.0,0.5666%,-0.0005,1.261,0.1532,-0.8559,1.5863%,2.2740%,51.3395%,0.003105,BABA,14888.0,2019-02-28,252.0,-0.8397%,-0.0005,1.2548,0.1488,-0.8589,1.5844%,2.2664%,51.1305%,-0.0067589999999999,BABA,14888.0,2019-03-01,252.0,0.4644%,-0.0005,1.2538,0.1473,-0.8568,1.5851%,2.2654%,51.0422%,-0.008348,BABA,14888.0,2019-03-04,252.0,1.8327%,-0.0004,1.2463,0.1461,-0.8489,1.5948%,2.2638%,50.3710%,0.0286879999999999,BABA,14888.0,2019-03-05,252.0,-1.2016%,-0.0003,1.2541,0.2,-0.8391,1.5873%,2.2638%,50.8337%,-0.011572,BABA,14888.0,2019-03-06,252.0,-0.4486%,-0.0003,1.2504,0.1812,-0.8459,1.5883%,2.2631%,50.7421%,0.0088139999999999,BABA,14888.0,2019-03-07,252.0,-3.7194%,-0.0005,1.2572,0.1566,-0.8438,1.5896%,2.2666%,50.8154%,-0.029695,BABA,14888.0,2019-03-08,252.0,-1.2915%,-0.0006,1.259,0.1521,-0.8407,1.5910%,2.2673%,50.7630%,-0.011751,BABA,14888.0,2019-03-11,252.0,3.0738%,-0.0005,1.2635,0.1403,-0.8498,1.5883%,2.2747%,51.2476%,0.0069689999999999,BABA,14888.0,2019-03-12,252.0,0.1219%,-0.0005,1.2636,0.1411,-0.8493,1.5883%,2.2719%,51.1243%,-0.002316,BABA,0.004804,-0.0019549999999999,-0.010303,0.0068129999999999,-0.021166
16851,BARRETT BUSINESS SERVICES INC,Barrett Business Services Sees FY19 EPS ~$5.40 vs $5.08 Estimate,6,increase,0.8,0.6,"the reported fy19 eps of ~$5.40 exceeds the $5.08 estimate, which is likely to be viewed positively by investors, potentially driving the stock price up.",2,2019-02-26,BBSI,2019-02-26 21:57:00+00:00,79249.0,06846310,-0.0013404621277004,26971.0,0.0902013555169105,0.0076995771378278,-0.0329968035221099,0.0160581693053245,0.0183346383273601,0.0160368364304304,0.0135033028200268,0.000837369938381,0.0059215812943875,0.0121486168354749,-0.0004905679961666,0.0325263030827045,-0.0071165869012475,0.0146514410153031,-0.0050666835159063,0.0163958519697189,0.0,0.0146521180868148,-0.0028568296693265,0.0339276902377605,-0.0016192981274798,-0.0101530421525239,-0.0032439441420137,-0.0043546874076128,0.0043947575613856,-0.0021725541446357,-0.0090011404827237,-0.0050948620773851,-0.0123627576977014,0.0315336138010025,-0.0100907003507018,0.0022346270270645,0.0,-0.0025473625864833,-0.0387096777558326,0.0142096085473895,0.0204026401042938,0.0017793693114072,0.0088135469704866,-0.0236891973763704,-0.0084757013246417,0.0098883397877216,0.0086795901879668,-0.0064965905621647,0.0082138841971755,0.0156099330633878,0.0160351451486349,0.0548293925821781,-0.0199821777641773,0.0082149505615234,-0.0074025932699441,0.0081090619787573,-0.00693443370983,-0.0005173753015697,0.0217391494661569,-0.0025799400173127,-0.0130238821730017,-0.0212121568620204,-0.0288737788796424,0.0008425114210695,0.023409092798829,0.0160931106656789,0.0026291173417121,0.0018868029583245,0.0024911819491535,0.0192307420074939,-0.0022233608178794,-0.0154904946684837,0.0132389841601252,0.0457162894308567,0.0023285937495529,-0.0323928408324718,-0.0232318397611379,0.0029694002587348,0.0011891693575307,0.0042098173871636,0.0215125381946563,0.0035204531159251,-0.01808787509799,-0.0068181711249053,-0.0276315584778785,0.0606341622769832,0.0259810294955968,-0.0331659838557243,-0.0075178011320531,-0.0127433845773339,-0.0317607894539833,-0.0155079178512096,0.0378808975219726,-0.0110287675634026,0.0040994123555719,0.0065914527513086,0.0384564474225044,-0.0248646382242441,0.0035510307643562,-0.0112059200182557,-0.0361430644989013,-0.0390549711883068,-0.0036711522843688,-0.0158177781850099,0.0030267583206295,-0.0124960243701934,-0.0070847664028406,0.0006251500453799,-0.0136099206283688,-0.0264759827405214,0.0174145400524139,-0.0145449275150895,0.0094799371436238,-0.062684454023838,0.021912096068263,0.0113717569038271,-0.0153648778796196,0.0177950765937566,-0.0061118490993976,-0.0159452613443136,0.0247285012155771,0.0355299413204193,-0.0051072719506919,-0.0241691879928112,0.0902013555169105,0.0076995771378278,0.054228195589381,0.023881387556411,0.0735570882700178,0.0403012058928153,0.0944966528966386,0.0538211264594914,0.0775838726723967,0.1772131862259198,0.0008501047630111,0.2569502973554953,0.052547724506091,0.0732268126443569,2019-02-27,2019-02-28,2019-03-01,2019-03-04,2019-03-05,2019-03-06,2019-03-07,2019-03-08,2019-03-11,2019-03-12,79249.0,2019-02-26,252.0,-0.1340%,0.0005,1.0674,1.0527,0.0734,2.3960%,2.7084%,21.7374%,0.00733,BBSI,79249.0,2019-02-27,252.0,9.0201%,0.0007,1.0618,1.0881,0.0727,2.4552%,2.7625%,21.0110%,0.0872289999999999,BBSI,79249.0,2019-02-28,252.0,-3.2997%,0.0004,1.0986,1.1124,0.1066,2.4361%,2.7584%,22.0071%,-0.029841,BBSI,79249.0,2019-03-01,252.0,1.8335%,0.0003,1.1203,1.1447,0.1369,2.4274%,2.7589%,22.5881%,0.0075349999999999,BBSI,79249.0,2019-03-04,252.0,1.3503%,0.0004,1.124,1.1116,0.1406,2.4301%,2.7591%,22.4280%,0.023284,BBSI,79249.0,2019-03-05,252.0,0.5922%,0.0005,1.1256,1.1315,0.1377,2.4292%,2.7592%,22.4900%,0.011526,BBSI,79249.0,2019-03-06,252.0,-0.0491%,0.0006,1.1182,1.0834,0.1227,2.4331%,2.7591%,22.2311%,0.023077,BBSI,79249.0,2019-03-07,252.0,-0.7117%,0.0004,1.1055,1.0261,0.0896,2.4150%,2.7349%,22.0239%,0.003126,BBSI,79249.0,2019-03-08,252.0,-0.5067%,0.0004,1.1059,1.0286,0.09,2.4151%,2.7349%,22.0192%,-0.003085,BBSI,79249.0,2019-03-11,252.0,0.0000%,0.0002,1.0943,1.05,0.1082,2.4094%,2.7276%,21.9678%,-0.019802,BBSI,79249.0,2019-03-12,252.0,-0.2857%,-0.0,1.0627,1.058,0.0753,2.3981%,2.7071%,21.5233%,-0.002656,BBSI,0.0945589999999999,0.0647179999999999,0.0722529999999999,0.1070629999999999,0.1077229999999999
16859,BARRETT BUSINESS SERVICES INC,"Barrett Business Services Q4 EPS $2.21 Beats $1.57 Estimate, Sales $237.833M Miss $261.58M Estimate",6,uncertain,0.7,0.3,"while the earnings per share (eps) beat estimates, the significant miss in sales could lead to mixed investor reactions, making the overall impact on the stock price uncertain.",1,2019-02-26,BBSI,2019-02-26 21:56:00+00:00,79249.0,06846310,-0.0013404621277004,26971.0,0.0902013555169105,0.0076995771378278,-0.0329968035221099,0.0160581693053245,0.0183346383273601,0.0160368364304304,0.0135033028200268,0.000837369938381,0.0059215812943875,0.0121486168354749,-0.0004905679961666,0.0325263030827045,-0.0071165869012475,0.0146514410153031,-0.0050666835159063,0.0163958519697189,0.0,0.0146521180868148,-0.0028568296693265,0.0339276902377605,-0.0016192981274798,-0.0101530421525239,-0.0032439441420137,-0.0043546874076128,0.0043947575613856,-0.0021725541446357,-0.0090011404827237,-0.0050948620773851,-0.0123627576977014,0.0315336138010025,-0.0100907003507018,0.0022346270270645,0.0,-0.0025473625864833,-0.0387096777558326,0.0142096085473895,0.0204026401042938,0.0017793693114072,0.0088135469704866,-0.0236891973763704,-0.0084757013246417,0.0098883397877216,0.0086795901879668,-0.0064965905621647,0.0082138841971755,0.0156099330633878,0.0160351451486349,0.0548293925821781,-0.0199821777641773,0.0082149505615234,-0.0074025932699441,0.0081090619787573,-0.00693443370983,-0.0005173753015697,0.0217391494661569,-0.0025799400173127,-0.0130238821730017,-0.0212121568620204,-0.0288737788796424,0.0008425114210695,0.023409092798829,0.0160931106656789,0.0026291173417121,0.0018868029583245,0.0024911819491535,0.0192307420074939,-0.0022233608178794,-0.0154904946684837,0.0132389841601252,0.0457162894308567,0.0023285937495529,-0.0323928408324718,-0.0232318397611379,0.0029694002587348,0.0011891693575307,0.0042098173871636,0.0215125381946563,0.0035204531159251,-0.01808787509799,-0.0068181711249053,-0.0276315584778785,0.0606341622769832,0.0259810294955968,-0.0331659838557243,-0.0075178011320531,-0.0127433845773339,-0.0317607894539833,-0.0155079178512096,0.0378808975219726,-0.0110287675634026,0.0040994123555719,0.0065914527513086,0.0384564474225044,-0.0248646382242441,0.0035510307643562,-0.0112059200182557,-0.0361430644989013,-0.0390549711883068,-0.0036711522843688,-0.0158177781850099,0.0030267583206295,-0.0124960243701934,-0.0070847664028406,0.0006251500453799,-0.0136099206283688,-0.0264759827405214,0.0174145400524139,-0.0145449275150895,0.0094799371436238,-0.062684454023838,0.021912096068263,0.0113717569038271,-0.0153648778796196,0.0177950765937566,-0.0061118490993976,-0.0159452613443136,0.0247285012155771,0.0355299413204193,-0.0051072719506919,-0.0241691879928112,0.0902013555169105,0.0076995771378278,0.054228195589381,0.023881387556411,0.0735570882700178,0.0403012058928153,0.0944966528966386,0.0538211264594914,0.0775838726723967,0.1772131862259198,0.0008501047630111,0.2569502973554953,0.052547724506091,0.0732268126443569,2019-02-27,2019-02-28,2019-03-01,2019-03-04,2019-03-05,2019-03-06,2019-03-07,2019-03-08,2019-03-11,2019-03-12,79249.0,2019-02-26,252.0,-0.1340%,0.0005,1.0674,1.0527,0.0734,2.3960%,2.7084%,21.7374%,0.00733,BBSI,79249.0,2019-02-27,252.0,9.0201%,0.0007,1.0618,1.0881,0.0727,2.4552%,2.7625%,21.0110%,0.0872289999999999,BBSI,79249.0,2019-02-28,252.0,-3.2997%,0.0004,1.0986,1.1124,0.1066,2.4361%,2.7584%,22.0071%,-0.029841,BBSI,79249.0,2019-03-01,252.0,1.8335%,0.0003,1.1203,1.1447,0.1369,2.4274%,2.7589%,22.5881%,0.0075349999999999,BBSI,79249.0,2019-03-04,252.0,1.3503%,0.0004,1.124,1.1116,0.1406,2.4301%,2.7591%,22.4280%,0.023284,BBSI,79249.0,2019-03-05,252.0,0.5922%,0.0005,1.1256,1.1315,0.1377,2.4292%,2.7592%,22.4900%,0.011526,BBSI,79249.0,2019-03-06,252.0,-0.0491%,0.0006,1.1182,1.0834,0.1227,2.4331%,2.7591%,22.2311%,0.023077,BBSI,79249.0,2019-03-07,252.0,-0.7117%,0.0004,1.1055,1.0261,0.0896,2.4150%,2.7349%,22.0239%,0.003126,BBSI,79249.0,2019-03-08,252.0,-0.5067%,0.0004,1.1059,1.0286,0.09,2.4151%,2.7349%,22.0192%,-0.003085,BBSI,79249.0,2019-03-11,252.0,0.0000%,0.0002,1.0943,1.05,0.1082,2.4094%,2.7276%,21.9678%,-0.019802,BBSI,79249.0,2019-03-12,252.0,-0.2857%,-0.0,1.0627,1.058,0.0753,2.3981%,2.7071%,21.5233%,-0.002656,BBSI,0.0945589999999999,0.0647179999999999,0.0722529999999999,0.1070629999999999,0.1077229999999999
16867,SAUL CENTERS INC,"Saul Centers Q4 EPS $0.41, FFO $0.80 vs $0.76 In Same Qtr. Last Year",6,increase,0.7,0.5,"the increase in ffo from $0.76 to $0.80 suggests improved financial performance, which is likely to positively influence investor sentiment and increase the stock price.",2,2019-02-26,BFS,2019-02-26 22:45:00+00:00,79558.0,80439510,0.005471256095916,16297.0,-0.0108829690143466,-0.0249526891857385,0.0056787878274917,0.0085040209814906,0.0077642924152314,0.0006946352659724,0.0,0.0057642241008579,-0.0190859772264957,-0.0012212089495733,-0.0257050804793834,0.0082673924043774,-0.0166728403419256,-0.004726898856461,-0.0122973704710602,0.0015781194670125,-0.0262214578688144,-0.0074834721162915,-0.0246028769761323,0.0034928531385958,-0.0023832956794649,0.0028020988684147,-0.017320305109024,0.036673866212368,0.0076985629275441,-0.0107758343219757,0.0180940423160791,0.0125477109104394,-0.0059241554699838,0.0438496842980384,-0.0039729988202452,-0.0052869860082864,0.0239330027252435,-0.0104634035378694,-0.0218153279274702,0.0035626967437565,-0.016925573348999,0.0111869573593139,0.0074944854713976,-0.0011363173834979,0.0112584950402379,0.0196987353265285,0.0298210736364126,-0.0009647511178627,-0.0083011640235781,0.0162745453417301,0.0140159865841269,-0.0073958947323262,0.016509898006916,-0.0233795773237943,-0.0011331704445183,0.0356299504637718,0.0086972787976264,0.0180484149605035,0.0129335047677159,-0.0021769367158412,-0.0135085033252835,-0.0113481087610125,-0.0061902422457933,0.0011753452708944,0.0205738041549921,-0.0025400754529982,-0.006288147997111,0.0072820098139345,0.0009305646526627,0.0329335816204547,-0.0046485462225973,0.0209630206227302,-0.0039622467011213,0.0345716252923011,-0.0013260028790682,0.0148180499672889,0.0026555270887911,-0.0281660687178373,-0.0111615620553493,-0.0025348316412419,0.0133920172229409,-0.0033684177324175,0.0120822992175817,-0.0149315884336829,-0.0009326475556008,0.054911445826292,0.0059746019542217,-0.0425220467150211,-0.0024127888027578,-0.0160758197307586,-0.0074418890289962,-0.0140215130522847,0.0069353845901787,-0.0409277379512786,-0.0050260694697499,0.0259948633611202,0.042282473295927,-0.05801472812891,0.0095135988667607,0.0049214144237339,-0.0222261734306812,0.0039909332990646,-0.0145481545478105,-0.000759607180953,-0.0012917456915602,0.004195294342935,0.0007391152321361,-0.0100057125091552,-0.0029542068950831,-0.0011313890572637,0.0174073819071054,0.0114438002929091,0.0027302789967507,-0.02310411632061,-0.0099836494773626,0.0193731542676687,-0.0034837264101952,0.0166055336594581,0.0007359874434769,0.0066083604469895,0.0141570223495364,0.0112028243020176,-0.0101523092016577,-0.0074131344445049,-0.0108829690143466,-0.0249526891857385,-0.0052659832588204,-0.0166608663966281,0.0024574225225357,-0.0159778043560163,-0.0166754570142609,-0.011514303461154,-0.1162015570974215,-0.0104784925895224,-0.0700368924325127,0.1214718620317782,-0.0320169059501186,0.1168774788123894,2019-02-27,2019-02-28,2019-03-01,2019-03-04,2019-03-05,2019-03-06,2019-03-07,2019-03-08,2019-03-11,2019-03-12,79558.0,2019-02-26,252.0,0.5471%,0.0007,0.5888,0.8641,0.1913,1.6448%,1.8036%,16.8334%,0.012592,BFS,79558.0,2019-02-27,252.0,-1.0883%,0.0005,0.5801,0.8754,0.1898,1.6427%,1.8003%,16.7443%,-0.0129249999999999,BFS,79558.0,2019-02-28,252.0,0.5679%,0.0007,0.5603,0.862,0.1737,1.6289%,1.7798%,16.2394%,0.007677,BFS,79558.0,2019-03-01,252.0,0.7764%,0.0007,0.5629,0.866,0.1773,1.6287%,1.7799%,16.2614%,0.001835,BFS,79558.0,2019-03-04,252.0,0.0000%,0.0007,0.5663,0.8504,0.1774,1.6281%,1.7787%,16.2139%,0.00561,BFS,79558.0,2019-03-05,252.0,-1.9086%,0.0006,0.5714,0.8801,0.1869,1.6296%,1.7831%,16.4771%,-0.015151,BFS,79558.0,2019-03-06,252.0,-2.5705%,0.0006,0.5724,0.9049,0.1914,1.6304%,1.7900%,17.0279%,-0.009981,BFS,79558.0,2019-03-07,252.0,-1.6673%,0.0006,0.5785,0.9124,0.2016,1.6319%,1.7930%,17.1662%,-0.010804,BFS,79558.0,2019-03-08,252.0,-1.2297%,0.0005,0.5802,0.9108,0.2044,1.6335%,1.7942%,17.1033%,-0.011228,BFS,79558.0,2019-03-11,252.0,-2.6221%,0.0003,0.5605,0.901,0.2089,1.6498%,1.8018%,16.1558%,-0.037172,BFS,79558.0,2019-03-12,252.0,-2.4603%,0.0003,0.5702,0.9096,0.2236,1.6543%,1.8083%,16.3042%,-0.0234039999999999,BFS,-0.0003329999999999,0.007344,0.009179,-0.0003619999999999,-0.0929509999999999
16875,BIG 5 SPORTING GOODS CORP,"Big 5 Sporting Goods Sees FY19 EPS $0.04-$0.10 vs $0.05 Est.,",6,uncertain,0.6,0.3,"the earnings per share (eps) guidance is slightly below the estimate, which could lead to mixed reactions from investors, making the stock price movement uncertain.",1,2019-02-26,BGFV,2019-02-26 22:12:00+00:00,89413.0,08915P10,0.1037736013531685,1156272.0,-0.1730769127607346,0.0761420577764511,0.0413437560200691,0.0128534575924277,0.0099255479872226,0.0,-0.0589681155979633,-0.0176767501980066,0.0078328913077712,0.0076335803605616,-0.0025906711816787,-0.0075757503509521,-0.010389587841928,0.0076335803605616,-0.0265957191586494,-0.0125628020614385,0.0136611890047788,0.0613333396613597,-0.0458221212029457,-0.0026595718227326,0.0480226203799247,0.0053475885652005,0.0053908303380012,-0.0079575525596737,-0.0080428877845406,0.0107238506898284,0.0189188998192548,0.0361111424863338,0.0,0.0285714007914066,-0.0053050345741212,0.0174418427050113,-0.0773333236575126,0.0147492475807666,-0.0664739906787872,0.0029585768934339,0.0030959723517298,-0.0424928776919841,0.0339505858719348,-0.0056337974965572,-0.0417910069227218,0.0171919614076614,0.0186915714293718,-0.0359115675091743,-0.0275229103863239,0.0773809552192688,-0.0094339530915021,-0.104000024497509,-0.0476190783083438,0.027397233992815,0.0099999904632568,0.0281690545380115,0.0462046563625335,-0.0583554469048976,0.003154570935294,0.1424242556095123,-0.0534591414034366,-0.0030211452394723,0.0033222560305148,0.0816993489861488,-0.019867530092597,-0.0783132538199424,0.0135135008022189,0.0744336619973182,-0.0333333015441894,-0.0096153756603598,-0.1103448867797852,0.01960782520473,0.0348837822675705,0.0662021115422248,0.0037453146651387,-0.0496689043939113,-0.0149253588169813,0.1660231947898865,-0.0606060922145843,0.0117187388241291,0.024193525314331,0.0534978881478309,0.0314960330724716,-0.0544746592640876,-0.0305343233048915,0.0239043589681386,0.0314960330724716,0.0818965807557106,0.0,-0.1773049682378769,0.0038168814498931,0.0180505253374576,-0.0950570330023765,-0.0977198556065559,0.0042016762308776,0.0233333110809326,0.0,0.0489510856568813,-0.0167364850640296,-0.010380694642663,-0.0297872070223093,-0.0707394853234291,0.0263157654553651,-0.0158228445798158,0.0042735002934932,0.0063694203272461,0.0085106305778026,-0.0484848022460937,-0.042194053530693,-0.0265487171709537,0.2202643156051636,0.0241692345589399,-0.0036101047880947,-0.0831024795770645,-0.0760869681835174,-0.0216802600771188,-0.023529389873147,0.0250000432133674,0.0682731196284294,-0.0027322897221893,-0.007518789730966,0.0,-0.0227273404598236,0.0138504691421985,-0.1730769127607345,0.0761420577764511,-0.138888806394552,0.0899742040795086,-0.1303418059200866,0.0899742040795086,-0.1752136598840323,0.0788803302967919,-0.23353106796787,0.1276595174944357,-0.3461197211034624,0.3856208787632653,-0.4413870648309705,0.1908279243240973,2019-02-27,2019-02-28,2019-03-01,2019-03-04,2019-03-05,2019-03-06,2019-03-07,2019-03-08,2019-03-11,2019-03-12,89413.0,2019-02-26,252.0,10.3774%,-0.0001,1.0874,1.9816,0.8399,3.9294%,4.1757%,11.4462%,0.122033,BGFV,89413.0,2019-02-27,252.0,-17.3077%,-0.0007,1.0876,1.9294,0.8394,4.0839%,4.3155%,10.4450%,-0.176913,BGFV,89413.0,2019-02-28,252.0,4.1344%,-0.0004,1.0575,1.9104,0.8065,4.0874%,4.3095%,10.0423%,0.0463279999999999,BGFV,89413.0,2019-03-01,252.0,0.9926%,-0.0006,1.0919,1.9615,0.8596,4.0717%,4.3047%,10.5304%,-9.3e-05,BGFV,89413.0,2019-03-04,252.0,-5.8968%,-0.0008,1.0988,1.9821,0.848,4.0830%,4.3201%,10.6763%,-0.048886,BGFV,89413.0,2019-03-05,252.0,0.7833%,-0.0008,1.0943,1.9592,0.8379,4.0845%,4.3154%,10.4177%,0.01779,BGFV,89413.0,2019-03-06,252.0,-0.2591%,-0.0009,1.0506,1.9205,0.7832,4.0731%,4.2969%,10.1466%,0.0308619999999999,BGFV,89413.0,2019-03-07,252.0,-1.0390%,-0.0008,1.0552,1.9491,0.7975,4.0702%,4.2971%,10.2834%,0.002064,BGFV,89413.0,2019-03-08,252.0,-2.6596%,-0.0006,1.0546,2.0109,0.7933,4.0573%,4.2914%,10.6120%,-0.0239829999999999,BGFV,89413.0,2019-03-11,252.0,1.3661%,-0.0005,1.0532,1.9814,0.7771,4.0531%,4.2857%,10.5609%,-0.0052559999999999,BGFV,89413.0,2019-03-12,252.0,-4.5822%,-0.0007,1.048,2.0013,0.7793,4.0616%,4.2937%,10.5184%,-0.042376,BGFV,-0.0548799999999999,-0.0085519999999999,-0.0086449999999999,-0.039741,-0.07843
16883,BIG 5 SPORTING GOODS CORP,"Big 5 Sporting Goods Q4 EPS $(0.16), Inline, Sales $247.101M Beat $247.1M Estimate",6,uncertain,0.6,0.3,"while the sales beat expectations, the negative eps indicates underlying challenges, leading to uncertainty about the stock's immediate reaction.",1,2019-02-26,BGFV,2019-02-26 22:10:00+00:00,89413.0,08915P10,0.1037736013531685,1156272.0,-0.1730769127607346,0.0761420577764511,0.0413437560200691,0.0128534575924277,0.0099255479872226,0.0,-0.0589681155979633,-0.0176767501980066,0.0078328913077712,0.0076335803605616,-0.0025906711816787,-0.0075757503509521,-0.010389587841928,0.0076335803605616,-0.0265957191586494,-0.0125628020614385,0.0136611890047788,0.0613333396613597,-0.0458221212029457,-0.0026595718227326,0.0480226203799247,0.0053475885652005,0.0053908303380012,-0.0079575525596737,-0.0080428877845406,0.0107238506898284,0.0189188998192548,0.0361111424863338,0.0,0.0285714007914066,-0.0053050345741212,0.0174418427050113,-0.0773333236575126,0.0147492475807666,-0.0664739906787872,0.0029585768934339,0.0030959723517298,-0.0424928776919841,0.0339505858719348,-0.0056337974965572,-0.0417910069227218,0.0171919614076614,0.0186915714293718,-0.0359115675091743,-0.0275229103863239,0.0773809552192688,-0.0094339530915021,-0.104000024497509,-0.0476190783083438,0.027397233992815,0.0099999904632568,0.0281690545380115,0.0462046563625335,-0.0583554469048976,0.003154570935294,0.1424242556095123,-0.0534591414034366,-0.0030211452394723,0.0033222560305148,0.0816993489861488,-0.019867530092597,-0.0783132538199424,0.0135135008022189,0.0744336619973182,-0.0333333015441894,-0.0096153756603598,-0.1103448867797852,0.01960782520473,0.0348837822675705,0.0662021115422248,0.0037453146651387,-0.0496689043939113,-0.0149253588169813,0.1660231947898865,-0.0606060922145843,0.0117187388241291,0.024193525314331,0.0534978881478309,0.0314960330724716,-0.0544746592640876,-0.0305343233048915,0.0239043589681386,0.0314960330724716,0.0818965807557106,0.0,-0.1773049682378769,0.0038168814498931,0.0180505253374576,-0.0950570330023765,-0.0977198556065559,0.0042016762308776,0.0233333110809326,0.0,0.0489510856568813,-0.0167364850640296,-0.010380694642663,-0.0297872070223093,-0.0707394853234291,0.0263157654553651,-0.0158228445798158,0.0042735002934932,0.0063694203272461,0.0085106305778026,-0.0484848022460937,-0.042194053530693,-0.0265487171709537,0.2202643156051636,0.0241692345589399,-0.0036101047880947,-0.0831024795770645,-0.0760869681835174,-0.0216802600771188,-0.023529389873147,0.0250000432133674,0.0682731196284294,-0.0027322897221893,-0.007518789730966,0.0,-0.0227273404598236,0.0138504691421985,-0.1730769127607345,0.0761420577764511,-0.138888806394552,0.0899742040795086,-0.1303418059200866,0.0899742040795086,-0.1752136598840323,0.0788803302967919,-0.23353106796787,0.1276595174944357,-0.3461197211034624,0.3856208787632653,-0.4413870648309705,0.1908279243240973,2019-02-27,2019-02-28,2019-03-01,2019-03-04,2019-03-05,2019-03-06,2019-03-07,2019-03-08,2019-03-11,2019-03-12,89413.0,2019-02-26,252.0,10.3774%,-0.0001,1.0874,1.9816,0.8399,3.9294%,4.1757%,11.4462%,0.122033,BGFV,89413.0,2019-02-27,252.0,-17.3077%,-0.0007,1.0876,1.9294,0.8394,4.0839%,4.3155%,10.4450%,-0.176913,BGFV,89413.0,2019-02-28,252.0,4.1344%,-0.0004,1.0575,1.9104,0.8065,4.0874%,4.3095%,10.0423%,0.0463279999999999,BGFV,89413.0,2019-03-01,252.0,0.9926%,-0.0006,1.0919,1.9615,0.8596,4.0717%,4.3047%,10.5304%,-9.3e-05,BGFV,89413.0,2019-03-04,252.0,-5.8968%,-0.0008,1.0988,1.9821,0.848,4.0830%,4.3201%,10.6763%,-0.048886,BGFV,89413.0,2019-03-05,252.0,0.7833%,-0.0008,1.0943,1.9592,0.8379,4.0845%,4.3154%,10.4177%,0.01779,BGFV,89413.0,2019-03-06,252.0,-0.2591%,-0.0009,1.0506,1.9205,0.7832,4.0731%,4.2969%,10.1466%,0.0308619999999999,BGFV,89413.0,2019-03-07,252.0,-1.0390%,-0.0008,1.0552,1.9491,0.7975,4.0702%,4.2971%,10.2834%,0.002064,BGFV,89413.0,2019-03-08,252.0,-2.6596%,-0.0006,1.0546,2.0109,0.7933,4.0573%,4.2914%,10.6120%,-0.0239829999999999,BGFV,89413.0,2019-03-11,252.0,1.3661%,-0.0005,1.0532,1.9814,0.7771,4.0531%,4.2857%,10.5609%,-0.0052559999999999,BGFV,89413.0,2019-03-12,252.0,-4.5822%,-0.0007,1.048,2.0013,0.7793,4.0616%,4.2937%,10.5184%,-0.042376,BGFV,-0.0548799999999999,-0.0085519999999999,-0.0086449999999999,-0.039741,-0.07843
16891,BLUEBIRD BIO INC,Cowen & Co. Initiates Coverage On bluebird bio with Outperform Rating,6,increase,0.75,0.6,"initiating coverage with an outperform rating typically signals positive sentiment and can attract investor interest, likely leading to an increase in stock price.",2,2019-02-26,BLUE,2019-02-26 12:36:00+00:00,13947.0,09609G10,0.0180774554610252,1180299.0,0.0532041043043136,0.1415625661611557,-0.0343411974608898,0.032065462321043,0.0092771705240011,-0.0464628636837005,-0.0244478601962328,-0.0160017553716898,-0.0131518319249153,-0.0103626810014247,-0.0419043041765689,0.0204036459326744,-0.0318339504301548,-0.0098068267107009,-0.0076482640579342,0.0026615452952682,0.0589209273457527,0.0094029437750577,-0.0055098128505051,0.0248565971851348,0.0419288985431194,-0.0096947569400072,-0.0049891322851181,-0.0289769973605871,0.0426864512264728,0.0074836579151451,-0.0118324169889092,-0.008740265853703,-0.0004481787036638,0.0112901208922267,-0.016143525019288,0.0089935716241598,0.0169292278587818,0.0251228399574756,-0.0610833242535591,0.0541832223534584,-0.0028641447424888,-0.0221746694296598,0.0450690500438213,-0.0271957349032163,-0.034421794116497,0.0570893548429012,0.0370721854269504,0.0255574826151132,0.0281662363559007,-0.0428490936756134,0.005402598530054,-0.0374731458723545,0.011505926027894,0.0273518320173025,0.0153124807402491,0.0367153212428093,-0.0316404998302459,0.0111037148162722,0.0279703084379434,0.0427719429135322,-0.0096469772979617,0.003903578966856,-0.0265376213937997,-0.013773638755083,0.0064143682830035,0.0603229478001594,-0.018610568717122,-0.0301750712096691,0.0065593570470809,0.0002639808226376,-0.010774876922369,0.0667417719960212,0.0045655942521989,0.0665799155831337,-0.0949876904487609,0.0038190679624676,-0.0167157035320997,0.0030242244247347,-0.0112359058111906,0.0212064813822507,0.0263429153710603,-0.0033856758382171,-0.0213530901819467,-0.0145587138831615,0.0204231478273868,0.0839452445507049,0.0295176841318607,-0.0091214720159769,-0.0139860138297081,-0.0327696949243545,0.0058865379542112,-0.0585384964942932,-0.0155820818617939,-0.0222372915595769,0.0169030278921127,-0.0109017826616764,0.0094380313530564,0.0114130992442369,0.0278397295624017,0.0145225757732987,-0.0698526501655578,-0.0540239438414573,-0.0330608561635017,0.0277619119733572,0.0077741621062159,0.026138013228774,-0.0023217312991619,-0.0007825670181773,-0.0655356422066688,-0.0608175955712795,0.0176734961569309,-0.0422349572181701,-0.0146037135273218,-0.0244635064154863,0.0478250496089458,-0.0519977174699306,-0.018807390704751,-0.0179798621684312,-0.0534517168998718,0.0279283858835697,0.031116222962737,-0.0074195163324475,-0.0019958484917879,-0.043590173125267,0.0532041043043136,0.1415625661611557,0.0170358141917796,0.1781672976135093,0.026471028869053,0.123426271067899,-0.0117939202997567,0.0939940583891798,-0.0420652519092397,0.1465392317269052,0.0214912789315999,0.282487855482942,-0.180906787795256,0.1689800327958539,2019-02-27,2019-02-28,2019-03-01,2019-03-04,2019-03-05,2019-03-06,2019-03-07,2019-03-08,2019-03-11,2019-03-12,13947.0,2019-02-26,252.0,1.8077%,-0.0014,1.3051,1.0358,-0.9826,2.8084%,3.3797%,30.9527%,0.023698,BLUE,13947.0,2019-02-27,252.0,5.3204%,-0.0011,1.3207,1.0229,-0.9799,2.8185%,3.3935%,31.0139%,0.048782,BLUE,13947.0,2019-02-28,252.0,-3.4341%,-0.0013,1.3433,1.0373,-0.9561,2.8193%,3.3996%,31.2262%,-0.033001,BLUE,13947.0,2019-03-01,252.0,0.9277%,-0.0014,1.3463,1.0418,-0.9486,2.8192%,3.3996%,31.2294%,-0.007317,BLUE,13947.0,2019-03-04,252.0,-2.4448%,-0.0015,1.3555,1.0186,-0.9527,2.8175%,3.4022%,31.4199%,-0.00967,BLUE,13947.0,2019-03-05,252.0,-1.3152%,-0.0015,1.3592,1.0419,-0.9469,2.8172%,3.4018%,31.4139%,-0.0100659999999999,BLUE,13947.0,2019-03-06,252.0,-4.1904%,-0.0017,1.3448,1.0918,-0.9564,2.8080%,3.3990%,31.7516%,-0.017071,BLUE,13947.0,2019-03-07,252.0,-3.1834%,-0.0018,1.3526,1.0878,-0.9471,2.8108%,3.4024%,31.7545%,-0.023289,BLUE,13947.0,2019-03-08,252.0,-0.7648%,-0.0019,1.3544,1.0699,-0.9433,2.8091%,3.3978%,31.6488%,-0.006916,BLUE,13947.0,2019-03-11,252.0,5.8921%,-0.0018,1.3708,1.0849,-0.9432,2.8162%,3.4188%,32.1486%,0.029893,BLUE,13947.0,2019-03-12,252.0,-0.5510%,-0.0019,1.3615,1.0891,-0.9521,2.8156%,3.4144%,32.0033%,-0.006744,BLUE,0.07248,0.039479,0.0321619999999999,0.012426,-0.011701
16899,BANK MONTREAL QUE,BMO Financial Reports 15M Share Buyback,6,increase,0.8,0.6,"a share buyback typically signals that a company believes its stock is undervalued, which can lead to an increase in stock price due to reduced supply and increased investor confidence.",2,2019-02-26,BMO,2019-02-26 11:19:00+00:00,81284.0,06367110,0.024312499910593,732518.0,0.0151750734075903,0.0018634286243468,-0.0042161010205745,0.0085917497053742,-0.004618945531547,-0.0091780051589012,0.0014178990386426,0.0111634414643049,-0.0002574883692432,0.0031030182726681,-0.0039912136271595,0.010497672483325,-0.0059462133795022,-0.0074425311759114,-0.0029909408185631,-0.0001353285915683,0.0014347282703965,0.014132909476757,-0.0056004207581281,-0.0024637326132506,0.0062868809327483,-0.0010938177583739,0.0026031099259853,-0.0069246725179255,0.0077891531400382,-0.0054017761722207,0.0042509576305747,0.004067838191986,-0.0017957849195227,0.0055904509499669,-0.0065536126494407,0.0020493769552558,-0.0102186128497123,-0.0038205699529498,-0.0196027196943759,0.0151805328205227,0.0038656482938677,0.0024677857290953,0.0023901250679045,-0.0073489504866302,-0.0030467046890407,0.0129584008827805,-0.0046505243517458,0.0023490141611546,-0.0012014945968985,0.0,0.0185779128223657,-0.007950572296977,0.0040676756761968,0.0116488188505172,0.0006534638232551,0.007967566139996,0.0001306273479713,0.013314482755959,-0.0022198767401278,0.0111715663224458,0.0047113331966102,-0.0014301841147243,-0.0040380042046308,0.0012887918855994,0.0014386686962097,0.0057612201198935,0.0011754469014704,0.015949722379446,0.0103051559999585,0.0116949407383799,-0.0009038050193339,0.0040131430141627,0.0055569955147802,0.0220263842493295,0.0123377339914441,-0.0016681924462318,0.0008886593859642,0.0090283695608377,0.0016489712288603,0.0043030395172536,-0.0036722922232002,-0.0015344249550253,-0.0073716551996767,-0.0015320741804316,0.0002561366418376,0.02771214582026,0.0058883647434413,-0.0093589499592781,0.0071264640428125,-0.0234577432274818,0.0072402306832373,-0.0056042885407805,-0.0044320435263216,-0.007516536861658,-0.0016535853501409,0.0025621426757425,0.0075169317424297,-0.0117664719000458,0.0003793472133111,-0.0065108379349112,-0.0094804698601365,-0.0088002122938632,-0.002041904721409,0.0005870401510037,-0.0069052851758897,-0.0088727362453937,-0.0001287939230678,-0.0144782410934567,-0.017256973311305,-0.0066923135891556,0.0055039417929947,-0.0224108174443244,0.0045614293776452,-0.0405983030796051,0.0018162868218496,0.0051006344147026,-0.005438981577754,-0.0034778241533786,0.0039061901625245,-0.005586567800492,0.0115434424951672,0.01938983425498,-0.0069239763543009,0.0032648327760398,0.0151750734075903,0.0018634286243468,0.0108949927445347,0.0104711884420554,0.0062257238349341,0.0011970786616131,0.0073929915352199,0.0155152983032027,-0.0097276270082879,0.0302490992347934,-0.0083009010652279,0.0890432593562784,0.0139907577577806,0.0345244259713086,2019-02-27,2019-02-28,2019-03-01,2019-03-04,2019-03-05,2019-03-06,2019-03-07,2019-03-08,2019-03-11,2019-03-12,81284.0,2019-02-26,252.0,2.4312%,0.0001,0.6552,0.1592,0.3889,0.6126%,0.8809%,51.6411%,0.02785,BMO,81284.0,2019-02-27,252.0,1.5175%,0.0002,0.6578,0.1588,0.3894,0.6185%,0.8859%,51.2644%,0.01465,BMO,81284.0,2019-02-28,252.0,-0.4216%,0.0003,0.6509,0.154,0.3847,0.6127%,0.8757%,51.0470%,-0.001335,BMO,81284.0,2019-03-01,252.0,-0.4619%,0.0002,0.6475,0.1488,0.3833,0.6148%,0.8732%,50.4173%,-0.008303,BMO,81284.0,2019-03-04,252.0,0.1418%,0.0003,0.6447,0.155,0.3848,0.6144%,0.8703%,50.1569%,0.003795,BMO,81284.0,2019-03-05,252.0,-0.0257%,0.0003,0.6463,0.1685,0.3852,0.6122%,0.8699%,50.4751%,0.002152,BMO,81284.0,2019-03-06,252.0,-0.3991%,0.0004,0.6526,0.1558,0.3907,0.6059%,0.8692%,51.4164%,0.003316,BMO,81284.0,2019-03-07,252.0,-0.5946%,0.0004,0.6512,0.1497,0.3871,0.6051%,0.8683%,51.4420%,0.000713,BMO,81284.0,2019-03-08,252.0,-0.2991%,0.0004,0.6512,0.1534,0.3868,0.6047%,0.8683%,51.4898%,-0.001065,BMO,81284.0,2019-03-11,252.0,0.1435%,0.0003,0.6471,0.1585,0.3918,0.6038%,0.8663%,51.4206%,-0.006898,BMO,81284.0,2019-03-12,252.0,-0.5600%,0.0003,0.6468,0.1617,0.3927,0.6053%,0.8640%,50.9117%,-0.006551,BMO,0.0425,0.041165,0.032862,0.038809,0.028324
16907,BANK MONTREAL QUE,"Bank of Montreal Q1 EPS C$2.32 vs $2.12 In Same Qtr. Last Year, Sales C$6.517B vs C$5.638B Year Over Year",6,increase,0.8,0.7,"the increase in eps and sales year-over-year indicates strong financial performance, which is likely to positively influence investor sentiment and drive the stock price up.",2,2019-02-26,BMO,2019-02-26 11:05:00+00:00,81284.0,06367110,0.024312499910593,732518.0,0.0151750734075903,0.0018634286243468,-0.0042161010205745,0.0085917497053742,-0.004618945531547,-0.0091780051589012,0.0014178990386426,0.0111634414643049,-0.0002574883692432,0.0031030182726681,-0.0039912136271595,0.010497672483325,-0.0059462133795022,-0.0074425311759114,-0.0029909408185631,-0.0001353285915683,0.0014347282703965,0.014132909476757,-0.0056004207581281,-0.0024637326132506,0.0062868809327483,-0.0010938177583739,0.0026031099259853,-0.0069246725179255,0.0077891531400382,-0.0054017761722207,0.0042509576305747,0.004067838191986,-0.0017957849195227,0.0055904509499669,-0.0065536126494407,0.0020493769552558,-0.0102186128497123,-0.0038205699529498,-0.0196027196943759,0.0151805328205227,0.0038656482938677,0.0024677857290953,0.0023901250679045,-0.0073489504866302,-0.0030467046890407,0.0129584008827805,-0.0046505243517458,0.0023490141611546,-0.0012014945968985,0.0,0.0185779128223657,-0.007950572296977,0.0040676756761968,0.0116488188505172,0.0006534638232551,0.007967566139996,0.0001306273479713,0.013314482755959,-0.0022198767401278,0.0111715663224458,0.0047113331966102,-0.0014301841147243,-0.0040380042046308,0.0012887918855994,0.0014386686962097,0.0057612201198935,0.0011754469014704,0.015949722379446,0.0103051559999585,0.0116949407383799,-0.0009038050193339,0.0040131430141627,0.0055569955147802,0.0220263842493295,0.0123377339914441,-0.0016681924462318,0.0008886593859642,0.0090283695608377,0.0016489712288603,0.0043030395172536,-0.0036722922232002,-0.0015344249550253,-0.0073716551996767,-0.0015320741804316,0.0002561366418376,0.02771214582026,0.0058883647434413,-0.0093589499592781,0.0071264640428125,-0.0234577432274818,0.0072402306832373,-0.0056042885407805,-0.0044320435263216,-0.007516536861658,-0.0016535853501409,0.0025621426757425,0.0075169317424297,-0.0117664719000458,0.0003793472133111,-0.0065108379349112,-0.0094804698601365,-0.0088002122938632,-0.002041904721409,0.0005870401510037,-0.0069052851758897,-0.0088727362453937,-0.0001287939230678,-0.0144782410934567,-0.017256973311305,-0.0066923135891556,0.0055039417929947,-0.0224108174443244,0.0045614293776452,-0.0405983030796051,0.0018162868218496,0.0051006344147026,-0.005438981577754,-0.0034778241533786,0.0039061901625245,-0.005586567800492,0.0115434424951672,0.01938983425498,-0.0069239763543009,0.0032648327760398,0.0151750734075903,0.0018634286243468,0.0108949927445347,0.0104711884420554,0.0062257238349341,0.0011970786616131,0.0073929915352199,0.0155152983032027,-0.0097276270082879,0.0302490992347934,-0.0083009010652279,0.0890432593562784,0.0139907577577806,0.0345244259713086,2019-02-27,2019-02-28,2019-03-01,2019-03-04,2019-03-05,2019-03-06,2019-03-07,2019-03-08,2019-03-11,2019-03-12,81284.0,2019-02-26,252.0,2.4312%,0.0001,0.6552,0.1592,0.3889,0.6126%,0.8809%,51.6411%,0.02785,BMO,81284.0,2019-02-27,252.0,1.5175%,0.0002,0.6578,0.1588,0.3894,0.6185%,0.8859%,51.2644%,0.01465,BMO,81284.0,2019-02-28,252.0,-0.4216%,0.0003,0.6509,0.154,0.3847,0.6127%,0.8757%,51.0470%,-0.001335,BMO,81284.0,2019-03-01,252.0,-0.4619%,0.0002,0.6475,0.1488,0.3833,0.6148%,0.8732%,50.4173%,-0.008303,BMO,81284.0,2019-03-04,252.0,0.1418%,0.0003,0.6447,0.155,0.3848,0.6144%,0.8703%,50.1569%,0.003795,BMO,81284.0,2019-03-05,252.0,-0.0257%,0.0003,0.6463,0.1685,0.3852,0.6122%,0.8699%,50.4751%,0.002152,BMO,81284.0,2019-03-06,252.0,-0.3991%,0.0004,0.6526,0.1558,0.3907,0.6059%,0.8692%,51.4164%,0.003316,BMO,81284.0,2019-03-07,252.0,-0.5946%,0.0004,0.6512,0.1497,0.3871,0.6051%,0.8683%,51.4420%,0.000713,BMO,81284.0,2019-03-08,252.0,-0.2991%,0.0004,0.6512,0.1534,0.3868,0.6047%,0.8683%,51.4898%,-0.001065,BMO,81284.0,2019-03-11,252.0,0.1435%,0.0003,0.6471,0.1585,0.3918,0.6038%,0.8663%,51.4206%,-0.006898,BMO,81284.0,2019-03-12,252.0,-0.5600%,0.0003,0.6468,0.1617,0.3927,0.6053%,0.8640%,50.9117%,-0.006551,BMO,0.0425,0.041165,0.032862,0.038809,0.028324
16915,BRISTOL MYERS SQUIBB CO,Starboard Gets Clearance For Its Bristol-Myers Investment,6,increase,0.7,0.6,"starboard's clearance for investment typically signals confidence in the company's potential, which can positively influence investor sentiment and drive up the stock price.",2,2019-02-26,BMY,2019-02-26 15:00:00+00:00,19393.0,11012210,-0.0096742678433656,12319462.0,0.0159489475190639,-0.0064730877056717,0.0137362787500023,0.0169558841735124,0.0301974713802337,-0.0228069815784692,-0.0031943251378834,-0.0011682510375976,0.0141376061365008,-0.0059995660558342,-0.0169144961982965,0.0165256019681692,-0.0260919090360403,-0.0029422855004668,-0.0023296240251511,0.0255481898784637,-0.0095348879694938,-0.0077844192273914,-0.0102161187678575,-0.0023895408958196,0.011710999533534,0.0033966430928558,-0.0211889706552028,-0.0213140435516834,0.0014030806487426,0.0197407342493534,-0.0020015707705169,-0.0137659190222621,-0.005214643664658,0.0192423146218061,-0.0082661258056759,0.010532721877098,-0.0054889298044145,0.0104379514232277,-0.0155355343595147,0.0111755160614848,-0.0139119224622845,0.0,0.0178984720259904,-0.0124668013304472,-0.0074472613632678,-0.001835988368839,-0.00291786971502,-0.0188150256872177,-0.0027174137067049,0.0048269880935549,-0.0129951573908329,-0.0079808002337813,-0.0082820001989603,0.0104838805273175,0.0038543962873518,0.0095664029940962,0.0042661493644118,-0.0118664549663662,-0.0006427851039916,0.0364811345934867,0.0032161562703549,-0.0004167630104348,-0.0173114202916622,0.0056580146774649,-0.0019573760218918,0.0114455474540591,0.0043582646176218,-0.0168785452842712,-0.0112822838127613,-0.0086758555844426,0.0204081702977418,0.0324163027107715,-0.0103225708007812,0.0392287336289882,-0.0047805565409362,-0.1316040754318237,-0.0061135105788707,0.0086571909487247,-0.0061511155217885,0.0204161945730447,0.0017683026380836,0.0105137629434466,-0.0154457362368702,0.0075954641215503,0.0228597149252891,0.0260459501296281,0.0054776514880359,-0.0212766230106353,0.0093702403828501,-0.0047942805103957,0.0023747973609715,-0.0065488792024552,0.0032307025976479,-0.0226920470595359,0.0064405156299471,0.0125687988474965,0.0371159948408603,-0.0230238065123558,-0.0106951966881752,-0.0283370707184076,-0.0182951614260673,0.0037425293121486,0.0048708077520132,0.0192637480795383,-0.0046364851295948,-0.002852824749425,-0.0046580820344388,-0.0094197439029812,-0.0236119292676448,-0.0031924538780003,0.0002178283466491,0.023448035120964,0.0156828835606575,-0.0234609618782997,0.0105082103982567,-0.0033670091070234,-0.0057300608605146,0.031648002564907,-0.0115260854363441,-0.0034615444019436,0.0241848174482584,0.0166177600622177,0.0065359766595065,-0.0299639292061328,0.0159489475190639,-0.0064730877056717,0.0299043054579573,0.0103730395424583,0.0610048112464034,-0.0126705197577684,0.072567769942059,-0.0197405966914918,0.0043859872861813,0.0085623340453955,-0.075280345617145,0.061399839692507,-0.0398843328288435,-0.030717765836891,2019-02-27,2019-02-28,2019-03-01,2019-03-04,2019-03-05,2019-03-06,2019-03-07,2019-03-08,2019-03-11,2019-03-12,19393.0,2019-02-26,252.0,-0.9674%,-0.001,0.8813,-0.1728,0.0839,1.5505%,1.7972%,25.5706%,-0.009319,BMY,19393.0,2019-02-27,252.0,1.5949%,-0.001,0.8815,-0.1684,0.084,1.5540%,1.7990%,25.3859%,0.015485,BMY,19393.0,2019-02-28,252.0,1.3736%,-0.0009,0.878,-0.1702,0.0773,1.5579%,1.8001%,25.0979%,0.016613,BMY,19393.0,2019-03-01,252.0,3.0197%,-0.0008,0.8748,-0.1749,0.0606,1.5636%,1.8046%,24.9225%,0.024589,BMY,19393.0,2019-03-04,252.0,-0.3194%,-0.0008,0.8771,-0.1836,0.0603,1.5633%,1.8041%,24.9148%,0.000329,BMY,19393.0,2019-03-05,252.0,1.4138%,-0.0007,0.8735,-0.2013,0.0518,1.5662%,1.8058%,24.7729%,0.015114,BMY,19393.0,2019-03-06,252.0,-1.6914%,-0.0008,0.878,-0.1775,0.0602,1.5678%,1.8075%,24.7622%,-0.0122239999999999,BMY,19393.0,2019-03-07,252.0,-2.6092%,-0.0008,0.8916,-0.1462,0.0871,1.5660%,1.8105%,25.1811%,-0.018908,BMY,19393.0,2019-03-08,252.0,-0.2330%,-0.0008,0.8923,-0.1589,0.0889,1.5643%,1.8093%,25.2462%,-0.000237,BMY,19393.0,2019-03-11,252.0,-0.9535%,-0.0009,0.8812,-0.1618,0.093,1.5693%,1.8089%,24.7387%,-0.021886,BMY,19393.0,2019-03-12,252.0,-1.0216%,-0.001,0.8778,-0.1557,0.0916,1.5710%,1.8062%,24.3437%,-0.012888,BMY,0.006166,0.022779,0.047368,0.062811,-0.0033319999999999
16923,BANK OF NOVA SCOTIA,Bank of Nova Scotia shares are trading lower after the company missed Q1 EPS estimates.,6,decrease,0.85,0.7,"missing earnings per share estimates typically signals weaker financial performance, which can lead to a decline in investor confidence and a decrease in stock price.",0,2019-02-26,BNS,2019-02-26 14:48:00+00:00,89428.0,06414910,-0.0292060505598783,1432237.0,-0.0036028996109962,-0.0029642228037118,0.0045199780724942,0.0043782838620245,-0.0167386662214994,-0.005399779882282,0.0010982529493048,0.0134156802669167,-0.0078625036403536,0.0031875385902822,-0.0031330294441431,0.0094744833186268,-0.0064706685952842,-0.0062178410589694,0.0029772950801998,-0.0010647304588928,0.0048237163573503,0.006609484553337,0.0064623057842254,-0.0026723947376012,0.0045863147825002,-0.0021333142649382,-0.0021913610398769,-0.005305026192218,0.0025622143875807,-0.0040507139638066,0.0074844807386398,0.0022947441320866,0.0005436237552203,0.0042545944452285,-0.0081492345780134,-0.0093080224469304,-0.0107723232358694,0.0049417363479733,-0.0191952921450138,0.010342332534492,-0.0063981963321566,0.0071839354932308,-0.00075759307947,0.0010787734063342,0.0001895780296763,0.0103542180731892,0.0054955640807747,0.0014553031651303,0.0041462006047368,-0.0050678513944149,0.013917232863605,0.0001809978566598,-0.0061832121573388,0.0025408931542187,0.003770753275603,0.0106382612138986,0.0030052561778575,0.0103780832141637,-0.0018727020360529,0.006340920459479,0.0037523596547544,-0.0027896880637854,-0.0031775359530001,0.0,0.0037501771003007,0.0076836552470922,-0.0035493860486894,0.0230061504989862,0.0089988661929965,0.0088974675163626,0.0009290084708482,0.0101602273061871,0.0083534577861428,0.0172927621752023,0.0047864899970591,0.0003977024753112,0.0014657019637525,0.0084219370037317,-0.0051225535571575,0.0022435067221522,0.0014710925752297,0.0043859891593456,-0.0126698240637779,-0.0033777463249862,0.005207342095673,0.0246336106210947,0.0092506939545273,-0.0060704015195369,0.0031164432875812,-0.0372102782130241,0.0062134531326591,-0.0092646116390824,-0.0054486566223204,-0.0183781255036592,-0.0089480988681316,-0.0121654784306883,0.0073705124668776,-0.0085358899086713,-0.0003657699562609,-0.0009269417496398,-0.0100640999153256,-0.0029574832879006,-0.0068391673266887,0.0134881492704153,-0.0029778494499623,-0.0037327501922845,0.0070935422554612,-0.0042742900550365,-0.0218721088021993,0.0061705652624368,0.0041690585203468,-0.0105457855388522,-0.0013210701290518,-0.0153033370152115,0.0037793039809912,0.0093784164637327,-0.0007529574795626,-0.0058500855229794,0.0016954848542809,0.0099704749882221,0.0063945865258574,0.0267298556864261,-0.0072883460670709,-0.0045291879214346,-0.0036028996109962,-0.0029642228037118,0.0009007934342588,0.0014010828494477,-0.0158529508678711,-0.0040062625718181,-0.0225184663523556,0.0125730311098666,-0.0180147731136173,0.0187065603152793,-0.0275441328456892,0.0634182598731218,-0.0313734701026867,0.0925524242828292,2019-02-27,2019-02-28,2019-03-01,2019-03-04,2019-03-05,2019-03-06,2019-03-07,2019-03-08,2019-03-11,2019-03-12,89428.0,2019-02-26,252.0,-2.9206%,-0.0002,0.5969,0.1924,0.3562,0.7333%,0.9344%,38.4205%,-0.0262239999999999,BNS,89428.0,2019-02-27,252.0,-0.3603%,-0.0002,0.5957,0.1933,0.356,0.7335%,0.9333%,38.2292%,-0.004178,BNS,89428.0,2019-02-28,252.0,0.4520%,-0.0003,0.5999,0.1964,0.3572,0.7320%,0.9336%,38.5245%,0.007118,BNS,89428.0,2019-03-01,252.0,-1.6739%,-0.0003,0.5954,0.1898,0.3596,0.7428%,0.9377%,37.2586%,-0.020288,BNS,89428.0,2019-03-04,252.0,0.1098%,-0.0003,0.5964,0.183,0.3601,0.7429%,0.9377%,37.2315%,0.003461,BNS,89428.0,2019-03-05,252.0,-0.7863%,-0.0003,0.6004,0.2107,0.3649,0.7383%,0.9371%,37.9219%,-0.005507,BNS,89428.0,2019-03-06,252.0,-0.3133%,-0.0002,0.6049,0.1957,0.3679,0.7350%,0.9366%,38.4180%,0.004329,BNS,89428.0,2019-03-07,252.0,-0.6471%,-0.0003,0.6031,0.1868,0.363,0.7335%,0.9346%,38.4088%,-0.000249,BNS,89428.0,2019-03-08,252.0,0.2977%,-0.0002,0.6025,0.1861,0.362,0.7342%,0.9348%,38.3251%,0.004738,BNS,89428.0,2019-03-11,252.0,0.4824%,-0.0003,0.6007,0.1919,0.3662,0.7328%,0.9341%,38.4612%,-0.0030299999999999,BNS,89428.0,2019-03-12,252.0,0.6462%,-0.0003,0.5969,0.1901,0.361,0.7330%,0.9296%,37.8228%,0.005701,BNS,-0.030402,-0.023284,-0.043572,-0.045618,-0.034129
16931,BANK OF NOVA SCOTIA,Scotiabank Earlier Announced Entry Into Non-Binding Memorandum Of Understanding Regarding Its Interest In Thanachart Bank Public Company Limited (TBank) And Potential Merger Of TBank And TMB Bank Public Company Limited,6,uncertain,0.6,0.3,"the announcement of a non-binding memorandum of understanding suggests potential growth opportunities, but the lack of binding agreement and the complexities of mergers create uncertainty regarding the actual impact on scotiabank's stock price.",1,2019-02-26,BNS,2019-02-26 14:27:00+00:00,89428.0,06414910,-0.0292060505598783,1432237.0,-0.0036028996109962,-0.0029642228037118,0.0045199780724942,0.0043782838620245,-0.0167386662214994,-0.005399779882282,0.0010982529493048,0.0134156802669167,-0.0078625036403536,0.0031875385902822,-0.0031330294441431,0.0094744833186268,-0.0064706685952842,-0.0062178410589694,0.0029772950801998,-0.0010647304588928,0.0048237163573503,0.006609484553337,0.0064623057842254,-0.0026723947376012,0.0045863147825002,-0.0021333142649382,-0.0021913610398769,-0.005305026192218,0.0025622143875807,-0.0040507139638066,0.0074844807386398,0.0022947441320866,0.0005436237552203,0.0042545944452285,-0.0081492345780134,-0.0093080224469304,-0.0107723232358694,0.0049417363479733,-0.0191952921450138,0.010342332534492,-0.0063981963321566,0.0071839354932308,-0.00075759307947,0.0010787734063342,0.0001895780296763,0.0103542180731892,0.0054955640807747,0.0014553031651303,0.0041462006047368,-0.0050678513944149,0.013917232863605,0.0001809978566598,-0.0061832121573388,0.0025408931542187,0.003770753275603,0.0106382612138986,0.0030052561778575,0.0103780832141637,-0.0018727020360529,0.006340920459479,0.0037523596547544,-0.0027896880637854,-0.0031775359530001,0.0,0.0037501771003007,0.0076836552470922,-0.0035493860486894,0.0230061504989862,0.0089988661929965,0.0088974675163626,0.0009290084708482,0.0101602273061871,0.0083534577861428,0.0172927621752023,0.0047864899970591,0.0003977024753112,0.0014657019637525,0.0084219370037317,-0.0051225535571575,0.0022435067221522,0.0014710925752297,0.0043859891593456,-0.0126698240637779,-0.0033777463249862,0.005207342095673,0.0246336106210947,0.0092506939545273,-0.0060704015195369,0.0031164432875812,-0.0372102782130241,0.0062134531326591,-0.0092646116390824,-0.0054486566223204,-0.0183781255036592,-0.0089480988681316,-0.0121654784306883,0.0073705124668776,-0.0085358899086713,-0.0003657699562609,-0.0009269417496398,-0.0100640999153256,-0.0029574832879006,-0.0068391673266887,0.0134881492704153,-0.0029778494499623,-0.0037327501922845,0.0070935422554612,-0.0042742900550365,-0.0218721088021993,0.0061705652624368,0.0041690585203468,-0.0105457855388522,-0.0013210701290518,-0.0153033370152115,0.0037793039809912,0.0093784164637327,-0.0007529574795626,-0.0058500855229794,0.0016954848542809,0.0099704749882221,0.0063945865258574,0.0267298556864261,-0.0072883460670709,-0.0045291879214346,-0.0036028996109962,-0.0029642228037118,0.0009007934342588,0.0014010828494477,-0.0158529508678711,-0.0040062625718181,-0.0225184663523556,0.0125730311098666,-0.0180147731136173,0.0187065603152793,-0.0275441328456892,0.0634182598731218,-0.0313734701026867,0.0925524242828292,2019-02-27,2019-02-28,2019-03-01,2019-03-04,2019-03-05,2019-03-06,2019-03-07,2019-03-08,2019-03-11,2019-03-12,89428.0,2019-02-26,252.0,-2.9206%,-0.0002,0.5969,0.1924,0.3562,0.7333%,0.9344%,38.4205%,-0.0262239999999999,BNS,89428.0,2019-02-27,252.0,-0.3603%,-0.0002,0.5957,0.1933,0.356,0.7335%,0.9333%,38.2292%,-0.004178,BNS,89428.0,2019-02-28,252.0,0.4520%,-0.0003,0.5999,0.1964,0.3572,0.7320%,0.9336%,38.5245%,0.007118,BNS,89428.0,2019-03-01,252.0,-1.6739%,-0.0003,0.5954,0.1898,0.3596,0.7428%,0.9377%,37.2586%,-0.020288,BNS,89428.0,2019-03-04,252.0,0.1098%,-0.0003,0.5964,0.183,0.3601,0.7429%,0.9377%,37.2315%,0.003461,BNS,89428.0,2019-03-05,252.0,-0.7863%,-0.0003,0.6004,0.2107,0.3649,0.7383%,0.9371%,37.9219%,-0.005507,BNS,89428.0,2019-03-06,252.0,-0.3133%,-0.0002,0.6049,0.1957,0.3679,0.7350%,0.9366%,38.4180%,0.004329,BNS,89428.0,2019-03-07,252.0,-0.6471%,-0.0003,0.6031,0.1868,0.363,0.7335%,0.9346%,38.4088%,-0.000249,BNS,89428.0,2019-03-08,252.0,0.2977%,-0.0002,0.6025,0.1861,0.362,0.7342%,0.9348%,38.3251%,0.004738,BNS,89428.0,2019-03-11,252.0,0.4824%,-0.0003,0.6007,0.1919,0.3662,0.7328%,0.9341%,38.4612%,-0.0030299999999999,BNS,89428.0,2019-03-12,252.0,0.6462%,-0.0003,0.5969,0.1901,0.361,0.7330%,0.9296%,37.8228%,0.005701,BNS,-0.030402,-0.023284,-0.043572,-0.045618,-0.034129
16939,BANK OF NOVA SCOTIA,"Bank Nova Scotia Halifax Earlier Reported Q1 EPS $1.31 Missed $1.32 Estimate, Sales $5.703B Beat $5.46B Estimate",6,uncertain,0.6,0.2,"while the sales beat expectations, the missed eps estimate may lead to mixed investor reactions, creating uncertainty about the stock's direction.",1,2019-02-26,BNS,2019-02-26 14:26:00+00:00,89428.0,06414910,-0.0292060505598783,1432237.0,-0.0036028996109962,-0.0029642228037118,0.0045199780724942,0.0043782838620245,-0.0167386662214994,-0.005399779882282,0.0010982529493048,0.0134156802669167,-0.0078625036403536,0.0031875385902822,-0.0031330294441431,0.0094744833186268,-0.0064706685952842,-0.0062178410589694,0.0029772950801998,-0.0010647304588928,0.0048237163573503,0.006609484553337,0.0064623057842254,-0.0026723947376012,0.0045863147825002,-0.0021333142649382,-0.0021913610398769,-0.005305026192218,0.0025622143875807,-0.0040507139638066,0.0074844807386398,0.0022947441320866,0.0005436237552203,0.0042545944452285,-0.0081492345780134,-0.0093080224469304,-0.0107723232358694,0.0049417363479733,-0.0191952921450138,0.010342332534492,-0.0063981963321566,0.0071839354932308,-0.00075759307947,0.0010787734063342,0.0001895780296763,0.0103542180731892,0.0054955640807747,0.0014553031651303,0.0041462006047368,-0.0050678513944149,0.013917232863605,0.0001809978566598,-0.0061832121573388,0.0025408931542187,0.003770753275603,0.0106382612138986,0.0030052561778575,0.0103780832141637,-0.0018727020360529,0.006340920459479,0.0037523596547544,-0.0027896880637854,-0.0031775359530001,0.0,0.0037501771003007,0.0076836552470922,-0.0035493860486894,0.0230061504989862,0.0089988661929965,0.0088974675163626,0.0009290084708482,0.0101602273061871,0.0083534577861428,0.0172927621752023,0.0047864899970591,0.0003977024753112,0.0014657019637525,0.0084219370037317,-0.0051225535571575,0.0022435067221522,0.0014710925752297,0.0043859891593456,-0.0126698240637779,-0.0033777463249862,0.005207342095673,0.0246336106210947,0.0092506939545273,-0.0060704015195369,0.0031164432875812,-0.0372102782130241,0.0062134531326591,-0.0092646116390824,-0.0054486566223204,-0.0183781255036592,-0.0089480988681316,-0.0121654784306883,0.0073705124668776,-0.0085358899086713,-0.0003657699562609,-0.0009269417496398,-0.0100640999153256,-0.0029574832879006,-0.0068391673266887,0.0134881492704153,-0.0029778494499623,-0.0037327501922845,0.0070935422554612,-0.0042742900550365,-0.0218721088021993,0.0061705652624368,0.0041690585203468,-0.0105457855388522,-0.0013210701290518,-0.0153033370152115,0.0037793039809912,0.0093784164637327,-0.0007529574795626,-0.0058500855229794,0.0016954848542809,0.0099704749882221,0.0063945865258574,0.0267298556864261,-0.0072883460670709,-0.0045291879214346,-0.0036028996109962,-0.0029642228037118,0.0009007934342588,0.0014010828494477,-0.0158529508678711,-0.0040062625718181,-0.0225184663523556,0.0125730311098666,-0.0180147731136173,0.0187065603152793,-0.0275441328456892,0.0634182598731218,-0.0313734701026867,0.0925524242828292,2019-02-27,2019-02-28,2019-03-01,2019-03-04,2019-03-05,2019-03-06,2019-03-07,2019-03-08,2019-03-11,2019-03-12,89428.0,2019-02-26,252.0,-2.9206%,-0.0002,0.5969,0.1924,0.3562,0.7333%,0.9344%,38.4205%,-0.0262239999999999,BNS,89428.0,2019-02-27,252.0,-0.3603%,-0.0002,0.5957,0.1933,0.356,0.7335%,0.9333%,38.2292%,-0.004178,BNS,89428.0,2019-02-28,252.0,0.4520%,-0.0003,0.5999,0.1964,0.3572,0.7320%,0.9336%,38.5245%,0.007118,BNS,89428.0,2019-03-01,252.0,-1.6739%,-0.0003,0.5954,0.1898,0.3596,0.7428%,0.9377%,37.2586%,-0.020288,BNS,89428.0,2019-03-04,252.0,0.1098%,-0.0003,0.5964,0.183,0.3601,0.7429%,0.9377%,37.2315%,0.003461,BNS,89428.0,2019-03-05,252.0,-0.7863%,-0.0003,0.6004,0.2107,0.3649,0.7383%,0.9371%,37.9219%,-0.005507,BNS,89428.0,2019-03-06,252.0,-0.3133%,-0.0002,0.6049,0.1957,0.3679,0.7350%,0.9366%,38.4180%,0.004329,BNS,89428.0,2019-03-07,252.0,-0.6471%,-0.0003,0.6031,0.1868,0.363,0.7335%,0.9346%,38.4088%,-0.000249,BNS,89428.0,2019-03-08,252.0,0.2977%,-0.0002,0.6025,0.1861,0.362,0.7342%,0.9348%,38.3251%,0.004738,BNS,89428.0,2019-03-11,252.0,0.4824%,-0.0003,0.6007,0.1919,0.3662,0.7328%,0.9341%,38.4612%,-0.0030299999999999,BNS,89428.0,2019-03-12,252.0,0.6462%,-0.0003,0.5969,0.1901,0.361,0.7330%,0.9296%,37.8228%,0.005701,BNS,-0.030402,-0.023284,-0.043572,-0.045618,-0.034129
16947,ANHEUSER BUSCH INBEV SA NV,Macquarie's Levy Tells Benzinga Anheuser-Busch Will Be Looking To 'build out all other categories' Besides Traditional Brewing,6,increase,0.7,0.6,"the focus on expanding into other categories suggests potential for growth and diversification, which could positively influence investor sentiment and stock price.",2,2019-02-26,BUD,2019-02-26 15:34:00+00:00,93013.0,03524A10,0.004541762638837,1559004.0,-0.0063829221762716,-0.0023987246677279,0.0460385754704475,-0.0317419245839119,0.0486181564629077,-0.0023172027431428,-0.0021961969323456,0.0073920334689319,0.0051357075572013,-0.0074655916541814,-0.0008515778463333,0.0235836748033762,-0.0215511582791805,-0.0236685927957296,0.0027376955840736,0.0182056240737438,0.0027302210219204,-0.000261938868789,-0.0012376992963254,0.0028890508692711,0.0003718266380019,-0.0097529254853725,-0.0133779486641287,-0.017879968509078,0.0200878642499446,-0.0071011609397828,0.0100923040881753,0.0187313891947269,0.0219325330108404,0.0074181072413921,-0.0052462434396147,0.0052327825687825,0.005873161368072,0.0200160127133131,-0.0378932356834411,0.0128396349027752,-0.0048303119838237,0.0042073503136634,0.0209085289388895,-0.0157627612352371,0.0052419882267713,0.0082154963165521,0.0029104761779308,0.0046001398004591,0.0153567632660269,0.0055782808922231,-0.0039299968630075,-0.0020366804674267,0.0064562521874904,0.0232008621096611,-0.0039201928302645,0.0209929551929235,0.0135956993326544,-0.0278543401509523,0.0156489219516515,-0.0001379034365527,-0.0030120729934424,-0.0162756610661745,0.0042993579991161,0.0419728830456733,0.0092560807242989,0.0074032503180205,0.0084832953289151,-0.0072085107676684,0.0064794779755175,0.0194524265825748,0.0064377645030617,0.0044869766570627,-0.0043766060844063,0.0401987098157405,-0.0043958453461527,0.0077377404086291,0.0184534955769777,0.0015196186723187,-0.0040017855353653,-0.0009109638049267,-0.003906233003363,-0.0064856754615902,-0.0116526717320084,-0.0094127785414457,-0.0177984330803155,0.0229252632707357,0.0108495205640792,-0.0144599955528974,0.0049098003655672,-0.0205075163394212,0.0105669843032956,-0.0148256430402398,-0.0127052487805485,0.0007273171213455,-0.0030747824348509,0.0076212314888834,0.0063970475457608,-0.0210902970284223,-0.0037457642611116,-0.0224404782056808,-0.027284886687994,-0.0040507516823709,0.0080702621489763,0.0173368416726589,-0.0117730163037776,-0.0025513861328363,0.0023826179094612,-0.0031085715163499,-0.0167577378451824,-0.0207555014640092,0.0033844888675957,-0.0269287750124931,0.0098783243447542,-0.0212177205830812,0.0005963905714452,-0.0128789572045207,-0.0147829987108707,-0.0047902008518576,-0.0197240710258483,0.0022057632450014,-0.0001234679220942,0.0140789430588483,0.0200000330805778,-0.002553243888542,-0.0063829221762716,-0.0023987246677279,0.0393617926498415,-0.0340645091141392,0.0898936469064597,-0.036302777483319,0.0930851079236141,-0.0364268478039401,0.0731382994491665,-0.0169402618932452,0.1493351532121625,0.0579423162540466,0.1132114375600281,-0.017514940473329,2019-02-27,2019-02-28,2019-03-01,2019-03-04,2019-03-05,2019-03-06,2019-03-07,2019-03-08,2019-03-11,2019-03-12,93013.0,2019-02-26,252.0,0.4542%,-0.0012,0.5272,0.0129,0.0976,1.4034%,1.5015%,12.6444%,0.005737,BUD,93013.0,2019-02-27,252.0,-0.6383%,-0.0013,0.5218,0.0208,0.0967,1.4018%,1.4978%,12.4023%,-0.006865,BUD,93013.0,2019-02-28,252.0,4.6039%,-0.0011,0.5023,0.009,0.0711,1.4310%,1.5194%,11.2880%,0.0477939999999999,BUD,93013.0,2019-03-01,252.0,4.8618%,-0.0009,0.516,0.0294,0.0708,1.4598%,1.5511%,11.4329%,0.04517,BUD,93013.0,2019-03-04,252.0,-0.2196%,-0.0011,0.5335,-0.0299,0.0665,1.4399%,1.5382%,12.3689%,0.000238,BUD,93013.0,2019-03-05,252.0,0.5136%,-0.0011,0.5303,-0.0498,0.0616,1.4395%,1.5369%,12.2682%,0.006019,BUD,93013.0,2019-03-06,252.0,-0.0852%,-0.0011,0.5264,-0.0559,0.0564,1.4395%,1.5355%,12.1188%,0.002861,BUD,93013.0,2019-03-07,252.0,-2.1551%,-0.0012,0.5315,-0.0625,0.0613,1.4418%,1.5395%,12.2811%,-0.017178,BUD,93013.0,2019-03-08,252.0,0.2738%,-0.0011,0.531,-0.0646,0.0605,1.4421%,1.5396%,12.2621%,0.003953,BUD,93013.0,2019-03-11,252.0,0.2730%,-0.0012,0.5284,-0.0471,0.0719,1.4364%,1.5331%,12.2241%,-0.004724,BUD,93013.0,2019-03-12,252.0,-0.1238%,-0.0012,0.5356,-0.048,0.0798,1.4354%,1.5331%,12.3458%,-0.0027229999999999,BUD,-0.0011279999999999,0.046666,0.091836,0.098093,0.0802819999999999
16955,ANHEUSER BUSCH INBEV SA NV,"Macquarie's Levy Tells Benzinga AB Recognizes 'they've got a huge tail that's not growing and they've got to diversify,' Says 'I think they absolutely recognize they're not going to be able to grow in the beer industry other than at the high end'",6,decrease,0.7,0.6,"the acknowledgment of limited growth potential in the beer industry and the need for diversification may lead investors to view the company's future prospects less favorably, potentially driving the stock price down.",0,2019-02-26,BUD,2019-02-26 15:34:00+00:00,93013.0,03524A10,0.004541762638837,1559004.0,-0.0063829221762716,-0.0023987246677279,0.0460385754704475,-0.0317419245839119,0.0486181564629077,-0.0023172027431428,-0.0021961969323456,0.0073920334689319,0.0051357075572013,-0.0074655916541814,-0.0008515778463333,0.0235836748033762,-0.0215511582791805,-0.0236685927957296,0.0027376955840736,0.0182056240737438,0.0027302210219204,-0.000261938868789,-0.0012376992963254,0.0028890508692711,0.0003718266380019,-0.0097529254853725,-0.0133779486641287,-0.017879968509078,0.0200878642499446,-0.0071011609397828,0.0100923040881753,0.0187313891947269,0.0219325330108404,0.0074181072413921,-0.0052462434396147,0.0052327825687825,0.005873161368072,0.0200160127133131,-0.0378932356834411,0.0128396349027752,-0.0048303119838237,0.0042073503136634,0.0209085289388895,-0.0157627612352371,0.0052419882267713,0.0082154963165521,0.0029104761779308,0.0046001398004591,0.0153567632660269,0.0055782808922231,-0.0039299968630075,-0.0020366804674267,0.0064562521874904,0.0232008621096611,-0.0039201928302645,0.0209929551929235,0.0135956993326544,-0.0278543401509523,0.0156489219516515,-0.0001379034365527,-0.0030120729934424,-0.0162756610661745,0.0042993579991161,0.0419728830456733,0.0092560807242989,0.0074032503180205,0.0084832953289151,-0.0072085107676684,0.0064794779755175,0.0194524265825748,0.0064377645030617,0.0044869766570627,-0.0043766060844063,0.0401987098157405,-0.0043958453461527,0.0077377404086291,0.0184534955769777,0.0015196186723187,-0.0040017855353653,-0.0009109638049267,-0.003906233003363,-0.0064856754615902,-0.0116526717320084,-0.0094127785414457,-0.0177984330803155,0.0229252632707357,0.0108495205640792,-0.0144599955528974,0.0049098003655672,-0.0205075163394212,0.0105669843032956,-0.0148256430402398,-0.0127052487805485,0.0007273171213455,-0.0030747824348509,0.0076212314888834,0.0063970475457608,-0.0210902970284223,-0.0037457642611116,-0.0224404782056808,-0.027284886687994,-0.0040507516823709,0.0080702621489763,0.0173368416726589,-0.0117730163037776,-0.0025513861328363,0.0023826179094612,-0.0031085715163499,-0.0167577378451824,-0.0207555014640092,0.0033844888675957,-0.0269287750124931,0.0098783243447542,-0.0212177205830812,0.0005963905714452,-0.0128789572045207,-0.0147829987108707,-0.0047902008518576,-0.0197240710258483,0.0022057632450014,-0.0001234679220942,0.0140789430588483,0.0200000330805778,-0.002553243888542,-0.0063829221762716,-0.0023987246677279,0.0393617926498415,-0.0340645091141392,0.0898936469064597,-0.036302777483319,0.0930851079236141,-0.0364268478039401,0.0731382994491665,-0.0169402618932452,0.1493351532121625,0.0579423162540466,0.1132114375600281,-0.017514940473329,2019-02-27,2019-02-28,2019-03-01,2019-03-04,2019-03-05,2019-03-06,2019-03-07,2019-03-08,2019-03-11,2019-03-12,93013.0,2019-02-26,252.0,0.4542%,-0.0012,0.5272,0.0129,0.0976,1.4034%,1.5015%,12.6444%,0.005737,BUD,93013.0,2019-02-27,252.0,-0.6383%,-0.0013,0.5218,0.0208,0.0967,1.4018%,1.4978%,12.4023%,-0.006865,BUD,93013.0,2019-02-28,252.0,4.6039%,-0.0011,0.5023,0.009,0.0711,1.4310%,1.5194%,11.2880%,0.0477939999999999,BUD,93013.0,2019-03-01,252.0,4.8618%,-0.0009,0.516,0.0294,0.0708,1.4598%,1.5511%,11.4329%,0.04517,BUD,93013.0,2019-03-04,252.0,-0.2196%,-0.0011,0.5335,-0.0299,0.0665,1.4399%,1.5382%,12.3689%,0.000238,BUD,93013.0,2019-03-05,252.0,0.5136%,-0.0011,0.5303,-0.0498,0.0616,1.4395%,1.5369%,12.2682%,0.006019,BUD,93013.0,2019-03-06,252.0,-0.0852%,-0.0011,0.5264,-0.0559,0.0564,1.4395%,1.5355%,12.1188%,0.002861,BUD,93013.0,2019-03-07,252.0,-2.1551%,-0.0012,0.5315,-0.0625,0.0613,1.4418%,1.5395%,12.2811%,-0.017178,BUD,93013.0,2019-03-08,252.0,0.2738%,-0.0011,0.531,-0.0646,0.0605,1.4421%,1.5396%,12.2621%,0.003953,BUD,93013.0,2019-03-11,252.0,0.2730%,-0.0012,0.5284,-0.0471,0.0719,1.4364%,1.5331%,12.2241%,-0.004724,BUD,93013.0,2019-03-12,252.0,-0.1238%,-0.0012,0.5356,-0.048,0.0798,1.4354%,1.5331%,12.3458%,-0.0027229999999999,BUD,-0.0011279999999999,0.046666,0.091836,0.098093,0.0802819999999999
16963,ANHEUSER BUSCH INBEV SA NV,"Macquarie Analyst Caroline Levy Comments Following Anheuser-Busch Purchase Of Cutwater Spirits, Tells Benzinga 'You will see more acquisitions' By AB",6,increase,0.7,0.6,"the acquisition of cutwater spirits suggests a strategic expansion that could enhance anheuser-busch's market position, likely leading to a positive reaction in the stock price.",2,2019-02-26,BUD,2019-02-26 15:34:00+00:00,93013.0,03524A10,0.004541762638837,1559004.0,-0.0063829221762716,-0.0023987246677279,0.0460385754704475,-0.0317419245839119,0.0486181564629077,-0.0023172027431428,-0.0021961969323456,0.0073920334689319,0.0051357075572013,-0.0074655916541814,-0.0008515778463333,0.0235836748033762,-0.0215511582791805,-0.0236685927957296,0.0027376955840736,0.0182056240737438,0.0027302210219204,-0.000261938868789,-0.0012376992963254,0.0028890508692711,0.0003718266380019,-0.0097529254853725,-0.0133779486641287,-0.017879968509078,0.0200878642499446,-0.0071011609397828,0.0100923040881753,0.0187313891947269,0.0219325330108404,0.0074181072413921,-0.0052462434396147,0.0052327825687825,0.005873161368072,0.0200160127133131,-0.0378932356834411,0.0128396349027752,-0.0048303119838237,0.0042073503136634,0.0209085289388895,-0.0157627612352371,0.0052419882267713,0.0082154963165521,0.0029104761779308,0.0046001398004591,0.0153567632660269,0.0055782808922231,-0.0039299968630075,-0.0020366804674267,0.0064562521874904,0.0232008621096611,-0.0039201928302645,0.0209929551929235,0.0135956993326544,-0.0278543401509523,0.0156489219516515,-0.0001379034365527,-0.0030120729934424,-0.0162756610661745,0.0042993579991161,0.0419728830456733,0.0092560807242989,0.0074032503180205,0.0084832953289151,-0.0072085107676684,0.0064794779755175,0.0194524265825748,0.0064377645030617,0.0044869766570627,-0.0043766060844063,0.0401987098157405,-0.0043958453461527,0.0077377404086291,0.0184534955769777,0.0015196186723187,-0.0040017855353653,-0.0009109638049267,-0.003906233003363,-0.0064856754615902,-0.0116526717320084,-0.0094127785414457,-0.0177984330803155,0.0229252632707357,0.0108495205640792,-0.0144599955528974,0.0049098003655672,-0.0205075163394212,0.0105669843032956,-0.0148256430402398,-0.0127052487805485,0.0007273171213455,-0.0030747824348509,0.0076212314888834,0.0063970475457608,-0.0210902970284223,-0.0037457642611116,-0.0224404782056808,-0.027284886687994,-0.0040507516823709,0.0080702621489763,0.0173368416726589,-0.0117730163037776,-0.0025513861328363,0.0023826179094612,-0.0031085715163499,-0.0167577378451824,-0.0207555014640092,0.0033844888675957,-0.0269287750124931,0.0098783243447542,-0.0212177205830812,0.0005963905714452,-0.0128789572045207,-0.0147829987108707,-0.0047902008518576,-0.0197240710258483,0.0022057632450014,-0.0001234679220942,0.0140789430588483,0.0200000330805778,-0.002553243888542,-0.0063829221762716,-0.0023987246677279,0.0393617926498415,-0.0340645091141392,0.0898936469064597,-0.036302777483319,0.0930851079236141,-0.0364268478039401,0.0731382994491665,-0.0169402618932452,0.1493351532121625,0.0579423162540466,0.1132114375600281,-0.017514940473329,2019-02-27,2019-02-28,2019-03-01,2019-03-04,2019-03-05,2019-03-06,2019-03-07,2019-03-08,2019-03-11,2019-03-12,93013.0,2019-02-26,252.0,0.4542%,-0.0012,0.5272,0.0129,0.0976,1.4034%,1.5015%,12.6444%,0.005737,BUD,93013.0,2019-02-27,252.0,-0.6383%,-0.0013,0.5218,0.0208,0.0967,1.4018%,1.4978%,12.4023%,-0.006865,BUD,93013.0,2019-02-28,252.0,4.6039%,-0.0011,0.5023,0.009,0.0711,1.4310%,1.5194%,11.2880%,0.0477939999999999,BUD,93013.0,2019-03-01,252.0,4.8618%,-0.0009,0.516,0.0294,0.0708,1.4598%,1.5511%,11.4329%,0.04517,BUD,93013.0,2019-03-04,252.0,-0.2196%,-0.0011,0.5335,-0.0299,0.0665,1.4399%,1.5382%,12.3689%,0.000238,BUD,93013.0,2019-03-05,252.0,0.5136%,-0.0011,0.5303,-0.0498,0.0616,1.4395%,1.5369%,12.2682%,0.006019,BUD,93013.0,2019-03-06,252.0,-0.0852%,-0.0011,0.5264,-0.0559,0.0564,1.4395%,1.5355%,12.1188%,0.002861,BUD,93013.0,2019-03-07,252.0,-2.1551%,-0.0012,0.5315,-0.0625,0.0613,1.4418%,1.5395%,12.2811%,-0.017178,BUD,93013.0,2019-03-08,252.0,0.2738%,-0.0011,0.531,-0.0646,0.0605,1.4421%,1.5396%,12.2621%,0.003953,BUD,93013.0,2019-03-11,252.0,0.2730%,-0.0012,0.5284,-0.0471,0.0719,1.4364%,1.5331%,12.2241%,-0.004724,BUD,93013.0,2019-03-12,252.0,-0.1238%,-0.0012,0.5356,-0.048,0.0798,1.4354%,1.5331%,12.3458%,-0.0027229999999999,BUD,-0.0011279999999999,0.046666,0.091836,0.098093,0.0802819999999999
16971,BROADWIND INC,"Broadwind Energy Q4 GAAP EPS $(0.79) May Not Compare To $(0.39) Estimate, Sales $27.187M Beat $25.25M Estimate",6,decrease,0.7,0.6,"the significant miss on gaap eps expectations suggests underlying financial challenges, which may lead to a negative reaction in the stock price despite the sales beat.",0,2019-02-26,BWEN,2019-02-26 12:24:00+00:00,92917.0,11161T20,0.0629370883107185,123361.0,-0.0065789413638412,0.1000000014901161,0.0331125520169735,-0.0972222909331321,0.0050000655464828,0.0212766602635383,0.1162137687206268,-0.0275862626731395,-0.0357142873108387,0.0583941899240016,-0.0162963159382343,0.0,0.0413253381848335,-0.0143884755671024,-0.0107601452618837,0.0373133979737758,0.0,-0.0428571030497551,-0.0350877530872821,0.0144927399232983,0.0,0.0147058684378862,0.0,-0.0555555820465087,0.0363636761903762,-0.0399999618530273,0.0,0.0,-0.0116958953440189,-0.0384615026414394,0.0012425980530679,0.0399999618530273,-0.0248803682625293,-0.01960782520473,0.0,0.0,-0.0382424145936965,-0.0192307513207197,-0.0358560867607593,0.0263157654553651,0.1111111640930176,0.002506288466975,-0.0058823470026254,-0.0280769225209951,-0.0059172245673835,-0.006369496230036,-0.035714253783226,0.006410326808691,0.030864167958498,0.0612244307994842,-0.0239520743489265,-0.03921565040946,0.0245398543775081,-0.0437500327825546,0.0059880185872316,-0.0361445434391498,-0.0059523754753172,-0.0404624566435813,-0.0059880185872316,0.1307189911603928,-0.0361445434391498,-0.0437500327825546,0.0391875207424163,0.0,0.0206290781497955,-0.0062111741863191,0.0017678379081189,0.118055522441864,-0.0058823470026254,-0.0204081442207098,-0.0059172245673835,-0.0167223922908306,0.0952381491661071,0.1500000506639481,0.0271738860756158,0.0858670398592948,0.0105820009484887,-0.0790769383311271,0.0,-0.0225564576685428,0.0209424514323473,-0.0148148005828261,0.0410256013274192,0.0227272510528564,-0.0098522072657942,-0.0222222004085779,-0.0049751196056604,-0.0689655318856239,-0.0149999856948852,0.0507246740162372,-0.0609137080609798,-0.0482758954167366,0.0311891455203294,-0.0333333015441894,-0.0040362565778195,-0.0322580337524414,0.015789458528161,0.0372055172920227,-0.0492227524518966,-0.0037333171349018,-0.0408719591796398,-0.0625000149011612,0.0262500215321779,-0.0184048898518085,0.0187133233994245,-0.0180722717195749,-0.0217391736805439,-0.0514285899698734,-0.0166666507720947,-0.0540540665388107,0.0282486286014318,0.0632183998823165,-0.0274725668132305,-0.038673996925354,-0.0112994248047471,0.0402298457920551,-0.0285714007914066,0.0740740746259689,0.0,-0.029940091073513,-0.0065789413638412,0.1000000014901161,0.0263157651150054,-0.0069445186812018,0.0314474112119691,0.0141843854176628,0.1101973787641221,0.0437955774139626,0.0855263129539196,0.0362318499654241,0.0921052531184114,-0.0653594880555494,0.1184210989932521,-0.1437125760050676,2019-02-27,2019-02-28,2019-03-01,2019-03-04,2019-03-05,2019-03-06,2019-03-07,2019-03-08,2019-03-11,2019-03-12,92917.0,2019-02-26,252.0,6.2937%,-0.0008,0.1831,0.5969,0.5718,3.7887%,3.8075%,0.9863%,0.0695819999999999,BWEN,92917.0,2019-02-27,252.0,-0.6579%,-0.0009,0.1781,0.6039,0.5709,3.7883%,3.8072%,0.9910%,-0.007292,BWEN,92917.0,2019-02-28,252.0,3.3113%,-0.0008,0.1682,0.5984,0.5554,3.7949%,3.8129%,0.9461%,0.034871,BWEN,92917.0,2019-03-01,252.0,0.5000%,-0.0006,0.1548,0.5783,0.5323,3.7920%,3.8085%,0.8649%,0.0041849999999999,BWEN,92917.0,2019-03-04,252.0,11.6214%,-0.0002,0.1474,0.4967,0.5583,3.8625%,3.8773%,0.7613%,0.1171659999999999,BWEN,92917.0,2019-03-05,252.0,-3.5714%,-0.0004,0.1517,0.5086,0.5733,3.8678%,3.8832%,0.7961%,-0.032674,BWEN,92917.0,2019-03-06,252.0,-1.6296%,-0.0004,0.1509,0.53,0.5753,3.8678%,3.8841%,0.8376%,-0.008933,BWEN,92917.0,2019-03-07,252.0,4.1325%,-0.0001,0.1376,0.5539,0.5644,3.8733%,3.8897%,0.8385%,0.044742,BWEN,92917.0,2019-03-08,252.0,-1.0760%,-0.0003,0.1415,0.5111,0.5729,3.8661%,3.8817%,0.8041%,-0.009865,BWEN,92917.0,2019-03-11,252.0,0.0000%,-0.0003,0.1417,0.4948,0.5635,3.8646%,3.8795%,0.7678%,-0.001059,BWEN,92917.0,2019-03-12,252.0,-3.5088%,-0.0003,0.1522,0.5076,0.5809,3.8690%,3.8848%,0.8111%,-0.033696,BWEN,0.0622899999999999,0.097161,0.1013459999999999,0.1858379999999999,0.1770269999999999
16979,CATERPILLAR INC,The Double Downgrade Hurting Caterpillar's Stock,6,decrease,0.9,0.7,"a double downgrade typically signals negative sentiment from analysts, which is likely to lead to a decrease in stock price.",0,2019-02-26,CAT,2019-02-26 16:08:00+00:00,18542.0,14912310,-0.0242557656019926,7275601.0,0.0115959281101822,0.0196856874972581,-0.0160481836646795,-0.0014401799999177,0.0009465915500186,-0.0101916659623384,0.0064014322124421,0.033210564404726,-0.008745982311666,-0.0029368128161877,-0.0168440826237201,0.0269944351166486,-0.0150559870526194,-0.0036063934676349,-0.0109186517074704,0.0032411844003945,0.0133992722257971,0.0290080327540636,-0.0047329640947282,0.0025659918319433,0.0076993079856038,-0.0013976757181808,0.0014232392422854,-0.0134824160486459,-0.0076296227052807,-0.01106065697968,0.0107786832377314,0.0085574192926287,0.0003727650328073,-0.0002291557466378,-0.0084979459643363,-0.0168969649821519,0.0078941667452454,0.0234417263418436,-0.032000545412302,0.0282937008887529,0.012406569905579,0.0173675008118152,0.0035012287553399,-0.091261126101017,-0.0048543643206357,0.0311158373951911,0.0089176688343286,0.0069032646715641,0.0235703755170106,-0.0031760295387357,0.0351317003369331,-0.0319180116057395,-0.000427790073445,0.0217036791145801,-0.0066339103505015,0.0218744464218616,0.006247382145375,0.0074221533723175,0.0016413024859502,-0.0084218559786677,-0.0038472020532935,-0.0022710298653692,-0.0248176306486129,-0.0064681149087846,0.0086541445925831,0.0206494387239217,0.009743302129209,0.0038529704324901,0.0167782958596944,0.0120097370818257,-0.0067280237562954,0.0006242827512323,0.0126916132867336,0.0546456389129161,0.0049989912658929,-0.038534540683031,0.0103684673085808,-0.0054300972260534,-0.0068359076976776,0.0116232708096504,-0.0024582531768828,-0.0083681819960474,-0.0302753150463104,0.0153093617409467,-0.0116168651729822,0.0667807236313819,0.0213031210005283,-0.0259848646819591,-7.18874143785797e-05,-0.0121760861948132,0.0028772398363798,-0.0063761854544281,-0.0091091971844434,-0.0156111279502511,-0.0215707272291183,-0.0016068496042862,0.0287785716354847,-0.0181430578231811,-0.0165396463125944,0.0069102072156965,-0.0225942991673946,0.0042274766601622,-0.0128675187006592,0.0172833893448114,-0.0056839711032807,-0.0012156700249761,0.0010670685442164,-0.0012950518867,-0.0459874644875526,-0.0375476516783237,0.017318420112133,-0.0073462119325995,-0.0013336327392607,-0.0693054348230362,-0.0054202862083911,0.0241763014346361,-0.0304083283990621,0.0417722687125206,-0.0026881869416683,-0.0041294526308774,0.0205831620842218,0.0495185069739818,-0.0111244451254606,-0.0016026007942855,0.0115959281101822,0.0196856874972581,-0.0046383491385718,0.0182171565639222,-0.0036961482106537,0.0078398274271005,-0.0060878123825646,0.0382526221489432,-0.0398608500245836,0.0996111758443518,-0.0118132302270015,0.0702487955255739,-0.0991359360985661,0.1402266317201952,2019-02-27,2019-02-28,2019-03-01,2019-03-04,2019-03-05,2019-03-06,2019-03-07,2019-03-08,2019-03-11,2019-03-12,18542.0,2019-02-26,252.0,-2.4256%,-0.0004,1.6298,0.0468,0.3543,1.3718%,2.1387%,58.8558%,-0.020485,CAT,18542.0,2019-02-27,252.0,1.1596%,-0.0004,1.6342,0.0421,0.3551,1.3722%,2.1394%,58.8614%,0.010365,CAT,18542.0,2019-02-28,252.0,-1.6048%,-0.0004,1.6394,0.0453,0.3611,1.3731%,2.1397%,58.8217%,-0.010203,CAT,18542.0,2019-03-01,252.0,0.0947%,-0.0004,1.6245,0.023,0.3423,1.3676%,2.1241%,58.5459%,-0.009634,CAT,18542.0,2019-03-04,252.0,0.6401%,-0.0003,1.6186,0.0302,0.3466,1.3692%,2.1170%,58.1684%,0.0135159999999999,CAT,18542.0,2019-03-05,252.0,-0.8746%,-0.0002,1.6274,0.0958,0.3548,1.3507%,2.1115%,59.0786%,-0.005159,CAT,18542.0,2019-03-06,252.0,-1.6844%,-0.0002,1.6203,0.1068,0.3482,1.3475%,2.1043%,58.9913%,-0.002199,CAT,18542.0,2019-03-07,252.0,-1.5056%,-0.0003,1.6179,0.094,0.3414,1.3458%,2.1034%,59.0607%,-0.000635,CAT,18542.0,2019-03-08,252.0,-1.0919%,-0.0002,1.6178,0.1099,0.3405,1.3434%,2.1026%,59.1760%,-0.006916,CAT,18542.0,2019-03-11,252.0,1.3399%,-0.0003,1.6128,0.1149,0.3459,1.3432%,2.1025%,59.1834%,-0.009422,CAT,18542.0,2019-03-12,252.0,-0.4733%,-0.0004,1.6099,0.119,0.3444,1.3440%,2.0937%,58.7903%,-0.008257,CAT,-0.01012,-0.020323,-0.029957,-0.0216,-0.049029
16987,CATERPILLAR INC,"UPDATE: UBS On Caterpillar Also Expects Co's ''2020 EPS to decline ~8% YoY, as continued growth in mining and buybacks will not be enough to offset headwinds in construction and oil & gas'",6,decrease,0.8,0.7,the expectation of an 8% decline in eps due to headwinds in key sectors is likely to negatively impact investor sentiment and lead to a decrease in stock price.,0,2019-02-26,CAT,2019-02-26 14:17:00+00:00,18542.0,14912310,-0.0242557656019926,7275601.0,0.0115959281101822,0.0196856874972581,-0.0160481836646795,-0.0014401799999177,0.0009465915500186,-0.0101916659623384,0.0064014322124421,0.033210564404726,-0.008745982311666,-0.0029368128161877,-0.0168440826237201,0.0269944351166486,-0.0150559870526194,-0.0036063934676349,-0.0109186517074704,0.0032411844003945,0.0133992722257971,0.0290080327540636,-0.0047329640947282,0.0025659918319433,0.0076993079856038,-0.0013976757181808,0.0014232392422854,-0.0134824160486459,-0.0076296227052807,-0.01106065697968,0.0107786832377314,0.0085574192926287,0.0003727650328073,-0.0002291557466378,-0.0084979459643363,-0.0168969649821519,0.0078941667452454,0.0234417263418436,-0.032000545412302,0.0282937008887529,0.012406569905579,0.0173675008118152,0.0035012287553399,-0.091261126101017,-0.0048543643206357,0.0311158373951911,0.0089176688343286,0.0069032646715641,0.0235703755170106,-0.0031760295387357,0.0351317003369331,-0.0319180116057395,-0.000427790073445,0.0217036791145801,-0.0066339103505015,0.0218744464218616,0.006247382145375,0.0074221533723175,0.0016413024859502,-0.0084218559786677,-0.0038472020532935,-0.0022710298653692,-0.0248176306486129,-0.0064681149087846,0.0086541445925831,0.0206494387239217,0.009743302129209,0.0038529704324901,0.0167782958596944,0.0120097370818257,-0.0067280237562954,0.0006242827512323,0.0126916132867336,0.0546456389129161,0.0049989912658929,-0.038534540683031,0.0103684673085808,-0.0054300972260534,-0.0068359076976776,0.0116232708096504,-0.0024582531768828,-0.0083681819960474,-0.0302753150463104,0.0153093617409467,-0.0116168651729822,0.0667807236313819,0.0213031210005283,-0.0259848646819591,-7.18874143785797e-05,-0.0121760861948132,0.0028772398363798,-0.0063761854544281,-0.0091091971844434,-0.0156111279502511,-0.0215707272291183,-0.0016068496042862,0.0287785716354847,-0.0181430578231811,-0.0165396463125944,0.0069102072156965,-0.0225942991673946,0.0042274766601622,-0.0128675187006592,0.0172833893448114,-0.0056839711032807,-0.0012156700249761,0.0010670685442164,-0.0012950518867,-0.0459874644875526,-0.0375476516783237,0.017318420112133,-0.0073462119325995,-0.0013336327392607,-0.0693054348230362,-0.0054202862083911,0.0241763014346361,-0.0304083283990621,0.0417722687125206,-0.0026881869416683,-0.0041294526308774,0.0205831620842218,0.0495185069739818,-0.0111244451254606,-0.0016026007942855,0.0115959281101822,0.0196856874972581,-0.0046383491385718,0.0182171565639222,-0.0036961482106537,0.0078398274271005,-0.0060878123825646,0.0382526221489432,-0.0398608500245836,0.0996111758443518,-0.0118132302270015,0.0702487955255739,-0.0991359360985661,0.1402266317201952,2019-02-27,2019-02-28,2019-03-01,2019-03-04,2019-03-05,2019-03-06,2019-03-07,2019-03-08,2019-03-11,2019-03-12,18542.0,2019-02-26,252.0,-2.4256%,-0.0004,1.6298,0.0468,0.3543,1.3718%,2.1387%,58.8558%,-0.020485,CAT,18542.0,2019-02-27,252.0,1.1596%,-0.0004,1.6342,0.0421,0.3551,1.3722%,2.1394%,58.8614%,0.010365,CAT,18542.0,2019-02-28,252.0,-1.6048%,-0.0004,1.6394,0.0453,0.3611,1.3731%,2.1397%,58.8217%,-0.010203,CAT,18542.0,2019-03-01,252.0,0.0947%,-0.0004,1.6245,0.023,0.3423,1.3676%,2.1241%,58.5459%,-0.009634,CAT,18542.0,2019-03-04,252.0,0.6401%,-0.0003,1.6186,0.0302,0.3466,1.3692%,2.1170%,58.1684%,0.0135159999999999,CAT,18542.0,2019-03-05,252.0,-0.8746%,-0.0002,1.6274,0.0958,0.3548,1.3507%,2.1115%,59.0786%,-0.005159,CAT,18542.0,2019-03-06,252.0,-1.6844%,-0.0002,1.6203,0.1068,0.3482,1.3475%,2.1043%,58.9913%,-0.002199,CAT,18542.0,2019-03-07,252.0,-1.5056%,-0.0003,1.6179,0.094,0.3414,1.3458%,2.1034%,59.0607%,-0.000635,CAT,18542.0,2019-03-08,252.0,-1.0919%,-0.0002,1.6178,0.1099,0.3405,1.3434%,2.1026%,59.1760%,-0.006916,CAT,18542.0,2019-03-11,252.0,1.3399%,-0.0003,1.6128,0.1149,0.3459,1.3432%,2.1025%,59.1834%,-0.009422,CAT,18542.0,2019-03-12,252.0,-0.4733%,-0.0004,1.6099,0.119,0.3444,1.3440%,2.0937%,58.7903%,-0.008257,CAT,-0.01012,-0.020323,-0.029957,-0.0216,-0.049029
16995,CATERPILLAR INC,"UPDATE: UBS Downgrades Caterpillar From Buy To Sell As Firm Believes '~55% of CAT's end markets will peak in 2019, pressuring revenue and margins in 2020 as demand declines'",6,decrease,0.85,0.7,"the downgrade from ubs indicates a negative outlook for caterpillar's revenue and margins, which is likely to lead to a decrease in stock price.",0,2019-02-26,CAT,2019-02-26 14:16:00+00:00,18542.0,14912310,-0.0242557656019926,7275601.0,0.0115959281101822,0.0196856874972581,-0.0160481836646795,-0.0014401799999177,0.0009465915500186,-0.0101916659623384,0.0064014322124421,0.033210564404726,-0.008745982311666,-0.0029368128161877,-0.0168440826237201,0.0269944351166486,-0.0150559870526194,-0.0036063934676349,-0.0109186517074704,0.0032411844003945,0.0133992722257971,0.0290080327540636,-0.0047329640947282,0.0025659918319433,0.0076993079856038,-0.0013976757181808,0.0014232392422854,-0.0134824160486459,-0.0076296227052807,-0.01106065697968,0.0107786832377314,0.0085574192926287,0.0003727650328073,-0.0002291557466378,-0.0084979459643363,-0.0168969649821519,0.0078941667452454,0.0234417263418436,-0.032000545412302,0.0282937008887529,0.012406569905579,0.0173675008118152,0.0035012287553399,-0.091261126101017,-0.0048543643206357,0.0311158373951911,0.0089176688343286,0.0069032646715641,0.0235703755170106,-0.0031760295387357,0.0351317003369331,-0.0319180116057395,-0.000427790073445,0.0217036791145801,-0.0066339103505015,0.0218744464218616,0.006247382145375,0.0074221533723175,0.0016413024859502,-0.0084218559786677,-0.0038472020532935,-0.0022710298653692,-0.0248176306486129,-0.0064681149087846,0.0086541445925831,0.0206494387239217,0.009743302129209,0.0038529704324901,0.0167782958596944,0.0120097370818257,-0.0067280237562954,0.0006242827512323,0.0126916132867336,0.0546456389129161,0.0049989912658929,-0.038534540683031,0.0103684673085808,-0.0054300972260534,-0.0068359076976776,0.0116232708096504,-0.0024582531768828,-0.0083681819960474,-0.0302753150463104,0.0153093617409467,-0.0116168651729822,0.0667807236313819,0.0213031210005283,-0.0259848646819591,-7.18874143785797e-05,-0.0121760861948132,0.0028772398363798,-0.0063761854544281,-0.0091091971844434,-0.0156111279502511,-0.0215707272291183,-0.0016068496042862,0.0287785716354847,-0.0181430578231811,-0.0165396463125944,0.0069102072156965,-0.0225942991673946,0.0042274766601622,-0.0128675187006592,0.0172833893448114,-0.0056839711032807,-0.0012156700249761,0.0010670685442164,-0.0012950518867,-0.0459874644875526,-0.0375476516783237,0.017318420112133,-0.0073462119325995,-0.0013336327392607,-0.0693054348230362,-0.0054202862083911,0.0241763014346361,-0.0304083283990621,0.0417722687125206,-0.0026881869416683,-0.0041294526308774,0.0205831620842218,0.0495185069739818,-0.0111244451254606,-0.0016026007942855,0.0115959281101822,0.0196856874972581,-0.0046383491385718,0.0182171565639222,-0.0036961482106537,0.0078398274271005,-0.0060878123825646,0.0382526221489432,-0.0398608500245836,0.0996111758443518,-0.0118132302270015,0.0702487955255739,-0.0991359360985661,0.1402266317201952,2019-02-27,2019-02-28,2019-03-01,2019-03-04,2019-03-05,2019-03-06,2019-03-07,2019-03-08,2019-03-11,2019-03-12,18542.0,2019-02-26,252.0,-2.4256%,-0.0004,1.6298,0.0468,0.3543,1.3718%,2.1387%,58.8558%,-0.020485,CAT,18542.0,2019-02-27,252.0,1.1596%,-0.0004,1.6342,0.0421,0.3551,1.3722%,2.1394%,58.8614%,0.010365,CAT,18542.0,2019-02-28,252.0,-1.6048%,-0.0004,1.6394,0.0453,0.3611,1.3731%,2.1397%,58.8217%,-0.010203,CAT,18542.0,2019-03-01,252.0,0.0947%,-0.0004,1.6245,0.023,0.3423,1.3676%,2.1241%,58.5459%,-0.009634,CAT,18542.0,2019-03-04,252.0,0.6401%,-0.0003,1.6186,0.0302,0.3466,1.3692%,2.1170%,58.1684%,0.0135159999999999,CAT,18542.0,2019-03-05,252.0,-0.8746%,-0.0002,1.6274,0.0958,0.3548,1.3507%,2.1115%,59.0786%,-0.005159,CAT,18542.0,2019-03-06,252.0,-1.6844%,-0.0002,1.6203,0.1068,0.3482,1.3475%,2.1043%,58.9913%,-0.002199,CAT,18542.0,2019-03-07,252.0,-1.5056%,-0.0003,1.6179,0.094,0.3414,1.3458%,2.1034%,59.0607%,-0.000635,CAT,18542.0,2019-03-08,252.0,-1.0919%,-0.0002,1.6178,0.1099,0.3405,1.3434%,2.1026%,59.1760%,-0.006916,CAT,18542.0,2019-03-11,252.0,1.3399%,-0.0003,1.6128,0.1149,0.3459,1.3432%,2.1025%,59.1834%,-0.009422,CAT,18542.0,2019-03-12,252.0,-0.4733%,-0.0004,1.6099,0.119,0.3444,1.3440%,2.0937%,58.7903%,-0.008257,CAT,-0.01012,-0.020323,-0.029957,-0.0216,-0.049029
17003,CATERPILLAR INC,Caterpillar shares are trading lower after UBS downgraded the stock from Buy to Sell and announced a $125 price target.,6,decrease,0.85,0.7,"the downgrade from buy to sell by ubs typically signals a negative outlook, likely leading to a decrease in investor confidence and a drop in stock price.",0,2019-02-26,CAT,2019-02-26 13:04:00+00:00,18542.0,14912310,-0.0242557656019926,7275601.0,0.0115959281101822,0.0196856874972581,-0.0160481836646795,-0.0014401799999177,0.0009465915500186,-0.0101916659623384,0.0064014322124421,0.033210564404726,-0.008745982311666,-0.0029368128161877,-0.0168440826237201,0.0269944351166486,-0.0150559870526194,-0.0036063934676349,-0.0109186517074704,0.0032411844003945,0.0133992722257971,0.0290080327540636,-0.0047329640947282,0.0025659918319433,0.0076993079856038,-0.0013976757181808,0.0014232392422854,-0.0134824160486459,-0.0076296227052807,-0.01106065697968,0.0107786832377314,0.0085574192926287,0.0003727650328073,-0.0002291557466378,-0.0084979459643363,-0.0168969649821519,0.0078941667452454,0.0234417263418436,-0.032000545412302,0.0282937008887529,0.012406569905579,0.0173675008118152,0.0035012287553399,-0.091261126101017,-0.0048543643206357,0.0311158373951911,0.0089176688343286,0.0069032646715641,0.0235703755170106,-0.0031760295387357,0.0351317003369331,-0.0319180116057395,-0.000427790073445,0.0217036791145801,-0.0066339103505015,0.0218744464218616,0.006247382145375,0.0074221533723175,0.0016413024859502,-0.0084218559786677,-0.0038472020532935,-0.0022710298653692,-0.0248176306486129,-0.0064681149087846,0.0086541445925831,0.0206494387239217,0.009743302129209,0.0038529704324901,0.0167782958596944,0.0120097370818257,-0.0067280237562954,0.0006242827512323,0.0126916132867336,0.0546456389129161,0.0049989912658929,-0.038534540683031,0.0103684673085808,-0.0054300972260534,-0.0068359076976776,0.0116232708096504,-0.0024582531768828,-0.0083681819960474,-0.0302753150463104,0.0153093617409467,-0.0116168651729822,0.0667807236313819,0.0213031210005283,-0.0259848646819591,-7.18874143785797e-05,-0.0121760861948132,0.0028772398363798,-0.0063761854544281,-0.0091091971844434,-0.0156111279502511,-0.0215707272291183,-0.0016068496042862,0.0287785716354847,-0.0181430578231811,-0.0165396463125944,0.0069102072156965,-0.0225942991673946,0.0042274766601622,-0.0128675187006592,0.0172833893448114,-0.0056839711032807,-0.0012156700249761,0.0010670685442164,-0.0012950518867,-0.0459874644875526,-0.0375476516783237,0.017318420112133,-0.0073462119325995,-0.0013336327392607,-0.0693054348230362,-0.0054202862083911,0.0241763014346361,-0.0304083283990621,0.0417722687125206,-0.0026881869416683,-0.0041294526308774,0.0205831620842218,0.0495185069739818,-0.0111244451254606,-0.0016026007942855,0.0115959281101822,0.0196856874972581,-0.0046383491385718,0.0182171565639222,-0.0036961482106537,0.0078398274271005,-0.0060878123825646,0.0382526221489432,-0.0398608500245836,0.0996111758443518,-0.0118132302270015,0.0702487955255739,-0.0991359360985661,0.1402266317201952,2019-02-27,2019-02-28,2019-03-01,2019-03-04,2019-03-05,2019-03-06,2019-03-07,2019-03-08,2019-03-11,2019-03-12,18542.0,2019-02-26,252.0,-2.4256%,-0.0004,1.6298,0.0468,0.3543,1.3718%,2.1387%,58.8558%,-0.020485,CAT,18542.0,2019-02-27,252.0,1.1596%,-0.0004,1.6342,0.0421,0.3551,1.3722%,2.1394%,58.8614%,0.010365,CAT,18542.0,2019-02-28,252.0,-1.6048%,-0.0004,1.6394,0.0453,0.3611,1.3731%,2.1397%,58.8217%,-0.010203,CAT,18542.0,2019-03-01,252.0,0.0947%,-0.0004,1.6245,0.023,0.3423,1.3676%,2.1241%,58.5459%,-0.009634,CAT,18542.0,2019-03-04,252.0,0.6401%,-0.0003,1.6186,0.0302,0.3466,1.3692%,2.1170%,58.1684%,0.0135159999999999,CAT,18542.0,2019-03-05,252.0,-0.8746%,-0.0002,1.6274,0.0958,0.3548,1.3507%,2.1115%,59.0786%,-0.005159,CAT,18542.0,2019-03-06,252.0,-1.6844%,-0.0002,1.6203,0.1068,0.3482,1.3475%,2.1043%,58.9913%,-0.002199,CAT,18542.0,2019-03-07,252.0,-1.5056%,-0.0003,1.6179,0.094,0.3414,1.3458%,2.1034%,59.0607%,-0.000635,CAT,18542.0,2019-03-08,252.0,-1.0919%,-0.0002,1.6178,0.1099,0.3405,1.3434%,2.1026%,59.1760%,-0.006916,CAT,18542.0,2019-03-11,252.0,1.3399%,-0.0003,1.6128,0.1149,0.3459,1.3432%,2.1025%,59.1834%,-0.009422,CAT,18542.0,2019-03-12,252.0,-0.4733%,-0.0004,1.6099,0.119,0.3444,1.3440%,2.0937%,58.7903%,-0.008257,CAT,-0.01012,-0.020323,-0.029957,-0.0216,-0.049029
17011,CATERPILLAR INC,"UBS Downgrades Caterpillar to Sell, Lowers Price Target to $125",6,decrease,0.8,0.7,"a downgrade to 'sell' and a lowered price target typically signal negative sentiment, which is likely to lead to a decrease in stock price.",0,2019-02-26,CAT,2019-02-26 11:31:00+00:00,18542.0,14912310,-0.0242557656019926,7275601.0,0.0115959281101822,0.0196856874972581,-0.0160481836646795,-0.0014401799999177,0.0009465915500186,-0.0101916659623384,0.0064014322124421,0.033210564404726,-0.008745982311666,-0.0029368128161877,-0.0168440826237201,0.0269944351166486,-0.0150559870526194,-0.0036063934676349,-0.0109186517074704,0.0032411844003945,0.0133992722257971,0.0290080327540636,-0.0047329640947282,0.0025659918319433,0.0076993079856038,-0.0013976757181808,0.0014232392422854,-0.0134824160486459,-0.0076296227052807,-0.01106065697968,0.0107786832377314,0.0085574192926287,0.0003727650328073,-0.0002291557466378,-0.0084979459643363,-0.0168969649821519,0.0078941667452454,0.0234417263418436,-0.032000545412302,0.0282937008887529,0.012406569905579,0.0173675008118152,0.0035012287553399,-0.091261126101017,-0.0048543643206357,0.0311158373951911,0.0089176688343286,0.0069032646715641,0.0235703755170106,-0.0031760295387357,0.0351317003369331,-0.0319180116057395,-0.000427790073445,0.0217036791145801,-0.0066339103505015,0.0218744464218616,0.006247382145375,0.0074221533723175,0.0016413024859502,-0.0084218559786677,-0.0038472020532935,-0.0022710298653692,-0.0248176306486129,-0.0064681149087846,0.0086541445925831,0.0206494387239217,0.009743302129209,0.0038529704324901,0.0167782958596944,0.0120097370818257,-0.0067280237562954,0.0006242827512323,0.0126916132867336,0.0546456389129161,0.0049989912658929,-0.038534540683031,0.0103684673085808,-0.0054300972260534,-0.0068359076976776,0.0116232708096504,-0.0024582531768828,-0.0083681819960474,-0.0302753150463104,0.0153093617409467,-0.0116168651729822,0.0667807236313819,0.0213031210005283,-0.0259848646819591,-7.18874143785797e-05,-0.0121760861948132,0.0028772398363798,-0.0063761854544281,-0.0091091971844434,-0.0156111279502511,-0.0215707272291183,-0.0016068496042862,0.0287785716354847,-0.0181430578231811,-0.0165396463125944,0.0069102072156965,-0.0225942991673946,0.0042274766601622,-0.0128675187006592,0.0172833893448114,-0.0056839711032807,-0.0012156700249761,0.0010670685442164,-0.0012950518867,-0.0459874644875526,-0.0375476516783237,0.017318420112133,-0.0073462119325995,-0.0013336327392607,-0.0693054348230362,-0.0054202862083911,0.0241763014346361,-0.0304083283990621,0.0417722687125206,-0.0026881869416683,-0.0041294526308774,0.0205831620842218,0.0495185069739818,-0.0111244451254606,-0.0016026007942855,0.0115959281101822,0.0196856874972581,-0.0046383491385718,0.0182171565639222,-0.0036961482106537,0.0078398274271005,-0.0060878123825646,0.0382526221489432,-0.0398608500245836,0.0996111758443518,-0.0118132302270015,0.0702487955255739,-0.0991359360985661,0.1402266317201952,2019-02-27,2019-02-28,2019-03-01,2019-03-04,2019-03-05,2019-03-06,2019-03-07,2019-03-08,2019-03-11,2019-03-12,18542.0,2019-02-26,252.0,-2.4256%,-0.0004,1.6298,0.0468,0.3543,1.3718%,2.1387%,58.8558%,-0.020485,CAT,18542.0,2019-02-27,252.0,1.1596%,-0.0004,1.6342,0.0421,0.3551,1.3722%,2.1394%,58.8614%,0.010365,CAT,18542.0,2019-02-28,252.0,-1.6048%,-0.0004,1.6394,0.0453,0.3611,1.3731%,2.1397%,58.8217%,-0.010203,CAT,18542.0,2019-03-01,252.0,0.0947%,-0.0004,1.6245,0.023,0.3423,1.3676%,2.1241%,58.5459%,-0.009634,CAT,18542.0,2019-03-04,252.0,0.6401%,-0.0003,1.6186,0.0302,0.3466,1.3692%,2.1170%,58.1684%,0.0135159999999999,CAT,18542.0,2019-03-05,252.0,-0.8746%,-0.0002,1.6274,0.0958,0.3548,1.3507%,2.1115%,59.0786%,-0.005159,CAT,18542.0,2019-03-06,252.0,-1.6844%,-0.0002,1.6203,0.1068,0.3482,1.3475%,2.1043%,58.9913%,-0.002199,CAT,18542.0,2019-03-07,252.0,-1.5056%,-0.0003,1.6179,0.094,0.3414,1.3458%,2.1034%,59.0607%,-0.000635,CAT,18542.0,2019-03-08,252.0,-1.0919%,-0.0002,1.6178,0.1099,0.3405,1.3434%,2.1026%,59.1760%,-0.006916,CAT,18542.0,2019-03-11,252.0,1.3399%,-0.0003,1.6128,0.1149,0.3459,1.3432%,2.1025%,59.1834%,-0.009422,CAT,18542.0,2019-03-12,252.0,-0.4733%,-0.0004,1.6099,0.119,0.3444,1.3440%,2.0937%,58.7903%,-0.008257,CAT,-0.01012,-0.020323,-0.029957,-0.0216,-0.049029
17019,CODEXIS INC,Codexis Sees FY19 Sales $69M-$72M vs $73.84M Est.,6,decrease,0.8,0.6,"the company's sales forecast is below analyst expectations, which is likely to lead to a negative reaction in the stock price.",0,2019-02-26,CDXS,2019-02-26 21:14:00+00:00,93345.0,19200510,-0.005887642968446,607835.0,-0.010022833943367,0.0096021527424454,-0.0050620664842426,-0.0045515918172895,-0.0328400060534477,0.0077981688082218,-0.0516499243676662,0.0,-0.0297529082745313,-0.0054744910448789,0.0322245769202709,0.0059660007245838,0.0065457783639431,0.0158508215099573,-0.0305152889341116,-0.0316026583313942,0.048503641039133,0.0216789357364177,0.0162401534616947,0.007434937171638,0.0072639039717614,-0.0009285263367928,-0.0091345496475696,0.0009293892653658,0.0237748548388481,0.0381090641021728,-0.0132701741531491,0.0609006434679031,0.0043227737769484,0.0087764617055654,0.0076518338173627,0.0292242914438247,-0.0090175857767462,0.0638778507709503,-0.060344748198986,0.041200753301382,0.0188582520931959,0.0029515486676245,0.0130065148696303,-0.0145433386787772,-0.0167901311069726,0.0147579684853553,0.0241084657609462,0.010137153789401,0.00686617475003,0.0182150062173605,0.0194836631417274,-0.0311765111982822,0.0348781421780586,-0.0224266480654478,0.0101569397374987,0.0603658407926559,-0.0201096273958683,0.0269254446029663,0.0121268760412931,0.0217530485242605,-0.0147466175258159,-0.0303970649838447,-0.010757696814835,-0.0049382667057216,0.0056737987324595,-0.0018483536550775,-0.0126939564943313,-0.0345032699406147,-0.0176190882921218,0.0194056816399097,0.0072710388340055,0.0280547905713319,-0.0091434326022863,0.0328397415578365,-0.0529383271932601,-0.0360025353729724,0.0051282248459756,-0.0353293493390083,0.0321428142488002,0.0096735088154673,0.0039545195177197,0.0134804667904973,-0.0531757734715938,0.0168224591761827,-0.001040065428242,0.0354838222265243,-0.0036439197137951,-0.0269931126385927,0.0245559681206941,-0.0876288041472435,0.0045895026996731,-0.082501396536827,-0.0071066645905375,-0.0041862856596708,0.0143149634823203,0.0068493713624775,0.0297379102557897,-0.0271655917167663,0.0093000745400786,-0.0176233816891908,-0.0654704347252845,-0.0307466648519039,0.0015567607479169,-0.0009751563775353,0.0238342490047216,-0.0325471945106983,0.0,-0.0004713966045528,-0.0652834475040435,-0.0467416159808635,0.0286952201277017,0.0159817524254322,0.0194737277925014,-0.0296854265034198,0.0129065560176968,0.0296532679349184,-0.0321101434528827,0.0503114126622676,-0.0131648238748312,0.0285855047404766,0.0149413384497165,0.0718436688184738,0.0252365674823522,0.0117584839463233,-0.010022833943367,0.0096021527424454,-0.0150341641758278,0.0050068558453049,-0.0473804481867328,0.0128440689606068,-0.1234624538875145,0.0072992631752233,-0.0592255616111701,0.0260222791007183,-0.0364465193075091,0.3629628968306553,-0.1116173475340651,0.1801176332062102,2019-02-27,2019-02-28,2019-03-01,2019-03-04,2019-03-05,2019-03-06,2019-03-07,2019-03-08,2019-03-11,2019-03-12,93345.0,2019-02-26,252.0,-0.5888%,0.0034,1.3416,1.2057,-0.6664,2.8530%,3.3850%,28.9637%,0.001673,CDXS,93345.0,2019-02-27,252.0,-1.0023%,0.0033,1.3444,1.1954,-0.6659,2.8548%,3.3861%,28.9209%,-0.014421,CDXS,93345.0,2019-02-28,252.0,-0.5062%,0.0032,1.366,1.21,-0.6488,2.8450%,3.3847%,29.3500%,-0.002898,CDXS,93345.0,2019-03-01,252.0,-3.2840%,0.0028,1.3772,1.2266,-0.6074,2.8543%,3.3908%,29.1384%,-0.04887,CDXS,93345.0,2019-03-04,252.0,-5.1650%,0.0027,1.3826,1.2448,-0.617,2.8655%,3.4086%,29.3293%,-0.037303,CDXS,93345.0,2019-03-05,252.0,-2.9753%,0.0023,1.3738,1.1581,-0.613,2.8459%,3.3718%,28.7573%,-0.025114,CDXS,93345.0,2019-03-06,252.0,3.2225%,0.0024,1.3308,1.0597,-0.675,2.8577%,3.3648%,27.8679%,0.058512,CDXS,93345.0,2019-03-07,252.0,0.6546%,0.0024,1.3246,1.0556,-0.6844,2.8590%,3.3641%,27.7778%,0.015883,CDXS,93345.0,2019-03-08,252.0,-3.0515%,0.0025,1.3261,1.1011,-0.6844,2.8539%,3.3654%,28.0887%,-0.029383,CDXS,93345.0,2019-03-11,252.0,4.8504%,0.0026,1.3362,1.0965,-0.6922,2.8549%,3.3768%,28.5192%,0.0211319999999999,CDXS,93345.0,2019-03-12,252.0,1.6240%,0.0026,1.3189,1.0944,-0.713,2.8528%,3.3687%,28.2861%,0.015326,CDXS,-0.0127479999999999,-0.015646,-0.0645159999999999,-0.126933,-0.0454629999999999
17027,CODEXIS INC,"Codexis Q4 Adj. EPS $0.03 Beats $(0.03) Estimate, Sales $16.07M Miss $16.66M Estimate",6,uncertain,0.6,0.3,"while codexis beat earnings expectations, the miss on sales could create mixed reactions among investors, leading to uncertainty in the stock price movement.",1,2019-02-26,CDXS,2019-02-26 21:12:00+00:00,93345.0,19200510,-0.005887642968446,607835.0,-0.010022833943367,0.0096021527424454,-0.0050620664842426,-0.0045515918172895,-0.0328400060534477,0.0077981688082218,-0.0516499243676662,0.0,-0.0297529082745313,-0.0054744910448789,0.0322245769202709,0.0059660007245838,0.0065457783639431,0.0158508215099573,-0.0305152889341116,-0.0316026583313942,0.048503641039133,0.0216789357364177,0.0162401534616947,0.007434937171638,0.0072639039717614,-0.0009285263367928,-0.0091345496475696,0.0009293892653658,0.0237748548388481,0.0381090641021728,-0.0132701741531491,0.0609006434679031,0.0043227737769484,0.0087764617055654,0.0076518338173627,0.0292242914438247,-0.0090175857767462,0.0638778507709503,-0.060344748198986,0.041200753301382,0.0188582520931959,0.0029515486676245,0.0130065148696303,-0.0145433386787772,-0.0167901311069726,0.0147579684853553,0.0241084657609462,0.010137153789401,0.00686617475003,0.0182150062173605,0.0194836631417274,-0.0311765111982822,0.0348781421780586,-0.0224266480654478,0.0101569397374987,0.0603658407926559,-0.0201096273958683,0.0269254446029663,0.0121268760412931,0.0217530485242605,-0.0147466175258159,-0.0303970649838447,-0.010757696814835,-0.0049382667057216,0.0056737987324595,-0.0018483536550775,-0.0126939564943313,-0.0345032699406147,-0.0176190882921218,0.0194056816399097,0.0072710388340055,0.0280547905713319,-0.0091434326022863,0.0328397415578365,-0.0529383271932601,-0.0360025353729724,0.0051282248459756,-0.0353293493390083,0.0321428142488002,0.0096735088154673,0.0039545195177197,0.0134804667904973,-0.0531757734715938,0.0168224591761827,-0.001040065428242,0.0354838222265243,-0.0036439197137951,-0.0269931126385927,0.0245559681206941,-0.0876288041472435,0.0045895026996731,-0.082501396536827,-0.0071066645905375,-0.0041862856596708,0.0143149634823203,0.0068493713624775,0.0297379102557897,-0.0271655917167663,0.0093000745400786,-0.0176233816891908,-0.0654704347252845,-0.0307466648519039,0.0015567607479169,-0.0009751563775353,0.0238342490047216,-0.0325471945106983,0.0,-0.0004713966045528,-0.0652834475040435,-0.0467416159808635,0.0286952201277017,0.0159817524254322,0.0194737277925014,-0.0296854265034198,0.0129065560176968,0.0296532679349184,-0.0321101434528827,0.0503114126622676,-0.0131648238748312,0.0285855047404766,0.0149413384497165,0.0718436688184738,0.0252365674823522,0.0117584839463233,-0.010022833943367,0.0096021527424454,-0.0150341641758278,0.0050068558453049,-0.0473804481867328,0.0128440689606068,-0.1234624538875145,0.0072992631752233,-0.0592255616111701,0.0260222791007183,-0.0364465193075091,0.3629628968306553,-0.1116173475340651,0.1801176332062102,2019-02-27,2019-02-28,2019-03-01,2019-03-04,2019-03-05,2019-03-06,2019-03-07,2019-03-08,2019-03-11,2019-03-12,93345.0,2019-02-26,252.0,-0.5888%,0.0034,1.3416,1.2057,-0.6664,2.8530%,3.3850%,28.9637%,0.001673,CDXS,93345.0,2019-02-27,252.0,-1.0023%,0.0033,1.3444,1.1954,-0.6659,2.8548%,3.3861%,28.9209%,-0.014421,CDXS,93345.0,2019-02-28,252.0,-0.5062%,0.0032,1.366,1.21,-0.6488,2.8450%,3.3847%,29.3500%,-0.002898,CDXS,93345.0,2019-03-01,252.0,-3.2840%,0.0028,1.3772,1.2266,-0.6074,2.8543%,3.3908%,29.1384%,-0.04887,CDXS,93345.0,2019-03-04,252.0,-5.1650%,0.0027,1.3826,1.2448,-0.617,2.8655%,3.4086%,29.3293%,-0.037303,CDXS,93345.0,2019-03-05,252.0,-2.9753%,0.0023,1.3738,1.1581,-0.613,2.8459%,3.3718%,28.7573%,-0.025114,CDXS,93345.0,2019-03-06,252.0,3.2225%,0.0024,1.3308,1.0597,-0.675,2.8577%,3.3648%,27.8679%,0.058512,CDXS,93345.0,2019-03-07,252.0,0.6546%,0.0024,1.3246,1.0556,-0.6844,2.8590%,3.3641%,27.7778%,0.015883,CDXS,93345.0,2019-03-08,252.0,-3.0515%,0.0025,1.3261,1.1011,-0.6844,2.8539%,3.3654%,28.0887%,-0.029383,CDXS,93345.0,2019-03-11,252.0,4.8504%,0.0026,1.3362,1.0965,-0.6922,2.8549%,3.3768%,28.5192%,0.0211319999999999,CDXS,93345.0,2019-03-12,252.0,1.6240%,0.0026,1.3189,1.0944,-0.713,2.8528%,3.3687%,28.2861%,0.015326,CDXS,-0.0127479999999999,-0.015646,-0.0645159999999999,-0.126933,-0.0454629999999999
17035,CERUS CORP,Cerus Corporation Sees FY19 Product Revenue $70M-$73M,6,increase,0.7,0.6,"the projected product revenue of $70m-$73m suggests positive growth expectations, which could lead to an increase in investor confidence and stock price.",2,2019-02-26,CERS,2019-02-26 22:20:00+00:00,84413.0,15708510,-0.0202176738530397,2248504.0,0.0492063388228416,-0.0257575884461402,-0.0151285780593752,0.0,0.0522272922098636,-0.0090090008452534,-0.037956167012453,0.0199080593883991,0.0,0.0092736352235078,-0.0227617733180522,0.0351999662816524,0.0062111741863191,-0.0249609760940074,0.0,0.0207005776464939,-0.0123456669971346,0.057239081710577,0.0015624612569808,0.0153846414759755,-0.0202807560563087,-0.0101522747427225,-0.0175159443169832,-0.0100502418354153,-0.0081037580966949,-0.0050000348128378,0.0163398534059524,-0.0066225104965269,0.019292663782835,0.0219966359436512,0.006309141870588,-0.0083892941474914,0.0125391725450754,0.0419580861926078,-0.0464396588504314,0.0052723605185747,-0.0016233364585787,0.0142602352425456,-0.0016260534757748,-0.0226480215787887,-0.0065146517008543,0.024999976158142,0.0147541239857673,0.0294117368757724,0.0064620291814208,-0.0337477885186672,-0.0208667926490306,-0.0088027669116854,0.0065573710016906,0.0053096869960427,0.0309446360915899,-0.0035273334942758,0.0094786640256643,-0.0017605198081582,0.0187794007360935,0.0053096869960427,0.0138248344883322,0.0071301176212728,-0.0090909004211425,-0.0140597401186823,0.0,-0.0035026236437261,-0.016819592565298,0.0214668847620487,-0.012441667728126,-0.0088651981204748,-0.0125984130427241,0.046382188796997,-0.0271132495254278,0.0445736497640609,-0.0491802804172039,-0.033707920461893,-0.0086207222193479,0.0532544329762458,0.0260869730263948,0.0160321444272995,0.0288135726004838,0.0204498786479234,-0.006589779164642,-0.0160965640097856,-0.0033167463261634,0.0101625435054302,0.0049916356801986,-0.0140279959887266,0.0099337650462985,0.0142275802791118,0.0049180672504007,-0.1054545342922211,0.0,-0.005424992647022,0.0326263941824436,0.0128205437213182,-0.0221168827265501,-0.0126582579687237,0.0549273267388343,-0.0246913339942693,0.0061255684122443,-0.0139130298048257,-0.1278539001941681,0.0360359996557235,-0.0401396192610263,0.007259520702064,0.007272720336914,0.029906602576375,-0.0108303148299455,-0.0394973531365394,-0.0036496315151453,0.0257827527821064,0.0128205437213182,0.0149532565847039,-0.0072333519347012,0.0190476011484861,-0.0036429839674383,0.009615421295166,-0.0146252149716019,-0.0151515901088714,-0.0129869570955634,0.0193050932139158,-0.0131579264998436,-0.0281426068395376,0.0492063388228416,-0.0257575884461402,0.0333333388255689,-0.0257575884461402,0.0873015410626061,-0.0345345391553107,0.0460317421771363,-0.0061823766072295,0.0174602671131061,0.0991452823578635,0.0380952044134541,0.1300526757687345,-0.1666666868887163,0.206378962206384,2019-02-27,2019-02-28,2019-03-01,2019-03-04,2019-03-05,2019-03-06,2019-03-07,2019-03-08,2019-03-11,2019-03-12,84413.0,2019-02-26,252.0,-2.0218%,0.0012,0.9181,1.1441,-1.105,2.3696%,2.8715%,31.8980%,-0.01529,CERS,84413.0,2019-02-27,252.0,4.9206%,0.0013,0.9145,1.1631,-1.1054,2.3847%,2.8854%,31.6950%,0.04478,CERS,84413.0,2019-02-28,252.0,-1.5129%,0.0012,0.9197,1.1662,-1.0978,2.3869%,2.8865%,31.6230%,-0.01539,CERS,84413.0,2019-03-01,252.0,5.2227%,0.0013,0.9382,1.1936,-1.0861,2.3953%,2.9036%,31.9443%,0.037742,CERS,84413.0,2019-03-04,252.0,-3.7956%,0.0012,0.9446,1.1953,-1.093,2.4002%,2.9143%,32.1650%,-0.024157,CERS,84413.0,2019-03-05,252.0,0.0000%,0.001,0.936,1.1299,-1.0996,2.3889%,2.8881%,31.5837%,0.0025979999999999,CERS,84413.0,2019-03-06,252.0,-2.2762%,0.0011,0.9475,1.1232,-1.0876,2.3854%,2.8900%,31.8737%,-0.000313,CERS,84413.0,2019-03-07,252.0,0.6211%,0.001,0.9374,1.0933,-1.1094,2.3820%,2.8834%,31.7516%,0.011088,CERS,84413.0,2019-03-08,252.0,0.0000%,0.001,0.9381,1.0861,-1.108,2.3817%,2.8807%,31.6435%,-0.00046,CERS,84413.0,2019-03-11,252.0,-1.2346%,0.0009,0.9189,1.0725,-1.1059,2.3929%,2.8819%,31.0534%,-0.036085,CERS,84413.0,2019-03-12,252.0,0.1562%,0.0008,0.9156,1.073,-1.1094,2.3928%,2.8807%,31.0038%,0.0012939999999999,CERS,0.02949,0.0141,0.051842,0.0302829999999999,0.0058069999999999
17043,CERUS CORP,"Cerus Q4 EPS $(0.12) Misses $(0.11) Estimate, Sales $16.525M Miss $20.6M Estimate",6,decrease,0.8,0.7,"the company reported a larger-than-expected loss and lower sales than anticipated, which typically leads to a negative reaction in the stock market.",0,2019-02-26,CERS,2019-02-26 22:17:00+00:00,84413.0,15708510,-0.0202176738530397,2248504.0,0.0492063388228416,-0.0257575884461402,-0.0151285780593752,0.0,0.0522272922098636,-0.0090090008452534,-0.037956167012453,0.0199080593883991,0.0,0.0092736352235078,-0.0227617733180522,0.0351999662816524,0.0062111741863191,-0.0249609760940074,0.0,0.0207005776464939,-0.0123456669971346,0.057239081710577,0.0015624612569808,0.0153846414759755,-0.0202807560563087,-0.0101522747427225,-0.0175159443169832,-0.0100502418354153,-0.0081037580966949,-0.0050000348128378,0.0163398534059524,-0.0066225104965269,0.019292663782835,0.0219966359436512,0.006309141870588,-0.0083892941474914,0.0125391725450754,0.0419580861926078,-0.0464396588504314,0.0052723605185747,-0.0016233364585787,0.0142602352425456,-0.0016260534757748,-0.0226480215787887,-0.0065146517008543,0.024999976158142,0.0147541239857673,0.0294117368757724,0.0064620291814208,-0.0337477885186672,-0.0208667926490306,-0.0088027669116854,0.0065573710016906,0.0053096869960427,0.0309446360915899,-0.0035273334942758,0.0094786640256643,-0.0017605198081582,0.0187794007360935,0.0053096869960427,0.0138248344883322,0.0071301176212728,-0.0090909004211425,-0.0140597401186823,0.0,-0.0035026236437261,-0.016819592565298,0.0214668847620487,-0.012441667728126,-0.0088651981204748,-0.0125984130427241,0.046382188796997,-0.0271132495254278,0.0445736497640609,-0.0491802804172039,-0.033707920461893,-0.0086207222193479,0.0532544329762458,0.0260869730263948,0.0160321444272995,0.0288135726004838,0.0204498786479234,-0.006589779164642,-0.0160965640097856,-0.0033167463261634,0.0101625435054302,0.0049916356801986,-0.0140279959887266,0.0099337650462985,0.0142275802791118,0.0049180672504007,-0.1054545342922211,0.0,-0.005424992647022,0.0326263941824436,0.0128205437213182,-0.0221168827265501,-0.0126582579687237,0.0549273267388343,-0.0246913339942693,0.0061255684122443,-0.0139130298048257,-0.1278539001941681,0.0360359996557235,-0.0401396192610263,0.007259520702064,0.007272720336914,0.029906602576375,-0.0108303148299455,-0.0394973531365394,-0.0036496315151453,0.0257827527821064,0.0128205437213182,0.0149532565847039,-0.0072333519347012,0.0190476011484861,-0.0036429839674383,0.009615421295166,-0.0146252149716019,-0.0151515901088714,-0.0129869570955634,0.0193050932139158,-0.0131579264998436,-0.0281426068395376,0.0492063388228416,-0.0257575884461402,0.0333333388255689,-0.0257575884461402,0.0873015410626061,-0.0345345391553107,0.0460317421771363,-0.0061823766072295,0.0174602671131061,0.0991452823578635,0.0380952044134541,0.1300526757687345,-0.1666666868887163,0.206378962206384,2019-02-27,2019-02-28,2019-03-01,2019-03-04,2019-03-05,2019-03-06,2019-03-07,2019-03-08,2019-03-11,2019-03-12,84413.0,2019-02-26,252.0,-2.0218%,0.0012,0.9181,1.1441,-1.105,2.3696%,2.8715%,31.8980%,-0.01529,CERS,84413.0,2019-02-27,252.0,4.9206%,0.0013,0.9145,1.1631,-1.1054,2.3847%,2.8854%,31.6950%,0.04478,CERS,84413.0,2019-02-28,252.0,-1.5129%,0.0012,0.9197,1.1662,-1.0978,2.3869%,2.8865%,31.6230%,-0.01539,CERS,84413.0,2019-03-01,252.0,5.2227%,0.0013,0.9382,1.1936,-1.0861,2.3953%,2.9036%,31.9443%,0.037742,CERS,84413.0,2019-03-04,252.0,-3.7956%,0.0012,0.9446,1.1953,-1.093,2.4002%,2.9143%,32.1650%,-0.024157,CERS,84413.0,2019-03-05,252.0,0.0000%,0.001,0.936,1.1299,-1.0996,2.3889%,2.8881%,31.5837%,0.0025979999999999,CERS,84413.0,2019-03-06,252.0,-2.2762%,0.0011,0.9475,1.1232,-1.0876,2.3854%,2.8900%,31.8737%,-0.000313,CERS,84413.0,2019-03-07,252.0,0.6211%,0.001,0.9374,1.0933,-1.1094,2.3820%,2.8834%,31.7516%,0.011088,CERS,84413.0,2019-03-08,252.0,0.0000%,0.001,0.9381,1.0861,-1.108,2.3817%,2.8807%,31.6435%,-0.00046,CERS,84413.0,2019-03-11,252.0,-1.2346%,0.0009,0.9189,1.0725,-1.1059,2.3929%,2.8819%,31.0534%,-0.036085,CERS,84413.0,2019-03-12,252.0,0.1562%,0.0008,0.9156,1.073,-1.1094,2.3928%,2.8807%,31.0038%,0.0012939999999999,CERS,0.02949,0.0141,0.051842,0.0302829999999999,0.0058069999999999
17051,CEVA INC,CEVA Announced it Completed First Test Trial of CEVA-Dragonfly NB2 NB-IoT Silicon at Vodafone Narrowband-IoT Open Lab at #MWC19,6,increase,0.7,0.6,"the successful completion of the first test trial of ceva-dragonfly nb2 at a prominent lab suggests positive advancements in ceva's technology, which could attract investor interest and potentially boost stock prices.",2,2019-02-26,CEVA,2019-02-26 08:43:00+00:00,89572.0,15721010,-0.0256410259753465,117691.0,-0.01929821819067,0.0010267175966873,-0.0046512009575963,0.0181184150278568,0.0168943647295236,0.0024450437631458,-0.006009193137288,0.0021000863052904,0.0032005065586417,-0.0124438507482409,-0.0244593638926744,0.0459146946668624,-0.0069040888920426,-0.0325288660824298,0.0095133632421493,-0.0798197463154792,0.0177600495517253,0.0440187975764274,-0.0046295998618006,0.0125893447548151,-0.0042934110388159,-0.0027146225329488,-0.0025152603629976,-0.0173391290009021,0.0273775290697813,0.0291695408523082,-0.0227910093963146,0.0188810843974351,-0.0053821858018636,0.0084626153111457,-0.0216449666768312,-0.0028129369020462,0.0224925763905048,0.0049470425583422,-0.0512080825865268,0.0212919581681489,0.0026605736929923,-0.0135279837995767,0.0117513788864016,0.0053686331957578,-0.0191082879900932,0.0386617444455623,0.0183345880359411,0.0466925613582134,0.0112527851015329,-0.013435642234981,0.0122404247522354,-0.0258040595799684,0.0043971757404506,0.0276709962636232,0.0138635924085974,0.0183953512459993,0.0025188806466758,0.0066981907002627,0.0010767688509076,0.0958548933267593,0.0351380966603756,-0.0321772024035453,-0.0335989333689212,-0.0091097028926014,0.0215053912252187,0.0285349264740943,0.0066666854545474,0.0090244552120566,0.0031369868665933,0.0210618488490581,-0.0163308270275592,0.0192307829856872,-0.0187212564051151,0.038550853729248,-0.1360691338777542,-0.0396966710686683,-0.0291666984558105,0.0149388825520873,0.0206009205430746,-0.00135626969859,0.0096719739958643,-0.0027051155921071,0.024989603087306,0.0109389135614037,-0.0199105963110923,0.0629845559597015,0.0199004784226417,-0.0072150803171098,0.0036585426423698,-0.0104711716994643,0.0202511139214038,-0.011294106952846,-0.0115125412121415,-0.0563943348824977,0.0036144640762358,0.0171635542064905,0.012404941022396,-0.0164371766149997,-0.0003951905819121,-0.0289042312651872,-0.0371688604354858,-0.0089781573042273,0.0188911333680152,0.0038626675959676,-0.0189439468085765,-0.0046988725662231,-0.0053410464897751,-0.0159731414169073,-0.0623708553612232,-0.0529458560049533,0.0132158249616622,0.0015949328662827,0.0304348152130842,-0.0564334094524383,-0.0206751748919487,0.0227010454982519,-0.0327444374561309,-0.0019201667746528,-0.0169265512377023,-0.0210526119917631,0.0194834750145673,0.0137195354327559,-0.0040000067092478,-0.0015221048379316,-0.01929821819067,0.0010267175966873,-0.023859659257338,0.0191637351200772,-0.0073683883136299,0.0216556350542569,-0.0101754701487128,0.0110611707327137,-0.0192982189216409,-0.0047635045101211,-0.021052645004414,0.2111801428864004,-0.2136842150135897,0.1130136696551593,2019-02-27,2019-02-28,2019-03-01,2019-03-04,2019-03-05,2019-03-06,2019-03-07,2019-03-08,2019-03-11,2019-03-12,89572.0,2019-02-26,252.0,-2.5641%,-0.0011,1.3297,1.0819,-0.2684,2.4207%,2.9192%,31.2390%,-0.01778,CEVA,89572.0,2019-02-27,252.0,-1.9298%,-0.0012,1.3288,1.0771,-0.2686,2.4246%,2.9209%,31.0959%,-0.022973,CEVA,89572.0,2019-02-28,252.0,-0.4651%,-0.0013,1.3367,1.0825,-0.2628,2.4228%,2.9209%,31.1938%,-0.001519,CEVA,89572.0,2019-03-01,252.0,1.6894%,-0.0013,1.3414,1.0896,-0.2573,2.4227%,2.9219%,31.2513%,0.00299,CEVA,89572.0,2019-03-04,252.0,-0.6009%,-0.0012,1.339,1.0911,-0.2552,2.4230%,2.9215%,31.2145%,0.006238,CEVA,89572.0,2019-03-05,252.0,0.3201%,-0.0012,1.3365,1.0783,-0.2604,2.4236%,2.9167%,30.9549%,0.008157,CEVA,89572.0,2019-03-06,252.0,-2.4459%,-0.0012,1.331,1.0793,-0.2665,2.4229%,2.9183%,31.0682%,0.000368,CEVA,89572.0,2019-03-07,252.0,-0.6904%,-0.0012,1.3274,1.0716,-0.2734,2.4229%,2.9167%,30.9906%,0.003796,CEVA,89572.0,2019-03-08,252.0,0.9513%,-0.0012,1.3266,1.0574,-0.274,2.4228%,2.9138%,30.8601%,0.011343,CEVA,89572.0,2019-03-11,252.0,1.7760%,-0.0013,1.3232,1.0597,-0.271,2.4229%,2.9159%,30.9585%,-0.007327,CEVA,89572.0,2019-03-12,252.0,-0.4630%,-0.0014,1.3112,1.0641,-0.283,2.4214%,2.9088%,30.7007%,-0.005277,CEVA,-0.040753,-0.042272,-0.039282,-0.024887,-0.021984
17059,COMPUGEN LTD,Compugen Earlier Announced Corporate Restructuring,6,uncertain,0.6,0.5,"corporate restructuring can lead to both positive and negative investor sentiment, making the impact on stock price uncertain.",1,2019-02-26,CGEN,2019-02-26 14:36:00+00:00,88507.0,M2572210,-0.1702127903699875,746954.0,0.0993590354919433,0.002666664076969,0.0029154489748179,0.0653409138321876,0.0232557915151119,0.0,0.0113636255264282,0.005714280065149,-0.0056179724633693,-0.0331491418182849,-0.0197739917784929,-0.0320855937898159,-0.0288184843957424,0.010810799896717,0.0178042091429233,0.0054347771219909,0.0116617958992719,0.0791788771748542,0.0489913746714592,0.0058996994048357,0.0274724997580051,0.021084388718009,-0.0347593873739242,-0.0459770374000072,0.0304709523916244,-0.0224718898534774,0.0215053558349609,0.0318840257823467,-0.0263157654553651,-0.0114613072946667,0.0189188998192548,0.0115941921249032,-0.0212201382964849,-0.0336134135723114,-0.0162601470947265,0.0,-0.0137741565704345,-0.0027932934463024,0.0726256966590881,-0.0164835657924413,0.0859375447034835,0.0253521557897329,0.0047961585223674,-0.0111420508474111,-0.0119332196190953,0.0056022354401648,-0.0072463126853108,0.1261829137802124,-0.0097323507070541,0.0095541309565305,0.0171989407390356,0.0501672551035881,-0.0072463126853108,0.0346020422875881,-0.0340632833540439,0.0212014783173799,0.0050377785228192,-0.0374150089919567,-0.0050125266425311,-0.0264900419861078,0.0327455587685108,0.0863309428095817,-0.007317007984966,0.0451127365231514,-0.024570059031248,0.0350195169448852,-0.1158690229058266,0.0198412518948316,0.048433069139719,0.0327868536114692,-0.105978287756443,0.0382979400455951,0.0303951799869537,0.0829492285847663,0.0117993988096714,-0.0686694681644439,0.0233235917985439,-0.0642570629715919,-0.0028490000404417,0.0686695650219917,-0.0085714207962155,0.0737326443195343,0.0115273660048842,-0.0726495087146759,-0.01424500066787,-0.0290457140654325,0.0115606822073459,-0.117216095328331,-0.0114285601302981,-0.007272720336914,-0.0289017744362354,-0.0350876860320568,0.038690511137247,-0.0625000223517417,0.0171919614076614,-0.0349206775426864,-0.014084493741393,-0.0156249850988388,0.0,0.0126582151278853,0.0314285419881343,-0.0155763085931539,-0.0083102416247129,-0.0272727012634277,-0.0251396410167217,-0.0462427996098995,0.0057306536473333,0.0116958953440189,0.0028490000404417,-0.0284090638160705,-0.0312499701976776,0.0173410233110189,0.014662742614746,0.0058139478787779,-0.0028901705518364,0.0330330729484558,-0.0318840965628624,-0.0029940092936158,0.0059880185872316,0.0276922807097435,0.0993590354919433,0.002666664076969,0.1025641606649252,0.0681818201768293,0.128205162917383,0.0681818201768293,0.1346154131459389,0.038674060895127,0.1666667423364021,0.109144502492305,0.2724359532896561,0.2450331063185031,0.0769230848068942,0.1569230486922797,2019-02-27,2019-02-28,2019-03-01,2019-03-04,2019-03-05,2019-03-06,2019-03-07,2019-03-08,2019-03-11,2019-03-12,88507.0,2019-02-26,252.0,-17.0213%,-0.0001,1.0503,0.6997,-0.6972,3.7767%,4.0431%,12.7435%,-0.168217,CGEN,88507.0,2019-02-27,252.0,9.9359%,-0.0004,0.9842,0.8454,-0.7079,3.6998%,3.9622%,12.8093%,0.096148,CGEN,88507.0,2019-02-28,252.0,0.2915%,-0.0003,0.974,0.8385,-0.7163,3.6982%,3.9571%,12.6564%,0.003928,CGEN,88507.0,2019-03-01,252.0,2.3256%,-0.0005,1.0119,0.8949,-0.6629,3.6804%,3.9494%,13.1584%,0.010856,CGEN,88507.0,2019-03-04,252.0,1.1364%,-0.0002,0.9871,0.9563,-0.6517,3.6712%,3.9371%,13.0548%,0.0227,CGEN,88507.0,2019-03-05,252.0,-0.5618%,-0.0001,0.9923,0.9952,-0.6471,3.6687%,3.9373%,13.1795%,-0.002629,CGEN,88507.0,2019-03-06,252.0,-1.9774%,-0.0003,0.9662,1.0142,-0.674,3.6563%,3.9255%,13.2479%,0.00127,CGEN,88507.0,2019-03-07,252.0,-2.8818%,-0.0003,0.9818,1.0471,-0.644,3.6563%,3.9290%,13.3992%,-0.0224989999999999,CGEN,88507.0,2019-03-08,252.0,1.7804%,-0.0001,0.9776,1.0739,-0.6521,3.6550%,3.9297%,13.4935%,0.0182559999999999,CGEN,88507.0,2019-03-11,252.0,1.1662%,-0.0003,0.9715,1.0926,-0.6382,3.6521%,3.9271%,13.5146%,-0.0102519999999999,CGEN,88507.0,2019-03-12,252.0,4.8991%,-0.0001,0.9645,1.0719,-0.6549,3.6643%,3.9360%,13.3285%,0.049021,CGEN,-0.072069,-0.068141,-0.0572849999999999,-0.0372139999999999,-0.0014179999999999
17067,COMPUGEN LTD,Compugen Earlier Reported Q4 EPS $(0.16) Beats $(0.19) Estimate,6,increase,0.7,0.6,"the reported q4 eps of $(0.16) beating the estimate of $(0.19) suggests better-than-expected performance, which is likely to positively influence investor sentiment and increase the stock price.",2,2019-02-26,CGEN,2019-02-26 14:35:00+00:00,88507.0,M2572210,-0.1702127903699875,746954.0,0.0993590354919433,0.002666664076969,0.0029154489748179,0.0653409138321876,0.0232557915151119,0.0,0.0113636255264282,0.005714280065149,-0.0056179724633693,-0.0331491418182849,-0.0197739917784929,-0.0320855937898159,-0.0288184843957424,0.010810799896717,0.0178042091429233,0.0054347771219909,0.0116617958992719,0.0791788771748542,0.0489913746714592,0.0058996994048357,0.0274724997580051,0.021084388718009,-0.0347593873739242,-0.0459770374000072,0.0304709523916244,-0.0224718898534774,0.0215053558349609,0.0318840257823467,-0.0263157654553651,-0.0114613072946667,0.0189188998192548,0.0115941921249032,-0.0212201382964849,-0.0336134135723114,-0.0162601470947265,0.0,-0.0137741565704345,-0.0027932934463024,0.0726256966590881,-0.0164835657924413,0.0859375447034835,0.0253521557897329,0.0047961585223674,-0.0111420508474111,-0.0119332196190953,0.0056022354401648,-0.0072463126853108,0.1261829137802124,-0.0097323507070541,0.0095541309565305,0.0171989407390356,0.0501672551035881,-0.0072463126853108,0.0346020422875881,-0.0340632833540439,0.0212014783173799,0.0050377785228192,-0.0374150089919567,-0.0050125266425311,-0.0264900419861078,0.0327455587685108,0.0863309428095817,-0.007317007984966,0.0451127365231514,-0.024570059031248,0.0350195169448852,-0.1158690229058266,0.0198412518948316,0.048433069139719,0.0327868536114692,-0.105978287756443,0.0382979400455951,0.0303951799869537,0.0829492285847663,0.0117993988096714,-0.0686694681644439,0.0233235917985439,-0.0642570629715919,-0.0028490000404417,0.0686695650219917,-0.0085714207962155,0.0737326443195343,0.0115273660048842,-0.0726495087146759,-0.01424500066787,-0.0290457140654325,0.0115606822073459,-0.117216095328331,-0.0114285601302981,-0.007272720336914,-0.0289017744362354,-0.0350876860320568,0.038690511137247,-0.0625000223517417,0.0171919614076614,-0.0349206775426864,-0.014084493741393,-0.0156249850988388,0.0,0.0126582151278853,0.0314285419881343,-0.0155763085931539,-0.0083102416247129,-0.0272727012634277,-0.0251396410167217,-0.0462427996098995,0.0057306536473333,0.0116958953440189,0.0028490000404417,-0.0284090638160705,-0.0312499701976776,0.0173410233110189,0.014662742614746,0.0058139478787779,-0.0028901705518364,0.0330330729484558,-0.0318840965628624,-0.0029940092936158,0.0059880185872316,0.0276922807097435,0.0993590354919433,0.002666664076969,0.1025641606649252,0.0681818201768293,0.128205162917383,0.0681818201768293,0.1346154131459389,0.038674060895127,0.1666667423364021,0.109144502492305,0.2724359532896561,0.2450331063185031,0.0769230848068942,0.1569230486922797,2019-02-27,2019-02-28,2019-03-01,2019-03-04,2019-03-05,2019-03-06,2019-03-07,2019-03-08,2019-03-11,2019-03-12,88507.0,2019-02-26,252.0,-17.0213%,-0.0001,1.0503,0.6997,-0.6972,3.7767%,4.0431%,12.7435%,-0.168217,CGEN,88507.0,2019-02-27,252.0,9.9359%,-0.0004,0.9842,0.8454,-0.7079,3.6998%,3.9622%,12.8093%,0.096148,CGEN,88507.0,2019-02-28,252.0,0.2915%,-0.0003,0.974,0.8385,-0.7163,3.6982%,3.9571%,12.6564%,0.003928,CGEN,88507.0,2019-03-01,252.0,2.3256%,-0.0005,1.0119,0.8949,-0.6629,3.6804%,3.9494%,13.1584%,0.010856,CGEN,88507.0,2019-03-04,252.0,1.1364%,-0.0002,0.9871,0.9563,-0.6517,3.6712%,3.9371%,13.0548%,0.0227,CGEN,88507.0,2019-03-05,252.0,-0.5618%,-0.0001,0.9923,0.9952,-0.6471,3.6687%,3.9373%,13.1795%,-0.002629,CGEN,88507.0,2019-03-06,252.0,-1.9774%,-0.0003,0.9662,1.0142,-0.674,3.6563%,3.9255%,13.2479%,0.00127,CGEN,88507.0,2019-03-07,252.0,-2.8818%,-0.0003,0.9818,1.0471,-0.644,3.6563%,3.9290%,13.3992%,-0.0224989999999999,CGEN,88507.0,2019-03-08,252.0,1.7804%,-0.0001,0.9776,1.0739,-0.6521,3.6550%,3.9297%,13.4935%,0.0182559999999999,CGEN,88507.0,2019-03-11,252.0,1.1662%,-0.0003,0.9715,1.0926,-0.6382,3.6521%,3.9271%,13.5146%,-0.0102519999999999,CGEN,88507.0,2019-03-12,252.0,4.8991%,-0.0001,0.9645,1.0719,-0.6549,3.6643%,3.9360%,13.3285%,0.049021,CGEN,-0.072069,-0.068141,-0.0572849999999999,-0.0372139999999999,-0.0014179999999999
17075,CIGNA GROUP,Cigna Reaffirms FY19 Guidance: Adj. Net Income $6.2B-$6.4B,6,increase,0.7,0.6,"reaffirming guidance for adjusted net income suggests stability and confidence in financial performance, which is likely to positively influence investor sentiment and stock price.",2,2019-02-26,CI,2019-02-26 11:10:00+00:00,64186.0,12552310,-0.0181087646633386,1948169.0,-0.0394897311925888,-0.0110956756398081,-0.0347498841583728,0.0099025862291455,0.0218413062393665,-0.0115907685831189,-0.0368583872914314,-0.0209804493933916,-0.0091448752209544,0.0020720860920846,-0.0305684376507997,0.029393371194601,-0.0066703418269753,0.0181143973022699,-0.0038459079805761,0.0198790412396192,0.0030035888776183,0.0121930986642837,0.004094592295587,0.0083806822076439,0.0225197616964578,-0.0246827881783247,0.0092856995761394,-0.008107473142445,-0.0183415934443473,0.0055242627859115,0.003965176641941,-0.0292602181434631,0.0339297354221344,-0.0102545106783509,-0.0284176617860794,-0.0287773385643959,0.0059569906443357,5.002255420549773e-05,-0.0164623614400625,0.0071072317659854,-0.0139682833105325,0.0169673860073089,-0.0185015499591827,-0.0061136996373534,-0.0059102410450577,0.0166260488331317,-0.0006257641362026,-0.0195510406047105,0.0070762406103312,0.0198881104588508,0.0065289624035358,-0.0089821899309754,-0.0200778413563966,0.0016966675175353,0.0023956934455782,-0.0113353114575147,0.0155974570661783,0.0009157602326013,0.0287961941212415,0.0234313979744911,0.0076445494778454,-0.0134079959243536,0.0103345941752195,0.0150172328576445,-0.0054987757466733,0.0075124381110072,-0.0249108355492353,0.0022114117164164,-0.0207913443446159,0.0183913819491863,0.0200498197227716,-0.0116063514724373,-0.0780125334858894,0.0168130360543727,-0.0367451533675193,-0.0085483295843005,0.0241253301501274,-0.0144797815009951,-0.0067784865386784,-0.0038289837539196,0.0393945649266243,-0.0111001580953598,0.0026004023384302,0.027500869706273,0.0167941655963659,0.0540419667959213,0.0263376384973526,-0.0181467644870281,-0.0016776703996583,0.0083426022902131,-0.0113898171111941,-0.0698396265506744,0.0198942571878433,0.0064563443884253,-0.0233333259820938,-0.0332226231694221,-0.0340664871037006,-0.0326726958155632,0.0390630178153514,-0.0310450661927461,-0.0229219105094671,0.0205113124102354,0.0087006371468305,0.0084976209327578,-0.0041530504822731,-0.00067934487015,0.0165533293038606,-0.0001455474266549,-0.0070688910782337,-0.038172535598278,-0.01290372479707,-0.0162963792681694,-0.0001287205523112,-0.0311332512646913,-0.0095318537205457,0.0065359091386199,0.0069575873203575,0.0038648238405585,-0.0076843756251037,0.0036081681028008,0.0064424122683703,0.0226937178522348,-0.0118324179202318,0.0024043105076998,-0.0394897311925888,-0.0110956756398081,-0.0728673517665738,-0.0013029652954564,-0.0526175636719927,-0.0128786315093639,-0.0958809167950414,-0.0315863943880843,-0.1265464141182419,0.0565143122192832,-0.1008691035629069,-0.0008343041009346,-0.1875233690237401,-0.1140188800571119,2019-02-27,2019-02-28,2019-03-01,2019-03-04,2019-03-05,2019-03-06,2019-03-07,2019-03-08,2019-03-11,2019-03-12,64186.0,2019-02-26,252.0,-1.8109%,-0.0001,0.809,-0.0775,0.0438,1.4372%,1.6649%,25.4771%,-0.017453,CI,64186.0,2019-02-27,252.0,-3.9490%,-0.0003,0.8097,-0.0906,0.0438,1.4589%,1.6830%,24.8533%,-0.040118,CI,64186.0,2019-02-28,252.0,-3.4750%,-0.0005,0.8244,-0.0816,0.062,1.4695%,1.6967%,24.9892%,-0.032212,CI,64186.0,2019-03-01,252.0,2.1841%,-0.0004,0.8308,-0.0722,0.064,1.4730%,1.7022%,25.1164%,0.0163,CI,64186.0,2019-03-04,252.0,-3.6858%,-0.0005,0.834,-0.0534,0.0565,1.4873%,1.7160%,24.8836%,-0.033167,CI,64186.0,2019-03-05,252.0,-0.9145%,-0.0006,0.8366,-0.0376,0.061,1.4874%,1.7169%,24.9441%,-0.007847,CI,64186.0,2019-03-06,252.0,-3.0568%,-0.0006,0.8529,0.0052,0.0853,1.4926%,1.7273%,25.3308%,-0.024129,CI,64186.0,2019-03-07,252.0,-0.6670%,-0.0006,0.8508,-0.0032,0.0801,1.4920%,1.7266%,25.3308%,0.000519,CI,64186.0,2019-03-08,252.0,-0.3846%,-0.0006,0.8511,-0.0045,0.0806,1.4920%,1.7267%,25.3399%,-0.001926,CI,64186.0,2019-03-11,252.0,0.3004%,-0.0002,0.8507,-0.1169,0.0165,1.2961%,1.5692%,31.7826%,-0.009332,CI,64186.0,2019-03-12,252.0,0.4095%,-0.0002,0.8564,-0.1189,0.0222,1.2955%,1.5686%,31.7913%,0.001564,CI,-0.057571,-0.089783,-0.073483,-0.114497,-0.147801
17083,CELLECTAR BIOSCIENCES INC,Cellectar FY18 EPS $(5.23) vs $(10.70) In FY17,6,increase,0.7,0.6,"the improvement in eps from $(10.70) in fy17 to $(5.23) in fy18 suggests a positive trend in the company's financial performance, which could lead to increased investor confidence and a potential rise in stock price.",2,2019-02-26,CLRB,2019-02-26 13:48:00+00:00,14862.0,15117F80,-0.0295566227287054,122539.0,0.020304549485445,-0.0097560882568359,0.0099502392113208,0.0098522072657942,0.0098522072657942,0.0,-0.0439023971557617,0.0463917069137096,-0.0051020360551774,0.0210526753216981,-0.0205128621309995,0.0439560003578662,0.0575916320085525,-0.052083283662796,0.0495049022138118,0.060773491859436,0.0047170892357826,0.0055555505678057,0.0187793243676424,-0.0625000074505806,-0.0368664339184761,-0.0103093292564153,0.0334929078817367,-0.0051282001659274,0.0833332538604736,0.0051546338945627,0.1709402203559875,-0.0152284121140837,0.0401459485292434,-0.0295566227287054,-0.1508771330118179,0.0410256013274192,0.0165289100259542,-0.0346534326672554,-0.0609756484627723,0.0202020015567541,-0.019480450078845,-0.0198019612580537,-0.0110375694930553,-0.0049261036328971,-0.0312499701976776,-0.0097560882568359,0.0829492285847663,0.056700974702835,0.0,-0.0582523718476295,0.0340426228940486,0.0198019612580537,-0.0041152224875986,0.0150753622874617,0.0206611361354589,0.015306107699871,-0.0161943156272172,0.1011236310005188,0.0164608899503946,-0.0055865868926048,0.0080971578136086,-0.0271739512681961,-0.0441766642034053,0.0337079018354415,0.0210083816200494,-0.0582010671496391,0.0123456669971346,0.0053191436454653,-0.0487805381417274,0.0107526779174804,0.0128205008804798,0.0813953354954719,0.0,0.0683229863643646,0.0253165327012538,0.0189873222261667,-0.0370371006429195,0.0193548984825611,0.0,0.01973682269454,0.0256411042064428,0.0340135730803012,0.0208333134651184,0.0575539879500865,-0.0244897715747356,0.0775194019079208,-0.0376569665968418,-0.1283784210681915,0.008695644326508,-0.149425283074379,-0.0344827249646186,-0.0984455645084381,-0.0089285625144839,-0.0350000262260437,-0.0270270016044378,-0.0654206052422523,0.1203703582286835,-0.0572686679661274,-0.0041322275064885,0.031818151473999,-0.0414938330650329,-0.0434782207012176,-0.0281385537236928,0.0550458170473575,-0.0378618277609348,-0.0045662056654691,0.0393517576158046,0.0233644619584083,0.0200445782393217,-0.0183486063033342,-0.0043668081052601,-0.0311110820621252,0.2368420958518982,0.0089686010032892,-0.2269503176212311,0.0,-0.0825688317418098,-0.0088888807222247,-0.0699999928474426,0.0,0.0591397918760776,-0.0044247745536267,-0.0152284121140837,-0.0737705156207084,0.020304549485445,-0.0097560882568359,0.0304568238212241,5.348610443434154e-12,0.0406090980279629,5.348610443434154e-12,-0.0101522733044687,0.0684210517843959,0.1015228653759074,0.0572916745876852,0.2081218840150109,0.1404494397721596,-0.0152284015657117,-0.168032829022859,2019-02-27,2019-02-28,2019-03-01,2019-03-04,2019-03-05,2019-03-06,2019-03-07,2019-03-08,2019-03-11,2019-03-12,14862.0,2019-02-26,252.0,-2.9557%,-0.0056,1.2949,0.0908,0.41,5.2862%,5.4397%,5.5641%,-0.025833,CLRB,14862.0,2019-02-27,252.0,2.0305%,-0.0056,1.2841,0.1172,0.4083,5.2860%,5.4365%,5.4576%,0.019359,CLRB,14862.0,2019-02-28,252.0,0.9950%,-0.0054,1.2653,0.105,0.3898,5.2848%,5.4305%,5.2938%,0.014828,CLRB,14862.0,2019-03-01,252.0,0.9852%,-0.0055,1.285,0.1342,0.4169,5.2816%,5.4306%,5.4118%,0.001907,CLRB,14862.0,2019-03-04,252.0,-4.3902%,-0.0056,1.2862,0.1598,0.4098,5.2855%,5.4346%,5.4101%,-0.038399,CLRB,14862.0,2019-03-05,252.0,-0.5102%,-0.0057,1.2823,0.1323,0.4055,5.2848%,5.4327%,5.3684%,-0.001526,CLRB,14862.0,2019-03-06,252.0,-2.0513%,-0.0057,1.2741,0.1457,0.3981,5.2837%,5.4299%,5.3114%,-0.008326,CLRB,14862.0,2019-03-07,252.0,5.7592%,-0.0055,1.2366,0.1092,0.3379,5.3042%,5.4433%,5.0473%,0.069365,CLRB,14862.0,2019-03-08,252.0,4.9505%,-0.0053,1.2293,0.0996,0.3267,5.3165%,5.4540%,4.9799%,0.052655,CLRB,14862.0,2019-03-11,252.0,0.4717%,-0.0053,1.2262,0.0835,0.3191,5.3159%,5.4539%,4.9971%,-0.01235,CLRB,14862.0,2019-03-12,252.0,1.8779%,-0.0053,1.2101,0.0773,0.298,5.3160%,5.4494%,4.8377%,0.016113,CLRB,-0.0064739999999999,0.008354,0.010261,-0.029664,0.087793
17091,CENTERPOINT ENERGY INC,Goldman Sachs Reinstates Buy on CenterPoint Energy,6,increase,0.8,0.6,"goldman sachs reinstating a 'buy' rating typically signals positive sentiment and can lead to increased investor interest, likely boosting the stock price.",2,2019-02-26,CNP,2019-02-26 11:51:00+00:00,21792.0,15189T10,-0.0025798105634748,4009001.0,0.0074361311271786,-0.0124203627929091,-0.0327342897653579,0.0057655447162687,0.0009953777771443,0.0077469260431826,0.0056347390636801,0.0018423727015033,-0.0056031667627394,0.0103593301028013,-0.002320175524801,0.0019461390329524,-0.002325571142137,0.0022756727412343,0.0,-0.0025940311606973,0.013319999910891,0.0016238790703937,0.0082155764102935,-0.0019448773236945,-0.0088005363941192,0.0012983095366507,0.0,0.0068627148866653,0.0131535558030009,-0.0074602509848773,-0.0074650938622653,-0.003233119379729,-0.0101373270153999,0.0038948666770011,-0.0003303676494397,-0.0035575877409428,0.011896913871169,0.0235021859407424,0.0032657894771546,0.0059939525090157,0.0026041641831398,0.0056932377628982,0.0042208139784634,0.0023497715592384,-0.0126090971753001,-0.0109561728313565,-0.0068762600421905,0.0083696013316512,0.0121991708874702,0.0087808249518275,0.0,0.0057744588702917,0.0026058605872094,-0.0033852532505989,-0.0025990877766162,0.0006775222718715,-0.005537461489439,0.0078524937853217,0.0111365914344787,0.003082196926698,-0.0132815595716238,-0.0061265625990927,-0.0045961719006299,-0.004405322484672,-0.0039577484130859,0.0182884987443685,0.0029801374766975,-0.0122699597850441,0.0092439344152808,0.0191038288176059,-0.0022898167371749,0.0038354466669261,-0.0114754224196076,0.0184659250080585,-0.0046434290707111,0.005714280065149,0.0093302456662058,-0.0081473449245095,0.006272651720792,0.0082142697647213,0.0045932186767458,-0.0032039924990385,-0.0107772666960954,0.0159132201224565,0.0072631002403795,0.0157972201704978,-0.0013110755244269,-0.0405358299612999,-0.0006563357892446,-0.0010562950046733,0.0180623717606067,0.0003522447659634,-0.0070967520587146,0.0031802174635231,-0.0009746811701916,-0.0210999865084886,0.0130081176757812,-0.0133105600252747,-0.0032102852128446,-0.0013633577618747,-0.0077294614166021,0.0155763505026698,-0.0116844763979315,0.0038220535498112,-0.0394088923931121,0.0112439077347517,0.0140170883387327,0.0028188838623464,0.0168577209115028,0.0074547063559293,-0.012599442154169,0.0042781047523021,-0.0024345405399799,-0.0112795764580369,0.006118297111243,0.012852574698627,0.0057432455942034,0.0097332540899515,-0.0043668481521308,-0.0096394307911396,-0.0040485472418367,0.0021466712933033,0.0010162187973037,0.0050342069007456,0.0074361311271786,-0.0124203627929091,-0.0255415751092296,-0.0067264282337151,-0.0245716208483423,0.0009683886674061,-0.0245716209280324,0.0132010116918377,-0.0080827684938963,0.0145146920059437,-0.019721971900663,0.0605821215661162,-0.0352806582071186,0.1254145721917343,2019-02-27,2019-02-28,2019-03-01,2019-03-04,2019-03-05,2019-03-06,2019-03-07,2019-03-08,2019-03-11,2019-03-12,21792.0,2019-02-26,252.0,-0.2580%,0.0005,0.2863,-0.395,-0.1202,1.0158%,1.0827%,11.9673%,-0.005253,CNP,21792.0,2019-02-27,252.0,0.7436%,0.0006,0.2882,-0.3962,-0.1199,1.0165%,1.0835%,11.9720%,0.007685,CNP,21792.0,2019-02-28,252.0,-3.2734%,0.0005,0.2856,-0.399,-0.1141,1.0316%,1.0965%,11.4860%,-0.032162,CNP,21792.0,2019-03-01,252.0,0.0995%,0.0005,0.2813,-0.4055,-0.1204,1.0307%,1.0953%,11.4521%,-0.00045,CNP,21792.0,2019-03-04,252.0,0.5635%,0.0006,0.2781,-0.3997,-0.1185,1.0307%,1.0928%,11.0421%,0.005855,CNP,21792.0,2019-03-05,252.0,-0.5603%,0.0006,0.2792,-0.3957,-0.115,1.0317%,1.0935%,10.9742%,-0.006744,CNP,21792.0,2019-03-06,252.0,-0.2320%,0.0005,0.2748,-0.3786,-0.1176,1.0293%,1.0886%,10.6022%,-0.0050049999999999,CNP,21792.0,2019-03-07,252.0,-0.2326%,0.0005,0.2786,-0.3627,-0.1081,1.0261%,1.0848%,10.5393%,-0.000815,CNP,21792.0,2019-03-08,252.0,0.0000%,0.0005,0.2785,-0.362,-0.1082,1.0261%,1.0847%,10.5167%,0.00052,CNP,21792.0,2019-03-11,252.0,1.3320%,0.0005,0.2829,-0.3482,-0.1026,1.0256%,1.0842%,10.5270%,0.009821,CNP,21792.0,2019-03-12,252.0,0.8216%,0.0006,0.2873,-0.3518,-0.0991,1.0258%,1.0853%,10.6522%,0.006361,CNP,0.002432,-0.02973,-0.03018,-0.031069,-0.020187
17099,COCA COLA CONSOLIDATED INC,"Coca-Cola Bottling Q4 Adj. EPS $1.82, Sales $1.137B Up From $1.126B YoY",6,increase,0.8,0.6,"the positive earnings per share (eps) and sales growth compared to the previous year suggest strong financial performance, which is likely to boost investor confidence and increase the stock price.",2,2019-02-26,COKE,2019-02-26 22:44:00+00:00,11995.0,19109810,-0.0312614105641841,46961.0,0.0811473727226257,-0.0354434549808502,0.081602357327938,0.0002645628410391,0.0013717273250222,0.0072843534871935,-0.0134971430525183,0.0050892829895019,0.0145803224295377,-0.0052402201108634,0.0084131564944982,-0.0057400348596274,-0.0100993923842907,0.0024343959521502,0.0025002434849739,0.0046691023744642,0.0298069324344396,0.0012021026341244,-0.0042967307381331,0.0173936504870653,0.0122003266587853,0.0012245092075318,-0.0068986853584647,0.0114678898826241,0.00589295104146,0.0040067937225103,0.0030650186818093,-0.0130454320460557,0.0016244406579062,0.0138715812936425,-0.0014287732774391,0.0055143763311207,0.0079662697389721,0.0191263426095247,-0.0053711640648543,0.0061772540211677,0.0143490890040993,-0.0043054679408669,0.0686010122299194,-0.0012285914272069,-0.0119213052093982,-0.0100112250074744,0.0227256268262863,0.0009353956556878,0.0135929333046078,0.0273893475532531,-0.024424135684967,0.0031815071124583,0.0101852416992187,0.0107678398489952,0.007509006652981,0.0307870265096426,0.0310717821121215,-0.0110757714137435,0.0072283376939594,0.0033887804020196,-0.0188004951924085,-0.0383398830890655,0.0013735110405832,0.0453384257853031,0.0105617484077811,0.0325366891920566,-0.003529041307047,0.0096621196717023,-0.0107266698032617,0.0323502458631992,0.0262985229492187,0.0196822360157966,-0.0083178952336311,0.0224858056753873,-0.0031792281661182,-0.0123258074745535,0.0249719582498073,0.0153906624764204,0.0062564620748162,-0.012085760012269,0.0177972353994846,0.0167620293796062,0.0355860851705074,0.0043223253451287,0.038545586168766,0.0204283222556114,-0.0027969705406576,-0.0447918511927127,-0.0107669793069362,-0.0445950850844383,-0.0090548815205693,-0.0033256169408559,0.0097836898639798,-0.0494731590151786,0.0008836066699586,-0.0138545418158173,0.0164383370429277,-0.0383059158921241,0.016142601147294,-0.0225127283483743,0.0008841633680276,-0.0064238808117806,0.0561264976859092,0.0152965923771262,0.030335996299982,-0.0266270916908979,0.0467621013522148,0.0036672155838459,0.0337374620139598,0.0144152091816067,-0.0884309187531471,0.012857929803431,-0.1050205752253532,-0.0211608335375785,-0.003923728596419,0.0206568762660026,-0.0365914143621921,0.0215834528207778,0.0026833633892238,-0.0278972014784812,-0.0106407552957534,0.0431900210678577,0.026340439915657,0.0285800080746412,0.0811473727226257,-0.0354434549808502,0.1693715469556989,-0.035188269160957,0.1709756058597615,-0.0281602394649344,0.1720135430387404,-0.0283328441194993,0.2026325526107248,-0.0089233196142212,0.3758255611382679,0.0974194527847538,0.5048577386980329,0.0983548681921815,2019-02-27,2019-02-28,2019-03-01,2019-03-04,2019-03-05,2019-03-06,2019-03-07,2019-03-08,2019-03-11,2019-03-12,11995.0,2019-02-26,252.0,-3.1261%,0.0008,0.4857,0.4077,0.1431,2.2092%,2.2718%,5.4397%,-0.027776,COKE,11995.0,2019-02-27,252.0,8.1147%,0.001,0.4809,0.4395,0.1425,2.2629%,2.3247%,5.2411%,0.080007,COKE,11995.0,2019-02-28,252.0,8.1602%,0.0014,0.4571,0.426,0.1061,2.3198%,2.3759%,4.6643%,0.083261,COKE,11995.0,2019-03-01,252.0,0.1372%,0.0013,0.4745,0.4519,0.135,2.3122%,2.3716%,4.9491%,-0.002821,COKE,11995.0,2019-03-04,252.0,-1.3497%,0.0012,0.473,0.4669,0.1331,2.3129%,2.3730%,5.0035%,-0.009838,COKE,11995.0,2019-03-05,252.0,1.4580%,0.0012,0.4656,0.4193,0.122,2.3110%,2.3672%,4.6944%,0.017061,COKE,11995.0,2019-03-06,252.0,0.8413%,0.0014,0.4761,0.3712,0.1273,2.3042%,2.3608%,4.7359%,0.017469,COKE,11995.0,2019-03-07,252.0,-1.0099%,0.0014,0.4771,0.3622,0.1261,2.3039%,2.3604%,4.7272%,-0.005606,COKE,11995.0,2019-03-08,252.0,0.2500%,0.0014,0.4753,0.387,0.1219,2.2996%,2.3571%,4.8184%,0.003493,COKE,11995.0,2019-03-11,252.0,2.9807%,0.0015,0.4852,0.4126,0.1315,2.3003%,2.3613%,5.0925%,0.021876,COKE,11995.0,2019-03-12,252.0,-0.4297%,0.0015,0.4968,0.4128,0.1448,2.2989%,2.3612%,5.2077%,-0.004339,COKE,0.0522309999999999,0.135492,0.132671,0.139894,0.172787
17107,CAMPBELL SOUP CO,"Campbell Soup Reports Sale Of Garden Fresh Gourmet To Affiliate Of Fountain Of Health USA, No Terms Disclosed",6,uncertain,0.6,0.3,"the sale of garden fresh gourmet could be seen as a strategic move to streamline operations, but without disclosed terms, the impact on campbell soup's stock price remains unclear.",1,2019-02-26,CPB,2019-02-26 22:06:00+00:00,25320.0,13442910,0.0201488398015499,6314297.0,0.1002734526991844,-0.0173622742295265,-0.0052471314556896,-0.0736455097794532,0.009161521680653,0.007390514947474,-0.0096285687759518,0.0048558125272393,0.0027777354698628,0.0063235815614461,0.0011080586118623,0.0098693799227476,-0.006087471731007,-0.0060588312335312,0.0027840281836688,0.0028934741858392,-0.0033314528409391,0.0117096463218331,-0.0236769430339336,-0.0037912237457931,0.0062767826020717,0.002631583251059,0.010490471497178,0.0002925456792581,0.0103815635666251,-0.0220251847058534,0.0152736203745007,-0.0014281416079029,-0.0071116555482149,0.0,0.0005509768379852,-0.0118544166907668,0.0424009077250957,0.0154772410169243,0.0100370068103075,0.0115974973887205,0.0010459492914378,-0.0034671751782298,0.0062696365639567,0.0108060427010059,-0.0147974994033575,-0.0138248708099126,0.0092226210981607,-0.0186546016484499,-0.0044385944493114,-0.0002825182746164,-0.0073433672077953,-0.0028177595231682,-0.0060766064561903,-0.0081050060689449,-0.0098351659253239,0.0141723360866308,0.0053691482171416,-0.0070363073609769,0.0216287728399038,0.0139839565381407,0.0070569906383752,0.0,0.0249157268553972,0.0162413399666547,-0.000253244274063,0.0087770400568842,0.01354456320405,0.0175647567957639,0.0037821866571903,0.0074206450954079,0.0007535488111898,0.0258830226957798,-0.0102911610156297,0.0055113383568823,-0.007608400657773,0.0123993037268519,0.0066444752737879,-0.0221280176192522,-0.0017770930426195,-0.0134568475186824,-0.0106815407052636,-0.0017910858150571,0.0025706547312438,-0.0218978095799684,-0.0210256334394216,0.0248354841023683,0.0120481690391898,-0.0651748776435852,-0.0077639557421207,-0.0509688928723335,0.0091288071125745,-0.0253558419644832,-0.009563167579472,0.0041569196619093,-0.010699369944632,-0.0087561197578907,0.0094961915165185,-0.0084269158542156,-0.0015678436029702,-0.0060914130881428,0.000523435184732,0.0138960601761937,0.0094167049974203,0.0010304203024134,0.0095879482105374,0.0291622076183557,-0.0056467507965862,-0.0013237817911431,-0.0005162740708328,-0.0117739597335457,-0.0012914011022076,-0.0095879482105374,0.0080165863037109,-0.0043859179131686,-0.0012826895108446,-0.0112245520576834,0.0051374458707869,-0.0108503736555576,-0.0097112460061907,0.0032911663874983,-0.0085161766037344,-0.0002530580095481,-0.0145756788551807,0.0125576080754399,0.1002734526991844,-0.0173622742295265,0.0945001732556662,-0.0897291304724157,0.1045274603224266,-0.0830017600049219,0.0969309855413256,-0.0727221178373705,0.0650258122064406,-0.0592010064611389,0.1999392901726226,-0.0643851849543921,0.1607001319711805,-0.164629938514124,2019-02-27,2019-02-28,2019-03-01,2019-03-04,2019-03-05,2019-03-06,2019-03-07,2019-03-08,2019-03-11,2019-03-12,25320.0,2019-02-26,252.0,2.0149%,-0.0008,0.2305,-0.3254,0.2892,1.8855%,1.9115%,2.7000%,0.019502,CPB,25320.0,2019-02-27,252.0,10.0273%,-0.0004,0.2318,-0.2978,0.2897,1.9913%,2.0144%,2.2816%,0.1009309999999999,CPB,25320.0,2019-02-28,252.0,-0.5247%,-0.0004,0.2287,-0.3001,0.2883,1.9909%,2.0138%,2.2606%,-0.003845,CPB,25320.0,2019-03-01,252.0,0.9162%,-0.0003,0.2199,-0.3132,0.2701,1.9886%,2.0108%,2.1914%,0.0094489999999999,CPB,25320.0,2019-03-04,252.0,-0.9629%,-0.0003,0.2156,-0.2893,0.2691,1.9883%,2.0086%,2.0101%,-0.010881,CPB,25320.0,2019-03-05,252.0,0.2778%,-0.0002,0.2157,-0.2864,0.268,1.9883%,2.0083%,1.9844%,0.002803,CPB,25320.0,2019-03-06,252.0,0.1108%,-0.0004,0.1989,-0.2704,0.2512,1.9780%,1.9954%,1.7403%,-0.000886,CPB,25320.0,2019-03-07,252.0,-0.6087%,-0.0004,0.1981,-0.2813,0.2471,1.9771%,1.9949%,1.7756%,-0.003907,CPB,25320.0,2019-03-08,252.0,0.2784%,-0.0003,0.1965,-0.2645,0.2436,1.9749%,1.9917%,1.6738%,0.00369,CPB,25320.0,2019-03-11,252.0,-0.3331%,-0.0004,0.1945,-0.2656,0.244,1.9751%,1.9917%,1.6654%,-0.00413,CPB,25320.0,2019-03-12,252.0,-2.3677%,-0.0005,0.1868,-0.253,0.2404,1.9806%,1.9958%,1.5210%,-0.024802,CPB,0.1204329999999999,0.1165879999999999,0.1260369999999999,0.1179589999999999,0.0879239999999999
17115,CALLON PETROLEUM CO DEL,"Callon Petroleum Q4 EPS $0.68, Sales $161.895M Miss $162.28M Estimate",6,decrease,0.75,0.6,"the earnings per share (eps) and sales figures missed analyst estimates, which typically leads to a negative reaction in stock prices.",0,2019-02-26,CPE,2019-02-26 22:44:00+00:00,80926.0,13123X50,-0.0318559594452381,7013597.0,0.1044349148869514,0.0055710254237055,-0.0090673184022307,0.0056022354401648,0.0117646632716059,-0.048000019043684,-0.011627865023911,-0.0157480165362358,-0.0156862586736679,-0.0342205315828323,-0.0265604630112648,0.0115384198725223,-0.0204638596624136,0.0249671563506126,-0.0459609925746917,0.0297699961811304,0.0233577117323875,-0.0853960439562797,0.0313837081193924,0.0112640997394919,0.0235131494700908,-0.0147965336218476,0.0013513178564608,-0.0425030216574668,-0.0067475996911525,0.0180289149284362,0.0394021682441234,-0.0107015641406178,-0.0196078550070524,0.0035799203906208,0.0280000045895576,0.029484000056982,0.0285343434661626,-0.0180940441787242,-0.0592685751616954,0.048040471971035,-0.0160857755690813,-0.0062814308330416,0.0422343239188194,-0.0304506700485944,0.0,0.0110837630927562,0.0,0.0304568242281675,-0.0130718825384974,-0.0223325435072183,0.0145694902166724,-0.0242130514234304,-0.0195821952074766,0.004866175353527,-0.0519308038055896,-0.0132052414119243,0.0238764155656099,-0.0035884850658476,0.0603566616773605,0.0072288513183593,0.0077619589865207,-0.022379221394658,0.0038511180318892,-0.0104895280674099,0.0230178795754909,0.0035087405703961,-0.0500000119209289,0.0414129309356212,0.0802631750702858,0.0405576899647712,-0.0219245199114084,0.0778688117861747,-0.0012452397495508,0.0876671820878982,0.0224438086152076,0.0274808891117572,-0.0109756281599402,0.0092450575903058,0.0369913950562477,0.0109033789485693,-0.0095124766230583,-0.0360360033810138,-0.0252100881189107,0.0277777519077062,-0.033251229673624,0.1348511278629303,-0.0458598919212818,-0.0685155093669891,0.0,-0.0391849540174007,0.0026702880859375,-0.03186646848917,-0.0213049687445163,-0.0365497060120105,-0.0421768650412559,-0.0200572870671749,0.0411931760609149,-0.0056980000808835,0.031377900391817,-0.0883116647601127,-0.0092592816799879,-0.0012970465468242,0.0574099235236644,0.0239043589681386,0.0227273106575012,-0.0333760902285575,-0.0148148592561483,-0.0310945268720388,-0.0438596382737159,0.0062578464858233,0.0353866294026374,-0.0600000284612178,0.0253164917230606,-0.0427928045392036,0.027160407975316,0.0385964810848236,-0.0168268494307994,-0.0457589104771614,-0.0684597045183181,0.0170260630548,0.0301837306469678,-0.0078828483819961,-0.052229281514883,-0.0337322615087032,0.1044349148869514,0.0055710254237055,0.0944206518591308,0.011204471059937,0.107296142305745,-0.0373333628079983,0.0772532867729653,-0.0849176306483511,0.0343348051480176,-0.096370461091775,0.1187411247362266,-0.1585081726529927,0.0643777279769346,-0.2143634217743018,2019-02-27,2019-02-28,2019-03-01,2019-03-04,2019-03-05,2019-03-06,2019-03-07,2019-03-08,2019-03-11,2019-03-12,80926.0,2019-02-26,252.0,-3.1856%,-0.0013,1.7248,1.3776,1.0461,2.5394%,3.0999%,32.8919%,-0.01711,CPE,80926.0,2019-02-27,252.0,10.4435%,-0.0009,1.7293,1.3997,1.0472,2.6203%,3.1704%,31.6912%,0.101421,CPE,80926.0,2019-02-28,252.0,-0.9067%,-0.0009,1.7272,1.3983,1.0458,2.6202%,3.1659%,31.5050%,-0.001469,CPE,80926.0,2019-03-01,252.0,1.1765%,-0.0009,1.732,1.4055,1.0532,2.6197%,3.1643%,31.4583%,-0.000633,CPE,80926.0,2019-03-04,252.0,-1.1628%,-0.001,1.7432,1.3686,1.0502,2.6153%,3.1632%,31.6415%,-0.001197,CPE,80926.0,2019-03-05,252.0,-1.5686%,-0.0011,1.7383,1.327,1.0486,2.6105%,3.1498%,31.3098%,-0.00605,CPE,80926.0,2019-03-06,252.0,-2.6560%,-0.0013,1.7144,1.3346,1.0226,2.5980%,3.1337%,31.2637%,0.004252,CPE,80926.0,2019-03-07,252.0,-2.0464%,-0.0012,1.7206,1.3636,1.0391,2.5937%,3.1357%,31.5815%,-0.002187,CPE,80926.0,2019-03-08,252.0,-4.5961%,-0.0013,1.7255,1.3731,1.0464,2.6053%,3.1481%,31.5153%,-0.041181,CPE,80926.0,2019-03-11,252.0,2.3358%,-0.0012,1.726,1.3507,1.0333,2.6009%,3.1473%,31.7084%,-0.001944,CPE,80926.0,2019-03-12,252.0,3.1384%,-0.0011,1.727,1.3357,1.0283,2.6090%,3.1479%,31.3067%,0.031587,CPE,0.084311,0.082842,0.082209,0.074962,0.065489
17123,CUMBERLAND PHARMACEUTICALS INC,"Cumberland Q4 EPS $0.10 Beats $(0.16) Estimate, Sales $13.5M Beat $10.98M Estimate",6,increase,0.8,0.7,"cumberland pharmaceuticals inc. reported better-than-expected earnings and sales, which typically boosts investor confidence and can lead to an increase in stock price.",2,2019-02-26,CPIX,2019-02-26 21:41:00+00:00,93004.0,23077010,-0.0287769511342048,6122.0,0.0555555000901222,0.0072463699616491,-0.1122631132602692,0.012844068929553,0.1181004270911217,-0.0126811908558011,0.0392915941774845,-0.0366492196917533,0.0068027144297957,0.0342960394918918,-0.0320946052670478,-0.0513698942959308,0.0122164348140358,0.0,0.0,0.0373001843690872,0.0034482723567634,-0.0359589084982872,-0.0463917478919029,-0.0282862018793821,-0.0180180855095386,0.0067002410069108,0.1009174734354019,-0.0050000348128378,-0.0633333548903465,0.1111110895872116,0.0645196288824081,-0.0091742593795061,-0.0138067249208688,0.0092592062428593,-0.0067796544171869,-0.0189309772104024,0.0068259318359196,0.0118014570325613,0.1016948968172073,-0.0233393367379903,-0.0953845977783203,0.000592844968196,0.0136054288595914,-0.0147433830425143,-0.0134228058159351,-0.0341880023479461,-0.0306122954934835,-0.0082561122253537,0.0192982703447341,0.0100513836368918,-0.0083476873114705,0.0017153051448985,0.0413954928517341,0.0192307941615581,-0.0566666908562183,-0.0450751222670078,0.0494700036942958,0.0303425937891006,0.010101000778377,0.0058131231926381,0.0099999904632568,-0.075199969112873,0.0113861793652176,0.022913234308362,-0.0243106801062822,-0.043818425387144,0.0367892608046531,0.045826468616724,-0.0016128632705658,-0.014516077004373,-0.0387722514569759,-0.0127389170229435,0.0168067868798971,0.057239081710577,-0.0314049683511257,-0.0776397511363029,-0.0068259318359196,0.0679933354258537,0.0120274387300014,0.0016611675964668,0.0033955825492739,-0.0738461539149284,0.0100169694051146,0.0500807650387287,-0.0032165658194571,-0.0356603078544139,-0.0403360985219478,-0.0433830134570598,-0.015761848539114,0.0550314299762249,-0.0035587155725806,0.0324675813317298,-0.035714253783226,0.0639032647013664,-0.0092592947185039,-0.0585366077721118,0.0336449183523654,0.0250000152736902,0.0506328605115413,0.0016694873338565,0.0722891688346862,-0.0073085105977952,0.0032102698460221,-0.0075493203476071,-0.0559999831020832,-0.027200011536479,-0.0627118423581123,0.0113268885761499,0.0126581722870469,-0.0313480049371719,-0.0392856784164905,0.0441898480057716,0.0408921539783477,-0.0332278534770011,0.0714285895228385,0.0079745119437575,0.0833333358168602,-0.052870076149702,0.0461538769304752,0.0091463327407836,-0.0735294073820114,0.017054283991456,0.0158730000257492,0.0287081059068441,0.0555555000901222,0.0072463699616491,-0.0629444465689952,0.0201835117664785,0.0477222144993139,0.0072463699458265,0.0962962907304276,0.0036101065161182,0.0277777930742582,-0.0748752499441913,0.1350000158274504,-0.090016394549771,0.1851851871017624,-0.113237643633404,2019-02-27,2019-02-28,2019-03-01,2019-03-04,2019-03-05,2019-03-06,2019-03-07,2019-03-08,2019-03-11,2019-03-12,93004.0,2019-02-26,252.0,-2.8777%,-0.0007,-0.1377,-0.558,-0.6068,2.8457%,2.8701%,1.6943%,-0.034986,CPIX,93004.0,2019-02-27,252.0,5.5556%,-0.0005,-0.1346,-0.5468,-0.6061,2.8678%,2.8916%,1.6397%,0.0559119999999999,CPIX,93004.0,2019-02-28,252.0,-11.2263%,-0.0009,-0.1101,-0.5338,-0.5617,2.9557%,2.9764%,1.3833%,-0.114186,CPIX,93004.0,2019-03-01,252.0,11.8100%,-0.0004,-0.0974,-0.5148,-0.5972,3.0463%,3.0673%,1.3675%,0.118104,CPIX,93004.0,2019-03-04,252.0,3.9292%,-0.0004,-0.0839,-0.5954,-0.5927,3.0461%,3.0695%,1.5145%,0.038965,CPIX,93004.0,2019-03-05,252.0,0.6803%,-0.0005,-0.0886,-0.6298,-0.5974,3.0440%,3.0686%,1.5978%,0.003302,CPIX,93004.0,2019-03-06,252.0,-3.2095%,-0.0006,-0.0699,-0.5491,-0.5654,3.0541%,3.0751%,1.3612%,-0.040625,CPIX,93004.0,2019-03-07,252.0,1.2216%,-0.0006,-0.0779,-0.5688,-0.5815,3.0535%,3.0756%,1.4340%,0.009303,CPIX,93004.0,2019-03-08,252.0,0.0000%,-0.0005,-0.0792,-0.5461,-0.5849,3.0507%,3.0723%,1.3987%,-0.000965,CPIX,93004.0,2019-03-11,252.0,0.3448%,-0.0004,-0.0763,-0.5657,-0.5976,3.0473%,3.0700%,1.4748%,0.003463,CPIX,93004.0,2019-03-12,252.0,-4.6392%,-0.0007,-0.0962,-0.5399,-0.6097,3.0599%,3.0820%,1.4336%,-0.048353,CPIX,0.0209259999999999,-0.09326,0.0248439999999999,0.0671109999999999,-0.010066
17131,CHESAPEAKE UTILITIES CORP,"Chesapeake Utilities Q4 EPS $1.10 Misses $1.20 Estimate, Sales $201.19M Beat $196.7M Estimate",6,decrease,0.7,0.5,"the earnings per share (eps) miss the estimate, which is likely to negatively impact investor sentiment despite the sales beat.",0,2019-02-26,CPK,2019-02-26 22:50:00+00:00,23182.0,16530310,-0.0054830573499202,35021.0,-0.0037490788381546,-0.0098805213347077,-0.0037631029263138,0.0092044305056333,0.00899897236377,0.0030775859486311,0.0200396347790956,-0.0016459332546219,-0.0056130900047719,0.0199216436594724,-0.0137864118441939,0.0162647906690836,0.0030819899402558,-0.0027223853394389,0.0110830916091799,-0.0031659742817282,0.0170392841100692,0.0047717089764773,0.0009604521328583,-0.0010214954381808,-0.003624775679782,0.0139240399003028,-0.001925908611156,-0.0086698848754167,-0.0059197400696575,-0.0107211032882332,0.0053053037263453,0.0,-0.0134625742211937,0.0007905996753834,0.0022925664670765,-0.0224135890603065,0.0151399569585919,0.0093613760545849,-0.0108368508517742,0.002569869859144,0.0032540992833673,0.012443421408534,0.003567973151803,-0.0093018244951963,-0.0017237237188965,0.0008973845397122,-0.0161882136017084,0.0156072312965989,0.000548435957171,-0.0076870936900377,-0.0096480352804064,0.0181860253214836,-0.0116240782663226,0.0117619009688496,0.0179211292415857,0.0175376627594232,-0.005391702055931,0.0145467547699809,0.0242283716797828,0.020112819969654,-0.0179304778575897,-0.0219503622502088,0.0009899248834699,-0.0052499081939458,0.0098890401422977,0.0150175346061587,0.0029376198071986,-0.0107823349535465,0.0024951547384262,0.0222902595996856,0.0029217251576483,-0.0066909422166645,-0.012731984257698,0.0267299450933933,-0.0143169136717915,0.0059052798897027,0.002106606028974,-0.0210332926362752,-0.0003319183597341,0.021100228652358,0.008411755785346,-0.0016300595598295,0.0142684997990727,0.0061821579001843,0.0006492539541795,0.0039266017265617,-0.0030279958155006,-0.0486805774271488,-0.0019524926319718,-0.0147216599434614,0.0068470519036054,-0.025228563696146,-0.00723227718845,-0.0076940529979765,-0.0057627353817224,-0.0091032711789011,0.0301836654543876,-0.0562715344130992,0.0043524806387722,0.0011826750123873,-0.0252615939825773,0.0179875586181879,0.0099761243909597,0.0154987433925271,-0.0111659970134496,0.0143739329650998,0.0203040484338998,-0.0002245048090117,0.0136213554069399,0.0148114738985896,-0.0146981785073876,0.0182134546339511,-0.0050080046057701,-0.0112411491572856,0.0087813204154372,0.0132496440783143,-0.0030784851405769,0.0236763563007116,-0.0112874573096633,-0.0170740149915218,0.0053850295953452,0.0483021028339862,0.0066417008638381,-0.0212382618337869,-0.0037490788381546,-0.0098805213347077,-0.0074980735949217,-0.0007670354010591,0.0014334238117861,0.0023081899301995,0.015768002427597,0.0205932187651423,0.0342926483584644,0.0349563271029691,0.0075248985157223,0.0880563803233565,0.0402935250900056,0.0985453127336484,2019-02-27,2019-02-28,2019-03-01,2019-03-04,2019-03-05,2019-03-06,2019-03-07,2019-03-08,2019-03-11,2019-03-12,23182.0,2019-02-26,252.0,-0.5483%,0.0012,0.4167,0.43,0.2241,1.4385%,1.5086%,9.0715%,-0.00149,CPK,23182.0,2019-02-27,252.0,-0.3749%,0.0012,0.4214,0.4199,0.2249,1.4374%,1.5080%,9.1413%,-0.004772,CPK,23182.0,2019-02-28,252.0,-0.3763%,0.0012,0.4179,0.4175,0.2232,1.4367%,1.5059%,8.9701%,-0.002079,CPK,23182.0,2019-03-01,252.0,0.8999%,0.0013,0.4103,0.4061,0.2093,1.4342%,1.5007%,8.6623%,0.005582,CPK,23182.0,2019-03-04,252.0,2.0040%,0.0012,0.4248,0.3386,0.21,1.4219%,1.4886%,8.7671%,0.0228909999999999,CPK,23182.0,2019-03-05,252.0,-0.5613%,0.0013,0.4293,0.3708,0.2149,1.4182%,1.4877%,9.1280%,-0.003427,CPK,23182.0,2019-03-06,252.0,-1.3786%,0.0012,0.4266,0.3899,0.2145,1.4173%,1.4881%,9.2921%,-0.005684,CPK,23182.0,2019-03-07,252.0,0.3082%,0.0013,0.4279,0.409,0.2216,1.4136%,1.4860%,9.5029%,0.007471,CPK,23182.0,2019-03-08,252.0,1.1083%,0.0013,0.4268,0.4029,0.2202,1.4148%,1.4864%,9.3976%,0.012107,CPK,23182.0,2019-03-11,252.0,1.7039%,0.0014,0.4315,0.4066,0.22,1.4159%,1.4896%,9.6529%,0.010284,CPK,23182.0,2019-03-12,252.0,0.0960%,0.0014,0.4318,0.4067,0.2204,1.4159%,1.4891%,9.5827%,0.001106,CPK,-0.006262,-0.008341,-0.002759,0.0167049999999999,0.041989
17139,CATALYST PHARMACEUTICALS INC,Catalyst Pharma Highlights Publication Of Phase 3 Trial Data For Firdapse For Treatment OF Lambert-Eaton Myasthenic Syndrome,6,increase,0.8,0.7,"the publication of positive phase 3 trial data for firdapse, a treatment for lambert-eaton myasthenic syndrome, is likely to boost investor confidence and interest in catalyst pharmaceuticals, potentially leading to an increase in stock price.",2,2019-02-26,CPRX,2019-02-26 13:06:00+00:00,91606.0,14888U10,0.0590277202427387,1336853.0,0.0131147420033812,-0.0103092677891254,-0.0582523718476295,0.0210526958107948,-0.0103092677891254,0.0326086655259132,-0.0034723016433417,0.0109890000894665,-0.0069686346687376,-0.014440419152379,-0.0105263059958815,0.0221401993185281,0.0177304800599813,0.007434937171638,-0.0034843173343688,0.0112781841307878,0.0419580861926078,0.0472441427409648,0.0167785082012414,0.0283400528132915,0.0033003268763422,0.051063884049654,-0.01644735224545,0.0538116060197353,-0.0033444783184677,-0.0176211278885603,0.0335570164024829,-0.042194053530693,0.1298701614141464,-0.0557769350707531,0.1551724076271057,-0.0039682500064373,0.0348258391022682,0.0202428959310054,-0.0336538143455982,0.0334727689623832,0.3034825325012207,-0.0244897715747356,-0.0343511141836643,-0.0354330390691757,0.053359679877758,0.024193525314331,-0.0487804412841796,0.0122448857873678,0.0059171067550778,-0.016064241528511,-0.0254902187734842,-0.0496182739734649,0.0261569656431675,0.003831414040178,0.0274509545415639,0.0077220005914568,0.0019084407249465,0.0077820941805839,0.0666666477918624,0.0,-0.0321428254246711,-0.0265152156352996,-0.011070099659264,0.0476190969347953,0.0074626794084906,0.0285714007914066,0.0296296011656522,-0.0040650367736816,-0.0305755529552698,0.0081967134028673,0.025974091142416,0.0608696117997169,-0.005424992647022,0.0599077753722667,-0.0436363220214843,0.028436105698347,0.0095056481659412,0.0989583060145378,0.015065899118781,-0.0303030610084533,0.0018553300760686,0.0050761373713612,-0.0018518941942602,-0.0619047060608863,0.1131725683808327,0.0824741423130035,-0.0483333282172679,-0.0251256041228771,0.0122592244297266,-0.0339805521070957,-0.0069204908795654,-0.0803571715950965,-0.0121950693428516,-0.0781893208622932,0.0017636247212067,0.0384616032242775,0.0669014304876327,0.0,0.0082508567720651,-0.0487805381417274,-0.3960720300674438,0.0249999742954969,-0.2439024597406387,-0.0322580337524414,-0.0322580337524414,0.0553192012012004,0.1629629880189896,-0.0167364850640296,0.0063694203272461,0.0717489197850227,-0.0094936611130833,-0.0304347537457943,0.1309903562068939,-0.0356394276022911,0.0621469020843505,-0.0591716319322586,0.0079787159338593,-0.0848375111818313,0.0,-0.1150160133838654,0.0131925996392965,0.0755644589662551,-0.0755208283662796,-0.0067918370477855,0.0131147420033812,-0.0103092677891254,-0.0459015946721149,0.0105263901428729,-0.0557376506298177,0.0434783072041504,-0.0655737851750438,0.0397112411270308,-0.0065573683792861,0.1659919340037832,0.7573771338995978,0.1428571947706645,0.1639344121324657,-0.0170648323767147,2019-02-27,2019-02-28,2019-03-01,2019-03-04,2019-03-05,2019-03-06,2019-03-07,2019-03-08,2019-03-11,2019-03-12,91606.0,2019-02-26,252.0,5.9028%,0.0001,1.0708,1.746,0.0812,3.5360%,3.8311%,14.8137%,0.07281,CPRX,91606.0,2019-02-27,252.0,1.3115%,0.0002,1.0779,1.7359,0.0824,3.5350%,3.8310%,14.8582%,0.008831,CPRX,91606.0,2019-02-28,252.0,-5.8252%,-0.0,1.0948,1.7456,0.1076,3.5515%,3.8487%,14.8487%,-0.055152,CPRX,91606.0,2019-03-01,252.0,-1.0309%,-0.0002,1.1059,1.7621,0.1354,3.5505%,3.8491%,14.9133%,-0.022913,CPRX,91606.0,2019-03-04,252.0,-0.3472%,-0.0002,1.1042,1.7594,0.1376,3.5510%,3.8492%,14.8938%,0.008709,CPRX,91606.0,2019-03-05,252.0,-0.6969%,-0.0001,1.1104,1.8075,0.1417,3.5466%,3.8494%,15.1144%,0.000603,CPRX,91606.0,2019-03-06,252.0,-1.0526%,-0.0001,1.0925,1.7711,0.1166,3.5475%,3.8476%,14.9892%,0.021429,CPRX,91606.0,2019-03-07,252.0,1.7730%,0.0001,1.0819,1.775,0.1036,3.5514%,3.8490%,14.8656%,0.0282229999999999,CPRX,91606.0,2019-03-08,252.0,-0.3484%,0.0002,1.0802,1.8075,0.0992,3.5466%,3.8479%,15.0469%,-0.001905,CPRX,91606.0,2019-03-11,252.0,4.1958%,0.0003,1.0903,1.8177,0.0999,3.5487%,3.8568%,15.3379%,0.019782,CPRX,91606.0,2019-03-12,252.0,1.6779%,0.0004,1.1044,1.8062,0.1113,3.5494%,3.8581%,15.3627%,0.019132,CPRX,0.081641,0.026489,0.003576,0.012888,0.099549
17147,CHENIERE ENERGY PARTNERS L P,"Cheniere Energy Partners Q4 EPS $0.69 Beats $0.60 Estimate, Sales $1.897B Beat $1.65B Estimate",6,increase,0.8,0.7,"the company reported better-than-expected earnings and sales, which typically leads to positive investor sentiment and an increase in stock price.",2,2019-02-26,CQP,2019-02-26 13:16:00+00:00,91850.0,16411Q10,0.0130213908851146,347569.0,0.0526065938174724,0.0189189296215772,0.0024875758681446,-0.0202214773744344,-0.0275208931416273,-0.0212063565850257,-0.008118818514049,-0.0290551465004682,-0.0025724228471517,0.0106358174234628,-0.0103165870532393,0.0046457783319056,0.0307983718812465,0.0129411583766341,0.0043668686412274,0.0,0.0125857945531606,0.0080645196139812,-0.0083615574985742,0.0178658068180084,-0.0227894242852926,-0.0028888478409498,0.0,-0.0085918996483087,-0.023787323385477,-0.0113260857760906,0.023650212213397,0.0112967602908611,-0.000466666126158,0.0099834082648158,0.0086387796327471,0.035187017172575,0.0111111002042889,0.001972337719053,-0.0171703286468982,0.0072014131583273,-0.0062893186695873,0.0373518988490104,-0.0004688339831773,-0.010703413747251,-0.005159503314644,0.0258823968470096,-0.016030091792345,0.0132450331002473,0.0045519554987549,-0.0097061628475785,0.0031004308257251,-0.0465232767164707,0.0109367351979017,0.0136917075142264,-0.001175899291411,0.0107636637985706,-0.0082411654293537,0.000512832251843,-0.0002373770548729,0.0347572676837444,-0.0028496540617197,-0.0052784578874707,0.0102404495701193,-0.0119947614148259,-0.0018858561525121,-0.0087878042832016,0.016768991947174,0.0112389000132679,-0.0053426143713295,0.0202666223049163,-0.0046707326546311,0.0069816946052014,-0.0131393140181899,0.0347318686544895,-0.0076081710867583,0.0075588030740618,0.014135125093162,-0.0105262398719787,0.0134656196460127,0.0120549574494361,-0.006759928073734,-0.003909611608833,0.0004693841328844,-0.0148554919287562,0.0049260868690907,0.0153631074354052,0.0072362599894404,-0.0496415980160236,0.0120509071275591,0.0034628994762897,0.0034348873887211,-0.0118452422320842,0.0175718963146209,0.0385456457734108,-0.015698604285717,-0.019565787166357,0.0093415323644876,-0.027118569239974,-0.0153498593717813,0.014281858690083,0.0155741088092327,0.0227211285382509,-0.0089265145361423,0.0035288019571453,-0.0117782521992921,0.0,0.0107501540333032,-0.0024370471946895,-0.0201155822724103,-0.0104501442983746,0.0082585765048861,-0.0063898209482431,0.0007020542980171,-0.0157232303172349,0.010523872449994,0.0127388415858149,-0.0148113723844289,-0.0018542965408414,0.0004698251723311,0.0031889164820313,0.0260624699294567,0.0102013712748885,-0.0029748526867479,0.0396315418183803,0.0526065938174724,0.0189189296215772,0.0552250325789027,-0.0016851164601484,0.0261842972169286,-0.022855737864633,0.0152345451084896,-0.041156041818275,0.0445132788382178,0.0012072189825751,0.0097595820996361,0.0964102786692224,0.0515989674354147,0.1735230380017816,2019-02-27,2019-02-28,2019-03-01,2019-03-04,2019-03-05,2019-03-06,2019-03-07,2019-03-08,2019-03-11,2019-03-12,91850.0,2019-02-26,252.0,1.3021%,0.0016,0.6267,0.0859,0.1123,1.4490%,1.5833%,16.2439%,0.014986,CQP,91850.0,2019-02-27,252.0,5.2607%,0.0018,0.6316,0.0919,0.1132,1.4822%,1.6154%,15.8017%,0.0519139999999999,CQP,91850.0,2019-02-28,252.0,0.2488%,0.0019,0.6295,0.0906,0.1111,1.4822%,1.6139%,15.6492%,0.00461,CQP,91850.0,2019-03-01,252.0,-2.7521%,0.0018,0.6176,0.0729,0.1084,1.4966%,1.6217%,14.8261%,-0.031962,CQP,91850.0,2019-03-04,252.0,-0.8119%,0.0017,0.6241,0.0575,0.1053,1.4953%,1.6226%,15.0713%,-0.005128,CQP,91850.0,2019-03-05,252.0,-0.2572%,0.0017,0.6261,0.071,0.1077,1.4948%,1.6227%,15.1460%,-0.00117,CQP,91850.0,2019-03-06,252.0,-1.0317%,0.0016,0.6249,0.0865,0.1084,1.4946%,1.6223%,15.1223%,-0.0042959999999999,CQP,91850.0,2019-03-07,252.0,3.0798%,0.0017,0.6064,0.0639,0.0775,1.5089%,1.6305%,14.3560%,0.036251,CQP,91850.0,2019-03-08,252.0,0.4367%,0.0017,0.6065,0.0541,0.0781,1.5080%,1.6295%,14.3478%,0.005711,CQP,91850.0,2019-03-11,252.0,1.2586%,0.0017,0.6073,0.0608,0.0816,1.5076%,1.6301%,14.4693%,0.003671,CQP,91850.0,2019-03-12,252.0,-0.8362%,0.0018,0.631,0.0609,0.1088,1.4980%,1.6272%,15.2425%,-0.009734,CQP,0.0668999999999999,0.0715099999999999,0.0395479999999999,0.0332499999999999,0.0648529999999999
17155,COSTAR GROUP INC,"CoStar Sees Q1 Adj. EPS $2.38-$2.47 vs $2.21 Est., Sales $325M-$329M vs $325.86M Est. ;Sees FY19 Adj. EPS $9.80-$10.00 vs $9.79 Est., Sales $1.37B-$1.38B vs $1.38B Est.",6,increase,0.7,0.6,"costar group's adjusted eps guidance for q1 and fy19 exceeds estimates, which is likely to positively influence investor sentiment and drive the stock price higher.",2,2019-02-26,CSGP,2019-02-26 21:41:00+00:00,86288.0,22160N10,-0.0115012666210532,324351.0,0.1175804659724236,-0.0013598114019259,0.0070433653891086,0.0183985419571399,0.0422923229634761,-0.0127441436052322,-0.0227730572223663,-0.0004392422270029,-0.0045491508208215,-0.0030411405023187,-0.0114248497411608,0.0079699838533997,-0.0036197199951857,0.0020395296160131,0.0066529707983136,0.0041454420424997,0.0119570409879088,0.0202658176422119,8.588559285271913e-05,-0.0156125789508223,0.0067236744798719,0.0134873669594526,-0.0063586481846868,0.0052769691683351,0.0074301357381045,-0.011555079370737,-0.0021316052880138,0.0055460534058511,-0.0024779520463198,0.0125013049691915,-0.0043899775482714,0.0072170943021774,0.0188634358346462,0.0175255332142114,-0.0181764774024486,0.0107122370973229,0.0020642082672566,-0.0065109701827168,-0.0045060641132295,-0.0041145207360386,-0.009139091707766,0.0236991215497255,0.004872721619904,0.0097714746370911,0.0096982531249523,-0.0144323948770761,0.028000509366393,-0.0083399461582303,-0.0015433818334713,0.0227364785969257,0.0105276526883244,0.0118982661515474,-0.0126090496778488,0.0136616136878728,0.0131887840107083,0.0107679450884461,-0.0082235028967261,-0.0022267035674303,-0.0096666971221566,-0.0009732665494084,0.0069632031954824,0.0177156720310449,0.0060792886652052,0.0244397204369306,0.0120437275618314,0.0089803058654069,0.0033033471554517,0.0095980633050203,-0.0101638101041317,0.0346186347305774,-0.0070657883770763,-0.0222275406122207,0.0023304100614041,-0.007766630500555,0.011168323457241,0.0004448349354788,0.0163826327770948,-0.0028095231391489,-0.0418316088616848,0.0033828327432274,0.0247275568544864,0.0515804886817932,0.0041760927997529,0.0002496537636034,0.0023968673776835,-0.023350017145276,0.0142039898782968,-0.0253142565488815,-0.0005037783412262,-0.0007125389529392,0.0111894914880394,-0.0237391367554664,-0.0053633786737918,-0.034911073744297,0.0147536704316735,-0.0206831973046064,-0.021551901474595,-0.0168336573988199,0.0029476317577064,0.0251538921147584,-0.0040662460960447,-0.0024788440205156,0.0069327796809375,-0.0103039350360631,-0.019350403919816,-0.0228798110038042,0.0313996709883213,0.0262970719486475,0.0143089452758431,-0.0395147651433944,0.0154571486636996,0.0310782101005315,-0.0026590202469378,-0.0028074886649847,-0.0006954760756343,-0.0123183447867631,0.0147317452356219,0.0425874292850494,0.0058681522496044,-0.035498809069395,0.1175804659724235,-0.0013598114019259,0.1254519935459976,0.0170137120080817,0.173049972736933,0.0040527432137604,0.141121183052242,0.0005595965979217,0.1451061165898086,0.0191812586489219,0.1693109637415362,0.1435960609337885,0.2986741717895296,0.1026624345200031,2019-02-27,2019-02-28,2019-03-01,2019-03-04,2019-03-05,2019-03-06,2019-03-07,2019-03-08,2019-03-11,2019-03-12,86288.0,2019-02-26,252.0,-1.1501%,0.0002,0.8455,0.3427,-0.6381,1.1797%,1.6501%,48.8916%,-0.010262,CSGP,86288.0,2019-02-27,252.0,11.7580%,0.0007,0.8537,0.3619,-0.6364,1.3823%,1.8066%,41.4590%,0.115303,CSGP,86288.0,2019-02-28,252.0,0.7043%,0.0008,0.8437,0.3553,-0.6453,1.3794%,1.7985%,41.1728%,0.007927,CSGP,86288.0,2019-03-01,252.0,4.2292%,0.0009,0.8521,0.3677,-0.6471,1.3937%,1.8164%,41.1261%,0.0325159999999999,CSGP,86288.0,2019-03-04,252.0,-2.2773%,0.0008,0.8597,0.356,-0.6523,1.3948%,1.8225%,41.4273%,-0.014438,CSGP,86288.0,2019-03-05,252.0,-0.4549%,0.0007,0.8612,0.3644,-0.6496,1.3949%,1.8218%,41.3758%,-0.00364,CSGP,86288.0,2019-03-06,252.0,-1.1425%,0.0007,0.8515,0.3732,-0.6594,1.3901%,1.8172%,41.4869%,0.000571,CSGP,86288.0,2019-03-07,252.0,-0.3620%,0.0007,0.8525,0.3796,-0.6562,1.3896%,1.8175%,41.5383%,0.001358,CSGP,86288.0,2019-03-08,252.0,0.6653%,0.0008,0.8509,0.3908,-0.6593,1.3888%,1.8176%,41.6196%,0.007133,CSGP,86288.0,2019-03-11,252.0,1.1957%,0.0007,0.8477,0.3851,-0.6609,1.3892%,1.8189%,41.6635%,-0.005647,CSGP,86288.0,2019-03-12,252.0,0.0086%,0.0007,0.8469,0.3863,-0.6613,1.3893%,1.8173%,41.5580%,-0.001574,CSGP,0.105041,0.112968,0.145484,0.127406,0.1292469999999999
17163,COSTAR GROUP INC,"CoStar Group Q4 EPS $2.81 Beats $2.53 Estimate, Sales $316M Beat $310.31M Estimate",6,increase,0.8,0.7,"the company's q4 earnings per share and sales both exceeded analyst estimates, which typically signals strong performance and can lead to a positive reaction in the stock price.",2,2019-02-26,CSGP,2019-02-26 21:38:00+00:00,86288.0,22160N10,-0.0115012666210532,324351.0,0.1175804659724236,-0.0013598114019259,0.0070433653891086,0.0183985419571399,0.0422923229634761,-0.0127441436052322,-0.0227730572223663,-0.0004392422270029,-0.0045491508208215,-0.0030411405023187,-0.0114248497411608,0.0079699838533997,-0.0036197199951857,0.0020395296160131,0.0066529707983136,0.0041454420424997,0.0119570409879088,0.0202658176422119,8.588559285271913e-05,-0.0156125789508223,0.0067236744798719,0.0134873669594526,-0.0063586481846868,0.0052769691683351,0.0074301357381045,-0.011555079370737,-0.0021316052880138,0.0055460534058511,-0.0024779520463198,0.0125013049691915,-0.0043899775482714,0.0072170943021774,0.0188634358346462,0.0175255332142114,-0.0181764774024486,0.0107122370973229,0.0020642082672566,-0.0065109701827168,-0.0045060641132295,-0.0041145207360386,-0.009139091707766,0.0236991215497255,0.004872721619904,0.0097714746370911,0.0096982531249523,-0.0144323948770761,0.028000509366393,-0.0083399461582303,-0.0015433818334713,0.0227364785969257,0.0105276526883244,0.0118982661515474,-0.0126090496778488,0.0136616136878728,0.0131887840107083,0.0107679450884461,-0.0082235028967261,-0.0022267035674303,-0.0096666971221566,-0.0009732665494084,0.0069632031954824,0.0177156720310449,0.0060792886652052,0.0244397204369306,0.0120437275618314,0.0089803058654069,0.0033033471554517,0.0095980633050203,-0.0101638101041317,0.0346186347305774,-0.0070657883770763,-0.0222275406122207,0.0023304100614041,-0.007766630500555,0.011168323457241,0.0004448349354788,0.0163826327770948,-0.0028095231391489,-0.0418316088616848,0.0033828327432274,0.0247275568544864,0.0515804886817932,0.0041760927997529,0.0002496537636034,0.0023968673776835,-0.023350017145276,0.0142039898782968,-0.0253142565488815,-0.0005037783412262,-0.0007125389529392,0.0111894914880394,-0.0237391367554664,-0.0053633786737918,-0.034911073744297,0.0147536704316735,-0.0206831973046064,-0.021551901474595,-0.0168336573988199,0.0029476317577064,0.0251538921147584,-0.0040662460960447,-0.0024788440205156,0.0069327796809375,-0.0103039350360631,-0.019350403919816,-0.0228798110038042,0.0313996709883213,0.0262970719486475,0.0143089452758431,-0.0395147651433944,0.0154571486636996,0.0310782101005315,-0.0026590202469378,-0.0028074886649847,-0.0006954760756343,-0.0123183447867631,0.0147317452356219,0.0425874292850494,0.0058681522496044,-0.035498809069395,0.1175804659724235,-0.0013598114019259,0.1254519935459976,0.0170137120080817,0.173049972736933,0.0040527432137604,0.141121183052242,0.0005595965979217,0.1451061165898086,0.0191812586489219,0.1693109637415362,0.1435960609337885,0.2986741717895296,0.1026624345200031,2019-02-27,2019-02-28,2019-03-01,2019-03-04,2019-03-05,2019-03-06,2019-03-07,2019-03-08,2019-03-11,2019-03-12,86288.0,2019-02-26,252.0,-1.1501%,0.0002,0.8455,0.3427,-0.6381,1.1797%,1.6501%,48.8916%,-0.010262,CSGP,86288.0,2019-02-27,252.0,11.7580%,0.0007,0.8537,0.3619,-0.6364,1.3823%,1.8066%,41.4590%,0.115303,CSGP,86288.0,2019-02-28,252.0,0.7043%,0.0008,0.8437,0.3553,-0.6453,1.3794%,1.7985%,41.1728%,0.007927,CSGP,86288.0,2019-03-01,252.0,4.2292%,0.0009,0.8521,0.3677,-0.6471,1.3937%,1.8164%,41.1261%,0.0325159999999999,CSGP,86288.0,2019-03-04,252.0,-2.2773%,0.0008,0.8597,0.356,-0.6523,1.3948%,1.8225%,41.4273%,-0.014438,CSGP,86288.0,2019-03-05,252.0,-0.4549%,0.0007,0.8612,0.3644,-0.6496,1.3949%,1.8218%,41.3758%,-0.00364,CSGP,86288.0,2019-03-06,252.0,-1.1425%,0.0007,0.8515,0.3732,-0.6594,1.3901%,1.8172%,41.4869%,0.000571,CSGP,86288.0,2019-03-07,252.0,-0.3620%,0.0007,0.8525,0.3796,-0.6562,1.3896%,1.8175%,41.5383%,0.001358,CSGP,86288.0,2019-03-08,252.0,0.6653%,0.0008,0.8509,0.3908,-0.6593,1.3888%,1.8176%,41.6196%,0.007133,CSGP,86288.0,2019-03-11,252.0,1.1957%,0.0007,0.8477,0.3851,-0.6609,1.3892%,1.8189%,41.6635%,-0.005647,CSGP,86288.0,2019-03-12,252.0,0.0086%,0.0007,0.8469,0.3863,-0.6613,1.3893%,1.8173%,41.5580%,-0.001574,CSGP,0.105041,0.112968,0.145484,0.127406,0.1292469999999999
17171,CIVEO CORP NEW,"Civeo Q4 EPS $(0.08) Beats $(0.11) Estimate, Adj. EBITDA $19.9M, Sales $114.5M Miss $116.63M Estimate",6,uncertain,0.6,0.3,"while civeo's eps beat estimates, the miss on sales could lead to mixed reactions from investors, resulting in uncertainty about the stock's direction.",1,2019-02-26,CVEO,2019-02-26 11:16:00+00:00,14619.0,17878Y20,0.0592885762453079,439382.0,-0.0037313397042453,-0.0343511141836643,-0.0262172911316156,0.0076923007145524,-0.0384615026414394,-0.0225564576685428,-0.0399999618530273,0.059760995209217,-0.0375000610947608,-0.0039682500064373,-0.0476190038025379,0.0243902206420898,-0.0045454502105712,-0.0120481811463832,-0.0091324113309383,0.0121951103210449,0.0322580337524414,0.0249999742954969,0.0312499701976776,0.01694923825562,0.0129870008677244,0.0042553152889013,-0.017094001173973,-0.0711462721228599,-0.0608695074915885,-0.0269230529665947,-0.0138888750225305,0.0077519309706985,0.0375586487352848,0.0078124925494194,0.0271492954343557,0.011857695877552,-0.0176211278885603,0.109649121761322,-0.062780313193798,0.00440528197214,-0.0191387385129928,0.0088888807222247,0.0195121765136718,-0.0301723852753639,-0.0047846846282482,0.0450450032949447,0.0096153756603598,0.0882353261113166,0.0,-0.0192307513207197,-0.0142857013270258,-0.014217996969819,-0.0289854798465967,-0.0047169770114123,-0.0099502392113208,0.0,0.0452260859310627,-0.0046949428506195,0.1009615585207939,-0.0184331610798835,0.0480349920690059,-0.0136363506317138,0.0,0.0679612159729003,0.0166666507720947,-0.0373832508921623,0.0163934268057346,0.1693989336490631,-0.1088709607720375,-0.0265957191586494,0.0271492954343557,0.1533742398023605,-0.0220264103263616,0.0653594955801963,-0.0225225016474723,-0.0254777576774358,-0.03225814178586,0.0979021713137626,0.009523800574243,0.0833332538604736,0.0660377889871597,0.1000000014901161,-0.0044247745536267,0.0,-0.0266666412353515,0.043478325009346,-0.0091324113309383,-0.0573770925402641,-0.0599078834056854,-0.0827067717909812,-0.0147058684378862,-0.0431654267013073,-0.05970149487257,0.0220588017255067,-0.0105820009484887,-0.0072992630302906,0.0427807718515396,-0.0866666659712791,0.0256409998983144,-0.0506329387426376,0.0199999809265136,-0.018633522093296,-0.03921565040946,0.0062499940395355,-0.0204082038253545,-0.0361445434391498,-0.0468749552965164,-0.0235294587910175,-0.0437158681452274,0.0,-0.0285714007914066,-0.0555555038154125,0.0,-0.0270270649343729,-0.017647111788392,0.0946745350956916,0.0059880185872316,-0.0662982836365699,-0.0654761269688606,-0.0054945657029747,0.0764331221580505,0.0,-0.0532544553279876,-0.0618556700646877,-0.0037313397042453,-0.0343511141836643,-0.0298508052165238,-0.0269230525692926,-0.0671642010342788,-0.0488722215422482,-0.1380597422169713,0.0039682515665961,-0.1380597417846281,0.0720339351668015,-0.1044775943548863,0.2281553556700155,-0.4029850730315538,0.3041236619477705,2019-02-27,2019-02-28,2019-03-01,2019-03-04,2019-03-05,2019-03-06,2019-03-07,2019-03-08,2019-03-11,2019-03-12,14619.0,2019-02-26,252.0,5.9289%,-0.0007,1.4246,1.5263,0.4108,3.7060%,4.0509%,16.3059%,0.073287,CVEO,14619.0,2019-02-27,252.0,-0.3731%,-0.0007,1.4336,1.5083,0.4123,3.7039%,4.0502%,16.3672%,-0.00752,CVEO,14619.0,2019-02-28,252.0,-2.6217%,-0.0008,1.442,1.5134,0.4232,3.7058%,4.0526%,16.3814%,-0.021144,CVEO,14619.0,2019-03-01,252.0,-3.8462%,-0.001,1.431,1.497,0.4297,3.7196%,4.0568%,15.9332%,-0.05163,CVEO,14619.0,2019-03-04,252.0,-4.0000%,-0.0012,1.4504,1.4572,0.4191,3.7172%,4.0594%,16.1509%,-0.0283369999999999,CVEO,14619.0,2019-03-05,252.0,-3.7500%,-0.0014,1.4549,1.4741,0.4328,3.7215%,4.0628%,16.0956%,-0.029601,CVEO,14619.0,2019-03-06,252.0,-4.7619%,-0.0014,1.4636,1.5046,0.4467,3.7227%,4.0731%,16.4673%,-0.017087,CVEO,14619.0,2019-03-07,252.0,-0.4545%,-0.0011,1.4711,1.5641,0.4736,3.7087%,4.0669%,16.8365%,0.0098929999999999,CVEO,14619.0,2019-03-08,252.0,-0.9132%,-0.0013,1.4752,1.5076,0.4831,3.6947%,4.0483%,16.7042%,-0.005963,CVEO,14619.0,2019-03-11,252.0,3.2258%,-0.0013,1.4797,1.5086,0.4814,3.6951%,4.0537%,16.9088%,0.0072729999999999,CVEO,14619.0,2019-03-12,252.0,3.1250%,-0.0011,1.5032,1.4886,0.5,3.6978%,4.0588%,16.9985%,0.03207,CVEO,0.065767,0.044623,-0.0070069999999999,-0.0649449999999999,-0.0387589999999999
17179,C V S HEALTH CORP,DOJ Asks Judge Leon to Give Final Approval to CVS-Aetna Merger,6,increase,0.75,0.6,"the doj's request for final approval suggests that regulatory hurdles are being cleared, which is likely to boost investor confidence in the cvs-aetna merger and positively impact cvs health corp's stock price.",2,2019-02-26,CVS,2019-02-26 09:16:00+00:00,17005.0,12665010,-0.0089825121685862,12273558.0,-0.0359261743724346,-0.0116222957149148,-0.0114529598504304,-0.0064153606072068,0.0051876055076718,-0.0291186962276697,-0.0373301543295383,-0.0809959396719932,-0.0178699064999818,0.0050337766297161,-0.0174672324210405,0.0271826889365911,-0.030370358377695,-0.0014751212438568,0.0108861662447452,0.011640035547316,0.0154921533539891,0.0293395351618528,0.016744215041399,0.0013843460474163,0.0351326279342174,-0.0112547203898429,-0.0121972532942891,-0.0042404783889651,-0.0050107836723327,0.0054819649085402,0.0192446000874042,-0.003641412127763,0.0074113640002906,0.0105796139687299,-0.0162900742143392,-0.0050343526527285,0.0220798011869192,-0.0062158284708857,-0.0236933901906013,0.0064082723110914,-0.019450394436717,0.0045984527096152,0.0080072544515132,-0.0032085422426462,-0.0241920948028564,0.0072328955866396,-0.0127659318968653,-0.0095295300707221,0.0106821535155177,0.0183302909135818,0.0048210332170128,-0.0091574862599372,-0.0380143485963344,0.0339276902377605,0.0126606533303856,-0.0086044939234852,0.0115552302449941,0.0028239171952009,0.0123595474287867,-0.0244872160255909,0.0016648196615278,-0.0071417903527617,-0.0079409107565879,0.0039663538336753,0.0027922135777771,-0.007419713307172,-0.0219045914709568,-0.0363344214856624,0.0022775242105126,-0.0011660375166684,0.0266994852572679,0.0267884004861116,-0.0059018754400312,0.0243752300739288,-0.02523192204535,-0.0053369696252048,0.0017129834741353,0.000915830140002,0.005700156558305,0.0050620371475815,0.0101086935028433,-0.0007663308642804,-0.0005664422060362,-0.002599079394713,0.0056678489781916,0.0395741499960422,0.0056359050795435,-0.0122449388727545,0.0085933664813637,-0.0418171249330043,0.0072235483676195,-0.0307624004781246,0.05424789711833,-0.0139448139816522,-0.0104657644405961,-0.0159853566437959,-0.001233909628354,-0.0165552981197834,-0.0010589723242446,-0.0203081015497446,-0.0220848061144352,-0.015167748555541,0.0070461286231875,0.0148480627685785,-0.0069968281313776,0.0009545586071908,-0.0034326761960983,-0.010122824460268,-0.0242929682135582,-0.0323887094855308,-0.0157933570444583,-0.0296540856361389,-0.0033981555607169,-0.0076709380373358,-0.0092820925638079,-0.008478807285428,0.0110899014398455,0.002499961759895,0.0022692687343806,-0.0033636060543358,0.0098113296553492,0.0096854921430349,0.0035500491503626,0.0213258452713489,-0.0359261743724346,-0.0116222957149147,-0.046967673190198,-0.0179630951040268,-0.0420237174426502,-0.0465587294220536,-0.0942650135945724,-0.119372923422988,-0.0993737399867179,-0.0581449383792643,-0.1147000445829422,-0.0587163736916422,-0.1064237653827775,-0.2073336673515982,2019-02-27,2019-02-28,2019-03-01,2019-03-04,2019-03-05,2019-03-06,2019-03-07,2019-03-08,2019-03-11,2019-03-12,17005.0,2019-02-26,252.0,-0.8983%,-0.0001,0.9393,-0.3071,0.5885,1.5999%,1.8494%,25.1621%,-0.0076539999999999,CVS,17005.0,2019-02-27,252.0,-3.5926%,-0.0001,0.9432,-0.3245,0.589,1.6141%,1.8631%,24.9427%,-0.0355819999999999,CVS,17005.0,2019-02-28,252.0,-1.1453%,-0.0002,0.9508,-0.3195,0.5962,1.6131%,1.8644%,25.1453%,-0.0070909999999999,CVS,17005.0,2019-03-01,252.0,0.5188%,-0.0002,0.9534,-0.3157,0.5993,1.6129%,1.8642%,25.1376%,0.001563,CVS,17005.0,2019-03-04,252.0,-3.7330%,-0.0004,0.9607,-0.3077,0.5901,1.6281%,1.8780%,24.8430%,-0.036063,CVS,17005.0,2019-03-05,252.0,-1.7870%,-0.0005,0.9622,-0.3062,0.5969,1.6307%,1.8810%,24.8355%,-0.015864,CVS,17005.0,2019-03-06,252.0,-1.7467%,-0.0005,0.9674,-0.2792,0.6065,1.6328%,1.8821%,24.7432%,-0.0135719999999999,CVS,17005.0,2019-03-07,252.0,-3.0370%,-0.0006,0.9795,-0.2594,0.6282,1.6361%,1.8906%,25.1158%,-0.020722,CVS,17005.0,2019-03-08,252.0,1.0886%,-0.0005,0.9777,-0.2622,0.6254,1.6386%,1.8920%,24.9943%,0.014149,CVS,17005.0,2019-03-11,252.0,1.5492%,-0.0005,0.9802,-0.25,0.631,1.6376%,1.8929%,25.1525%,0.005031,CVS,17005.0,2019-03-12,252.0,1.6744%,-0.0004,0.9859,-0.2578,0.6344,1.6398%,1.8940%,25.0403%,0.014009,CVS,-0.043236,-0.050327,-0.0487639999999999,-0.1006909999999999,-0.101796
17187,CURTISS WRIGHT CORP,Curtiss-Wright Sees FY19 EPS $6.80-$6.95 vs $6.81 Estimate,6,uncertain,0.6,0.3,"while the eps guidance is slightly below the estimate, the range is close enough that investor sentiment could vary, leading to uncertainty in stock price movement.",1,2019-02-26,CW,2019-02-26 23:00:00+00:00,18091.0,23156110,-0.0198980905115604,261782.0,0.0424497090280056,0.0016472127754241,-0.0078062224201858,0.0038029025308787,-0.0056777074933052,-0.0018978740554302,-0.0123174367472529,0.0092438422143459,-0.0056161237880587,-0.0004161776741966,-0.0245847105979919,0.0170165468007326,-0.0131982546299696,0.0011866366257891,-0.0113901086151599,0.0039996700361371,-0.0024439101107418,0.0150298485532403,8.751540735829622e-05,-0.0054978695698082,0.0063866642303764,0.0060496465303003,-0.0034773671068251,-0.0038740062154829,-0.0207624305039644,-8.603346213931218e-05,0.025567952543497,0.0176068190485239,-0.0095552997663617,0.0102655189111828,0.0130679309368133,-0.004580661188811,0.0067526511847972,-0.0014953451463952,-0.0292372647672891,0.0082476083189249,-0.0038090203888714,0.0042750565335154,-0.0045349649153649,0.0019632449839264,0.0062528187409043,0.0143930148333311,0.005511135328561,0.0071109379641711,0.001944780582562,0.0090148411691188,-0.0070583680644631,-0.0294616818428039,-0.0047983019612729,0.0101001244038343,-0.017589297145605,0.0184607114642858,0.0222666971385479,0.0082414979115128,0.0035561334807425,0.0152298118919134,0.0029234748799353,-0.0100511331111192,-0.0224361885339021,-9.307776053901762e-05,-0.0046082455664873,0.0201253350824117,0.0153412744402885,0.0060165910981595,0.0029503963887691,0.0213617105036974,0.0013371503446251,-0.0035961002577096,0.0032938227523118,0.0345902703702449,-0.0192546434700489,-0.0346534624695777,0.0168280154466629,0.0088131008669734,-0.0020464074332267,0.0151093862950801,0.0223786942660808,-0.0079874284565448,-0.0047963322140276,0.0198109522461891,-0.0051700309850275,0.0235718060284853,0.0105699338018894,-0.0190831925719976,0.0031377405393868,-0.0099960016086697,-0.0099921273067593,-0.0149664897471666,0.003247280139476,-0.0218627005815506,0.00227453536354,0.0227541886270046,0.011172198690474,-0.0176117643713951,-0.0002589450159575,-0.0082533648237586,-0.0217578709125518,-0.0135378241539001,0.0004412658454384,0.0317444838583469,0.0025584553368389,-0.0072723748162388,0.0127595644444227,-0.0043445122428238,-0.0502215549349784,-0.0132418731227517,0.0325679741799831,-0.025348151102662,0.0108974548056721,-0.0265726894140243,0.030674846842885,0.0021738936193287,-0.0126700503751635,0.0177929401397705,-0.0078374268487095,9.207822586176916e-05,0.0215278081595897,0.0283090118318796,-0.0059483083896338,-0.020676827058196,0.0424497090280056,0.0016472127754241,0.0343121147374749,0.0054563794959354,0.0284395930932137,0.0035481499194232,0.0100671529874776,0.0124032756060266,-0.0411073329959953,0.0447555964682235,-0.0703224775671792,0.1317699985235172,-0.017315609012164,0.1292368057481163,2019-02-27,2019-02-28,2019-03-01,2019-03-04,2019-03-05,2019-03-06,2019-03-07,2019-03-08,2019-03-11,2019-03-12,18091.0,2019-02-26,252.0,-1.9898%,-0.0005,1.0699,0.3527,0.1939,1.0874%,1.5506%,50.8195%,-0.015515,CW,18091.0,2019-02-27,252.0,4.2450%,-0.0004,1.0695,0.3656,0.194,1.1182%,1.5717%,49.3857%,0.040949,CW,18091.0,2019-02-28,252.0,-0.7806%,-0.0004,1.0733,0.3681,0.1976,1.1179%,1.5715%,49.4011%,-0.0041789999999999,CW,18091.0,2019-03-01,252.0,-0.5678%,-0.0005,1.0723,0.3666,0.2022,1.1209%,1.5703%,49.0527%,-0.013773,CW,18091.0,2019-03-04,252.0,-1.2317%,-0.0004,1.0602,0.412,0.2042,1.1079%,1.5552%,49.2507%,-0.006154,CW,18091.0,2019-03-05,252.0,-0.5616%,-0.0004,1.0592,0.4031,0.2041,1.1074%,1.5520%,49.0892%,-0.002137,CW,18091.0,2019-03-06,252.0,-2.4585%,-0.0005,1.0618,0.4258,0.2101,1.1090%,1.5573%,49.2839%,-0.010781,CW,18091.0,2019-03-07,252.0,-1.3198%,-0.0005,1.0627,0.4244,0.211,1.1091%,1.5584%,49.3445%,-0.00359,CW,18091.0,2019-03-08,252.0,-1.1390%,-0.0005,1.0639,0.4246,0.2128,1.1104%,1.5598%,49.3200%,-0.0089959999999999,CW,18091.0,2019-03-11,252.0,-0.2444%,-0.0006,1.0544,0.418,0.2139,1.1163%,1.5598%,48.7818%,-0.018807,CW,18091.0,2019-03-12,252.0,0.0088%,-0.0007,1.0418,0.421,0.2008,1.1124%,1.5465%,48.2628%,-0.001297,CW,0.025434,0.021255,0.0074819999999999,-0.000809,-0.04428
17195,CURTISS WRIGHT CORP,"Curtiss-Wright Q4 EPS $1.90 Beats $1.75 Estimate, Sales $648.622M Miss $688.44M Estimate",6,uncertain,0.6,0.3,"while the earnings per share (eps) beat estimates, the significant miss in sales could lead to mixed reactions from investors, creating uncertainty about the stock's direction.",1,2019-02-26,CW,2019-02-26 22:59:00+00:00,18091.0,23156110,-0.0198980905115604,261782.0,0.0424497090280056,0.0016472127754241,-0.0078062224201858,0.0038029025308787,-0.0056777074933052,-0.0018978740554302,-0.0123174367472529,0.0092438422143459,-0.0056161237880587,-0.0004161776741966,-0.0245847105979919,0.0170165468007326,-0.0131982546299696,0.0011866366257891,-0.0113901086151599,0.0039996700361371,-0.0024439101107418,0.0150298485532403,8.751540735829622e-05,-0.0054978695698082,0.0063866642303764,0.0060496465303003,-0.0034773671068251,-0.0038740062154829,-0.0207624305039644,-8.603346213931218e-05,0.025567952543497,0.0176068190485239,-0.0095552997663617,0.0102655189111828,0.0130679309368133,-0.004580661188811,0.0067526511847972,-0.0014953451463952,-0.0292372647672891,0.0082476083189249,-0.0038090203888714,0.0042750565335154,-0.0045349649153649,0.0019632449839264,0.0062528187409043,0.0143930148333311,0.005511135328561,0.0071109379641711,0.001944780582562,0.0090148411691188,-0.0070583680644631,-0.0294616818428039,-0.0047983019612729,0.0101001244038343,-0.017589297145605,0.0184607114642858,0.0222666971385479,0.0082414979115128,0.0035561334807425,0.0152298118919134,0.0029234748799353,-0.0100511331111192,-0.0224361885339021,-9.307776053901762e-05,-0.0046082455664873,0.0201253350824117,0.0153412744402885,0.0060165910981595,0.0029503963887691,0.0213617105036974,0.0013371503446251,-0.0035961002577096,0.0032938227523118,0.0345902703702449,-0.0192546434700489,-0.0346534624695777,0.0168280154466629,0.0088131008669734,-0.0020464074332267,0.0151093862950801,0.0223786942660808,-0.0079874284565448,-0.0047963322140276,0.0198109522461891,-0.0051700309850275,0.0235718060284853,0.0105699338018894,-0.0190831925719976,0.0031377405393868,-0.0099960016086697,-0.0099921273067593,-0.0149664897471666,0.003247280139476,-0.0218627005815506,0.00227453536354,0.0227541886270046,0.011172198690474,-0.0176117643713951,-0.0002589450159575,-0.0082533648237586,-0.0217578709125518,-0.0135378241539001,0.0004412658454384,0.0317444838583469,0.0025584553368389,-0.0072723748162388,0.0127595644444227,-0.0043445122428238,-0.0502215549349784,-0.0132418731227517,0.0325679741799831,-0.025348151102662,0.0108974548056721,-0.0265726894140243,0.030674846842885,0.0021738936193287,-0.0126700503751635,0.0177929401397705,-0.0078374268487095,9.207822586176916e-05,0.0215278081595897,0.0283090118318796,-0.0059483083896338,-0.020676827058196,0.0424497090280056,0.0016472127754241,0.0343121147374749,0.0054563794959354,0.0284395930932137,0.0035481499194232,0.0100671529874776,0.0124032756060266,-0.0411073329959953,0.0447555964682235,-0.0703224775671792,0.1317699985235172,-0.017315609012164,0.1292368057481163,2019-02-27,2019-02-28,2019-03-01,2019-03-04,2019-03-05,2019-03-06,2019-03-07,2019-03-08,2019-03-11,2019-03-12,18091.0,2019-02-26,252.0,-1.9898%,-0.0005,1.0699,0.3527,0.1939,1.0874%,1.5506%,50.8195%,-0.015515,CW,18091.0,2019-02-27,252.0,4.2450%,-0.0004,1.0695,0.3656,0.194,1.1182%,1.5717%,49.3857%,0.040949,CW,18091.0,2019-02-28,252.0,-0.7806%,-0.0004,1.0733,0.3681,0.1976,1.1179%,1.5715%,49.4011%,-0.0041789999999999,CW,18091.0,2019-03-01,252.0,-0.5678%,-0.0005,1.0723,0.3666,0.2022,1.1209%,1.5703%,49.0527%,-0.013773,CW,18091.0,2019-03-04,252.0,-1.2317%,-0.0004,1.0602,0.412,0.2042,1.1079%,1.5552%,49.2507%,-0.006154,CW,18091.0,2019-03-05,252.0,-0.5616%,-0.0004,1.0592,0.4031,0.2041,1.1074%,1.5520%,49.0892%,-0.002137,CW,18091.0,2019-03-06,252.0,-2.4585%,-0.0005,1.0618,0.4258,0.2101,1.1090%,1.5573%,49.2839%,-0.010781,CW,18091.0,2019-03-07,252.0,-1.3198%,-0.0005,1.0627,0.4244,0.211,1.1091%,1.5584%,49.3445%,-0.00359,CW,18091.0,2019-03-08,252.0,-1.1390%,-0.0005,1.0639,0.4246,0.2128,1.1104%,1.5598%,49.3200%,-0.0089959999999999,CW,18091.0,2019-03-11,252.0,-0.2444%,-0.0006,1.0544,0.418,0.2139,1.1163%,1.5598%,48.7818%,-0.018807,CW,18091.0,2019-03-12,252.0,0.0088%,-0.0007,1.0418,0.421,0.2008,1.1124%,1.5465%,48.2628%,-0.001297,CW,0.025434,0.021255,0.0074819999999999,-0.000809,-0.04428
17203,CHINA YUCHAI INTERNATIONAL LTD,"China Yuchai Intl Q4 EPS $0.68, Sales $660.4M",6,increase,0.7,0.6,"the reported eps of $0.68 and sales of $660.4m suggest strong financial performance, which is likely to positively influence investor sentiment and increase the stock price.",2,2019-02-26,CYD,2019-02-26 11:15:00+00:00,81134.0,G2108210,0.0820058584213256,72620.0,0.0190839897841215,0.0149700595065951,0.0288924016058445,0.0245399717241525,0.0130005199462175,-0.00183715170715,0.0,0.011772028170526,-0.0256673526018858,0.0189393460750579,-0.0305584799498319,0.0063532646745443,-0.0320652276277542,-0.0056854169815778,-0.0011228832881897,-0.0050282794982194,-0.0146149639040231,0.0006289452430792,-0.0296634584665298,0.0056925485841929,-0.0182245429605245,0.0006329258903861,-0.0113772768527269,-0.0365853309631347,-0.0078740799799561,-0.0024331456515938,0.0427350923418998,-0.0179211013019084,-0.0163934826850891,-0.0077060498297214,-0.0047619002871215,0.0023767626844346,0.0,0.0120265046134591,-0.0466507039964199,0.0177477970719337,-0.0269761197268962,0.0049200444482266,0.0206318311393261,0.0239294786006212,-0.019583037123084,0.0258398316800594,0.0115978959947824,0.0319999679923057,0.0095541765913367,0.0190217215567827,0.0189273953437805,-0.0315789170563221,-0.0130030987784266,0.007289573084563,0.0232120379805564,0.0209743175655603,0.0331085808575153,0.0088737281039357,0.0094955395907163,-0.0034013735130429,0.0111699309200048,0.0123966494575142,-0.0406977161765098,0.0378842540085315,0.0127272168174386,0.0211678799241781,0.0089767528697848,-0.0172166265547275,-0.0094899078831076,0.0395227260887622,0.0239520724862813,0.0174506474286317,0.0403509065508842,0.0361635237932205,0.0191117618232965,0.003946344833821,-0.0077219745144248,0.0184887871146202,-0.0161200109869241,-0.0063898460939526,0.0050847539678215,-0.019577132537961,-0.006745409220457,-0.0108442595228552,-0.0537634827196598,0.0625514611601829,0.0119617683812975,-0.0105863288044929,0.011229345574975,-0.0064724860712885,-0.0268849190324544,0.0274314153939485,-0.0192192010581493,-0.0131255006417632,0.0024495355319231,0.0008209585212171,0.0024434335064142,-0.0454545393586158,-0.0030468760523945,-0.0169491004198789,-0.0183374769985675,-0.023325840011239,-0.0261518768966198,0.0199539698660373,-0.0159846544265747,0.0015372409252449,-0.0253411531448364,-0.0433823615312576,-0.0459999702870845,-0.0222860872745513,-0.0139762936159968,-0.0141743309795856,0.0092133320868015,0.0092990072444081,-0.0161516536027193,-0.0049822526052594,0.0078515103086829,0.0741590410470962,0.0842776596546173,-0.0452554672956466,-0.0568256564438343,-0.0221270825713872,0.0041551538743078,0.0007143020629882,0.0190839897841215,0.0149700595065951,0.0485277736870506,0.0398773960677483,0.0621591799230321,0.0379669835343356,0.0348963657326177,0.0700757954461654,-0.0725190818638218,0.0721062816590945,-0.1003271626913984,0.2115797781204869,-0.209378411670336,0.2107143429788347,2019-02-27,2019-02-28,2019-03-01,2019-03-04,2019-03-05,2019-03-06,2019-03-07,2019-03-08,2019-03-11,2019-03-12,81134.0,2019-02-26,252.0,8.2006%,-0.0006,0.699,1.0423,0.2082,2.2301%,2.4005%,13.6946%,0.091316,CYD,81134.0,2019-02-27,252.0,1.9084%,-0.0005,0.703,1.0404,0.2089,2.2321%,2.4033%,13.7408%,0.016624,CYD,81134.0,2019-02-28,252.0,2.8892%,-0.0003,0.6888,1.0317,0.1912,2.2392%,2.4051%,13.3208%,0.031286,CYD,81134.0,2019-03-01,252.0,1.3001%,-0.0002,0.6703,1.0042,0.1598,2.2301%,2.3896%,12.9059%,0.005724,CYD,81134.0,2019-03-04,252.0,0.0000%,-0.0002,0.6686,1.0037,0.1617,2.2305%,2.3896%,12.8748%,0.00679,CYD,81134.0,2019-03-05,252.0,-2.5667%,-0.0002,0.6751,1.0405,0.174,2.2327%,2.3951%,13.0966%,-0.0211209999999999,CYD,81134.0,2019-03-06,252.0,-3.0558%,-0.0003,0.6688,1.0742,0.1715,2.2300%,2.3979%,13.5133%,-0.011937,CYD,81134.0,2019-03-07,252.0,-3.2065%,-0.0004,0.6802,1.0805,0.1884,2.2356%,2.4053%,13.6190%,-0.025353,CYD,81134.0,2019-03-08,252.0,-0.1123%,-0.0003,0.6787,1.1033,0.1849,2.2318%,2.4041%,13.8192%,6.3e-05,CYD,81134.0,2019-03-11,252.0,-1.4615%,-0.0005,0.6636,1.1157,0.1997,2.2321%,2.4013%,13.5961%,-0.027828,CYD,81134.0,2019-03-12,252.0,-2.9663%,-0.0006,0.662,1.1284,0.2032,2.2389%,2.4078%,13.5391%,-0.028129,CYD,0.10794,0.139226,0.14495,0.130619,0.037435
17211,DOMINION ENERGY INC,Dominion Energy Sees Appealing Ruling To Deny Atlantic Coast Pipeline's Request For En Banc Rehearing,6,increase,0.7,0.6,"the ruling to deny the atlantic coast pipeline's request for an en banc rehearing is likely seen as a positive development for dominion energy, potentially reducing regulatory hurdles and associated costs.",2,2019-02-26,D,2019-02-26 12:59:00+00:00,64936.0,25746U10,-0.0163738466799259,4357327.0,0.0059548309072852,0.0009327073930762,0.0091146845370531,0.0095508033409714,0.00944803096354,0.0108783710747957,0.0064179128967225,0.0,0.0023913951590657,0.0038219869602471,0.0050365128554403,0.0049382797442376,0.0038243560120463,-0.0047781360335648,-0.0051234811544418,0.000683101825416,0.0077907871454954,0.0053563988767564,0.0001310552470386,-0.0032854960300028,-0.0003930142556782,0.0052291853353381,0.0044560460373759,0.0122579364106059,0.0052192267030477,-0.0019463282078504,-0.0055815200321376,0.0067180320620536,-0.0185354147106409,0.006763360928744,-0.0033249100670218,0.0103929862380027,0.0022684568539261,0.0115206707268953,0.0054586078040301,0.0109186191111803,0.0055615175515413,0.0046804109588265,0.0123781245201826,-0.0114228008314967,-0.0005203032633289,0.000434057728853,-0.0152264218777418,-0.0043209427967667,0.0130831971764564,0.012246741913259,0.00039132242091,-0.0026174250524491,0.0036510466597974,-0.0024659964255988,-0.0001299485011259,-0.0004349540104158,-0.0007795940618962,0.0013066778192296,0.0074122194200754,0.0133882006630301,-0.0103266173973679,-0.0269147790968418,-0.0036519994027912,-0.0285118632018566,-0.0073307706043124,-0.0044309012591838,0.0061980905011296,-0.0016587658319622,0.0018348543671891,0.0116066867485642,0.0030088399071246,-0.009693905711174,-0.020216453820467,0.019339395686984,0.0019967237021774,-0.0047766785137355,-0.0046499068848788,-0.0039182589389383,-0.0029364819638431,-0.0245700646191835,0.0100401611998677,0.0001365479402011,0.0111332535743713,0.013139653019607,0.0034080762416124,0.0165916793048381,0.0031351777724921,-0.0503404550254344,-0.0080740032717585,0.0009355746442452,0.0223185587674379,0.0095803411677479,-0.0093746418133378,0.0070662358775734,-0.0020740993786603,-0.0055405898019671,-0.0024682050570845,-0.0379614941775798,-0.0169293265789747,0.0114397779107093,-0.005961013957858,0.0104969553649425,-0.0163913033902645,-0.0129835782572627,-0.0067741503007709,-0.0002621822932269,0.0170508809387683,0.008728951215744,0.0139485104009509,0.0110992491245269,-0.0133598167449235,0.00391661003232,-0.0040219258517026,0.002528982469812,0.0138645684346556,0.0084563391283154,0.0037174560129642,0.0101694911718368,0.00595244159922,0.0058647068217396,0.0089414892718195,-0.0106598418205976,0.0078196069225668,0.0016218780074268,0.0059548309072852,0.0009327073930762,0.0151237918495297,0.0104924188389337,0.0247147128667502,0.0214849303393316,0.0337574675231502,0.0253890324231775,0.04581461330539,0.0283367496939996,0.0466366528985107,0.0447844374643433,0.0595158382696214,0.0266090216612726,2019-02-27,2019-02-28,2019-03-01,2019-03-04,2019-03-05,2019-03-06,2019-03-07,2019-03-08,2019-03-11,2019-03-12,64936.0,2019-02-26,252.0,-1.6374%,0.0001,0.1147,-0.4366,-0.1049,1.0821%,1.1117%,5.2620%,-0.019689,D,64936.0,2019-02-27,252.0,0.5955%,0.0001,0.1137,-0.433,-0.1051,1.0827%,1.1117%,5.1403%,0.006455,D,64936.0,2019-02-28,252.0,0.9115%,0.0002,0.0999,-0.4422,-0.1173,1.0749%,1.1036%,5.1282%,0.009191,D,64936.0,2019-03-01,252.0,0.9448%,0.0003,0.0994,-0.4428,-0.1222,1.0762%,1.1050%,5.1356%,0.009452,D,64936.0,2019-03-04,252.0,0.6418%,0.0003,0.0956,-0.435,-0.1202,1.0759%,1.1029%,4.8378%,0.00555,D,64936.0,2019-03-05,252.0,0.2391%,0.0003,0.0943,-0.4451,-0.1213,1.0753%,1.1029%,4.9435%,0.0008269999999999,D,64936.0,2019-03-06,252.0,0.5037%,0.0002,0.087,-0.4386,-0.1287,1.0717%,1.0985%,4.8210%,0.000178,D,64936.0,2019-03-07,252.0,0.3824%,0.0003,0.0873,-0.4299,-0.1257,1.0707%,1.0966%,4.6572%,0.0037159999999999,D,64936.0,2019-03-08,252.0,-0.5123%,0.0002,0.0882,-0.4322,-0.1242,1.0712%,1.0971%,4.6738%,-0.00502,D,64936.0,2019-03-11,252.0,0.7791%,0.0003,0.092,-0.4328,-0.1265,1.0718%,1.0981%,4.7312%,0.007297,D,64936.0,2019-03-12,252.0,0.0131%,0.0003,0.0936,-0.4323,-0.1245,1.0718%,1.0981%,4.7353%,-0.001502,D,-0.013234,-0.004043,0.0054089999999999,0.0117859999999999,0.0164549999999999
17219,DILLARDS INC,"Deutsche Bank Maintains Sell on Dillard's, Raises Price Target to $62",6,decrease,0.7,0.5,"maintaining a 'sell' rating typically indicates a negative outlook, which could lead to a decrease in stock price despite the raised price target.",0,2019-02-26,DDS,2019-02-26 13:26:00+00:00,49429.0,25406710,0.1978336274623871,3665942.0,0.0251193158328533,0.0140350591391325,-0.0377358719706535,-0.009519450366497,-0.0423987992107868,-0.0074985004030168,-0.0497274026274681,-0.0071471608243882,0.0027983342297375,-0.0098776081576943,-0.0213478282094001,0.0041450592689216,-0.0038493962492793,0.0004444077203515,0.0064404886215925,-0.0070588728412985,0.0244596302509307,0.0170505437999963,0.0192948281764984,-0.0056513571180403,-0.0142993740737438,-0.0007430978002958,-0.002348689828068,0.0026821680366992,0.0002770291175693,-0.0023784160148352,0.0088605750352144,0.0073374942876398,-0.0015095458365976,0.0178326200693845,-0.0048103141598403,-0.017667319625616,0.0135339824482798,-0.0022408354561775,-0.0212562680244445,0.0008972067735157,0.0189336016774177,-0.0005977423279546,0.0024593565613031,-0.0047590676695108,-0.0002726491948124,0.0524338483810424,-0.0171779226511716,0.014126974157989,0.0004167075967416,-0.0072486461140215,0.0269369967281818,-0.0182549562305212,-0.026906406506896,0.0099999904632568,0.0004168233717791,0.0174880512058734,0.0409721806645393,-0.017187476158142,0.0018679038621485,-0.0020270897075533,0.0077240890823304,-0.0168634988367557,-0.0060790153220295,0.0032298788428306,0.0022603133693337,-0.0441046766936779,-0.0135313970968127,0.0087497606873512,-0.0091447057202458,0.0055174883455038,-0.001628701807931,0.0592322871088981,0.0010875725420191,0.0189924389123916,-0.0024443278089165,-0.017862744629383,0.0058535300195217,0.0489138923585414,-0.0977128371596336,0.0136134680360555,0.0317984521389007,-0.0006706805434077,0.012356424704194,0.0003354655927978,-0.0196726415306329,0.0631240531802177,0.0130365760996937,-0.0151035618036985,-0.0024581518955528,-0.0278299655765295,-0.0078272344544529,-0.0233450308442115,-0.0248356033116579,-0.0258284620940685,0.0169287975877523,0.0205570571124553,0.0129641266539692,-0.0191869959235191,-0.0143979853019118,-0.0172579381614923,-0.0084107974544167,-0.0308192335069179,0.0056548346765339,-0.0182453542947769,-0.0054750330746173,0.0151257244870066,-0.0163665898144245,0.0180704202502965,-0.0444713719189167,-0.0267625022679567,0.0132975140586495,-0.0013745259493589,-0.0096860295161604,-0.0582481734454631,-0.1049061045050621,0.0020175729878246,0.0179766770452261,0.0090155992656946,-0.0062326318584382,-0.0249539501965045,0.010104495100677,0.0254434440284967,-0.0217316020280122,0.0277943909168243,0.0251193158328533,0.0140350591391325,-0.0135644554240591,0.0043820027237695,-0.0553881380129176,-0.0031493561284374,-0.0998493391113189,-0.0200501335305628,-0.0777443144289499,-0.0114514674118126,-0.0540759929871841,0.0223009022569404,-0.2866266311528608,-0.0050550297572833,2019-02-27,2019-02-28,2019-03-01,2019-03-04,2019-03-05,2019-03-06,2019-03-07,2019-03-08,2019-03-11,2019-03-12,49429.0,2019-02-26,252.0,19.7834%,0.0008,0.6686,0.8276,0.2159,3.0528%,3.1542%,6.3255%,0.206975,DDS,49429.0,2019-02-27,252.0,2.5119%,0.0009,0.6734,0.8257,0.2168,3.0554%,3.1576%,6.3660%,0.023104,DDS,49429.0,2019-02-28,252.0,-3.7736%,0.0001,0.7767,0.8954,0.3003,2.8479%,2.9835%,8.8856%,-0.035372,DDS,49429.0,2019-03-01,252.0,-4.2399%,-0.0001,0.7642,0.8768,0.3039,2.8648%,2.9938%,8.4297%,-0.049477,DDS,49429.0,2019-03-04,252.0,-4.9727%,-0.0003,0.7735,0.885,0.2926,2.8773%,3.0098%,8.6106%,-0.043521,DDS,49429.0,2019-03-05,252.0,0.2798%,-0.0005,0.7595,0.7812,0.2797,2.8553%,2.9769%,8.0018%,0.007469,DDS,49429.0,2019-03-06,252.0,-2.1348%,-0.0003,0.7865,0.7696,0.3087,2.8401%,2.9686%,8.4689%,-0.0053269999999999,DDS,49429.0,2019-03-07,252.0,-0.3849%,-0.0004,0.7788,0.7399,0.2899,2.8363%,2.9617%,8.2931%,0.004068,DDS,49429.0,2019-03-08,252.0,0.6440%,-0.0003,0.7771,0.7476,0.2869,2.8365%,2.9620%,8.2995%,0.008187,DDS,49429.0,2019-03-11,252.0,2.4460%,-0.0002,0.7841,0.7306,0.2735,2.8333%,2.9617%,8.4799%,0.011591,DDS,49429.0,2019-03-12,252.0,1.9295%,-0.0001,0.7858,0.7214,0.2716,2.8360%,2.9632%,8.3980%,0.019509,DDS,0.230079,0.194707,0.14523,0.109178,0.147206
17227,DIAGEO PLC,"Diageo In Talks To Raise Stake In Sichuan Shijingfang 60% To 70%, Will Offer RMB45/Share To Raise Stake",6,increase,0.75,0.6,"raising its stake in sichuan shijingfang suggests diageo's commitment to growth in the chinese market, which is likely to be viewed positively by investors.",2,2019-02-26,DEO,2019-02-26 12:49:00+00:00,76592.0,25243Q20,0.0035794028080999,449992.0,-0.0069422097876667,-0.0084922770038247,0.0014673462137579,0.0003803814179264,0.0052978894673287,0.0037545904051512,0.0025064228102564,-0.0009536137222312,0.0052566961385309,-0.000762406270951,0.0075250808149576,0.0155484108254313,0.0060762795619666,-0.0058367238380014,-0.001698674284853,0.0123369209468364,0.0101462109014391,-0.0014264489291235,-0.0052404790185391,-0.0047751530073583,0.0087174624204635,0.0084597058594226,0.0039169667288661,0.0157314091920852,0.0110856089740991,-0.010982597246766,-6.12183430348523e-05,0.0005232639960013,-0.002817805390805,0.0093747815117239,0.0006143258651718,-0.0077300537377595,0.0057094232179224,0.0558167919516563,-0.0062874741852283,0.0076666167005896,0.0008599999709986,0.0044101476669311,0.0141165107488632,0.0025264972355216,-0.0103491591289639,-0.0028690581675618,0.0017123213037848,-0.0043893605470657,-0.0011599659919738,0.0042681265622377,-0.0014669365482404,0.0054875388741493,0.0032441623043268,0.0,-0.0049420231953263,0.0131147280335426,-0.0016554603353142,-0.0059515116736292,-0.0008599351276643,0.0078549422323703,0.0030120820738375,-0.0072309961542487,-0.001041846931912,0.0087963650003075,-0.0004294927930459,0.0104783708229661,0.0023937560617923,-0.013122210279107,-0.0007348173530772,0.0121995415538549,0.0026960934046655,-0.005384836345911,-0.0074553973972797,0.008544479496777,-0.0018470819341018,-0.009538740850985,0.0058599323965609,-0.0167137533426284,-0.0030048780608922,0.0044627389870584,0.0075040054507553,0.0,0.0020146630704402,0.0046256324276328,0.0002436683425912,0.014877924695611,0.0140707651153206,-0.0117059191688895,-0.0020422653760761,-0.0072278133593499,0.015047550201416,0.0029137118253856,-0.0087760658934712,-0.000284144131001,-0.0046661808155477,-0.0004260887799318,0.0128621188923716,-0.0041021420620381,-0.0068241697736084,-0.0178522318601608,0.0007767514325678,0.0052370643243193,0.0053730979561805,0.0081661641597747,0.0051663327030837,0.0039578592404723,0.0044898358173668,0.001415614853613,-0.0047050700522959,-0.0135446656495332,-0.0007681240094825,-0.0009764901478774,0.0056179594248533,-0.0087804496288299,0.0044104675762355,0.002008959185332,-0.0057962848804891,-0.0050316769629716,-0.0018844123696908,-0.0039134370163083,-0.0002950206398963,0.0030300058424472,-0.0051936074160039,0.0055398037657141,-0.0069422097876667,-0.0084922770038247,-0.0054850501991559,-0.0081151258902664,-0.000216219921505,-0.0043910044589193,0.0075583931406146,-0.0060987655520187,0.0245213010682776,0.0095502082444616,0.0473312958657115,0.1188585755973614,0.0830562009341935,0.0833736783795311,2019-02-27,2019-02-28,2019-03-01,2019-03-04,2019-03-05,2019-03-06,2019-03-07,2019-03-08,2019-03-11,2019-03-12,76592.0,2019-02-26,252.0,0.3579%,0.0004,0.4012,-0.4115,-0.2762,0.8428%,0.9944%,28.1662%,0.000559,DEO,76592.0,2019-02-27,252.0,-0.6942%,0.0004,0.4032,-0.4172,-0.2759,0.8435%,0.9955%,28.2005%,-0.006953,DEO,76592.0,2019-02-28,252.0,0.1467%,0.0004,0.3958,-0.4223,-0.2817,0.8394%,0.9892%,27.9976%,0.002011,DEO,76592.0,2019-03-01,252.0,0.5298%,0.0005,0.3908,-0.4297,-0.2903,0.8376%,0.9873%,28.0305%,0.002456,DEO,76592.0,2019-03-04,252.0,0.2506%,0.0005,0.3879,-0.423,-0.2889,0.8372%,0.9832%,27.4983%,0.003862,DEO,76592.0,2019-03-05,252.0,0.5257%,0.0005,0.3889,-0.4125,-0.2893,0.8362%,0.9823%,27.5297%,0.0038209999999999,DEO,76592.0,2019-03-06,252.0,0.7525%,0.0006,0.3853,-0.4216,-0.2947,0.8366%,0.9819%,27.4140%,0.00562,DEO,76592.0,2019-03-07,252.0,0.6076%,0.0006,0.3825,-0.4207,-0.2981,0.8377%,0.9821%,27.2421%,0.007878,DEO,76592.0,2019-03-08,252.0,-0.1699%,0.0006,0.3826,-0.4178,-0.2981,0.8376%,0.9818%,27.2137%,-0.001243,DEO,76592.0,2019-03-11,252.0,1.0146%,0.0006,0.384,-0.4012,-0.2893,0.8317%,0.9750%,27.2421%,0.004309,DEO,76592.0,2019-03-12,252.0,-0.5240%,0.0005,0.3863,-0.398,-0.2853,0.8330%,0.9756%,27.0987%,-0.007645,DEO,-0.006394,-0.004383,-0.0019269999999999,0.005756,0.014675
17235,SPDR DOW JONES IND AVG ETF TRUST,Fed Chair Powell: 'We Are Prepared To Adjust',6,uncertain,0.6,0.3,"while fed chair powell's statement suggests a readiness to adjust monetary policy, the actual impact on the spdr dow jones ind avg etf trust will depend on the market's interpretation of future economic conditions and interest rate changes.",1,2019-02-26,DIA,2019-02-26 20:01:00+00:00,85765.0,78467X10,-0.0013415849534794,3080247.0,-0.0025716335512697,0.0027674259617924,-0.0022703518625348,0.0063436143100261,0.004396847449243,-0.0037379623390734,-0.0082175508141517,0.0026660580188035,-0.0003484448534436,0.0006186107057146,-0.0051125423051416,0.0164131131023168,-0.0080196112394332,-0.0025019522290676,-0.0003924133488908,0.004989605396986,0.0080483807250857,0.0143061941489577,-0.0035052543971687,-0.0015120359603315,0.005823518615216,-0.0023024477995932,0.0007383036427199,-0.0077598821371793,0.0052210441790521,-0.0003544321807567,0.0025160405784845,0.006499680224806,-0.0004246702883392,0.0073459423147141,-0.0061418274417519,0.0014393116580322,0.0089003769680857,-0.0002398175711277,-0.0177979040890932,0.0181921198964119,0.0004314426041673,0.0024887826293706,0.0054494221694767,-0.009256612509489,-0.0013647590531036,0.0078217219561338,0.003787440015003,-0.0010174182243645,0.0079742427915334,0.0070491852238774,0.0125805959105491,-0.0123456912115216,-0.002667831024155,0.0140436831861734,0.0011845984263345,0.0080211795866489,0.0067938882857561,0.0050698188133537,0.0014406129484996,0.0071147438138723,-0.0035584585275501,-0.003918636124581,-0.0064964345656335,-0.0004999796510674,0.000344141095411,0.0045203492045402,-0.0007645726436749,0.0042030937038362,0.0102142831310629,0.0108769442886114,-0.0009846243774518,0.0046098763123154,0.0027292415034025,0.0333450846374034,0.0,-0.0284538883715868,0.0044893538579344,0.0006861220463179,-0.001845120685175,0.0118014635518193,0.0053193634375929,-0.0033728219568729,-0.0021014618687331,0.0111494371667504,-0.0052271909080445,0.0486474111676216,0.0030620254110544,-0.0267302878201007,0.0003768979513552,-0.0182797983288765,0.001318588387221,-0.0194070730358362,-0.0061703398823738,-0.0165992695838213,-0.0048078326508402,0.0039335447363555,0.0079503813758492,-0.0206693951040506,-0.0026418545749038,-0.0196938570588827,-0.017974043264985,0.0015861371066421,0.0005395139451138,0.0067559643648564,-0.0046984562650322,-0.0019615502096712,0.0057267099618911,0.001637301640585,-0.0248153731226921,-0.0216642785817384,0.0092318477109074,-0.0040282155387103,0.0043392200022935,-0.0309203211218118,0.0087186284363269,0.0126023115590214,-0.0041531147435307,0.0075712692923843,-0.0029909454751759,-0.0009848723420873,0.0081816166639328,0.0256161466240882,-0.0045213238336145,0.0045050554908812,-0.0025716335512697,0.0027674259617924,-0.0048361469007817,0.0091285957547517,-0.0004605632517035,0.0053565110685385,-0.009019751691951,0.0086604322437053,-0.0179627225303539,0.0408802786412636,0.0058391206207379,0.0907421818777129,-0.0061331549743212,0.0653746312747365,2019-02-27,2019-02-28,2019-03-01,2019-03-04,2019-03-05,2019-03-06,2019-03-07,2019-03-08,2019-03-11,2019-03-12,85765.0,2019-02-26,252.0,-0.1342%,0.0001,1.0157,-0.265,0.1255,0.2397%,1.0714%,94.9960%,-0.001105,DIA,85765.0,2019-02-27,252.0,-0.2572%,0.0001,1.0143,-0.2634,0.1253,0.2397%,1.0670%,94.9537%,-0.002932,DIA,85765.0,2019-02-28,252.0,-0.2270%,0.0001,1.0143,-0.2634,0.1251,0.2398%,1.0646%,94.9276%,0.00114,DIA,85765.0,2019-03-01,252.0,0.4397%,0.0001,1.0112,-0.268,0.1211,0.2384%,1.0606%,94.9492%,-0.001732,DIA,85765.0,2019-03-04,252.0,-0.8218%,0.0001,1.0106,-0.262,0.1203,0.2398%,1.0565%,94.8496%,-0.004594,DIA,85765.0,2019-03-05,252.0,-0.0348%,0.0002,1.0119,-0.2515,0.121,0.2365%,1.0563%,94.9855%,0.000756,DIA,85765.0,2019-03-06,252.0,-0.5113%,0.0001,1.0109,-0.2505,0.1199,0.2362%,1.0532%,94.9708%,8e-05,DIA,85765.0,2019-03-07,252.0,-0.8020%,0.0002,1.0113,-0.2478,0.1213,0.2358%,1.0545%,95.0017%,0.0004,DIA,85765.0,2019-03-08,252.0,-0.0392%,0.0002,1.011,-0.2464,0.1206,0.2359%,1.0543%,94.9920%,0.002073,DIA,85765.0,2019-03-11,252.0,0.8048%,0.0001,1.008,-0.2495,0.1204,0.2387%,1.0552%,94.8841%,-0.005591,DIA,85765.0,2019-03-12,252.0,-0.3505%,0.0001,1.0079,-0.2464,0.1216,0.2425%,1.0496%,94.6612%,-0.0067179999999999,DIA,-0.004037,-0.002897,-0.004629,-0.008467,-0.018223
17243,DRIL QUIP INC,Dril-Quip Reports $100M Buyback,6,increase,0.75,0.6,a $100 million buyback typically signals confidence in the company's financial health and can lead to an increase in stock price due to reduced share supply and positive investor sentiment.,2,2019-02-26,DRQ,2019-02-26 23:11:00+00:00,85424.0,26203710,-0.0170621015131473,550336.0,0.1757526397705078,0.003477721940726,-0.0170703083276748,0.0010712618241086,-0.0056325197219848,-0.0388673953711986,-0.0181732475757598,0.0002574233221821,0.0199519675225019,-0.0066495737992227,-0.0395946316421032,0.0476955734193325,-0.0208588577806949,-0.0042689396068453,-0.019298255443573,0.0088828532025218,0.0268336106091737,0.0139192724600434,0.026381317526102,0.0237496066838502,0.0271580722182989,0.0033642486669123,0.0226628668606281,-0.0424161553382873,0.0103878295049071,0.0016133738681674,0.0397532060742378,-0.0111672952771186,-0.0010986429406329,-0.0066032749600708,0.0096788927912712,0.0112180020660162,0.0230936277657747,-0.0084745688363909,-0.0623935349285602,0.0471435636281967,0.0252100992947816,-0.0060638757422566,0.0256978254765272,-0.0366436839103698,-0.0190065037459135,0.0261580124497413,0.0099075473845005,0.0217149946838617,-0.0004360248276498,-0.0514919683337211,0.0124318366870284,-0.0114853149279952,-0.0165876056998968,0.0382113754749298,0.0048192199319601,-0.0029720831662416,-0.0043601649813354,-0.0083065750077366,0.0337201878428459,-0.0071827736683189,0.0059310020878911,-0.0081794550642371,-0.0376921631395816,0.0177228730171918,0.0087526850402355,0.0219539813697338,0.0169197972863912,0.0270574726164341,-0.0337031111121177,-0.0056054024025797,-0.0028697808738797,0.0512669943273067,-0.0039848680607974,0.0881692245602607,-0.0033341080415993,0.0084060858935117,-0.0080285593867301,0.0299700163304805,0.0400179587304592,0.0138419931754469,0.004107273183763,0.0033875466324388,-0.0430570505559444,0.0182821899652481,-0.0188976414501667,0.0797020271420478,-0.002293104538694,-0.0327809751033783,0.0271202102303504,-0.0211565718054771,-0.0252852384001016,-0.0422154664993286,-0.0192837491631507,-0.0509615428745746,-0.0021067450288683,-0.012345659546554,0.0096176359802484,-0.0047258860431611,-0.0085967183113098,-0.0275735184550285,-0.0243730284273624,-0.0320285223424434,-0.006966152228415,0.0202723760157823,0.0120948236435651,-0.0128434980288147,-0.0100382883101701,-0.040137656033039,-0.026557182893157,-0.0118979653343558,0.0416666753590107,-0.0412819236516952,0.0290476474910974,-0.0863523483276367,0.0,0.0264900904148817,-0.0314669273793697,-0.0214357078075408,0.0143334558233618,-0.0086484374478459,0.0202543716877698,0.0292472410947084,-0.0207756590098142,-0.022133782505989,0.1757526397705078,0.003477721940726,0.1556821796925476,0.0045527093155846,0.1491727770230828,-0.034491638008593,0.1508001526560767,-0.0406649654594146,0.1185246282427168,0.0480580438099194,0.2394901612849329,0.0072501760141725,0.1505288701775202,-0.0671474903658547,2019-02-27,2019-02-28,2019-03-01,2019-03-04,2019-03-05,2019-03-06,2019-03-07,2019-03-08,2019-03-11,2019-03-12,85424.0,2019-02-26,252.0,-1.7062%,-0.0006,1.555,1.4604,1.0147,1.7630%,2.4074%,46.3698%,-0.002019,DRQ,85424.0,2019-02-27,252.0,17.5753%,0.0001,1.5609,1.5008,1.0161,2.0733%,2.6513%,38.8482%,0.172696,DRQ,85424.0,2019-02-28,252.0,-1.7070%,0.0,1.565,1.5033,1.0215,2.0742%,2.6510%,38.7867%,-0.010091,DRQ,85424.0,2019-03-01,252.0,-0.5633%,-0.0001,1.5631,1.5005,1.0266,2.0769%,2.6470%,38.4356%,-0.0172639999999999,DRQ,85424.0,2019-03-04,252.0,-1.8173%,-0.0,1.5596,1.5194,1.0259,2.0767%,2.6482%,38.5057%,-0.008137,DRQ,85424.0,2019-03-05,252.0,1.9952%,0.0002,1.5614,1.5523,1.0162,2.0767%,2.6509%,38.6300%,0.029686,DRQ,85424.0,2019-03-06,252.0,-3.9595%,0.0001,1.5527,1.5781,1.0098,2.0725%,2.6534%,38.9958%,-0.007416,DRQ,85424.0,2019-03-07,252.0,-2.0859%,0.0001,1.5561,1.5873,1.017,2.0722%,2.6557%,39.1182%,-0.00378,DRQ,85424.0,2019-03-08,252.0,-1.9298%,0.0001,1.5576,1.5968,1.0189,2.0736%,2.6584%,39.1581%,-0.0150299999999999,DRQ,85424.0,2019-03-11,252.0,2.6834%,0.0,1.5588,1.6083,1.0248,2.0726%,2.6637%,39.4596%,0.003085,DRQ,85424.0,2019-03-12,252.0,2.6381%,0.0002,1.5765,1.592,1.0383,2.0767%,2.6685%,39.4381%,0.027717,DRQ,0.170677,0.160586,0.143322,0.164871,0.169447
17251,DRIL QUIP INC,"Dril-Quip Q4 EPS $(0.04) Beats $(0.20) Estimate, Sales $97.335M Beat $87.48M Estimate",6,increase,0.75,0.6,"the company reported better-than-expected earnings and sales, which typically signals positive performance and can lead to an increase in stock price.",2,2019-02-26,DRQ,2019-02-26 23:10:00+00:00,85424.0,26203710,-0.0170621015131473,550336.0,0.1757526397705078,0.003477721940726,-0.0170703083276748,0.0010712618241086,-0.0056325197219848,-0.0388673953711986,-0.0181732475757598,0.0002574233221821,0.0199519675225019,-0.0066495737992227,-0.0395946316421032,0.0476955734193325,-0.0208588577806949,-0.0042689396068453,-0.019298255443573,0.0088828532025218,0.0268336106091737,0.0139192724600434,0.026381317526102,0.0237496066838502,0.0271580722182989,0.0033642486669123,0.0226628668606281,-0.0424161553382873,0.0103878295049071,0.0016133738681674,0.0397532060742378,-0.0111672952771186,-0.0010986429406329,-0.0066032749600708,0.0096788927912712,0.0112180020660162,0.0230936277657747,-0.0084745688363909,-0.0623935349285602,0.0471435636281967,0.0252100992947816,-0.0060638757422566,0.0256978254765272,-0.0366436839103698,-0.0190065037459135,0.0261580124497413,0.0099075473845005,0.0217149946838617,-0.0004360248276498,-0.0514919683337211,0.0124318366870284,-0.0114853149279952,-0.0165876056998968,0.0382113754749298,0.0048192199319601,-0.0029720831662416,-0.0043601649813354,-0.0083065750077366,0.0337201878428459,-0.0071827736683189,0.0059310020878911,-0.0081794550642371,-0.0376921631395816,0.0177228730171918,0.0087526850402355,0.0219539813697338,0.0169197972863912,0.0270574726164341,-0.0337031111121177,-0.0056054024025797,-0.0028697808738797,0.0512669943273067,-0.0039848680607974,0.0881692245602607,-0.0033341080415993,0.0084060858935117,-0.0080285593867301,0.0299700163304805,0.0400179587304592,0.0138419931754469,0.004107273183763,0.0033875466324388,-0.0430570505559444,0.0182821899652481,-0.0188976414501667,0.0797020271420478,-0.002293104538694,-0.0327809751033783,0.0271202102303504,-0.0211565718054771,-0.0252852384001016,-0.0422154664993286,-0.0192837491631507,-0.0509615428745746,-0.0021067450288683,-0.012345659546554,0.0096176359802484,-0.0047258860431611,-0.0085967183113098,-0.0275735184550285,-0.0243730284273624,-0.0320285223424434,-0.006966152228415,0.0202723760157823,0.0120948236435651,-0.0128434980288147,-0.0100382883101701,-0.040137656033039,-0.026557182893157,-0.0118979653343558,0.0416666753590107,-0.0412819236516952,0.0290476474910974,-0.0863523483276367,0.0,0.0264900904148817,-0.0314669273793697,-0.0214357078075408,0.0143334558233618,-0.0086484374478459,0.0202543716877698,0.0292472410947084,-0.0207756590098142,-0.022133782505989,0.1757526397705078,0.003477721940726,0.1556821796925476,0.0045527093155846,0.1491727770230828,-0.034491638008593,0.1508001526560767,-0.0406649654594146,0.1185246282427168,0.0480580438099194,0.2394901612849329,0.0072501760141725,0.1505288701775202,-0.0671474903658547,2019-02-27,2019-02-28,2019-03-01,2019-03-04,2019-03-05,2019-03-06,2019-03-07,2019-03-08,2019-03-11,2019-03-12,85424.0,2019-02-26,252.0,-1.7062%,-0.0006,1.555,1.4604,1.0147,1.7630%,2.4074%,46.3698%,-0.002019,DRQ,85424.0,2019-02-27,252.0,17.5753%,0.0001,1.5609,1.5008,1.0161,2.0733%,2.6513%,38.8482%,0.172696,DRQ,85424.0,2019-02-28,252.0,-1.7070%,0.0,1.565,1.5033,1.0215,2.0742%,2.6510%,38.7867%,-0.010091,DRQ,85424.0,2019-03-01,252.0,-0.5633%,-0.0001,1.5631,1.5005,1.0266,2.0769%,2.6470%,38.4356%,-0.0172639999999999,DRQ,85424.0,2019-03-04,252.0,-1.8173%,-0.0,1.5596,1.5194,1.0259,2.0767%,2.6482%,38.5057%,-0.008137,DRQ,85424.0,2019-03-05,252.0,1.9952%,0.0002,1.5614,1.5523,1.0162,2.0767%,2.6509%,38.6300%,0.029686,DRQ,85424.0,2019-03-06,252.0,-3.9595%,0.0001,1.5527,1.5781,1.0098,2.0725%,2.6534%,38.9958%,-0.007416,DRQ,85424.0,2019-03-07,252.0,-2.0859%,0.0001,1.5561,1.5873,1.017,2.0722%,2.6557%,39.1182%,-0.00378,DRQ,85424.0,2019-03-08,252.0,-1.9298%,0.0001,1.5576,1.5968,1.0189,2.0736%,2.6584%,39.1581%,-0.0150299999999999,DRQ,85424.0,2019-03-11,252.0,2.6834%,0.0,1.5588,1.6083,1.0248,2.0726%,2.6637%,39.4596%,0.003085,DRQ,85424.0,2019-03-12,252.0,2.6381%,0.0002,1.5765,1.592,1.0383,2.0767%,2.6685%,39.4381%,0.027717,DRQ,0.170677,0.160586,0.143322,0.164871,0.169447
17259,DIANA SHIPPING INC,"Diana Shipping Q4 EPS $0.03 Misses $0.08 Estimate, Sales $62.874M Beat $61.24M Estimate",6,decrease,0.7,0.5,"the earnings per share (eps) miss is likely to weigh more heavily on investor sentiment than the sales beat, leading to a potential decrease in stock price.",0,2019-02-26,DSX,2019-02-26 12:39:00+00:00,90630.0,Y2066G10,-0.0963454991579055,1122188.0,-0.0147058684378862,0.0168918762356042,-0.0186566989868879,-0.0231022890657186,-0.0076046460308134,0.0133779132738709,0.0153257474303245,-0.0132013075053691,-0.0037735812366008,0.0033112552482634,-0.0303030908107757,-0.0162866301834583,-0.0156249850988388,-0.0160256270319223,-0.0277777519077062,-0.0340557694435119,0.0489795431494712,0.0625000223517417,0.0116731412708759,-0.00653594173491,0.0423077456653118,0.0234113484621048,-0.0147601328790187,-0.0292207524180412,-0.0074906293302774,0.016501635313034,0.030188649892807,0.0066445120610296,-0.0073260003700852,0.0100671043619513,0.0036900332197546,0.0136054288595914,0.0036764671094715,0.0,-0.0036630001850426,-0.0264900419861078,0.0,0.0033222560305148,0.0294117368757724,-0.0652174055576324,0.0,-0.0030959723517298,0.0142857013270258,-0.0092024449259042,-0.0070422468706965,-0.0060975551605224,0.0283688530325889,-0.0437318049371242,0.0068965447135269,0.020833384245634,0.0376711972057819,0.0338461212813854,-0.0099009806290268,0.0030864167492836,0.0066666603088378,-0.0270270016044378,-0.0264900419861078,-0.0147929554805159,-0.0068027144297957,-0.0145772453397512,0.0479451566934585,-0.0199999809265136,0.0163398534059524,-0.01960782520473,-0.0225080177187919,0.0288184154778718,0.0559210777282714,0.0205882154405117,-0.0218068324029445,0.0429448187351226,0.0,0.0092879170551896,0.0,0.0157232545316219,-0.003184710163623,0.009523800574243,0.0031948850955814,-0.006309141870588,0.003184710163623,-0.0155279356986284,0.0,0.0189873222261667,0.0031745999585837,-0.0395136401057243,0.0158227700740099,-0.0090361358597874,-0.0093457857146859,0.0152905052527785,0.012578603811562,-0.0353982672095298,0.0,0.0119403582066297,0.009316761046648,0.0307692009955644,-0.0061538401059806,-0.0240240022540092,-0.0030959723517298,-0.0263158343732357,0.0,-0.0029154489748179,-0.0155279356986284,0.0029239738360047,0.0,-0.0115606822073459,-0.0536277815699577,0.0087463473901152,0.1033333167433739,-0.0199999809265136,-0.0060422904789447,0.0,0.0030395109206438,0.0174418427050113,0.0,-0.0143266338855028,0.0,0.0234603881835937,0.0,-0.02849000133574,0.0,0.057228934019804,-0.0147058684378862,0.0168918762356042,-0.0330882044639877,-0.0066006538377716,-0.0404412264120573,0.0066889564615066,-0.0294117381043198,-0.0033112552169864,-0.0441176948693265,-0.0163398535496598,0.0735294288406527,-0.1224490028907415,0.213235265226767,-0.0933734852511178,2019-02-27,2019-02-28,2019-03-01,2019-03-04,2019-03-05,2019-03-06,2019-03-07,2019-03-08,2019-03-11,2019-03-12,90630.0,2019-02-26,252.0,-9.6345%,-0.001,1.0043,0.6484,0.2233,2.3826%,2.6132%,16.8707%,-0.090777,DSX,90630.0,2019-02-27,252.0,-1.4706%,-0.0013,0.9789,0.6888,0.219,2.3577%,2.5832%,16.6957%,-0.016674,DSX,90630.0,2019-02-28,252.0,-1.8657%,-0.0014,0.9911,0.6967,0.2312,2.3568%,2.5854%,16.9060%,-0.015312,DSX,90630.0,2019-03-01,252.0,-0.7605%,-0.0015,0.99,0.695,0.2361,2.3585%,2.5847%,16.7405%,-0.015927,DSX,90630.0,2019-03-04,252.0,1.5326%,-0.0013,0.9729,0.7304,0.2453,2.3553%,2.5772%,16.4763%,0.022243,DSX,90630.0,2019-03-05,252.0,-0.3774%,-0.0013,0.9724,0.7282,0.2443,2.3553%,2.5756%,16.3717%,0.0006429999999999,DSX,90630.0,2019-03-06,252.0,-3.0303%,-0.0013,0.971,0.7581,0.2467,2.3553%,2.5791%,16.6041%,-0.0131469999999999,DSX,90630.0,2019-03-07,252.0,-1.5625%,-0.0014,0.9707,0.7466,0.2431,2.3545%,2.5777%,16.5670%,-0.006408,DSX,90630.0,2019-03-08,252.0,-2.7778%,-0.0013,0.9704,0.8048,0.2397,2.3357%,2.5657%,17.1242%,-0.025692,DSX,90630.0,2019-03-11,252.0,4.8980%,-0.0012,0.9874,0.8346,0.248,2.3433%,2.5835%,17.7290%,0.03278,DSX,90630.0,2019-03-12,252.0,1.1673%,-0.0011,1.003,0.8255,0.262,2.3422%,2.5847%,17.8854%,0.01165,DSX,-0.1074509999999999,-0.1227629999999999,-0.1386899999999999,-0.1158039999999999,-0.1166209999999999
17267,DYNAVAX TECHNOLOGIES CORP,"Dynavax Technologies Q4 EPS $(0.64) Misses $(0.61) Estimate, Sales $5.318M Beat $3.43M Estimate",6,uncertain,0.6,0.3,"while the sales beat expectations, the earnings miss could lead to mixed reactions from investors, making the overall impact on the stock price uncertain.",1,2019-02-26,DVAX,2019-02-26 21:59:00+00:00,90029.0,26815820,0.0193050932139158,3782792.0,-0.0956439599394798,-0.0105062657967209,-0.036649253219366,-0.011331433430314,0.0032608406618237,-0.0363966897130012,0.0108342776075005,0.0018231087597087,-0.023579878732562,-0.0143755478784441,-0.0603731349110603,0.0559772439301013,-0.0151869282126426,-0.0037807147018611,-0.0106761744245886,0.0076190405525267,0.0395683348178863,0.0253906473517417,-0.0080737825483083,-0.0284630171954631,-0.0209302678704261,0.0262901168316602,-0.0296912118792533,-0.0329566337168216,-0.0257037989795208,-0.0292504299432039,-0.0226130429655313,-0.0063579152338206,0.0269922316074371,0.0054794903844594,-0.0575719103217124,-0.0063521456904709,0.0039840280078351,0.0,-0.0608465671539306,0.0213160794228315,0.0098591791465878,0.0037209265865385,-0.0069735273718833,-0.0280289705842733,-0.0056179724633693,0.0346118658781051,0.0042373179458081,-0.0472371354699134,0.0281293671578168,-0.0360824801027774,0.0150478975847363,-0.0340248830616474,0.0188679061830043,-0.0033085162285715,-0.0701057836413383,0.0066611091606318,0.0241820197552442,-0.002491672290489,0.020833346992731,0.1148147881031036,-0.0340136066079139,-0.0235081575810909,-0.015492976643145,0.0513307936489582,0.0157367866486311,0.0134875085204839,-0.012676010839641,0.0216535702347755,-0.0085592605173587,0.004945617634803,-0.0258992575109005,0.030580960214138,-0.0073855523951351,0.0803965330123901,-0.0431547574698925,-0.0391534268856048,-0.0031104169320315,0.0327869057655334,-0.0078002675436437,0.060254868119955,0.023584920912981,-0.0046136057935655,0.0061443871818482,0.0,0.0015266796108335,0.0212014503777027,0.0365854054689407,0.0429974719882011,-0.0117647647857666,-0.0802259892225265,-0.0104166213423013,-0.058510560542345,-0.0165413729846477,-0.0126051297411322,0.0244648084044456,-0.0620688833296299,0.0388060063123703,-0.0442561469972133,0.0186781771481037,0.0123927658423781,-0.0818053483963012,-0.0987972989678382,0.0030721935909241,0.075785644352436,0.1776416301727295,-0.004599833395332,0.0260077770799398,0.0313092917203903,-0.1140684559941292,-0.0149532565847039,-0.0329040847718715,0.0094339083880186,-0.0192307848483324,-0.0916880592703819,0.0090497648343443,0.0327433533966541,-0.0582959428429603,-0.017391288653016,-0.042857140302658,-0.0589198246598243,0.0862354859709739,0.009917345829308,-0.0290076415985822,-0.0081966742873191,-0.0956439599394798,-0.0105062657967209,-0.128787933452121,-0.0217186481755583,-0.1259470497204502,-0.057324850989928,-0.1373106751263251,-0.0691824292134551,-0.1856060595078099,-0.0170778281970619,-0.3380682317620701,-0.0152092051727114,-0.3977272819969268,-0.1508196844083752,2019-02-27,2019-02-28,2019-03-01,2019-03-04,2019-03-05,2019-03-06,2019-03-07,2019-03-08,2019-03-11,2019-03-12,90029.0,2019-02-26,252.0,1.9305%,-0.0023,0.9981,1.7658,-1.0583,3.2670%,3.7591%,24.4659%,0.0289029999999999,DVAX,90029.0,2019-02-27,252.0,-9.5644%,-0.0026,0.9962,1.7401,-1.0589,3.3260%,3.8057%,23.6211%,-0.101267,DVAX,90029.0,2019-02-28,252.0,-3.6649%,-0.0028,1.0026,1.7434,-1.0463,3.3329%,3.8104%,23.4934%,-0.036656,DVAX,90029.0,2019-03-01,252.0,0.3261%,-0.0026,0.9675,1.691,-1.0959,3.3158%,3.7847%,23.2430%,-0.013289,DVAX,90029.0,2019-03-04,252.0,1.0834%,-0.0024,0.9595,1.6909,-1.0878,3.3205%,3.7854%,23.0564%,0.0268129999999999,DVAX,90029.0,2019-03-05,252.0,-2.3580%,-0.0025,0.9619,1.6986,-1.0798,3.3222%,3.7823%,22.8522%,-0.019408,DVAX,90029.0,2019-03-06,252.0,-6.0373%,-0.0027,0.9565,1.7708,-1.0761,3.3206%,3.7949%,23.4363%,-0.030549,DVAX,90029.0,2019-03-07,252.0,-1.5187%,-0.0028,0.959,1.769,-1.0734,3.3208%,3.7944%,23.4026%,-0.009745,DVAX,90029.0,2019-03-08,252.0,-1.0676%,-0.0028,0.9602,1.7676,-1.0713,3.3213%,3.7927%,23.3168%,-0.011366,DVAX,90029.0,2019-03-11,252.0,3.9568%,-0.0029,0.9676,1.7994,-1.057,3.3185%,3.7986%,23.6801%,0.013237,DVAX,90029.0,2019-03-12,252.0,-0.8074%,-0.0027,0.9939,1.7954,-1.0284,3.3126%,3.7961%,23.8484%,-0.00639,DVAX,-0.072364,-0.10902,-0.122309,-0.114904,-0.159717
17275,ELECTRONIC ARTS INC,Electronic Arts Option Alert: Fri $96 Calls Sweep (15) near the Ask: 667 @ $2.021 vs 4312 OI; Ref=$96.13,6,increase,0.7,0.6,"the significant call option activity suggests bullish sentiment among investors, indicating a potential increase in electronic arts inc's stock price.",2,2019-02-26,EA,2019-02-26 14:34:00+00:00,75828.0,28551210,0.0275401566177606,8700917.0,-0.0067005446180701,-0.0006254957988858,-0.0210547596216201,-0.0097047537565231,0.0170182175934314,-0.0179458241909742,-0.0012319345260038,-0.0420551858842372,-0.0161373186856508,-0.0363159626722335,-0.0099248280748724,0.0151068540289998,0.0484330914914608,0.0293398536741733,-0.0100644119083881,-0.0007818022859282,0.0069133825600147,0.0523447543382644,-0.0045436648651957,-0.0036885309964418,0.0156202549114823,0.1605231910943985,-0.0129830762743949,0.0484976880252361,0.0015177731402218,-0.1330522894859314,0.0068700774572789,0.0462512299418449,-0.0215733647346496,-0.0305854082107543,-0.0049226065166294,-0.011058073490858,0.0809027999639511,0.0337329879403114,-0.0242181625217199,0.0228107012808322,-0.0059604551643133,-0.0357024781405925,0.0057996297255158,-0.0138434348627924,-0.0161258950829505,0.0028420910239219,0.0151981599628925,0.0263660512864589,-0.0055772964842617,-0.0238747168332338,0.0102332085371017,-0.013078243471682,-0.0178241152316331,0.0359422154724597,-0.0068424716591835,-0.0067838146351277,-0.0220668893307447,0.0048050098121166,0.0152133740484714,0.0102731548249721,-0.0148848770186305,-0.0233737062662839,0.0030628184322267,-0.0034062759950757,0.0140457740053534,0.0236193723976612,0.0095353266224265,-0.001235598581843,0.0124279176816344,0.016326067969203,-0.0390847809612751,0.0375503227114677,-0.0410832576453685,0.0725447759032249,-0.0200362876057624,-0.0206545181572437,0.0129418428987264,0.0185020789504051,-0.0066566755995154,-0.0049180248752236,0.0228058863431215,-0.0016366266645491,-0.0050723422318696,0.019771484658122,-0.0124269584193825,0.0424250289797782,0.0160249285399913,-0.0241608787328004,0.0027522190939635,-0.0112345395609736,-0.0008445247076451,-0.0117406602948904,0.002218690700829,-0.0204999931156635,-0.0048492420464754,0.0097184982150793,-0.0201271343976259,-0.0116018000990152,0.0136216450482606,-0.0086569003760814,-0.0109854815527796,-0.0256657097488641,0.0124015295878052,-0.0053931516595184,-0.0059650358743965,-0.0034635243937373,0.0060008312575519,0.0146631943061947,-0.0368555523455143,-0.016213646158576,0.0458969436585903,0.0332593843340873,0.0232631582766771,-0.0335714258253574,0.0230443682521581,-0.0008326358511112,-0.0175757352262735,-0.0268549565225839,-0.0469874516129493,0.0057042823173105,0.0319343954324722,0.0101128946989774,-0.0189232118427753,0.0012951914686709,-0.0067005446180701,-0.0006254957988858,-0.0276142258834228,-0.010324179272705,-0.0110659531947496,-0.0280847275575352,-0.0282233389357683,-0.1027704622876247,0.0009136674378322,-0.017827849013014,-0.0025380705016113,0.0532908354151133,-0.0473096804782214,0.1286942278948384,2019-02-27,2019-02-28,2019-03-01,2019-03-04,2019-03-05,2019-03-06,2019-03-07,2019-03-08,2019-03-11,2019-03-12,75828.0,2019-02-26,252.0,2.7540%,-0.0013,0.9656,0.1476,-0.8171,2.0916%,2.4743%,28.5401%,0.027523,EA,75828.0,2019-02-27,252.0,-0.6701%,-0.0013,0.9644,0.1474,-0.8173,2.0921%,2.4733%,28.4514%,-0.008931,EA,75828.0,2019-02-28,252.0,-2.1055%,-0.0014,0.9642,0.1466,-0.8131,2.0949%,2.4732%,28.2490%,-0.020238,EA,75828.0,2019-03-01,252.0,1.7018%,-0.0013,0.9618,0.1431,-0.8203,2.0951%,2.4737%,28.2671%,0.006309,EA,75828.0,2019-03-04,252.0,-0.1232%,-0.0013,0.9601,0.1407,-0.8181,2.0958%,2.4726%,28.1543%,0.007451,EA,75828.0,2019-03-05,252.0,-1.6137%,-0.0014,0.9597,0.1275,-0.813,2.0963%,2.4696%,27.9481%,-0.016123,EA,75828.0,2019-03-06,252.0,-0.9925%,-0.0014,0.9583,0.1255,-0.8148,2.0963%,2.4696%,27.9507%,-2.1e-05,EA,75828.0,2019-03-07,252.0,4.8433%,-0.0011,0.9365,0.1268,-0.8434,2.1226%,2.4880%,27.2134%,0.0536,EA,75828.0,2019-03-08,252.0,-1.0064%,-0.0012,0.9388,0.1078,-0.8387,2.1205%,2.4849%,27.1763%,-0.0095909999999999,EA,75828.0,2019-03-11,252.0,0.6913%,-0.0013,0.933,0.1107,-0.8341,2.1210%,2.4839%,27.0863%,-0.011914,EA,75828.0,2019-03-12,252.0,-0.4544%,-0.0013,0.9449,0.1109,-0.8204,2.1193%,2.4840%,27.2075%,-0.007323,EA,0.0185919999999999,-0.001646,0.0046629999999999,-0.004009,0.020742
17283,EBAY INC,"eBay Offered To Explore Options For StubHub, Classifieds, Including Potential Potential",6,uncertain,0.6,0.3,"the news about ebay exploring options for stubhub and classifieds could indicate a strategic shift that may be viewed positively or negatively by investors, leading to uncertainty in stock price movement.",1,2019-02-26,EBAY,2019-02-26 20:35:00+00:00,86356.0,27864210,0.0010712618241086,12931049.0,0.0053504751995205,-0.004001107532531,-0.0077168783172965,0.0137912966310977,0.00538349756971,0.0065323314629495,-0.0026773354038596,-0.0083670057356357,-0.0034899616148322,0.0128484796732664,-0.0083512272685766,0.0071586491540074,-0.0162999797612428,0.0016547539271414,-0.008837329223752,0.0019342276500537,0.0100306663662195,0.0168586242944002,0.000827552517876,0.0093590999022126,0.0049614198505878,0.000283640314592,-0.0030170218087732,-0.0064825126901268,-0.0013754948740825,0.0042456183582544,-0.00082641269546,0.0079886615276336,0.0165425557643175,0.0215679928660392,-0.0046107452362775,0.0196136645972728,0.0136239780113101,-0.0126173794269561,-0.0147849256172776,0.0115762306377291,0.0019099506316706,-0.0097002303227782,0.0049019688740372,0.0088967746123671,-0.0018970106029883,0.032771810889244,-0.0013576716883108,0.0012266456615179,0.0097879450768232,-0.0088146170601248,0.0145396050065755,0.0612903721630573,0.0063693700358271,0.0204081907868385,0.0018460842547938,0.0029712195973843,0.0015792986378073,-0.0123899299651384,-0.005519030150026,0.0152267795056104,-0.0007927795522846,-0.0065768091008067,-0.0015869180206209,-0.0052338843233883,-0.0007946696714498,0.0092439344152808,-0.0371156260371208,0.0096666971221566,-0.0041299979202449,0.017984414473176,0.0016588713042438,0.0172592345625162,0.004416225478053,0.0229519642889499,-0.0115415826439857,-0.0183709077537059,0.0002779627684503,0.0277876984328031,0.004724902100861,-0.0060198325663805,0.0143844159319996,0.0074919401668012,0.0504500232636928,0.0064632063731551,-0.0106438174843788,0.0654170215129852,0.0065599577501416,-0.0165538191795349,-0.0028675862122327,-0.0503751300275325,0.0130718955770134,-0.0109540447592735,-0.0245161484926939,-0.0070175705477595,-0.0055555314756929,0.0007022632635198,0.0183559097349643,-0.0148737570270896,-0.0104492614045739,-0.0037905103527009,-0.0052798511460423,-0.00068872096017,-0.0037154827732592,-0.0003441763110458,0.0021310073789209,0.0024154484272003,-0.006379528902471,-0.0027529224753379,-0.0403959900140762,-0.0139124486595392,0.0259269680827856,0.007177002262324,0.0065217847004532,-0.031125845387578,0.0062094908207654,0.0117253055796027,-0.0099275270476937,0.0111788585782051,-0.0092140957713127,-0.0080645084381103,0.0005470584728755,0.035490620881319,-0.0073810946196317,-0.0020833148155361,0.0053504751995205,-0.004001107532531,-0.0024076920838302,0.0097350086377328,0.0029628436813977,0.0163309324038987,-0.0032133545922955,0.0207763340571776,-0.0257699527905272,0.0589904120932716,0.0137041218090454,0.2214589619100464,-0.024964288897017,0.2965278082224396,2019-02-27,2019-02-28,2019-03-01,2019-03-04,2019-03-05,2019-03-06,2019-03-07,2019-03-08,2019-03-11,2019-03-12,86356.0,2019-02-26,252.0,0.1071%,-0.0006,0.9377,0.3967,0.1433,1.4388%,1.7438%,31.9171%,0.005531,EBAY,86356.0,2019-02-27,252.0,0.5350%,-0.0006,0.9398,0.3943,0.1437,1.4388%,1.7440%,31.9329%,0.003825,EBAY,86356.0,2019-02-28,252.0,-0.7717%,-0.0006,0.9392,0.3938,0.1442,1.4390%,1.7420%,31.7651%,-0.0046229999999999,EBAY,86356.0,2019-03-01,252.0,0.5383%,-0.0006,0.9428,0.3992,0.1504,1.4384%,1.7419%,31.8106%,-0.002034,EBAY,86356.0,2019-03-04,252.0,-0.2677%,-0.0006,0.9396,0.4066,0.1521,1.4381%,1.7399%,31.6835%,0.003145,EBAY,86356.0,2019-03-05,252.0,-0.3490%,-0.0006,0.9382,0.3957,0.151,1.4376%,1.7369%,31.4965%,-0.000357,EBAY,86356.0,2019-03-06,252.0,-0.8351%,-0.0006,0.9375,0.3843,0.1487,1.4378%,1.7372%,31.4976%,0.004365,EBAY,86356.0,2019-03-07,252.0,-1.6300%,-0.0006,0.9425,0.3946,0.1583,1.4379%,1.7401%,31.7138%,-0.007943,EBAY,86356.0,2019-03-08,252.0,-0.8837%,-0.0007,0.9445,0.3768,0.1623,1.4349%,1.7368%,31.7457%,-0.006782,EBAY,86356.0,2019-03-11,252.0,1.0031%,-0.0007,0.9426,0.3693,0.159,1.4345%,1.7378%,31.8542%,-0.004644,EBAY,86356.0,2019-03-12,252.0,0.0828%,-0.0006,0.9529,0.367,0.1698,1.4325%,1.7377%,32.0372%,-0.000458,EBAY,0.009356,0.004733,0.002699,0.005487,-0.009975
17291,EBAY INC,"eBay-Investor Talks Ongoing, May Still Fall Apart; eBay, Elliott, Starboard Said To Discuss Board Seats, Review And Activists May Agree Joint, Individual eBay Settlements",6,uncertain,0.6,0.3,"the ongoing discussions with investors like elliott and starboard could lead to positive changes for ebay, but the uncertainty around whether these talks will result in a settlement or board changes makes the stock price reaction unpredictable.",1,2019-02-26,EBAY,2019-02-26 20:20:00+00:00,86356.0,27864210,0.0010712618241086,12931049.0,0.0053504751995205,-0.004001107532531,-0.0077168783172965,0.0137912966310977,0.00538349756971,0.0065323314629495,-0.0026773354038596,-0.0083670057356357,-0.0034899616148322,0.0128484796732664,-0.0083512272685766,0.0071586491540074,-0.0162999797612428,0.0016547539271414,-0.008837329223752,0.0019342276500537,0.0100306663662195,0.0168586242944002,0.000827552517876,0.0093590999022126,0.0049614198505878,0.000283640314592,-0.0030170218087732,-0.0064825126901268,-0.0013754948740825,0.0042456183582544,-0.00082641269546,0.0079886615276336,0.0165425557643175,0.0215679928660392,-0.0046107452362775,0.0196136645972728,0.0136239780113101,-0.0126173794269561,-0.0147849256172776,0.0115762306377291,0.0019099506316706,-0.0097002303227782,0.0049019688740372,0.0088967746123671,-0.0018970106029883,0.032771810889244,-0.0013576716883108,0.0012266456615179,0.0097879450768232,-0.0088146170601248,0.0145396050065755,0.0612903721630573,0.0063693700358271,0.0204081907868385,0.0018460842547938,0.0029712195973843,0.0015792986378073,-0.0123899299651384,-0.005519030150026,0.0152267795056104,-0.0007927795522846,-0.0065768091008067,-0.0015869180206209,-0.0052338843233883,-0.0007946696714498,0.0092439344152808,-0.0371156260371208,0.0096666971221566,-0.0041299979202449,0.017984414473176,0.0016588713042438,0.0172592345625162,0.004416225478053,0.0229519642889499,-0.0115415826439857,-0.0183709077537059,0.0002779627684503,0.0277876984328031,0.004724902100861,-0.0060198325663805,0.0143844159319996,0.0074919401668012,0.0504500232636928,0.0064632063731551,-0.0106438174843788,0.0654170215129852,0.0065599577501416,-0.0165538191795349,-0.0028675862122327,-0.0503751300275325,0.0130718955770134,-0.0109540447592735,-0.0245161484926939,-0.0070175705477595,-0.0055555314756929,0.0007022632635198,0.0183559097349643,-0.0148737570270896,-0.0104492614045739,-0.0037905103527009,-0.0052798511460423,-0.00068872096017,-0.0037154827732592,-0.0003441763110458,0.0021310073789209,0.0024154484272003,-0.006379528902471,-0.0027529224753379,-0.0403959900140762,-0.0139124486595392,0.0259269680827856,0.007177002262324,0.0065217847004532,-0.031125845387578,0.0062094908207654,0.0117253055796027,-0.0099275270476937,0.0111788585782051,-0.0092140957713127,-0.0080645084381103,0.0005470584728755,0.035490620881319,-0.0073810946196317,-0.0020833148155361,0.0053504751995205,-0.004001107532531,-0.0024076920838302,0.0097350086377328,0.0029628436813977,0.0163309324038987,-0.0032133545922955,0.0207763340571776,-0.0257699527905272,0.0589904120932716,0.0137041218090454,0.2214589619100464,-0.024964288897017,0.2965278082224396,2019-02-27,2019-02-28,2019-03-01,2019-03-04,2019-03-05,2019-03-06,2019-03-07,2019-03-08,2019-03-11,2019-03-12,86356.0,2019-02-26,252.0,0.1071%,-0.0006,0.9377,0.3967,0.1433,1.4388%,1.7438%,31.9171%,0.005531,EBAY,86356.0,2019-02-27,252.0,0.5350%,-0.0006,0.9398,0.3943,0.1437,1.4388%,1.7440%,31.9329%,0.003825,EBAY,86356.0,2019-02-28,252.0,-0.7717%,-0.0006,0.9392,0.3938,0.1442,1.4390%,1.7420%,31.7651%,-0.0046229999999999,EBAY,86356.0,2019-03-01,252.0,0.5383%,-0.0006,0.9428,0.3992,0.1504,1.4384%,1.7419%,31.8106%,-0.002034,EBAY,86356.0,2019-03-04,252.0,-0.2677%,-0.0006,0.9396,0.4066,0.1521,1.4381%,1.7399%,31.6835%,0.003145,EBAY,86356.0,2019-03-05,252.0,-0.3490%,-0.0006,0.9382,0.3957,0.151,1.4376%,1.7369%,31.4965%,-0.000357,EBAY,86356.0,2019-03-06,252.0,-0.8351%,-0.0006,0.9375,0.3843,0.1487,1.4378%,1.7372%,31.4976%,0.004365,EBAY,86356.0,2019-03-07,252.0,-1.6300%,-0.0006,0.9425,0.3946,0.1583,1.4379%,1.7401%,31.7138%,-0.007943,EBAY,86356.0,2019-03-08,252.0,-0.8837%,-0.0007,0.9445,0.3768,0.1623,1.4349%,1.7368%,31.7457%,-0.006782,EBAY,86356.0,2019-03-11,252.0,1.0031%,-0.0007,0.9426,0.3693,0.159,1.4345%,1.7378%,31.8542%,-0.004644,EBAY,86356.0,2019-03-12,252.0,0.0828%,-0.0006,0.9529,0.367,0.1698,1.4325%,1.7377%,32.0372%,-0.000458,EBAY,0.009356,0.004733,0.002699,0.005487,-0.009975
17299,EQUIFAX INC,"Equifax CEO Mark Begor To Appear Before Financial Services Committee Of US House Of Representatives; Appearance Follows Invitations From Chair Maxine Waters To Co., Experian, TransUnion",6,uncertain,0.6,0.3,"while the ceo's appearance may indicate scrutiny and potential regulatory challenges, it could also be seen as an opportunity for the company to address concerns and improve its public image.",1,2019-02-26,EFX,2019-02-26 14:37:00+00:00,52476.0,29442910,0.0050729010254144,1115072.0,-0.0199188739061355,-0.0033405809663236,0.0070811505429446,0.0024436987005174,0.0086749792098999,0.0218255873769521,-0.0021727129351347,-0.0108854966238141,-0.0028125345706939,9.150248661171644e-05,-0.0048221852630376,0.0034884535707533,-0.0061254175379872,0.0039631365798413,-0.0016557842027395,0.0007378881564363,0.0175067000091075,0.010909073986113,0.0095419427379965,0.0034618522040545,0.0043208515271544,0.0026266302447766,-0.0112037286162376,-0.0043896632269024,0.0063451500609517,-0.0065874848514795,0.0152225047349929,9.281002712668852e-05,0.0063880863599479,-0.0015750026796013,-0.0086397193372249,0.0085965786129236,0.0226767733693122,0.0105759687721729,-0.0184348057955503,0.0094366390258073,-0.0045180236920714,-0.0028513965662568,0.0088101616129279,-0.0039761257357895,0.0137614458799362,0.0174339972436428,0.0161851774901151,-0.0019226778531447,0.0147285601124167,0.0038601995911449,0.0086075663566589,-0.0059477658942341,0.0059404848143458,0.0315684787929058,0.0175496377050876,0.0268265344202518,0.0062939701601862,0.0102658858522772,0.0054422724060714,0.0128938909620046,-0.0041202306747436,-0.0049664080142974,-0.0060842055827379,-0.0001034775050356,0.0048972098156809,0.0068750381469726,0.0110461385920643,0.0170568972826004,0.0046593365259468,0.0075789825059473,0.0088757444173097,-0.0060477419756352,0.000792569364421,0.031859029084444,-0.0064148060046136,-0.0182717610150575,0.0019129433203488,-0.0009663517703302,-0.007000773679465,0.0029075667262077,0.0025636893697083,-0.0134919434785842,0.0022374843247234,0.0154261095449328,-0.0071759014390408,0.029999965801835,0.0059428648091852,-0.0109890112653374,0.0071850670501589,-0.0030674713198095,-0.0016646061558276,-0.0313064269721508,-0.0117506608366966,-0.0093565955758094,-0.0093998406082391,-0.0218016784638166,0.0070559214800596,0.000617385841906,-0.0022549631539732,0.000617767276708,-0.0214706268161535,-0.0094849597662687,-0.0101460311561822,0.0104081006720662,-0.0079999919980764,-0.0142218759283423,0.0030241985805332,-0.0092592407017946,-0.0248743817210197,-0.0095693692564964,0.0194108225405216,0.0104754325002431,0.0002527489850763,-0.0359293483197689,0.0238376166671514,0.0030194330029189,-0.003537641139701,-0.001264638849534,0.0013209711760282,-0.0279878880828619,0.0123680736869573,0.0267961379140615,0.0086333081126213,0.0072364350780844,-0.0199188739061355,-0.0033405809663236,-0.0129787719079661,-0.0009050456391725,-0.0044163832745378,0.0209007885851015,-0.0093735301741886,0.0098801745902088,0.0048104632402987,0.0328405902908648,0.1081949653673208,0.1420442298823239,0.1201343814960751,0.0795031958370049,2019-02-27,2019-02-28,2019-03-01,2019-03-04,2019-03-05,2019-03-06,2019-03-07,2019-03-08,2019-03-11,2019-03-12,52476.0,2019-02-26,252.0,0.5073%,-0.0,0.7487,-0.0144,0.1887,1.5230%,1.6971%,19.4650%,0.006795,EFX,52476.0,2019-02-27,252.0,-1.9919%,-0.0001,0.7534,-0.0286,0.1894,1.5267%,1.7017%,19.5066%,-0.020439,EFX,52476.0,2019-02-28,252.0,0.7081%,-0.0,0.7524,-0.029,0.1864,1.5279%,1.7016%,19.3731%,0.009796,EFX,52476.0,2019-03-01,252.0,0.8675%,-0.0,0.7522,-0.0292,0.1843,1.5281%,1.7012%,19.3147%,0.003997,EFX,52476.0,2019-03-04,252.0,-0.2173%,0.0,0.7502,-0.0233,0.185,1.5279%,1.6992%,19.1434%,0.000814,EFX,52476.0,2019-03-05,252.0,-0.2813%,-0.0002,0.7397,-0.106,0.1779,1.4978%,1.6680%,19.3746%,-0.001255,EFX,52476.0,2019-03-06,252.0,-0.4822%,-0.0003,0.7254,-0.0939,0.1634,1.4882%,1.6534%,18.9810%,-0.000105,EFX,52476.0,2019-03-07,252.0,-0.6125%,-0.0003,0.7255,-0.0921,0.1641,1.4882%,1.6538%,19.0251%,0.000206,EFX,52476.0,2019-03-08,252.0,-0.1656%,-0.0003,0.7254,-0.0911,0.1639,1.4882%,1.6538%,19.0239%,0.000175,EFX,52476.0,2019-03-11,252.0,1.7507%,-0.0002,0.7297,-0.0909,0.1618,1.4888%,1.6575%,19.3168%,0.007788,EFX,52476.0,2019-03-12,252.0,0.9542%,-0.0003,0.7107,-0.0903,0.1402,1.4824%,1.6428%,18.5795%,0.0075029999999999,EFX,-0.013644,-0.0038479999999999,0.000149,-0.0002919999999999,0.015275
17307,8X8 INC NEW,8x8 Highlights Launch OF PartnerXchange Platform,6,increase,0.7,0.6,"the launch of the partnerxchange platform suggests potential for new partnerships and revenue growth, which could positively impact investor sentiment and stock price.",2,2019-02-26,EGHT,2019-02-26 13:19:00+00:00,85177.0,28291410,-0.0019900952465832,1228036.0,0.0044865482486784,0.0009960387833416,-0.0238213185220956,0.0271100103855133,-0.0076258066110312,-0.0101266205310821,-0.0409836657345295,-0.0154536124318838,0.0016026007942855,0.012108969502151,-0.0079999798908829,0.0020221944432705,-0.0161290932446718,0.0015190221602097,0.0300547089427709,0.010747137479484,0.0503978170454502,0.032769601792097,0.0015151862753555,0.0069185285829007,0.0186586398631334,0.0189804974943399,0.0099009331315755,0.0043572941794991,-0.0102940732613205,-0.0113085126504302,0.0232788156718015,0.0075962771661579,0.0024200985208153,0.0307606924325227,-0.0101399850100278,0.0153321148827672,0.0175610054284334,-0.0005675498396158,-0.0321188904345035,-0.087519347667694,0.0049529657699167,-0.0061760595999658,0.0147855700924992,-0.0323705002665519,-0.0218553058803081,0.0075263227336108,-0.0054617035202682,-0.0034999847412109,0.0084872730076313,-0.0103908507153391,0.0193068999797105,0.0029776410665363,0.0033996936399489,0.0156249729916453,0.0014521145494654,0.002526489784941,-0.0198163278400898,-0.0124750491231679,0.0152859687805175,0.0126326419413089,-0.0038853774312883,-0.0202970206737518,0.0053632669150829,0.0105053028091788,0.0227933693677187,0.010106055997312,0.0289236884564161,-0.0035246573388576,0.0064515843987464,0.0205550640821456,0.010073228739202,0.0473627112805843,0.0131460074335336,0.0623213350772857,-0.0089485794305801,-0.0168634690344333,0.0081264246255159,-0.0138580920174717,0.0210478864610195,0.0038954704068601,0.0162281077355146,-0.0022210390307009,-0.0012948074145242,0.0186651535332202,0.0220397692173719,0.0793651565909385,-0.005073950625956,-0.030769258737564,0.0072248224169015,-0.0631929710507392,0.0092826709151268,-0.0022123344242572,-0.0213210806250572,0.0066815614700317,0.017941053956747,0.0078563066199421,0.0159462504088878,-0.0388350151479244,0.0,-0.0358813628554344,-0.0231309160590171,-0.0158649627119302,0.0152220129966735,0.0134854884818196,-0.0091628199443221,0.0078411670401692,0.0088271992281079,0.0057833176106214,-0.0225000381469726,-0.027607312425971,0.011508971452713,0.0077279554679989,-0.0556257776916027,-0.0391089543700218,0.0432842187583446,0.0248605627566576,0.0111206257715821,0.0390089526772499,-0.0253806468099355,0.0095794778317213,0.0247395690530538,0.0473801754415035,0.0088944975286722,-0.0234077461063861,0.0044865482486784,0.0009960387833416,-0.0194416457683137,0.0281330517906157,-0.0269191941485157,0.0177215385196687,-0.06530406494619,0.014127179865748,-0.0114655818150087,0.0697179050287519,0.0279163188229294,0.0055027886173542,0.1874377001042868,0.0941752712548029,2019-02-27,2019-02-28,2019-03-01,2019-03-04,2019-03-05,2019-03-06,2019-03-07,2019-03-08,2019-03-11,2019-03-12,85177.0,2019-02-26,252.0,-0.1990%,-0.0001,1.2379,0.8885,-0.8541,1.9116%,2.5772%,44.9856%,0.002833,EGHT,85177.0,2019-02-27,252.0,0.4487%,-0.0,1.2411,0.883,-0.8536,1.9110%,2.5773%,45.0204%,0.000559,EGHT,85177.0,2019-02-28,252.0,-2.3821%,-0.0002,1.2493,0.8878,-0.8425,1.9157%,2.5809%,44.9062%,-0.022385,EGHT,85177.0,2019-03-01,252.0,-0.7626%,-0.0003,1.2487,0.887,-0.8329,1.9204%,2.5809%,44.6321%,-0.0226549999999999,EGHT,85177.0,2019-03-04,252.0,-4.0984%,-0.0004,1.2562,0.8869,-0.8404,1.9274%,2.5941%,44.7976%,-0.027784,EGHT,85177.0,2019-03-05,252.0,0.1603%,-0.0005,1.2507,0.8472,-0.8462,1.9230%,2.5796%,44.4278%,0.0043809999999999,EGHT,85177.0,2019-03-06,252.0,-0.8000%,-0.0005,1.2336,0.8283,-0.868,1.9203%,2.5738%,44.3360%,0.013428,EGHT,85177.0,2019-03-07,252.0,-1.6129%,-0.0005,1.2399,0.8441,-0.8551,1.9196%,2.5758%,44.4603%,-0.008388,EGHT,85177.0,2019-03-08,252.0,3.0055%,-0.0004,1.2363,0.8336,-0.8604,1.9287%,2.5795%,44.0940%,0.030817,EGHT,85177.0,2019-03-11,252.0,5.0398%,-0.0003,1.2496,0.8322,-0.868,1.9331%,2.5981%,44.6380%,0.024412,EGHT,85177.0,2019-03-12,252.0,0.1515%,-0.0002,1.2594,0.8301,-0.8576,1.9317%,2.5979%,44.7103%,-6.3e-05,EGHT,0.003392,-0.018993,-0.041648,-0.065051,-0.004845
17315,EASTERN CO,"Eastern Q4 EPS $0.70 Up From $(0.03) YoY, Sales $56.612M Up From $54.144M YoY",6,increase,0.8,0.7,"the significant improvement in eps from a loss to a profit, along with a slight increase in sales, suggests positive financial performance that is likely to boost investor confidence and increase the stock price.",2,2019-02-26,EML,2019-02-26 23:15:00+00:00,31480.0,27631710,0.0121673615649342,3651.0,0.0807663276791572,-0.024842420592904,0.0152937062084674,0.0177358239889144,0.004467325285077,-0.0022590160369873,0.0003421221044845,-0.0331270433962345,0.0064979661256074,0.0238538719713687,-0.011213045567274,-0.0007448960095643,-0.020274918526411,-0.0261153187602758,0.0087688528001308,0.0043715457431972,-0.0264255981892347,0.0513213388621807,-0.028214318677783,0.0340594314038753,0.0007350407540798,0.0079840626567602,0.0176276005804538,-0.0830893293023109,0.0523277074098587,0.0014662392204627,-0.0226337388157844,0.0062707513570785,0.0122807146981358,-0.0055025536566972,-0.012478357180953,0.0029433378949761,-0.0031590084545314,-0.0194804836064577,-0.0299295913428068,0.0247689504176378,0.0123412040993571,-0.0077036311849951,0.0118321953341364,-0.0155290821567177,-0.0255137961357832,0.0236599370837211,0.0203636176884174,0.0211400333791971,-0.0192444417625665,0.0227799285203218,0.0356104485690593,0.0077820564620196,0.0084210447967052,0.0342052467167377,0.0013918202603235,-0.0231918301433324,-0.0069492966867983,0.0196392685174942,-0.000349903042661,-0.0161671862006187,0.0080503867939114,-0.0193348787724971,-0.0027777752839028,-0.0204545073211193,-0.0236768256872892,-0.0145577182993292,-0.0121255395933985,-0.0258181486278772,-0.0115524036809802,0.0095447953790426,0.0084003452211618,0.0749802514910698,0.0152118820697069,0.0267422944307327,0.0092757837846875,-0.0370658934116363,0.0265111345797777,0.0599668659269809,-0.0086088152602314,-0.0065735350362956,0.0090308552607893,0.0401709638535976,-0.0082616098225116,-0.0034071519039571,-0.0159666463732719,-0.0092827519401907,0.0070546334609389,0.0255300793796777,-0.0045533860102295,-0.014918946661055,0.0084447488188743,-0.0357583574950695,-0.0875785127282142,0.0024721657391637,0.0007648358587175,0.015481206588447,0.0500572957098484,0.0283993054181337,-0.0374817624688148,-0.0995737984776496,0.0094517953693866,-0.00730771292001,-0.0104869166389107,-0.0053557534702122,-0.0136260641738772,-0.019136969000101,0.0314658358693122,0.0090874582529068,-0.0219493396580219,-0.0294009279459714,-0.0228224024176597,0.0077777439728379,0.0344018451869487,-0.0167516060173511,-0.015872947871685,0.0058608003892004,0.0023041269741952,0.0,0.0068965633399784,-0.0147960977628827,-0.0087519576773047,0.0221319980919361,-0.0222648736089468,0.0007382967160083,0.0807663276791572,-0.024842420592904,0.0972952503746866,-0.0075471974030839,0.1021972251918805,-0.0097891642001033,0.1097388017514326,-0.0197540318008684,0.0260275731999024,0.0415841308837665,0.0829662706551153,-0.0037878881877323,-0.0354538694119477,-0.0291620809163225,2019-02-27,2019-02-28,2019-03-01,2019-03-04,2019-03-05,2019-03-06,2019-03-07,2019-03-08,2019-03-11,2019-03-12,31480.0,2019-02-26,252.0,1.2167%,0.0002,0.762,0.7334,0.1702,2.1192%,2.2892%,14.2977%,0.018725,EML,31480.0,2019-02-27,252.0,8.0766%,0.0004,0.7445,0.7874,0.1676,2.1591%,2.3252%,13.7802%,0.078791,EML,31480.0,2019-02-28,252.0,1.5294%,0.0005,0.7366,0.7826,0.1578,2.1612%,2.3240%,13.5162%,0.017763,EML,31480.0,2019-03-01,252.0,0.4467%,0.0006,0.7169,0.7533,0.1287,2.1521%,2.3079%,13.0417%,-0.002565,EML,31480.0,2019-03-04,252.0,0.0342%,0.0005,0.7247,0.7221,0.1279,2.1494%,2.3055%,13.0810%,0.006491,EML,31480.0,2019-03-05,252.0,0.6498%,0.0006,0.7227,0.7126,0.1229,2.1502%,2.3039%,12.8955%,0.010185,EML,31480.0,2019-03-06,252.0,-1.1213%,0.0005,0.7133,0.7131,0.1123,2.1482%,2.3016%,12.8874%,0.0036969999999999,EML,31480.0,2019-03-07,252.0,-2.0275%,0.0006,0.725,0.7428,0.1363,2.1458%,2.3038%,13.2434%,-0.013646,EML,31480.0,2019-03-08,252.0,0.8769%,0.0006,0.7234,0.7477,0.1335,2.1465%,2.3043%,13.2310%,0.010134,EML,31480.0,2019-03-11,252.0,-2.6426%,0.0004,0.7024,0.7413,0.1406,2.1596%,2.3096%,12.5671%,-0.039292,EML,31480.0,2019-03-12,252.0,-2.8214%,0.0002,0.6886,0.7569,0.1313,2.1652%,2.3118%,12.2750%,-0.0278719999999999,EML,0.097516,0.115279,0.112714,0.12939,0.062411
17323,ENPHASE ENERGY INC,Enphase Energy Sees Q1 Sales $90M-$95M vs $80.9M Estimate,6,increase,0.8,0.7,"the forecasted sales for q1 exceed analyst estimates, which is likely to positively influence investor sentiment and drive the stock price up.",2,2019-02-26,ENPH,2019-02-26 21:46:00+00:00,13323.0,29355A10,0.0037220511585474,2393620.0,0.0964152961969375,0.0359897427260875,0.0225478932261467,0.0556309819221496,0.0033076833933591,0.0193637441843748,-0.0351649038493633,-0.043650783598423,-0.0091116093099117,-0.0117647256702184,-0.0367815755307674,-0.0013054506853222,-0.0107398750260472,-0.0026041641831398,0.0205066446214914,0.0105263059958815,0.0449172705411911,-0.0168176088482141,0.0180995296686887,0.0389784909784793,0.0399999618530273,-0.0053475885652005,0.0021368011366575,0.0218579024076461,-0.0351812280714511,0.0027397233061492,0.0685082748532295,0.0428571701049804,-0.04860395565629,0.0,-0.0021738591603934,-0.0318118967115879,0.0217864699661731,0.0097765605896711,-0.0202559195458889,0.0084506962448358,-0.0174102131277322,0.0289854798465967,-0.0354373976588249,0.0267857611179351,0.0103329680860042,0.0090090008452534,0.031818151473999,0.0230414159595966,0.0165197812020778,-0.0121395932510495,0.0032503453548997,0.0091883521527051,0.0097192386165261,-0.0425219871103763,0.0363635495305061,0.0209581349045038,-0.0175437703728675,0.0861788168549537,0.0336134098470211,0.0567010156810283,0.0406503677368164,0.0246479492634534,-0.0205078162252903,0.0088809439912438,0.0119640966877341,0.0,-0.0344827026128768,0.0523364879190921,0.0132653173059225,0.0171102043241262,-0.0342396907508373,0.0354331322014331,0.0072992383502423,0.0672268196940422,0.0072463452816009,-0.0325202941894531,-0.02877695299685,0.0401691459119319,-0.0179894268512725,-0.0207039136439561,0.0506465807557106,-0.0142857488244772,0.0082051204517483,-0.0180360078811645,0.0081383446231484,0.0754310190677642,0.0524722971022129,-0.0210970267653465,-0.0210930258035659,-0.0520000457763671,-0.0166503507643938,-0.036608874797821,0.2928286492824554,-0.0114285601302981,-0.0038520214147865,-0.0506329461932182,0.0696055367588996,-0.0264083836227655,-0.0057845208793878,-0.0138889579102397,0.0334545485675334,-0.0068965447135269,-0.0197044145315885,0.0175439268350601,-0.0265613701194524,0.0035211234353482,0.0339233055710792,0.0,-0.023537864908576,-0.0323679819703102,0.0241052508354187,0.0371024794876575,0.0399428978562355,-0.0207613073289394,0.0164608899503946,0.0703703910112381,-0.011470990255475,-0.0036900332197546,-0.023208137601614,-0.0269299987703561,0.0398322641849517,0.0469924807548522,0.0228494722396135,0.0037735812366008,0.0964152961969375,0.0359897427260875,0.1211371512271002,0.093622869375215,0.1248455179638921,0.1147995028519786,0.0754016910616564,0.0535948142419768,0.1124845316091935,0.0833333844375565,0.239802174751917,0.4316163950303799,0.8813349933112573,0.520754756530778,2019-02-27,2019-02-28,2019-03-01,2019-03-04,2019-03-05,2019-03-06,2019-03-07,2019-03-08,2019-03-11,2019-03-12,13323.0,2019-02-26,252.0,0.3722%,0.0053,1.0279,1.2943,-0.4804,4.6193%,4.8521%,9.3658%,0.0120369999999999,ENPH,13323.0,2019-02-27,252.0,9.6415%,0.0053,0.9967,1.3753,-0.4853,4.6278%,4.8600%,9.3275%,0.092355,ENPH,13323.0,2019-02-28,252.0,2.2548%,0.0052,1.0203,1.3921,-0.4726,4.6181%,4.8561%,9.5615%,0.024049,ENPH,13323.0,2019-03-01,252.0,0.3308%,0.0044,1.1395,1.5695,-0.281,4.4393%,4.7143%,11.3268%,-0.010056,ENPH,13323.0,2019-03-04,252.0,-3.5165%,0.0043,1.1382,1.5976,-0.2861,4.4420%,4.7209%,11.4667%,-0.021956,ENPH,13323.0,2019-03-05,252.0,-0.9112%,0.0042,1.1385,1.5954,-0.2831,4.4421%,4.7175%,11.3344%,-0.0030009999999999,ENPH,13323.0,2019-03-06,252.0,-3.6782%,0.0039,1.1045,1.6519,-0.3139,4.4189%,4.6996%,11.5862%,-0.007093,ENPH,13323.0,2019-03-07,252.0,-1.0740%,0.0038,1.1024,1.6305,-0.3227,4.4174%,4.6957%,11.5022%,-0.001653,ENPH,13323.0,2019-03-08,252.0,2.0507%,0.0039,1.1,1.6313,-0.3267,4.4188%,4.6960%,11.4572%,0.021478,ENPH,13323.0,2019-03-11,252.0,4.4917%,0.0041,1.1099,1.6067,-0.3459,4.4147%,4.6971%,11.6641%,0.020867,ENPH,13323.0,2019-03-12,252.0,1.8100%,0.0041,1.1086,1.6001,-0.3501,4.4157%,4.6967%,11.6084%,0.019457,ENPH,0.104392,0.128441,0.118385,0.093428,0.146484
17331,ENPHASE ENERGY INC,"Enphase Energy Q4 EPS $0.04 Misses $0.06 Estimate, Sales $92.289M Beat $85.18M Estimate",6,uncertain,0.6,0.3,"while enphase energy's sales beat estimates, the earnings per share miss could lead to mixed reactions from investors, making the overall impact on the stock price uncertain.",1,2019-02-26,ENPH,2019-02-26 21:45:00+00:00,13323.0,29355A10,0.0037220511585474,2393620.0,0.0964152961969375,0.0359897427260875,0.0225478932261467,0.0556309819221496,0.0033076833933591,0.0193637441843748,-0.0351649038493633,-0.043650783598423,-0.0091116093099117,-0.0117647256702184,-0.0367815755307674,-0.0013054506853222,-0.0107398750260472,-0.0026041641831398,0.0205066446214914,0.0105263059958815,0.0449172705411911,-0.0168176088482141,0.0180995296686887,0.0389784909784793,0.0399999618530273,-0.0053475885652005,0.0021368011366575,0.0218579024076461,-0.0351812280714511,0.0027397233061492,0.0685082748532295,0.0428571701049804,-0.04860395565629,0.0,-0.0021738591603934,-0.0318118967115879,0.0217864699661731,0.0097765605896711,-0.0202559195458889,0.0084506962448358,-0.0174102131277322,0.0289854798465967,-0.0354373976588249,0.0267857611179351,0.0103329680860042,0.0090090008452534,0.031818151473999,0.0230414159595966,0.0165197812020778,-0.0121395932510495,0.0032503453548997,0.0091883521527051,0.0097192386165261,-0.0425219871103763,0.0363635495305061,0.0209581349045038,-0.0175437703728675,0.0861788168549537,0.0336134098470211,0.0567010156810283,0.0406503677368164,0.0246479492634534,-0.0205078162252903,0.0088809439912438,0.0119640966877341,0.0,-0.0344827026128768,0.0523364879190921,0.0132653173059225,0.0171102043241262,-0.0342396907508373,0.0354331322014331,0.0072992383502423,0.0672268196940422,0.0072463452816009,-0.0325202941894531,-0.02877695299685,0.0401691459119319,-0.0179894268512725,-0.0207039136439561,0.0506465807557106,-0.0142857488244772,0.0082051204517483,-0.0180360078811645,0.0081383446231484,0.0754310190677642,0.0524722971022129,-0.0210970267653465,-0.0210930258035659,-0.0520000457763671,-0.0166503507643938,-0.036608874797821,0.2928286492824554,-0.0114285601302981,-0.0038520214147865,-0.0506329461932182,0.0696055367588996,-0.0264083836227655,-0.0057845208793878,-0.0138889579102397,0.0334545485675334,-0.0068965447135269,-0.0197044145315885,0.0175439268350601,-0.0265613701194524,0.0035211234353482,0.0339233055710792,0.0,-0.023537864908576,-0.0323679819703102,0.0241052508354187,0.0371024794876575,0.0399428978562355,-0.0207613073289394,0.0164608899503946,0.0703703910112381,-0.011470990255475,-0.0036900332197546,-0.023208137601614,-0.0269299987703561,0.0398322641849517,0.0469924807548522,0.0228494722396135,0.0037735812366008,0.0964152961969375,0.0359897427260875,0.1211371512271002,0.093622869375215,0.1248455179638921,0.1147995028519786,0.0754016910616564,0.0535948142419768,0.1124845316091935,0.0833333844375565,0.239802174751917,0.4316163950303799,0.8813349933112573,0.520754756530778,2019-02-27,2019-02-28,2019-03-01,2019-03-04,2019-03-05,2019-03-06,2019-03-07,2019-03-08,2019-03-11,2019-03-12,13323.0,2019-02-26,252.0,0.3722%,0.0053,1.0279,1.2943,-0.4804,4.6193%,4.8521%,9.3658%,0.0120369999999999,ENPH,13323.0,2019-02-27,252.0,9.6415%,0.0053,0.9967,1.3753,-0.4853,4.6278%,4.8600%,9.3275%,0.092355,ENPH,13323.0,2019-02-28,252.0,2.2548%,0.0052,1.0203,1.3921,-0.4726,4.6181%,4.8561%,9.5615%,0.024049,ENPH,13323.0,2019-03-01,252.0,0.3308%,0.0044,1.1395,1.5695,-0.281,4.4393%,4.7143%,11.3268%,-0.010056,ENPH,13323.0,2019-03-04,252.0,-3.5165%,0.0043,1.1382,1.5976,-0.2861,4.4420%,4.7209%,11.4667%,-0.021956,ENPH,13323.0,2019-03-05,252.0,-0.9112%,0.0042,1.1385,1.5954,-0.2831,4.4421%,4.7175%,11.3344%,-0.0030009999999999,ENPH,13323.0,2019-03-06,252.0,-3.6782%,0.0039,1.1045,1.6519,-0.3139,4.4189%,4.6996%,11.5862%,-0.007093,ENPH,13323.0,2019-03-07,252.0,-1.0740%,0.0038,1.1024,1.6305,-0.3227,4.4174%,4.6957%,11.5022%,-0.001653,ENPH,13323.0,2019-03-08,252.0,2.0507%,0.0039,1.1,1.6313,-0.3267,4.4188%,4.6960%,11.4572%,0.021478,ENPH,13323.0,2019-03-11,252.0,4.4917%,0.0041,1.1099,1.6067,-0.3459,4.4147%,4.6971%,11.6641%,0.020867,ENPH,13323.0,2019-03-12,252.0,1.8100%,0.0041,1.1086,1.6001,-0.3501,4.4157%,4.6967%,11.6084%,0.019457,ENPH,0.104392,0.128441,0.118385,0.093428,0.146484
17339,EOG RESOURCES INC,"EOG Resources Q4 Adj. EPS $1.24 Misses $1.35 Estimate, Sales $4.57B Beat $4.48B Estimate",6,uncertain,0.6,0.2,"while eog resources missed earnings estimates, it beat revenue expectations, leading to mixed signals that could result in an uncertain market reaction.",1,2019-02-26,EOG,2019-02-26 21:29:00+00:00,75825.0,26875P10,-0.0088653964921832,5777555.0,0.0120327677577734,-0.0081649618223309,-0.0109427701681852,0.0018877850379794,0.0257446616888046,-0.0347236320376396,0.0040447977371513,-0.0093270512297749,-0.0135316355153918,-0.005386542994529,-0.0372774600982666,0.0339315272867679,-0.0064172716811299,0.0021705331746488,-0.0537492744624614,0.0117118349298834,-0.0020823727827519,0.0150726903229951,0.0083468724042177,0.0184864774346351,0.0182800218462944,-0.0052693607285618,0.0126453964039683,-0.0331670045852661,-0.0093656368553638,-0.0220640394836664,0.0345526151359081,-0.0103642465546727,0.0104438541457057,0.0053616468794643,0.0324074327945709,-0.0035282105673104,0.0102200787514448,-0.0025138261262327,-0.0329307578504085,0.0058662304654717,-0.0096071893349289,0.0078491773456335,0.021448565647006,-0.0100908176973462,-0.0018993385601788,0.0191279370337724,0.0068717785179615,0.0069379536435008,-0.0006299617816694,-0.0029940214008092,0.0184913016855716,-0.0414646454155445,-0.009180930443108,0.0201918222010135,-0.0220718663185834,0.0038512707687914,-0.0027680415660142,0.0030429235193878,0.052951842546463,0.0008120413986034,0.0086181294173002,0.0169298984110355,-0.009147603996098,-0.0226997565478086,0.001623249030672,-0.0007057132315821,0.0,0.0384213365614414,0.0666463449597358,0.0106866415590047,-0.0282024014741182,0.0062819845043122,0.0022522103972733,0.0439034886658191,-0.0049829226918518,-0.0070632314309477,0.0199332926422357,0.0389863736927509,0.0308077093213796,-0.0035420197527855,-0.0043896632269024,-0.0143034607172012,-0.0249530579894781,-0.0022474091965705,-0.0178949441760778,0.0739801749587059,-0.0411442443728447,-0.0504240356385707,-0.0089905727654695,-0.0276353433728218,-0.0097937826067209,-0.0348462611436843,-0.0433108136057853,-0.0109562678262591,-0.0296006221324205,-0.0228666141629219,0.0194011814892292,-0.0386690907180309,0.003740333719179,-0.0267431680113077,0.005918466951698,-0.0105840321630239,0.0245151445269584,0.0182227939367294,0.0022333201486617,0.0035394809674471,0.0080645391717553,-0.0183380134403705,-0.0157894734293222,0.0144913680851459,0.0089839184656739,-0.018641322851181,0.000212044455111,-0.037369355559349,0.0086901197209954,0.046462133526802,-0.0226938817650079,-0.0204797908663749,0.0070952880196273,0.0163824278861284,0.020815510302782,0.017851885408163,-0.0284428913146257,-0.0057538906112313,0.0120327677577734,-0.0081649618223309,0.0009583257775276,-0.0062925904771153,0.0267276592392624,-0.0407977209184641,0.016931064887192,-0.0548628431698822,-0.0737940581836394,0.0243243239142099,0.0496219324535605,-0.0419566501367556,-0.0085171086192008,-0.0739100951806643,2019-02-27,2019-02-28,2019-03-01,2019-03-04,2019-03-05,2019-03-06,2019-03-07,2019-03-08,2019-03-11,2019-03-12,75825.0,2019-02-26,252.0,-0.8865%,-0.0003,1.2559,0.4319,0.7646,1.5536%,1.9749%,38.1196%,-0.001683,EOG,75825.0,2019-02-27,252.0,1.2033%,-0.0002,1.2584,0.4308,0.765,1.5548%,1.9760%,38.0895%,0.010899,EOG,75825.0,2019-02-28,252.0,-1.0943%,-0.0002,1.2558,0.4288,0.7643,1.5546%,1.9719%,37.8482%,-0.0053149999999999,EOG,75825.0,2019-03-01,252.0,2.5745%,-0.0,1.2394,0.4044,0.7303,1.5444%,1.9518%,37.3851%,0.018427,EOG,75825.0,2019-03-04,252.0,0.4045%,-0.0,1.2422,0.3866,0.7314,1.5446%,1.9519%,37.3808%,0.009169,EOG,75825.0,2019-03-05,252.0,-1.3532%,-0.0,1.2452,0.4044,0.7367,1.5448%,1.9537%,37.4733%,-0.008556,EOG,75825.0,2019-03-06,252.0,-3.7277%,-0.0001,1.2596,0.4453,0.7584,1.5497%,1.9676%,37.9663%,-0.022107,EOG,75825.0,2019-03-07,252.0,-0.6417%,0.0,1.2605,0.4631,0.7647,1.5468%,1.9674%,38.1862%,0.0066359999999999,EOG,75825.0,2019-03-08,252.0,-5.3749%,-0.0001,1.2672,0.4648,0.7753,1.5785%,1.9961%,37.4659%,-0.0499979999999999,EOG,75825.0,2019-03-11,252.0,-0.2082%,-0.0002,1.2577,0.4545,0.7743,1.5827%,1.9961%,37.1301%,-0.018695,EOG,75825.0,2019-03-12,252.0,0.8347%,-0.0002,1.2585,0.4511,0.7739,1.5834%,1.9919%,36.8095%,0.007005,EOG,0.009216,0.003901,0.022328,0.0229409999999999,-0.054218
17347,EQUINIX INC,Equinix Reports $900M Common Stock Offering,6,decrease,0.7,0.6,"a $900m common stock offering typically dilutes existing shareholders' equity, which can lead to a decrease in stock price.",0,2019-02-26,EQIX,2019-02-26 21:04:00+00:00,89617.0,29444U70,-0.0015851894859224,422337.0,-0.0180584322661161,0.0010267476318404,0.012794466689229,0.0062932027503848,0.0219362657517194,-0.0131393261253833,-0.0134245185181498,0.0021830569021403,-0.0001405160874128,0.0218324624001979,-0.0052937543950974,0.0019021334592252,0.0049215755425393,0.0731800496578216,0.0085061630234122,-0.0140133015811443,0.0184720046818256,-0.0064738579094409,0.0003878662828356,0.0107372039929032,0.0008437744691036,0.0154698649421334,0.0036685485392808,-0.0007946617552079,0.0025653250049799,-0.0143763162195682,0.0056385062634944,0.0012648941483348,-0.0012385010486468,-0.0027498772833496,0.0102130509912967,0.006040621548891,0.022786159068346,0.0286937411874532,-0.0148159647360444,0.0098078018054366,-0.011782961897552,0.0057808682322502,0.0033395059872418,0.0207611061632633,0.0009157931781373,-0.0049558184109628,0.0041956901550292,0.0164813809096813,0.0071117705665528,-0.0154982339590787,0.0069290846586227,-0.0097686061635613,0.0090730106458067,-0.0187517311424017,0.0034097977913916,0.0018892216030508,-0.0012337553780525,-0.0048828283324837,0.0112257124856114,0.0169951263815164,-0.0068792412057518,0.0138653153553605,-0.0071211634203791,0.0020233085379004,0.0023907460272312,0.0373894125223159,-0.0011707856319844,-0.0125462282449007,0.0058827172033488,0.0207615941762924,-0.0072942399419844,0.0020068159792572,-0.0159565135836601,0.0226918142288923,-0.0113551327958703,-0.0115999933332204,-0.0024132700636982,-0.0072611686773598,0.0017695737769827,-0.000821903173346,0.0066631943918764,0.018649473786354,0.0072188535705208,-0.0082456963136792,0.0009483156027272,0.0302342046052217,-0.0018507278291508,-0.032228622585535,-0.0093587692826986,-0.0220540855079889,0.0131236258894205,-0.0277657452970743,-0.0103144980967044,-0.006819955073297,0.0333325937390327,0.00517532043159,0.0257628448307514,-0.0461100973188877,0.0032285971101373,-0.006216000765562,-0.0075230519287288,0.0056830239482223,0.0085276113823056,-0.0068753021769225,-0.0049898005090653,0.0070269745774567,0.00677733682096,0.001578351133503,-0.0074611669406294,-0.0159146469086408,0.0162943266332149,0.0198135636746883,0.0054132132790982,-0.0153920613229274,0.0105626871809363,0.0151318171992898,-0.0030096203554421,0.0030460376292467,-0.0207228604704141,0.0001301562151638,0.0141423335298895,0.0051032747142016,0.0196923892945051,-0.0001570716558489,-0.0180584322661161,0.0010267476318404,-0.0054950135869756,0.0073264119132459,0.0163207120863906,-0.0059091783275945,0.0025362036041578,0.0180118088559413,0.0297294842918987,0.0837754640095949,0.0804762083240335,0.1572785722134158,0.1659271989285604,0.1224847501310575,2019-02-27,2019-02-28,2019-03-01,2019-03-04,2019-03-05,2019-03-06,2019-03-07,2019-03-08,2019-03-11,2019-03-12,89617.0,2019-02-26,252.0,-0.1585%,0.0002,0.466,-0.0492,-0.3142,1.3613%,1.4850%,15.9648%,-0.002339,EQIX,89617.0,2019-02-27,252.0,-1.8058%,0.0002,0.469,-0.0601,-0.3138,1.3658%,1.4896%,15.9307%,-0.018861,EQIX,89617.0,2019-02-28,252.0,1.2794%,0.0002,0.4653,-0.0623,-0.3196,1.3683%,1.4908%,15.7594%,0.0133759999999999,EQIX,89617.0,2019-03-01,252.0,2.1936%,0.0003,0.4725,-0.0515,-0.3163,1.3720%,1.4968%,15.9814%,0.017399,EQIX,89617.0,2019-03-04,252.0,-1.3425%,0.0003,0.4695,-0.0322,-0.3176,1.3723%,1.4963%,15.8842%,-0.0100299999999999,EQIX,89617.0,2019-03-05,252.0,-0.0141%,0.0003,0.4733,-0.0029,-0.3147,1.3683%,1.4943%,16.1524%,-0.000294,EQIX,89617.0,2019-03-06,252.0,-0.5294%,0.0003,0.4671,0.0064,-0.3205,1.3659%,1.4909%,16.0675%,-0.0013189999999999,EQIX,89617.0,2019-03-07,252.0,0.4922%,0.0003,0.4622,-0.0034,-0.3298,1.3661%,1.4904%,15.9896%,0.007609,EQIX,89617.0,2019-03-08,252.0,0.8506%,0.0003,0.4608,-0.0003,-0.3321,1.3671%,1.4913%,15.9632%,0.008874,EQIX,89617.0,2019-03-11,252.0,1.8472%,0.0004,0.466,-0.0039,-0.3368,1.3673%,1.4951%,16.3595%,0.00979,EQIX,89617.0,2019-03-12,252.0,0.0388%,0.0004,0.4596,-0.0018,-0.3432,1.3666%,1.4924%,16.1549%,-0.001147,EQIX,-0.0212,-0.007824,0.0095749999999999,-0.000749,0.023058
17355,EMBRAER S A,Boeing-Embraer Partnership Received Shareholder Approval,6,increase,0.8,0.6,"shareholder approval of the boeing-embraer partnership is likely to be viewed positively by the market, suggesting potential growth and collaboration opportunities for embraer s a.",2,2019-02-26,ERJ,2019-02-26 13:53:00+00:00,88392.0,29082A10,0.0129869431257247,754470.0,-0.0109211560338735,-0.0028776722028851,-0.014882355928421,0.0082205068320035,-0.0136452568694949,0.0077972635626792,-0.0024703179951757,-0.0067763500846922,0.0128776729106903,-0.0067307399585843,-0.0234719533473253,0.0097086820751428,-0.0070104855112731,0.0300000198185443,0.0035299896262586,-0.0029910004232078,0.0100502893328666,0.0095620844513177,-0.0194030497223138,-0.0094715170562267,-0.0040588495321571,0.0070280819199979,-0.0081507824361324,-0.0325400717556476,0.0482794344425201,-0.0369503758847713,0.0195982176810503,0.0118315191939473,-0.010091258212924,0.0076299402862787,-0.0043689394369721,-0.0145677328109741,-0.0141394883394241,0.0157517865300178,-0.0514341779053211,0.0145279010757803,0.0062564616091549,0.0083007849752902,-0.0005180477746762,-0.0106280781328678,-0.0321410484611988,0.0097561348229646,0.0171397794038057,-0.0120481923222541,0.0010532099986448,0.0146698886528611,0.0163071788847446,-0.0271170157939195,0.0041407826356589,-0.0353373289108276,-0.014948402531445,-0.0442981719970703,0.02197802439332,-0.0256410427391529,0.0245775487273931,-0.0021322448737919,-0.0014992846408858,0.0094705652445554,-0.018017953261733,0.0256070606410503,-0.0020387824624776,-0.0199048463255167,-0.0148109812289476,0.0034737265668809,-0.0082945432513952,0.009202498011291,-0.0125457281246781,0.0307136550545692,0.0164108723402023,-0.0242398027330637,0.0088541703298687,-0.0056967204436659,0.0216830186545848,0.0311794206500053,-0.0005053172353655,0.0063665024936199,-0.014661319553852,0.0009227129048667,-0.0118009001016616,-0.0009091116953641,0.0041536823846399,0.0406812019646167,0.0180972274392843,-0.0203892737627029,0.0066022933460772,0.0203309841454029,0.0095863034948706,-0.0061090723611414,-0.0129935145378112,-0.0314064025878906,0.0070885769091546,0.0050319624133408,0.0035193411167711,0.0350378677248954,-0.0240480750799179,-0.009845245629549,-0.0087269032374024,-0.0184077136218547,0.0113931242376565,0.0182755105197429,0.0005120444693602,-0.0046641966328024,0.0015352496411651,0.0180437359958887,-0.0275932047516107,-0.0245484337210655,0.0010508958948776,-0.0257220081984996,-0.0530182868242263,-0.0207688603550195,-0.04933487996459,0.0080177458003163,0.0314869359135627,-0.0044345222413539,0.0282645560801029,-0.0026537536177784,0.0247388035058975,0.0281946714967489,0.00321895792149,0.0232666358351707,-0.0109211560338735,-0.0028776722028851,-0.0256409794310485,0.0053191787051143,-0.0389363585498214,0.0131579173060945,-0.0289648014426003,-0.0004806879300907,-0.0641025854886602,0.0363909019854697,-0.0683760079282601,-0.0821191449890506,-0.1120607198507384,-0.0321209291277432,2019-02-27,2019-02-28,2019-03-01,2019-03-04,2019-03-05,2019-03-06,2019-03-07,2019-03-08,2019-03-11,2019-03-12,88392.0,2019-02-26,252.0,1.2987%,-0.0008,0.7816,0.4659,0.4624,2.1075%,2.2475%,12.0704%,0.018836,ERJ,88392.0,2019-02-27,252.0,-1.0921%,-0.0009,0.7818,0.4623,0.4624,2.1087%,2.2482%,12.0242%,-0.012055,ERJ,88392.0,2019-02-28,252.0,-1.4882%,-0.001,0.7897,0.4674,0.4706,2.1086%,2.2499%,12.1623%,-0.011495,ERJ,88392.0,2019-03-01,252.0,-1.3645%,-0.0009,0.7674,0.4342,0.4444,2.1029%,2.2354%,11.5027%,-0.018894,ERJ,88392.0,2019-03-04,252.0,-0.2470%,-0.0009,0.767,0.4334,0.445,2.1029%,2.2352%,11.4817%,0.001434,ERJ,88392.0,2019-03-05,252.0,1.2878%,-0.0008,0.7675,0.4481,0.4389,2.1037%,2.2364%,11.5169%,0.016503,ERJ,88392.0,2019-03-06,252.0,-2.3472%,-0.0008,0.772,0.4704,0.4471,2.1048%,2.2406%,11.7508%,-0.011645,ERJ,88392.0,2019-03-07,252.0,-0.7010%,-0.0007,0.7755,0.4909,0.4575,2.1019%,2.2399%,11.9374%,0.001035,ERJ,88392.0,2019-03-08,252.0,0.3530%,-0.0007,0.7745,0.4923,0.4559,2.1023%,2.2400%,11.9181%,0.005678,ERJ,88392.0,2019-03-11,252.0,1.0050%,-0.0006,0.7753,0.4666,0.4408,2.0950%,2.2338%,12.0376%,-0.000981,ERJ,88392.0,2019-03-12,252.0,-1.9403%,-0.0009,0.7271,0.4855,0.3933,2.0694%,2.1953%,11.1393%,-0.019772,ERJ,0.0067809999999999,-0.004714,-0.023608,-0.005671,-0.031356
17363,EARTHSTONE ENERGY INC,"Earthstone Energy Reports Year End 2018 Estimate Proved Reserves Of ~98.8M Barrels Of Oil Equivalent, Up 24% Year Over Year",6,increase,0.8,0.7,"the significant increase in proved reserves by 24% year over year is likely to be viewed positively by investors, suggesting stronger future production potential and financial performance.",2,2019-02-26,ESTE,2019-02-26 11:13:00+00:00,17073.0,27032D30,-0.0499999858438968,110681.0,0.0045112380757927,-0.0209790337830781,-0.013473005965352,-0.0205479580909013,0.016691904515028,-0.0356671027839183,0.0164179317653179,0.0661972239613533,-0.0058737094514071,0.0612854771316051,-0.0546528622508049,0.0967213362455368,-0.0046875327825546,0.0032894706819206,-0.0235478952527046,0.0322580747306346,0.0321543887257576,0.0190310813486576,0.0451713316142559,0.0122592244297266,0.0372578240931034,-0.0305602438747882,-0.0445402227342128,-0.0199667811393737,0.0270676426589489,-0.0066115637309849,0.0395314767956733,-0.033546332269907,-0.0323943682014942,0.0245499331504106,0.0451237186789512,0.0132669853046536,-0.0027855127118527,-0.0321026965975761,-0.0740223079919815,-0.0047923657111823,0.0165912006050348,-0.0218749791383743,0.0326409898698329,0.0,-0.0114942416548728,0.0631229430437088,0.0334302335977554,-0.0016584127442911,-0.0042194388806819,-0.0305465571582317,0.0268361661583185,-0.0618401691317558,-0.0330123491585254,0.1570680737495422,-0.0384068228304386,-0.1536189019680023,0.0177514608949422,0.0320122018456459,-0.0072674695402383,0.0234009511768817,0.0863836258649826,0.009448810480535,0.0229110606014728,0.0031595546752214,-0.0118577275425195,0.0047618621028959,-0.0213333126157522,0.0552764497697353,0.0190735515207052,0.0455341078341007,-0.0240641478449106,0.0938697829842567,-0.0328767448663711,0.0874999165534973,-0.0169971510767936,0.0,0.0389048978686332,0.0619469508528709,0.0429958291351795,-0.0152505813166499,0.0412233956158161,-0.0632652938365936,-0.0510855801403522,0.0792951807379722,-0.0121130114421248,0.0412843637168407,-0.0463215447962284,-0.0542299337685108,-0.0071428841911256,-0.0494844913482666,-0.0359712243080139,-0.0280560869723558,-0.061194010078907,-0.0291828978806734,0.0095389420166611,-0.0771993324160575,-0.0015747641446068,-0.0591216050088405,0.0835961699485778,-0.019867530092597,-0.0247452799230814,-0.0098360562697052,0.0298507902771234,-0.0065146517008543,-0.0043478566221892,0.0302013140171766,0.0465793572366237,-0.1222385764122009,-0.0055632768198847,0.0089152958244085,0.0335664004087448,-0.030259370803833,0.0230040699243545,-0.0659488290548324,0.0013227815506979,0.0815138220787048,-0.0356671027839183,0.001457689795643,-0.0027397233061492,-0.0072358488105237,0.0233515929430723,0.0043604262173175,-0.0201341770589351,-0.0765100270509719,0.0045112380757927,-0.0209790337830781,-0.0090225478270655,-0.0410959155670173,0.0075187531811506,-0.0752972461064076,0.0180450956744897,0.0463378115829722,0.0090225496182378,0.2259194322020203,0.1413533935456581,0.1058451902069335,0.0977443818715895,-0.0604026627697019,2019-02-27,2019-02-28,2019-03-01,2019-03-04,2019-03-05,2019-03-06,2019-03-07,2019-03-08,2019-03-11,2019-03-12,17073.0,2019-02-26,252.0,-5.0000%,-0.0005,1.9415,1.8877,1.9434,3.2109%,3.7985%,28.5465%,-0.028789,ESTE,17073.0,2019-02-27,252.0,0.4511%,-0.0004,1.9453,1.8816,1.9441,3.2105%,3.7986%,28.5688%,0.0014089999999999,ESTE,17073.0,2019-02-28,252.0,-1.3473%,-0.0005,1.9472,1.8828,1.9461,3.2105%,3.7964%,28.4835%,-0.003059,ESTE,17073.0,2019-03-01,252.0,1.6692%,-0.0004,1.94,1.8722,1.9324,3.2095%,3.7854%,28.1125%,0.004906,ESTE,17073.0,2019-03-04,252.0,1.6418%,-0.0003,1.9386,1.8526,1.9383,3.2138%,3.7869%,27.9767%,0.026368,ESTE,17073.0,2019-03-05,252.0,-0.5874%,-0.0003,1.9357,1.8349,1.9332,3.2139%,3.7812%,27.7578%,0.007727,ESTE,17073.0,2019-03-06,252.0,-5.4653%,-0.0003,1.9465,1.8638,1.9494,3.2150%,3.7959%,28.2682%,-0.016137,ESTE,17073.0,2019-03-07,252.0,-0.4688%,-0.0001,1.9471,1.9048,1.9618,3.2079%,3.7947%,28.5347%,0.018921,ESTE,17073.0,2019-03-08,252.0,-2.3548%,-0.0001,1.9483,1.9219,1.9629,3.2082%,3.7971%,28.6145%,-0.016972,ESTE,17073.0,2019-03-11,252.0,3.2154%,0.0,1.9522,1.9093,1.9537,3.2067%,3.7995%,28.7715%,0.006323,ESTE,17073.0,2019-03-12,252.0,4.5171%,0.0002,1.9665,1.8851,1.9601,3.2194%,3.8078%,28.5171%,0.04711,ESTE,-0.0273799999999999,-0.0304389999999999,-0.0255329999999999,0.008562,0.047807
17371,EVERQUOTE INC,"UPDATE: Bank Of America Upgrades Everquote As Firm Now Sees 'the evidence of a turnaround—user growth recovered significantly, reaccelerating by 16pts—and we believe that, though the quarter was not a home-run, estimates now seem conservative'",6,increase,0.8,0.7,"the upgrade from bank of america, highlighting significant user growth and conservative estimates, is likely to positively influence investor sentiment and drive the stock price up.",2,2019-02-26,EVER,2019-02-26 16:30:00+00:00,17880.0,30041R10,0.1669421046972275,1721695.0,0.0552407763898372,0.0219594780355691,0.0255033634603023,0.0628366023302078,-0.0340313799679279,0.0164233855903148,0.0406503677368164,-0.0266430005431175,-0.0026041641831398,0.0125899594277143,-0.0261096358299255,0.0018017570255324,0.0053619253449141,-0.0106951771304011,-0.004000028129667,-0.007079639006406,0.0066934661008417,0.0366973020136356,-0.0385638251900672,-0.0521739460527896,0.0304287392646074,0.00877196341753,0.0053691226057708,-0.0017513536149635,-0.0066755292937159,0.0344203002750873,0.0188171863555908,0.0222222004085779,0.0158311203122139,-0.019963726401329,0.0168831329792738,-0.0160713717341423,0.0025542760267853,0.0265811160206794,0.0038216828834265,0.0177238415926694,-0.0177665408700704,-0.04456327855587,-0.0284237470477819,0.0,0.0146276773884892,0.0,-0.0104849180206656,-0.0377358123660087,-0.0145695535466074,0.0017181703587993,0.0524193346500396,-0.0168918762356042,0.0217113755643367,0.0277777500450611,0.056249976158142,-0.0557376518845558,-0.0177514348179101,0.0701754540205001,0.0012048467760905,-0.0172414444386959,-0.0180506091564893,0.0211268253624439,-0.0208333432674408,0.0197485908865928,0.0413016192615032,0.058935347944498,-0.0084134247153997,0.0313523635268211,0.0218182187527418,-0.0377170071005821,0.0023724203929305,0.0860655903816223,0.0059171826578676,0.1065760254859924,0.0117647508159279,-0.0371179208159446,-0.0069767925888299,0.0956938043236732,-0.0046838363632559,-0.0233645737171173,0.0094117559492588,0.0166271198540926,0.0174824725836515,-0.0094117559492588,-0.0022908940445631,-0.0070093944668769,0.018369672819972,-0.0403587073087692,0.0146561572328209,-0.068893514573574,-0.0011111365165561,-0.0041580004617571,-0.030033316463232,-0.0020747361704707,0.0240825731307268,0.0524018034338951,-0.0089585576206445,-0.078470803797245,0.0418078936636447,-0.0386847741901874,0.1268980503082275,-0.1368947774171829,0.0211741384118795,-0.0164204239845275,-0.024505116045475,0.0066115637309849,0.0338163673877716,0.0254237446933984,0.0429906584322452,-0.0620031580328941,-0.0143369045108556,0.046588972210884,0.0,-0.0082507776096463,0.0427272953093051,-0.0178282223641872,-0.0636443346738815,0.0032520294189453,0.0288640987128019,-0.0080644702538847,0.0090497219935059,0.1071428433060646,0.0206278469413518,-0.1358024924993515,0.0552407763898372,0.0219594780355691,0.0821529654482389,0.0861759393544769,0.0453258066976498,0.1040146256254179,0.0849858266870895,0.0881295383309201,0.0240793346793284,0.0521739431357821,0.1317280232232922,0.0861759374998438,0.6118980314614684,-0.0663580091249002,2019-02-27,2019-02-28,2019-03-01,2019-03-04,2019-03-05,2019-03-06,2019-03-07,2019-03-08,2019-03-11,2019-03-12,17880.0,2019-02-26,165.0,16.6942%,-0.004,1.119,0.4442,0.1104,5.4102%,5.5562%,5.1837%,0.174234,EVER,17880.0,2019-02-27,166.0,5.5241%,-0.0036,1.1193,0.4728,0.1121,5.4121%,5.5583%,5.1884%,0.053422,EVER,17880.0,2019-02-28,167.0,2.5503%,-0.0034,1.109,0.4739,0.0958,5.4017%,5.5460%,5.1366%,0.0290589999999999,EVER,17880.0,2019-03-01,168.0,-3.4031%,-0.0037,1.0983,0.4515,0.0997,5.3942%,5.5345%,5.0053%,-0.043097,EVER,17880.0,2019-03-04,169.0,4.0650%,-0.0034,1.0916,0.4224,0.1152,5.3925%,5.5284%,4.8561%,0.047689,EVER,17880.0,2019-03-05,170.0,-0.2604%,-0.0033,1.0907,0.4194,0.1128,5.3766%,5.5121%,4.8530%,0.000747,EVER,17880.0,2019-03-06,171.0,-2.6110%,-0.0034,1.0948,0.4416,0.1207,5.3612%,5.4986%,4.9356%,-0.011798,EVER,17880.0,2019-03-07,172.0,0.5362%,-0.0033,1.0826,0.4384,0.1038,5.3473%,5.4829%,4.8853%,0.014957,EVER,17880.0,2019-03-08,173.0,-0.4000%,-0.0033,1.0823,0.4387,0.1034,5.3317%,5.4669%,4.8849%,-0.001751,EVER,17880.0,2019-03-11,174.0,0.6693%,-0.0033,1.0773,0.4341,0.1026,5.3166%,5.4517%,4.8933%,-0.010564,EVER,17880.0,2019-03-12,175.0,-3.8564%,-0.0035,1.0723,0.4535,0.105,5.3086%,5.4425%,4.8614%,-0.040049,EVER,0.227656,0.2567149999999999,0.2136179999999999,0.2620539999999999,0.2128489999999999
17379,EVERQUOTE INC,EverQuote shares are trading higher after the company reported a year-over-year increase in Q4 EPS and sales; Bank of America also upgraded the company's stock from Neutral to Buy.,6,increase,0.85,0.7,"the combination of a year-over-year increase in eps and sales, along with a stock upgrade from bank of america, is likely to positively influence investor sentiment and drive the stock price higher.",2,2019-02-26,EVER,2019-02-26 16:19:00+00:00,17880.0,30041R10,0.1669421046972275,1721695.0,0.0552407763898372,0.0219594780355691,0.0255033634603023,0.0628366023302078,-0.0340313799679279,0.0164233855903148,0.0406503677368164,-0.0266430005431175,-0.0026041641831398,0.0125899594277143,-0.0261096358299255,0.0018017570255324,0.0053619253449141,-0.0106951771304011,-0.004000028129667,-0.007079639006406,0.0066934661008417,0.0366973020136356,-0.0385638251900672,-0.0521739460527896,0.0304287392646074,0.00877196341753,0.0053691226057708,-0.0017513536149635,-0.0066755292937159,0.0344203002750873,0.0188171863555908,0.0222222004085779,0.0158311203122139,-0.019963726401329,0.0168831329792738,-0.0160713717341423,0.0025542760267853,0.0265811160206794,0.0038216828834265,0.0177238415926694,-0.0177665408700704,-0.04456327855587,-0.0284237470477819,0.0,0.0146276773884892,0.0,-0.0104849180206656,-0.0377358123660087,-0.0145695535466074,0.0017181703587993,0.0524193346500396,-0.0168918762356042,0.0217113755643367,0.0277777500450611,0.056249976158142,-0.0557376518845558,-0.0177514348179101,0.0701754540205001,0.0012048467760905,-0.0172414444386959,-0.0180506091564893,0.0211268253624439,-0.0208333432674408,0.0197485908865928,0.0413016192615032,0.058935347944498,-0.0084134247153997,0.0313523635268211,0.0218182187527418,-0.0377170071005821,0.0023724203929305,0.0860655903816223,0.0059171826578676,0.1065760254859924,0.0117647508159279,-0.0371179208159446,-0.0069767925888299,0.0956938043236732,-0.0046838363632559,-0.0233645737171173,0.0094117559492588,0.0166271198540926,0.0174824725836515,-0.0094117559492588,-0.0022908940445631,-0.0070093944668769,0.018369672819972,-0.0403587073087692,0.0146561572328209,-0.068893514573574,-0.0011111365165561,-0.0041580004617571,-0.030033316463232,-0.0020747361704707,0.0240825731307268,0.0524018034338951,-0.0089585576206445,-0.078470803797245,0.0418078936636447,-0.0386847741901874,0.1268980503082275,-0.1368947774171829,0.0211741384118795,-0.0164204239845275,-0.024505116045475,0.0066115637309849,0.0338163673877716,0.0254237446933984,0.0429906584322452,-0.0620031580328941,-0.0143369045108556,0.046588972210884,0.0,-0.0082507776096463,0.0427272953093051,-0.0178282223641872,-0.0636443346738815,0.0032520294189453,0.0288640987128019,-0.0080644702538847,0.0090497219935059,0.1071428433060646,0.0206278469413518,-0.1358024924993515,0.0552407763898372,0.0219594780355691,0.0821529654482389,0.0861759393544769,0.0453258066976498,0.1040146256254179,0.0849858266870895,0.0881295383309201,0.0240793346793284,0.0521739431357821,0.1317280232232922,0.0861759374998438,0.6118980314614684,-0.0663580091249002,2019-02-27,2019-02-28,2019-03-01,2019-03-04,2019-03-05,2019-03-06,2019-03-07,2019-03-08,2019-03-11,2019-03-12,17880.0,2019-02-26,165.0,16.6942%,-0.004,1.119,0.4442,0.1104,5.4102%,5.5562%,5.1837%,0.174234,EVER,17880.0,2019-02-27,166.0,5.5241%,-0.0036,1.1193,0.4728,0.1121,5.4121%,5.5583%,5.1884%,0.053422,EVER,17880.0,2019-02-28,167.0,2.5503%,-0.0034,1.109,0.4739,0.0958,5.4017%,5.5460%,5.1366%,0.0290589999999999,EVER,17880.0,2019-03-01,168.0,-3.4031%,-0.0037,1.0983,0.4515,0.0997,5.3942%,5.5345%,5.0053%,-0.043097,EVER,17880.0,2019-03-04,169.0,4.0650%,-0.0034,1.0916,0.4224,0.1152,5.3925%,5.5284%,4.8561%,0.047689,EVER,17880.0,2019-03-05,170.0,-0.2604%,-0.0033,1.0907,0.4194,0.1128,5.3766%,5.5121%,4.8530%,0.000747,EVER,17880.0,2019-03-06,171.0,-2.6110%,-0.0034,1.0948,0.4416,0.1207,5.3612%,5.4986%,4.9356%,-0.011798,EVER,17880.0,2019-03-07,172.0,0.5362%,-0.0033,1.0826,0.4384,0.1038,5.3473%,5.4829%,4.8853%,0.014957,EVER,17880.0,2019-03-08,173.0,-0.4000%,-0.0033,1.0823,0.4387,0.1034,5.3317%,5.4669%,4.8849%,-0.001751,EVER,17880.0,2019-03-11,174.0,0.6693%,-0.0033,1.0773,0.4341,0.1026,5.3166%,5.4517%,4.8933%,-0.010564,EVER,17880.0,2019-03-12,175.0,-3.8564%,-0.0035,1.0723,0.4535,0.105,5.3086%,5.4425%,4.8614%,-0.040049,EVER,0.227656,0.2567149999999999,0.2136179999999999,0.2620539999999999,0.2128489999999999
17387,EVERQUOTE INC,Bank of America Upgrades EverQuote to Buy,6,increase,0.8,0.7,upgrades from major financial institutions like bank of america typically signal positive sentiment and can lead to an increase in stock price.,2,2019-02-26,EVER,2019-02-26 11:50:00+00:00,17880.0,30041R10,0.1669421046972275,1721695.0,0.0552407763898372,0.0219594780355691,0.0255033634603023,0.0628366023302078,-0.0340313799679279,0.0164233855903148,0.0406503677368164,-0.0266430005431175,-0.0026041641831398,0.0125899594277143,-0.0261096358299255,0.0018017570255324,0.0053619253449141,-0.0106951771304011,-0.004000028129667,-0.007079639006406,0.0066934661008417,0.0366973020136356,-0.0385638251900672,-0.0521739460527896,0.0304287392646074,0.00877196341753,0.0053691226057708,-0.0017513536149635,-0.0066755292937159,0.0344203002750873,0.0188171863555908,0.0222222004085779,0.0158311203122139,-0.019963726401329,0.0168831329792738,-0.0160713717341423,0.0025542760267853,0.0265811160206794,0.0038216828834265,0.0177238415926694,-0.0177665408700704,-0.04456327855587,-0.0284237470477819,0.0,0.0146276773884892,0.0,-0.0104849180206656,-0.0377358123660087,-0.0145695535466074,0.0017181703587993,0.0524193346500396,-0.0168918762356042,0.0217113755643367,0.0277777500450611,0.056249976158142,-0.0557376518845558,-0.0177514348179101,0.0701754540205001,0.0012048467760905,-0.0172414444386959,-0.0180506091564893,0.0211268253624439,-0.0208333432674408,0.0197485908865928,0.0413016192615032,0.058935347944498,-0.0084134247153997,0.0313523635268211,0.0218182187527418,-0.0377170071005821,0.0023724203929305,0.0860655903816223,0.0059171826578676,0.1065760254859924,0.0117647508159279,-0.0371179208159446,-0.0069767925888299,0.0956938043236732,-0.0046838363632559,-0.0233645737171173,0.0094117559492588,0.0166271198540926,0.0174824725836515,-0.0094117559492588,-0.0022908940445631,-0.0070093944668769,0.018369672819972,-0.0403587073087692,0.0146561572328209,-0.068893514573574,-0.0011111365165561,-0.0041580004617571,-0.030033316463232,-0.0020747361704707,0.0240825731307268,0.0524018034338951,-0.0089585576206445,-0.078470803797245,0.0418078936636447,-0.0386847741901874,0.1268980503082275,-0.1368947774171829,0.0211741384118795,-0.0164204239845275,-0.024505116045475,0.0066115637309849,0.0338163673877716,0.0254237446933984,0.0429906584322452,-0.0620031580328941,-0.0143369045108556,0.046588972210884,0.0,-0.0082507776096463,0.0427272953093051,-0.0178282223641872,-0.0636443346738815,0.0032520294189453,0.0288640987128019,-0.0080644702538847,0.0090497219935059,0.1071428433060646,0.0206278469413518,-0.1358024924993515,0.0552407763898372,0.0219594780355691,0.0821529654482389,0.0861759393544769,0.0453258066976498,0.1040146256254179,0.0849858266870895,0.0881295383309201,0.0240793346793284,0.0521739431357821,0.1317280232232922,0.0861759374998438,0.6118980314614684,-0.0663580091249002,2019-02-27,2019-02-28,2019-03-01,2019-03-04,2019-03-05,2019-03-06,2019-03-07,2019-03-08,2019-03-11,2019-03-12,17880.0,2019-02-26,165.0,16.6942%,-0.004,1.119,0.4442,0.1104,5.4102%,5.5562%,5.1837%,0.174234,EVER,17880.0,2019-02-27,166.0,5.5241%,-0.0036,1.1193,0.4728,0.1121,5.4121%,5.5583%,5.1884%,0.053422,EVER,17880.0,2019-02-28,167.0,2.5503%,-0.0034,1.109,0.4739,0.0958,5.4017%,5.5460%,5.1366%,0.0290589999999999,EVER,17880.0,2019-03-01,168.0,-3.4031%,-0.0037,1.0983,0.4515,0.0997,5.3942%,5.5345%,5.0053%,-0.043097,EVER,17880.0,2019-03-04,169.0,4.0650%,-0.0034,1.0916,0.4224,0.1152,5.3925%,5.5284%,4.8561%,0.047689,EVER,17880.0,2019-03-05,170.0,-0.2604%,-0.0033,1.0907,0.4194,0.1128,5.3766%,5.5121%,4.8530%,0.000747,EVER,17880.0,2019-03-06,171.0,-2.6110%,-0.0034,1.0948,0.4416,0.1207,5.3612%,5.4986%,4.9356%,-0.011798,EVER,17880.0,2019-03-07,172.0,0.5362%,-0.0033,1.0826,0.4384,0.1038,5.3473%,5.4829%,4.8853%,0.014957,EVER,17880.0,2019-03-08,173.0,-0.4000%,-0.0033,1.0823,0.4387,0.1034,5.3317%,5.4669%,4.8849%,-0.001751,EVER,17880.0,2019-03-11,174.0,0.6693%,-0.0033,1.0773,0.4341,0.1026,5.3166%,5.4517%,4.8933%,-0.010564,EVER,17880.0,2019-03-12,175.0,-3.8564%,-0.0035,1.0723,0.4535,0.105,5.3086%,5.4425%,4.8614%,-0.040049,EVER,0.227656,0.2567149999999999,0.2136179999999999,0.2620539999999999,0.2128489999999999
17395,EVOGENE LTD,"Evogene Reports Establishment Of Ag-Biologics Subsidiary, LaVie Bio",6,increase,0.7,0.6,"the establishment of a new subsidiary focused on ag-biologics suggests potential for growth and innovation, which could positively influence investor sentiment and stock price.",2,2019-02-26,EVGN,2019-02-26 12:28:00+00:00,14300.0,M4119S10,0.0067263976670801,282.0,-0.0244988109916448,-0.0088888807222247,-0.0182648226618766,0.0321100614964962,0.0093023162335157,-0.0270028598606586,-0.0023042000830173,-0.0586135014891624,-0.0161662120372057,0.0,0.0046948310919106,-0.0020963840652257,-0.0373832508921623,0.0506607964634895,0.0048543643206357,0.0412843637168407,0.0,-0.0311110820621252,0.0048309136182069,0.025056978687644,-0.0384615026414394,-0.004535143263638,-0.0400000214576721,-0.0495689697563648,0.0103646274656057,0.0545454025268554,5.155760300112888e-05,-0.0090089999139308,-0.0103093292564153,-0.039792388677597,-0.0104166567325592,-0.0011232846882194,0.0210526753216981,0.0107423709705472,-0.0206185970455408,-0.004347822163254,-0.0263157654553651,0.0008267515222541,-0.010810799896717,0.0259374938905239,-0.0109290163964033,-0.0153846526518464,0.0110497791320085,0.0044150068424642,0.0,0.0345772802829742,-0.0163934919983148,0.0326887629926204,-0.0166666507720947,-0.0407240502536296,0.3220338523387909,-0.0242824871093034,-0.0128205008804798,0.0804751142859458,0.0476191081106662,-0.0427854657173156,-0.0702479630708694,-0.0628209635615348,-0.0044888388365507,0.1127620041370392,-0.031206764280796,-0.0748899057507515,0.0506911948323249,0.0133929522708058,0.0087719215080142,0.0615609399974346,0.07391307502985,-0.0621361248195171,-0.0526316240429878,0.0464651174843311,-0.0470085032284259,-0.0227272510528564,0.0179372020065784,0.1111111268401146,-0.0440528206527233,-0.0149253588169813,0.0276497416198253,-0.0147058684378862,0.0044843005016446,0.0,-0.0089285625144839,0.0,-0.0090089999139308,-0.0192307513207197,-0.0227272510528564,-0.0181269682943821,-0.0418605357408523,-0.0146976727992296,-0.0533980093896389,0.0,-0.056410264223814,0.0141031434759497,0.0326086655259132,-0.0143654122948646,-0.0473684407770633,-0.0222727376967668,0.0386740639805793,-0.0265486482530832,0.0106382872909307,-0.0284167136996984,-0.0421052239835262,0.0026293869595974,0.0164835005998611,-0.0127659458667039,-0.0702702701091766,0.0,0.0174418427050113,-0.0208334121853113,0.017142841592431,-0.0287332497537136,-0.0449437797069549,-0.0116000175476074,0.0229411255568265,-0.0272373296320438,-0.0195514895021915,0.0118110124021768,0.0557184927165508,0.0367346592247486,-0.0002221928734797,-0.03921565040946,-0.0244988109916448,-0.0088888807222247,-0.0423161672153322,0.0229357582676459,-0.0334074893510438,-0.0046864326593119,-0.0512248456231624,-0.0630252459208189,-0.0734966458413491,0.0159453700506828,-0.0022716181552573,0.0619048233797741,-0.1983964061809927,-0.1254901705471571,2019-02-27,2019-02-28,2019-03-01,2019-03-04,2019-03-05,2019-03-06,2019-03-07,2019-03-08,2019-03-11,2019-03-12,14300.0,2019-02-26,252.0,0.6726%,-0.0019,0.1935,0.7608,0.1498,3.1870%,3.2155%,1.7600%,0.012374,EVGN,14300.0,2019-02-27,252.0,-2.4499%,-0.002,0.1925,0.7556,0.1496,3.1907%,3.2187%,1.7318%,-0.026039,EVGN,14300.0,2019-02-28,252.0,-1.8265%,-0.0022,0.2245,0.7771,0.1765,3.1739%,3.2049%,1.9223%,-0.0175449999999999,EVGN,14300.0,2019-03-01,252.0,0.9302%,-0.002,0.1918,0.7284,0.122,3.1540%,3.1810%,1.6902%,0.006048,EVGN,14300.0,2019-03-04,252.0,-0.2304%,-0.002,0.19,0.7317,0.1231,3.1540%,3.1810%,1.6891%,0.001041,EVGN,14300.0,2019-03-05,252.0,-1.6166%,-0.0019,0.1988,0.7928,0.1336,3.1488%,3.1794%,1.9191%,-0.0133689999999999,EVGN,14300.0,2019-03-06,252.0,0.4695%,-0.0019,0.1858,0.7603,0.1145,3.1501%,3.1791%,1.8163%,0.016211,EVGN,14300.0,2019-03-07,252.0,-3.7383%,-0.002,0.1982,0.756,0.1298,3.1561%,3.1850%,1.8072%,-0.035039,EVGN,14300.0,2019-03-08,252.0,0.4854%,-0.002,0.197,0.7599,0.1277,3.1564%,3.1853%,1.8088%,0.005043,EVGN,14300.0,2019-03-11,252.0,0.0000%,-0.002,0.1952,0.7659,0.132,3.1560%,3.1852%,1.8233%,-0.005098,EVGN,14300.0,2019-03-12,252.0,0.4831%,-0.0019,0.2122,0.7584,0.1484,3.1541%,3.1836%,1.8437%,0.006503,EVGN,-0.0136649999999999,-0.0312099999999999,-0.0251619999999999,-0.0374899999999999,-0.0498699999999999
17403,ISHARES INC,"Bank Of Japan May Expand Qe If Yen Jumps, Ex-Board Member Kiuchi Says",6,uncertain,0.6,0.3,"the potential for the bank of japan to expand quantitative easing could have mixed effects on ishares inc, depending on how investors interpret the implications for currency stability and market conditions.",1,2019-02-26,EWJ,2019-02-26 20:07:00+00:00,83225.0,46434G82,0.0034551485441625,12408590.0,-0.0052555440925061,0.0056693740189075,-0.0096556525677442,0.0021993939299136,0.0029433378949761,-0.0014640925219282,-0.0031181580852717,0.0010992590105161,0.0009200194035656,0.001651681959629,-0.0058823470026254,0.0128253242000937,-0.0118343783542513,-0.0007429590332321,-0.0016841345932334,0.0024204258807003,0.0108716376125812,0.0176203176379203,0.0024105519987642,0.0009482123423367,0.0038845557719469,-0.0088346088305115,-0.0106873381882906,-0.0139017608016729,0.0115478252992034,-0.0082720723003149,0.0027618801686912,0.0040605613030493,0.0003672504099085,0.002219736110419,0.0005506384186446,-0.0040530106052756,0.0066043040715157,0.0018456713296473,-0.0107526909559965,0.011198179796338,0.0005527375615201,0.0009341127006337,0.0110476603731513,-0.0072329267859458,-0.0034601825755089,0.0108736036345362,0.000548223266378,0.005845773499459,-0.0005479229148477,-0.0028206380084156,0.0126096233725547,-0.0179132260382175,-0.0068579870276153,0.0132859824225306,0.0059967623092234,-0.0020541665144264,-0.0005418854416348,0.0048789326101541,0.0007228826871141,0.0121557340025901,-0.0023477922659367,-0.003595734713599,-0.0054309023544192,-0.0115974359214305,0.0001820556353777,0.0060218232683837,-0.0030937576666474,0.0054872455075383,0.005111401900649,0.0047528520226478,-0.0001816588483052,0.0024775539059191,0.0039963889867067,0.0338916480541229,0.0,-0.0056818360462784,0.001447403919883,0.0069047603756189,-0.0036133143585175,-0.0017723543569445,0.0056209890171885,0.0011829171562567,-0.0122610945254564,0.0133866528049111,0.0021906306501477,0.018933231011033,0.0091074677184224,-0.0108739612624049,0.0039710723794996,-0.0308353193104267,-0.003595842514187,-0.0052416357211768,-0.0034283406566828,-0.0147283943369984,0.0003621303185354,0.0027687831316143,0.0128506617620587,-0.0079304790124297,-0.0101858414709568,-0.011386982165277,-0.0182343088090419,-0.0029778494499623,-0.0060684410855174,0.0120549891144037,-0.0064754574559628,-0.0007528875139541,0.0068901102058589,-0.0076578231528401,-0.0225633662194013,-0.0074156047776341,0.0140019245445728,-0.001480966922827,0.0014927787706255,-0.0369049683213233,0.0040991473942995,0.0135525837540626,-0.0037112778518348,0.0009043088648468,-0.005401324480772,-0.0034246328286826,0.0069288187660276,0.0131483059376478,-0.0081829763948917,-0.0009122979245148,-0.0052555440925061,0.0056693740189075,-0.0148604509524387,0.0078812371356247,-0.0119608523858872,0.0064056057533425,-0.0141355339083535,0.0091759954232559,-0.0202971888083822,0.0428598937206012,-0.0043494328036356,0.0286195794357406,-0.0335266132342625,0.0110653628879242,2019-02-27,2019-02-28,2019-03-01,2019-03-04,2019-03-05,2019-03-06,2019-03-07,2019-03-08,2019-03-11,2019-03-12,83225.0,2019-02-26,252.0,0.3455%,-0.0004,0.7219,0.0246,0.1781,0.5808%,0.9274%,60.7874%,0.005306,EWJ,83225.0,2019-02-27,252.0,-0.5256%,-0.0005,0.7194,0.0275,0.1777,0.5807%,0.9241%,60.5121%,-0.0058379999999999,EWJ,83225.0,2019-02-28,252.0,-0.9656%,-0.0005,0.7184,0.0267,0.1786,0.5816%,0.9222%,60.2275%,-0.0070869999999999,EWJ,83225.0,2019-03-01,252.0,0.2943%,-0.0005,0.7184,0.0266,0.179,0.5816%,0.9209%,60.1103%,-0.001683,EWJ,83225.0,2019-03-04,252.0,-0.3118%,-0.0004,0.7088,0.058,0.1816,0.5671%,0.9032%,60.5752%,-6.4e-05,EWJ,83225.0,2019-03-05,252.0,0.0920%,-0.0004,0.7067,0.0439,0.179,0.5657%,0.9002%,60.5122%,0.002651,EWJ,83225.0,2019-03-06,252.0,-0.5882%,-0.0004,0.7079,0.0408,0.1799,0.5654%,0.9004%,60.5650%,0.000446,EWJ,83225.0,2019-03-07,252.0,-1.1834%,-0.0004,0.7094,0.0381,0.1811,0.5659%,0.9024%,60.6700%,-0.0054969999999999,EWJ,83225.0,2019-03-08,252.0,-0.1684%,-0.0004,0.7088,0.0469,0.1797,0.5637%,0.9010%,60.8582%,7.5e-05,EWJ,83225.0,2019-03-11,252.0,1.0872%,-0.0004,0.7093,0.0519,0.1823,0.5630%,0.9028%,61.1192%,0.000986,EWJ,83225.0,2019-03-12,252.0,0.2411%,-0.0004,0.7176,0.0496,0.1908,0.5597%,0.9028%,61.5714%,0.000838,EWJ,-0.0005319999999999,-0.0076189999999999,-0.009302,-0.0067149999999999,-0.0098669999999999
17411,ISHARES TRUST,"UPDATE: Deutsche Bank Raises Odds Of Brexit Second Referendum From 5% To 10%, Sees Change Of Brexit Ratification By End Of Jun. 2019 At 25%",6,uncertain,0.6,0.3,"the news about a potential second brexit referendum introduces uncertainty, which could lead to volatility in ishares trust's stock price, depending on market reactions to ongoing political developments.",1,2019-02-26,EWU,2019-02-26 16:45:00+00:00,14907.0,46435G33,0.0086206523701548,2347576.0,-0.0012209127889946,0.0006161570781841,-0.0045843985863029,0.0030901876743882,0.0018422282300889,-0.0064476230181753,-0.0024517874699085,0.0055572804994881,0.0055299634113907,0.0052761686965823,0.0012221484212204,0.0132076097652316,-0.0106805702671408,0.0,-0.0040097860619425,0.002206104574725,0.0086713768541812,0.0073015727102756,-0.0018422282300889,-0.0059955990873277,0.013841918669641,-0.0006306701689027,0.0033373972401022,-0.0043956451117992,0.0105835646390914,-0.0037534856237471,0.0053860056214034,0.0088355559855699,0.0020833243615925,0.0028481059707701,-0.0038609225302934,0.0034931919071823,-0.0017889497103169,0.0060703046619892,-0.0155316749587655,0.0132728992030024,-0.0015169671969488,0.0068448199890553,0.0045579313300549,-0.0071197189390659,0.0027223275974392,0.0068425899371504,-0.0063349287956953,-0.0042180130258202,0.002125066705048,0.0071895201690495,0.0133293690159916,-0.011627865023911,0.0056800781749188,0.0091264266520738,0.0059453258290886,0.0082155764102935,-0.0035460677463561,-0.0029488909058272,0.0023724203929305,0.0049390718340873,0.0017751886043697,-0.0065423245541751,-0.005611412692815,0.0003272326139267,0.0032670216169208,0.004272072110325,-0.0011840468505397,0.0096217952668666,0.0059275915846228,0.0060080210678279,-0.0005892887129448,0.0,-0.0014740341575816,0.0277872886508703,0.0017715197755023,-0.0061370716430246,-0.0035366616211831,-0.0006814465741626,0.0011829960858449,-0.0010210613254457,0.0002954840892925,0.013103418983519,-0.0079740239307284,-0.0092244772240519,-0.0035724600311368,0.0248599797487258,0.0014938522363081,-0.009021520614624,0.0020882964599877,-0.0082587674260139,0.0050609754398465,0.0006886553019285,-0.0112558435648679,-0.0037735404912382,-0.0011983497533947,-0.0021023366134613,0.0158967841416597,-0.0092930234968662,-0.0082668671384453,-0.0134250735864043,-0.0196487009525299,-0.0003272773174103,0.0006073628319427,0.0173159688711166,-0.0021244215313345,0.0030060170684009,0.0036496024113148,-0.0118811456486582,-0.0193939208984375,-0.0081833060830831,0.008961709216237,-0.016103059053421,0.0021439415868371,-0.0214308332651853,0.0055012316443026,0.0095449965447187,-0.0066869668662548,-0.0078914137557148,-0.004590009804815,-0.0084507185965776,0.0055333632044494,0.0129993604496121,-0.0079485885798931,-0.0078641083091497,-0.0012209127889946,0.0006161570781841,-0.0057997142244337,0.0037082487935808,-0.0039681703916154,-0.0027632836148731,-0.0009157136701407,0.0080694698152989,-0.007631258532653,0.0249289679246642,0.0277777729718406,0.0628272283009232,-0.0094626874993304,0.0440403094799726,2019-02-27,2019-02-28,2019-03-01,2019-03-04,2019-03-05,2019-03-06,2019-03-07,2019-03-08,2019-03-11,2019-03-12,14907.0,2019-02-26,252.0,0.8621%,-0.0001,0.654,0.0778,0.2773,0.5813%,0.8641%,54.7481%,0.0111,EWU,14907.0,2019-02-27,252.0,-0.1221%,-0.0001,0.6542,0.0771,0.2773,0.5813%,0.8632%,54.6419%,-0.001725,EWU,14907.0,2019-02-28,252.0,-0.4584%,-0.0001,0.6509,0.0748,0.2754,0.5799%,0.8585%,54.3739%,-0.001978,EWU,14907.0,2019-03-01,252.0,0.1842%,-0.0001,0.6467,0.0684,0.2697,0.5786%,0.8535%,54.0455%,-0.0020499999999999,EWU,14907.0,2019-03-04,252.0,-0.2452%,-0.0001,0.6448,0.0743,0.2702,0.5781%,0.8509%,53.8419%,4.3e-05,EWU,14907.0,2019-03-05,252.0,0.5530%,-0.0001,0.644,0.0726,0.2668,0.5799%,0.8514%,53.6129%,0.007415,EWU,14907.0,2019-03-06,252.0,0.1222%,-0.0,0.6412,0.0571,0.2615,0.5817%,0.8504%,53.2107%,0.007349,EWU,14907.0,2019-03-07,252.0,-1.0681%,-0.0001,0.6428,0.0562,0.2635,0.5823%,0.8525%,53.3443%,-0.00461,EWU,14907.0,2019-03-08,252.0,-0.4010%,-0.0001,0.6431,0.056,0.264,0.5825%,0.8529%,53.3575%,-0.002266,EWU,14907.0,2019-03-11,252.0,0.8671%,-0.0001,0.6432,0.0566,0.2643,0.5825%,0.8546%,53.5443%,0.00017,EWU,14907.0,2019-03-12,252.0,-0.1842%,-0.0001,0.6467,0.0573,0.2685,0.5821%,0.8534%,53.4697%,-0.00317,EWU,0.009375,0.007397,0.005347,0.012805,0.0102779999999999
17419,ISHARES TRUST,"Deutsche Bank Cuts Its No-Deal Brexit Probability From 15% To 20%, Raises Chance Of New Election From 15% To 20%",6,uncertain,0.6,0.2,"the changes in brexit probabilities and the potential for a new election introduce uncertainty in the market, which could lead to volatility in ishares trust's stock price.",1,2019-02-26,EWU,2019-02-26 16:44:00+00:00,14907.0,46435G33,0.0086206523701548,2347576.0,-0.0012209127889946,0.0006161570781841,-0.0045843985863029,0.0030901876743882,0.0018422282300889,-0.0064476230181753,-0.0024517874699085,0.0055572804994881,0.0055299634113907,0.0052761686965823,0.0012221484212204,0.0132076097652316,-0.0106805702671408,0.0,-0.0040097860619425,0.002206104574725,0.0086713768541812,0.0073015727102756,-0.0018422282300889,-0.0059955990873277,0.013841918669641,-0.0006306701689027,0.0033373972401022,-0.0043956451117992,0.0105835646390914,-0.0037534856237471,0.0053860056214034,0.0088355559855699,0.0020833243615925,0.0028481059707701,-0.0038609225302934,0.0034931919071823,-0.0017889497103169,0.0060703046619892,-0.0155316749587655,0.0132728992030024,-0.0015169671969488,0.0068448199890553,0.0045579313300549,-0.0071197189390659,0.0027223275974392,0.0068425899371504,-0.0063349287956953,-0.0042180130258202,0.002125066705048,0.0071895201690495,0.0133293690159916,-0.011627865023911,0.0056800781749188,0.0091264266520738,0.0059453258290886,0.0082155764102935,-0.0035460677463561,-0.0029488909058272,0.0023724203929305,0.0049390718340873,0.0017751886043697,-0.0065423245541751,-0.005611412692815,0.0003272326139267,0.0032670216169208,0.004272072110325,-0.0011840468505397,0.0096217952668666,0.0059275915846228,0.0060080210678279,-0.0005892887129448,0.0,-0.0014740341575816,0.0277872886508703,0.0017715197755023,-0.0061370716430246,-0.0035366616211831,-0.0006814465741626,0.0011829960858449,-0.0010210613254457,0.0002954840892925,0.013103418983519,-0.0079740239307284,-0.0092244772240519,-0.0035724600311368,0.0248599797487258,0.0014938522363081,-0.009021520614624,0.0020882964599877,-0.0082587674260139,0.0050609754398465,0.0006886553019285,-0.0112558435648679,-0.0037735404912382,-0.0011983497533947,-0.0021023366134613,0.0158967841416597,-0.0092930234968662,-0.0082668671384453,-0.0134250735864043,-0.0196487009525299,-0.0003272773174103,0.0006073628319427,0.0173159688711166,-0.0021244215313345,0.0030060170684009,0.0036496024113148,-0.0118811456486582,-0.0193939208984375,-0.0081833060830831,0.008961709216237,-0.016103059053421,0.0021439415868371,-0.0214308332651853,0.0055012316443026,0.0095449965447187,-0.0066869668662548,-0.0078914137557148,-0.004590009804815,-0.0084507185965776,0.0055333632044494,0.0129993604496121,-0.0079485885798931,-0.0078641083091497,-0.0012209127889946,0.0006161570781841,-0.0057997142244337,0.0037082487935808,-0.0039681703916154,-0.0027632836148731,-0.0009157136701407,0.0080694698152989,-0.007631258532653,0.0249289679246642,0.0277777729718406,0.0628272283009232,-0.0094626874993304,0.0440403094799726,2019-02-27,2019-02-28,2019-03-01,2019-03-04,2019-03-05,2019-03-06,2019-03-07,2019-03-08,2019-03-11,2019-03-12,14907.0,2019-02-26,252.0,0.8621%,-0.0001,0.654,0.0778,0.2773,0.5813%,0.8641%,54.7481%,0.0111,EWU,14907.0,2019-02-27,252.0,-0.1221%,-0.0001,0.6542,0.0771,0.2773,0.5813%,0.8632%,54.6419%,-0.001725,EWU,14907.0,2019-02-28,252.0,-0.4584%,-0.0001,0.6509,0.0748,0.2754,0.5799%,0.8585%,54.3739%,-0.001978,EWU,14907.0,2019-03-01,252.0,0.1842%,-0.0001,0.6467,0.0684,0.2697,0.5786%,0.8535%,54.0455%,-0.0020499999999999,EWU,14907.0,2019-03-04,252.0,-0.2452%,-0.0001,0.6448,0.0743,0.2702,0.5781%,0.8509%,53.8419%,4.3e-05,EWU,14907.0,2019-03-05,252.0,0.5530%,-0.0001,0.644,0.0726,0.2668,0.5799%,0.8514%,53.6129%,0.007415,EWU,14907.0,2019-03-06,252.0,0.1222%,-0.0,0.6412,0.0571,0.2615,0.5817%,0.8504%,53.2107%,0.007349,EWU,14907.0,2019-03-07,252.0,-1.0681%,-0.0001,0.6428,0.0562,0.2635,0.5823%,0.8525%,53.3443%,-0.00461,EWU,14907.0,2019-03-08,252.0,-0.4010%,-0.0001,0.6431,0.056,0.264,0.5825%,0.8529%,53.3575%,-0.002266,EWU,14907.0,2019-03-11,252.0,0.8671%,-0.0001,0.6432,0.0566,0.2643,0.5825%,0.8546%,53.5443%,0.00017,EWU,14907.0,2019-03-12,252.0,-0.1842%,-0.0001,0.6467,0.0573,0.2685,0.5821%,0.8534%,53.4697%,-0.00317,EWU,0.009375,0.007397,0.005347,0.012805,0.0102779999999999
17427,ISHARES TRUST,"Irish Finance Minister Says Ireland, France Continue To Believe Ratifying Withdrawal Deal Is The Best Way Forward",6,uncertain,0.6,0.2,"the news reflects political discussions that may influence market sentiment, but it does not provide clear indicators of economic impact on ishares trust's stock price.",1,2019-02-26,EWU,2019-02-26 16:34:00+00:00,14907.0,46435G33,0.0086206523701548,2347576.0,-0.0012209127889946,0.0006161570781841,-0.0045843985863029,0.0030901876743882,0.0018422282300889,-0.0064476230181753,-0.0024517874699085,0.0055572804994881,0.0055299634113907,0.0052761686965823,0.0012221484212204,0.0132076097652316,-0.0106805702671408,0.0,-0.0040097860619425,0.002206104574725,0.0086713768541812,0.0073015727102756,-0.0018422282300889,-0.0059955990873277,0.013841918669641,-0.0006306701689027,0.0033373972401022,-0.0043956451117992,0.0105835646390914,-0.0037534856237471,0.0053860056214034,0.0088355559855699,0.0020833243615925,0.0028481059707701,-0.0038609225302934,0.0034931919071823,-0.0017889497103169,0.0060703046619892,-0.0155316749587655,0.0132728992030024,-0.0015169671969488,0.0068448199890553,0.0045579313300549,-0.0071197189390659,0.0027223275974392,0.0068425899371504,-0.0063349287956953,-0.0042180130258202,0.002125066705048,0.0071895201690495,0.0133293690159916,-0.011627865023911,0.0056800781749188,0.0091264266520738,0.0059453258290886,0.0082155764102935,-0.0035460677463561,-0.0029488909058272,0.0023724203929305,0.0049390718340873,0.0017751886043697,-0.0065423245541751,-0.005611412692815,0.0003272326139267,0.0032670216169208,0.004272072110325,-0.0011840468505397,0.0096217952668666,0.0059275915846228,0.0060080210678279,-0.0005892887129448,0.0,-0.0014740341575816,0.0277872886508703,0.0017715197755023,-0.0061370716430246,-0.0035366616211831,-0.0006814465741626,0.0011829960858449,-0.0010210613254457,0.0002954840892925,0.013103418983519,-0.0079740239307284,-0.0092244772240519,-0.0035724600311368,0.0248599797487258,0.0014938522363081,-0.009021520614624,0.0020882964599877,-0.0082587674260139,0.0050609754398465,0.0006886553019285,-0.0112558435648679,-0.0037735404912382,-0.0011983497533947,-0.0021023366134613,0.0158967841416597,-0.0092930234968662,-0.0082668671384453,-0.0134250735864043,-0.0196487009525299,-0.0003272773174103,0.0006073628319427,0.0173159688711166,-0.0021244215313345,0.0030060170684009,0.0036496024113148,-0.0118811456486582,-0.0193939208984375,-0.0081833060830831,0.008961709216237,-0.016103059053421,0.0021439415868371,-0.0214308332651853,0.0055012316443026,0.0095449965447187,-0.0066869668662548,-0.0078914137557148,-0.004590009804815,-0.0084507185965776,0.0055333632044494,0.0129993604496121,-0.0079485885798931,-0.0078641083091497,-0.0012209127889946,0.0006161570781841,-0.0057997142244337,0.0037082487935808,-0.0039681703916154,-0.0027632836148731,-0.0009157136701407,0.0080694698152989,-0.007631258532653,0.0249289679246642,0.0277777729718406,0.0628272283009232,-0.0094626874993304,0.0440403094799726,2019-02-27,2019-02-28,2019-03-01,2019-03-04,2019-03-05,2019-03-06,2019-03-07,2019-03-08,2019-03-11,2019-03-12,14907.0,2019-02-26,252.0,0.8621%,-0.0001,0.654,0.0778,0.2773,0.5813%,0.8641%,54.7481%,0.0111,EWU,14907.0,2019-02-27,252.0,-0.1221%,-0.0001,0.6542,0.0771,0.2773,0.5813%,0.8632%,54.6419%,-0.001725,EWU,14907.0,2019-02-28,252.0,-0.4584%,-0.0001,0.6509,0.0748,0.2754,0.5799%,0.8585%,54.3739%,-0.001978,EWU,14907.0,2019-03-01,252.0,0.1842%,-0.0001,0.6467,0.0684,0.2697,0.5786%,0.8535%,54.0455%,-0.0020499999999999,EWU,14907.0,2019-03-04,252.0,-0.2452%,-0.0001,0.6448,0.0743,0.2702,0.5781%,0.8509%,53.8419%,4.3e-05,EWU,14907.0,2019-03-05,252.0,0.5530%,-0.0001,0.644,0.0726,0.2668,0.5799%,0.8514%,53.6129%,0.007415,EWU,14907.0,2019-03-06,252.0,0.1222%,-0.0,0.6412,0.0571,0.2615,0.5817%,0.8504%,53.2107%,0.007349,EWU,14907.0,2019-03-07,252.0,-1.0681%,-0.0001,0.6428,0.0562,0.2635,0.5823%,0.8525%,53.3443%,-0.00461,EWU,14907.0,2019-03-08,252.0,-0.4010%,-0.0001,0.6431,0.056,0.264,0.5825%,0.8529%,53.3575%,-0.002266,EWU,14907.0,2019-03-11,252.0,0.8671%,-0.0001,0.6432,0.0566,0.2643,0.5825%,0.8546%,53.5443%,0.00017,EWU,14907.0,2019-03-12,252.0,-0.1842%,-0.0001,0.6467,0.0573,0.2685,0.5821%,0.8534%,53.4697%,-0.00317,EWU,0.009375,0.007397,0.005347,0.012805,0.0102779999999999
17435,ISHARES TRUST,"Spokesperson For UK Prime Minister May Says Vote On No-Deal Brexit Will Be By Mar. 13, 2019, Could Be Sooner If There Is An Unsuccessful Meaningful Vote Before Mar. 12",6,uncertain,0.6,0.3,"the news regarding the vote on a no-deal brexit introduces uncertainty in the market, which could lead to volatility in ishares trust's stock price depending on the outcome of the vote.",1,2019-02-26,EWU,2019-02-26 16:09:00+00:00,14907.0,46435G33,0.0086206523701548,2347576.0,-0.0012209127889946,0.0006161570781841,-0.0045843985863029,0.0030901876743882,0.0018422282300889,-0.0064476230181753,-0.0024517874699085,0.0055572804994881,0.0055299634113907,0.0052761686965823,0.0012221484212204,0.0132076097652316,-0.0106805702671408,0.0,-0.0040097860619425,0.002206104574725,0.0086713768541812,0.0073015727102756,-0.0018422282300889,-0.0059955990873277,0.013841918669641,-0.0006306701689027,0.0033373972401022,-0.0043956451117992,0.0105835646390914,-0.0037534856237471,0.0053860056214034,0.0088355559855699,0.0020833243615925,0.0028481059707701,-0.0038609225302934,0.0034931919071823,-0.0017889497103169,0.0060703046619892,-0.0155316749587655,0.0132728992030024,-0.0015169671969488,0.0068448199890553,0.0045579313300549,-0.0071197189390659,0.0027223275974392,0.0068425899371504,-0.0063349287956953,-0.0042180130258202,0.002125066705048,0.0071895201690495,0.0133293690159916,-0.011627865023911,0.0056800781749188,0.0091264266520738,0.0059453258290886,0.0082155764102935,-0.0035460677463561,-0.0029488909058272,0.0023724203929305,0.0049390718340873,0.0017751886043697,-0.0065423245541751,-0.005611412692815,0.0003272326139267,0.0032670216169208,0.004272072110325,-0.0011840468505397,0.0096217952668666,0.0059275915846228,0.0060080210678279,-0.0005892887129448,0.0,-0.0014740341575816,0.0277872886508703,0.0017715197755023,-0.0061370716430246,-0.0035366616211831,-0.0006814465741626,0.0011829960858449,-0.0010210613254457,0.0002954840892925,0.013103418983519,-0.0079740239307284,-0.0092244772240519,-0.0035724600311368,0.0248599797487258,0.0014938522363081,-0.009021520614624,0.0020882964599877,-0.0082587674260139,0.0050609754398465,0.0006886553019285,-0.0112558435648679,-0.0037735404912382,-0.0011983497533947,-0.0021023366134613,0.0158967841416597,-0.0092930234968662,-0.0082668671384453,-0.0134250735864043,-0.0196487009525299,-0.0003272773174103,0.0006073628319427,0.0173159688711166,-0.0021244215313345,0.0030060170684009,0.0036496024113148,-0.0118811456486582,-0.0193939208984375,-0.0081833060830831,0.008961709216237,-0.016103059053421,0.0021439415868371,-0.0214308332651853,0.0055012316443026,0.0095449965447187,-0.0066869668662548,-0.0078914137557148,-0.004590009804815,-0.0084507185965776,0.0055333632044494,0.0129993604496121,-0.0079485885798931,-0.0078641083091497,-0.0012209127889946,0.0006161570781841,-0.0057997142244337,0.0037082487935808,-0.0039681703916154,-0.0027632836148731,-0.0009157136701407,0.0080694698152989,-0.007631258532653,0.0249289679246642,0.0277777729718406,0.0628272283009232,-0.0094626874993304,0.0440403094799726,2019-02-27,2019-02-28,2019-03-01,2019-03-04,2019-03-05,2019-03-06,2019-03-07,2019-03-08,2019-03-11,2019-03-12,14907.0,2019-02-26,252.0,0.8621%,-0.0001,0.654,0.0778,0.2773,0.5813%,0.8641%,54.7481%,0.0111,EWU,14907.0,2019-02-27,252.0,-0.1221%,-0.0001,0.6542,0.0771,0.2773,0.5813%,0.8632%,54.6419%,-0.001725,EWU,14907.0,2019-02-28,252.0,-0.4584%,-0.0001,0.6509,0.0748,0.2754,0.5799%,0.8585%,54.3739%,-0.001978,EWU,14907.0,2019-03-01,252.0,0.1842%,-0.0001,0.6467,0.0684,0.2697,0.5786%,0.8535%,54.0455%,-0.0020499999999999,EWU,14907.0,2019-03-04,252.0,-0.2452%,-0.0001,0.6448,0.0743,0.2702,0.5781%,0.8509%,53.8419%,4.3e-05,EWU,14907.0,2019-03-05,252.0,0.5530%,-0.0001,0.644,0.0726,0.2668,0.5799%,0.8514%,53.6129%,0.007415,EWU,14907.0,2019-03-06,252.0,0.1222%,-0.0,0.6412,0.0571,0.2615,0.5817%,0.8504%,53.2107%,0.007349,EWU,14907.0,2019-03-07,252.0,-1.0681%,-0.0001,0.6428,0.0562,0.2635,0.5823%,0.8525%,53.3443%,-0.00461,EWU,14907.0,2019-03-08,252.0,-0.4010%,-0.0001,0.6431,0.056,0.264,0.5825%,0.8529%,53.3575%,-0.002266,EWU,14907.0,2019-03-11,252.0,0.8671%,-0.0001,0.6432,0.0566,0.2643,0.5825%,0.8546%,53.5443%,0.00017,EWU,14907.0,2019-03-12,252.0,-0.1842%,-0.0001,0.6467,0.0573,0.2685,0.5821%,0.8534%,53.4697%,-0.00317,EWU,0.009375,0.007397,0.005347,0.012805,0.0102779999999999
17443,ISHARES TRUST,UK Prime Minister May Says Revoking Article 50 Cannot Be Done For Limited Period Of Time,6,uncertain,0.6,0.3,"the statement regarding article 50 suggests ongoing political uncertainty in the uk, which could lead to volatility in markets, including ishares trust, but the exact impact on stock prices is unclear.",1,2019-02-26,EWU,2019-02-26 14:33:00+00:00,14907.0,46435G33,0.0086206523701548,2347576.0,-0.0012209127889946,0.0006161570781841,-0.0045843985863029,0.0030901876743882,0.0018422282300889,-0.0064476230181753,-0.0024517874699085,0.0055572804994881,0.0055299634113907,0.0052761686965823,0.0012221484212204,0.0132076097652316,-0.0106805702671408,0.0,-0.0040097860619425,0.002206104574725,0.0086713768541812,0.0073015727102756,-0.0018422282300889,-0.0059955990873277,0.013841918669641,-0.0006306701689027,0.0033373972401022,-0.0043956451117992,0.0105835646390914,-0.0037534856237471,0.0053860056214034,0.0088355559855699,0.0020833243615925,0.0028481059707701,-0.0038609225302934,0.0034931919071823,-0.0017889497103169,0.0060703046619892,-0.0155316749587655,0.0132728992030024,-0.0015169671969488,0.0068448199890553,0.0045579313300549,-0.0071197189390659,0.0027223275974392,0.0068425899371504,-0.0063349287956953,-0.0042180130258202,0.002125066705048,0.0071895201690495,0.0133293690159916,-0.011627865023911,0.0056800781749188,0.0091264266520738,0.0059453258290886,0.0082155764102935,-0.0035460677463561,-0.0029488909058272,0.0023724203929305,0.0049390718340873,0.0017751886043697,-0.0065423245541751,-0.005611412692815,0.0003272326139267,0.0032670216169208,0.004272072110325,-0.0011840468505397,0.0096217952668666,0.0059275915846228,0.0060080210678279,-0.0005892887129448,0.0,-0.0014740341575816,0.0277872886508703,0.0017715197755023,-0.0061370716430246,-0.0035366616211831,-0.0006814465741626,0.0011829960858449,-0.0010210613254457,0.0002954840892925,0.013103418983519,-0.0079740239307284,-0.0092244772240519,-0.0035724600311368,0.0248599797487258,0.0014938522363081,-0.009021520614624,0.0020882964599877,-0.0082587674260139,0.0050609754398465,0.0006886553019285,-0.0112558435648679,-0.0037735404912382,-0.0011983497533947,-0.0021023366134613,0.0158967841416597,-0.0092930234968662,-0.0082668671384453,-0.0134250735864043,-0.0196487009525299,-0.0003272773174103,0.0006073628319427,0.0173159688711166,-0.0021244215313345,0.0030060170684009,0.0036496024113148,-0.0118811456486582,-0.0193939208984375,-0.0081833060830831,0.008961709216237,-0.016103059053421,0.0021439415868371,-0.0214308332651853,0.0055012316443026,0.0095449965447187,-0.0066869668662548,-0.0078914137557148,-0.004590009804815,-0.0084507185965776,0.0055333632044494,0.0129993604496121,-0.0079485885798931,-0.0078641083091497,-0.0012209127889946,0.0006161570781841,-0.0057997142244337,0.0037082487935808,-0.0039681703916154,-0.0027632836148731,-0.0009157136701407,0.0080694698152989,-0.007631258532653,0.0249289679246642,0.0277777729718406,0.0628272283009232,-0.0094626874993304,0.0440403094799726,2019-02-27,2019-02-28,2019-03-01,2019-03-04,2019-03-05,2019-03-06,2019-03-07,2019-03-08,2019-03-11,2019-03-12,14907.0,2019-02-26,252.0,0.8621%,-0.0001,0.654,0.0778,0.2773,0.5813%,0.8641%,54.7481%,0.0111,EWU,14907.0,2019-02-27,252.0,-0.1221%,-0.0001,0.6542,0.0771,0.2773,0.5813%,0.8632%,54.6419%,-0.001725,EWU,14907.0,2019-02-28,252.0,-0.4584%,-0.0001,0.6509,0.0748,0.2754,0.5799%,0.8585%,54.3739%,-0.001978,EWU,14907.0,2019-03-01,252.0,0.1842%,-0.0001,0.6467,0.0684,0.2697,0.5786%,0.8535%,54.0455%,-0.0020499999999999,EWU,14907.0,2019-03-04,252.0,-0.2452%,-0.0001,0.6448,0.0743,0.2702,0.5781%,0.8509%,53.8419%,4.3e-05,EWU,14907.0,2019-03-05,252.0,0.5530%,-0.0001,0.644,0.0726,0.2668,0.5799%,0.8514%,53.6129%,0.007415,EWU,14907.0,2019-03-06,252.0,0.1222%,-0.0,0.6412,0.0571,0.2615,0.5817%,0.8504%,53.2107%,0.007349,EWU,14907.0,2019-03-07,252.0,-1.0681%,-0.0001,0.6428,0.0562,0.2635,0.5823%,0.8525%,53.3443%,-0.00461,EWU,14907.0,2019-03-08,252.0,-0.4010%,-0.0001,0.6431,0.056,0.264,0.5825%,0.8529%,53.3575%,-0.002266,EWU,14907.0,2019-03-11,252.0,0.8671%,-0.0001,0.6432,0.0566,0.2643,0.5825%,0.8546%,53.5443%,0.00017,EWU,14907.0,2019-03-12,252.0,-0.1842%,-0.0001,0.6467,0.0573,0.2685,0.5821%,0.8534%,53.4697%,-0.00317,EWU,0.009375,0.007397,0.005347,0.012805,0.0102779999999999
17451,ISHARES TRUST,"Spokesperson For UK Prime Minister Theresa May Says May Remains Determined To Leave EU On Mar. 29, 2019",6,uncertain,0.6,0.2,"the determination to leave the eu may create volatility in the market, leading to uncertainty about the impact on ishares trust's stock price.",1,2019-02-26,EWU,2019-02-26 14:08:00+00:00,14907.0,46435G33,0.0086206523701548,2347576.0,-0.0012209127889946,0.0006161570781841,-0.0045843985863029,0.0030901876743882,0.0018422282300889,-0.0064476230181753,-0.0024517874699085,0.0055572804994881,0.0055299634113907,0.0052761686965823,0.0012221484212204,0.0132076097652316,-0.0106805702671408,0.0,-0.0040097860619425,0.002206104574725,0.0086713768541812,0.0073015727102756,-0.0018422282300889,-0.0059955990873277,0.013841918669641,-0.0006306701689027,0.0033373972401022,-0.0043956451117992,0.0105835646390914,-0.0037534856237471,0.0053860056214034,0.0088355559855699,0.0020833243615925,0.0028481059707701,-0.0038609225302934,0.0034931919071823,-0.0017889497103169,0.0060703046619892,-0.0155316749587655,0.0132728992030024,-0.0015169671969488,0.0068448199890553,0.0045579313300549,-0.0071197189390659,0.0027223275974392,0.0068425899371504,-0.0063349287956953,-0.0042180130258202,0.002125066705048,0.0071895201690495,0.0133293690159916,-0.011627865023911,0.0056800781749188,0.0091264266520738,0.0059453258290886,0.0082155764102935,-0.0035460677463561,-0.0029488909058272,0.0023724203929305,0.0049390718340873,0.0017751886043697,-0.0065423245541751,-0.005611412692815,0.0003272326139267,0.0032670216169208,0.004272072110325,-0.0011840468505397,0.0096217952668666,0.0059275915846228,0.0060080210678279,-0.0005892887129448,0.0,-0.0014740341575816,0.0277872886508703,0.0017715197755023,-0.0061370716430246,-0.0035366616211831,-0.0006814465741626,0.0011829960858449,-0.0010210613254457,0.0002954840892925,0.013103418983519,-0.0079740239307284,-0.0092244772240519,-0.0035724600311368,0.0248599797487258,0.0014938522363081,-0.009021520614624,0.0020882964599877,-0.0082587674260139,0.0050609754398465,0.0006886553019285,-0.0112558435648679,-0.0037735404912382,-0.0011983497533947,-0.0021023366134613,0.0158967841416597,-0.0092930234968662,-0.0082668671384453,-0.0134250735864043,-0.0196487009525299,-0.0003272773174103,0.0006073628319427,0.0173159688711166,-0.0021244215313345,0.0030060170684009,0.0036496024113148,-0.0118811456486582,-0.0193939208984375,-0.0081833060830831,0.008961709216237,-0.016103059053421,0.0021439415868371,-0.0214308332651853,0.0055012316443026,0.0095449965447187,-0.0066869668662548,-0.0078914137557148,-0.004590009804815,-0.0084507185965776,0.0055333632044494,0.0129993604496121,-0.0079485885798931,-0.0078641083091497,-0.0012209127889946,0.0006161570781841,-0.0057997142244337,0.0037082487935808,-0.0039681703916154,-0.0027632836148731,-0.0009157136701407,0.0080694698152989,-0.007631258532653,0.0249289679246642,0.0277777729718406,0.0628272283009232,-0.0094626874993304,0.0440403094799726,2019-02-27,2019-02-28,2019-03-01,2019-03-04,2019-03-05,2019-03-06,2019-03-07,2019-03-08,2019-03-11,2019-03-12,14907.0,2019-02-26,252.0,0.8621%,-0.0001,0.654,0.0778,0.2773,0.5813%,0.8641%,54.7481%,0.0111,EWU,14907.0,2019-02-27,252.0,-0.1221%,-0.0001,0.6542,0.0771,0.2773,0.5813%,0.8632%,54.6419%,-0.001725,EWU,14907.0,2019-02-28,252.0,-0.4584%,-0.0001,0.6509,0.0748,0.2754,0.5799%,0.8585%,54.3739%,-0.001978,EWU,14907.0,2019-03-01,252.0,0.1842%,-0.0001,0.6467,0.0684,0.2697,0.5786%,0.8535%,54.0455%,-0.0020499999999999,EWU,14907.0,2019-03-04,252.0,-0.2452%,-0.0001,0.6448,0.0743,0.2702,0.5781%,0.8509%,53.8419%,4.3e-05,EWU,14907.0,2019-03-05,252.0,0.5530%,-0.0001,0.644,0.0726,0.2668,0.5799%,0.8514%,53.6129%,0.007415,EWU,14907.0,2019-03-06,252.0,0.1222%,-0.0,0.6412,0.0571,0.2615,0.5817%,0.8504%,53.2107%,0.007349,EWU,14907.0,2019-03-07,252.0,-1.0681%,-0.0001,0.6428,0.0562,0.2635,0.5823%,0.8525%,53.3443%,-0.00461,EWU,14907.0,2019-03-08,252.0,-0.4010%,-0.0001,0.6431,0.056,0.264,0.5825%,0.8529%,53.3575%,-0.002266,EWU,14907.0,2019-03-11,252.0,0.8671%,-0.0001,0.6432,0.0566,0.2643,0.5825%,0.8546%,53.5443%,0.00017,EWU,14907.0,2019-03-12,252.0,-0.1842%,-0.0001,0.6467,0.0573,0.2685,0.5821%,0.8534%,53.4697%,-0.00317,EWU,0.009375,0.007397,0.005347,0.012805,0.0102779999999999
17459,ISHARES TRUST,UK Prime Minister May Says She Has Not Be Discussing Brexit Delay With EU Members,6,uncertain,0.6,0.2,"the lack of discussion about a brexit delay may create uncertainty in the market, leading to mixed reactions among investors regarding ishares trust's stock price.",1,2019-02-26,EWU,2019-02-26 13:52:00+00:00,14907.0,46435G33,0.0086206523701548,2347576.0,-0.0012209127889946,0.0006161570781841,-0.0045843985863029,0.0030901876743882,0.0018422282300889,-0.0064476230181753,-0.0024517874699085,0.0055572804994881,0.0055299634113907,0.0052761686965823,0.0012221484212204,0.0132076097652316,-0.0106805702671408,0.0,-0.0040097860619425,0.002206104574725,0.0086713768541812,0.0073015727102756,-0.0018422282300889,-0.0059955990873277,0.013841918669641,-0.0006306701689027,0.0033373972401022,-0.0043956451117992,0.0105835646390914,-0.0037534856237471,0.0053860056214034,0.0088355559855699,0.0020833243615925,0.0028481059707701,-0.0038609225302934,0.0034931919071823,-0.0017889497103169,0.0060703046619892,-0.0155316749587655,0.0132728992030024,-0.0015169671969488,0.0068448199890553,0.0045579313300549,-0.0071197189390659,0.0027223275974392,0.0068425899371504,-0.0063349287956953,-0.0042180130258202,0.002125066705048,0.0071895201690495,0.0133293690159916,-0.011627865023911,0.0056800781749188,0.0091264266520738,0.0059453258290886,0.0082155764102935,-0.0035460677463561,-0.0029488909058272,0.0023724203929305,0.0049390718340873,0.0017751886043697,-0.0065423245541751,-0.005611412692815,0.0003272326139267,0.0032670216169208,0.004272072110325,-0.0011840468505397,0.0096217952668666,0.0059275915846228,0.0060080210678279,-0.0005892887129448,0.0,-0.0014740341575816,0.0277872886508703,0.0017715197755023,-0.0061370716430246,-0.0035366616211831,-0.0006814465741626,0.0011829960858449,-0.0010210613254457,0.0002954840892925,0.013103418983519,-0.0079740239307284,-0.0092244772240519,-0.0035724600311368,0.0248599797487258,0.0014938522363081,-0.009021520614624,0.0020882964599877,-0.0082587674260139,0.0050609754398465,0.0006886553019285,-0.0112558435648679,-0.0037735404912382,-0.0011983497533947,-0.0021023366134613,0.0158967841416597,-0.0092930234968662,-0.0082668671384453,-0.0134250735864043,-0.0196487009525299,-0.0003272773174103,0.0006073628319427,0.0173159688711166,-0.0021244215313345,0.0030060170684009,0.0036496024113148,-0.0118811456486582,-0.0193939208984375,-0.0081833060830831,0.008961709216237,-0.016103059053421,0.0021439415868371,-0.0214308332651853,0.0055012316443026,0.0095449965447187,-0.0066869668662548,-0.0078914137557148,-0.004590009804815,-0.0084507185965776,0.0055333632044494,0.0129993604496121,-0.0079485885798931,-0.0078641083091497,-0.0012209127889946,0.0006161570781841,-0.0057997142244337,0.0037082487935808,-0.0039681703916154,-0.0027632836148731,-0.0009157136701407,0.0080694698152989,-0.007631258532653,0.0249289679246642,0.0277777729718406,0.0628272283009232,-0.0094626874993304,0.0440403094799726,2019-02-27,2019-02-28,2019-03-01,2019-03-04,2019-03-05,2019-03-06,2019-03-07,2019-03-08,2019-03-11,2019-03-12,14907.0,2019-02-26,252.0,0.8621%,-0.0001,0.654,0.0778,0.2773,0.5813%,0.8641%,54.7481%,0.0111,EWU,14907.0,2019-02-27,252.0,-0.1221%,-0.0001,0.6542,0.0771,0.2773,0.5813%,0.8632%,54.6419%,-0.001725,EWU,14907.0,2019-02-28,252.0,-0.4584%,-0.0001,0.6509,0.0748,0.2754,0.5799%,0.8585%,54.3739%,-0.001978,EWU,14907.0,2019-03-01,252.0,0.1842%,-0.0001,0.6467,0.0684,0.2697,0.5786%,0.8535%,54.0455%,-0.0020499999999999,EWU,14907.0,2019-03-04,252.0,-0.2452%,-0.0001,0.6448,0.0743,0.2702,0.5781%,0.8509%,53.8419%,4.3e-05,EWU,14907.0,2019-03-05,252.0,0.5530%,-0.0001,0.644,0.0726,0.2668,0.5799%,0.8514%,53.6129%,0.007415,EWU,14907.0,2019-03-06,252.0,0.1222%,-0.0,0.6412,0.0571,0.2615,0.5817%,0.8504%,53.2107%,0.007349,EWU,14907.0,2019-03-07,252.0,-1.0681%,-0.0001,0.6428,0.0562,0.2635,0.5823%,0.8525%,53.3443%,-0.00461,EWU,14907.0,2019-03-08,252.0,-0.4010%,-0.0001,0.6431,0.056,0.264,0.5825%,0.8529%,53.3575%,-0.002266,EWU,14907.0,2019-03-11,252.0,0.8671%,-0.0001,0.6432,0.0566,0.2643,0.5825%,0.8546%,53.5443%,0.00017,EWU,14907.0,2019-03-12,252.0,-0.1842%,-0.0001,0.6467,0.0573,0.2685,0.5821%,0.8534%,53.4697%,-0.00317,EWU,0.009375,0.007397,0.005347,0.012805,0.0102779999999999
17467,ISHARES TRUST,"UK Prime Minister May Says If Parliament Rejects Brexit Deal, No Deal, Will Hold Mar. 14 Vote Seeking Limited Article 50 Extension",6,uncertain,0.6,0.5,"the news indicates potential volatility surrounding brexit negotiations, which could lead to mixed investor sentiment affecting ishares trust's stock price.",1,2019-02-26,EWU,2019-02-26 12:54:00+00:00,14907.0,46435G33,0.0086206523701548,2347576.0,-0.0012209127889946,0.0006161570781841,-0.0045843985863029,0.0030901876743882,0.0018422282300889,-0.0064476230181753,-0.0024517874699085,0.0055572804994881,0.0055299634113907,0.0052761686965823,0.0012221484212204,0.0132076097652316,-0.0106805702671408,0.0,-0.0040097860619425,0.002206104574725,0.0086713768541812,0.0073015727102756,-0.0018422282300889,-0.0059955990873277,0.013841918669641,-0.0006306701689027,0.0033373972401022,-0.0043956451117992,0.0105835646390914,-0.0037534856237471,0.0053860056214034,0.0088355559855699,0.0020833243615925,0.0028481059707701,-0.0038609225302934,0.0034931919071823,-0.0017889497103169,0.0060703046619892,-0.0155316749587655,0.0132728992030024,-0.0015169671969488,0.0068448199890553,0.0045579313300549,-0.0071197189390659,0.0027223275974392,0.0068425899371504,-0.0063349287956953,-0.0042180130258202,0.002125066705048,0.0071895201690495,0.0133293690159916,-0.011627865023911,0.0056800781749188,0.0091264266520738,0.0059453258290886,0.0082155764102935,-0.0035460677463561,-0.0029488909058272,0.0023724203929305,0.0049390718340873,0.0017751886043697,-0.0065423245541751,-0.005611412692815,0.0003272326139267,0.0032670216169208,0.004272072110325,-0.0011840468505397,0.0096217952668666,0.0059275915846228,0.0060080210678279,-0.0005892887129448,0.0,-0.0014740341575816,0.0277872886508703,0.0017715197755023,-0.0061370716430246,-0.0035366616211831,-0.0006814465741626,0.0011829960858449,-0.0010210613254457,0.0002954840892925,0.013103418983519,-0.0079740239307284,-0.0092244772240519,-0.0035724600311368,0.0248599797487258,0.0014938522363081,-0.009021520614624,0.0020882964599877,-0.0082587674260139,0.0050609754398465,0.0006886553019285,-0.0112558435648679,-0.0037735404912382,-0.0011983497533947,-0.0021023366134613,0.0158967841416597,-0.0092930234968662,-0.0082668671384453,-0.0134250735864043,-0.0196487009525299,-0.0003272773174103,0.0006073628319427,0.0173159688711166,-0.0021244215313345,0.0030060170684009,0.0036496024113148,-0.0118811456486582,-0.0193939208984375,-0.0081833060830831,0.008961709216237,-0.016103059053421,0.0021439415868371,-0.0214308332651853,0.0055012316443026,0.0095449965447187,-0.0066869668662548,-0.0078914137557148,-0.004590009804815,-0.0084507185965776,0.0055333632044494,0.0129993604496121,-0.0079485885798931,-0.0078641083091497,-0.0012209127889946,0.0006161570781841,-0.0057997142244337,0.0037082487935808,-0.0039681703916154,-0.0027632836148731,-0.0009157136701407,0.0080694698152989,-0.007631258532653,0.0249289679246642,0.0277777729718406,0.0628272283009232,-0.0094626874993304,0.0440403094799726,2019-02-27,2019-02-28,2019-03-01,2019-03-04,2019-03-05,2019-03-06,2019-03-07,2019-03-08,2019-03-11,2019-03-12,14907.0,2019-02-26,252.0,0.8621%,-0.0001,0.654,0.0778,0.2773,0.5813%,0.8641%,54.7481%,0.0111,EWU,14907.0,2019-02-27,252.0,-0.1221%,-0.0001,0.6542,0.0771,0.2773,0.5813%,0.8632%,54.6419%,-0.001725,EWU,14907.0,2019-02-28,252.0,-0.4584%,-0.0001,0.6509,0.0748,0.2754,0.5799%,0.8585%,54.3739%,-0.001978,EWU,14907.0,2019-03-01,252.0,0.1842%,-0.0001,0.6467,0.0684,0.2697,0.5786%,0.8535%,54.0455%,-0.0020499999999999,EWU,14907.0,2019-03-04,252.0,-0.2452%,-0.0001,0.6448,0.0743,0.2702,0.5781%,0.8509%,53.8419%,4.3e-05,EWU,14907.0,2019-03-05,252.0,0.5530%,-0.0001,0.644,0.0726,0.2668,0.5799%,0.8514%,53.6129%,0.007415,EWU,14907.0,2019-03-06,252.0,0.1222%,-0.0,0.6412,0.0571,0.2615,0.5817%,0.8504%,53.2107%,0.007349,EWU,14907.0,2019-03-07,252.0,-1.0681%,-0.0001,0.6428,0.0562,0.2635,0.5823%,0.8525%,53.3443%,-0.00461,EWU,14907.0,2019-03-08,252.0,-0.4010%,-0.0001,0.6431,0.056,0.264,0.5825%,0.8529%,53.3575%,-0.002266,EWU,14907.0,2019-03-11,252.0,0.8671%,-0.0001,0.6432,0.0566,0.2643,0.5825%,0.8546%,53.5443%,0.00017,EWU,14907.0,2019-03-12,252.0,-0.1842%,-0.0001,0.6467,0.0573,0.2685,0.5821%,0.8534%,53.4697%,-0.00317,EWU,0.009375,0.007397,0.005347,0.012805,0.0102779999999999
17475,ISHARES TRUST,UK Prime Minister May Says Will Hold Second Meaningful Vote By Mar. 12,6,uncertain,0.6,0.3,"the announcement of a second meaningful vote could lead to increased volatility in the market, as it may either alleviate or exacerbate uncertainties surrounding brexit, impacting investor sentiment towards ishares trust.",1,2019-02-26,EWU,2019-02-26 12:53:00+00:00,14907.0,46435G33,0.0086206523701548,2347576.0,-0.0012209127889946,0.0006161570781841,-0.0045843985863029,0.0030901876743882,0.0018422282300889,-0.0064476230181753,-0.0024517874699085,0.0055572804994881,0.0055299634113907,0.0052761686965823,0.0012221484212204,0.0132076097652316,-0.0106805702671408,0.0,-0.0040097860619425,0.002206104574725,0.0086713768541812,0.0073015727102756,-0.0018422282300889,-0.0059955990873277,0.013841918669641,-0.0006306701689027,0.0033373972401022,-0.0043956451117992,0.0105835646390914,-0.0037534856237471,0.0053860056214034,0.0088355559855699,0.0020833243615925,0.0028481059707701,-0.0038609225302934,0.0034931919071823,-0.0017889497103169,0.0060703046619892,-0.0155316749587655,0.0132728992030024,-0.0015169671969488,0.0068448199890553,0.0045579313300549,-0.0071197189390659,0.0027223275974392,0.0068425899371504,-0.0063349287956953,-0.0042180130258202,0.002125066705048,0.0071895201690495,0.0133293690159916,-0.011627865023911,0.0056800781749188,0.0091264266520738,0.0059453258290886,0.0082155764102935,-0.0035460677463561,-0.0029488909058272,0.0023724203929305,0.0049390718340873,0.0017751886043697,-0.0065423245541751,-0.005611412692815,0.0003272326139267,0.0032670216169208,0.004272072110325,-0.0011840468505397,0.0096217952668666,0.0059275915846228,0.0060080210678279,-0.0005892887129448,0.0,-0.0014740341575816,0.0277872886508703,0.0017715197755023,-0.0061370716430246,-0.0035366616211831,-0.0006814465741626,0.0011829960858449,-0.0010210613254457,0.0002954840892925,0.013103418983519,-0.0079740239307284,-0.0092244772240519,-0.0035724600311368,0.0248599797487258,0.0014938522363081,-0.009021520614624,0.0020882964599877,-0.0082587674260139,0.0050609754398465,0.0006886553019285,-0.0112558435648679,-0.0037735404912382,-0.0011983497533947,-0.0021023366134613,0.0158967841416597,-0.0092930234968662,-0.0082668671384453,-0.0134250735864043,-0.0196487009525299,-0.0003272773174103,0.0006073628319427,0.0173159688711166,-0.0021244215313345,0.0030060170684009,0.0036496024113148,-0.0118811456486582,-0.0193939208984375,-0.0081833060830831,0.008961709216237,-0.016103059053421,0.0021439415868371,-0.0214308332651853,0.0055012316443026,0.0095449965447187,-0.0066869668662548,-0.0078914137557148,-0.004590009804815,-0.0084507185965776,0.0055333632044494,0.0129993604496121,-0.0079485885798931,-0.0078641083091497,-0.0012209127889946,0.0006161570781841,-0.0057997142244337,0.0037082487935808,-0.0039681703916154,-0.0027632836148731,-0.0009157136701407,0.0080694698152989,-0.007631258532653,0.0249289679246642,0.0277777729718406,0.0628272283009232,-0.0094626874993304,0.0440403094799726,2019-02-27,2019-02-28,2019-03-01,2019-03-04,2019-03-05,2019-03-06,2019-03-07,2019-03-08,2019-03-11,2019-03-12,14907.0,2019-02-26,252.0,0.8621%,-0.0001,0.654,0.0778,0.2773,0.5813%,0.8641%,54.7481%,0.0111,EWU,14907.0,2019-02-27,252.0,-0.1221%,-0.0001,0.6542,0.0771,0.2773,0.5813%,0.8632%,54.6419%,-0.001725,EWU,14907.0,2019-02-28,252.0,-0.4584%,-0.0001,0.6509,0.0748,0.2754,0.5799%,0.8585%,54.3739%,-0.001978,EWU,14907.0,2019-03-01,252.0,0.1842%,-0.0001,0.6467,0.0684,0.2697,0.5786%,0.8535%,54.0455%,-0.0020499999999999,EWU,14907.0,2019-03-04,252.0,-0.2452%,-0.0001,0.6448,0.0743,0.2702,0.5781%,0.8509%,53.8419%,4.3e-05,EWU,14907.0,2019-03-05,252.0,0.5530%,-0.0001,0.644,0.0726,0.2668,0.5799%,0.8514%,53.6129%,0.007415,EWU,14907.0,2019-03-06,252.0,0.1222%,-0.0,0.6412,0.0571,0.2615,0.5817%,0.8504%,53.2107%,0.007349,EWU,14907.0,2019-03-07,252.0,-1.0681%,-0.0001,0.6428,0.0562,0.2635,0.5823%,0.8525%,53.3443%,-0.00461,EWU,14907.0,2019-03-08,252.0,-0.4010%,-0.0001,0.6431,0.056,0.264,0.5825%,0.8529%,53.3575%,-0.002266,EWU,14907.0,2019-03-11,252.0,0.8671%,-0.0001,0.6432,0.0566,0.2643,0.5825%,0.8546%,53.5443%,0.00017,EWU,14907.0,2019-03-12,252.0,-0.1842%,-0.0001,0.6467,0.0573,0.2685,0.5821%,0.8534%,53.4697%,-0.00317,EWU,0.009375,0.007397,0.005347,0.012805,0.0102779999999999
17483,ISHARES TRUST,UK Prime Minister May Will Seek Extension To Art 50 If Parliament Rejects A No-Deal Brexit,6,uncertain,0.6,0.3,"the news indicates potential political instability and uncertainty regarding brexit, which could lead to mixed reactions in the market affecting ishares trust's stock price.",1,2019-02-26,EWU,2019-02-26 12:52:00+00:00,14907.0,46435G33,0.0086206523701548,2347576.0,-0.0012209127889946,0.0006161570781841,-0.0045843985863029,0.0030901876743882,0.0018422282300889,-0.0064476230181753,-0.0024517874699085,0.0055572804994881,0.0055299634113907,0.0052761686965823,0.0012221484212204,0.0132076097652316,-0.0106805702671408,0.0,-0.0040097860619425,0.002206104574725,0.0086713768541812,0.0073015727102756,-0.0018422282300889,-0.0059955990873277,0.013841918669641,-0.0006306701689027,0.0033373972401022,-0.0043956451117992,0.0105835646390914,-0.0037534856237471,0.0053860056214034,0.0088355559855699,0.0020833243615925,0.0028481059707701,-0.0038609225302934,0.0034931919071823,-0.0017889497103169,0.0060703046619892,-0.0155316749587655,0.0132728992030024,-0.0015169671969488,0.0068448199890553,0.0045579313300549,-0.0071197189390659,0.0027223275974392,0.0068425899371504,-0.0063349287956953,-0.0042180130258202,0.002125066705048,0.0071895201690495,0.0133293690159916,-0.011627865023911,0.0056800781749188,0.0091264266520738,0.0059453258290886,0.0082155764102935,-0.0035460677463561,-0.0029488909058272,0.0023724203929305,0.0049390718340873,0.0017751886043697,-0.0065423245541751,-0.005611412692815,0.0003272326139267,0.0032670216169208,0.004272072110325,-0.0011840468505397,0.0096217952668666,0.0059275915846228,0.0060080210678279,-0.0005892887129448,0.0,-0.0014740341575816,0.0277872886508703,0.0017715197755023,-0.0061370716430246,-0.0035366616211831,-0.0006814465741626,0.0011829960858449,-0.0010210613254457,0.0002954840892925,0.013103418983519,-0.0079740239307284,-0.0092244772240519,-0.0035724600311368,0.0248599797487258,0.0014938522363081,-0.009021520614624,0.0020882964599877,-0.0082587674260139,0.0050609754398465,0.0006886553019285,-0.0112558435648679,-0.0037735404912382,-0.0011983497533947,-0.0021023366134613,0.0158967841416597,-0.0092930234968662,-0.0082668671384453,-0.0134250735864043,-0.0196487009525299,-0.0003272773174103,0.0006073628319427,0.0173159688711166,-0.0021244215313345,0.0030060170684009,0.0036496024113148,-0.0118811456486582,-0.0193939208984375,-0.0081833060830831,0.008961709216237,-0.016103059053421,0.0021439415868371,-0.0214308332651853,0.0055012316443026,0.0095449965447187,-0.0066869668662548,-0.0078914137557148,-0.004590009804815,-0.0084507185965776,0.0055333632044494,0.0129993604496121,-0.0079485885798931,-0.0078641083091497,-0.0012209127889946,0.0006161570781841,-0.0057997142244337,0.0037082487935808,-0.0039681703916154,-0.0027632836148731,-0.0009157136701407,0.0080694698152989,-0.007631258532653,0.0249289679246642,0.0277777729718406,0.0628272283009232,-0.0094626874993304,0.0440403094799726,2019-02-27,2019-02-28,2019-03-01,2019-03-04,2019-03-05,2019-03-06,2019-03-07,2019-03-08,2019-03-11,2019-03-12,14907.0,2019-02-26,252.0,0.8621%,-0.0001,0.654,0.0778,0.2773,0.5813%,0.8641%,54.7481%,0.0111,EWU,14907.0,2019-02-27,252.0,-0.1221%,-0.0001,0.6542,0.0771,0.2773,0.5813%,0.8632%,54.6419%,-0.001725,EWU,14907.0,2019-02-28,252.0,-0.4584%,-0.0001,0.6509,0.0748,0.2754,0.5799%,0.8585%,54.3739%,-0.001978,EWU,14907.0,2019-03-01,252.0,0.1842%,-0.0001,0.6467,0.0684,0.2697,0.5786%,0.8535%,54.0455%,-0.0020499999999999,EWU,14907.0,2019-03-04,252.0,-0.2452%,-0.0001,0.6448,0.0743,0.2702,0.5781%,0.8509%,53.8419%,4.3e-05,EWU,14907.0,2019-03-05,252.0,0.5530%,-0.0001,0.644,0.0726,0.2668,0.5799%,0.8514%,53.6129%,0.007415,EWU,14907.0,2019-03-06,252.0,0.1222%,-0.0,0.6412,0.0571,0.2615,0.5817%,0.8504%,53.2107%,0.007349,EWU,14907.0,2019-03-07,252.0,-1.0681%,-0.0001,0.6428,0.0562,0.2635,0.5823%,0.8525%,53.3443%,-0.00461,EWU,14907.0,2019-03-08,252.0,-0.4010%,-0.0001,0.6431,0.056,0.264,0.5825%,0.8529%,53.3575%,-0.002266,EWU,14907.0,2019-03-11,252.0,0.8671%,-0.0001,0.6432,0.0566,0.2643,0.5825%,0.8546%,53.5443%,0.00017,EWU,14907.0,2019-03-12,252.0,-0.1842%,-0.0001,0.6467,0.0573,0.2685,0.5821%,0.8534%,53.4697%,-0.00317,EWU,0.009375,0.007397,0.005347,0.012805,0.0102779999999999
17491,ISHARES TRUST,"UK Prime Minister Theresa May Is Planning Parlimentary Votes On No-Deal, Then On Brexit Delay",6,uncertain,0.6,0.3,"the news indicates potential political instability and uncertainty regarding brexit, which could lead to volatility in the stock market, affecting ishares trust's stock price unpredictably.",1,2019-02-26,EWU,2019-02-26 12:51:00+00:00,14907.0,46435G33,0.0086206523701548,2347576.0,-0.0012209127889946,0.0006161570781841,-0.0045843985863029,0.0030901876743882,0.0018422282300889,-0.0064476230181753,-0.0024517874699085,0.0055572804994881,0.0055299634113907,0.0052761686965823,0.0012221484212204,0.0132076097652316,-0.0106805702671408,0.0,-0.0040097860619425,0.002206104574725,0.0086713768541812,0.0073015727102756,-0.0018422282300889,-0.0059955990873277,0.013841918669641,-0.0006306701689027,0.0033373972401022,-0.0043956451117992,0.0105835646390914,-0.0037534856237471,0.0053860056214034,0.0088355559855699,0.0020833243615925,0.0028481059707701,-0.0038609225302934,0.0034931919071823,-0.0017889497103169,0.0060703046619892,-0.0155316749587655,0.0132728992030024,-0.0015169671969488,0.0068448199890553,0.0045579313300549,-0.0071197189390659,0.0027223275974392,0.0068425899371504,-0.0063349287956953,-0.0042180130258202,0.002125066705048,0.0071895201690495,0.0133293690159916,-0.011627865023911,0.0056800781749188,0.0091264266520738,0.0059453258290886,0.0082155764102935,-0.0035460677463561,-0.0029488909058272,0.0023724203929305,0.0049390718340873,0.0017751886043697,-0.0065423245541751,-0.005611412692815,0.0003272326139267,0.0032670216169208,0.004272072110325,-0.0011840468505397,0.0096217952668666,0.0059275915846228,0.0060080210678279,-0.0005892887129448,0.0,-0.0014740341575816,0.0277872886508703,0.0017715197755023,-0.0061370716430246,-0.0035366616211831,-0.0006814465741626,0.0011829960858449,-0.0010210613254457,0.0002954840892925,0.013103418983519,-0.0079740239307284,-0.0092244772240519,-0.0035724600311368,0.0248599797487258,0.0014938522363081,-0.009021520614624,0.0020882964599877,-0.0082587674260139,0.0050609754398465,0.0006886553019285,-0.0112558435648679,-0.0037735404912382,-0.0011983497533947,-0.0021023366134613,0.0158967841416597,-0.0092930234968662,-0.0082668671384453,-0.0134250735864043,-0.0196487009525299,-0.0003272773174103,0.0006073628319427,0.0173159688711166,-0.0021244215313345,0.0030060170684009,0.0036496024113148,-0.0118811456486582,-0.0193939208984375,-0.0081833060830831,0.008961709216237,-0.016103059053421,0.0021439415868371,-0.0214308332651853,0.0055012316443026,0.0095449965447187,-0.0066869668662548,-0.0078914137557148,-0.004590009804815,-0.0084507185965776,0.0055333632044494,0.0129993604496121,-0.0079485885798931,-0.0078641083091497,-0.0012209127889946,0.0006161570781841,-0.0057997142244337,0.0037082487935808,-0.0039681703916154,-0.0027632836148731,-0.0009157136701407,0.0080694698152989,-0.007631258532653,0.0249289679246642,0.0277777729718406,0.0628272283009232,-0.0094626874993304,0.0440403094799726,2019-02-27,2019-02-28,2019-03-01,2019-03-04,2019-03-05,2019-03-06,2019-03-07,2019-03-08,2019-03-11,2019-03-12,14907.0,2019-02-26,252.0,0.8621%,-0.0001,0.654,0.0778,0.2773,0.5813%,0.8641%,54.7481%,0.0111,EWU,14907.0,2019-02-27,252.0,-0.1221%,-0.0001,0.6542,0.0771,0.2773,0.5813%,0.8632%,54.6419%,-0.001725,EWU,14907.0,2019-02-28,252.0,-0.4584%,-0.0001,0.6509,0.0748,0.2754,0.5799%,0.8585%,54.3739%,-0.001978,EWU,14907.0,2019-03-01,252.0,0.1842%,-0.0001,0.6467,0.0684,0.2697,0.5786%,0.8535%,54.0455%,-0.0020499999999999,EWU,14907.0,2019-03-04,252.0,-0.2452%,-0.0001,0.6448,0.0743,0.2702,0.5781%,0.8509%,53.8419%,4.3e-05,EWU,14907.0,2019-03-05,252.0,0.5530%,-0.0001,0.644,0.0726,0.2668,0.5799%,0.8514%,53.6129%,0.007415,EWU,14907.0,2019-03-06,252.0,0.1222%,-0.0,0.6412,0.0571,0.2615,0.5817%,0.8504%,53.2107%,0.007349,EWU,14907.0,2019-03-07,252.0,-1.0681%,-0.0001,0.6428,0.0562,0.2635,0.5823%,0.8525%,53.3443%,-0.00461,EWU,14907.0,2019-03-08,252.0,-0.4010%,-0.0001,0.6431,0.056,0.264,0.5825%,0.8529%,53.3575%,-0.002266,EWU,14907.0,2019-03-11,252.0,0.8671%,-0.0001,0.6432,0.0566,0.2643,0.5825%,0.8546%,53.5443%,0.00017,EWU,14907.0,2019-03-12,252.0,-0.1842%,-0.0001,0.6467,0.0573,0.2685,0.5821%,0.8534%,53.4697%,-0.00317,EWU,0.009375,0.007397,0.005347,0.012805,0.0102779999999999
17499,F T I CONSULTING INC,"FTI Consulting Sees FY19 Adj. EPS $3.50-$4 vs $3.76 Estimate, Sales $2B-$2.1B vs $2.04B Est.",6,decrease,0.75,0.6,"the adjusted eps guidance is below the analyst estimate, which may lead to a negative reaction in the stock price.",0,2019-02-26,FCN,2019-02-26 12:35:00+00:00,83509.0,30294110,0.101115345954895,790928.0,-0.0021324274130165,-0.0095930760726332,-0.009483091533184,-0.0011613561073318,0.0153721589595079,0.0092307291924953,-0.0304116979241371,-0.0192555878311395,0.0368441939353942,-0.0086894677951931,-0.0105679715052247,-0.0098731247708201,-0.001068115234375,0.0091090146452188,-0.0134990932419896,0.0093377605080604,-0.0005419444059953,0.0062156738713383,0.0010844765929505,0.0114034907892346,-0.0005416508647613,-0.0004383863706607,0.0037935075815767,0.003372483421117,-0.0062086530961096,-0.005395985674113,0.0277061108499765,0.0046886401250958,-0.0103078996762633,0.0057471175678074,-0.0070770299062132,-0.0067330077290534,0.0055136638693511,0.0070755216293036,-0.0155141912400722,0.0180071573704481,0.0024453240912407,0.0061904876492917,0.0266974009573459,-0.0251692533493042,0.0001319232687819,0.0028044641949236,0.018345084041357,0.0089351963251829,-0.0044064791873097,-0.0031175636686384,0.0136683555319905,-0.0152046913281083,-0.0017978603718802,-0.0032060800585895,0.0106779132038354,0.0211310405284166,-0.0019092910224571,-0.0101635362952947,-0.0044637941755354,0.0126789743080735,-0.007814509794116,-0.0119380634278059,-0.0092962374910712,0.0029563480056822,0.0138146420940756,-0.0047079548239707,0.0069417781196534,0.0279794074594974,0.0099578546360135,0.016605194658041,0.0178232342004776,-0.0027598941233009,-0.0004966876003891,0.0204975958913564,-0.0090706180781126,-0.0270970091223716,-0.0104075465351343,-0.0142556568607688,-0.0041814730502665,0.0402747727930545,0.0052169957198202,0.0182800460606813,-0.0018987534567713,0.018620491027832,0.0606214180588722,0.0413083285093307,0.0193710718303918,-0.0121585531160235,0.0055132107809185,-0.0157376900315284,-0.0086327325552701,0.006766790524125,-0.0194163508713245,-0.0096436766907572,0.017160689458251,0.0159415323287248,-0.0017697206931188,-0.0158522222191095,-0.0011818753555417,-0.0228361599147319,-0.0140812024474144,-0.007449694443494,-0.0159625764936208,0.0046178488992154,-0.0035370278637856,-0.0020658043213188,0.0064872265793383,-0.0197818800806999,-0.0211602263152599,-0.0466290414333343,0.0068331849761307,0.0056749889627099,0.0070335599593818,-0.0402751564979553,0.0145815759897232,-0.0068327877670526,-0.019202945753932,0.0176734924316406,0.0040635615587234,-0.0223764590919017,0.0096885077655315,0.0285506043583154,0.0032794440630823,0.0123876128345727,-0.0021324274130165,-0.0095930760726332,-0.0115952969418551,-0.01074329120248,0.0035986172698798,-0.0016117304217109,0.0089297346453052,-0.0293446950174582,-0.0157270493332067,-0.0038011995018402,0.0226576630314672,0.0072431316055732,0.1008929687651698,0.0048665649888191,2019-02-27,2019-02-28,2019-03-01,2019-03-04,2019-03-05,2019-03-06,2019-03-07,2019-03-08,2019-03-11,2019-03-12,83509.0,2019-02-26,252.0,10.1115%,0.0017,0.8913,0.1609,-0.0802,1.7669%,2.0158%,23.1750%,0.104254,FCN,83509.0,2019-02-27,252.0,-0.2132%,0.0017,0.8869,0.1672,-0.0809,1.7661%,2.0126%,22.9901%,-0.003437,FCN,83509.0,2019-02-28,252.0,-0.9483%,0.0016,0.8857,0.1661,-0.0798,1.7667%,2.0110%,22.8220%,-0.007069,FCN,83509.0,2019-03-01,252.0,1.5372%,0.0017,0.8822,0.1607,-0.0883,1.7664%,2.0093%,22.7200%,0.008104,FCN,83509.0,2019-03-04,252.0,-3.0412%,0.0016,0.8865,0.1703,-0.0949,1.7742%,2.0192%,22.7957%,-0.024927,FCN,83509.0,2019-03-05,252.0,3.6844%,0.0017,0.8815,0.1562,-0.112,1.7891%,2.0311%,22.4090%,0.038562,FCN,83509.0,2019-03-06,252.0,-1.0568%,0.0018,0.8877,0.158,-0.1048,1.7882%,2.0326%,22.6014%,-0.001241,FCN,83509.0,2019-03-07,252.0,-0.1068%,0.0018,0.8861,0.1585,-0.1068,1.7884%,2.0327%,22.5886%,0.005886,FCN,83509.0,2019-03-08,252.0,-1.3499%,0.0017,0.8891,0.1409,-0.1012,1.7877%,2.0319%,22.5919%,-0.0118999999999999,FCN,83509.0,2019-03-11,252.0,-0.0542%,0.0016,0.8806,0.1311,-0.1024,1.7907%,2.0320%,22.3408%,-0.014912,FCN,83509.0,2019-03-12,252.0,0.1084%,0.0016,0.8862,0.131,-0.096,1.7902%,2.0314%,22.3399%,-0.000922,FCN,0.100817,0.093748,0.101852,0.1154869999999999,0.0923979999999999
17507,F T I CONSULTING INC,"FTI Consulting Q4 Adj. EPS $0.83 Beats $0.55 Estimate, Sales $505M Beat $468.77M Estimate",6,increase,0.85,0.7,"the company reported better-than-expected earnings and sales, which typically leads to positive investor sentiment and an increase in stock price.",2,2019-02-26,FCN,2019-02-26 12:35:00+00:00,83509.0,30294110,0.101115345954895,790928.0,-0.0021324274130165,-0.0095930760726332,-0.009483091533184,-0.0011613561073318,0.0153721589595079,0.0092307291924953,-0.0304116979241371,-0.0192555878311395,0.0368441939353942,-0.0086894677951931,-0.0105679715052247,-0.0098731247708201,-0.001068115234375,0.0091090146452188,-0.0134990932419896,0.0093377605080604,-0.0005419444059953,0.0062156738713383,0.0010844765929505,0.0114034907892346,-0.0005416508647613,-0.0004383863706607,0.0037935075815767,0.003372483421117,-0.0062086530961096,-0.005395985674113,0.0277061108499765,0.0046886401250958,-0.0103078996762633,0.0057471175678074,-0.0070770299062132,-0.0067330077290534,0.0055136638693511,0.0070755216293036,-0.0155141912400722,0.0180071573704481,0.0024453240912407,0.0061904876492917,0.0266974009573459,-0.0251692533493042,0.0001319232687819,0.0028044641949236,0.018345084041357,0.0089351963251829,-0.0044064791873097,-0.0031175636686384,0.0136683555319905,-0.0152046913281083,-0.0017978603718802,-0.0032060800585895,0.0106779132038354,0.0211310405284166,-0.0019092910224571,-0.0101635362952947,-0.0044637941755354,0.0126789743080735,-0.007814509794116,-0.0119380634278059,-0.0092962374910712,0.0029563480056822,0.0138146420940756,-0.0047079548239707,0.0069417781196534,0.0279794074594974,0.0099578546360135,0.016605194658041,0.0178232342004776,-0.0027598941233009,-0.0004966876003891,0.0204975958913564,-0.0090706180781126,-0.0270970091223716,-0.0104075465351343,-0.0142556568607688,-0.0041814730502665,0.0402747727930545,0.0052169957198202,0.0182800460606813,-0.0018987534567713,0.018620491027832,0.0606214180588722,0.0413083285093307,0.0193710718303918,-0.0121585531160235,0.0055132107809185,-0.0157376900315284,-0.0086327325552701,0.006766790524125,-0.0194163508713245,-0.0096436766907572,0.017160689458251,0.0159415323287248,-0.0017697206931188,-0.0158522222191095,-0.0011818753555417,-0.0228361599147319,-0.0140812024474144,-0.007449694443494,-0.0159625764936208,0.0046178488992154,-0.0035370278637856,-0.0020658043213188,0.0064872265793383,-0.0197818800806999,-0.0211602263152599,-0.0466290414333343,0.0068331849761307,0.0056749889627099,0.0070335599593818,-0.0402751564979553,0.0145815759897232,-0.0068327877670526,-0.019202945753932,0.0176734924316406,0.0040635615587234,-0.0223764590919017,0.0096885077655315,0.0285506043583154,0.0032794440630823,0.0123876128345727,-0.0021324274130165,-0.0095930760726332,-0.0115952969418551,-0.01074329120248,0.0035986172698798,-0.0016117304217109,0.0089297346453052,-0.0293446950174582,-0.0157270493332067,-0.0038011995018402,0.0226576630314672,0.0072431316055732,0.1008929687651698,0.0048665649888191,2019-02-27,2019-02-28,2019-03-01,2019-03-04,2019-03-05,2019-03-06,2019-03-07,2019-03-08,2019-03-11,2019-03-12,83509.0,2019-02-26,252.0,10.1115%,0.0017,0.8913,0.1609,-0.0802,1.7669%,2.0158%,23.1750%,0.104254,FCN,83509.0,2019-02-27,252.0,-0.2132%,0.0017,0.8869,0.1672,-0.0809,1.7661%,2.0126%,22.9901%,-0.003437,FCN,83509.0,2019-02-28,252.0,-0.9483%,0.0016,0.8857,0.1661,-0.0798,1.7667%,2.0110%,22.8220%,-0.007069,FCN,83509.0,2019-03-01,252.0,1.5372%,0.0017,0.8822,0.1607,-0.0883,1.7664%,2.0093%,22.7200%,0.008104,FCN,83509.0,2019-03-04,252.0,-3.0412%,0.0016,0.8865,0.1703,-0.0949,1.7742%,2.0192%,22.7957%,-0.024927,FCN,83509.0,2019-03-05,252.0,3.6844%,0.0017,0.8815,0.1562,-0.112,1.7891%,2.0311%,22.4090%,0.038562,FCN,83509.0,2019-03-06,252.0,-1.0568%,0.0018,0.8877,0.158,-0.1048,1.7882%,2.0326%,22.6014%,-0.001241,FCN,83509.0,2019-03-07,252.0,-0.1068%,0.0018,0.8861,0.1585,-0.1068,1.7884%,2.0327%,22.5886%,0.005886,FCN,83509.0,2019-03-08,252.0,-1.3499%,0.0017,0.8891,0.1409,-0.1012,1.7877%,2.0319%,22.5919%,-0.0118999999999999,FCN,83509.0,2019-03-11,252.0,-0.0542%,0.0016,0.8806,0.1311,-0.1024,1.7907%,2.0320%,22.3408%,-0.014912,FCN,83509.0,2019-03-12,252.0,0.1084%,0.0016,0.8862,0.131,-0.096,1.7902%,2.0314%,22.3399%,-0.000922,FCN,0.100817,0.093748,0.101852,0.1154869999999999,0.0923979999999999
17515,FOOT LOCKER INC,Foot Locker Reports Strategic Partnership With Rockets of Awesome; Has Made $12.5M Minority Investment In Launch Kids,6,increase,0.7,0.6,"the strategic partnership and investment in a children's brand could enhance foot locker's market position and growth potential, likely leading to a positive reaction from investors.",2,2019-02-26,FL,2019-02-26 12:32:00+00:00,15456.0,34484910,-0.0152173889800906,2303904.0,0.0081507815048098,0.002682760823518,0.0025265542790293,-0.0061656213365495,0.059643805027008,-0.0006661268416792,0.0044394922442734,0.0036770415026694,-0.0089976275339722,0.0091077908873558,0.0058936406858265,0.0059382813051342,-0.0163104124367237,0.0135855041444301,-0.0328396186232566,0.0037977078463882,-0.0038282847963273,0.0173867531120777,0.0041771093383431,0.0079659577459096,-0.0066555361263453,-0.0014141420833766,-0.0058626849204301,-0.0017645752523094,-0.0062341862358152,0.0,0.0147507451474666,0.0146821793168783,0.0116959195584058,0.0143479313701391,-0.0175061523914337,-0.0148505643010139,0.0055471174418926,-0.0139379128813743,-0.0486459359526634,0.0022988694254308,0.0238973926752805,-0.002997213974595,-0.0006864753086119,-0.0005286128725856,0.0121930120512843,0.0024730504956096,0.0244316682219505,-0.0014111486962065,0.0036435476504266,-0.006310265045613,0.0099010281264781,-0.0226143524050712,-0.008986915461719,0.0135439969599247,0.0189612153917551,0.0270342193543911,0.0428802222013473,-0.0106980111449956,-0.0116368690505623,0.0036965161561965,-0.0058084605261683,0.0054867500439286,-0.0350544936954975,0.0139985419809818,0.0021273288875818,-0.0106533821672201,-0.0084911892190575,-0.0081014279276132,0.0194334704428911,0.0067375395447015,0.0180936809629201,0.0276968013495206,0.0087273763492703,0.0273306425660848,-0.0067642186768352,0.012509474530816,-0.0149776712059974,-0.0082707228139042,-0.0347784124314785,0.0175975896418094,0.0095525979995727,0.0071277003735303,0.0258963722735643,0.0063977898098528,-0.0224919002503156,0.0541590340435504,-0.0177122950553894,0.0034865050110965,-0.0092686088755726,0.0175292193889617,-0.0268753487616777,0.0113971522077918,-0.0195769779384136,-0.03207353875041,-0.0048137004487216,0.0279294811189174,-0.0098530855029821,-0.0332927219569683,-0.0164646245539188,-0.0136163458228111,-0.0022074859589338,-0.0381355844438076,0.0313421264290809,-0.0049827927723526,0.0166249610483646,-0.0062844795174896,0.0133638503029942,-0.0101790940389037,-0.0275897998362779,-0.0260694324970245,0.011420402675867,-0.0083742775022983,-0.0148200448602438,-0.0241606067866087,-0.0066260555759072,-0.001950365374796,-0.0048675038851797,0.0186021775007247,0.0027173499111086,-0.0147687159478664,0.014634171500802,0.0262966118752956,-0.0349002704024314,-0.0094066653400659,0.0081507815048098,0.002682760823518,0.0106979291757276,-0.0034994014004058,0.0709797994046854,-0.0041631971968824,0.0660553484079877,0.008601759715535,0.0205467681801709,0.0585943973178106,0.0376974275443064,0.0796524988075439,-0.0740673730875252,0.0882460167908552,2019-02-27,2019-02-28,2019-03-01,2019-03-04,2019-03-05,2019-03-06,2019-03-07,2019-03-08,2019-03-11,2019-03-12,15456.0,2019-02-26,252.0,-1.5217%,0.0012,0.8575,0.8332,0.5421,2.5460%,2.7045%,11.3739%,-0.006885,FL,15456.0,2019-02-27,252.0,0.8151%,0.0012,0.8505,0.8471,0.541,2.5442%,2.7016%,11.3098%,0.006347,FL,15456.0,2019-02-28,252.0,0.2527%,0.0013,0.8359,0.8372,0.5292,2.5394%,2.6913%,10.9717%,0.006246,FL,15456.0,2019-03-01,252.0,5.9644%,0.0016,0.8339,0.8344,0.5021,2.5567%,2.7067%,10.7783%,0.053224,FL,15456.0,2019-03-04,252.0,0.4439%,0.0016,0.8326,0.8311,0.5042,2.5573%,2.7068%,10.7405%,0.010065,FL,15456.0,2019-03-05,252.0,-0.8998%,0.0022,0.8658,1.0855,0.5299,2.3909%,2.5818%,14.2421%,-0.003886,FL,15456.0,2019-03-06,252.0,0.5894%,0.0021,0.839,1.0498,0.4948,2.3875%,2.5710%,13.7668%,0.026542,FL,15456.0,2019-03-07,252.0,-1.6310%,0.0021,0.8436,1.0544,0.5023,2.3882%,2.5730%,13.8472%,-0.007153,FL,15456.0,2019-03-08,252.0,-3.2840%,0.0021,0.8453,1.0998,0.5026,2.3828%,2.5730%,14.2397%,-0.030747,FL,15456.0,2019-03-11,252.0,-0.3828%,0.002,0.8348,1.0956,0.5056,2.3859%,2.5733%,14.0349%,-0.017859,FL,15456.0,2019-03-12,252.0,0.4177%,0.0019,0.8121,1.0988,0.4809,2.3798%,2.5609%,13.6432%,0.005472,FL,-0.0005379999999999,0.005708,0.058932,0.065111,0.0413659999999999
17523,FOOT LOCKER INC,Pivotal Research Downgrades Foot Locker to Hold,6,decrease,0.8,0.7,"a downgrade from pivotal research typically signals reduced confidence in the company's future performance, which can lead to a decline in stock price.",0,2019-02-26,FL,2019-02-26 11:20:00+00:00,15456.0,34484910,-0.0152173889800906,2303904.0,0.0081507815048098,0.002682760823518,0.0025265542790293,-0.0061656213365495,0.059643805027008,-0.0006661268416792,0.0044394922442734,0.0036770415026694,-0.0089976275339722,0.0091077908873558,0.0058936406858265,0.0059382813051342,-0.0163104124367237,0.0135855041444301,-0.0328396186232566,0.0037977078463882,-0.0038282847963273,0.0173867531120777,0.0041771093383431,0.0079659577459096,-0.0066555361263453,-0.0014141420833766,-0.0058626849204301,-0.0017645752523094,-0.0062341862358152,0.0,0.0147507451474666,0.0146821793168783,0.0116959195584058,0.0143479313701391,-0.0175061523914337,-0.0148505643010139,0.0055471174418926,-0.0139379128813743,-0.0486459359526634,0.0022988694254308,0.0238973926752805,-0.002997213974595,-0.0006864753086119,-0.0005286128725856,0.0121930120512843,0.0024730504956096,0.0244316682219505,-0.0014111486962065,0.0036435476504266,-0.006310265045613,0.0099010281264781,-0.0226143524050712,-0.008986915461719,0.0135439969599247,0.0189612153917551,0.0270342193543911,0.0428802222013473,-0.0106980111449956,-0.0116368690505623,0.0036965161561965,-0.0058084605261683,0.0054867500439286,-0.0350544936954975,0.0139985419809818,0.0021273288875818,-0.0106533821672201,-0.0084911892190575,-0.0081014279276132,0.0194334704428911,0.0067375395447015,0.0180936809629201,0.0276968013495206,0.0087273763492703,0.0273306425660848,-0.0067642186768352,0.012509474530816,-0.0149776712059974,-0.0082707228139042,-0.0347784124314785,0.0175975896418094,0.0095525979995727,0.0071277003735303,0.0258963722735643,0.0063977898098528,-0.0224919002503156,0.0541590340435504,-0.0177122950553894,0.0034865050110965,-0.0092686088755726,0.0175292193889617,-0.0268753487616777,0.0113971522077918,-0.0195769779384136,-0.03207353875041,-0.0048137004487216,0.0279294811189174,-0.0098530855029821,-0.0332927219569683,-0.0164646245539188,-0.0136163458228111,-0.0022074859589338,-0.0381355844438076,0.0313421264290809,-0.0049827927723526,0.0166249610483646,-0.0062844795174896,0.0133638503029942,-0.0101790940389037,-0.0275897998362779,-0.0260694324970245,0.011420402675867,-0.0083742775022983,-0.0148200448602438,-0.0241606067866087,-0.0066260555759072,-0.001950365374796,-0.0048675038851797,0.0186021775007247,0.0027173499111086,-0.0147687159478664,0.014634171500802,0.0262966118752956,-0.0349002704024314,-0.0094066653400659,0.0081507815048098,0.002682760823518,0.0106979291757276,-0.0034994014004058,0.0709797994046854,-0.0041631971968824,0.0660553484079877,0.008601759715535,0.0205467681801709,0.0585943973178106,0.0376974275443064,0.0796524988075439,-0.0740673730875252,0.0882460167908552,2019-02-27,2019-02-28,2019-03-01,2019-03-04,2019-03-05,2019-03-06,2019-03-07,2019-03-08,2019-03-11,2019-03-12,15456.0,2019-02-26,252.0,-1.5217%,0.0012,0.8575,0.8332,0.5421,2.5460%,2.7045%,11.3739%,-0.006885,FL,15456.0,2019-02-27,252.0,0.8151%,0.0012,0.8505,0.8471,0.541,2.5442%,2.7016%,11.3098%,0.006347,FL,15456.0,2019-02-28,252.0,0.2527%,0.0013,0.8359,0.8372,0.5292,2.5394%,2.6913%,10.9717%,0.006246,FL,15456.0,2019-03-01,252.0,5.9644%,0.0016,0.8339,0.8344,0.5021,2.5567%,2.7067%,10.7783%,0.053224,FL,15456.0,2019-03-04,252.0,0.4439%,0.0016,0.8326,0.8311,0.5042,2.5573%,2.7068%,10.7405%,0.010065,FL,15456.0,2019-03-05,252.0,-0.8998%,0.0022,0.8658,1.0855,0.5299,2.3909%,2.5818%,14.2421%,-0.003886,FL,15456.0,2019-03-06,252.0,0.5894%,0.0021,0.839,1.0498,0.4948,2.3875%,2.5710%,13.7668%,0.026542,FL,15456.0,2019-03-07,252.0,-1.6310%,0.0021,0.8436,1.0544,0.5023,2.3882%,2.5730%,13.8472%,-0.007153,FL,15456.0,2019-03-08,252.0,-3.2840%,0.0021,0.8453,1.0998,0.5026,2.3828%,2.5730%,14.2397%,-0.030747,FL,15456.0,2019-03-11,252.0,-0.3828%,0.002,0.8348,1.0956,0.5056,2.3859%,2.5733%,14.0349%,-0.017859,FL,15456.0,2019-03-12,252.0,0.4177%,0.0019,0.8121,1.0988,0.4809,2.3798%,2.5609%,13.6432%,0.005472,FL,-0.0005379999999999,0.005708,0.058932,0.065111,0.0413659999999999
17531,FULL HOUSE RESORTS INC,"Full House Resorts Q4 EPS $(0.07) Misses $(0.04) Estimate, Sales $40.69M Beat $40.38M Estimate",6,uncertain,0.6,0.3,"while the sales beat expectations, the earnings miss could lead to mixed reactions from investors, making the overall impact on the stock price uncertain.",1,2019-02-26,FLL,2019-02-26 21:54:00+00:00,79490.0,35967810,0.0,14362.0,0.0094787776470184,0.0,0.0328638181090354,-0.0321101695299148,-0.0090909004211425,0.0,0.0321100614964962,0.0139534743502736,-0.0352000147104263,-0.0358744040131568,0.0042381132952868,-0.0088888807222247,0.0275229085236787,-0.0425531528890132,-0.0178571250289678,0.0262008495628833,-0.0227272510528564,0.0177777614444494,-0.0046511581167578,0.0416666269302368,0.0093457847833633,-0.0399999618530273,-0.0138888750225305,-0.0217391103506088,-0.0046949428506195,-0.004329000134021,0.0047170892357826,-0.0170212611556053,-0.0093897739425301,-0.0084388107061386,0.0331754386425018,0.0304347537457943,-0.0321101695299148,-0.0212765764445066,-0.0592416524887085,0.0352422557771205,-0.0125944465398788,0.0,0.015306107699871,-0.0502092540264129,0.0,-0.0244897715747356,0.0150753622874617,-0.016064241528511,0.0,0.0289255920797586,-0.0247524511069059,-0.0281124226748943,0.0761420577764511,0.0550847984850406,-0.0566037222743034,0.021645002067089,-0.024999976158142,0.0131578827276825,0.0,0.0133333206176757,0.0230769012123346,-0.0425531528890132,0.0025062633212655,0.0173160005360841,0.0199999809265136,0.0021691436413675,0.009803912602365,0.0109649542719125,0.0145630929619073,0.00440528197214,0.0,0.031818151473999,0.0047846846282482,0.0576923675835132,-0.009523800574243,-0.0545455105602741,0.0048076878301799,0.0891089439392089,0.0,-0.042653989046812,0.0382775925099849,0.0095693692564964,0.0184331610798835,-0.0047619002871215,0.0769231095910072,-0.0186916813254356,-0.0126051297411322,0.0490196794271469,-0.0255318917334079,-0.0048780441284179,0.0764191970229148,-0.0238095019012689,0.0455984026193618,0.0,-0.0339101254940033,-0.0186916813254356,0.0602410025894641,-0.0138248708099126,-0.0416667163372039,-0.0180995296686887,-0.0824900940060615,0.0523810200393199,-0.0177917797118425,0.0243902206420898,-0.0307017248123884,-0.0048543643206357,-0.0045248824171721,-0.0373832508921623,0.0227272510528564,-0.0228310283273458,-0.0355555228888988,-0.0309734214097261,0.0737326443195343,-0.0341880023479461,-0.0557939410209655,0.0399999618530273,0.0136363506317138,-0.0301723852753639,0.0089686010032892,-0.0127659458667039,-0.0666667073965072,0.0307017248123884,0.0333334170281887,-0.0172413624823093,0.0094787776470184,0.0,0.0426541045805415,-0.0321101695299148,0.0331754399421042,-0.0321101695299148,0.0288152041755331,-0.0538117135310137,0.0142181108192389,-0.0231482324109992,-0.0521326520263806,-0.0865801047987353,0.0284361161488861,-0.0905172530296113,2019-02-27,2019-02-28,2019-03-01,2019-03-04,2019-03-05,2019-03-06,2019-03-07,2019-03-08,2019-03-11,2019-03-12,79490.0,2019-02-26,252.0,0.0000%,-0.0015,0.5803,0.2913,-0.0847,2.5952%,2.6792%,6.1692%,0.002396,FLL,79490.0,2019-02-27,252.0,0.9479%,-0.0015,0.5822,0.2909,-0.0843,2.5959%,2.6800%,6.1836%,0.008201,FLL,79490.0,2019-02-28,252.0,3.2864%,-0.0013,0.5663,0.2812,-0.1042,2.6036%,2.6844%,5.9272%,0.0342989999999999,FLL,79490.0,2019-03-01,252.0,-0.9091%,-0.0013,0.5647,0.2788,-0.1006,2.6049%,2.6847%,5.8522%,-0.014491,FLL,79490.0,2019-03-04,252.0,3.2110%,-0.0012,0.5656,0.2418,-0.093,2.6147%,2.6924%,5.6871%,0.0364639999999999,FLL,79490.0,2019-03-05,252.0,-3.5200%,-0.0013,0.5731,0.2789,-0.0757,2.6220%,2.7010%,5.7607%,-0.033802,FLL,79490.0,2019-03-06,252.0,0.4238%,-0.0012,0.5694,0.2488,-0.084,2.6233%,2.7012%,5.6811%,0.012506,FLL,79490.0,2019-03-07,252.0,2.7523%,-0.0011,0.5539,0.2383,-0.1076,2.6316%,2.7070%,5.4946%,0.031999,FLL,79490.0,2019-03-08,252.0,-1.7857%,-0.0012,0.5562,0.2362,-0.1038,2.6335%,2.7090%,5.4963%,-0.017031,FLL,79490.0,2019-03-11,252.0,-2.2727%,-0.0014,0.5396,0.2341,-0.0965,2.6396%,2.7110%,5.2012%,-0.032494,FLL,79490.0,2019-03-12,252.0,-0.4651%,-0.0014,0.5425,0.2353,-0.0926,2.6396%,2.7110%,5.1964%,-0.005512,FLL,0.010597,0.044896,0.0304049999999999,0.033067,0.0225349999999999
17539,FLUOR CORP NEW,"Fluor Earlier Announced Engineering, Procurement And Construction Management Services Contract For SABIC's PPE Plant Recommissioning Project In Netherlands; Terms Not Disclosed",6,increase,0.7,0.6,"the announcement of a contract for engineering, procurement, and construction management services typically indicates a positive business development for fluor corp, which could lead to an increase in stock price.",2,2019-02-26,FLR,2019-02-26 14:28:00+00:00,88853.0,34341210,0.0089568011462688,1885298.0,0.0026110259350389,-0.0112008415162563,-0.0208334121853113,0.0150713827461004,0.0013297911500558,0.0031829953659325,0.0064103016629815,0.018918938934803,-0.0066348193213343,0.019002990797162,-0.0168314464390277,0.017371891066432,-0.0116847911849618,-0.0119047705084085,0.0041243201121687,-0.0141921527683734,0.0180722847580909,0.065116211771965,0.002689576940611,-0.0023201280273497,0.0139485104009509,-0.0080552008002996,-0.0058200373314321,-0.0389825813472271,0.0042575793340802,0.0123145431280136,0.00953886564821,-0.0129834590479731,-0.0107611510902643,-0.0033039352856576,-0.0156540237367153,-0.0068362047895789,0.011859904974699,0.0082712778821587,-0.0519446097314357,0.0008277808665297,-0.0028097352478653,-0.0052154441364109,0.0132430931553244,-0.0238477867096662,0.0027809313032776,0.0135795762762427,0.0171935353428125,0.0090435184538364,0.0032715084962546,-0.0137837380170822,0.0500000044703483,-0.0397092886269092,-0.0036231726408004,0.0315930470824241,0.0114285359159112,0.0249725542962551,0.0243965275585651,-0.0016438732855021,0.0160441063344478,-0.0051784855313599,-0.0074019059538841,0.0013646080624312,-0.0253542251884937,0.0143964691087603,0.0135170267894864,0.0089385388419032,0.0284347552806139,0.0144516378641128,0.0075850593857467,0.0108851641416549,-0.0162700824439525,0.0231536030769348,0.0012343385023996,0.0540624037384986,0.0036981683224439,-0.0173041801899671,0.0083517599850893,0.0229812990874052,0.0073081422597169,0.0116242803633213,0.0050786677747964,-0.0099533926695585,-0.0098652513697743,-0.0049520223401486,-0.0311057735234499,0.0773591771721839,-0.0032605282030999,-0.0079391254112124,-0.0035229793284088,-0.0264090076088905,0.0032828554976731,-0.0278647858649492,-0.0145984906703233,-0.0135886510834097,-0.2408685088157654,-0.0061387582682073,-0.0134589374065399,-0.0097264340147376,-0.0105729699134826,-0.0187890622764825,0.0179248694330453,-0.0170038640499115,-0.0091432593762874,0.0091716386377811,0.0222146138548851,-0.0534864142537117,0.027415569871664,-0.022447295486927,-0.0390497520565986,-0.0216925907880067,0.0128682404756546,-0.0366356596350669,-0.0070210327394306,-0.0628627240657806,-0.0067340321838855,0.015636458992958,0.0037288342136889,-0.003651448758319,-0.0047281761653721,-0.0172248184680938,0.0230743233114481,0.0267747528851032,-0.0222222246229648,-0.0123726865276694,0.0026110259350389,-0.0112008415162563,-0.0182767828298036,0.0037017290602741,-0.0169712959838063,0.0068965070126514,-0.0172338126703842,0.0454419614289451,-0.021172268869985,0.1009280597129378,0.0295020312842331,0.0509413052160976,-0.2259699124676838,-0.074412058070549,2019-02-27,2019-02-28,2019-03-01,2019-03-04,2019-03-05,2019-03-06,2019-03-07,2019-03-08,2019-03-11,2019-03-12,88853.0,2019-02-26,252.0,0.8957%,-0.0011,1.5054,0.4073,0.9978,2.1743%,2.6138%,30.8022%,0.0174,FLR,88853.0,2019-02-27,252.0,0.2611%,-0.001,1.5079,0.4034,0.9982,2.1740%,2.6133%,30.7929%,0.00158,FLR,88853.0,2019-02-28,252.0,-2.0833%,-0.0011,1.5143,0.4074,1.0058,2.1751%,2.6151%,30.8236%,-0.013844,FLR,88853.0,2019-03-01,252.0,0.1330%,-0.0012,1.5197,0.4153,1.0168,2.1743%,2.6143%,30.8300%,-0.006821,FLR,88853.0,2019-03-04,252.0,0.6410%,-0.0011,1.516,0.4158,1.0204,2.1757%,2.6121%,30.6276%,0.0119189999999999,FLR,88853.0,2019-03-05,252.0,-0.6635%,-0.0011,1.5147,0.4063,1.0192,2.1754%,2.6105%,30.5550%,-0.00041,FLR,88853.0,2019-03-06,252.0,-1.6831%,-0.0011,1.5181,0.3996,1.0221,2.1749%,2.6116%,30.6477%,0.0005149999999999,FLR,88853.0,2019-03-07,252.0,-1.1685%,-0.0011,1.5154,0.3973,1.0179,2.1752%,2.6117%,30.6314%,0.004326,FLR,88853.0,2019-03-08,252.0,0.4124%,-0.001,1.5143,0.3939,1.0163,2.1760%,2.6118%,30.5882%,0.0089,FLR,88853.0,2019-03-11,252.0,1.8072%,-0.001,1.5147,0.3871,1.0121,2.1755%,2.6143%,30.7531%,-0.000714,FLR,88853.0,2019-03-12,252.0,0.2690%,-0.001,1.5175,0.3857,1.0147,2.1754%,2.6097%,30.5113%,0.0007059999999999,FLR,0.01898,0.005136,-0.001685,0.0098239999999999,0.0235569999999999
17547,F M C CORP,FMC Sets Final Distribution Ratio Related To Distribution Of 123M Livent Common Shares: FMC Shareholders Will Receive 0.935301 Shares Of Livent For Each FMC Share Owned,6,uncertain,0.6,0.3,"the distribution of livent shares may create mixed reactions among investors, as some may view it positively while others may be concerned about the dilution of fmc's value.",1,2019-02-26,FMC,2019-02-26 23:04:00+00:00,19166.0,30249130,-0.0087287239730358,741605.0,0.0117408093065023,0.0096034174785017,-0.0013390174135565,0.0035147981252521,0.0105028208345174,0.0085763297975063,0.0031632331665605,0.0110995387658476,0.0016463685315102,0.0133567592129111,-0.0079655740410089,0.016434408724308,-0.0081570148468017,-0.0037964135408401,-0.0037265601567924,0.0246778354048728,0.0117374397814273,-0.0294950436800718,0.0003824423474725,0.0024837264791131,0.0001274644600925,0.0037991176359355,-0.0168195664882659,-0.0138157149776816,0.0010367314098402,0.0049418262206017,-0.0041429274715483,-0.0024647780228406,-0.0084503581747412,-0.0073401476256549,-0.0077356281690299,0.0755638927221298,0.0255021173506975,-0.0099255014210939,-0.0338873490691185,0.0062421974726021,-0.0068018417805433,0.0123861944302916,0.0081912260502576,-0.0031498046591877,0.0031965617090463,0.0201799441128969,0.0155336782336235,-0.0037135779857635,0.0095939468592405,-0.0184766370803117,0.027597015723586,-0.0135152377188205,0.0002533144433982,0.0154873253777623,0.0024063126184046,0.0031577618792653,0.014908405020833,-0.0007573543698526,0.0011203328613191,-0.0082613099366426,0.0037304533179849,-0.0054774358868598,-0.0084241861477494,-0.0042146565392613,0.0047475919127464,0.0156112033873796,-0.0065903854556381,0.0041719572618603,0.001001399825327,0.0172324627637863,-0.0026259731967002,0.0117096211761236,0.0125376125797629,0.0528767220675945,-0.0001238501281477,-0.0275742597877979,-0.0099071580916643,0.0150081207975745,-0.0060036992654204,0.009968533180654,0.0084308311343193,-0.0074545326642692,-0.004991284571588,0.0100762024521827,-0.009405568242073,0.0477957800030708,0.0063299154862761,-0.0110061578452587,-0.0022644395940005,-0.0171959213912487,-0.0031521876808255,-0.0367352403700351,-0.0263090599328279,-0.0191299673169851,-0.0040270872414112,0.0006556058069691,0.0114778261631727,-0.0123025709763169,-0.0167634170502424,-0.0130367670208215,0.0296393726021051,-0.0180723201483488,0.0057317148894071,0.0110392430797219,0.0094984807074069,-0.0073057292029261,-0.0033872367348521,-0.0086164139211177,-0.0560171753168106,-0.0296861380338668,0.001866907463409,-0.0082913050428032,0.0073206853121519,-0.028484733775258,0.0011891693575307,0.0352913439273834,-0.0071267429739236,-0.0037327534519135,-0.0300412345677614,-0.0015628426335752,0.0186378043144941,0.03316355869174,-0.0147988488897681,-0.0109336534515023,0.0117408093065023,0.0096034174785017,0.0103860707448351,0.0131519696775033,0.0209979746195603,0.0218410951044507,0.0259138854138112,0.0469830373067376,0.0178716354647427,0.0568893852660536,0.0436947888528691,0.1077228587110312,-0.0451052956559402,0.103740373695224,2019-02-27,2019-02-28,2019-03-01,2019-03-04,2019-03-05,2019-03-06,2019-03-07,2019-03-08,2019-03-11,2019-03-12,19166.0,2019-02-26,252.0,-0.8729%,0.0003,1.1128,0.3071,0.4618,1.3397%,1.7318%,40.1588%,-0.003623,FMC,19166.0,2019-02-27,252.0,1.1741%,0.0005,1.1287,0.282,0.4644,1.3226%,1.7264%,41.3072%,0.01061,FMC,19166.0,2019-02-28,252.0,-0.1339%,0.0005,1.1288,0.2822,0.4639,1.3227%,1.7244%,41.1666%,0.003165,FMC,19166.0,2019-03-01,252.0,1.0503%,0.0006,1.108,0.2511,0.4303,1.3037%,1.6960%,40.9079%,0.003323,FMC,19166.0,2019-03-04,252.0,0.3163%,0.0006,1.1128,0.2284,0.4306,1.3023%,1.6961%,41.0417%,0.008161,FMC,19166.0,2019-03-05,252.0,0.1646%,0.0006,1.1111,0.2187,0.4277,1.3024%,1.6943%,40.9139%,0.00519,FMC,19166.0,2019-03-06,252.0,-0.7966%,0.0006,1.1093,0.2125,0.4248,1.3025%,1.6933%,40.8253%,0.0038629999999999,FMC,19166.0,2019-03-07,252.0,-0.8157%,0.0006,1.1049,0.1946,0.414,1.2994%,1.6893%,40.8306%,0.002399,FMC,19166.0,2019-03-08,252.0,-0.3727%,0.0005,1.1054,0.1906,0.4149,1.2992%,1.6893%,40.8482%,-0.000779,FMC,19166.0,2019-03-11,252.0,1.1737%,0.0006,1.1037,0.1807,0.4101,1.2983%,1.6902%,40.9993%,-0.003351,FMC,19166.0,2019-03-12,252.0,0.0382%,0.0006,1.1071,0.1809,0.4141,1.2980%,1.6874%,40.8248%,-0.001633,FMC,0.006987,0.010152,0.0134749999999999,0.026826,0.027325
17555,F M C CORP,S&P Dow Jones Indices Announces Livent To Replace Bristow Group In S&P SmallCap 600,6,uncertain,0.5,0.1,"the news about livent replacing bristow group in the s&p smallcap 600 does not directly relate to fmc corp, making the impact on its stock price uncertain.",1,2019-02-26,FMC,2019-02-26 22:33:00+00:00,19166.0,30249130,-0.0087287239730358,741605.0,0.0117408093065023,0.0096034174785017,-0.0013390174135565,0.0035147981252521,0.0105028208345174,0.0085763297975063,0.0031632331665605,0.0110995387658476,0.0016463685315102,0.0133567592129111,-0.0079655740410089,0.016434408724308,-0.0081570148468017,-0.0037964135408401,-0.0037265601567924,0.0246778354048728,0.0117374397814273,-0.0294950436800718,0.0003824423474725,0.0024837264791131,0.0001274644600925,0.0037991176359355,-0.0168195664882659,-0.0138157149776816,0.0010367314098402,0.0049418262206017,-0.0041429274715483,-0.0024647780228406,-0.0084503581747412,-0.0073401476256549,-0.0077356281690299,0.0755638927221298,0.0255021173506975,-0.0099255014210939,-0.0338873490691185,0.0062421974726021,-0.0068018417805433,0.0123861944302916,0.0081912260502576,-0.0031498046591877,0.0031965617090463,0.0201799441128969,0.0155336782336235,-0.0037135779857635,0.0095939468592405,-0.0184766370803117,0.027597015723586,-0.0135152377188205,0.0002533144433982,0.0154873253777623,0.0024063126184046,0.0031577618792653,0.014908405020833,-0.0007573543698526,0.0011203328613191,-0.0082613099366426,0.0037304533179849,-0.0054774358868598,-0.0084241861477494,-0.0042146565392613,0.0047475919127464,0.0156112033873796,-0.0065903854556381,0.0041719572618603,0.001001399825327,0.0172324627637863,-0.0026259731967002,0.0117096211761236,0.0125376125797629,0.0528767220675945,-0.0001238501281477,-0.0275742597877979,-0.0099071580916643,0.0150081207975745,-0.0060036992654204,0.009968533180654,0.0084308311343193,-0.0074545326642692,-0.004991284571588,0.0100762024521827,-0.009405568242073,0.0477957800030708,0.0063299154862761,-0.0110061578452587,-0.0022644395940005,-0.0171959213912487,-0.0031521876808255,-0.0367352403700351,-0.0263090599328279,-0.0191299673169851,-0.0040270872414112,0.0006556058069691,0.0114778261631727,-0.0123025709763169,-0.0167634170502424,-0.0130367670208215,0.0296393726021051,-0.0180723201483488,0.0057317148894071,0.0110392430797219,0.0094984807074069,-0.0073057292029261,-0.0033872367348521,-0.0086164139211177,-0.0560171753168106,-0.0296861380338668,0.001866907463409,-0.0082913050428032,0.0073206853121519,-0.028484733775258,0.0011891693575307,0.0352913439273834,-0.0071267429739236,-0.0037327534519135,-0.0300412345677614,-0.0015628426335752,0.0186378043144941,0.03316355869174,-0.0147988488897681,-0.0109336534515023,0.0117408093065023,0.0096034174785017,0.0103860707448351,0.0131519696775033,0.0209979746195603,0.0218410951044507,0.0259138854138112,0.0469830373067376,0.0178716354647427,0.0568893852660536,0.0436947888528691,0.1077228587110312,-0.0451052956559402,0.103740373695224,2019-02-27,2019-02-28,2019-03-01,2019-03-04,2019-03-05,2019-03-06,2019-03-07,2019-03-08,2019-03-11,2019-03-12,19166.0,2019-02-26,252.0,-0.8729%,0.0003,1.1128,0.3071,0.4618,1.3397%,1.7318%,40.1588%,-0.003623,FMC,19166.0,2019-02-27,252.0,1.1741%,0.0005,1.1287,0.282,0.4644,1.3226%,1.7264%,41.3072%,0.01061,FMC,19166.0,2019-02-28,252.0,-0.1339%,0.0005,1.1288,0.2822,0.4639,1.3227%,1.7244%,41.1666%,0.003165,FMC,19166.0,2019-03-01,252.0,1.0503%,0.0006,1.108,0.2511,0.4303,1.3037%,1.6960%,40.9079%,0.003323,FMC,19166.0,2019-03-04,252.0,0.3163%,0.0006,1.1128,0.2284,0.4306,1.3023%,1.6961%,41.0417%,0.008161,FMC,19166.0,2019-03-05,252.0,0.1646%,0.0006,1.1111,0.2187,0.4277,1.3024%,1.6943%,40.9139%,0.00519,FMC,19166.0,2019-03-06,252.0,-0.7966%,0.0006,1.1093,0.2125,0.4248,1.3025%,1.6933%,40.8253%,0.0038629999999999,FMC,19166.0,2019-03-07,252.0,-0.8157%,0.0006,1.1049,0.1946,0.414,1.2994%,1.6893%,40.8306%,0.002399,FMC,19166.0,2019-03-08,252.0,-0.3727%,0.0005,1.1054,0.1906,0.4149,1.2992%,1.6893%,40.8482%,-0.000779,FMC,19166.0,2019-03-11,252.0,1.1737%,0.0006,1.1037,0.1807,0.4101,1.2983%,1.6902%,40.9993%,-0.003351,FMC,19166.0,2019-03-12,252.0,0.0382%,0.0006,1.1071,0.1809,0.4141,1.2980%,1.6874%,40.8248%,-0.001633,FMC,0.006987,0.010152,0.0134749999999999,0.026826,0.027325
17563,FOX FACTORY HOLDING CORP,"Fox Factory Reports CEO Larry Enterline To Retire, Become Chair; Fox Pres OF Powered Vehicles Group Mike Dennison Named Replacement As CEO",6,uncertain,0.6,0.2,"while leadership changes can lead to uncertainty in a company's direction, the appointment of an internal candidate may provide continuity, making the overall impact on stock price unclear.",1,2019-02-26,FOXF,2019-02-26 22:40:00+00:00,14097.0,35138V10,-0.0273667052388191,314038.0,0.0376247204840183,0.0191341061145067,-0.0007882585050538,-0.0058036535046994,0.0178289841860532,0.0025860650930553,-0.0055805393494665,-0.0003231613954994,0.0031176451593637,0.0119358981028199,-0.0128981824964284,0.0217173267155885,-0.0026763535570353,-0.0061431005597114,0.0034727896563708,-0.0338466577231884,0.0605631358921527,0.007596593350172,-0.0008899074746295,0.0212941076606512,-0.0023753512650728,0.0064795352518558,-0.0114582842215895,-0.0114961536601185,0.0037633599713444,-0.0137674482539296,0.0337432511150836,-0.0038721824530512,0.0013056192547082,0.0409808307886123,0.0141988322138786,0.003539509139955,0.0117142815142869,-0.0011784459929913,-0.0309235025197267,-0.000336530531058,0.0247705765068531,-0.0106560634449124,-0.0105219036340713,-0.0115206874907016,-0.0130765354260802,-0.0036077601835131,0.0144146457314491,0.0054410225711762,0.0031577611807733,-0.0078521110117435,0.0489340126514434,-0.0434986501932144,-0.0148683181032538,-0.0074545666575431,0.0193852335214614,0.0089313648641109,0.0180656630545854,0.0146263614296913,-0.0009339519310742,0.0062390533275902,0.0014690252719447,-0.0069897128269076,-0.0098679540678858,-0.0295976866036653,0.0234343148767948,0.0038687710184603,-0.0076325070112943,0.0357429608702659,0.0281129162758588,0.0331180654466152,0.0043854503892362,0.0185528490692377,0.0145113291218876,0.0546068958938121,-0.006202504504472,-0.0135111501440405,-0.0078971181064844,-0.0319347269833087,-0.0056490236893296,-0.0176873244345188,-0.0001290446380153,0.0327417105436325,0.0041322275064885,0.0309113133698701,-0.0060442541725933,0.0476456619799137,0.0122913308441638,-0.0055524567142128,-0.0111195696517825,-0.0351785942912101,0.0029726731590926,-0.0466462634503841,-0.023969080299139,-0.0211630836129188,-0.0055452627129852,0.0099293198436498,0.0292086694389581,-0.0335068553686142,-0.0089008621871471,-0.0401249565184116,-0.0245997570455074,-0.0185412056744098,-0.0088070938363671,-0.0035119215026497,0.0041733649559319,0.0202523041516542,0.0182330161333084,0.0403565913438797,-0.0634628012776374,-0.0366901196539402,0.0070293829776346,0.012648269534111,0.0068407859653234,-0.025423752143979,-0.0192734245210886,0.0186784248799085,-0.0192280579358339,-0.0339650958776474,-0.0041804946959018,0.0196350757032632,0.0204110592603683,0.0222854409366846,-0.0353241302073001,-0.0399089679121971,0.0376247204840183,0.0191341061145067,0.0368068039730427,0.0132194048877964,0.0552920160850705,0.0158396562223832,0.0526745833899842,0.0276324163683989,0.1019139442624974,0.0374710533329825,0.2146245477977173,-0.0311392664552162,0.1123834263758987,-0.0462822969416767,2019-02-27,2019-02-28,2019-03-01,2019-03-04,2019-03-05,2019-03-06,2019-03-07,2019-03-08,2019-03-11,2019-03-12,14097.0,2019-02-26,252.0,-2.7367%,0.0017,1.2738,1.2921,-0.0838,2.3989%,2.8659%,29.9380%,-0.017657,FOXF,14097.0,2019-02-27,252.0,3.7625%,0.0018,1.2697,1.3088,-0.0844,2.4064%,2.8724%,29.8116%,0.033823,FOXF,14097.0,2019-02-28,252.0,-0.0788%,0.0019,1.2576,1.3005,-0.0933,2.4024%,2.8609%,29.4844%,0.002575,FOXF,14097.0,2019-03-01,252.0,1.7829%,0.0019,1.2513,1.2911,-0.1043,2.4013%,2.8558%,29.2970%,0.004539,FOXF,14097.0,2019-03-04,252.0,-0.5581%,0.0021,1.2388,1.3285,-0.1002,2.3960%,2.8509%,29.3641%,0.006408,FOXF,14097.0,2019-03-05,252.0,0.3118%,0.0022,1.2441,1.3739,-0.099,2.3897%,2.8508%,29.7338%,0.009012,FOXF,14097.0,2019-03-06,252.0,-1.2898%,0.0023,1.2413,1.3459,-0.106,2.3908%,2.8524%,29.7479%,0.014813,FOXF,14097.0,2019-03-07,252.0,-0.2676%,0.0023,1.2412,1.3568,-0.103,2.3902%,2.8525%,29.7916%,0.008004,FOXF,14097.0,2019-03-08,252.0,0.3473%,0.0024,1.2391,1.3845,-0.1078,2.3850%,2.8513%,30.0334%,0.00526,FOXF,14097.0,2019-03-11,252.0,6.0563%,0.0026,1.2571,1.3873,-0.1155,2.3931%,2.8730%,30.6203%,0.036466,FOXF,14097.0,2019-03-12,252.0,-0.0890%,0.0026,1.2575,1.3886,-0.1144,2.3931%,2.8712%,30.5289%,-0.00033,FOXF,0.016166,0.018741,0.02328,0.0387,0.102913
17571,FOX FACTORY HOLDING CORP,"Fox Factory Sees FY19 Adj. EPS $2.45-$2.55 vs $2.46 Estimate, Sales $695M-$715M vs $684.5M Est.",6,increase,0.75,0.6,"the company's adjusted eps and sales guidance both exceed analyst estimates, which is likely to be viewed positively by investors.",2,2019-02-26,FOXF,2019-02-26 21:54:00+00:00,14097.0,35138V10,-0.0273667052388191,314038.0,0.0376247204840183,0.0191341061145067,-0.0007882585050538,-0.0058036535046994,0.0178289841860532,0.0025860650930553,-0.0055805393494665,-0.0003231613954994,0.0031176451593637,0.0119358981028199,-0.0128981824964284,0.0217173267155885,-0.0026763535570353,-0.0061431005597114,0.0034727896563708,-0.0338466577231884,0.0605631358921527,0.007596593350172,-0.0008899074746295,0.0212941076606512,-0.0023753512650728,0.0064795352518558,-0.0114582842215895,-0.0114961536601185,0.0037633599713444,-0.0137674482539296,0.0337432511150836,-0.0038721824530512,0.0013056192547082,0.0409808307886123,0.0141988322138786,0.003539509139955,0.0117142815142869,-0.0011784459929913,-0.0309235025197267,-0.000336530531058,0.0247705765068531,-0.0106560634449124,-0.0105219036340713,-0.0115206874907016,-0.0130765354260802,-0.0036077601835131,0.0144146457314491,0.0054410225711762,0.0031577611807733,-0.0078521110117435,0.0489340126514434,-0.0434986501932144,-0.0148683181032538,-0.0074545666575431,0.0193852335214614,0.0089313648641109,0.0180656630545854,0.0146263614296913,-0.0009339519310742,0.0062390533275902,0.0014690252719447,-0.0069897128269076,-0.0098679540678858,-0.0295976866036653,0.0234343148767948,0.0038687710184603,-0.0076325070112943,0.0357429608702659,0.0281129162758588,0.0331180654466152,0.0043854503892362,0.0185528490692377,0.0145113291218876,0.0546068958938121,-0.006202504504472,-0.0135111501440405,-0.0078971181064844,-0.0319347269833087,-0.0056490236893296,-0.0176873244345188,-0.0001290446380153,0.0327417105436325,0.0041322275064885,0.0309113133698701,-0.0060442541725933,0.0476456619799137,0.0122913308441638,-0.0055524567142128,-0.0111195696517825,-0.0351785942912101,0.0029726731590926,-0.0466462634503841,-0.023969080299139,-0.0211630836129188,-0.0055452627129852,0.0099293198436498,0.0292086694389581,-0.0335068553686142,-0.0089008621871471,-0.0401249565184116,-0.0245997570455074,-0.0185412056744098,-0.0088070938363671,-0.0035119215026497,0.0041733649559319,0.0202523041516542,0.0182330161333084,0.0403565913438797,-0.0634628012776374,-0.0366901196539402,0.0070293829776346,0.012648269534111,0.0068407859653234,-0.025423752143979,-0.0192734245210886,0.0186784248799085,-0.0192280579358339,-0.0339650958776474,-0.0041804946959018,0.0196350757032632,0.0204110592603683,0.0222854409366846,-0.0353241302073001,-0.0399089679121971,0.0376247204840183,0.0191341061145067,0.0368068039730427,0.0132194048877964,0.0552920160850705,0.0158396562223832,0.0526745833899842,0.0276324163683989,0.1019139442624974,0.0374710533329825,0.2146245477977173,-0.0311392664552162,0.1123834263758987,-0.0462822969416767,2019-02-27,2019-02-28,2019-03-01,2019-03-04,2019-03-05,2019-03-06,2019-03-07,2019-03-08,2019-03-11,2019-03-12,14097.0,2019-02-26,252.0,-2.7367%,0.0017,1.2738,1.2921,-0.0838,2.3989%,2.8659%,29.9380%,-0.017657,FOXF,14097.0,2019-02-27,252.0,3.7625%,0.0018,1.2697,1.3088,-0.0844,2.4064%,2.8724%,29.8116%,0.033823,FOXF,14097.0,2019-02-28,252.0,-0.0788%,0.0019,1.2576,1.3005,-0.0933,2.4024%,2.8609%,29.4844%,0.002575,FOXF,14097.0,2019-03-01,252.0,1.7829%,0.0019,1.2513,1.2911,-0.1043,2.4013%,2.8558%,29.2970%,0.004539,FOXF,14097.0,2019-03-04,252.0,-0.5581%,0.0021,1.2388,1.3285,-0.1002,2.3960%,2.8509%,29.3641%,0.006408,FOXF,14097.0,2019-03-05,252.0,0.3118%,0.0022,1.2441,1.3739,-0.099,2.3897%,2.8508%,29.7338%,0.009012,FOXF,14097.0,2019-03-06,252.0,-1.2898%,0.0023,1.2413,1.3459,-0.106,2.3908%,2.8524%,29.7479%,0.014813,FOXF,14097.0,2019-03-07,252.0,-0.2676%,0.0023,1.2412,1.3568,-0.103,2.3902%,2.8525%,29.7916%,0.008004,FOXF,14097.0,2019-03-08,252.0,0.3473%,0.0024,1.2391,1.3845,-0.1078,2.3850%,2.8513%,30.0334%,0.00526,FOXF,14097.0,2019-03-11,252.0,6.0563%,0.0026,1.2571,1.3873,-0.1155,2.3931%,2.8730%,30.6203%,0.036466,FOXF,14097.0,2019-03-12,252.0,-0.0890%,0.0026,1.2575,1.3886,-0.1144,2.3931%,2.8712%,30.5289%,-0.00033,FOXF,0.016166,0.018741,0.02328,0.0387,0.102913
17579,FOX FACTORY HOLDING CORP,"Fox Factory Sees Q1 Adj. EPS $0.44-$0.49 vs $0.47 Estimate, Sales $150M-$158M vs $147.6M Est.",6,increase,0.75,0.6,"the company's adjusted eps and sales guidance both exceed analyst estimates, which is likely to be viewed positively by investors.",2,2019-02-26,FOXF,2019-02-26 21:53:00+00:00,14097.0,35138V10,-0.0273667052388191,314038.0,0.0376247204840183,0.0191341061145067,-0.0007882585050538,-0.0058036535046994,0.0178289841860532,0.0025860650930553,-0.0055805393494665,-0.0003231613954994,0.0031176451593637,0.0119358981028199,-0.0128981824964284,0.0217173267155885,-0.0026763535570353,-0.0061431005597114,0.0034727896563708,-0.0338466577231884,0.0605631358921527,0.007596593350172,-0.0008899074746295,0.0212941076606512,-0.0023753512650728,0.0064795352518558,-0.0114582842215895,-0.0114961536601185,0.0037633599713444,-0.0137674482539296,0.0337432511150836,-0.0038721824530512,0.0013056192547082,0.0409808307886123,0.0141988322138786,0.003539509139955,0.0117142815142869,-0.0011784459929913,-0.0309235025197267,-0.000336530531058,0.0247705765068531,-0.0106560634449124,-0.0105219036340713,-0.0115206874907016,-0.0130765354260802,-0.0036077601835131,0.0144146457314491,0.0054410225711762,0.0031577611807733,-0.0078521110117435,0.0489340126514434,-0.0434986501932144,-0.0148683181032538,-0.0074545666575431,0.0193852335214614,0.0089313648641109,0.0180656630545854,0.0146263614296913,-0.0009339519310742,0.0062390533275902,0.0014690252719447,-0.0069897128269076,-0.0098679540678858,-0.0295976866036653,0.0234343148767948,0.0038687710184603,-0.0076325070112943,0.0357429608702659,0.0281129162758588,0.0331180654466152,0.0043854503892362,0.0185528490692377,0.0145113291218876,0.0546068958938121,-0.006202504504472,-0.0135111501440405,-0.0078971181064844,-0.0319347269833087,-0.0056490236893296,-0.0176873244345188,-0.0001290446380153,0.0327417105436325,0.0041322275064885,0.0309113133698701,-0.0060442541725933,0.0476456619799137,0.0122913308441638,-0.0055524567142128,-0.0111195696517825,-0.0351785942912101,0.0029726731590926,-0.0466462634503841,-0.023969080299139,-0.0211630836129188,-0.0055452627129852,0.0099293198436498,0.0292086694389581,-0.0335068553686142,-0.0089008621871471,-0.0401249565184116,-0.0245997570455074,-0.0185412056744098,-0.0088070938363671,-0.0035119215026497,0.0041733649559319,0.0202523041516542,0.0182330161333084,0.0403565913438797,-0.0634628012776374,-0.0366901196539402,0.0070293829776346,0.012648269534111,0.0068407859653234,-0.025423752143979,-0.0192734245210886,0.0186784248799085,-0.0192280579358339,-0.0339650958776474,-0.0041804946959018,0.0196350757032632,0.0204110592603683,0.0222854409366846,-0.0353241302073001,-0.0399089679121971,0.0376247204840183,0.0191341061145067,0.0368068039730427,0.0132194048877964,0.0552920160850705,0.0158396562223832,0.0526745833899842,0.0276324163683989,0.1019139442624974,0.0374710533329825,0.2146245477977173,-0.0311392664552162,0.1123834263758987,-0.0462822969416767,2019-02-27,2019-02-28,2019-03-01,2019-03-04,2019-03-05,2019-03-06,2019-03-07,2019-03-08,2019-03-11,2019-03-12,14097.0,2019-02-26,252.0,-2.7367%,0.0017,1.2738,1.2921,-0.0838,2.3989%,2.8659%,29.9380%,-0.017657,FOXF,14097.0,2019-02-27,252.0,3.7625%,0.0018,1.2697,1.3088,-0.0844,2.4064%,2.8724%,29.8116%,0.033823,FOXF,14097.0,2019-02-28,252.0,-0.0788%,0.0019,1.2576,1.3005,-0.0933,2.4024%,2.8609%,29.4844%,0.002575,FOXF,14097.0,2019-03-01,252.0,1.7829%,0.0019,1.2513,1.2911,-0.1043,2.4013%,2.8558%,29.2970%,0.004539,FOXF,14097.0,2019-03-04,252.0,-0.5581%,0.0021,1.2388,1.3285,-0.1002,2.3960%,2.8509%,29.3641%,0.006408,FOXF,14097.0,2019-03-05,252.0,0.3118%,0.0022,1.2441,1.3739,-0.099,2.3897%,2.8508%,29.7338%,0.009012,FOXF,14097.0,2019-03-06,252.0,-1.2898%,0.0023,1.2413,1.3459,-0.106,2.3908%,2.8524%,29.7479%,0.014813,FOXF,14097.0,2019-03-07,252.0,-0.2676%,0.0023,1.2412,1.3568,-0.103,2.3902%,2.8525%,29.7916%,0.008004,FOXF,14097.0,2019-03-08,252.0,0.3473%,0.0024,1.2391,1.3845,-0.1078,2.3850%,2.8513%,30.0334%,0.00526,FOXF,14097.0,2019-03-11,252.0,6.0563%,0.0026,1.2571,1.3873,-0.1155,2.3931%,2.8730%,30.6203%,0.036466,FOXF,14097.0,2019-03-12,252.0,-0.0890%,0.0026,1.2575,1.3886,-0.1144,2.3931%,2.8712%,30.5289%,-0.00033,FOXF,0.016166,0.018741,0.02328,0.0387,0.102913
17587,FOX FACTORY HOLDING CORP,"Fox Factory Holding Q4 EPS $0.58 Beats $0.56 Estimate, Sales $156.8M Miss $156.83M Estimate",6,uncertain,0.6,0.2,"while the earnings per share (eps) beat estimates, the sales miss could create mixed reactions among investors, leading to uncertainty in the stock price movement.",1,2019-02-26,FOXF,2019-02-26 21:52:00+00:00,14097.0,35138V10,-0.0273667052388191,314038.0,0.0376247204840183,0.0191341061145067,-0.0007882585050538,-0.0058036535046994,0.0178289841860532,0.0025860650930553,-0.0055805393494665,-0.0003231613954994,0.0031176451593637,0.0119358981028199,-0.0128981824964284,0.0217173267155885,-0.0026763535570353,-0.0061431005597114,0.0034727896563708,-0.0338466577231884,0.0605631358921527,0.007596593350172,-0.0008899074746295,0.0212941076606512,-0.0023753512650728,0.0064795352518558,-0.0114582842215895,-0.0114961536601185,0.0037633599713444,-0.0137674482539296,0.0337432511150836,-0.0038721824530512,0.0013056192547082,0.0409808307886123,0.0141988322138786,0.003539509139955,0.0117142815142869,-0.0011784459929913,-0.0309235025197267,-0.000336530531058,0.0247705765068531,-0.0106560634449124,-0.0105219036340713,-0.0115206874907016,-0.0130765354260802,-0.0036077601835131,0.0144146457314491,0.0054410225711762,0.0031577611807733,-0.0078521110117435,0.0489340126514434,-0.0434986501932144,-0.0148683181032538,-0.0074545666575431,0.0193852335214614,0.0089313648641109,0.0180656630545854,0.0146263614296913,-0.0009339519310742,0.0062390533275902,0.0014690252719447,-0.0069897128269076,-0.0098679540678858,-0.0295976866036653,0.0234343148767948,0.0038687710184603,-0.0076325070112943,0.0357429608702659,0.0281129162758588,0.0331180654466152,0.0043854503892362,0.0185528490692377,0.0145113291218876,0.0546068958938121,-0.006202504504472,-0.0135111501440405,-0.0078971181064844,-0.0319347269833087,-0.0056490236893296,-0.0176873244345188,-0.0001290446380153,0.0327417105436325,0.0041322275064885,0.0309113133698701,-0.0060442541725933,0.0476456619799137,0.0122913308441638,-0.0055524567142128,-0.0111195696517825,-0.0351785942912101,0.0029726731590926,-0.0466462634503841,-0.023969080299139,-0.0211630836129188,-0.0055452627129852,0.0099293198436498,0.0292086694389581,-0.0335068553686142,-0.0089008621871471,-0.0401249565184116,-0.0245997570455074,-0.0185412056744098,-0.0088070938363671,-0.0035119215026497,0.0041733649559319,0.0202523041516542,0.0182330161333084,0.0403565913438797,-0.0634628012776374,-0.0366901196539402,0.0070293829776346,0.012648269534111,0.0068407859653234,-0.025423752143979,-0.0192734245210886,0.0186784248799085,-0.0192280579358339,-0.0339650958776474,-0.0041804946959018,0.0196350757032632,0.0204110592603683,0.0222854409366846,-0.0353241302073001,-0.0399089679121971,0.0376247204840183,0.0191341061145067,0.0368068039730427,0.0132194048877964,0.0552920160850705,0.0158396562223832,0.0526745833899842,0.0276324163683989,0.1019139442624974,0.0374710533329825,0.2146245477977173,-0.0311392664552162,0.1123834263758987,-0.0462822969416767,2019-02-27,2019-02-28,2019-03-01,2019-03-04,2019-03-05,2019-03-06,2019-03-07,2019-03-08,2019-03-11,2019-03-12,14097.0,2019-02-26,252.0,-2.7367%,0.0017,1.2738,1.2921,-0.0838,2.3989%,2.8659%,29.9380%,-0.017657,FOXF,14097.0,2019-02-27,252.0,3.7625%,0.0018,1.2697,1.3088,-0.0844,2.4064%,2.8724%,29.8116%,0.033823,FOXF,14097.0,2019-02-28,252.0,-0.0788%,0.0019,1.2576,1.3005,-0.0933,2.4024%,2.8609%,29.4844%,0.002575,FOXF,14097.0,2019-03-01,252.0,1.7829%,0.0019,1.2513,1.2911,-0.1043,2.4013%,2.8558%,29.2970%,0.004539,FOXF,14097.0,2019-03-04,252.0,-0.5581%,0.0021,1.2388,1.3285,-0.1002,2.3960%,2.8509%,29.3641%,0.006408,FOXF,14097.0,2019-03-05,252.0,0.3118%,0.0022,1.2441,1.3739,-0.099,2.3897%,2.8508%,29.7338%,0.009012,FOXF,14097.0,2019-03-06,252.0,-1.2898%,0.0023,1.2413,1.3459,-0.106,2.3908%,2.8524%,29.7479%,0.014813,FOXF,14097.0,2019-03-07,252.0,-0.2676%,0.0023,1.2412,1.3568,-0.103,2.3902%,2.8525%,29.7916%,0.008004,FOXF,14097.0,2019-03-08,252.0,0.3473%,0.0024,1.2391,1.3845,-0.1078,2.3850%,2.8513%,30.0334%,0.00526,FOXF,14097.0,2019-03-11,252.0,6.0563%,0.0026,1.2571,1.3873,-0.1155,2.3931%,2.8730%,30.6203%,0.036466,FOXF,14097.0,2019-03-12,252.0,-0.0890%,0.0026,1.2575,1.3886,-0.1144,2.3931%,2.8712%,30.5289%,-0.00033,FOXF,0.016166,0.018741,0.02328,0.0387,0.102913
17595,FRESHPET INC,"Freshpet Sees FY19 Sales $240M+, Adj. EBITDA $28M+",6,increase,0.8,0.7,"the announcement of strong sales and positive adjusted ebitda suggests strong financial performance, which is likely to boost investor confidence and increase the stock price.",2,2019-02-26,FRPT,2019-02-26 21:59:00+00:00,15067.0,35803910,-0.0020785094238817,466807.0,0.043217908591032,-0.0153491552919149,0.0286998134106397,-0.0116308238357305,-0.0080058667808771,0.0097013292834162,-0.0234776008874177,-0.0207500457763671,0.0055096722207963,0.014455989934504,-0.0141967544332146,0.0220321007072925,-0.0002527068136259,0.0211753062903881,0.0027798991650342,0.0050544990226626,0.0226814895868301,0.0050801769830286,0.0125677250325679,0.0059171924367547,-0.0262838117778301,0.0147380167618393,0.0237440839409828,-0.0038064001128077,0.0253906473517417,-0.0072874617762863,-0.0092856995761394,0.0251798518002033,0.0168228968977928,0.00500557012856,0.0009453344391658,-0.0002780688228085,0.0304604712873697,0.0081278281286358,-0.0524748153984546,-0.0181618016213178,0.0345828384160995,0.0136681087315082,0.0070126941427588,0.0124258296564221,-0.0034819294232875,-0.0182977505028247,0.0051246499642729,-0.0394141040742397,-0.0199304893612861,0.0096800383180379,-0.0347600169479847,-0.0305005721747875,0.0267026014626026,-0.0092975357547402,-0.0009544480126351,0.0358480513095855,-0.015763072296977,0.0105433734133839,-0.0087357591837644,0.0577638074755668,0.0093023516237735,0.013035942800343,0.0191608276218175,-0.01931818947196,0.0099951969459652,-0.0219505671411752,-0.005654992070049,0.0058692819438874,-0.016824621707201,0.0078872898593544,0.0012050912482663,0.032877542078495,0.0353875160217285,0.0781053900718689,-0.0237153377383947,-0.011779268272221,-0.001905259094201,0.0031094052828848,0.0021474624518305,0.0242038294672966,0.0228571202605962,-0.0110236341133713,0.0039572156965732,0.0245240479707717,0.0227219928056001,0.0888967216014862,0.0199501477181911,-0.0414281375706195,0.0102244736626744,-0.0672321543097496,-0.0173817574977874,-0.1133705154061317,-0.0190326571464538,0.030129212886095,0.0120976660400629,0.0219941362738609,0.0358592718839645,-0.0029240434523671,0.0002176860725739,-0.0180878844112157,-0.0045711598359048,0.0081042721867561,-0.0155258933082222,0.0611178688704967,0.0019991148728877,0.0343075543642044,0.0436710529029369,-0.007566197309643,-0.0484282597899437,-0.0243001859635114,0.0334821417927742,0.0216844324022531,0.0075594447553157,-0.015470297075808,0.0182207599282264,-0.0206060707569122,-0.0033684177324175,0.0132023431360721,-0.0008449707529507,-0.002450285712257,-0.0128964185714721,0.006783879827708,0.0072820768691599,0.0068302149884402,0.043217908591032,-0.0153491552919149,0.0731580679142325,-0.0268014558064179,0.0645665073876877,-0.0173601362710545,0.0453007465080526,-0.0238396815096307,0.0697735031331352,0.0352340326388946,0.0939859567846057,0.0934659310990264,0.2244206975749643,0.1949705819822293,2019-02-27,2019-02-28,2019-03-01,2019-03-04,2019-03-05,2019-03-06,2019-03-07,2019-03-08,2019-03-11,2019-03-12,15067.0,2019-02-26,252.0,-0.2079%,0.0025,0.4575,0.2528,-0.7897,2.5293%,2.6693%,10.2092%,-0.0026179999999999,FRPT,15067.0,2019-02-27,252.0,4.3218%,0.0026,0.457,0.2652,-0.7896,2.5410%,2.6809%,10.1601%,0.0412779999999999,FRPT,15067.0,2019-02-28,252.0,2.8700%,0.0027,0.4525,0.263,-0.7988,2.5460%,2.6855%,10.1132%,0.027989,FRPT,15067.0,2019-03-01,252.0,-0.8006%,0.0026,0.4523,0.2626,-0.7908,2.5483%,2.6864%,10.0161%,-0.015312,FRPT,15067.0,2019-03-04,252.0,-2.3478%,0.0025,0.4617,0.249,-0.7973,2.5495%,2.6906%,10.2111%,-0.017081,FRPT,15067.0,2019-03-05,252.0,0.5510%,0.0025,0.4647,0.2739,-0.7961,2.5477%,2.6904%,10.3229%,0.005063,FRPT,15067.0,2019-03-06,252.0,-1.4197%,0.0025,0.4623,0.298,-0.7955,2.5473%,2.6913%,10.4142%,-0.006613,FRPT,15067.0,2019-03-07,252.0,-0.0253%,0.0029,0.489,0.427,-0.7235,2.4565%,2.6102%,11.4305%,0.001032,FRPT,15067.0,2019-03-08,252.0,0.2780%,0.0031,0.4861,0.4754,-0.7306,2.4409%,2.5996%,11.8385%,0.002322,FRPT,15067.0,2019-03-11,252.0,2.2681%,0.003,0.4884,0.5085,-0.7128,2.4325%,2.5934%,12.0200%,0.009839,FRPT,15067.0,2019-03-12,252.0,1.2568%,0.0032,0.5168,0.4984,-0.6845,2.4244%,2.5881%,12.2478%,0.01211,FRPT,0.0386599999999999,0.0666489999999999,0.0513369999999999,0.0393189999999999,0.0580089999999999
17603,FRESHPET INC,"Freshpet Q4 EPS $0.05 Misses $0.10 Estimate, Sales $51.643M Beat $50.42M Estimate",6,decrease,0.7,0.5,"the earnings per share (eps) miss is likely to weigh more heavily on investor sentiment than the sales beat, leading to a potential decrease in stock price.",0,2019-02-26,FRPT,2019-02-26 21:58:00+00:00,15067.0,35803910,-0.0020785094238817,466807.0,0.043217908591032,-0.0153491552919149,0.0286998134106397,-0.0116308238357305,-0.0080058667808771,0.0097013292834162,-0.0234776008874177,-0.0207500457763671,0.0055096722207963,0.014455989934504,-0.0141967544332146,0.0220321007072925,-0.0002527068136259,0.0211753062903881,0.0027798991650342,0.0050544990226626,0.0226814895868301,0.0050801769830286,0.0125677250325679,0.0059171924367547,-0.0262838117778301,0.0147380167618393,0.0237440839409828,-0.0038064001128077,0.0253906473517417,-0.0072874617762863,-0.0092856995761394,0.0251798518002033,0.0168228968977928,0.00500557012856,0.0009453344391658,-0.0002780688228085,0.0304604712873697,0.0081278281286358,-0.0524748153984546,-0.0181618016213178,0.0345828384160995,0.0136681087315082,0.0070126941427588,0.0124258296564221,-0.0034819294232875,-0.0182977505028247,0.0051246499642729,-0.0394141040742397,-0.0199304893612861,0.0096800383180379,-0.0347600169479847,-0.0305005721747875,0.0267026014626026,-0.0092975357547402,-0.0009544480126351,0.0358480513095855,-0.015763072296977,0.0105433734133839,-0.0087357591837644,0.0577638074755668,0.0093023516237735,0.013035942800343,0.0191608276218175,-0.01931818947196,0.0099951969459652,-0.0219505671411752,-0.005654992070049,0.0058692819438874,-0.016824621707201,0.0078872898593544,0.0012050912482663,0.032877542078495,0.0353875160217285,0.0781053900718689,-0.0237153377383947,-0.011779268272221,-0.001905259094201,0.0031094052828848,0.0021474624518305,0.0242038294672966,0.0228571202605962,-0.0110236341133713,0.0039572156965732,0.0245240479707717,0.0227219928056001,0.0888967216014862,0.0199501477181911,-0.0414281375706195,0.0102244736626744,-0.0672321543097496,-0.0173817574977874,-0.1133705154061317,-0.0190326571464538,0.030129212886095,0.0120976660400629,0.0219941362738609,0.0358592718839645,-0.0029240434523671,0.0002176860725739,-0.0180878844112157,-0.0045711598359048,0.0081042721867561,-0.0155258933082222,0.0611178688704967,0.0019991148728877,0.0343075543642044,0.0436710529029369,-0.007566197309643,-0.0484282597899437,-0.0243001859635114,0.0334821417927742,0.0216844324022531,0.0075594447553157,-0.015470297075808,0.0182207599282264,-0.0206060707569122,-0.0033684177324175,0.0132023431360721,-0.0008449707529507,-0.002450285712257,-0.0128964185714721,0.006783879827708,0.0072820768691599,0.0068302149884402,0.043217908591032,-0.0153491552919149,0.0731580679142325,-0.0268014558064179,0.0645665073876877,-0.0173601362710545,0.0453007465080526,-0.0238396815096307,0.0697735031331352,0.0352340326388946,0.0939859567846057,0.0934659310990264,0.2244206975749643,0.1949705819822293,2019-02-27,2019-02-28,2019-03-01,2019-03-04,2019-03-05,2019-03-06,2019-03-07,2019-03-08,2019-03-11,2019-03-12,15067.0,2019-02-26,252.0,-0.2079%,0.0025,0.4575,0.2528,-0.7897,2.5293%,2.6693%,10.2092%,-0.0026179999999999,FRPT,15067.0,2019-02-27,252.0,4.3218%,0.0026,0.457,0.2652,-0.7896,2.5410%,2.6809%,10.1601%,0.0412779999999999,FRPT,15067.0,2019-02-28,252.0,2.8700%,0.0027,0.4525,0.263,-0.7988,2.5460%,2.6855%,10.1132%,0.027989,FRPT,15067.0,2019-03-01,252.0,-0.8006%,0.0026,0.4523,0.2626,-0.7908,2.5483%,2.6864%,10.0161%,-0.015312,FRPT,15067.0,2019-03-04,252.0,-2.3478%,0.0025,0.4617,0.249,-0.7973,2.5495%,2.6906%,10.2111%,-0.017081,FRPT,15067.0,2019-03-05,252.0,0.5510%,0.0025,0.4647,0.2739,-0.7961,2.5477%,2.6904%,10.3229%,0.005063,FRPT,15067.0,2019-03-06,252.0,-1.4197%,0.0025,0.4623,0.298,-0.7955,2.5473%,2.6913%,10.4142%,-0.006613,FRPT,15067.0,2019-03-07,252.0,-0.0253%,0.0029,0.489,0.427,-0.7235,2.4565%,2.6102%,11.4305%,0.001032,FRPT,15067.0,2019-03-08,252.0,0.2780%,0.0031,0.4861,0.4754,-0.7306,2.4409%,2.5996%,11.8385%,0.002322,FRPT,15067.0,2019-03-11,252.0,2.2681%,0.003,0.4884,0.5085,-0.7128,2.4325%,2.5934%,12.0200%,0.009839,FRPT,15067.0,2019-03-12,252.0,1.2568%,0.0032,0.5168,0.4984,-0.6845,2.4244%,2.5881%,12.2478%,0.01211,FRPT,0.0386599999999999,0.0666489999999999,0.0513369999999999,0.0393189999999999,0.0580089999999999
17611,GENPACT LTD,RBC Capital Downgrades Genpact to Sector Perform,6,decrease,0.8,0.6,"a downgrade from rbc capital typically signals reduced expectations for the company's performance, which can lead to a decline in stock price.",0,2019-02-26,G,2019-02-26 12:30:00+00:00,92261.0,G3922B10,-0.003587411949411,1038856.0,-0.0048005897551774,0.0036003277637064,0.001507478300482,0.0039156945422291,0.0096327420324087,-0.0006020606961101,-0.0020870510488748,0.0060569583438336,-0.0011951273772865,0.0024287139531224,-0.0017948361346498,0.0079558845609426,-0.001048814272508,0.0073983259499073,0.0054135429672896,-0.005518096499145,0.0083756735548377,0.0009204903035424,0.0,-0.0045815980993211,0.0029665466863662,0.0657552853226661,0.0029576595406979,-0.0122186839580535,0.0058979876339435,0.014020225033164,0.00175894331187,0.0013059391640126,-0.0023411770816892,0.0169322155416011,0.0002932919305749,0.0097217876464128,0.0170088522136211,0.0070897731930017,-0.0161476749926805,0.0129959322512149,0.0041031474247574,0.0,0.0128430370241403,-0.0044263214804232,-0.0043228105641901,0.0110155455768108,0.0138928955420851,0.0041479063220322,0.0042820875532925,-0.0013807044597342,0.0065377922728657,-0.0085557838901877,0.0016944754170253,0.0135275544598698,0.0062023513019084,0.0098073799163103,-0.0058839758858084,0.0084775621071457,0.0011274215066805,0.0183453317731618,0.001970712095499,-0.0067881578579545,-0.0005619684816338,0.0104692783206701,0.0042170798406004,-0.0043134051375091,0.0011197396088391,0.0010794810950756,0.0053132674656808,0.0172035582363605,-0.0036161630414426,0.0077461851760745,0.005025134421885,0.0257283505052328,-0.0030555725097656,-0.0134378718212246,0.0025076665915548,-0.0074101095087826,0.0025013939011842,0.0097269071266055,0.0105351004749536,0.0,-0.0041152681224048,0.0167363490909338,-0.0035812966525554,0.0158424172550439,0.0011059142416343,-0.0122138010337948,-0.0046947854571044,-0.0299888737499713,0.0072141597047448,-0.0106226745992898,-0.0162534471601247,0.005154616665095,0.0070008402690291,-0.0025706829037517,0.0102892871946096,-0.0062043825164437,-0.0022020870819687,-0.0294013433158397,-0.0068965516984462,-0.0063358079642057,0.0011111365165561,0.009236242622137,0.0008323745569214,-0.0028338620904833,0.003049642778933,-0.0066854516044259,-0.0298507958650589,-0.0054101063869893,0.0245014429092407,-0.0151254907250404,0.0075083556585013,-0.0383471027016639,0.0115926573053002,-0.0042791035957634,-0.0090041421353816,0.0049619455821812,-0.0005506734014488,0.0069953058846294,0.0030303199309855,0.0252732150256633,-0.0043943929485976,-0.0101419622078537,-0.0048005897551774,0.0036003277637064,-0.0033003482395809,0.0075301200897102,0.0063006023896188,0.006923525804257,0.0030002542696099,0.0154827613409227,0.0139865935109153,0.0216859817394834,0.0699348484894573,0.2075812201551694,0.0903890548454207,0.1338159182312022,2019-02-27,2019-02-28,2019-03-01,2019-03-04,2019-03-05,2019-03-06,2019-03-07,2019-03-08,2019-03-11,2019-03-12,92261.0,2019-02-26,252.0,-0.3587%,0.0001,0.6722,0.032,-0.1653,1.1194%,1.3516%,31.3988%,-0.002992,G,92261.0,2019-02-27,252.0,-0.4801%,0.0001,0.6805,0.0156,-0.164,1.1136%,1.3500%,31.9502%,-0.005765,G,92261.0,2019-02-28,252.0,0.1507%,0.0001,0.6791,0.0148,-0.1657,1.1138%,1.3485%,31.7841%,0.003104,G,92261.0,2019-03-01,252.0,0.9633%,0.0001,0.6851,0.0237,-0.1582,1.1127%,1.3497%,32.0381%,0.003948,G,92261.0,2019-03-04,252.0,-0.2087%,0.0001,0.6874,0.0142,-0.1584,1.1122%,1.3497%,32.0964%,0.002097,G,92261.0,2019-03-05,252.0,-0.1195%,0.0001,0.6861,0.0035,-0.1591,1.1115%,1.3477%,31.9797%,-0.000453,G,92261.0,2019-03-06,252.0,-0.1795%,0.0001,0.6906,-0.0098,-0.1558,1.1094%,1.3474%,32.2120%,0.003986,G,92261.0,2019-03-07,252.0,-0.1049%,0.0001,0.6886,-0.0123,-0.1592,1.1096%,1.3473%,32.1700%,0.004003,G,92261.0,2019-03-08,252.0,0.5414%,0.0002,0.6872,-0.0042,-0.1618,1.1094%,1.3471%,32.1722%,0.006574,G,92261.0,2019-03-11,252.0,0.8376%,0.0002,0.6854,0.0018,-0.1574,1.1085%,1.3463%,32.2086%,-0.00278,G,92261.0,2019-03-12,252.0,0.0000%,0.0001,0.6804,0.0038,-0.1623,1.1080%,1.3421%,31.8522%,-0.001924,G,-0.008757,-0.005653,-0.001705,-6.1000000000000886e-05,0.0097979999999999
17619,GENWORTH FINANCIAL INC,"Genworth Reports Aggregated Statutory Capital, Cash Flow Testing Results For Genworth Life Insurance Resulted In Positive Margin OF ~$1.5B",6,increase,0.8,0.7,"the positive margin of approximately $1.5 billion in cash flow testing results suggests strong financial health, which is likely to boost investor confidence and increase the stock price.",2,2019-02-26,GNW,2019-02-26 22:50:00+00:00,90162.0,37247D10,-0.0422885753214359,5496193.0,0.0233766641467809,-0.0651163235306739,-0.0177665408700704,-0.052863385528326,-0.0077519309706985,0.0111359003931284,0.0130208833143115,-0.0110132582485675,0.0205655321478843,-0.002197852358222,-0.0201511140912771,0.0,-0.0231362860649824,-0.0087145883589982,-0.0447367988526821,-0.0043383906595408,-0.0082645202055573,-0.0021644486114382,0.0527777932584285,0.0021691436413675,0.0369393415749073,-0.0149572007358074,-0.0305343829095363,-0.010570865124464,0.049868781119585,-0.0145833687856793,-0.0099999904632568,-0.0041493736207485,0.0,-0.0041322275064885,-0.010101000778377,0.0,0.0076530538499355,0.0210971273481845,-0.0303797777742147,-0.0021053112577646,0.0052219270728528,0.0021097529679536,0.020779263228178,-0.0083682918921113,-0.0101781068369746,-0.0164608899503946,-0.0128535190597176,-0.0020533371716737,-0.0026041641831398,0.0124740004539489,0.0391645170748233,-0.0399202145636081,-0.0175879225134849,0.0060241385363042,0.0025575421750545,0.0020121184643357,0.0178571250289678,0.0,0.0025062633212655,0.0354165807366371,-0.0074999928474426,0.0,-0.0277078412473201,0.0062893521972,-0.0051813423633575,0.0021007880568504,0.0078124925494194,0.0021053112577646,0.002584038535133,0.0042283255606889,-0.0103093292564153,-0.0125260837376117,0.0,0.0191489700227975,-0.0208333134651184,-0.0063425390981137,-0.0026595718227326,0.0150214964523911,-0.0133333206176757,0.0130434660241007,0.0405405014753341,-0.004329000134021,-0.0207792017608881,-0.0170212611556053,0.0,0.0421285070478916,0.0159151051193475,0.0,0.0078328913077712,0.0687204897403717,-0.0181346982717514,-0.0093897739425301,0.0052770399488508,-0.0023418623022735,-0.0183726865798234,-0.0228832736611366,0.0374331846833229,-0.0179775115102529,0.0128865856677293,0.0113635715097188,-0.0356234349310398,0.0,-0.0052770399488508,0.0208817068487405,-0.0238726567476987,0.0117370216175913,-0.0217391736805439,-0.0161662120372057,-0.0749999955296516,0.0164318531751632,0.0300300735980272,-0.0637362524867057,-0.0145772453397512,-0.0421052239835262,-0.0059172245673835,0.0193133372813463,-0.0089285634458065,-0.0127118527889251,0.0270270742475986,-0.0125523889437317,0.0,0.0598669536411762,-0.0175439119338989,-0.0044150068424642,0.0233766641467809,-0.0651163235306739,0.0051948008177407,-0.1145374397440107,-0.0025973998903034,-0.1046770168711556,0.031168864079085,-0.1164835560756244,-0.0155844021719138,-0.1279826742932541,0.002597397895361,-0.1572327062371494,-0.1272727294993972,-0.1125828270320514,2019-02-27,2019-02-28,2019-03-01,2019-03-04,2019-03-05,2019-03-06,2019-03-07,2019-03-08,2019-03-11,2019-03-12,90162.0,2019-02-26,252.0,-4.2289%,0.002,1.0807,0.9828,1.6009,2.9756%,3.1986%,13.4587%,-0.029419,GNW,90162.0,2019-02-27,252.0,2.3377%,0.0022,1.091,0.9706,1.6027,2.9750%,3.2000%,13.5660%,0.022358,GNW,90162.0,2019-02-28,252.0,-1.7767%,0.0022,1.0948,0.9728,1.6084,2.9761%,3.2014%,13.5817%,-0.010672,GNW,90162.0,2019-03-01,252.0,-0.7752%,0.0022,1.0817,0.9534,1.5948,2.9756%,3.1934%,13.1729%,-0.012112,GNW,90162.0,2019-03-04,252.0,1.3021%,0.0022,1.0807,0.9442,1.5979,2.9769%,3.1941%,13.1388%,0.01615,GNW,90162.0,2019-03-05,252.0,2.0566%,0.0022,1.07,0.8787,1.5804,2.9765%,3.1870%,12.7722%,0.029075,GNW,90162.0,2019-03-06,252.0,-2.0151%,0.0021,1.0616,0.8932,1.5729,2.9744%,3.1843%,12.7511%,-0.0008129999999999,GNW,90162.0,2019-03-07,252.0,-2.3136%,0.0017,1.0449,0.7887,1.5209,2.9212%,3.1232%,12.5182%,-0.008705,GNW,90162.0,2019-03-08,252.0,-4.4737%,0.0017,1.0475,0.8382,1.5226,2.9192%,3.1239%,12.6799%,-0.040337,GNW,90162.0,2019-03-11,252.0,-0.8265%,0.0017,1.037,0.8236,1.5197,2.9218%,3.1237%,12.5094%,-0.019062,GNW,90162.0,2019-03-12,252.0,5.2778%,0.0018,1.0375,0.8001,1.5105,2.9399%,3.1367%,12.1504%,0.053617,GNW,-0.007061,-0.017733,-0.029845,0.01538,8.000000000001062e-05
17627,GOLD RESOURCE CORP,"Gold Resource Q4 EPS $0.16 Up From $0.03 YoY, Sales $115.308M Up From $33.307M YoY",6,increase,0.85,0.7,"the significant year-over-year increase in both eps and sales suggests strong financial performance, which is likely to positively influence investor sentiment and drive the stock price up.",2,2019-02-26,GORO,2019-02-26 23:03:00+00:00,12049.0,38068T10,0.0144627466797828,509257.0,-0.0570264235138893,-0.0122448857873678,0.0129589503630995,0.0061602075584232,-0.0810234770178794,0.0124740004539489,-0.0208817068487405,0.0277778040617704,-0.0165876056998968,0.033112496137619,-0.0433735102415084,0.0022124401293694,-0.0277078412473201,0.0111857252195477,0.0392919778823852,-0.0197368767112493,0.0,0.00440528197214,0.0224438086152076,-0.006564597133547,0.0219512563198804,0.0136733129620552,-0.0620525032281875,-0.0131290899589657,0.0076335803605616,-0.0021833518985658,-0.0025252501945942,-0.0150538003072142,-0.0075949295423924,-0.0210526119917631,0.0,0.05790651217103,0.0076530538499355,-0.0088301189243793,-0.0202532056719064,0.0089087840169668,0.0594315305352211,0.0,-0.002438963856548,0.0,-0.0244499109685421,0.0369514673948288,-0.0125313159078359,-0.0023042000830173,-0.0025380686856806,0.0163934826850891,-0.0254453290253877,0.0047058779746294,0.0234987344592809,-0.0116279507055878,-0.0102040721103549,0.0046728923916816,0.0103092677891254,-0.0069604949094355,0.0,0.0093676727265119,0.0178571250289678,-0.0138568002730608,0.0275688953697681,-0.0091533092781901,-0.023983709514141,-0.0086923502385616,-0.012499988079071,0.0161289609968662,-0.0151898590847849,0.0432693064212799,0.0128534575924277,0.0048309136182069,-0.0076142060570418,-0.0024096935521811,-0.0332481116056442,0.0146699119359254,0.0,0.0225000381469726,-0.0185185018926858,0.0282776076346635,-0.0296496320515871,-0.0101781068369746,0.0277778189629316,-0.0075757503509521,-0.0162161998450756,0.0179948415607214,0.0521977506577968,0.0263852626085281,-0.046997345983982,-0.0453400686383247,0.0027397233061492,0.0614973306655883,-0.0191257297992706,-0.1031175181269646,-0.0027855127118527,0.0321782454848289,0.0027932934463024,0.0202020015567541,0.013927630148828,-0.007518789730966,0.0164835005998611,0.0178571250289678,-0.0837837681174278,0.0051282001659274,-0.0383481159806251,0.0025706915184855,-0.0148261506110429,0.0004284575697965,0.0903426632285118,0.0373333618044853,-0.0657142922282219,-0.0259740017354488,-0.0152905052527785,-0.0077320127747952,-0.0217391103506088,0.0157068539410829,-0.0571428760886192,0.0079155601561069,-0.0033670000266283,-0.0078533962368965,0.0236486252397298,0.0352303199470043,-0.0264026150107383,-0.0340313799679279,-0.0570264235138893,-0.0122448857873678,-0.0448064757424913,-0.0061601092669238,-0.1221995763027968,0.0062370499812332,-0.1547861044002155,0.0684326552474017,-0.1646223749675261,0.0590809549285371,-0.1646223781506182,0.1079554783406773,-0.3983729315604127,0.268504537603053,2019-02-27,2019-02-28,2019-03-01,2019-03-04,2019-03-05,2019-03-06,2019-03-07,2019-03-08,2019-03-11,2019-03-12,12049.0,2019-02-26,252.0,1.4463%,0.0008,0.264,1.479,0.477,2.9368%,3.0349%,6.3632%,0.026061,GORO,12049.0,2019-02-27,252.0,-5.7026%,0.0005,0.2578,1.4722,0.4758,2.9605%,3.0565%,6.1847%,-0.059602,GORO,12049.0,2019-02-28,252.0,1.2959%,0.0008,0.2266,1.4513,0.4498,2.9430%,3.0351%,5.9800%,0.014553,GORO,12049.0,2019-03-01,252.0,-8.1023%,0.0006,0.1895,1.396,0.4322,2.9857%,3.0679%,5.2866%,-0.085155,GORO,12049.0,2019-03-04,252.0,-2.0882%,0.0004,0.2043,1.3619,0.4249,2.9825%,3.0612%,5.0714%,-0.016088,GORO,12049.0,2019-03-05,252.0,-1.6588%,0.0004,0.2098,1.3969,0.4331,2.9817%,3.0631%,5.2411%,-0.011089,GORO,12049.0,2019-03-06,252.0,-4.3374%,0.0004,0.2291,1.4398,0.4608,2.9837%,3.0731%,5.7333%,-0.024273,GORO,12049.0,2019-03-07,252.0,-2.7708%,0.0003,0.24,1.4462,0.477,2.9874%,3.0773%,5.7525%,-0.023391,GORO,12049.0,2019-03-08,252.0,3.9292%,0.0006,0.2324,1.4814,0.4631,2.9912%,3.0840%,5.9311%,0.039818,GORO,12049.0,2019-03-11,252.0,0.0000%,0.0004,0.2276,1.5099,0.4819,2.9837%,3.0795%,6.1272%,-0.006479,GORO,12049.0,2019-03-12,252.0,2.2444%,0.0004,0.2028,1.5035,0.4508,2.9814%,3.0755%,6.0266%,0.026398,GORO,-0.033541,-0.018988,-0.104143,-0.13132,-0.1192469999999999
17635,GOLD RESOURCE CORP,"Gold Resources Raises Proven, Probable Reserve Tonnes At Oaxaca Mining Unit, Nevada Mining Unit By Combined Total Of 18 Gold Oz., 14% Silver Oz.",6,increase,0.75,0.6,"the increase in proven and probable reserve tonnes suggests a positive outlook for gold resource corp's future production potential, which is likely to boost investor confidence and stock price.",2,2019-02-26,GORO,2019-02-26 12:46:00+00:00,12049.0,38068T10,0.0144627466797828,509257.0,-0.0570264235138893,-0.0122448857873678,0.0129589503630995,0.0061602075584232,-0.0810234770178794,0.0124740004539489,-0.0208817068487405,0.0277778040617704,-0.0165876056998968,0.033112496137619,-0.0433735102415084,0.0022124401293694,-0.0277078412473201,0.0111857252195477,0.0392919778823852,-0.0197368767112493,0.0,0.00440528197214,0.0224438086152076,-0.006564597133547,0.0219512563198804,0.0136733129620552,-0.0620525032281875,-0.0131290899589657,0.0076335803605616,-0.0021833518985658,-0.0025252501945942,-0.0150538003072142,-0.0075949295423924,-0.0210526119917631,0.0,0.05790651217103,0.0076530538499355,-0.0088301189243793,-0.0202532056719064,0.0089087840169668,0.0594315305352211,0.0,-0.002438963856548,0.0,-0.0244499109685421,0.0369514673948288,-0.0125313159078359,-0.0023042000830173,-0.0025380686856806,0.0163934826850891,-0.0254453290253877,0.0047058779746294,0.0234987344592809,-0.0116279507055878,-0.0102040721103549,0.0046728923916816,0.0103092677891254,-0.0069604949094355,0.0,0.0093676727265119,0.0178571250289678,-0.0138568002730608,0.0275688953697681,-0.0091533092781901,-0.023983709514141,-0.0086923502385616,-0.012499988079071,0.0161289609968662,-0.0151898590847849,0.0432693064212799,0.0128534575924277,0.0048309136182069,-0.0076142060570418,-0.0024096935521811,-0.0332481116056442,0.0146699119359254,0.0,0.0225000381469726,-0.0185185018926858,0.0282776076346635,-0.0296496320515871,-0.0101781068369746,0.0277778189629316,-0.0075757503509521,-0.0162161998450756,0.0179948415607214,0.0521977506577968,0.0263852626085281,-0.046997345983982,-0.0453400686383247,0.0027397233061492,0.0614973306655883,-0.0191257297992706,-0.1031175181269646,-0.0027855127118527,0.0321782454848289,0.0027932934463024,0.0202020015567541,0.013927630148828,-0.007518789730966,0.0164835005998611,0.0178571250289678,-0.0837837681174278,0.0051282001659274,-0.0383481159806251,0.0025706915184855,-0.0148261506110429,0.0004284575697965,0.0903426632285118,0.0373333618044853,-0.0657142922282219,-0.0259740017354488,-0.0152905052527785,-0.0077320127747952,-0.0217391103506088,0.0157068539410829,-0.0571428760886192,0.0079155601561069,-0.0033670000266283,-0.0078533962368965,0.0236486252397298,0.0352303199470043,-0.0264026150107383,-0.0340313799679279,-0.0570264235138893,-0.0122448857873678,-0.0448064757424913,-0.0061601092669238,-0.1221995763027968,0.0062370499812332,-0.1547861044002155,0.0684326552474017,-0.1646223749675261,0.0590809549285371,-0.1646223781506182,0.1079554783406773,-0.3983729315604127,0.268504537603053,2019-02-27,2019-02-28,2019-03-01,2019-03-04,2019-03-05,2019-03-06,2019-03-07,2019-03-08,2019-03-11,2019-03-12,12049.0,2019-02-26,252.0,1.4463%,0.0008,0.264,1.479,0.477,2.9368%,3.0349%,6.3632%,0.026061,GORO,12049.0,2019-02-27,252.0,-5.7026%,0.0005,0.2578,1.4722,0.4758,2.9605%,3.0565%,6.1847%,-0.059602,GORO,12049.0,2019-02-28,252.0,1.2959%,0.0008,0.2266,1.4513,0.4498,2.9430%,3.0351%,5.9800%,0.014553,GORO,12049.0,2019-03-01,252.0,-8.1023%,0.0006,0.1895,1.396,0.4322,2.9857%,3.0679%,5.2866%,-0.085155,GORO,12049.0,2019-03-04,252.0,-2.0882%,0.0004,0.2043,1.3619,0.4249,2.9825%,3.0612%,5.0714%,-0.016088,GORO,12049.0,2019-03-05,252.0,-1.6588%,0.0004,0.2098,1.3969,0.4331,2.9817%,3.0631%,5.2411%,-0.011089,GORO,12049.0,2019-03-06,252.0,-4.3374%,0.0004,0.2291,1.4398,0.4608,2.9837%,3.0731%,5.7333%,-0.024273,GORO,12049.0,2019-03-07,252.0,-2.7708%,0.0003,0.24,1.4462,0.477,2.9874%,3.0773%,5.7525%,-0.023391,GORO,12049.0,2019-03-08,252.0,3.9292%,0.0006,0.2324,1.4814,0.4631,2.9912%,3.0840%,5.9311%,0.039818,GORO,12049.0,2019-03-11,252.0,0.0000%,0.0004,0.2276,1.5099,0.4819,2.9837%,3.0795%,6.1272%,-0.006479,GORO,12049.0,2019-03-12,252.0,2.2444%,0.0004,0.2028,1.5035,0.4508,2.9814%,3.0755%,6.0266%,0.026398,GORO,-0.033541,-0.018988,-0.104143,-0.13132,-0.1192469999999999
17643,GAP INC,Gap Reports $1B Buyback,6,increase,0.8,0.7,a $1 billion buyback typically signals confidence in the company's financial health and can lead to an increase in stock price due to reduced share supply and improved earnings per share.,2,2019-02-26,GPS,2019-02-26 22:31:00+00:00,59010.0,36476010,-0.0111420126631856,4422203.0,0.0205231476575136,0.0149434143677353,0.001577247865498,-0.0008071209304034,0.1618110537528992,-0.0151033056899905,-0.0599796846508979,-0.0011909760069102,-0.0191060099750757,0.0047866310924291,-0.0231532230973243,0.0060192462988197,0.0052670952863991,-0.0075667276978492,-0.0295658316463232,-0.0011932689230889,0.0142691452056169,0.0120772635564208,-0.0125475255772471,-0.00240961718373,0.0011552055366337,-0.0012033969396725,-0.0184615217149257,0.0097205247730016,-0.0090125212445855,-0.0210150200873613,0.0106760989874601,-0.0023734720889478,0.0054773590527474,0.0112000275403261,-0.0143969189375639,-0.0172956176102161,-0.008290528319776,0.0075247734785079,-0.0238853655755519,-0.0094154477119445,0.0118270395323634,-0.0108653735369443,0.0209593102335929,0.0035046788398176,0.0260560549795627,0.0170297157019376,0.0046171927824616,-0.0051221107132732,0.0026809533592313,0.0176422856748104,-0.0030557648278772,-0.0411380119621753,-0.0114942966029048,0.0164126642048358,0.0124031631276011,0.0272982865571975,0.0233537014573812,0.0,-0.0183314550668001,-0.0165811330080032,0.0072408742271363,0.0035657747648656,-0.0203367639333009,-0.0003960486792493,0.0097465887665748,-0.031082097440958,-0.0166023280471563,0.0333069078624248,0.0121712358668446,-0.0416823625564575,0.0147400759160518,0.0460629947483539,-0.0038226444739848,-0.015122190117836,0.0038373132701963,0.0015534335980191,-0.0072630173526704,-0.000388207641663,-0.0292645450681448,0.00546445697546,-0.0063466820865869,-0.019892830401659,0.0331337302923202,0.012393482029438,0.0057960404083132,0.0461912229657173,0.0057625668123364,0.0032520294189453,0.0022918053437024,-0.0179640259593725,-0.0060975551605224,-0.0047676139511168,-0.0134202605113387,-0.0152581920847296,0.0058297561481595,0.0039277449250221,0.0038640024140477,-0.0432168915867805,-0.0123171554878354,-0.0007509782444685,-0.0288386512547731,-0.0305788200348615,0.0056179529055953,0.0117863612249493,-0.0031923353672027,0.0070474976673722,-0.0248198136687278,-0.0011115482775494,-0.066502496600151,-0.0224556624889373,0.0043975543230772,0.02563152089715,-0.0197023097425699,-0.0447125695645809,-0.0053594880737364,0.0326126553118228,0.0004490448336582,0.0240150578320026,-0.0112208258360624,-0.018054524436593,0.0145256323739886,0.0253116767853498,-0.0299776308238506,-0.0003776521480176,0.0205231476575136,0.0149434143677353,0.0221327656138476,0.014124232294824,0.1875251454931894,-0.0011923959931515,0.0949697655803174,0.0023932776824322,0.0450703795484885,0.0092369291968399,0.0419516798541033,-0.0047525092902845,-0.1193172296906019,-0.0418567128282105,2019-02-27,2019-02-28,2019-03-01,2019-03-04,2019-03-05,2019-03-06,2019-03-07,2019-03-08,2019-03-11,2019-03-12,59010.0,2019-02-26,252.0,-1.1142%,-0.0007,0.7294,1.1392,0.5977,2.0944%,2.2717%,15.0027%,-0.000823,GPS,59010.0,2019-02-27,252.0,2.0523%,-0.0006,0.7381,1.1294,0.5992,2.0945%,2.2732%,15.1052%,0.018319,GPS,59010.0,2019-02-28,252.0,0.1577%,-0.0005,0.7279,1.1227,0.5905,2.0921%,2.2665%,14.7919%,0.005037,GPS,59010.0,2019-03-01,252.0,16.1811%,0.0,0.7773,1.1963,0.5946,2.3049%,2.4852%,13.9849%,0.155586,GPS,59010.0,2019-03-04,252.0,-5.9980%,-0.0002,0.7843,1.2211,0.5819,2.3293%,2.5138%,14.1368%,-0.053562,GPS,59010.0,2019-03-05,252.0,-1.9106%,-0.0005,0.7724,1.1204,0.5779,2.2973%,2.4673%,13.3024%,-0.012681,GPS,59010.0,2019-03-06,252.0,-2.3153%,-0.0005,0.7773,1.1219,0.5837,2.2969%,2.4714%,13.6221%,-0.002869,GPS,59010.0,2019-03-07,252.0,0.5267%,-0.0004,0.7695,1.1129,0.5708,2.2986%,2.4698%,13.3799%,0.0142619999999999,GPS,59010.0,2019-03-08,252.0,-2.9566%,-0.0004,0.7702,1.1613,0.5694,2.2880%,2.4654%,13.8696%,-0.027549,GPS,59010.0,2019-03-11,252.0,1.4269%,-0.0003,0.7717,1.1479,0.561,2.2860%,2.4639%,13.9221%,0.001483,GPS,59010.0,2019-03-12,252.0,-1.2548%,-0.0004,0.7684,1.1533,0.5594,2.2869%,2.4633%,13.8113%,-0.010904,GPS,0.017496,0.022533,0.178119,0.111876,0.086299
17651,GETTY REALTY CORP NEW,"Getty Realty Q4 Adj. FFO $0.43, EPS $0.32 vs $0.33 Estimate, Sales $35.054M Beat $34.54M Estimate",6,increase,0.75,0.6,"the company reported adjusted funds from operations (ffo) and sales that exceeded estimates, which typically signals positive performance and can lead to an increase in stock price.",2,2019-02-26,GTY,2019-02-26 23:14:00+00:00,62367.0,37429710,-0.0029629177879542,162360.0,-0.0294205546379089,-0.0105541078373789,0.0088793914765119,0.0088730910792946,0.0072836983017623,0.0050535667687654,-0.0075323893688619,-0.0076696793548762,-0.0033393078483641,0.011638413183391,-0.0118794757872819,0.0066085131838917,0.0024661477655172,0.0021071550436317,0.00215251208283,0.0009039649157784,0.0128873325884342,-0.0139631973579525,0.0006058908766135,0.0020839443895965,-0.013926706276834,0.0041853329166769,0.0018422282300889,0.0176453255116939,-0.0064358836971223,-0.0027305872645229,-0.0070943725295364,0.0,-0.0055918083526194,0.0223324242979288,-0.0037487477529793,0.0056144823320209,0.0190234128385782,0.0097638228908181,-0.0174237545579671,0.0095389261841773,0.007599739357829,0.0080128200352191,0.0113136582076549,0.0061270729638636,-0.0006215182365849,0.0097688427194952,0.0049751196056604,0.0045796334743499,-0.0089728003367781,0.0016382449539378,0.0009367029415443,-0.0029402205254882,0.0056144823320209,-0.0128990523517131,-0.0021713245660066,0.0006453842506743,0.0015543380286544,0.0124142160639166,0.0055866013281047,0.0193140171468257,-0.0012345961295068,0.0036764910910278,-0.0040173381567001,0.0010037031024694,0.0124108446761965,0.0040308674797415,-0.0003065319033339,0.0060831466689705,-0.0076640099287033,0.0157913155853748,0.0037072212435305,0.0044827298261225,-0.0233918782323598,0.0111575899645686,-0.0107154166325926,-0.0069251684471964,0.0127429608255624,-0.0180211048573255,-0.0138408467173576,-0.0016971906879916,0.0207336395978927,0.0020407980773597,0.0106250047683715,-0.0020366418175399,-0.0055658719502389,0.0289905667304992,0.0077736317180097,-0.0453484691679477,-0.0037025280762463,-0.0023286659270524,0.0043356884270906,-0.0066094105131924,0.0043169716373085,-0.0198526848107576,0.0009210555581375,0.0077444263733923,0.014417216181755,-0.0303504168987274,-0.001209583133459,0.0078839482739567,-0.0281562320888042,0.0199420694261789,-0.0003114741994068,-0.0089257471263408,0.0062324949540197,-0.0012734482297673,-0.0024776039645075,0.0035143964923918,-0.0021732286550104,0.0006393398507498,0.01306788995862,0.0364479906857013,-0.0061425291933119,-0.021400773897767,0.0,0.0081726051867008,-0.0132880192250013,0.0132494075223803,-0.0025054782163351,0.0006629253621213,0.005651440937072,0.0090301157906651,0.0,0.0104764942079782,-0.0294205546379089,-0.0105541078373789,-0.020802399783483,-0.001774664318186,-0.0136702198856962,0.0032699340659552,-0.0243684894910845,0.0071620906113096,-0.0184250442986289,0.0047633168335663,-0.031570432069512,0.1291402036437194,-0.037579948293556,0.1537805538350019,2019-02-27,2019-02-28,2019-03-01,2019-03-04,2019-03-05,2019-03-06,2019-03-07,2019-03-08,2019-03-11,2019-03-12,62367.0,2019-02-26,252.0,-0.2963%,0.0015,0.4023,0.381,0.1156,1.1771%,1.2599%,12.7248%,0.000391,GTY,62367.0,2019-02-27,252.0,-2.9421%,0.0013,0.3999,0.376,0.1151,1.1939%,1.2744%,12.2371%,-0.030468,GTY,62367.0,2019-02-28,252.0,0.8879%,0.0014,0.3862,0.3669,0.1031,1.1870%,1.2631%,11.6960%,0.010232,GTY,62367.0,2019-03-01,252.0,0.7284%,0.0015,0.3864,0.3672,0.1024,1.1870%,1.2629%,11.6568%,0.0037619999999999,GTY,62367.0,2019-03-04,252.0,-0.7532%,0.0012,0.4122,0.2869,0.0945,1.1378%,1.2203%,13.0595%,-0.004543,GTY,62367.0,2019-03-05,252.0,-0.3339%,0.0013,0.4178,0.3281,0.0995,1.1290%,1.2161%,13.8193%,-0.001612,GTY,62367.0,2019-03-06,252.0,-1.1879%,0.0013,0.4231,0.3372,0.1067,1.1290%,1.2189%,14.2161%,-0.004366,GTY,62367.0,2019-03-07,252.0,0.2466%,0.0012,0.4163,0.3139,0.0911,1.1236%,1.2110%,13.9154%,0.006434,GTY,62367.0,2019-03-08,252.0,0.2153%,0.0012,0.4166,0.3059,0.0919,1.1227%,1.2096%,13.8403%,0.002976,GTY,62367.0,2019-03-11,252.0,1.2887%,0.0013,0.4197,0.2909,0.0818,1.1170%,1.2060%,14.2087%,0.005967,GTY,62367.0,2019-03-12,252.0,0.0606%,0.0013,0.4257,0.29,0.0884,1.1161%,1.2060%,14.3513%,0.000347,GTY,-0.030077,-0.019845,-0.016083,-0.0222379999999999,-0.0108799999999999
17659,HYATT HOTELS CORP,"Hyatt, Homeinns Announce Strategic JV to Expand Footprint across China",6,increase,0.7,0.6,"the strategic joint venture with homeinns to expand in china suggests growth potential and market expansion for hyatt, which is likely to positively influence investor sentiment and stock price.",2,2019-02-26,H,2019-02-26 08:51:00+00:00,93098.0,44857910,-0.0103997718542814,956021.0,0.0019157003844156,-0.0127999875694513,-0.0061459243297576,0.0061711710877716,0.0178645476698875,-0.0041415840387344,0.000810011581052,0.0103941224515438,0.010522142983973,0.0240531601011753,0.0052062389440834,-0.0030319904908537,-0.030013307929039,-0.0118480557575821,-0.0050657549872994,0.0434844046831131,-0.0044034635648131,-0.0048083206638693,-0.0031789320055395,0.0072649880312383,0.0058236015029251,0.0050107156857848,-0.0024813937488943,-0.0095008248463273,0.000276349397609,0.0009936081478372,0.0042830230668187,-0.0048029944300651,-0.0019259785767644,0.0048261741176247,-0.012129632756114,0.0077241202816367,0.0224640797823667,0.0114294113591313,-0.004093823954463,0.0062600127421319,-0.0119211114943027,0.0102956993505358,-0.0036056321114301,0.0056204297579824,-0.0073764617554843,0.006101245060563,0.0042064366862177,-0.001485974760726,0.0132644083350896,0.0013391454704105,0.0147443804889917,-0.0133588314056396,0.0137154012918472,0.015958234667778,0.0066979234106838,-0.0023805391974747,0.0053227082826197,-0.0095785660669207,0.0146922646090388,0.0113264108076691,0.0036524753086268,-0.0172817856073379,-0.0165064241737127,0.004412995185703,0.0039646234363317,0.0011782301589846,0.0022377013228833,-0.0110690658912062,0.000787989993114,0.0155302919447422,-0.0003936847788281,0.00640071881935,0.006039110943675,0.0404212586581707,0.0018269527936354,-0.0356929413974285,-0.0096391541883349,-0.0094674471765756,0.0027620557229965,-0.0001479387137806,0.0041972678154706,0.0008881947724148,-0.0095349494367837,0.0128954956308007,0.0019781289156526,0.0504016503691673,0.012371608056128,-0.023230742663145,-0.0054601947776973,-0.0030674380250275,0.0030065798200666,-0.0210210438817739,0.0264563877135515,-0.0184229929000139,-0.0176485441625118,0.0084720524027943,0.0031019498128443,-0.0050281565636396,-0.0027058250270783,0.0041580996476113,-0.0083979526534676,0.0013382354518398,-0.0024756018538028,-0.0025214799679815,0.0111024836078286,-0.0193454809486866,-0.0133058568462729,-0.0097940415143966,-0.0213406290858984,-0.0248595047742128,0.0216722767800092,0.0164167564362287,0.0153201278299093,-0.0411989390850067,0.0101883020251989,0.024540739133954,-0.0120005412027239,-0.0128737585619092,-0.0209329724311828,-0.0002768374106381,0.0104263024404645,0.0222096424549818,-0.0126698175445199,-0.0018317425856366,0.0019157003844156,-0.0127999875694513,-0.0042419976949431,-0.006707807394892,0.0135467686049075,-0.0108216104855849,0.0250410757631847,0.0235002029575226,-0.0131362763768775,0.0547009154948883,0.0354405610631076,0.0891438285543098,0.0343458465839743,0.0454714492036998,2019-02-27,2019-02-28,2019-03-01,2019-03-04,2019-03-05,2019-03-06,2019-03-07,2019-03-08,2019-03-11,2019-03-12,93098.0,2019-02-26,252.0,-1.0400%,-0.0005,0.8889,0.2183,-0.2343,1.0366%,1.4560%,49.3071%,-0.008471,H,93098.0,2019-02-27,252.0,0.1916%,-0.0004,0.9004,0.1981,-0.2324,1.0236%,1.4520%,50.3052%,0.00032,H,93098.0,2019-02-28,252.0,-0.6146%,-0.0004,0.8945,0.1939,-0.2358,1.0209%,1.4445%,50.0479%,-0.004075,H,93098.0,2019-03-01,252.0,1.7865%,-0.0004,0.9079,0.2139,-0.2198,1.0162%,1.4480%,50.7479%,0.009828,H,93098.0,2019-03-04,252.0,0.0810%,-0.0004,0.9055,0.2153,-0.2176,1.0171%,1.4459%,50.5203%,0.007154,H,93098.0,2019-03-05,252.0,1.0522%,-0.0003,0.9049,0.2188,-0.2226,1.0193%,1.4473%,50.4002%,0.012117,H,93098.0,2019-03-06,252.0,0.5206%,-0.0002,0.9052,0.1804,-0.2275,1.0208%,1.4473%,50.2548%,0.015563,H,93098.0,2019-03-07,252.0,-3.0013%,-0.0003,0.9163,0.1896,-0.2101,1.0310%,1.4597%,50.1108%,-0.023306,H,93098.0,2019-03-08,252.0,-0.5066%,-0.0003,0.9177,0.174,-0.207,1.0274%,1.4562%,50.2243%,-0.003592,H,93098.0,2019-03-11,252.0,-0.4403%,-0.0005,0.9072,0.1771,-0.1999,1.0315%,1.4530%,49.6011%,-0.01987,H,93098.0,2019-03-12,252.0,-0.3179%,-0.0005,0.9046,0.1798,-0.2018,1.0318%,1.4492%,49.3079%,-0.005201,H,-0.0081509999999999,-0.0122259999999999,-0.0023979999999999,0.016873,-0.0195329999999999
17667,HASBRO INC,"BMO Capital Maintains Underperform on Hasbro, Lowers Price Target to $75",6,decrease,0.8,0.6,"maintaining an 'underperform' rating and lowering the price target typically signals negative sentiment, which is likely to lead to a decrease in stock price.",0,2019-02-26,HAS,2019-02-26 13:20:00+00:00,52978.0,41805610,-0.0177555847913026,903431.0,-0.001890312298201,0.0019767228513956,0.0049715689383447,-0.003360770875588,0.0367490574717521,-0.0072480128146708,0.0072711547836661,-0.0061742616817355,-0.0016918736509978,0.0122684901580214,-0.0047452920116484,-0.0373258888721466,-0.015779310837388,-0.0024452731013298,0.0040369792841374,0.0044657979160547,0.0003446154878474,0.0077633038163185,-0.0049379914999008,-0.0057053603231906,0.00207732594572,-0.009529092349112,-0.003685358678922,-0.0082417586818337,0.0024274543393403,-0.0054644807241857,0.0043818871490657,0.0016420528991147,-0.0019517586333677,0.0062789130024611,-0.0128839612007141,0.002429342130199,-0.0097890263423323,0.0015375562943518,-0.0171825233846902,0.0046342913992702,0.0053885397501289,-0.0011022385442629,0.008575526997447,0.0066571189090609,0.0022437700536102,0.008165500126779,0.0081300195306539,0.0136054949834942,-0.0063113714568316,-0.0096564181149005,0.0077629229053854,0.0023635237012058,-0.0065359193831682,0.0052041984163224,0.0016447296366095,0.0150436097756028,0.0090311588719487,-0.0076353065669536,0.0061606275849044,0.0145681835711002,-0.0003465663176029,-0.004947081208229,-0.0159481950104236,0.0195894204080104,0.0052847554907202,0.0009393193759024,0.0029205607715994,-0.0028100395575165,0.020034959539771,0.0254532676190137,0.0038826535455882,0.0309444237500429,0.020134188234806,0.0370988361537456,0.0055753788910806,-0.0260065235197544,-0.015524523332715,-0.0156307276338338,-0.0075467242859303,0.0014791415305808,0.1423221081495285,-0.0031945218797773,0.025136599317193,0.0039472025819122,-0.0164760313928127,0.03909258171916,0.0109380465000867,-0.001152271986939,-0.008480311371386,-0.0123908938840031,0.0080613391473889,-0.0175155736505985,0.0022579592186957,-0.0218712389469146,0.0143011733889579,-0.0154323885217309,0.0115885743871331,-0.0055912588723003,-0.0101193087175488,0.0035816072486341,-0.0241103284060955,-0.012613458558917,-0.0037553599104285,0.0115669118240475,-0.0034718627575784,-0.0016666593728587,0.0022895019501447,0.0008340247441083,-0.0468765646219253,-0.0406903363764286,0.0083358902484178,-0.0104061281308531,0.0065103326924145,-0.0162456780672073,0.0090348795056343,-0.0124175520613789,-0.0114977341145277,-0.0604026690125465,-0.0103963166475296,0.0038349409587681,0.0090493317693471,0.0092050721868872,0.0212348978966474,-0.0197887867689132,-0.001890312298201,0.0019767228513956,0.0030718588222382,-0.0013906913367804,0.039933804210394,-0.008628624402821,0.045723094127583,-0.0026620759952207,0.0237476606528219,-0.0360219415621507,0.0060255432211506,0.0178235564376663,0.1783007366225988,-0.1103305711030803,2019-02-27,2019-02-28,2019-03-01,2019-03-04,2019-03-05,2019-03-06,2019-03-07,2019-03-08,2019-03-11,2019-03-12,52978.0,2019-02-26,252.0,-1.7756%,-0.0006,0.5795,0.3752,-0.1044,1.4501%,1.6043%,18.3018%,-0.0150099999999999,HAS,52978.0,2019-02-27,252.0,-0.1890%,-0.0006,0.5765,0.3798,-0.1049,1.4496%,1.6028%,18.2049%,-0.00335,HAS,52978.0,2019-02-28,252.0,0.4972%,-0.0006,0.5727,0.3774,-0.1093,1.4500%,1.6012%,17.9958%,0.006321,HAS,52978.0,2019-03-01,252.0,3.6749%,-0.0004,0.5738,0.3791,-0.1221,1.4624%,1.6145%,17.9612%,0.031004,HAS,52978.0,2019-03-04,252.0,0.7271%,-0.0003,0.5681,0.3868,-0.1181,1.4634%,1.6134%,17.7267%,0.012158,HAS,52978.0,2019-03-05,252.0,-0.1692%,-0.0003,0.567,0.3787,-0.119,1.4631%,1.6112%,17.5370%,9.9e-05,HAS,52978.0,2019-03-06,252.0,-0.4745%,-0.0003,0.5606,0.3719,-0.1272,1.4626%,1.6097%,17.4388%,0.004747,HAS,52978.0,2019-03-07,252.0,-1.5779%,-0.0003,0.5691,0.3918,-0.1103,1.4616%,1.6116%,17.7420%,-0.011431,HAS,52978.0,2019-03-08,252.0,0.4037%,-0.0002,0.567,0.4149,-0.1149,1.4560%,1.6082%,18.0285%,0.004816,HAS,52978.0,2019-03-11,252.0,0.0345%,-0.0002,0.5621,0.4019,-0.1198,1.4562%,1.6072%,17.9087%,-0.010284,HAS,52978.0,2019-03-12,252.0,-0.4938%,-0.0001,0.5861,0.3991,-0.0935,1.4451%,1.6023%,18.6557%,-0.005404,HAS,-0.0183599999999999,-0.0120389999999999,0.018965,0.031222,0.013666
17675,HUDBAY MINERALS INC,"Hudbay Reports Discovery Of New Deposit With High-Grade Zinc, High-Grade Gold Intersections Between Chisel North, Lalor Mines",6,increase,0.8,0.7,"the discovery of a new deposit with high-grade zinc and gold is likely to be viewed positively by investors, suggesting potential for increased revenue and profitability.",2,2019-02-26,HBM,2019-02-26 12:58:00+00:00,12332.0,44362810,0.0192307140678167,655870.0,0.0,-0.0174418427050113,-0.0246734507381916,0.0834646001458168,0.0133928805589675,-0.0364188514649868,0.0117474189028143,0.037795316427946,0.0203193537890911,0.0618728920817375,-0.0412518382072448,0.041811890900135,-0.0166973136365413,-0.0017391702858731,-0.0015105365309864,-0.0319865420460701,0.0105899684131145,-0.0083471983671188,0.0224551055580377,0.0,0.0087847644463181,0.0,-0.0348330587148666,-0.013179637491703,0.0345864668488502,0.0,0.0203488171100616,0.0083056800067424,0.009971534833312,0.0066889566369354,-0.0112834870815277,-0.0016694077057763,-0.0014265661593526,-0.0033278630580753,-0.0357142873108387,0.0506993792951107,0.0177777614444494,0.0070422468706965,0.0378457382321357,-0.012173943221569,-0.0182328354567289,0.051188338547945,-0.0128571642562747,-0.0036429839674383,0.0332850962877273,-0.0036298469640314,0.0294117704033851,-0.0265017002820968,0.0122449193149805,0.0071174311451613,-0.0107526779174804,0.0089766094461083,-0.0013587267603725,0.0238970797508955,0.0068027470260858,0.0225563682615757,0.014864882454276,-0.0111524052917957,-0.0039947014302015,0.0170132610946893,0.0026737942826002,0.0095420219004154,-0.0146666849032044,0.0155038619413971,0.0351827107369899,0.0058479011058807,-0.0431372448801994,0.0178571734577417,0.0204917509108781,0.0980391725897789,0.0120482137426734,-0.0437500067055225,-0.0383597835898399,0.01694923825562,-0.0385144725441932,0.0063965315930545,0.0014306479133665,-0.0021276068873703,-0.0228571202605962,-0.0021231907885521,-0.0365497060120105,0.0351647995412349,0.0333838835358619,0.0270881187170743,-0.0279001556336879,-0.0089485375210642,0.0030211452394723,0.0044943778775632,-0.028614467009902,-0.0262582842260599,-0.0077518937177956,-0.0108224488794803,0.0312499701976776,-0.0128205008804798,-0.0106060141697526,-0.0229645371437072,-0.1148545145988464,-0.0164270885288715,-0.0190311651676893,0.0103733846917748,-0.0388007536530494,0.002079049590975,-0.012843981385231,-0.0143442973494529,-0.0539033375680446,-0.0061099254526197,-0.0078585380688309,-0.0611855015158653,0.0,-0.0421245470643043,0.0237623527646064,0.0748031735420227,-0.0309477448463439,-0.0019646815489977,-0.0219561140984296,0.0200401581823825,-0.0020408630371093,0.0395832434296608,-0.0449897348880767,0.0,0.0,-0.0174418427050113,-0.0246734507381916,0.0645669810136253,-0.0116110187579381,0.0257966742575606,0.0203193544458075,0.1304348222760687,-0.0075911878609489,0.1285476635468236,0.0868547541223929,0.2778828508614344,-0.3214422781791431,0.4083333268461622,2019-02-27,2019-02-28,2019-03-01,2019-03-04,2019-03-05,2019-03-06,2019-03-07,2019-03-08,2019-03-11,2019-03-12,12332.0,2019-02-26,252.0,1.9231%,-0.0003,1.5505,1.3716,0.5335,2.8985%,3.3556%,25.3880%,0.032589,HBM,12332.0,2019-02-27,252.0,0.0000%,-0.0004,1.5355,1.3973,0.531,2.8908%,3.3444%,25.2870%,-0.003461,HBM,12332.0,2019-02-28,252.0,-2.4673%,-0.0005,1.5352,1.3965,0.5351,2.8928%,3.3428%,25.1150%,-0.018965,HBM,12332.0,2019-03-01,252.0,1.3393%,-0.0003,1.5134,1.364,0.501,2.8837%,3.3218%,24.6386%,0.00034,HBM,12332.0,2019-03-04,252.0,1.1747%,-0.0002,1.5067,1.3653,0.5075,2.8869%,3.3216%,24.4591%,0.023029,HBM,12332.0,2019-03-05,252.0,2.0319%,0.0,1.5074,1.3895,0.4975,2.8884%,3.3240%,24.4901%,0.028241,HBM,12332.0,2019-03-06,252.0,-4.1252%,-0.0,1.5113,1.4136,0.5053,2.8893%,3.3332%,24.8636%,-0.011371,HBM,12332.0,2019-03-07,252.0,-1.6697%,-0.0001,1.5112,1.4094,0.5039,2.8892%,3.3326%,24.8395%,-0.0017369999999999,HBM,12332.0,2019-03-08,252.0,-0.1511%,-0.0,1.5103,1.4201,0.5019,2.8886%,3.3326%,24.8717%,0.0018759999999999,HBM,12332.0,2019-03-11,252.0,1.0590%,0.0,1.5036,1.3937,0.4903,2.8868%,3.3297%,24.8339%,-0.0145059999999999,HBM,12332.0,2019-03-12,252.0,2.2455%,0.0002,1.5201,1.3799,0.5035,2.8883%,3.3325%,24.8784%,0.0229009999999999,HBM,0.029128,0.010163,0.010503,0.061773,0.058936
17683,HOME DEPOT INC,"An Early Reaction To Home Depot's Sales, Guidance Shortfall",6,decrease,0.8,0.7,"a sales and guidance shortfall typically signals weaker performance expectations, which can lead to a decline in stock price.",0,2019-02-26,HD,2019-02-26 14:45:00+00:00,66181.0,43707610,-0.0088429981842637,13635082.0,-0.0245884489268064,-0.0125266574323177,0.0080034909769892,0.0029714943375438,0.0001620329421712,-0.0001563658006489,-0.0073446054011583,-0.0024956881534308,0.0010336893610656,-0.0003118538297712,0.0024456356186419,0.0249320361763238,-0.01051776856184,-0.0037152855657041,-0.0070133078843355,0.0155778313055634,0.0066766361705958,0.0142138972878456,0.0085507426410913,-0.0087785581126809,-0.0081521775573492,0.0025533000007271,0.0025946849491447,-0.0035188063047826,0.0034138821065425,-0.0089596984907984,0.0065302224829792,-0.0002145217440556,0.0038709340151399,0.0111731709912419,0.0106989694759249,0.0045768884010612,0.0207952447235584,0.0074102873913943,-0.0064220731146633,0.0138571439310908,0.0049271136522293,-0.0007785096531733,-0.001792473369278,-0.0031596012413501,-0.0004753160465043,0.0175418853759765,0.0042800400406122,0.0022612577304244,0.0096285482868552,-0.0012421727878972,0.019542446359992,-0.0137543221935629,-0.0067982100881636,0.0269343331456184,0.0221296027302742,-0.0122571075335145,0.0092643685638904,0.0032299656886607,0.0080319317057728,-0.0130864959210157,0.0073740747757256,-0.0033443290740251,-0.0130189592018723,0.0019546861294656,-0.0073170796968042,-0.0037278039380908,0.0102793117985129,0.0103434501215815,0.0117630055174231,0.0048012095503509,0.0049545965157449,0.0196981821209192,-0.0019037361489608,0.0297135077416896,0.0101726502180099,-0.0220405012369155,-0.0043088812381029,0.0034338047262281,-0.0042789303697645,0.0093996366485953,0.0062017985619604,-0.0005871659377589,0.0032516289502382,0.0121227037161588,-0.0010642473353073,0.0641203969717025,-0.0139951547607779,-0.0145812341943383,-0.0071214428171515,-0.022417202591896,0.0076176952570676,-0.0202912036329507,-0.024054953828454,-0.0145847788080573,0.0111166574060916,0.0123235816136002,-0.0022386794444173,-0.0250739585608243,-0.0046369796618819,-0.0090872598811984,-0.0243450403213501,-0.0019517340697348,0.0020536729134619,0.0116137266159057,-0.0030229869298636,0.0030287394765764,0.0,-0.0063660563901066,-0.0217905510216951,-0.0180155336856842,0.0067248018458485,0.0037649951409548,0.0007306095212697,-0.0354352481663227,0.0032332623377442,0.0078748790547251,0.0010395932476967,0.0265285409986972,-0.0084640402346849,-0.009975703433156,0.0026184865273535,0.0302504990249872,-0.0132671371102333,0.0200211629271507,-0.0245884489268064,-0.0125266574323177,-0.016781751378941,-0.0095923859864023,-0.0166224376333204,-0.0097472518659363,-0.0228359167073729,-0.0125266573265832,-0.0228359164687415,0.02947871819281,0.074924847675037,0.060985134994834,0.0107718413209267,0.1252081150805211,2019-02-27,2019-02-28,2019-03-01,2019-03-04,2019-03-05,2019-03-06,2019-03-07,2019-03-08,2019-03-11,2019-03-12,66181.0,2019-02-26,252.0,-0.8843%,0.0,0.9333,0.0128,0.08,0.9172%,1.3310%,52.5103%,-0.0071819999999999,HD,66181.0,2019-02-27,252.0,-2.4588%,-0.0,0.9371,-0.0014,0.0805,0.9291%,1.3401%,51.9350%,-0.025457,HD,66181.0,2019-02-28,252.0,0.8003%,0.0,0.9312,-0.0051,0.0736,0.9307%,1.3359%,51.4664%,0.0110099999999999,HD,66181.0,2019-03-01,252.0,0.0162%,0.0,0.9273,-0.0109,0.0705,0.9312%,1.3326%,51.1767%,-0.006323,HD,66181.0,2019-03-04,252.0,-0.7345%,0.0,0.9261,-0.0042,0.0702,0.9311%,1.3303%,51.0106%,-0.002931,HD,66181.0,2019-03-05,252.0,0.1034%,0.0001,0.9285,0.0166,0.071,0.9277%,1.3296%,51.3182%,0.002673,HD,66181.0,2019-03-06,252.0,0.2446%,0.0001,0.9199,-0.0007,0.0589,0.9284%,1.3247%,50.8852%,0.010336,HD,66181.0,2019-03-07,252.0,-1.0518%,0.0001,0.9222,0.0051,0.0636,0.9282%,1.3265%,51.0313%,-0.002871,HD,66181.0,2019-03-08,252.0,-0.7013%,0.0001,0.9221,0.0178,0.0628,0.9259%,1.3253%,51.1932%,-0.004969,HD,66181.0,2019-03-11,252.0,0.6677%,0.0001,0.9187,0.0084,0.0591,0.9259%,1.3257%,51.2199%,-0.0068899999999999,HD,66181.0,2019-03-12,252.0,0.8551%,0.0001,0.9126,0.0069,0.0515,0.9254%,1.3184%,50.7339%,0.006235,HD,-0.032639,-0.021629,-0.027952,-0.02821,-0.026369
17691,HOME DEPOT INC,Home Depot shares are trading lower after the company announced 2019 EPS and revenue guidance below the analyst consensus estimates.,6,decrease,0.9,0.7,the announcement of lower eps and revenue guidance than analyst expectations typically leads to a negative reaction in stock prices.,0,2019-02-26,HD,2019-02-26 13:48:00+00:00,66181.0,43707610,-0.0088429981842637,13635082.0,-0.0245884489268064,-0.0125266574323177,0.0080034909769892,0.0029714943375438,0.0001620329421712,-0.0001563658006489,-0.0073446054011583,-0.0024956881534308,0.0010336893610656,-0.0003118538297712,0.0024456356186419,0.0249320361763238,-0.01051776856184,-0.0037152855657041,-0.0070133078843355,0.0155778313055634,0.0066766361705958,0.0142138972878456,0.0085507426410913,-0.0087785581126809,-0.0081521775573492,0.0025533000007271,0.0025946849491447,-0.0035188063047826,0.0034138821065425,-0.0089596984907984,0.0065302224829792,-0.0002145217440556,0.0038709340151399,0.0111731709912419,0.0106989694759249,0.0045768884010612,0.0207952447235584,0.0074102873913943,-0.0064220731146633,0.0138571439310908,0.0049271136522293,-0.0007785096531733,-0.001792473369278,-0.0031596012413501,-0.0004753160465043,0.0175418853759765,0.0042800400406122,0.0022612577304244,0.0096285482868552,-0.0012421727878972,0.019542446359992,-0.0137543221935629,-0.0067982100881636,0.0269343331456184,0.0221296027302742,-0.0122571075335145,0.0092643685638904,0.0032299656886607,0.0080319317057728,-0.0130864959210157,0.0073740747757256,-0.0033443290740251,-0.0130189592018723,0.0019546861294656,-0.0073170796968042,-0.0037278039380908,0.0102793117985129,0.0103434501215815,0.0117630055174231,0.0048012095503509,0.0049545965157449,0.0196981821209192,-0.0019037361489608,0.0297135077416896,0.0101726502180099,-0.0220405012369155,-0.0043088812381029,0.0034338047262281,-0.0042789303697645,0.0093996366485953,0.0062017985619604,-0.0005871659377589,0.0032516289502382,0.0121227037161588,-0.0010642473353073,0.0641203969717025,-0.0139951547607779,-0.0145812341943383,-0.0071214428171515,-0.022417202591896,0.0076176952570676,-0.0202912036329507,-0.024054953828454,-0.0145847788080573,0.0111166574060916,0.0123235816136002,-0.0022386794444173,-0.0250739585608243,-0.0046369796618819,-0.0090872598811984,-0.0243450403213501,-0.0019517340697348,0.0020536729134619,0.0116137266159057,-0.0030229869298636,0.0030287394765764,0.0,-0.0063660563901066,-0.0217905510216951,-0.0180155336856842,0.0067248018458485,0.0037649951409548,0.0007306095212697,-0.0354352481663227,0.0032332623377442,0.0078748790547251,0.0010395932476967,0.0265285409986972,-0.0084640402346849,-0.009975703433156,0.0026184865273535,0.0302504990249872,-0.0132671371102333,0.0200211629271507,-0.0245884489268064,-0.0125266574323177,-0.016781751378941,-0.0095923859864023,-0.0166224376333204,-0.0097472518659363,-0.0228359167073729,-0.0125266573265832,-0.0228359164687415,0.02947871819281,0.074924847675037,0.060985134994834,0.0107718413209267,0.1252081150805211,2019-02-27,2019-02-28,2019-03-01,2019-03-04,2019-03-05,2019-03-06,2019-03-07,2019-03-08,2019-03-11,2019-03-12,66181.0,2019-02-26,252.0,-0.8843%,0.0,0.9333,0.0128,0.08,0.9172%,1.3310%,52.5103%,-0.0071819999999999,HD,66181.0,2019-02-27,252.0,-2.4588%,-0.0,0.9371,-0.0014,0.0805,0.9291%,1.3401%,51.9350%,-0.025457,HD,66181.0,2019-02-28,252.0,0.8003%,0.0,0.9312,-0.0051,0.0736,0.9307%,1.3359%,51.4664%,0.0110099999999999,HD,66181.0,2019-03-01,252.0,0.0162%,0.0,0.9273,-0.0109,0.0705,0.9312%,1.3326%,51.1767%,-0.006323,HD,66181.0,2019-03-04,252.0,-0.7345%,0.0,0.9261,-0.0042,0.0702,0.9311%,1.3303%,51.0106%,-0.002931,HD,66181.0,2019-03-05,252.0,0.1034%,0.0001,0.9285,0.0166,0.071,0.9277%,1.3296%,51.3182%,0.002673,HD,66181.0,2019-03-06,252.0,0.2446%,0.0001,0.9199,-0.0007,0.0589,0.9284%,1.3247%,50.8852%,0.010336,HD,66181.0,2019-03-07,252.0,-1.0518%,0.0001,0.9222,0.0051,0.0636,0.9282%,1.3265%,51.0313%,-0.002871,HD,66181.0,2019-03-08,252.0,-0.7013%,0.0001,0.9221,0.0178,0.0628,0.9259%,1.3253%,51.1932%,-0.004969,HD,66181.0,2019-03-11,252.0,0.6677%,0.0001,0.9187,0.0084,0.0591,0.9259%,1.3257%,51.2199%,-0.0068899999999999,HD,66181.0,2019-03-12,252.0,0.8551%,0.0001,0.9126,0.0069,0.0515,0.9254%,1.3184%,50.7339%,0.006235,HD,-0.032639,-0.021629,-0.027952,-0.02821,-0.026369
17699,HOME DEPOT INC,Home Depot Q4 Comps Up 3.2% Year Over Year,6,increase,0.75,0.6,"a 3.2% year-over-year increase in comparable sales typically indicates strong performance and positive consumer demand, which can lead to a rise in stock price.",2,2019-02-26,HD,2019-02-26 11:07:00+00:00,66181.0,43707610,-0.0088429981842637,13635082.0,-0.0245884489268064,-0.0125266574323177,0.0080034909769892,0.0029714943375438,0.0001620329421712,-0.0001563658006489,-0.0073446054011583,-0.0024956881534308,0.0010336893610656,-0.0003118538297712,0.0024456356186419,0.0249320361763238,-0.01051776856184,-0.0037152855657041,-0.0070133078843355,0.0155778313055634,0.0066766361705958,0.0142138972878456,0.0085507426410913,-0.0087785581126809,-0.0081521775573492,0.0025533000007271,0.0025946849491447,-0.0035188063047826,0.0034138821065425,-0.0089596984907984,0.0065302224829792,-0.0002145217440556,0.0038709340151399,0.0111731709912419,0.0106989694759249,0.0045768884010612,0.0207952447235584,0.0074102873913943,-0.0064220731146633,0.0138571439310908,0.0049271136522293,-0.0007785096531733,-0.001792473369278,-0.0031596012413501,-0.0004753160465043,0.0175418853759765,0.0042800400406122,0.0022612577304244,0.0096285482868552,-0.0012421727878972,0.019542446359992,-0.0137543221935629,-0.0067982100881636,0.0269343331456184,0.0221296027302742,-0.0122571075335145,0.0092643685638904,0.0032299656886607,0.0080319317057728,-0.0130864959210157,0.0073740747757256,-0.0033443290740251,-0.0130189592018723,0.0019546861294656,-0.0073170796968042,-0.0037278039380908,0.0102793117985129,0.0103434501215815,0.0117630055174231,0.0048012095503509,0.0049545965157449,0.0196981821209192,-0.0019037361489608,0.0297135077416896,0.0101726502180099,-0.0220405012369155,-0.0043088812381029,0.0034338047262281,-0.0042789303697645,0.0093996366485953,0.0062017985619604,-0.0005871659377589,0.0032516289502382,0.0121227037161588,-0.0010642473353073,0.0641203969717025,-0.0139951547607779,-0.0145812341943383,-0.0071214428171515,-0.022417202591896,0.0076176952570676,-0.0202912036329507,-0.024054953828454,-0.0145847788080573,0.0111166574060916,0.0123235816136002,-0.0022386794444173,-0.0250739585608243,-0.0046369796618819,-0.0090872598811984,-0.0243450403213501,-0.0019517340697348,0.0020536729134619,0.0116137266159057,-0.0030229869298636,0.0030287394765764,0.0,-0.0063660563901066,-0.0217905510216951,-0.0180155336856842,0.0067248018458485,0.0037649951409548,0.0007306095212697,-0.0354352481663227,0.0032332623377442,0.0078748790547251,0.0010395932476967,0.0265285409986972,-0.0084640402346849,-0.009975703433156,0.0026184865273535,0.0302504990249872,-0.0132671371102333,0.0200211629271507,-0.0245884489268064,-0.0125266574323177,-0.016781751378941,-0.0095923859864023,-0.0166224376333204,-0.0097472518659363,-0.0228359167073729,-0.0125266573265832,-0.0228359164687415,0.02947871819281,0.074924847675037,0.060985134994834,0.0107718413209267,0.1252081150805211,2019-02-27,2019-02-28,2019-03-01,2019-03-04,2019-03-05,2019-03-06,2019-03-07,2019-03-08,2019-03-11,2019-03-12,66181.0,2019-02-26,252.0,-0.8843%,0.0,0.9333,0.0128,0.08,0.9172%,1.3310%,52.5103%,-0.0071819999999999,HD,66181.0,2019-02-27,252.0,-2.4588%,-0.0,0.9371,-0.0014,0.0805,0.9291%,1.3401%,51.9350%,-0.025457,HD,66181.0,2019-02-28,252.0,0.8003%,0.0,0.9312,-0.0051,0.0736,0.9307%,1.3359%,51.4664%,0.0110099999999999,HD,66181.0,2019-03-01,252.0,0.0162%,0.0,0.9273,-0.0109,0.0705,0.9312%,1.3326%,51.1767%,-0.006323,HD,66181.0,2019-03-04,252.0,-0.7345%,0.0,0.9261,-0.0042,0.0702,0.9311%,1.3303%,51.0106%,-0.002931,HD,66181.0,2019-03-05,252.0,0.1034%,0.0001,0.9285,0.0166,0.071,0.9277%,1.3296%,51.3182%,0.002673,HD,66181.0,2019-03-06,252.0,0.2446%,0.0001,0.9199,-0.0007,0.0589,0.9284%,1.3247%,50.8852%,0.010336,HD,66181.0,2019-03-07,252.0,-1.0518%,0.0001,0.9222,0.0051,0.0636,0.9282%,1.3265%,51.0313%,-0.002871,HD,66181.0,2019-03-08,252.0,-0.7013%,0.0001,0.9221,0.0178,0.0628,0.9259%,1.3253%,51.1932%,-0.004969,HD,66181.0,2019-03-11,252.0,0.6677%,0.0001,0.9187,0.0084,0.0591,0.9259%,1.3257%,51.2199%,-0.0068899999999999,HD,66181.0,2019-03-12,252.0,0.8551%,0.0001,0.9126,0.0069,0.0515,0.9254%,1.3184%,50.7339%,0.006235,HD,-0.032639,-0.021629,-0.027952,-0.02821,-0.026369
17707,HOME DEPOT INC,"Home Depot Sees FY19 EPS ~$10.03, Sales Growth ~3.3% Year Over Year, Comps Growth ~5%",6,increase,0.7,0.6,"the projected earnings per share (eps) and sales growth indicate positive financial performance, which is likely to boost investor confidence and increase the stock price.",2,2019-02-26,HD,2019-02-26 11:07:00+00:00,66181.0,43707610,-0.0088429981842637,13635082.0,-0.0245884489268064,-0.0125266574323177,0.0080034909769892,0.0029714943375438,0.0001620329421712,-0.0001563658006489,-0.0073446054011583,-0.0024956881534308,0.0010336893610656,-0.0003118538297712,0.0024456356186419,0.0249320361763238,-0.01051776856184,-0.0037152855657041,-0.0070133078843355,0.0155778313055634,0.0066766361705958,0.0142138972878456,0.0085507426410913,-0.0087785581126809,-0.0081521775573492,0.0025533000007271,0.0025946849491447,-0.0035188063047826,0.0034138821065425,-0.0089596984907984,0.0065302224829792,-0.0002145217440556,0.0038709340151399,0.0111731709912419,0.0106989694759249,0.0045768884010612,0.0207952447235584,0.0074102873913943,-0.0064220731146633,0.0138571439310908,0.0049271136522293,-0.0007785096531733,-0.001792473369278,-0.0031596012413501,-0.0004753160465043,0.0175418853759765,0.0042800400406122,0.0022612577304244,0.0096285482868552,-0.0012421727878972,0.019542446359992,-0.0137543221935629,-0.0067982100881636,0.0269343331456184,0.0221296027302742,-0.0122571075335145,0.0092643685638904,0.0032299656886607,0.0080319317057728,-0.0130864959210157,0.0073740747757256,-0.0033443290740251,-0.0130189592018723,0.0019546861294656,-0.0073170796968042,-0.0037278039380908,0.0102793117985129,0.0103434501215815,0.0117630055174231,0.0048012095503509,0.0049545965157449,0.0196981821209192,-0.0019037361489608,0.0297135077416896,0.0101726502180099,-0.0220405012369155,-0.0043088812381029,0.0034338047262281,-0.0042789303697645,0.0093996366485953,0.0062017985619604,-0.0005871659377589,0.0032516289502382,0.0121227037161588,-0.0010642473353073,0.0641203969717025,-0.0139951547607779,-0.0145812341943383,-0.0071214428171515,-0.022417202591896,0.0076176952570676,-0.0202912036329507,-0.024054953828454,-0.0145847788080573,0.0111166574060916,0.0123235816136002,-0.0022386794444173,-0.0250739585608243,-0.0046369796618819,-0.0090872598811984,-0.0243450403213501,-0.0019517340697348,0.0020536729134619,0.0116137266159057,-0.0030229869298636,0.0030287394765764,0.0,-0.0063660563901066,-0.0217905510216951,-0.0180155336856842,0.0067248018458485,0.0037649951409548,0.0007306095212697,-0.0354352481663227,0.0032332623377442,0.0078748790547251,0.0010395932476967,0.0265285409986972,-0.0084640402346849,-0.009975703433156,0.0026184865273535,0.0302504990249872,-0.0132671371102333,0.0200211629271507,-0.0245884489268064,-0.0125266574323177,-0.016781751378941,-0.0095923859864023,-0.0166224376333204,-0.0097472518659363,-0.0228359167073729,-0.0125266573265832,-0.0228359164687415,0.02947871819281,0.074924847675037,0.060985134994834,0.0107718413209267,0.1252081150805211,2019-02-27,2019-02-28,2019-03-01,2019-03-04,2019-03-05,2019-03-06,2019-03-07,2019-03-08,2019-03-11,2019-03-12,66181.0,2019-02-26,252.0,-0.8843%,0.0,0.9333,0.0128,0.08,0.9172%,1.3310%,52.5103%,-0.0071819999999999,HD,66181.0,2019-02-27,252.0,-2.4588%,-0.0,0.9371,-0.0014,0.0805,0.9291%,1.3401%,51.9350%,-0.025457,HD,66181.0,2019-02-28,252.0,0.8003%,0.0,0.9312,-0.0051,0.0736,0.9307%,1.3359%,51.4664%,0.0110099999999999,HD,66181.0,2019-03-01,252.0,0.0162%,0.0,0.9273,-0.0109,0.0705,0.9312%,1.3326%,51.1767%,-0.006323,HD,66181.0,2019-03-04,252.0,-0.7345%,0.0,0.9261,-0.0042,0.0702,0.9311%,1.3303%,51.0106%,-0.002931,HD,66181.0,2019-03-05,252.0,0.1034%,0.0001,0.9285,0.0166,0.071,0.9277%,1.3296%,51.3182%,0.002673,HD,66181.0,2019-03-06,252.0,0.2446%,0.0001,0.9199,-0.0007,0.0589,0.9284%,1.3247%,50.8852%,0.010336,HD,66181.0,2019-03-07,252.0,-1.0518%,0.0001,0.9222,0.0051,0.0636,0.9282%,1.3265%,51.0313%,-0.002871,HD,66181.0,2019-03-08,252.0,-0.7013%,0.0001,0.9221,0.0178,0.0628,0.9259%,1.3253%,51.1932%,-0.004969,HD,66181.0,2019-03-11,252.0,0.6677%,0.0001,0.9187,0.0084,0.0591,0.9259%,1.3257%,51.2199%,-0.0068899999999999,HD,66181.0,2019-03-12,252.0,0.8551%,0.0001,0.9126,0.0069,0.0515,0.9254%,1.3184%,50.7339%,0.006235,HD,-0.032639,-0.021629,-0.027952,-0.02821,-0.026369
17715,HEICO CORP NEW,"Heico Q1 EPS $0.58 Beats $0.47 Estimate, Sales $466.15M Beat $451.32M Estimate",6,increase,0.8,0.7,"the company reported better-than-expected earnings and sales, which typically boosts investor confidence and can lead to an increase in stock price.",2,2019-02-26,HEI,2019-02-26 22:36:00+00:00,32678.0,42280610,-0.0067911650985479,512366.0,-0.0073717394843697,0.0024465026799589,0.0088257417082786,0.0098829716444015,0.0003200552600901,0.0032330576796084,-0.0070392880588769,0.0032436270266771,-0.0169710181653499,-0.0002162390155717,-0.00688371155411,0.0161467622965574,-0.0028606243431568,0.000769481062889,0.0049652941524982,0.002866300754249,0.0070267827250063,0.0203599277883768,-0.0006541382172144,0.0067949993535876,0.0085096964612603,0.0089123221114277,-0.0030289785936474,-0.001824859296903,-0.0111762844026088,0.0002281159249832,0.0196422804147005,0.0154060209169983,-0.0024752016179263,0.0196055714040994,0.0024813434574753,0.0020118127577006,0.0196943804621696,0.0228785779327154,-0.0297625288367271,0.0184934046119451,0.0146850701421499,0.0143822105601429,0.0028945570811629,-0.0024950669612735,-0.0061999126337468,0.0066558634862303,0.0146283814683556,0.0098921852186322,0.0057245935313403,0.0101204318925738,0.0354168899357318,-0.0275320690125227,-0.0048865247517824,0.0126151135191321,0.0007161094108596,0.0064752981998026,0.0004089236899744,0.0022906630765646,0.0079705575481057,-0.0048125283792614,-0.0021289444994181,0.0030487533658742,-0.004266973119229,0.0029303524643182,0.0090806996449828,0.0119907213374972,0.0091001167893409,0.001808310393244,0.0077153970487415,0.021371966227889,-0.0064631751738488,0.0047720121219754,0.0030024324078112,0.0338495448231697,-0.010576706379652,-0.0391098372638225,0.0084711201488971,-0.018972648307681,0.0055000307038426,0.0097745340317487,0.0292391311377286,0.0045824316330254,9.664833487477154e-05,0.0139386085793376,0.0007729645585641,0.0513607859611511,0.0119714019820094,-0.02410782687366,0.0074413162656128,-0.0196288060396909,-0.0006628758856095,-0.0556116439402103,-0.021794706583023,-0.0118379686027765,0.0035841818898916,0.030563723295927,0.0093629462644457,-0.0372155606746673,0.0198909994214773,-0.0074855885468423,-0.0191279966384172,-0.0214937664568424,-0.0023898289073258,0.0213391929864883,0.0,-0.002812715480104,0.0018206443637609,0.0081370491534471,-0.0173123404383659,-0.0121787842363119,0.0004866950912401,-0.0085727972909808,0.0093394210562109,-0.0332671701908111,0.0048192772082984,0.0136062651872634,-0.0106474878266453,-0.0015357930678874,-0.0042660697363317,-0.0003542604972608,0.0110029689967632,0.0409342572093009,-0.0009630980785004,-0.0163240451365709,-0.0073717394843697,0.0024465026799589,0.0013889411552792,0.0123536530409744,0.001709440953292,0.0156266507934181,-0.0222222413697189,0.0187006343805613,-0.0207264398737115,0.067270607980642,0.047115425595287,0.2006625116888352,0.1082265507179305,0.1405909392727335,2019-02-27,2019-02-28,2019-03-01,2019-03-04,2019-03-05,2019-03-06,2019-03-07,2019-03-08,2019-03-11,2019-03-12,32678.0,2019-02-26,252.0,-0.6791%,0.0012,0.8405,0.3164,-0.4784,1.3287%,1.7108%,39.6771%,-0.005163,HEI,32678.0,2019-02-27,252.0,-0.7372%,0.0011,0.8385,0.3169,-0.4788,1.3302%,1.7101%,39.4989%,-0.009404,HEI,32678.0,2019-02-28,252.0,0.8826%,0.0012,0.8381,0.3169,-0.4812,1.3313%,1.7098%,39.3756%,0.010065,HEI,32678.0,2019-03-01,252.0,0.0320%,0.0009,0.8738,0.3702,-0.4213,1.2729%,1.6773%,42.4051%,-0.008648,HEI,32678.0,2019-03-04,252.0,-0.7039%,0.0009,0.8753,0.3657,-0.4217,1.2728%,1.6779%,42.4627%,0.000538,HEI,32678.0,2019-03-05,252.0,-1.6971%,0.0008,0.8786,0.3808,-0.4134,1.2768%,1.6809%,42.3016%,-0.0154519999999999,HEI,32678.0,2019-03-06,252.0,-0.6884%,0.0009,0.8808,0.368,-0.4127,1.2762%,1.6816%,42.4075%,0.00537,HEI,32678.0,2019-03-07,252.0,-0.2861%,0.0009,0.8821,0.3789,-0.4078,1.2748%,1.6816%,42.5268%,0.003168,HEI,32678.0,2019-03-08,252.0,0.4965%,0.0009,0.8821,0.3666,-0.4071,1.2732%,1.6786%,42.4691%,0.005933,HEI,32678.0,2019-03-11,252.0,0.7027%,0.0009,0.877,0.3555,-0.4108,1.2742%,1.6788%,42.3960%,-0.009644,HEI,32678.0,2019-03-12,252.0,-0.0654%,0.0009,0.8846,0.3552,-0.4021,1.2730%,1.6787%,42.5012%,-0.00227,HEI,-0.014567,-0.004502,-0.01315,-0.028064,-0.025507
17723,HEICO CORP NEW,"Heico Q1 EPS $0.58 Beats $0.47 Estimate, Sales $466.15M Beat $451.32M Estimate",6,increase,0.8,0.7,"the company reported better-than-expected earnings and sales, which typically leads to positive investor sentiment and an increase in stock price.",2,2019-02-26,HEI,2019-02-26 22:36:00+00:00,32678.0,42280610,-0.0067911650985479,512366.0,-0.0073717394843697,0.0024465026799589,0.0088257417082786,0.0098829716444015,0.0003200552600901,0.0032330576796084,-0.0070392880588769,0.0032436270266771,-0.0169710181653499,-0.0002162390155717,-0.00688371155411,0.0161467622965574,-0.0028606243431568,0.000769481062889,0.0049652941524982,0.002866300754249,0.0070267827250063,0.0203599277883768,-0.0006541382172144,0.0067949993535876,0.0085096964612603,0.0089123221114277,-0.0030289785936474,-0.001824859296903,-0.0111762844026088,0.0002281159249832,0.0196422804147005,0.0154060209169983,-0.0024752016179263,0.0196055714040994,0.0024813434574753,0.0020118127577006,0.0196943804621696,0.0228785779327154,-0.0297625288367271,0.0184934046119451,0.0146850701421499,0.0143822105601429,0.0028945570811629,-0.0024950669612735,-0.0061999126337468,0.0066558634862303,0.0146283814683556,0.0098921852186322,0.0057245935313403,0.0101204318925738,0.0354168899357318,-0.0275320690125227,-0.0048865247517824,0.0126151135191321,0.0007161094108596,0.0064752981998026,0.0004089236899744,0.0022906630765646,0.0079705575481057,-0.0048125283792614,-0.0021289444994181,0.0030487533658742,-0.004266973119229,0.0029303524643182,0.0090806996449828,0.0119907213374972,0.0091001167893409,0.001808310393244,0.0077153970487415,0.021371966227889,-0.0064631751738488,0.0047720121219754,0.0030024324078112,0.0338495448231697,-0.010576706379652,-0.0391098372638225,0.0084711201488971,-0.018972648307681,0.0055000307038426,0.0097745340317487,0.0292391311377286,0.0045824316330254,9.664833487477154e-05,0.0139386085793376,0.0007729645585641,0.0513607859611511,0.0119714019820094,-0.02410782687366,0.0074413162656128,-0.0196288060396909,-0.0006628758856095,-0.0556116439402103,-0.021794706583023,-0.0118379686027765,0.0035841818898916,0.030563723295927,0.0093629462644457,-0.0372155606746673,0.0198909994214773,-0.0074855885468423,-0.0191279966384172,-0.0214937664568424,-0.0023898289073258,0.0213391929864883,0.0,-0.002812715480104,0.0018206443637609,0.0081370491534471,-0.0173123404383659,-0.0121787842363119,0.0004866950912401,-0.0085727972909808,0.0093394210562109,-0.0332671701908111,0.0048192772082984,0.0136062651872634,-0.0106474878266453,-0.0015357930678874,-0.0042660697363317,-0.0003542604972608,0.0110029689967632,0.0409342572093009,-0.0009630980785004,-0.0163240451365709,-0.0073717394843697,0.0024465026799589,0.0013889411552792,0.0123536530409744,0.001709440953292,0.0156266507934181,-0.0222222413697189,0.0187006343805613,-0.0207264398737115,0.067270607980642,0.047115425595287,0.2006625116888352,0.1082265507179305,0.1405909392727335,2019-02-27,2019-02-28,2019-03-01,2019-03-04,2019-03-05,2019-03-06,2019-03-07,2019-03-08,2019-03-11,2019-03-12,32678.0,2019-02-26,252.0,-0.6791%,0.0012,0.8405,0.3164,-0.4784,1.3287%,1.7108%,39.6771%,-0.005163,HEI,32678.0,2019-02-27,252.0,-0.7372%,0.0011,0.8385,0.3169,-0.4788,1.3302%,1.7101%,39.4989%,-0.009404,HEI,32678.0,2019-02-28,252.0,0.8826%,0.0012,0.8381,0.3169,-0.4812,1.3313%,1.7098%,39.3756%,0.010065,HEI,32678.0,2019-03-01,252.0,0.0320%,0.0009,0.8738,0.3702,-0.4213,1.2729%,1.6773%,42.4051%,-0.008648,HEI,32678.0,2019-03-04,252.0,-0.7039%,0.0009,0.8753,0.3657,-0.4217,1.2728%,1.6779%,42.4627%,0.000538,HEI,32678.0,2019-03-05,252.0,-1.6971%,0.0008,0.8786,0.3808,-0.4134,1.2768%,1.6809%,42.3016%,-0.0154519999999999,HEI,32678.0,2019-03-06,252.0,-0.6884%,0.0009,0.8808,0.368,-0.4127,1.2762%,1.6816%,42.4075%,0.00537,HEI,32678.0,2019-03-07,252.0,-0.2861%,0.0009,0.8821,0.3789,-0.4078,1.2748%,1.6816%,42.5268%,0.003168,HEI,32678.0,2019-03-08,252.0,0.4965%,0.0009,0.8821,0.3666,-0.4071,1.2732%,1.6786%,42.4691%,0.005933,HEI,32678.0,2019-03-11,252.0,0.7027%,0.0009,0.877,0.3555,-0.4108,1.2742%,1.6788%,42.3960%,-0.009644,HEI,32678.0,2019-03-12,252.0,-0.0654%,0.0009,0.8846,0.3552,-0.4021,1.2730%,1.6787%,42.5012%,-0.00227,HEI,-0.014567,-0.004502,-0.01315,-0.028064,-0.025507
17731,H N I CORP,"Sidoti & Co. Downgrades HNI to Neutral, Lowers Price Target to $43",6,decrease,0.8,0.7,"a downgrade to 'neutral' and a lowered price target typically signal reduced investor confidence, which is likely to lead to a decrease in the stock price.",0,2019-02-26,HNI,2019-02-26 14:46:00+00:00,42439.0,40425110,-0.1146679222583771,418846.0,-0.0053966743871569,0.0031152905430644,0.0480195432901382,0.0092459209263324,-0.0072483196854591,-0.0011993100633844,-0.0028682346455752,0.0057900571264326,-0.000784586649388,0.0122100124135613,-0.024339186027646,0.0250312890857458,-0.0101930601522326,0.0045260321348905,0.0016259499825537,0.0058168824762105,0.0181277599185705,0.0112532600760459,-0.004251922480762,0.0095532899722456,0.0098745375871658,0.0018106491770595,-0.0036997725255787,-0.0038650224450975,0.0127320829778909,-0.0074168057180941,0.0083813434466719,0.001793484436348,0.001298681483604,0.0185281597077846,-0.0337224192917347,-0.0141497105360031,0.0032214478123933,0.0148824984207749,-0.0492373630404472,0.0002611209638416,0.0104138124734163,0.0026185465976595,0.0044568199664354,-0.0195122491568327,0.0155296046286821,0.0046427729539573,-0.0024576776195317,-0.0097062848508358,-0.0065698842518031,-0.0111138829961419,0.0192890800535678,-0.0258365962654352,-0.0140578653663396,0.0286003816872835,0.0145324580371379,0.0112618030980229,0.0102702993899583,-0.0055994200520217,0.0064204884693026,0.005373568739742,-0.0093035213649272,-0.0126326419413089,-0.0126107111573219,-0.0015135610010474,0.0078804595395922,0.0025290457997471,0.0064707919955253,0.0256809778511524,0.0096436319872736,0.0277259647846221,0.0013266928726807,0.0115964524447917,0.0108638005331158,0.0639886185526847,0.0026211917866021,-0.0110670598223805,0.0033987206406891,-0.0053626480512321,-0.0711307823657989,0.0065340776927769,0.002805006224662,0.0008530734921805,0.0215384736657142,0.0017088452586904,-0.0057502486743032,0.0546710602939128,0.0179013404995203,-0.0319859981536865,0.0021645517554134,-0.0083621945232152,-0.0089093362912535,0.0104895280674099,-0.016344279050827,-0.0359550230205059,0.0002768851118162,0.0159816648811101,0.0370985642075538,-0.0110076032578945,0.0104110892862081,-0.002533788094297,-0.0351386554539203,-0.005320600233972,-0.0008214342524297,0.0173789355903863,0.0021923270542174,0.0,0.0038282577879726,-0.0107102897018194,-0.0345954932272434,-0.0078299436718225,0.0189052484929561,-0.0022321939468383,0.0058155381120741,-0.0536044053733348,0.011701513081789,-0.0176394376903772,-0.0159165207296609,0.0073164040222764,-0.0097602419555187,-0.0116219203919172,0.0188679806888103,0.0386266745626926,-0.0171365104615688,-0.0061316862702369,-0.0053966743871569,0.0031152905430644,0.0423637230636244,0.0123900151994207,0.0348083375703338,0.0111758456661221,0.0310306963491997,0.0294485679697298,0.0110631351493588,0.0884564974295663,-0.0070157109714978,0.0634692298626806,-0.0324437595678738,0.1238582047006251,2019-02-27,2019-02-28,2019-03-01,2019-03-04,2019-03-05,2019-03-06,2019-03-07,2019-03-08,2019-03-11,2019-03-12,42439.0,2019-02-26,252.0,-11.4668%,0.0,1.1656,1.0868,0.6469,1.5421%,1.9795%,39.3100%,-0.10492,HNI,42439.0,2019-02-27,252.0,-0.5397%,0.0,1.1676,1.081,0.6472,1.5426%,1.9797%,39.2869%,-0.007834,HNI,42439.0,2019-02-28,252.0,4.8020%,0.0003,1.1503,1.0708,0.6223,1.5762%,1.9945%,37.5447%,0.052941,HNI,42439.0,2019-03-01,252.0,-0.7248%,0.0003,1.1368,1.0508,0.6091,1.5762%,1.9824%,36.7804%,-0.0162369999999999,HNI,42439.0,2019-03-04,252.0,-0.2868%,0.0002,1.1427,1.0272,0.6085,1.5740%,1.9814%,36.8909%,0.004781,HNI,42439.0,2019-03-05,252.0,-0.0785%,0.0003,1.1454,1.0514,0.6083,1.5712%,1.9814%,37.1171%,0.005713,HNI,42439.0,2019-03-06,252.0,-2.4339%,0.0004,1.1542,1.049,0.618,1.5684%,1.9872%,37.7073%,-0.001803,HNI,42439.0,2019-03-07,252.0,-1.0193%,0.0004,1.1533,1.0473,0.6162,1.5684%,1.9866%,37.6655%,0.001955,HNI,42439.0,2019-03-08,252.0,0.1626%,0.0003,1.1547,1.0148,0.6202,1.5576%,1.9738%,37.7280%,0.004597,HNI,42439.0,2019-03-11,252.0,1.8128%,0.0003,1.1547,1.0163,0.621,1.5576%,1.9771%,37.9349%,0.000405,HNI,42439.0,2019-03-12,252.0,-0.4252%,0.0003,1.1595,1.0171,0.6269,1.5573%,1.9756%,37.8616%,-0.003886,HNI,-0.112754,-0.059813,-0.07605,-0.065556,-0.064288
17739,HERON THERAPEUTICS INC,Heron Therapeutics Reports FDA Approval Of Supplemental New Drug Application To Expand CINVANTI Label For IV Push,6,increase,0.8,0.6,"the fda approval to expand the cinvanti label is likely to enhance heron therapeutics' market potential and revenue, which typically leads to a positive reaction in stock price.",2,2019-02-26,HRTX,2019-02-26 21:43:00+00:00,11636.0,42774610,0.0054210196249186,751413.0,-0.0093458024784922,0.0195283964276313,-0.0395500771701335,-0.033131469041109,0.0574235171079635,-0.0095271859318017,0.0050017647445201,0.0346842184662818,-0.0216849874705076,-0.0083273509517312,-0.067223846912384,0.0541984736919403,0.0019477693131193,-0.0041808704845607,0.0007776228012517,-0.0569892525672912,-0.0190365109592676,0.0234776008874177,-0.0075247734785079,0.0014695413410663,-0.0043894136324524,0.011144102551043,-0.0344689600169658,-0.0142804617062211,-0.0161892641335725,-0.0207959823310375,0.0295358151197433,-0.0014321845956146,0.0086065977811813,0.0156363751739263,0.0036570560187101,0.0223048478364944,-0.0024292052257806,-0.0029651566874235,-0.0349025465548038,0.0392912365496158,-0.0264928955584764,0.0046439212746918,0.031965434551239,-0.0230624042451381,-0.0209292601794004,0.0275835655629634,0.0068405237980186,0.0098077682778239,0.0377919897437095,-0.0285823177546262,0.0045007653534412,-0.0292268190532922,0.041140541434288,0.0089585576206445,0.025821590796113,-0.0176017433404922,-0.013729928061366,0.02211394906044,0.008894027210772,0.0289240255951881,0.0019164137775078,-0.0061326120048761,-0.0355776697397232,0.0034615444019436,-0.0015866326866671,0.0260457713156938,-0.0202622264623642,-0.0375996865332126,0.010543399490416,-0.0190014988183975,-0.0409309975802898,0.029930954799056,-0.0150627074763178,-0.0011498921085149,-0.0348343923687934,0.0034615444019436,0.0343310162425041,0.0023130094632506,-0.0212765950709581,0.0922105461359024,0.0478261038661003,0.0097788916900753,-0.0232364926487207,-0.0204081535339355,0.0106202205643057,0.0898774191737175,0.0159730613231658,-0.0072104479186236,-0.0595780126750469,-0.0031446402426809,-0.0461944229900836,-0.0693979859352111,-0.1812730729579926,-0.0216769184917211,0.0056338245049119,-0.0196471437811851,-0.0476190671324729,-0.0012013928499072,0.0347058922052383,-0.0418265610933303,-0.0358158648014068,-0.0236043855547905,-0.0017687960062175,-0.0092798806726932,0.0797401294112205,0.0003713415935635,-0.0153173236176371,0.0143126584589481,-0.0277777779847383,-0.0477044470608234,0.0354286208748817,0.0,0.0005517837125808,-0.0478142574429512,0.0077220797538757,0.0191437918692827,-0.0114943068474531,0.0242424365133047,-0.0138427466154098,-0.0126716159284114,0.028635611757636,0.07491485029459,-0.0425763539969921,0.0192826837301254,-0.0093458024784922,0.0195283964276313,-0.0485262524393846,-0.0142500770751422,0.0061107165814404,-0.0236414998731067,-0.010783578584016,0.0018102524208671,-0.0992092060443508,0.0165319887202235,-0.0938174108848149,0.0642307690350594,-0.3695182838539845,0.0671037303654309,2019-02-27,2019-02-28,2019-03-01,2019-03-04,2019-03-05,2019-03-06,2019-03-07,2019-03-08,2019-03-11,2019-03-12,11636.0,2019-02-26,252.0,0.5421%,0.0012,1.0746,1.2842,-0.2947,3.7806%,4.0503%,12.8745%,0.014466,HRTX,11636.0,2019-02-27,252.0,-0.9346%,0.0011,1.0652,1.2966,-0.2963,3.7795%,4.0477%,12.8124%,-0.013206,HRTX,11636.0,2019-02-28,252.0,-3.9550%,0.001,1.0668,1.2963,-0.2862,3.7865%,4.0522%,12.6803%,-0.037348,HRTX,11636.0,2019-03-01,252.0,5.7424%,0.0014,1.0384,1.2541,-0.3504,3.7761%,4.0368%,12.4969%,0.044749,HRTX,11636.0,2019-03-04,252.0,0.5002%,0.0014,1.045,1.2183,-0.349,3.7756%,4.0353%,12.4558%,0.016694,HRTX,11636.0,2019-03-05,252.0,-2.1685%,0.0013,1.0482,1.231,-0.3399,3.7774%,4.0356%,12.3867%,-0.017059,HRTX,11636.0,2019-03-06,252.0,-6.7224%,0.0009,1.0422,1.3424,-0.3315,3.7764%,4.0465%,12.9010%,-0.042863,HRTX,11636.0,2019-03-07,252.0,0.1948%,0.0011,1.0456,1.3777,-0.317,3.7716%,4.0447%,13.0446%,0.0102499999999999,HRTX,11636.0,2019-03-08,252.0,0.0778%,0.0011,1.0457,1.3754,-0.3168,3.7716%,4.0436%,13.0004%,0.0017599999999999,HRTX,11636.0,2019-03-11,252.0,-1.9037%,0.0009,1.0235,1.3654,-0.311,3.7805%,4.0453%,12.6660%,-0.041306,HRTX,11636.0,2019-03-12,252.0,-0.7525%,0.0009,1.0254,1.3684,-0.3077,3.7807%,4.0452%,12.6496%,-0.006599,HRTX,0.00126,-0.0360879999999999,0.008661,0.008296,-0.070462
17747,HEIDRICK & STRUGGLES INTL INC,Heidrick & Struggles International shares are trading higher after the company beat Q4 EPS and sales estimates; the company also provided Q1 sales guidance inline with analyst estimates.,6,increase,0.8,0.6,"beating q4 eps and sales estimates typically boosts investor confidence, likely leading to an increase in stock price.",2,2019-02-26,HSII,2019-02-26 16:26:00+00:00,86827.0,42281910,0.2737743854522705,803542.0,0.0106654083356261,0.0014788297703489,-0.0110116889700293,0.0122754443436861,0.0037114322185516,-0.0233917906880378,-0.0201062839478254,0.0049956506118178,0.0148584255948662,0.0103918788954615,-0.0204507857561111,0.0138470521196723,-0.0009490494267083,-0.0083581721410155,-0.0283603109419345,0.0204081069678068,0.0252636447548866,0.0067464341409504,-0.0275119077414274,0.0225776489824056,0.0125460838899016,-0.013914680108428,-0.0114188827574253,-0.0046168519183993,0.0014745976077392,-0.0003076406719628,0.0112883206456899,-0.0097501426935195,-0.0194127466529607,0.0101569099351763,-0.0009898766875267,-0.0169439502060413,0.0049541927874088,0.0172359962016344,-0.0451071746647357,0.0083799017593264,0.0105833718553185,0.0015543380286544,0.0094508025795221,-0.0110667264088988,-0.0270748902112245,-0.0124468691647052,0.0200260188430547,0.0141625339165329,-0.0226924866437912,-0.0196197256445884,0.035481259226799,-0.0036089904606342,-0.0045351553708314,-0.0068697594106197,0.0288535375148057,0.0266788993030786,0.0140221323817968,-0.0097175734117627,0.012130033224821,-0.0042334259487688,-0.0112656094133853,-0.0110645620152354,0.0033939245622605,0.0136404037475585,0.0140130911022424,-0.0125710321590304,0.0011913089547306,-0.0011958419345319,-0.0123750707134604,0.0538752675056457,-0.0132529940456152,-0.0034537082538008,-0.0092796348035335,0.0280826613306999,-0.0140497833490371,-0.0186886340379715,-0.0034999847412109,0.0121833654120564,-0.0137982750311493,0.0041854819282889,0.0208598244935274,-0.0041680368594825,-0.0156990047544241,0.0209493059664964,-0.0329113714396953,0.0179939679801464,0.0235601495951414,-0.0102242566645145,0.0209718607366085,-0.0319284796714782,-0.1037074029445648,0.0028818494174629,-0.0422023013234138,-0.041436530649662,0.0140064060688018,0.0140056256204843,0.0198560748249292,-0.0417535863816738,0.0095936842262744,-0.008574835024774,-0.0324203446507453,-0.0064630205743014,-0.0054881176911294,0.0200779736042022,0.0220737904310226,0.0208014789968729,-0.0025684973224997,0.0218818020075559,-0.0145923355594277,-0.015692314133048,-0.0165505148470401,-0.0076335878111422,-0.0203719716519117,-0.079280287027359,0.0087402323260903,-0.029732683673501,-0.0328653194010257,0.045934397727251,0.0077232006005942,-0.0236769430339336,0.0125689720734953,0.0442117638885974,-0.0027248002588748,-0.0285390876233577,0.0106654083356261,0.0014788297703489,-0.0004637247937334,0.0137724274065746,0.0032459863416782,-0.0099415250206239,-0.0023186239428775,0.0053444270669351,-0.0541312885771674,0.0617748914257889,-0.036912575868656,0.0263715949626965,-0.230251167566047,-0.0432325187588485,2019-02-27,2019-02-28,2019-03-01,2019-03-04,2019-03-05,2019-03-06,2019-03-07,2019-03-08,2019-03-11,2019-03-12,86827.0,2019-02-26,252.0,27.3774%,0.0025,0.9417,1.4881,0.4348,3.1961%,3.4108%,12.1924%,0.28915,HSII,86827.0,2019-02-27,252.0,1.0665%,0.0025,0.945,1.4837,0.4354,3.1959%,3.4110%,12.2147%,0.0074119999999999,HSII,86827.0,2019-02-28,252.0,-1.1012%,0.0024,0.9609,1.4942,0.4492,3.1924%,3.4114%,12.4292%,-0.00739,HSII,86827.0,2019-03-01,252.0,0.3711%,0.0022,0.9831,1.5272,0.4873,3.1831%,3.4089%,12.8118%,-0.005833,HSII,86827.0,2019-03-04,252.0,-2.0106%,0.0021,0.99,1.516,0.4829,3.1833%,3.4106%,12.8867%,-0.0108759999999999,HSII,86827.0,2019-03-05,252.0,1.4858%,0.0022,0.9858,1.4971,0.4725,3.1858%,3.4077%,12.6029%,0.02231,HSII,86827.0,2019-03-06,252.0,-2.0451%,0.0022,0.9884,1.4848,0.4737,3.1855%,3.4107%,12.7724%,0.006415,HSII,86827.0,2019-03-07,252.0,-0.0949%,0.0022,0.9788,1.4521,0.4517,3.1818%,3.4016%,12.5083%,0.009668,HSII,86827.0,2019-03-08,252.0,-2.8360%,0.002,0.9841,1.4283,0.4614,3.1840%,3.4014%,12.3731%,-0.026255,HSII,86827.0,2019-03-11,252.0,2.5264%,0.002,0.987,1.4319,0.462,3.1842%,3.4045%,12.5227%,0.007768,HSII,86827.0,2019-03-12,252.0,-2.7512%,0.0018,0.9757,1.4468,0.4551,3.1882%,3.4058%,12.3693%,-0.025691,HSII,0.296562,0.289172,0.283339,0.294773,0.2666779999999999
17755,HEIDRICK & STRUGGLES INTL INC,"Heidrick & Struggles Shares Up 24% Following Q4 EPS $0.58 Beat $0.35 Estimate, Sales $185.305M Beat $176.05M Estimate, Sees Q1 Sales $165M-$175M vs $170.6M Est.",6,increase,0.85,0.7,"the significant earnings and sales beats, along with positive guidance for q1, are likely to boost investor confidence and drive the stock price higher.",2,2019-02-26,HSII,2019-02-26 15:37:00+00:00,86827.0,42281910,0.2737743854522705,803542.0,0.0106654083356261,0.0014788297703489,-0.0110116889700293,0.0122754443436861,0.0037114322185516,-0.0233917906880378,-0.0201062839478254,0.0049956506118178,0.0148584255948662,0.0103918788954615,-0.0204507857561111,0.0138470521196723,-0.0009490494267083,-0.0083581721410155,-0.0283603109419345,0.0204081069678068,0.0252636447548866,0.0067464341409504,-0.0275119077414274,0.0225776489824056,0.0125460838899016,-0.013914680108428,-0.0114188827574253,-0.0046168519183993,0.0014745976077392,-0.0003076406719628,0.0112883206456899,-0.0097501426935195,-0.0194127466529607,0.0101569099351763,-0.0009898766875267,-0.0169439502060413,0.0049541927874088,0.0172359962016344,-0.0451071746647357,0.0083799017593264,0.0105833718553185,0.0015543380286544,0.0094508025795221,-0.0110667264088988,-0.0270748902112245,-0.0124468691647052,0.0200260188430547,0.0141625339165329,-0.0226924866437912,-0.0196197256445884,0.035481259226799,-0.0036089904606342,-0.0045351553708314,-0.0068697594106197,0.0288535375148057,0.0266788993030786,0.0140221323817968,-0.0097175734117627,0.012130033224821,-0.0042334259487688,-0.0112656094133853,-0.0110645620152354,0.0033939245622605,0.0136404037475585,0.0140130911022424,-0.0125710321590304,0.0011913089547306,-0.0011958419345319,-0.0123750707134604,0.0538752675056457,-0.0132529940456152,-0.0034537082538008,-0.0092796348035335,0.0280826613306999,-0.0140497833490371,-0.0186886340379715,-0.0034999847412109,0.0121833654120564,-0.0137982750311493,0.0041854819282889,0.0208598244935274,-0.0041680368594825,-0.0156990047544241,0.0209493059664964,-0.0329113714396953,0.0179939679801464,0.0235601495951414,-0.0102242566645145,0.0209718607366085,-0.0319284796714782,-0.1037074029445648,0.0028818494174629,-0.0422023013234138,-0.041436530649662,0.0140064060688018,0.0140056256204843,0.0198560748249292,-0.0417535863816738,0.0095936842262744,-0.008574835024774,-0.0324203446507453,-0.0064630205743014,-0.0054881176911294,0.0200779736042022,0.0220737904310226,0.0208014789968729,-0.0025684973224997,0.0218818020075559,-0.0145923355594277,-0.015692314133048,-0.0165505148470401,-0.0076335878111422,-0.0203719716519117,-0.079280287027359,0.0087402323260903,-0.029732683673501,-0.0328653194010257,0.045934397727251,0.0077232006005942,-0.0236769430339336,0.0125689720734953,0.0442117638885974,-0.0027248002588748,-0.0285390876233577,0.0106654083356261,0.0014788297703489,-0.0004637247937334,0.0137724274065746,0.0032459863416782,-0.0099415250206239,-0.0023186239428775,0.0053444270669351,-0.0541312885771674,0.0617748914257889,-0.036912575868656,0.0263715949626965,-0.230251167566047,-0.0432325187588485,2019-02-27,2019-02-28,2019-03-01,2019-03-04,2019-03-05,2019-03-06,2019-03-07,2019-03-08,2019-03-11,2019-03-12,86827.0,2019-02-26,252.0,27.3774%,0.0025,0.9417,1.4881,0.4348,3.1961%,3.4108%,12.1924%,0.28915,HSII,86827.0,2019-02-27,252.0,1.0665%,0.0025,0.945,1.4837,0.4354,3.1959%,3.4110%,12.2147%,0.0074119999999999,HSII,86827.0,2019-02-28,252.0,-1.1012%,0.0024,0.9609,1.4942,0.4492,3.1924%,3.4114%,12.4292%,-0.00739,HSII,86827.0,2019-03-01,252.0,0.3711%,0.0022,0.9831,1.5272,0.4873,3.1831%,3.4089%,12.8118%,-0.005833,HSII,86827.0,2019-03-04,252.0,-2.0106%,0.0021,0.99,1.516,0.4829,3.1833%,3.4106%,12.8867%,-0.0108759999999999,HSII,86827.0,2019-03-05,252.0,1.4858%,0.0022,0.9858,1.4971,0.4725,3.1858%,3.4077%,12.6029%,0.02231,HSII,86827.0,2019-03-06,252.0,-2.0451%,0.0022,0.9884,1.4848,0.4737,3.1855%,3.4107%,12.7724%,0.006415,HSII,86827.0,2019-03-07,252.0,-0.0949%,0.0022,0.9788,1.4521,0.4517,3.1818%,3.4016%,12.5083%,0.009668,HSII,86827.0,2019-03-08,252.0,-2.8360%,0.002,0.9841,1.4283,0.4614,3.1840%,3.4014%,12.3731%,-0.026255,HSII,86827.0,2019-03-11,252.0,2.5264%,0.002,0.987,1.4319,0.462,3.1842%,3.4045%,12.5227%,0.007768,HSII,86827.0,2019-03-12,252.0,-2.7512%,0.0018,0.9757,1.4468,0.4551,3.1882%,3.4058%,12.3693%,-0.025691,HSII,0.296562,0.289172,0.283339,0.294773,0.2666779999999999
17763,HURON CONSULTING GROUP INC,"Huron Names Mark Hussey Pres, COO",6,uncertain,0.6,0.3,"the appointment of a new president and coo could have mixed implications for the company's direction and performance, leading to uncertainty in stock price reaction.",1,2019-02-26,HURN,2019-02-26 22:28:00+00:00,90409.0,44746210,-0.0366921946406364,155409.0,-0.0875497236847877,-0.0158102959394455,-0.0483904816210269,0.0066919680684804,0.0460497736930847,-0.0100268144160509,-0.0050073373131453,0.0039546540938317,-0.0111134154722094,0.0250598974525928,0.0055131111294031,0.0094866473227739,0.0023197093978524,0.0037340729031711,0.002314340788871,0.0073350239545106,0.0086062103509902,0.0356446839869022,-0.0189386028796434,0.0138230798766017,0.0059397281147539,0.0168674737215042,0.0061155827715992,0.0,0.0104799838736653,0.0196560006588697,0.0408629179000854,-0.0022472033742815,-0.0091669801622629,0.0147180566564202,-0.0285599753260612,-0.0022750112693756,0.005797155201435,0.0168243795633316,-0.0421984978020191,0.0050728777423501,0.0124651156365871,0.0106814783066511,0.005094414576888,-0.0143188098445534,0.0179514735937118,0.0074247410520911,-0.0002075131924357,0.0087738037109375,-0.0201286040246486,-0.0093279341235756,0.0055061057209968,-0.0278236251324415,-0.0149536458775401,-0.0012351043988019,0.0064143519848585,-0.0002057691162917,0.0044614211656153,-0.0030775854829698,0.0158629454672336,0.0095278155058622,-0.0083280811086297,-0.0140903089195489,-0.021625081077218,-0.0356439054012298,0.0118026407435536,-0.0023576177190989,0.0125132584944367,0.0155627019703388,-0.0039799422957003,0.0149857802316546,0.0065194820053875,-0.0076366011053323,-0.0079398462548851,0.0264026150107383,-0.0031591767910867,-0.0400000102818012,-0.0057046366855502,-0.0157864224165678,-0.0148746436461806,0.0180555526167154,0.0278257317841053,0.0130653576925396,0.0090241404250264,0.0194672290235757,0.0014559003757312,0.010142782703042,0.0051921079866588,-0.0110541889443993,0.0057850987650454,-0.0095296278595924,-0.0071897795423865,0.0002027645823545,0.0128284487873315,-0.0132079217582941,0.0046986625529825,0.001202191459015,0.0091500766575336,-0.0253856517374515,0.0016118882922455,-0.0191534198820591,-0.0018105040071532,-0.0132300276309251,-0.0229745954275131,0.0299786049872636,0.0010313374223187,-0.0067672519944608,-0.0043272017501294,-0.0074841561727225,-0.0333195477724075,0.0092969117686152,0.0104902954772114,-0.0300582088530063,0.0052966102957725,-0.0489548258483409,-0.0027397484518587,0.0053889537230134,0.0080304536968469,0.0149498581886291,0.0098531953990459,-0.0067005204036831,-0.0014531803317368,0.0210798699408769,-0.0022868358064442,0.0035257458221167,-0.0875497236847877,-0.0158102959394454,-0.13170363201092,-0.0092241298665449,-0.0917187807664955,-0.0191584556442744,-0.1063104131649441,0.0093974264646008,-0.1066894248733216,0.0817535452656317,-0.1169225304855443,0.0787711756516311,-0.0905817429132391,0.0165151158582663,2019-02-27,2019-02-28,2019-03-01,2019-03-04,2019-03-05,2019-03-06,2019-03-07,2019-03-08,2019-03-11,2019-03-12,90409.0,2019-02-26,252.0,-3.6692%,0.0011,0.8992,0.3792,0.3076,1.9193%,2.1238%,18.3308%,-0.032247,HURN,90409.0,2019-02-27,252.0,-8.7550%,0.0007,0.8959,0.3588,0.3068,2.0009%,2.1950%,16.9002%,-0.08881,HURN,90409.0,2019-02-28,252.0,-4.8390%,0.0006,0.896,0.3573,0.3176,2.0186%,2.2092%,16.5082%,-0.045018,HURN,90409.0,2019-03-01,252.0,4.6050%,0.0013,0.8195,0.2436,0.1811,1.8318%,2.0116%,17.0720%,0.039743,HURN,90409.0,2019-03-04,252.0,-0.5007%,0.0012,0.826,0.2239,0.1791,1.8299%,2.0117%,17.2512%,-0.000568,HURN,90409.0,2019-03-05,252.0,-1.1113%,0.0011,0.827,0.2256,0.1835,1.8309%,2.0122%,17.2076%,-0.008675,HURN,90409.0,2019-03-06,252.0,0.5513%,0.0013,0.8331,0.1866,0.1851,1.8275%,2.0105%,17.3690%,0.015139,HURN,90409.0,2019-03-07,252.0,0.2320%,0.0013,0.8265,0.1706,0.1717,1.8269%,2.0080%,17.2232%,0.009803,HURN,90409.0,2019-03-08,252.0,0.2314%,0.0012,0.8271,0.153,0.1737,1.8242%,2.0052%,17.2328%,0.004249,HURN,90409.0,2019-03-11,252.0,0.8606%,0.0012,0.8248,0.1495,0.1729,1.8245%,2.0057%,17.2578%,-0.003456,HURN,90409.0,2019-03-12,252.0,-1.8939%,0.0012,0.8361,0.1568,0.1889,1.8270%,2.0098%,17.3604%,-0.020534,HURN,-0.121057,-0.166075,-0.126332,-0.135575,-0.130374
17771,HURON CONSULTING GROUP INC,Huron Consulting Sees FY19 Sales Before REimbursable Expenses $800M-$840M,6,increase,0.7,0.6,"the projected sales range of $800m-$840m suggests positive growth expectations, which could lead to an increase in investor confidence and stock price.",2,2019-02-26,HURN,2019-02-26 22:05:00+00:00,90409.0,44746210,-0.0366921946406364,155409.0,-0.0875497236847877,-0.0158102959394455,-0.0483904816210269,0.0066919680684804,0.0460497736930847,-0.0100268144160509,-0.0050073373131453,0.0039546540938317,-0.0111134154722094,0.0250598974525928,0.0055131111294031,0.0094866473227739,0.0023197093978524,0.0037340729031711,0.002314340788871,0.0073350239545106,0.0086062103509902,0.0356446839869022,-0.0189386028796434,0.0138230798766017,0.0059397281147539,0.0168674737215042,0.0061155827715992,0.0,0.0104799838736653,0.0196560006588697,0.0408629179000854,-0.0022472033742815,-0.0091669801622629,0.0147180566564202,-0.0285599753260612,-0.0022750112693756,0.005797155201435,0.0168243795633316,-0.0421984978020191,0.0050728777423501,0.0124651156365871,0.0106814783066511,0.005094414576888,-0.0143188098445534,0.0179514735937118,0.0074247410520911,-0.0002075131924357,0.0087738037109375,-0.0201286040246486,-0.0093279341235756,0.0055061057209968,-0.0278236251324415,-0.0149536458775401,-0.0012351043988019,0.0064143519848585,-0.0002057691162917,0.0044614211656153,-0.0030775854829698,0.0158629454672336,0.0095278155058622,-0.0083280811086297,-0.0140903089195489,-0.021625081077218,-0.0356439054012298,0.0118026407435536,-0.0023576177190989,0.0125132584944367,0.0155627019703388,-0.0039799422957003,0.0149857802316546,0.0065194820053875,-0.0076366011053323,-0.0079398462548851,0.0264026150107383,-0.0031591767910867,-0.0400000102818012,-0.0057046366855502,-0.0157864224165678,-0.0148746436461806,0.0180555526167154,0.0278257317841053,0.0130653576925396,0.0090241404250264,0.0194672290235757,0.0014559003757312,0.010142782703042,0.0051921079866588,-0.0110541889443993,0.0057850987650454,-0.0095296278595924,-0.0071897795423865,0.0002027645823545,0.0128284487873315,-0.0132079217582941,0.0046986625529825,0.001202191459015,0.0091500766575336,-0.0253856517374515,0.0016118882922455,-0.0191534198820591,-0.0018105040071532,-0.0132300276309251,-0.0229745954275131,0.0299786049872636,0.0010313374223187,-0.0067672519944608,-0.0043272017501294,-0.0074841561727225,-0.0333195477724075,0.0092969117686152,0.0104902954772114,-0.0300582088530063,0.0052966102957725,-0.0489548258483409,-0.0027397484518587,0.0053889537230134,0.0080304536968469,0.0149498581886291,0.0098531953990459,-0.0067005204036831,-0.0014531803317368,0.0210798699408769,-0.0022868358064442,0.0035257458221167,-0.0875497236847877,-0.0158102959394454,-0.13170363201092,-0.0092241298665449,-0.0917187807664955,-0.0191584556442744,-0.1063104131649441,0.0093974264646008,-0.1066894248733216,0.0817535452656317,-0.1169225304855443,0.0787711756516311,-0.0905817429132391,0.0165151158582663,2019-02-27,2019-02-28,2019-03-01,2019-03-04,2019-03-05,2019-03-06,2019-03-07,2019-03-08,2019-03-11,2019-03-12,90409.0,2019-02-26,252.0,-3.6692%,0.0011,0.8992,0.3792,0.3076,1.9193%,2.1238%,18.3308%,-0.032247,HURN,90409.0,2019-02-27,252.0,-8.7550%,0.0007,0.8959,0.3588,0.3068,2.0009%,2.1950%,16.9002%,-0.08881,HURN,90409.0,2019-02-28,252.0,-4.8390%,0.0006,0.896,0.3573,0.3176,2.0186%,2.2092%,16.5082%,-0.045018,HURN,90409.0,2019-03-01,252.0,4.6050%,0.0013,0.8195,0.2436,0.1811,1.8318%,2.0116%,17.0720%,0.039743,HURN,90409.0,2019-03-04,252.0,-0.5007%,0.0012,0.826,0.2239,0.1791,1.8299%,2.0117%,17.2512%,-0.000568,HURN,90409.0,2019-03-05,252.0,-1.1113%,0.0011,0.827,0.2256,0.1835,1.8309%,2.0122%,17.2076%,-0.008675,HURN,90409.0,2019-03-06,252.0,0.5513%,0.0013,0.8331,0.1866,0.1851,1.8275%,2.0105%,17.3690%,0.015139,HURN,90409.0,2019-03-07,252.0,0.2320%,0.0013,0.8265,0.1706,0.1717,1.8269%,2.0080%,17.2232%,0.009803,HURN,90409.0,2019-03-08,252.0,0.2314%,0.0012,0.8271,0.153,0.1737,1.8242%,2.0052%,17.2328%,0.004249,HURN,90409.0,2019-03-11,252.0,0.8606%,0.0012,0.8248,0.1495,0.1729,1.8245%,2.0057%,17.2578%,-0.003456,HURN,90409.0,2019-03-12,252.0,-1.8939%,0.0012,0.8361,0.1568,0.1889,1.8270%,2.0098%,17.3604%,-0.020534,HURN,-0.121057,-0.166075,-0.126332,-0.135575,-0.130374
17779,HURON CONSULTING GROUP INC,"Huron Consulting Group Q4 EPS $0.66 Misses $0.67 Estimate, Sales $205.454M Beat $196.95M Estimate",6,uncertain,0.6,0.2,"while huron consulting group's sales beat estimates, the earnings per share miss could lead to mixed reactions from investors, making the overall impact on stock price uncertain.",1,2019-02-26,HURN,2019-02-26 22:05:00+00:00,90409.0,44746210,-0.0366921946406364,155409.0,-0.0875497236847877,-0.0158102959394455,-0.0483904816210269,0.0066919680684804,0.0460497736930847,-0.0100268144160509,-0.0050073373131453,0.0039546540938317,-0.0111134154722094,0.0250598974525928,0.0055131111294031,0.0094866473227739,0.0023197093978524,0.0037340729031711,0.002314340788871,0.0073350239545106,0.0086062103509902,0.0356446839869022,-0.0189386028796434,0.0138230798766017,0.0059397281147539,0.0168674737215042,0.0061155827715992,0.0,0.0104799838736653,0.0196560006588697,0.0408629179000854,-0.0022472033742815,-0.0091669801622629,0.0147180566564202,-0.0285599753260612,-0.0022750112693756,0.005797155201435,0.0168243795633316,-0.0421984978020191,0.0050728777423501,0.0124651156365871,0.0106814783066511,0.005094414576888,-0.0143188098445534,0.0179514735937118,0.0074247410520911,-0.0002075131924357,0.0087738037109375,-0.0201286040246486,-0.0093279341235756,0.0055061057209968,-0.0278236251324415,-0.0149536458775401,-0.0012351043988019,0.0064143519848585,-0.0002057691162917,0.0044614211656153,-0.0030775854829698,0.0158629454672336,0.0095278155058622,-0.0083280811086297,-0.0140903089195489,-0.021625081077218,-0.0356439054012298,0.0118026407435536,-0.0023576177190989,0.0125132584944367,0.0155627019703388,-0.0039799422957003,0.0149857802316546,0.0065194820053875,-0.0076366011053323,-0.0079398462548851,0.0264026150107383,-0.0031591767910867,-0.0400000102818012,-0.0057046366855502,-0.0157864224165678,-0.0148746436461806,0.0180555526167154,0.0278257317841053,0.0130653576925396,0.0090241404250264,0.0194672290235757,0.0014559003757312,0.010142782703042,0.0051921079866588,-0.0110541889443993,0.0057850987650454,-0.0095296278595924,-0.0071897795423865,0.0002027645823545,0.0128284487873315,-0.0132079217582941,0.0046986625529825,0.001202191459015,0.0091500766575336,-0.0253856517374515,0.0016118882922455,-0.0191534198820591,-0.0018105040071532,-0.0132300276309251,-0.0229745954275131,0.0299786049872636,0.0010313374223187,-0.0067672519944608,-0.0043272017501294,-0.0074841561727225,-0.0333195477724075,0.0092969117686152,0.0104902954772114,-0.0300582088530063,0.0052966102957725,-0.0489548258483409,-0.0027397484518587,0.0053889537230134,0.0080304536968469,0.0149498581886291,0.0098531953990459,-0.0067005204036831,-0.0014531803317368,0.0210798699408769,-0.0022868358064442,0.0035257458221167,-0.0875497236847877,-0.0158102959394454,-0.13170363201092,-0.0092241298665449,-0.0917187807664955,-0.0191584556442744,-0.1063104131649441,0.0093974264646008,-0.1066894248733216,0.0817535452656317,-0.1169225304855443,0.0787711756516311,-0.0905817429132391,0.0165151158582663,2019-02-27,2019-02-28,2019-03-01,2019-03-04,2019-03-05,2019-03-06,2019-03-07,2019-03-08,2019-03-11,2019-03-12,90409.0,2019-02-26,252.0,-3.6692%,0.0011,0.8992,0.3792,0.3076,1.9193%,2.1238%,18.3308%,-0.032247,HURN,90409.0,2019-02-27,252.0,-8.7550%,0.0007,0.8959,0.3588,0.3068,2.0009%,2.1950%,16.9002%,-0.08881,HURN,90409.0,2019-02-28,252.0,-4.8390%,0.0006,0.896,0.3573,0.3176,2.0186%,2.2092%,16.5082%,-0.045018,HURN,90409.0,2019-03-01,252.0,4.6050%,0.0013,0.8195,0.2436,0.1811,1.8318%,2.0116%,17.0720%,0.039743,HURN,90409.0,2019-03-04,252.0,-0.5007%,0.0012,0.826,0.2239,0.1791,1.8299%,2.0117%,17.2512%,-0.000568,HURN,90409.0,2019-03-05,252.0,-1.1113%,0.0011,0.827,0.2256,0.1835,1.8309%,2.0122%,17.2076%,-0.008675,HURN,90409.0,2019-03-06,252.0,0.5513%,0.0013,0.8331,0.1866,0.1851,1.8275%,2.0105%,17.3690%,0.015139,HURN,90409.0,2019-03-07,252.0,0.2320%,0.0013,0.8265,0.1706,0.1717,1.8269%,2.0080%,17.2232%,0.009803,HURN,90409.0,2019-03-08,252.0,0.2314%,0.0012,0.8271,0.153,0.1737,1.8242%,2.0052%,17.2328%,0.004249,HURN,90409.0,2019-03-11,252.0,0.8606%,0.0012,0.8248,0.1495,0.1729,1.8245%,2.0057%,17.2578%,-0.003456,HURN,90409.0,2019-03-12,252.0,-1.8939%,0.0012,0.8361,0.1568,0.1889,1.8270%,2.0098%,17.3604%,-0.020534,HURN,-0.121057,-0.166075,-0.126332,-0.135575,-0.130374
17787,HYSTER YALE MATERIALS HANDLG INC,"Hyster-Yale Materials Q4 EPS $(0.07), Sales $837.7M Miss $872.9M Estimate",6,decrease,0.8,0.7,"the company reported a loss per share and sales that significantly missed estimates, which typically leads to a negative reaction in the stock market.",0,2019-02-26,HY,2019-02-26 23:09:00+00:00,13577.0,44917210,0.0101781459525227,42606.0,-0.0462680347263813,0.0013410013634711,-0.055184856057167,-0.0002680874604266,-0.0360626988112926,-0.0217705406248569,0.0036798198707401,0.0126161612570285,0.0142071545124054,0.0112812779843807,-0.0253050215542316,0.0138888424262404,0.0012363132555037,0.0221294928342104,0.0015434244414791,0.0067254547029733,0.0027739298529922,0.0248420927673578,-0.0043030395172536,0.0047612441703677,-0.0021608178503811,0.0075591895729303,-0.0352668613195419,-0.0343907512724399,0.0073753874748945,-0.0046108961105346,0.0248288642615079,0.0120192086324095,0.0004658919060602,0.0118758315220475,-0.0131946364417672,0.0043110083788633,0.0007865225197747,0.0089893443509936,-0.0421251244843006,0.0320215374231338,0.0016409959644079,-0.0017923095729202,0.0245740488171577,-0.0186163038015365,-0.0099136987701058,0.0087239984422922,-0.0017764341318979,-0.0109681198373436,0.0088982237502932,-0.0102764386683702,0.0413727052509784,-0.0188867058604955,-0.0018479017307981,0.0248871948570013,0.0020055114291608,0.0071826130151748,0.0127790896221995,0.0022036363370716,0.0343569815158844,-0.0097468458116054,-0.0243974663317203,0.0018947274656966,-0.0212412793189287,-0.0078091234900057,0.0063105435110628,0.0130383735522627,0.0194249674677848,-0.0052462927997112,0.0018003768054768,0.0119452178478241,0.0026958261150866,0.0536046773195266,0.012397339567542,0.0395735874772071,-0.0017703617922961,-0.0152695896103978,-0.0035472284071147,0.0146868927404284,-0.0176504720002412,0.0037258956581354,0.0179676096886396,0.0341765955090522,-0.0047463616356253,0.0057287304662168,-0.0304023995995521,0.0430579409003257,-0.0101444218307733,-0.0203168094158172,0.024378877133131,0.005714317318052,0.0098529867827892,-0.0065370905213057,-0.1137796714901924,-0.0401255004107952,-0.040142323821783,-0.0044386065565049,0.0312334652990102,-0.0131407780572772,-0.0272073950618505,-0.0172194167971611,-0.0239225476980209,-0.0125944465398788,-0.0093710655346512,0.0419947728514671,0.0032745187636464,0.00032819918124,-0.0328196063637733,0.0047814855352044,-0.0601799599826335,-0.0380649901926517,-0.0109714586287736,-0.0089594423770904,0.0026219694409519,-0.0457477010786533,-0.0162944588810205,0.0183289591223001,-0.0349693819880485,0.0167728196829557,-0.0141978850588202,-0.0202907565981149,0.023430785164237,0.0342991761863231,-0.0168031770735979,-0.0293402299284935,-0.0462680347263813,0.0013410013634711,-0.098899595947125,0.0010725543973946,-0.131395708417218,-0.0207213363165431,-0.1158135952724519,0.0028202932778151,-0.1371224816775247,0.0773337287242117,-0.1347252249407865,0.0798264133216275,-0.3765813059071389,0.140612522654498,2019-02-27,2019-02-28,2019-03-01,2019-03-04,2019-03-05,2019-03-06,2019-03-07,2019-03-08,2019-03-11,2019-03-12,13577.0,2019-02-26,252.0,1.0178%,0.0001,1.1797,1.3211,0.8936,1.6293%,2.0728%,38.2165%,0.023675,HY,13577.0,2019-02-27,252.0,-4.6268%,-0.0,1.1846,1.298,0.8942,1.6561%,2.0928%,37.3817%,-0.048868,HY,13577.0,2019-02-28,252.0,-5.5185%,-0.0002,1.1955,1.3038,0.9137,1.6852%,2.1191%,36.7614%,-0.0496359999999999,HY,13577.0,2019-03-01,252.0,-3.6063%,-0.0002,1.1471,1.2317,0.8595,1.6597%,2.0622%,35.2259%,-0.044886,HY,13577.0,2019-03-04,252.0,0.3680%,-0.0001,1.1453,1.2278,0.8623,1.6612%,2.0623%,35.1127%,0.01113,HY,13577.0,2019-03-05,252.0,1.4207%,0.0001,1.1506,1.2836,0.858,1.6478%,2.0598%,36.0007%,0.02194,HY,13577.0,2019-03-06,252.0,-2.5305%,0.0003,1.1709,1.2662,0.8785,1.6302%,2.0581%,37.2621%,0.0001,HY,13577.0,2019-03-07,252.0,0.1236%,0.0003,1.1642,1.2616,0.8684,1.6326%,2.0561%,36.9475%,0.014533,HY,13577.0,2019-03-08,252.0,0.1543%,0.0003,1.1642,1.2517,0.8689,1.6319%,2.0536%,36.8548%,0.00486,HY,13577.0,2019-03-11,252.0,0.2774%,0.0002,1.1561,1.2561,0.8755,1.6329%,2.0532%,36.7522%,-0.014651,HY,13577.0,2019-03-12,252.0,-0.4303%,0.0002,1.16,1.2567,0.8803,1.6327%,2.0514%,36.6534%,-0.0030659999999999,HY,-0.025193,-0.0748289999999999,-0.1197149999999999,-0.0866449999999999,-0.0848689999999999
17795,MARINEMAX INC,MarineMax Reports 2.33M Share Buyback,6,increase,0.75,0.6,"a share buyback typically signals that a company believes its stock is undervalued, which can lead to an increase in stock price due to reduced supply and increased investor confidence.",2,2019-02-26,HZO,2019-02-26 13:08:00+00:00,86128.0,56790810,0.007284146733582,295017.0,0.0087809953838586,0.0131787033751606,0.0051202494651079,-0.0031529883854091,0.0030566162895411,-0.0098854647949337,-0.0248857159167528,-0.0118252672255039,-0.0067708888091146,-0.0081590944901108,-0.0068169459700584,0.0548682324588298,-0.0153115577995777,0.024242453277111,-0.0080428747460246,0.0033167200163006,0.0270270276814699,0.0011068321764469,-0.0010526556288823,0.0083705140277743,0.00263441237621,-0.0153846526518464,0.0068312748335301,-0.003285841550678,-0.0099165206775069,-0.0021857381798326,0.0226673856377601,0.0021905261091887,-0.0262886714190244,0.0071704951114952,-0.0365271903574466,0.0196849536150693,0.0335164107382297,-0.0127706574276089,-0.0393407642841339,0.0198188219219446,0.022136116400361,-0.0237700548022985,-0.0021656204480677,-0.0168477967381477,0.0135648399591445,0.0,0.0198072232306003,-0.0564102753996849,0.005774310324341,-0.0066224741749465,0.0010438652243465,-0.0282179005444049,-0.0093847913667559,-0.0321035012602806,0.0173684172332286,0.011633625254035,0.0062080104835331,0.0147564802318811,0.007197911851108,-0.0073242001235485,0.0158243719488382,-0.0120598170906305,-0.0457286350429058,0.0072886110283434,0.0231701172888279,-0.0200000032782554,0.0066906413994729,0.0380623079836368,-0.0005112591315992,0.0044687264598906,-0.0010229437611997,0.0408268198370933,0.0066563826985657,0.0493492297828197,0.0071210269816219,-0.00539376353845,-0.0146464146673679,0.0125615214928984,-0.0292157717049121,0.0043883668258786,0.0237591788172721,0.0212884675711393,0.0221763961017131,-0.0159867145121097,-0.2048435658216476,0.0443292185664176,0.0488578975200653,0.0308605600148439,0.0544464364647865,-0.0777230486273765,-0.0080320937559008,0.0071665421128273,-0.0410642549395561,-0.0231556445360183,0.008443871513009,-0.0005382254603318,0.0053827846422791,-0.0476678758859634,0.0083284536376595,-0.0166330598294735,-0.0235989093780517,-0.0025137877091765,-0.0018126151990145,0.0070885769091546,-0.0006053406978026,-0.0125000001862645,0.006662665400654,0.0070493146777153,-0.0072202668525278,-0.0547358207404613,0.0193939208984375,0.0047824191860854,-0.0273483414202928,-0.0614901632070541,0.0268947798758745,0.0494583696126937,-0.0047619002871215,0.0182253792881965,0.0,-0.0085592158138751,0.0095693692564964,-0.0122123165056109,-0.0154027445241808,-0.0018752465257421,0.0087809953838586,0.0131787033751606,0.0139462057358838,0.009984162691075,0.0170454502250545,-1.9264823070130888e-10,-0.0149793850342015,-0.0198878784317679,-0.019628151730445,0.0725445975239995,-0.0191116074557431,-0.06608360693842,-0.1415289024698942,-0.098921738099428,2019-02-27,2019-02-28,2019-03-01,2019-03-04,2019-03-05,2019-03-06,2019-03-07,2019-03-08,2019-03-11,2019-03-12,86128.0,2019-02-26,252.0,0.7284%,-0.0001,1.2846,0.866,0.0308,2.8471%,3.1932%,20.5032%,0.0151069999999999,HZO,86128.0,2019-02-27,252.0,0.8781%,-0.0002,1.2763,0.8824,0.0295,2.8449%,3.1886%,20.3981%,0.005916,HZO,86128.0,2019-02-28,252.0,0.5120%,-0.0002,1.2765,0.8829,0.0275,2.8453%,3.1875%,20.3174%,0.008874,HZO,86128.0,2019-03-01,252.0,0.3057%,-0.0002,1.2771,0.8837,0.0323,2.8457%,3.1863%,20.2335%,-0.008675,HZO,86128.0,2019-03-04,252.0,-2.4886%,-0.0002,1.2718,0.9145,0.0307,2.8456%,3.1873%,20.2894%,-0.014926,HZO,86128.0,2019-03-05,252.0,-0.6771%,-0.0002,1.2753,0.941,0.0338,2.8441%,3.1874%,20.3802%,-0.00179,HZO,86128.0,2019-03-06,252.0,-0.6817%,-0.0001,1.2676,0.9095,0.0207,2.8458%,3.1868%,20.2573%,0.015648,HZO,86128.0,2019-03-07,252.0,-1.5312%,-0.0001,1.2698,0.9121,0.0244,2.8459%,3.1877%,20.2963%,-0.004302,HZO,86128.0,2019-03-08,252.0,-0.8043%,-0.0001,1.2697,0.9257,0.0236,2.8451%,3.1880%,20.3574%,-0.005754,HZO,86128.0,2019-03-11,252.0,2.7027%,0.0,1.2733,0.8988,0.0063,2.8383%,3.1864%,20.6569%,0.004809,HZO,86128.0,2019-03-12,252.0,-0.1053%,-0.0001,1.2518,0.9042,-0.016,2.8339%,3.1742%,20.2911%,-0.001804,HZO,0.021023,0.029897,0.0212219999999999,0.0045059999999999,0.0131029999999999
17803,ISHARES TRUST,2 Republican Senators At Drug Pricing Hearing Say They Support Examining Drug Patent System In Senate Judiciary Committee,6,uncertain,0.6,0.3,"the support for examining the drug patent system may lead to potential changes in drug pricing policies, which could have mixed effects on healthcare-related investments, including ishares trust.",1,2019-02-26,IBB,2019-02-26 16:58:00+00:00,88893.0,46428755,-0.0040722298435866,1577386.0,0.0145777724683284,0.0203233677893877,-0.0122656524181366,0.0142922354862093,0.0210218448191881,-0.0175517275929451,-0.0095560634508728,-0.0026930256281048,-0.0051750191487371,-0.0057122400030493,-0.0312995538115501,0.0165124274790287,-0.0066442461684346,0.0042824712581932,-0.0048561370931565,0.0030159188900142,0.0213608294725418,0.0099686346948146,0.0082033360376954,0.0050092139281332,0.0130544239655137,0.0062541379593312,-0.0027361444663256,-0.0250273030251264,0.0107089048251509,-0.0016354743856936,-0.0024518282152712,-0.0016328039346262,-0.0006144636427052,-0.0002720484335441,-0.0058849202468991,0.0052875760011374,-0.0106909265741705,0.0137708457186818,-0.0339376889169216,0.0067925532348454,0.0013867202214896,0.0019578507635742,0.0185561496764421,-0.0199195928871631,-0.0138674769550561,0.0153075568377971,0.0060661397874355,-0.0001854804140748,0.0213777087628841,-0.0083701582625508,0.0009839052800089,-0.0158414039760828,0.0081314984709024,0.0061936452984809,0.0059386473149061,0.0104924011975526,-0.0040532127022743,-0.0054009184241294,0.0168097093701362,0.0193151049315929,-0.004263446200639,-0.0168792214244604,-0.0160783287137746,0.0010101066436618,0.0110124144703149,0.0130232702940702,-0.0170414168387651,0.0070257610641419,-0.0075960541144013,0.0071705081500113,-0.0050428202375769,0.0335445590317249,-0.0099556380882859,0.0502868071198463,-0.0388518162071704,0.0014358911430463,-0.00570666231215,0.0110961282625794,0.0004782420292031,0.0167651213705539,0.0211301930248737,-0.0033628342207521,-0.0108614573255181,0.0036916581448167,0.0101287364959716,0.0580292046070098,0.0064661460928618,-0.0137574290856719,-0.0008380257640965,-0.0391285642981529,-0.0082937227562069,-0.0171499997377395,-0.0080811940133571,-0.0213609859347343,0.003978834953159,-0.0193516444414854,0.0182109847664833,-0.0164819024503231,0.0085256062448024,-0.0188660994172096,-0.0294036995619535,-0.0150739848613739,-0.0003786889719776,0.0125756477937102,-0.0023676485288888,0.0033712047152221,-0.0032276092097163,0.0017367841210216,-0.0350476205348968,-0.030314352363348,0.0110541135072708,0.0015930857043713,0.0090784877538681,-0.0329859480261802,0.0103511624038219,0.011457378976047,-0.0064152218401432,0.0149781433865428,-0.0139731811359524,-0.0004649716429412,0.0198397058993578,0.0271251574158668,0.0031624517869204,-0.0025722042191773,0.0145777724683284,0.0203233677893877,0.0021333141600647,0.0349060696339158,0.0232000051784764,0.0167416802154158,0.0081777615030949,0.0082113370644225,-0.0058666981202676,0.0478663824408456,0.0008888762592196,0.0372818909231229,-0.069511108281506,0.0761169720589156,2019-02-27,2019-02-28,2019-03-01,2019-03-04,2019-03-05,2019-03-06,2019-03-07,2019-03-08,2019-03-11,2019-03-12,88893.0,2019-02-26,252.0,-0.4072%,-0.0002,1.083,0.4792,-0.3294,0.7454%,1.4898%,74.9698%,-0.000475,IBB,88893.0,2019-02-27,252.0,1.4578%,-0.0002,1.0844,0.4804,-0.3292,0.7493%,1.4919%,74.7749%,0.012197,IBB,88893.0,2019-02-28,252.0,-1.2266%,-0.0002,1.0876,0.4823,-0.3246,0.7517%,1.4919%,74.6133%,-0.009923,IBB,88893.0,2019-03-01,252.0,2.1022%,-0.0002,1.0867,0.481,-0.3308,0.7539%,1.4930%,74.4977%,0.010404,IBB,88893.0,2019-03-04,252.0,-0.9556%,-0.0002,1.0861,0.4836,-0.3308,0.7539%,1.4930%,74.5006%,-0.000781,IBB,88893.0,2019-03-05,252.0,-0.5175%,-0.0002,1.0844,0.4682,-0.3311,0.7516%,1.4856%,74.4062%,-0.0027129999999999,IBB,88893.0,2019-03-06,252.0,-3.1300%,-0.0003,1.0897,0.5023,-0.3204,0.7580%,1.4972%,74.3706%,-0.016249,IBB,88893.0,2019-03-07,252.0,-0.6644%,-0.0003,1.09,0.5071,-0.3187,0.7576%,1.4978%,74.4178%,0.001496,IBB,88893.0,2019-03-08,252.0,-0.4856%,-0.0003,1.0904,0.5065,-0.318,0.7578%,1.4976%,74.3951%,-0.0033439999999999,IBB,88893.0,2019-03-11,252.0,2.1361%,-0.0003,1.0912,0.5118,-0.3154,0.7573%,1.5029%,74.6113%,0.0015459999999999,IBB,88893.0,2019-03-12,252.0,0.8203%,-0.0002,1.0924,0.5085,-0.3154,0.7585%,1.5006%,74.4528%,0.006566,IBB,0.011722,0.001799,0.012203,0.008709,-0.001276
17811,ISHARES TRUST,"FDA To Consider OTC Distribution OF Anti-Overdose Drug Naloxone, Related To FDA's Multifaceted Plan To Opioid-Abuse Epidemic",6,uncertain,0.6,0.3,"while the fda's consideration of otc distribution of naloxone may positively impact public health and potentially reduce opioid-related issues, the direct effect on ishares trust's stock price is unclear as it depends on various market factors and investor sentiment.",1,2019-02-26,IBB,2019-02-26 16:35:00+00:00,88893.0,46428755,-0.0040722298435866,1577386.0,0.0145777724683284,0.0203233677893877,-0.0122656524181366,0.0142922354862093,0.0210218448191881,-0.0175517275929451,-0.0095560634508728,-0.0026930256281048,-0.0051750191487371,-0.0057122400030493,-0.0312995538115501,0.0165124274790287,-0.0066442461684346,0.0042824712581932,-0.0048561370931565,0.0030159188900142,0.0213608294725418,0.0099686346948146,0.0082033360376954,0.0050092139281332,0.0130544239655137,0.0062541379593312,-0.0027361444663256,-0.0250273030251264,0.0107089048251509,-0.0016354743856936,-0.0024518282152712,-0.0016328039346262,-0.0006144636427052,-0.0002720484335441,-0.0058849202468991,0.0052875760011374,-0.0106909265741705,0.0137708457186818,-0.0339376889169216,0.0067925532348454,0.0013867202214896,0.0019578507635742,0.0185561496764421,-0.0199195928871631,-0.0138674769550561,0.0153075568377971,0.0060661397874355,-0.0001854804140748,0.0213777087628841,-0.0083701582625508,0.0009839052800089,-0.0158414039760828,0.0081314984709024,0.0061936452984809,0.0059386473149061,0.0104924011975526,-0.0040532127022743,-0.0054009184241294,0.0168097093701362,0.0193151049315929,-0.004263446200639,-0.0168792214244604,-0.0160783287137746,0.0010101066436618,0.0110124144703149,0.0130232702940702,-0.0170414168387651,0.0070257610641419,-0.0075960541144013,0.0071705081500113,-0.0050428202375769,0.0335445590317249,-0.0099556380882859,0.0502868071198463,-0.0388518162071704,0.0014358911430463,-0.00570666231215,0.0110961282625794,0.0004782420292031,0.0167651213705539,0.0211301930248737,-0.0033628342207521,-0.0108614573255181,0.0036916581448167,0.0101287364959716,0.0580292046070098,0.0064661460928618,-0.0137574290856719,-0.0008380257640965,-0.0391285642981529,-0.0082937227562069,-0.0171499997377395,-0.0080811940133571,-0.0213609859347343,0.003978834953159,-0.0193516444414854,0.0182109847664833,-0.0164819024503231,0.0085256062448024,-0.0188660994172096,-0.0294036995619535,-0.0150739848613739,-0.0003786889719776,0.0125756477937102,-0.0023676485288888,0.0033712047152221,-0.0032276092097163,0.0017367841210216,-0.0350476205348968,-0.030314352363348,0.0110541135072708,0.0015930857043713,0.0090784877538681,-0.0329859480261802,0.0103511624038219,0.011457378976047,-0.0064152218401432,0.0149781433865428,-0.0139731811359524,-0.0004649716429412,0.0198397058993578,0.0271251574158668,0.0031624517869204,-0.0025722042191773,0.0145777724683284,0.0203233677893877,0.0021333141600647,0.0349060696339158,0.0232000051784764,0.0167416802154158,0.0081777615030949,0.0082113370644225,-0.0058666981202676,0.0478663824408456,0.0008888762592196,0.0372818909231229,-0.069511108281506,0.0761169720589156,2019-02-27,2019-02-28,2019-03-01,2019-03-04,2019-03-05,2019-03-06,2019-03-07,2019-03-08,2019-03-11,2019-03-12,88893.0,2019-02-26,252.0,-0.4072%,-0.0002,1.083,0.4792,-0.3294,0.7454%,1.4898%,74.9698%,-0.000475,IBB,88893.0,2019-02-27,252.0,1.4578%,-0.0002,1.0844,0.4804,-0.3292,0.7493%,1.4919%,74.7749%,0.012197,IBB,88893.0,2019-02-28,252.0,-1.2266%,-0.0002,1.0876,0.4823,-0.3246,0.7517%,1.4919%,74.6133%,-0.009923,IBB,88893.0,2019-03-01,252.0,2.1022%,-0.0002,1.0867,0.481,-0.3308,0.7539%,1.4930%,74.4977%,0.010404,IBB,88893.0,2019-03-04,252.0,-0.9556%,-0.0002,1.0861,0.4836,-0.3308,0.7539%,1.4930%,74.5006%,-0.000781,IBB,88893.0,2019-03-05,252.0,-0.5175%,-0.0002,1.0844,0.4682,-0.3311,0.7516%,1.4856%,74.4062%,-0.0027129999999999,IBB,88893.0,2019-03-06,252.0,-3.1300%,-0.0003,1.0897,0.5023,-0.3204,0.7580%,1.4972%,74.3706%,-0.016249,IBB,88893.0,2019-03-07,252.0,-0.6644%,-0.0003,1.09,0.5071,-0.3187,0.7576%,1.4978%,74.4178%,0.001496,IBB,88893.0,2019-03-08,252.0,-0.4856%,-0.0003,1.0904,0.5065,-0.318,0.7578%,1.4976%,74.3951%,-0.0033439999999999,IBB,88893.0,2019-03-11,252.0,2.1361%,-0.0003,1.0912,0.5118,-0.3154,0.7573%,1.5029%,74.6113%,0.0015459999999999,IBB,88893.0,2019-03-12,252.0,0.8203%,-0.0002,1.0924,0.5085,-0.3154,0.7585%,1.5006%,74.4528%,0.006566,IBB,0.011722,0.001799,0.012203,0.008709,-0.001276
17819,I C F INTERNATIONAL INC NEW,"ICF Sees FY19 Adj. EPS $4.05-$4.25 vs $4.26 Estimate, Sales $1.45B-$1.5B vs $1.42B Est.",6,uncertain,0.6,0.3,"while icf's sales guidance is above estimates, the adjusted eps guidance is slightly below expectations, leading to mixed signals that could result in an uncertain market reaction.",1,2019-02-26,ICFI,2019-02-26 21:49:00+00:00,91468.0,44925C10,-0.0186486113816499,165189.0,0.0378683544695377,-0.0067114094272255,0.001990100601688,0.0063487943261861,0.0096663581207394,0.001488103531301,-0.006688552442938,-0.0069855488836765,0.0046210521832108,0.0052667031995952,-0.010513805784285,0.0149397477507591,-0.002125164726749,0.0122086182236671,0.0053241252899169,-0.0009701967355795,0.0136369494721293,0.0156250093132257,-0.0074451374821364,0.0208363942801952,-0.0031582822557538,0.005635829642415,0.0264026410877704,0.0170487370342016,-0.0203215666115284,0.0316907353699207,0.0105028627440333,-0.0010602802503854,-0.0127322766929864,0.0003029794315807,-0.0102644925937056,0.001213620067574,0.0009307232685387,0.0101133314892649,-0.0353346988558769,0.0423255302011966,0.0143211353570222,0.010327567346394,0.0245723258703947,-0.0234793238341808,0.0120577188208699,-0.0056408746168017,-0.0024874864611774,-0.0066926116123795,0.0003944612399209,-0.0001556510396767,-0.0076235779561102,-0.0113845821470022,-0.0015894403913989,-0.0094483802095055,-0.000663245213218,0.0259537789970636,-0.0069030169397592,-0.0037382845766842,0.0132335992529988,0.0121393129229545,-0.0098944585770368,-0.0164366196841001,-0.0139907132834196,-0.0105861071497201,0.0185135509818792,0.0003068852238357,0.0062358174473047,-0.014519041404128,0.0015823147259652,0.0187981687486171,0.0068457648158073,0.0101167550310492,0.0033995097037404,0.0216250699013471,0.0013030815171077,-0.0267719477415084,-0.0216032806783914,-0.0024698369670659,-0.0095770312473177,0.013930182904005,0.0263228453695774,0.0157392341643571,0.0104685043916106,-0.0007942690281197,-0.0003884845646098,0.0287629049271345,0.0059593091718852,-0.0157632231712341,0.0083709144964814,-0.0379140265285968,-0.0054917023517191,0.0013947616098448,-0.0138692921027541,-0.0032437301706522,0.0079437503591179,-0.0176024828106164,-0.0068475292064249,-0.0254362784326076,0.0072849947027862,-0.0047100335359573,-0.013431497849524,-0.0217421818524599,-0.0136143593117594,0.0476692728698253,-0.0111479274928569,0.0151607627049088,0.0038921071682125,-0.0025965811219066,-0.0229946672916412,-0.0303613077849149,0.0060207280330359,-0.0147080468013882,0.0069369170814752,-0.0229083765298128,0.0089153544977307,0.003569898661226,-0.009773775935173,0.0024334120098501,0.0398864857852459,-0.0192335061728954,-0.004810853395611,0.0220978744328022,-0.0091456044465303,0.0015809227479621,0.0378683544695377,-0.0067114094272255,0.0399338169062404,-0.0004052244591317,0.0499861896023237,0.0010822760562207,0.0477828897521022,-0.0006752605238609,0.046405879200523,0.0633712311854146,0.0208788681603284,0.1353175763855527,0.0462628336704475,0.0657291497378478,2019-02-27,2019-02-28,2019-03-01,2019-03-04,2019-03-05,2019-03-06,2019-03-07,2019-03-08,2019-03-11,2019-03-12,91468.0,2019-02-26,252.0,-1.8649%,0.0009,0.4884,0.5741,-0.1374,1.5038%,1.6419%,16.1125%,-0.014865,ICFI,91468.0,2019-02-27,252.0,3.7868%,0.0011,0.4908,0.5801,-0.1369,1.5198%,1.6580%,15.9752%,0.036073,ICFI,91468.0,2019-02-28,252.0,0.1990%,0.001,0.5,0.5865,-0.1306,1.5157%,1.6567%,16.3026%,0.002954,ICFI,91468.0,2019-03-01,252.0,0.9666%,0.001,0.5078,0.5981,-0.1198,1.5139%,1.6574%,16.5630%,0.003753,ICFI,91468.0,2019-03-04,252.0,-0.6689%,0.0008,0.532,0.5198,-0.1266,1.4788%,1.6271%,17.3972%,-0.001278,ICFI,91468.0,2019-03-05,252.0,0.4621%,0.0008,0.534,0.5388,-0.1274,1.4770%,1.6272%,17.6069%,0.006743,ICFI,91468.0,2019-03-06,252.0,-1.0514%,0.0009,0.5345,0.5387,-0.1268,1.4770%,1.6287%,17.7684%,0.000722,ICFI,91468.0,2019-03-07,252.0,-0.2125%,0.0009,0.5338,0.538,-0.1279,1.4770%,1.6285%,17.7393%,0.002126,ICFI,91468.0,2019-03-08,252.0,0.5324%,0.0009,0.5324,0.5492,-0.1307,1.4759%,1.6284%,17.8456%,0.0059219999999999,ICFI,91468.0,2019-03-11,252.0,1.3637%,0.001,0.5339,0.5394,-0.1371,1.4742%,1.6286%,18.0617%,0.002957,ICFI,91468.0,2019-03-12,252.0,-0.7445%,0.0008,0.5152,0.5472,-0.1553,1.4690%,1.6196%,17.7362%,-0.007469,ICFI,0.021208,0.024162,0.027915,0.03338,0.037638
17827,I C F INTERNATIONAL INC NEW,"ICF International Q4 EPS $1.17 Misses $1.22 Estimate, Sales $377.91M Beat $354.42M Estimate",6,decrease,0.7,0.5,"the earnings per share (eps) miss the estimate, which is likely to negatively impact investor sentiment despite the sales beat.",0,2019-02-26,ICFI,2019-02-26 21:48:00+00:00,91468.0,44925C10,-0.0186486113816499,165189.0,0.0378683544695377,-0.0067114094272255,0.001990100601688,0.0063487943261861,0.0096663581207394,0.001488103531301,-0.006688552442938,-0.0069855488836765,0.0046210521832108,0.0052667031995952,-0.010513805784285,0.0149397477507591,-0.002125164726749,0.0122086182236671,0.0053241252899169,-0.0009701967355795,0.0136369494721293,0.0156250093132257,-0.0074451374821364,0.0208363942801952,-0.0031582822557538,0.005635829642415,0.0264026410877704,0.0170487370342016,-0.0203215666115284,0.0316907353699207,0.0105028627440333,-0.0010602802503854,-0.0127322766929864,0.0003029794315807,-0.0102644925937056,0.001213620067574,0.0009307232685387,0.0101133314892649,-0.0353346988558769,0.0423255302011966,0.0143211353570222,0.010327567346394,0.0245723258703947,-0.0234793238341808,0.0120577188208699,-0.0056408746168017,-0.0024874864611774,-0.0066926116123795,0.0003944612399209,-0.0001556510396767,-0.0076235779561102,-0.0113845821470022,-0.0015894403913989,-0.0094483802095055,-0.000663245213218,0.0259537789970636,-0.0069030169397592,-0.0037382845766842,0.0132335992529988,0.0121393129229545,-0.0098944585770368,-0.0164366196841001,-0.0139907132834196,-0.0105861071497201,0.0185135509818792,0.0003068852238357,0.0062358174473047,-0.014519041404128,0.0015823147259652,0.0187981687486171,0.0068457648158073,0.0101167550310492,0.0033995097037404,0.0216250699013471,0.0013030815171077,-0.0267719477415084,-0.0216032806783914,-0.0024698369670659,-0.0095770312473177,0.013930182904005,0.0263228453695774,0.0157392341643571,0.0104685043916106,-0.0007942690281197,-0.0003884845646098,0.0287629049271345,0.0059593091718852,-0.0157632231712341,0.0083709144964814,-0.0379140265285968,-0.0054917023517191,0.0013947616098448,-0.0138692921027541,-0.0032437301706522,0.0079437503591179,-0.0176024828106164,-0.0068475292064249,-0.0254362784326076,0.0072849947027862,-0.0047100335359573,-0.013431497849524,-0.0217421818524599,-0.0136143593117594,0.0476692728698253,-0.0111479274928569,0.0151607627049088,0.0038921071682125,-0.0025965811219066,-0.0229946672916412,-0.0303613077849149,0.0060207280330359,-0.0147080468013882,0.0069369170814752,-0.0229083765298128,0.0089153544977307,0.003569898661226,-0.009773775935173,0.0024334120098501,0.0398864857852459,-0.0192335061728954,-0.004810853395611,0.0220978744328022,-0.0091456044465303,0.0015809227479621,0.0378683544695377,-0.0067114094272255,0.0399338169062404,-0.0004052244591317,0.0499861896023237,0.0010822760562207,0.0477828897521022,-0.0006752605238609,0.046405879200523,0.0633712311854146,0.0208788681603284,0.1353175763855527,0.0462628336704475,0.0657291497378478,2019-02-27,2019-02-28,2019-03-01,2019-03-04,2019-03-05,2019-03-06,2019-03-07,2019-03-08,2019-03-11,2019-03-12,91468.0,2019-02-26,252.0,-1.8649%,0.0009,0.4884,0.5741,-0.1374,1.5038%,1.6419%,16.1125%,-0.014865,ICFI,91468.0,2019-02-27,252.0,3.7868%,0.0011,0.4908,0.5801,-0.1369,1.5198%,1.6580%,15.9752%,0.036073,ICFI,91468.0,2019-02-28,252.0,0.1990%,0.001,0.5,0.5865,-0.1306,1.5157%,1.6567%,16.3026%,0.002954,ICFI,91468.0,2019-03-01,252.0,0.9666%,0.001,0.5078,0.5981,-0.1198,1.5139%,1.6574%,16.5630%,0.003753,ICFI,91468.0,2019-03-04,252.0,-0.6689%,0.0008,0.532,0.5198,-0.1266,1.4788%,1.6271%,17.3972%,-0.001278,ICFI,91468.0,2019-03-05,252.0,0.4621%,0.0008,0.534,0.5388,-0.1274,1.4770%,1.6272%,17.6069%,0.006743,ICFI,91468.0,2019-03-06,252.0,-1.0514%,0.0009,0.5345,0.5387,-0.1268,1.4770%,1.6287%,17.7684%,0.000722,ICFI,91468.0,2019-03-07,252.0,-0.2125%,0.0009,0.5338,0.538,-0.1279,1.4770%,1.6285%,17.7393%,0.002126,ICFI,91468.0,2019-03-08,252.0,0.5324%,0.0009,0.5324,0.5492,-0.1307,1.4759%,1.6284%,17.8456%,0.0059219999999999,ICFI,91468.0,2019-03-11,252.0,1.3637%,0.001,0.5339,0.5394,-0.1371,1.4742%,1.6286%,18.0617%,0.002957,ICFI,91468.0,2019-03-12,252.0,-0.7445%,0.0008,0.5152,0.5472,-0.1553,1.4690%,1.6196%,17.7362%,-0.007469,ICFI,0.021208,0.024162,0.027915,0.03338,0.037638
17835,ISHARES TRUST,US Special Representative For Venezuela Abrams Says U.S. Will Impose More Sanctions To Pressure Maduro Government This Week And Next Week,6,decrease,0.7,0.6,"increased sanctions on venezuela may negatively impact companies associated with the region, leading to a potential decrease in ishares trust's stock price.",0,2019-02-26,ILF,2019-02-26 20:05:00+00:00,89190.0,46428739,0.0002862387918867,1424966.0,-0.0040068514645099,-0.005693161394447,-0.0224137585610151,0.0126838413998484,-0.0105820279568433,-0.0002882459957618,-0.0026738012675195,-0.0040183523669838,0.0062555582262575,-0.0017192369559779,-0.0213143117725849,0.0066340747289359,-0.0084695275872945,0.0242245122790336,0.0073215891607105,-0.0148429023101925,0.0314960889518261,0.0223147869110107,0.0032295007258653,-0.0103061981499195,0.0111208977177739,-0.0026431763544678,-0.010709086433053,-0.0081562064588069,0.0131656164303422,-0.0343177914619445,0.0176148023456335,0.0005629174993373,-0.0019864786881953,0.0062304558232426,0.0011373590677976,-0.0025423769839107,-0.0170405711978673,0.0181190986186265,-0.0528749451041221,0.0163695234805345,0.0103721832856535,0.0145313711836934,0.0138889765366911,-0.0248698834329843,-0.0393092148005962,0.0017381625948473,0.0195288620889186,0.0029053543694317,0.0103374933823943,0.0192477852106094,0.0168522838503122,-0.0242704469710588,-0.0053270286880433,0.0034792381338775,-0.0074382624588906,0.0087745850905776,0.0218824800103902,0.0014645353658124,0.0117336912080645,-0.0035025959368795,0.0118874981999397,0.0061673740856349,-0.0094556398689746,-0.0055491365492343,0.0046282862313091,0.0008770124404691,-0.0181399676948785,0.0221092868596315,-0.0211142934858799,0.0139352595433592,0.0014978799736127,-0.0015124939382076,0.0065809516236186,0.0254342332482338,-0.0074294200167059,-0.0018575096037238,0.0086825471371412,0.0480207502841949,-0.0029681946616619,0.0039087599143385,0.0071450336836278,0.0095363669097423,-0.0209873747080564,0.0069536119699478,0.0117753446102142,0.0247710030525922,0.0044763213954865,-0.0104097165167331,-0.0044563733972609,-0.0142336450517177,0.0008953326032496,0.0110441744327545,-0.0172928385436534,-0.0128840859979391,-0.0009101571631617,0.0059362319298088,0.0109322993084788,-0.0135658327490091,-0.0165214538574218,-0.0105465585365891,-0.0131337903439998,0.001600548857823,0.0126895643770694,0.0152745954692363,-0.0146699119359254,0.0035877563059329,0.0049627739936113,-0.0266666710376739,-0.0314815528690815,-0.0116096902638673,0.005736147519201,0.0009422326111234,-0.0091888150200247,-0.0187981687486171,-0.0156699642539024,0.0102740302681922,-0.0152696948498487,-0.0027941681910306,0.0135268839076161,0.0078222779557108,0.0273437555879354,0.0223927982151508,-0.0009505316847935,0.0313428156077861,-0.0040068514645099,-0.005693161394447,-0.0263308014242097,0.0069184688492105,-0.036634196104256,0.0066282286325061,-0.0331997673039142,0.0008595635467205,-0.0220377939157009,0.0285630520362536,-0.0105895554263504,0.0201518257417296,-0.0975958260335423,0.1696063810891137,2019-02-27,2019-02-28,2019-03-01,2019-03-04,2019-03-05,2019-03-06,2019-03-07,2019-03-08,2019-03-11,2019-03-12,89190.0,2019-02-26,252.0,0.0286%,-0.0002,0.8235,-0.0249,0.2757,1.4430%,1.6564%,24.1036%,0.0022919999999999,ILF,89190.0,2019-02-27,252.0,-0.4007%,-0.0002,0.8247,-0.0284,0.2759,1.4431%,1.6561%,24.0664%,-0.00447,ILF,89190.0,2019-02-28,252.0,-2.2414%,-0.0002,0.8243,-0.0294,0.28,1.4472%,1.6581%,23.8157%,-0.0192619999999999,ILF,89190.0,2019-03-01,252.0,-1.0582%,-0.0003,0.8159,-0.0419,0.2741,1.4494%,1.6553%,23.3379%,-0.015402,ILF,89190.0,2019-03-04,252.0,-0.2674%,-0.0003,0.8209,-0.0588,0.2729,1.4478%,1.6554%,23.5140%,0.000243,ILF,89190.0,2019-03-05,252.0,0.6256%,-0.0003,0.8196,-0.0632,0.2689,1.4487%,1.6558%,23.4489%,0.008034,ILF,89190.0,2019-03-06,252.0,-2.1314%,-0.0003,0.8267,-0.0328,0.2811,1.4517%,1.6604%,23.5541%,-0.015423,ILF,89190.0,2019-03-07,252.0,-0.8470%,-0.0004,0.8256,-0.0397,0.2776,1.4512%,1.6602%,23.5874%,-0.0008759999999999,ILF,89190.0,2019-03-08,252.0,0.7322%,-0.0003,0.8234,-0.0261,0.2734,1.4505%,1.6588%,23.5353%,0.00954,ILF,89190.0,2019-03-11,252.0,3.1496%,-0.0002,0.8343,-0.0219,0.2701,1.4560%,1.6707%,24.0473%,0.020653,ILF,89190.0,2019-03-12,252.0,0.3230%,-0.0002,0.8338,-0.0224,0.2693,1.4560%,1.6678%,23.7853%,0.001209,ILF,-0.002178,-0.0214399999999999,-0.036842,-0.028565,-0.013462
17843,IMAX CORP,"Imax Q4 EPS $0.26 Beats $0.24 Estimate, Sales $108.964M Beat $102.38M Estimate",6,increase,0.8,0.6,"the earnings per share and sales both exceeded estimates, which typically signals positive performance and can lead to an increase in stock price.",2,2019-02-26,IMAX,2019-02-26 21:46:00+00:00,80635.0,45245E10,0.002887365873903,502342.0,0.0873320400714874,-0.0432780236005783,0.0110326567664742,0.0159027203917503,0.0026189202908426,-0.0051186881028115,-0.0095776803791522,0.0257756076753139,0.0206593107432127,-0.0127237774431705,-0.0116278445348143,-0.0065543674863874,-0.0200436152517795,0.0142450686544179,0.0151178371161222,0.0144508304074406,0.0232150983065366,0.0131771825253963,-0.0004280919674783,-0.0228898208588361,0.0021412950009107,0.0150048146024346,-0.0017093593487516,0.0024259698111563,-0.0098459525033831,-0.0124580841511488,-0.0008646152564324,0.0121241509914398,-0.0095197409391403,0.0137660121545195,-0.0021843267604708,-0.020702950656414,0.0048161386512219,-0.0033589105587452,-0.0165577810257673,-0.0085632875561714,0.0115197263658046,-0.0028462745249271,-0.0026280975434929,0.0038095202762633,-0.0070267827250063,0.009615421295166,0.0026536693330854,0.0221129655838012,0.0004411216941662,0.0215863604098558,0.0,-0.023529389873147,-0.0286595951765775,0.0292633660137653,0.0186109766364097,0.0101936208084225,0.0276291854679584,0.0051229703240096,0.0190806835889816,-0.0020449392031878,0.0051064188592135,0.0041067721322178,-0.0042337160557508,-0.0010256645036861,0.018282325938344,0.0,0.0104384133592248,-0.025000000372529,0.028925571590662,0.017294006422162,-0.0004016156308352,0.0181253440678119,0.0152672184631228,0.0392895340919494,0.0055401418358087,-0.0090666711330413,-0.0031483639031648,-0.0031897644512355,-0.0094749219715595,0.0145630277693271,-0.0095655545592308,0.0092542227357625,0.0072434730827808,-0.0064899367280304,0.0003995297010987,0.0399324558675289,-0.0243610460311174,-0.0044792788103222,-0.0094146355986595,-0.0181418322026729,0.0074379500001668,-0.0293489452451467,0.0016407266957685,-0.0136842224746942,0.0401310212910175,-0.0062761944718658,-0.0220472235232591,-0.0184804275631904,-0.0040257801301777,0.0056788176298141,-0.0226353872567415,-0.008700106292963,-0.0264681298285722,0.0230366773903369,-0.0089210271835327,0.0357917472720146,0.0192885026335716,-0.0048569967038929,-0.029436532407999,-0.0096204383298754,0.0186308622360229,0.01080490835011,0.0034028040245175,-0.0096308346837759,-0.0055108550004661,0.0070043681189417,-0.0093776350840926,-0.0246979091316461,-0.0051634651608765,-0.0280898492783308,0.0099480766803026,0.0235233027487993,-0.0072805169038474,0.0041994713246822,0.0873320400714874,-0.0432780236005783,0.0993282012607863,-0.0280635415172555,0.1022072541933638,-0.0330385811039799,0.1142034157206732,-0.0207350924837091,0.120441471837394,-0.0090604972677306,0.128598863553206,0.0656410599717902,0.1122840768027793,0.0908137254210652,2019-02-27,2019-02-28,2019-03-01,2019-03-04,2019-03-05,2019-03-06,2019-03-07,2019-03-08,2019-03-11,2019-03-12,80635.0,2019-02-26,252.0,0.2887%,-0.0004,0.6411,0.7035,0.0186,1.9295%,2.0830%,14.1933%,0.008471,IMAX,80635.0,2019-02-27,252.0,8.7332%,-0.0002,0.6358,0.7381,0.018,2.0011%,2.1512%,13.4691%,0.085341,IMAX,80635.0,2019-02-28,252.0,1.1033%,-0.0001,0.6291,0.7339,0.0101,2.0022%,2.1497%,13.2472%,0.012801,IMAX,80635.0,2019-03-01,252.0,0.2619%,0.0002,0.578,0.6578,-0.0672,1.9325%,2.0683%,12.7009%,-0.004089,IMAX,80635.0,2019-03-04,252.0,-0.9578%,0.0004,0.5539,0.7413,-0.0618,1.9038%,2.0424%,13.1123%,-0.003769,IMAX,80635.0,2019-03-05,252.0,2.0659%,0.0004,0.5423,0.6662,-0.0787,1.8968%,2.0248%,12.2420%,0.0236609999999999,IMAX,80635.0,2019-03-06,252.0,-1.1628%,0.0004,0.5527,0.6551,-0.0685,1.8925%,2.0233%,12.5117%,0.001262,IMAX,80635.0,2019-03-07,252.0,-2.0044%,0.0004,0.5604,0.6621,-0.0562,1.8951%,2.0273%,12.6213%,-0.0153689999999999,IMAX,80635.0,2019-03-08,252.0,1.5118%,0.0004,0.5584,0.6611,-0.0594,1.8976%,2.0290%,12.5336%,0.015834,IMAX,80635.0,2019-03-11,252.0,2.3215%,0.0006,0.5653,0.6443,-0.0725,1.8930%,2.0280%,12.8674%,0.012116,IMAX,80635.0,2019-03-12,252.0,-0.0428%,0.0006,0.5598,0.6458,-0.0781,1.8926%,2.0261%,12.7407%,-0.000185,IMAX,0.093812,0.106613,0.102524,0.122416,0.136074
17851,IMAX CORP,Imax Q4 Earnings Preview,6,uncertain,0.5,0.5,the impact on imax corp's stock price is uncertain as it depends on the actual earnings results and market expectations.,1,2019-02-26,IMAX,2019-02-26 14:02:00+00:00,80635.0,45245E10,0.002887365873903,502342.0,0.0873320400714874,-0.0432780236005783,0.0110326567664742,0.0159027203917503,0.0026189202908426,-0.0051186881028115,-0.0095776803791522,0.0257756076753139,0.0206593107432127,-0.0127237774431705,-0.0116278445348143,-0.0065543674863874,-0.0200436152517795,0.0142450686544179,0.0151178371161222,0.0144508304074406,0.0232150983065366,0.0131771825253963,-0.0004280919674783,-0.0228898208588361,0.0021412950009107,0.0150048146024346,-0.0017093593487516,0.0024259698111563,-0.0098459525033831,-0.0124580841511488,-0.0008646152564324,0.0121241509914398,-0.0095197409391403,0.0137660121545195,-0.0021843267604708,-0.020702950656414,0.0048161386512219,-0.0033589105587452,-0.0165577810257673,-0.0085632875561714,0.0115197263658046,-0.0028462745249271,-0.0026280975434929,0.0038095202762633,-0.0070267827250063,0.009615421295166,0.0026536693330854,0.0221129655838012,0.0004411216941662,0.0215863604098558,0.0,-0.023529389873147,-0.0286595951765775,0.0292633660137653,0.0186109766364097,0.0101936208084225,0.0276291854679584,0.0051229703240096,0.0190806835889816,-0.0020449392031878,0.0051064188592135,0.0041067721322178,-0.0042337160557508,-0.0010256645036861,0.018282325938344,0.0,0.0104384133592248,-0.025000000372529,0.028925571590662,0.017294006422162,-0.0004016156308352,0.0181253440678119,0.0152672184631228,0.0392895340919494,0.0055401418358087,-0.0090666711330413,-0.0031483639031648,-0.0031897644512355,-0.0094749219715595,0.0145630277693271,-0.0095655545592308,0.0092542227357625,0.0072434730827808,-0.0064899367280304,0.0003995297010987,0.0399324558675289,-0.0243610460311174,-0.0044792788103222,-0.0094146355986595,-0.0181418322026729,0.0074379500001668,-0.0293489452451467,0.0016407266957685,-0.0136842224746942,0.0401310212910175,-0.0062761944718658,-0.0220472235232591,-0.0184804275631904,-0.0040257801301777,0.0056788176298141,-0.0226353872567415,-0.008700106292963,-0.0264681298285722,0.0230366773903369,-0.0089210271835327,0.0357917472720146,0.0192885026335716,-0.0048569967038929,-0.029436532407999,-0.0096204383298754,0.0186308622360229,0.01080490835011,0.0034028040245175,-0.0096308346837759,-0.0055108550004661,0.0070043681189417,-0.0093776350840926,-0.0246979091316461,-0.0051634651608765,-0.0280898492783308,0.0099480766803026,0.0235233027487993,-0.0072805169038474,0.0041994713246822,0.0873320400714874,-0.0432780236005783,0.0993282012607863,-0.0280635415172555,0.1022072541933638,-0.0330385811039799,0.1142034157206732,-0.0207350924837091,0.120441471837394,-0.0090604972677306,0.128598863553206,0.0656410599717902,0.1122840768027793,0.0908137254210652,2019-02-27,2019-02-28,2019-03-01,2019-03-04,2019-03-05,2019-03-06,2019-03-07,2019-03-08,2019-03-11,2019-03-12,80635.0,2019-02-26,252.0,0.2887%,-0.0004,0.6411,0.7035,0.0186,1.9295%,2.0830%,14.1933%,0.008471,IMAX,80635.0,2019-02-27,252.0,8.7332%,-0.0002,0.6358,0.7381,0.018,2.0011%,2.1512%,13.4691%,0.085341,IMAX,80635.0,2019-02-28,252.0,1.1033%,-0.0001,0.6291,0.7339,0.0101,2.0022%,2.1497%,13.2472%,0.012801,IMAX,80635.0,2019-03-01,252.0,0.2619%,0.0002,0.578,0.6578,-0.0672,1.9325%,2.0683%,12.7009%,-0.004089,IMAX,80635.0,2019-03-04,252.0,-0.9578%,0.0004,0.5539,0.7413,-0.0618,1.9038%,2.0424%,13.1123%,-0.003769,IMAX,80635.0,2019-03-05,252.0,2.0659%,0.0004,0.5423,0.6662,-0.0787,1.8968%,2.0248%,12.2420%,0.0236609999999999,IMAX,80635.0,2019-03-06,252.0,-1.1628%,0.0004,0.5527,0.6551,-0.0685,1.8925%,2.0233%,12.5117%,0.001262,IMAX,80635.0,2019-03-07,252.0,-2.0044%,0.0004,0.5604,0.6621,-0.0562,1.8951%,2.0273%,12.6213%,-0.0153689999999999,IMAX,80635.0,2019-03-08,252.0,1.5118%,0.0004,0.5584,0.6611,-0.0594,1.8976%,2.0290%,12.5336%,0.015834,IMAX,80635.0,2019-03-11,252.0,2.3215%,0.0006,0.5653,0.6443,-0.0725,1.8930%,2.0280%,12.8674%,0.012116,IMAX,80635.0,2019-03-12,252.0,-0.0428%,0.0006,0.5598,0.6458,-0.0781,1.8926%,2.0261%,12.7407%,-0.000185,IMAX,0.093812,0.106613,0.102524,0.122416,0.136074
17859,INOGEN INC,Inogen Reaffirms FY19 Sales Guidance $430M-$440M vs $436.4M Estimate,6,uncertain,0.6,0.2,"while inogen reaffirming its sales guidance suggests stability, the guidance is in line with estimates, which may not provide a strong catalyst for stock price movement.",1,2019-02-26,INGN,2019-02-26 22:24:00+00:00,14459.0,45780L10,-0.0302568394690752,715972.0,-0.241182342171669,0.0076745329424738,0.0111027508974075,0.0312252398580312,-0.004559816326946,-0.0108176572248339,-0.0372067242860794,0.0076734945178031,-0.0037867694627493,-0.0172668751329183,-0.0398635119199752,0.0263291094452142,-0.0129935918375849,0.0157971624284982,-0.0337345078587532,-0.0141252940520644,0.0248004458844661,-0.0291842054575681,-0.0045700296759605,0.0400818884372711,0.0166945550590753,-0.0216115936636924,-0.0108785424381494,-0.0300548449158668,-0.013073194772005,0.0,0.0062026525847613,-0.0479745864868164,0.0041793077252805,-0.0059120669029653,-0.0295495148748159,0.0067455125972628,0.015117441304028,0.0094125745818018,-0.0481622032821178,0.02483413182199,0.0184198394417762,0.0031568969134241,0.0093702403828501,-0.0280815865844488,-0.0010794308036565,0.0182707495987415,0.0130754169076681,0.0293644480407238,0.0172800291329622,-0.0202754065394401,-0.0432001948356628,-0.027576096355915,-0.0117260236293077,0.0107042659074068,0.0002217414439655,0.0162834543734788,0.0246119871735572,0.0066116168163716,0.0102792102843523,0.0392956137657165,-0.0046053365804255,0.0287166573107242,-0.0371207706630229,-0.039261482656002,0.0008939751423895,0.0349220633506774,-0.0174165181815624,0.0255273953080177,-0.0361322611570358,-0.0216688476502895,-0.019922224804759,0.0644253119826316,-0.0104643106460571,0.0558904036879539,-0.028685949742794,-0.0169615633785724,-0.0152671905234456,-0.0076507767662405,0.0021603528875857,0.0137981288135051,0.0656860321760177,-0.0026870304718613,-0.0076154139824211,-0.002112636109814,-0.0053957384079694,0.0907559841871261,0.0394213907420635,-0.0213374886661768,0.0090466104447841,-0.0025090924464166,0.0034483110066503,-0.0376352779567241,-0.0166094452142715,-0.0655151382088661,0.0263250116258859,0.0197572447359561,0.0405175313353538,-0.03639417886734,0.0378490537405014,-0.0168383494019508,-0.0421440042555332,-0.0249211620539426,-0.2561992406845093,-0.00900708604604,0.0656438544392585,-0.015376977622509,0.0249169860035181,0.0064786146394908,-0.0116153508424758,-0.0374169126152992,0.002596371108666,0.0051539591513574,0.0201716739684343,-0.0428637601435184,0.0013359850272536,0.017983129248023,-0.0473648495972156,0.0227651223540306,-0.0203081872314214,0.0201075915247201,-0.0137240765616297,-0.0079369926825165,-0.0134802190586924,0.0032414307352155,-0.241182342171669,0.0076745329424738,-0.2327573787402468,0.0391394119324322,-0.2362558641713958,0.0278983579653315,-0.2674567982072103,0.0179011440557317,-0.3157218426671605,0.0563925655374888,-0.361059542649862,0.0217175502273518,-0.5140654028614212,0.0177576642230012,2019-02-27,2019-02-28,2019-03-01,2019-03-04,2019-03-05,2019-03-06,2019-03-07,2019-03-08,2019-03-11,2019-03-12,14459.0,2019-02-26,252.0,-3.0257%,0.0001,1.0547,1.154,-0.5968,2.7935%,3.1782%,22.7410%,-0.0235,INGN,14459.0,2019-02-27,252.0,-24.1182%,-0.0009,1.045,1.0992,-0.5991,3.1916%,3.5233%,17.9451%,-0.24514,INGN,14459.0,2019-02-28,252.0,1.1103%,-0.0008,1.039,1.0956,-0.6065,3.1925%,3.5214%,17.8072%,0.012525,INGN,14459.0,2019-03-01,252.0,-0.4560%,-0.0006,1.0002,1.0378,-0.6587,3.1731%,3.4915%,17.4078%,-0.017734,INGN,14459.0,2019-03-04,252.0,-3.7207%,-0.0007,0.9945,1.0793,-0.6623,3.1747%,3.4970%,17.5854%,-0.025375,INGN,14459.0,2019-03-05,252.0,-0.3787%,-0.0007,0.9924,1.0636,-0.6639,3.1742%,3.4916%,17.3557%,-0.00043,INGN,14459.0,2019-03-06,252.0,-3.9864%,-0.0007,1.0071,1.0926,-0.6433,3.1747%,3.5001%,17.7263%,-0.01795,INGN,14459.0,2019-03-07,252.0,-1.2994%,-0.0008,1.0054,1.0732,-0.6511,3.1730%,3.4968%,17.6604%,-0.0061829999999999,INGN,14459.0,2019-03-08,252.0,-3.3735%,-0.0009,1.0098,1.0735,-0.6441,3.1796%,3.5025%,17.5861%,-0.033256,INGN,14459.0,2019-03-11,252.0,2.4800%,-0.0009,1.0117,1.0702,-0.6469,3.1795%,3.5060%,17.7557%,0.002451,INGN,14459.0,2019-03-12,252.0,-0.4570%,-0.0009,1.0161,1.071,-0.6416,3.1794%,3.5058%,17.7528%,-0.00471,INGN,-0.26864,-0.256115,-0.273849,-0.299654,-0.359302
17867,INOGEN INC,"Inogen Q4 EPS $0.44 Beats $0.25 Estimate, Sales $86.5M Beat $82.06M Estimate",6,increase,0.8,0.6,"the company reported better-than-expected earnings and sales, which typically boosts investor confidence and can lead to an increase in stock price.",2,2019-02-26,INGN,2019-02-26 22:23:00+00:00,14459.0,45780L10,-0.0302568394690752,715972.0,-0.241182342171669,0.0076745329424738,0.0111027508974075,0.0312252398580312,-0.004559816326946,-0.0108176572248339,-0.0372067242860794,0.0076734945178031,-0.0037867694627493,-0.0172668751329183,-0.0398635119199752,0.0263291094452142,-0.0129935918375849,0.0157971624284982,-0.0337345078587532,-0.0141252940520644,0.0248004458844661,-0.0291842054575681,-0.0045700296759605,0.0400818884372711,0.0166945550590753,-0.0216115936636924,-0.0108785424381494,-0.0300548449158668,-0.013073194772005,0.0,0.0062026525847613,-0.0479745864868164,0.0041793077252805,-0.0059120669029653,-0.0295495148748159,0.0067455125972628,0.015117441304028,0.0094125745818018,-0.0481622032821178,0.02483413182199,0.0184198394417762,0.0031568969134241,0.0093702403828501,-0.0280815865844488,-0.0010794308036565,0.0182707495987415,0.0130754169076681,0.0293644480407238,0.0172800291329622,-0.0202754065394401,-0.0432001948356628,-0.027576096355915,-0.0117260236293077,0.0107042659074068,0.0002217414439655,0.0162834543734788,0.0246119871735572,0.0066116168163716,0.0102792102843523,0.0392956137657165,-0.0046053365804255,0.0287166573107242,-0.0371207706630229,-0.039261482656002,0.0008939751423895,0.0349220633506774,-0.0174165181815624,0.0255273953080177,-0.0361322611570358,-0.0216688476502895,-0.019922224804759,0.0644253119826316,-0.0104643106460571,0.0558904036879539,-0.028685949742794,-0.0169615633785724,-0.0152671905234456,-0.0076507767662405,0.0021603528875857,0.0137981288135051,0.0656860321760177,-0.0026870304718613,-0.0076154139824211,-0.002112636109814,-0.0053957384079694,0.0907559841871261,0.0394213907420635,-0.0213374886661768,0.0090466104447841,-0.0025090924464166,0.0034483110066503,-0.0376352779567241,-0.0166094452142715,-0.0655151382088661,0.0263250116258859,0.0197572447359561,0.0405175313353538,-0.03639417886734,0.0378490537405014,-0.0168383494019508,-0.0421440042555332,-0.0249211620539426,-0.2561992406845093,-0.00900708604604,0.0656438544392585,-0.015376977622509,0.0249169860035181,0.0064786146394908,-0.0116153508424758,-0.0374169126152992,0.002596371108666,0.0051539591513574,0.0201716739684343,-0.0428637601435184,0.0013359850272536,0.017983129248023,-0.0473648495972156,0.0227651223540306,-0.0203081872314214,0.0201075915247201,-0.0137240765616297,-0.0079369926825165,-0.0134802190586924,0.0032414307352155,-0.241182342171669,0.0076745329424738,-0.2327573787402468,0.0391394119324322,-0.2362558641713958,0.0278983579653315,-0.2674567982072103,0.0179011440557317,-0.3157218426671605,0.0563925655374888,-0.361059542649862,0.0217175502273518,-0.5140654028614212,0.0177576642230012,2019-02-27,2019-02-28,2019-03-01,2019-03-04,2019-03-05,2019-03-06,2019-03-07,2019-03-08,2019-03-11,2019-03-12,14459.0,2019-02-26,252.0,-3.0257%,0.0001,1.0547,1.154,-0.5968,2.7935%,3.1782%,22.7410%,-0.0235,INGN,14459.0,2019-02-27,252.0,-24.1182%,-0.0009,1.045,1.0992,-0.5991,3.1916%,3.5233%,17.9451%,-0.24514,INGN,14459.0,2019-02-28,252.0,1.1103%,-0.0008,1.039,1.0956,-0.6065,3.1925%,3.5214%,17.8072%,0.012525,INGN,14459.0,2019-03-01,252.0,-0.4560%,-0.0006,1.0002,1.0378,-0.6587,3.1731%,3.4915%,17.4078%,-0.017734,INGN,14459.0,2019-03-04,252.0,-3.7207%,-0.0007,0.9945,1.0793,-0.6623,3.1747%,3.4970%,17.5854%,-0.025375,INGN,14459.0,2019-03-05,252.0,-0.3787%,-0.0007,0.9924,1.0636,-0.6639,3.1742%,3.4916%,17.3557%,-0.00043,INGN,14459.0,2019-03-06,252.0,-3.9864%,-0.0007,1.0071,1.0926,-0.6433,3.1747%,3.5001%,17.7263%,-0.01795,INGN,14459.0,2019-03-07,252.0,-1.2994%,-0.0008,1.0054,1.0732,-0.6511,3.1730%,3.4968%,17.6604%,-0.0061829999999999,INGN,14459.0,2019-03-08,252.0,-3.3735%,-0.0009,1.0098,1.0735,-0.6441,3.1796%,3.5025%,17.5861%,-0.033256,INGN,14459.0,2019-03-11,252.0,2.4800%,-0.0009,1.0117,1.0702,-0.6469,3.1795%,3.5060%,17.7557%,0.002451,INGN,14459.0,2019-03-12,252.0,-0.4570%,-0.0009,1.0161,1.071,-0.6416,3.1794%,3.5058%,17.7528%,-0.00471,INGN,-0.26864,-0.256115,-0.273849,-0.299654,-0.359302
17875,SUMMIT HOTEL PROPERTIES INC,"Summit Hotel Properties Q4 Adj. FFO $0.30, EPS $0.02 Beats $0.01 Estimate, Sales $132.509M Beat $130.42M Estimate",6,increase,0.8,0.6,"the company reported better-than-expected adjusted ffo, eps, and sales, which typically signals positive performance and can lead to an increase in stock price.",2,2019-02-26,INN,2019-02-26 23:02:00+00:00,12566.0,86608210,-0.0137103553861379,413902.0,0.0217202436178922,-0.0217938162386417,-0.0314625762403011,0.019658163189888,-0.0026339495088905,0.0068846750073134,0.0114436727017164,0.0210896097123622,0.0052219685167074,0.0008795275934971,-0.007792220916599,0.0160858184099197,-0.0122164348140358,0.0008943895227275,-0.0026501531247049,0.0243462715297937,0.0212577302008867,-0.013345162384212,-0.023417130112648,0.0153568275272846,0.0106571828946471,-0.0280948765575885,0.0,0.0,-0.0149384951218962,0.0052957125008106,0.0160571187734603,0.0044326409697532,-0.0149253793060779,0.0162161570042371,-0.0098039759323,-0.0062667587772011,0.0216022264212369,0.0117753725498914,-0.0317181125283241,0.0119156846776604,0.0,-0.0009157718741334,0.0136488238349556,0.015813959762454,0.0260323118418455,0.0189573280513286,0.0113735878840088,-0.0009469913202337,-0.0129758277907967,-0.0213159918785095,0.0157756619155407,-0.0064456444233655,0.0034512476995587,0.0121155753731727,0.0017196477856487,0.0084585715085268,0.0120171969756484,0.0104464022442698,0.0152672016993165,-0.0018957779975607,-0.0150376195088028,0.0095694148913025,-0.0186599045991897,0.005774731747806,0.0207433644682169,-0.0066921315155923,-0.0110076302662491,0.0234833434224128,0.0051369406282901,0.0189432241022586,-0.0034071519039571,0.002999973250553,-0.0042735207825899,0.0460250601172447,-0.0017166957259178,-0.0123966820538044,0.0060188900679349,-0.0051386677660048,-0.0282051227986812,0.0062047014944255,0.0158311612904071,0.0,0.0025973794981837,-0.0102354530245065,-0.0069084563292562,0.0230366773903369,0.0156522002071142,-0.0225179381668567,-0.0077054924331605,-0.0071137901395559,0.0017255827551707,-0.038123108446598,0.002584038535133,-0.0349057391285896,0.055841889232397,0.0182517319917678,0.0105777150020003,0.0,0.0112721696496009,0.0,-0.0087580103427171,-0.0028735378291457,-0.0128513937816023,-0.0169491823762655,0.0097640268504619,-0.0111731737852096,0.0024173837155103,-0.0200730171054601,-0.0176848322153091,-0.0143884755671024,0.004091668408364,0.0164534114301204,0.0187448691576719,-0.0266904085874557,-0.0055999993346631,0.008071762509644,-0.0114285992458462,0.0054102311842143,-0.0140379918739199,0.0009025477338582,0.0134004028514027,0.0174471605569124,-0.0082644941285252,0.0046125636436045,0.0217202436178922,-0.0217938162386417,-0.0104257074431947,-0.0025640794449033,-0.0130321961650853,0.004302942708739,0.0034752348618511,0.026385240662291,-0.0217202433255182,0.071173394183108,0.0052128108977205,0.1412789937859484,0.0578910751492374,0.0939011983753115,2019-02-27,2019-02-28,2019-03-01,2019-03-04,2019-03-05,2019-03-06,2019-03-07,2019-03-08,2019-03-11,2019-03-12,12566.0,2019-02-26,252.0,-1.3710%,-0.0005,0.6429,0.6884,0.3995,1.2307%,1.4157%,24.4287%,-0.007114,INN,12566.0,2019-02-27,252.0,2.1720%,-0.0004,0.652,0.6784,0.401,1.2315%,1.4190%,24.6843%,0.020213,INN,12566.0,2019-02-28,252.0,-3.1463%,-0.0004,0.649,0.6753,0.4054,1.2400%,1.4234%,24.1001%,-0.0286739999999999,INN,12566.0,2019-03-01,252.0,-0.2634%,-0.0004,0.6413,0.664,0.397,1.2393%,1.4171%,23.5217%,-0.007733,INN,12566.0,2019-03-04,252.0,1.1444%,-0.0003,0.6318,0.6811,0.4028,1.2392%,1.4148%,23.2850%,0.0157959999999999,INN,12566.0,2019-03-05,252.0,0.5222%,-0.0002,0.6338,0.7026,0.4007,1.2367%,1.4149%,23.6031%,0.009284,INN,12566.0,2019-03-06,252.0,-0.7792%,-0.0001,0.6296,0.6911,0.3944,1.2371%,1.4148%,23.5382%,0.006134,INN,12566.0,2019-03-07,252.0,-1.2216%,-0.0002,0.6325,0.6949,0.3993,1.2375%,1.4164%,23.6643%,-0.005358,INN,12566.0,2019-03-08,252.0,-0.2650%,-0.0002,0.6329,0.6898,0.4003,1.2372%,1.4154%,23.5983%,-0.001017,INN,12566.0,2019-03-11,252.0,2.1258%,-0.0001,0.6391,0.6874,0.3957,1.2382%,1.4204%,24.0039%,0.011335,INN,12566.0,2019-03-12,252.0,-2.3417%,-0.0002,0.6288,0.6998,0.389,1.2449%,1.4221%,23.3788%,-0.022864,INN,0.013099,-0.0155749999999999,-0.0233079999999999,0.001772,-0.0099979999999999
17883,IRONWOOD PHARMACEUTICALS INC,Ironwood Pharma Reports Cyclerion Therapeutics Entered Deal For Private Placement OF Up To $175M,6,uncertain,0.6,0.2,"the news about cyclerion therapeutics entering a deal for a private placement may not directly impact ironwood pharmaceuticals' stock price, leading to uncertainty in its effect.",1,2019-02-26,IRWD,2019-02-26 14:12:00+00:00,93264.0,46333X10,-0.0296347551047802,1283363.0,0.0241477377712726,0.018245629966259,-0.0124826841056346,0.004936508834362,0.0400281362235546,-0.0083916001021862,-0.0297096911817789,-0.0212183073163032,-0.0167014449834823,-0.0388158001005649,-0.0622788481414318,0.0919540002942085,0.0143395913764834,-0.0562711805105209,-0.0111606866121292,0.1165783479809761,0.0278404727578163,-0.0250922609120607,-0.0021961736492812,-0.0230713561177253,0.0132061848416924,0.0065312157385051,0.0043446389026939,0.0102638844400644,-0.0180245134979486,0.00073369249003,-0.016152735799551,0.0022058626636862,0.0171642173081636,0.0089021399617195,0.0044020148925483,-0.0131771825253963,0.0306793339550495,0.0270676426589489,-0.0347271300852298,0.0310077965259552,0.0095447953790426,0.0386473052203655,-0.0334545485675334,-0.0334630571305751,-0.0398795902729034,0.0288231074810028,-0.0031347931362688,0.0056360461749136,0.0636792033910751,-0.023584920912981,0.0362158715724945,-0.0147172408178448,-0.0186162646859884,-0.0152555163949728,0.0178715921938419,-0.0216417890042066,0.010375109501183,0.028396001085639,0.018167495727539,0.0619396306574344,-0.0612878166139125,-0.033096857368946,-0.0049587120302021,0.0103502515703439,0.0091361841186881,0.0194805786013603,-0.0304526668041944,0.0326906442642211,-0.0254669096320867,0.0320069082081317,-0.0069686346687376,0.0509091280400753,-0.0052631110884249,0.113360308110714,-0.0185185223817825,-0.048169557005167,0.0098831672221422,0.0019305461319163,0.0177935771644115,0.0454086586833,0.0489510856568813,0.0248190034180879,-0.0050000348128378,-0.0349301770329475,0.0134004028514027,0.0762620866298675,0.0082644149661064,0.0,0.0237704887986183,-0.0754716247320175,-0.0480383858084678,-0.0098328795284032,-0.0092515228316187,-0.0712328553199768,-0.1281833052635193,-0.0419947914779186,0.0331060551106929,-0.0272340159863233,0.0009425286552868,0.0425909087061882,-0.0273069646209478,-0.0233968365937471,0.0290416441857814,-0.0509868338704109,0.0112887946888804,-0.0113821411505341,-0.0148837063461542,-0.000812366255559,-0.0745986700057983,-0.0284135472029447,0.0,-0.0039308327250182,0.0,-0.0782608613371849,0.0102040227502584,-0.0014471421018242,0.1373738050460815,0.0146842738613486,-0.0097691481932997,-0.0180245134979486,0.0322870500385761,0.0612088926136493,-0.0165074318647384,-0.0209738332778215,0.0241477377712726,0.018245629966259,0.0113636250831734,0.0232722085141379,0.0518466260395507,0.0146853173446064,0.0035511498510325,-0.0453947095066771,-0.0319602153500939,0.0461427790106181,-0.0442316448013874,0.1552547568057092,-0.1013872526207931,0.0868913771582449,2019-02-27,2019-02-28,2019-03-01,2019-03-04,2019-03-05,2019-03-06,2019-03-07,2019-03-08,2019-03-11,2019-03-12,93264.0,2019-02-26,252.0,-2.9635%,-0.0002,1.1584,1.2297,-0.5222,2.9987%,3.3991%,22.1751%,-0.0219079999999999,IRWD,93264.0,2019-02-27,252.0,2.4148%,-0.0002,1.1535,1.2444,-0.523,3.0004%,3.4004%,22.1429%,0.020042,IRWD,93264.0,2019-02-28,252.0,-1.2483%,-0.0001,1.1446,1.238,-0.527,2.9983%,3.3930%,21.9086%,-0.010563,IRWD,93264.0,2019-03-01,252.0,4.0028%,-0.0,1.1516,1.2485,-0.5282,3.0028%,3.4008%,22.0377%,0.0259989999999999,IRWD,93264.0,2019-03-04,252.0,-2.9710%,-0.0003,1.1724,1.1945,-0.537,2.9938%,3.3977%,22.3593%,-0.016757,IRWD,93264.0,2019-03-05,252.0,-1.6701%,-0.0,1.1893,1.3175,-0.5205,2.9656%,3.3895%,23.4491%,-0.012384,IRWD,93264.0,2019-03-06,252.0,-6.2279%,-0.0001,1.211,1.3844,-0.4868,2.9726%,3.4122%,24.1081%,-0.03557,IRWD,93264.0,2019-03-07,252.0,1.4340%,-0.0001,1.1985,1.3693,-0.5078,2.9760%,3.4111%,23.8853%,0.0235429999999999,IRWD,93264.0,2019-03-08,252.0,-1.1161%,-0.0001,1.2004,1.3601,-0.5042,2.9762%,3.4092%,23.7885%,-0.010162,IRWD,93264.0,2019-03-11,252.0,2.7840%,-0.0002,1.2007,1.3869,-0.489,2.9711%,3.4093%,24.0583%,0.002346,IRWD,93264.0,2019-03-12,252.0,-0.2196%,-0.0002,1.2018,1.3873,-0.4876,2.9711%,3.4083%,24.0099%,-0.001796,IRWD,-0.0018659999999999,-0.0124289999999999,0.01357,-0.0155709999999999,-0.0372099999999999
17891,JAKKS PACIFIC INC,Jakks Sees FY19 Sales Growth ~5% Year Over Year,6,increase,0.7,0.6,"the announcement of a 5% year-over-year sales growth is generally viewed positively and suggests improving business performance, which could lead to an increase in stock price.",2,2019-02-26,JAKK,2019-02-26 22:19:00+00:00,83520.0,47012E40,0.0100502418354153,22453.0,-0.1542288213968277,-0.0292682647705078,-0.0705882385373115,0.0512819997966289,-0.0126582905650138,-0.0101522747427225,-0.0192307513207197,-0.0343136936426162,-0.0326797068119049,0.0303030014038085,-0.0810810849070549,-0.0246305186301469,0.0147058684378862,0.0304568242281675,-0.0144927399232983,0.0314136445522308,-0.0073529342189431,0.0105820009484887,-0.0148148005828261,0.0106951771304011,0.0451127365231514,-0.015789458528161,-0.0503596663475036,0.0382513292133808,-0.1818181872367859,-0.0161290168762207,-0.0370371118187904,-0.0158730000257492,0.0,0.0216215997934341,0.0404808409512043,-0.0159574318677187,0.0350244604051113,0.0162161998450756,-0.0625000447034835,-0.031413584947586,-0.0380952022969722,-0.0750605762004852,0.0198019612580537,0.014742000028491,0.0388350300490856,-0.0169081389904022,-0.0186916813254356,0.0507613718509674,-0.0380952022969722,-0.0100502418354153,0.0198019612580537,0.015306107699871,0.0,-0.0199999809265136,-0.0097087286412715,0.0,0.0294117368757724,-0.01960782520473,0.0190477147698402,0.0461538024246692,0.02803735435009,-0.0579709596931934,-0.0213636048138141,-0.0048076878301799,-0.0524849742650985,-0.0047846846282482,0.0294117368757724,-0.0047619002871215,0.009523800574243,0.0499999523162841,0.0,0.0362694598734378,0.0188680198043584,0.015789458528161,-0.0185186099261045,0.0555555708706378,0.0,0.2244897335767746,0.0283019728958606,-0.0516128540039062,-0.0642202273011207,0.1231883764266968,0.1274509727954865,-0.0800000056624412,-0.0434782207012176,-0.101796381175518,0.0090909004211425,-0.2009569257497787,-0.0360359996557235,-0.0233645737171173,0.0093457847833633,0.0046948310919106,-0.0555556118488311,-0.0184331610798835,-0.009803912602365,-0.0045871515758335,-0.0099009806290268,0.0046082902699708,0.059999942779541,-0.0730457082390785,0.0188680198043584,0.0837962925434112,-0.0462963618338108,-0.0091743031516671,0.0,0.0046082902699708,-0.2135922014713287,0.0,0.1112345531582832,-0.0045871515758335,-0.1756471544504166,-0.0267856884747743,0.2270889580249786,-0.0303030014038085,-0.0115321408957243,0.004347822163254,-0.166666641831398,-0.017094001173973,0.1733333319425583,0.0263157654553651,-0.1238636001944542,0.0,0.0635537803173065,-0.0129870008677244,-0.1542288213968277,-0.0292682647705078,-0.2139303191000515,0.0205127998781122,-0.2238806175252308,0.0101522735552845,-0.2636815738841663,0.0050504993507876,-0.3383084298298818,0.0641711251111711,-0.46442783125948,-0.0432691928581933,-0.592039797742351,-0.1385281128392652,2019-02-27,2019-02-28,2019-03-01,2019-03-04,2019-03-05,2019-03-06,2019-03-07,2019-03-08,2019-03-11,2019-03-12,83520.0,2019-02-26,252.0,1.0050%,0.0006,0.2799,1.2317,0.7201,3.9574%,4.0127%,2.7383%,0.020969,JAKK,83520.0,2019-02-27,252.0,-15.4229%,-0.0,0.275,1.1944,0.7188,4.0785%,4.1295%,2.4544%,-0.156057,JAKK,83520.0,2019-02-28,252.0,-7.0588%,-0.0005,0.317,1.221,0.7653,4.0876%,4.1427%,2.6451%,-0.068278,JAKK,83520.0,2019-03-01,252.0,-1.2658%,-0.0005,0.3072,1.2064,0.7571,4.0881%,4.1412%,2.5475%,-0.01551,JAKK,83520.0,2019-03-04,252.0,-1.9231%,-0.0007,0.3268,1.1551,0.7489,4.0821%,4.1326%,2.4272%,-0.01585,JAKK,83520.0,2019-03-05,252.0,-3.2680%,-0.001,0.3189,1.0767,0.7529,4.0710%,4.1163%,2.1881%,-0.026836,JAKK,83520.0,2019-03-06,252.0,-8.1081%,-0.0011,0.3672,1.19,0.8228,4.0824%,4.1395%,2.7400%,-0.0652259999999999,JAKK,83520.0,2019-03-07,252.0,1.4706%,-0.0009,0.3645,1.2207,0.8279,4.0802%,4.1388%,2.8140%,0.021175,JAKK,83520.0,2019-03-08,252.0,-1.4493%,-0.0011,0.3687,1.178,0.8369,4.0736%,4.1300%,2.7113%,-0.012984,JAKK,83520.0,2019-03-11,252.0,-0.7353%,-0.0011,0.3631,1.1612,0.8302,4.0735%,4.1284%,2.6384%,-0.0128259999999999,JAKK,83520.0,2019-03-12,252.0,-1.4815%,-0.0011,0.3661,1.1654,0.8353,4.0740%,4.1292%,2.6567%,-0.011897,JAKK,-0.1350879999999999,-0.203366,-0.218876,-0.261562,-0.34332
17899,JAKKS PACIFIC INC,"Jakks Pacific Q4 EPS $(0.37) Beats $(0.52) Estimate, Sales $132.326M Beat $125.2M Estimate",6,increase,0.75,0.6,"the company reported better-than-expected earnings and sales, which typically boosts investor confidence and can lead to an increase in stock price.",2,2019-02-26,JAKK,2019-02-26 22:19:00+00:00,83520.0,47012E40,0.0100502418354153,22453.0,-0.1542288213968277,-0.0292682647705078,-0.0705882385373115,0.0512819997966289,-0.0126582905650138,-0.0101522747427225,-0.0192307513207197,-0.0343136936426162,-0.0326797068119049,0.0303030014038085,-0.0810810849070549,-0.0246305186301469,0.0147058684378862,0.0304568242281675,-0.0144927399232983,0.0314136445522308,-0.0073529342189431,0.0105820009484887,-0.0148148005828261,0.0106951771304011,0.0451127365231514,-0.015789458528161,-0.0503596663475036,0.0382513292133808,-0.1818181872367859,-0.0161290168762207,-0.0370371118187904,-0.0158730000257492,0.0,0.0216215997934341,0.0404808409512043,-0.0159574318677187,0.0350244604051113,0.0162161998450756,-0.0625000447034835,-0.031413584947586,-0.0380952022969722,-0.0750605762004852,0.0198019612580537,0.014742000028491,0.0388350300490856,-0.0169081389904022,-0.0186916813254356,0.0507613718509674,-0.0380952022969722,-0.0100502418354153,0.0198019612580537,0.015306107699871,0.0,-0.0199999809265136,-0.0097087286412715,0.0,0.0294117368757724,-0.01960782520473,0.0190477147698402,0.0461538024246692,0.02803735435009,-0.0579709596931934,-0.0213636048138141,-0.0048076878301799,-0.0524849742650985,-0.0047846846282482,0.0294117368757724,-0.0047619002871215,0.009523800574243,0.0499999523162841,0.0,0.0362694598734378,0.0188680198043584,0.015789458528161,-0.0185186099261045,0.0555555708706378,0.0,0.2244897335767746,0.0283019728958606,-0.0516128540039062,-0.0642202273011207,0.1231883764266968,0.1274509727954865,-0.0800000056624412,-0.0434782207012176,-0.101796381175518,0.0090909004211425,-0.2009569257497787,-0.0360359996557235,-0.0233645737171173,0.0093457847833633,0.0046948310919106,-0.0555556118488311,-0.0184331610798835,-0.009803912602365,-0.0045871515758335,-0.0099009806290268,0.0046082902699708,0.059999942779541,-0.0730457082390785,0.0188680198043584,0.0837962925434112,-0.0462963618338108,-0.0091743031516671,0.0,0.0046082902699708,-0.2135922014713287,0.0,0.1112345531582832,-0.0045871515758335,-0.1756471544504166,-0.0267856884747743,0.2270889580249786,-0.0303030014038085,-0.0115321408957243,0.004347822163254,-0.166666641831398,-0.017094001173973,0.1733333319425583,0.0263157654553651,-0.1238636001944542,0.0,0.0635537803173065,-0.0129870008677244,-0.1542288213968277,-0.0292682647705078,-0.2139303191000515,0.0205127998781122,-0.2238806175252308,0.0101522735552845,-0.2636815738841663,0.0050504993507876,-0.3383084298298818,0.0641711251111711,-0.46442783125948,-0.0432691928581933,-0.592039797742351,-0.1385281128392652,2019-02-27,2019-02-28,2019-03-01,2019-03-04,2019-03-05,2019-03-06,2019-03-07,2019-03-08,2019-03-11,2019-03-12,83520.0,2019-02-26,252.0,1.0050%,0.0006,0.2799,1.2317,0.7201,3.9574%,4.0127%,2.7383%,0.020969,JAKK,83520.0,2019-02-27,252.0,-15.4229%,-0.0,0.275,1.1944,0.7188,4.0785%,4.1295%,2.4544%,-0.156057,JAKK,83520.0,2019-02-28,252.0,-7.0588%,-0.0005,0.317,1.221,0.7653,4.0876%,4.1427%,2.6451%,-0.068278,JAKK,83520.0,2019-03-01,252.0,-1.2658%,-0.0005,0.3072,1.2064,0.7571,4.0881%,4.1412%,2.5475%,-0.01551,JAKK,83520.0,2019-03-04,252.0,-1.9231%,-0.0007,0.3268,1.1551,0.7489,4.0821%,4.1326%,2.4272%,-0.01585,JAKK,83520.0,2019-03-05,252.0,-3.2680%,-0.001,0.3189,1.0767,0.7529,4.0710%,4.1163%,2.1881%,-0.026836,JAKK,83520.0,2019-03-06,252.0,-8.1081%,-0.0011,0.3672,1.19,0.8228,4.0824%,4.1395%,2.7400%,-0.0652259999999999,JAKK,83520.0,2019-03-07,252.0,1.4706%,-0.0009,0.3645,1.2207,0.8279,4.0802%,4.1388%,2.8140%,0.021175,JAKK,83520.0,2019-03-08,252.0,-1.4493%,-0.0011,0.3687,1.178,0.8369,4.0736%,4.1300%,2.7113%,-0.012984,JAKK,83520.0,2019-03-11,252.0,-0.7353%,-0.0011,0.3631,1.1612,0.8302,4.0735%,4.1284%,2.6384%,-0.0128259999999999,JAKK,83520.0,2019-03-12,252.0,-1.4815%,-0.0011,0.3661,1.1654,0.8353,4.0740%,4.1292%,2.6567%,-0.011897,JAKK,-0.1350879999999999,-0.203366,-0.218876,-0.261562,-0.34332
17907,JAZZ PHARMACEUTICALS PLC,Jazz Pharma Sees FY19 Sales $2.05B-$2.13B vs $2.03B Estimate,6,increase,0.7,0.6,"the forecasted sales range exceeds the estimate, which is likely to be viewed positively by investors, potentially driving the stock price up.",2,2019-02-26,JAZZ,2019-02-26 21:11:00+00:00,92096.0,G5087110,0.0119604133069515,1395187.0,0.0788196548819542,0.0019045937806367,0.0159616693854332,0.0063892905600368,-0.0074984151870012,-0.0123836547136306,-0.0323787592351436,-0.0015750871971249,0.0099643934518098,0.008337989449501,-0.0008835986373014,0.0048675439320504,0.001326513942331,0.0079626627266407,-0.0247277040034532,0.0206879917532205,0.0036220625042915,-0.0186110623180866,0.0063910232856869,-0.0076750805601477,0.0102353012189269,7.997230568435043e-05,-0.0031060357578098,-0.0212849304080009,0.0141691658645868,-0.0056026270613074,-0.0165314134210348,-0.0013210924807935,0.0081815253943204,0.0025709900073707,-0.01460712403059,0.0195409227162599,0.0184172447770834,0.0031875171698629,0.0041903061792254,0.0041609718464314,0.002342547988519,0.0018438621191307,-0.0027753789909183,-0.0172536242753267,0.0054928963072597,0.0095442365854978,0.0207590237259864,-0.0178110394626855,0.02005136013031,-0.0050521460361778,-6.991610280238092e-05,-0.0031765990424901,-0.0156709495931863,0.0131879104301333,-0.0056858784519135,-0.006085657980293,0.0225875899195671,0.0013281106948852,0.0099258925765752,0.0058939098380506,-0.0065752835944294,-0.0124175865203142,-0.0239671319723129,-0.0124922571703791,0.0071382685564458,-0.0063209338113665,-0.0091430526226758,0.0252185799181461,-0.0191702991724014,-0.0052810865454375,0.00926199182868,7.762723544146866e-05,-0.0179926697164773,0.0217442885041236,-0.0604856051504612,0.0070327250286936,0.005952397827059,0.00943851377815,-0.0192307792603969,0.0185702722519636,0.0302452761679887,0.0032975587528198,-0.0027739298529922,-0.0071211848407983,-0.0068768304772675,0.0154600664973259,0.019139552488923,0.0376918651163578,0.0004580315726343,-0.1129303351044655,-0.0097672548145055,-0.0081954915076494,-0.0011559616541489,-0.046799287199974,-0.0003856487746816,-0.0017330166883766,0.0212240479886531,-0.0147267505526542,0.0037030698731541,-0.0108374981209635,-0.0313229709863662,0.0091613419353961,0.0928099751472473,0.0030630622059106,-0.0050500850193202,0.0052274330519139,-0.0050758272409439,-0.0107671907171607,-0.0242868792265653,-0.0162369459867477,0.0037558714393526,-0.0079501830041408,0.0147468410432338,-0.0280205160379409,0.0076639256440103,-0.0157406721264123,-0.0015067192725837,0.0249457191675901,-0.005964370444417,0.0074439095333218,0.011421974748373,-0.0233442280441522,0.0072188870981335,-0.0068230922333896,0.0788196548819542,0.0019045937806367,0.096039417539687,0.0083060533437369,0.0878208589256555,-0.0041804606665356,0.0630870755342891,0.0025410913807937,0.0476675302703095,0.009353998459237,0.0965090331742506,-0.032418730350987,0.1030056051018513,-0.1636857847831,2019-02-27,2019-02-28,2019-03-01,2019-03-04,2019-03-05,2019-03-06,2019-03-07,2019-03-08,2019-03-11,2019-03-12,92096.0,2019-02-26,252.0,1.1960%,-0.0005,0.6594,0.5225,0.3001,1.7564%,1.8880%,13.4610%,0.0174059999999999,JAZZ,92096.0,2019-02-27,252.0,7.8820%,-0.0001,0.6631,0.5389,0.301,1.8235%,1.9528%,12.8072%,0.077494,JAZZ,92096.0,2019-02-28,252.0,1.5962%,-0.0,0.651,0.5312,0.2878,1.8246%,1.9492%,12.3726%,0.018562,JAZZ,92096.0,2019-03-01,252.0,-0.7498%,-0.0001,0.6588,0.5429,0.3058,1.8230%,1.9493%,12.5322%,-0.012665,JAZZ,92096.0,2019-03-04,252.0,-3.2379%,-0.0001,0.65,0.5974,0.3024,1.8240%,1.9517%,12.6618%,-0.028064,JAZZ,92096.0,2019-03-05,252.0,0.9964%,-0.0001,0.6487,0.5966,0.2964,1.8258%,1.9524%,12.5499%,0.013557,JAZZ,92096.0,2019-03-06,252.0,-0.0884%,-0.0001,0.6392,0.5759,0.2829,1.8265%,1.9505%,12.3088%,0.011874,JAZZ,92096.0,2019-03-07,252.0,0.1327%,-0.0,0.6347,0.5693,0.275,1.8270%,1.9494%,12.1636%,0.0078149999999999,JAZZ,92096.0,2019-03-08,252.0,-2.4728%,-0.0001,0.6379,0.5694,0.28,1.8328%,1.9555%,12.1515%,-0.0232379999999999,JAZZ,92096.0,2019-03-11,252.0,0.3622%,-0.0002,0.6339,0.5831,0.2899,1.8298%,1.9529%,12.2056%,-0.006566,JAZZ,92096.0,2019-03-12,252.0,0.6391%,-0.0003,0.6154,0.584,0.269,1.8248%,1.9424%,11.7493%,0.006581,JAZZ,0.0948999999999999,0.1134619999999999,0.1007969999999999,0.0862899999999999,0.082756
17915,JAZZ PHARMACEUTICALS PLC,"Jazz Pharmaceuticals Q4 Adj. EPS $3.64 Beats $3.02 Estimate, Sales $476.457M Beat $459.72M Estimate",6,increase,0.8,0.7,"the company reported better-than-expected earnings and sales, which typically boosts investor confidence and can lead to an increase in stock price.",2,2019-02-26,JAZZ,2019-02-26 21:11:00+00:00,92096.0,G5087110,0.0119604133069515,1395187.0,0.0788196548819542,0.0019045937806367,0.0159616693854332,0.0063892905600368,-0.0074984151870012,-0.0123836547136306,-0.0323787592351436,-0.0015750871971249,0.0099643934518098,0.008337989449501,-0.0008835986373014,0.0048675439320504,0.001326513942331,0.0079626627266407,-0.0247277040034532,0.0206879917532205,0.0036220625042915,-0.0186110623180866,0.0063910232856869,-0.0076750805601477,0.0102353012189269,7.997230568435043e-05,-0.0031060357578098,-0.0212849304080009,0.0141691658645868,-0.0056026270613074,-0.0165314134210348,-0.0013210924807935,0.0081815253943204,0.0025709900073707,-0.01460712403059,0.0195409227162599,0.0184172447770834,0.0031875171698629,0.0041903061792254,0.0041609718464314,0.002342547988519,0.0018438621191307,-0.0027753789909183,-0.0172536242753267,0.0054928963072597,0.0095442365854978,0.0207590237259864,-0.0178110394626855,0.02005136013031,-0.0050521460361778,-6.991610280238092e-05,-0.0031765990424901,-0.0156709495931863,0.0131879104301333,-0.0056858784519135,-0.006085657980293,0.0225875899195671,0.0013281106948852,0.0099258925765752,0.0058939098380506,-0.0065752835944294,-0.0124175865203142,-0.0239671319723129,-0.0124922571703791,0.0071382685564458,-0.0063209338113665,-0.0091430526226758,0.0252185799181461,-0.0191702991724014,-0.0052810865454375,0.00926199182868,7.762723544146866e-05,-0.0179926697164773,0.0217442885041236,-0.0604856051504612,0.0070327250286936,0.005952397827059,0.00943851377815,-0.0192307792603969,0.0185702722519636,0.0302452761679887,0.0032975587528198,-0.0027739298529922,-0.0071211848407983,-0.0068768304772675,0.0154600664973259,0.019139552488923,0.0376918651163578,0.0004580315726343,-0.1129303351044655,-0.0097672548145055,-0.0081954915076494,-0.0011559616541489,-0.046799287199974,-0.0003856487746816,-0.0017330166883766,0.0212240479886531,-0.0147267505526542,0.0037030698731541,-0.0108374981209635,-0.0313229709863662,0.0091613419353961,0.0928099751472473,0.0030630622059106,-0.0050500850193202,0.0052274330519139,-0.0050758272409439,-0.0107671907171607,-0.0242868792265653,-0.0162369459867477,0.0037558714393526,-0.0079501830041408,0.0147468410432338,-0.0280205160379409,0.0076639256440103,-0.0157406721264123,-0.0015067192725837,0.0249457191675901,-0.005964370444417,0.0074439095333218,0.011421974748373,-0.0233442280441522,0.0072188870981335,-0.0068230922333896,0.0788196548819542,0.0019045937806367,0.096039417539687,0.0083060533437369,0.0878208589256555,-0.0041804606665356,0.0630870755342891,0.0025410913807937,0.0476675302703095,0.009353998459237,0.0965090331742506,-0.032418730350987,0.1030056051018513,-0.1636857847831,2019-02-27,2019-02-28,2019-03-01,2019-03-04,2019-03-05,2019-03-06,2019-03-07,2019-03-08,2019-03-11,2019-03-12,92096.0,2019-02-26,252.0,1.1960%,-0.0005,0.6594,0.5225,0.3001,1.7564%,1.8880%,13.4610%,0.0174059999999999,JAZZ,92096.0,2019-02-27,252.0,7.8820%,-0.0001,0.6631,0.5389,0.301,1.8235%,1.9528%,12.8072%,0.077494,JAZZ,92096.0,2019-02-28,252.0,1.5962%,-0.0,0.651,0.5312,0.2878,1.8246%,1.9492%,12.3726%,0.018562,JAZZ,92096.0,2019-03-01,252.0,-0.7498%,-0.0001,0.6588,0.5429,0.3058,1.8230%,1.9493%,12.5322%,-0.012665,JAZZ,92096.0,2019-03-04,252.0,-3.2379%,-0.0001,0.65,0.5974,0.3024,1.8240%,1.9517%,12.6618%,-0.028064,JAZZ,92096.0,2019-03-05,252.0,0.9964%,-0.0001,0.6487,0.5966,0.2964,1.8258%,1.9524%,12.5499%,0.013557,JAZZ,92096.0,2019-03-06,252.0,-0.0884%,-0.0001,0.6392,0.5759,0.2829,1.8265%,1.9505%,12.3088%,0.011874,JAZZ,92096.0,2019-03-07,252.0,0.1327%,-0.0,0.6347,0.5693,0.275,1.8270%,1.9494%,12.1636%,0.0078149999999999,JAZZ,92096.0,2019-03-08,252.0,-2.4728%,-0.0001,0.6379,0.5694,0.28,1.8328%,1.9555%,12.1515%,-0.0232379999999999,JAZZ,92096.0,2019-03-11,252.0,0.3622%,-0.0002,0.6339,0.5831,0.2899,1.8298%,1.9529%,12.2056%,-0.006566,JAZZ,92096.0,2019-03-12,252.0,0.6391%,-0.0003,0.6154,0.584,0.269,1.8248%,1.9424%,11.7493%,0.006581,JAZZ,0.0948999999999999,0.1134619999999999,0.1007969999999999,0.0862899999999999,0.082756
17923,J D COM INC,JD.com Option Alert: Mar 15 $27 Calls Sweep (16) near the Ask: 509 @ $1.08 vs 10697 OI; Earnings 2/28 Before Open Ref=$26.62,6,increase,0.7,0.6,"the significant call option activity suggests bullish sentiment among investors ahead of the earnings report, which could lead to an increase in jd.com's stock price.",2,2019-02-26,JD,2019-02-26 19:56:00+00:00,14655.0,47215P10,0.0152729898691177,20266089.0,-0.0233170688152313,0.0092485453933477,0.0670003816485405,0.0692212730646133,0.0368098318576812,-0.0166126359254121,0.0055690864101052,0.0016234138747677,0.01592249982059,0.0283806473016738,-0.0109028853476047,-0.0152075970545411,-0.0409920960664749,-0.0113775162026286,-0.0283764693886041,-0.0028362923767417,0.0210721492767334,0.0164744481444358,0.0177407581359148,0.0120884086936712,0.0007114390027709,0.000417023722548,-0.0085318088531494,-0.045002032071352,0.0014342386275529,-0.0121951010078191,0.0075187641195952,0.0465211644768714,0.0060412255115807,-0.0138042327016592,-0.0081243216991424,-0.0088531672954559,0.0242165345698595,0.008522767573595,-0.0264255981892347,0.0476190000772476,0.0139285493642091,-0.0084316553547978,0.0147939445450902,0.0038087242282927,0.0121485730633139,0.0692307129502296,0.0085733886808156,0.0059172087348997,0.0251615028828382,0.0133763374760747,0.0368159413337707,-0.0679277703166008,-0.0310300476849079,0.050587210804224,0.0006602360517717,-0.0085087567567825,-0.0019795270636677,0.003595502115786,0.032727263867855,0.0095280883833765,-0.014404572546482,-0.0367132127285003,0.003572546178475,-0.0222222413867712,-0.0236245803534984,-0.0122414901852607,0.0009943880140781,0.0322439968585968,0.0122516201809048,0.0083480020985007,-0.0297677423804998,0.0220026839524507,0.0084288604557514,0.0943489000201225,-0.0020060001406818,-0.0432534106075763,0.0053601288236677,0.0162446312606334,-0.0119960214942693,-0.035928089171648,0.0043845218606293,0.0004607521404977,-0.004029578063637,0.0284360367804765,-0.0144976498559117,0.0683544501662254,-0.0034211557358503,-0.0630929768085479,0.0252317413687706,0.0587644428014755,0.0135610476136207,-0.0128904422745108,-0.0023125105071812,-0.0413498468697071,-0.0069536748342216,-0.0145198814570903,0.0020006489939987,-0.036986906081438,-0.0449250750243663,-0.0237780287861824,-0.0547038875520229,0.0374600142240524,-0.0088462876155972,0.0468675047159194,0.0230569299310445,0.0195026621222496,0.0239912699908018,-0.0200668927282095,0.000354995689122,-0.0141309108585119,0.0528743714094162,-0.0102564664557576,0.0259521547704935,-0.0254429560154676,0.0006569825927726,0.036740493029356,-0.0377544201910495,0.0123986760154366,-0.0324121080338954,-0.0191767942160368,0.0243299938738346,0.0259116608649492,-0.0282271839678287,0.0185728780925273,-0.0233170688152313,0.0092485453933477,0.0421210603237633,0.0791100145440844,0.0804813613296295,0.0611831527489972,0.1037984300409866,0.0930718494443194,0.0571643647353405,0.091704909159979,0.1620909922028452,0.1192308037969671,0.061677301655493,0.2800587254073474,2019-02-27,2019-02-28,2019-03-01,2019-03-04,2019-03-05,2019-03-06,2019-03-07,2019-03-08,2019-03-11,2019-03-12,14655.0,2019-02-26,252.0,1.5273%,-0.0026,1.3708,-0.099,-0.9743,2.3843%,2.9686%,35.4906%,0.013709,JD,14655.0,2019-02-27,252.0,-2.3317%,-0.0027,1.3724,-0.1085,-0.9741,2.3885%,2.9708%,35.3576%,-0.025632,JD,14655.0,2019-02-28,252.0,6.7000%,-0.0023,1.349,-0.1222,-1.0078,2.4282%,2.9946%,34.2527%,0.068741,JD,14655.0,2019-03-01,252.0,3.6810%,-0.0023,1.3642,-0.0996,-0.9961,2.4314%,3.0043%,34.5009%,0.023331,JD,14655.0,2019-03-04,252.0,0.5569%,-0.0022,1.3616,-0.1077,-0.9917,2.4341%,3.0023%,34.2688%,0.016059,JD,14655.0,2019-03-05,252.0,1.5922%,-0.0019,1.3731,-0.0074,-0.9901,2.4031%,2.9871%,35.2790%,0.0154329999999999,JD,14655.0,2019-03-06,252.0,-1.0903%,-0.0018,1.3874,-0.0264,-0.9764,2.3961%,2.9857%,35.5958%,0.000844,JD,14655.0,2019-03-07,252.0,-4.0992%,-0.0019,1.4014,-0.0193,-0.9559,2.4041%,2.9961%,35.6168%,-0.032946,JD,14655.0,2019-03-08,252.0,-2.8376%,-0.0021,1.4066,-0.0492,-0.9459,2.4033%,2.9947%,35.5941%,-0.026999,JD,14655.0,2019-03-11,252.0,2.1072%,-0.0022,1.4047,-0.0362,-0.9375,2.4014%,2.9943%,35.6824%,-0.004718,JD,14655.0,2019-03-12,252.0,1.7741%,-0.0021,1.4165,-0.0456,-0.928,2.4021%,2.9963%,35.7296%,0.013288,JD,-0.011923,0.0568179999999999,0.080149,0.111641,0.06111
17931,J D COM INC,JD.com Option Alert: Fri $27.5 Calls Sweep (37) near the Ask: 2365 @ $0.471 vs 1714 OI; Earnings 2/28 Before Open Ref=$26.555,6,increase,0.7,0.6,"the significant call option activity suggests bullish sentiment among investors ahead of the earnings report, which could lead to an increase in jd.com's stock price.",2,2019-02-26,JD,2019-02-26 19:52:00+00:00,14655.0,47215P10,0.0152729898691177,20266089.0,-0.0233170688152313,0.0092485453933477,0.0670003816485405,0.0692212730646133,0.0368098318576812,-0.0166126359254121,0.0055690864101052,0.0016234138747677,0.01592249982059,0.0283806473016738,-0.0109028853476047,-0.0152075970545411,-0.0409920960664749,-0.0113775162026286,-0.0283764693886041,-0.0028362923767417,0.0210721492767334,0.0164744481444358,0.0177407581359148,0.0120884086936712,0.0007114390027709,0.000417023722548,-0.0085318088531494,-0.045002032071352,0.0014342386275529,-0.0121951010078191,0.0075187641195952,0.0465211644768714,0.0060412255115807,-0.0138042327016592,-0.0081243216991424,-0.0088531672954559,0.0242165345698595,0.008522767573595,-0.0264255981892347,0.0476190000772476,0.0139285493642091,-0.0084316553547978,0.0147939445450902,0.0038087242282927,0.0121485730633139,0.0692307129502296,0.0085733886808156,0.0059172087348997,0.0251615028828382,0.0133763374760747,0.0368159413337707,-0.0679277703166008,-0.0310300476849079,0.050587210804224,0.0006602360517717,-0.0085087567567825,-0.0019795270636677,0.003595502115786,0.032727263867855,0.0095280883833765,-0.014404572546482,-0.0367132127285003,0.003572546178475,-0.0222222413867712,-0.0236245803534984,-0.0122414901852607,0.0009943880140781,0.0322439968585968,0.0122516201809048,0.0083480020985007,-0.0297677423804998,0.0220026839524507,0.0084288604557514,0.0943489000201225,-0.0020060001406818,-0.0432534106075763,0.0053601288236677,0.0162446312606334,-0.0119960214942693,-0.035928089171648,0.0043845218606293,0.0004607521404977,-0.004029578063637,0.0284360367804765,-0.0144976498559117,0.0683544501662254,-0.0034211557358503,-0.0630929768085479,0.0252317413687706,0.0587644428014755,0.0135610476136207,-0.0128904422745108,-0.0023125105071812,-0.0413498468697071,-0.0069536748342216,-0.0145198814570903,0.0020006489939987,-0.036986906081438,-0.0449250750243663,-0.0237780287861824,-0.0547038875520229,0.0374600142240524,-0.0088462876155972,0.0468675047159194,0.0230569299310445,0.0195026621222496,0.0239912699908018,-0.0200668927282095,0.000354995689122,-0.0141309108585119,0.0528743714094162,-0.0102564664557576,0.0259521547704935,-0.0254429560154676,0.0006569825927726,0.036740493029356,-0.0377544201910495,0.0123986760154366,-0.0324121080338954,-0.0191767942160368,0.0243299938738346,0.0259116608649492,-0.0282271839678287,0.0185728780925273,-0.0233170688152313,0.0092485453933477,0.0421210603237633,0.0791100145440844,0.0804813613296295,0.0611831527489972,0.1037984300409866,0.0930718494443194,0.0571643647353405,0.091704909159979,0.1620909922028452,0.1192308037969671,0.061677301655493,0.2800587254073474,2019-02-27,2019-02-28,2019-03-01,2019-03-04,2019-03-05,2019-03-06,2019-03-07,2019-03-08,2019-03-11,2019-03-12,14655.0,2019-02-26,252.0,1.5273%,-0.0026,1.3708,-0.099,-0.9743,2.3843%,2.9686%,35.4906%,0.013709,JD,14655.0,2019-02-27,252.0,-2.3317%,-0.0027,1.3724,-0.1085,-0.9741,2.3885%,2.9708%,35.3576%,-0.025632,JD,14655.0,2019-02-28,252.0,6.7000%,-0.0023,1.349,-0.1222,-1.0078,2.4282%,2.9946%,34.2527%,0.068741,JD,14655.0,2019-03-01,252.0,3.6810%,-0.0023,1.3642,-0.0996,-0.9961,2.4314%,3.0043%,34.5009%,0.023331,JD,14655.0,2019-03-04,252.0,0.5569%,-0.0022,1.3616,-0.1077,-0.9917,2.4341%,3.0023%,34.2688%,0.016059,JD,14655.0,2019-03-05,252.0,1.5922%,-0.0019,1.3731,-0.0074,-0.9901,2.4031%,2.9871%,35.2790%,0.0154329999999999,JD,14655.0,2019-03-06,252.0,-1.0903%,-0.0018,1.3874,-0.0264,-0.9764,2.3961%,2.9857%,35.5958%,0.000844,JD,14655.0,2019-03-07,252.0,-4.0992%,-0.0019,1.4014,-0.0193,-0.9559,2.4041%,2.9961%,35.6168%,-0.032946,JD,14655.0,2019-03-08,252.0,-2.8376%,-0.0021,1.4066,-0.0492,-0.9459,2.4033%,2.9947%,35.5941%,-0.026999,JD,14655.0,2019-03-11,252.0,2.1072%,-0.0022,1.4047,-0.0362,-0.9375,2.4014%,2.9943%,35.6824%,-0.004718,JD,14655.0,2019-03-12,252.0,1.7741%,-0.0021,1.4165,-0.0456,-0.928,2.4021%,2.9963%,35.7296%,0.013288,JD,-0.011923,0.0568179999999999,0.080149,0.111641,0.06111
17939,K B R INC,KBR Sees FY19 Adj. EPS $1.58-$1.73 vs $1.62 Est.,6,uncertain,0.6,0.2,"while kbr's adjusted eps guidance is within the expected range, the slight variation from the estimate introduces uncertainty about market reactions.",1,2019-02-26,KBR,2019-02-26 14:25:00+00:00,91579.0,48242W10,0.0563075765967369,3154726.0,0.0128139415755868,0.0048966351896524,0.0,0.0082281744107604,0.0060728201642632,-0.0266951415687799,-0.0095572751015424,0.0184883177280426,-0.0091417115181684,0.0137816984206438,-0.0097386231645941,0.0117121627554297,-0.013975178822875,-0.0033351564779877,-0.0010497927432879,0.003906233003363,-0.0005254980642348,0.0228310283273458,0.0042060948908329,0.0057405498810112,0.0057590943761169,0.0110273091122508,-0.0114523293450474,-0.0320224575698375,0.0074034580029547,0.0294967200607061,0.0120735671371221,-0.0080320937559008,-0.003112104255706,0.0080971298739314,-0.0083246538415551,0.0052325669676065,0.0047219390980899,-0.006354633718729,-0.0459529608488082,0.0200353655964136,0.0021893272642046,0.0047365259379148,0.0147460661828517,-0.0197330340743064,-0.001614676322788,0.005250884220004,0.0172507613897323,0.0136013925075531,0.0116586806252598,-0.0128429261967539,0.0408591255545616,-0.0278094019740819,-0.0206342097371816,0.0401416942477226,-0.0030832204502075,0.0059382650069892,0.0077319392003118,0.0,0.0179028343409299,-0.0140515090897679,-0.0070351455360651,-0.0087057240307331,-0.0096154119819402,-0.0154285980388522,0.015840545296669,-0.0073737474158406,0.0050302003510296,0.0279883127659559,0.0175175368785858,0.0147928996011614,0.0201672334223985,0.0211480595171451,0.0149469366297125,0.0656792968511581,0.0023753512650728,-0.0114576900377869,0.019431272521615,0.034914344549179,0.0297535751014947,0.0153846489265561,0.0252821426838636,-0.0079628322273492,-0.0242183730006218,0.004666646476835,-0.0135378716513514,0.0714285746216774,0.0137236611917614,0.0,0.0,-0.0566037818789482,0.0027075570542365,-0.0139534911140799,0.010351100936532,-0.0296582877635955,-0.0022272223141044,-0.0208333283662796,0.0526785850524902,-0.0093808397650718,-0.0016963108209893,-0.0330927222967147,-0.0399320535361766,-0.0183106586337089,0.0212389174848794,0.0180397573858499,-0.00953203253448,-0.0234880503267049,0.0013122825184836,0.0179319269955158,-0.0358234904706478,-0.0290191527456045,0.01903036236763,-0.014302060008049,0.0053357421420514,-0.0581896528601646,0.0039805462583899,-0.0005385152762755,-0.0193832833319902,0.0021586080547422,-0.0121294008567929,-0.021647298708558,0.0122783295810222,0.0271149668842554,-0.0157232880592346,-0.0080688335001468,0.0128139415755867,0.0048966351896524,0.0128139415755867,0.0131650999687791,0.018964578502634,-0.0138814858074345,2.675466515000835e-10,0.0181918379809078,-0.0210148556375284,0.0602755019958647,0.0073188963360448,0.0554285280097266,0.1277648028213069,-0.0014842977374318,2019-02-27,2019-02-28,2019-03-01,2019-03-04,2019-03-05,2019-03-06,2019-03-07,2019-03-08,2019-03-11,2019-03-12,91579.0,2019-02-26,252.0,5.6308%,0.0013,1.5192,0.7546,0.6444,1.5548%,2.1811%,49.1834%,0.066678,KBR,91579.0,2019-02-27,252.0,1.2814%,0.0013,1.5123,0.7695,0.6433,1.5527%,2.1748%,49.0289%,0.010686,KBR,91579.0,2019-02-28,252.0,0.0000%,0.0012,1.5271,0.7798,0.6529,1.5419%,2.1741%,49.6996%,0.006042,KBR,91579.0,2019-03-01,252.0,0.6073%,0.0012,1.5199,0.7691,0.6445,1.5411%,2.1649%,49.3235%,-0.004662,KBR,91579.0,2019-03-04,252.0,-0.9557%,0.0011,1.5289,0.7413,0.6416,1.5366%,2.1654%,49.6421%,-0.001181,KBR,91579.0,2019-03-05,252.0,-0.9142%,0.001,1.5265,0.7202,0.6414,1.5345%,2.1583%,49.4559%,-0.0027939999999999,KBR,91579.0,2019-03-06,252.0,-0.9739%,0.0011,1.5279,0.693,0.6393,1.5343%,2.1593%,49.5075%,0.011812,KBR,91579.0,2019-03-07,252.0,-1.3975%,0.0012,1.5317,0.7116,0.6496,1.5312%,2.1612%,49.8006%,0.001059,KBR,91579.0,2019-03-08,252.0,-0.1050%,0.0012,1.5311,0.7176,0.6483,1.5309%,2.1612%,49.8233%,0.002978,KBR,91579.0,2019-03-11,252.0,-0.0525%,0.0012,1.5192,0.6966,0.6424,1.5366%,2.1601%,49.3995%,-0.022641,KBR,91579.0,2019-03-12,252.0,0.4206%,0.0011,1.5048,0.6989,0.6268,1.5327%,2.1429%,48.8405%,0.002782,KBR,0.077364,0.083406,0.078744,0.074769,0.070759
17947,K B R INC,"KBR Earlier Reported Q4 EPS $0.39 Beats $0.38 Estimate, Sales $1.33B Beat $1.24B Estimate",6,increase,0.8,0.6,"the company reported better-than-expected earnings and sales, which typically leads to positive investor sentiment and an increase in stock price.",2,2019-02-26,KBR,2019-02-26 14:24:00+00:00,91579.0,48242W10,0.0563075765967369,3154726.0,0.0128139415755868,0.0048966351896524,0.0,0.0082281744107604,0.0060728201642632,-0.0266951415687799,-0.0095572751015424,0.0184883177280426,-0.0091417115181684,0.0137816984206438,-0.0097386231645941,0.0117121627554297,-0.013975178822875,-0.0033351564779877,-0.0010497927432879,0.003906233003363,-0.0005254980642348,0.0228310283273458,0.0042060948908329,0.0057405498810112,0.0057590943761169,0.0110273091122508,-0.0114523293450474,-0.0320224575698375,0.0074034580029547,0.0294967200607061,0.0120735671371221,-0.0080320937559008,-0.003112104255706,0.0080971298739314,-0.0083246538415551,0.0052325669676065,0.0047219390980899,-0.006354633718729,-0.0459529608488082,0.0200353655964136,0.0021893272642046,0.0047365259379148,0.0147460661828517,-0.0197330340743064,-0.001614676322788,0.005250884220004,0.0172507613897323,0.0136013925075531,0.0116586806252598,-0.0128429261967539,0.0408591255545616,-0.0278094019740819,-0.0206342097371816,0.0401416942477226,-0.0030832204502075,0.0059382650069892,0.0077319392003118,0.0,0.0179028343409299,-0.0140515090897679,-0.0070351455360651,-0.0087057240307331,-0.0096154119819402,-0.0154285980388522,0.015840545296669,-0.0073737474158406,0.0050302003510296,0.0279883127659559,0.0175175368785858,0.0147928996011614,0.0201672334223985,0.0211480595171451,0.0149469366297125,0.0656792968511581,0.0023753512650728,-0.0114576900377869,0.019431272521615,0.034914344549179,0.0297535751014947,0.0153846489265561,0.0252821426838636,-0.0079628322273492,-0.0242183730006218,0.004666646476835,-0.0135378716513514,0.0714285746216774,0.0137236611917614,0.0,0.0,-0.0566037818789482,0.0027075570542365,-0.0139534911140799,0.010351100936532,-0.0296582877635955,-0.0022272223141044,-0.0208333283662796,0.0526785850524902,-0.0093808397650718,-0.0016963108209893,-0.0330927222967147,-0.0399320535361766,-0.0183106586337089,0.0212389174848794,0.0180397573858499,-0.00953203253448,-0.0234880503267049,0.0013122825184836,0.0179319269955158,-0.0358234904706478,-0.0290191527456045,0.01903036236763,-0.014302060008049,0.0053357421420514,-0.0581896528601646,0.0039805462583899,-0.0005385152762755,-0.0193832833319902,0.0021586080547422,-0.0121294008567929,-0.021647298708558,0.0122783295810222,0.0271149668842554,-0.0157232880592346,-0.0080688335001468,0.0128139415755867,0.0048966351896524,0.0128139415755867,0.0131650999687791,0.018964578502634,-0.0138814858074345,2.675466515000835e-10,0.0181918379809078,-0.0210148556375284,0.0602755019958647,0.0073188963360448,0.0554285280097266,0.1277648028213069,-0.0014842977374318,2019-02-27,2019-02-28,2019-03-01,2019-03-04,2019-03-05,2019-03-06,2019-03-07,2019-03-08,2019-03-11,2019-03-12,91579.0,2019-02-26,252.0,5.6308%,0.0013,1.5192,0.7546,0.6444,1.5548%,2.1811%,49.1834%,0.066678,KBR,91579.0,2019-02-27,252.0,1.2814%,0.0013,1.5123,0.7695,0.6433,1.5527%,2.1748%,49.0289%,0.010686,KBR,91579.0,2019-02-28,252.0,0.0000%,0.0012,1.5271,0.7798,0.6529,1.5419%,2.1741%,49.6996%,0.006042,KBR,91579.0,2019-03-01,252.0,0.6073%,0.0012,1.5199,0.7691,0.6445,1.5411%,2.1649%,49.3235%,-0.004662,KBR,91579.0,2019-03-04,252.0,-0.9557%,0.0011,1.5289,0.7413,0.6416,1.5366%,2.1654%,49.6421%,-0.001181,KBR,91579.0,2019-03-05,252.0,-0.9142%,0.001,1.5265,0.7202,0.6414,1.5345%,2.1583%,49.4559%,-0.0027939999999999,KBR,91579.0,2019-03-06,252.0,-0.9739%,0.0011,1.5279,0.693,0.6393,1.5343%,2.1593%,49.5075%,0.011812,KBR,91579.0,2019-03-07,252.0,-1.3975%,0.0012,1.5317,0.7116,0.6496,1.5312%,2.1612%,49.8006%,0.001059,KBR,91579.0,2019-03-08,252.0,-0.1050%,0.0012,1.5311,0.7176,0.6483,1.5309%,2.1612%,49.8233%,0.002978,KBR,91579.0,2019-03-11,252.0,-0.0525%,0.0012,1.5192,0.6966,0.6424,1.5366%,2.1601%,49.3995%,-0.022641,KBR,91579.0,2019-03-12,252.0,0.4206%,0.0011,1.5048,0.6989,0.6268,1.5327%,2.1429%,48.8405%,0.002782,KBR,0.077364,0.083406,0.078744,0.074769,0.070759
17955,KARYOPHARM THERAPEUTICS INC,UPDATE: Karyopharma Says 'we plan to work with the FDA to evaluate the best path forward as they continue to review our NDA',6,uncertain,0.6,0.3,"the statement indicates ongoing discussions with the fda, which could be seen as a positive step towards approval, but the lack of definitive outcomes creates uncertainty regarding the stock's immediate reaction.",1,2019-02-26,KPTI,2019-02-26 22:52:00+00:00,14316.0,48576U10,-0.0375494174659252,1308642.0,-0.0965091958642005,-0.0019724315498024,-0.0613636299967765,-0.4347825944423676,0.0121064679697156,-0.0385851711034774,0.0741626694798469,0.0174481831490993,-0.040089052170515,-0.0043431012891232,-0.0162413399666547,0.0454029068350791,-0.023584883660078,-0.0382095463573932,0.0193236544728279,0.0456620566546917,-0.0236966609954834,0.0162413399666547,0.0825243145227432,-0.0204545799642801,-0.0089686010032892,-0.0145576829090714,-0.0045248824171721,-0.0088790142908692,0.0704545304179191,0.0078300507739186,0.1273885071277618,-0.0055617564357817,0.0075329495593905,0.0502335652709007,0.0093458304181694,0.0106257554143667,0.0777777880430221,-0.010514035820961,-0.0652921125292778,0.0388350300490856,0.0110294008627533,-0.0119904531165957,0.0018182233907282,-0.0825082510709762,0.0217785630375146,0.0088790142908692,0.0124333379790186,0.0078300507739186,0.0245614647865295,-0.0240174960345029,-0.0530821792781353,-0.0709939002990722,0.0090415393933653,0.0154479527845978,0.0125448340550065,-0.0132113937288522,0.0194690506905317,-0.0090634590014815,-0.0347222723066806,0.0247678775340318,-0.0197841972112655,-0.0396432690322399,-0.0605504475533962,-0.0078662661835551,0.0410156324505806,-0.0058650504797697,-0.0075046834535896,-0.0019512642174959,-0.0283554065972566,0.0019550791475921,0.0,0.0168985202908515,-0.0058365240693092,0.0770878195762634,-0.0567514598369598,-0.0230125784873962,-0.0394190959632396,0.020277539268136,0.0475161522626876,0.0262869410216808,0.0268041472882032,-0.0119047248736023,-0.0240963622927665,0.0076335542835295,-0.0123456669971346,0.1074879691004753,0.0104166064411401,0.0097560882568359,0.0020619030110538,-0.0755355209112167,-0.0390946604311466,-0.0033707567490637,0.0064239255152642,-0.0283843055367469,0.025531992316246,-0.0368034057319164,-0.0020747361704707,-0.0114344758912921,0.0207900013774633,-0.0193680450320243,-0.034623235464096,-0.061243962496519,-0.0063290577381849,0.014563069678843,-0.0169851221144199,0.0198019612580537,0.0,0.0089910244569182,-0.0669546276330947,-0.0176643133163452,0.0740740001201629,-0.0350379571318626,0.0323276072740554,-0.036496315151453,-0.0208768062293529,0.0538461953401565,-0.0106610218062996,0.0878660231828689,0.1077586263418198,-0.0860420316457748,0.0175097584724426,0.032576497644186,0.1070745587348938,-0.0559179373085498,-0.0965091958642005,-0.0019724315498024,-0.1519506712746798,-0.4358974470855868,-0.141683789239728,-0.457663440609698,-0.1149897206196232,-0.450597173448327,-0.0841888751024804,-0.4250000057889854,0.0513347045658056,-0.5024582119359866,0.1889117278643943,-0.5284249553558775,2019-02-27,2019-02-28,2019-03-01,2019-03-04,2019-03-05,2019-03-06,2019-03-07,2019-03-08,2019-03-11,2019-03-12,14316.0,2019-02-26,252.0,-3.7549%,-0.0034,2.1303,1.6311,0.4007,4.1578%,4.7727%,24.1089%,-0.022671,KPTI,14316.0,2019-02-27,252.0,-9.6509%,-0.0038,2.133,1.5975,0.4008,4.2025%,4.8088%,23.6268%,-0.101145,KPTI,14316.0,2019-02-28,252.0,-6.1364%,-0.0041,2.1646,1.6174,0.4355,4.2069%,4.8222%,23.8912%,-0.054169,KPTI,14316.0,2019-03-01,252.0,1.2106%,-0.0042,2.1789,1.6387,0.4587,4.2041%,4.8230%,24.0157%,-0.0065169999999999,KPTI,14316.0,2019-03-04,252.0,7.4163%,-0.0041,2.1956,1.4981,0.4737,4.2286%,4.8377%,23.5974%,0.090168,KPTI,14316.0,2019-03-05,252.0,-4.0089%,-0.004,2.2084,1.5802,0.4927,4.2253%,4.8430%,23.8832%,-0.030665,KPTI,14316.0,2019-03-06,252.0,-1.6241%,-0.0041,2.1743,1.5469,0.4496,4.2193%,4.8278%,23.6210%,0.021932,KPTI,14316.0,2019-03-07,252.0,-2.3585%,-0.0041,2.1767,1.5609,0.4568,4.2186%,4.8292%,23.6881%,-0.00328,KPTI,14316.0,2019-03-08,252.0,1.9324%,-0.0039,2.1714,1.5859,0.447,4.2200%,4.8310%,23.6949%,0.024019,KPTI,14316.0,2019-03-11,252.0,-2.3697%,-0.0042,2.1415,1.5933,0.4666,4.2287%,4.8279%,23.2835%,-0.059526,KPTI,14316.0,2019-03-12,252.0,8.2524%,-0.0038,2.1535,1.552,0.4632,4.2631%,4.8554%,22.9094%,0.081915,KPTI,-0.123816,-0.177985,-0.184502,-0.124999,-0.059939
17963,KARYOPHARM THERAPEUTICS INC,Karyopharma Reports FDA AdCom Panel Reviewing Selinexor For Treatment Of Patients With Triple Class Refractory Multiple Myeloma Voted 8-5 Recommending FDA Wait For Results From Phase 3 BOSTON Study Before Making Final Decision Related To Approval,6,decrease,0.8,0.7,"the recommendation from the fda adcom panel to wait for further study results before making a decision is likely to create uncertainty and delay potential approval, which can negatively impact investor sentiment and stock price.",0,2019-02-26,KPTI,2019-02-26 22:52:00+00:00,14316.0,48576U10,-0.0375494174659252,1308642.0,-0.0965091958642005,-0.0019724315498024,-0.0613636299967765,-0.4347825944423676,0.0121064679697156,-0.0385851711034774,0.0741626694798469,0.0174481831490993,-0.040089052170515,-0.0043431012891232,-0.0162413399666547,0.0454029068350791,-0.023584883660078,-0.0382095463573932,0.0193236544728279,0.0456620566546917,-0.0236966609954834,0.0162413399666547,0.0825243145227432,-0.0204545799642801,-0.0089686010032892,-0.0145576829090714,-0.0045248824171721,-0.0088790142908692,0.0704545304179191,0.0078300507739186,0.1273885071277618,-0.0055617564357817,0.0075329495593905,0.0502335652709007,0.0093458304181694,0.0106257554143667,0.0777777880430221,-0.010514035820961,-0.0652921125292778,0.0388350300490856,0.0110294008627533,-0.0119904531165957,0.0018182233907282,-0.0825082510709762,0.0217785630375146,0.0088790142908692,0.0124333379790186,0.0078300507739186,0.0245614647865295,-0.0240174960345029,-0.0530821792781353,-0.0709939002990722,0.0090415393933653,0.0154479527845978,0.0125448340550065,-0.0132113937288522,0.0194690506905317,-0.0090634590014815,-0.0347222723066806,0.0247678775340318,-0.0197841972112655,-0.0396432690322399,-0.0605504475533962,-0.0078662661835551,0.0410156324505806,-0.0058650504797697,-0.0075046834535896,-0.0019512642174959,-0.0283554065972566,0.0019550791475921,0.0,0.0168985202908515,-0.0058365240693092,0.0770878195762634,-0.0567514598369598,-0.0230125784873962,-0.0394190959632396,0.020277539268136,0.0475161522626876,0.0262869410216808,0.0268041472882032,-0.0119047248736023,-0.0240963622927665,0.0076335542835295,-0.0123456669971346,0.1074879691004753,0.0104166064411401,0.0097560882568359,0.0020619030110538,-0.0755355209112167,-0.0390946604311466,-0.0033707567490637,0.0064239255152642,-0.0283843055367469,0.025531992316246,-0.0368034057319164,-0.0020747361704707,-0.0114344758912921,0.0207900013774633,-0.0193680450320243,-0.034623235464096,-0.061243962496519,-0.0063290577381849,0.014563069678843,-0.0169851221144199,0.0198019612580537,0.0,0.0089910244569182,-0.0669546276330947,-0.0176643133163452,0.0740740001201629,-0.0350379571318626,0.0323276072740554,-0.036496315151453,-0.0208768062293529,0.0538461953401565,-0.0106610218062996,0.0878660231828689,0.1077586263418198,-0.0860420316457748,0.0175097584724426,0.032576497644186,0.1070745587348938,-0.0559179373085498,-0.0965091958642005,-0.0019724315498024,-0.1519506712746798,-0.4358974470855868,-0.141683789239728,-0.457663440609698,-0.1149897206196232,-0.450597173448327,-0.0841888751024804,-0.4250000057889854,0.0513347045658056,-0.5024582119359866,0.1889117278643943,-0.5284249553558775,2019-02-27,2019-02-28,2019-03-01,2019-03-04,2019-03-05,2019-03-06,2019-03-07,2019-03-08,2019-03-11,2019-03-12,14316.0,2019-02-26,252.0,-3.7549%,-0.0034,2.1303,1.6311,0.4007,4.1578%,4.7727%,24.1089%,-0.022671,KPTI,14316.0,2019-02-27,252.0,-9.6509%,-0.0038,2.133,1.5975,0.4008,4.2025%,4.8088%,23.6268%,-0.101145,KPTI,14316.0,2019-02-28,252.0,-6.1364%,-0.0041,2.1646,1.6174,0.4355,4.2069%,4.8222%,23.8912%,-0.054169,KPTI,14316.0,2019-03-01,252.0,1.2106%,-0.0042,2.1789,1.6387,0.4587,4.2041%,4.8230%,24.0157%,-0.0065169999999999,KPTI,14316.0,2019-03-04,252.0,7.4163%,-0.0041,2.1956,1.4981,0.4737,4.2286%,4.8377%,23.5974%,0.090168,KPTI,14316.0,2019-03-05,252.0,-4.0089%,-0.004,2.2084,1.5802,0.4927,4.2253%,4.8430%,23.8832%,-0.030665,KPTI,14316.0,2019-03-06,252.0,-1.6241%,-0.0041,2.1743,1.5469,0.4496,4.2193%,4.8278%,23.6210%,0.021932,KPTI,14316.0,2019-03-07,252.0,-2.3585%,-0.0041,2.1767,1.5609,0.4568,4.2186%,4.8292%,23.6881%,-0.00328,KPTI,14316.0,2019-03-08,252.0,1.9324%,-0.0039,2.1714,1.5859,0.447,4.2200%,4.8310%,23.6949%,0.024019,KPTI,14316.0,2019-03-11,252.0,-2.3697%,-0.0042,2.1415,1.5933,0.4666,4.2287%,4.8279%,23.2835%,-0.059526,KPTI,14316.0,2019-03-12,252.0,8.2524%,-0.0038,2.1535,1.552,0.4632,4.2631%,4.8554%,22.9094%,0.081915,KPTI,-0.123816,-0.177985,-0.184502,-0.124999,-0.059939
17971,KARYOPHARM THERAPEUTICS INC,"FDA Oncologic Drugs Advisory Committee Is Holding A Meeting Today From 12:30-5:00PM ET To Discuss Karyopharm's New Drug Application Requesting Accelerated Approval For Selinexor, A First-In-Class, Oral Selective Inhibitor Of Nuclear Export Comp",6,increase,0.7,0.6,"the fda meeting to discuss the accelerated approval of selinexor could generate positive sentiment and interest in karyopharm's stock, especially if the outcome is favorable.",2,2019-02-26,KPTI,2019-02-26 17:35:00+00:00,14316.0,48576U10,-0.0375494174659252,1308642.0,-0.0965091958642005,-0.0019724315498024,-0.0613636299967765,-0.4347825944423676,0.0121064679697156,-0.0385851711034774,0.0741626694798469,0.0174481831490993,-0.040089052170515,-0.0043431012891232,-0.0162413399666547,0.0454029068350791,-0.023584883660078,-0.0382095463573932,0.0193236544728279,0.0456620566546917,-0.0236966609954834,0.0162413399666547,0.0825243145227432,-0.0204545799642801,-0.0089686010032892,-0.0145576829090714,-0.0045248824171721,-0.0088790142908692,0.0704545304179191,0.0078300507739186,0.1273885071277618,-0.0055617564357817,0.0075329495593905,0.0502335652709007,0.0093458304181694,0.0106257554143667,0.0777777880430221,-0.010514035820961,-0.0652921125292778,0.0388350300490856,0.0110294008627533,-0.0119904531165957,0.0018182233907282,-0.0825082510709762,0.0217785630375146,0.0088790142908692,0.0124333379790186,0.0078300507739186,0.0245614647865295,-0.0240174960345029,-0.0530821792781353,-0.0709939002990722,0.0090415393933653,0.0154479527845978,0.0125448340550065,-0.0132113937288522,0.0194690506905317,-0.0090634590014815,-0.0347222723066806,0.0247678775340318,-0.0197841972112655,-0.0396432690322399,-0.0605504475533962,-0.0078662661835551,0.0410156324505806,-0.0058650504797697,-0.0075046834535896,-0.0019512642174959,-0.0283554065972566,0.0019550791475921,0.0,0.0168985202908515,-0.0058365240693092,0.0770878195762634,-0.0567514598369598,-0.0230125784873962,-0.0394190959632396,0.020277539268136,0.0475161522626876,0.0262869410216808,0.0268041472882032,-0.0119047248736023,-0.0240963622927665,0.0076335542835295,-0.0123456669971346,0.1074879691004753,0.0104166064411401,0.0097560882568359,0.0020619030110538,-0.0755355209112167,-0.0390946604311466,-0.0033707567490637,0.0064239255152642,-0.0283843055367469,0.025531992316246,-0.0368034057319164,-0.0020747361704707,-0.0114344758912921,0.0207900013774633,-0.0193680450320243,-0.034623235464096,-0.061243962496519,-0.0063290577381849,0.014563069678843,-0.0169851221144199,0.0198019612580537,0.0,0.0089910244569182,-0.0669546276330947,-0.0176643133163452,0.0740740001201629,-0.0350379571318626,0.0323276072740554,-0.036496315151453,-0.0208768062293529,0.0538461953401565,-0.0106610218062996,0.0878660231828689,0.1077586263418198,-0.0860420316457748,0.0175097584724426,0.032576497644186,0.1070745587348938,-0.0559179373085498,-0.0965091958642005,-0.0019724315498024,-0.1519506712746798,-0.4358974470855868,-0.141683789239728,-0.457663440609698,-0.1149897206196232,-0.450597173448327,-0.0841888751024804,-0.4250000057889854,0.0513347045658056,-0.5024582119359866,0.1889117278643943,-0.5284249553558775,2019-02-27,2019-02-28,2019-03-01,2019-03-04,2019-03-05,2019-03-06,2019-03-07,2019-03-08,2019-03-11,2019-03-12,14316.0,2019-02-26,252.0,-3.7549%,-0.0034,2.1303,1.6311,0.4007,4.1578%,4.7727%,24.1089%,-0.022671,KPTI,14316.0,2019-02-27,252.0,-9.6509%,-0.0038,2.133,1.5975,0.4008,4.2025%,4.8088%,23.6268%,-0.101145,KPTI,14316.0,2019-02-28,252.0,-6.1364%,-0.0041,2.1646,1.6174,0.4355,4.2069%,4.8222%,23.8912%,-0.054169,KPTI,14316.0,2019-03-01,252.0,1.2106%,-0.0042,2.1789,1.6387,0.4587,4.2041%,4.8230%,24.0157%,-0.0065169999999999,KPTI,14316.0,2019-03-04,252.0,7.4163%,-0.0041,2.1956,1.4981,0.4737,4.2286%,4.8377%,23.5974%,0.090168,KPTI,14316.0,2019-03-05,252.0,-4.0089%,-0.004,2.2084,1.5802,0.4927,4.2253%,4.8430%,23.8832%,-0.030665,KPTI,14316.0,2019-03-06,252.0,-1.6241%,-0.0041,2.1743,1.5469,0.4496,4.2193%,4.8278%,23.6210%,0.021932,KPTI,14316.0,2019-03-07,252.0,-2.3585%,-0.0041,2.1767,1.5609,0.4568,4.2186%,4.8292%,23.6881%,-0.00328,KPTI,14316.0,2019-03-08,252.0,1.9324%,-0.0039,2.1714,1.5859,0.447,4.2200%,4.8310%,23.6949%,0.024019,KPTI,14316.0,2019-03-11,252.0,-2.3697%,-0.0042,2.1415,1.5933,0.4666,4.2287%,4.8279%,23.2835%,-0.059526,KPTI,14316.0,2019-03-12,252.0,8.2524%,-0.0038,2.1535,1.552,0.4632,4.2631%,4.8554%,22.9094%,0.081915,KPTI,-0.123816,-0.177985,-0.184502,-0.124999,-0.059939
17979,KARYOPHARM THERAPEUTICS INC,Karyopharm Shares Halted News Pending,6,uncertain,0.7,0.5,"the halt in trading due to pending news could indicate significant developments that may either positively or negatively impact the stock price, leading to uncertainty among investors.",1,2019-02-26,KPTI,2019-02-26 17:25:00+00:00,14316.0,48576U10,-0.0375494174659252,1308642.0,-0.0965091958642005,-0.0019724315498024,-0.0613636299967765,-0.4347825944423676,0.0121064679697156,-0.0385851711034774,0.0741626694798469,0.0174481831490993,-0.040089052170515,-0.0043431012891232,-0.0162413399666547,0.0454029068350791,-0.023584883660078,-0.0382095463573932,0.0193236544728279,0.0456620566546917,-0.0236966609954834,0.0162413399666547,0.0825243145227432,-0.0204545799642801,-0.0089686010032892,-0.0145576829090714,-0.0045248824171721,-0.0088790142908692,0.0704545304179191,0.0078300507739186,0.1273885071277618,-0.0055617564357817,0.0075329495593905,0.0502335652709007,0.0093458304181694,0.0106257554143667,0.0777777880430221,-0.010514035820961,-0.0652921125292778,0.0388350300490856,0.0110294008627533,-0.0119904531165957,0.0018182233907282,-0.0825082510709762,0.0217785630375146,0.0088790142908692,0.0124333379790186,0.0078300507739186,0.0245614647865295,-0.0240174960345029,-0.0530821792781353,-0.0709939002990722,0.0090415393933653,0.0154479527845978,0.0125448340550065,-0.0132113937288522,0.0194690506905317,-0.0090634590014815,-0.0347222723066806,0.0247678775340318,-0.0197841972112655,-0.0396432690322399,-0.0605504475533962,-0.0078662661835551,0.0410156324505806,-0.0058650504797697,-0.0075046834535896,-0.0019512642174959,-0.0283554065972566,0.0019550791475921,0.0,0.0168985202908515,-0.0058365240693092,0.0770878195762634,-0.0567514598369598,-0.0230125784873962,-0.0394190959632396,0.020277539268136,0.0475161522626876,0.0262869410216808,0.0268041472882032,-0.0119047248736023,-0.0240963622927665,0.0076335542835295,-0.0123456669971346,0.1074879691004753,0.0104166064411401,0.0097560882568359,0.0020619030110538,-0.0755355209112167,-0.0390946604311466,-0.0033707567490637,0.0064239255152642,-0.0283843055367469,0.025531992316246,-0.0368034057319164,-0.0020747361704707,-0.0114344758912921,0.0207900013774633,-0.0193680450320243,-0.034623235464096,-0.061243962496519,-0.0063290577381849,0.014563069678843,-0.0169851221144199,0.0198019612580537,0.0,0.0089910244569182,-0.0669546276330947,-0.0176643133163452,0.0740740001201629,-0.0350379571318626,0.0323276072740554,-0.036496315151453,-0.0208768062293529,0.0538461953401565,-0.0106610218062996,0.0878660231828689,0.1077586263418198,-0.0860420316457748,0.0175097584724426,0.032576497644186,0.1070745587348938,-0.0559179373085498,-0.0965091958642005,-0.0019724315498024,-0.1519506712746798,-0.4358974470855868,-0.141683789239728,-0.457663440609698,-0.1149897206196232,-0.450597173448327,-0.0841888751024804,-0.4250000057889854,0.0513347045658056,-0.5024582119359866,0.1889117278643943,-0.5284249553558775,2019-02-27,2019-02-28,2019-03-01,2019-03-04,2019-03-05,2019-03-06,2019-03-07,2019-03-08,2019-03-11,2019-03-12,14316.0,2019-02-26,252.0,-3.7549%,-0.0034,2.1303,1.6311,0.4007,4.1578%,4.7727%,24.1089%,-0.022671,KPTI,14316.0,2019-02-27,252.0,-9.6509%,-0.0038,2.133,1.5975,0.4008,4.2025%,4.8088%,23.6268%,-0.101145,KPTI,14316.0,2019-02-28,252.0,-6.1364%,-0.0041,2.1646,1.6174,0.4355,4.2069%,4.8222%,23.8912%,-0.054169,KPTI,14316.0,2019-03-01,252.0,1.2106%,-0.0042,2.1789,1.6387,0.4587,4.2041%,4.8230%,24.0157%,-0.0065169999999999,KPTI,14316.0,2019-03-04,252.0,7.4163%,-0.0041,2.1956,1.4981,0.4737,4.2286%,4.8377%,23.5974%,0.090168,KPTI,14316.0,2019-03-05,252.0,-4.0089%,-0.004,2.2084,1.5802,0.4927,4.2253%,4.8430%,23.8832%,-0.030665,KPTI,14316.0,2019-03-06,252.0,-1.6241%,-0.0041,2.1743,1.5469,0.4496,4.2193%,4.8278%,23.6210%,0.021932,KPTI,14316.0,2019-03-07,252.0,-2.3585%,-0.0041,2.1767,1.5609,0.4568,4.2186%,4.8292%,23.6881%,-0.00328,KPTI,14316.0,2019-03-08,252.0,1.9324%,-0.0039,2.1714,1.5859,0.447,4.2200%,4.8310%,23.6949%,0.024019,KPTI,14316.0,2019-03-11,252.0,-2.3697%,-0.0042,2.1415,1.5933,0.4666,4.2287%,4.8279%,23.2835%,-0.059526,KPTI,14316.0,2019-03-12,252.0,8.2524%,-0.0038,2.1535,1.552,0.4632,4.2631%,4.8554%,22.9094%,0.081915,KPTI,-0.123816,-0.177985,-0.184502,-0.124999,-0.059939
17987,KITE REALTY GROUP TRUST,Raymond James Downgrades Kite Realty Gr Trust to Market Perform,6,decrease,0.8,0.7,"a downgrade from an investment firm typically signals reduced confidence in the stock's performance, which can lead to a decrease in its stock price.",0,2019-02-26,KRG,2019-02-26 11:21:00+00:00,90307.0,49803T30,-0.0199999809265136,640488.0,0.0082908235490322,-0.0024938224814832,-0.0044276183471083,0.0025000572204589,-0.0171537175774574,-0.0074442205950617,-0.0122818704694509,-0.0478440299630165,0.0039267293177545,0.0017751886043697,-0.0123859541490674,0.0017782322829589,-0.0059405411593616,-0.0023654056712985,0.0039840280078351,-0.0029480683151632,0.0238095019012689,-0.0116550559177994,0.0038759962189942,0.0135853243991732,0.0083655156195163,0.0005910300533287,0.0063816453330218,0.0149970008060336,-0.0044388487003743,-0.0095068244263529,-0.0031847255304455,0.0059773093089461,0.0063898009248077,0.0090470220893621,0.0019047450041398,-0.0030065688770264,0.0207541342824697,0.0091019188985228,-0.0189993791282177,0.0160296075046062,0.0006455925758928,0.0099626313894987,0.0270967800170183,0.0126103283837437,-0.0062814308330416,0.0192801561206579,0.017699159681797,0.0077720754779875,-0.0068323360756039,-0.0096215885132551,0.0093808397650718,-0.0225705113261938,-0.0012390676420181,0.0044080410152673,-0.0068238587118685,0.0037926940713077,0.0,0.0180180016905069,0.0174891110509634,0.0084360875189304,-0.0073665333911776,-0.0058064614422619,-0.0228818729519844,0.0032362584024667,0.0139240669086575,0.0,-0.0081148631870746,-0.0019379672594368,0.0031465850770473,0.0424241833388805,-0.0075282240286469,0.0326843038201332,-0.024652300402522,0.0390173383057117,0.0071289469487965,0.0105281881988048,0.0064350310713052,-0.005677780136466,-0.0249360837042331,-0.0091420616954565,0.0150819374248385,-0.0062893186695873,0.0155039234086871,-0.009688539430499,-0.0057252002879977,0.0478607565164566,0.0153550719842314,-0.0356643497943878,-0.0107120405882597,-0.0048712384887039,0.0057324939407408,-0.0310182087123394,0.0113996397703886,-0.0357607416808605,0.010018715634942,-0.0064599113538861,0.0223187003284692,-0.0685921311378479,0.0030322100501507,0.0158924348652362,-0.0199517421424388,0.0218613594770431,0.0006169173284433,-0.0249695405364036,-0.0024660301860421,-0.0084540694952011,0.0216316673904657,-0.0042092422954738,-0.0114942844957113,-0.0053827846422791,-0.0067319832742214,0.0417445562779903,0.0036969424691051,-0.0255009159445762,-0.0042972126975655,-0.0024228293914347,0.0043157585896551,0.0222910605370998,-0.0184162762016058,-0.003086490323767,0.0112570552155375,0.0214376486837863,-0.0018553300760686,0.0031625069677829,0.0082908235490322,-0.0024938224814832,0.0038264965994654,4.0074388252264725e-11,-0.0133928596199702,-0.0074442205552857,-0.0216836832147461,-0.0532544152210535,-0.0089285932716982,-0.0549320884619614,0.0279146034905077,0.0355987214571857,0.0500342327467286,0.035234134560985,2019-02-27,2019-02-28,2019-03-01,2019-03-04,2019-03-05,2019-03-06,2019-03-07,2019-03-08,2019-03-11,2019-03-12,90307.0,2019-02-26,252.0,-2.0000%,0.0005,0.6714,0.4329,0.1685,1.4205%,1.5894%,20.1259%,-0.015853,KRG,90307.0,2019-02-27,252.0,0.8291%,0.0004,0.6616,0.4521,0.1669,1.4141%,1.5808%,19.9746%,0.006966,KRG,90307.0,2019-02-28,252.0,-0.4428%,0.0005,0.6511,0.4448,0.1599,1.4082%,1.5700%,19.5440%,-0.00215,KRG,90307.0,2019-03-01,252.0,-1.7154%,0.0003,0.657,0.4536,0.1797,1.4112%,1.5731%,19.5299%,-0.022582,KRG,90307.0,2019-03-04,252.0,-1.2282%,0.0002,0.6697,0.4189,0.1748,1.4032%,1.5694%,20.0552%,-0.007842,KRG,90307.0,2019-03-05,252.0,0.3927%,0.0003,0.6699,0.425,0.1726,1.4033%,1.5695%,20.0476%,0.006693,KRG,90307.0,2019-03-06,252.0,-1.2386%,0.0002,0.6646,0.4339,0.1678,1.4016%,1.5678%,20.0829%,-0.001563,KRG,90307.0,2019-03-07,252.0,-0.5941%,0.0003,0.668,0.4509,0.1772,1.3987%,1.5674%,20.3634%,0.000277,KRG,90307.0,2019-03-08,252.0,0.3984%,0.0003,0.6676,0.4462,0.1767,1.3988%,1.5669%,20.2966%,0.005439,KRG,90307.0,2019-03-11,252.0,2.3810%,0.0004,0.6746,0.4401,0.1696,1.3988%,1.5717%,20.7884%,0.013085,KRG,90307.0,2019-03-12,252.0,0.3876%,0.0005,0.6955,0.4342,0.1911,1.3905%,1.5696%,21.5229%,0.003467,KRG,-0.0088869999999999,-0.0110369999999999,-0.0336189999999999,-0.034768,-0.014063
17995,GLADSTONE LAND CORP,"Gladstone Land Corp Q4 EPS $0.133, Sales $8.03M Beat $7.87M Estimate, Net Asset Value $12.88/Share vs $13.79/Share In Same Qtr. Last Year",6,decrease,0.7,0.5,"while the company beat sales estimates, the decline in net asset value per share compared to the same quarter last year may lead to negative sentiment among investors.",0,2019-02-26,LAND,2019-02-26 22:41:00+00:00,13756.0,37654910,-0.0097800195217132,58798.0,0.0230453256517648,0.0,-0.0168946124613285,0.0148883629590272,-0.0049100178293883,-0.0008264651987701,-0.0148026570677757,-0.0098199574276804,0.0091820210218429,-0.0180584080517292,-0.0124069955199956,0.0121555607765913,-0.0167504027485847,0.0065252790227532,0.0076661119237542,0.0107172392308712,0.0185968112200498,-0.0008237420697696,-0.009128681384027,0.0049669221043586,-0.0117252422496676,0.0058284508995711,0.0186440907418727,-0.0016624692361801,0.0016638521337881,-0.0123153179883956,0.0257475432008504,0.0099502392113208,-0.0004494081367738,0.0142977349460125,0.0121950907632708,-0.0157284419983625,0.00240961718373,-0.0016529303975403,-0.0280448272824287,0.0228233691304922,0.0123660033568739,0.0260190982371568,0.0105863288044929,0.005230990704149,0.0064464081078767,0.0017467648722231,0.0044035473838448,-0.0026132173370569,0.0083698322996497,-0.0154374195262789,0.0007905319798737,0.0051723676733672,-0.0047392942942678,0.0060711749829351,-0.0071428688243031,0.010868988931179,-0.0103916954249143,0.0105913402512669,0.0008077729144133,-0.0087489392608404,0.0,-0.0928571447730064,-0.0193705186247825,0.010425029322505,0.0181070175021886,0.0113544482737779,0.0121261579915881,0.0040716766379773,0.0,0.0190870985388755,0.0039935489185154,0.0066833687014877,0.0,0.0257069561630487,0.0015911263180896,-0.0025640798266977,-0.0004368697409518,0.0191637873649597,0.0,-0.0034723016433417,0.0095693692564964,0.0158730428665876,-0.0142180332913994,-0.0224138125777244,-0.0056089502759277,0.0025929720140993,0.0080580487847328,-0.0228040926158428,0.0015986813232302,-0.0287120137363672,0.0111732119694352,0.008271250873804,-0.0118389595299959,0.0003627400728873,-0.0071885101497173,0.0041390885598957,0.0176990590989589,-0.0397456288337707,-0.0071145612746477,0.0023904170375317,-0.0047771031968295,0.0153722120448947,0.0008000183152034,-0.0727682113647461,-0.0071942568756639,-0.0125925978645682,0.0048308749683201,0.0067114210687577,-0.0112179005518555,0.0105500668287277,0.023500807583332,0.0075930431485176,0.0023752758279442,-0.0067873415537178,0.0015798150561749,0.0030257157050073,0.0,0.0060882740654051,0.0,-0.002277883933857,0.0035094637423753,0.0249026995152235,0.001577247865498,0.004691198002547,0.0230453256517648,0.0,0.0057613713445046,0.0148883629590272,0.000823065079093,0.0140495930464048,-0.0049382272940801,-0.0140406278708601,-0.0172839531485181,0.0194232126988564,0.0036138232986375,-0.0086522080548251,0.0564622561709902,-0.029905663310043,2019-02-27,2019-02-28,2019-03-01,2019-03-04,2019-03-05,2019-03-06,2019-03-07,2019-03-08,2019-03-11,2019-03-12,13756.0,2019-02-26,252.0,-0.9780%,-0.0001,0.2622,0.4461,-0.1265,1.4836%,1.5414%,7.3521%,-0.007183,LAND,13756.0,2019-02-27,252.0,2.3045%,-0.0001,0.2564,0.4629,-0.1274,1.4873%,1.5453%,7.3712%,0.0217099999999999,LAND,13756.0,2019-02-28,252.0,-1.6895%,-0.0001,0.2458,0.4551,-0.1312,1.4819%,1.5373%,7.0797%,-0.016611,LAND,13756.0,2019-03-01,252.0,-0.4910%,-0.0001,0.2403,0.4468,-0.1358,1.4824%,1.5362%,6.8890%,-0.008614,LAND,13756.0,2019-03-04,252.0,-1.4803%,-0.0001,0.2382,0.4637,-0.1376,1.4833%,1.5387%,7.0676%,-0.011326,LAND,13756.0,2019-03-05,252.0,0.9182%,-0.0001,0.2367,0.4592,-0.1426,1.4848%,1.5392%,6.9434%,0.010604,LAND,13756.0,2019-03-06,252.0,-1.2407%,-0.0001,0.2406,0.467,-0.1372,1.4849%,1.5411%,7.1597%,-0.004666,LAND,13756.0,2019-03-07,252.0,-1.6750%,-0.0002,0.2443,0.4556,-0.1356,1.4856%,1.5411%,7.0750%,-0.014994,LAND,13756.0,2019-03-08,252.0,0.7666%,-0.0002,0.2443,0.4375,-0.1346,1.4828%,1.5364%,6.8560%,0.0076549999999999,LAND,13756.0,2019-03-11,252.0,1.8597%,-0.0002,0.2502,0.4612,-0.124,1.4798%,1.5364%,7.2236%,0.012592,LAND,13756.0,2019-03-12,252.0,-0.9129%,-0.0002,0.2595,0.463,-0.1126,1.4789%,1.5364%,7.3399%,-0.008652,LAND,0.0145269999999999,-0.002084,-0.010698,-0.01142,-0.019485
18003,COMSTOCK INC,Comstock Mining shares are trading sharply higher after the company announced it will sell its non-mining assets.,6,increase,0.8,0.7,"the sale of non-mining assets is likely to streamline operations and improve financial focus, which can positively impact investor sentiment and drive the stock price higher.",2,2019-02-26,LODE,2019-02-26 20:18:00+00:00,12840.0,20575030,0.2923077046871185,12679049.0,-0.2142856568098068,0.0149906054139137,-0.0303030908107757,-0.0147692058235406,0.031250063329935,0.0284809283912181,-0.0060606179758906,-0.002525201300159,-0.0121951466426253,-0.0037735551595687,-0.030864167958498,0.0508922412991523,-0.0063694394193589,-0.0168940834701061,0.0192307122051715,-0.0006493616383522,0.0314466059207916,0.0620689913630485,0.0060975733213126,-0.010238979011774,-0.0121212359517812,-0.0233333297073841,0.0122699635103344,-0.0566037036478519,0.0121211456134915,-0.0245399270206689,-0.029940091073513,0.0245129261165857,0.0432098731398582,-0.1011299714446068,0.0650888010859489,0.0056818295270204,0.104999952018261,-0.0613333396613597,-0.0070386822335422,0.1029411628842354,-0.0096202651038765,0.0303029995411634,0.0736195817589759,0.1836441904306412,0.0333333313465118,0.070660576224327,-0.0142856817692518,0.0054053817875683,-0.0182328484952449,-0.0263157859444618,-0.014285672456026,-0.0424765720963478,0.0352657213807106,0.0072516463696956,-0.020065389573574,0.006569345947355,-0.0023809217382222,0.0148147335276007,-0.0157517716288566,-0.0217390675097703,0.018428660929203,-0.0528482943773269,0.0952381491661071,-0.028666753321886,0.0217391084879636,-0.0322580337524414,-0.0510638058185577,-0.0312499701976776,0.0304932538419961,0.0,0.0008703367202542,-0.0123457042500376,-0.0043478347361087,0.012500025331974,0.0,0.2041482925415039,-0.0174672845751047,-0.0009474001126363,0.0222222674638032,0.0160428248345851,0.0,0.0015301336534321,0.0,-0.0022900013718754,-0.0217391736805439,-0.016797050833702,0.0,-0.0137824155390262,0.1111111417412758,-0.0669889524579048,0.0,0.0197183284908533,-0.0400000214576721,-0.0340135730803012,-0.0449999570846557,-0.0630975365638732,0.0558463893830776,0.0057692327536642,-0.0495867542922496,0.0758621245622634,-0.0100000398233532,-0.0363271385431289,-0.0188844893127679,0.0376965478062629,0.0883616879582405,-0.0333333984017372,-0.0211400501430034,-0.0654205530881881,-0.0354285724461078,0.0031250528991222,-0.0547463558614254,-0.0123457042500376,0.0248848032206296,-0.0374331697821617,-0.0512589924037456,0.0538509488105773,-0.0090047502890229,-0.0488385334610939,-0.0572644285857677,0.00538922380656,-0.0153505560010671,0.0127349346876144,-0.0726429671049118,-0.0412790738046169,-0.2142856568098068,0.0149906054139137,-0.2380952299028282,2.5359536692803886e-10,-0.214285657585912,0.0284809286520362,-0.2285714014331842,0.022012578139759,-0.2142856574605119,0.1092149285068764,0.0952381559198314,0.0833332455005384,-0.1428570754338487,-0.0552326276267599,2019-02-27,2019-02-28,2019-03-01,2019-03-04,2019-03-05,2019-03-06,2019-03-07,2019-03-08,2019-03-11,2019-03-12,12840.0,2019-02-26,252.0,29.2308%,0.0009,0.5915,2.2798,1.3267,6.8937%,7.0059%,3.1772%,0.315426,LODE,12840.0,2019-02-27,252.0,-21.4286%,0.0001,0.5941,2.2111,1.3264,7.0291%,7.1343%,2.9296%,-0.217658,LODE,12840.0,2019-02-28,252.0,-3.0303%,-0.0002,0.6275,2.2331,1.3567,7.0231%,7.1321%,3.0335%,-0.025687,LODE,12840.0,2019-03-01,252.0,3.1250%,-0.0002,0.6407,2.2528,1.3652,7.0245%,7.1347%,3.0654%,0.0255929999999999,LODE,12840.0,2019-03-04,252.0,-0.6061%,-0.0,0.6269,2.2978,1.369,7.0221%,7.1343%,3.1202%,0.000868,LODE,12840.0,2019-03-05,252.0,-1.2195%,0.0001,0.6323,2.3394,1.3731,7.0205%,7.1347%,3.1743%,-0.000811,LODE,12840.0,2019-03-06,252.0,-3.0864%,-0.0,0.6198,2.3423,1.3595,7.0193%,7.1359%,3.2418%,0.003284,LODE,12840.0,2019-03-07,252.0,-0.6369%,0.0001,0.6245,2.3746,1.3748,7.0171%,7.1359%,3.2998%,0.004749,LODE,12840.0,2019-03-08,252.0,1.9231%,0.0002,0.6209,2.3855,1.3685,7.0182%,7.1369%,3.2988%,0.021664,LODE,12840.0,2019-03-11,252.0,3.1447%,0.0005,0.6333,2.3443,1.3386,7.0110%,7.1269%,3.2274%,0.020634,LODE,12840.0,2019-03-12,252.0,0.6098%,0.0008,0.6717,2.3309,1.377,7.0058%,7.1237%,3.2826%,0.012059,LODE,0.097768,0.0720809999999999,0.0976739999999999,0.0977309999999999,0.1601209999999999
18011,COMSTOCK INC,"Comstock Mining Shares Resume Trade, Up 39%",6,increase,0.8,0.7,"the news indicates a significant increase in trading activity and a 39% rise in shares, suggesting positive investor sentiment and likely further price appreciation.",2,2019-02-26,LODE,2019-02-26 20:17:00+00:00,12840.0,20575030,0.2923077046871185,12679049.0,-0.2142856568098068,0.0149906054139137,-0.0303030908107757,-0.0147692058235406,0.031250063329935,0.0284809283912181,-0.0060606179758906,-0.002525201300159,-0.0121951466426253,-0.0037735551595687,-0.030864167958498,0.0508922412991523,-0.0063694394193589,-0.0168940834701061,0.0192307122051715,-0.0006493616383522,0.0314466059207916,0.0620689913630485,0.0060975733213126,-0.010238979011774,-0.0121212359517812,-0.0233333297073841,0.0122699635103344,-0.0566037036478519,0.0121211456134915,-0.0245399270206689,-0.029940091073513,0.0245129261165857,0.0432098731398582,-0.1011299714446068,0.0650888010859489,0.0056818295270204,0.104999952018261,-0.0613333396613597,-0.0070386822335422,0.1029411628842354,-0.0096202651038765,0.0303029995411634,0.0736195817589759,0.1836441904306412,0.0333333313465118,0.070660576224327,-0.0142856817692518,0.0054053817875683,-0.0182328484952449,-0.0263157859444618,-0.014285672456026,-0.0424765720963478,0.0352657213807106,0.0072516463696956,-0.020065389573574,0.006569345947355,-0.0023809217382222,0.0148147335276007,-0.0157517716288566,-0.0217390675097703,0.018428660929203,-0.0528482943773269,0.0952381491661071,-0.028666753321886,0.0217391084879636,-0.0322580337524414,-0.0510638058185577,-0.0312499701976776,0.0304932538419961,0.0,0.0008703367202542,-0.0123457042500376,-0.0043478347361087,0.012500025331974,0.0,0.2041482925415039,-0.0174672845751047,-0.0009474001126363,0.0222222674638032,0.0160428248345851,0.0,0.0015301336534321,0.0,-0.0022900013718754,-0.0217391736805439,-0.016797050833702,0.0,-0.0137824155390262,0.1111111417412758,-0.0669889524579048,0.0,0.0197183284908533,-0.0400000214576721,-0.0340135730803012,-0.0449999570846557,-0.0630975365638732,0.0558463893830776,0.0057692327536642,-0.0495867542922496,0.0758621245622634,-0.0100000398233532,-0.0363271385431289,-0.0188844893127679,0.0376965478062629,0.0883616879582405,-0.0333333984017372,-0.0211400501430034,-0.0654205530881881,-0.0354285724461078,0.0031250528991222,-0.0547463558614254,-0.0123457042500376,0.0248848032206296,-0.0374331697821617,-0.0512589924037456,0.0538509488105773,-0.0090047502890229,-0.0488385334610939,-0.0572644285857677,0.00538922380656,-0.0153505560010671,0.0127349346876144,-0.0726429671049118,-0.0412790738046169,-0.2142856568098068,0.0149906054139137,-0.2380952299028282,2.5359536692803886e-10,-0.214285657585912,0.0284809286520362,-0.2285714014331842,0.022012578139759,-0.2142856574605119,0.1092149285068764,0.0952381559198314,0.0833332455005384,-0.1428570754338487,-0.0552326276267599,2019-02-27,2019-02-28,2019-03-01,2019-03-04,2019-03-05,2019-03-06,2019-03-07,2019-03-08,2019-03-11,2019-03-12,12840.0,2019-02-26,252.0,29.2308%,0.0009,0.5915,2.2798,1.3267,6.8937%,7.0059%,3.1772%,0.315426,LODE,12840.0,2019-02-27,252.0,-21.4286%,0.0001,0.5941,2.2111,1.3264,7.0291%,7.1343%,2.9296%,-0.217658,LODE,12840.0,2019-02-28,252.0,-3.0303%,-0.0002,0.6275,2.2331,1.3567,7.0231%,7.1321%,3.0335%,-0.025687,LODE,12840.0,2019-03-01,252.0,3.1250%,-0.0002,0.6407,2.2528,1.3652,7.0245%,7.1347%,3.0654%,0.0255929999999999,LODE,12840.0,2019-03-04,252.0,-0.6061%,-0.0,0.6269,2.2978,1.369,7.0221%,7.1343%,3.1202%,0.000868,LODE,12840.0,2019-03-05,252.0,-1.2195%,0.0001,0.6323,2.3394,1.3731,7.0205%,7.1347%,3.1743%,-0.000811,LODE,12840.0,2019-03-06,252.0,-3.0864%,-0.0,0.6198,2.3423,1.3595,7.0193%,7.1359%,3.2418%,0.003284,LODE,12840.0,2019-03-07,252.0,-0.6369%,0.0001,0.6245,2.3746,1.3748,7.0171%,7.1359%,3.2998%,0.004749,LODE,12840.0,2019-03-08,252.0,1.9231%,0.0002,0.6209,2.3855,1.3685,7.0182%,7.1369%,3.2988%,0.021664,LODE,12840.0,2019-03-11,252.0,3.1447%,0.0005,0.6333,2.3443,1.3386,7.0110%,7.1269%,3.2274%,0.020634,LODE,12840.0,2019-03-12,252.0,0.6098%,0.0008,0.6717,2.3309,1.377,7.0058%,7.1237%,3.2826%,0.012059,LODE,0.097768,0.0720809999999999,0.0976739999999999,0.0977309999999999,0.1601209999999999
18019,COMSTOCK INC,"Comstock Mining To Sell Non-Mining Assets In Silver Springs, Nevada; Co. Expects To Record Gain Of $5M",6,increase,0.7,0.6,"the sale of non-mining assets and the expected gain of $5 million may improve comstock inc's financial position, potentially leading to a positive reaction in the stock price.",2,2019-02-26,LODE,2019-02-26 20:03:00+00:00,12840.0,20575030,0.2923077046871185,12679049.0,-0.2142856568098068,0.0149906054139137,-0.0303030908107757,-0.0147692058235406,0.031250063329935,0.0284809283912181,-0.0060606179758906,-0.002525201300159,-0.0121951466426253,-0.0037735551595687,-0.030864167958498,0.0508922412991523,-0.0063694394193589,-0.0168940834701061,0.0192307122051715,-0.0006493616383522,0.0314466059207916,0.0620689913630485,0.0060975733213126,-0.010238979011774,-0.0121212359517812,-0.0233333297073841,0.0122699635103344,-0.0566037036478519,0.0121211456134915,-0.0245399270206689,-0.029940091073513,0.0245129261165857,0.0432098731398582,-0.1011299714446068,0.0650888010859489,0.0056818295270204,0.104999952018261,-0.0613333396613597,-0.0070386822335422,0.1029411628842354,-0.0096202651038765,0.0303029995411634,0.0736195817589759,0.1836441904306412,0.0333333313465118,0.070660576224327,-0.0142856817692518,0.0054053817875683,-0.0182328484952449,-0.0263157859444618,-0.014285672456026,-0.0424765720963478,0.0352657213807106,0.0072516463696956,-0.020065389573574,0.006569345947355,-0.0023809217382222,0.0148147335276007,-0.0157517716288566,-0.0217390675097703,0.018428660929203,-0.0528482943773269,0.0952381491661071,-0.028666753321886,0.0217391084879636,-0.0322580337524414,-0.0510638058185577,-0.0312499701976776,0.0304932538419961,0.0,0.0008703367202542,-0.0123457042500376,-0.0043478347361087,0.012500025331974,0.0,0.2041482925415039,-0.0174672845751047,-0.0009474001126363,0.0222222674638032,0.0160428248345851,0.0,0.0015301336534321,0.0,-0.0022900013718754,-0.0217391736805439,-0.016797050833702,0.0,-0.0137824155390262,0.1111111417412758,-0.0669889524579048,0.0,0.0197183284908533,-0.0400000214576721,-0.0340135730803012,-0.0449999570846557,-0.0630975365638732,0.0558463893830776,0.0057692327536642,-0.0495867542922496,0.0758621245622634,-0.0100000398233532,-0.0363271385431289,-0.0188844893127679,0.0376965478062629,0.0883616879582405,-0.0333333984017372,-0.0211400501430034,-0.0654205530881881,-0.0354285724461078,0.0031250528991222,-0.0547463558614254,-0.0123457042500376,0.0248848032206296,-0.0374331697821617,-0.0512589924037456,0.0538509488105773,-0.0090047502890229,-0.0488385334610939,-0.0572644285857677,0.00538922380656,-0.0153505560010671,0.0127349346876144,-0.0726429671049118,-0.0412790738046169,-0.2142856568098068,0.0149906054139137,-0.2380952299028282,2.5359536692803886e-10,-0.214285657585912,0.0284809286520362,-0.2285714014331842,0.022012578139759,-0.2142856574605119,0.1092149285068764,0.0952381559198314,0.0833332455005384,-0.1428570754338487,-0.0552326276267599,2019-02-27,2019-02-28,2019-03-01,2019-03-04,2019-03-05,2019-03-06,2019-03-07,2019-03-08,2019-03-11,2019-03-12,12840.0,2019-02-26,252.0,29.2308%,0.0009,0.5915,2.2798,1.3267,6.8937%,7.0059%,3.1772%,0.315426,LODE,12840.0,2019-02-27,252.0,-21.4286%,0.0001,0.5941,2.2111,1.3264,7.0291%,7.1343%,2.9296%,-0.217658,LODE,12840.0,2019-02-28,252.0,-3.0303%,-0.0002,0.6275,2.2331,1.3567,7.0231%,7.1321%,3.0335%,-0.025687,LODE,12840.0,2019-03-01,252.0,3.1250%,-0.0002,0.6407,2.2528,1.3652,7.0245%,7.1347%,3.0654%,0.0255929999999999,LODE,12840.0,2019-03-04,252.0,-0.6061%,-0.0,0.6269,2.2978,1.369,7.0221%,7.1343%,3.1202%,0.000868,LODE,12840.0,2019-03-05,252.0,-1.2195%,0.0001,0.6323,2.3394,1.3731,7.0205%,7.1347%,3.1743%,-0.000811,LODE,12840.0,2019-03-06,252.0,-3.0864%,-0.0,0.6198,2.3423,1.3595,7.0193%,7.1359%,3.2418%,0.003284,LODE,12840.0,2019-03-07,252.0,-0.6369%,0.0001,0.6245,2.3746,1.3748,7.0171%,7.1359%,3.2998%,0.004749,LODE,12840.0,2019-03-08,252.0,1.9231%,0.0002,0.6209,2.3855,1.3685,7.0182%,7.1369%,3.2988%,0.021664,LODE,12840.0,2019-03-11,252.0,3.1447%,0.0005,0.6333,2.3443,1.3386,7.0110%,7.1269%,3.2274%,0.020634,LODE,12840.0,2019-03-12,252.0,0.6098%,0.0008,0.6717,2.3309,1.377,7.0058%,7.1237%,3.2826%,0.012059,LODE,0.097768,0.0720809999999999,0.0976739999999999,0.0977309999999999,0.1601209999999999
18027,COMSTOCK INC,"Comstock Mining Shares Halted, News Pending",6,uncertain,0.5,0.5,"the halt in trading due to pending news could indicate either positive or negative developments, making the impact on stock price uncertain.",1,2019-02-26,LODE,2019-02-26 19:42:00+00:00,12840.0,20575030,0.2923077046871185,12679049.0,-0.2142856568098068,0.0149906054139137,-0.0303030908107757,-0.0147692058235406,0.031250063329935,0.0284809283912181,-0.0060606179758906,-0.002525201300159,-0.0121951466426253,-0.0037735551595687,-0.030864167958498,0.0508922412991523,-0.0063694394193589,-0.0168940834701061,0.0192307122051715,-0.0006493616383522,0.0314466059207916,0.0620689913630485,0.0060975733213126,-0.010238979011774,-0.0121212359517812,-0.0233333297073841,0.0122699635103344,-0.0566037036478519,0.0121211456134915,-0.0245399270206689,-0.029940091073513,0.0245129261165857,0.0432098731398582,-0.1011299714446068,0.0650888010859489,0.0056818295270204,0.104999952018261,-0.0613333396613597,-0.0070386822335422,0.1029411628842354,-0.0096202651038765,0.0303029995411634,0.0736195817589759,0.1836441904306412,0.0333333313465118,0.070660576224327,-0.0142856817692518,0.0054053817875683,-0.0182328484952449,-0.0263157859444618,-0.014285672456026,-0.0424765720963478,0.0352657213807106,0.0072516463696956,-0.020065389573574,0.006569345947355,-0.0023809217382222,0.0148147335276007,-0.0157517716288566,-0.0217390675097703,0.018428660929203,-0.0528482943773269,0.0952381491661071,-0.028666753321886,0.0217391084879636,-0.0322580337524414,-0.0510638058185577,-0.0312499701976776,0.0304932538419961,0.0,0.0008703367202542,-0.0123457042500376,-0.0043478347361087,0.012500025331974,0.0,0.2041482925415039,-0.0174672845751047,-0.0009474001126363,0.0222222674638032,0.0160428248345851,0.0,0.0015301336534321,0.0,-0.0022900013718754,-0.0217391736805439,-0.016797050833702,0.0,-0.0137824155390262,0.1111111417412758,-0.0669889524579048,0.0,0.0197183284908533,-0.0400000214576721,-0.0340135730803012,-0.0449999570846557,-0.0630975365638732,0.0558463893830776,0.0057692327536642,-0.0495867542922496,0.0758621245622634,-0.0100000398233532,-0.0363271385431289,-0.0188844893127679,0.0376965478062629,0.0883616879582405,-0.0333333984017372,-0.0211400501430034,-0.0654205530881881,-0.0354285724461078,0.0031250528991222,-0.0547463558614254,-0.0123457042500376,0.0248848032206296,-0.0374331697821617,-0.0512589924037456,0.0538509488105773,-0.0090047502890229,-0.0488385334610939,-0.0572644285857677,0.00538922380656,-0.0153505560010671,0.0127349346876144,-0.0726429671049118,-0.0412790738046169,-0.2142856568098068,0.0149906054139137,-0.2380952299028282,2.5359536692803886e-10,-0.214285657585912,0.0284809286520362,-0.2285714014331842,0.022012578139759,-0.2142856574605119,0.1092149285068764,0.0952381559198314,0.0833332455005384,-0.1428570754338487,-0.0552326276267599,2019-02-27,2019-02-28,2019-03-01,2019-03-04,2019-03-05,2019-03-06,2019-03-07,2019-03-08,2019-03-11,2019-03-12,12840.0,2019-02-26,252.0,29.2308%,0.0009,0.5915,2.2798,1.3267,6.8937%,7.0059%,3.1772%,0.315426,LODE,12840.0,2019-02-27,252.0,-21.4286%,0.0001,0.5941,2.2111,1.3264,7.0291%,7.1343%,2.9296%,-0.217658,LODE,12840.0,2019-02-28,252.0,-3.0303%,-0.0002,0.6275,2.2331,1.3567,7.0231%,7.1321%,3.0335%,-0.025687,LODE,12840.0,2019-03-01,252.0,3.1250%,-0.0002,0.6407,2.2528,1.3652,7.0245%,7.1347%,3.0654%,0.0255929999999999,LODE,12840.0,2019-03-04,252.0,-0.6061%,-0.0,0.6269,2.2978,1.369,7.0221%,7.1343%,3.1202%,0.000868,LODE,12840.0,2019-03-05,252.0,-1.2195%,0.0001,0.6323,2.3394,1.3731,7.0205%,7.1347%,3.1743%,-0.000811,LODE,12840.0,2019-03-06,252.0,-3.0864%,-0.0,0.6198,2.3423,1.3595,7.0193%,7.1359%,3.2418%,0.003284,LODE,12840.0,2019-03-07,252.0,-0.6369%,0.0001,0.6245,2.3746,1.3748,7.0171%,7.1359%,3.2998%,0.004749,LODE,12840.0,2019-03-08,252.0,1.9231%,0.0002,0.6209,2.3855,1.3685,7.0182%,7.1369%,3.2988%,0.021664,LODE,12840.0,2019-03-11,252.0,3.1447%,0.0005,0.6333,2.3443,1.3386,7.0110%,7.1269%,3.2274%,0.020634,LODE,12840.0,2019-03-12,252.0,0.6098%,0.0008,0.6717,2.3309,1.377,7.0058%,7.1237%,3.2826%,0.012059,LODE,0.097768,0.0720809999999999,0.0976739999999999,0.0977309999999999,0.1601209999999999
18035,SPARK NETWORKS S E,SilverSingles Reports Surpassed 50K Monthly Paying Members Globally,6,increase,0.8,0.6,"the report of surpassing 50k monthly paying members globally for silversingles indicates strong growth and demand, which is likely to positively impact spark networks s e's stock price.",2,2019-02-26,LOV,2019-02-26 15:04:00+00:00,17100.0,84651710,0.0019193382468074,6855.0,0.0220306999981403,0.0067632552236318,0.0028115962632,-0.0152235813438892,0.0,0.0048473784700036,-0.0457943715155124,-0.0067141209729015,-0.0058766328729689,-0.0883117243647575,-0.0009851503418758,0.0167254004627466,0.0414201244711875,0.005407606717199,-0.0208333581686019,0.0271726958453655,0.0241779498755931,0.0476190485060215,0.0009443086455576,-0.0094339977949857,-0.0235849041491746,0.0153257474303245,0.0144927166402339,-0.0315399020910263,0.0,0.0345489121973514,0.0714285746216774,0.1168394386768341,-0.0097777470946311,-0.0182773191481828,0.0350089222192764,0.0443516187369823,0.0320901907980442,0.0,0.0462185032665729,0.0065481248311698,0.1012048423290253,-0.0361620485782623,0.2035010904073715,0.0376106351613998,0.0072727780789136,-0.0016565811820328,-0.0072202668525278,0.0027686126995831,-0.036363661289215,-0.0022099951747804,0.0169811621308326,-0.0054945261217653,-0.0296846311539411,0.0169189106673002,0.0127470213919878,0.0,-0.0365009382367134,-0.0101106353104114,-0.0725016742944717,-0.00440528197214,0.0169013924896717,0.025977149605751,-0.018698027357459,0.0102853123098611,0.0144953783601522,-0.0157302692532539,-0.0108100874349474,0.0218139588832855,0.0035161876585334,-0.0322222188115119,-0.0161177646368742,-0.0055248830467462,-0.0220798011869192,-0.0268817190080881,-0.0160232577472925,0.0,-0.0007402093615382,0.1802030503749847,-0.0037037178408354,-0.0619047060608863,0.0594795681536197,-0.0011890878668054,0.0245614293962717,-0.0035544708371162,-0.0260342638939619,-0.0140187889337539,0.0049296990036964,-0.0046511581167578,-0.0062981210649013,0.0105758104473352,0.014084493741393,-0.0544444173574447,-0.0097221797332167,-0.0249186940491199,-0.02945302054286,-0.002162211574614,0.0187861435115337,0.016483474522829,-0.0248227212578058,0.0340909287333488,-0.0101818433031439,0.0173411071300506,0.0176341459155082,-0.0494506321847438,-0.0296029448509216,-0.034994687885046,0.004464317113161,-0.0569999702274799,-0.0066666780039668,0.0261672772467136,-0.0082028079777956,-0.0264735594391822,0.0112781664356589,0.0481675416231155,0.011152459308505,-0.0314401090145111,-0.0073529691435396,0.006379178725183,-0.0071036727167665,-0.0202500335872173,-0.0055281962268054,0.0482180342078208,-0.0120029896497726,0.0021007880568504,0.0220306999981403,0.0067632552236318,0.0249042376951307,-0.0085632870863038,0.0249042376951307,-0.0037574181097548,-0.0277777748130526,-0.0978355039215009,0.0153257483706321,-0.0169811558118281,0.3572797592022259,0.1894976990274424,0.2614943095260116,0.0945377743321946,2019-02-27,2019-02-28,2019-03-01,2019-03-04,2019-03-05,2019-03-06,2019-03-07,2019-03-08,2019-03-11,2019-03-12,17100.0,2019-02-26,252.0,0.1919%,-0.0008,0.2069,0.1305,0.7367,3.0330%,3.0594%,1.7138%,0.005425,LOV,17100.0,2019-02-27,252.0,2.2031%,-0.0007,0.2079,0.1355,0.737,3.0365%,3.0628%,1.7077%,0.022381,LOV,17100.0,2019-02-28,252.0,0.2812%,-0.0007,0.2067,0.1348,0.7347,3.0367%,3.0628%,1.6965%,0.005171,LOV,17100.0,2019-03-01,252.0,0.0000%,-0.0007,0.2134,0.1448,0.7443,3.0360%,3.0626%,1.7294%,0.00097,LOV,17100.0,2019-03-04,252.0,-4.5794%,-0.0009,0.2162,0.1773,0.7341,3.0498%,3.0754%,1.6568%,-0.047098,LOV,17100.0,2019-03-05,252.0,-0.5877%,-0.0009,0.2152,0.168,0.7343,3.0496%,3.0753%,1.6631%,-0.0032879999999999,LOV,17100.0,2019-03-06,252.0,-0.0985%,-0.0008,0.2257,0.1506,0.7439,3.0463%,3.0730%,1.7256%,0.002555,LOV,17100.0,2019-03-07,252.0,4.1420%,-0.0006,0.2033,0.1321,0.7088,3.0602%,3.0843%,1.5532%,0.045741,LOV,17100.0,2019-03-08,252.0,-2.0833%,-0.0007,0.205,0.1454,0.7109,3.0615%,3.0856%,1.5546%,-0.019337,LOV,17100.0,2019-03-11,252.0,2.4178%,-0.0005,0.2181,0.1497,0.7067,3.0651%,3.0891%,1.5428%,0.024206,LOV,17100.0,2019-03-12,252.0,0.0944%,-0.0006,0.2106,0.1505,0.6984,3.0646%,3.0877%,1.4890%,0.0012939999999999,LOV,0.027806,0.032977,0.033947,-0.016439,0.0380199999999999
18043,LOWES COMPANIES INC,Lowe's Companies Q4 Earnings Outlook,6,uncertain,0.5,0.5,"the q4 earnings outlook could be positive or negative depending on various factors such as market conditions and company performance, leading to uncertainty in stock price movement.",1,2019-02-26,LOW,2019-02-26 18:42:00+00:00,61399.0,54866110,0.000190426086192,7954659.0,0.0246596597135067,-0.0118565401062369,-0.0235086996108293,0.007107657380402,-0.0107526620849967,-0.0013250710908323,-0.0074066626839339,0.0057110805064439,-0.0017443579854443,0.007866458967328,-0.0065042790956795,0.0268938597291708,-0.0159272756427526,0.0004928351263515,-0.0137026831507682,0.0200060103088617,0.0107721704989671,0.0267341453582048,0.0045816642232239,-0.002984469756484,0.0030735430773347,0.002993403468281,-0.0035583733115345,-0.003189681796357,-0.0066461479291319,-0.0092762084677815,0.0173756536096334,0.0023500125389546,0.0154102835804224,0.00782619882375,0.001353304949589,0.0098793357610702,0.0266435202211141,0.0042820223607122,-0.0131640955805778,0.0248314216732978,0.0102906320244073,0.0030058913398534,-0.0006601876229979,-0.0071413149125874,0.0134956613183021,0.0220043193548917,0.0091256480664014,-0.0003266773128416,0.0101503962650895,0.0029489328153431,-0.0049328664317727,-0.0309539455920457,0.0089966338127851,0.0318305306136608,0.0183786414563655,-0.0203277561813592,0.0124184703454375,-0.0100095309317112,0.0146488146856427,-0.0206377040594816,0.0070446818135678,-0.0040082153864204,-0.0228862725198268,0.0137528618797659,0.0054799607023596,-0.0108213480561971,0.0120428539812564,-0.0061456365510821,0.009815034456551,0.0207004249095916,0.0079132821410894,0.0189623814076185,-0.001280094962567,0.0296150557696819,0.0007690674974583,-0.0119215184822678,-0.0288593303412199,-0.0009744907729327,-0.0027254929300397,0.0053336001001298,0.0052014510147273,0.000108884567453,0.0037872141692787,0.0090070264413952,-0.0032464924734085,0.0590972751379013,-0.0098591120913624,-0.0191693324595689,-0.0023115410003811,-0.0170480515807867,0.0081981653347611,-0.0129524869844317,-0.0215662233531475,-0.0123550975695252,0.0127371605485677,0.0111664142459631,0.0022299527190625,-0.0311697050929069,-0.0089889829978346,-0.0098631912842392,-0.0379882864654064,0.0236673578619957,-0.0036407709121704,0.0293920114636421,-0.0041225748136639,0.0005591306253336,0.0032928634900599,0.0003355568042024,-0.0185671020299196,-0.0170422811061143,0.0104146404191851,0.0068636676296591,0.0176832415163517,-0.0419980809092521,0.0090131349861621,-0.0008477463852614,0.0039598518051207,0.0125537104904651,0.0016510760178789,-0.0052300724200904,0.0173992812633514,0.0223701782524585,-0.1184518113732338,0.0260889250785112,0.0246596597135067,-0.0118565401062369,0.0005712435699671,-0.0048331549506269,-0.0101875609041055,-0.0061518217675566,-0.0192325667438564,0.0073868407071693,-0.0397029234008737,0.0806833806020141,0.0772160405934923,0.0998177729897111,-0.0635622851343025,0.1819562911943915,2019-02-27,2019-02-28,2019-03-01,2019-03-04,2019-03-05,2019-03-06,2019-03-07,2019-03-08,2019-03-11,2019-03-12,61399.0,2019-02-26,252.0,0.0190%,0.0004,1.1183,0.1843,0.1906,1.3569%,1.7738%,41.4864%,0.003747,LOW,61399.0,2019-02-27,252.0,2.4660%,0.0005,1.124,0.1809,0.1916,1.3626%,1.7803%,41.4234%,0.0234319999999999,LOW,61399.0,2019-02-28,252.0,-2.3509%,0.0005,1.126,0.1816,0.1978,1.3683%,1.7831%,41.1163%,-0.019681,LOW,61399.0,2019-03-01,252.0,-1.0753%,0.0006,1.0906,0.1289,0.1518,1.3341%,1.7362%,40.9539%,-0.018685,LOW,61399.0,2019-03-04,252.0,-0.7407%,0.0006,1.0875,0.1412,0.1521,1.3334%,1.7328%,40.7849%,-0.001902,LOW,61399.0,2019-03-05,252.0,-0.1744%,0.0008,1.0964,0.2099,0.1583,1.3100%,1.7220%,42.1326%,0.0008169999999999,LOW,61399.0,2019-03-06,252.0,-0.6504%,0.0008,1.0947,0.2006,0.1552,1.3102%,1.7213%,42.0614%,0.0051959999999999,LOW,61399.0,2019-03-07,252.0,-1.5927%,0.0007,1.0973,0.1992,0.1583,1.3109%,1.7238%,42.1693%,-0.006388,LOW,61399.0,2019-03-08,252.0,-1.3703%,0.0007,1.098,0.2143,0.1586,1.3101%,1.7245%,42.2796%,-0.011209,LOW,61399.0,2019-03-11,252.0,1.0772%,0.0007,1.0948,0.209,0.1572,1.3106%,1.7256%,42.3120%,-0.005625,LOW,61399.0,2019-03-12,252.0,0.4582%,0.0008,1.1004,0.2071,0.1628,1.3101%,1.7241%,42.2582%,0.002466,LOW,0.027179,0.0074979999999999,-0.011187,-0.012272,-0.027832
18051,L S B INDUSTRIES INC,"LSB Industries Q4 EPS $(0.75) Down From $(0.30) YoY, Sales $94.73M Beat $79.78M Estimate",6,decrease,0.7,0.6,"the significant drop in eps from $(0.30) to $(0.75) indicates worsening profitability, which is likely to negatively impact investor sentiment despite the sales beat.",0,2019-02-26,LXU,2019-02-26 22:18:00+00:00,49488.0,50216010,-0.009333356283605,143258.0,-0.0457603894174099,-0.0105540798977017,-0.0056417435407638,-0.0155844008550047,0.0198581367731094,0.0078533962368965,-0.066759392619133,0.0408718958497047,0.0193740855902433,-0.0094466526061296,-0.0745614320039749,0.010914041660726,-0.042654026299715,-0.0147849638015031,0.0759075954556465,-0.0053475885652005,0.0567484498023986,0.0345781482756137,-0.0072568524628877,0.0255318898707628,0.0438596047461032,0.0173160694539547,-0.0294117704033851,-0.0558583550155162,-0.008658000268042,0.0194444917142391,0.0305676907300949,-0.009628633968532,-0.0056497124023735,0.0167832002043724,0.0213068313896656,-0.0402684174478054,-0.0139081925153732,0.0219478532671928,-0.0620592460036277,0.0013735922984778,0.0015037220437079,0.03409094363451,0.0135135371237993,-0.0329670645296573,-0.03851855173707,0.0414879024028778,-0.0138674387708306,0.0279411133378744,-0.025000050663948,-0.0029325485229492,-0.0096153756603598,-0.0271041449159383,0.0080906460061669,0.0159420482814312,0.0048154429532587,0.0014514120994135,0.0367411412298679,0.0360901914536953,0.0385208018124103,0.0137195354327559,0.0103857824578881,0.0298273246735334,-0.0058737094514071,-0.0259938947856426,0.0059084137901663,0.0046082539483904,-0.0014683924382552,0.0251969024538993,0.0279411133378744,0.0409836061298847,0.0,0.0701754540205001,-0.0486408695578575,0.0497237555682659,-0.0451128110289573,-0.0572917349636554,0.0236220620572567,0.0434783063828945,-0.0184615217149257,0.0222222004085779,0.0062695862725377,-0.0784982964396476,0.0077881175093352,0.0427046716213226,-0.0880988761782646,0.0664136409759521,0.0169491358101368,-0.0383211746811866,0.0316666774451732,-0.0196780189871788,-0.0549273267388343,-0.0460750795900821,0.0119658410549163,-0.0134680001065135,-0.0422297306358814,0.0102040721103549,0.0299823768436908,-0.0953845977783203,0.0085615944117307,0.0108864968642592,-0.0764006450772285,-0.0374251492321491,0.0110294008627533,-0.0044709700159728,-0.0254545211791992,-0.010324508883059,-0.0055970540270209,-0.0286532677710056,-0.0393996313214302,-0.0169013924896717,0.0058594159781932,-0.02872777543962,-0.0077669825404882,-0.0494148395955562,-0.0058708824217319,0.0026075593195855,-0.0984251946210861,0.0052424590103328,-0.0305676572024822,0.0119363600388169,0.0045044999569654,0.0093708401545882,-0.0403587073087692,-0.0026702245231717,-0.0457603894174099,-0.0105540798977017,-0.0511439645767552,-0.025974001740925,-0.0323014516473301,-0.0183245896315578,-0.0794077678907984,0.0121457714957879,-0.079407765934977,0.0638297623315211,-0.0888290558206335,0.1467889997506797,-0.4239568913887618,0.0013351460209787,2019-02-27,2019-02-28,2019-03-01,2019-03-04,2019-03-05,2019-03-06,2019-03-07,2019-03-08,2019-03-11,2019-03-12,49488.0,2019-02-26,252.0,-0.9333%,0.0004,1.4967,0.4978,0.1255,2.8509%,3.2601%,23.5279%,-0.00343,LXU,49488.0,2019-02-27,252.0,-4.5760%,0.0003,1.504,0.4707,0.1266,2.8647%,3.2731%,23.3962%,-0.048003,LXU,49488.0,2019-02-28,252.0,-0.5642%,-0.0002,1.5758,0.5199,0.179,2.7380%,3.1944%,26.5316%,-0.000857,LXU,49488.0,2019-03-01,252.0,1.9858%,-0.0,1.553,0.486,0.1402,2.7266%,3.1738%,26.1976%,0.007631,LXU,49488.0,2019-03-04,252.0,-6.6759%,-0.0002,1.5538,0.5351,0.1282,2.7490%,3.1974%,26.0778%,-0.0573759999999999,LXU,49488.0,2019-03-05,252.0,1.9374%,-0.0002,1.5476,0.5025,0.1149,2.7525%,3.1955%,25.8028%,0.023892,LXU,49488.0,2019-03-06,252.0,-7.4561%,-0.0004,1.5659,0.6198,0.1515,2.7732%,3.2267%,26.1331%,-0.055366,LXU,49488.0,2019-03-07,252.0,-4.2654%,-0.0006,1.575,0.608,0.1602,2.7770%,3.2334%,26.2356%,-0.02897,LXU,49488.0,2019-03-08,252.0,7.5908%,-0.0,1.5601,0.6738,0.133,2.7977%,3.2515%,25.9622%,0.079251,LXU,49488.0,2019-03-11,252.0,5.6748%,0.0001,1.5769,0.6771,0.1263,2.8038%,3.2705%,26.5006%,0.031679,LXU,49488.0,2019-03-12,252.0,-0.7257%,0.0,1.5677,0.6833,0.1183,2.8038%,3.2632%,26.1784%,-0.009292,LXU,-0.051433,-0.0522899999999999,-0.044659,-0.0781429999999999,-0.0608409999999999
18059,MACYS INC,Macy's On Conference Call Says Capital Expenditures Are Expected To Be Approximately $1 Billion In 2019,6,uncertain,0.6,0.3,"while a significant capital expenditure of $1 billion could indicate growth potential, it may also raise concerns about financial strain, leading to uncertainty in stock price movement.",1,2019-02-26,M,2019-02-26 15:12:00+00:00,77462.0,55616P10,0.0147782713174819,28342959.0,0.0242718607187271,0.0124688753858208,-0.0209320224821567,-0.0159509722143411,-0.0121016995981335,-0.0227817613631486,-0.0053082550875842,-0.0122384317219257,0.0004105184052605,0.0180868487805128,-0.0135412355884909,-0.0103420941159129,-0.0307820979505777,-0.0039619803428649,-0.0090128369629383,0.0181524343788623,0.020788200199604,-0.0087964534759521,0.0106067033484578,-0.0051710088737308,0.0083963377401232,-0.0202650222927331,-0.0005204537301324,0.0114307841286063,0.0033855237998068,-0.0227272063493728,0.0075917467474937,0.0034788651391863,0.0025115686003118,0.005441169720143,-0.0133612351492047,-0.0216729920357465,0.0169276986271143,0.0225505419075489,-0.0299625974148511,0.0,0.0235950723290443,0.0,0.0029337676241993,0.0082320300862193,0.0167154036462307,0.0407996736466884,-0.0057541877031326,-0.0076923291198909,-0.0066142971627414,-0.0080320825800299,0.0183103866875171,-0.0345095470547676,0.0081733046099543,0.0420202389359474,-0.0024320820812135,0.0110294306650757,0.0560747310519218,-0.0200160127133131,-0.0192381683737039,-0.0039872559718787,0.0066692852415144,-0.0133753009140491,-0.0229929909110069,-0.0264266766607761,-0.0123653560876846,-0.1768599897623062,-0.0177706200629472,0.0288679655641317,-0.0016446961089968,0.0307589471340179,0.0127676874399185,0.0180395059287548,0.0024399945978075,-0.0127688534557819,0.0125760436058044,-0.0325097516179084,0.0048077260144054,0.0329079739749431,-0.029904305934906,-0.0079946620389819,0.0131524745374918,-0.000665794184897,0.0162271652370691,-0.0029869978316128,-0.0367265492677688,0.0703374594449997,0.0053875287994742,-0.0017730902181938,-0.0070074228569865,-0.0315934084355831,-0.0228310190141201,-0.0424202233552932,-0.0072217532433569,-0.020611897110939,0.0025673711206763,0.0254292786121368,-0.0081092845648527,-0.01078078802675,-0.001721127773635,-0.0061687869019806,-0.0176724065095186,-0.0323557406663894,-0.0030715928878635,0.0119347069412469,-0.0008802179363556,-0.0015678657218813,-0.0105727603659033,0.0063111027702689,-0.0391807295382022,-0.0210070572793483,0.0101945931091904,-0.0015422344440594,-0.004587085917592,-0.0561863295733928,-0.0092166243121027,0.0037988675758242,0.0125581612810492,0.0142264235764741,-0.0087276315316557,-0.0197558552026748,0.0088044730946421,0.0156387966126203,0.0036747781559824,0.0408476032316684,0.0242718607187271,0.0124688753858208,0.0028317791023222,-0.0036809875133435,-0.0093041898358359,-0.0263788894973825,-0.0141585159076157,-0.0209002627597657,-0.0364077535295449,-0.0310262036721461,0.0303602340627826,-0.0670241235564862,-0.1019795845734458,-0.242672981743637,2019-02-27,2019-02-28,2019-03-01,2019-03-04,2019-03-05,2019-03-06,2019-03-07,2019-03-08,2019-03-11,2019-03-12,77462.0,2019-02-26,252.0,1.4778%,0.0003,0.9625,1.0213,0.7725,2.5791%,2.7767%,13.7277%,0.025542,M,77462.0,2019-02-27,252.0,2.4272%,0.0003,0.9536,1.0436,0.7711,2.5793%,2.7759%,13.6599%,0.022292,M,77462.0,2019-02-28,252.0,-2.0932%,0.0001,0.9828,1.0631,0.7963,2.5634%,2.7705%,14.3932%,-0.016357,M,77462.0,2019-03-01,252.0,-1.2102%,-0.0002,1.0113,1.1055,0.8492,2.5437%,2.7624%,15.2073%,-0.019166,M,77462.0,2019-03-04,252.0,-0.5308%,-0.0002,1.0092,1.1113,0.85,2.5436%,2.7624%,15.2152%,0.000971,M,77462.0,2019-03-05,252.0,0.0411%,-0.0003,1.0025,1.0642,0.8424,2.5395%,2.7509%,14.7819%,0.007521,M,77462.0,2019-03-06,252.0,-1.3541%,-0.0002,1.0046,1.0429,0.8419,2.5391%,2.7522%,14.8812%,0.007863,M,77462.0,2019-03-07,252.0,-3.0782%,-0.0002,1.0161,1.062,0.8625,2.5409%,2.7588%,15.1736%,-0.019126,M,77462.0,2019-03-08,252.0,-0.9013%,-0.0002,1.0156,1.0834,0.8606,2.5382%,2.7580%,15.2998%,-0.005932,M,77462.0,2019-03-11,252.0,2.0788%,-0.0,1.0198,1.0594,0.8447,2.5319%,2.7533%,15.4324%,0.006141,M,77462.0,2019-03-12,252.0,1.0607%,0.0001,1.0366,1.0506,0.8603,2.5302%,2.7541%,15.5976%,0.011609,M,0.047834,0.031477,0.012311,0.020803,0.021358
18067,MACYS INC,"Macy's Inc Ceo On Conference Call Says Bloomingdale'S Flagship Store, 59Th Street, Has Had Its Best Year Since 2013",6,increase,0.8,0.6,"the news indicates strong performance at a key store, suggesting positive momentum for macy's inc, which could lead to an increase in stock price.",2,2019-02-26,M,2019-02-26 14:54:00+00:00,77462.0,55616P10,0.0147782713174819,28342959.0,0.0242718607187271,0.0124688753858208,-0.0209320224821567,-0.0159509722143411,-0.0121016995981335,-0.0227817613631486,-0.0053082550875842,-0.0122384317219257,0.0004105184052605,0.0180868487805128,-0.0135412355884909,-0.0103420941159129,-0.0307820979505777,-0.0039619803428649,-0.0090128369629383,0.0181524343788623,0.020788200199604,-0.0087964534759521,0.0106067033484578,-0.0051710088737308,0.0083963377401232,-0.0202650222927331,-0.0005204537301324,0.0114307841286063,0.0033855237998068,-0.0227272063493728,0.0075917467474937,0.0034788651391863,0.0025115686003118,0.005441169720143,-0.0133612351492047,-0.0216729920357465,0.0169276986271143,0.0225505419075489,-0.0299625974148511,0.0,0.0235950723290443,0.0,0.0029337676241993,0.0082320300862193,0.0167154036462307,0.0407996736466884,-0.0057541877031326,-0.0076923291198909,-0.0066142971627414,-0.0080320825800299,0.0183103866875171,-0.0345095470547676,0.0081733046099543,0.0420202389359474,-0.0024320820812135,0.0110294306650757,0.0560747310519218,-0.0200160127133131,-0.0192381683737039,-0.0039872559718787,0.0066692852415144,-0.0133753009140491,-0.0229929909110069,-0.0264266766607761,-0.0123653560876846,-0.1768599897623062,-0.0177706200629472,0.0288679655641317,-0.0016446961089968,0.0307589471340179,0.0127676874399185,0.0180395059287548,0.0024399945978075,-0.0127688534557819,0.0125760436058044,-0.0325097516179084,0.0048077260144054,0.0329079739749431,-0.029904305934906,-0.0079946620389819,0.0131524745374918,-0.000665794184897,0.0162271652370691,-0.0029869978316128,-0.0367265492677688,0.0703374594449997,0.0053875287994742,-0.0017730902181938,-0.0070074228569865,-0.0315934084355831,-0.0228310190141201,-0.0424202233552932,-0.0072217532433569,-0.020611897110939,0.0025673711206763,0.0254292786121368,-0.0081092845648527,-0.01078078802675,-0.001721127773635,-0.0061687869019806,-0.0176724065095186,-0.0323557406663894,-0.0030715928878635,0.0119347069412469,-0.0008802179363556,-0.0015678657218813,-0.0105727603659033,0.0063111027702689,-0.0391807295382022,-0.0210070572793483,0.0101945931091904,-0.0015422344440594,-0.004587085917592,-0.0561863295733928,-0.0092166243121027,0.0037988675758242,0.0125581612810492,0.0142264235764741,-0.0087276315316557,-0.0197558552026748,0.0088044730946421,0.0156387966126203,0.0036747781559824,0.0408476032316684,0.0242718607187271,0.0124688753858208,0.0028317791023222,-0.0036809875133435,-0.0093041898358359,-0.0263788894973825,-0.0141585159076157,-0.0209002627597657,-0.0364077535295449,-0.0310262036721461,0.0303602340627826,-0.0670241235564862,-0.1019795845734458,-0.242672981743637,2019-02-27,2019-02-28,2019-03-01,2019-03-04,2019-03-05,2019-03-06,2019-03-07,2019-03-08,2019-03-11,2019-03-12,77462.0,2019-02-26,252.0,1.4778%,0.0003,0.9625,1.0213,0.7725,2.5791%,2.7767%,13.7277%,0.025542,M,77462.0,2019-02-27,252.0,2.4272%,0.0003,0.9536,1.0436,0.7711,2.5793%,2.7759%,13.6599%,0.022292,M,77462.0,2019-02-28,252.0,-2.0932%,0.0001,0.9828,1.0631,0.7963,2.5634%,2.7705%,14.3932%,-0.016357,M,77462.0,2019-03-01,252.0,-1.2102%,-0.0002,1.0113,1.1055,0.8492,2.5437%,2.7624%,15.2073%,-0.019166,M,77462.0,2019-03-04,252.0,-0.5308%,-0.0002,1.0092,1.1113,0.85,2.5436%,2.7624%,15.2152%,0.000971,M,77462.0,2019-03-05,252.0,0.0411%,-0.0003,1.0025,1.0642,0.8424,2.5395%,2.7509%,14.7819%,0.007521,M,77462.0,2019-03-06,252.0,-1.3541%,-0.0002,1.0046,1.0429,0.8419,2.5391%,2.7522%,14.8812%,0.007863,M,77462.0,2019-03-07,252.0,-3.0782%,-0.0002,1.0161,1.062,0.8625,2.5409%,2.7588%,15.1736%,-0.019126,M,77462.0,2019-03-08,252.0,-0.9013%,-0.0002,1.0156,1.0834,0.8606,2.5382%,2.7580%,15.2998%,-0.005932,M,77462.0,2019-03-11,252.0,2.0788%,-0.0,1.0198,1.0594,0.8447,2.5319%,2.7533%,15.4324%,0.006141,M,77462.0,2019-03-12,252.0,1.0607%,0.0001,1.0366,1.0506,0.8603,2.5302%,2.7541%,15.5976%,0.011609,M,0.047834,0.031477,0.012311,0.020803,0.021358
18075,MACYS INC,Macy's Trades Higher After Q4 Earnings Beat,6,increase,0.8,0.7,"a q4 earnings beat typically indicates better-than-expected financial performance, which can positively influence investor sentiment and drive the stock price higher.",2,2019-02-26,M,2019-02-26 13:25:00+00:00,77462.0,55616P10,0.0147782713174819,28342959.0,0.0242718607187271,0.0124688753858208,-0.0209320224821567,-0.0159509722143411,-0.0121016995981335,-0.0227817613631486,-0.0053082550875842,-0.0122384317219257,0.0004105184052605,0.0180868487805128,-0.0135412355884909,-0.0103420941159129,-0.0307820979505777,-0.0039619803428649,-0.0090128369629383,0.0181524343788623,0.020788200199604,-0.0087964534759521,0.0106067033484578,-0.0051710088737308,0.0083963377401232,-0.0202650222927331,-0.0005204537301324,0.0114307841286063,0.0033855237998068,-0.0227272063493728,0.0075917467474937,0.0034788651391863,0.0025115686003118,0.005441169720143,-0.0133612351492047,-0.0216729920357465,0.0169276986271143,0.0225505419075489,-0.0299625974148511,0.0,0.0235950723290443,0.0,0.0029337676241993,0.0082320300862193,0.0167154036462307,0.0407996736466884,-0.0057541877031326,-0.0076923291198909,-0.0066142971627414,-0.0080320825800299,0.0183103866875171,-0.0345095470547676,0.0081733046099543,0.0420202389359474,-0.0024320820812135,0.0110294306650757,0.0560747310519218,-0.0200160127133131,-0.0192381683737039,-0.0039872559718787,0.0066692852415144,-0.0133753009140491,-0.0229929909110069,-0.0264266766607761,-0.0123653560876846,-0.1768599897623062,-0.0177706200629472,0.0288679655641317,-0.0016446961089968,0.0307589471340179,0.0127676874399185,0.0180395059287548,0.0024399945978075,-0.0127688534557819,0.0125760436058044,-0.0325097516179084,0.0048077260144054,0.0329079739749431,-0.029904305934906,-0.0079946620389819,0.0131524745374918,-0.000665794184897,0.0162271652370691,-0.0029869978316128,-0.0367265492677688,0.0703374594449997,0.0053875287994742,-0.0017730902181938,-0.0070074228569865,-0.0315934084355831,-0.0228310190141201,-0.0424202233552932,-0.0072217532433569,-0.020611897110939,0.0025673711206763,0.0254292786121368,-0.0081092845648527,-0.01078078802675,-0.001721127773635,-0.0061687869019806,-0.0176724065095186,-0.0323557406663894,-0.0030715928878635,0.0119347069412469,-0.0008802179363556,-0.0015678657218813,-0.0105727603659033,0.0063111027702689,-0.0391807295382022,-0.0210070572793483,0.0101945931091904,-0.0015422344440594,-0.004587085917592,-0.0561863295733928,-0.0092166243121027,0.0037988675758242,0.0125581612810492,0.0142264235764741,-0.0087276315316557,-0.0197558552026748,0.0088044730946421,0.0156387966126203,0.0036747781559824,0.0408476032316684,0.0242718607187271,0.0124688753858208,0.0028317791023222,-0.0036809875133435,-0.0093041898358359,-0.0263788894973825,-0.0141585159076157,-0.0209002627597657,-0.0364077535295449,-0.0310262036721461,0.0303602340627826,-0.0670241235564862,-0.1019795845734458,-0.242672981743637,2019-02-27,2019-02-28,2019-03-01,2019-03-04,2019-03-05,2019-03-06,2019-03-07,2019-03-08,2019-03-11,2019-03-12,77462.0,2019-02-26,252.0,1.4778%,0.0003,0.9625,1.0213,0.7725,2.5791%,2.7767%,13.7277%,0.025542,M,77462.0,2019-02-27,252.0,2.4272%,0.0003,0.9536,1.0436,0.7711,2.5793%,2.7759%,13.6599%,0.022292,M,77462.0,2019-02-28,252.0,-2.0932%,0.0001,0.9828,1.0631,0.7963,2.5634%,2.7705%,14.3932%,-0.016357,M,77462.0,2019-03-01,252.0,-1.2102%,-0.0002,1.0113,1.1055,0.8492,2.5437%,2.7624%,15.2073%,-0.019166,M,77462.0,2019-03-04,252.0,-0.5308%,-0.0002,1.0092,1.1113,0.85,2.5436%,2.7624%,15.2152%,0.000971,M,77462.0,2019-03-05,252.0,0.0411%,-0.0003,1.0025,1.0642,0.8424,2.5395%,2.7509%,14.7819%,0.007521,M,77462.0,2019-03-06,252.0,-1.3541%,-0.0002,1.0046,1.0429,0.8419,2.5391%,2.7522%,14.8812%,0.007863,M,77462.0,2019-03-07,252.0,-3.0782%,-0.0002,1.0161,1.062,0.8625,2.5409%,2.7588%,15.1736%,-0.019126,M,77462.0,2019-03-08,252.0,-0.9013%,-0.0002,1.0156,1.0834,0.8606,2.5382%,2.7580%,15.2998%,-0.005932,M,77462.0,2019-03-11,252.0,2.0788%,-0.0,1.0198,1.0594,0.8447,2.5319%,2.7533%,15.4324%,0.006141,M,77462.0,2019-03-12,252.0,1.0607%,0.0001,1.0366,1.0506,0.8603,2.5302%,2.7541%,15.5976%,0.011609,M,0.047834,0.031477,0.012311,0.020803,0.021358
18083,MACYS INC,"Macy's Sees FY19 Adj. EPS $3.05-$3.25, Comps At Co.-Owned Plus Licensed Stores Flat To Up 1% Year Over Year",6,uncertain,0.6,0.2,"while the adjusted eps guidance suggests potential stability, the flat to slightly positive comps indicate a lack of strong growth momentum, leading to uncertainty in stock price movement.",1,2019-02-26,M,2019-02-26 13:14:00+00:00,77462.0,55616P10,0.0147782713174819,28342959.0,0.0242718607187271,0.0124688753858208,-0.0209320224821567,-0.0159509722143411,-0.0121016995981335,-0.0227817613631486,-0.0053082550875842,-0.0122384317219257,0.0004105184052605,0.0180868487805128,-0.0135412355884909,-0.0103420941159129,-0.0307820979505777,-0.0039619803428649,-0.0090128369629383,0.0181524343788623,0.020788200199604,-0.0087964534759521,0.0106067033484578,-0.0051710088737308,0.0083963377401232,-0.0202650222927331,-0.0005204537301324,0.0114307841286063,0.0033855237998068,-0.0227272063493728,0.0075917467474937,0.0034788651391863,0.0025115686003118,0.005441169720143,-0.0133612351492047,-0.0216729920357465,0.0169276986271143,0.0225505419075489,-0.0299625974148511,0.0,0.0235950723290443,0.0,0.0029337676241993,0.0082320300862193,0.0167154036462307,0.0407996736466884,-0.0057541877031326,-0.0076923291198909,-0.0066142971627414,-0.0080320825800299,0.0183103866875171,-0.0345095470547676,0.0081733046099543,0.0420202389359474,-0.0024320820812135,0.0110294306650757,0.0560747310519218,-0.0200160127133131,-0.0192381683737039,-0.0039872559718787,0.0066692852415144,-0.0133753009140491,-0.0229929909110069,-0.0264266766607761,-0.0123653560876846,-0.1768599897623062,-0.0177706200629472,0.0288679655641317,-0.0016446961089968,0.0307589471340179,0.0127676874399185,0.0180395059287548,0.0024399945978075,-0.0127688534557819,0.0125760436058044,-0.0325097516179084,0.0048077260144054,0.0329079739749431,-0.029904305934906,-0.0079946620389819,0.0131524745374918,-0.000665794184897,0.0162271652370691,-0.0029869978316128,-0.0367265492677688,0.0703374594449997,0.0053875287994742,-0.0017730902181938,-0.0070074228569865,-0.0315934084355831,-0.0228310190141201,-0.0424202233552932,-0.0072217532433569,-0.020611897110939,0.0025673711206763,0.0254292786121368,-0.0081092845648527,-0.01078078802675,-0.001721127773635,-0.0061687869019806,-0.0176724065095186,-0.0323557406663894,-0.0030715928878635,0.0119347069412469,-0.0008802179363556,-0.0015678657218813,-0.0105727603659033,0.0063111027702689,-0.0391807295382022,-0.0210070572793483,0.0101945931091904,-0.0015422344440594,-0.004587085917592,-0.0561863295733928,-0.0092166243121027,0.0037988675758242,0.0125581612810492,0.0142264235764741,-0.0087276315316557,-0.0197558552026748,0.0088044730946421,0.0156387966126203,0.0036747781559824,0.0408476032316684,0.0242718607187271,0.0124688753858208,0.0028317791023222,-0.0036809875133435,-0.0093041898358359,-0.0263788894973825,-0.0141585159076157,-0.0209002627597657,-0.0364077535295449,-0.0310262036721461,0.0303602340627826,-0.0670241235564862,-0.1019795845734458,-0.242672981743637,2019-02-27,2019-02-28,2019-03-01,2019-03-04,2019-03-05,2019-03-06,2019-03-07,2019-03-08,2019-03-11,2019-03-12,77462.0,2019-02-26,252.0,1.4778%,0.0003,0.9625,1.0213,0.7725,2.5791%,2.7767%,13.7277%,0.025542,M,77462.0,2019-02-27,252.0,2.4272%,0.0003,0.9536,1.0436,0.7711,2.5793%,2.7759%,13.6599%,0.022292,M,77462.0,2019-02-28,252.0,-2.0932%,0.0001,0.9828,1.0631,0.7963,2.5634%,2.7705%,14.3932%,-0.016357,M,77462.0,2019-03-01,252.0,-1.2102%,-0.0002,1.0113,1.1055,0.8492,2.5437%,2.7624%,15.2073%,-0.019166,M,77462.0,2019-03-04,252.0,-0.5308%,-0.0002,1.0092,1.1113,0.85,2.5436%,2.7624%,15.2152%,0.000971,M,77462.0,2019-03-05,252.0,0.0411%,-0.0003,1.0025,1.0642,0.8424,2.5395%,2.7509%,14.7819%,0.007521,M,77462.0,2019-03-06,252.0,-1.3541%,-0.0002,1.0046,1.0429,0.8419,2.5391%,2.7522%,14.8812%,0.007863,M,77462.0,2019-03-07,252.0,-3.0782%,-0.0002,1.0161,1.062,0.8625,2.5409%,2.7588%,15.1736%,-0.019126,M,77462.0,2019-03-08,252.0,-0.9013%,-0.0002,1.0156,1.0834,0.8606,2.5382%,2.7580%,15.2998%,-0.005932,M,77462.0,2019-03-11,252.0,2.0788%,-0.0,1.0198,1.0594,0.8447,2.5319%,2.7533%,15.4324%,0.006141,M,77462.0,2019-03-12,252.0,1.0607%,0.0001,1.0366,1.0506,0.8603,2.5302%,2.7541%,15.5976%,0.011609,M,0.047834,0.031477,0.012311,0.020803,0.021358
18091,MACYS INC,"UPDATE: Macy's Initial Steps In Productivity Plan Include: 'Improving supply chain efficiency, innovating and enhancing inventory management, building a larger and healthier customer base'",6,increase,0.7,0.6,"the announcement of a productivity plan focused on improving supply chain efficiency and customer base suggests potential for enhanced profitability, which could positively influence investor sentiment and stock price.",2,2019-02-26,M,2019-02-26 13:13:00+00:00,77462.0,55616P10,0.0147782713174819,28342959.0,0.0242718607187271,0.0124688753858208,-0.0209320224821567,-0.0159509722143411,-0.0121016995981335,-0.0227817613631486,-0.0053082550875842,-0.0122384317219257,0.0004105184052605,0.0180868487805128,-0.0135412355884909,-0.0103420941159129,-0.0307820979505777,-0.0039619803428649,-0.0090128369629383,0.0181524343788623,0.020788200199604,-0.0087964534759521,0.0106067033484578,-0.0051710088737308,0.0083963377401232,-0.0202650222927331,-0.0005204537301324,0.0114307841286063,0.0033855237998068,-0.0227272063493728,0.0075917467474937,0.0034788651391863,0.0025115686003118,0.005441169720143,-0.0133612351492047,-0.0216729920357465,0.0169276986271143,0.0225505419075489,-0.0299625974148511,0.0,0.0235950723290443,0.0,0.0029337676241993,0.0082320300862193,0.0167154036462307,0.0407996736466884,-0.0057541877031326,-0.0076923291198909,-0.0066142971627414,-0.0080320825800299,0.0183103866875171,-0.0345095470547676,0.0081733046099543,0.0420202389359474,-0.0024320820812135,0.0110294306650757,0.0560747310519218,-0.0200160127133131,-0.0192381683737039,-0.0039872559718787,0.0066692852415144,-0.0133753009140491,-0.0229929909110069,-0.0264266766607761,-0.0123653560876846,-0.1768599897623062,-0.0177706200629472,0.0288679655641317,-0.0016446961089968,0.0307589471340179,0.0127676874399185,0.0180395059287548,0.0024399945978075,-0.0127688534557819,0.0125760436058044,-0.0325097516179084,0.0048077260144054,0.0329079739749431,-0.029904305934906,-0.0079946620389819,0.0131524745374918,-0.000665794184897,0.0162271652370691,-0.0029869978316128,-0.0367265492677688,0.0703374594449997,0.0053875287994742,-0.0017730902181938,-0.0070074228569865,-0.0315934084355831,-0.0228310190141201,-0.0424202233552932,-0.0072217532433569,-0.020611897110939,0.0025673711206763,0.0254292786121368,-0.0081092845648527,-0.01078078802675,-0.001721127773635,-0.0061687869019806,-0.0176724065095186,-0.0323557406663894,-0.0030715928878635,0.0119347069412469,-0.0008802179363556,-0.0015678657218813,-0.0105727603659033,0.0063111027702689,-0.0391807295382022,-0.0210070572793483,0.0101945931091904,-0.0015422344440594,-0.004587085917592,-0.0561863295733928,-0.0092166243121027,0.0037988675758242,0.0125581612810492,0.0142264235764741,-0.0087276315316557,-0.0197558552026748,0.0088044730946421,0.0156387966126203,0.0036747781559824,0.0408476032316684,0.0242718607187271,0.0124688753858208,0.0028317791023222,-0.0036809875133435,-0.0093041898358359,-0.0263788894973825,-0.0141585159076157,-0.0209002627597657,-0.0364077535295449,-0.0310262036721461,0.0303602340627826,-0.0670241235564862,-0.1019795845734458,-0.242672981743637,2019-02-27,2019-02-28,2019-03-01,2019-03-04,2019-03-05,2019-03-06,2019-03-07,2019-03-08,2019-03-11,2019-03-12,77462.0,2019-02-26,252.0,1.4778%,0.0003,0.9625,1.0213,0.7725,2.5791%,2.7767%,13.7277%,0.025542,M,77462.0,2019-02-27,252.0,2.4272%,0.0003,0.9536,1.0436,0.7711,2.5793%,2.7759%,13.6599%,0.022292,M,77462.0,2019-02-28,252.0,-2.0932%,0.0001,0.9828,1.0631,0.7963,2.5634%,2.7705%,14.3932%,-0.016357,M,77462.0,2019-03-01,252.0,-1.2102%,-0.0002,1.0113,1.1055,0.8492,2.5437%,2.7624%,15.2073%,-0.019166,M,77462.0,2019-03-04,252.0,-0.5308%,-0.0002,1.0092,1.1113,0.85,2.5436%,2.7624%,15.2152%,0.000971,M,77462.0,2019-03-05,252.0,0.0411%,-0.0003,1.0025,1.0642,0.8424,2.5395%,2.7509%,14.7819%,0.007521,M,77462.0,2019-03-06,252.0,-1.3541%,-0.0002,1.0046,1.0429,0.8419,2.5391%,2.7522%,14.8812%,0.007863,M,77462.0,2019-03-07,252.0,-3.0782%,-0.0002,1.0161,1.062,0.8625,2.5409%,2.7588%,15.1736%,-0.019126,M,77462.0,2019-03-08,252.0,-0.9013%,-0.0002,1.0156,1.0834,0.8606,2.5382%,2.7580%,15.2998%,-0.005932,M,77462.0,2019-03-11,252.0,2.0788%,-0.0,1.0198,1.0594,0.8447,2.5319%,2.7533%,15.4324%,0.006141,M,77462.0,2019-03-12,252.0,1.0607%,0.0001,1.0366,1.0506,0.8603,2.5302%,2.7541%,15.5976%,0.011609,M,0.047834,0.031477,0.012311,0.020803,0.021358
18099,MACYS INC,"Macy's Reports Launch Of Multi-Year Productivity Plan To Fund Reinvestment In Business, Will Streamline Mgmt. Structure",6,increase,0.7,0.6,"the announcement of a multi-year productivity plan suggests a proactive approach to improving efficiency and reinvesting in the business, which could positively influence investor sentiment and stock performance.",2,2019-02-26,M,2019-02-26 13:12:00+00:00,77462.0,55616P10,0.0147782713174819,28342959.0,0.0242718607187271,0.0124688753858208,-0.0209320224821567,-0.0159509722143411,-0.0121016995981335,-0.0227817613631486,-0.0053082550875842,-0.0122384317219257,0.0004105184052605,0.0180868487805128,-0.0135412355884909,-0.0103420941159129,-0.0307820979505777,-0.0039619803428649,-0.0090128369629383,0.0181524343788623,0.020788200199604,-0.0087964534759521,0.0106067033484578,-0.0051710088737308,0.0083963377401232,-0.0202650222927331,-0.0005204537301324,0.0114307841286063,0.0033855237998068,-0.0227272063493728,0.0075917467474937,0.0034788651391863,0.0025115686003118,0.005441169720143,-0.0133612351492047,-0.0216729920357465,0.0169276986271143,0.0225505419075489,-0.0299625974148511,0.0,0.0235950723290443,0.0,0.0029337676241993,0.0082320300862193,0.0167154036462307,0.0407996736466884,-0.0057541877031326,-0.0076923291198909,-0.0066142971627414,-0.0080320825800299,0.0183103866875171,-0.0345095470547676,0.0081733046099543,0.0420202389359474,-0.0024320820812135,0.0110294306650757,0.0560747310519218,-0.0200160127133131,-0.0192381683737039,-0.0039872559718787,0.0066692852415144,-0.0133753009140491,-0.0229929909110069,-0.0264266766607761,-0.0123653560876846,-0.1768599897623062,-0.0177706200629472,0.0288679655641317,-0.0016446961089968,0.0307589471340179,0.0127676874399185,0.0180395059287548,0.0024399945978075,-0.0127688534557819,0.0125760436058044,-0.0325097516179084,0.0048077260144054,0.0329079739749431,-0.029904305934906,-0.0079946620389819,0.0131524745374918,-0.000665794184897,0.0162271652370691,-0.0029869978316128,-0.0367265492677688,0.0703374594449997,0.0053875287994742,-0.0017730902181938,-0.0070074228569865,-0.0315934084355831,-0.0228310190141201,-0.0424202233552932,-0.0072217532433569,-0.020611897110939,0.0025673711206763,0.0254292786121368,-0.0081092845648527,-0.01078078802675,-0.001721127773635,-0.0061687869019806,-0.0176724065095186,-0.0323557406663894,-0.0030715928878635,0.0119347069412469,-0.0008802179363556,-0.0015678657218813,-0.0105727603659033,0.0063111027702689,-0.0391807295382022,-0.0210070572793483,0.0101945931091904,-0.0015422344440594,-0.004587085917592,-0.0561863295733928,-0.0092166243121027,0.0037988675758242,0.0125581612810492,0.0142264235764741,-0.0087276315316557,-0.0197558552026748,0.0088044730946421,0.0156387966126203,0.0036747781559824,0.0408476032316684,0.0242718607187271,0.0124688753858208,0.0028317791023222,-0.0036809875133435,-0.0093041898358359,-0.0263788894973825,-0.0141585159076157,-0.0209002627597657,-0.0364077535295449,-0.0310262036721461,0.0303602340627826,-0.0670241235564862,-0.1019795845734458,-0.242672981743637,2019-02-27,2019-02-28,2019-03-01,2019-03-04,2019-03-05,2019-03-06,2019-03-07,2019-03-08,2019-03-11,2019-03-12,77462.0,2019-02-26,252.0,1.4778%,0.0003,0.9625,1.0213,0.7725,2.5791%,2.7767%,13.7277%,0.025542,M,77462.0,2019-02-27,252.0,2.4272%,0.0003,0.9536,1.0436,0.7711,2.5793%,2.7759%,13.6599%,0.022292,M,77462.0,2019-02-28,252.0,-2.0932%,0.0001,0.9828,1.0631,0.7963,2.5634%,2.7705%,14.3932%,-0.016357,M,77462.0,2019-03-01,252.0,-1.2102%,-0.0002,1.0113,1.1055,0.8492,2.5437%,2.7624%,15.2073%,-0.019166,M,77462.0,2019-03-04,252.0,-0.5308%,-0.0002,1.0092,1.1113,0.85,2.5436%,2.7624%,15.2152%,0.000971,M,77462.0,2019-03-05,252.0,0.0411%,-0.0003,1.0025,1.0642,0.8424,2.5395%,2.7509%,14.7819%,0.007521,M,77462.0,2019-03-06,252.0,-1.3541%,-0.0002,1.0046,1.0429,0.8419,2.5391%,2.7522%,14.8812%,0.007863,M,77462.0,2019-03-07,252.0,-3.0782%,-0.0002,1.0161,1.062,0.8625,2.5409%,2.7588%,15.1736%,-0.019126,M,77462.0,2019-03-08,252.0,-0.9013%,-0.0002,1.0156,1.0834,0.8606,2.5382%,2.7580%,15.2998%,-0.005932,M,77462.0,2019-03-11,252.0,2.0788%,-0.0,1.0198,1.0594,0.8447,2.5319%,2.7533%,15.4324%,0.006141,M,77462.0,2019-03-12,252.0,1.0607%,0.0001,1.0366,1.0506,0.8603,2.5302%,2.7541%,15.5976%,0.011609,M,0.047834,0.031477,0.012311,0.020803,0.021358
18107,MACYS INC,"Macy's Q4 EPS $2.73 Beats $2.53 Estimate, Sales $8.455B Beat $8.45B Estimate",6,increase,0.8,0.7,"the earnings per share and sales figures both exceeded estimates, which typically signals strong performance and can lead to a positive reaction in the stock price.",2,2019-02-26,M,2019-02-26 13:00:00+00:00,77462.0,55616P10,0.0147782713174819,28342959.0,0.0242718607187271,0.0124688753858208,-0.0209320224821567,-0.0159509722143411,-0.0121016995981335,-0.0227817613631486,-0.0053082550875842,-0.0122384317219257,0.0004105184052605,0.0180868487805128,-0.0135412355884909,-0.0103420941159129,-0.0307820979505777,-0.0039619803428649,-0.0090128369629383,0.0181524343788623,0.020788200199604,-0.0087964534759521,0.0106067033484578,-0.0051710088737308,0.0083963377401232,-0.0202650222927331,-0.0005204537301324,0.0114307841286063,0.0033855237998068,-0.0227272063493728,0.0075917467474937,0.0034788651391863,0.0025115686003118,0.005441169720143,-0.0133612351492047,-0.0216729920357465,0.0169276986271143,0.0225505419075489,-0.0299625974148511,0.0,0.0235950723290443,0.0,0.0029337676241993,0.0082320300862193,0.0167154036462307,0.0407996736466884,-0.0057541877031326,-0.0076923291198909,-0.0066142971627414,-0.0080320825800299,0.0183103866875171,-0.0345095470547676,0.0081733046099543,0.0420202389359474,-0.0024320820812135,0.0110294306650757,0.0560747310519218,-0.0200160127133131,-0.0192381683737039,-0.0039872559718787,0.0066692852415144,-0.0133753009140491,-0.0229929909110069,-0.0264266766607761,-0.0123653560876846,-0.1768599897623062,-0.0177706200629472,0.0288679655641317,-0.0016446961089968,0.0307589471340179,0.0127676874399185,0.0180395059287548,0.0024399945978075,-0.0127688534557819,0.0125760436058044,-0.0325097516179084,0.0048077260144054,0.0329079739749431,-0.029904305934906,-0.0079946620389819,0.0131524745374918,-0.000665794184897,0.0162271652370691,-0.0029869978316128,-0.0367265492677688,0.0703374594449997,0.0053875287994742,-0.0017730902181938,-0.0070074228569865,-0.0315934084355831,-0.0228310190141201,-0.0424202233552932,-0.0072217532433569,-0.020611897110939,0.0025673711206763,0.0254292786121368,-0.0081092845648527,-0.01078078802675,-0.001721127773635,-0.0061687869019806,-0.0176724065095186,-0.0323557406663894,-0.0030715928878635,0.0119347069412469,-0.0008802179363556,-0.0015678657218813,-0.0105727603659033,0.0063111027702689,-0.0391807295382022,-0.0210070572793483,0.0101945931091904,-0.0015422344440594,-0.004587085917592,-0.0561863295733928,-0.0092166243121027,0.0037988675758242,0.0125581612810492,0.0142264235764741,-0.0087276315316557,-0.0197558552026748,0.0088044730946421,0.0156387966126203,0.0036747781559824,0.0408476032316684,0.0242718607187271,0.0124688753858208,0.0028317791023222,-0.0036809875133435,-0.0093041898358359,-0.0263788894973825,-0.0141585159076157,-0.0209002627597657,-0.0364077535295449,-0.0310262036721461,0.0303602340627826,-0.0670241235564862,-0.1019795845734458,-0.242672981743637,2019-02-27,2019-02-28,2019-03-01,2019-03-04,2019-03-05,2019-03-06,2019-03-07,2019-03-08,2019-03-11,2019-03-12,77462.0,2019-02-26,252.0,1.4778%,0.0003,0.9625,1.0213,0.7725,2.5791%,2.7767%,13.7277%,0.025542,M,77462.0,2019-02-27,252.0,2.4272%,0.0003,0.9536,1.0436,0.7711,2.5793%,2.7759%,13.6599%,0.022292,M,77462.0,2019-02-28,252.0,-2.0932%,0.0001,0.9828,1.0631,0.7963,2.5634%,2.7705%,14.3932%,-0.016357,M,77462.0,2019-03-01,252.0,-1.2102%,-0.0002,1.0113,1.1055,0.8492,2.5437%,2.7624%,15.2073%,-0.019166,M,77462.0,2019-03-04,252.0,-0.5308%,-0.0002,1.0092,1.1113,0.85,2.5436%,2.7624%,15.2152%,0.000971,M,77462.0,2019-03-05,252.0,0.0411%,-0.0003,1.0025,1.0642,0.8424,2.5395%,2.7509%,14.7819%,0.007521,M,77462.0,2019-03-06,252.0,-1.3541%,-0.0002,1.0046,1.0429,0.8419,2.5391%,2.7522%,14.8812%,0.007863,M,77462.0,2019-03-07,252.0,-3.0782%,-0.0002,1.0161,1.062,0.8625,2.5409%,2.7588%,15.1736%,-0.019126,M,77462.0,2019-03-08,252.0,-0.9013%,-0.0002,1.0156,1.0834,0.8606,2.5382%,2.7580%,15.2998%,-0.005932,M,77462.0,2019-03-11,252.0,2.0788%,-0.0,1.0198,1.0594,0.8447,2.5319%,2.7533%,15.4324%,0.006141,M,77462.0,2019-03-12,252.0,1.0607%,0.0001,1.0366,1.0506,0.8603,2.5302%,2.7541%,15.5976%,0.011609,M,0.047834,0.031477,0.012311,0.020803,0.021358
18115,MASTERCARD INC,"EC Considers New Rules to Speed up Take-up of Instant Payment System to Challenge Visa, Mastercard, Paypal",6,decrease,0.7,0.6,"the consideration of new rules to promote instant payment systems could increase competition for mastercard, potentially impacting its market share and profitability.",0,2019-02-26,MA,2019-02-26 08:58:00+00:00,91233.0,57636Q10,0.0030449249316006,2852267.0,0.0025446754880249,0.0,0.0008905772701837,0.0182846654206514,0.0110334819182753,-0.0081407586112618,-0.0042244521901011,0.0023573338985443,-0.0003093025297857,-0.0068434751592576,-0.0077358321286737,0.0104635963216424,-0.0091771623119711,-0.0033100377768278,-0.0024279868230223,0.0074459346942603,0.0169919524341821,0.0083371605724096,0.0057614035904407,0.002400980098173,0.0068740528076887,0.0121979741379618,0.004420107230544,-0.0061774351634085,0.0072328164242208,-0.0025942628271877,-0.0033741348888725,0.0044204406440258,0.0026910677552223,0.0053328312933444,-0.0048482539132237,0.0125041408464312,0.026012422516942,0.0348495282232761,-0.0216644797474145,0.023991160094738,-0.0014733764110133,-0.0045963139273226,0.0124554950743913,-0.0136986235156655,-0.0033005659934133,0.0157666020095348,0.0100636342540383,0.0072598294354975,0.0025121192447841,-0.0055650286376476,0.0152898961678147,-0.0125742238014936,0.0008784415549598,0.0134965758770704,-0.0013792603276669,0.0077867889776825,-0.0120118660852313,0.0063606756739318,0.0024146714713424,0.0055775041691958,-0.0001267827319679,-0.0023991896305233,-0.0015236830804497,-0.0053313178941607,0.0048747146502137,0.0060274438001215,-0.0043027261272072,0.0181506425142288,0.0118200667202472,0.0072691012173891,0.0013398319715633,0.0076939649879932,0.0039305980317294,0.0473562330007553,0.0037902605254203,-0.0451144315302372,-0.0004564340633805,0.0057779573835432,0.0089667635038495,0.0133755384013056,0.0018103370675817,-0.0134082287549972,0.007392450235784,0.0121225649490952,0.0013046081876382,0.0674491822719574,0.0043564676307141,-0.003082416485995,0.0018242752412334,-0.0411581397056579,0.0287702847272157,-0.0235677026212215,-0.0215937905013561,-0.0234330426901578,-0.006271346937865,0.0060908566229045,0.0030745358671993,-0.0249833855777978,0.002782829105854,-0.0182448979467153,-0.0143983345478773,-0.0066403048112988,0.0011017884826287,0.0128956595435738,-8.154025999829173e-05,-0.0016156319761648,0.0086421063169837,0.0079389186576008,-0.0244513116776943,-0.0319720432162284,0.0188913643360137,0.0124694490805268,0.0130519289523363,-0.0446487888693809,0.0171382874250412,0.0437160842120647,-0.0034330168273299,0.0224245078861713,0.00372204487212,-0.0277832467108964,0.0073769972659647,0.0481915399432182,0.0060306754894554,0.0058899638243019,0.0025446754880249,0.0,0.0034375189883582,0.0182846654206514,0.0145089287102353,0.0099950557619123,0.0099107196579331,0.0054477816693681,0.0131250114365735,0.0311201661432936,0.05464062892622,0.133891909201421,0.1484768206591229,0.1660321910710605,2019-02-27,2019-02-28,2019-03-01,2019-03-04,2019-03-05,2019-03-06,2019-03-07,2019-03-08,2019-03-11,2019-03-12,91233.0,2019-02-26,252.0,0.3045%,0.0005,1.1942,-0.3363,-0.8908,0.8836%,1.7807%,75.3792%,-0.0002319999999999,MA,91233.0,2019-02-27,252.0,0.2545%,0.0006,1.1961,-0.3396,-0.8904,0.8831%,1.7794%,75.3665%,0.00094,MA,91233.0,2019-02-28,252.0,0.0891%,0.0006,1.1974,-0.3386,-0.8899,0.8830%,1.7777%,75.3294%,0.00234,MA,91233.0,2019-03-01,252.0,1.1033%,0.0005,1.2018,-0.3321,-0.8827,0.8817%,1.7788%,75.4298%,-0.0002549999999999,MA,91233.0,2019-03-04,252.0,-0.4224%,0.0005,1.2032,-0.34,-0.8824,0.8816%,1.7769%,75.3820%,0.004049,MA,91233.0,2019-03-05,252.0,-0.0309%,0.0005,1.2037,-0.3378,-0.8813,0.8817%,1.7763%,75.3597%,-0.0015249999999999,MA,91233.0,2019-03-06,252.0,-0.7736%,0.0005,1.2006,-0.3299,-0.8837,0.8805%,1.7731%,75.3379%,-0.001618,MA,91233.0,2019-03-07,252.0,-0.9177%,0.0005,1.2037,-0.3204,-0.8768,0.8796%,1.7738%,75.4111%,-0.00257,MA,91233.0,2019-03-08,252.0,-0.2428%,0.0005,1.2044,-0.3281,-0.8753,0.8785%,1.7731%,75.4512%,-0.0012,MA,91233.0,2019-03-11,252.0,1.6992%,0.0005,1.2023,-0.3391,-0.8804,0.8770%,1.7760%,75.6141%,-0.004414,MA,91233.0,2019-03-12,252.0,0.5761%,0.0005,1.1998,-0.3388,-0.8831,0.8768%,1.7712%,75.4919%,0.0010119999999999,MA,0.000708,0.003048,0.002793,0.0053169999999999,-0.003473
18123,MASIMO CORP,Masimo Sees FY19 Sales $912M vs $909.6M Estimate,6,increase,0.7,0.5,"the reported sales of $912m slightly exceed the estimate of $909.6m, which may positively influence investor sentiment and lead to a modest increase in stock price.",2,2019-02-26,MASI,2019-02-26 22:04:00+00:00,92220.0,57479510,-0.0114365452900528,371116.0,0.0243883579969406,0.0041123428381979,0.0017550226766616,0.0005434929626062,0.0241468474268913,0.0001553247420815,-0.0057270680554211,-0.0059432252310216,-0.008602587506175,-0.0004628727037925,-0.0159963406622409,0.0062883128412067,-0.0050609894096851,0.0029588483739644,-0.0084778890013694,-0.0100972158834338,0.0176448058336973,0.0130397286266088,0.0070271780714392,0.006127790082246,0.0097846528515219,0.0114422123879194,0.0018026757752522,-0.0074921497143805,0.0009747685980983,0.0004734510730486,-0.0092884302139282,0.0080330427736043,0.006275531835854,0.0056791449896991,0.0038320668973028,0.0050646937452256,0.0258233286440372,0.0112185776233673,-0.0245896410197019,0.0087748048827052,0.0063585140742361,0.0,0.0014866346027702,0.0004923300584778,-0.0032658090349286,0.0046158717013895,0.01705271191895,0.0068885539658367,0.0124468952417373,0.000830621109344,0.0109922206029295,-0.0019068425754085,-0.0243205223232507,0.0241997633129358,0.0162023957818746,0.0137729058042168,-0.0179641116410493,0.0015518605941906,-0.0023508085869252,0.0419511161744594,0.0082473866641521,-0.0181689672172069,-0.0200117267668247,0.0019440931500867,0.0071546188555657,0.0093658287078142,0.0069557675160467,0.058240495622158,-0.0027189529500901,0.0176753513514995,0.0032421129290014,-0.0168114732950925,-0.0279838237911462,0.0301614962518215,-0.075940728187561,-0.0259666219353675,0.0014719135360792,-0.0172301959246397,0.0090634487569332,0.0171466954052448,0.0284026097506284,0.0086956145241856,-0.002439197152853,0.0069277514703571,0.0139612266793847,0.0564139373600482,0.0150135559961199,-0.0282497107982635,-0.0097332084551453,0.007262916304171,0.007274879142642,-0.0315089300274848,-0.0077602346427738,-0.0139667578041553,0.0365494899451732,0.0039107562042772,0.034588411450386,-0.0205531064420938,0.0077984100207686,-0.0306103713810443,-0.0224260557442903,-0.008886145427823,0.0019789231009781,0.0212669111788272,0.0257478523999452,0.0086915837600827,-0.0014262066688388,0.0270655117928981,-0.0219953004270792,-0.025360956788063,0.0149689894169569,-0.0021242795046418,0.0172661431133747,-0.0351987555623054,0.0295615848153829,0.0163014233112335,-0.0330402366816997,0.0087703187018632,-0.0161256249994039,-0.0040943003259599,0.0031046401709318,0.0473604053258895,0.0118765514343977,0.0052687330171465,0.0243883579969406,0.0041123428381979,0.0261861827949334,0.0046580708301966,0.0509653439824666,0.0048141190859285,0.0359571511405143,-0.0016200543670547,0.0305635573962204,0.0166549036360035,0.0488547816302382,0.1436019749285582,0.0988822085584903,0.2396781745140856,2019-02-27,2019-02-28,2019-03-01,2019-03-04,2019-03-05,2019-03-06,2019-03-07,2019-03-08,2019-03-11,2019-03-12,92220.0,2019-02-26,252.0,-1.1437%,0.0013,0.9384,0.0561,-0.5293,1.2491%,1.7081%,46.5260%,-0.011538,MASI,92220.0,2019-02-27,252.0,2.4388%,0.0014,0.9388,0.0616,-0.5291,1.2563%,1.7128%,46.2022%,0.022702,MASI,92220.0,2019-02-28,252.0,0.1755%,0.0014,0.9469,0.0672,-0.5237,1.2524%,1.7127%,46.5261%,0.00323,MASI,92220.0,2019-03-01,252.0,2.4147%,0.0013,0.9648,0.0938,-0.5023,1.2455%,1.7158%,47.3061%,0.01495,MASI,92220.0,2019-03-04,252.0,-0.5727%,0.0015,0.9399,0.1765,-0.4958,1.1988%,1.6685%,48.3754%,0.001534,MASI,92220.0,2019-03-05,252.0,-0.8603%,0.0014,0.9377,0.1539,-0.4939,1.1959%,1.6613%,48.1836%,-0.007738,MASI,92220.0,2019-03-06,252.0,-1.5996%,0.0015,0.9517,0.1601,-0.4773,1.1899%,1.6633%,48.8241%,-0.0060719999999999,MASI,92220.0,2019-03-07,252.0,-0.5061%,0.0013,0.9389,0.0962,-0.5124,1.1416%,1.6252%,50.6556%,0.0011899999999999,MASI,92220.0,2019-03-08,252.0,-0.8478%,0.0014,0.9381,0.1284,-0.5154,1.1279%,1.6182%,51.4149%,-0.007422,MASI,92220.0,2019-03-11,252.0,1.7645%,0.0014,0.9378,0.1243,-0.5175,1.1276%,1.6213%,51.6227%,0.0004349999999999,MASI,92220.0,2019-03-12,252.0,0.7027%,0.0013,0.933,0.1239,-0.5231,1.1272%,1.6168%,51.3934%,0.004527,MASI,0.011164,0.014394,0.029344,0.02314,0.015798
18131,MASIMO CORP,"Masimo Q4 EPS $0.83 Beats $0.73 Estimate, Sales $223.1M Beat $219.96M Estimate",6,increase,0.8,0.6,"the earnings per share and sales figures both exceeded analyst estimates, which typically signals positive performance and can lead to an increase in stock price.",2,2019-02-26,MASI,2019-02-26 22:03:00+00:00,92220.0,57479510,-0.0114365452900528,371116.0,0.0243883579969406,0.0041123428381979,0.0017550226766616,0.0005434929626062,0.0241468474268913,0.0001553247420815,-0.0057270680554211,-0.0059432252310216,-0.008602587506175,-0.0004628727037925,-0.0159963406622409,0.0062883128412067,-0.0050609894096851,0.0029588483739644,-0.0084778890013694,-0.0100972158834338,0.0176448058336973,0.0130397286266088,0.0070271780714392,0.006127790082246,0.0097846528515219,0.0114422123879194,0.0018026757752522,-0.0074921497143805,0.0009747685980983,0.0004734510730486,-0.0092884302139282,0.0080330427736043,0.006275531835854,0.0056791449896991,0.0038320668973028,0.0050646937452256,0.0258233286440372,0.0112185776233673,-0.0245896410197019,0.0087748048827052,0.0063585140742361,0.0,0.0014866346027702,0.0004923300584778,-0.0032658090349286,0.0046158717013895,0.01705271191895,0.0068885539658367,0.0124468952417373,0.000830621109344,0.0109922206029295,-0.0019068425754085,-0.0243205223232507,0.0241997633129358,0.0162023957818746,0.0137729058042168,-0.0179641116410493,0.0015518605941906,-0.0023508085869252,0.0419511161744594,0.0082473866641521,-0.0181689672172069,-0.0200117267668247,0.0019440931500867,0.0071546188555657,0.0093658287078142,0.0069557675160467,0.058240495622158,-0.0027189529500901,0.0176753513514995,0.0032421129290014,-0.0168114732950925,-0.0279838237911462,0.0301614962518215,-0.075940728187561,-0.0259666219353675,0.0014719135360792,-0.0172301959246397,0.0090634487569332,0.0171466954052448,0.0284026097506284,0.0086956145241856,-0.002439197152853,0.0069277514703571,0.0139612266793847,0.0564139373600482,0.0150135559961199,-0.0282497107982635,-0.0097332084551453,0.007262916304171,0.007274879142642,-0.0315089300274848,-0.0077602346427738,-0.0139667578041553,0.0365494899451732,0.0039107562042772,0.034588411450386,-0.0205531064420938,0.0077984100207686,-0.0306103713810443,-0.0224260557442903,-0.008886145427823,0.0019789231009781,0.0212669111788272,0.0257478523999452,0.0086915837600827,-0.0014262066688388,0.0270655117928981,-0.0219953004270792,-0.025360956788063,0.0149689894169569,-0.0021242795046418,0.0172661431133747,-0.0351987555623054,0.0295615848153829,0.0163014233112335,-0.0330402366816997,0.0087703187018632,-0.0161256249994039,-0.0040943003259599,0.0031046401709318,0.0473604053258895,0.0118765514343977,0.0052687330171465,0.0243883579969406,0.0041123428381979,0.0261861827949334,0.0046580708301966,0.0509653439824666,0.0048141190859285,0.0359571511405143,-0.0016200543670547,0.0305635573962204,0.0166549036360035,0.0488547816302382,0.1436019749285582,0.0988822085584903,0.2396781745140856,2019-02-27,2019-02-28,2019-03-01,2019-03-04,2019-03-05,2019-03-06,2019-03-07,2019-03-08,2019-03-11,2019-03-12,92220.0,2019-02-26,252.0,-1.1437%,0.0013,0.9384,0.0561,-0.5293,1.2491%,1.7081%,46.5260%,-0.011538,MASI,92220.0,2019-02-27,252.0,2.4388%,0.0014,0.9388,0.0616,-0.5291,1.2563%,1.7128%,46.2022%,0.022702,MASI,92220.0,2019-02-28,252.0,0.1755%,0.0014,0.9469,0.0672,-0.5237,1.2524%,1.7127%,46.5261%,0.00323,MASI,92220.0,2019-03-01,252.0,2.4147%,0.0013,0.9648,0.0938,-0.5023,1.2455%,1.7158%,47.3061%,0.01495,MASI,92220.0,2019-03-04,252.0,-0.5727%,0.0015,0.9399,0.1765,-0.4958,1.1988%,1.6685%,48.3754%,0.001534,MASI,92220.0,2019-03-05,252.0,-0.8603%,0.0014,0.9377,0.1539,-0.4939,1.1959%,1.6613%,48.1836%,-0.007738,MASI,92220.0,2019-03-06,252.0,-1.5996%,0.0015,0.9517,0.1601,-0.4773,1.1899%,1.6633%,48.8241%,-0.0060719999999999,MASI,92220.0,2019-03-07,252.0,-0.5061%,0.0013,0.9389,0.0962,-0.5124,1.1416%,1.6252%,50.6556%,0.0011899999999999,MASI,92220.0,2019-03-08,252.0,-0.8478%,0.0014,0.9381,0.1284,-0.5154,1.1279%,1.6182%,51.4149%,-0.007422,MASI,92220.0,2019-03-11,252.0,1.7645%,0.0014,0.9378,0.1243,-0.5175,1.1276%,1.6213%,51.6227%,0.0004349999999999,MASI,92220.0,2019-03-12,252.0,0.7027%,0.0013,0.933,0.1239,-0.5231,1.1272%,1.6168%,51.3934%,0.004527,MASI,0.011164,0.014394,0.029344,0.02314,0.015798
18139,MEDTRONIC PLC,Medtronic Announces The FDA Approval Of Its Resolute Drug-Eluting Stent Platform For The Treatment Of Patients With Coronary Artery Disease Who Have De Novo Chronic Total Occlusion,6,increase,0.8,0.7,"the fda approval of a new drug-eluting stent platform is likely to enhance medtronic's product offerings and market position, which typically leads to a positive reaction in stock price.",2,2019-02-26,MDT,2019-02-26 15:03:00+00:00,60097.0,G5960L10,-0.0100845834240317,4541771.0,-0.004381657578051,-0.0165297593921423,-0.0042908946052193,0.0125256022438406,0.0175690203905105,-0.0020474400371313,0.0021718381904065,0.0050904494710266,0.0046592294238507,0.000650321773719,-0.0069024953991174,0.0113996844738721,-0.0108601218089461,0.0061763008125126,-0.0061484975740313,0.004653719253838,0.0163500159978866,0.0072544813156127,0.0047826352529227,0.0066284271888434,0.006274277344346,0.0012373521458357,0.0033326726406812,0.0004501565999817,0.0049287374131381,0.0094286249950528,-0.0202580392360687,0.0025054232683032,0.0083796307444572,-0.0056618731468915,-0.0101446406915783,-0.0009051004890352,0.0095943873748183,0.0063759256154298,-0.0185667648911476,0.0157280042767524,0.0025445665232837,0.0005786051042377,0.0049657574854791,-0.0068949493579566,-0.0088942302390933,-0.002407505409792,-0.003323765238747,0.0008031171746551,0.0124500086531043,0.0018391225021332,-0.0042819431982934,-0.0034364608582109,-0.0031977165490388,-0.0034246053546667,-0.0215708464384079,0.0070123076438903,0.0088186142966151,0.011158887296915,-0.0033621320035308,0.0151032302528619,0.0006746604922227,-0.0010607772273942,-0.00303401122801,0.0,-0.001014472101815,0.0064056138508021,-0.0116213336586952,0.0152957281097769,-0.0097031788900494,0.0070345890708267,0.0013833169359713,-0.0644502490758895,-0.0082882605493068,0.0313633754849433,-0.0164828579872846,-0.0280937366187572,-0.0060191443189978,-0.0334212929010391,-0.0008311528363265,0.0190454497933387,0.0112893274053931,-0.0043502440676093,0.0063454867340624,0.016805749386549,0.0142456935718655,0.0333333387970924,0.0056412373669445,-0.0316026583313942,0.0010303831659257,-0.0144605450332164,0.0156678296625614,-0.014902482740581,-0.0056299967691302,-0.0080434549599885,0.0093987304717302,0.0016331140650436,0.0049360832199454,-0.0199530813843011,0.0063630240038037,-0.0186387300491333,-0.0097615625709295,-0.0021941184531897,-0.0030244947411119,0.0025138563942164,-0.0096629280596971,-0.0001047563491738,0.0021556890569627,0.0131579535081982,-0.0113211814314127,-0.0207813810557127,0.0037787910550832,-0.0025909421965479,0.0069586238823831,-0.0228860974311828,-0.0018125755013898,0.0125089846551418,-0.0043127597309648,0.0096273329108953,-0.0018238191260024,0.0128970919176936,0.0022838523145765,0.0240524597465992,0.0112795438617467,0.0116228517144918,-0.004381657578051,-0.0165297593921422,-0.0086537509524068,-0.004211202339634,0.0087632315111665,-0.0062500201924906,0.015664369120746,-0.0005418391440711,0.0125972341801885,0.0360633508357239,-0.0228759907219456,0.086987328876007,-0.0224354377547322,0.0073249728659745,2019-02-27,2019-02-28,2019-03-01,2019-03-04,2019-03-05,2019-03-06,2019-03-07,2019-03-08,2019-03-11,2019-03-12,60097.0,2019-02-26,252.0,-1.0085%,0.0004,0.737,-0.2692,-0.2458,0.9850%,1.2979%,42.4068%,-0.011635,MDT,60097.0,2019-02-27,252.0,-0.4382%,0.0003,0.7302,-0.2587,-0.247,0.9810%,1.2890%,42.0790%,-0.004929,MDT,60097.0,2019-02-28,252.0,-0.4291%,0.0004,0.7276,-0.2606,-0.2481,0.9804%,1.2859%,41.8688%,-0.0026929999999999,MDT,60097.0,2019-03-01,252.0,1.7569%,0.0004,0.7235,-0.2667,-0.2599,0.9807%,1.2857%,41.8137%,0.012003,MDT,60097.0,2019-03-04,252.0,0.2172%,0.0005,0.7185,-0.255,-0.2576,0.9796%,1.2791%,41.3530%,0.0057909999999999,MDT,60097.0,2019-03-05,252.0,0.4659%,0.0005,0.7186,-0.2513,-0.2589,0.9796%,1.2793%,41.3672%,0.004382,MDT,60097.0,2019-03-06,252.0,-0.6902%,0.0005,0.7155,-0.2377,-0.2606,0.9782%,1.2756%,41.1980%,-0.004019,MDT,60097.0,2019-03-07,252.0,-1.0860%,0.0004,0.7167,-0.2445,-0.2609,0.9780%,1.2768%,41.3292%,-0.00611,MDT,60097.0,2019-03-08,252.0,-0.6148%,0.0004,0.7181,-0.2545,-0.2582,0.9769%,1.2764%,41.4213%,-0.004983,MDT,60097.0,2019-03-11,252.0,1.6350%,0.0004,0.7202,-0.2449,-0.2539,0.9760%,1.2777%,41.6491%,0.005134,MDT,60097.0,2019-03-12,252.0,0.4783%,0.0004,0.7213,-0.2458,-0.253,0.9761%,1.2762%,41.5021%,0.002003,MDT,-0.016564,-0.019257,-0.007254,0.0029189999999999,-0.005056
18147,MACROGENICS INC,"Macrogenics Q4 EPS $(1.06) Misses $(1.02) Estimate, Sales $15.794M Beat $10.67M Estimate",6,uncertain,0.6,0.3,"while the sales beat expectations, the larger-than-expected loss per share may lead to mixed reactions from investors, making the overall impact on the stock price uncertain.",1,2019-02-26,MGNX,2019-02-26 22:35:00+00:00,14257.0,55609910,-0.0409571751952171,1330568.0,0.0139154996722936,0.0245167594403028,-0.0534784272313118,-0.0306215770542621,0.0234999656677246,-0.0157445073127746,-0.0107474019750952,0.0036117348354309,-0.0079012271016836,0.0141941150650382,-0.0428073965013027,0.0340908765792846,-0.0083203250542283,-0.0079849725589156,0.0136339925229549,0.0142925744876265,0.022245230153203,-0.0177819859236478,-0.006072917021811,-0.0476826950907707,0.0274949558079242,-0.018801936879754,-0.0460852459073066,-0.1066406071186066,-0.0062338099814951,1.304230570793152,-0.0026136559899896,-0.021145436912775,-0.0099580995738506,-0.0069991182535886,0.0185283422470092,-0.0255753826349973,0.030145525932312,0.0262466520071029,-0.0423814430832862,-0.00953203253448,0.0337197743356227,0.0167400501668453,0.0163098722696304,-0.0299144815653562,-0.0646941289305687,0.0227272938936948,-0.0611259751021862,0.003508768742904,0.0268417652696371,-0.0112749449908733,0.0305896084755659,-0.0633631721138954,0.0140313124284148,-0.0183412712067365,0.0133049488067627,-0.0226032715290784,0.0099789192900061,-0.051736868917942,0.0249609760940074,0.0014803481753915,-0.0172500386834144,-0.0552447512745857,-0.0387196689844131,0.031746070832014,-0.0150376297533512,0.0021691781003028,-0.0321701280772686,-0.0308339539915323,-0.0191549379378557,0.0156583823263645,0.0045950561761856,0.0563909783959388,-0.0348771065473556,0.0555555373430252,-0.0313980318605899,-0.0047392942942678,-0.0085627706721425,-0.003149603260681,0.0061690551228821,0.0071372049860656,0.0306560397148132,0.0015885229222476,-0.0184413734823465,0.0072000119835138,0.0090908855199813,0.0638297870755195,0.0138137862086296,-0.0033927024342119,0.0219194814562797,-0.0552884303033351,-0.0278260596096515,-0.0234741941094398,0.0005963165313005,-0.0281368736177682,0.0333730317652225,-0.0186567176133394,0.0322952382266521,-0.021183343604207,0.0273742899298667,-0.0724932700395584,-0.0299075171351432,0.0307262949645519,-0.0162556562572717,0.0084506962448358,-0.0068375463597476,0.0573342889547348,-0.0005737366154789,-0.1815965622663498,-0.0671641826629638,-0.011445814743638,0.0172308105975389,0.0593490935862064,-0.0157289914786815,-0.0793184712529182,0.1063306406140327,-0.0110400142148137,0.0394443944096565,0.0274626314640045,-0.0251202210783958,-0.0423098802566528,0.0274122804403305,0.0710348933935165,-0.0165421273559331,-0.0455874130129814,0.0139154996722936,0.0245167594403028,-0.0403071065956301,-0.0068555594522813,-0.0177543565490682,-0.0224921293591263,-0.035988481210788,-0.0050366586256841,-0.0575816077935458,-0.0316399715446221,-0.1065258800226058,0.5678211027844726,-0.1156429846018128,0.2700174736971412,2019-02-27,2019-02-28,2019-03-01,2019-03-04,2019-03-05,2019-03-06,2019-03-07,2019-03-08,2019-03-11,2019-03-12,14257.0,2019-02-26,252.0,-4.0957%,0.0017,1.4043,1.3257,0.1732,8.8290%,8.9773%,3.2772%,-0.030095,MGNX,14257.0,2019-02-27,252.0,1.3915%,0.0016,1.388,1.3572,0.1705,8.8260%,8.9729%,3.2490%,0.010241,MGNX,14257.0,2019-02-28,252.0,-5.3478%,0.0015,1.3937,1.3595,0.1865,8.8316%,8.9779%,3.2331%,-0.049121,MGNX,14257.0,2019-03-01,252.0,2.3500%,0.0012,1.4378,1.4251,0.2507,8.8208%,8.9740%,3.3861%,0.010179,MGNX,14257.0,2019-03-04,252.0,-1.0747%,0.0009,1.475,1.3015,0.2411,8.8063%,8.9616%,3.4350%,0.001362,MGNX,14257.0,2019-03-05,252.0,-0.7901%,0.0007,1.465,1.2225,0.2346,8.8016%,8.9510%,3.3117%,-0.0008709999999999,MGNX,14257.0,2019-03-06,252.0,-4.2807%,0.0004,1.4399,1.2826,0.2144,8.7941%,8.9443%,3.3292%,-0.015282,MGNX,14257.0,2019-03-07,252.0,-0.8320%,0.0004,1.4331,1.258,0.1984,8.7933%,8.9420%,3.2970%,0.0050019999999999,MGNX,14257.0,2019-03-08,252.0,1.3634%,0.0004,1.431,1.2553,0.1953,8.7939%,8.9420%,3.2856%,0.016405,MGNX,14257.0,2019-03-11,252.0,2.2245%,0.0007,1.4325,1.175,0.1487,8.7774%,8.9263%,3.3099%,-0.002671,MGNX,14257.0,2019-03-12,252.0,-0.6073%,0.0007,1.4249,1.1797,0.1421,8.7773%,8.9244%,3.2698%,-0.0063349999999999,MGNX,-0.019854,-0.068975,-0.0587959999999999,-0.0583049999999999,-0.0611859999999999
18155,MCGRATH RENTCORP,"McGrath RentCorp Q4 EPS $0.99 Beats $0.77 Estimate, Sales $133.115M Beat $129.63M Estimate",6,increase,0.8,0.6,"the company reported better-than-expected earnings and sales, which typically leads to positive investor sentiment and an increase in stock price.",2,2019-02-26,MGRC,2019-02-26 22:04:00+00:00,89915.0,58058910,0.001690778764896,135116.0,0.1307201981544495,-0.0054185520857572,-0.0074639366939663,0.0145971653982996,-0.0031751107890158,-0.0045291879214346,0.0065381289459764,0.0151341166347265,-0.0251499358564615,-0.0060929111205041,-0.0011959626572206,0.0367153696715831,-0.0070133400149643,0.0031683137640357,-0.013436671346426,-0.0066876504570245,0.0207787435501813,0.0141631569713354,-0.0147109236568212,0.0117053855210542,-0.0072916350327432,0.0022249314934015,0.001573979621753,-0.0070295697078108,0.0097782677039504,0.0095296278595924,0.0153899248689413,0.0121075343340635,-0.0034060075413435,-0.0189248770475387,-0.0104237971827387,-0.0144841931760311,0.0081160636618733,0.0142886480316519,-0.0138746378943324,0.0083198025822639,-0.0069480896927416,-0.0058503313921391,0.0094455294311046,0.0014141352148726,-0.0027724804822355,0.0104102529585361,-0.0015638602199032,0.0078173438087105,-0.0154890250414609,-0.0191686991602182,0.0226268116384744,-0.0268996451050043,-0.0084701450541615,0.0163639932870864,-0.001917723333463,-0.0100750364363193,0.0034934631548821,-0.0050761867314577,0.0095735285431146,0.0082677556201815,0.0151724321767687,-0.0122496802359819,-0.0005095549277029,0.0029251468367874,0.0088360318914055,-0.0088906623423099,-0.0131379282101988,0.0139134414494037,-0.0009387319441884,0.0169389881193637,0.0006877736304886,0.011489612981677,0.010481109842658,0.0199424587190151,-0.0044210529886186,-0.042142566293478,0.0015371503541246,-0.013597528450191,0.0044338698498904,0.0104023311287164,0.0196943935006856,0.0019666133448481,0.0064934962429106,-0.0103153483942151,0.0014888362493366,0.042190708220005,0.0185001473873853,-0.0187102388590574,0.0092442380264401,-0.0045571536757051,-0.0036959592252969,-0.002766239689663,0.0290322452783584,-0.0257940348237752,-0.0238244589418172,0.0032831593416631,0.0372511185705661,-0.0070949709042906,-0.0049535557627677,-0.0104364184662699,-0.0186682790517807,-0.0103286243975162,-0.0164870154112577,0.0144789163023233,0.0164410136640071,0.014887866564095,-0.0093561708927154,-0.0078649502247571,-0.0278533957898616,-0.0072366646490991,-0.0057631889358162,0.0160603336989879,-0.0013249723706394,-0.0347403921186924,-0.010116096585989,0.0020587798207998,-0.0003350721672177,0.0090651474893093,-0.012569130398333,-0.0015085426857694,0.005940297152847,0.0170694161206483,-0.0188965573906898,0.0026922959368675,0.1307201981544494,-0.0054185520857572,0.1222805741768355,0.0090995178115274,0.1187172090174637,0.0045291164639298,0.097711905723189,0.0135186421897806,0.0802700408164542,0.0742684235245272,0.103713401048485,0.0449986648697635,0.0976169729874778,0.0305294262308681,2019-02-27,2019-02-28,2019-03-01,2019-03-04,2019-03-05,2019-03-06,2019-03-07,2019-03-08,2019-03-11,2019-03-12,89915.0,2019-02-26,252.0,0.1691%,0.0004,0.7662,0.6144,0.0685,1.4362%,1.6784%,26.7794%,0.007048,MGRC,89915.0,2019-02-27,252.0,13.0720%,0.0009,0.7699,0.6456,0.0694,1.6482%,1.8676%,22.1143%,0.128845,MGRC,89915.0,2019-02-28,252.0,-0.7464%,0.0009,0.7701,0.6455,0.071,1.6486%,1.8666%,21.9953%,-0.0051329999999999,MGRC,89915.0,2019-03-01,252.0,-0.3175%,0.0006,0.8081,0.7021,0.1351,1.5954%,1.8346%,24.3776%,-0.010398,MGRC,89915.0,2019-03-04,252.0,0.6538%,0.0007,0.8014,0.7134,0.1394,1.5957%,1.8329%,24.2020%,0.0129319999999999,MGRC,89915.0,2019-03-05,252.0,-2.5150%,0.0006,0.8054,0.7306,0.1504,1.6017%,1.8388%,24.1306%,-0.021332,MGRC,89915.0,2019-03-06,252.0,-0.1196%,0.0008,0.8093,0.6935,0.1498,1.5999%,1.8373%,24.1704%,0.0146249999999999,MGRC,89915.0,2019-03-07,252.0,-0.7013%,0.0007,0.8079,0.6856,0.1456,1.5994%,1.8357%,24.0920%,0.000513,MGRC,89915.0,2019-03-08,252.0,-1.3437%,0.0007,0.8101,0.6767,0.1496,1.6005%,1.8361%,24.0087%,-0.011845,MGRC,89915.0,2019-03-11,252.0,2.0779%,0.0007,0.8133,0.682,0.1511,1.6009%,1.8404%,24.3272%,0.0069599999999999,MGRC,89915.0,2019-03-12,252.0,-1.4711%,0.0005,0.7961,0.6926,0.1358,1.5995%,1.8324%,23.8063%,-0.014803,MGRC,0.1358929999999999,0.13076,0.1203619999999999,0.1119619999999999,0.1074119999999999
18163,MERIT MEDICAL SYSTEMS INC,"Merit Medical Sees FY19 Adj. EPS $1.97-$2.08 vs $1.97 Est., Sales $1.01B-$1.03B vs $1.01B Est.",6,increase,0.75,0.6,"the company's adjusted eps and sales guidance aligns with estimates, which may boost investor confidence and lead to a positive market reaction.",2,2019-02-26,MMSI,2019-02-26 21:54:00+00:00,76392.0,58988910,-0.0321602933108806,629327.0,-0.0111342966556549,-0.0035234745591878,-0.0195285119116306,-0.0056723416782915,0.043603092432022,-0.0154402498155832,-0.0278541762381792,0.0138218458741903,0.0022992086596786,0.0075503485277295,-0.0118228020146489,0.0168912783265113,0.0267857145518064,0.0129623226821422,-0.0041739423759281,0.0,0.0200838558375835,0.0036426552105695,0.0176339466124773,0.0329690054059028,0.0164872072637081,0.0059481225907802,0.0044687264598906,-0.0201342180371284,0.0032954483758658,-0.0001766225614119,-0.0114961536601185,0.005504285916686,-0.0084731401875615,-0.0019493285799399,0.000502660521306,-0.0017689452506601,0.0189248211681842,0.0334551744163036,-0.0340236648917198,0.0249204020947217,0.0205887202173471,-0.0024299265351146,0.0060020107775926,-0.0197875015437603,-0.0062976642511785,0.0083133336156606,0.006004013121128,0.0087588746100664,0.0250331927090883,-0.0001862925564637,0.0011321315541863,0.0013059645425528,-0.0021001787390559,0.0186240896582603,-0.0237979795783758,-0.0067950286902487,0.0021559048909693,-0.0130402529612183,0.014562320895493,0.0174374915659427,-0.0052193719893693,-0.0078977430239319,0.0039350362494587,-0.0170055124908685,0.0155152827501297,0.0328369103372097,0.0067545538768172,0.0121739339083433,-0.0039936103858053,0.0062220431864261,0.0032077108044177,0.0023387044202536,-0.0039968024939298,0.0088478326797485,-0.0722311437129974,-0.0439849644899368,-0.0024221348576247,-0.0467658229172229,-0.0013874092837795,0.0152810644358396,0.0281347502022981,0.0226976964622736,-0.0456081219017505,0.0093896714970469,-0.0371681153774261,0.0618145242333412,0.0082720024511218,-0.0157016534358263,0.010027403011918,-0.00352044403553,0.0140794003382325,-0.0246088728308677,-0.0300818551331758,-0.0211017951369285,0.0434941984713077,-0.0179717503488063,0.0188181437551975,-0.0310945287346839,0.0174348056316375,-0.0235947370529174,-0.0295215118676424,-0.0185595117509365,-0.0089161209762096,0.003588501131162,0.0139354551210999,-0.0023866244591772,-0.0127000613138079,-0.0037364338058978,-0.0257268566638231,-0.0282224640250206,0.0179055500775575,-0.0154371261596679,0.0015991498949006,-0.0216216314584016,0.0058542103506624,-0.0023790278937667,-0.0319224223494529,0.0135026546195149,-0.0167607609182596,0.019836051389575,-0.0061145420186221,0.04416299238801,0.0070842853747308,0.001542882528156,-0.0111342966556549,-0.0035234745591878,-0.0304453723224179,-0.0091758298858849,0.0118302077261023,-0.0244744025957648,-0.0140918806273269,-0.0035234742729713,0.0340988040797287,0.0641461745178868,0.0652400863665658,0.0977819068787417,-0.0601948380974727,0.0181724257587734,2019-02-27,2019-02-28,2019-03-01,2019-03-04,2019-03-05,2019-03-06,2019-03-07,2019-03-08,2019-03-11,2019-03-12,76392.0,2019-02-26,252.0,-3.2160%,0.0006,0.7793,0.2771,-0.4132,1.5290%,1.8185%,29.3073%,-0.030959,MMSI,76392.0,2019-02-27,252.0,-1.1134%,0.0005,0.7727,0.2849,-0.4143,1.5287%,1.8150%,29.0622%,-0.012958,MMSI,76392.0,2019-02-28,252.0,-1.9529%,0.0004,0.7717,0.2836,-0.4107,1.5322%,1.8154%,28.7597%,-0.018326,MMSI,76392.0,2019-03-01,252.0,4.3603%,0.0007,0.7657,0.2748,-0.4361,1.5417%,1.8248%,28.6195%,0.0354919999999999,MMSI,76392.0,2019-03-04,252.0,-2.7854%,0.0005,0.7751,0.2631,-0.443,1.5451%,1.8333%,28.9680%,-0.0211629999999999,MMSI,76392.0,2019-03-05,252.0,0.2299%,0.0007,0.7827,0.3236,-0.4386,1.5287%,1.8265%,29.9474%,0.00328,MMSI,76392.0,2019-03-06,252.0,-1.1823%,0.0007,0.7906,0.321,-0.43,1.5264%,1.8277%,30.2508%,-0.001086,MMSI,76392.0,2019-03-07,252.0,2.6786%,0.0008,0.7745,0.3033,-0.4565,1.5383%,1.8335%,29.6031%,0.031984,MMSI,76392.0,2019-03-08,252.0,-0.4174%,0.0007,0.7764,0.2811,-0.4522,1.5333%,1.8272%,29.5823%,-0.0034879999999999,MMSI,76392.0,2019-03-11,252.0,2.0084%,0.0007,0.7788,0.2794,-0.4544,1.5334%,1.8312%,29.8799%,0.005062,MMSI,76392.0,2019-03-12,252.0,1.7634%,0.0009,0.7951,0.2691,-0.4401,1.5323%,1.8336%,30.1679%,0.016016,MMSI,-0.043917,-0.0622429999999999,-0.0267509999999999,-0.044634,0.003854
18171,MERIT MEDICAL SYSTEMS INC,"Merit Medical Systems Q4 Adj. EPS $0.48 Beats $0.45 Estimate, Sales $233.2M Beat $230.39M Estimate",6,increase,0.8,0.6,"the company reported better-than-expected earnings and sales, which typically leads to positive investor sentiment and an increase in stock price.",2,2019-02-26,MMSI,2019-02-26 21:52:00+00:00,76392.0,58988910,-0.0321602933108806,629327.0,-0.0111342966556549,-0.0035234745591878,-0.0195285119116306,-0.0056723416782915,0.043603092432022,-0.0154402498155832,-0.0278541762381792,0.0138218458741903,0.0022992086596786,0.0075503485277295,-0.0118228020146489,0.0168912783265113,0.0267857145518064,0.0129623226821422,-0.0041739423759281,0.0,0.0200838558375835,0.0036426552105695,0.0176339466124773,0.0329690054059028,0.0164872072637081,0.0059481225907802,0.0044687264598906,-0.0201342180371284,0.0032954483758658,-0.0001766225614119,-0.0114961536601185,0.005504285916686,-0.0084731401875615,-0.0019493285799399,0.000502660521306,-0.0017689452506601,0.0189248211681842,0.0334551744163036,-0.0340236648917198,0.0249204020947217,0.0205887202173471,-0.0024299265351146,0.0060020107775926,-0.0197875015437603,-0.0062976642511785,0.0083133336156606,0.006004013121128,0.0087588746100664,0.0250331927090883,-0.0001862925564637,0.0011321315541863,0.0013059645425528,-0.0021001787390559,0.0186240896582603,-0.0237979795783758,-0.0067950286902487,0.0021559048909693,-0.0130402529612183,0.014562320895493,0.0174374915659427,-0.0052193719893693,-0.0078977430239319,0.0039350362494587,-0.0170055124908685,0.0155152827501297,0.0328369103372097,0.0067545538768172,0.0121739339083433,-0.0039936103858053,0.0062220431864261,0.0032077108044177,0.0023387044202536,-0.0039968024939298,0.0088478326797485,-0.0722311437129974,-0.0439849644899368,-0.0024221348576247,-0.0467658229172229,-0.0013874092837795,0.0152810644358396,0.0281347502022981,0.0226976964622736,-0.0456081219017505,0.0093896714970469,-0.0371681153774261,0.0618145242333412,0.0082720024511218,-0.0157016534358263,0.010027403011918,-0.00352044403553,0.0140794003382325,-0.0246088728308677,-0.0300818551331758,-0.0211017951369285,0.0434941984713077,-0.0179717503488063,0.0188181437551975,-0.0310945287346839,0.0174348056316375,-0.0235947370529174,-0.0295215118676424,-0.0185595117509365,-0.0089161209762096,0.003588501131162,0.0139354551210999,-0.0023866244591772,-0.0127000613138079,-0.0037364338058978,-0.0257268566638231,-0.0282224640250206,0.0179055500775575,-0.0154371261596679,0.0015991498949006,-0.0216216314584016,0.0058542103506624,-0.0023790278937667,-0.0319224223494529,0.0135026546195149,-0.0167607609182596,0.019836051389575,-0.0061145420186221,0.04416299238801,0.0070842853747308,0.001542882528156,-0.0111342966556549,-0.0035234745591878,-0.0304453723224179,-0.0091758298858849,0.0118302077261023,-0.0244744025957648,-0.0140918806273269,-0.0035234742729713,0.0340988040797287,0.0641461745178868,0.0652400863665658,0.0977819068787417,-0.0601948380974727,0.0181724257587734,2019-02-27,2019-02-28,2019-03-01,2019-03-04,2019-03-05,2019-03-06,2019-03-07,2019-03-08,2019-03-11,2019-03-12,76392.0,2019-02-26,252.0,-3.2160%,0.0006,0.7793,0.2771,-0.4132,1.5290%,1.8185%,29.3073%,-0.030959,MMSI,76392.0,2019-02-27,252.0,-1.1134%,0.0005,0.7727,0.2849,-0.4143,1.5287%,1.8150%,29.0622%,-0.012958,MMSI,76392.0,2019-02-28,252.0,-1.9529%,0.0004,0.7717,0.2836,-0.4107,1.5322%,1.8154%,28.7597%,-0.018326,MMSI,76392.0,2019-03-01,252.0,4.3603%,0.0007,0.7657,0.2748,-0.4361,1.5417%,1.8248%,28.6195%,0.0354919999999999,MMSI,76392.0,2019-03-04,252.0,-2.7854%,0.0005,0.7751,0.2631,-0.443,1.5451%,1.8333%,28.9680%,-0.0211629999999999,MMSI,76392.0,2019-03-05,252.0,0.2299%,0.0007,0.7827,0.3236,-0.4386,1.5287%,1.8265%,29.9474%,0.00328,MMSI,76392.0,2019-03-06,252.0,-1.1823%,0.0007,0.7906,0.321,-0.43,1.5264%,1.8277%,30.2508%,-0.001086,MMSI,76392.0,2019-03-07,252.0,2.6786%,0.0008,0.7745,0.3033,-0.4565,1.5383%,1.8335%,29.6031%,0.031984,MMSI,76392.0,2019-03-08,252.0,-0.4174%,0.0007,0.7764,0.2811,-0.4522,1.5333%,1.8272%,29.5823%,-0.0034879999999999,MMSI,76392.0,2019-03-11,252.0,2.0084%,0.0007,0.7788,0.2794,-0.4544,1.5334%,1.8312%,29.8799%,0.005062,MMSI,76392.0,2019-03-12,252.0,1.7634%,0.0009,0.7951,0.2691,-0.4401,1.5323%,1.8336%,30.1679%,0.016016,MMSI,-0.043917,-0.0622429999999999,-0.0267509999999999,-0.044634,0.003854
18179,MANNKIND CORP,Hearing Leerink Out Positive On MannKind; Notes This Was Co.'s First Quarter Reporting Afrezza Gross Profit And Co. Has Guided To Achieve Afrezza Gross Profits Through 2019,6,increase,0.75,0.6,the positive outlook from leerink regarding mannkind's first quarter reporting of afrezza gross profit and guidance for future profitability is likely to boost investor confidence and increase the stock price.,2,2019-02-26,MNKD,2019-02-26 19:37:00+00:00,90285.0,56400P70,0.1655629128217697,9839202.0,0.0625000074505806,-0.0320512540638446,-0.0427807718515396,0.0758619904518127,-0.0111731737852096,-0.0136054288595914,-0.0282485615462064,-0.0134228058159351,0.0523255318403244,0.0275861788541078,-0.0331491418182849,0.0431655123829841,0.0571428723633289,-0.0347222723066806,-0.010810799896717,-0.0068965447135269,0.0546447560191154,0.0902255624532699,0.0829015374183654,0.023076994344592,0.0095693692564964,0.0,0.0616114325821399,-0.0370370894670486,-0.0178571250289678,0.0305344145745039,-0.0227272510528564,0.0314960330724716,0.0465115830302238,-0.0522388443350791,-0.0177777614444494,0.0634920969605445,-0.0045248824171721,0.0243902206420898,-0.031818151473999,0.0336134098470211,-0.0704225748777389,-0.0555555038154125,0.010101000778377,-0.023255793377757,-0.0299999713897705,0.0078124925494194,-0.0051546953618526,0.0078740082681179,0.0207254309207201,-0.0928571373224258,-0.0862944573163986,-0.007092191837728,-0.0388888530433177,0.0143884755671024,0.0115606822073459,0.0451127365231514,0.0,-0.0362318493425846,0.0228571202605962,0.0147058684378862,0.0055865868926048,0.0461538955569267,0.0222222674638032,0.0317460000514984,0.0217391084879636,0.0327868536114692,-0.0319148637354373,0.0166666507720947,-0.0824176296591758,0.0,-0.029940091073513,0.01694923825562,0.0,0.0350876860320568,-0.0493827424943447,-0.0297872070223093,-0.0064935004338622,0.1084905788302422,0.0392157286405563,-0.0742358416318893,0.006289301905781,0.122549019753933,-0.0437500327825546,-0.0285714026540517,0.0457516685128212,-0.0366973206400871,-0.0187499821186065,0.0,-0.0191083364188671,-0.0438596084713935,0.0,-0.3254438042640686,-0.0454545021057128,0.0180723443627357,-0.0272109396755695,-0.0235294587910175,0.0699300915002822,0.0119048217311501,0.01307188346982,-0.0175439119338989,-0.0645160675048828,-0.0393258072435855,-0.0620689876377582,0.0229884833097457,-0.0147058684378862,0.0116278957575559,-0.0671642050147056,-0.017142841592431,-0.0159999839961528,0.0,0.0731707587838172,0.0115606822073459,0.0,-0.0335195213556289,-0.0378788411617279,0.0056179724633693,0.0,0.0056497124023735,0.0,0.0,0.0236220248043537,0.0,-0.0307692028582096,-0.0056179724633693,0.0625000074505806,-0.0320512540638446,0.0170454370395782,0.041379264458208,0.0056818116240806,0.0272108529597681,0.0284090633161417,0.0413792637957806,0.1874999565196431,0.1615384867473839,0.0454545663208609,0.1984126858653487,-0.2840909102552785,-0.1516853809769308,2019-02-27,2019-02-28,2019-03-01,2019-03-04,2019-03-05,2019-03-06,2019-03-07,2019-03-08,2019-03-11,2019-03-12,90285.0,2019-02-26,252.0,16.5563%,0.0,1.1903,0.4728,0.2225,7.4225%,7.5249%,2.7035%,0.172931,MNKD,90285.0,2019-02-27,252.0,6.2500%,-0.0,1.1628,0.5395,0.2181,7.4209%,7.5201%,2.6188%,0.060697,MNKD,90285.0,2019-02-28,252.0,-4.2781%,-0.0001,1.1609,0.537,0.2258,7.4241%,7.5219%,2.5844%,-0.038839,MNKD,90285.0,2019-03-01,252.0,-1.1173%,0.0,1.1219,0.4788,0.1747,7.4163%,7.5082%,2.4309%,-0.020276,MNKD,90285.0,2019-03-04,252.0,-2.8249%,0.0,1.114,0.5242,0.1724,7.4162%,7.5078%,2.4247%,-0.0212709999999999,MNKD,90285.0,2019-03-05,252.0,5.2326%,0.0003,1.1085,0.5181,0.1478,7.4238%,7.5149%,2.4080%,0.0561679999999999,MNKD,90285.0,2019-03-06,252.0,-3.3149%,0.0003,1.1195,0.5515,0.1647,7.4245%,7.5178%,2.4670%,-0.017458,MNKD,90285.0,2019-03-07,252.0,5.7143%,0.0006,1.0934,0.555,0.131,7.4354%,7.5260%,2.3919%,0.067163,MNKD,90285.0,2019-03-08,252.0,-1.0811%,0.0006,1.0934,0.5761,0.1298,7.4347%,7.5258%,2.4061%,-0.00855,MNKD,90285.0,2019-03-11,252.0,5.4645%,0.0008,1.1121,0.5907,0.1285,7.4381%,7.5334%,2.5138%,0.036865,MNKD,90285.0,2019-03-12,252.0,8.2902%,0.0013,1.1505,0.5461,0.154,7.4518%,7.5501%,2.5872%,0.081788,MNKD,0.233628,0.194789,0.1745129999999999,0.2094099999999999,0.369218
18187,MANNKIND CORP,MannKind Option Alert: Apr 18 $1.5 Calls Sweep (13) near the Ask: 938 @ $0.35 vs 90 OI; Earnings 2/26 Before Open Ref=$1.675,6,increase,0.7,0.6,"the significant call option activity suggests bullish sentiment among investors ahead of the earnings report, which could lead to an increase in mannkind corp's stock price.",2,2019-02-26,MNKD,2019-02-26 18:48:00+00:00,90285.0,56400P70,0.1655629128217697,9839202.0,0.0625000074505806,-0.0320512540638446,-0.0427807718515396,0.0758619904518127,-0.0111731737852096,-0.0136054288595914,-0.0282485615462064,-0.0134228058159351,0.0523255318403244,0.0275861788541078,-0.0331491418182849,0.0431655123829841,0.0571428723633289,-0.0347222723066806,-0.010810799896717,-0.0068965447135269,0.0546447560191154,0.0902255624532699,0.0829015374183654,0.023076994344592,0.0095693692564964,0.0,0.0616114325821399,-0.0370370894670486,-0.0178571250289678,0.0305344145745039,-0.0227272510528564,0.0314960330724716,0.0465115830302238,-0.0522388443350791,-0.0177777614444494,0.0634920969605445,-0.0045248824171721,0.0243902206420898,-0.031818151473999,0.0336134098470211,-0.0704225748777389,-0.0555555038154125,0.010101000778377,-0.023255793377757,-0.0299999713897705,0.0078124925494194,-0.0051546953618526,0.0078740082681179,0.0207254309207201,-0.0928571373224258,-0.0862944573163986,-0.007092191837728,-0.0388888530433177,0.0143884755671024,0.0115606822073459,0.0451127365231514,0.0,-0.0362318493425846,0.0228571202605962,0.0147058684378862,0.0055865868926048,0.0461538955569267,0.0222222674638032,0.0317460000514984,0.0217391084879636,0.0327868536114692,-0.0319148637354373,0.0166666507720947,-0.0824176296591758,0.0,-0.029940091073513,0.01694923825562,0.0,0.0350876860320568,-0.0493827424943447,-0.0297872070223093,-0.0064935004338622,0.1084905788302422,0.0392157286405563,-0.0742358416318893,0.006289301905781,0.122549019753933,-0.0437500327825546,-0.0285714026540517,0.0457516685128212,-0.0366973206400871,-0.0187499821186065,0.0,-0.0191083364188671,-0.0438596084713935,0.0,-0.3254438042640686,-0.0454545021057128,0.0180723443627357,-0.0272109396755695,-0.0235294587910175,0.0699300915002822,0.0119048217311501,0.01307188346982,-0.0175439119338989,-0.0645160675048828,-0.0393258072435855,-0.0620689876377582,0.0229884833097457,-0.0147058684378862,0.0116278957575559,-0.0671642050147056,-0.017142841592431,-0.0159999839961528,0.0,0.0731707587838172,0.0115606822073459,0.0,-0.0335195213556289,-0.0378788411617279,0.0056179724633693,0.0,0.0056497124023735,0.0,0.0,0.0236220248043537,0.0,-0.0307692028582096,-0.0056179724633693,0.0625000074505806,-0.0320512540638446,0.0170454370395782,0.041379264458208,0.0056818116240806,0.0272108529597681,0.0284090633161417,0.0413792637957806,0.1874999565196431,0.1615384867473839,0.0454545663208609,0.1984126858653487,-0.2840909102552785,-0.1516853809769308,2019-02-27,2019-02-28,2019-03-01,2019-03-04,2019-03-05,2019-03-06,2019-03-07,2019-03-08,2019-03-11,2019-03-12,90285.0,2019-02-26,252.0,16.5563%,0.0,1.1903,0.4728,0.2225,7.4225%,7.5249%,2.7035%,0.172931,MNKD,90285.0,2019-02-27,252.0,6.2500%,-0.0,1.1628,0.5395,0.2181,7.4209%,7.5201%,2.6188%,0.060697,MNKD,90285.0,2019-02-28,252.0,-4.2781%,-0.0001,1.1609,0.537,0.2258,7.4241%,7.5219%,2.5844%,-0.038839,MNKD,90285.0,2019-03-01,252.0,-1.1173%,0.0,1.1219,0.4788,0.1747,7.4163%,7.5082%,2.4309%,-0.020276,MNKD,90285.0,2019-03-04,252.0,-2.8249%,0.0,1.114,0.5242,0.1724,7.4162%,7.5078%,2.4247%,-0.0212709999999999,MNKD,90285.0,2019-03-05,252.0,5.2326%,0.0003,1.1085,0.5181,0.1478,7.4238%,7.5149%,2.4080%,0.0561679999999999,MNKD,90285.0,2019-03-06,252.0,-3.3149%,0.0003,1.1195,0.5515,0.1647,7.4245%,7.5178%,2.4670%,-0.017458,MNKD,90285.0,2019-03-07,252.0,5.7143%,0.0006,1.0934,0.555,0.131,7.4354%,7.5260%,2.3919%,0.067163,MNKD,90285.0,2019-03-08,252.0,-1.0811%,0.0006,1.0934,0.5761,0.1298,7.4347%,7.5258%,2.4061%,-0.00855,MNKD,90285.0,2019-03-11,252.0,5.4645%,0.0008,1.1121,0.5907,0.1285,7.4381%,7.5334%,2.5138%,0.036865,MNKD,90285.0,2019-03-12,252.0,8.2902%,0.0013,1.1505,0.5461,0.154,7.4518%,7.5501%,2.5872%,0.081788,MNKD,0.233628,0.194789,0.1745129999999999,0.2094099999999999,0.369218
18195,MANNKIND CORP,'Wait … what? Mannkind posts best-ever quarter of inhaled insulin product sales' -Stat News,6,increase,0.8,0.7,"the news highlights mannkind corp's best-ever quarter of inhaled insulin product sales, which is likely to positively impact investor sentiment and drive the stock price up.",2,2019-02-26,MNKD,2019-02-26 18:43:00+00:00,90285.0,56400P70,0.1655629128217697,9839202.0,0.0625000074505806,-0.0320512540638446,-0.0427807718515396,0.0758619904518127,-0.0111731737852096,-0.0136054288595914,-0.0282485615462064,-0.0134228058159351,0.0523255318403244,0.0275861788541078,-0.0331491418182849,0.0431655123829841,0.0571428723633289,-0.0347222723066806,-0.010810799896717,-0.0068965447135269,0.0546447560191154,0.0902255624532699,0.0829015374183654,0.023076994344592,0.0095693692564964,0.0,0.0616114325821399,-0.0370370894670486,-0.0178571250289678,0.0305344145745039,-0.0227272510528564,0.0314960330724716,0.0465115830302238,-0.0522388443350791,-0.0177777614444494,0.0634920969605445,-0.0045248824171721,0.0243902206420898,-0.031818151473999,0.0336134098470211,-0.0704225748777389,-0.0555555038154125,0.010101000778377,-0.023255793377757,-0.0299999713897705,0.0078124925494194,-0.0051546953618526,0.0078740082681179,0.0207254309207201,-0.0928571373224258,-0.0862944573163986,-0.007092191837728,-0.0388888530433177,0.0143884755671024,0.0115606822073459,0.0451127365231514,0.0,-0.0362318493425846,0.0228571202605962,0.0147058684378862,0.0055865868926048,0.0461538955569267,0.0222222674638032,0.0317460000514984,0.0217391084879636,0.0327868536114692,-0.0319148637354373,0.0166666507720947,-0.0824176296591758,0.0,-0.029940091073513,0.01694923825562,0.0,0.0350876860320568,-0.0493827424943447,-0.0297872070223093,-0.0064935004338622,0.1084905788302422,0.0392157286405563,-0.0742358416318893,0.006289301905781,0.122549019753933,-0.0437500327825546,-0.0285714026540517,0.0457516685128212,-0.0366973206400871,-0.0187499821186065,0.0,-0.0191083364188671,-0.0438596084713935,0.0,-0.3254438042640686,-0.0454545021057128,0.0180723443627357,-0.0272109396755695,-0.0235294587910175,0.0699300915002822,0.0119048217311501,0.01307188346982,-0.0175439119338989,-0.0645160675048828,-0.0393258072435855,-0.0620689876377582,0.0229884833097457,-0.0147058684378862,0.0116278957575559,-0.0671642050147056,-0.017142841592431,-0.0159999839961528,0.0,0.0731707587838172,0.0115606822073459,0.0,-0.0335195213556289,-0.0378788411617279,0.0056179724633693,0.0,0.0056497124023735,0.0,0.0,0.0236220248043537,0.0,-0.0307692028582096,-0.0056179724633693,0.0625000074505806,-0.0320512540638446,0.0170454370395782,0.041379264458208,0.0056818116240806,0.0272108529597681,0.0284090633161417,0.0413792637957806,0.1874999565196431,0.1615384867473839,0.0454545663208609,0.1984126858653487,-0.2840909102552785,-0.1516853809769308,2019-02-27,2019-02-28,2019-03-01,2019-03-04,2019-03-05,2019-03-06,2019-03-07,2019-03-08,2019-03-11,2019-03-12,90285.0,2019-02-26,252.0,16.5563%,0.0,1.1903,0.4728,0.2225,7.4225%,7.5249%,2.7035%,0.172931,MNKD,90285.0,2019-02-27,252.0,6.2500%,-0.0,1.1628,0.5395,0.2181,7.4209%,7.5201%,2.6188%,0.060697,MNKD,90285.0,2019-02-28,252.0,-4.2781%,-0.0001,1.1609,0.537,0.2258,7.4241%,7.5219%,2.5844%,-0.038839,MNKD,90285.0,2019-03-01,252.0,-1.1173%,0.0,1.1219,0.4788,0.1747,7.4163%,7.5082%,2.4309%,-0.020276,MNKD,90285.0,2019-03-04,252.0,-2.8249%,0.0,1.114,0.5242,0.1724,7.4162%,7.5078%,2.4247%,-0.0212709999999999,MNKD,90285.0,2019-03-05,252.0,5.2326%,0.0003,1.1085,0.5181,0.1478,7.4238%,7.5149%,2.4080%,0.0561679999999999,MNKD,90285.0,2019-03-06,252.0,-3.3149%,0.0003,1.1195,0.5515,0.1647,7.4245%,7.5178%,2.4670%,-0.017458,MNKD,90285.0,2019-03-07,252.0,5.7143%,0.0006,1.0934,0.555,0.131,7.4354%,7.5260%,2.3919%,0.067163,MNKD,90285.0,2019-03-08,252.0,-1.0811%,0.0006,1.0934,0.5761,0.1298,7.4347%,7.5258%,2.4061%,-0.00855,MNKD,90285.0,2019-03-11,252.0,5.4645%,0.0008,1.1121,0.5907,0.1285,7.4381%,7.5334%,2.5138%,0.036865,MNKD,90285.0,2019-03-12,252.0,8.2902%,0.0013,1.1505,0.5461,0.154,7.4518%,7.5501%,2.5872%,0.081788,MNKD,0.233628,0.194789,0.1745129999999999,0.2094099999999999,0.369218
18203,MOSAIC CO NEW,"Mosaic shares have reversed from pre-market strength, now trading lower.",6,decrease,0.8,0.7,"the reversal from pre-market strength to trading lower suggests a negative sentiment, likely leading to a decrease in stock price.",0,2019-02-26,MOS,2019-02-26 18:23:00+00:00,90386.0,61945C10,-0.0405858978629112,10162174.0,0.0232187546789646,0.0145511217415332,-0.0279763061553239,-0.0262284893542528,-0.0086344880983233,-0.0092593003064394,-0.0058064614422619,0.0371747463941574,-0.030175220221281,0.0052942438051104,-0.0212445594370365,0.005322481971234,-0.0448169521987438,-0.003743008011952,0.0035816754680126,0.0053308871574699,0.0246252175420522,0.0313712581992149,-0.0013932082802057,-0.0086566349491477,0.0027903704904019,-0.0066878688521683,-0.012869594618678,-0.0326555594801902,0.0116279050707817,0.0080744819715619,-0.0024381643161177,0.0078247264027595,-0.0031424635089933,-0.0199385806918144,-0.0129596823826432,0.0099132498726248,0.0042583011090755,0.0115950778126716,-0.0512367114424705,0.0040905964560806,0.0029795130249112,0.0060145785100758,-0.0189379956573247,-0.0094073135405778,0.0068130320869386,0.0283779148012399,0.0214285589754581,-0.00481385178864,0.0051527195610105,0.0061349868774414,0.0194068364799022,-0.0381988026201725,-0.0118534453213214,0.0075094392523169,-0.0054525486193597,0.0149253513664007,0.0131578473374247,0.0028662469703704,0.0072150351479649,0.0006373632350005,-0.0025071525014936,-0.008217453956604,-0.014721717685461,0.0022172853350639,-0.0029154489748179,0.0070175216533243,-0.0131579171866178,-0.0003188848495483,-0.0074074356816709,0.0241672024130821,-0.0063432864844799,0.0075683267787098,0.0078858807682991,0.0681897550821304,0.0022354496177285,-0.0250171199440956,0.0063197053968906,-0.0010270037455484,0.0033247193787246,0.0135322483256459,-0.0121502177789807,-0.0250338222831487,-0.0190085805952549,0.0085295122116804,-0.0102583765983581,0.0600361600518226,0.0049904440529644,-0.0318627394735813,-0.0019098985940217,-0.0079889353364706,-0.0007653483189642,-0.026707200333476,-0.0114898942410945,-0.0247279927134513,-0.0216969959437847,0.0089820511639118,0.0146534983068704,-0.0281280577182769,-0.0136612169444561,0.0006470545777119,-0.0799366980791091,0.0,0.0292473249137401,-0.0633333399891853,-0.0117008229717612,-0.0060241194441914,0.0105708250775933,-0.0095465304329991,-0.0414225868880748,-0.0298118330538272,-0.0043649226427078,-0.0199829805642366,0.0004384142521303,-0.0428649447858333,0.014899218454957,0.0238889064639806,-0.0155440680682659,-0.0046999771147966,-0.0140350749716162,0.0240656416863203,0.0164591129869222,0.0074158101342618,-0.0223194845020771,-0.0198490098118782,0.0232187546789646,0.0145511217415332,-0.0054071264658034,-0.0120590215544097,-0.0139949267950116,-0.021206663758875,-0.0493002882736409,0.0205543392863318,-0.0873244080236156,0.0506572587618221,-0.1264799911459624,0.0380107953430326,-0.2888324788213784,-0.0832062677674601,2019-02-27,2019-02-28,2019-03-01,2019-03-04,2019-03-05,2019-03-06,2019-03-07,2019-03-08,2019-03-11,2019-03-12,90386.0,2019-02-26,252.0,-4.0586%,0.0006,1.2725,-0.0128,0.4557,1.6549%,2.0754%,36.4216%,-0.037691,MOS,90386.0,2019-02-27,252.0,2.3219%,0.0008,1.288,-0.034,0.4583,1.6467%,2.0766%,37.1163%,0.022545,MOS,90386.0,2019-02-28,252.0,-2.7976%,0.0008,1.2748,-0.0439,0.4543,1.6398%,2.0611%,36.7005%,-0.022931,MOS,90386.0,2019-03-01,252.0,-0.8634%,0.0008,1.2693,-0.0521,0.4535,1.6431%,2.0586%,36.2962%,-0.015959,MOS,90386.0,2019-03-04,252.0,-0.5806%,0.0007,1.2772,-0.0768,0.451,1.6398%,2.0590%,36.5781%,-0.001273,MOS,90386.0,2019-03-05,252.0,-3.0175%,0.0006,1.28,-0.0736,0.4633,1.6483%,2.0664%,36.3668%,-0.02725,MOS,90386.0,2019-03-06,252.0,-2.1245%,0.0004,1.2687,-0.0343,0.4558,1.6387%,2.0509%,36.1616%,-0.011695,MOS,90386.0,2019-03-07,252.0,-4.4817%,0.0003,1.2875,-0.0078,0.4883,1.6497%,2.0699%,36.4799%,-0.033023,MOS,90386.0,2019-03-08,252.0,0.3582%,0.0004,1.2855,0.0094,0.4843,1.6473%,2.0673%,36.4999%,0.007158,MOS,90386.0,2019-03-11,252.0,2.4625%,0.0005,1.2895,0.0099,0.4825,1.6479%,2.0729%,36.8039%,0.007865,MOS,90386.0,2019-03-12,252.0,-0.1393%,0.0004,1.2793,0.0142,0.4726,1.6465%,2.0612%,36.1906%,-0.004293,MOS,-0.015146,-0.038077,-0.054036,-0.082559,-0.116547
18211,MERCK & CO INC NEW,Sellas Reviews Strategic Options To Fund Clinical Development Programs,6,uncertain,0.6,0.3,"the news about sellas reviewing strategic options to fund clinical development programs does not directly indicate a positive or negative impact on merck's stock price, leading to uncertainty in market reaction.",1,2019-02-26,MRK,2019-02-26 15:49:00+00:00,22752.0,58933Y10,0.0044787339866161,8518983.0,-0.0014861917588859,-0.004828518256545,0.0083105694502592,0.0117749562487006,0.0044285962358117,0.0050359000451862,-0.0034292563796043,0.002397809876129,0.0040554772131145,-0.0071419584564864,-0.0115054445341229,0.0110209668055176,-0.003838598029688,-0.0010123285464942,-0.0080794766545295,0.0063678044825792,0.0134085165336728,0.0235953275114297,0.0044515961781144,-0.0104488851502537,0.0045549068599939,0.0091121708974242,0.0053921495564281,-0.0073652886785566,0.0009817380923777,0.0031107952818274,-0.0026970850303769,0.0036424973513931,0.0068838992156088,0.0054938630200922,0.0020754262804985,0.0271395482122898,0.0105993552133441,0.0144472876563668,-0.0079565532505512,0.0019117763731628,0.000729099032469,0.0042513054795563,0.0069216722622513,-0.0004112238530069,-0.0075976513326168,-0.0030067134648561,0.0041316845454275,-0.0300901941955089,0.0065351678058505,-0.0051430752500891,0.0015631223795935,-0.0005272296839393,-0.0010804797057062,0.0035714851692318,-0.0003605189267545,0.0132689699530601,-0.0159894432872533,0.0014765182277187,-0.00855219271034,0.0154013521969318,-0.0024646280799061,-0.020427219569683,-0.0018529203953221,0.0056390729732811,0.0002474831999279,-0.0123325856402516,-0.0121257528662681,-0.0076325070112943,-0.0051352209411561,0.0074240695685148,-0.0113307507708668,-0.0110134575515985,-0.0123519832268357,0.0301187969744205,-0.0469314008951187,-0.0205052979290485,-0.0098754838109016,-0.0107316747307777,0.0036889824550598,0.0137986056506633,0.0155186410993337,-0.0001325883204117,0.0017426927806809,0.0186486113816499,0.0215441305190324,0.0400561951100826,0.0037988070398569,-0.0240054856985807,0.0019574780017137,-0.0080282539129257,0.0251367595046758,-0.0037955644074827,0.0001270758075406,-0.0075340396724641,0.0101625435054302,-0.0119633320719003,0.0060362596996128,-0.0163441412150859,-0.0064999582245945,-0.0250601023435592,-0.0198792368173599,0.012818869203329,0.0035943360999226,0.0116716576740145,0.0019186687422916,-0.0040041017346084,-0.0017873023170977,0.0091240480542182,-0.0130452010780572,-0.0210539940744638,0.003239600919187,0.0020458209328353,0.0016792158130556,-0.012749332934618,0.0203738771378994,-0.0015124165220186,-0.0051812971942126,0.0183544158935546,0.0020324699580669,0.008804871700704,0.0078600756824016,0.0116584626957774,0.0186163950711488,0.0119299292564392,-0.0014861917588859,-0.004828518256545,0.0068120265915445,0.0068895824009387,0.0112707905426778,0.0119601776944491,0.0118900053629908,0.007141958376797,0.0060689303485874,0.0368937145247842,0.0074974983998317,0.0792158098999469,0.009741928570619,0.0731447628496893,2019-02-27,2019-02-28,2019-03-01,2019-03-04,2019-03-05,2019-03-06,2019-03-07,2019-03-08,2019-03-11,2019-03-12,22752.0,2019-02-26,252.0,0.4479%,0.0016,0.6706,-0.5032,-0.0323,0.9322%,1.1928%,38.9294%,0.002149,MRK,22752.0,2019-02-27,252.0,-0.1486%,0.0016,0.6661,-0.4961,-0.033,0.9302%,1.1863%,38.5127%,-0.001272,MRK,22752.0,2019-02-28,252.0,0.8311%,0.0017,0.6545,-0.5037,-0.0435,0.9247%,1.1760%,38.1752%,0.0102919999999999,MRK,22752.0,2019-03-01,252.0,0.4429%,0.0017,0.6508,-0.5093,-0.0489,0.9239%,1.1741%,38.0737%,0.000913,MRK,22752.0,2019-03-04,252.0,-0.3429%,0.0017,0.652,-0.5098,-0.05,0.9242%,1.1724%,37.8588%,-0.001982,MRK,22752.0,2019-03-05,252.0,0.4055%,0.0016,0.649,-0.5317,-0.0527,0.9212%,1.1706%,38.0711%,0.0033729999999999,MRK,22752.0,2019-03-06,252.0,-1.1505%,0.0016,0.6602,-0.5064,-0.0366,0.9235%,1.1736%,38.0774%,-0.012821,MRK,22752.0,2019-03-07,252.0,-0.3839%,0.0016,0.661,-0.5034,-0.0346,0.9234%,1.1739%,38.1265%,0.001009,MRK,22752.0,2019-03-08,252.0,-0.8079%,0.0016,0.6625,-0.509,-0.032,0.9243%,1.1755%,38.1762%,-0.006522,MRK,22752.0,2019-03-11,252.0,1.3409%,0.0016,0.6644,-0.5086,-0.0328,0.9245%,1.1776%,38.3643%,0.0051129999999999,MRK,22752.0,2019-03-12,252.0,0.4452%,0.0016,0.6705,-0.5098,-0.0263,0.9234%,1.1772%,38.4793%,0.00125,MRK,0.0008769999999999,0.0111689999999999,0.0120819999999999,0.0134729999999999,0.0015019999999999
18219,MARINUS PHARMACEUTICALS INC,"Marinus Pharma Reports CEO Christopher ""Cashman To Leave Co.; Scott Braunstein Named Executive Chair; Co. Has Retained Exec Search Firm To Identify Successor",6,uncertain,0.6,0.3,"leadership changes can lead to uncertainty about a company's direction, which may negatively impact investor confidence, but the appointment of a new executive chair could also be seen as a positive step towards stability.",1,2019-02-26,MRNS,2019-02-26 14:13:00+00:00,14815.0,56854Q20,-0.0434782207012176,2142220.0,-0.0858586207032203,-0.0327103585004806,-0.0524861402809619,0.1790633797645569,0.0174926947802305,-0.0189188998192548,0.0200572870671749,-0.0106951771304011,0.0674157366156578,-0.0209423881024122,0.0131578827276825,0.0494505017995834,-0.0207792017608881,0.0581395477056503,0.0318302735686302,-0.0227272510528564,0.0128534575924277,0.0,-0.0482233650982379,0.0476190745830535,-0.0159999839961528,-0.0372493155300617,0.0271002445369958,-0.0791556611657142,0.0105540798977017,0.0355190895497798,0.0052219270728528,-0.0239999778568744,0.0103896623477339,0.0053619253449141,0.005141383036971,0.1234940066933632,0.051150906831026,0.0440251156687736,-0.0656934827566146,0.0460526682436466,-0.0052083283662796,-0.0440251901745796,0.0418848395347595,-0.0304877758026123,-0.0301507841795682,0.0512820817530155,0.0207254309207201,0.0097087286412715,0.060913648456335,0.0131147420033812,-0.0215310230851173,-0.0527950525283813,0.0293398238718509,-0.012269927188754,0.0570070706307888,-0.0355029925704002,-0.0202246475964784,0.0029674270190298,0.0550458170473575,0.021212100982666,-0.0239130724221468,-0.0651558116078376,0.0044544450938701,0.0056980000808835,0.0,-0.0112675949931144,-0.024390272796154,0.0471975952386856,-0.052272729575634,-0.0173912867903709,-0.0023981363046914,0.0615384764969348,-0.0120191620662808,0.0450161136686801,-0.0316301956772804,0.0264026150107383,-0.0402010269463062,0.0557491593062877,0.0523560345172882,-0.0496689043939113,0.0696517974138259,0.0785714387893676,0.0348836295306682,-0.0209790021181106,0.0269663743674755,0.1000000014901161,0.0678336843848228,0.0833332538604736,0.0655737072229385,-0.205297976732254,-0.0499999523162841,0.0237287897616624,-0.1599190235137939,-0.0694006383419036,0.1156626492738724,-0.0838150158524513,0.0064794239588081,-0.0441988557577133,0.0193133372813463,-0.0242588017135858,-0.0021053112577646,-0.1187648475170135,-0.0316454917192459,-0.1745097786188126,0.002178595168516,-0.0267175324261188,0.0021739627700299,0.0135395927354693,-0.0303688365966081,-0.0263653229922056,0.0313199870288372,0.1747787594795227,0.0390455164015293,-0.0813008323311805,-0.0292275305837392,0.0535331889986991,-0.0322580859065055,0.0108225522562861,-0.0355555228888988,0.1000000238418579,-0.0184331610798835,0.0194174572825431,0.0211266838014125,-0.030588261783123,-0.0858586207032203,-0.0327103585004806,-0.1338383733736232,0.1404957939176698,-0.1186868724087,0.1189188682482598,-0.040404057177986,0.0837696178655065,-0.0530303072183894,0.2321428573835666,0.1388889431880058,0.1794871561866069,0.0984848157736939,-0.0258823659040964,2019-02-27,2019-02-28,2019-03-01,2019-03-04,2019-03-05,2019-03-06,2019-03-07,2019-03-08,2019-03-11,2019-03-12,14815.0,2019-02-26,252.0,-4.3478%,-0.0007,1.622,1.9176,-0.3518,4.8516%,5.3085%,16.4708%,-0.030207,MRNS,14815.0,2019-02-27,252.0,-8.5859%,-0.001,1.6251,1.8854,-0.3515,4.8847%,5.3359%,16.1972%,-0.091484,MRNS,14815.0,2019-02-28,252.0,-5.2486%,-0.001,1.6064,1.871,-0.354,4.8825%,5.3236%,15.8839%,-0.048804,MRNS,14815.0,2019-03-01,252.0,1.7493%,-0.001,1.6149,1.8836,-0.3408,4.8817%,5.3243%,15.9335%,-0.001005,MRNS,14815.0,2019-03-04,252.0,2.0057%,-0.0007,1.5962,1.9113,-0.3281,4.8839%,5.3222%,15.7915%,0.037228,MRNS,14815.0,2019-03-05,252.0,6.7416%,0.0001,1.6152,2.1081,-0.3426,4.8267%,5.2980%,16.9994%,0.075177,MRNS,14815.0,2019-03-06,252.0,1.3158%,-0.0004,1.5042,2.0751,-0.4725,4.7218%,5.1834%,17.0188%,0.053335,MRNS,14815.0,2019-03-07,252.0,-2.0779%,0.0002,1.5461,2.2663,-0.3624,4.6171%,5.1120%,18.4256%,-0.008642,MRNS,14815.0,2019-03-08,252.0,3.1830%,0.0009,1.533,2.4072,-0.3907,4.5515%,5.0712%,19.4461%,0.033392,MRNS,14815.0,2019-03-11,252.0,1.2853%,0.0008,1.5224,2.3826,-0.3993,4.5523%,5.0700%,19.3774%,-0.020776,MRNS,14815.0,2019-03-12,252.0,-4.8223%,0.0004,1.4706,2.4146,-0.4455,4.5477%,5.0576%,19.1491%,-0.045768,MRNS,-0.121691,-0.170495,-0.1715,-0.059095,-0.047554
18227,MARTEN TRANSPORT LTD,Marten Transport Raises Quarterly Dividend From $0.025 to $0.03/Share,6,increase,0.8,0.6,"raising the quarterly dividend typically signals financial strength and can attract investors, likely leading to an increase in stock price.",2,2019-02-26,MRTN,2019-02-26 21:55:00+00:00,75517.0,57307510,-0.0379746817052364,186629.0,-0.007894717156887,0.0040671033784747,-0.0106101194396615,-0.0080685755237936,0.0026810264680534,0.0035424947272986,-0.026737967506051,0.0190820451825857,-0.018681326881051,0.0291931647807359,-0.0095184808596968,0.0042643882334232,0.0028264124412089,0.0016017451416701,0.0157835781574249,0.0069892019964754,0.0266370438039302,0.0108696073293685,-0.0167567282915115,-0.004329000134021,0.0131940497085452,-0.0159745011478662,-0.0168204102665185,-0.0084477216005325,-0.0099502652883529,-0.0094142416492104,-0.0005583600723184,-0.0067532029934227,-0.0458100400865078,0.001040065428242,-0.0105386599898338,-0.006201593670994,0.0100591760128736,-0.0217391457408666,-0.0269478093832731,0.0025342698208987,0.0186634231358766,0.0035605134908109,0.024231668561697,-0.0085728736594319,0.0057703624479472,-0.0158808790147304,0.0137693500146269,0.0024875241797417,0.0090548861771821,0.0131048504263162,0.0050476808100938,0.0232078786939382,-0.0128347957506775,0.0281017366796731,0.009044649079442,0.062535248696804,0.01344536524266,0.0142857143655419,0.009397461079061,-0.0124153112992644,0.0043811569921672,0.0005646657082252,-0.0169029142707586,0.0219272449612617,-0.0038825068622827,-0.0080137029290199,0.015590239316225,0.0151075096800923,0.0032894443720579,0.0405077449977397,-0.0060108583420515,0.0165949873626232,0.0043980167247354,0.0219849478453397,0.0930486470460891,-0.0274893548339605,0.0235353652387857,0.0111179929226636,-0.0039138905704021,-0.0043050241656601,0.0142435654997825,-0.0079316142946481,0.0217918045818805,0.006756676826626,-0.0345971323549747,0.0449294447898864,0.0142365731298923,-0.0207416675984859,-0.0169409681111574,-0.003757070749998,-0.0260954592376947,-0.0262194741517305,-0.0176946595311164,-0.0208955444395542,0.0159546807408332,0.0108630238100886,0.0187437105923891,-0.0104353465139865,0.0079562328755855,-0.0152671886608004,-0.0187469683587551,-0.0394810400903224,-0.0261437185108661,0.0016948461998254,0.0103251859545707,0.0137458015233278,0.0086867697536945,-0.0028555763419717,-0.0415400043129921,-0.0283018983900547,0.0190275162458419,0.0117911845445632,0.005705326795578,-0.0665618702769279,-0.0005157415871508,-0.0205338615924119,-0.0061918958090245,0.0077599389478564,0.0083073647692799,-0.017784571275115,0.0056642950512468,0.0385223999619483,-0.0230415128171443,-0.0306904595345258,-0.007894717156887,0.0040671033784747,-0.0184210727045716,-0.0040342878760912,-0.015789433620009,-0.0005060845923221,-0.0599999691955243,0.0483014773982548,-0.0426315531862422,0.068722970437234,-0.0494788894752926,0.1396422445953296,0.0058758766201256,0.0117544022078419,2019-02-27,2019-02-28,2019-03-01,2019-03-04,2019-03-05,2019-03-06,2019-03-07,2019-03-08,2019-03-11,2019-03-12,75517.0,2019-02-26,252.0,-3.7975%,-0.0004,1.0872,1.2945,0.7334,1.5917%,1.9992%,36.6130%,-0.025838,MRTN,75517.0,2019-02-27,252.0,-0.7895%,-0.0005,1.0871,1.2918,0.7333,1.5929%,1.9995%,36.5313%,-0.010553,MRTN,75517.0,2019-02-28,252.0,-1.0610%,-0.0005,1.0933,1.2959,0.7391,1.5921%,2.0001%,36.6368%,-0.005765,MRTN,75517.0,2019-03-01,252.0,0.2681%,-0.0005,1.0881,1.2881,0.7336,1.5920%,1.9932%,36.2098%,-0.006083,MRTN,75517.0,2019-03-04,252.0,-2.6738%,-0.0006,1.0896,1.2998,0.7294,1.5961%,2.0001%,36.3181%,-0.018878,MRTN,75517.0,2019-03-05,252.0,-1.8681%,-0.0006,1.0934,1.3231,0.7361,1.5963%,2.0024%,36.4482%,-0.011139,MRTN,75517.0,2019-03-06,252.0,-0.9518%,-0.0005,1.0919,1.2846,0.7292,1.5984%,2.0032%,36.3335%,0.015954,MRTN,75517.0,2019-03-07,252.0,0.2826%,-0.0004,1.088,1.2959,0.7272,1.5992%,2.0033%,36.2770%,0.014996,MRTN,75517.0,2019-03-08,252.0,1.5784%,-0.0003,1.0852,1.2991,0.7226,1.6036%,2.0057%,36.0772%,0.018675,MRTN,75517.0,2019-03-11,252.0,2.6637%,-0.0003,1.0898,1.3166,0.7303,1.6022%,2.0121%,36.5890%,0.009458,MRTN,75517.0,2019-03-12,252.0,-1.6757%,-0.0005,1.0701,1.3275,0.7122,1.5991%,1.9994%,36.0391%,-0.0153,MRTN,-0.036391,-0.042156,-0.048239,-0.0782559999999999,-0.034473
18235,MATADOR RESOURCES CO,"Matador Sees FY19 Total Oil Production 12.9M-13.3M Barrels, Nat-Gas Production 55-57 Bcf, Adj. EBITDA $520M-$550M",6,increase,0.75,0.6,"the projected increase in oil and natural gas production, along with a strong adjusted ebitda forecast, suggests positive financial performance, likely leading to an increase in stock price.",2,2019-02-26,MTDR,2019-02-26 23:07:00+00:00,13244.0,57648520,-0.0498674027621746,4242736.0,0.0603015050292015,0.0080213695764541,-0.0205370932817459,0.0354375019669532,-0.0306451451033353,-0.0464625693857669,-0.0022185754496604,0.0128342118114233,0.0183435194194316,-0.0315897837281227,-0.0463974028825759,0.0598243810236454,-0.0165998302400112,0.0195858124643564,-0.0279394369572401,0.0130386315286159,0.0281436704099178,0.013210772536695,0.059405967593193,0.0086905919015407,0.0225398484617471,-0.0159635506570339,-0.0037634244654327,-0.0564819388091564,0.0086346380412578,-0.0148384030908346,0.0235419273376464,-0.0362614430487155,-0.0036591582465916,-0.0040691723115742,0.0309548880904912,0.0082051204517483,0.0178117249161005,-0.018126918002963,-0.0545000061392784,0.0322245769202709,-0.0037017290014773,0.0185283422470092,0.0355626381933689,-0.0207362100481987,0.0056381653994321,0.0304488055408,0.0035677722189575,0.01079907361418,-0.0182834230363369,-0.0154172787442803,0.0139679489657282,-0.0557229220867157,-0.0071429233066737,0.0262751281261444,-0.0765673071146011,-0.0051255961880087,0.0283806473016738,0.0041173403151333,0.0573593825101852,0.0253297910094261,0.0204708091914653,-0.0201654285192489,0.0005015159840695,-0.0222447179257869,0.0165413487702608,0.001012168941088,-0.0424063391983509,0.0455026775598526,0.0787847936153411,0.0350492559373378,-0.0062053012661635,0.0722254514694213,0.0110470484942197,0.0690521225333213,-0.005700662266463,-0.0087118474766612,-0.005255642812699,0.0347714088857173,0.0513928793370723,0.0025823088362813,-0.0041114734485745,-0.0214782152324914,-0.0275228675454855,-0.0037759861443191,-0.0221698675304651,0.125354140996933,-0.0487216711044311,-0.0433604568243026,0.0030426660086959,-0.0562659911811351,-0.0045500579290091,-0.0309788770973682,-0.0482478775084018,-0.0212250091135501,-0.01600849814713,-0.0172825325280427,0.0385032035410404,-0.0339666157960891,0.017232371494174,-0.0646202936768531,-0.0236139167100191,-0.0272394157946109,0.0331229828298091,0.0005241209873929,0.0142493993043899,-0.0309802237898111,-0.0005017676157876,-0.0751526653766632,-0.0296184811741113,-0.020699119195342,0.0351784937083721,-0.06974758207798,0.0304847881197929,-0.0406403839588165,0.0087293107062578,0.0684211179614067,-0.0384615026414394,-0.0231362860649824,0.0005000114324502,0.0268368069082498,0.0349824503064155,0.0360072478652,-0.0507001094520092,-0.0351802669465541,0.0603015050292015,0.0080213695764541,0.0385259941136411,0.0437431288435505,0.0067002143304428,-0.0047518587012603,0.0228922297238827,-0.0238218102198375,0.0156337606215197,0.0921205168660552,0.1139029035350849,-0.0470171998580283,0.0977107847380143,-0.1710641747883153,2019-02-27,2019-02-28,2019-03-01,2019-03-04,2019-03-05,2019-03-06,2019-03-07,2019-03-08,2019-03-11,2019-03-12,13244.0,2019-02-26,252.0,-4.9867%,-0.0015,1.9161,1.2364,1.1032,2.3736%,3.0600%,39.8329%,-0.035726,MTDR,13244.0,2019-02-27,252.0,6.0302%,-0.0013,1.92,1.2469,1.104,2.4022%,3.0842%,39.3383%,0.0574519999999999,MTDR,13244.0,2019-02-28,252.0,-2.0537%,-0.0013,1.9267,1.2512,1.1115,2.4025%,3.0846%,39.3351%,-0.012175,MTDR,13244.0,2019-03-01,252.0,-3.0645%,-0.0015,1.9202,1.2414,1.121,2.4172%,3.0858%,38.6406%,-0.0437899999999999,MTDR,13244.0,2019-03-04,252.0,-0.2219%,-0.0015,1.9247,1.2176,1.1219,2.4167%,3.0858%,38.6635%,0.00827,MTDR,13244.0,2019-03-05,252.0,1.8344%,-0.0014,1.918,1.1841,1.1061,2.4233%,3.0823%,38.1916%,0.027993,MTDR,13244.0,2019-03-06,252.0,-4.6397%,-0.0016,1.91,1.2258,1.1028,2.4193%,3.0825%,38.4023%,-0.015899,MTDR,13244.0,2019-03-07,252.0,-1.6600%,-0.0013,1.9269,1.3192,1.1517,2.3678%,3.0594%,40.1005%,0.0034699999999999,MTDR,13244.0,2019-03-08,252.0,-2.7939%,-0.0012,1.9281,1.3465,1.1522,2.3663%,3.0617%,40.2668%,-0.022492,MTDR,13244.0,2019-03-11,252.0,2.8144%,-0.0012,1.9289,1.3474,1.1523,2.3663%,3.0674%,40.4866%,0.00047,MTDR,13244.0,2019-03-12,252.0,5.9406%,-0.001,1.93,1.32,1.1421,2.3965%,3.0821%,39.5392%,0.059188,MTDR,0.0217259999999999,0.0095509999999999,-0.034239,0.002024,0.0267609999999999
18243,MATADOR RESOURCES CO,Matador Resources Q4 EPS $0.37 Beats $0.27 Estimate,6,increase,0.8,0.6,"beating earnings estimates typically signals strong performance, which can positively influence investor sentiment and drive the stock price up.",2,2019-02-26,MTDR,2019-02-26 21:30:00+00:00,13244.0,57648520,-0.0498674027621746,4242736.0,0.0603015050292015,0.0080213695764541,-0.0205370932817459,0.0354375019669532,-0.0306451451033353,-0.0464625693857669,-0.0022185754496604,0.0128342118114233,0.0183435194194316,-0.0315897837281227,-0.0463974028825759,0.0598243810236454,-0.0165998302400112,0.0195858124643564,-0.0279394369572401,0.0130386315286159,0.0281436704099178,0.013210772536695,0.059405967593193,0.0086905919015407,0.0225398484617471,-0.0159635506570339,-0.0037634244654327,-0.0564819388091564,0.0086346380412578,-0.0148384030908346,0.0235419273376464,-0.0362614430487155,-0.0036591582465916,-0.0040691723115742,0.0309548880904912,0.0082051204517483,0.0178117249161005,-0.018126918002963,-0.0545000061392784,0.0322245769202709,-0.0037017290014773,0.0185283422470092,0.0355626381933689,-0.0207362100481987,0.0056381653994321,0.0304488055408,0.0035677722189575,0.01079907361418,-0.0182834230363369,-0.0154172787442803,0.0139679489657282,-0.0557229220867157,-0.0071429233066737,0.0262751281261444,-0.0765673071146011,-0.0051255961880087,0.0283806473016738,0.0041173403151333,0.0573593825101852,0.0253297910094261,0.0204708091914653,-0.0201654285192489,0.0005015159840695,-0.0222447179257869,0.0165413487702608,0.001012168941088,-0.0424063391983509,0.0455026775598526,0.0787847936153411,0.0350492559373378,-0.0062053012661635,0.0722254514694213,0.0110470484942197,0.0690521225333213,-0.005700662266463,-0.0087118474766612,-0.005255642812699,0.0347714088857173,0.0513928793370723,0.0025823088362813,-0.0041114734485745,-0.0214782152324914,-0.0275228675454855,-0.0037759861443191,-0.0221698675304651,0.125354140996933,-0.0487216711044311,-0.0433604568243026,0.0030426660086959,-0.0562659911811351,-0.0045500579290091,-0.0309788770973682,-0.0482478775084018,-0.0212250091135501,-0.01600849814713,-0.0172825325280427,0.0385032035410404,-0.0339666157960891,0.017232371494174,-0.0646202936768531,-0.0236139167100191,-0.0272394157946109,0.0331229828298091,0.0005241209873929,0.0142493993043899,-0.0309802237898111,-0.0005017676157876,-0.0751526653766632,-0.0296184811741113,-0.020699119195342,0.0351784937083721,-0.06974758207798,0.0304847881197929,-0.0406403839588165,0.0087293107062578,0.0684211179614067,-0.0384615026414394,-0.0231362860649824,0.0005000114324502,0.0268368069082498,0.0349824503064155,0.0360072478652,-0.0507001094520092,-0.0351802669465541,0.0603015050292015,0.0080213695764541,0.0385259941136411,0.0437431288435505,0.0067002143304428,-0.0047518587012603,0.0228922297238827,-0.0238218102198375,0.0156337606215197,0.0921205168660552,0.1139029035350849,-0.0470171998580283,0.0977107847380143,-0.1710641747883153,2019-02-27,2019-02-28,2019-03-01,2019-03-04,2019-03-05,2019-03-06,2019-03-07,2019-03-08,2019-03-11,2019-03-12,13244.0,2019-02-26,252.0,-4.9867%,-0.0015,1.9161,1.2364,1.1032,2.3736%,3.0600%,39.8329%,-0.035726,MTDR,13244.0,2019-02-27,252.0,6.0302%,-0.0013,1.92,1.2469,1.104,2.4022%,3.0842%,39.3383%,0.0574519999999999,MTDR,13244.0,2019-02-28,252.0,-2.0537%,-0.0013,1.9267,1.2512,1.1115,2.4025%,3.0846%,39.3351%,-0.012175,MTDR,13244.0,2019-03-01,252.0,-3.0645%,-0.0015,1.9202,1.2414,1.121,2.4172%,3.0858%,38.6406%,-0.0437899999999999,MTDR,13244.0,2019-03-04,252.0,-0.2219%,-0.0015,1.9247,1.2176,1.1219,2.4167%,3.0858%,38.6635%,0.00827,MTDR,13244.0,2019-03-05,252.0,1.8344%,-0.0014,1.918,1.1841,1.1061,2.4233%,3.0823%,38.1916%,0.027993,MTDR,13244.0,2019-03-06,252.0,-4.6397%,-0.0016,1.91,1.2258,1.1028,2.4193%,3.0825%,38.4023%,-0.015899,MTDR,13244.0,2019-03-07,252.0,-1.6600%,-0.0013,1.9269,1.3192,1.1517,2.3678%,3.0594%,40.1005%,0.0034699999999999,MTDR,13244.0,2019-03-08,252.0,-2.7939%,-0.0012,1.9281,1.3465,1.1522,2.3663%,3.0617%,40.2668%,-0.022492,MTDR,13244.0,2019-03-11,252.0,2.8144%,-0.0012,1.9289,1.3474,1.1523,2.3663%,3.0674%,40.4866%,0.00047,MTDR,13244.0,2019-03-12,252.0,5.9406%,-0.001,1.93,1.32,1.1421,2.3965%,3.0821%,39.5392%,0.059188,MTDR,0.0217259999999999,0.0095509999999999,-0.034239,0.002024,0.0267609999999999
18251,MICROVISION INC WA,MicroVision Reports Regained Nasdaq Compliance,6,increase,0.7,0.6,"regaining compliance with nasdaq is generally viewed positively by investors, as it indicates the company is meeting listing requirements and may enhance investor confidence.",2,2019-02-26,MVIS,2019-02-26 22:37:00+00:00,83885.0,59496030,-0.0620154477655887,693316.0,-0.0661157369613647,0.1025641113519669,0.0088495491072535,-0.0084745688363909,0.0263157654553651,0.0260869320482015,0.0,0.0267856884747743,-0.0341880023479461,0.0275229085236787,-0.0442477464675903,0.0092592500150203,0.0740740001201629,0.0334929078817367,0.034482829272747,0.0245097801089286,0.0333333015441894,0.0222489368170499,-0.0725806728005409,0.0568795353174209,-0.2069565057754517,0.0151613065972924,0.1074561327695847,-0.0210526119917631,0.0396039225161075,-0.0003156794409733,-0.0190476011484861,-0.0271294489502906,-0.0097087286412715,0.0600108467042446,0.0294117368757724,0.0471591278910636,-0.0571428053081035,0.08628561347723,-0.0142424395307898,-0.0120731387287378,0.0166000686585903,0.024999976158142,0.0180425252765417,0.0253781173378229,-0.0198019612580537,-0.0173803828656673,-0.0166666619479656,0.0447368957102298,-0.0048279454931616,-0.0419765338301658,0.0229149349033832,-0.0141668245196342,0.0070636016316711,-0.0002484452561475,0.0220440421253442,0.0070060999132692,-0.0666666254401207,0.0126694412901997,0.0364495553076267,0.0524000339210033,-0.007905120961368,-0.0192232187837362,0.0419858656823635,0.0358981117606163,0.0588235929608345,0.0395719110965728,-0.0277778599411249,-0.0273934826254844,-0.0190476011484861,-0.1119085401296616,0.0,0.0356512814760208,0.1553398966789246,0.0479207970201969,-0.1344538480043411,0.0821428671479225,-0.0194174572825431,0.15913225710392,-0.0495049618184566,-0.0414285399019718,-0.0264583155512809,0.0499999485909938,0.1020757257938385,-0.0115320747718215,-0.0324271842837333,0.1470143049955368,0.0234798416495323,0.0001890315470518,0.0294117368757724,-0.1343258768320084,-0.0476190038025379,-0.0085969911888241,-0.0170999765396118,0.1853490173816681,-0.0177027434110641,0.012064634822309,0.0357327833771705,-0.0745543241500854,-0.0600000023841857,-0.0103368535637855,0.0530850999057292,-0.0369035229086875,-0.0605111494660377,0.0388730056583881,-0.0197849608957767,-0.0161403100937604,-0.0256691630929708,0.0,-0.0208286084234714,-0.1402714848518372,-0.0543866157531738,-0.1554140597581863,-0.0111867431551218,-0.0144381681457161,0.0084850126877427,0.0066987425088882,0.0102426083758473,-0.0351219661533832,-0.0503318607807159,0.0248718447983264,-0.0265633072704076,0.0812162384390831,-0.0441310927271843,-0.2025861740112305,-0.0661157369613647,0.1025641113519668,-0.057851282315113,0.0932203558937803,-0.0330579176364445,0.121739121031692,-0.0661157358186177,0.1834861674681727,-0.0495868279674536,0.3663806093828985,-0.1570248319262172,0.7474938405440437,-0.3949586832599446,0.3900861995013118,2019-02-27,2019-02-28,2019-03-01,2019-03-04,2019-03-05,2019-03-06,2019-03-07,2019-03-08,2019-03-11,2019-03-12,83885.0,2019-02-26,252.0,-6.2015%,0.0015,1.389,1.6502,0.845,4.5439%,4.8030%,10.4975%,-0.046761,MVIS,83885.0,2019-02-27,252.0,-6.6116%,0.0009,1.3629,1.6757,0.8404,4.5524%,4.8060%,10.2738%,-0.069587,MVIS,83885.0,2019-02-28,252.0,0.8850%,0.001,1.3566,1.6718,0.8326,4.5531%,4.8034%,10.1495%,0.0147409999999999,MVIS,83885.0,2019-03-01,252.0,2.6316%,0.0012,1.3474,1.6582,0.8119,4.5521%,4.7977%,9.9726%,0.01494,MVIS,83885.0,2019-03-04,252.0,0.0000%,0.0012,1.3455,1.6561,0.8143,4.5525%,4.7977%,9.9585%,0.010383,MVIS,83885.0,2019-03-05,252.0,-3.4188%,0.0011,1.3475,1.6544,0.8253,4.5550%,4.7978%,9.8636%,-0.024902,MVIS,83885.0,2019-03-06,252.0,-4.4248%,0.0012,1.373,1.6652,0.8556,4.5497%,4.8032%,10.2768%,-0.012503,MVIS,83885.0,2019-03-07,252.0,7.4074%,0.0017,1.3459,1.7058,0.8311,4.5701%,4.8194%,10.0777%,0.0892319999999999,MVIS,83885.0,2019-03-08,252.0,3.4483%,0.002,1.3382,1.751,0.8164,4.5686%,4.8202%,10.1677%,0.0379139999999999,MVIS,83885.0,2019-03-11,252.0,3.3333%,0.0019,1.3411,1.8038,0.8451,4.5569%,4.8154%,10.4512%,0.011246,MVIS,83885.0,2019-03-12,252.0,-7.2581%,0.0015,1.3149,1.8418,0.8309,4.5769%,4.8299%,10.2011%,-0.070297,MVIS,-0.116348,-0.101607,-0.086667,-0.101186,-0.045594
18259,MUELLER WATER PRODUCTS INC,"Goldman Sachs Downgrades Mueller Water Products to Neutral, Lowers Price Target to $11",6,decrease,0.8,0.6,"a downgrade from goldman sachs typically signals reduced confidence in the stock's performance, which is likely to lead to a decrease in its price.",0,2019-02-26,MWA,2019-02-26 11:46:00+00:00,91234.0,62475810,-0.0321100391447544,1025152.0,0.0018956875428557,0.0027598650194704,-0.0122989704832434,0.0009208314004354,0.0105364574119448,-0.010027403011918,-0.0047393543645739,0.0064220782369375,-0.0085714431479573,0.0073937084525823,-0.01344854850322,0.0140580711886286,-0.0165530741214752,0.0028195236809551,-0.0049505135975778,0.0260366890579462,0.036815907806158,0.0077745309099555,-0.0095969652757048,0.0048828311264514,0.0125969108194112,0.0138613255694508,-0.0153109906241297,-0.0240383893251419,0.0,-0.0114069236442446,0.0097182104364037,0.0615540482103824,-0.0009624859085306,0.0030364100821316,-0.0134875085204839,0.0,0.0087890774011611,0.0280957818031311,-0.0367860719561576,0.0,-0.0010050481650978,0.0223404299467802,0.003018177812919,-0.0198123604059219,-0.0020060639362782,0.0169671103358268,0.0,0.0085561415180563,0.0090452414005994,0.001070688245818,0.0288844592869281,-0.0400821603834629,-0.0048402897082269,0.0167188979685306,0.0058366167359054,-0.003125071292743,0.0048356084153056,0.014799190685153,0.011549555696547,-0.003161194268614,-0.0019029930699616,-0.0083594489842653,-0.0200190693140029,0.0020941889379173,0.0272374209016561,0.0105820512399077,0.009469642303884,0.0139485104009509,0.0121951326727867,0.0108459247276186,0.0009268052526749,0.0032644926104694,0.0222222004085779,0.0165928788483142,-0.0018115493003278,-0.0131004247814416,-0.0027223853394389,0.0065933475270867,-0.0109190074726939,-0.0021929282229393,-0.0091995792463421,-0.0108460281044244,0.0074280332773923,0.0278706792742013,-0.0110599845647811,0.0357968173921108,0.0018639756599441,-0.0377777963876724,0.0037209265865385,-0.0163934007287025,-0.0055607431568205,0.0032894443720579,-0.0027958746068179,-0.0308182742446661,0.0,-0.001061595394276,0.0168224591761827,-0.0377936549484729,-0.0156250074505806,-0.0239281933754682,-0.1139122545719147,-0.0137660121545195,-0.038988396525383,0.0119402864947915,0.0087719010189175,-0.0029761639889329,0.0087431613355875,0.0059879701584577,-0.004333690740168,-0.0186091661453247,0.0184983760118484,0.0059113716706633,-0.0053417989984154,-0.051401887089014,-0.0032224152237176,0.0161443576216697,0.0075431736186146,0.0164092741906642,-0.0085561415180563,-0.0207939762622118,0.019417405128479,0.0047483565285801,-0.0148147502914071,-0.0168067514896392,0.0018956875428557,0.0027598650194704,-0.0104265979455228,0.0036832377902766,6.121747553322621e-11,-0.0063810985313532,-0.0132701743456321,0.0073937082426196,-0.0218009945037795,0.0644531117404789,-0.025592459131819,0.1470114946109648,-0.1127133091719085,0.02277870837456,2019-02-27,2019-02-28,2019-03-01,2019-03-04,2019-03-05,2019-03-06,2019-03-07,2019-03-08,2019-03-11,2019-03-12,91234.0,2019-02-26,252.0,-3.2110%,-0.0001,1.1233,0.8167,0.5309,1.4111%,1.8285%,40.4492%,-0.023681,MWA,91234.0,2019-02-27,252.0,0.1896%,-0.0001,1.1186,0.8251,0.5301,1.4095%,1.8248%,40.3391%,-0.00013,MWA,91234.0,2019-02-28,252.0,-1.2299%,-0.0002,1.1215,0.8268,0.534,1.4102%,1.8246%,40.2649%,-0.007771,MWA,91234.0,2019-03-01,252.0,1.0536%,-0.0001,1.1134,0.8148,0.5205,1.4074%,1.8148%,39.8558%,0.00211,MWA,91234.0,2019-03-04,252.0,-0.4739%,-0.0001,1.1101,0.8239,0.5218,1.4069%,1.8135%,39.8169%,0.00219,MWA,91234.0,2019-03-05,252.0,-0.8571%,-0.0001,1.1114,0.8324,0.5238,1.4068%,1.8130%,39.7908%,-0.002968,MWA,91234.0,2019-03-06,252.0,-1.3449%,-0.0,1.1136,0.8157,0.524,1.4062%,1.8150%,39.9731%,0.006076,MWA,91234.0,2019-03-07,252.0,-1.6553%,-0.0,1.1163,0.8186,0.5284,1.4066%,1.8170%,40.0777%,-0.005211,MWA,91234.0,2019-03-08,252.0,-0.4951%,-0.0001,1.1172,0.8077,0.5305,1.4052%,1.8149%,40.0516%,-0.002096,MWA,91234.0,2019-03-11,252.0,3.6816%,-0.0,1.1275,0.8164,0.5302,1.4108%,1.8298%,40.5533%,0.019931,MWA,91234.0,2019-03-12,252.0,-0.9597%,-0.0001,1.1244,0.8215,0.5287,1.4121%,1.8258%,40.1838%,-0.009796,MWA,-0.023811,-0.031582,-0.0294719999999999,-0.03025,-0.0213459999999999
18267,MYRIAD GENETICS INC,UPDATE: Myriad Genetics Says Will Seek FDA Approval Of BRACAnalysis CDx As Companion Diagnostic For Olaparib In Patient Population,6,increase,0.75,0.6,"seeking fda approval for a companion diagnostic can enhance myriad genetics' market position and revenue potential, likely leading to a positive reaction in the stock price.",2,2019-02-26,MYGN,2019-02-26 18:12:00+00:00,82508.0,62855J10,-0.0424661934375762,905093.0,0.0144546199589967,-0.0191298648715019,0.004857562482357,0.0223974473774433,-0.0061231236904859,-0.0087554343044757,-0.0132944174110889,0.0158831011503934,-0.0262898821383714,0.00063574250089,-0.0388120040297508,0.0177935697138309,0.0143960621207952,0.0241881888359785,0.009691959246993,-0.0111402403563261,0.0274254102259874,0.0434188172221183,0.0640640705823898,-0.0047635044902563,0.0194417983293533,0.0447920449078083,0.0501384548842907,-0.0174641981720924,-0.0143526028841733,0.0272694043815136,0.0077265473082661,0.0057741524651646,-0.0153347235172987,0.0289639346301555,-0.0104821352288126,-0.04469670727849,0.0145278312265873,-0.0245674420148134,-0.0125298919156193,0.0478607565164566,0.0018127304501831,0.0069368579424917,0.0319662652909755,-0.0111913848668336,0.0128579372540116,-0.0078796315938234,0.0011540944688022,-0.0169013924896717,-0.0432276651263237,-0.0169608779251575,-0.003012116998434,-0.0262892041355371,-0.0090634217485785,0.0366876050829887,-0.0329268276691436,0.0141743989661335,0.0138713913038373,-0.038173172622919,0.0208333954215049,0.0145228244364261,-0.0003046645142603,-0.0442828871309757,-0.00365627463907,-0.0133681073784828,0.0192660875618457,0.0059035848826169,0.0069006760604679,0.0531951300799846,-0.0256257615983486,0.0346676632761955,0.0168195478618145,-0.1066411286592484,-0.0075187971815466,0.0693068876862526,-0.0287879016250371,0.0100000314414501,0.0,-0.0024079703725874,-0.004056136123836,0.0164335425943136,0.0166040323674678,0.0042135128751397,-0.0123267034068703,-0.0045439028181135,-0.0143525460734963,0.050679437816143,0.0050648893229663,-0.0065669575706124,0.0028346504550427,-0.0429469123482704,-0.0113065522164106,-0.0151306921616196,0.0139771457761526,-0.0142372911795973,0.0394736900925636,-0.0499194599688053,0.034960813820362,-0.0032102852128446,0.0192195642739534,-0.0032000122591853,-0.0191428046673536,-0.0015974197303876,-0.2135159224271774,0.0165637638419866,0.0255555752664804,-0.0131410202011466,0.0126399556174874,-0.0098381293937563,-0.0427960306406021,-0.019296633079648,-0.0096870427951216,0.0170940458774566,-0.0011286940425634,-0.030684258788824,-0.0052730469033122,0.0108560314401984,-0.0155244171619415,0.0059283133596181,-0.0307692009955644,0.0194019936025142,0.0222222004085779,0.011583031155169,-0.0368789099156856,0.0016113192541524,0.0144546199589967,-0.0191298648715019,0.0193823966609634,0.0028391223641444,0.0131405921583043,-0.005941169689673,-0.0266097671097251,0.0104895702795162,0.0476346554312625,0.0816604821998558,0.0742444236954076,0.0365177966165366,-0.1849540424270134,0.0244924367580379,2019-02-27,2019-02-28,2019-03-01,2019-03-04,2019-03-05,2019-03-06,2019-03-07,2019-03-08,2019-03-11,2019-03-12,82508.0,2019-02-26,252.0,-4.2466%,-0.0001,0.753,0.7638,0.1081,2.9125%,3.0427%,8.3763%,-0.036509,MYGN,82508.0,2019-02-27,252.0,1.4455%,-0.0,0.7526,0.7682,0.1081,2.9135%,3.0438%,8.3778%,0.012355,MYGN,82508.0,2019-02-28,252.0,0.4858%,0.0,0.7487,0.7658,0.1036,2.9138%,3.0424%,8.2783%,0.007207,MYGN,82508.0,2019-03-01,252.0,-0.6123%,-0.0,0.7454,0.7609,0.1047,2.9150%,3.0416%,8.1537%,-0.01341,MYGN,82508.0,2019-03-04,252.0,-1.3294%,-0.0,0.7378,0.7922,0.1052,2.9131%,3.0404%,8.1989%,-0.006873,MYGN,82508.0,2019-03-05,252.0,-2.6290%,-0.0002,0.7361,0.7644,0.1123,2.9125%,3.0357%,7.9492%,-0.022417,MYGN,82508.0,2019-03-06,252.0,-3.8812%,-0.0003,0.7461,0.8111,0.1299,2.9160%,3.0454%,8.3187%,-0.023132,MYGN,82508.0,2019-03-07,252.0,1.4396%,-0.0,0.7457,0.8524,0.1412,2.9085%,3.0405%,8.4926%,0.021421,MYGN,82508.0,2019-03-08,252.0,0.9692%,-0.0,0.7452,0.8376,0.141,2.9081%,3.0385%,8.3988%,0.011056,MYGN,82508.0,2019-03-11,252.0,2.7425%,0.0001,0.7533,0.819,0.1261,2.9045%,3.0381%,8.6006%,0.01395,MYGN,82508.0,2019-03-12,252.0,6.4064%,0.0003,0.7481,0.7912,0.1086,2.9316%,3.0610%,8.2765%,0.064485,MYGN,-0.024154,-0.016947,-0.030357,-0.059647,0.028133
18275,MYRIAD GENETICS INC,Myriad Genetics Reports BRACAnalysis CDx Test Successfully Identified Patients With Metastatic Pancreatic Cancer Who Benefited From Treatment With Olaparib,6,increase,0.8,0.7,"the successful identification of patients who benefited from a treatment using myriad's test suggests potential for increased demand and positive market perception, likely leading to a rise in stock price.",2,2019-02-26,MYGN,2019-02-26 18:11:00+00:00,82508.0,62855J10,-0.0424661934375762,905093.0,0.0144546199589967,-0.0191298648715019,0.004857562482357,0.0223974473774433,-0.0061231236904859,-0.0087554343044757,-0.0132944174110889,0.0158831011503934,-0.0262898821383714,0.00063574250089,-0.0388120040297508,0.0177935697138309,0.0143960621207952,0.0241881888359785,0.009691959246993,-0.0111402403563261,0.0274254102259874,0.0434188172221183,0.0640640705823898,-0.0047635044902563,0.0194417983293533,0.0447920449078083,0.0501384548842907,-0.0174641981720924,-0.0143526028841733,0.0272694043815136,0.0077265473082661,0.0057741524651646,-0.0153347235172987,0.0289639346301555,-0.0104821352288126,-0.04469670727849,0.0145278312265873,-0.0245674420148134,-0.0125298919156193,0.0478607565164566,0.0018127304501831,0.0069368579424917,0.0319662652909755,-0.0111913848668336,0.0128579372540116,-0.0078796315938234,0.0011540944688022,-0.0169013924896717,-0.0432276651263237,-0.0169608779251575,-0.003012116998434,-0.0262892041355371,-0.0090634217485785,0.0366876050829887,-0.0329268276691436,0.0141743989661335,0.0138713913038373,-0.038173172622919,0.0208333954215049,0.0145228244364261,-0.0003046645142603,-0.0442828871309757,-0.00365627463907,-0.0133681073784828,0.0192660875618457,0.0059035848826169,0.0069006760604679,0.0531951300799846,-0.0256257615983486,0.0346676632761955,0.0168195478618145,-0.1066411286592484,-0.0075187971815466,0.0693068876862526,-0.0287879016250371,0.0100000314414501,0.0,-0.0024079703725874,-0.004056136123836,0.0164335425943136,0.0166040323674678,0.0042135128751397,-0.0123267034068703,-0.0045439028181135,-0.0143525460734963,0.050679437816143,0.0050648893229663,-0.0065669575706124,0.0028346504550427,-0.0429469123482704,-0.0113065522164106,-0.0151306921616196,0.0139771457761526,-0.0142372911795973,0.0394736900925636,-0.0499194599688053,0.034960813820362,-0.0032102852128446,0.0192195642739534,-0.0032000122591853,-0.0191428046673536,-0.0015974197303876,-0.2135159224271774,0.0165637638419866,0.0255555752664804,-0.0131410202011466,0.0126399556174874,-0.0098381293937563,-0.0427960306406021,-0.019296633079648,-0.0096870427951216,0.0170940458774566,-0.0011286940425634,-0.030684258788824,-0.0052730469033122,0.0108560314401984,-0.0155244171619415,0.0059283133596181,-0.0307692009955644,0.0194019936025142,0.0222222004085779,0.011583031155169,-0.0368789099156856,0.0016113192541524,0.0144546199589967,-0.0191298648715019,0.0193823966609634,0.0028391223641444,0.0131405921583043,-0.005941169689673,-0.0266097671097251,0.0104895702795162,0.0476346554312625,0.0816604821998558,0.0742444236954076,0.0365177966165366,-0.1849540424270134,0.0244924367580379,2019-02-27,2019-02-28,2019-03-01,2019-03-04,2019-03-05,2019-03-06,2019-03-07,2019-03-08,2019-03-11,2019-03-12,82508.0,2019-02-26,252.0,-4.2466%,-0.0001,0.753,0.7638,0.1081,2.9125%,3.0427%,8.3763%,-0.036509,MYGN,82508.0,2019-02-27,252.0,1.4455%,-0.0,0.7526,0.7682,0.1081,2.9135%,3.0438%,8.3778%,0.012355,MYGN,82508.0,2019-02-28,252.0,0.4858%,0.0,0.7487,0.7658,0.1036,2.9138%,3.0424%,8.2783%,0.007207,MYGN,82508.0,2019-03-01,252.0,-0.6123%,-0.0,0.7454,0.7609,0.1047,2.9150%,3.0416%,8.1537%,-0.01341,MYGN,82508.0,2019-03-04,252.0,-1.3294%,-0.0,0.7378,0.7922,0.1052,2.9131%,3.0404%,8.1989%,-0.006873,MYGN,82508.0,2019-03-05,252.0,-2.6290%,-0.0002,0.7361,0.7644,0.1123,2.9125%,3.0357%,7.9492%,-0.022417,MYGN,82508.0,2019-03-06,252.0,-3.8812%,-0.0003,0.7461,0.8111,0.1299,2.9160%,3.0454%,8.3187%,-0.023132,MYGN,82508.0,2019-03-07,252.0,1.4396%,-0.0,0.7457,0.8524,0.1412,2.9085%,3.0405%,8.4926%,0.021421,MYGN,82508.0,2019-03-08,252.0,0.9692%,-0.0,0.7452,0.8376,0.141,2.9081%,3.0385%,8.3988%,0.011056,MYGN,82508.0,2019-03-11,252.0,2.7425%,0.0001,0.7533,0.819,0.1261,2.9045%,3.0381%,8.6006%,0.01395,MYGN,82508.0,2019-03-12,252.0,6.4064%,0.0003,0.7481,0.7912,0.1086,2.9316%,3.0610%,8.2765%,0.064485,MYGN,-0.024154,-0.016947,-0.030357,-0.059647,0.028133
18283,NEWMONT CORP,"Newmont Mining, Goldcorp Have Received Merger Approval From Korean Gov't.",6,increase,0.8,0.6,"the approval of the merger by the korean government is likely to be viewed positively by investors, suggesting potential growth and synergies from the merger, which could lead to an increase in newmont corp's stock price.",2,2019-02-26,NEM,2019-02-26 17:14:00+00:00,21207.0,65163910,-0.0318558923900127,13698031.0,-0.0266094505786895,-0.0104166958481073,0.0029394025914371,0.0302174445241689,-0.0087924748659133,0.0005651443498209,0.0186280626803636,0.0249058976769447,0.0014513566857203,0.0388085767626762,-0.0353623367846012,0.0039263386279344,0.0024140565656125,-0.0036111625377088,0.0147500857710838,-0.0047918492928147,-0.0077127953991293,-0.0077266604639589,0.0319880321621894,-0.0056146164424717,-0.0031865760684013,0.0032612099312245,-0.0287707559764385,-0.0073572690598666,-0.0083781806752085,-0.0041031474247574,-0.0042244838550686,-0.0011709870304912,0.0084848115220665,0.0094562554731965,0.0177283715456724,-0.0079155806452035,0.0135814268141984,0.0118659604340791,0.004951883573085,0.0050685200840234,0.0115942470729351,0.0191431492567062,0.0189111698418855,-0.0075392038561403,0.0042181583121418,0.0304536838084459,-0.0039204536005854,-0.0006211322033777,0.0056227371096611,0.0031153361778706,-0.0044730179943144,0.0103870946913957,0.0061780740506947,0.0047438209876418,0.0033491188660264,0.0019011842086911,0.0147426640614867,0.0174080915749073,0.0005482581909745,-0.0239144191145896,0.0043835574761033,-0.0888761579990387,-0.0016366987256333,0.0017231870442628,-0.0090163396671414,0.0130928363651037,-0.0082712778821587,0.0088053783401846,0.0077842306345701,0.0029437288176268,-0.0022069469559937,-0.011925533413887,-0.0138235352933406,0.0,-0.017533790320158,-0.002900187857449,-0.0333528183400631,-0.0049062618054449,-0.0148305585607886,0.0052219405770301,-0.0055299634113907,-0.0148614011704921,-0.0052517200820147,0.0133218336850404,-0.0177019126713275,-0.0014460106613114,-0.0053746467456221,0.0313153304159641,-0.0222504418343305,-0.016427144408226,0.0097529012709856,0.0623247101902961,-0.0238248482346534,-0.0605971813201904,-0.0072559141553938,0.0163641534745693,0.0039866752922534,0.0090062813833355,-0.0092653473839163,-0.021445345133543,0.0260520633310079,-0.0011737357126548,-0.0169270373880863,0.0221956111490726,-0.0089404126629233,-0.0056665265001356,0.0073504615575075,0.0041928538121283,0.0252073053270578,0.022351486608386,-0.0025881566107273,-0.0292986389249563,-0.0045410115271806,0.0171583276242017,-0.004561788868159,0.0272109173238277,0.0121113210916519,0.0,0.0080853812396526,-0.0107065923511982,0.0054539646953344,0.0228410381823778,-0.0006381766870617,-0.0157068707048893,-0.0266094505786895,-0.0104166958481073,-0.0237482638752402,0.0194859827471463,-0.0323319327279214,0.0200621394900175,-0.0128755579596313,0.0860408163557524,-0.0081307719977002,0.0667848230939227,0.0516341762474934,0.0367604449288496,-0.0773137383122524,0.1165612187294948,2019-02-27,2019-02-28,2019-03-01,2019-03-04,2019-03-05,2019-03-06,2019-03-07,2019-03-08,2019-03-11,2019-03-12,21207.0,2019-02-26,252.0,-3.1856%,-0.0003,0.1456,0.5191,0.1724,1.7435%,1.7672%,2.6638%,-0.028188,NEM,21207.0,2019-02-27,252.0,-2.6609%,-0.0004,0.1372,0.5262,0.1709,1.7484%,1.7720%,2.6399%,-0.02762,NEM,21207.0,2019-02-28,252.0,0.2939%,-0.0003,0.1259,0.5186,0.1618,1.7443%,1.7666%,2.5115%,0.003587,NEM,21207.0,2019-03-01,252.0,-0.8792%,-0.0004,0.1226,0.5136,0.1614,1.7454%,1.7670%,2.4282%,-0.010646,NEM,21207.0,2019-03-04,252.0,1.8628%,-0.0003,0.1174,0.5121,0.167,1.7500%,1.7710%,2.3498%,0.0206009999999999,NEM,21207.0,2019-03-05,252.0,0.1451%,-0.0002,0.1191,0.5282,0.1669,1.7489%,1.7708%,2.4526%,0.003549,NEM,21207.0,2019-03-06,252.0,-3.5362%,-0.0004,0.1252,0.5895,0.1821,1.7562%,1.7836%,3.0498%,-0.027863,NEM,21207.0,2019-03-07,252.0,0.2414%,-0.0004,0.1205,0.5754,0.1718,1.7551%,1.7811%,2.8883%,0.004365,NEM,21207.0,2019-03-08,252.0,1.4750%,-0.0002,0.1164,0.6084,0.1635,1.7478%,1.7762%,3.1786%,0.014929,NEM,21207.0,2019-03-11,252.0,-0.7713%,-0.0003,0.1108,0.6057,0.1649,1.7490%,1.7768%,3.1110%,-0.010877,NEM,21207.0,2019-03-12,252.0,3.1988%,-0.0001,0.1131,0.5901,0.161,1.7618%,1.7884%,2.9491%,0.033449,NEM,-0.0558079999999999,-0.052221,-0.0628669999999999,-0.038717,-0.024714
18291,NETFLIX INC,Survey: Apple's Share Of Smartphone Market Remains At All-Time High,6,uncertain,0.6,0.2,"the news about apple's smartphone market share does not directly impact netflix's business model or performance, leading to uncertainty in its effect on netflix's stock price.",1,2019-02-26,NFLX,2019-02-26 21:58:00+00:00,89393.0,64110L10,0.002912801457569,4944593.0,-0.0057539143599569,0.0024516959674656,-0.0131451729685068,0.0169481690973043,-0.0021781590767204,-0.0081687159836292,-0.0175752788782119,-0.0055537400767207,0.0092866318300366,0.0141508625820279,0.0149872926995158,-0.0061269728466868,-0.0194932837039232,0.0207522492855787,-0.0085082240402698,-0.0227797105908393,0.0264873541891574,0.0411881804466247,-0.0072172894142568,-0.0052938871085643,0.0138658955693244,0.008296875283122,-0.0066166059114038,-0.0212385673075914,0.0073574050329625,-0.0101739559322595,0.0054778149351477,0.0127227222546935,-0.0128219341859221,0.0338090024888515,0.0458219572901725,0.0010309458011761,0.0070625068619847,-0.0034051653929054,-0.0446184799075126,0.0357555784285068,0.0144594358280301,-0.020139455795288,-0.0170931089669466,-0.0070699132047593,-0.0183348786085844,0.0348362997174263,0.0035090423189103,0.0145346857607364,0.0054990337230265,-0.0097490875050425,0.0291675850749015,-0.0411088243126869,0.0020710970275104,-0.0398935303092002,0.0055205011740326,0.0051224785856902,-0.0050574578344821,-0.0091642225161194,-0.0064967232756316,0.0651769414544105,-0.0111630596220493,-0.0137740867212414,0.0091308699920773,0.0398262552917003,-0.0021660444326698,0.0146893747150898,0.0102494517341256,-0.0009679257054813,-0.0449067838490009,0.0156338959932327,-0.0064647132530808,0.0597170032560825,0.0303551368415355,0.0972344875335693,-0.0131308110430836,0.0132257658988237,0.0158144440501928,0.0,0.0471485778689384,0.0452203117311,0.0120581397786736,0.002015080768615,-0.0200581401586532,0.0074703525751829,-0.0157657712697982,0.0846160128712654,0.0177015718072652,-0.0507731437683105,-0.0080566080287098,-0.0544553995132446,-0.0034692683257162,-0.0232035182416439,0.0223187487572431,-0.0153909111395478,0.0006599614862352,0.030974181368947,0.0157494880259037,-0.0151401907205581,-0.0165181551128625,-0.0332584343850612,-0.0216812044382095,0.0041472064331173,-0.0164390113204717,0.0360319502651691,-0.0044460166245698,-0.0162402838468551,-0.0047139669768512,0.0171984508633613,-0.0437070652842521,-0.0627120658755302,0.0010136580094695,0.0274217072874307,0.0271404329687356,-0.0515673495829105,0.0121693778783083,0.0145737351849675,-0.013525883667171,-0.0090735759586095,-0.0178869422525167,0.0215814840048551,0.0176955666393041,0.0600832179188728,0.0154120363295078,0.0198906492441892,-0.0057539143599569,0.0024516959674656,-0.0188234511289562,0.0194414168226018,-0.020960609734745,0.0111138894266293,-0.0292353157422251,0.0197270957452724,-0.0238376087731896,0.0470121005119872,-0.0007124140032804,0.1208956973755412,-0.0143573165601434,0.3919978997173126,2019-02-27,2019-02-28,2019-03-01,2019-03-04,2019-03-05,2019-03-06,2019-03-07,2019-03-08,2019-03-11,2019-03-12,89393.0,2019-02-26,252.0,0.2913%,0.0005,1.6559,0.146,-1.1857,1.9204%,2.8921%,55.9062%,0.002503,NFLX,89393.0,2019-02-27,252.0,-0.5754%,0.0005,1.6514,0.1512,-1.1865,1.9204%,2.8872%,55.7583%,-0.009045,NFLX,89393.0,2019-02-28,252.0,-1.3145%,0.0004,1.6585,0.1556,-1.1787,1.9210%,2.8875%,55.7382%,-0.011122,NFLX,89393.0,2019-03-01,252.0,-0.2178%,0.0002,1.6651,0.1654,-1.1594,1.9218%,2.8875%,55.7059%,-0.019375,NFLX,89393.0,2019-03-04,252.0,-1.7575%,0.0002,1.6723,0.1451,-1.1621,1.9198%,2.8898%,55.8674%,-0.003824,NFLX,89393.0,2019-03-05,252.0,0.9287%,0.0001,1.6667,0.1083,-1.1695,1.9175%,2.8815%,55.7187%,0.0097,NFLX,89393.0,2019-03-06,252.0,1.4987%,0.0001,1.6372,0.06,-1.2094,1.9165%,2.8686%,55.3652%,0.030731,NFLX,89393.0,2019-03-07,252.0,-1.9493%,-0.0,1.6352,0.0297,-1.2207,1.9096%,2.8645%,55.5577%,-0.010107,NFLX,89393.0,2019-03-08,252.0,-0.8508%,0.0,1.6349,0.0506,-1.2223,1.9064%,2.8639%,55.6901%,-0.0070909999999999,NFLX,89393.0,2019-03-11,252.0,2.6487%,0.0001,1.6334,0.027,-1.235,1.9009%,2.8672%,56.0448%,-0.0045,NFLX,89393.0,2019-03-12,252.0,-0.7217%,-0.0001,1.6142,0.0367,-1.253,1.8977%,2.8536%,55.7785%,-0.012303,NFLX,-0.0065419999999999,-0.017664,-0.037039,-0.031163,-0.034433
18299,NAUTILUS INC,"Nautilus shares are trading lower, despite the company's strong Q4 earnings, after Craig-Hallum downgraded the company's stock from Buy to Hold.",6,decrease,0.8,0.6,"the downgrade from buy to hold by craig-hallum likely signals a lack of confidence in the stock's future performance, contributing to the decline in share price despite strong earnings.",0,2019-02-26,NLS,2019-02-26 16:22:00+00:00,86889.0,63910B10,-0.237500011920929,2492573.0,0.0639344081282615,0.0037641418166458,0.0061633959412574,-0.0220858696848154,0.0137824919074773,0.0149439461529254,0.0045317537151277,-0.0074166152626276,-0.0375939831137657,-0.0073618981987237,-0.0421874970197677,0.0502576529979705,-0.0195758379995822,-0.0299999713897705,0.0016638521337881,0.0243277922272682,0.0265780482441186,0.0169270988553762,-0.0161812156438827,0.0350403971970081,-0.0246710684150457,0.0027026999741792,0.0084317354485392,-0.0133333206176757,0.0284281056374311,-0.0039840913377702,0.0113820638507604,-0.0118109816685318,-0.0225080177187919,-0.0026177985128015,-0.0131578827276825,0.0173102039843797,-0.0366666316986084,-0.0157273765653371,-0.0328719802200794,0.0079260161146521,0.0232557486742734,-0.0156046664342284,0.0139860846102237,0.0065445275977253,-0.0172414444386959,0.0013105834368616,-0.0052631110884249,0.0423497185111045,-0.0194003768265247,0.0670553967356681,0.0035971188917756,-0.022792000323534,0.0,-0.404580146074295,0.0161290597170591,0.0172562394291162,0.0282186679542064,0.0357462540268898,0.0154374195262789,0.0154264168813824,-0.0168918762356042,-0.0116591183468699,-0.01890036650002,0.0045044356957077,0.0087566003203392,-0.0176990982145071,-0.0277778338640928,0.0098302606493234,0.0017857551574707,0.0,0.0035650588106364,0.0072007132694125,0.0017761548515409,0.0146118588745594,-0.0124112935736775,-0.0214477013796567,-0.0233393367379903,0.0266055017709732,-0.0128676788881421,-0.0162455141544342,0.0316573716700077,0.0423330031335353,0.0306859351694583,0.0143130319193005,-0.0455341897904872,0.0155038619413971,-0.0073394426144659,0.0048684747889637,-0.016635799780488,-0.0311320666223764,0.0056390473619103,-0.0074906293302774,-0.0168223697692155,-0.0246574897319078,0.0266159437596797,-0.0099458051845431,-0.0148148005828261,-0.0186335425823926,-0.007518789730966,-0.0242424011230468,-0.1950757950544357,-0.0211864411830902,-0.023529389873147,-0.0174854323267936,0.0120481234043836,-0.004970958456397,-0.0261903963983058,0.0033250176347792,-0.0220049265772104,0.0016652375925332,-0.0224999785423278,-0.0283171068876981,-0.0767263919115066,-0.0403727069497108,-0.0332409664988517,-0.0023237592540681,-0.0114613072946667,-0.0285929348319768,-0.0608695745468139,-0.0089485375210642,-0.0216049179434776,-0.0066666780039668,-0.0220820717513561,-0.0109889833256602,0.0639344081282615,0.0037641418166458,0.0704918571410835,-0.0184048622138071,0.0852459024991509,-0.0037359573307567,0.0491803637833847,-0.0184048625145015,-0.003278683534714,0.0781671052671051,-0.0639344045611866,-0.2792792964103427,-0.4918032897368105,-0.4139193908664527,2019-02-27,2019-02-28,2019-03-01,2019-03-04,2019-03-05,2019-03-06,2019-03-07,2019-03-08,2019-03-11,2019-03-12,86889.0,2019-02-26,252.0,-23.7500%,-0.0019,0.4092,1.4758,0.5129,3.6427%,3.7330%,4.7762%,-0.228202,NLS,86889.0,2019-02-27,252.0,6.3934%,-0.0018,0.3972,1.5158,0.5111,3.6594%,3.7521%,4.8784%,0.061277,NLS,86889.0,2019-02-28,252.0,0.6163%,-0.0016,0.3826,1.5061,0.4981,3.6569%,3.7473%,4.7622%,0.008269,NLS,86889.0,2019-03-01,252.0,1.3782%,-0.0016,0.3931,1.5218,0.5097,3.6565%,3.7485%,4.8492%,0.008563,NLS,86889.0,2019-03-04,252.0,0.4532%,-0.0016,0.3914,1.5163,0.5126,3.6573%,3.7481%,4.7902%,0.010585,NLS,86889.0,2019-03-05,252.0,-3.7594%,-0.0018,0.3886,1.4753,0.5215,3.6556%,3.7407%,4.4966%,-0.031088,NLS,86889.0,2019-03-06,252.0,-4.2187%,-0.0019,0.393,1.5168,0.5321,3.6573%,3.7491%,4.8409%,-0.020633,NLS,86889.0,2019-03-07,252.0,-1.9576%,-0.0018,0.4068,1.5618,0.5632,3.6515%,3.7483%,5.0964%,-0.013625,NLS,86889.0,2019-03-08,252.0,0.1664%,-0.002,0.4095,1.5077,0.5703,3.6384%,3.7298%,4.8370%,0.002645,NLS,86889.0,2019-03-11,252.0,2.6578%,-0.0018,0.4209,1.4862,0.5522,3.6347%,3.7255%,4.8163%,0.017925,NLS,86889.0,2019-03-12,252.0,-1.6181%,-0.0019,0.4124,1.4929,0.5452,3.6349%,3.7255%,4.8064%,-0.01272,NLS,-0.166925,-0.158656,-0.150093,-0.170596,-0.1970039999999999
18307,NAUTILUS INC,Craig-Hallum Downgrades Nautilus to Hold,6,decrease,0.8,0.7,"a downgrade from an analyst typically signals reduced expectations for the company's performance, which can lead to a decline in stock price.",0,2019-02-26,NLS,2019-02-26 13:17:00+00:00,86889.0,63910B10,-0.237500011920929,2492573.0,0.0639344081282615,0.0037641418166458,0.0061633959412574,-0.0220858696848154,0.0137824919074773,0.0149439461529254,0.0045317537151277,-0.0074166152626276,-0.0375939831137657,-0.0073618981987237,-0.0421874970197677,0.0502576529979705,-0.0195758379995822,-0.0299999713897705,0.0016638521337881,0.0243277922272682,0.0265780482441186,0.0169270988553762,-0.0161812156438827,0.0350403971970081,-0.0246710684150457,0.0027026999741792,0.0084317354485392,-0.0133333206176757,0.0284281056374311,-0.0039840913377702,0.0113820638507604,-0.0118109816685318,-0.0225080177187919,-0.0026177985128015,-0.0131578827276825,0.0173102039843797,-0.0366666316986084,-0.0157273765653371,-0.0328719802200794,0.0079260161146521,0.0232557486742734,-0.0156046664342284,0.0139860846102237,0.0065445275977253,-0.0172414444386959,0.0013105834368616,-0.0052631110884249,0.0423497185111045,-0.0194003768265247,0.0670553967356681,0.0035971188917756,-0.022792000323534,0.0,-0.404580146074295,0.0161290597170591,0.0172562394291162,0.0282186679542064,0.0357462540268898,0.0154374195262789,0.0154264168813824,-0.0168918762356042,-0.0116591183468699,-0.01890036650002,0.0045044356957077,0.0087566003203392,-0.0176990982145071,-0.0277778338640928,0.0098302606493234,0.0017857551574707,0.0,0.0035650588106364,0.0072007132694125,0.0017761548515409,0.0146118588745594,-0.0124112935736775,-0.0214477013796567,-0.0233393367379903,0.0266055017709732,-0.0128676788881421,-0.0162455141544342,0.0316573716700077,0.0423330031335353,0.0306859351694583,0.0143130319193005,-0.0455341897904872,0.0155038619413971,-0.0073394426144659,0.0048684747889637,-0.016635799780488,-0.0311320666223764,0.0056390473619103,-0.0074906293302774,-0.0168223697692155,-0.0246574897319078,0.0266159437596797,-0.0099458051845431,-0.0148148005828261,-0.0186335425823926,-0.007518789730966,-0.0242424011230468,-0.1950757950544357,-0.0211864411830902,-0.023529389873147,-0.0174854323267936,0.0120481234043836,-0.004970958456397,-0.0261903963983058,0.0033250176347792,-0.0220049265772104,0.0016652375925332,-0.0224999785423278,-0.0283171068876981,-0.0767263919115066,-0.0403727069497108,-0.0332409664988517,-0.0023237592540681,-0.0114613072946667,-0.0285929348319768,-0.0608695745468139,-0.0089485375210642,-0.0216049179434776,-0.0066666780039668,-0.0220820717513561,-0.0109889833256602,0.0639344081282615,0.0037641418166458,0.0704918571410835,-0.0184048622138071,0.0852459024991509,-0.0037359573307567,0.0491803637833847,-0.0184048625145015,-0.003278683534714,0.0781671052671051,-0.0639344045611866,-0.2792792964103427,-0.4918032897368105,-0.4139193908664527,2019-02-27,2019-02-28,2019-03-01,2019-03-04,2019-03-05,2019-03-06,2019-03-07,2019-03-08,2019-03-11,2019-03-12,86889.0,2019-02-26,252.0,-23.7500%,-0.0019,0.4092,1.4758,0.5129,3.6427%,3.7330%,4.7762%,-0.228202,NLS,86889.0,2019-02-27,252.0,6.3934%,-0.0018,0.3972,1.5158,0.5111,3.6594%,3.7521%,4.8784%,0.061277,NLS,86889.0,2019-02-28,252.0,0.6163%,-0.0016,0.3826,1.5061,0.4981,3.6569%,3.7473%,4.7622%,0.008269,NLS,86889.0,2019-03-01,252.0,1.3782%,-0.0016,0.3931,1.5218,0.5097,3.6565%,3.7485%,4.8492%,0.008563,NLS,86889.0,2019-03-04,252.0,0.4532%,-0.0016,0.3914,1.5163,0.5126,3.6573%,3.7481%,4.7902%,0.010585,NLS,86889.0,2019-03-05,252.0,-3.7594%,-0.0018,0.3886,1.4753,0.5215,3.6556%,3.7407%,4.4966%,-0.031088,NLS,86889.0,2019-03-06,252.0,-4.2187%,-0.0019,0.393,1.5168,0.5321,3.6573%,3.7491%,4.8409%,-0.020633,NLS,86889.0,2019-03-07,252.0,-1.9576%,-0.0018,0.4068,1.5618,0.5632,3.6515%,3.7483%,5.0964%,-0.013625,NLS,86889.0,2019-03-08,252.0,0.1664%,-0.002,0.4095,1.5077,0.5703,3.6384%,3.7298%,4.8370%,0.002645,NLS,86889.0,2019-03-11,252.0,2.6578%,-0.0018,0.4209,1.4862,0.5522,3.6347%,3.7255%,4.8163%,0.017925,NLS,86889.0,2019-03-12,252.0,-1.6181%,-0.0019,0.4124,1.4929,0.5452,3.6349%,3.7255%,4.8064%,-0.01272,NLS,-0.166925,-0.158656,-0.150093,-0.170596,-0.1970039999999999
18315,NANOVIRICIDES INC,Nanoviricides shares are trading higher after the company announced an agreement with TheraCour to develop TheraCour's drugs to treat varicella zoster virus.,6,increase,0.8,0.6,"the announcement of a partnership to develop drugs for a significant virus suggests potential for future revenue and market interest, likely leading to an increase in stock price.",2,2019-02-26,NNVC,2019-02-26 14:15:00+00:00,14133.0,63008730,0.4028776586055756,3779517.0,-0.3143589198589325,0.0411984920501709,-0.0526053719222545,-0.0014959116233512,0.021315798163414,-0.0264562889933586,-0.111053854227066,-0.030588261783123,-0.115942008793354,0.0897436589002609,-0.0163934268057346,-0.0747331231832504,0.0009999672183766,-0.0299194734543561,-0.0342990681529045,0.0271867625415325,0.0006896668928675,0.107040099799633,0.0337698720395565,-0.0680488049983978,-0.0916666761040687,-0.0120481811463832,0.0084403455257415,-0.1299790441989899,-0.0356623604893684,0.0840909108519554,0.0373585075139999,0.2571428716182709,0.0003638290218077,0.1111110970377922,0.0799999460577964,0.0570469424128532,0.0101010808721184,0.0003357388195581,0.0166666507720947,0.009830524213612,0.0196720734238624,-0.0166667494922876,-0.0514469556510448,0.054111111909151,-0.0847456827759742,0.0424907989799976,0.0618518479168415,0.0003664954274427,-0.0582490377128124,-0.025357199832797,-0.0174074247479438,0.0765090137720108,0.0490010604262352,-0.0049732481129467,-0.0388069525361061,-0.0132124759256839,-0.0654206052422523,0.009142898954451,0.0348000526428222,-0.0757042989134788,-0.0208736062049865,0.0142857432365417,0.0702724158763885,0.0370370000600814,0.0881592407822609,-0.0663900300860405,-0.0220338180661201,-0.0027585646603256,-0.0339688621461391,0.1372548937797546,0.0014352593570947,-0.0562546923756599,0.0318881645798683,-0.0384340733289718,-0.0624999217689037,0.2477797120809555,0.0303703323006629,0.1259999722242355,-0.010783577337861,-0.0909090712666511,-0.0185320191085338,-0.0594270937144756,-0.0188819393515586,0.14656862616539,-0.0090565327554941,-0.2258064746856689,0.024371625855565,-0.1216666847467422,-0.0185873433947563,0.0,-0.0477272905409336,-0.0624999403953552,-0.0015911168884485,0.02960105240345,-0.0047808387316763,0.0025805926416069,0.0008006540592759,0.0333333015441894,0.0,-0.0624999403953552,0.0887999534606933,-0.0303030908107757,-0.0819984897971153,0.0,-0.001520707970485,0.0,0.0020039821974933,-0.1020407974720001,-0.0099999904632568,0.050000037997961,0.0505050010979175,-0.0277778338640928,-0.0319229885935783,-0.012345602735877,0.0011918559903278,-0.005457037128508,0.0317459776997566,-0.0121293850243091,-0.0384615026414394,0.0305554922670126,0.0,0.0492567829787731,0.0,-0.0362359397113323,-0.3143589198589325,0.0411984920501709,-0.3504273238849297,0.0396409511236972,-0.3365811638283922,0.0121359096714384,-0.4786324422320545,0.0692307944963865,-0.4871794430641667,0.0170731656827265,-0.5365811466461002,0.5444443676277742,-0.5726495517541268,0.1713482992214947,2019-02-27,2019-02-28,2019-03-01,2019-03-04,2019-03-05,2019-03-06,2019-03-07,2019-03-08,2019-03-11,2019-03-12,14133.0,2019-02-26,252.0,40.2878%,-0.0003,-0.4097,-1.2522,-1.2917,6.6751%,6.7260%,1.5069%,0.393935,NNVC,14133.0,2019-02-27,252.0,-31.4359%,-0.0015,-0.403,-1.356,-1.2914,6.9573%,7.0096%,1.4855%,-0.313261,NNVC,14133.0,2019-02-28,252.0,-5.2605%,-0.0015,-0.4123,-1.3643,-1.2853,6.9619%,7.0143%,1.4894%,-0.056912,NNVC,14133.0,2019-03-01,252.0,2.1316%,-0.0014,-0.4143,-1.3672,-1.2997,6.9632%,7.0157%,1.4919%,0.02301,NNVC,14133.0,2019-03-04,252.0,-11.1054%,-0.0019,-0.3961,-1.3268,-1.3274,6.9986%,7.0499%,1.4491%,-0.113698,NNVC,14133.0,2019-03-05,252.0,-11.5942%,-0.0024,-0.3795,-1.2773,-1.2706,7.0399%,7.0867%,1.3140%,-0.1240039999999999,NNVC,14133.0,2019-03-06,252.0,-1.6393%,-0.0025,-0.3671,-1.2088,-1.2473,7.0429%,7.0872%,1.2481%,-0.035257,NNVC,14133.0,2019-03-07,252.0,0.1000%,-0.0026,-0.3683,-1.2239,-1.2532,7.0424%,7.0873%,1.2616%,-0.007063,NNVC,14133.0,2019-03-08,252.0,-3.4299%,-0.0027,-0.3642,-1.2161,-1.247,7.0455%,7.0898%,1.2440%,-0.036718,NNVC,14133.0,2019-03-11,252.0,0.0690%,-0.0028,-0.3622,-1.1748,-1.2244,7.0408%,7.0828%,1.1836%,0.00392,NNVC,14133.0,2019-03-12,252.0,3.3770%,-0.0026,-0.3405,-1.1943,-1.2076,7.0424%,7.0840%,1.1701%,0.0303169999999999,NNVC,0.080674,0.023762,0.046772,-0.1909299999999999,-0.235731
18323,NANOVIRICIDES INC,NanoViricides Reports Deal On Terms Of License For Shingles Virus Drug Development,6,increase,0.7,0.6,"the announcement of a licensing deal for drug development typically signals progress and potential revenue, which can positively influence investor sentiment and stock price.",2,2019-02-26,NNVC,2019-02-26 12:23:00+00:00,14133.0,63008730,0.4028776586055756,3779517.0,-0.3143589198589325,0.0411984920501709,-0.0526053719222545,-0.0014959116233512,0.021315798163414,-0.0264562889933586,-0.111053854227066,-0.030588261783123,-0.115942008793354,0.0897436589002609,-0.0163934268057346,-0.0747331231832504,0.0009999672183766,-0.0299194734543561,-0.0342990681529045,0.0271867625415325,0.0006896668928675,0.107040099799633,0.0337698720395565,-0.0680488049983978,-0.0916666761040687,-0.0120481811463832,0.0084403455257415,-0.1299790441989899,-0.0356623604893684,0.0840909108519554,0.0373585075139999,0.2571428716182709,0.0003638290218077,0.1111110970377922,0.0799999460577964,0.0570469424128532,0.0101010808721184,0.0003357388195581,0.0166666507720947,0.009830524213612,0.0196720734238624,-0.0166667494922876,-0.0514469556510448,0.054111111909151,-0.0847456827759742,0.0424907989799976,0.0618518479168415,0.0003664954274427,-0.0582490377128124,-0.025357199832797,-0.0174074247479438,0.0765090137720108,0.0490010604262352,-0.0049732481129467,-0.0388069525361061,-0.0132124759256839,-0.0654206052422523,0.009142898954451,0.0348000526428222,-0.0757042989134788,-0.0208736062049865,0.0142857432365417,0.0702724158763885,0.0370370000600814,0.0881592407822609,-0.0663900300860405,-0.0220338180661201,-0.0027585646603256,-0.0339688621461391,0.1372548937797546,0.0014352593570947,-0.0562546923756599,0.0318881645798683,-0.0384340733289718,-0.0624999217689037,0.2477797120809555,0.0303703323006629,0.1259999722242355,-0.010783577337861,-0.0909090712666511,-0.0185320191085338,-0.0594270937144756,-0.0188819393515586,0.14656862616539,-0.0090565327554941,-0.2258064746856689,0.024371625855565,-0.1216666847467422,-0.0185873433947563,0.0,-0.0477272905409336,-0.0624999403953552,-0.0015911168884485,0.02960105240345,-0.0047808387316763,0.0025805926416069,0.0008006540592759,0.0333333015441894,0.0,-0.0624999403953552,0.0887999534606933,-0.0303030908107757,-0.0819984897971153,0.0,-0.001520707970485,0.0,0.0020039821974933,-0.1020407974720001,-0.0099999904632568,0.050000037997961,0.0505050010979175,-0.0277778338640928,-0.0319229885935783,-0.012345602735877,0.0011918559903278,-0.005457037128508,0.0317459776997566,-0.0121293850243091,-0.0384615026414394,0.0305554922670126,0.0,0.0492567829787731,0.0,-0.0362359397113323,-0.3143589198589325,0.0411984920501709,-0.3504273238849297,0.0396409511236972,-0.3365811638283922,0.0121359096714384,-0.4786324422320545,0.0692307944963865,-0.4871794430641667,0.0170731656827265,-0.5365811466461002,0.5444443676277742,-0.5726495517541268,0.1713482992214947,2019-02-27,2019-02-28,2019-03-01,2019-03-04,2019-03-05,2019-03-06,2019-03-07,2019-03-08,2019-03-11,2019-03-12,14133.0,2019-02-26,252.0,40.2878%,-0.0003,-0.4097,-1.2522,-1.2917,6.6751%,6.7260%,1.5069%,0.393935,NNVC,14133.0,2019-02-27,252.0,-31.4359%,-0.0015,-0.403,-1.356,-1.2914,6.9573%,7.0096%,1.4855%,-0.313261,NNVC,14133.0,2019-02-28,252.0,-5.2605%,-0.0015,-0.4123,-1.3643,-1.2853,6.9619%,7.0143%,1.4894%,-0.056912,NNVC,14133.0,2019-03-01,252.0,2.1316%,-0.0014,-0.4143,-1.3672,-1.2997,6.9632%,7.0157%,1.4919%,0.02301,NNVC,14133.0,2019-03-04,252.0,-11.1054%,-0.0019,-0.3961,-1.3268,-1.3274,6.9986%,7.0499%,1.4491%,-0.113698,NNVC,14133.0,2019-03-05,252.0,-11.5942%,-0.0024,-0.3795,-1.2773,-1.2706,7.0399%,7.0867%,1.3140%,-0.1240039999999999,NNVC,14133.0,2019-03-06,252.0,-1.6393%,-0.0025,-0.3671,-1.2088,-1.2473,7.0429%,7.0872%,1.2481%,-0.035257,NNVC,14133.0,2019-03-07,252.0,0.1000%,-0.0026,-0.3683,-1.2239,-1.2532,7.0424%,7.0873%,1.2616%,-0.007063,NNVC,14133.0,2019-03-08,252.0,-3.4299%,-0.0027,-0.3642,-1.2161,-1.247,7.0455%,7.0898%,1.2440%,-0.036718,NNVC,14133.0,2019-03-11,252.0,0.0690%,-0.0028,-0.3622,-1.1748,-1.2244,7.0408%,7.0828%,1.1836%,0.00392,NNVC,14133.0,2019-03-12,252.0,3.3770%,-0.0026,-0.3405,-1.1943,-1.2076,7.0424%,7.0840%,1.1701%,0.0303169999999999,NNVC,0.080674,0.023762,0.046772,-0.1909299999999999,-0.235731
18331,N V 5 GLOBAL INC,NV5 Wins $7M In Resident Engineering Inspection Services By New York City Dept. Of Design And Construction,6,increase,0.8,0.6,"winning a $7m contract for engineering inspection services is likely to positively impact nv5 global inc's revenue and investor sentiment, leading to an increase in stock price.",2,2019-02-26,NVEE,2019-02-26 13:18:00+00:00,14166.0,62945V10,-0.0118085388094186,40438.0,0.0050314655527472,0.0002486216835677,-0.0080100046470761,0.0159151460975408,0.0123643158003687,-0.0083917612209916,-0.0320289097726345,0.0224100407212972,-0.0068237259984016,0.0167967863380909,-0.0102411322295665,0.0093311443924903,0.0085788974538445,-0.0113046094775199,-0.3227711915969849,0.0058815442025661,0.112368106842041,0.0229977425187826,0.0131012266501784,0.0213027112185955,0.038795281201601,0.0117436600849032,-0.0470106303691864,-0.0091718789190053,0.0484702587127685,-0.0145689230412244,0.0240983814001083,0.0321637094020843,0.0072034085169434,-0.0031922741327434,-0.0351239517331123,0.0180868506431579,0.0161423087120056,0.0210647694766521,-0.0484681129455566,-0.0008650019299238,-0.0098807802423834,-0.0125266509130597,0.0116999363526701,-0.001988910138607,0.0127551024779677,-0.013593066483736,-0.0137699358165264,0.063645914196968,0.0107270739972591,-0.0208698250353336,0.0038746553473174,-0.0078193014487624,0.0060412921011447,0.0292101204395294,0.0270225014537572,0.0261507742106914,-0.009744981303811,-0.0155073590576648,0.015089358203113,0.0251581612974405,-0.0035547136794775,-0.0319736935198307,-0.0278903432190418,-0.0240595135837793,0.0108423307538032,-0.0091026909649372,0.0090759582817554,0.0472083948552608,0.0276369359344244,0.020694924518466,-0.0140038365498185,0.0423374287784099,-0.0253389235585928,0.0600682683289051,-0.0089418934658169,-0.0365011729300022,0.0263993628323078,0.0044591324403882,-0.0185576975345611,0.0396634191274642,0.0026538372039794,-0.0071598733775317,0.0294458027929067,-0.0052569336257874,-0.0138197112828493,0.0611841194331646,0.0172723047435283,0.0254659727215766,0.011532936245203,-0.019895140081644,0.0030086876358836,-0.0412692427635192,-0.0097884265705943,-0.0584490112960338,-0.0129145625978708,-0.0106606343761086,0.0379583649337291,-0.0239634308964014,0.0038904449902474,-0.0075105545111,-0.0124012250453233,-0.0079167699441313,0.0368858650326728,0.0021779618691653,0.1539510488510132,-0.0153186274692416,0.0030171286780387,0.0114657245576381,-0.0370128415524959,-0.0394404157996177,0.02268105186522,0.0001488856214564,0.0110224988311529,-0.085986390709877,0.0190464295446872,0.0014988501789048,-0.0068316417746245,0.015076020732522,-0.0051914537325501,0.0147368852049112,0.0367906019091606,0.0477941185235977,0.0099408691748976,-0.0159189365804195,0.0050314655527472,0.0002486216835677,-0.0030188411567879,0.0161677246315257,0.0093081487381672,0.0076402877259396,-0.0296855422847297,0.047525958822338,-0.2607546950166227,0.0985933800583109,-0.2459119221554215,0.1730824549694258,0.009559801325319,0.1642546783124916,2019-02-27,2019-02-28,2019-03-01,2019-03-04,2019-03-05,2019-03-06,2019-03-07,2019-03-08,2019-03-11,2019-03-12,14166.0,2019-02-26,252.0,-1.1809%,0.0026,1.4524,0.9326,0.3957,2.3111%,2.7745%,30.6141%,-0.002281,NVEE,14166.0,2019-02-27,252.0,0.5031%,0.0026,1.4482,0.9399,0.395,2.3104%,2.7715%,30.5105%,0.002327,NVEE,14166.0,2019-02-28,252.0,-0.8010%,0.0025,1.4543,0.9439,0.4006,2.3099%,2.7715%,30.5406%,-0.002821,NVEE,14166.0,2019-03-01,252.0,1.2364%,0.0025,1.459,0.951,0.4089,2.3093%,2.7710%,30.5479%,0.000669,NVEE,14166.0,2019-03-04,252.0,-3.2029%,0.0022,1.4831,0.8934,0.3976,2.2968%,2.7700%,31.2449%,-0.022323,NVEE,14166.0,2019-03-05,252.0,-0.6824%,0.0023,1.4894,0.9404,0.4031,2.2911%,2.7703%,31.6039%,-0.000669,NVEE,14166.0,2019-03-06,252.0,-1.0241%,0.0025,1.5037,0.9003,0.4138,2.2810%,2.7678%,32.0798%,0.013868,NVEE,14166.0,2019-03-07,252.0,0.8579%,0.0025,1.4893,0.8693,0.3858,2.2808%,2.7603%,31.7248%,0.022815,NVEE,14166.0,2019-03-08,252.0,-32.2771%,0.0012,1.5338,0.8532,0.4581,3.0505%,3.4360%,21.1815%,-0.319364,NVEE,14166.0,2019-03-11,252.0,11.2368%,0.0015,1.5783,0.9088,0.467,3.0974%,3.5049%,21.9033%,0.088735,NVEE,14166.0,2019-03-12,252.0,1.3101%,0.0008,1.4438,0.9327,0.3227,2.9288%,3.3063%,21.5330%,0.011984,NVEE,4.6000000000000034e-05,-0.002775,-0.002106,-0.025098,-0.2070599999999999
18339,NEWELL BRANDS INC,"Newell Brands To Sell Rexair To Rhone, No Terms Disclosed",6,uncertain,0.6,0.3,"the sale of rexair could be seen as a strategic move to streamline operations, but without disclosed terms, the impact on newell brands' financial health remains unclear.",1,2019-02-26,NWL,2019-02-26 13:31:00+00:00,60986.0,65122910,-0.0005836731870658,6955930.0,-0.0233645476400852,0.0041031474247574,-0.0157671459019184,-0.0133025702089071,-0.00369682488963,0.0081633413210511,-0.0037105421070009,0.00823041703552,-0.0068280948325991,-0.0087412362918257,-0.0193750262260437,-0.2088520377874374,-0.0121095972135663,0.0018476173281669,-0.0038709947839379,0.0041744043119251,0.0110103683546185,0.0093632424250245,-0.001281198230572,0.037396814674139,-0.0076972343958914,-0.0062740910798311,-0.0012928544310852,-0.0285982470959425,0.0071197808720171,-0.0018718256615102,0.0269922316074371,-0.0174712259322404,-0.0068835830315947,0.0220864340662956,-0.0075614294037222,0.0033004058059304,0.0031746153254061,0.0138622848317027,-0.0506329238414764,-0.0099384328350424,0.004666646476835,-0.0149184893816709,0.0132714509963989,0.0060976110398769,0.0039292378351092,0.0162059180438518,0.0071754506789147,0.032988678663969,-0.0064766472205519,-0.0087847877293825,0.0065188673324882,-0.0284495204687118,-0.0064766472205519,0.0173661652952432,-0.0013038107426837,0.0087591391056776,0.0163185372948646,-0.0115440916270017,0.0179833453148603,0.0241380147635936,-0.0056782430037856,-0.0049019795842468,-0.0298223514109849,-0.0072992518544197,0.0124263949692249,0.041561059653759,-0.0077519309706985,0.0015227806288748,0.0019531697034835,0.0102564496919512,-0.0136452261358499,0.0177453104406595,0.0,0.0487137027084827,-0.0013175532221794,-0.0209002885967493,-0.0006596457096748,0.0037654489278793,-0.0488448701798915,0.0114255165681242,-0.0166550856083631,-0.0010869813850149,0.0042342599481344,-0.0269698686897754,-0.0421644039452076,0.0534818395972251,0.0506235919892787,-0.0482502542436122,0.0069832671433687,-0.0584123842418193,-0.0027739224024116,-0.0181372035294771,-0.0020862123928964,-0.0471742302179336,0.0209058690816164,-0.0041860537603497,0.1351535618305206,-0.0262681134045124,-0.0390859693288803,-0.030728742480278,-0.0012515335110947,-0.0331069082021713,-0.0269423741847276,0.0064075021073222,-0.0109465597197413,0.0240594577044248,-0.0026041641831398,0.0079365214332938,-0.0078328913077712,-0.0126251205801963,0.0052631529979407,-0.0242141708731651,0.022905783727765,-0.0260653346776962,-0.0057581672444939,0.0329060032963752,-0.0051480000838637,-0.0168067067861557,-0.0090556498616933,0.0190839413553476,0.0130548803135752,0.0072618573904037,-0.0012886892072856,-0.0046768966130912,-0.0233645476400852,0.0041031474247574,-0.03876330131043,-0.0092540051908449,-0.0423168250629715,-0.0011662074727535,-0.0523852365496704,-0.0017482911262591,-0.0766678550970308,-0.168042792725917,-0.0944356443782263,-0.1664233756653582,-0.0819981981069098,-0.2646453807679146,2019-02-27,2019-02-28,2019-03-01,2019-03-04,2019-03-05,2019-03-06,2019-03-07,2019-03-08,2019-03-11,2019-03-12,60986.0,2019-02-26,252.0,-0.0584%,-0.0012,1.1863,0.5192,0.5651,2.6489%,2.8988%,16.4972%,0.006508,NWL,60986.0,2019-02-27,252.0,-2.3365%,-0.0014,1.1728,0.5362,0.5628,2.6466%,2.8914%,16.2157%,-0.024841,NWL,60986.0,2019-02-28,252.0,-1.5767%,-0.0014,1.1716,0.535,0.5642,2.6471%,2.8897%,16.0913%,-0.0109319999999999,NWL,60986.0,2019-03-01,252.0,-0.3697%,-0.0014,1.152,0.5057,0.5383,2.6415%,2.8753%,15.6026%,-0.0115179999999999,NWL,60986.0,2019-03-04,252.0,-0.3711%,-0.0015,1.1711,0.4389,0.5341,2.6282%,2.8679%,16.0170%,0.002113,NWL,60986.0,2019-03-05,252.0,-0.6828%,-0.0015,1.1726,0.4497,0.5354,2.6279%,2.8679%,16.0364%,-0.002285,NWL,60986.0,2019-03-06,252.0,-1.9375%,-0.0017,1.1491,0.4763,0.5125,2.6117%,2.8467%,15.8271%,-0.004163,NWL,60986.0,2019-03-07,252.0,-1.2110%,-0.0016,1.1519,0.4924,0.5208,2.6103%,2.8472%,15.9498%,-0.000753,NWL,60986.0,2019-03-08,252.0,-0.3871%,-0.0015,1.1501,0.5205,0.5164,2.6054%,2.8435%,16.0512%,-0.000788,NWL,60986.0,2019-03-11,252.0,1.1010%,-0.0016,1.1474,0.5363,0.5268,2.6027%,2.8421%,16.1388%,-0.005404,NWL,60986.0,2019-03-12,252.0,-0.1281%,-0.0015,1.1736,0.531,0.5547,2.5953%,2.8413%,16.5648%,-0.002317,NWL,-0.018333,-0.029265,-0.040783,-0.040955,-0.05438
18347,NEXSTAR MEDIA GROUP INC,"Nexstar Broadcasting Q4 EPS $3.53 Beats $3.39 Estimate, Sales $798.022M Beat $786.94M Estimate",6,increase,0.8,0.6,"the company's earnings per share and sales both exceeded estimates, which typically signals strong performance and can lead to a positive reaction in the stock price.",2,2019-02-26,NXST,2019-02-26 12:31:00+00:00,89916.0,65336K10,0.0438036061823368,1113969.0,0.0068536647595465,-0.010239677503705,0.0234580114483833,0.0105681056156754,0.039087276905775,0.0004404546925798,-0.0080748368054628,0.0214872732758522,0.0175716932862997,-0.0013481939677149,0.0069268201477825,0.0190040487796068,-0.0107547780498862,0.0054097748361527,0.008716938085854,0.0088248318061232,0.0098067978397011,0.0076050255447626,0.0129807544872164,0.0176211856305599,0.0126246018335223,0.0065915076993405,0.0055305245332419,-0.0073364060372114,-0.006339147221297,0.0032051790039986,0.000281512417132,0.010677857324481,-0.0090977419167757,-0.008564306423068,-0.0010411794064566,0.0071881930343806,0.0294675063341856,-0.0052437423728406,-0.0317533798515796,0.0063565173186361,0.0052281660027801,-0.0015567581867799,0.0190071128308773,-0.0013154820771887,0.0141053879633545,0.0061364714056253,0.0110724661499261,0.0168848298490047,-0.0191872138530015,0.0125124147161841,0.0073820743709802,-0.0327141508460044,-0.0045800129882991,0.0053005036897957,0.0147234611213207,0.0031420197337865,0.0174118597060442,-0.0003623916418291,0.0048132711090147,-0.0058844466693699,-0.0084272557869553,-0.0109277321025729,0.0031311367638409,0.0004753525136038,0.0255953166633844,0.0150784077122807,0.0018260789802297,-0.0021665899548679,0.0052078678272664,0.0332048013806343,0.008807566948235,0.0057536801323294,0.0096721500158309,0.01459383033216,-0.0010173172922804,-0.013890634290874,-0.0215545948594808,0.0161495972424745,-0.0130095398053526,0.0293193440884351,0.0144990673288703,0.0076497206464409,0.0021654395386576,0.00158524105791,0.0063094501383602,0.0541707202792167,0.0036073019728064,-0.0245857797563076,0.0068464106880128,-0.0498193129897117,-0.0050998595543205,-0.0776190087199211,-0.0146945854648947,-0.0009514965349808,-0.0358969867229461,0.0005950619233772,-0.0008094609947875,-0.0114117786288261,0.017011696472764,-0.0083994539454579,-0.0257544573396444,-0.0236902255564928,-0.0158975291997194,0.0029700952582061,0.0233545806258916,0.0372037850320339,0.0112308468669652,-0.0105510139837861,-0.0479175858199596,-0.0137587562203407,-0.0121354740113019,0.0139507008716464,0.0010475250892341,-0.0341938026249408,0.0248287729918956,0.068731851875782,-0.0118816150352358,0.0213817283511161,-0.0116486418992281,0.0187610872089862,0.0060830661095678,0.0012606969103217,-0.0181388594210147,0.0225602686405181,0.0068536647595465,-0.010239677503705,0.0304724495543227,0.0002202141186407,0.0707508115338249,0.0006607658055624,0.0807676510315569,0.0207841641747164,0.1108182463769253,0.0817954870055799,0.1823070552238515,0.0855616830453003,0.1003120291661792,0.1776462263216052,2019-02-27,2019-02-28,2019-03-01,2019-03-04,2019-03-05,2019-03-06,2019-03-07,2019-03-08,2019-03-11,2019-03-12,89916.0,2019-02-26,252.0,4.3804%,0.0011,1.0189,0.6186,0.036,1.6555%,2.0049%,31.8112%,0.049941,NXST,89916.0,2019-02-27,252.0,0.6854%,0.0011,1.0198,0.6181,0.0362,1.6557%,2.0048%,31.7959%,0.004704,NXST,89916.0,2019-02-28,252.0,2.3458%,0.0011,1.02,0.6191,0.0304,1.6622%,2.0094%,31.5770%,0.026486,NXST,89916.0,2019-03-01,252.0,3.9087%,0.0013,1.0165,0.614,0.0116,1.6690%,2.0144%,31.3516%,0.02998,NXST,89916.0,2019-03-04,252.0,-0.8075%,0.0014,1.006,0.6503,0.014,1.6628%,2.0071%,31.3654%,-0.0004689999999999,NXST,89916.0,2019-03-05,252.0,1.7572%,0.0013,0.9961,0.586,-0.0004,1.6569%,1.9906%,30.7187%,0.021242,NXST,89916.0,2019-03-06,252.0,0.6927%,0.0016,1.0054,0.5268,0.0021,1.6481%,1.9842%,31.0071%,0.022588,NXST,89916.0,2019-03-07,252.0,-1.0755%,0.0016,1.0076,0.5301,0.0059,1.6482%,1.9855%,31.0850%,-0.002224,NXST,89916.0,2019-03-08,252.0,0.8717%,0.0017,1.0049,0.5543,0.0003,1.6435%,1.9830%,31.3142%,0.010589,NXST,89916.0,2019-03-11,252.0,0.9807%,0.0017,1.0004,0.5477,-0.0011,1.6443%,1.9836%,31.2843%,-0.0072499999999999,NXST,89916.0,2019-03-12,252.0,1.2981%,0.0017,0.9997,0.5433,-0.0037,1.6456%,1.9818%,31.0568%,0.0119219999999999,NXST,0.054645,0.081131,0.111111,0.131884,0.167509
18355,NEW YORK MORTGAGE TRUST INC,New York Mortgage Trust Reports 15M Share Common Stock Offering,6,decrease,0.7,0.6,"the announcement of a common stock offering typically dilutes existing shareholders' equity, which can lead to a decrease in stock price.",0,2019-02-26,NYMT,2019-02-26 22:25:00+00:00,90214.0,64960484,0.0,2018085.0,-0.0259740017354488,0.0,0.0,-0.0144000239670276,-0.0016667047748342,-0.0047771031968295,-0.0016694077057763,-0.0031745999585837,-0.0033444783184677,-0.0015847467584535,-0.0067114029079675,0.0015872621443122,-0.0033783752005547,-0.0047392942942678,0.0067796544171869,-0.003149603260681,0.0084174601361155,0.0031595546752214,0.0,-0.0015773231862112,0.0,0.0031645537819713,0.0016694873338565,0.0,0.0033333301544189,-0.0047243675217032,0.0083056800067424,0.0063391383737325,-0.003294889582321,-0.0015823146095499,0.0049586333334445,0.0063694203272461,0.0131578827276825,0.0080257123336195,-0.0113635873422026,0.004838743712753,0.0131362760439515,-0.0016103427624329,0.0032414880115538,0.0016129402210935,0.0096930442377924,0.0016154687618836,0.0047999881207942,0.0032414880115538,0.0016447744565084,0.0164744481444358,0.0082101337611675,-0.0016446961089968,-0.0065146517008543,-0.0129870008677244,0.0016393818659707,0.0032573258504271,0.0032733192201703,0.0065573710016906,0.0016312808729708,-0.0129449721425771,-0.0016286241589114,0.0,-0.0032626395113766,0.0081565603613853,0.0,0.0049180672504007,-0.001636698609218,-0.003267970867455,0.0,-0.0097087286412715,0.0016393818659707,0.0114565780386328,0.0114565780386328,0.0200334507972002,0.0,-0.0016667047748342,0.0016181600512936,0.0186757445335388,0.0016154687618836,-0.0150501923635602,0.0096774874255061,0.0101351253688335,0.0047922893427312,0.0068027144297957,-0.007949155755341,0.0462633855640888,0.0112179769203066,-0.0327022485435009,-0.0063391383737325,0.0017240950837731,0.0047847223468124,-0.0268456116318702,-0.0095238760113716,-0.0050083026289939,0.0,0.0050335121341049,0.006410326808691,-0.016501635313034,0.003184710163623,0.0033112552482634,-0.0047619380056858,0.0097087603062391,-0.0047847223468124,-0.0080257123336195,-0.0336537770926952,0.0032206089235842,0.0066334926523268,0.0032310145907104,-0.0049423738382756,0.0016181600512936,0.0033112552482634,0.0131147420033812,0.0,-0.0161290168762207,0.0016502027865499,0.0,-0.003294889582321,-0.0016103427624329,0.0016528514679521,0.0130505580455064,0.0066006537526845,0.0049180672504007,0.0016393818659707,-0.001636698609218,-0.0259740017354488,0.0,-0.0259740017354488,-0.0144000239670276,-0.027597415517569,-0.0191083367633299,-0.0324675020325592,-0.023771805476369,-0.0275974154885212,-0.0283912139388747,0.0245109010895816,0.0048939205866076,0.0245109008500896,0.0415668108329805,2019-02-27,2019-02-28,2019-03-01,2019-03-04,2019-03-05,2019-03-06,2019-03-07,2019-03-08,2019-03-11,2019-03-12,90214.0,2019-02-26,252.0,0.0000%,0.0009,0.4484,0.142,0.2609,0.8927%,0.9933%,19.2172%,0.002399,NYMT,90214.0,2019-02-27,252.0,-2.5974%,0.0007,0.4453,0.1394,0.2604,0.9084%,1.0057%,18.4057%,-0.026434,NYMT,90214.0,2019-02-28,252.0,0.0000%,0.0008,0.4366,0.1334,0.2537,0.9029%,0.9964%,17.8978%,0.001904,NYMT,90214.0,2019-03-01,252.0,-0.1667%,0.0008,0.4247,0.1157,0.2376,0.8964%,0.9851%,17.2000%,-0.004272,NYMT,90214.0,2019-03-04,252.0,-0.1669%,0.0008,0.4279,0.1057,0.2366,0.8954%,0.9850%,17.3817%,-1.5e-05,NYMT,90214.0,2019-03-05,252.0,-0.3344%,0.0007,0.4247,0.0792,0.2353,0.8897%,0.9780%,17.2477%,-0.001811,NYMT,90214.0,2019-03-06,252.0,-0.6711%,0.0005,0.3938,0.1131,0.2049,0.8038%,0.8891%,18.2543%,-0.00233,NYMT,90214.0,2019-03-07,252.0,-0.3378%,0.0005,0.3928,0.1086,0.2024,0.8035%,0.8885%,18.2276%,0.000516,NYMT,90214.0,2019-03-08,252.0,0.6780%,0.0005,0.3914,0.115,0.1999,0.8040%,0.8888%,18.1590%,0.007844,NYMT,90214.0,2019-03-11,252.0,0.8417%,0.0006,0.3931,0.1077,0.1949,0.8021%,0.8884%,18.4769%,0.00312,NYMT,90214.0,2019-03-12,252.0,0.0000%,0.0006,0.3952,0.1078,0.1973,0.8020%,0.8880%,18.4215%,-0.000615,NYMT,-0.024035,-0.022131,-0.026403,-0.028229,-0.019694
18363,OWENS CORNING NEW,Zelman Downgrades Owens-Corning to Hold,6,decrease,0.8,0.6,"a downgrade to 'hold' typically signals reduced confidence in the stock's performance, which can lead to a decrease in its price.",0,2019-02-26,OC,2019-02-26 17:56:00+00:00,91531.0,69074210,0.0149495285004377,2502342.0,-0.0017914042109623,-0.0316901206970214,-0.0043868636712431,-0.0098780188709497,0.0044061932712793,-0.0186276286840438,0.0049850447103381,-0.0510461404919624,-0.0331349596381187,0.0137136587873101,-0.0162117984145879,0.0199552346020937,-0.013558592647314,-0.0068531716242432,-0.0008498176466673,-0.0158585291355848,0.0142462681978941,0.0345088057219982,-0.0006289851735346,0.019807668402791,-0.0079714134335517,0.0005772326258011,-0.0061323940753936,-0.0119771342724561,0.0155319049954414,-0.010161854326725,0.0020951663609594,0.0051068747416138,-0.0125444754958152,0.0177092999219894,-0.0192674119025468,-0.0083985235542058,0.0237478092312812,0.0170840825885534,-0.0240404773503541,0.0076290960423648,-0.000864241621457,0.0100770266726613,-0.0196799263358116,0.0476091727614402,0.0191925633698701,0.0191983077675104,0.0086579592898488,0.0257520545274019,0.0111588081344962,-0.0324539206922054,0.0354414694011211,-0.0227133333683013,0.0096330679953098,0.0120107270777225,0.0152253350242972,0.0418555028736591,0.0087982891127467,-0.0165500231087207,0.0057482835836708,0.007697254884988,-0.0013796512503176,0.0075399032793939,-0.0238799899816513,-0.0070588625967502,0.0287101101130247,0.0097192395478487,0.0108097335323691,0.0439684502780437,0.0169161763042211,-0.0022497703321278,0.0034416883718222,0.0146085228770971,0.0163872074335813,0.0145901124924421,0.0123734502121806,-0.017966816201806,0.0051851626485586,0.0047749360091984,0.0007369365775957,0.0068681142292916,0.0233799796551466,-0.0002288469113409,-0.056484967470169,0.0162827856838703,-0.0419447235763073,0.0434466227889061,0.0085572199895977,-0.0431955531239509,0.0230859946459531,-0.0027790395542979,-0.0111860753968358,-0.0204174574464559,-0.0013653149362653,0.0054744910448789,-0.0003906339406967,0.0209595151245594,0.0156310908496379,-0.00647854199633,0.0073105245828628,-0.0103044873103499,-0.0129870185628533,-0.0293399300426244,-0.0243808459490537,-0.021743856370449,-0.0039666197262704,-0.0332141704857349,0.0015929512446746,-0.0293817315250635,-0.0284294299781322,-0.0108981011435389,0.0092081185430288,0.0087540782988071,-0.0072992825880646,-0.0668693110346794,0.0059232213534414,0.0093959318473935,-0.0156345274299383,0.0108548430725932,-0.0028877761214971,-0.014705890789628,0.0277203172445297,0.0282797031104564,-0.0138888610526919,0.0027569790836423,-0.0017914042109623,-0.0316901206970214,-0.0061704092361519,-0.0412551039577033,-0.00179140398053,-0.0591142478839015,-0.0300557743911533,-0.0948984956553535,-0.0467197278248221,-0.0480769216850973,-0.0109242031767832,0.0588235309532214,-0.0203229684768175,-0.0203294589697091,2019-02-27,2019-02-28,2019-03-01,2019-03-04,2019-03-05,2019-03-06,2019-03-07,2019-03-08,2019-03-11,2019-03-12,91531.0,2019-02-26,252.0,1.4950%,-0.0018,1.0066,1.2049,0.7692,1.8139%,2.1279%,27.3353%,0.027033,OC,91531.0,2019-02-27,252.0,-0.1791%,-0.0018,1.0045,1.2079,0.7689,1.8137%,2.1270%,27.2936%,-0.004163,OC,91531.0,2019-02-28,252.0,-0.4387%,-0.0018,0.9992,1.2044,0.7645,1.8128%,2.1219%,27.0097%,0.000308,OC,91531.0,2019-03-01,252.0,0.4406%,-0.0017,0.9961,1.1997,0.7604,1.8126%,2.1172%,26.7038%,-0.003313,OC,91531.0,2019-03-04,252.0,0.4985%,-0.0016,0.981,1.2374,0.7671,1.8055%,2.1099%,26.7737%,0.011908,OC,91531.0,2019-03-05,252.0,-3.3135%,-0.0016,0.9864,1.2637,0.7799,1.8115%,2.1181%,26.8505%,-0.02588,OC,91531.0,2019-03-06,252.0,-1.6212%,-0.0016,0.9849,1.2427,0.7754,1.8122%,2.1200%,26.9252%,0.0075949999999999,OC,91531.0,2019-03-07,252.0,-1.3559%,-0.0016,0.9827,1.2305,0.7689,1.8111%,2.1161%,26.7527%,-0.002143,OC,91531.0,2019-03-08,252.0,-0.0850%,-0.0016,0.9826,1.2248,0.769,1.8109%,2.1147%,26.6688%,0.001914,OC,91531.0,2019-03-11,252.0,1.4246%,-0.0016,0.983,1.2236,0.7681,1.8109%,2.1168%,26.8134%,-0.0008939999999999,OC,91531.0,2019-03-12,252.0,-0.0629%,-0.0017,0.9752,1.2241,0.7594,1.8100%,2.1107%,26.4637%,0.000864,OC,0.02287,0.023178,0.019865,0.005893,0.013229
18371,OCWEN FINANCIAL CORP,Ocwen Financial Q4 Earnings Preview,6,uncertain,0.5,0.5,"the earnings preview does not provide specific information about expected performance, making it difficult to predict the stock price movement.",1,2019-02-26,OCN,2019-02-26 18:44:00+00:00,84007.0,67574660,-0.0052083283662796,1883743.0,0.1518325060606003,-0.0400000214576721,-0.0272727012634277,-0.0430621616542339,-0.0140187889337539,-0.0094786640256643,0.028436105698347,-0.1244814023375511,-0.0184331610798835,0.1930693536996841,-0.0046949428506195,0.0358974002301693,-0.023584883660078,-0.0346534326672554,-0.0096618272364139,0.0687830671668052,-0.0390243530273437,0.0327868536114692,0.0,0.0110497791320085,0.0050761373713612,0.0284090638160705,0.0050505003891885,0.005714280065149,0.0100502418354153,-0.0112994248047471,0.0,-0.0056179724633693,-0.0149253588169813,0.0056497124023735,-0.0151515007019043,0.0535714514553546,0.0,-0.0454545691609382,-0.051282063126564,0.0414200760424137,0.0054053999483585,0.0180723443627357,-0.0215053558349609,-0.0459770374000072,0.0,0.0057803411036729,-0.0109890652820467,-0.0170454382896423,0.0111111672595143,-0.0167597606778144,0.0109890000894665,-0.0376344360411167,0.0163043327629566,-0.0053475885652005,0.0481283590197563,-0.0053191436454653,0.015306107699871,-0.0208333134651184,0.0050251209177076,0.0322580337524414,0.0,0.0391061753034591,-0.0049999952316284,0.0346820466220378,0.0,0.0236686151474714,0.0,0.0180723443627357,0.0050251209177076,0.0374999642372131,0.0,0.0322581119835376,0.0099999904632568,0.1567163467407227,-0.0544554516673088,-0.0147058684378862,-0.0418847762048244,0.0149253588169813,-0.0218579676002264,0.0,0.0223464146256446,0.0,-0.0218579676002264,0.0468750484287738,-0.0391061082482338,0.0406503677368164,0.0,-0.0080645084381103,0.0290697384625673,-0.0461538024246692,-0.0451976992189884,-0.0076335808262228,0.0059171537868678,-0.0965517908334732,0.0411764308810234,-0.020270250737667,-0.0338982716202735,0.0496454276144504,0.0116958953440189,-0.0536913052201271,0.0924855321645736,-0.0569620430469512,-0.0211640018969774,-0.0813953354954719,-0.0054053999483585,0.0,0.0163043327629566,-0.0391061082482338,-0.0267379414290189,-0.0218579676002264,0.0164835005998611,-0.0317460000514984,-0.0162161998450756,-0.05970149487257,0.0,-0.0473933219909668,-0.0604395680129528,0.0047619002871215,-0.0409357026219368,-0.0140846045687794,0.0121951103210449,-0.0093023162335157,-0.0301204547286033,0.0,0.1518325060606002,-0.0400000214576721,0.1204189222173042,-0.0813396957217229,0.1047120058293558,-0.0900473680996912,0.1151833249150617,-0.0495049677639812,0.031413646476377,0.0607734847790493,0.0418848407640555,0.1098265459774636,-0.1570680355027156,-0.1069768050482511,2019-02-27,2019-02-28,2019-03-01,2019-03-04,2019-03-05,2019-03-06,2019-03-07,2019-03-08,2019-03-11,2019-03-12,84007.0,2019-02-26,252.0,-0.5208%,-0.0016,1.2229,0.9432,1.0158,3.1965%,3.4270%,12.9977%,0.006165,OCN,84007.0,2019-02-27,252.0,15.1833%,-0.001,1.2254,0.9832,1.0166,3.3361%,3.5603%,12.1963%,0.150059,OCN,84007.0,2019-02-28,252.0,-2.7273%,-0.0011,1.2266,0.9834,1.0223,3.3384%,3.5614%,12.1319%,-0.021229,OCN,84007.0,2019-03-01,252.0,-1.4019%,-0.0015,1.2846,1.0696,1.1215,3.2772%,3.5250%,13.5665%,-0.021703,OCN,84007.0,2019-03-04,252.0,2.8436%,-0.0013,1.2728,1.0761,1.132,3.2836%,3.5276%,13.3560%,0.034931,OCN,84007.0,2019-03-05,252.0,-1.8433%,-0.0014,1.2693,1.0433,1.1329,3.2812%,3.5211%,13.1651%,-0.010307,OCN,84007.0,2019-03-06,252.0,-0.4695%,-0.0014,1.2508,1.011,1.1076,3.2813%,3.5156%,12.8848%,0.018569,OCN,84007.0,2019-03-07,252.0,-2.3585%,-0.0018,1.2358,0.9216,1.0623,3.2463%,3.4733%,12.6426%,-0.009056,OCN,84007.0,2019-03-08,252.0,-0.9662%,-0.0017,1.2341,0.9581,1.0577,3.2397%,3.4687%,12.7672%,-0.0056879999999999,OCN,84007.0,2019-03-11,252.0,-3.9024%,-0.0021,1.2046,0.9812,1.0861,3.2413%,3.4636%,12.4262%,-0.055451,OCN,84007.0,2019-03-12,252.0,0.0000%,-0.002,1.2068,0.9796,1.0879,3.2413%,3.4615%,12.3203%,0.0005149999999999,OCN,0.156224,0.134995,0.113292,0.1379159999999999,0.0868049999999999
18379,O D P CORP,Q4 Earnings Preview For Office Depot,6,uncertain,0.5,0.5,the impact on o d p corp's stock price is uncertain as it depends on the actual earnings results compared to market expectations.,1,2019-02-26,ODP,2019-02-26 18:20:00+00:00,75573.0,88337F10,-0.0090909004211425,6642920.0,0.0948012098670005,-0.0149253597483038,-0.023742988705635,-0.0059347124770283,0.0259365737438201,0.0,-0.0196629036217927,0.0181268714368343,-0.0057306536473333,-0.0089820278808474,-0.0432276912033557,0.0030030002817511,0.0030120452865958,-0.0118694249540567,0.0,0.0698411986231803,0.0060060005635023,-0.0094339530915021,0.0029850718565285,0.029126264154911,0.0535714514553546,-0.0127796158194541,-0.0706214681267738,0.0129450494423508,0.0212765764445066,0.0131147420033812,0.0327381342649459,0.023489911109209,0.0115273660048842,0.0136054288595914,-0.0199430007487535,-0.0033898272085934,0.0406976342201232,0.0034013572148978,-0.0167597606778144,0.0034129659179598,0.0284090638160705,-0.0034013572148978,0.0,-0.0297029428184032,0.0248619206249713,0.0202020015567541,0.0026954151690006,0.0171232707798481,-0.024193525314331,0.0068965447135269,0.0247933641076088,-0.0301003064960241,-0.0295699276030063,-0.0099337650462985,0.0443213544785976,0.0066666603088378,-0.2360742390155792,0.0067114029079675,-0.0555555820465087,0.0101694818586111,-0.0514706261456012,0.0034013572148978,0.0,-0.0067567504011094,0.0465116761624813,0.0171821136027574,-0.0296296887099742,0.0355872400104999,-0.0343511141836643,0.0107913566753268,-0.0158102624118328,0.0296296011656522,0.0200803019106388,0.0588235668838024,-0.0039370041340589,-0.030418312177062,-0.0276679582893848,0.0193799193948507,-0.0406504645943641,0.0238095019012689,0.008474669419229,0.0370370000600814,0.03781508654356,-0.0240963622927665,-0.0080971578136086,0.0641026049852371,0.0040816287510097,0.1037736013531685,0.0121951103210449,-0.0901287719607353,-0.0361445434391498,-0.0862745195627212,-0.0041666626930236,-0.0229884851723909,0.0167363844811916,0.0116278966888785,0.0082304449751973,-0.0618182085454464,-0.0367347560822963,-0.0316901132464408,-0.0508474111557006,-0.0340136550366878,-0.0133928442373871,0.0,-0.0542986989021301,0.017301021143794,0.0334929078817367,-0.0170067865401506,-0.0509259849786758,-0.0576922558248043,0.0341463088989257,-0.006369496230036,0.0141510432586073,-0.0338461212813854,-0.0093023162335157,0.0061919447034597,-0.0328639298677444,-0.0182370655238628,0.0,0.0123076802119612,-0.0048543643206357,0.0156249850988388,-0.0146341323852539,0.0126582151278853,0.0948012098670005,-0.0149253597483038,0.0688073571062126,-0.0207714945066098,0.0965285579417354,-0.0207714945066098,0.0688073554612322,-0.0119760371499559,0.0349258152432598,0.0679611771988899,-0.2053248203332823,0.1148648334239283,-0.3778124465823885,0.0443037489706854,2019-02-27,2019-02-28,2019-03-01,2019-03-04,2019-03-05,2019-03-06,2019-03-07,2019-03-08,2019-03-11,2019-03-12,75573.0,2019-02-26,252.0,-0.9091%,0.0006,1.5132,1.4225,0.2113,2.9037%,3.3867%,26.4898%,0.003054,ODP,75573.0,2019-02-27,252.0,9.4801%,0.0011,1.5357,1.4091,0.2153,2.9444%,3.4300%,26.3131%,0.09089,ODP,75573.0,2019-02-28,252.0,-2.3743%,0.0011,1.5364,1.409,0.2205,2.9468%,3.4291%,26.1507%,-0.018826,ODP,75573.0,2019-03-01,252.0,2.5937%,0.0014,1.4955,1.3481,0.1523,2.9131%,3.3800%,25.7189%,0.01158,ODP,75573.0,2019-03-04,252.0,-1.9663%,0.0016,1.463,1.4639,0.159,2.8778%,3.3484%,26.1354%,-0.007178,ODP,75573.0,2019-03-05,252.0,-0.5731%,0.0016,1.46,1.4405,0.1569,2.8765%,3.3395%,25.8043%,0.001586,ODP,75573.0,2019-03-06,252.0,-4.3228%,0.0017,1.483,1.4559,0.185,2.8709%,3.3488%,26.5050%,-0.012966,ODP,75573.0,2019-03-07,252.0,0.3012%,0.0017,1.4753,1.4477,0.1724,2.8724%,3.3468%,26.3395%,0.016712,ODP,75573.0,2019-03-08,252.0,0.0000%,0.0018,1.4743,1.4622,0.17,2.8712%,3.3468%,26.4004%,0.002725,ODP,75573.0,2019-03-11,252.0,0.6006%,0.0018,1.4642,1.4157,0.1486,2.8637%,3.3365%,26.3341%,-0.0204309999999999,ODP,75573.0,2019-03-12,252.0,0.2985%,0.0018,1.4668,1.4145,0.1511,2.8636%,3.3344%,26.2430%,0.003317,ODP,0.093944,0.075118,0.086698,0.081106,0.070463
18387,ORTHOFIX MEDICAL INC,BTIG Downgrades Orthofix Medical On M6 Uncertainty,6,decrease,0.8,0.6,"a downgrade from btig typically signals negative sentiment and uncertainty, which is likely to lead to a decrease in stock price.",0,2019-02-26,OFIX,2019-02-26 16:22:00+00:00,78756.0,68752M10,-0.1150494888424873,363469.0,-0.0061748824082314,0.0335826128721237,0.0260285343974828,0.0114251282066106,-0.034697201102972,-0.0149049935862422,-0.0261105615645647,0.0041233450174331,-0.0066155511885881,0.0151938507333397,-0.0422362387180328,0.012558857910335,0.0062214117497205,0.0178970750421285,0.0,-0.0020729908719658,0.0105473361909389,0.0302283577620983,0.0016195817152038,0.0074478778988122,-0.0005389647558331,0.0080080004408955,-0.0005393240135163,0.0381017811596393,0.0165467988699674,0.0285002198070287,-0.0058386735618114,0.0091676851734519,0.0108560351654887,0.0307578258216381,-0.015492976643145,-0.0025873107369989,0.0057225236669182,0.0226800367236137,-0.0124466707929968,0.0208373144268989,0.0084623228758573,-0.0032691955566406,0.0094626424834132,-0.0205311756581068,-0.0123806288465857,0.0079742167145013,0.00214897794649,0.0040030325762927,0.0080414721742272,0.0194325689226388,-0.0037227279972285,-0.0090506682172417,-0.0149466218426823,0.0144559815526008,-0.0057803411036729,0.0051050130277872,0.001635177177377,0.0105158481746912,0.0021766538266092,0.0281517971307039,0.0110407350584864,-0.034088660031557,-0.0091300057247281,-0.0084017254412174,0.0016260190168395,0.0172927621752023,0.0010822758777067,-0.0039595514535903,-0.0081081222742795,0.0268347170203924,0.0023615090176463,-0.0205098073929548,-0.0358825586736202,0.0131128011271357,-0.0082707228139042,-0.0397132746875286,-0.0041697765700519,-0.0165746379643678,0.0148458080366253,-0.0007614144706167,0.0264441091567277,0.0199999772012233,0.0021925622131675,-0.000388207641663,-0.0040108915418386,0.0566038191318512,0.0038440248463302,-0.0111539857462048,-0.0153172891587019,-0.0094414912164211,0.0146296462044119,-0.0525314435362815,-0.0083956755697727,-0.0266765225678682,0.0171175487339496,0.0011127851903438,0.0255157425999641,-0.017850698903203,0.0121757974848151,-0.0215647667646408,-0.0374825932085514,-0.0152684962376952,0.0220974683761596,0.0036991205997765,0.0001771809620549,0.0049566077068448,0.000708733452484,0.0028404020704329,-0.0393059700727462,-0.0302977841347456,-0.0075562084093689,-0.0046264640986919,0.0068709887564182,-0.0473391748964786,-0.0062707513570785,0.0167634580284357,-0.030623635277152,0.0189412981271743,-0.0074669611640274,0.0062968474812805,-0.0102237416431307,0.0122308200225234,-0.0017540469998493,0.0161035917699337,-0.0061748824082314,0.0335826128721237,0.0196929288500882,0.0453914267363113,-0.0156875617655017,0.029809874225694,-0.0477302556497523,0.0497674302142865,-0.0710947671483497,0.120655434234937,-0.0762683548259255,0.3229777075216924,-0.1451935453865913,0.1851916402197615,2019-02-27,2019-02-28,2019-03-01,2019-03-04,2019-03-05,2019-03-06,2019-03-07,2019-03-08,2019-03-11,2019-03-12,78756.0,2019-02-26,252.0,-11.5049%,0.0005,0.8526,0.6744,0.1326,1.9690%,2.1860%,18.8661%,-0.110147,OFIX,78756.0,2019-02-27,252.0,-0.6175%,0.0004,0.846,0.6837,0.1315,1.9676%,2.1826%,18.7304%,-0.008164,OFIX,78756.0,2019-02-28,252.0,2.6029%,0.0003,0.8692,0.7006,0.1417,1.9461%,2.1724%,19.7535%,0.0287429999999999,OFIX,78756.0,2019-03-01,252.0,-3.4697%,0.0002,0.8558,0.6806,0.1408,1.9641%,2.1800%,18.8282%,-0.04251,OFIX,78756.0,2019-03-04,252.0,-2.6111%,0.0001,0.858,0.6909,0.1362,1.9680%,2.1863%,18.9719%,-0.019577,OFIX,78756.0,2019-03-05,252.0,-0.6616%,0.0001,0.8602,0.7059,0.1388,1.9675%,2.1864%,19.0230%,-0.002778,OFIX,78756.0,2019-03-06,252.0,-4.2236%,-0.0001,0.8528,0.7757,0.1399,1.9624%,2.1877%,19.5412%,-0.026261,OFIX,78756.0,2019-03-07,252.0,0.6221%,-0.0001,0.8457,0.7689,0.1286,1.9644%,2.1871%,19.3271%,0.014129,OFIX,78756.0,2019-03-08,252.0,0.0000%,0.0,0.8435,0.8016,0.1233,1.9555%,2.1820%,19.6815%,0.001605,OFIX,78756.0,2019-03-11,252.0,1.0547%,-0.0,0.8411,0.8048,0.1264,1.9554%,2.1828%,19.7526%,-0.004356,OFIX,78756.0,2019-03-12,252.0,0.1620%,-0.0001,0.8315,0.8061,0.116,1.9541%,2.1776%,19.4736%,0.001782,OFIX,-0.118311,-0.089568,-0.132078,-0.154433,-0.167534
18395,ORTHOFIX MEDICAL INC,"UPDATE: BTIG Downgrades Orthofix Medical As Firm Believes 'investors will take a ""wait and see"" approach before becoming more constructive'",6,decrease,0.8,0.6,"the downgrade from btig suggests a negative outlook, likely leading investors to sell or hold off on buying, which could decrease the stock price.",0,2019-02-26,OFIX,2019-02-26 14:11:00+00:00,78756.0,68752M10,-0.1150494888424873,363469.0,-0.0061748824082314,0.0335826128721237,0.0260285343974828,0.0114251282066106,-0.034697201102972,-0.0149049935862422,-0.0261105615645647,0.0041233450174331,-0.0066155511885881,0.0151938507333397,-0.0422362387180328,0.012558857910335,0.0062214117497205,0.0178970750421285,0.0,-0.0020729908719658,0.0105473361909389,0.0302283577620983,0.0016195817152038,0.0074478778988122,-0.0005389647558331,0.0080080004408955,-0.0005393240135163,0.0381017811596393,0.0165467988699674,0.0285002198070287,-0.0058386735618114,0.0091676851734519,0.0108560351654887,0.0307578258216381,-0.015492976643145,-0.0025873107369989,0.0057225236669182,0.0226800367236137,-0.0124466707929968,0.0208373144268989,0.0084623228758573,-0.0032691955566406,0.0094626424834132,-0.0205311756581068,-0.0123806288465857,0.0079742167145013,0.00214897794649,0.0040030325762927,0.0080414721742272,0.0194325689226388,-0.0037227279972285,-0.0090506682172417,-0.0149466218426823,0.0144559815526008,-0.0057803411036729,0.0051050130277872,0.001635177177377,0.0105158481746912,0.0021766538266092,0.0281517971307039,0.0110407350584864,-0.034088660031557,-0.0091300057247281,-0.0084017254412174,0.0016260190168395,0.0172927621752023,0.0010822758777067,-0.0039595514535903,-0.0081081222742795,0.0268347170203924,0.0023615090176463,-0.0205098073929548,-0.0358825586736202,0.0131128011271357,-0.0082707228139042,-0.0397132746875286,-0.0041697765700519,-0.0165746379643678,0.0148458080366253,-0.0007614144706167,0.0264441091567277,0.0199999772012233,0.0021925622131675,-0.000388207641663,-0.0040108915418386,0.0566038191318512,0.0038440248463302,-0.0111539857462048,-0.0153172891587019,-0.0094414912164211,0.0146296462044119,-0.0525314435362815,-0.0083956755697727,-0.0266765225678682,0.0171175487339496,0.0011127851903438,0.0255157425999641,-0.017850698903203,0.0121757974848151,-0.0215647667646408,-0.0374825932085514,-0.0152684962376952,0.0220974683761596,0.0036991205997765,0.0001771809620549,0.0049566077068448,0.000708733452484,0.0028404020704329,-0.0393059700727462,-0.0302977841347456,-0.0075562084093689,-0.0046264640986919,0.0068709887564182,-0.0473391748964786,-0.0062707513570785,0.0167634580284357,-0.030623635277152,0.0189412981271743,-0.0074669611640274,0.0062968474812805,-0.0102237416431307,0.0122308200225234,-0.0017540469998493,0.0161035917699337,-0.0061748824082314,0.0335826128721237,0.0196929288500882,0.0453914267363113,-0.0156875617655017,0.029809874225694,-0.0477302556497523,0.0497674302142865,-0.0710947671483497,0.120655434234937,-0.0762683548259255,0.3229777075216924,-0.1451935453865913,0.1851916402197615,2019-02-27,2019-02-28,2019-03-01,2019-03-04,2019-03-05,2019-03-06,2019-03-07,2019-03-08,2019-03-11,2019-03-12,78756.0,2019-02-26,252.0,-11.5049%,0.0005,0.8526,0.6744,0.1326,1.9690%,2.1860%,18.8661%,-0.110147,OFIX,78756.0,2019-02-27,252.0,-0.6175%,0.0004,0.846,0.6837,0.1315,1.9676%,2.1826%,18.7304%,-0.008164,OFIX,78756.0,2019-02-28,252.0,2.6029%,0.0003,0.8692,0.7006,0.1417,1.9461%,2.1724%,19.7535%,0.0287429999999999,OFIX,78756.0,2019-03-01,252.0,-3.4697%,0.0002,0.8558,0.6806,0.1408,1.9641%,2.1800%,18.8282%,-0.04251,OFIX,78756.0,2019-03-04,252.0,-2.6111%,0.0001,0.858,0.6909,0.1362,1.9680%,2.1863%,18.9719%,-0.019577,OFIX,78756.0,2019-03-05,252.0,-0.6616%,0.0001,0.8602,0.7059,0.1388,1.9675%,2.1864%,19.0230%,-0.002778,OFIX,78756.0,2019-03-06,252.0,-4.2236%,-0.0001,0.8528,0.7757,0.1399,1.9624%,2.1877%,19.5412%,-0.026261,OFIX,78756.0,2019-03-07,252.0,0.6221%,-0.0001,0.8457,0.7689,0.1286,1.9644%,2.1871%,19.3271%,0.014129,OFIX,78756.0,2019-03-08,252.0,0.0000%,0.0,0.8435,0.8016,0.1233,1.9555%,2.1820%,19.6815%,0.001605,OFIX,78756.0,2019-03-11,252.0,1.0547%,-0.0,0.8411,0.8048,0.1264,1.9554%,2.1828%,19.7526%,-0.004356,OFIX,78756.0,2019-03-12,252.0,0.1620%,-0.0001,0.8315,0.8061,0.116,1.9541%,2.1776%,19.4736%,0.001782,OFIX,-0.118311,-0.089568,-0.132078,-0.154433,-0.167534
18403,ORTHOFIX MEDICAL INC,BTIG Research Downgrades Orthofix Medical to Neutral,6,decrease,0.8,0.7,"a downgrade from a research firm typically signals reduced expectations for the company's performance, which can lead to a decline in stock price.",0,2019-02-26,OFIX,2019-02-26 12:25:00+00:00,78756.0,68752M10,-0.1150494888424873,363469.0,-0.0061748824082314,0.0335826128721237,0.0260285343974828,0.0114251282066106,-0.034697201102972,-0.0149049935862422,-0.0261105615645647,0.0041233450174331,-0.0066155511885881,0.0151938507333397,-0.0422362387180328,0.012558857910335,0.0062214117497205,0.0178970750421285,0.0,-0.0020729908719658,0.0105473361909389,0.0302283577620983,0.0016195817152038,0.0074478778988122,-0.0005389647558331,0.0080080004408955,-0.0005393240135163,0.0381017811596393,0.0165467988699674,0.0285002198070287,-0.0058386735618114,0.0091676851734519,0.0108560351654887,0.0307578258216381,-0.015492976643145,-0.0025873107369989,0.0057225236669182,0.0226800367236137,-0.0124466707929968,0.0208373144268989,0.0084623228758573,-0.0032691955566406,0.0094626424834132,-0.0205311756581068,-0.0123806288465857,0.0079742167145013,0.00214897794649,0.0040030325762927,0.0080414721742272,0.0194325689226388,-0.0037227279972285,-0.0090506682172417,-0.0149466218426823,0.0144559815526008,-0.0057803411036729,0.0051050130277872,0.001635177177377,0.0105158481746912,0.0021766538266092,0.0281517971307039,0.0110407350584864,-0.034088660031557,-0.0091300057247281,-0.0084017254412174,0.0016260190168395,0.0172927621752023,0.0010822758777067,-0.0039595514535903,-0.0081081222742795,0.0268347170203924,0.0023615090176463,-0.0205098073929548,-0.0358825586736202,0.0131128011271357,-0.0082707228139042,-0.0397132746875286,-0.0041697765700519,-0.0165746379643678,0.0148458080366253,-0.0007614144706167,0.0264441091567277,0.0199999772012233,0.0021925622131675,-0.000388207641663,-0.0040108915418386,0.0566038191318512,0.0038440248463302,-0.0111539857462048,-0.0153172891587019,-0.0094414912164211,0.0146296462044119,-0.0525314435362815,-0.0083956755697727,-0.0266765225678682,0.0171175487339496,0.0011127851903438,0.0255157425999641,-0.017850698903203,0.0121757974848151,-0.0215647667646408,-0.0374825932085514,-0.0152684962376952,0.0220974683761596,0.0036991205997765,0.0001771809620549,0.0049566077068448,0.000708733452484,0.0028404020704329,-0.0393059700727462,-0.0302977841347456,-0.0075562084093689,-0.0046264640986919,0.0068709887564182,-0.0473391748964786,-0.0062707513570785,0.0167634580284357,-0.030623635277152,0.0189412981271743,-0.0074669611640274,0.0062968474812805,-0.0102237416431307,0.0122308200225234,-0.0017540469998493,0.0161035917699337,-0.0061748824082314,0.0335826128721237,0.0196929288500882,0.0453914267363113,-0.0156875617655017,0.029809874225694,-0.0477302556497523,0.0497674302142865,-0.0710947671483497,0.120655434234937,-0.0762683548259255,0.3229777075216924,-0.1451935453865913,0.1851916402197615,2019-02-27,2019-02-28,2019-03-01,2019-03-04,2019-03-05,2019-03-06,2019-03-07,2019-03-08,2019-03-11,2019-03-12,78756.0,2019-02-26,252.0,-11.5049%,0.0005,0.8526,0.6744,0.1326,1.9690%,2.1860%,18.8661%,-0.110147,OFIX,78756.0,2019-02-27,252.0,-0.6175%,0.0004,0.846,0.6837,0.1315,1.9676%,2.1826%,18.7304%,-0.008164,OFIX,78756.0,2019-02-28,252.0,2.6029%,0.0003,0.8692,0.7006,0.1417,1.9461%,2.1724%,19.7535%,0.0287429999999999,OFIX,78756.0,2019-03-01,252.0,-3.4697%,0.0002,0.8558,0.6806,0.1408,1.9641%,2.1800%,18.8282%,-0.04251,OFIX,78756.0,2019-03-04,252.0,-2.6111%,0.0001,0.858,0.6909,0.1362,1.9680%,2.1863%,18.9719%,-0.019577,OFIX,78756.0,2019-03-05,252.0,-0.6616%,0.0001,0.8602,0.7059,0.1388,1.9675%,2.1864%,19.0230%,-0.002778,OFIX,78756.0,2019-03-06,252.0,-4.2236%,-0.0001,0.8528,0.7757,0.1399,1.9624%,2.1877%,19.5412%,-0.026261,OFIX,78756.0,2019-03-07,252.0,0.6221%,-0.0001,0.8457,0.7689,0.1286,1.9644%,2.1871%,19.3271%,0.014129,OFIX,78756.0,2019-03-08,252.0,0.0000%,0.0,0.8435,0.8016,0.1233,1.9555%,2.1820%,19.6815%,0.001605,OFIX,78756.0,2019-03-11,252.0,1.0547%,-0.0,0.8411,0.8048,0.1264,1.9554%,2.1828%,19.7526%,-0.004356,OFIX,78756.0,2019-03-12,252.0,0.1620%,-0.0001,0.8315,0.8061,0.116,1.9541%,2.1776%,19.4736%,0.001782,OFIX,-0.118311,-0.089568,-0.132078,-0.154433,-0.167534
18411,ONEOK INC NEW,UBS Downgrades ONEOK to Neutral,6,decrease,0.8,0.6,"a downgrade from ubs typically signals reduced expectations for the company's performance, which can lead to a decline in stock price.",0,2019-02-26,OKE,2019-02-26 11:56:00+00:00,25232.0,68268010,-0.0496674142777919,6081630.0,0.0133768953382968,-0.0032415089663118,-0.013660772703588,0.0010324438335374,0.0250544752925634,-0.0046975878067314,0.0004554239858407,-0.0067074815742671,0.000758655834943,0.012848955579102,-0.0078847110271453,0.0154468920081853,0.0070303999818861,0.0090798800811171,-0.0047047738917171,0.0133415544405579,0.0108264572918415,0.0024595854338258,0.0069391927681863,0.0004614950739778,0.008389476686716,-0.0018422282300889,-0.0028226834256201,-0.0095787942409515,-0.0040227095596492,-0.0066455588676035,0.0227375365793705,0.0033338570501655,-0.0008776537142693,0.0127377863973379,0.0071732616052031,0.0147952744737267,0.015261560678482,0.0001557965151732,-0.0120257176458835,0.0094339381903409,0.0039124274626374,0.0210306234657764,0.0001443726359866,-0.0024022695142775,-0.0064945095218718,0.0103750536218285,0.0078442906960845,0.0015987576916813,0.0066301398910582,-0.0004794278356712,0.0073024365119636,-0.0096533754840493,-0.0019900412298738,0.0208400171250104,-0.0126762483268976,0.0119340093806386,0.0023081889376044,0.0034448669757694,0.0152561534196138,0.0267812050879001,-0.0002835876366589,-0.0071906405501067,-0.0092171570286154,-0.0039973631501197,-0.0008588118944317,0.0051900446414947,0.0032947051804512,0.0146084697917103,0.0079953959211707,0.0213393401354551,-0.007223826367408,0.0174756906926631,0.0021401273552328,0.0436625406146049,-0.0072607421316206,-0.0023892864119261,-0.00846126396209,0.0085263960063457,0.0114261051639914,0.0183088183403015,-0.0008579659624956,-0.0063765970990061,0.002289910102263,-0.0070763700641691,-0.0038554426282644,0.057294737547636,-0.0023652345407754,-0.0576994530856609,-0.001600474352017,-0.011371954344213,-0.0100554125383496,-0.0245124157518148,-0.0051523400470614,-0.0102709727361798,-0.010802062228322,-0.0363480783998966,0.0005983682349324,-0.0264163520187139,-0.0100164180621504,-0.0205045100301504,0.001661138725467,0.0291408766061067,-0.0046736798249185,0.0123770693317055,0.000303003238514,-0.0030426015146076,0.0178679637610912,-0.0138356694951653,-0.0108599131926894,0.0104430308565497,0.0072191813960671,-0.0202970225363969,0.0041809580288827,-0.0342629738152027,0.012639382854104,0.0214878674596548,0.0010278957197442,0.0014672343386337,-0.0165761671960353,0.0135492347180843,0.0138723198324441,0.012887037359178,-0.0155950793996453,0.0036956362891942,0.0133768953382968,-0.0032415089663118,-0.0004666160919872,-0.002212411808718,0.0245761683792282,-0.0068996066167134,0.0258204396314913,-0.0008860958627412,0.038264101612027,0.0404491701569735,0.0867942424196255,0.1422678040177825,0.0538512546604024,0.1520537703386755,2019-02-27,2019-02-28,2019-03-01,2019-03-04,2019-03-05,2019-03-06,2019-03-07,2019-03-08,2019-03-11,2019-03-12,25232.0,2019-02-26,252.0,-4.9667%,0.0007,0.9506,0.261,0.4918,1.1324%,1.4627%,40.0697%,-0.045439,OKE,25232.0,2019-02-27,252.0,1.3377%,0.0009,0.9594,0.2488,0.4933,1.1282%,1.4634%,40.5724%,0.012516,OKE,25232.0,2019-02-28,252.0,-1.3661%,0.0008,0.9633,0.2511,0.4985,1.1299%,1.4652%,40.5337%,-0.009603,OKE,25232.0,2019-03-01,252.0,2.5054%,0.0009,0.9676,0.2575,0.4967,1.1359%,1.4710%,40.3752%,0.019295,OKE,25232.0,2019-03-04,252.0,0.0455%,0.0008,0.9725,0.238,0.4962,1.1338%,1.4709%,40.5873%,0.00449,OKE,25232.0,2019-03-05,252.0,0.0759%,0.0008,0.9715,0.2323,0.4942,1.1339%,1.4698%,40.4811%,0.004251,OKE,25232.0,2019-03-06,252.0,-0.7885%,0.0009,0.9784,0.2214,0.5005,1.1303%,1.4706%,40.9295%,0.0029149999999999,OKE,25232.0,2019-03-07,252.0,0.7030%,0.001,0.9722,0.2225,0.4926,1.1343%,1.4711%,40.5512%,0.016769,OKE,25232.0,2019-03-08,252.0,-0.4705%,0.001,0.9722,0.2297,0.4921,1.1337%,1.4710%,40.6058%,-0.00193,OKE,25232.0,2019-03-11,252.0,1.0826%,0.001,0.9707,0.2249,0.4901,1.1336%,1.4722%,40.7130%,-0.002016,OKE,25232.0,2019-03-12,252.0,0.6939%,0.0011,0.9761,0.2217,0.495,1.1333%,1.4709%,40.6327%,0.005444,OKE,-0.032923,-0.042526,-0.023231,-0.01449,0.0066919999999999
18419,PALO ALTO NETWORKS INC,"Palo Alto Sees Q3 Adj. EPS $1.23-$1.25 vs $1.24 Estimate, Sales $697M-$707M vs $697M Est.",6,uncertain,0.6,0.2,"while the adjusted eps is in line with estimates, the sales range is at the lower end of expectations, leading to uncertainty about the stock's immediate reaction.",1,2019-02-26,PANW,2019-02-26 21:19:00+00:00,13511.0,69743510,0.0071404059417545,3113747.0,0.0820632651448249,0.0164276342839002,-0.0337806046009063,0.0173313897103071,-0.0032484794501215,-0.0020296801812946,-0.011936318129301,-0.0141800548881292,-0.033808846026659,0.0138024855405092,0.0004267564509063,0.0071504735387861,0.0003412465157452,0.0135037805885076,0.0004690457426477,-0.010202688165009,0.0266376845538616,0.0026355595327913,-0.0027399687096476,-0.0033834676723927,0.0105320075526833,0.0235588885843753,4.117201751796529e-05,-0.0049875588156282,-0.0125226285308599,0.0073996731080114,0.0053812502883374,-0.0055868956260383,0.0061823390424251,-0.000499389891047,0.0136907519772648,0.0253700613975524,0.0161499716341495,0.0092079611495137,-0.0297449566423893,0.029452996328473,-0.0021868245676159,-0.0040460303425788,0.0098002525046467,-0.0100610367953777,-0.0194512698799371,-0.0035634532105177,-0.0044268011115491,0.0230896361172199,0.0188347063958644,0.013399020768702,-0.0060523762367665,-0.0014756667660549,-0.00501224771142,0.0,0.0083680674433708,0.0099354200065135,-0.021221250295639,0.0056452262215316,0.0075083253905177,0.0268814731389284,0.000125596721773,-0.0053069782443344,0.0079119196161627,-0.0001530549925519,0.0072683473117649,0.0149655602872371,0.0140606481581926,0.0140734547749161,-0.005164026748389,0.0164397470653057,0.0145507948473095,0.0160529669374227,-0.0150673007592558,0.0260990671813488,-0.0206560995429754,-0.0191583950072526,-0.0165809877216815,-0.0272896159440279,0.0162235274910926,0.0229185968637466,0.0075643495656549,0.0102046448737382,0.0083786314353346,0.0034132143482565,0.0096664316952228,0.0688437595963478,0.0015480713918805,-0.0193872284144163,0.0136674288660287,-0.0341618619859218,-0.0014847316779196,0.0025140896905213,-0.0098059009760618,0.0099876103922724,0.0013799113221466,0.0034539415501058,0.01637420989573,-0.0403195023536682,-0.0116840442642569,-0.0217934735119342,-0.0388556718826293,-0.0073343147523701,0.0012173849390819,0.0276543013751506,-0.0028092167340219,0.0288997571915388,-0.0121095106005668,0.023702148348093,-0.0444775372743606,-0.0368027426302433,0.0104677332565188,0.0255571156740188,-0.031298242509365,-0.011488470248878,0.0231171865016222,0.0367736369371414,0.0035137359518557,-0.017608668655157,-0.0085541736334562,-0.0027755196206271,0.0181054268032312,0.05972745642066,0.0011416285997256,-0.0219000168144702,0.0820632651448249,0.0164276342839002,0.0455105138318019,0.0340437377260001,0.0421141944127332,0.0319449596449457,-0.0051369420227067,0.0313533565896122,0.0198259314791078,0.0412252254461968,0.0221609088373699,0.1932653282571026,-0.0320526534711484,0.3731798610212558,2019-02-27,2019-02-28,2019-03-01,2019-03-04,2019-03-05,2019-03-06,2019-03-07,2019-03-08,2019-03-11,2019-03-12,13511.0,2019-02-26,252.0,0.7140%,0.0008,0.7972,0.1454,-1.1718,1.3512%,1.8966%,49.2413%,0.00541,PANW,13511.0,2019-02-27,252.0,8.2063%,0.0011,0.7932,0.1755,-1.1722,1.4370%,1.9587%,46.1709%,0.079563,PANW,13511.0,2019-02-28,252.0,-3.3781%,0.0008,0.818,0.1914,-1.1459,1.4393%,1.9668%,46.4457%,-0.034387,PANW,13511.0,2019-03-01,252.0,-0.3248%,0.0008,0.8186,0.1922,-1.138,1.4419%,1.9670%,46.2619%,-0.014367,PANW,13511.0,2019-03-04,252.0,-1.1936%,0.0007,0.8224,0.1826,-1.1396,1.4414%,1.9688%,46.4051%,-0.0025629999999999,PANW,13511.0,2019-03-05,252.0,-3.3809%,0.0006,0.8271,0.1963,-1.1232,1.4581%,1.9782%,45.6689%,-0.03467,PANW,13511.0,2019-03-06,252.0,0.0427%,0.0005,0.8158,0.1828,-1.1379,1.4567%,1.9747%,45.5809%,0.0102069999999999,PANW,13511.0,2019-03-07,252.0,0.0341%,0.0005,0.8113,0.1663,-1.1485,1.4545%,1.9724%,45.6195%,0.0033139999999999,PANW,13511.0,2019-03-08,252.0,0.0469%,0.0005,0.812,0.1559,-1.1468,1.4533%,1.9700%,45.5758%,0.000128,PANW,13511.0,2019-03-11,252.0,2.6638%,0.0005,0.8158,0.1597,-1.1466,1.4540%,1.9761%,45.8584%,0.007924,PANW,13511.0,2019-03-12,252.0,-0.2740%,0.0005,0.8206,0.1613,-1.1405,1.4540%,1.9761%,45.8657%,-0.00534,PANW,0.0849729999999999,0.0505859999999999,0.0362189999999999,-0.001014,0.0152189999999999
18427,PALO ALTO NETWORKS INC,"Palo Alto Networks Q2 EPS $1.51 Beats $1.22 Estimate, Sales $711.2M Beat $682M Estimate; Reports $1B Buyback",6,increase,0.8,0.7,the strong earnings beat and significant buyback announcement are likely to boost investor confidence and drive the stock price higher.,2,2019-02-26,PANW,2019-02-26 21:17:00+00:00,13511.0,69743510,0.0071404059417545,3113747.0,0.0820632651448249,0.0164276342839002,-0.0337806046009063,0.0173313897103071,-0.0032484794501215,-0.0020296801812946,-0.011936318129301,-0.0141800548881292,-0.033808846026659,0.0138024855405092,0.0004267564509063,0.0071504735387861,0.0003412465157452,0.0135037805885076,0.0004690457426477,-0.010202688165009,0.0266376845538616,0.0026355595327913,-0.0027399687096476,-0.0033834676723927,0.0105320075526833,0.0235588885843753,4.117201751796529e-05,-0.0049875588156282,-0.0125226285308599,0.0073996731080114,0.0053812502883374,-0.0055868956260383,0.0061823390424251,-0.000499389891047,0.0136907519772648,0.0253700613975524,0.0161499716341495,0.0092079611495137,-0.0297449566423893,0.029452996328473,-0.0021868245676159,-0.0040460303425788,0.0098002525046467,-0.0100610367953777,-0.0194512698799371,-0.0035634532105177,-0.0044268011115491,0.0230896361172199,0.0188347063958644,0.013399020768702,-0.0060523762367665,-0.0014756667660549,-0.00501224771142,0.0,0.0083680674433708,0.0099354200065135,-0.021221250295639,0.0056452262215316,0.0075083253905177,0.0268814731389284,0.000125596721773,-0.0053069782443344,0.0079119196161627,-0.0001530549925519,0.0072683473117649,0.0149655602872371,0.0140606481581926,0.0140734547749161,-0.005164026748389,0.0164397470653057,0.0145507948473095,0.0160529669374227,-0.0150673007592558,0.0260990671813488,-0.0206560995429754,-0.0191583950072526,-0.0165809877216815,-0.0272896159440279,0.0162235274910926,0.0229185968637466,0.0075643495656549,0.0102046448737382,0.0083786314353346,0.0034132143482565,0.0096664316952228,0.0688437595963478,0.0015480713918805,-0.0193872284144163,0.0136674288660287,-0.0341618619859218,-0.0014847316779196,0.0025140896905213,-0.0098059009760618,0.0099876103922724,0.0013799113221466,0.0034539415501058,0.01637420989573,-0.0403195023536682,-0.0116840442642569,-0.0217934735119342,-0.0388556718826293,-0.0073343147523701,0.0012173849390819,0.0276543013751506,-0.0028092167340219,0.0288997571915388,-0.0121095106005668,0.023702148348093,-0.0444775372743606,-0.0368027426302433,0.0104677332565188,0.0255571156740188,-0.031298242509365,-0.011488470248878,0.0231171865016222,0.0367736369371414,0.0035137359518557,-0.017608668655157,-0.0085541736334562,-0.0027755196206271,0.0181054268032312,0.05972745642066,0.0011416285997256,-0.0219000168144702,0.0820632651448249,0.0164276342839002,0.0455105138318019,0.0340437377260001,0.0421141944127332,0.0319449596449457,-0.0051369420227067,0.0313533565896122,0.0198259314791078,0.0412252254461968,0.0221609088373699,0.1932653282571026,-0.0320526534711484,0.3731798610212558,2019-02-27,2019-02-28,2019-03-01,2019-03-04,2019-03-05,2019-03-06,2019-03-07,2019-03-08,2019-03-11,2019-03-12,13511.0,2019-02-26,252.0,0.7140%,0.0008,0.7972,0.1454,-1.1718,1.3512%,1.8966%,49.2413%,0.00541,PANW,13511.0,2019-02-27,252.0,8.2063%,0.0011,0.7932,0.1755,-1.1722,1.4370%,1.9587%,46.1709%,0.079563,PANW,13511.0,2019-02-28,252.0,-3.3781%,0.0008,0.818,0.1914,-1.1459,1.4393%,1.9668%,46.4457%,-0.034387,PANW,13511.0,2019-03-01,252.0,-0.3248%,0.0008,0.8186,0.1922,-1.138,1.4419%,1.9670%,46.2619%,-0.014367,PANW,13511.0,2019-03-04,252.0,-1.1936%,0.0007,0.8224,0.1826,-1.1396,1.4414%,1.9688%,46.4051%,-0.0025629999999999,PANW,13511.0,2019-03-05,252.0,-3.3809%,0.0006,0.8271,0.1963,-1.1232,1.4581%,1.9782%,45.6689%,-0.03467,PANW,13511.0,2019-03-06,252.0,0.0427%,0.0005,0.8158,0.1828,-1.1379,1.4567%,1.9747%,45.5809%,0.0102069999999999,PANW,13511.0,2019-03-07,252.0,0.0341%,0.0005,0.8113,0.1663,-1.1485,1.4545%,1.9724%,45.6195%,0.0033139999999999,PANW,13511.0,2019-03-08,252.0,0.0469%,0.0005,0.812,0.1559,-1.1468,1.4533%,1.9700%,45.5758%,0.000128,PANW,13511.0,2019-03-11,252.0,2.6638%,0.0005,0.8158,0.1597,-1.1466,1.4540%,1.9761%,45.8584%,0.007924,PANW,13511.0,2019-03-12,252.0,-0.2740%,0.0005,0.8206,0.1613,-1.1405,1.4540%,1.9761%,45.8657%,-0.00534,PANW,0.0849729999999999,0.0505859999999999,0.0362189999999999,-0.001014,0.0152189999999999
18435,PALO ALTO NETWORKS INC,Northland Securities Downgrades Palo Alto Networks to Market Perform,6,decrease,0.8,0.6,"a downgrade from an analyst typically signals reduced expectations for a company's performance, which can lead to a decline in stock price.",0,2019-02-26,PANW,2019-02-26 13:20:00+00:00,13511.0,69743510,0.0071404059417545,3113747.0,0.0820632651448249,0.0164276342839002,-0.0337806046009063,0.0173313897103071,-0.0032484794501215,-0.0020296801812946,-0.011936318129301,-0.0141800548881292,-0.033808846026659,0.0138024855405092,0.0004267564509063,0.0071504735387861,0.0003412465157452,0.0135037805885076,0.0004690457426477,-0.010202688165009,0.0266376845538616,0.0026355595327913,-0.0027399687096476,-0.0033834676723927,0.0105320075526833,0.0235588885843753,4.117201751796529e-05,-0.0049875588156282,-0.0125226285308599,0.0073996731080114,0.0053812502883374,-0.0055868956260383,0.0061823390424251,-0.000499389891047,0.0136907519772648,0.0253700613975524,0.0161499716341495,0.0092079611495137,-0.0297449566423893,0.029452996328473,-0.0021868245676159,-0.0040460303425788,0.0098002525046467,-0.0100610367953777,-0.0194512698799371,-0.0035634532105177,-0.0044268011115491,0.0230896361172199,0.0188347063958644,0.013399020768702,-0.0060523762367665,-0.0014756667660549,-0.00501224771142,0.0,0.0083680674433708,0.0099354200065135,-0.021221250295639,0.0056452262215316,0.0075083253905177,0.0268814731389284,0.000125596721773,-0.0053069782443344,0.0079119196161627,-0.0001530549925519,0.0072683473117649,0.0149655602872371,0.0140606481581926,0.0140734547749161,-0.005164026748389,0.0164397470653057,0.0145507948473095,0.0160529669374227,-0.0150673007592558,0.0260990671813488,-0.0206560995429754,-0.0191583950072526,-0.0165809877216815,-0.0272896159440279,0.0162235274910926,0.0229185968637466,0.0075643495656549,0.0102046448737382,0.0083786314353346,0.0034132143482565,0.0096664316952228,0.0688437595963478,0.0015480713918805,-0.0193872284144163,0.0136674288660287,-0.0341618619859218,-0.0014847316779196,0.0025140896905213,-0.0098059009760618,0.0099876103922724,0.0013799113221466,0.0034539415501058,0.01637420989573,-0.0403195023536682,-0.0116840442642569,-0.0217934735119342,-0.0388556718826293,-0.0073343147523701,0.0012173849390819,0.0276543013751506,-0.0028092167340219,0.0288997571915388,-0.0121095106005668,0.023702148348093,-0.0444775372743606,-0.0368027426302433,0.0104677332565188,0.0255571156740188,-0.031298242509365,-0.011488470248878,0.0231171865016222,0.0367736369371414,0.0035137359518557,-0.017608668655157,-0.0085541736334562,-0.0027755196206271,0.0181054268032312,0.05972745642066,0.0011416285997256,-0.0219000168144702,0.0820632651448249,0.0164276342839002,0.0455105138318019,0.0340437377260001,0.0421141944127332,0.0319449596449457,-0.0051369420227067,0.0313533565896122,0.0198259314791078,0.0412252254461968,0.0221609088373699,0.1932653282571026,-0.0320526534711484,0.3731798610212558,2019-02-27,2019-02-28,2019-03-01,2019-03-04,2019-03-05,2019-03-06,2019-03-07,2019-03-08,2019-03-11,2019-03-12,13511.0,2019-02-26,252.0,0.7140%,0.0008,0.7972,0.1454,-1.1718,1.3512%,1.8966%,49.2413%,0.00541,PANW,13511.0,2019-02-27,252.0,8.2063%,0.0011,0.7932,0.1755,-1.1722,1.4370%,1.9587%,46.1709%,0.079563,PANW,13511.0,2019-02-28,252.0,-3.3781%,0.0008,0.818,0.1914,-1.1459,1.4393%,1.9668%,46.4457%,-0.034387,PANW,13511.0,2019-03-01,252.0,-0.3248%,0.0008,0.8186,0.1922,-1.138,1.4419%,1.9670%,46.2619%,-0.014367,PANW,13511.0,2019-03-04,252.0,-1.1936%,0.0007,0.8224,0.1826,-1.1396,1.4414%,1.9688%,46.4051%,-0.0025629999999999,PANW,13511.0,2019-03-05,252.0,-3.3809%,0.0006,0.8271,0.1963,-1.1232,1.4581%,1.9782%,45.6689%,-0.03467,PANW,13511.0,2019-03-06,252.0,0.0427%,0.0005,0.8158,0.1828,-1.1379,1.4567%,1.9747%,45.5809%,0.0102069999999999,PANW,13511.0,2019-03-07,252.0,0.0341%,0.0005,0.8113,0.1663,-1.1485,1.4545%,1.9724%,45.6195%,0.0033139999999999,PANW,13511.0,2019-03-08,252.0,0.0469%,0.0005,0.812,0.1559,-1.1468,1.4533%,1.9700%,45.5758%,0.000128,PANW,13511.0,2019-03-11,252.0,2.6638%,0.0005,0.8158,0.1597,-1.1466,1.4540%,1.9761%,45.8584%,0.007924,PANW,13511.0,2019-03-12,252.0,-0.2740%,0.0005,0.8206,0.1613,-1.1405,1.4540%,1.9761%,45.8657%,-0.00534,PANW,0.0849729999999999,0.0505859999999999,0.0362189999999999,-0.001014,0.0152189999999999
18443,PETROLEO BRASILEIRO SA PETROBRAS,Caixa Near Sale Of $2.4B Stake In Petrobras,6,decrease,0.7,0.5,"the sale of a significant stake by caixa may signal a lack of confidence in petrobras, potentially leading to a decrease in stock price.",0,2019-02-26,PBR,2019-02-26 15:31:00+00:00,88490.0,71654V40,0.0018473329255357,12902016.0,0.0092193987220525,-0.0234515573829412,-0.0426309257745742,-0.0012012287043035,-0.0146310748532414,-0.0041865846142172,0.004519086331129,-0.0047619002871215,0.0064266980625689,0.00298502901569,-0.0236270688474178,0.0017942994600161,-0.0163505561649799,0.0282902270555496,-0.0039893896318972,0.0137156667187809,0.0594125762581825,0.0469974689185619,-0.0031506107188761,-0.0235818922519683,0.0271808039397001,-0.011964769102633,0.0,-0.0209617279469966,0.0209230855107307,-0.0246542319655418,0.0313442088663578,0.0084899570792913,0.0151958046481013,0.0036518238484859,0.0149682387709617,0.0079755261540412,-0.0328984670341014,0.0187499523162841,-0.0721407383680343,0.0276172328740358,0.0037926940713077,0.0318091139197349,0.0321158245205879,-0.0461440943181514,-0.0549115091562271,0.0193298477679491,0.0200129393488168,0.002584038535133,0.0075949295423924,0.0197627954185009,0.0012562501942738,-0.0142856696620583,0.0050188759341835,-0.0012970465468242,-0.0187266040593385,0.0078431293368339,0.0286259409040212,0.0039370353333652,0.0204081591218709,-0.0058708516880869,0.0296969562768936,0.0026160865090787,-0.0064744325354695,-0.0122738750651478,0.0065166242420673,-0.0089628901332616,-0.0306062661111354,0.0276315845549106,-0.0928961634635925,0.0092961080372333,0.0053548114374279,0.0203252155333757,0.0233022253960371,0.0350631140172481,-0.0045543066225945,0.017844395712018,0.0209150128066539,0.0768639519810676,0.0044814143329858,-0.0015348814195021,0.0070108738727867,0.0199812147766351,-0.0291139259934425,0.006289301905781,0.0084745837375521,0.0512396581470966,-0.0058177215978503,-0.0226171035319566,-0.0006502099568024,-0.0166799072176218,-0.0091086756438016,-0.0063141216523945,-0.0196979157626628,-0.0163043513894081,-0.0013396153226494,-0.0242424011230468,0.0067069339565932,-0.0149253597483038,-0.0099933752790093,-0.0168745778501033,-0.0100941872224211,0.0014695413410663,0.0373895429074764,0.0126488152891397,-0.0314548164606094,-0.0066518960520625,0.0020298163872212,-0.0498595535755157,-0.0310600958764553,0.0070720952935516,0.0006968135712668,-0.0361281335353851,-0.0139275640249252,-0.0246010571718215,-0.0218926183879375,0.0329670011997222,-0.0281588695943355,0.0160502791404724,0.0163447447121143,-0.0041695912368595,0.0307017602026462,0.0034867636859416,0.0121203083544969,0.0451894961297512,0.0092193987220525,-0.0234515573829412,-0.0338045585551277,-0.0246246154033557,-0.0479410363817683,-0.0287081069815943,-0.0374923537746397,-0.0304477739841818,-0.0276583125504336,0.0350541887283588,0.0374922363258996,0.0490956221951639,-0.1228705408295368,0.186013526668098,2019-02-27,2019-02-28,2019-03-01,2019-03-04,2019-03-05,2019-03-06,2019-03-07,2019-03-08,2019-03-11,2019-03-12,88490.0,2019-02-26,252.0,0.1847%,0.0013,1.0946,-0.1066,0.7705,2.8314%,3.0228%,12.2630%,0.005373,PBR,88490.0,2019-02-27,252.0,0.9219%,0.0012,1.0865,-0.0898,0.7692,2.8294%,3.0168%,12.0404%,0.009261,PBR,88490.0,2019-02-28,252.0,-4.2631%,0.0011,1.0941,-0.0859,0.7837,2.8398%,3.0282%,12.0526%,-0.037422,PBR,88490.0,2019-03-01,252.0,-1.4631%,0.001,1.0905,-0.0913,0.7875,2.8427%,3.0287%,11.9047%,-0.019214,PBR,88490.0,2019-03-04,252.0,0.4519%,0.001,1.0939,-0.1078,0.7878,2.8424%,3.0286%,11.9195%,0.006663,PBR,88490.0,2019-03-05,252.0,0.6427%,0.001,1.0897,-0.1348,0.7815,2.8418%,3.0273%,11.8796%,0.009753,PBR,88490.0,2019-03-06,252.0,-2.3627%,0.0009,1.089,-0.092,0.7866,2.8424%,3.0258%,11.7563%,-0.016575,PBR,88490.0,2019-03-07,252.0,-1.6351%,0.0008,1.0923,-0.0873,0.7923,2.8426%,3.0277%,11.8534%,-0.004979,PBR,88490.0,2019-03-08,252.0,-0.3989%,0.0009,1.0911,-0.0654,0.7892,2.8398%,3.0243%,11.8284%,-0.000286,PBR,88490.0,2019-03-11,252.0,5.9413%,0.0011,1.1153,-0.0511,0.785,2.8544%,3.0467%,12.2234%,0.047405,PBR,88490.0,2019-03-12,252.0,-0.3151%,0.0011,1.1075,-0.0464,0.778,2.8542%,3.0409%,11.9013%,-0.005544,PBR,0.014634,-0.0227879999999999,-0.042002,-0.0255859999999999,-0.0055649999999999
18451,P G & E CORP,Avenue Capital Group CEO Marc Lasry In CNBC Interview Says Participated In PG&E'S Dip Financing; Says He Thinks It Is A Safe Investment,6,increase,0.7,0.6,"the endorsement of pg&e's dip financing by a prominent investor suggests confidence in the company's future, which could positively influence investor sentiment and drive the stock price up.",2,2019-02-26,PCG,2019-02-26 19:17:00+00:00,13688.0,69331C10,-0.0069704647175967,5207514.0,-0.0388769544661045,-0.0063932249322533,-0.0432583466172218,-0.0324741825461387,0.0516734644770622,0.065348744392395,0.0078168278560042,0.0264937616884708,0.0144044458866119,0.1459948569536209,0.0027308107819408,0.0006463655736297,0.0386709719896316,0.0170940328389406,0.0167802665382623,-0.0142579562962055,-0.0005157415871508,0.0767620652914047,-0.0082559268921613,0.0091549381613731,0.0124869812279939,0.0099572818726301,0.0025694319047033,0.0285296514630317,0.0071757757104933,-0.0291193071752786,-0.0111958943307399,0.0594431869685649,-0.0185280796140432,0.0160550493746995,0.0005243958439677,0.0061538401059806,-0.0015723630785942,-0.049012441188097,0.0194226168096065,-0.0228734593838453,-0.0623069517314434,0.1648625731468201,-0.014277777634561,0.0203908029943704,-0.0150418076664209,-0.1562723517417908,-0.0243212841451168,0.7459324598312378,0.0318840146064758,0.0376623347401619,0.0117978090420365,0.0650068894028663,-0.019433669745922,0.1367924362421036,0.0458663366734981,-0.0953058376908302,0.0211153924465179,0.0173661895096302,0.0270413681864738,-0.1754176914691925,0.0160041023045778,-0.5235929489135742,-0.0436992160975933,-0.0095720766112208,0.002656809054315,-0.0039259502664208,0.0137783950194716,0.0153758805245161,0.206482008099556,-0.0733509883284568,0.0277296099811792,-0.223360612988472,-0.0615513958036899,0.0187890958040952,-0.0184186808764934,0.0063025853596627,-0.0389016196131706,0.0021052309311926,0.0190476011484861,-0.0058601670898497,0.0060748164542019,0.0122880935668945,0.0650255233049392,0.0115731013938784,0.0069777518510818,0.0077753914520144,0.0138587998226285,0.0175824016332626,0.0004271776706445,-0.0461216084659099,-0.0384286753833293,0.0042105424217879,-0.036412063986063,0.031711533665657,-0.0341014601290226,-0.0581014752388,0.0252862926572561,-0.0603613853454589,-0.0069799730554223,-0.0188608076423406,-0.0159325283020734,0.0045472090132534,-0.0352380834519863,0.0126630822196602,-0.0449160821735858,0.0065662451088428,-0.0387596897780895,0.0038774125277996,-0.0198925174772739,-0.0092201214283704,0.0071311611682176,-0.0269158612936735,-0.0163399316370487,-0.0132792545482516,0.0060908421874046,0.0276725348085165,-0.0632911175489425,-0.0142003390938043,0.0387778989970684,-0.0254915840923786,0.0435520596802234,0.0181683264672756,0.0298102553933858,0.0736464336514473,-0.0388769544661045,-0.0063932249322533,-0.0804535483116096,-0.0386597927248836,-0.032937397405281,0.02416258275447,-0.0113391461674884,0.2047803845997706,0.0377969112435481,0.3133802873556135,0.0161986616896205,0.0501126141755552,0.0259178921902298,-0.2575637079330578,2019-02-27,2019-02-28,2019-03-01,2019-03-04,2019-03-05,2019-03-06,2019-03-07,2019-03-08,2019-03-11,2019-03-12,13688.0,2019-02-26,252.0,-0.6970%,-0.0002,0.5927,0.2583,0.4506,7.6174%,7.6391%,0.5675%,-0.003055,PCG,13688.0,2019-02-27,252.0,-3.8877%,-0.0003,0.5948,0.243,0.4508,7.6213%,7.6430%,0.5667%,-0.03946,PCG,13688.0,2019-02-28,252.0,-4.3258%,-0.0005,0.5965,0.2428,0.4614,7.6251%,7.6467%,0.5655%,-0.040436,PCG,13688.0,2019-03-01,252.0,5.1673%,-0.0004,0.6257,0.2863,0.484,7.6288%,7.6526%,0.6210%,0.0484309999999999,PCG,13688.0,2019-03-04,252.0,0.7817%,-0.0004,0.6287,0.2667,0.4854,7.6288%,7.6527%,0.6224%,0.010238,PCG,13688.0,2019-03-05,252.0,1.4404%,-0.0002,0.6298,0.2871,0.4796,7.6288%,7.6528%,0.6270%,0.017375,PCG,13688.0,2019-03-06,252.0,0.2731%,-0.0003,0.6123,0.2742,0.4581,7.6277%,7.6504%,0.5943%,0.0113569999999999,PCG,13688.0,2019-03-07,252.0,3.8671%,-0.0002,0.5897,0.2527,0.4219,7.6329%,7.6540%,0.5511%,0.045306,PCG,13688.0,2019-03-08,252.0,1.6780%,0.0,0.585,0.2874,0.4127,7.6313%,7.6524%,0.5504%,0.018579,PCG,13688.0,2019-03-11,252.0,-0.0516%,-0.0001,0.5802,0.2981,0.4213,7.6308%,7.6518%,0.5471%,-0.008211,PCG,13688.0,2019-03-12,252.0,-0.8256%,-0.0001,0.5821,0.3016,0.4249,7.6310%,7.6518%,0.5436%,-0.008625,PCG,-0.042515,-0.082951,-0.03452,-0.006907,0.0514989999999999
18459,P G & E CORP,Argus Upgrades PG&E to Hold,6,increase,0.7,0.5,"an upgrade to 'hold' from argus suggests a more favorable outlook for pg&e, which could lead to increased investor confidence and a potential rise in stock price.",2,2019-02-26,PCG,2019-02-26 13:42:00+00:00,13688.0,69331C10,-0.0069704647175967,5207514.0,-0.0388769544661045,-0.0063932249322533,-0.0432583466172218,-0.0324741825461387,0.0516734644770622,0.065348744392395,0.0078168278560042,0.0264937616884708,0.0144044458866119,0.1459948569536209,0.0027308107819408,0.0006463655736297,0.0386709719896316,0.0170940328389406,0.0167802665382623,-0.0142579562962055,-0.0005157415871508,0.0767620652914047,-0.0082559268921613,0.0091549381613731,0.0124869812279939,0.0099572818726301,0.0025694319047033,0.0285296514630317,0.0071757757104933,-0.0291193071752786,-0.0111958943307399,0.0594431869685649,-0.0185280796140432,0.0160550493746995,0.0005243958439677,0.0061538401059806,-0.0015723630785942,-0.049012441188097,0.0194226168096065,-0.0228734593838453,-0.0623069517314434,0.1648625731468201,-0.014277777634561,0.0203908029943704,-0.0150418076664209,-0.1562723517417908,-0.0243212841451168,0.7459324598312378,0.0318840146064758,0.0376623347401619,0.0117978090420365,0.0650068894028663,-0.019433669745922,0.1367924362421036,0.0458663366734981,-0.0953058376908302,0.0211153924465179,0.0173661895096302,0.0270413681864738,-0.1754176914691925,0.0160041023045778,-0.5235929489135742,-0.0436992160975933,-0.0095720766112208,0.002656809054315,-0.0039259502664208,0.0137783950194716,0.0153758805245161,0.206482008099556,-0.0733509883284568,0.0277296099811792,-0.223360612988472,-0.0615513958036899,0.0187890958040952,-0.0184186808764934,0.0063025853596627,-0.0389016196131706,0.0021052309311926,0.0190476011484861,-0.0058601670898497,0.0060748164542019,0.0122880935668945,0.0650255233049392,0.0115731013938784,0.0069777518510818,0.0077753914520144,0.0138587998226285,0.0175824016332626,0.0004271776706445,-0.0461216084659099,-0.0384286753833293,0.0042105424217879,-0.036412063986063,0.031711533665657,-0.0341014601290226,-0.0581014752388,0.0252862926572561,-0.0603613853454589,-0.0069799730554223,-0.0188608076423406,-0.0159325283020734,0.0045472090132534,-0.0352380834519863,0.0126630822196602,-0.0449160821735858,0.0065662451088428,-0.0387596897780895,0.0038774125277996,-0.0198925174772739,-0.0092201214283704,0.0071311611682176,-0.0269158612936735,-0.0163399316370487,-0.0132792545482516,0.0060908421874046,0.0276725348085165,-0.0632911175489425,-0.0142003390938043,0.0387778989970684,-0.0254915840923786,0.0435520596802234,0.0181683264672756,0.0298102553933858,0.0736464336514473,-0.0388769544661045,-0.0063932249322533,-0.0804535483116096,-0.0386597927248836,-0.032937397405281,0.02416258275447,-0.0113391461674884,0.2047803845997706,0.0377969112435481,0.3133802873556135,0.0161986616896205,0.0501126141755552,0.0259178921902298,-0.2575637079330578,2019-02-27,2019-02-28,2019-03-01,2019-03-04,2019-03-05,2019-03-06,2019-03-07,2019-03-08,2019-03-11,2019-03-12,13688.0,2019-02-26,252.0,-0.6970%,-0.0002,0.5927,0.2583,0.4506,7.6174%,7.6391%,0.5675%,-0.003055,PCG,13688.0,2019-02-27,252.0,-3.8877%,-0.0003,0.5948,0.243,0.4508,7.6213%,7.6430%,0.5667%,-0.03946,PCG,13688.0,2019-02-28,252.0,-4.3258%,-0.0005,0.5965,0.2428,0.4614,7.6251%,7.6467%,0.5655%,-0.040436,PCG,13688.0,2019-03-01,252.0,5.1673%,-0.0004,0.6257,0.2863,0.484,7.6288%,7.6526%,0.6210%,0.0484309999999999,PCG,13688.0,2019-03-04,252.0,0.7817%,-0.0004,0.6287,0.2667,0.4854,7.6288%,7.6527%,0.6224%,0.010238,PCG,13688.0,2019-03-05,252.0,1.4404%,-0.0002,0.6298,0.2871,0.4796,7.6288%,7.6528%,0.6270%,0.017375,PCG,13688.0,2019-03-06,252.0,0.2731%,-0.0003,0.6123,0.2742,0.4581,7.6277%,7.6504%,0.5943%,0.0113569999999999,PCG,13688.0,2019-03-07,252.0,3.8671%,-0.0002,0.5897,0.2527,0.4219,7.6329%,7.6540%,0.5511%,0.045306,PCG,13688.0,2019-03-08,252.0,1.6780%,0.0,0.585,0.2874,0.4127,7.6313%,7.6524%,0.5504%,0.018579,PCG,13688.0,2019-03-11,252.0,-0.0516%,-0.0001,0.5802,0.2981,0.4213,7.6308%,7.6518%,0.5471%,-0.008211,PCG,13688.0,2019-03-12,252.0,-0.8256%,-0.0001,0.5821,0.3016,0.4249,7.6310%,7.6518%,0.5436%,-0.008625,PCG,-0.042515,-0.082951,-0.03452,-0.006907,0.0514989999999999
18467,PROCTER & GAMBLE CO,Procter & Gamble's CAGNY Presentation Turns Macquarie Incrementally Bullish,6,increase,0.7,0.6,"the news indicates that macquarie has become incrementally bullish on procter & gamble following their cagny presentation, suggesting positive sentiment that could lead to an increase in stock price.",2,2019-02-26,PG,2019-02-26 21:07:00+00:00,18163.0,74271810,0.0026112496852874,7115354.0,-0.0092156482860445,-0.0067830453626811,-0.0036396784707903,0.0047103748656809,-0.0011161908041685,0.0050362609326839,0.0043681459501385,-0.0071007008664309,0.0022250793408602,0.0153330061584711,-0.0016146537382155,0.0002031715703196,-0.0038410720881074,-0.0078597217798233,-0.0014205924235284,-0.0002015340724028,0.0118890162557363,0.0100743416696786,0.0047198352403938,0.00573122035712,0.0112943248823285,0.0058678165078163,0.0013836666475981,-0.0079656736925244,0.0110541135072708,0.004926064517349,-0.0090784877538681,-0.0060185282491147,0.003841979894787,0.0057453322224318,-0.0017664406914263,0.010365916416049,0.0075697661377489,0.0206306036561727,-0.0080982949584722,0.0104767559096217,0.0029509679879993,0.000213903695112,0.0103962095454335,-0.0008547204197384,-0.0011647749925032,-0.0074231661856174,0.0063168271444737,-0.0056937295012176,0.0048285853117704,0.0486509688198566,-0.0039404481649398,-0.0107197081670165,0.0010613721096888,0.0086054587736725,-0.0005782897351309,-0.0001401266927132,-0.0025074947625398,-0.0069557586684823,0.0021270541474223,0.0094350036233663,0.0127351628616452,-0.0067559676244854,-0.0029532015323638,0.0065810955129563,-9.556789154885335e-05,0.0024189250543713,0.0009555515716783,-0.0163314100354909,0.0029594039078801,0.003690798068419,0.006377363577485,-0.0040003797039389,0.0065260077826678,0.0204103980213403,0.0016528874402865,-0.0070113870315253,0.0018895094981417,-0.0069625694304704,-0.0003771891933865,0.0081157917156815,-0.0268842410296201,-0.0091284113004803,0.0051376381888985,0.0214230250567197,-0.0039541292935609,0.0312499515712261,0.0249806530773639,-0.0396834164857864,-0.0102021712809801,-0.0001099377404898,0.0162245146930217,-0.0085004223510622,-0.0145567525178194,-0.0078926989808678,0.0060039763338863,-0.0030182041227817,0.004926148802042,-0.0400455594062805,-0.003770753275603,0.0015545811038464,-0.0092733092606067,0.026161853224039,0.0035339328460395,0.0012777671217918,-0.0078995134681463,0.0094593670219182,0.0169800873845815,0.0062736812978982,0.0009432928054593,-0.0117584830150008,-0.0048063532449305,0.0025721304118633,0.0104166520759463,-0.0001071810547728,0.0132146552205085,-0.0125912856310606,-0.0061049270443618,0.0182073097676038,-0.001116753090173,-0.0020428171847015,-0.0089443689212203,0.0031277062371373,0.003290387103334,0.0084837805479764,-0.0092156482860445,-0.0067830453626811,-0.0128217847601739,-0.0021046211833893,-0.0139236640061001,0.0029210403278505,-0.007412656428111,0.0110681993969965,0.0022037578122371,0.0190359289377142,0.0483822652256114,0.1007772432714173,0.0765504322304717,0.0915581541512096,2019-02-27,2019-02-28,2019-03-01,2019-03-04,2019-03-05,2019-03-06,2019-03-07,2019-03-08,2019-03-11,2019-03-12,18163.0,2019-02-26,252.0,0.2611%,0.001,0.4148,-0.6317,0.0295,1.0787%,1.2018%,19.4246%,-0.0007729999999999,PG,18163.0,2019-02-27,252.0,-0.9216%,0.001,0.4154,-0.6355,0.0296,1.0803%,1.2029%,19.3364%,-0.008453,PG,18163.0,2019-02-28,252.0,-0.3640%,0.001,0.4105,-0.639,0.0267,1.0785%,1.1998%,19.1997%,-0.002251,PG,18163.0,2019-03-01,252.0,-0.1116%,0.0011,0.395,-0.662,0.0043,1.0677%,1.1885%,19.3045%,-0.002202,PG,18163.0,2019-03-04,252.0,0.4368%,0.001,0.4006,-0.6828,0.0034,1.0648%,1.1887%,19.7570%,0.003668,PG,18163.0,2019-03-05,252.0,0.2225%,0.001,0.3974,-0.7078,0.0012,1.0609%,1.1873%,20.1626%,0.000707,PG,18163.0,2019-03-06,252.0,-0.1615%,0.0009,0.3997,-0.6899,0.0063,1.0620%,1.1861%,19.8237%,-0.007285,PG,18163.0,2019-03-07,252.0,-0.3841%,0.0009,0.401,-0.688,0.0085,1.0621%,1.1862%,19.8263%,-0.001115,PG,18163.0,2019-03-08,252.0,-0.1421%,0.001,0.4007,-0.6807,0.0077,1.0613%,1.1840%,19.6431%,-0.00027,PG,18163.0,2019-03-11,252.0,1.1889%,0.001,0.4043,-0.6733,0.01,1.0619%,1.1845%,19.6225%,0.008319,PG,18163.0,2019-03-12,252.0,0.4720%,0.001,0.4092,-0.6747,0.015,1.0614%,1.1846%,19.7223%,0.0017419999999999,PG,-0.009226,-0.011477,-0.013679,-0.009304,-0.007913
18475,CHILDRENS PLACE INC,"Citigroup Downgrades Children's Place to Neutral, Lowers Price Target to $97",6,decrease,0.8,0.7,"a downgrade from citigroup typically signals reduced confidence in the company's future performance, which is likely to lead to a decrease in stock price.",0,2019-02-26,PLCE,2019-02-26 12:35:00+00:00,85390.0,16890510,-0.021025126799941,525945.0,0.0190191958099603,0.0374389253556728,0.0019921862985938,0.0128599489107728,-0.0100460350513458,-0.0059002763591706,-0.1033826544880867,-0.0004368819936644,0.0570620596408844,0.0028476943261921,0.0179566461592912,0.0169303212314844,-0.0141338156536221,-0.0145977586507797,-0.0076683973893523,-0.0013153868494555,0.0162391867488622,0.0205840021371841,0.0079347724094986,0.0318596586585044,0.0368467383086681,-0.0289205461740493,-0.0382790751755237,-0.0164277609437704,-0.0302630979567766,-0.0338730327785015,0.0048620565794408,0.0255625545978546,-0.0009002118604257,-0.0064039546996355,-0.0094605693593621,-0.0478504002094268,-0.0050027836114168,-0.0146638983860611,-0.0084562385454773,0.0267670173197984,0.0245477110147476,0.003251836169511,0.0370078831911087,0.0214293356984853,0.0287449155002832,-0.0064935130067169,0.0011598546989262,0.0180991198867559,0.0245392508804798,0.019557973369956,0.0176809336990118,-0.0047289156354963,-0.0268687233328819,0.0247942842543125,-0.0138052133843302,0.0410653501749038,0.0351541563868522,-0.0023410622961819,0.0139298709109425,-0.0450480543076992,0.0259726867079734,-0.0150831518694758,-0.0042029158212244,0.0172471813857555,0.0064782458357512,-0.0163049008697271,0.0090696346014738,-0.0050422744825482,0.0258045867085456,-0.0130895609036088,0.0160067696124315,0.0627730414271354,0.006339147221297,-0.0169529821723699,0.0153775243088603,-0.0037157326005399,0.0205273237079381,-0.0142080010846257,-0.0434471704065799,-0.0198020599782466,0.027383180335164,-0.0117203909903764,0.0357500240206718,-0.0225959178060293,-0.0367995984852314,0.073685385286808,0.0063828267157077,0.0076180309988558,0.016127560287714,-0.0362700521945953,0.0059741255827248,-0.0115888621658086,0.0020386753603816,0.003914326429367,0.0172489769756794,0.003710618475452,-0.0005217178841121,-0.0113293379545211,-0.0219245199114084,-0.0241909902542829,-0.0394947081804275,-0.0564229190349578,0.0021299845539033,0.0145363099873065,0.0336382910609245,-0.0128649482503533,0.0148413386195898,-0.0120257697999477,-0.0444013811647892,-0.041154958307743,0.0335576608777046,-0.1338205635547638,-0.0690393149852752,-0.0447564125061035,0.0060361907817423,-0.005553850904107,0.0155237829312682,0.0063654091209173,0.0033761663362383,-0.0202311258763074,0.0136461267247796,0.0062757693231105,-0.0437989868223667,0.025186400860548,0.0190191958099603,0.0374389253556728,0.0210492718898571,0.0507803369337938,0.0107917751153006,0.044580442553102,-0.0419915915041876,0.0470974303971387,-0.0227588152677883,0.1035438251844591,0.0885778520228499,0.0706685753103213,0.1139013744850809,-0.2458552009931403,2019-02-27,2019-02-28,2019-03-01,2019-03-04,2019-03-05,2019-03-06,2019-03-07,2019-03-08,2019-03-11,2019-03-12,85390.0,2019-02-26,252.0,-2.1025%,-0.0015,0.8429,1.0729,0.3578,2.3578%,2.5574%,15.0019%,-0.01181,PLCE,85390.0,2019-02-27,252.0,1.9019%,-0.0014,0.8428,1.0784,0.3578,2.3605%,2.5604%,15.0072%,0.016551,PLCE,85390.0,2019-02-28,252.0,0.1992%,-0.0014,0.8389,1.0759,0.3535,2.3607%,2.5582%,14.8459%,0.0051839999999999,PLCE,85390.0,2019-03-01,252.0,-1.0046%,-0.0015,0.8417,1.0801,0.3655,2.3621%,2.5586%,14.7761%,-0.017882,PLCE,85390.0,2019-03-04,252.0,-10.3383%,-0.0018,0.8474,1.1464,0.3446,2.4347%,2.6374%,14.7770%,-0.096201,PLCE,85390.0,2019-03-05,252.0,5.7062%,-0.0016,0.8364,1.1033,0.3129,2.4684%,2.6605%,13.9231%,0.062793,PLCE,85390.0,2019-03-06,252.0,1.7957%,-0.0013,0.8386,1.0045,0.302,2.4710%,2.6567%,13.4930%,0.0386689999999999,PLCE,85390.0,2019-03-07,252.0,-1.4134%,-0.0014,0.8326,0.9658,0.2829,2.4622%,2.6438%,13.2666%,-0.0056479999999999,PLCE,85390.0,2019-03-08,252.0,-0.7668%,-0.0013,0.8304,1.0109,0.2771,2.4488%,2.6354%,13.6623%,-0.005929,PLCE,85390.0,2019-03-11,252.0,1.6239%,-0.0013,0.8322,1.0043,0.2724,2.4483%,2.6368%,13.7889%,0.001578,PLCE,85390.0,2019-03-12,252.0,0.7935%,-0.0012,0.8445,0.9971,0.2835,2.4476%,2.6374%,13.8778%,0.008794,PLCE,0.0047409999999999,0.0099249999999999,-0.007957,-0.041365,-0.003901
18483,DOUGLAS DYNAMICS INC,Douglas Dynamics Sees FY19 Sales $510M-$570M vs $524.43M Est.,6,uncertain,0.6,0.2,"the sales forecast range is below the estimate, which could lead to mixed reactions from investors, making the stock price movement uncertain.",1,2019-02-26,PLOW,2019-02-26 14:44:00+00:00,93372.0,25960R10,0.0100755086168646,258788.0,0.0635911002755165,0.0221421364694833,-0.0110199581831693,0.0349054485559463,0.0137505456805229,0.0148728834465146,-0.0175397582352161,0.0137061402201652,-0.0088074021041393,0.0066224574111402,-0.0285782571882009,0.0103151034563779,-0.0140914628282189,-0.0011139214038848,-0.0097793228924274,-0.0036071327049285,0.0075968401506543,0.0044593042694032,-0.016838451847434,-0.0038867127150297,-0.0145705444738268,0.0072707533836364,-0.0166018009185791,-0.0027886861935257,0.0065945661626756,-0.0036121439188718,0.0176232066005468,0.0236064232885837,0.0015559531748294,0.0008539361879229,-0.0132055496796965,-0.0076271314173936,-0.002886397531256,0.01142861507833,-0.0265789031982421,0.0124385394155979,0.0056771850213408,0.0,0.0029570055194199,-0.0343575291335582,0.0072366776876151,0.0028010776732116,0.0111761083826422,0.001402503112331,0.0018420972628518,0.0042253951542079,0.0060414904728531,-0.0138888889923691,-0.0120104197412729,0.0092515237629413,-0.0073995450511574,0.0045057688839733,0.0106495656073093,-0.0067133335396647,0.0,-0.0039007910527288,0.0113277221098542,-0.0082895616069436,-0.0218807030469179,0.0075167170725762,0.0133155798539519,0.0050362753681838,0.0063075344078242,-0.015426930040121,0.0005223415209911,0.0356633402407169,0.0057425578124821,-0.0053916694596409,0.005450373981148,0.0214493237435817,0.0020649977959692,-0.0248728394508361,-0.0005152101512067,-0.0142100397497415,-0.0051546590402722,0.0033547366037964,-0.00181346363388,0.0121675245463848,0.015312748029828,0.0079862736165523,-0.012269927188754,0.0394308269023895,0.0018115863204002,-0.0189063847064971,0.009558324702084,-0.0054960553534328,-0.0337769575417041,0.0024460339918732,0.0023834786843508,-0.0211267601698637,0.0044914660975337,0.0,0.0165702532976865,-0.0130664780735969,-0.0103493276983499,-0.0153297996148467,-0.0449673533439636,0.0008218843722715,-0.0041061514057219,0.010800315067172,0.017042301595211,-0.0128485839813947,0.0005405528936535,0.0281056761741638,-0.0143165523186326,-0.0102920420467853,0.005754976067692,0.012961370870471,0.0177111085504293,-0.0510695129632949,-0.0066934404894709,0.0034880887251347,-0.0056603527627885,-0.0145425498485565,-0.0027107202913612,-0.0122747765854001,0.0258222538977861,0.0183511301875114,0.0262320563197135,-0.0015932387905195,0.0635911002755165,0.0221421364694833,0.0518703708264891,0.0578204662308841,0.0663341624105273,0.0735533067324738,0.0384040122434987,0.0954745845814839,-0.0244388949099609,0.1021654712040667,-0.0569734914015347,0.1052339325949223,-0.0273390978228713,0.0622497488994258,2019-02-27,2019-02-28,2019-03-01,2019-03-04,2019-03-05,2019-03-06,2019-03-07,2019-03-08,2019-03-11,2019-03-12,93372.0,2019-02-26,252.0,1.0076%,0.0003,0.7049,0.5697,-0.0607,1.8012%,1.9861%,17.7565%,0.014696,PLOW,93372.0,2019-02-27,252.0,6.3591%,0.0005,0.7069,0.5841,-0.0602,1.8422%,2.0253%,17.2637%,0.061701,PLOW,93372.0,2019-02-28,252.0,-1.1020%,-0.0002,0.8016,0.6488,0.0108,1.4855%,1.7494%,27.9008%,-0.009196,PLOW,93372.0,2019-03-01,252.0,1.3751%,-0.0002,0.817,0.6718,0.0318,1.4787%,1.7501%,28.6141%,0.006051,PLOW,93372.0,2019-03-04,252.0,-1.7540%,-0.0002,0.8076,0.7125,0.0321,1.4731%,1.7460%,28.8193%,-0.010818,PLOW,93372.0,2019-03-05,252.0,-0.8807%,-0.0001,0.8137,0.7561,0.0383,1.4661%,1.7459%,29.4839%,-0.005239,PLOW,93372.0,2019-03-06,252.0,-2.8578%,-0.0002,0.8167,0.7829,0.0454,1.4679%,1.7543%,29.9859%,-0.012322,PLOW,93372.0,2019-03-07,252.0,-1.4091%,-0.0002,0.8189,0.7807,0.0477,1.4683%,1.7550%,30.0006%,-0.006787,PLOW,93372.0,2019-03-08,252.0,-0.9779%,-0.0004,0.8219,0.7506,0.054,1.4592%,1.7434%,29.9485%,-0.008377,PLOW,93372.0,2019-03-11,252.0,0.7597%,-0.0004,0.8182,0.7537,0.0577,1.4592%,1.7437%,29.9725%,-0.007161,PLOW,93372.0,2019-03-12,252.0,-1.6838%,-0.0005,0.8128,0.7623,0.055,1.4625%,1.7436%,29.6415%,-0.016817,PLOW,0.0763969999999999,0.067201,0.073252,0.0571949999999999,0.0057309999999999
18491,DOUGLAS DYNAMICS INC,"Douglas Dynamics Late Monday Reported Q4 EPS $0.62 Beats $0.55 Estimate, Sales $151.825M Beat $140.27M Estimate",6,increase,0.8,0.7,"the company reported better-than-expected earnings and sales, which typically leads to a positive reaction in stock prices.",2,2019-02-26,PLOW,2019-02-26 14:42:00+00:00,93372.0,25960R10,0.0100755086168646,258788.0,0.0635911002755165,0.0221421364694833,-0.0110199581831693,0.0349054485559463,0.0137505456805229,0.0148728834465146,-0.0175397582352161,0.0137061402201652,-0.0088074021041393,0.0066224574111402,-0.0285782571882009,0.0103151034563779,-0.0140914628282189,-0.0011139214038848,-0.0097793228924274,-0.0036071327049285,0.0075968401506543,0.0044593042694032,-0.016838451847434,-0.0038867127150297,-0.0145705444738268,0.0072707533836364,-0.0166018009185791,-0.0027886861935257,0.0065945661626756,-0.0036121439188718,0.0176232066005468,0.0236064232885837,0.0015559531748294,0.0008539361879229,-0.0132055496796965,-0.0076271314173936,-0.002886397531256,0.01142861507833,-0.0265789031982421,0.0124385394155979,0.0056771850213408,0.0,0.0029570055194199,-0.0343575291335582,0.0072366776876151,0.0028010776732116,0.0111761083826422,0.001402503112331,0.0018420972628518,0.0042253951542079,0.0060414904728531,-0.0138888889923691,-0.0120104197412729,0.0092515237629413,-0.0073995450511574,0.0045057688839733,0.0106495656073093,-0.0067133335396647,0.0,-0.0039007910527288,0.0113277221098542,-0.0082895616069436,-0.0218807030469179,0.0075167170725762,0.0133155798539519,0.0050362753681838,0.0063075344078242,-0.015426930040121,0.0005223415209911,0.0356633402407169,0.0057425578124821,-0.0053916694596409,0.005450373981148,0.0214493237435817,0.0020649977959692,-0.0248728394508361,-0.0005152101512067,-0.0142100397497415,-0.0051546590402722,0.0033547366037964,-0.00181346363388,0.0121675245463848,0.015312748029828,0.0079862736165523,-0.012269927188754,0.0394308269023895,0.0018115863204002,-0.0189063847064971,0.009558324702084,-0.0054960553534328,-0.0337769575417041,0.0024460339918732,0.0023834786843508,-0.0211267601698637,0.0044914660975337,0.0,0.0165702532976865,-0.0130664780735969,-0.0103493276983499,-0.0153297996148467,-0.0449673533439636,0.0008218843722715,-0.0041061514057219,0.010800315067172,0.017042301595211,-0.0128485839813947,0.0005405528936535,0.0281056761741638,-0.0143165523186326,-0.0102920420467853,0.005754976067692,0.012961370870471,0.0177111085504293,-0.0510695129632949,-0.0066934404894709,0.0034880887251347,-0.0056603527627885,-0.0145425498485565,-0.0027107202913612,-0.0122747765854001,0.0258222538977861,0.0183511301875114,0.0262320563197135,-0.0015932387905195,0.0635911002755165,0.0221421364694833,0.0518703708264891,0.0578204662308841,0.0663341624105273,0.0735533067324738,0.0384040122434987,0.0954745845814839,-0.0244388949099609,0.1021654712040667,-0.0569734914015347,0.1052339325949223,-0.0273390978228713,0.0622497488994258,2019-02-27,2019-02-28,2019-03-01,2019-03-04,2019-03-05,2019-03-06,2019-03-07,2019-03-08,2019-03-11,2019-03-12,93372.0,2019-02-26,252.0,1.0076%,0.0003,0.7049,0.5697,-0.0607,1.8012%,1.9861%,17.7565%,0.014696,PLOW,93372.0,2019-02-27,252.0,6.3591%,0.0005,0.7069,0.5841,-0.0602,1.8422%,2.0253%,17.2637%,0.061701,PLOW,93372.0,2019-02-28,252.0,-1.1020%,-0.0002,0.8016,0.6488,0.0108,1.4855%,1.7494%,27.9008%,-0.009196,PLOW,93372.0,2019-03-01,252.0,1.3751%,-0.0002,0.817,0.6718,0.0318,1.4787%,1.7501%,28.6141%,0.006051,PLOW,93372.0,2019-03-04,252.0,-1.7540%,-0.0002,0.8076,0.7125,0.0321,1.4731%,1.7460%,28.8193%,-0.010818,PLOW,93372.0,2019-03-05,252.0,-0.8807%,-0.0001,0.8137,0.7561,0.0383,1.4661%,1.7459%,29.4839%,-0.005239,PLOW,93372.0,2019-03-06,252.0,-2.8578%,-0.0002,0.8167,0.7829,0.0454,1.4679%,1.7543%,29.9859%,-0.012322,PLOW,93372.0,2019-03-07,252.0,-1.4091%,-0.0002,0.8189,0.7807,0.0477,1.4683%,1.7550%,30.0006%,-0.006787,PLOW,93372.0,2019-03-08,252.0,-0.9779%,-0.0004,0.8219,0.7506,0.054,1.4592%,1.7434%,29.9485%,-0.008377,PLOW,93372.0,2019-03-11,252.0,0.7597%,-0.0004,0.8182,0.7537,0.0577,1.4592%,1.7437%,29.9725%,-0.007161,PLOW,93372.0,2019-03-12,252.0,-1.6838%,-0.0005,0.8128,0.7623,0.055,1.4625%,1.7436%,29.6415%,-0.016817,PLOW,0.0763969999999999,0.067201,0.073252,0.0571949999999999,0.0057309999999999
18499,PATRIOT NATIONAL BANCORP INC,Patriot National Bancorp Q4 EPS $0.04 Down From $0.20 YoY,6,decrease,0.8,0.6,"the decrease in eps from $0.20 to $0.04 year-over-year suggests a decline in profitability, which is likely to negatively impact investor sentiment and lead to a decrease in stock price.",0,2019-02-26,PNBK,2019-02-26 13:51:00+00:00,80837.0,70336F20,0.0,92.0,0.0003395015664864,-0.01380998454988,-0.0190088078379631,0.0140033708885312,0.0,-0.0016948893899098,0.0312664620578289,0.0068946569226682,0.0388006418943405,-0.0068474463187158,-0.0032299249432981,-0.0100670885294675,-0.0006481029558926,-0.0033444943837821,-0.0492866709828376,0.0,0.0300341676920652,0.0,-0.0284957122057676,0.0,-0.0102318972349166,0.0070459507405757,-0.0082701500505208,0.0095477681607007,0.0006948766531422,0.0211805775761604,0.004166695754975,-0.0469887517392635,0.0124481534585356,0.0223274640738964,0.0266393013298511,-0.0276251789182424,0.0232867859303951,0.0287580415606498,-0.0263328831642866,0.0296166706830263,0.055091805756092,-0.0287647545337677,0.0126582160592079,0.0,0.0128124952316284,0.0,-0.0422708727419376,0.025329615920782,0.0341494046151638,-0.0393333435058593,-0.0495326593518257,0.0152284521609544,0.0180268511176109,0.0296166706830263,0.0160978753119707,-0.0254668928682804,0.0243980474770069,0.0076023647561669,0.0015465274918824,-0.0158990025520324,0.0,-0.0060240430757403,-0.000308898568619,0.0253946390002965,-0.047265950590372,0.0,0.0496108569204807,0.0255507789552211,-0.0497373715043067,0.0147856986150145,0.0266579873859882,-0.0106006804853677,0.023432545363903,-0.0118715139105916,-0.00061882607406,0.0123718082904815,-0.0086686927825212,-0.0073683890514075,-0.0074953082948923,0.0019476754823699,-0.0292636975646019,-0.0581258796155452,0.0126417949795723,-0.0081515312194824,0.0054801474325358,-0.0130243161693215,-0.0067236786708235,0.0132627710700035,-0.0051282001659274,-0.0024181206244975,0.0534793734550476,-0.0217948816716671,0.0085626533254981,0.0269914958626031,-0.041237074881792,0.00596021162346,0.008222590200603,-0.0289388932287693,-0.0188205298036336,0.0243741683661937,0.0230178795754909,0.0046327365562319,-0.0089687705039978,-0.0514752455055713,0.0099958833307027,-0.0043749809265136,-0.0284108016639947,-0.0006246239063329,0.0224935356527566,-0.0267477519810199,-0.0296668838709592,-0.0030302568338811,0.0189143549650907,-0.0149253727868199,-0.0031785911414772,0.0,0.0044642663560807,-0.0147058824077248,-0.0126984007656574,0.0029498073272407,0.0460064150393009,-0.0202311258763074,-0.0187760461121797,-0.0191632416099309,0.0003395015664864,-0.01380998454988,-0.0186757597915147,3.034239526300553e-12,-0.0186757597915147,-0.0016948893868806,0.0512732898932726,-0.0016948895757713,-0.0037347133716502,-0.0150501290816802,0.0999013125068344,0.0106383435512014,0.08461078599673,-0.1651547839728564,2019-02-27,2019-02-28,2019-03-01,2019-03-04,2019-03-05,2019-03-06,2019-03-07,2019-03-08,2019-03-11,2019-03-12,80837.0,2019-02-26,252.0,0.0000%,-0.0006,0.1174,-0.3258,0.154,1.9974%,2.0103%,1.2769%,-0.001456,PNBK,80837.0,2019-02-27,252.0,0.0340%,-0.0006,0.1221,-0.3337,0.1547,1.9963%,2.0097%,1.3300%,0.0009379999999999,PNBK,80837.0,2019-02-28,252.0,-1.9009%,-0.0007,0.1296,-0.3291,0.1643,1.9989%,2.0126%,1.3630%,-0.018277,PNBK,80837.0,2019-03-01,252.0,0.0000%,-0.0007,0.1305,-0.3279,0.165,1.9989%,2.0126%,1.3626%,0.000588,PNBK,80837.0,2019-03-04,252.0,3.1266%,-0.0007,0.1411,-0.3907,0.1685,1.9987%,2.0162%,1.7328%,0.0299,PNBK,80837.0,2019-03-05,252.0,3.8801%,-0.0006,0.133,-0.4284,0.1484,2.0130%,2.0314%,1.8092%,0.038144,PNBK,80837.0,2019-03-06,252.0,-0.3230%,-0.0008,0.1103,-0.3919,0.1278,1.9904%,2.0055%,1.4941%,-0.00766,PNBK,80837.0,2019-03-07,252.0,-0.0648%,-0.0007,0.1116,-0.3833,0.1319,1.9899%,2.0046%,1.4607%,0.000314,PNBK,80837.0,2019-03-08,252.0,-4.9287%,-0.0009,0.1184,-0.3889,0.1432,2.0125%,2.0278%,1.5035%,-0.048715,PNBK,80837.0,2019-03-11,252.0,3.0034%,-0.0008,0.1347,-0.3783,0.1409,2.0219%,2.0371%,1.4884%,0.030324,PNBK,80837.0,2019-03-12,252.0,-2.8496%,-0.0009,0.1346,-0.3652,0.1462,2.0301%,2.0446%,1.4127%,-0.029869,PNBK,-0.000518,-0.018795,-0.018207,0.049837,-0.005769
18507,PERFICIENT INC,"Perficient Sees Q1 Adj. EPS $0.38-$0.41 vs $0.38 Estimate, Sales $129M-$133M vs $130M Est.; FY19 Adj. EPS $1.65-$1.77 vs $1.65 Est., Sales $515M-$545M vs $524.3M Est.",6,uncertain,0.6,0.2,"while perficient's adjusted eps and sales guidance are in line with estimates, the range provided leaves room for both positive and negative interpretations, leading to uncertainty in stock price movement.",1,2019-02-26,PRFT,2019-02-26 13:07:00+00:00,87086.0,71375U10,0.0838660970330238,657653.0,-0.0065926625393331,0.0037750238552689,-0.0006985173095017,-0.0045096143148839,0.0206221658736467,-0.0188053175806999,-0.0126712610945105,0.0078038275241851,-0.018383651971817,0.0018614756409078,-0.0141342626884579,0.0093949642032384,-0.0082437116652727,-0.0037438592407852,0.0083122346550226,0.007164352107793,0.0254480652511119,0.0133741069585084,0.0066409865394234,0.0026819806080311,-0.0055555505678057,0.0007668887265026,0.0010475100716575,-0.0019134802278131,0.0003488046349957,0.0003827841137535,0.0101115414872765,0.0046154167503118,-0.017949553206563,0.0152284018695354,-0.0133568029850721,0.003920046146959,0.013537622988224,0.009098082780838,-0.0333919413387775,0.0205894317477941,-0.0087272645905613,-0.0197863075882196,0.0066030924208462,0.001188616733998,-0.0061953379772603,0.0087929377332329,0.0069673131220042,0.0109091093763709,-0.0025491514243185,-0.016295701265335,0.0116830850020051,0.0023904170375317,-0.0097437230870127,0.0,0.0134839257225394,0.0228198636323213,0.0089895725250244,0.009876612573862,0.0032074181362986,0.0248840227723121,-0.0078152511268854,-0.0104340575635433,-0.0071607860736548,0.0204429104924202,0.0147854257375001,0.00384780485183,-0.0053304769098758,0.0090594943612813,-0.0010718358680605,0.0247568283230066,0.0032188897021114,0.0134409116581082,-0.0028520473279058,0.0182481575757265,0.0046478752046823,-0.0085934204980731,0.0049821846187114,-0.0067385272122919,0.0077903438359498,0.0127388853579759,0.0101897725835442,0.001366686890833,0.0038261082954704,0.0009120135800912,-0.0103950500488281,0.0403225980699062,0.0077031240798532,-0.0018939826404675,0.0128561127930879,-0.0413073003292083,0.0099485740065574,-0.0178332421928644,-0.003396752057597,-0.0105866687372326,0.0763462781906127,0.0075555588118731,0.015516142360866,-0.0118577275425195,-0.0021827158052474,-0.0306513123214244,-0.0293750166893005,-0.0117795830592513,-0.0115904286503791,0.0029535735957324,0.0013028992107138,-0.0054552732035517,0.0032531027682125,0.0050611910410225,-0.0275616198778152,-0.0334285199642181,0.0246748849749565,0.0165769383311271,0.0146436961367726,-0.0518664643168449,0.0166773721575737,0.0055314619094133,-0.0129337487742304,0.0181013215333223,0.0137423584237694,-0.0063948780298233,-0.0037830686196684,0.0266721211373806,0.0123417526483535,-0.0069274683482944,-0.0065926625393331,0.0037750238552689,-0.0072865747599354,-0.0007516143612317,0.0131853261603611,-0.0195427975951704,-0.0180430405662928,-0.010052138749771,-0.0006939773169902,0.0187739372552007,-0.0378209616207126,0.1324531789546843,0.1099930705449561,0.0835370449705861,2019-02-27,2019-02-28,2019-03-01,2019-03-04,2019-03-05,2019-03-06,2019-03-07,2019-03-08,2019-03-11,2019-03-12,87086.0,2019-02-26,252.0,8.3866%,0.0014,0.8268,0.7329,-0.0511,1.3405%,1.6666%,35.3058%,0.090554,PRFT,87086.0,2019-02-27,252.0,-0.6593%,0.0013,0.8253,0.7325,-0.0514,1.3419%,1.6666%,35.1685%,-0.008891,PRFT,87086.0,2019-02-28,252.0,-0.0699%,0.0013,0.8241,0.7316,-0.0523,1.3419%,1.6643%,34.9918%,0.001485,PRFT,87086.0,2019-03-01,252.0,2.0622%,0.0014,0.8313,0.7424,-0.0461,1.3426%,1.6683%,35.2333%,0.012268,PRFT,87086.0,2019-03-04,252.0,-1.2671%,0.0011,0.8554,0.6685,-0.0537,1.3057%,1.6446%,36.9610%,-0.005289,PRFT,87086.0,2019-03-05,252.0,-1.8384%,0.0008,0.8436,0.5664,-0.0561,1.2451%,1.5749%,37.4977%,-0.015076,PRFT,87086.0,2019-03-06,252.0,-1.4134%,0.0007,0.8331,0.5773,-0.0665,1.2384%,1.5688%,37.6798%,2.1e-05,PRFT,87086.0,2019-03-07,252.0,-0.8244%,0.0007,0.8299,0.5577,-0.0763,1.2340%,1.5628%,37.6590%,-0.001318,PRFT,87086.0,2019-03-08,252.0,0.8312%,0.0006,0.8295,0.5452,-0.0763,1.2331%,1.5601%,37.5235%,0.00964,PRFT,87086.0,2019-03-11,252.0,2.5448%,0.0007,0.8344,0.5553,-0.0731,1.2341%,1.5672%,37.9927%,0.010639,PRFT,87086.0,2019-03-12,252.0,0.6641%,0.0007,0.8409,0.5516,-0.0672,1.2337%,1.5672%,38.0325%,0.0059609999999999,PRFT,0.081663,0.083148,0.095416,0.075051,0.0999939999999999
18515,PERFICIENT INC,"Perficient Q4 Adj. EPS $0.47 Beats $0.40 Estimate, Sales $131.7M Beat $128.35M Estimate",6,increase,0.8,0.7,"the positive earnings per share and sales results exceeding estimates typically indicate strong financial performance, which is likely to boost investor confidence and increase the stock price.",2,2019-02-26,PRFT,2019-02-26 13:07:00+00:00,87086.0,71375U10,0.0838660970330238,657653.0,-0.0065926625393331,0.0037750238552689,-0.0006985173095017,-0.0045096143148839,0.0206221658736467,-0.0188053175806999,-0.0126712610945105,0.0078038275241851,-0.018383651971817,0.0018614756409078,-0.0141342626884579,0.0093949642032384,-0.0082437116652727,-0.0037438592407852,0.0083122346550226,0.007164352107793,0.0254480652511119,0.0133741069585084,0.0066409865394234,0.0026819806080311,-0.0055555505678057,0.0007668887265026,0.0010475100716575,-0.0019134802278131,0.0003488046349957,0.0003827841137535,0.0101115414872765,0.0046154167503118,-0.017949553206563,0.0152284018695354,-0.0133568029850721,0.003920046146959,0.013537622988224,0.009098082780838,-0.0333919413387775,0.0205894317477941,-0.0087272645905613,-0.0197863075882196,0.0066030924208462,0.001188616733998,-0.0061953379772603,0.0087929377332329,0.0069673131220042,0.0109091093763709,-0.0025491514243185,-0.016295701265335,0.0116830850020051,0.0023904170375317,-0.0097437230870127,0.0,0.0134839257225394,0.0228198636323213,0.0089895725250244,0.009876612573862,0.0032074181362986,0.0248840227723121,-0.0078152511268854,-0.0104340575635433,-0.0071607860736548,0.0204429104924202,0.0147854257375001,0.00384780485183,-0.0053304769098758,0.0090594943612813,-0.0010718358680605,0.0247568283230066,0.0032188897021114,0.0134409116581082,-0.0028520473279058,0.0182481575757265,0.0046478752046823,-0.0085934204980731,0.0049821846187114,-0.0067385272122919,0.0077903438359498,0.0127388853579759,0.0101897725835442,0.001366686890833,0.0038261082954704,0.0009120135800912,-0.0103950500488281,0.0403225980699062,0.0077031240798532,-0.0018939826404675,0.0128561127930879,-0.0413073003292083,0.0099485740065574,-0.0178332421928644,-0.003396752057597,-0.0105866687372326,0.0763462781906127,0.0075555588118731,0.015516142360866,-0.0118577275425195,-0.0021827158052474,-0.0306513123214244,-0.0293750166893005,-0.0117795830592513,-0.0115904286503791,0.0029535735957324,0.0013028992107138,-0.0054552732035517,0.0032531027682125,0.0050611910410225,-0.0275616198778152,-0.0334285199642181,0.0246748849749565,0.0165769383311271,0.0146436961367726,-0.0518664643168449,0.0166773721575737,0.0055314619094133,-0.0129337487742304,0.0181013215333223,0.0137423584237694,-0.0063948780298233,-0.0037830686196684,0.0266721211373806,0.0123417526483535,-0.0069274683482944,-0.0065926625393331,0.0037750238552689,-0.0072865747599354,-0.0007516143612317,0.0131853261603611,-0.0195427975951704,-0.0180430405662928,-0.010052138749771,-0.0006939773169902,0.0187739372552007,-0.0378209616207126,0.1324531789546843,0.1099930705449561,0.0835370449705861,2019-02-27,2019-02-28,2019-03-01,2019-03-04,2019-03-05,2019-03-06,2019-03-07,2019-03-08,2019-03-11,2019-03-12,87086.0,2019-02-26,252.0,8.3866%,0.0014,0.8268,0.7329,-0.0511,1.3405%,1.6666%,35.3058%,0.090554,PRFT,87086.0,2019-02-27,252.0,-0.6593%,0.0013,0.8253,0.7325,-0.0514,1.3419%,1.6666%,35.1685%,-0.008891,PRFT,87086.0,2019-02-28,252.0,-0.0699%,0.0013,0.8241,0.7316,-0.0523,1.3419%,1.6643%,34.9918%,0.001485,PRFT,87086.0,2019-03-01,252.0,2.0622%,0.0014,0.8313,0.7424,-0.0461,1.3426%,1.6683%,35.2333%,0.012268,PRFT,87086.0,2019-03-04,252.0,-1.2671%,0.0011,0.8554,0.6685,-0.0537,1.3057%,1.6446%,36.9610%,-0.005289,PRFT,87086.0,2019-03-05,252.0,-1.8384%,0.0008,0.8436,0.5664,-0.0561,1.2451%,1.5749%,37.4977%,-0.015076,PRFT,87086.0,2019-03-06,252.0,-1.4134%,0.0007,0.8331,0.5773,-0.0665,1.2384%,1.5688%,37.6798%,2.1e-05,PRFT,87086.0,2019-03-07,252.0,-0.8244%,0.0007,0.8299,0.5577,-0.0763,1.2340%,1.5628%,37.6590%,-0.001318,PRFT,87086.0,2019-03-08,252.0,0.8312%,0.0006,0.8295,0.5452,-0.0763,1.2331%,1.5601%,37.5235%,0.00964,PRFT,87086.0,2019-03-11,252.0,2.5448%,0.0007,0.8344,0.5553,-0.0731,1.2341%,1.5672%,37.9927%,0.010639,PRFT,87086.0,2019-03-12,252.0,0.6641%,0.0007,0.8409,0.5516,-0.0672,1.2337%,1.5672%,38.0325%,0.0059609999999999,PRFT,0.081663,0.083148,0.095416,0.075051,0.0999939999999999
18523,PUBLIC STORAGE,Public Storage Q4 FFO $2.77 vs $2.70 In Same Qtr. Last Year,6,increase,0.8,0.6,"the increase in ffo (funds from operations) compared to the same quarter last year suggests improved financial performance, which is likely to positively influence investor sentiment and increase the stock price.",2,2019-02-26,PSA,2019-02-26 23:10:00+00:00,64653.0,74460D10,0.0064048124477267,818758.0,0.034089807420969,0.0013423698255792,0.008969061076641,0.003292117267847,0.0024114355910569,-0.0249975658953189,0.0016509721754118,-0.0110144224017858,0.0037673076149076,0.0008183217723853,0.0002815520565491,-0.0019696776289492,0.0045025628060102,0.0009135755826719,0.0007004209328442,0.0010590219171717,0.0210899077355861,-0.0131584675982594,0.0065344907343387,-0.0002850017335731,0.0039858664385974,0.0034788935445249,-0.0026010407600551,0.006233830936253,-0.0043464894406497,-0.002105476334691,0.000643320439849,-0.0009560997714288,-0.0012858136324211,-0.0015274812467396,0.0062994775362312,-0.0142104467377066,0.0144847985357046,0.0107966912910342,0.0004503686213865,-0.0007128987926989,0.0095444377511739,0.0105667486786842,-0.0179272387176752,0.0124489283189177,-0.004631751216948,0.014854634180665,-0.0009123948402702,0.003963747061789,-0.0055707818828523,0.0015880468999966,0.0024336429778486,-0.0079752393066883,0.0051302970387041,-0.0088318409398198,-0.0023697263095527,0.0030835734214633,-0.0054360348731279,0.0014705311041325,0.0039041249547153,0.0152276568114757,-0.0026078936643898,0.0012456403346732,0.0064219902269542,-0.0010949692223221,0.0004558163345791,0.0138258431106805,0.0006378104444593,-0.0069650476798415,0.0096521358937025,0.0179546251893043,-0.0054563106968998,-0.0027975740376859,-0.0141011131927371,-0.0110663827508688,-0.0034492274280637,0.0191736165434122,0.0035072891041636,-0.0363124646246433,-0.0142561085522174,0.002526051364839,0.0076976618729531,0.0009418827830813,0.0102777834981679,0.006536990404129,-0.0065530561842024,0.018965758383274,0.0099635766819119,-0.0326119288802146,-0.0080383401364088,0.0018233399605378,0.0183709654957056,-0.0015744518022984,0.0037526080850511,-0.0043597500771284,0.0218458902090787,0.0228991918265819,-0.000484883232275,-0.0191674139350652,0.0003087423392571,0.0222054664045572,-0.0184728074818849,-0.0256497655063867,-0.0014373953454196,-0.0306064914911985,0.0026089777238667,-0.005609035026282,0.0117546552792191,-0.000933954201173,0.0141457254067063,-0.00966561678797,-0.0043725403957068,0.0208677500486373,0.0032938076183199,-0.0028716721571981,0.0029327999800443,-0.0039388369768857,0.0043645254336297,0.0066081085242331,0.0018251268193125,0.0070827850140631,0.0016916778404265,0.008436769247055,0.0035941707901656,0.0094357728958129,0.034089807420969,0.0013423698255792,0.0433646220624597,0.0046389063323089,0.0458806286465507,-0.0204746209297341,0.0515540076045473,-0.030470789060694,0.0866798617717221,-0.0435009892821957,0.0923056334398253,0.0024388115773787,0.1538411787282452,-0.0161547723171102,2019-02-27,2019-02-28,2019-03-01,2019-03-04,2019-03-05,2019-03-06,2019-03-07,2019-03-08,2019-03-11,2019-03-12,64653.0,2019-02-26,252.0,0.6405%,0.0003,0.1573,-0.183,-0.0256,1.1055%,1.1217%,2.8698%,0.005332,PSA,64653.0,2019-02-27,252.0,3.4090%,0.0004,0.1589,-0.176,-0.0252,1.1259%,1.1417%,2.7470%,0.034165,PSA,64653.0,2019-02-28,252.0,0.8969%,0.0005,0.1496,-0.1821,-0.0341,1.1238%,1.1386%,2.5924%,0.009334,PSA,64653.0,2019-03-01,252.0,0.2411%,0.0005,0.1548,-0.1744,-0.0266,1.1226%,1.1377%,2.6435%,0.0016359999999999,PSA,64653.0,2019-03-04,252.0,0.1651%,0.0004,0.1601,-0.1932,-0.0277,1.1202%,1.1366%,2.8752%,0.001772,PSA,64653.0,2019-03-05,252.0,0.3767%,0.0005,0.1608,-0.186,-0.0282,1.1198%,1.1361%,2.8497%,0.003284,PSA,64653.0,2019-03-06,252.0,0.0282%,0.0004,0.1564,-0.1792,-0.0323,1.1183%,1.1338%,2.7094%,-0.00079,PSA,64653.0,2019-03-07,252.0,0.4503%,0.0004,0.153,-0.1859,-0.0387,1.1184%,1.1339%,2.6985%,0.005463,PSA,64653.0,2019-03-08,252.0,0.0700%,0.0004,0.153,-0.1859,-0.0388,1.1185%,1.1338%,2.6929%,0.000974,PSA,64653.0,2019-03-11,252.0,2.1090%,0.0005,0.1624,-0.1711,-0.0352,1.1238%,1.1399%,2.8150%,0.019188,PSA,64653.0,2019-03-12,252.0,0.6534%,0.0005,0.1653,-0.1739,-0.0331,1.1241%,1.1405%,2.8677%,0.005531,PSA,0.039497,0.048831,0.050467,0.055523,0.085889
18531,PUBLIC STORAGE,"Public Storage Q4 EPS $2.81 Beats $2.11 Estimate, Sales $654.248M Miss $690.85M Estimate",6,uncertain,0.6,0.3,"while the earnings per share (eps) beat estimates, the significant miss in sales could raise concerns among investors, leading to uncertainty about the overall impact on the stock price.",1,2019-02-26,PSA,2019-02-26 23:09:00+00:00,64653.0,74460D10,0.0064048124477267,818758.0,0.034089807420969,0.0013423698255792,0.008969061076641,0.003292117267847,0.0024114355910569,-0.0249975658953189,0.0016509721754118,-0.0110144224017858,0.0037673076149076,0.0008183217723853,0.0002815520565491,-0.0019696776289492,0.0045025628060102,0.0009135755826719,0.0007004209328442,0.0010590219171717,0.0210899077355861,-0.0131584675982594,0.0065344907343387,-0.0002850017335731,0.0039858664385974,0.0034788935445249,-0.0026010407600551,0.006233830936253,-0.0043464894406497,-0.002105476334691,0.000643320439849,-0.0009560997714288,-0.0012858136324211,-0.0015274812467396,0.0062994775362312,-0.0142104467377066,0.0144847985357046,0.0107966912910342,0.0004503686213865,-0.0007128987926989,0.0095444377511739,0.0105667486786842,-0.0179272387176752,0.0124489283189177,-0.004631751216948,0.014854634180665,-0.0009123948402702,0.003963747061789,-0.0055707818828523,0.0015880468999966,0.0024336429778486,-0.0079752393066883,0.0051302970387041,-0.0088318409398198,-0.0023697263095527,0.0030835734214633,-0.0054360348731279,0.0014705311041325,0.0039041249547153,0.0152276568114757,-0.0026078936643898,0.0012456403346732,0.0064219902269542,-0.0010949692223221,0.0004558163345791,0.0138258431106805,0.0006378104444593,-0.0069650476798415,0.0096521358937025,0.0179546251893043,-0.0054563106968998,-0.0027975740376859,-0.0141011131927371,-0.0110663827508688,-0.0034492274280637,0.0191736165434122,0.0035072891041636,-0.0363124646246433,-0.0142561085522174,0.002526051364839,0.0076976618729531,0.0009418827830813,0.0102777834981679,0.006536990404129,-0.0065530561842024,0.018965758383274,0.0099635766819119,-0.0326119288802146,-0.0080383401364088,0.0018233399605378,0.0183709654957056,-0.0015744518022984,0.0037526080850511,-0.0043597500771284,0.0218458902090787,0.0228991918265819,-0.000484883232275,-0.0191674139350652,0.0003087423392571,0.0222054664045572,-0.0184728074818849,-0.0256497655063867,-0.0014373953454196,-0.0306064914911985,0.0026089777238667,-0.005609035026282,0.0117546552792191,-0.000933954201173,0.0141457254067063,-0.00966561678797,-0.0043725403957068,0.0208677500486373,0.0032938076183199,-0.0028716721571981,0.0029327999800443,-0.0039388369768857,0.0043645254336297,0.0066081085242331,0.0018251268193125,0.0070827850140631,0.0016916778404265,0.008436769247055,0.0035941707901656,0.0094357728958129,0.034089807420969,0.0013423698255792,0.0433646220624597,0.0046389063323089,0.0458806286465507,-0.0204746209297341,0.0515540076045473,-0.030470789060694,0.0866798617717221,-0.0435009892821957,0.0923056334398253,0.0024388115773787,0.1538411787282452,-0.0161547723171102,2019-02-27,2019-02-28,2019-03-01,2019-03-04,2019-03-05,2019-03-06,2019-03-07,2019-03-08,2019-03-11,2019-03-12,64653.0,2019-02-26,252.0,0.6405%,0.0003,0.1573,-0.183,-0.0256,1.1055%,1.1217%,2.8698%,0.005332,PSA,64653.0,2019-02-27,252.0,3.4090%,0.0004,0.1589,-0.176,-0.0252,1.1259%,1.1417%,2.7470%,0.034165,PSA,64653.0,2019-02-28,252.0,0.8969%,0.0005,0.1496,-0.1821,-0.0341,1.1238%,1.1386%,2.5924%,0.009334,PSA,64653.0,2019-03-01,252.0,0.2411%,0.0005,0.1548,-0.1744,-0.0266,1.1226%,1.1377%,2.6435%,0.0016359999999999,PSA,64653.0,2019-03-04,252.0,0.1651%,0.0004,0.1601,-0.1932,-0.0277,1.1202%,1.1366%,2.8752%,0.001772,PSA,64653.0,2019-03-05,252.0,0.3767%,0.0005,0.1608,-0.186,-0.0282,1.1198%,1.1361%,2.8497%,0.003284,PSA,64653.0,2019-03-06,252.0,0.0282%,0.0004,0.1564,-0.1792,-0.0323,1.1183%,1.1338%,2.7094%,-0.00079,PSA,64653.0,2019-03-07,252.0,0.4503%,0.0004,0.153,-0.1859,-0.0387,1.1184%,1.1339%,2.6985%,0.005463,PSA,64653.0,2019-03-08,252.0,0.0700%,0.0004,0.153,-0.1859,-0.0388,1.1185%,1.1338%,2.6929%,0.000974,PSA,64653.0,2019-03-11,252.0,2.1090%,0.0005,0.1624,-0.1711,-0.0352,1.1238%,1.1399%,2.8150%,0.019188,PSA,64653.0,2019-03-12,252.0,0.6534%,0.0005,0.1653,-0.1739,-0.0331,1.1241%,1.1405%,2.8677%,0.005531,PSA,0.039497,0.048831,0.050467,0.055523,0.085889
18539,PAPA JOHNS INTL INC,Papa John's Shares Rise Despite Q4 Earnings Miss,6,uncertain,0.6,0.3,"while the shares rose despite a q4 earnings miss, the overall market reaction can be unpredictable, leading to uncertainty about the stock's future performance.",1,2019-02-26,PZZA,2019-02-26 21:35:00+00:00,79299.0,69881310,-0.0019106285180896,1513396.0,0.0232112314552068,-0.0011927299201488,0.0222170446068048,0.0206963345408439,-0.00892242975533,-0.0556450188159942,0.0016158748185262,0.0041560907848179,0.050011571496725,-0.0430843345820903,-0.0160228163003921,0.0402206405997276,-0.0069150426425039,0.0062441402114927,0.0042677139863371,-0.0116571048274636,-0.0002236260770587,-0.0011415351182222,0.0158836487680673,0.0190786346793174,0.0211406983435154,-0.0111009180545806,-0.0030191803816705,0.0177031978964805,0.0209820736199617,-0.0187428500503301,0.0029660887084901,0.0424112156033515,-0.007604575715959,0.0898468717932701,0.0031928804237395,-0.0893828943371772,-0.0050923335365951,0.0035595996305346,0.0620601400732994,-0.0044885999523103,-0.0208835527300834,-0.0072701117023825,0.0096390740945935,0.0109056206420064,0.0253910217434167,-0.0770240798592567,0.0293185338377952,0.0196341164410114,0.0190531499683857,0.0766273960471153,-0.0198300145566463,-0.0286980755627155,-0.0025048374664038,-0.0020954634528607,-0.0139076923951506,0.0177725106477737,0.0039177425205707,-0.0068251565098762,0.0132682984694838,0.0016502478392794,-0.0402464866638183,-0.0032895489130169,0.0136436661705374,0.0018832823261618,-0.0017814757302403,-0.0035186845343559,0.0055522262118756,-0.0249313842505216,-0.0102543970569968,0.0231687743216753,-0.0089658685028553,0.0237182043492794,-0.0205066427588462,0.0357320718467235,-0.0158046074211597,0.00423618638888,0.0273200739175081,0.0080381734296679,-0.0004059408092871,-0.0153351202607154,-0.006904958281666,-0.0110078463330864,0.0331288129091262,-0.0231779552996158,0.0045526432804763,0.0290140248835086,0.0126108257099986,-0.0036747066769748,0.0093403300270438,-0.0333885848522186,-0.0136880492791533,-0.0256114583462476,0.0062548806890845,-0.0251911599189043,0.0149572743102908,-0.0015719671500846,0.0155024183914065,-0.0193790141493082,0.0079155322164297,-0.0141120608896017,-0.0387060530483722,0.0267499051988124,0.0165337193757295,0.0076370202004909,0.018178354948759,0.0118181919679045,-0.0096785919740796,-0.023957448080182,-0.0303030330687761,-0.0161501057446003,-0.0041274153627455,-0.0019603604450821,-0.0102624166756868,-0.0183878690004348,-0.039481621235609,-0.0254219882190227,-0.007265901658684,-0.0043568275868892,-0.0098285488784313,0.0066833687014877,0.0014783462975174,-0.0751400291919708,-0.0056937295012176,-0.1023061871528625,0.0232112314552068,-0.0011927299201488,0.045943961026631,0.0194789194832507,0.0366115995063591,-0.0372500041739042,0.0902129803213094,-0.074900563057804,0.0866235693421006,-0.0258259794276662,0.2089016425028691,-0.0091998987335294,0.133098535949151,-0.2701718513346511,2019-02-27,2019-02-28,2019-03-01,2019-03-04,2019-03-05,2019-03-06,2019-03-07,2019-03-08,2019-03-11,2019-03-12,79299.0,2019-02-26,252.0,-0.1911%,-0.0011,0.4604,0.1733,-0.4116,2.6684%,2.7475%,5.6754%,-0.0015459999999999,PZZA,79299.0,2019-02-27,252.0,2.3211%,-0.001,0.4619,0.1774,-0.4113,2.6723%,2.7516%,5.6834%,0.0218739999999999,PZZA,79299.0,2019-02-28,252.0,2.2217%,-0.0009,0.4524,0.1716,-0.4237,2.6758%,2.7537%,5.5787%,0.0224849999999999,PZZA,79299.0,2019-03-01,252.0,-0.8922%,-0.0011,0.4677,0.1944,-0.3937,2.6705%,2.7497%,5.6782%,-0.014462,PZZA,79299.0,2019-03-04,252.0,0.1616%,-0.0012,0.4877,0.1213,-0.3974,2.6557%,2.7377%,5.8993%,0.006271,PZZA,79299.0,2019-03-05,252.0,5.0012%,-0.001,0.4782,0.0803,-0.4231,2.6752%,2.7555%,5.7471%,0.0501729999999999,PZZA,79299.0,2019-03-06,252.0,-1.6023%,-0.0012,0.4718,0.1096,-0.4264,2.6730%,2.7534%,5.7531%,-0.010915,PZZA,79299.0,2019-03-07,252.0,-0.6915%,-0.0011,0.477,0.1287,-0.414,2.6714%,2.7523%,5.7979%,-0.004467,PZZA,79299.0,2019-03-08,252.0,0.4268%,-0.001,0.4748,0.1525,-0.4188,2.6682%,2.7500%,5.8669%,0.004459,PZZA,79299.0,2019-03-11,252.0,-0.0224%,-0.0011,0.4698,0.1546,-0.4151,2.6684%,2.7495%,5.8078%,-0.010114,PZZA,79299.0,2019-03-12,252.0,1.5884%,-0.0011,0.4563,0.1504,-0.4323,2.6680%,2.7474%,5.6988%,0.01472,PZZA,0.020328,0.042813,0.0283509999999999,0.084795,0.078478
18547,PAPA JOHNS INTL INC,Papa John's Reports Co. Entered Securities Purchase Deal With Starboard For Fund To Make $200M Strategic Investment In Co.'s Series B Convertible Preferred Shares,6,increase,0.75,0.6,"the strategic investment of $200m in convertible preferred shares by starboard suggests confidence in papa john's growth potential, likely leading to a positive market reaction.",2,2019-02-26,PZZA,2019-02-26 21:24:00+00:00,79299.0,69881310,-0.0019106285180896,1513396.0,0.0232112314552068,-0.0011927299201488,0.0222170446068048,0.0206963345408439,-0.00892242975533,-0.0556450188159942,0.0016158748185262,0.0041560907848179,0.050011571496725,-0.0430843345820903,-0.0160228163003921,0.0402206405997276,-0.0069150426425039,0.0062441402114927,0.0042677139863371,-0.0116571048274636,-0.0002236260770587,-0.0011415351182222,0.0158836487680673,0.0190786346793174,0.0211406983435154,-0.0111009180545806,-0.0030191803816705,0.0177031978964805,0.0209820736199617,-0.0187428500503301,0.0029660887084901,0.0424112156033515,-0.007604575715959,0.0898468717932701,0.0031928804237395,-0.0893828943371772,-0.0050923335365951,0.0035595996305346,0.0620601400732994,-0.0044885999523103,-0.0208835527300834,-0.0072701117023825,0.0096390740945935,0.0109056206420064,0.0253910217434167,-0.0770240798592567,0.0293185338377952,0.0196341164410114,0.0190531499683857,0.0766273960471153,-0.0198300145566463,-0.0286980755627155,-0.0025048374664038,-0.0020954634528607,-0.0139076923951506,0.0177725106477737,0.0039177425205707,-0.0068251565098762,0.0132682984694838,0.0016502478392794,-0.0402464866638183,-0.0032895489130169,0.0136436661705374,0.0018832823261618,-0.0017814757302403,-0.0035186845343559,0.0055522262118756,-0.0249313842505216,-0.0102543970569968,0.0231687743216753,-0.0089658685028553,0.0237182043492794,-0.0205066427588462,0.0357320718467235,-0.0158046074211597,0.00423618638888,0.0273200739175081,0.0080381734296679,-0.0004059408092871,-0.0153351202607154,-0.006904958281666,-0.0110078463330864,0.0331288129091262,-0.0231779552996158,0.0045526432804763,0.0290140248835086,0.0126108257099986,-0.0036747066769748,0.0093403300270438,-0.0333885848522186,-0.0136880492791533,-0.0256114583462476,0.0062548806890845,-0.0251911599189043,0.0149572743102908,-0.0015719671500846,0.0155024183914065,-0.0193790141493082,0.0079155322164297,-0.0141120608896017,-0.0387060530483722,0.0267499051988124,0.0165337193757295,0.0076370202004909,0.018178354948759,0.0118181919679045,-0.0096785919740796,-0.023957448080182,-0.0303030330687761,-0.0161501057446003,-0.0041274153627455,-0.0019603604450821,-0.0102624166756868,-0.0183878690004348,-0.039481621235609,-0.0254219882190227,-0.007265901658684,-0.0043568275868892,-0.0098285488784313,0.0066833687014877,0.0014783462975174,-0.0751400291919708,-0.0056937295012176,-0.1023061871528625,0.0232112314552068,-0.0011927299201488,0.045943961026631,0.0194789194832507,0.0366115995063591,-0.0372500041739042,0.0902129803213094,-0.074900563057804,0.0866235693421006,-0.0258259794276662,0.2089016425028691,-0.0091998987335294,0.133098535949151,-0.2701718513346511,2019-02-27,2019-02-28,2019-03-01,2019-03-04,2019-03-05,2019-03-06,2019-03-07,2019-03-08,2019-03-11,2019-03-12,79299.0,2019-02-26,252.0,-0.1911%,-0.0011,0.4604,0.1733,-0.4116,2.6684%,2.7475%,5.6754%,-0.0015459999999999,PZZA,79299.0,2019-02-27,252.0,2.3211%,-0.001,0.4619,0.1774,-0.4113,2.6723%,2.7516%,5.6834%,0.0218739999999999,PZZA,79299.0,2019-02-28,252.0,2.2217%,-0.0009,0.4524,0.1716,-0.4237,2.6758%,2.7537%,5.5787%,0.0224849999999999,PZZA,79299.0,2019-03-01,252.0,-0.8922%,-0.0011,0.4677,0.1944,-0.3937,2.6705%,2.7497%,5.6782%,-0.014462,PZZA,79299.0,2019-03-04,252.0,0.1616%,-0.0012,0.4877,0.1213,-0.3974,2.6557%,2.7377%,5.8993%,0.006271,PZZA,79299.0,2019-03-05,252.0,5.0012%,-0.001,0.4782,0.0803,-0.4231,2.6752%,2.7555%,5.7471%,0.0501729999999999,PZZA,79299.0,2019-03-06,252.0,-1.6023%,-0.0012,0.4718,0.1096,-0.4264,2.6730%,2.7534%,5.7531%,-0.010915,PZZA,79299.0,2019-03-07,252.0,-0.6915%,-0.0011,0.477,0.1287,-0.414,2.6714%,2.7523%,5.7979%,-0.004467,PZZA,79299.0,2019-03-08,252.0,0.4268%,-0.001,0.4748,0.1525,-0.4188,2.6682%,2.7500%,5.8669%,0.004459,PZZA,79299.0,2019-03-11,252.0,-0.0224%,-0.0011,0.4698,0.1546,-0.4151,2.6684%,2.7495%,5.8078%,-0.010114,PZZA,79299.0,2019-03-12,252.0,1.5884%,-0.0011,0.4563,0.1504,-0.4323,2.6680%,2.7474%,5.6988%,0.01472,PZZA,0.020328,0.042813,0.0283509999999999,0.084795,0.078478
18555,PAPA JOHNS INTL INC,"Papa John's Sees FY19 Adj. EPS $1-$1.20 vs $1.20 Estimate, North American Comps Down 1-5%, Int'l. Comps Flat To Up 3% Year Over Year",6,decrease,0.75,0.6,"the lower-than-expected adjusted eps guidance and declining north american comparable sales suggest potential challenges for the company's performance, likely leading to a decrease in stock price.",0,2019-02-26,PZZA,2019-02-26 21:22:00+00:00,79299.0,69881310,-0.0019106285180896,1513396.0,0.0232112314552068,-0.0011927299201488,0.0222170446068048,0.0206963345408439,-0.00892242975533,-0.0556450188159942,0.0016158748185262,0.0041560907848179,0.050011571496725,-0.0430843345820903,-0.0160228163003921,0.0402206405997276,-0.0069150426425039,0.0062441402114927,0.0042677139863371,-0.0116571048274636,-0.0002236260770587,-0.0011415351182222,0.0158836487680673,0.0190786346793174,0.0211406983435154,-0.0111009180545806,-0.0030191803816705,0.0177031978964805,0.0209820736199617,-0.0187428500503301,0.0029660887084901,0.0424112156033515,-0.007604575715959,0.0898468717932701,0.0031928804237395,-0.0893828943371772,-0.0050923335365951,0.0035595996305346,0.0620601400732994,-0.0044885999523103,-0.0208835527300834,-0.0072701117023825,0.0096390740945935,0.0109056206420064,0.0253910217434167,-0.0770240798592567,0.0293185338377952,0.0196341164410114,0.0190531499683857,0.0766273960471153,-0.0198300145566463,-0.0286980755627155,-0.0025048374664038,-0.0020954634528607,-0.0139076923951506,0.0177725106477737,0.0039177425205707,-0.0068251565098762,0.0132682984694838,0.0016502478392794,-0.0402464866638183,-0.0032895489130169,0.0136436661705374,0.0018832823261618,-0.0017814757302403,-0.0035186845343559,0.0055522262118756,-0.0249313842505216,-0.0102543970569968,0.0231687743216753,-0.0089658685028553,0.0237182043492794,-0.0205066427588462,0.0357320718467235,-0.0158046074211597,0.00423618638888,0.0273200739175081,0.0080381734296679,-0.0004059408092871,-0.0153351202607154,-0.006904958281666,-0.0110078463330864,0.0331288129091262,-0.0231779552996158,0.0045526432804763,0.0290140248835086,0.0126108257099986,-0.0036747066769748,0.0093403300270438,-0.0333885848522186,-0.0136880492791533,-0.0256114583462476,0.0062548806890845,-0.0251911599189043,0.0149572743102908,-0.0015719671500846,0.0155024183914065,-0.0193790141493082,0.0079155322164297,-0.0141120608896017,-0.0387060530483722,0.0267499051988124,0.0165337193757295,0.0076370202004909,0.018178354948759,0.0118181919679045,-0.0096785919740796,-0.023957448080182,-0.0303030330687761,-0.0161501057446003,-0.0041274153627455,-0.0019603604450821,-0.0102624166756868,-0.0183878690004348,-0.039481621235609,-0.0254219882190227,-0.007265901658684,-0.0043568275868892,-0.0098285488784313,0.0066833687014877,0.0014783462975174,-0.0751400291919708,-0.0056937295012176,-0.1023061871528625,0.0232112314552068,-0.0011927299201488,0.045943961026631,0.0194789194832507,0.0366115995063591,-0.0372500041739042,0.0902129803213094,-0.074900563057804,0.0866235693421006,-0.0258259794276662,0.2089016425028691,-0.0091998987335294,0.133098535949151,-0.2701718513346511,2019-02-27,2019-02-28,2019-03-01,2019-03-04,2019-03-05,2019-03-06,2019-03-07,2019-03-08,2019-03-11,2019-03-12,79299.0,2019-02-26,252.0,-0.1911%,-0.0011,0.4604,0.1733,-0.4116,2.6684%,2.7475%,5.6754%,-0.0015459999999999,PZZA,79299.0,2019-02-27,252.0,2.3211%,-0.001,0.4619,0.1774,-0.4113,2.6723%,2.7516%,5.6834%,0.0218739999999999,PZZA,79299.0,2019-02-28,252.0,2.2217%,-0.0009,0.4524,0.1716,-0.4237,2.6758%,2.7537%,5.5787%,0.0224849999999999,PZZA,79299.0,2019-03-01,252.0,-0.8922%,-0.0011,0.4677,0.1944,-0.3937,2.6705%,2.7497%,5.6782%,-0.014462,PZZA,79299.0,2019-03-04,252.0,0.1616%,-0.0012,0.4877,0.1213,-0.3974,2.6557%,2.7377%,5.8993%,0.006271,PZZA,79299.0,2019-03-05,252.0,5.0012%,-0.001,0.4782,0.0803,-0.4231,2.6752%,2.7555%,5.7471%,0.0501729999999999,PZZA,79299.0,2019-03-06,252.0,-1.6023%,-0.0012,0.4718,0.1096,-0.4264,2.6730%,2.7534%,5.7531%,-0.010915,PZZA,79299.0,2019-03-07,252.0,-0.6915%,-0.0011,0.477,0.1287,-0.414,2.6714%,2.7523%,5.7979%,-0.004467,PZZA,79299.0,2019-03-08,252.0,0.4268%,-0.001,0.4748,0.1525,-0.4188,2.6682%,2.7500%,5.8669%,0.004459,PZZA,79299.0,2019-03-11,252.0,-0.0224%,-0.0011,0.4698,0.1546,-0.4151,2.6684%,2.7495%,5.8078%,-0.010114,PZZA,79299.0,2019-03-12,252.0,1.5884%,-0.0011,0.4563,0.1504,-0.4323,2.6680%,2.7474%,5.6988%,0.01472,PZZA,0.020328,0.042813,0.0283509999999999,0.084795,0.078478
18563,PAPA JOHNS INTL INC,"Papa John's International Q4 EPS $0.15 Misses $0.19 Estimate, Sales $373.981M Miss $391.4M Estimate",6,decrease,0.8,0.6,"the earnings per share and sales figures both missed analyst estimates, which typically leads to a negative reaction in stock prices.",0,2019-02-26,PZZA,2019-02-26 21:22:00+00:00,79299.0,69881310,-0.0019106285180896,1513396.0,0.0232112314552068,-0.0011927299201488,0.0222170446068048,0.0206963345408439,-0.00892242975533,-0.0556450188159942,0.0016158748185262,0.0041560907848179,0.050011571496725,-0.0430843345820903,-0.0160228163003921,0.0402206405997276,-0.0069150426425039,0.0062441402114927,0.0042677139863371,-0.0116571048274636,-0.0002236260770587,-0.0011415351182222,0.0158836487680673,0.0190786346793174,0.0211406983435154,-0.0111009180545806,-0.0030191803816705,0.0177031978964805,0.0209820736199617,-0.0187428500503301,0.0029660887084901,0.0424112156033515,-0.007604575715959,0.0898468717932701,0.0031928804237395,-0.0893828943371772,-0.0050923335365951,0.0035595996305346,0.0620601400732994,-0.0044885999523103,-0.0208835527300834,-0.0072701117023825,0.0096390740945935,0.0109056206420064,0.0253910217434167,-0.0770240798592567,0.0293185338377952,0.0196341164410114,0.0190531499683857,0.0766273960471153,-0.0198300145566463,-0.0286980755627155,-0.0025048374664038,-0.0020954634528607,-0.0139076923951506,0.0177725106477737,0.0039177425205707,-0.0068251565098762,0.0132682984694838,0.0016502478392794,-0.0402464866638183,-0.0032895489130169,0.0136436661705374,0.0018832823261618,-0.0017814757302403,-0.0035186845343559,0.0055522262118756,-0.0249313842505216,-0.0102543970569968,0.0231687743216753,-0.0089658685028553,0.0237182043492794,-0.0205066427588462,0.0357320718467235,-0.0158046074211597,0.00423618638888,0.0273200739175081,0.0080381734296679,-0.0004059408092871,-0.0153351202607154,-0.006904958281666,-0.0110078463330864,0.0331288129091262,-0.0231779552996158,0.0045526432804763,0.0290140248835086,0.0126108257099986,-0.0036747066769748,0.0093403300270438,-0.0333885848522186,-0.0136880492791533,-0.0256114583462476,0.0062548806890845,-0.0251911599189043,0.0149572743102908,-0.0015719671500846,0.0155024183914065,-0.0193790141493082,0.0079155322164297,-0.0141120608896017,-0.0387060530483722,0.0267499051988124,0.0165337193757295,0.0076370202004909,0.018178354948759,0.0118181919679045,-0.0096785919740796,-0.023957448080182,-0.0303030330687761,-0.0161501057446003,-0.0041274153627455,-0.0019603604450821,-0.0102624166756868,-0.0183878690004348,-0.039481621235609,-0.0254219882190227,-0.007265901658684,-0.0043568275868892,-0.0098285488784313,0.0066833687014877,0.0014783462975174,-0.0751400291919708,-0.0056937295012176,-0.1023061871528625,0.0232112314552068,-0.0011927299201488,0.045943961026631,0.0194789194832507,0.0366115995063591,-0.0372500041739042,0.0902129803213094,-0.074900563057804,0.0866235693421006,-0.0258259794276662,0.2089016425028691,-0.0091998987335294,0.133098535949151,-0.2701718513346511,2019-02-27,2019-02-28,2019-03-01,2019-03-04,2019-03-05,2019-03-06,2019-03-07,2019-03-08,2019-03-11,2019-03-12,79299.0,2019-02-26,252.0,-0.1911%,-0.0011,0.4604,0.1733,-0.4116,2.6684%,2.7475%,5.6754%,-0.0015459999999999,PZZA,79299.0,2019-02-27,252.0,2.3211%,-0.001,0.4619,0.1774,-0.4113,2.6723%,2.7516%,5.6834%,0.0218739999999999,PZZA,79299.0,2019-02-28,252.0,2.2217%,-0.0009,0.4524,0.1716,-0.4237,2.6758%,2.7537%,5.5787%,0.0224849999999999,PZZA,79299.0,2019-03-01,252.0,-0.8922%,-0.0011,0.4677,0.1944,-0.3937,2.6705%,2.7497%,5.6782%,-0.014462,PZZA,79299.0,2019-03-04,252.0,0.1616%,-0.0012,0.4877,0.1213,-0.3974,2.6557%,2.7377%,5.8993%,0.006271,PZZA,79299.0,2019-03-05,252.0,5.0012%,-0.001,0.4782,0.0803,-0.4231,2.6752%,2.7555%,5.7471%,0.0501729999999999,PZZA,79299.0,2019-03-06,252.0,-1.6023%,-0.0012,0.4718,0.1096,-0.4264,2.6730%,2.7534%,5.7531%,-0.010915,PZZA,79299.0,2019-03-07,252.0,-0.6915%,-0.0011,0.477,0.1287,-0.414,2.6714%,2.7523%,5.7979%,-0.004467,PZZA,79299.0,2019-03-08,252.0,0.4268%,-0.001,0.4748,0.1525,-0.4188,2.6682%,2.7500%,5.8669%,0.004459,PZZA,79299.0,2019-03-11,252.0,-0.0224%,-0.0011,0.4698,0.1546,-0.4151,2.6684%,2.7495%,5.8078%,-0.010114,PZZA,79299.0,2019-03-12,252.0,1.5884%,-0.0011,0.4563,0.1504,-0.4323,2.6680%,2.7474%,5.6988%,0.01472,PZZA,0.020328,0.042813,0.0283509999999999,0.084795,0.078478
18571,PAPA JOHNS INTL INC,Papa John's Q4 Earnings Preview,6,uncertain,0.5,0.5,the impact on papa john's stock price is uncertain as it depends on the actual earnings results and market expectations.,1,2019-02-26,PZZA,2019-02-26 13:57:00+00:00,79299.0,69881310,-0.0019106285180896,1513396.0,0.0232112314552068,-0.0011927299201488,0.0222170446068048,0.0206963345408439,-0.00892242975533,-0.0556450188159942,0.0016158748185262,0.0041560907848179,0.050011571496725,-0.0430843345820903,-0.0160228163003921,0.0402206405997276,-0.0069150426425039,0.0062441402114927,0.0042677139863371,-0.0116571048274636,-0.0002236260770587,-0.0011415351182222,0.0158836487680673,0.0190786346793174,0.0211406983435154,-0.0111009180545806,-0.0030191803816705,0.0177031978964805,0.0209820736199617,-0.0187428500503301,0.0029660887084901,0.0424112156033515,-0.007604575715959,0.0898468717932701,0.0031928804237395,-0.0893828943371772,-0.0050923335365951,0.0035595996305346,0.0620601400732994,-0.0044885999523103,-0.0208835527300834,-0.0072701117023825,0.0096390740945935,0.0109056206420064,0.0253910217434167,-0.0770240798592567,0.0293185338377952,0.0196341164410114,0.0190531499683857,0.0766273960471153,-0.0198300145566463,-0.0286980755627155,-0.0025048374664038,-0.0020954634528607,-0.0139076923951506,0.0177725106477737,0.0039177425205707,-0.0068251565098762,0.0132682984694838,0.0016502478392794,-0.0402464866638183,-0.0032895489130169,0.0136436661705374,0.0018832823261618,-0.0017814757302403,-0.0035186845343559,0.0055522262118756,-0.0249313842505216,-0.0102543970569968,0.0231687743216753,-0.0089658685028553,0.0237182043492794,-0.0205066427588462,0.0357320718467235,-0.0158046074211597,0.00423618638888,0.0273200739175081,0.0080381734296679,-0.0004059408092871,-0.0153351202607154,-0.006904958281666,-0.0110078463330864,0.0331288129091262,-0.0231779552996158,0.0045526432804763,0.0290140248835086,0.0126108257099986,-0.0036747066769748,0.0093403300270438,-0.0333885848522186,-0.0136880492791533,-0.0256114583462476,0.0062548806890845,-0.0251911599189043,0.0149572743102908,-0.0015719671500846,0.0155024183914065,-0.0193790141493082,0.0079155322164297,-0.0141120608896017,-0.0387060530483722,0.0267499051988124,0.0165337193757295,0.0076370202004909,0.018178354948759,0.0118181919679045,-0.0096785919740796,-0.023957448080182,-0.0303030330687761,-0.0161501057446003,-0.0041274153627455,-0.0019603604450821,-0.0102624166756868,-0.0183878690004348,-0.039481621235609,-0.0254219882190227,-0.007265901658684,-0.0043568275868892,-0.0098285488784313,0.0066833687014877,0.0014783462975174,-0.0751400291919708,-0.0056937295012176,-0.1023061871528625,0.0232112314552068,-0.0011927299201488,0.045943961026631,0.0194789194832507,0.0366115995063591,-0.0372500041739042,0.0902129803213094,-0.074900563057804,0.0866235693421006,-0.0258259794276662,0.2089016425028691,-0.0091998987335294,0.133098535949151,-0.2701718513346511,2019-02-27,2019-02-28,2019-03-01,2019-03-04,2019-03-05,2019-03-06,2019-03-07,2019-03-08,2019-03-11,2019-03-12,79299.0,2019-02-26,252.0,-0.1911%,-0.0011,0.4604,0.1733,-0.4116,2.6684%,2.7475%,5.6754%,-0.0015459999999999,PZZA,79299.0,2019-02-27,252.0,2.3211%,-0.001,0.4619,0.1774,-0.4113,2.6723%,2.7516%,5.6834%,0.0218739999999999,PZZA,79299.0,2019-02-28,252.0,2.2217%,-0.0009,0.4524,0.1716,-0.4237,2.6758%,2.7537%,5.5787%,0.0224849999999999,PZZA,79299.0,2019-03-01,252.0,-0.8922%,-0.0011,0.4677,0.1944,-0.3937,2.6705%,2.7497%,5.6782%,-0.014462,PZZA,79299.0,2019-03-04,252.0,0.1616%,-0.0012,0.4877,0.1213,-0.3974,2.6557%,2.7377%,5.8993%,0.006271,PZZA,79299.0,2019-03-05,252.0,5.0012%,-0.001,0.4782,0.0803,-0.4231,2.6752%,2.7555%,5.7471%,0.0501729999999999,PZZA,79299.0,2019-03-06,252.0,-1.6023%,-0.0012,0.4718,0.1096,-0.4264,2.6730%,2.7534%,5.7531%,-0.010915,PZZA,79299.0,2019-03-07,252.0,-0.6915%,-0.0011,0.477,0.1287,-0.414,2.6714%,2.7523%,5.7979%,-0.004467,PZZA,79299.0,2019-03-08,252.0,0.4268%,-0.001,0.4748,0.1525,-0.4188,2.6682%,2.7500%,5.8669%,0.004459,PZZA,79299.0,2019-03-11,252.0,-0.0224%,-0.0011,0.4698,0.1546,-0.4151,2.6684%,2.7495%,5.8078%,-0.010114,PZZA,79299.0,2019-03-12,252.0,1.5884%,-0.0011,0.4563,0.1504,-0.4323,2.6680%,2.7474%,5.6988%,0.01472,PZZA,0.020328,0.042813,0.0283509999999999,0.084795,0.078478
18579,PAPA JOHNS INTL INC,"Papa John's Amended 13D Filing From John Schnatter Shows 31.09125% Stake, Includes Details Schnatter Filed Amended Complaint Against Co. Seeking, On Expedited Basis, Invalidation OF Rights Plan, Certain Voting Commitments, Added Related Relief",6,uncertain,0.6,0.3,"the news involves a significant shareholder's legal actions and stake, which could lead to volatility and mixed investor sentiment regarding the company's governance and future direction.",1,2019-02-26,PZZA,2019-02-26 11:23:00+00:00,79299.0,69881310,-0.0019106285180896,1513396.0,0.0232112314552068,-0.0011927299201488,0.0222170446068048,0.0206963345408439,-0.00892242975533,-0.0556450188159942,0.0016158748185262,0.0041560907848179,0.050011571496725,-0.0430843345820903,-0.0160228163003921,0.0402206405997276,-0.0069150426425039,0.0062441402114927,0.0042677139863371,-0.0116571048274636,-0.0002236260770587,-0.0011415351182222,0.0158836487680673,0.0190786346793174,0.0211406983435154,-0.0111009180545806,-0.0030191803816705,0.0177031978964805,0.0209820736199617,-0.0187428500503301,0.0029660887084901,0.0424112156033515,-0.007604575715959,0.0898468717932701,0.0031928804237395,-0.0893828943371772,-0.0050923335365951,0.0035595996305346,0.0620601400732994,-0.0044885999523103,-0.0208835527300834,-0.0072701117023825,0.0096390740945935,0.0109056206420064,0.0253910217434167,-0.0770240798592567,0.0293185338377952,0.0196341164410114,0.0190531499683857,0.0766273960471153,-0.0198300145566463,-0.0286980755627155,-0.0025048374664038,-0.0020954634528607,-0.0139076923951506,0.0177725106477737,0.0039177425205707,-0.0068251565098762,0.0132682984694838,0.0016502478392794,-0.0402464866638183,-0.0032895489130169,0.0136436661705374,0.0018832823261618,-0.0017814757302403,-0.0035186845343559,0.0055522262118756,-0.0249313842505216,-0.0102543970569968,0.0231687743216753,-0.0089658685028553,0.0237182043492794,-0.0205066427588462,0.0357320718467235,-0.0158046074211597,0.00423618638888,0.0273200739175081,0.0080381734296679,-0.0004059408092871,-0.0153351202607154,-0.006904958281666,-0.0110078463330864,0.0331288129091262,-0.0231779552996158,0.0045526432804763,0.0290140248835086,0.0126108257099986,-0.0036747066769748,0.0093403300270438,-0.0333885848522186,-0.0136880492791533,-0.0256114583462476,0.0062548806890845,-0.0251911599189043,0.0149572743102908,-0.0015719671500846,0.0155024183914065,-0.0193790141493082,0.0079155322164297,-0.0141120608896017,-0.0387060530483722,0.0267499051988124,0.0165337193757295,0.0076370202004909,0.018178354948759,0.0118181919679045,-0.0096785919740796,-0.023957448080182,-0.0303030330687761,-0.0161501057446003,-0.0041274153627455,-0.0019603604450821,-0.0102624166756868,-0.0183878690004348,-0.039481621235609,-0.0254219882190227,-0.007265901658684,-0.0043568275868892,-0.0098285488784313,0.0066833687014877,0.0014783462975174,-0.0751400291919708,-0.0056937295012176,-0.1023061871528625,0.0232112314552068,-0.0011927299201488,0.045943961026631,0.0194789194832507,0.0366115995063591,-0.0372500041739042,0.0902129803213094,-0.074900563057804,0.0866235693421006,-0.0258259794276662,0.2089016425028691,-0.0091998987335294,0.133098535949151,-0.2701718513346511,2019-02-27,2019-02-28,2019-03-01,2019-03-04,2019-03-05,2019-03-06,2019-03-07,2019-03-08,2019-03-11,2019-03-12,79299.0,2019-02-26,252.0,-0.1911%,-0.0011,0.4604,0.1733,-0.4116,2.6684%,2.7475%,5.6754%,-0.0015459999999999,PZZA,79299.0,2019-02-27,252.0,2.3211%,-0.001,0.4619,0.1774,-0.4113,2.6723%,2.7516%,5.6834%,0.0218739999999999,PZZA,79299.0,2019-02-28,252.0,2.2217%,-0.0009,0.4524,0.1716,-0.4237,2.6758%,2.7537%,5.5787%,0.0224849999999999,PZZA,79299.0,2019-03-01,252.0,-0.8922%,-0.0011,0.4677,0.1944,-0.3937,2.6705%,2.7497%,5.6782%,-0.014462,PZZA,79299.0,2019-03-04,252.0,0.1616%,-0.0012,0.4877,0.1213,-0.3974,2.6557%,2.7377%,5.8993%,0.006271,PZZA,79299.0,2019-03-05,252.0,5.0012%,-0.001,0.4782,0.0803,-0.4231,2.6752%,2.7555%,5.7471%,0.0501729999999999,PZZA,79299.0,2019-03-06,252.0,-1.6023%,-0.0012,0.4718,0.1096,-0.4264,2.6730%,2.7534%,5.7531%,-0.010915,PZZA,79299.0,2019-03-07,252.0,-0.6915%,-0.0011,0.477,0.1287,-0.414,2.6714%,2.7523%,5.7979%,-0.004467,PZZA,79299.0,2019-03-08,252.0,0.4268%,-0.001,0.4748,0.1525,-0.4188,2.6682%,2.7500%,5.8669%,0.004459,PZZA,79299.0,2019-03-11,252.0,-0.0224%,-0.0011,0.4698,0.1546,-0.4151,2.6684%,2.7495%,5.8078%,-0.010114,PZZA,79299.0,2019-03-12,252.0,1.5884%,-0.0011,0.4563,0.1504,-0.4323,2.6680%,2.7474%,5.6988%,0.01472,PZZA,0.020328,0.042813,0.0283509999999999,0.084795,0.078478
18587,RESTAURANT BRANDS INTL INC,Tim Hortons Heads To China — Despite Political Tension,6,increase,0.7,0.6,"entering the chinese market could provide significant growth opportunities for tim hortons, potentially boosting restaurant brands international's stock price despite existing political tensions.",2,2019-02-26,QSR,2019-02-26 16:57:00+00:00,15113.0,76131D10,0.0011201743036508,1440264.0,-0.0004795810964424,-0.0152851780876517,0.0108747854828834,-0.0199227947741746,-0.0020565930753946,0.0012370779877528,-0.0101458970457315,-0.0041577494703233,-0.000960883393418,0.0038645847234874,-0.0091375391930341,0.0134732974693179,-0.008736465126276,-0.0097734602168202,0.0261138975620269,0.0031123084481805,-0.0074757025577127,0.0084745902568101,0.0028846201021224,0.0162679497152566,0.0073505765758454,0.0062590176239609,0.0025380686856806,-0.0044735386036336,0.0066985352896153,0.0077282167039811,0.0042775738984346,-0.0094098905101418,0.0050481101498007,0.001437472528778,-0.0127138216048479,-0.0006384822772815,0.0090619977563619,0.0036847703158855,-0.0004727051127701,-0.0063674231059849,0.0053593972697854,-0.0031736078672111,0.0079962704330682,-0.0011095212539657,0.0101104602217674,-0.0087981363758444,0.0101631665602326,0.0166107788681983,-0.0074694799259305,0.0978432744741439,0.0082936706021428,-0.0074834721162915,-0.0031987673137336,0.0036681063938885,0.0064180647023022,0.0130950575694441,0.0006073628319427,0.0069493832997977,-0.000303554959828,0.0050143050029873,0.0004554706974886,-0.0122058847919106,-0.0100137097761035,0.0203970614820718,0.0061302916146814,0.0115026663988828,0.0070068403147161,0.0042170798406004,0.0071093817241489,-0.0192411374300718,-0.0019526116084307,0.0271518509835004,-0.0013543467503041,0.0385574176907539,0.0018083596369251,0.013807913288474,0.0192538909614086,-0.0168260242789983,-0.0271547213196754,0.0055758687667548,-0.0007584257400594,-0.0085779791697859,-0.0036436235532164,0.0024841821286827,0.0004572056932374,0.0339854024350643,0.0121839074417948,-0.0207043290138244,-0.0144447656348347,-0.0040470049716532,-0.0039694984443485,-0.0198337603360414,-0.0001531960006104,0.0058901300653815,0.0065920632332563,0.005156616680324,0.0169051624834537,-0.017267232760787,0.0055414522066712,-0.0150320893153548,0.0026809696573764,0.0105594610795378,-0.0117350108921527,0.0188750475645065,0.0072148409672081,-0.0152416303753852,0.0038799357134848,-0.0159136448055505,-0.0214061979204416,-0.0430597402155399,0.0082029607146978,0.0143821267411112,0.0058761392720043,-0.0186443571001291,0.0154283810406923,-0.0161152482032775,-0.0047204555012285,-0.0076556135900318,0.0002963782753795,0.0099656013771891,0.018521262332797,0.0365093350410461,-0.0001453957956982,-0.0068977605551481,-0.0004795810964424,-0.0152851780876517,0.0103899890448955,-0.0349034493956994,0.0083120279899777,-0.0337095496968906,-0.0028772422609177,-0.0340083583230059,0.0003197010206514,-0.003349268038019,0.0513160724595234,0.1279783368582281,0.1073863139120654,0.1145699942086819,2019-02-27,2019-02-28,2019-03-01,2019-03-04,2019-03-05,2019-03-06,2019-03-07,2019-03-08,2019-03-11,2019-03-12,15113.0,2019-02-26,252.0,0.1120%,0.0002,0.5777,-0.1846,-0.2337,1.3973%,1.5519%,18.9280%,-2.7e-05,QSR,15113.0,2019-02-27,252.0,-0.0480%,0.0003,0.5845,-0.197,-0.2325,1.3940%,1.5511%,19.2340%,-0.001029,QSR,15113.0,2019-02-28,252.0,1.0875%,0.0003,0.5842,-0.1968,-0.2355,1.3957%,1.5523%,19.1607%,0.0120449999999999,QSR,15113.0,2019-03-01,252.0,-0.2057%,0.0003,0.5827,-0.199,-0.2346,1.3964%,1.5521%,19.0539%,-0.006724,QSR,15113.0,2019-03-04,252.0,-1.0146%,0.0002,0.5862,-0.2039,-0.237,1.3967%,1.5534%,19.1516%,-0.0070869999999999,QSR,15113.0,2019-03-05,252.0,-0.0961%,0.0003,0.5907,-0.1699,-0.2332,1.3916%,1.5501%,19.4005%,-0.001255,QSR,15113.0,2019-03-06,252.0,-0.9138%,0.0003,0.593,-0.156,-0.2287,1.3922%,1.5507%,19.3921%,-0.006313,QSR,15113.0,2019-03-07,252.0,-0.8736%,0.0003,0.5962,-0.1505,-0.2229,1.3924%,1.5517%,19.4726%,-0.004828,QSR,15113.0,2019-03-08,252.0,2.6114%,0.0004,0.5926,-0.1514,-0.2286,1.4026%,1.5600%,19.1671%,0.0270319999999999,QSR,15113.0,2019-03-11,252.0,-0.7476%,0.0002,0.5832,-0.1468,-0.2211,1.4043%,1.5572%,18.6766%,-0.017039,QSR,15113.0,2019-03-12,252.0,0.2885%,0.0003,0.5856,-0.1475,-0.2186,1.4041%,1.5567%,18.6375%,0.000749,QSR,-0.0010559999999999,0.0109889999999999,0.0042649999999999,-0.004077,-0.004476
18595,REDHILL BIOPHARMA LTD,"RedHill Biopharma FY18 EPS $(0.17) vs $(0.26) In FY17, Sales $8.36M vs $4.007M In FY17",6,increase,0.7,0.6,"the improvement in eps from $(0.26) to $(0.17) and a significant increase in sales from $4.007m to $8.36m suggests positive financial performance, which could lead to an increase in stock price.",2,2019-02-26,RDHL,2019-02-26 12:18:00+00:00,13707.0,75746820,-0.0358974635601043,99897.0,0.0292552914470434,0.0051546338945627,-0.0129198851063847,0.0038810102269053,0.005235597025603,-0.0515336953103542,-0.0013020511250942,-0.0192540064454078,-0.0208604745566844,-0.0130640920251607,-0.0013315883697941,0.0023810069542378,0.004000028129667,-0.0238233506679534,0.0278883874416351,-0.0221591647714376,0.0684755444526672,0.0103329680860042,0.0882707983255386,0.0104408534243702,-0.0311110820621252,-0.0011587750632315,-0.0561927407979965,-0.0125857731327414,0.0388822183012962,0.0294464081525802,0.0233917906880378,0.0107143046334385,0.006857190746814,-0.0094339540228247,0.0090805813670158,0.0216866675764322,-0.0044994330964982,-0.0315051935613155,-0.0101695079356432,0.0226729810237884,0.0034246270079165,0.0194647014141082,-0.0170648023486137,0.0873016342520713,-0.0381944328546524,-0.0295250341296196,0.0168470982462167,0.0895104706287384,-0.016567975282669,-0.0041782357729971,0.0589650720357894,0.0420899800956249,-0.0079546188935637,0.0058394107036292,0.002291003242135,-0.0143884755671024,0.0,-0.0113798575475812,0.0022857666481286,0.0445765517652034,-0.0091221062466502,-0.0467422008514404,-0.0080552008002996,0.0172910504043102,-0.001160119427368,0.0146198691800236,0.016260202974081,-0.0297872386872768,-0.0171428136527538,0.0879629924893379,0.0174418147653341,0.0030959723517298,-0.0285714287310838,0.0660066157579422,-0.0376470237970352,-0.0146341705694794,-0.0097799412906169,0.1081080883741379,0.0061727450229227,0.0354477725923061,-0.0196318831294775,0.0190113876014947,0.010012506507337,-0.0313074775040149,-0.0024782533291727,0.0482625514268875,-0.0099379373714327,-0.0928196534514427,-0.0087828980758786,0.0496323481202125,-0.0050632860511541,-0.0636832863092422,-0.0254453290253877,-0.0102214552462101,-0.0052219270728528,-0.0799373388290405,0.0131233474239707,-0.0617647171020507,0.0505181178450584,0.016442472115159,-0.0172626227140426,-0.0360230542719364,-0.0150564480572938,-0.0085714207962155,-0.0089171584695577,0.0028653268236666,0.0012853151420131,-0.0099291019141674,-0.0179717410355806,0.0028449473902583,-0.009150349535048,-0.0330123491585254,0.0158311203122139,-0.1002475172281265,-0.0129870008677244,-0.0392389930784702,0.0052631529979407,0.0268620606511831,-0.031413584947586,0.0,0.0202702824026346,0.0237499475479126,0.0026490041054785,-0.0147783113643527,0.0292552914470434,0.0051546338945627,0.015957431336409,0.0090556493083289,0.0212765750420531,-0.0429447170743181,-0.0013297539744906,-0.0736341899847986,0.1968085162421875,-0.0951275761710415,0.1462765907747927,0.123919331725935,0.0066489655712953,-0.0394088242052421,2019-02-27,2019-02-28,2019-03-01,2019-03-04,2019-03-05,2019-03-06,2019-03-07,2019-03-08,2019-03-11,2019-03-12,13707.0,2019-02-26,252.0,-3.5897%,0.0011,1.0638,0.3038,-0.1078,3.6121%,3.7978%,9.5391%,-0.033046,RDHL,13707.0,2019-02-27,252.0,2.9255%,0.0013,1.0688,0.3025,-0.1069,3.6153%,3.8018%,9.5692%,0.0274909999999999,RDHL,13707.0,2019-02-28,252.0,-1.2920%,0.0012,1.0737,0.3054,-0.1008,3.6159%,3.8024%,9.5702%,-0.010034,RDHL,13707.0,2019-03-01,252.0,0.5236%,0.001,1.0993,0.3435,-0.0588,3.6053%,3.7976%,9.8683%,-0.003874,RDHL,13707.0,2019-03-04,252.0,-0.1302%,0.001,1.1012,0.3326,-0.0583,3.6053%,3.7975%,9.8669%,0.005927,RDHL,13707.0,2019-03-05,252.0,-2.0860%,0.0011,1.1109,0.3952,-0.0443,3.6027%,3.7986%,10.0491%,-0.018187,RDHL,13707.0,2019-03-06,252.0,-0.1332%,0.0014,1.1375,0.3439,-0.0212,3.5840%,3.7861%,10.3880%,0.012907,RDHL,13707.0,2019-03-07,252.0,0.4000%,0.0015,1.1351,0.3559,-0.021,3.5839%,3.7859%,10.3850%,0.0134089999999999,RDHL,13707.0,2019-03-08,252.0,2.7888%,0.0015,1.1324,0.3378,-0.0245,3.5869%,3.7874%,10.3072%,0.030082,RDHL,13707.0,2019-03-11,252.0,6.8476%,0.0017,1.1575,0.3569,-0.0265,3.5998%,3.8107%,10.7626%,0.05017,RDHL,13707.0,2019-03-12,252.0,8.8271%,0.0021,1.1838,0.3133,-0.0145,3.6361%,3.8492%,10.7698%,0.086265,RDHL,-0.005555,-0.015589,-0.019463,-0.031723,0.16111
18603,RING ENERGY INC,"Ring Energy, Inc. To Acquire North Central Basin Assets From Wishbone Energy Partners For $300M",6,increase,0.75,0.6,"the acquisition of assets for $300m suggests growth potential and expansion for ring energy, which is likely to be viewed positively by investors.",2,2019-02-26,REI,2019-02-26 22:32:00+00:00,14137.0,76680V10,-0.0080775748938322,378943.0,-0.0065146517008543,-0.0032206089235842,0.0114754382520914,0.0147059075534343,0.025931904092431,-0.0347003564238548,-0.0047392942942678,0.0325733385980129,0.0333333387970924,-0.0238473918288946,-0.0506913028657436,0.0362437851727008,-0.0226537007838487,0.0083056800067424,-0.0149006871506571,0.0325900614261627,-0.0050419722683727,0.0069084563292562,0.015202728100121,0.0211640000343322,-0.0016639315290376,-0.0052631110884249,-0.0133333206176757,-0.0387858375906944,0.0067567504011094,0.0224137306213378,0.0419463068246841,-0.0333333015441894,-0.0724637359380722,0.0204081442207098,0.0399304740130901,0.0,-0.0016694077057763,-0.0167223922908306,-0.0033444783184677,0.0774774402379989,-0.0302013140171766,-0.0106951771304011,0.0190310813486576,-0.0277296099811792,0.0152801619842648,0.0665434673428535,-0.0117057142779231,0.0037105716764926,-0.0067681833170354,-0.0235507450997829,-0.0187392942607402,-0.0876033380627632,0.0069444375112652,0.0066555673256516,-0.0482758954167366,-0.025931904092431,0.0326086655259132,0.0032520294189453,0.0192982703447341,0.0065466384403407,0.0086058853194117,-0.014516077004373,-0.0341297425329685,0.0016154687618836,0.0035335656721144,0.0351170636713504,-0.0404929630458354,0.0222222413867712,0.0,-0.0118243535980582,-0.0146788852289319,0.047787606716156,-0.0204841084778308,0.0761904940009117,0.0076045552268624,0.0135135473683476,-0.0075471624732017,0.0196850206702947,0.036121591925621,-0.0249520372599363,0.0073394426144659,0.0654397085309028,-0.0346083045005798,0.0230124797672033,-0.0188679955899715,0.1462830007076263,-0.0076923007145524,-0.0234191808849573,-0.0019379365257918,-0.055309735238552,0.0058251908048987,-0.0403397157788276,-0.0250964555889368,-0.0854369029402732,-0.0356436222791671,-0.0057914545759558,-0.0164270885288715,-0.0530164502561092,0.035490620881319,-0.0568966194987297,-0.0161290168762207,-0.071999967098236,0.0102458428591489,0.039933405816555,-0.091277852654457,-0.0667701587080955,0.051339291036129,-0.0826210752129554,-0.0382165238261222,0.0173912867903709,0.0264900401234626,-0.0308988466858863,0.0021504843607544,-0.0455764271318912,-0.0064377109520137,0.0672389566898346,-0.047516256570816,-0.0502717867493629,-0.004535143263638,0.0236439611762762,-0.0159452613443136,-0.0244233142584562,-0.0347222425043582,-0.0328084006905555,-0.0065146517008543,-0.0032206089235842,0.0048860280679101,0.0114379366527541,0.0309446361715912,-0.0236593202497047,0.0602606479504705,-0.0158982343146916,-0.021172577494011,0.0917107539102985,-0.0781758985600642,1.015807216120379e-09,-0.3208468744641227,-0.1876640231254075,2019-02-27,2019-02-28,2019-03-01,2019-03-04,2019-03-05,2019-03-06,2019-03-07,2019-03-08,2019-03-11,2019-03-12,14137.0,2019-02-26,252.0,-0.8078%,-0.0027,1.6833,1.6988,1.1195,3.1952%,3.6667%,24.0652%,0.009268,REI,14137.0,2019-02-27,252.0,-0.6515%,-0.0027,1.6855,1.6927,1.1198,3.1953%,3.6667%,24.0574%,-0.010014,REI,14137.0,2019-02-28,252.0,1.1475%,-0.0028,1.6954,1.7002,1.1219,3.1938%,3.6677%,24.1713%,0.019062,REI,14137.0,2019-03-01,252.0,2.5932%,-0.0025,1.6726,1.6663,1.0792,3.1837%,3.6436%,23.6476%,0.0131919999999999,REI,14137.0,2019-03-04,252.0,-0.4739%,-0.0026,1.6813,1.6295,1.0788,3.1815%,3.6420%,23.6896%,0.006324,REI,14137.0,2019-03-05,252.0,3.3333%,-0.0024,1.6713,1.5818,1.0546,3.1941%,3.6419%,23.0819%,0.043742,REI,14137.0,2019-03-06,252.0,-5.0691%,-0.0025,1.676,1.6134,1.0642,3.1954%,3.6531%,23.4894%,-0.017233,REI,14137.0,2019-03-07,252.0,-2.2654%,-0.0023,1.6874,1.6659,1.0942,3.1837%,3.6520%,24.0010%,-0.004359,REI,14137.0,2019-03-08,252.0,-1.4901%,-0.0023,1.6877,1.678,1.0941,3.1834%,3.6528%,24.0522%,-0.010251,REI,14137.0,2019-03-11,252.0,-0.5042%,-0.0024,1.6731,1.6656,1.0946,3.1883%,3.6527%,23.8112%,-0.03063,REI,14137.0,2019-03-12,252.0,1.5203%,-0.0023,1.6881,1.654,1.1069,3.1890%,3.6537%,23.8200%,0.016469,REI,-0.000746,0.018316,0.0315079999999999,0.081574,0.03557
18611,RING ENERGY INC,"Ring Energy Q4 EPS $(0.11), Total Sales Volume 592.446K Barrels Of Oil Equivalent/Day",6,decrease,0.7,0.6,"the negative eps indicates a loss, which is likely to concern investors and lead to a decrease in stock price.",0,2019-02-26,REI,2019-02-26 22:08:00+00:00,14137.0,76680V10,-0.0080775748938322,378943.0,-0.0065146517008543,-0.0032206089235842,0.0114754382520914,0.0147059075534343,0.025931904092431,-0.0347003564238548,-0.0047392942942678,0.0325733385980129,0.0333333387970924,-0.0238473918288946,-0.0506913028657436,0.0362437851727008,-0.0226537007838487,0.0083056800067424,-0.0149006871506571,0.0325900614261627,-0.0050419722683727,0.0069084563292562,0.015202728100121,0.0211640000343322,-0.0016639315290376,-0.0052631110884249,-0.0133333206176757,-0.0387858375906944,0.0067567504011094,0.0224137306213378,0.0419463068246841,-0.0333333015441894,-0.0724637359380722,0.0204081442207098,0.0399304740130901,0.0,-0.0016694077057763,-0.0167223922908306,-0.0033444783184677,0.0774774402379989,-0.0302013140171766,-0.0106951771304011,0.0190310813486576,-0.0277296099811792,0.0152801619842648,0.0665434673428535,-0.0117057142779231,0.0037105716764926,-0.0067681833170354,-0.0235507450997829,-0.0187392942607402,-0.0876033380627632,0.0069444375112652,0.0066555673256516,-0.0482758954167366,-0.025931904092431,0.0326086655259132,0.0032520294189453,0.0192982703447341,0.0065466384403407,0.0086058853194117,-0.014516077004373,-0.0341297425329685,0.0016154687618836,0.0035335656721144,0.0351170636713504,-0.0404929630458354,0.0222222413867712,0.0,-0.0118243535980582,-0.0146788852289319,0.047787606716156,-0.0204841084778308,0.0761904940009117,0.0076045552268624,0.0135135473683476,-0.0075471624732017,0.0196850206702947,0.036121591925621,-0.0249520372599363,0.0073394426144659,0.0654397085309028,-0.0346083045005798,0.0230124797672033,-0.0188679955899715,0.1462830007076263,-0.0076923007145524,-0.0234191808849573,-0.0019379365257918,-0.055309735238552,0.0058251908048987,-0.0403397157788276,-0.0250964555889368,-0.0854369029402732,-0.0356436222791671,-0.0057914545759558,-0.0164270885288715,-0.0530164502561092,0.035490620881319,-0.0568966194987297,-0.0161290168762207,-0.071999967098236,0.0102458428591489,0.039933405816555,-0.091277852654457,-0.0667701587080955,0.051339291036129,-0.0826210752129554,-0.0382165238261222,0.0173912867903709,0.0264900401234626,-0.0308988466858863,0.0021504843607544,-0.0455764271318912,-0.0064377109520137,0.0672389566898346,-0.047516256570816,-0.0502717867493629,-0.004535143263638,0.0236439611762762,-0.0159452613443136,-0.0244233142584562,-0.0347222425043582,-0.0328084006905555,-0.0065146517008543,-0.0032206089235842,0.0048860280679101,0.0114379366527541,0.0309446361715912,-0.0236593202497047,0.0602606479504705,-0.0158982343146916,-0.021172577494011,0.0917107539102985,-0.0781758985600642,1.015807216120379e-09,-0.3208468744641227,-0.1876640231254075,2019-02-27,2019-02-28,2019-03-01,2019-03-04,2019-03-05,2019-03-06,2019-03-07,2019-03-08,2019-03-11,2019-03-12,14137.0,2019-02-26,252.0,-0.8078%,-0.0027,1.6833,1.6988,1.1195,3.1952%,3.6667%,24.0652%,0.009268,REI,14137.0,2019-02-27,252.0,-0.6515%,-0.0027,1.6855,1.6927,1.1198,3.1953%,3.6667%,24.0574%,-0.010014,REI,14137.0,2019-02-28,252.0,1.1475%,-0.0028,1.6954,1.7002,1.1219,3.1938%,3.6677%,24.1713%,0.019062,REI,14137.0,2019-03-01,252.0,2.5932%,-0.0025,1.6726,1.6663,1.0792,3.1837%,3.6436%,23.6476%,0.0131919999999999,REI,14137.0,2019-03-04,252.0,-0.4739%,-0.0026,1.6813,1.6295,1.0788,3.1815%,3.6420%,23.6896%,0.006324,REI,14137.0,2019-03-05,252.0,3.3333%,-0.0024,1.6713,1.5818,1.0546,3.1941%,3.6419%,23.0819%,0.043742,REI,14137.0,2019-03-06,252.0,-5.0691%,-0.0025,1.676,1.6134,1.0642,3.1954%,3.6531%,23.4894%,-0.017233,REI,14137.0,2019-03-07,252.0,-2.2654%,-0.0023,1.6874,1.6659,1.0942,3.1837%,3.6520%,24.0010%,-0.004359,REI,14137.0,2019-03-08,252.0,-1.4901%,-0.0023,1.6877,1.678,1.0941,3.1834%,3.6528%,24.0522%,-0.010251,REI,14137.0,2019-03-11,252.0,-0.5042%,-0.0024,1.6731,1.6656,1.0946,3.1883%,3.6527%,23.8112%,-0.03063,REI,14137.0,2019-03-12,252.0,1.5203%,-0.0023,1.6881,1.654,1.1069,3.1890%,3.6537%,23.8200%,0.016469,REI,-0.000746,0.018316,0.0315079999999999,0.081574,0.03557
18619,REXFORD INDUSTRIAL REALTY INC,Rexford Industrial Realty Shares Volatile Over Last Few Mins. Following 1.2M Share Block Trade At $34.10/Share,6,uncertain,0.6,0.3,"the volatility in share price following a significant block trade suggests mixed investor sentiment, making the direction of future price movement uncertain.",1,2019-02-26,REXR,2019-02-26 18:08:00+00:00,14037.0,76169C10,-0.0063273287378251,2255905.0,-0.0092619303613901,-0.0108108408749103,0.0014606846962124,0.0060103866271674,-0.0023336645681411,-0.000857952341903,-0.0002924601139966,-0.0048377397470176,0.003217332996428,0.0034265827853232,-0.0102040376514196,-0.0022791458759456,0.0011782301589846,0.0051546483300626,0.0008825765689834,0.0022961543872952,0.0155790355056524,-0.0020051472820341,0.0040520806796848,0.0043153492733836,0.0103776482865214,-0.0130608426406979,0.0062767826020717,0.0488385744392871,0.0093563375994563,-0.0023766492959111,0.0058989580720663,-0.0047309240326285,-0.0072606010362505,0.010155321098864,-0.0047819456085562,-0.0035713969264179,0.0070661390200257,-0.0053286058828234,-0.0123492125421762,0.0059558348730206,0.0019891927950084,0.0105327200144529,0.0119115710258483,0.0033212746493518,0.000840772932861,0.0178241543471813,0.0105013288557529,0.0021558266598731,-0.0025069678667932,0.0086984345689415,0.0069812899455428,0.0049953125417232,0.0044370451942086,0.0072326902300119,0.0005521937273442,0.0066476440988481,-0.0024834477808326,0.0054105687886476,0.0058091031387448,0.0171576794236898,-0.0011001351522281,0.0003238416102249,-0.0008259575697593,0.0088205989450216,0.0198401045054197,0.013576153665781,0.0048635588027536,0.0019907555542886,0.0080667668953537,0.0314852856099605,-0.0114697329699993,0.0096751479431986,-0.0261738039553165,0.01472651027143,-0.0096979346126317,-0.0086896074935793,0.015668649226427,-0.0237529315054416,-0.012396715581417,0.0120191778987646,0.0211995020508766,-0.0027247879188507,0.0150231970474124,-0.0057568596675992,0.0,0.0357769355177879,0.0010764509206637,-0.0452109947800636,-0.0002688746317289,-0.0138705438002944,0.0188222844153642,0.0053120795637369,0.0095012038946151,-0.0201691258698701,-0.001307169557549,0.0062193302437663,0.0078533831983804,-0.0276893973350524,-0.0103896502405405,0.0003183772205375,-0.0173228308558464,0.0025534606538712,-0.0008012494654394,-0.0203251913189888,0.0053461845964193,0.0040816063992679,0.0122307650744915,-0.0169753432273864,-0.0044654104858636,-0.0133982524275779,0.0,0.0120184710249304,0.0029022900853306,-0.0190447717905044,0.0060511277988553,0.0134804667904973,0.0,-0.0054844701662659,-0.0159518979489803,0.0009148758254013,0.009832551702857,0.0064456439577043,-0.006578947417438,0.0024615947622805,-0.0092619303613901,-0.0108108408749103,-0.007814774425114,-0.0048654315811659,-0.0101302019310711,-0.0057192096146494,-0.0072358900112082,-0.0071387779827618,0.0040520809912996,0.000287748764012,0.0557745729197962,0.13590329274156,0.0982499066629674,0.0757244419322842,2019-02-27,2019-02-28,2019-03-01,2019-03-04,2019-03-05,2019-03-06,2019-03-07,2019-03-08,2019-03-11,2019-03-12,14037.0,2019-02-26,252.0,-0.6327%,0.0009,0.5119,0.2849,0.153,1.0860%,1.2089%,19.2981%,-0.003345,REXR,14037.0,2019-02-27,252.0,-0.9262%,0.0009,0.5147,0.2766,0.1535,1.0873%,1.2105%,19.3120%,-0.01018,REXR,14037.0,2019-02-28,252.0,0.1461%,0.001,0.5058,0.2705,0.1464,1.0828%,1.2020%,18.8418%,0.003285,REXR,14037.0,2019-03-01,252.0,-0.2334%,0.0009,0.5062,0.2711,0.1504,1.0836%,1.2019%,18.7169%,-0.006264,REXR,14037.0,2019-03-04,252.0,-0.0292%,0.0009,0.5106,0.2549,0.1496,1.0819%,1.2013%,18.8910%,0.002748,REXR,14037.0,2019-03-05,252.0,0.3217%,0.001,0.5111,0.2616,0.1484,1.0817%,1.2013%,18.9314%,0.0051449999999999,REXR,14037.0,2019-03-06,252.0,-1.0204%,0.0009,0.5072,0.2739,0.1457,1.0800%,1.1998%,18.9708%,-0.002764,REXR,14037.0,2019-03-07,252.0,0.1178%,0.0009,0.5057,0.2765,0.1445,1.0803%,1.1998%,18.9327%,0.00592,REXR,14037.0,2019-03-08,252.0,0.0883%,0.0009,0.5064,0.2636,0.1462,1.0777%,1.1968%,18.9015%,0.002013,REXR,14037.0,2019-03-11,252.0,1.5579%,0.0009,0.5099,0.2676,0.1467,1.0786%,1.2003%,19.2526%,0.007756,REXR,14037.0,2019-03-12,252.0,0.4052%,0.0009,0.5111,0.2662,0.1476,1.0787%,1.1996%,19.1417%,0.003554,REXR,-0.013525,-0.01024,-0.016504,-0.008611,0.007868
18627,RYMAN HOSPITALITY PROPERTIES INC,"Ryman Hospitality Q4 Adj. FFO $1.64, EPS $3.09 vs $1.41 In Same Qtr. Last Year, Sales $360.565M Miss $365.19M Estimate",6,uncertain,0.6,0.2,"while the adjusted ffo and eps exceeded last year's figures, the sales miss against estimates may create mixed reactions among investors.",1,2019-02-26,RHP,2019-02-26 13:50:00+00:00,85426.0,78377T10,-0.0039173103868961,508651.0,-0.0344417467713356,-0.029157530516386,-0.0003702638787217,0.0108341136947274,0.0204964037984609,-0.00382966035977,0.0008469412568956,0.0141225950792431,0.0062862262129783,0.0027142241597175,-0.009610709734261,0.0269025843590498,-0.0203784592449665,0.0010917910840362,0.0056958775967359,0.0263977441936731,0.0216695647686719,0.0021212648134678,0.0,0.0111026652157306,0.0031332187354564,-0.0101161180064082,-0.005406018346548,-0.0073147029615938,0.0113540580496192,0.0007444812799803,-0.0052550151012837,-0.0003720548120327,-0.0067234667949378,0.0154911298304796,0.0060437563806772,-0.0118232350796461,0.0086506493389606,0.0077761830762028,-0.0153662096709013,0.0223106238991022,-0.0016937698237597,0.0104949148371815,0.0182986203581094,0.0065206051804125,-0.0049981931224465,0.0228091105818748,0.0132759129628539,-0.0009328317246399,-0.0188499391078949,-0.0180580653250217,0.0059582381509244,-0.0031307784374803,0.0070106876082718,-0.0041569196619093,0.003360926406458,0.0050921402871608,0.0044263997115194,0.0102888643741607,0.0058360872790217,0.0118793305009603,-0.0061574499122798,-0.0021311088930815,-0.020850708708167,-0.0010644202120602,0.0130201959982514,0.0083177182823419,-0.0037236944772303,0.0147019037976861,0.0056667616590857,0.0530389472842216,-0.009351473301649,0.0164651740342378,-0.0070191724225878,0.0314096212387085,-0.0190128590911626,0.014793368987739,0.0103118633851409,-0.0167941618710756,-0.02988195233047,0.0064895907416939,0.0233236663043499,-0.0070433267392218,0.0110243940725922,-0.0160162635147571,-0.0182553958147764,0.0463132373988628,0.018594853579998,-0.0120409848168492,-0.0175202190876007,0.0019605623092502,-0.0073575749993324,-0.0085227228701114,0.0092964554205536,-0.0293179135769605,-0.001244691084139,0.0136825116351246,0.0165752973407506,-0.0475055947899818,-0.0006130078691057,-0.0176211278885603,0.0439156293869018,0.0052587497048079,-0.0189189258962869,0.0019412005785852,0.0029943706467747,-0.0096127018332481,0.0102698905393481,-0.0105978101491928,-0.0069739520549774,-0.0227061361074447,0.0117842853069305,0.0201842039823532,0.0222352873533964,-0.0170439258217811,-0.0050639021210372,0.0133584924042224,-0.012261395342648,-0.0068346569314599,-0.0036303731612861,-0.0197057276964187,0.010108140297234,0.0096830260008573,-0.0132650611922144,-0.0081568574532866,-0.0344417467713356,-0.029157530516386,-0.0347992581153078,-0.0186393128223306,-0.0150161139630651,-0.0223975909446516,-0.0079848148312631,-0.0059004025490168,-0.0110833073880572,0.06283113145788,-0.0101014486767132,0.1208088555893958,0.0214577768967414,0.122392263610541,2019-02-27,2019-02-28,2019-03-01,2019-03-04,2019-03-05,2019-03-06,2019-03-07,2019-03-08,2019-03-11,2019-03-12,85426.0,2019-02-26,252.0,-0.3917%,0.0007,0.726,0.6678,0.1521,1.2344%,1.4818%,30.6043%,0.0018529999999999,RHP,85426.0,2019-02-27,252.0,-3.4442%,0.0006,0.7305,0.649,0.1527,1.2540%,1.4978%,29.9011%,-0.036281,RHP,85426.0,2019-02-28,252.0,-0.0370%,0.0007,0.7191,0.6413,0.1441,1.2473%,1.4850%,29.4541%,0.002046,RHP,85426.0,2019-03-01,252.0,2.0496%,0.0007,0.7266,0.6525,0.1497,1.2491%,1.4899%,29.7184%,0.013946,RHP,85426.0,2019-03-04,252.0,0.0847%,0.0008,0.7257,0.6504,0.1511,1.2496%,1.4898%,29.6482%,0.006562,RHP,85426.0,2019-03-05,252.0,0.6286%,0.0008,0.7249,0.6503,0.1472,1.2507%,1.4892%,29.4622%,0.009809,RHP,85426.0,2019-03-06,252.0,-0.9611%,0.0008,0.7245,0.6418,0.1456,1.2509%,1.4905%,29.5737%,0.004524,RHP,85426.0,2019-03-07,252.0,-2.0378%,0.0007,0.7263,0.6221,0.1424,1.2479%,1.4869%,29.5634%,-0.0135979999999999,RHP,85426.0,2019-03-08,252.0,0.5696%,0.0006,0.7279,0.5827,0.1469,1.2279%,1.4653%,29.7789%,0.007135,RHP,85426.0,2019-03-11,252.0,2.1670%,0.0006,0.7318,0.6023,0.1562,1.2244%,1.4677%,30.4002%,0.009401,RHP,85426.0,2019-03-12,252.0,0.0000%,0.0005,0.7222,0.6047,0.1461,1.2223%,1.4607%,29.9743%,-0.000108,RHP,-0.034428,-0.032382,-0.018436,-0.002065,0.005289
18635,RED ROBIN GOURMET BURGERS INC,Red Robin Sees FY19 EPS $1.30-$1.70 vs $1.82 Estimate,6,decrease,0.8,0.7,"the lower-than-expected eps guidance suggests weaker financial performance, which is likely to lead to a decrease in stock price.",0,2019-02-26,RRGB,2019-02-26 21:32:00+00:00,89453.0,75689M10,-0.0326264277100563,523111.0,-0.0047217332758009,-0.0346456803381443,0.0304981227964162,-0.0598164163529872,0.0305820554494857,0.0311450529843568,-0.0488194227218627,-0.0084771057590842,-0.010734642855823,-0.0030184811912477,-0.0498473830521106,-0.0048062433488667,-0.0007137922220863,0.0087879067286849,-0.013571398332715,-0.0009082282776944,0.0206372085958719,0.0024278608616441,0.0120610194280743,0.0141581734642386,0.0021030306816101,0.0108899278566241,0.0034977397881448,-0.0043370318599045,0.0055768508464097,0.0024844103027135,0.0152513179928064,0.0065645826980471,0.0037555035669356,0.0078764967620372,-0.0704081505537033,-0.0075046834535896,0.0109769208356738,-0.016605194658041,0.0343829467892646,-0.0178193934261798,0.0174947511404752,-0.0163398459553718,0.0003438868152443,0.000892024312634,0.0048126294277608,0.0246801152825355,0.0092371013015508,-0.0024316664785146,-0.0233898479491472,0.0138675114139914,0.0006942193140275,-0.018154265359044,-0.0107526695355773,-0.0089954799041152,-0.0105189736932516,0.0248923636972904,-0.0262225288897752,0.0115014845505356,0.0793304368853569,0.0046845003962516,0.0266352295875549,-0.0068238587118685,-0.0712643712759018,0.0040486161597073,0.0021216217428445,-0.0095619242638349,0.0483415275812149,0.0233585182577371,0.0168293509632349,0.0524916909635067,0.0039722225628793,0.0429660342633724,-0.0141773922368884,0.0610294044017791,-0.0093645080924034,0.016062768176198,0.00776500813663,0.0018713003955781,-0.013735338114202,0.0,0.0268342047929763,-0.0044709700159728,0.0049619455821812,-0.0059259203262627,0.0118499221280217,0.0332950949668884,0.0364346392452716,-0.0375690795481205,0.0134965563192963,-0.0443505905568599,-0.0080520948395133,-0.0570859387516975,0.0084296120330691,-0.0318123921751976,0.0092879021540284,0.0345744974911212,0.0377301648259162,-0.0426479987800121,-0.0023648189380764,-0.0484554916620254,0.0011852122843265,-0.0060204924084246,0.0002958958502858,0.0743855461478233,0.0286982618272304,-0.0080205323174595,-0.013229769654572,-0.0191944800317287,-0.0323521010577678,-0.0310975182801485,0.0102409683167934,-0.0170812029391527,-0.013416837900877,-0.0299419350922107,0.0181323196738958,-0.0083596743643283,-0.00089043576736,0.0014433959731832,0.0187166091054678,-0.0091533092781901,0.0110818678513169,0.0189448464661836,-0.0320160612463951,0.0020443834364414,-0.0047217332758009,-0.0346456803381443,0.025632385519358,-0.0923897162511926,0.0569983320040994,-0.0641221458746889,-0.0053962864155201,-0.0748566638938477,-0.0377739954917695,-0.0566328675160648,-0.0462056933954683,-0.0454687281750786,0.1318718990141882,-0.1048481874024492,2019-02-27,2019-02-28,2019-03-01,2019-03-04,2019-03-05,2019-03-06,2019-03-07,2019-03-08,2019-03-11,2019-03-12,89453.0,2019-02-26,252.0,-3.2626%,-0.002,0.9048,1.3467,0.9094,2.6326%,2.8383%,13.9703%,-0.019941,RRGB,89453.0,2019-02-27,252.0,-0.4722%,-0.0019,0.9222,1.3143,0.9123,2.6209%,2.8290%,14.1661%,-0.007104,RRGB,89453.0,2019-02-28,252.0,3.0498%,-0.0018,0.9205,1.3143,0.9023,2.6305%,2.8363%,13.9851%,0.035275,RRGB,89453.0,2019-03-01,252.0,3.0582%,-0.0018,0.9428,1.3476,0.9251,2.6294%,2.8430%,14.4608%,0.023663,RRGB,89453.0,2019-03-04,252.0,-4.8819%,-0.002,0.9554,1.342,0.9136,2.6396%,2.8560%,14.5801%,-0.042225,RRGB,89453.0,2019-03-05,252.0,-1.0735%,-0.0021,0.95,1.2995,0.91,2.6350%,2.8440%,14.1537%,-0.002848,RRGB,89453.0,2019-03-06,252.0,-4.9847%,-0.0022,0.9536,1.3539,0.9214,2.6381%,2.8572%,14.7493%,-0.025948,RRGB,89453.0,2019-03-07,252.0,-0.0714%,-0.0022,0.9444,1.3347,0.9037,2.6382%,2.8522%,14.4466%,0.011004,RRGB,89453.0,2019-03-08,252.0,-1.3571%,-0.0024,0.947,1.3106,0.9092,2.6352%,2.8472%,14.3428%,-0.0107149999999999,RRGB,89453.0,2019-03-11,252.0,2.0637%,-0.0024,0.9511,1.3269,0.9164,2.6344%,2.8506%,14.5959%,0.0064459999999999,RRGB,89453.0,2019-03-12,252.0,1.2061%,-0.0022,0.9644,1.3167,0.9274,2.6349%,2.8521%,14.6516%,0.0140419999999999,RRGB,-0.027045,0.00823,0.031893,-0.0131799999999999,-0.018351
18643,RED ROBIN GOURMET BURGERS INC,"Red Robin Gourmet Burgers Q4 EPS $0.43 Beats $0.38 Estimate, Sales $306.8M Miss $309.02M Estimate",6,uncertain,0.6,0.3,"while the earnings per share (eps) beat estimates, the sales miss could create mixed reactions among investors, leading to uncertainty in the stock price movement.",1,2019-02-26,RRGB,2019-02-26 21:30:00+00:00,89453.0,75689M10,-0.0326264277100563,523111.0,-0.0047217332758009,-0.0346456803381443,0.0304981227964162,-0.0598164163529872,0.0305820554494857,0.0311450529843568,-0.0488194227218627,-0.0084771057590842,-0.010734642855823,-0.0030184811912477,-0.0498473830521106,-0.0048062433488667,-0.0007137922220863,0.0087879067286849,-0.013571398332715,-0.0009082282776944,0.0206372085958719,0.0024278608616441,0.0120610194280743,0.0141581734642386,0.0021030306816101,0.0108899278566241,0.0034977397881448,-0.0043370318599045,0.0055768508464097,0.0024844103027135,0.0152513179928064,0.0065645826980471,0.0037555035669356,0.0078764967620372,-0.0704081505537033,-0.0075046834535896,0.0109769208356738,-0.016605194658041,0.0343829467892646,-0.0178193934261798,0.0174947511404752,-0.0163398459553718,0.0003438868152443,0.000892024312634,0.0048126294277608,0.0246801152825355,0.0092371013015508,-0.0024316664785146,-0.0233898479491472,0.0138675114139914,0.0006942193140275,-0.018154265359044,-0.0107526695355773,-0.0089954799041152,-0.0105189736932516,0.0248923636972904,-0.0262225288897752,0.0115014845505356,0.0793304368853569,0.0046845003962516,0.0266352295875549,-0.0068238587118685,-0.0712643712759018,0.0040486161597073,0.0021216217428445,-0.0095619242638349,0.0483415275812149,0.0233585182577371,0.0168293509632349,0.0524916909635067,0.0039722225628793,0.0429660342633724,-0.0141773922368884,0.0610294044017791,-0.0093645080924034,0.016062768176198,0.00776500813663,0.0018713003955781,-0.013735338114202,0.0,0.0268342047929763,-0.0044709700159728,0.0049619455821812,-0.0059259203262627,0.0118499221280217,0.0332950949668884,0.0364346392452716,-0.0375690795481205,0.0134965563192963,-0.0443505905568599,-0.0080520948395133,-0.0570859387516975,0.0084296120330691,-0.0318123921751976,0.0092879021540284,0.0345744974911212,0.0377301648259162,-0.0426479987800121,-0.0023648189380764,-0.0484554916620254,0.0011852122843265,-0.0060204924084246,0.0002958958502858,0.0743855461478233,0.0286982618272304,-0.0080205323174595,-0.013229769654572,-0.0191944800317287,-0.0323521010577678,-0.0310975182801485,0.0102409683167934,-0.0170812029391527,-0.013416837900877,-0.0299419350922107,0.0181323196738958,-0.0083596743643283,-0.00089043576736,0.0014433959731832,0.0187166091054678,-0.0091533092781901,0.0110818678513169,0.0189448464661836,-0.0320160612463951,0.0020443834364414,-0.0047217332758009,-0.0346456803381443,0.025632385519358,-0.0923897162511926,0.0569983320040994,-0.0641221458746889,-0.0053962864155201,-0.0748566638938477,-0.0377739954917695,-0.0566328675160648,-0.0462056933954683,-0.0454687281750786,0.1318718990141882,-0.1048481874024492,2019-02-27,2019-02-28,2019-03-01,2019-03-04,2019-03-05,2019-03-06,2019-03-07,2019-03-08,2019-03-11,2019-03-12,89453.0,2019-02-26,252.0,-3.2626%,-0.002,0.9048,1.3467,0.9094,2.6326%,2.8383%,13.9703%,-0.019941,RRGB,89453.0,2019-02-27,252.0,-0.4722%,-0.0019,0.9222,1.3143,0.9123,2.6209%,2.8290%,14.1661%,-0.007104,RRGB,89453.0,2019-02-28,252.0,3.0498%,-0.0018,0.9205,1.3143,0.9023,2.6305%,2.8363%,13.9851%,0.035275,RRGB,89453.0,2019-03-01,252.0,3.0582%,-0.0018,0.9428,1.3476,0.9251,2.6294%,2.8430%,14.4608%,0.023663,RRGB,89453.0,2019-03-04,252.0,-4.8819%,-0.002,0.9554,1.342,0.9136,2.6396%,2.8560%,14.5801%,-0.042225,RRGB,89453.0,2019-03-05,252.0,-1.0735%,-0.0021,0.95,1.2995,0.91,2.6350%,2.8440%,14.1537%,-0.002848,RRGB,89453.0,2019-03-06,252.0,-4.9847%,-0.0022,0.9536,1.3539,0.9214,2.6381%,2.8572%,14.7493%,-0.025948,RRGB,89453.0,2019-03-07,252.0,-0.0714%,-0.0022,0.9444,1.3347,0.9037,2.6382%,2.8522%,14.4466%,0.011004,RRGB,89453.0,2019-03-08,252.0,-1.3571%,-0.0024,0.947,1.3106,0.9092,2.6352%,2.8472%,14.3428%,-0.0107149999999999,RRGB,89453.0,2019-03-11,252.0,2.0637%,-0.0024,0.9511,1.3269,0.9164,2.6344%,2.8506%,14.5959%,0.0064459999999999,RRGB,89453.0,2019-03-12,252.0,1.2061%,-0.0022,0.9644,1.3167,0.9274,2.6349%,2.8521%,14.6516%,0.0140419999999999,RRGB,-0.027045,0.00823,0.031893,-0.0131799999999999,-0.018351
18651,REVANCE THERAPEUTICS INC,"Revance Therapeutics Q4 EPS $(1.12) Misses $(0.94) Estimate, Sales $487K Miss $1.3M Estimate",6,decrease,0.8,0.7,"the significant miss in both eps and sales estimates typically signals poor financial performance, which is likely to negatively impact investor sentiment and lead to a decrease in stock price.",0,2019-02-26,RVNC,2019-02-26 22:28:00+00:00,14467.0,76133010,0.0053003625944256,627178.0,-0.0052724168635904,-0.0313748493790626,-0.0023556542582809,0.0156431309878826,0.0112159755080938,-0.0395102463662624,0.0035027072299271,0.0169778857380151,-0.0058173574507236,-0.0011306081432849,-0.0491515584290027,-0.0078519005328416,-0.0024615947622805,0.0028121054638177,-0.0148056037724018,-0.0044792788103222,0.0131496582180261,0.0033708638511598,0.0030901876743882,0.040327213704586,-0.0086259637027978,0.0088444296270608,-0.0323182381689548,-0.0122306924313306,-0.0077071217820048,-0.021094687283039,0.0355987176299095,0.0378699004650116,0.0199999809265136,-0.0353881753981113,-0.0275735184550285,0.0144759695976972,0.0056710871867835,-0.0209749974310398,-0.0307017397135496,0.0346041172742843,-0.0045249285176396,0.0029411315917968,0.0155844632536172,-0.0156340729445219,-0.0038363439962267,0.0023215853143483,0.0128369582816958,0.0029103164561092,-0.0012673956807702,-0.0171624273061752,-0.0171320084482431,-0.0185289122164249,-0.0200128778815269,0.0336622148752212,-0.0046113734133541,-0.0488545522093772,-0.0046326736919581,-0.1027736887335777,0.0159574318677187,0.0391147807240486,-0.0170156601816415,-0.0176946595311164,-0.0272969901561737,0.0025342698208987,-0.0123202847316861,-0.0125125125050544,-0.0270270500332117,0.0020059682428836,-0.0042735342867672,-0.0118929520249366,0.0042918757535517,-0.0102991219609975,-0.0064102672040462,0.0381873734295368,-0.0516129247844219,0.0066632064990699,0.0196523237973451,-0.030799750238657,-0.005189006216824,0.0376288443803787,0.0126676661893725,-0.006656480487436,-0.0345842726528644,0.0046296375803649,0.0198170915246009,0.0479785092175006,0.0022421325556933,0.0271317716687917,-0.0089485375210642,-0.0136537412181496,-0.003762241685763,-0.0219017025083303,-0.0128398854285478,-0.0168068055063486,0.0168324615806341,-0.0083333253860473,0.0180586744099855,-0.0356604270637035,0.0059127807617187,-0.0381642952561378,-0.0492285154759883,-0.0560875311493873,-0.0200926810503006,0.0092039005830883,0.011040961369872,-0.058084100484848,-0.0148205608129501,-0.001730891992338,-0.0292953196913003,-0.0450413264334201,0.0407830327749252,-0.0285025723278522,-0.0070533035323023,0.1947241872549057,-0.0331491753458976,0.0200587008148431,-0.0285714603960514,0.0169154293835163,-0.0033613415434956,-0.030858214944601,-0.0168633908033371,0.0448362417519092,0.0197256002575159,-0.022167433053255,-0.0052724168635904,-0.0313748493790626,-0.0076156511306353,-0.0162225192697418,0.0035149074208991,-0.0550918099029753,0.0011716732973519,-0.0401357253430499,-0.0492091475865348,-0.0075979570730898,-0.1441124829093222,-0.1393816544884677,-0.3034563245758116,-0.1635467925013083,2019-02-27,2019-02-28,2019-03-01,2019-03-04,2019-03-05,2019-03-06,2019-03-07,2019-03-08,2019-03-11,2019-03-12,14467.0,2019-02-26,252.0,0.5300%,-0.0023,0.725,0.5619,-0.5345,2.8080%,2.9932%,11.9908%,0.008336,RVNC,14467.0,2019-02-27,252.0,-0.5272%,-0.0026,0.7023,0.6007,-0.5383,2.7897%,2.9723%,11.9105%,-0.0077339999999999,RVNC,14467.0,2019-02-28,252.0,-0.2356%,-0.0025,0.7005,0.5995,-0.5398,2.7896%,2.9711%,11.8422%,-0.0017439999999999,RVNC,14467.0,2019-03-01,252.0,1.1216%,-0.0025,0.6948,0.591,-0.5508,2.7889%,2.9695%,11.7957%,0.002185,RVNC,14467.0,2019-03-04,252.0,0.3503%,-0.0023,0.6786,0.6323,-0.5437,2.7833%,2.9621%,11.7073%,0.011538,RVNC,14467.0,2019-03-05,252.0,-0.5817%,-0.0025,0.6707,0.5698,-0.5487,2.7738%,2.9450%,11.2904%,-0.004099,RVNC,14467.0,2019-03-06,252.0,-4.9152%,-0.0027,0.6749,0.6474,-0.5334,2.7793%,2.9569%,11.6519%,-0.036209,RVNC,14467.0,2019-03-07,252.0,-0.2462%,-0.0025,0.6826,0.6942,-0.5098,2.7680%,2.9492%,11.9095%,0.001676,RVNC,14467.0,2019-03-08,252.0,-1.4806%,-0.0026,0.6855,0.6749,-0.5043,2.7669%,2.9460%,11.7929%,-0.014608,RVNC,14467.0,2019-03-11,252.0,1.3150%,-0.0027,0.6845,0.7059,-0.486,2.7588%,2.9398%,11.9303%,-0.002206,RVNC,14467.0,2019-03-12,252.0,0.3090%,-0.0027,0.6821,0.7039,-0.4896,2.7590%,2.9390%,11.8784%,0.002877,RVNC,0.000602,-0.0011419999999999,0.001043,0.008482,-0.039988
18659,SAGE THERAPEUTICS INC,Sage Therapeutics Earlier Announced Pricing Of $500M Common Stock Offering At $150/Share,6,decrease,0.7,0.5,"the announcement of a $500m common stock offering typically dilutes existing shares, which can lead to a decrease in stock price.",0,2019-02-26,SAGE,2019-02-26 14:38:00+00:00,14828.0,78667J10,-0.0414758175611496,2392724.0,0.0400629118084907,0.0350717268884182,0.0023287707008421,0.0532905235886573,-0.0015070989029482,-0.0100231003016233,-0.0215709246695041,-0.0345864221453666,-0.0075202351436018,-0.0495867542922496,-0.0305032487958669,0.0179644282907247,0.0054108053445816,0.0029181719291955,0.0026576917152851,0.0243031103163957,0.0308793559670448,0.0222532637417316,-0.0003214183379895,-0.0081697553396224,0.0204474832862615,0.0346285067498683,-0.0245116539299488,-0.0124537600204348,0.0218332465738058,0.0085546188056468,-0.0082811657339334,0.0081450184807181,-0.0049719451926648,0.0215354617685079,-0.0233183801174163,0.003015694906935,0.0362061448395252,0.0749340578913688,-0.0079756584018468,0.0077489097602665,0.0135272787883877,0.0197552144527435,0.0302820298820734,-0.022269370034337,-0.0298808403313159,-0.0015880772843956,0.0066768256947398,0.0113965896889567,-0.0048179468140006,-0.0477091409265995,-0.0075447778217494,-0.0178839694708585,0.0157110895961523,0.0244026556611061,0.0091061647981405,0.0063421870581805,-0.0045119957067072,0.0277399085462093,0.0365702174603939,0.038979485630989,0.0067086578346788,0.0151079092174768,-0.0004165366990491,-0.0088734170421957,0.0176785793155431,0.0534134656190872,-0.0052640456706285,-0.0740339607000351,0.0031163564417511,-0.0699346736073494,-0.017233308404684,0.4268280267715454,0.0023857443593442,0.0915705859661102,-0.0392121635377407,-0.0013414770364761,0.0201894752681255,-0.0661864876747131,0.0047350134700536,0.0764131173491478,0.0088816462084651,0.0125156268477439,-0.0150915626436471,-0.0121389431878924,-0.0029794811271131,0.0646165087819099,0.0287857614457607,0.0198925696313381,0.0100776385515928,-0.0325855314731597,-0.0126768220216035,-0.0885613188147544,-0.0087380446493625,-0.0570269152522087,-0.0074357776902616,-0.0274350997060537,0.010995602235198,-0.0064711840823292,0.0220509301871061,0.0136155346408486,-0.0206396467983722,-0.0906461700797081,0.017074629664421,0.0260571707040071,-0.0007043620571494,0.0026963576674461,-0.0247885398566722,0.0474289320409297,-0.0124684209004044,-0.0302228666841983,0.0130527568981051,-0.0238776057958602,0.0057800393551588,-0.0645912215113639,0.0195750035345554,0.0058114160783588,-0.0137975923717021,0.0109610660001635,-0.0271476898342371,0.0364446267485618,0.0466311424970626,0.064016968011856,0.0287668723613023,-0.082431174814701,0.0400629118084907,0.0350717268884182,0.042484979844543,0.0902312411661176,0.0409138518750793,0.0793037440839463,0.0108013160649289,-0.0096936438051808,0.018067620440284,0.0500065637686537,0.0997643725668246,0.2626366188432765,0.1518067791724962,0.414108246988019,2019-02-27,2019-02-28,2019-03-01,2019-03-04,2019-03-05,2019-03-06,2019-03-07,2019-03-08,2019-03-11,2019-03-12,14828.0,2019-02-26,251.0,-4.1476%,-0.0003,1.5023,1.2497,-1.2066,3.9077%,4.4921%,24.3258%,-0.035607,SAGE,14828.0,2019-02-27,251.0,4.0063%,-0.0002,1.499,1.2659,-1.207,3.9136%,4.4973%,24.2742%,0.034788,SAGE,14828.0,2019-02-28,251.0,0.2329%,-0.0002,1.4964,1.2642,-1.2099,3.9136%,4.4943%,24.1735%,0.0036049999999999,SAGE,14828.0,2019-03-01,251.0,-0.1507%,-0.0003,1.4961,1.2637,-1.2008,3.9155%,4.4937%,24.0759%,-0.020877,SAGE,14828.0,2019-03-04,251.0,-2.1571%,-0.0003,1.4987,1.2583,-1.2023,3.9155%,4.4959%,24.1527%,-0.004143,SAGE,14828.0,2019-03-05,251.0,-0.7520%,-0.0003,1.5035,1.2926,-1.1975,3.9138%,4.4956%,24.2052%,-0.004047,SAGE,14828.0,2019-03-06,251.0,-3.0503%,-0.0004,1.4903,1.3061,-1.2106,3.9105%,4.4951%,24.3184%,-0.001198,SAGE,14828.0,2019-03-07,251.0,0.5411%,-0.0004,1.4779,1.2745,-1.236,3.9090%,4.4899%,24.2011%,0.014461,SAGE,14828.0,2019-03-08,251.0,0.2658%,-0.0003,1.4752,1.3107,-1.2422,3.9036%,4.4886%,24.3682%,0.003081,SAGE,14828.0,2019-03-11,251.0,3.0879%,-0.0002,1.4747,1.2944,-1.2512,3.9022%,4.4919%,24.5327%,-0.002369,SAGE,14828.0,2019-03-12,251.0,-0.0321%,-0.0004,1.4484,1.3005,-1.2789,3.8973%,4.4814%,24.3725%,-0.001475,SAGE,-0.000819,0.0027859999999999,-0.018091,-0.026281,-0.013781
18667,SAGE THERAPEUTICS INC,Sage Therapeutics shares are trading lower after the company announced a $500 million stock offering priced at $150 per share.,6,decrease,0.85,0.7,"the announcement of a stock offering typically dilutes existing shares, leading to a decrease in stock price.",0,2019-02-26,SAGE,2019-02-26 13:37:00+00:00,14828.0,78667J10,-0.0414758175611496,2392724.0,0.0400629118084907,0.0350717268884182,0.0023287707008421,0.0532905235886573,-0.0015070989029482,-0.0100231003016233,-0.0215709246695041,-0.0345864221453666,-0.0075202351436018,-0.0495867542922496,-0.0305032487958669,0.0179644282907247,0.0054108053445816,0.0029181719291955,0.0026576917152851,0.0243031103163957,0.0308793559670448,0.0222532637417316,-0.0003214183379895,-0.0081697553396224,0.0204474832862615,0.0346285067498683,-0.0245116539299488,-0.0124537600204348,0.0218332465738058,0.0085546188056468,-0.0082811657339334,0.0081450184807181,-0.0049719451926648,0.0215354617685079,-0.0233183801174163,0.003015694906935,0.0362061448395252,0.0749340578913688,-0.0079756584018468,0.0077489097602665,0.0135272787883877,0.0197552144527435,0.0302820298820734,-0.022269370034337,-0.0298808403313159,-0.0015880772843956,0.0066768256947398,0.0113965896889567,-0.0048179468140006,-0.0477091409265995,-0.0075447778217494,-0.0178839694708585,0.0157110895961523,0.0244026556611061,0.0091061647981405,0.0063421870581805,-0.0045119957067072,0.0277399085462093,0.0365702174603939,0.038979485630989,0.0067086578346788,0.0151079092174768,-0.0004165366990491,-0.0088734170421957,0.0176785793155431,0.0534134656190872,-0.0052640456706285,-0.0740339607000351,0.0031163564417511,-0.0699346736073494,-0.017233308404684,0.4268280267715454,0.0023857443593442,0.0915705859661102,-0.0392121635377407,-0.0013414770364761,0.0201894752681255,-0.0661864876747131,0.0047350134700536,0.0764131173491478,0.0088816462084651,0.0125156268477439,-0.0150915626436471,-0.0121389431878924,-0.0029794811271131,0.0646165087819099,0.0287857614457607,0.0198925696313381,0.0100776385515928,-0.0325855314731597,-0.0126768220216035,-0.0885613188147544,-0.0087380446493625,-0.0570269152522087,-0.0074357776902616,-0.0274350997060537,0.010995602235198,-0.0064711840823292,0.0220509301871061,0.0136155346408486,-0.0206396467983722,-0.0906461700797081,0.017074629664421,0.0260571707040071,-0.0007043620571494,0.0026963576674461,-0.0247885398566722,0.0474289320409297,-0.0124684209004044,-0.0302228666841983,0.0130527568981051,-0.0238776057958602,0.0057800393551588,-0.0645912215113639,0.0195750035345554,0.0058114160783588,-0.0137975923717021,0.0109610660001635,-0.0271476898342371,0.0364446267485618,0.0466311424970626,0.064016968011856,0.0287668723613023,-0.082431174814701,0.0400629118084907,0.0350717268884182,0.042484979844543,0.0902312411661176,0.0409138518750793,0.0793037440839463,0.0108013160649289,-0.0096936438051808,0.018067620440284,0.0500065637686537,0.0997643725668246,0.2626366188432765,0.1518067791724962,0.414108246988019,2019-02-27,2019-02-28,2019-03-01,2019-03-04,2019-03-05,2019-03-06,2019-03-07,2019-03-08,2019-03-11,2019-03-12,14828.0,2019-02-26,251.0,-4.1476%,-0.0003,1.5023,1.2497,-1.2066,3.9077%,4.4921%,24.3258%,-0.035607,SAGE,14828.0,2019-02-27,251.0,4.0063%,-0.0002,1.499,1.2659,-1.207,3.9136%,4.4973%,24.2742%,0.034788,SAGE,14828.0,2019-02-28,251.0,0.2329%,-0.0002,1.4964,1.2642,-1.2099,3.9136%,4.4943%,24.1735%,0.0036049999999999,SAGE,14828.0,2019-03-01,251.0,-0.1507%,-0.0003,1.4961,1.2637,-1.2008,3.9155%,4.4937%,24.0759%,-0.020877,SAGE,14828.0,2019-03-04,251.0,-2.1571%,-0.0003,1.4987,1.2583,-1.2023,3.9155%,4.4959%,24.1527%,-0.004143,SAGE,14828.0,2019-03-05,251.0,-0.7520%,-0.0003,1.5035,1.2926,-1.1975,3.9138%,4.4956%,24.2052%,-0.004047,SAGE,14828.0,2019-03-06,251.0,-3.0503%,-0.0004,1.4903,1.3061,-1.2106,3.9105%,4.4951%,24.3184%,-0.001198,SAGE,14828.0,2019-03-07,251.0,0.5411%,-0.0004,1.4779,1.2745,-1.236,3.9090%,4.4899%,24.2011%,0.014461,SAGE,14828.0,2019-03-08,251.0,0.2658%,-0.0003,1.4752,1.3107,-1.2422,3.9036%,4.4886%,24.3682%,0.003081,SAGE,14828.0,2019-03-11,251.0,3.0879%,-0.0002,1.4747,1.2944,-1.2512,3.9022%,4.4919%,24.5327%,-0.002369,SAGE,14828.0,2019-03-12,251.0,-0.0321%,-0.0004,1.4484,1.3005,-1.2789,3.8973%,4.4814%,24.3725%,-0.001475,SAGE,-0.000819,0.0027859999999999,-0.018091,-0.026281,-0.013781
18675,S F L CORP LTD,"Ship Finance Q4 Adj. EBITDA $92M, Total Charter Hire $126M",6,increase,0.7,0.6,"the reported adj. ebitda of $92m and total charter hire of $126m suggest strong financial performance, which is likely to positively influence investor sentiment and increase the stock price.",2,2019-02-26,SFL,2019-02-26 11:20:00+00:00,90219.0,G7738W10,0.0304243490099906,1708313.0,-0.0334110558032989,-0.001598757575266,-0.0040192315354943,0.0121359685435891,-0.0072639347054064,-0.0104083362966775,0.0081300344318151,-0.0055732997134327,0.0024194102734327,-0.0015897856792435,-0.0233306474983692,-0.000794299354311,0.0049422951415181,0.0039872559718787,0.0114754382520914,0.0080386158078908,-0.0137763749808073,0.0008044469286687,0.0219966359436512,0.0230453256517648,0.0033112552482634,-0.0032813751604408,0.0066006537526845,-0.0161421112716198,0.0032786855008453,-0.0087999729439616,0.0138888955116272,0.0016026007942855,-0.0104754325002431,0.0008018664666451,0.005700378678739,0.0254934560507535,0.0016193930059671,0.0133333206176757,-0.0202101860195398,0.0135135008022189,0.0074257552623748,0.0085179200395941,0.0090089812874794,-0.0050847814418375,-0.0024350432213395,0.0059676598757505,-0.0065093510784208,0.0208877082914114,0.0106470203027129,-0.0069144275039434,0.0153970485553145,-0.0236287489533424,0.0079808766022324,0.0224331505596637,-0.0015835674712434,0.0043327719904482,0.006344165187329,-0.0025928895920515,0.0086682913824915,0.0149122877046465,0.0070312619209289,-0.0017513536149635,-0.0217223186045885,-0.0052264346741139,0.0142744099721312,-0.0171233527362346,0.0,0.009507399983704,0.0023455615155398,-0.0144804157316684,-0.0117004383355379,0.0208695456385612,0.0023677768185734,0.0707635208964347,0.0039370227605104,-0.0200730171054601,-0.0023529201280325,0.0408357381820678,0.006289301905781,-0.0285978242754936,0.0015624612569808,0.0009233821765519,0.0,-0.0330357030034065,-0.0093603655695915,0.0438024513423442,0.0047244424931705,-0.020985446870327,0.0062695862725377,-0.000911597860977,-0.0062305238097906,-0.0309186782687902,0.0015673591988161,-0.0173611771315336,-0.0007824159110896,-0.0351758077740669,0.0140954852104187,0.0075948690064251,-0.0046331635676324,-0.0278916489332914,-0.0077579813078045,-0.0073290029540658,-0.0023455615155398,0.0106995981186628,-0.0094043798744678,-0.0039841099642217,0.0102848187088966,-0.0156862586736679,-0.0180110018700361,0.0007849473622627,0.023923460394144,-0.0031298876274377,0.0077881175093352,-0.0340135917067527,0.0146831944584846,0.0192604009062051,-0.0068545429967343,-0.0240601990371942,-0.0099693341180682,0.0160427838563919,0.0379550568759441,0.0147287240251898,-0.0022387860808521,0.0038909912109375,-0.0334110558032989,-0.001598757575266,-0.0372960005696745,0.0105178084966808,-0.04428901956217,-6.87934265108936e-10,-0.0341880006911062,-0.0071542257236183,-0.0335898315383239,0.0279835525239264,0.0088105942323712,0.0879791149607602,0.0696112518695117,-1.6060831323549962e-05,2019-02-27,2019-02-28,2019-03-01,2019-03-04,2019-03-05,2019-03-06,2019-03-07,2019-03-08,2019-03-11,2019-03-12,90219.0,2019-02-26,252.0,3.0424%,-0.0002,0.8585,0.7392,0.4974,1.2281%,1.5216%,34.8510%,0.038475,SFL,90219.0,2019-02-27,252.0,-3.3411%,-0.0003,0.8616,0.7235,0.4978,1.2465%,1.5359%,34.1318%,-0.035091,SFL,90219.0,2019-02-28,252.0,-0.4019%,-0.0003,0.8629,0.7244,0.4987,1.2464%,1.5348%,34.0537%,-0.000348,SFL,90219.0,2019-03-01,252.0,-0.7264%,-0.0003,0.8464,0.6999,0.4795,1.2412%,1.5181%,33.1593%,-0.013673,SFL,90219.0,2019-03-04,252.0,0.8130%,-0.0002,0.8447,0.6933,0.4827,1.2441%,1.5189%,32.9061%,0.013371,SFL,90219.0,2019-03-05,252.0,0.2419%,-0.0001,0.8454,0.7029,0.4804,1.2439%,1.5188%,32.9216%,0.007073,SFL,90219.0,2019-03-06,252.0,-2.3331%,-0.0002,0.8468,0.7198,0.4843,1.2446%,1.5244%,33.3360%,-0.007656,SFL,90219.0,2019-03-07,252.0,0.4942%,-0.0001,0.8424,0.7259,0.4802,1.2466%,1.5247%,33.1516%,0.0138979999999999,SFL,90219.0,2019-03-08,252.0,1.1475%,-0.0,0.84,0.7343,0.4759,1.2488%,1.5264%,33.0660%,0.013692,SFL,90219.0,2019-03-11,252.0,-1.3776%,-0.0001,0.8265,0.7181,0.4736,1.2594%,1.5282%,32.0795%,-0.0265499999999999,SFL,90219.0,2019-03-12,252.0,2.1997%,-0.0001,0.8193,0.7096,0.4619,1.2655%,1.5268%,31.3040%,0.02223,SFL,0.0033839999999999,0.0030359999999999,-0.010637,0.009807,0.025421
18683,MADDEN STEVEN LTD,Steven Madden Q4 Earnings Preview,6,uncertain,0.5,0.5,the impact on steven madden's stock price is uncertain as it depends on the actual earnings results compared to market expectations.,1,2019-02-26,SHOO,2019-02-26 18:25:00+00:00,80034.0,55626910,-0.0114596225321292,934509.0,0.036302700638771,0.01530924718827,-0.0288489703088998,0.0030712061561644,0.0154591780155897,-0.0021452556829899,-0.0131342876702547,-0.0320379137992858,-0.0081669827923178,-0.0203429460525512,-0.0088441874831914,0.0017467649886384,-0.001846196129918,-0.0077989734709262,-0.0095560289919376,0.0069807404652237,0.0096482271328568,0.0135614071041345,-0.0009247466223314,0.010726960375905,0.0064794532954692,-0.0123601583763957,0.0045984527096152,0.0023598233237862,-0.0061031663790345,-0.0005895236972719,0.0208781361579895,0.0068269381299614,-0.003322277450934,0.022458204999566,0.0009090538951568,0.0091883372515439,0.0078716967254877,0.0030722669325768,-0.0336438193917274,0.0159175507724285,0.01771848089993,-0.0111111290752887,0.0125229023396968,0.0,0.0117646865546703,0.0106051201000809,0.0140130408108234,0.0065934378653764,-0.0049984762445092,-0.0009409905760549,0.0106383161619305,-0.0087064886465668,-0.0099415248259902,0.0103675751015543,-0.0026580078992992,0.0205193776637315,0.0192477852106094,0.0022493475116789,-0.0046484558843076,0.0009649625862948,-0.0178049281239509,0.004199001006782,-0.0205052718520164,-0.0099136987701058,0.0060679842717945,-0.0321882031857967,-0.0066345361992716,-0.0052339336834847,0.0106254490092396,0.0236369371414184,0.0096124866977334,0.0235483720898628,0.0041654086671769,0.031614001840353,-0.0038518835790455,-0.014107622206211,-0.0029743746854364,0.0072703012265264,-0.0283413119614124,0.0059840525500476,0.0227203462272882,0.0066934661008417,0.0207144580781459,-0.0003345677105244,0.0297058336436748,0.070175401866436,0.0234219804406166,-0.0230849888175725,0.0106055606156587,-0.0107266250997781,0.0038663186132907,-0.0142566012218594,-0.0242090038955211,0.0027229383122175,0.0253734905272722,0.0148531394079327,0.0090734623372554,0.0059068822301924,-0.039781991392374,-0.0041522122919559,-0.0490920357406139,-0.0321500673890113,0.0035811027046293,0.0098072681576013,-0.0056497897021472,0.0179001875221729,-0.0095693692564964,-0.00137507438194,-0.0407608263194561,-0.036754984408617,0.0031476356089115,0.0013262903084978,-0.0047066682018339,-0.0855063572525978,0.0044136601500213,0.0232702456414699,-0.0109855737537145,0.0238246507942676,-0.0228498671203851,-0.0116169806569814,0.0227346159517765,0.0172469150274992,-0.006351186428219,-0.0119911981746554,0.036302700638771,0.01530924718827,0.0064064347970103,0.0184274711986454,0.0219646510285722,0.0162426838783433,0.000305129188451,-0.0363266500723167,-0.0112873388572626,-0.01191899620107,0.0097427075594558,0.0604412988657905,-0.041418357358983,0.0514558527597797,2019-02-27,2019-02-28,2019-03-01,2019-03-04,2019-03-05,2019-03-06,2019-03-07,2019-03-08,2019-03-11,2019-03-12,80034.0,2019-02-26,252.0,-1.1460%,0.0005,1.0764,0.9966,0.3966,1.3937%,1.8253%,41.6974%,-0.0021809999999999,SHOO,80034.0,2019-02-27,252.0,3.6303%,0.0007,1.0789,1.0019,0.3971,1.4092%,1.8389%,41.2796%,0.033816,SHOO,80034.0,2019-02-28,252.0,-2.8849%,0.0005,1.0901,1.0088,0.4112,1.4164%,1.8482%,41.2659%,-0.0248119999999999,SHOO,80034.0,2019-03-01,252.0,1.5459%,0.0005,1.0997,1.023,0.4233,1.4142%,1.8504%,41.5839%,0.006239,SHOO,80034.0,2019-03-04,252.0,-1.3134%,0.0004,1.1068,1.0042,0.4203,1.4119%,1.8512%,41.8273%,-0.0050649999999999,SHOO,80034.0,2019-03-05,252.0,-0.8167%,0.0006,1.1154,1.0693,0.4274,1.3932%,1.8483%,43.1801%,-0.002254,SHOO,80034.0,2019-03-06,252.0,-0.8844%,0.0005,1.0928,1.057,0.4002,1.3808%,1.8313%,43.1526%,0.0137379999999999,SHOO,80034.0,2019-03-07,252.0,-0.1846%,0.0005,1.0897,1.0585,0.3965,1.3817%,1.8306%,43.0351%,0.009086,SHOO,80034.0,2019-03-08,252.0,-0.9556%,0.0006,1.0895,1.079,0.395,1.3775%,1.8303%,43.3598%,-0.007104,SHOO,80034.0,2019-03-11,252.0,0.9648%,0.0006,1.0856,1.0542,0.3829,1.3714%,1.8245%,43.5026%,-0.008505,SHOO,80034.0,2019-03-12,252.0,-0.0925%,0.0005,1.0734,1.0573,0.3702,1.3684%,1.8139%,43.0858%,-0.000471,SHOO,0.0316349999999999,0.0068229999999999,0.0130619999999999,0.005743,0.012487
18691,SMUCKER J M CO,JM Smucker On Conference Call Says Co Expects To Deliver $100 Million Of Net Sales Incremental Against Our Innovation,6,increase,0.75,0.6,"the expectation of delivering $100 million in incremental net sales from innovation suggests positive growth prospects, which is likely to boost investor confidence and increase the stock price.",2,2019-02-26,SJM,2019-02-26 14:53:00+00:00,42585.0,83269640,0.0497724004089832,2792530.0,0.0139504512771964,-0.0035496018826961,-0.0154317747801542,-0.0501076951622963,-0.004626621492207,-0.0015897306147962,-0.0273192692548036,0.028170371428132,-0.0044860453344881,0.0060940692201256,0.0130290146917104,0.018120901659131,-0.0075428523123264,-0.0129181761294603,-0.0013641176046803,-0.0060367691330611,0.0062445057556033,0.0098703727126121,-0.0031997887417674,-0.0026059672236442,0.0044746990315616,-0.0021188599057495,0.005713696591556,-0.0135854100808501,0.0166586749255657,-0.0010439461329951,0.0136388977989554,0.0040975823067128,-0.0010277796536684,0.010690557770431,0.0014965487644076,-0.0100113982334733,0.0422153435647487,0.0135291246697306,0.0242853909730911,0.0022276353556662,0.0142606934532523,0.0036939559504389,-0.0018977074651047,0.014097006060183,-0.0070002381689846,-0.003242549020797,0.0100087160244584,-0.0232268515974283,0.0038776125293225,-0.0076197297312319,-0.0066094133071601,0.0019085499225184,0.0027650538831949,0.0058552562259137,-0.0061181103810667,0.0092027215287089,0.0030345597770065,0.0005816147313453,0.0073472075164318,0.0052616284228861,0.012356293387711,0.0043056542053818,0.0127140190452337,0.006996443029493,-0.0034315672237426,0.0180578157305717,0.0032753790728747,0.0,-0.0093755461275577,0.025831039994955,0.0070982254110276,0.0134543282911181,-0.0020976674277335,0.0136378156021237,0.0027747568674385,0.0075628366321325,0.0120744155719876,0.00417156284675,0.0043082376942038,-0.0044724289327859,0.0041247317567467,-0.0050852391868829,0.0052579641342163,-0.0041147856973111,-0.0093167647719383,0.0173893850296735,0.0129516553133726,-0.0305930785834789,-0.005945136770606,0.007126391865313,0.0046698320657014,-0.0152735123410821,-0.000897012243513,-0.0045201852917671,0.0033464224543422,-0.0167677141726017,0.0049621784128248,-0.028554642572999,0.0130322212353348,-0.0179241877049207,-0.0004794661363121,0.0205546449869871,-0.0037572435103356,0.0079302443191409,0.0107526583597064,0.0173456389456987,0.007462705951184,0.0100846029818058,-0.001103226095438,-0.0263810735195875,0.0001577519869897,-0.0137910414487123,0.0056791389361023,-0.0098780188709497,-0.0071372715756297,-0.0119605781510472,0.0092254150658845,0.0103441579267382,0.003861291334033,0.0213270504027605,-0.0054949130862951,-0.0723575875163078,0.004657007753849,0.0015594731085002,0.0139504512771964,-0.0035496018826961,-0.001696603725149,-0.0534794346759067,-0.0063153756740975,-0.0549841473961367,-0.0377980462568424,-0.0224414748586772,-0.0310113437023814,-0.0164464921038297,0.1262136639817621,0.0041976377079848,0.2078462980573061,-0.065168537899902,2019-02-27,2019-02-28,2019-03-01,2019-03-04,2019-03-05,2019-03-06,2019-03-07,2019-03-08,2019-03-11,2019-03-12,42585.0,2019-02-26,252.0,4.9772%,-0.0004,0.2431,-0.4029,0.0757,1.5806%,1.6126%,3.9304%,0.048221,SJM,42585.0,2019-02-27,252.0,1.3950%,-0.0004,0.2365,-0.3869,0.0746,1.5804%,1.6101%,3.6585%,0.014488,SJM,42585.0,2019-02-28,252.0,-1.5432%,-0.0005,0.2392,-0.3856,0.0799,1.5829%,1.6128%,3.6783%,-0.014535,SJM,42585.0,2019-03-01,252.0,-0.4627%,-0.0005,0.2376,-0.3879,0.0795,1.5831%,1.6130%,3.6672%,-0.005001,SJM,42585.0,2019-03-04,252.0,-2.7319%,-0.0006,0.2466,-0.3928,0.0716,1.5908%,1.6215%,3.7537%,-0.028035,SJM,42585.0,2019-03-05,252.0,-0.4486%,-0.0007,0.2437,-0.4183,0.0712,1.5877%,1.6196%,3.9016%,-0.005203,SJM,42585.0,2019-03-06,252.0,1.3029%,-0.0007,0.2348,-0.4358,0.0588,1.5881%,1.6199%,3.8823%,0.009687,SJM,42585.0,2019-03-07,252.0,-0.7543%,-0.0007,0.2372,-0.4344,0.0623,1.5884%,1.6204%,3.9070%,-0.005818,SJM,42585.0,2019-03-08,252.0,-0.1364%,-0.0007,0.2369,-0.4309,0.0617,1.5883%,1.6199%,3.8575%,-0.000609,SJM,42585.0,2019-03-11,252.0,0.6245%,-0.0007,0.2394,-0.4236,0.0646,1.5883%,1.6197%,3.8343%,0.004497,SJM,42585.0,2019-03-12,252.0,-0.3200%,-0.0007,0.2414,-0.4221,0.0675,1.5884%,1.6196%,3.8170%,-0.005023,SJM,0.062709,0.048174,0.043173,0.009935,0.012669
18699,SMUCKER J M CO,JM Smucker shares are trading higher after the company reported better than expected EPS and revenue results. The company also announced strong 2019 guidance.,6,increase,0.85,0.7,"the better than expected eps and revenue results, along with strong guidance, typically lead to positive investor sentiment and an increase in stock price.",2,2019-02-26,SJM,2019-02-26 13:12:00+00:00,42585.0,83269640,0.0497724004089832,2792530.0,0.0139504512771964,-0.0035496018826961,-0.0154317747801542,-0.0501076951622963,-0.004626621492207,-0.0015897306147962,-0.0273192692548036,0.028170371428132,-0.0044860453344881,0.0060940692201256,0.0130290146917104,0.018120901659131,-0.0075428523123264,-0.0129181761294603,-0.0013641176046803,-0.0060367691330611,0.0062445057556033,0.0098703727126121,-0.0031997887417674,-0.0026059672236442,0.0044746990315616,-0.0021188599057495,0.005713696591556,-0.0135854100808501,0.0166586749255657,-0.0010439461329951,0.0136388977989554,0.0040975823067128,-0.0010277796536684,0.010690557770431,0.0014965487644076,-0.0100113982334733,0.0422153435647487,0.0135291246697306,0.0242853909730911,0.0022276353556662,0.0142606934532523,0.0036939559504389,-0.0018977074651047,0.014097006060183,-0.0070002381689846,-0.003242549020797,0.0100087160244584,-0.0232268515974283,0.0038776125293225,-0.0076197297312319,-0.0066094133071601,0.0019085499225184,0.0027650538831949,0.0058552562259137,-0.0061181103810667,0.0092027215287089,0.0030345597770065,0.0005816147313453,0.0073472075164318,0.0052616284228861,0.012356293387711,0.0043056542053818,0.0127140190452337,0.006996443029493,-0.0034315672237426,0.0180578157305717,0.0032753790728747,0.0,-0.0093755461275577,0.025831039994955,0.0070982254110276,0.0134543282911181,-0.0020976674277335,0.0136378156021237,0.0027747568674385,0.0075628366321325,0.0120744155719876,0.00417156284675,0.0043082376942038,-0.0044724289327859,0.0041247317567467,-0.0050852391868829,0.0052579641342163,-0.0041147856973111,-0.0093167647719383,0.0173893850296735,0.0129516553133726,-0.0305930785834789,-0.005945136770606,0.007126391865313,0.0046698320657014,-0.0152735123410821,-0.000897012243513,-0.0045201852917671,0.0033464224543422,-0.0167677141726017,0.0049621784128248,-0.028554642572999,0.0130322212353348,-0.0179241877049207,-0.0004794661363121,0.0205546449869871,-0.0037572435103356,0.0079302443191409,0.0107526583597064,0.0173456389456987,0.007462705951184,0.0100846029818058,-0.001103226095438,-0.0263810735195875,0.0001577519869897,-0.0137910414487123,0.0056791389361023,-0.0098780188709497,-0.0071372715756297,-0.0119605781510472,0.0092254150658845,0.0103441579267382,0.003861291334033,0.0213270504027605,-0.0054949130862951,-0.0723575875163078,0.004657007753849,0.0015594731085002,0.0139504512771964,-0.0035496018826961,-0.001696603725149,-0.0534794346759067,-0.0063153756740975,-0.0549841473961367,-0.0377980462568424,-0.0224414748586772,-0.0310113437023814,-0.0164464921038297,0.1262136639817621,0.0041976377079848,0.2078462980573061,-0.065168537899902,2019-02-27,2019-02-28,2019-03-01,2019-03-04,2019-03-05,2019-03-06,2019-03-07,2019-03-08,2019-03-11,2019-03-12,42585.0,2019-02-26,252.0,4.9772%,-0.0004,0.2431,-0.4029,0.0757,1.5806%,1.6126%,3.9304%,0.048221,SJM,42585.0,2019-02-27,252.0,1.3950%,-0.0004,0.2365,-0.3869,0.0746,1.5804%,1.6101%,3.6585%,0.014488,SJM,42585.0,2019-02-28,252.0,-1.5432%,-0.0005,0.2392,-0.3856,0.0799,1.5829%,1.6128%,3.6783%,-0.014535,SJM,42585.0,2019-03-01,252.0,-0.4627%,-0.0005,0.2376,-0.3879,0.0795,1.5831%,1.6130%,3.6672%,-0.005001,SJM,42585.0,2019-03-04,252.0,-2.7319%,-0.0006,0.2466,-0.3928,0.0716,1.5908%,1.6215%,3.7537%,-0.028035,SJM,42585.0,2019-03-05,252.0,-0.4486%,-0.0007,0.2437,-0.4183,0.0712,1.5877%,1.6196%,3.9016%,-0.005203,SJM,42585.0,2019-03-06,252.0,1.3029%,-0.0007,0.2348,-0.4358,0.0588,1.5881%,1.6199%,3.8823%,0.009687,SJM,42585.0,2019-03-07,252.0,-0.7543%,-0.0007,0.2372,-0.4344,0.0623,1.5884%,1.6204%,3.9070%,-0.005818,SJM,42585.0,2019-03-08,252.0,-0.1364%,-0.0007,0.2369,-0.4309,0.0617,1.5883%,1.6199%,3.8575%,-0.000609,SJM,42585.0,2019-03-11,252.0,0.6245%,-0.0007,0.2394,-0.4236,0.0646,1.5883%,1.6197%,3.8343%,0.004497,SJM,42585.0,2019-03-12,252.0,-0.3200%,-0.0007,0.2414,-0.4221,0.0675,1.5884%,1.6196%,3.8170%,-0.005023,SJM,0.062709,0.048174,0.043173,0.009935,0.012669
18707,SMUCKER J M CO,"JM Smucker Reaffirms FY19 Guidance: Adj. EPS $8-$8.20 vs $8.01 Estimate, Sales $7.9B vs $7.85B Est.",6,increase,0.8,0.6,the reaffirmation of guidance with adjusted eps and sales estimates exceeding analyst expectations is likely to boost investor confidence and positively impact the stock price.,2,2019-02-26,SJM,2019-02-26 12:02:00+00:00,42585.0,83269640,0.0497724004089832,2792530.0,0.0139504512771964,-0.0035496018826961,-0.0154317747801542,-0.0501076951622963,-0.004626621492207,-0.0015897306147962,-0.0273192692548036,0.028170371428132,-0.0044860453344881,0.0060940692201256,0.0130290146917104,0.018120901659131,-0.0075428523123264,-0.0129181761294603,-0.0013641176046803,-0.0060367691330611,0.0062445057556033,0.0098703727126121,-0.0031997887417674,-0.0026059672236442,0.0044746990315616,-0.0021188599057495,0.005713696591556,-0.0135854100808501,0.0166586749255657,-0.0010439461329951,0.0136388977989554,0.0040975823067128,-0.0010277796536684,0.010690557770431,0.0014965487644076,-0.0100113982334733,0.0422153435647487,0.0135291246697306,0.0242853909730911,0.0022276353556662,0.0142606934532523,0.0036939559504389,-0.0018977074651047,0.014097006060183,-0.0070002381689846,-0.003242549020797,0.0100087160244584,-0.0232268515974283,0.0038776125293225,-0.0076197297312319,-0.0066094133071601,0.0019085499225184,0.0027650538831949,0.0058552562259137,-0.0061181103810667,0.0092027215287089,0.0030345597770065,0.0005816147313453,0.0073472075164318,0.0052616284228861,0.012356293387711,0.0043056542053818,0.0127140190452337,0.006996443029493,-0.0034315672237426,0.0180578157305717,0.0032753790728747,0.0,-0.0093755461275577,0.025831039994955,0.0070982254110276,0.0134543282911181,-0.0020976674277335,0.0136378156021237,0.0027747568674385,0.0075628366321325,0.0120744155719876,0.00417156284675,0.0043082376942038,-0.0044724289327859,0.0041247317567467,-0.0050852391868829,0.0052579641342163,-0.0041147856973111,-0.0093167647719383,0.0173893850296735,0.0129516553133726,-0.0305930785834789,-0.005945136770606,0.007126391865313,0.0046698320657014,-0.0152735123410821,-0.000897012243513,-0.0045201852917671,0.0033464224543422,-0.0167677141726017,0.0049621784128248,-0.028554642572999,0.0130322212353348,-0.0179241877049207,-0.0004794661363121,0.0205546449869871,-0.0037572435103356,0.0079302443191409,0.0107526583597064,0.0173456389456987,0.007462705951184,0.0100846029818058,-0.001103226095438,-0.0263810735195875,0.0001577519869897,-0.0137910414487123,0.0056791389361023,-0.0098780188709497,-0.0071372715756297,-0.0119605781510472,0.0092254150658845,0.0103441579267382,0.003861291334033,0.0213270504027605,-0.0054949130862951,-0.0723575875163078,0.004657007753849,0.0015594731085002,0.0139504512771964,-0.0035496018826961,-0.001696603725149,-0.0534794346759067,-0.0063153756740975,-0.0549841473961367,-0.0377980462568424,-0.0224414748586772,-0.0310113437023814,-0.0164464921038297,0.1262136639817621,0.0041976377079848,0.2078462980573061,-0.065168537899902,2019-02-27,2019-02-28,2019-03-01,2019-03-04,2019-03-05,2019-03-06,2019-03-07,2019-03-08,2019-03-11,2019-03-12,42585.0,2019-02-26,252.0,4.9772%,-0.0004,0.2431,-0.4029,0.0757,1.5806%,1.6126%,3.9304%,0.048221,SJM,42585.0,2019-02-27,252.0,1.3950%,-0.0004,0.2365,-0.3869,0.0746,1.5804%,1.6101%,3.6585%,0.014488,SJM,42585.0,2019-02-28,252.0,-1.5432%,-0.0005,0.2392,-0.3856,0.0799,1.5829%,1.6128%,3.6783%,-0.014535,SJM,42585.0,2019-03-01,252.0,-0.4627%,-0.0005,0.2376,-0.3879,0.0795,1.5831%,1.6130%,3.6672%,-0.005001,SJM,42585.0,2019-03-04,252.0,-2.7319%,-0.0006,0.2466,-0.3928,0.0716,1.5908%,1.6215%,3.7537%,-0.028035,SJM,42585.0,2019-03-05,252.0,-0.4486%,-0.0007,0.2437,-0.4183,0.0712,1.5877%,1.6196%,3.9016%,-0.005203,SJM,42585.0,2019-03-06,252.0,1.3029%,-0.0007,0.2348,-0.4358,0.0588,1.5881%,1.6199%,3.8823%,0.009687,SJM,42585.0,2019-03-07,252.0,-0.7543%,-0.0007,0.2372,-0.4344,0.0623,1.5884%,1.6204%,3.9070%,-0.005818,SJM,42585.0,2019-03-08,252.0,-0.1364%,-0.0007,0.2369,-0.4309,0.0617,1.5883%,1.6199%,3.8575%,-0.000609,SJM,42585.0,2019-03-11,252.0,0.6245%,-0.0007,0.2394,-0.4236,0.0646,1.5883%,1.6197%,3.8343%,0.004497,SJM,42585.0,2019-03-12,252.0,-0.3200%,-0.0007,0.2414,-0.4221,0.0675,1.5884%,1.6196%,3.8170%,-0.005023,SJM,0.062709,0.048174,0.043173,0.009935,0.012669
18715,SMUCKER J M CO,"JM Smucker Q3 EPS $2.26 Beats $2.02 Estimate, Sales $2.012B Beat $1.99B Estimate",6,increase,0.8,0.7,"the company reported better-than-expected earnings and sales, which typically leads to a positive reaction in stock prices.",2,2019-02-26,SJM,2019-02-26 12:01:00+00:00,42585.0,83269640,0.0497724004089832,2792530.0,0.0139504512771964,-0.0035496018826961,-0.0154317747801542,-0.0501076951622963,-0.004626621492207,-0.0015897306147962,-0.0273192692548036,0.028170371428132,-0.0044860453344881,0.0060940692201256,0.0130290146917104,0.018120901659131,-0.0075428523123264,-0.0129181761294603,-0.0013641176046803,-0.0060367691330611,0.0062445057556033,0.0098703727126121,-0.0031997887417674,-0.0026059672236442,0.0044746990315616,-0.0021188599057495,0.005713696591556,-0.0135854100808501,0.0166586749255657,-0.0010439461329951,0.0136388977989554,0.0040975823067128,-0.0010277796536684,0.010690557770431,0.0014965487644076,-0.0100113982334733,0.0422153435647487,0.0135291246697306,0.0242853909730911,0.0022276353556662,0.0142606934532523,0.0036939559504389,-0.0018977074651047,0.014097006060183,-0.0070002381689846,-0.003242549020797,0.0100087160244584,-0.0232268515974283,0.0038776125293225,-0.0076197297312319,-0.0066094133071601,0.0019085499225184,0.0027650538831949,0.0058552562259137,-0.0061181103810667,0.0092027215287089,0.0030345597770065,0.0005816147313453,0.0073472075164318,0.0052616284228861,0.012356293387711,0.0043056542053818,0.0127140190452337,0.006996443029493,-0.0034315672237426,0.0180578157305717,0.0032753790728747,0.0,-0.0093755461275577,0.025831039994955,0.0070982254110276,0.0134543282911181,-0.0020976674277335,0.0136378156021237,0.0027747568674385,0.0075628366321325,0.0120744155719876,0.00417156284675,0.0043082376942038,-0.0044724289327859,0.0041247317567467,-0.0050852391868829,0.0052579641342163,-0.0041147856973111,-0.0093167647719383,0.0173893850296735,0.0129516553133726,-0.0305930785834789,-0.005945136770606,0.007126391865313,0.0046698320657014,-0.0152735123410821,-0.000897012243513,-0.0045201852917671,0.0033464224543422,-0.0167677141726017,0.0049621784128248,-0.028554642572999,0.0130322212353348,-0.0179241877049207,-0.0004794661363121,0.0205546449869871,-0.0037572435103356,0.0079302443191409,0.0107526583597064,0.0173456389456987,0.007462705951184,0.0100846029818058,-0.001103226095438,-0.0263810735195875,0.0001577519869897,-0.0137910414487123,0.0056791389361023,-0.0098780188709497,-0.0071372715756297,-0.0119605781510472,0.0092254150658845,0.0103441579267382,0.003861291334033,0.0213270504027605,-0.0054949130862951,-0.0723575875163078,0.004657007753849,0.0015594731085002,0.0139504512771964,-0.0035496018826961,-0.001696603725149,-0.0534794346759067,-0.0063153756740975,-0.0549841473961367,-0.0377980462568424,-0.0224414748586772,-0.0310113437023814,-0.0164464921038297,0.1262136639817621,0.0041976377079848,0.2078462980573061,-0.065168537899902,2019-02-27,2019-02-28,2019-03-01,2019-03-04,2019-03-05,2019-03-06,2019-03-07,2019-03-08,2019-03-11,2019-03-12,42585.0,2019-02-26,252.0,4.9772%,-0.0004,0.2431,-0.4029,0.0757,1.5806%,1.6126%,3.9304%,0.048221,SJM,42585.0,2019-02-27,252.0,1.3950%,-0.0004,0.2365,-0.3869,0.0746,1.5804%,1.6101%,3.6585%,0.014488,SJM,42585.0,2019-02-28,252.0,-1.5432%,-0.0005,0.2392,-0.3856,0.0799,1.5829%,1.6128%,3.6783%,-0.014535,SJM,42585.0,2019-03-01,252.0,-0.4627%,-0.0005,0.2376,-0.3879,0.0795,1.5831%,1.6130%,3.6672%,-0.005001,SJM,42585.0,2019-03-04,252.0,-2.7319%,-0.0006,0.2466,-0.3928,0.0716,1.5908%,1.6215%,3.7537%,-0.028035,SJM,42585.0,2019-03-05,252.0,-0.4486%,-0.0007,0.2437,-0.4183,0.0712,1.5877%,1.6196%,3.9016%,-0.005203,SJM,42585.0,2019-03-06,252.0,1.3029%,-0.0007,0.2348,-0.4358,0.0588,1.5881%,1.6199%,3.8823%,0.009687,SJM,42585.0,2019-03-07,252.0,-0.7543%,-0.0007,0.2372,-0.4344,0.0623,1.5884%,1.6204%,3.9070%,-0.005818,SJM,42585.0,2019-03-08,252.0,-0.1364%,-0.0007,0.2369,-0.4309,0.0617,1.5883%,1.6199%,3.8575%,-0.000609,SJM,42585.0,2019-03-11,252.0,0.6245%,-0.0007,0.2394,-0.4236,0.0646,1.5883%,1.6197%,3.8343%,0.004497,SJM,42585.0,2019-03-12,252.0,-0.3200%,-0.0007,0.2414,-0.4221,0.0675,1.5884%,1.6196%,3.8170%,-0.005023,SJM,0.062709,0.048174,0.043173,0.009935,0.012669
18723,S K TELECOM CO LTD,SK Telecom Reports Partnership With Comcast Spectacor Related To Cooperation In Esports,6,increase,0.7,0.6,"the partnership with comcast spectacor in the growing esports sector is likely to enhance sk telecom's market position and revenue potential, positively impacting investor sentiment.",2,2019-02-26,SKM,2019-02-26 13:53:00+00:00,83604.0,78440P30,0.0031249970197677,349330.0,0.0109033789485693,0.0019569920841604,-0.0138674387708306,0.0059054968878626,-0.0046875327825546,-0.0047022271901369,-0.0007849473622627,-0.004291795194149,0.0058916546404361,0.005098006222397,-0.0121047003194689,0.0031471252441406,-0.0205533038824796,-0.0046985447406768,0.0020177254918962,-0.0019538584165275,-0.0112767089158296,0.0007821845356374,0.0,-0.0031189054716378,-0.0134419528767466,0.0122336018830537,0.0016515655443072,-0.0027548088692128,0.0206100568175315,0.0023668427020311,0.0012116594007238,0.0063517205417156,-0.0012101930333301,-0.0027711675502359,0.0004038864572066,-0.0051200930029153,-0.0052483272738754,-0.0023576177190989,-0.0032467502169311,-0.0446696206927299,0.0032573258504271,-0.0118694249540567,-0.0052759400568902,0.0101160937920212,0.0134638892486691,-0.0033607226796448,-0.0132850212976336,0.0052553042769432,-0.000816012150608,0.0218642000108957,0.0175582002848386,-0.0188182163983583,-0.0100321024656295,0.0030200046021491,-0.0089176855981349,0.0041698487475514,-0.0053170169703662,-0.0011359594063833,-0.0032894706819206,-0.00113467045594,-0.0111386328935623,0.0011359594063833,-0.0058406088501214,-0.0218518581241369,0.0138480877503752,0.0,-0.0103476820513606,-0.0131579171866178,0.007528243586421,-0.0043667736463248,0.0,-0.0014535216614604,0.0070568732917308,0.0272489562630653,-0.0049464483745396,-0.0037187978159636,-0.0132559947669506,0.003358214860782,-0.0041981688700616,-0.0018622400239109,0.0046374625526368,-0.0099557684734463,-0.0138480877503752,0.0051890769973397,0.0004255416570231,0.0093527873978018,-0.000850721320603,0.0045095426030457,0.0089400168508291,-0.0107806324958801,-0.0042194253765046,0.0044809160754084,-0.0016949540004134,0.0048780888319015,0.0106112053617835,-0.0147874169051647,0.0260395146906375,-0.0149308033287525,0.0024559749290347,-0.0032667932100594,-0.0183748006820678,-0.0028954008594155,0.0307820197194814,-0.0096774362027645,-0.0084746163338422,0.0046812803484499,-0.0048839612863957,0.0,-0.0200409684330225,-0.0117437690496444,0.003338974667713,0.0133429802954196,0.0024958178400993,-0.0071607860736548,0.0024896042887121,-0.0155093595385551,-0.0053807599470019,0.013576315715909,-0.0037453246768563,0.0035855283495038,0.0008353613084182,0.0257447157055139,-0.0121034644544124,0.0074101802892982,0.0109033789485692,0.0019569920841604,-0.0031152617622257,0.0078740459826858,-0.0077881916531437,0.0031347932394327,-0.0027258450111654,0.0039215833859389,-0.044003157482428,-0.0019492881253589,-0.0720405137045363,-0.0518518399561194,-0.0782710385781493,-0.0515005357657128,2019-02-27,2019-02-28,2019-03-01,2019-03-04,2019-03-05,2019-03-06,2019-03-07,2019-03-08,2019-03-11,2019-03-12,83604.0,2019-02-26,252.0,0.3125%,0.0002,0.3491,-0.2442,0.0254,1.2639%,1.3191%,8.1926%,0.002134,SKM,83604.0,2019-02-27,252.0,1.0903%,0.0002,0.3476,-0.2383,0.0252,1.2655%,1.3195%,8.0251%,0.010984,SKM,83604.0,2019-02-28,252.0,-1.3867%,0.0002,0.35,-0.2371,0.03,1.2681%,1.3223%,8.0234%,-0.012779,SKM,83604.0,2019-03-01,252.0,-0.4688%,0.0002,0.3433,-0.2471,0.0228,1.2676%,1.3206%,7.8639%,-0.00649,SKM,83604.0,2019-03-04,252.0,-0.0785%,0.0002,0.3434,-0.2472,0.0227,1.2676%,1.3200%,7.7795%,-0.000167,SKM,83604.0,2019-03-05,252.0,0.5892%,0.0002,0.3424,-0.2513,0.0199,1.2681%,1.3205%,7.7768%,0.005674,SKM,83604.0,2019-03-06,252.0,-1.2105%,0.0002,0.3503,-0.2275,0.032,1.2701%,1.3228%,7.7989%,-0.012493,SKM,83604.0,2019-03-07,252.0,-2.0553%,0.0001,0.3582,-0.2238,0.0437,1.2751%,1.3293%,7.9755%,-0.017825,SKM,83604.0,2019-03-08,252.0,0.2018%,0.0001,0.3579,-0.2237,0.043,1.2753%,1.3293%,7.9580%,0.002902,SKM,83604.0,2019-03-11,252.0,-1.1277%,0.0001,0.3503,-0.2456,0.0344,1.2751%,1.3284%,7.8640%,-0.01567,SKM,83604.0,2019-03-12,252.0,0.0000%,0.0,0.3395,-0.2425,0.0233,1.2726%,1.3229%,7.4500%,-0.0016259999999999,SKM,0.013118,0.000339,-0.0061509999999999,-0.0006439999999999,-0.045356
18731,S M ENERGY CO,"Barclays Downgrades SM Energy to Equal-Weight, Lowers Price Target to $20",6,decrease,0.8,0.7,"a downgrade from barclays typically signals reduced expectations for the company's performance, which is likely to lead to a decrease in stock price.",0,2019-02-26,SM,2019-02-26 11:17:00+00:00,78170.0,78454L10,-0.027827076613903,3116698.0,0.0140072805806994,0.0,-0.0186185874044895,-0.007638135459274,0.0116279395297169,-0.1356018334627151,0.0199636965990066,0.0319706834852695,-0.0142348613590002,-0.0368500538170337,-0.0342961251735687,0.0509283319115638,-0.0161993317306041,-0.0089379642158746,-0.0455984957516193,0.0416210405528545,-0.005972140468657,0.0458190813660621,0.054739698767662,0.0417660400271415,0.0335442870855331,-0.0384394749999046,-0.0251071546226739,-0.0689102038741111,-0.0138191124424338,-0.006896608043462,0.0242038294672966,-0.0318438075482845,-0.0348258391022682,-0.0136778345331549,0.060566920787096,0.0061161532066762,0.0504253879189491,-0.0391772389411926,-0.0508965328335762,0.0376016125082969,0.0018281954107806,0.0191610995680093,0.0334549397230148,-0.0087269032374024,0.0029429749120026,0.0182958915829658,0.0093896621838212,-0.0031266999430954,0.016860406845808,-0.0419371016323566,0.0131503455340862,-0.052507035434246,-0.0039503215812146,0.0398425720632076,-0.0589234568178653,0.0154844885692,0.0427452772855758,0.0085642356425523,0.0479214750230312,0.0263702291995286,0.0055096629075706,0.0015536347636953,-0.0290411338210105,-0.0066872974857687,0.0248307306319475,0.0351437591016292,-0.047907430678606,0.045657105743885,0.0589935518801212,0.0274599287658929,-0.0305843520909547,0.0511124730110168,0.0090140756219625,0.085509106516838,-0.0184254571795463,-0.0013038107426837,-0.0028440977912396,-0.0090438881888985,0.0581858828663826,0.0078124925494194,-0.0037735686637461,-0.0122186839580535,-0.061147142201662,0.0223537255078554,-0.0484150610864162,0.1275018751621246,-0.0303766150027513,-0.0683701485395431,0.010025112889707,-0.0255720131099224,-0.0117866331711411,-0.0268500838428735,-0.0458255149424076,-0.0161082465201616,-0.028947340324521,-0.0484364815056324,0.0101625751703977,-0.023937739431858,0.0221327915787696,-0.0991913899779319,-0.0406824089586734,-0.0216244664043188,0.024623779579997,0.011739557608962,0.0080107375979423,-0.0084656001999974,0.0178807619959116,-0.0381679385900497,-0.0487963557243347,0.0113226613029837,0.0369357019662857,-0.0558794774115085,0.0178100559860467,-0.0494226180016994,0.0291639529168605,0.0612745098769664,-0.0491183698177337,-0.0267175324261188,-0.0344371162354946,0.0052757170051336,0.0171467773616313,0.0220588613301515,-0.0667565613985061,-0.0111487908288836,0.0140072805806994,0.0,-0.0048721026015809,-0.007638135459274,0.0066991844137023,-0.142204223749475,0.0121803139468936,-0.1474003145776591,-0.0377588227377029,0.0077565043747729,0.0791716955571588,-0.1311728978169102,-0.1545650801891909,-0.1812893805431324,2019-02-27,2019-02-28,2019-03-01,2019-03-04,2019-03-05,2019-03-06,2019-03-07,2019-03-08,2019-03-11,2019-03-12,78170.0,2019-02-26,252.0,-2.7827%,0.0,2.0301,1.304,1.4123,2.8053%,3.4591%,34.2279%,-0.011832,SM,78170.0,2019-02-27,252.0,1.4007%,0.0,2.0291,1.3091,1.4121,2.8062%,3.4584%,34.1601%,0.011297,SM,78170.0,2019-02-28,252.0,-1.8619%,0.0001,2.0125,1.2973,1.4022,2.7984%,3.4385%,33.7682%,-0.00916,SM,78170.0,2019-03-01,252.0,1.1628%,0.0002,2.005,1.2862,1.3912,2.7973%,3.4281%,33.4140%,-0.001105,SM,78170.0,2019-03-04,252.0,1.9964%,0.0003,2.0058,1.2566,1.3971,2.8030%,3.4303%,33.2323%,0.030019,SM,78170.0,2019-03-05,252.0,-1.4235%,0.0002,2.0049,1.2472,1.3979,2.8028%,3.4267%,33.1025%,-0.003667,SM,78170.0,2019-03-06,252.0,-3.4296%,0.0002,2.0015,1.2564,1.3954,2.8023%,3.4290%,33.2104%,-0.002389,SM,78170.0,2019-03-07,252.0,-1.6199%,0.0005,2.0179,1.3482,1.4432,2.7594%,3.4100%,34.5169%,0.005607,SM,78170.0,2019-03-08,252.0,-4.5598%,0.0005,2.021,1.3855,1.4462,2.7624%,3.4174%,34.6586%,-0.03947,SM,78170.0,2019-03-11,252.0,-0.5972%,0.0004,2.0034,1.3714,1.4472,2.7707%,3.4176%,34.2727%,-0.033643,SM,78170.0,2019-03-12,252.0,5.4740%,0.0006,2.0154,1.3444,1.4498,2.7911%,3.4309%,33.8162%,0.054639,SM,-0.000535,-0.009695,-0.0108,0.015552,0.0002959999999999
18739,SUMMIT MIDSTREAM PARTNERS LP,Summit Midstream shares are trading lower after the company cut its quarterly dividend from $0.575 to $0.2875 per share and the CEO announced he would step down.,6,decrease,0.85,0.7,"the cut in the quarterly dividend typically signals financial distress or reduced profitability, which is likely to negatively impact investor sentiment and lead to a decrease in stock price.",0,2019-02-26,SMLP,2019-02-26 14:01:00+00:00,13583.0,86614240,-0.189775362610817,4815114.0,0.0038240880239754,0.0054516894742846,0.0076190405525267,0.0039093191735446,-0.0160680599510669,-0.0184190161526203,-0.0230547338724136,-0.0053435605950653,-0.0117993988096714,0.0115830563008785,0.0019900004845112,-0.0076628644019365,0.0377358607947826,0.0163551438599824,0.0019139194628223,-0.0007782279280945,0.0095510436221957,0.0031225574202835,-0.0227057505398988,0.0174742061644792,-0.0280735678970813,-0.007880175486207,-0.0258964374661445,-0.023846186697483,-0.0460122525691986,-0.0310492664575576,0.0428724139928817,-0.0014254814013838,0.012333077378571,0.0361890532076358,0.0020304063800722,0.0180450957268476,0.007092167623341,-0.0037453325930982,-0.0281689874827861,0.0222052037715911,-0.0082815652713179,0.0046154167503118,0.0093945879489183,0.0172144193202257,-0.0072388513945043,0.006299206521362,0.0083333253860473,0.0087370658293366,0.0051652104593813,0.0015911263180896,0.0215827394276857,-0.0210280735045671,-0.0110663641244173,-0.0015551714459434,-0.0223804954439401,0.0078369453549385,-0.0093651618808507,-0.0146717820316553,-0.0105042411014437,0.0285940952599048,0.0063693700358271,-0.0187061391770839,-0.0063290577381849,-0.0228484533727169,0.0127388415858149,-0.028127321973443,0.0157232303172349,0.0211640745401382,0.0072240093722939,0.0558659061789512,-0.0133196832612156,0.0591715835034847,-0.0114226015284657,0.073502667248249,-0.0178571492433548,0.0036430708132684,-0.0171123836189508,0.0925372466444969,0.020674705505371,-0.069444440305233,-0.0010661224368959,-0.0018483831081539,-0.0224119573831558,-0.0330652296543121,-0.0131004247814416,0.0467726849019527,-0.0188053175806999,-0.0523049794137477,-0.0315670520067215,-0.0250648204237222,-0.0337601825594902,-0.0461665652692318,-0.0120482388883829,0.0193277727812528,-0.0243902206420898,-0.0410959087312221,0.0062500238418579,-0.0431765913963317,0.0335403084754943,-0.0068912827409803,0.0790264308452606,0.01318852417171,-0.0333716906607151,0.0038940957747399,-0.0309522952884435,0.0070588355883955,0.0393120013177394,-0.0039062649011611,-0.0130023229867219,0.0023492351174354,-0.009580829180777,-0.0031225574202835,-0.0024184349458664,-0.0023364278022199,0.0,0.0447518453001976,-0.0193939208984375,-0.0246032066643238,-0.0037082487251609,0.0491257421672344,0.0086848251521587,-0.0203915163874626,-0.0332103297114372,-0.0064829760231077,0.0038240880239754,0.0054516894742846,0.0114722644582332,0.0093823210420194,-0.0047801325259231,-0.0092095082334229,-0.0391969261843087,-0.0030887999575731,-0.0124283103180636,0.025416973454134,-0.0994263814976569,0.0267341191796357,-0.2237055087179603,0.0924650638761974,2019-02-27,2019-02-28,2019-03-01,2019-03-04,2019-03-05,2019-03-06,2019-03-07,2019-03-08,2019-03-11,2019-03-12,13583.0,2019-02-26,252.0,-18.9775%,-0.0011,0.8617,0.7506,0.3928,2.5517%,2.7122%,11.4841%,-0.184094,SMLP,13583.0,2019-02-27,252.0,0.3824%,-0.0011,0.8613,0.7524,0.3927,2.5518%,2.7121%,11.4689%,0.001994,SMLP,13583.0,2019-02-28,252.0,0.7619%,-0.0011,0.8597,0.7517,0.3888,2.5529%,2.7118%,11.3754%,0.01102,SMLP,13583.0,2019-03-01,252.0,-1.6068%,-0.0011,0.8449,0.7296,0.376,2.5544%,2.7066%,10.9283%,-0.022973,SMLP,13583.0,2019-03-04,252.0,-2.3055%,-0.0012,0.8473,0.7362,0.372,2.5564%,2.7102%,11.0219%,-0.017299,SMLP,13583.0,2019-03-05,252.0,-1.1799%,-0.0011,0.853,0.7763,0.3783,2.5534%,2.7106%,11.2625%,-0.007274,SMLP,13583.0,2019-03-06,252.0,0.1990%,-0.001,0.8576,0.7246,0.3765,2.5518%,2.7085%,11.2359%,0.018695,SMLP,13583.0,2019-03-07,252.0,3.7736%,-0.0007,0.8429,0.746,0.3631,2.5625%,2.7163%,11.0035%,0.046428,SMLP,13583.0,2019-03-08,252.0,0.1914%,-0.0006,0.8407,0.7714,0.3583,2.5586%,2.7140%,11.1234%,0.0039229999999999,SMLP,13583.0,2019-03-11,252.0,0.9551%,-0.0005,0.8396,0.7543,0.3491,2.5565%,2.7122%,11.1541%,-0.00398,SMLP,13583.0,2019-03-12,252.0,-2.2706%,-0.0007,0.8209,0.7682,0.3335,2.5571%,2.7077%,10.8143%,-0.022503,SMLP,-0.1821,-0.17108,-0.194053,-0.218626,-0.176063
18747,SUMMIT MIDSTREAM PARTNERS LP,"Hess Midstream Partners Reports Its Hess North Dakota Pipelines Subsidiary To Purchase Crude Oil, Gas Gathering Assets Of Summit Midstream Partners' Tioga Gathering System For $60M In Cash",6,decrease,0.7,0.5,"the sale of assets for $60m may indicate a reduction in summit midstream partners' operational capacity, potentially leading to a decrease in stock price.",0,2019-02-26,SMLP,2019-02-26 12:15:00+00:00,13583.0,86614240,-0.189775362610817,4815114.0,0.0038240880239754,0.0054516894742846,0.0076190405525267,0.0039093191735446,-0.0160680599510669,-0.0184190161526203,-0.0230547338724136,-0.0053435605950653,-0.0117993988096714,0.0115830563008785,0.0019900004845112,-0.0076628644019365,0.0377358607947826,0.0163551438599824,0.0019139194628223,-0.0007782279280945,0.0095510436221957,0.0031225574202835,-0.0227057505398988,0.0174742061644792,-0.0280735678970813,-0.007880175486207,-0.0258964374661445,-0.023846186697483,-0.0460122525691986,-0.0310492664575576,0.0428724139928817,-0.0014254814013838,0.012333077378571,0.0361890532076358,0.0020304063800722,0.0180450957268476,0.007092167623341,-0.0037453325930982,-0.0281689874827861,0.0222052037715911,-0.0082815652713179,0.0046154167503118,0.0093945879489183,0.0172144193202257,-0.0072388513945043,0.006299206521362,0.0083333253860473,0.0087370658293366,0.0051652104593813,0.0015911263180896,0.0215827394276857,-0.0210280735045671,-0.0110663641244173,-0.0015551714459434,-0.0223804954439401,0.0078369453549385,-0.0093651618808507,-0.0146717820316553,-0.0105042411014437,0.0285940952599048,0.0063693700358271,-0.0187061391770839,-0.0063290577381849,-0.0228484533727169,0.0127388415858149,-0.028127321973443,0.0157232303172349,0.0211640745401382,0.0072240093722939,0.0558659061789512,-0.0133196832612156,0.0591715835034847,-0.0114226015284657,0.073502667248249,-0.0178571492433548,0.0036430708132684,-0.0171123836189508,0.0925372466444969,0.020674705505371,-0.069444440305233,-0.0010661224368959,-0.0018483831081539,-0.0224119573831558,-0.0330652296543121,-0.0131004247814416,0.0467726849019527,-0.0188053175806999,-0.0523049794137477,-0.0315670520067215,-0.0250648204237222,-0.0337601825594902,-0.0461665652692318,-0.0120482388883829,0.0193277727812528,-0.0243902206420898,-0.0410959087312221,0.0062500238418579,-0.0431765913963317,0.0335403084754943,-0.0068912827409803,0.0790264308452606,0.01318852417171,-0.0333716906607151,0.0038940957747399,-0.0309522952884435,0.0070588355883955,0.0393120013177394,-0.0039062649011611,-0.0130023229867219,0.0023492351174354,-0.009580829180777,-0.0031225574202835,-0.0024184349458664,-0.0023364278022199,0.0,0.0447518453001976,-0.0193939208984375,-0.0246032066643238,-0.0037082487251609,0.0491257421672344,0.0086848251521587,-0.0203915163874626,-0.0332103297114372,-0.0064829760231077,0.0038240880239754,0.0054516894742846,0.0114722644582332,0.0093823210420194,-0.0047801325259231,-0.0092095082334229,-0.0391969261843087,-0.0030887999575731,-0.0124283103180636,0.025416973454134,-0.0994263814976569,0.0267341191796357,-0.2237055087179603,0.0924650638761974,2019-02-27,2019-02-28,2019-03-01,2019-03-04,2019-03-05,2019-03-06,2019-03-07,2019-03-08,2019-03-11,2019-03-12,13583.0,2019-02-26,252.0,-18.9775%,-0.0011,0.8617,0.7506,0.3928,2.5517%,2.7122%,11.4841%,-0.184094,SMLP,13583.0,2019-02-27,252.0,0.3824%,-0.0011,0.8613,0.7524,0.3927,2.5518%,2.7121%,11.4689%,0.001994,SMLP,13583.0,2019-02-28,252.0,0.7619%,-0.0011,0.8597,0.7517,0.3888,2.5529%,2.7118%,11.3754%,0.01102,SMLP,13583.0,2019-03-01,252.0,-1.6068%,-0.0011,0.8449,0.7296,0.376,2.5544%,2.7066%,10.9283%,-0.022973,SMLP,13583.0,2019-03-04,252.0,-2.3055%,-0.0012,0.8473,0.7362,0.372,2.5564%,2.7102%,11.0219%,-0.017299,SMLP,13583.0,2019-03-05,252.0,-1.1799%,-0.0011,0.853,0.7763,0.3783,2.5534%,2.7106%,11.2625%,-0.007274,SMLP,13583.0,2019-03-06,252.0,0.1990%,-0.001,0.8576,0.7246,0.3765,2.5518%,2.7085%,11.2359%,0.018695,SMLP,13583.0,2019-03-07,252.0,3.7736%,-0.0007,0.8429,0.746,0.3631,2.5625%,2.7163%,11.0035%,0.046428,SMLP,13583.0,2019-03-08,252.0,0.1914%,-0.0006,0.8407,0.7714,0.3583,2.5586%,2.7140%,11.1234%,0.0039229999999999,SMLP,13583.0,2019-03-11,252.0,0.9551%,-0.0005,0.8396,0.7543,0.3491,2.5565%,2.7122%,11.1541%,-0.00398,SMLP,13583.0,2019-03-12,252.0,-2.2706%,-0.0007,0.8209,0.7682,0.3335,2.5571%,2.7077%,10.8143%,-0.022503,SMLP,-0.1821,-0.17108,-0.194053,-0.218626,-0.176063
18755,SUMMIT MIDSTREAM PARTNERS LP,"Summit Midstream Partners Q4 EPS $0.39 Beats $0.21 Estimate, Sales $133.671M Beat $114.68M Estimate",6,increase,0.8,0.7,"the company reported better-than-expected earnings and sales, which typically boosts investor confidence and can lead to an increase in stock price.",2,2019-02-26,SMLP,2019-02-26 11:46:00+00:00,13583.0,86614240,-0.189775362610817,4815114.0,0.0038240880239754,0.0054516894742846,0.0076190405525267,0.0039093191735446,-0.0160680599510669,-0.0184190161526203,-0.0230547338724136,-0.0053435605950653,-0.0117993988096714,0.0115830563008785,0.0019900004845112,-0.0076628644019365,0.0377358607947826,0.0163551438599824,0.0019139194628223,-0.0007782279280945,0.0095510436221957,0.0031225574202835,-0.0227057505398988,0.0174742061644792,-0.0280735678970813,-0.007880175486207,-0.0258964374661445,-0.023846186697483,-0.0460122525691986,-0.0310492664575576,0.0428724139928817,-0.0014254814013838,0.012333077378571,0.0361890532076358,0.0020304063800722,0.0180450957268476,0.007092167623341,-0.0037453325930982,-0.0281689874827861,0.0222052037715911,-0.0082815652713179,0.0046154167503118,0.0093945879489183,0.0172144193202257,-0.0072388513945043,0.006299206521362,0.0083333253860473,0.0087370658293366,0.0051652104593813,0.0015911263180896,0.0215827394276857,-0.0210280735045671,-0.0110663641244173,-0.0015551714459434,-0.0223804954439401,0.0078369453549385,-0.0093651618808507,-0.0146717820316553,-0.0105042411014437,0.0285940952599048,0.0063693700358271,-0.0187061391770839,-0.0063290577381849,-0.0228484533727169,0.0127388415858149,-0.028127321973443,0.0157232303172349,0.0211640745401382,0.0072240093722939,0.0558659061789512,-0.0133196832612156,0.0591715835034847,-0.0114226015284657,0.073502667248249,-0.0178571492433548,0.0036430708132684,-0.0171123836189508,0.0925372466444969,0.020674705505371,-0.069444440305233,-0.0010661224368959,-0.0018483831081539,-0.0224119573831558,-0.0330652296543121,-0.0131004247814416,0.0467726849019527,-0.0188053175806999,-0.0523049794137477,-0.0315670520067215,-0.0250648204237222,-0.0337601825594902,-0.0461665652692318,-0.0120482388883829,0.0193277727812528,-0.0243902206420898,-0.0410959087312221,0.0062500238418579,-0.0431765913963317,0.0335403084754943,-0.0068912827409803,0.0790264308452606,0.01318852417171,-0.0333716906607151,0.0038940957747399,-0.0309522952884435,0.0070588355883955,0.0393120013177394,-0.0039062649011611,-0.0130023229867219,0.0023492351174354,-0.009580829180777,-0.0031225574202835,-0.0024184349458664,-0.0023364278022199,0.0,0.0447518453001976,-0.0193939208984375,-0.0246032066643238,-0.0037082487251609,0.0491257421672344,0.0086848251521587,-0.0203915163874626,-0.0332103297114372,-0.0064829760231077,0.0038240880239754,0.0054516894742846,0.0114722644582332,0.0093823210420194,-0.0047801325259231,-0.0092095082334229,-0.0391969261843087,-0.0030887999575731,-0.0124283103180636,0.025416973454134,-0.0994263814976569,0.0267341191796357,-0.2237055087179603,0.0924650638761974,2019-02-27,2019-02-28,2019-03-01,2019-03-04,2019-03-05,2019-03-06,2019-03-07,2019-03-08,2019-03-11,2019-03-12,13583.0,2019-02-26,252.0,-18.9775%,-0.0011,0.8617,0.7506,0.3928,2.5517%,2.7122%,11.4841%,-0.184094,SMLP,13583.0,2019-02-27,252.0,0.3824%,-0.0011,0.8613,0.7524,0.3927,2.5518%,2.7121%,11.4689%,0.001994,SMLP,13583.0,2019-02-28,252.0,0.7619%,-0.0011,0.8597,0.7517,0.3888,2.5529%,2.7118%,11.3754%,0.01102,SMLP,13583.0,2019-03-01,252.0,-1.6068%,-0.0011,0.8449,0.7296,0.376,2.5544%,2.7066%,10.9283%,-0.022973,SMLP,13583.0,2019-03-04,252.0,-2.3055%,-0.0012,0.8473,0.7362,0.372,2.5564%,2.7102%,11.0219%,-0.017299,SMLP,13583.0,2019-03-05,252.0,-1.1799%,-0.0011,0.853,0.7763,0.3783,2.5534%,2.7106%,11.2625%,-0.007274,SMLP,13583.0,2019-03-06,252.0,0.1990%,-0.001,0.8576,0.7246,0.3765,2.5518%,2.7085%,11.2359%,0.018695,SMLP,13583.0,2019-03-07,252.0,3.7736%,-0.0007,0.8429,0.746,0.3631,2.5625%,2.7163%,11.0035%,0.046428,SMLP,13583.0,2019-03-08,252.0,0.1914%,-0.0006,0.8407,0.7714,0.3583,2.5586%,2.7140%,11.1234%,0.0039229999999999,SMLP,13583.0,2019-03-11,252.0,0.9551%,-0.0005,0.8396,0.7543,0.3491,2.5565%,2.7122%,11.1541%,-0.00398,SMLP,13583.0,2019-03-12,252.0,-2.2706%,-0.0007,0.8209,0.7682,0.3335,2.5571%,2.7077%,10.8143%,-0.022503,SMLP,-0.1821,-0.17108,-0.194053,-0.218626,-0.176063
18763,SOTHERLY HOTELS INC,"Sotherly Hotels Sees FY19 Adj. FFO $1.02-$1.08, EPS $(0.30)-$(0.26)",6,decrease,0.75,0.6,"the projected negative earnings per share (eps) indicates potential financial struggles, which is likely to lead to a decrease in stock price.",0,2019-02-26,SOHO,2019-02-26 14:03:00+00:00,90506.0,83600C10,-0.1134163439273834,167826.0,-0.0156006095930934,0.0006781883421353,0.034928660839796,-0.0089025953784585,0.0075952662155032,-0.0027359754312783,-0.0151975536718964,-0.0148248160257935,0.0046296617947518,-0.0013458617031574,0.0122887743636965,0.0122615359723568,-0.0106221809983253,-0.0065911263227462,0.0046012592501938,0.0319413654506206,0.006106864195317,0.0084506962448358,0.0030348983127623,0.0201149228960275,0.0015128217637538,-0.0042918073013424,0.0143504934385418,0.0279411133378744,-0.0030348983127623,0.0119048217311501,0.0136985806748271,-0.0161054376512765,-0.0075074648484587,0.0,0.0151285780593752,0.0317220613360405,-0.0044709700159728,-0.0074962805956602,-0.0112275164574384,0.0389408096671104,0.0052989926189184,0.0031249970197677,0.002816283609718,0.006289301905781,0.0001952119928319,-0.0031347931362688,0.0060060005635023,-0.0303951073437929,0.0164179317653179,0.0,0.0,-0.016442472115159,0.0044053173623979,0.0121028628200292,-0.0102339433506131,0.0153609681874513,0.0192023795098066,0.0093023907393217,0.0028985480312258,-0.0122512094676494,-0.0173410233110189,0.0061633959412574,-0.0014706219080835,0.0140624493360519,-0.0044182226993143,0.0,0.0118343075737357,0.0047253281809389,0.0043859258294105,0.0459606014192104,-0.0014555680099874,0.0066115637309849,-0.0087463473901152,0.0271647423505783,-0.0132353166118264,0.026132421568036,0.0163934621959924,0.023172840476036,0.0029325485229492,-0.0243478026241064,-0.0160818900913,0.0052447919733822,0.0059435307048261,-0.017182195559144,0.0059084137901663,0.0017212098464369,-0.0014683924382552,-0.0316666774451732,0.0073528988286852,0.0169491358101368,0.0306569393724203,-0.0280066020786762,0.0014164630556479,-0.0500782020390033,-0.0007496527396142,0.0047169388271868,0.0120741100981831,-0.053571380674839,0.0013985666446387,0.0014902759576216,-0.0125697869807481,0.0091092772781848,-0.0042433110065758,-0.0024594685528427,0.0099432058632373,0.0059259203262627,0.0056258738040924,-0.0058910106308758,-0.016083950176835,0.0,0.0106610218062996,0.010416692122817,-0.0042194388806819,-0.0330935306847095,0.0127118863165378,0.0205579828470945,0.0027893974911421,0.0164179317653179,-0.0166898313909769,0.026033628731966,0.0014143920270726,0.0030721935909241,-0.0028248562011867,0.0,-0.0156006095930933,0.0006781883421353,0.0187831428453313,-0.0082304446727234,0.0265210720311086,-0.0109439018095888,0.015600682788406,-0.0269178754315282,0.0312012918318724,0.038793101665749,0.0793749986419991,0.1296874869636592,0.122295649291259,0.1312882870035217,2019-02-27,2019-02-28,2019-03-01,2019-03-04,2019-03-05,2019-03-06,2019-03-07,2019-03-08,2019-03-11,2019-03-12,90506.0,2019-02-26,252.0,-11.3416%,0.0007,0.3418,0.3769,0.3644,1.7304%,1.7688%,4.3018%,-0.110545,SOHO,90506.0,2019-02-27,252.0,-1.5601%,0.0006,0.3402,0.3747,0.3641,1.7336%,1.7716%,4.2450%,-0.016287,SOHO,90506.0,2019-02-28,252.0,3.4929%,0.0007,0.3369,0.3736,0.3532,1.7478%,1.7847%,4.0853%,0.036719,SOHO,90506.0,2019-03-01,252.0,0.7595%,0.0007,0.3363,0.3728,0.3502,1.7480%,1.7843%,4.0274%,0.005409,SOHO,90506.0,2019-03-04,252.0,-1.5198%,0.0006,0.3425,0.365,0.3457,1.7492%,1.7862%,4.0969%,-0.013413,SOHO,90506.0,2019-03-05,252.0,0.4630%,0.0007,0.342,0.3651,0.3429,1.7496%,1.7863%,4.0629%,0.007083,SOHO,90506.0,2019-03-06,252.0,1.2289%,0.0008,0.3449,0.3171,0.3397,1.7489%,1.7846%,3.9572%,0.019534,SOHO,90506.0,2019-03-07,252.0,-1.0622%,0.0008,0.3498,0.3269,0.3491,1.7491%,1.7860%,4.0900%,-0.006541,SOHO,90506.0,2019-03-08,252.0,0.4601%,0.0008,0.3504,0.3072,0.351,1.7457%,1.7820%,4.0379%,0.005711,SOHO,90506.0,2019-03-11,252.0,0.6107%,0.0008,0.351,0.3006,0.3469,1.7450%,1.7815%,4.0499%,0.0015149999999999,SOHO,90506.0,2019-03-12,252.0,0.3035%,0.0008,0.3587,0.2979,0.3545,1.7442%,1.7815%,4.1390%,0.003186,SOHO,-0.126832,-0.090113,-0.084704,-0.0910339999999999,-0.067629
18771,SOTHERLY HOTELS INC,"Sotherly Hotels Q4 EPS $(0.28) vs $(0.29) In Same Qtr. Last Year, Adj. FFO $0.12 vs $0.22 Year Over Year, Sales $43.466M Beat $41.1M Estimate",6,uncertain,0.6,0.3,"while sotherly hotels beat sales estimates, the negative eps and decline in adjusted ffo year-over-year may create mixed reactions among investors.",1,2019-02-26,SOHO,2019-02-26 14:02:00+00:00,90506.0,83600C10,-0.1134163439273834,167826.0,-0.0156006095930934,0.0006781883421353,0.034928660839796,-0.0089025953784585,0.0075952662155032,-0.0027359754312783,-0.0151975536718964,-0.0148248160257935,0.0046296617947518,-0.0013458617031574,0.0122887743636965,0.0122615359723568,-0.0106221809983253,-0.0065911263227462,0.0046012592501938,0.0319413654506206,0.006106864195317,0.0084506962448358,0.0030348983127623,0.0201149228960275,0.0015128217637538,-0.0042918073013424,0.0143504934385418,0.0279411133378744,-0.0030348983127623,0.0119048217311501,0.0136985806748271,-0.0161054376512765,-0.0075074648484587,0.0,0.0151285780593752,0.0317220613360405,-0.0044709700159728,-0.0074962805956602,-0.0112275164574384,0.0389408096671104,0.0052989926189184,0.0031249970197677,0.002816283609718,0.006289301905781,0.0001952119928319,-0.0031347931362688,0.0060060005635023,-0.0303951073437929,0.0164179317653179,0.0,0.0,-0.016442472115159,0.0044053173623979,0.0121028628200292,-0.0102339433506131,0.0153609681874513,0.0192023795098066,0.0093023907393217,0.0028985480312258,-0.0122512094676494,-0.0173410233110189,0.0061633959412574,-0.0014706219080835,0.0140624493360519,-0.0044182226993143,0.0,0.0118343075737357,0.0047253281809389,0.0043859258294105,0.0459606014192104,-0.0014555680099874,0.0066115637309849,-0.0087463473901152,0.0271647423505783,-0.0132353166118264,0.026132421568036,0.0163934621959924,0.023172840476036,0.0029325485229492,-0.0243478026241064,-0.0160818900913,0.0052447919733822,0.0059435307048261,-0.017182195559144,0.0059084137901663,0.0017212098464369,-0.0014683924382552,-0.0316666774451732,0.0073528988286852,0.0169491358101368,0.0306569393724203,-0.0280066020786762,0.0014164630556479,-0.0500782020390033,-0.0007496527396142,0.0047169388271868,0.0120741100981831,-0.053571380674839,0.0013985666446387,0.0014902759576216,-0.0125697869807481,0.0091092772781848,-0.0042433110065758,-0.0024594685528427,0.0099432058632373,0.0059259203262627,0.0056258738040924,-0.0058910106308758,-0.016083950176835,0.0,0.0106610218062996,0.010416692122817,-0.0042194388806819,-0.0330935306847095,0.0127118863165378,0.0205579828470945,0.0027893974911421,0.0164179317653179,-0.0166898313909769,0.026033628731966,0.0014143920270726,0.0030721935909241,-0.0028248562011867,0.0,-0.0156006095930933,0.0006781883421353,0.0187831428453313,-0.0082304446727234,0.0265210720311086,-0.0109439018095888,0.015600682788406,-0.0269178754315282,0.0312012918318724,0.038793101665749,0.0793749986419991,0.1296874869636592,0.122295649291259,0.1312882870035217,2019-02-27,2019-02-28,2019-03-01,2019-03-04,2019-03-05,2019-03-06,2019-03-07,2019-03-08,2019-03-11,2019-03-12,90506.0,2019-02-26,252.0,-11.3416%,0.0007,0.3418,0.3769,0.3644,1.7304%,1.7688%,4.3018%,-0.110545,SOHO,90506.0,2019-02-27,252.0,-1.5601%,0.0006,0.3402,0.3747,0.3641,1.7336%,1.7716%,4.2450%,-0.016287,SOHO,90506.0,2019-02-28,252.0,3.4929%,0.0007,0.3369,0.3736,0.3532,1.7478%,1.7847%,4.0853%,0.036719,SOHO,90506.0,2019-03-01,252.0,0.7595%,0.0007,0.3363,0.3728,0.3502,1.7480%,1.7843%,4.0274%,0.005409,SOHO,90506.0,2019-03-04,252.0,-1.5198%,0.0006,0.3425,0.365,0.3457,1.7492%,1.7862%,4.0969%,-0.013413,SOHO,90506.0,2019-03-05,252.0,0.4630%,0.0007,0.342,0.3651,0.3429,1.7496%,1.7863%,4.0629%,0.007083,SOHO,90506.0,2019-03-06,252.0,1.2289%,0.0008,0.3449,0.3171,0.3397,1.7489%,1.7846%,3.9572%,0.019534,SOHO,90506.0,2019-03-07,252.0,-1.0622%,0.0008,0.3498,0.3269,0.3491,1.7491%,1.7860%,4.0900%,-0.006541,SOHO,90506.0,2019-03-08,252.0,0.4601%,0.0008,0.3504,0.3072,0.351,1.7457%,1.7820%,4.0379%,0.005711,SOHO,90506.0,2019-03-11,252.0,0.6107%,0.0008,0.351,0.3006,0.3469,1.7450%,1.7815%,4.0499%,0.0015149999999999,SOHO,90506.0,2019-03-12,252.0,0.3035%,0.0008,0.3587,0.2979,0.3545,1.7442%,1.7815%,4.1390%,0.003186,SOHO,-0.126832,-0.090113,-0.084704,-0.0910339999999999,-0.067629
18779,SPERO THERAPEUTICS INC,Spero Therapeutics Reports Received QIDP Designation From FDA For Development OF SPR720,6,increase,0.8,0.6,receiving qidp designation from the fda is a positive development that can enhance investor confidence and potentially lead to increased stock value due to the prospects of expedited development and commercialization.,2,2019-02-26,SPRO,2019-02-26 13:25:00+00:00,17044.0,84833T10,0.0712401419878006,107333.0,-0.0221675243228673,-0.0104438541457057,-0.0092359073460102,0.0258928537368774,-0.0042373044416308,-0.0035587155725806,-0.0110638393089175,0.0633869543671608,0.0249569676816463,-0.0028302534483373,-0.020990764722228,0.027131849899888,0.0094340145587921,0.0157480165362358,-0.0016992741730064,0.0029614740051329,0.0553191155195236,-0.0287632010877132,-0.0137096839025616,-0.0076117906719446,0.0269829016178846,0.0047801327891647,0.0334394201636314,-0.0456204377114772,0.0254237968474626,0.0045829690061509,-0.0293013025075197,-0.0063752001151442,0.0255417898297309,0.0368271358311176,-0.0105660632252693,0.0066539631225168,0.0076277945190668,0.1050420105457306,-0.0022709865588694,0.0074074761942029,0.0,-0.0297741238027811,-0.0212443619966507,-0.0010256645036861,-0.0325581468641758,0.016684029251337,-0.0328525528311729,0.0799549594521522,0.0613090917468071,0.0673077479004859,0.0296642575412988,0.0335403084754943,0.0045489324256777,-0.0254237335175275,0.0060377302579581,-0.0036187856458127,0.0367591716349124,0.0221948605030775,0.0202605426311492,-0.0157767124474048,0.0184396635740995,0.0036540478467941,-0.0473537147045135,0.0123305041342973,-0.0021930325310677,-0.0169697385281324,-0.0197801832109689,0.0261194072663784,-0.041106142103672,0.0468750186264514,-0.0475447885692119,0.1377777457237244,0.0098199574276804,0.0613207332789897,-0.0461912229657173,0.0159744247794151,0.0067969346418976,0.0178862009197473,0.0337552428245544,-0.0779610127210617,0.0146939028054475,0.0405616573989391,-0.0064360355027019,0.1128471493721008,-0.0113360602408647,0.0123023148626089,-0.0114660393446683,-0.0355932265520095,-0.004970958456397,-0.0215588901191949,-0.0691090673208236,0.008361236192286,-0.0241503082215786,-0.0033333301544189,-0.0119156846776604,0.0016694873338565,0.0426716171205043,-0.0552051067352294,0.0186832770705223,-0.0730994120240211,-0.0296943373978138,0.0193740855902433,0.0225022509694099,-0.0190058648586273,0.0017606037436053,0.0178571976721286,0.115114189684391,-0.0044444757513701,-0.006304170936346,-0.0343347340822219,0.0301348231732845,-0.0251046456396579,-0.0823710337281227,-0.0565789267420768,0.0050335121341049,-0.0709046944975853,0.0016694873338565,-0.0108827268704772,-0.0141666727140545,0.0222497284412384,0.0016906558303162,0.0385109372437,0.0388185679912567,-0.0038363439962267,-0.0221675243228673,-0.0104438541457057,-0.0311986944681411,0.0151785784033275,-0.035303800543129,0.0115658465874133,-0.0221675242022868,0.0726414609465924,0.0041050267066129,0.0818267969958894,0.1231527034976838,0.401972918744816,0.0106732453307878,0.4539641331821611,2019-02-27,2019-02-28,2019-03-01,2019-03-04,2019-03-05,2019-03-06,2019-03-07,2019-03-08,2019-03-11,2019-03-12,17044.0,2019-02-26,252.0,7.1240%,0.0014,0.8505,2.0798,0.5962,4.2991%,4.4966%,8.5937%,0.088585,SPRO,17044.0,2019-02-27,252.0,-2.2168%,0.0013,0.8507,2.0713,0.5962,4.3026%,4.4991%,8.5431%,-0.026269,SPRO,17044.0,2019-02-28,252.0,-0.9236%,0.001,0.8987,2.104,0.6327,4.2677%,4.4765%,9.1114%,-0.005623,SPRO,17044.0,2019-03-01,252.0,-0.4237%,0.0011,0.8706,2.0622,0.5963,4.2610%,4.4597%,8.7145%,-0.014369,SPRO,17044.0,2019-03-04,252.0,-1.1064%,0.0011,0.8727,2.057,0.5954,4.2609%,4.4596%,8.7103%,-0.000703,SPRO,17044.0,2019-03-05,252.0,2.4957%,0.001,0.8565,1.9529,0.5716,4.2553%,4.4374%,8.0370%,0.034156,SPRO,17044.0,2019-03-06,252.0,-2.0991%,0.001,0.8444,1.9404,0.5563,4.2547%,4.4381%,8.0961%,0.010492,SPRO,17044.0,2019-03-07,252.0,0.9434%,0.0011,0.8395,1.9527,0.5532,4.2552%,4.4384%,8.0830%,0.019462,SPRO,17044.0,2019-03-08,252.0,-0.1699%,0.0013,0.8367,2.0006,0.5463,4.2464%,4.4345%,8.3012%,2.2000000000000003e-05,SPRO,17044.0,2019-03-11,252.0,5.5319%,0.0013,0.8547,2.0463,0.5631,4.2481%,4.4452%,8.6703%,0.038401,SPRO,17044.0,2019-03-12,252.0,-1.3710%,0.0012,0.8461,2.0531,0.5561,4.2483%,4.4443%,8.6281%,-0.009756,SPRO,0.0623159999999999,0.0566929999999999,0.0423239999999999,0.0757769999999999,0.1343979999999999
18787,SEMPRA ENERGY,Sempra Energy Reaffirms FY19 Adj. EPS Guidance $5.70-$6.30 vs $6.03 Estimate,6,uncertain,0.6,0.2,"while sempra energy reaffirming its adjusted eps guidance suggests stability, the guidance range overlaps with the estimate, leading to uncertainty in market reaction.",1,2019-02-26,SRE,2019-02-26 11:58:00+00:00,86136.0,81685110,0.0111404471099376,1859010.0,0.0120269153267145,-0.0075118755921721,0.000914157833904,0.006883701775223,0.006808366626501,0.0046102697961032,0.0005772694712504,0.0073965825140476,-0.0020604962483048,0.0087627489119768,-0.000908495276235,0.0106093734502792,0.0060345185920596,-0.0016631198814138,0.0049302065744996,0.0010514819296076,0.007277182303369,-0.0072204805910587,0.0065751890651881,-0.0251865778118372,0.0027419058606028,-0.0008473010966554,0.0008846760028973,0.0022929650731384,0.0013660570839419,0.0056367213837802,0.0002407220308668,-0.0008533672080375,-0.0057761832140386,0.0037687574513256,0.0090373819693923,-0.0019661767873913,0.0142942788079381,0.0181027129292488,0.001588916638866,0.0092226881533861,-0.0081700542941689,0.0075221103616058,0.0035188933834433,-0.0008841598173603,-0.0005578553536906,-0.0022055581212043,-0.0074954344891011,0.0038968629669398,0.0111673446372151,0.0048055611550807,0.006117882207036,-0.0026626025792211,0.0048171887174248,0.0027589672245085,0.0,-0.002662906423211,-0.0017290256218984,0.0009773487690836,0.0096048563718795,0.0070687266997992,-0.0035090809687972,-0.0201647859066724,0.0007825219072401,-0.0032334418501704,-0.0035968339070677,0.0178794004023075,0.0052578342147171,-0.0097771566361188,0.0136612011119723,0.0279789585620164,-0.0099346050992608,-0.0001810306275729,-0.0100342324003577,0.0299300607293844,0.0001571798056829,0.0045897141098976,0.0009427507757209,-0.0132174901664257,-0.0159328654408454,0.0085765440016984,0.0059021017514169,0.0051574762910604,0.0022994047030806,-0.0035188188776373,0.0073569547384977,0.0054934481158852,0.0055756773799657,-0.0395277962088584,-0.017571261152625,-0.0109676094725728,0.0170905701816082,-0.0077234059572219,-0.0136772179976105,0.0008784795063547,-0.0018224701052531,-0.0094840684905648,0.0117487953975796,-0.0300447102636098,-0.0083169676363468,0.0075680222362279,-0.005380175076425,0.0080575589090585,0.0003977651067543,-0.0034169990103691,0.0035782200284302,0.0074876933358609,0.0237699672579765,0.0020699051674455,0.0008513319771736,0.0021607605740427,0.0003092582919634,-0.0099264392629265,0.0040198229253292,0.0035208559129387,0.00646748021245,0.010675192810595,-0.002065516076982,0.0226324945688247,0.0055959811434149,-0.0050335545092821,0.0024394523352384,0.0048806052654981,0.0212927982211113,0.0058015128597617,0.0120269153267145,-0.0075118755921721,0.012952067659482,-0.0006798833282982,0.0198486167111802,0.0039272520222315,0.0183347368635855,0.0202151141531192,0.0428931739794722,-0.0027985240254809,0.0838774121476604,0.0276150988872556,0.1382026763156101,0.0582925668746348,2019-02-27,2019-02-28,2019-03-01,2019-03-04,2019-03-05,2019-03-06,2019-03-07,2019-03-08,2019-03-11,2019-03-12,86136.0,2019-02-26,252.0,1.1140%,0.0004,0.208,-0.458,-0.1882,1.4364%,1.4763%,5.3241%,0.00785,SRE,86136.0,2019-02-27,252.0,1.2027%,0.0005,0.2109,-0.4595,-0.1877,1.4379%,1.4780%,5.3507%,0.012384,SRE,86136.0,2019-02-28,252.0,0.0914%,0.0005,0.2141,-0.4574,-0.1855,1.4374%,1.4778%,5.3877%,0.001091,SRE,86136.0,2019-03-01,252.0,0.6808%,0.0005,0.2089,-0.465,-0.196,1.4363%,1.4769%,5.4181%,0.005761,SRE,86136.0,2019-03-04,252.0,0.0577%,0.0005,0.2062,-0.456,-0.1953,1.4358%,1.4746%,5.1903%,0.000478,SRE,86136.0,2019-03-05,252.0,-0.2060%,0.0005,0.2075,-0.4484,-0.1928,1.4360%,1.4743%,5.1274%,-0.003682,SRE,86136.0,2019-03-06,252.0,-0.0908%,0.0004,0.1939,-0.4238,-0.2048,1.4240%,1.4595%,4.8017%,-0.004828,SRE,86136.0,2019-03-07,252.0,0.6035%,0.0005,0.1935,-0.4134,-0.2023,1.4231%,1.4577%,4.6912%,0.006562,SRE,86136.0,2019-03-08,252.0,0.4930%,0.0005,0.1925,-0.4071,-0.2043,1.4230%,1.4571%,4.6294%,0.005129,SRE,86136.0,2019-03-11,252.0,0.7277%,0.0005,0.1944,-0.3984,-0.2003,1.4225%,1.4562%,4.5727%,0.004722,SRE,86136.0,2019-03-12,252.0,0.6575%,0.0006,0.204,-0.4023,-0.191,1.4211%,1.4559%,4.7323%,0.004723,SRE,0.020234,0.021325,0.027086,0.023882,0.04019
18795,SEMPRA ENERGY,"Sempra Energy Q4 Adj. EPS $1.56 Beats $1.47 Estimate, Sales $3.221B Beat $3B Estimate",6,increase,0.8,0.6,"the better-than-expected adjusted eps and sales figures suggest strong financial performance, which is likely to positively influence investor sentiment and increase the stock price.",2,2019-02-26,SRE,2019-02-26 11:58:00+00:00,86136.0,81685110,0.0111404471099376,1859010.0,0.0120269153267145,-0.0075118755921721,0.000914157833904,0.006883701775223,0.006808366626501,0.0046102697961032,0.0005772694712504,0.0073965825140476,-0.0020604962483048,0.0087627489119768,-0.000908495276235,0.0106093734502792,0.0060345185920596,-0.0016631198814138,0.0049302065744996,0.0010514819296076,0.007277182303369,-0.0072204805910587,0.0065751890651881,-0.0251865778118372,0.0027419058606028,-0.0008473010966554,0.0008846760028973,0.0022929650731384,0.0013660570839419,0.0056367213837802,0.0002407220308668,-0.0008533672080375,-0.0057761832140386,0.0037687574513256,0.0090373819693923,-0.0019661767873913,0.0142942788079381,0.0181027129292488,0.001588916638866,0.0092226881533861,-0.0081700542941689,0.0075221103616058,0.0035188933834433,-0.0008841598173603,-0.0005578553536906,-0.0022055581212043,-0.0074954344891011,0.0038968629669398,0.0111673446372151,0.0048055611550807,0.006117882207036,-0.0026626025792211,0.0048171887174248,0.0027589672245085,0.0,-0.002662906423211,-0.0017290256218984,0.0009773487690836,0.0096048563718795,0.0070687266997992,-0.0035090809687972,-0.0201647859066724,0.0007825219072401,-0.0032334418501704,-0.0035968339070677,0.0178794004023075,0.0052578342147171,-0.0097771566361188,0.0136612011119723,0.0279789585620164,-0.0099346050992608,-0.0001810306275729,-0.0100342324003577,0.0299300607293844,0.0001571798056829,0.0045897141098976,0.0009427507757209,-0.0132174901664257,-0.0159328654408454,0.0085765440016984,0.0059021017514169,0.0051574762910604,0.0022994047030806,-0.0035188188776373,0.0073569547384977,0.0054934481158852,0.0055756773799657,-0.0395277962088584,-0.017571261152625,-0.0109676094725728,0.0170905701816082,-0.0077234059572219,-0.0136772179976105,0.0008784795063547,-0.0018224701052531,-0.0094840684905648,0.0117487953975796,-0.0300447102636098,-0.0083169676363468,0.0075680222362279,-0.005380175076425,0.0080575589090585,0.0003977651067543,-0.0034169990103691,0.0035782200284302,0.0074876933358609,0.0237699672579765,0.0020699051674455,0.0008513319771736,0.0021607605740427,0.0003092582919634,-0.0099264392629265,0.0040198229253292,0.0035208559129387,0.00646748021245,0.010675192810595,-0.002065516076982,0.0226324945688247,0.0055959811434149,-0.0050335545092821,0.0024394523352384,0.0048806052654981,0.0212927982211113,0.0058015128597617,0.0120269153267145,-0.0075118755921721,0.012952067659482,-0.0006798833282982,0.0198486167111802,0.0039272520222315,0.0183347368635855,0.0202151141531192,0.0428931739794722,-0.0027985240254809,0.0838774121476604,0.0276150988872556,0.1382026763156101,0.0582925668746348,2019-02-27,2019-02-28,2019-03-01,2019-03-04,2019-03-05,2019-03-06,2019-03-07,2019-03-08,2019-03-11,2019-03-12,86136.0,2019-02-26,252.0,1.1140%,0.0004,0.208,-0.458,-0.1882,1.4364%,1.4763%,5.3241%,0.00785,SRE,86136.0,2019-02-27,252.0,1.2027%,0.0005,0.2109,-0.4595,-0.1877,1.4379%,1.4780%,5.3507%,0.012384,SRE,86136.0,2019-02-28,252.0,0.0914%,0.0005,0.2141,-0.4574,-0.1855,1.4374%,1.4778%,5.3877%,0.001091,SRE,86136.0,2019-03-01,252.0,0.6808%,0.0005,0.2089,-0.465,-0.196,1.4363%,1.4769%,5.4181%,0.005761,SRE,86136.0,2019-03-04,252.0,0.0577%,0.0005,0.2062,-0.456,-0.1953,1.4358%,1.4746%,5.1903%,0.000478,SRE,86136.0,2019-03-05,252.0,-0.2060%,0.0005,0.2075,-0.4484,-0.1928,1.4360%,1.4743%,5.1274%,-0.003682,SRE,86136.0,2019-03-06,252.0,-0.0908%,0.0004,0.1939,-0.4238,-0.2048,1.4240%,1.4595%,4.8017%,-0.004828,SRE,86136.0,2019-03-07,252.0,0.6035%,0.0005,0.1935,-0.4134,-0.2023,1.4231%,1.4577%,4.6912%,0.006562,SRE,86136.0,2019-03-08,252.0,0.4930%,0.0005,0.1925,-0.4071,-0.2043,1.4230%,1.4571%,4.6294%,0.005129,SRE,86136.0,2019-03-11,252.0,0.7277%,0.0005,0.1944,-0.3984,-0.2003,1.4225%,1.4562%,4.5727%,0.004722,SRE,86136.0,2019-03-12,252.0,0.6575%,0.0006,0.204,-0.4023,-0.191,1.4211%,1.4559%,4.7323%,0.004723,SRE,0.020234,0.021325,0.027086,0.023882,0.04019
18803,SHUTTERSTOCK INC,"Shutterstock Sees FY19 Adj. EBITDA $118M-$123M, Sales $685M-$695M vs $691.5M Estimate",6,decrease,0.7,0.5,"the projected sales range is below the estimate, which may lead to negative investor sentiment and a decrease in stock price.",0,2019-02-26,SSTK,2019-02-26 12:31:00+00:00,13625.0,82569010,0.101000964641571,738960.0,-0.0376033000648021,0.0372816883027553,-0.005367110017687,-0.001413703081198,0.0308654531836509,-0.0016466642264276,-0.0318257249891758,-0.0014094755752012,0.0099480766803026,0.0049574854783713,-0.0209849998354911,0.0229413378983736,0.0021871931385248,-0.0024090213701128,-0.0144041869789362,0.0014474681811407,0.0316651985049247,0.0313511379063129,0.0148100154474377,0.005755744408816,-0.0080371676012873,0.0121580436825752,-0.0336887389421463,-0.0077909366227686,0.0191967990249395,-0.0064918431453406,0.0058454312384128,0.0108531126752495,0.0135600753128528,-0.0062703788280487,-0.0163516774773597,-0.0034991099964827,0.0060448786243796,-0.0103883743286132,-0.0233905613422393,0.0034747924655675,0.0210943296551704,-0.0095870057120919,-0.0094685265794396,-0.0188132841140031,0.0002172960375901,0.0568442419171333,0.01216328330338,0.0253528822213411,0.0006438324926421,0.0110993171110749,0.0012866728939116,-0.0274993497878313,0.0029985695146024,0.0172548983246088,0.0076873111538589,0.006578947417438,0.0016953132580965,0.0092961080372333,0.004019433632493,0.0104670748114585,-0.0033712568692862,-0.0095693944022059,-0.0076110064983367,0.0151105653494596,0.0110779823735356,-0.0088258367031812,-0.0092709362506866,0.0160326138138771,-0.0119098545983433,0.0157328099012374,0.0174343828111887,0.0179825630038976,0.018193369731307,0.0443074591457843,-0.0197382252663373,-0.0588234551250934,-0.0201356671750545,0.0055540343746542,-0.0088686970993876,0.0075544663704931,0.0069838431663811,0.0033689711708575,-0.0080190496519207,0.0133711919188499,-0.0812759697437286,0.0808733403682708,-0.0068965735845267,-0.004591298289597,-0.0153256561607122,-0.0391177013516426,-0.0162937305867672,-0.0153489373624324,0.0012360750697553,-0.0131466956809163,-0.0004938384518027,0.014496955089271,0.0022233240306377,-0.0627716705203056,-0.0017254053382202,-0.0157796237617731,-0.002716064453125,-0.0196643937379121,-0.0044565564021468,0.0084611233323812,-0.0002486526209395,-0.0120166949927806,-0.0079601909965276,0.0191692598164081,-0.0195587407797575,-0.0239084772765636,0.0219949018210172,0.0107696307823061,0.0207708179950714,-0.0344915203750133,-0.0058838361874222,0.0319288484752178,-0.0143032809719443,-0.0052069970406591,-0.0235176980495452,-0.013357319869101,-0.0010247784666717,0.0481960400938987,-0.0007694945670664,-0.0218594092875719,-0.0376033000648021,0.0372816883027553,-0.0427685890340133,0.0358152799839315,-0.0132232077329225,0.0341096400171947,-0.0351239815756854,0.0377714454666791,-0.0231405500234895,0.1001001041767553,-0.0301653475940607,0.186184503168544,-0.1950413649210689,0.1577560745971298,2019-02-27,2019-02-28,2019-03-01,2019-03-04,2019-03-05,2019-03-06,2019-03-07,2019-03-08,2019-03-11,2019-03-12,13625.0,2019-02-26,252.0,10.1001%,-0.0002,0.9212,0.3836,-0.7059,2.1174%,2.4657%,26.2561%,0.1034249999999999,SSTK,13625.0,2019-02-27,252.0,-3.7603%,-0.0004,0.9128,0.3867,-0.7074,2.1296%,2.4722%,25.7927%,-0.040108,SSTK,13625.0,2019-02-28,252.0,-0.5367%,-0.0004,0.9039,0.3804,-0.7129,2.1267%,2.4647%,25.5468%,-0.004483,SSTK,13625.0,2019-03-01,252.0,3.0865%,-0.0003,0.9175,0.4007,-0.7014,2.1285%,2.4720%,25.8624%,0.020312,SSTK,13625.0,2019-03-04,252.0,-3.1826%,-0.0004,0.9158,0.4267,-0.7056,2.1323%,2.4781%,25.9579%,-0.022806,SSTK,13625.0,2019-03-05,252.0,0.9948%,-0.0003,0.9169,0.4426,-0.709,2.1319%,2.4788%,26.0316%,0.011044,SSTK,13625.0,2019-03-06,252.0,-2.0985%,-0.0003,0.9201,0.4572,-0.7034,2.1324%,2.4822%,26.2009%,-0.007513,SSTK,13625.0,2019-03-07,252.0,0.2187%,-0.0003,0.9162,0.4541,-0.7094,2.1329%,2.4819%,26.1462%,0.007641,SSTK,13625.0,2019-03-08,252.0,-1.4404%,-0.0004,0.9188,0.4422,-0.7047,2.1336%,2.4812%,26.0581%,-0.013911,SSTK,13625.0,2019-03-11,252.0,3.1665%,-0.0004,0.9253,0.4523,-0.7022,2.1350%,2.4887%,26.4067%,0.012629,SSTK,13625.0,2019-03-12,252.0,1.4810%,-0.0003,0.9269,0.4459,-0.7031,2.1366%,2.4893%,26.3272%,0.013111,SSTK,0.0633169999999999,0.0588339999999999,0.0791459999999999,0.0673839999999999,0.0793409999999999
18811,SHUTTERSTOCK INC,"Shutterstock Q4 EPS $0.59 Beats $0.48 Estimate, Sales $162.072M Miss $165.46M Estimate",6,uncertain,0.7,0.3,"while the earnings per share (eps) beat estimates, the sales miss could lead to mixed reactions from investors, making the overall impact on the stock price uncertain.",1,2019-02-26,SSTK,2019-02-26 12:30:00+00:00,13625.0,82569010,0.101000964641571,738960.0,-0.0376033000648021,0.0372816883027553,-0.005367110017687,-0.001413703081198,0.0308654531836509,-0.0016466642264276,-0.0318257249891758,-0.0014094755752012,0.0099480766803026,0.0049574854783713,-0.0209849998354911,0.0229413378983736,0.0021871931385248,-0.0024090213701128,-0.0144041869789362,0.0014474681811407,0.0316651985049247,0.0313511379063129,0.0148100154474377,0.005755744408816,-0.0080371676012873,0.0121580436825752,-0.0336887389421463,-0.0077909366227686,0.0191967990249395,-0.0064918431453406,0.0058454312384128,0.0108531126752495,0.0135600753128528,-0.0062703788280487,-0.0163516774773597,-0.0034991099964827,0.0060448786243796,-0.0103883743286132,-0.0233905613422393,0.0034747924655675,0.0210943296551704,-0.0095870057120919,-0.0094685265794396,-0.0188132841140031,0.0002172960375901,0.0568442419171333,0.01216328330338,0.0253528822213411,0.0006438324926421,0.0110993171110749,0.0012866728939116,-0.0274993497878313,0.0029985695146024,0.0172548983246088,0.0076873111538589,0.006578947417438,0.0016953132580965,0.0092961080372333,0.004019433632493,0.0104670748114585,-0.0033712568692862,-0.0095693944022059,-0.0076110064983367,0.0151105653494596,0.0110779823735356,-0.0088258367031812,-0.0092709362506866,0.0160326138138771,-0.0119098545983433,0.0157328099012374,0.0174343828111887,0.0179825630038976,0.018193369731307,0.0443074591457843,-0.0197382252663373,-0.0588234551250934,-0.0201356671750545,0.0055540343746542,-0.0088686970993876,0.0075544663704931,0.0069838431663811,0.0033689711708575,-0.0080190496519207,0.0133711919188499,-0.0812759697437286,0.0808733403682708,-0.0068965735845267,-0.004591298289597,-0.0153256561607122,-0.0391177013516426,-0.0162937305867672,-0.0153489373624324,0.0012360750697553,-0.0131466956809163,-0.0004938384518027,0.014496955089271,0.0022233240306377,-0.0627716705203056,-0.0017254053382202,-0.0157796237617731,-0.002716064453125,-0.0196643937379121,-0.0044565564021468,0.0084611233323812,-0.0002486526209395,-0.0120166949927806,-0.0079601909965276,0.0191692598164081,-0.0195587407797575,-0.0239084772765636,0.0219949018210172,0.0107696307823061,0.0207708179950714,-0.0344915203750133,-0.0058838361874222,0.0319288484752178,-0.0143032809719443,-0.0052069970406591,-0.0235176980495452,-0.013357319869101,-0.0010247784666717,0.0481960400938987,-0.0007694945670664,-0.0218594092875719,-0.0376033000648021,0.0372816883027553,-0.0427685890340133,0.0358152799839315,-0.0132232077329225,0.0341096400171947,-0.0351239815756854,0.0377714454666791,-0.0231405500234895,0.1001001041767553,-0.0301653475940607,0.186184503168544,-0.1950413649210689,0.1577560745971298,2019-02-27,2019-02-28,2019-03-01,2019-03-04,2019-03-05,2019-03-06,2019-03-07,2019-03-08,2019-03-11,2019-03-12,13625.0,2019-02-26,252.0,10.1001%,-0.0002,0.9212,0.3836,-0.7059,2.1174%,2.4657%,26.2561%,0.1034249999999999,SSTK,13625.0,2019-02-27,252.0,-3.7603%,-0.0004,0.9128,0.3867,-0.7074,2.1296%,2.4722%,25.7927%,-0.040108,SSTK,13625.0,2019-02-28,252.0,-0.5367%,-0.0004,0.9039,0.3804,-0.7129,2.1267%,2.4647%,25.5468%,-0.004483,SSTK,13625.0,2019-03-01,252.0,3.0865%,-0.0003,0.9175,0.4007,-0.7014,2.1285%,2.4720%,25.8624%,0.020312,SSTK,13625.0,2019-03-04,252.0,-3.1826%,-0.0004,0.9158,0.4267,-0.7056,2.1323%,2.4781%,25.9579%,-0.022806,SSTK,13625.0,2019-03-05,252.0,0.9948%,-0.0003,0.9169,0.4426,-0.709,2.1319%,2.4788%,26.0316%,0.011044,SSTK,13625.0,2019-03-06,252.0,-2.0985%,-0.0003,0.9201,0.4572,-0.7034,2.1324%,2.4822%,26.2009%,-0.007513,SSTK,13625.0,2019-03-07,252.0,0.2187%,-0.0003,0.9162,0.4541,-0.7094,2.1329%,2.4819%,26.1462%,0.007641,SSTK,13625.0,2019-03-08,252.0,-1.4404%,-0.0004,0.9188,0.4422,-0.7047,2.1336%,2.4812%,26.0581%,-0.013911,SSTK,13625.0,2019-03-11,252.0,3.1665%,-0.0004,0.9253,0.4523,-0.7022,2.1350%,2.4887%,26.4067%,0.012629,SSTK,13625.0,2019-03-12,252.0,1.4810%,-0.0003,0.9269,0.4459,-0.7031,2.1366%,2.4893%,26.3272%,0.013111,SSTK,0.0633169999999999,0.0588339999999999,0.0791459999999999,0.0673839999999999,0.0793409999999999
18819,SUNOPTA INC,"SunOpta shares are trading lower after the company missed Q4 EPS estimates and announced the termination of its CEO, David Colo.",6,decrease,0.85,0.7,"the combination of missing eps estimates and the termination of the ceo typically signals poor performance and instability, likely leading to a decrease in stock price.",0,2019-02-26,STKL,2019-02-26 17:04:00+00:00,78418.0,8676EP10,-0.4282178282737732,9746915.0,0.1082251071929932,-0.0380952022969722,0.0156249850988388,-0.0209790561348199,0.1153846904635429,-0.0092378668487071,0.0965517088770866,0.0046403668820858,0.0503144152462482,0.0117370216175913,0.0089820278808474,0.0047170892357826,-0.0296735633164644,0.009523800574243,0.0764525979757309,-0.0232559014111757,0.0710227265954017,0.0023310557007789,-0.0689655169844627,0.0165877193212509,0.0028490000404417,-0.0093897739425301,0.0312500372529029,-0.0138888750225305,-0.0137741565704345,0.0384616181254386,0.058659229427576,-0.0023981363046914,-0.0184696391224861,0.0,-0.0188171863555908,0.0024039011914283,-0.0191781278699636,0.0171148385852575,-0.0223463475704193,0.0225000381469726,0.0085714207962155,-0.01719905808568,0.0,-0.0169081389904022,-0.0254957266151905,-0.023584883660078,0.0145348692312836,-0.0023529950994998,-0.0085959807038307,0.0365853905677795,-0.0289017744362354,-0.0786516666412353,0.0982143357396125,0.0113635715097188,-0.0135501222684979,0.02803735435009,0.0,0.0214797500520944,-0.0164835657924413,0.0023923993576318,-0.0307262279093265,-0.011820375919342,-0.0345821678638458,-0.0047058779746294,0.0179105028510093,0.0315534248948097,-0.020527908578515,-0.0119904531165957,0.0179641265422105,-0.0071427938528358,-0.0323529802262783,0.0169490780681371,0.0,0.0616966597735881,-0.0121580436825752,-0.0299252159893512,0.0153846004977822,0.0361757986247539,0.0090909004211425,0.0078124925494194,-0.0240240022540092,0.0185676217079162,0.0092307608574628,-0.0026455002371221,0.0243902206420898,0.0,0.0803572088479995,-0.0104711940512061,-0.0220386106520891,-0.047381617128849,0.0,-0.0360576026141643,-0.0309858862310648,0.0,0.0348836854100227,0.0024095787666738,-0.0252808760851621,-0.0437788143754005,0.0172910504043102,-0.0068649277091026,0.0,-0.0395605042576789,0.1246459111571312,0.0088691711425781,0.0604534037411212,0.0044544450938701,0.0380047149956226,-0.0217865742743015,-0.041189894080162,0.0154867637902498,0.0286395903676748,-0.017391288653016,0.023201834410429,-0.0086206812411546,-0.018140573054552,-0.0148620316758751,0.0415705107152462,-0.0187500305473804,-0.0576497167348861,0.034482829272747,-0.0188235118985176,-0.0645161643624305,0.0215827692300081,0.1428571045398712,0.1082251071929931,-0.0380952022969722,0.1255411079790427,-0.0582750570443367,0.2554113203271977,-0.0669745866754676,0.4458874314751593,-0.0516432506246471,0.5194805322551033,-0.0426539881778432,0.450216425485437,-0.0494117693770089,0.8441559585230598,-0.0691244695899581,2019-02-27,2019-02-28,2019-03-01,2019-03-04,2019-03-05,2019-03-06,2019-03-07,2019-03-08,2019-03-11,2019-03-12,78418.0,2019-02-26,252.0,-42.8218%,-0.0035,0.4182,1.2281,0.5754,3.6479%,3.7161%,3.6359%,-0.422267,STKL,78418.0,2019-02-27,252.0,10.8225%,-0.003,0.4343,1.2317,0.5784,3.7075%,3.7764%,3.6172%,0.1061059999999999,STKL,78418.0,2019-02-28,252.0,1.5625%,-0.0031,0.4598,1.2499,0.592,3.6933%,3.7662%,3.8325%,0.018071,STKL,78418.0,2019-03-01,252.0,11.5385%,-0.0027,0.4889,1.2933,0.5843,3.7617%,3.8393%,3.9981%,0.1107269999999999,STKL,78418.0,2019-03-04,252.0,9.6552%,-0.0023,0.4775,1.2369,0.6087,3.8187%,3.8892%,3.5925%,0.101898,STKL,78418.0,2019-03-05,252.0,5.0314%,-0.0021,0.4674,1.1968,0.5799,3.8365%,3.9019%,3.3268%,0.056331,STKL,78418.0,2019-03-06,252.0,0.8982%,-0.0021,0.4399,1.1488,0.5423,3.8367%,3.8979%,3.1150%,0.027666,STKL,78418.0,2019-03-07,252.0,-2.9674%,-0.0021,0.4534,1.1731,0.5671,3.8379%,3.9016%,3.2403%,-0.023563,STKL,78418.0,2019-03-08,252.0,7.6453%,-0.0018,0.4422,1.1799,0.5488,3.8705%,3.9330%,3.1499%,0.077738,STKL,78418.0,2019-03-11,252.0,7.1023%,-0.0016,0.4743,1.2413,0.5674,3.8854%,3.9554%,3.5094%,0.06295,STKL,78418.0,2019-03-12,252.0,-6.8966%,-0.0018,0.4787,1.2694,0.5841,3.9060%,3.9779%,3.5822%,-0.066312,STKL,-0.316161,-0.29809,-0.187363,-0.029134,0.0493449999999999
18827,SUNOPTA INC,"SunOpta Q4 EPS $(0.11) Misses $(0.06) Estimate, Sales $320.521M Beat $292.94M Estimate",6,uncertain,0.6,0.3,"while sunopta's sales beat expectations, the earnings per share miss could lead to mixed reactions from investors, resulting in uncertainty about the stock's direction.",1,2019-02-26,STKL,2019-02-26 12:58:00+00:00,78418.0,8676EP10,-0.4282178282737732,9746915.0,0.1082251071929932,-0.0380952022969722,0.0156249850988388,-0.0209790561348199,0.1153846904635429,-0.0092378668487071,0.0965517088770866,0.0046403668820858,0.0503144152462482,0.0117370216175913,0.0089820278808474,0.0047170892357826,-0.0296735633164644,0.009523800574243,0.0764525979757309,-0.0232559014111757,0.0710227265954017,0.0023310557007789,-0.0689655169844627,0.0165877193212509,0.0028490000404417,-0.0093897739425301,0.0312500372529029,-0.0138888750225305,-0.0137741565704345,0.0384616181254386,0.058659229427576,-0.0023981363046914,-0.0184696391224861,0.0,-0.0188171863555908,0.0024039011914283,-0.0191781278699636,0.0171148385852575,-0.0223463475704193,0.0225000381469726,0.0085714207962155,-0.01719905808568,0.0,-0.0169081389904022,-0.0254957266151905,-0.023584883660078,0.0145348692312836,-0.0023529950994998,-0.0085959807038307,0.0365853905677795,-0.0289017744362354,-0.0786516666412353,0.0982143357396125,0.0113635715097188,-0.0135501222684979,0.02803735435009,0.0,0.0214797500520944,-0.0164835657924413,0.0023923993576318,-0.0307262279093265,-0.011820375919342,-0.0345821678638458,-0.0047058779746294,0.0179105028510093,0.0315534248948097,-0.020527908578515,-0.0119904531165957,0.0179641265422105,-0.0071427938528358,-0.0323529802262783,0.0169490780681371,0.0,0.0616966597735881,-0.0121580436825752,-0.0299252159893512,0.0153846004977822,0.0361757986247539,0.0090909004211425,0.0078124925494194,-0.0240240022540092,0.0185676217079162,0.0092307608574628,-0.0026455002371221,0.0243902206420898,0.0,0.0803572088479995,-0.0104711940512061,-0.0220386106520891,-0.047381617128849,0.0,-0.0360576026141643,-0.0309858862310648,0.0,0.0348836854100227,0.0024095787666738,-0.0252808760851621,-0.0437788143754005,0.0172910504043102,-0.0068649277091026,0.0,-0.0395605042576789,0.1246459111571312,0.0088691711425781,0.0604534037411212,0.0044544450938701,0.0380047149956226,-0.0217865742743015,-0.041189894080162,0.0154867637902498,0.0286395903676748,-0.017391288653016,0.023201834410429,-0.0086206812411546,-0.018140573054552,-0.0148620316758751,0.0415705107152462,-0.0187500305473804,-0.0576497167348861,0.034482829272747,-0.0188235118985176,-0.0645161643624305,0.0215827692300081,0.1428571045398712,0.1082251071929931,-0.0380952022969722,0.1255411079790427,-0.0582750570443367,0.2554113203271977,-0.0669745866754676,0.4458874314751593,-0.0516432506246471,0.5194805322551033,-0.0426539881778432,0.450216425485437,-0.0494117693770089,0.8441559585230598,-0.0691244695899581,2019-02-27,2019-02-28,2019-03-01,2019-03-04,2019-03-05,2019-03-06,2019-03-07,2019-03-08,2019-03-11,2019-03-12,78418.0,2019-02-26,252.0,-42.8218%,-0.0035,0.4182,1.2281,0.5754,3.6479%,3.7161%,3.6359%,-0.422267,STKL,78418.0,2019-02-27,252.0,10.8225%,-0.003,0.4343,1.2317,0.5784,3.7075%,3.7764%,3.6172%,0.1061059999999999,STKL,78418.0,2019-02-28,252.0,1.5625%,-0.0031,0.4598,1.2499,0.592,3.6933%,3.7662%,3.8325%,0.018071,STKL,78418.0,2019-03-01,252.0,11.5385%,-0.0027,0.4889,1.2933,0.5843,3.7617%,3.8393%,3.9981%,0.1107269999999999,STKL,78418.0,2019-03-04,252.0,9.6552%,-0.0023,0.4775,1.2369,0.6087,3.8187%,3.8892%,3.5925%,0.101898,STKL,78418.0,2019-03-05,252.0,5.0314%,-0.0021,0.4674,1.1968,0.5799,3.8365%,3.9019%,3.3268%,0.056331,STKL,78418.0,2019-03-06,252.0,0.8982%,-0.0021,0.4399,1.1488,0.5423,3.8367%,3.8979%,3.1150%,0.027666,STKL,78418.0,2019-03-07,252.0,-2.9674%,-0.0021,0.4534,1.1731,0.5671,3.8379%,3.9016%,3.2403%,-0.023563,STKL,78418.0,2019-03-08,252.0,7.6453%,-0.0018,0.4422,1.1799,0.5488,3.8705%,3.9330%,3.1499%,0.077738,STKL,78418.0,2019-03-11,252.0,7.1023%,-0.0016,0.4743,1.2413,0.5674,3.8854%,3.9554%,3.5094%,0.06295,STKL,78418.0,2019-03-12,252.0,-6.8966%,-0.0018,0.4787,1.2694,0.5841,3.9060%,3.9779%,3.5822%,-0.066312,STKL,-0.316161,-0.29809,-0.187363,-0.029134,0.0493449999999999
18835,SUNOPTA INC,"SunOpta Reports Pres, CEO David Colo Has Been Terminated; Katrina Houde To Serve AS Interim CEO; Mgmt. Has Formed Search Committee To Find Successor",6,decrease,0.7,0.6,"the termination of a ceo often signals instability and uncertainty within a company, which can negatively impact investor confidence and lead to a decrease in stock price.",0,2019-02-26,STKL,2019-02-26 12:44:00+00:00,78418.0,8676EP10,-0.4282178282737732,9746915.0,0.1082251071929932,-0.0380952022969722,0.0156249850988388,-0.0209790561348199,0.1153846904635429,-0.0092378668487071,0.0965517088770866,0.0046403668820858,0.0503144152462482,0.0117370216175913,0.0089820278808474,0.0047170892357826,-0.0296735633164644,0.009523800574243,0.0764525979757309,-0.0232559014111757,0.0710227265954017,0.0023310557007789,-0.0689655169844627,0.0165877193212509,0.0028490000404417,-0.0093897739425301,0.0312500372529029,-0.0138888750225305,-0.0137741565704345,0.0384616181254386,0.058659229427576,-0.0023981363046914,-0.0184696391224861,0.0,-0.0188171863555908,0.0024039011914283,-0.0191781278699636,0.0171148385852575,-0.0223463475704193,0.0225000381469726,0.0085714207962155,-0.01719905808568,0.0,-0.0169081389904022,-0.0254957266151905,-0.023584883660078,0.0145348692312836,-0.0023529950994998,-0.0085959807038307,0.0365853905677795,-0.0289017744362354,-0.0786516666412353,0.0982143357396125,0.0113635715097188,-0.0135501222684979,0.02803735435009,0.0,0.0214797500520944,-0.0164835657924413,0.0023923993576318,-0.0307262279093265,-0.011820375919342,-0.0345821678638458,-0.0047058779746294,0.0179105028510093,0.0315534248948097,-0.020527908578515,-0.0119904531165957,0.0179641265422105,-0.0071427938528358,-0.0323529802262783,0.0169490780681371,0.0,0.0616966597735881,-0.0121580436825752,-0.0299252159893512,0.0153846004977822,0.0361757986247539,0.0090909004211425,0.0078124925494194,-0.0240240022540092,0.0185676217079162,0.0092307608574628,-0.0026455002371221,0.0243902206420898,0.0,0.0803572088479995,-0.0104711940512061,-0.0220386106520891,-0.047381617128849,0.0,-0.0360576026141643,-0.0309858862310648,0.0,0.0348836854100227,0.0024095787666738,-0.0252808760851621,-0.0437788143754005,0.0172910504043102,-0.0068649277091026,0.0,-0.0395605042576789,0.1246459111571312,0.0088691711425781,0.0604534037411212,0.0044544450938701,0.0380047149956226,-0.0217865742743015,-0.041189894080162,0.0154867637902498,0.0286395903676748,-0.017391288653016,0.023201834410429,-0.0086206812411546,-0.018140573054552,-0.0148620316758751,0.0415705107152462,-0.0187500305473804,-0.0576497167348861,0.034482829272747,-0.0188235118985176,-0.0645161643624305,0.0215827692300081,0.1428571045398712,0.1082251071929931,-0.0380952022969722,0.1255411079790427,-0.0582750570443367,0.2554113203271977,-0.0669745866754676,0.4458874314751593,-0.0516432506246471,0.5194805322551033,-0.0426539881778432,0.450216425485437,-0.0494117693770089,0.8441559585230598,-0.0691244695899581,2019-02-27,2019-02-28,2019-03-01,2019-03-04,2019-03-05,2019-03-06,2019-03-07,2019-03-08,2019-03-11,2019-03-12,78418.0,2019-02-26,252.0,-42.8218%,-0.0035,0.4182,1.2281,0.5754,3.6479%,3.7161%,3.6359%,-0.422267,STKL,78418.0,2019-02-27,252.0,10.8225%,-0.003,0.4343,1.2317,0.5784,3.7075%,3.7764%,3.6172%,0.1061059999999999,STKL,78418.0,2019-02-28,252.0,1.5625%,-0.0031,0.4598,1.2499,0.592,3.6933%,3.7662%,3.8325%,0.018071,STKL,78418.0,2019-03-01,252.0,11.5385%,-0.0027,0.4889,1.2933,0.5843,3.7617%,3.8393%,3.9981%,0.1107269999999999,STKL,78418.0,2019-03-04,252.0,9.6552%,-0.0023,0.4775,1.2369,0.6087,3.8187%,3.8892%,3.5925%,0.101898,STKL,78418.0,2019-03-05,252.0,5.0314%,-0.0021,0.4674,1.1968,0.5799,3.8365%,3.9019%,3.3268%,0.056331,STKL,78418.0,2019-03-06,252.0,0.8982%,-0.0021,0.4399,1.1488,0.5423,3.8367%,3.8979%,3.1150%,0.027666,STKL,78418.0,2019-03-07,252.0,-2.9674%,-0.0021,0.4534,1.1731,0.5671,3.8379%,3.9016%,3.2403%,-0.023563,STKL,78418.0,2019-03-08,252.0,7.6453%,-0.0018,0.4422,1.1799,0.5488,3.8705%,3.9330%,3.1499%,0.077738,STKL,78418.0,2019-03-11,252.0,7.1023%,-0.0016,0.4743,1.2413,0.5674,3.8854%,3.9554%,3.5094%,0.06295,STKL,78418.0,2019-03-12,252.0,-6.8966%,-0.0018,0.4787,1.2694,0.5841,3.9060%,3.9779%,3.5822%,-0.066312,STKL,-0.316161,-0.29809,-0.187363,-0.029134,0.0493449999999999
18843,STARWOOD PROPERTY TRUST INC,"BTIG Research Initiates Coverage On Starwood Property Trust with Buy Rating, Announces $25 Price Target",6,increase,0.8,0.6,"the initiation of coverage with a 'buy' rating and a price target of $25 is likely to attract investor interest and confidence, potentially driving the stock price up.",2,2019-02-26,STWD,2019-02-26 11:33:00+00:00,92999.0,85571B10,0.0,1309360.0,-0.0013587267603725,-0.0036101047880947,0.017233608290553,0.0045331087894737,-0.0071332966908812,0.0027272484730929,0.0098787294700741,0.0031919605098664,-0.000444652250735,0.0050412747077643,-0.0071174311451613,-0.0009157718741334,-0.0026881480589509,-0.0090744439512491,-0.0022462329361587,-0.0067597841843962,0.0085547296330332,0.0018059104913845,0.0035714253317564,0.0009037712588906,0.0017794001614674,-0.0027039824053645,0.0026642745360732,0.0018059104913845,0.0,-0.0009021406294777,0.0057572703808546,0.0004512738669291,-0.0039629349485039,0.010027315467596,-0.000884193519596,-0.0063405521214008,0.0053096869960427,0.0147058684378862,-0.0052816434763371,0.0092764738947153,0.0,0.002790672937408,0.0048671993426978,0.0084427911788225,-0.0017612950177863,0.0047125536948442,0.0092633226886391,0.0061640189960598,-0.0022321087308228,0.0071633053012192,0.0080537050962448,-0.0094606839120388,-0.0008877255604602,-0.00094520120183,-0.0008885143324732,0.0066602942533791,0.0013339567231014,0.0028626611456274,0.0,0.0023911639582365,0.0053285490721464,0.0062559749931097,-0.0044168937020003,0.0131643321365118,0.001774578820914,0.0009761082474142,0.0035429550334811,0.0039196433499455,0.0026478141080588,0.0108964489772915,-0.004841492511332,0.0100050410255789,-0.001769169117324,0.0152361216023564,-0.0017722201300784,-0.0015212363796308,0.0017753664869815,0.0005073682987131,0.0044306772761046,-0.0125250509008765,0.0035288895014673,0.0024521669838577,0.0065933899022638,0.0044335052371025,0.0,0.0485536456108093,0.0065502016805112,-0.0246851257979869,-0.0047721783630549,-0.0065064644441008,0.0047950609587132,-0.0566572584211826,-0.0013014655560255,-0.0139664448797702,0.0013031614944338,0.0184921473264694,0.0,-0.0334555245935916,0.0,-0.0081818317994475,-0.0030368631705641,-0.0022675392683595,-0.0248041655868291,-0.0085431896150112,-0.0013387186918407,-0.0022432096302509,0.0071493191644549,-0.0026845398824661,-0.0106478109955787,-0.0031221986282616,0.0147982034832239,0.0044803037308156,-0.0044188457541167,-0.0097604794427752,0.0088770017027854,0.0075994664803147,-0.0030796171631664,-0.0106147620826959,-0.0039717629551887,0.0044424869120121,0.0039876010268926,0.0107768196612596,-0.0004413163696881,0.0072365375235676,-0.0013587267603725,-0.0036101047880947,0.0158514657654185,0.0009066390036331,0.0086050958662471,0.0036363601065643,0.018115923826437,0.0119156843967447,0.0181159240519492,-0.0022593413246526,0.0427083781904651,0.0765480115575534,0.0477969566129936,0.0226585863732298,2019-02-27,2019-02-28,2019-03-01,2019-03-04,2019-03-05,2019-03-06,2019-03-07,2019-03-08,2019-03-11,2019-03-12,92999.0,2019-02-26,252.0,0.0000%,0.0006,0.3553,0.0374,-0.0271,0.7805%,0.8696%,19.4364%,0.000608,STWD,92999.0,2019-02-27,252.0,-0.1359%,0.0006,0.3559,0.0356,-0.027,0.7806%,0.8696%,19.4135%,-0.001882,STWD,92999.0,2019-02-28,252.0,1.7234%,0.0007,0.3477,0.0306,-0.0371,0.7865%,0.8718%,18.6112%,0.018162,STWD,92999.0,2019-03-01,252.0,-0.7133%,0.0006,0.3553,0.0418,-0.0204,0.7827%,0.8698%,19.0381%,-0.0099639999999999,STWD,92999.0,2019-03-04,252.0,0.9879%,0.0007,0.3517,0.0437,-0.0172,0.7853%,0.8700%,18.5253%,0.011883,STWD,92999.0,2019-03-05,252.0,-0.0445%,0.0006,0.3489,0.0217,-0.019,0.7811%,0.8644%,18.3414%,0.000157,STWD,92999.0,2019-03-06,252.0,-0.7117%,0.0006,0.3488,0.0328,-0.0175,0.7813%,0.8646%,18.3515%,-0.003996,STWD,92999.0,2019-03-07,252.0,-0.2688%,0.0006,0.3471,0.0232,-0.0225,0.7796%,0.8628%,18.3588%,4.7999999999999994e-05,STWD,92999.0,2019-03-08,252.0,-0.2246%,0.0006,0.3473,0.0249,-0.0223,0.7797%,0.8630%,18.3781%,-0.001622,STWD,92999.0,2019-03-11,252.0,0.8555%,0.0006,0.3485,0.0283,-0.021,0.7797%,0.8641%,18.5880%,0.003084,STWD,92999.0,2019-03-12,252.0,0.3571%,0.0006,0.3501,0.027,-0.0197,0.7797%,0.8639%,18.5401%,0.002673,STWD,-0.001274,0.016888,0.006924,0.018964,0.019151
18851,SUPERNUS PHARMACEUTICALS INC,"Supernus Pharmaceuticals Q4 EPS $0.48 Beats $0.27 Estimate, Sales $115.934M Beat $105.4M Estimate",6,increase,0.8,0.7,"the company reported better-than-expected earnings and sales, which typically boosts investor confidence and can lead to an increase in stock price.",2,2019-02-26,SUPN,2019-02-26 22:59:00+00:00,13410.0,86845910,-0.0088685303926467,838001.0,0.138557493686676,0.01251698192209,-0.0273875091224908,0.0032759739551693,0.0071009038947522,-0.027349941432476,-0.0513007678091526,-0.0112890601158142,0.0125576080754399,-0.0258311592042446,-0.0475828237831592,0.0224894545972347,-0.004251922480762,0.0092373266816139,0.0037363059818744,-0.0091527793556451,0.0353628806769847,0.0205497853457927,-0.0174627713859081,0.0005340576171875,0.0062729138880968,-0.0097831552848219,-0.0197402164340019,-0.0145909683778882,0.0068891975097358,0.0049751885235309,0.0097368136048316,0.0355205386877059,-0.0091216703876852,-0.0214910469949245,0.0005260509788058,-0.0115395337343215,-0.0065720290876924,0.0277628749608993,-0.056364145129919,0.0092491880059242,-0.0386988520622253,0.0168740469962358,-0.0020419980864971,-0.0052283606491982,0.0049693654291331,0.007206161506474,-0.0020360585767775,-0.0248648151755332,0.021276582032442,-0.0164805669337511,0.017979372292757,-0.0113009279593825,0.0227081980556249,0.0239504687488079,0.0131578827276825,-0.0069481115788221,0.0354437604546546,-0.0108380559831857,0.0138489361852407,0.0249255485832691,0.0018041158327832,-0.0214740540832281,-0.0195523109287023,0.0492350608110427,0.0131199155002832,-0.0002780400973279,-0.0106190061196684,0.0161062367260456,-0.0115183880552649,0.0140400528907775,-0.0010592453181743,0.0163075532764196,0.003446374554187,0.0469512492418289,-0.073711946606636,0.0009154342114925,0.0288077089935541,-0.0135460793972015,0.0083171399310231,0.0265760384500026,0.0250206179916858,-0.0064476230181753,-0.0085836835205554,0.0061785839498043,-0.0110930697992444,0.0496108569204807,-0.0073871538043022,-0.0051612854003906,0.0159868206828832,-0.0563165470957756,-0.0035268873907625,-0.0149925043806433,-0.005717372521758,-0.0471429005265235,0.0115004973486065,-0.0228922311216592,0.0227395817637443,0.0016778907738626,0.0148226944729685,0.0044943778775632,-0.0359937697649002,-0.0430108122527599,-0.0351731404662132,0.0059491950087249,0.0235558096319437,-0.0245317947119474,-0.0024657575413584,0.0377772003412246,-0.083218865096569,-0.0989147052168846,0.0,-0.1188871487975121,-0.0011983497533947,-0.0583299696445465,0.0074985004030168,0.0303669869899749,-0.0101220645010471,0.0596647635102272,-0.0045113242231309,-0.0090788276866078,0.0232628546655178,0.0379223525524139,-0.0035429268609732,0.000229846467846,0.138557493686676,0.01251698192209,0.1073752399418519,0.0158339611840334,0.1152386050961071,-0.01194903815947,0.071312284310929,-0.0483375815064197,0.0374185740391492,-0.0064085883127709,0.0333513905258426,0.0350486354511643,-0.0848698841448862,-0.1445977222407144,2019-02-27,2019-02-28,2019-03-01,2019-03-04,2019-03-05,2019-03-06,2019-03-07,2019-03-08,2019-03-11,2019-03-12,13410.0,2019-02-26,252.0,-0.8869%,-0.0004,0.9245,0.0885,-0.5856,2.5012%,2.7641%,18.1182%,-0.008969,SUPN,13410.0,2019-02-27,252.0,13.8557%,0.0003,0.9377,0.1053,-0.583,2.6420%,2.8971%,16.8390%,0.136755,SUPN,13410.0,2019-02-28,252.0,-2.7388%,0.0002,0.9384,0.1048,-0.5764,2.6466%,2.8994%,16.6813%,-0.026059,SUPN,13410.0,2019-03-01,252.0,0.7101%,0.0001,0.956,0.1311,-0.5479,2.6398%,2.8969%,16.9594%,-0.002355,SUPN,13410.0,2019-03-04,252.0,-5.1301%,-0.0001,0.9642,0.1436,-0.5589,2.6539%,2.9152%,17.1216%,-0.043758,SUPN,13410.0,2019-03-05,252.0,1.2558%,-0.0001,0.9592,0.1137,-0.5674,2.6541%,2.9126%,16.9643%,0.01321,SUPN,13410.0,2019-03-06,252.0,-4.7583%,-0.0004,0.9569,0.2068,-0.5573,2.6560%,2.9165%,17.0694%,-0.037956,SUPN,13410.0,2019-03-07,252.0,-0.4252%,-0.0004,0.9545,0.1991,-0.5627,2.6558%,2.9160%,17.0540%,0.001811,SUPN,13410.0,2019-03-08,252.0,0.3736%,-0.0005,0.9557,0.1678,-0.5592,2.6499%,2.9089%,17.0154%,0.00469,SUPN,13410.0,2019-03-11,252.0,3.5363%,-0.0005,0.9643,0.1944,-0.5484,2.6493%,2.9134%,17.3105%,0.017521,SUPN,13410.0,2019-03-12,252.0,-1.7463%,-0.0006,0.96,0.2041,-0.5493,2.6520%,2.9134%,17.1427%,-0.019858,SUPN,0.1277859999999999,0.1017269999999999,0.0993719999999999,0.068824,0.0350319999999999
18859,SOUTHWEST GAS HOLDINGS INC,Southwest Gas Holdings Increases the Quarterly Common Stock Dividend to $0.545 from $0.52,6,increase,0.8,0.6,"increasing the quarterly dividend is generally viewed positively by investors, as it indicates financial health and a commitment to returning value to shareholders.",2,2019-02-26,SWX,2019-02-26 08:50:00+00:00,61188.0,84489510,-0.0164529457688331,248330.0,-0.0015990759711712,-0.0187558662146329,0.0094863167032599,0.0030959097202867,0.0114717446267604,0.0132722752168774,0.0230454113334417,0.0087633104994893,-0.02913080714643,0.0189756471663713,-0.0037657623179256,0.0323943495750427,-0.0001219623954966,0.0002544526942074,0.0063414224423468,0.0130171691998839,0.004605003632605,-0.0107102375477552,0.012062725611031,-0.0008917158702388,-0.0044100447557866,-0.0051958388648927,-0.0088590672239661,0.0172747708857059,0.004348358605057,-0.0052578053437173,0.0022849645465612,0.0025714139919728,-0.0065994174219667,-0.004224834498018,-0.004348358605057,-0.0026812958531081,0.0082494271919131,0.0258022435009479,-0.0016845071222633,-0.000785305397585,0.003374699037522,-0.0007845895015634,0.0032432028092443,-0.0091992625966668,-0.011015304364264,-0.0145556610077619,-0.0001210912378155,0.0028169171418994,-0.0039955712854862,-0.000895480334293,0.0060782884247601,-0.0031879623420536,-0.0136539973318576,-0.0087220631539821,0.0037976871244609,0.0154023477807641,0.0041493326425552,0.0112928701564669,0.0150704653933644,0.0146187357604503,-0.0052681374363601,-0.0173417422920465,-0.0114348167553544,-0.0059180073440074,0.0045050866901874,0.0227632019668817,0.0106666330248117,-0.0108030950650572,0.0023987116292119,0.0336337946355342,0.0051447749137878,-0.0141909774392843,-0.0071419887244701,0.0200216900557279,-0.0110299214720726,-0.0012161054182797,-0.0029094177298247,-0.0325489901006221,-0.0070516942068934,0.0136477909982204,0.008203724399209,0.0002651328395586,0.0017003525281324,0.0064025036990642,0.0008486868464387,0.0118775125592947,-0.0008479672251269,-0.0736434981226921,0.0052133887074887,0.0011265986831858,0.0033771409653127,-0.0027462390717118,-0.0099771823734045,-0.0029869056306779,-0.0026712145190685,-0.0038433570880442,0.0177745204418897,-0.0245495066046714,-0.0075358524918556,-0.0040948614478111,-0.0174762513488531,0.0035049663856625,-0.0051520876586437,0.0203477814793586,-0.0186190158128738,0.0011110658524557,0.0459857247769832,0.0029717416036874,0.0086486637592315,-0.0049285548739135,0.0019649295136332,0.0073228739202022,0.0035889826249331,0.0046135005541145,0.0194301735609769,0.0181541237980127,-0.0149672450497746,0.0251171309500932,0.0017806449905037,-0.0153767885640263,0.001540434313938,0.014692461118102,0.0121865412220358,-0.0772644877433776,-0.0015990759711712,-0.0187558662146329,0.0078720713909936,-0.0157180229628725,0.0194341224104352,-0.0026543616726234,0.0125460840998867,0.0251768148627744,0.0319802999470806,0.0600046463012706,0.0102090297560311,0.0705050965267861,0.0591362711795353,-0.0016752754930055,2019-02-27,2019-02-28,2019-03-01,2019-03-04,2019-03-05,2019-03-06,2019-03-07,2019-03-08,2019-03-11,2019-03-12,61188.0,2019-02-26,252.0,-1.6453%,0.0008,0.3308,0.119,0.1013,1.4140%,1.4530%,5.2968%,-0.015138,SWX,61188.0,2019-02-27,252.0,-0.1599%,0.0008,0.3343,0.1119,0.1018,1.4132%,1.4527%,5.3707%,-0.002101,SWX,61188.0,2019-02-28,252.0,0.9486%,0.0009,0.3289,0.1085,0.0956,1.4140%,1.4522%,5.1909%,0.010655,SWX,61188.0,2019-03-01,252.0,1.1472%,0.001,0.312,0.0833,0.0656,1.4015%,1.4367%,4.8452%,0.009082,SWX,61188.0,2019-03-04,252.0,2.3045%,0.0011,0.3062,0.081,0.0719,1.4088%,1.4422%,4.5750%,0.024655,SWX,61188.0,2019-03-05,252.0,-2.9131%,0.0011,0.3162,0.1395,0.0899,1.4135%,1.4495%,4.8997%,-0.028276,SWX,61188.0,2019-03-06,252.0,-0.3766%,0.0009,0.2901,0.1633,0.0636,1.3786%,1.4118%,4.6456%,0.000523,SWX,61188.0,2019-03-07,252.0,-0.0122%,0.0009,0.2914,0.1726,0.0679,1.3777%,1.4113%,4.7095%,0.0024909999999999,SWX,61188.0,2019-03-08,252.0,0.6341%,0.0009,0.2908,0.1689,0.0672,1.3780%,1.4114%,4.6745%,0.006922,SWX,61188.0,2019-03-11,252.0,0.4605%,0.0009,0.2902,0.1709,0.0686,1.3779%,1.4115%,4.6975%,-7.6e-05,SWX,61188.0,2019-03-12,252.0,1.2063%,0.0009,0.2783,0.1686,0.0541,1.3764%,1.4078%,4.4104%,0.011781,SWX,-0.017239,-0.006584,0.0024979999999999,-0.001123,0.0205179999999999
18867,THERAVANCE BIOPHARMA INC,"Theravance Biopharma Q4 EPS $(0.92) Beats $(1.06) Estimate, Sales $15.737M Miss $23.43M Estimate",6,decrease,0.75,0.6,"while the eps beat expectations, the significant miss in sales suggests underlying issues that could negatively impact investor sentiment.",0,2019-02-26,TBPH,2019-02-26 22:16:00+00:00,14674.0,G8807B10,0.0097760362550616,445391.0,0.0,-0.030410761013627,-0.0209762174636125,0.0,0.0061804540455341,-0.062222234904766,0.0016379610169678,0.0033444873988628,-0.006950048264116,-0.0235848929733037,-0.0625772103667259,0.0230140648782253,-0.0087835201993584,-0.0095588313415646,0.0039876010268926,0.020255098119378,0.0092674754559993,0.0381619744002819,-0.0021863202564418,-0.0107857780531048,0.0517090409994125,0.0046439212746918,-0.0433333702385425,-0.0159939099103212,-0.0004354669945314,-0.0011411444284021,0.0492374338209629,-0.00604914361611,-0.0029069641605019,-0.0247050169855356,0.0079133920371532,0.0410749204456806,0.0119834300130605,0.0345511883497238,-0.0681911036372184,0.0072000119835138,0.0056968042626976,-0.0479817278683185,0.0004356566932983,-0.0488953404128551,-0.0052264346741139,0.0087687158957123,0.0,0.0118300039321184,-0.0074430857785046,0.018065471202135,0.0361711382865905,-0.0235207434743642,0.0068114027380943,0.0152985025197267,-0.0059196362271904,0.0060060005635023,-0.0089324116706848,-0.0081906635314226,0.036051508039236,0.0109145995229482,0.0149130327627062,-0.0213627964258194,-0.0293877273797988,0.00369687192142,0.0033641683403402,-0.0102451769635081,-0.0104777868837118,-0.0291296523064374,-0.0050826277583837,0.0129542527720332,-0.0046828696504235,0.0435599610209465,-0.0171086248010397,0.0373977050185203,-0.0195821952074766,-0.0194805283099412,0.0119839562103152,0.023055886849761,0.0070175374858081,0.0921894907951355,0.0252614039927721,0.0068757990375161,-0.0131691321730613,-0.0328345410525798,0.0120534086599946,0.0683836117386818,0.0157379377633333,-0.0030987027566879,0.0079564712941646,-0.0432020500302314,-0.0091399801895022,-0.0506634563207626,-0.0100628836080431,-0.0127034410834312,0.0652265548706054,-0.0240216553211212,-0.0039761583320796,-0.0227186810225248,0.0015968430088832,-0.0251015238463878,-0.0255081467330455,-0.0359430685639381,-0.0948875844478607,0.0126126259565353,-0.0054224552586674,0.0281585864722728,-0.0054521053098142,0.0078416382893919,-0.0493375957012176,-0.0229842811822891,0.0269102063030004,-0.0175627153366804,-0.011230775155127,-0.0113394651561975,-0.0231897681951522,0.0220933966338634,-0.0009689220460131,0.0161943510174751,-0.0378273837268352,0.0168413463979959,-0.0095766400918364,0.0565440244972705,-0.0229007061570882,-0.0351010374724865,0.0,-0.030410761013627,-0.0209762174636125,-0.030410761013627,-0.0149254059661614,-0.0907407704029705,-0.0201694221532906,-0.109216267784201,-0.0794675747111463,-0.0543143293223571,-0.0407422467596355,-0.0924214456117096,-0.225494153356238,-0.0633346029973922,2019-02-27,2019-02-28,2019-03-01,2019-03-04,2019-03-05,2019-03-06,2019-03-07,2019-03-08,2019-03-11,2019-03-12,14674.0,2019-02-26,252.0,0.9776%,-0.0005,1.0912,1.3316,-0.2661,2.4827%,2.8863%,26.0080%,0.019224,TBPH,14674.0,2019-02-27,252.0,0.0000%,-0.0007,1.0804,1.3499,-0.2679,2.4781%,2.8803%,25.9792%,-0.003932,TBPH,14674.0,2019-02-28,252.0,-2.0976%,-0.0007,1.0796,1.3488,-0.2643,2.4801%,2.8790%,25.7915%,-0.018667,TBPH,14674.0,2019-03-01,252.0,0.6180%,-0.0006,1.0522,1.308,-0.304,2.4654%,2.8541%,25.3834%,-0.006651,TBPH,14674.0,2019-03-04,252.0,0.1638%,-0.0005,1.0543,1.2885,-0.3016,2.4664%,2.8537%,25.2976%,0.013437,TBPH,14674.0,2019-03-05,252.0,-0.6950%,-0.0008,1.0393,1.1709,-0.3118,2.4289%,2.7960%,24.5352%,-0.001977,TBPH,14674.0,2019-03-06,252.0,-6.2577%,-0.0008,1.0732,1.234,-0.2649,2.4311%,2.8177%,25.5601%,-0.0390589999999999,TBPH,14674.0,2019-03-07,252.0,-0.8784%,-0.0008,1.0748,1.243,-0.2603,2.4306%,2.8181%,25.6093%,-8.3e-05,TBPH,14674.0,2019-03-08,252.0,0.3988%,-0.0007,1.074,1.2432,-0.2616,2.4309%,2.8174%,25.5525%,0.005198,TBPH,14674.0,2019-03-11,252.0,0.9267%,-0.0008,1.0677,1.2396,-0.2605,2.4320%,2.8180%,25.5192%,-0.01266,TBPH,14674.0,2019-03-12,252.0,-0.2186%,-0.0007,1.0772,1.2379,-0.2503,2.4310%,2.8180%,25.5801%,-0.001683,TBPH,0.015292,-0.0033749999999999,-0.0100259999999999,0.001434,-0.0468529999999999
18875,TEVA PHARMACEUTICAL INDS LTD,FDA Approved Teva-Branded R&D's Supplemental New Drug Application For Proair HFA Inhalation Aerosol,6,increase,0.8,0.6,"the fda approval of a supplemental new drug application typically indicates a positive development for a pharmaceutical company, which can lead to an increase in stock price due to improved market prospects.",2,2019-02-26,TEVA,2019-02-26 15:29:00+00:00,75652.0,88162420,-0.0374999903142452,12321496.0,0.0035418809857219,0.0202898774296045,-0.0100000044330954,0.0,0.0148544264957308,-0.0086206682026386,-0.0193208381533622,-0.0344062596559524,-0.0011940571712329,0.0022247449960559,-0.0454273335635662,0.0405091904103756,0.0018785054562613,-0.0198524389415979,-0.015625,-0.0779289528727531,0.0019047450041398,0.0159405507147312,-0.0063370992429554,0.0329308658838272,0.035076480358839,-0.0070845265872776,0.0147874169051647,-0.0427751541137695,0.0024287139531224,-0.0395791120827198,0.0078739644959568,0.0147432135418057,0.0162259899079799,-0.0015228774864226,-0.002956785261631,-0.007556655909866,0.0130485948175191,-0.0079959938302636,-0.0439110063016414,0.0131645686924457,-0.0263319239020347,-0.0015167181845754,0.0018868356710299,0.01124750636518,0.0043942052870988,0.0113753518089652,-0.0262500047683715,-0.0061664409004151,0.0064185098744928,0.0378666184842586,0.0025510180275887,-0.003719431348145,-0.0438931621611118,0.0031982657965272,-0.0106453662738204,0.0058981562033295,0.0215198174118995,-0.0095592299476265,0.0032916518393903,0.0194911006838083,-0.0131233474239707,0.0010839322349056,-0.0325797721743583,0.015410054475069,0.0075601139105856,0.0116927064955234,-0.0115961851552128,0.0158370342105627,-0.0075914189219474,0.0005659438902512,0.0132127664983272,0.0172711126506328,0.0082360934466123,0.0533657409250736,-0.0319945067167282,0.0403785109519958,0.009845245629549,0.0278858821839094,0.0236768908798694,-0.017208382487297,0.0142857171595096,0.003196882084012,0.006036227568984,-0.0113779613748192,0.009333356283605,0.0843042880296707,0.0145309977233409,-0.0337748490273952,0.0162760429084301,-0.0497168004512786,-0.0249839462339878,-0.0245549753308296,0.0006569825927726,-0.0423280000686645,-0.021667756140232,-0.0362605899572372,0.0187919922173023,-0.0438786298036575,-0.0191040821373462,-0.0294427629560232,-0.0188046116381883,0.0015798150561749,-0.0006844131276011,0.025931904092431,-0.0089041171595454,0.0037960787303745,-0.0076019768603146,-0.0499742068350315,-0.1483287066221237,-0.0419546104967594,-0.0106295309960842,-0.0141118746250867,-0.0545455180108547,-0.0481704920530319,-0.0017482084222137,0.0023212272208184,0.018388794735074,-0.0164382979273796,-0.0120378630235791,0.0027472283691167,0.0322019048035144,0.0018349044257774,-0.0269814245402813,-0.0027448020409792,0.0035418809857219,0.0202898774296045,-0.0064935422729321,0.0202898774296045,0.0082644263764084,0.0114942969257729,-0.012396751943017,-0.0211345466058764,-0.0743801755017331,-0.0340284816482695,-0.1410862023607086,-0.0313703736324009,-0.3187721617910597,-0.1948764933864134,2019-02-27,2019-02-28,2019-03-01,2019-03-04,2019-03-05,2019-03-06,2019-03-07,2019-03-08,2019-03-11,2019-03-12,75652.0,2019-02-26,252.0,-3.7500%,-0.0003,1.2774,0.8051,0.7793,2.2598%,2.5971%,24.2930%,-0.028116,TEVA,75652.0,2019-02-27,252.0,0.3542%,-0.0002,1.2825,0.7966,0.7801,2.2586%,2.5972%,24.3741%,0.001698,TEVA,75652.0,2019-02-28,252.0,-1.0000%,-0.0002,1.2761,0.7921,0.7764,2.2572%,2.5907%,24.0925%,-0.004333,TEVA,75652.0,2019-03-01,252.0,1.4854%,-0.0001,1.2689,0.7814,0.7623,2.2558%,2.5836%,23.7668%,0.0063849999999999,TEVA,75652.0,2019-03-04,252.0,-1.9321%,-0.0002,1.2778,0.7633,0.7574,2.2550%,2.5859%,23.9595%,-0.01266,TEVA,75652.0,2019-03-05,252.0,-0.1194%,-0.0002,1.2766,0.7575,0.7546,2.2552%,2.5841%,23.8345%,0.005072,TEVA,75652.0,2019-03-06,252.0,-4.5427%,-0.0003,1.2887,0.8081,0.7752,2.2606%,2.5991%,24.3509%,-0.025551,TEVA,75652.0,2019-03-07,252.0,0.1879%,-0.0002,1.286,0.826,0.7767,2.2597%,2.5987%,24.3897%,0.01548,TEVA,75652.0,2019-03-08,252.0,-1.5625%,-0.0002,1.287,0.8361,0.7777,2.2602%,2.6003%,24.4496%,-0.0119779999999999,TEVA,75652.0,2019-03-11,252.0,0.1905%,-0.0003,1.2785,0.8334,0.7806,2.2622%,2.6002%,24.3102%,-0.016327,TEVA,75652.0,2019-03-12,252.0,-0.6337%,-0.0002,1.2938,0.8331,0.7979,2.2595%,2.6004%,24.5008%,-0.006665,TEVA,-0.0264179999999999,-0.0307509999999999,-0.024366,-0.0319539999999999,-0.076995
18883,TEREX CORP NEW,"Credit Suisse Maintains Outperform on Terex, Raises Price Target to $39",6,increase,0.8,0.6,the maintenance of an 'outperform' rating and an increase in the price target typically signals positive sentiment and potential for stock price appreciation.,2,2019-02-26,TEX,2019-02-26 13:35:00+00:00,58318.0,88077910,-0.016142550855875,1603444.0,-0.0246110036969184,0.0181354321539402,-0.0258120484650135,-0.0078717675060033,0.0178624130785465,0.0067930328659713,-0.0157940071076154,-0.0075841755606234,0.0089152818545699,0.0807528793811798,0.0011782301589846,0.0322782434523105,0.0023535569198429,-0.0086983162909746,-0.0106007251888513,0.0196388643234968,0.0133928805589675,0.0177304707467556,-0.0111600905656814,0.0055105374194681,-0.0074250078760087,-0.0077195167541503,-0.0173548180609941,-0.0111323278397321,-0.0021315375342965,-0.0041178069077432,0.0155629636719822,0.0022222124971449,-0.0051081180572509,0.0233917906880378,-0.0154032660648226,0.0022794401738792,0.0052147852256894,0.0165508110076189,-0.0317363701760768,0.0261548422276973,0.0034667700529098,0.010641997680068,-0.0031407154165208,-0.0286762453615665,0.0028355435933917,0.0327134579420089,0.0043983473442494,0.025785993784666,0.0050047468394041,-0.0461590588092804,0.0220976993441581,-0.0366763770580291,-0.0048721022903919,0.0363269411027431,0.004590009804815,0.0067727346904575,0.0167529452592134,0.0123414676636457,-0.0008988194167613,-0.0161888543516397,0.0005997138796374,-0.0016835401766002,-0.0269702654331922,0.0,0.0104712089523673,0.0209694262593984,0.0097531145438551,0.0111226867884397,0.0060368473641574,0.0223880987614393,-0.0156015725806355,0.0007111859740689,0.0240779351443052,0.0461310148239135,0.0083334110677242,-0.0204082131385803,-0.0014757743338122,-0.0047152396291494,0.0056162760592997,0.0121145350858569,-0.0091123273596167,-0.013043500483036,0.0017799281049519,0.0029069739393889,-0.0426413565874099,0.0745802372694015,0.0160840284079313,-0.0375798568129539,0.0103500811383128,-0.0015009008347988,0.004218234680593,-0.0003751023614313,-0.0360036194324493,-0.0481970869004726,-0.0105820149183273,0.0007145572453737,0.0245359782129526,-0.0081502320244908,0.0033773598261177,-0.0056377677246928,-0.0119338855147361,-0.0073452601209282,-0.0201301183551549,0.0177999287843704,-0.0183312240988016,-0.0017768030520528,-0.0180296041071414,-0.0074074422009289,-0.0459016263484954,-0.042876448482275,0.0185566674917936,-0.0093645080924034,0.002699052914977,-0.0722928941249847,-0.0023553061764687,-0.0251059215515852,-0.040472138673067,0.0222634878009557,-0.0098418518900871,-0.0097979083657264,0.0191692933440208,0.0467948429286479,-0.0006965709035284,-0.0292470026761293,-0.0246110036969184,0.0181354321539402,-0.0497877917417345,0.0101209067424001,-0.0328147087655474,0.016982691260506,-0.039603898103382,0.0907711516261171,-0.0444395970810225,0.1646677383413155,-0.0784957167055293,0.2097642866317317,-0.1857727930509105,0.1179216240055454,2019-02-27,2019-02-28,2019-03-01,2019-03-04,2019-03-05,2019-03-06,2019-03-07,2019-03-08,2019-03-11,2019-03-12,58318.0,2019-02-26,252.0,-1.6143%,-0.0005,1.5902,0.4963,0.5941,2.0114%,2.5592%,38.2265%,-0.0086439999999999,TEX,58318.0,2019-02-27,252.0,-2.4611%,-0.0005,1.608,0.457,0.597,2.0008%,2.5582%,38.8301%,-0.026372,TEX,58318.0,2019-02-28,252.0,-2.5812%,-0.0006,1.6275,0.4697,0.6156,1.9959%,2.5627%,39.3409%,-0.0195259999999999,TEX,58318.0,2019-03-01,252.0,1.7862%,-0.0006,1.624,0.4644,0.6065,1.9958%,2.5580%,39.1292%,0.007154,TEX,58318.0,2019-03-04,252.0,-1.5794%,-0.0005,1.6152,0.5003,0.6073,1.9920%,2.5501%,38.9806%,-0.007947,TEX,58318.0,2019-03-05,252.0,0.8915%,-0.0003,1.6211,0.5564,0.606,1.9801%,2.5465%,39.5408%,0.014579,TEX,58318.0,2019-03-06,252.0,0.1178%,-0.0002,1.6158,0.5085,0.5934,1.9842%,2.5458%,39.2528%,0.021474,TEX,58318.0,2019-03-07,252.0,0.2354%,-0.0002,1.6035,0.4839,0.5701,1.9848%,2.5405%,38.9611%,0.017827,TEX,58318.0,2019-03-08,252.0,-1.0601%,-0.0001,1.6021,0.5205,0.566,1.9741%,2.5339%,39.3025%,-0.006436,TEX,58318.0,2019-03-11,252.0,1.3393%,-0.0002,1.5967,0.5331,0.576,1.9717%,2.5323%,39.3780%,-0.0095,TEX,58318.0,2019-03-12,252.0,-1.1160%,-0.0003,1.5935,0.5396,0.5752,1.9733%,2.5262%,38.9804%,-0.013288,TEX,-0.035016,-0.0545419999999999,-0.0473879999999999,-0.0407559999999999,-0.0306789999999999
18891,TELEFLEX INC,"Morgan Stanley Maintains Overweight on Teleflex, Raises Price Target to $315",6,increase,0.8,0.6,morgan stanley's decision to maintain an 'overweight' rating and raise the price target typically signals positive sentiment and potential for stock price appreciation.,2,2019-02-26,TFX,2019-02-26 13:31:00+00:00,44329.0,87936910,-0.0061002550646662,166694.0,0.0070393187925219,0.0165720004588365,-0.0007920089410617,0.037023589015007,0.016112383455038,-0.0392697565257549,-0.0064514763653278,0.0158865638077259,0.0033149970695376,-0.0136066824197769,-0.0219360049813985,0.0155229670926928,0.0014277813024818,-0.0002130746579496,-0.0022951597347855,0.0132421469315886,0.0173933915793895,0.0083820084109902,0.0156228505074977,0.0052892011590301,0.0033733639866113,0.0119974892586469,0.0047740144655108,-0.0060905274003744,0.0135180642828345,-0.0031455173157155,-0.0059755616821348,0.0044821677729487,0.0010960745858028,0.0018034236272796,0.0012606142554432,-0.0065813083201646,0.0104705225676298,0.0031542887445539,-0.0107226818799972,0.0178072191774845,-0.0069608078338205,3.736939470400102e-05,0.0148536739870905,-0.0036082330625504,-0.0140113458037376,0.0106390472501516,0.0011007625143975,0.0207998063415288,0.0068308901973068,0.0118432333692908,0.0003309706808067,-0.0015121535398066,0.0015549566596746,0.0126423891633749,-0.0013213900383561,0.0243725776672363,-0.0004299089487176,-0.0291671007871627,0.0002646809152793,0.0246858559548854,0.003539788769558,-0.0236337464302778,3.289681262685917e-05,-0.0252455621957778,0.0049117249436676,0.0115553503856062,0.0012792656198143,0.0268153734505176,-0.000360324193025,0.0106323594227433,-0.0078327748924493,-0.0038225958123803,-0.0287705343216657,0.0200649984180927,-0.0553684942424297,-0.0244869161397218,-0.0025202960241585,-0.0235995277762413,-0.0090596619993448,0.0156385507434606,0.0204341262578964,0.0222936458885669,-0.0045332466252148,0.0411525927484035,0.0087133990600705,0.0416921116411685,0.0025950409471988,-0.0362346433103084,-0.0051766484975814,-0.0020949428435415,0.0199586804956197,-0.0263930857181549,-0.019463300704956,-0.0032122689299285,0.0620790943503379,0.000732421875,0.0078179594129323,-0.0067897695116698,-0.00452785147354,-0.0350972972810268,-0.0156187741085887,-0.0080844666808843,0.0068291029892861,0.0124142663553357,0.0168725121766328,-0.007077058777213,0.0049445484764873,0.0020651447121053,-0.0289270542562007,-0.0425665862858295,0.0128540899604558,0.0070253028534352,-0.0064199646003544,-0.0342851355671882,0.019993245601654,0.0007624407880939,-0.0182747151702642,0.0144009562209248,-0.0144256381317973,0.01582614146173,0.0125115476548671,0.0342052169144153,0.008023546077311,0.0015889767091721,0.0070393187925219,0.0165720004588365,0.0062417346480374,0.0542091444079879,0.0224546873251492,0.0128106079798617,0.019225912512242,0.0149007634210973,0.0291550716446793,0.0584007386164586,0.0531792767119219,0.1048282697637053,0.0348843477308671,0.1244816401137487,2019-02-27,2019-02-28,2019-03-01,2019-03-04,2019-03-05,2019-03-06,2019-03-07,2019-03-08,2019-03-11,2019-03-12,44329.0,2019-02-26,252.0,-0.6100%,0.0003,0.8466,0.0114,-0.4287,1.3198%,1.6737%,37.8146%,-0.006277,TFX,44329.0,2019-02-27,252.0,0.7039%,0.0003,0.8495,0.0078,-0.4282,1.3197%,1.6740%,37.8554%,0.005641,TFX,44329.0,2019-02-28,252.0,-0.0792%,0.0003,0.8497,0.008,-0.4281,1.3197%,1.6727%,37.7586%,0.000669,TFX,44329.0,2019-03-01,252.0,1.6112%,0.0004,0.8467,0.0036,-0.4364,1.3197%,1.6725%,37.7340%,0.008169,TFX,44329.0,2019-03-04,252.0,-0.6451%,0.0004,0.8384,0.0318,-0.4344,1.3148%,1.6637%,37.5377%,-0.000423,TFX,44329.0,2019-03-05,252.0,0.3315%,0.0004,0.8371,0.024,-0.4365,1.3148%,1.6622%,37.4293%,0.0037059999999999,TFX,44329.0,2019-03-06,252.0,-2.1936%,0.0003,0.837,0.0601,-0.4317,1.3160%,1.6640%,37.4535%,-0.014518,TFX,44329.0,2019-03-07,252.0,0.1428%,0.0003,0.8311,0.0437,-0.4442,1.3144%,1.6614%,37.4106%,0.0068189999999999,TFX,44329.0,2019-03-08,252.0,-0.2295%,0.0003,0.832,0.0326,-0.4422,1.3129%,1.6597%,37.4205%,-0.001334,TFX,44329.0,2019-03-11,252.0,1.7393%,0.0002,0.8328,0.0426,-0.4368,1.3115%,1.6607%,37.6294%,0.00249,TFX,44329.0,2019-03-12,252.0,1.5623%,0.0002,0.8195,0.0396,-0.4534,1.3097%,1.6530%,37.2222%,0.013221,TFX,-0.000636,3.299999999999972e-05,0.008202,0.0114849999999999,0.018163
18899,T G THERAPEUTICS INC,"TG Therapeutics Reports Initiation Of Phase I First-In-Human Trial Of TG-1801 In Patients With Relapsed, Refractory B-Cell Lymphoma",6,increase,0.75,0.6,"the initiation of a phase i first-in-human trial for a new treatment can generate positive investor sentiment and interest, potentially leading to an increase in stock price.",2,2019-02-26,TGTX,2019-02-26 12:57:00+00:00,82670.0,88322Q10,0.0,1040281.0,0.0463709719479084,0.0398322977125644,0.3102119565010071,0.0258064270019531,0.0602940917015075,-0.0312500186264514,-0.0527045913040638,0.0,-0.0468520782887935,0.0084033524617552,-0.0399385914206504,0.0127660473808646,-0.027200011536479,0.0217391103506088,0.0493421368300914,0.0154524706304073,0.0595611445605754,0.0022124401293694,0.0147928847000002,0.0710900947451591,-0.0087463473901152,0.0343136936426162,0.0220587663352489,-0.0144927399232983,-0.0071942037902772,0.0247524511069059,0.0739130079746246,0.0049751196056604,0.0013495585881173,0.0,0.0040430906228721,-0.0195121765136718,-0.0080536836758255,-0.0531177893280983,-0.0757780745625495,0.0383692681789398,0.0307467114180326,0.0195598825812339,0.0426136627793312,-0.0767493620514869,-0.016348822042346,0.0572791807353496,0.0332410335540771,0.0194647014141082,0.0777479782700538,-0.0573394484817981,0.0062189293093979,-0.0353981964290142,0.0222497284412384,0.0226244125515222,0.0060458565130829,-0.0432900041341781,0.0192307513207197,0.0,-0.0011791598517447,0.0087336162105202,-0.0106257554143667,-0.051759835332632,-0.0453460738062858,-0.0182927139103412,0.0512499809265136,0.0,-0.036860816180706,0.0228690505027771,-0.0012345961295068,-0.0061983903869986,-0.0222497284412384,0.0498915426433086,0.0113780219107866,0.0950118973851203,0.0175000429153442,-0.023201834410429,-0.0380835868418216,0.0512195229530334,0.0153256561607122,0.0301507245749235,0.0251572094857692,0.0585106462240219,-0.0147239128127694,-0.0052910004742443,0.0074720326811075,0.0988371819257736,-0.0111248642206192,-0.0086455252021551,-0.0074999928474426,-0.0721925050020217,0.0012594145955517,-0.0335916988551616,-0.0201257672160863,-0.0829383730888366,0.0064185098744928,-0.0516854003071785,0.0382653288543224,-0.0631579384207725,0.0380834713578224,-0.050000000745058,-0.0568047389388084,-0.01960782520473,0.0263488739728927,0.0119047509506344,-0.0085575357079505,-0.0156249850988388,-0.0678174793720245,0.0239999778568744,-0.0939153507351875,-0.0079365000128746,-0.00437952298671,0.0079999919980764,0.0293254852294921,-0.0439770594239234,0.011396000161767,0.0376984253525733,-0.0253520887345075,0.0079999919980764,-0.0245664846152067,-0.0157480165362358,0.0370370373129844,0.0325202941894531,-0.0142857003957033,-0.0276679582893848,0.0463709719479084,0.0398322977125644,0.3709677583817294,0.0666666539977569,0.4536290141254078,0.0333333011921124,0.3125000253264174,0.0420167651324989,0.383064517975221,0.1753555173615784,0.6129031961556699,0.0081300747074417,0.391129024558978,-0.0197628305994228,2019-02-27,2019-02-28,2019-03-01,2019-03-04,2019-03-05,2019-03-06,2019-03-07,2019-03-08,2019-03-11,2019-03-12,82670.0,2019-02-26,252.0,0.0000%,-0.0037,1.4437,1.543,-0.7602,4.0455%,4.5314%,20.2952%,0.00974,TGTX,82670.0,2019-02-27,252.0,4.6371%,-0.0035,1.4438,1.5559,-0.7601,4.0554%,4.5416%,20.2665%,0.041128,TGTX,82670.0,2019-02-28,252.0,31.0212%,-0.0025,1.3962,1.5338,-0.8684,4.5128%,4.9508%,16.9101%,0.312376,TGTX,82670.0,2019-03-01,252.0,6.0294%,-0.0023,1.4082,1.5516,-0.8706,4.5215%,4.9650%,17.0686%,0.04223,TGTX,82670.0,2019-03-04,252.0,-5.2705%,-0.0026,1.4273,1.5184,-0.8824,4.5218%,4.9720%,17.2879%,-0.03587,TGTX,82670.0,2019-03-05,252.0,-4.6852%,-0.0028,1.4314,1.525,-0.8649,4.5281%,4.9731%,17.0969%,-0.041926,TGTX,82670.0,2019-03-06,252.0,-3.9939%,-0.0028,1.4281,1.5415,-0.8664,4.5277%,4.9777%,17.2626%,-0.008444,TGTX,82670.0,2019-03-07,252.0,-2.7200%,-0.0028,1.4409,1.576,-0.8396,4.5259%,4.9797%,17.3980%,-0.017359,TGTX,82670.0,2019-03-08,252.0,4.9342%,-0.0026,1.4339,1.574,-0.8508,4.5381%,4.9889%,17.2551%,0.0502069999999999,TGTX,82670.0,2019-03-11,252.0,5.9561%,-0.0028,1.4468,1.6622,-0.807,4.5135%,4.9780%,17.7904%,0.028016,TGTX,82670.0,2019-03-12,252.0,1.4793%,-0.0026,1.4564,1.6521,-0.8002,4.5145%,4.9789%,17.7831%,0.015094,TGTX,0.050868,0.363244,0.405474,0.3276779999999999,0.3951919999999999
18907,TENET HEALTHCARE CORP,Tenet Healthcare shares are trading higher after the company reported better than expected Q4 EPS and revenue results. The company also said it expects 2019 EPS of $2.08 to $2.59 versus the $1.94 analyst estimate.,6,increase,0.8,0.7,"the better than expected q4 eps and revenue results, along with a positive eps outlook for 2019, are likely to boost investor confidence and drive the stock price higher.",2,2019-02-26,THC,2019-02-26 13:17:00+00:00,52337.0,88033G40,0.1123039349913597,8474052.0,0.0489977598190307,0.0024834217038005,0.0113234147429466,0.0062473807483911,0.0283414795994758,0.0046025360934436,0.0204151198267936,-0.0156507845968008,-0.037679199129343,-0.0077645536512136,-0.0388080663979053,0.026426138356328,-0.0010814955458045,0.0118845794349908,-0.019487515091896,0.0064075021073222,0.0290761496871709,0.0213786978274583,0.0540057308971881,0.0079155806452035,0.00984054710716,-0.0134490011259913,0.0141129055991768,0.0030461137648671,-0.0324718207120895,0.0070113870315253,0.0143835637718439,0.0224014334380626,0.0060769207775592,0.0099547198042273,-0.0060402150265872,0.0050023016519844,0.0317352674901485,-0.0018157473532482,-0.0467932038009166,0.0184929054230451,-0.0034328347537666,0.030981870368123,-0.0182569995522499,-0.0485260635614395,-0.0126316007226705,0.0161289609968662,0.0156361237168312,0.0432693064212799,0.0090972790494561,0.0126581452786922,0.0319001413881778,-0.0659390091896057,0.0043682511895895,-0.0161074101924896,0.0050184521824121,-0.0017864676192402,0.022303532809019,0.0186533145606517,0.0156301353126764,0.046666644513607,-0.0173132698982954,-0.0318119190633297,-0.0055464953184127,0.0078996317461133,0.0082021001726388,0.02476192638278,-0.0367718562483787,0.0339734405279159,-0.0199324376881122,0.0791710838675499,-0.0058600506745278,0.0420819632709026,-0.1126907095313072,0.0255535971373319,-0.1031652763485909,-0.0090039307251572,0.0200435332953929,0.0367561914026737,-0.0098248412832617,-0.0092485463246703,0.0500431321561336,-0.0176037121564149,0.0045193349942564,-0.0232945121824741,-0.0044990023598074,0.0700296908617019,-0.0036976232659071,-0.039338681846857,-0.0189690347760915,-0.0462206900119781,-0.0794451981782913,-0.04517138376832,-0.0269406475126743,-0.0360360033810138,-0.0065696570090949,0.0090909246355295,0.010864408686757,-0.0677966326475143,0.0626168325543403,-0.0938566848635673,-0.0448549017310142,0.0073055466637015,-0.0285450723022222,-0.0025717730168253,-0.0066351322457194,-0.002991440007463,-0.0176526214927434,0.0034305285662412,-0.0077707548625767,-0.028738047927618,0.0014683690387755,-0.0322450324892997,0.0210166331380605,-0.0783804059028625,-0.0100526129826903,0.0326045416295528,0.0077369362115859,0.0,0.0292706619948148,0.0171674042940139,0.0662004649639129,0.0683617889881134,-0.0004372640396468,0.0462276265025138,0.0489977598190307,0.0024834217038005,0.0608759965178835,0.0087463173331341,0.0909427919307688,0.0133891086677881,0.0712694881887927,-0.0102165916691863,0.0939123475163958,0.0650835326384919,0.1314030737559244,0.1254646303642734,-0.1514476666986021,0.056258145296304,2019-02-27,2019-02-28,2019-03-01,2019-03-04,2019-03-05,2019-03-06,2019-03-07,2019-03-08,2019-03-11,2019-03-12,52337.0,2019-02-26,252.0,11.2304%,0.0014,1.2251,1.4197,-0.1452,2.9802%,3.3721%,21.8913%,0.124069,THC,52337.0,2019-02-27,252.0,4.8998%,0.0017,1.2346,1.4157,-0.1435,2.9903%,3.3841%,21.9189%,0.044924,THC,52337.0,2019-02-28,252.0,1.1323%,0.0013,1.2889,1.4534,-0.107,2.9155%,3.3396%,23.7849%,0.014409,THC,52337.0,2019-03-01,252.0,2.8341%,0.0013,1.2981,1.4671,-0.0989,2.9159%,3.3432%,23.9273%,0.014329,THC,52337.0,2019-03-04,252.0,2.0415%,0.0014,1.3042,1.418,-0.0939,2.9197%,3.3428%,23.7141%,0.033329,THC,52337.0,2019-03-05,252.0,-3.7679%,0.0012,1.3064,1.4136,-0.0802,2.9256%,3.3426%,23.3954%,-0.031382,THC,52337.0,2019-03-06,252.0,-3.8808%,0.0013,1.3302,1.4204,-0.0524,2.9176%,3.3476%,24.0441%,-0.010081,THC,52337.0,2019-03-07,252.0,-0.1081%,0.0012,1.315,1.3635,-0.0887,2.9043%,3.3269%,23.7934%,0.010558,THC,52337.0,2019-03-08,252.0,-1.9488%,0.001,1.3193,1.3343,-0.0803,2.9019%,3.3210%,23.6449%,-0.017517,THC,52337.0,2019-03-11,252.0,2.9076%,0.0009,1.3205,1.3485,-0.0727,2.9007%,3.3247%,23.8823%,0.004107,THC,52337.0,2019-03-12,252.0,5.4006%,0.0012,1.3299,1.3225,-0.0727,2.9198%,3.3403%,23.5924%,0.054332,THC,0.168993,0.183402,0.197731,0.199678,0.241077
18915,T J X COMPANIES INC NEW,TJX Companies Q4 Earnings Preview,6,uncertain,0.5,0.5,the impact on tjx companies' stock price is uncertain as it depends on the actual earnings results compared to market expectations.,1,2019-02-26,TJX,2019-02-26 18:27:00+00:00,40539.0,87254010,0.0064777266234159,11408742.0,0.0370072424411773,-0.0188678652048111,-0.005236626137048,0.004388537723571,0.0142327845096588,-0.0075232083909213,-0.01172627042979,0.000594270590227,0.004862867295742,0.0049771051853895,0.0052264896221458,0.0147474659606814,-0.0034662103280425,-0.0078171854838728,-0.0199033580720424,0.0067336559295654,0.0193217564374208,0.0132383210584521,0.0046421247534453,0.003269306384027,0.0103966295719146,0.0086561860516667,-0.0072408742271363,-0.0049220235086977,-0.0063339350745081,-0.0093458527699112,0.0112033616751432,0.0046948259696364,-0.0024832331109791,0.0018404938746243,0.0061279144138097,-0.0166900865733623,-0.0009516413556411,0.0169733744114637,-0.0028577160555869,0.0032827213872224,0.0085976449772715,-0.0044934111647307,0.0009471346274949,0.001841623801738,0.0041635357774794,0.0039030120242387,0.0,0.0008223872282542,0.0028269451577216,-0.0020517497323453,0.0,-0.0085434941574931,-0.0024430982302874,0.024166664108634,0.0016954848542809,0.0098885176703333,0.0203122403472662,0.0044378503225743,-0.0025806338526308,0.01154341455549,0.0040658144280314,-0.0143278613686561,-0.0093871178105473,0.0078572714701294,0.0115198614075779,-0.003807918401435,-0.0101028513163328,-0.0008455065544694,0.0014845394762232,0.0148005671799182,0.0050027878023684,0.0268721878528595,0.0046091442927718,0.0273818261921405,0.0104606291279196,-0.0105239860713481,0.0010896759340539,-0.001788149937056,-0.012880970723927,0.0212280359119176,0.0143355773761868,-0.000684278726112,0.0041674133390188,0.0,-0.0061349035240709,0.053086694329977,-0.0003631165018305,-0.0071547636762261,-0.0050854082219302,-0.0117841148748993,0.0018255255417898,-0.0277268346399068,-0.0171283241361379,-0.0097572114318609,0.0094549898058176,-0.0060893204063177,-0.0077135348692536,-0.0194604396820068,0.0029613149818032,-0.0128792868927121,-0.01420927233994,-0.006290609948337,0.0110445562750101,0.0080909458920359,-0.0031475315336138,-0.0103873526677489,0.0074294488877058,0.0203134939074516,-0.0324484147131443,-0.0251829139888286,0.0019055313896387,-0.0150519208982586,-0.0001902182120829,-0.0252118464559316,0.0066870171576738,-0.0094165625050663,0.0066426703706383,0.0286375395953655,-0.0013197528896853,-0.0075234440155327,0.0054747420363128,0.050493948161602,-0.0289147049188613,-0.0123590566217899,0.0370072424411773,-0.018867865204811,0.0315768232111017,-0.0145621298194545,0.0462590338410238,-0.0219757842731285,0.0390184751695348,-0.0165239511012403,0.0446499861478586,0.0133446611931014,0.0824617524566009,0.0531553670153941,0.0447963694497746,0.0753054550080978,2019-02-27,2019-02-28,2019-03-01,2019-03-04,2019-03-05,2019-03-06,2019-03-07,2019-03-08,2019-03-11,2019-03-12,40539.0,2019-02-26,252.0,0.6478%,0.0009,0.69,0.2766,-0.0317,1.1264%,1.3585%,31.2506%,0.009212,TJX,40539.0,2019-02-27,252.0,3.7007%,0.001,0.689,0.2887,-0.0318,1.1472%,1.3756%,30.4491%,0.035723,TJX,40539.0,2019-02-28,252.0,-0.5237%,0.0011,0.6837,0.2849,-0.0346,1.1453%,1.3700%,30.1150%,-0.003338,TJX,40539.0,2019-03-01,252.0,1.4233%,0.0008,0.7323,0.3572,0.0373,1.0360%,1.3030%,36.7808%,0.008255,TJX,40539.0,2019-03-04,252.0,-1.1726%,0.0007,0.7361,0.3512,0.0347,1.0363%,1.3055%,36.9827%,-0.006725,TJX,40539.0,2019-03-05,252.0,0.4863%,0.0008,0.7351,0.3473,0.0316,1.0371%,1.3045%,36.7933%,0.007196,TJX,40539.0,2019-03-06,252.0,0.5226%,0.0008,0.7318,0.3142,0.0233,1.0407%,1.3048%,36.3801%,0.015674,TJX,40539.0,2019-03-07,252.0,-0.3466%,0.0008,0.7306,0.3125,0.0214,1.0407%,1.3046%,36.3548%,0.002741,TJX,40539.0,2019-03-08,252.0,-1.9903%,0.0009,0.7316,0.3393,0.0215,1.0364%,1.3040%,36.8329%,-0.018506,TJX,40539.0,2019-03-11,252.0,1.9322%,0.0009,0.7349,0.3407,0.0206,1.0371%,1.3091%,37.2380%,0.007221,TJX,40539.0,2019-03-12,252.0,0.4642%,0.001,0.7459,0.3371,0.0317,1.0341%,1.3093%,37.6114%,0.003685,TJX,0.0449349999999999,0.0415969999999999,0.0498519999999999,0.0503229999999999,0.0611379999999999
18923,THERMO FISHER SCIENTIFIC INC,Thermo Fisher Scientific Raises Qtr. Dividend From $0.17 To $0.19/Share,6,increase,0.8,0.6,"raising the quarterly dividend typically signals financial strength and can attract investors, likely leading to an increase in stock price.",2,2019-02-26,TMO,2019-02-26 21:35:00+00:00,62092.0,88355610,0.0005909595056436,1198324.0,0.0202764235436916,0.006901984103024,0.0016593063483014,0.002585043432191,0.017297800630331,-0.0030529072973877,-0.0174580980092287,0.005541599355638,-0.0192330125719308,-0.0065745320171117,-0.0126542523503303,0.025798350572586,-0.0017115424852818,-0.00505275093019,-0.0038275646511465,-0.0037852954119443,0.0178907383233308,0.0153738986700773,0.0023591963108628,0.0043530566617846,0.0154950451105833,0.0024700129870325,0.0106230834499001,-0.0175530686974525,0.0063497060909867,0.0050404681824147,0.0016724407905712,0.0099347187206149,0.0092209335416555,0.0006572881829924,-0.0012407376198098,-0.0091179450973868,0.0204042568802833,0.0024891889188438,-0.0267109032720327,0.0344449281692504,0.0189150907099247,-0.0041197701357305,0.0098214838653802,-0.0125362770631909,-0.0095416903495788,0.0013300859136506,0.0053932736627757,-0.0036445159930735,0.0126526588574051,0.003157498082146,0.0090238247066736,0.0001661816932028,-0.0049965777434408,0.0104547403752803,0.0070958561263978,0.0150875560939312,-0.0061787175945937,-0.0035673177335411,0.0052354210056364,0.0018295096233487,0.0069804452359676,-0.0206666942685842,-0.0022269433829933,0.0047726677730679,0.0037797635886818,0.0104488395154476,0.0059530343860387,0.0278720054775476,0.0004990343586541,0.0232702810317277,-0.0110101420432329,0.0134830698370933,-0.0386583469808101,0.0451995879411697,-0.0349285192787647,-0.0330416560173034,0.0088151488453149,-0.0195272136479616,-0.0026561031118035,0.0060238093137741,0.0186422374099493,0.0061513441614806,-0.0089421635493636,0.014313873834908,0.030547447502613,0.0455701053142547,0.0136153353378176,-0.0339218340814113,-0.0025620826054364,-0.0176181849092245,0.0180905014276504,-0.0380977280437946,-0.0034601618535816,-0.0084238052368164,0.0047741597518324,0.0062481230124831,0.0029877149499952,-0.0227166283875703,0.0011483519338071,-0.0296455845236778,-0.0260251630097627,0.0010361835593357,-0.0043798396363854,0.0158737022429704,-0.0055820844136178,0.0017715462017804,0.0006691177259199,0.005172565113753,-0.0300914123654365,-0.0255329404026269,0.0241689458489418,-0.0075854118913412,-0.0162683948874473,-0.0321057103574276,0.0151307042688131,0.009737498126924,-0.0198111683130264,0.0039425338618457,0.0045084347948431,0.0047292378731071,0.0093187084421515,0.0223562475293874,0.023741403594613,0.0074940798804163,0.0202764235436916,0.006901984103024,0.0219693746903,0.0095048694638897,0.0396471971839968,0.006422944681155,0.0018504711367162,0.005346710118091,0.0036615319276096,0.0424212637690739,0.0945386786449309,0.0627145420193862,0.0703469973255592,0.0575971381272633,2019-02-27,2019-02-28,2019-03-01,2019-03-04,2019-03-05,2019-03-06,2019-03-07,2019-03-08,2019-03-11,2019-03-12,62092.0,2019-02-26,252.0,0.0591%,0.0005,1.0269,-0.2165,-0.2385,0.8364%,1.4171%,65.1591%,-3.3e-05,TMO,62092.0,2019-02-27,252.0,2.0276%,0.0006,1.0283,-0.2135,-0.2382,0.8447%,1.4209%,64.6587%,0.019377,TMO,62092.0,2019-02-28,252.0,0.1659%,0.0007,1.0254,-0.2154,-0.2411,0.8446%,1.4169%,64.4704%,0.004194,TMO,62092.0,2019-03-01,252.0,1.7298%,0.0007,1.0267,-0.2135,-0.2432,0.8464%,1.4190%,64.4217%,0.009485,TMO,62092.0,2019-03-04,252.0,-1.7458%,0.0007,1.027,-0.2031,-0.2459,0.8501%,1.4197%,64.1470%,-0.012115,TMO,62092.0,2019-03-05,252.0,-1.9233%,0.0006,1.0304,-0.1894,-0.2364,0.8588%,1.4250%,63.6815%,-0.0187969999999999,TMO,62092.0,2019-03-06,252.0,-1.2654%,0.0006,1.0388,-0.1798,-0.2256,0.8575%,1.4276%,63.9249%,-0.006381,TMO,62092.0,2019-03-07,252.0,-0.1712%,0.0006,1.0331,-0.1975,-0.2382,0.8539%,1.4244%,64.0629%,0.005846,TMO,62092.0,2019-03-08,252.0,-0.3828%,0.0005,1.034,-0.2076,-0.2362,0.8521%,1.4236%,64.1736%,-0.001951,TMO,62092.0,2019-03-11,252.0,1.7891%,0.0006,1.035,-0.2148,-0.2408,0.8504%,1.4275%,64.5078%,0.001913,TMO,62092.0,2019-03-12,252.0,0.2359%,0.0005,1.0253,-0.212,-0.2507,0.8475%,1.4162%,64.1862%,-0.001113,TMO,0.019344,0.023538,0.033023,0.0021109999999999,0.0004249999999999
18931,TANDEM DIABETES CARE INC,"Tandem Diabetes Reports Pres, CEO Kim Blickenstaff To Transition To Role As Exec Chair; COO John Sheridan Named Replacement At Pres, CEO",6,uncertain,0.6,0.2,"leadership transitions can have mixed effects on stock prices, depending on investor perception of the new leadership's capabilities and the reasons behind the change.",1,2019-02-26,TNDM,2019-02-26 21:26:00+00:00,14325.0,87537220,0.0217121429741382,3271894.0,0.2519733011722565,0.0008278335444629,0.059974119067192,-0.0152842877432704,0.0559706911444664,0.001428565243259,-0.0688907653093338,-0.0242931339889764,0.0401736684143543,-0.0248543452471494,-0.0548761785030365,0.0450487285852432,-0.0252445917576551,0.0662050545215606,0.0443508885800838,-0.0049515510909259,0.0117793269455432,0.0468785651028156,0.0605086497962474,0.0491841547191143,0.0316336080431938,0.0139055820181965,0.0077009671367704,-0.0069047836586833,0.0163957253098487,-0.0347046293318271,-0.0251538474112749,0.0128025896847248,0.0089748902246356,0.0110613647848367,-0.0037525594234466,-0.0227690394967794,0.0262276399880647,0.0055503668263554,-0.0652527958154678,0.0431845821440219,0.0055264285765588,-0.0224056784063577,-0.0040497365407645,-0.0456898212432861,-0.0851002112030983,0.0139205986633896,0.0120634650811553,0.039127379655838,-0.0040777656249701,-0.0056590824387967,-0.0571653693914413,-0.0261767953634262,0.0497745051980018,-0.0169300232082605,-0.0143197728320956,0.0077343075536191,0.0067796315997838,0.0218502692878246,0.0152316940948367,0.0436681024730205,-0.0210043899714946,-0.030117617920041,0.0348443277180194,0.007108986377716,0.0065471264533698,0.0383858606219291,-0.001084090094082,0.0159999839961528,-0.026511613279581,0.0843047052621841,-0.018633572384715,0.0628061145544052,-0.0035702274180948,0.0762790441513061,-0.0991856679320335,-0.0514705888926982,-0.016271948814392,-0.1045562550425529,0.043190561234951,0.0176896229386329,0.0320648960769176,0.0413061529397964,0.0216796956956386,-0.0175486523658037,0.0051796389743685,0.1357832551002502,0.0553524233400821,0.0187182780355215,-0.0023626007605344,-0.0028472049161791,-0.0304704811424017,-0.0356924422085285,-0.0288226753473281,-0.0375808142125606,0.0523138642311096,0.0176277309656143,0.0732951313257217,-0.0531823858618736,0.0004453500441741,-0.0199612211436033,-0.0329425930976867,-0.0288099013268947,-0.0029153723735362,0.0189300030469894,-0.0086181154474616,0.0361000709235668,0.0031046969816088,0.050462782382965,-0.0380687527358532,-0.0464122220873832,0.0601673386991024,-0.0036879735998809,0.0345978550612926,-0.0791535750031471,0.0256673507392406,0.0396523401141166,-0.0400400832295417,0.0008154058014042,-0.0116192288696765,0.0334270372986793,0.0162773448973894,0.069390133023262,-0.0068218759261071,-0.0159621890634298,0.2519733011722564,0.0008278335444629,0.3270592970057069,-0.0144691070449045,0.4013357230488059,-0.0130612118650708,0.3572150999002157,-0.0609708617512814,0.4011334553269701,0.1435327440835381,0.2983202262839139,0.1459715610088596,0.3553936787394396,0.4295003880300434,2019-02-27,2019-02-28,2019-03-01,2019-03-04,2019-03-05,2019-03-06,2019-03-07,2019-03-08,2019-03-11,2019-03-12,14325.0,2019-02-26,252.0,2.1712%,0.0112,1.5574,1.6629,-2.0478,4.2422%,5.0609%,29.7352%,0.028416,TNDM,14325.0,2019-02-27,252.0,25.1973%,0.0119,1.5349,1.7713,-2.0509,4.4731%,5.2619%,27.7333%,0.244855,TNDM,14325.0,2019-02-28,252.0,5.9974%,0.0118,1.5557,1.7871,-2.0469,4.4689%,5.2663%,27.9915%,0.0591509999999999,TNDM,14325.0,2019-03-01,252.0,5.5971%,0.012,1.5487,1.7768,-2.0667,4.4690%,5.2676%,28.0213%,0.03131,TNDM,14325.0,2019-03-04,252.0,-6.8891%,0.0115,1.5845,1.71,-2.0877,4.4668%,5.2798%,28.4276%,-0.0457599999999999,TNDM,14325.0,2019-03-05,252.0,4.0174%,0.0112,1.5577,1.5228,-2.1185,4.4300%,5.2138%,27.8067%,0.043068,TNDM,14325.0,2019-03-06,252.0,-5.4876%,0.0112,1.5818,1.5819,-2.0832,4.4331%,5.2303%,28.1622%,-0.021846,TNDM,14325.0,2019-03-07,252.0,-2.5245%,0.0111,1.5971,1.5991,-2.0581,4.4367%,5.2356%,28.1905%,-0.0181309999999999,TNDM,14325.0,2019-03-08,252.0,4.4351%,0.0114,1.5907,1.6313,-2.0699,4.4376%,5.2393%,28.2606%,0.043476,TNDM,14325.0,2019-03-11,252.0,1.1779%,0.0112,1.57,1.6166,-2.0676,4.4446%,5.2390%,28.0268%,-0.0286479999999999,TNDM,14325.0,2019-03-12,252.0,6.0509%,0.0116,1.6214,1.584,-2.0222,4.4408%,5.2418%,28.2245%,0.059366,TNDM,0.273271,0.332422,0.363732,0.36104,0.3952570000000001
18939,TANDEM DIABETES CARE INC,"Tandem Diabetes Sees FY19 Adj. EBITDA Breakeven, Sales $255M-$270M vs $219.5M Estimate",6,increase,0.8,0.6,"the news indicates that tandem diabetes care is expected to achieve breakeven in adjusted ebitda and exceed sales estimates, which is generally viewed positively by investors.",2,2019-02-26,TNDM,2019-02-26 21:25:00+00:00,14325.0,87537220,0.0217121429741382,3271894.0,0.2519733011722565,0.0008278335444629,0.059974119067192,-0.0152842877432704,0.0559706911444664,0.001428565243259,-0.0688907653093338,-0.0242931339889764,0.0401736684143543,-0.0248543452471494,-0.0548761785030365,0.0450487285852432,-0.0252445917576551,0.0662050545215606,0.0443508885800838,-0.0049515510909259,0.0117793269455432,0.0468785651028156,0.0605086497962474,0.0491841547191143,0.0316336080431938,0.0139055820181965,0.0077009671367704,-0.0069047836586833,0.0163957253098487,-0.0347046293318271,-0.0251538474112749,0.0128025896847248,0.0089748902246356,0.0110613647848367,-0.0037525594234466,-0.0227690394967794,0.0262276399880647,0.0055503668263554,-0.0652527958154678,0.0431845821440219,0.0055264285765588,-0.0224056784063577,-0.0040497365407645,-0.0456898212432861,-0.0851002112030983,0.0139205986633896,0.0120634650811553,0.039127379655838,-0.0040777656249701,-0.0056590824387967,-0.0571653693914413,-0.0261767953634262,0.0497745051980018,-0.0169300232082605,-0.0143197728320956,0.0077343075536191,0.0067796315997838,0.0218502692878246,0.0152316940948367,0.0436681024730205,-0.0210043899714946,-0.030117617920041,0.0348443277180194,0.007108986377716,0.0065471264533698,0.0383858606219291,-0.001084090094082,0.0159999839961528,-0.026511613279581,0.0843047052621841,-0.018633572384715,0.0628061145544052,-0.0035702274180948,0.0762790441513061,-0.0991856679320335,-0.0514705888926982,-0.016271948814392,-0.1045562550425529,0.043190561234951,0.0176896229386329,0.0320648960769176,0.0413061529397964,0.0216796956956386,-0.0175486523658037,0.0051796389743685,0.1357832551002502,0.0553524233400821,0.0187182780355215,-0.0023626007605344,-0.0028472049161791,-0.0304704811424017,-0.0356924422085285,-0.0288226753473281,-0.0375808142125606,0.0523138642311096,0.0176277309656143,0.0732951313257217,-0.0531823858618736,0.0004453500441741,-0.0199612211436033,-0.0329425930976867,-0.0288099013268947,-0.0029153723735362,0.0189300030469894,-0.0086181154474616,0.0361000709235668,0.0031046969816088,0.050462782382965,-0.0380687527358532,-0.0464122220873832,0.0601673386991024,-0.0036879735998809,0.0345978550612926,-0.0791535750031471,0.0256673507392406,0.0396523401141166,-0.0400400832295417,0.0008154058014042,-0.0116192288696765,0.0334270372986793,0.0162773448973894,0.069390133023262,-0.0068218759261071,-0.0159621890634298,0.2519733011722564,0.0008278335444629,0.3270592970057069,-0.0144691070449045,0.4013357230488059,-0.0130612118650708,0.3572150999002157,-0.0609708617512814,0.4011334553269701,0.1435327440835381,0.2983202262839139,0.1459715610088596,0.3553936787394396,0.4295003880300434,2019-02-27,2019-02-28,2019-03-01,2019-03-04,2019-03-05,2019-03-06,2019-03-07,2019-03-08,2019-03-11,2019-03-12,14325.0,2019-02-26,252.0,2.1712%,0.0112,1.5574,1.6629,-2.0478,4.2422%,5.0609%,29.7352%,0.028416,TNDM,14325.0,2019-02-27,252.0,25.1973%,0.0119,1.5349,1.7713,-2.0509,4.4731%,5.2619%,27.7333%,0.244855,TNDM,14325.0,2019-02-28,252.0,5.9974%,0.0118,1.5557,1.7871,-2.0469,4.4689%,5.2663%,27.9915%,0.0591509999999999,TNDM,14325.0,2019-03-01,252.0,5.5971%,0.012,1.5487,1.7768,-2.0667,4.4690%,5.2676%,28.0213%,0.03131,TNDM,14325.0,2019-03-04,252.0,-6.8891%,0.0115,1.5845,1.71,-2.0877,4.4668%,5.2798%,28.4276%,-0.0457599999999999,TNDM,14325.0,2019-03-05,252.0,4.0174%,0.0112,1.5577,1.5228,-2.1185,4.4300%,5.2138%,27.8067%,0.043068,TNDM,14325.0,2019-03-06,252.0,-5.4876%,0.0112,1.5818,1.5819,-2.0832,4.4331%,5.2303%,28.1622%,-0.021846,TNDM,14325.0,2019-03-07,252.0,-2.5245%,0.0111,1.5971,1.5991,-2.0581,4.4367%,5.2356%,28.1905%,-0.0181309999999999,TNDM,14325.0,2019-03-08,252.0,4.4351%,0.0114,1.5907,1.6313,-2.0699,4.4376%,5.2393%,28.2606%,0.043476,TNDM,14325.0,2019-03-11,252.0,1.1779%,0.0112,1.57,1.6166,-2.0676,4.4446%,5.2390%,28.0268%,-0.0286479999999999,TNDM,14325.0,2019-03-12,252.0,6.0509%,0.0116,1.6214,1.584,-2.0222,4.4408%,5.2418%,28.2245%,0.059366,TNDM,0.273271,0.332422,0.363732,0.36104,0.3952570000000001
18947,TANDEM DIABETES CARE INC,"Tandem Diabetes Care Q4 EPS $0.02 Beats $(0.20) Estimate, Sales $76.199M Beat $56.34M Estimate",6,increase,0.8,0.7,"the company reported better-than-expected earnings and sales, which typically boosts investor confidence and can lead to an increase in stock price.",2,2019-02-26,TNDM,2019-02-26 21:24:00+00:00,14325.0,87537220,0.0217121429741382,3271894.0,0.2519733011722565,0.0008278335444629,0.059974119067192,-0.0152842877432704,0.0559706911444664,0.001428565243259,-0.0688907653093338,-0.0242931339889764,0.0401736684143543,-0.0248543452471494,-0.0548761785030365,0.0450487285852432,-0.0252445917576551,0.0662050545215606,0.0443508885800838,-0.0049515510909259,0.0117793269455432,0.0468785651028156,0.0605086497962474,0.0491841547191143,0.0316336080431938,0.0139055820181965,0.0077009671367704,-0.0069047836586833,0.0163957253098487,-0.0347046293318271,-0.0251538474112749,0.0128025896847248,0.0089748902246356,0.0110613647848367,-0.0037525594234466,-0.0227690394967794,0.0262276399880647,0.0055503668263554,-0.0652527958154678,0.0431845821440219,0.0055264285765588,-0.0224056784063577,-0.0040497365407645,-0.0456898212432861,-0.0851002112030983,0.0139205986633896,0.0120634650811553,0.039127379655838,-0.0040777656249701,-0.0056590824387967,-0.0571653693914413,-0.0261767953634262,0.0497745051980018,-0.0169300232082605,-0.0143197728320956,0.0077343075536191,0.0067796315997838,0.0218502692878246,0.0152316940948367,0.0436681024730205,-0.0210043899714946,-0.030117617920041,0.0348443277180194,0.007108986377716,0.0065471264533698,0.0383858606219291,-0.001084090094082,0.0159999839961528,-0.026511613279581,0.0843047052621841,-0.018633572384715,0.0628061145544052,-0.0035702274180948,0.0762790441513061,-0.0991856679320335,-0.0514705888926982,-0.016271948814392,-0.1045562550425529,0.043190561234951,0.0176896229386329,0.0320648960769176,0.0413061529397964,0.0216796956956386,-0.0175486523658037,0.0051796389743685,0.1357832551002502,0.0553524233400821,0.0187182780355215,-0.0023626007605344,-0.0028472049161791,-0.0304704811424017,-0.0356924422085285,-0.0288226753473281,-0.0375808142125606,0.0523138642311096,0.0176277309656143,0.0732951313257217,-0.0531823858618736,0.0004453500441741,-0.0199612211436033,-0.0329425930976867,-0.0288099013268947,-0.0029153723735362,0.0189300030469894,-0.0086181154474616,0.0361000709235668,0.0031046969816088,0.050462782382965,-0.0380687527358532,-0.0464122220873832,0.0601673386991024,-0.0036879735998809,0.0345978550612926,-0.0791535750031471,0.0256673507392406,0.0396523401141166,-0.0400400832295417,0.0008154058014042,-0.0116192288696765,0.0334270372986793,0.0162773448973894,0.069390133023262,-0.0068218759261071,-0.0159621890634298,0.2519733011722564,0.0008278335444629,0.3270592970057069,-0.0144691070449045,0.4013357230488059,-0.0130612118650708,0.3572150999002157,-0.0609708617512814,0.4011334553269701,0.1435327440835381,0.2983202262839139,0.1459715610088596,0.3553936787394396,0.4295003880300434,2019-02-27,2019-02-28,2019-03-01,2019-03-04,2019-03-05,2019-03-06,2019-03-07,2019-03-08,2019-03-11,2019-03-12,14325.0,2019-02-26,252.0,2.1712%,0.0112,1.5574,1.6629,-2.0478,4.2422%,5.0609%,29.7352%,0.028416,TNDM,14325.0,2019-02-27,252.0,25.1973%,0.0119,1.5349,1.7713,-2.0509,4.4731%,5.2619%,27.7333%,0.244855,TNDM,14325.0,2019-02-28,252.0,5.9974%,0.0118,1.5557,1.7871,-2.0469,4.4689%,5.2663%,27.9915%,0.0591509999999999,TNDM,14325.0,2019-03-01,252.0,5.5971%,0.012,1.5487,1.7768,-2.0667,4.4690%,5.2676%,28.0213%,0.03131,TNDM,14325.0,2019-03-04,252.0,-6.8891%,0.0115,1.5845,1.71,-2.0877,4.4668%,5.2798%,28.4276%,-0.0457599999999999,TNDM,14325.0,2019-03-05,252.0,4.0174%,0.0112,1.5577,1.5228,-2.1185,4.4300%,5.2138%,27.8067%,0.043068,TNDM,14325.0,2019-03-06,252.0,-5.4876%,0.0112,1.5818,1.5819,-2.0832,4.4331%,5.2303%,28.1622%,-0.021846,TNDM,14325.0,2019-03-07,252.0,-2.5245%,0.0111,1.5971,1.5991,-2.0581,4.4367%,5.2356%,28.1905%,-0.0181309999999999,TNDM,14325.0,2019-03-08,252.0,4.4351%,0.0114,1.5907,1.6313,-2.0699,4.4376%,5.2393%,28.2606%,0.043476,TNDM,14325.0,2019-03-11,252.0,1.1779%,0.0112,1.57,1.6166,-2.0676,4.4446%,5.2390%,28.0268%,-0.0286479999999999,TNDM,14325.0,2019-03-12,252.0,6.0509%,0.0116,1.6214,1.584,-2.0222,4.4408%,5.2418%,28.2245%,0.059366,TNDM,0.273271,0.332422,0.363732,0.36104,0.3952570000000001
18955,TOLL BROTHERS INC,"Toll Brothers Q1 EPS $0.76 Beats $0.61 Estimate, Sales $1.36B Beat $1.26B Estimate",6,increase,0.85,0.7,"the company's earnings per share and sales both exceeded analyst estimates, which typically signals strong performance and can lead to a positive reaction in the stock price.",2,2019-02-26,TOL,2019-02-26 21:32:00+00:00,70228.0,88947810,-0.0010721231810748,2558018.0,-0.0252213198691606,-0.0098195048049092,-0.0200936775654554,0.0101876966655254,-0.0039325673133134,0.0155186410993337,0.0115623194724321,-0.0097061367705464,-0.0234179031103849,0.0065129357390105,-0.0059948354028165,0.0038136581424623,0.0198161583393812,0.0024576776195317,0.0022529382258653,-0.0224239230155944,0.0221972726285457,0.0420027337968349,-0.007421672809869,-0.0110040642321109,-0.0105234300717711,-0.0084561202675104,0.0117548834532499,0.0093612382188439,-0.0060857874341309,-0.0265344846993684,0.0019482241477817,0.0127579048275947,-0.019444465637207,-0.0035163934808224,-0.0118979653343558,0.0008121980354189,0.0246559791266918,0.0341544598340988,-0.0078344317153096,0.0159272290766239,0.0282007902860641,0.0086058303713798,-0.0002742271462921,-0.0034305013250559,0.0194787122309207,-0.0124223222956061,-0.0201829932630062,0.0169393140822649,-0.0057676210999488,0.0098579339683055,-0.0002763021038845,-0.0131616331636905,-0.0049737584777176,-0.006820058915764,0.0144404461607337,-0.0162147562950849,0.0191623531281948,-0.009415678679943,0.0115498341619968,0.0114845894277095,0.0053106946870684,-0.0055710515007376,-0.0161120072007179,-0.0066407821141183,0.0053691482171416,-0.0016524919774383,0.0080106444656848,0.0365401841700077,-0.0039850613102316,-0.0084914527833461,0.0032008248381316,0.0123209254816174,0.0194097198545932,0.0512048415839672,0.0099113471806049,-0.0077704223804175,0.0129132224246859,0.016094708815217,-0.0260071493685245,-0.0081325434148311,0.0107329804450273,0.0134310889989137,-0.0059569939039647,-0.0015240185894072,-0.0213652867823839,0.0519397519528865,-0.0034611572045832,0.0016056887106969,0.0040075215511024,-0.0394817665219306,0.0138370571658015,0.0137585559859871,0.0015748392324894,-0.0105198072269558,0.0036687471438199,0.0112640997394919,0.0167101677507162,-0.0080695878714323,-0.0059065110981464,-0.0128675913438201,-0.0183414909988641,-0.0085054310038685,-0.0097368136048316,0.0322984866797924,0.0143501749262213,-0.0068514859303832,0.001047967467457,-0.0310802292078733,-0.0068044578656554,-0.0018072702223435,0.0110671455040574,0.0063655371777713,0.0072974357753992,-0.0161048956215381,0.0098317526280879,0.0169850625097751,-0.015629019588232,-0.019041933119297,-0.0236855782568454,0.0008933524950407,0.0223940331488847,0.0148081500083208,-0.0456323362886905,0.0009074040572158,-0.0252213198691606,-0.0098195048049092,-0.04480820836539,0.0002681537242581,-0.0485645643831176,0.015790956204998,-0.0601020024455881,0.0124831177984343,-0.0311242229419432,0.0264099837484248,-0.0005366387294986,0.0323741546184839,-0.0151070929407278,0.1319891375948869,2019-02-27,2019-02-28,2019-03-01,2019-03-04,2019-03-05,2019-03-06,2019-03-07,2019-03-08,2019-03-11,2019-03-12,70228.0,2019-02-26,252.0,-0.1072%,-0.0007,0.8411,0.8533,0.3591,1.9706%,2.1787%,18.1925%,0.006904,TOL,70228.0,2019-02-27,252.0,-2.5221%,-0.0009,0.8329,0.8599,0.3577,1.9747%,2.1799%,17.9368%,-0.027269,TOL,70228.0,2019-02-28,252.0,-2.0094%,-0.0008,0.8155,0.8475,0.3488,1.9623%,2.1600%,17.4678%,-0.016889,TOL,70228.0,2019-03-01,252.0,-0.3933%,-0.0008,0.805,0.8318,0.3372,1.9614%,2.1531%,17.0147%,-0.010957,TOL,70228.0,2019-03-04,252.0,1.1562%,-0.0007,0.8038,0.819,0.3413,1.9648%,2.1545%,16.8330%,0.0176699999999999,TOL,70228.0,2019-03-05,252.0,-2.3418%,-0.0007,0.8094,0.8504,0.3519,1.9667%,2.1592%,17.0362%,-0.018783,TOL,70228.0,2019-03-06,252.0,-0.5995%,-0.0007,0.8023,0.8275,0.3408,1.9680%,2.1586%,16.8789%,0.011288,TOL,70228.0,2019-03-07,252.0,1.9816%,-0.0006,0.787,0.8089,0.3152,1.9755%,2.1597%,16.3261%,0.028009,TOL,70228.0,2019-03-08,252.0,0.2253%,-0.0006,0.7856,0.8221,0.3122,1.9743%,2.1594%,16.4055%,0.004026,TOL,70228.0,2019-03-11,252.0,2.2197%,-0.0006,0.7903,0.8345,0.3169,1.9745%,2.1637%,16.7301%,0.009066,TOL,70228.0,2019-03-12,252.0,-0.7422%,-0.0006,0.7957,0.8362,0.3239,1.9744%,2.1639%,16.7523%,-0.0068969999999999,TOL,-0.020365,-0.037254,-0.048211,-0.049324,-0.003832
18963,TRI POINTE HOMES INC,"TRI Pointe Homes Q4 EPS $0.79 Beats $0.65 Estimate, Sales $1.121B Beat $1.11B Estimate",6,increase,0.8,0.7,"the company reported better-than-expected earnings and sales, which typically boosts investor confidence and can lead to an increase in stock price.",2,2019-02-26,TPH,2019-02-26 11:17:00+00:00,13748.0,87265H10,-0.0128593100234866,3274180.0,-0.0038314322009682,-0.0156366378068924,-0.0307692009955644,0.0158850252628326,-0.0055556069128215,0.0083905886858701,0.0279329922050237,-0.0045558405108749,-0.0341615304350853,0.0061115296557545,-0.014469401910901,0.0007645434816367,0.0342577546834945,-0.0090909004211425,0.0141955325379967,-0.0149253597483038,0.0279938280582428,0.0526315867900848,-0.0143722034990787,-0.004691198002547,-0.0130468215793371,-0.0138782039284706,-0.0007775486446917,0.0007716225809417,-0.0038910652510821,-0.0270270016044378,0.0062499940395355,-0.0089285634458065,-0.0326087027788162,-0.0059172245673835,-0.0152487624436616,0.0052045094780623,0.0154848881065845,0.0540752001106739,-0.0064205396920442,0.0248996317386627,0.0274636633694171,0.0154975187033414,0.0070754834450781,-0.0064829760231077,0.0320062339305877,-0.0040355278179049,-0.0166414715349674,0.0122549487277865,-0.0276922807097435,0.0140845132991671,0.0166139267385006,-0.0374800860881805,-0.0108949681743979,-0.0023866137489676,0.0133753009140491,0.0031923353672027,0.0411490462720394,-0.006344165187329,0.0283370707184076,0.0031821767333894,0.0,-0.0047506270930171,-0.012327779084444,-0.0007911573047749,0.0124816503375768,0.0031745999585837,0.0065264794975519,0.0370371006429195,-0.0007204776047728,0.0074626198038458,-0.0021629224065691,0.0246389079838991,0.0130058024078607,0.0370044112205505,-0.0021398491226136,-0.0008802179363556,0.0171550940722227,0.0393412038683891,-0.0203794781118631,-0.0126467384397983,0.0157819427549839,0.0063636084087193,0.0084745679050683,-0.0063233692198991,-0.076330542564392,0.0463137775659561,-0.0015162626514211,-0.0230840258300304,-0.0296127814799547,-0.0566201768815517,0.0211267974227666,-0.009490992873907,0.0091953929513692,-0.0060034045018255,0.0182232167571783,0.0192307941615581,0.0246084965765476,0.0196077823638916,-0.0058224108070135,-0.0140597401186823,-0.0248902011662721,-0.0281810350716114,-0.0165164656937122,0.0271930210292339,0.0083969198167324,-0.0086956853047013,-0.0007570196175947,-0.0542763024568557,-0.002272707177326,-0.0185633972287178,0.0372057519853115,0.0403023101389408,0.013909263536334,-0.0509960427880287,0.0007219692924991,0.0056090266443789,-0.0187589675188064,-0.0211765058338642,-0.0352941527962684,-0.0046838731504976,0.0182926654815673,0.0182830281555652,-0.0164670143276453,0.0112540470436215,-0.0038314322009682,-0.0156366378068923,-0.0344827430890402,-9.306480031057163e-10,-0.0398467774359831,0.0083905877474135,-0.0467433391124045,0.0099312532637516,-0.0015325987964426,0.03362003841497,0.0436781410582953,0.0458860637859144,0.0068965693649694,0.0627010248031152,2019-02-27,2019-02-28,2019-03-01,2019-03-04,2019-03-05,2019-03-06,2019-03-07,2019-03-08,2019-03-11,2019-03-12,13748.0,2019-02-26,252.0,-1.2859%,-0.0008,0.942,1.0887,0.4435,1.9979%,2.2653%,22.2133%,-0.00295,TPH,13748.0,2019-02-27,252.0,-0.3831%,-0.0008,0.9385,1.0933,0.4429,1.9977%,2.2641%,22.1499%,-0.006316,TPH,13748.0,2019-02-28,252.0,-3.0769%,-0.0008,0.9318,1.0878,0.4442,1.9995%,2.2606%,21.7633%,-0.027071,TPH,13748.0,2019-03-01,252.0,-0.5556%,-0.0008,0.915,1.0628,0.4241,1.9958%,2.2471%,21.1128%,-0.013733,TPH,13748.0,2019-03-04,252.0,2.7933%,-0.0007,0.9167,1.0249,0.4311,2.0069%,2.2529%,20.6433%,0.035198,TPH,13748.0,2019-03-05,252.0,-3.4162%,-0.0007,0.9241,1.0645,0.4466,2.0129%,2.2627%,20.8600%,-0.028481,TPH,13748.0,2019-03-06,252.0,-1.4469%,-0.0007,0.9175,1.0529,0.4375,2.0130%,2.2628%,20.8619%,0.006437,TPH,13748.0,2019-03-07,252.0,3.4258%,-0.0006,0.8945,1.0278,0.3999,2.0314%,2.2696%,19.8935%,0.043872,TPH,13748.0,2019-03-08,252.0,1.4196%,-0.0005,0.8917,1.0356,0.3951,2.0337%,2.2716%,19.8476%,0.016239,TPH,13748.0,2019-03-11,252.0,2.7994%,-0.0005,0.8984,1.0489,0.3992,2.0348%,2.2785%,20.2449%,0.012943,TPH,13748.0,2019-03-12,252.0,-1.4372%,-0.0006,0.8944,1.0556,0.3974,2.0363%,2.2775%,20.0587%,-0.0134519999999999,TPH,-0.009266,-0.036337,-0.05007,-0.043353,0.0226859999999999
18971,LENDINGTREE INC,LendingTree Shares Dip Slightly On Large Uptick In Volume As Traders Circulate Word Of Northland Downgraded To Market Perform,6,decrease,0.7,0.6,"the downgrade to 'market perform' typically signals a lack of strong growth potential, which can lead to a decrease in investor confidence and a subsequent drop in stock price.",0,2019-02-26,TREE,2019-02-26 16:57:00+00:00,92775.0,52603B10,-0.0332698822021484,605853.0,0.036319613456726,-0.015879301354289,-0.0063862549141049,0.0496147014200687,0.011443780735135,-0.0159883517771959,-0.0314941219985485,-0.0084300357848405,0.0133465081453323,0.0039791879244148,-0.0063800546340644,0.024889962747693,-0.0290219169110059,-0.00054997386178,0.0177110061049461,0.0143724521622061,0.0288545098155736,0.0225824154913425,0.0077226152643561,-0.0063351038843393,0.0264962576329708,-0.0227753743529319,0.0129666263237595,0.0003585914964787,0.0165303386747837,0.0107731986790895,-0.0024950278457254,-0.010690651834011,-0.0097695225849747,0.0042223376221954,-0.0033877585083246,0.0309779066592454,0.0180994346737861,0.0211577657610178,-0.0316307060420513,0.0092158736661076,0.0136401494964957,-0.02505599334836,0.0197225604206323,0.0050433143042027,0.0029552294872701,0.0143444538116455,0.0146162435412406,0.0232369229197502,0.0108689367771148,0.0150421923026442,0.0297246910631656,-0.0343548618257045,-0.0266567897051572,0.0029554122593253,0.0216540042310953,0.0418009124696254,0.001361206639558,0.0388335175812244,0.0178095400333404,0.0359816439449787,-0.0030525897163897,0.0173309352248907,-0.0435507483780384,0.0140760112553834,0.0393025577068328,0.0419460050761699,-0.0013476918684318,-0.0149833029136061,0.0090882061049342,0.0273949652910232,-0.005731301382184,0.0374851711094379,0.0148774767294526,0.0422799363732338,-0.005463499110192,-0.0195134934037923,-0.0015772935003042,0.0129343550652265,0.0147903813049197,-0.0043079853057861,-0.0041067176498472,0.002591531490907,-0.001778841833584,0.0110319182276725,-0.0021059988066554,0.0732610076665878,0.057847898453474,-0.0008379660430364,-0.0373941622674465,-0.0452277883887291,0.0225056484341621,-0.0171153526753187,0.0003118214081041,-0.0283171664923429,-0.0075856326147913,-0.0034936792217195,0.0235851779580116,-0.0366758741438388,0.0196660161018371,-0.0155884902924299,-0.0222211480140686,-0.0522141754627227,-0.0072589819319546,0.0128440121188759,0.0143658053129911,0.0252926554530859,-0.0075651477091014,-0.014583540149033,-0.0617011673748493,-0.0732284933328628,0.0106406658887863,0.046382550150156,0.0272822864353656,-0.0568220950663089,0.018153116106987,0.0193977821618318,-0.0069350809790194,0.0238722302019596,0.0076088774949312,-0.0022366663906723,-0.0220336951315403,0.0360612869262695,0.0022477419115602,0.0004474115849006,0.036319613456726,-0.015879301354289,0.0297014122327046,0.0329475532703273,0.0414850894169547,0.0164324244212474,0.0221468459249478,0.0118743424224558,0.0405488236949973,0.0683181860965895,0.1294592608684064,0.2885984841570119,0.2235997024637894,0.3032213710025069,2019-02-27,2019-02-28,2019-03-01,2019-03-04,2019-03-05,2019-03-06,2019-03-07,2019-03-08,2019-03-11,2019-03-12,92775.0,2019-02-26,252.0,-3.3270%,-0.0004,1.3724,1.9278,-0.2569,2.9118%,3.4777%,29.8983%,-0.019846,TREE,92775.0,2019-02-27,252.0,3.6320%,-0.0004,1.3495,1.9776,-0.2606,2.8991%,3.4658%,30.0274%,0.031013,TREE,92775.0,2019-02-28,252.0,-0.6386%,-0.0004,1.3475,1.9761,-0.2614,2.8990%,3.4621%,29.8833%,-0.00335,TREE,92775.0,2019-03-01,252.0,1.1444%,-0.0005,1.358,1.9917,-0.243,2.8967%,3.4627%,30.0208%,-0.005124,TREE,92775.0,2019-03-04,252.0,-3.1494%,-0.0005,1.3534,2.0203,-0.2449,2.8969%,3.4679%,30.2165%,-0.015608,TREE,92775.0,2019-03-05,252.0,1.3347%,-0.0004,1.3554,2.0497,-0.2515,2.8960%,3.4684%,30.2822%,0.021233,TREE,92775.0,2019-03-06,252.0,-0.6380%,-0.0003,1.3359,1.9912,-0.2815,2.9014%,3.4668%,29.9573%,0.0308409999999999,TREE,92775.0,2019-03-07,252.0,-2.9022%,-0.0003,1.3478,2.0158,-0.2587,2.9017%,3.4716%,30.1403%,-0.017693,TREE,92775.0,2019-03-08,252.0,1.7711%,-0.0001,1.3429,2.0525,-0.2684,2.8967%,3.4720%,30.3943%,0.019139,TREE,92775.0,2019-03-11,252.0,2.8855%,-0.0,1.3434,2.0394,-0.2762,2.8953%,3.4748%,30.5724%,-3e-05,TREE,92775.0,2019-03-12,252.0,0.7723%,-0.0,1.3404,2.0356,-0.2813,2.8958%,3.4725%,30.4563%,0.0097629999999999,TREE,0.011167,0.007817,0.002693,0.008318,0.050338
18979,LENDINGTREE INC,"LendingTree Sees Q1 Sales $235M-$245M vs $234.5M Estimate, Adj. EBITDA $37M-$40M",6,increase,0.7,0.6,"the sales forecast slightly exceeds the estimate, which may positively influence investor sentiment and lead to an increase in stock price.",2,2019-02-26,TREE,2019-02-26 12:17:00+00:00,92775.0,52603B10,-0.0332698822021484,605853.0,0.036319613456726,-0.015879301354289,-0.0063862549141049,0.0496147014200687,0.011443780735135,-0.0159883517771959,-0.0314941219985485,-0.0084300357848405,0.0133465081453323,0.0039791879244148,-0.0063800546340644,0.024889962747693,-0.0290219169110059,-0.00054997386178,0.0177110061049461,0.0143724521622061,0.0288545098155736,0.0225824154913425,0.0077226152643561,-0.0063351038843393,0.0264962576329708,-0.0227753743529319,0.0129666263237595,0.0003585914964787,0.0165303386747837,0.0107731986790895,-0.0024950278457254,-0.010690651834011,-0.0097695225849747,0.0042223376221954,-0.0033877585083246,0.0309779066592454,0.0180994346737861,0.0211577657610178,-0.0316307060420513,0.0092158736661076,0.0136401494964957,-0.02505599334836,0.0197225604206323,0.0050433143042027,0.0029552294872701,0.0143444538116455,0.0146162435412406,0.0232369229197502,0.0108689367771148,0.0150421923026442,0.0297246910631656,-0.0343548618257045,-0.0266567897051572,0.0029554122593253,0.0216540042310953,0.0418009124696254,0.001361206639558,0.0388335175812244,0.0178095400333404,0.0359816439449787,-0.0030525897163897,0.0173309352248907,-0.0435507483780384,0.0140760112553834,0.0393025577068328,0.0419460050761699,-0.0013476918684318,-0.0149833029136061,0.0090882061049342,0.0273949652910232,-0.005731301382184,0.0374851711094379,0.0148774767294526,0.0422799363732338,-0.005463499110192,-0.0195134934037923,-0.0015772935003042,0.0129343550652265,0.0147903813049197,-0.0043079853057861,-0.0041067176498472,0.002591531490907,-0.001778841833584,0.0110319182276725,-0.0021059988066554,0.0732610076665878,0.057847898453474,-0.0008379660430364,-0.0373941622674465,-0.0452277883887291,0.0225056484341621,-0.0171153526753187,0.0003118214081041,-0.0283171664923429,-0.0075856326147913,-0.0034936792217195,0.0235851779580116,-0.0366758741438388,0.0196660161018371,-0.0155884902924299,-0.0222211480140686,-0.0522141754627227,-0.0072589819319546,0.0128440121188759,0.0143658053129911,0.0252926554530859,-0.0075651477091014,-0.014583540149033,-0.0617011673748493,-0.0732284933328628,0.0106406658887863,0.046382550150156,0.0272822864353656,-0.0568220950663089,0.018153116106987,0.0193977821618318,-0.0069350809790194,0.0238722302019596,0.0076088774949312,-0.0022366663906723,-0.0220336951315403,0.0360612869262695,0.0022477419115602,0.0004474115849006,0.036319613456726,-0.015879301354289,0.0297014122327046,0.0329475532703273,0.0414850894169547,0.0164324244212474,0.0221468459249478,0.0118743424224558,0.0405488236949973,0.0683181860965895,0.1294592608684064,0.2885984841570119,0.2235997024637894,0.3032213710025069,2019-02-27,2019-02-28,2019-03-01,2019-03-04,2019-03-05,2019-03-06,2019-03-07,2019-03-08,2019-03-11,2019-03-12,92775.0,2019-02-26,252.0,-3.3270%,-0.0004,1.3724,1.9278,-0.2569,2.9118%,3.4777%,29.8983%,-0.019846,TREE,92775.0,2019-02-27,252.0,3.6320%,-0.0004,1.3495,1.9776,-0.2606,2.8991%,3.4658%,30.0274%,0.031013,TREE,92775.0,2019-02-28,252.0,-0.6386%,-0.0004,1.3475,1.9761,-0.2614,2.8990%,3.4621%,29.8833%,-0.00335,TREE,92775.0,2019-03-01,252.0,1.1444%,-0.0005,1.358,1.9917,-0.243,2.8967%,3.4627%,30.0208%,-0.005124,TREE,92775.0,2019-03-04,252.0,-3.1494%,-0.0005,1.3534,2.0203,-0.2449,2.8969%,3.4679%,30.2165%,-0.015608,TREE,92775.0,2019-03-05,252.0,1.3347%,-0.0004,1.3554,2.0497,-0.2515,2.8960%,3.4684%,30.2822%,0.021233,TREE,92775.0,2019-03-06,252.0,-0.6380%,-0.0003,1.3359,1.9912,-0.2815,2.9014%,3.4668%,29.9573%,0.0308409999999999,TREE,92775.0,2019-03-07,252.0,-2.9022%,-0.0003,1.3478,2.0158,-0.2587,2.9017%,3.4716%,30.1403%,-0.017693,TREE,92775.0,2019-03-08,252.0,1.7711%,-0.0001,1.3429,2.0525,-0.2684,2.8967%,3.4720%,30.3943%,0.019139,TREE,92775.0,2019-03-11,252.0,2.8855%,-0.0,1.3434,2.0394,-0.2762,2.8953%,3.4748%,30.5724%,-3e-05,TREE,92775.0,2019-03-12,252.0,0.7723%,-0.0,1.3404,2.0356,-0.2813,2.8958%,3.4725%,30.4563%,0.0097629999999999,TREE,0.011167,0.007817,0.002693,0.008318,0.050338
18987,LENDINGTREE INC,"UPDATE: LendingTree Raises FY19 Sales Guidance From $990M-$1.03B To $1.01B-$1.045B vs $1.02B Estimate, Adj. EBITDA From $195M-$205M To $205M-$215M",6,increase,0.8,0.6,"the upward revision of both sales and adjusted ebitda guidance suggests stronger financial performance than previously expected, which is likely to positively influence investor sentiment and increase the stock price.",2,2019-02-26,TREE,2019-02-26 12:17:00+00:00,92775.0,52603B10,-0.0332698822021484,605853.0,0.036319613456726,-0.015879301354289,-0.0063862549141049,0.0496147014200687,0.011443780735135,-0.0159883517771959,-0.0314941219985485,-0.0084300357848405,0.0133465081453323,0.0039791879244148,-0.0063800546340644,0.024889962747693,-0.0290219169110059,-0.00054997386178,0.0177110061049461,0.0143724521622061,0.0288545098155736,0.0225824154913425,0.0077226152643561,-0.0063351038843393,0.0264962576329708,-0.0227753743529319,0.0129666263237595,0.0003585914964787,0.0165303386747837,0.0107731986790895,-0.0024950278457254,-0.010690651834011,-0.0097695225849747,0.0042223376221954,-0.0033877585083246,0.0309779066592454,0.0180994346737861,0.0211577657610178,-0.0316307060420513,0.0092158736661076,0.0136401494964957,-0.02505599334836,0.0197225604206323,0.0050433143042027,0.0029552294872701,0.0143444538116455,0.0146162435412406,0.0232369229197502,0.0108689367771148,0.0150421923026442,0.0297246910631656,-0.0343548618257045,-0.0266567897051572,0.0029554122593253,0.0216540042310953,0.0418009124696254,0.001361206639558,0.0388335175812244,0.0178095400333404,0.0359816439449787,-0.0030525897163897,0.0173309352248907,-0.0435507483780384,0.0140760112553834,0.0393025577068328,0.0419460050761699,-0.0013476918684318,-0.0149833029136061,0.0090882061049342,0.0273949652910232,-0.005731301382184,0.0374851711094379,0.0148774767294526,0.0422799363732338,-0.005463499110192,-0.0195134934037923,-0.0015772935003042,0.0129343550652265,0.0147903813049197,-0.0043079853057861,-0.0041067176498472,0.002591531490907,-0.001778841833584,0.0110319182276725,-0.0021059988066554,0.0732610076665878,0.057847898453474,-0.0008379660430364,-0.0373941622674465,-0.0452277883887291,0.0225056484341621,-0.0171153526753187,0.0003118214081041,-0.0283171664923429,-0.0075856326147913,-0.0034936792217195,0.0235851779580116,-0.0366758741438388,0.0196660161018371,-0.0155884902924299,-0.0222211480140686,-0.0522141754627227,-0.0072589819319546,0.0128440121188759,0.0143658053129911,0.0252926554530859,-0.0075651477091014,-0.014583540149033,-0.0617011673748493,-0.0732284933328628,0.0106406658887863,0.046382550150156,0.0272822864353656,-0.0568220950663089,0.018153116106987,0.0193977821618318,-0.0069350809790194,0.0238722302019596,0.0076088774949312,-0.0022366663906723,-0.0220336951315403,0.0360612869262695,0.0022477419115602,0.0004474115849006,0.036319613456726,-0.015879301354289,0.0297014122327046,0.0329475532703273,0.0414850894169547,0.0164324244212474,0.0221468459249478,0.0118743424224558,0.0405488236949973,0.0683181860965895,0.1294592608684064,0.2885984841570119,0.2235997024637894,0.3032213710025069,2019-02-27,2019-02-28,2019-03-01,2019-03-04,2019-03-05,2019-03-06,2019-03-07,2019-03-08,2019-03-11,2019-03-12,92775.0,2019-02-26,252.0,-3.3270%,-0.0004,1.3724,1.9278,-0.2569,2.9118%,3.4777%,29.8983%,-0.019846,TREE,92775.0,2019-02-27,252.0,3.6320%,-0.0004,1.3495,1.9776,-0.2606,2.8991%,3.4658%,30.0274%,0.031013,TREE,92775.0,2019-02-28,252.0,-0.6386%,-0.0004,1.3475,1.9761,-0.2614,2.8990%,3.4621%,29.8833%,-0.00335,TREE,92775.0,2019-03-01,252.0,1.1444%,-0.0005,1.358,1.9917,-0.243,2.8967%,3.4627%,30.0208%,-0.005124,TREE,92775.0,2019-03-04,252.0,-3.1494%,-0.0005,1.3534,2.0203,-0.2449,2.8969%,3.4679%,30.2165%,-0.015608,TREE,92775.0,2019-03-05,252.0,1.3347%,-0.0004,1.3554,2.0497,-0.2515,2.8960%,3.4684%,30.2822%,0.021233,TREE,92775.0,2019-03-06,252.0,-0.6380%,-0.0003,1.3359,1.9912,-0.2815,2.9014%,3.4668%,29.9573%,0.0308409999999999,TREE,92775.0,2019-03-07,252.0,-2.9022%,-0.0003,1.3478,2.0158,-0.2587,2.9017%,3.4716%,30.1403%,-0.017693,TREE,92775.0,2019-03-08,252.0,1.7711%,-0.0001,1.3429,2.0525,-0.2684,2.8967%,3.4720%,30.3943%,0.019139,TREE,92775.0,2019-03-11,252.0,2.8855%,-0.0,1.3434,2.0394,-0.2762,2.8953%,3.4748%,30.5724%,-3e-05,TREE,92775.0,2019-03-12,252.0,0.7723%,-0.0,1.3404,2.0356,-0.2813,2.8958%,3.4725%,30.4563%,0.0097629999999999,TREE,0.011167,0.007817,0.002693,0.008318,0.050338
18995,LENDINGTREE INC,LendingTree Raises FY19 Guidance,6,increase,0.8,0.7,"raising guidance typically signals positive expectations for future performance, which can lead to an increase in stock price.",2,2019-02-26,TREE,2019-02-26 12:17:00+00:00,92775.0,52603B10,-0.0332698822021484,605853.0,0.036319613456726,-0.015879301354289,-0.0063862549141049,0.0496147014200687,0.011443780735135,-0.0159883517771959,-0.0314941219985485,-0.0084300357848405,0.0133465081453323,0.0039791879244148,-0.0063800546340644,0.024889962747693,-0.0290219169110059,-0.00054997386178,0.0177110061049461,0.0143724521622061,0.0288545098155736,0.0225824154913425,0.0077226152643561,-0.0063351038843393,0.0264962576329708,-0.0227753743529319,0.0129666263237595,0.0003585914964787,0.0165303386747837,0.0107731986790895,-0.0024950278457254,-0.010690651834011,-0.0097695225849747,0.0042223376221954,-0.0033877585083246,0.0309779066592454,0.0180994346737861,0.0211577657610178,-0.0316307060420513,0.0092158736661076,0.0136401494964957,-0.02505599334836,0.0197225604206323,0.0050433143042027,0.0029552294872701,0.0143444538116455,0.0146162435412406,0.0232369229197502,0.0108689367771148,0.0150421923026442,0.0297246910631656,-0.0343548618257045,-0.0266567897051572,0.0029554122593253,0.0216540042310953,0.0418009124696254,0.001361206639558,0.0388335175812244,0.0178095400333404,0.0359816439449787,-0.0030525897163897,0.0173309352248907,-0.0435507483780384,0.0140760112553834,0.0393025577068328,0.0419460050761699,-0.0013476918684318,-0.0149833029136061,0.0090882061049342,0.0273949652910232,-0.005731301382184,0.0374851711094379,0.0148774767294526,0.0422799363732338,-0.005463499110192,-0.0195134934037923,-0.0015772935003042,0.0129343550652265,0.0147903813049197,-0.0043079853057861,-0.0041067176498472,0.002591531490907,-0.001778841833584,0.0110319182276725,-0.0021059988066554,0.0732610076665878,0.057847898453474,-0.0008379660430364,-0.0373941622674465,-0.0452277883887291,0.0225056484341621,-0.0171153526753187,0.0003118214081041,-0.0283171664923429,-0.0075856326147913,-0.0034936792217195,0.0235851779580116,-0.0366758741438388,0.0196660161018371,-0.0155884902924299,-0.0222211480140686,-0.0522141754627227,-0.0072589819319546,0.0128440121188759,0.0143658053129911,0.0252926554530859,-0.0075651477091014,-0.014583540149033,-0.0617011673748493,-0.0732284933328628,0.0106406658887863,0.046382550150156,0.0272822864353656,-0.0568220950663089,0.018153116106987,0.0193977821618318,-0.0069350809790194,0.0238722302019596,0.0076088774949312,-0.0022366663906723,-0.0220336951315403,0.0360612869262695,0.0022477419115602,0.0004474115849006,0.036319613456726,-0.015879301354289,0.0297014122327046,0.0329475532703273,0.0414850894169547,0.0164324244212474,0.0221468459249478,0.0118743424224558,0.0405488236949973,0.0683181860965895,0.1294592608684064,0.2885984841570119,0.2235997024637894,0.3032213710025069,2019-02-27,2019-02-28,2019-03-01,2019-03-04,2019-03-05,2019-03-06,2019-03-07,2019-03-08,2019-03-11,2019-03-12,92775.0,2019-02-26,252.0,-3.3270%,-0.0004,1.3724,1.9278,-0.2569,2.9118%,3.4777%,29.8983%,-0.019846,TREE,92775.0,2019-02-27,252.0,3.6320%,-0.0004,1.3495,1.9776,-0.2606,2.8991%,3.4658%,30.0274%,0.031013,TREE,92775.0,2019-02-28,252.0,-0.6386%,-0.0004,1.3475,1.9761,-0.2614,2.8990%,3.4621%,29.8833%,-0.00335,TREE,92775.0,2019-03-01,252.0,1.1444%,-0.0005,1.358,1.9917,-0.243,2.8967%,3.4627%,30.0208%,-0.005124,TREE,92775.0,2019-03-04,252.0,-3.1494%,-0.0005,1.3534,2.0203,-0.2449,2.8969%,3.4679%,30.2165%,-0.015608,TREE,92775.0,2019-03-05,252.0,1.3347%,-0.0004,1.3554,2.0497,-0.2515,2.8960%,3.4684%,30.2822%,0.021233,TREE,92775.0,2019-03-06,252.0,-0.6380%,-0.0003,1.3359,1.9912,-0.2815,2.9014%,3.4668%,29.9573%,0.0308409999999999,TREE,92775.0,2019-03-07,252.0,-2.9022%,-0.0003,1.3478,2.0158,-0.2587,2.9017%,3.4716%,30.1403%,-0.017693,TREE,92775.0,2019-03-08,252.0,1.7711%,-0.0001,1.3429,2.0525,-0.2684,2.8967%,3.4720%,30.3943%,0.019139,TREE,92775.0,2019-03-11,252.0,2.8855%,-0.0,1.3434,2.0394,-0.2762,2.8953%,3.4748%,30.5724%,-3e-05,TREE,92775.0,2019-03-12,252.0,0.7723%,-0.0,1.3404,2.0356,-0.2813,2.8958%,3.4725%,30.4563%,0.0097629999999999,TREE,0.011167,0.007817,0.002693,0.008318,0.050338
19003,LENDINGTREE INC,"LendingTree Q4 Adj. EPS $1.22 Misses $1.47 Estimate, Sales $202.7M Miss $208.33M Estimate",6,decrease,0.8,0.7,"the company reported lower-than-expected earnings and sales, which typically leads to a decline in stock price as investor sentiment turns negative.",0,2019-02-26,TREE,2019-02-26 12:16:00+00:00,92775.0,52603B10,-0.0332698822021484,605853.0,0.036319613456726,-0.015879301354289,-0.0063862549141049,0.0496147014200687,0.011443780735135,-0.0159883517771959,-0.0314941219985485,-0.0084300357848405,0.0133465081453323,0.0039791879244148,-0.0063800546340644,0.024889962747693,-0.0290219169110059,-0.00054997386178,0.0177110061049461,0.0143724521622061,0.0288545098155736,0.0225824154913425,0.0077226152643561,-0.0063351038843393,0.0264962576329708,-0.0227753743529319,0.0129666263237595,0.0003585914964787,0.0165303386747837,0.0107731986790895,-0.0024950278457254,-0.010690651834011,-0.0097695225849747,0.0042223376221954,-0.0033877585083246,0.0309779066592454,0.0180994346737861,0.0211577657610178,-0.0316307060420513,0.0092158736661076,0.0136401494964957,-0.02505599334836,0.0197225604206323,0.0050433143042027,0.0029552294872701,0.0143444538116455,0.0146162435412406,0.0232369229197502,0.0108689367771148,0.0150421923026442,0.0297246910631656,-0.0343548618257045,-0.0266567897051572,0.0029554122593253,0.0216540042310953,0.0418009124696254,0.001361206639558,0.0388335175812244,0.0178095400333404,0.0359816439449787,-0.0030525897163897,0.0173309352248907,-0.0435507483780384,0.0140760112553834,0.0393025577068328,0.0419460050761699,-0.0013476918684318,-0.0149833029136061,0.0090882061049342,0.0273949652910232,-0.005731301382184,0.0374851711094379,0.0148774767294526,0.0422799363732338,-0.005463499110192,-0.0195134934037923,-0.0015772935003042,0.0129343550652265,0.0147903813049197,-0.0043079853057861,-0.0041067176498472,0.002591531490907,-0.001778841833584,0.0110319182276725,-0.0021059988066554,0.0732610076665878,0.057847898453474,-0.0008379660430364,-0.0373941622674465,-0.0452277883887291,0.0225056484341621,-0.0171153526753187,0.0003118214081041,-0.0283171664923429,-0.0075856326147913,-0.0034936792217195,0.0235851779580116,-0.0366758741438388,0.0196660161018371,-0.0155884902924299,-0.0222211480140686,-0.0522141754627227,-0.0072589819319546,0.0128440121188759,0.0143658053129911,0.0252926554530859,-0.0075651477091014,-0.014583540149033,-0.0617011673748493,-0.0732284933328628,0.0106406658887863,0.046382550150156,0.0272822864353656,-0.0568220950663089,0.018153116106987,0.0193977821618318,-0.0069350809790194,0.0238722302019596,0.0076088774949312,-0.0022366663906723,-0.0220336951315403,0.0360612869262695,0.0022477419115602,0.0004474115849006,0.036319613456726,-0.015879301354289,0.0297014122327046,0.0329475532703273,0.0414850894169547,0.0164324244212474,0.0221468459249478,0.0118743424224558,0.0405488236949973,0.0683181860965895,0.1294592608684064,0.2885984841570119,0.2235997024637894,0.3032213710025069,2019-02-27,2019-02-28,2019-03-01,2019-03-04,2019-03-05,2019-03-06,2019-03-07,2019-03-08,2019-03-11,2019-03-12,92775.0,2019-02-26,252.0,-3.3270%,-0.0004,1.3724,1.9278,-0.2569,2.9118%,3.4777%,29.8983%,-0.019846,TREE,92775.0,2019-02-27,252.0,3.6320%,-0.0004,1.3495,1.9776,-0.2606,2.8991%,3.4658%,30.0274%,0.031013,TREE,92775.0,2019-02-28,252.0,-0.6386%,-0.0004,1.3475,1.9761,-0.2614,2.8990%,3.4621%,29.8833%,-0.00335,TREE,92775.0,2019-03-01,252.0,1.1444%,-0.0005,1.358,1.9917,-0.243,2.8967%,3.4627%,30.0208%,-0.005124,TREE,92775.0,2019-03-04,252.0,-3.1494%,-0.0005,1.3534,2.0203,-0.2449,2.8969%,3.4679%,30.2165%,-0.015608,TREE,92775.0,2019-03-05,252.0,1.3347%,-0.0004,1.3554,2.0497,-0.2515,2.8960%,3.4684%,30.2822%,0.021233,TREE,92775.0,2019-03-06,252.0,-0.6380%,-0.0003,1.3359,1.9912,-0.2815,2.9014%,3.4668%,29.9573%,0.0308409999999999,TREE,92775.0,2019-03-07,252.0,-2.9022%,-0.0003,1.3478,2.0158,-0.2587,2.9017%,3.4716%,30.1403%,-0.017693,TREE,92775.0,2019-03-08,252.0,1.7711%,-0.0001,1.3429,2.0525,-0.2684,2.8967%,3.4720%,30.3943%,0.019139,TREE,92775.0,2019-03-11,252.0,2.8855%,-0.0,1.3434,2.0394,-0.2762,2.8953%,3.4748%,30.5724%,-3e-05,TREE,92775.0,2019-03-12,252.0,0.7723%,-0.0,1.3404,2.0356,-0.2813,2.8958%,3.4725%,30.4563%,0.0097629999999999,TREE,0.011167,0.007817,0.002693,0.008318,0.050338
19011,THOMSON REUTERS CORP,Thomson Reuters shares are trading higher after the company reported Q1 earnings and raised its quarterly dividend; the company reported a 5% increase in recurring revenue.,6,increase,0.8,0.7,"the positive earnings report and raised dividend typically signal financial health and shareholder value, likely leading to an increase in stock price.",2,2019-02-26,TRI,2019-02-26 14:54:00+00:00,89444.0,88490380,0.0331439413130283,1314669.0,-0.0108157685026526,-0.0088229998946189,0.0083395252004265,0.0049047754146158,-0.0023892864119261,0.0068375458940863,-0.0014738028403371,-0.0051019773818552,0.002952026668936,-0.0007553042960353,0.0029433378949761,0.0051243207417428,0.0031181471422314,0.0032368272077292,-0.0071784132160246,-0.0051146135665476,0.0131628271192312,0.0034214085899293,0.0065873153507709,-0.0110902283340692,0.0125432191416621,0.005481022875756,0.0014362300280481,0.0005672991392202,0.0098602194339036,-0.0084380414336919,0.0021302844397723,0.0113787651062011,0.0046058162115514,0.0053383940830826,-0.0001763061445672,0.0021016546525061,0.0128747709095478,0.0092556793242692,0.0067908652126789,0.0097352024167776,-0.0038049328140914,0.007651547435671,0.0003472301759757,-0.0013714673696085,0.00780980149284,0.0011769591365009,0.0158429816365242,-0.0029337282758206,0.0035599097609519,0.0088792573660612,0.0013513178564608,-0.004126529674977,-0.005566768348217,0.0083217388018965,0.0091603212058544,0.0019853541161865,-0.0141200227662921,0.0153194582089781,-0.0006820275448262,0.0056760343722999,0.0049479766748845,0.0042753033339977,-0.0047538639046251,0.0042935819365084,0.0068236356601119,0.0130489040166139,0.0001694056554697,0.0136468131095171,0.0111807528883218,0.0029479761142283,0.0036857300437986,-0.002520456444472,-0.0021699394565075,0.0157883875072002,0.0006691354210488,-0.0145080406218767,0.0016716562677174,-0.015524735674262,0.0023365020751953,0.0077180382795631,-0.0036630239337682,0.0025093879085034,-0.0021724777761846,-0.0064409174956381,0.018589861690998,0.0332760661840438,0.0021374723874032,-0.0154301319271326,0.0032813907600939,-0.027543680742383,0.0112837059423327,-0.0131845381110906,-0.0040426906198263,-0.0036378395743668,0.0008118076948449,-0.018254006281495,-0.0014600933063775,-0.0154326455667614,0.0034118455369025,-0.0036979843862354,-0.0124675622209906,0.0118157211691141,0.028693227097392,0.0115537447854876,0.0082881199195981,-0.0017896231729537,0.013278535567224,-0.0039611952379345,-0.0098283505067229,-0.0098058441653847,0.01181660592556,-0.0001960455265361,0.0082528619095683,0.023685272783041,0.0069497600197792,-0.0099364072084426,-0.0035275421105325,0.0063999937847256,-0.0033861969131976,-0.0023942324332892,0.0072587062604725,0.0182852037250995,0.0029132449999451,0.003611922962591,-0.0108157685026526,-0.0088229998946189,-0.0025664416762158,-0.0039614993129694,-0.004949596123918,0.0028489596477552,-0.0034830180773068,-0.0030211446652509,0.0151146627544345,-0.0075188251197064,0.0817309978062967,0.079533825418619,0.2070288162371127,0.0766092555509079,2019-02-27,2019-02-28,2019-03-01,2019-03-04,2019-03-05,2019-03-06,2019-03-07,2019-03-08,2019-03-11,2019-03-12,89444.0,2019-02-26,252.0,3.3144%,0.0012,0.4547,-0.2389,-0.1786,0.9748%,1.1110%,23.0124%,0.031978,TRI,89444.0,2019-02-27,252.0,-1.0816%,0.0012,0.4552,-0.2434,-0.1785,0.9779%,1.1133%,22.8519%,-0.011085,TRI,89444.0,2019-02-28,252.0,0.8340%,0.0012,0.4533,-0.2444,-0.1818,0.9792%,1.1136%,22.6799%,0.009253,TRI,89444.0,2019-03-01,252.0,-0.2389%,0.0012,0.4447,-0.2571,-0.1918,0.9774%,1.1097%,22.4276%,-0.005761,TRI,89444.0,2019-03-04,252.0,-0.1474%,0.0012,0.4458,-0.2599,-0.1922,0.9773%,1.1092%,22.3707%,0.000468,TRI,89444.0,2019-03-05,252.0,0.2952%,0.0012,0.4453,-0.2624,-0.1929,0.9773%,1.1092%,22.3666%,0.002353,TRI,89444.0,2019-03-06,252.0,0.2943%,0.0012,0.4459,-0.2681,-0.1931,0.9772%,1.1091%,22.3679%,0.003365,TRI,89444.0,2019-03-07,252.0,0.3118%,0.0012,0.4432,-0.2725,-0.1979,0.9776%,1.1091%,22.3172%,0.00586,TRI,89444.0,2019-03-08,252.0,-0.7178%,0.0012,0.4438,-0.2659,-0.1972,0.9780%,1.1095%,22.2998%,-0.006494,TRI,89444.0,2019-03-11,252.0,1.3163%,0.0012,0.4462,-0.2549,-0.1922,0.9768%,1.1090%,22.4296%,0.006391,TRI,89444.0,2019-03-12,252.0,0.6587%,0.0012,0.4445,-0.2561,-0.1946,0.9769%,1.1078%,22.2332%,0.004514,TRI,0.020893,0.030146,0.024385,0.027206,0.040842
19019,THOMSON REUTERS CORP,"Thomson Reuters Q4 Adj. EPS $0.20 Down From $0.22 YoY, Sales $1.519B Miss $2.92B Estimate; Raises Qtr. Dividend From $0.35 To $0.36/Share",6,decrease,0.7,0.6,"the miss on sales estimates and the decline in adjusted eps year-over-year are likely to negatively impact investor sentiment, despite the increase in the quarterly dividend.",0,2019-02-26,TRI,2019-02-26 11:37:00+00:00,89444.0,88490380,0.0331439413130283,1314669.0,-0.0108157685026526,-0.0088229998946189,0.0083395252004265,0.0049047754146158,-0.0023892864119261,0.0068375458940863,-0.0014738028403371,-0.0051019773818552,0.002952026668936,-0.0007553042960353,0.0029433378949761,0.0051243207417428,0.0031181471422314,0.0032368272077292,-0.0071784132160246,-0.0051146135665476,0.0131628271192312,0.0034214085899293,0.0065873153507709,-0.0110902283340692,0.0125432191416621,0.005481022875756,0.0014362300280481,0.0005672991392202,0.0098602194339036,-0.0084380414336919,0.0021302844397723,0.0113787651062011,0.0046058162115514,0.0053383940830826,-0.0001763061445672,0.0021016546525061,0.0128747709095478,0.0092556793242692,0.0067908652126789,0.0097352024167776,-0.0038049328140914,0.007651547435671,0.0003472301759757,-0.0013714673696085,0.00780980149284,0.0011769591365009,0.0158429816365242,-0.0029337282758206,0.0035599097609519,0.0088792573660612,0.0013513178564608,-0.004126529674977,-0.005566768348217,0.0083217388018965,0.0091603212058544,0.0019853541161865,-0.0141200227662921,0.0153194582089781,-0.0006820275448262,0.0056760343722999,0.0049479766748845,0.0042753033339977,-0.0047538639046251,0.0042935819365084,0.0068236356601119,0.0130489040166139,0.0001694056554697,0.0136468131095171,0.0111807528883218,0.0029479761142283,0.0036857300437986,-0.002520456444472,-0.0021699394565075,0.0157883875072002,0.0006691354210488,-0.0145080406218767,0.0016716562677174,-0.015524735674262,0.0023365020751953,0.0077180382795631,-0.0036630239337682,0.0025093879085034,-0.0021724777761846,-0.0064409174956381,0.018589861690998,0.0332760661840438,0.0021374723874032,-0.0154301319271326,0.0032813907600939,-0.027543680742383,0.0112837059423327,-0.0131845381110906,-0.0040426906198263,-0.0036378395743668,0.0008118076948449,-0.018254006281495,-0.0014600933063775,-0.0154326455667614,0.0034118455369025,-0.0036979843862354,-0.0124675622209906,0.0118157211691141,0.028693227097392,0.0115537447854876,0.0082881199195981,-0.0017896231729537,0.013278535567224,-0.0039611952379345,-0.0098283505067229,-0.0098058441653847,0.01181660592556,-0.0001960455265361,0.0082528619095683,0.023685272783041,0.0069497600197792,-0.0099364072084426,-0.0035275421105325,0.0063999937847256,-0.0033861969131976,-0.0023942324332892,0.0072587062604725,0.0182852037250995,0.0029132449999451,0.003611922962591,-0.0108157685026526,-0.0088229998946189,-0.0025664416762158,-0.0039614993129694,-0.004949596123918,0.0028489596477552,-0.0034830180773068,-0.0030211446652509,0.0151146627544345,-0.0075188251197064,0.0817309978062967,0.079533825418619,0.2070288162371127,0.0766092555509079,2019-02-27,2019-02-28,2019-03-01,2019-03-04,2019-03-05,2019-03-06,2019-03-07,2019-03-08,2019-03-11,2019-03-12,89444.0,2019-02-26,252.0,3.3144%,0.0012,0.4547,-0.2389,-0.1786,0.9748%,1.1110%,23.0124%,0.031978,TRI,89444.0,2019-02-27,252.0,-1.0816%,0.0012,0.4552,-0.2434,-0.1785,0.9779%,1.1133%,22.8519%,-0.011085,TRI,89444.0,2019-02-28,252.0,0.8340%,0.0012,0.4533,-0.2444,-0.1818,0.9792%,1.1136%,22.6799%,0.009253,TRI,89444.0,2019-03-01,252.0,-0.2389%,0.0012,0.4447,-0.2571,-0.1918,0.9774%,1.1097%,22.4276%,-0.005761,TRI,89444.0,2019-03-04,252.0,-0.1474%,0.0012,0.4458,-0.2599,-0.1922,0.9773%,1.1092%,22.3707%,0.000468,TRI,89444.0,2019-03-05,252.0,0.2952%,0.0012,0.4453,-0.2624,-0.1929,0.9773%,1.1092%,22.3666%,0.002353,TRI,89444.0,2019-03-06,252.0,0.2943%,0.0012,0.4459,-0.2681,-0.1931,0.9772%,1.1091%,22.3679%,0.003365,TRI,89444.0,2019-03-07,252.0,0.3118%,0.0012,0.4432,-0.2725,-0.1979,0.9776%,1.1091%,22.3172%,0.00586,TRI,89444.0,2019-03-08,252.0,-0.7178%,0.0012,0.4438,-0.2659,-0.1972,0.9780%,1.1095%,22.2998%,-0.006494,TRI,89444.0,2019-03-11,252.0,1.3163%,0.0012,0.4462,-0.2549,-0.1922,0.9768%,1.1090%,22.4296%,0.006391,TRI,89444.0,2019-03-12,252.0,0.6587%,0.0012,0.4445,-0.2561,-0.1946,0.9769%,1.1078%,22.2332%,0.004514,TRI,0.020893,0.030146,0.024385,0.027206,0.040842
19027,T ROWE PRICE GROUP INC,T. Rowe Price Group Investor Day Presentation (Link),6,uncertain,0.5,0.5,"the impact of an investor day presentation can vary based on the content shared and market perception, making the effect on stock price uncertain.",1,2019-02-26,TROW,2019-02-26 20:04:00+00:00,10138.0,74144T10,0.0040770717896521,1123924.0,0.0175616256892681,0.0006119077443145,0.001895475317724,0.0097837755456566,0.0023897029459476,-0.0110002225264906,-0.0112247671931982,0.0080082006752491,-0.0073337689973413,-0.0018446433823555,-0.0075903250835835,0.0024656411260366,-0.0182541403919458,-0.0080505544319748,0.005920844618231,0.010711720213294,0.0232342015951871,0.0476961061358451,0.0135230999439954,0.0031392176169902,0.009160591289401,-0.0145082212984561,0.0008880298119038,-0.0050944951362907,0.0174811501055955,-0.004016884136945,0.0040023038163781,-0.0059892791323363,-0.0020417994819581,0.010833740234375,-0.0173421557992696,0.0073828636668622,0.0143763329833746,0.0472882278263568,-0.0346984229981899,-0.0378436893224716,-0.0054678097367286,-0.0179989095777273,0.0170026291161775,-0.0010577059583738,-0.0080088404938578,0.0073514003306627,0.0,0.0025635319761931,0.010394656099379,-0.0089975493028759,0.0317618884146213,-0.0221509095281362,-0.0002904782886616,0.0197382606565952,0.00029056268977,-0.0055631236173212,-0.0028073659632354,0.0271697752177715,0.0138821499422192,0.0171071123331785,0.0005744691588915,0.0104155391454696,-0.0065071801654994,-0.0221042465418577,0.0022154049947857,-0.0038855974562466,0.0067275054752826,0.0035745431669056,0.0109785348176956,0.0051170522347092,-0.0089707700535655,-0.0014134037774056,0.0164840724319219,0.0356942452490329,-0.0055305957794189,-0.0329921469092369,-0.0017908833688125,-0.0051993429660797,0.0055712591856718,0.0107291806489229,0.0094844792038202,0.0003285377169959,0.0210232753306627,0.0185164082795381,-0.0191326383501291,0.0553267188370227,0.0036225095391273,-0.0210878290235996,-0.0071263695135712,-0.0059565207920968,0.0020507199224084,-0.0125551475211978,-0.0133023280650377,-0.0263215787708759,-0.0076364437118172,-0.0025265926960855,0.0152004407718777,-0.0102207502350211,-0.010481028817594,-0.0138323064893484,-0.0230754204094409,-0.0006381038110703,-0.0030010181944817,0.0216233599931001,-0.0014564669691026,-0.0045429766178131,0.0267405696213245,-0.0088979611173272,-0.0422388426959514,-0.0166561435908079,0.0204687006771564,-0.0043035168200731,0.0073643620125949,-0.0432818345725536,0.0129857491701841,0.0022141828667372,-0.0088310735300183,0.0152242546901106,-0.0023950948379933,-0.0047792717814445,0.0148852691054344,0.0365763008594512,-0.003785025794059,-0.011358861811459,0.0175616256892681,0.0006119077443145,0.0194903886350252,0.0104016700579963,0.0219266678201117,-0.0007129731537794,0.0030453296209365,0.0054314279460874,0.019490387080056,0.0620264493585327,0.0618586955293822,0.0630620831719814,0.0767913917653368,0.0300792567114684,2019-02-27,2019-02-28,2019-03-01,2019-03-04,2019-03-05,2019-03-06,2019-03-07,2019-03-08,2019-03-11,2019-03-12,10138.0,2019-02-26,252.0,0.4077%,-0.0003,1.2957,-0.0448,0.3839,0.9742%,1.6139%,63.5649%,0.007113,TROW,10138.0,2019-02-27,252.0,1.7562%,-0.0003,1.295,-0.0387,0.3838,0.9800%,1.6143%,63.1436%,0.016841,TROW,10138.0,2019-02-28,252.0,0.1895%,-0.0003,1.294,-0.0391,0.3815,0.9810%,1.6115%,62.9413%,0.006777,TROW,10138.0,2019-03-01,252.0,0.2390%,-0.0003,1.2998,-0.0306,0.3928,0.9790%,1.6114%,63.0918%,-0.0053779999999999,TROW,10138.0,2019-03-04,252.0,-1.1225%,-0.0003,1.3004,-0.0274,0.3914,0.9797%,1.6097%,62.9620%,-0.00621,TROW,10138.0,2019-03-05,252.0,-0.7334%,-0.0003,1.3021,-0.0173,0.394,0.9796%,1.6103%,62.9923%,-0.004359,TROW,10138.0,2019-03-06,252.0,-0.7590%,-0.0003,1.3011,-0.0242,0.392,0.9798%,1.6085%,62.8959%,0.002882,TROW,10138.0,2019-03-07,252.0,-1.8254%,-0.0004,1.3018,-0.0331,0.3904,0.9789%,1.6101%,63.0330%,-0.006398,TROW,10138.0,2019-03-08,252.0,0.5921%,-0.0003,1.3004,-0.0321,0.3881,0.9809%,1.6105%,62.9087%,0.009375,TROW,10138.0,2019-03-11,252.0,2.3234%,-0.0003,1.3034,-0.0235,0.3915,0.9808%,1.6162%,63.1689%,0.0059019999999999,TROW,10138.0,2019-03-12,252.0,1.3523%,-0.0003,1.2983,-0.0273,0.3841,0.9822%,1.6071%,62.6506%,0.010422,TROW,0.023954,0.030731,0.025353,0.014784,0.036967
19035,TUPPERWARE BRANDS CORP,Tupperware Names Sandra Harris CFO,6,uncertain,0.5,0.5,"the appointment of a new cfo can have mixed implications for a company's stock price, depending on the market's perception of the new executive's experience and the company's future direction.",1,2019-02-26,TUP,2019-02-26 21:36:00+00:00,83462.0,89989610,0.0051814042963087,527664.0,-0.022873742505908,-0.0032279014121741,-0.0072535215876996,0.0091204810887575,-0.0249086674302816,-0.0064724548719823,-0.0197547655552625,0.0147782871499657,-0.0170257035642862,0.0242180023342371,-0.0137858353555202,0.0174538064748048,-0.0283153764903545,0.0206077601760625,0.0018443097360432,0.0491021685302257,0.0265095476061105,0.0160089470446109,-0.011836439371109,-0.0007439937326125,-0.0214156135916709,-0.0037064633797854,-0.0037091423291713,-0.0270465202629566,0.0134027805179357,-0.0053801871836185,-0.004041098523885,0.0116110192611813,-0.0173367671668529,0.0325964391231536,-0.0083428602665662,-0.0212687905877828,-0.0103250658139586,-0.0144560756161809,-0.0386398769915103,-0.2743246853351593,-0.0076366011053323,0.0010501684155315,0.0157958436757326,0.0087394556030631,0.0075757787562906,0.0061284187249839,0.0091016832739114,-0.0097626047208905,0.0031372518278658,0.019365282729268,0.0086004426702857,-0.0223507359623909,-0.0046511213295161,0.0119743729010224,-0.0183022283017635,-0.0076577002182602,0.0384768433868885,0.0007927795522846,0.0198625084012746,0.0172042846679687,0.0029962516855448,0.0021552217658609,-0.0287528168410062,0.0203407872468233,0.0326797515153884,0.0077563049271702,-0.003723022295162,0.0095078349113464,-0.0108371041715145,0.0214224513620138,0.0086891371756792,0.0354923643171787,-0.0011236212449148,0.0406278744339942,-0.0082489429041743,0.0015414011431857,-0.0026465633418411,0.0275577753782272,-0.025777043774724,0.0125079983845353,0.0233462434262037,-0.0123534807935357,-0.0935360863804817,-0.0204778108745813,-0.0394295528531074,0.0460889339447021,0.0323144011199474,-0.028994645923376,0.0063452422618865,-0.0343883447349071,0.0004202741256449,-0.0214413683861494,-0.0453781485557556,-0.0538179688155651,0.0171655509620904,0.0420628823339939,0.0328862071037292,-0.0214266162365675,-0.0033514839597046,-0.011151316575706,-0.0147120794281363,0.0027955961413681,-0.0349829196929931,0.0246347934007644,-0.0114942621439695,0.0252569932490587,-0.0035778139717876,-0.0263083204627037,0.0004488432896323,-0.0196242500096559,0.006729457527399,-0.0121850576251745,0.0227272827178239,-0.0424290262162685,0.0039215749129652,-0.0065858801826834,-0.0247396510094404,0.0010548764839768,-0.0298175383359193,0.0029091984033584,0.0082568954676389,-0.0068294806405901,-0.0200181361287832,-0.0127075118944048,-0.022873742505908,-0.0032279014121741,-0.0299613489085496,0.0058631396627972,-0.0541237190631055,-0.0006472641160606,-0.0885953575284573,0.0386814534057826,-0.1124356165259292,0.1488095270878926,-0.1534692826728618,-0.1511820010034607,-0.2989514634809908,-0.1838259996822149,2019-02-27,2019-02-28,2019-03-01,2019-03-04,2019-03-05,2019-03-06,2019-03-07,2019-03-08,2019-03-11,2019-03-12,83462.0,2019-02-26,252.0,0.5181%,-0.001,0.7428,1.2328,1.131,3.0553%,3.1922%,8.3929%,0.018061,TUP,83462.0,2019-02-27,252.0,-2.2874%,-0.0011,0.7369,1.2364,1.13,3.0580%,3.1940%,8.3342%,-0.024627,TUP,83462.0,2019-02-28,252.0,-0.7254%,-0.0011,0.7295,1.2313,1.125,3.0567%,3.1903%,8.1991%,-0.0024909999999999,TUP,83462.0,2019-03-01,252.0,-2.4909%,-0.0011,0.7129,1.2065,1.1123,3.0598%,3.1866%,7.7961%,-0.029322,TUP,83462.0,2019-03-04,252.0,-1.9755%,-0.0012,0.7152,1.2119,1.1087,3.0612%,3.1886%,7.8300%,-0.01565,TUP,83462.0,2019-03-05,252.0,-1.7026%,-0.0012,0.7178,1.2266,1.1136,3.0614%,3.1896%,7.8760%,-0.009482,TUP,83462.0,2019-03-06,252.0,-1.3786%,-0.0012,0.7061,1.2164,1.0991,3.0603%,3.1878%,7.8368%,0.007163,TUP,83462.0,2019-03-07,252.0,-2.8315%,-0.0012,0.7158,1.2305,1.1159,3.0618%,3.1921%,7.9975%,-0.018137,TUP,83462.0,2019-03-08,252.0,0.1844%,-0.0012,0.7137,1.2518,1.1114,3.0596%,3.1910%,8.0665%,0.004611,TUP,83462.0,2019-03-11,252.0,2.6510%,-0.0011,0.7226,1.2725,1.1187,3.0605%,3.1957%,8.2775%,0.017059,TUP,83462.0,2019-03-12,252.0,-1.1836%,-0.0012,0.7161,1.2776,1.1134,3.0607%,3.1939%,8.1717%,-0.009275,TUP,-0.0065659999999999,-0.0090569999999999,-0.0383789999999999,-0.063511,-0.0620899999999999
19043,2 U INC,2U Inc shares are trading higher after the company beat Q4 EPS and sales estimates; the company also provided upbeat Q1 and FY19 guidance.,6,increase,0.85,0.7,"the positive earnings report and optimistic guidance typically lead to increased investor confidence, driving the stock price higher.",2,2019-02-26,TWOU,2019-02-26 15:59:00+00:00,14554.0,90214J10,0.0403090305626392,2037251.0,0.0062103290110826,0.0159816648811101,-0.0111364796757698,0.0200874079018831,-0.0002713248832151,0.0073313787579536,-0.0525244660675525,-0.0153047237545251,-0.0054433071054518,0.0090326741337776,-0.0272216536104679,0.0287769511342048,0.003109254874289,0.0127505157142877,-0.0039851902984082,0.0300187338143587,0.0312684178352356,0.0369649603962898,-0.0070412112399935,0.0200099069625139,0.0001447487156838,0.0101904543116688,-0.0005788006819784,-0.0039933091029524,-0.0001448115799576,-0.0024896517861634,-0.006660861428827,0.0179084539413452,-0.0020408073905855,0.0461293160915374,-0.0138766719028353,-0.0047492813318967,0.025181408971548,0.0049495985731482,-0.0455136783421039,0.0083779189735651,0.0089313350617885,-0.0090090464800596,0.0240059774369001,0.0005302011268213,-0.0017582819564267,0.0343693047761917,0.0532805658876895,-0.0202400330454111,-0.0126812104135751,-0.009227979928255,0.0165137350559234,-0.0014177180128172,0.0051375003531575,0.021912332624197,0.0138140628114342,-0.0016271949280053,-0.0378798022866249,0.0208564233034849,-0.0076476549729704,0.0431267172098159,-0.0342514850199222,-0.0220297873020172,-0.0214274711906909,0.0016974755562841,0.0084566222503781,-0.0121110063046217,-0.0190176200121641,-0.0055587003007531,-0.0007632888155058,0.0125703942030668,-0.0085548050701618,0.0281635615974664,0.0,0.0638210698962211,-0.0417565926909446,-0.0183319877833128,-0.027978740632534,-0.0016090472927317,0.0195202697068452,0.029186500236392,0.0056790276430547,-0.0014468724839389,-0.0020974681247025,0.0166001450270414,-0.0135812480002641,0.0406735315918922,0.0136043578386306,-0.0093154311180114,-0.0037192681338638,-0.0936579704284668,-0.0180165655910968,-0.015274572186172,-0.0170247741043567,-0.0350745767354965,0.0178240723907947,0.0117025095969438,0.0320502631366252,-0.043509654700756,-0.0012806439772248,-0.0319818556308746,-0.0394293814897537,-0.0439431481063365,-0.2529617846012115,0.0126903560012579,-0.039758738130331,0.0226682387292385,-0.0316352769732475,0.0192239880561828,-0.0658179596066474,-0.0152831021696329,0.0133710587397217,0.0144468555226922,0.0314641371369361,-0.0102877095341682,0.0226321797817945,-0.0178112853318452,-0.0144334491342306,0.0095089767128229,-0.0202587693929672,0.0147368451580405,0.0062282015569508,0.079136699438095,0.0069323787465691,-0.0093773445114493,0.0062103290110826,0.0159816648811101,-0.0049953118674989,0.0363901030044113,-0.0052652813983049,0.0439882713905313,-0.0626434365139171,0.0372960015142778,-0.0670987073422638,0.1774432861944679,-0.1059808109676256,0.3428894006509404,-0.4509248253496083,0.3353337835371515,2019-02-27,2019-02-28,2019-03-01,2019-03-04,2019-03-05,2019-03-06,2019-03-07,2019-03-08,2019-03-11,2019-03-12,14554.0,2019-02-26,252.0,4.0309%,-0.0007,1.0923,0.8794,-1.1867,2.2041%,2.8104%,38.4912%,0.044142,TWOU,14554.0,2019-02-27,252.0,0.6210%,-0.0007,1.0903,0.8839,-1.187,2.2040%,2.8095%,38.4614%,0.002032,TWOU,14554.0,2019-02-28,252.0,-1.1136%,-0.001,1.1243,0.9069,-1.1599,2.1726%,2.7974%,39.6779%,-0.011001,TWOU,14554.0,2019-03-01,252.0,-0.0271%,-0.0011,1.124,0.9065,-1.1535,2.1744%,2.7968%,39.5553%,-0.015726,TWOU,14554.0,2019-03-04,252.0,-5.2524%,-0.0013,1.1421,0.8801,-1.1659,2.1794%,2.8122%,39.9375%,-0.038645,TWOU,14554.0,2019-03-05,252.0,-0.5443%,-0.0013,1.1446,0.8977,-1.1633,2.1787%,2.8110%,39.9263%,-0.003662,TWOU,14554.0,2019-03-06,252.0,-2.7222%,-0.0013,1.1495,0.9045,-1.1567,2.1786%,2.8160%,40.1483%,-0.0059209999999999,TWOU,14554.0,2019-03-07,252.0,0.3109%,-0.0013,1.1437,0.8966,-1.1668,2.1795%,2.8151%,40.0599%,0.009261,TWOU,14554.0,2019-03-08,252.0,-0.3985%,-0.0014,1.145,0.8816,-1.1639,2.1778%,2.8105%,39.9545%,-0.003991,TWOU,14554.0,2019-03-11,252.0,3.1268%,-0.0013,1.148,0.8884,-1.1617,2.1780%,2.8173%,40.2326%,0.004892,TWOU,14554.0,2019-03-12,252.0,-0.7041%,-0.0012,1.175,0.8858,-1.1318,2.1688%,2.8151%,40.6463%,-0.008443,TWOU,0.046174,0.0351729999999999,0.0194469999999999,-0.02286,-0.027062
19051,2 U INC,"Oppenheimer Expects 2U To Post Share Gains, Strong Revenue In 2019",6,increase,0.8,0.7,"the expectation of share gains and strong revenue typically signals positive performance, which is likely to boost investor confidence and increase the stock price.",2,2019-02-26,TWOU,2019-02-26 15:38:00+00:00,14554.0,90214J10,0.0403090305626392,2037251.0,0.0062103290110826,0.0159816648811101,-0.0111364796757698,0.0200874079018831,-0.0002713248832151,0.0073313787579536,-0.0525244660675525,-0.0153047237545251,-0.0054433071054518,0.0090326741337776,-0.0272216536104679,0.0287769511342048,0.003109254874289,0.0127505157142877,-0.0039851902984082,0.0300187338143587,0.0312684178352356,0.0369649603962898,-0.0070412112399935,0.0200099069625139,0.0001447487156838,0.0101904543116688,-0.0005788006819784,-0.0039933091029524,-0.0001448115799576,-0.0024896517861634,-0.006660861428827,0.0179084539413452,-0.0020408073905855,0.0461293160915374,-0.0138766719028353,-0.0047492813318967,0.025181408971548,0.0049495985731482,-0.0455136783421039,0.0083779189735651,0.0089313350617885,-0.0090090464800596,0.0240059774369001,0.0005302011268213,-0.0017582819564267,0.0343693047761917,0.0532805658876895,-0.0202400330454111,-0.0126812104135751,-0.009227979928255,0.0165137350559234,-0.0014177180128172,0.0051375003531575,0.021912332624197,0.0138140628114342,-0.0016271949280053,-0.0378798022866249,0.0208564233034849,-0.0076476549729704,0.0431267172098159,-0.0342514850199222,-0.0220297873020172,-0.0214274711906909,0.0016974755562841,0.0084566222503781,-0.0121110063046217,-0.0190176200121641,-0.0055587003007531,-0.0007632888155058,0.0125703942030668,-0.0085548050701618,0.0281635615974664,0.0,0.0638210698962211,-0.0417565926909446,-0.0183319877833128,-0.027978740632534,-0.0016090472927317,0.0195202697068452,0.029186500236392,0.0056790276430547,-0.0014468724839389,-0.0020974681247025,0.0166001450270414,-0.0135812480002641,0.0406735315918922,0.0136043578386306,-0.0093154311180114,-0.0037192681338638,-0.0936579704284668,-0.0180165655910968,-0.015274572186172,-0.0170247741043567,-0.0350745767354965,0.0178240723907947,0.0117025095969438,0.0320502631366252,-0.043509654700756,-0.0012806439772248,-0.0319818556308746,-0.0394293814897537,-0.0439431481063365,-0.2529617846012115,0.0126903560012579,-0.039758738130331,0.0226682387292385,-0.0316352769732475,0.0192239880561828,-0.0658179596066474,-0.0152831021696329,0.0133710587397217,0.0144468555226922,0.0314641371369361,-0.0102877095341682,0.0226321797817945,-0.0178112853318452,-0.0144334491342306,0.0095089767128229,-0.0202587693929672,0.0147368451580405,0.0062282015569508,0.079136699438095,0.0069323787465691,-0.0093773445114493,0.0062103290110826,0.0159816648811101,-0.0049953118674989,0.0363901030044113,-0.0052652813983049,0.0439882713905313,-0.0626434365139171,0.0372960015142778,-0.0670987073422638,0.1774432861944679,-0.1059808109676256,0.3428894006509404,-0.4509248253496083,0.3353337835371515,2019-02-27,2019-02-28,2019-03-01,2019-03-04,2019-03-05,2019-03-06,2019-03-07,2019-03-08,2019-03-11,2019-03-12,14554.0,2019-02-26,252.0,4.0309%,-0.0007,1.0923,0.8794,-1.1867,2.2041%,2.8104%,38.4912%,0.044142,TWOU,14554.0,2019-02-27,252.0,0.6210%,-0.0007,1.0903,0.8839,-1.187,2.2040%,2.8095%,38.4614%,0.002032,TWOU,14554.0,2019-02-28,252.0,-1.1136%,-0.001,1.1243,0.9069,-1.1599,2.1726%,2.7974%,39.6779%,-0.011001,TWOU,14554.0,2019-03-01,252.0,-0.0271%,-0.0011,1.124,0.9065,-1.1535,2.1744%,2.7968%,39.5553%,-0.015726,TWOU,14554.0,2019-03-04,252.0,-5.2524%,-0.0013,1.1421,0.8801,-1.1659,2.1794%,2.8122%,39.9375%,-0.038645,TWOU,14554.0,2019-03-05,252.0,-0.5443%,-0.0013,1.1446,0.8977,-1.1633,2.1787%,2.8110%,39.9263%,-0.003662,TWOU,14554.0,2019-03-06,252.0,-2.7222%,-0.0013,1.1495,0.9045,-1.1567,2.1786%,2.8160%,40.1483%,-0.0059209999999999,TWOU,14554.0,2019-03-07,252.0,0.3109%,-0.0013,1.1437,0.8966,-1.1668,2.1795%,2.8151%,40.0599%,0.009261,TWOU,14554.0,2019-03-08,252.0,-0.3985%,-0.0014,1.145,0.8816,-1.1639,2.1778%,2.8105%,39.9545%,-0.003991,TWOU,14554.0,2019-03-11,252.0,3.1268%,-0.0013,1.148,0.8884,-1.1617,2.1780%,2.8173%,40.2326%,0.004892,TWOU,14554.0,2019-03-12,252.0,-0.7041%,-0.0012,1.175,0.8858,-1.1318,2.1688%,2.8151%,40.6463%,-0.008443,TWOU,0.046174,0.0351729999999999,0.0194469999999999,-0.02286,-0.027062
19059,2 U INC,"Credit Suisse Maintains Outperform on 2U, Raises Price Target to $85",6,increase,0.8,0.7,"the maintenance of an 'outperform' rating and an increase in the price target typically signals positive sentiment from analysts, which can lead to an increase in stock price.",2,2019-02-26,TWOU,2019-02-26 13:33:00+00:00,14554.0,90214J10,0.0403090305626392,2037251.0,0.0062103290110826,0.0159816648811101,-0.0111364796757698,0.0200874079018831,-0.0002713248832151,0.0073313787579536,-0.0525244660675525,-0.0153047237545251,-0.0054433071054518,0.0090326741337776,-0.0272216536104679,0.0287769511342048,0.003109254874289,0.0127505157142877,-0.0039851902984082,0.0300187338143587,0.0312684178352356,0.0369649603962898,-0.0070412112399935,0.0200099069625139,0.0001447487156838,0.0101904543116688,-0.0005788006819784,-0.0039933091029524,-0.0001448115799576,-0.0024896517861634,-0.006660861428827,0.0179084539413452,-0.0020408073905855,0.0461293160915374,-0.0138766719028353,-0.0047492813318967,0.025181408971548,0.0049495985731482,-0.0455136783421039,0.0083779189735651,0.0089313350617885,-0.0090090464800596,0.0240059774369001,0.0005302011268213,-0.0017582819564267,0.0343693047761917,0.0532805658876895,-0.0202400330454111,-0.0126812104135751,-0.009227979928255,0.0165137350559234,-0.0014177180128172,0.0051375003531575,0.021912332624197,0.0138140628114342,-0.0016271949280053,-0.0378798022866249,0.0208564233034849,-0.0076476549729704,0.0431267172098159,-0.0342514850199222,-0.0220297873020172,-0.0214274711906909,0.0016974755562841,0.0084566222503781,-0.0121110063046217,-0.0190176200121641,-0.0055587003007531,-0.0007632888155058,0.0125703942030668,-0.0085548050701618,0.0281635615974664,0.0,0.0638210698962211,-0.0417565926909446,-0.0183319877833128,-0.027978740632534,-0.0016090472927317,0.0195202697068452,0.029186500236392,0.0056790276430547,-0.0014468724839389,-0.0020974681247025,0.0166001450270414,-0.0135812480002641,0.0406735315918922,0.0136043578386306,-0.0093154311180114,-0.0037192681338638,-0.0936579704284668,-0.0180165655910968,-0.015274572186172,-0.0170247741043567,-0.0350745767354965,0.0178240723907947,0.0117025095969438,0.0320502631366252,-0.043509654700756,-0.0012806439772248,-0.0319818556308746,-0.0394293814897537,-0.0439431481063365,-0.2529617846012115,0.0126903560012579,-0.039758738130331,0.0226682387292385,-0.0316352769732475,0.0192239880561828,-0.0658179596066474,-0.0152831021696329,0.0133710587397217,0.0144468555226922,0.0314641371369361,-0.0102877095341682,0.0226321797817945,-0.0178112853318452,-0.0144334491342306,0.0095089767128229,-0.0202587693929672,0.0147368451580405,0.0062282015569508,0.079136699438095,0.0069323787465691,-0.0093773445114493,0.0062103290110826,0.0159816648811101,-0.0049953118674989,0.0363901030044113,-0.0052652813983049,0.0439882713905313,-0.0626434365139171,0.0372960015142778,-0.0670987073422638,0.1774432861944679,-0.1059808109676256,0.3428894006509404,-0.4509248253496083,0.3353337835371515,2019-02-27,2019-02-28,2019-03-01,2019-03-04,2019-03-05,2019-03-06,2019-03-07,2019-03-08,2019-03-11,2019-03-12,14554.0,2019-02-26,252.0,4.0309%,-0.0007,1.0923,0.8794,-1.1867,2.2041%,2.8104%,38.4912%,0.044142,TWOU,14554.0,2019-02-27,252.0,0.6210%,-0.0007,1.0903,0.8839,-1.187,2.2040%,2.8095%,38.4614%,0.002032,TWOU,14554.0,2019-02-28,252.0,-1.1136%,-0.001,1.1243,0.9069,-1.1599,2.1726%,2.7974%,39.6779%,-0.011001,TWOU,14554.0,2019-03-01,252.0,-0.0271%,-0.0011,1.124,0.9065,-1.1535,2.1744%,2.7968%,39.5553%,-0.015726,TWOU,14554.0,2019-03-04,252.0,-5.2524%,-0.0013,1.1421,0.8801,-1.1659,2.1794%,2.8122%,39.9375%,-0.038645,TWOU,14554.0,2019-03-05,252.0,-0.5443%,-0.0013,1.1446,0.8977,-1.1633,2.1787%,2.8110%,39.9263%,-0.003662,TWOU,14554.0,2019-03-06,252.0,-2.7222%,-0.0013,1.1495,0.9045,-1.1567,2.1786%,2.8160%,40.1483%,-0.0059209999999999,TWOU,14554.0,2019-03-07,252.0,0.3109%,-0.0013,1.1437,0.8966,-1.1668,2.1795%,2.8151%,40.0599%,0.009261,TWOU,14554.0,2019-03-08,252.0,-0.3985%,-0.0014,1.145,0.8816,-1.1639,2.1778%,2.8105%,39.9545%,-0.003991,TWOU,14554.0,2019-03-11,252.0,3.1268%,-0.0013,1.148,0.8884,-1.1617,2.1780%,2.8173%,40.2326%,0.004892,TWOU,14554.0,2019-03-12,252.0,-0.7041%,-0.0012,1.175,0.8858,-1.1318,2.1688%,2.8151%,40.6463%,-0.008443,TWOU,0.046174,0.0351729999999999,0.0194469999999999,-0.02286,-0.027062
19067,2 U INC,"BMO Capital Maintains Outperform on 2U, Raises Price Target to $83",6,increase,0.8,0.7,bmo capital's maintenance of an 'outperform' rating and an increase in the price target typically signals positive sentiment and potential for stock price appreciation.,2,2019-02-26,TWOU,2019-02-26 13:19:00+00:00,14554.0,90214J10,0.0403090305626392,2037251.0,0.0062103290110826,0.0159816648811101,-0.0111364796757698,0.0200874079018831,-0.0002713248832151,0.0073313787579536,-0.0525244660675525,-0.0153047237545251,-0.0054433071054518,0.0090326741337776,-0.0272216536104679,0.0287769511342048,0.003109254874289,0.0127505157142877,-0.0039851902984082,0.0300187338143587,0.0312684178352356,0.0369649603962898,-0.0070412112399935,0.0200099069625139,0.0001447487156838,0.0101904543116688,-0.0005788006819784,-0.0039933091029524,-0.0001448115799576,-0.0024896517861634,-0.006660861428827,0.0179084539413452,-0.0020408073905855,0.0461293160915374,-0.0138766719028353,-0.0047492813318967,0.025181408971548,0.0049495985731482,-0.0455136783421039,0.0083779189735651,0.0089313350617885,-0.0090090464800596,0.0240059774369001,0.0005302011268213,-0.0017582819564267,0.0343693047761917,0.0532805658876895,-0.0202400330454111,-0.0126812104135751,-0.009227979928255,0.0165137350559234,-0.0014177180128172,0.0051375003531575,0.021912332624197,0.0138140628114342,-0.0016271949280053,-0.0378798022866249,0.0208564233034849,-0.0076476549729704,0.0431267172098159,-0.0342514850199222,-0.0220297873020172,-0.0214274711906909,0.0016974755562841,0.0084566222503781,-0.0121110063046217,-0.0190176200121641,-0.0055587003007531,-0.0007632888155058,0.0125703942030668,-0.0085548050701618,0.0281635615974664,0.0,0.0638210698962211,-0.0417565926909446,-0.0183319877833128,-0.027978740632534,-0.0016090472927317,0.0195202697068452,0.029186500236392,0.0056790276430547,-0.0014468724839389,-0.0020974681247025,0.0166001450270414,-0.0135812480002641,0.0406735315918922,0.0136043578386306,-0.0093154311180114,-0.0037192681338638,-0.0936579704284668,-0.0180165655910968,-0.015274572186172,-0.0170247741043567,-0.0350745767354965,0.0178240723907947,0.0117025095969438,0.0320502631366252,-0.043509654700756,-0.0012806439772248,-0.0319818556308746,-0.0394293814897537,-0.0439431481063365,-0.2529617846012115,0.0126903560012579,-0.039758738130331,0.0226682387292385,-0.0316352769732475,0.0192239880561828,-0.0658179596066474,-0.0152831021696329,0.0133710587397217,0.0144468555226922,0.0314641371369361,-0.0102877095341682,0.0226321797817945,-0.0178112853318452,-0.0144334491342306,0.0095089767128229,-0.0202587693929672,0.0147368451580405,0.0062282015569508,0.079136699438095,0.0069323787465691,-0.0093773445114493,0.0062103290110826,0.0159816648811101,-0.0049953118674989,0.0363901030044113,-0.0052652813983049,0.0439882713905313,-0.0626434365139171,0.0372960015142778,-0.0670987073422638,0.1774432861944679,-0.1059808109676256,0.3428894006509404,-0.4509248253496083,0.3353337835371515,2019-02-27,2019-02-28,2019-03-01,2019-03-04,2019-03-05,2019-03-06,2019-03-07,2019-03-08,2019-03-11,2019-03-12,14554.0,2019-02-26,252.0,4.0309%,-0.0007,1.0923,0.8794,-1.1867,2.2041%,2.8104%,38.4912%,0.044142,TWOU,14554.0,2019-02-27,252.0,0.6210%,-0.0007,1.0903,0.8839,-1.187,2.2040%,2.8095%,38.4614%,0.002032,TWOU,14554.0,2019-02-28,252.0,-1.1136%,-0.001,1.1243,0.9069,-1.1599,2.1726%,2.7974%,39.6779%,-0.011001,TWOU,14554.0,2019-03-01,252.0,-0.0271%,-0.0011,1.124,0.9065,-1.1535,2.1744%,2.7968%,39.5553%,-0.015726,TWOU,14554.0,2019-03-04,252.0,-5.2524%,-0.0013,1.1421,0.8801,-1.1659,2.1794%,2.8122%,39.9375%,-0.038645,TWOU,14554.0,2019-03-05,252.0,-0.5443%,-0.0013,1.1446,0.8977,-1.1633,2.1787%,2.8110%,39.9263%,-0.003662,TWOU,14554.0,2019-03-06,252.0,-2.7222%,-0.0013,1.1495,0.9045,-1.1567,2.1786%,2.8160%,40.1483%,-0.0059209999999999,TWOU,14554.0,2019-03-07,252.0,0.3109%,-0.0013,1.1437,0.8966,-1.1668,2.1795%,2.8151%,40.0599%,0.009261,TWOU,14554.0,2019-03-08,252.0,-0.3985%,-0.0014,1.145,0.8816,-1.1639,2.1778%,2.8105%,39.9545%,-0.003991,TWOU,14554.0,2019-03-11,252.0,3.1268%,-0.0013,1.148,0.8884,-1.1617,2.1780%,2.8173%,40.2326%,0.004892,TWOU,14554.0,2019-03-12,252.0,-0.7041%,-0.0012,1.175,0.8858,-1.1318,2.1688%,2.8151%,40.6463%,-0.008443,TWOU,0.046174,0.0351729999999999,0.0194469999999999,-0.02286,-0.027062
19075,2 U INC,"KeyBanc Maintains Overweight on 2U, Raises Price Target to $80",6,increase,0.8,0.7,the maintenance of an overweight rating and an increase in the price target typically signals positive sentiment and potential for stock price appreciation.,2,2019-02-26,TWOU,2019-02-26 11:00:00+00:00,14554.0,90214J10,0.0403090305626392,2037251.0,0.0062103290110826,0.0159816648811101,-0.0111364796757698,0.0200874079018831,-0.0002713248832151,0.0073313787579536,-0.0525244660675525,-0.0153047237545251,-0.0054433071054518,0.0090326741337776,-0.0272216536104679,0.0287769511342048,0.003109254874289,0.0127505157142877,-0.0039851902984082,0.0300187338143587,0.0312684178352356,0.0369649603962898,-0.0070412112399935,0.0200099069625139,0.0001447487156838,0.0101904543116688,-0.0005788006819784,-0.0039933091029524,-0.0001448115799576,-0.0024896517861634,-0.006660861428827,0.0179084539413452,-0.0020408073905855,0.0461293160915374,-0.0138766719028353,-0.0047492813318967,0.025181408971548,0.0049495985731482,-0.0455136783421039,0.0083779189735651,0.0089313350617885,-0.0090090464800596,0.0240059774369001,0.0005302011268213,-0.0017582819564267,0.0343693047761917,0.0532805658876895,-0.0202400330454111,-0.0126812104135751,-0.009227979928255,0.0165137350559234,-0.0014177180128172,0.0051375003531575,0.021912332624197,0.0138140628114342,-0.0016271949280053,-0.0378798022866249,0.0208564233034849,-0.0076476549729704,0.0431267172098159,-0.0342514850199222,-0.0220297873020172,-0.0214274711906909,0.0016974755562841,0.0084566222503781,-0.0121110063046217,-0.0190176200121641,-0.0055587003007531,-0.0007632888155058,0.0125703942030668,-0.0085548050701618,0.0281635615974664,0.0,0.0638210698962211,-0.0417565926909446,-0.0183319877833128,-0.027978740632534,-0.0016090472927317,0.0195202697068452,0.029186500236392,0.0056790276430547,-0.0014468724839389,-0.0020974681247025,0.0166001450270414,-0.0135812480002641,0.0406735315918922,0.0136043578386306,-0.0093154311180114,-0.0037192681338638,-0.0936579704284668,-0.0180165655910968,-0.015274572186172,-0.0170247741043567,-0.0350745767354965,0.0178240723907947,0.0117025095969438,0.0320502631366252,-0.043509654700756,-0.0012806439772248,-0.0319818556308746,-0.0394293814897537,-0.0439431481063365,-0.2529617846012115,0.0126903560012579,-0.039758738130331,0.0226682387292385,-0.0316352769732475,0.0192239880561828,-0.0658179596066474,-0.0152831021696329,0.0133710587397217,0.0144468555226922,0.0314641371369361,-0.0102877095341682,0.0226321797817945,-0.0178112853318452,-0.0144334491342306,0.0095089767128229,-0.0202587693929672,0.0147368451580405,0.0062282015569508,0.079136699438095,0.0069323787465691,-0.0093773445114493,0.0062103290110826,0.0159816648811101,-0.0049953118674989,0.0363901030044113,-0.0052652813983049,0.0439882713905313,-0.0626434365139171,0.0372960015142778,-0.0670987073422638,0.1774432861944679,-0.1059808109676256,0.3428894006509404,-0.4509248253496083,0.3353337835371515,2019-02-27,2019-02-28,2019-03-01,2019-03-04,2019-03-05,2019-03-06,2019-03-07,2019-03-08,2019-03-11,2019-03-12,14554.0,2019-02-26,252.0,4.0309%,-0.0007,1.0923,0.8794,-1.1867,2.2041%,2.8104%,38.4912%,0.044142,TWOU,14554.0,2019-02-27,252.0,0.6210%,-0.0007,1.0903,0.8839,-1.187,2.2040%,2.8095%,38.4614%,0.002032,TWOU,14554.0,2019-02-28,252.0,-1.1136%,-0.001,1.1243,0.9069,-1.1599,2.1726%,2.7974%,39.6779%,-0.011001,TWOU,14554.0,2019-03-01,252.0,-0.0271%,-0.0011,1.124,0.9065,-1.1535,2.1744%,2.7968%,39.5553%,-0.015726,TWOU,14554.0,2019-03-04,252.0,-5.2524%,-0.0013,1.1421,0.8801,-1.1659,2.1794%,2.8122%,39.9375%,-0.038645,TWOU,14554.0,2019-03-05,252.0,-0.5443%,-0.0013,1.1446,0.8977,-1.1633,2.1787%,2.8110%,39.9263%,-0.003662,TWOU,14554.0,2019-03-06,252.0,-2.7222%,-0.0013,1.1495,0.9045,-1.1567,2.1786%,2.8160%,40.1483%,-0.0059209999999999,TWOU,14554.0,2019-03-07,252.0,0.3109%,-0.0013,1.1437,0.8966,-1.1668,2.1795%,2.8151%,40.0599%,0.009261,TWOU,14554.0,2019-03-08,252.0,-0.3985%,-0.0014,1.145,0.8816,-1.1639,2.1778%,2.8105%,39.9545%,-0.003991,TWOU,14554.0,2019-03-11,252.0,3.1268%,-0.0013,1.148,0.8884,-1.1617,2.1780%,2.8173%,40.2326%,0.004892,TWOU,14554.0,2019-03-12,252.0,-0.7041%,-0.0012,1.175,0.8858,-1.1318,2.1688%,2.8151%,40.6463%,-0.008443,TWOU,0.046174,0.0351729999999999,0.0194469999999999,-0.02286,-0.027062
19083,U S BANCORP DEL,Project44 Presents Advanced Visibility Platform With U.S. Bank Backing,6,increase,0.7,0.6,"the backing of u.s. bank for project44's advanced visibility platform suggests a positive development that could enhance u.s. bancorp's reputation and business prospects, likely leading to an increase in stock price.",2,2019-02-26,USB,2019-02-26 21:27:00+00:00,66157.0,90297330,-0.0060066143050789,4823313.0,0.004678395576775,0.00643529323861,0.0029103164561092,0.0045053781941533,0.0005804332322441,-0.0106589002534747,-0.0009668029961176,0.0056518628261983,-0.0025159136857837,0.0,-0.0085371062159538,0.0168450716882944,-0.0082191424444317,-0.0088391425088047,0.0037489864043891,-0.0058582159690558,0.0115981949493289,0.0130563769489526,-0.0079673500731587,-0.0005931710475124,0.0103820292279124,-0.0072620003484189,0.0025203034747391,-0.0095256194472312,0.0069619147107005,-0.0007770185475237,0.0072978888638317,-0.0017452036263421,-0.009914212860167,0.0054591298103332,-0.0300404652953147,0.0025410684756934,-0.0140956742689013,0.0023510761093348,-0.0277889873832464,-0.0001958535140147,-0.0037282581906765,-0.0042910319752991,0.0085239056497812,-0.0019466318190097,-0.0078333802521228,0.0094320997595787,0.0058175739832222,0.0071244928985834,0.0031223502010107,0.0077782087028026,0.0182610731571912,-0.0015930272638797,0.0014265272766351,0.0094472607597708,0.0056979809887707,0.0130319567397236,0.0074869031086564,0.0237648393958807,-0.001807594904676,0.0037664845585823,0.0036217365413904,0.0073777888901531,-0.0132317524403333,0.0027477752882987,0.0016253151698037,-0.0021092274691909,0.006288060452789,0.0106587084010243,0.0122959204018116,0.0064363707788288,-0.0065711233764886,-0.0046978690661489,0.0078171854838728,0.0247265007346868,0.0077565512619912,-0.0140236839652061,0.0106572117656469,0.0142231443896889,-0.0001952415914274,0.0108383474871516,0.0095702707767486,-0.0015334596391767,-0.0001934285537572,0.0057281809858977,0.0030959723517298,0.0372486561536788,0.0096450615674257,-0.0190540757030248,0.0126098552718758,-0.0253441091626882,0.0060377302579581,-0.0097360610961914,-0.0039384672418236,-0.0220058634877204,0.0013180134119465,-0.0141844041645526,0.0056412043049931,-0.0166154131293296,-0.002617789665237,-0.0089448802173137,-0.0146231492981314,-0.0187512952834367,-0.0064688003621995,0.0001995637721847,-0.0019150188891217,-0.0090945605188608,0.0009593100403435,-0.0227974597364664,-0.0260685607790947,-0.0110814254730939,0.0047234375961124,-0.0049429340288043,-0.0050930134020745,-0.0330882892012596,0.0139791117981076,-0.0011016812641173,0.0011650752276182,0.0077719865366816,0.003103177761659,-0.0046048993244767,0.0034802842419594,0.0106105674058198,-0.000963449885603,-0.0081240516155958,0.004678395576775,0.00643529323861,0.0076023276445196,0.0109696648625936,0.0081871735203709,0.0001938400455345,0.0046783955399845,0.0058467984290804,-0.0048732938681165,0.0203637559236375,-0.0331561365034687,0.0908898577205405,0.0185057221180633,-0.0392839969948284,2019-02-27,2019-02-28,2019-03-01,2019-03-04,2019-03-05,2019-03-06,2019-03-07,2019-03-08,2019-03-11,2019-03-12,66157.0,2019-02-26,252.0,-0.6007%,0.0001,0.9388,0.0333,0.9529,0.6644%,1.1346%,65.7050%,-0.001282,USB,66157.0,2019-02-27,252.0,0.4678%,0.0001,0.9405,0.0317,0.9532,0.6647%,1.1343%,65.6564%,0.004814,USB,66157.0,2019-02-28,252.0,0.2910%,0.0002,0.937,0.0296,0.9488,0.6662%,1.1306%,65.2777%,0.008102,USB,66157.0,2019-03-01,252.0,0.0580%,0.0002,0.9372,0.03,0.9505,0.6664%,1.1282%,65.1112%,-0.002546,USB,66157.0,2019-03-04,252.0,-0.0967%,0.0002,0.932,0.0473,0.9518,0.6626%,1.1197%,64.9807%,0.00023,USB,66157.0,2019-03-05,252.0,-0.2516%,0.0002,0.9314,0.0433,0.9509,0.6626%,1.1195%,64.9720%,0.0014089999999999,USB,66157.0,2019-03-06,252.0,-0.8537%,0.0002,0.9326,0.0442,0.9525,0.6625%,1.1188%,64.9366%,-0.000639,USB,66157.0,2019-03-07,252.0,-0.8219%,0.0002,0.9319,0.0452,0.9518,0.6626%,1.1197%,64.9840%,0.002513,USB,66157.0,2019-03-08,252.0,0.3749%,0.0003,0.9305,0.0524,0.9492,0.6629%,1.1184%,64.8751%,0.007305,USB,66157.0,2019-03-11,252.0,1.1598%,0.0003,0.9314,0.0581,0.952,0.6622%,1.1203%,65.0641%,0.002391,USB,66157.0,2019-03-12,252.0,-0.7967%,0.0002,0.9253,0.0637,0.9473,0.6638%,1.1103%,64.2552%,-0.009462,USB,0.0035319999999999,0.0116339999999999,0.0090879999999999,0.0107269999999999,0.012835
19091,VERICEL CORP,Vericel Sees FY19 Net Product Sales $108M-$112M,6,increase,0.7,0.6,"the projected net product sales of $108m-$112m for fy19 suggests positive growth expectations, which could lead to an increase in investor confidence and stock price.",2,2019-02-26,VCEL,2019-02-26 12:48:00+00:00,84511.0,92346J10,-0.0539999976754188,3556307.0,-0.02114162966609,0.0219724234193563,0.0102591048926115,0.0198019351810216,0.0320684351027011,-0.0092927357181906,0.0295183695852756,0.0020693696569651,0.0055332300253212,-0.0082093300297856,-0.0100049450993537,0.0145757785066962,0.0217280630022287,0.0601544268429279,0.0034619981888681,-0.0071232416667044,-0.0093642445281147,0.0264341551810503,0.0019900004845112,0.0313225574791431,-0.0163853000849485,0.0255800299346447,-0.029782947152853,0.009003578685224,-0.0010405073408037,-0.0217264145612716,0.0031249721068888,-0.026857104152441,-0.0228453017771244,-0.0005711152916774,-0.0164718106389045,0.0180232245475053,0.0443003624677658,0.0189574416726827,-0.0594929978251457,0.0217916890978813,0.000550067576114,0.0178682021796703,-0.0192413609474897,-0.061849694699049,-0.033071756362915,-0.0005777140031568,0.0017391702858731,0.0087412362918257,0.013310158625245,-0.0086654890328645,-0.0119932033121585,-0.0377987958490848,-0.0069363545626401,0.0022283568978309,0.0215366072952747,0.0233751330524683,-0.0142450146377086,-0.0101579232141375,0.0271677020937204,0.041740097105503,0.0106921000406146,-0.0422297306358814,0.0077951727434992,-0.0198675822466611,0.0182320401072502,-0.0215982515364885,0.0092240953817963,0.0032503453548997,0.0037634244654327,0.033594537526369,-0.0091055212542414,0.0329670123755931,0.001081105787307,0.0568459816277027,-0.1220302432775497,-0.0772701054811477,0.0227551609277725,0.0189655125141143,0.0078172627836465,0.0017270453972741,0.0626491159200668,0.1000633835792542,-0.0112295821309089,-0.0407046861946582,-0.0005678721354342,0.108417421579361,0.0124999610707163,0.0355648696422576,0.0089786676689982,-0.0433622151613235,-0.0550611689686775,-0.0613650903105735,-0.0217774529010057,-0.0627934634685516,0.0096269454807043,-0.0035087405703961,0.0518473722040653,0.0,0.0424929186701774,0.0,-0.0597826316952705,-0.0382452346384525,0.0369942970573902,0.0131054958328604,-0.0005574263632297,0.0005700297188013,-0.0105967950075864,0.036030750721693,-0.0586245208978653,-0.0429621376097202,0.0089820129796862,0.0237268414348363,0.0112759955227375,-0.0629067122936248,-0.0105633977800607,0.0489192605018615,-0.0296559892594814,0.023282865062356,-0.0244499109685421,-0.0034802474547177,-0.0112782148644328,0.0674922689795494,-0.0044359755702316,-0.0967561304569244,-0.02114162966609,0.0219724234193563,-0.0110994189698236,0.042209455104698,0.0206130751359661,0.0325244780754105,0.056553894705182,0.0261672780272557,0.0644819928786293,0.1600928220501918,-0.0433403633505189,0.1037527041572485,-0.1696617308021593,0.1185682779954755,2019-02-27,2019-02-28,2019-03-01,2019-03-04,2019-03-05,2019-03-06,2019-03-07,2019-03-08,2019-03-11,2019-03-12,84511.0,2019-02-26,252.0,-5.4000%,0.0047,1.8686,1.5862,-0.0397,5.2802%,5.7195%,14.7698%,-0.041626,VCEL,84511.0,2019-02-27,252.0,-2.1142%,0.0042,1.827,1.6512,-0.0467,5.2513%,5.6836%,14.6330%,-0.025985,VCEL,84511.0,2019-02-28,252.0,1.0259%,0.0041,1.8464,1.6649,-0.0352,5.2456%,5.6830%,14.8018%,0.015376,VCEL,84511.0,2019-03-01,252.0,3.2068%,0.0042,1.8441,1.6615,-0.0432,5.2458%,5.6813%,14.7455%,0.0137159999999999,VCEL,84511.0,2019-03-04,252.0,2.9518%,0.0043,1.8425,1.6293,-0.0343,5.2521%,5.6834%,14.6031%,0.045832,VCEL,84511.0,2019-03-05,252.0,0.5533%,0.0044,1.8408,1.6221,-0.0389,5.2524%,5.6798%,14.4824%,0.013544,VCEL,84511.0,2019-03-06,252.0,-1.0005%,0.0028,1.6166,1.7627,-0.273,4.5934%,5.0399%,16.9370%,0.0258219999999999,VCEL,84511.0,2019-03-07,252.0,2.1728%,0.003,1.6097,1.7932,-0.2735,4.5931%,5.0403%,16.9572%,0.035227,VCEL,84511.0,2019-03-08,252.0,0.3462%,0.0029,1.6116,1.7575,-0.2687,4.5886%,5.0312%,16.8194%,0.005552,VCEL,84511.0,2019-03-11,252.0,-0.9364%,0.0029,1.5903,1.6989,-0.2912,4.5892%,5.0242%,16.5657%,-0.04119,VCEL,84511.0,2019-03-12,252.0,0.1990%,0.0031,1.6297,1.6907,-0.2495,4.5798%,5.0218%,16.8300%,0.002448,VCEL,-0.067611,-0.052235,-0.038519,0.0208569999999999,0.0487159999999999
19099,VERICEL CORP,"Vericel Q4 EPS $0.11 Beats $0.04 Estimate, Sales $31.335M Beat $28.68M Estimate",6,increase,0.8,0.6,"the company reported better-than-expected earnings and sales, which typically boosts investor confidence and can lead to an increase in stock price.",2,2019-02-26,VCEL,2019-02-26 12:47:00+00:00,84511.0,92346J10,-0.0539999976754188,3556307.0,-0.02114162966609,0.0219724234193563,0.0102591048926115,0.0198019351810216,0.0320684351027011,-0.0092927357181906,0.0295183695852756,0.0020693696569651,0.0055332300253212,-0.0082093300297856,-0.0100049450993537,0.0145757785066962,0.0217280630022287,0.0601544268429279,0.0034619981888681,-0.0071232416667044,-0.0093642445281147,0.0264341551810503,0.0019900004845112,0.0313225574791431,-0.0163853000849485,0.0255800299346447,-0.029782947152853,0.009003578685224,-0.0010405073408037,-0.0217264145612716,0.0031249721068888,-0.026857104152441,-0.0228453017771244,-0.0005711152916774,-0.0164718106389045,0.0180232245475053,0.0443003624677658,0.0189574416726827,-0.0594929978251457,0.0217916890978813,0.000550067576114,0.0178682021796703,-0.0192413609474897,-0.061849694699049,-0.033071756362915,-0.0005777140031568,0.0017391702858731,0.0087412362918257,0.013310158625245,-0.0086654890328645,-0.0119932033121585,-0.0377987958490848,-0.0069363545626401,0.0022283568978309,0.0215366072952747,0.0233751330524683,-0.0142450146377086,-0.0101579232141375,0.0271677020937204,0.041740097105503,0.0106921000406146,-0.0422297306358814,0.0077951727434992,-0.0198675822466611,0.0182320401072502,-0.0215982515364885,0.0092240953817963,0.0032503453548997,0.0037634244654327,0.033594537526369,-0.0091055212542414,0.0329670123755931,0.001081105787307,0.0568459816277027,-0.1220302432775497,-0.0772701054811477,0.0227551609277725,0.0189655125141143,0.0078172627836465,0.0017270453972741,0.0626491159200668,0.1000633835792542,-0.0112295821309089,-0.0407046861946582,-0.0005678721354342,0.108417421579361,0.0124999610707163,0.0355648696422576,0.0089786676689982,-0.0433622151613235,-0.0550611689686775,-0.0613650903105735,-0.0217774529010057,-0.0627934634685516,0.0096269454807043,-0.0035087405703961,0.0518473722040653,0.0,0.0424929186701774,0.0,-0.0597826316952705,-0.0382452346384525,0.0369942970573902,0.0131054958328604,-0.0005574263632297,0.0005700297188013,-0.0105967950075864,0.036030750721693,-0.0586245208978653,-0.0429621376097202,0.0089820129796862,0.0237268414348363,0.0112759955227375,-0.0629067122936248,-0.0105633977800607,0.0489192605018615,-0.0296559892594814,0.023282865062356,-0.0244499109685421,-0.0034802474547177,-0.0112782148644328,0.0674922689795494,-0.0044359755702316,-0.0967561304569244,-0.02114162966609,0.0219724234193563,-0.0110994189698236,0.042209455104698,0.0206130751359661,0.0325244780754105,0.056553894705182,0.0261672780272557,0.0644819928786293,0.1600928220501918,-0.0433403633505189,0.1037527041572485,-0.1696617308021593,0.1185682779954755,2019-02-27,2019-02-28,2019-03-01,2019-03-04,2019-03-05,2019-03-06,2019-03-07,2019-03-08,2019-03-11,2019-03-12,84511.0,2019-02-26,252.0,-5.4000%,0.0047,1.8686,1.5862,-0.0397,5.2802%,5.7195%,14.7698%,-0.041626,VCEL,84511.0,2019-02-27,252.0,-2.1142%,0.0042,1.827,1.6512,-0.0467,5.2513%,5.6836%,14.6330%,-0.025985,VCEL,84511.0,2019-02-28,252.0,1.0259%,0.0041,1.8464,1.6649,-0.0352,5.2456%,5.6830%,14.8018%,0.015376,VCEL,84511.0,2019-03-01,252.0,3.2068%,0.0042,1.8441,1.6615,-0.0432,5.2458%,5.6813%,14.7455%,0.0137159999999999,VCEL,84511.0,2019-03-04,252.0,2.9518%,0.0043,1.8425,1.6293,-0.0343,5.2521%,5.6834%,14.6031%,0.045832,VCEL,84511.0,2019-03-05,252.0,0.5533%,0.0044,1.8408,1.6221,-0.0389,5.2524%,5.6798%,14.4824%,0.013544,VCEL,84511.0,2019-03-06,252.0,-1.0005%,0.0028,1.6166,1.7627,-0.273,4.5934%,5.0399%,16.9370%,0.0258219999999999,VCEL,84511.0,2019-03-07,252.0,2.1728%,0.003,1.6097,1.7932,-0.2735,4.5931%,5.0403%,16.9572%,0.035227,VCEL,84511.0,2019-03-08,252.0,0.3462%,0.0029,1.6116,1.7575,-0.2687,4.5886%,5.0312%,16.8194%,0.005552,VCEL,84511.0,2019-03-11,252.0,-0.9364%,0.0029,1.5903,1.6989,-0.2912,4.5892%,5.0242%,16.5657%,-0.04119,VCEL,84511.0,2019-03-12,252.0,0.1990%,0.0031,1.6297,1.6907,-0.2495,4.5798%,5.0218%,16.8300%,0.002448,VCEL,-0.067611,-0.052235,-0.038519,0.0208569999999999,0.0487159999999999
19107,VEEVA SYSTEMS INC,"Veeva Systems Sees FY19 Adj. EPS $1.91-$1.94, Sales $1.025B-$1.03B",6,increase,0.75,0.6,"the positive guidance for adjusted eps and sales suggests strong financial performance, which is likely to boost investor confidence and increase the stock price.",2,2019-02-26,VEEV,2019-02-26 22:39:00+00:00,14231.0,92247510,-0.0005008979933336,2245990.0,-0.0290678534656763,0.0091835567727684,0.0143668772652745,0.0157467182725668,0.0197607856243848,-0.0097457757219672,-0.0415835008025169,-0.0199335664510726,0.0025164952967315,-0.0033937259577214,-0.018003998324275,0.0017412860179319,0.0029087865259498,0.0137009099125862,0.0066795758903026,0.0025280446279793,0.0343984849750995,0.0234583988785743,0.0047265151515603,0.0064230351708829,0.0198252741247415,0.0200991369783878,0.0075782383792102,-0.0308906678110361,0.0003270186134614,0.0055219964124262,0.0007355045527219,0.0109027475118637,0.0140465600416064,0.012183322571218,0.0032214024104177,0.0386025980114936,0.0325118042528629,0.0061813653446733,-0.0427615642547607,0.0329743549227714,0.0026802646461874,-0.0216316990554332,0.0171729680150747,-0.0178571157157421,-0.0169626288115978,0.0351692028343677,0.0052656666375696,0.0177520141005516,0.0223225429654121,0.0052371341735124,-0.0007882585050538,-0.0275393594056367,0.0153044713661074,0.02493960224092,0.0175602938979864,0.0175076108425855,-0.0144318826496601,0.0026626887265592,0.0087548587471246,0.0425663106143474,0.0059907743707299,-0.0142900180071592,0.006871348246932,0.0071450131945312,0.0309372283518314,0.0151279559358954,-0.0034569078125059,0.0182528309524059,-0.0054616979323327,0.0073334304615855,-0.0157328024506568,0.0340696610510349,0.0050516333431005,0.0718576833605766,-0.0336083695292472,-0.0297176651656627,-0.0076851844787597,-0.0204881522804498,0.0487365685403347,0.020216979086399,0.0184991471469402,0.0002285419031977,0.0008056292426772,0.0069020874798297,0.0033663134090602,0.086489163339138,0.0155350072309374,-0.0121002066880464,0.016590042039752,-0.0518613941967487,-0.0118686538189649,-0.0188375767320394,-0.0105812242254614,-0.0089926114305853,0.0182094387710094,0.0212741438299417,0.0118515230715274,-0.0587591938674449,0.0025249025784432,-0.0078167542815208,-0.0232265796512365,0.0007605355931445,0.0128205744549632,0.0180289484560489,0.0047379829920828,0.0041093151085078,0.0172437839210033,0.0167118720710277,-0.066491387784481,-0.0409356616437435,0.0376519560813903,-0.0070968135260045,0.0185714717954397,-0.0596562325954437,0.0112903267145156,0.0284941531717777,-0.0169891975820064,-0.0256358161568641,-0.0077595291659235,0.0092034107074141,0.0174178648740053,0.0890967771410942,0.0092236185446381,-0.0198668241500854,-0.0290678534656763,0.0091835567727684,-0.0151185904835081,0.0250748859265761,0.0043434399153892,0.0150847359901145,-0.034998349983574,-0.0085257729358968,-0.0056799232803763,0.0396666955608966,0.1015703623953054,0.2226191440112144,0.2063981894844524,0.3074991602306394,2019-02-27,2019-02-28,2019-03-01,2019-03-04,2019-03-05,2019-03-06,2019-03-07,2019-03-08,2019-03-11,2019-03-12,14231.0,2019-02-26,252.0,-0.0501%,0.002,1.2856,0.5404,-1.394,1.6610%,2.5622%,57.9734%,0.000281,VEEV,14231.0,2019-02-27,252.0,-2.9068%,0.0019,1.2874,0.5269,-1.3939,1.6752%,2.5699%,57.5052%,-0.033025,VEEV,14231.0,2019-02-28,252.0,1.4367%,0.0019,1.2929,0.5311,-1.3928,1.6745%,2.5708%,57.5755%,0.014668,VEEV,14231.0,2019-03-01,252.0,1.9761%,0.0014,1.3746,0.6527,-1.267,1.4438%,2.4585%,65.5133%,0.00325,VEEV,14231.0,2019-03-04,252.0,-4.1584%,0.0012,1.3836,0.6485,-1.2752,1.4528%,2.4741%,65.5188%,-0.0269729999999999,VEEV,14231.0,2019-03-05,252.0,0.2516%,0.0011,1.3764,0.5942,-1.2812,1.4404%,2.4519%,65.4898%,0.003728,VEEV,14231.0,2019-03-06,252.0,-1.8004%,0.001,1.3582,0.609,-1.2998,1.4244%,2.4406%,65.9383%,0.001467,VEEV,14231.0,2019-03-07,252.0,0.2909%,0.0011,1.357,0.6213,-1.2979,1.4234%,2.4403%,65.9787%,0.010093,VEEV,14231.0,2019-03-08,252.0,0.6680%,0.0011,1.3563,0.6186,-1.2988,1.4238%,2.4391%,65.9255%,0.007058,VEEV,14231.0,2019-03-11,252.0,3.4398%,0.0011,1.3588,0.6108,-1.3045,1.4225%,2.4476%,66.2213%,0.005118,VEEV,14231.0,2019-03-12,252.0,0.4727%,0.0013,1.3808,0.6058,-1.2813,1.4131%,2.4470%,66.6547%,0.001906,VEEV,-0.0327439999999999,-0.0180759999999999,-0.0148259999999999,-0.0380709999999999,-0.0124289999999999
19115,VEEVA SYSTEMS INC,"Veeva Systems Sees Q1 Adj. EPS $0.44-$0.45 vs $0.40 Estimate, Sales $238M-$239M vs $232.9M Est.",6,increase,0.8,0.6,"the company reported better-than-expected adjusted eps and sales figures, which typically leads to positive investor sentiment and an increase in stock price.",2,2019-02-26,VEEV,2019-02-26 22:39:00+00:00,14231.0,92247510,-0.0005008979933336,2245990.0,-0.0290678534656763,0.0091835567727684,0.0143668772652745,0.0157467182725668,0.0197607856243848,-0.0097457757219672,-0.0415835008025169,-0.0199335664510726,0.0025164952967315,-0.0033937259577214,-0.018003998324275,0.0017412860179319,0.0029087865259498,0.0137009099125862,0.0066795758903026,0.0025280446279793,0.0343984849750995,0.0234583988785743,0.0047265151515603,0.0064230351708829,0.0198252741247415,0.0200991369783878,0.0075782383792102,-0.0308906678110361,0.0003270186134614,0.0055219964124262,0.0007355045527219,0.0109027475118637,0.0140465600416064,0.012183322571218,0.0032214024104177,0.0386025980114936,0.0325118042528629,0.0061813653446733,-0.0427615642547607,0.0329743549227714,0.0026802646461874,-0.0216316990554332,0.0171729680150747,-0.0178571157157421,-0.0169626288115978,0.0351692028343677,0.0052656666375696,0.0177520141005516,0.0223225429654121,0.0052371341735124,-0.0007882585050538,-0.0275393594056367,0.0153044713661074,0.02493960224092,0.0175602938979864,0.0175076108425855,-0.0144318826496601,0.0026626887265592,0.0087548587471246,0.0425663106143474,0.0059907743707299,-0.0142900180071592,0.006871348246932,0.0071450131945312,0.0309372283518314,0.0151279559358954,-0.0034569078125059,0.0182528309524059,-0.0054616979323327,0.0073334304615855,-0.0157328024506568,0.0340696610510349,0.0050516333431005,0.0718576833605766,-0.0336083695292472,-0.0297176651656627,-0.0076851844787597,-0.0204881522804498,0.0487365685403347,0.020216979086399,0.0184991471469402,0.0002285419031977,0.0008056292426772,0.0069020874798297,0.0033663134090602,0.086489163339138,0.0155350072309374,-0.0121002066880464,0.016590042039752,-0.0518613941967487,-0.0118686538189649,-0.0188375767320394,-0.0105812242254614,-0.0089926114305853,0.0182094387710094,0.0212741438299417,0.0118515230715274,-0.0587591938674449,0.0025249025784432,-0.0078167542815208,-0.0232265796512365,0.0007605355931445,0.0128205744549632,0.0180289484560489,0.0047379829920828,0.0041093151085078,0.0172437839210033,0.0167118720710277,-0.066491387784481,-0.0409356616437435,0.0376519560813903,-0.0070968135260045,0.0185714717954397,-0.0596562325954437,0.0112903267145156,0.0284941531717777,-0.0169891975820064,-0.0256358161568641,-0.0077595291659235,0.0092034107074141,0.0174178648740053,0.0890967771410942,0.0092236185446381,-0.0198668241500854,-0.0290678534656763,0.0091835567727684,-0.0151185904835081,0.0250748859265761,0.0043434399153892,0.0150847359901145,-0.034998349983574,-0.0085257729358968,-0.0056799232803763,0.0396666955608966,0.1015703623953054,0.2226191440112144,0.2063981894844524,0.3074991602306394,2019-02-27,2019-02-28,2019-03-01,2019-03-04,2019-03-05,2019-03-06,2019-03-07,2019-03-08,2019-03-11,2019-03-12,14231.0,2019-02-26,252.0,-0.0501%,0.002,1.2856,0.5404,-1.394,1.6610%,2.5622%,57.9734%,0.000281,VEEV,14231.0,2019-02-27,252.0,-2.9068%,0.0019,1.2874,0.5269,-1.3939,1.6752%,2.5699%,57.5052%,-0.033025,VEEV,14231.0,2019-02-28,252.0,1.4367%,0.0019,1.2929,0.5311,-1.3928,1.6745%,2.5708%,57.5755%,0.014668,VEEV,14231.0,2019-03-01,252.0,1.9761%,0.0014,1.3746,0.6527,-1.267,1.4438%,2.4585%,65.5133%,0.00325,VEEV,14231.0,2019-03-04,252.0,-4.1584%,0.0012,1.3836,0.6485,-1.2752,1.4528%,2.4741%,65.5188%,-0.0269729999999999,VEEV,14231.0,2019-03-05,252.0,0.2516%,0.0011,1.3764,0.5942,-1.2812,1.4404%,2.4519%,65.4898%,0.003728,VEEV,14231.0,2019-03-06,252.0,-1.8004%,0.001,1.3582,0.609,-1.2998,1.4244%,2.4406%,65.9383%,0.001467,VEEV,14231.0,2019-03-07,252.0,0.2909%,0.0011,1.357,0.6213,-1.2979,1.4234%,2.4403%,65.9787%,0.010093,VEEV,14231.0,2019-03-08,252.0,0.6680%,0.0011,1.3563,0.6186,-1.2988,1.4238%,2.4391%,65.9255%,0.007058,VEEV,14231.0,2019-03-11,252.0,3.4398%,0.0011,1.3588,0.6108,-1.3045,1.4225%,2.4476%,66.2213%,0.005118,VEEV,14231.0,2019-03-12,252.0,0.4727%,0.0013,1.3808,0.6058,-1.2813,1.4131%,2.4470%,66.6547%,0.001906,VEEV,-0.0327439999999999,-0.0180759999999999,-0.0148259999999999,-0.0380709999999999,-0.0124289999999999
19123,VEEVA SYSTEMS INC,"Veeva Systems Q4 EPS $0.45 Beats $0.40 Estimate, Sales $232.323M Beat $226.86M Estimate",6,increase,0.8,0.7,"the earnings per share and sales figures both exceeded analyst estimates, which typically signals positive performance and can lead to an increase in stock price.",2,2019-02-26,VEEV,2019-02-26 22:39:00+00:00,14231.0,92247510,-0.0005008979933336,2245990.0,-0.0290678534656763,0.0091835567727684,0.0143668772652745,0.0157467182725668,0.0197607856243848,-0.0097457757219672,-0.0415835008025169,-0.0199335664510726,0.0025164952967315,-0.0033937259577214,-0.018003998324275,0.0017412860179319,0.0029087865259498,0.0137009099125862,0.0066795758903026,0.0025280446279793,0.0343984849750995,0.0234583988785743,0.0047265151515603,0.0064230351708829,0.0198252741247415,0.0200991369783878,0.0075782383792102,-0.0308906678110361,0.0003270186134614,0.0055219964124262,0.0007355045527219,0.0109027475118637,0.0140465600416064,0.012183322571218,0.0032214024104177,0.0386025980114936,0.0325118042528629,0.0061813653446733,-0.0427615642547607,0.0329743549227714,0.0026802646461874,-0.0216316990554332,0.0171729680150747,-0.0178571157157421,-0.0169626288115978,0.0351692028343677,0.0052656666375696,0.0177520141005516,0.0223225429654121,0.0052371341735124,-0.0007882585050538,-0.0275393594056367,0.0153044713661074,0.02493960224092,0.0175602938979864,0.0175076108425855,-0.0144318826496601,0.0026626887265592,0.0087548587471246,0.0425663106143474,0.0059907743707299,-0.0142900180071592,0.006871348246932,0.0071450131945312,0.0309372283518314,0.0151279559358954,-0.0034569078125059,0.0182528309524059,-0.0054616979323327,0.0073334304615855,-0.0157328024506568,0.0340696610510349,0.0050516333431005,0.0718576833605766,-0.0336083695292472,-0.0297176651656627,-0.0076851844787597,-0.0204881522804498,0.0487365685403347,0.020216979086399,0.0184991471469402,0.0002285419031977,0.0008056292426772,0.0069020874798297,0.0033663134090602,0.086489163339138,0.0155350072309374,-0.0121002066880464,0.016590042039752,-0.0518613941967487,-0.0118686538189649,-0.0188375767320394,-0.0105812242254614,-0.0089926114305853,0.0182094387710094,0.0212741438299417,0.0118515230715274,-0.0587591938674449,0.0025249025784432,-0.0078167542815208,-0.0232265796512365,0.0007605355931445,0.0128205744549632,0.0180289484560489,0.0047379829920828,0.0041093151085078,0.0172437839210033,0.0167118720710277,-0.066491387784481,-0.0409356616437435,0.0376519560813903,-0.0070968135260045,0.0185714717954397,-0.0596562325954437,0.0112903267145156,0.0284941531717777,-0.0169891975820064,-0.0256358161568641,-0.0077595291659235,0.0092034107074141,0.0174178648740053,0.0890967771410942,0.0092236185446381,-0.0198668241500854,-0.0290678534656763,0.0091835567727684,-0.0151185904835081,0.0250748859265761,0.0043434399153892,0.0150847359901145,-0.034998349983574,-0.0085257729358968,-0.0056799232803763,0.0396666955608966,0.1015703623953054,0.2226191440112144,0.2063981894844524,0.3074991602306394,2019-02-27,2019-02-28,2019-03-01,2019-03-04,2019-03-05,2019-03-06,2019-03-07,2019-03-08,2019-03-11,2019-03-12,14231.0,2019-02-26,252.0,-0.0501%,0.002,1.2856,0.5404,-1.394,1.6610%,2.5622%,57.9734%,0.000281,VEEV,14231.0,2019-02-27,252.0,-2.9068%,0.0019,1.2874,0.5269,-1.3939,1.6752%,2.5699%,57.5052%,-0.033025,VEEV,14231.0,2019-02-28,252.0,1.4367%,0.0019,1.2929,0.5311,-1.3928,1.6745%,2.5708%,57.5755%,0.014668,VEEV,14231.0,2019-03-01,252.0,1.9761%,0.0014,1.3746,0.6527,-1.267,1.4438%,2.4585%,65.5133%,0.00325,VEEV,14231.0,2019-03-04,252.0,-4.1584%,0.0012,1.3836,0.6485,-1.2752,1.4528%,2.4741%,65.5188%,-0.0269729999999999,VEEV,14231.0,2019-03-05,252.0,0.2516%,0.0011,1.3764,0.5942,-1.2812,1.4404%,2.4519%,65.4898%,0.003728,VEEV,14231.0,2019-03-06,252.0,-1.8004%,0.001,1.3582,0.609,-1.2998,1.4244%,2.4406%,65.9383%,0.001467,VEEV,14231.0,2019-03-07,252.0,0.2909%,0.0011,1.357,0.6213,-1.2979,1.4234%,2.4403%,65.9787%,0.010093,VEEV,14231.0,2019-03-08,252.0,0.6680%,0.0011,1.3563,0.6186,-1.2988,1.4238%,2.4391%,65.9255%,0.007058,VEEV,14231.0,2019-03-11,252.0,3.4398%,0.0011,1.3588,0.6108,-1.3045,1.4225%,2.4476%,66.2213%,0.005118,VEEV,14231.0,2019-03-12,252.0,0.4727%,0.0013,1.3808,0.6058,-1.2813,1.4131%,2.4470%,66.6547%,0.001906,VEEV,-0.0327439999999999,-0.0180759999999999,-0.0148259999999999,-0.0380709999999999,-0.0124289999999999
19131,VEEVA SYSTEMS INC,Veeva Reports Matt Wallach To Transition From Pres To Board; No Replacement At Pres Role Mentioned,6,uncertain,0.6,0.2,"the transition of matt wallach from president to the board may signal a strategic shift, but the lack of a replacement for the president role creates uncertainty about the company's leadership direction.",1,2019-02-26,VEEV,2019-02-26 22:17:00+00:00,14231.0,92247510,-0.0005008979933336,2245990.0,-0.0290678534656763,0.0091835567727684,0.0143668772652745,0.0157467182725668,0.0197607856243848,-0.0097457757219672,-0.0415835008025169,-0.0199335664510726,0.0025164952967315,-0.0033937259577214,-0.018003998324275,0.0017412860179319,0.0029087865259498,0.0137009099125862,0.0066795758903026,0.0025280446279793,0.0343984849750995,0.0234583988785743,0.0047265151515603,0.0064230351708829,0.0198252741247415,0.0200991369783878,0.0075782383792102,-0.0308906678110361,0.0003270186134614,0.0055219964124262,0.0007355045527219,0.0109027475118637,0.0140465600416064,0.012183322571218,0.0032214024104177,0.0386025980114936,0.0325118042528629,0.0061813653446733,-0.0427615642547607,0.0329743549227714,0.0026802646461874,-0.0216316990554332,0.0171729680150747,-0.0178571157157421,-0.0169626288115978,0.0351692028343677,0.0052656666375696,0.0177520141005516,0.0223225429654121,0.0052371341735124,-0.0007882585050538,-0.0275393594056367,0.0153044713661074,0.02493960224092,0.0175602938979864,0.0175076108425855,-0.0144318826496601,0.0026626887265592,0.0087548587471246,0.0425663106143474,0.0059907743707299,-0.0142900180071592,0.006871348246932,0.0071450131945312,0.0309372283518314,0.0151279559358954,-0.0034569078125059,0.0182528309524059,-0.0054616979323327,0.0073334304615855,-0.0157328024506568,0.0340696610510349,0.0050516333431005,0.0718576833605766,-0.0336083695292472,-0.0297176651656627,-0.0076851844787597,-0.0204881522804498,0.0487365685403347,0.020216979086399,0.0184991471469402,0.0002285419031977,0.0008056292426772,0.0069020874798297,0.0033663134090602,0.086489163339138,0.0155350072309374,-0.0121002066880464,0.016590042039752,-0.0518613941967487,-0.0118686538189649,-0.0188375767320394,-0.0105812242254614,-0.0089926114305853,0.0182094387710094,0.0212741438299417,0.0118515230715274,-0.0587591938674449,0.0025249025784432,-0.0078167542815208,-0.0232265796512365,0.0007605355931445,0.0128205744549632,0.0180289484560489,0.0047379829920828,0.0041093151085078,0.0172437839210033,0.0167118720710277,-0.066491387784481,-0.0409356616437435,0.0376519560813903,-0.0070968135260045,0.0185714717954397,-0.0596562325954437,0.0112903267145156,0.0284941531717777,-0.0169891975820064,-0.0256358161568641,-0.0077595291659235,0.0092034107074141,0.0174178648740053,0.0890967771410942,0.0092236185446381,-0.0198668241500854,-0.0290678534656763,0.0091835567727684,-0.0151185904835081,0.0250748859265761,0.0043434399153892,0.0150847359901145,-0.034998349983574,-0.0085257729358968,-0.0056799232803763,0.0396666955608966,0.1015703623953054,0.2226191440112144,0.2063981894844524,0.3074991602306394,2019-02-27,2019-02-28,2019-03-01,2019-03-04,2019-03-05,2019-03-06,2019-03-07,2019-03-08,2019-03-11,2019-03-12,14231.0,2019-02-26,252.0,-0.0501%,0.002,1.2856,0.5404,-1.394,1.6610%,2.5622%,57.9734%,0.000281,VEEV,14231.0,2019-02-27,252.0,-2.9068%,0.0019,1.2874,0.5269,-1.3939,1.6752%,2.5699%,57.5052%,-0.033025,VEEV,14231.0,2019-02-28,252.0,1.4367%,0.0019,1.2929,0.5311,-1.3928,1.6745%,2.5708%,57.5755%,0.014668,VEEV,14231.0,2019-03-01,252.0,1.9761%,0.0014,1.3746,0.6527,-1.267,1.4438%,2.4585%,65.5133%,0.00325,VEEV,14231.0,2019-03-04,252.0,-4.1584%,0.0012,1.3836,0.6485,-1.2752,1.4528%,2.4741%,65.5188%,-0.0269729999999999,VEEV,14231.0,2019-03-05,252.0,0.2516%,0.0011,1.3764,0.5942,-1.2812,1.4404%,2.4519%,65.4898%,0.003728,VEEV,14231.0,2019-03-06,252.0,-1.8004%,0.001,1.3582,0.609,-1.2998,1.4244%,2.4406%,65.9383%,0.001467,VEEV,14231.0,2019-03-07,252.0,0.2909%,0.0011,1.357,0.6213,-1.2979,1.4234%,2.4403%,65.9787%,0.010093,VEEV,14231.0,2019-03-08,252.0,0.6680%,0.0011,1.3563,0.6186,-1.2988,1.4238%,2.4391%,65.9255%,0.007058,VEEV,14231.0,2019-03-11,252.0,3.4398%,0.0011,1.3588,0.6108,-1.3045,1.4225%,2.4476%,66.2213%,0.005118,VEEV,14231.0,2019-03-12,252.0,0.4727%,0.0013,1.3808,0.6058,-1.2813,1.4131%,2.4470%,66.6547%,0.001906,VEEV,-0.0327439999999999,-0.0180759999999999,-0.0148259999999999,-0.0380709999999999,-0.0124289999999999
19139,VEEVA SYSTEMS INC,Q4 Earnings Preview For Veeva Systems,6,uncertain,0.5,0.5,"the earnings preview does not provide specific information about expected performance, making the impact on stock price unclear.",1,2019-02-26,VEEV,2019-02-26 14:17:00+00:00,14231.0,92247510,-0.0005008979933336,2245990.0,-0.0290678534656763,0.0091835567727684,0.0143668772652745,0.0157467182725668,0.0197607856243848,-0.0097457757219672,-0.0415835008025169,-0.0199335664510726,0.0025164952967315,-0.0033937259577214,-0.018003998324275,0.0017412860179319,0.0029087865259498,0.0137009099125862,0.0066795758903026,0.0025280446279793,0.0343984849750995,0.0234583988785743,0.0047265151515603,0.0064230351708829,0.0198252741247415,0.0200991369783878,0.0075782383792102,-0.0308906678110361,0.0003270186134614,0.0055219964124262,0.0007355045527219,0.0109027475118637,0.0140465600416064,0.012183322571218,0.0032214024104177,0.0386025980114936,0.0325118042528629,0.0061813653446733,-0.0427615642547607,0.0329743549227714,0.0026802646461874,-0.0216316990554332,0.0171729680150747,-0.0178571157157421,-0.0169626288115978,0.0351692028343677,0.0052656666375696,0.0177520141005516,0.0223225429654121,0.0052371341735124,-0.0007882585050538,-0.0275393594056367,0.0153044713661074,0.02493960224092,0.0175602938979864,0.0175076108425855,-0.0144318826496601,0.0026626887265592,0.0087548587471246,0.0425663106143474,0.0059907743707299,-0.0142900180071592,0.006871348246932,0.0071450131945312,0.0309372283518314,0.0151279559358954,-0.0034569078125059,0.0182528309524059,-0.0054616979323327,0.0073334304615855,-0.0157328024506568,0.0340696610510349,0.0050516333431005,0.0718576833605766,-0.0336083695292472,-0.0297176651656627,-0.0076851844787597,-0.0204881522804498,0.0487365685403347,0.020216979086399,0.0184991471469402,0.0002285419031977,0.0008056292426772,0.0069020874798297,0.0033663134090602,0.086489163339138,0.0155350072309374,-0.0121002066880464,0.016590042039752,-0.0518613941967487,-0.0118686538189649,-0.0188375767320394,-0.0105812242254614,-0.0089926114305853,0.0182094387710094,0.0212741438299417,0.0118515230715274,-0.0587591938674449,0.0025249025784432,-0.0078167542815208,-0.0232265796512365,0.0007605355931445,0.0128205744549632,0.0180289484560489,0.0047379829920828,0.0041093151085078,0.0172437839210033,0.0167118720710277,-0.066491387784481,-0.0409356616437435,0.0376519560813903,-0.0070968135260045,0.0185714717954397,-0.0596562325954437,0.0112903267145156,0.0284941531717777,-0.0169891975820064,-0.0256358161568641,-0.0077595291659235,0.0092034107074141,0.0174178648740053,0.0890967771410942,0.0092236185446381,-0.0198668241500854,-0.0290678534656763,0.0091835567727684,-0.0151185904835081,0.0250748859265761,0.0043434399153892,0.0150847359901145,-0.034998349983574,-0.0085257729358968,-0.0056799232803763,0.0396666955608966,0.1015703623953054,0.2226191440112144,0.2063981894844524,0.3074991602306394,2019-02-27,2019-02-28,2019-03-01,2019-03-04,2019-03-05,2019-03-06,2019-03-07,2019-03-08,2019-03-11,2019-03-12,14231.0,2019-02-26,252.0,-0.0501%,0.002,1.2856,0.5404,-1.394,1.6610%,2.5622%,57.9734%,0.000281,VEEV,14231.0,2019-02-27,252.0,-2.9068%,0.0019,1.2874,0.5269,-1.3939,1.6752%,2.5699%,57.5052%,-0.033025,VEEV,14231.0,2019-02-28,252.0,1.4367%,0.0019,1.2929,0.5311,-1.3928,1.6745%,2.5708%,57.5755%,0.014668,VEEV,14231.0,2019-03-01,252.0,1.9761%,0.0014,1.3746,0.6527,-1.267,1.4438%,2.4585%,65.5133%,0.00325,VEEV,14231.0,2019-03-04,252.0,-4.1584%,0.0012,1.3836,0.6485,-1.2752,1.4528%,2.4741%,65.5188%,-0.0269729999999999,VEEV,14231.0,2019-03-05,252.0,0.2516%,0.0011,1.3764,0.5942,-1.2812,1.4404%,2.4519%,65.4898%,0.003728,VEEV,14231.0,2019-03-06,252.0,-1.8004%,0.001,1.3582,0.609,-1.2998,1.4244%,2.4406%,65.9383%,0.001467,VEEV,14231.0,2019-03-07,252.0,0.2909%,0.0011,1.357,0.6213,-1.2979,1.4234%,2.4403%,65.9787%,0.010093,VEEV,14231.0,2019-03-08,252.0,0.6680%,0.0011,1.3563,0.6186,-1.2988,1.4238%,2.4391%,65.9255%,0.007058,VEEV,14231.0,2019-03-11,252.0,3.4398%,0.0011,1.3588,0.6108,-1.3045,1.4225%,2.4476%,66.2213%,0.005118,VEEV,14231.0,2019-03-12,252.0,0.4727%,0.0013,1.3808,0.6058,-1.2813,1.4131%,2.4470%,66.6547%,0.001906,VEEV,-0.0327439999999999,-0.0180759999999999,-0.0148259999999999,-0.0380709999999999,-0.0124289999999999
19147,CONTROLADORA VUELA COMP DE AVIA,"Imperial Capital Upgrades Controladora Vuela to Outperform, Lowers Price Target to $11.50",6,increase,0.7,0.6,"the upgrade to 'outperform' suggests a positive outlook for the stock, which could lead to an increase in its price despite the lowered price target.",2,2019-02-26,VLRS,2019-02-26 10:53:00+00:00,14132.0,21240E10,0.01022728998214,663765.0,-0.0573678538203239,0.037735927850008,0.0238663256168365,0.0547263175249099,-0.0023309446405619,-0.0024814461357891,-0.0233645737171173,0.0508475005626678,0.0191388521343469,-0.0103225708007812,0.0187793243676424,0.0051880623213946,-0.003456300124526,0.0293725337833166,0.0150289153680205,0.0232239887118339,0.0022779565770179,-0.0278884507715702,0.0022726708557456,-0.0220778714865446,0.0294784847646951,0.0118265012279152,0.0143171930685639,-0.0205920003354549,-0.0054289023391902,0.0051746391691267,-0.009825344197452,0.0065104416571557,-0.0066151563078165,-0.0013004199136048,0.0055494108237326,0.0267023090273141,-0.0132451253011822,0.0080753630027174,-0.0469797700643539,-0.0132802631705999,0.0070421905256807,0.0053405128419399,-0.0069929449819028,-0.0066313249990344,-0.0070423022843897,0.0066755930893123,0.005910187959671,-0.0105680841952562,0.0011751150013878,0.0188425760716199,0.0140844928100705,-0.0145888775587081,0.0162036325782537,0.0107238506898284,0.0193621963262558,0.0026881694793701,0.0089385388419032,0.04347825050354,-0.0044296747073531,0.0200286619365215,0.0011123724980279,0.0130434306338429,-0.0155555941164493,0.0132158817723393,0.012415419332683,0.0209894850850105,0.0022295990493148,0.0454545393586158,-0.0144605245441198,0.0175438802689313,0.0056433626450598,0.0699658393859863,-0.0101010277867317,0.0635208487510681,0.0,0.0318352207541465,0.0079365819692611,-0.001869112602435,-0.0022497700992971,-0.0183486063033342,-0.0022547354456037,0.0092592062428593,0.0,0.0093458304181694,-0.0169492159038782,0.0018726127455011,0.0333333313465118,0.0075471624732017,0.0022247449960559,-0.045045044273138,0.0177580285817384,0.0127737540751695,0.0229007676243782,0.0129390340298414,-0.0031982657965272,0.0037105716764926,0.0,-0.0477031767368316,0.0588234439492225,-0.0455311946570873,-0.0212121251970529,-0.008361236192286,-0.0010319169377908,-0.0049917153082787,-0.0082644550129771,0.0,0.0114582972601056,-0.0399360992014408,-0.0319258943200111,0.0080515602603554,0.0021277084015309,0.0,-0.0021231907885521,0.0016129402210935,0.0010638542007654,-0.0282132141292095,-0.0053135165944695,0.0047244424931705,0.0010684005683287,0.0275081042200326,0.011739557608962,0.0317195430397987,-0.0073839342221617,-0.0244299843907356,-0.0573678538203239,0.037735927850008,-0.0348706880827023,0.0945273937445345,-0.0371203510797651,0.0918113829728117,-0.0416197843663469,0.1354838959800741,-0.0078740893771269,0.1428571957526241,-0.0033746572002482,0.2922173642050885,0.0584926279223458,0.433224813456488,2019-02-27,2019-02-28,2019-03-01,2019-03-04,2019-03-05,2019-03-06,2019-03-07,2019-03-08,2019-03-11,2019-03-12,14132.0,2019-02-26,252.0,1.0227%,0.0003,0.6505,0.3224,-0.081,3.1645%,3.2501%,5.1951%,0.013132,VLRS,14132.0,2019-02-27,252.0,-5.7368%,0.0,0.6398,0.3241,-0.083,3.1835%,3.2661%,4.9958%,-0.0587629999999999,VLRS,14132.0,2019-02-28,252.0,2.3866%,0.0003,0.6107,0.305,-0.11,3.1751%,3.2522%,4.6897%,0.025477,VLRS,14132.0,2019-03-01,252.0,-0.2331%,0.0001,0.6347,0.3407,-0.069,3.1641%,3.2451%,4.9249%,-0.008143,VLRS,14132.0,2019-03-04,252.0,-2.3365%,0.0001,0.6283,0.3787,-0.0712,3.1641%,3.2453%,4.9429%,-0.018522,VLRS,14132.0,2019-03-05,252.0,1.9139%,0.0003,0.6345,0.4406,-0.0745,3.1552%,3.2405%,5.1951%,0.02112,VLRS,14132.0,2019-03-06,252.0,1.8779%,0.0006,0.6475,0.3589,-0.0709,3.1463%,3.2315%,5.2029%,0.029601,VLRS,14132.0,2019-03-07,252.0,-0.3456%,0.0007,0.6529,0.3876,-0.0556,3.1427%,3.2293%,5.2949%,0.001781,VLRS,14132.0,2019-03-08,252.0,1.5029%,0.0008,0.6505,0.3928,-0.0597,3.1440%,3.2306%,5.2847%,0.016087,VLRS,14132.0,2019-03-11,252.0,0.2278%,0.0008,0.6457,0.3786,-0.0653,3.1440%,3.2300%,5.2545%,-0.009229,VLRS,14132.0,2019-03-12,252.0,0.2273%,0.0008,0.6331,0.381,-0.0787,3.1426%,3.2263%,5.1215%,0.001576,VLRS,-0.045631,-0.020154,-0.028297,-0.025699,0.014117
19155,VMWARE INC,'Microsoft and VMware Working on Cloud Partnership' -The Information,6,increase,0.8,0.6,"a partnership with microsoft could enhance vmware's market position and growth potential, likely leading to an increase in stock price.",2,2019-02-26,VMW,2019-02-26 14:39:00+00:00,92257.0,92856340,0.0055699180811643,2136662.0,0.0050822258926928,0.0044410484842956,-0.023862263187766,0.0151648912578821,0.0371922440826892,0.0001756780256982,-0.0329965762794017,0.0042343051172792,0.0021471397485584,0.002121644327417,-0.0148822013288736,0.010120234452188,-0.0062896315939724,0.0056875827722251,0.0004732435918413,0.0102213770151138,0.0250694155693054,0.0400704219937324,0.0101517550647258,0.0079893125221133,0.0095357624813914,0.0090211369097232,0.0139139788225293,-0.0045854109339416,0.0128305433318018,0.0052497270517051,0.0061136847361922,0.021515879780054,0.0048174569383263,0.0159458462148904,0.0070825554430484,-0.0037069756072014,0.0183391906321048,0.0320399105548858,-0.0241181924939155,0.007987905293703,-0.0182906948029995,-0.0195125211030244,0.0060996236279606,-0.0088335145264863,-0.0244709122925996,0.0086398841813206,0.0056497175246477,-0.0174426641315221,0.0141010927036404,0.0185773149132728,0.0209406614303588,0.0025057233870029,0.0041239880956709,0.026129325851798,0.0063766152597963,-0.0020804649684578,-0.0259893480688333,-0.0198477320373058,0.0242570918053388,0.0203203596174716,0.0039292266592383,-0.0171097107231617,-0.0043963505886495,-0.0146427182480692,0.019439959898591,-0.0097112646326422,0.0165337529033422,0.0241143945604562,0.0019226517761126,0.0212884191423654,-0.0034749140031635,0.0347707271575927,-0.0119704538956284,0.0630596578121185,-0.0040559894405305,-0.0403202511370182,-0.0051833232864737,-0.0070735886693,0.0184486210346221,0.0351054370403289,0.0237523652613163,0.0264420080929994,0.0121360709890723,0.0093544060364365,0.0084135122597217,0.0574847646057605,-0.0022481861524283,-0.0029657764825969,0.0083621153607964,-0.0527863167226314,0.0136557752266526,-0.0235390868037939,-0.0081810522824525,0.0152849787846207,-0.0121505809947848,0.0096122492104768,0.0163999944925308,-0.0356287620961666,-0.0033943450544029,-0.0175330005586147,-0.0368230976164341,-0.0074406070634722,0.0130169279873371,-0.0114286011084914,0.0001012003485811,0.0069784489460289,0.0120390756055712,0.0260661616921424,-0.040136020630598,-0.0202461127191782,0.030670691281557,0.0251072142273187,0.0168241392821073,-0.0312289949506521,0.0211666990071535,-0.0221703816205263,-0.0091475518420338,0.0362893268465995,-0.0310351215302944,0.0107661569491028,0.0249341074377298,0.049671471118927,0.0073180166073143,-0.0111104324460029,0.0050822258926928,0.0044410484842956,-0.0189013107069043,0.0196732877595131,0.0175879512144909,0.0198524219495639,-0.0138761580372965,0.0263437144219522,5.715923259885791e-05,0.1042418772063322,0.0604157273983005,0.1697339322034587,0.1633166210817811,0.3527235871686063,2019-02-27,2019-02-28,2019-03-01,2019-03-04,2019-03-05,2019-03-06,2019-03-07,2019-03-08,2019-03-11,2019-03-12,92257.0,2019-02-26,252.0,0.5570%,0.0016,0.9196,-0.0399,-0.9224,1.6390%,2.0948%,38.7844%,0.003681,VMW,92257.0,2019-02-27,252.0,0.5082%,0.0016,0.9175,-0.0357,-0.9227,1.6387%,2.0926%,38.6744%,0.003124,VMW,92257.0,2019-02-28,252.0,-2.3862%,0.0015,0.9288,-0.0287,-0.9086,1.6446%,2.0990%,38.6109%,-0.023418,VMW,92257.0,2019-03-01,252.0,3.7192%,0.0014,0.9515,0.0051,-0.8852,1.6425%,2.1067%,39.2175%,0.026864,VMW,92257.0,2019-03-04,252.0,-3.2997%,0.0015,0.9303,0.0991,-0.8851,1.6171%,2.0801%,39.5584%,-0.024666,VMW,92257.0,2019-03-05,252.0,0.2147%,0.0018,0.9468,0.2275,-0.8734,1.5488%,2.0435%,42.5584%,0.001822,VMW,92257.0,2019-03-06,252.0,-1.4882%,0.0018,0.9452,0.2425,-0.8732,1.5485%,2.0445%,42.6393%,-0.003803,VMW,92257.0,2019-03-07,252.0,-0.6290%,0.0017,0.9433,0.2269,-0.8801,1.5462%,2.0424%,42.6884%,-0.001341,VMW,92257.0,2019-03-08,252.0,0.0473%,0.0016,0.945,0.2014,-0.8761,1.5393%,2.0344%,42.7513%,0.000849,VMW,92257.0,2019-03-11,252.0,2.5069%,0.0017,0.9475,0.1909,-0.8834,1.5372%,2.0389%,43.1567%,0.005619,VMW,92257.0,2019-03-12,252.0,1.0152%,0.0017,0.9447,0.1888,-0.8875,1.5374%,2.0368%,43.0229%,0.007521,VMW,0.006805,-0.016613,0.0102509999999999,-0.012593,-0.003748
19163,VIPER ENERGY PARTNERS LP,Viper Energy Partners Reports 8M Share Common Stock Offering,6,decrease,0.7,0.6,"the announcement of an 8 million share common stock offering typically dilutes existing shareholders' equity, which can lead to a decrease in stock price.",0,2019-02-26,VNOM,2019-02-26 22:15:00+00:00,15139.0,92763M10,-0.0328665748238563,603342.0,-0.0366430766880512,-0.0113025633618235,0.0095092449337244,-0.0070145903155207,0.0118504827842116,-0.0211480483412742,-0.0021020930726081,0.0111080687493085,0.0060186809860169,0.0233020670711994,-0.0077775092795491,0.0205831639468669,0.0018089049262925,0.0204200930893421,-0.0027084005996584,0.0130023229867219,0.0199155062437057,0.0434782542288303,0.0065089119598269,0.0121722649782896,-0.0029395145829766,-0.0255474485456943,-0.0041273408569395,0.006428004708141,-0.0041444464586675,0.063822828233242,0.0059453258290886,-0.0388106927275657,-0.01034274417907,-0.0229357797652483,0.0005970929050818,0.0312204882502555,0.014324183575809,0.0235635749995708,-0.0406002067029476,0.029235852882266,0.0036798198707401,0.0252043511718511,0.0201649814844131,-0.0177316423505544,-0.0128781162202358,0.0317569933831691,-0.0160800609737634,0.0108164502307772,0.0225100070238113,-0.0440293438732624,0.0180940441787242,-0.0199411772191524,0.0068128961138427,0.0306603722274303,-0.0247131548821926,0.0061017051339149,-0.0120664108544588,0.0282328147441148,0.0366412438452243,0.0134228570386767,-0.0079528847709298,0.0042567905038595,-0.0160332806408405,-0.0440827161073684,-0.0012070282828062,-0.0150300851091742,-0.0078549347817897,0.0475857444107532,0.0353227704763412,-0.0079833231866359,-0.0029411315917968,0.0522279180586338,-0.0050148074515163,0.0546995438635349,-0.0231247786432504,-0.0306199248880147,-0.0006069941446185,0.0284178089350462,0.0400850176811218,0.0211765058338642,0.0020437866915017,0.0294711161404848,-0.0061188545078039,-0.0380582362413406,0.0172969847917556,0.122004322707653,0.0034581823274493,-0.0745967179536819,-0.0137851675972342,-0.0189873985946178,-0.020966837182641,-0.0616184026002883,-0.0544318296015262,0.0124013498425483,0.0,-0.0323636159300804,0.0031455950811505,-0.0299823768436908,0.007525922730565,-0.048338383436203,-0.007158463820815,-0.0299576092511415,0.0125391734763979,0.0385525673627853,0.0061919740401208,0.0489534996449947,0.002153803827241,-0.0049417363479733,-0.0264056697487831,0.0508160553872585,0.0191448740661144,-0.0625869631767273,-0.001252376823686,-0.0625814869999885,-0.0122256865724921,0.0216450076550245,-0.012694370932877,0.0107708387076854,-0.02153648622334,0.0348310694098472,-0.0068988497368991,-0.0079475278034806,-0.0459807924926281,-0.0169836953282356,-0.0366430766880512,-0.0113025633618235,-0.0274822797456787,-0.0182378708258459,-0.0159574752444641,-0.0390002237932533,-0.0121158361221073,-0.0056833448629584,0.0053191569469392,0.1078995666738764,-0.020685604025542,0.203699669392082,-0.1376934568656107,0.2057439688527254,2019-02-27,2019-02-28,2019-03-01,2019-03-04,2019-03-05,2019-03-06,2019-03-07,2019-03-08,2019-03-11,2019-03-12,15139.0,2019-02-26,252.0,-3.2867%,0.0022,1.3625,0.8499,0.8597,2.5456%,2.8867%,22.2413%,-0.022735,VNOM,15139.0,2019-02-27,252.0,-3.6643%,0.002,1.3638,0.8357,0.8598,2.5583%,2.8968%,22.0091%,-0.038552,VNOM,15139.0,2019-02-28,252.0,0.9509%,0.002,1.3688,0.8396,0.8603,2.5580%,2.8971%,22.0390%,0.015619,VNOM,15139.0,2019-03-01,252.0,1.1850%,0.0021,1.3554,0.8197,0.8392,2.5541%,2.8847%,21.6051%,0.002911,VNOM,15139.0,2019-03-04,252.0,-0.2102%,0.002,1.3694,0.771,0.8361,2.5469%,2.8814%,21.8729%,0.004862,VNOM,15139.0,2019-03-05,252.0,0.6019%,0.0021,1.3697,0.7806,0.8325,2.5471%,2.8813%,21.8562%,0.012653,VNOM,15139.0,2019-03-06,252.0,-0.7778%,0.0022,1.3721,0.7519,0.8313,2.5466%,2.8820%,21.9183%,0.01314,VNOM,15139.0,2019-03-07,252.0,0.1809%,0.0023,1.3689,0.764,0.8304,2.5468%,2.8820%,21.9088%,0.01624,VNOM,15139.0,2019-03-08,252.0,-0.2708%,0.0024,1.3668,0.8012,0.8251,2.5379%,2.8758%,22.1210%,0.001243,VNOM,15139.0,2019-03-11,252.0,1.9916%,0.0024,1.366,0.799,0.8242,2.5379%,2.8779%,22.2350%,0.000867,VNOM,15139.0,2019-03-12,252.0,0.6509%,0.0025,1.3855,0.7933,0.8443,2.5339%,2.8780%,22.4844%,0.005901,VNOM,-0.061287,-0.045668,-0.042757,-0.025242,0.0121489999999999
19171,VIAD CORP,Viad To Expand Virtual Flight Ride Concept To Market In Las Vegas,6,increase,0.7,0.6,"the expansion of a virtual flight ride concept in a major market like las vegas is likely to attract more visitors and revenue, positively impacting viad corp's stock price.",2,2019-02-26,VVI,2019-02-26 13:18:00+00:00,19721.0,92552R40,-0.0042735044844448,63638.0,-0.0032617789693176,0.0023988927714526,-0.0027557672001421,0.0135463485494256,0.0103626679629087,0.0048866071738302,-0.0194871686398983,-0.0017422001110389,-0.0057531697675585,0.0152104813605547,-0.0289321020245552,0.0276263263076543,-0.0198628064244985,-0.001270642504096,-0.0090272268280386,-0.0057751252315938,0.012827637605369,0.0139066474512219,-0.0012848696205765,0.0070020463317632,0.0007351757958531,0.0012915072729811,-0.0027548209764063,0.0038895921315997,-0.013837638311088,-0.0075367614626884,0.0097287269309163,0.0049880002625286,0.0025940223131328,0.014050206169486,-0.006653125397861,0.0129032311961054,0.0180465336889028,0.0036184049677103,-0.0275950673967599,0.0239859502762556,0.0050742430612444,-0.0094649735838174,0.0099102240055799,-0.0165273360908031,0.0014812410809099,-0.0001899740891531,0.0256978999823331,0.0070773288607597,0.0145998811349272,0.0011489383177831,0.0094155045226216,-0.0111721288412809,-0.0052798176184296,0.0032295209821313,0.0023000896908342,-0.0034078059252351,-0.0026478643994778,0.0169426463544368,0.0152212493121624,0.00367147102952,-0.006101852748543,-0.0017361140344291,-0.0231538284569978,-0.0065159094519913,0.018495287746191,-0.0028664537239819,0.0028208717703819,0.0073147462680935,-0.0003516254946589,0.0268827956169843,0.0042208558879792,0.0142341433092951,0.0101576503366231,0.0248613711446523,0.0098821027204394,-0.0221017133444547,0.0046352008357644,-0.0063884947448968,-0.0134996734559536,0.0032044833060353,0.0218257773667573,0.0068562240339815,0.0081369644030928,0.0010092699667438,0.0005044355057179,0.0444866232573986,0.0213445462286472,-0.0023138537071645,0.0041138720698654,-0.0064785280264914,0.0047525549307465,-0.0014607616467401,-0.0003262185200583,-0.0004171977052465,0.0027736688498407,0.028314022347331,0.0161080658435821,-0.0124973561614751,0.0048038307577371,-0.0090260347351431,-0.0086055919528007,-0.006864994764328,-0.0104484446346759,0.0004162426339462,0.0060103787109255,-0.0078463982790708,0.0011303034843876,-0.0041127032600343,-0.0211290549486875,0.0207808911800384,0.0116988448426127,0.0025252299383282,0.0115635022521019,-0.0693302154541015,0.0045081111602485,0.0141013488173484,-0.01586789265275,-0.0031676867511123,0.0099348006770014,-0.0076621454209089,0.0083857513964176,0.0434604920446872,-0.00447783106938,-0.0208751689642667,-0.0032617789693176,0.0023988927714526,-0.006008557465962,0.015977737558493,0.0042918458109908,0.0209424216592981,-0.0209442260759894,0.0346657066635123,-0.0659227480476241,0.0779436063139984,-0.0421845881098502,0.1211191943451333,0.0706412423800926,0.1766920141409678,2019-02-27,2019-02-28,2019-03-01,2019-03-04,2019-03-05,2019-03-06,2019-03-07,2019-03-08,2019-03-11,2019-03-12,19721.0,2019-02-26,252.0,-0.4274%,0.0003,0.8299,0.7794,0.2121,1.0953%,1.4380%,41.9813%,0.002704,VVI,19721.0,2019-02-27,252.0,-0.3262%,0.0003,0.8289,0.7795,0.2119,1.0958%,1.4375%,41.8871%,-0.0053349999999999,VVI,19721.0,2019-02-28,252.0,-0.2756%,0.0004,0.8225,0.7751,0.2073,1.0932%,1.4297%,41.5360%,8.800000000000001e-05,VVI,19721.0,2019-03-01,252.0,1.0363%,0.0003,0.8296,0.7856,0.217,1.0912%,1.4309%,41.8514%,0.002932,VVI,19721.0,2019-03-04,252.0,-1.9487%,0.0003,0.8279,0.8031,0.2147,1.0935%,1.4354%,41.9663%,-0.012967,VVI,19721.0,2019-03-05,252.0,-0.5753%,0.0003,0.8282,0.8041,0.2156,1.0935%,1.4332%,41.7828%,-0.001431,VVI,19721.0,2019-03-06,252.0,-2.8932%,0.0002,0.8311,0.8313,0.2225,1.0959%,1.4437%,42.3786%,-0.012019,VVI,19721.0,2019-03-07,252.0,-1.9863%,0.0002,0.8352,0.8276,0.2269,1.0978%,1.4462%,42.3733%,-0.011821,VVI,19721.0,2019-03-08,252.0,-0.9027%,0.0001,0.8365,0.8228,0.2293,1.0985%,1.4459%,42.2813%,-0.007308,VVI,19721.0,2019-03-11,252.0,1.2828%,0.0001,0.8354,0.8287,0.2332,1.0976%,1.4477%,42.5165%,-0.001496,VVI,19721.0,2019-03-12,252.0,-0.1285%,0.0001,0.8338,0.8295,0.2317,1.0976%,1.4448%,42.2889%,-0.000957,VVI,-0.0026309999999999,-0.0025429999999999,0.000389,-0.0140089999999999,-0.04761
19179,WAYFAIR INC,"Morgan Stanley Maintains Equal-Weight on Wayfair, Raises Price Target to $130",6,increase,0.7,0.5,"the maintenance of an equal-weight rating combined with a raised price target suggests a positive outlook for wayfair, which could lead to an increase in stock price.",2,2019-02-26,W,2019-02-26 13:30:00+00:00,14983.0,94419L10,0.0201522074639797,4241493.0,0.0020794544834643,0.0688896402716636,0.0111686699092388,0.2785640954971313,0.025048341602087,-0.0060174516402184,-0.0196667034178972,-0.0178140308707952,-0.00156171398703,-0.0162149164825677,-0.0075798262841999,0.0169053860008716,-0.0103048849850893,0.0025883375201374,0.0112084383144974,-0.0095104333013296,0.0307086128741502,0.0123911229893565,0.0082271210849285,-0.0081381481140851,-0.0166113302111625,0.0326729901134967,-0.0201516952365636,-0.0254074465483427,0.0041736457496881,0.0226495862007141,0.0195169299840927,0.0298389177769422,-0.0054947868920862,0.0329121090471744,0.0167537536472082,0.0048419404774904,0.0013439039466902,0.0154930716380477,-0.0751006305217742,0.0342544578015804,0.0192429218441247,-0.0023930314928293,-0.018879622220993,0.0223113689571619,-0.0516087859869003,0.0233326833695173,-0.0035259048454463,0.0404250584542751,-0.0089458338916301,-0.0129575747996568,0.0037049718666821,-0.0479733869433403,0.0026174455415457,0.0582263059914112,0.0445143170654773,0.0084630399942398,-0.0064726644195616,0.0196015369147062,-0.0163194146007299,0.002242142567411,-0.0169180445373058,-0.0284232143312692,-0.0286152176558971,-0.028519619256258,0.0089953821152448,0.0092555293813347,0.0039472016505897,0.0161223392933607,-0.0019658929668366,0.0126635171473026,0.0054336958564817,0.0609594248235225,0.0101330811157822,0.0647906810045242,-0.0252791997045278,-0.0651044473052024,-0.0037049280945211,0.0043294779025018,0.0182493887841701,-0.0072734854184091,0.0218449588865041,-0.015514813363552,0.0063538732938468,0.0262777041643858,0.0111805126070976,0.1164842694997787,0.0048130438663065,-0.0206963345408439,0.0456339418888092,-0.0350094363093376,0.0037761584389954,-0.058511234819889,0.0085106687620282,-0.0304557252675294,-0.0707514956593513,-0.0021401492413133,-0.0206633266061544,-0.0952657908201217,0.0201585795730352,-0.0063491682521998,-0.0387301035225391,-0.0363400913774967,0.0200766939669847,0.0,-0.0065828962251544,-0.0038784574717283,-0.0177158378064632,0.0335974469780921,-0.0515592023730278,-0.0562961660325527,0.0291769802570343,0.0256836544722318,0.0170662775635719,-0.0360673516988754,0.0280127115547657,0.0573446713387966,0.0144340982660651,0.0076857153326272,0.0155585883185267,0.0047668986953794,-0.0030116976704448,0.1450873464345932,-0.0070922104641795,0.0010928794508799,0.0020794544834643,0.0688896402716636,0.0132713491334202,0.3666439161001937,0.0386521160221215,0.3584202024256619,0.0166350762825389,0.3125869766552609,0.0492937022196167,0.331008128614513,-0.1093510491844214,0.615237231131124,-0.0752858989966588,0.7516939474118274,2019-02-27,2019-02-28,2019-03-01,2019-03-04,2019-03-05,2019-03-06,2019-03-07,2019-03-08,2019-03-11,2019-03-12,14983.0,2019-02-26,252.0,2.0152%,0.0026,1.5031,0.5168,-1.9309,2.9962%,3.8435%,39.2296%,0.019592,W,14983.0,2019-02-27,252.0,0.2079%,0.0026,1.5126,0.4985,-1.9294,2.9933%,3.8432%,39.3395%,-0.002672,W,14983.0,2019-02-28,252.0,1.1169%,0.0025,1.5295,0.5104,-1.919,2.9857%,3.8426%,39.6268%,0.010834,W,14983.0,2019-03-01,252.0,2.5048%,0.0025,1.5456,0.5345,-1.895,2.9813%,3.8443%,39.8584%,0.00479,W,14983.0,2019-03-04,252.0,-1.9667%,0.0023,1.5623,0.4833,-1.9003,2.9734%,3.8450%,40.1977%,-0.002191,W,14983.0,2019-03-05,252.0,-0.1562%,0.0023,1.5664,0.5123,-1.8957,2.9720%,3.8447%,40.2429%,-0.002058,W,14983.0,2019-03-06,252.0,-0.7580%,0.0024,1.5631,0.4902,-1.9025,2.9727%,3.8450%,40.2270%,0.012702,W,14983.0,2019-03-07,252.0,-1.0305%,0.0023,1.5623,0.4745,-1.9081,2.9715%,3.8439%,40.2399%,-0.003513,W,14983.0,2019-03-08,252.0,1.1208%,0.0023,1.5613,0.4714,-1.9095,2.9720%,3.8431%,40.1961%,0.0110739999999999,W,14983.0,2019-03-11,252.0,3.0709%,0.0023,1.558,0.4646,-1.9117,2.9722%,3.8468%,40.3046%,-0.004271,W,14983.0,2019-03-12,252.0,0.8227%,0.0024,1.5683,0.4617,-1.9011,2.9712%,3.8467%,40.3387%,0.004014,W,0.01692,0.027754,0.032544,0.028295,0.048301
19187,WHEELER REAL ESTATE INV TR INC,"Wheeler Real Estate Q4 Adj. FFO $0.15 Down From $0.18 YoY, Sales $16.067M Miss $16.31M Estimate",6,decrease,0.75,0.6,the decline in adjusted funds from operations (ffo) and the miss on sales estimates are likely to negatively impact investor sentiment and lead to a decrease in stock price.,0,2019-02-26,WHLR,2019-02-26 23:00:00+00:00,13700.0,96302570,-0.0506349354982376,34482.0,0.0589087754487991,0.0161290168762207,0.0472631603479385,-0.0210526119917631,0.0252286586910486,0.0,-0.0147058684378862,0.0382513292133808,-0.0398010164499282,0.0054945000447332,-0.0414507389068603,0.0224719569087028,0.0324323996901512,-0.0111111011356115,-0.0328271798789501,0.040462389588356,-0.0039517236873507,0.0116958953440189,-0.0108695542439818,0.0426829606294632,-0.076923131942749,0.0123456669971346,-0.035714253783226,-0.0581395477056503,0.0370370000600814,0.042424276471138,0.0357143245637416,-0.0517241582274437,-0.0574712790548801,-0.0333333015441894,0.1707316935062408,0.0588234700262546,0.0052083283662796,-0.0173410233110189,-0.0051813423633575,-0.0335195213556289,-0.0885416492819786,0.1049382463097572,-0.0628571510314941,0.4727272391319275,0.0060975551605224,0.1105502843856812,-0.0060606002807617,0.0317708291113376,-0.0914634019136428,-0.0351759046316146,0.0872483178973198,-0.0158259458839893,-0.0123456669971346,0.0316326692700386,0.0151874870061874,-0.0666666030883789,0.009665691293776,0.0194174572825431,-0.0060975551605224,-0.0373832508921623,0.006134963594377,0.0190477147698402,-0.0034146192483603,-0.0625000447034835,-0.0332843661308288,-0.0344827249646186,0.0506328605115413,0.0265486482530832,0.030120525509119,0.0610328018665313,0.0292397383600473,0.0047170892357826,0.0511363819241523,-0.0535714849829673,0.0540540665388107,0.3459921181201935,0.0051282001659274,-0.0661054998636245,-0.0408163480460643,0.0360464639961719,0.1462765783071518,0.0117646940052509,0.1136891543865204,0.0,-0.0083333253860473,-0.0555555038154125,0.0252100583165884,-0.0526315905153751,0.0122950701043009,-0.2692307531833649,-0.0242914743721485,-0.1095890998840332,-0.0331950858235359,-0.0987654104828834,-0.0460514202713966,0.012499988079071,0.039276473224163,-0.1752577424049377,0.0,-0.0490195602178573,-0.0259740017354488,-0.0192307513207197,-0.0177777614444494,-0.0325582176446914,-0.0045248824171721,-0.0889829695224762,0.0181818008422851,0.0488888435065746,-0.0178571250289678,-0.1412213295698166,0.0,-0.0296296887099742,0.0141363786533474,-0.0526315309107303,-0.0049751484766602,0.0215053558349609,0.0,-0.0379310809075832,0.0135135008022189,0.1600000411272049,-0.0999999567866325,-0.0566038079559803,-0.0222222581505775,0.0,0.0589087754487991,0.0161290168762207,0.1089561506966749,-0.005263153049646,0.1369336269259404,-0.005263153049646,0.0756283735269747,0.0384615009768383,0.0143231859399211,0.1524390296242379,-0.0891155116673506,0.687499995508206,0.1034944222192575,-0.2867924664400196,2019-02-27,2019-02-28,2019-03-01,2019-03-04,2019-03-05,2019-03-06,2019-03-07,2019-03-08,2019-03-11,2019-03-12,13700.0,2019-02-26,252.0,-5.0635%,-0.0022,0.471,1.0875,0.5258,6.1530%,6.1909%,1.2183%,-0.041672,WHLR,13700.0,2019-02-27,252.0,5.8909%,-0.002,0.4674,1.1112,0.5254,6.1639%,6.2025%,1.2393%,0.05695,WHLR,13700.0,2019-02-28,252.0,4.7263%,-0.0019,0.4708,1.1152,0.5158,6.1704%,6.2092%,1.2460%,0.049703,WHLR,13700.0,2019-03-01,252.0,2.5229%,-0.0019,0.4849,1.1363,0.5273,6.1712%,6.2115%,1.2918%,0.020578,WHLR,13700.0,2019-03-04,252.0,-1.4706%,-0.0018,0.4795,1.1616,0.5271,6.1708%,6.2118%,1.3154%,-0.009785,WHLR,13700.0,2019-03-05,252.0,-3.9801%,-0.002,0.4849,1.183,0.5429,6.1741%,6.2158%,1.3349%,-0.03421,WHLR,13700.0,2019-03-06,252.0,-4.1451%,-0.002,0.502,1.2185,0.567,6.1747%,6.2201%,1.4558%,-0.0227789999999999,WHLR,13700.0,2019-03-07,252.0,3.2432%,-0.0018,0.4842,1.2124,0.5416,6.1800%,6.2238%,1.4021%,0.039182,WHLR,13700.0,2019-03-08,252.0,-3.2827%,-0.0012,0.4757,1.417,0.5174,6.0707%,6.1254%,1.7785%,-0.031537,WHLR,13700.0,2019-03-11,252.0,-0.3952%,-0.0013,0.4685,1.4327,0.5301,6.0695%,6.1246%,1.7918%,-0.01354,WHLR,13700.0,2019-03-12,252.0,-1.0870%,-0.0013,0.474,1.4344,0.537,6.0695%,6.1249%,1.8019%,-0.007695,WHLR,0.015278,0.064981,0.085559,0.041564,0.005195
19195,WIPRO LTD,Credit Suisse Downgrades Wipro to Underperform,6,decrease,0.85,0.7,"a downgrade from a major financial institution like credit suisse typically signals negative sentiment towards the company's future performance, likely leading to a decrease in stock price.",0,2019-02-26,WIT,2019-02-26 11:54:00+00:00,88683.0,97651M10,-0.0017301433254033,1099325.0,-0.0190641488879919,0.0140351587906479,-0.0106006972491741,0.0088495071977376,0.0071428506635129,0.0071301176212728,-0.0017730057006701,0.0144665315747261,-0.0071047889068722,-0.0246913339942693,-0.0161002054810524,-0.015625026077032,-0.0436363220214843,0.0034844004549086,0.0038022776134312,-0.0017391702858731,0.0189393758773803,0.0195035710930824,0.003717468585819,-0.0035335656721144,-0.0148148005828261,0.0,-0.007518789730966,0.001769867609255,0.0176767203956842,0.0035523944534361,-0.0049627739936113,-0.003539819503203,0.0024937035050243,0.0035523944534361,0.0199004784226417,-0.0105448048561811,0.0024390802718698,0.0307971145957708,-0.0243308767676353,0.003636360168457,-0.0124688744544982,0.0,0.0075757503509521,0.0099040223285555,-0.0125313159078359,0.0055249007418751,0.0050761373713612,0.0,0.0050505003891885,0.0149532565847039,0.0175879821181297,0.0018726127455011,0.0,0.0190840438008308,0.0,0.0155038619413971,-0.0074074589647352,0.0078124925494194,0.0124378586187958,0.0448979139328002,0.0073709413409233,-0.0429687090218067,0.039024468511343,0.0058938572183251,0.0093896621838212,-0.0077972635626792,0.0023255236446857,0.0039138905704021,0.0046403668820858,0.0098814610391855,0.0138568002730608,0.0,-0.0341685861349105,0.0019801489543169,0.0023585446178913,-0.0117416717112064,0.0329411439597606,-0.0038986317813396,0.0045558046549558,-0.0019454770954325,0.013605429790914,0.0078431302681565,-0.0067113498225808,0.0039370041340589,0.0045044999569654,0.0262626502662897,0.0067263976670801,0.0040567913092672,0.0089087840169668,-0.0408560410141944,0.0088300136849284,-0.0172084420919418,-0.0043763634748756,0.011605404317379,-0.0131869046017527,-0.0019304541638121,-0.0178173556923866,-0.001926826313138,0.018140573054552,-0.0244361106306314,-0.0089086778461933,0.0410958975553512,0.0224719960242509,0.0118811763823032,-0.0109890522435307,-0.003944769501686,0.0022222730331122,-0.0155339650809764,-0.024390272796154,-0.0115163037553429,-0.0045454502105712,-0.0076190405525267,0.0091324113309383,0.0019084407249465,0.0180995296686887,0.003831414040178,-0.0066667133942246,0.0255402028560638,0.0246085319668054,-0.0058593228459358,-0.0218340400606393,0.0158730000257492,-0.0044642812572419,-0.0117646949365735,-0.0190641488879919,0.0140351587906479,-0.0294627528664912,0.0230088702271249,-0.0225303502468396,0.0303030437994498,-0.0311958120122405,0.0194003765959829,-0.0641247637441345,0.0212014791687138,-0.0155979240739299,0.1384661376122644,0.0306180909012854,0.136233904409569,2019-02-27,2019-02-28,2019-03-01,2019-03-04,2019-03-05,2019-03-06,2019-03-07,2019-03-08,2019-03-11,2019-03-12,88683.0,2019-02-26,252.0,-0.1730%,0.0,0.4017,-0.2357,-0.3192,1.4001%,1.4965%,12.4671%,-0.003801,WIT,88683.0,2019-02-27,252.0,-1.9064%,0.0001,0.4104,-0.2569,-0.3178,1.3994%,1.4986%,12.7916%,-0.019461,WIT,88683.0,2019-02-28,252.0,-1.0601%,-0.0,0.415,-0.2541,-0.3121,1.4006%,1.5001%,12.8295%,-0.010172,WIT,88683.0,2019-03-01,252.0,0.7143%,-0.0,0.424,-0.2407,-0.2998,1.3981%,1.4992%,13.0304%,0.003553,WIT,88683.0,2019-03-04,252.0,-0.1773%,0.0,0.4189,-0.2241,-0.2983,1.3965%,1.4948%,12.7247%,0.000548,WIT,88683.0,2019-03-05,252.0,-0.7105%,-0.0,0.4197,-0.2224,-0.2948,1.3973%,1.4954%,12.6867%,-0.007893,WIT,88683.0,2019-03-06,252.0,-1.6100%,-0.0001,0.4226,-0.188,-0.2869,1.3999%,1.4973%,12.5872%,-0.015349,WIT,88683.0,2019-03-07,252.0,-4.3636%,-0.0003,0.4415,-0.1763,-0.2584,1.4236%,1.5225%,12.5640%,-0.0413389999999999,WIT,88683.0,2019-03-08,252.0,0.3802%,-0.0002,0.4408,-0.1744,-0.2597,1.4239%,1.5226%,12.5495%,0.004332,WIT,88683.0,2019-03-11,252.0,1.8939%,-0.0002,0.4472,-0.1773,-0.2646,1.4247%,1.5269%,12.9349%,0.011559,WIT,88683.0,2019-03-12,252.0,0.3717%,-0.0001,0.4519,-0.1792,-0.26,1.4244%,1.5270%,12.9933%,0.001802,WIT,-0.0232619999999999,-0.033434,-0.0298809999999999,-0.0372259999999999,-0.076221
19203,WESTLAKE CORP,Susquehanna Downgrades Westlake Chemical to Neutral,6,decrease,0.8,0.6,"a downgrade from an analyst typically signals reduced expectations for the company's performance, which can lead to a decrease in stock price.",0,2019-02-26,WLK,2019-02-26 11:22:00+00:00,90312.0,96041310,-0.0185561794787645,775611.0,0.003462124383077,-0.0230249818414449,-0.035743810236454,0.0106995198875665,-0.0031487219966948,-0.0640881583094596,0.0142138954252004,0.0371284000575542,-0.0169874988496303,-0.047601368278265,0.0175691414624452,0.0395886115729808,-0.0247664861381053,0.0032237265259027,-0.0200261902064085,0.0029746941290795,0.0183621775358915,0.0334135256707668,-0.0031989763956516,0.0174054764211177,0.0123996855691075,-0.0056787207722663,-0.0099423984065651,-0.0238880515098571,0.0074225314892828,-0.0267180707305669,0.0128575470298528,0.0320827029645443,-0.0114106833934783,0.0011946372687816,-0.0036069832276552,0.0194857213646173,0.0092672957107424,-0.0406334847211837,-0.0519368052482605,0.0040406356565654,-0.0183111242949962,0.0315987430512905,0.0295976269990205,-0.0097203161567449,0.0004491507424972,0.0324443317949771,0.0119725093245506,0.003310315310955,0.0035492139868438,-0.0324302725493907,0.0284409113228321,-0.037260714918375,0.0114628942683339,0.0307244025170803,0.0134580628946423,0.0107081122696399,0.041654959321022,0.0292051639407873,0.0217391680926084,-0.0206422880291938,-0.0045967753976583,-0.0126548148691654,-0.0151735255494713,-0.0088460287079215,0.0038853285368531,0.0050424262881278,-0.0036033182404935,0.011272195726633,0.0233056228607893,0.0656370148062706,0.0151831936091184,0.0051746531389653,-0.0083805304020643,0.0665337443351745,-0.0149525608867406,-0.0330565646290779,-0.007259807549417,0.0194952543824911,-0.0055843396112322,0.0244620200246572,0.0102954488247633,-0.0063077486120164,-0.0243514608591795,0.0221732947975397,-0.0263158213347196,0.0455442368984222,0.0075229997746646,-0.00944628380239,-0.0113384909927845,-0.0042166449129581,-0.0244755242019891,-0.0113836638629436,-0.0278136543929576,-0.032873298972845,-0.0906945541501045,-0.0078461868688464,0.0298410672694444,0.0057249381206929,-0.0237795002758503,-0.0353731736540794,-0.0222616717219352,-0.005344427190721,-0.0072595681995153,0.0158347617834806,0.0054844911210238,-0.0076324772089719,0.0082644624635577,-0.0226708054542541,-0.0436065532267093,-0.0271769501268863,0.025368520990014,-0.0018463978776708,0.0234035700559616,-0.046193391084671,0.0310355704277753,0.0183473844081163,-0.0137832537293434,0.0093288524076342,0.0117269000038504,0.0240981392562389,0.027945352718234,0.0206665433943271,-0.029039192944765,-0.0107975816354155,0.003462124383077,-0.0230249818414449,-0.0324054353703406,-0.0125718182050017,-0.0354521216598724,-0.0758542718391015,-0.0383602932731887,-0.0871661213196676,-0.0506854476070375,0.0039434394675021,0.0336518523437734,-0.0252178007744655,-0.1294834267191997,0.0629139455427105,2019-02-27,2019-02-28,2019-03-01,2019-03-04,2019-03-05,2019-03-06,2019-03-07,2019-03-08,2019-03-11,2019-03-12,90312.0,2019-02-26,252.0,-1.8556%,-0.0014,1.309,0.666,0.6983,1.6856%,2.1293%,37.3280%,-0.010054,WLK,90312.0,2019-02-27,252.0,0.3462%,-0.0014,1.3085,0.6679,0.6982,1.6857%,2.1281%,37.2502%,0.0017569999999999,WLK,90312.0,2019-02-28,252.0,-3.5744%,-0.0016,1.3192,0.6743,0.7127,1.6944%,2.1384%,37.2111%,-0.0301759999999999,WLK,90312.0,2019-03-01,252.0,-0.3149%,-0.0016,1.3144,0.6672,0.71,1.6954%,2.1331%,36.8219%,-0.0118419999999999,WLK,90312.0,2019-03-04,252.0,1.4214%,-0.0015,1.3111,0.6579,0.7155,1.7013%,2.1343%,36.4617%,0.0208579999999999,WLK,90312.0,2019-03-05,252.0,-1.6987%,-0.0016,1.3106,0.6476,0.7186,1.7013%,2.1318%,36.3062%,-0.011092,WLK,90312.0,2019-03-06,252.0,1.7569%,-0.0015,1.2778,0.5844,0.673,1.7055%,2.1160%,35.0343%,0.03636,WLK,90312.0,2019-03-07,252.0,-2.4766%,-0.0017,1.2776,0.5635,0.6669,1.7021%,2.1129%,35.1020%,-0.011749,WLK,90312.0,2019-03-08,252.0,-2.0026%,-0.0017,1.28,0.5574,0.671,1.7044%,2.1155%,35.0904%,-0.016453,WLK,90312.0,2019-03-11,252.0,1.8362%,-0.0017,1.2816,0.5489,0.6653,1.7032%,2.1183%,35.3537%,0.000682,WLK,90312.0,2019-03-12,252.0,-0.3199%,-0.0018,1.2727,0.552,0.6564,1.7020%,2.1082%,34.8239%,-0.004424,WLK,-0.008297,-0.038473,-0.050315,-0.040549,-0.036133
19211,WILLIS TOWERS WATSON PUB LTD CO,"Weight Watchers Plummets Following Mixed Q4 Earnings, Weak Guidance",6,uncertain,0.4,0.2,"the news about weight watchers does not directly relate to willis towers watson, making the impact on its stock price uncertain.",1,2019-02-26,WTW,2019-02-26 21:20:00+00:00,89017.0,G9662910,-0.0062408405356109,734376.0,0.000939009245485,0.0021041592117398,0.0086783803999423,0.0041082045063376,0.0031391307711601,-0.0040332148782908,0.0028396239504218,0.0021087196655571,0.0519502460956573,0.0068412576802074,-0.061305146664381,0.0062907868996262,-0.0039794472977519,-0.0144469859078526,-0.0057579069398343,-0.0015767592703923,0.007032279856503,0.0071756332181394,0.0018191277049481,0.0131092648953199,0.0062675261870026,0.0310253910720348,0.0026777270250022,-0.021579684689641,0.0081276856362819,-0.0009008101769722,0.002476291032508,0.0069544864818453,-0.0067785382270812,-0.0045150802470743,-0.0027183415368199,0.0203944183886051,0.0109610548242926,0.0108668655157089,0.0016635685460641,0.0136589556932449,0.0067578759044408,0.003917820751667,0.0099550606682896,-0.0027727168053388,-0.0041117253713309,0.0057038418017327,-0.0064475615508854,-0.0024655419401824,0.0035995291545987,-0.0034650228917598,0.0026188825722783,0.0004411449772305,0.0061892927624285,0.0108307646587491,0.0034989300183951,0.0002549614291638,0.0038802560884505,0.0148095013573765,-0.0024087876081466,0.0069023733958601,0.0020776903256773,-0.0027274377644062,-0.002353590214625,0.0041734552942216,0.0056731705553829,0.0111433630809187,0.0040773628279566,-0.0060296119190752,0.0052845133468508,0.0063980030827224,0.0001106920753954,0.007375419139862,0.0026004272513091,0.0270233862102031,-0.0237846300005912,-0.020978083834052,0.0026568751782178,-0.0143553791567683,-0.0006201759679242,0.0061618499457836,0.0154575519263744,0.0045076999813318,-0.0024444579612463,0.0133683020249009,0.0033971965312957,0.0153468381613493,0.007659459952265,-0.0031278077512979,-0.00016523701197,-0.0152001408860087,0.0155354337766766,-0.0131501052528619,-0.0486600920557975,-0.0039491271600127,0.0178480073809623,0.0042966282926499,0.0071148700080811,-0.0161290057003498,-0.0063414326868951,-0.0171940084546804,-0.0236242581158876,0.004429908003658,0.0063069253228604,0.0055519733577966,-0.002905786037445,0.0018756437348201,0.0094285365194082,-0.0120766730979085,-0.0166996717453002,0.002562420675531,0.0096718939021229,-0.0076917642727494,0.0009122385527007,-0.023768164217472,0.0143557274714112,0.0105989491567015,-0.0115691199898719,0.0060571101494133,0.0021022448781877,-0.0062699853442609,0.0109996171668171,0.0156658384948968,0.009590077213943,-0.0019068394321948,0.000939009245485,0.0021041592117398,0.0096255387248589,0.0062210080344333,0.0127948853208192,0.00216270249398,0.0684351921246979,0.0111464934724623,0.00199551661498,0.0216302556159782,0.0487802092969396,0.1180305832688219,0.0605033934962493,0.0940797605062235,2019-02-27,2019-02-28,2019-03-01,2019-03-04,2019-03-05,2019-03-06,2019-03-07,2019-03-08,2019-03-11,2019-03-12,89017.0,2019-02-26,252.0,-0.6241%,0.0005,0.7421,-0.1325,0.4699,1.0020%,1.2350%,34.1626%,-0.004526,WLTW,89017.0,2019-02-27,252.0,0.0939%,0.0005,0.7427,-0.1334,0.47,1.0020%,1.2341%,34.0716%,0.000987,WLTW,89017.0,2019-02-28,252.0,0.8678%,0.0005,0.7441,-0.132,0.4683,1.0037%,1.2351%,33.9656%,0.0120819999999999,WLTW,89017.0,2019-03-01,252.0,0.3139%,0.0005,0.7375,-0.1419,0.4583,1.0014%,1.2289%,33.6055%,-5.3e-05,WLTW,89017.0,2019-03-04,252.0,0.2840%,0.0006,0.7329,-0.1301,0.4602,1.0001%,1.2232%,33.1519%,0.00423,WLTW,89017.0,2019-03-05,252.0,5.1950%,0.0008,0.7247,-0.1596,0.4347,1.0545%,1.2652%,30.5320%,0.053807,WLTW,89017.0,2019-03-06,252.0,-6.1305%,0.0006,0.7472,-0.0385,0.4765,1.1147%,1.3220%,28.9050%,-0.057492,WLTW,89017.0,2019-03-07,252.0,-0.3979%,0.0006,0.7458,-0.0389,0.4746,1.1149%,1.3222%,28.9039%,0.003603,WLTW,89017.0,2019-03-08,252.0,-0.5758%,0.0005,0.7471,-0.0506,0.4772,1.1132%,1.3217%,29.0624%,-0.003381,WLTW,89017.0,2019-03-11,252.0,0.7032%,0.0005,0.7459,-0.049,0.4787,1.1131%,1.3221%,29.1126%,-0.001526,WLTW,89017.0,2019-03-12,252.0,0.1819%,0.0004,0.734,-0.0463,0.4662,1.1095%,1.3100%,28.2588%,0.0001099999999999,WLTW,-0.0035389999999999,0.0085429999999999,0.00849,0.066527,0.007841
19219,WILLIS TOWERS WATSON PUB LTD CO,WW Shares To Resume Trade At 4:35 p.m. EST,6,uncertain,0.5,0.5,"the resumption of trading could indicate a return to normalcy, but without additional context on the reasons for the halt, the impact on stock price is unclear.",1,2019-02-26,WTW,2019-02-26 21:12:00+00:00,89017.0,G9662910,-0.0062408405356109,734376.0,0.000939009245485,0.0021041592117398,0.0086783803999423,0.0041082045063376,0.0031391307711601,-0.0040332148782908,0.0028396239504218,0.0021087196655571,0.0519502460956573,0.0068412576802074,-0.061305146664381,0.0062907868996262,-0.0039794472977519,-0.0144469859078526,-0.0057579069398343,-0.0015767592703923,0.007032279856503,0.0071756332181394,0.0018191277049481,0.0131092648953199,0.0062675261870026,0.0310253910720348,0.0026777270250022,-0.021579684689641,0.0081276856362819,-0.0009008101769722,0.002476291032508,0.0069544864818453,-0.0067785382270812,-0.0045150802470743,-0.0027183415368199,0.0203944183886051,0.0109610548242926,0.0108668655157089,0.0016635685460641,0.0136589556932449,0.0067578759044408,0.003917820751667,0.0099550606682896,-0.0027727168053388,-0.0041117253713309,0.0057038418017327,-0.0064475615508854,-0.0024655419401824,0.0035995291545987,-0.0034650228917598,0.0026188825722783,0.0004411449772305,0.0061892927624285,0.0108307646587491,0.0034989300183951,0.0002549614291638,0.0038802560884505,0.0148095013573765,-0.0024087876081466,0.0069023733958601,0.0020776903256773,-0.0027274377644062,-0.002353590214625,0.0041734552942216,0.0056731705553829,0.0111433630809187,0.0040773628279566,-0.0060296119190752,0.0052845133468508,0.0063980030827224,0.0001106920753954,0.007375419139862,0.0026004272513091,0.0270233862102031,-0.0237846300005912,-0.020978083834052,0.0026568751782178,-0.0143553791567683,-0.0006201759679242,0.0061618499457836,0.0154575519263744,0.0045076999813318,-0.0024444579612463,0.0133683020249009,0.0033971965312957,0.0153468381613493,0.007659459952265,-0.0031278077512979,-0.00016523701197,-0.0152001408860087,0.0155354337766766,-0.0131501052528619,-0.0486600920557975,-0.0039491271600127,0.0178480073809623,0.0042966282926499,0.0071148700080811,-0.0161290057003498,-0.0063414326868951,-0.0171940084546804,-0.0236242581158876,0.004429908003658,0.0063069253228604,0.0055519733577966,-0.002905786037445,0.0018756437348201,0.0094285365194082,-0.0120766730979085,-0.0166996717453002,0.002562420675531,0.0096718939021229,-0.0076917642727494,0.0009122385527007,-0.023768164217472,0.0143557274714112,0.0105989491567015,-0.0115691199898719,0.0060571101494133,0.0021022448781877,-0.0062699853442609,0.0109996171668171,0.0156658384948968,0.009590077213943,-0.0019068394321948,0.000939009245485,0.0021041592117398,0.0096255387248589,0.0062210080344333,0.0127948853208192,0.00216270249398,0.0684351921246979,0.0111464934724623,0.00199551661498,0.0216302556159782,0.0487802092969396,0.1180305832688219,0.0605033934962493,0.0940797605062235,2019-02-27,2019-02-28,2019-03-01,2019-03-04,2019-03-05,2019-03-06,2019-03-07,2019-03-08,2019-03-11,2019-03-12,89017.0,2019-02-26,252.0,-0.6241%,0.0005,0.7421,-0.1325,0.4699,1.0020%,1.2350%,34.1626%,-0.004526,WLTW,89017.0,2019-02-27,252.0,0.0939%,0.0005,0.7427,-0.1334,0.47,1.0020%,1.2341%,34.0716%,0.000987,WLTW,89017.0,2019-02-28,252.0,0.8678%,0.0005,0.7441,-0.132,0.4683,1.0037%,1.2351%,33.9656%,0.0120819999999999,WLTW,89017.0,2019-03-01,252.0,0.3139%,0.0005,0.7375,-0.1419,0.4583,1.0014%,1.2289%,33.6055%,-5.3e-05,WLTW,89017.0,2019-03-04,252.0,0.2840%,0.0006,0.7329,-0.1301,0.4602,1.0001%,1.2232%,33.1519%,0.00423,WLTW,89017.0,2019-03-05,252.0,5.1950%,0.0008,0.7247,-0.1596,0.4347,1.0545%,1.2652%,30.5320%,0.053807,WLTW,89017.0,2019-03-06,252.0,-6.1305%,0.0006,0.7472,-0.0385,0.4765,1.1147%,1.3220%,28.9050%,-0.057492,WLTW,89017.0,2019-03-07,252.0,-0.3979%,0.0006,0.7458,-0.0389,0.4746,1.1149%,1.3222%,28.9039%,0.003603,WLTW,89017.0,2019-03-08,252.0,-0.5758%,0.0005,0.7471,-0.0506,0.4772,1.1132%,1.3217%,29.0624%,-0.003381,WLTW,89017.0,2019-03-11,252.0,0.7032%,0.0005,0.7459,-0.049,0.4787,1.1131%,1.3221%,29.1126%,-0.001526,WLTW,89017.0,2019-03-12,252.0,0.1819%,0.0004,0.734,-0.0463,0.4662,1.1095%,1.3100%,28.2588%,0.0001099999999999,WLTW,-0.0035389999999999,0.0085429999999999,0.00849,0.066527,0.007841
19227,WILLIS TOWERS WATSON PUB LTD CO,"UPDATE: WW CFO Says 'due to the soft start to the key Winter Season, we expect member recruitment for 2019 to be below 2018 levels, resulting in lower revenue and earnings for the year'",6,decrease,0.85,0.7,"the expectation of lower member recruitment and subsequent revenue and earnings for the year suggests a negative outlook, likely leading to a decrease in stock price.",0,2019-02-26,WTW,2019-02-26 21:08:00+00:00,89017.0,G9662910,-0.0062408405356109,734376.0,0.000939009245485,0.0021041592117398,0.0086783803999423,0.0041082045063376,0.0031391307711601,-0.0040332148782908,0.0028396239504218,0.0021087196655571,0.0519502460956573,0.0068412576802074,-0.061305146664381,0.0062907868996262,-0.0039794472977519,-0.0144469859078526,-0.0057579069398343,-0.0015767592703923,0.007032279856503,0.0071756332181394,0.0018191277049481,0.0131092648953199,0.0062675261870026,0.0310253910720348,0.0026777270250022,-0.021579684689641,0.0081276856362819,-0.0009008101769722,0.002476291032508,0.0069544864818453,-0.0067785382270812,-0.0045150802470743,-0.0027183415368199,0.0203944183886051,0.0109610548242926,0.0108668655157089,0.0016635685460641,0.0136589556932449,0.0067578759044408,0.003917820751667,0.0099550606682896,-0.0027727168053388,-0.0041117253713309,0.0057038418017327,-0.0064475615508854,-0.0024655419401824,0.0035995291545987,-0.0034650228917598,0.0026188825722783,0.0004411449772305,0.0061892927624285,0.0108307646587491,0.0034989300183951,0.0002549614291638,0.0038802560884505,0.0148095013573765,-0.0024087876081466,0.0069023733958601,0.0020776903256773,-0.0027274377644062,-0.002353590214625,0.0041734552942216,0.0056731705553829,0.0111433630809187,0.0040773628279566,-0.0060296119190752,0.0052845133468508,0.0063980030827224,0.0001106920753954,0.007375419139862,0.0026004272513091,0.0270233862102031,-0.0237846300005912,-0.020978083834052,0.0026568751782178,-0.0143553791567683,-0.0006201759679242,0.0061618499457836,0.0154575519263744,0.0045076999813318,-0.0024444579612463,0.0133683020249009,0.0033971965312957,0.0153468381613493,0.007659459952265,-0.0031278077512979,-0.00016523701197,-0.0152001408860087,0.0155354337766766,-0.0131501052528619,-0.0486600920557975,-0.0039491271600127,0.0178480073809623,0.0042966282926499,0.0071148700080811,-0.0161290057003498,-0.0063414326868951,-0.0171940084546804,-0.0236242581158876,0.004429908003658,0.0063069253228604,0.0055519733577966,-0.002905786037445,0.0018756437348201,0.0094285365194082,-0.0120766730979085,-0.0166996717453002,0.002562420675531,0.0096718939021229,-0.0076917642727494,0.0009122385527007,-0.023768164217472,0.0143557274714112,0.0105989491567015,-0.0115691199898719,0.0060571101494133,0.0021022448781877,-0.0062699853442609,0.0109996171668171,0.0156658384948968,0.009590077213943,-0.0019068394321948,0.000939009245485,0.0021041592117398,0.0096255387248589,0.0062210080344333,0.0127948853208192,0.00216270249398,0.0684351921246979,0.0111464934724623,0.00199551661498,0.0216302556159782,0.0487802092969396,0.1180305832688219,0.0605033934962493,0.0940797605062235,2019-02-27,2019-02-28,2019-03-01,2019-03-04,2019-03-05,2019-03-06,2019-03-07,2019-03-08,2019-03-11,2019-03-12,89017.0,2019-02-26,252.0,-0.6241%,0.0005,0.7421,-0.1325,0.4699,1.0020%,1.2350%,34.1626%,-0.004526,WLTW,89017.0,2019-02-27,252.0,0.0939%,0.0005,0.7427,-0.1334,0.47,1.0020%,1.2341%,34.0716%,0.000987,WLTW,89017.0,2019-02-28,252.0,0.8678%,0.0005,0.7441,-0.132,0.4683,1.0037%,1.2351%,33.9656%,0.0120819999999999,WLTW,89017.0,2019-03-01,252.0,0.3139%,0.0005,0.7375,-0.1419,0.4583,1.0014%,1.2289%,33.6055%,-5.3e-05,WLTW,89017.0,2019-03-04,252.0,0.2840%,0.0006,0.7329,-0.1301,0.4602,1.0001%,1.2232%,33.1519%,0.00423,WLTW,89017.0,2019-03-05,252.0,5.1950%,0.0008,0.7247,-0.1596,0.4347,1.0545%,1.2652%,30.5320%,0.053807,WLTW,89017.0,2019-03-06,252.0,-6.1305%,0.0006,0.7472,-0.0385,0.4765,1.1147%,1.3220%,28.9050%,-0.057492,WLTW,89017.0,2019-03-07,252.0,-0.3979%,0.0006,0.7458,-0.0389,0.4746,1.1149%,1.3222%,28.9039%,0.003603,WLTW,89017.0,2019-03-08,252.0,-0.5758%,0.0005,0.7471,-0.0506,0.4772,1.1132%,1.3217%,29.0624%,-0.003381,WLTW,89017.0,2019-03-11,252.0,0.7032%,0.0005,0.7459,-0.049,0.4787,1.1131%,1.3221%,29.1126%,-0.001526,WLTW,89017.0,2019-03-12,252.0,0.1819%,0.0004,0.734,-0.0463,0.4662,1.1095%,1.3100%,28.2588%,0.0001099999999999,WLTW,-0.0035389999999999,0.0085429999999999,0.00849,0.066527,0.007841
19235,WILLIS TOWERS WATSON PUB LTD CO,"WW Q4 Adj. EPS $0.63 Beats $0.60 Estimate, Sales $330.386M Miss $347.16M Estimate; FY19 Sales ~$1.4B vs $1.66B Estimate, EPS $1.25-$1.50",6,decrease,0.75,0.6,"the company reported lower sales than expected for both q4 and fy19, which is likely to negatively impact investor sentiment despite the adjusted eps beating estimates.",0,2019-02-26,WTW,2019-02-26 21:08:00+00:00,89017.0,G9662910,-0.0062408405356109,734376.0,0.000939009245485,0.0021041592117398,0.0086783803999423,0.0041082045063376,0.0031391307711601,-0.0040332148782908,0.0028396239504218,0.0021087196655571,0.0519502460956573,0.0068412576802074,-0.061305146664381,0.0062907868996262,-0.0039794472977519,-0.0144469859078526,-0.0057579069398343,-0.0015767592703923,0.007032279856503,0.0071756332181394,0.0018191277049481,0.0131092648953199,0.0062675261870026,0.0310253910720348,0.0026777270250022,-0.021579684689641,0.0081276856362819,-0.0009008101769722,0.002476291032508,0.0069544864818453,-0.0067785382270812,-0.0045150802470743,-0.0027183415368199,0.0203944183886051,0.0109610548242926,0.0108668655157089,0.0016635685460641,0.0136589556932449,0.0067578759044408,0.003917820751667,0.0099550606682896,-0.0027727168053388,-0.0041117253713309,0.0057038418017327,-0.0064475615508854,-0.0024655419401824,0.0035995291545987,-0.0034650228917598,0.0026188825722783,0.0004411449772305,0.0061892927624285,0.0108307646587491,0.0034989300183951,0.0002549614291638,0.0038802560884505,0.0148095013573765,-0.0024087876081466,0.0069023733958601,0.0020776903256773,-0.0027274377644062,-0.002353590214625,0.0041734552942216,0.0056731705553829,0.0111433630809187,0.0040773628279566,-0.0060296119190752,0.0052845133468508,0.0063980030827224,0.0001106920753954,0.007375419139862,0.0026004272513091,0.0270233862102031,-0.0237846300005912,-0.020978083834052,0.0026568751782178,-0.0143553791567683,-0.0006201759679242,0.0061618499457836,0.0154575519263744,0.0045076999813318,-0.0024444579612463,0.0133683020249009,0.0033971965312957,0.0153468381613493,0.007659459952265,-0.0031278077512979,-0.00016523701197,-0.0152001408860087,0.0155354337766766,-0.0131501052528619,-0.0486600920557975,-0.0039491271600127,0.0178480073809623,0.0042966282926499,0.0071148700080811,-0.0161290057003498,-0.0063414326868951,-0.0171940084546804,-0.0236242581158876,0.004429908003658,0.0063069253228604,0.0055519733577966,-0.002905786037445,0.0018756437348201,0.0094285365194082,-0.0120766730979085,-0.0166996717453002,0.002562420675531,0.0096718939021229,-0.0076917642727494,0.0009122385527007,-0.023768164217472,0.0143557274714112,0.0105989491567015,-0.0115691199898719,0.0060571101494133,0.0021022448781877,-0.0062699853442609,0.0109996171668171,0.0156658384948968,0.009590077213943,-0.0019068394321948,0.000939009245485,0.0021041592117398,0.0096255387248589,0.0062210080344333,0.0127948853208192,0.00216270249398,0.0684351921246979,0.0111464934724623,0.00199551661498,0.0216302556159782,0.0487802092969396,0.1180305832688219,0.0605033934962493,0.0940797605062235,2019-02-27,2019-02-28,2019-03-01,2019-03-04,2019-03-05,2019-03-06,2019-03-07,2019-03-08,2019-03-11,2019-03-12,89017.0,2019-02-26,252.0,-0.6241%,0.0005,0.7421,-0.1325,0.4699,1.0020%,1.2350%,34.1626%,-0.004526,WLTW,89017.0,2019-02-27,252.0,0.0939%,0.0005,0.7427,-0.1334,0.47,1.0020%,1.2341%,34.0716%,0.000987,WLTW,89017.0,2019-02-28,252.0,0.8678%,0.0005,0.7441,-0.132,0.4683,1.0037%,1.2351%,33.9656%,0.0120819999999999,WLTW,89017.0,2019-03-01,252.0,0.3139%,0.0005,0.7375,-0.1419,0.4583,1.0014%,1.2289%,33.6055%,-5.3e-05,WLTW,89017.0,2019-03-04,252.0,0.2840%,0.0006,0.7329,-0.1301,0.4602,1.0001%,1.2232%,33.1519%,0.00423,WLTW,89017.0,2019-03-05,252.0,5.1950%,0.0008,0.7247,-0.1596,0.4347,1.0545%,1.2652%,30.5320%,0.053807,WLTW,89017.0,2019-03-06,252.0,-6.1305%,0.0006,0.7472,-0.0385,0.4765,1.1147%,1.3220%,28.9050%,-0.057492,WLTW,89017.0,2019-03-07,252.0,-0.3979%,0.0006,0.7458,-0.0389,0.4746,1.1149%,1.3222%,28.9039%,0.003603,WLTW,89017.0,2019-03-08,252.0,-0.5758%,0.0005,0.7471,-0.0506,0.4772,1.1132%,1.3217%,29.0624%,-0.003381,WLTW,89017.0,2019-03-11,252.0,0.7032%,0.0005,0.7459,-0.049,0.4787,1.1131%,1.3221%,29.1126%,-0.001526,WLTW,89017.0,2019-03-12,252.0,0.1819%,0.0004,0.734,-0.0463,0.4662,1.1095%,1.3100%,28.2588%,0.0001099999999999,WLTW,-0.0035389999999999,0.0085429999999999,0.00849,0.066527,0.007841
19243,WILLIS TOWERS WATSON PUB LTD CO,Weight Watchers Shares Halted Ahead Of Earnings,6,uncertain,0.5,0.5,the news about weight watchers shares being halted does not directly relate to willis towers watson and its impact on their stock price is unclear.,1,2019-02-26,WTW,2019-02-26 21:04:00+00:00,89017.0,G9662910,-0.0062408405356109,734376.0,0.000939009245485,0.0021041592117398,0.0086783803999423,0.0041082045063376,0.0031391307711601,-0.0040332148782908,0.0028396239504218,0.0021087196655571,0.0519502460956573,0.0068412576802074,-0.061305146664381,0.0062907868996262,-0.0039794472977519,-0.0144469859078526,-0.0057579069398343,-0.0015767592703923,0.007032279856503,0.0071756332181394,0.0018191277049481,0.0131092648953199,0.0062675261870026,0.0310253910720348,0.0026777270250022,-0.021579684689641,0.0081276856362819,-0.0009008101769722,0.002476291032508,0.0069544864818453,-0.0067785382270812,-0.0045150802470743,-0.0027183415368199,0.0203944183886051,0.0109610548242926,0.0108668655157089,0.0016635685460641,0.0136589556932449,0.0067578759044408,0.003917820751667,0.0099550606682896,-0.0027727168053388,-0.0041117253713309,0.0057038418017327,-0.0064475615508854,-0.0024655419401824,0.0035995291545987,-0.0034650228917598,0.0026188825722783,0.0004411449772305,0.0061892927624285,0.0108307646587491,0.0034989300183951,0.0002549614291638,0.0038802560884505,0.0148095013573765,-0.0024087876081466,0.0069023733958601,0.0020776903256773,-0.0027274377644062,-0.002353590214625,0.0041734552942216,0.0056731705553829,0.0111433630809187,0.0040773628279566,-0.0060296119190752,0.0052845133468508,0.0063980030827224,0.0001106920753954,0.007375419139862,0.0026004272513091,0.0270233862102031,-0.0237846300005912,-0.020978083834052,0.0026568751782178,-0.0143553791567683,-0.0006201759679242,0.0061618499457836,0.0154575519263744,0.0045076999813318,-0.0024444579612463,0.0133683020249009,0.0033971965312957,0.0153468381613493,0.007659459952265,-0.0031278077512979,-0.00016523701197,-0.0152001408860087,0.0155354337766766,-0.0131501052528619,-0.0486600920557975,-0.0039491271600127,0.0178480073809623,0.0042966282926499,0.0071148700080811,-0.0161290057003498,-0.0063414326868951,-0.0171940084546804,-0.0236242581158876,0.004429908003658,0.0063069253228604,0.0055519733577966,-0.002905786037445,0.0018756437348201,0.0094285365194082,-0.0120766730979085,-0.0166996717453002,0.002562420675531,0.0096718939021229,-0.0076917642727494,0.0009122385527007,-0.023768164217472,0.0143557274714112,0.0105989491567015,-0.0115691199898719,0.0060571101494133,0.0021022448781877,-0.0062699853442609,0.0109996171668171,0.0156658384948968,0.009590077213943,-0.0019068394321948,0.000939009245485,0.0021041592117398,0.0096255387248589,0.0062210080344333,0.0127948853208192,0.00216270249398,0.0684351921246979,0.0111464934724623,0.00199551661498,0.0216302556159782,0.0487802092969396,0.1180305832688219,0.0605033934962493,0.0940797605062235,2019-02-27,2019-02-28,2019-03-01,2019-03-04,2019-03-05,2019-03-06,2019-03-07,2019-03-08,2019-03-11,2019-03-12,89017.0,2019-02-26,252.0,-0.6241%,0.0005,0.7421,-0.1325,0.4699,1.0020%,1.2350%,34.1626%,-0.004526,WLTW,89017.0,2019-02-27,252.0,0.0939%,0.0005,0.7427,-0.1334,0.47,1.0020%,1.2341%,34.0716%,0.000987,WLTW,89017.0,2019-02-28,252.0,0.8678%,0.0005,0.7441,-0.132,0.4683,1.0037%,1.2351%,33.9656%,0.0120819999999999,WLTW,89017.0,2019-03-01,252.0,0.3139%,0.0005,0.7375,-0.1419,0.4583,1.0014%,1.2289%,33.6055%,-5.3e-05,WLTW,89017.0,2019-03-04,252.0,0.2840%,0.0006,0.7329,-0.1301,0.4602,1.0001%,1.2232%,33.1519%,0.00423,WLTW,89017.0,2019-03-05,252.0,5.1950%,0.0008,0.7247,-0.1596,0.4347,1.0545%,1.2652%,30.5320%,0.053807,WLTW,89017.0,2019-03-06,252.0,-6.1305%,0.0006,0.7472,-0.0385,0.4765,1.1147%,1.3220%,28.9050%,-0.057492,WLTW,89017.0,2019-03-07,252.0,-0.3979%,0.0006,0.7458,-0.0389,0.4746,1.1149%,1.3222%,28.9039%,0.003603,WLTW,89017.0,2019-03-08,252.0,-0.5758%,0.0005,0.7471,-0.0506,0.4772,1.1132%,1.3217%,29.0624%,-0.003381,WLTW,89017.0,2019-03-11,252.0,0.7032%,0.0005,0.7459,-0.049,0.4787,1.1131%,1.3221%,29.1126%,-0.001526,WLTW,89017.0,2019-03-12,252.0,0.1819%,0.0004,0.734,-0.0463,0.4662,1.1095%,1.3100%,28.2588%,0.0001099999999999,WLTW,-0.0035389999999999,0.0085429999999999,0.00849,0.066527,0.007841
19251,WILLIS TOWERS WATSON PUB LTD CO,Weight Watchers Shares Halted News Pending,6,uncertain,0.5,0.5,"the news about weight watchers shares being halted does not directly indicate how it will affect willis towers watson's stock price, leading to uncertainty.",1,2019-02-26,WTW,2019-02-26 21:02:00+00:00,89017.0,G9662910,-0.0062408405356109,734376.0,0.000939009245485,0.0021041592117398,0.0086783803999423,0.0041082045063376,0.0031391307711601,-0.0040332148782908,0.0028396239504218,0.0021087196655571,0.0519502460956573,0.0068412576802074,-0.061305146664381,0.0062907868996262,-0.0039794472977519,-0.0144469859078526,-0.0057579069398343,-0.0015767592703923,0.007032279856503,0.0071756332181394,0.0018191277049481,0.0131092648953199,0.0062675261870026,0.0310253910720348,0.0026777270250022,-0.021579684689641,0.0081276856362819,-0.0009008101769722,0.002476291032508,0.0069544864818453,-0.0067785382270812,-0.0045150802470743,-0.0027183415368199,0.0203944183886051,0.0109610548242926,0.0108668655157089,0.0016635685460641,0.0136589556932449,0.0067578759044408,0.003917820751667,0.0099550606682896,-0.0027727168053388,-0.0041117253713309,0.0057038418017327,-0.0064475615508854,-0.0024655419401824,0.0035995291545987,-0.0034650228917598,0.0026188825722783,0.0004411449772305,0.0061892927624285,0.0108307646587491,0.0034989300183951,0.0002549614291638,0.0038802560884505,0.0148095013573765,-0.0024087876081466,0.0069023733958601,0.0020776903256773,-0.0027274377644062,-0.002353590214625,0.0041734552942216,0.0056731705553829,0.0111433630809187,0.0040773628279566,-0.0060296119190752,0.0052845133468508,0.0063980030827224,0.0001106920753954,0.007375419139862,0.0026004272513091,0.0270233862102031,-0.0237846300005912,-0.020978083834052,0.0026568751782178,-0.0143553791567683,-0.0006201759679242,0.0061618499457836,0.0154575519263744,0.0045076999813318,-0.0024444579612463,0.0133683020249009,0.0033971965312957,0.0153468381613493,0.007659459952265,-0.0031278077512979,-0.00016523701197,-0.0152001408860087,0.0155354337766766,-0.0131501052528619,-0.0486600920557975,-0.0039491271600127,0.0178480073809623,0.0042966282926499,0.0071148700080811,-0.0161290057003498,-0.0063414326868951,-0.0171940084546804,-0.0236242581158876,0.004429908003658,0.0063069253228604,0.0055519733577966,-0.002905786037445,0.0018756437348201,0.0094285365194082,-0.0120766730979085,-0.0166996717453002,0.002562420675531,0.0096718939021229,-0.0076917642727494,0.0009122385527007,-0.023768164217472,0.0143557274714112,0.0105989491567015,-0.0115691199898719,0.0060571101494133,0.0021022448781877,-0.0062699853442609,0.0109996171668171,0.0156658384948968,0.009590077213943,-0.0019068394321948,0.000939009245485,0.0021041592117398,0.0096255387248589,0.0062210080344333,0.0127948853208192,0.00216270249398,0.0684351921246979,0.0111464934724623,0.00199551661498,0.0216302556159782,0.0487802092969396,0.1180305832688219,0.0605033934962493,0.0940797605062235,2019-02-27,2019-02-28,2019-03-01,2019-03-04,2019-03-05,2019-03-06,2019-03-07,2019-03-08,2019-03-11,2019-03-12,89017.0,2019-02-26,252.0,-0.6241%,0.0005,0.7421,-0.1325,0.4699,1.0020%,1.2350%,34.1626%,-0.004526,WLTW,89017.0,2019-02-27,252.0,0.0939%,0.0005,0.7427,-0.1334,0.47,1.0020%,1.2341%,34.0716%,0.000987,WLTW,89017.0,2019-02-28,252.0,0.8678%,0.0005,0.7441,-0.132,0.4683,1.0037%,1.2351%,33.9656%,0.0120819999999999,WLTW,89017.0,2019-03-01,252.0,0.3139%,0.0005,0.7375,-0.1419,0.4583,1.0014%,1.2289%,33.6055%,-5.3e-05,WLTW,89017.0,2019-03-04,252.0,0.2840%,0.0006,0.7329,-0.1301,0.4602,1.0001%,1.2232%,33.1519%,0.00423,WLTW,89017.0,2019-03-05,252.0,5.1950%,0.0008,0.7247,-0.1596,0.4347,1.0545%,1.2652%,30.5320%,0.053807,WLTW,89017.0,2019-03-06,252.0,-6.1305%,0.0006,0.7472,-0.0385,0.4765,1.1147%,1.3220%,28.9050%,-0.057492,WLTW,89017.0,2019-03-07,252.0,-0.3979%,0.0006,0.7458,-0.0389,0.4746,1.1149%,1.3222%,28.9039%,0.003603,WLTW,89017.0,2019-03-08,252.0,-0.5758%,0.0005,0.7471,-0.0506,0.4772,1.1132%,1.3217%,29.0624%,-0.003381,WLTW,89017.0,2019-03-11,252.0,0.7032%,0.0005,0.7459,-0.049,0.4787,1.1131%,1.3221%,29.1126%,-0.001526,WLTW,89017.0,2019-03-12,252.0,0.1819%,0.0004,0.734,-0.0463,0.4662,1.1095%,1.3100%,28.2588%,0.0001099999999999,WLTW,-0.0035389999999999,0.0085429999999999,0.00849,0.066527,0.007841
19259,WILLIS TOWERS WATSON PUB LTD CO,Q4 Earnings Preview For Weight Watchers,6,uncertain,0.3,0.2,"the news about weight watchers' q4 earnings preview does not directly relate to willis towers watson, making its impact on the stock price uncertain.",1,2019-02-26,WTW,2019-02-26 13:54:00+00:00,89017.0,G9662910,-0.0062408405356109,734376.0,0.000939009245485,0.0021041592117398,0.0086783803999423,0.0041082045063376,0.0031391307711601,-0.0040332148782908,0.0028396239504218,0.0021087196655571,0.0519502460956573,0.0068412576802074,-0.061305146664381,0.0062907868996262,-0.0039794472977519,-0.0144469859078526,-0.0057579069398343,-0.0015767592703923,0.007032279856503,0.0071756332181394,0.0018191277049481,0.0131092648953199,0.0062675261870026,0.0310253910720348,0.0026777270250022,-0.021579684689641,0.0081276856362819,-0.0009008101769722,0.002476291032508,0.0069544864818453,-0.0067785382270812,-0.0045150802470743,-0.0027183415368199,0.0203944183886051,0.0109610548242926,0.0108668655157089,0.0016635685460641,0.0136589556932449,0.0067578759044408,0.003917820751667,0.0099550606682896,-0.0027727168053388,-0.0041117253713309,0.0057038418017327,-0.0064475615508854,-0.0024655419401824,0.0035995291545987,-0.0034650228917598,0.0026188825722783,0.0004411449772305,0.0061892927624285,0.0108307646587491,0.0034989300183951,0.0002549614291638,0.0038802560884505,0.0148095013573765,-0.0024087876081466,0.0069023733958601,0.0020776903256773,-0.0027274377644062,-0.002353590214625,0.0041734552942216,0.0056731705553829,0.0111433630809187,0.0040773628279566,-0.0060296119190752,0.0052845133468508,0.0063980030827224,0.0001106920753954,0.007375419139862,0.0026004272513091,0.0270233862102031,-0.0237846300005912,-0.020978083834052,0.0026568751782178,-0.0143553791567683,-0.0006201759679242,0.0061618499457836,0.0154575519263744,0.0045076999813318,-0.0024444579612463,0.0133683020249009,0.0033971965312957,0.0153468381613493,0.007659459952265,-0.0031278077512979,-0.00016523701197,-0.0152001408860087,0.0155354337766766,-0.0131501052528619,-0.0486600920557975,-0.0039491271600127,0.0178480073809623,0.0042966282926499,0.0071148700080811,-0.0161290057003498,-0.0063414326868951,-0.0171940084546804,-0.0236242581158876,0.004429908003658,0.0063069253228604,0.0055519733577966,-0.002905786037445,0.0018756437348201,0.0094285365194082,-0.0120766730979085,-0.0166996717453002,0.002562420675531,0.0096718939021229,-0.0076917642727494,0.0009122385527007,-0.023768164217472,0.0143557274714112,0.0105989491567015,-0.0115691199898719,0.0060571101494133,0.0021022448781877,-0.0062699853442609,0.0109996171668171,0.0156658384948968,0.009590077213943,-0.0019068394321948,0.000939009245485,0.0021041592117398,0.0096255387248589,0.0062210080344333,0.0127948853208192,0.00216270249398,0.0684351921246979,0.0111464934724623,0.00199551661498,0.0216302556159782,0.0487802092969396,0.1180305832688219,0.0605033934962493,0.0940797605062235,2019-02-27,2019-02-28,2019-03-01,2019-03-04,2019-03-05,2019-03-06,2019-03-07,2019-03-08,2019-03-11,2019-03-12,89017.0,2019-02-26,252.0,-0.6241%,0.0005,0.7421,-0.1325,0.4699,1.0020%,1.2350%,34.1626%,-0.004526,WLTW,89017.0,2019-02-27,252.0,0.0939%,0.0005,0.7427,-0.1334,0.47,1.0020%,1.2341%,34.0716%,0.000987,WLTW,89017.0,2019-02-28,252.0,0.8678%,0.0005,0.7441,-0.132,0.4683,1.0037%,1.2351%,33.9656%,0.0120819999999999,WLTW,89017.0,2019-03-01,252.0,0.3139%,0.0005,0.7375,-0.1419,0.4583,1.0014%,1.2289%,33.6055%,-5.3e-05,WLTW,89017.0,2019-03-04,252.0,0.2840%,0.0006,0.7329,-0.1301,0.4602,1.0001%,1.2232%,33.1519%,0.00423,WLTW,89017.0,2019-03-05,252.0,5.1950%,0.0008,0.7247,-0.1596,0.4347,1.0545%,1.2652%,30.5320%,0.053807,WLTW,89017.0,2019-03-06,252.0,-6.1305%,0.0006,0.7472,-0.0385,0.4765,1.1147%,1.3220%,28.9050%,-0.057492,WLTW,89017.0,2019-03-07,252.0,-0.3979%,0.0006,0.7458,-0.0389,0.4746,1.1149%,1.3222%,28.9039%,0.003603,WLTW,89017.0,2019-03-08,252.0,-0.5758%,0.0005,0.7471,-0.0506,0.4772,1.1132%,1.3217%,29.0624%,-0.003381,WLTW,89017.0,2019-03-11,252.0,0.7032%,0.0005,0.7459,-0.049,0.4787,1.1131%,1.3221%,29.1126%,-0.001526,WLTW,89017.0,2019-03-12,252.0,0.1819%,0.0004,0.734,-0.0463,0.4662,1.1095%,1.3100%,28.2588%,0.0001099999999999,WLTW,-0.0035389999999999,0.0085429999999999,0.00849,0.066527,0.007841
19267,WYNN RESORTS LTD,'Wynn Resorts is fined a record $20 million over sexual misconduct allegations' -Earlier LA Times,6,decrease,0.8,0.7,"the record fine for sexual misconduct allegations is likely to negatively impact investor sentiment and the company's reputation, leading to a decrease in stock price.",0,2019-02-26,WYNN,2019-02-26 22:38:00+00:00,89533.0,98313410,0.0096749225631356,1643782.0,-0.0210041999816894,-0.0193548612296581,-0.0091613670811057,0.0163542013615369,-0.0112217338755726,0.0034836060367524,0.0035965228453278,0.0063882209360599,-0.0113880727440118,0.0309211984276771,-0.0047526690177619,0.0087499134242534,-0.0394982174038887,-0.0264210328459739,0.0077525759115815,0.01125827152282,-0.0018395651131868,0.0090399775654077,-0.0169222094118595,-0.001677175052464,-0.0030677514150738,-0.0131620289757847,-0.0115394350141286,-0.0347660705447197,0.0012971422402188,0.033168226480484,0.0031090821139514,0.0228314492851495,0.0143779432401061,-0.0133259324356913,0.0027160048484802,0.0248760059475898,0.0253936015069484,0.0209993254393339,-0.0349182412028312,0.0325677320361137,-0.0039347079582512,-0.0126089351251721,0.0078145442530512,-0.0030372110195457,-0.0068166586570441,0.0360107943415641,0.0090940734371542,0.012030079960823,0.0144532984122633,0.0097356550395488,0.0839758366346359,-0.0279562529176473,0.0439925976097583,0.007963627576828,0.0192550253123045,0.0248430185019969,0.0148223005235195,0.034610778093338,0.0090928925201296,-0.0030527459457516,0.0277423281222581,-0.0479965172708034,-0.0385917238891124,0.0192998331040144,0.0124946543946862,-0.0259683579206466,0.0001418742758687,0.0130203822627663,0.0195716526359319,0.0313327871263027,-0.0136318784207105,0.0177575647830963,0.0204484108835458,0.0403327047824859,-0.009397461079061,-0.0096743497997522,-0.0064173978753387,0.0555049814283847,-0.0171300359070301,0.0171740632504224,0.0207142420113086,-0.0089686596766114,0.0104968510568141,-0.0111861387267708,0.018005583435297,0.0784697458148002,0.0156462788581848,-0.0149877043440938,-0.0035498912911862,-0.0448875166475772,-0.0290381610393524,-0.0059965071268379,0.0116995675489306,-0.0455912016332149,-0.0039688097313046,-0.013304048217833,0.0123660555109381,-0.0208059381693601,-0.0407166108489036,-0.0130423055961728,-0.0400396399199962,-0.011791598983109,0.0019160631345584,0.0365738160908222,0.0027213525027036,-0.0065888268873095,-0.0472383350133895,0.0119058964774012,-0.0617445260286331,-0.066008411347866,0.0118978982791304,0.0185755975544452,0.0156503431499004,-0.078721098601818,0.0164470858871936,0.0949725732207298,-0.0462650172412395,0.0118386857211589,-0.010212467983365,-0.0414893627166748,0.0140622602775692,-0.0002658759185578,-0.0078597217798233,0.0117468191310763,-0.0210041999816894,-0.0193548612296581,-0.0299731398765179,-0.0033171931659955,-0.040858523152981,0.0001548570766187,-0.0483710058320376,0.037667616104275,-0.1004216073561333,0.0381363963736849,0.0675354412341679,0.166831731660805,-0.0731150450839184,0.1655762349463456,2019-02-27,2019-02-28,2019-03-01,2019-03-04,2019-03-05,2019-03-06,2019-03-07,2019-03-08,2019-03-11,2019-03-12,89533.0,2019-02-26,252.0,0.9675%,-0.0009,1.3632,0.5369,-0.1035,2.3055%,2.7566%,30.0493%,0.015018,WYNN,89533.0,2019-02-27,252.0,-2.1004%,-0.001,1.3629,0.5307,-0.1036,2.3099%,2.7586%,29.8853%,-0.023475,WYNN,89533.0,2019-02-28,252.0,-0.9161%,-0.001,1.3733,0.5377,-0.0951,2.3074%,2.7591%,30.0638%,-0.005401,WYNN,89533.0,2019-03-01,252.0,-1.1222%,-0.0012,1.3752,0.5405,-0.0819,2.3106%,2.7596%,29.8961%,-0.023139,WYNN,89533.0,2019-03-04,252.0,0.3597%,-0.0011,1.3676,0.5526,-0.077,2.3110%,2.7557%,29.6712%,0.013139,WYNN,89533.0,2019-03-05,252.0,-1.1388%,-0.001,1.3727,0.5879,-0.071,2.3086%,2.7565%,29.8580%,-0.007625,WYNN,89533.0,2019-03-06,252.0,-0.4753%,-0.001,1.3659,0.5573,-0.0828,2.3105%,2.7554%,29.6869%,0.014124,WYNN,89533.0,2019-03-07,252.0,-3.9498%,-0.0011,1.3778,0.5619,-0.0657,2.3168%,2.7653%,29.8094%,-0.028271,WYNN,89533.0,2019-03-08,252.0,0.7753%,-0.001,1.3766,0.5561,-0.0673,2.3177%,2.7651%,29.7430%,0.010301,WYNN,89533.0,2019-03-11,252.0,-0.1840%,-0.0014,1.3622,0.6031,-0.033,2.2889%,2.7349%,29.9517%,-0.024793,WYNN,89533.0,2019-03-12,252.0,-1.6922%,-0.0016,1.3313,0.6175,-0.0625,2.2810%,2.7138%,29.3539%,-0.018755,WYNN,-0.008457,-0.013858,-0.036997,-0.031483,-0.078877
19275,WIDEPOINT CORP,"WidePoint Wins $1.6M Contract Expansion From US Customers, Border Protection To Deliver Managed Services",6,increase,0.8,0.7,"the $1.6m contract expansion indicates strong demand for widepoint's services, which is likely to positively impact investor sentiment and stock price.",2,2019-02-26,WYY,2019-02-26 11:14:00+00:00,86098.0,96759020,-0.0410654805600643,65149.0,0.0,0.0011111630592495,0.0004629707837011,-0.032882023602724,-0.0579593107104301,0.0273791160434484,0.0605428144335746,0.0293181706219911,0.0226956624537706,0.0666666775941848,-0.0294383652508258,0.0007277781842276,-0.0011666433420032,-0.0159942917525768,-0.0200887564569711,-0.0143529381603002,0.0071514206938445,0.0119048217311501,0.0250886883586645,0.0243902206420898,0.0286308042705059,-0.0017043997067958,-0.0107743926346302,-0.0223756488412618,-0.0015883751912042,0.0311732720583677,0.113636389374733,-0.0299999415874481,0.0102040721103549,0.0357583053410053,0.0092282434925436,-0.0224204286932945,-0.0209540575742721,-0.0321979112923145,-0.0594970360398292,-0.0020954606588929,-0.0460869595408439,0.0105882389470934,0.0232452005147934,-0.0557653680443763,-0.0229398887604475,0.0080627128481864,0.0303168501704931,0.0147727401927113,0.0061947293579578,-0.022222202271223,0.025065928697586,0.0073874667286872,0.0167310442775487,-0.0095343645662069,-0.0126582533121109,0.0483495891094207,-0.0382478423416614,-0.0222726985812187,-0.0057765254750847,0.0080182924866676,0.0511732175946235,-0.0289209820330143,-0.0010629114694893,0.0357143059372901,-0.053841296583414,0.0090676387771964,-0.0218173656612634,0.0238038338720798,0.0227638632059097,-0.0230232644826173,-0.0382194034755229,0.0,0.016830300912261,-0.0032452337909489,-0.0367816165089607,-0.0082758646458387,-0.00978519115597,0.0431654825806617,0.0002409900916973,0.017073169350624,0.0267469752579927,0.024999976158142,-0.0143158864229917,-0.0534784533083438,-0.0007142623653635,0.0061905100010335,0.0004765389312524,0.0,0.0216718036681413,-0.0493436194956302,0.0370629765093326,0.0038627220783382,0.0114632099866867,-0.0171951670199632,0.0800000354647636,0.0062921745702624,0.0975308567285537,-0.0326087288558483,0.070491150021553,-0.0006517275469377,0.0140105364844203,0.00065215252107,0.0,-0.0128754992038011,0.0360967367887496,-0.0085106557235121,-0.0333388559520244,0.0190806593745946,-0.0065529132261872,-0.0587755292654037,-0.0171844717115163,0.0390161424875259,-0.0409749820828437,0.0029774433933198,-0.0055247908458113,0.0208424087613821,0.0135184433311224,-0.0600000396370887,-0.0169924981892108,0.0103092677891254,-0.0241635907441377,0.0051814042963087,-0.0514285378158092,-0.0028932087589055,0.0,0.0011111630592495,0.0004629707837011,-0.0318073978334152,-0.0575231733942314,-0.0052991402262879,0.0222221811841976,0.0921212584399147,0.0025462335782795,0.0987805280926512,0.0877314759962313,0.0380184932003737,0.1527777275287383,-0.0690225201653871,2019-02-27,2019-02-28,2019-03-01,2019-03-04,2019-03-05,2019-03-06,2019-03-07,2019-03-08,2019-03-11,2019-03-12,86098.0,2019-02-26,252.0,-4.1065%,-0.0002,-0.0081,0.6585,-0.3388,3.0907%,3.1240%,2.1226%,-0.038532,WYY,86098.0,2019-02-27,252.0,0.0000%,-0.0001,0.0072,0.6309,-0.3362,3.0830%,3.1149%,2.0361%,-0.0017499999999999,WYY,86098.0,2019-02-28,252.0,0.0463%,-0.0001,0.0091,0.6322,-0.3347,3.0830%,3.1149%,2.0395%,-0.000582,WYY,86098.0,2019-03-01,252.0,-5.7959%,-0.0003,-0.0065,0.609,-0.3305,3.1068%,3.1361%,1.8654%,-0.061287,WYY,86098.0,2019-03-04,252.0,6.0543%,-0.0001,-0.0171,0.5862,-0.3146,3.1329%,3.1592%,1.6623%,0.0641439999999999,WYY,86098.0,2019-03-05,252.0,2.2696%,-0.0,-0.0241,0.5475,-0.3283,3.1352%,3.1595%,1.5305%,0.023639,WYY,86098.0,2019-03-06,252.0,-2.9438%,-0.0004,-0.0507,0.6249,-0.3478,3.1093%,3.1393%,1.8975%,-0.022701,WYY,86098.0,2019-03-07,252.0,-0.1167%,-0.0005,-0.0557,0.596,-0.3627,3.1055%,3.1343%,1.8310%,-0.002382,WYY,86098.0,2019-03-08,252.0,-2.0089%,-0.0007,-0.0511,0.5671,-0.3538,3.1039%,3.1304%,1.6822%,-0.021216,WYY,86098.0,2019-03-11,252.0,0.7151%,-0.0005,-0.0475,0.5361,-0.3734,3.0959%,3.1218%,1.6557%,0.003942,WYY,86098.0,2019-03-12,252.0,2.5089%,-0.0005,-0.0583,0.5264,-0.3899,3.0990%,3.1250%,1.6596%,0.02632,WYY,-0.040282,-0.040864,-0.102151,-0.014368,-0.030405
19283,EXXON MOBIL CORP,"Exxonmobil Adds 4.5 Billion Barrels To Reserves; Exxonmobil Proved Reserves Totaled 24.3B Oil-Equivalent Barrels At Year-End 2018, Reserves Life At Current Production Rates Is 17 Years",6,increase,0.8,0.7,"the addition of 4.5 billion barrels to exxonmobil's reserves indicates strong resource potential, which is likely to boost investor confidence and positively impact the stock price.",2,2019-02-26,XOM,2019-02-26 20:06:00+00:00,11850.0,30231G10,0.0020382632501423,10990586.0,0.0102974511682987,0.0010201713303104,-0.0055367113091051,0.0077100805938243,0.0122738359495997,-0.0090411193668842,0.0038749694358557,0.0038347872905433,-0.0014941492117941,0.0066916006617248,-0.0113480938598513,0.0188803263008594,0.0110999606549739,0.0002622510655783,-0.0143463257700204,0.0112731894478201,0.0097455587238073,0.017543900758028,0.0027575986459851,0.0016219939570873,0.0088749881833791,0.0016068966360762,-0.0033452687785029,-0.0077066412195563,-0.0036051827482879,-0.0043655801564455,0.0116032473742961,0.0102913212031126,-0.0025900232139974,-0.0144889159128069,0.0055644484236836,0.036026194691658,0.0057796509936451,0.013694810681045,-0.016016598790884,0.0109075475484132,-0.0069583146832883,0.0037900656461715,0.0130130248144269,-0.0066927406005561,-0.0076581370085477,0.0044817882589995,0.0049788593314588,0.001402503112331,0.0007431903504766,-0.0082069318741559,0.0115099046379327,-0.0150705371052026,-0.0042824675329029,0.0119229257106781,-0.0058982027694582,0.0068397247232496,0.0142150986939668,-0.000418568146415,0.0053625204600393,0.000558438070584,0.0061825937591493,-0.0012549353996291,-0.0128915626555681,-0.0045801778323948,-0.0045160837471485,-0.0051090186461806,0.0047817486338317,0.0052748089656233,-0.012568624690175,0.0072707533836364,-0.0033365874551236,0.0052002123557031,0.0068195341154932,0.0368696972727775,0.0028325538150966,-0.0153537048026919,-0.0036841833498328,0.0219973586499691,0.0218168906867504,0.0002934468793682,0.0057900571264326,-0.0111691942438483,-0.0194290615618228,0.0043706740252673,0.0056262118741869,0.0477789230644702,-0.0210411492735147,-0.0383147448301315,-0.0064603881910443,-0.0074310726486146,0.003876422997564,-0.0303758345544338,-0.0200548153370618,-0.0169444605708122,-0.0175415948033332,-0.0275526866316795,0.0023288950324058,-0.0203757733106613,-0.0043888469226658,-0.0181865617632865,-0.0053156493231654,0.0126283448189497,0.0015640655765309,-0.0086072469130158,-0.0009109799284487,0.0018291010055691,0.008597120642662,-0.0141679346561431,-0.0111023839563131,-0.0095675466582179,0.0013208093587309,-0.0130933010950684,0.0073869568295776,-0.0220389179885387,-0.0001309694343945,0.0216352362185716,-0.0058930977247655,0.0055654244497418,-0.0001317630812991,0.007775661535561,0.0046113105490803,0.0181699395179748,-0.0090492125600576,0.0009093231055885,0.0102974511682987,0.0010201713303104,0.004703725844855,0.0087381175273109,0.0170352945538263,-0.0003820042031795,0.0194507843385054,0.010166013687259,0.0170352937142783,0.0610975454895019,0.0415712732473945,0.1015974561667629,-0.0284944008244824,0.0310482807205612,2019-02-27,2019-02-28,2019-03-01,2019-03-04,2019-03-05,2019-03-06,2019-03-07,2019-03-08,2019-03-11,2019-03-12,11850.0,2019-02-26,252.0,0.2038%,0.0004,0.9647,-0.0492,0.5531,0.9312%,1.3178%,50.0652%,0.005024,XOM,11850.0,2019-02-27,252.0,1.0297%,0.0004,0.9624,-0.0422,0.5528,0.9325%,1.3151%,49.7234%,0.010086,XOM,11850.0,2019-02-28,252.0,-0.5537%,0.0004,0.9596,-0.0441,0.5512,0.9319%,1.3111%,49.4840%,-0.001263,XOM,11850.0,2019-03-01,252.0,1.2274%,0.0005,0.9544,-0.0518,0.5398,0.9303%,1.3052%,49.1883%,0.007607,XOM,11850.0,2019-03-04,252.0,0.3875%,0.0005,0.9558,-0.0615,0.5407,0.9307%,1.3045%,49.0957%,0.006436,XOM,11850.0,2019-03-05,252.0,-0.1494%,0.0005,0.9555,-0.0634,0.5403,0.9307%,1.3042%,49.0802%,0.001148,XOM,11850.0,2019-03-06,252.0,-1.1348%,0.0005,0.9589,-0.0545,0.5453,0.9310%,1.3051%,49.1086%,-0.0044269999999999,XOM,11850.0,2019-03-07,252.0,1.1100%,0.0006,0.951,-0.0537,0.535,0.9390%,1.3068%,48.3717%,0.020634,XOM,11850.0,2019-03-08,252.0,-1.4346%,0.0006,0.951,-0.0278,0.5337,0.9301%,1.3001%,48.8179%,-0.011408,XOM,11850.0,2019-03-11,252.0,0.9746%,0.0006,0.95,-0.0328,0.5314,0.9298%,1.3013%,48.9450%,-0.0016389999999999,XOM,11850.0,2019-03-12,252.0,0.2758%,0.0007,0.9606,-0.035,0.5427,0.9264%,1.3009%,49.2889%,0.000626,XOM,0.0151099999999999,0.0138469999999999,0.0214539999999999,0.0290379999999999,0.0328239999999999
19291,SPDR SERIES TRUST,"Redbook Reports US Retail Sales During First 3 Weeks Of Feb. Down 1.4% Month Over Month, Up 5.1% Year Over Year",6,decrease,0.7,0.6,"the decline in month-over-month retail sales may signal weakening consumer spending, which could negatively impact the performance of spdr series trust, particularly if it is linked to retail sector investments.",0,2019-02-26,XRT,2019-02-26 14:00:00+00:00,91316.0,78464A71,0.0072863325476646,6054597.0,0.0100833605974912,0.0031007616780698,-0.0043402942828834,0.0046729617752134,0.0063207736238837,-0.0155531847849488,-0.0192765742540359,0.0015357545344159,0.0081714391708374,0.0052933762781322,-0.0078861033543944,0.0116019733250141,-0.0139103783294558,-0.0020040115341544,-0.0080609181895852,0.0004455437301658,0.0182844549417495,0.0165307875722646,0.0026601403951644,0.0054645193740725,0.0028742221184074,-0.0061099901795387,-0.0156525373458862,-0.0067431568168103,-0.0023334305733442,-0.0064760409295558,0.0067552183754742,0.0103790406137704,-0.0040259519591927,0.0109488945454359,-0.0089826574549078,-0.0072463699616491,0.0101971616968512,0.0018148369854316,-0.0260207187384367,0.0038716006092727,0.0115154311060905,-0.0141446124762296,0.0072860545478761,-0.0029101693071424,0.0101717207580804,0.016151025891304,0.0040277536027133,0.0036529647186398,0.0031201113015413,0.0009140977635979,0.0064430334605276,-0.0245207827538251,-0.0092714829370379,0.0186194293200969,0.0055704098194837,0.0066285924986004,0.011079104617238,0.002290915697813,0.0,0.0032177248504012,-0.0028490261174738,-0.0073010153137147,-0.0120878955349326,0.0052753067575395,0.0146829774603247,-0.0160235352814197,-0.0063582747243344,0.0084206359460949,-0.0022064975928515,0.0087235365062952,0.0011056885123252,0.0310059487819671,0.0048597576096653,0.0307391621172428,0.0013189174933359,-0.0139523223042488,-0.004829800222069,0.0141497440636158,-0.0205162204802036,0.0056428695097565,0.0164414308965206,0.0051787691190838,0.0168402008712291,-0.0024600808974355,-0.0091522810980677,0.0572171844542026,0.0072574885562062,-0.0038859511259943,0.0024017600808292,-0.0300858560949564,-0.0050097918137907,-0.017453271895647,-0.0131348175927996,-0.0140571510419249,0.0070984843187034,0.0036486915778368,0.0096915997564792,-0.0216563511639833,-0.0074171060696244,-0.011759172193706,-0.0173626579344272,-0.0267795417457819,0.0022366873454302,0.0090069146826863,-0.0087034860625863,-0.0043688765726983,-0.0065285256132483,0.0041560907848179,-0.03761612996459,-0.0373416356742382,0.0136566516011953,-0.0057458193041384,-0.0025551826693117,-0.03682417050004,0.0004657768586184,0.0135922562330961,-0.0072159580886363,0.0,-0.003282607300207,-0.0057915155775845,0.0129382042214274,0.0163505561649799,-0.0185787975788116,0.002403859514743,0.0100833605974912,0.0031007616780698,0.0056993015622544,0.0077882131940789,0.0120560991811273,-0.0078861031098219,0.000657663089165,-0.0011027623090985,-0.0085488695108717,0.0311931423663196,-0.0116732324279953,0.0387615242819425,-0.0708189814745641,-0.0059768572940659,2019-02-27,2019-02-28,2019-03-01,2019-03-04,2019-03-05,2019-03-06,2019-03-07,2019-03-08,2019-03-11,2019-03-12,91316.0,2019-02-26,252.0,0.7286%,-0.0001,0.9309,0.7741,0.2523,0.7620%,1.2723%,64.1294%,0.014606,XRT,91316.0,2019-02-27,252.0,1.0083%,-0.0,0.9324,0.7737,0.2526,0.7634%,1.2736%,64.0732%,0.0079779999999999,XRT,91316.0,2019-02-28,252.0,-0.4340%,0.0,0.9286,0.7711,0.2501,0.7620%,1.2674%,63.8495%,-0.001073,XRT,91316.0,2019-03-01,252.0,0.6321%,-0.0001,0.9385,0.7857,0.2661,0.7546%,1.2679%,64.5733%,-0.001691,XRT,91316.0,2019-03-04,252.0,-1.9277%,-0.0001,0.9371,0.8014,0.2639,0.7576%,1.2724%,64.5463%,-0.012381,XRT,91316.0,2019-03-05,252.0,0.8171%,-0.0,0.9359,0.801,0.2584,0.7614%,1.2718%,64.1543%,0.012792,XRT,91316.0,2019-03-06,252.0,-0.7886%,0.0,0.9333,0.7794,0.2524,0.7637%,1.2724%,63.9756%,0.009875,XRT,91316.0,2019-03-07,252.0,-1.3910%,-0.0,0.9343,0.7748,0.2525,0.7637%,1.2724%,63.9763%,-0.004969,XRT,91316.0,2019-03-08,252.0,-0.8061%,0.0,0.9338,0.7959,0.2507,0.7550%,1.2705%,64.6876%,-0.006054,XRT,91316.0,2019-03-11,252.0,1.8284%,0.0001,0.9358,0.7825,0.242,0.7485%,1.2712%,65.3242%,0.002718,XRT,91316.0,2019-03-12,252.0,0.2660%,0.0001,0.9357,0.7814,0.2414,0.7487%,1.2677%,65.1190%,0.002615,XRT,0.022584,0.021511,0.0198199999999999,0.020231,0.024416
19299,SPDR SERIES TRUST,"Retail Economist/Goldman Chain Store Sales Down 1.6% For Week Ended Feb. 23, 2019, Up 1.1% Year Over Year",6,uncertain,0.6,0.2,the mixed signals of a weekly decline in sales but an annual increase create uncertainty about the immediate impact on spdr series trust's stock price.,1,2019-02-26,XRT,2019-02-26 12:50:00+00:00,91316.0,78464A71,0.0072863325476646,6054597.0,0.0100833605974912,0.0031007616780698,-0.0043402942828834,0.0046729617752134,0.0063207736238837,-0.0155531847849488,-0.0192765742540359,0.0015357545344159,0.0081714391708374,0.0052933762781322,-0.0078861033543944,0.0116019733250141,-0.0139103783294558,-0.0020040115341544,-0.0080609181895852,0.0004455437301658,0.0182844549417495,0.0165307875722646,0.0026601403951644,0.0054645193740725,0.0028742221184074,-0.0061099901795387,-0.0156525373458862,-0.0067431568168103,-0.0023334305733442,-0.0064760409295558,0.0067552183754742,0.0103790406137704,-0.0040259519591927,0.0109488945454359,-0.0089826574549078,-0.0072463699616491,0.0101971616968512,0.0018148369854316,-0.0260207187384367,0.0038716006092727,0.0115154311060905,-0.0141446124762296,0.0072860545478761,-0.0029101693071424,0.0101717207580804,0.016151025891304,0.0040277536027133,0.0036529647186398,0.0031201113015413,0.0009140977635979,0.0064430334605276,-0.0245207827538251,-0.0092714829370379,0.0186194293200969,0.0055704098194837,0.0066285924986004,0.011079104617238,0.002290915697813,0.0,0.0032177248504012,-0.0028490261174738,-0.0073010153137147,-0.0120878955349326,0.0052753067575395,0.0146829774603247,-0.0160235352814197,-0.0063582747243344,0.0084206359460949,-0.0022064975928515,0.0087235365062952,0.0011056885123252,0.0310059487819671,0.0048597576096653,0.0307391621172428,0.0013189174933359,-0.0139523223042488,-0.004829800222069,0.0141497440636158,-0.0205162204802036,0.0056428695097565,0.0164414308965206,0.0051787691190838,0.0168402008712291,-0.0024600808974355,-0.0091522810980677,0.0572171844542026,0.0072574885562062,-0.0038859511259943,0.0024017600808292,-0.0300858560949564,-0.0050097918137907,-0.017453271895647,-0.0131348175927996,-0.0140571510419249,0.0070984843187034,0.0036486915778368,0.0096915997564792,-0.0216563511639833,-0.0074171060696244,-0.011759172193706,-0.0173626579344272,-0.0267795417457819,0.0022366873454302,0.0090069146826863,-0.0087034860625863,-0.0043688765726983,-0.0065285256132483,0.0041560907848179,-0.03761612996459,-0.0373416356742382,0.0136566516011953,-0.0057458193041384,-0.0025551826693117,-0.03682417050004,0.0004657768586184,0.0135922562330961,-0.0072159580886363,0.0,-0.003282607300207,-0.0057915155775845,0.0129382042214274,0.0163505561649799,-0.0185787975788116,0.002403859514743,0.0100833605974912,0.0031007616780698,0.0056993015622544,0.0077882131940789,0.0120560991811273,-0.0078861031098219,0.000657663089165,-0.0011027623090985,-0.0085488695108717,0.0311931423663196,-0.0116732324279953,0.0387615242819425,-0.0708189814745641,-0.0059768572940659,2019-02-27,2019-02-28,2019-03-01,2019-03-04,2019-03-05,2019-03-06,2019-03-07,2019-03-08,2019-03-11,2019-03-12,91316.0,2019-02-26,252.0,0.7286%,-0.0001,0.9309,0.7741,0.2523,0.7620%,1.2723%,64.1294%,0.014606,XRT,91316.0,2019-02-27,252.0,1.0083%,-0.0,0.9324,0.7737,0.2526,0.7634%,1.2736%,64.0732%,0.0079779999999999,XRT,91316.0,2019-02-28,252.0,-0.4340%,0.0,0.9286,0.7711,0.2501,0.7620%,1.2674%,63.8495%,-0.001073,XRT,91316.0,2019-03-01,252.0,0.6321%,-0.0001,0.9385,0.7857,0.2661,0.7546%,1.2679%,64.5733%,-0.001691,XRT,91316.0,2019-03-04,252.0,-1.9277%,-0.0001,0.9371,0.8014,0.2639,0.7576%,1.2724%,64.5463%,-0.012381,XRT,91316.0,2019-03-05,252.0,0.8171%,-0.0,0.9359,0.801,0.2584,0.7614%,1.2718%,64.1543%,0.012792,XRT,91316.0,2019-03-06,252.0,-0.7886%,0.0,0.9333,0.7794,0.2524,0.7637%,1.2724%,63.9756%,0.009875,XRT,91316.0,2019-03-07,252.0,-1.3910%,-0.0,0.9343,0.7748,0.2525,0.7637%,1.2724%,63.9763%,-0.004969,XRT,91316.0,2019-03-08,252.0,-0.8061%,0.0,0.9338,0.7959,0.2507,0.7550%,1.2705%,64.6876%,-0.006054,XRT,91316.0,2019-03-11,252.0,1.8284%,0.0001,0.9358,0.7825,0.242,0.7485%,1.2712%,65.3242%,0.002718,XRT,91316.0,2019-03-12,252.0,0.2660%,0.0001,0.9357,0.7814,0.2414,0.7487%,1.2677%,65.1190%,0.002615,XRT,0.022584,0.021511,0.0198199999999999,0.020231,0.024416
19307,YELP INC,"Yelp Reports Food Orders, Takeout On Platform Up 27% Year Over Year, Cites Partnership With Grubhub",6,increase,0.8,0.6,"the reported 27% year-over-year increase in food orders and takeout on yelp's platform, along with a partnership with grubhub, suggests strong growth potential, which is likely to positively impact investor sentiment and stock price.",2,2019-02-26,YELP,2019-02-26 11:12:00+00:00,13318.0,98581710,-0.0135345309972763,2287503.0,-0.0050132567994296,-0.003113719401881,-0.0119331944733858,0.0144774736836552,-0.0034889227245002,-0.0196128599345684,-0.0105036189779639,-0.0239294897764921,-0.005443678703159,-0.0060089603066444,-0.0166940502822399,0.0458235144615173,-0.0314500704407692,-0.0070202928036451,-0.0017240678425878,-0.0110568348318338,0.0279216282069683,0.0261213146150112,-0.0184822138398885,-0.0021063196472823,-0.0142653351649642,0.0477241240441799,0.0026049248408526,-0.0239633657038211,0.0132794193923473,-0.0077478201128542,-0.0062677324749529,-0.0105736590921878,-0.0051605589687824,0.0177563540637493,-0.0028819101862609,0.0205930825322866,0.0083815297111868,-0.0008231163956224,-0.0151905640959739,0.0063500697724521,0.0101862186565995,-0.0130790062248706,0.0048977811820805,-0.0097139934077858,-0.0126147484406828,0.0340402126312255,0.0069686900824308,0.0104313204064965,-0.0051903203129768,0.0028273195493966,0.0153622832149267,-0.024813937023282,0.0094205494970083,0.001104082679376,0.0090497648343443,0.0134265609085559,-0.0137332305312156,0.0223047975450754,0.0059676868841052,0.0142111862078309,-0.0028249232564121,-0.0005797233898192,0.0056657441891729,0.0055377036333084,0.0112676490098238,-0.0389355570077896,-0.0050139357335865,0.0053506745025515,-0.0039193555712699,0.0195232983678579,-0.0044970111921429,0.007812513038516,0.0047996044158935,0.0273484550416469,0.0016859053866937,-0.0269019473344087,0.0098176281899213,-0.0120034860447049,0.0263889096677303,0.0165602415800094,0.0316643603146076,-0.0151645950973033,-0.0020985838491469,0.0237258747220039,0.0386434644460678,0.0589329302310943,0.0002531545469537,0.004361470695585,0.0136639904230833,-0.0345865115523338,0.0,-0.0180153753608465,-0.0104843229055404,0.001182759180665,0.0138748548924922,-0.0041224793531,0.0196566544473171,-0.036322433501482,-0.006100536789745,-0.0172894280403852,-0.0201325733214616,0.0002789996215142,0.0165372043848037,-0.0025041778571903,-0.0207049585878849,0.0084174871444702,-0.1437200903892517,0.0303555727005004,-0.0723104327917099,0.0052310465835034,0.0234473943710327,0.0204625912010669,0.019504677504301,-0.0447591505944728,-0.0024294513277709,0.0484110824763774,-0.0133941750973463,-0.0050236992537975,-0.0222153440117836,0.0431566461920738,0.0189334284514188,0.0341089516878128,-0.0037164057139307,-0.0190743803977966,-0.0050132567994296,-0.003113719401881,-0.0168866271044828,0.0113186754910752,-0.0203166336919381,-0.0085161760405444,-0.0358839193118846,-0.0380570982106525,-0.075197945213663,0.0115850079242842,-0.0633245739795955,0.119790050742915,-0.1511874182196256,0.2013758256118545,2019-02-27,2019-02-28,2019-03-01,2019-03-04,2019-03-05,2019-03-06,2019-03-07,2019-03-08,2019-03-11,2019-03-12,13318.0,2019-02-26,252.0,-1.3535%,-0.0007,1.0451,1.2214,-0.5203,2.9035%,3.2657%,20.9529%,-0.005923,YELP,13318.0,2019-02-27,252.0,-0.5013%,-0.0006,1.0513,1.208,-0.5193,2.9026%,3.2654%,20.9876%,-0.008999,YELP,13318.0,2019-02-28,252.0,-1.1933%,-0.0007,1.0599,1.2136,-0.5108,2.9021%,3.2662%,21.0478%,-0.010314,YELP,13318.0,2019-03-01,252.0,-0.3489%,-0.0008,1.0648,1.2209,-0.4958,2.9026%,3.2662%,21.0250%,-0.016773,YELP,13318.0,2019-03-04,252.0,-1.0504%,-0.0008,1.0591,1.2376,-0.4938,2.9017%,3.2659%,21.0590%,0.001761,YELP,13318.0,2019-03-05,252.0,-0.5444%,-0.0008,1.0587,1.2343,-0.4939,2.9017%,3.2620%,20.8728%,-0.001082,YELP,13318.0,2019-03-06,252.0,-1.6694%,-0.0007,1.0576,1.2144,-0.4979,2.9020%,3.2637%,20.9340%,0.007859,YELP,13318.0,2019-03-07,252.0,-3.1450%,-0.0008,1.068,1.2204,-0.4824,2.9056%,3.2687%,20.9847%,-0.0236609999999999,YELP,13318.0,2019-03-08,252.0,-0.1724%,-0.0009,1.0689,1.2064,-0.4802,2.9045%,3.2651%,20.8677%,-0.000895,YELP,13318.0,2019-03-11,252.0,2.7922%,-0.0008,1.072,1.2077,-0.4811,2.9047%,3.2700%,21.0923%,0.0050649999999999,YELP,13318.0,2019-03-12,252.0,-1.8482%,-0.001,1.0619,1.2176,-0.4885,2.9061%,3.2686%,20.9502%,-0.0182559999999999,YELP,-0.014922,-0.025236,-0.042009,-0.04133,-0.071218
19315,YELP INC,"Yelp Reports Co.'s Reservation, Waitlist Software Handled 5.6M Diners Over Valentine's Day Week",6,increase,0.7,0.6,"the report of handling 5.6 million diners indicates strong demand for yelp's services, which could positively impact investor sentiment and lead to an increase in stock price.",2,2019-02-26,YELP,2019-02-26 11:11:00+00:00,13318.0,98581710,-0.0135345309972763,2287503.0,-0.0050132567994296,-0.003113719401881,-0.0119331944733858,0.0144774736836552,-0.0034889227245002,-0.0196128599345684,-0.0105036189779639,-0.0239294897764921,-0.005443678703159,-0.0060089603066444,-0.0166940502822399,0.0458235144615173,-0.0314500704407692,-0.0070202928036451,-0.0017240678425878,-0.0110568348318338,0.0279216282069683,0.0261213146150112,-0.0184822138398885,-0.0021063196472823,-0.0142653351649642,0.0477241240441799,0.0026049248408526,-0.0239633657038211,0.0132794193923473,-0.0077478201128542,-0.0062677324749529,-0.0105736590921878,-0.0051605589687824,0.0177563540637493,-0.0028819101862609,0.0205930825322866,0.0083815297111868,-0.0008231163956224,-0.0151905640959739,0.0063500697724521,0.0101862186565995,-0.0130790062248706,0.0048977811820805,-0.0097139934077858,-0.0126147484406828,0.0340402126312255,0.0069686900824308,0.0104313204064965,-0.0051903203129768,0.0028273195493966,0.0153622832149267,-0.024813937023282,0.0094205494970083,0.001104082679376,0.0090497648343443,0.0134265609085559,-0.0137332305312156,0.0223047975450754,0.0059676868841052,0.0142111862078309,-0.0028249232564121,-0.0005797233898192,0.0056657441891729,0.0055377036333084,0.0112676490098238,-0.0389355570077896,-0.0050139357335865,0.0053506745025515,-0.0039193555712699,0.0195232983678579,-0.0044970111921429,0.007812513038516,0.0047996044158935,0.0273484550416469,0.0016859053866937,-0.0269019473344087,0.0098176281899213,-0.0120034860447049,0.0263889096677303,0.0165602415800094,0.0316643603146076,-0.0151645950973033,-0.0020985838491469,0.0237258747220039,0.0386434644460678,0.0589329302310943,0.0002531545469537,0.004361470695585,0.0136639904230833,-0.0345865115523338,0.0,-0.0180153753608465,-0.0104843229055404,0.001182759180665,0.0138748548924922,-0.0041224793531,0.0196566544473171,-0.036322433501482,-0.006100536789745,-0.0172894280403852,-0.0201325733214616,0.0002789996215142,0.0165372043848037,-0.0025041778571903,-0.0207049585878849,0.0084174871444702,-0.1437200903892517,0.0303555727005004,-0.0723104327917099,0.0052310465835034,0.0234473943710327,0.0204625912010669,0.019504677504301,-0.0447591505944728,-0.0024294513277709,0.0484110824763774,-0.0133941750973463,-0.0050236992537975,-0.0222153440117836,0.0431566461920738,0.0189334284514188,0.0341089516878128,-0.0037164057139307,-0.0190743803977966,-0.0050132567994296,-0.003113719401881,-0.0168866271044828,0.0113186754910752,-0.0203166336919381,-0.0085161760405444,-0.0358839193118846,-0.0380570982106525,-0.075197945213663,0.0115850079242842,-0.0633245739795955,0.119790050742915,-0.1511874182196256,0.2013758256118545,2019-02-27,2019-02-28,2019-03-01,2019-03-04,2019-03-05,2019-03-06,2019-03-07,2019-03-08,2019-03-11,2019-03-12,13318.0,2019-02-26,252.0,-1.3535%,-0.0007,1.0451,1.2214,-0.5203,2.9035%,3.2657%,20.9529%,-0.005923,YELP,13318.0,2019-02-27,252.0,-0.5013%,-0.0006,1.0513,1.208,-0.5193,2.9026%,3.2654%,20.9876%,-0.008999,YELP,13318.0,2019-02-28,252.0,-1.1933%,-0.0007,1.0599,1.2136,-0.5108,2.9021%,3.2662%,21.0478%,-0.010314,YELP,13318.0,2019-03-01,252.0,-0.3489%,-0.0008,1.0648,1.2209,-0.4958,2.9026%,3.2662%,21.0250%,-0.016773,YELP,13318.0,2019-03-04,252.0,-1.0504%,-0.0008,1.0591,1.2376,-0.4938,2.9017%,3.2659%,21.0590%,0.001761,YELP,13318.0,2019-03-05,252.0,-0.5444%,-0.0008,1.0587,1.2343,-0.4939,2.9017%,3.2620%,20.8728%,-0.001082,YELP,13318.0,2019-03-06,252.0,-1.6694%,-0.0007,1.0576,1.2144,-0.4979,2.9020%,3.2637%,20.9340%,0.007859,YELP,13318.0,2019-03-07,252.0,-3.1450%,-0.0008,1.068,1.2204,-0.4824,2.9056%,3.2687%,20.9847%,-0.0236609999999999,YELP,13318.0,2019-03-08,252.0,-0.1724%,-0.0009,1.0689,1.2064,-0.4802,2.9045%,3.2651%,20.8677%,-0.000895,YELP,13318.0,2019-03-11,252.0,2.7922%,-0.0008,1.072,1.2077,-0.4811,2.9047%,3.2700%,21.0923%,0.0050649999999999,YELP,13318.0,2019-03-12,252.0,-1.8482%,-0.001,1.0619,1.2176,-0.4885,2.9061%,3.2686%,20.9502%,-0.0182559999999999,YELP,-0.014922,-0.025236,-0.042009,-0.04133,-0.071218
19323,ADVANCE AUTO PARTS INC,"Advance Auto Parts shares are trading higher after the company reported Q4 EPS of $1.17, beating the $1.14 consensus estimate.",6,increase,0.8,0.6,"the positive earnings surprise typically boosts investor confidence, leading to an increase in stock price.",2,2019-02-19,AAP,2019-02-19 16:33:00+00:00,89217.0,00751Y10,-0.0167657267302274,3369166.0,-0.0068206256255507,0.007407845929265,-0.0282530263066291,0.013696976006031,0.0009919017320498,-0.008517438545823,-0.0232860259711742,0.0167140699923038,0.0330352634191513,0.0167477447539567,-0.028357446193695,-0.0044136652722954,0.0219835489988327,0.0375906601548194,-0.0071702538989484,-0.02626040764153,-0.0138214500620961,0.0006817515240982,-0.006881290115416,0.0145247289910912,0.0041955607011914,-0.0010050481650978,-0.0243083890527486,0.0010060592321679,-0.0153117533773183,0.0234892461448907,0.0243131201714277,0.0034224381670355,-0.0037952628917992,0.0107035590335726,-0.0010976830963045,-0.0197683852165937,-0.0045248670503497,-0.048804260790348,0.005454521626234,0.001218527671881,0.0434642918407917,-0.0207624584436416,0.0114500885829329,0.0079985680058598,0.004466991405934,0.0236394740641117,0.0303381886333227,0.013476438820362,-0.0250192862004041,0.0098286131396889,0.0178354922682046,-0.0043908981606364,0.0029205239843577,-0.0342279560863971,-0.008201134391129,0.0038923230022192,0.0111450692638754,0.0275589823722839,0.0105481408536434,-0.0069504478015005,0.0181786548346281,0.0146716320887208,-0.001670267432928,-0.0248081572353839,-0.0095188301056623,0.0312183890491724,0.0134544670581817,0.0029213223606348,0.0159770045429468,0.0128650451079011,0.0045819524675607,0.0049777249805629,-0.0109240524470806,-0.002193100284785,0.0179334431886673,0.0410287454724311,0.0120805576443672,-0.0164454486221075,-0.0046972041018307,-0.007147517055273,0.0073288106359541,-0.0228029415011405,-0.008157392963767,-0.0133974365890026,-0.0174492876976728,-0.0037773284129798,-0.0079746833071112,-0.0301624275743961,-0.0303306281566619,-0.0150940800085663,0.0140522066503763,-0.00413224613294,-0.0035368504468351,0.0071169640868902,-0.0070988084189593,-0.0022266060113906,-0.0026371129788458,-0.0084730489179492,-0.0200951769948005,-0.0464838333427906,-0.0026983085554093,-0.0136371729895472,-0.0149711724370718,0.0016864526551216,0.0180064514279365,0.0010128449648618,-0.0210456568747758,0.0002251845871796,-0.0078397672623395,-0.0071528293192386,-0.0082103945314884,-0.0017850578296929,-0.0126976752653718,0.0087216012179851,0.0080065838992595,0.0027081680018454,-0.0110701378434896,0.0147135015577077,-0.0173918548971414,0.0183058325201273,0.0024458060506731,-0.0349929742515087,0.0005136554245837,-0.0081469044089317,-0.0068206256255507,0.007407845929265,-0.0348809486169535,0.0212062870232456,-0.0339236453582524,0.0125082252309169,-0.0252483014824226,0.0466720122103465,-0.0588129805418041,0.0688506812317819,0.0374626810155687,0.0438440217897964,-0.0673369409666541,-0.051074826977139,2019-02-20,2019-02-21,2019-02-22,2019-02-25,2019-02-26,2019-02-27,2019-02-28,2019-03-01,2019-03-04,2019-03-05,89217.0,2019-02-19,252.0,-1.6766%,0.0018,0.7466,0.3524,0.2537,1.8521%,2.0028%,14.4840%,-0.020184,AAP,89217.0,2019-02-20,252.0,-0.6821%,0.0018,0.7446,0.3545,0.2483,1.8513%,2.0019%,14.4749%,-0.0105099999999999,AAP,89217.0,2019-02-21,252.0,-2.8253%,0.0018,0.745,0.3493,0.2491,1.8561%,2.0059%,14.3715%,-0.024779,AAP,89217.0,2019-02-22,252.0,0.0992%,0.0014,0.7497,0.2394,0.2056,1.7848%,1.9406%,15.4118%,-0.00221,AAP,89217.0,2019-02-25,252.0,-2.3286%,0.0014,0.7461,0.2481,0.1969,1.7806%,1.9362%,15.4313%,-0.0235179999999999,AAP,89217.0,2019-02-26,252.0,3.3035%,0.0014,0.7142,0.2305,0.164,1.7751%,1.9194%,14.4635%,0.036367,AAP,89217.0,2019-02-27,252.0,-2.8357%,0.0014,0.7228,0.2062,0.1653,1.7808%,1.9265%,14.5566%,-0.029341,AAP,89217.0,2019-02-28,252.0,2.1984%,0.0016,0.6986,0.1904,0.1424,1.7719%,1.9093%,13.8722%,0.024496,AAP,89217.0,2019-03-01,252.0,-0.7170%,0.0014,0.7249,0.2295,0.1895,1.7477%,1.8943%,14.8738%,-0.012273,AAP,89217.0,2019-03-04,252.0,-1.3821%,0.0012,0.7421,0.1827,0.1828,1.7360%,1.8890%,15.5388%,-0.009963,AAP,89217.0,2019-03-05,252.0,-0.6881%,0.0012,0.7476,0.2217,0.1889,1.7317%,1.8877%,15.8461%,-0.004705,AAP,-0.030694,-0.0554729999999999,-0.057683,-0.044834,-0.0766199999999999
19331,ADVANCE AUTO PARTS INC,Advanced Auto Parts Sees FY19 Sales $9.65B-$9.80B vs $9.78B Est.,6,uncertain,0.6,0.2,"the sales forecast is slightly below the estimate, which could lead to mixed reactions from investors, making the stock price movement uncertain.",1,2019-02-19,AAP,2019-02-19 11:33:00+00:00,89217.0,00751Y10,-0.0167657267302274,3369166.0,-0.0068206256255507,0.007407845929265,-0.0282530263066291,0.013696976006031,0.0009919017320498,-0.008517438545823,-0.0232860259711742,0.0167140699923038,0.0330352634191513,0.0167477447539567,-0.028357446193695,-0.0044136652722954,0.0219835489988327,0.0375906601548194,-0.0071702538989484,-0.02626040764153,-0.0138214500620961,0.0006817515240982,-0.006881290115416,0.0145247289910912,0.0041955607011914,-0.0010050481650978,-0.0243083890527486,0.0010060592321679,-0.0153117533773183,0.0234892461448907,0.0243131201714277,0.0034224381670355,-0.0037952628917992,0.0107035590335726,-0.0010976830963045,-0.0197683852165937,-0.0045248670503497,-0.048804260790348,0.005454521626234,0.001218527671881,0.0434642918407917,-0.0207624584436416,0.0114500885829329,0.0079985680058598,0.004466991405934,0.0236394740641117,0.0303381886333227,0.013476438820362,-0.0250192862004041,0.0098286131396889,0.0178354922682046,-0.0043908981606364,0.0029205239843577,-0.0342279560863971,-0.008201134391129,0.0038923230022192,0.0111450692638754,0.0275589823722839,0.0105481408536434,-0.0069504478015005,0.0181786548346281,0.0146716320887208,-0.001670267432928,-0.0248081572353839,-0.0095188301056623,0.0312183890491724,0.0134544670581817,0.0029213223606348,0.0159770045429468,0.0128650451079011,0.0045819524675607,0.0049777249805629,-0.0109240524470806,-0.002193100284785,0.0179334431886673,0.0410287454724311,0.0120805576443672,-0.0164454486221075,-0.0046972041018307,-0.007147517055273,0.0073288106359541,-0.0228029415011405,-0.008157392963767,-0.0133974365890026,-0.0174492876976728,-0.0037773284129798,-0.0079746833071112,-0.0301624275743961,-0.0303306281566619,-0.0150940800085663,0.0140522066503763,-0.00413224613294,-0.0035368504468351,0.0071169640868902,-0.0070988084189593,-0.0022266060113906,-0.0026371129788458,-0.0084730489179492,-0.0200951769948005,-0.0464838333427906,-0.0026983085554093,-0.0136371729895472,-0.0149711724370718,0.0016864526551216,0.0180064514279365,0.0010128449648618,-0.0210456568747758,0.0002251845871796,-0.0078397672623395,-0.0071528293192386,-0.0082103945314884,-0.0017850578296929,-0.0126976752653718,0.0087216012179851,0.0080065838992595,0.0027081680018454,-0.0110701378434896,0.0147135015577077,-0.0173918548971414,0.0183058325201273,0.0024458060506731,-0.0349929742515087,0.0005136554245837,-0.0081469044089317,-0.0068206256255507,0.007407845929265,-0.0348809486169535,0.0212062870232456,-0.0339236453582524,0.0125082252309169,-0.0252483014824226,0.0466720122103465,-0.0588129805418041,0.0688506812317819,0.0374626810155687,0.0438440217897964,-0.0673369409666541,-0.051074826977139,2019-02-20,2019-02-21,2019-02-22,2019-02-25,2019-02-26,2019-02-27,2019-02-28,2019-03-01,2019-03-04,2019-03-05,89217.0,2019-02-19,252.0,-1.6766%,0.0018,0.7466,0.3524,0.2537,1.8521%,2.0028%,14.4840%,-0.020184,AAP,89217.0,2019-02-20,252.0,-0.6821%,0.0018,0.7446,0.3545,0.2483,1.8513%,2.0019%,14.4749%,-0.0105099999999999,AAP,89217.0,2019-02-21,252.0,-2.8253%,0.0018,0.745,0.3493,0.2491,1.8561%,2.0059%,14.3715%,-0.024779,AAP,89217.0,2019-02-22,252.0,0.0992%,0.0014,0.7497,0.2394,0.2056,1.7848%,1.9406%,15.4118%,-0.00221,AAP,89217.0,2019-02-25,252.0,-2.3286%,0.0014,0.7461,0.2481,0.1969,1.7806%,1.9362%,15.4313%,-0.0235179999999999,AAP,89217.0,2019-02-26,252.0,3.3035%,0.0014,0.7142,0.2305,0.164,1.7751%,1.9194%,14.4635%,0.036367,AAP,89217.0,2019-02-27,252.0,-2.8357%,0.0014,0.7228,0.2062,0.1653,1.7808%,1.9265%,14.5566%,-0.029341,AAP,89217.0,2019-02-28,252.0,2.1984%,0.0016,0.6986,0.1904,0.1424,1.7719%,1.9093%,13.8722%,0.024496,AAP,89217.0,2019-03-01,252.0,-0.7170%,0.0014,0.7249,0.2295,0.1895,1.7477%,1.8943%,14.8738%,-0.012273,AAP,89217.0,2019-03-04,252.0,-1.3821%,0.0012,0.7421,0.1827,0.1828,1.7360%,1.8890%,15.5388%,-0.009963,AAP,89217.0,2019-03-05,252.0,-0.6881%,0.0012,0.7476,0.2217,0.1889,1.7317%,1.8877%,15.8461%,-0.004705,AAP,-0.030694,-0.0554729999999999,-0.057683,-0.044834,-0.0766199999999999
19339,ADVANCE AUTO PARTS INC,"Advance Auto Parts Q4 Adj. EPS $1.17 Beats $1.14 Estimate, Sales $2.105B Miss $2.11B Estimate",6,uncertain,0.6,0.2,"while the adjusted eps beat estimates, the sales miss could lead to mixed investor reactions, making the overall impact on the stock price uncertain.",1,2019-02-19,AAP,2019-02-19 11:33:00+00:00,89217.0,00751Y10,-0.0167657267302274,3369166.0,-0.0068206256255507,0.007407845929265,-0.0282530263066291,0.013696976006031,0.0009919017320498,-0.008517438545823,-0.0232860259711742,0.0167140699923038,0.0330352634191513,0.0167477447539567,-0.028357446193695,-0.0044136652722954,0.0219835489988327,0.0375906601548194,-0.0071702538989484,-0.02626040764153,-0.0138214500620961,0.0006817515240982,-0.006881290115416,0.0145247289910912,0.0041955607011914,-0.0010050481650978,-0.0243083890527486,0.0010060592321679,-0.0153117533773183,0.0234892461448907,0.0243131201714277,0.0034224381670355,-0.0037952628917992,0.0107035590335726,-0.0010976830963045,-0.0197683852165937,-0.0045248670503497,-0.048804260790348,0.005454521626234,0.001218527671881,0.0434642918407917,-0.0207624584436416,0.0114500885829329,0.0079985680058598,0.004466991405934,0.0236394740641117,0.0303381886333227,0.013476438820362,-0.0250192862004041,0.0098286131396889,0.0178354922682046,-0.0043908981606364,0.0029205239843577,-0.0342279560863971,-0.008201134391129,0.0038923230022192,0.0111450692638754,0.0275589823722839,0.0105481408536434,-0.0069504478015005,0.0181786548346281,0.0146716320887208,-0.001670267432928,-0.0248081572353839,-0.0095188301056623,0.0312183890491724,0.0134544670581817,0.0029213223606348,0.0159770045429468,0.0128650451079011,0.0045819524675607,0.0049777249805629,-0.0109240524470806,-0.002193100284785,0.0179334431886673,0.0410287454724311,0.0120805576443672,-0.0164454486221075,-0.0046972041018307,-0.007147517055273,0.0073288106359541,-0.0228029415011405,-0.008157392963767,-0.0133974365890026,-0.0174492876976728,-0.0037773284129798,-0.0079746833071112,-0.0301624275743961,-0.0303306281566619,-0.0150940800085663,0.0140522066503763,-0.00413224613294,-0.0035368504468351,0.0071169640868902,-0.0070988084189593,-0.0022266060113906,-0.0026371129788458,-0.0084730489179492,-0.0200951769948005,-0.0464838333427906,-0.0026983085554093,-0.0136371729895472,-0.0149711724370718,0.0016864526551216,0.0180064514279365,0.0010128449648618,-0.0210456568747758,0.0002251845871796,-0.0078397672623395,-0.0071528293192386,-0.0082103945314884,-0.0017850578296929,-0.0126976752653718,0.0087216012179851,0.0080065838992595,0.0027081680018454,-0.0110701378434896,0.0147135015577077,-0.0173918548971414,0.0183058325201273,0.0024458060506731,-0.0349929742515087,0.0005136554245837,-0.0081469044089317,-0.0068206256255507,0.007407845929265,-0.0348809486169535,0.0212062870232456,-0.0339236453582524,0.0125082252309169,-0.0252483014824226,0.0466720122103465,-0.0588129805418041,0.0688506812317819,0.0374626810155687,0.0438440217897964,-0.0673369409666541,-0.051074826977139,2019-02-20,2019-02-21,2019-02-22,2019-02-25,2019-02-26,2019-02-27,2019-02-28,2019-03-01,2019-03-04,2019-03-05,89217.0,2019-02-19,252.0,-1.6766%,0.0018,0.7466,0.3524,0.2537,1.8521%,2.0028%,14.4840%,-0.020184,AAP,89217.0,2019-02-20,252.0,-0.6821%,0.0018,0.7446,0.3545,0.2483,1.8513%,2.0019%,14.4749%,-0.0105099999999999,AAP,89217.0,2019-02-21,252.0,-2.8253%,0.0018,0.745,0.3493,0.2491,1.8561%,2.0059%,14.3715%,-0.024779,AAP,89217.0,2019-02-22,252.0,0.0992%,0.0014,0.7497,0.2394,0.2056,1.7848%,1.9406%,15.4118%,-0.00221,AAP,89217.0,2019-02-25,252.0,-2.3286%,0.0014,0.7461,0.2481,0.1969,1.7806%,1.9362%,15.4313%,-0.0235179999999999,AAP,89217.0,2019-02-26,252.0,3.3035%,0.0014,0.7142,0.2305,0.164,1.7751%,1.9194%,14.4635%,0.036367,AAP,89217.0,2019-02-27,252.0,-2.8357%,0.0014,0.7228,0.2062,0.1653,1.7808%,1.9265%,14.5566%,-0.029341,AAP,89217.0,2019-02-28,252.0,2.1984%,0.0016,0.6986,0.1904,0.1424,1.7719%,1.9093%,13.8722%,0.024496,AAP,89217.0,2019-03-01,252.0,-0.7170%,0.0014,0.7249,0.2295,0.1895,1.7477%,1.8943%,14.8738%,-0.012273,AAP,89217.0,2019-03-04,252.0,-1.3821%,0.0012,0.7421,0.1827,0.1828,1.7360%,1.8890%,15.5388%,-0.009963,AAP,89217.0,2019-03-05,252.0,-0.6881%,0.0012,0.7476,0.2217,0.1889,1.7317%,1.8877%,15.8461%,-0.004705,AAP,-0.030694,-0.0554729999999999,-0.057683,-0.044834,-0.0766199999999999
19347,ABBVIE INC,AbbVie Reports New Drug Application Accepted For Priority Review By FDA For Upadacitinib For Treatment Of Moderate To Severe Rheumatoid Arthritis,6,increase,0.8,0.6,"the acceptance of a new drug application for priority review by the fda typically signals positive momentum for a pharmaceutical company, which can lead to an increase in stock price.",2,2019-02-19,ABBV,2019-02-19 13:33:00+00:00,13721.0,00287Y10,-0.004081655293703,5674713.0,-0.0065822005271911,0.0040983837097883,-0.0155019117519259,-0.0033420505933463,0.0161269418895244,0.0107594216242432,0.0033742100931704,0.002005812479183,0.0027400823310017,0.0012551584513857,-0.0136628793552517,0.0063155237585306,-0.0021408612374216,0.0011380417272448,0.0108531126752495,-0.0076546692289412,-0.0079900054261088,0.0147714717313647,-0.0069216638803482,-0.024472065269947,-0.0103916777297854,0.0026155072264373,0.001920880167745,0.0155578469857573,-0.0084355324506759,0.020524026826024,0.0064449599012732,0.0042779599316418,0.0084528177976608,-0.0422150678932666,0.0024130358360707,-0.0621797442436218,0.0129228001460433,-0.0290559604763984,0.017385859042406,-0.002368674846366,-0.0084828482940793,-0.0093854339793324,0.002107850741595,0.0263761822134256,-0.0048255305737257,0.0192868951708078,0.0100708389654755,0.000584830995649,-0.0182175748050212,0.0087305074557662,-0.0031344031449407,-0.0280828382819891,0.0157212931662797,0.0012471724767237,-0.0107726939022541,0.00444140098989,0.0008762009674683,-0.0328230336308479,0.0078789051622152,0.0046475394628942,0.002357643097639,0.0145952962338924,0.0283486135303974,0.0322169288992881,0.0001204061190946,-0.0329485870897769,-0.003249930916354,-0.0321075916290283,0.0077285282313823,0.0117427529767155,0.0063511854968965,0.0134578915312886,-0.0153608107939362,0.0097709205001592,0.0031442071776837,0.0579847544431686,-0.0142254410311579,-0.0089495349675416,0.0009783806744962,-0.0052712261676788,0.0030948254279792,0.0221504569053649,-0.0101197054609656,-0.0007179371314123,-0.0278019662946462,-0.0158954244107008,-0.0052578053437173,-0.0079430006444454,0.0074771409854292,-0.0239425208419561,0.0065259388647973,-0.0100451400503516,0.0001270595821551,0.0048769456334412,0.0085165649652481,0.0063919364474713,0.0045374417677521,0.0074747186154127,0.0075283078476786,-0.0373076796531677,-0.0113325482234358,-0.0024296103511005,-0.0062980223447084,-0.0332052148878574,-0.0053238454274833,-0.0064707011915743,0.0030584663618355,0.048492856323719,0.006987715139985,0.0109062427654862,-0.016527947038412,0.0143704619258642,0.0005131612415425,0.0166976172477006,-0.0010256982641294,0.0071236789226531,-0.0059043345972895,-0.0060360333882272,-0.0074886279180645,-0.0220228731632232,0.0204240884631872,-0.0155342752113938,0.0043344763107597,-0.0223969779908657,-0.0065822005271911,0.0040983837097883,-0.0219820755874111,0.0007426361107329,-0.006209637353496,0.0115100480700049,-0.0001241242664004,0.0148110995230654,-0.0199949453656624,0.0043478063418447,0.0316691902657215,-0.0512152238031002,-0.0086498936719293,-0.1055321717857105,2019-02-20,2019-02-21,2019-02-22,2019-02-25,2019-02-26,2019-02-27,2019-02-28,2019-03-01,2019-03-04,2019-03-05,13721.0,2019-02-19,252.0,-0.4082%,-0.0012,1.0051,-0.3159,-0.0513,1.7211%,2.0312%,28.2003%,-0.005028,ABBV,13721.0,2019-02-20,252.0,-0.6582%,-0.0014,1.0001,-0.3421,-0.0731,1.7078%,2.0206%,28.5611%,-0.0076149999999999,ABBV,13721.0,2019-02-21,252.0,-1.5502%,-0.0014,1.0029,-0.3387,-0.0678,1.7092%,2.0224%,28.5778%,-0.012309,ABBV,13721.0,2019-02-22,252.0,1.6127%,-0.0014,1.0016,-0.3468,-0.0907,1.7100%,2.0254%,28.7148%,0.010375,ABBV,13721.0,2019-02-25,252.0,0.3374%,-0.0014,1.0014,-0.348,-0.0922,1.7100%,2.0255%,28.7258%,0.000707,ABBV,13721.0,2019-02-26,252.0,0.2740%,-0.0014,1.004,-0.3549,-0.0937,1.7098%,2.0244%,28.6679%,0.00171,ABBV,13721.0,2019-02-27,252.0,-1.3663%,-0.0015,0.9985,-0.3489,-0.0947,1.7101%,2.0199%,28.3271%,-0.014105,ABBV,13721.0,2019-02-28,252.0,-0.2141%,-0.0014,0.9907,-0.3542,-0.1009,1.7079%,2.0134%,28.0456%,0.000688,ABBV,13721.0,2019-03-01,252.0,1.0853%,-0.0013,0.9858,-0.3615,-0.1111,1.7071%,2.0111%,27.9505%,0.004254,ABBV,13721.0,2019-03-04,252.0,-0.7990%,-0.0013,0.9858,-0.3593,-0.1117,1.7071%,2.0090%,27.7943%,-0.003967,ABBV,13721.0,2019-03-05,252.0,-0.6922%,-0.0014,0.9847,-0.3711,-0.1104,1.7066%,2.0080%,27.7681%,-0.0067179999999999,ABBV,-0.012643,-0.024952,-0.014577,-0.01216,-0.032008
19355,ASBURY AUTOMOTIVE GROUP INC,"JP Morgan Initiates Coverage On Asbury Automotive Group with Neutral Rating, Announces $82 Price Target",6,uncertain,0.6,0.3,"while a neutral rating suggests stability, the price target of $82 may not significantly influence investor sentiment, leading to uncertainty in stock price movement.",1,2019-02-19,ABG,2019-02-19 11:58:00+00:00,89327.0,04343610,-0.0152990045025944,150286.0,0.0303671434521675,0.0272896662354469,-0.0267305970191955,-0.0089210541918873,-0.0088732009753584,0.0091454610228538,0.0058262897655367,0.0139091098681092,0.0084769492968916,0.0,0.0026618442498147,-0.0023128599859774,0.0030739307403564,-0.0604372844099998,-0.0083576887845993,0.0161468144506216,-0.0341340117156505,0.0042965705506503,-0.0104712219908833,0.0232591032981872,-0.0154321435838937,-0.0019815906416624,-0.0089565385133028,0.0061236158944666,0.0096399970352649,0.0162084344774484,0.008951193653047,-0.0066129830665886,0.0054709855467081,-0.0045792744494974,0.0147058824077248,0.0139291808009147,-0.0166666880249977,-0.0057703624479472,0.006484929472208,-0.0170164071023464,0.0095182536169886,-0.0290513653308153,-0.0073977680876851,0.0216626953333616,-0.005114693660289,0.0152813447639346,0.0180669166147708,0.0090790782123804,-0.0349155701696872,0.0039062013383954,0.0156974587589502,-0.007466924842447,0.0092728473246097,0.0098607931286096,0.0153128635138273,-0.0230910517275333,-0.0149382483214139,0.0108834952116012,0.0113735599443316,-0.0117464167997241,0.0229238215833902,0.0319848470389843,-0.0102888764813542,0.0092866290360689,0.0162346828728914,-0.004110487177968,0.0205997936427593,0.0219021756201982,-0.016751354560256,0.0144575340673327,0.0076805339194834,0.014043147675693,-0.0058204792439937,-0.0009250317234545,0.0125453239306807,0.0410915166139602,0.0063325865194201,-0.0032000122591853,0.03077975474298,-0.0304064396768808,0.0005308681866154,0.0004656026430893,0.01339703053236,-0.0293762739747762,-0.0069371564313769,-0.0083657782524824,-0.002899712882936,0.0095009030774235,-0.0310640893876552,0.0187432989478111,0.0481582358479499,0.0066500566899776,0.0339711122214794,0.0115770576521754,-0.0052870819345116,0.0069312951527535,0.0256897807121276,-0.0135197974741458,-0.0170265864580869,-0.0242607817053794,0.0064014326781034,-0.0060286591760814,-0.0124719385057687,-0.054034799337387,-0.0013892473652958,0.0147568956017494,0.0174528546631336,0.0007239474798552,0.0016159712104126,-0.0249858368188142,-0.0096798054873943,0.0105563178658485,0.0005011690082028,-0.0197175722569227,0.0052605937235057,0.0230329129844903,-0.000124621685245,0.0216311514377594,-0.0215576738119125,0.0180032607167959,0.0146459704264998,-0.0276331529021263,-0.0006275313789956,0.0013038384495303,0.0303671434521675,0.0272896662354469,0.0028248145587279,0.0181251594521945,-0.0060734515639282,0.0274363834143513,0.0081920066690899,0.0417271089537543,-0.0389830823365342,0.0197135057212896,-0.0081921186872354,0.0598467789728847,0.1245762622139128,0.041576173769086,2019-02-20,2019-02-21,2019-02-22,2019-02-25,2019-02-26,2019-02-27,2019-02-28,2019-03-01,2019-03-04,2019-03-05,89327.0,2019-02-19,252.0,-1.5299%,0.0003,0.9607,0.8548,0.6699,1.5324%,1.8301%,29.8898%,-0.021816,ABG,89327.0,2019-02-20,252.0,3.0367%,0.0004,0.9671,0.8695,0.6928,1.5390%,1.8398%,30.0299%,0.022877,ABG,89327.0,2019-02-21,252.0,-2.6731%,0.0003,0.9714,0.8734,0.7007,1.5448%,1.8460%,29.9710%,-0.02105,ABG,89327.0,2019-02-22,252.0,-0.8873%,0.0003,0.9722,0.8866,0.7231,1.5444%,1.8464%,30.0370%,-0.009791,ABG,89327.0,2019-02-25,252.0,0.5826%,0.0003,0.9726,0.8832,0.7228,1.5450%,1.8467%,30.0080%,0.007875,ABG,89327.0,2019-02-26,252.0,0.8477%,0.0003,0.964,0.867,0.7081,1.5481%,1.8436%,29.4884%,0.017971,ABG,89327.0,2019-02-27,252.0,0.2662%,0.0003,0.9642,0.8668,0.7081,1.5481%,1.8433%,29.4676%,0.000897,ABG,89327.0,2019-02-28,252.0,0.3074%,0.0004,0.9581,0.8628,0.702,1.5478%,1.8381%,29.0996%,0.00756,ABG,89327.0,2019-03-01,252.0,-0.8358%,0.0004,0.947,0.8463,0.692,1.5487%,1.8297%,28.3625%,-0.01504,ABG,89327.0,2019-03-04,252.0,-3.4134%,0.0003,0.9453,0.8782,0.6865,1.5577%,1.8406%,28.3709%,-0.028613,ABG,89327.0,2019-03-05,252.0,-1.0471%,0.0003,0.945,0.8732,0.6882,1.5578%,1.8383%,28.1881%,-0.0045839999999999,ABG,0.001061,-0.0199889999999999,-0.0297799999999999,-0.0039339999999999,-0.0437139999999999
19363,A E C O M,AECOM Reports Joint Venture With Canyon Partners,6,uncertain,0.5,0.5,"the impact of a joint venture can vary based on the specifics of the partnership and market conditions, making the effect on aecom's stock price uncertain.",1,2019-02-19,ACM,2019-02-19 13:08:00+00:00,91975.0,00766T10,0.0026281182654201,1018906.0,0.0150720532983541,0.0129784131422638,-0.0022595124319195,-0.0026551585178822,0.0077644702978432,0.0083668008446693,0.0022471812553703,0.027863759547472,-0.0112107135355472,0.0093750162050127,-0.0025915103033185,-0.0034602207597345,0.0055212136358022,-0.0392287336289882,0.0184109043329954,-0.0029831009451299,-0.0076117906719446,-0.0277151335030794,-0.0095877638086676,0.0207237191498279,-0.0154888527467846,-0.0068605355918407,-0.0111438920721411,0.0092318067327141,-0.0013258507242426,0.006972081027925,0.0082973781973123,-0.0026490041054785,-0.0026333089917898,-0.0114565789699554,0.0029703022446483,0.0179939679801464,-0.0023033793549984,0.0148799642920494,0.0,-0.0026981425471603,0.0059366854839026,-0.0169098228216171,-0.0078688450157642,0.032876681536436,-0.0079312548041343,0.0017153051448985,0.0019986496772617,0.0030970459338277,-0.0239361468702554,-0.0034293683711439,0.0037465498317033,-0.0010277727851644,0.0016966795083135,-0.0027331712190061,-0.0125339031219482,0.0159667134284973,0.0123499352484941,0.0069905226118862,0.005421885754913,0.0120268892496824,0.0326929315924644,0.0191060099750757,-0.004242792725563,0.0519529357552528,0.0013110130093991,-0.0189731530845165,0.0140752969309687,0.0143395913764834,0.0087153147906064,0.0095238098874688,0.0060800169594585,-0.0026595629751682,-0.0190839804708957,-0.0018961373716592,0.0100518632680177,0.05818622559309,0.0118780368939042,-0.0165745876729488,0.0149111459031701,-0.024258729070425,0.0046889535151422,-0.0244177877902984,0.0071561774238944,-0.0202428866177797,0.0040160971693694,-0.0119999973103404,0.0089231049641966,-0.0146900694817304,0.0006099559832364,-0.0134323453530669,0.023163616657257,-0.0125653995200991,0.0068513415753841,0.0181236751377582,-0.0248520765453577,0.0003555004950612,0.0057646371424198,-0.0157453026622533,0.0021116046700626,-0.0292119774967432,0.0204696059226989,-0.022251745685935,-0.0126843741163611,-0.0441269651055336,-0.0107559189200401,-0.0205223839730024,0.0154031505808234,0.0238777454942464,0.001784692867659,-0.0053831562399864,-0.0169239807873964,-0.0171179939061403,0.0190275162458419,-0.0222154445946216,0.00355657748878,0.0362662114202976,-0.0035439732018858,0.0057087978348135,-0.0237108189612627,0.0240337699651718,0.0081967357546091,-0.0446788296103477,-0.0009033056558109,-0.0215543136000633,0.0150720532983541,0.0129784131422638,0.0127784853746324,0.0102887948801784,0.0206421738426183,0.0187416800225419,0.0114679022374795,0.0569444919534791,0.0153997149500262,0.0013158200459826,-0.0003276620590948,0.1543420424095922,0.0871559563161388,-0.0758955110914073,2019-02-20,2019-02-21,2019-02-22,2019-02-25,2019-02-26,2019-02-27,2019-02-28,2019-03-01,2019-03-04,2019-03-05,91975.0,2019-02-19,252.0,0.2628%,-0.0005,1.1895,0.7117,0.6413,1.1515%,1.6623%,52.0111%,-0.0037519999999999,ACM,91975.0,2019-02-20,252.0,1.5072%,-0.0005,1.1918,0.7175,0.6499,1.1526%,1.6650%,52.0799%,0.007619,ACM,91975.0,2019-02-21,252.0,-0.2260%,-0.0005,1.1928,0.7204,0.6515,1.1525%,1.6646%,52.0699%,0.004047,ACM,91975.0,2019-02-22,252.0,0.7764%,-0.0004,1.1915,0.7306,0.6464,1.1523%,1.6652%,52.1129%,0.005527,ACM,91975.0,2019-02-25,252.0,0.2247%,-0.0005,1.1945,0.7316,0.6579,1.1413%,1.6588%,52.6596%,0.003423,ACM,91975.0,2019-02-26,252.0,-1.1211%,-0.0005,1.1932,0.7357,0.659,1.1412%,1.6565%,52.5343%,-0.002546,ACM,91975.0,2019-02-27,252.0,-0.2592%,-0.0005,1.1923,0.7361,0.6588,1.1414%,1.6551%,52.4366%,-0.004372,ACM,91975.0,2019-02-28,252.0,0.5521%,-0.0005,1.1893,0.7344,0.654,1.1436%,1.6518%,52.0734%,0.010617,ACM,91975.0,2019-03-01,252.0,1.8411%,-0.0005,1.1932,0.7402,0.6551,1.1454%,1.6532%,51.9931%,0.010244,ACM,91975.0,2019-03-04,252.0,-0.7612%,-0.0004,1.1898,0.752,0.6559,1.1445%,1.6513%,51.9666%,-0.001091,ACM,91975.0,2019-03-05,252.0,-0.9588%,-0.0005,1.189,0.7432,0.6565,1.1440%,1.6475%,51.7829%,-0.00375,ACM,0.003867,0.007914,0.013441,0.014318,0.025966
19371,ANALOG DEVICES INC,Analog Devices Raises Quarterly Dividend From $0.48 To $0.54; Sets Annual Dividend Growth Target To 7%-15%,6,increase,0.8,0.6,"the increase in the quarterly dividend and the positive annual growth target are likely to attract investors, leading to a potential rise in the stock price.",2,2019-02-19,ADI,2019-02-19 21:53:00+00:00,60871.0,03265410,-0.0143748503178358,3717083.0,0.0249472130089998,0.0119628673419356,-0.0144167840480804,0.0006703667459078,0.005984088871628,0.0034595485776662,0.0187895167618989,0.0227026790380477,-0.0066728563979268,0.0101260459050536,-0.0116626238450408,0.0009938001167029,0.0148210972547531,-0.0173811763525009,0.0138369798660278,0.0200199410319328,0.002028782851994,0.0070211091078817,-0.0039573004469275,-0.0083549227565526,-0.0133050205186009,0.0169937312602996,-0.0103942370042204,-0.0015150138642638,-0.0025548508856445,0.0206164307892322,0.0215349253267049,-0.0033901194110512,0.0021359894890338,-0.0033787430729717,0.0015753698535263,0.0308179222047328,0.0015728919534012,0.0662840381264686,0.0105311721563339,-0.0030292454175651,-0.0021939652506262,-0.0244089681655168,0.007329321000725,0.0287130177021026,-0.0121873244643211,0.0208045691251754,0.0144553883001208,-0.0069626825861632,-0.0252314284443855,0.0012571498518809,-0.0200186353176832,-0.0284254681318998,0.0175771825015544,0.0163638070225715,-0.0199813209474086,0.0138443829491734,-0.0084794154390692,0.0253402590751647,0.0115306712687015,0.0243960916996002,0.0285931620746851,0.0062885070219635,-0.001569986809045,0.0242784470319747,0.0160021800547838,-0.0604049675166606,0.0063729477114975,0.0010485417442396,0.008322762325406,0.004329543095082,0.0025121010839939,0.0011714909924194,-0.011186683550477,0.0120939565822482,0.0142999533563852,0.0487440712749958,-0.0022307485342025,-0.0230806786566972,0.0213736314326524,-0.0050761201418936,-0.011119837872684,-0.0113514699041843,0.0146980341523885,-0.0495173260569572,-0.0017451740568503,0.0084756100550293,0.0034090855624526,0.0004583581758197,-0.0102796433493495,-0.0134524358436465,0.0044010211713612,-0.0069600665010511,0.0278678499162197,0.0049639265052974,-0.0193537753075361,0.0018082733731716,-0.0050425510853528,0.0238371361047029,-0.0048934393562376,-0.0347369685769081,0.0207235738635063,-0.0100619597360491,-0.0132484594359993,-0.0328307077288627,0.0197035931050777,0.0172976944595575,-8.551758219255134e-05,0.0268096700310707,-0.0172723103314638,-0.0132275633513927,-0.0108761852607131,0.0180843863636255,-0.0275334026664495,-0.0054401895031332,0.0,0.0161326751112937,0.0004522426170296,-0.0115967988967895,-0.0575948916375637,0.0074141058139503,0.0241772662848234,0.0409261025488376,0.0106791509315371,-0.0442557744681835,0.0249472130089998,0.0119628673419356,0.0101707703783671,0.0126412535962951,0.0162157220438321,0.0161445352048603,0.0284014499340978,0.0497368644645277,0.0437191897751907,0.051720678086137,0.0425619388304527,0.3097980140320961,0.0404403507490183,0.1879689902523296,2019-02-20,2019-02-21,2019-02-22,2019-02-25,2019-02-26,2019-02-27,2019-02-28,2019-03-01,2019-03-04,2019-03-05,60871.0,2019-02-19,252.0,-1.4375%,0.0007,1.1038,0.3603,-0.1953,1.2680%,1.7811%,49.3212%,-0.017132,ADI,60871.0,2019-02-20,252.0,2.4947%,0.0008,1.1094,0.3702,-0.176,1.2752%,1.7869%,49.0768%,0.023032,ADI,60871.0,2019-02-21,252.0,-1.4417%,0.0006,1.1243,0.3981,-0.1486,1.2588%,1.7821%,50.1052%,-0.010557,ADI,60871.0,2019-02-22,252.0,0.5984%,0.0006,1.1253,0.3948,-0.1397,1.2594%,1.7823%,50.0732%,-0.005797,ADI,60871.0,2019-02-25,252.0,1.8790%,0.0006,1.1253,0.3862,-0.1443,1.2640%,1.7859%,49.9016%,0.017777,ADI,60871.0,2019-02-26,252.0,-0.6673%,0.0006,1.1238,0.3927,-0.1422,1.2640%,1.7823%,49.7013%,-0.002977,ADI,60871.0,2019-02-27,252.0,-1.1663%,0.0005,1.1187,0.3975,-0.1431,1.2654%,1.7790%,49.4076%,-0.013691,ADI,60871.0,2019-02-28,252.0,1.4821%,0.0005,1.1222,0.4005,-0.1445,1.2673%,1.7812%,49.3734%,0.017752,ADI,60871.0,2019-03-01,252.0,1.3837%,0.0006,1.117,0.3928,-0.1542,1.2660%,1.7767%,49.2261%,0.003927,ADI,60871.0,2019-03-04,252.0,0.2029%,0.0006,1.1104,0.4064,-0.1506,1.2652%,1.7716%,48.9984%,0.00992,ADI,60871.0,2019-03-05,252.0,-0.3957%,0.0006,1.1107,0.4078,-0.1496,1.2652%,1.7700%,48.9039%,-0.001261,ADI,0.0058999999999999,-0.004657,-0.010454,0.0043459999999999,0.0209929999999999
19379,AGENUS INC,Agenus Launches Asset-Backed Digital-Security,6,increase,0.7,0.6,"the launch of an asset-backed digital security could attract new investors and enhance the company's financial stability, potentially leading to an increase in stock price.",2,2019-02-19,AGEN,2019-02-19 13:34:00+00:00,87583.0,00847G70,-0.1218836084008217,3340075.0,-0.0567823536694049,0.0197739917784929,-0.0033444783184677,-0.0193905644118785,-0.0302013140171766,0.0112044708803296,0.0311418380588293,0.025862043723464,0.0134228058159351,-0.0028653268236666,0.0695364400744438,0.0204678159207105,-0.043343685567379,-0.0029154489748179,0.0032362430356442,0.0058650970458984,-0.0548386573791503,-0.0448178835213184,-0.0170648302882909,0.0347825735807418,-0.0798611119389534,0.0237389206886291,0.0679244622588157,-0.0316092334687709,-0.0565370507538318,0.0326409898698329,0.0374531485140323,-0.00589976971969,0.0324909426271915,-0.0314285419881343,0.0349650867283344,0.0028653268236666,0.0101351253688335,-0.0141242807731032,-0.0401338189840316,-0.0056179724633693,0.0034844004549086,-0.0299727879464626,0.0381944067776203,-0.0160857755690813,-0.0301003064960241,0.1692789793014526,0.0275861788541078,0.0159235503524541,-0.0536913052201271,-0.009463713504374,0.003546095918864,-0.0364741310477256,0.0459364391863346,-0.0090361358597874,-0.0270270016044378,0.0278637502342462,-0.0069445203989744,-0.0329340994358062,0.0384615883231163,0.0276922807097435,-0.0168350003659725,0.0942760854959487,-0.0102739622816443,0.0607143156230449,0.0207612253725528,0.1155378371477127,-0.0101694818586111,0.0546217933297157,0.0136986169964075,-0.0041840961202979,-0.0168918762356042,0.0,-0.030927887186408,-0.0439999587833881,-0.0248226728290319,0.1261261105537415,-0.0399999618530273,-0.0176990982145071,-0.0151515901088714,-0.0887096896767616,0.026923144236207,0.2338308542966843,-0.0187266618013382,-0.0098522072657942,-0.0305343233048915,-0.081447996199131,-0.0039370041340589,-0.0867768749594688,0.0039525656029582,-0.0319999679923057,0.0236220248043537,-0.0601504072546958,0.0115385428071022,0.0152672529220581,-0.0114069236442446,-0.0038023681845515,0.023076994344592,0.0,0.0,0.1191490292549133,-0.0338346436619758,0.0173160005360841,-0.0155641883611679,-0.0685484185814857,0.0316205248236656,0.0290456153452396,0.0383142307400703,0.0478261448442935,-0.0036900332197546,-0.0416667237877845,-0.0222222004085779,0.0810811072587966,0.0075757498852908,-0.0089285625144839,0.0827067717909812,0.0135746477171778,-0.0069445203989744,0.0091324113309383,0.0384615883231163,0.0138888750225305,-0.0134680001065135,0.0334929078817367,0.0136518636718392,-0.0094786640256643,-0.0567823536694049,0.0197739917784929,-0.0599369246371538,-1.4946465176635115e-09,-0.0883280647721399,0.0112044693689363,-0.0473186408920719,0.0343839187841084,-0.0914826317737516,0.046376764515051,-0.0883280554672026,0.2892856928737766,-0.0630914893587815,0.7109004769391221,2019-02-20,2019-02-21,2019-02-22,2019-02-25,2019-02-26,2019-02-27,2019-02-28,2019-03-01,2019-03-04,2019-03-05,87583.0,2019-02-19,252.0,-12.1884%,-0.0004,1.2087,2.5683,0.5006,4.3336%,4.6855%,14.4563%,-0.133593,AGEN,87583.0,2019-02-20,252.0,-5.6782%,-0.0008,1.1878,2.5118,0.4238,4.3515%,4.6943%,14.0749%,-0.067582,AGEN,87583.0,2019-02-21,252.0,-0.3344%,-0.0012,1.2225,2.5835,0.4873,4.3063%,4.6664%,14.8371%,0.003683,AGEN,87583.0,2019-02-22,252.0,-3.0201%,-0.0014,1.2292,2.5653,0.551,4.3149%,4.6680%,14.5558%,-0.045293,AGEN,87583.0,2019-02-25,252.0,3.1142%,-0.0013,1.2305,2.5477,0.5466,4.3209%,4.6718%,14.4588%,0.036859,AGEN,87583.0,2019-02-26,252.0,1.3423%,-0.0013,1.2016,2.5275,0.5147,4.3204%,4.6643%,14.2062%,0.033401,AGEN,87583.0,2019-02-27,252.0,6.9536%,-0.0011,1.1912,2.5652,0.5132,4.3367%,4.6825%,14.2235%,0.06417,AGEN,87583.0,2019-02-28,252.0,-4.3344%,-0.0014,1.2194,2.5833,0.5425,4.3364%,4.6887%,14.4610%,-0.038981,AGEN,87583.0,2019-03-01,252.0,0.3236%,-0.0016,1.2469,2.6242,0.5894,4.3260%,4.6867%,14.8025%,-0.010955,AGEN,87583.0,2019-03-04,252.0,-5.4839%,-0.0018,1.2514,2.644,0.5804,4.3328%,4.6985%,14.9601%,-0.040247,AGEN,87583.0,2019-03-05,252.0,-1.7065%,-0.0018,1.2512,2.6401,0.5816,4.3328%,4.6927%,14.7496%,-0.0054379999999999,AGEN,-0.201175,-0.197492,-0.242785,-0.1725249999999999,-0.2039759999999999
19387,ALIMERA SCIENCES INC,"Alimera Sciences On Monday Reported Q4 EPS $(0.02) Beat $(0.04) Estimate, Sales $15.114M Beat $12.59M Estimate",6,increase,0.7,0.5,"the company reported better-than-expected earnings and sales, which typically boosts investor confidence and can lead to an increase in stock price.",2,2019-02-19,ALIM,2019-02-19 14:17:00+00:00,93339.0,01625920,-0.0092592500150203,181678.0,0.02803735435009,0.0,-0.0363637097179889,-0.0357142500579357,0.0,0.0181818008422851,0.037735927850008,0.0576923675835132,0.0181818008422851,0.0399999618530273,0.0267856884747743,0.0204081442207098,0.008695644326508,0.0,-0.0086206812411546,0.0,0.017391288653016,0.031470388174057,0.0170941036194562,0.0200773067772388,-0.0252101588994264,-0.0493008345365524,-0.0129310227930545,0.1525882333517075,-0.0043668081052601,-0.0116278957575559,-0.0087719215080142,0.0116457287222147,0.0088495491072535,-0.0217491779476404,0.0,0.0052053574472665,0.0,0.0052325255237519,0.0263157654553651,0.0233222674578428,-0.0085470005869865,-0.0112941684201359,-0.0344827249646186,0.0310529060661792,0.0089285625144839,-0.0067469584755599,-0.0619469508528709,-0.0235294587910175,-0.0188679080456495,0.0357012711465358,0.0480769947171211,-0.0565582253038883,0.0275229085236787,-0.011477280408144,-0.0178571250289678,0.0,-0.0363637097179889,0.0,0.0,-0.0045248959213495,-0.0094339540228247,-0.0177777484059333,-0.0666666030883789,0.0,0.0095918467268347,0.0588234700262546,0.0007074963650666,0.1836791634559631,-0.0102009968832135,-0.0425333194434642,0.0408162884414196,-0.0382149256765842,0.0,-0.0252500176429748,0.009803912602365,-0.0361445434391498,0.0194174572825431,-0.0360046662390232,-0.0285714026540517,0.0129411499947309,0.0,-0.0570224151015281,0.0,-0.0094505455344915,-0.0600980222225189,-0.0319148637354373,-0.0403671488165855,-0.0408163480460643,-0.0027173885609954,-0.0199999809265136,-0.0190736167132854,0.0204081442207098,-0.0166666507720947,-0.0001019865230773,-0.0196609795093536,-0.0199000239372253,0.1335868835449219,0.0204081442207098,0.0012201528297737,-0.0150753622874617,-0.0149283995851874,-0.0148514714092016,-0.040824756026268,-0.0194174572825431,0.0160145834088325,0.009803912602365,0.0155506143346428,0.0303030014038085,-0.0312499701976776,-0.0099999904632568,0.0091397631913423,-0.0099009806290268,0.0015983063494786,0.0306122153997421,0.0,-0.0199999809265136,0.0,0.0,-0.0106382872909307,0.0020039821974933,-0.0161290168762207,-0.0495237410068512,0.0262294951826334,0.0396039225161075,0.02803735435009,0.0,-0.009345897582746,-0.0357142500579357,-0.009345897582746,-0.0181817985974355,0.0467289245819779,0.0800000430830207,0.1121495326536583,0.1595448189374377,-0.0841121719317853,0.2000000746152321,-0.1224299343259505,0.0693069733029887,2019-02-20,2019-02-21,2019-02-22,2019-02-25,2019-02-26,2019-02-27,2019-02-28,2019-03-01,2019-03-04,2019-03-05,93339.0,2019-02-19,252.0,-0.9259%,0.0,0.253,0.0613,-0.1595,3.5881%,3.6029%,0.8178%,-0.009607,ALIM,93339.0,2019-02-20,252.0,2.8037%,-0.0002,0.2537,0.0298,-0.1657,3.5607%,3.5756%,0.8290%,0.028199,ALIM,93339.0,2019-02-21,252.0,-3.6364%,-0.0002,0.2568,0.0283,-0.1597,3.5667%,3.5816%,0.8288%,-0.035885,ALIM,93339.0,2019-02-22,252.0,0.0000%,-0.0002,0.257,0.0362,-0.1495,3.5665%,3.5812%,0.8181%,-0.004272,ALIM,93339.0,2019-02-25,252.0,3.7736%,-0.0001,0.2568,0.0176,-0.1601,3.5743%,3.5891%,0.8255%,0.037075,ALIM,93339.0,2019-02-26,252.0,1.8182%,-0.0001,0.2411,0.0076,-0.1769,3.5739%,3.5877%,0.7724%,0.018077,ALIM,93339.0,2019-02-27,252.0,2.6786%,0.0002,0.2568,-0.0126,-0.1742,3.5711%,3.5862%,0.8357%,0.026242,ALIM,93339.0,2019-02-28,252.0,0.8696%,0.0002,0.2566,-0.0125,-0.1764,3.5715%,3.5865%,0.8359%,0.008959,ALIM,93339.0,2019-03-01,252.0,-0.8621%,-0.0001,0.285,0.0297,-0.1272,3.5578%,3.5741%,0.9091%,-0.011228,ALIM,93339.0,2019-03-04,252.0,1.7391%,0.0001,0.2732,0.0514,-0.1202,3.5576%,3.5727%,0.8435%,0.019399,ALIM,93339.0,2019-03-05,252.0,1.7094%,0.0004,0.2819,0.1297,-0.1204,3.5446%,3.5616%,0.9503%,0.017339,ALIM,0.018592,-0.0172929999999999,-0.0215649999999999,0.033587,0.0942979999999999
19395,ALKERMES PLC,Alkermes And Clovis Oncology Initiate Research Collaboration To Explore Combination Cancer Therapies,6,increase,0.7,0.6,"the collaboration with clovis oncology to explore combination cancer therapies suggests potential for innovative treatments, which could positively impact investor sentiment and drive the stock price up.",2,2019-02-19,ALKS,2019-02-19 12:01:00+00:00,76736.0,G0176710,0.0476336553692817,2015971.0,-0.0217072945088148,0.0012307973811402,-0.0233882702887058,-0.0127581469714641,0.0264046862721443,0.0195105988532304,0.0248279385268688,0.0289994198828935,-0.0099241146817803,0.0171798635274171,0.0085495561361312,-0.0070807631127536,-0.0274773072451353,-0.0437058135867118,0.0351667627692222,-0.0361909642815589,-0.0171312484890222,0.0159734413027763,-0.0144755654036998,0.0030229282565414,-0.0266786385327577,0.0063888928852975,0.0049276207573711,0.0021341370884329,-0.02145267277956,0.0042865704745054,0.0385217517614364,0.0033794350456446,0.0,-0.0446140430867672,0.0111579895019531,0.0299273822456598,-0.0107366722077131,0.0197288300842046,0.0256256349384784,-0.0184569023549556,0.0173427443951368,-0.0319273620843887,0.0115572866052389,0.009461848065257,-0.0131390774622559,0.0071470472030341,0.0112879713997244,0.0163438525050878,-0.0280480701476335,0.0241786316037178,-0.0170788578689098,-0.0076899421401321,0.0299580581486225,0.000923607731238,-0.0235602483153343,0.0083825048059225,0.0622579753398895,0.0313800685107708,0.0232754293829202,0.0205882079899311,-0.0147985992953181,0.0200000125914812,-0.0058414209634065,0.0563380420207977,0.0,-0.0243902783840894,0.0041969139128923,-0.0135547146201133,0.0353859141469001,0.0358020514249801,0.0045748651027679,-0.0148686133325099,-0.0348246172070503,-0.0196610148996114,-0.0058284508995711,0.0558339096605777,0.0025125672109425,-0.0179261937737464,-0.0470620617270469,-0.0440187975764274,-0.0230859406292438,-0.0043492526747286,0.0239305775612592,-0.0606536865234375,-0.0312591195106506,-0.0342944152653217,0.0126659227535128,0.0039610317908227,0.0026800576597452,-0.0281314998865127,0.0166320577263832,-0.0487323813140392,0.0151913659647107,0.0298810191452503,-0.12776979804039,0.0055426619946956,0.0069284392520785,0.0079388553276658,-0.0078636882826685,-0.0218579843640327,0.0013209711760282,-0.0096838548779487,-0.0600263774394989,-0.0354395844042301,0.0056140297092497,-0.0010976153425872,-0.0041869832202792,0.0193006601184606,0.0003503265907056,-0.0306399408727884,-0.0332749187946319,0.0429864376783371,-0.0105072790756821,-0.0106323743239045,-0.0175759624689817,0.0407688282430172,-0.0197540316730737,-0.0002910719776991,-0.0437262207269668,0.0278276596218347,0.017892675474286,-0.0179253779351711,-0.0066406279802322,-0.0133372824639082,-0.0217072945088148,0.0012307973811402,-0.0445878687263119,-0.0115430522842044,-0.0193605111394293,0.0077423347063669,-0.0049868579120371,0.0547812169394956,-0.0214138908826228,-0.0163240865483974,0.048401338833055,0.1457747013555539,-0.254033430593058,-0.0565381381240422,2019-02-20,2019-02-21,2019-02-22,2019-02-25,2019-02-26,2019-02-27,2019-02-28,2019-03-01,2019-03-04,2019-03-05,76736.0,2019-02-19,251.0,4.7634%,-0.0024,1.367,0.7769,0.0223,2.4884%,2.9163%,27.1936%,0.042945,ALKS,76736.0,2019-02-20,251.0,-2.1707%,-0.0027,1.3553,0.7272,-0.0256,2.4689%,2.8963%,27.3374%,-0.026237,ALKS,76736.0,2019-02-21,251.0,-2.3388%,-0.0027,1.3503,0.7135,-0.0347,2.4662%,2.8909%,27.2243%,-0.018024,ALKS,76736.0,2019-02-22,251.0,2.6405%,-0.0025,1.3469,0.7459,-0.0457,2.4645%,2.8933%,27.4454%,0.0130929999999999,ALKS,76736.0,2019-02-25,251.0,2.4828%,-0.002,1.3346,0.7205,-0.1043,2.3817%,2.8237%,28.8554%,0.024565,ALKS,76736.0,2019-02-26,251.0,-0.9924%,-0.0021,1.3227,0.7342,-0.1063,2.3782%,2.8140%,28.5724%,-0.003622,ALKS,76736.0,2019-02-27,251.0,0.8550%,-0.002,1.3306,0.7225,-0.1049,2.3762%,2.8144%,28.7171%,0.005737,ALKS,76736.0,2019-02-28,251.0,-2.7477%,-0.0021,1.3395,0.7279,-0.0934,2.3796%,2.8184%,28.7149%,-0.0238589999999999,ALKS,76736.0,2019-03-01,251.0,3.5167%,-0.0021,1.3531,0.7482,-0.0839,2.3833%,2.8279%,28.9730%,0.022948,ALKS,76736.0,2019-03-04,251.0,-1.7131%,-0.0022,1.3614,0.7249,-0.087,2.3811%,2.8292%,29.1659%,-0.006865,ALKS,76736.0,2019-03-05,251.0,-1.4476%,-0.0023,1.356,0.6775,-0.0879,2.3741%,2.8141%,28.8290%,-0.010213,ALKS,0.016708,-0.0013159999999999,0.011777,0.03272,0.020468
19403,ALLEGION PLC,Allegion Sees FY19 Adj. EPS $4.75-$4.90 vs $4.96 Est.,6,decrease,0.75,0.6,"the adjusted eps guidance is below the analyst estimate, which may lead to negative sentiment and a decrease in stock price.",0,2019-02-19,ALLE,2019-02-19 12:55:00+00:00,14297.0,G0176J10,-0.0386631824076175,2002116.0,-0.0007952703745104,-0.001308930455707,0.0031837001442909,-0.0222885403782129,0.0166609268635511,0.0078460415825247,-0.0111482720822095,0.0167194698005914,-0.0006764099234715,0.0013130840379744,0.0201940536499023,0.007163340691477,-0.0051974039524793,0.0122712906450033,0.0137838805094361,0.0060606165789067,-0.0110745010897517,0.0208524260669946,-0.0027719258796423,0.0061094961129128,-0.0055592614226043,0.0103657040745019,-0.0164356119930744,-0.0005820399383082,0.0001136993960244,0.0103493463248014,0.0068197143264114,0.0088989082723855,0.0025964747183024,0.0010689670452848,0.0093458155170083,0.0143373785540461,-0.0066934712231159,0.0069149546325206,-0.0040553454309701,0.0030421027913689,0.0055423351004719,-0.0159262586385011,-0.0021372602786868,0.0214041098952293,-0.0109345195814967,0.0092581156641244,0.0132209220901131,-0.0090519618242979,-0.0188976414501667,-0.0002445474383421,0.0026369609404355,-0.0036554532125592,0.0110920667648315,-0.0015814751386642,-0.0024881386198103,-0.0018215122399851,0.0183673780411481,0.011173821054399,0.0099086994305253,0.0138180078938603,0.0212765987962484,0.0104402741417288,-0.0023747973609715,-0.0022590400185436,0.011577577330172,-0.0169031787663698,0.0067387409508228,0.0168109890073537,0.0084997387602925,0.0147676132619381,-0.0054782624356448,-0.0094577549025416,-0.0096398694440722,0.0087775401771068,-0.0017113705398514,0.0424346476793289,0.0047143981792032,-0.0398522689938545,0.0085315462201833,-0.0232558473944664,-0.0052870889194309,-0.0191510077565908,-0.0018071454251185,-0.0276360362768173,0.0,0.0076490906067192,-0.0015974603593349,-0.0310364831238985,0.0022399902809411,-0.0100640887394547,0.0216049253940582,-0.0045536649413406,-0.0051046763546764,0.0060703102499246,0.0110994512215256,0.0009170491830445,0.01812344789505,-0.0162399336695671,0.0010172526817768,-0.011923330835998,0.0083324834704399,-0.0059814015403389,-0.0019147680141031,-0.0302900075912475,-0.0012116594007238,0.0164865404367446,0.0330570600926876,-0.0017439090879634,-0.0093942563980817,-0.0048806611448526,-0.0184728112071752,0.0216066148132085,0.0026167687028646,0.0053470353595912,0.0048182667233049,0.0074065313674509,0.0017982048448175,-0.007683768402785,-0.0120662059634923,0.0118310200050473,0.0033309964928776,-0.0077146962285041,0.0103621603921055,0.0019044001819565,-0.0007952703745104,-0.001308930455707,0.0023858978673743,-0.0235682966846056,0.0190865760007976,-0.0159071729378975,0.0070438860332837,0.0018601387899939,0.021813292114307,0.0554466573691179,0.0531822705542648,0.1490963482794185,0.1444611332982575,0.0281468746332222,2019-02-20,2019-02-21,2019-02-22,2019-02-25,2019-02-26,2019-02-27,2019-02-28,2019-03-01,2019-03-04,2019-03-05,14297.0,2019-02-19,252.0,-3.8663%,0.0003,0.8903,0.0248,0.1791,1.0628%,1.3947%,41.9288%,-0.041197,ALLE,14297.0,2019-02-20,252.0,-0.0795%,0.0003,0.8888,0.0194,0.1731,1.0627%,1.3944%,41.9114%,-0.003626,ALLE,14297.0,2019-02-21,252.0,0.3184%,0.0001,0.9022,0.0482,0.1977,1.0309%,1.3766%,43.9167%,0.006784,ALLE,14297.0,2019-02-22,252.0,1.6661%,0.0001,0.901,0.0304,0.168,1.0297%,1.3784%,44.1954%,0.013338,ALLE,14297.0,2019-02-25,252.0,-1.1148%,0.0001,0.9002,0.0356,0.1678,1.0315%,1.3793%,44.0698%,-0.012218,ALLE,14297.0,2019-02-26,252.0,-0.0676%,0.0001,0.9073,0.027,0.1686,1.0287%,1.3793%,44.3772%,0.001446,ALLE,14297.0,2019-02-27,252.0,2.0194%,0.0002,0.9035,0.0393,0.168,1.0341%,1.3797%,43.8166%,0.019429,ALLE,14297.0,2019-02-28,252.0,-0.5197%,0.0002,0.9046,0.0399,0.1693,1.0342%,1.3786%,43.7198%,-0.002084,ALLE,14297.0,2019-03-01,252.0,1.3784%,0.0003,0.8925,0.022,0.1472,1.0255%,1.3652%,43.5746%,0.007743,ALLE,14297.0,2019-03-04,252.0,-1.1075%,0.0003,0.8867,0.0477,0.1472,1.0225%,1.3582%,43.3230%,-0.007009,ALLE,14297.0,2019-03-05,252.0,-0.2772%,0.0003,0.8879,0.0563,0.1484,1.0221%,1.3583%,43.3744%,-0.000853,ALLE,-0.0448229999999999,-0.0380389999999999,-0.0247009999999999,-0.0354729999999999,-0.0182469999999999
19411,ALLEGION PLC,"Allegion Earlier Reported Q4 EPS $1.22, Inline, Sales $702.4M Miss $702.49M Estimate",6,decrease,0.7,0.5,"the sales miss against estimates typically signals weaker performance, which can lead to a decrease in stock price.",0,2019-02-19,ALLE,2019-02-19 12:54:00+00:00,14297.0,G0176J10,-0.0386631824076175,2002116.0,-0.0007952703745104,-0.001308930455707,0.0031837001442909,-0.0222885403782129,0.0166609268635511,0.0078460415825247,-0.0111482720822095,0.0167194698005914,-0.0006764099234715,0.0013130840379744,0.0201940536499023,0.007163340691477,-0.0051974039524793,0.0122712906450033,0.0137838805094361,0.0060606165789067,-0.0110745010897517,0.0208524260669946,-0.0027719258796423,0.0061094961129128,-0.0055592614226043,0.0103657040745019,-0.0164356119930744,-0.0005820399383082,0.0001136993960244,0.0103493463248014,0.0068197143264114,0.0088989082723855,0.0025964747183024,0.0010689670452848,0.0093458155170083,0.0143373785540461,-0.0066934712231159,0.0069149546325206,-0.0040553454309701,0.0030421027913689,0.0055423351004719,-0.0159262586385011,-0.0021372602786868,0.0214041098952293,-0.0109345195814967,0.0092581156641244,0.0132209220901131,-0.0090519618242979,-0.0188976414501667,-0.0002445474383421,0.0026369609404355,-0.0036554532125592,0.0110920667648315,-0.0015814751386642,-0.0024881386198103,-0.0018215122399851,0.0183673780411481,0.011173821054399,0.0099086994305253,0.0138180078938603,0.0212765987962484,0.0104402741417288,-0.0023747973609715,-0.0022590400185436,0.011577577330172,-0.0169031787663698,0.0067387409508228,0.0168109890073537,0.0084997387602925,0.0147676132619381,-0.0054782624356448,-0.0094577549025416,-0.0096398694440722,0.0087775401771068,-0.0017113705398514,0.0424346476793289,0.0047143981792032,-0.0398522689938545,0.0085315462201833,-0.0232558473944664,-0.0052870889194309,-0.0191510077565908,-0.0018071454251185,-0.0276360362768173,0.0,0.0076490906067192,-0.0015974603593349,-0.0310364831238985,0.0022399902809411,-0.0100640887394547,0.0216049253940582,-0.0045536649413406,-0.0051046763546764,0.0060703102499246,0.0110994512215256,0.0009170491830445,0.01812344789505,-0.0162399336695671,0.0010172526817768,-0.011923330835998,0.0083324834704399,-0.0059814015403389,-0.0019147680141031,-0.0302900075912475,-0.0012116594007238,0.0164865404367446,0.0330570600926876,-0.0017439090879634,-0.0093942563980817,-0.0048806611448526,-0.0184728112071752,0.0216066148132085,0.0026167687028646,0.0053470353595912,0.0048182667233049,0.0074065313674509,0.0017982048448175,-0.007683768402785,-0.0120662059634923,0.0118310200050473,0.0033309964928776,-0.0077146962285041,0.0103621603921055,0.0019044001819565,-0.0007952703745104,-0.001308930455707,0.0023858978673743,-0.0235682966846056,0.0190865760007976,-0.0159071729378975,0.0070438860332837,0.0018601387899939,0.021813292114307,0.0554466573691179,0.0531822705542648,0.1490963482794185,0.1444611332982575,0.0281468746332222,2019-02-20,2019-02-21,2019-02-22,2019-02-25,2019-02-26,2019-02-27,2019-02-28,2019-03-01,2019-03-04,2019-03-05,14297.0,2019-02-19,252.0,-3.8663%,0.0003,0.8903,0.0248,0.1791,1.0628%,1.3947%,41.9288%,-0.041197,ALLE,14297.0,2019-02-20,252.0,-0.0795%,0.0003,0.8888,0.0194,0.1731,1.0627%,1.3944%,41.9114%,-0.003626,ALLE,14297.0,2019-02-21,252.0,0.3184%,0.0001,0.9022,0.0482,0.1977,1.0309%,1.3766%,43.9167%,0.006784,ALLE,14297.0,2019-02-22,252.0,1.6661%,0.0001,0.901,0.0304,0.168,1.0297%,1.3784%,44.1954%,0.013338,ALLE,14297.0,2019-02-25,252.0,-1.1148%,0.0001,0.9002,0.0356,0.1678,1.0315%,1.3793%,44.0698%,-0.012218,ALLE,14297.0,2019-02-26,252.0,-0.0676%,0.0001,0.9073,0.027,0.1686,1.0287%,1.3793%,44.3772%,0.001446,ALLE,14297.0,2019-02-27,252.0,2.0194%,0.0002,0.9035,0.0393,0.168,1.0341%,1.3797%,43.8166%,0.019429,ALLE,14297.0,2019-02-28,252.0,-0.5197%,0.0002,0.9046,0.0399,0.1693,1.0342%,1.3786%,43.7198%,-0.002084,ALLE,14297.0,2019-03-01,252.0,1.3784%,0.0003,0.8925,0.022,0.1472,1.0255%,1.3652%,43.5746%,0.007743,ALLE,14297.0,2019-03-04,252.0,-1.1075%,0.0003,0.8867,0.0477,0.1472,1.0225%,1.3582%,43.3230%,-0.007009,ALLE,14297.0,2019-03-05,252.0,-0.2772%,0.0003,0.8879,0.0563,0.1484,1.0221%,1.3583%,43.3744%,-0.000853,ALLE,-0.0448229999999999,-0.0380389999999999,-0.0247009999999999,-0.0354729999999999,-0.0182469999999999
19419,AMEDISYS INC,"Amedisys Reports Purchase Of RoseRock Healthcare, No Terms Disclosed",6,uncertain,0.6,0.3,"the acquisition of roserock healthcare could be seen as a strategic move that may enhance amedisys's market position, but the lack of disclosed terms makes it difficult to assess the immediate financial impact.",1,2019-02-19,AMED,2019-02-19 21:56:00+00:00,80795.0,02343610,-0.0258405823260545,579404.0,-0.0421250686049461,-0.0180926583707332,-0.0031468926463276,0.01270158495754,0.0168100167065858,0.0097295446321368,-0.015135028399527,0.0273360647261142,-0.0206478275358676,0.0131184607744216,-0.0130360918119549,-0.0280366446822881,0.0134529266506433,-0.0077685927972197,-0.0008045543218031,-0.0253118518739938,-0.0256843380630016,0.0148565480485558,0.011486648581922,0.0304675195366144,-0.0352941155433654,0.0109789753332734,0.0032181339338421,0.0135229108855128,-0.0015195028390735,0.0147416675463318,0.0118363332003355,0.0072663943283259,0.0150401322171092,-0.0185271278023719,0.0063384640961885,0.0091527663171291,0.019386526197195,-0.0024970120284706,-0.0141229508444666,0.0273368284106254,0.0117206778377294,-0.0187225043773651,0.0178599637001752,0.001812620088458,-0.0217356942594051,0.0030829990282654,0.020360380411148,0.0119190290570259,-0.0292184837162494,0.0630102381110191,0.0104404473677277,-0.0241474043577909,-0.0159024354070425,0.0195431914180517,-0.0192765649408102,-0.0282801911234855,0.0037638389039784,-0.0039305873215198,0.0270810760557651,0.0181757565587759,-0.0025961357168853,0.0498949997127056,0.0102488566190004,0.0314192473888397,0.016827730461955,-0.035023495554924,0.0038007420953363,-0.0198958404362201,0.0213772915303707,0.0202108174562454,-0.0054062171839177,0.0087881181389093,0.0069110062904655,0.0024667321704328,-0.0134186623618006,0.0687317848205566,-0.0062534436583518,-0.0070119672454893,-0.0065287044271826,-0.0342212282121181,0.0183688998222351,-0.0300402902066707,-0.0989736914634704,-0.0409072041511535,-0.0021572180557996,0.0082147801294922,0.0136631084606051,-0.0495814234018325,-0.0274697244167327,-0.0413580872118473,0.0864912346005439,-0.0238758604973554,-0.0022606069687753,0.0294642392545938,0.0189350731670856,-0.0016255725640803,0.0156448632478714,-0.0085956277325749,-7.820889732101932e-05,-0.0382343716919422,-0.0004691707727033,0.0037785768508911,-0.0621186234056949,-0.0375097654759883,0.0061728856526315,0.029210977256298,-0.0243740864098072,0.0031659009400755,0.0120666055008769,0.0133552830666303,-0.0122585985809564,0.0828082114458084,-0.0120707089081406,0.0092131858691573,0.0031835751142352,0.0015515469713136,-0.0067758238874375,0.0220330450683832,-0.0283247530460357,0.0255049932748079,-0.015730507671833,-0.0393817387521266,0.0011737900786101,-0.0339925847947597,-0.0421250686049461,-0.0180926583707332,-0.0451393981826547,-0.0056208788505968,-0.0290881755136445,0.0040539771898913,-0.0635267582126244,0.0450325652918452,-0.0776186579268031,0.0273001136691981,-0.0640542620133199,0.2298663677502728,-0.1644310491425982,0.0818838673797426,2019-02-20,2019-02-21,2019-02-22,2019-02-25,2019-02-26,2019-02-27,2019-02-28,2019-03-01,2019-03-04,2019-03-05,80795.0,2019-02-19,252.0,-2.5841%,0.0033,1.0837,1.085,-0.1029,2.0676%,2.4640%,29.5889%,-0.031029,AMED,80795.0,2019-02-20,252.0,-4.2125%,0.0031,1.0695,1.051,-0.1542,2.0904%,2.4802%,28.9626%,-0.046105,AMED,80795.0,2019-02-21,252.0,-0.3147%,0.003,1.0751,1.0619,-0.1439,2.0885%,2.4804%,29.1050%,0.001091,AMED,80795.0,2019-02-22,252.0,1.6810%,0.003,1.0758,1.0485,-0.1479,2.0876%,2.4806%,29.1722%,0.001766,AMED,80795.0,2019-02-25,252.0,-1.5135%,0.003,1.0738,1.0551,-0.1518,2.0875%,2.4811%,29.2079%,-0.014389,AMED,80795.0,2019-02-26,252.0,-2.0648%,0.0029,1.0764,1.0745,-0.14,2.0899%,2.4843%,29.2326%,-0.012778,AMED,80795.0,2019-02-27,252.0,-1.3036%,0.0029,1.081,1.0606,-0.1393,2.0921%,2.4862%,29.1895%,-0.016314,AMED,80795.0,2019-02-28,252.0,1.3453%,0.0028,1.0996,1.0738,-0.129,2.0789%,2.4826%,29.8801%,0.016144,AMED,80795.0,2019-03-01,252.0,-0.0805%,0.0027,1.1023,1.0778,-0.1177,2.0802%,2.4824%,29.7793%,-0.012441,AMED,80795.0,2019-03-04,252.0,-2.5684%,0.0028,1.0882,1.1408,-0.1177,2.0715%,2.4779%,30.1115%,-0.0152719999999999,AMED,80795.0,2019-03-05,252.0,1.1487%,0.0028,1.0862,1.1341,-0.1242,2.0733%,2.4752%,29.8390%,0.016501,AMED,-0.077134,-0.076043,-0.074277,-0.101444,-0.112826
19427,AUTONATION INC DEL,"JP Morgan Initiates Coverage On AutoNation with Underweight Rating, Announces $40 Price Target",6,decrease,0.8,0.7,the initiation of coverage with an 'underweight' rating and a price target significantly below the current market price is likely to lead to a decrease in investor confidence and stock price.,0,2019-02-19,AN,2019-02-19 11:59:00+00:00,76282.0,05329W10,-0.0104913935065269,540224.0,0.0113783935084939,0.0208987221121788,-0.0186652913689613,0.0086955996230244,-0.0299635622650384,-0.0028901894111186,-0.0389471054077148,0.0236686673015356,-0.0030743603128939,0.0064970678649842,-0.0263526402413845,-0.009120175614953,0.0152605464681983,-0.0411523208022117,-0.0104934470728039,-0.009174327366054,-0.0083118639886379,0.0136916199699044,0.0080925608053803,0.0065002599731087,-0.012901397421956,-0.0074838944710791,-0.0203311294317245,0.0300372429192066,-0.0035576322115957,0.0181325618177652,0.0243974905461072,-0.0146666467189788,-0.0113273132592439,0.0080644953995943,-0.0079318583011627,0.0105949304997921,-0.0260586626827716,0.0104309925809502,-0.0006081014871597,-0.0164686981588602,0.0240341015160083,-0.0232066791504621,-0.0059417933225631,0.0063693700358271,0.0044830106198787,-0.0005305160884745,0.0318357534706592,0.0230665486305952,-0.0320069380104541,-0.0053981314413249,0.0128090651705861,0.0035211557988077,0.0097059365361928,0.0095706451684236,0.0267986636608839,-0.0092115998268127,-0.0073758387006819,0.0201768800616264,0.020863089710474,-0.039298977702856,0.0139977596700191,0.0164642538875341,-0.009663232602179,0.0277392510324716,0.0150543889030814,0.0,0.0071408492513,0.0098038790747523,-0.0231796707957983,0.0168043337762355,0.0189838167279958,0.0233167950063943,-0.0095889996737241,-0.0014551582280546,0.0196403618901968,0.0336943119764328,-0.0084102377295494,-0.0118905389681458,0.0216142516583204,-0.0189560074359178,0.0002677643788047,0.0073443003930151,0.0190094485878944,-0.0038044266402721,-0.0026274903211742,0.0127444118261337,-0.0034245853312313,0.011087886057794,-0.0132170226424932,-0.0023916838690638,0.0152692114934325,-0.0173325538635253,0.0176780503243207,0.005910187959671,0.0241120122373104,0.0017762396018952,0.0711392760276794,-0.0228522103279829,-0.0009454246028326,-0.0190125405788421,-0.0080435331910848,-0.0036753537133336,-0.0224182829260826,-0.0486821234226226,0.0012197910109534,0.0013465994270518,0.0158381499350071,-0.0005383702809922,0.0016790524823591,-0.0297727696597576,-0.0193964932113885,0.0197071023285388,-0.0107448697090148,-0.0039788200519979,-0.0101209543645381,0.0120805576443672,-0.0074812779203057,0.0043138270266354,-0.0168341249227523,0.015329903922975,0.001533287926577,-0.0276816859841346,-0.0040826704353094,0.0110333655029535,0.0113783935084939,0.0208987221121788,-0.0074992788906141,0.0297760486553235,-0.0372381360456708,0.0267998008236762,-0.07757952207267,0.057931869813393,-0.0980087219542694,0.016120716663063,-0.0724075362226043,0.0840500052351758,0.0093095571888488,0.0516685199609951,2019-02-20,2019-02-21,2019-02-22,2019-02-25,2019-02-26,2019-02-27,2019-02-28,2019-03-01,2019-03-04,2019-03-05,76282.0,2019-02-19,252.0,-1.0491%,-0.0011,0.7457,0.8053,0.7175,1.4337%,1.6403%,23.5997%,-0.016572,AN,76282.0,2019-02-20,252.0,1.1378%,-0.0011,0.7466,0.8043,0.7197,1.4335%,1.6407%,23.6641%,0.004144,AN,76282.0,2019-02-21,252.0,-1.8665%,-0.0011,0.7455,0.7994,0.7179,1.4341%,1.6395%,23.4946%,-0.013785,AN,76282.0,2019-02-22,252.0,-2.9964%,-0.0011,0.7491,0.8045,0.7654,1.4434%,1.6495%,23.4251%,-0.028753,AN,76282.0,2019-02-25,252.0,-3.8947%,-0.0013,0.7499,0.8229,0.7781,1.4602%,1.6665%,23.2218%,-0.036701,AN,76282.0,2019-02-26,252.0,-0.3074%,-0.0013,0.7449,0.8178,0.7717,1.4604%,1.6644%,23.0068%,0.00586,AN,76282.0,2019-02-27,252.0,-2.6353%,-0.0014,0.7481,0.8044,0.7722,1.4689%,1.6715%,22.7750%,-0.027751,AN,76282.0,2019-02-28,252.0,1.5261%,-0.0012,0.7343,0.7956,0.7574,1.4702%,1.6653%,22.0499%,0.019249,AN,76282.0,2019-03-01,252.0,-1.0493%,-0.0013,0.7359,0.798,0.7663,1.4721%,1.6658%,21.9070%,-0.015148,AN,76282.0,2019-03-04,252.0,-0.8312%,-0.0012,0.7274,0.8288,0.7679,1.4673%,1.6618%,22.0353%,-0.004372,AN,76282.0,2019-03-05,252.0,0.8093%,-0.0012,0.7248,0.8185,0.7605,1.4703%,1.6612%,21.6633%,0.013651,AN,-0.012428,-0.026213,-0.054966,-0.085807,-0.1001779999999999
19435,ARMOUR RESIDENTIAL REIT INC,ARMOUR Residential REIT Reports 6M Share Common Stock Offering,6,decrease,0.7,0.6,"the announcement of a common stock offering typically dilutes existing shareholders' equity, which can lead to a decrease in stock price.",0,2019-02-19,ARR,2019-02-19 21:41:00+00:00,92477.0,04231550,-0.0042755417525768,1014684.0,-0.0362594649195671,-0.0014231824316084,0.0064356019720435,-0.0028129396960139,0.0044269626960158,-0.0009367895545437,-0.0088149020448327,-0.0032679596915841,-0.0064228833653032,0.0089496253058314,-0.0049726692959666,0.0009429730707779,0.0019989509601145,-0.0046926504001021,-0.0094762407243251,0.002351798582822,0.0005035361973568,0.0004705990140791,-0.008052428252995,0.0018859461415559,-0.0060882261022925,0.0090389447286725,-0.0107198059558868,0.0,0.0020640308503061,0.0009524027700535,0.0190525669604539,-0.0056818574666976,-0.0025265861768275,-0.0009460052242502,0.0040526809170842,0.0028462745249271,-0.0020181406289339,0.00190109340474,0.0020418073982,0.0149542391300201,0.0056036990135908,0.0043604727834463,-0.0121580436825752,-0.0114942425861954,-0.0046153925359249,0.001438790350221,0.0051520033739507,0.0096852667629718,-0.0066633042879402,-0.0185361821204423,0.0082560246810317,-0.0056205838918685,0.0030705968383699,0.0075507243163883,-0.006122491788119,-0.0028235043864697,0.0025667939335107,0.0004708205815404,0.0,-0.0042194165289402,0.0061443382874131,0.007082134950906,-0.0035623256117105,0.0172910951077938,0.0025535870809108,0.0024072814267128,0.0066225710324943,0.0131707536056637,0.0035424947272986,-0.0186691917479038,0.0025213938206434,0.0062620020471513,-0.0015089929802343,0.0024143480695784,0.0015112734399735,0.0370555743575096,-0.0005029336898587,-0.0191552694886922,0.0010065385140478,-0.004400985315442,0.0005075290100648,-0.0224665068089962,0.0071030594408512,-0.0085308197885751,-0.0020151594653725,0.0052406201139092,-0.0025239393580704,-0.0331644117832183,0.0086032422259449,-0.0018232201691716,0.0040140454657375,0.0059606176801025,0.0064967097714543,-0.0045641432516276,-0.0456802435219287,-0.0013673967914655,0.021331937983632,-0.0076888320036232,-0.020376956090331,0.0031760295387357,-0.0078002922236919,0.0073126945644617,-0.0015723630785942,-0.0095066092908382,-0.0041994713246822,-0.0022583215031772,0.0063258218578994,-0.0009025477338582,-0.0041906717233359,0.011872156523168,-0.0047343582846224,0.0004568400618154,-0.0116278706118464,0.0027484868187457,-0.0032086295541375,-0.0031963330693542,0.0150214964523911,0.0027472283691167,-0.0158561971038579,0.0,0.0096670119091868,-0.0099727706983685,0.005910730920732,0.0013617239892482,-0.0362594649195671,-0.0014231824316084,-0.0300572144314652,-0.0042321188012658,-0.0257633139024836,-0.0051649437511229,-0.040553365020012,0.0004582804242458,-0.0596374078062651,0.001401685918102,-0.0567794006525559,0.0293723709984157,-0.0802147279764952,-0.0186520808977157,2019-02-20,2019-02-21,2019-02-22,2019-02-25,2019-02-26,2019-02-27,2019-02-28,2019-03-01,2019-03-04,2019-03-05,92477.0,2019-02-19,252.0,-0.4276%,0.0,0.3633,0.4135,0.3524,0.8084%,0.8988%,19.1118%,-0.007327,ARR,92477.0,2019-02-20,252.0,-3.6259%,-0.0002,0.3517,0.3853,0.3105,0.8455%,0.9262%,16.6621%,-0.0398979999999999,ARR,92477.0,2019-02-21,252.0,0.6436%,-0.0,0.3402,0.3638,0.2893,0.8309%,0.9069%,16.0636%,0.008621,ARR,92477.0,2019-02-22,252.0,0.4427%,0.0,0.3393,0.3712,0.2856,0.8308%,0.9071%,16.1326%,0.004368,ARR,92477.0,2019-02-25,252.0,-0.8815%,-0.0,0.3396,0.3754,0.2886,0.8322%,0.9089%,16.1615%,-0.007945,ARR,92477.0,2019-02-26,252.0,-0.6423%,-0.0001,0.3327,0.3856,0.2887,0.8287%,0.9044%,16.0381%,-0.002625,ARR,92477.0,2019-02-27,252.0,-0.4973%,-0.0001,0.3354,0.3791,0.2891,0.8285%,0.9045%,16.0876%,-0.005758,ARR,92477.0,2019-02-28,252.0,0.1999%,0.0,0.3207,0.3691,0.2776,0.8123%,0.8834%,15.4580%,0.0035859999999999,ARR,92477.0,2019-03-01,252.0,-0.9476%,0.0001,0.3048,0.3455,0.2585,0.8038%,0.8680%,14.2380%,-0.011835,ARR,92477.0,2019-03-04,252.0,0.0504%,0.0,0.3081,0.3325,0.2582,0.8025%,0.8667%,14.2755%,0.002373,ARR,92477.0,2019-03-05,252.0,-0.8052%,0.0,0.3082,0.3294,0.2605,0.8030%,0.8665%,14.1213%,-0.005968,ARR,-0.0472249999999999,-0.038604,-0.034236,-0.044806,-0.062408
19443,ARTS WAY MANUFACTURING INC,"Art's-Way Manufacturing shares are trading higher after the company's modular buildings segment won an $8.4 million project for completion of a biomedical facility in Frederick, Maryland.",6,increase,0.8,0.7,the announcement of an $8.4 million project for a biomedical facility is likely to boost investor confidence and positively impact the stock price of art's-way manufacturing.,2,2019-02-19,ARTW,2019-02-19 14:37:00+00:00,15203.0,04316810,0.3782384097576141,8692210.0,-0.1541353613138199,0.0,-0.0533332824707031,-0.0051546953618526,0.0516431406140327,-0.0049750939942896,-0.0044642812572419,0.0102072805166244,-0.0448430068790912,-0.0316106788814067,0.0093896621838212,0.0219465028494596,0.0,0.0001025199890136,-0.0099535873159766,-0.0101522747427225,-0.0322277285158634,-0.0343136936426162,0.0048543643206357,0.0793650671839714,-0.0193236544728279,-0.0052631529979407,-0.0246305186301469,0.0,0.0048989597707986,0.0160427652299404,-0.0163843426853418,0.010810799896717,0.0015328909503296,-0.0796019732952117,0.0101525243371725,0.0062074647285044,-0.0095959864556789,-0.0273165553808212,0.021213661879301,0.0217412840574979,-0.0412463806569576,-0.0269170850515365,0.0208333767950534,0.0432322733104229,0.0204591117799282,-0.0149253588169813,-0.0200489275157451,-0.0603085346519947,0.0357142500579357,0.0708921030163765,-0.0443349331617355,0.0190816354006528,0.0,-0.0199999809265136,0.0051546338945627,0.0436234846711158,0.0256409998983144,-0.0418000221252441,0.0299999713897705,0.010101000778377,0.0145630929619073,-0.0246305186301469,0.0095693692564964,0.0149999856948852,0.0142181096598506,-0.0231513120234012,0.0233644619584083,0.0236999988555908,-0.0091324113309383,0.0289124548435211,-0.0829493328928947,-0.0281000137329101,-0.005075380206108,-0.0049751196056604,0.0220212955027818,-0.0205155462026596,-0.0017296688165515,-0.0269796233624219,0.0024753042962402,-0.0629166141152381,0.027160407975316,-0.0543697513639926,0.0432693064212799,0.048458207398653,-0.0184331610798835,-0.0087336162105202,0.0657276362180709,0.0177777614444494,-0.0308369752019643,-0.0370624251663684,0.0,0.0159130934625864,0.0226818434894084,0.0,-0.0266234241425991,-0.0750422179698944,-0.0045662056654691,0.0954184755682945,0.0045871515758335,0.0044247745536267,-0.0182648226618766,-0.0131004247814416,0.0279069487005472,-0.004347822163254,-0.0133032174780964,-0.0376569665968418,-0.0002750899584498,0.0204518176615238,-0.0045871515758335,0.0272368136793375,0.0645160675048828,0.0088495491072535,-0.0648051649332046,-0.00440528197214,0.0230060741305351,-0.0130434660241007,-0.0271492954343557,0.0148252081125974,-0.0033954130485653,-0.0146086318418383,0.0174079947173595,-0.0128755243495106,0.0228898227214813,0.0292882956564426,-0.1541353613138198,0.0,-0.1992480990208491,-0.0051546953618526,-0.1578947560016288,-0.0101041442622051,-0.1992480993480903,-0.0316106784751147,-0.2218045577711238,0.021164000397311,-0.2067669798257749,-0.0350000280421725,-0.1616917906602774,-0.1474135576415118,2019-02-20,2019-02-21,2019-02-22,2019-02-25,2019-02-26,2019-02-27,2019-02-28,2019-03-01,2019-03-04,2019-03-05,15203.0,2019-02-19,252.0,37.8238%,0.0009,0.3373,0.3114,-0.2678,4.6740%,4.7007%,1.1364%,0.378974,ARTW,15203.0,2019-02-20,252.0,-15.4135%,0.0001,0.2907,0.1916,-0.4378,4.7678%,4.7953%,1.1432%,-0.154089,ARTW,15203.0,2019-02-21,252.0,-5.3333%,-0.0,0.2967,0.192,-0.4264,4.7784%,4.8058%,1.1360%,-0.053231,ARTW,15203.0,2019-02-22,252.0,5.1643%,0.0001,0.2906,0.2,-0.4918,4.7856%,4.8166%,1.2822%,0.04229,ARTW,15203.0,2019-02-25,252.0,-0.4464%,0.0001,0.2904,0.2024,-0.4915,4.7857%,4.8167%,1.2821%,-0.0053659999999999,ARTW,15203.0,2019-02-26,252.0,-4.4843%,-0.0002,0.2794,0.2755,-0.4627,4.7892%,4.8193%,1.2437%,-0.044805,ARTW,15203.0,2019-02-27,252.0,0.9390%,-0.0001,0.2887,0.2614,-0.4611,4.7877%,4.8182%,1.2598%,0.00796,ARTW,15203.0,2019-02-28,252.0,0.0000%,0.0001,0.2605,0.242,-0.4815,4.7762%,4.8047%,1.1848%,-0.00041,ARTW,15203.0,2019-03-01,252.0,-0.9954%,-0.0001,0.2832,0.2758,-0.4396,4.7695%,4.7987%,1.2119%,-0.014547,ARTW,15203.0,2019-03-04,252.0,-3.2228%,-0.0002,0.2823,0.3038,-0.4451,4.7724%,4.8026%,1.2562%,-0.028028,ARTW,15203.0,2019-03-05,252.0,0.4854%,-0.0002,0.2765,0.2624,-0.4511,4.7705%,4.7992%,1.1940%,0.005118,ARTW,0.2248849999999999,0.1716539999999999,0.2139439999999999,0.1637729999999999,0.1338659999999999
19451,ARTS WAY MANUFACTURING INC,"Art's-Way Manufacturing Wins $8.4M Project For Modular Buildings Segment For Completion Of Biomedical Facility In Frederick, Maryland",6,increase,0.8,0.7,"winning an $8.4 million project is likely to boost investor confidence and indicate strong demand for art's-way manufacturing's modular buildings segment, potentially leading to an increase in stock price.",2,2019-02-19,ARTW,2019-02-19 14:03:00+00:00,15203.0,04316810,0.3782384097576141,8692210.0,-0.1541353613138199,0.0,-0.0533332824707031,-0.0051546953618526,0.0516431406140327,-0.0049750939942896,-0.0044642812572419,0.0102072805166244,-0.0448430068790912,-0.0316106788814067,0.0093896621838212,0.0219465028494596,0.0,0.0001025199890136,-0.0099535873159766,-0.0101522747427225,-0.0322277285158634,-0.0343136936426162,0.0048543643206357,0.0793650671839714,-0.0193236544728279,-0.0052631529979407,-0.0246305186301469,0.0,0.0048989597707986,0.0160427652299404,-0.0163843426853418,0.010810799896717,0.0015328909503296,-0.0796019732952117,0.0101525243371725,0.0062074647285044,-0.0095959864556789,-0.0273165553808212,0.021213661879301,0.0217412840574979,-0.0412463806569576,-0.0269170850515365,0.0208333767950534,0.0432322733104229,0.0204591117799282,-0.0149253588169813,-0.0200489275157451,-0.0603085346519947,0.0357142500579357,0.0708921030163765,-0.0443349331617355,0.0190816354006528,0.0,-0.0199999809265136,0.0051546338945627,0.0436234846711158,0.0256409998983144,-0.0418000221252441,0.0299999713897705,0.010101000778377,0.0145630929619073,-0.0246305186301469,0.0095693692564964,0.0149999856948852,0.0142181096598506,-0.0231513120234012,0.0233644619584083,0.0236999988555908,-0.0091324113309383,0.0289124548435211,-0.0829493328928947,-0.0281000137329101,-0.005075380206108,-0.0049751196056604,0.0220212955027818,-0.0205155462026596,-0.0017296688165515,-0.0269796233624219,0.0024753042962402,-0.0629166141152381,0.027160407975316,-0.0543697513639926,0.0432693064212799,0.048458207398653,-0.0184331610798835,-0.0087336162105202,0.0657276362180709,0.0177777614444494,-0.0308369752019643,-0.0370624251663684,0.0,0.0159130934625864,0.0226818434894084,0.0,-0.0266234241425991,-0.0750422179698944,-0.0045662056654691,0.0954184755682945,0.0045871515758335,0.0044247745536267,-0.0182648226618766,-0.0131004247814416,0.0279069487005472,-0.004347822163254,-0.0133032174780964,-0.0376569665968418,-0.0002750899584498,0.0204518176615238,-0.0045871515758335,0.0272368136793375,0.0645160675048828,0.0088495491072535,-0.0648051649332046,-0.00440528197214,0.0230060741305351,-0.0130434660241007,-0.0271492954343557,0.0148252081125974,-0.0033954130485653,-0.0146086318418383,0.0174079947173595,-0.0128755243495106,0.0228898227214813,0.0292882956564426,-0.1541353613138198,0.0,-0.1992480990208491,-0.0051546953618526,-0.1578947560016288,-0.0101041442622051,-0.1992480993480903,-0.0316106784751147,-0.2218045577711238,0.021164000397311,-0.2067669798257749,-0.0350000280421725,-0.1616917906602774,-0.1474135576415118,2019-02-20,2019-02-21,2019-02-22,2019-02-25,2019-02-26,2019-02-27,2019-02-28,2019-03-01,2019-03-04,2019-03-05,15203.0,2019-02-19,252.0,37.8238%,0.0009,0.3373,0.3114,-0.2678,4.6740%,4.7007%,1.1364%,0.378974,ARTW,15203.0,2019-02-20,252.0,-15.4135%,0.0001,0.2907,0.1916,-0.4378,4.7678%,4.7953%,1.1432%,-0.154089,ARTW,15203.0,2019-02-21,252.0,-5.3333%,-0.0,0.2967,0.192,-0.4264,4.7784%,4.8058%,1.1360%,-0.053231,ARTW,15203.0,2019-02-22,252.0,5.1643%,0.0001,0.2906,0.2,-0.4918,4.7856%,4.8166%,1.2822%,0.04229,ARTW,15203.0,2019-02-25,252.0,-0.4464%,0.0001,0.2904,0.2024,-0.4915,4.7857%,4.8167%,1.2821%,-0.0053659999999999,ARTW,15203.0,2019-02-26,252.0,-4.4843%,-0.0002,0.2794,0.2755,-0.4627,4.7892%,4.8193%,1.2437%,-0.044805,ARTW,15203.0,2019-02-27,252.0,0.9390%,-0.0001,0.2887,0.2614,-0.4611,4.7877%,4.8182%,1.2598%,0.00796,ARTW,15203.0,2019-02-28,252.0,0.0000%,0.0001,0.2605,0.242,-0.4815,4.7762%,4.8047%,1.1848%,-0.00041,ARTW,15203.0,2019-03-01,252.0,-0.9954%,-0.0001,0.2832,0.2758,-0.4396,4.7695%,4.7987%,1.2119%,-0.014547,ARTW,15203.0,2019-03-04,252.0,-3.2228%,-0.0002,0.2823,0.3038,-0.4451,4.7724%,4.8026%,1.2562%,-0.028028,ARTW,15203.0,2019-03-05,252.0,0.4854%,-0.0002,0.2765,0.2624,-0.4511,4.7705%,4.7992%,1.1940%,0.005118,ARTW,0.2248849999999999,0.1716539999999999,0.2139439999999999,0.1637729999999999,0.1338659999999999
19459,ATRICURE INC,AtriCure Reports The Society of Thoracic Surgeons Endorsed Co.'s Advanced Ablation Courses In US,6,increase,0.7,0.6,"the endorsement from a reputable organization like the society of thoracic surgeons for atricure's advanced ablation courses is likely to enhance the company's credibility and attract more interest from healthcare professionals, potentially leading to increased sales and stock price.",2,2019-02-19,ATRC,2019-02-19 13:14:00+00:00,90856.0,04963C20,-0.0093400897458195,166545.0,0.0060827480629086,0.0075895572081208,-0.0090690152719616,-0.011997646652162,0.0128127513453364,0.0412242263555526,-0.008734967559576,0.0223499611020088,-0.0036462757270783,0.0003193940792698,-0.0054894876666367,0.0109783709049224,-0.0205458477139473,-0.0124362660571932,-0.0366311855614185,0.0019169768784195,-0.048748780041933,0.0100032100453972,0.0204988177865743,0.0078048706054687,-0.0207566395401954,-0.0064620599150657,0.0,0.045961495488882,-0.0085470089688897,0.0006763766868971,0.0124138137325644,-0.0050470936112105,-0.0003406072501093,-0.0434502847492694,0.0020442747045308,-0.0054417438805103,-0.0227813702076673,0.0064432621002197,0.0104384534060955,-0.0060838498175144,-0.0244490690529346,-0.0157579574733972,0.0127073992043733,0.0163356903940439,-0.0170791130512952,0.0133073627948761,0.014184383675456,0.0215517114847898,-0.0209790337830781,0.0182308908551931,0.0132143152877688,-0.0073726312257349,-0.0461755841970443,-0.0122475652024149,0.0121951196342706,0.0019900321494787,-0.0368747822940349,-0.0062623773701488,0.0155421439558267,-0.0152547657489776,0.0216498654335737,-0.01344860997051,0.0306904725730419,0.069520503282547,0.0007089846767485,-0.0347107201814651,0.0070846886374056,-0.0114379208534956,-0.0059796017594635,0.0258129555732011,-0.0127388751134276,0.0272038225084543,-0.0376343801617622,0.0193050596863031,0.0201116949319839,0.0686421617865562,0.0094925239682197,-0.0033644917421042,0.0119348978623747,-0.0230094660073518,-0.0196568705141544,-0.0345557630062103,0.034633569419384,-0.0186850875616073,-0.0405214801430702,-0.0149966096505522,-0.0033051837235689,-0.0044112373143434,0.0058953519910573,-0.0293149296194315,0.0194139443337917,-0.0152448695152998,0.0046711880713701,0.004889165982604,0.0075107654556632,-0.0188679285347461,0.0401135645806789,0.0003199049388058,0.0225255917757749,-0.0285891871899366,0.0020027160644531,-0.0034066461957991,-0.0143237942829728,-0.0221077986061573,0.0165596399456262,-0.0140340756624937,0.0006649088463746,0.008734967559576,0.0212624371051788,-0.0092508979141712,-0.011060512624681,0.0436000525951385,-0.0226973854005336,-0.0061900573782622,0.0006731894682161,0.0046642264351248,-0.0040362910367548,0.0021813553757965,-0.0182371120899915,0.0236044581979513,0.0020639651920646,0.0215053707361221,0.0096121076494455,-0.0474860519170761,0.0060827480629086,0.0075895572081208,-0.003041431744131,-0.0044991462696706,0.0097323504925339,0.0365396062616543,-0.0027372313167918,0.0600446900366891,-0.0915450165300799,0.0793495500209413,-0.1420316873738274,0.1366437628038674,-0.105535315950467,0.030105451657207,2019-02-20,2019-02-21,2019-02-22,2019-02-25,2019-02-26,2019-02-27,2019-02-28,2019-03-01,2019-03-04,2019-03-05,90856.0,2019-02-19,252.0,-0.9340%,0.0023,0.9445,0.7928,-0.6201,2.1131%,2.4961%,28.3343%,-0.0117029999999999,ATRC,90856.0,2019-02-20,252.0,0.6083%,0.0024,0.9473,0.8077,-0.6078,2.1095%,2.4936%,28.4312%,0.005855,ATRC,90856.0,2019-02-21,252.0,-0.9069%,0.0024,0.95,0.8114,-0.6027,2.1102%,2.4944%,28.4338%,-0.006497,ATRC,90856.0,2019-02-22,252.0,1.2813%,0.0023,0.9521,0.789,-0.5979,2.1088%,2.4933%,28.4633%,-0.006785,ATRC,90856.0,2019-02-25,252.0,-0.8735%,0.002,0.9581,0.8006,-0.5698,2.0857%,2.4719%,28.8037%,-0.009288,ATRC,90856.0,2019-02-26,252.0,-0.3646%,0.0021,0.9732,0.7874,-0.5652,2.0799%,2.4709%,29.1483%,0.0010299999999999,ATRC,90856.0,2019-02-27,252.0,-0.5489%,0.0021,0.9692,0.7913,-0.5658,2.0803%,2.4696%,29.0431%,-0.00864,ATRC,90856.0,2019-02-28,252.0,-2.0546%,0.0018,0.9996,0.8114,-0.5388,2.0619%,2.4645%,30.0058%,-0.019214,ATRC,90856.0,2019-03-01,252.0,-3.6631%,0.0018,0.9532,0.7423,-0.5874,2.0524%,2.4349%,28.9473%,-0.048427,ATRC,90856.0,2019-03-04,252.0,-4.8749%,0.0016,0.9601,0.7558,-0.5975,2.0679%,2.4562%,29.1154%,-0.038622,ATRC,90856.0,2019-03-05,252.0,2.0499%,0.0017,0.9531,0.7151,-0.6103,2.0699%,2.4498%,28.6117%,0.0229499999999999,ATRC,-0.0058479999999999,-0.0123449999999999,-0.0191299999999999,-0.027388,-0.119341
19467,BROADCOM INC,Barclays Signs Strategic Portfolio License Agreement With Broadcom,6,increase,0.8,0.6,"the strategic portfolio license agreement with barclays is likely to enhance broadcom's revenue potential and market position, which generally leads to a positive impact on stock prices.",2,2019-02-19,AVGO,2019-02-19 14:02:00+00:00,93002.0,11135F10,-0.0009576455922797,1515175.0,0.0062487032264471,0.0015275051118806,-0.0087503027170896,0.0006398147088475,-0.0158040951937437,0.0069078798405826,0.0075949588790535,0.0133106531575322,-0.0129217728972435,0.0060570812784135,-0.0127636715769767,0.0184696614742279,0.0142546510323882,-0.0257774721831083,-0.009478447958827,0.0229999683797359,0.0078460667282342,-0.0077906628139317,0.0077121574431657,0.0199017934501171,-0.0204324871301651,-0.005368135869503,-0.0215220060199499,-0.0094897244125604,-0.0049715917557477,0.0168969649821519,0.0184336844831705,-0.0048575885593891,0.002118513919413,-0.0011943245772272,0.0058598322793841,0.0166572369635105,-0.0110983345657587,0.0234156530350446,0.0823638886213302,-0.0029812208376824,0.0122291073203086,-0.009700171649456,0.0186155773699283,0.0215016081929206,-0.0188099257647991,0.0144219500944018,0.0198260974138975,-0.0186751671135425,-0.0139824599027633,0.0224020220339298,-0.001674321712926,0.0011972214560955,0.0166689325124025,0.0042080916464328,-0.0035686548799276,0.0131557798013091,0.0104740550741553,0.0432498455047607,0.005483612883836,-0.008025836199522,0.0168934091925621,0.0203661620616912,-0.0089604649692773,0.0098284939303994,0.0037948340177536,-0.0889510810375213,-0.0072321239858865,-0.0030281748622655,0.0075496649369597,0.0027209371328353,0.000657329452224,0.0109228231012821,-0.0033828124869614,0.0109212808310985,0.0133794611319899,0.0613344572484493,0.0061786407604813,-0.0453636050224304,0.0246275011450052,0.0124850319698452,-0.0019872090779244,-0.0082004182040691,0.0066371876746416,-0.0231505539268255,0.0063736224547028,-0.0071223648265004,-0.0059588919393718,-0.0027469173073768,-0.0113614816218614,-0.0134339379146695,0.0020317924208939,0.0130205983296036,-0.0041503864340484,0.0329768247902393,-0.0079851727932691,0.0317241214215755,-0.0045218509621918,0.0467710979282856,0.0074417628347873,0.0058088013902306,0.018163189291954,-0.0206860359758138,0.001570351771079,-0.0414343513548374,-0.0096581578254699,0.0196285061538219,-0.0003483499167487,0.0069132447242736,-0.0131132500246167,0.0023807394318282,-0.0137368766590952,-0.002586611546576,-0.0126915741711854,0.0022098689805716,0.0022083222866058,0.023531986400485,-0.0003289025335106,-0.0004348091315478,-0.0348071679472923,0.0100566213950514,0.0293816719204187,-0.006197347305715,0.0078476658090949,-0.03568871691823,0.0062487032264471,0.0015275051118806,-0.0025562775354631,0.0021682971409666,-0.0183199730756947,0.0090911553176578,-0.0236455424100183,0.028716321506208,-0.016509243877096,0.0566695202072351,0.0857396610282696,0.2206874919531447,0.0904688631365355,0.1991178705998628,2019-02-20,2019-02-21,2019-02-22,2019-02-25,2019-02-26,2019-02-27,2019-02-28,2019-03-01,2019-03-04,2019-03-05,93002.0,2019-02-19,252.0,-0.0958%,0.0005,1.0541,-0.048,-0.1883,1.8913%,2.2212%,27.4933%,-0.002363,AVGO,93002.0,2019-02-20,252.0,0.6249%,0.0006,1.0565,-0.0373,-0.1781,1.8900%,2.2200%,27.5208%,0.0052869999999999,AVGO,93002.0,2019-02-21,252.0,-0.8750%,0.0006,1.0609,-0.0297,-0.1701,1.8896%,2.2208%,27.6000%,-0.005377,AVGO,93002.0,2019-02-22,252.0,-1.5804%,0.0005,1.0647,-0.0362,-0.1311,1.8964%,2.2231%,27.2303%,-0.025137,AVGO,93002.0,2019-02-25,252.0,0.7595%,0.0005,1.0648,-0.0385,-0.1316,1.8966%,2.2235%,27.2361%,0.005568,AVGO,93002.0,2019-02-26,252.0,-1.2922%,0.0004,1.0673,-0.0235,-0.1222,1.8983%,2.2226%,27.0578%,-0.011999,AVGO,93002.0,2019-02-27,252.0,-1.2764%,0.0004,1.0739,-0.0396,-0.1212,1.8978%,2.2241%,27.1899%,-0.013926,AVGO,93002.0,2019-02-28,252.0,1.4255%,0.0005,1.075,-0.0383,-0.1243,1.9000%,2.2255%,27.1127%,0.017189,AVGO,93002.0,2019-03-01,252.0,-0.9478%,0.0004,1.0648,-0.0535,-0.1317,1.9023%,2.2221%,26.7142%,-0.017695,AVGO,93002.0,2019-03-04,252.0,0.7846%,0.0005,1.0632,-0.0598,-0.1285,1.9041%,2.2209%,26.4958%,0.013593,AVGO,93002.0,2019-03-05,252.0,0.7712%,0.0004,1.0565,-0.1061,-0.1364,1.8991%,2.2131%,26.3660%,0.008936,AVGO,0.0029239999999999,-0.002453,-0.02759,-0.0340209999999999,-0.0259239999999999
19475,AMERICAN WATER WORKS CO INC,American Water Works Sees FY19 Adj. EPS $3.54-$3.64 vs $3.58 Est.,6,uncertain,0.6,0.3,"while the adjusted eps guidance is within a close range of the estimate, the slight variation and overall market conditions could lead to mixed reactions from investors.",1,2019-02-19,AWK,2019-02-19 21:58:00+00:00,92614.0,03042010,0.0066292081028223,834315.0,-0.0004052004660479,0.0082262521609663,0.0174335446208715,-0.0019499429035931,0.0059773474931716,-0.0023548246826976,-0.0009903555037453,0.0007172100013121,0.0015860791318118,-0.0014323653886094,0.0,0.0089810583740472,0.0057403189130127,0.0180767327547073,-0.0017713077832013,-0.0026601196732372,0.0026616386603564,0.0029294702690094,-0.0043260492384433,0.0038861753419041,-0.0020736556034535,-0.0048081851564347,0.0058381552807986,0.0205888673663139,0.0086571294814348,0.0070906318724155,0.014629865065217,0.0006450783694162,0.0085552185773849,-0.0026803903747349,0.001810926827602,-0.0144759379327297,-0.0011416872730478,0.0042444984428584,0.0078102648258209,0.0158456526696682,-0.0064266165718436,0.0017276323633268,-0.0074193743057549,0.0005402231472544,0.0032583035062998,0.0083886766806244,0.0146145643666386,0.0040472843684256,0.0052720536477863,0.0109476707875728,-0.0008428201545029,-0.0023168479092419,0.0047801528126001,-0.0013221985427662,-0.0124066630378365,0.0198899246752262,-0.0146406255662441,-0.0127579495310783,-0.0005751299904659,0.0146330827847123,-0.003932511433959,-0.0105802938342094,-0.0013480923371389,0.0075179324485361,0.0030855240765959,0.0039428425952792,-0.0016341264126822,-0.0220337118953466,0.0102060232311487,0.0083314822986722,-0.0074342242442071,0.0068224244751036,0.0041290600784122,0.0099401883780956,-0.0051640137098729,0.025721251964569,0.0027876661624759,-0.0535146929323673,-0.0015337043441832,-0.0179840419441461,-0.0019201667746528,0.0029161279089748,-0.0148133989423513,-0.0009711260790936,-0.0013669145992025,-0.0096174553036689,0.023660521954298,-0.0366481132805347,0.0021967848297208,-0.0053246389143168,-0.0012388949980959,0.005560141056776,0.0099235996603965,0.0066334926523268,0.0065192976035177,-0.0100553631782531,0.0032854452729225,-0.0034765230957418,-0.0043038837611675,0.0049322168342769,0.0166322533041238,0.0160785224288702,-0.0100749051198363,0.0008359648054465,-0.0039215516299009,0.0030394431669265,0.0065616513602435,0.0316825285553932,-0.0015831455821171,-0.0015115459682419,-0.00121254788246,0.005536881275475,-0.0113933617249131,-0.0015176085289567,0.0039674867875874,0.0016286810860037,0.0234286598861217,0.0060075959190726,0.0223515834659338,-0.0158029850572347,-0.007679158821702,-0.0050272890366613,0.0038237965200096,0.0025737036485224,-0.0004052004660479,0.0082262521609663,0.0170212800744182,0.0062602685353487,0.0231003696733733,0.0038907020177838,0.0237082476696244,0.0031717328702511,0.0260384979404462,0.0347534033092093,0.0507599006142891,0.1054630556648945,0.1222816175634793,0.0565026316307084,2019-02-20,2019-02-21,2019-02-22,2019-02-25,2019-02-26,2019-02-27,2019-02-28,2019-03-01,2019-03-04,2019-03-05,92614.0,2019-02-19,252.0,0.6629%,0.0009,0.2607,-0.3148,-0.0631,1.0531%,1.1017%,8.6309%,0.0071909999999999,AWK,92614.0,2019-02-20,252.0,-0.0405%,0.0009,0.2596,-0.3218,-0.0685,1.0512%,1.1003%,8.7321%,3.9e-05,AWK,92614.0,2019-02-21,252.0,1.7434%,0.001,0.2525,-0.3325,-0.0817,1.0552%,1.1037%,8.6027%,0.017911,AWK,92614.0,2019-02-22,252.0,0.5977%,0.001,0.2514,-0.3186,-0.0817,1.0537%,1.1008%,8.3806%,0.0048649999999999,AWK,92614.0,2019-02-25,252.0,-0.0990%,0.001,0.2511,-0.3172,-0.0821,1.0537%,1.1008%,8.3598%,-0.002443,AWK,92614.0,2019-02-26,252.0,0.1586%,0.0009,0.2407,-0.3051,-0.0838,1.0477%,1.0912%,7.8111%,-0.000413,AWK,92614.0,2019-02-27,252.0,0.0000%,0.0009,0.2421,-0.3078,-0.0835,1.0475%,1.0912%,7.8433%,0.0001629999999999,AWK,92614.0,2019-02-28,252.0,0.5740%,0.001,0.2362,-0.3117,-0.0891,1.0465%,1.0892%,7.6841%,0.0062429999999999,AWK,92614.0,2019-03-01,252.0,-0.1771%,0.001,0.2307,-0.3198,-0.0956,1.0457%,1.0880%,7.6206%,-0.003014,AWK,92614.0,2019-03-04,252.0,0.2662%,0.001,0.2315,-0.3242,-0.0955,1.0457%,1.0878%,7.5898%,0.002865,AWK,92614.0,2019-03-05,252.0,-0.4326%,0.001,0.2332,-0.3154,-0.092,1.0463%,1.0880%,7.5150%,-0.0052569999999999,AWK,0.0072299999999999,0.025141,0.0300059999999999,0.0271499999999999,0.02815
19483,AMERICAN WATER WORKS CO INC,"American Water Works Q4 Adj. EPS $0.69, Inline, Sales $850M Miss $862.81M Estimate",6,decrease,0.7,0.6,"the miss on sales estimates typically signals weaker performance, which can lead to a decrease in stock price.",0,2019-02-19,AWK,2019-02-19 21:56:00+00:00,92614.0,03042010,0.0066292081028223,834315.0,-0.0004052004660479,0.0082262521609663,0.0174335446208715,-0.0019499429035931,0.0059773474931716,-0.0023548246826976,-0.0009903555037453,0.0007172100013121,0.0015860791318118,-0.0014323653886094,0.0,0.0089810583740472,0.0057403189130127,0.0180767327547073,-0.0017713077832013,-0.0026601196732372,0.0026616386603564,0.0029294702690094,-0.0043260492384433,0.0038861753419041,-0.0020736556034535,-0.0048081851564347,0.0058381552807986,0.0205888673663139,0.0086571294814348,0.0070906318724155,0.014629865065217,0.0006450783694162,0.0085552185773849,-0.0026803903747349,0.001810926827602,-0.0144759379327297,-0.0011416872730478,0.0042444984428584,0.0078102648258209,0.0158456526696682,-0.0064266165718436,0.0017276323633268,-0.0074193743057549,0.0005402231472544,0.0032583035062998,0.0083886766806244,0.0146145643666386,0.0040472843684256,0.0052720536477863,0.0109476707875728,-0.0008428201545029,-0.0023168479092419,0.0047801528126001,-0.0013221985427662,-0.0124066630378365,0.0198899246752262,-0.0146406255662441,-0.0127579495310783,-0.0005751299904659,0.0146330827847123,-0.003932511433959,-0.0105802938342094,-0.0013480923371389,0.0075179324485361,0.0030855240765959,0.0039428425952792,-0.0016341264126822,-0.0220337118953466,0.0102060232311487,0.0083314822986722,-0.0074342242442071,0.0068224244751036,0.0041290600784122,0.0099401883780956,-0.0051640137098729,0.025721251964569,0.0027876661624759,-0.0535146929323673,-0.0015337043441832,-0.0179840419441461,-0.0019201667746528,0.0029161279089748,-0.0148133989423513,-0.0009711260790936,-0.0013669145992025,-0.0096174553036689,0.023660521954298,-0.0366481132805347,0.0021967848297208,-0.0053246389143168,-0.0012388949980959,0.005560141056776,0.0099235996603965,0.0066334926523268,0.0065192976035177,-0.0100553631782531,0.0032854452729225,-0.0034765230957418,-0.0043038837611675,0.0049322168342769,0.0166322533041238,0.0160785224288702,-0.0100749051198363,0.0008359648054465,-0.0039215516299009,0.0030394431669265,0.0065616513602435,0.0316825285553932,-0.0015831455821171,-0.0015115459682419,-0.00121254788246,0.005536881275475,-0.0113933617249131,-0.0015176085289567,0.0039674867875874,0.0016286810860037,0.0234286598861217,0.0060075959190726,0.0223515834659338,-0.0158029850572347,-0.007679158821702,-0.0050272890366613,0.0038237965200096,0.0025737036485224,-0.0004052004660479,0.0082262521609663,0.0170212800744182,0.0062602685353487,0.0231003696733733,0.0038907020177838,0.0237082476696244,0.0031717328702511,0.0260384979404462,0.0347534033092093,0.0507599006142891,0.1054630556648945,0.1222816175634793,0.0565026316307084,2019-02-20,2019-02-21,2019-02-22,2019-02-25,2019-02-26,2019-02-27,2019-02-28,2019-03-01,2019-03-04,2019-03-05,92614.0,2019-02-19,252.0,0.6629%,0.0009,0.2607,-0.3148,-0.0631,1.0531%,1.1017%,8.6309%,0.0071909999999999,AWK,92614.0,2019-02-20,252.0,-0.0405%,0.0009,0.2596,-0.3218,-0.0685,1.0512%,1.1003%,8.7321%,3.9e-05,AWK,92614.0,2019-02-21,252.0,1.7434%,0.001,0.2525,-0.3325,-0.0817,1.0552%,1.1037%,8.6027%,0.017911,AWK,92614.0,2019-02-22,252.0,0.5977%,0.001,0.2514,-0.3186,-0.0817,1.0537%,1.1008%,8.3806%,0.0048649999999999,AWK,92614.0,2019-02-25,252.0,-0.0990%,0.001,0.2511,-0.3172,-0.0821,1.0537%,1.1008%,8.3598%,-0.002443,AWK,92614.0,2019-02-26,252.0,0.1586%,0.0009,0.2407,-0.3051,-0.0838,1.0477%,1.0912%,7.8111%,-0.000413,AWK,92614.0,2019-02-27,252.0,0.0000%,0.0009,0.2421,-0.3078,-0.0835,1.0475%,1.0912%,7.8433%,0.0001629999999999,AWK,92614.0,2019-02-28,252.0,0.5740%,0.001,0.2362,-0.3117,-0.0891,1.0465%,1.0892%,7.6841%,0.0062429999999999,AWK,92614.0,2019-03-01,252.0,-0.1771%,0.001,0.2307,-0.3198,-0.0956,1.0457%,1.0880%,7.6206%,-0.003014,AWK,92614.0,2019-03-04,252.0,0.2662%,0.001,0.2315,-0.3242,-0.0955,1.0457%,1.0878%,7.5898%,0.002865,AWK,92614.0,2019-03-05,252.0,-0.4326%,0.001,0.2332,-0.3154,-0.092,1.0463%,1.0880%,7.5150%,-0.0052569999999999,AWK,0.0072299999999999,0.025141,0.0300059999999999,0.0271499999999999,0.02815
19491,ACCELERATE DIAGNOSTICS INC,"Accelerate Diagnostics, Inc. - Common Stock Q4 EPS $(0.41), Inline, Sales $1.8M Miss $2.53M Estimate",6,decrease,0.8,0.7,"the company reported a larger-than-expected loss and significantly missed sales estimates, which typically leads to a decline in stock price.",0,2019-02-19,AXDX,2019-02-19 21:03:00+00:00,84184.0,00430H10,-0.0161698628216981,409063.0,0.1052902489900589,0.0334204323589801,0.0009293892653658,-0.0128865977749228,0.0120704881846904,0.0324640050530433,-0.046788927167654,-0.0349254459142684,0.007699703797698,0.0252764374017715,0.0090734772384166,0.0127999875694513,0.0118315191939473,0.0223554987460374,0.0360149890184402,-0.0352446101605892,-0.0275394450873136,0.0410733856260776,-0.0088208233937621,-0.0076086628250777,-0.0360655933618545,0.0104338573291897,0.0116617968305945,-0.0060044000856578,-0.0216137785464525,0.0522688031196594,-0.0029455753974616,-0.1329681277275085,-0.0177251957356929,0.0607501119375228,0.0265663545578718,0.0910662785172462,-0.0209961086511611,0.0477053709328174,-0.0114712994545698,-0.0172107368707656,0.0095863034948706,0.0053699375130236,-0.0064968047663569,0.028220921754837,0.004527170676738,0.0193870831280946,0.0285428948700428,0.0056603872217237,-0.0316456407308578,0.0481212623417377,0.0216189194470644,0.009314727038145,0.0211614333093166,-0.0408423952758312,-0.0028915405273437,0.0411960035562515,0.0144997211173176,0.0408022217452526,0.0014292848063632,-0.0109439017251133,-0.0237868689000606,0.1220261082053185,-0.0112085547298193,0.1079931557178497,-0.0044356901198625,-0.0109335668385028,-0.0143564799800515,0.0339130721986293,-0.0617779791355133,-0.0237690787762403,-0.0042826510034501,0.0718835294246673,-0.0435483567416667,0.0082568954676389,0.0118043320253491,0.0371074564754962,0.0150000257417559,0.0086372504010796,0.0207990780472755,-0.0215962026268243,0.0058981562033295,-0.0465533100068569,0.0127931647002697,-0.0362381413578987,-0.0342105068266391,-0.0561888925731182,-0.0136239780113101,-0.0473235510289669,0.0082872714847326,-0.0130168506875634,0.0005479577230289,-0.071123756468296,0.0010953153250738,0.0270270891487598,0.0300874840468168,-0.0379479974508285,0.0116834472864866,0.0056537049822509,0.0293963979929685,-0.0509725175797939,-0.0056094140745699,0.0404745228588581,0.0,-0.0453031510114669,0.0128205129876732,0.0162491369992494,0.0106328651309013,0.058022953569889,-0.0055109574459493,-0.0042796302586793,0.0020150633063167,0.0768049135804176,0.0055304481647908,-0.0128884855657815,-0.0114999767392873,-0.0229629948735237,0.0435001850128173,0.009723269380629,-0.0838584378361702,0.0356312952935695,-0.0052910256199538,-0.0263952016830444,0.0212766770273447,-0.0810810849070549,0.1052902489900589,0.0334204323589801,0.1063174938825839,0.020103158914783,0.11967128612101,0.0532197930204181,0.0755008313538239,0.042127493478475,0.0965588598678903,0.0755435506291968,0.0421161563633991,0.6828231906534252,-0.0138674185734487,0.3714484054742177,2019-02-20,2019-02-21,2019-02-22,2019-02-25,2019-02-26,2019-02-27,2019-02-28,2019-03-01,2019-03-04,2019-03-05,84184.0,2019-02-19,252.0,-1.6170%,-0.0009,1.1047,1.9741,-0.1584,3.0221%,3.4459%,23.0850%,-0.02358,AXDX,84184.0,2019-02-20,252.0,10.5290%,-0.0005,1.1322,2.0337,-0.0607,3.0872%,3.5090%,22.5951%,0.09962,AXDX,84184.0,2019-02-21,252.0,0.0929%,-0.0005,1.1273,2.0252,-0.0698,3.0869%,3.5057%,22.4651%,0.006303,AXDX,84184.0,2019-02-22,252.0,1.2070%,-0.0005,1.1286,2.0159,-0.0625,3.0870%,3.5051%,22.4299%,-0.007522,AXDX,84184.0,2019-02-25,252.0,-4.6789%,-0.0008,1.1334,2.0418,-0.0312,3.0888%,3.5083%,22.4832%,-0.043453,AXDX,84184.0,2019-02-26,252.0,0.7700%,-0.0007,1.1388,2.0044,-0.0462,3.0904%,3.5083%,22.4063%,0.0223769999999999,AXDX,84184.0,2019-02-27,252.0,0.9073%,-0.0008,1.1268,2.0271,-0.0482,3.0857%,3.5039%,22.4458%,0.004085,AXDX,84184.0,2019-02-28,252.0,1.1832%,-0.0008,1.1316,2.0309,-0.0483,3.0858%,3.5047%,22.4738%,0.014699,AXDX,84184.0,2019-03-01,252.0,3.6015%,-0.0007,1.1473,2.0543,-0.0344,3.0870%,3.5120%,22.7405%,0.021694,AXDX,84184.0,2019-03-04,252.0,-2.7539%,-0.0006,1.1271,2.1327,-0.0318,3.0739%,3.5073%,23.1878%,-0.013312,AXDX,84184.0,2019-03-05,252.0,-0.8821%,-0.0005,1.1344,2.1899,-0.0266,3.0669%,3.5077%,23.5563%,-0.00046,AXDX,0.07604,0.082343,0.074821,0.053745,0.080451
19499,B H P GROUP LTD,Hearing Goldman Sachs Downgraded BHP Group From Buy To Neutral,6,decrease,0.8,0.6,"a downgrade from a reputable firm like goldman sachs typically signals reduced confidence in the stock's future performance, likely leading to a decrease in its price.",0,2019-02-19,BHP,2019-02-19 19:47:00+00:00,75039.0,08860610,0.0083396974951028,2375748.0,0.0182330328971147,0.0152010209858417,-0.0143990917131304,0.0060008009895682,0.0170443877577781,0.0079999966546893,-0.0025782575830817,0.006876197643578,0.0059084137901663,0.0039447881281375,-0.0036710859276354,0.0045571536757051,-0.0254236795008182,-0.0105861034244298,-0.007372461259365,-0.0027371104806661,0.005332367029041,0.0005869052256457,0.0018942692549899,0.000587175192777,0.0064284391701221,-0.0019534768071025,-0.0045087379403412,0.0090675950050354,-0.0046251276507973,0.0329871512949466,0.0092933112755417,0.0186683572828769,0.0028773779049515,0.0,0.0101377693936228,0.0341055393218994,-0.011550853960216,0.0019342392915859,-0.0015326021239161,0.0034505035728216,0.0172678735107183,-0.0347627401351928,-0.0033949511125683,0.0039707929827272,0.010408766567707,0.0107730953022837,0.0056190155446529,-0.0039974465034902,-0.0268206112086772,0.0082732159644365,0.008803809992969,-0.00127121550031,0.0149876857176423,-0.0071518751792609,0.0067289834842085,-0.0004031773714814,0.0027849555481225,0.0054732747375965,0.012219957076013,-0.0030314817558974,0.0243278183043003,0.0052823713049292,0.0019642966799438,0.0610045678913593,0.0033861810807138,-0.0307146087288856,-0.0021314197219908,-0.0089045409113168,0.0026700163725763,0.0077212597243487,0.0142020098865032,-0.0006257058121263,-0.0108524896204471,-0.0072463452816009,0.008671062067151,0.0447761118412017,-0.0114035354927182,-0.0184713155031204,0.0085182497277855,0.0070557626895606,-0.0142530594021081,-0.0078489379957318,-0.0116030257195234,-0.0059046559035778,-0.0045150802470743,0.0091508077457547,-0.0030841468833386,0.0179809760302305,0.0032757106237113,-0.0320821739733219,-0.0081625385209918,0.0231709498912096,-0.0252377670258283,0.0152472397312521,0.000938071985729,0.0224943943321704,-0.0013120842631906,0.0071780998259782,0.0011261518811807,-0.0064630513079464,-0.0073115746490657,-0.022013995796442,-0.0194523613899946,-0.0133333103731274,-0.0038520214147865,0.0482416450977325,0.0210750214755535,-0.0137838805094361,-0.0172315817326307,-0.0122969113290309,-0.0001927193807205,0.0317172966897487,-0.0021198806352913,-0.0076438882388174,-0.0063730790279805,-0.0064775724895298,0.0081632295623421,-0.039888497442007,-0.0235202889889478,0.0136956749483943,0.0118459714576602,-0.0330039896070957,0.0033170373644679,-0.0046034990809857,0.0182330328971147,0.0152010209858417,0.0035714020710901,0.0212930402771842,0.0206766621906069,0.0294633811828592,0.0240601265238413,0.0406311141243951,-0.0058270949202062,0.0326873774779832,0.0770574848137966,0.1861176019154844,-0.0129692862544485,0.1513704424870297,2019-02-20,2019-02-21,2019-02-22,2019-02-25,2019-02-26,2019-02-27,2019-02-28,2019-03-01,2019-03-04,2019-03-05,75039.0,2019-02-19,252.0,0.8340%,0.0007,1.0637,-0.046,0.3617,1.4112%,1.7621%,35.8597%,0.005289,BHP,75039.0,2019-02-20,252.0,1.8233%,0.0009,1.0699,-0.0209,0.3868,1.4040%,1.7582%,36.2301%,0.014224,BHP,75039.0,2019-02-21,252.0,-1.4399%,0.001,1.0588,-0.0458,0.3665,1.3855%,1.7379%,36.4435%,-0.009666,BHP,75039.0,2019-02-22,252.0,1.7044%,0.001,1.0567,-0.0443,0.3432,1.3885%,1.7407%,36.3738%,0.015702,BHP,75039.0,2019-02-25,252.0,-0.2578%,0.0009,1.0596,-0.0391,0.3567,1.3801%,1.7347%,36.7033%,-0.003761,BHP,75039.0,2019-02-26,252.0,0.5908%,0.001,1.0594,-0.0493,0.3513,1.3808%,1.7328%,36.4986%,0.008431,BHP,75039.0,2019-02-27,252.0,-0.3671%,0.0009,1.0599,-0.0516,0.3514,1.3812%,1.7318%,36.3883%,-0.004209,BHP,75039.0,2019-02-28,252.0,-2.5424%,0.0009,1.0592,-0.0529,0.3561,1.3869%,1.7338%,36.0073%,-0.021349,BHP,75039.0,2019-03-01,252.0,-0.7372%,0.0009,1.0467,-0.0714,0.3435,1.3865%,1.7256%,35.4415%,-0.013511,BHP,75039.0,2019-03-04,252.0,0.5332%,0.001,1.0436,-0.0684,0.346,1.3871%,1.7221%,35.1220%,0.00906,BHP,75039.0,2019-03-05,252.0,0.1894%,0.001,1.0459,-0.049,0.3464,1.3851%,1.7215%,35.2640%,0.004197,BHP,0.019513,0.009847,0.025549,0.030219,0.004407
19507,BIOCEPT INC,Biocept 13G Filing From Anson Funds Mgmt. Shows New 9.9% Stake,6,increase,0.7,0.6,"the filing of a 13g by anson funds management indicating a new 9.9% stake suggests institutional interest, which often positively influences stock prices.",2,2019-02-19,BIOC,2019-02-19 22:15:00+00:00,14449.0,09072V60,0.0,1242408.0,0.0099009806290268,0.0099999904632568,-0.01960782520473,-0.0384615026414394,0.0,-0.009523800574243,0.0099999904632568,-0.0232559014111757,0.0297029428184032,0.0046728923916816,0.0384616181254386,-0.4729063808917999,-0.0462963618338108,0.0797872245311737,0.0194174572825431,0.0107526779174804,-0.009523800574243,-0.0261779855936765,-0.0192307513207197,-0.0402010269463062,0.009803912602365,0.0101522747427225,-0.0097087286412715,0.0479281097650528,0.0,-5.320031777955592e-05,0.1862745732069016,-0.1090046986937523,-0.0247934628278017,0.0876287817955017,0.01694923825562,-0.0490195602178573,0.3166666626930237,0.0625000074505806,-0.2594937086105347,-0.0153846610337495,-0.0769230052828788,-0.1484715789556503,0.0370370000600814,-0.2442244291305542,-0.0267856884747743,0.2948718369007111,-0.0366973206400871,0.4011975824832916,-0.009523800574243,-0.2409091293811798,-0.0096153756603598,1.4043716192245483,0.1941748112440109,-0.0045691705308854,-0.0731707587838172,-0.000869579904247,0.0350876860320568,0.0056843338534235,-0.0254237055778503,0.0698164105415344,0.0,-0.1050759106874466,-0.0347825773060321,0.0082304347306489,-0.0180179998278617,-0.0329591780900955,-0.0183486063033342,0.139402449131012,-0.0046728923916816,0.048774491995573,0.0140844928100705,0.0354798138141632,-0.0370371118187904,0.0153846470639109,0.0288462415337562,-0.0901668220758438,-0.0186916813254356,0.071491003036499,0.0,-0.0429425798356533,-0.0190476011484861,0.0450000166893005,-0.0145630929619073,-0.2982456088066101,0.0049261036328971,0.6627771258354187,0.0,-0.1611403822898865,-0.03921565040946,0.0614286251366138,-0.0306122750043869,-0.0851847901940345,0.0315789803862571,0.0044152960181236,-0.0419388003647327,-0.1178947240114212,0.0080945892259478,-0.0776698887348175,-0.0147913349792361,-0.0803571715950965,-0.0241286624222993,-0.0175438430160284,0.0329670011997222,0.0654204934835434,-0.0425532162189483,0.0094340657815337,0.0110000371932983,-0.0535714849829673,0.0113199036568403,-0.0260869320482015,-0.0306454803794622,-0.1417910903692245,0.0235425643622875,-0.1518987417221069,0.0581599026918411,0.0193548984825611,-0.0562053136527538,0.0,-0.0554946810007095,0.0,-0.0130050526931881,-0.037267118692398,-0.0211764778941869,0.0454545803368091,0.0099009806290268,0.0099999904632568,-0.0099009812732324,-0.0288461268377995,-0.0099009812732324,-0.0380952026527,0.0297029422744268,-0.0560748206082308,0.0099009799825826,-0.4924623267811356,0.0990099547709435,0.065738067408098,-0.1762375787257444,-0.3441558754774575,2019-02-20,2019-02-21,2019-02-22,2019-02-25,2019-02-26,2019-02-27,2019-02-28,2019-03-01,2019-03-04,2019-03-05,14449.0,2019-02-19,252.0,0.0000%,-0.0009,-0.8034,0.7376,0.7102,14.5490%,14.5909%,0.5736%,-0.002745,BIOC,14449.0,2019-02-20,252.0,0.9901%,-0.0007,-0.7986,0.7624,0.7311,14.5477%,14.5900%,0.5795%,0.0057989999999999,BIOC,14449.0,2019-02-21,252.0,-1.9608%,-0.0008,-0.7982,0.7589,0.7321,14.5481%,14.5904%,0.5790%,-0.020447,BIOC,14449.0,2019-02-22,252.0,0.0000%,-0.0005,-0.8024,0.8253,0.742,14.5452%,14.5886%,0.5945%,0.0116759999999999,BIOC,14449.0,2019-02-25,252.0,1.0000%,-0.0003,-0.8067,0.8136,0.72,14.5437%,14.5868%,0.5894%,0.0145849999999999,BIOC,14449.0,2019-02-26,252.0,2.9703%,-0.0004,-0.8439,0.7992,0.6849,14.5422%,14.5866%,0.6076%,0.035895,BIOC,14449.0,2019-02-27,252.0,3.8462%,-0.0002,-0.842,0.8073,0.6853,14.5442%,14.5883%,0.6032%,0.038424,BIOC,14449.0,2019-02-28,252.0,-4.6296%,-0.0005,-0.8239,0.8181,0.7095,14.5469%,14.5903%,0.5935%,-0.047455,BIOC,14449.0,2019-03-01,252.0,1.9417%,-0.0012,-0.6837,1.0267,0.9142,14.4801%,14.5219%,0.5745%,0.0257249999999999,BIOC,14449.0,2019-03-04,252.0,-0.9524%,-0.0008,-0.7337,1.203,0.9248,14.4635%,14.5107%,0.6495%,-0.0126279999999999,BIOC,14449.0,2019-03-05,252.0,-1.9231%,-0.0008,-0.7237,1.2721,0.9371,14.4621%,14.5100%,0.6585%,-0.014619,BIOC,0.0030539999999999,-0.017393,-0.005717,0.044763,0.03421
19515,BRIDGELINE DIGITAL INC,"Bridgeline Digital Enters Asset Purchase Agreement With Stantive Technologies Group, Owner Of OrchestraCMS",6,increase,0.7,0.6,"the asset purchase agreement with stantive technologies group could enhance bridgeline digital's product offerings and market position, potentially leading to a positive reaction in the stock price.",2,2019-02-19,BLIN,2019-02-19 15:00:00+00:00,92091.0,10807Q70,0.0416666902601718,273495.0,-0.019599974155426,-0.0588235333561897,0.0159118380397558,0.0764035210013389,-0.0682731121778488,-0.028301877900958,-0.0094827264547348,0.0405462943017482,-0.0156658012419939,-0.0134736616164445,0.0167993139475584,0.0106382872909307,-0.0097609078511595,-0.0600000023841857,0.0318105183541774,-0.0380915887653827,-0.0221276544034481,-0.037050724029541,-0.0043516186997294,0.0052141300402581,-0.0205419808626174,0.0209125038236379,0.066644363105297,-0.0244806837290525,0.2341288626194,0.0369231291115284,-0.0813558995723724,0.0404161363840103,-0.0793357640504837,-0.0004000067710876,-0.0941884145140647,0.0309278052300214,-0.0207964163273572,-0.0571539476513862,-0.0736557021737098,0.0279776155948638,0.029268279671669,-0.0558489933609962,0.0190995465964078,0.0034078015014529,0.0035809078253805,0.0208734907209873,-0.0264133773744106,0.0066148401238024,-0.0050832750275731,-0.055147111415863,-0.0121130030602216,-0.0285713803023099,-0.030024217441678,-0.0427350029349327,-0.0514228455722332,0.0914178416132927,-0.0284210629761219,0.0307692941278219,-0.1332610994577408,-0.0370371118187904,0.038124993443489,0.0931174829602241,0.0030102857854217,0.0291666649281978,0.071008414030075,-0.0045624375343322,-0.0304321739822626,0.0437229089438915,0.082687921822071,-0.2012448161840439,-0.0277889296412468,0.041036769747734,0.0678473338484764,-0.0420689582824707,0.0280013550072908,0.0,0.1955977529287338,0.0541621185839176,-0.2092050164937973,0.1274589747190475,0.0052910163067281,-0.0538968481123447,0.0789473727345466,-0.1103829070925713,-0.0341463387012481,0.0721154510974884,-0.0398989878594875,-0.0739726349711418,-0.0110468473285436,-0.0266667194664478,-0.074468083679676,-0.0066224317997694,-0.0149425249546766,0.0378006100654602,0.0040839961729943,-0.0618955418467521,-0.0615920163691043,-0.1162393242120743,0.1021671518683434,0.0477612018585205,-0.0898876562714576,-0.0337467677891254,-0.1358024626970291,-0.0122507065534591,-0.1257151365280151,0.0028571912553161,-0.1323529332876205,0.0416666641831398,0.1638417840003967,-0.03999999538064,0.1650485396385193,-0.0266963653266429,-0.0819443985819816,0.069919653236866,-0.1225415915250778,-0.0123419975861907,0.0293102748692035,0.0002939059049822,-0.0452261306345462,-0.0550000183284282,-0.0157894175499677,0.0256410334259271,-0.0249554980546236,-0.0435967370867729,-0.019599974155426,-0.0588235333561897,-0.0040000077300147,0.0130856625789965,-0.0720000269313999,-0.0155865641465253,-0.0952000013773747,0.0105263072134573,-0.0848000027430493,-0.1061452718110342,-0.3335999796395228,4.9509891741905684e-09,-0.5624004365791726,-0.3460490819816521,2019-02-20,2019-02-21,2019-02-22,2019-02-25,2019-02-26,2019-02-27,2019-02-28,2019-03-01,2019-03-04,2019-03-05,92091.0,2019-02-19,252.0,4.1667%,-0.0056,0.4032,0.2231,0.0382,8.0884%,8.1003%,0.2924%,0.0400129999999999,BLIN,92091.0,2019-02-20,252.0,-1.9600%,-0.0055,0.4026,0.2392,0.0408,8.0851%,8.0970%,0.2946%,-0.021167,BLIN,92091.0,2019-02-21,252.0,1.5912%,-0.0054,0.3971,0.2332,0.0306,8.0864%,8.0981%,0.2888%,0.017563,BLIN,92091.0,2019-02-22,252.0,-6.8273%,-0.0056,0.4065,0.2249,0.1351,8.0969%,8.1078%,0.2681%,-0.071787,BLIN,92091.0,2019-02-25,252.0,-0.9483%,-0.0056,0.4042,0.2245,0.1264,8.0960%,8.1068%,0.2673%,-0.009364,BLIN,92091.0,2019-02-26,252.0,-1.5666%,-0.0057,0.396,0.2431,0.1297,8.0955%,8.1060%,0.2586%,-0.013265,BLIN,92091.0,2019-02-27,252.0,1.6799%,-0.0056,0.4003,0.2419,0.1305,8.0964%,8.1071%,0.2629%,0.016037,BLIN,92091.0,2019-02-28,252.0,-0.9761%,-0.0057,0.4127,0.2503,0.1402,8.0953%,8.1065%,0.2766%,-0.008342,BLIN,92091.0,2019-03-01,252.0,3.1811%,-0.0054,0.3986,0.2294,0.1025,8.0951%,8.1057%,0.2625%,0.028584,BLIN,92091.0,2019-03-04,252.0,-2.2128%,-0.0055,0.404,0.2242,0.0982,8.0954%,8.1063%,0.2696%,-0.019627,BLIN,92091.0,2019-03-05,252.0,-0.4352%,-0.0056,0.3949,0.1545,0.0907,8.0917%,8.1017%,0.2470%,-0.0028239999999999,BLIN,0.0188459999999999,0.036409,-0.035378,-0.058007,-0.044179
19523,BRIDGELINE DIGITAL INC,UPDATE: Stantive Agreed To Sell Potential Buyer Substantially All Assets Of Co. For C$5.72M,6,decrease,0.7,0.6,"the sale of substantially all assets for a relatively low amount may signal financial distress, leading to a decrease in investor confidence and stock price.",0,2019-02-19,BLIN,2019-02-19 13:47:00+00:00,92091.0,10807Q70,0.0416666902601718,273495.0,-0.019599974155426,-0.0588235333561897,0.0159118380397558,0.0764035210013389,-0.0682731121778488,-0.028301877900958,-0.0094827264547348,0.0405462943017482,-0.0156658012419939,-0.0134736616164445,0.0167993139475584,0.0106382872909307,-0.0097609078511595,-0.0600000023841857,0.0318105183541774,-0.0380915887653827,-0.0221276544034481,-0.037050724029541,-0.0043516186997294,0.0052141300402581,-0.0205419808626174,0.0209125038236379,0.066644363105297,-0.0244806837290525,0.2341288626194,0.0369231291115284,-0.0813558995723724,0.0404161363840103,-0.0793357640504837,-0.0004000067710876,-0.0941884145140647,0.0309278052300214,-0.0207964163273572,-0.0571539476513862,-0.0736557021737098,0.0279776155948638,0.029268279671669,-0.0558489933609962,0.0190995465964078,0.0034078015014529,0.0035809078253805,0.0208734907209873,-0.0264133773744106,0.0066148401238024,-0.0050832750275731,-0.055147111415863,-0.0121130030602216,-0.0285713803023099,-0.030024217441678,-0.0427350029349327,-0.0514228455722332,0.0914178416132927,-0.0284210629761219,0.0307692941278219,-0.1332610994577408,-0.0370371118187904,0.038124993443489,0.0931174829602241,0.0030102857854217,0.0291666649281978,0.071008414030075,-0.0045624375343322,-0.0304321739822626,0.0437229089438915,0.082687921822071,-0.2012448161840439,-0.0277889296412468,0.041036769747734,0.0678473338484764,-0.0420689582824707,0.0280013550072908,0.0,0.1955977529287338,0.0541621185839176,-0.2092050164937973,0.1274589747190475,0.0052910163067281,-0.0538968481123447,0.0789473727345466,-0.1103829070925713,-0.0341463387012481,0.0721154510974884,-0.0398989878594875,-0.0739726349711418,-0.0110468473285436,-0.0266667194664478,-0.074468083679676,-0.0066224317997694,-0.0149425249546766,0.0378006100654602,0.0040839961729943,-0.0618955418467521,-0.0615920163691043,-0.1162393242120743,0.1021671518683434,0.0477612018585205,-0.0898876562714576,-0.0337467677891254,-0.1358024626970291,-0.0122507065534591,-0.1257151365280151,0.0028571912553161,-0.1323529332876205,0.0416666641831398,0.1638417840003967,-0.03999999538064,0.1650485396385193,-0.0266963653266429,-0.0819443985819816,0.069919653236866,-0.1225415915250778,-0.0123419975861907,0.0293102748692035,0.0002939059049822,-0.0452261306345462,-0.0550000183284282,-0.0157894175499677,0.0256410334259271,-0.0249554980546236,-0.0435967370867729,-0.019599974155426,-0.0588235333561897,-0.0040000077300147,0.0130856625789965,-0.0720000269313999,-0.0155865641465253,-0.0952000013773747,0.0105263072134573,-0.0848000027430493,-0.1061452718110342,-0.3335999796395228,4.9509891741905684e-09,-0.5624004365791726,-0.3460490819816521,2019-02-20,2019-02-21,2019-02-22,2019-02-25,2019-02-26,2019-02-27,2019-02-28,2019-03-01,2019-03-04,2019-03-05,92091.0,2019-02-19,252.0,4.1667%,-0.0056,0.4032,0.2231,0.0382,8.0884%,8.1003%,0.2924%,0.0400129999999999,BLIN,92091.0,2019-02-20,252.0,-1.9600%,-0.0055,0.4026,0.2392,0.0408,8.0851%,8.0970%,0.2946%,-0.021167,BLIN,92091.0,2019-02-21,252.0,1.5912%,-0.0054,0.3971,0.2332,0.0306,8.0864%,8.0981%,0.2888%,0.017563,BLIN,92091.0,2019-02-22,252.0,-6.8273%,-0.0056,0.4065,0.2249,0.1351,8.0969%,8.1078%,0.2681%,-0.071787,BLIN,92091.0,2019-02-25,252.0,-0.9483%,-0.0056,0.4042,0.2245,0.1264,8.0960%,8.1068%,0.2673%,-0.009364,BLIN,92091.0,2019-02-26,252.0,-1.5666%,-0.0057,0.396,0.2431,0.1297,8.0955%,8.1060%,0.2586%,-0.013265,BLIN,92091.0,2019-02-27,252.0,1.6799%,-0.0056,0.4003,0.2419,0.1305,8.0964%,8.1071%,0.2629%,0.016037,BLIN,92091.0,2019-02-28,252.0,-0.9761%,-0.0057,0.4127,0.2503,0.1402,8.0953%,8.1065%,0.2766%,-0.008342,BLIN,92091.0,2019-03-01,252.0,3.1811%,-0.0054,0.3986,0.2294,0.1025,8.0951%,8.1057%,0.2625%,0.028584,BLIN,92091.0,2019-03-04,252.0,-2.2128%,-0.0055,0.404,0.2242,0.0982,8.0954%,8.1063%,0.2696%,-0.019627,BLIN,92091.0,2019-03-05,252.0,-0.4352%,-0.0056,0.3949,0.1545,0.0907,8.0917%,8.1017%,0.2470%,-0.0028239999999999,BLIN,0.0188459999999999,0.036409,-0.035378,-0.058007,-0.044179
19531,BRIDGELINE DIGITAL INC,Bridgeline Digital 8-K Shows Co. Was Notified Of Successful Bid By Ontario Superior Court Of Justice In Bankruptcy To Purchase Certain Assets From Stantive Technologies Group,6,increase,0.7,0.6,"the successful bid to purchase assets from stantive technologies group may indicate a strategic growth opportunity for bridgeline digital, potentially boosting investor confidence and stock price.",2,2019-02-19,BLIN,2019-02-19 13:47:00+00:00,92091.0,10807Q70,0.0416666902601718,273495.0,-0.019599974155426,-0.0588235333561897,0.0159118380397558,0.0764035210013389,-0.0682731121778488,-0.028301877900958,-0.0094827264547348,0.0405462943017482,-0.0156658012419939,-0.0134736616164445,0.0167993139475584,0.0106382872909307,-0.0097609078511595,-0.0600000023841857,0.0318105183541774,-0.0380915887653827,-0.0221276544034481,-0.037050724029541,-0.0043516186997294,0.0052141300402581,-0.0205419808626174,0.0209125038236379,0.066644363105297,-0.0244806837290525,0.2341288626194,0.0369231291115284,-0.0813558995723724,0.0404161363840103,-0.0793357640504837,-0.0004000067710876,-0.0941884145140647,0.0309278052300214,-0.0207964163273572,-0.0571539476513862,-0.0736557021737098,0.0279776155948638,0.029268279671669,-0.0558489933609962,0.0190995465964078,0.0034078015014529,0.0035809078253805,0.0208734907209873,-0.0264133773744106,0.0066148401238024,-0.0050832750275731,-0.055147111415863,-0.0121130030602216,-0.0285713803023099,-0.030024217441678,-0.0427350029349327,-0.0514228455722332,0.0914178416132927,-0.0284210629761219,0.0307692941278219,-0.1332610994577408,-0.0370371118187904,0.038124993443489,0.0931174829602241,0.0030102857854217,0.0291666649281978,0.071008414030075,-0.0045624375343322,-0.0304321739822626,0.0437229089438915,0.082687921822071,-0.2012448161840439,-0.0277889296412468,0.041036769747734,0.0678473338484764,-0.0420689582824707,0.0280013550072908,0.0,0.1955977529287338,0.0541621185839176,-0.2092050164937973,0.1274589747190475,0.0052910163067281,-0.0538968481123447,0.0789473727345466,-0.1103829070925713,-0.0341463387012481,0.0721154510974884,-0.0398989878594875,-0.0739726349711418,-0.0110468473285436,-0.0266667194664478,-0.074468083679676,-0.0066224317997694,-0.0149425249546766,0.0378006100654602,0.0040839961729943,-0.0618955418467521,-0.0615920163691043,-0.1162393242120743,0.1021671518683434,0.0477612018585205,-0.0898876562714576,-0.0337467677891254,-0.1358024626970291,-0.0122507065534591,-0.1257151365280151,0.0028571912553161,-0.1323529332876205,0.0416666641831398,0.1638417840003967,-0.03999999538064,0.1650485396385193,-0.0266963653266429,-0.0819443985819816,0.069919653236866,-0.1225415915250778,-0.0123419975861907,0.0293102748692035,0.0002939059049822,-0.0452261306345462,-0.0550000183284282,-0.0157894175499677,0.0256410334259271,-0.0249554980546236,-0.0435967370867729,-0.019599974155426,-0.0588235333561897,-0.0040000077300147,0.0130856625789965,-0.0720000269313999,-0.0155865641465253,-0.0952000013773747,0.0105263072134573,-0.0848000027430493,-0.1061452718110342,-0.3335999796395228,4.9509891741905684e-09,-0.5624004365791726,-0.3460490819816521,2019-02-20,2019-02-21,2019-02-22,2019-02-25,2019-02-26,2019-02-27,2019-02-28,2019-03-01,2019-03-04,2019-03-05,92091.0,2019-02-19,252.0,4.1667%,-0.0056,0.4032,0.2231,0.0382,8.0884%,8.1003%,0.2924%,0.0400129999999999,BLIN,92091.0,2019-02-20,252.0,-1.9600%,-0.0055,0.4026,0.2392,0.0408,8.0851%,8.0970%,0.2946%,-0.021167,BLIN,92091.0,2019-02-21,252.0,1.5912%,-0.0054,0.3971,0.2332,0.0306,8.0864%,8.0981%,0.2888%,0.017563,BLIN,92091.0,2019-02-22,252.0,-6.8273%,-0.0056,0.4065,0.2249,0.1351,8.0969%,8.1078%,0.2681%,-0.071787,BLIN,92091.0,2019-02-25,252.0,-0.9483%,-0.0056,0.4042,0.2245,0.1264,8.0960%,8.1068%,0.2673%,-0.009364,BLIN,92091.0,2019-02-26,252.0,-1.5666%,-0.0057,0.396,0.2431,0.1297,8.0955%,8.1060%,0.2586%,-0.013265,BLIN,92091.0,2019-02-27,252.0,1.6799%,-0.0056,0.4003,0.2419,0.1305,8.0964%,8.1071%,0.2629%,0.016037,BLIN,92091.0,2019-02-28,252.0,-0.9761%,-0.0057,0.4127,0.2503,0.1402,8.0953%,8.1065%,0.2766%,-0.008342,BLIN,92091.0,2019-03-01,252.0,3.1811%,-0.0054,0.3986,0.2294,0.1025,8.0951%,8.1057%,0.2625%,0.028584,BLIN,92091.0,2019-03-04,252.0,-2.2128%,-0.0055,0.404,0.2242,0.0982,8.0954%,8.1063%,0.2696%,-0.019627,BLIN,92091.0,2019-03-05,252.0,-0.4352%,-0.0056,0.3949,0.1545,0.0907,8.0917%,8.1017%,0.2470%,-0.0028239999999999,BLIN,0.0188459999999999,0.036409,-0.035378,-0.058007,-0.044179
19539,BLACKROCK INC,"Barclays Maintains Overweight on BlackRock, Raises Price Target to $472",6,increase,0.8,0.6,an 'overweight' rating and a raised price target typically indicate positive sentiment and potential for stock price appreciation.,2,2019-02-19,BLK,2019-02-19 13:54:00+00:00,87267.0,09247X10,-0.0020372839644551,438014.0,0.0142668103799223,0.0202418807893991,-0.0050318194553256,-0.0095215979963541,0.0039078942500054,0.0045592403039336,0.0050604310818016,0.0310394894331693,0.0036452421918511,0.0022828890942037,0.0033596146386116,-0.0078311366960406,0.0027374753262847,-0.0033142121974378,0.0012408911716192,-0.0028019517194479,-0.0145120276138186,-0.0010048648109659,-0.0034527648240327,0.0028070665430277,-0.0061500133015215,0.0041678976267576,-0.0155166406184434,0.0165307484567165,-0.0044424603693187,0.0017417974304407,0.0161164198070764,0.0055753155611455,-0.0006073575350455,-0.0111965527758002,0.0093492893502116,0.0083382884040474,0.0041450737044215,-0.0047003854997456,-0.0001845284859882,-0.0123790986835956,0.0159843694418668,-0.0139468489214777,-0.0134171890094876,0.0167992413043975,-0.0107002183794975,-0.0012590052792802,0.0010233809007331,0.0307704266160726,-0.0302072688937187,0.0108217997476458,-0.0046721817925572,-0.0037445407360792,0.0174767337739467,-0.0039799655787646,-0.007168710231781,-0.0017241870518773,0.0127013307064771,0.0057299355976283,0.0056474432349205,0.0127255599945783,0.0257856640964746,0.0027818803209811,-0.0044252886436879,0.0366156846284866,0.0060029672458767,-0.0293770283460617,0.0063087637536227,-0.0086553478613495,0.007378258742392,0.0118228783831,0.0023365728557109,0.0011088788742199,-0.0141884088516235,0.0172336287796497,0.0067074694670736,0.0537911467254161,0.0075661204755306,-0.0200184602290391,0.0184708274900913,-0.0067533287219703,-0.00548040214926,-0.0013971063308417,0.0324879921972751,-0.0291117876768112,0.0020362276118248,0.0134831620380282,-0.003850323613733,-0.0105937430635094,-0.0035861053038388,-0.0128334276378154,0.0215723682194948,-0.0071782455779612,0.0129527980461716,0.0114349517971277,-0.0119124501943588,-0.0193256512284278,0.0095478948205709,0.0004070304275956,0.0017954513896256,-0.0178147684782743,0.0112537387758493,-0.0131865171715617,-0.0125916777178645,-0.0600639171898365,-0.0056769587099552,0.0160276275128126,0.0127830989658832,0.0119875334203243,-0.0127046732231974,-0.0101340757682919,-0.026450041681528,0.0242352709174156,0.0036656365264207,-0.0031780607532709,-0.0026854577008634,0.0292171984910965,-0.0026280668098479,-0.00247782189399,-0.0436717085540294,0.0116648003458976,0.0069560199044644,-0.0119181554764509,-0.003364284755662,-0.0078345527872443,0.0142668103799223,0.0202418807893991,0.0091632029105617,0.0105275477414783,0.0131069059885329,0.0151347856653765,0.0219453719767392,0.0490334234080906,0.0110190501782769,0.036323540803238,0.0202055129909919,0.1427853332439133,0.0386951420505972,0.0591924035558033,2019-02-20,2019-02-21,2019-02-22,2019-02-25,2019-02-26,2019-02-27,2019-02-28,2019-03-01,2019-03-04,2019-03-05,87267.0,2019-02-19,252.0,-0.2037%,-0.0006,1.317,-0.2846,0.6116,0.9394%,1.6041%,65.7033%,-0.005694,BLK,87267.0,2019-02-20,252.0,1.4267%,-0.0006,1.3196,-0.2794,0.6206,0.9413%,1.6068%,65.6820%,0.008927,BLK,87267.0,2019-02-21,252.0,-0.5032%,-0.0006,1.3235,-0.271,0.6278,0.9383%,1.6069%,65.9048%,0.000982,BLK,87267.0,2019-02-22,252.0,0.3908%,-0.0006,1.323,-0.2814,0.6124,0.9375%,1.6071%,65.9669%,0.005925,BLK,87267.0,2019-02-25,252.0,0.5060%,-0.0006,1.3225,-0.2839,0.6092,0.9375%,1.6069%,65.9645%,0.003347,BLK,87267.0,2019-02-26,252.0,0.3645%,-0.0006,1.3218,-0.2922,0.6045,0.9383%,1.6024%,65.7096%,0.005855,BLK,87267.0,2019-02-27,252.0,0.3360%,-0.0006,1.3172,-0.2828,0.6037,0.9363%,1.5938%,65.4894%,0.00335,BLK,87267.0,2019-02-28,252.0,0.2737%,-0.0006,1.3135,-0.2851,0.5989,0.9376%,1.5893%,65.1933%,0.008287,BLK,87267.0,2019-03-01,252.0,0.1241%,-0.0006,1.3184,-0.2777,0.6087,0.9360%,1.5890%,65.2979%,-0.005084,BLK,87267.0,2019-03-04,252.0,-1.4512%,-0.0006,1.3169,-0.263,0.6069,0.9376%,1.5838%,64.9536%,-0.011231,BLK,87267.0,2019-03-05,252.0,-0.3453%,-0.0006,1.3166,-0.265,0.6067,0.9376%,1.5837%,64.9497%,-0.000663,BLK,0.003233,0.004215,0.01014,0.019342,0.014001
19547,BORGWARNER INC,"BorgWarner Reports Formation Of Cascadia Motion To Acquire Assets; Reports Purchase Of 2 Oregon-Based Businesses, Rinehart Motion Systems LLC and AM Racing Inc; No Terms Disclosed",6,increase,0.7,0.6,"the acquisition of two businesses suggests strategic growth and expansion for borgwarner, which could positively influence investor sentiment and stock price.",2,2019-02-19,BWA,2019-02-19 14:17:00+00:00,79545.0,09972410,-0.003101079724729,1714790.0,0.0016750345239415,0.0289640761911869,-0.02484474144876,0.0089153191074728,0.0210681185126304,0.0059791151434183,0.0067178211174905,0.0340030826628208,-0.0066729928366839,0.0141066070646047,-0.0074376529082655,-0.0239674244076013,-0.014261501841247,-0.0478270798921585,0.0071411207318305,0.0061064977198839,-0.0039119767025113,-0.0009761082474142,-0.0058910571970045,-0.0055811586789786,-0.0232098419219255,0.0075794020667672,-0.023761436343193,0.0103755434975028,-0.0132055496796965,0.0019801489543169,0.0136447241529822,-0.0044356901198625,0.0056949881836771,-0.0097608035430312,-0.0056627392768859,0.0216903239488601,-0.0256277937442064,0.0239980202168226,0.0045165247283875,-0.0212394371628761,0.016662186011672,-0.0147710116580128,-0.0072840475477278,0.0134729808196425,-0.0241089668124914,0.0113550527021288,0.0145004587247967,0.0032911663874983,-0.0407622344791889,0.002792602404952,0.0052427873015403,0.0048469034954905,0.0101564349606633,-0.0022906630765646,0.008695644326508,0.0152454813942313,0.0185884274542331,0.0344827845692634,0.0158687774091959,0.0314309187233448,0.054933626204729,0.0260255169123411,0.0046890084631741,0.0375696755945682,0.0225989185273647,-0.0301736798137426,0.0177755914628505,0.0112262340262532,-0.0051922919228672,0.0066648325882852,0.0111505901440978,-0.0074777719564735,-0.0187705121934413,0.0107557820156216,0.0229555014520883,0.0361445993185043,-0.0002337148616788,-0.0168788768351078,0.0341360531747341,-0.0055947769433259,-0.0079131470993161,0.0017698394367471,-0.000227942931815,-0.0142482658848166,-0.0084339855238795,0.011173216626048,0.0114942528307437,-0.0179036296904087,-0.006590929813683,0.0049333134666085,-0.0018301995005458,-0.0193511750549078,-0.0018336426001042,0.0074540800414979,-0.0454649738967418,0.0,0.0228530373424291,-0.0240626912564039,-0.0112887946888804,-0.0413089357316494,-0.0064224656671285,-0.0098274294286966,-0.0172372814267873,-0.0749385580420494,-0.0051156901754438,0.0282970909029245,0.0110186282545328,0.009652093052864,-0.0133203975856304,-0.016241917386651,-0.0238095521926879,0.0232677031308412,-0.0095549672842025,-0.0217608548700809,-0.0205635335296392,0.0126646403223276,-0.0025920758489519,0.0007604252896271,-0.0485966466367244,0.0327225141227245,-0.0019120374927297,-0.0307028442621231,0.0123152919113636,-0.0093011297285556,0.0016750345239415,0.0289640761911869,-0.0232113227244835,0.0381376192805573,-0.0026322231098474,0.0443447636409499,-0.0026322228020483,0.0950888050839657,-0.0268117099010517,0.0172288071720845,-0.021765573213006,0.2304079441206814,-0.1111546600008041,0.058322021180591,2019-02-20,2019-02-21,2019-02-22,2019-02-25,2019-02-26,2019-02-27,2019-02-28,2019-03-01,2019-03-04,2019-03-05,79545.0,2019-02-19,252.0,-0.3101%,-0.0006,1.3219,0.4631,0.8023,1.4651%,1.9512%,43.6188%,-0.009556,BWA,79545.0,2019-02-20,252.0,0.1675%,-0.0006,1.3214,0.4669,0.8017,1.4638%,1.9507%,43.6851%,-0.006368,BWA,79545.0,2019-02-21,252.0,-2.4845%,-0.0007,1.3301,0.4809,0.8179,1.4655%,1.9566%,43.9028%,-0.0178849999999999,BWA,79545.0,2019-02-22,252.0,2.1068%,-0.0007,1.3267,0.4894,0.7851,1.4720%,1.9613%,43.6725%,0.0217,BWA,79545.0,2019-02-25,252.0,0.6718%,-0.0006,1.3274,0.4862,0.786,1.4723%,1.9618%,43.6722%,0.0073129999999999,BWA,79545.0,2019-02-26,252.0,-0.6673%,-0.0006,1.3363,0.4752,0.7871,1.4691%,1.9621%,43.9342%,0.001056,BWA,79545.0,2019-02-27,252.0,-0.7438%,-0.0005,1.3447,0.4579,0.7885,1.4649%,1.9620%,44.2534%,-0.008699,BWA,79545.0,2019-02-28,252.0,-1.4262%,-0.0005,1.3371,0.4524,0.7848,1.4617%,1.9519%,43.9173%,-0.008313,BWA,79545.0,2019-03-01,252.0,0.7141%,-0.0005,1.3388,0.4549,0.7875,1.4616%,1.9498%,43.8053%,-0.000749,BWA,79545.0,2019-03-04,252.0,-0.3912%,-0.0005,1.3369,0.4592,0.7884,1.4615%,1.9476%,43.6875%,0.001708,BWA,79545.0,2019-03-05,252.0,-0.5891%,-0.0004,1.3407,0.4889,0.7911,1.4575%,1.9475%,43.9900%,-0.000393,BWA,-0.015924,-0.033809,-0.0121089999999999,-0.0037399999999999,-0.020186
19555,CONAGRA BRANDS INC,"Conagra Brands Option Alert: Jan, 2021 $23 Calls Sweep (36) near the Ask: 715 @ $4.2 vs 60 OI; Earnings 3/21 Before Open [est] Ref=$24.05",6,increase,0.7,0.6,"the significant call option activity suggests bullish sentiment among investors ahead of the earnings report, indicating potential upward pressure on the stock price.",2,2019-02-19,CAG,2019-02-19 17:06:00+00:00,56274.0,20588710,-0.0199999902397394,6907958.0,0.000833005295135,0.0328836739063262,0.0016645445721223,0.0072186873294413,-0.0286664124578237,-0.0075853480957448,-0.0029939990490674,0.040333192795515,0.0021450512576848,0.0279404651373624,-0.0115582384169101,-0.0013500801287591,0.0121264914050698,0.0136860962957143,-0.0047069150023162,-0.0076957931742072,-0.0038693100214004,0.0193816367536783,-0.0129477446898818,0.0126168439164757,0.0008744446677155,-0.0110905626788735,-0.0227172803133726,0.0093283047899603,0.0044702044688165,0.0023375945165753,0.0191366411745548,0.0146781802177429,-0.004803436808288,0.0133270192891359,0.0109697235748171,-0.006619356572628,0.0021701056975871,-0.0149045046418905,0.0,0.0009323332924395,-0.0008661956526339,-0.0055632330477237,-0.0112700574100017,0.0155367199331522,0.0039456444792449,0.0033065513707697,0.1275109201669693,0.0023673879913985,0.0243997313082218,0.0129496622830629,0.0344045311212539,-0.0351689122617244,-0.0087719215080142,0.0065207872539758,0.0,0.0042095487006008,0.0228613168001174,-0.0027985714841634,0.0,-0.0389959178864955,-0.0039654150605201,0.0205854922533035,-0.0086862025782465,0.0139147099107503,0.0029207712505012,0.0107829133048653,0.0116491299122571,-0.0014045265270397,0.0179920829832553,0.0084985978901386,0.0003534224524628,-0.0018849674379453,-0.0268550645560026,-0.0097993928939104,0.0671749636530876,0.0224237237125635,0.0132698640227317,-0.0537246316671371,-0.0010074105812236,-0.0877265632152557,0.0110924346372485,-0.1653489023447037,0.0003324544231873,0.0185574479401111,0.0009970318060368,-0.0155119188129901,0.0132801998406648,-0.0294412579387426,0.0117955012246966,-0.0161290243268013,0.0003238416102249,-0.00686502084136,0.0126254875212907,-0.0006533961859531,-0.0105498693883419,0.0065768091008067,0.00129237503279,-0.0139429410919547,-0.0134720606729388,-0.024667952209711,0.0138339940458536,-0.0143391825258731,-0.0207927636802196,-0.0107924286276102,-0.0063038696534931,0.0027829359751194,0.0020033209584653,0.0021691878791898,-0.0069977003149688,-0.0049336985684931,-0.0201341770589351,0.0049581606872379,0.0133561426773667,-0.0101226391270756,-0.0121662933379411,-0.0177764445543289,-0.0174478348344564,0.0091212904080748,-0.0212395098060369,-0.0102317230775952,0.0174315106123685,-0.0056851776316761,0.013986000791192,0.0105835646390914,0.000833005295135,0.0328836739063262,0.0024989364417,0.0403397381959407,-0.0262391115588673,0.0324483991438884,-0.0270720374809111,0.104100923162542,-0.0474801910979295,0.1448598364264903,0.1407746406158116,0.1476529298865407,0.2162840796979666,-0.2517872183441776,2019-02-20,2019-02-21,2019-02-22,2019-02-25,2019-02-26,2019-02-27,2019-02-28,2019-03-01,2019-03-04,2019-03-05,56274.0,2019-02-19,252.0,-2.0000%,-0.0014,0.5519,0.2297,0.1663,1.8778%,1.9606%,8.2642%,-0.022359,CAG,56274.0,2019-02-20,252.0,0.0833%,-0.0014,0.5521,0.2314,0.1673,1.8778%,1.9606%,8.2745%,-0.001736,CAG,56274.0,2019-02-21,252.0,0.1665%,-0.0014,0.5513,0.231,0.1658,1.8781%,1.9606%,8.2416%,0.004154,CAG,56274.0,2019-02-22,252.0,-2.8666%,-0.0015,0.5551,0.237,0.2171,1.8863%,1.9673%,8.0648%,-0.031183,CAG,56274.0,2019-02-25,252.0,-0.2994%,-0.0015,0.5562,0.2387,0.222,1.8854%,1.9666%,8.0849%,-0.00292,CAG,56274.0,2019-02-26,252.0,0.2145%,-0.0015,0.5526,0.2328,0.2163,1.8857%,1.9655%,7.9516%,0.005195,CAG,56274.0,2019-02-27,252.0,-1.1558%,-0.0016,0.5508,0.2329,0.216,1.8869%,1.9658%,7.8744%,-0.012338,CAG,56274.0,2019-02-28,252.0,1.2126%,-0.0015,0.5475,0.2311,0.2099,1.8895%,1.9671%,7.7398%,0.014228,CAG,56274.0,2019-03-01,252.0,-0.4707%,-0.0016,0.5504,0.2354,0.2176,1.8894%,1.9672%,7.7532%,-0.008569,CAG,56274.0,2019-03-04,252.0,-0.3869%,-0.0016,0.5565,0.2144,0.2162,1.8875%,1.9665%,7.8667%,-0.001005,CAG,56274.0,2019-03-05,252.0,-1.2948%,-0.0017,0.556,0.2042,0.2192,1.8876%,1.9657%,7.7908%,-0.010908,CAG,-0.024095,-0.019941,-0.051124,-0.048849,-0.067441
19563,CASI PHARMACEUTICALS INC CYM,CASI Pharmaceuticals Announces China National Medical Products Administration Approval Of CTA To Conduct Confirmatory Clinical Trial For ZEVALIN,6,increase,0.8,0.6,"the approval of a clinical trial application (cta) by the china national medical products administration for zevalin is likely to be viewed positively by investors, as it indicates progress in the development of a potentially valuable treatment.",2,2019-02-19,CASI,2019-02-19 12:14:00+00:00,83651.0,G1933S10,0.0472222454845905,404488.0,-0.0397878251969814,0.0256410017609596,-0.0138121424242854,0.02631576359272,0.016806773841381,0.0058823470026254,-0.0082645202055573,-0.0285714007914066,-0.0472221784293651,0.0115606822073459,-0.0233236625790596,0.0058139478787779,-0.0208955034613609,0.0058479476720094,0.0182926654815673,0.0088495491072535,-0.0179640557616949,0.0029585768934339,0.0060975551605224,-0.0145772453397512,-0.0181818008422851,-0.0086705116555094,-0.0061728334985673,-0.0225988496094942,-0.018633522093296,0.0535714514553546,0.0569619685411453,-0.0175439119338989,-0.0149700455367565,-0.0144092077389359,-0.0151975536718964,0.0146198691800236,-0.0030864167492836,-0.0029154489748179,0.0061919447034597,-0.0365168191492557,0.0153846004977822,-0.0219780653715133,0.0030303001403808,-0.0421052239835262,0.0030211452394723,0.0079575525596737,0.0060240905731916,-0.0431472286581993,-0.0688622817397117,0.0395778603851795,0.0128618013113737,-0.0306905675679445,0.0031745999585837,0.0208877716213464,-0.0189873985946178,-0.0352645106613636,0.0225807018578052,-0.0410627648234367,-0.094637282192707,-0.0024096935521811,0.0452962070703506,0.0196560006588697,-0.0500000305473804,0.0149625781923532,0.0280702337622642,0.0151899186894297,0.0375426262617111,-0.0174129195511341,0.0394737273454666,-0.0863636583089828,0.0886075869202613,0.0138248708099126,-0.090116262435913,-0.0247190259397029,0.0191693101078271,0.0722890868782997,0.0156739652156829,0.0892388895153999,-0.0092592500150203,-0.0841345936059951,0.0155763085931539,-0.052391804754734,0.006134963594377,0.0185614675283432,0.0182926654815673,0.0,-0.0119760371744632,0.0141176339238882,0.0030303001403808,-0.0046838363632559,0.0030211452394723,-0.0092807337641716,-0.0060240905731916,0.1108246967196465,0.0121212005615234,-0.0051282001659274,0.0299401637166738,0.0,-0.0203488860279321,-0.031055899336934,-0.0326409190893173,-0.059579461812973,-0.0184048898518085,-0.0614034496247768,0.0187499821186065,0.0531177893280983,0.0153374085202813,0.1074168384075165,0.0271903797984123,0.0025641000829637,-0.0205882843583822,0.0156250484287738,0.0210210736840963,-0.0179028566926717,-0.0264706332236528,-0.0321781858801841,0.0151057261973619,0.0659630596637725,-0.053571380674839,-0.0477387085556983,0.0157232545316219,0.0613333396613597,-0.0154798617586493,-0.0853658318519592,-0.0397878251969814,0.0256410017609596,-0.0530504125128935,0.0526315278943014,-0.0371352449568086,0.0588234718072795,-0.090185655520133,0.0404623891333226,-0.1246684462190479,0.0495626348007609,-0.2440318530305131,-0.1022444641318159,-0.1564986492537323,-0.121951207676463,2019-02-20,2019-02-21,2019-02-22,2019-02-25,2019-02-26,2019-02-27,2019-02-28,2019-03-01,2019-03-04,2019-03-05,83651.0,2019-02-19,252.0,4.7222%,0.0009,0.9944,1.0839,-0.45,5.6294%,5.7961%,5.6677%,0.043742,CASI,83651.0,2019-02-20,252.0,-3.9788%,0.0008,0.9832,1.0622,-0.4889,5.6356%,5.8019%,5.6484%,-0.041687,CASI,83651.0,2019-02-21,252.0,-1.3812%,0.0007,0.9831,1.0593,-0.4891,5.6359%,5.8017%,5.6336%,-0.010655,CASI,83651.0,2019-02-22,252.0,1.6807%,0.0008,0.9827,1.0818,-0.4733,5.6349%,5.8018%,5.6700%,-0.0026989999999999,CASI,83651.0,2019-02-25,252.0,-0.8265%,0.0008,0.983,1.0863,-0.4699,5.6351%,5.8020%,5.6703%,-0.007878,CASI,83651.0,2019-02-26,252.0,-4.7222%,0.0006,0.9829,1.1435,-0.441,5.6403%,5.8079%,5.6880%,-0.0403479999999999,CASI,83651.0,2019-02-27,252.0,-2.3324%,0.0006,0.9988,1.1071,-0.4384,5.6380%,5.8063%,5.7148%,-0.02701,CASI,83651.0,2019-02-28,252.0,-2.0896%,0.0006,0.9859,1.0975,-0.4431,5.6359%,5.8005%,5.5972%,-0.019216,CASI,83651.0,2019-03-01,252.0,1.8293%,0.0007,0.9781,1.086,-0.4577,5.6352%,5.7986%,5.5551%,0.006149,CASI,83651.0,2019-03-04,252.0,-1.7964%,0.0007,0.9804,1.0853,-0.4598,5.6354%,5.7998%,5.5909%,-0.006839,CASI,83651.0,2019-03-05,252.0,0.6098%,0.0008,0.9833,1.1142,-0.4611,5.6343%,5.7999%,5.6299%,0.009935,CASI,0.002055,-0.0085999999999999,-0.0112989999999999,-0.0595249999999999,-0.096506
19571,CYMABAY THERAPEUTICS INC,CymaBay Therapeutics shares are trading higher after the company announced early enrollment of its Phase 2b study of Seladelpar in patients with non-alcoholic steatohepatitis.,6,increase,0.8,0.6,"the early enrollment in a phase 2b study typically indicates progress in clinical development, which can positively influence investor sentiment and lead to an increase in stock price.",2,2019-02-19,CBAY,2019-02-19 14:04:00+00:00,14691.0,23257D10,0.0341708697378635,948779.0,-0.031098123639822,0.0184236783534288,0.0210631936788559,0.0262605026364326,0.1139489039778709,0.0042195059359073,-0.0097002303227782,0.0533332824707031,-0.0169189311563968,-0.0291262622922658,0.0398550331592559,0.0231788102537393,0.0287457220256328,-0.0076669980771839,0.0745130479335784,-0.0054466435685753,0.0575256533920764,0.029148006811738,-0.0104322163388133,0.042056031525135,-0.0519578009843826,-0.0160918850451707,0.0500397235155105,0.001150774420239,-0.0650529935956001,0.0308421421796083,0.0315534248948097,-0.0082352580502629,0.0486274436116218,-0.0318906307220459,-0.005983539391309,0.0565582774579525,-0.0218209158629179,-0.0154027445241808,-0.0115384319797158,-0.0527497492730617,0.0389105044305324,-0.0022396929562091,-0.0037453325930982,-0.0240436419844627,-0.0263158176094293,-0.0054348036646842,-0.0023165817838162,-0.0315789692103862,-0.0766253694891929,0.0031678704544901,0.0075440192595124,-0.0083769550547003,0.039933405816555,-0.0205128006637096,0.0344000235199928,-0.0030674573499709,0.0131477238610386,0.010330518707633,0.0137404082342982,0.0114943170920014,0.0233434047549963,0.0962199568748474,-0.0206033643335104,0.0698529034852981,0.0165288727730512,-0.0121065834537148,-0.0066518960520625,0.0495553165674209,0.0163690671324729,0.0063938251696527,-0.0117130195721983,0.0169050861150026,-0.03999999538064,0.0785413682460784,0.0138889122754335,0.0754147768020629,-0.0038051893934607,0.0137614915147423,-0.0450725853443145,-0.0238805748522281,-0.0240000151097774,-0.0871935039758682,0.027868865057826,-0.0239361468702554,-0.0342902950942516,-0.0693069249391555,-0.0033030521590262,-0.0669745877385139,-0.0016569597646594,0.001156095881015,0.0348547771573066,-0.0125571470707655,0.0200481154024601,0.0034365048632025,0.0172955431044101,-0.0022857666481286,0.0061824480071663,0.0174418147653341,0.0238094814121723,-0.0057802586816251,-0.039009716361761,-0.01142861507833,-0.0413739793002605,-0.0520042851567268,0.0138436546549201,0.033594537526369,0.0538152679800987,-0.0088790142908692,-0.0030487775802612,-0.0131434705108404,-0.0206421632319688,0.048220444470644,-0.0046838731504976,-0.0322222188115119,0.0101960869506001,-0.0353697687387466,0.009316761046648,0.0506756529211998,-0.049230795353651,0.0325581058859825,0.0469255596399307,-0.036954078823328,0.0023184458259493,-0.0755693092942237,-0.031098123639822,0.0184236783534288,-0.0106899557622406,0.0451679960438344,0.102040839472951,0.0495780886071619,0.0728863006298419,0.0733548328408737,0.2905733512639157,0.1623830937132586,0.2934888708034451,0.2193627389125323,0.2604470650975905,0.0300206939180232,2019-02-20,2019-02-21,2019-02-22,2019-02-25,2019-02-26,2019-02-27,2019-02-28,2019-03-01,2019-03-04,2019-03-05,14691.0,2019-02-19,252.0,3.4171%,-0.0016,1.298,1.9964,-0.9394,3.2521%,3.8809%,29.7801%,0.028956,CBAY,14691.0,2019-02-20,252.0,-3.1098%,-0.0018,1.289,1.9752,-0.9716,3.2580%,3.8853%,29.6857%,-0.03289,CBAY,14691.0,2019-02-21,252.0,2.1063%,-0.0017,1.2881,1.9792,-0.9735,3.2610%,3.8878%,29.6425%,0.02488,CBAY,14691.0,2019-02-22,252.0,11.3949%,-0.0013,1.2737,2.0623,-1.0695,3.2868%,3.9458%,30.6150%,0.08028,CBAY,14691.0,2019-02-25,252.0,-0.9700%,-0.0013,1.2751,2.0671,-1.0618,3.2862%,3.9449%,30.6069%,-0.008274,CBAY,14691.0,2019-02-26,252.0,-1.6919%,-0.0013,1.2791,2.0687,-1.058,3.2862%,3.9461%,30.6501%,-0.005253,CBAY,14691.0,2019-02-27,252.0,3.9855%,-0.0012,1.2835,2.0712,-1.0572,3.2930%,3.9541%,30.6418%,0.0334039999999999,CBAY,14691.0,2019-02-28,252.0,2.8746%,-0.0012,1.2935,2.0791,-1.0571,3.2932%,3.9579%,30.7684%,0.029567,CBAY,14691.0,2019-03-01,252.0,7.4513%,-0.0011,1.3239,2.1245,-1.0359,3.3063%,3.9852%,31.1698%,0.054852,CBAY,14691.0,2019-03-04,252.0,5.7526%,-0.0006,1.2942,2.153,-1.0122,3.3311%,3.9941%,30.4450%,0.076858,CBAY,14691.0,2019-03-05,252.0,-1.0432%,-0.0007,1.2903,2.12,-1.0138,3.3287%,3.9777%,29.9703%,-0.004077,CBAY,-0.003934,0.0209459999999999,0.101226,0.087699,0.2783029999999999
19579,CYMABAY THERAPEUTICS INC,CymaBay Therapeutics Announces Early Enrollment Of Phase 2b Study Of Seladelpar In Patients With Nonalcoholic Steatohepatitis,6,increase,0.7,0.6,"the announcement of early enrollment in a phase 2b study suggests progress in clinical development, which is generally viewed positively by investors and can lead to an increase in stock price.",2,2019-02-19,CBAY,2019-02-19 13:07:00+00:00,14691.0,23257D10,0.0341708697378635,948779.0,-0.031098123639822,0.0184236783534288,0.0210631936788559,0.0262605026364326,0.1139489039778709,0.0042195059359073,-0.0097002303227782,0.0533332824707031,-0.0169189311563968,-0.0291262622922658,0.0398550331592559,0.0231788102537393,0.0287457220256328,-0.0076669980771839,0.0745130479335784,-0.0054466435685753,0.0575256533920764,0.029148006811738,-0.0104322163388133,0.042056031525135,-0.0519578009843826,-0.0160918850451707,0.0500397235155105,0.001150774420239,-0.0650529935956001,0.0308421421796083,0.0315534248948097,-0.0082352580502629,0.0486274436116218,-0.0318906307220459,-0.005983539391309,0.0565582774579525,-0.0218209158629179,-0.0154027445241808,-0.0115384319797158,-0.0527497492730617,0.0389105044305324,-0.0022396929562091,-0.0037453325930982,-0.0240436419844627,-0.0263158176094293,-0.0054348036646842,-0.0023165817838162,-0.0315789692103862,-0.0766253694891929,0.0031678704544901,0.0075440192595124,-0.0083769550547003,0.039933405816555,-0.0205128006637096,0.0344000235199928,-0.0030674573499709,0.0131477238610386,0.010330518707633,0.0137404082342982,0.0114943170920014,0.0233434047549963,0.0962199568748474,-0.0206033643335104,0.0698529034852981,0.0165288727730512,-0.0121065834537148,-0.0066518960520625,0.0495553165674209,0.0163690671324729,0.0063938251696527,-0.0117130195721983,0.0169050861150026,-0.03999999538064,0.0785413682460784,0.0138889122754335,0.0754147768020629,-0.0038051893934607,0.0137614915147423,-0.0450725853443145,-0.0238805748522281,-0.0240000151097774,-0.0871935039758682,0.027868865057826,-0.0239361468702554,-0.0342902950942516,-0.0693069249391555,-0.0033030521590262,-0.0669745877385139,-0.0016569597646594,0.001156095881015,0.0348547771573066,-0.0125571470707655,0.0200481154024601,0.0034365048632025,0.0172955431044101,-0.0022857666481286,0.0061824480071663,0.0174418147653341,0.0238094814121723,-0.0057802586816251,-0.039009716361761,-0.01142861507833,-0.0413739793002605,-0.0520042851567268,0.0138436546549201,0.033594537526369,0.0538152679800987,-0.0088790142908692,-0.0030487775802612,-0.0131434705108404,-0.0206421632319688,0.048220444470644,-0.0046838731504976,-0.0322222188115119,0.0101960869506001,-0.0353697687387466,0.009316761046648,0.0506756529211998,-0.049230795353651,0.0325581058859825,0.0469255596399307,-0.036954078823328,0.0023184458259493,-0.0755693092942237,-0.031098123639822,0.0184236783534288,-0.0106899557622406,0.0451679960438344,0.102040839472951,0.0495780886071619,0.0728863006298419,0.0733548328408737,0.2905733512639157,0.1623830937132586,0.2934888708034451,0.2193627389125323,0.2604470650975905,0.0300206939180232,2019-02-20,2019-02-21,2019-02-22,2019-02-25,2019-02-26,2019-02-27,2019-02-28,2019-03-01,2019-03-04,2019-03-05,14691.0,2019-02-19,252.0,3.4171%,-0.0016,1.298,1.9964,-0.9394,3.2521%,3.8809%,29.7801%,0.028956,CBAY,14691.0,2019-02-20,252.0,-3.1098%,-0.0018,1.289,1.9752,-0.9716,3.2580%,3.8853%,29.6857%,-0.03289,CBAY,14691.0,2019-02-21,252.0,2.1063%,-0.0017,1.2881,1.9792,-0.9735,3.2610%,3.8878%,29.6425%,0.02488,CBAY,14691.0,2019-02-22,252.0,11.3949%,-0.0013,1.2737,2.0623,-1.0695,3.2868%,3.9458%,30.6150%,0.08028,CBAY,14691.0,2019-02-25,252.0,-0.9700%,-0.0013,1.2751,2.0671,-1.0618,3.2862%,3.9449%,30.6069%,-0.008274,CBAY,14691.0,2019-02-26,252.0,-1.6919%,-0.0013,1.2791,2.0687,-1.058,3.2862%,3.9461%,30.6501%,-0.005253,CBAY,14691.0,2019-02-27,252.0,3.9855%,-0.0012,1.2835,2.0712,-1.0572,3.2930%,3.9541%,30.6418%,0.0334039999999999,CBAY,14691.0,2019-02-28,252.0,2.8746%,-0.0012,1.2935,2.0791,-1.0571,3.2932%,3.9579%,30.7684%,0.029567,CBAY,14691.0,2019-03-01,252.0,7.4513%,-0.0011,1.3239,2.1245,-1.0359,3.3063%,3.9852%,31.1698%,0.054852,CBAY,14691.0,2019-03-04,252.0,5.7526%,-0.0006,1.2942,2.153,-1.0122,3.3311%,3.9941%,30.4450%,0.076858,CBAY,14691.0,2019-03-05,252.0,-1.0432%,-0.0007,1.2903,2.12,-1.0138,3.3287%,3.9777%,29.9703%,-0.004077,CBAY,-0.003934,0.0209459999999999,0.101226,0.087699,0.2783029999999999
19587,CROSS COUNTRY HEALTHCARE INC,SunTrust Robinson Humphrey Downgrades Cross Country Healthcare to Hold,6,decrease,0.8,0.6,"a downgrade from an investment firm typically signals reduced confidence in the stock's performance, which can lead to a decrease in its price.",0,2019-02-19,CCRN,2019-02-19 13:04:00+00:00,89167.0,22748310,-0.0729271173477172,384752.0,-0.0086206812411546,-0.0049701975658535,0.0054348036646842,0.0100401984527707,0.0118918549269437,-0.0109235011041164,-0.0224359016865491,0.0275509692728519,-0.0087431613355875,0.0113519728183746,-0.0088202785700559,-0.0142421508207917,-0.0278086774051189,0.0010183532722294,-0.0400457009673118,0.0061474861577153,-0.0441001020371913,-0.0030643241479992,-0.0361596532166004,0.014507807791233,-0.0012936906423419,0.0020767915993928,-0.0116579895839095,0.0136842224746942,-0.0078636882826685,0.0182208009064197,0.0026420054491609,-0.0063898209482431,0.00527008716017,-0.0146903879940509,-0.0039318753406405,0.0063357409089803,-0.0013157568173483,-0.0073374942876398,-0.0329380743205547,0.0302375517785549,-0.0068120150826871,0.0,-0.0096022179350256,0.0209482405334711,0.0083103077486157,0.0022098899353295,0.0027472500223666,0.0414270013570785,-0.0383561924099922,-0.012500069104135,-0.0028490000404417,0.0034207219723612,-0.0142857003957033,0.0293427221477031,0.0130434306338429,0.0167064853012561,0.028612345457077,0.0157575905323028,-0.0222531072795391,0.0325407050549984,0.0398292653262615,0.0152477622032165,0.0136798778548836,0.0535475388169288,0.0080971587449312,-0.004000028129667,0.0307898297905921,0.0231923703104257,-0.0038960692472755,-0.0134589374065399,-0.0234680976718664,0.0081411050632596,-0.0200266521424055,-0.0173333492130041,0.0040871570818126,0.04456827044487,0.0067842863500118,0.008426958695054,0.0067385057918727,-0.0083565386012196,0.0040160925127565,-0.0191257297992706,-0.0293333046138286,-0.0161290168762207,-0.0439560674130916,-0.0236220248043537,0.0086206812411546,-0.0305343829095363,-0.022792000323534,-0.0125628020614385,0.0262390412390232,-0.0087172724306583,0.0085227191448211,0.0229299142956733,-0.0239436738193035,0.0168393943458795,0.0173160694539547,-0.0386052243411541,0.0340425185859203,-0.0429082959890365,-0.0329217799007892,-0.0187134314328432,-0.0070922253653407,-0.0562914125621318,0.0542857311666011,-0.0011024560080841,0.0243902206420898,0.0145414005964994,0.1071428507566452,0.0113121522590518,-0.0131421331316232,0.0612245164811611,-0.0133172646164894,0.0036144256591796,-0.0036809490993618,-0.018912510946393,0.0024631104897707,-0.0023584321606904,-0.0442260578274726,0.0119331059977412,0.0231362245976924,-0.0400915741920471,-0.0238693542778492,0.0210525561124086,-0.0086206812411546,-0.0049701975658535,-0.0032327292864718,0.0050200991170064,0.008620682492779,-0.0059582390453574,-0.0226293135847563,0.0330238043855679,-0.1670258322127658,0.03730576423337,-0.2015086070533586,0.3400268475186057,-0.1627154882639717,0.1707602396727021,2019-02-20,2019-02-21,2019-02-22,2019-02-25,2019-02-26,2019-02-27,2019-02-28,2019-03-01,2019-03-04,2019-03-05,89167.0,2019-02-19,252.0,-7.2927%,-0.0008,1.108,1.1722,0.6941,3.1028%,3.3280%,13.0769%,-0.080961,CCRN,89167.0,2019-02-20,252.0,-0.8621%,-0.001,1.1003,1.1401,0.6626,3.0970%,3.3189%,12.9279%,-0.017222,CCRN,89167.0,2019-02-21,252.0,0.5435%,-0.0009,1.0881,1.1181,0.6402,3.0938%,3.3105%,12.6620%,0.011728,CCRN,89167.0,2019-02-22,252.0,1.1892%,-0.0009,1.087,1.1162,0.6248,3.0942%,3.3110%,12.6651%,0.00798,CCRN,89167.0,2019-02-25,252.0,-2.2436%,-0.0009,1.084,1.1228,0.6173,3.0922%,3.3091%,12.6782%,-0.0201399999999999,CCRN,89167.0,2019-02-26,252.0,-0.8743%,-0.0008,1.0842,1.1184,0.6152,3.0923%,3.3089%,12.6634%,0.002114,CCRN,89167.0,2019-02-27,252.0,-0.8820%,-0.0009,1.0836,1.1166,0.6151,3.0930%,3.3090%,12.6290%,-0.011283,CCRN,89167.0,2019-02-28,252.0,-2.7809%,-0.0011,1.1044,1.1301,0.6354,3.0902%,3.3120%,12.9457%,-0.023235,CCRN,89167.0,2019-03-01,252.0,-4.0046%,-0.0013,1.0954,1.1166,0.6436,3.1047%,3.3194%,12.5153%,-0.048823,CCRN,89167.0,2019-03-04,252.0,-4.4100%,-0.0008,1.0197,1.3998,0.6559,2.9175%,3.1485%,14.1328%,-0.036537,CCRN,89167.0,2019-03-05,252.0,-3.6160%,-0.0009,1.0245,1.4191,0.6696,2.9227%,3.1540%,14.1282%,-0.028603,CCRN,-0.098183,-0.086455,-0.078475,-0.096501,-0.2449819999999999
19595,CADENCE DESIGN SYSTEMS INC,"Cadence Design Systems Reports Strategic Partnership With Green Hills Software, No Terms Disclosed",6,increase,0.7,0.6,"the strategic partnership with green hills software is likely to enhance cadence design systems' product offerings and market position, which could positively influence investor sentiment and stock price.",2,2019-02-19,CDNS,2019-02-19 21:42:00+00:00,11403.0,12738710,0.0011410717852413,3012955.0,0.0461626201868057,0.0178087875247001,0.0059924065135419,0.0058411066420376,0.0211190991103649,-0.0147707741707563,0.0123740630224347,0.0253737401217222,0.0015715060289949,-0.0013749694917351,0.0015690403524786,0.0065242783166468,-0.0034813012462109,0.0019810278899967,0.0155458413064479,0.007987174205482,0.0068799713626503,0.0078487265855073,0.0056371372193098,0.0207477062940597,-0.0061151795089244,0.0135332401841878,0.0044437213800847,0.0115838088095188,0.0066360281780362,0.0254859682172536,0.0135226380079984,-0.0034438194707036,0.0110073359683156,-0.0027903213631361,0.0006598633481189,0.0141489235684275,0.0082426639273762,0.0101143158972263,-0.0027795645873993,-0.006553063634783,0.0011477241059765,-0.0180180221796035,0.0029479251243174,0.0192391164600849,0.0034291162155568,0.0081552295014262,0.0265256483107805,0.0022089346311986,-0.0209258627146482,0.0200540646910667,0.0056671355850994,-0.0015747962752357,0.0030590665992349,0.0029332370031625,-0.0075440998189151,0.0107183866202831,0.0132621647790074,0.0041218297556042,0.0137270037084817,0.0057577155530452,0.0203118361532688,0.0036985634360462,-0.0029321364127099,0.0416566245257854,0.0086673507466912,-0.0393245629966259,-0.0230167265981435,-0.0057497699744999,0.0083241527900099,0.0032302581239491,-0.0034267511218786,-0.0016125246183946,0.0051578306593,0.0192533377557992,0.0024880061391741,0.0565616153180599,0.0015510853845626,-0.0093388371169567,0.0063497545197606,-0.0209336560219526,0.0012310587335377,-0.0125920353457331,-0.0055333632044494,-0.0227536465972662,-0.0112827783450484,0.0179626159369945,-0.0093794325366616,-0.0210550632327795,0.0132554862648248,-0.0201768167316913,0.0387789718806743,-0.0063076997175812,0.0142429480329155,0.0127765806391835,-0.0023651686497032,0.0103734610602259,0.0108164669945836,0.0166393928229808,-0.0005863517289981,-0.0302273146808147,0.0176004245877265,-0.0163201335817575,-0.0121071832254529,-0.0322371609508991,0.0132768601179122,0.0261989403516054,0.011807051487267,0.0208522658795118,-0.0038422748912125,-0.014518684707582,-0.0200000219047069,0.0392293073236942,0.0049563259817659,-0.0105649763718247,-0.0034813676029443,0.0218258686363697,0.009607040323317,-0.0104505512863397,-0.0354671142995357,0.0089034922420978,0.0177876651287078,-0.0021042821463197,0.0095462119206786,-0.0653408616781234,0.0461626201868057,0.0178087875247001,0.0524316518862373,0.023753917193835,0.0746580602493078,0.0086322792765376,0.0896656761440999,0.0328030247143549,0.1183510556228883,0.080115068138012,0.2273936423738305,0.2660727994790082,0.3058510333989859,0.1490385396112765,2019-02-20,2019-02-21,2019-02-22,2019-02-25,2019-02-26,2019-02-27,2019-02-28,2019-03-01,2019-03-04,2019-03-05,11403.0,2019-02-19,252.0,0.1141%,0.0008,0.918,0.0691,-0.7499,1.4426%,1.9000%,42.3507%,0.001337,CDNS,11403.0,2019-02-20,252.0,4.6163%,0.001,0.9309,0.097,-0.7039,1.4730%,1.9208%,41.1943%,0.048291,CDNS,11403.0,2019-02-21,252.0,0.5992%,0.001,0.9399,0.1168,-0.6875,1.4620%,1.9149%,41.7082%,0.0077859999999999,CDNS,11403.0,2019-02-22,252.0,2.1119%,0.001,0.9385,0.1433,-0.6807,1.4572%,1.9128%,41.9674%,0.00416,CDNS,11403.0,2019-02-25,252.0,1.2374%,0.0011,0.9366,0.137,-0.691,1.4548%,1.9121%,42.1134%,0.010014,CDNS,11403.0,2019-02-26,252.0,0.1572%,0.0011,0.9316,0.1413,-0.6926,1.4539%,1.9068%,41.8630%,0.001567,CDNS,11403.0,2019-02-27,252.0,0.1569%,0.0011,0.935,0.1349,-0.692,1.4531%,1.9068%,41.9212%,-0.0004689999999999,CDNS,11403.0,2019-02-28,252.0,-0.3481%,0.0011,0.9348,0.1347,-0.6913,1.4533%,1.9049%,41.7990%,-0.00244,CDNS,11403.0,2019-03-01,252.0,1.5546%,0.0012,0.9308,0.1287,-0.6996,1.4526%,1.9038%,41.7786%,0.0055689999999999,CDNS,11403.0,2019-03-04,252.0,0.6880%,0.0012,0.9266,0.1305,-0.6957,1.4547%,1.9014%,41.4652%,0.014873,CDNS,11403.0,2019-03-05,252.0,0.5637%,0.0012,0.9224,0.101,-0.7003,1.4519%,1.8945%,41.2709%,0.005857,CDNS,0.049628,0.057414,0.061574,0.073155,0.096545
19603,CADENCE DESIGN SYSTEMS INC,"Cadence Design Systems Sees Q1 Adj. EPS $0.48-$0.50 vs $0.46 Est., Sales $565M-$575M vs $549.16M Est., Sees FY19 Adj. EPS $1.97-$2.07 vs $1.96 Est., Sales $2.27B-$2.31B vs $2.26B Est.",6,increase,0.8,0.7,"the company has reported better-than-expected earnings and sales guidance, which is likely to positively influence investor sentiment and drive the stock price up.",2,2019-02-19,CDNS,2019-02-19 21:29:00+00:00,11403.0,12738710,0.0011410717852413,3012955.0,0.0461626201868057,0.0178087875247001,0.0059924065135419,0.0058411066420376,0.0211190991103649,-0.0147707741707563,0.0123740630224347,0.0253737401217222,0.0015715060289949,-0.0013749694917351,0.0015690403524786,0.0065242783166468,-0.0034813012462109,0.0019810278899967,0.0155458413064479,0.007987174205482,0.0068799713626503,0.0078487265855073,0.0056371372193098,0.0207477062940597,-0.0061151795089244,0.0135332401841878,0.0044437213800847,0.0115838088095188,0.0066360281780362,0.0254859682172536,0.0135226380079984,-0.0034438194707036,0.0110073359683156,-0.0027903213631361,0.0006598633481189,0.0141489235684275,0.0082426639273762,0.0101143158972263,-0.0027795645873993,-0.006553063634783,0.0011477241059765,-0.0180180221796035,0.0029479251243174,0.0192391164600849,0.0034291162155568,0.0081552295014262,0.0265256483107805,0.0022089346311986,-0.0209258627146482,0.0200540646910667,0.0056671355850994,-0.0015747962752357,0.0030590665992349,0.0029332370031625,-0.0075440998189151,0.0107183866202831,0.0132621647790074,0.0041218297556042,0.0137270037084817,0.0057577155530452,0.0203118361532688,0.0036985634360462,-0.0029321364127099,0.0416566245257854,0.0086673507466912,-0.0393245629966259,-0.0230167265981435,-0.0057497699744999,0.0083241527900099,0.0032302581239491,-0.0034267511218786,-0.0016125246183946,0.0051578306593,0.0192533377557992,0.0024880061391741,0.0565616153180599,0.0015510853845626,-0.0093388371169567,0.0063497545197606,-0.0209336560219526,0.0012310587335377,-0.0125920353457331,-0.0055333632044494,-0.0227536465972662,-0.0112827783450484,0.0179626159369945,-0.0093794325366616,-0.0210550632327795,0.0132554862648248,-0.0201768167316913,0.0387789718806743,-0.0063076997175812,0.0142429480329155,0.0127765806391835,-0.0023651686497032,0.0103734610602259,0.0108164669945836,0.0166393928229808,-0.0005863517289981,-0.0302273146808147,0.0176004245877265,-0.0163201335817575,-0.0121071832254529,-0.0322371609508991,0.0132768601179122,0.0261989403516054,0.011807051487267,0.0208522658795118,-0.0038422748912125,-0.014518684707582,-0.0200000219047069,0.0392293073236942,0.0049563259817659,-0.0105649763718247,-0.0034813676029443,0.0218258686363697,0.009607040323317,-0.0104505512863397,-0.0354671142995357,0.0089034922420978,0.0177876651287078,-0.0021042821463197,0.0095462119206786,-0.0653408616781234,0.0461626201868057,0.0178087875247001,0.0524316518862373,0.023753917193835,0.0746580602493078,0.0086322792765376,0.0896656761440999,0.0328030247143549,0.1183510556228883,0.080115068138012,0.2273936423738305,0.2660727994790082,0.3058510333989859,0.1490385396112765,2019-02-20,2019-02-21,2019-02-22,2019-02-25,2019-02-26,2019-02-27,2019-02-28,2019-03-01,2019-03-04,2019-03-05,11403.0,2019-02-19,252.0,0.1141%,0.0008,0.918,0.0691,-0.7499,1.4426%,1.9000%,42.3507%,0.001337,CDNS,11403.0,2019-02-20,252.0,4.6163%,0.001,0.9309,0.097,-0.7039,1.4730%,1.9208%,41.1943%,0.048291,CDNS,11403.0,2019-02-21,252.0,0.5992%,0.001,0.9399,0.1168,-0.6875,1.4620%,1.9149%,41.7082%,0.0077859999999999,CDNS,11403.0,2019-02-22,252.0,2.1119%,0.001,0.9385,0.1433,-0.6807,1.4572%,1.9128%,41.9674%,0.00416,CDNS,11403.0,2019-02-25,252.0,1.2374%,0.0011,0.9366,0.137,-0.691,1.4548%,1.9121%,42.1134%,0.010014,CDNS,11403.0,2019-02-26,252.0,0.1572%,0.0011,0.9316,0.1413,-0.6926,1.4539%,1.9068%,41.8630%,0.001567,CDNS,11403.0,2019-02-27,252.0,0.1569%,0.0011,0.935,0.1349,-0.692,1.4531%,1.9068%,41.9212%,-0.0004689999999999,CDNS,11403.0,2019-02-28,252.0,-0.3481%,0.0011,0.9348,0.1347,-0.6913,1.4533%,1.9049%,41.7990%,-0.00244,CDNS,11403.0,2019-03-01,252.0,1.5546%,0.0012,0.9308,0.1287,-0.6996,1.4526%,1.9038%,41.7786%,0.0055689999999999,CDNS,11403.0,2019-03-04,252.0,0.6880%,0.0012,0.9266,0.1305,-0.6957,1.4547%,1.9014%,41.4652%,0.014873,CDNS,11403.0,2019-03-05,252.0,0.5637%,0.0012,0.9224,0.101,-0.7003,1.4519%,1.8945%,41.2709%,0.005857,CDNS,0.049628,0.057414,0.061574,0.073155,0.096545
19611,CADENCE DESIGN SYSTEMS INC,"Cadence Design Systems Q4 Adj. EPS $0.52 Beats $0.47 Estimate, Sales $570M Beat $550.35M Estimate",6,increase,0.8,0.7,"the company reported better-than-expected earnings and sales, which typically leads to a positive reaction in stock prices.",2,2019-02-19,CDNS,2019-02-19 21:27:00+00:00,11403.0,12738710,0.0011410717852413,3012955.0,0.0461626201868057,0.0178087875247001,0.0059924065135419,0.0058411066420376,0.0211190991103649,-0.0147707741707563,0.0123740630224347,0.0253737401217222,0.0015715060289949,-0.0013749694917351,0.0015690403524786,0.0065242783166468,-0.0034813012462109,0.0019810278899967,0.0155458413064479,0.007987174205482,0.0068799713626503,0.0078487265855073,0.0056371372193098,0.0207477062940597,-0.0061151795089244,0.0135332401841878,0.0044437213800847,0.0115838088095188,0.0066360281780362,0.0254859682172536,0.0135226380079984,-0.0034438194707036,0.0110073359683156,-0.0027903213631361,0.0006598633481189,0.0141489235684275,0.0082426639273762,0.0101143158972263,-0.0027795645873993,-0.006553063634783,0.0011477241059765,-0.0180180221796035,0.0029479251243174,0.0192391164600849,0.0034291162155568,0.0081552295014262,0.0265256483107805,0.0022089346311986,-0.0209258627146482,0.0200540646910667,0.0056671355850994,-0.0015747962752357,0.0030590665992349,0.0029332370031625,-0.0075440998189151,0.0107183866202831,0.0132621647790074,0.0041218297556042,0.0137270037084817,0.0057577155530452,0.0203118361532688,0.0036985634360462,-0.0029321364127099,0.0416566245257854,0.0086673507466912,-0.0393245629966259,-0.0230167265981435,-0.0057497699744999,0.0083241527900099,0.0032302581239491,-0.0034267511218786,-0.0016125246183946,0.0051578306593,0.0192533377557992,0.0024880061391741,0.0565616153180599,0.0015510853845626,-0.0093388371169567,0.0063497545197606,-0.0209336560219526,0.0012310587335377,-0.0125920353457331,-0.0055333632044494,-0.0227536465972662,-0.0112827783450484,0.0179626159369945,-0.0093794325366616,-0.0210550632327795,0.0132554862648248,-0.0201768167316913,0.0387789718806743,-0.0063076997175812,0.0142429480329155,0.0127765806391835,-0.0023651686497032,0.0103734610602259,0.0108164669945836,0.0166393928229808,-0.0005863517289981,-0.0302273146808147,0.0176004245877265,-0.0163201335817575,-0.0121071832254529,-0.0322371609508991,0.0132768601179122,0.0261989403516054,0.011807051487267,0.0208522658795118,-0.0038422748912125,-0.014518684707582,-0.0200000219047069,0.0392293073236942,0.0049563259817659,-0.0105649763718247,-0.0034813676029443,0.0218258686363697,0.009607040323317,-0.0104505512863397,-0.0354671142995357,0.0089034922420978,0.0177876651287078,-0.0021042821463197,0.0095462119206786,-0.0653408616781234,0.0461626201868057,0.0178087875247001,0.0524316518862373,0.023753917193835,0.0746580602493078,0.0086322792765376,0.0896656761440999,0.0328030247143549,0.1183510556228883,0.080115068138012,0.2273936423738305,0.2660727994790082,0.3058510333989859,0.1490385396112765,2019-02-20,2019-02-21,2019-02-22,2019-02-25,2019-02-26,2019-02-27,2019-02-28,2019-03-01,2019-03-04,2019-03-05,11403.0,2019-02-19,252.0,0.1141%,0.0008,0.918,0.0691,-0.7499,1.4426%,1.9000%,42.3507%,0.001337,CDNS,11403.0,2019-02-20,252.0,4.6163%,0.001,0.9309,0.097,-0.7039,1.4730%,1.9208%,41.1943%,0.048291,CDNS,11403.0,2019-02-21,252.0,0.5992%,0.001,0.9399,0.1168,-0.6875,1.4620%,1.9149%,41.7082%,0.0077859999999999,CDNS,11403.0,2019-02-22,252.0,2.1119%,0.001,0.9385,0.1433,-0.6807,1.4572%,1.9128%,41.9674%,0.00416,CDNS,11403.0,2019-02-25,252.0,1.2374%,0.0011,0.9366,0.137,-0.691,1.4548%,1.9121%,42.1134%,0.010014,CDNS,11403.0,2019-02-26,252.0,0.1572%,0.0011,0.9316,0.1413,-0.6926,1.4539%,1.9068%,41.8630%,0.001567,CDNS,11403.0,2019-02-27,252.0,0.1569%,0.0011,0.935,0.1349,-0.692,1.4531%,1.9068%,41.9212%,-0.0004689999999999,CDNS,11403.0,2019-02-28,252.0,-0.3481%,0.0011,0.9348,0.1347,-0.6913,1.4533%,1.9049%,41.7990%,-0.00244,CDNS,11403.0,2019-03-01,252.0,1.5546%,0.0012,0.9308,0.1287,-0.6996,1.4526%,1.9038%,41.7786%,0.0055689999999999,CDNS,11403.0,2019-03-04,252.0,0.6880%,0.0012,0.9266,0.1305,-0.6957,1.4547%,1.9014%,41.4652%,0.014873,CDNS,11403.0,2019-03-05,252.0,0.5637%,0.0012,0.9224,0.101,-0.7003,1.4519%,1.8945%,41.2709%,0.005857,CDNS,0.049628,0.057414,0.061574,0.073155,0.096545
19619,CADENCE DESIGN SYSTEMS INC,Cadence Takes 16% Stake In Green Hills Software For $150M,6,increase,0.7,0.6,"acquiring a significant stake in green hills software suggests strategic growth and potential for future revenue, which could positively influence investor sentiment and stock price.",2,2019-02-19,CDNS,2019-02-19 21:23:00+00:00,11403.0,12738710,0.0011410717852413,3012955.0,0.0461626201868057,0.0178087875247001,0.0059924065135419,0.0058411066420376,0.0211190991103649,-0.0147707741707563,0.0123740630224347,0.0253737401217222,0.0015715060289949,-0.0013749694917351,0.0015690403524786,0.0065242783166468,-0.0034813012462109,0.0019810278899967,0.0155458413064479,0.007987174205482,0.0068799713626503,0.0078487265855073,0.0056371372193098,0.0207477062940597,-0.0061151795089244,0.0135332401841878,0.0044437213800847,0.0115838088095188,0.0066360281780362,0.0254859682172536,0.0135226380079984,-0.0034438194707036,0.0110073359683156,-0.0027903213631361,0.0006598633481189,0.0141489235684275,0.0082426639273762,0.0101143158972263,-0.0027795645873993,-0.006553063634783,0.0011477241059765,-0.0180180221796035,0.0029479251243174,0.0192391164600849,0.0034291162155568,0.0081552295014262,0.0265256483107805,0.0022089346311986,-0.0209258627146482,0.0200540646910667,0.0056671355850994,-0.0015747962752357,0.0030590665992349,0.0029332370031625,-0.0075440998189151,0.0107183866202831,0.0132621647790074,0.0041218297556042,0.0137270037084817,0.0057577155530452,0.0203118361532688,0.0036985634360462,-0.0029321364127099,0.0416566245257854,0.0086673507466912,-0.0393245629966259,-0.0230167265981435,-0.0057497699744999,0.0083241527900099,0.0032302581239491,-0.0034267511218786,-0.0016125246183946,0.0051578306593,0.0192533377557992,0.0024880061391741,0.0565616153180599,0.0015510853845626,-0.0093388371169567,0.0063497545197606,-0.0209336560219526,0.0012310587335377,-0.0125920353457331,-0.0055333632044494,-0.0227536465972662,-0.0112827783450484,0.0179626159369945,-0.0093794325366616,-0.0210550632327795,0.0132554862648248,-0.0201768167316913,0.0387789718806743,-0.0063076997175812,0.0142429480329155,0.0127765806391835,-0.0023651686497032,0.0103734610602259,0.0108164669945836,0.0166393928229808,-0.0005863517289981,-0.0302273146808147,0.0176004245877265,-0.0163201335817575,-0.0121071832254529,-0.0322371609508991,0.0132768601179122,0.0261989403516054,0.011807051487267,0.0208522658795118,-0.0038422748912125,-0.014518684707582,-0.0200000219047069,0.0392293073236942,0.0049563259817659,-0.0105649763718247,-0.0034813676029443,0.0218258686363697,0.009607040323317,-0.0104505512863397,-0.0354671142995357,0.0089034922420978,0.0177876651287078,-0.0021042821463197,0.0095462119206786,-0.0653408616781234,0.0461626201868057,0.0178087875247001,0.0524316518862373,0.023753917193835,0.0746580602493078,0.0086322792765376,0.0896656761440999,0.0328030247143549,0.1183510556228883,0.080115068138012,0.2273936423738305,0.2660727994790082,0.3058510333989859,0.1490385396112765,2019-02-20,2019-02-21,2019-02-22,2019-02-25,2019-02-26,2019-02-27,2019-02-28,2019-03-01,2019-03-04,2019-03-05,11403.0,2019-02-19,252.0,0.1141%,0.0008,0.918,0.0691,-0.7499,1.4426%,1.9000%,42.3507%,0.001337,CDNS,11403.0,2019-02-20,252.0,4.6163%,0.001,0.9309,0.097,-0.7039,1.4730%,1.9208%,41.1943%,0.048291,CDNS,11403.0,2019-02-21,252.0,0.5992%,0.001,0.9399,0.1168,-0.6875,1.4620%,1.9149%,41.7082%,0.0077859999999999,CDNS,11403.0,2019-02-22,252.0,2.1119%,0.001,0.9385,0.1433,-0.6807,1.4572%,1.9128%,41.9674%,0.00416,CDNS,11403.0,2019-02-25,252.0,1.2374%,0.0011,0.9366,0.137,-0.691,1.4548%,1.9121%,42.1134%,0.010014,CDNS,11403.0,2019-02-26,252.0,0.1572%,0.0011,0.9316,0.1413,-0.6926,1.4539%,1.9068%,41.8630%,0.001567,CDNS,11403.0,2019-02-27,252.0,0.1569%,0.0011,0.935,0.1349,-0.692,1.4531%,1.9068%,41.9212%,-0.0004689999999999,CDNS,11403.0,2019-02-28,252.0,-0.3481%,0.0011,0.9348,0.1347,-0.6913,1.4533%,1.9049%,41.7990%,-0.00244,CDNS,11403.0,2019-03-01,252.0,1.5546%,0.0012,0.9308,0.1287,-0.6996,1.4526%,1.9038%,41.7786%,0.0055689999999999,CDNS,11403.0,2019-03-04,252.0,0.6880%,0.0012,0.9266,0.1305,-0.6957,1.4547%,1.9014%,41.4652%,0.014873,CDNS,11403.0,2019-03-05,252.0,0.5637%,0.0012,0.9224,0.101,-0.7003,1.4519%,1.8945%,41.2709%,0.005857,CDNS,0.049628,0.057414,0.061574,0.073155,0.096545
19627,CRESTWOOD EQUITY PARTNERS LP,"Crestwood Equity Partners Sees FY19 Net Income $105M-$135M, Adj. EBITDA $460M-$490M",6,increase,0.7,0.6,"the projected net income and adjusted ebitda figures suggest strong financial performance, which is likely to positively influence investor sentiment and increase the stock price.",2,2019-02-19,CEQP,2019-02-19 12:08:00+00:00,89043.0,22634420,0.044485043734312,495199.0,-0.0070011047646403,-0.0024316664785146,-0.0249706897884607,0.00920254830271,-0.0021090598311275,0.0245128460228443,-0.0078501915559172,0.0301068406552076,-0.0413877218961715,0.0038998676463961,0.0161904226988554,-0.009974243119359,-0.0090596387162804,-0.0164557099342346,-0.0214375294744968,-0.0161930695176124,-0.006765495520085,-0.0009157137246802,0.0265974607318639,0.0079999482259154,-0.0078988941386342,0.0249133054167032,0.0207006242126226,-0.0335264317691326,0.0262090545147657,0.016104070469737,0.0446944721043109,-0.0082923965528607,-0.003201414598152,0.0027717938646674,-0.0032116966322064,0.0236444491893053,0.0008786988910287,0.0245478115975856,-0.0005852105678059,0.0019417302682995,0.0067349788732826,-0.0418604761362075,0.0084350518882274,0.0303514637053012,0.0020191380754113,0.0038485866971313,0.0261945836246013,-0.0054226499050855,-0.0252454839646816,0.036706369370222,-0.0106474515050649,-0.0178629793226718,-0.0136707741767168,-0.0162938758730888,0.0073724566027522,-0.0129296705126762,0.0114168440923094,0.0465346500277519,0.0185238607227802,0.0137169575318694,0.0153452949598431,0.0067362361587584,-0.0058773881755769,0.0381118915975093,-0.0016892278799787,-0.0148122729733586,-0.0025380754377692,0.0401290170848369,0.0152672016993165,-0.0210452601313591,-0.023670244961977,0.0059985914267599,-0.007415919099003,-0.0063113709911704,0.0244253538548946,0.0586488470435142,0.0252453759312629,-0.0426438823342323,0.0131326830014586,0.0021367331501096,0.0091817490756511,-0.0481355972588062,-0.0040138536132872,-0.0060647004283964,-0.0161204263567924,-0.0553787313401699,-0.008465252816677,-0.0272445566952228,0.0313962921500206,0.0157232712954282,-0.009345855563879,0.0607071295380592,-0.0013476883759722,0.0193811524659395,-0.0107961595058441,-0.0137491570785641,-0.0021828601602464,-0.0289807692170143,0.0035548557061702,0.005566410254687,-0.0002725377562455,0.0163062121719121,-0.0070863543078303,-0.0233994536101818,-0.0307438634335994,0.0360269248485565,-0.001132849487476,-0.01131824683398,0.0,0.0087306993082165,0.0065211537294089,0.0091494563966989,0.0040114438161253,-0.0016914492007344,-0.0025684973224997,0.0228373650461435,0.0466380827128887,-0.0186757594347,0.0005466550355777,0.0326087065041065,-0.0002731781860347,-0.0384355820715427,-0.0144847985357046,-0.0152722764760255,-0.0070011047646403,-0.0024316664785146,-0.0317969721378467,0.0067485042959707,-0.0338389702522867,0.0314267753655066,-0.0810968162045521,0.0666233074459852,-0.0767210984357932,0.0290204371648141,0.0361727433919145,0.1693413918364408,0.0700100720082812,0.1103307958964721,2019-02-20,2019-02-21,2019-02-22,2019-02-25,2019-02-26,2019-02-27,2019-02-28,2019-03-01,2019-03-04,2019-03-05,89043.0,2019-02-19,252.0,4.4485%,0.0013,0.8469,0.4156,0.606,1.7301%,1.9189%,18.7107%,0.039907,CEQP,89043.0,2019-02-20,252.0,-0.7001%,0.0013,0.8438,0.4129,0.5962,1.7314%,1.9192%,18.6104%,-0.012957,CEQP,89043.0,2019-02-21,252.0,-2.4971%,0.0012,0.8532,0.4274,0.6136,1.7350%,1.9262%,18.8653%,-0.020288,CEQP,89043.0,2019-02-22,252.0,-0.2109%,0.0012,0.8532,0.435,0.6208,1.7346%,1.9260%,18.8884%,-0.001085,CEQP,89043.0,2019-02-25,252.0,-0.7850%,0.0012,0.8521,0.4379,0.6182,1.7343%,1.9254%,18.8668%,-0.006982,CEQP,89043.0,2019-02-26,252.0,-4.1388%,0.0011,0.8667,0.4745,0.6477,1.7477%,1.9440%,19.1735%,-0.035282,CEQP,89043.0,2019-02-27,252.0,1.6190%,0.0013,0.8771,0.4601,0.6494,1.7440%,1.9438%,19.4980%,0.015186,CEQP,89043.0,2019-02-28,252.0,-0.9060%,0.0012,0.885,0.4653,0.6566,1.7427%,1.9449%,19.7055%,-0.004909,CEQP,89043.0,2019-03-01,252.0,-2.1438%,0.0011,0.8822,0.4612,0.6652,1.7512%,1.9493%,19.2956%,-0.026622,CEQP,89043.0,2019-03-04,252.0,-0.6765%,0.001,0.8833,0.4614,0.6641,1.7514%,1.9497%,19.3124%,-0.003017,CEQP,89043.0,2019-03-05,252.0,2.6597%,0.0011,0.8762,0.4259,0.6479,1.7605%,1.9532%,18.7587%,0.0310329999999999,CEQP,0.0269499999999999,0.0066619999999999,0.0055769999999999,-0.036687,-0.025016
19635,CRESTWOOD EQUITY PARTNERS LP,"Crestwood Equity Partners Q4 EPS $0.57 May Not Compare To $0.15 Estimate, Sales $768.4M May Not Compare To $1.02B Estimate",6,decrease,0.8,0.7,"the significant miss in both eps and sales estimates suggests weaker-than-expected financial performance, which is likely to negatively impact investor sentiment and lead to a decrease in stock price.",0,2019-02-19,CEQP,2019-02-19 12:08:00+00:00,89043.0,22634420,0.044485043734312,495199.0,-0.0070011047646403,-0.0024316664785146,-0.0249706897884607,0.00920254830271,-0.0021090598311275,0.0245128460228443,-0.0078501915559172,0.0301068406552076,-0.0413877218961715,0.0038998676463961,0.0161904226988554,-0.009974243119359,-0.0090596387162804,-0.0164557099342346,-0.0214375294744968,-0.0161930695176124,-0.006765495520085,-0.0009157137246802,0.0265974607318639,0.0079999482259154,-0.0078988941386342,0.0249133054167032,0.0207006242126226,-0.0335264317691326,0.0262090545147657,0.016104070469737,0.0446944721043109,-0.0082923965528607,-0.003201414598152,0.0027717938646674,-0.0032116966322064,0.0236444491893053,0.0008786988910287,0.0245478115975856,-0.0005852105678059,0.0019417302682995,0.0067349788732826,-0.0418604761362075,0.0084350518882274,0.0303514637053012,0.0020191380754113,0.0038485866971313,0.0261945836246013,-0.0054226499050855,-0.0252454839646816,0.036706369370222,-0.0106474515050649,-0.0178629793226718,-0.0136707741767168,-0.0162938758730888,0.0073724566027522,-0.0129296705126762,0.0114168440923094,0.0465346500277519,0.0185238607227802,0.0137169575318694,0.0153452949598431,0.0067362361587584,-0.0058773881755769,0.0381118915975093,-0.0016892278799787,-0.0148122729733586,-0.0025380754377692,0.0401290170848369,0.0152672016993165,-0.0210452601313591,-0.023670244961977,0.0059985914267599,-0.007415919099003,-0.0063113709911704,0.0244253538548946,0.0586488470435142,0.0252453759312629,-0.0426438823342323,0.0131326830014586,0.0021367331501096,0.0091817490756511,-0.0481355972588062,-0.0040138536132872,-0.0060647004283964,-0.0161204263567924,-0.0553787313401699,-0.008465252816677,-0.0272445566952228,0.0313962921500206,0.0157232712954282,-0.009345855563879,0.0607071295380592,-0.0013476883759722,0.0193811524659395,-0.0107961595058441,-0.0137491570785641,-0.0021828601602464,-0.0289807692170143,0.0035548557061702,0.005566410254687,-0.0002725377562455,0.0163062121719121,-0.0070863543078303,-0.0233994536101818,-0.0307438634335994,0.0360269248485565,-0.001132849487476,-0.01131824683398,0.0,0.0087306993082165,0.0065211537294089,0.0091494563966989,0.0040114438161253,-0.0016914492007344,-0.0025684973224997,0.0228373650461435,0.0466380827128887,-0.0186757594347,0.0005466550355777,0.0326087065041065,-0.0002731781860347,-0.0384355820715427,-0.0144847985357046,-0.0152722764760255,-0.0070011047646403,-0.0024316664785146,-0.0317969721378467,0.0067485042959707,-0.0338389702522867,0.0314267753655066,-0.0810968162045521,0.0666233074459852,-0.0767210984357932,0.0290204371648141,0.0361727433919145,0.1693413918364408,0.0700100720082812,0.1103307958964721,2019-02-20,2019-02-21,2019-02-22,2019-02-25,2019-02-26,2019-02-27,2019-02-28,2019-03-01,2019-03-04,2019-03-05,89043.0,2019-02-19,252.0,4.4485%,0.0013,0.8469,0.4156,0.606,1.7301%,1.9189%,18.7107%,0.039907,CEQP,89043.0,2019-02-20,252.0,-0.7001%,0.0013,0.8438,0.4129,0.5962,1.7314%,1.9192%,18.6104%,-0.012957,CEQP,89043.0,2019-02-21,252.0,-2.4971%,0.0012,0.8532,0.4274,0.6136,1.7350%,1.9262%,18.8653%,-0.020288,CEQP,89043.0,2019-02-22,252.0,-0.2109%,0.0012,0.8532,0.435,0.6208,1.7346%,1.9260%,18.8884%,-0.001085,CEQP,89043.0,2019-02-25,252.0,-0.7850%,0.0012,0.8521,0.4379,0.6182,1.7343%,1.9254%,18.8668%,-0.006982,CEQP,89043.0,2019-02-26,252.0,-4.1388%,0.0011,0.8667,0.4745,0.6477,1.7477%,1.9440%,19.1735%,-0.035282,CEQP,89043.0,2019-02-27,252.0,1.6190%,0.0013,0.8771,0.4601,0.6494,1.7440%,1.9438%,19.4980%,0.015186,CEQP,89043.0,2019-02-28,252.0,-0.9060%,0.0012,0.885,0.4653,0.6566,1.7427%,1.9449%,19.7055%,-0.004909,CEQP,89043.0,2019-03-01,252.0,-2.1438%,0.0011,0.8822,0.4612,0.6652,1.7512%,1.9493%,19.2956%,-0.026622,CEQP,89043.0,2019-03-04,252.0,-0.6765%,0.001,0.8833,0.4614,0.6641,1.7514%,1.9497%,19.3124%,-0.003017,CEQP,89043.0,2019-03-05,252.0,2.6597%,0.0011,0.8762,0.4259,0.6479,1.7605%,1.9532%,18.7587%,0.0310329999999999,CEQP,0.0269499999999999,0.0066619999999999,0.0055769999999999,-0.036687,-0.025016
19643,C F BANKSHARES INC,Central Federal Corporation Q4 EPS $0.33 Up From $0.24 YoY,6,increase,0.8,0.6,"the increase in eps from $0.24 to $0.33 year-over-year suggests improved profitability, which is likely to positively influence investor sentiment and drive the stock price up.",2,2019-02-19,CFBK,2019-02-19 14:24:00+00:00,86526.0,12520L10,-0.011627878062427,784.0,-0.0031372518278658,0.021377632394433,0.0031471252441406,-0.0136665506288409,-0.0015842961147427,0.0086728334426879,1.56575861183228e-05,-0.0128382658585906,0.0039277449250221,-0.0107692573219537,0.0023474716581404,0.0037680268287658,-0.0031225574202835,0.00905332993716,0.0046984702348709,-0.0019439827883616,-0.0054559386335313,0.0179768241941928,0.0287147145718336,-0.0319616831839084,-0.0142004219815135,0.0299921166151762,-0.0043276473879814,-0.0017176476540043,0.016765022650361,-0.0050095245242118,0.0,0.0180127993226051,-0.0173816960304975,-0.0159428305923938,-0.0079472735524177,0.0201661232858896,0.0,0.0065565109252929,0.0062646768055856,0.0114191994071006,-0.0015564558561891,-0.0440545491874218,0.003437241539359,0.0581683106720447,0.0330819599330425,-0.0081833368167281,-0.0184210445731878,0.0069630681537091,-0.0409804545342922,0.002933848882094,0.050319418311119,0.0002811370650306,-0.0163193624466657,-0.0039852513000369,-0.0104673858731985,-0.0007733342936262,-0.0055468827486038,-0.0106308488175272,0.0071489983238279,0.0028571304865181,0.0,0.0032760000322014,0.0023401472717523,0.0181363131850957,0.0,0.0163135696202516,0.0007781537133269,0.0094098048284649,-0.0272161308676004,-0.0258333683013916,0.0139888236299157,0.1214953437447548,0.0052029942162334,0.0018726127455011,-0.0141950203105807,-0.0234088860452175,0.0065235272049903,0.0033027755562216,0.0010274687083438,-0.0371024794876575,-0.0075010079890489,-0.0320649854838848,-0.0018933888059109,-0.0278470534831285,-0.0020882291719317,-0.0886363685131073,0.001932866172865,-0.0400000140070915,-0.0019291373901069,0.0036423131823539,-0.0065016667358577,-0.0054373629391193,0.0049362801946699,0.0036429315805435,-0.0007199859828688,-0.0031593816820532,-0.0032823926303535,-0.0130107160657644,0.0040160794742405,0.018248176202178,0.0080000301823019,-0.0048306151293218,0.0015872621443122,0.0012000343995168,0.0043977838940918,0.0036496489774435,-0.0047492990270257,-0.0014577592955902,-0.0067616659216582,0.0001239513076143,0.0015962057514116,0.0050036814063787,-0.0039840787649154,0.0047846580855548,0.0139759825542569,-0.0083941435441374,-0.0058935834094882,0.0,0.008730131201446,-0.0072464044205844,-0.0059008505195379,0.0072992979548871,-0.0051365569233894,0.0,-0.0031372518278658,0.021377632394433,9.185008309486875e-11,0.0074189232701489,-0.0015842960230382,0.0161560997986829,0.0023529203727583,-0.0076923365742117,0.0295215685898042,-0.0114942972590206,0.0078431638374871,0.0756722352742125,-0.0141098215489814,-0.0583941742016754,2019-02-20,2019-02-21,2019-02-22,2019-02-25,2019-02-26,2019-02-27,2019-02-28,2019-03-01,2019-03-04,2019-03-05,86526.0,2019-02-19,252.0,-1.1628%,-0.0001,0.2029,0.5346,0.3322,2.0921%,2.1165%,2.2889%,-0.0147029999999999,CFBK,86526.0,2019-02-20,252.0,-0.3137%,-0.0,0.2026,0.5411,0.3331,2.0900%,2.1148%,2.3314%,-0.006626,CFBK,86526.0,2019-02-21,252.0,0.3147%,-0.0,0.202,0.541,0.3319,2.0902%,2.1148%,2.3145%,0.0049419999999999,CFBK,86526.0,2019-02-22,252.0,-0.1584%,-0.0001,0.203,0.5185,0.3234,2.0876%,2.1108%,2.1885%,-0.001094,CFBK,86526.0,2019-02-25,252.0,0.0016%,0.0,0.2001,0.5148,0.3105,2.0815%,2.1043%,2.1544%,0.0015409999999999,CFBK,86526.0,2019-02-26,252.0,0.3928%,0.0,0.195,0.5079,0.3033,2.0819%,2.1041%,2.0974%,0.008467,CFBK,86526.0,2019-02-27,252.0,0.2347%,-0.0,0.1902,0.5169,0.3025,2.0808%,2.1031%,2.1138%,0.001471,CFBK,86526.0,2019-02-28,252.0,-0.3123%,0.0,0.1847,0.513,0.2989,2.0797%,2.1013%,2.0501%,-0.00198,CFBK,86526.0,2019-03-01,252.0,0.4698%,-0.0,0.1934,0.526,0.3111,2.0780%,2.1009%,2.1641%,0.002987,CFBK,86526.0,2019-03-04,252.0,-0.5456%,0.0,0.1886,0.5452,0.3116,2.0769%,2.1005%,2.2340%,-0.003649,CFBK,86526.0,2019-03-05,252.0,2.8715%,0.0,0.1773,0.478,0.292,2.0792%,2.0980%,1.7816%,0.031383,CFBK,-0.021329,-0.016387,-0.017481,-0.007473,0.022739
19651,CHOICE HOTELS INTERNATIONAL INC,"Choice Hotels International Awarded An Agreement To Servicestar Hospitality To Develop 14 New Woodspring Suites Hotels Throughout Colorado, Arizona, And Nevada",6,increase,0.7,0.6,"the announcement of developing 14 new hotels indicates growth and expansion for choice hotels, which is likely to positively impact investor sentiment and stock price.",2,2019-02-19,CHH,2019-02-19 18:02:00+00:00,85517.0,16990510,-0.0192307122051715,753956.0,0.0179632902145385,-0.0169532801955938,0.0027339532971382,0.0047794044949114,0.0057008187286555,0.0155569389462471,-0.0141713060438633,0.013624345883727,-0.00962495803833,-0.0015115599380806,0.0082038855180144,-0.005636234767735,-0.0005007626023143,-0.0079523734748363,0.006638356950134,0.0061258347705006,-0.0022396454587578,0.0041425330564379,0.0120962858200073,0.0123268673196435,-0.0048054088838398,-0.0059373574331402,-0.0255044903606176,0.0063564707525074,0.0024139555171132,0.0139211369678378,-0.0093789333477616,0.0117371091619133,-0.0030706943944096,0.0101435463875532,0.0056468485854566,0.0059634852223098,-0.0067636393941938,0.0092283328995108,0.0001284145837416,0.0032201511785387,0.0034687086008489,-0.0118005760014057,-0.0025604525581002,0.0096385711804032,-0.0096264919266104,0.0004017514293082,0.0079055596143007,-0.004400024190545,-0.0050147795118391,0.0117361769080162,-0.0102093685418367,-0.0081616351380944,0.0053532272577285,0.0064637181349098,-0.0049350294284522,0.0033779218792915,0.0138344755396246,-0.0024262070655822,0.0007723681628704,0.0172768700867891,0.0127990581095218,0.0055149802938103,0.0070046237669885,0.0346647687256336,0.010370553471148,-0.0176569800823926,0.0050069037824869,-0.0030735011678189,0.0184331256896257,0.001883870572783,-0.0007337356219068,0.0110046053305268,-0.0179904699325561,0.0156182311475276,0.0019940636120736,0.043822918087244,0.0032338574528694,-0.0161859691143035,0.0088023683056235,-0.0143582001328468,-0.0110606057569384,-0.0186451058834791,0.0130482837557792,-0.0097250854596495,-0.0008586812764406,-0.0114253833889961,0.0089625949040055,-0.0052668727003037,-0.0046239625662565,-0.0104238390922546,0.0086796954274177,-0.0057275081053376,0.0105441166087985,0.012286021374166,-0.0091148298233747,-0.0136165572330355,0.0041151819750666,-0.0190997757017612,0.0025313294027,-0.0168089140206575,-0.0015630306443199,0.0025013487320393,0.0099952053278684,-0.0430838800966739,0.0048884702846407,0.0193912219256162,0.0288324672728776,-0.0128041906282305,0.0027678222395479,0.0010151547612622,-0.0193214528262615,0.0213869288563728,0.0066846455447375,-0.009373340755701,-0.0156103959307074,0.0055519733577966,-0.014319515787065,0.0068902596831321,-0.0187297090888023,0.0072017204947769,0.0140706449747085,-0.0120310513302683,0.0155646838247776,-0.0204029977321624,0.0179632902145385,-0.0169532801955938,0.0207463543081862,-0.0122549022842527,0.0265654442420333,0.0031113878953659,0.0022770435386842,0.0152412033251922,0.0266919728112897,0.024272410521172,0.0029918084185387,0.1497860225849872,0.067684570461121,0.0244846972695735,2019-02-20,2019-02-21,2019-02-22,2019-02-25,2019-02-26,2019-02-27,2019-02-28,2019-03-01,2019-03-04,2019-03-05,85517.0,2019-02-19,252.0,-1.9231%,-0.0002,0.826,0.5233,0.0084,0.8819%,1.2802%,52.5436%,-0.02255,CHH,85517.0,2019-02-20,252.0,1.7963%,-0.0001,0.8306,0.5348,0.025,0.8869%,1.2851%,52.3761%,0.015096,CHH,85517.0,2019-02-21,252.0,0.2734%,-0.0,0.8214,0.5175,0.0081,0.8773%,1.2724%,52.4602%,0.006139,CHH,85517.0,2019-02-22,252.0,0.5701%,-0.0001,0.823,0.4839,-0.0032,0.8637%,1.2632%,53.2557%,-0.002466,CHH,85517.0,2019-02-25,252.0,-1.4171%,-0.0002,0.8233,0.4911,0.0015,0.8682%,1.2664%,53.0045%,-0.014254,CHH,85517.0,2019-02-26,252.0,-0.9625%,-0.0002,0.8214,0.5,0.0046,0.8682%,1.2641%,52.8302%,-0.00526,CHH,85517.0,2019-02-27,252.0,0.8204%,-0.0002,0.8247,0.496,0.0051,0.8680%,1.2651%,52.9262%,0.00642,CHH,85517.0,2019-02-28,252.0,-0.0501%,-0.0001,0.8165,0.4905,-0.0013,0.8633%,1.2546%,52.6528%,0.001869,CHH,85517.0,2019-03-01,252.0,0.6638%,-0.0001,0.8213,0.4975,0.0064,0.8618%,1.2551%,52.8540%,-0.000758,CHH,85517.0,2019-03-04,252.0,-0.2240%,-0.0001,0.8204,0.4968,0.0074,0.8621%,1.2546%,52.7809%,0.003906,CHH,85517.0,2019-03-05,252.0,1.2096%,-0.0,0.8185,0.4918,0.0005,0.8672%,1.2557%,52.3050%,0.014959,CHH,-0.007454,-0.001315,-0.003781,-0.023295,0.0031009999999999
19659,CHOICE HOTELS INTERNATIONAL INC,"Choice Hotels Wins Deal To Develop 14 New WoodSprint Suites Hotels In Colorado, Arizona, Nevada For ServiceStar Hospitality, No Terms Disclosed",6,increase,0.7,0.6,"the announcement of a deal to develop 14 new hotels suggests growth and expansion for choice hotels, which is likely to positively impact investor sentiment and stock price.",2,2019-02-19,CHH,2019-02-19 13:05:00+00:00,85517.0,16990510,-0.0192307122051715,753956.0,0.0179632902145385,-0.0169532801955938,0.0027339532971382,0.0047794044949114,0.0057008187286555,0.0155569389462471,-0.0141713060438633,0.013624345883727,-0.00962495803833,-0.0015115599380806,0.0082038855180144,-0.005636234767735,-0.0005007626023143,-0.0079523734748363,0.006638356950134,0.0061258347705006,-0.0022396454587578,0.0041425330564379,0.0120962858200073,0.0123268673196435,-0.0048054088838398,-0.0059373574331402,-0.0255044903606176,0.0063564707525074,0.0024139555171132,0.0139211369678378,-0.0093789333477616,0.0117371091619133,-0.0030706943944096,0.0101435463875532,0.0056468485854566,0.0059634852223098,-0.0067636393941938,0.0092283328995108,0.0001284145837416,0.0032201511785387,0.0034687086008489,-0.0118005760014057,-0.0025604525581002,0.0096385711804032,-0.0096264919266104,0.0004017514293082,0.0079055596143007,-0.004400024190545,-0.0050147795118391,0.0117361769080162,-0.0102093685418367,-0.0081616351380944,0.0053532272577285,0.0064637181349098,-0.0049350294284522,0.0033779218792915,0.0138344755396246,-0.0024262070655822,0.0007723681628704,0.0172768700867891,0.0127990581095218,0.0055149802938103,0.0070046237669885,0.0346647687256336,0.010370553471148,-0.0176569800823926,0.0050069037824869,-0.0030735011678189,0.0184331256896257,0.001883870572783,-0.0007337356219068,0.0110046053305268,-0.0179904699325561,0.0156182311475276,0.0019940636120736,0.043822918087244,0.0032338574528694,-0.0161859691143035,0.0088023683056235,-0.0143582001328468,-0.0110606057569384,-0.0186451058834791,0.0130482837557792,-0.0097250854596495,-0.0008586812764406,-0.0114253833889961,0.0089625949040055,-0.0052668727003037,-0.0046239625662565,-0.0104238390922546,0.0086796954274177,-0.0057275081053376,0.0105441166087985,0.012286021374166,-0.0091148298233747,-0.0136165572330355,0.0041151819750666,-0.0190997757017612,0.0025313294027,-0.0168089140206575,-0.0015630306443199,0.0025013487320393,0.0099952053278684,-0.0430838800966739,0.0048884702846407,0.0193912219256162,0.0288324672728776,-0.0128041906282305,0.0027678222395479,0.0010151547612622,-0.0193214528262615,0.0213869288563728,0.0066846455447375,-0.009373340755701,-0.0156103959307074,0.0055519733577966,-0.014319515787065,0.0068902596831321,-0.0187297090888023,0.0072017204947769,0.0140706449747085,-0.0120310513302683,0.0155646838247776,-0.0204029977321624,0.0179632902145385,-0.0169532801955938,0.0207463543081862,-0.0122549022842527,0.0265654442420333,0.0031113878953659,0.0022770435386842,0.0152412033251922,0.0266919728112897,0.024272410521172,0.0029918084185387,0.1497860225849872,0.067684570461121,0.0244846972695735,2019-02-20,2019-02-21,2019-02-22,2019-02-25,2019-02-26,2019-02-27,2019-02-28,2019-03-01,2019-03-04,2019-03-05,85517.0,2019-02-19,252.0,-1.9231%,-0.0002,0.826,0.5233,0.0084,0.8819%,1.2802%,52.5436%,-0.02255,CHH,85517.0,2019-02-20,252.0,1.7963%,-0.0001,0.8306,0.5348,0.025,0.8869%,1.2851%,52.3761%,0.015096,CHH,85517.0,2019-02-21,252.0,0.2734%,-0.0,0.8214,0.5175,0.0081,0.8773%,1.2724%,52.4602%,0.006139,CHH,85517.0,2019-02-22,252.0,0.5701%,-0.0001,0.823,0.4839,-0.0032,0.8637%,1.2632%,53.2557%,-0.002466,CHH,85517.0,2019-02-25,252.0,-1.4171%,-0.0002,0.8233,0.4911,0.0015,0.8682%,1.2664%,53.0045%,-0.014254,CHH,85517.0,2019-02-26,252.0,-0.9625%,-0.0002,0.8214,0.5,0.0046,0.8682%,1.2641%,52.8302%,-0.00526,CHH,85517.0,2019-02-27,252.0,0.8204%,-0.0002,0.8247,0.496,0.0051,0.8680%,1.2651%,52.9262%,0.00642,CHH,85517.0,2019-02-28,252.0,-0.0501%,-0.0001,0.8165,0.4905,-0.0013,0.8633%,1.2546%,52.6528%,0.001869,CHH,85517.0,2019-03-01,252.0,0.6638%,-0.0001,0.8213,0.4975,0.0064,0.8618%,1.2551%,52.8540%,-0.000758,CHH,85517.0,2019-03-04,252.0,-0.2240%,-0.0001,0.8204,0.4968,0.0074,0.8621%,1.2546%,52.7809%,0.003906,CHH,85517.0,2019-03-05,252.0,1.2096%,-0.0,0.8185,0.4918,0.0005,0.8672%,1.2557%,52.3050%,0.014959,CHH,-0.007454,-0.001315,-0.003781,-0.023295,0.0031009999999999
19667,COMCAST CORP NEW,"Comcast-Atairos, Sony Shortlisted for Stake Sale Talks by Zee Entertainment",6,uncertain,0.6,0.3,"the news about comcast being shortlisted for stake sale talks may indicate potential growth opportunities, but the actual impact on stock price will depend on the outcome of these discussions and market reactions.",1,2019-02-19,CMCSA,2019-02-19 09:11:00+00:00,89525.0,20030N10,-0.0058247609995305,12827677.0,0.0063915229402482,0.0136876590549945,0.0179941859096288,0.0062111681327223,0.0036391834728419,-0.0056391754187643,-0.0010360247688367,0.0064865318126976,0.0059631718322634,-0.0159574076533317,-0.0069587747566401,-0.0021231907885521,0.003633516607806,0.0137208011001348,0.011119739152491,0.0005382676026783,-0.0094628883525729,0.0103345410898327,-0.000258154439507,-0.0005436384235508,-0.0028409247752279,0.0060158935375511,-0.0059569939039647,0.0321761034429073,-0.0049505583010613,-0.0180155616253614,0.0256611574441194,0.0200735908001661,0.0081696072593331,-0.0114589119330048,0.0017725928919389,-0.0126932365819811,0.0078361360356211,-0.017619889229536,0.015048966743052,0.0549041479825973,-0.013590388931334,-0.0342446267604827,-0.0035069989971816,0.008354197256267,-0.0077927997335791,0.0002785047690849,0.0146946543827652,0.0019536614418029,-0.0147315897047519,0.0016774216201156,-0.007095762528479,0.0039292559958994,0.0114854713901877,-0.005304261110723,0.0146353263407945,-0.0066556204110383,0.0052225589752197,0.0095184808596968,-0.0108856670558452,0.0081851799041032,0.0082541732117533,-0.0106115899980068,-0.0019846421200782,0.0337760411202907,0.0062468764372169,0.0078557012602686,0.0034765182062983,0.0093979351222515,0.0002474219654686,-0.0032023070380091,0.0071746888570487,-0.0034813676029443,0.00810616184026,0.0096661346033215,0.0009746811701916,0.0323555991053581,-0.0009737320942804,-0.0201481580734252,0.0063352417200803,-0.0251299533993005,0.0116222649812698,-0.0161977745592594,0.0045476891100406,-0.012903306633234,0.0142958890646696,-0.0154652744531631,-0.0032886867411434,-0.0035773545969277,-0.0101343458518385,-0.0114254131913185,-0.0002380552759859,-0.0059491950087249,-0.0033342032693326,0.0038002005312591,0.0258064959198236,-0.0136545738205313,0.0034940955229103,-0.0016038859030231,0.0085886474698781,-0.0124076344072818,0.001841151039116,0.00504118995741,-0.0025270069018006,-0.0372925363481044,-0.0177336875349283,0.0035889057908207,0.0150058465078473,-0.0104008084163069,0.0002309614501427,0.0092165078967809,-0.0124711534008383,0.0182481948286294,-0.0049111107364296,0.0156208667904138,0.0086956275627017,0.0101631740108132,0.0053588855080306,-0.0031991186551749,-0.0201622880995273,0.0204026121646165,0.0149006880819797,-0.0371922999620437,-0.0097878854721784,-0.0106245102360844,0.0063915229402482,0.0136876590549945,0.0245007191019095,0.0199838435394508,0.02822906518678,0.0142319757214264,0.0332889486131386,0.0045213292467258,0.0311585087976216,0.0266376606575977,0.0713715384362214,0.0903579989962659,0.1374956995731797,-0.0157875647918845,2019-02-20,2019-02-21,2019-02-22,2019-02-25,2019-02-26,2019-02-27,2019-02-28,2019-03-01,2019-03-04,2019-03-05,89525.0,2019-02-19,252.0,-0.5825%,-0.0001,0.9071,0.0023,0.3396,1.4988%,1.7459%,26.3024%,-0.008693,CMCSA,89525.0,2019-02-20,252.0,0.6392%,-0.0,0.9087,0.0092,0.346,1.4980%,1.7458%,26.3670%,0.002695,CMCSA,89525.0,2019-02-21,252.0,1.7994%,0.0001,0.903,0.0025,0.3354,1.5044%,1.7487%,25.9832%,0.022058,CMCSA,89525.0,2019-02-22,252.0,0.3639%,0.0001,0.9022,0.0149,0.3369,1.5035%,1.7472%,25.9524%,0.0025859999999999,CMCSA,89525.0,2019-02-25,252.0,-0.1036%,0.0001,0.9017,0.0154,0.3353,1.5033%,1.7469%,25.9428%,-0.001844,CMCSA,89525.0,2019-02-26,252.0,0.5963%,0.0001,0.8972,0.008,0.3283,1.5040%,1.7436%,25.6009%,0.008511,CMCSA,89525.0,2019-02-27,252.0,-0.6959%,0.0001,0.9006,-0.0002,0.3288,1.5039%,1.7442%,25.6546%,-0.007488,CMCSA,89525.0,2019-02-28,252.0,0.3634%,0.0004,0.8653,-0.0242,0.3015,1.4507%,1.6805%,25.4838%,0.007147,CMCSA,89525.0,2019-03-01,252.0,1.1120%,0.0004,0.8651,-0.0245,0.2986,1.4510%,1.6799%,25.3943%,0.006076,CMCSA,89525.0,2019-03-04,252.0,-0.9463%,0.0003,0.8749,-0.0512,0.2947,1.4464%,1.6802%,25.8912%,-0.006317,CMCSA,89525.0,2019-03-05,252.0,-0.0258%,0.0004,0.8761,-0.0418,0.2949,1.4460%,1.6802%,25.9350%,0.001688,CMCSA,-0.0059979999999999,0.01606,0.018646,0.025313,0.026419
19675,COMTECH TELECOMMUNICATIONS CORP,Comtech Telecom Wins $1.7M Equipment Order From Leading Satellite Antenna Manufacturer,6,increase,0.75,0.6,"the $1.7m equipment order from a leading satellite antenna manufacturer indicates strong demand for comtech's products, which is likely to positively impact investor sentiment and stock price.",2,2019-02-19,CMTL,2019-02-19 14:06:00+00:00,26201.0,20582620,-0.0099264867603778,103843.0,-0.0037133449222892,0.0092764375731349,0.0119269359856843,0.0185185819864273,-0.0040515176951885,0.0026525084394961,-0.0022189856972545,0.0248543452471494,-0.0114899734035134,0.0157790780067443,-0.0033745837863534,0.0079523166641592,-0.0030097789131104,-0.0259488802403211,0.013584928587079,0.0011631941888481,-0.0059568071737885,0.0153543818742036,-0.0116105377674102,0.021721601486206,-0.0049260766245424,-0.0044052344746887,-0.0959634557366371,0.0,-0.0033698368351906,0.0,-0.0511411279439926,-0.000400329416152,0.0080177458003163,-0.0230739209800958,0.0172338187694549,0.0195374712347984,-0.0321459509432315,0.0040032179094851,0.014811486005783,-0.0142068117856979,-0.0088456766679883,-0.0120857497677207,-0.0191878769546747,0.0194753482937812,0.0104640377685427,0.003189789596945,0.0,0.0056134476326406,-0.046825710684061,0.0060265627689659,0.0165328476577997,-0.0020048574078828,0.0013939952477812,-0.0055821128189563,-0.0023201503790915,0.0023980601690709,0.0553488619625568,0.0113177318125963,0.0233582537621259,0.0131040001288056,0.016365248709917,0.0032867675181478,-0.0088983466848731,0.0167084205895662,-0.0119708757847547,-0.0058139283210039,-0.000865445996169,-0.0106820138171315,0.003897797781974,0.0167084205895662,0.0159619897603988,-0.0008346640970557,-0.0131634594872593,0.0046121049672365,0.0124785248190164,0.0374075956642627,0.0106247337535023,-0.0472440719604492,0.0,-0.0390283316373825,-0.0113540980964899,-0.0156801100820303,0.0119098387658596,-0.0169557034969329,0.002532691694796,0.0367558933794498,-0.0042105424217879,-0.0234100073575973,-0.0160676185041666,-0.0115696545690298,0.0167597495019435,-0.0065134125761687,-0.0008453279151581,0.0279638040810823,-0.0329948738217353,-0.0124465078115463,0.0013122825184836,-0.0959916114807128,0.0567934103310108,0.1196850761771202,-0.0272839944809675,0.0155937382951378,-0.0097748171538114,-0.0413951687514782,0.0214592274278402,0.0215348172932863,0.0214285813271999,0.0130901169031858,-0.0139860203489661,-0.0125343361869454,-0.0237797126173973,0.0130952345207333,-0.0076923207379877,-0.0315142087638378,0.0008613461977802,0.010878037661314,-0.0064543727785348,0.0098077682778239,-0.0454741977155208,0.0079082185402512,0.012250387109816,-0.0351010374724865,-0.0062751858495175,0.0019112857989966,-0.0037133449222892,0.0092764375731349,0.0081693022362141,0.0279668060293023,0.0040846864684582,0.0306934966578169,-0.0096546692018808,0.0729783177391698,-0.020052020624283,0.0941271160930472,-0.1314519418134849,0.1407294005879629,-0.1732794797493578,0.0439244059713306,2019-02-20,2019-02-21,2019-02-22,2019-02-25,2019-02-26,2019-02-27,2019-02-28,2019-03-01,2019-03-04,2019-03-05,26201.0,2019-02-19,252.0,-0.9926%,0.001,0.8322,0.7272,0.1535,2.4730%,2.6445%,12.5533%,-0.014231,CMTL,26201.0,2019-02-20,252.0,-0.3713%,0.001,0.8304,0.7265,0.1481,2.4731%,2.6445%,12.5425%,-0.007839,CMTL,26201.0,2019-02-21,252.0,1.1927%,0.001,0.8297,0.7284,0.1467,2.4744%,2.6454%,12.5073%,0.015749,CMTL,26201.0,2019-02-22,252.0,-0.4052%,0.0007,0.8349,0.6379,0.1258,2.4414%,2.6116%,12.6113%,-0.011394,CMTL,26201.0,2019-02-25,252.0,-0.2219%,0.0008,0.8315,0.6357,0.112,2.4344%,2.6050%,12.6690%,-0.001686,CMTL,26201.0,2019-02-26,252.0,-1.1490%,0.0008,0.8446,0.6322,0.12,2.4316%,2.6055%,12.9035%,-0.005822,CMTL,26201.0,2019-02-27,252.0,-0.3375%,0.0008,0.8383,0.6416,0.1189,2.4303%,2.6026%,12.8026%,-0.005292,CMTL,26201.0,2019-02-28,252.0,-0.3010%,0.0008,0.8373,0.6409,0.1185,2.4303%,2.6012%,12.7124%,-0.000342,CMTL,26201.0,2019-03-01,252.0,1.3585%,0.0008,0.8296,0.6294,0.1041,2.4288%,2.5968%,12.5252%,0.006082,CMTL,26201.0,2019-03-04,252.0,-0.5957%,0.0007,0.8463,0.5744,0.0997,2.4183%,2.5896%,12.7920%,0.000379,CMTL,26201.0,2019-03-05,252.0,-1.1611%,0.0007,0.8466,0.5711,0.1032,2.4187%,2.5885%,12.6910%,-0.008242,CMTL,-0.02207,-0.006321,-0.017715,-0.025223,-0.032638
19683,CONMED CORP,"Barclays Reinstates Overweight on Conmed, Announces $85",6,increase,0.8,0.7,"the reinstatement of an 'overweight' rating by barclays, along with a target price of $85, suggests positive sentiment and potential for stock price appreciation.",2,2019-02-19,CNMD,2019-02-19 12:26:00+00:00,11547.0,20741010,0.0394772887229919,733011.0,-0.0141748804599046,0.0126689402386546,0.0192620474845171,0.0007043675868771,0.0083843125030398,-0.0026693234685808,-0.0117460656911134,0.0072166710160672,-0.0066773504950106,0.0197690483182668,0.0189567580819129,-0.0065940232016146,0.0146457394585013,0.0031636643689125,0.0241872631013393,-0.0030107395723462,-0.0172676555812358,-0.0071174376644194,0.004780298564583,0.0063028573058545,-0.0055291284807026,-0.0076759192161262,0.0072408225387334,0.0214897003024816,-0.0061617889441549,0.014136342331767,0.0067166658118367,-0.0035216119140386,0.0080831050872802,-0.0248962361365556,0.0114547731354832,0.0034457696601748,-0.0182458981871604,-0.0148514211177825,0.0138782039284706,0.0593347214162349,0.011533536016941,0.0015005773166194,0.0020048073492944,-0.0179782081395387,0.0020007006824016,0.0071238256059587,0.0238363128155469,0.024167750030756,-0.0270599853247404,0.0168470479547977,0.011651218868792,0.0071606333367526,0.0099071580916643,-0.0017094112699851,0.0014714299468323,0.0137050868943333,0.0022039953619241,0.0255250073969364,0.0162492599338293,0.0104473261162638,-0.0060110604390501,-0.0171667486429214,0.0013304379535838,0.0253331288695335,-0.0007246957393363,-0.0413183867931366,-0.0043515120632946,-0.0123052513226866,0.0137185528874397,0.0237601324915885,-0.0134132066741585,0.0116147343069315,0.003156131831929,0.0122468974441289,0.0024200985208153,0.0667131468653678,0.0049493443220853,-0.0336643680930137,-0.0008408371941186,-0.0033551545348018,0.003125777002424,-0.0200559124350547,-0.0302013922482729,-0.0021325009874999,-0.0327484123408794,-0.0145490057766437,0.0146927507594227,-0.0294948387891054,-0.0035255451221019,-0.0533194728195667,0.0204700883477926,-0.0011832388117909,-0.0092867752537131,0.0086528696119785,0.0163729228079319,0.0139161720871925,0.0142646785825491,0.0119393654167652,-0.0458293668925762,-0.0181845370680093,0.0168996434658765,-0.0067173750139772,-0.0033736929763108,-0.027015259489417,0.0162988379597663,0.0130959302186965,0.0177646502852439,0.0093568582087755,-0.0030303029343485,-0.0212240014225244,-0.0179939623922109,0.0345917157828807,0.0021048136986792,-0.0115950470790267,0.009389603510499,-0.0076708109118044,0.0018360040849074,0.0108858244493603,-0.0146609283983707,-0.0026769826654344,0.0061996281147003,-0.0048838513903319,0.0152803184464573,-0.0147273568436503,-0.0141748804599046,0.0126689402386546,0.0048141298041064,0.013382231416396,0.013238805475854,0.0106771864434334,-0.0053490437818998,0.0380952273315715,0.0399839245594515,0.0305114592215347,0.1099595508842981,0.1834183462620211,0.1045967627675004,0.0521098583945103,2019-02-20,2019-02-21,2019-02-22,2019-02-25,2019-02-26,2019-02-27,2019-02-28,2019-03-01,2019-03-04,2019-03-05,11547.0,2019-02-19,252.0,3.9477%,0.0006,0.7889,0.2529,-0.3696,1.2285%,1.5677%,38.5941%,0.0384269999999999,CNMD,11547.0,2019-02-20,252.0,-1.4175%,0.0005,0.7848,0.244,-0.3842,1.2321%,1.5707%,38.4670%,-0.0142969999999999,CNMD,11547.0,2019-02-21,252.0,1.9262%,0.0006,0.7799,0.2386,-0.3933,1.2390%,1.5745%,38.0775%,0.021353,CNMD,11547.0,2019-02-22,252.0,0.8384%,0.0006,0.7802,0.2465,-0.3824,1.2386%,1.5741%,38.0839%,-0.003879,CNMD,11547.0,2019-02-25,252.0,-1.1746%,0.0006,0.7798,0.2528,-0.3805,1.2414%,1.5761%,37.9658%,-0.013064,CNMD,11547.0,2019-02-26,252.0,-0.6677%,0.0006,0.7858,0.255,-0.3749,1.2409%,1.5767%,38.0637%,-0.005167,CNMD,11547.0,2019-02-27,252.0,1.8957%,0.0007,0.7866,0.2586,-0.3747,1.2453%,1.5803%,37.9014%,0.017215,CNMD,11547.0,2019-02-28,252.0,1.4646%,0.0007,0.7874,0.2597,-0.3777,1.2481%,1.5824%,37.7868%,0.015995,CNMD,11547.0,2019-03-01,252.0,2.4187%,0.0008,0.7909,0.2649,-0.3794,1.2519%,1.5881%,37.8587%,0.016164,CNMD,11547.0,2019-03-04,252.0,-1.7268%,0.0007,0.7906,0.2761,-0.3817,1.2538%,1.5910%,37.8979%,-0.010705,CNMD,11547.0,2019-03-05,252.0,0.4780%,0.0007,0.788,0.2594,-0.3855,1.2533%,1.5872%,37.6474%,0.005974,CNMD,0.02413,0.0454829999999999,0.0416039999999999,0.0233729999999999,0.068016
19691,CONSOLIDATED COMMS HLDGS INC,Raymond James Downgrades Consolidated Comms Hldgs to Outperform,6,decrease,0.8,0.6,"a downgrade from a reputable firm like raymond james typically signals reduced expectations for the company's performance, which can lead to a decrease in stock price.",0,2019-02-19,CNSL,2019-02-19 13:07:00+00:00,90803.0,20903410,0.0057581062428653,1270264.0,-0.0152671616524457,0.0409590229392051,-0.0077519309706985,-0.0688371881842613,0.0507812947034835,0.0009311200119554,-0.0669145211577415,0.0151228588074445,-0.0278884191066026,0.0182867739349603,0.0174180399626493,-0.0123574249446392,0.0,-0.0084824888035655,-0.0130916526541113,-0.0056232819333672,-0.0112245520576834,-0.0129510024562478,0.019607899710536,0.0065177516080439,-0.0293522216379642,0.0056179272942245,0.016684029251337,0.0239693187177181,-0.0010256645036861,0.0155793419107794,0.0451745949685573,-0.011549555696547,0.0078585380688309,-0.0019211820326745,0.0233917906880378,0.0019248799653723,-0.0209524072706699,-0.0085877105593681,0.0155641883611679,-0.0019048055401071,0.017241409048438,-0.0410958752036094,-0.0338982716202735,0.0320452563464641,-0.0302144642919302,-0.0074836225248873,0.0371859185397625,-0.0037278623785823,-0.0116278966888785,0.0228789113461971,0.0176470894366502,-0.0339804999530315,0.0231213644146919,0.0035650588106364,0.0263653229922056,0.0017857551574707,-0.0009173647267743,-0.0175438430160284,0.0018365016439929,0.0008778994670137,0.0100825494155287,0.0363967753946781,0.0208711009472608,0.0701070353388786,0.023111131042242,0.0178394746035337,0.0182450078427791,0.0212550647556781,0.0162115674465894,-0.0010111454175785,-0.0302266720682382,0.001012168941088,0.0,0.0227743554860353,0.0190476421266794,0.0890642553567886,-0.0127443131059408,-0.06137565523386,0.0230103377252817,-0.0376781970262527,-0.0304348152130842,-0.0391389988362789,-0.0896861031651496,-0.0340264327824115,-0.0226600542664527,-0.0084348786622285,-0.0635080784559249,-0.0498663820326328,-0.0204520542174577,0.0044722035527229,-0.0197802521288394,-0.026979936286807,-0.00336319883354,-0.0145797664299607,-0.341957300901413,0.0060396627523005,-0.0256410427391529,-0.011092159897089,-0.0508771874010562,-0.0118043329566717,-0.0462107211351394,-0.027071364223957,-0.0397286675870418,-0.0550387650728225,-0.0191725101321935,-0.0625000447034835,0.0514403283596038,-0.0043414956890046,-0.0117416717112064,-0.0107373353093862,0.0,0.0035919677466154,0.0118811763823032,0.0043290345929563,-0.0273973271250724,0.035100769251585,0.0160966608673334,0.0167046524584293,-0.0336633808910846,0.0022830846719443,0.0450819246470928,0.0022883820347487,0.0,0.0162790734320879,-0.0152671616524457,0.0409590229392051,-0.0229007426398961,-0.0306976692149656,0.0267176227026622,-0.0297951324171366,-0.0687022277103522,0.0028873644007365,-0.0572518563339894,-0.0297951321259184,0.0734733316974451,0.0520734723278633,-0.4969661567239135,-0.1624189669192227,2019-02-20,2019-02-21,2019-02-22,2019-02-25,2019-02-26,2019-02-27,2019-02-28,2019-03-01,2019-03-04,2019-03-05,90803.0,2019-02-19,252.0,0.5758%,0.0006,1.3389,0.8112,1.272,2.1039%,2.4868%,28.4229%,-0.0030659999999999,CNSL,90803.0,2019-02-20,252.0,-1.5267%,0.0004,1.3297,0.7827,1.2369,2.1077%,2.4843%,28.0175%,-0.026692,CNSL,90803.0,2019-02-21,252.0,-0.7752%,0.0004,1.3312,0.7859,1.2398,2.1075%,2.4841%,28.0181%,0.000461,CNSL,90803.0,2019-02-22,252.0,5.0781%,0.0006,1.3223,0.8207,1.165,2.1331%,2.5030%,27.3680%,0.0559309999999999,CNSL,90803.0,2019-02-25,252.0,-6.6915%,0.0005,1.3198,0.8505,1.1713,2.1674%,2.5327%,26.7719%,-0.064767,CNSL,90803.0,2019-02-26,252.0,-2.7888%,0.0003,1.3036,0.8898,1.1791,2.1600%,2.5206%,26.5667%,-0.016568,CNSL,90803.0,2019-02-27,252.0,1.7418%,0.0003,1.2962,0.9075,1.178,2.1594%,2.5173%,26.4103%,0.015869,CNSL,90803.0,2019-02-28,252.0,0.0000%,0.0003,1.2989,0.9095,1.1784,2.1593%,2.5165%,26.3743%,0.006682,CNSL,90803.0,2019-03-01,252.0,-1.3092%,0.0003,1.2809,0.8827,1.1601,2.1586%,2.5025%,25.6011%,-0.0204579999999999,CNSL,90803.0,2019-03-04,252.0,-1.1225%,0.0,1.3046,0.8094,1.1528,2.1363%,2.4893%,26.3475%,-0.005647,CNSL,90803.0,2019-03-05,252.0,1.9608%,0.0003,1.3072,0.8476,1.1448,2.1337%,2.4896%,26.5498%,0.027012,CNSL,-0.029758,-0.029297,0.0266339999999999,-0.054701,-0.031243
19699,CAMDEN PROPERTY TRUST,Camden Property Trust Reports 3.375M Share Common Stock Offering,6,decrease,0.7,0.6,"the announcement of a common stock offering typically dilutes existing shareholders' equity, which can lead to a decrease in stock price.",0,2019-02-19,CPT,2019-02-19 21:54:00+00:00,79452.0,13313110,0.0010132330935448,653626.0,-0.0232793819159269,0.0009126492077484,0.008393757045269,-0.0016198849771171,0.0031857485882937,0.0084745166823267,-0.0022536490578204,-0.0131989680230617,0.0006159913609735,0.0033360477536916,0.0016417367151007,-0.0023197513073682,0.0048145214095711,0.0100855519995093,-0.0043836547993123,0.0017349300906062,0.0113658914342522,0.0086463848128914,0.0034423810429871,0.0047574625350534,-0.0054485006257891,-0.0026817382313311,-0.000405812257668,0.0039349412545561,0.0059880642220377,0.0058327000588178,0.0111985532566905,0.0132981752976775,0.0055871251970529,0.013152303174138,0.0031749149784445,0.0129982335492968,0.0026703258045017,-0.0025928895920515,-0.0060169720090925,0.0087183453142642,-0.0084350351244211,-0.0018492131493985,-0.0018014442175626,0.0017435291083529,-0.0066171651706099,0.0043777376413345,0.007973363623023,0.0155607592314481,-0.0006008329219184,0.015921451151371,0.00260497094132,-0.0025904194917529,0.0140901738777756,0.0033902481663972,0.0,0.0122397588565945,0.0098541285842657,0.0020632771775126,-0.0017702626064419,0.0244245436042547,-0.0034482607152312,0.0025900779291987,0.0097874235361814,0.0004711532965302,-0.001860215794295,0.0073564634658396,-0.0016674661310389,-0.0428166277706623,-0.0006877549458295,0.0084756100550293,0.0,-0.0005723792710341,-0.0021630246192216,0.0009166112868115,0.0099517405033111,0.0280329473316669,-0.0010731767397373,-0.0503355711698532,0.0022463458590209,-0.006556243635714,-0.0006821252754889,0.0025623410474509,-0.0256460737437009,-0.0017793152946978,-0.0200160127133131,0.0140972146764397,0.0072508077137172,-0.0309289824217557,-0.0085166413336992,0.0055579538457095,0.0130892600864172,0.007355426903814,0.0093873050063848,-0.0217998959124088,-0.0030999756418168,0.0006448010681197,0.0098304310813546,0.0013988728169351,-0.0144034661352634,-0.0151547295972704,0.0144124198704958,0.0171392038464546,-0.0025832303799688,-0.0206904541701078,-0.0040840324945747,-0.0045187082141637,0.0085016852244734,0.0153649430721998,0.0005950367776677,-0.0024480652064085,-0.01803944632411,0.0027750506997108,-0.0032300362363457,0.0019249310716986,0.0111392252147197,0.0010705328313633,0.0113170249387621,-0.0052182944491505,-0.0016835590358823,0.0085929436609148,0.0038686578627675,0.0059426841326057,0.0035573183558881,0.0029259240254759,-0.0232793819159269,0.0009126492077484,-0.0150810263466242,-0.0007087141561097,-0.0119433221167242,0.0077597965162781,-0.0135627923884725,-0.002224032077431,0.0031376274649139,0.0207880270252178,0.0419394293288348,0.1625441108220875,0.0360227782830695,0.0785716086740957,2019-02-20,2019-02-21,2019-02-22,2019-02-25,2019-02-26,2019-02-27,2019-02-28,2019-03-01,2019-03-04,2019-03-05,79452.0,2019-02-19,252.0,0.1013%,0.0008,0.4001,-0.2381,0.036,1.0807%,1.1626%,13.5846%,0.0007729999999999,CPT,79452.0,2019-02-20,252.0,-2.3279%,0.0007,0.3925,-0.2581,0.0083,1.0907%,1.1718%,13.3583%,-0.023814,CPT,79452.0,2019-02-21,252.0,0.8394%,0.0008,0.3835,-0.2745,-0.0082,1.0853%,1.1654%,13.2726%,0.009585,CPT,79452.0,2019-02-22,252.0,0.3186%,0.0009,0.3821,-0.2413,0.005,1.0743%,1.1519%,13.0109%,0.001982,CPT,79452.0,2019-02-25,252.0,-0.2254%,0.0009,0.3833,-0.2379,0.0113,1.0727%,1.1503%,13.0304%,-0.003545,CPT,79452.0,2019-02-26,252.0,0.0616%,0.0008,0.3778,-0.2308,0.0107,1.0710%,1.1456%,12.6021%,-0.000356,CPT,79452.0,2019-02-27,252.0,0.1642%,0.0009,0.3842,-0.2421,0.0118,1.0671%,1.1442%,13.0264%,0.001653,CPT,79452.0,2019-02-28,252.0,0.4815%,0.0009,0.3755,-0.2479,0.0042,1.0636%,1.1383%,12.6908%,0.005984,CPT,79452.0,2019-03-01,252.0,-0.4384%,0.0009,0.3757,-0.2477,0.008,1.0645%,1.1388%,12.6289%,-0.006441,CPT,79452.0,2019-03-04,252.0,1.1366%,0.0009,0.3757,-0.2579,0.0103,1.0667%,1.1404%,12.5102%,0.012208,CPT,79452.0,2019-03-05,252.0,0.3442%,0.001,0.3781,-0.2379,0.0111,1.0640%,1.1377%,12.5427%,0.003216,CPT,-0.023041,-0.013456,-0.011474,-0.015375,0.0012449999999999
19707,SMART POWERR CORP,China Recycling Energy 8-K Shows Securities Purchase Deal With Great Essential Investment For Private Placement Of 1.6M Shares At $1.013/Share,6,uncertain,0.5,0.5,"the news pertains to a securities purchase deal involving china recycling energy, which may not directly impact smart powerr corp's stock price, leading to uncertainty.",1,2019-02-19,CREG,2019-02-19 22:01:00+00:00,93302.0,16891330,0.0192153695970773,229188.0,0.0210150089114904,0.000789686164353,0.0679612159729003,-0.0109999775886535,-0.0545455105602741,-0.0268587470054626,0.3653846383094788,0.0592723079025745,-0.2253520786762238,-0.0581553280353546,0.0090909004211425,-0.0462963618338108,-0.0720721110701561,0.0180036481469869,-0.0194174572825431,-0.026697302237153,0.0792079642415046,-0.0521738640964031,-0.0366973206400871,0.0176990982145071,0.0190477147698402,-0.017391288653016,-0.0467290356755256,-0.0416667237877845,-0.0246078372001647,0.2999675571918488,-0.0451301634311676,0.0143955694511532,0.0315789803862571,0.0767956972122192,-0.0295918807387352,0.0180700942873954,-0.022818049415946,0.0376249849796295,0.0276551954448223,0.0,-0.005235597025603,-0.0670553967356681,0.0220631919801235,-0.0310734175145626,0.0196094457060098,0.0294288303703069,-0.0181818250566721,-0.0950525924563407,0.0081275720149278,0.0942179039120674,-0.0300030522048473,-0.0182064790278673,0.0434508137404918,0.0048863617703318,-0.012905865907669,-0.0068840975873172,0.0214504878968,0.1159949153661728,-0.025081992149353,-0.0422195009887218,0.0207012426108121,0.1082887277007103,0.0049241068772971,0.0489412546157836,0.0020999908447265,-0.1531281024217606,0.0278415139764547,0.1409756541252136,0.0194174572825431,0.1033038720488548,0.0476191192865371,-0.0305796880275011,-0.0454546101391315,0.0147058684378862,0.0571429170668125,0.0675038918852806,-0.054054107517004,0.0734007507562637,-0.108095183968544,-0.1034279763698578,-0.2526428699493408,-0.0503587387502193,-0.062294565141201,-0.1568887680768967,-0.0316928140819072,0.0464556328952312,0.0316349193453788,-0.2139303237199783,0.0675651282072067,-0.0336538143455982,-0.0424346067011356,0.0297029428184032,0.0220829788595438,0.0,-0.0508029088377952,0.0059761377051472,-0.0264533888548612,-0.0204878319054842,0.0689699202775955,-0.014423063956201,-0.0246179737150669,-0.0130018116906285,0.0015151319094002,-0.015233720652759,-0.0373676046729087,0.0,0.0121011566370725,-0.0183486063033342,-0.0212733056396246,0.0582524873316288,-0.0003172673168592,-0.0096153756603598,-0.0524678826332092,0.0,-0.0251909084618091,-0.0458716228604316,0.0120274387300014,0.0150866694748401,-0.0356535986065864,0.0425242707133293,-0.0665493160486221,0.0,0.0021539512090384,-0.088495597243309,0.0210150089114904,0.000789686164353,0.090404430443697,-0.0102189779544105,0.0309277640679606,-0.0368032560163412,0.09040443200765,-0.0390475243123873,0.0408405241827376,-0.1240875878954383,-0.0087232641736433,0.3879974851360095,-0.4732930092235327,-0.1240875775216321,2019-02-20,2019-02-21,2019-02-22,2019-02-25,2019-02-26,2019-02-27,2019-02-28,2019-03-01,2019-03-04,2019-03-05,93302.0,2019-02-19,252.0,1.9215%,-0.0013,0.3434,0.4761,-0.5935,6.4786%,6.5170%,1.1734%,0.018945,CREG,93302.0,2019-02-20,252.0,2.1015%,-0.0012,0.3499,0.4905,-0.5702,6.4804%,6.5184%,1.1650%,0.022479,CREG,93302.0,2019-02-21,252.0,6.7961%,-0.0009,0.337,0.4794,-0.5945,6.4948%,6.5327%,1.1557%,0.068188,CREG,93302.0,2019-02-22,252.0,-5.4546%,-0.0011,0.3465,0.4711,-0.4884,6.5083%,6.5415%,1.0138%,-0.068211,CREG,93302.0,2019-02-25,252.0,36.5385%,0.0004,0.3405,0.285,-0.6077,6.9004%,6.9325%,0.9243%,0.3651109999999999,CREG,93302.0,2019-02-26,252.0,-22.5352%,-0.0004,0.3932,0.5475,-0.4352,7.0434%,7.0774%,0.9597%,-0.225089,CREG,93302.0,2019-02-27,252.0,0.9091%,-0.0004,0.3826,0.5684,-0.437,7.0419%,7.0758%,0.9563%,0.007075,CREG,93302.0,2019-02-28,252.0,-7.2072%,-0.0008,0.4088,0.584,-0.4011,7.0550%,7.0897%,0.9760%,-0.0721919999999999,CREG,93302.0,2019-03-01,252.0,-1.9417%,-0.0009,0.4045,0.5775,-0.3963,7.0567%,7.0906%,0.9540%,-0.025749,CREG,93302.0,2019-03-04,252.0,7.9208%,-0.0004,0.3777,0.5894,-0.3718,7.0739%,7.1050%,0.8741%,0.085077,CREG,93302.0,2019-03-05,252.0,-3.6697%,-0.0005,0.3848,0.6218,-0.3539,7.0772%,7.1087%,0.8849%,-0.035211,CREG,0.041424,0.109612,0.0414009999999999,0.1814229999999999,0.1404229999999999
19715,AMERICAS CAR MART INC,"America's Car-Mart Q3 EPS $1.55 Beats $1.03 Estimate, Sales $161.054M Miss $163.96M Estimate",6,increase,0.7,0.5,"the earnings per share (eps) beat estimates significantly, which is likely to positively influence investor sentiment despite the sales miss.",2,2019-02-19,CRMT,2019-02-19 22:06:00+00:00,11174.0,03062T10,0.0007304304745048,239360.0,0.0329684540629386,0.0266216378659009,-0.0042397901415824,0.0106101296842098,0.0163216702640056,0.0109820030629634,-0.0310717821121215,0.018335448578,-0.0127312652766704,0.0642125532031059,0.0030413626227527,0.0064066722989082,-0.0103092603385448,0.0091356504708528,0.0176470894366502,0.0053695761598646,0.0046965242363512,0.0121567286550998,-0.0029965240973979,0.0118668554350733,-0.0123827699571847,-0.0122927473857998,-0.0101034911349415,0.0043065664358437,-0.0079931328073143,0.0036017862148582,0.017726544290781,-0.015041827224195,-0.0030450669582933,-0.0141298556700348,0.0111179435625672,-0.0004195046494714,0.0082165328785777,0.0011200031731277,0.0019174979534,-0.0025136196054518,0.0117225283756852,0.0022393795661628,0.0033104608301073,0.0179511960595846,0.0076596927829086,0.0200552958995103,0.0183604210615158,0.0005816623452119,-0.0130914030596613,-0.003622138639912,-0.0150104826316237,-0.0145631674677133,-0.0088600115850567,-0.0072289458476006,0.0107270739972591,-0.0099635003134608,0.0870282649993896,-0.0183220040053129,-0.0091126486659049,0.0044278358109295,-0.0158747211098671,0.0184610709547996,-0.0136833433061838,0.0009874410461634,0.00203014514409,-0.0175998359918594,0.0018010318744927,-0.0040026679635047,0.0215730126947164,0.0282429456710815,-0.003959531430155,0.0070029706694185,-0.0008833282045088,-0.0737357661128044,0.0242041852325201,0.0587246343493461,0.0188842136412859,-0.0029345876537263,0.0097436793148517,-0.0027871318161487,0.0129012316465377,0.0142756486311554,0.0027958645951002,-0.0161313246935606,-0.0171416364610195,0.0029289640951901,-0.0026266023050993,0.0154368551447987,-0.0092699592933058,-0.0039497641846537,0.0317915752530098,-0.0075598615221679,0.0239076633006334,0.0637378841638565,0.0042270347476005,-0.0079775582998991,0.0211465284228324,-0.0067498032003641,-0.0172735508531332,-0.053472202271223,-0.0107859205454587,-0.0029081718530505,0.0114083513617515,-0.0191524531692266,-0.0129766725003719,-0.0079503618180751,-0.0024271628353744,-0.0143445590510964,-0.0075020059011876,-0.0065971761941909,-0.022267622873187,0.0355239585041999,0.0071040564216673,0.0095172747969627,-0.0150415413081646,0.0254597328603267,0.0012638519983738,-0.035207450389862,-0.0027348494622856,-0.0111995926126837,0.0013712148647755,-0.1120297014713287,0.0108489440754056,-0.0061920010484755,0.0329684540629386,0.0266216378659009,0.0285888845948369,0.0375142265802741,0.0453771732064152,0.0489082109944469,8.928591199719448e-10,0.1367284366942982,0.0119221832972118,0.1887120271323783,0.0785888904556453,0.1586965717598079,0.167518302666304,-0.0219100270755017,2019-02-20,2019-02-21,2019-02-22,2019-02-25,2019-02-26,2019-02-27,2019-02-28,2019-03-01,2019-03-04,2019-03-05,11174.0,2019-02-19,252.0,0.0730%,0.0026,0.7539,0.8084,0.4631,2.5553%,2.6844%,9.3903%,-0.004556,CRMT,11174.0,2019-02-20,252.0,3.2968%,0.0027,0.7601,0.8192,0.4843,2.5596%,2.6904%,9.4872%,0.027111,CRMT,11174.0,2019-02-21,252.0,-0.4240%,0.0025,0.7766,0.8523,0.5146,2.5444%,2.6816%,9.9688%,0.00016,CRMT,11174.0,2019-02-22,252.0,1.6322%,0.0025,0.7753,0.8447,0.4922,2.5450%,2.6819%,9.9495%,0.01405,CRMT,11174.0,2019-02-25,252.0,-3.1072%,0.0023,0.7777,0.8627,0.5107,2.5498%,2.6879%,10.0096%,-0.0292519999999999,CRMT,11174.0,2019-02-26,252.0,-1.2731%,0.0022,0.7652,0.884,0.5122,2.5459%,2.6824%,9.9182%,-0.00438,CRMT,11174.0,2019-02-27,252.0,0.3041%,0.0023,0.7783,0.8606,0.5143,2.5391%,2.6776%,10.0730%,0.001188,CRMT,11174.0,2019-02-28,252.0,-1.0309%,0.0023,0.778,0.8601,0.5162,2.5397%,2.6770%,9.9992%,-0.006883,CRMT,11174.0,2019-03-01,252.0,1.7647%,0.0023,0.7771,0.8588,0.5106,2.5402%,2.6762%,9.9084%,0.011527,CRMT,11174.0,2019-03-04,252.0,0.4697%,0.0023,0.7807,0.8398,0.5112,2.5399%,2.6757%,9.8916%,0.010091,CRMT,11174.0,2019-03-05,252.0,-0.2997%,0.0024,0.7849,0.8721,0.5143,2.5372%,2.6757%,10.0805%,0.002071,CRMT,0.022555,0.022715,0.036765,0.003133,0.021127
19723,C S X CORP,"RBC Capital Downgrades CSX to Sector Perform, Announces $78",6,decrease,0.8,0.6,"a downgrade from rbc capital typically signals reduced expectations for the company's performance, which can lead to a decline in stock price.",0,2019-02-19,CSX,2019-02-19 11:50:00+00:00,62148.0,12640810,-0.0004135480849072,4707922.0,0.0102054588496685,0.0127042261883616,-0.0092832809314131,0.0070293829776346,0.010197021998465,0.0001405301736667,-0.0066839158535003,0.0275972206145525,-0.0008239159360527,0.0066908956505358,0.001924154930748,0.0079167410731315,0.0001375517022097,0.001762413769029,-0.003027400933206,-0.002636594697833,0.0052450643852353,0.0126075129956007,-0.0050803618505597,0.0184290222823619,-0.0056582395918667,0.0076103503815829,-0.0004164664424024,-0.0090498654171824,-0.0034712580963969,0.0134516190737485,0.0164414159953594,-0.0028959373012185,-0.003975233528763,-0.0089123314246535,0.0180291421711444,0.017678614705801,-0.0131134409457445,-0.0004609523457475,-0.0026027732528746,-0.0113929817453026,0.0145585117861628,-0.0227137580513954,-0.0124543895944953,0.0348748564720153,-0.0017820049542933,-0.004435621201992,0.0112606389448046,0.0041467766277492,-0.0153448842465877,-0.0024512952659279,0.0034478001762181,0.0007665657903999,0.0038482514210045,0.0081929005682468,0.0049288142472505,0.0110972635447979,0.0140326805412769,0.0099447686225175,0.0052398145198822,0.0144114922732114,0.0251269340515136,-0.0054148775525391,-0.0067796176299452,0.0296818856149911,-0.0126017211005091,-0.0156578086316585,-0.005583596881479,-0.0028971559368073,-0.0050802789628505,0.0008054000791162,0.0161247588694095,0.0003222761442884,-0.0122983371838927,0.0055087516084313,0.0050876587629318,0.0503744557499885,0.0043959217146039,-0.0319605022668838,0.0167109034955501,-0.0147703271359205,-0.010305255651474,-0.0070910337381064,0.0002635645505506,-0.0287995021790266,0.0401897877454757,-0.0122139910236001,0.0003800200065597,-0.017469260841608,-0.0018994747661054,-0.0437244996428489,0.0025373883545398,-0.0005807334091514,0.0037965460214763,0.0116023048758506,-0.0098335705697536,-0.0030747686978429,0.0080213556066155,0.0039689000695943,0.0025262671988457,-0.0256373658776283,0.0032757276203483,-0.0110481418669223,-0.0062790405936539,-0.0348599180579185,-0.002780154114589,0.0071596349589526,0.0204029008746147,0.0119827315211296,-0.0055886358022689,-0.0104467812925577,-0.0224803686141967,0.0332338623702526,-0.0008943362627178,-0.0001419271138729,-0.0003836161049548,0.0091716740280389,0.0066522229462862,-0.0061244880780577,-0.0243996158242225,0.0143021941184997,0.0191481206566095,-0.0396781414747238,-0.0108639886602759,-0.0072992532514035,0.0102054588496685,0.0127042261883616,0.0008274377767198,0.0198229120373087,0.0110328971763964,0.0199662279282466,0.0034477999934752,0.0551272854277411,0.002611174910065,0.0957704565731596,0.0540839162141513,0.1895703755562867,0.0708263719599002,0.0020983454556138,2019-02-20,2019-02-21,2019-02-22,2019-02-25,2019-02-26,2019-02-27,2019-02-28,2019-03-01,2019-03-04,2019-03-05,62148.0,2019-02-19,252.0,-0.0414%,0.0012,1.151,0.2266,0.4177,1.0858%,1.5763%,52.5568%,-0.004646,CSX,62148.0,2019-02-20,252.0,1.0205%,0.0011,1.1514,0.2247,0.4186,1.0852%,1.5764%,52.6090%,0.005123,CSX,62148.0,2019-02-21,252.0,-0.9283%,0.0012,1.1457,0.2119,0.4081,1.0789%,1.5678%,52.6422%,-0.004003,CSX,62148.0,2019-02-22,252.0,1.0197%,0.0012,1.1452,0.2026,0.3937,1.0785%,1.5684%,52.7177%,0.0074839999999999,CSX,62148.0,2019-02-25,252.0,-0.6684%,0.0012,1.1453,0.2069,0.3964,1.0798%,1.5692%,52.6522%,-0.007266,CSX,62148.0,2019-02-26,252.0,-0.0824%,0.0012,1.146,0.2029,0.3949,1.0798%,1.5667%,52.4980%,0.003541,CSX,62148.0,2019-02-27,252.0,0.1924%,0.0012,1.1488,0.198,0.3953,1.0791%,1.5663%,52.5372%,0.000881,CSX,62148.0,2019-02-28,252.0,0.0138%,0.0012,1.1448,0.1954,0.3917,1.0786%,1.5609%,52.2505%,0.004547,CSX,62148.0,2019-03-01,252.0,-0.3027%,0.0012,1.1375,0.1845,0.3857,1.0799%,1.5546%,51.7455%,-0.01036,CSX,62148.0,2019-03-04,252.0,0.5245%,0.0012,1.1484,0.1402,0.3848,1.0692%,1.5524%,52.5674%,0.010304,CSX,62148.0,2019-03-05,252.0,-0.5080%,0.0011,1.1487,0.1412,0.3862,1.0693%,1.5520%,52.5312%,-0.0018599999999999,CSX,0.000477,-0.0035259999999999,0.003958,0.000233,0.0037449999999999
19731,COMPUTER TASK GROUP INC,"Computer Task Group Q4 GAAP EPS $(0.39) Does Not Compare To $0.08 Estimate, Sales $93.1M Beat $91.51M Estimate",6,decrease,0.8,0.7,"the significant miss on gaap eps compared to estimates is likely to negatively impact investor sentiment, despite the sales beat.",0,2019-02-19,CTG,2019-02-19 11:56:00+00:00,26084.0,20547710,-0.0340909287333488,33932.0,-0.0400000177323818,0.0,0.0490196794271469,0.0328638181090354,0.002336390549317,-0.0093023162335157,0.0023310557007789,0.0046728923916816,-0.0186047442257404,0.011820375919342,-0.0094786640256643,-0.013986000791192,-0.0071769701316952,-0.0402684211730957,0.0072288513183593,0.0693779811263084,-0.0143540538847446,0.0,0.0,-0.0071259406395256,-0.0194174572825431,-0.0094350948929786,-0.0024751862511038,-0.0138978669419884,-0.0049627739936113,0.0141176339238882,0.0087281409651041,-0.0840516984462738,0.0061804931610822,0.0108931837603449,-0.0098280003294348,0.0361174568533897,-0.0024814461357891,0.004535143263638,0.0024876191746443,0.023201834410429,0.0099255479872226,0.031100507825613,0.0024569414090365,0.022004809230566,0.0049019563011825,-0.0285035353153944,0.0,0.0071770837530493,0.0218781027942895,-0.0368664339184761,0.0143924076110124,-0.0595882199704647,0.0211765058338642,0.0098467394709587,-0.0023042000830173,-0.0043572941794991,-0.0046189334243536,0.0043763634748756,-0.0023201280273497,0.0578703694045543,0.0162789989262819,-0.0022863384801894,0.0102975005283951,0.0560731440782547,-0.0169874988496303,-0.0024331456515938,-0.01612907089293,0.0073529928922653,0.0046838363632559,0.0024569414090365,-0.0058275279588997,0.0049382667057216,-0.0316529311239719,-0.0049140001647174,-0.0169491935521364,0.0571429282426834,0.0024631104897707,-0.032663345336914,0.0324569083750248,-0.0292682647705078,-0.0100187892094254,-0.0191387385129928,0.0216346532106399,0.0072288513183593,-0.0164706278592348,-0.0095465304329991,0.0155502539128065,-0.0300926174968481,0.1166077479720116,0.0285715162754058,-0.0464134588837623,0.002386575564742,-0.0309734214097261,-0.0141176339238882,-0.0091324113309383,-0.0046838363632559,0.0345621220767498,-0.0228832736611366,0.0356348194181919,0.0,-0.0043010711669921,-0.0045558046549558,-0.0064795268699526,-0.0266076177358627,0.008695644326508,0.013483241200447,-0.0129310227930545,-0.0109793143346905,-0.0283843055367469,0.0065772593952715,0.0337078869342804,0.0159090217202901,-0.0217391103506088,0.0161663219332695,-0.0022222730331122,0.0046403668820858,0.0044544450938701,0.0023255236446857,-0.0022173456382006,-0.0092165805399417,0.0022222730331122,-0.002298793522641,-0.0155211016535759,-0.002293630503118,-0.0400000177323818,0.0,0.0070588736484435,0.0328638181090354,0.0094117564834417,0.0232557922468288,-0.00705887290569,0.0401891444655664,-0.0305882619074546,0.0451306512893627,0.0388235200890989,0.0731707780963804,0.0447058961923485,0.0091743035621469,2019-02-20,2019-02-21,2019-02-22,2019-02-25,2019-02-26,2019-02-27,2019-02-28,2019-03-01,2019-03-04,2019-03-05,26084.0,2019-02-19,252.0,-3.4091%,-0.0007,0.5455,0.113,-0.2409,2.7299%,2.8087%,5.5291%,-0.034971,CTG,26084.0,2019-02-20,252.0,-4.0000%,-0.0013,0.5242,0.0174,-0.3294,2.6503%,2.7321%,5.8985%,-0.04006,CTG,26084.0,2019-02-21,252.0,4.9020%,-0.0015,0.5494,0.0802,-0.2836,2.5900%,2.6769%,6.3931%,0.050114,CTG,26084.0,2019-02-22,252.0,0.2336%,-0.0017,0.5519,0.0317,-0.2984,2.5806%,2.6692%,6.5334%,-0.005944,CTG,26084.0,2019-02-25,252.0,0.2331%,-0.002,0.5621,0.0406,-0.2558,2.5204%,2.6099%,6.7374%,0.000949,CTG,26084.0,2019-02-26,252.0,-1.8605%,-0.0022,0.5504,0.0746,-0.2473,2.5175%,2.6034%,6.4891%,-0.01839,CTG,26084.0,2019-02-27,252.0,-0.9479%,-0.0025,0.5239,0.1193,-0.2518,2.4898%,2.5712%,6.2309%,-0.010513,CTG,26084.0,2019-02-28,252.0,-0.7177%,-0.0024,0.5208,0.1171,-0.2531,2.4895%,2.5698%,6.1533%,-0.006306,CTG,26084.0,2019-03-01,252.0,0.7229%,-0.0025,0.5399,0.1455,-0.2256,2.4825%,2.5660%,6.4059%,0.0020369999999999,CTG,26084.0,2019-03-04,252.0,-1.4354%,-0.0026,0.5408,0.1494,-0.2274,2.4830%,2.5670%,6.4385%,-0.010175,CTG,26084.0,2019-03-05,252.0,0.0000%,-0.0026,0.5377,0.1278,-0.2308,2.4820%,2.5646%,6.3375%,0.000747,CTG,-0.075031,-0.024917,-0.030861,-0.048302,-0.072512
19739,CORECIVIC INC,"CoreCivic Sees Q1 Adj. EPS $0.36-$0.38 vs $0.33 Estimate, Normalized FFO $0.58-$0.60; FY19 Adj. EPS $1.45-$1.54 vs $1.47 Estimate, Normalized FFO $2.36-$2.44",6,increase,0.7,0.6,"the company's adjusted eps and normalized ffo guidance for q1 and fy19 exceeds analyst estimates, which is likely to positively influence investor sentiment and drive the stock price up.",2,2019-02-19,CXW,2019-02-19 21:19:00+00:00,85234.0,21871N10,0.0063913059420883,534566.0,0.042501263320446,0.0170000083744525,0.0140580711886286,-0.0044798483140766,0.0184843596071004,0.0039979969151318,-0.0031761161517351,-0.0137999346479773,-0.0168410986661911,0.0004931078874506,-0.0064815413206815,0.0069514052011072,-0.0130474735051393,0.0105368327349424,-0.0184135679155588,-0.0064805168658494,0.0134679544717073,0.0045067677274346,-0.0090175857767462,0.0241025295108556,-0.0459769703447818,-0.018621077761054,-0.0155622223392128,0.0153296450152993,-0.0066293249838054,-0.003056518966332,0.0143737522885203,0.0202702395617961,-0.0136639904230833,0.0036515230312943,-0.0133401863276958,-0.0010422333143651,-0.0015599989565089,0.0047120498493313,-0.0036459167022258,0.000523846480064,0.0,-0.0205233264714479,-0.0031364071182906,0.0010272449580952,-0.0052438587881624,-0.0061256168410182,0.0274117272347211,0.0219092369079589,-0.0153924701735377,0.0142857385799288,-0.0005211166571825,-0.0302719417959451,0.0182481948286294,0.0103680063039064,-0.0076805693097412,0.0147291263565421,0.0185758844017982,0.0138666788116097,0.0075988345779478,0.0319207459688186,0.013881673105061,0.0145170427858829,-0.0030425693839788,0.0228440668433904,0.0096643203869462,0.0074799237772822,0.0105792991816997,-0.0252384059131145,0.013459644280374,0.0071704783476889,-0.0009837903780862,0.0277777649462223,-0.0177251957356929,-0.0275633968412876,0.0195488408207893,0.0248586777597665,-0.0034414795227348,-0.0385659486055374,0.0039467155002057,-0.0421435758471489,0.0122850118204951,0.0239743664860725,-0.0179612059146165,-0.0657043159008026,0.0148295182734727,0.0085341399535536,0.0063321557827293,-0.0518800653517246,-0.0150048146024346,-0.0232450012117624,0.0073709883727133,0.0018631074344739,0.0029268031939864,-0.0115101290866732,-0.0107003562152385,-0.0077661070972681,0.010816091671586,-0.0103978952392935,-0.0058365240693092,-0.0022552656009793,0.0181017089635133,0.0340484865009784,0.0153772085905075,-0.0381337068974971,-0.0184571426361799,0.015489756129682,0.0270009394735097,-0.0027260093484073,0.0042253592982888,0.0041058463975787,-0.0317905731499195,0.025736978277564,-0.0144857196137309,-0.0250912066549062,0.0578148104250431,0.0166976172477006,0.0134320985525846,0.016022628173232,-0.0086836665868759,-0.0014117970131337,-0.0041493843309581,-0.0070093278773128,0.0101851532235741,-0.0009337281808257,0.042501263320446,0.0170000083744525,0.0571568202944401,0.0124440026015204,0.0766976871218614,0.0164917506006649,0.055202790014748,0.0029585538912977,0.020029306534816,0.0430769312884977,-0.0178431279671685,0.1616219287203335,0.0900642287610264,-0.027519472231402,2019-02-20,2019-02-21,2019-02-22,2019-02-25,2019-02-26,2019-02-27,2019-02-28,2019-03-01,2019-03-04,2019-03-05,85234.0,2019-02-19,252.0,0.6391%,0.0002,0.5965,0.6102,0.4152,1.6868%,1.8035%,12.5296%,0.002122,CXW,85234.0,2019-02-20,252.0,4.2501%,0.0004,0.6079,0.6403,0.457,1.7016%,1.8223%,12.8124%,0.037642,CXW,85234.0,2019-02-21,252.0,1.4058%,0.0005,0.6057,0.6395,0.4527,1.7048%,1.8243%,12.6683%,0.017707,CXW,85234.0,2019-02-22,252.0,1.8484%,0.0005,0.6039,0.6257,0.4186,1.7062%,1.8248%,12.5829%,0.017586,CXW,85234.0,2019-02-25,252.0,-0.3176%,0.0005,0.6042,0.6272,0.4205,1.7061%,1.8250%,12.5981%,-0.001802,CXW,85234.0,2019-02-26,252.0,-1.6841%,0.0004,0.5983,0.6482,0.4268,1.7054%,1.8239%,12.5797%,-0.0105729999999999,CXW,85234.0,2019-02-27,252.0,-0.6482%,0.0004,0.6047,0.6344,0.4278,1.7036%,1.8230%,12.6723%,-0.007839,CXW,85234.0,2019-02-28,252.0,-1.3047%,0.0005,0.5849,0.6204,0.416,1.6852%,1.7981%,12.1654%,-0.0103299999999999,CXW,85234.0,2019-03-01,252.0,-1.8414%,0.0004,0.586,0.622,0.4284,1.6905%,1.8021%,12.0072%,-0.022851,CXW,85234.0,2019-03-04,252.0,1.3468%,0.0004,0.5961,0.5731,0.4292,1.6857%,1.7970%,12.0084%,0.017242,CXW,85234.0,2019-03-05,252.0,-0.9018%,0.0004,0.5993,0.5937,0.4335,1.6849%,1.7980%,12.1834%,-0.005288,CXW,0.039764,0.057471,0.075057,0.062682,0.033616
19747,CORECIVIC INC,"Corrections of America Q4 EPS $0.40, Inline, Sales $482.2M Beat $459.32M Estimate",6,increase,0.7,0.6,"the earnings per share (eps) being inline with expectations and sales beating estimates typically indicates positive performance, which can lead to an increase in stock price.",2,2019-02-19,CXW,2019-02-19 21:19:00+00:00,85234.0,21871N10,0.0063913059420883,534566.0,0.042501263320446,0.0170000083744525,0.0140580711886286,-0.0044798483140766,0.0184843596071004,0.0039979969151318,-0.0031761161517351,-0.0137999346479773,-0.0168410986661911,0.0004931078874506,-0.0064815413206815,0.0069514052011072,-0.0130474735051393,0.0105368327349424,-0.0184135679155588,-0.0064805168658494,0.0134679544717073,0.0045067677274346,-0.0090175857767462,0.0241025295108556,-0.0459769703447818,-0.018621077761054,-0.0155622223392128,0.0153296450152993,-0.0066293249838054,-0.003056518966332,0.0143737522885203,0.0202702395617961,-0.0136639904230833,0.0036515230312943,-0.0133401863276958,-0.0010422333143651,-0.0015599989565089,0.0047120498493313,-0.0036459167022258,0.000523846480064,0.0,-0.0205233264714479,-0.0031364071182906,0.0010272449580952,-0.0052438587881624,-0.0061256168410182,0.0274117272347211,0.0219092369079589,-0.0153924701735377,0.0142857385799288,-0.0005211166571825,-0.0302719417959451,0.0182481948286294,0.0103680063039064,-0.0076805693097412,0.0147291263565421,0.0185758844017982,0.0138666788116097,0.0075988345779478,0.0319207459688186,0.013881673105061,0.0145170427858829,-0.0030425693839788,0.0228440668433904,0.0096643203869462,0.0074799237772822,0.0105792991816997,-0.0252384059131145,0.013459644280374,0.0071704783476889,-0.0009837903780862,0.0277777649462223,-0.0177251957356929,-0.0275633968412876,0.0195488408207893,0.0248586777597665,-0.0034414795227348,-0.0385659486055374,0.0039467155002057,-0.0421435758471489,0.0122850118204951,0.0239743664860725,-0.0179612059146165,-0.0657043159008026,0.0148295182734727,0.0085341399535536,0.0063321557827293,-0.0518800653517246,-0.0150048146024346,-0.0232450012117624,0.0073709883727133,0.0018631074344739,0.0029268031939864,-0.0115101290866732,-0.0107003562152385,-0.0077661070972681,0.010816091671586,-0.0103978952392935,-0.0058365240693092,-0.0022552656009793,0.0181017089635133,0.0340484865009784,0.0153772085905075,-0.0381337068974971,-0.0184571426361799,0.015489756129682,0.0270009394735097,-0.0027260093484073,0.0042253592982888,0.0041058463975787,-0.0317905731499195,0.025736978277564,-0.0144857196137309,-0.0250912066549062,0.0578148104250431,0.0166976172477006,0.0134320985525846,0.016022628173232,-0.0086836665868759,-0.0014117970131337,-0.0041493843309581,-0.0070093278773128,0.0101851532235741,-0.0009337281808257,0.042501263320446,0.0170000083744525,0.0571568202944401,0.0124440026015204,0.0766976871218614,0.0164917506006649,0.055202790014748,0.0029585538912977,0.020029306534816,0.0430769312884977,-0.0178431279671685,0.1616219287203335,0.0900642287610264,-0.027519472231402,2019-02-20,2019-02-21,2019-02-22,2019-02-25,2019-02-26,2019-02-27,2019-02-28,2019-03-01,2019-03-04,2019-03-05,85234.0,2019-02-19,252.0,0.6391%,0.0002,0.5965,0.6102,0.4152,1.6868%,1.8035%,12.5296%,0.002122,CXW,85234.0,2019-02-20,252.0,4.2501%,0.0004,0.6079,0.6403,0.457,1.7016%,1.8223%,12.8124%,0.037642,CXW,85234.0,2019-02-21,252.0,1.4058%,0.0005,0.6057,0.6395,0.4527,1.7048%,1.8243%,12.6683%,0.017707,CXW,85234.0,2019-02-22,252.0,1.8484%,0.0005,0.6039,0.6257,0.4186,1.7062%,1.8248%,12.5829%,0.017586,CXW,85234.0,2019-02-25,252.0,-0.3176%,0.0005,0.6042,0.6272,0.4205,1.7061%,1.8250%,12.5981%,-0.001802,CXW,85234.0,2019-02-26,252.0,-1.6841%,0.0004,0.5983,0.6482,0.4268,1.7054%,1.8239%,12.5797%,-0.0105729999999999,CXW,85234.0,2019-02-27,252.0,-0.6482%,0.0004,0.6047,0.6344,0.4278,1.7036%,1.8230%,12.6723%,-0.007839,CXW,85234.0,2019-02-28,252.0,-1.3047%,0.0005,0.5849,0.6204,0.416,1.6852%,1.7981%,12.1654%,-0.0103299999999999,CXW,85234.0,2019-03-01,252.0,-1.8414%,0.0004,0.586,0.622,0.4284,1.6905%,1.8021%,12.0072%,-0.022851,CXW,85234.0,2019-03-04,252.0,1.3468%,0.0004,0.5961,0.5731,0.4292,1.6857%,1.7970%,12.0084%,0.017242,CXW,85234.0,2019-03-05,252.0,-0.9018%,0.0004,0.5993,0.5937,0.4335,1.6849%,1.7980%,12.1834%,-0.005288,CXW,0.039764,0.057471,0.075057,0.062682,0.033616
19755,DANAOS CORP,"Danaos Q4 EPS $0.18 Beats $0.12 Estimate, Sales $115.631M Beat $105.34M Estimate",6,increase,0.8,0.7,"the earnings per share and sales figures both exceeded analysts' estimates, which typically signals positive performance and can lead to an increase in stock price.",2,2019-02-19,DAC,2019-02-19 22:03:00+00:00,91560.0,Y1968P12,0.0240964349359273,32277.0,0.0078823287039995,-0.0235294587910175,-0.0085210921242833,0.0117843514308333,0.0520367361605167,-0.0560674108564853,0.0632274150848388,0.0595238246023654,0.0262077879160642,0.0168260280042886,0.0358974002301693,-0.0612500049173831,0.0891089439392089,-0.0736842006444931,-0.0636364072561264,0.0106382872909307,-0.0524271465837955,0.0200759302824735,-0.0167008433490991,0.0423029139637947,-0.0206314548850059,-0.0176666192710399,-0.0315990857779979,0.053494032472372,0.005163705907762,0.0050588212907314,0.0569461174309253,0.021389128640294,-0.0087900515645742,-0.0132082533091306,-0.0190923903137445,-0.0099330805242061,-0.0227610878646373,-0.0320454202592372,-0.0063125910237431,0.0004547598655335,-0.0224534552544355,-0.034997247159481,0.0308123622089624,0.0055157146416604,-0.0030434648506343,0.0072222286835312,-0.0113389194011688,0.0227272510528564,-0.0295544527471065,-0.0638297870755195,-0.0340908765792846,-0.0239850673824548,0.004588225390762,0.0137895038351416,0.0483663156628608,-0.0261404402554035,-0.0169794671237468,0.0384287536144256,0.0051136719994246,0.032307680696249,-0.0120972832664847,0.0013204448623582,-0.0100709209218621,0.0459201335906982,-0.0053179054521024,0.0276759415864944,0.0112738264724612,0.127333328127861,-0.017354330047965,0.081782765686512,0.1461988240480423,-0.0094298655167222,0.0102040721103549,0.1417618244886398,-0.0202020015567541,-0.2684964537620544,-0.0070103663019835,0.0093953059986233,-0.028135348111391,-0.0116666164249181,-0.0249973386526107,-0.0232558604329824,0.0264051780104637,0.032412976026535,-0.0178266745060682,-0.0200000219047069,-0.0001086370975826,-0.0119725447148084,-0.0157608930021524,-0.0162378195673227,-0.0501380711793899,-0.0062500210478901,-0.0815020948648452,0.0352940820157527,-0.0759493708610534,0.0119048217311501,0.0879451781511306,-0.134020671248436,0.0450767800211906,-0.0299999713897705,0.0238554310053587,-0.0384615026414394,0.0061191204003989,-0.0188679080456495,-0.0902267470955848,0.0,0.0156106585636735,-0.0363637097179889,-0.0189873445779085,0.0,-0.0599078834056854,0.0228752363473177,0.0215686541050672,-0.0311711877584457,-0.0019194297492504,0.0183486063033342,0.0288461726158857,-0.0267856884747743,0.0074766282923519,0.0666667222976684,-0.0009275765623897,-0.0366973206400871,0.048282217234373,-0.0521738640964031,0.0078823287039995,-0.0235294587910175,-0.0007059294693244,-0.0120223867715548,0.0512940724256492,-0.0674157335294438,0.1470588187695585,0.0047209671016659,0.1290587795843396,-0.0611922116842,0.0176470421718659,-0.0447692670127535,-0.0512617839316673,-0.278260868037215,2019-02-20,2019-02-21,2019-02-22,2019-02-25,2019-02-26,2019-02-27,2019-02-28,2019-03-01,2019-03-04,2019-03-05,91560.0,2019-02-19,252.0,2.4096%,-0.0007,0.1459,1.9305,0.149,5.2206%,5.3168%,3.5879%,0.017757,DAC,91560.0,2019-02-20,252.0,0.7882%,-0.0007,0.1474,1.9367,0.155,5.2204%,5.3171%,3.6020%,0.002439,DAC,91560.0,2019-02-21,252.0,-0.8521%,-0.0008,0.1587,1.9583,0.1757,5.2177%,5.3160%,3.6647%,-0.006363,DAC,91560.0,2019-02-22,252.0,5.2037%,-0.0005,0.1507,2.0125,0.1293,5.2205%,5.3251%,3.8865%,0.042717,DAC,91560.0,2019-02-25,252.0,6.3227%,-0.0003,0.1503,1.9782,0.1102,5.2385%,5.3400%,3.7649%,0.068367,DAC,91560.0,2019-02-26,252.0,2.6208%,-0.0001,0.1388,1.9343,0.0793,5.2443%,5.3426%,3.6442%,0.039372,DAC,91560.0,2019-02-27,252.0,3.5897%,0.0001,0.1523,1.9198,0.0816,5.2451%,5.3421%,3.5993%,0.032092,DAC,91560.0,2019-02-28,252.0,8.9109%,0.0004,0.1369,1.9122,0.0496,5.2749%,5.3712%,3.5517%,0.0893009999999999,DAC,91560.0,2019-03-01,252.0,-6.3636%,0.0001,0.1276,1.8983,0.0678,5.2932%,5.3865%,3.4338%,-0.070059,DAC,91560.0,2019-03-04,252.0,-5.2427%,0.0,0.1247,1.948,0.0594,5.2995%,5.3968%,3.5759%,-0.0445249999999999,DAC,91560.0,2019-03-05,252.0,-1.6701%,0.0001,0.1318,1.996,0.0682,5.2977%,5.3979%,3.6765%,-0.010397,DAC,0.020196,0.013833,0.05655,0.164289,0.160701
19763,DEUTSCHE BANK A G,"Deutsche Bank shares are trading lower after the company's largest shareholder, HNA, reduced its stake in the company.",6,decrease,0.8,0.7,"the reduction of stake by deutsche bank's largest shareholder, hna, typically signals a lack of confidence in the company's future prospects, which can lead to a decrease in stock price.",0,2019-02-19,DB,2019-02-19 14:08:00+00:00,89199.0,D1819089,-0.021590968593955,4877012.0,0.0150987366214394,0.0551558770239353,-0.0091533092781901,-0.0234191808849573,-0.0011547608301043,0.0,0.0138729298487305,0.0264423415064811,0.0171037185937166,0.0158730298280715,0.0213004015386104,-0.0203349385410547,0.0142700457945466,-0.0659218057990074,0.005411276128143,0.0056179990060627,-0.0096878530457615,0.0113635715097188,-0.004347822163254,-0.0056497389450669,0.0010917281033471,-0.0033783481922,-0.0556161627173423,-0.0441334620118141,-0.0023094115313142,0.0065005873329937,0.0555555000901222,-0.0043150931596755,-0.0285087972879409,0.0032468277495354,0.0225734505802393,0.042889405041933,-0.016556354239583,-0.0209945328533649,-0.0033669734839349,0.022598847746849,0.0427928045392036,-0.031728658825159,-0.0226781889796257,0.0246637072414159,-0.0298343040049076,-0.0398277603089809,-0.0398632623255252,0.0764773860573768,-0.0260973032563924,0.0058275279588997,-0.0048721022903919,0.002336390549317,0.013463850133121,-0.0058071124367415,0.0217391680926084,0.0058410321362316,-0.0319149494171142,-0.0205948911607265,-0.0085469717159867,0.0045976969413459,0.0529557019472122,0.0211266838014125,-0.0058479756116867,0.0531520769000053,0.0105882529169321,-0.0134145924821496,-0.0104773165658116,0.0061349929310381,-0.0176470130681991,0.0124222887679934,-0.0035928965080529,0.030729865655303,-0.0096153756603598,-0.0428921468555927,-0.003640744369477,0.031605564057827,0.0219245199114084,0.0050825872458517,0.0262216087430715,-0.0235732663422823,0.0034844004549086,-0.0370369739830493,0.0266203172504901,-0.0368239022791385,0.0067644217051565,0.0104650231078267,-0.0167973767966032,-0.0227272510528564,-0.0034168262500315,-0.0078917359933257,-0.0240000039339065,-0.0177186988294124,-0.0046838363632559,0.0840335935354232,-0.0176470130681991,-0.0059666098095476,-0.0191617719829082,-0.0400915741920471,0.0158730298280715,-0.019101133570075,-0.0048076878301799,-0.0176601316779851,-0.0157004967331886,-0.0351437591016292,0.0085890367627143,0.0251092240214347,0.0,-0.0276008732616901,-0.0133820688351988,-0.0475227758288383,-0.0357582606375217,0.0050813201814889,0.0063938251696527,0.0113053051754832,-0.0114357909187674,0.051891840994358,0.0115680815652012,-0.0201270747929811,-0.0292249079793691,0.0227519012987613,0.005235597025603,-0.0562372393906116,-0.0013020511250942,-0.0030581739265471,0.0150987366214394,0.0551558770239353,0.0058072239372433,0.0304449906780859,0.0046457571524045,0.0304449906780859,0.0360046966082767,0.0744811515476999,0.0638792352961965,-0.0056497398741093,-0.0127758059568617,0.0877626747863848,-0.1091753346288699,-0.1029561834166428,2019-02-20,2019-02-21,2019-02-22,2019-02-25,2019-02-26,2019-02-27,2019-02-28,2019-03-01,2019-03-04,2019-03-05,89199.0,2019-02-19,252.0,-2.1591%,-0.002,1.3339,0.5665,1.3575,1.8477%,2.2631%,33.3447%,-0.03009,DB,89199.0,2019-02-20,252.0,1.5099%,-0.0019,1.3359,0.573,1.3652,1.8478%,2.2658%,33.4901%,0.0037519999999999,DB,89199.0,2019-02-21,252.0,-0.9153%,-0.0021,1.3498,0.6016,1.3906,1.8311%,2.2603%,34.3724%,-0.00077,DB,89199.0,2019-02-22,252.0,-0.1155%,-0.0021,1.3488,0.5947,1.3726,1.8315%,2.2596%,34.3016%,0.007105,DB,89199.0,2019-02-25,252.0,1.3873%,-0.002,1.3485,0.5857,1.367,1.8349%,2.2616%,34.1700%,0.015767,DB,89199.0,2019-02-26,252.0,1.7104%,-0.0018,1.3513,0.5422,1.347,1.8418%,2.2648%,33.8667%,0.027421,DB,89199.0,2019-02-27,252.0,2.1300%,-0.0017,1.3548,0.5426,1.3476,1.8467%,2.2693%,33.7819%,0.0205699999999999,DB,89199.0,2019-02-28,252.0,1.4270%,-0.0017,1.3577,0.5454,1.3443,1.8503%,2.2716%,33.6527%,0.0216299999999999,DB,89199.0,2019-03-01,252.0,0.5411%,-0.0016,1.3549,0.5413,1.3396,1.8500%,2.2661%,33.3476%,-0.000659,DB,89199.0,2019-03-04,252.0,-0.9688%,-0.0016,1.3543,0.5472,1.3389,1.8502%,2.2651%,33.2812%,-0.0057909999999999,DB,89199.0,2019-03-05,252.0,-0.4348%,-0.0016,1.354,0.548,1.337,1.8503%,2.2646%,33.2425%,0.002774,DB,-0.026338,-0.027108,-0.020003,0.023185,0.0617089999999999
19771,DEERE & CO,"Citigroup Maintains Buy on Deere, Lowers Price Target to $180",6,uncertain,0.6,0.2,"while maintaining a 'buy' rating suggests positive sentiment, the lowered price target may create uncertainty among investors regarding future performance.",1,2019-02-19,DE,2019-02-19 13:46:00+00:00,19350.0,24419910,-0.0108812563121318,2971747.0,0.0166603736579418,-0.0211180448532104,0.0185764394700527,-0.0017209514044225,0.0191587042063474,-0.0150735843926668,-0.006687959190458,0.0200691614300012,-0.0064296829514205,-0.0049769436009228,-0.0012820923002436,0.005871427245438,0.0027507608756423,-0.0114857628941535,-0.0044501083903014,-0.0032276597339659,0.0153696024790406,-0.0018235231982544,-0.0263539385050535,0.0038442129734903,-0.0198822636157274,-0.0007316775154322,-0.0013903009239584,0.0066907880827784,0.0062649678438901,0.0151421232149004,0.0088673904538154,0.0254967734217643,-0.0079790474846959,-0.0310216378420591,0.0033931965008378,0.0193776898086071,-0.0120240375399589,0.0052026649937033,0.0024721056688576,-0.0077436147257685,0.0135947465896606,-0.0350525751709938,0.0041796518489718,0.0283625479787588,-0.0081381471827626,0.0168985687196254,0.0004383819468785,0.00229226751253,-0.023727498948574,-0.0022870248649269,0.0089136809110641,-0.0054965573363006,0.0017161652212962,-0.0052790120244026,0.0042512570507824,0.0310373436659574,0.0036014250945299,-0.0165052022784948,0.0111335683614015,0.0179034415632486,0.0129504967480897,0.0163502842187881,0.0012969640083611,0.052967645227909,0.0078337304294109,-0.0273464061319828,0.005202314350754,-0.0071729710325598,0.0048099928535521,0.0267758779227733,-0.0001817777374526,-0.0046346951276063,-0.0373939275741577,0.0240803863853216,-0.0012591887498274,0.0428737737238407,0.009645078331232,-0.0392335169017314,0.0081169018521904,-0.0114075904712081,0.0063792811706662,-0.0098576284945011,0.0127391964197158,-0.021108316257596,0.0054083582945168,0.0215634852647781,0.0217588767409324,-0.0196630619466304,0.0005914868088439,0.0047198231332004,-0.0082175554707646,0.0011475507635623,-0.0146041791886091,0.0077550979331135,-0.0211723428219556,-0.000204031690373,0.0197762623429298,-0.0015618343604728,0.0077570984140038,-0.0461817793548107,-0.0039689000695943,0.0184708964079618,-0.0065810033120214,-0.0654707476496696,-0.002552559832111,0.0473269745707511,0.0169998090714216,0.0327399037778377,-0.040321197360754,-0.0134201264008879,-0.0151079930365085,0.028414836153388,-0.013755059801042,-0.0074536707252264,-0.0007069902494549,0.0425651222467422,0.0036661135964095,0.0067662210203707,-0.0626081675291061,0.0242564287036657,0.0056740622967481,-0.0284071173518896,-0.0154306590557098,-0.0358422137796878,0.0166603736579418,-0.0211180448532104,0.0355463035507996,-0.0228026531286842,0.0553860288725058,-0.0375325198050391,0.0415872357613538,-0.0231028851612382,0.0266437909921219,-0.0298389018370444,0.0358605102937636,0.1037140011086203,-0.0745494907484863,0.0808259364080974,2019-02-20,2019-02-21,2019-02-22,2019-02-25,2019-02-26,2019-02-27,2019-02-28,2019-03-01,2019-03-04,2019-03-05,19350.0,2019-02-19,252.0,-1.0881%,-0.0002,1.3137,-0.077,0.09,1.4449%,1.9891%,47.2329%,-0.013566,DE,19350.0,2019-02-20,252.0,1.6660%,-0.0002,1.3161,-0.0785,0.0967,1.4442%,1.9894%,47.2987%,0.013739,DE,19350.0,2019-02-21,252.0,1.8576%,0.0,1.3036,-0.0988,0.0736,1.4466%,1.9851%,46.8976%,0.023513,DE,19350.0,2019-02-22,252.0,1.9159%,0.0001,1.3013,-0.0823,0.0612,1.4471%,1.9859%,46.9004%,0.01221,DE,19350.0,2019-02-25,252.0,-0.6688%,0.0,1.3029,-0.0764,0.07,1.4460%,1.9849%,46.9306%,-0.008844,DE,19350.0,2019-02-26,252.0,-0.6430%,0.0,1.3085,-0.0752,0.0748,1.4454%,1.9838%,46.9091%,-0.004703,DE,19350.0,2019-02-27,252.0,-0.1282%,0.0,1.3118,-0.0819,0.0753,1.4447%,1.9833%,46.9384%,-0.002327,DE,19350.0,2019-02-28,252.0,0.2751%,0.0001,1.3066,-0.0853,0.0699,1.4446%,1.9778%,46.6502%,0.006922,DE,19350.0,2019-03-01,252.0,-0.4450%,0.0001,1.3023,-0.0917,0.0695,1.4471%,1.9752%,46.3283%,-0.013421,DE,19350.0,2019-03-04,252.0,1.5370%,0.0002,1.2955,-0.0884,0.0756,1.4522%,1.9708%,45.7094%,0.021414,DE,19350.0,2019-03-05,252.0,-2.6354%,0.0002,1.3065,-0.0195,0.0925,1.4474%,1.9729%,46.1728%,-0.0243339999999999,DE,0.0001729999999999,0.023686,0.035896,0.022349,0.010603
19779,DEERE & CO,"Credit Suisse Maintains Outperform on Deere, Lowers Price Target to $209",6,decrease,0.7,0.5,"lowering the price target typically signals a less favorable outlook, which may lead to a decrease in stock price.",0,2019-02-19,DE,2019-02-19 13:30:00+00:00,19350.0,24419910,-0.0108812563121318,2971747.0,0.0166603736579418,-0.0211180448532104,0.0185764394700527,-0.0017209514044225,0.0191587042063474,-0.0150735843926668,-0.006687959190458,0.0200691614300012,-0.0064296829514205,-0.0049769436009228,-0.0012820923002436,0.005871427245438,0.0027507608756423,-0.0114857628941535,-0.0044501083903014,-0.0032276597339659,0.0153696024790406,-0.0018235231982544,-0.0263539385050535,0.0038442129734903,-0.0198822636157274,-0.0007316775154322,-0.0013903009239584,0.0066907880827784,0.0062649678438901,0.0151421232149004,0.0088673904538154,0.0254967734217643,-0.0079790474846959,-0.0310216378420591,0.0033931965008378,0.0193776898086071,-0.0120240375399589,0.0052026649937033,0.0024721056688576,-0.0077436147257685,0.0135947465896606,-0.0350525751709938,0.0041796518489718,0.0283625479787588,-0.0081381471827626,0.0168985687196254,0.0004383819468785,0.00229226751253,-0.023727498948574,-0.0022870248649269,0.0089136809110641,-0.0054965573363006,0.0017161652212962,-0.0052790120244026,0.0042512570507824,0.0310373436659574,0.0036014250945299,-0.0165052022784948,0.0111335683614015,0.0179034415632486,0.0129504967480897,0.0163502842187881,0.0012969640083611,0.052967645227909,0.0078337304294109,-0.0273464061319828,0.005202314350754,-0.0071729710325598,0.0048099928535521,0.0267758779227733,-0.0001817777374526,-0.0046346951276063,-0.0373939275741577,0.0240803863853216,-0.0012591887498274,0.0428737737238407,0.009645078331232,-0.0392335169017314,0.0081169018521904,-0.0114075904712081,0.0063792811706662,-0.0098576284945011,0.0127391964197158,-0.021108316257596,0.0054083582945168,0.0215634852647781,0.0217588767409324,-0.0196630619466304,0.0005914868088439,0.0047198231332004,-0.0082175554707646,0.0011475507635623,-0.0146041791886091,0.0077550979331135,-0.0211723428219556,-0.000204031690373,0.0197762623429298,-0.0015618343604728,0.0077570984140038,-0.0461817793548107,-0.0039689000695943,0.0184708964079618,-0.0065810033120214,-0.0654707476496696,-0.002552559832111,0.0473269745707511,0.0169998090714216,0.0327399037778377,-0.040321197360754,-0.0134201264008879,-0.0151079930365085,0.028414836153388,-0.013755059801042,-0.0074536707252264,-0.0007069902494549,0.0425651222467422,0.0036661135964095,0.0067662210203707,-0.0626081675291061,0.0242564287036657,0.0056740622967481,-0.0284071173518896,-0.0154306590557098,-0.0358422137796878,0.0166603736579418,-0.0211180448532104,0.0355463035507996,-0.0228026531286842,0.0553860288725058,-0.0375325198050391,0.0415872357613538,-0.0231028851612382,0.0266437909921219,-0.0298389018370444,0.0358605102937636,0.1037140011086203,-0.0745494907484863,0.0808259364080974,2019-02-20,2019-02-21,2019-02-22,2019-02-25,2019-02-26,2019-02-27,2019-02-28,2019-03-01,2019-03-04,2019-03-05,19350.0,2019-02-19,252.0,-1.0881%,-0.0002,1.3137,-0.077,0.09,1.4449%,1.9891%,47.2329%,-0.013566,DE,19350.0,2019-02-20,252.0,1.6660%,-0.0002,1.3161,-0.0785,0.0967,1.4442%,1.9894%,47.2987%,0.013739,DE,19350.0,2019-02-21,252.0,1.8576%,0.0,1.3036,-0.0988,0.0736,1.4466%,1.9851%,46.8976%,0.023513,DE,19350.0,2019-02-22,252.0,1.9159%,0.0001,1.3013,-0.0823,0.0612,1.4471%,1.9859%,46.9004%,0.01221,DE,19350.0,2019-02-25,252.0,-0.6688%,0.0,1.3029,-0.0764,0.07,1.4460%,1.9849%,46.9306%,-0.008844,DE,19350.0,2019-02-26,252.0,-0.6430%,0.0,1.3085,-0.0752,0.0748,1.4454%,1.9838%,46.9091%,-0.004703,DE,19350.0,2019-02-27,252.0,-0.1282%,0.0,1.3118,-0.0819,0.0753,1.4447%,1.9833%,46.9384%,-0.002327,DE,19350.0,2019-02-28,252.0,0.2751%,0.0001,1.3066,-0.0853,0.0699,1.4446%,1.9778%,46.6502%,0.006922,DE,19350.0,2019-03-01,252.0,-0.4450%,0.0001,1.3023,-0.0917,0.0695,1.4471%,1.9752%,46.3283%,-0.013421,DE,19350.0,2019-03-04,252.0,1.5370%,0.0002,1.2955,-0.0884,0.0756,1.4522%,1.9708%,45.7094%,0.021414,DE,19350.0,2019-03-05,252.0,-2.6354%,0.0002,1.3065,-0.0195,0.0925,1.4474%,1.9729%,46.1728%,-0.0243339999999999,DE,0.0001729999999999,0.023686,0.035896,0.022349,0.010603
19787,DONEGAL GROUP INC,Donegal Group Q4 EPS $(0.54) Down From $(0.10) YoY,6,decrease,0.8,0.7,"the significant drop in eps from $(0.10) to $(0.54) year-over-year indicates worsening financial performance, which is likely to negatively impact investor sentiment and lead to a decrease in stock price.",0,2019-02-19,DGICA,2019-02-19 21:41:00+00:00,88963.0,25770120,0.0,12339.0,-0.0044248094782233,0.0351145043969154,-0.0074074356816709,-0.0187265910208225,0.011194072663784,-0.0037312863860279,-0.0184501837939024,0.0143830114975571,-0.0255639217793941,-0.011967078782618,0.0092592500150203,0.0075357514433562,0.0298165399581193,0.0007541650556959,0.0029695590492337,-0.0015059867873787,0.008882300928235,-0.0015037937555462,-0.0014673849800601,-0.0111523885279893,-0.0007347006467171,0.0212604198604822,0.0029411735013127,-0.007270676549524,-0.0241935420781374,0.0105500668287277,0.0202854610979557,0.0030235007870942,-0.0044182226993143,-0.0075019039213657,0.0125738987699151,0.0079394737258553,-0.0109568750485777,-0.021095473319292,-0.0118168275803327,0.0242608543485403,0.0089686010032892,-0.0265683103352785,-0.0096296379342675,-0.0216606631875038,0.0089753093197941,-0.0021613640710711,-0.0103780124336481,0.0168498530983924,0.0,0.014869874343276,0.0037452611140906,-0.0110294539481401,0.011194072663784,-0.0144927399232983,0.0066420775838196,-0.0142857003957033,-0.0095308003947138,-0.0056818127632141,-0.0044411858543753,0.0114942416548728,-0.0111523885279893,0.013838349841535,-0.0007518968777731,0.0238627661019563,-0.0105342622846365,-0.023306606337428,-0.011406815610826,0.0062293205410242,0.0138461776077747,0.0122404247522354,-0.015933234244585,-0.0146199380978941,-0.0046260925009846,-0.0101302023977041,0.006971351802349,0.0414468124508857,-0.0007692483486607,-0.0170370023697614,-0.0076981852762401,-0.0224475320428609,-0.01318852417171,0.0087655838578939,-0.0086478469893336,-0.0065312157385051,-0.0079301688820123,-0.0057720001786947,0.013589134439826,-0.0198020283132791,0.0007885863306,-0.0111888004466891,0.0512214824557304,-0.0103805968537926,-0.0022488555405288,0.0126138292253017,-0.0135236885398626,-0.0104021923616528,0.0182787328958511,0.0083916001021862,0.011967078782618,-0.0013966134283691,0.0084996502846479,0.0063246772624552,0.0022222024854272,-0.0186207219958305,0.013303792104125,0.0069444710388779,0.0196936186403036,0.0220013819634914,0.0164521113038063,0.01221264898777,-0.0014074917417019,0.0220264457166194,-0.0183227118104696,-0.0094545539468526,0.00502510368824,-0.0164520423859357,0.0182142946869134,0.0093862209469079,-0.0164854191243648,0.0124269062653183,0.0057061286643147,0.0066225277259945,0.0319148786365985,-0.0080291721969842,-0.0044248094782233,0.0351145043969154,-0.0117994686682806,0.0157303384133529,-0.0007374801141634,0.0119403576297556,-0.0442478149437081,0.014210959607819,0.0036872581753837,0.0081784831770841,-0.0199115399927786,0.0221267986936346,0.0845337404044286,0.0004905394463277,2019-02-20,2019-02-21,2019-02-22,2019-02-25,2019-02-26,2019-02-27,2019-02-28,2019-03-01,2019-03-04,2019-03-05,88963.0,2019-02-19,252.0,0.0000%,-0.0008,0.5224,0.3365,-0.0644,1.3924%,1.5197%,16.0574%,-0.001824,DGICA,88963.0,2019-02-20,252.0,-0.4425%,-0.0008,0.5214,0.3368,-0.067,1.3924%,1.5197%,16.0570%,-0.005904,DGICA,88963.0,2019-02-21,252.0,-0.7407%,-0.0008,0.5134,0.3194,-0.0817,1.3836%,1.5088%,15.9148%,-0.0054969999999999,DGICA,88963.0,2019-02-22,252.0,1.1194%,-0.0008,0.513,0.3108,-0.0947,1.3832%,1.5099%,16.0796%,0.004799,DGICA,88963.0,2019-02-25,252.0,-1.8450%,-0.0008,0.5109,0.3175,-0.0989,1.3828%,1.5098%,16.1134%,-0.018682,DGICA,88963.0,2019-02-26,252.0,-2.5564%,-0.0007,0.5378,0.3226,-0.0762,1.3700%,1.5059%,17.2361%,-0.023141,DGICA,88963.0,2019-02-27,252.0,0.9259%,-0.0007,0.5374,0.3258,-0.0763,1.3711%,1.5068%,17.1994%,0.007971,DGICA,88963.0,2019-02-28,252.0,2.9817%,-0.0006,0.5407,0.3291,-0.0813,1.3810%,1.5173%,17.1684%,0.031127,DGICA,88963.0,2019-03-01,252.0,0.2970%,-0.0006,0.5401,0.3282,-0.0815,1.3810%,1.5167%,17.0932%,-0.002293,DGICA,88963.0,2019-03-04,252.0,0.8882%,-0.0006,0.5386,0.3204,-0.0783,1.3837%,1.5177%,16.8740%,0.013231,DGICA,88963.0,2019-03-05,252.0,-0.1467%,-0.0005,0.5395,0.3274,-0.078,1.3835%,1.5175%,16.8888%,0.000164,DGICA,-0.007728,-0.013225,-0.008426,-0.050249,-4.900000000000485e-05
19795,SPDR DOW JONES IND AVG ETF TRUST,"Fed's Mester Says She Would Be Comfortable Slowing Or Stopping Reinvestment Of Maturing Securities This Year; Says If She Were Making Decision On Her Own, She Would Favor Slowing Reinvestment Of Fed's Maturing Securities",6,decrease,0.7,0.6,"the potential slowing or stopping of reinvestment of maturing securities by the fed may signal tighter monetary policy, which could negatively impact equity markets, including the spdr dow jones ind avg etf trust.",0,2019-02-19,DIA,2019-02-19 15:25:00+00:00,85765.0,78467X10,0.0006186107057146,2744450.0,0.0026660580188035,0.0164131131023168,-0.0037379623390734,-0.0025019522290676,0.0063436143100261,0.004989605396986,0.0027674259617924,0.0143061941489577,-0.0013415849534794,-0.0015120359603315,-0.0025716335512697,-0.0023024477995932,-0.0022703518625348,-0.0077598821371793,0.004396847449243,-0.0003544321807567,-0.0082175508141517,0.006499680224806,-0.0003484448534436,0.0073459423147141,-0.0051125423051416,0.0014393116580322,-0.0080196112394332,-0.0002398175711277,-0.0003924133488908,0.0181921198964119,0.0080483807250857,0.0024887826293706,-0.0035052543971687,-0.009256612509489,0.005823518615216,0.0078217219561338,0.0007383036427199,-0.0010174182243645,0.0052210441790521,0.0070491852238774,0.0025160405784845,-0.0123456912115216,-0.0004246702883392,0.0140436831861734,-0.0061418274417519,0.0080211795866489,0.0089003769680857,0.0050698188133537,-0.0177979040890932,0.0071147438138723,0.0004314426041673,-0.003918636124581,0.0054494221694767,-0.0004999796510674,-0.0013647590531036,0.0045203492045402,0.003787440015003,0.0042030937038362,0.0079742427915334,0.0108769442886114,0.0125805959105491,0.0046098763123154,-0.002667831024155,0.0333450846374034,0.0011845984263345,-0.0284538883715868,0.0067938882857561,0.0006861220463179,0.0014406129484996,0.0118014635518193,-0.0035584585275501,-0.0033728219568729,-0.0064964345656335,0.0111494371667504,0.000344141095411,0.0486474111676216,-0.0007645726436749,-0.0267302878201007,0.0102142831310629,-0.0182797983288765,-0.0009846243774518,-0.0194070730358362,0.0027292415034025,-0.0165992695838213,0.0,0.0039335447363555,0.0044893538579344,-0.0206693951040506,-0.001845120685175,-0.0196938570588827,0.0053193634375929,0.0015861371066421,-0.0021014618687331,0.0067559643648564,-0.0052271909080445,-0.0019615502096712,0.0030620254110544,0.001637301640585,0.0003768979513552,-0.0216642785817384,0.001318588387221,-0.0040282155387103,-0.0061703398823738,-0.0309203211218118,-0.0048078326508402,0.0126023115590214,0.0079503813758492,0.0075712692923843,-0.0026418545749038,-0.0009848723420873,-0.017974043264985,0.0256161466240882,0.0005395139451138,0.0045050554908812,-0.0046984562650322,0.0147440461441874,0.0057267099618911,-0.0075209336355328,-0.0248153731226921,0.0006134719587862,0.0092318477109074,-0.0214520152658224,0.0043392200022935,-0.0164928250014782,0.0026660580188035,0.0164131131023168,-0.0010818699447379,0.0138700960483368,0.0052548813996251,0.0189289077514223,0.0066844827863083,0.0319432044398597,-0.0023955612805643,0.0354039366777338,0.0132595640141432,0.1447180500340072,-0.0046194997241624,0.0243803494450018,2019-02-20,2019-02-21,2019-02-22,2019-02-25,2019-02-26,2019-02-27,2019-02-28,2019-03-01,2019-03-04,2019-03-05,85765.0,2019-02-19,252.0,0.0619%,0.0001,1.0149,-0.263,0.1276,0.2462%,1.0774%,94.7770%,-0.001033,DIA,85765.0,2019-02-20,252.0,0.2666%,0.0001,1.015,-0.2632,0.1277,0.2462%,1.0775%,94.7790%,0.000514,DIA,85765.0,2019-02-21,252.0,-0.3738%,0.0002,1.0132,-0.2668,0.1245,0.2442%,1.0757%,94.8453%,2.7e-05,DIA,85765.0,2019-02-22,252.0,0.6344%,0.0002,1.0128,-0.2654,0.1206,0.2448%,1.0755%,94.8183%,0.002956,DIA,85765.0,2019-02-25,252.0,0.2767%,0.0001,1.0136,-0.2648,0.1241,0.2403%,1.0747%,95.0022%,0.000675,DIA,85765.0,2019-02-26,252.0,-0.1342%,0.0001,1.0157,-0.265,0.1255,0.2397%,1.0714%,94.9960%,-0.001105,DIA,85765.0,2019-02-27,252.0,-0.2572%,0.0001,1.0143,-0.2634,0.1253,0.2397%,1.0670%,94.9537%,-0.002932,DIA,85765.0,2019-02-28,252.0,-0.2270%,0.0001,1.0143,-0.2634,0.1251,0.2398%,1.0646%,94.9276%,0.00114,DIA,85765.0,2019-03-01,252.0,0.4397%,0.0001,1.0112,-0.268,0.1211,0.2384%,1.0606%,94.9492%,-0.001732,DIA,85765.0,2019-03-04,252.0,-0.8218%,0.0001,1.0106,-0.262,0.1203,0.2398%,1.0565%,94.8496%,-0.004594,DIA,85765.0,2019-03-05,252.0,-0.0348%,0.0002,1.0119,-0.2515,0.121,0.2365%,1.0563%,94.9855%,0.000756,DIA,-0.000519,-0.000492,0.002464,0.002034,-0.005328
19803,DELEK U S HOLDINGS INC NEW,"Delek US Holdings Q4 EPS $1.48 Beats $1.25 Estimate, Sales $2.413B Beat $2.38B Estimate",6,increase,0.8,0.7,"the company reported better-than-expected earnings and sales, which typically boosts investor confidence and can lead to an increase in stock price.",2,2019-02-19,DK,2019-02-19 23:02:00+00:00,91215.0,24665A10,0.0,1484961.0,0.063970148563385,0.0139615917578339,-0.0245349109172821,0.0232143644243478,0.0204532295465469,0.0151057410985231,0.0081257605925202,0.0100701255723834,-0.0016120733926072,0.020236661657691,-0.0269106570631265,-0.013210454955697,-0.0215707626193761,-0.0248652435839176,0.0274165458977222,0.0121286092326045,-0.0154057228937745,0.0322378315031528,-0.0016892278799787,0.0009398711263202,-0.0073321582749485,-0.0181482098996639,-0.0272727012634277,0.0086875203996896,-0.0330023653805255,0.0682797282934188,0.0299002677202224,-0.0026446254923939,0.0225806590169668,-0.0347798392176628,0.0143389739096164,0.0228459779173135,0.0022618556395173,-0.0300728324800729,0.0081805614754557,-0.0285977944731712,0.0145494295284152,-0.0283836480230093,-0.0082735586911439,0.0167072620242834,-0.0047274241223931,0.0201424751430749,0.029617141932249,0.0093838330358266,-0.0333785489201545,0.0025086209643632,0.0005614951951429,-0.005612731911242,0.0255331043154001,-0.0126231480389833,0.0134063391014933,0.0220263954252004,-0.0035097480285912,0.0018915943801403,-0.0132755804806947,-0.0332216396927833,0.0131796645000577,-0.0266982410103082,-0.0086720781400799,0.0481964945793151,0.0103881144896149,-0.0289854798465967,0.0246212091296911,0.0187634769827127,0.0337999127805233,0.0006154706934466,-0.045210737735033,-0.0042905113659799,-0.0355805717408657,0.0102167753502726,0.0502080842852592,0.0934325754642486,0.0224510952830314,-0.0586360208690166,0.0105915749445557,-0.0853979066014289,-0.0411554351449012,-0.0594846010208129,-0.0149292880669236,-0.0225080419331789,0.0181325618177652,-0.0029388354159891,-0.0082402331754565,-0.0170693676918745,0.0238541774451732,-0.0352166034281253,0.0089005278423428,-0.0100325485691428,-0.0176440142095089,0.039093043655157,0.016640281304717,0.0256615635007619,-0.0140296416357159,-0.0103174448013305,-0.0129117695614695,-0.0192008726298809,-0.0106779960915446,-0.0143221886828541,-0.0345386564731597,-0.0103771165013313,-0.0201229024678468,-0.0070370091125369,0.0268111415207386,0.0007545924163423,0.0702777430415153,0.0135100381448864,-0.0044120987877249,0.0192257165908813,-0.037799809128046,-0.0056832190603017,-0.004063980653882,0.058228462934494,0.008977198973298,-0.0317627564072608,-0.0663251280784607,0.0026538872625678,0.0317643210291862,-0.0316113978624343,0.00139936292544,-0.0060898251831531,0.063970148563385,0.0139615917578339,0.0378657357497349,0.0375000656611921,0.0590934418815201,0.0531722730427708,0.0659781718709198,0.0853051625127125,0.0249438401798161,0.0921052793440539,0.0573166540338148,0.08395524522311,0.0341931902713374,-0.1095422915965403,2019-02-20,2019-02-21,2019-02-22,2019-02-25,2019-02-26,2019-02-27,2019-02-28,2019-03-01,2019-03-04,2019-03-05,91215.0,2019-02-19,252.0,0.0000%,0.0002,1.2228,0.6861,0.1095,2.1310%,2.5130%,28.0870%,-0.004784,DK,91215.0,2019-02-20,252.0,6.3970%,0.0005,1.2403,0.7301,0.1732,2.1618%,2.5439%,27.7824%,0.059435,DK,91215.0,2019-02-21,252.0,-2.4535%,0.0004,1.2482,0.7419,0.1878,2.1646%,2.5489%,27.8837%,-0.019136,DK,91215.0,2019-02-22,252.0,2.0453%,0.0005,1.2467,0.7433,0.1713,2.1655%,2.5519%,27.9885%,0.010921,DK,91215.0,2019-02-25,252.0,0.8126%,0.0004,1.2478,0.7405,0.1738,2.1653%,2.5517%,27.9928%,0.008397,DK,91215.0,2019-02-26,252.0,-0.1612%,0.0005,1.2516,0.7296,0.1712,2.1649%,2.5513%,27.9937%,0.0055969999999999,DK,91215.0,2019-02-27,252.0,-2.6911%,0.0005,1.2587,0.7082,0.1723,2.1702%,2.5568%,27.9514%,-0.029318,DK,91215.0,2019-02-28,252.0,-2.1571%,0.0001,1.3022,0.7375,0.2081,2.1219%,2.5353%,29.9549%,-0.01748,DK,91215.0,2019-03-01,252.0,2.7417%,0.0003,1.2852,0.7121,0.174,2.1136%,2.5196%,29.6295%,0.016644,DK,91215.0,2019-03-04,252.0,-1.5406%,0.0002,1.2954,0.6845,0.17,2.1102%,2.5206%,29.9093%,-0.006643,DK,91215.0,2019-03-05,252.0,-0.1689%,0.0002,1.2958,0.6898,0.1693,2.1101%,2.5195%,29.8541%,0.002953,DK,0.054651,0.035515,0.046436,0.06043,0.026586
19811,DELEK LOGISTICS PARTNERS L P,"Delek Logistics Partners Q4 EPS $0.58 Up From $0.57 YoY, Sales $159.298M Miss $170.49M Estimate",6,decrease,0.7,0.6,"the earnings per share (eps) increased slightly, but the significant miss on sales estimates suggests weaker performance than expected, likely leading to a decrease in stock price.",0,2019-02-19,DKL,2019-02-19 23:01:00+00:00,13681.0,24664T10,0.0167280025780201,69081.0,0.0009871894726529,0.0145960729569196,0.0322156324982643,0.0082135442644357,-0.0127388415858149,0.0075861830264329,0.0145161533728241,0.0125698540359735,0.0031796016264706,0.0192170459777116,-0.0123613122850656,-0.0017761718481779,-0.0012836651876568,-0.0266251880675554,0.0131748020648956,-0.0146507769823074,0.0361559614539146,0.0058259107172489,-0.0021426293533295,-0.0037555687595158,-0.015644121915102,-0.0033112531527876,0.0018697840860113,0.0100334836170077,0.0108864214271307,0.0080916984006762,0.0040000327862799,-0.0146179581061005,0.0186944715678691,0.0134680001065135,-0.0520457699894905,0.0316081903874874,0.0323706306517124,-0.0020797040779143,-0.0021518506109714,-0.0020753878634423,0.0055452962405979,-0.0265993569046258,0.0021445986349135,0.0084889642894268,0.0070314751937985,-0.0016948893899098,-0.0166970025748014,0.0075136376544833,-0.0055572804994881,0.0093071507290005,-0.0068301558494567,-0.0271629597991704,0.0003126048541162,-0.0229358039796352,0.0212500095367431,-0.0145301539450883,-0.0107098678126931,0.003889754647389,0.0030930549837648,0.0208471566438674,0.0055504254996776,0.0324564017355442,-0.0134928682819008,0.0114028993993997,-0.0077711567282676,-0.0213053487241268,0.0018796825315803,0.0109401606023311,0.0159475337713956,0.0255960561335086,-0.0003078527515754,0.0131439017131924,-0.0175492521375417,-0.0195053815841674,-0.002193660242483,0.0428622737526893,0.028266379609704,-0.0347124747931957,0.0006107710069045,0.0,0.007020859979093,-0.0374619886279106,0.0033342463430017,0.0033863349817693,-0.006646447815001,-0.0159946531057357,-0.0069951196201145,-0.0212002489715814,0.0413475781679153,0.0019607667345553,-0.017058877274394,0.002949857385829,-0.0059843496419489,-0.0317359566688537,-0.0168573558330535,-0.0183800086379051,-0.0217391029000282,0.0031249523162841,0.0103285759687423,-0.0083669181913137,0.0108426986262202,0.0084375143051147,-0.0018358010565862,-0.0089811366051435,-0.0119771994650363,0.0593832470476627,0.0198881104588508,-0.0071661635302007,-0.0402193590998649,0.0148760583251714,0.0149934515357017,0.008669564500451,-0.0279383100569248,0.0046900967136025,0.0105715123936533,0.0459004715085029,0.0290944557636976,-0.0269348453730344,-0.03113086335361,0.0201739110052585,0.0245901644229888,-0.0561391711235046,0.0124799804762005,-0.0091086756438016,0.0009871894726529,0.0145960729569196,0.0332346249041743,0.0229295027126741,0.0200724126965412,0.0306896331433905,0.0381704462319809,0.0637010301687452,0.0727212611149401,0.020484753513877,0.0585718580067127,0.0613887861524826,0.0689588147433906,-0.0007614758434805,2019-02-20,2019-02-21,2019-02-22,2019-02-25,2019-02-26,2019-02-27,2019-02-28,2019-03-01,2019-03-04,2019-03-05,13681.0,2019-02-19,252.0,1.6728%,0.0003,0.5948,-0.1245,0.0197,1.7540%,1.8619%,11.2539%,0.015813,DKL,13681.0,2019-02-20,252.0,0.0987%,0.0004,0.5958,-0.1175,0.0244,1.7526%,1.8605%,11.2641%,-7.8e-05,DKL,13681.0,2019-02-21,252.0,3.2216%,0.0006,0.5779,-0.1464,-0.0086,1.7567%,1.8608%,10.8787%,0.034294,DKL,13681.0,2019-02-22,252.0,-1.2739%,0.0005,0.5805,-0.1541,0.0148,1.7596%,1.8628%,10.7696%,-0.015917,DKL,13681.0,2019-02-25,252.0,1.4516%,0.0005,0.5825,-0.1584,0.0201,1.7579%,1.8615%,10.8265%,0.0131709999999999,DKL,13681.0,2019-02-26,252.0,0.3180%,0.0006,0.592,-0.1711,0.0208,1.7547%,1.8610%,11.0959%,0.003064,DKL,13681.0,2019-02-27,252.0,-1.2361%,0.0005,0.5888,-0.1692,0.0202,1.7562%,1.8607%,10.9174%,-0.0126439999999999,DKL,13681.0,2019-02-28,252.0,-0.1284%,0.0005,0.594,-0.1656,0.024,1.7551%,1.8607%,11.0230%,0.000526,DKL,13681.0,2019-03-01,252.0,1.3175%,0.0004,0.6071,-0.1462,0.0401,1.7522%,1.8608%,11.3310%,0.009384,DKL,13681.0,2019-03-04,252.0,3.6156%,0.0006,0.5988,-0.1531,0.05,1.7677%,1.8713%,10.7584%,0.0384819999999999,DKL,13681.0,2019-03-05,252.0,-0.2143%,0.0008,0.6064,-0.0954,0.0562,1.7560%,1.8618%,11.0454%,-0.001569,DKL,0.015735,0.050029,0.0341119999999999,0.0503469999999999,0.0845259999999999
19819,MASONITE INTERNATIONAL CORP NEW,Masonite International Sees FY19 Adj. EPS $3.60-$4.40 vs $4.27 Est.,6,uncertain,0.6,0.3,"the adjusted eps guidance range is below the estimate, which could lead to a decrease in stock price, but the range itself is still positive, creating uncertainty in the overall market reaction.",1,2019-02-19,DOOR,2019-02-19 14:15:00+00:00,14177.0,57538510,-0.0027792225591838,168419.0,-0.0062706950120627,0.0077017089352011,0.0108676413074135,0.0065187239088118,-0.0026009660214185,0.0144771682098507,-0.0057371668517589,0.0126696974039077,-0.0155621506273746,0.0078438585624098,-0.0044404976069927,-0.003272732719779,-0.0107047008350491,0.0003637769841589,-0.0088368197903037,-0.009369377978146,0.0056404909119009,-0.005376330576837,-0.0124841434881091,0.0064935176633298,-0.0271162204444408,-0.0307692680507898,-0.030508454889059,0.0371713377535343,0.013597528450191,-0.0016292568761855,0.0099655129015445,0.0117216706275939,0.0117646856233477,0.010549689643085,-0.0063765970990061,0.0106621719896793,-0.0143450042232871,0.0153845688328146,0.0019149458967149,-0.0001898655755212,0.0112767610698938,0.0036210906691849,-0.0277830511331558,0.0232059769332408,-0.0174960680305957,0.0106424335390329,0.0073209125548601,-0.0227272063493728,-0.0343743860721588,-0.0030722669325768,0.0162733774632215,0.013032522983849,0.0002002028923016,0.0176167730242013,0.0028016688302159,-0.0152046550065279,-0.00239471020177,0.0257948599755764,-0.0020004457328468,0.0210289675742387,0.0200440976768732,0.0170265715569257,-0.0029474890325218,0.0469565168023109,-0.0015767014119774,-0.0183525513857603,0.0256612561643123,0.0452821478247642,0.0194380711764097,-0.0235242433845996,0.0015102513134479,-0.0129004195332527,-0.0263901557773351,0.0255788285285234,0.0032913486938923,0.0186432618647813,0.0007719204295426,-0.0346920751035213,0.0017354445299133,0.0017375763272866,-0.0048123192973434,-0.024782845750451,-0.0009671032312326,-0.0104799838736653,-0.0096805421635508,0.0174877308309078,0.0009775022044777,-0.0029768103267997,-0.0208984315395355,-0.0103114834055304,0.0105724865570664,-0.0304019153118133,0.0114489113911986,-0.0046710669994354,-0.0236144196242094,-0.0212681312114,0.0141915436834096,-0.0287644378840923,0.0157666373997926,0.0,-0.0009701054659672,-0.0044205179437994,0.0260244719684124,-0.0442689172923564,0.0073821572586894,0.01434694416821,0.0484779775142669,-0.0097786458209156,0.0069892364554107,0.0018484712345525,-0.0202882979065179,0.0230710543692112,-0.0127157270908355,-0.0099232122302055,0.0084637152031064,-0.0041022044606506,0.0047436291351914,-0.0027890985365957,-0.0397675447165966,0.0082489429041743,0.0268532168120145,-0.018402649089694,0.0128913586959242,0.0020284089259803,-0.0062706950120627,0.0077017089352011,0.0045287986312114,0.0142706381581876,0.0019160533584352,0.0289544047971164,-0.0193346210244347,0.0501641753500754,-0.0492945129526415,0.0384199346793534,-0.1161818170720436,0.2515217349831491,-0.0419787495619727,0.0615895343998968,2019-02-20,2019-02-21,2019-02-22,2019-02-25,2019-02-26,2019-02-27,2019-02-28,2019-03-01,2019-03-04,2019-03-05,14177.0,2019-02-19,252.0,-0.2779%,-0.0004,0.7944,0.9887,0.7313,1.4631%,1.7079%,26.6071%,-0.009502,DOOR,14177.0,2019-02-20,252.0,-0.6271%,-0.0006,0.788,0.9623,0.7053,1.4549%,1.6955%,26.3725%,-0.014078,DOOR,14177.0,2019-02-21,252.0,1.0868%,-0.0005,0.7809,0.9514,0.6921,1.4574%,1.6927%,25.8676%,0.015979,DOOR,14177.0,2019-02-22,252.0,-0.2601%,-0.0004,0.7802,0.9783,0.7081,1.4518%,1.6903%,26.2279%,-0.002836,DOOR,14177.0,2019-02-25,252.0,-0.5737%,-0.0005,0.7814,0.9809,0.714,1.4505%,1.6899%,26.3290%,-0.003189,DOOR,14177.0,2019-02-26,252.0,-1.5562%,-0.0005,0.7898,0.9802,0.7199,1.4488%,1.6923%,26.7059%,-0.005778,DOOR,14177.0,2019-02-27,252.0,-0.4440%,-0.0004,0.799,0.962,0.7214,1.4431%,1.6888%,26.9847%,-0.00625,DOOR,14177.0,2019-02-28,252.0,-1.0705%,-0.0003,0.7906,0.956,0.7168,1.4391%,1.6797%,26.6007%,-0.006717,DOOR,14177.0,2019-03-01,252.0,-0.8837%,-0.0003,0.7775,0.9366,0.7031,1.4381%,1.6689%,25.7497%,-0.0145239999999999,DOOR,14177.0,2019-03-04,252.0,0.5640%,-0.0003,0.7771,0.9281,0.7055,1.4396%,1.6693%,25.6186%,0.010598,DOOR,14177.0,2019-03-05,252.0,-1.2484%,-0.0003,0.779,0.9385,0.7092,1.4400%,1.6700%,25.6454%,-0.006683,DOOR,-0.02358,-0.007601,-0.010437,-0.0194039999999999,-0.0429799999999999
19827,MASONITE INTERNATIONAL CORP NEW,"Masonite International On Monday Reported Q4 Adj. EPS $0.68 Missed $0.96 Estimate, Sales $528.35M Missed $542.52M Estimate",6,decrease,0.8,0.7,"the company reported lower-than-expected earnings and sales, which typically leads to a decrease in stock price as it indicates weaker financial performance.",0,2019-02-19,DOOR,2019-02-19 14:13:00+00:00,14177.0,57538510,-0.0027792225591838,168419.0,-0.0062706950120627,0.0077017089352011,0.0108676413074135,0.0065187239088118,-0.0026009660214185,0.0144771682098507,-0.0057371668517589,0.0126696974039077,-0.0155621506273746,0.0078438585624098,-0.0044404976069927,-0.003272732719779,-0.0107047008350491,0.0003637769841589,-0.0088368197903037,-0.009369377978146,0.0056404909119009,-0.005376330576837,-0.0124841434881091,0.0064935176633298,-0.0271162204444408,-0.0307692680507898,-0.030508454889059,0.0371713377535343,0.013597528450191,-0.0016292568761855,0.0099655129015445,0.0117216706275939,0.0117646856233477,0.010549689643085,-0.0063765970990061,0.0106621719896793,-0.0143450042232871,0.0153845688328146,0.0019149458967149,-0.0001898655755212,0.0112767610698938,0.0036210906691849,-0.0277830511331558,0.0232059769332408,-0.0174960680305957,0.0106424335390329,0.0073209125548601,-0.0227272063493728,-0.0343743860721588,-0.0030722669325768,0.0162733774632215,0.013032522983849,0.0002002028923016,0.0176167730242013,0.0028016688302159,-0.0152046550065279,-0.00239471020177,0.0257948599755764,-0.0020004457328468,0.0210289675742387,0.0200440976768732,0.0170265715569257,-0.0029474890325218,0.0469565168023109,-0.0015767014119774,-0.0183525513857603,0.0256612561643123,0.0452821478247642,0.0194380711764097,-0.0235242433845996,0.0015102513134479,-0.0129004195332527,-0.0263901557773351,0.0255788285285234,0.0032913486938923,0.0186432618647813,0.0007719204295426,-0.0346920751035213,0.0017354445299133,0.0017375763272866,-0.0048123192973434,-0.024782845750451,-0.0009671032312326,-0.0104799838736653,-0.0096805421635508,0.0174877308309078,0.0009775022044777,-0.0029768103267997,-0.0208984315395355,-0.0103114834055304,0.0105724865570664,-0.0304019153118133,0.0114489113911986,-0.0046710669994354,-0.0236144196242094,-0.0212681312114,0.0141915436834096,-0.0287644378840923,0.0157666373997926,0.0,-0.0009701054659672,-0.0044205179437994,0.0260244719684124,-0.0442689172923564,0.0073821572586894,0.01434694416821,0.0484779775142669,-0.0097786458209156,0.0069892364554107,0.0018484712345525,-0.0202882979065179,0.0230710543692112,-0.0127157270908355,-0.0099232122302055,0.0084637152031064,-0.0041022044606506,0.0047436291351914,-0.0027890985365957,-0.0397675447165966,0.0082489429041743,0.0268532168120145,-0.018402649089694,0.0128913586959242,0.0020284089259803,-0.0062706950120627,0.0077017089352011,0.0045287986312114,0.0142706381581876,0.0019160533584352,0.0289544047971164,-0.0193346210244347,0.0501641753500754,-0.0492945129526415,0.0384199346793534,-0.1161818170720436,0.2515217349831491,-0.0419787495619727,0.0615895343998968,2019-02-20,2019-02-21,2019-02-22,2019-02-25,2019-02-26,2019-02-27,2019-02-28,2019-03-01,2019-03-04,2019-03-05,14177.0,2019-02-19,252.0,-0.2779%,-0.0004,0.7944,0.9887,0.7313,1.4631%,1.7079%,26.6071%,-0.009502,DOOR,14177.0,2019-02-20,252.0,-0.6271%,-0.0006,0.788,0.9623,0.7053,1.4549%,1.6955%,26.3725%,-0.014078,DOOR,14177.0,2019-02-21,252.0,1.0868%,-0.0005,0.7809,0.9514,0.6921,1.4574%,1.6927%,25.8676%,0.015979,DOOR,14177.0,2019-02-22,252.0,-0.2601%,-0.0004,0.7802,0.9783,0.7081,1.4518%,1.6903%,26.2279%,-0.002836,DOOR,14177.0,2019-02-25,252.0,-0.5737%,-0.0005,0.7814,0.9809,0.714,1.4505%,1.6899%,26.3290%,-0.003189,DOOR,14177.0,2019-02-26,252.0,-1.5562%,-0.0005,0.7898,0.9802,0.7199,1.4488%,1.6923%,26.7059%,-0.005778,DOOR,14177.0,2019-02-27,252.0,-0.4440%,-0.0004,0.799,0.962,0.7214,1.4431%,1.6888%,26.9847%,-0.00625,DOOR,14177.0,2019-02-28,252.0,-1.0705%,-0.0003,0.7906,0.956,0.7168,1.4391%,1.6797%,26.6007%,-0.006717,DOOR,14177.0,2019-03-01,252.0,-0.8837%,-0.0003,0.7775,0.9366,0.7031,1.4381%,1.6689%,25.7497%,-0.0145239999999999,DOOR,14177.0,2019-03-04,252.0,0.5640%,-0.0003,0.7771,0.9281,0.7055,1.4396%,1.6693%,25.6186%,0.010598,DOOR,14177.0,2019-03-05,252.0,-1.2484%,-0.0003,0.779,0.9385,0.7092,1.4400%,1.6700%,25.6454%,-0.006683,DOOR,-0.02358,-0.007601,-0.010437,-0.0194039999999999,-0.0429799999999999
19835,DEVON ENERGY CORP NEW,Devon Energy Q4 EPS $0.10; Adds $1B To Buyback Plan; Raises Qtr. Dividend From $0.08 To $0.09/Share,6,increase,0.8,0.7,"the announcement of a buyback plan and an increase in the quarterly dividend typically signals financial strength and shareholder value enhancement, which are likely to positively influence the stock price.",2,2019-02-19,DVN,2019-02-19 21:29:00+00:00,87137.0,25179M10,-0.0038705351762473,8169081.0,0.0692335218191146,0.0398829169571399,-0.0138751259073615,0.0156075833365321,-0.0067001930437982,0.0365947932004928,-0.0053962850943207,0.0204401947557926,0.0033909929916262,0.0208667926490306,0.0098005747422575,-0.0150197297334671,-0.0123828295618295,-0.0552651770412921,0.0216875430196523,-0.0029784035868942,-0.0235488917678594,-0.0110456272959709,-0.0057744588702917,0.0055534844286739,-0.0187906101346015,0.0135084660723805,-0.0229804962873458,-0.0368630439043045,-0.0481112040579319,0.0305400248616933,0.040808692574501,0.0132075613364577,0.0345324091613292,-0.027522936463356,0.0198191832751035,0.0244360752403736,0.0085236988961696,0.0106383245438337,0.0047457418404519,-0.0116409864276647,0.0293522551655769,-0.0187914613634347,-0.0088495723903179,0.0284198559820652,0.0333994776010513,0.0193124767392873,0.0127999875694513,-0.0193181913346052,-0.0413901880383491,0.0087886722758412,0.0158206839114427,-0.0072079109959304,0.0253082644194364,0.0026625976897776,-0.0085443183779716,0.0178087875247001,0.0175550356507301,0.0109589314088225,-0.010037631727755,0.0078895008191466,-0.0006336676306091,0.0317460596561431,-0.010462962090969,0.0446428246796131,-0.0160205066204071,0.01335637178272,0.0097688427194952,0.0297248512506485,0.0383747331798076,0.0035619693808257,-0.0052795647643506,-0.0192139968276023,-0.0302840881049633,0.0083663826808333,0.0109465597197413,0.0824594646692276,-0.0070063476450741,-0.0424463860690593,0.0737652108073234,-0.0266548376530408,-0.0271804016083478,-0.0561844930052757,0.0079828714951872,-0.0229413956403732,0.0115746948868036,-0.0431203581392765,0.0102378847077488,-0.0127708949148654,0.0479880981147289,-0.0383327379822731,-0.0159272290766239,-0.0120967682451009,-0.0031790982466191,0.0198131091892719,-0.0275442358106374,0.0182717759162187,-0.0253429412841796,-0.0341911874711513,0.0009177912143059,-0.0198197923600673,-0.0177262164652347,-0.0149094806984067,-0.0093341395258903,-0.0208550710231065,-0.0288944747298955,0.0643729120492935,0.0109961237758398,0.0044593401253223,0.0073576308786869,0.001488612149842,-0.0139727070927619,0.0097707714885473,0.0154589843004941,-0.0191669203341007,-0.008880453184247,0.0081753740087151,0.0019199829548597,-0.0567823611199855,-0.0443947426974773,0.0397230386734008,0.0280748717486858,-0.0735989287495613,0.0055266604758799,0.0020298163872212,0.0692335218191146,0.0398829169571399,0.0543977720795028,0.0561129762437846,0.0473331034616193,0.094761212205783,0.0452137297580876,0.1404494387912886,0.033910314517723,0.0522028818656696,0.1054269502025551,0.208333311728361,0.0955096766910232,-0.0357031296497751,2019-02-20,2019-02-21,2019-02-22,2019-02-25,2019-02-26,2019-02-27,2019-02-28,2019-03-01,2019-03-04,2019-03-05,87137.0,2019-02-19,252.0,-0.3871%,-0.0006,1.4656,0.6264,0.5629,2.0430%,2.5212%,34.3389%,-0.010381,DVN,87137.0,2019-02-20,252.0,6.9234%,-0.0002,1.4849,0.6786,0.6342,2.0757%,2.5566%,34.0847%,0.061875,DVN,87137.0,2019-02-21,252.0,-1.3875%,-0.0004,1.497,0.7017,0.6563,2.0678%,2.5561%,34.5587%,-0.006547,DVN,87137.0,2019-02-22,252.0,-0.6700%,0.0001,1.4923,0.86,0.7453,1.9276%,2.4461%,37.9011%,-0.010743,DVN,87137.0,2019-02-25,252.0,-0.5396%,0.0001,1.492,0.8618,0.745,1.9277%,2.4461%,37.8956%,-0.004157,DVN,87137.0,2019-02-26,252.0,0.3391%,0.0001,1.4803,0.8543,0.7324,1.9273%,2.4371%,37.4610%,0.013652,DVN,87137.0,2019-02-27,252.0,0.9801%,0.0001,1.4832,0.8514,0.7329,1.9275%,2.4376%,37.4745%,0.007624,DVN,87137.0,2019-02-28,252.0,-1.2383%,-0.0,1.4994,0.8623,0.7462,1.9198%,2.4383%,38.0066%,-0.0062229999999999,DVN,87137.0,2019-03-01,252.0,2.1688%,0.0001,1.4927,0.8524,0.7306,1.9188%,2.4306%,37.6790%,0.011286,DVN,87137.0,2019-03-04,252.0,-2.3549%,0.0,1.4969,0.8522,0.7264,1.9210%,2.4351%,37.7665%,-0.015317,DVN,87137.0,2019-03-05,252.0,-0.5774%,-0.0,1.4945,0.8341,0.7243,1.9200%,2.4295%,37.5474%,0.001065,DVN,0.051494,0.044947,0.034204,0.0436989999999999,0.0421339999999999
19843,ELECTRONIC ARTS INC,"Electronic Arts shares are trading lower; dip may be related to mixed reviews over Anthem, including reports of technical issues, as well as a potential selloff after shares spiked in recent weeks following the success of EA's Apex Legends game.",6,decrease,0.75,0.6,"the mixed reviews and technical issues surrounding anthem, combined with a potential selloff after a recent spike in shares, suggest a negative sentiment that is likely to lead to a decrease in electronic arts' stock price.",0,2019-02-19,EA,2019-02-19 18:19:00+00:00,75828.0,28551210,-0.0363159626722335,10882524.0,-0.0420551858842372,0.0151068540289998,-0.0179458241909742,0.0293398536741733,-0.0097047537565231,-0.0007818022859282,-0.0006254957988858,0.0523447543382644,0.0275401566177606,-0.0036885309964418,-0.0067005446180701,0.1605231910943985,-0.0210547596216201,0.0484976880252361,0.0170182175934314,-0.1330522894859314,-0.0012319345260038,0.0462512299418449,-0.0161373186856508,-0.0305854082107543,-0.0099248280748724,-0.011058073490858,0.0484330914914608,0.0337329879403114,-0.0100644119083881,0.0228107012808322,0.0069133825600147,-0.0357024781405925,-0.0045436648651957,-0.0138434348627924,0.0156202549114823,0.0028420910239219,-0.0129830762743949,0.0263660512864589,0.0015177731402218,-0.0238747168332338,0.0068700774572789,-0.013078243471682,-0.0215733647346496,0.0359422154724597,-0.0049226065166294,-0.0067838146351277,0.0809027999639511,0.0048050098121166,-0.0242181625217199,0.0102731548249721,-0.0059604551643133,-0.0233737062662839,0.0057996297255158,-0.0034062759950757,-0.0161258950829505,0.0236193723976612,0.0151981599628925,-0.001235598581843,-0.0055772964842617,0.016326067969203,0.0102332085371017,0.0375503227114677,-0.0178241152316331,0.0725447759032249,-0.0068424716591835,-0.0206545181572437,-0.0220668893307447,0.0185020789504051,0.0152133740484714,-0.0049180248752236,-0.0148848770186305,-0.0016366266645491,0.0030628184322267,0.019771484658122,0.0140457740053534,0.0424250289797782,0.0095353266224265,-0.0241608787328004,0.0124279176816344,-0.0112345395609736,-0.0390847809612751,-0.0117406602948904,-0.0410832576453685,-0.0204999931156635,-0.0200362876057624,0.0097184982150793,0.0129418428987264,-0.0116018000990152,-0.0066566755995154,-0.0086569003760814,0.0228058863431215,-0.0256657097488641,-0.0050723422318696,-0.0053931516595184,-0.0124269584193825,-0.0034635243937373,0.0160249285399913,0.0146631943061947,0.0027522190939635,-0.016213646158576,-0.0008445247076451,0.0332593843340873,0.002218690700829,-0.0335714258253574,-0.0048492420464754,-0.0008326358511112,-0.0201271343976259,-0.0268549565225839,0.0136216450482606,0.0057042823173105,-0.0109854815527796,0.0101128946989774,0.0124015295878052,0.0012951914686709,-0.0059650358743965,0.0273376330733299,0.0060008312575519,-0.0160675849765539,-0.0368555523455143,0.0120452903211116,0.0458969436585903,-0.0002408992295386,0.0232631582766771,-0.0340816602110862,-0.0420551858842372,0.0151068540289998,-0.0592462951030142,0.044889940589861,-0.0683760781545763,0.0440730432457645,-0.0433177846760507,0.0946721097604355,-0.0703185510929602,0.1712343258961093,-0.0205905481716506,0.3573878598825735,-0.0601204604123128,0.2427590476656529,2019-02-20,2019-02-21,2019-02-22,2019-02-25,2019-02-26,2019-02-27,2019-02-28,2019-03-01,2019-03-04,2019-03-05,75828.0,2019-02-19,252.0,-3.6316%,-0.0011,0.9758,0.1899,-0.8136,2.0613%,2.4554%,29.5273%,-0.036515,EA,75828.0,2019-02-20,252.0,-4.2055%,-0.0012,0.9652,0.1674,-0.8509,2.0756%,2.4693%,29.3421%,-0.039952,EA,75828.0,2019-02-21,252.0,-1.7946%,-0.0013,0.9717,0.1773,-0.8389,2.0771%,2.4716%,29.3731%,-0.016314,EA,75828.0,2019-02-22,252.0,-0.9705%,-0.0014,0.9755,0.1784,-0.7926,2.0842%,2.4713%,28.8754%,-0.029428,EA,75828.0,2019-02-25,252.0,-0.0625%,-0.0014,0.975,0.1787,-0.7943,2.0840%,2.4713%,28.8850%,-0.003152,EA,75828.0,2019-02-26,252.0,2.7540%,-0.0013,0.9656,0.1476,-0.8171,2.0916%,2.4743%,28.5401%,0.027523,EA,75828.0,2019-02-27,252.0,-0.6701%,-0.0013,0.9644,0.1474,-0.8173,2.0921%,2.4733%,28.4514%,-0.008931,EA,75828.0,2019-02-28,252.0,-2.1055%,-0.0014,0.9642,0.1466,-0.8131,2.0949%,2.4732%,28.2490%,-0.020238,EA,75828.0,2019-03-01,252.0,1.7018%,-0.0013,0.9618,0.1431,-0.8203,2.0951%,2.4737%,28.2671%,0.006309,EA,75828.0,2019-03-04,252.0,-0.1232%,-0.0013,0.9601,0.1407,-0.8181,2.0958%,2.4726%,28.1543%,0.007451,EA,75828.0,2019-03-05,252.0,-1.6137%,-0.0014,0.9597,0.1275,-0.813,2.0963%,2.4696%,27.9481%,-0.016123,EA,-0.076467,-0.092781,-0.122209,-0.097838,-0.12937
19851,ELECTRONIC ARTS INC,UPDATE: Bank Of America Maintains Buy And Raises Price Target For Electronic Arts As Firm Notes 'data is pointing to another solid week of solid engagement' For Apex Legends,6,increase,0.8,0.7,"the positive update from bank of america, highlighting strong engagement data for apex legends, suggests a favorable outlook for electronic arts, likely leading to an increase in stock price.",2,2019-02-19,EA,2019-02-19 16:25:00+00:00,75828.0,28551210,-0.0363159626722335,10882524.0,-0.0420551858842372,0.0151068540289998,-0.0179458241909742,0.0293398536741733,-0.0097047537565231,-0.0007818022859282,-0.0006254957988858,0.0523447543382644,0.0275401566177606,-0.0036885309964418,-0.0067005446180701,0.1605231910943985,-0.0210547596216201,0.0484976880252361,0.0170182175934314,-0.1330522894859314,-0.0012319345260038,0.0462512299418449,-0.0161373186856508,-0.0305854082107543,-0.0099248280748724,-0.011058073490858,0.0484330914914608,0.0337329879403114,-0.0100644119083881,0.0228107012808322,0.0069133825600147,-0.0357024781405925,-0.0045436648651957,-0.0138434348627924,0.0156202549114823,0.0028420910239219,-0.0129830762743949,0.0263660512864589,0.0015177731402218,-0.0238747168332338,0.0068700774572789,-0.013078243471682,-0.0215733647346496,0.0359422154724597,-0.0049226065166294,-0.0067838146351277,0.0809027999639511,0.0048050098121166,-0.0242181625217199,0.0102731548249721,-0.0059604551643133,-0.0233737062662839,0.0057996297255158,-0.0034062759950757,-0.0161258950829505,0.0236193723976612,0.0151981599628925,-0.001235598581843,-0.0055772964842617,0.016326067969203,0.0102332085371017,0.0375503227114677,-0.0178241152316331,0.0725447759032249,-0.0068424716591835,-0.0206545181572437,-0.0220668893307447,0.0185020789504051,0.0152133740484714,-0.0049180248752236,-0.0148848770186305,-0.0016366266645491,0.0030628184322267,0.019771484658122,0.0140457740053534,0.0424250289797782,0.0095353266224265,-0.0241608787328004,0.0124279176816344,-0.0112345395609736,-0.0390847809612751,-0.0117406602948904,-0.0410832576453685,-0.0204999931156635,-0.0200362876057624,0.0097184982150793,0.0129418428987264,-0.0116018000990152,-0.0066566755995154,-0.0086569003760814,0.0228058863431215,-0.0256657097488641,-0.0050723422318696,-0.0053931516595184,-0.0124269584193825,-0.0034635243937373,0.0160249285399913,0.0146631943061947,0.0027522190939635,-0.016213646158576,-0.0008445247076451,0.0332593843340873,0.002218690700829,-0.0335714258253574,-0.0048492420464754,-0.0008326358511112,-0.0201271343976259,-0.0268549565225839,0.0136216450482606,0.0057042823173105,-0.0109854815527796,0.0101128946989774,0.0124015295878052,0.0012951914686709,-0.0059650358743965,0.0273376330733299,0.0060008312575519,-0.0160675849765539,-0.0368555523455143,0.0120452903211116,0.0458969436585903,-0.0002408992295386,0.0232631582766771,-0.0340816602110862,-0.0420551858842372,0.0151068540289998,-0.0592462951030142,0.044889940589861,-0.0683760781545763,0.0440730432457645,-0.0433177846760507,0.0946721097604355,-0.0703185510929602,0.1712343258961093,-0.0205905481716506,0.3573878598825735,-0.0601204604123128,0.2427590476656529,2019-02-20,2019-02-21,2019-02-22,2019-02-25,2019-02-26,2019-02-27,2019-02-28,2019-03-01,2019-03-04,2019-03-05,75828.0,2019-02-19,252.0,-3.6316%,-0.0011,0.9758,0.1899,-0.8136,2.0613%,2.4554%,29.5273%,-0.036515,EA,75828.0,2019-02-20,252.0,-4.2055%,-0.0012,0.9652,0.1674,-0.8509,2.0756%,2.4693%,29.3421%,-0.039952,EA,75828.0,2019-02-21,252.0,-1.7946%,-0.0013,0.9717,0.1773,-0.8389,2.0771%,2.4716%,29.3731%,-0.016314,EA,75828.0,2019-02-22,252.0,-0.9705%,-0.0014,0.9755,0.1784,-0.7926,2.0842%,2.4713%,28.8754%,-0.029428,EA,75828.0,2019-02-25,252.0,-0.0625%,-0.0014,0.975,0.1787,-0.7943,2.0840%,2.4713%,28.8850%,-0.003152,EA,75828.0,2019-02-26,252.0,2.7540%,-0.0013,0.9656,0.1476,-0.8171,2.0916%,2.4743%,28.5401%,0.027523,EA,75828.0,2019-02-27,252.0,-0.6701%,-0.0013,0.9644,0.1474,-0.8173,2.0921%,2.4733%,28.4514%,-0.008931,EA,75828.0,2019-02-28,252.0,-2.1055%,-0.0014,0.9642,0.1466,-0.8131,2.0949%,2.4732%,28.2490%,-0.020238,EA,75828.0,2019-03-01,252.0,1.7018%,-0.0013,0.9618,0.1431,-0.8203,2.0951%,2.4737%,28.2671%,0.006309,EA,75828.0,2019-03-04,252.0,-0.1232%,-0.0013,0.9601,0.1407,-0.8181,2.0958%,2.4726%,28.1543%,0.007451,EA,75828.0,2019-03-05,252.0,-1.6137%,-0.0014,0.9597,0.1275,-0.813,2.0963%,2.4696%,27.9481%,-0.016123,EA,-0.076467,-0.092781,-0.122209,-0.097838,-0.12937
19859,ELECTRONIC ARTS INC,"Recent Reviews of EA's Anthem Appear Mixed, Highlight Server Issues And Long Loading Screen",6,decrease,0.8,0.6,"mixed reviews highlighting server issues and long loading screens are likely to negatively impact player satisfaction and sales, leading to a potential decrease in stock price.",0,2019-02-19,EA,2019-02-19 14:54:00+00:00,75828.0,28551210,-0.0363159626722335,10882524.0,-0.0420551858842372,0.0151068540289998,-0.0179458241909742,0.0293398536741733,-0.0097047537565231,-0.0007818022859282,-0.0006254957988858,0.0523447543382644,0.0275401566177606,-0.0036885309964418,-0.0067005446180701,0.1605231910943985,-0.0210547596216201,0.0484976880252361,0.0170182175934314,-0.1330522894859314,-0.0012319345260038,0.0462512299418449,-0.0161373186856508,-0.0305854082107543,-0.0099248280748724,-0.011058073490858,0.0484330914914608,0.0337329879403114,-0.0100644119083881,0.0228107012808322,0.0069133825600147,-0.0357024781405925,-0.0045436648651957,-0.0138434348627924,0.0156202549114823,0.0028420910239219,-0.0129830762743949,0.0263660512864589,0.0015177731402218,-0.0238747168332338,0.0068700774572789,-0.013078243471682,-0.0215733647346496,0.0359422154724597,-0.0049226065166294,-0.0067838146351277,0.0809027999639511,0.0048050098121166,-0.0242181625217199,0.0102731548249721,-0.0059604551643133,-0.0233737062662839,0.0057996297255158,-0.0034062759950757,-0.0161258950829505,0.0236193723976612,0.0151981599628925,-0.001235598581843,-0.0055772964842617,0.016326067969203,0.0102332085371017,0.0375503227114677,-0.0178241152316331,0.0725447759032249,-0.0068424716591835,-0.0206545181572437,-0.0220668893307447,0.0185020789504051,0.0152133740484714,-0.0049180248752236,-0.0148848770186305,-0.0016366266645491,0.0030628184322267,0.019771484658122,0.0140457740053534,0.0424250289797782,0.0095353266224265,-0.0241608787328004,0.0124279176816344,-0.0112345395609736,-0.0390847809612751,-0.0117406602948904,-0.0410832576453685,-0.0204999931156635,-0.0200362876057624,0.0097184982150793,0.0129418428987264,-0.0116018000990152,-0.0066566755995154,-0.0086569003760814,0.0228058863431215,-0.0256657097488641,-0.0050723422318696,-0.0053931516595184,-0.0124269584193825,-0.0034635243937373,0.0160249285399913,0.0146631943061947,0.0027522190939635,-0.016213646158576,-0.0008445247076451,0.0332593843340873,0.002218690700829,-0.0335714258253574,-0.0048492420464754,-0.0008326358511112,-0.0201271343976259,-0.0268549565225839,0.0136216450482606,0.0057042823173105,-0.0109854815527796,0.0101128946989774,0.0124015295878052,0.0012951914686709,-0.0059650358743965,0.0273376330733299,0.0060008312575519,-0.0160675849765539,-0.0368555523455143,0.0120452903211116,0.0458969436585903,-0.0002408992295386,0.0232631582766771,-0.0340816602110862,-0.0420551858842372,0.0151068540289998,-0.0592462951030142,0.044889940589861,-0.0683760781545763,0.0440730432457645,-0.0433177846760507,0.0946721097604355,-0.0703185510929602,0.1712343258961093,-0.0205905481716506,0.3573878598825735,-0.0601204604123128,0.2427590476656529,2019-02-20,2019-02-21,2019-02-22,2019-02-25,2019-02-26,2019-02-27,2019-02-28,2019-03-01,2019-03-04,2019-03-05,75828.0,2019-02-19,252.0,-3.6316%,-0.0011,0.9758,0.1899,-0.8136,2.0613%,2.4554%,29.5273%,-0.036515,EA,75828.0,2019-02-20,252.0,-4.2055%,-0.0012,0.9652,0.1674,-0.8509,2.0756%,2.4693%,29.3421%,-0.039952,EA,75828.0,2019-02-21,252.0,-1.7946%,-0.0013,0.9717,0.1773,-0.8389,2.0771%,2.4716%,29.3731%,-0.016314,EA,75828.0,2019-02-22,252.0,-0.9705%,-0.0014,0.9755,0.1784,-0.7926,2.0842%,2.4713%,28.8754%,-0.029428,EA,75828.0,2019-02-25,252.0,-0.0625%,-0.0014,0.975,0.1787,-0.7943,2.0840%,2.4713%,28.8850%,-0.003152,EA,75828.0,2019-02-26,252.0,2.7540%,-0.0013,0.9656,0.1476,-0.8171,2.0916%,2.4743%,28.5401%,0.027523,EA,75828.0,2019-02-27,252.0,-0.6701%,-0.0013,0.9644,0.1474,-0.8173,2.0921%,2.4733%,28.4514%,-0.008931,EA,75828.0,2019-02-28,252.0,-2.1055%,-0.0014,0.9642,0.1466,-0.8131,2.0949%,2.4732%,28.2490%,-0.020238,EA,75828.0,2019-03-01,252.0,1.7018%,-0.0013,0.9618,0.1431,-0.8203,2.0951%,2.4737%,28.2671%,0.006309,EA,75828.0,2019-03-04,252.0,-0.1232%,-0.0013,0.9601,0.1407,-0.8181,2.0958%,2.4726%,28.1543%,0.007451,EA,75828.0,2019-03-05,252.0,-1.6137%,-0.0014,0.9597,0.1275,-0.813,2.0963%,2.4696%,27.9481%,-0.016123,EA,-0.076467,-0.092781,-0.122209,-0.097838,-0.12937
19867,ELECTRONIC ARTS INC,"Bank of America Maintains Buy on Electronic Arts, Raises Price Target to $118",6,increase,0.8,0.7,the maintenance of a 'buy' rating and an increase in the price target typically signals positive sentiment and potential for stock price appreciation.,2,2019-02-19,EA,2019-02-19 13:43:00+00:00,75828.0,28551210,-0.0363159626722335,10882524.0,-0.0420551858842372,0.0151068540289998,-0.0179458241909742,0.0293398536741733,-0.0097047537565231,-0.0007818022859282,-0.0006254957988858,0.0523447543382644,0.0275401566177606,-0.0036885309964418,-0.0067005446180701,0.1605231910943985,-0.0210547596216201,0.0484976880252361,0.0170182175934314,-0.1330522894859314,-0.0012319345260038,0.0462512299418449,-0.0161373186856508,-0.0305854082107543,-0.0099248280748724,-0.011058073490858,0.0484330914914608,0.0337329879403114,-0.0100644119083881,0.0228107012808322,0.0069133825600147,-0.0357024781405925,-0.0045436648651957,-0.0138434348627924,0.0156202549114823,0.0028420910239219,-0.0129830762743949,0.0263660512864589,0.0015177731402218,-0.0238747168332338,0.0068700774572789,-0.013078243471682,-0.0215733647346496,0.0359422154724597,-0.0049226065166294,-0.0067838146351277,0.0809027999639511,0.0048050098121166,-0.0242181625217199,0.0102731548249721,-0.0059604551643133,-0.0233737062662839,0.0057996297255158,-0.0034062759950757,-0.0161258950829505,0.0236193723976612,0.0151981599628925,-0.001235598581843,-0.0055772964842617,0.016326067969203,0.0102332085371017,0.0375503227114677,-0.0178241152316331,0.0725447759032249,-0.0068424716591835,-0.0206545181572437,-0.0220668893307447,0.0185020789504051,0.0152133740484714,-0.0049180248752236,-0.0148848770186305,-0.0016366266645491,0.0030628184322267,0.019771484658122,0.0140457740053534,0.0424250289797782,0.0095353266224265,-0.0241608787328004,0.0124279176816344,-0.0112345395609736,-0.0390847809612751,-0.0117406602948904,-0.0410832576453685,-0.0204999931156635,-0.0200362876057624,0.0097184982150793,0.0129418428987264,-0.0116018000990152,-0.0066566755995154,-0.0086569003760814,0.0228058863431215,-0.0256657097488641,-0.0050723422318696,-0.0053931516595184,-0.0124269584193825,-0.0034635243937373,0.0160249285399913,0.0146631943061947,0.0027522190939635,-0.016213646158576,-0.0008445247076451,0.0332593843340873,0.002218690700829,-0.0335714258253574,-0.0048492420464754,-0.0008326358511112,-0.0201271343976259,-0.0268549565225839,0.0136216450482606,0.0057042823173105,-0.0109854815527796,0.0101128946989774,0.0124015295878052,0.0012951914686709,-0.0059650358743965,0.0273376330733299,0.0060008312575519,-0.0160675849765539,-0.0368555523455143,0.0120452903211116,0.0458969436585903,-0.0002408992295386,0.0232631582766771,-0.0340816602110862,-0.0420551858842372,0.0151068540289998,-0.0592462951030142,0.044889940589861,-0.0683760781545763,0.0440730432457645,-0.0433177846760507,0.0946721097604355,-0.0703185510929602,0.1712343258961093,-0.0205905481716506,0.3573878598825735,-0.0601204604123128,0.2427590476656529,2019-02-20,2019-02-21,2019-02-22,2019-02-25,2019-02-26,2019-02-27,2019-02-28,2019-03-01,2019-03-04,2019-03-05,75828.0,2019-02-19,252.0,-3.6316%,-0.0011,0.9758,0.1899,-0.8136,2.0613%,2.4554%,29.5273%,-0.036515,EA,75828.0,2019-02-20,252.0,-4.2055%,-0.0012,0.9652,0.1674,-0.8509,2.0756%,2.4693%,29.3421%,-0.039952,EA,75828.0,2019-02-21,252.0,-1.7946%,-0.0013,0.9717,0.1773,-0.8389,2.0771%,2.4716%,29.3731%,-0.016314,EA,75828.0,2019-02-22,252.0,-0.9705%,-0.0014,0.9755,0.1784,-0.7926,2.0842%,2.4713%,28.8754%,-0.029428,EA,75828.0,2019-02-25,252.0,-0.0625%,-0.0014,0.975,0.1787,-0.7943,2.0840%,2.4713%,28.8850%,-0.003152,EA,75828.0,2019-02-26,252.0,2.7540%,-0.0013,0.9656,0.1476,-0.8171,2.0916%,2.4743%,28.5401%,0.027523,EA,75828.0,2019-02-27,252.0,-0.6701%,-0.0013,0.9644,0.1474,-0.8173,2.0921%,2.4733%,28.4514%,-0.008931,EA,75828.0,2019-02-28,252.0,-2.1055%,-0.0014,0.9642,0.1466,-0.8131,2.0949%,2.4732%,28.2490%,-0.020238,EA,75828.0,2019-03-01,252.0,1.7018%,-0.0013,0.9618,0.1431,-0.8203,2.0951%,2.4737%,28.2671%,0.006309,EA,75828.0,2019-03-04,252.0,-0.1232%,-0.0013,0.9601,0.1407,-0.8181,2.0958%,2.4726%,28.1543%,0.007451,EA,75828.0,2019-03-05,252.0,-1.6137%,-0.0014,0.9597,0.1275,-0.813,2.0963%,2.4696%,27.9481%,-0.016123,EA,-0.076467,-0.092781,-0.122209,-0.097838,-0.12937
19875,EASTGROUP PROPERTIES INC,"SunTrust Robinson Humphrey Maintains Hold on EastGroup Properties, Raises Price Target to $98",6,uncertain,0.6,0.2,"while maintaining a 'hold' rating suggests stability, the raised price target could indicate potential for growth, leading to uncertainty in the stock's immediate reaction.",1,2019-02-19,EGP,2019-02-19 13:26:00+00:00,85082.0,27727610,-0.0044601685367524,228199.0,-0.0118536185473203,0.002328397007659,-0.003683757269755,0.0093063125386834,0.0110921328887343,-0.0021574276033788,-0.0034693176858127,-0.0113141164183616,-0.0035754351411014,0.0023238519206643,-0.0073654274456202,0.0067377989180386,0.0051369946449995,0.0096372291445732,0.0039749965071678,-0.000849655130878,0.0059388880617916,0.0031250172760337,0.0010308369528502,0.01940343901515,-0.0023403856903314,0.001256497693248,-0.0056300880387425,0.0074982629157602,0.0085872989147901,0.0096352705731987,0.0193675123155117,0.0111343348398804,0.0018357465742155,0.0091291740536689,0.0018323127878829,0.0172466821968555,0.0076817921362817,-0.0062874224968254,0.0074416887946426,0.0095208873972296,-0.0114404493942856,0.004938306286931,-0.0122106466442346,-0.0073529537767171,0.0061807949095964,0.0113612730056047,0.0176033563911914,0.0143530936911702,-0.0098206717520952,0.0155335580930113,0.0003639755595941,-0.0104233045130968,0.0116427028551697,0.0095663424581289,0.0045855254866182,0.007064907811582,0.0115456879138946,-0.0004280003777239,-0.0058771474286913,0.0278235878795385,0.0012540253810584,0.0036424044519662,0.0061728614382445,0.0205001085996627,-0.0020450195297598,0.0010147292632609,-0.0039201248437166,-0.0331407487392425,0.0008944406872615,0.0096863498911261,-0.0062556262128055,-0.0041326638311147,-8.987866021925583e-05,0.0011977418325841,0.0177174303680658,0.0336521975696086,0.0028278515674173,-0.0413250103592872,0.0019386110361665,-0.0248316563665866,-0.0087071051821112,-0.0092775914818048,-0.0258184373378753,-0.0191206820309162,-0.005646654870361,0.0072091100737452,0.013830391690135,-0.026956632733345,-0.0112025067210197,-0.0010010859696194,0.0190955139696598,0.0079717552289366,0.012820515781641,-0.0170601196587085,-0.000442622374976,0.0021868909243494,8.8577187852934e-05,0.0016927031101658,0.0002656404685694,-0.0123906191438436,0.0121282115578651,0.0272755287587642,0.0058602131903171,-0.0228036046028137,-0.0202608853578567,0.0127975046634674,0.0079879434779286,-0.0020952480845153,-0.0192832835018634,0.0005990335484966,-0.0133776068687439,0.0125340931117534,0.0062790284864604,0.0036522329319268,0.0109422961249947,-0.0058497409336268,0.0031308566685765,-0.0019125711405649,-0.0008917288505472,0.0087326662614941,0.0008925247238948,-0.0089564193040132,0.003121084999293,-0.00440832413733,-0.0118536185473203,0.002328397007659,-0.0154937099635787,0.0116563783366099,-0.0045734353647,0.0094738029408523,-0.0115736218798879,0.0003718250293838,-0.0029867436759928,0.0389034327854258,0.0564783621447979,0.2122100038369856,0.0566662000995417,0.086794004734118,2019-02-20,2019-02-21,2019-02-22,2019-02-25,2019-02-26,2019-02-27,2019-02-28,2019-03-01,2019-03-04,2019-03-05,85082.0,2019-02-19,252.0,-0.4460%,0.0011,0.4655,-0.004,-0.0479,1.0608%,1.1748%,18.4640%,-0.00529,EGP,85082.0,2019-02-20,252.0,-1.1854%,0.001,0.4615,-0.0133,-0.062,1.0642%,1.1777%,18.3376%,-0.0125659999999999,EGP,85082.0,2019-02-21,252.0,-0.3684%,0.0011,0.4582,-0.0209,-0.0681,1.0620%,1.1747%,18.2686%,-0.002228,EGP,85082.0,2019-02-22,252.0,1.1092%,0.0011,0.4567,-0.003,-0.0698,1.0598%,1.1727%,18.3243%,0.007128,EGP,85082.0,2019-02-25,252.0,-0.3469%,0.0011,0.4582,0.0013,-0.062,1.0573%,1.1702%,18.3661%,-0.004388,EGP,85082.0,2019-02-26,252.0,-0.3575%,0.001,0.4569,0.0083,-0.0594,1.0574%,1.1687%,18.1401%,-0.003139,EGP,85082.0,2019-02-27,252.0,-0.7365%,0.001,0.4599,0.0005,-0.0589,1.0580%,1.1699%,18.2170%,-0.007964,EGP,85082.0,2019-02-28,252.0,0.5137%,0.0011,0.4506,-0.0057,-0.0668,1.0542%,1.1627%,17.7935%,0.0063149999999999,EGP,85082.0,2019-03-01,252.0,0.3975%,0.0011,0.4576,0.0047,-0.0557,1.0515%,1.1620%,18.1061%,0.0003889999999999,EGP,85082.0,2019-03-04,252.0,0.5939%,0.0011,0.4582,-0.0037,-0.0543,1.0524%,1.1622%,18.0113%,0.008465,EGP,85082.0,2019-03-05,252.0,0.1031%,0.0011,0.4599,0.0104,-0.0532,1.0511%,1.1618%,18.1546%,0.001578,EGP,-0.017856,-0.020084,-0.012956,-0.020483,-0.0116999999999999
19883,ENLINK MIDSTREAM LLC,"EnLink Midstream Q4 EPS $(0.75) vs $0.10 In Same Qtr. Last Year, Sales $2.058B Beat $1.97B Estimate",6,decrease,0.8,0.7,"the significant loss in eps compared to the previous year suggests poor financial performance, which is likely to negatively impact investor sentiment and lead to a decrease in stock price.",0,2019-02-19,ENLC,2019-02-19 22:08:00+00:00,14505.0,29336T10,0.0261261221021413,2704120.0,-0.0017559663392603,0.0081744007766246,-0.0061565255746245,0.0138122076168656,0.007079639006406,0.0235626772046089,0.0061511155217885,0.031098123639822,-0.0104803396388888,-0.0067567275837063,-0.0052956282161176,-0.0048030922189354,-0.0106478109955787,-0.0343228094279766,0.0152466436848044,-0.0331838466227054,0.0044169779866933,-0.0017905512358993,-0.0043975543230772,0.0294930581003427,-0.0114841097965836,-0.0027573283296078,0.0098302606493234,-0.0198198426514864,-0.0044247955083847,0.0325581766664981,0.0213333126157522,0.0131951319053769,-0.011314196512103,0.0075973337516188,0.0211268253624439,-0.035714317113161,0.0068965447135269,0.0027547962963581,0.0351027250289917,-0.0299739241600036,-0.0107526974752545,-0.0179180912673473,0.004180618096143,0.0335097089409828,0.0091590052470564,0.0062111527658998,0.0057755522429943,0.0035619693808257,-0.0131255006417632,0.0524835474789142,-0.002493743551895,-0.0299999937415123,0.0266666412353515,-0.0401396192610263,0.0048701642081141,-0.0489626675844192,0.0218093302100896,0.0109060499817132,0.0102766891941428,0.0671441331505775,0.0156494379043579,0.0200913492590189,-0.0069336825981736,0.0939060524106025,-0.0217223186045885,0.0330238044261932,0.0071372049860656,0.0210747960954904,-0.0078739710152149,-0.0041972678154706,-0.0119048068299889,0.0052742818370461,-0.0080320825800299,-0.0286885946989059,-0.0089069316163659,0.0620240122079849,0.0138888955116272,-0.0356768257915973,0.0177276600152254,-0.0393145494163036,-0.0087093943729996,-0.0284035224467515,0.0071884342469275,-0.0257633123546838,-0.0269626658409833,-0.0296296887099742,-0.0138549366965889,-0.0509666018187999,0.0363636016845703,-0.0035026236437261,-0.0143540911376476,0.0106194587424397,-0.0129449721425771,0.0272727441042661,0.0032786855008453,-0.0090090427547693,-0.0147875836119055,-0.0372939594089984,0.0093379132449626,-0.0017316413577646,-0.0168209206312894,-0.0228425990790128,-0.0521813258528709,-0.0215231981128454,-0.0045126527547836,0.0568678565323352,0.0117860483005642,-0.0026177777908742,-0.00089607789414,0.0096915997564792,-0.0080716777592897,0.0079929083585739,-0.0018083596369251,-0.0183086339384317,-0.0307971145957708,0.0026224376633763,0.0327103175222873,-0.0205480065196752,-0.0135747119784355,0.0318021737039089,0.0247706845402717,-0.0258175730705261,0.0205908268690109,0.0034542281646281,-0.0017559663392603,0.0081744007766246,-0.007901681262209,0.0220995149141605,-0.000877983306683,0.0461829158550701,-0.0052678156172255,0.0714286429813879,-0.0061457992105207,0.0230414746753639,0.1316944637753714,0.1368934240673824,0.0245829023642558,-0.0172449477650387,2019-02-20,2019-02-21,2019-02-22,2019-02-25,2019-02-26,2019-02-27,2019-02-28,2019-03-01,2019-03-04,2019-03-05,14505.0,2019-02-19,252.0,2.6126%,-0.0011,1.0658,0.688,0.4631,2.0745%,2.3469%,21.8654%,0.020659,ENLC,14505.0,2019-02-20,252.0,-0.1756%,-0.0011,1.066,0.6987,0.4667,2.0699%,2.3437%,22.0000%,-0.007942,ENLC,14505.0,2019-02-21,252.0,-0.6157%,-0.0012,1.0733,0.7135,0.48,2.0659%,2.3431%,22.2587%,-0.00075,ENLC,14505.0,2019-02-22,252.0,0.7080%,-0.0009,1.069,0.8085,0.5162,2.0188%,2.3050%,23.2903%,0.003134,ENLC,14505.0,2019-02-25,252.0,0.6151%,-0.0008,1.0671,0.8024,0.5056,2.0167%,2.3024%,23.2809%,0.007479,ENLC,14505.0,2019-02-26,252.0,-1.0480%,-0.0007,1.0765,0.7951,0.509,2.0144%,2.3032%,23.5070%,-0.002069,ENLC,14505.0,2019-02-27,252.0,-0.5296%,-0.0007,1.0823,0.7828,0.5099,2.0130%,2.3031%,23.6060%,-0.007264,ENLC,14505.0,2019-02-28,252.0,-1.0648%,-0.0007,1.0795,0.7806,0.5092,2.0128%,2.2997%,23.3972%,-0.0062739999999999,ENLC,14505.0,2019-03-01,252.0,1.5247%,-0.0006,1.0816,0.7838,0.5088,2.0134%,2.2996%,23.3441%,0.007157,ENLC,14505.0,2019-03-04,252.0,0.4417%,-0.0007,1.0925,0.737,0.5084,2.0078%,2.2960%,23.5297%,0.011102,ENLC,14505.0,2019-03-05,252.0,-0.4398%,-0.0007,1.0907,0.7239,0.5065,2.0073%,2.2924%,23.3270%,0.0008749999999999,ENLC,0.012717,0.011967,0.015101,0.0205109999999999,0.026107
19891,ENPHASE ENERGY INC,Enphase Energy Anounces Its Microinverters Now Comply with New Rule 21 Requirements,6,increase,0.8,0.6,"compliance with new regulatory requirements can enhance enphase energy's market position and credibility, potentially leading to increased investor confidence and stock price appreciation.",2,2019-02-19,ENPH,2019-02-19 13:05:00+00:00,13323.0,29355A10,-0.0117647256702184,1607259.0,-0.043650783598423,-0.0013054506853222,0.0193637441843748,-0.0026041641831398,0.0556309819221496,0.0105263059958815,0.0359897427260875,-0.0168176088482141,0.0037220511585474,0.0389784909784793,0.0964152961969375,-0.0053475885652005,0.0225478932261467,0.0218579024076461,0.0033076833933591,0.0027397233061492,-0.0351649038493633,0.0428571701049804,-0.0091116093099117,0.0,-0.0367815755307674,-0.0318118967115879,-0.0107398750260472,0.0097765605896711,0.0205066446214914,0.0084506962448358,0.0449172705411911,0.0289854798465967,0.0180995296686887,0.0267857611179351,0.0399999618530273,0.0090090008452534,0.0021368011366575,0.0230414159595966,-0.0351812280714511,-0.0121395932510495,0.0685082748532295,0.0091883521527051,-0.04860395565629,-0.0425219871103763,-0.0021738591603934,0.0209581349045038,0.0217864699661731,0.0861788168549537,-0.0202559195458889,0.0567010156810283,-0.0174102131277322,0.0246479492634534,-0.0354373976588249,0.0088809439912438,0.0103329680860042,0.0,0.031818151473999,0.0523364879190921,0.0165197812020778,0.0171102043241262,0.0032503453548997,0.0354331322014331,0.0097192386165261,0.0672268196940422,0.0363635495305061,-0.0325202941894531,-0.0175437703728675,0.0401691459119319,0.0336134098470211,-0.0207039136439561,0.0406503677368164,-0.0142857488244772,-0.0205078162252903,-0.0180360078811645,0.0119640966877341,0.0754310190677642,-0.0344827026128768,-0.0210970267653465,0.0132653173059225,-0.0520000457763671,-0.0342396907508373,-0.036608874797821,0.0072992383502423,-0.0114285601302981,0.0072463452816009,-0.0506329461932182,-0.02877695299685,-0.0264083836227655,-0.0179894268512725,-0.0138889579102397,0.0506465807557106,-0.0068965447135269,0.0082051204517483,0.0175439268350601,0.0081383446231484,0.0035211234353482,0.0524722971022129,0.0,-0.0210930258035659,-0.0323679819703102,-0.0166503507643938,0.0371024794876575,0.2928286492824554,-0.0207613073289394,-0.0038520214147865,0.0703703910112381,0.0696055367588996,-0.0036900332197546,-0.0057845208793878,-0.0269299987703561,0.0334545485675334,0.0469924807548522,-0.0197044145315885,0.0037735812366008,-0.0265613701194524,0.0172745008021593,0.0339233055710792,0.0255905743688345,-0.023537864908576,0.0325202941894531,0.0241052508354187,-0.0699432715773582,0.0399428978562355,-0.0293577704578638,-0.043650783598423,-0.0013054506853222,-0.0251322820210955,-0.0039062152605444,0.0291005663742762,0.0065789727182188,0.0701058498019822,0.0282258129914727,0.1507936404920224,0.0928571583546673,0.2367725555298847,0.6071428027048202,0.9285714479324408,0.4036697997729856,2019-02-20,2019-02-21,2019-02-22,2019-02-25,2019-02-26,2019-02-27,2019-02-28,2019-03-01,2019-03-04,2019-03-05,13323.0,2019-02-19,252.0,-1.1765%,0.0046,1.0947,1.4607,-0.2398,4.6646%,4.9007%,9.4012%,-0.017518,ENPH,13323.0,2019-02-20,252.0,-4.3651%,0.0044,1.0791,1.4207,-0.2969,4.6756%,4.9092%,9.2915%,-0.047725,ENPH,13323.0,2019-02-21,252.0,1.9364%,0.0048,1.0424,1.3501,-0.3643,4.6427%,4.8686%,9.0617%,0.023568,ENPH,13323.0,2019-02-22,252.0,5.5631%,0.0048,1.0389,1.3283,-0.4251,4.6449%,4.8761%,9.2600%,0.035975,ENPH,13323.0,2019-02-25,252.0,3.5990%,0.0052,1.029,1.3026,-0.4753,4.6191%,4.8525%,9.3900%,0.03702,ENPH,13323.0,2019-02-26,252.0,0.3722%,0.0053,1.0279,1.2943,-0.4804,4.6193%,4.8521%,9.3658%,0.0120369999999999,ENPH,13323.0,2019-02-27,252.0,9.6415%,0.0053,0.9967,1.3753,-0.4853,4.6278%,4.8600%,9.3275%,0.092355,ENPH,13323.0,2019-02-28,252.0,2.2548%,0.0052,1.0203,1.3921,-0.4726,4.6181%,4.8561%,9.5615%,0.024049,ENPH,13323.0,2019-03-01,252.0,0.3308%,0.0044,1.1395,1.5695,-0.281,4.4393%,4.7143%,11.3268%,-0.010056,ENPH,13323.0,2019-03-04,252.0,-3.5165%,0.0043,1.1382,1.5976,-0.2861,4.4420%,4.7209%,11.4667%,-0.021956,ENPH,13323.0,2019-03-05,252.0,-0.9112%,0.0042,1.1385,1.5954,-0.2831,4.4421%,4.7175%,11.3344%,-0.0030009999999999,ENPH,-0.065243,-0.041675,-0.0056999999999999,0.043357,0.1247479999999999
19899,ERICSSON,"Ericsson, OPPO Sign Global Patent License Agreement",6,increase,0.75,0.6,"the global patent license agreement with oppo is likely to enhance ericsson's revenue potential and strengthen its market position, which could positively impact its stock price.",2,2019-02-19,ERIC,2019-02-19 08:49:00+00:00,33452.0,29482160,-0.026737967506051,5159241.0,0.0131868002936244,0.001070688245818,-0.0010846235090866,-0.0021366991568356,0.0314875096082687,0.0353981964290142,-0.0336841791868209,0.0168728474527597,0.007625238969922,0.0125285433605313,-0.0075675346888601,0.006880672648549,-0.011982636526227,-0.014689277857542,0.0154355401173234,0.0125858820974826,0.0043431012891232,-0.0113122602924704,0.0086486404761672,0.0011325287632644,-0.0096463188529014,-0.0089786676689982,-0.0183982774615287,-0.0066890097223222,0.0154355401173234,0.0101351523771882,0.0141151044517755,0.016018345952034,-0.0032119627576321,-0.0157658047974109,0.0042964513413608,0.0422534793615341,0.0128342118114233,0.0070922481827437,0.016895443201065,0.0095465304329991,-0.007268919609487,-0.0198830496519804,0.0094141419976949,0.0118343653157353,0.0176165886223316,-0.003537704469636,-0.001018256181851,-0.0011778832413256,-0.0530071817338466,0.0035460677463561,0.0053821518085896,-0.0082062948495149,-0.0042826510034501,-0.032879814505577,-0.0096774352714419,-0.0392157509922981,0.0053438199684023,0.0245536006987094,0.0032787637319415,0.0181818008422851,0.0196077711880207,0.012658298946917,0.0117522021755576,0.0482508577406406,0.0126715824007988,-0.0393974669277668,-0.0093847913667559,-0.0270574726164341,0.0021053112577646,0.0195402391254901,0.0168067049235105,0.0259434282779693,-0.0061983903869986,-0.0023529950994998,0.0103950500488281,0.0353227704763412,0.003086392302066,0.0024420584086328,0.0112820165231823,-0.0629290863871574,-0.0202839579433202,-0.0011428833240643,0.0020704409107565,-0.013528736308217,0.0733471065759658,0.0011286940425634,-0.0269490554928779,-0.0133630167692899,0.0019782846793532,-0.0239130724221468,-0.0029614740051329,0.0032715084962546,0.0039603919722139,0.0432309582829475,-0.0226824935525655,0.0011389782885089,0.0131180742755532,0.0138568002730608,-0.0029880211222916,-0.0159091297537088,-0.0109890718013048,0.045130655169487,-0.0101009523496031,-0.0388128012418746,-0.0163265150040388,0.0441001020371913,0.0,-0.0023780623450875,-0.0041493736207485,-0.0047337235882878,-0.0343749895691871,0.0242424011230468,0.0032362169586122,-0.0213523488491773,-0.010752729140222,0.010791384615004,0.0119565883651375,0.0208078417927026,-0.0279269833117723,0.0061576589941978,0.0077347727492451,-0.034482754766941,0.0087719215080142,-0.0175234302878379,0.0131868002936244,0.001070688245818,0.0120878740709295,-0.0010682986496897,0.0439560007301502,0.0342920819338778,0.0164834737071586,0.06492034892951,0.0252746743106135,0.058890198874516,0.0530809301973285,0.1278649490469179,0.0230563945524693,0.0922897059904563,2019-02-20,2019-02-21,2019-02-22,2019-02-25,2019-02-26,2019-02-27,2019-02-28,2019-03-01,2019-03-04,2019-03-05,33452.0,2019-02-19,252.0,-2.6738%,0.0013,0.8975,0.244,0.1361,1.8804%,2.0984%,19.6958%,-0.029774,ERIC,33452.0,2019-02-20,252.0,1.3187%,0.0014,0.9007,0.255,0.1486,1.8804%,2.0992%,19.7546%,0.010096,ERIC,33452.0,2019-02-21,252.0,-0.1085%,0.0014,0.8981,0.2499,0.1438,1.8800%,2.0975%,19.6656%,0.002669,ERIC,33452.0,2019-02-22,252.0,3.1488%,0.0015,0.8945,0.2553,0.1057,1.8864%,2.1059%,19.7634%,0.0262889999999999,ERIC,33452.0,2019-02-25,252.0,-3.3684%,0.0013,0.8945,0.2729,0.1149,1.8997%,2.1177%,19.5243%,-0.034272,ERIC,33452.0,2019-02-26,252.0,0.7625%,0.0013,0.8792,0.2742,0.1041,1.8956%,2.1068%,19.0467%,0.011083,ERIC,33452.0,2019-02-27,252.0,-0.7568%,0.0012,0.8775,0.2743,0.1038,1.8965%,2.1063%,18.9252%,-0.008855,ERIC,33452.0,2019-02-28,252.0,-1.1983%,0.0013,0.8689,0.268,0.1,1.8935%,2.0986%,18.5944%,-0.009158,ERIC,33452.0,2019-03-01,252.0,1.5436%,0.0014,0.862,0.2578,0.0859,1.8920%,2.0945%,18.3988%,0.008712,ERIC,33452.0,2019-03-04,252.0,0.4343%,0.0014,0.854,0.277,0.0896,1.8903%,2.0896%,18.1655%,0.009432,ERIC,33452.0,2019-03-05,252.0,0.8649%,0.0015,0.852,0.2673,0.0846,1.8912%,2.0890%,18.0362%,0.011084,ERIC,-0.0196779999999999,-0.0170089999999999,0.00928,-0.0139089999999999,-0.0026939999999999
19907,EDWARDS LIFESCIENCES CORP,Edwards Lifesciences Reports PASCAL Transcatheter System Received CE Mark,6,increase,0.8,0.7,"the receipt of a ce mark for the pascal transcatheter system is likely to boost investor confidence and sales potential in the european market, positively impacting the stock price.",2,2019-02-19,EW,2019-02-19 21:18:00+00:00,87657.0,28176E10,-0.0042186970822513,725226.0,-0.0019771005026996,0.0094254128634929,-0.0155082093551755,-0.0006241877563297,-0.0082212714478373,-0.0076580923050642,-0.0119992587715387,0.0246956255286932,-0.0135531416162848,0.0080265514552593,0.0027359272353351,0.0098677985370159,0.0041520670056343,-0.0019345869077369,0.0261091236025095,0.0027629253454506,-0.0143918022513389,-0.007004827260971,0.008001840673387,0.0154712544754147,-0.0055626765824854,-0.0100927194580435,-0.0038456381298601,0.009956101886928,-0.0099439173936843,0.0157717950642108,0.0254047214984893,-0.0131876040250062,0.0108320172876119,-0.0134786861017346,0.0140788936987519,0.0085106529295444,0.000618293590378,0.0091250594705343,0.0097179850563406,-0.0036840878892689,0.061974961310625,-0.000712608336471,-0.0080150812864303,0.0584501475095748,-0.0023764097131788,0.0157686490565538,0.0171509720385074,-0.0336232781410217,-0.0164454262703657,0.0842865109443664,0.0021693655289709,-0.0216622874140739,0.0046462770551443,-0.014892641454935,-0.0143472552299499,0.0049238386563956,0.0064515671692788,0.0114016477018594,0.0136152114719152,0.0191665217280387,-0.0069513502530753,0.0068585546687245,0.0,0.0352220349013805,0.0037368773482739,-0.0373894497752189,-0.0073934434913098,-0.0256577190011739,-0.0052298228256404,0.0183498077094554,0.0011682928306981,0.0026665499899536,0.0075850416906178,0.0136494962498545,-0.0059486464597284,0.0576758682727813,0.0081025194376707,-0.0297483410686254,0.007091857958585,-0.0291503090411424,-0.0129362624138593,-0.0332574099302291,0.0061301258392632,-0.0154428025707602,-0.0677556246519088,0.0067087681964039,-0.0012959095183759,-0.0319115743041038,0.005697900429368,-0.0232401937246322,0.0152016123756766,0.00490378215909,-0.0179577860981226,-0.000306410016492,-0.0028694903012365,0.0078434059396386,-0.0062070088461041,0.0299598705023527,-0.0101634869351983,-0.0374701209366321,0.0099811013787984,0.038004420697689,-0.0038621451240032,-0.0372613556683063,0.0186441894620657,0.0088266646489501,0.0159520357847213,-0.004852632060647,0.0081538818776607,0.0108661903068423,-0.0254658926278352,0.042259894311428,-0.0031402318272739,0.0122503144666552,0.0200820825994014,0.0300269704312086,-0.0013234269572421,-0.0001349633821519,-0.0161789506673812,-0.0091583337634801,0.0040410910733044,-0.0019349381327629,-0.0091676414012908,-0.0374414063990116,-0.0019771005026996,0.0094254128634929,-0.017454648569363,0.0087953418798554,-0.025532420613285,0.0010698940348206,-0.050273930990957,0.0340255130649145,-0.0251369658463388,0.0538233675950292,0.0732644220503988,0.2375051817697382,0.0012427313875111,0.1417377979163183,2019-02-20,2019-02-21,2019-02-22,2019-02-25,2019-02-26,2019-02-27,2019-02-28,2019-03-01,2019-03-04,2019-03-05,87657.0,2019-02-19,252.0,-0.4219%,0.0006,0.997,-0.0053,-1.1242,1.3060%,1.9685%,55.9838%,-0.002807,EW,87657.0,2019-02-20,252.0,-0.1977%,0.0006,0.998,-0.0007,-1.1201,1.3056%,1.9680%,55.9914%,0.002223,EW,87657.0,2019-02-21,252.0,-1.5508%,0.0006,1.0038,0.0079,-1.1092,1.3084%,1.9708%,55.9279%,-0.014492,EW,87657.0,2019-02-22,252.0,-0.8221%,0.0004,1.0087,-0.0069,-1.0642,1.3227%,1.9717%,54.9946%,-0.031196,EW,87657.0,2019-02-25,252.0,-1.1999%,0.0004,1.0077,-0.0,-1.0643,1.3253%,1.9731%,54.8883%,-0.0155459999999999,EW,87657.0,2019-02-26,252.0,-1.3553%,0.0004,1.0127,0.0173,-1.0518,1.3289%,1.9734%,54.6527%,-0.0155529999999999,EW,87657.0,2019-02-27,252.0,0.2736%,0.0004,1.0147,0.0139,-1.0515,1.3286%,1.9730%,54.6521%,0.000429,EW,87657.0,2019-02-28,252.0,0.4152%,0.0004,1.0148,0.014,-1.0524,1.3288%,1.9716%,54.5753%,0.004566,EW,87657.0,2019-03-01,252.0,2.6109%,0.0005,1.0153,0.0149,-1.058,1.3316%,1.9763%,54.6041%,0.0144629999999999,EW,87657.0,2019-03-04,252.0,-1.4392%,0.0004,1.0186,0.009,-1.06,1.3315%,1.9783%,54.6968%,-0.005016,EW,87657.0,2019-03-05,252.0,0.8002%,0.0004,1.0176,0.0056,-1.0632,1.3322%,1.9775%,54.6143%,0.007127,EW,-0.0005839999999999,-0.0150759999999999,-0.046272,-0.077371,-0.055802
19915,ISHARES INC,Trump Says Will Speak With Japan's Abe On Wednesday,6,uncertain,0.6,0.2,"the news about trump speaking with japan's abe may have implications for trade relations, but the direct impact on ishares inc's stock price is unclear without additional context on the discussions.",1,2019-02-19,EWJ,2019-02-19 19:16:00+00:00,83225.0,46434G82,0.001651681959629,6284271.0,0.0010992590105161,0.0128253242000937,-0.0014640925219282,-0.0007429590332321,0.0021993939299136,0.0024204258807003,0.0056693740189075,0.0176203176379203,0.0034551485441625,0.0009482123423367,-0.0052555440925061,-0.0088346088305115,-0.0096556525677442,-0.0139017608016729,0.0029433378949761,-0.0082720723003149,-0.0031181580852717,0.0040605613030493,0.0009200194035656,0.002219736110419,-0.0058823470026254,-0.0040530106052756,-0.0118343783542513,0.0018456713296473,-0.0016841345932334,0.011198179796338,0.0108716376125812,0.0009341127006337,0.0024105519987642,-0.0072329267859458,0.0038845557719469,0.0108736036345362,-0.0106873381882906,0.005845773499459,0.0115478252992034,-0.0028206380084156,0.0027618801686912,-0.0179132260382175,0.0003672504099085,0.0132859824225306,0.0005506384186446,-0.0020541665144264,0.0066043040715157,0.0048789326101541,-0.0107526909559965,0.0121557340025901,0.0005527375615201,-0.003595734713599,0.0110476603731513,-0.0115974359214305,-0.0034601825755089,0.0060218232683837,0.000548223266378,0.0054872455075383,-0.0005479229148477,0.0047528520226478,0.0126096233725547,0.0024775539059191,-0.0068579870276153,0.0338916480541229,0.0059967623092234,-0.0056818360462784,-0.0005418854416348,0.0069047603756189,0.0007228826871141,-0.0017723543569445,-0.0023477922659367,0.0011829171562567,-0.0054309023544192,0.0133866528049111,0.0001820556353777,0.018933231011033,-0.0030937576666474,-0.0108739612624049,0.005111401900649,-0.0308353193104267,-0.0001816588483052,-0.0052416357211768,0.0039963889867067,-0.0147283943369984,0.0,0.0027687831316143,0.001447403919883,-0.0079304790124297,-0.0036133143585175,-0.011386982165277,0.0056209890171885,-0.0029778494499623,-0.0122610945254564,0.0120549891144037,0.0021906306501477,-0.0007528875139541,0.0091074677184224,-0.0076578231528401,0.0039710723794996,-0.0074156047776341,-0.003595842514187,-0.001480966922827,-0.0034283406566828,-0.0369049683213233,0.0003621303185354,0.0135525837540626,0.0128506617620587,0.0009043088648468,-0.0101858414709568,-0.0034246328286826,-0.0182343088090419,0.0131483059376478,-0.0060684410855174,-0.0009122979245148,-0.0064754574559628,0.013498512096703,0.0068901102058589,-0.0036845421418547,-0.0225633662194013,0.0153385652229189,0.0140019245445728,-0.0183621011674404,0.0014927787706255,-0.0043875989504158,0.0010992590105161,0.0128253242000937,-0.0003664429283091,0.0120728364763929,0.0018321450492524,0.0145224837629542,0.010993009479578,0.0333776253598048,-0.0032979164870289,0.0079541317341989,0.0082447219631442,0.0736946145129295,-0.0166728412770784,0.003886933430135,2019-02-20,2019-02-21,2019-02-22,2019-02-25,2019-02-26,2019-02-27,2019-02-28,2019-03-01,2019-03-04,2019-03-05,83225.0,2019-02-19,252.0,0.1652%,-0.0004,0.7286,0.0341,0.1885,0.5899%,0.9400%,60.6138%,-0.000503,EWJ,83225.0,2019-02-20,252.0,0.1099%,-0.0005,0.7269,0.0237,0.1806,0.5822%,0.9348%,61.2089%,-0.001497,EWJ,83225.0,2019-02-21,252.0,-0.1464%,-0.0005,0.7254,0.0212,0.178,0.5821%,0.9336%,61.1197%,0.001557,EWJ,83225.0,2019-02-22,252.0,0.2199%,-0.0004,0.725,0.0309,0.1818,0.5804%,0.9317%,61.1960%,-0.000117,EWJ,83225.0,2019-02-25,252.0,0.5669%,-0.0004,0.7257,0.0289,0.1831,0.5803%,0.9319%,61.2325%,0.004889,EWJ,83225.0,2019-02-26,252.0,0.3455%,-0.0004,0.7219,0.0246,0.1781,0.5808%,0.9274%,60.7874%,0.005306,EWJ,83225.0,2019-02-27,252.0,-0.5256%,-0.0005,0.7194,0.0275,0.1777,0.5807%,0.9241%,60.5121%,-0.0058379999999999,EWJ,83225.0,2019-02-28,252.0,-0.9656%,-0.0005,0.7184,0.0267,0.1786,0.5816%,0.9222%,60.2275%,-0.0070869999999999,EWJ,83225.0,2019-03-01,252.0,0.2943%,-0.0005,0.7184,0.0266,0.179,0.5816%,0.9209%,60.1103%,-0.001683,EWJ,83225.0,2019-03-04,252.0,-0.3118%,-0.0004,0.7088,0.058,0.1816,0.5671%,0.9032%,60.5752%,-6.4e-05,EWJ,83225.0,2019-03-05,252.0,0.0920%,-0.0004,0.7067,0.0439,0.179,0.5657%,0.9002%,60.5122%,0.002651,EWJ,-0.002,-0.000443,-0.00056,0.009635,-0.0023859999999999
19923,ISHARES INC,South Korea's Moon Says Ready To Resume Inter-Korean Cooperation If It Will Help Denuclearization,6,uncertain,0.5,0.2,"the news about inter-korean cooperation and denuclearization efforts may have mixed implications for market sentiment, making the impact on ishares inc's stock price uncertain.",1,2019-02-19,EWJ,2019-02-19 14:26:00+00:00,83225.0,46434G82,0.001651681959629,6284271.0,0.0010992590105161,0.0128253242000937,-0.0014640925219282,-0.0007429590332321,0.0021993939299136,0.0024204258807003,0.0056693740189075,0.0176203176379203,0.0034551485441625,0.0009482123423367,-0.0052555440925061,-0.0088346088305115,-0.0096556525677442,-0.0139017608016729,0.0029433378949761,-0.0082720723003149,-0.0031181580852717,0.0040605613030493,0.0009200194035656,0.002219736110419,-0.0058823470026254,-0.0040530106052756,-0.0118343783542513,0.0018456713296473,-0.0016841345932334,0.011198179796338,0.0108716376125812,0.0009341127006337,0.0024105519987642,-0.0072329267859458,0.0038845557719469,0.0108736036345362,-0.0106873381882906,0.005845773499459,0.0115478252992034,-0.0028206380084156,0.0027618801686912,-0.0179132260382175,0.0003672504099085,0.0132859824225306,0.0005506384186446,-0.0020541665144264,0.0066043040715157,0.0048789326101541,-0.0107526909559965,0.0121557340025901,0.0005527375615201,-0.003595734713599,0.0110476603731513,-0.0115974359214305,-0.0034601825755089,0.0060218232683837,0.000548223266378,0.0054872455075383,-0.0005479229148477,0.0047528520226478,0.0126096233725547,0.0024775539059191,-0.0068579870276153,0.0338916480541229,0.0059967623092234,-0.0056818360462784,-0.0005418854416348,0.0069047603756189,0.0007228826871141,-0.0017723543569445,-0.0023477922659367,0.0011829171562567,-0.0054309023544192,0.0133866528049111,0.0001820556353777,0.018933231011033,-0.0030937576666474,-0.0108739612624049,0.005111401900649,-0.0308353193104267,-0.0001816588483052,-0.0052416357211768,0.0039963889867067,-0.0147283943369984,0.0,0.0027687831316143,0.001447403919883,-0.0079304790124297,-0.0036133143585175,-0.011386982165277,0.0056209890171885,-0.0029778494499623,-0.0122610945254564,0.0120549891144037,0.0021906306501477,-0.0007528875139541,0.0091074677184224,-0.0076578231528401,0.0039710723794996,-0.0074156047776341,-0.003595842514187,-0.001480966922827,-0.0034283406566828,-0.0369049683213233,0.0003621303185354,0.0135525837540626,0.0128506617620587,0.0009043088648468,-0.0101858414709568,-0.0034246328286826,-0.0182343088090419,0.0131483059376478,-0.0060684410855174,-0.0009122979245148,-0.0064754574559628,0.013498512096703,0.0068901102058589,-0.0036845421418547,-0.0225633662194013,0.0153385652229189,0.0140019245445728,-0.0183621011674404,0.0014927787706255,-0.0043875989504158,0.0010992590105161,0.0128253242000937,-0.0003664429283091,0.0120728364763929,0.0018321450492524,0.0145224837629542,0.010993009479578,0.0333776253598048,-0.0032979164870289,0.0079541317341989,0.0082447219631442,0.0736946145129295,-0.0166728412770784,0.003886933430135,2019-02-20,2019-02-21,2019-02-22,2019-02-25,2019-02-26,2019-02-27,2019-02-28,2019-03-01,2019-03-04,2019-03-05,83225.0,2019-02-19,252.0,0.1652%,-0.0004,0.7286,0.0341,0.1885,0.5899%,0.9400%,60.6138%,-0.000503,EWJ,83225.0,2019-02-20,252.0,0.1099%,-0.0005,0.7269,0.0237,0.1806,0.5822%,0.9348%,61.2089%,-0.001497,EWJ,83225.0,2019-02-21,252.0,-0.1464%,-0.0005,0.7254,0.0212,0.178,0.5821%,0.9336%,61.1197%,0.001557,EWJ,83225.0,2019-02-22,252.0,0.2199%,-0.0004,0.725,0.0309,0.1818,0.5804%,0.9317%,61.1960%,-0.000117,EWJ,83225.0,2019-02-25,252.0,0.5669%,-0.0004,0.7257,0.0289,0.1831,0.5803%,0.9319%,61.2325%,0.004889,EWJ,83225.0,2019-02-26,252.0,0.3455%,-0.0004,0.7219,0.0246,0.1781,0.5808%,0.9274%,60.7874%,0.005306,EWJ,83225.0,2019-02-27,252.0,-0.5256%,-0.0005,0.7194,0.0275,0.1777,0.5807%,0.9241%,60.5121%,-0.0058379999999999,EWJ,83225.0,2019-02-28,252.0,-0.9656%,-0.0005,0.7184,0.0267,0.1786,0.5816%,0.9222%,60.2275%,-0.0070869999999999,EWJ,83225.0,2019-03-01,252.0,0.2943%,-0.0005,0.7184,0.0266,0.179,0.5816%,0.9209%,60.1103%,-0.001683,EWJ,83225.0,2019-03-04,252.0,-0.3118%,-0.0004,0.7088,0.058,0.1816,0.5671%,0.9032%,60.5752%,-6.4e-05,EWJ,83225.0,2019-03-05,252.0,0.0920%,-0.0004,0.7067,0.0439,0.179,0.5657%,0.9002%,60.5122%,0.002651,EWJ,-0.002,-0.000443,-0.00056,0.009635,-0.0023859999999999
19931,ISHARES TRUST,"Spokesperson For UK Prime Minister Theresa May Says UK Still Looking To Reopen Withdrawal Deal, Calls Wed. Meeting With European Commission Pres Jean-Claude Juncker 'Significant'",6,uncertain,0.6,0.3,"the news indicates ongoing negotiations regarding the uk's withdrawal deal, which could lead to market volatility and uncertainty, impacting ishares trust's stock price unpredictably.",1,2019-02-19,EWU,2019-02-19 13:11:00+00:00,14907.0,46435G33,0.0052761686965823,1524410.0,0.0055572804994881,0.0132076097652316,-0.0064476230181753,0.0,0.0030901876743882,0.002206104574725,0.0006161570781841,0.0073015727102756,0.0086206523701548,-0.0059955990873277,-0.0012209127889946,-0.0006306701689027,-0.0045843985863029,-0.0043956451117992,0.0018422282300889,-0.0037534856237471,-0.0024517874699085,0.0088355559855699,0.0055299634113907,0.0028481059707701,0.0012221484212204,0.0034931919071823,-0.0106805702671408,0.0060703046619892,-0.0040097860619425,0.0132728992030024,0.0086713768541812,0.0068448199890553,-0.0018422282300889,-0.0071197189390659,0.013841918669641,0.0068425899371504,0.0033373972401022,-0.0042180130258202,0.0105835646390914,0.0071895201690495,0.0053860056214034,-0.011627865023911,0.0020833243615925,0.0091264266520738,-0.0038609225302934,0.0082155764102935,-0.0017889497103169,-0.0029488909058272,-0.0155316749587655,0.0049390718340873,-0.0015169671969488,-0.0065423245541751,0.0045579313300549,0.0003272326139267,0.0027223275974392,0.004272072110325,-0.0063349287956953,0.0096217952668666,0.002125066705048,0.0060080210678279,0.0133293690159916,0.0,0.0056800781749188,0.0277872886508703,0.0059453258290886,-0.0061370716430246,-0.0035460677463561,-0.0006814465741626,0.0023724203929305,-0.0010210613254457,0.0017751886043697,0.013103418983519,-0.005611412692815,-0.0092244772240519,0.0032670216169208,0.0248599797487258,-0.0011840468505397,-0.009021520614624,0.0059275915846228,-0.0082587674260139,-0.0005892887129448,0.0006886553019285,-0.0014740341575816,-0.0037735404912382,0.0017715197755023,-0.0021023366134613,-0.0035366616211831,-0.0092930234968662,0.0011829960858449,-0.0134250735864043,0.0002954840892925,-0.0003272773174103,-0.0079740239307284,0.0173159688711166,-0.0035724600311368,0.0030060170684009,0.0014938522363081,-0.0118811456486582,0.0020882964599877,-0.0081833060830831,0.0050609754398465,-0.016103059053421,-0.0112558435648679,-0.0214308332651853,-0.0011983497533947,0.0095449965447187,0.0158967841416597,-0.0078914137557148,-0.0082668671384453,-0.0084507185965776,-0.0196487009525299,0.0129993604496121,0.0006073628319427,-0.0078641083091497,-0.0021244215313345,0.0163043551146984,0.0036496024113148,-0.012314474210143,-0.0193939208984375,0.0166934337466955,0.008961709216237,-0.0142405303195118,0.0021439415868371,-0.0034688964951783,0.0055572804994881,0.0132076097652316,-0.0009261737683542,0.0132076097652316,0.0021611518552706,0.0154428517082809,0.0114232466068004,0.0167245399391517,0.0104970725135844,0.0196202789201895,0.0385921578153451,0.1053173788274024,0.0101883850683284,0.0382958438568781,2019-02-20,2019-02-21,2019-02-22,2019-02-25,2019-02-26,2019-02-27,2019-02-28,2019-03-01,2019-03-04,2019-03-05,14907.0,2019-02-19,252.0,0.5276%,-0.0002,0.6564,0.0897,0.2865,0.5777%,0.8650%,55.4010%,0.0028299999999999,EWU,14907.0,2019-02-20,252.0,0.5557%,-0.0002,0.6573,0.0924,0.2898,0.5778%,0.8657%,55.4548%,0.002437,EWU,14907.0,2019-02-21,252.0,-0.6448%,-0.0002,0.656,0.0892,0.2876,0.5771%,0.8641%,55.3909%,-0.003384,EWU,14907.0,2019-02-22,252.0,0.3090%,-0.0002,0.6556,0.0915,0.2843,0.5773%,0.8641%,55.3695%,0.002463,EWU,14907.0,2019-02-25,252.0,0.0616%,-0.0002,0.6559,0.0917,0.2858,0.5770%,0.8641%,55.4125%,0.000283,EWU,14907.0,2019-02-26,252.0,0.8621%,-0.0001,0.654,0.0778,0.2773,0.5813%,0.8641%,54.7481%,0.0111,EWU,14907.0,2019-02-27,252.0,-0.1221%,-0.0001,0.6542,0.0771,0.2773,0.5813%,0.8632%,54.6419%,-0.001725,EWU,14907.0,2019-02-28,252.0,-0.4584%,-0.0001,0.6509,0.0748,0.2754,0.5799%,0.8585%,54.3739%,-0.001978,EWU,14907.0,2019-03-01,252.0,0.1842%,-0.0001,0.6467,0.0684,0.2697,0.5786%,0.8535%,54.0455%,-0.0020499999999999,EWU,14907.0,2019-03-04,252.0,-0.2452%,-0.0001,0.6448,0.0743,0.2702,0.5781%,0.8509%,53.8419%,4.3e-05,EWU,14907.0,2019-03-05,252.0,0.5530%,-0.0001,0.644,0.0726,0.2668,0.5799%,0.8514%,53.6129%,0.007415,EWU,0.0052669999999999,0.0018829999999999,0.0043459999999999,0.015729,0.0174339999999999
19939,EXPEDITORS INTERNATIONAL WA INC,"Expeditors International Q4 EPS $1.02 Beats $0.85 Estimate, Sales $2.236B Beat $2.15B Estimate",6,increase,0.8,0.7,"the company reported better-than-expected earnings and sales, which typically leads to positive investor sentiment and an increase in stock price.",2,2019-02-19,EXPD,2019-02-19 13:40:00+00:00,87717.0,30213010,0.018739778548479,1931764.0,0.0070648686960339,-0.0043266587890684,-0.0003971728438045,0.0025756058748811,0.0037077120505273,0.0101327933371067,-0.0051451106555759,0.0261346157640218,-0.0096804574131965,0.0007029727566987,0.0009373285574838,-0.0039215516299009,0.0026755444705486,0.0113314883783459,0.0060040638782083,-0.0031064844224601,-0.0009283779072575,0.0082574291154742,-0.0047789802774786,0.0076029091142117,-0.0012005331227555,0.0059162485413253,-0.0070779751986265,-0.0017285381909459,0.002152033150196,0.010480367578566,0.0222788341343402,0.0055620209313929,0.0052514313720166,-0.0145680382847785,0.003918023314327,0.0104941148310899,0.0016911311540752,0.0021910828072577,-0.0128571148961782,0.0010235370136797,0.0069727506488561,-0.0129889091476798,-0.0044421735219657,0.019870450720191,-0.0181102007627487,0.0135760651901364,0.0143009852617979,0.0004477429611142,-0.0233231876045465,-0.0188900418579578,-0.0053966743871569,-0.0016081960638985,0.0046119960024952,-0.0048014232888817,0.0029705809429287,0.000873819575645,0.0092892087996006,0.0119363032281398,0.0124049661681056,0.0092207435518503,0.0223978515714407,0.0047818245366215,0.0063144057057797,0.0298552587628364,-0.0039697475731372,-0.034615870565176,0.0073283580131828,-0.0114554092288017,-0.0030631509143859,0.0257607586681842,0.001536330091767,-0.0095493793487548,-0.0053688581101596,0.0159162562340498,-0.0001284475874854,0.0453177094459533,0.0050128456205129,-0.0254787132143974,0.0108709353953599,-0.0252859760075807,-0.0011387141421437,-0.0038979689124971,0.0108929779380559,-0.0331932306289672,0.003633641405031,-0.0093337381258606,0.004119873046875,-0.0119183305650949,-0.0058436058461666,-0.0046602771617472,0.0002501785056665,-0.0200664903968572,0.0065015833824872,0.0127540808171033,-0.021987535059452,0.0018252913141623,0.0069858427159488,0.0092107346281409,-0.011856741271913,-0.0502019263803958,0.0137860849499702,-0.0164151154458522,-0.0289599020034074,-0.0175575297325849,0.0142634650692343,0.0105139054358005,0.0120174176990985,0.0088308099657297,-0.0056847468949854,-0.0128805339336395,-0.0378604456782341,0.0293290819972753,-0.0104318084195256,0.0025509507395327,-0.0089405626058578,0.0170695055276155,-0.0061936057172715,0.0026013476308435,-0.0226256363093853,0.0091185923665761,0.0095647694543004,-0.0175105333328247,0.0068653025664389,0.0,0.0070648686960339,-0.0043266587890684,0.0066648898782382,-0.001762196681983,0.0103973134212824,0.0083527406803256,-0.004532075841517,0.0354330219972416,-0.0006664274820146,0.0563764209890531,0.0409224189380212,0.1332717064283068,-0.022527254446185,0.0055044373618715,2019-02-20,2019-02-21,2019-02-22,2019-02-25,2019-02-26,2019-02-27,2019-02-28,2019-03-01,2019-03-04,2019-03-05,87717.0,2019-02-19,252.0,1.8740%,0.0007,1.0415,0.195,0.2552,1.1706%,1.5753%,44.7779%,0.015385,EXPD,87717.0,2019-02-20,252.0,0.7065%,0.0007,1.0425,0.1986,0.2592,1.1706%,1.5758%,44.8165%,0.003153,EXPD,87717.0,2019-02-21,252.0,-0.0397%,0.0008,1.0318,0.1777,0.2397,1.1580%,1.5602%,44.9078%,0.004095,EXPD,87717.0,2019-02-22,252.0,0.3708%,0.0007,1.0339,0.13,0.2202,1.1366%,1.5469%,46.0095%,-0.000553,EXPD,87717.0,2019-02-25,252.0,-0.5145%,0.0006,1.0345,0.1339,0.2248,1.1368%,1.5470%,45.9983%,-0.006062,EXPD,87717.0,2019-02-26,252.0,-0.9680%,0.0006,1.0344,0.144,0.2298,1.1376%,1.5444%,45.7446%,-0.006526,EXPD,87717.0,2019-02-27,252.0,0.0937%,0.0005,1.0312,0.1494,0.2292,1.1367%,1.5403%,45.5410%,-9.1e-05,EXPD,87717.0,2019-02-28,252.0,0.2676%,0.0006,1.027,0.1467,0.2248,1.1367%,1.5358%,45.2193%,0.006316,EXPD,87717.0,2019-03-01,252.0,0.6004%,0.0006,1.0288,0.1494,0.2284,1.1365%,1.5351%,45.1827%,-0.001007,EXPD,87717.0,2019-03-04,252.0,-0.0928%,0.0007,1.0191,0.1788,0.2316,1.1297%,1.5227%,44.9648%,0.004039,EXPD,87717.0,2019-03-05,252.0,-0.4779%,0.0007,1.0205,0.1884,0.2336,1.1294%,1.5230%,45.0073%,-0.0020269999999999,EXPD,0.018538,0.022633,0.02208,0.0094919999999999,0.0167219999999999
19947,EXPEDIA GROUP INC,Expedia CruiseShipCenters Announces Signing Of Its First Multi-Unit Franchise Agreement,6,increase,0.7,0.6,"the signing of a multi-unit franchise agreement indicates growth potential for expedia cruiseshipcenters, which could positively impact expedia group inc's overall business and stock price.",2,2019-02-19,EXPE,2019-02-19 17:54:00+00:00,90808.0,30212P30,0.0091274194419384,1408582.0,0.0026510434690862,0.0026032992172986,-0.00381048489362,-0.005491895135492,-0.0087431902065873,0.0069521032273769,-0.0064577073790133,-0.0003948149969801,0.0110969711095094,-0.0318807773292064,0.0050172419287264,0.0229138992726802,-0.0381435230374336,-7.815535354893655e-05,0.0158948916941881,0.0132319005206227,-0.0021553176920861,0.0216124188154935,0.007760009728372,0.0128720151260495,-0.0029372267890721,0.0228092353790998,-0.0169220548123121,-0.0014235317939892,-0.0146151594817638,0.0199863016605377,0.0042023905552923,0.000341771316016,-0.0108312107622623,-0.0005977260298095,-0.0005806693807244,-0.0026400745846331,0.0026560397818684,0.0066009140573441,0.0062913452275097,0.0086467787623405,-0.0033727874979376,-0.0238859020173549,0.0089970808476209,0.0151658318936824,0.0018815719522535,0.0061206817626953,0.013309359550476,-0.0062537766061723,-0.0198227167129516,0.013193336315453,0.003617251291871,0.0086674652993679,0.0001637995010241,0.0001751687668729,-0.0188369806855917,-0.0036643324419856,-0.0061770072206854,-0.0200906079262495,-0.0005039271200075,0.0210370440036058,0.0105042019858956,0.0129985082894563,0.0015800618566572,0.0421120524406433,0.0135336862877011,-0.0308984331786632,0.0039321975782513,-0.0059476089663803,-0.0004080216167494,-0.0056492132134735,0.0057959109544754,-0.0094430511817336,0.0059248711913824,0.0014886673307046,0.0017750622937455,0.046746090054512,0.0034632140304893,-0.0095324832946062,0.009631629101932,-0.0363922342658042,-0.0027029491029679,-0.0072948671877384,0.0043045110069215,-0.0262979920953512,-0.0092864371836185,0.0113743422552943,-0.0024835567455738,-0.0120817869901657,-0.0012850667117163,-0.0102851055562496,0.0123039707541465,-0.0124690514057874,-0.0110422577708959,0.0232361648231744,0.0058639519847929,-0.0036201407201588,0.0202843062579631,0.0045669903047382,0.0173762794584035,-0.0199751649051904,-0.0010770841035991,0.015743413940072,-0.0079328315332531,-0.0154994009062647,-0.0045027704909443,-0.0011590312933549,-0.0088122691959142,0.0087690250948071,-0.0236821565777063,-0.0034953877329826,-0.009831522591412,0.0222903080284595,-0.008138682693243,0.0082346806302666,-0.0210880413651466,0.0304048303514719,-0.0045264116488397,0.0004421527264639,-0.0167565289884805,0.0131696248427033,0.0238931309431791,-0.0130857275798916,-0.0035128653980791,-0.0329200401902198,0.0026510434690862,0.0026032992172986,-0.001169543185625,-0.0029028929645011,-0.0099025078536856,0.0040290290513285,-0.0053801358373962,-0.0283639648515591,-0.0177777696776274,0.0419774961773993,-0.058497935529664,0.1711205370895434,-0.068660303861742,0.0867037180873877,2019-02-20,2019-02-21,2019-02-22,2019-02-25,2019-02-26,2019-02-27,2019-02-28,2019-03-01,2019-03-04,2019-03-05,90808.0,2019-02-19,252.0,0.9127%,0.0008,0.7877,-0.0258,-0.2258,1.4445%,1.7003%,27.8233%,0.008335,EXPE,90808.0,2019-02-20,252.0,0.2651%,0.0008,0.7867,-0.0347,-0.2311,1.4413%,1.6977%,27.9243%,0.002353,EXPE,90808.0,2019-02-21,252.0,-0.3810%,0.0007,0.7893,-0.0298,-0.2262,1.4409%,1.6980%,27.9853%,-0.0015559999999999,EXPE,90808.0,2019-02-22,252.0,-0.8743%,0.0007,0.7915,-0.0239,-0.1944,1.4445%,1.6975%,27.5894%,-0.017135,EXPE,90808.0,2019-02-25,252.0,-0.6458%,0.0006,0.7931,-0.0179,-0.1853,1.4431%,1.6958%,27.5892%,-0.008157,EXPE,90808.0,2019-02-26,252.0,1.1097%,0.0006,0.7882,-0.0284,-0.1943,1.4444%,1.6937%,27.2732%,0.0115389999999999,EXPE,90808.0,2019-02-27,252.0,0.5017%,0.0007,0.7916,-0.0335,-0.1937,1.4438%,1.6939%,27.3528%,0.004029,EXPE,90808.0,2019-02-28,252.0,-3.8144%,0.0006,0.7894,-0.0362,-0.1867,1.4580%,1.7025%,26.6629%,-0.036267,EXPE,90808.0,2019-03-01,252.0,1.5895%,0.0006,0.8044,-0.0139,-0.1676,1.4526%,1.7031%,27.2481%,0.0094799999999999,EXPE,90808.0,2019-03-04,252.0,-0.2155%,0.0006,0.803,-0.0111,-0.1669,1.4526%,1.7014%,27.1073%,0.002535,EXPE,90808.0,2019-03-05,252.0,0.7760%,0.0006,0.8021,-0.0131,-0.1705,1.4534%,1.7017%,27.0521%,0.0086,EXPE,0.010688,0.009132,-0.008003,-0.004621,-0.016244
19955,FARO TECHNOLOGIES INC,"Faro Technologies Q4 EPS $0.33 Misses $0.44 Estimate, Sales $112.8M Miss $118.59M Estimate",6,decrease,0.8,0.7,"the company's earnings per share and sales both missed analyst estimates, which typically leads to a negative reaction in stock prices.",0,2019-02-19,FARO,2019-02-19 21:39:00+00:00,85372.0,31164210,0.0163307879120111,152322.0,-0.0866026282310485,0.01441484503448,0.0194196589291095,0.0099956337362527,-0.0051546292379498,0.0094318995252251,0.0290606208145618,0.0382600836455822,-0.0028459078166633,-0.0112587260082364,0.0006586738745681,-0.0002250860416097,0.0050460626371204,-0.0049283429980278,0.0010914480080828,0.0094979228451848,-0.0030527559574693,0.0100503070279955,0.0061242077499628,0.0176661629229784,-0.0069565149024128,0.011759172193706,-0.015761848539114,0.0169815607368946,-0.0111209964379668,0.0366972349584102,0.0224921274930238,-0.0009907629573717,-0.0048393621109426,-0.0255853570997715,-0.0019893932621926,-0.0083771776407957,0.0013288495829328,0.0313502959907054,0.0586153864860534,-0.0167476311326026,0.004178870934993,-0.0398508310317993,-0.0043695983476936,0.0060960915870964,-0.0043886955827474,-0.0231332648545503,0.0,-0.0188764072954654,-0.0957178324460983,0.0225183721631765,-0.0048747188411653,0.0050808596424758,0.005365046672523,-0.0324022509157657,0.0,0.0294455662369728,0.0099768051877617,0.0345073938369751,0.0087296366691589,0.0067081642337143,0.0116146281361579,0.0242945197969675,0.0029266336932778,0.0681519880890846,0.03030308149755,-0.0749272555112838,0.0032679238356649,0.0147638358175754,0.0143322441726923,0.0142250983044505,0.0089916931465268,-0.0062003969214856,0.1865053474903107,-0.0068965218961238,0.0042918757535517,0.0439701490104198,-0.0183404348790645,-0.027750015258789,0.010520551353693,-0.0525817424058914,0.0030515524558722,-0.0307621695101261,0.0168217364698648,0.0004593582416418,-0.0036958656273782,0.0095061408355832,0.0058293235488235,-0.0159708131104707,-0.0087811732664704,0.0071231932379305,0.0132884485647082,-0.0324588492512702,-0.0050707659684121,0.0297618862241506,-0.0202109217643737,0.0004580956883728,0.0021524471230804,-0.005013701505959,0.0057275765575468,-0.0396147444844245,0.0010678301332518,-0.0293180607259273,-0.0128000220283865,-0.0612285546958446,-0.0095443688333034,0.0084472680464386,0.0027273003943264,0.0255775917321443,-0.0126926703378558,-0.0152346128597855,-0.021671263501048,0.0427875556051731,-0.0005631458479911,-0.005477188155055,-0.0116454306989908,0.0492926500737667,0.0015203693183138,0.0080214040353894,-0.0404174774885177,0.0074074487201869,0.000988713465631,-0.0169903021305799,0.0063216062262654,-0.0179848708212375,-0.0866026282310485,0.01441484503448,-0.0688647628045504,0.0245545642820623,-0.0736644197226834,0.0342180599904815,-0.0494574098629382,0.0616978521398312,-0.040066742379064,0.0960018813541896,-0.0703255222017307,0.2359108657553368,0.0630217159691326,0.0216684673111358,2019-02-20,2019-02-21,2019-02-22,2019-02-25,2019-02-26,2019-02-27,2019-02-28,2019-03-01,2019-03-04,2019-03-05,85372.0,2019-02-19,252.0,1.6331%,-0.0003,1.3403,0.8955,0.4835,2.3118%,2.7039%,26.8964%,0.009756,FARO,85372.0,2019-02-20,252.0,-8.6603%,-0.0005,1.3183,0.8657,0.4104,2.3702%,2.7475%,25.5818%,-0.093878,FARO,85372.0,2019-02-21,252.0,1.9420%,-0.0005,1.3168,0.8685,0.4074,2.3746%,2.7503%,25.4560%,0.025747,FARO,85372.0,2019-02-22,252.0,-0.5155%,-0.0006,1.3206,0.8144,0.4027,2.3636%,2.7390%,25.5312%,-0.012601,FARO,85372.0,2019-02-25,252.0,2.9061%,-0.001,1.3344,0.8131,0.4532,2.2483%,2.6421%,27.5887%,0.029822,FARO,85372.0,2019-02-26,252.0,-0.2846%,-0.0009,1.3461,0.7923,0.4514,2.2445%,2.6419%,27.8265%,0.005889,FARO,85372.0,2019-02-27,252.0,0.0659%,-0.001,1.3349,0.8119,0.4495,2.2388%,2.6322%,27.6609%,-0.001616,FARO,85372.0,2019-02-28,252.0,0.5046%,-0.001,1.3359,0.813,0.4477,2.2395%,2.6314%,27.5670%,0.010046,FARO,85372.0,2019-03-01,252.0,0.1091%,-0.0009,1.3273,0.8002,0.4382,2.2390%,2.6241%,27.2004%,-0.009184,FARO,85372.0,2019-03-04,252.0,-0.3053%,-0.0009,1.3279,0.7926,0.4393,2.2392%,2.6240%,27.1743%,0.005251,FARO,85372.0,2019-03-05,252.0,0.6124%,-0.0009,1.3272,0.7955,0.4341,2.2403%,2.6236%,27.0809%,0.011803,FARO,-0.084122,-0.058375,-0.070976,-0.035265,-0.0189649999999999
19963,FREEPORT MCMORAN INC,"Freeport-McMoRan shares are trading higher after Citigroup upgraded the company from Neutral to Buy, and raised the price target from $14 to $16.",6,increase,0.8,0.7,"the upgrade from citigroup to buy and the increase in price target typically signal positive sentiment, likely leading to an increase in freeport-mcmoran's stock price.",2,2019-02-19,FCX,2019-02-19 13:48:00+00:00,81774.0,35671D85,0.0659609511494636,35617646.0,0.0198625084012746,0.00986841134727,-0.0247190948575735,-0.0105777150020003,0.0153609681874513,0.0696257799863815,0.0030257157050073,-0.0034692075569182,-0.0060331765562295,-0.0068906052038073,-0.0015174853615462,-0.021079258993268,-0.0197568573057651,-0.0041981688700616,-0.002325560664758,0.0033698368351906,-0.0069930190220475,0.0008431896567344,0.0046948688104748,0.0304082911461591,-0.0233645010739564,-0.0111683942377567,-0.0183412712067365,0.0328305102884769,-0.0178716704249382,0.0784689635038375,0.022332465276122,0.0165369734168052,0.0234627798199653,-0.0854092612862587,0.0007905319798737,0.0504672862589359,-0.0268562529236078,-0.1307880282402039,0.0024351207539439,-0.0056542563252151,0.0218623075634241,-0.0143312336876988,0.0047543914988636,0.0354493223130703,0.011040961369872,0.0201850105077028,0.0078003420494496,0.0276577919721603,-0.0572755225002765,0.0017315588193014,0.0164203457534313,-1.637843105584125e-08,0.0258481167256832,0.0078193005174398,0.0007874196162447,0.0,0.0015735251363366,0.0276786088943481,0.0125687988474965,0.0181818008422851,0.0162917021661996,0.01663588732481,0.0015266796108335,0.0744786486029625,0.0030487775802612,-0.0279922746121883,0.0303951799869537,0.0048495861701667,-0.0169616881757974,-0.0152817424386739,0.0307576786726713,-0.0187441240996122,-0.0262008495628833,0.0259615834802389,0.0082211997359991,0.0633946731686592,-0.0059303133748471,-0.026865717023611,0.0253542102873325,-0.0185546465218067,-0.0007299437420442,0.0058938572183251,0.0343316495418548,-0.0396226458251476,0.0028248562011867,0.0009443086455576,-0.014084493741393,0.0018921908922493,-0.0250000264495611,-0.0320513173937797,-0.0139193832874298,-0.0135501017794013,0.0089152958244085,0.0288103595376014,-0.1008836477994919,0.0065482365898787,0.0237510204315185,-0.0210623163729906,-0.0055999755859375,-0.0206277631223201,-0.0096540534868836,-0.0304348152130842,-0.0487408898770809,-0.0488006733357906,-0.0170794036239385,0.0125628625974059,0.038227591663599,0.0101522747427225,-0.0192468240857124,-0.0125313755124807,-0.0238908436149358,0.0649466663599014,-0.0061188545078039,0.0135256638750433,-0.0079155806452035,0.0297121331095695,0.0079787373542785,-0.0560910962522029,-0.0580474808812141,0.0487132109701633,0.0140055669471621,-0.0547350235283374,-0.0009207436232827,-0.0376254022121429,0.0198625084012746,0.00986841134727,-0.0053475696855792,-0.0008136888974842,0.0099312546540517,0.0687554373647436,0.0068754899743501,0.0577088796808626,-0.0190985479580255,0.066898305215804,0.0022918070079742,0.2247428078276043,-0.1680978788363817,0.0312006418805899,2019-02-20,2019-02-21,2019-02-22,2019-02-25,2019-02-26,2019-02-27,2019-02-28,2019-03-01,2019-03-04,2019-03-05,81774.0,2019-02-19,252.0,6.5961%,-0.0011,1.6621,0.4713,0.669,2.4377%,2.9433%,31.4021%,0.059553,FCX,81774.0,2019-02-20,252.0,1.9863%,-0.0009,1.6678,0.494,0.692,2.4348%,2.9436%,31.5820%,0.011888,FCX,81774.0,2019-02-21,252.0,-2.4719%,-0.001,1.671,0.4969,0.6979,2.4368%,2.9459%,31.5762%,-0.016711,FCX,81774.0,2019-02-22,252.0,1.5361%,-0.001,1.6701,0.4742,0.6665,2.4352%,2.9457%,31.6572%,0.011926,FCX,81774.0,2019-02-25,252.0,0.3026%,-0.0011,1.6732,0.4753,0.6784,2.4297%,2.9419%,31.7940%,0.002853,FCX,81774.0,2019-02-26,252.0,-0.6033%,-0.0011,1.6735,0.4709,0.6764,2.4297%,2.9390%,31.6552%,0.001824,FCX,81774.0,2019-02-27,252.0,-0.1517%,-0.001,1.6805,0.4578,0.6776,2.4277%,2.9390%,31.7707%,-0.0032069999999999,FCX,81774.0,2019-02-28,252.0,-1.9757%,-0.0011,1.683,0.4591,0.6822,2.4288%,2.9383%,31.6700%,-0.013045,FCX,81774.0,2019-03-01,252.0,-0.2326%,-0.0011,1.6793,0.4536,0.682,2.4300%,2.9342%,31.4135%,-0.013136,FCX,81774.0,2019-03-04,252.0,-0.6993%,-0.0012,1.6854,0.4316,0.6808,2.4285%,2.9344%,31.5073%,0.000804,FCX,81774.0,2019-03-05,252.0,0.4695%,-0.001,1.689,0.4671,0.6791,2.4247%,2.9338%,31.6967%,0.010442,FCX,0.071441,0.05473,0.066656,0.071333,0.053191
19971,FREEPORT MCMORAN INC,"Citigroup Upgrades Freeport-McMoRan to Buy, Raises Price Target to $16",6,increase,0.8,0.6,upgrading a stock to 'buy' and raising the price target typically signals positive sentiment and can lead to an increase in stock price.,2,2019-02-19,FCX,2019-02-19 12:39:00+00:00,81774.0,35671D85,0.0659609511494636,35617646.0,0.0198625084012746,0.00986841134727,-0.0247190948575735,-0.0105777150020003,0.0153609681874513,0.0696257799863815,0.0030257157050073,-0.0034692075569182,-0.0060331765562295,-0.0068906052038073,-0.0015174853615462,-0.021079258993268,-0.0197568573057651,-0.0041981688700616,-0.002325560664758,0.0033698368351906,-0.0069930190220475,0.0008431896567344,0.0046948688104748,0.0304082911461591,-0.0233645010739564,-0.0111683942377567,-0.0183412712067365,0.0328305102884769,-0.0178716704249382,0.0784689635038375,0.022332465276122,0.0165369734168052,0.0234627798199653,-0.0854092612862587,0.0007905319798737,0.0504672862589359,-0.0268562529236078,-0.1307880282402039,0.0024351207539439,-0.0056542563252151,0.0218623075634241,-0.0143312336876988,0.0047543914988636,0.0354493223130703,0.011040961369872,0.0201850105077028,0.0078003420494496,0.0276577919721603,-0.0572755225002765,0.0017315588193014,0.0164203457534313,-1.637843105584125e-08,0.0258481167256832,0.0078193005174398,0.0007874196162447,0.0,0.0015735251363366,0.0276786088943481,0.0125687988474965,0.0181818008422851,0.0162917021661996,0.01663588732481,0.0015266796108335,0.0744786486029625,0.0030487775802612,-0.0279922746121883,0.0303951799869537,0.0048495861701667,-0.0169616881757974,-0.0152817424386739,0.0307576786726713,-0.0187441240996122,-0.0262008495628833,0.0259615834802389,0.0082211997359991,0.0633946731686592,-0.0059303133748471,-0.026865717023611,0.0253542102873325,-0.0185546465218067,-0.0007299437420442,0.0058938572183251,0.0343316495418548,-0.0396226458251476,0.0028248562011867,0.0009443086455576,-0.014084493741393,0.0018921908922493,-0.0250000264495611,-0.0320513173937797,-0.0139193832874298,-0.0135501017794013,0.0089152958244085,0.0288103595376014,-0.1008836477994919,0.0065482365898787,0.0237510204315185,-0.0210623163729906,-0.0055999755859375,-0.0206277631223201,-0.0096540534868836,-0.0304348152130842,-0.0487408898770809,-0.0488006733357906,-0.0170794036239385,0.0125628625974059,0.038227591663599,0.0101522747427225,-0.0192468240857124,-0.0125313755124807,-0.0238908436149358,0.0649466663599014,-0.0061188545078039,0.0135256638750433,-0.0079155806452035,0.0297121331095695,0.0079787373542785,-0.0560910962522029,-0.0580474808812141,0.0487132109701633,0.0140055669471621,-0.0547350235283374,-0.0009207436232827,-0.0376254022121429,0.0198625084012746,0.00986841134727,-0.0053475696855792,-0.0008136888974842,0.0099312546540517,0.0687554373647436,0.0068754899743501,0.0577088796808626,-0.0190985479580255,0.066898305215804,0.0022918070079742,0.2247428078276043,-0.1680978788363817,0.0312006418805899,2019-02-20,2019-02-21,2019-02-22,2019-02-25,2019-02-26,2019-02-27,2019-02-28,2019-03-01,2019-03-04,2019-03-05,81774.0,2019-02-19,252.0,6.5961%,-0.0011,1.6621,0.4713,0.669,2.4377%,2.9433%,31.4021%,0.059553,FCX,81774.0,2019-02-20,252.0,1.9863%,-0.0009,1.6678,0.494,0.692,2.4348%,2.9436%,31.5820%,0.011888,FCX,81774.0,2019-02-21,252.0,-2.4719%,-0.001,1.671,0.4969,0.6979,2.4368%,2.9459%,31.5762%,-0.016711,FCX,81774.0,2019-02-22,252.0,1.5361%,-0.001,1.6701,0.4742,0.6665,2.4352%,2.9457%,31.6572%,0.011926,FCX,81774.0,2019-02-25,252.0,0.3026%,-0.0011,1.6732,0.4753,0.6784,2.4297%,2.9419%,31.7940%,0.002853,FCX,81774.0,2019-02-26,252.0,-0.6033%,-0.0011,1.6735,0.4709,0.6764,2.4297%,2.9390%,31.6552%,0.001824,FCX,81774.0,2019-02-27,252.0,-0.1517%,-0.001,1.6805,0.4578,0.6776,2.4277%,2.9390%,31.7707%,-0.0032069999999999,FCX,81774.0,2019-02-28,252.0,-1.9757%,-0.0011,1.683,0.4591,0.6822,2.4288%,2.9383%,31.6700%,-0.013045,FCX,81774.0,2019-03-01,252.0,-0.2326%,-0.0011,1.6793,0.4536,0.682,2.4300%,2.9342%,31.4135%,-0.013136,FCX,81774.0,2019-03-04,252.0,-0.6993%,-0.0012,1.6854,0.4316,0.6808,2.4285%,2.9344%,31.5073%,0.000804,FCX,81774.0,2019-03-05,252.0,0.4695%,-0.001,1.689,0.4671,0.6791,2.4247%,2.9338%,31.6967%,0.010442,FCX,0.071441,0.05473,0.066656,0.071333,0.053191
19979,FRESH DEL MONTE PRODUCE INC,Fresh Del Monte Produce shares are trading higher after the company reported Q4 EPS of $(0.43) and missed Q4 sales estimates.,6,decrease,0.8,0.7,"the company reported a loss per share and missed sales estimates, which typically leads to a negative reaction in the stock market.",0,2019-02-19,FDP,2019-02-19 17:01:00+00:00,85449.0,G3673810,-0.1706417351961136,1113690.0,-0.0513522773981094,0.0229451321065425,0.0101046804338693,-0.0109164332970976,-0.0042872074991464,0.0057786987163126,-0.0060997512191534,0.021546620875597,0.0115523356944322,0.0065359841100871,0.011420402675867,0.0440446063876152,-0.023288631811738,-0.0043236375786364,-0.0274566560983657,-0.0046110581606626,0.0089152958244085,0.0080569665879011,-0.0162003152072429,0.0081225289031863,-0.0183383151888847,0.000938048120588,-0.0182996392250061,0.0139504950493574,-0.0007767167990095,0.0128452647477388,0.0198212303221225,0.0080932341516017,0.0041920966468751,0.0003238416102249,0.0178367849439382,0.0078328913077712,0.014541364274919,0.0059093995951116,0.0231532920151948,-0.0006561829941347,0.0075430707074701,0.0086035812273621,-0.0081996275112032,0.0,-0.0287562627345323,0.0036532282829284,0.0051813246682286,0.0003322335251141,-0.0173048339784145,-0.0043003363534808,-0.0052454588003456,-0.0175495911389589,0.0271186903119087,-0.0009739863453432,-0.0036670472472906,0.0134912757202982,-0.0040486054494977,0.0157085340470075,-0.0011086023878306,0.0023450483568012,0.0088790142908692,0.0132383340969681,-0.0227356366813182,0.0034059425815939,-0.0116322506219148,0.0367231965065002,0.0132877891883254,0.0017686323262751,0.0086174421012401,0.0031937598250806,0.0055720512755215,-0.0003547438245732,-0.01920947432518,-0.0143356584012508,-0.0056497030891478,0.0310021843761205,-0.007575714495033,0.0153733557090163,0.0053434879519045,-0.0716955661773681,0.0003796594101004,-0.0147305158898234,0.0056925849057734,-0.0292492564767599,0.0075471987947821,-0.0429238267242908,0.0037452611140906,-0.0107691837474703,-0.0111940018832683,-0.0243170615285635,0.0215094219893217,0.0066485712304711,0.0033247193787246,0.021927086636424,-0.0058910106308758,0.011875033378601,0.0277777779847383,-0.0059024118818342,0.0252252519130706,0.0068814298138022,0.0372583270072937,0.0088355559855699,-0.0023720669560134,-0.0411497354507446,-0.0329484120011329,-0.0178306773304939,-0.0021074628457427,0.0144710093736648,0.0207673404365778,0.0045426320284605,-0.0086206896230578,0.078732430934906,-0.0024347719736397,0.0062459083274006,-0.0013947320403531,0.002967364154756,-0.0020949535537511,-0.013016584329307,-0.0185444615781307,0.0108552612364292,0.0213903877884149,0.0225361622869968,0.0258289631456136,-0.0194591078907251,-0.0513522773981094,0.0229451321065425,-0.0417664953168993,0.0117782198053106,-0.0458746411841101,0.0176249813052926,-0.0407394258192862,0.0463458521479402,-0.0852447742191858,0.1002812581845127,-0.0876412019888329,0.1995912996575417,0.0061622783018104,0.1616095507647743,2019-02-20,2019-02-21,2019-02-22,2019-02-25,2019-02-26,2019-02-27,2019-02-28,2019-03-01,2019-03-04,2019-03-05,85449.0,2019-02-19,252.0,-17.0642%,-0.0018,0.407,0.3759,-0.1058,1.9852%,2.0516%,6.3771%,-0.17301,FDP,85449.0,2019-02-20,252.0,-5.1352%,-0.002,0.3926,0.3426,-0.1574,2.0103%,2.0753%,6.1627%,-0.0524699999999999,FDP,85449.0,2019-02-21,252.0,1.0105%,-0.0019,0.3825,0.3248,-0.1761,2.0083%,2.0716%,6.0180%,0.011335,FDP,85449.0,2019-02-22,252.0,-0.4287%,-0.002,0.385,0.2928,-0.1754,2.0042%,2.0668%,5.9645%,-0.011248,FDP,85449.0,2019-02-25,252.0,-0.6100%,-0.0023,0.3923,0.3021,-0.1434,1.9655%,2.0284%,6.1134%,-0.006332,FDP,85449.0,2019-02-26,252.0,1.1552%,-0.0021,0.4102,0.2629,-0.1499,1.9552%,2.0212%,6.4266%,0.01354,FDP,85449.0,2019-02-27,252.0,1.1420%,-0.002,0.4162,0.2558,-0.1489,1.9550%,2.0220%,6.5165%,0.0102719999999999,FDP,85449.0,2019-02-28,252.0,-2.3289%,-0.0021,0.4228,0.2596,-0.1393,1.9591%,2.0266%,6.5476%,-0.022522,FDP,85449.0,2019-03-01,252.0,-2.7457%,-0.0022,0.4181,0.2526,-0.1328,1.9680%,2.0329%,6.2850%,-0.031901,FDP,85449.0,2019-03-04,252.0,0.8915%,-0.0022,0.4227,0.2241,-0.1309,1.9683%,2.0329%,6.2569%,0.012528,FDP,85449.0,2019-03-05,252.0,-1.6200%,-0.0022,0.4249,0.2324,-0.1246,1.9700%,2.0345%,6.2458%,-0.015191,FDP,-0.2254799999999999,-0.2141449999999999,-0.2253929999999999,-0.218185,-0.264999
19987,FRESH DEL MONTE PRODUCE INC,"Fresh Del Monte Produce Q4 Adj. EPS $(0.43) May Not Compare To $0.12 Estimate, Sales $1.045B Miss $1.15B Estimate",6,decrease,0.8,0.7,the significant miss in both adjusted eps and sales compared to estimates is likely to lead to negative investor sentiment and a decrease in stock price.,0,2019-02-19,FDP,2019-02-19 11:09:00+00:00,85449.0,G3673810,-0.1706417351961136,1113690.0,-0.0513522773981094,0.0229451321065425,0.0101046804338693,-0.0109164332970976,-0.0042872074991464,0.0057786987163126,-0.0060997512191534,0.021546620875597,0.0115523356944322,0.0065359841100871,0.011420402675867,0.0440446063876152,-0.023288631811738,-0.0043236375786364,-0.0274566560983657,-0.0046110581606626,0.0089152958244085,0.0080569665879011,-0.0162003152072429,0.0081225289031863,-0.0183383151888847,0.000938048120588,-0.0182996392250061,0.0139504950493574,-0.0007767167990095,0.0128452647477388,0.0198212303221225,0.0080932341516017,0.0041920966468751,0.0003238416102249,0.0178367849439382,0.0078328913077712,0.014541364274919,0.0059093995951116,0.0231532920151948,-0.0006561829941347,0.0075430707074701,0.0086035812273621,-0.0081996275112032,0.0,-0.0287562627345323,0.0036532282829284,0.0051813246682286,0.0003322335251141,-0.0173048339784145,-0.0043003363534808,-0.0052454588003456,-0.0175495911389589,0.0271186903119087,-0.0009739863453432,-0.0036670472472906,0.0134912757202982,-0.0040486054494977,0.0157085340470075,-0.0011086023878306,0.0023450483568012,0.0088790142908692,0.0132383340969681,-0.0227356366813182,0.0034059425815939,-0.0116322506219148,0.0367231965065002,0.0132877891883254,0.0017686323262751,0.0086174421012401,0.0031937598250806,0.0055720512755215,-0.0003547438245732,-0.01920947432518,-0.0143356584012508,-0.0056497030891478,0.0310021843761205,-0.007575714495033,0.0153733557090163,0.0053434879519045,-0.0716955661773681,0.0003796594101004,-0.0147305158898234,0.0056925849057734,-0.0292492564767599,0.0075471987947821,-0.0429238267242908,0.0037452611140906,-0.0107691837474703,-0.0111940018832683,-0.0243170615285635,0.0215094219893217,0.0066485712304711,0.0033247193787246,0.021927086636424,-0.0058910106308758,0.011875033378601,0.0277777779847383,-0.0059024118818342,0.0252252519130706,0.0068814298138022,0.0372583270072937,0.0088355559855699,-0.0023720669560134,-0.0411497354507446,-0.0329484120011329,-0.0178306773304939,-0.0021074628457427,0.0144710093736648,0.0207673404365778,0.0045426320284605,-0.0086206896230578,0.078732430934906,-0.0024347719736397,0.0062459083274006,-0.0013947320403531,0.002967364154756,-0.0020949535537511,-0.013016584329307,-0.0185444615781307,0.0108552612364292,0.0213903877884149,0.0225361622869968,0.0258289631456136,-0.0194591078907251,-0.0513522773981094,0.0229451321065425,-0.0417664953168993,0.0117782198053106,-0.0458746411841101,0.0176249813052926,-0.0407394258192862,0.0463458521479402,-0.0852447742191858,0.1002812581845127,-0.0876412019888329,0.1995912996575417,0.0061622783018104,0.1616095507647743,2019-02-20,2019-02-21,2019-02-22,2019-02-25,2019-02-26,2019-02-27,2019-02-28,2019-03-01,2019-03-04,2019-03-05,85449.0,2019-02-19,252.0,-17.0642%,-0.0018,0.407,0.3759,-0.1058,1.9852%,2.0516%,6.3771%,-0.17301,FDP,85449.0,2019-02-20,252.0,-5.1352%,-0.002,0.3926,0.3426,-0.1574,2.0103%,2.0753%,6.1627%,-0.0524699999999999,FDP,85449.0,2019-02-21,252.0,1.0105%,-0.0019,0.3825,0.3248,-0.1761,2.0083%,2.0716%,6.0180%,0.011335,FDP,85449.0,2019-02-22,252.0,-0.4287%,-0.002,0.385,0.2928,-0.1754,2.0042%,2.0668%,5.9645%,-0.011248,FDP,85449.0,2019-02-25,252.0,-0.6100%,-0.0023,0.3923,0.3021,-0.1434,1.9655%,2.0284%,6.1134%,-0.006332,FDP,85449.0,2019-02-26,252.0,1.1552%,-0.0021,0.4102,0.2629,-0.1499,1.9552%,2.0212%,6.4266%,0.01354,FDP,85449.0,2019-02-27,252.0,1.1420%,-0.002,0.4162,0.2558,-0.1489,1.9550%,2.0220%,6.5165%,0.0102719999999999,FDP,85449.0,2019-02-28,252.0,-2.3289%,-0.0021,0.4228,0.2596,-0.1393,1.9591%,2.0266%,6.5476%,-0.022522,FDP,85449.0,2019-03-01,252.0,-2.7457%,-0.0022,0.4181,0.2526,-0.1328,1.9680%,2.0329%,6.2850%,-0.031901,FDP,85449.0,2019-03-04,252.0,0.8915%,-0.0022,0.4227,0.2241,-0.1309,1.9683%,2.0329%,6.2569%,0.012528,FDP,85449.0,2019-03-05,252.0,-1.6200%,-0.0022,0.4249,0.2324,-0.1246,1.9700%,2.0345%,6.2458%,-0.015191,FDP,-0.2254799999999999,-0.2141449999999999,-0.2253929999999999,-0.218185,-0.264999
19995,FIRSTENERGY CORP,"FirstEnergy Q4 EPS $0.50 Beats $0.47 Estimate, Sales $2.71B Miss $2.72B Estimate",6,uncertain,0.6,0.3,"while firstenergy's eps beat estimates, the sales miss could create mixed reactions among investors, leading to uncertainty in stock price movement.",1,2019-02-19,FE,2019-02-19 22:01:00+00:00,23026.0,33793210,0.0002525466261431,4519429.0,-0.0002524828887544,0.0035487804561853,0.011619072407484,-0.0015185411320999,0.0167291387915611,-0.0002530904894229,-0.0071218297816812,0.0043202540837228,0.0086569003760814,-0.003545282408595,-0.0014712496194988,0.004578995052725,0.0007367086946032,0.0168132837861776,0.0036810189485549,0.0090462965890765,-0.0039119767025113,0.0038920007646083,-0.0078547736629843,-0.0061887023039162,0.0074221440590918,-0.0107143362984061,0.0014734173892065,0.0116129228845238,0.0026974156498909,0.0049273502081632,0.0114942826330661,-0.0007773718098178,0.0053191785700619,-0.0051559875719249,0.0009619311895221,-0.0124744875356555,-0.0098510300740599,-0.0022860085591673,0.0004853302089031,0.0159999728202819,0.0002425936545478,-0.0030871864873915,-0.0201261341571807,0.0041332952678203,0.0044543505646288,0.0059771193191409,0.0160138346254825,0.0094438781961798,0.0128515698015689,0.0031578666530549,0.0021546601783484,-0.0096429223194718,0.0033444669097661,-0.0054433098994195,-0.0066666374914348,0.0166008174419403,-0.0076701748184859,-0.0060240845195949,0.0050724414177238,0.0143464645370841,-0.0038452257867902,0.0126446392387151,-0.0026538143865764,0.0125306211411953,-0.0060474118217825,-0.0002723893267102,-0.0401557944715023,-0.0221038088202476,0.0387931689620018,0.0077831703238189,-0.0134245306253433,0.0062111681327223,0.0106383059173822,0.0117486426606774,-0.0004895139136351,0.0212053097784519,0.0093068145215511,-0.0363000407814979,0.0038825492374598,-0.0056150504387915,-0.0021754931658506,0.001070688245818,-0.0198643337935209,-0.007175138220191,-0.0056846155785024,-0.0023860060609877,0.0067114210687577,-0.0357872620224952,0.0022222260013222,-0.0081135826185345,0.0036955291870981,0.0053530228324234,0.0029454817995429,-0.0095935640856623,0.0070974281989037,0.0017703513149172,0.0080193923786282,0.0079021509736776,-0.0028929347172379,0.0038382217753678,0.0161991827189922,0.0137484464794397,-0.0019033552380278,-0.001036561676301,0.0004767689388245,0.0200898312032222,0.0126280384138226,0.0183041803538799,-0.0051764347590506,-0.0119680045172572,0.0031025595963001,-0.0076537588611245,-0.0140375960618257,0.0053064678795635,-0.0019304541638121,0.0050666299648582,0.0186170320957899,0.005361950956285,0.0075955302454531,-0.0171278398483991,-0.0082450481131672,-0.0153087740764021,-0.0064132222905755,-0.0059324102476239,-0.0002524828887544,0.0035487804561853,0.0113636559017635,0.002024850354994,0.0282828988700849,0.0017712473952038,0.029797989015208,0.0025322480867413,0.0207070643732958,0.0309216774466858,0.0439394387358749,0.0890531846192173,0.0658931461225051,0.0311875429562822,2019-02-20,2019-02-21,2019-02-22,2019-02-25,2019-02-26,2019-02-27,2019-02-28,2019-03-01,2019-03-04,2019-03-05,23026.0,2019-02-19,252.0,0.0253%,0.0008,0.1704,-0.3691,-0.204,1.0680%,1.1073%,6.9594%,0.001562,FE,23026.0,2019-02-20,252.0,-0.0252%,0.0008,0.1698,-0.374,-0.2072,1.0668%,1.1065%,7.0509%,0.001258,FE,23026.0,2019-02-21,252.0,1.1619%,0.0009,0.1642,-0.383,-0.2175,1.0675%,1.1074%,7.0874%,0.011409,FE,23026.0,2019-02-22,252.0,1.6729%,0.0009,0.1623,-0.3828,-0.2396,1.0708%,1.1118%,7.2405%,0.014471,FE,23026.0,2019-02-25,252.0,-0.7122%,0.0009,0.1627,-0.3776,-0.2353,1.0723%,1.1127%,7.1215%,-0.008892,FE,23026.0,2019-02-26,252.0,0.8657%,0.0008,0.1488,-0.3707,-0.2423,1.0640%,1.1018%,6.7425%,0.005624,FE,23026.0,2019-02-27,252.0,-0.1471%,0.0008,0.1525,-0.3779,-0.2417,1.0628%,1.1015%,6.9124%,-0.001292,FE,23026.0,2019-02-28,252.0,0.0737%,0.0009,0.1404,-0.3862,-0.2504,1.0531%,1.0912%,6.8494%,0.000581,FE,23026.0,2019-03-01,252.0,0.3681%,0.001,0.1291,-0.403,-0.2687,1.0461%,1.0851%,7.0511%,0.0026989999999999,FE,23026.0,2019-03-04,252.0,-0.3912%,0.001,0.1315,-0.4066,-0.2703,1.0463%,1.0855%,7.0938%,-0.003895,FE,23026.0,2019-03-05,252.0,-0.7855%,0.0009,0.1331,-0.4009,-0.2653,1.0484%,1.0869%,6.9600%,-0.0096309999999999,FE,0.00282,0.014229,0.0287,0.025432,0.013894
20003,FIRSTENERGY CORP,FirstEnergy Q4 EPS $0.50 Beats $0.47 Estimate,6,increase,0.8,0.6,"beating earnings estimates typically signals strong performance, which can positively influence investor sentiment and lead to an increase in stock price.",2,2019-02-19,FE,2019-02-19 21:49:00+00:00,23026.0,33793210,0.0002525466261431,4519429.0,-0.0002524828887544,0.0035487804561853,0.011619072407484,-0.0015185411320999,0.0167291387915611,-0.0002530904894229,-0.0071218297816812,0.0043202540837228,0.0086569003760814,-0.003545282408595,-0.0014712496194988,0.004578995052725,0.0007367086946032,0.0168132837861776,0.0036810189485549,0.0090462965890765,-0.0039119767025113,0.0038920007646083,-0.0078547736629843,-0.0061887023039162,0.0074221440590918,-0.0107143362984061,0.0014734173892065,0.0116129228845238,0.0026974156498909,0.0049273502081632,0.0114942826330661,-0.0007773718098178,0.0053191785700619,-0.0051559875719249,0.0009619311895221,-0.0124744875356555,-0.0098510300740599,-0.0022860085591673,0.0004853302089031,0.0159999728202819,0.0002425936545478,-0.0030871864873915,-0.0201261341571807,0.0041332952678203,0.0044543505646288,0.0059771193191409,0.0160138346254825,0.0094438781961798,0.0128515698015689,0.0031578666530549,0.0021546601783484,-0.0096429223194718,0.0033444669097661,-0.0054433098994195,-0.0066666374914348,0.0166008174419403,-0.0076701748184859,-0.0060240845195949,0.0050724414177238,0.0143464645370841,-0.0038452257867902,0.0126446392387151,-0.0026538143865764,0.0125306211411953,-0.0060474118217825,-0.0002723893267102,-0.0401557944715023,-0.0221038088202476,0.0387931689620018,0.0077831703238189,-0.0134245306253433,0.0062111681327223,0.0106383059173822,0.0117486426606774,-0.0004895139136351,0.0212053097784519,0.0093068145215511,-0.0363000407814979,0.0038825492374598,-0.0056150504387915,-0.0021754931658506,0.001070688245818,-0.0198643337935209,-0.007175138220191,-0.0056846155785024,-0.0023860060609877,0.0067114210687577,-0.0357872620224952,0.0022222260013222,-0.0081135826185345,0.0036955291870981,0.0053530228324234,0.0029454817995429,-0.0095935640856623,0.0070974281989037,0.0017703513149172,0.0080193923786282,0.0079021509736776,-0.0028929347172379,0.0038382217753678,0.0161991827189922,0.0137484464794397,-0.0019033552380278,-0.001036561676301,0.0004767689388245,0.0200898312032222,0.0126280384138226,0.0183041803538799,-0.0051764347590506,-0.0119680045172572,0.0031025595963001,-0.0076537588611245,-0.0140375960618257,0.0053064678795635,-0.0019304541638121,0.0050666299648582,0.0186170320957899,0.005361950956285,0.0075955302454531,-0.0171278398483991,-0.0082450481131672,-0.0153087740764021,-0.0064132222905755,-0.0059324102476239,-0.0002524828887544,0.0035487804561853,0.0113636559017635,0.002024850354994,0.0282828988700849,0.0017712473952038,0.029797989015208,0.0025322480867413,0.0207070643732958,0.0309216774466858,0.0439394387358749,0.0890531846192173,0.0658931461225051,0.0311875429562822,2019-02-20,2019-02-21,2019-02-22,2019-02-25,2019-02-26,2019-02-27,2019-02-28,2019-03-01,2019-03-04,2019-03-05,23026.0,2019-02-19,252.0,0.0253%,0.0008,0.1704,-0.3691,-0.204,1.0680%,1.1073%,6.9594%,0.001562,FE,23026.0,2019-02-20,252.0,-0.0252%,0.0008,0.1698,-0.374,-0.2072,1.0668%,1.1065%,7.0509%,0.001258,FE,23026.0,2019-02-21,252.0,1.1619%,0.0009,0.1642,-0.383,-0.2175,1.0675%,1.1074%,7.0874%,0.011409,FE,23026.0,2019-02-22,252.0,1.6729%,0.0009,0.1623,-0.3828,-0.2396,1.0708%,1.1118%,7.2405%,0.014471,FE,23026.0,2019-02-25,252.0,-0.7122%,0.0009,0.1627,-0.3776,-0.2353,1.0723%,1.1127%,7.1215%,-0.008892,FE,23026.0,2019-02-26,252.0,0.8657%,0.0008,0.1488,-0.3707,-0.2423,1.0640%,1.1018%,6.7425%,0.005624,FE,23026.0,2019-02-27,252.0,-0.1471%,0.0008,0.1525,-0.3779,-0.2417,1.0628%,1.1015%,6.9124%,-0.001292,FE,23026.0,2019-02-28,252.0,0.0737%,0.0009,0.1404,-0.3862,-0.2504,1.0531%,1.0912%,6.8494%,0.000581,FE,23026.0,2019-03-01,252.0,0.3681%,0.001,0.1291,-0.403,-0.2687,1.0461%,1.0851%,7.0511%,0.0026989999999999,FE,23026.0,2019-03-04,252.0,-0.3912%,0.001,0.1315,-0.4066,-0.2703,1.0463%,1.0855%,7.0938%,-0.003895,FE,23026.0,2019-03-05,252.0,-0.7855%,0.0009,0.1331,-0.4009,-0.2653,1.0484%,1.0869%,6.9600%,-0.0096309999999999,FE,0.00282,0.014229,0.0287,0.025432,0.013894
20011,FRANKLIN ELECTRIC INC,"Franklin Electric Q4 EPS $0.52 Beats $0.49 Estimate, Sales $316.7M Beat $309.68M Estimate",6,increase,0.8,0.7,"the company reported better-than-expected earnings and sales, which typically leads to positive investor sentiment and an increase in stock price.",2,2019-02-19,FELE,2019-02-19 13:02:00+00:00,37568.0,35351410,0.0643700882792472,315908.0,0.0107268691062927,0.0375817045569419,0.009332082234323,0.0006130958208814,-0.0012690300354734,-0.0002042975393123,-0.0059902309440076,0.0126214930787682,-0.012052590958774,0.0176879372447729,-0.0018484006868675,0.0025333068333566,-0.0146296462044119,-0.0184417609125375,0.0124036809429526,-0.0006213003653101,-0.0109522957354784,0.0016594447661191,-0.0093843843787908,0.0062617249786853,-0.0060628969222307,0.0027208260726183,-0.0055280388332903,0.0160059500485658,0.0005750928539782,0.0170331411063671,0.0053639612160623,0.0137705150991678,-0.0142911588773131,-0.0161290317773819,-0.0021264373790472,0.0045365970581769,-0.0038744821213185,0.005430060904473,-0.0087513998150825,-0.0028156219050288,0.0211888961493969,-0.0049569685943424,-0.0061479290015995,0.0175439268350601,-0.006379238795489,0.0135584967210888,0.0128404637798667,-0.000222184928134,-0.0447560846805572,0.004912934731692,-0.0024130088277161,-0.0143077597022056,0.0193509180098772,-0.0063429768197238,-0.0037571410648524,0.0086035598069429,0.0097260391339659,0.0104770669713616,0.0043247733265161,0.0214026067405939,0.0142885018140077,0.0052643520757555,-0.0073330965824425,0.0390011742711067,-0.0001943686220329,-0.0266204047948122,0.0060276370495557,0.0074626794084906,0.0069578043185174,0.0084666181355714,-0.0049903709441423,0.0037771447096019,-0.0453317612409591,0.0092923371121287,0.0189937073737382,0.0487256571650505,0.0009914581896737,-0.0111193666234612,0.0047543914988636,-0.0007407105877064,0.0106466300785541,-0.0036900741979479,0.0101443715393543,-0.0211894363164901,-0.0030899932608008,0.0149071514606475,-0.0009686020785011,0.0014683690387755,-0.0071746935136616,-0.0213173497468233,-0.1011718809604645,-0.0108978701755404,0.0308561101555824,0.0222813785076141,-0.0160202011466026,0.0068276664242148,0.0175664033740758,0.0049006845802068,0.014315796084702,-0.0262466836720705,0.0141137465834617,-0.0191902574151754,-0.0070610251277685,-0.0592249818146228,-0.0037213212344795,0.003756865626201,0.0249014478176832,0.0198332443833351,-0.0056691393256187,-0.0254777036607265,-0.0311545263975858,0.0406856872141361,-0.0140815880149602,-0.0106287021189928,0.0046898578293621,0.0132906008511781,-0.0025462072808295,0.0016066030366346,-0.0336098298430442,0.0104360105469822,0.012326686643064,-0.0193314142525196,0.0060882531106472,-0.0261351112276315,0.0107268691062927,0.0375817045569419,0.0201590553652324,0.0382178415638287,0.0188644428830138,0.0380057362135271,0.0005548129716523,0.0696988316395843,-0.0238579791900003,0.0603214258610496,-0.0486406707610408,0.211751847449102,-0.1416921516465276,0.1285528823292228,2019-02-20,2019-02-21,2019-02-22,2019-02-25,2019-02-26,2019-02-27,2019-02-28,2019-03-01,2019-03-04,2019-03-05,37568.0,2019-02-19,252.0,6.4370%,0.0009,1.2601,1.1882,0.63,1.4140%,1.9600%,47.9505%,0.056772,FELE,37568.0,2019-02-20,252.0,1.0727%,0.0009,1.2603,1.1881,0.6306,1.4140%,1.9604%,47.9752%,0.002154,FELE,37568.0,2019-02-21,252.0,0.9332%,0.0013,1.2239,1.1172,0.5637,1.2945%,1.8463%,50.8414%,0.016177,FELE,37568.0,2019-02-22,252.0,-0.1269%,0.0012,1.2261,1.0896,0.5651,1.2900%,1.8403%,50.8653%,-0.0071819999999999,FELE,37568.0,2019-02-25,252.0,-0.5990%,0.0012,1.2244,1.0906,0.5594,1.2872%,1.8381%,50.9566%,-0.004079,FELE,37568.0,2019-02-26,252.0,-1.2053%,0.0012,1.2251,1.0936,0.5615,1.2873%,1.8381%,50.9473%,-0.001367,FELE,37568.0,2019-02-27,252.0,-0.1848%,0.0012,1.2214,1.0985,0.5608,1.2868%,1.8354%,50.8477%,-0.004455,FELE,37568.0,2019-02-28,252.0,-1.4630%,0.0011,1.2245,1.1003,0.5656,1.2886%,1.8355%,50.7141%,-0.0097609999999999,FELE,37568.0,2019-03-01,252.0,1.2404%,0.0012,1.2094,1.0778,0.5416,1.2786%,1.8145%,50.3409%,0.002569,FELE,37568.0,2019-03-04,252.0,-1.0952%,0.0012,1.2128,1.0699,0.5399,1.2782%,1.8161%,50.4613%,-0.002554,FELE,37568.0,2019-03-05,252.0,-0.9384%,0.0012,1.2147,1.0823,0.5428,1.2780%,1.8156%,50.4549%,-0.0028,FELE,0.058926,0.075103,0.067921,0.062475,0.045474
20019,FIVE 9 INC,"Five9 Sees Q1 EPS $0.11-$0.13 vs $0.12 Estimate, Sales $70M-$71M vs $68.9M Est.; FY9 Adj. EPS $0.58-$0.62 vs $0.59 Est., Sales $298.5M-$301.5M vs $296.3M Est.",6,increase,0.8,0.6,"the company reported better-than-expected sales and earnings per share for both q1 and the full year, which typically signals positive performance and can lead to an increase in stock price.",2,2019-02-19,FIVN,2019-02-19 21:35:00+00:00,14596.0,33830710,0.0012905547628179,1239742.0,-0.0522923953831195,0.0224317144602537,0.0157372746616601,-0.0139405205845832,0.0137720210477709,0.0001858769537648,0.0067924642935395,0.0306572578847408,0.0041229613125324,-0.0137943988665938,0.0050391308031976,0.023201797157526,-0.0150417378172278,0.0025198888033628,0.0314856357872486,-0.012820478528738,-0.0402120426297187,0.000957656360697,-0.009712403640151,0.0124103045091033,-0.0251923333853483,0.0086054885759949,0.0122312642633914,0.035439446568489,0.0128629859536886,0.0391414277255535,0.0292476508766412,-0.0126740206032991,0.0074779903516173,-0.0066047408618032,0.0103915641084313,0.0462103076279163,-0.0025711548514664,-0.0053694155067205,0.0022095181047916,-0.0006438887794502,0.0090023493394255,-0.005973944440484,0.0029133951757103,-0.0088814124464988,0.003812619484961,0.032082088291645,0.0217037573456764,0.0041638971306383,-0.0550540015101432,0.0260849967598915,-0.0048707779496908,-0.0411815382540226,0.0165662858635187,-0.0136112160980701,-0.0368518829345703,0.0114002749323844,0.0188425946980714,-0.0095866415649652,-0.0030194346327334,0.0228807851672172,-0.0215787086635828,0.0792567953467369,0.0137357888743281,0.0375793315470218,-0.0020992481149733,-0.0378023162484169,-0.047810286283493,-0.025846317410469,-0.0060252910479903,0.0118028735741972,-0.01394225936383,0.0046500992029905,0.0094262110069394,0.0115239387378096,0.0255786068737506,0.0830362290143966,0.0095011787489056,-0.001525975880213,0.0254901815205812,-0.0327183715999126,-0.0074569676071405,-0.052005585283041,-0.0098246643319725,0.0127539187669754,-0.0305447410792112,0.0392734035849571,-0.0056191566400229,-0.0311533305794,0.0213925614953041,-0.043883591890335,0.0239083003252744,-0.0013624290004372,-0.0115785114467144,0.0548503212630748,0.0078094047494232,0.0168046429753303,0.0180162787437439,0.0208851341158151,0.021313015371561,-0.0266214534640312,-0.0111794015392661,0.0232788156718015,-0.001884274999611,-0.0543325431644916,-0.0717387795448303,-0.0041977684013545,0.0378279574215412,0.0494371131062507,-0.0005878655938431,-0.0101743740960955,-0.0031372518278658,0.0307116005569696,-0.0161290261894464,0.0095790540799498,0.0013994340552017,0.0464257001876831,0.0009981880430132,0.0152651229873299,-0.0522536672651767,0.0297849383205175,0.0195707138627767,-0.0562207177281379,0.0144478995352983,-0.1058878973126411,-0.0522923953831195,0.0224317144602537,-0.0373780605103196,0.0081784840984897,-0.0241208108986216,0.0083658812439653,-0.01344134464691,0.0249433765765176,-0.0425336268317024,0.0517743252030149,-0.0351684723925512,0.3235725352709131,-0.0950101200028283,0.2622760180468522,2019-02-20,2019-02-21,2019-02-22,2019-02-25,2019-02-26,2019-02-27,2019-02-28,2019-03-01,2019-03-04,2019-03-05,14596.0,2019-02-19,252.0,0.1291%,0.0022,1.0664,0.9044,-1.7292,2.5146%,3.2046%,38.4270%,0.0017569999999999,FIVN,14596.0,2019-02-20,252.0,-5.2292%,0.0021,1.0542,0.8835,-1.7711,2.5318%,3.2224%,38.2667%,-0.046898,FIVN,14596.0,2019-02-21,252.0,1.5737%,0.0021,1.0529,0.8841,-1.7735,2.5331%,3.2234%,38.2407%,0.016083,FIVN,14596.0,2019-02-22,252.0,1.3772%,0.002,1.057,0.8724,-1.7361,2.5382%,3.2240%,38.0180%,-0.0241049999999999,FIVN,14596.0,2019-02-25,252.0,0.6792%,0.0015,1.0708,0.8849,-1.6784,2.4262%,3.1267%,39.7878%,0.00425,FIVN,14596.0,2019-02-26,252.0,0.4123%,0.0017,1.0944,0.8561,-1.6754,2.4126%,3.1224%,40.2980%,0.005861,FIVN,14596.0,2019-02-27,252.0,0.5039%,0.0017,1.0964,0.8522,-1.6751,2.4124%,3.1223%,40.3034%,0.000317,FIVN,14596.0,2019-02-28,252.0,-1.5042%,0.0016,1.104,0.8568,-1.6654,2.4146%,3.1238%,40.2529%,-0.016101,FIVN,14596.0,2019-03-01,252.0,3.1486%,0.0016,1.1259,0.8895,-1.6372,2.4075%,3.1265%,40.7057%,0.014301,FIVN,14596.0,2019-03-04,252.0,-4.0212%,0.0015,1.13,0.8995,-1.6436,2.4130%,3.1382%,40.8742%,-0.024504,FIVN,14596.0,2019-03-05,252.0,-0.9712%,0.0014,1.1303,0.8951,-1.6395,2.4136%,3.1327%,40.6406%,-0.009038,FIVN,-0.045141,-0.029058,-0.053163,-0.043052,-0.078077
20027,FIVE 9 INC,"Five9 Q4 EPS $0.23 Beats $0.14 Estimate, Sales $72.335M Beat $66.51M Estimate",6,increase,0.8,0.6,"the earnings per share and sales figures both exceeded analyst estimates, which typically signals positive performance and can lead to an increase in stock price.",2,2019-02-19,FIVN,2019-02-19 21:34:00+00:00,14596.0,33830710,0.0012905547628179,1239742.0,-0.0522923953831195,0.0224317144602537,0.0157372746616601,-0.0139405205845832,0.0137720210477709,0.0001858769537648,0.0067924642935395,0.0306572578847408,0.0041229613125324,-0.0137943988665938,0.0050391308031976,0.023201797157526,-0.0150417378172278,0.0025198888033628,0.0314856357872486,-0.012820478528738,-0.0402120426297187,0.000957656360697,-0.009712403640151,0.0124103045091033,-0.0251923333853483,0.0086054885759949,0.0122312642633914,0.035439446568489,0.0128629859536886,0.0391414277255535,0.0292476508766412,-0.0126740206032991,0.0074779903516173,-0.0066047408618032,0.0103915641084313,0.0462103076279163,-0.0025711548514664,-0.0053694155067205,0.0022095181047916,-0.0006438887794502,0.0090023493394255,-0.005973944440484,0.0029133951757103,-0.0088814124464988,0.003812619484961,0.032082088291645,0.0217037573456764,0.0041638971306383,-0.0550540015101432,0.0260849967598915,-0.0048707779496908,-0.0411815382540226,0.0165662858635187,-0.0136112160980701,-0.0368518829345703,0.0114002749323844,0.0188425946980714,-0.0095866415649652,-0.0030194346327334,0.0228807851672172,-0.0215787086635828,0.0792567953467369,0.0137357888743281,0.0375793315470218,-0.0020992481149733,-0.0378023162484169,-0.047810286283493,-0.025846317410469,-0.0060252910479903,0.0118028735741972,-0.01394225936383,0.0046500992029905,0.0094262110069394,0.0115239387378096,0.0255786068737506,0.0830362290143966,0.0095011787489056,-0.001525975880213,0.0254901815205812,-0.0327183715999126,-0.0074569676071405,-0.052005585283041,-0.0098246643319725,0.0127539187669754,-0.0305447410792112,0.0392734035849571,-0.0056191566400229,-0.0311533305794,0.0213925614953041,-0.043883591890335,0.0239083003252744,-0.0013624290004372,-0.0115785114467144,0.0548503212630748,0.0078094047494232,0.0168046429753303,0.0180162787437439,0.0208851341158151,0.021313015371561,-0.0266214534640312,-0.0111794015392661,0.0232788156718015,-0.001884274999611,-0.0543325431644916,-0.0717387795448303,-0.0041977684013545,0.0378279574215412,0.0494371131062507,-0.0005878655938431,-0.0101743740960955,-0.0031372518278658,0.0307116005569696,-0.0161290261894464,0.0095790540799498,0.0013994340552017,0.0464257001876831,0.0009981880430132,0.0152651229873299,-0.0522536672651767,0.0297849383205175,0.0195707138627767,-0.0562207177281379,0.0144478995352983,-0.1058878973126411,-0.0522923953831195,0.0224317144602537,-0.0373780605103196,0.0081784840984897,-0.0241208108986216,0.0083658812439653,-0.01344134464691,0.0249433765765176,-0.0425336268317024,0.0517743252030149,-0.0351684723925512,0.3235725352709131,-0.0950101200028283,0.2622760180468522,2019-02-20,2019-02-21,2019-02-22,2019-02-25,2019-02-26,2019-02-27,2019-02-28,2019-03-01,2019-03-04,2019-03-05,14596.0,2019-02-19,252.0,0.1291%,0.0022,1.0664,0.9044,-1.7292,2.5146%,3.2046%,38.4270%,0.0017569999999999,FIVN,14596.0,2019-02-20,252.0,-5.2292%,0.0021,1.0542,0.8835,-1.7711,2.5318%,3.2224%,38.2667%,-0.046898,FIVN,14596.0,2019-02-21,252.0,1.5737%,0.0021,1.0529,0.8841,-1.7735,2.5331%,3.2234%,38.2407%,0.016083,FIVN,14596.0,2019-02-22,252.0,1.3772%,0.002,1.057,0.8724,-1.7361,2.5382%,3.2240%,38.0180%,-0.0241049999999999,FIVN,14596.0,2019-02-25,252.0,0.6792%,0.0015,1.0708,0.8849,-1.6784,2.4262%,3.1267%,39.7878%,0.00425,FIVN,14596.0,2019-02-26,252.0,0.4123%,0.0017,1.0944,0.8561,-1.6754,2.4126%,3.1224%,40.2980%,0.005861,FIVN,14596.0,2019-02-27,252.0,0.5039%,0.0017,1.0964,0.8522,-1.6751,2.4124%,3.1223%,40.3034%,0.000317,FIVN,14596.0,2019-02-28,252.0,-1.5042%,0.0016,1.104,0.8568,-1.6654,2.4146%,3.1238%,40.2529%,-0.016101,FIVN,14596.0,2019-03-01,252.0,3.1486%,0.0016,1.1259,0.8895,-1.6372,2.4075%,3.1265%,40.7057%,0.014301,FIVN,14596.0,2019-03-04,252.0,-4.0212%,0.0015,1.13,0.8995,-1.6436,2.4130%,3.1382%,40.8742%,-0.024504,FIVN,14596.0,2019-03-05,252.0,-0.9712%,0.0014,1.1303,0.8951,-1.6395,2.4136%,3.1327%,40.6406%,-0.009038,FIVN,-0.045141,-0.029058,-0.053163,-0.043052,-0.078077
20035,FIVE 9 INC,"Five9 Sees Q1 Adj. EPS $0.11-$0.13 vs $0.12 Est., Sales $70M-$71M vs $68.86M Est., Sees FY19 Adj. EPS $0.58-$0.62 vs $0.69 Est., Sales $298.5M-$301.5M vs $296.28M Est.",6,uncertain,0.6,0.3,"while five9's q1 sales and eps guidance slightly beat estimates, the fy19 eps guidance falls short, creating mixed signals that could lead to uncertainty in stock price movement.",1,2019-02-19,FIVN,2019-02-19 21:32:00+00:00,14596.0,33830710,0.0012905547628179,1239742.0,-0.0522923953831195,0.0224317144602537,0.0157372746616601,-0.0139405205845832,0.0137720210477709,0.0001858769537648,0.0067924642935395,0.0306572578847408,0.0041229613125324,-0.0137943988665938,0.0050391308031976,0.023201797157526,-0.0150417378172278,0.0025198888033628,0.0314856357872486,-0.012820478528738,-0.0402120426297187,0.000957656360697,-0.009712403640151,0.0124103045091033,-0.0251923333853483,0.0086054885759949,0.0122312642633914,0.035439446568489,0.0128629859536886,0.0391414277255535,0.0292476508766412,-0.0126740206032991,0.0074779903516173,-0.0066047408618032,0.0103915641084313,0.0462103076279163,-0.0025711548514664,-0.0053694155067205,0.0022095181047916,-0.0006438887794502,0.0090023493394255,-0.005973944440484,0.0029133951757103,-0.0088814124464988,0.003812619484961,0.032082088291645,0.0217037573456764,0.0041638971306383,-0.0550540015101432,0.0260849967598915,-0.0048707779496908,-0.0411815382540226,0.0165662858635187,-0.0136112160980701,-0.0368518829345703,0.0114002749323844,0.0188425946980714,-0.0095866415649652,-0.0030194346327334,0.0228807851672172,-0.0215787086635828,0.0792567953467369,0.0137357888743281,0.0375793315470218,-0.0020992481149733,-0.0378023162484169,-0.047810286283493,-0.025846317410469,-0.0060252910479903,0.0118028735741972,-0.01394225936383,0.0046500992029905,0.0094262110069394,0.0115239387378096,0.0255786068737506,0.0830362290143966,0.0095011787489056,-0.001525975880213,0.0254901815205812,-0.0327183715999126,-0.0074569676071405,-0.052005585283041,-0.0098246643319725,0.0127539187669754,-0.0305447410792112,0.0392734035849571,-0.0056191566400229,-0.0311533305794,0.0213925614953041,-0.043883591890335,0.0239083003252744,-0.0013624290004372,-0.0115785114467144,0.0548503212630748,0.0078094047494232,0.0168046429753303,0.0180162787437439,0.0208851341158151,0.021313015371561,-0.0266214534640312,-0.0111794015392661,0.0232788156718015,-0.001884274999611,-0.0543325431644916,-0.0717387795448303,-0.0041977684013545,0.0378279574215412,0.0494371131062507,-0.0005878655938431,-0.0101743740960955,-0.0031372518278658,0.0307116005569696,-0.0161290261894464,0.0095790540799498,0.0013994340552017,0.0464257001876831,0.0009981880430132,0.0152651229873299,-0.0522536672651767,0.0297849383205175,0.0195707138627767,-0.0562207177281379,0.0144478995352983,-0.1058878973126411,-0.0522923953831195,0.0224317144602537,-0.0373780605103196,0.0081784840984897,-0.0241208108986216,0.0083658812439653,-0.01344134464691,0.0249433765765176,-0.0425336268317024,0.0517743252030149,-0.0351684723925512,0.3235725352709131,-0.0950101200028283,0.2622760180468522,2019-02-20,2019-02-21,2019-02-22,2019-02-25,2019-02-26,2019-02-27,2019-02-28,2019-03-01,2019-03-04,2019-03-05,14596.0,2019-02-19,252.0,0.1291%,0.0022,1.0664,0.9044,-1.7292,2.5146%,3.2046%,38.4270%,0.0017569999999999,FIVN,14596.0,2019-02-20,252.0,-5.2292%,0.0021,1.0542,0.8835,-1.7711,2.5318%,3.2224%,38.2667%,-0.046898,FIVN,14596.0,2019-02-21,252.0,1.5737%,0.0021,1.0529,0.8841,-1.7735,2.5331%,3.2234%,38.2407%,0.016083,FIVN,14596.0,2019-02-22,252.0,1.3772%,0.002,1.057,0.8724,-1.7361,2.5382%,3.2240%,38.0180%,-0.0241049999999999,FIVN,14596.0,2019-02-25,252.0,0.6792%,0.0015,1.0708,0.8849,-1.6784,2.4262%,3.1267%,39.7878%,0.00425,FIVN,14596.0,2019-02-26,252.0,0.4123%,0.0017,1.0944,0.8561,-1.6754,2.4126%,3.1224%,40.2980%,0.005861,FIVN,14596.0,2019-02-27,252.0,0.5039%,0.0017,1.0964,0.8522,-1.6751,2.4124%,3.1223%,40.3034%,0.000317,FIVN,14596.0,2019-02-28,252.0,-1.5042%,0.0016,1.104,0.8568,-1.6654,2.4146%,3.1238%,40.2529%,-0.016101,FIVN,14596.0,2019-03-01,252.0,3.1486%,0.0016,1.1259,0.8895,-1.6372,2.4075%,3.1265%,40.7057%,0.014301,FIVN,14596.0,2019-03-04,252.0,-4.0212%,0.0015,1.13,0.8995,-1.6436,2.4130%,3.1382%,40.8742%,-0.024504,FIVN,14596.0,2019-03-05,252.0,-0.9712%,0.0014,1.1303,0.8951,-1.6395,2.4136%,3.1327%,40.6406%,-0.009038,FIVN,-0.045141,-0.029058,-0.053163,-0.043052,-0.078077
20043,FIVE 9 INC,"Five9 Q4 Adj. EPS $0.23 Beats $0.14 Estimate, Sales $72.335M Beat $66.51M Estimate",6,increase,0.8,0.7,"the company reported better-than-expected earnings and sales, which typically boosts investor confidence and can lead to an increase in stock price.",2,2019-02-19,FIVN,2019-02-19 21:30:00+00:00,14596.0,33830710,0.0012905547628179,1239742.0,-0.0522923953831195,0.0224317144602537,0.0157372746616601,-0.0139405205845832,0.0137720210477709,0.0001858769537648,0.0067924642935395,0.0306572578847408,0.0041229613125324,-0.0137943988665938,0.0050391308031976,0.023201797157526,-0.0150417378172278,0.0025198888033628,0.0314856357872486,-0.012820478528738,-0.0402120426297187,0.000957656360697,-0.009712403640151,0.0124103045091033,-0.0251923333853483,0.0086054885759949,0.0122312642633914,0.035439446568489,0.0128629859536886,0.0391414277255535,0.0292476508766412,-0.0126740206032991,0.0074779903516173,-0.0066047408618032,0.0103915641084313,0.0462103076279163,-0.0025711548514664,-0.0053694155067205,0.0022095181047916,-0.0006438887794502,0.0090023493394255,-0.005973944440484,0.0029133951757103,-0.0088814124464988,0.003812619484961,0.032082088291645,0.0217037573456764,0.0041638971306383,-0.0550540015101432,0.0260849967598915,-0.0048707779496908,-0.0411815382540226,0.0165662858635187,-0.0136112160980701,-0.0368518829345703,0.0114002749323844,0.0188425946980714,-0.0095866415649652,-0.0030194346327334,0.0228807851672172,-0.0215787086635828,0.0792567953467369,0.0137357888743281,0.0375793315470218,-0.0020992481149733,-0.0378023162484169,-0.047810286283493,-0.025846317410469,-0.0060252910479903,0.0118028735741972,-0.01394225936383,0.0046500992029905,0.0094262110069394,0.0115239387378096,0.0255786068737506,0.0830362290143966,0.0095011787489056,-0.001525975880213,0.0254901815205812,-0.0327183715999126,-0.0074569676071405,-0.052005585283041,-0.0098246643319725,0.0127539187669754,-0.0305447410792112,0.0392734035849571,-0.0056191566400229,-0.0311533305794,0.0213925614953041,-0.043883591890335,0.0239083003252744,-0.0013624290004372,-0.0115785114467144,0.0548503212630748,0.0078094047494232,0.0168046429753303,0.0180162787437439,0.0208851341158151,0.021313015371561,-0.0266214534640312,-0.0111794015392661,0.0232788156718015,-0.001884274999611,-0.0543325431644916,-0.0717387795448303,-0.0041977684013545,0.0378279574215412,0.0494371131062507,-0.0005878655938431,-0.0101743740960955,-0.0031372518278658,0.0307116005569696,-0.0161290261894464,0.0095790540799498,0.0013994340552017,0.0464257001876831,0.0009981880430132,0.0152651229873299,-0.0522536672651767,0.0297849383205175,0.0195707138627767,-0.0562207177281379,0.0144478995352983,-0.1058878973126411,-0.0522923953831195,0.0224317144602537,-0.0373780605103196,0.0081784840984897,-0.0241208108986216,0.0083658812439653,-0.01344134464691,0.0249433765765176,-0.0425336268317024,0.0517743252030149,-0.0351684723925512,0.3235725352709131,-0.0950101200028283,0.2622760180468522,2019-02-20,2019-02-21,2019-02-22,2019-02-25,2019-02-26,2019-02-27,2019-02-28,2019-03-01,2019-03-04,2019-03-05,14596.0,2019-02-19,252.0,0.1291%,0.0022,1.0664,0.9044,-1.7292,2.5146%,3.2046%,38.4270%,0.0017569999999999,FIVN,14596.0,2019-02-20,252.0,-5.2292%,0.0021,1.0542,0.8835,-1.7711,2.5318%,3.2224%,38.2667%,-0.046898,FIVN,14596.0,2019-02-21,252.0,1.5737%,0.0021,1.0529,0.8841,-1.7735,2.5331%,3.2234%,38.2407%,0.016083,FIVN,14596.0,2019-02-22,252.0,1.3772%,0.002,1.057,0.8724,-1.7361,2.5382%,3.2240%,38.0180%,-0.0241049999999999,FIVN,14596.0,2019-02-25,252.0,0.6792%,0.0015,1.0708,0.8849,-1.6784,2.4262%,3.1267%,39.7878%,0.00425,FIVN,14596.0,2019-02-26,252.0,0.4123%,0.0017,1.0944,0.8561,-1.6754,2.4126%,3.1224%,40.2980%,0.005861,FIVN,14596.0,2019-02-27,252.0,0.5039%,0.0017,1.0964,0.8522,-1.6751,2.4124%,3.1223%,40.3034%,0.000317,FIVN,14596.0,2019-02-28,252.0,-1.5042%,0.0016,1.104,0.8568,-1.6654,2.4146%,3.1238%,40.2529%,-0.016101,FIVN,14596.0,2019-03-01,252.0,3.1486%,0.0016,1.1259,0.8895,-1.6372,2.4075%,3.1265%,40.7057%,0.014301,FIVN,14596.0,2019-03-04,252.0,-4.0212%,0.0015,1.13,0.8995,-1.6436,2.4130%,3.1382%,40.8742%,-0.024504,FIVN,14596.0,2019-03-05,252.0,-0.9712%,0.0014,1.1303,0.8951,-1.6395,2.4136%,3.1327%,40.6406%,-0.009038,FIVN,-0.045141,-0.029058,-0.053163,-0.043052,-0.078077
20051,FLOWERS FOODS INC,"Flowers Foods Reports Pres, CEO Allen Shiver To Retire; COO Ryals McMullian Named Replacement At Pres, CEO",6,uncertain,0.6,0.3,"leadership changes can lead to uncertainty in a company's direction, which may affect investor confidence and stock price unpredictably.",1,2019-02-19,FLO,2019-02-19 13:08:00+00:00,88924.0,34349810,0.0096478899940848,992618.0,0.0023888789582997,-0.0004821711045224,0.0009533106931485,0.005332070402801,0.0028571174480021,0.0009703323594294,-0.0142449783161282,0.02282883413136,-0.0115606822073459,0.0161371510475873,0.005360560491681,-0.0241141617298126,0.0009694697218947,0.0221328251063823,0.0073278713971376,-0.0069930716417729,-0.0169738288968801,0.0167597718536853,0.0034533641301095,0.0040795472450554,-0.0034414795227348,-0.0025431963149458,-0.0009867023909464,0.0255607608705759,0.0044444520026445,-0.0026014172472059,0.0019665195140987,-0.0010395247954875,-0.0053973849862813,-0.0005194924306124,0.0009867023909464,-0.0056818495504558,-0.0093642445281147,-0.0177574064582586,0.0124378111213445,0.0005075290100648,-0.0019656468648463,0.0045895026996731,0.0,0.004610663279891,-0.0083702653646469,0.0129735339432954,0.0188679788261652,-0.0102721555158495,0.0112085547298193,0.0130072841420769,0.0067469584755599,-0.0036289060954004,0.0076591600663959,0.0099476715549826,0.0066508930176496,0.0181236751377582,0.0042472933419048,-0.0079322904348373,0.0018796526128426,0.0074586779810488,-0.0060975216329097,0.003206914756447,-0.0089665185660123,0.0080818766728043,0.0033333187457174,0.0108931837603449,0.0,-0.0059555335901677,0.0052207219414412,0.0098413554951548,0.003304990241304,-0.0021821607369929,-0.0065882066264748,0.007696502842009,0.0137375174090266,0.0128063177689909,-0.0028037133160978,-0.0131869046017527,0.0023429819848388,-0.0183387342840433,0.006545175332576,0.002162211574614,0.0023223054595291,0.0136986300349235,0.0004634026263374,-0.011375899426639,0.0004631879855878,-0.0304622799158096,-0.0078703733161091,-0.025588534772396,0.0009332924382761,0.0015377082163468,0.0004661222046706,0.0108808809891343,-0.0083876233547925,0.0131233604624867,0.013627772219479,-0.0072955335490405,0.0032452340237796,-0.0087809953838586,0.0046210899017751,-0.0207384843379259,-0.012879516929388,0.0174987204372882,0.0023299695458263,-0.018191035836935,0.0041841072961688,0.0025329859927296,0.0,0.0091185411438345,-0.0087963212281465,-0.0050403419882059,0.0004670821654144,0.0143149634823203,0.0056022801436483,-0.0030581739265471,0.0018569640815258,0.0025549894198775,-0.0111213978379964,-0.0297471676021814,-0.0084348786622285,0.0095095364376902,0.0033081141300499,0.0188678689301013,0.0023888789582997,-0.0004821711045224,0.0033444669953037,0.004847328328003,0.0062111399783124,0.0058223642069659,-0.0195890985866546,0.045385760802328,-0.0196437290999463,0.0571136628093895,0.0121672348026511,0.1169181136562831,0.0232528532296869,0.066752998191556,2019-02-20,2019-02-21,2019-02-22,2019-02-25,2019-02-26,2019-02-27,2019-02-28,2019-03-01,2019-03-04,2019-03-05,88924.0,2019-02-19,252.0,0.9648%,0.0002,0.2285,-0.2272,0.1134,1.5397%,1.5609%,2.7011%,0.009471,FLO,88924.0,2019-02-20,252.0,0.2389%,0.0002,0.2269,-0.2401,0.1052,1.5338%,1.5554%,2.7619%,0.001731,FLO,88924.0,2019-02-21,252.0,0.0953%,0.0002,0.221,-0.2518,0.0944,1.5307%,1.5521%,2.7342%,0.001767,FLO,88924.0,2019-02-22,252.0,0.2857%,0.0003,0.2198,-0.2355,0.0955,1.5292%,1.5496%,2.6188%,0.004093,FLO,88924.0,2019-02-25,252.0,-1.4245%,0.0002,0.2204,-0.2273,0.102,1.5320%,1.5522%,2.5779%,-0.015115,FLO,88924.0,2019-02-26,252.0,-1.1561%,0.0001,0.2132,-0.2028,0.109,1.5305%,1.5485%,2.3129%,-0.012426,FLO,88924.0,2019-02-27,252.0,0.5361%,0.0001,0.2155,-0.2053,0.1094,1.5306%,1.5489%,2.3440%,0.005585,FLO,88924.0,2019-02-28,252.0,0.0969%,0.0002,0.2104,-0.2087,0.1053,1.5296%,1.5473%,2.2732%,0.001852,FLO,88924.0,2019-03-01,252.0,0.7328%,0.0002,0.2057,-0.2156,0.0951,1.5289%,1.5462%,2.2281%,0.00675,FLO,88924.0,2019-03-04,252.0,-1.6974%,0.0002,0.2076,-0.2062,0.091,1.5328%,1.5497%,2.1667%,-0.017227,FLO,88924.0,2019-03-05,252.0,0.3453%,0.0001,0.203,-0.2404,0.0865,1.5285%,1.5461%,2.2721%,0.003296,FLO,0.011202,0.012969,0.017062,-0.0104789999999999,-0.0102229999999999
20059,FLEETCOR TECHNOLOGIES INC,"SunTrust Robinson Humphrey Maintains Buy on Fleetcor Technologies, Raises Price Target to $260",6,increase,0.8,0.7,maintaining a 'buy' rating and raising the price target typically signals positive sentiment and potential for stock price appreciation.,2,2019-02-19,FLT,2019-02-19 13:22:00+00:00,12449.0,33904110,0.0090158637613058,703235.0,0.0063254418782889,0.0160997863858938,-0.0076923076994717,0.0050594857893884,0.011871506460011,0.0023300186730921,0.0080112153664231,0.0074565517716109,0.0064709698781371,9.20134989428334e-05,-0.0002157628914574,-0.0038061256054788,0.0068191708996891,0.0628229603171348,0.000214347790461,0.0017086893785744,-0.0054429532028734,0.0139095019549131,-0.003102651098743,-0.0047785663045942,-0.002161320997402,0.0058471234515309,-0.0144688803702592,-0.0039484873414039,0.0014066256117075,0.0255099106580019,0.0132121602073311,-0.0046851015649735,0.0042022322304546,-0.0063573322258889,0.0136755742132663,0.0162275023758411,0.0069370763376355,-0.002131970366463,0.0112848607823252,0.0054098069667816,0.0061854626983404,-0.0120008308440446,0.0005399995134212,0.0296454317867755,-0.0110013661906123,0.0067952699027955,0.0138941258192062,0.0013608714798465,-0.0168915577232837,0.0122390454635024,0.0010106554254889,-0.0013756323605775,0.0144720338284969,-0.0055771735496819,0.0042299255728721,0.0025847456417977,0.005863883998245,0.0113097382709384,0.0123573141172528,0.007633167784661,0.0100166322663426,0.0058937836438417,0.0041757351718842,0.0183920487761497,-0.0005198115832172,-0.0212880466133356,-0.0066007678396999,-0.0009153466089628,0.0080138137564063,0.0121532268822193,0.0022772056981921,-0.0086980042979121,-0.0023916058707982,0.0125820729881525,-0.0005194377736188,0.041595458984375,-0.0009194312733598,-0.005102006252855,0.0058418964035809,-0.0097120692953467,0.0007558375364169,-0.0101689361035823,0.0020669754594564,0.0049140322953462,-0.0036494829691946,0.0045436560176312,0.0009953418048098,0.0076875281520187,0.0042956084944307,-0.0153614655137062,0.0165149047970771,-0.0095915626734495,-0.0012857641559094,-0.0061903675086796,0.0034329597838222,-0.0179157573729753,0.0025269959587603,-0.0056705591268837,0.0091131431981921,-0.0107430880889296,0.0028053608257323,-0.0048451554030179,-0.0129526909440755,-0.032014675438404,-0.0028342236764729,0.0142709920182824,0.0035430761054158,0.0089732958003878,-0.0043452768586575,-0.0065305782482028,-0.0310563892126083,0.0274789836257696,0.0704978629946708,-0.0064550330862402,0.0,0.0265602059662342,-0.009617181494832,-0.0212641544640064,-0.0248075276613235,-0.0010620623361319,0.0293282847851514,-0.0148059111088514,-0.0017005335539579,-0.0355719402432441,0.0063254418782889,0.0160997863858938,-0.0014155230664456,0.0212407288157139,0.0104391790023377,0.0236202387835766,0.0251249278748535,0.0313478052776394,0.0233113144129311,0.1037489374831224,0.1062945011548315,0.2337554799794716,0.1685760351556344,0.1304808513048136,2019-02-20,2019-02-21,2019-02-22,2019-02-25,2019-02-26,2019-02-27,2019-02-28,2019-03-01,2019-03-04,2019-03-05,12449.0,2019-02-19,252.0,0.9016%,0.0003,0.8519,0.1381,-0.3982,1.2096%,1.5923%,42.2969%,0.008114,FLT,12449.0,2019-02-20,252.0,0.6325%,0.0003,0.8526,0.1348,-0.3971,1.2082%,1.5913%,42.3485%,0.006493,FLT,12449.0,2019-02-21,252.0,-0.7692%,0.0002,0.8571,0.1427,-0.3888,1.2075%,1.5920%,42.4702%,-0.005457,FLT,12449.0,2019-02-22,252.0,1.1872%,0.0001,0.8584,0.1097,-0.4029,1.1977%,1.5883%,43.1425%,-0.000299,FLT,12449.0,2019-02-25,252.0,0.8011%,0.0002,0.8584,0.1067,-0.4045,1.1983%,1.5890%,43.1322%,0.0061839999999999,FLT,12449.0,2019-02-26,252.0,0.6471%,0.0002,0.859,0.0965,-0.4092,1.1989%,1.5882%,43.0207%,0.007093,FLT,12449.0,2019-02-27,252.0,-0.0216%,0.0003,0.868,0.0798,-0.4077,1.1919%,1.5866%,43.5689%,-0.001763,FLT,12449.0,2019-02-28,252.0,0.6819%,0.0003,0.8652,0.0782,-0.4117,1.1929%,1.5848%,43.3416%,0.008375,FLT,12449.0,2019-03-01,252.0,0.0214%,0.0003,0.8643,0.0768,-0.4093,1.1940%,1.5840%,43.1841%,-0.007979,FLT,12449.0,2019-03-04,252.0,-0.5443%,0.0003,0.8681,0.0637,-0.4101,1.1928%,1.5845%,43.3252%,0.0008649999999999,FLT,12449.0,2019-03-05,252.0,-0.3103%,0.0002,0.8687,0.0665,-0.4087,1.1930%,1.5839%,43.2715%,-0.002504,FLT,0.0146069999999999,0.0091499999999999,0.0088509999999999,0.0221279999999999,0.0191219999999999
20067,GANNETT CO INC,Gannett Q4 Earnings Preview,6,uncertain,0.5,0.5,the impact of the earnings preview on gannett's stock price is unclear without specific details on expected performance or market sentiment.,1,2019-02-19,GCI,2019-02-19 18:24:00+00:00,14490.0,36472T10,0.0014673150144517,402751.0,0.0109890531748533,0.0156482886523008,-0.0043478566221892,0.0007457292522303,0.0189228691160678,-0.0074019525200128,-0.0164285395294427,0.0082090012729167,-0.0087146572768688,0.0007467718678526,-0.0395604372024536,-0.0037201815284788,0.0160183105617761,-0.0196936875581741,-0.0022522322833538,0.0058694002218544,-0.0240782313048839,-0.0123188458383083,-0.0192752499133348,0.0117301940917968,-0.0180817991495132,-0.00219456711784,-0.0128102358430624,-0.0065407087095081,0.0154096037149429,0.0051132687367498,-0.0107084112241864,0.0155786387622356,0.0133222183212637,0.0052199624478816,-0.0139687815681099,0.0067567685618996,0.0024999778252094,0.0113894930109381,-0.002493743551895,0.0068807457573711,0.0058333077467978,-0.0128301940858364,-0.0165699925273656,-0.0060014948248863,0.0008424792904406,0.0136882364749908,0.0,0.0038167354650795,-0.0345117710530757,0.0015290869632735,-0.0244115684181451,0.00153135554865,-0.0116174407303333,0.0069391019642353,-0.0045208125375211,0.0030935776885598,-0.0154405152425169,0.0157109797000885,-0.0313653275370597,0.0103173935785889,0.0171428862959146,0.0202429145574569,-0.0065543674863874,0.0317460410296917,0.0131951319053769,-0.0204582642763853,0.0083721075206995,0.0561798252165317,0.0147601328790187,0.0087183453142642,-0.0018182233907282,0.0087951086461544,-0.0063752001151442,0.0008803018718026,0.0192483998835086,0.0289854798465967,0.0008993011433631,-0.0221434906125068,-0.0197664201259613,-0.0560200735926628,-0.0064161042682826,-0.0107526974752545,0.0046125636436045,-0.0024752255994826,0.0,0.004975080024451,-0.0174472481012344,-0.0130932768806815,0.0,-0.0089213019236922,0.0074766282923519,-0.0206513293087482,-0.0064934785477817,0.0039872559718787,-0.0177403893321752,-0.0055511258542537,0.0076045552268624,-0.010980418883264,0.0141509072855114,-0.0007837169687263,-0.0055814343504607,-0.0077760056592524,-0.0056126723065972,-0.0330827459692955,-0.0329257175326347,0.0075757866725325,0.0107004484161734,-0.0141897331923246,-0.0028874576091766,0.0120937870815396,-0.0125482743605971,0.007616102695465,0.0029326186049729,-0.0120391156524419,-0.0185185708105564,-0.0067264689132571,0.0297914668917655,0.0128690442070365,-0.0250250250101089,0.0091672940179705,0.0133470343425869,-0.0282108467072248,0.0141844321042299,-0.0167882870882749,0.0109890531748533,0.0156482886523008,0.0065934177250461,0.0164056872911266,0.0256410532217525,0.0088823006527267,-1.5341796721912715e-09,0.0179238063650581,-0.0681318224085431,-0.0007331539280335,-0.1983803164730982,0.1386800205785761,-0.2149445037902384,-0.0051094655096528,2019-02-20,2019-02-21,2019-02-22,2019-02-25,2019-02-26,2019-02-27,2019-02-28,2019-03-01,2019-03-04,2019-03-05,14490.0,2019-02-19,252.0,0.1467%,-0.0003,0.6135,0.7638,0.2959,1.4477%,1.6124%,19.3841%,-0.0029,NEWM,14490.0,2019-02-20,252.0,1.0989%,-0.0002,0.6166,0.7768,0.3087,1.4457%,1.6126%,19.6258%,0.006416,NEWM,14490.0,2019-02-21,252.0,-0.4348%,-0.0002,0.6134,0.7701,0.3027,1.4445%,1.6093%,19.4347%,-0.000913,NEWM,14490.0,2019-02-22,252.0,1.8923%,-0.0001,0.611,0.7781,0.2815,1.4474%,1.6137%,19.5463%,0.015051,NEWM,14490.0,2019-02-25,252.0,-1.6429%,-0.0002,0.612,0.7863,0.2895,1.4496%,1.6164%,19.5801%,-0.014915,NEWM,14490.0,2019-02-26,252.0,-0.8715%,-0.0002,0.6078,0.7926,0.2895,1.4488%,1.6152%,19.5335%,-0.0018479999999999,NEWM,14490.0,2019-02-27,252.0,-3.9560%,-0.0005,0.5996,0.7951,0.2881,1.4681%,1.6297%,18.8517%,-0.0413659999999999,NEWM,14490.0,2019-02-28,252.0,1.6018%,-0.0004,0.5932,0.7913,0.279,1.4725%,1.6307%,18.4535%,0.018338,NEWM,14490.0,2019-03-01,252.0,-0.2252%,-0.0007,0.6417,0.8634,0.3574,1.3780%,1.5676%,22.7258%,-0.007792,NEWM,14490.0,2019-03-04,252.0,-2.4078%,-0.0008,0.6424,0.8773,0.3535,1.3825%,1.5745%,22.9024%,-0.018772,NEWM,14490.0,2019-03-05,252.0,-1.9275%,-0.0008,0.6443,0.8832,0.36,1.3853%,1.5762%,22.7598%,-0.014705,NEWM,0.003516,0.002603,0.017654,0.000891,-0.0634059999999999
20075,GENERAL DYNAMICS CORP,"General Dynamics Reports Its IT Unit Wins $99M IDIQ Contract By FAA For Design, Implementation, Installation, Maintenance Of DVARS",6,increase,0.75,0.6,"the $99m contract from the faa for general dynamics' it unit indicates a significant revenue opportunity, which is likely to positively impact investor sentiment and the stock price.",2,2019-02-19,GD,2019-02-19 19:00:00+00:00,12052.0,36955010,-0.0026250097434967,902428.0,-0.0018880984280258,0.0182452015578746,-0.0161650441586971,-0.007954747416079,0.0053020357154309,0.0041676387190818,0.0034774900414049,0.0107061481103301,-0.0181356091052293,-0.0069137956015765,-0.0038823743816465,-0.0084682367742061,0.0051966747269034,0.0048043634742498,-0.0055222795344889,0.0031354853417724,-0.0149456448853015,-0.0136876432225108,0.0076761543750762,0.0330119021236896,-0.0092840418219566,-0.0125021869316697,-0.0007809508242644,0.0015212363796308,-0.0012023382587358,-0.0289204344153404,0.020284067839384,0.0221267063170671,-0.0043654665350914,0.0056652328930795,0.0174793917685747,0.002341610379517,-0.0124039417132735,0.0119069358333945,0.0011792968725785,0.0095084104686975,0.0110725304111838,-0.0080673899501562,-0.00553385540843,0.0172580294311046,-0.0130622992292046,0.0186430010944604,0.0079529723152518,0.0028197052888572,-0.0234351754188537,-0.0084483036771416,0.0046426830813288,0.004395343363285,0.001680463203229,0.0084959976375103,-0.0020371261052787,0.0095090046525001,0.007204592693597,0.0141181787475943,0.0090605886653065,6.309338641585782e-05,0.0178993307054042,0.0055776736699044,-0.0137542523443698,0.0286888517439365,-0.0128869153559207,-0.0247361026704311,0.0084649669006466,0.0003179682535119,0.0115268481895327,0.0121684223413467,0.0068957922048866,0.0012894031824544,-0.0181660167872905,0.0193861927837133,0.0011822247179225,0.0267187859863042,0.0181850250810384,-0.0151504995301365,0.0204164981842041,-0.026647662743926,-0.0167495161294937,-0.0275489315390586,0.0101163107901811,-0.0234628841280937,0.0045469854958355,-0.0039155669510364,0.0132928853854537,-0.0326685458421707,0.0010177702642977,-0.0119290882721543,0.0301643591374158,-0.0012265314580872,-0.0089927036315202,-0.006095100659877,-0.0213024448603391,0.000406546605518,0.0067277387715876,0.0287967007607221,0.0064019728451967,-0.0212840568274259,-0.0027342529501765,-0.0124725056812167,-0.0130371628329157,-0.0462081544101238,-0.010317999869585,-0.0179565791040659,0.0121440971270203,0.014931115321815,-0.0075273178517818,0.0007691006176173,-0.0278284940868616,0.0189767088741064,-0.0128460964187979,-0.0058434139937162,0.0223424434661865,0.008022035472095,0.0059866243973374,0.0085431085899472,-0.0294083449989557,0.0047180643305182,0.0029763674829155,-0.0192886982113122,-0.0045700292102992,-0.020102659240365,-0.0018880984280258,0.0182452015578746,-0.0180226213922579,0.0101453181718473,-0.0128161422591344,0.0143552389117596,-0.0273486589158888,0.0181269488505959,-0.0386199783846695,0.0367390799447162,-0.0276919352259417,0.1490085158627643,-0.0346840109568018,-0.0373460488306004,2019-02-20,2019-02-21,2019-02-22,2019-02-25,2019-02-26,2019-02-27,2019-02-28,2019-03-01,2019-03-04,2019-03-05,12052.0,2019-02-19,252.0,-0.2625%,-0.001,0.8681,0.1345,0.2034,1.0968%,1.4055%,39.1054%,-0.005338,GD,12052.0,2019-02-20,252.0,-0.1888%,-0.0009,0.8675,0.1355,0.2019,1.0965%,1.4053%,39.1099%,-0.005052,GD,12052.0,2019-02-21,252.0,-1.6165%,-0.001,0.869,0.136,0.2047,1.0988%,1.4073%,39.0381%,-0.012496,GD,12052.0,2019-02-22,252.0,0.5302%,-0.001,0.8685,0.139,0.2015,1.0988%,1.4076%,39.0549%,0.001814,GD,12052.0,2019-02-25,252.0,0.3477%,-0.0009,0.8683,0.137,0.1999,1.0991%,1.4078%,39.0470%,0.002799,GD,12052.0,2019-02-26,252.0,-1.8136%,-0.001,0.876,0.1496,0.212,1.1017%,1.4117%,39.0986%,-0.0153099999999999,GD,12052.0,2019-02-27,252.0,-0.3882%,-0.0011,0.8678,0.163,0.2106,1.0959%,1.4014%,38.8514%,-0.004801,GD,12052.0,2019-02-28,252.0,0.5197%,-0.001,0.8655,0.1618,0.2068,1.0974%,1.4000%,38.5504%,0.008281,GD,12052.0,2019-03-01,252.0,-0.5522%,-0.0011,0.8666,0.1634,0.2133,1.0989%,1.3999%,38.3796%,-0.011486,GD,12052.0,2019-03-04,252.0,-1.4946%,-0.0011,0.8654,0.1762,0.2117,1.1001%,1.3999%,38.2516%,-0.010708,GD,12052.0,2019-03-05,252.0,0.7676%,-0.0011,0.8606,0.1459,0.2041,1.0991%,1.3952%,37.9409%,0.010111,GD,-0.01039,-0.022886,-0.021072,-0.033583,-0.042186
20083,GILEAD SCIENCES INC,Gilead Reports Received Approval In Canada For YESCARTA CAR T Therapy For Adults With Relapsed or Refractory Large B-cell Lymphoma After Two or More Lines of Systemic Therapy,6,increase,0.8,0.6,"the approval of yescarta car t therapy in canada is likely to boost gilead's market position and revenue potential, positively impacting investor sentiment.",2,2019-02-19,GILD,2019-02-19 13:06:00+00:00,77274.0,37555810,-0.0122798383235931,6395902.0,0.0032954046037048,0.0183817017823457,-0.0213496591895818,0.0065210843458771,0.002898471429944,0.0082568945363163,-0.0059324521571397,-0.0328305400907993,-0.0010711506474763,0.002223232993856,0.0044424161314964,0.0028240552637726,-0.0083880284801125,-0.0213818363845348,0.015226169489324,0.0158096887171268,-0.0084836417809128,-0.0338330157101154,-0.0161955319344997,0.0,-0.0228296518325805,0.0005713599966838,-0.0061983377672731,0.0025776929687708,0.0111946389079093,0.0034488504752516,0.0175549071282148,0.0247385147958993,0.0076158768497407,-0.014368618838489,0.0141909327358007,0.0153256841003894,-0.0050189974717795,-0.00571427680552,0.0129649071022868,-0.0043764119036495,-0.0092945396900177,-0.009106638841331,0.0072285640053451,0.007720302324742,-0.013589852489531,0.0149320242926478,0.0049535557627677,-0.0128429261967539,-0.017714075744152,0.0188847091048955,0.0003136342857033,-0.0133509915322065,0.0070543494075536,0.001763708773069,-0.0090286117047071,0.0014718644088134,0.000471234350698,-0.0022028770763427,0.0207254439592361,-0.0068553271703422,0.0133824814110994,0.0045420886017382,0.0054644905030727,0.0459770113229751,0.0063406676054,0.0285309180617332,0.0027001600246876,0.0142286075279116,0.0104728396981954,0.0108273783698678,-0.0023690208327025,-0.0168413985520601,-0.0191451609134674,-0.0044290190562605,0.019821535795927,0.0442682579159736,-0.0161721650511026,-0.033216193318367,-0.0155330840498209,-0.0261275898665189,0.0022978174965828,0.0015577275771647,-0.0136023135855794,-0.0098704416304826,-0.0199876185506582,-0.0042998525314033,-0.0047430708073079,-0.0068628480657935,-0.0171565022319555,-0.026429085060954,0.018910652026534,-0.0032286604400724,-0.0038071330636739,0.006201981101185,0.0213375817984342,0.003407962154597,0.0157468374818563,-0.0096845729276537,-0.0035303661134094,-0.029063981026411,0.0018484712345525,0.0092020034790039,-0.0026137479580938,-0.0184871237725019,0.0066286465153098,-0.0150125352665782,0.0280244126915931,0.0322858355939388,0.0083421003073453,0.0072264773771166,-0.0190574806183576,0.0259489901363849,-0.0049699069932103,0.0074693751521408,0.0009080907911993,0.0052561364136636,-0.0084681324660778,-0.0022475507576018,-0.0213512517511844,-0.0122835850343108,0.014181138947606,-0.0064696725457906,0.0033804734703153,-0.0171964578330516,0.0032954046037048,0.0183817017823457,-0.0181246103510579,0.0250226547559664,-0.0152786725863953,0.0334861587136214,-0.0221690121759537,0.0017784963807843,-0.0355003380606903,-0.0351178682919859,0.0018588239639085,0.0358620113365504,-0.0123582961201816,-0.014999562256962,2019-02-20,2019-02-21,2019-02-22,2019-02-25,2019-02-26,2019-02-27,2019-02-28,2019-03-01,2019-03-04,2019-03-05,77274.0,2019-02-19,252.0,-1.2280%,-0.0007,0.8958,0.0814,0.0107,1.3255%,1.6297%,33.8459%,-0.014437,GILD,77274.0,2019-02-20,252.0,0.3295%,-0.0007,0.8973,0.0894,0.0174,1.3239%,1.6287%,33.9189%,0.001255,GILD,77274.0,2019-02-21,252.0,-2.1350%,-0.0008,0.9048,0.1008,0.0312,1.3270%,1.6338%,34.0289%,-0.018027,GILD,77274.0,2019-02-22,252.0,0.2898%,-0.0008,0.9051,0.0993,0.0344,1.3271%,1.6339%,34.0267%,-0.003178,GILD,77274.0,2019-02-25,252.0,-0.5932%,-0.0008,0.9034,0.1007,0.0286,1.3242%,1.6313%,34.1107%,-0.00707,GILD,77274.0,2019-02-26,252.0,-0.1071%,-0.0008,0.8993,0.1022,0.0263,1.3236%,1.6266%,33.7847%,0.001013,GILD,77274.0,2019-02-27,252.0,0.4442%,-0.0008,0.8984,0.1049,0.0262,1.3238%,1.6253%,33.6584%,0.00337,GILD,77274.0,2019-02-28,252.0,-0.8388%,-0.0008,0.8966,0.1034,0.026,1.3238%,1.6226%,33.4415%,-0.005658,GILD,77274.0,2019-03-01,252.0,1.5226%,-0.0007,0.893,0.0981,0.0161,1.3238%,1.6208%,33.2965%,0.008485,GILD,77274.0,2019-03-04,252.0,-0.8484%,-0.0007,0.891,0.1073,0.016,1.3235%,1.6190%,33.1662%,-0.0036009999999999,GILD,77274.0,2019-03-05,252.0,-1.6196%,-0.0008,0.8914,0.1015,0.0214,1.3253%,1.6191%,32.9947%,-0.0144,GILD,-0.013182,-0.031209,-0.034387,-0.040444,-0.052248
20091,GENERAL MILLS INC,General Mills Reaffirms FY19 Guidance,6,uncertain,0.6,0.2,"reaffirming guidance can be seen as a positive sign of stability, but it may not provide enough new information to significantly impact investor sentiment.",1,2019-02-19,GIS,2019-02-19 11:46:00+00:00,17144.0,37033410,0.0155417574569582,5193203.0,0.0264538489282131,0.0114530017599463,0.0,0.0013491692952811,-0.0078807016834616,-0.0082515375688672,-0.008158029988408,0.0193225387483835,0.0142857106402516,0.0009101459290832,0.0049082273617386,0.0020519869867712,0.000849456700962,0.0002280988992424,0.0019096148898825,-0.0170365869998931,-0.0093181366100907,0.0177960023283958,0.0008550858474336,-0.009267627261579,-0.0002135480899596,-0.0045003816485404,-0.0087588084861636,0.0167009737342596,0.0034482723567634,0.0029829565901309,0.0075171492062509,0.0006889229407534,-0.0017053510528057,0.0060059670358896,0.005338457878679,-0.0052849156782031,0.0080713089555501,-0.0111337853595614,0.0010535026667639,0.0178075078874826,0.002315314952284,-0.0052909944206476,-0.0079797832295298,0.0116360243409872,0.0222269091755151,0.0165602266788482,0.0362393856048584,0.0088305231183767,0.0139888236299157,0.0026322233024984,0.0068978806957602,-0.0002391942980466,0.0138970268890261,0.0091743385419249,-0.0096525093540549,0.0247402284294366,0.0037037513684481,-0.0043806759640574,0.0050494913011789,0.0150691848248243,-0.0146859576925635,0.0165745820850133,-0.0001961587695404,0.0202408637851476,-0.0135346930474042,0.0156127624213695,-0.000596591620706,-0.0130970301106572,0.0123359085991978,0.0046439711004495,0.0084512634202837,-0.0069177676923573,0.0040927189402282,0.0158771630376577,0.0101900938898325,0.0220802873373031,0.000194027859834,-0.0314352288842201,0.0003879064752254,-0.0066546793095767,0.0027142183389514,0.0134889874607324,-0.0048337196931242,0.0504086762666702,0.0054400381632149,-0.0010887564858421,-0.0005796865443699,-0.0171214379370212,0.000580022810027,-0.019412325695157,-0.0142995491623878,-0.0114108510315418,-0.006469280924648,-0.0043893149122595,-0.0090765403583645,0.0049299071542918,0.0173237528651952,0.0015592873096466,-0.0029360251501202,-0.0314623713493347,0.0104044489562511,-0.0134095083922147,-0.0031086038798093,-0.0296385437250137,-0.0009745283750817,-0.0191444419324398,-0.0015606324886903,0.0023691612295806,0.005275506991893,0.007879608310759,-0.0050534913316369,-0.0134275546297431,-0.0062512150034308,0.0016517152544111,0.0106153124943375,-0.0228267908096313,0.0025287116877734,0.0013853049604222,0.004850601311773,-0.0196921434253454,0.0034755803644657,-0.0011304372455924,0.0084663964807987,0.001131716533564,0.0264538489282131,0.0114530017599463,0.0264538489282131,0.0128176230935408,0.0183646723529689,0.0044603204261737,0.0244862023177505,0.0248009141310319,0.0236116745401739,0.0180831660005831,0.1145605082408185,0.1679735941055529,0.1568266061205361,0.0318245251912971,2019-02-20,2019-02-21,2019-02-22,2019-02-25,2019-02-26,2019-02-27,2019-02-28,2019-03-01,2019-03-04,2019-03-05,17144.0,2019-02-19,252.0,1.5542%,-0.0006,0.3071,-0.3996,0.1016,1.5703%,1.6135%,5.2907%,0.015808,GIS,17144.0,2019-02-20,252.0,2.6454%,-0.0004,0.3151,-0.379,0.1308,1.5786%,1.6217%,5.2499%,0.026091,GIS,17144.0,2019-02-21,252.0,0.0000%,-0.0004,0.3121,-0.3847,0.1254,1.5779%,1.6209%,5.2330%,0.001101,GIS,17144.0,2019-02-22,252.0,-0.7881%,-0.0003,0.3118,-0.3563,0.1475,1.5722%,1.6134%,5.0360%,-0.00605,GIS,17144.0,2019-02-25,252.0,-0.8158%,-0.0004,0.3129,-0.3506,0.1548,1.5721%,1.6131%,5.0274%,-0.009386,GIS,17144.0,2019-02-26,252.0,1.4286%,-0.0002,0.3352,-0.3907,0.1512,1.5520%,1.6001%,5.9211%,0.012953,GIS,17144.0,2019-02-27,252.0,0.4908%,-0.0,0.351,-0.417,0.1538,1.5364%,1.5896%,6.5884%,0.00543,GIS,17144.0,2019-02-28,252.0,0.0849%,0.0,0.3457,-0.4205,0.1494,1.5354%,1.5877%,6.4818%,0.002305,GIS,17144.0,2019-03-01,252.0,0.1910%,0.0,0.3446,-0.4221,0.1473,1.5354%,1.5875%,6.4616%,0.001148,GIS,17144.0,2019-03-04,252.0,-0.9318%,-0.0,0.3499,-0.4307,0.1439,1.5356%,1.5886%,6.5577%,-0.009879,GIS,17144.0,2019-03-05,252.0,0.0855%,-0.0001,0.3474,-0.4497,0.142,1.5341%,1.5879%,6.6605%,0.00037,GIS,0.041899,0.043,0.03695,0.040517,0.039891
20099,GENUINE PARTS CO,"Genuine Parts Sees FY19 Adj. EPS $5.81-$5.96 vs $5.95 Estimate, Adj. Sales Growth 4-5% Year Over Year",6,uncertain,0.6,0.3,"while the adjusted eps guidance is slightly below the estimate, the projected sales growth is positive, leading to uncertainty in the stock's immediate reaction.",1,2019-02-19,GPC,2019-02-19 13:31:00+00:00,46674.0,37246010,0.0147783625870943,1482426.0,-0.0006411402719095,0.0179770439863205,0.0072404081001877,-0.0025480997283011,0.008280218578875,0.0038843771908432,-0.0105585977435112,0.0187240857630968,0.0014593547675758,0.0074874009005725,-0.0058287740685045,-0.0002916925004683,-0.0034811731893569,0.0033161414321511,0.003401385853067,-0.0003899864968843,-0.0058634849265217,0.011638231575489,-0.0016588360304012,0.0050555327907204,-0.0048924470320343,0.0106190899387002,-0.0017393745947629,0.0039223511703312,-0.0085165752097964,0.0112896729260683,0.0039644907228648,0.0145495403558015,0.0033847368322312,0.001136369886808,0.0042166132479906,0.0131882159039378,-0.0006531650433316,-0.0136279137805104,-0.0004668106848839,0.0007232120260596,0.0024287202395498,-0.0116409622132778,-0.0009318654192611,0.0089635560289025,0.0003731080796569,0.0105152986943721,0.0172494035214185,-0.0065163141116499,-0.014848718419671,0.0148000810295343,0.005675408989191,-0.0092554800212383,0.010084225796163,-0.0092725520953536,0.0031140898354351,0.0088348248973488,0.0135135445743799,0.0111402785405516,0.0092792678624391,0.005601339507848,0.009551010094583,0.0088495770469307,-0.0053934627212584,0.0054674330167472,0.00097787019331,-0.0159299727529287,0.0087034050375223,-0.0128097869455814,0.0137347904965281,0.0053396974690258,-0.0063400706276297,0.0032563570421189,-0.0117122968658804,0.0041134837083518,-0.0026532507035881,0.0322264470160007,-0.001684799324721,-0.0145907159894704,0.0020429536234587,-0.0062900208868086,-0.0006205096724443,-0.0104441167786717,0.0030158238951116,-0.014759361743927,-0.0044216481037437,-0.0030051907524466,-0.0633327811956405,-0.0242669507861137,-0.0170696582645177,-0.0120866950601339,0.0152436261996626,0.0,-0.0065570883452892,0.0100897988304495,-0.0092787565663456,-0.0021143686026334,9.657368354965e-05,-0.0022101791109889,-0.0098475022241473,-0.0149431182071566,-0.0001949750731,-0.0142386173829436,-0.0203823279589414,-0.0092130433768033,0.015430592931807,0.0047246925532817,0.0011764975497499,0.0060141892172396,-0.0074422457255423,-0.0076049380004405,-0.0223954636603593,0.0183314885944128,-0.0057523436844348,0.0081035643815994,0.0,0.0147412875667214,0.0011165308533236,-0.0028997191693633,-0.0162222292274236,0.0049236887134611,-0.0027826100122183,-0.0210506282746791,-0.0035138896200805,-0.0073235034942626,-0.0006411402719095,0.0179770439863204,0.00659462571106,0.0153831369571222,0.0149294492322684,0.0193272680542853,0.0056787207863149,0.0461882554646639,-0.0077852948318269,0.0665146638128248,0.0376694024211807,0.1534090657205498,-0.1105690796928392,0.0580665090579002,2019-02-20,2019-02-21,2019-02-22,2019-02-25,2019-02-26,2019-02-27,2019-02-28,2019-03-01,2019-03-04,2019-03-05,46674.0,2019-02-19,252.0,1.4778%,0.0005,0.6975,-0.0451,0.3031,0.9702%,1.1875%,33.2441%,0.012654,GPC,46674.0,2019-02-20,252.0,-0.0641%,0.0005,0.6975,-0.04,0.3043,0.9677%,1.1854%,33.3548%,-0.003634,GPC,46674.0,2019-02-21,252.0,0.7240%,0.0007,0.678,-0.0775,0.2686,0.9219%,1.1392%,34.5132%,0.010393,GPC,46674.0,2019-02-22,252.0,0.8280%,0.0008,0.6763,-0.0596,0.2646,0.9199%,1.1363%,34.4606%,0.0081479999999999,GPC,46674.0,2019-02-25,252.0,-1.0559%,0.0008,0.6759,-0.054,0.2659,0.9227%,1.1381%,34.2708%,-0.011352,GPC,46674.0,2019-02-26,252.0,0.1459%,0.0007,0.6717,-0.0531,0.2633,0.9220%,1.1334%,33.8263%,0.002973,GPC,46674.0,2019-02-27,252.0,-0.5829%,0.0007,0.6737,-0.0586,0.2636,0.9225%,1.1340%,33.8262%,-0.006117,GPC,46674.0,2019-02-28,252.0,-0.3481%,0.0008,0.6649,-0.0647,0.2576,0.9163%,1.1232%,33.4519%,-0.0008219999999999,GPC,46674.0,2019-03-01,252.0,0.3401%,0.0008,0.6642,-0.0657,0.257,0.9163%,1.1220%,33.3079%,-0.000258,GPC,46674.0,2019-03-04,252.0,-0.5863%,0.0008,0.6663,-0.0683,0.2556,0.9165%,1.1223%,33.3050%,-0.003765,GPC,46674.0,2019-03-05,252.0,-0.1659%,0.0008,0.6686,-0.051,0.2576,0.9146%,1.1216%,33.5061%,-0.000214,GPC,0.00902,0.019413,0.027561,0.019182,0.008006
20107,GENUINE PARTS CO,"Genuine Parts Q4 EPS $1.35 Beats $1.32 Estimate, Sales $4.604B Beat $4.55B Estimate",6,increase,0.8,0.6,"the company reported better-than-expected earnings per share and sales, which typically leads to positive investor sentiment and an increase in stock price.",2,2019-02-19,GPC,2019-02-19 13:30:00+00:00,46674.0,37246010,0.0147783625870943,1482426.0,-0.0006411402719095,0.0179770439863205,0.0072404081001877,-0.0025480997283011,0.008280218578875,0.0038843771908432,-0.0105585977435112,0.0187240857630968,0.0014593547675758,0.0074874009005725,-0.0058287740685045,-0.0002916925004683,-0.0034811731893569,0.0033161414321511,0.003401385853067,-0.0003899864968843,-0.0058634849265217,0.011638231575489,-0.0016588360304012,0.0050555327907204,-0.0048924470320343,0.0106190899387002,-0.0017393745947629,0.0039223511703312,-0.0085165752097964,0.0112896729260683,0.0039644907228648,0.0145495403558015,0.0033847368322312,0.001136369886808,0.0042166132479906,0.0131882159039378,-0.0006531650433316,-0.0136279137805104,-0.0004668106848839,0.0007232120260596,0.0024287202395498,-0.0116409622132778,-0.0009318654192611,0.0089635560289025,0.0003731080796569,0.0105152986943721,0.0172494035214185,-0.0065163141116499,-0.014848718419671,0.0148000810295343,0.005675408989191,-0.0092554800212383,0.010084225796163,-0.0092725520953536,0.0031140898354351,0.0088348248973488,0.0135135445743799,0.0111402785405516,0.0092792678624391,0.005601339507848,0.009551010094583,0.0088495770469307,-0.0053934627212584,0.0054674330167472,0.00097787019331,-0.0159299727529287,0.0087034050375223,-0.0128097869455814,0.0137347904965281,0.0053396974690258,-0.0063400706276297,0.0032563570421189,-0.0117122968658804,0.0041134837083518,-0.0026532507035881,0.0322264470160007,-0.001684799324721,-0.0145907159894704,0.0020429536234587,-0.0062900208868086,-0.0006205096724443,-0.0104441167786717,0.0030158238951116,-0.014759361743927,-0.0044216481037437,-0.0030051907524466,-0.0633327811956405,-0.0242669507861137,-0.0170696582645177,-0.0120866950601339,0.0152436261996626,0.0,-0.0065570883452892,0.0100897988304495,-0.0092787565663456,-0.0021143686026334,9.657368354965e-05,-0.0022101791109889,-0.0098475022241473,-0.0149431182071566,-0.0001949750731,-0.0142386173829436,-0.0203823279589414,-0.0092130433768033,0.015430592931807,0.0047246925532817,0.0011764975497499,0.0060141892172396,-0.0074422457255423,-0.0076049380004405,-0.0223954636603593,0.0183314885944128,-0.0057523436844348,0.0081035643815994,0.0,0.0147412875667214,0.0011165308533236,-0.0028997191693633,-0.0162222292274236,0.0049236887134611,-0.0027826100122183,-0.0210506282746791,-0.0035138896200805,-0.0073235034942626,-0.0006411402719095,0.0179770439863204,0.00659462571106,0.0153831369571222,0.0149294492322684,0.0193272680542853,0.0056787207863149,0.0461882554646639,-0.0077852948318269,0.0665146638128248,0.0376694024211807,0.1534090657205498,-0.1105690796928392,0.0580665090579002,2019-02-20,2019-02-21,2019-02-22,2019-02-25,2019-02-26,2019-02-27,2019-02-28,2019-03-01,2019-03-04,2019-03-05,46674.0,2019-02-19,252.0,1.4778%,0.0005,0.6975,-0.0451,0.3031,0.9702%,1.1875%,33.2441%,0.012654,GPC,46674.0,2019-02-20,252.0,-0.0641%,0.0005,0.6975,-0.04,0.3043,0.9677%,1.1854%,33.3548%,-0.003634,GPC,46674.0,2019-02-21,252.0,0.7240%,0.0007,0.678,-0.0775,0.2686,0.9219%,1.1392%,34.5132%,0.010393,GPC,46674.0,2019-02-22,252.0,0.8280%,0.0008,0.6763,-0.0596,0.2646,0.9199%,1.1363%,34.4606%,0.0081479999999999,GPC,46674.0,2019-02-25,252.0,-1.0559%,0.0008,0.6759,-0.054,0.2659,0.9227%,1.1381%,34.2708%,-0.011352,GPC,46674.0,2019-02-26,252.0,0.1459%,0.0007,0.6717,-0.0531,0.2633,0.9220%,1.1334%,33.8263%,0.002973,GPC,46674.0,2019-02-27,252.0,-0.5829%,0.0007,0.6737,-0.0586,0.2636,0.9225%,1.1340%,33.8262%,-0.006117,GPC,46674.0,2019-02-28,252.0,-0.3481%,0.0008,0.6649,-0.0647,0.2576,0.9163%,1.1232%,33.4519%,-0.0008219999999999,GPC,46674.0,2019-03-01,252.0,0.3401%,0.0008,0.6642,-0.0657,0.257,0.9163%,1.1220%,33.3079%,-0.000258,GPC,46674.0,2019-03-04,252.0,-0.5863%,0.0008,0.6663,-0.0683,0.2556,0.9165%,1.1223%,33.3050%,-0.003765,GPC,46674.0,2019-03-05,252.0,-0.1659%,0.0008,0.6686,-0.051,0.2576,0.9146%,1.1216%,33.5061%,-0.000214,GPC,0.00902,0.019413,0.027561,0.019182,0.008006
20115,GENUINE PARTS CO,Genuine Parts Company Raises Quarterly Dividend From $0.72 To $0.7625/Share,6,increase,0.8,0.6,"raising the quarterly dividend typically signals financial strength and can attract more investors, likely leading to an increase in stock price.",2,2019-02-19,GPC,2019-02-19 12:13:00+00:00,46674.0,37246010,0.0147783625870943,1482426.0,-0.0006411402719095,0.0179770439863205,0.0072404081001877,-0.0025480997283011,0.008280218578875,0.0038843771908432,-0.0105585977435112,0.0187240857630968,0.0014593547675758,0.0074874009005725,-0.0058287740685045,-0.0002916925004683,-0.0034811731893569,0.0033161414321511,0.003401385853067,-0.0003899864968843,-0.0058634849265217,0.011638231575489,-0.0016588360304012,0.0050555327907204,-0.0048924470320343,0.0106190899387002,-0.0017393745947629,0.0039223511703312,-0.0085165752097964,0.0112896729260683,0.0039644907228648,0.0145495403558015,0.0033847368322312,0.001136369886808,0.0042166132479906,0.0131882159039378,-0.0006531650433316,-0.0136279137805104,-0.0004668106848839,0.0007232120260596,0.0024287202395498,-0.0116409622132778,-0.0009318654192611,0.0089635560289025,0.0003731080796569,0.0105152986943721,0.0172494035214185,-0.0065163141116499,-0.014848718419671,0.0148000810295343,0.005675408989191,-0.0092554800212383,0.010084225796163,-0.0092725520953536,0.0031140898354351,0.0088348248973488,0.0135135445743799,0.0111402785405516,0.0092792678624391,0.005601339507848,0.009551010094583,0.0088495770469307,-0.0053934627212584,0.0054674330167472,0.00097787019331,-0.0159299727529287,0.0087034050375223,-0.0128097869455814,0.0137347904965281,0.0053396974690258,-0.0063400706276297,0.0032563570421189,-0.0117122968658804,0.0041134837083518,-0.0026532507035881,0.0322264470160007,-0.001684799324721,-0.0145907159894704,0.0020429536234587,-0.0062900208868086,-0.0006205096724443,-0.0104441167786717,0.0030158238951116,-0.014759361743927,-0.0044216481037437,-0.0030051907524466,-0.0633327811956405,-0.0242669507861137,-0.0170696582645177,-0.0120866950601339,0.0152436261996626,0.0,-0.0065570883452892,0.0100897988304495,-0.0092787565663456,-0.0021143686026334,9.657368354965e-05,-0.0022101791109889,-0.0098475022241473,-0.0149431182071566,-0.0001949750731,-0.0142386173829436,-0.0203823279589414,-0.0092130433768033,0.015430592931807,0.0047246925532817,0.0011764975497499,0.0060141892172396,-0.0074422457255423,-0.0076049380004405,-0.0223954636603593,0.0183314885944128,-0.0057523436844348,0.0081035643815994,0.0,0.0147412875667214,0.0011165308533236,-0.0028997191693633,-0.0162222292274236,0.0049236887134611,-0.0027826100122183,-0.0210506282746791,-0.0035138896200805,-0.0073235034942626,-0.0006411402719095,0.0179770439863204,0.00659462571106,0.0153831369571222,0.0149294492322684,0.0193272680542853,0.0056787207863149,0.0461882554646639,-0.0077852948318269,0.0665146638128248,0.0376694024211807,0.1534090657205498,-0.1105690796928392,0.0580665090579002,2019-02-20,2019-02-21,2019-02-22,2019-02-25,2019-02-26,2019-02-27,2019-02-28,2019-03-01,2019-03-04,2019-03-05,46674.0,2019-02-19,252.0,1.4778%,0.0005,0.6975,-0.0451,0.3031,0.9702%,1.1875%,33.2441%,0.012654,GPC,46674.0,2019-02-20,252.0,-0.0641%,0.0005,0.6975,-0.04,0.3043,0.9677%,1.1854%,33.3548%,-0.003634,GPC,46674.0,2019-02-21,252.0,0.7240%,0.0007,0.678,-0.0775,0.2686,0.9219%,1.1392%,34.5132%,0.010393,GPC,46674.0,2019-02-22,252.0,0.8280%,0.0008,0.6763,-0.0596,0.2646,0.9199%,1.1363%,34.4606%,0.0081479999999999,GPC,46674.0,2019-02-25,252.0,-1.0559%,0.0008,0.6759,-0.054,0.2659,0.9227%,1.1381%,34.2708%,-0.011352,GPC,46674.0,2019-02-26,252.0,0.1459%,0.0007,0.6717,-0.0531,0.2633,0.9220%,1.1334%,33.8263%,0.002973,GPC,46674.0,2019-02-27,252.0,-0.5829%,0.0007,0.6737,-0.0586,0.2636,0.9225%,1.1340%,33.8262%,-0.006117,GPC,46674.0,2019-02-28,252.0,-0.3481%,0.0008,0.6649,-0.0647,0.2576,0.9163%,1.1232%,33.4519%,-0.0008219999999999,GPC,46674.0,2019-03-01,252.0,0.3401%,0.0008,0.6642,-0.0657,0.257,0.9163%,1.1220%,33.3079%,-0.000258,GPC,46674.0,2019-03-04,252.0,-0.5863%,0.0008,0.6663,-0.0683,0.2556,0.9165%,1.1223%,33.3050%,-0.003765,GPC,46674.0,2019-03-05,252.0,-0.1659%,0.0008,0.6686,-0.051,0.2576,0.9146%,1.1216%,33.5061%,-0.000214,GPC,0.00902,0.019413,0.027561,0.019182,0.008006
20123,GROUP 1 AUTOMOTIVE INC,"JP Morgan Initiates Coverage On Group 1 Automotive with Overweight Rating, Announces $77 Price Target",6,increase,0.8,0.6,"the initiation of coverage with an 'overweight' rating and a price target above the current market price typically signals positive sentiment, likely leading to an increase in stock price.",2,2019-02-19,GPI,2019-02-19 12:00:00+00:00,85427.0,39890510,-0.0033996936399489,153662.0,0.0341130346059799,0.0390243828296661,-0.0251334980130195,-0.0036869014147669,0.0154688861221075,-0.0020070704631507,-0.0020628541242331,0.0353246927261352,-0.0004770039813593,0.0167253650724887,-0.0030226286035031,-0.0186593271791935,-0.0036699837073683,-0.0590147525072097,-0.0011257589794695,-0.0134723363444209,0.0040251165628433,0.0074325269088149,0.0186016652733087,0.0160893052816391,-0.0250314883887767,-0.0019662287086248,-0.0188923291862011,0.0003278226358816,-0.0034562062937766,0.0129503365606069,0.013707710430026,-0.0126229580491781,0.0017921245889738,0.0102682830765843,0.0082940040156245,0.0056628938764333,-0.0109677473083138,0.0036777202039957,0.0014677129220217,-0.0225490368902683,0.0143299307674169,-0.0029325562063604,-0.0073847980238497,0.0155526548624038,-0.0040433444082736,0.0063269603997468,0.023221768438816,0.0126454224810004,-0.0423741973936557,0.0059362668544054,0.0192243922501802,-0.0160213466733694,0.0084552923217415,0.0169721655547618,0.0282167047262191,-0.0132306301966309,0.0086247334256768,0.0307267177850008,0.0059079173952341,0.0122313601896166,0.027820760384202,0.0321009680628776,-0.0126315234228968,0.0325884521007537,0.0315260365605354,-0.010320633649826,0.0186031963676214,0.0292108692228794,-0.019278073683381,0.0091883521527051,0.0165532827377319,0.0094686318188905,-0.0063972440548241,0.0103474967181682,0.016096081584692,0.0383133850991725,0.0004320100415498,-0.0078439135104417,0.0146825481206178,-0.0197160877287387,-0.0147538790479302,0.0099561922252178,0.0390209779143333,-0.0152940936386585,-0.000970167980995,-0.0081679923459887,0.0009711101301945,0.0156033392995595,-0.0315965376794338,0.0113863302394747,0.0384945981204509,-0.0094974189996719,0.0287998337298631,-0.0068775489926338,0.0221001040190458,-0.0013736203545704,0.041147943586111,-0.0289634242653846,-0.019634960219264,-0.0157539416104555,0.0053921961225569,-0.0003749617026187,-0.0107265533879399,-0.041164856404066,-0.0081322435289621,-0.0101423431187868,0.0152265205979347,0.0087546817958354,0.023843104019761,-0.0255918782204389,-0.0060098078101873,0.0034940065816044,-0.010580631904304,-0.0176763124763965,-0.0086569096893072,0.0114563414826989,0.0014126185560598,0.008578460663557,-0.028597118332982,0.017094001173973,0.012937338091433,-0.0100475884974002,0.0058646802790462,0.0227149501442909,0.0341130346059799,0.0390243828296661,0.0081221567054727,0.035193602362634,0.0237166835447231,0.0331158958596893,0.0211175957547926,0.0875000218137891,0.0361533806084202,0.0141192001014482,0.0710616274124342,0.1502793152689026,0.2589785606682075,0.1187266486099289,2019-02-20,2019-02-21,2019-02-22,2019-02-25,2019-02-26,2019-02-27,2019-02-28,2019-03-01,2019-03-04,2019-03-05,85427.0,2019-02-19,252.0,-0.3400%,-0.0005,0.9336,1.2512,1.0667,1.9022%,2.1762%,23.5900%,-0.0121649999999999,GPI,85427.0,2019-02-20,252.0,3.4113%,-0.0003,0.9411,1.2712,1.0941,1.9075%,2.1870%,23.9280%,0.02362,GPI,85427.0,2019-02-21,252.0,-2.5133%,-0.0004,0.9429,1.271,1.0976,1.9105%,2.1892%,23.8433%,-0.018345,GPI,85427.0,2019-02-22,252.0,1.5469%,-0.0003,0.9398,1.2854,1.0735,1.9134%,2.1915%,23.7646%,0.018384,GPI,85427.0,2019-02-25,252.0,-0.2063%,-0.0003,0.941,1.2856,1.0779,1.9124%,2.1911%,23.8202%,0.001702,GPI,85427.0,2019-02-26,252.0,-0.0477%,-0.0003,0.9385,1.2698,1.0681,1.9142%,2.1906%,23.6432%,0.012713,GPI,85427.0,2019-02-27,252.0,-0.3023%,-0.0003,0.9411,1.2638,1.0685,1.9140%,2.1906%,23.6544%,-0.005098,GPI,85427.0,2019-02-28,252.0,-0.3670%,-0.0002,0.9268,1.2541,1.0577,1.9070%,2.1764%,23.2244%,0.001566,GPI,85427.0,2019-03-01,252.0,-0.1126%,-0.0001,0.9088,1.2273,1.0332,1.8998%,2.1573%,22.4440%,-0.007295,GPI,85427.0,2019-03-04,252.0,0.4025%,0.0,0.8965,1.2595,1.0384,1.8948%,2.1528%,22.5354%,0.009541,GPI,85427.0,2019-03-05,252.0,1.8602%,0.0001,0.8902,1.2275,1.0241,1.9012%,2.1504%,21.8304%,0.026432,GPI,0.011455,-0.0068899999999999,0.011494,0.025909,0.051055
20131,GLOBAL PAYMENTS INC,"Barclays Maintains Overweight on Global Payments, Raises Price Target to $145",6,increase,0.8,0.6,the maintenance of an overweight rating and an increase in the price target typically signals positive sentiment and potential for stock price appreciation.,2,2019-02-19,GPN,2019-02-19 13:55:00+00:00,88873.0,37940X10,0.0086780181154608,1102330.0,0.0126236202195286,0.0143973669037222,0.005399398971349,-0.0097759421914815,0.0087663922458887,0.0453926250338554,0.003836200106889,0.0120668988674879,0.0014037800719961,0.0097475638613104,0.0068536209873855,0.0168141722679138,0.0085087111219763,-0.0115465335547924,0.0085135800763964,-0.008499595336616,-0.0072249765507876,0.0015635883901268,-0.0045962226577103,0.0119549976661801,-0.0030013804789632,0.0131813623011112,0.0024700274225324,-0.012315284460783,0.0034650976303964,0.0269196331501007,0.0120472069829702,-0.0085087735205888,0.0,-0.0139539148658514,0.0084161087870597,0.0089102732017636,-0.0048119840212166,0.0085370652377605,0.0133735472336411,-0.0125122340396046,-0.0005964944139122,-0.0165808014571666,0.0023128380998969,0.0102265365421772,-0.007368853315711,0.0046054082922637,0.0209207646548748,0.0080350106582045,-0.0157913621515035,0.0179025921970605,-0.0082090003415942,-0.0067695640027523,0.0134688382968306,0.0048979674465954,-0.0051970966160297,0.0091533176600933,0.008657275699079,0.0146744856610894,0.0101369619369506,0.026406068354845,0.0156753547489643,0.0209245886653661,0.0010096594924107,0.0408225171267986,-0.0072046108543872,-0.0324414148926734,-0.0153120504692196,-0.0106661347672343,0.0089173223823308,0.0057538165710866,-0.0019721623975783,-0.0018495321273803,0.0003658624773379,0.0127168856561183,0.0027071291115134,0.0636468455195427,0.0001459633058402,-0.0093486439436674,0.0151017140597105,-0.0261987056583166,-0.0059652281925082,-0.0244720336049795,0.003687439719215,0.001977426931262,-0.0012967002112418,0.0151560995727777,0.0074293045327067,-0.0193897765129804,0.0065153837203979,-0.0209116153419017,0.0222649369388818,-0.005557722877711,-0.0057059861719608,0.013203889131546,0.0037790837232023,-0.0076115322299301,0.010179229080677,-0.0004814659478142,0.0033819137606769,-0.023325840011239,0.004746199119836,-0.0062622507102787,-0.0136236418038606,-0.0516752526164054,0.001735147088766,0.0090332003310322,0.010877794586122,0.0095710838213562,0.0097327856346964,-0.0027912619989365,-0.0211784560233354,0.0472418144345283,0.0061719794757664,-0.0035703959874808,0.0067545040510594,0.0319984778761863,0.0056136921048164,-0.0071243424899876,-0.0223976671695709,0.0070777907967567,0.0222143940627574,-0.0118796499446034,0.0097418623045086,-0.0484091974794864,0.0126236202195286,0.0143973669037222,0.0180911791529057,0.0044806768856804,0.0270161657714393,0.0500766916053054,0.0324032407916883,0.0731070634880806,0.0447857168943401,0.0838607661898362,0.1161090898746861,0.2489870499383599,0.1918565347737968,0.1241852701273795,2019-02-20,2019-02-21,2019-02-22,2019-02-25,2019-02-26,2019-02-27,2019-02-28,2019-03-01,2019-03-04,2019-03-05,88873.0,2019-02-19,252.0,0.8678%,0.0,1.0567,0.0619,-0.6987,0.9188%,1.6361%,68.4579%,0.008583,GPN,88873.0,2019-02-20,252.0,1.2624%,0.0,1.059,0.0588,-0.693,0.9159%,1.6342%,68.5851%,0.014223,GPN,88873.0,2019-02-21,252.0,0.5399%,0.0,1.0602,0.063,-0.6907,0.9157%,1.6344%,68.6096%,0.007665,GPN,88873.0,2019-02-22,252.0,0.8766%,0.0001,1.0606,0.083,-0.6674,0.9116%,1.6291%,68.6916%,-0.008725,GPN,88873.0,2019-02-25,252.0,0.3836%,0.0001,1.0601,0.0819,-0.6701,0.9111%,1.6292%,68.7284%,0.00116,GPN,88873.0,2019-02-26,252.0,0.1404%,0.0001,1.057,0.0831,-0.6718,0.9106%,1.6237%,68.5474%,0.001313,GPN,88873.0,2019-02-27,252.0,0.6854%,0.0001,1.0615,0.0765,-0.671,0.9089%,1.6241%,68.6811%,0.004838,GPN,88873.0,2019-02-28,252.0,0.8509%,0.0001,1.0644,0.0788,-0.6712,0.9093%,1.6246%,68.6758%,0.0100069999999999,GPN,88873.0,2019-03-01,252.0,0.8514%,0.0001,1.0656,0.0806,-0.6683,0.9092%,1.6246%,68.6803%,-0.002153,GPN,88873.0,2019-03-04,252.0,-0.7225%,0.0001,1.0629,0.0887,-0.6674,0.9085%,1.6215%,68.6055%,0.001155,GPN,88873.0,2019-03-05,252.0,-0.4596%,0.0001,1.0622,0.0808,-0.6662,0.9081%,1.6182%,68.5047%,-0.004206,GPN,0.022806,0.0304709999999999,0.0217459999999999,0.0242189999999999,0.03386
20139,GARMIN LTD,Garmin Q4 Earnings Preview,6,uncertain,0.5,0.5,the impact on garmin's stock price is uncertain as it depends on the actual earnings results and market expectations.,1,2019-02-19,GRMN,2019-02-19 18:28:00+00:00,88837.0,H2906T10,-0.0090756984427571,1293883.0,0.1703536212444305,0.0032217868138104,-0.0077052661217749,-0.0001400859327986,0.007886454463005,-0.0020964574068784,0.0057782996445894,0.0141743440181016,0.0011968697654083,0.0041275392286479,0.0062163374386727,0.0097729275003075,-0.0023761072661727,-0.0027231592684984,0.0085745053365826,0.0018667038530111,0.0005903344135731,0.0010061764623969,-0.0090865781530737,0.0033170373644679,-0.0057163671590387,0.0023127498570829,-0.0057491404004395,0.001157768885605,-0.0039754468016326,0.0061152908019721,0.0142718954011797,0.0155256995931267,0.0079894848167896,-0.0138525012880563,-0.0069797271862626,0.0082329493016004,-0.0046461941674351,0.0056179370731115,0.0025288907345384,0.0037097493186593,0.0084083713591098,-0.0075110769830644,-0.0032161602284759,0.0128281712532043,0.0064531657844781,0.0053989291191101,0.0043931975960731,0.0063386382535099,-0.0119398813694715,0.0076034059748053,0.0067001380957663,-0.0121676065027713,0.0128357717767357,0.0078727724030613,0.0078619830310344,0.0056334156543016,-0.0032599694095551,0.0138932010158896,0.0086438246071338,0.0093486830592155,0.0177185740321874,0.0072190691716969,0.0042103179730474,0.0379540957510471,0.0035127201117575,-0.018074233084917,-0.0040650474838912,-0.0126342270523309,-0.0003401222347747,0.0079592484980821,0.0105478093028068,-0.002223624382168,-0.0097642550244927,0.0122186224907636,0.0064603840000927,0.0272502321749925,0.0023648545611649,-0.0127181243151426,-0.0006741398246958,-0.0127172749489545,-0.003260183148086,-0.0009649625862948,-0.0100384270772337,-0.0217117853462696,-0.0180015303194522,0.0071304193697869,0.0039447303861379,-0.0311636291444301,-0.0053160646930336,-0.0145234353840351,0.010108083486557,0.0054323496297001,-0.0036806957796216,0.0134576736018061,-0.010505698621273,0.0070845382288098,0.001050098799169,0.0038651823997497,-0.0039627500809729,-0.0053821080364286,0.0032763723284006,-0.0206325706094503,-0.0662468001246452,-0.0316464677453041,-0.0162377655506134,0.0286528039723634,0.0100304838269949,0.0103061571717262,-0.0030170395039021,-0.0060258195735514,-0.0118521600961685,0.0156058240681886,0.0039555639959871,-0.0077425553463399,-0.0015252000885084,0.0135406199842691,0.0095468433573842,-0.0019963893573731,-0.025595748797059,0.0114943385124206,0.0091873593628406,-0.0070943725295364,0.0133350547403097,-0.0097740832716226,0.1703536212444305,0.0032217868138104,0.1613357351361593,0.0030812495540006,0.170494556527571,0.0009783324386722,0.1786670493435247,0.0193566834099629,0.1831759928583156,0.0328815481516053,0.25112014619756,0.1666395763717965,0.1204081974070385,0.1025390844419855,2019-02-20,2019-02-21,2019-02-22,2019-02-25,2019-02-26,2019-02-27,2019-02-28,2019-03-01,2019-03-04,2019-03-05,88837.0,2019-02-19,252.0,-0.9076%,0.0003,0.7303,0.1739,-0.1284,0.9142%,1.2281%,44.5945%,-0.01072,GRMN,88837.0,2019-02-20,252.0,17.0354%,0.001,0.7768,0.2753,0.0365,1.3995%,1.6283%,26.1341%,0.16919,GRMN,88837.0,2019-02-21,252.0,-0.7705%,0.001,0.7779,0.2764,0.0386,1.3999%,1.6288%,26.1274%,-0.004654,GRMN,88837.0,2019-02-22,252.0,0.7886%,0.0012,0.7754,0.3393,0.066,1.3687%,1.6015%,26.9540%,0.001778,GRMN,88837.0,2019-02-25,252.0,0.5778%,0.0013,0.7724,0.3343,0.0524,1.3598%,1.5937%,27.2048%,0.005516,GRMN,88837.0,2019-02-26,252.0,0.1197%,0.0014,0.7794,0.323,0.0518,1.3576%,1.5937%,27.4346%,0.004645,GRMN,88837.0,2019-02-27,252.0,0.6216%,0.0014,0.781,0.3211,0.0521,1.3576%,1.5938%,27.4461%,0.004863,GRMN,88837.0,2019-02-28,252.0,-0.2376%,0.0014,0.7823,0.3219,0.0534,1.3576%,1.5931%,27.3814%,1.1e-05,GRMN,88837.0,2019-03-01,252.0,0.8575%,0.0014,0.7778,0.3153,0.0462,1.3567%,1.5897%,27.1603%,0.002132,GRMN,88837.0,2019-03-04,252.0,0.0590%,0.0014,0.7765,0.316,0.0474,1.3569%,1.5889%,27.0640%,0.005626,GRMN,88837.0,2019-03-05,252.0,-0.9087%,0.0014,0.778,0.3227,0.0515,1.3579%,1.5895%,27.0218%,-0.006763,GRMN,0.15847,0.153816,0.155594,0.165755,0.171624
20147,GRANITE CONSTRUCTION INC,Granite's New Water And Mineral Services Group Wins $22.5M In Sewer Rehabilitation Projects In Canada,6,increase,0.8,0.6,"the announcement of winning $22.5m in sewer rehabilitation projects indicates strong business growth and potential revenue increase, which is likely to positively impact granite construction inc's stock price.",2,2019-02-19,GVA,2019-02-19 13:32:00+00:00,76135.0,38732810,-0.0032981026452034,428321.0,0.0683873444795608,0.0144991679117083,-0.0334503166377544,0.0024597630836069,-0.0025636134669184,0.0140590192750096,0.0085671776905655,0.0573003925383091,-0.0178381856530904,-0.0109082069247961,0.0012973269913345,-0.000710961932782,0.0053984019905328,-0.0393808223307132,0.0285652484744787,-0.0006824108422733,0.0064731962047517,0.0157116521149873,-0.0006224604439921,0.0193122867494821,-0.0220053475350141,-0.0175845008343458,0.0067926063202321,0.0046490179374814,-0.011806902475655,-0.0004646946326829,0.0125880129635334,-0.0198132302612066,-0.0033712568692862,-0.0004552801547106,-0.0135306427255272,0.0183124933391809,-0.0102871740236878,0.0122008556500077,-0.0025985043030232,-0.020229909569025,0.0169344060122966,-0.0204908773303031,-0.0160119552165269,0.0294390469789505,-0.016272509470582,0.0119633665308356,0.0119100334122777,-0.0014054242055863,-0.0603749006986618,-0.0118056051433086,0.0125261172652244,-0.0107624782249331,-0.0048110629431903,-0.0133303245529532,0.000230251767789,0.02643783390522,0.0002301740605616,0.0023244647309184,-0.0041541727259755,0.0134275546297431,0.0410196185111999,0.0162796340882778,-0.0251557733863592,0.0416459366679191,-0.0004567357245832,-0.0069341897033154,0.0166780799627304,0.002482678508386,0.008539349772036,0.0072517399676144,-0.0153743857517838,-0.0110918907448649,-0.0312287230044603,-0.0031941293273121,0.0156505052000284,0.0484286732971668,0.0131094688549637,-0.0122137293219566,0.0097616417333483,-0.0070743453688919,0.0227068830281496,-0.0104999542236328,0.0169267226010561,-0.0191269945353269,-0.0112407403066754,0.0126644726842641,0.0144293792545795,-0.0032178480178117,-0.0040948800742626,-0.0225018206983804,-0.0186107046902179,-0.033216331154108,0.0260198526084423,0.0096835112199187,-0.0655490905046463,-0.0273374374955892,0.0354186035692691,-0.0430864542722702,-0.0106619177386164,-0.0317155793309211,0.0078580705448985,0.010539854876697,0.0131432423368096,-0.0606183037161827,-0.0008795275934971,-0.0225162822753191,0.0338908657431602,0.0005929366452619,-0.0029799784533679,-0.0174757577478885,-0.0401366576552391,0.011986649595201,-0.0146797122433781,-0.0334283411502838,-0.0293453559279441,0.0247177965939045,0.0100000072270631,0.01101931091398,-0.0448998548090457,-0.0025515421293675,0.0279652811586856,-0.0186825394630432,-0.0100844353437423,-0.0153613006696105,0.0683873444795608,0.0144991679117083,0.0326494495149498,0.0169945955132875,0.0300021354795674,0.0312925421341894,0.0202955695604161,0.078491853399468,0.06265158274383,0.0711257755294099,-0.0310748036271522,0.1341646188122576,-0.0660349192981734,-0.1346890430738577,2019-02-20,2019-02-21,2019-02-22,2019-02-25,2019-02-26,2019-02-27,2019-02-28,2019-03-01,2019-03-04,2019-03-05,76135.0,2019-02-19,252.0,-0.3298%,-0.0008,1.1823,1.2863,0.6456,1.9304%,2.3307%,31.3964%,-0.01131,GVA,76135.0,2019-02-20,252.0,6.8387%,-0.0007,1.1952,1.2968,0.6867,1.9503%,2.3521%,31.2529%,0.05966,GVA,76135.0,2019-02-21,252.0,-3.3450%,-0.0008,1.2043,1.3095,0.7035,1.9563%,2.3610%,31.3442%,-0.0266409999999999,GVA,76135.0,2019-02-22,252.0,-0.2564%,-0.0008,1.2045,1.3267,0.722,1.9548%,2.3607%,31.4282%,-0.007352,GVA,76135.0,2019-02-25,252.0,0.8567%,-0.0008,1.2068,1.323,0.7286,1.9521%,2.3586%,31.4994%,0.011409,GVA,76135.0,2019-02-26,252.0,-1.7838%,-0.0008,1.2154,1.3207,0.7339,1.9506%,2.3611%,31.7467%,-0.0051359999999999,GVA,76135.0,2019-02-27,252.0,0.1297%,-0.0008,1.2158,1.3197,0.734,1.9506%,2.3609%,31.7348%,-0.0015249999999999,GVA,76135.0,2019-02-28,252.0,0.5398%,-0.0007,1.213,1.3182,0.7293,1.9519%,2.3583%,31.4960%,0.010638,GVA,76135.0,2019-03-01,252.0,2.8565%,-0.0006,1.2148,1.3209,0.723,1.9556%,2.3601%,31.3377%,0.018836,GVA,76135.0,2019-03-04,252.0,0.6473%,-0.0006,1.214,1.3091,0.7264,1.9581%,2.3605%,31.1879%,0.015164,GVA,76135.0,2019-03-05,252.0,-0.0622%,-0.0005,1.2145,1.3177,0.7239,1.9581%,2.3592%,31.1111%,0.007153,GVA,0.04835,0.021709,0.014357,0.02063,0.070896
20155,G S E SYSTEMS INC,"GSE Systems Acquires DP Engineering  For $13.5M In Cash, With Additional Consideration Of Up To $5M",6,increase,0.7,0.6,"the acquisition of dp engineering for $13.5m, along with potential additional consideration, suggests strategic growth and expansion for gse systems, which is likely to be viewed positively by investors.",2,2019-02-19,GVP,2019-02-19 13:42:00+00:00,81869.0,36227K10,0.0845070481300354,32927.0,0.0162338279187679,0.0,-0.0063898460939526,-0.0206897165626287,-0.0032154312357306,0.0357143357396125,0.0161290951073169,-0.0277778338640928,-0.0158730763942003,0.0,-0.0031289746984839,-0.0034602042287588,-9.71326371654868e-05,-0.0170067865401506,-0.0517798885703086,0.0208333134651184,0.0409555919468402,-0.0220712460577487,0.0098360562697052,0.0225693807005882,-0.0259740017354488,-0.0236956514418125,0.0,0.0048369970172643,0.0,-0.0148657979443669,0.0233333110809326,0.0067567504011094,-0.0065146517008543,0.0,-0.0098360562697052,0.0206896346062421,-0.0066225104965269,-0.039735060185194,0.0199999809265136,-0.01307188346982,-0.01960782520473,0.0234113484621048,-0.0600000210106372,-0.0099337650462985,0.007092191837728,0.0633803084492683,0.0,-0.0340136550366878,-0.0387323573231697,0.065217413008213,-0.023846136406064,0.0697674676775932,0.013171219266951,0.0487804412841796,0.0444444008171558,-0.0199203006923198,-0.0106382882222533,0.0414937362074852,0.0035842261277139,-0.0122950701043009,-0.0131785869598388,0.0124481208622455,0.0386884212493896,0.0046271430328488,-0.0139372693374753,-0.012798367999494,-0.0105653135105967,0.1571429371833801,0.0106781311333179,-0.03225814178586,-0.0106006972491741,0.0850000381469726,-0.0107142757624387,-0.0740741118788719,-0.0216606296598911,0.0,0.005535006057471,-0.0649350062012672,0.0018349044257774,-0.0211864206939935,0.0109890000894665,-0.1026616767048836,-0.0326086655259132,0.0520000457763671,-0.0262172911316156,-0.0566038079559803,-0.0538461059331893,0.0351563096046447,-0.0040650367736816,0.011857695877552,0.0122448857873678,0.0119999889284372,0.0201612710952758,0.0162601470947265,0.0039525656029582,-0.0363144911825656,-0.0157480165362358,0.0010588590521365,0.0399999618530273,0.0199999809265136,-0.0192307513207197,-0.0636704415082931,-0.0039215651340782,-0.0255474206060171,0.0089763654395937,-0.0108303148299455,-0.0088965073227882,-0.0610169693827629,-0.0157480165362358,0.0460993312299251,-0.005000018980354,-0.0164963901042938,0.0170854348689317,-0.0280339028686285,0.0039525656029582,-0.0296052359044551,-0.0157480165362358,-0.0379747226834297,0.0279999729245901,0.0533333607017993,-0.0077820941805839,0.0135135008022189,0.0,0.01023889798671,0.0162338279187679,0.0,0.0097402501628987,-0.0206897165626287,0.0064934998225505,0.0142856996933087,0.0064935001791601,-0.0138889599634971,-1.080726064195403e-09,-0.0138889592913481,-0.0681818320361866,0.1838758863302267,-0.1720779191855761,-0.0307167903625225,2019-02-20,2019-02-21,2019-02-22,2019-02-25,2019-02-26,2019-02-27,2019-02-28,2019-03-01,2019-03-04,2019-03-05,81869.0,2019-02-19,252.0,8.4507%,0.0,0.1852,0.8064,0.3806,3.0179%,3.0483%,1.9809%,0.080951,GVP,81869.0,2019-02-20,252.0,1.6234%,-0.0,0.186,0.797,0.3808,3.0145%,3.0443%,1.9524%,0.011915,GVP,81869.0,2019-02-21,252.0,-0.6390%,0.0001,0.1733,0.7701,0.3575,3.0050%,3.0325%,1.8085%,-0.004368,GVP,81869.0,2019-02-22,252.0,-0.3215%,-0.0001,0.1758,0.717,0.339,2.9951%,3.0194%,1.6070%,-0.003423,GVP,81869.0,2019-02-25,252.0,1.6129%,-0.0,0.1758,0.708,0.3344,2.9973%,3.0211%,1.5731%,0.01824,GVP,81869.0,2019-02-26,252.0,-1.5873%,-0.0001,0.1776,0.7202,0.342,2.9979%,3.0228%,1.6383%,-0.010057,GVP,81869.0,2019-02-27,252.0,-0.3129%,-0.0001,0.1767,0.7207,0.3418,2.9980%,3.0229%,1.6361%,-0.004347,GVP,81869.0,2019-02-28,252.0,-0.0097%,-0.0001,0.1783,0.7218,0.3427,2.9980%,3.0229%,1.6409%,0.001061,GVP,81869.0,2019-03-01,252.0,-5.1780%,-0.0002,0.1445,0.6714,0.3152,3.0079%,3.0284%,1.3503%,-0.053876,GVP,81869.0,2019-03-04,252.0,4.0956%,0.0,0.137,0.6575,0.326,3.0200%,3.0394%,1.2742%,0.043073,GVP,81869.0,2019-03-05,252.0,0.9836%,-0.0001,0.1263,0.5829,0.3137,3.0115%,3.0269%,1.0163%,0.0128,GVP,0.092866,0.088498,0.085075,0.093258,0.091969
20163,HYATT HOTELS CORP,"SunTrust Robinson Humphrey Maintains Hold on Hyatt Hotels, Raises Price Target to $82",6,increase,0.7,0.6,"the maintenance of a 'hold' rating combined with a raised price target suggests a positive outlook for hyatt hotels, which could lead to an increase in stock price.",2,2019-02-19,H,2019-02-19 13:24:00+00:00,93098.0,44857910,0.0240531601011753,1299670.0,0.0103941224515438,-0.0030319904908537,-0.0041415840387344,-0.0118480557575821,0.0061711710877716,0.0434844046831131,-0.0127999875694513,-0.0048083206638693,-0.0103997718542814,0.0072649880312383,0.0019157003844156,0.0050107156857848,-0.0061459243297576,-0.0095008248463273,0.0178645476698875,0.0009936081478372,0.000810011581052,-0.0048029944300651,0.010522142983973,0.0048261741176247,0.0052062389440834,0.0077241202816367,-0.030013307929039,0.0114294113591313,-0.0050657549872994,0.0062600127421319,-0.0044034635648131,0.0102956993505358,-0.0031789320055395,0.0056204297579824,0.0058236015029251,0.006101245060563,-0.0024813937488943,-0.001485974760726,0.000276349397609,0.0013391454704105,0.0042830230668187,-0.0133588314056396,-0.0019259785767644,0.015958234667778,-0.012129632756114,-0.0023805391974747,0.0224640797823667,-0.0095785660669207,-0.004093823954463,0.0113264108076691,-0.0119211114943027,-0.0172817856073379,-0.0036056321114301,0.004412995185703,-0.0073764617554843,0.0011782301589846,0.0042064366862177,-0.0110690658912062,0.0132644083350896,0.0155302919447422,0.0147443804889917,0.00640071881935,0.0137154012918472,0.0404212586581707,0.0066979234106838,-0.0356929413974285,0.0053227082826197,-0.0094674471765756,0.0146922646090388,-0.0001479387137806,0.0036524753086268,0.0008881947724148,-0.0165064241737127,0.0128954956308007,0.0039646234363317,0.0504016503691673,0.0022377013228833,-0.023230742663145,0.000787989993114,-0.0030674380250275,-0.0003936847788281,-0.0210210438817739,0.006039110943675,-0.0184229929000139,0.0018269527936354,0.0084720524027943,-0.0096391541883349,-0.0050281565636396,0.0027620557229965,0.0041580996476113,0.0041972678154706,0.0013382354518398,-0.0095349494367837,-0.0025214799679815,0.0019781289156526,-0.0193454809486866,0.012371608056128,-0.0097940415143966,-0.0054601947776973,-0.0248595047742128,0.0030065798200666,0.0164167564362287,0.0264563877135515,-0.0411989390850067,-0.0176485441625118,0.024540739133954,0.0031019498128443,-0.0128737585619092,-0.0027058250270783,-0.0002768374106381,-0.0083979526534676,0.0222096424549818,-0.0024756018538028,-0.0018317425856366,0.0111024836078286,0.014726891182363,-0.0133058568462729,-0.0011424479307606,-0.0213406290858984,0.0141946077346801,0.0216722767800092,-0.010179198347032,0.0153201278299093,-0.0180205386132001,0.0103941224515438,-0.0030319904908537,0.0062094902811673,-0.0148441230560438,0.0124189811958319,0.0279947937729343,-0.0109341254765673,0.0304843247194359,0.0138331480221542,0.0268275315014376,0.0103142740500439,0.1203344731269062,0.0494275702116779,0.0206039606656722,2019-02-20,2019-02-21,2019-02-22,2019-02-25,2019-02-26,2019-02-27,2019-02-28,2019-03-01,2019-03-04,2019-03-05,93098.0,2019-02-19,252.0,2.4053%,-0.0005,0.8593,0.2105,-0.2739,1.0522%,1.4558%,47.7684%,0.022582,H,93098.0,2019-02-20,252.0,1.0394%,-0.0004,0.8622,0.217,-0.2637,1.0541%,1.4573%,47.6846%,0.009705,H,93098.0,2019-02-21,252.0,-0.4142%,-0.0005,0.8682,0.2291,-0.2527,1.0493%,1.4561%,48.0769%,-0.001506,H,93098.0,2019-02-22,252.0,0.6171%,-0.0005,0.8692,0.2186,-0.2508,1.0486%,1.4564%,48.1630%,-0.004546,H,93098.0,2019-02-25,252.0,-1.2800%,-0.0006,0.8698,0.2258,-0.2448,1.0517%,1.4582%,47.9871%,-0.014087,H,93098.0,2019-02-26,252.0,-1.0400%,-0.0005,0.8889,0.2183,-0.2343,1.0366%,1.4560%,49.3071%,-0.008471,H,93098.0,2019-02-27,252.0,0.1916%,-0.0004,0.9004,0.1981,-0.2324,1.0236%,1.4520%,50.3052%,0.00032,H,93098.0,2019-02-28,252.0,-0.6146%,-0.0004,0.8945,0.1939,-0.2358,1.0209%,1.4445%,50.0479%,-0.004075,H,93098.0,2019-03-01,252.0,1.7865%,-0.0004,0.9079,0.2139,-0.2198,1.0162%,1.4480%,50.7479%,0.009828,H,93098.0,2019-03-04,252.0,0.0810%,-0.0004,0.9055,0.2153,-0.2176,1.0171%,1.4459%,50.5203%,0.007154,H,93098.0,2019-03-05,252.0,1.0522%,-0.0003,0.9049,0.2188,-0.2226,1.0193%,1.4473%,50.4002%,0.012117,H,0.032287,0.030781,0.026235,0.003677,0.029021
20171,HACKETT GROUP INC,"Hackett Group Q4 EPS $0.26, Inline, Sales $61.6M Miss $67.32M Estimate",6,decrease,0.75,0.6,"the company's sales missed estimates significantly, which is likely to negatively impact investor sentiment and lead to a decrease in stock price.",0,2019-02-19,HCKT,2019-02-19 21:59:00+00:00,86048.0,40460910,0.0025773786474019,127044.0,-0.1347044110298157,0.0178384128957986,-0.0344622656702995,0.0026301543693989,0.0215384848415851,-0.0124675203114748,-0.0168675109744072,0.0020822966471314,-0.0343136936426162,0.0169401653110981,0.0222081448882818,0.0015906032640486,0.0093109626322984,0.0090957768261432,0.0104551091790199,-0.0005347715923562,-0.0048691369593143,0.0207424163818359,0.0048929615877568,0.0132743241265416,-0.0249543413519859,0.0050027878023684,0.0006242339732125,0.0095398472622036,0.0062382076866924,0.0113506726920604,0.0024799080565571,-0.0073238965123891,-0.0160791724920272,-0.0122425891458988,0.0062853791750967,0.0204428564757108,-0.0037476839497685,-0.0033955555409193,0.0294671021401882,-0.0045070378109812,0.0079171229153871,-0.0273972600698471,-0.0006041282322257,-0.0081521533429622,-0.0090690152719616,0.0199555810540914,0.0036608527880162,0.0146231846883893,-0.0474164523184299,0.0125285433605313,0.0146776987239718,-0.0050991587340831,0.0069182775914669,0.0437610745429992,0.0012492478126659,0.0035607991740107,-0.011852809228003,0.0236938837915659,-0.0025252501945942,0.0204587690532207,0.0056962119415402,-0.0024737734347581,-0.0088105937466025,0.0068493532016873,0.0031746153254061,-0.0024845288135111,-0.0240506399422884,0.0056214961223304,0.0226978193968534,0.0056532761082053,0.0057069878093898,0.0037831286899745,-0.017023928463459,-0.0142946233972907,0.008980075828731,0.0241884216666221,-0.0025429092347621,-0.0193508379161357,-0.0006373024662025,-0.0296789687126874,-0.0025510180275887,0.001801838632673,-0.0108695700764656,0.0060423193499445,-0.0129282353445887,-0.0006038785795681,0.0013097252231091,-0.0125224199146032,0.0,-0.0100354235619306,0.0137344691902399,-0.0047003477811813,-0.0025806427001953,0.0082939164713025,-0.0077619589865207,-0.0117096463218331,0.0084745837375521,0.0023473594337701,-0.00258564716205,-0.0064139184542,-0.0051847002469003,-0.0063731521368026,0.0097719617187976,-0.0400444567203521,0.0025806427001953,0.0186968799680471,0.0038610307965427,0.0017025412525981,0.0153846004977822,-0.0205669216811657,-0.0183080788701772,0.0262406766414642,0.0675241276621818,-0.0140607422217726,-0.0271084792912006,0.0005627590580843,0.006811183411628,0.0067989146336913,-0.0086100483313202,0.0062713054940104,0.0037220511585474,-0.0271769128739833,0.0074164974503219,-0.0158296413719654,-0.1347044110298156,0.0178384128957986,-0.1645244575002444,0.0205154850448185,-0.1465295801925983,0.0077921875068478,-0.1897172471373669,0.026998425370051,-0.1552699446949431,0.0730088334363925,-0.1902313968119374,0.2079701302636303,-0.1619538032132774,0.0698557690606598,2019-02-20,2019-02-21,2019-02-22,2019-02-25,2019-02-26,2019-02-27,2019-02-28,2019-03-01,2019-03-04,2019-03-05,86048.0,2019-02-19,252.0,0.2577%,0.0008,0.5936,1.1361,0.3793,1.6104%,1.7991%,19.8762%,-0.003063,HCKT,86048.0,2019-02-20,252.0,-13.4704%,0.0002,0.5554,1.0558,0.2445,1.8374%,1.9915%,14.8740%,-0.140518,HCKT,86048.0,2019-02-21,252.0,-3.4462%,-0.0,0.5736,1.086,0.2782,1.8379%,1.9986%,15.4320%,-0.031206,HCKT,86048.0,2019-02-22,252.0,2.1538%,-0.0004,0.5764,0.9576,0.1938,1.7339%,1.8929%,16.0938%,0.015826,HCKT,86048.0,2019-02-25,252.0,-1.6868%,-0.0004,0.576,0.9645,0.1963,1.7362%,1.8957%,16.1171%,-0.014993,HCKT,86048.0,2019-02-26,252.0,-3.4314%,-0.0005,0.5835,0.9937,0.2167,1.7439%,1.9079%,16.4494%,-0.0266719999999999,HCKT,86048.0,2019-02-27,252.0,2.2208%,-0.0004,0.588,0.9917,0.2175,1.7477%,1.9125%,16.4900%,0.019955,HCKT,86048.0,2019-02-28,252.0,0.9311%,-0.0004,0.5922,0.995,0.2178,1.7475%,1.9133%,16.5769%,0.0113789999999999,HCKT,86048.0,2019-03-01,252.0,1.0455%,-0.0004,0.5933,0.9966,0.2175,1.7478%,1.9131%,16.5401%,0.004087,HCKT,86048.0,2019-03-04,252.0,-0.4869%,-0.0003,0.5877,1.0137,0.2192,1.7463%,1.9126%,16.6341%,0.001264,HCKT,86048.0,2019-03-05,252.0,0.4893%,-0.0003,0.5845,0.9948,0.2133,1.7468%,1.9078%,16.1708%,0.009471,HCKT,-0.143581,-0.174787,-0.158961,-0.200626,-0.15447
20179,HOLLY ENERGY PARTNERS L P,Holly Energy Partners Says Looking To Grow Quarterly Distribution By $0.0025/Share,6,increase,0.7,0.6,"the announcement of a planned increase in quarterly distribution typically signals financial health and can attract investors, likely leading to a rise in stock price.",2,2019-02-19,HEP,2019-02-19 11:32:00+00:00,90253.0,43576310,-0.0262537468224763,223283.0,-0.0096785584464669,0.0050744120962917,-0.0118673704564571,0.0092181134968996,0.0081243887543678,-0.0101385349407792,0.0203223507851362,0.0252945087850093,0.0,0.0069783935323357,0.0082417502999305,0.0006983400089666,-0.0064714075997471,-0.0083102416247129,0.0013712377985939,-0.0160136707127094,-0.0037657893262803,-0.009784041903913,-0.0089347157627344,-0.0053691226057708,-0.0083217676728963,-0.006926370318979,-0.0052447416819632,0.0022868243977427,0.0028119480703026,0.0039357440546154,0.0192779265344142,0.0013135962653905,-0.023383779451251,0.0023042003158479,0.0014084830181673,0.0093022845685482,-0.0070323753170669,0.0036679096519947,-0.0056657171808183,0.021109938621521,0.0071225343272089,-0.0445673055946826,-0.0028288515750318,0.0088611897081136,-0.0039007307495921,0.0259258765727281,0.0021359724923968,0.0016863793134689,-0.0142095778137445,0.0143688023090362,-0.0194594915956258,-0.0164872072637081,0.0029401630163192,-0.0099933752790093,-0.0043972455896437,-0.0224682074040174,-0.0014722456689924,0.0185737796127796,-0.005160316824913,0.0063418070785701,0.0059281159192323,-0.0003336746594868,0.0011049977038055,0.0406250022351741,-0.0029433378949761,0.007697666529566,-0.0022140024229884,0.0007002961356192,0.0022189151495695,-0.0062630586326122,-0.0022140024229884,-0.0013898857869207,0.0022189151495695,0.007350402418524,0.0003690121229737,0.0511405207216739,0.0025820618029683,-0.0258064270019531,0.0150846149772405,-0.0325936377048492,0.0206596478819847,-0.0133424354717135,-0.0184659250080585,0.0281392615288496,0.002532550599426,-0.0183010641485452,0.0191266946494579,-0.0542129874229431,0.0226628687232732,0.0149155044928193,-0.0107340542599558,0.0530541166663169,-0.0073503353632986,0.0,0.0095204003155231,-0.0038247779011726,-0.0265455264598131,0.0108962906524539,0.0125000048428773,0.0010556188644841,-0.0127088008448481,0.0117479506880044,-0.0033100459259003,-0.0161120519042015,-0.0188191961497068,0.0149306822568178,0.0263257157057523,-0.0184926968067884,-0.0131916673853993,-0.0027835741639137,0.0011139538837596,0.0159066393971443,0.0089021399617195,-0.0063223885372281,-0.0036764845717698,0.0010548094287514,0.0232472009956836,-0.0045501980930566,-0.0119004659354686,0.0218169037252664,0.0229927394539117,-0.0240837894380092,0.0017837757477536,-0.0031315293163061,-0.0096785584464669,0.0050744120962917,-0.0214310698643553,0.014339302099825,-0.0134807954529876,0.0040553876436804,0.0065675938780902,0.036636399963716,-0.0031109640328216,-0.0030201404785946,-0.060490838631008,0.054704298928484,-0.0054726541425892,0.0569061668171286,2019-02-20,2019-02-21,2019-02-22,2019-02-25,2019-02-26,2019-02-27,2019-02-28,2019-03-01,2019-03-04,2019-03-05,90253.0,2019-02-19,252.0,-2.6254%,0.0002,0.6423,-0.0223,0.1265,1.5384%,1.6708%,15.2149%,-0.028035,HEP,90253.0,2019-02-20,252.0,-0.9679%,0.0002,0.6401,-0.0223,0.1198,1.5386%,1.6706%,15.1712%,-0.011646,HEP,90253.0,2019-02-21,252.0,-1.1867%,0.0,0.6597,0.0154,0.1558,1.5094%,1.6493%,16.2421%,-0.009339,HEP,90253.0,2019-02-22,252.0,0.8124%,0.0001,0.6584,0.0268,0.1513,1.5091%,1.6489%,16.2329%,0.0059419999999999,HEP,90253.0,2019-02-25,252.0,2.0322%,0.0001,0.6591,0.0179,0.1493,1.5135%,1.6533%,16.1931%,0.019577,HEP,90253.0,2019-02-26,252.0,0.0000%,0.0001,0.6643,0.0109,0.1496,1.5124%,1.6533%,16.3111%,0.001562,HEP,90253.0,2019-02-27,252.0,0.8242%,0.0002,0.6721,-0.0008,0.1509,1.5092%,1.6528%,16.6215%,0.007703,HEP,90253.0,2019-02-28,252.0,-0.6471%,0.0003,0.6675,-0.0041,0.1486,1.5081%,1.6492%,16.3832%,-0.00411,HEP,90253.0,2019-03-01,252.0,0.1371%,0.0003,0.6566,-0.0203,0.1332,1.5045%,1.6419%,16.0401%,-0.0029189999999999,HEP,90253.0,2019-03-04,252.0,-0.3766%,0.0003,0.6599,-0.03,0.1321,1.5039%,1.6421%,16.1240%,-0.001042,HEP,90253.0,2019-03-05,252.0,-0.8935%,0.0004,0.6678,0.0259,0.1406,1.4934%,1.6354%,16.6110%,-0.007679,HEP,-0.039681,-0.04902,-0.043078,-0.021939,-0.029986
20187,HOLLY ENERGY PARTNERS L P,"Holly Energy Partners Q4 EPS $0.45, Inline, Sales $132.8M Beat $128.74M Estimate",6,increase,0.7,0.5,"the earnings per share (eps) being inline with expectations and sales exceeding estimates typically indicate positive performance, which can lead to an increase in stock price.",2,2019-02-19,HEP,2019-02-19 11:31:00+00:00,90253.0,43576310,-0.0262537468224763,223283.0,-0.0096785584464669,0.0050744120962917,-0.0118673704564571,0.0092181134968996,0.0081243887543678,-0.0101385349407792,0.0203223507851362,0.0252945087850093,0.0,0.0069783935323357,0.0082417502999305,0.0006983400089666,-0.0064714075997471,-0.0083102416247129,0.0013712377985939,-0.0160136707127094,-0.0037657893262803,-0.009784041903913,-0.0089347157627344,-0.0053691226057708,-0.0083217676728963,-0.006926370318979,-0.0052447416819632,0.0022868243977427,0.0028119480703026,0.0039357440546154,0.0192779265344142,0.0013135962653905,-0.023383779451251,0.0023042003158479,0.0014084830181673,0.0093022845685482,-0.0070323753170669,0.0036679096519947,-0.0056657171808183,0.021109938621521,0.0071225343272089,-0.0445673055946826,-0.0028288515750318,0.0088611897081136,-0.0039007307495921,0.0259258765727281,0.0021359724923968,0.0016863793134689,-0.0142095778137445,0.0143688023090362,-0.0194594915956258,-0.0164872072637081,0.0029401630163192,-0.0099933752790093,-0.0043972455896437,-0.0224682074040174,-0.0014722456689924,0.0185737796127796,-0.005160316824913,0.0063418070785701,0.0059281159192323,-0.0003336746594868,0.0011049977038055,0.0406250022351741,-0.0029433378949761,0.007697666529566,-0.0022140024229884,0.0007002961356192,0.0022189151495695,-0.0062630586326122,-0.0022140024229884,-0.0013898857869207,0.0022189151495695,0.007350402418524,0.0003690121229737,0.0511405207216739,0.0025820618029683,-0.0258064270019531,0.0150846149772405,-0.0325936377048492,0.0206596478819847,-0.0133424354717135,-0.0184659250080585,0.0281392615288496,0.002532550599426,-0.0183010641485452,0.0191266946494579,-0.0542129874229431,0.0226628687232732,0.0149155044928193,-0.0107340542599558,0.0530541166663169,-0.0073503353632986,0.0,0.0095204003155231,-0.0038247779011726,-0.0265455264598131,0.0108962906524539,0.0125000048428773,0.0010556188644841,-0.0127088008448481,0.0117479506880044,-0.0033100459259003,-0.0161120519042015,-0.0188191961497068,0.0149306822568178,0.0263257157057523,-0.0184926968067884,-0.0131916673853993,-0.0027835741639137,0.0011139538837596,0.0159066393971443,0.0089021399617195,-0.0063223885372281,-0.0036764845717698,0.0010548094287514,0.0232472009956836,-0.0045501980930566,-0.0119004659354686,0.0218169037252664,0.0229927394539117,-0.0240837894380092,0.0017837757477536,-0.0031315293163061,-0.0096785584464669,0.0050744120962917,-0.0214310698643553,0.014339302099825,-0.0134807954529876,0.0040553876436804,0.0065675938780902,0.036636399963716,-0.0031109640328216,-0.0030201404785946,-0.060490838631008,0.054704298928484,-0.0054726541425892,0.0569061668171286,2019-02-20,2019-02-21,2019-02-22,2019-02-25,2019-02-26,2019-02-27,2019-02-28,2019-03-01,2019-03-04,2019-03-05,90253.0,2019-02-19,252.0,-2.6254%,0.0002,0.6423,-0.0223,0.1265,1.5384%,1.6708%,15.2149%,-0.028035,HEP,90253.0,2019-02-20,252.0,-0.9679%,0.0002,0.6401,-0.0223,0.1198,1.5386%,1.6706%,15.1712%,-0.011646,HEP,90253.0,2019-02-21,252.0,-1.1867%,0.0,0.6597,0.0154,0.1558,1.5094%,1.6493%,16.2421%,-0.009339,HEP,90253.0,2019-02-22,252.0,0.8124%,0.0001,0.6584,0.0268,0.1513,1.5091%,1.6489%,16.2329%,0.0059419999999999,HEP,90253.0,2019-02-25,252.0,2.0322%,0.0001,0.6591,0.0179,0.1493,1.5135%,1.6533%,16.1931%,0.019577,HEP,90253.0,2019-02-26,252.0,0.0000%,0.0001,0.6643,0.0109,0.1496,1.5124%,1.6533%,16.3111%,0.001562,HEP,90253.0,2019-02-27,252.0,0.8242%,0.0002,0.6721,-0.0008,0.1509,1.5092%,1.6528%,16.6215%,0.007703,HEP,90253.0,2019-02-28,252.0,-0.6471%,0.0003,0.6675,-0.0041,0.1486,1.5081%,1.6492%,16.3832%,-0.00411,HEP,90253.0,2019-03-01,252.0,0.1371%,0.0003,0.6566,-0.0203,0.1332,1.5045%,1.6419%,16.0401%,-0.0029189999999999,HEP,90253.0,2019-03-04,252.0,-0.3766%,0.0003,0.6599,-0.03,0.1321,1.5039%,1.6421%,16.1240%,-0.001042,HEP,90253.0,2019-03-05,252.0,-0.8935%,0.0004,0.6678,0.0259,0.1406,1.4934%,1.6354%,16.6110%,-0.007679,HEP,-0.039681,-0.04902,-0.043078,-0.021939,-0.029986
20195,HILTON WORLDWIDE HOLDINGS INC,"UPDATE: RBC Maintains Outperform And Raises Target On Hilton 'based on our higher EBITDA forecast, better market conditions, and a more optimistic view for signings'",6,increase,0.8,0.6,"the maintenance of an 'outperform' rating and an increase in the target price, driven by improved market conditions and higher ebitda forecasts, suggests positive sentiment that is likely to boost hilton's stock price.",2,2019-02-19,HLT,2019-02-19 16:01:00+00:00,14338.0,43300A20,-0.004403677303344,3863753.0,0.0239586792886257,0.0198352821171283,-0.0010798696894198,0.0099533945322036,0.0213813669979572,0.0679494515061378,-0.0174055714160203,-0.0010752934031188,-0.0007181949331425,0.0066296556033194,0.0,-0.0103106135502457,-0.0028745883610099,-0.0117771523073315,0.0081829158589243,0.0127311302348971,-0.0047744275070726,-0.0014719738392159,0.0075558274984359,0.0041656168177723,-0.0005952035426162,-0.000805655028671,-0.0123868621885776,0.0047215176746249,-0.0056681288406252,0.0133970705792307,0.0042450712062418,0.0116167059168219,0.0073671569116413,0.0076643731445074,0.0031170663423836,0.0098508950322866,0.015895802527666,0.0046655475161969,0.008941201493144,-0.0039430893957614,0.0052471659146249,-0.028325118124485,-0.0059158117510378,0.0150000257417559,-0.009101502597332,-0.0005552597576752,0.0102449692785739,-0.0063448147848248,-0.0142207853496074,0.0212706327438354,-0.0065035242587327,-0.0125191481783986,-0.0061889630742371,-0.0024975759442895,-0.0125748869031667,0.0144988568499684,0.0092177335172891,-0.0114110726863145,-0.0012017602566629,0.0158326663076877,0.0125135472044348,0.0114383101463317,0.0105763440951705,0.0392273291945457,0.0205785501748323,-0.0513109564781189,0.0059914351440966,-0.0119777237996459,0.0014890034217387,0.0119803547859191,0.0084629217162728,0.0088155139237642,-0.0122476955875754,0.0117968590930104,0.0102181332185864,0.0451059974730014,0.0061370716430246,0.0006017889827489,0.0022591729648411,-0.0152592407539486,-0.0063113397918641,-0.0310078021138906,-0.0002267964591737,-0.0117746377363801,-0.0044242697767913,0.0031307986937463,-0.0060391835868358,-0.0221264120191335,0.0077954865992069,-0.0049847769550979,0.0,-0.0076943882741034,-0.0046639023348689,0.0052485805936157,0.0014856829075142,-0.0037153798621147,0.004336470272392,-0.0026077744551002,-0.0086354063823819,-0.0361158326268196,-0.002979967277497,0.0058548874221742,0.0644901767373085,-0.0361677519977092,-0.0147947641089558,0.0321683920919895,0.0230187270790338,-0.0120324110612273,-0.0110360952094197,-0.0063677439466118,-0.0196100231260061,0.0236796438694,0.0023206884507089,0.0010654126526787,0.004851184785366,0.0269419252872467,0.0042791245505213,0.0075789312832057,-0.0235987771302461,0.0151070337742567,0.0265189111232757,0.0040730466134846,0.0208197478204965,-0.0251917298883199,0.0239586792886257,0.0198352821171283,0.0228529373476435,0.0299861050379013,0.044722931386012,0.09997309593417,0.0258016767343309,0.1060749034038301,0.0340538806348063,0.0984950580952401,0.0467318257681383,0.2147102027369911,0.1527097345225159,0.1192497212021113,2019-02-20,2019-02-21,2019-02-22,2019-02-25,2019-02-26,2019-02-27,2019-02-28,2019-03-01,2019-03-04,2019-03-05,14338.0,2019-02-19,252.0,-0.4404%,-0.0003,0.9144,0.4322,-0.2027,1.1870%,1.5969%,44.7476%,-0.0069759999999999,HLT,14338.0,2019-02-20,252.0,2.3959%,-0.0002,0.9222,0.4568,-0.1729,1.1908%,1.6011%,44.6840%,0.022285,HLT,14338.0,2019-02-21,252.0,-0.1080%,-0.0002,0.9287,0.4706,-0.1609,1.1844%,1.5992%,45.1452%,0.002154,HLT,14338.0,2019-02-22,252.0,2.1381%,-0.0002,0.9272,0.4722,-0.1774,1.1862%,1.6048%,45.3604%,0.0102899999999999,HLT,14338.0,2019-02-25,252.0,-1.7406%,-0.0002,0.9259,0.4797,-0.1783,1.1892%,1.6071%,45.2450%,-0.017988,HLT,14338.0,2019-02-26,252.0,-0.0718%,-0.0002,0.9297,0.4713,-0.1797,1.1885%,1.6068%,45.2929%,0.003145,HLT,14338.0,2019-02-27,252.0,0.0000%,-0.0001,0.9421,0.4488,-0.1776,1.1752%,1.6018%,46.1719%,-0.002048,HLT,14338.0,2019-02-28,252.0,-0.2875%,-0.0,0.934,0.4432,-0.1834,1.1712%,1.5920%,45.8765%,-0.000588,HLT,14338.0,2019-03-01,252.0,0.8183%,-0.0001,0.9482,0.4643,-0.1611,1.1616%,1.5911%,46.6993%,-0.00065,HLT,14338.0,2019-03-04,252.0,-0.4774%,-0.0001,0.9435,0.4776,-0.1593,1.1602%,1.5881%,46.6274%,0.002552,HLT,14338.0,2019-03-05,252.0,0.7556%,0.0,0.946,0.504,-0.1613,1.1559%,1.5883%,47.0367%,0.010168,HLT,0.015309,0.017463,0.027753,0.01291,0.022344
20203,HILTON WORLDWIDE HOLDINGS INC,"RBC Capital Maintains Outperform on Hilton Worldwide Holdings, Raises Price Target to $93",6,increase,0.8,0.6,maintaining an 'outperform' rating and raising the price target typically signals positive sentiment and potential for stock price appreciation.,2,2019-02-19,HLT,2019-02-19 13:52:00+00:00,14338.0,43300A20,-0.004403677303344,3863753.0,0.0239586792886257,0.0198352821171283,-0.0010798696894198,0.0099533945322036,0.0213813669979572,0.0679494515061378,-0.0174055714160203,-0.0010752934031188,-0.0007181949331425,0.0066296556033194,0.0,-0.0103106135502457,-0.0028745883610099,-0.0117771523073315,0.0081829158589243,0.0127311302348971,-0.0047744275070726,-0.0014719738392159,0.0075558274984359,0.0041656168177723,-0.0005952035426162,-0.000805655028671,-0.0123868621885776,0.0047215176746249,-0.0056681288406252,0.0133970705792307,0.0042450712062418,0.0116167059168219,0.0073671569116413,0.0076643731445074,0.0031170663423836,0.0098508950322866,0.015895802527666,0.0046655475161969,0.008941201493144,-0.0039430893957614,0.0052471659146249,-0.028325118124485,-0.0059158117510378,0.0150000257417559,-0.009101502597332,-0.0005552597576752,0.0102449692785739,-0.0063448147848248,-0.0142207853496074,0.0212706327438354,-0.0065035242587327,-0.0125191481783986,-0.0061889630742371,-0.0024975759442895,-0.0125748869031667,0.0144988568499684,0.0092177335172891,-0.0114110726863145,-0.0012017602566629,0.0158326663076877,0.0125135472044348,0.0114383101463317,0.0105763440951705,0.0392273291945457,0.0205785501748323,-0.0513109564781189,0.0059914351440966,-0.0119777237996459,0.0014890034217387,0.0119803547859191,0.0084629217162728,0.0088155139237642,-0.0122476955875754,0.0117968590930104,0.0102181332185864,0.0451059974730014,0.0061370716430246,0.0006017889827489,0.0022591729648411,-0.0152592407539486,-0.0063113397918641,-0.0310078021138906,-0.0002267964591737,-0.0117746377363801,-0.0044242697767913,0.0031307986937463,-0.0060391835868358,-0.0221264120191335,0.0077954865992069,-0.0049847769550979,0.0,-0.0076943882741034,-0.0046639023348689,0.0052485805936157,0.0014856829075142,-0.0037153798621147,0.004336470272392,-0.0026077744551002,-0.0086354063823819,-0.0361158326268196,-0.002979967277497,0.0058548874221742,0.0644901767373085,-0.0361677519977092,-0.0147947641089558,0.0321683920919895,0.0230187270790338,-0.0120324110612273,-0.0110360952094197,-0.0063677439466118,-0.0196100231260061,0.0236796438694,0.0023206884507089,0.0010654126526787,0.004851184785366,0.0269419252872467,0.0042791245505213,0.0075789312832057,-0.0235987771302461,0.0151070337742567,0.0265189111232757,0.0040730466134846,0.0208197478204965,-0.0251917298883199,0.0239586792886257,0.0198352821171283,0.0228529373476435,0.0299861050379013,0.044722931386012,0.09997309593417,0.0258016767343309,0.1060749034038301,0.0340538806348063,0.0984950580952401,0.0467318257681383,0.2147102027369911,0.1527097345225159,0.1192497212021113,2019-02-20,2019-02-21,2019-02-22,2019-02-25,2019-02-26,2019-02-27,2019-02-28,2019-03-01,2019-03-04,2019-03-05,14338.0,2019-02-19,252.0,-0.4404%,-0.0003,0.9144,0.4322,-0.2027,1.1870%,1.5969%,44.7476%,-0.0069759999999999,HLT,14338.0,2019-02-20,252.0,2.3959%,-0.0002,0.9222,0.4568,-0.1729,1.1908%,1.6011%,44.6840%,0.022285,HLT,14338.0,2019-02-21,252.0,-0.1080%,-0.0002,0.9287,0.4706,-0.1609,1.1844%,1.5992%,45.1452%,0.002154,HLT,14338.0,2019-02-22,252.0,2.1381%,-0.0002,0.9272,0.4722,-0.1774,1.1862%,1.6048%,45.3604%,0.0102899999999999,HLT,14338.0,2019-02-25,252.0,-1.7406%,-0.0002,0.9259,0.4797,-0.1783,1.1892%,1.6071%,45.2450%,-0.017988,HLT,14338.0,2019-02-26,252.0,-0.0718%,-0.0002,0.9297,0.4713,-0.1797,1.1885%,1.6068%,45.2929%,0.003145,HLT,14338.0,2019-02-27,252.0,0.0000%,-0.0001,0.9421,0.4488,-0.1776,1.1752%,1.6018%,46.1719%,-0.002048,HLT,14338.0,2019-02-28,252.0,-0.2875%,-0.0,0.934,0.4432,-0.1834,1.1712%,1.5920%,45.8765%,-0.000588,HLT,14338.0,2019-03-01,252.0,0.8183%,-0.0001,0.9482,0.4643,-0.1611,1.1616%,1.5911%,46.6993%,-0.00065,HLT,14338.0,2019-03-04,252.0,-0.4774%,-0.0001,0.9435,0.4776,-0.1593,1.1602%,1.5881%,46.6274%,0.002552,HLT,14338.0,2019-03-05,252.0,0.7556%,0.0,0.946,0.504,-0.1613,1.1559%,1.5883%,47.0367%,0.010168,HLT,0.015309,0.017463,0.027753,0.01291,0.022344
20211,HILTON WORLDWIDE HOLDINGS INC,Evercore ISI Group Downgrades Hilton Worldwide Holdings to In-Line,6,decrease,0.7,0.6,"a downgrade from a financial analyst typically signals reduced expectations for the company's performance, which can lead to a decrease in stock price.",0,2019-02-19,HLT,2019-02-19 13:08:00+00:00,14338.0,43300A20,-0.004403677303344,3863753.0,0.0239586792886257,0.0198352821171283,-0.0010798696894198,0.0099533945322036,0.0213813669979572,0.0679494515061378,-0.0174055714160203,-0.0010752934031188,-0.0007181949331425,0.0066296556033194,0.0,-0.0103106135502457,-0.0028745883610099,-0.0117771523073315,0.0081829158589243,0.0127311302348971,-0.0047744275070726,-0.0014719738392159,0.0075558274984359,0.0041656168177723,-0.0005952035426162,-0.000805655028671,-0.0123868621885776,0.0047215176746249,-0.0056681288406252,0.0133970705792307,0.0042450712062418,0.0116167059168219,0.0073671569116413,0.0076643731445074,0.0031170663423836,0.0098508950322866,0.015895802527666,0.0046655475161969,0.008941201493144,-0.0039430893957614,0.0052471659146249,-0.028325118124485,-0.0059158117510378,0.0150000257417559,-0.009101502597332,-0.0005552597576752,0.0102449692785739,-0.0063448147848248,-0.0142207853496074,0.0212706327438354,-0.0065035242587327,-0.0125191481783986,-0.0061889630742371,-0.0024975759442895,-0.0125748869031667,0.0144988568499684,0.0092177335172891,-0.0114110726863145,-0.0012017602566629,0.0158326663076877,0.0125135472044348,0.0114383101463317,0.0105763440951705,0.0392273291945457,0.0205785501748323,-0.0513109564781189,0.0059914351440966,-0.0119777237996459,0.0014890034217387,0.0119803547859191,0.0084629217162728,0.0088155139237642,-0.0122476955875754,0.0117968590930104,0.0102181332185864,0.0451059974730014,0.0061370716430246,0.0006017889827489,0.0022591729648411,-0.0152592407539486,-0.0063113397918641,-0.0310078021138906,-0.0002267964591737,-0.0117746377363801,-0.0044242697767913,0.0031307986937463,-0.0060391835868358,-0.0221264120191335,0.0077954865992069,-0.0049847769550979,0.0,-0.0076943882741034,-0.0046639023348689,0.0052485805936157,0.0014856829075142,-0.0037153798621147,0.004336470272392,-0.0026077744551002,-0.0086354063823819,-0.0361158326268196,-0.002979967277497,0.0058548874221742,0.0644901767373085,-0.0361677519977092,-0.0147947641089558,0.0321683920919895,0.0230187270790338,-0.0120324110612273,-0.0110360952094197,-0.0063677439466118,-0.0196100231260061,0.0236796438694,0.0023206884507089,0.0010654126526787,0.004851184785366,0.0269419252872467,0.0042791245505213,0.0075789312832057,-0.0235987771302461,0.0151070337742567,0.0265189111232757,0.0040730466134846,0.0208197478204965,-0.0251917298883199,0.0239586792886257,0.0198352821171283,0.0228529373476435,0.0299861050379013,0.044722931386012,0.09997309593417,0.0258016767343309,0.1060749034038301,0.0340538806348063,0.0984950580952401,0.0467318257681383,0.2147102027369911,0.1527097345225159,0.1192497212021113,2019-02-20,2019-02-21,2019-02-22,2019-02-25,2019-02-26,2019-02-27,2019-02-28,2019-03-01,2019-03-04,2019-03-05,14338.0,2019-02-19,252.0,-0.4404%,-0.0003,0.9144,0.4322,-0.2027,1.1870%,1.5969%,44.7476%,-0.0069759999999999,HLT,14338.0,2019-02-20,252.0,2.3959%,-0.0002,0.9222,0.4568,-0.1729,1.1908%,1.6011%,44.6840%,0.022285,HLT,14338.0,2019-02-21,252.0,-0.1080%,-0.0002,0.9287,0.4706,-0.1609,1.1844%,1.5992%,45.1452%,0.002154,HLT,14338.0,2019-02-22,252.0,2.1381%,-0.0002,0.9272,0.4722,-0.1774,1.1862%,1.6048%,45.3604%,0.0102899999999999,HLT,14338.0,2019-02-25,252.0,-1.7406%,-0.0002,0.9259,0.4797,-0.1783,1.1892%,1.6071%,45.2450%,-0.017988,HLT,14338.0,2019-02-26,252.0,-0.0718%,-0.0002,0.9297,0.4713,-0.1797,1.1885%,1.6068%,45.2929%,0.003145,HLT,14338.0,2019-02-27,252.0,0.0000%,-0.0001,0.9421,0.4488,-0.1776,1.1752%,1.6018%,46.1719%,-0.002048,HLT,14338.0,2019-02-28,252.0,-0.2875%,-0.0,0.934,0.4432,-0.1834,1.1712%,1.5920%,45.8765%,-0.000588,HLT,14338.0,2019-03-01,252.0,0.8183%,-0.0001,0.9482,0.4643,-0.1611,1.1616%,1.5911%,46.6993%,-0.00065,HLT,14338.0,2019-03-04,252.0,-0.4774%,-0.0001,0.9435,0.4776,-0.1593,1.1602%,1.5881%,46.6274%,0.002552,HLT,14338.0,2019-03-05,252.0,0.7556%,0.0,0.946,0.504,-0.1613,1.1559%,1.5883%,47.0367%,0.010168,HLT,0.015309,0.017463,0.027753,0.01291,0.022344
20219,HELIX ENERGY SOLUTIONS GROUP INC,"Helix Energy Solutions Late Monday Reported Q4 EPS $(0.09) Missed $(0.07) Estimate, Sales $158.356M Beat $155.86M Estimate",6,uncertain,0.6,0.2,"while the sales beat expectations, the earnings miss could lead to mixed reactions from investors, making the overall impact on the stock price uncertain.",1,2019-02-19,HLX,2019-02-19 14:12:00+00:00,85168.0,42330P10,-0.0720108970999717,2123301.0,0.0614934228360652,0.0193906296044588,-0.0013793419348075,0.0097901672124862,0.0165746361017227,0.0084626153111457,0.0163043327629566,0.0320233292877674,0.0106951771304011,0.0269058030098676,0.0052910004742443,-0.023357642814517,-0.0263157654553651,-0.0269886441528797,-0.0216216649860143,-0.0028328585904091,0.0220994930714368,0.0085714207962155,-0.004054082557559,0.0086455252021551,-0.0149253271520137,0.0161054376512765,0.019283726811409,-0.0325779058039188,-0.0162161998450756,0.0056980000808835,0.0370879098773002,0.0159189775586128,0.0384105890989303,-0.0212464723736047,-0.0127551509067416,0.021707683801651,0.0116279274225235,0.0043604262173175,-0.054916962981224,0.0073206722736358,0.0702702701091766,-0.0407303310930728,-0.0126262502744793,0.0333817154169082,0.0204603374004364,0.0237741228193044,0.010025112889707,-0.0288600027561187,-0.0645161792635917,0.0297176539897918,0.0013262903084978,-0.0175182316452264,0.0225165020674467,0.0133135607466101,-0.0155440270900726,0.0180723443627357,0.014473701827228,-0.0030030002817511,0.0259403120726347,0.0183486063033342,0.0391909517347812,0.0651465952396392,-0.0255474485456943,0.0771929919719696,-0.0124844415113329,-0.0017513536149635,0.013906524516642,0.0554529018700122,0.0361595936119556,-0.0055147442035377,-0.0012033969396725,-0.0091074164956808,-0.0265060551464557,0.0091911237686872,0.0086633283644914,0.0441458784043788,-0.0220858696848154,-0.0440366566181182,-0.0025094079319387,-0.0570934936404228,0.0075472225435078,-0.0382695533335208,0.0074905697256326,-0.0383999645709991,0.008674181997776,0.0096930442377924,0.029484000056982,-0.0491551719605922,0.0250596702098846,-0.0195782594382762,-0.0011641710298135,-0.0634697154164314,-0.0233100019395351,0.0395894385874271,-0.0859188884496688,-0.0072779790498316,0.0300261136144399,-0.0497925505042076,0.0215463321655988,-0.0216508600860834,-0.0297767035663127,-0.1149701178073883,0.0191815365105867,-0.0199530590325593,-0.0376411192119121,0.039024468511343,0.0247718449681997,0.0024449271149933,-0.0152672212570905,0.0061500850133597,-0.0335916988551616,0.0252207182347774,0.0,0.0127713801339268,0.0,0.0595399290323257,-0.0066845174878835,-0.0537772178649902,-0.0067294365726411,0.0222513191401958,0.0365853644907474,-0.035353560000658,0.023529389873147,0.0193050317466259,0.0614934228360652,0.0193906296044588,0.060029260444425,0.0293706343231281,0.0775988596934695,0.0380818020139948,0.1068814100064901,0.1001494870406947,0.0790629527062702,0.0605187428406135,0.1727672589716014,0.2912281330507575,0.1464128951432906,-0.0527670399140719,2019-02-20,2019-02-21,2019-02-22,2019-02-25,2019-02-26,2019-02-27,2019-02-28,2019-03-01,2019-03-04,2019-03-05,85168.0,2019-02-19,252.0,-7.2011%,0.0007,1.7227,1.1004,1.7336,2.6076%,3.1214%,30.2134%,-0.084153,HLX,85168.0,2019-02-20,252.0,6.1493%,0.0009,1.7361,1.1336,1.7821,2.6226%,3.1450%,30.4620%,0.046165,HLX,85168.0,2019-02-21,252.0,-0.1379%,0.0012,1.714,1.0907,1.7417,2.5998%,3.1101%,30.1274%,0.009837,HLX,85168.0,2019-02-22,252.0,1.6575%,0.0014,1.7091,1.1364,1.7237,2.5971%,3.1079%,30.1719%,0.024937,HLX,85168.0,2019-02-25,252.0,1.6304%,0.0013,1.7129,1.1312,1.7352,2.5910%,3.1045%,30.3455%,0.019698,HLX,85168.0,2019-02-26,252.0,1.0695%,0.0014,1.7092,1.1001,1.7166,2.5957%,3.1032%,30.0317%,0.026302,HLX,85168.0,2019-02-27,252.0,0.5291%,0.0015,1.7154,1.0897,1.7176,2.5943%,3.1033%,30.1144%,0.003623,HLX,85168.0,2019-02-28,252.0,-2.6316%,0.0015,1.7111,1.0862,1.7189,2.5952%,3.0991%,29.8769%,-0.017022,HLX,85168.0,2019-03-01,252.0,-2.1622%,0.0015,1.6827,1.0438,1.6896,2.5930%,3.0760%,28.9378%,-0.030306,HLX,85168.0,2019-03-04,252.0,2.2099%,0.0015,1.685,1.0121,1.6945,2.5974%,3.0788%,28.8239%,0.028345,HLX,85168.0,2019-03-05,252.0,-0.4054%,0.0015,1.6839,1.0067,1.6921,2.5976%,3.0771%,28.7373%,0.005925,HLX,-0.037988,-0.028151,-0.003214,0.042786,0.033351
20227,HONDA MOTOR LTD,Honda Earlier Announced Global Automobile Manufacturing Restructure,6,uncertain,0.6,0.3,"while restructuring can lead to long-term efficiency and profitability, the immediate market reaction is unpredictable and may depend on investor sentiment and the specifics of the restructuring plan.",1,2019-02-19,HMC,2019-02-19 13:55:00+00:00,59555.0,43812830,0.006941856816411,857291.0,0.0018142650369554,0.0018302029930055,0.0043462123721838,0.0111028579995036,0.0158673115074634,0.0048345508985221,0.0078097023069858,0.0090056201443076,0.0042268699035048,-0.0041106357239186,-0.0021045058965682,-0.0092558311298489,-0.0063268998637795,-0.0185319855809211,0.0028298522811383,-0.0181947983801364,-0.0229276753962039,-0.0137227093800902,-0.0036101220175623,-0.0243734680116176,0.0014492394402623,-0.0312604121863842,-0.01953686773777,0.0016655308427289,-0.0018450606148689,0.0087365666404366,0.0140480985864996,-0.0043492526747286,-0.0032810845877975,-0.0039986949414014,0.00219456711784,0.0124831590801477,-0.0065693543292582,0.0116041013970971,0.0084497230127453,-0.0071162651292979,0.0047358525916934,-0.0084005380049347,0.0050761201418936,0.0074475053697824,-0.0093795182183384,0.0010166277643293,0.0072833490557968,0.0023777070455253,-0.0137382196262478,0.0003397971158847,-0.0058650970458984,0.0054663424380123,0.0129055483266711,0.0135042006149888,-0.0021439923439174,0.0062717208638787,0.005154616665095,0.0077247619628906,-0.0047618742100894,0.0237239338457584,0.0264997910708189,0.018674487248063,0.0039440877735614,0.0455589033663272,0.0049999780021607,-0.0135951172560453,0.0106610218062996,0.0011341692879796,0.0003516254946589,0.0015146124642342,-0.0073814056813716,0.0087853148579597,-0.0056657171808183,0.0065359505824744,0.0010684005683287,0.0212014503777027,-0.0131626054644584,-0.0166023280471563,0.0061283372342586,-0.0230102073401212,0.0021497479174286,-0.0093423016369342,0.0007150682504288,-0.0044642463326454,0.0121472012251615,0.0128107853233814,0.019414022564888,-0.0137494960799813,-0.0183517578989267,-0.0117517337203025,0.0056437333114445,-0.0011005387641489,-0.0291125886142253,0.0183040630072355,0.0032514506019651,-0.0011193574173375,0.0075620841234922,-0.0033469749614596,0.0010722189908847,-0.0132110314443707,-0.0042842142283916,-0.0155346933752298,-0.0057368180714547,-0.0362116657197475,0.0018031426006928,0.0195242892950773,0.0064794239588081,0.0125808911398053,-0.0085836835205554,-0.0078459773212671,-0.0043289656750857,0.0003567687817849,-0.0307971145957708,-0.0091905342414975,-0.0272897016257047,0.0190922431647777,0.0026902265381067,-0.0060866479761898,-0.0256803408265113,0.0119565185159444,0.0078678503632545,-0.0160427410155534,0.00819668546319,-0.0056717423722147,0.0018142650369554,0.0018302029930055,0.0061683625902893,0.0129533814764506,0.0221335494284637,0.0178505561570285,0.0344702749422116,0.0227952391412256,0.0014514124321705,-0.0604187577611238,0.02535815136116,0.0478560422030531,-0.0541071069651982,-0.0297766185075709,2019-02-20,2019-02-21,2019-02-22,2019-02-25,2019-02-26,2019-02-27,2019-02-28,2019-03-01,2019-03-04,2019-03-05,59555.0,2019-02-19,252.0,0.6942%,-0.001,0.8137,-0.0707,0.2946,1.0140%,1.2951%,38.6989%,0.004654,HMC,59555.0,2019-02-20,252.0,0.1814%,-0.001,0.8132,-0.0732,0.2927,1.0138%,1.2950%,38.7157%,-0.001297,HMC,59555.0,2019-02-21,252.0,0.4346%,-0.001,0.813,-0.0717,0.2922,1.0148%,1.2954%,38.6285%,0.007877,HMC,59555.0,2019-02-22,252.0,1.5867%,-0.0009,0.8107,-0.0678,0.2676,1.0198%,1.2995%,38.4153%,0.015172,HMC,59555.0,2019-02-25,252.0,0.7810%,-0.0009,0.8113,-0.071,0.2684,1.0203%,1.3003%,38.4304%,0.0067989999999999,HMC,59555.0,2019-02-26,252.0,0.4227%,-0.0009,0.8065,-0.0758,0.2624,1.0205%,1.2957%,37.9623%,0.005856,HMC,59555.0,2019-02-27,252.0,-0.2105%,-0.0009,0.8034,-0.0708,0.2618,1.0197%,1.2917%,37.6864%,-0.002472,HMC,59555.0,2019-02-28,252.0,-0.6327%,-0.001,0.8075,-0.0681,0.2653,1.0189%,1.2920%,37.8090%,-0.003267,HMC,59555.0,2019-03-01,252.0,0.2830%,-0.001,0.8055,-0.071,0.2626,1.0187%,1.2898%,37.6179%,-0.001815,HMC,59555.0,2019-03-04,252.0,-2.2928%,-0.001,0.8005,-0.0371,0.26,1.0210%,1.2869%,37.0589%,-0.020137,HMC,59555.0,2019-03-05,252.0,-0.3610%,-0.0009,0.8032,-0.0167,0.2622,1.0185%,1.2862%,37.2972%,-0.00183,HMC,0.0033569999999999,0.011234,0.026406,0.039061,0.0095399999999999
20235,H S B C HOLDINGS PLC,"HSBC Holdings shares are trading lower after the company reported FY18 pretax profits of $19.89 billion, below the $21.41 billion consensus estimate.",6,decrease,0.8,0.7,"the reported pretax profits were significantly below the consensus estimate, which is likely to lead to negative investor sentiment and a decrease in stock price.",0,2019-02-19,HSBC,2019-02-19 13:44:00+00:00,87033.0,40428040,-0.0299065131694078,6952003.0,0.0146917290985584,0.0101486975327134,-0.0064087286591529,0.000944887753576,-0.0024504358880221,0.0054632630199193,-0.0029476524796336,0.0100767314434051,0.0041881785728037,-0.0016766394255682,0.009077594615519,-0.001673833001405,-0.0072939274832606,-0.0066508026793599,-0.0053882244974374,-0.0056684385053813,0.0017237057909369,0.0088157951831817,0.0078662661835551,0.006233568303287,-0.0007316775154322,-0.0099691897630691,-0.0024408660829067,-0.008239135146141,0.0,0.0095056481659412,0.0034254805650562,0.0110524483025074,0.0014630913501605,-0.0057334369048476,0.0012174150906503,0.0108669586479663,0.000486392469611,-0.0055235242471098,0.0065629668533802,0.0062831877730786,0.0028978250920772,-0.0128816105425357,-0.0036117918789386,0.0103638581931591,-0.0041083125397562,-0.0012036407133564,-0.0033972188830375,0.00776321394369,-0.0158266741782426,0.0058565563522279,0.0002474551438353,-0.0106228543445467,0.0037101539783179,-0.0026487023569643,0.0017249800730496,0.0021718183998018,-0.0034441130701452,0.0068026916123926,0.0017280550673604,0.0026796739548444,0.0290782768279314,-0.0134583357721567,0.0093391574919223,0.0291862543672323,0.0094898622483015,-0.0110078463330864,-0.0058754407800734,-0.0055947345681488,0.0042553264647722,0.0009739692322909,0.0018832823261618,0.0090908827260136,0.0016447296366095,-0.0128546878695488,-0.002111192792654,0.0213029626756906,0.0011753464350476,-0.0046844780445098,0.0105658788233995,-0.010248857550323,-0.0034851655364036,0.0158651303499937,0.0102588590234518,-0.0110321342945098,0.0030001671984791,0.0022113060113042,-0.0048320083878934,-0.0048899939283728,-0.0006936133722774,-0.010164525359869,-0.0016196134965866,-0.000725484394934,-0.0074159833602607,0.0270740240812301,-0.0016344502801075,-0.0037119903136044,0.0072497986257076,-0.0107710808515548,0.0053401333279907,-0.0039014839567244,0.0062355767004191,-0.036192737519741,-0.0084920572116971,-0.0211640670895576,0.0062500103376805,0.0218617841601371,0.0282953642308712,-0.0063069481402635,-0.0203579384833574,-0.0106309009715914,-0.0146151948720216,0.0098016802221536,-0.0071842726320028,-0.0074125481769442,-0.0014005922712385,0.0342596173286438,0.0018700755899772,-0.0031047828961163,-0.0184321254491806,0.0199756324291229,0.0019016361329704,-0.0205201767385006,0.0097271613776683,-0.0078125428408384,0.0146917290985584,0.0101486975327134,0.008188845134079,0.0111031746663028,0.0057183430060587,0.0166270972497803,0.0069535469633512,0.0251496824537262,0.0128826577811957,0.0261328257821986,0.0412928204796263,0.0586198096968624,0.051421643799467,0.013257513851602,2019-02-20,2019-02-21,2019-02-22,2019-02-25,2019-02-26,2019-02-27,2019-02-28,2019-03-01,2019-03-04,2019-03-05,87033.0,2019-02-19,252.0,-2.9907%,-0.0007,0.6971,0.0915,0.5936,0.9011%,1.1246%,35.8062%,-0.0335009999999999,HSBC,87033.0,2019-02-20,252.0,1.4692%,-0.0006,0.7,0.0975,0.6037,0.9035%,1.1287%,35.9332%,0.0098009999999999,HSBC,87033.0,2019-02-21,252.0,-0.6409%,-0.0005,0.6907,0.0781,0.5866,0.8873%,1.1100%,36.1039%,-0.002462,HSBC,87033.0,2019-02-22,252.0,-0.2450%,-0.0006,0.6907,0.0723,0.5812,0.8869%,1.1098%,36.1422%,0.001154,HSBC,87033.0,2019-02-25,252.0,-0.2948%,-0.0006,0.6908,0.0736,0.5824,0.8869%,1.1099%,36.1378%,-0.0028499999999999,HSBC,87033.0,2019-02-26,252.0,0.4188%,-0.0005,0.6923,0.0608,0.577,0.8878%,1.1099%,36.0265%,0.007586,HSBC,87033.0,2019-02-27,252.0,0.9078%,-0.0004,0.6961,0.0569,0.5776,0.8883%,1.1116%,36.1390%,0.008931,HSBC,87033.0,2019-02-28,252.0,-0.7294%,-0.0004,0.6911,0.0533,0.5748,0.8861%,1.1060%,35.8118%,-0.003803,HSBC,87033.0,2019-03-01,252.0,-0.5388%,-0.0004,0.6891,0.0504,0.5754,0.8875%,1.1046%,35.4497%,-0.008309,HSBC,87033.0,2019-03-04,252.0,0.1724%,-0.0005,0.6922,0.0367,0.5753,0.8864%,1.1047%,35.6108%,0.003174,HSBC,87033.0,2019-03-05,252.0,0.7866%,-0.0004,0.6914,0.0376,0.5707,0.8886%,1.1058%,35.4298%,0.010447,HSBC,-0.0237,-0.0261619999999999,-0.025008,-0.020272,-0.009832
20243,H S B C HOLDINGS PLC,"HSBC Reports FY 2018 Pretax Profit of $19.89B, Below Analyst Estimate of $21.41B",6,decrease,0.8,0.6,"the reported pretax profit being below analyst estimates typically signals weaker performance than expected, which can lead to a decline in stock price.",0,2019-02-19,HSBC,2019-02-19 09:22:00+00:00,87033.0,40428040,-0.0299065131694078,6952003.0,0.0146917290985584,0.0101486975327134,-0.0064087286591529,0.000944887753576,-0.0024504358880221,0.0054632630199193,-0.0029476524796336,0.0100767314434051,0.0041881785728037,-0.0016766394255682,0.009077594615519,-0.001673833001405,-0.0072939274832606,-0.0066508026793599,-0.0053882244974374,-0.0056684385053813,0.0017237057909369,0.0088157951831817,0.0078662661835551,0.006233568303287,-0.0007316775154322,-0.0099691897630691,-0.0024408660829067,-0.008239135146141,0.0,0.0095056481659412,0.0034254805650562,0.0110524483025074,0.0014630913501605,-0.0057334369048476,0.0012174150906503,0.0108669586479663,0.000486392469611,-0.0055235242471098,0.0065629668533802,0.0062831877730786,0.0028978250920772,-0.0128816105425357,-0.0036117918789386,0.0103638581931591,-0.0041083125397562,-0.0012036407133564,-0.0033972188830375,0.00776321394369,-0.0158266741782426,0.0058565563522279,0.0002474551438353,-0.0106228543445467,0.0037101539783179,-0.0026487023569643,0.0017249800730496,0.0021718183998018,-0.0034441130701452,0.0068026916123926,0.0017280550673604,0.0026796739548444,0.0290782768279314,-0.0134583357721567,0.0093391574919223,0.0291862543672323,0.0094898622483015,-0.0110078463330864,-0.0058754407800734,-0.0055947345681488,0.0042553264647722,0.0009739692322909,0.0018832823261618,0.0090908827260136,0.0016447296366095,-0.0128546878695488,-0.002111192792654,0.0213029626756906,0.0011753464350476,-0.0046844780445098,0.0105658788233995,-0.010248857550323,-0.0034851655364036,0.0158651303499937,0.0102588590234518,-0.0110321342945098,0.0030001671984791,0.0022113060113042,-0.0048320083878934,-0.0048899939283728,-0.0006936133722774,-0.010164525359869,-0.0016196134965866,-0.000725484394934,-0.0074159833602607,0.0270740240812301,-0.0016344502801075,-0.0037119903136044,0.0072497986257076,-0.0107710808515548,0.0053401333279907,-0.0039014839567244,0.0062355767004191,-0.036192737519741,-0.0084920572116971,-0.0211640670895576,0.0062500103376805,0.0218617841601371,0.0282953642308712,-0.0063069481402635,-0.0203579384833574,-0.0106309009715914,-0.0146151948720216,0.0098016802221536,-0.0071842726320028,-0.0074125481769442,-0.0014005922712385,0.0342596173286438,0.0018700755899772,-0.0031047828961163,-0.0184321254491806,0.0199756324291229,0.0019016361329704,-0.0205201767385006,0.0097271613776683,-0.0078125428408384,0.0146917290985584,0.0101486975327134,0.008188845134079,0.0111031746663028,0.0057183430060587,0.0166270972497803,0.0069535469633512,0.0251496824537262,0.0128826577811957,0.0261328257821986,0.0412928204796263,0.0586198096968624,0.051421643799467,0.013257513851602,2019-02-20,2019-02-21,2019-02-22,2019-02-25,2019-02-26,2019-02-27,2019-02-28,2019-03-01,2019-03-04,2019-03-05,87033.0,2019-02-19,252.0,-2.9907%,-0.0007,0.6971,0.0915,0.5936,0.9011%,1.1246%,35.8062%,-0.0335009999999999,HSBC,87033.0,2019-02-20,252.0,1.4692%,-0.0006,0.7,0.0975,0.6037,0.9035%,1.1287%,35.9332%,0.0098009999999999,HSBC,87033.0,2019-02-21,252.0,-0.6409%,-0.0005,0.6907,0.0781,0.5866,0.8873%,1.1100%,36.1039%,-0.002462,HSBC,87033.0,2019-02-22,252.0,-0.2450%,-0.0006,0.6907,0.0723,0.5812,0.8869%,1.1098%,36.1422%,0.001154,HSBC,87033.0,2019-02-25,252.0,-0.2948%,-0.0006,0.6908,0.0736,0.5824,0.8869%,1.1099%,36.1378%,-0.0028499999999999,HSBC,87033.0,2019-02-26,252.0,0.4188%,-0.0005,0.6923,0.0608,0.577,0.8878%,1.1099%,36.0265%,0.007586,HSBC,87033.0,2019-02-27,252.0,0.9078%,-0.0004,0.6961,0.0569,0.5776,0.8883%,1.1116%,36.1390%,0.008931,HSBC,87033.0,2019-02-28,252.0,-0.7294%,-0.0004,0.6911,0.0533,0.5748,0.8861%,1.1060%,35.8118%,-0.003803,HSBC,87033.0,2019-03-01,252.0,-0.5388%,-0.0004,0.6891,0.0504,0.5754,0.8875%,1.1046%,35.4497%,-0.008309,HSBC,87033.0,2019-03-04,252.0,0.1724%,-0.0005,0.6922,0.0367,0.5753,0.8864%,1.1047%,35.6108%,0.003174,HSBC,87033.0,2019-03-05,252.0,0.7866%,-0.0004,0.6914,0.0376,0.5707,0.8886%,1.1058%,35.4298%,0.010447,HSBC,-0.0237,-0.0261619999999999,-0.025008,-0.020272,-0.009832
20251,HUDSON GLOBAL INC,Hudson Global Announces Plan To Launch Tender Offer,6,increase,0.75,0.6,"tender offers are often seen as a positive signal by investors, indicating that the company is willing to buy back shares, which can lead to an increase in stock price.",2,2019-02-19,HSON,2019-02-19 14:08:00+00:00,89698.0,44378720,0.0281690713018178,21367.0,-0.0068493084982037,0.0142857013270258,0.0,-0.0209790021181106,0.0620689056813716,-0.013793172314763,0.0194805786013603,0.0211268253624439,-0.0636942833662033,0.0142857013270258,0.0360544025897979,-0.0243902225047349,0.0242941174656152,-0.030405456200242,-0.0064102504402399,0.0496454276144504,-0.0129032135009765,-0.0536913052201271,-0.00653594173491,0.0347221866250038,-0.0328947044909,-0.0270270016044378,0.0204081442207098,0.0349650867283344,0.0066666603088378,-0.0034843173343688,0.0264900419861078,0.0105633707717061,-0.0193548202514648,-0.0213645882904529,0.0,0.0514492616057395,-0.0065789413638412,-0.0281689874827861,0.0135099655017256,0.036496315151453,-0.0198641121387481,-0.028368767350912,0.0066666603088378,0.0291970521211624,-0.0066225104965269,-0.028368767350912,0.0133333206176757,0.0071428506635129,-0.0131578827276825,0.0071942377835512,0.0066666603088378,-0.0070719150826334,0.0033112552482634,-7.144042319850996e-05,0.0033003268763422,-0.014084493741393,0.01973682269454,0.007092191837728,-0.0193548202514648,-0.0190622080117464,0.01973682269454,0.0341007187962532,0.0193548984825611,0.0145985260605812,-0.0253165066242218,-0.0680272281169891,0.0194805786013603,0.0888888910412788,0.0509553626179695,-0.0217391103506088,-0.0545454770326614,0.0072992630302906,0.0448718294501304,-0.0214285515248775,-0.0184048898518085,-0.0277778338640928,0.0187499821186065,0.1076923906803131,-0.012269927188754,-0.0151515901088714,0.0,-0.0222222004085779,0.0062111741863191,-0.0073529342189431,0.0,-0.0285714026540517,0.002283961744979,0.0071942377835512,0.0051733469590544,-0.0211267415434122,0.0109674595296382,0.0142857013270258,-0.0303030014038085,-0.0277778338640928,-0.0062499940395355,-0.0068965447135269,0.0188679061830043,0.0283688530325889,0.0246913339942693,0.0,-0.0421686358749866,-0.013986000791192,0.006289301905781,-0.013793172314763,0.0062499940395355,0.0357143357396125,-0.0062111741863191,-0.0476190820336341,-0.0187499821186065,0.0425532348453998,0.0191082619130611,-0.0091356374323368,-0.012499988079071,-0.0048950836062431,-0.0253165066242218,-0.0466667003929615,0.0064935004338622,0.0344827249646186,0.0129032908007502,0.0139860846102237,-0.04140130802989,-0.0272109396755695,0.0033222560305148,0.0279720854014158,-0.0068493084982037,0.0142857013270258,-0.0068493084982037,-0.0069930005494831,0.0547944681000103,-0.0206897172026699,0.0068493063484162,0.0142857014463411,0.0410958481788226,-0.0138889613738698,0.0821917829504339,0.0364963150356416,0.0342465401534999,-0.0069930093632032,2019-02-20,2019-02-21,2019-02-22,2019-02-25,2019-02-26,2019-02-27,2019-02-28,2019-03-01,2019-03-04,2019-03-05,89698.0,2019-02-19,252.0,2.8169%,-0.0012,-0.0823,0.3009,-0.2483,2.9252%,2.9351%,0.6741%,0.028235,HSON,89698.0,2019-02-20,252.0,-0.6849%,-0.0012,-0.0815,0.313,-0.2426,2.9216%,2.9318%,0.6924%,-0.006089,HSON,89698.0,2019-02-21,252.0,0.0000%,-0.0012,-0.0811,0.3137,-0.242,2.9216%,2.9318%,0.6929%,-0.00074,HSON,89698.0,2019-02-22,252.0,6.2069%,-0.0009,-0.0904,0.3483,-0.3216,2.9424%,2.9572%,0.9988%,0.057213,HSON,89698.0,2019-02-25,252.0,1.9481%,-0.0008,-0.0912,0.3373,-0.3301,2.9451%,2.9598%,0.9916%,0.019843,HSON,89698.0,2019-02-26,252.0,-6.3694%,-0.0009,-0.0592,0.3927,-0.2781,2.9639%,2.9787%,0.9896%,-0.06287,HSON,89698.0,2019-02-27,252.0,3.6054%,-0.0008,-0.0667,0.4166,-0.2792,2.9701%,2.9859%,1.0559%,0.034928,HSON,89698.0,2019-02-28,252.0,2.4294%,-0.0008,-0.0685,0.4162,-0.2861,2.9737%,2.9898%,1.0719%,0.023206,HSON,89698.0,2019-03-01,252.0,-0.6410%,-0.0008,-0.0758,0.4054,-0.2939,2.9735%,2.9894%,1.0605%,-0.008359,HSON,89698.0,2019-03-04,252.0,-1.2903%,-0.0008,-0.0766,0.417,-0.2957,2.9740%,2.9904%,1.0936%,-0.01062,HSON,89698.0,2019-03-05,252.0,-0.6536%,-0.0008,-0.0769,0.4113,-0.2939,2.9741%,2.9899%,1.0572%,-0.006173,HSON,0.022146,0.0214059999999999,0.078619,0.035592,0.068574
20259,HEALTHSTREAM INC,"HealthStream Sees FY19 Consolidated Sales $251M-$258M vs $241.7M Estimate, Operating Income $10M-$12.4M",6,increase,0.75,0.6,"the reported sales figures exceed estimates, which is likely to positively influence investor sentiment and drive the stock price up.",2,2019-02-19,HSTM,2019-02-19 21:53:00+00:00,88167.0,42222N10,0.0033482201397418,160616.0,0.0355951450765132,0.0212765764445066,-0.010025086812675,0.005731739103794,-0.0137431882321834,-0.0041857156902551,-0.0040337592363357,0.0154560096561908,-0.0062592076137661,0.0149019276723265,0.0140793286263942,0.0079051684588193,0.0157105736434459,-0.0117187947034835,0.0039568566717207,-0.0077518937177956,-0.0236474331468343,0.0181530807167291,-0.0007339617586694,0.0103668356314301,-0.0319500155746936,-0.0031796472612768,-0.0015174853615462,0.0132903717458248,-0.0015197191387414,0.0068937581963837,0.0205479077994823,-0.0143885137513279,0.0123042482882738,-0.0211267229169607,0.0092081036418676,0.0035335749853402,0.0047445646487176,0.0216606091707944,0.00290591805242,0.0012048468925058,0.014849686063826,-0.0142518058419227,0.0082084061577916,0.0079808766022324,-0.0067256824113428,0.0112993856891989,0.0135424472391605,0.006907763890922,-0.0207454338669776,0.0069558131508529,0.0050269081257283,-0.0141186108812689,0.0085744829848408,-0.0052166595123708,-0.0113354483619332,0.0080906460061669,0.0085990605875849,0.0012150174006819,-0.0031971635762602,0.0089906509965658,0.0096222544088959,0.0012274459004402,-0.00458874553442,0.0225941818207502,0.000354550400516,-0.0172697398811578,0.0007089846767485,0.0070393406786024,0.0056677241809666,0.0062499842606484,-0.0052835373207926,0.0016694873338565,0.0007082315278239,0.0067226830869913,0.0230006948113441,0.0271902959793806,-0.0096852537244558,-0.0047251121141016,-0.0059378300793468,-0.0295956265181303,0.0031623386312276,-0.0016646239673718,-0.0171628650277853,-0.0143559677526354,-0.0402708202600479,-0.0057096774689853,0.0059413234703242,-0.0331230349838733,0.0040605613030493,-0.0242400597780942,-0.0514706410467624,0.0019274955848231,0.0174418911337852,0.0192534290254116,-0.0137143088504672,0.004737498704344,0.0154500398784875,0.0160449109971523,0.0045644324272871,-0.0292056072503328,-0.0087088048458099,0.0528905689716339,0.0015278459759429,-0.0181159731000661,0.0068650003522634,0.0081169139593839,0.0234848801046609,0.0069472854956984,0.01480383425951,-0.0004085060791112,-0.0506929010152816,0.021276606246829,0.0069150361232459,0.0075661367736756,0.0068676196970045,-0.0029337676241993,-0.0049260766245424,0.0093063125386834,-0.0266565401107072,0.00169487320818,0.0089984918013215,-0.0008467594161629,0.0046529248356819,-0.0271828602999448,0.0355951450765132,0.0212765764445066,0.0252132138443363,0.0271302673335025,0.011123515668352,0.0228309920575886,0.0007415838247855,0.054117614083269,0.0096403526578356,0.071770303986921,0.0456062899306464,0.1246861742379874,-0.0393029019568981,0.107083953616041,2019-02-20,2019-02-21,2019-02-22,2019-02-25,2019-02-26,2019-02-27,2019-02-28,2019-03-01,2019-03-04,2019-03-05,88167.0,2019-02-19,252.0,0.3348%,0.0005,0.6833,0.9376,-0.2503,1.4409%,1.7438%,31.7201%,1.4e-05,HSTM,88167.0,2019-02-20,252.0,3.5595%,0.0005,0.6899,0.94,-0.2302,1.4453%,1.7468%,31.5425%,0.033511,HSTM,88167.0,2019-02-21,252.0,-1.0025%,0.0005,0.6899,0.9382,-0.2302,1.4458%,1.7464%,31.4602%,-0.0074439999999999,HSTM,88167.0,2019-02-22,252.0,-1.3743%,0.0002,0.6974,0.8394,-0.2304,1.3896%,1.6889%,32.2966%,-0.026871,HSTM,88167.0,2019-02-25,252.0,-0.4034%,0.0003,0.6938,0.8376,-0.2447,1.3761%,1.6786%,32.7989%,-0.003412,HSTM,88167.0,2019-02-26,252.0,-0.6259%,0.0003,0.7046,0.8285,-0.2412,1.3716%,1.6780%,33.1894%,-0.000696,HSTM,88167.0,2019-02-27,252.0,1.4079%,0.0003,0.7005,0.839,-0.2419,1.3720%,1.6781%,33.1510%,0.011482,HSTM,88167.0,2019-02-28,252.0,1.5711%,0.0004,0.7003,0.8394,-0.2459,1.3755%,1.6804%,32.9996%,0.01701,HSTM,88167.0,2019-03-01,252.0,0.3957%,0.0004,0.6931,0.8286,-0.2548,1.3743%,1.6753%,32.7006%,-0.004594,HSTM,88167.0,2019-03-04,252.0,-2.3647%,0.0003,0.693,0.8433,-0.2582,1.3778%,1.6822%,32.9082%,-0.015825,HSTM,88167.0,2019-03-05,252.0,-0.0734%,0.0003,0.6923,0.8387,-0.2594,1.3779%,1.6785%,32.6177%,0.002349,HSTM,0.033525,0.026081,-0.0007899999999999,-0.004898,0.005524
20267,HEALTHSTREAM INC,"HealthStream Q4 EPS $0.09 Beats $0.05 Estimate, Sales $59.8M Beat $58.92M Estimate",6,increase,0.8,0.7,"the company reported better-than-expected earnings and sales, which typically boosts investor confidence and can lead to an increase in stock price.",2,2019-02-19,HSTM,2019-02-19 21:52:00+00:00,88167.0,42222N10,0.0033482201397418,160616.0,0.0355951450765132,0.0212765764445066,-0.010025086812675,0.005731739103794,-0.0137431882321834,-0.0041857156902551,-0.0040337592363357,0.0154560096561908,-0.0062592076137661,0.0149019276723265,0.0140793286263942,0.0079051684588193,0.0157105736434459,-0.0117187947034835,0.0039568566717207,-0.0077518937177956,-0.0236474331468343,0.0181530807167291,-0.0007339617586694,0.0103668356314301,-0.0319500155746936,-0.0031796472612768,-0.0015174853615462,0.0132903717458248,-0.0015197191387414,0.0068937581963837,0.0205479077994823,-0.0143885137513279,0.0123042482882738,-0.0211267229169607,0.0092081036418676,0.0035335749853402,0.0047445646487176,0.0216606091707944,0.00290591805242,0.0012048468925058,0.014849686063826,-0.0142518058419227,0.0082084061577916,0.0079808766022324,-0.0067256824113428,0.0112993856891989,0.0135424472391605,0.006907763890922,-0.0207454338669776,0.0069558131508529,0.0050269081257283,-0.0141186108812689,0.0085744829848408,-0.0052166595123708,-0.0113354483619332,0.0080906460061669,0.0085990605875849,0.0012150174006819,-0.0031971635762602,0.0089906509965658,0.0096222544088959,0.0012274459004402,-0.00458874553442,0.0225941818207502,0.000354550400516,-0.0172697398811578,0.0007089846767485,0.0070393406786024,0.0056677241809666,0.0062499842606484,-0.0052835373207926,0.0016694873338565,0.0007082315278239,0.0067226830869913,0.0230006948113441,0.0271902959793806,-0.0096852537244558,-0.0047251121141016,-0.0059378300793468,-0.0295956265181303,0.0031623386312276,-0.0016646239673718,-0.0171628650277853,-0.0143559677526354,-0.0402708202600479,-0.0057096774689853,0.0059413234703242,-0.0331230349838733,0.0040605613030493,-0.0242400597780942,-0.0514706410467624,0.0019274955848231,0.0174418911337852,0.0192534290254116,-0.0137143088504672,0.004737498704344,0.0154500398784875,0.0160449109971523,0.0045644324272871,-0.0292056072503328,-0.0087088048458099,0.0528905689716339,0.0015278459759429,-0.0181159731000661,0.0068650003522634,0.0081169139593839,0.0234848801046609,0.0069472854956984,0.01480383425951,-0.0004085060791112,-0.0506929010152816,0.021276606246829,0.0069150361232459,0.0075661367736756,0.0068676196970045,-0.0029337676241993,-0.0049260766245424,0.0093063125386834,-0.0266565401107072,0.00169487320818,0.0089984918013215,-0.0008467594161629,0.0046529248356819,-0.0271828602999448,0.0355951450765132,0.0212765764445066,0.0252132138443363,0.0271302673335025,0.011123515668352,0.0228309920575886,0.0007415838247855,0.054117614083269,0.0096403526578356,0.071770303986921,0.0456062899306464,0.1246861742379874,-0.0393029019568981,0.107083953616041,2019-02-20,2019-02-21,2019-02-22,2019-02-25,2019-02-26,2019-02-27,2019-02-28,2019-03-01,2019-03-04,2019-03-05,88167.0,2019-02-19,252.0,0.3348%,0.0005,0.6833,0.9376,-0.2503,1.4409%,1.7438%,31.7201%,1.4e-05,HSTM,88167.0,2019-02-20,252.0,3.5595%,0.0005,0.6899,0.94,-0.2302,1.4453%,1.7468%,31.5425%,0.033511,HSTM,88167.0,2019-02-21,252.0,-1.0025%,0.0005,0.6899,0.9382,-0.2302,1.4458%,1.7464%,31.4602%,-0.0074439999999999,HSTM,88167.0,2019-02-22,252.0,-1.3743%,0.0002,0.6974,0.8394,-0.2304,1.3896%,1.6889%,32.2966%,-0.026871,HSTM,88167.0,2019-02-25,252.0,-0.4034%,0.0003,0.6938,0.8376,-0.2447,1.3761%,1.6786%,32.7989%,-0.003412,HSTM,88167.0,2019-02-26,252.0,-0.6259%,0.0003,0.7046,0.8285,-0.2412,1.3716%,1.6780%,33.1894%,-0.000696,HSTM,88167.0,2019-02-27,252.0,1.4079%,0.0003,0.7005,0.839,-0.2419,1.3720%,1.6781%,33.1510%,0.011482,HSTM,88167.0,2019-02-28,252.0,1.5711%,0.0004,0.7003,0.8394,-0.2459,1.3755%,1.6804%,32.9996%,0.01701,HSTM,88167.0,2019-03-01,252.0,0.3957%,0.0004,0.6931,0.8286,-0.2548,1.3743%,1.6753%,32.7006%,-0.004594,HSTM,88167.0,2019-03-04,252.0,-2.3647%,0.0003,0.693,0.8433,-0.2582,1.3778%,1.6822%,32.9082%,-0.015825,HSTM,88167.0,2019-03-05,252.0,-0.0734%,0.0003,0.6923,0.8387,-0.2594,1.3779%,1.6785%,32.6177%,0.002349,HSTM,0.033525,0.026081,-0.0007899999999999,-0.004898,0.005524
20275,HAVERTY FURNITURE COS INC,"Haverty Q4 EPS $0.45 Beats $0.35 Estimate, Sales $208.968M Miss $213.79M Estimate",6,uncertain,0.6,0.3,"while haverty's eps beat estimates, the sales miss could lead to mixed investor reactions, making the overall impact on stock price uncertain.",1,2019-02-19,HVT,2019-02-19 22:00:00+00:00,41217.0,41959610,-0.0183486063033342,152937.0,0.0785046890377998,0.0356294550001621,0.0021663447842001,0.0038149701431393,0.0051881037652492,-0.0071023446507751,0.0111828055232763,0.0242483019828796,0.0280731543898582,0.0117763336747884,0.0082747526466846,-0.0029354877769947,-0.0004103499522898,-0.010648563504219,0.0036945873871445,-0.0086372504010796,-0.0065439608879387,0.012633635662496,0.0123507296666503,0.0117993988096714,-0.0036600306630134,-0.0014727876987308,-0.0102040814235806,0.0094152893871068,-0.014845386147499,0.0074887475930154,0.0167434718459844,-0.0108641637489199,-0.0172910802066326,0.0059612938202917,0.0033769491128623,0.0223462991416454,-0.0168279185891151,0.0025458831805735,-0.0201113056391477,0.0071794558316469,0.0048035201616585,-0.0121580436825752,-0.0165146049112081,0.0066292276605963,-0.0017675213748589,0.0129132224246859,0.0088535090908408,0.0051921275444328,-0.0320316553115844,-0.0051653087139129,0.0126926880329847,-0.0036026604939252,0.0067143966443836,-0.006138052791357,0.0057803941890597,-0.0071102739311754,0.0013262059073895,-0.0075604645535349,-0.0339956060051918,0.0137966508045792,0.0502742417156696,0.0198019351810216,-0.006527398712933,0.011597323231399,0.0306614432483911,-0.0062860576435923,0.0084997387602925,0.0165068935602903,0.0109566049650311,0.0069705666974186,0.0112547082826495,0.0075634461827576,-0.0061830016784369,-0.0138519033789634,0.0116133876144886,0.0347299389541149,0.0036900432314723,-0.011982636526227,-0.0036764768883585,-0.000544378242921,0.0036900432314723,-0.0280422642827034,-0.0073529537767171,-0.010989062488079,0.0144033087417483,-0.0036496191751211,-0.0186612214893102,-0.003118475433439,-0.0243902504444122,-0.0046559832990169,0.0088982665911316,-0.0087179522961378,0.0071398606523871,0.0135135259479284,-0.0104253543540835,-0.0163599029183387,-0.002528422512114,-0.0131180742755532,0.0084495460614562,-0.0124564031139016,-0.0020947274751961,0.0004985159030184,-0.1868177503347397,-0.0551106967031955,-0.0129065560176968,0.0361151657998561,0.0078451680019497,-0.0018424370791763,0.0010379065060988,-0.0136302197352051,-0.0373250991106033,0.0018207062967121,-0.0005385152762755,0.0045724036172032,-0.0059266542084515,0.0055172801949083,0.0054199714213609,0.0074108312837779,-0.0339622199535369,0.0145676434040069,0.0100446594879031,-0.016635799780488,-0.0066298805177211,0.0207546520978212,0.0785046890377998,0.0356294550001621,0.0808411020456323,0.0395803504503433,0.0864486178367913,0.0321968925092712,0.1294392772396426,0.0696761596029948,0.1490654496054351,0.0717796984164362,0.0749283158484572,0.149182920197874,-0.1534292249332255,0.0875207568074989,2019-02-20,2019-02-21,2019-02-22,2019-02-25,2019-02-26,2019-02-27,2019-02-28,2019-03-01,2019-03-04,2019-03-05,41217.0,2019-02-19,252.0,-1.8349%,0.0004,0.8214,1.2234,0.6877,1.4587%,1.7527%,30.7346%,-0.025698,HVT,41217.0,2019-02-20,252.0,7.8505%,0.0007,0.8418,1.2736,0.7617,1.5218%,1.8201%,30.0947%,0.07037,HVT,41217.0,2019-02-21,252.0,0.2166%,0.0008,0.8341,1.2593,0.7474,1.5186%,1.8112%,29.6944%,0.007825,HVT,41217.0,2019-02-22,252.0,0.5188%,0.0009,0.8319,1.3045,0.7632,1.5044%,1.8046%,30.5073%,0.003727,HVT,41217.0,2019-02-25,252.0,1.1183%,0.0009,0.8338,1.2996,0.7673,1.5034%,1.8037%,30.5231%,0.0146,HVT,41217.0,2019-02-26,252.0,2.8073%,0.0011,0.826,1.2525,0.7377,1.5234%,1.8113%,29.2655%,0.040157,HVT,41217.0,2019-02-27,252.0,0.8275%,0.0011,0.8266,1.2529,0.7378,1.5237%,1.8119%,29.2813%,0.005937,HVT,41217.0,2019-02-28,252.0,-0.0410%,0.0012,0.8155,1.2454,0.7291,1.5187%,1.8006%,28.8606%,0.003646,HVT,41217.0,2019-03-01,252.0,0.3695%,0.0011,0.824,1.258,0.7442,1.5158%,1.8006%,29.1364%,-0.002962,HVT,41217.0,2019-03-04,252.0,-0.6544%,0.0011,0.8282,1.2453,0.7428,1.5148%,1.7999%,29.1693%,-0.0002199999999999,HVT,41217.0,2019-03-05,252.0,1.2351%,0.0012,0.8281,1.2567,0.736,1.5169%,1.8011%,29.0717%,0.019312,HVT,0.044672,0.052497,0.056224,0.110981,0.1366939999999999
20283,HAVERTY FURNITURE COS INC,"Haverty Q4 EPS $0.45 Beats $0.35 Estimate, Sales $208.968M Miss $213.79M Estimate",6,uncertain,0.6,0.3,"while haverty's eps beat estimates, the sales miss could lead to mixed investor reactions, making the overall impact on stock price uncertain.",1,2019-02-19,HVT,2019-02-19 22:00:00+00:00,41217.0,41959610,-0.0183486063033342,152937.0,0.0785046890377998,0.0356294550001621,0.0021663447842001,0.0038149701431393,0.0051881037652492,-0.0071023446507751,0.0111828055232763,0.0242483019828796,0.0280731543898582,0.0117763336747884,0.0082747526466846,-0.0029354877769947,-0.0004103499522898,-0.010648563504219,0.0036945873871445,-0.0086372504010796,-0.0065439608879387,0.012633635662496,0.0123507296666503,0.0117993988096714,-0.0036600306630134,-0.0014727876987308,-0.0102040814235806,0.0094152893871068,-0.014845386147499,0.0074887475930154,0.0167434718459844,-0.0108641637489199,-0.0172910802066326,0.0059612938202917,0.0033769491128623,0.0223462991416454,-0.0168279185891151,0.0025458831805735,-0.0201113056391477,0.0071794558316469,0.0048035201616585,-0.0121580436825752,-0.0165146049112081,0.0066292276605963,-0.0017675213748589,0.0129132224246859,0.0088535090908408,0.0051921275444328,-0.0320316553115844,-0.0051653087139129,0.0126926880329847,-0.0036026604939252,0.0067143966443836,-0.006138052791357,0.0057803941890597,-0.0071102739311754,0.0013262059073895,-0.0075604645535349,-0.0339956060051918,0.0137966508045792,0.0502742417156696,0.0198019351810216,-0.006527398712933,0.011597323231399,0.0306614432483911,-0.0062860576435923,0.0084997387602925,0.0165068935602903,0.0109566049650311,0.0069705666974186,0.0112547082826495,0.0075634461827576,-0.0061830016784369,-0.0138519033789634,0.0116133876144886,0.0347299389541149,0.0036900432314723,-0.011982636526227,-0.0036764768883585,-0.000544378242921,0.0036900432314723,-0.0280422642827034,-0.0073529537767171,-0.010989062488079,0.0144033087417483,-0.0036496191751211,-0.0186612214893102,-0.003118475433439,-0.0243902504444122,-0.0046559832990169,0.0088982665911316,-0.0087179522961378,0.0071398606523871,0.0135135259479284,-0.0104253543540835,-0.0163599029183387,-0.002528422512114,-0.0131180742755532,0.0084495460614562,-0.0124564031139016,-0.0020947274751961,0.0004985159030184,-0.1868177503347397,-0.0551106967031955,-0.0129065560176968,0.0361151657998561,0.0078451680019497,-0.0018424370791763,0.0010379065060988,-0.0136302197352051,-0.0373250991106033,0.0018207062967121,-0.0005385152762755,0.0045724036172032,-0.0059266542084515,0.0055172801949083,0.0054199714213609,0.0074108312837779,-0.0339622199535369,0.0145676434040069,0.0100446594879031,-0.016635799780488,-0.0066298805177211,0.0207546520978212,0.0785046890377998,0.0356294550001621,0.0808411020456323,0.0395803504503433,0.0864486178367913,0.0321968925092712,0.1294392772396426,0.0696761596029948,0.1490654496054351,0.0717796984164362,0.0749283158484572,0.149182920197874,-0.1534292249332255,0.0875207568074989,2019-02-20,2019-02-21,2019-02-22,2019-02-25,2019-02-26,2019-02-27,2019-02-28,2019-03-01,2019-03-04,2019-03-05,41217.0,2019-02-19,252.0,-1.8349%,0.0004,0.8214,1.2234,0.6877,1.4587%,1.7527%,30.7346%,-0.025698,HVT,41217.0,2019-02-20,252.0,7.8505%,0.0007,0.8418,1.2736,0.7617,1.5218%,1.8201%,30.0947%,0.07037,HVT,41217.0,2019-02-21,252.0,0.2166%,0.0008,0.8341,1.2593,0.7474,1.5186%,1.8112%,29.6944%,0.007825,HVT,41217.0,2019-02-22,252.0,0.5188%,0.0009,0.8319,1.3045,0.7632,1.5044%,1.8046%,30.5073%,0.003727,HVT,41217.0,2019-02-25,252.0,1.1183%,0.0009,0.8338,1.2996,0.7673,1.5034%,1.8037%,30.5231%,0.0146,HVT,41217.0,2019-02-26,252.0,2.8073%,0.0011,0.826,1.2525,0.7377,1.5234%,1.8113%,29.2655%,0.040157,HVT,41217.0,2019-02-27,252.0,0.8275%,0.0011,0.8266,1.2529,0.7378,1.5237%,1.8119%,29.2813%,0.005937,HVT,41217.0,2019-02-28,252.0,-0.0410%,0.0012,0.8155,1.2454,0.7291,1.5187%,1.8006%,28.8606%,0.003646,HVT,41217.0,2019-03-01,252.0,0.3695%,0.0011,0.824,1.258,0.7442,1.5158%,1.8006%,29.1364%,-0.002962,HVT,41217.0,2019-03-04,252.0,-0.6544%,0.0011,0.8282,1.2453,0.7428,1.5148%,1.7999%,29.1693%,-0.0002199999999999,HVT,41217.0,2019-03-05,252.0,1.2351%,0.0012,0.8281,1.2567,0.736,1.5169%,1.8011%,29.0717%,0.019312,HVT,0.044672,0.052497,0.056224,0.110981,0.1366939999999999
20291,INTERCEPT PHARMACEUTICALS INC,"Wedbush Maintains Outperform on Intercept Pharmaceuticals, Raises Price Target From $220 To $248",6,increase,0.8,0.7,the maintenance of an 'outperform' rating along with a raised price target typically signals positive sentiment and potential for stock price appreciation.,2,2019-02-19,ICPT,2019-02-19 19:35:00+00:00,13643.0,45845P10,0.0609095841646194,6526298.0,-0.1576932966709137,-0.0034172416198998,-0.0727052092552185,0.0077027501538395,0.0165522880852222,-0.0063035078346729,0.0095340050756931,-0.0536048524081707,-0.0157045386731624,-0.0131203122437,0.0,0.0229716785252094,0.0752479061484336,-0.0205611772835254,0.0696812197566032,-0.0081076668575406,-0.0192145742475986,-0.002750702900812,0.0294342692941427,0.0287257619202137,-0.0303565189242363,-0.0336426720023155,-0.0197223331779241,0.0389118157327175,-0.0141615094617009,0.0339119285345077,0.038735844194889,-0.0299602933228015,0.0175489168614149,-0.0312003623694181,0.0210891366004943,0.0266209207475185,0.0184504725039005,0.0526077896356582,0.0200991742312908,-0.0027044357266277,0.0033574593253433,-0.0222123991698026,-0.0140013769268989,-0.0018476747209206,0.0100026354193687,0.025812279433012,0.0182156264781951,-0.0113321729004383,-0.046026948839426,0.0300551149994134,-0.0046427142806351,-0.0084753511473536,0.0183830447494983,-0.0287661515176296,-0.0453524515032768,-0.0006191923166625,0.0035747624933719,0.0201227515935897,0.0485564321279525,0.0094735007733106,-0.0032183141447603,0.0725940465927124,0.0221524778753519,0.0763487443327903,0.0122839473187923,-0.0222108345478773,0.0024269635323435,-0.0351225398480892,0.0119325313717126,0.0716639831662178,0.0269161891192197,0.0108555685728788,-0.0148943327367305,-0.0197029039263725,0.0193428583443164,0.0976061299443245,-0.1320019960403442,-0.0463217943906784,-0.0910739973187446,-0.0702419877052307,-0.031089162454009,-0.0517308413982391,-0.0059620928950607,-0.0365373939275741,-0.027917094528675,0.0144458906725049,-0.0197442471981048,-0.0258309487253427,-0.0042343228124082,-0.000740070361644,0.0404550805687904,-0.0235772412270307,0.0077322940342128,0.0584185943007469,-0.0254302266985178,-0.0132088083773851,0.0087729021906852,0.0364756062626838,-0.0146059216931462,-0.0425989665091037,-0.0248924754559993,0.008402562700212,-0.0041773105040192,-0.0277217198163271,0.0278489794582128,-0.0177621599286794,0.0193855464458465,0.0069911410100758,-0.0022241654805839,-0.0343678630888462,-0.0526081286370754,0.0496962442994117,0.0302352905273437,-0.0232808664441108,-0.0419093072414398,0.0016206023283302,0.0328963287174701,0.0122117586433887,-0.0338102951645851,0.0279157217592001,0.0360682718455791,0.0281228758394718,0.0174063649028539,0.0110029689967632,-0.1576932966709137,-0.0034172416198998,-0.2189333817935281,0.0042591863755263,-0.2060049421152243,-0.0020711692738339,-0.2110231979143866,-0.0679562790925492,-0.0837798561543111,-0.0497342034190164,-0.0306200387722844,0.1654222725247336,-0.2492982745874581,0.0790652668677769,2019-02-20,2019-02-21,2019-02-22,2019-02-25,2019-02-26,2019-02-27,2019-02-28,2019-03-01,2019-03-04,2019-03-05,13643.0,2019-02-19,252.0,6.0910%,0.0023,1.6075,1.5158,-0.9765,2.6763%,3.5085%,41.8127%,0.056643,ICPT,13643.0,2019-02-20,252.0,-15.7693%,0.0016,1.5626,1.4152,-1.1366,2.8610%,3.6519%,38.6258%,-0.158812,ICPT,13643.0,2019-02-21,252.0,-7.2705%,0.0014,1.5804,1.436,-1.1034,2.8948%,3.6822%,38.1944%,-0.068647,ICPT,13643.0,2019-02-22,252.0,1.6552%,0.0014,1.5816,1.4733,-1.055,2.8908%,3.6786%,38.2444%,-0.017938,ICPT,13643.0,2019-02-25,252.0,0.9534%,0.0014,1.5816,1.4695,-1.0569,2.8912%,3.6787%,38.2327%,0.008993,ICPT,13643.0,2019-02-26,252.0,-1.5705%,0.0013,1.5713,1.4917,-1.0533,2.8889%,3.6721%,38.1059%,-0.007357,ICPT,13643.0,2019-02-27,252.0,0.0000%,0.0014,1.5771,1.4794,-1.0524,2.8880%,3.6720%,38.1430%,-0.005612,ICPT,13643.0,2019-02-28,252.0,7.5248%,0.0017,1.5559,1.4675,-1.0854,2.9263%,3.6943%,37.2554%,0.07711,ICPT,13643.0,2019-03-01,252.0,6.9681%,0.0018,1.5746,1.4953,-1.0788,2.9406%,3.7180%,37.4469%,0.049791,ICPT,13643.0,2019-03-04,252.0,-1.9215%,0.0019,1.5698,1.5136,-1.0781,2.9398%,3.7194%,37.5250%,-0.0009279999999999,ICPT,13643.0,2019-03-05,252.0,2.9434%,0.0018,1.5548,1.4182,-1.1007,2.9343%,3.6925%,36.8530%,0.034118,ICPT,-0.102169,-0.170816,-0.188754,-0.187118,-0.032639
20299,INTERCEPT PHARMACEUTICALS INC,Mid-Morning Market Update: Markets Edge Higher; Walmart Tops Q4 Expectations,6,uncertain,0.6,0.2,"the news primarily focuses on broader market trends and walmart's performance, which may not directly impact intercept pharmaceuticals' stock price.",1,2019-02-19,ICPT,2019-02-19 15:15:00+00:00,13643.0,45845P10,0.0609095841646194,6526298.0,-0.1576932966709137,-0.0034172416198998,-0.0727052092552185,0.0077027501538395,0.0165522880852222,-0.0063035078346729,0.0095340050756931,-0.0536048524081707,-0.0157045386731624,-0.0131203122437,0.0,0.0229716785252094,0.0752479061484336,-0.0205611772835254,0.0696812197566032,-0.0081076668575406,-0.0192145742475986,-0.002750702900812,0.0294342692941427,0.0287257619202137,-0.0303565189242363,-0.0336426720023155,-0.0197223331779241,0.0389118157327175,-0.0141615094617009,0.0339119285345077,0.038735844194889,-0.0299602933228015,0.0175489168614149,-0.0312003623694181,0.0210891366004943,0.0266209207475185,0.0184504725039005,0.0526077896356582,0.0200991742312908,-0.0027044357266277,0.0033574593253433,-0.0222123991698026,-0.0140013769268989,-0.0018476747209206,0.0100026354193687,0.025812279433012,0.0182156264781951,-0.0113321729004383,-0.046026948839426,0.0300551149994134,-0.0046427142806351,-0.0084753511473536,0.0183830447494983,-0.0287661515176296,-0.0453524515032768,-0.0006191923166625,0.0035747624933719,0.0201227515935897,0.0485564321279525,0.0094735007733106,-0.0032183141447603,0.0725940465927124,0.0221524778753519,0.0763487443327903,0.0122839473187923,-0.0222108345478773,0.0024269635323435,-0.0351225398480892,0.0119325313717126,0.0716639831662178,0.0269161891192197,0.0108555685728788,-0.0148943327367305,-0.0197029039263725,0.0193428583443164,0.0976061299443245,-0.1320019960403442,-0.0463217943906784,-0.0910739973187446,-0.0702419877052307,-0.031089162454009,-0.0517308413982391,-0.0059620928950607,-0.0365373939275741,-0.027917094528675,0.0144458906725049,-0.0197442471981048,-0.0258309487253427,-0.0042343228124082,-0.000740070361644,0.0404550805687904,-0.0235772412270307,0.0077322940342128,0.0584185943007469,-0.0254302266985178,-0.0132088083773851,0.0087729021906852,0.0364756062626838,-0.0146059216931462,-0.0425989665091037,-0.0248924754559993,0.008402562700212,-0.0041773105040192,-0.0277217198163271,0.0278489794582128,-0.0177621599286794,0.0193855464458465,0.0069911410100758,-0.0022241654805839,-0.0343678630888462,-0.0526081286370754,0.0496962442994117,0.0302352905273437,-0.0232808664441108,-0.0419093072414398,0.0016206023283302,0.0328963287174701,0.0122117586433887,-0.0338102951645851,0.0279157217592001,0.0360682718455791,0.0281228758394718,0.0174063649028539,0.0110029689967632,-0.1576932966709137,-0.0034172416198998,-0.2189333817935281,0.0042591863755263,-0.2060049421152243,-0.0020711692738339,-0.2110231979143866,-0.0679562790925492,-0.0837798561543111,-0.0497342034190164,-0.0306200387722844,0.1654222725247336,-0.2492982745874581,0.0790652668677769,2019-02-20,2019-02-21,2019-02-22,2019-02-25,2019-02-26,2019-02-27,2019-02-28,2019-03-01,2019-03-04,2019-03-05,13643.0,2019-02-19,252.0,6.0910%,0.0023,1.6075,1.5158,-0.9765,2.6763%,3.5085%,41.8127%,0.056643,ICPT,13643.0,2019-02-20,252.0,-15.7693%,0.0016,1.5626,1.4152,-1.1366,2.8610%,3.6519%,38.6258%,-0.158812,ICPT,13643.0,2019-02-21,252.0,-7.2705%,0.0014,1.5804,1.436,-1.1034,2.8948%,3.6822%,38.1944%,-0.068647,ICPT,13643.0,2019-02-22,252.0,1.6552%,0.0014,1.5816,1.4733,-1.055,2.8908%,3.6786%,38.2444%,-0.017938,ICPT,13643.0,2019-02-25,252.0,0.9534%,0.0014,1.5816,1.4695,-1.0569,2.8912%,3.6787%,38.2327%,0.008993,ICPT,13643.0,2019-02-26,252.0,-1.5705%,0.0013,1.5713,1.4917,-1.0533,2.8889%,3.6721%,38.1059%,-0.007357,ICPT,13643.0,2019-02-27,252.0,0.0000%,0.0014,1.5771,1.4794,-1.0524,2.8880%,3.6720%,38.1430%,-0.005612,ICPT,13643.0,2019-02-28,252.0,7.5248%,0.0017,1.5559,1.4675,-1.0854,2.9263%,3.6943%,37.2554%,0.07711,ICPT,13643.0,2019-03-01,252.0,6.9681%,0.0018,1.5746,1.4953,-1.0788,2.9406%,3.7180%,37.4469%,0.049791,ICPT,13643.0,2019-03-04,252.0,-1.9215%,0.0019,1.5698,1.5136,-1.0781,2.9398%,3.7194%,37.5250%,-0.0009279999999999,ICPT,13643.0,2019-03-05,252.0,2.9434%,0.0018,1.5548,1.4182,-1.1007,2.9343%,3.6925%,36.8530%,0.034118,ICPT,-0.102169,-0.170816,-0.188754,-0.187118,-0.032639
20307,INTERCEPT PHARMACEUTICALS INC,Intercept Pharmaceuticals shares are trading higher after the company reported its Phase 3 REGENERATE study of obleticholic acid patients with NASH-related liver fibrosis met its primary endpoint.,6,increase,0.85,0.7,the successful completion of a phase 3 study typically boosts investor confidence and can lead to an increase in stock price due to positive market sentiment around the drug's potential.,2,2019-02-19,ICPT,2019-02-19 13:49:00+00:00,13643.0,45845P10,0.0609095841646194,6526298.0,-0.1576932966709137,-0.0034172416198998,-0.0727052092552185,0.0077027501538395,0.0165522880852222,-0.0063035078346729,0.0095340050756931,-0.0536048524081707,-0.0157045386731624,-0.0131203122437,0.0,0.0229716785252094,0.0752479061484336,-0.0205611772835254,0.0696812197566032,-0.0081076668575406,-0.0192145742475986,-0.002750702900812,0.0294342692941427,0.0287257619202137,-0.0303565189242363,-0.0336426720023155,-0.0197223331779241,0.0389118157327175,-0.0141615094617009,0.0339119285345077,0.038735844194889,-0.0299602933228015,0.0175489168614149,-0.0312003623694181,0.0210891366004943,0.0266209207475185,0.0184504725039005,0.0526077896356582,0.0200991742312908,-0.0027044357266277,0.0033574593253433,-0.0222123991698026,-0.0140013769268989,-0.0018476747209206,0.0100026354193687,0.025812279433012,0.0182156264781951,-0.0113321729004383,-0.046026948839426,0.0300551149994134,-0.0046427142806351,-0.0084753511473536,0.0183830447494983,-0.0287661515176296,-0.0453524515032768,-0.0006191923166625,0.0035747624933719,0.0201227515935897,0.0485564321279525,0.0094735007733106,-0.0032183141447603,0.0725940465927124,0.0221524778753519,0.0763487443327903,0.0122839473187923,-0.0222108345478773,0.0024269635323435,-0.0351225398480892,0.0119325313717126,0.0716639831662178,0.0269161891192197,0.0108555685728788,-0.0148943327367305,-0.0197029039263725,0.0193428583443164,0.0976061299443245,-0.1320019960403442,-0.0463217943906784,-0.0910739973187446,-0.0702419877052307,-0.031089162454009,-0.0517308413982391,-0.0059620928950607,-0.0365373939275741,-0.027917094528675,0.0144458906725049,-0.0197442471981048,-0.0258309487253427,-0.0042343228124082,-0.000740070361644,0.0404550805687904,-0.0235772412270307,0.0077322940342128,0.0584185943007469,-0.0254302266985178,-0.0132088083773851,0.0087729021906852,0.0364756062626838,-0.0146059216931462,-0.0425989665091037,-0.0248924754559993,0.008402562700212,-0.0041773105040192,-0.0277217198163271,0.0278489794582128,-0.0177621599286794,0.0193855464458465,0.0069911410100758,-0.0022241654805839,-0.0343678630888462,-0.0526081286370754,0.0496962442994117,0.0302352905273437,-0.0232808664441108,-0.0419093072414398,0.0016206023283302,0.0328963287174701,0.0122117586433887,-0.0338102951645851,0.0279157217592001,0.0360682718455791,0.0281228758394718,0.0174063649028539,0.0110029689967632,-0.1576932966709137,-0.0034172416198998,-0.2189333817935281,0.0042591863755263,-0.2060049421152243,-0.0020711692738339,-0.2110231979143866,-0.0679562790925492,-0.0837798561543111,-0.0497342034190164,-0.0306200387722844,0.1654222725247336,-0.2492982745874581,0.0790652668677769,2019-02-20,2019-02-21,2019-02-22,2019-02-25,2019-02-26,2019-02-27,2019-02-28,2019-03-01,2019-03-04,2019-03-05,13643.0,2019-02-19,252.0,6.0910%,0.0023,1.6075,1.5158,-0.9765,2.6763%,3.5085%,41.8127%,0.056643,ICPT,13643.0,2019-02-20,252.0,-15.7693%,0.0016,1.5626,1.4152,-1.1366,2.8610%,3.6519%,38.6258%,-0.158812,ICPT,13643.0,2019-02-21,252.0,-7.2705%,0.0014,1.5804,1.436,-1.1034,2.8948%,3.6822%,38.1944%,-0.068647,ICPT,13643.0,2019-02-22,252.0,1.6552%,0.0014,1.5816,1.4733,-1.055,2.8908%,3.6786%,38.2444%,-0.017938,ICPT,13643.0,2019-02-25,252.0,0.9534%,0.0014,1.5816,1.4695,-1.0569,2.8912%,3.6787%,38.2327%,0.008993,ICPT,13643.0,2019-02-26,252.0,-1.5705%,0.0013,1.5713,1.4917,-1.0533,2.8889%,3.6721%,38.1059%,-0.007357,ICPT,13643.0,2019-02-27,252.0,0.0000%,0.0014,1.5771,1.4794,-1.0524,2.8880%,3.6720%,38.1430%,-0.005612,ICPT,13643.0,2019-02-28,252.0,7.5248%,0.0017,1.5559,1.4675,-1.0854,2.9263%,3.6943%,37.2554%,0.07711,ICPT,13643.0,2019-03-01,252.0,6.9681%,0.0018,1.5746,1.4953,-1.0788,2.9406%,3.7180%,37.4469%,0.049791,ICPT,13643.0,2019-03-04,252.0,-1.9215%,0.0019,1.5698,1.5136,-1.0781,2.9398%,3.7194%,37.5250%,-0.0009279999999999,ICPT,13643.0,2019-03-05,252.0,2.9434%,0.0018,1.5548,1.4182,-1.1007,2.9343%,3.6925%,36.8530%,0.034118,ICPT,-0.102169,-0.170816,-0.188754,-0.187118,-0.032639
20315,INTERCEPT PHARMACEUTICALS INC,Intercept Pharmaceuticals Reports Pivotal Phase 3 REGENERATE Study Of Obeticholic Acid Patients With NASH-Related Liver Fibrosis Met Primary Endpoint,6,increase,0.8,0.7,"the successful results of a pivotal phase 3 study typically indicate strong potential for a drug's approval and market success, which can positively influence investor sentiment and stock price.",2,2019-02-19,ICPT,2019-02-19 12:20:00+00:00,13643.0,45845P10,0.0609095841646194,6526298.0,-0.1576932966709137,-0.0034172416198998,-0.0727052092552185,0.0077027501538395,0.0165522880852222,-0.0063035078346729,0.0095340050756931,-0.0536048524081707,-0.0157045386731624,-0.0131203122437,0.0,0.0229716785252094,0.0752479061484336,-0.0205611772835254,0.0696812197566032,-0.0081076668575406,-0.0192145742475986,-0.002750702900812,0.0294342692941427,0.0287257619202137,-0.0303565189242363,-0.0336426720023155,-0.0197223331779241,0.0389118157327175,-0.0141615094617009,0.0339119285345077,0.038735844194889,-0.0299602933228015,0.0175489168614149,-0.0312003623694181,0.0210891366004943,0.0266209207475185,0.0184504725039005,0.0526077896356582,0.0200991742312908,-0.0027044357266277,0.0033574593253433,-0.0222123991698026,-0.0140013769268989,-0.0018476747209206,0.0100026354193687,0.025812279433012,0.0182156264781951,-0.0113321729004383,-0.046026948839426,0.0300551149994134,-0.0046427142806351,-0.0084753511473536,0.0183830447494983,-0.0287661515176296,-0.0453524515032768,-0.0006191923166625,0.0035747624933719,0.0201227515935897,0.0485564321279525,0.0094735007733106,-0.0032183141447603,0.0725940465927124,0.0221524778753519,0.0763487443327903,0.0122839473187923,-0.0222108345478773,0.0024269635323435,-0.0351225398480892,0.0119325313717126,0.0716639831662178,0.0269161891192197,0.0108555685728788,-0.0148943327367305,-0.0197029039263725,0.0193428583443164,0.0976061299443245,-0.1320019960403442,-0.0463217943906784,-0.0910739973187446,-0.0702419877052307,-0.031089162454009,-0.0517308413982391,-0.0059620928950607,-0.0365373939275741,-0.027917094528675,0.0144458906725049,-0.0197442471981048,-0.0258309487253427,-0.0042343228124082,-0.000740070361644,0.0404550805687904,-0.0235772412270307,0.0077322940342128,0.0584185943007469,-0.0254302266985178,-0.0132088083773851,0.0087729021906852,0.0364756062626838,-0.0146059216931462,-0.0425989665091037,-0.0248924754559993,0.008402562700212,-0.0041773105040192,-0.0277217198163271,0.0278489794582128,-0.0177621599286794,0.0193855464458465,0.0069911410100758,-0.0022241654805839,-0.0343678630888462,-0.0526081286370754,0.0496962442994117,0.0302352905273437,-0.0232808664441108,-0.0419093072414398,0.0016206023283302,0.0328963287174701,0.0122117586433887,-0.0338102951645851,0.0279157217592001,0.0360682718455791,0.0281228758394718,0.0174063649028539,0.0110029689967632,-0.1576932966709137,-0.0034172416198998,-0.2189333817935281,0.0042591863755263,-0.2060049421152243,-0.0020711692738339,-0.2110231979143866,-0.0679562790925492,-0.0837798561543111,-0.0497342034190164,-0.0306200387722844,0.1654222725247336,-0.2492982745874581,0.0790652668677769,2019-02-20,2019-02-21,2019-02-22,2019-02-25,2019-02-26,2019-02-27,2019-02-28,2019-03-01,2019-03-04,2019-03-05,13643.0,2019-02-19,252.0,6.0910%,0.0023,1.6075,1.5158,-0.9765,2.6763%,3.5085%,41.8127%,0.056643,ICPT,13643.0,2019-02-20,252.0,-15.7693%,0.0016,1.5626,1.4152,-1.1366,2.8610%,3.6519%,38.6258%,-0.158812,ICPT,13643.0,2019-02-21,252.0,-7.2705%,0.0014,1.5804,1.436,-1.1034,2.8948%,3.6822%,38.1944%,-0.068647,ICPT,13643.0,2019-02-22,252.0,1.6552%,0.0014,1.5816,1.4733,-1.055,2.8908%,3.6786%,38.2444%,-0.017938,ICPT,13643.0,2019-02-25,252.0,0.9534%,0.0014,1.5816,1.4695,-1.0569,2.8912%,3.6787%,38.2327%,0.008993,ICPT,13643.0,2019-02-26,252.0,-1.5705%,0.0013,1.5713,1.4917,-1.0533,2.8889%,3.6721%,38.1059%,-0.007357,ICPT,13643.0,2019-02-27,252.0,0.0000%,0.0014,1.5771,1.4794,-1.0524,2.8880%,3.6720%,38.1430%,-0.005612,ICPT,13643.0,2019-02-28,252.0,7.5248%,0.0017,1.5559,1.4675,-1.0854,2.9263%,3.6943%,37.2554%,0.07711,ICPT,13643.0,2019-03-01,252.0,6.9681%,0.0018,1.5746,1.4953,-1.0788,2.9406%,3.7180%,37.4469%,0.049791,ICPT,13643.0,2019-03-04,252.0,-1.9215%,0.0019,1.5698,1.5136,-1.0781,2.9398%,3.7194%,37.5250%,-0.0009279999999999,ICPT,13643.0,2019-03-05,252.0,2.9434%,0.0018,1.5548,1.4182,-1.1007,2.9343%,3.6925%,36.8530%,0.034118,ICPT,-0.102169,-0.170816,-0.188754,-0.187118,-0.032639
20323,INTERNATIONAL FLAVORS & FRAG INC,"Int'l. Flavors & Fragrances Reports Purchase Of The Additive Advantage, No Terms Disclosed",6,uncertain,0.6,0.3,"the purchase of the additive advantage could be seen as a strategic move that may enhance growth, but without disclosed terms, the financial impact remains unclear.",1,2019-02-19,IFF,2019-02-19 21:17:00+00:00,40272.0,45950610,-0.0295431707054376,1852374.0,0.0145187778398394,-0.0048998123966157,-0.009463689289987,-0.0864894464612007,-0.0039615482091903,-0.0045242914929986,-0.0073305377736687,0.0187862440943718,-0.0101343458518385,0.0100162103772163,0.0107142738997936,-0.0035844426602125,0.0011778683401644,-0.007325773127377,0.0029019822832196,-0.0030604605562984,0.0007038111798465,0.0099753998219966,-0.008205653168261,0.0051547167822718,-0.0011031992034986,-0.0011285347864031,-0.0178275182843208,0.0158342868089675,0.0071480153128504,0.0045343665406107,0.0074959713965654,0.0143827199935913,-0.001266392529942,-0.0060232351534068,-0.0058646206744015,0.0042999512515962,-0.0038265571929514,-0.0009464804898016,-0.0029609694611281,-0.0052872523665428,0.0027289828285574,7.250301132444292e-05,-0.0109661631286144,0.0188929717987775,-0.0082550719380378,0.0084096519276499,0.0319895409047603,0.0058387513272464,-0.0082239173352718,0.0008240980678237,-0.007859518751502,-0.0108929323032498,0.0130143128335475,-0.00567347696051,0.0119693586602807,-0.0062966803088784,0.0227882582694292,-0.0037201438099145,-0.0070928484201431,-0.0043576592579483,0.0156844817101955,0.0114596160128712,-0.0021404998842626,0.0371020175516605,0.0017620143480598,-0.0246693957597017,0.0084124058485031,0.0023087626323103,0.0027301730588078,0.0154277291148901,-0.0020420835353434,-0.0014348470140248,-0.0057597160339355,0.0219510719180107,-0.0053357491269707,0.042737066745758,0.0049811778590083,-0.0254271086305379,0.0180722512304782,-0.0008572366205044,0.0036701783537864,-0.0231424570083618,0.0099999727681279,-0.008229493163526,-0.002807666780427,0.0029531985055655,0.0077059366740286,-0.0253874715417623,-0.0055147060193121,-0.0002213442057836,0.0083549348637461,-0.0087763983756303,-0.0006600058404728,-0.0075488751754164,0.0010272169020026,0.0005084046861156,0.0083560412749648,0.005109466612339,-0.001163070788607,-0.0126837315037846,0.0027653709985315,0.0036889296025037,0.0002178245194954,-0.0249664541333913,0.0060222502797842,0.0011296222219243,0.0090877013280987,0.0003531787660904,-0.0156529359519481,0.0071133873425424,-0.0197502262890338,0.0039277514442801,0.0011110658524557,0.0012870408827438,0.0063633047975599,0.0007871804991737,0.0008823644020594,0.0017922430997714,-0.012120833620429,0.0092612598091363,0.011377147398889,-0.0169285852462053,-0.0030879948753863,-0.0173342488706111,0.0145187778398394,-0.0048998123966157,0.0049176873475058,-0.0909654767958694,0.0009366574828106,-0.0950782139560438,-0.0164702249670761,-0.0688439690198404,-0.0093669251033654,-0.0678576537623564,0.0248551165580697,0.0057138540502823,0.0645836429058825,-0.0722182993225296,2019-02-20,2019-02-21,2019-02-22,2019-02-25,2019-02-26,2019-02-27,2019-02-28,2019-03-01,2019-03-04,2019-03-05,40272.0,2019-02-19,252.0,-2.9543%,-0.0004,0.7257,-0.2487,0.0407,1.3116%,1.5175%,25.2974%,-0.0305819999999999,IFF,40272.0,2019-02-20,252.0,1.4519%,-0.0003,0.7309,-0.231,0.0607,1.3113%,1.5174%,25.3243%,0.013363,IFF,40272.0,2019-02-21,252.0,-0.9464%,-0.0003,0.7353,-0.2235,0.0688,1.3110%,1.5183%,25.4505%,-0.006881,IFF,40272.0,2019-02-22,252.0,-0.3962%,-0.0003,0.7361,-0.2227,0.0794,1.3115%,1.5180%,25.3542%,-0.0066,IFF,40272.0,2019-02-25,252.0,-0.7331%,-0.0004,0.7372,-0.2174,0.0864,1.3113%,1.5176%,25.3406%,-0.008971,IFF,40272.0,2019-02-26,252.0,-1.0134%,-0.0005,0.7329,-0.1997,0.0922,1.3110%,1.5122%,24.8405%,-0.010161,IFF,40272.0,2019-02-27,252.0,1.0714%,-0.0004,0.7383,-0.2059,0.0931,1.3108%,1.5138%,25.0174%,0.010445,IFF,40272.0,2019-02-28,252.0,0.1178%,-0.0003,0.7318,-0.2102,0.0874,1.3094%,1.5089%,24.6979%,0.00364,IFF,40272.0,2019-03-01,252.0,0.2902%,-0.0003,0.7306,-0.212,0.0861,1.3094%,1.5079%,24.6035%,-0.001498,IFF,40272.0,2019-03-04,252.0,0.0704%,-0.0003,0.7258,-0.1994,0.0881,1.3082%,1.5026%,24.1961%,0.003229,IFF,40272.0,2019-03-05,252.0,-0.8206%,-0.0003,0.7284,-0.1842,0.0926,1.3084%,1.5033%,24.2396%,-0.007468,IFF,-0.0172189999999999,-0.0241,-0.0306999999999999,-0.049832,-0.041484
20331,INFORMATION SERVICES GROUP INC,Information Services Group Reports Formation Of Global Partnership With WorkFusion,6,increase,0.7,0.6,"the formation of a global partnership with workfusion is likely to enhance information services group inc's service offerings and market reach, which could positively impact investor sentiment and stock price.",2,2019-02-19,III,2019-02-19 14:06:00+00:00,91754.0,45675Y10,-0.0024037866387516,278835.0,-0.0024096935521811,0.0097087286412715,0.0410628207027912,0.0024330297019332,0.0162413399666547,-0.0072463126853108,0.0228310283273458,0.0097560882568359,-0.0044642812572419,-0.0096618272364139,-0.029148006811738,-0.0024096935521811,-0.0046189334243536,0.0,0.0185614675283432,-0.0024037866387516,-0.0159452613443136,0.0048309136182069,-0.0023148676846176,-0.0048076878301799,-0.0162413399666547,0.007263857871294,-0.0047169770114123,-0.0072114747017621,0.0260663833469152,0.0,0.0138568002730608,0.0,0.0045558046549558,-0.0071599544025957,-0.024943234398961,0.0120773408561945,-0.0209302678704261,-0.0048076878301799,-0.1448931396007538,0.0171148385852575,0.0138889420777559,-0.004866175353527,0.0109588932245969,-0.0120191620662808,0.0,-0.0071599544025957,-0.0189702361822128,-0.0023808935657143,0.0303867775946855,0.0096153756603598,0.0402145013213157,-0.0118765300139784,-0.0206185970455408,0.0,-0.0052631529979407,0.0023810069542378,-0.0079365000128746,0.002386575564742,-0.005333328153938,0.0047961585223674,0.018766738474369,0.0048192725516855,0.0105263059958815,0.0171569045633077,-0.0208333134651184,-0.0192307513207197,0.0079787159338593,-0.0188679080456495,-0.0158311203122139,0.009523800574243,0.0241286624222993,0.0169490780681371,-0.0575916320085525,-0.0259433165192604,0.0472222454845905,0.0241545662283897,-0.0159151051193475,-0.0024096935521811,-0.0026954151690006,-0.018912510946393,-0.0378378666937351,-0.0093676727265119,0.0056179724633693,0.0023473594337701,0.0083798803389072,0.024038553237915,-0.0055401609279215,-0.0023981363046914,-0.0083565386012196,-0.0234191808849573,0.0365168862044811,-0.0115741174668073,-0.0108400974422693,0.0409638732671737,0.0054794466122984,-0.0119046941399574,0.0,0.0144927399232983,-0.0190736167132854,-0.0024096935521811,-0.0111111011356115,0.0097323507070541,-0.0140449302271008,-0.0143884755671024,0.0,0.0048192725516855,0.0085470005869865,-0.018912510946393,0.0,0.0119617683812975,-0.0084745679050683,0.0121064679697156,-0.01424500066787,-0.0072114747017621,0.0289017055183649,0.0048309136182069,-0.0393258072435855,-0.0095693692564964,-0.1198830604553223,-0.0187794361263513,0.0099667683243751,-0.0184331610798835,0.0328947827219963,0.0163934826850891,-0.0024096935521811,0.0097087286412715,0.0385541783363281,0.0121653799683569,0.0554216898204782,0.0048309131358597,0.0746987801102467,0.0048309125140515,0.0385541802352429,-5.434659389180752e-10,-0.0746988359251367,0.0196078230490079,-0.243373487294091,-0.0257611574692039,2019-02-20,2019-02-21,2019-02-22,2019-02-25,2019-02-26,2019-02-27,2019-02-28,2019-03-01,2019-03-04,2019-03-05,91754.0,2019-02-19,252.0,-0.2404%,-0.0001,0.3538,0.7226,0.1992,1.4966%,1.5779%,10.0304%,-0.0058819999999999,III,91754.0,2019-02-20,252.0,-0.2410%,-0.0001,0.3529,0.724,0.197,1.4963%,1.5777%,10.0484%,-0.005867,III,91754.0,2019-02-21,252.0,4.1063%,0.0,0.344,0.7153,0.1802,1.5209%,1.5986%,9.4881%,0.043229,III,91754.0,2019-02-22,252.0,1.6241%,0.0001,0.3424,0.7116,0.158,1.5226%,1.6007%,9.5239%,0.01262,III,91754.0,2019-02-25,252.0,2.2831%,0.0002,0.3415,0.6988,0.1479,1.5296%,1.6064%,9.3286%,0.024352,III,91754.0,2019-02-26,252.0,-0.4464%,0.0001,0.3315,0.7073,0.1447,1.5261%,1.6023%,9.2893%,0.000942,III,91754.0,2019-02-27,252.0,-2.9148%,0.0,0.3309,0.6994,0.1445,1.5384%,1.6130%,9.0374%,-0.0307169999999999,III,91754.0,2019-02-28,252.0,-0.4619%,-0.0,0.332,0.7,0.1462,1.5386%,1.6130%,9.0203%,-0.003472,III,91754.0,2019-03-01,252.0,1.8561%,0.0001,0.328,0.6941,0.1332,1.5396%,1.6128%,8.8788%,0.014636,III,91754.0,2019-03-04,252.0,-1.5945%,0.0,0.328,0.7051,0.1308,1.5413%,1.6161%,9.0357%,-0.012073,III,91754.0,2019-03-05,252.0,-0.2315%,0.0001,0.3307,0.7266,0.1325,1.5393%,1.6161%,9.2744%,0.0006519999999999,III,-0.0117489999999999,0.0314799999999999,0.0440999999999999,0.0693939999999999,0.0384199999999999
20339,ISHARES TRUST,Venezuelan Maritime Border With Dutch Antilles Islands Has Been Closed,6,uncertain,0.5,0.5,"the closure of the maritime border may have mixed implications for ishares trust, depending on its exposure to venezuelan markets and the broader geopolitical context.",1,2019-02-19,ILF,2019-02-19 19:09:00+00:00,89190.0,46428739,-0.0017192369559779,665836.0,-0.0040183523669838,0.0066340747289359,-0.0002882459957618,0.0242245122790336,0.0126838413998484,-0.0148429023101925,-0.005693161394447,0.0223147869110107,0.0002862387918867,-0.0103061981499195,-0.0040068514645099,-0.0026431763544678,-0.0224137585610151,-0.0081562064588069,-0.0105820279568433,-0.0343177914619445,-0.0026738012675195,0.0005629174993373,0.0062555582262575,0.0062304558232426,-0.0213143117725849,-0.0025423769839107,-0.0084695275872945,0.0181190986186265,0.0073215891607105,0.0163695234805345,0.0314960889518261,0.0145313711836934,0.0032295007258653,-0.0248698834329843,0.0111208977177739,0.0017381625948473,-0.010709086433053,0.0029053543694317,0.0131656164303422,0.0192477852106094,0.0176148023456335,-0.0242704469710588,-0.0019864786881953,0.0034792381338775,0.0011373590677976,0.0087745850905776,-0.0170405711978673,0.0014645353658124,-0.0528749451041221,-0.0035025959368795,0.0103721832856535,0.0061673740856349,0.0138889765366911,-0.0055491365492343,-0.0393092148005962,0.0008770124404691,0.0195288620889186,0.0221092868596315,0.0103374933823943,0.0139352595433592,0.0168522838503122,-0.0015124939382076,-0.0053270286880433,0.0254342332482338,-0.0074382624588906,-0.0018575096037238,0.0218824800103902,0.0480207502841949,0.0117336912080645,0.0039087599143385,0.0118874981999397,0.0095363669097423,-0.0094556398689746,0.0069536119699478,0.0046282862313091,0.0247710030525922,-0.0181399676948785,-0.0104097165167331,-0.0211142934858799,-0.0142336450517177,0.0014978799736127,0.0110441744327545,0.0065809516236186,-0.0128840859979391,-0.0074294200167059,0.0059362319298088,0.0086825471371412,-0.0135658327490091,-0.0029681946616619,-0.0105465585365891,0.0071450336836278,0.001600548857823,-0.0209873747080564,0.0152745954692363,0.0117753446102142,0.0035877563059329,0.0044763213954865,-0.0266666710376739,-0.0044563733972609,-0.0116096902638673,0.0008953326032496,0.0009422326111234,-0.0172928385436534,-0.0187981687486171,-0.0009101571631617,0.0102740302681922,0.0109322993084788,-0.0027941681910306,-0.0165214538574218,0.0078222779557108,-0.0131337903439998,0.0223927982151508,0.0126895643770694,0.0313428156077861,-0.0146699119359254,-0.0344058610498905,0.0049627739936113,-0.0190625190734863,-0.0314815528690815,0.0181355290114879,0.005736147519201,-0.0352977737784385,-0.0091888150200247,-0.009124063886702,-0.0040183523669838,0.0066340747289359,-0.0043054400887663,0.0310192942327007,0.0083237917918397,0.015715975568481,0.00287021992318,0.0276796960318397,-0.0304248380142948,-0.0116114377460555,-0.0353042377653582,0.0825061928965691,-0.1024684201282026,0.0772603881367111,2019-02-20,2019-02-21,2019-02-22,2019-02-25,2019-02-26,2019-02-27,2019-02-28,2019-03-01,2019-03-04,2019-03-05,89190.0,2019-02-19,252.0,-0.1719%,-0.0001,0.8201,-0.0302,0.287,1.4443%,1.6571%,24.0336%,-0.004167,ILF,89190.0,2019-02-20,252.0,-0.4018%,-0.0002,0.8182,-0.034,0.2804,1.4449%,1.6572%,23.9803%,-0.007188,ILF,89190.0,2019-02-21,252.0,-0.0288%,-0.0002,0.8209,-0.0277,0.2853,1.4438%,1.6570%,24.0815%,0.00326,ILF,89190.0,2019-02-22,252.0,1.2684%,-0.0002,0.8191,-0.0238,0.2678,1.4457%,1.6588%,24.0473%,0.011594,ILF,89190.0,2019-02-25,252.0,-0.5693%,-0.0002,0.8209,-0.0189,0.2768,1.4433%,1.6570%,24.1300%,-0.006602,ILF,89190.0,2019-02-26,252.0,0.0286%,-0.0002,0.8235,-0.0249,0.2757,1.4430%,1.6564%,24.1036%,0.0022919999999999,ILF,89190.0,2019-02-27,252.0,-0.4007%,-0.0002,0.8247,-0.0284,0.2759,1.4431%,1.6561%,24.0664%,-0.00447,ILF,89190.0,2019-02-28,252.0,-2.2414%,-0.0002,0.8243,-0.0294,0.28,1.4472%,1.6581%,23.8157%,-0.0192619999999999,ILF,89190.0,2019-03-01,252.0,-1.0582%,-0.0003,0.8159,-0.0419,0.2741,1.4494%,1.6553%,23.3379%,-0.015402,ILF,89190.0,2019-03-04,252.0,-0.2674%,-0.0003,0.8209,-0.0588,0.2729,1.4478%,1.6554%,23.5140%,0.000243,ILF,89190.0,2019-03-05,252.0,0.6256%,-0.0003,0.8196,-0.0632,0.2689,1.4487%,1.6558%,23.4489%,0.008034,ILF,-0.011355,-0.008095,0.003499,-0.000811,-0.031668
20347,INTUIT INC,The IRS Is Open And Taxpayers Are Filing: What It Means For Intuit,6,increase,0.7,0.6,"the reopening of the irs and the commencement of tax filing may lead to increased demand for intuit's tax preparation software, positively impacting its stock price.",2,2019-02-19,INTU,2019-02-19 20:27:00+00:00,78975.0,46120210,0.0056145959533751,1397782.0,0.0057111037895083,0.0110061904415488,-0.003983567468822,0.0095804827287793,0.0676935017108917,-0.001616048044525,-0.0128317577764391,0.0154788019135594,0.0048038205131888,0.0028465925715863,0.0037764750886708,0.017468437552452,-0.0108865369111299,-0.0160744525492191,0.0132723618298769,0.0004008924006484,-0.0056307800114154,0.0162057019770145,-0.0076706972904503,0.0301236044615507,-0.0007284498424269,-0.0063479305244982,-0.0059941313229501,0.0080336341634392,0.0018335664644837,0.0276964642107486,0.0189522877335548,-0.0128879472613334,-0.0009578919271007,-0.0151656549423933,0.0133839026093483,0.0100867236033082,0.0123003954067826,-0.00037694038474,0.0052966307848691,-0.0004708997148554,-0.0015883611049503,-0.0071538728661835,-0.0064411130733788,0.0101072089746594,-0.0002733424480538,0.0082860616967082,0.0180866029113531,0.0008579568821005,-0.0304658226668834,0.0227151047438383,0.0045512472279369,-0.0048508369363844,0.0085096471011638,0.0004367482324596,-0.0023829080164432,0.0167768374085426,0.0150364013388752,-0.0030918279662728,0.0084484312683343,0.0239709988236427,0.0166022572666406,0.0152551298961043,0.0094450041651725,0.0396774634718895,0.0030566493514925,-0.030595963820815,-0.0239704996347427,-0.0120904482901096,-0.0035410753916949,0.0051059480756521,-0.0035919083748012,-0.0070472490042448,-0.0053306329064071,0.0230290573090314,0.0007338835275731,0.0549931749701499,0.0019298313418403,-0.0164684224873781,0.0018105520866811,-0.0325419157743454,0.0031531467102468,-0.0179475881159305,-0.0110779460519552,-0.0129207968711853,-0.0066669299267232,0.003240667283535,0.0058532017283141,-0.0171203278005123,0.0148194413632154,-0.0360295996069908,0.0156351402401924,-0.0035375766456127,-0.0061727799475193,0.0148949204012751,-0.0007575072231702,-0.0032883249223232,-0.038887184113264,0.0213868729770183,-0.023069666698575,-0.0429685488343238,0.0134420618414878,0.0187816489487886,-0.0287182014435529,-0.0274916179478168,0.0086118141189217,-0.0047079408541321,0.0118316877633333,0.0255270153284072,-0.0015269825235009,0.001292381202802,-0.0163795556873083,0.0511698015034198,-0.0011865657288581,-0.0132558746263384,-0.0115516632795333,0.0221770871430635,0.0138002559542655,-0.0068043894134461,-0.031476154923439,0.0164975989609956,0.0171359181404113,-0.0203774981200695,0.0089215068146586,-0.0576995685696601,0.0057111037895083,0.0110061904415488,0.0017047857534193,0.020692117787763,0.0695136903816269,0.0190426302867499,0.0608617751863787,0.0377618893798565,0.053104850359898,0.0879925899925659,0.143332071180164,0.2405108602170709,0.0381510641969264,0.1060400486236703,2019-02-20,2019-02-21,2019-02-22,2019-02-25,2019-02-26,2019-02-27,2019-02-28,2019-03-01,2019-03-04,2019-03-05,78975.0,2019-02-19,252.0,0.5615%,0.0009,1.0411,-0.111,-1.0398,0.9286%,1.7376%,71.4373%,0.007032,INTU,78975.0,2019-02-20,252.0,0.5711%,0.0008,1.0421,-0.1152,-1.0379,0.9255%,1.7360%,71.5765%,0.009596,INTU,78975.0,2019-02-21,252.0,-0.3984%,0.0008,1.0478,-0.1043,-1.0273,0.9217%,1.7353%,71.7854%,-0.002696,INTU,78975.0,2019-02-22,252.0,6.7694%,0.0009,1.0415,-0.1015,-1.1002,0.9637%,1.7847%,70.8421%,0.046255,INTU,78975.0,2019-02-25,252.0,-1.2832%,0.0009,1.0401,-0.0942,-1.1016,0.9669%,1.7862%,70.7006%,-0.016738,INTU,78975.0,2019-02-26,252.0,0.4804%,0.001,1.0525,-0.1079,-1.0993,0.9578%,1.7862%,71.2480%,0.00213,INTU,78975.0,2019-02-27,252.0,0.3776%,0.001,1.0565,-0.1148,-1.0986,0.9561%,1.7861%,71.3459%,0.001615,INTU,78975.0,2019-02-28,252.0,-1.0887%,0.001,1.0582,-0.114,-1.0947,0.9588%,1.7853%,71.1599%,-0.010435,INTU,78975.0,2019-03-01,252.0,1.3272%,0.001,1.05,-0.1262,-1.1077,0.9548%,1.7813%,71.2666%,0.0015149999999999,INTU,78975.0,2019-03-04,252.0,-0.5631%,0.001,1.0484,-0.1233,-1.1067,0.9548%,1.7787%,71.1844%,0.003554,INTU,78975.0,2019-03-05,252.0,-0.7671%,0.0009,1.0467,-0.1434,-1.1043,0.9521%,1.7723%,71.1403%,-0.0090169999999999,INTU,0.016628,0.013932,0.060187,0.045579,0.032811
20355,INNOSPEC INC,"Innospec Q4 Adj. EPS $1.62 Beats $1.37 Estimate, Sales $395M Beat $376.6M Estimate",6,increase,0.85,0.7,the company's better-than-expected earnings per share and sales figures are likely to positively influence investor sentiment and drive the stock price up.,2,2019-02-19,IOSP,2019-02-19 21:51:00+00:00,86026.0,45768S10,0.0193400084972381,63156.0,0.0378134325146675,0.0177563782781362,0.0354128926992416,-0.01678167283535,0.0009877989068627,0.0155304726213216,0.0087578520178794,-0.0102026928216218,-0.0061139645986258,0.0187084041535854,0.0107037741690874,0.0050139357335865,-0.0035301388707011,-0.0114277051761746,0.0109943989664316,0.0107152331620454,0.0074914824217557,0.0074302363209426,0.0073159108869731,0.0054975948296487,0.0,0.0095347352325916,-0.0079771187156438,0.0112246191129088,-0.0064810481853783,0.0109106786549091,0.0217444207519292,0.0074746371246874,-0.0099314721301198,-0.0071303527802228,-0.0031047828961163,0.0180740915238857,-0.0086248349398374,0.0199455972760915,-0.0013291517971083,-0.0019604472909122,0.0089533915743231,-0.0123622557148337,-0.0151097513735294,0.0175810232758522,-0.0064531695097684,0.0267662797123193,0.0175245143473148,0.030798876658082,-0.0375767201185226,0.0024119878653436,0.019271595403552,-0.0027261383365839,0.0151013312861323,-0.008585070259869,0.0027818500529974,0.0036700712516903,0.0101916966959834,0.007880313321948,-0.0048355176113545,-0.0019261465640738,0.0047990586608648,-0.0073294946923851,0.0031045030336827,0.0423517562448978,0.0115462588146328,-0.025255000218749,0.0042362082749605,0.0001619516988284,-0.0092570111155509,0.0075040636584162,0.0067415693774819,0.0181033071130514,-0.0068139312788844,0.0092188939452171,0.0055595128796994,0.0325372293591499,-0.0036466906312853,-0.0361968651413917,0.0023613292723894,-0.0242512673139572,-0.005889281630516,0.0050711198709905,0.0110189607366919,-0.0293743796646595,0.0030469296034425,-0.0174726825207471,-0.0085289841517806,-0.0353649146854877,-0.0122554907575249,-0.0191882364451885,0.011214536614716,-0.0042622121982276,-0.0043652988970279,0.0298168789595365,-0.0260694026947021,-0.0010583564871922,0.0161819458007812,0.0009079533629119,0.0056274095550179,-0.0116661498323082,0.0098821511492133,-0.0257904231548309,-0.0305352080613374,-0.0723169222474098,0.0087558506056666,0.0032547533046454,0.0307414475828409,0.0098603293299674,0.0066666631028056,-0.0039558168500661,-0.0227721519768238,0.0483340099453926,0.0271073449403047,-0.02264154702425,-0.0166686251759529,-0.0050062658265233,0.0096527338027954,0.0118193887174129,-0.0473358705639839,0.0070851636119186,0.0017133691580966,-0.0504574812948703,0.0098962150514125,-0.0325436070561409,0.0378134325146675,0.0177563782781362,0.0745654082421412,0.0006767237117817,0.0756268627777552,0.0162177061721815,0.0784131044555862,0.0246673889580331,0.1143690414501579,0.0422892585615655,0.1146344576625979,0.2280352675220602,0.0967228432987437,-0.0374902028258775,2019-02-20,2019-02-21,2019-02-22,2019-02-25,2019-02-26,2019-02-27,2019-02-28,2019-03-01,2019-03-04,2019-03-05,86026.0,2019-02-19,252.0,1.9340%,0.0004,1.237,1.1315,0.5194,1.2297%,1.8196%,54.3306%,0.0121199999999999,IOSP,86026.0,2019-02-20,252.0,3.7813%,0.0006,1.2459,1.1549,0.5522,1.2426%,1.8346%,54.1261%,0.030017,IOSP,86026.0,2019-02-21,252.0,3.5413%,0.0008,1.2287,1.1289,0.5203,1.2623%,1.8345%,52.6536%,0.042001,IOSP,86026.0,2019-02-22,252.0,0.0988%,0.0007,1.2305,1.1042,0.5196,1.2583%,1.8293%,52.6894%,-0.0056599999999999,IOSP,86026.0,2019-02-25,252.0,0.8758%,0.0007,1.232,1.1009,0.5235,1.2570%,1.8285%,52.7405%,0.010618,IOSP,86026.0,2019-02-26,252.0,-0.6114%,0.0008,1.2357,1.092,0.5217,1.2563%,1.8286%,52.7958%,0.00453,IOSP,86026.0,2019-02-27,252.0,1.0704%,0.0009,1.2424,1.0823,0.5229,1.2538%,1.8291%,53.0175%,0.008043,IOSP,86026.0,2019-02-28,252.0,-0.3530%,0.0008,1.2543,1.0905,0.5314,1.2457%,1.8291%,53.6170%,0.001312,IOSP,86026.0,2019-03-01,252.0,1.0994%,0.0009,1.2324,1.0579,0.4974,1.2245%,1.7953%,53.4823%,0.0008359999999999,IOSP,86026.0,2019-03-04,252.0,0.7491%,0.001,1.2303,1.0513,0.5011,1.2282%,1.7955%,53.2079%,0.016101,IOSP,86026.0,2019-03-05,252.0,0.7316%,0.0011,1.2347,1.094,0.4995,1.2171%,1.7947%,54.0103%,0.013779,IOSP,0.042137,0.0841379999999999,0.0784779999999999,0.093626,0.133697
20363,IROBOT CORP,"Canaccord Downgrades iRobot After Rally, Says Robot Lawnmower, Tariffs Are Risks",6,decrease,0.8,0.6,"the downgrade from canaccord suggests a negative outlook for irobot corp, which is likely to lead to a decrease in stock price due to investor sentiment and concerns over risks associated with their products and tariffs.",0,2019-02-19,IRBT,2019-02-19 17:11:00+00:00,90971.0,46272610,0.0093810427933931,1465343.0,0.0167620666325092,0.0356523320078849,-0.0249734558165073,0.001650903141126,0.0086214011535048,0.0051528066396713,0.0098755387589335,0.0776470601558685,-0.0068206246942281,0.0199673790484666,0.0265596471726894,0.0625254735350608,0.00797934923321,0.0963990464806556,0.0359827280044555,0.0035914669279009,0.0094164963811635,-0.0172072034329175,-0.0108579155057668,0.0185372605919838,-0.0357143059372901,-0.0086869224905967,-0.02445082180202,-0.0135134672746062,0.0041909320279955,0.0835713893175125,0.0063011809252202,-0.0252958964556455,0.0082134027034044,0.0018600751645863,0.0084690703079104,0.0052588167600333,0.0035191748756915,0.0048144198954105,-0.0060572419315576,0.0047192252241075,0.0250180643051862,-0.0534896776080131,-0.0508487820625305,0.0174980219453573,0.0117860408499836,0.0354117900133132,0.0227272789925336,0.0008242045878432,-0.0501792356371879,0.0181012004613876,0.0102306185290217,-0.0349375791847705,0.0066406191326677,-0.0001734936085995,-0.0458480902016162,-0.0169982388615608,0.0063952803611755,-0.0040765553712844,0.0106483940035104,0.0318999253213405,0.0106211230158805,0.0271243657916784,0.0213553123176097,0.0643842741847038,0.0094665279611945,-0.0121150817722082,-0.0084808031097054,-0.0537377595901489,0.0227815154939889,0.0297589544206857,-0.0040205852128565,-0.0129870092496275,-0.0145325614139437,0.0073358411900699,0.0322792269289493,0.0764674544334411,0.0151587594300508,0.0070246048271656,0.0010162584949284,-0.051659133285284,-0.0039830873720347,-0.0198349226266145,0.0168587304651737,-0.0091552734375,-0.0040097860619425,-0.0089524006471037,-0.0026323655620217,-0.0429547168314456,-0.0006987392553128,-0.015053023584187,0.0142935728654265,-0.0410104990005493,-0.2309106737375259,0.0329869613051414,-0.0154351266101002,-0.0273596905171871,0.0118337022140622,0.0019817273132503,0.0190923232585191,-0.0095954341813921,0.0155959194526076,-0.0252949018031358,-0.009658102877438,-0.0672152861952781,0.0128730218857526,0.057337537407875,0.0098208803683519,0.0159744415432214,-0.0421433858573436,0.0207631662487983,-0.0172207411378622,0.0532402321696281,-0.0190418809652328,-0.0609612464904785,-0.0033040754497051,0.0119682131335139,-0.0179218463599681,0.0186190865933895,-0.0327004864811897,0.020239720121026,0.0010905790841206,-0.0049504367634654,0.0098038548603653,-0.042757149785757,0.0167620666325092,0.0356523320078849,-0.0086299959144384,0.0373620936959113,-8.299741766515378e-05,0.042707419980051,0.0029043113440192,0.1461073422553795,0.0734378739455892,0.3413099326456206,0.0080491314166346,0.5251660934782718,-0.2307692675053384,0.2858374000979775,2019-02-20,2019-02-21,2019-02-22,2019-02-25,2019-02-26,2019-02-27,2019-02-28,2019-03-01,2019-03-04,2019-03-05,90971.0,2019-02-19,252.0,0.9381%,0.0022,1.4882,0.9191,-0.8307,2.5921%,3.2513%,36.4381%,0.006299,IRBT,90971.0,2019-02-20,252.0,1.6762%,0.0022,1.492,0.9266,-0.8176,2.5936%,3.2524%,36.4066%,0.016381,IRBT,90971.0,2019-02-21,252.0,-2.4973%,0.0022,1.4942,0.9262,-0.8132,2.5971%,3.2548%,36.3286%,-0.020785,IRBT,90971.0,2019-02-22,252.0,0.8621%,0.0021,1.4975,0.9138,-0.7856,2.6000%,3.2549%,36.1925%,-0.01824,IRBT,90971.0,2019-02-25,252.0,0.9876%,0.0022,1.4955,0.9086,-0.7956,2.5981%,3.2540%,36.2499%,0.008491,IRBT,90971.0,2019-02-26,252.0,-0.6821%,0.002,1.4778,0.9306,-0.7977,2.5909%,3.2389%,36.0068%,-0.001338,IRBT,90971.0,2019-02-27,252.0,2.6560%,0.0021,1.4775,0.9372,-0.7977,2.5941%,3.2412%,35.9444%,0.022404,IRBT,90971.0,2019-02-28,252.0,0.7979%,0.0021,1.4804,0.9395,-0.7975,2.5940%,3.2404%,35.9147%,0.010278,IRBT,90971.0,2019-03-01,252.0,3.5983%,0.0022,1.4849,0.9462,-0.7985,2.5963%,3.2452%,35.9951%,0.019319,IRBT,90971.0,2019-03-04,252.0,0.9416%,0.0024,1.4691,0.9792,-0.79,2.5937%,3.2371%,35.7990%,0.023947,IRBT,90971.0,2019-03-05,252.0,-1.0858%,0.0023,1.471,0.988,-0.785,2.5944%,3.2349%,35.6795%,-0.007311,IRBT,0.02268,0.0018949999999999,-0.016345,-0.009192,0.059445
20371,O P E N L A N E INC,KAR Auction Services Sees FY19 Adj. EPS $2.90-$3.09 vs $3.16 Est.,6,uncertain,0.5,0.5,"the news pertains to kar auction services and does not directly indicate the performance or outlook of o p e n l a n e inc, making the impact on its stock price uncertain.",1,2019-02-19,KAR,2019-02-19 21:48:00+00:00,93174.0,48238T10,-0.0121078677475452,1363946.0,-0.1322191059589386,0.0060907718725502,0.0295313727110624,0.00612816773355,-0.0218249689787626,-0.0020385584793984,-0.0076498216949403,0.0146671449765563,0.0042826714925467,0.0062441220507025,-0.0140724908560514,0.0122581766918301,0.0196799263358116,-0.0145337954163551,0.0120890708640217,-0.0052572060376405,-0.0073344986885786,0.0069956313818693,0.0147773018106818,0.013606728054583,0.0087372995913028,0.0032686404883861,-0.0016498623881489,0.0001922754163388,-0.0109481262043118,0.0061919447034597,-0.0064745480194687,-0.0005801349761895,0.0052554132416844,-0.0013518674531951,0.0273944251239299,-0.0025043550413101,-0.0109912659972906,0.0089407013729214,0.0074089444242417,-0.0023269136436283,-0.007763045374304,-0.0067411111667752,-0.0026765712536871,0.0122830420732498,0.0018579717725515,0.0130357462912797,0.0317329987883567,0.0085657434538006,-0.0241351723670959,0.0102636776864528,0.0098928185179829,0.0079107386991381,0.0051020407117903,0.0110746705904603,0.0032487278804183,0.003911851439625,0.0101194093003869,0.0345047675073146,0.0280505213886499,0.0083762751892209,0.0144220981746912,-0.0074610630981624,0.0121037671342492,0.0282770916819572,0.0058846124447882,-0.0233354773372411,-0.0120778102427721,-0.0211651735007762,0.0005731154815293,0.0231561288237571,0.0049636946059763,-0.0149947013705968,-0.0070288553833961,-0.0004222178249619,0.0028696712106466,0.033828005194664,0.0005723501672036,-0.0190537236630916,0.0190657768398523,-0.0205493718385696,0.0130963660776615,-0.0089360000565648,0.0234533082693815,-0.0198180340230464,0.0142547991126775,-0.0014135640813037,0.0053371149115264,0.0014155651442706,-0.0093788495287299,-0.023884704336524,0.0035727182403206,0.0001974002225324,0.0060519785620272,0.0065580648370087,-0.0092002907767891,-0.0009926392231136,0.0116071701049804,-0.0131269982084631,0.0017651980742812,-0.0584762617945671,-0.0047577172517776,-0.0095011964440345,-0.0060198325663805,-0.0403296388685703,-0.0012468773638829,-0.0019251069752499,0.0133761372417211,0.0008757967734709,-0.0073917312547564,-0.0050540417432785,-0.0072695007547736,0.0213599279522895,-0.0264333505183458,-0.0168008245527744,0.0084388721734285,0.0095406528562307,0.0092777572572231,-0.0054472214542329,-0.0192862246185541,0.014257694594562,-0.0012865226017311,-0.0060230316594243,0.0001839956094045,-0.0156930722296237,-0.1322191059589386,0.0060907718725502,-0.1065923449454731,0.0122562648777619,-0.1260909393024272,0.0101927212856711,-0.1290621530961655,0.0314096479573506,-0.1073351667158953,0.0446530850950206,-0.0148405068507975,0.1948706599514926,0.0163898403556057,-0.042607195768904,2019-02-20,2019-02-21,2019-02-22,2019-02-25,2019-02-26,2019-02-27,2019-02-28,2019-03-01,2019-03-04,2019-03-05,93174.0,2019-02-19,252.0,-1.2108%,0.0002,0.7322,0.3962,0.0591,1.0260%,1.2991%,37.6235%,-0.01497,KAR,93174.0,2019-02-20,252.0,-13.2219%,-0.0004,0.6939,0.3076,-0.0781,1.3296%,1.5431%,25.7618%,-0.134907,KAR,93174.0,2019-02-21,252.0,2.9531%,-0.0002,0.6778,0.2818,-0.1079,1.3365%,1.5434%,25.0054%,0.032035,KAR,93174.0,2019-02-22,252.0,-2.1825%,-0.0004,0.6824,0.2649,-0.0679,1.3480%,1.5489%,24.2616%,-0.029467,KAR,93174.0,2019-02-25,252.0,-0.7650%,-0.0004,0.6825,0.2689,-0.0653,1.3489%,1.5497%,24.2315%,-0.0082069999999999,KAR,93174.0,2019-02-26,252.0,0.4283%,-0.0004,0.6801,0.2613,-0.071,1.3496%,1.5484%,24.0243%,0.00678,KAR,93174.0,2019-02-27,252.0,-1.4072%,-0.0004,0.6777,0.2612,-0.0714,1.3526%,1.5493%,23.7836%,-0.015366,KAR,93174.0,2019-02-28,252.0,1.9680%,-0.0004,0.6785,0.2624,-0.076,1.3582%,1.5544%,23.6469%,0.02145,KAR,93174.0,2019-03-01,252.0,1.2089%,-0.0006,0.7097,0.309,-0.0306,1.3226%,1.5352%,25.7790%,0.006049,KAR,93174.0,2019-03-04,252.0,-0.7334%,-0.0006,0.7139,0.2969,-0.032,1.3216%,1.5358%,25.9447%,-0.002379,KAR,93174.0,2019-03-05,252.0,1.4777%,-0.0005,0.7132,0.3035,-0.0389,1.3246%,1.5387%,25.8901%,0.016744,KAR,-0.149877,-0.117842,-0.147309,-0.1487359999999999,-0.1222379999999999
20379,O P E N L A N E INC,"KAR Auction Services Q4 Adj. EPS $0.62 Beats $0.59 Estimate, Sales $929M Miss $938M Estimate",6,uncertain,0.5,0.5,"the news pertains to kar auction services and does not directly indicate the performance or outlook of o p e n l a n e inc, leading to uncertainty in its impact on the stock price.",1,2019-02-19,KAR,2019-02-19 21:47:00+00:00,93174.0,48238T10,-0.0121078677475452,1363946.0,-0.1322191059589386,0.0060907718725502,0.0295313727110624,0.00612816773355,-0.0218249689787626,-0.0020385584793984,-0.0076498216949403,0.0146671449765563,0.0042826714925467,0.0062441220507025,-0.0140724908560514,0.0122581766918301,0.0196799263358116,-0.0145337954163551,0.0120890708640217,-0.0052572060376405,-0.0073344986885786,0.0069956313818693,0.0147773018106818,0.013606728054583,0.0087372995913028,0.0032686404883861,-0.0016498623881489,0.0001922754163388,-0.0109481262043118,0.0061919447034597,-0.0064745480194687,-0.0005801349761895,0.0052554132416844,-0.0013518674531951,0.0273944251239299,-0.0025043550413101,-0.0109912659972906,0.0089407013729214,0.0074089444242417,-0.0023269136436283,-0.007763045374304,-0.0067411111667752,-0.0026765712536871,0.0122830420732498,0.0018579717725515,0.0130357462912797,0.0317329987883567,0.0085657434538006,-0.0241351723670959,0.0102636776864528,0.0098928185179829,0.0079107386991381,0.0051020407117903,0.0110746705904603,0.0032487278804183,0.003911851439625,0.0101194093003869,0.0345047675073146,0.0280505213886499,0.0083762751892209,0.0144220981746912,-0.0074610630981624,0.0121037671342492,0.0282770916819572,0.0058846124447882,-0.0233354773372411,-0.0120778102427721,-0.0211651735007762,0.0005731154815293,0.0231561288237571,0.0049636946059763,-0.0149947013705968,-0.0070288553833961,-0.0004222178249619,0.0028696712106466,0.033828005194664,0.0005723501672036,-0.0190537236630916,0.0190657768398523,-0.0205493718385696,0.0130963660776615,-0.0089360000565648,0.0234533082693815,-0.0198180340230464,0.0142547991126775,-0.0014135640813037,0.0053371149115264,0.0014155651442706,-0.0093788495287299,-0.023884704336524,0.0035727182403206,0.0001974002225324,0.0060519785620272,0.0065580648370087,-0.0092002907767891,-0.0009926392231136,0.0116071701049804,-0.0131269982084631,0.0017651980742812,-0.0584762617945671,-0.0047577172517776,-0.0095011964440345,-0.0060198325663805,-0.0403296388685703,-0.0012468773638829,-0.0019251069752499,0.0133761372417211,0.0008757967734709,-0.0073917312547564,-0.0050540417432785,-0.0072695007547736,0.0213599279522895,-0.0264333505183458,-0.0168008245527744,0.0084388721734285,0.0095406528562307,0.0092777572572231,-0.0054472214542329,-0.0192862246185541,0.014257694594562,-0.0012865226017311,-0.0060230316594243,0.0001839956094045,-0.0156930722296237,-0.1322191059589386,0.0060907718725502,-0.1065923449454731,0.0122562648777619,-0.1260909393024272,0.0101927212856711,-0.1290621530961655,0.0314096479573506,-0.1073351667158953,0.0446530850950206,-0.0148405068507975,0.1948706599514926,0.0163898403556057,-0.042607195768904,2019-02-20,2019-02-21,2019-02-22,2019-02-25,2019-02-26,2019-02-27,2019-02-28,2019-03-01,2019-03-04,2019-03-05,93174.0,2019-02-19,252.0,-1.2108%,0.0002,0.7322,0.3962,0.0591,1.0260%,1.2991%,37.6235%,-0.01497,KAR,93174.0,2019-02-20,252.0,-13.2219%,-0.0004,0.6939,0.3076,-0.0781,1.3296%,1.5431%,25.7618%,-0.134907,KAR,93174.0,2019-02-21,252.0,2.9531%,-0.0002,0.6778,0.2818,-0.1079,1.3365%,1.5434%,25.0054%,0.032035,KAR,93174.0,2019-02-22,252.0,-2.1825%,-0.0004,0.6824,0.2649,-0.0679,1.3480%,1.5489%,24.2616%,-0.029467,KAR,93174.0,2019-02-25,252.0,-0.7650%,-0.0004,0.6825,0.2689,-0.0653,1.3489%,1.5497%,24.2315%,-0.0082069999999999,KAR,93174.0,2019-02-26,252.0,0.4283%,-0.0004,0.6801,0.2613,-0.071,1.3496%,1.5484%,24.0243%,0.00678,KAR,93174.0,2019-02-27,252.0,-1.4072%,-0.0004,0.6777,0.2612,-0.0714,1.3526%,1.5493%,23.7836%,-0.015366,KAR,93174.0,2019-02-28,252.0,1.9680%,-0.0004,0.6785,0.2624,-0.076,1.3582%,1.5544%,23.6469%,0.02145,KAR,93174.0,2019-03-01,252.0,1.2089%,-0.0006,0.7097,0.309,-0.0306,1.3226%,1.5352%,25.7790%,0.006049,KAR,93174.0,2019-03-04,252.0,-0.7334%,-0.0006,0.7139,0.2969,-0.032,1.3216%,1.5358%,25.9447%,-0.002379,KAR,93174.0,2019-03-05,252.0,1.4777%,-0.0005,0.7132,0.3035,-0.0389,1.3246%,1.5387%,25.8901%,0.016744,KAR,-0.149877,-0.117842,-0.147309,-0.1487359999999999,-0.1222379999999999
20387,KITE REALTY GROUP TRUST,Kite Realty To Sell $350M-$500M Of Non-Core Assets,6,decrease,0.7,0.6,"the sale of non-core assets may signal financial distress or a shift in strategy that could be perceived negatively by investors, leading to a potential decrease in stock price.",0,2019-02-19,KRG,2019-02-19 22:00:00+00:00,90307.0,49803T30,0.0017751886043697,506504.0,-0.0478440299630165,0.0017782322829589,-0.0074442205950617,-0.0023654056712985,0.0025000572204589,-0.0029480683151632,-0.0024938224814832,-0.0116550559177994,-0.0199999809265136,0.0135853243991732,0.0082908235490322,0.0005910300533287,-0.0044276183471083,0.0149970008060336,-0.0171537175774574,-0.0095068244263529,-0.0122818704694509,0.0059773093089461,0.0039267293177545,0.0090470220893621,-0.0123859541490674,-0.0030065688770264,-0.0059405411593616,0.0091019188985228,0.0039840280078351,0.0160296075046062,0.0238095019012689,0.0099626313894987,0.0038759962189942,0.0126103283837437,0.0083655156195163,0.0192801561206579,0.0063816453330218,0.0077720754779875,-0.0044388487003743,-0.0096215885132551,-0.0031847255304455,-0.0225705113261938,0.0063898009248077,0.0044080410152673,0.0019047450041398,0.0037926940713077,0.0207541342824697,0.0180180016905069,-0.0189993791282177,0.0084360875189304,0.0006455925758928,-0.0058064614422619,0.0270967800170183,0.0032362584024667,-0.0062814308330416,0.0,0.017699159681797,-0.0019379672594368,-0.0068323360756039,0.0424241833388805,0.0093808397650718,0.0326843038201332,-0.0012390676420181,0.0390173383057117,-0.0068238587118685,0.0105281881988048,0.0,-0.005677780136466,0.0174891110509634,-0.0091420616954565,-0.0073665333911776,-0.0062893186695873,-0.0228818729519844,-0.009688539430499,0.0139240669086575,0.0478607565164566,-0.0081148631870746,-0.0356643497943878,0.0031465850770473,-0.0048712384887039,-0.0075282240286469,-0.0310182087123394,-0.024652300402522,-0.0357607416808605,0.0071289469487965,-0.0064599113538861,0.0064350310713052,-0.0685921311378479,-0.0249360837042331,0.0158924348652362,0.0150819374248385,0.0218613594770431,0.0155039234086871,-0.0249695405364036,-0.0057252002879977,-0.0084540694952011,0.0153550719842314,-0.0042092422954738,-0.0107120405882597,-0.0053827846422791,0.0057324939407408,0.0417445562779903,0.0113996397703886,-0.0255009159445762,0.010018715634942,-0.0024228293914347,0.0223187003284692,0.0222910605370998,0.0030322100501507,-0.003086490323767,-0.0199517421424388,0.0214376486837863,0.0006169173284433,0.0031625069677829,-0.0024660301860421,0.0019011842086911,0.0216316673904657,-0.0006333267083391,-0.0114942844957113,-0.0006329258903861,-0.0067319832742214,-0.014962637796998,0.0036969424691051,-0.003726674709469,-0.0478440299630165,0.0017782322829589,-0.0549320890448769,-0.0005913796290665,-0.0525693651902694,-0.0035377045166831,-0.0738334292011239,-0.0017720423183167,-0.0939161317264144,0.019300344437104,-0.0286983964998518,0.2210982279179787,-0.0184551373785496,0.0737700597258703,2019-02-20,2019-02-21,2019-02-22,2019-02-25,2019-02-26,2019-02-27,2019-02-28,2019-03-01,2019-03-04,2019-03-05,90307.0,2019-02-19,252.0,0.1775%,0.0008,0.6842,0.4432,0.2008,1.4114%,1.5856%,20.7636%,-0.001494,KRG,90307.0,2019-02-20,252.0,-4.7844%,0.0005,0.6666,0.3891,0.134,1.4325%,1.5989%,19.7356%,-0.051323,KRG,90307.0,2019-02-21,252.0,-0.7444%,0.0005,0.6626,0.38,0.1269,1.4300%,1.5947%,19.5873%,-0.004497,KRG,90307.0,2019-02-22,252.0,0.2500%,0.0006,0.6617,0.4148,0.147,1.4205%,1.5865%,19.8271%,-0.002132,KRG,90307.0,2019-02-25,252.0,-0.2494%,0.0005,0.6634,0.4179,0.155,1.4176%,1.5841%,19.9119%,-0.002243,KRG,90307.0,2019-02-26,252.0,-2.0000%,0.0005,0.6714,0.4329,0.1685,1.4205%,1.5894%,20.1259%,-0.015853,KRG,90307.0,2019-02-27,252.0,0.8291%,0.0004,0.6616,0.4521,0.1669,1.4141%,1.5808%,19.9746%,0.006966,KRG,90307.0,2019-02-28,252.0,-0.4428%,0.0005,0.6511,0.4448,0.1599,1.4082%,1.5700%,19.5440%,-0.00215,KRG,90307.0,2019-03-01,252.0,-1.7154%,0.0003,0.657,0.4536,0.1797,1.4112%,1.5731%,19.5299%,-0.022582,KRG,90307.0,2019-03-04,252.0,-1.2282%,0.0002,0.6697,0.4189,0.1748,1.4032%,1.5694%,20.0552%,-0.007842,KRG,90307.0,2019-03-05,252.0,0.3927%,0.0003,0.6699,0.425,0.1726,1.4033%,1.5695%,20.0476%,0.006693,KRG,-0.052817,-0.057314,-0.059446,-0.077542,-0.096457
20395,KITE REALTY GROUP TRUST,Kite Realty Trust Group Sees FY19 $1.66-$1.76,6,uncertain,0.6,0.3,"the forecasted range for fy19 earnings suggests stability, but without additional context on market expectations or performance, the impact on stock price remains unclear.",1,2019-02-19,KRG,2019-02-19 21:50:00+00:00,90307.0,49803T30,0.0017751886043697,506504.0,-0.0478440299630165,0.0017782322829589,-0.0074442205950617,-0.0023654056712985,0.0025000572204589,-0.0029480683151632,-0.0024938224814832,-0.0116550559177994,-0.0199999809265136,0.0135853243991732,0.0082908235490322,0.0005910300533287,-0.0044276183471083,0.0149970008060336,-0.0171537175774574,-0.0095068244263529,-0.0122818704694509,0.0059773093089461,0.0039267293177545,0.0090470220893621,-0.0123859541490674,-0.0030065688770264,-0.0059405411593616,0.0091019188985228,0.0039840280078351,0.0160296075046062,0.0238095019012689,0.0099626313894987,0.0038759962189942,0.0126103283837437,0.0083655156195163,0.0192801561206579,0.0063816453330218,0.0077720754779875,-0.0044388487003743,-0.0096215885132551,-0.0031847255304455,-0.0225705113261938,0.0063898009248077,0.0044080410152673,0.0019047450041398,0.0037926940713077,0.0207541342824697,0.0180180016905069,-0.0189993791282177,0.0084360875189304,0.0006455925758928,-0.0058064614422619,0.0270967800170183,0.0032362584024667,-0.0062814308330416,0.0,0.017699159681797,-0.0019379672594368,-0.0068323360756039,0.0424241833388805,0.0093808397650718,0.0326843038201332,-0.0012390676420181,0.0390173383057117,-0.0068238587118685,0.0105281881988048,0.0,-0.005677780136466,0.0174891110509634,-0.0091420616954565,-0.0073665333911776,-0.0062893186695873,-0.0228818729519844,-0.009688539430499,0.0139240669086575,0.0478607565164566,-0.0081148631870746,-0.0356643497943878,0.0031465850770473,-0.0048712384887039,-0.0075282240286469,-0.0310182087123394,-0.024652300402522,-0.0357607416808605,0.0071289469487965,-0.0064599113538861,0.0064350310713052,-0.0685921311378479,-0.0249360837042331,0.0158924348652362,0.0150819374248385,0.0218613594770431,0.0155039234086871,-0.0249695405364036,-0.0057252002879977,-0.0084540694952011,0.0153550719842314,-0.0042092422954738,-0.0107120405882597,-0.0053827846422791,0.0057324939407408,0.0417445562779903,0.0113996397703886,-0.0255009159445762,0.010018715634942,-0.0024228293914347,0.0223187003284692,0.0222910605370998,0.0030322100501507,-0.003086490323767,-0.0199517421424388,0.0214376486837863,0.0006169173284433,0.0031625069677829,-0.0024660301860421,0.0019011842086911,0.0216316673904657,-0.0006333267083391,-0.0114942844957113,-0.0006329258903861,-0.0067319832742214,-0.014962637796998,0.0036969424691051,-0.003726674709469,-0.0478440299630165,0.0017782322829589,-0.0549320890448769,-0.0005913796290665,-0.0525693651902694,-0.0035377045166831,-0.0738334292011239,-0.0017720423183167,-0.0939161317264144,0.019300344437104,-0.0286983964998518,0.2210982279179787,-0.0184551373785496,0.0737700597258703,2019-02-20,2019-02-21,2019-02-22,2019-02-25,2019-02-26,2019-02-27,2019-02-28,2019-03-01,2019-03-04,2019-03-05,90307.0,2019-02-19,252.0,0.1775%,0.0008,0.6842,0.4432,0.2008,1.4114%,1.5856%,20.7636%,-0.001494,KRG,90307.0,2019-02-20,252.0,-4.7844%,0.0005,0.6666,0.3891,0.134,1.4325%,1.5989%,19.7356%,-0.051323,KRG,90307.0,2019-02-21,252.0,-0.7444%,0.0005,0.6626,0.38,0.1269,1.4300%,1.5947%,19.5873%,-0.004497,KRG,90307.0,2019-02-22,252.0,0.2500%,0.0006,0.6617,0.4148,0.147,1.4205%,1.5865%,19.8271%,-0.002132,KRG,90307.0,2019-02-25,252.0,-0.2494%,0.0005,0.6634,0.4179,0.155,1.4176%,1.5841%,19.9119%,-0.002243,KRG,90307.0,2019-02-26,252.0,-2.0000%,0.0005,0.6714,0.4329,0.1685,1.4205%,1.5894%,20.1259%,-0.015853,KRG,90307.0,2019-02-27,252.0,0.8291%,0.0004,0.6616,0.4521,0.1669,1.4141%,1.5808%,19.9746%,0.006966,KRG,90307.0,2019-02-28,252.0,-0.4428%,0.0005,0.6511,0.4448,0.1599,1.4082%,1.5700%,19.5440%,-0.00215,KRG,90307.0,2019-03-01,252.0,-1.7154%,0.0003,0.657,0.4536,0.1797,1.4112%,1.5731%,19.5299%,-0.022582,KRG,90307.0,2019-03-04,252.0,-1.2282%,0.0002,0.6697,0.4189,0.1748,1.4032%,1.5694%,20.0552%,-0.007842,KRG,90307.0,2019-03-05,252.0,0.3927%,0.0003,0.6699,0.425,0.1726,1.4033%,1.5695%,20.0476%,0.006693,KRG,-0.052817,-0.057314,-0.059446,-0.077542,-0.096457
20403,KITE REALTY GROUP TRUST,"Kite Realty Group Trust Q4 FFO $0.48 Down From $0.50 YoY, Sales $86.94M Beat $85.32M Estimate",6,uncertain,0.6,0.2,"while the ffo decreased year-over-year, the sales beat expectations, leading to mixed signals about the stock's performance.",1,2019-02-19,KRG,2019-02-19 21:50:00+00:00,90307.0,49803T30,0.0017751886043697,506504.0,-0.0478440299630165,0.0017782322829589,-0.0074442205950617,-0.0023654056712985,0.0025000572204589,-0.0029480683151632,-0.0024938224814832,-0.0116550559177994,-0.0199999809265136,0.0135853243991732,0.0082908235490322,0.0005910300533287,-0.0044276183471083,0.0149970008060336,-0.0171537175774574,-0.0095068244263529,-0.0122818704694509,0.0059773093089461,0.0039267293177545,0.0090470220893621,-0.0123859541490674,-0.0030065688770264,-0.0059405411593616,0.0091019188985228,0.0039840280078351,0.0160296075046062,0.0238095019012689,0.0099626313894987,0.0038759962189942,0.0126103283837437,0.0083655156195163,0.0192801561206579,0.0063816453330218,0.0077720754779875,-0.0044388487003743,-0.0096215885132551,-0.0031847255304455,-0.0225705113261938,0.0063898009248077,0.0044080410152673,0.0019047450041398,0.0037926940713077,0.0207541342824697,0.0180180016905069,-0.0189993791282177,0.0084360875189304,0.0006455925758928,-0.0058064614422619,0.0270967800170183,0.0032362584024667,-0.0062814308330416,0.0,0.017699159681797,-0.0019379672594368,-0.0068323360756039,0.0424241833388805,0.0093808397650718,0.0326843038201332,-0.0012390676420181,0.0390173383057117,-0.0068238587118685,0.0105281881988048,0.0,-0.005677780136466,0.0174891110509634,-0.0091420616954565,-0.0073665333911776,-0.0062893186695873,-0.0228818729519844,-0.009688539430499,0.0139240669086575,0.0478607565164566,-0.0081148631870746,-0.0356643497943878,0.0031465850770473,-0.0048712384887039,-0.0075282240286469,-0.0310182087123394,-0.024652300402522,-0.0357607416808605,0.0071289469487965,-0.0064599113538861,0.0064350310713052,-0.0685921311378479,-0.0249360837042331,0.0158924348652362,0.0150819374248385,0.0218613594770431,0.0155039234086871,-0.0249695405364036,-0.0057252002879977,-0.0084540694952011,0.0153550719842314,-0.0042092422954738,-0.0107120405882597,-0.0053827846422791,0.0057324939407408,0.0417445562779903,0.0113996397703886,-0.0255009159445762,0.010018715634942,-0.0024228293914347,0.0223187003284692,0.0222910605370998,0.0030322100501507,-0.003086490323767,-0.0199517421424388,0.0214376486837863,0.0006169173284433,0.0031625069677829,-0.0024660301860421,0.0019011842086911,0.0216316673904657,-0.0006333267083391,-0.0114942844957113,-0.0006329258903861,-0.0067319832742214,-0.014962637796998,0.0036969424691051,-0.003726674709469,-0.0478440299630165,0.0017782322829589,-0.0549320890448769,-0.0005913796290665,-0.0525693651902694,-0.0035377045166831,-0.0738334292011239,-0.0017720423183167,-0.0939161317264144,0.019300344437104,-0.0286983964998518,0.2210982279179787,-0.0184551373785496,0.0737700597258703,2019-02-20,2019-02-21,2019-02-22,2019-02-25,2019-02-26,2019-02-27,2019-02-28,2019-03-01,2019-03-04,2019-03-05,90307.0,2019-02-19,252.0,0.1775%,0.0008,0.6842,0.4432,0.2008,1.4114%,1.5856%,20.7636%,-0.001494,KRG,90307.0,2019-02-20,252.0,-4.7844%,0.0005,0.6666,0.3891,0.134,1.4325%,1.5989%,19.7356%,-0.051323,KRG,90307.0,2019-02-21,252.0,-0.7444%,0.0005,0.6626,0.38,0.1269,1.4300%,1.5947%,19.5873%,-0.004497,KRG,90307.0,2019-02-22,252.0,0.2500%,0.0006,0.6617,0.4148,0.147,1.4205%,1.5865%,19.8271%,-0.002132,KRG,90307.0,2019-02-25,252.0,-0.2494%,0.0005,0.6634,0.4179,0.155,1.4176%,1.5841%,19.9119%,-0.002243,KRG,90307.0,2019-02-26,252.0,-2.0000%,0.0005,0.6714,0.4329,0.1685,1.4205%,1.5894%,20.1259%,-0.015853,KRG,90307.0,2019-02-27,252.0,0.8291%,0.0004,0.6616,0.4521,0.1669,1.4141%,1.5808%,19.9746%,0.006966,KRG,90307.0,2019-02-28,252.0,-0.4428%,0.0005,0.6511,0.4448,0.1599,1.4082%,1.5700%,19.5440%,-0.00215,KRG,90307.0,2019-03-01,252.0,-1.7154%,0.0003,0.657,0.4536,0.1797,1.4112%,1.5731%,19.5299%,-0.022582,KRG,90307.0,2019-03-04,252.0,-1.2282%,0.0002,0.6697,0.4189,0.1748,1.4032%,1.5694%,20.0552%,-0.007842,KRG,90307.0,2019-03-05,252.0,0.3927%,0.0003,0.6699,0.425,0.1726,1.4033%,1.5695%,20.0476%,0.006693,KRG,-0.052817,-0.057314,-0.059446,-0.077542,-0.096457
20411,KRATOS DEFENSE & SECUR SOLS INC,Kratos Defense & Security Option Alert: Mar 15 $17.5 Calls Sweep (11) near the Ask: 1731 @ $1.0 vs 2087 OI; Earnings 2/27 After Close [est] Ref=$17.58,6,increase,0.7,0.6,"the significant call option activity suggests bullish sentiment among investors ahead of the earnings report, which could lead to an increase in the stock price.",2,2019-02-19,KTOS,2019-02-19 15:21:00+00:00,87430.0,50077B20,0.0530973188579082,1599432.0,-0.0112045239657163,0.0,-0.0016996476333588,0.0,-0.0022701993584632,-0.0139615917578339,-0.0045506213791668,0.0135614071041345,-0.0228571202605962,0.0310029368847608,0.0052631665021181,0.0491071715950965,0.0,-0.0169278681278228,-0.0279232952743768,-0.0049906969070434,-0.0119688129052519,0.0094458796083927,0.0205935891717672,0.0311688650399446,-0.0136498240754008,-0.0058102100156247,-0.0138388350605964,0.0340454094111919,-0.006711330730468,-0.0125247547402977,-0.01719905808568,0.016075000166893,-0.0074999928474426,-0.0040026330389082,0.0025188892614096,0.0225102268159389,-0.0050251209177076,0.0041095521301031,-0.0239899065345525,0.0224090088158845,0.0213454030454158,-0.0239234715700149,0.007599739357829,0.0339222960174083,0.0163419377058744,-0.0166782978922128,-0.0018553300760686,-0.0322797261178493,-0.0315984711050987,0.0191912092268466,-0.0006398098776116,-0.0135226380079984,-0.0012803779682144,0.0242382548749446,-0.0320512801408767,0.0027777752839028,0.0099337492138147,0.0006948766531422,0.0249180402606725,0.0359971188008785,0.0108765242621302,0.0138686522841453,-0.0012658517807722,0.0514198057353496,-0.0158428400754928,-0.0605623759329319,-0.0193174630403518,-0.0156139293685555,0.0124754132702946,0.0247272830456495,-0.0038910778239369,-0.0143369045108556,-0.013020820915699,0.0108695374801755,-0.0052770399488508,0.1066559627652168,0.0086206970736384,-0.03032654710114,0.0046022152528166,-0.0250189490616321,-0.0098167294636368,-0.0287187285721302,-0.0033047052565962,-0.0463483035564422,-0.0251989476382732,0.0251979418098926,-0.0006802876596339,-0.0512295067310333,-0.0040843747556209,0.006185577251017,0.0430622100830078,-0.0135593088343739,0.0052424590103328,0.006825964897871,0.0,0.0054907291196286,0.0378096438944339,0.0681817680597305,-0.0006281550740823,-0.0072779790498316,-0.0018855897942557,0.0725994780659675,-0.0062972530722618,-0.0454545207321643,0.0101394075900316,0.0090225478634238,0.0056462427601218,-0.0111523885279893,0.0031191038433462,-0.016812901943922,-0.0205223839730024,0.0171004086732864,0.0165079515427351,-0.018248176202178,0.112429678440094,0.0066127958707511,0.0752386376261711,0.0066567454487085,0.003133131423965,-0.0095237484201788,0.0114524327218532,-0.0560166276991367,0.0530107431113719,-0.0524246506392955,-0.0112045239657163,0.0,-0.0128851278564339,0.0,-0.0151260754059038,-0.0139615917578339,-0.042016804703916,0.0303951364420653,-0.0560224067851869,0.1006494308057344,-0.1159664203136962,0.3008442904124873,0.146218404429496,0.1107470762927811,2019-02-20,2019-02-21,2019-02-22,2019-02-25,2019-02-26,2019-02-27,2019-02-28,2019-03-01,2019-03-04,2019-03-05,87430.0,2019-02-19,252.0,5.3097%,0.0013,1.1034,0.2831,-0.7369,2.3346%,2.7430%,27.5588%,0.052548,KTOS,87430.0,2019-02-20,252.0,-1.1205%,0.0011,1.0979,0.2603,-0.7591,2.3305%,2.7399%,27.6542%,-0.009971,KTOS,87430.0,2019-02-21,252.0,-0.1700%,0.0011,1.1009,0.2662,-0.7536,2.3299%,2.7400%,27.6911%,0.000699,KTOS,87430.0,2019-02-22,252.0,-0.2270%,0.0011,1.1039,0.2707,-0.7138,2.3340%,2.7391%,27.3910%,-0.022069,KTOS,87430.0,2019-02-25,252.0,-0.4551%,0.0011,1.1007,0.2715,-0.7252,2.3280%,2.7348%,27.5362%,-0.006887,KTOS,87430.0,2019-02-26,252.0,-2.2857%,0.0011,1.1125,0.292,-0.7059,2.3314%,2.7391%,27.5552%,-0.021852,KTOS,87430.0,2019-02-27,252.0,0.5263%,0.0011,1.116,0.2863,-0.7053,2.3309%,2.7391%,27.5870%,0.00276,KTOS,87430.0,2019-02-28,252.0,0.0000%,0.0012,1.1062,0.2796,-0.7125,2.3280%,2.7311%,27.3360%,0.001539,KTOS,87430.0,2019-03-01,252.0,-2.7923%,0.001,1.1072,0.2811,-0.6921,2.3400%,2.7374%,26.9239%,-0.039639,KTOS,87430.0,2019-03-04,252.0,-1.1969%,0.0013,1.0724,0.3996,-0.6838,2.2910%,2.6849%,27.1910%,-0.0024779999999999,KTOS,87430.0,2019-03-05,252.0,2.0594%,0.0014,1.0687,0.3843,-0.6941,2.2946%,2.6855%,26.9922%,0.021924,KTOS,0.042577,0.043276,0.021207,-0.007532,-0.023426
20419,LITHIA MOTORS INC,"JP Morgan Initiates Coverage On Lithia Motors with Overweight Rating, Announces $112 Price Target",6,increase,0.8,0.6,"the initiation of coverage by jp morgan with an overweight rating and a price target of $112 is likely to attract positive investor sentiment, potentially leading to an increase in the stock price.",2,2019-02-19,LAD,2019-02-19 12:02:00+00:00,84319.0,53679710,0.0136409793049097,373674.0,0.0141303371638059,0.0491353943943977,-0.0207895301282405,0.016856649890542,0.0082438811659812,-0.045049212872982,-0.0087365452200174,0.0267538651823997,0.0150282690301537,-0.002609122544527,-0.0079038077965378,-0.0150683438405394,0.0129038812592625,-0.0244986489415168,-0.0077544809319078,-0.0126012051478028,-0.0300324037671089,0.0018033817177638,0.0227900948375463,0.0073805102147161,-0.0150799453258514,-0.0098931677639484,-0.0065127173438668,0.0047441339120268,0.0032310036476701,0.004424771759659,0.0141476383432745,0.0059346794150769,0.0013610383030027,0.0066636237315833,0.0125722121447324,0.0120930336415767,-0.0040268525481224,0.0031493832357227,-0.0123539809137582,-0.004181588999927,0.007391333580017,-0.0122763570398092,-0.01490009855479,0.0169175658375024,0.0002292227873113,0.0098974471911787,0.0178714338690042,0.000825468043331,-0.0323015786707401,-0.0053952508606016,0.0052337395027279,-0.0043208585120737,0.0199005119502544,0.0300733800977468,0.0260918363928794,-0.0179563406854867,0.0144831975921988,0.0137724736705422,0.0107889911159873,-0.0073704556562006,0.0138005260378122,0.0246041938662529,-0.0131872585043311,0.0406895577907562,0.0216618403792381,0.0040727974846959,0.0079113924875855,0.0293462313711643,-0.0209314487874507,0.0131405033171176,0.0160342063754797,0.0262905955314636,-0.011257229372859,0.0093496534973382,0.0206426344811916,0.0332434140145778,-0.008653063327074,0.0075865844264626,0.0152487605810165,-0.0207456666976213,-0.0068365824408829,0.011197636835277,0.0168961491435766,-0.0145270759239792,0.007487213704735,0.0182050745934248,0.0065153148025274,0.0167750678956508,-0.030039457604289,-0.0037458885926753,0.0189780984073877,-0.0151816066354513,0.0736798718571662,0.0052774604409933,0.04937095195055,-0.0130912205204367,0.0228883232921361,-0.0164751820266246,0.0109216449782252,-0.0388555973768234,-0.0028985668905079,-0.0334404930472374,-0.0221105944365263,-0.0489296652376651,0.0172056201845407,-0.0133960973471403,0.0134608950465917,-0.0046846773475408,0.0100488802418112,-0.0190880484879016,-0.004325633868575,0.0147059224545955,-0.0106872515752911,-0.0030989525839686,0.0044791768305003,0.0200608093291521,0.0016656653024256,0.0080892723053693,-0.0158411096781492,0.0154324565082788,0.0081814657896757,-0.0183262061327695,-0.0042339540086686,0.0009783763671293,0.0141303371638059,0.0491353943943977,-0.0069529560346237,0.0668203024254798,0.0012336057880557,0.0187608875242952,0.0074016339866811,0.0432874932631905,-0.0034764768383732,-0.0011354434878356,0.0440789080573214,0.1150969953683835,0.2735860504220118,0.0758224875595359,2019-02-20,2019-02-21,2019-02-22,2019-02-25,2019-02-26,2019-02-27,2019-02-28,2019-03-01,2019-03-04,2019-03-05,84319.0,2019-02-19,252.0,1.3641%,-0.0006,0.7344,1.0352,0.9232,1.8087%,1.9976%,18.0203%,0.006395,LAD,84319.0,2019-02-20,252.0,1.4130%,-0.0005,0.7366,1.0428,0.9318,1.8087%,1.9998%,18.2019%,0.00528,LAD,84319.0,2019-02-21,252.0,-2.0790%,-0.0006,0.7387,1.0438,0.9357,1.8109%,2.0019%,18.1706%,-0.0152909999999999,LAD,84319.0,2019-02-22,252.0,0.8244%,-0.0005,0.7373,1.038,0.9137,1.8120%,2.0008%,17.9851%,0.0113569999999999,LAD,84319.0,2019-02-25,252.0,-0.8737%,-0.0005,0.7368,1.04,0.913,1.8121%,2.0010%,17.9894%,-0.005599,LAD,84319.0,2019-02-26,252.0,1.5028%,-0.0005,0.7289,1.0112,0.8924,1.8194%,2.0023%,17.4375%,0.025776,LAD,84319.0,2019-02-27,252.0,-0.7904%,-0.0005,0.7313,1.0042,0.8928,1.8199%,2.0028%,17.4266%,-0.00951,LAD,84319.0,2019-02-28,252.0,1.2904%,-0.0003,0.7185,0.996,0.8794,1.8200%,1.9969%,16.9332%,0.017102,LAD,84319.0,2019-03-01,252.0,-0.7754%,-0.0003,0.7044,0.975,0.8631,1.8176%,1.9861%,16.2489%,-0.0123889999999999,LAD,84319.0,2019-03-04,252.0,-3.0032%,-0.0004,0.7053,0.9949,0.8576,1.8245%,1.9948%,16.3471%,-0.025926,LAD,84319.0,2019-03-05,252.0,2.2790%,-0.0002,0.7039,1.0026,0.8457,1.8314%,2.0001%,16.1574%,0.029042,LAD,0.011675,-0.0036159999999999,0.007741,0.027918,0.026237
20427,LEIDOS HOLDINGS INC,"Leidos Holdings Sees FY19 Adj. EPS $4.25-$4.60 vs $4.55 Est., Sales $10.5B-$10.9B vs $10.62B Est.",6,uncertain,0.6,0.3,"while the adjusted eps guidance is slightly below estimates, the sales forecast is within a reasonable range, leading to uncertainty in the stock's immediate reaction.",1,2019-02-19,LDOS,2019-02-19 11:12:00+00:00,91547.0,52532710,-0.0167271196842193,2484182.0,-0.0101107535883784,0.0166853368282318,0.0205901507288217,0.0017679301090538,0.0244638137519359,0.0032247784547507,0.0026361576747149,0.001291602035053,-0.0171667858958244,-0.0022552062291651,0.0058221705257892,-0.0102040721103549,0.0104818241670727,0.0205011740326881,0.0060381954535841,0.0029373418074101,-0.0135427033528685,0.0092226210981607,-0.008112272247672,0.0267162974923849,-0.0086505664512515,0.0196551624685525,-0.0095192529261112,-0.0032651422079652,0.0001601525145815,0.0118240360170602,0.0118514047935605,0.0073567731305956,-0.0023741931654512,0.0007011553971096,0.0050769429653882,0.0120631596073508,-0.0045776921324431,0.0039180302992463,0.0014344939263537,0.0005346150137484,0.0105045335367322,-0.0133614996448159,-0.0029926355928182,0.0142653211951255,-0.0006319259991869,0.0144718354567885,0.0077458377927541,-0.0019859289750456,-0.0119215426966548,0.0010843585478141,-0.0057152025401592,-0.0016238964162766,0.0118153896182775,0.0092878947034478,-0.0015780096873641,0.006230532657355,0.007270413916558,0.012242623604834,0.0056487806141376,0.0076635484583675,0.012482495047152,0.0022480129264295,-0.0192633680999279,0.0399376414716243,0.0006285498966462,-0.0138328038156032,0.0047110430896282,-0.012708687223494,0.0096905119717121,0.006106864195317,0.0030960461590439,-0.0030441370327025,-0.0123457256704568,0.0032449320424348,0.0096875429153442,0.0366046391427516,0.0097492607310414,-0.0169227570295333,0.0013792542740702,-0.0413947626948356,-0.0058156913146376,-0.0157827232033014,0.0026169668417423,-0.0173128768801689,-0.0004605985013768,-0.0010808423394337,0.0023041709791868,-0.0269938819110393,0.0022988738492131,-0.0183093678206205,0.0169724859297275,-0.0174848847091198,0.0003006561892107,0.0153635656461119,-0.0021043047308921,-0.0151310982182622,0.0024100567679852,0.0103618251159787,0.0048084100708365,-0.0230667013674974,0.0988485142588615,0.0222221799194812,-0.0085738273337483,-0.0580057688057422,0.0039807949215173,-0.0066666374914348,0.017910823225975,0.0148195577785372,-0.0045667742379009,-0.0180322583764791,-0.0078262286260724,0.0074900593608617,0.0087039219215512,-0.0164576675742864,0.0114601384848356,0.0143083892762661,0.0061317877843976,-0.0022208024747669,-0.0226550959050655,0.0096092615276575,0.0071845795027911,-0.0230011139065027,0.0100942123681306,-0.0120575446635484,-0.0101107535883784,0.0166853368282318,0.0102712152000765,0.0184827654466439,0.0349863020476732,0.0217671467251912,0.0199004632417765,0.0207795913842705,0.0203819684181856,0.0715251863374695,0.0265541398851729,0.2345606195270213,0.2106048382857772,-0.0149104024327254,2019-02-20,2019-02-21,2019-02-22,2019-02-25,2019-02-26,2019-02-27,2019-02-28,2019-03-01,2019-03-04,2019-03-05,91547.0,2019-02-19,252.0,-1.6727%,-0.0002,0.9291,0.3135,0.2273,1.1043%,1.4576%,42.6004%,-0.020277,LDOS,91547.0,2019-02-20,252.0,-1.0111%,-0.0003,0.925,0.3027,0.2121,1.1074%,1.4586%,42.3554%,-0.013916,LDOS,91547.0,2019-02-21,252.0,2.0590%,-0.0002,0.9209,0.2999,0.2045,1.1181%,1.4643%,41.6980%,0.024612,LDOS,91547.0,2019-02-22,252.0,2.4464%,-0.0001,0.9173,0.3236,0.1828,1.1213%,1.4691%,41.7457%,0.019734,LDOS,91547.0,2019-02-25,252.0,0.2636%,-0.0001,0.9183,0.3235,0.1864,1.1200%,1.4683%,41.8129%,0.002331,LDOS,91547.0,2019-02-26,252.0,-1.7167%,-0.0001,0.9278,0.3323,0.1981,1.1207%,1.4723%,42.0618%,-0.0131119999999999,LDOS,91547.0,2019-02-27,252.0,0.5822%,-0.0001,0.9279,0.3336,0.1981,1.1210%,1.4717%,41.9793%,0.004493,LDOS,91547.0,2019-02-28,252.0,1.0482%,0.0,0.9221,0.3301,0.1907,1.1238%,1.4689%,41.4658%,0.013687,LDOS,91547.0,2019-03-01,252.0,0.6038%,0.0001,0.9114,0.3142,0.1746,1.1185%,1.4575%,41.1072%,-0.0008849999999999,LDOS,91547.0,2019-03-04,252.0,-1.3543%,-0.0,0.9194,0.2953,0.1708,1.1158%,1.4595%,41.5507%,-0.008317,LDOS,91547.0,2019-03-05,252.0,-0.8112%,-0.0001,0.9179,0.2803,0.1717,1.1143%,1.4553%,41.3702%,-0.005314,LDOS,-0.034193,-0.009581,0.0101529999999999,-0.000628,0.0030359999999999
20435,LEIDOS HOLDINGS INC,"Leidos Holdings Q4 Adj. EPS $1.10 Beats $1.07 Estimate, Sales $2.65B Inline",6,increase,0.75,0.6,"the adjusted eps beating estimates typically indicates stronger-than-expected performance, which can positively influence investor sentiment and lead to an increase in stock price.",2,2019-02-19,LDOS,2019-02-19 11:11:00+00:00,91547.0,52532710,-0.0167271196842193,2484182.0,-0.0101107535883784,0.0166853368282318,0.0205901507288217,0.0017679301090538,0.0244638137519359,0.0032247784547507,0.0026361576747149,0.001291602035053,-0.0171667858958244,-0.0022552062291651,0.0058221705257892,-0.0102040721103549,0.0104818241670727,0.0205011740326881,0.0060381954535841,0.0029373418074101,-0.0135427033528685,0.0092226210981607,-0.008112272247672,0.0267162974923849,-0.0086505664512515,0.0196551624685525,-0.0095192529261112,-0.0032651422079652,0.0001601525145815,0.0118240360170602,0.0118514047935605,0.0073567731305956,-0.0023741931654512,0.0007011553971096,0.0050769429653882,0.0120631596073508,-0.0045776921324431,0.0039180302992463,0.0014344939263537,0.0005346150137484,0.0105045335367322,-0.0133614996448159,-0.0029926355928182,0.0142653211951255,-0.0006319259991869,0.0144718354567885,0.0077458377927541,-0.0019859289750456,-0.0119215426966548,0.0010843585478141,-0.0057152025401592,-0.0016238964162766,0.0118153896182775,0.0092878947034478,-0.0015780096873641,0.006230532657355,0.007270413916558,0.012242623604834,0.0056487806141376,0.0076635484583675,0.012482495047152,0.0022480129264295,-0.0192633680999279,0.0399376414716243,0.0006285498966462,-0.0138328038156032,0.0047110430896282,-0.012708687223494,0.0096905119717121,0.006106864195317,0.0030960461590439,-0.0030441370327025,-0.0123457256704568,0.0032449320424348,0.0096875429153442,0.0366046391427516,0.0097492607310414,-0.0169227570295333,0.0013792542740702,-0.0413947626948356,-0.0058156913146376,-0.0157827232033014,0.0026169668417423,-0.0173128768801689,-0.0004605985013768,-0.0010808423394337,0.0023041709791868,-0.0269938819110393,0.0022988738492131,-0.0183093678206205,0.0169724859297275,-0.0174848847091198,0.0003006561892107,0.0153635656461119,-0.0021043047308921,-0.0151310982182622,0.0024100567679852,0.0103618251159787,0.0048084100708365,-0.0230667013674974,0.0988485142588615,0.0222221799194812,-0.0085738273337483,-0.0580057688057422,0.0039807949215173,-0.0066666374914348,0.017910823225975,0.0148195577785372,-0.0045667742379009,-0.0180322583764791,-0.0078262286260724,0.0074900593608617,0.0087039219215512,-0.0164576675742864,0.0114601384848356,0.0143083892762661,0.0061317877843976,-0.0022208024747669,-0.0226550959050655,0.0096092615276575,0.0071845795027911,-0.0230011139065027,0.0100942123681306,-0.0120575446635484,-0.0101107535883784,0.0166853368282318,0.0102712152000765,0.0184827654466439,0.0349863020476732,0.0217671467251912,0.0199004632417765,0.0207795913842705,0.0203819684181856,0.0715251863374695,0.0265541398851729,0.2345606195270213,0.2106048382857772,-0.0149104024327254,2019-02-20,2019-02-21,2019-02-22,2019-02-25,2019-02-26,2019-02-27,2019-02-28,2019-03-01,2019-03-04,2019-03-05,91547.0,2019-02-19,252.0,-1.6727%,-0.0002,0.9291,0.3135,0.2273,1.1043%,1.4576%,42.6004%,-0.020277,LDOS,91547.0,2019-02-20,252.0,-1.0111%,-0.0003,0.925,0.3027,0.2121,1.1074%,1.4586%,42.3554%,-0.013916,LDOS,91547.0,2019-02-21,252.0,2.0590%,-0.0002,0.9209,0.2999,0.2045,1.1181%,1.4643%,41.6980%,0.024612,LDOS,91547.0,2019-02-22,252.0,2.4464%,-0.0001,0.9173,0.3236,0.1828,1.1213%,1.4691%,41.7457%,0.019734,LDOS,91547.0,2019-02-25,252.0,0.2636%,-0.0001,0.9183,0.3235,0.1864,1.1200%,1.4683%,41.8129%,0.002331,LDOS,91547.0,2019-02-26,252.0,-1.7167%,-0.0001,0.9278,0.3323,0.1981,1.1207%,1.4723%,42.0618%,-0.0131119999999999,LDOS,91547.0,2019-02-27,252.0,0.5822%,-0.0001,0.9279,0.3336,0.1981,1.1210%,1.4717%,41.9793%,0.004493,LDOS,91547.0,2019-02-28,252.0,1.0482%,0.0,0.9221,0.3301,0.1907,1.1238%,1.4689%,41.4658%,0.013687,LDOS,91547.0,2019-03-01,252.0,0.6038%,0.0001,0.9114,0.3142,0.1746,1.1185%,1.4575%,41.1072%,-0.0008849999999999,LDOS,91547.0,2019-03-04,252.0,-1.3543%,-0.0,0.9194,0.2953,0.1708,1.1158%,1.4595%,41.5507%,-0.008317,LDOS,91547.0,2019-03-05,252.0,-0.8112%,-0.0001,0.9179,0.2803,0.1717,1.1143%,1.4553%,41.3702%,-0.005314,LDOS,-0.034193,-0.009581,0.0101529999999999,-0.000628,0.0030359999999999
20443,LILLY ELI & CO,S&P Downgrades Eli Lilly Credit Rating From AA- To A+; Outlook Raised From Credit Watch Negative To Stable,6,decrease,0.7,0.6,"a downgrade in credit rating typically signals increased risk to investors, which can lead to a decrease in stock price.",0,2019-02-19,LLY,2019-02-19 20:54:00+00:00,50876.0,53245710,-0.0028576592449098,17861446.0,0.004339690785855,0.0143271498382091,0.0004891370772384,0.0145841911435127,0.0104302372783422,0.0013390548992902,-0.0008871016907505,0.0125412736088037,0.0062958979979157,-0.0132942842319607,0.0081014046445488,0.0178723279386758,0.0048536011017858,-0.0148402508348226,0.0201915856450796,-0.0096321813762187,-0.0107109379023313,0.0021636192686855,0.0080810170620679,-0.0059558376669883,-0.0140867391601204,0.0085933487862348,-0.0026839592028409,0.0249700546264648,0.0028494587168097,0.010630052536726,-0.0252564884722232,0.0059115039184689,0.0,0.000521854031831,0.0065586846321821,-0.000173898981302,-0.0098945843055844,-0.031989250332117,0.0069873300381004,0.0145187862217426,0.0104889087378978,0.0042885327711701,0.0107792913913726,-0.0215677004307508,0.0124023016542196,0.0202054847031831,0.0011703643249347,-0.0024766700807958,-7.789344090269879e-05,0.0210149642080068,0.0122368829324841,-0.0129110002890229,0.0088550793007016,0.002070017857477,-0.0171729493886232,-0.0108352247625589,0.0013977842172607,0.0074781053699553,0.0062814857810735,0.0091949822381138,-0.0054715741425752,0.0054072481580078,0.0020922452677041,0.0300961825996637,-0.017553387209773,-0.0310759041458368,-0.0113341389223933,-0.0072589349001646,0.0109863644465804,0.0133100198581814,0.0013387338258326,0.0116041945293545,0.0006290830206125,0.0162031073123216,-0.0003929222293663,0.0406557023525238,-0.0160390045493841,-0.0244013722985982,-0.0166999921202659,0.0011894706403836,0.0082886749878525,0.0016497140750288,-0.0332044064998626,0.0245070476084947,-0.0288429409265518,-0.0171650107949972,-0.0111588248983025,-0.0318949297070503,0.0023437871132045,-0.0255093183368444,0.0174936912953853,0.0045478772372007,0.0043408130295574,-0.0013974119210615,0.0019491809653118,0.0035936862695962,0.0138712618499994,0.0044901785440742,-0.002252475824207,-0.0195096209645271,-0.0214046612381935,-0.0058359107933938,0.0097402548417449,-0.0168747901916503,0.0023692569229751,-0.0010114863980561,-0.013084546662867,0.0140170883387327,-0.0022239510435611,0.0127239786088466,-0.014659228734672,0.0114690735936164,0.0113972295075655,0.0163730550557375,-0.0038709414657205,-0.004341326188296,0.0036269270349293,0.0057025696150958,-0.0159180723130703,-0.0217050015926361,0.0049838214181363,-0.0094119366258382,0.0059161325916647,0.0173943229019641,0.004339690785855,0.0143271498382091,0.0048309505667605,0.0291202908735039,0.015311575805794,0.030498339440957,0.0207975186891666,0.0295505510837787,0.0520757252874375,0.01856435643375,0.0588717767827344,0.1062280772086656,-0.0533038141004768,0.0817380537088863,2019-02-20,2019-02-21,2019-02-22,2019-02-25,2019-02-26,2019-02-27,2019-02-28,2019-03-01,2019-03-04,2019-03-05,50876.0,2019-02-19,252.0,-0.2858%,0.0019,0.731,-0.5931,0.155,1.1131%,1.3696%,33.9407%,-0.003108,LLY,50876.0,2019-02-20,252.0,0.4340%,0.0019,0.7303,-0.6,0.151,1.1106%,1.3681%,34.0970%,0.003303,LLY,50876.0,2019-02-21,252.0,0.0489%,0.002,0.7238,-0.6129,0.1391,1.1053%,1.3623%,34.1787%,0.003018,LLY,50876.0,2019-02-22,252.0,1.0430%,0.002,0.7228,-0.6185,0.1217,1.1061%,1.3633%,34.1684%,0.011041,LLY,50876.0,2019-02-25,252.0,-0.0887%,0.002,0.7221,-0.6165,0.1203,1.1060%,1.3628%,34.1303%,-0.0034599999999999,LLY,50876.0,2019-02-26,252.0,0.6296%,0.002,0.7188,-0.6158,0.1182,1.1057%,1.3582%,33.7300%,0.003803,LLY,50876.0,2019-02-27,252.0,0.8101%,0.002,0.7167,-0.6102,0.1178,1.1060%,1.3549%,33.3646%,0.008666,LLY,50876.0,2019-02-28,252.0,0.4854%,0.002,0.7087,-0.6155,0.1108,1.1036%,1.3489%,33.0626%,0.0073919999999999,LLY,50876.0,2019-03-01,252.0,2.0192%,0.0022,0.701,-0.6269,0.0919,1.1019%,1.3455%,32.9388%,0.017227,LLY,50876.0,2019-03-04,252.0,-1.0711%,0.0021,0.7052,-0.6296,0.0883,1.1039%,1.3468%,32.8159%,-0.010021,LLY,50876.0,2019-03-05,252.0,0.8081%,0.0021,0.702,-0.6512,0.084,1.1025%,1.3465%,32.9617%,0.00745,LLY,0.0001949999999999,0.003213,0.014254,0.014597,0.045311
20451,LILLY ELI & CO,"Eli Lilly Files For Mixed Shelf Offering, Size Not Disclosed",6,uncertain,0.6,0.3,"the filing for a mixed shelf offering can indicate potential dilution of shares, which may negatively impact the stock price, but it could also suggest that the company is preparing for future growth opportunities, leading to uncertainty in the market's reaction.",1,2019-02-19,LLY,2019-02-19 19:26:00+00:00,50876.0,53245710,-0.0028576592449098,17861446.0,0.004339690785855,0.0143271498382091,0.0004891370772384,0.0145841911435127,0.0104302372783422,0.0013390548992902,-0.0008871016907505,0.0125412736088037,0.0062958979979157,-0.0132942842319607,0.0081014046445488,0.0178723279386758,0.0048536011017858,-0.0148402508348226,0.0201915856450796,-0.0096321813762187,-0.0107109379023313,0.0021636192686855,0.0080810170620679,-0.0059558376669883,-0.0140867391601204,0.0085933487862348,-0.0026839592028409,0.0249700546264648,0.0028494587168097,0.010630052536726,-0.0252564884722232,0.0059115039184689,0.0,0.000521854031831,0.0065586846321821,-0.000173898981302,-0.0098945843055844,-0.031989250332117,0.0069873300381004,0.0145187862217426,0.0104889087378978,0.0042885327711701,0.0107792913913726,-0.0215677004307508,0.0124023016542196,0.0202054847031831,0.0011703643249347,-0.0024766700807958,-7.789344090269879e-05,0.0210149642080068,0.0122368829324841,-0.0129110002890229,0.0088550793007016,0.002070017857477,-0.0171729493886232,-0.0108352247625589,0.0013977842172607,0.0074781053699553,0.0062814857810735,0.0091949822381138,-0.0054715741425752,0.0054072481580078,0.0020922452677041,0.0300961825996637,-0.017553387209773,-0.0310759041458368,-0.0113341389223933,-0.0072589349001646,0.0109863644465804,0.0133100198581814,0.0013387338258326,0.0116041945293545,0.0006290830206125,0.0162031073123216,-0.0003929222293663,0.0406557023525238,-0.0160390045493841,-0.0244013722985982,-0.0166999921202659,0.0011894706403836,0.0082886749878525,0.0016497140750288,-0.0332044064998626,0.0245070476084947,-0.0288429409265518,-0.0171650107949972,-0.0111588248983025,-0.0318949297070503,0.0023437871132045,-0.0255093183368444,0.0174936912953853,0.0045478772372007,0.0043408130295574,-0.0013974119210615,0.0019491809653118,0.0035936862695962,0.0138712618499994,0.0044901785440742,-0.002252475824207,-0.0195096209645271,-0.0214046612381935,-0.0058359107933938,0.0097402548417449,-0.0168747901916503,0.0023692569229751,-0.0010114863980561,-0.013084546662867,0.0140170883387327,-0.0022239510435611,0.0127239786088466,-0.014659228734672,0.0114690735936164,0.0113972295075655,0.0163730550557375,-0.0038709414657205,-0.004341326188296,0.0036269270349293,0.0057025696150958,-0.0159180723130703,-0.0217050015926361,0.0049838214181363,-0.0094119366258382,0.0059161325916647,0.0173943229019641,0.004339690785855,0.0143271498382091,0.0048309505667605,0.0291202908735039,0.015311575805794,0.030498339440957,0.0207975186891666,0.0295505510837787,0.0520757252874375,0.01856435643375,0.0588717767827344,0.1062280772086656,-0.0533038141004768,0.0817380537088863,2019-02-20,2019-02-21,2019-02-22,2019-02-25,2019-02-26,2019-02-27,2019-02-28,2019-03-01,2019-03-04,2019-03-05,50876.0,2019-02-19,252.0,-0.2858%,0.0019,0.731,-0.5931,0.155,1.1131%,1.3696%,33.9407%,-0.003108,LLY,50876.0,2019-02-20,252.0,0.4340%,0.0019,0.7303,-0.6,0.151,1.1106%,1.3681%,34.0970%,0.003303,LLY,50876.0,2019-02-21,252.0,0.0489%,0.002,0.7238,-0.6129,0.1391,1.1053%,1.3623%,34.1787%,0.003018,LLY,50876.0,2019-02-22,252.0,1.0430%,0.002,0.7228,-0.6185,0.1217,1.1061%,1.3633%,34.1684%,0.011041,LLY,50876.0,2019-02-25,252.0,-0.0887%,0.002,0.7221,-0.6165,0.1203,1.1060%,1.3628%,34.1303%,-0.0034599999999999,LLY,50876.0,2019-02-26,252.0,0.6296%,0.002,0.7188,-0.6158,0.1182,1.1057%,1.3582%,33.7300%,0.003803,LLY,50876.0,2019-02-27,252.0,0.8101%,0.002,0.7167,-0.6102,0.1178,1.1060%,1.3549%,33.3646%,0.008666,LLY,50876.0,2019-02-28,252.0,0.4854%,0.002,0.7087,-0.6155,0.1108,1.1036%,1.3489%,33.0626%,0.0073919999999999,LLY,50876.0,2019-03-01,252.0,2.0192%,0.0022,0.701,-0.6269,0.0919,1.1019%,1.3455%,32.9388%,0.017227,LLY,50876.0,2019-03-04,252.0,-1.0711%,0.0021,0.7052,-0.6296,0.0883,1.1039%,1.3468%,32.8159%,-0.010021,LLY,50876.0,2019-03-05,252.0,0.8081%,0.0021,0.702,-0.6512,0.084,1.1025%,1.3465%,32.9617%,0.00745,LLY,0.0001949999999999,0.003213,0.014254,0.014597,0.045311
20459,LILLY ELI & CO,"Eli Lilly 10-K Just Recently Out; 1 Highlight: Co. Employed ~38,680 Employees At End Of 2018",6,uncertain,0.5,0.5,the employment figure alone does not provide enough context about the company's financial performance or future prospects to definitively predict a change in stock price.,1,2019-02-19,LLY,2019-02-19 16:16:00+00:00,50876.0,53245710,-0.0028576592449098,17861446.0,0.004339690785855,0.0143271498382091,0.0004891370772384,0.0145841911435127,0.0104302372783422,0.0013390548992902,-0.0008871016907505,0.0125412736088037,0.0062958979979157,-0.0132942842319607,0.0081014046445488,0.0178723279386758,0.0048536011017858,-0.0148402508348226,0.0201915856450796,-0.0096321813762187,-0.0107109379023313,0.0021636192686855,0.0080810170620679,-0.0059558376669883,-0.0140867391601204,0.0085933487862348,-0.0026839592028409,0.0249700546264648,0.0028494587168097,0.010630052536726,-0.0252564884722232,0.0059115039184689,0.0,0.000521854031831,0.0065586846321821,-0.000173898981302,-0.0098945843055844,-0.031989250332117,0.0069873300381004,0.0145187862217426,0.0104889087378978,0.0042885327711701,0.0107792913913726,-0.0215677004307508,0.0124023016542196,0.0202054847031831,0.0011703643249347,-0.0024766700807958,-7.789344090269879e-05,0.0210149642080068,0.0122368829324841,-0.0129110002890229,0.0088550793007016,0.002070017857477,-0.0171729493886232,-0.0108352247625589,0.0013977842172607,0.0074781053699553,0.0062814857810735,0.0091949822381138,-0.0054715741425752,0.0054072481580078,0.0020922452677041,0.0300961825996637,-0.017553387209773,-0.0310759041458368,-0.0113341389223933,-0.0072589349001646,0.0109863644465804,0.0133100198581814,0.0013387338258326,0.0116041945293545,0.0006290830206125,0.0162031073123216,-0.0003929222293663,0.0406557023525238,-0.0160390045493841,-0.0244013722985982,-0.0166999921202659,0.0011894706403836,0.0082886749878525,0.0016497140750288,-0.0332044064998626,0.0245070476084947,-0.0288429409265518,-0.0171650107949972,-0.0111588248983025,-0.0318949297070503,0.0023437871132045,-0.0255093183368444,0.0174936912953853,0.0045478772372007,0.0043408130295574,-0.0013974119210615,0.0019491809653118,0.0035936862695962,0.0138712618499994,0.0044901785440742,-0.002252475824207,-0.0195096209645271,-0.0214046612381935,-0.0058359107933938,0.0097402548417449,-0.0168747901916503,0.0023692569229751,-0.0010114863980561,-0.013084546662867,0.0140170883387327,-0.0022239510435611,0.0127239786088466,-0.014659228734672,0.0114690735936164,0.0113972295075655,0.0163730550557375,-0.0038709414657205,-0.004341326188296,0.0036269270349293,0.0057025696150958,-0.0159180723130703,-0.0217050015926361,0.0049838214181363,-0.0094119366258382,0.0059161325916647,0.0173943229019641,0.004339690785855,0.0143271498382091,0.0048309505667605,0.0291202908735039,0.015311575805794,0.030498339440957,0.0207975186891666,0.0295505510837787,0.0520757252874375,0.01856435643375,0.0588717767827344,0.1062280772086656,-0.0533038141004768,0.0817380537088863,2019-02-20,2019-02-21,2019-02-22,2019-02-25,2019-02-26,2019-02-27,2019-02-28,2019-03-01,2019-03-04,2019-03-05,50876.0,2019-02-19,252.0,-0.2858%,0.0019,0.731,-0.5931,0.155,1.1131%,1.3696%,33.9407%,-0.003108,LLY,50876.0,2019-02-20,252.0,0.4340%,0.0019,0.7303,-0.6,0.151,1.1106%,1.3681%,34.0970%,0.003303,LLY,50876.0,2019-02-21,252.0,0.0489%,0.002,0.7238,-0.6129,0.1391,1.1053%,1.3623%,34.1787%,0.003018,LLY,50876.0,2019-02-22,252.0,1.0430%,0.002,0.7228,-0.6185,0.1217,1.1061%,1.3633%,34.1684%,0.011041,LLY,50876.0,2019-02-25,252.0,-0.0887%,0.002,0.7221,-0.6165,0.1203,1.1060%,1.3628%,34.1303%,-0.0034599999999999,LLY,50876.0,2019-02-26,252.0,0.6296%,0.002,0.7188,-0.6158,0.1182,1.1057%,1.3582%,33.7300%,0.003803,LLY,50876.0,2019-02-27,252.0,0.8101%,0.002,0.7167,-0.6102,0.1178,1.1060%,1.3549%,33.3646%,0.008666,LLY,50876.0,2019-02-28,252.0,0.4854%,0.002,0.7087,-0.6155,0.1108,1.1036%,1.3489%,33.0626%,0.0073919999999999,LLY,50876.0,2019-03-01,252.0,2.0192%,0.0022,0.701,-0.6269,0.0919,1.1019%,1.3455%,32.9388%,0.017227,LLY,50876.0,2019-03-04,252.0,-1.0711%,0.0021,0.7052,-0.6296,0.0883,1.1039%,1.3468%,32.8159%,-0.010021,LLY,50876.0,2019-03-05,252.0,0.8081%,0.0021,0.702,-0.6512,0.084,1.1025%,1.3465%,32.9617%,0.00745,LLY,0.0001949999999999,0.003213,0.014254,0.014597,0.045311
20467,LEMAITRE VASCULAR INC,"LeMaitre Vascular Sees Q1 EPS $0.18-$0.20 vs $0.20 Estimate, Sales $$27.7M-$28.5M vs $27.2M Est.; FY19 EPS $0.82-$0.86 vs $0.81 Est., Sales $113M-$114.4M vs $110.3M Est.",6,uncertain,0.6,0.3,"while lemaitre vascular's sales guidance exceeds estimates, the eps guidance is slightly below expectations, leading to mixed signals that could result in an uncertain market reaction.",1,2019-02-19,LMAT,2019-02-19 21:31:00+00:00,91503.0,52555820,-0.0019880412146449,433488.0,0.225896418094635,0.0124798491597175,-0.0500487759709358,-0.0016076772008091,0.0150530459359288,0.0134419528767466,0.0114593915641307,0.0165631305426359,-0.0196601189672946,0.0155592476949095,0.006118297111243,0.0,0.010810799896717,0.0004207079764455,0.0237299166619777,-0.0173625499010086,-0.0179562270641326,-0.0041169361211359,0.0216090306639671,0.0240304227918386,-0.0211519561707973,-0.0050335922278463,-0.0086436243727803,0.0033670000266283,-0.0020120544359087,0.0097747361287474,0.0057123680599033,0.0025565135292708,0.0010022979695349,0.0,0.0233645122498273,0.0021348947193473,-0.0078277811408042,0.0055817584507167,0.0279421564191579,0.0161431431770324,0.0089542297646403,-0.0196748971939086,-0.0155308963730931,0.0236426889896392,-0.001287798047997,-0.0146678239107132,0.0101547241210937,-0.0098248412832617,-0.029440002515912,0.0116681270301342,-0.0148368207737803,0.02028214558959,0.0190763585269451,-0.047058779746294,-0.0134646911174058,0.0352326855063438,-0.0023302796762436,0.0154593810439109,0.0343677252531051,0.0057751736603677,-0.0109677473083138,-0.0217296816408634,0.0042400872334837,0.0249442961066961,-0.0152647355571389,-0.0401880554854869,-0.0019788742065429,-0.010575296357274,-0.0003304768179077,0.0051019950769841,-0.0016528673004359,0.0116129228845238,-0.0026490041054785,0.0206321030855178,-0.0073041571304202,0.0349841192364692,0.0093645714223384,-0.0121185118332505,-0.0119284493848681,-0.0176366679370403,-0.0338698923587799,-0.037351407110691,-0.0062478412874042,-0.0228121578693389,-0.0548375733196735,-0.0074104694649577,0.0066518960520625,-0.0248895604163408,0.0058737094514071,-0.0510476231575012,0.0299269966781139,0.0,-0.0021261328365653,0.0042081335559487,0.0269886441528797,0.0042258431203663,0.0031120383646339,0.0152106592431664,0.0062047676183283,-0.0142253302037715,-0.0106201218441128,-0.0221804566681385,0.0124653950333595,-0.0137189077213406,-0.093023233115673,-0.0329867377877235,0.0388385653495788,-0.0067664007656276,0.0054447017610073,-0.0098730847239494,-0.0155234765261411,0.0449521467089653,0.0271360389888286,-0.0348506905138492,0.0035701671149581,0.0173661895096302,0.0042689051479101,0.0113428272306919,-0.0116896890103817,0.0033039704430848,-0.0068100551143288,-0.0072886575944721,-0.0039696395397186,-0.0025380488950759,0.225896418094635,0.0124798491597175,0.1645418029018439,0.0108521083899448,0.1820717041552348,0.0244399347962824,0.1721115438563136,0.0576113901261188,0.2243027588819364,0.0602866907665597,0.2300298577498487,0.1202672030861253,0.1025925171917441,-0.0857810768927779,2019-02-20,2019-02-21,2019-02-22,2019-02-25,2019-02-26,2019-02-27,2019-02-28,2019-03-01,2019-03-04,2019-03-05,91503.0,2019-02-19,252.0,-0.1988%,-0.0014,0.5235,1.2898,-0.1699,2.3497%,2.5359%,14.1446%,-0.006292,LMAT,91503.0,2019-02-20,252.0,22.5896%,-0.0004,0.5862,1.4303,0.0531,2.7388%,2.9108%,11.4708%,0.2228989999999999,LMAT,91503.0,2019-02-21,252.0,-5.0049%,-0.0006,0.6027,1.4538,0.0839,2.7524%,2.9275%,11.6036%,-0.0468569999999999,LMAT,91503.0,2019-02-22,252.0,1.5053%,-0.0007,0.6028,1.4351,0.0673,2.7510%,2.9253%,11.5643%,0.004272,LMAT,91503.0,2019-02-25,252.0,1.1459%,-0.0006,0.6019,1.4269,0.0598,2.7523%,2.9260%,11.5210%,0.014308,LMAT,91503.0,2019-02-26,252.0,-1.9660%,-0.0006,0.6105,1.4308,0.0683,2.7519%,2.9281%,11.6742%,-0.0094679999999999,LMAT,91503.0,2019-02-27,252.0,0.6118%,-0.0006,0.6118,1.4297,0.0685,2.7519%,2.9283%,11.6842%,0.002832,LMAT,91503.0,2019-02-28,252.0,1.0811%,-0.0005,0.6087,1.428,0.0632,2.7532%,2.9283%,11.6034%,0.012493,LMAT,91503.0,2019-03-01,252.0,2.3730%,-0.0005,0.6118,1.4326,0.0606,2.7550%,2.9309%,11.6421%,0.0153689999999999,LMAT,91503.0,2019-03-04,252.0,-1.7956%,-0.0004,0.6015,1.4749,0.0615,2.7512%,2.9310%,11.8898%,-0.009371,LMAT,91503.0,2019-03-05,252.0,2.1609%,-0.0003,0.595,1.4424,0.0466,2.7562%,2.9283%,11.4106%,0.027261,LMAT,0.216607,0.16975,0.174022,0.178862,0.227446
20475,LEMAITRE VASCULAR INC,"LeMaitre Vascular Q4 EPS $0.30 Beats $0.18 Estimate, Sales $28.389M Beat $25.9M Estimate",6,increase,0.8,0.6,"the company reported better-than-expected earnings and sales, which typically boosts investor confidence and can lead to an increase in stock price.",2,2019-02-19,LMAT,2019-02-19 21:30:00+00:00,91503.0,52555820,-0.0019880412146449,433488.0,0.225896418094635,0.0124798491597175,-0.0500487759709358,-0.0016076772008091,0.0150530459359288,0.0134419528767466,0.0114593915641307,0.0165631305426359,-0.0196601189672946,0.0155592476949095,0.006118297111243,0.0,0.010810799896717,0.0004207079764455,0.0237299166619777,-0.0173625499010086,-0.0179562270641326,-0.0041169361211359,0.0216090306639671,0.0240304227918386,-0.0211519561707973,-0.0050335922278463,-0.0086436243727803,0.0033670000266283,-0.0020120544359087,0.0097747361287474,0.0057123680599033,0.0025565135292708,0.0010022979695349,0.0,0.0233645122498273,0.0021348947193473,-0.0078277811408042,0.0055817584507167,0.0279421564191579,0.0161431431770324,0.0089542297646403,-0.0196748971939086,-0.0155308963730931,0.0236426889896392,-0.001287798047997,-0.0146678239107132,0.0101547241210937,-0.0098248412832617,-0.029440002515912,0.0116681270301342,-0.0148368207737803,0.02028214558959,0.0190763585269451,-0.047058779746294,-0.0134646911174058,0.0352326855063438,-0.0023302796762436,0.0154593810439109,0.0343677252531051,0.0057751736603677,-0.0109677473083138,-0.0217296816408634,0.0042400872334837,0.0249442961066961,-0.0152647355571389,-0.0401880554854869,-0.0019788742065429,-0.010575296357274,-0.0003304768179077,0.0051019950769841,-0.0016528673004359,0.0116129228845238,-0.0026490041054785,0.0206321030855178,-0.0073041571304202,0.0349841192364692,0.0093645714223384,-0.0121185118332505,-0.0119284493848681,-0.0176366679370403,-0.0338698923587799,-0.037351407110691,-0.0062478412874042,-0.0228121578693389,-0.0548375733196735,-0.0074104694649577,0.0066518960520625,-0.0248895604163408,0.0058737094514071,-0.0510476231575012,0.0299269966781139,0.0,-0.0021261328365653,0.0042081335559487,0.0269886441528797,0.0042258431203663,0.0031120383646339,0.0152106592431664,0.0062047676183283,-0.0142253302037715,-0.0106201218441128,-0.0221804566681385,0.0124653950333595,-0.0137189077213406,-0.093023233115673,-0.0329867377877235,0.0388385653495788,-0.0067664007656276,0.0054447017610073,-0.0098730847239494,-0.0155234765261411,0.0449521467089653,0.0271360389888286,-0.0348506905138492,0.0035701671149581,0.0173661895096302,0.0042689051479101,0.0113428272306919,-0.0116896890103817,0.0033039704430848,-0.0068100551143288,-0.0072886575944721,-0.0039696395397186,-0.0025380488950759,0.225896418094635,0.0124798491597175,0.1645418029018439,0.0108521083899448,0.1820717041552348,0.0244399347962824,0.1721115438563136,0.0576113901261188,0.2243027588819364,0.0602866907665597,0.2300298577498487,0.1202672030861253,0.1025925171917441,-0.0857810768927779,2019-02-20,2019-02-21,2019-02-22,2019-02-25,2019-02-26,2019-02-27,2019-02-28,2019-03-01,2019-03-04,2019-03-05,91503.0,2019-02-19,252.0,-0.1988%,-0.0014,0.5235,1.2898,-0.1699,2.3497%,2.5359%,14.1446%,-0.006292,LMAT,91503.0,2019-02-20,252.0,22.5896%,-0.0004,0.5862,1.4303,0.0531,2.7388%,2.9108%,11.4708%,0.2228989999999999,LMAT,91503.0,2019-02-21,252.0,-5.0049%,-0.0006,0.6027,1.4538,0.0839,2.7524%,2.9275%,11.6036%,-0.0468569999999999,LMAT,91503.0,2019-02-22,252.0,1.5053%,-0.0007,0.6028,1.4351,0.0673,2.7510%,2.9253%,11.5643%,0.004272,LMAT,91503.0,2019-02-25,252.0,1.1459%,-0.0006,0.6019,1.4269,0.0598,2.7523%,2.9260%,11.5210%,0.014308,LMAT,91503.0,2019-02-26,252.0,-1.9660%,-0.0006,0.6105,1.4308,0.0683,2.7519%,2.9281%,11.6742%,-0.0094679999999999,LMAT,91503.0,2019-02-27,252.0,0.6118%,-0.0006,0.6118,1.4297,0.0685,2.7519%,2.9283%,11.6842%,0.002832,LMAT,91503.0,2019-02-28,252.0,1.0811%,-0.0005,0.6087,1.428,0.0632,2.7532%,2.9283%,11.6034%,0.012493,LMAT,91503.0,2019-03-01,252.0,2.3730%,-0.0005,0.6118,1.4326,0.0606,2.7550%,2.9309%,11.6421%,0.0153689999999999,LMAT,91503.0,2019-03-04,252.0,-1.7956%,-0.0004,0.6015,1.4749,0.0615,2.7512%,2.9310%,11.8898%,-0.009371,LMAT,91503.0,2019-03-05,252.0,2.1609%,-0.0003,0.595,1.4424,0.0466,2.7562%,2.9283%,11.4106%,0.027261,LMAT,0.216607,0.16975,0.174022,0.178862,0.227446
20483,LOUISIANA PACIFIC CORP,Louisiana-Pacific Corporation Reports $400M Accelerated Buyback,6,increase,0.8,0.6,the announcement of a $400m accelerated buyback typically signals confidence in the company's financial health and can lead to an increase in stock price due to reduced share supply and positive investor sentiment.,2,2019-02-19,LPX,2019-02-19 11:54:00+00:00,56223.0,54634710,-0.0261291805654764,3156093.0,0.0145649351179599,0.0063861785456538,0.0018889741040766,0.0,-0.0018854126101359,0.0968273729085922,-0.0122780157253146,0.0108288303017616,-0.0138408541679382,0.0041823666542768,0.0015594898723065,-0.0091172531247138,-0.0163487773388624,0.0058357394300401,0.0079144779592752,-0.0123508078977465,-0.0113859055563807,0.0033044954761862,-0.0115171130746603,-0.0154534792527556,-0.0004017769824713,0.008613659068942,-0.0040192315354943,0.0037051560357213,0.0193704403936862,0.0087209716439247,0.0186064653098583,-0.0012443254236131,-0.0268168915063142,0.0041649471968412,-0.0211661607027053,0.0143641801550984,-0.0024479585699737,0.0340760461986064,0.0073618972674012,-0.0154838971793651,0.0044661234132945,-0.0340672917664051,-0.0016167748253792,0.0160404872149229,-0.0222672522068023,0.0154308024793863,0.0120083196088671,-0.0101824253797531,-0.0265957284718751,-0.0067425137385725,-0.0021017715334892,-0.0033599296584725,0.0080033922567963,-0.0050146607682108,0.0117007428780198,0.0270386729389429,0.0214787479490041,0.0223781615495681,-0.0141528667882084,0.0066255093552172,0.0012305449927225,0.0147915706038475,-0.0114707369357347,0.0290590021759271,0.0029010197613388,0.0221594180911779,-0.000413232599385,-0.0454545579850673,0.0508474372327327,0.0150753734633326,-0.0062942504882812,0.0004570488817989,-0.0071259029209613,0.0162563156336545,-0.0051833796314895,0.0370905809104442,0.0100200399756431,-0.0114285601302981,-0.0087302066385746,0.0233917906880378,0.0128102358430624,-0.0195890981703996,-0.0039525087922811,-0.004755129572004,-0.020634938031435,0.0125180659815669,0.00162070535589,-0.0280767604708671,-0.0335760489106178,0.0123164486140012,0.0050230575725436,-0.0065882066264748,0.0029154391959309,-0.0018788592424243,0.0095514757558703,-0.000469404796604,0.0197450201958417,-0.0273972786962986,-0.0016135907499119,-0.0335392877459526,0.0121211810037493,0.0342309437692165,-0.0107783852145075,-0.0511043854057788,-0.0020178023260086,0.01006122212857,0.0283057335764169,-0.0060869301669299,-0.0015729813603684,-0.0021691643632948,-0.0468687936663627,0.0122968284413218,0.0136363599449396,-0.0134315192699432,0.0154912006109952,-0.0043140803463757,-0.0028101042844355,-0.0038676471449434,-0.0241546053439378,0.0152705227956175,0.0028877761214971,0.0088028507307171,0.0086384611204266,-0.006993000395596,0.0145649351179599,0.0063861785456538,0.0164814220073019,0.0063861785456538,0.0145649351162804,0.1038319083457468,-0.0117619410579297,0.1204517392285802,-0.0410430783936595,0.0894672945478316,-0.0703242151350308,0.2357011340742629,-0.0552983244608491,0.1708916960337938,2019-02-20,2019-02-21,2019-02-22,2019-02-25,2019-02-26,2019-02-27,2019-02-28,2019-03-01,2019-03-04,2019-03-05,56223.0,2019-02-19,252.0,-2.6129%,-0.0004,0.8118,0.6204,0.1742,1.7645%,1.9758%,20.2469%,-0.03031,LPX,56223.0,2019-02-20,252.0,1.4565%,-0.0003,0.8145,0.6247,0.1834,1.7657%,1.9776%,20.2822%,0.010599,LPX,56223.0,2019-02-21,252.0,0.1889%,-0.0002,0.8086,0.614,0.1725,1.7643%,1.9734%,20.0720%,0.005662,LPX,56223.0,2019-02-22,252.0,-0.1885%,-0.0003,0.8104,0.5944,0.1764,1.7630%,1.9713%,20.0140%,-0.008082,LPX,56223.0,2019-02-25,252.0,-1.2278%,-0.0004,0.8103,0.5999,0.1788,1.7644%,1.9727%,20.0020%,-0.011731,LPX,56223.0,2019-02-26,252.0,-1.3841%,-0.0005,0.8002,0.6205,0.1818,1.7608%,1.9660%,19.7827%,-0.008215,LPX,56223.0,2019-02-27,252.0,0.1559%,-0.0004,0.8029,0.6159,0.1822,1.7604%,1.9660%,19.8220%,-0.000222,LPX,56223.0,2019-02-28,252.0,-1.6349%,-0.0005,0.8058,0.6175,0.1874,1.7624%,1.9675%,19.7614%,-0.013628,LPX,56223.0,2019-03-01,252.0,0.7914%,-0.0004,0.7957,0.6024,0.1711,1.7590%,1.9594%,19.4044%,0.000981,LPX,56223.0,2019-03-04,252.0,-1.1386%,-0.0004,0.7846,0.644,0.1729,1.7521%,1.9523%,19.4591%,-0.005596,LPX,56223.0,2019-03-05,252.0,-1.1517%,-0.0004,0.7823,0.6212,0.174,1.7499%,1.9458%,19.1218%,-0.007862,LPX,-0.019711,-0.0140489999999999,-0.0221309999999999,-0.0420769999999999,-0.0684039999999999
20491,LA Z BOY INC,La-Z-Boy To Report Q3 Earnings after The Closing Bell; Co. Historically Issues Its Report Around 4:15 p.m. ET,6,uncertain,0.5,0.5,"the impact on la-z-boy's stock price is uncertain as it depends on the actual earnings results and market expectations, which are not provided in the news.",1,2019-02-19,LZB,2019-02-19 20:28:00+00:00,48347.0,50533610,0.0257880091667175,574416.0,0.1176287084817886,0.0284871943295002,-0.006109342444688,0.0032851635478436,0.0030735011678189,0.0109598115086555,0.0025069678667932,0.0262440517544746,-0.0208391211926937,0.0065180286765098,-0.0116345016285777,-0.0091774454340338,-0.0120586268603801,-0.0144053697586059,0.0052310465835034,-0.0086350124329328,-0.0159005280584096,0.0073603619821369,-0.0014688377268612,0.0020113799255341,-0.0123566333204507,0.0070897731930017,-0.007149176672101,0.011266641318798,0.0060005905106663,0.0093039441853761,0.0170658584684133,0.0013802938628941,0.0014718644088134,-0.0006896709674037,0.00411520851776,0.0003449544310569,-0.0096603631973266,-0.0037800895515829,-0.0041384333744645,-0.0195417758077383,0.0002968874177895,-0.0149352429434657,-0.0222551915794611,0.0050033228471875,-0.0094082355499267,0.0046916683204472,0.0015318393707275,-0.0043376432731747,-0.0330375656485557,-0.0076159420423209,0.0205630399286747,-0.0013227185700088,0.0111593501642346,0.0073284246027469,0.0091967890039086,-0.0056310058571398,0.0091130947694182,0.0093614403158426,-0.0069235260598361,0.0243150368332862,0.013034145347774,0.0454708375036716,-0.0146618159487843,0.0332963205873966,-0.0009109863312914,-0.0167333241552114,0.0072947675362229,-0.0079393479973077,0.0066385404206812,0.0109448824077844,-0.0020983121357858,-0.0010933195007964,-0.0033043138682842,0.0189379956573247,0.0446051694452762,0.0623274110257625,0.0025966577231884,-0.0170608963817358,-0.0117985568940639,-0.0111195938661694,0.0014560057315975,-0.0098709277808666,0.0168654210865497,-0.0244444385170936,-0.0071489848196506,0.0348792597651481,-0.0230415612459182,0.0139914732426405,-0.0268278270959854,-0.019809540361166,0.0084823574870824,-0.0241635553538799,-0.0153199797496199,0.0220364723354578,-0.0222696643322706,-0.0149700455367565,0.0124805467203259,-0.0125646768137812,0.0138675114139914,-0.0180570986121892,-0.0030395830981433,0.0003612799337133,0.0109756281599402,-0.0683271214365959,0.0292521473020315,0.0164214689284563,0.0175797957926988,-0.0194565560668706,0.0008637713617645,0.0222907960414886,-0.0201380029320716,0.0358792282640934,-0.0061656748875975,-0.0070547005161643,0.0020679379813373,0.0031847187783569,0.0159198399633169,0.0078459093347191,-0.0354032926261425,0.0097227385267615,0.0102286441251635,-0.0340869389474391,-0.0014890723396092,-0.0082787089049816,0.1176287084817886,0.0284871943295002,0.1108007319756589,0.0318659429697354,0.1142147793226002,0.0431749992068848,0.0937306132193329,0.0775300274094128,0.0549348342373736,0.0529668114386794,0.0260139594305945,0.1620421428529654,0.0447083627252049,0.0886822470348895,2019-02-20,2019-02-21,2019-02-22,2019-02-25,2019-02-26,2019-02-27,2019-02-28,2019-03-01,2019-03-04,2019-03-05,48347.0,2019-02-19,252.0,2.5788%,0.0004,0.9935,1.5194,0.5929,1.7728%,2.1500%,32.0127%,0.0177079999999999,LZB,48347.0,2019-02-20,252.0,11.7629%,0.001,1.0264,1.6052,0.7133,1.8898%,2.2682%,30.5850%,0.109038,LZB,48347.0,2019-02-21,252.0,-0.6109%,0.001,1.0287,1.6097,0.7175,1.8894%,2.2681%,30.6060%,0.000352,LZB,48347.0,2019-02-22,252.0,0.3074%,0.0006,1.0337,1.4898,0.6678,1.8054%,2.1828%,31.5934%,-0.002019,LZB,48347.0,2019-02-25,252.0,0.2507%,0.0007,1.0314,1.485,0.6568,1.8015%,2.1787%,31.6255%,0.005932,LZB,48347.0,2019-02-26,252.0,-2.0839%,0.0006,1.0178,1.5097,0.6592,1.7950%,2.1720%,31.6983%,-0.007618,LZB,48347.0,2019-02-27,252.0,-1.1635%,0.0006,1.0275,1.488,0.6608,1.7920%,2.1700%,31.8065%,-0.014728,LZB,48347.0,2019-02-28,252.0,-1.2059%,0.0006,1.0269,1.4873,0.6623,1.7925%,2.1679%,31.6348%,-0.007619,LZB,48347.0,2019-03-01,252.0,0.5231%,0.0005,1.0317,1.4944,0.6717,1.7917%,2.1671%,31.6422%,-0.003917,LZB,48347.0,2019-03-04,252.0,-1.5901%,0.0005,1.0296,1.5083,0.6707,1.7920%,2.1695%,31.7776%,-0.007268,LZB,48347.0,2019-03-05,252.0,-0.1469%,0.0007,1.034,1.5465,0.6716,1.7859%,2.1695%,32.2385%,0.006477,LZB,0.126746,0.127098,0.125079,0.1233929999999999,0.0963379999999999
20499,LA Z BOY INC,Q3 Earnings Preview For La-Z-Boy,6,uncertain,0.5,0.5,the q3 earnings preview could lead to either positive or negative reactions depending on the actual earnings results compared to market expectations.,1,2019-02-19,LZB,2019-02-19 12:48:00+00:00,48347.0,50533610,0.0257880091667175,574416.0,0.1176287084817886,0.0284871943295002,-0.006109342444688,0.0032851635478436,0.0030735011678189,0.0109598115086555,0.0025069678667932,0.0262440517544746,-0.0208391211926937,0.0065180286765098,-0.0116345016285777,-0.0091774454340338,-0.0120586268603801,-0.0144053697586059,0.0052310465835034,-0.0086350124329328,-0.0159005280584096,0.0073603619821369,-0.0014688377268612,0.0020113799255341,-0.0123566333204507,0.0070897731930017,-0.007149176672101,0.011266641318798,0.0060005905106663,0.0093039441853761,0.0170658584684133,0.0013802938628941,0.0014718644088134,-0.0006896709674037,0.00411520851776,0.0003449544310569,-0.0096603631973266,-0.0037800895515829,-0.0041384333744645,-0.0195417758077383,0.0002968874177895,-0.0149352429434657,-0.0222551915794611,0.0050033228471875,-0.0094082355499267,0.0046916683204472,0.0015318393707275,-0.0043376432731747,-0.0330375656485557,-0.0076159420423209,0.0205630399286747,-0.0013227185700088,0.0111593501642346,0.0073284246027469,0.0091967890039086,-0.0056310058571398,0.0091130947694182,0.0093614403158426,-0.0069235260598361,0.0243150368332862,0.013034145347774,0.0454708375036716,-0.0146618159487843,0.0332963205873966,-0.0009109863312914,-0.0167333241552114,0.0072947675362229,-0.0079393479973077,0.0066385404206812,0.0109448824077844,-0.0020983121357858,-0.0010933195007964,-0.0033043138682842,0.0189379956573247,0.0446051694452762,0.0623274110257625,0.0025966577231884,-0.0170608963817358,-0.0117985568940639,-0.0111195938661694,0.0014560057315975,-0.0098709277808666,0.0168654210865497,-0.0244444385170936,-0.0071489848196506,0.0348792597651481,-0.0230415612459182,0.0139914732426405,-0.0268278270959854,-0.019809540361166,0.0084823574870824,-0.0241635553538799,-0.0153199797496199,0.0220364723354578,-0.0222696643322706,-0.0149700455367565,0.0124805467203259,-0.0125646768137812,0.0138675114139914,-0.0180570986121892,-0.0030395830981433,0.0003612799337133,0.0109756281599402,-0.0683271214365959,0.0292521473020315,0.0164214689284563,0.0175797957926988,-0.0194565560668706,0.0008637713617645,0.0222907960414886,-0.0201380029320716,0.0358792282640934,-0.0061656748875975,-0.0070547005161643,0.0020679379813373,0.0031847187783569,0.0159198399633169,0.0078459093347191,-0.0354032926261425,0.0097227385267615,0.0102286441251635,-0.0340869389474391,-0.0014890723396092,-0.0082787089049816,0.1176287084817886,0.0284871943295002,0.1108007319756589,0.0318659429697354,0.1142147793226002,0.0431749992068848,0.0937306132193329,0.0775300274094128,0.0549348342373736,0.0529668114386794,0.0260139594305945,0.1620421428529654,0.0447083627252049,0.0886822470348895,2019-02-20,2019-02-21,2019-02-22,2019-02-25,2019-02-26,2019-02-27,2019-02-28,2019-03-01,2019-03-04,2019-03-05,48347.0,2019-02-19,252.0,2.5788%,0.0004,0.9935,1.5194,0.5929,1.7728%,2.1500%,32.0127%,0.0177079999999999,LZB,48347.0,2019-02-20,252.0,11.7629%,0.001,1.0264,1.6052,0.7133,1.8898%,2.2682%,30.5850%,0.109038,LZB,48347.0,2019-02-21,252.0,-0.6109%,0.001,1.0287,1.6097,0.7175,1.8894%,2.2681%,30.6060%,0.000352,LZB,48347.0,2019-02-22,252.0,0.3074%,0.0006,1.0337,1.4898,0.6678,1.8054%,2.1828%,31.5934%,-0.002019,LZB,48347.0,2019-02-25,252.0,0.2507%,0.0007,1.0314,1.485,0.6568,1.8015%,2.1787%,31.6255%,0.005932,LZB,48347.0,2019-02-26,252.0,-2.0839%,0.0006,1.0178,1.5097,0.6592,1.7950%,2.1720%,31.6983%,-0.007618,LZB,48347.0,2019-02-27,252.0,-1.1635%,0.0006,1.0275,1.488,0.6608,1.7920%,2.1700%,31.8065%,-0.014728,LZB,48347.0,2019-02-28,252.0,-1.2059%,0.0006,1.0269,1.4873,0.6623,1.7925%,2.1679%,31.6348%,-0.007619,LZB,48347.0,2019-03-01,252.0,0.5231%,0.0005,1.0317,1.4944,0.6717,1.7917%,2.1671%,31.6422%,-0.003917,LZB,48347.0,2019-03-04,252.0,-1.5901%,0.0005,1.0296,1.5083,0.6707,1.7920%,2.1695%,31.7776%,-0.007268,LZB,48347.0,2019-03-05,252.0,-0.1469%,0.0007,1.034,1.5465,0.6716,1.7859%,2.1695%,32.2385%,0.006477,LZB,0.126746,0.127098,0.125079,0.1233929999999999,0.0963379999999999
20507,MASTERCARD INC,Global Cyber Alliance And Mastercard Launch Cybersecurity Toolkit,6,increase,0.7,0.6,"the launch of a cybersecurity toolkit in collaboration with the global cyber alliance enhances mastercard's reputation and commitment to security, which could positively influence investor confidence and stock price.",2,2019-02-19,MA,2019-02-19 13:36:00+00:00,91233.0,57636Q10,-0.0068434751592576,2836861.0,0.0023573338985443,0.0104635963216424,-0.0081407586112618,-0.0033100377768278,0.0182846654206514,0.0074459346942603,0.0,0.0083371605724096,0.0030449249316006,0.002400980098173,0.0025446754880249,0.0121979741379618,0.0008905772701837,-0.0061774351634085,0.0110334819182753,-0.0025942628271877,-0.0042244521901011,0.0044204406440258,-0.0003093025297857,0.0053328312933444,-0.0077358321286737,0.0125041408464312,-0.0091771623119711,0.0348495282232761,-0.0024279868230223,0.023991160094738,0.0169919524341821,-0.0045963139273226,0.0057614035904407,-0.0136986235156655,0.0068740528076887,0.0157666020095348,0.004420107230544,0.0072598294354975,0.0072328164242208,-0.0055650286376476,-0.0033741348888725,-0.0125742238014936,0.0026910677552223,0.0134965758770704,-0.0048482539132237,0.0077867889776825,0.026012422516942,0.0063606756739318,-0.0216644797474145,0.0055775041691958,-0.0014733764110133,-0.0023991896305233,0.0124554950743913,-0.0053313178941607,-0.0033005659934133,0.0060274438001215,0.0100636342540383,0.0181506425142288,0.0025121192447841,0.0072691012173891,0.0152898961678147,0.0076939649879932,0.0008784415549598,0.0473562330007553,-0.0013792603276669,-0.0451144315302372,-0.0120118660852313,0.0057779573835432,0.0024146714713424,0.0133755384013056,-0.0001267827319679,-0.0134082287549972,-0.0015236830804497,0.0121225649490952,0.0048747146502137,0.0674491822719574,-0.0043027261272072,-0.003082416485995,0.0118200667202472,-0.0411581397056579,0.0013398319715633,-0.0235677026212215,0.0039305980317294,-0.0234330426901578,0.0037902605254203,0.0060908566229045,-0.0004564340633805,-0.0249833855777978,0.0089667635038495,-0.0182448979467153,0.0018103370675817,-0.0066403048112988,0.007392450235784,0.0128956595435738,0.0013046081876382,-0.0016156319761648,0.0043564676307141,0.0079389186576008,0.0018242752412334,-0.0319720432162284,0.0287702847272157,0.0124694490805268,-0.0215937905013561,-0.0446487888693809,-0.006271346937865,0.0437160842120647,0.0030745358671993,0.0224245078861713,0.002782829105854,-0.0277832467108964,-0.0143983345478773,0.0481915399432182,0.0011017884826287,0.0058899638243019,-8.154025999829173e-05,0.0506571717560291,0.0086421063169837,-0.0269636437296867,-0.0244513116776943,0.0032075596973299,0.0188913643360137,-0.0117286620661616,0.0130519289523363,-0.0490353442728519,0.0023573338985443,0.0104635963216423,-0.0058026151989517,0.0071189236457085,0.012375951344222,0.0146178653805282,0.015458560118623,0.0255332847135043,0.0255224852322071,0.039013875285194,0.0846366493820574,0.2280119557222648,0.1310484956196114,0.1178215782946647,2019-02-20,2019-02-21,2019-02-22,2019-02-25,2019-02-26,2019-02-27,2019-02-28,2019-03-01,2019-03-04,2019-03-05,91233.0,2019-02-19,252.0,-0.6843%,0.0006,1.1881,-0.3483,-0.9062,0.8847%,1.7831%,75.3837%,-0.0055169999999999,MA,91233.0,2019-02-20,252.0,0.2357%,0.0006,1.1889,-0.3498,-0.9043,0.8841%,1.7829%,75.4099%,0.00575,MA,91233.0,2019-02-21,252.0,-0.8141%,0.0005,1.1911,-0.3469,-0.9003,0.8850%,1.7837%,75.3813%,-0.006167,MA,91233.0,2019-02-22,252.0,1.8285%,0.0005,1.1908,-0.3365,-0.8933,0.8836%,1.7832%,75.4448%,-0.000884,MA,91233.0,2019-02-25,252.0,0.0000%,0.0005,1.1908,-0.3341,-0.8922,0.8842%,1.7832%,75.4136%,-0.004369,MA,91233.0,2019-02-26,252.0,0.3045%,0.0005,1.1942,-0.3363,-0.8908,0.8836%,1.7807%,75.3792%,-0.0002319999999999,MA,91233.0,2019-02-27,252.0,0.2545%,0.0006,1.1961,-0.3396,-0.8904,0.8831%,1.7794%,75.3665%,0.00094,MA,91233.0,2019-02-28,252.0,0.0891%,0.0006,1.1974,-0.3386,-0.8899,0.8830%,1.7777%,75.3294%,0.00234,MA,91233.0,2019-03-01,252.0,1.1033%,0.0005,1.2018,-0.3321,-0.8827,0.8817%,1.7788%,75.4298%,-0.0002549999999999,MA,91233.0,2019-03-04,252.0,-0.4224%,0.0005,1.2032,-0.34,-0.8824,0.8816%,1.7769%,75.3820%,0.004049,MA,91233.0,2019-03-05,252.0,-0.0309%,0.0005,1.2037,-0.3378,-0.8813,0.8817%,1.7763%,75.3597%,-0.0015249999999999,MA,0.000233,-0.005934,-0.006818,-0.011419,-0.00587
20515,MARATHON DIGITAL HOLDINGS INC,Shares of several blockchain companies are trading higher amid strength in the cryptocurrency market.,6,increase,0.8,0.7,"the positive movement in the cryptocurrency market typically boosts investor sentiment towards blockchain companies like marathon digital holdings inc, likely leading to an increase in its stock price.",2,2019-02-19,MARA,2019-02-19 15:39:00+00:00,14813.0,56578810,0.3516666293144226,5474293.0,-0.0341142900288105,0.0384616181254386,-0.1014184504747391,-0.0188679080456495,0.1679558306932449,-0.0701754763722419,-0.0608190521597862,0.1300554573535919,-0.0646136179566383,-0.0205824673175811,-0.0153846014291048,0.3341968357563019,-0.0109374523162841,-0.0252525005489587,0.0187993794679641,-0.039301324635744,-0.0387657545506954,-0.1229787096381187,0.048556201159954,0.3823529183864594,-0.0615384057164192,-0.0002939923433586,0.0491802804172039,-0.028260737657547,-0.0173437409102916,-0.0278028342872858,-0.0181268639862537,-0.0217390935868024,0.0038866088725626,-0.0199733506888151,-0.0169382393360137,-0.0536794774234294,-0.0237938351929187,-0.0305399168282747,0.0090771587565541,0.1122282594442368,0.0248208716511726,-0.0391644537448883,0.0281209535896778,0.0464480593800544,0.0039525656029582,-0.0109739024192094,-0.0332283228635788,-0.019446212798357,-0.0654829666018486,-0.0068420642055571,-0.1338347643613815,-0.0256410017609596,0.0070051671937108,-0.0298508051782846,0.0251798648387193,-0.0449037253856658,0.0233917441219091,-0.011043244972825,-0.0085713751614093,0.0181817691773176,0.0951008424162864,0.0374782867729663,0.1894736588001251,0.0602631978690624,0.1209439858794212,-0.0034094075672328,-0.1447368562221527,0.0527333281934261,-0.0035384069196879,-0.0990050211548805,0.0691678002476692,0.0360824689269065,-0.0216606296598911,-0.0051281391642987,0.4243541955947876,0.0051545724272727,-0.1735750883817673,-0.0695443302392959,0.0376175194978714,-0.0302325841039419,-0.0936555713415145,-0.0732758194208145,0.0566666908562183,0.1047619059681892,-0.0599369257688522,-0.0869565680623054,0.1073825284838676,0.07552020996809,-0.0121212005615234,-0.0539703518152236,0.0552147440612316,-0.130744069814682,-0.0988372489809989,0.0507070571184158,-0.0387096405029296,-0.0161001272499561,-0.0805369168519973,-0.0005960463895462,0.0437955781817436,-0.0960675030946731,0.0314685851335525,-0.0398275181651115,-0.0406780056655407,-0.0457387678325176,0.0353357419371604,-0.0155490506440401,0.0034129659179598,-0.0501538254320621,0.0,-0.0151515901088714,-0.0306122954934835,0.1058981120586395,0.0210526958107948,0.0115255182608962,-0.024055041372776,0.0144428526982665,0.0281690713018178,-0.0389953441917896,0.1575342565774918,-0.0266967080533504,-0.0591716095805168,-0.0293475165963172,0.012578603811562,-0.0447360165417194,-0.0341142900288105,0.0384616181254386,-0.1320729220697818,0.0188680198057114,0.0137004912851486,-0.0526315288445973,-0.1094670896794091,0.0485437555082914,-0.1094670895496892,0.5882353432554357,-0.071105667885874,0.4210527117292355,0.1028908521363052,-0.1947509414196806,2019-02-20,2019-02-21,2019-02-22,2019-02-25,2019-02-26,2019-02-27,2019-02-28,2019-03-01,2019-03-04,2019-03-05,14813.0,2019-02-19,252.0,35.1667%,-0.0025,1.2477,1.3644,0.7142,8.0744%,8.1907%,2.8185%,0.344669,MARA,14813.0,2019-02-20,252.0,-3.4114%,-0.0024,1.2417,1.3764,0.6996,8.0704%,8.1868%,2.8226%,-0.043515,MARA,14813.0,2019-02-21,252.0,-10.1418%,-0.0029,1.2732,1.4202,0.758,8.0891%,8.2101%,2.9264%,-0.094352,MARA,14813.0,2019-02-22,252.0,16.7956%,-0.0021,1.2456,1.5499,0.5465,8.1431%,8.2711%,3.0707%,0.162912,MARA,14813.0,2019-02-25,252.0,-6.0819%,-0.0022,1.2425,1.5743,0.5478,8.1487%,8.2773%,3.0833%,-0.057774,MARA,14813.0,2019-02-26,252.0,-6.4614%,-0.0022,1.2761,1.6095,0.5908,8.1507%,8.2850%,3.2165%,-0.050842,MARA,14813.0,2019-02-27,252.0,-1.5385%,-0.0025,1.2546,1.6427,0.5872,8.1458%,8.2786%,3.1838%,-0.018982,MARA,14813.0,2019-02-28,252.0,-1.0937%,-0.0024,1.2471,1.6375,0.5826,8.1452%,8.2760%,3.1359%,-0.006009,MARA,14813.0,2019-03-01,252.0,1.8799%,-0.0022,1.2235,1.6023,0.5415,8.1411%,8.2670%,3.0222%,0.007312,MARA,14813.0,2019-03-04,252.0,-3.8766%,-0.0021,1.1995,1.7052,0.5423,8.1344%,8.2626%,3.0777%,-0.028196,MARA,14813.0,2019-03-05,252.0,4.8556%,-0.0018,1.194,1.701,0.5166,8.1421%,8.2686%,3.0363%,0.057093,MARA,0.301154,0.206802,0.369714,0.261098,0.272316
20523,MCDONALDS CORP,"McDonald's shares are trading higher after the company was upgraded by Stephens & Co from Equal-Weight to Overweight, and the price target was raised from $180 to $200.",6,increase,0.85,0.7,"the upgrade from equal-weight to overweight and the increase in price target typically signal positive sentiment, likely leading to an increase in mcdonald's stock price.",2,2019-02-19,MCD,2019-02-19 13:46:00+00:00,43449.0,58013510,-0.0040006735362112,4765391.0,0.0069177434779703,0.0233127102255821,0.0128538534045219,0.0098765501752495,0.0019692610949277,0.0010346190538257,-0.0030572558753192,-0.0016641415422782,0.0032857242040336,-0.0028040371835231,0.0008186992490664,-0.0030237263999879,0.0089441305026412,-0.005108377430588,0.006581847090274,-0.0078279813751578,-0.0241016298532486,0.0001126683855545,0.0042084818705916,0.0046967058442533,0.0037496148142963,-0.0115225277841091,-0.0082953060045838,-0.0164493881165981,-0.0056503671221435,-0.0021957177668809,0.0088022388517856,-0.0077887140214443,0.0041418159380555,-0.0021738798823207,0.0012648942647501,-0.0179857779294252,0.003735075937584,0.0068783857859671,0.0141731221228838,0.0082352980971336,-0.0074462033808231,0.0109547022730112,-0.0045664384961128,0.0080614360049366,0.0101578319445252,0.0098131829872727,0.0075687617063522,-0.0092254895716905,0.002360908081755,-0.0011036141077056,-0.0058347857557237,-0.0063058282248675,0.0094766020774841,0.0045166183263063,0.0001600105606485,0.0069887950085103,0.0100261578336358,-0.0017165715107694,0.0026928270235657,0.0021085611078888,-0.0079515250399708,0.0108817731961607,-0.0002122898586094,0.0193253569304943,0.0,-0.0065886839292943,0.0080700237303972,-0.0085037434473633,0.0044241407886147,0.0114491330459713,-0.0045094676315784,-0.0008537314133718,0.0012114602141082,0.009653553366661,-0.0045244139619171,0.0220225509256124,-0.0017968309111893,-0.0222221948206424,0.0144006833434104,0.0027061332948505,0.0013048016699031,-0.0305872447788715,-0.0007819085149094,-0.0030605031643062,-0.0004694644594565,-0.00597370788455,0.017222499474883,-0.0136395879089832,-0.0050792954862117,-0.0168427806347608,0.0069100470282137,0.0160780306905508,0.012137715704739,-0.0005991645157337,0.0015179263427853,-0.0057405773550271,-0.0025766408070921,0.0092369215562939,-0.0015196183230727,-0.0134267471730709,0.0022829354275017,0.0022157570347189,-0.0172091368585825,-0.0017802332295104,0.0022660680115222,-0.0166569389402866,0.0149530014023184,0.0021663319785147,0.0069865817204117,0.0075059267692267,-0.0043237837962806,0.0174402929842472,-5.046711521572433e-05,0.004024174530059,-0.0015149373793974,0.0107734119519591,0.0114297773689031,-0.0043236017227172,-0.0048002735711634,-0.0053889579139649,-0.0051248772069811,-0.0161203648895025,0.0053533297032117,-0.0046377480030059,0.0069177434779703,0.0233127102255821,0.0198605165430483,0.0334195095530958,0.0218688881805295,0.0344887050682747,0.0220920878784156,0.0298712518941235,0.0180992735631682,0.0183906745828823,0.0573972863875791,0.0289880376023423,0.1175793919003349,-0.0347169143804843,2019-02-20,2019-02-21,2019-02-22,2019-02-25,2019-02-26,2019-02-27,2019-02-28,2019-03-01,2019-03-04,2019-03-05,43449.0,2019-02-19,252.0,-0.4001%,0.0006,0.4685,-0.4297,0.1997,1.1524%,1.2630%,16.7467%,-0.004366,MCD,43449.0,2019-02-20,252.0,0.6918%,0.0007,0.4716,-0.4147,0.2129,1.1470%,1.2577%,16.8288%,0.005775,MCD,43449.0,2019-02-21,252.0,1.2854%,0.0008,0.4674,-0.4203,0.205,1.1502%,1.2597%,16.6210%,0.014698,MCD,43449.0,2019-02-22,252.0,0.1969%,0.0007,0.4676,-0.4379,0.1915,1.1473%,1.2585%,16.8994%,0.004157,MCD,43449.0,2019-02-25,252.0,-0.3057%,0.0007,0.4691,-0.4337,0.1994,1.1448%,1.2564%,16.9768%,-0.004652,MCD,43449.0,2019-02-26,252.0,0.3286%,0.0006,0.4655,-0.4318,0.1977,1.1443%,1.2533%,16.6392%,0.001819,MCD,43449.0,2019-02-27,252.0,0.0819%,0.0007,0.4676,-0.4354,0.198,1.1439%,1.2532%,16.6832%,0.001357,MCD,43449.0,2019-02-28,252.0,0.8944%,0.0008,0.4582,-0.4415,0.1888,1.1424%,1.2488%,16.3173%,0.0108759999999999,MCD,43449.0,2019-03-01,252.0,0.6582%,0.0008,0.4537,-0.4482,0.1798,1.1413%,1.2468%,16.2021%,0.005228,MCD,43449.0,2019-03-04,252.0,-2.4102%,0.0007,0.4549,-0.4297,0.1743,1.1520%,1.2537%,15.5701%,-0.024326,MCD,43449.0,2019-03-05,252.0,0.4208%,0.0009,0.4648,-0.3508,0.1802,1.1144%,1.2158%,15.9953%,0.003978,MCD,0.0014089999999999,0.016107,0.020264,0.017431,0.014544
20531,MCDONALDS CORP,"Stephens & Co. Upgrades McDonald's to Overweight, Raises Price Target to $200",6,increase,0.8,0.7,"upgrading a stock to 'overweight' and raising the price target typically signals positive sentiment and can lead to increased investor interest, likely driving the stock price up.",2,2019-02-19,MCD,2019-02-19 11:19:00+00:00,43449.0,58013510,-0.0040006735362112,4765391.0,0.0069177434779703,0.0233127102255821,0.0128538534045219,0.0098765501752495,0.0019692610949277,0.0010346190538257,-0.0030572558753192,-0.0016641415422782,0.0032857242040336,-0.0028040371835231,0.0008186992490664,-0.0030237263999879,0.0089441305026412,-0.005108377430588,0.006581847090274,-0.0078279813751578,-0.0241016298532486,0.0001126683855545,0.0042084818705916,0.0046967058442533,0.0037496148142963,-0.0115225277841091,-0.0082953060045838,-0.0164493881165981,-0.0056503671221435,-0.0021957177668809,0.0088022388517856,-0.0077887140214443,0.0041418159380555,-0.0021738798823207,0.0012648942647501,-0.0179857779294252,0.003735075937584,0.0068783857859671,0.0141731221228838,0.0082352980971336,-0.0074462033808231,0.0109547022730112,-0.0045664384961128,0.0080614360049366,0.0101578319445252,0.0098131829872727,0.0075687617063522,-0.0092254895716905,0.002360908081755,-0.0011036141077056,-0.0058347857557237,-0.0063058282248675,0.0094766020774841,0.0045166183263063,0.0001600105606485,0.0069887950085103,0.0100261578336358,-0.0017165715107694,0.0026928270235657,0.0021085611078888,-0.0079515250399708,0.0108817731961607,-0.0002122898586094,0.0193253569304943,0.0,-0.0065886839292943,0.0080700237303972,-0.0085037434473633,0.0044241407886147,0.0114491330459713,-0.0045094676315784,-0.0008537314133718,0.0012114602141082,0.009653553366661,-0.0045244139619171,0.0220225509256124,-0.0017968309111893,-0.0222221948206424,0.0144006833434104,0.0027061332948505,0.0013048016699031,-0.0305872447788715,-0.0007819085149094,-0.0030605031643062,-0.0004694644594565,-0.00597370788455,0.017222499474883,-0.0136395879089832,-0.0050792954862117,-0.0168427806347608,0.0069100470282137,0.0160780306905508,0.012137715704739,-0.0005991645157337,0.0015179263427853,-0.0057405773550271,-0.0025766408070921,0.0092369215562939,-0.0015196183230727,-0.0134267471730709,0.0022829354275017,0.0022157570347189,-0.0172091368585825,-0.0017802332295104,0.0022660680115222,-0.0166569389402866,0.0149530014023184,0.0021663319785147,0.0069865817204117,0.0075059267692267,-0.0043237837962806,0.0174402929842472,-5.046711521572433e-05,0.004024174530059,-0.0015149373793974,0.0107734119519591,0.0114297773689031,-0.0043236017227172,-0.0048002735711634,-0.0053889579139649,-0.0051248772069811,-0.0161203648895025,0.0053533297032117,-0.0046377480030059,0.0069177434779703,0.0233127102255821,0.0198605165430483,0.0334195095530958,0.0218688881805295,0.0344887050682747,0.0220920878784156,0.0298712518941235,0.0180992735631682,0.0183906745828823,0.0573972863875791,0.0289880376023423,0.1175793919003349,-0.0347169143804843,2019-02-20,2019-02-21,2019-02-22,2019-02-25,2019-02-26,2019-02-27,2019-02-28,2019-03-01,2019-03-04,2019-03-05,43449.0,2019-02-19,252.0,-0.4001%,0.0006,0.4685,-0.4297,0.1997,1.1524%,1.2630%,16.7467%,-0.004366,MCD,43449.0,2019-02-20,252.0,0.6918%,0.0007,0.4716,-0.4147,0.2129,1.1470%,1.2577%,16.8288%,0.005775,MCD,43449.0,2019-02-21,252.0,1.2854%,0.0008,0.4674,-0.4203,0.205,1.1502%,1.2597%,16.6210%,0.014698,MCD,43449.0,2019-02-22,252.0,0.1969%,0.0007,0.4676,-0.4379,0.1915,1.1473%,1.2585%,16.8994%,0.004157,MCD,43449.0,2019-02-25,252.0,-0.3057%,0.0007,0.4691,-0.4337,0.1994,1.1448%,1.2564%,16.9768%,-0.004652,MCD,43449.0,2019-02-26,252.0,0.3286%,0.0006,0.4655,-0.4318,0.1977,1.1443%,1.2533%,16.6392%,0.001819,MCD,43449.0,2019-02-27,252.0,0.0819%,0.0007,0.4676,-0.4354,0.198,1.1439%,1.2532%,16.6832%,0.001357,MCD,43449.0,2019-02-28,252.0,0.8944%,0.0008,0.4582,-0.4415,0.1888,1.1424%,1.2488%,16.3173%,0.0108759999999999,MCD,43449.0,2019-03-01,252.0,0.6582%,0.0008,0.4537,-0.4482,0.1798,1.1413%,1.2468%,16.2021%,0.005228,MCD,43449.0,2019-03-04,252.0,-2.4102%,0.0007,0.4549,-0.4297,0.1743,1.1520%,1.2537%,15.5701%,-0.024326,MCD,43449.0,2019-03-05,252.0,0.4208%,0.0009,0.4648,-0.3508,0.1802,1.1144%,1.2158%,15.9953%,0.003978,MCD,0.0014089999999999,0.016107,0.020264,0.017431,0.014544
20539,MONDELEZ INTERNATIONAL INC,"From Mondelez Conference Call To Discuss Reaffirmed FY19, Long-Term Targets: Says Not Seeing Macro Weakness In China",6,increase,0.7,0.6,"the statement about not seeing macro weakness in china suggests stability and potential growth in a key market, which could positively influence investor sentiment and stock price.",2,2019-02-19,MDLZ,2019-02-19 15:53:00+00:00,89006.0,60920710,-0.0012458757264539,7853062.0,-0.0022868358064442,0.017751483246684,0.0087517844513058,-0.0060911765322089,-0.0142532251775264,0.0012618585024029,-0.010687387548387,0.0021074493415653,0.0046600555069744,0.0117270620539784,-0.0063250944949686,0.0086021833121776,0.0006365113076753,0.0064934897236526,0.0014843022217974,0.0047847153618931,-0.0050814705900847,-0.0028193681500852,-0.0012768965680152,0.0118499211966991,0.0008523527649231,-0.0149156646803021,-0.0034064264036715,0.0559232346713542,-0.0049134702421724,0.0087497364729642,0.0115928957238793,0.007189271505922,-0.0036077711265534,0.0093632424250245,0.0070287114940583,-0.0072042196989059,0.001480535021983,-0.011031936854124,0.0095037119463086,0.0088105089962482,0.0050209555774927,-0.0053044175729155,0.0041632130742073,0.007434937171638,-0.0012438094709068,0.0086712623015046,0.0145288659259676,-0.0062878541648387,0.0051145660690963,0.010828603990376,0.0056991404853761,0.0059199621900916,0.0076907724142074,-0.0025980304926633,-0.0032134936191141,0.0097781978547573,-0.0004030345298815,-0.003564674872905,0.0115501461550593,0.0233463738113641,-0.0046073626726865,0.0068559935316443,-0.0010062233777716,0.0276798792183399,0.0018130571115762,-0.0037602835800498,-0.0016086470568552,-0.0034973619040101,0.0006042050081305,0.0035096362698823,-0.0014090115437284,-0.001988569740206,0.0006046922062523,0.0057499883696436,0.0012087303912267,0.0131712378934025,-0.0006036739214323,-0.0294985435903072,0.002416000701487,-0.0116617968305945,0.0098412903025746,-0.0060371891595423,-0.0031821767333894,-0.0173231977969408,0.0021947447676211,-0.0156505946069955,-0.0027871667407453,-0.0169919151812791,0.0017967688618227,-0.0180383156985044,0.0035870925057679,0.0063535007648169,0.0003971496771555,-0.0031666907016187,-0.0073442384600639,0.0063737486489117,0.0055989325046539,0.0029680610168725,0.0047722780145704,-0.0101695088669657,0.0063328654505312,-0.0049471827223896,0.0155359087511897,-0.0124360993504524,-0.0030983705073595,0.0011115882080048,0.005438981577754,0.0101055642589926,-0.0030911872163414,0.0024763757828623,-0.0114341117441654,-0.0026942691765725,0.0,0.0134243490174412,0.0066653629764914,0.0036537987180054,0.0101265916600823,0.0071297464892268,-0.0131097035482525,-0.0048065711744129,0.0084000844508409,-0.0166554506868124,0.0040682470425963,0.0036141821183264,-0.0022868358064442,0.017751483246684,0.0064449347508079,0.0115521792963111,-0.0079001515329761,0.0128286150143803,-0.0139292770994033,0.0268656352685525,-0.0243242875702401,0.0568356408565395,0.0374538202063639,0.2118771460330883,0.0832238942010306,0.0949605252576626,2019-02-20,2019-02-21,2019-02-22,2019-02-25,2019-02-26,2019-02-27,2019-02-28,2019-03-01,2019-03-04,2019-03-05,89006.0,2019-02-19,252.0,-0.1246%,0.0005,0.6106,-0.2187,0.16,1.0276%,1.2014%,26.8410%,-0.002322,MDLZ,89006.0,2019-02-20,252.0,-0.2287%,0.0004,0.6093,-0.2222,0.1552,1.0280%,1.2016%,26.8067%,-0.003946,MDLZ,89006.0,2019-02-21,252.0,0.8752%,0.0005,0.6048,-0.2291,0.1467,1.0295%,1.2013%,26.5564%,0.011108,MDLZ,89006.0,2019-02-22,252.0,-1.4253%,0.0004,0.607,-0.233,0.17,1.0339%,1.2047%,26.3404%,-0.0148669999999999,MDLZ,89006.0,2019-02-25,252.0,-1.0687%,0.0004,0.6068,-0.2271,0.1724,1.0368%,1.2066%,26.1679%,-0.011998,MDLZ,89006.0,2019-02-26,252.0,0.4660%,0.0004,0.6089,-0.235,0.1699,1.0367%,1.2065%,26.1701%,0.004646,MDLZ,89006.0,2019-02-27,252.0,-0.6325%,0.0004,0.6021,-0.2249,0.1688,1.0332%,1.1986%,25.6901%,-0.006323,MDLZ,89006.0,2019-02-28,252.0,0.0637%,0.0004,0.596,-0.229,0.1638,1.0312%,1.1935%,25.3496%,0.0028699999999999,MDLZ,89006.0,2019-03-01,252.0,0.1484%,0.0004,0.5975,-0.2267,0.167,1.0311%,1.1934%,25.3521%,-0.001578,MDLZ,89006.0,2019-03-04,252.0,-0.5081%,0.0004,0.5992,-0.2288,0.1658,1.0313%,1.1932%,25.2945%,-0.003623,MDLZ,89006.0,2019-03-05,252.0,-0.1277%,0.0003,0.5955,-0.2586,0.1635,1.0254%,1.1878%,25.4773%,-0.00066,MDLZ,-0.0062679999999999,0.00484,-0.0100269999999999,-0.0173789999999999,-0.0266929999999999
20547,MONDELEZ INTERNATIONAL INC,"Mondelez Earlier Issued Press Release Highlighting Reaffirmed FY19, Long-Term Growth Targets: Organic Net Sales Growth 3+%, Adj. EPS Growth In High-Single Digit Range, Dividend Growth Outpacing Adj. EPS Growth",6,increase,0.75,0.6,the reaffirmation of growth targets and positive indicators such as organic net sales growth and dividend growth are likely to boost investor confidence and lead to an increase in stock price.,2,2019-02-19,MDLZ,2019-02-19 15:53:00+00:00,89006.0,60920710,-0.0012458757264539,7853062.0,-0.0022868358064442,0.017751483246684,0.0087517844513058,-0.0060911765322089,-0.0142532251775264,0.0012618585024029,-0.010687387548387,0.0021074493415653,0.0046600555069744,0.0117270620539784,-0.0063250944949686,0.0086021833121776,0.0006365113076753,0.0064934897236526,0.0014843022217974,0.0047847153618931,-0.0050814705900847,-0.0028193681500852,-0.0012768965680152,0.0118499211966991,0.0008523527649231,-0.0149156646803021,-0.0034064264036715,0.0559232346713542,-0.0049134702421724,0.0087497364729642,0.0115928957238793,0.007189271505922,-0.0036077711265534,0.0093632424250245,0.0070287114940583,-0.0072042196989059,0.001480535021983,-0.011031936854124,0.0095037119463086,0.0088105089962482,0.0050209555774927,-0.0053044175729155,0.0041632130742073,0.007434937171638,-0.0012438094709068,0.0086712623015046,0.0145288659259676,-0.0062878541648387,0.0051145660690963,0.010828603990376,0.0056991404853761,0.0059199621900916,0.0076907724142074,-0.0025980304926633,-0.0032134936191141,0.0097781978547573,-0.0004030345298815,-0.003564674872905,0.0115501461550593,0.0233463738113641,-0.0046073626726865,0.0068559935316443,-0.0010062233777716,0.0276798792183399,0.0018130571115762,-0.0037602835800498,-0.0016086470568552,-0.0034973619040101,0.0006042050081305,0.0035096362698823,-0.0014090115437284,-0.001988569740206,0.0006046922062523,0.0057499883696436,0.0012087303912267,0.0131712378934025,-0.0006036739214323,-0.0294985435903072,0.002416000701487,-0.0116617968305945,0.0098412903025746,-0.0060371891595423,-0.0031821767333894,-0.0173231977969408,0.0021947447676211,-0.0156505946069955,-0.0027871667407453,-0.0169919151812791,0.0017967688618227,-0.0180383156985044,0.0035870925057679,0.0063535007648169,0.0003971496771555,-0.0031666907016187,-0.0073442384600639,0.0063737486489117,0.0055989325046539,0.0029680610168725,0.0047722780145704,-0.0101695088669657,0.0063328654505312,-0.0049471827223896,0.0155359087511897,-0.0124360993504524,-0.0030983705073595,0.0011115882080048,0.005438981577754,0.0101055642589926,-0.0030911872163414,0.0024763757828623,-0.0114341117441654,-0.0026942691765725,0.0,0.0134243490174412,0.0066653629764914,0.0036537987180054,0.0101265916600823,0.0071297464892268,-0.0131097035482525,-0.0048065711744129,0.0084000844508409,-0.0166554506868124,0.0040682470425963,0.0036141821183264,-0.0022868358064442,0.017751483246684,0.0064449347508079,0.0115521792963111,-0.0079001515329761,0.0128286150143803,-0.0139292770994033,0.0268656352685525,-0.0243242875702401,0.0568356408565395,0.0374538202063639,0.2118771460330883,0.0832238942010306,0.0949605252576626,2019-02-20,2019-02-21,2019-02-22,2019-02-25,2019-02-26,2019-02-27,2019-02-28,2019-03-01,2019-03-04,2019-03-05,89006.0,2019-02-19,252.0,-0.1246%,0.0005,0.6106,-0.2187,0.16,1.0276%,1.2014%,26.8410%,-0.002322,MDLZ,89006.0,2019-02-20,252.0,-0.2287%,0.0004,0.6093,-0.2222,0.1552,1.0280%,1.2016%,26.8067%,-0.003946,MDLZ,89006.0,2019-02-21,252.0,0.8752%,0.0005,0.6048,-0.2291,0.1467,1.0295%,1.2013%,26.5564%,0.011108,MDLZ,89006.0,2019-02-22,252.0,-1.4253%,0.0004,0.607,-0.233,0.17,1.0339%,1.2047%,26.3404%,-0.0148669999999999,MDLZ,89006.0,2019-02-25,252.0,-1.0687%,0.0004,0.6068,-0.2271,0.1724,1.0368%,1.2066%,26.1679%,-0.011998,MDLZ,89006.0,2019-02-26,252.0,0.4660%,0.0004,0.6089,-0.235,0.1699,1.0367%,1.2065%,26.1701%,0.004646,MDLZ,89006.0,2019-02-27,252.0,-0.6325%,0.0004,0.6021,-0.2249,0.1688,1.0332%,1.1986%,25.6901%,-0.006323,MDLZ,89006.0,2019-02-28,252.0,0.0637%,0.0004,0.596,-0.229,0.1638,1.0312%,1.1935%,25.3496%,0.0028699999999999,MDLZ,89006.0,2019-03-01,252.0,0.1484%,0.0004,0.5975,-0.2267,0.167,1.0311%,1.1934%,25.3521%,-0.001578,MDLZ,89006.0,2019-03-04,252.0,-0.5081%,0.0004,0.5992,-0.2288,0.1658,1.0313%,1.1932%,25.2945%,-0.003623,MDLZ,89006.0,2019-03-05,252.0,-0.1277%,0.0003,0.5955,-0.2586,0.1635,1.0254%,1.1878%,25.4773%,-0.00066,MDLZ,-0.0062679999999999,0.00484,-0.0100269999999999,-0.0173789999999999,-0.0266929999999999
20555,MEDTRONIC PLC,Medtronic shares are trading higher after the company reported stronger than expected Q3 results and raised its 2019 EPS guidance.,6,increase,0.85,0.7,"the stronger than expected q3 results and raised eps guidance typically indicate positive financial performance, which is likely to boost investor confidence and increase the stock price.",2,2019-02-19,MDT,2019-02-19 14:06:00+00:00,60097.0,G5960L10,0.000650321773719,6891817.0,0.0050904494710266,0.0113996844738721,-0.0020474400371313,0.0061763008125126,0.0125256022438406,0.004653719253838,-0.0165297593921423,0.0072544813156127,-0.0100845834240317,0.0066284271888434,-0.004381657578051,0.0012373521458357,-0.0042908946052193,0.0004501565999817,0.0175690203905105,0.0094286249950528,0.0021718381904065,0.0025054232683032,0.0046592294238507,-0.0056618731468915,-0.0069024953991174,-0.0009051004890352,-0.0108601218089461,0.0063759256154298,-0.0061484975740313,0.0157280042767524,0.0163500159978866,0.0005786051042377,0.0047826352529227,-0.0068949493579566,0.006274277344346,-0.002407505409792,0.0033326726406812,0.0008031171746551,0.0049287374131381,0.0018391225021332,-0.0202580392360687,-0.0034364608582109,0.0083796307444572,-0.0034246053546667,-0.0101446406915783,0.0070123076438903,0.0095943873748183,0.011158887296915,-0.0185667648911476,0.0151032302528619,0.0025445665232837,-0.0010607772273942,0.0049657574854791,0.0,-0.0088942302390933,0.0064056138508021,-0.003323765238747,0.0152957281097769,0.0124500086531043,0.0070345890708267,-0.0042819431982934,-0.0644502490758895,-0.0031977165490388,0.0313633754849433,-0.0215708464384079,-0.0280937366187572,0.0088186142966151,-0.0334212929010391,-0.0033621320035308,0.0190454497933387,0.0006746604922227,-0.0043502440676093,-0.00303401122801,0.016805749386549,-0.001014472101815,0.0333333387970924,-0.0116213336586952,-0.0316026583313942,-0.0097031788900494,-0.0144605450332164,0.0013833169359713,-0.014902482740581,-0.0082882605493068,-0.0080434549599885,-0.0164828579872846,0.0016331140650436,-0.0060191443189978,-0.0199530813843011,-0.0008311528363265,-0.0186387300491333,0.0112893274053931,-0.0021941184531897,0.0063454867340624,0.0025138563942164,0.0142456935718655,-0.0001047563491738,0.0056412373669445,0.0131579535081982,0.0010303831659257,-0.0207813810557127,0.0156678296625614,-0.0025909421965479,-0.0056299967691302,-0.0228860974311828,0.0093987304717302,0.0125089846551418,0.0049360832199454,0.0096273329108953,0.0063630240038037,0.0128970919176936,-0.0097615625709295,0.0240524597465992,-0.0030244947411119,0.0116228517144918,-0.0096629280596971,0.0005433694459497,0.0021556890569627,-0.010325901210308,-0.0113211814314127,0.0087890354916453,0.0037787910550832,0.0198074672371149,0.0069586238823831,-0.0355388931930065,0.0050904494710266,0.0113996844738721,0.0030325870438414,0.0176463931668631,0.0155961742667631,0.0223822337803425,-0.0112639549246253,0.0366250348573338,0.0042239714484217,0.044842023754132,-0.015587884237315,0.0798127545450659,-0.0387826030638286,-0.0097693501424214,2019-02-20,2019-02-21,2019-02-22,2019-02-25,2019-02-26,2019-02-27,2019-02-28,2019-03-01,2019-03-04,2019-03-05,60097.0,2019-02-19,252.0,0.0650%,0.0004,0.7334,-0.28,-0.2464,0.9853%,1.2984%,42.4124%,0.000714,MDT,60097.0,2019-02-20,252.0,0.5090%,0.0004,0.7344,-0.2802,-0.2436,0.9853%,1.2985%,42.4196%,0.005568,MDT,60097.0,2019-02-21,252.0,-0.2047%,0.0004,0.728,-0.2932,-0.2553,0.9788%,1.2918%,42.5917%,-0.000187,MDT,60097.0,2019-02-22,252.0,1.2526%,0.0005,0.727,-0.2848,-0.2598,0.9787%,1.2919%,42.6066%,0.005554,MDT,60097.0,2019-02-25,252.0,-1.6530%,0.0004,0.7265,-0.2757,-0.257,0.9857%,1.2962%,42.1640%,-0.018928,MDT,60097.0,2019-02-26,252.0,-1.0085%,0.0004,0.737,-0.2692,-0.2458,0.9850%,1.2979%,42.4068%,-0.011635,MDT,60097.0,2019-02-27,252.0,-0.4382%,0.0003,0.7302,-0.2587,-0.247,0.9810%,1.2890%,42.0790%,-0.004929,MDT,60097.0,2019-02-28,252.0,-0.4291%,0.0004,0.7276,-0.2606,-0.2481,0.9804%,1.2859%,41.8688%,-0.0026929999999999,MDT,60097.0,2019-03-01,252.0,1.7569%,0.0004,0.7235,-0.2667,-0.2599,0.9807%,1.2857%,41.8137%,0.012003,MDT,60097.0,2019-03-04,252.0,0.2172%,0.0005,0.7185,-0.255,-0.2576,0.9796%,1.2791%,41.3530%,0.0057909999999999,MDT,60097.0,2019-03-05,252.0,0.4659%,0.0005,0.7186,-0.2513,-0.2589,0.9796%,1.2793%,41.3672%,0.004382,MDT,0.006282,0.006095,0.011649,-0.018914,-0.00436
20563,MEDTRONIC PLC,Medtronic Earlier Reported FDA Breakthrough Designation For Developing Personalized Closed Loop Insulin Pump System For Diabetes Management,6,increase,0.8,0.7,"the fda breakthrough designation for a personalized closed loop insulin pump system is likely to be viewed positively by investors, as it indicates progress in innovative diabetes management solutions, potentially leading to increased sales and market share.",2,2019-02-19,MDT,2019-02-19 13:28:00+00:00,60097.0,G5960L10,0.000650321773719,6891817.0,0.0050904494710266,0.0113996844738721,-0.0020474400371313,0.0061763008125126,0.0125256022438406,0.004653719253838,-0.0165297593921423,0.0072544813156127,-0.0100845834240317,0.0066284271888434,-0.004381657578051,0.0012373521458357,-0.0042908946052193,0.0004501565999817,0.0175690203905105,0.0094286249950528,0.0021718381904065,0.0025054232683032,0.0046592294238507,-0.0056618731468915,-0.0069024953991174,-0.0009051004890352,-0.0108601218089461,0.0063759256154298,-0.0061484975740313,0.0157280042767524,0.0163500159978866,0.0005786051042377,0.0047826352529227,-0.0068949493579566,0.006274277344346,-0.002407505409792,0.0033326726406812,0.0008031171746551,0.0049287374131381,0.0018391225021332,-0.0202580392360687,-0.0034364608582109,0.0083796307444572,-0.0034246053546667,-0.0101446406915783,0.0070123076438903,0.0095943873748183,0.011158887296915,-0.0185667648911476,0.0151032302528619,0.0025445665232837,-0.0010607772273942,0.0049657574854791,0.0,-0.0088942302390933,0.0064056138508021,-0.003323765238747,0.0152957281097769,0.0124500086531043,0.0070345890708267,-0.0042819431982934,-0.0644502490758895,-0.0031977165490388,0.0313633754849433,-0.0215708464384079,-0.0280937366187572,0.0088186142966151,-0.0334212929010391,-0.0033621320035308,0.0190454497933387,0.0006746604922227,-0.0043502440676093,-0.00303401122801,0.016805749386549,-0.001014472101815,0.0333333387970924,-0.0116213336586952,-0.0316026583313942,-0.0097031788900494,-0.0144605450332164,0.0013833169359713,-0.014902482740581,-0.0082882605493068,-0.0080434549599885,-0.0164828579872846,0.0016331140650436,-0.0060191443189978,-0.0199530813843011,-0.0008311528363265,-0.0186387300491333,0.0112893274053931,-0.0021941184531897,0.0063454867340624,0.0025138563942164,0.0142456935718655,-0.0001047563491738,0.0056412373669445,0.0131579535081982,0.0010303831659257,-0.0207813810557127,0.0156678296625614,-0.0025909421965479,-0.0056299967691302,-0.0228860974311828,0.0093987304717302,0.0125089846551418,0.0049360832199454,0.0096273329108953,0.0063630240038037,0.0128970919176936,-0.0097615625709295,0.0240524597465992,-0.0030244947411119,0.0116228517144918,-0.0096629280596971,0.0005433694459497,0.0021556890569627,-0.010325901210308,-0.0113211814314127,0.0087890354916453,0.0037787910550832,0.0198074672371149,0.0069586238823831,-0.0355388931930065,0.0050904494710266,0.0113996844738721,0.0030325870438414,0.0176463931668631,0.0155961742667631,0.0223822337803425,-0.0112639549246253,0.0366250348573338,0.0042239714484217,0.044842023754132,-0.015587884237315,0.0798127545450659,-0.0387826030638286,-0.0097693501424214,2019-02-20,2019-02-21,2019-02-22,2019-02-25,2019-02-26,2019-02-27,2019-02-28,2019-03-01,2019-03-04,2019-03-05,60097.0,2019-02-19,252.0,0.0650%,0.0004,0.7334,-0.28,-0.2464,0.9853%,1.2984%,42.4124%,0.000714,MDT,60097.0,2019-02-20,252.0,0.5090%,0.0004,0.7344,-0.2802,-0.2436,0.9853%,1.2985%,42.4196%,0.005568,MDT,60097.0,2019-02-21,252.0,-0.2047%,0.0004,0.728,-0.2932,-0.2553,0.9788%,1.2918%,42.5917%,-0.000187,MDT,60097.0,2019-02-22,252.0,1.2526%,0.0005,0.727,-0.2848,-0.2598,0.9787%,1.2919%,42.6066%,0.005554,MDT,60097.0,2019-02-25,252.0,-1.6530%,0.0004,0.7265,-0.2757,-0.257,0.9857%,1.2962%,42.1640%,-0.018928,MDT,60097.0,2019-02-26,252.0,-1.0085%,0.0004,0.737,-0.2692,-0.2458,0.9850%,1.2979%,42.4068%,-0.011635,MDT,60097.0,2019-02-27,252.0,-0.4382%,0.0003,0.7302,-0.2587,-0.247,0.9810%,1.2890%,42.0790%,-0.004929,MDT,60097.0,2019-02-28,252.0,-0.4291%,0.0004,0.7276,-0.2606,-0.2481,0.9804%,1.2859%,41.8688%,-0.0026929999999999,MDT,60097.0,2019-03-01,252.0,1.7569%,0.0004,0.7235,-0.2667,-0.2599,0.9807%,1.2857%,41.8137%,0.012003,MDT,60097.0,2019-03-04,252.0,0.2172%,0.0005,0.7185,-0.255,-0.2576,0.9796%,1.2791%,41.3530%,0.0057909999999999,MDT,60097.0,2019-03-05,252.0,0.4659%,0.0005,0.7186,-0.2513,-0.2589,0.9796%,1.2793%,41.3672%,0.004382,MDT,0.006282,0.006095,0.011649,-0.018914,-0.00436
20571,MEDTRONIC PLC,Medtronic Raised FY19 Adj. EPS Guidance From $5.10-$5.15 To $5.14-$5.16 vs $5.12 Est.,6,increase,0.8,0.6,"raising the adjusted eps guidance typically signals positive financial performance expectations, which can lead to an increase in stock price.",2,2019-02-19,MDT,2019-02-19 13:27:00+00:00,60097.0,G5960L10,0.000650321773719,6891817.0,0.0050904494710266,0.0113996844738721,-0.0020474400371313,0.0061763008125126,0.0125256022438406,0.004653719253838,-0.0165297593921423,0.0072544813156127,-0.0100845834240317,0.0066284271888434,-0.004381657578051,0.0012373521458357,-0.0042908946052193,0.0004501565999817,0.0175690203905105,0.0094286249950528,0.0021718381904065,0.0025054232683032,0.0046592294238507,-0.0056618731468915,-0.0069024953991174,-0.0009051004890352,-0.0108601218089461,0.0063759256154298,-0.0061484975740313,0.0157280042767524,0.0163500159978866,0.0005786051042377,0.0047826352529227,-0.0068949493579566,0.006274277344346,-0.002407505409792,0.0033326726406812,0.0008031171746551,0.0049287374131381,0.0018391225021332,-0.0202580392360687,-0.0034364608582109,0.0083796307444572,-0.0034246053546667,-0.0101446406915783,0.0070123076438903,0.0095943873748183,0.011158887296915,-0.0185667648911476,0.0151032302528619,0.0025445665232837,-0.0010607772273942,0.0049657574854791,0.0,-0.0088942302390933,0.0064056138508021,-0.003323765238747,0.0152957281097769,0.0124500086531043,0.0070345890708267,-0.0042819431982934,-0.0644502490758895,-0.0031977165490388,0.0313633754849433,-0.0215708464384079,-0.0280937366187572,0.0088186142966151,-0.0334212929010391,-0.0033621320035308,0.0190454497933387,0.0006746604922227,-0.0043502440676093,-0.00303401122801,0.016805749386549,-0.001014472101815,0.0333333387970924,-0.0116213336586952,-0.0316026583313942,-0.0097031788900494,-0.0144605450332164,0.0013833169359713,-0.014902482740581,-0.0082882605493068,-0.0080434549599885,-0.0164828579872846,0.0016331140650436,-0.0060191443189978,-0.0199530813843011,-0.0008311528363265,-0.0186387300491333,0.0112893274053931,-0.0021941184531897,0.0063454867340624,0.0025138563942164,0.0142456935718655,-0.0001047563491738,0.0056412373669445,0.0131579535081982,0.0010303831659257,-0.0207813810557127,0.0156678296625614,-0.0025909421965479,-0.0056299967691302,-0.0228860974311828,0.0093987304717302,0.0125089846551418,0.0049360832199454,0.0096273329108953,0.0063630240038037,0.0128970919176936,-0.0097615625709295,0.0240524597465992,-0.0030244947411119,0.0116228517144918,-0.0096629280596971,0.0005433694459497,0.0021556890569627,-0.010325901210308,-0.0113211814314127,0.0087890354916453,0.0037787910550832,0.0198074672371149,0.0069586238823831,-0.0355388931930065,0.0050904494710266,0.0113996844738721,0.0030325870438414,0.0176463931668631,0.0155961742667631,0.0223822337803425,-0.0112639549246253,0.0366250348573338,0.0042239714484217,0.044842023754132,-0.015587884237315,0.0798127545450659,-0.0387826030638286,-0.0097693501424214,2019-02-20,2019-02-21,2019-02-22,2019-02-25,2019-02-26,2019-02-27,2019-02-28,2019-03-01,2019-03-04,2019-03-05,60097.0,2019-02-19,252.0,0.0650%,0.0004,0.7334,-0.28,-0.2464,0.9853%,1.2984%,42.4124%,0.000714,MDT,60097.0,2019-02-20,252.0,0.5090%,0.0004,0.7344,-0.2802,-0.2436,0.9853%,1.2985%,42.4196%,0.005568,MDT,60097.0,2019-02-21,252.0,-0.2047%,0.0004,0.728,-0.2932,-0.2553,0.9788%,1.2918%,42.5917%,-0.000187,MDT,60097.0,2019-02-22,252.0,1.2526%,0.0005,0.727,-0.2848,-0.2598,0.9787%,1.2919%,42.6066%,0.005554,MDT,60097.0,2019-02-25,252.0,-1.6530%,0.0004,0.7265,-0.2757,-0.257,0.9857%,1.2962%,42.1640%,-0.018928,MDT,60097.0,2019-02-26,252.0,-1.0085%,0.0004,0.737,-0.2692,-0.2458,0.9850%,1.2979%,42.4068%,-0.011635,MDT,60097.0,2019-02-27,252.0,-0.4382%,0.0003,0.7302,-0.2587,-0.247,0.9810%,1.2890%,42.0790%,-0.004929,MDT,60097.0,2019-02-28,252.0,-0.4291%,0.0004,0.7276,-0.2606,-0.2481,0.9804%,1.2859%,41.8688%,-0.0026929999999999,MDT,60097.0,2019-03-01,252.0,1.7569%,0.0004,0.7235,-0.2667,-0.2599,0.9807%,1.2857%,41.8137%,0.012003,MDT,60097.0,2019-03-04,252.0,0.2172%,0.0005,0.7185,-0.255,-0.2576,0.9796%,1.2791%,41.3530%,0.0057909999999999,MDT,60097.0,2019-03-05,252.0,0.4659%,0.0005,0.7186,-0.2513,-0.2589,0.9796%,1.2793%,41.3672%,0.004382,MDT,0.006282,0.006095,0.011649,-0.018914,-0.00436
20579,MEDTRONIC PLC,"Medtronic Earlier Reported Q3 EPS $1.29 Beat $1.24 Estimate, Sales $7.546B Beat $7.54B Estimate",6,increase,0.8,0.6,"the reported earnings per share and sales both exceeded estimates, which typically signals positive performance and can lead to an increase in stock price.",2,2019-02-19,MDT,2019-02-19 13:26:00+00:00,60097.0,G5960L10,0.000650321773719,6891817.0,0.0050904494710266,0.0113996844738721,-0.0020474400371313,0.0061763008125126,0.0125256022438406,0.004653719253838,-0.0165297593921423,0.0072544813156127,-0.0100845834240317,0.0066284271888434,-0.004381657578051,0.0012373521458357,-0.0042908946052193,0.0004501565999817,0.0175690203905105,0.0094286249950528,0.0021718381904065,0.0025054232683032,0.0046592294238507,-0.0056618731468915,-0.0069024953991174,-0.0009051004890352,-0.0108601218089461,0.0063759256154298,-0.0061484975740313,0.0157280042767524,0.0163500159978866,0.0005786051042377,0.0047826352529227,-0.0068949493579566,0.006274277344346,-0.002407505409792,0.0033326726406812,0.0008031171746551,0.0049287374131381,0.0018391225021332,-0.0202580392360687,-0.0034364608582109,0.0083796307444572,-0.0034246053546667,-0.0101446406915783,0.0070123076438903,0.0095943873748183,0.011158887296915,-0.0185667648911476,0.0151032302528619,0.0025445665232837,-0.0010607772273942,0.0049657574854791,0.0,-0.0088942302390933,0.0064056138508021,-0.003323765238747,0.0152957281097769,0.0124500086531043,0.0070345890708267,-0.0042819431982934,-0.0644502490758895,-0.0031977165490388,0.0313633754849433,-0.0215708464384079,-0.0280937366187572,0.0088186142966151,-0.0334212929010391,-0.0033621320035308,0.0190454497933387,0.0006746604922227,-0.0043502440676093,-0.00303401122801,0.016805749386549,-0.001014472101815,0.0333333387970924,-0.0116213336586952,-0.0316026583313942,-0.0097031788900494,-0.0144605450332164,0.0013833169359713,-0.014902482740581,-0.0082882605493068,-0.0080434549599885,-0.0164828579872846,0.0016331140650436,-0.0060191443189978,-0.0199530813843011,-0.0008311528363265,-0.0186387300491333,0.0112893274053931,-0.0021941184531897,0.0063454867340624,0.0025138563942164,0.0142456935718655,-0.0001047563491738,0.0056412373669445,0.0131579535081982,0.0010303831659257,-0.0207813810557127,0.0156678296625614,-0.0025909421965479,-0.0056299967691302,-0.0228860974311828,0.0093987304717302,0.0125089846551418,0.0049360832199454,0.0096273329108953,0.0063630240038037,0.0128970919176936,-0.0097615625709295,0.0240524597465992,-0.0030244947411119,0.0116228517144918,-0.0096629280596971,0.0005433694459497,0.0021556890569627,-0.010325901210308,-0.0113211814314127,0.0087890354916453,0.0037787910550832,0.0198074672371149,0.0069586238823831,-0.0355388931930065,0.0050904494710266,0.0113996844738721,0.0030325870438414,0.0176463931668631,0.0155961742667631,0.0223822337803425,-0.0112639549246253,0.0366250348573338,0.0042239714484217,0.044842023754132,-0.015587884237315,0.0798127545450659,-0.0387826030638286,-0.0097693501424214,2019-02-20,2019-02-21,2019-02-22,2019-02-25,2019-02-26,2019-02-27,2019-02-28,2019-03-01,2019-03-04,2019-03-05,60097.0,2019-02-19,252.0,0.0650%,0.0004,0.7334,-0.28,-0.2464,0.9853%,1.2984%,42.4124%,0.000714,MDT,60097.0,2019-02-20,252.0,0.5090%,0.0004,0.7344,-0.2802,-0.2436,0.9853%,1.2985%,42.4196%,0.005568,MDT,60097.0,2019-02-21,252.0,-0.2047%,0.0004,0.728,-0.2932,-0.2553,0.9788%,1.2918%,42.5917%,-0.000187,MDT,60097.0,2019-02-22,252.0,1.2526%,0.0005,0.727,-0.2848,-0.2598,0.9787%,1.2919%,42.6066%,0.005554,MDT,60097.0,2019-02-25,252.0,-1.6530%,0.0004,0.7265,-0.2757,-0.257,0.9857%,1.2962%,42.1640%,-0.018928,MDT,60097.0,2019-02-26,252.0,-1.0085%,0.0004,0.737,-0.2692,-0.2458,0.9850%,1.2979%,42.4068%,-0.011635,MDT,60097.0,2019-02-27,252.0,-0.4382%,0.0003,0.7302,-0.2587,-0.247,0.9810%,1.2890%,42.0790%,-0.004929,MDT,60097.0,2019-02-28,252.0,-0.4291%,0.0004,0.7276,-0.2606,-0.2481,0.9804%,1.2859%,41.8688%,-0.0026929999999999,MDT,60097.0,2019-03-01,252.0,1.7569%,0.0004,0.7235,-0.2667,-0.2599,0.9807%,1.2857%,41.8137%,0.012003,MDT,60097.0,2019-03-04,252.0,0.2172%,0.0005,0.7185,-0.255,-0.2576,0.9796%,1.2791%,41.3530%,0.0057909999999999,MDT,60097.0,2019-03-05,252.0,0.4659%,0.0005,0.7186,-0.2513,-0.2589,0.9796%,1.2793%,41.3672%,0.004382,MDT,0.006282,0.006095,0.011649,-0.018914,-0.00436
20587,MIDDLEBY CORP,The Middleby Corporation Names Timothy Fitzgerald CEO,6,uncertain,0.6,0.3,the appointment of a new ceo can lead to uncertainty in stock performance as investors may have mixed reactions based on the new leader's vision and strategy.,1,2019-02-19,MIDD,2019-02-19 12:32:00+00:00,75470.0,59627810,-0.0694543197751045,2132684.0,0.010042555630207,0.0178139545023441,0.0112908352166414,-0.0046534165740013,-0.0065821805037558,0.0087407082319259,-0.0043613542802631,0.0276114419102668,0.004970128647983,-0.0003325649886392,0.0496227815747261,-0.0104484101757407,-0.0210030730813741,-0.014672483317554,0.0044049345888197,-0.0067632556892931,-0.0007309050415642,0.0179493054747581,0.0081274379044771,0.0132038202136755,0.0007255428936332,0.0238054357469081,-0.0030612845439463,-0.0049910866655409,-0.0012929588556289,0.0112926661968231,0.0322032794356346,0.0069779250770807,0.0008622764726169,-0.007863231934607,0.0016447296366095,0.012373455800116,-0.0035186249297112,-0.0016413478879258,0.0095731420442461,-0.0075445580296218,0.017254788428545,-0.0038431715220212,-0.0092451609671115,0.0182624440640211,-0.0158093273639679,0.026238240301609,0.0033693802542984,0.006919520907104,-0.0156188989058136,0.0022516436874866,0.000634622760117,0.0093636251986026,0.0103861512616276,-0.005155102815479,0.000863156048581,0.0085743181407451,0.0032143944408744,0.0240052286535501,0.0161769278347492,0.023909717798233,0.0193801764398813,0.0051913182251155,0.0138061242178082,0.0329692140221595,0.01220419164747,-0.0123578086495399,0.0105866957455873,-0.0074954177252948,0.0043648392893373,0.0128167513757944,-0.0086194584146142,0.0109638040885329,-0.0225761421024799,-0.0105522647500038,0.002915229415521,0.0336391739547252,0.004770063329488,-0.0387065596878528,0.0003709150187205,-0.0153415314853191,0.0052647688426077,-0.0339298993349075,0.0009588376269675,-0.0083194812759757,-0.0053794821724295,0.0041770809330046,0.0005185749614611,-0.0148147707805037,-0.0234745144844055,-0.0086129149422049,0.0117540238425135,0.0106285838410258,0.01311647426337,-0.0022854008711874,-0.0239698570221662,0.0027500509750097,0.0148564148694276,-0.0025601754896342,-0.0009709827718324,-0.0235693175345659,-0.0121859274804592,0.0010725064203143,-0.0020434742327779,-0.0620337128639221,0.0050053363665938,-0.0124182468280196,0.038182895630598,0.0230371914803981,0.0024712628219276,-0.008315117098391,-0.0079031055793166,0.0177807677537202,0.0020463259425014,-0.0080556003376841,-0.0136386482045054,0.0117536270990967,0.0027358408551663,-0.0016274298541247,-0.0081852413713932,0.0286343619227409,0.0167286247014999,-0.02112977206707,0.0108958352357149,-0.0176226533949375,0.010042555630207,0.0178139545023441,0.0214467796876232,0.0130776421772131,0.014723432608739,0.0219326582637717,0.0153191745806167,0.0498004494730728,0.0556595805691646,0.0485799594834412,0.1436596120387399,0.2539225507214631,0.1765106788796124,0.069812744073701,2019-02-20,2019-02-21,2019-02-22,2019-02-25,2019-02-26,2019-02-27,2019-02-28,2019-03-01,2019-03-04,2019-03-05,75470.0,2019-02-19,252.0,-6.9454%,-0.0005,0.7494,0.4716,0.0885,1.8950%,2.0646%,15.7500%,-0.072939,MIDD,75470.0,2019-02-20,252.0,1.0043%,-0.0005,0.7502,0.4679,0.09,1.8939%,2.0635%,15.7636%,0.006995,MIDD,75470.0,2019-02-21,252.0,1.1291%,-0.0004,0.7459,0.4623,0.0819,1.8961%,2.0639%,15.5986%,0.014501,MIDD,75470.0,2019-02-22,252.0,-0.6582%,-0.0004,0.7473,0.468,0.1048,1.8973%,2.0640%,15.5005%,-0.0128689999999999,MIDD,75470.0,2019-02-25,252.0,-0.4361%,-0.0005,0.7474,0.4699,0.1062,1.8974%,2.0642%,15.5016%,-0.004177,MIDD,75470.0,2019-02-26,252.0,0.4970%,-0.0004,0.7446,0.4589,0.0985,1.8984%,2.0633%,15.3435%,0.009424,MIDD,75470.0,2019-02-27,252.0,4.9623%,-0.0001,0.7591,0.4475,0.1011,1.9133%,2.0814%,15.4966%,0.0480989999999999,MIDD,75470.0,2019-02-28,252.0,-2.1003%,-0.0001,0.7549,0.444,0.1023,1.9146%,2.0796%,15.2362%,-0.018587,MIDD,75470.0,2019-03-01,252.0,0.4405%,0.0,0.725,0.3995,0.057,1.8899%,2.0461%,14.6889%,-0.001998,MIDD,75470.0,2019-03-04,252.0,-0.0731%,0.0001,0.7179,0.4193,0.0597,1.8879%,2.0426%,14.5746%,0.004325,MIDD,75470.0,2019-03-05,252.0,0.8127%,0.0001,0.7149,0.4024,0.0536,1.8887%,2.0410%,14.3604%,0.010701,MIDD,-0.065944,-0.051443,-0.064312,-0.059065,-0.016525
20595,MERCURY SYSTEMS INC,Mercury Systems Wins $3.3M In Custom Microelectronics Orders For Weapons Application,6,increase,0.8,0.6,"the announcement of a $3.3 million order for custom microelectronics indicates strong demand for mercury systems' products, which is likely to positively impact investor sentiment and stock price.",2,2019-02-19,MRCY,2019-02-19 21:17:00+00:00,85738.0,58937810,0.0059069991111755,216837.0,0.017926188185811,0.0276358369737863,-0.0189767722040414,0.0096773942932486,0.0017022687243297,-0.013681205920875,0.0089602069929242,0.0054382621310651,-0.0258765686303377,-0.0044585792347788,0.0061301980167627,-0.0042809648439288,-0.0076550799421966,0.0084745567291975,0.0187342353165149,0.0252459160983562,-0.0477515086531639,0.0024651032872498,0.0051931142807006,0.0471519157290458,-0.0169518776237964,-0.0088691869750618,-0.0200361516326665,0.0063508884049952,-0.0020110430195927,0.1509284824132919,-0.013937834650278,0.0324291288852691,0.0119209289550781,0.0109278103336691,0.0074049555696547,0.0058066938072443,-0.0008352695731446,0.0081538651138544,0.0401270315051078,-0.0033340246882289,0.0065905777737498,-0.020012242719531,-0.0099009731784462,0.0130327073857188,0.0082257790490984,0.0054076188243925,0.0332746468484401,0.0162756387144327,-0.0294162854552269,0.0046719308011233,-0.0023926896974444,-0.0212014224380254,-0.0041573732160031,0.0033368058502674,0.0088311349973082,0.0137421041727066,0.0144835244864225,-0.0040008933283388,0.0053341723978519,0.0396234989166259,0.0042134304530918,0.0061673736199736,-0.0063714040443301,0.0531199462711811,0.0068814298138022,-0.0560542531311512,-0.0091642802581191,-0.0342567712068557,0.032450221478939,0.0218237284570932,-0.0004554931656457,0.0074009611271321,-0.0129120228812098,0.0450409352779388,0.0172359962016344,0.0564767718315124,-0.011648965999484,-0.0443270616233348,0.0122454520314931,-0.0266040377318859,-0.0066534830257296,-0.0364066921174526,0.0138528849929571,-0.0403142608702182,0.001501478604041,0.005613315384835,0.0082459235563874,-0.0057875690981745,0.0463940910995006,-0.0006196814356371,0.021884337067604,-0.0341180972754955,0.0158531405031681,0.0253682043403387,-0.0075291311368346,-0.0046833544038236,-0.0030344997067004,0.0186683572828769,0.0011068321764469,-0.0022765027824789,0.0091210063546895,-0.0144809121266007,0.0156122576445341,-0.0514606274664402,-0.0308791901916265,-0.0023162080906331,0.0237929467111825,0.0178781896829605,0.0267735961824655,-0.0072166752070188,-0.0268697068095207,0.0506147816777229,0.0019043392967432,-0.011945741251111,0.0230789687484502,0.0373870767652988,-0.0106157520785927,0.0029492182657122,-0.0333958938717842,0.0147499460726976,0.0104065490886569,-0.0099471155554056,0.0149684697389602,-0.0496782213449478,0.017926188185811,0.0276358369737863,-0.0013907652079193,0.0375806741580542,0.000309136060294,0.0233853192953774,-0.01684438612181,0.0243630984443636,-0.0428063744204727,0.1070383943655515,-0.011899248703585,0.4922292111753485,0.1421728430129034,0.2938455520323895,2019-02-20,2019-02-21,2019-02-22,2019-02-25,2019-02-26,2019-02-27,2019-02-28,2019-03-01,2019-03-04,2019-03-05,85738.0,2019-02-19,252.0,0.5907%,0.0013,1.1288,0.6936,-0.4342,2.5158%,2.8849%,23.9518%,0.002978,MRCY,85738.0,2019-02-20,252.0,1.7926%,0.0014,1.1325,0.6995,-0.4216,2.5174%,2.8864%,23.9313%,0.016544,MRCY,85738.0,2019-02-21,252.0,-1.8977%,0.0013,1.1346,0.7001,-0.4176,2.5194%,2.8881%,23.8977%,-0.015366,MRCY,85738.0,2019-02-22,252.0,0.1702%,0.0012,1.1378,0.6786,-0.3995,2.5203%,2.8870%,23.7897%,-0.015762,MRCY,85738.0,2019-02-25,252.0,0.8960%,0.0012,1.1383,0.6756,-0.399,2.5205%,2.8871%,23.7812%,0.008199,MRCY,85738.0,2019-02-26,252.0,-2.5877%,0.0012,1.1482,0.6971,-0.3807,2.5238%,2.8920%,23.8454%,-0.0211479999999999,MRCY,85738.0,2019-02-27,252.0,0.6130%,0.0011,1.1413,0.7101,-0.3819,2.5218%,2.8879%,23.7440%,0.003215,MRCY,85738.0,2019-02-28,252.0,-0.7655%,0.0011,1.1374,0.7072,-0.3832,2.5214%,2.8839%,23.5577%,-0.005314,MRCY,85738.0,2019-03-01,252.0,1.8734%,0.0012,1.1361,0.7053,-0.3878,2.5216%,2.8834%,23.5240%,0.006871,MRCY,85738.0,2019-03-04,252.0,-4.7752%,0.001,1.143,0.7172,-0.3976,2.5331%,2.9002%,23.7126%,-0.0375999999999999,MRCY,85738.0,2019-03-05,252.0,0.5193%,0.001,1.1394,0.6937,-0.4028,2.5326%,2.8947%,23.4525%,0.008315,MRCY,0.019522,0.004156,-0.011606,-0.0245549999999999,-0.0490679999999999
20603,MERCK & CO INC NEW,Merck Reports Phase 3 KEYNOTE-240 Trial Evaluating KEYTRUDA Did Not Meet Co-Primary Endpoints,6,decrease,0.85,0.7,the failure to meet co-primary endpoints in a phase 3 trial for a key drug like keytruda is likely to negatively impact investor sentiment and the stock price of merck & co inc.,0,2019-02-19,MRK,2019-02-19 21:43:00+00:00,22752.0,58933Y10,-0.0071419584564864,9211439.0,0.002397809876129,0.0110209668055176,0.0050359000451862,-0.0010123285464942,0.0117749562487006,0.0063678044825792,-0.004828518256545,0.0235953275114297,0.0044787339866161,-0.0104488851502537,-0.0014861917588859,0.0091121708974242,0.0083105694502592,-0.0073652886785566,0.0044285962358117,0.0031107952818274,-0.0034292563796043,0.0036424973513931,0.0040554772131145,0.0054938630200922,-0.0115054445341229,0.0271395482122898,-0.003838598029688,0.0144472876563668,-0.0080794766545295,0.0019117763731628,0.0134085165336728,0.0042513054795563,0.0044515961781144,-0.0004112238530069,0.0045549068599939,-0.0030067134648561,0.0053921495564281,-0.0300901941955089,0.0009817380923777,-0.0051430752500891,-0.0026970850303769,-0.0005272296839393,0.0068838992156088,0.0035714851692318,0.0020754262804985,0.0132689699530601,0.0105993552133441,0.0014765182277187,-0.0079565532505512,0.0154013521969318,0.000729099032469,-0.020427219569683,0.0069216722622513,0.0056390729732811,-0.0075976513326168,-0.0123325856402516,0.0041316845454275,-0.0076325070112943,0.0065351678058505,0.0074240695685148,0.0015631223795935,-0.0110134575515985,-0.0010804797057062,0.0301187969744205,-0.0003605189267545,-0.0205052979290485,-0.0159894432872533,-0.0107316747307777,-0.00855219271034,0.0137986056506633,-0.0024646280799061,-0.0001325883204117,-0.0018529203953221,0.0186486113816499,0.0002474831999279,0.0400561951100826,-0.0121257528662681,-0.0240054856985807,-0.0051352209411561,-0.0080282539129257,-0.0113307507708668,-0.0037955644074827,-0.0123519832268357,-0.0075340396724641,-0.0469314008951187,-0.0119633320719003,-0.0098754838109016,-0.0163441412150859,0.0036889824550598,-0.0250601023435592,0.0155186410993337,0.012818869203329,0.0017426927806809,0.0116716576740145,0.0215441305190324,-0.0040041017346084,0.0037988070398569,0.0091240480542182,0.0019574780017137,-0.0210539940744638,0.0251367595046758,0.0020458209328353,0.0001270758075406,-0.012749332934618,0.0101625435054302,-0.0015124165220186,0.0060362596996128,0.0183544158935546,-0.0064999582245945,0.008804871700704,-0.0198792368173599,0.0116584626957774,0.0035943360999226,0.0119299292564392,0.0019186687422916,0.0103120971471071,-0.0017873023170977,-0.0016045293305069,-0.0130452010780572,0.0001337541616521,0.003239600919187,-0.0205631926655769,0.0016792158130556,0.0038127915468066,0.002397809876129,0.0110209668055176,0.0074457850521789,0.0099974814197163,0.0193084150941063,0.0164289479092945,0.0189298338384755,0.0295407771471838,0.0310449150273264,0.0439503049470844,0.0571884149256178,0.077930800513291,-0.0147222011318587,0.0568491623027589,2019-02-20,2019-02-21,2019-02-22,2019-02-25,2019-02-26,2019-02-27,2019-02-28,2019-03-01,2019-03-04,2019-03-05,22752.0,2019-02-19,252.0,-0.7142%,0.0015,0.6768,-0.4862,-0.0049,0.9415%,1.2024%,38.6896%,-0.007118,MRK,22752.0,2019-02-20,252.0,0.2398%,0.0015,0.6765,-0.4893,-0.0067,0.9409%,1.2022%,38.7451%,0.002109,MRK,22752.0,2019-02-21,252.0,0.5036%,0.0016,0.6671,-0.5072,-0.024,0.9308%,1.1921%,39.0379%,0.007081,MRK,22752.0,2019-02-22,252.0,1.1775%,0.0016,0.6658,-0.502,-0.035,0.9320%,1.1923%,38.8899%,0.009776,MRK,22752.0,2019-02-25,252.0,-0.4829%,0.0016,0.6657,-0.4977,-0.0332,0.9337%,1.1930%,38.7447%,-0.007295,MRK,22752.0,2019-02-26,252.0,0.4479%,0.0016,0.6706,-0.5032,-0.0323,0.9322%,1.1928%,38.9294%,0.002149,MRK,22752.0,2019-02-27,252.0,-0.1486%,0.0016,0.6661,-0.4961,-0.033,0.9302%,1.1863%,38.5127%,-0.001272,MRK,22752.0,2019-02-28,252.0,0.8311%,0.0017,0.6545,-0.5037,-0.0435,0.9247%,1.1760%,38.1752%,0.0102919999999999,MRK,22752.0,2019-03-01,252.0,0.4429%,0.0017,0.6508,-0.5093,-0.0489,0.9239%,1.1741%,38.0737%,0.000913,MRK,22752.0,2019-03-04,252.0,-0.3429%,0.0017,0.652,-0.5098,-0.05,0.9242%,1.1724%,37.8588%,-0.001982,MRK,22752.0,2019-03-05,252.0,0.4055%,0.0016,0.649,-0.5317,-0.0527,0.9212%,1.1706%,38.0711%,0.0033729999999999,MRK,-0.0050089999999999,0.002072,0.011848,0.006702,0.018026
20611,MERCK & CO INC NEW,Merck Says US Patent & Trademark Office Issued Formal Notice Allowing Co.'s Patent Application Directed To Its Proxy-CRISPR Technology,6,increase,0.8,0.7,"the issuance of a formal notice allowing merck's patent application for its proxy-crispr technology is likely to enhance its competitive position and potential revenue streams, which could positively impact its stock price.",2,2019-02-19,MRK,2019-02-19 13:10:00+00:00,22752.0,58933Y10,-0.0071419584564864,9211439.0,0.002397809876129,0.0110209668055176,0.0050359000451862,-0.0010123285464942,0.0117749562487006,0.0063678044825792,-0.004828518256545,0.0235953275114297,0.0044787339866161,-0.0104488851502537,-0.0014861917588859,0.0091121708974242,0.0083105694502592,-0.0073652886785566,0.0044285962358117,0.0031107952818274,-0.0034292563796043,0.0036424973513931,0.0040554772131145,0.0054938630200922,-0.0115054445341229,0.0271395482122898,-0.003838598029688,0.0144472876563668,-0.0080794766545295,0.0019117763731628,0.0134085165336728,0.0042513054795563,0.0044515961781144,-0.0004112238530069,0.0045549068599939,-0.0030067134648561,0.0053921495564281,-0.0300901941955089,0.0009817380923777,-0.0051430752500891,-0.0026970850303769,-0.0005272296839393,0.0068838992156088,0.0035714851692318,0.0020754262804985,0.0132689699530601,0.0105993552133441,0.0014765182277187,-0.0079565532505512,0.0154013521969318,0.000729099032469,-0.020427219569683,0.0069216722622513,0.0056390729732811,-0.0075976513326168,-0.0123325856402516,0.0041316845454275,-0.0076325070112943,0.0065351678058505,0.0074240695685148,0.0015631223795935,-0.0110134575515985,-0.0010804797057062,0.0301187969744205,-0.0003605189267545,-0.0205052979290485,-0.0159894432872533,-0.0107316747307777,-0.00855219271034,0.0137986056506633,-0.0024646280799061,-0.0001325883204117,-0.0018529203953221,0.0186486113816499,0.0002474831999279,0.0400561951100826,-0.0121257528662681,-0.0240054856985807,-0.0051352209411561,-0.0080282539129257,-0.0113307507708668,-0.0037955644074827,-0.0123519832268357,-0.0075340396724641,-0.0469314008951187,-0.0119633320719003,-0.0098754838109016,-0.0163441412150859,0.0036889824550598,-0.0250601023435592,0.0155186410993337,0.012818869203329,0.0017426927806809,0.0116716576740145,0.0215441305190324,-0.0040041017346084,0.0037988070398569,0.0091240480542182,0.0019574780017137,-0.0210539940744638,0.0251367595046758,0.0020458209328353,0.0001270758075406,-0.012749332934618,0.0101625435054302,-0.0015124165220186,0.0060362596996128,0.0183544158935546,-0.0064999582245945,0.008804871700704,-0.0198792368173599,0.0116584626957774,0.0035943360999226,0.0119299292564392,0.0019186687422916,0.0103120971471071,-0.0017873023170977,-0.0016045293305069,-0.0130452010780572,0.0001337541616521,0.003239600919187,-0.0205631926655769,0.0016792158130556,0.0038127915468066,0.002397809876129,0.0110209668055176,0.0074457850521789,0.0099974814197163,0.0193084150941063,0.0164289479092945,0.0189298338384755,0.0295407771471838,0.0310449150273264,0.0439503049470844,0.0571884149256178,0.077930800513291,-0.0147222011318587,0.0568491623027589,2019-02-20,2019-02-21,2019-02-22,2019-02-25,2019-02-26,2019-02-27,2019-02-28,2019-03-01,2019-03-04,2019-03-05,22752.0,2019-02-19,252.0,-0.7142%,0.0015,0.6768,-0.4862,-0.0049,0.9415%,1.2024%,38.6896%,-0.007118,MRK,22752.0,2019-02-20,252.0,0.2398%,0.0015,0.6765,-0.4893,-0.0067,0.9409%,1.2022%,38.7451%,0.002109,MRK,22752.0,2019-02-21,252.0,0.5036%,0.0016,0.6671,-0.5072,-0.024,0.9308%,1.1921%,39.0379%,0.007081,MRK,22752.0,2019-02-22,252.0,1.1775%,0.0016,0.6658,-0.502,-0.035,0.9320%,1.1923%,38.8899%,0.009776,MRK,22752.0,2019-02-25,252.0,-0.4829%,0.0016,0.6657,-0.4977,-0.0332,0.9337%,1.1930%,38.7447%,-0.007295,MRK,22752.0,2019-02-26,252.0,0.4479%,0.0016,0.6706,-0.5032,-0.0323,0.9322%,1.1928%,38.9294%,0.002149,MRK,22752.0,2019-02-27,252.0,-0.1486%,0.0016,0.6661,-0.4961,-0.033,0.9302%,1.1863%,38.5127%,-0.001272,MRK,22752.0,2019-02-28,252.0,0.8311%,0.0017,0.6545,-0.5037,-0.0435,0.9247%,1.1760%,38.1752%,0.0102919999999999,MRK,22752.0,2019-03-01,252.0,0.4429%,0.0017,0.6508,-0.5093,-0.0489,0.9239%,1.1741%,38.0737%,0.000913,MRK,22752.0,2019-03-04,252.0,-0.3429%,0.0017,0.652,-0.5098,-0.05,0.9242%,1.1724%,37.8588%,-0.001982,MRK,22752.0,2019-03-05,252.0,0.4055%,0.0016,0.649,-0.5317,-0.0527,0.9212%,1.1706%,38.0711%,0.0033729999999999,MRK,-0.0050089999999999,0.002072,0.011848,0.006702,0.018026
20619,MERCK & CO INC NEW,FDA Approves Merck's KEYTRUDA For Adjuvant Treatment Of Patients With Melanoma With Involvement Of Lymph Nodes Following Complete Resection,6,increase,0.8,0.7,the fda approval of keytruda for adjuvant treatment in melanoma patients is likely to boost merck's stock price due to the potential for increased sales and market share in a critical therapeutic area.,2,2019-02-19,MRK,2019-02-19 11:46:00+00:00,22752.0,58933Y10,-0.0071419584564864,9211439.0,0.002397809876129,0.0110209668055176,0.0050359000451862,-0.0010123285464942,0.0117749562487006,0.0063678044825792,-0.004828518256545,0.0235953275114297,0.0044787339866161,-0.0104488851502537,-0.0014861917588859,0.0091121708974242,0.0083105694502592,-0.0073652886785566,0.0044285962358117,0.0031107952818274,-0.0034292563796043,0.0036424973513931,0.0040554772131145,0.0054938630200922,-0.0115054445341229,0.0271395482122898,-0.003838598029688,0.0144472876563668,-0.0080794766545295,0.0019117763731628,0.0134085165336728,0.0042513054795563,0.0044515961781144,-0.0004112238530069,0.0045549068599939,-0.0030067134648561,0.0053921495564281,-0.0300901941955089,0.0009817380923777,-0.0051430752500891,-0.0026970850303769,-0.0005272296839393,0.0068838992156088,0.0035714851692318,0.0020754262804985,0.0132689699530601,0.0105993552133441,0.0014765182277187,-0.0079565532505512,0.0154013521969318,0.000729099032469,-0.020427219569683,0.0069216722622513,0.0056390729732811,-0.0075976513326168,-0.0123325856402516,0.0041316845454275,-0.0076325070112943,0.0065351678058505,0.0074240695685148,0.0015631223795935,-0.0110134575515985,-0.0010804797057062,0.0301187969744205,-0.0003605189267545,-0.0205052979290485,-0.0159894432872533,-0.0107316747307777,-0.00855219271034,0.0137986056506633,-0.0024646280799061,-0.0001325883204117,-0.0018529203953221,0.0186486113816499,0.0002474831999279,0.0400561951100826,-0.0121257528662681,-0.0240054856985807,-0.0051352209411561,-0.0080282539129257,-0.0113307507708668,-0.0037955644074827,-0.0123519832268357,-0.0075340396724641,-0.0469314008951187,-0.0119633320719003,-0.0098754838109016,-0.0163441412150859,0.0036889824550598,-0.0250601023435592,0.0155186410993337,0.012818869203329,0.0017426927806809,0.0116716576740145,0.0215441305190324,-0.0040041017346084,0.0037988070398569,0.0091240480542182,0.0019574780017137,-0.0210539940744638,0.0251367595046758,0.0020458209328353,0.0001270758075406,-0.012749332934618,0.0101625435054302,-0.0015124165220186,0.0060362596996128,0.0183544158935546,-0.0064999582245945,0.008804871700704,-0.0198792368173599,0.0116584626957774,0.0035943360999226,0.0119299292564392,0.0019186687422916,0.0103120971471071,-0.0017873023170977,-0.0016045293305069,-0.0130452010780572,0.0001337541616521,0.003239600919187,-0.0205631926655769,0.0016792158130556,0.0038127915468066,0.002397809876129,0.0110209668055176,0.0074457850521789,0.0099974814197163,0.0193084150941063,0.0164289479092945,0.0189298338384755,0.0295407771471838,0.0310449150273264,0.0439503049470844,0.0571884149256178,0.077930800513291,-0.0147222011318587,0.0568491623027589,2019-02-20,2019-02-21,2019-02-22,2019-02-25,2019-02-26,2019-02-27,2019-02-28,2019-03-01,2019-03-04,2019-03-05,22752.0,2019-02-19,252.0,-0.7142%,0.0015,0.6768,-0.4862,-0.0049,0.9415%,1.2024%,38.6896%,-0.007118,MRK,22752.0,2019-02-20,252.0,0.2398%,0.0015,0.6765,-0.4893,-0.0067,0.9409%,1.2022%,38.7451%,0.002109,MRK,22752.0,2019-02-21,252.0,0.5036%,0.0016,0.6671,-0.5072,-0.024,0.9308%,1.1921%,39.0379%,0.007081,MRK,22752.0,2019-02-22,252.0,1.1775%,0.0016,0.6658,-0.502,-0.035,0.9320%,1.1923%,38.8899%,0.009776,MRK,22752.0,2019-02-25,252.0,-0.4829%,0.0016,0.6657,-0.4977,-0.0332,0.9337%,1.1930%,38.7447%,-0.007295,MRK,22752.0,2019-02-26,252.0,0.4479%,0.0016,0.6706,-0.5032,-0.0323,0.9322%,1.1928%,38.9294%,0.002149,MRK,22752.0,2019-02-27,252.0,-0.1486%,0.0016,0.6661,-0.4961,-0.033,0.9302%,1.1863%,38.5127%,-0.001272,MRK,22752.0,2019-02-28,252.0,0.8311%,0.0017,0.6545,-0.5037,-0.0435,0.9247%,1.1760%,38.1752%,0.0102919999999999,MRK,22752.0,2019-03-01,252.0,0.4429%,0.0017,0.6508,-0.5093,-0.0489,0.9239%,1.1741%,38.0737%,0.000913,MRK,22752.0,2019-03-04,252.0,-0.3429%,0.0017,0.652,-0.5098,-0.05,0.9242%,1.1724%,37.8588%,-0.001982,MRK,22752.0,2019-03-05,252.0,0.4055%,0.0016,0.649,-0.5317,-0.0527,0.9212%,1.1706%,38.0711%,0.0033729999999999,MRK,-0.0050089999999999,0.002072,0.011848,0.006702,0.018026
20627,MARVELL TECHNOLOGY INC,"Macquarie Upgrades Marvell Technology Group to Outperform, Announces $24 Target",6,increase,0.8,0.6,"upgrades from analysts, especially with a target price announcement, typically signal positive sentiment and can lead to an increase in stock price.",2,2019-02-19,MRVL,2019-02-19 14:17:00+00:00,88360.0,57387410,0.0254912134259939,12005855.0,0.0253754425793886,-0.0187598019838333,-0.0095958905294537,-0.0051840525120496,0.0020397249609231,-0.005670036189258,0.0025445874780416,0.0183727238327264,0.0091369738802313,0.0358890630304813,-0.0085513116791844,0.0032732933759689,0.0121766459196806,-0.0372899658977985,0.0040100212208926,0.0203644726425409,0.0054916972294449,0.0048465351574122,-0.0044687264598906,0.0086909206584095,-0.0224438346922397,-0.0064760297536849,-0.0219387914985418,0.0087098442018032,-0.0255607608705759,0.0132378209382295,0.0374731719493866,-0.0125273112207651,0.02115592174232,-0.0113085126504302,-0.0050530759617686,0.0611428394913673,-0.0142204510048031,0.0491606518626213,0.0376094579696655,0.0012005076278001,-0.0094338944181799,-0.0130331348627805,0.0140350256115198,0.0217916890978813,-0.010874904692173,-0.0072114747017621,0.0389805436134338,-0.0118765300139784,-0.0519481375813484,-0.0117371333763003,0.0010147365974262,-0.0167339295148849,-0.002027319278568,0.0128579372540116,0.0066022933460772,0.0011703018099069,-0.0201816149055957,0.0239664241671562,0.0242018178105354,0.0048163710162043,0.0180995780974626,0.0227833036333322,-0.0004938121419399,0.02980338037014,0.0222992487251758,-0.0442423969507217,0.0164808612316846,0.0191475879400968,0.0157367642968893,0.0345048531889915,0.0065728309564292,-0.0031847255304455,0.0125932153314352,0.0148674556985497,0.029018934816122,0.0735600590705871,0.0134287932887673,-0.0282068829983472,0.0485865920782089,0.0026936000213027,-0.001263718935661,0.0060975709930062,0.0126529382541775,-0.0440414100885391,0.0358184352517128,0.0124589884653687,-0.0008042001281864,-0.0084525430575013,-0.0004024236986879,-0.0172523651272058,0.0112721696496009,0.0195439234375953,0.013933059759438,0.0032679862342774,-0.0027483194135129,-0.0032573414500802,-0.0133858332410454,-0.0058289635926485,0.0031923353672027,-0.0403977967798709,-0.0047732274979352,0.0380645245313644,-0.013589134439826,-0.053724005818367,0.0012155097210779,0.0167596861720085,-0.0008093302603811,0.002489167265594,-0.0105305882170796,-0.0018633966101333,-0.0237412974238395,0.004993753042072,0.0004192967899143,0.002503186231479,-0.0192791689187288,0.0210862569510936,0.0047008809633553,-0.0012763533741235,-0.058273110538721,0.0295663475990295,0.0338753387331962,0.0019750287756323,0.0091743553057312,-0.0446540899574756,0.0253754425793886,-0.0187598019838333,0.0155360520808065,-0.0238466026972831,0.0176074663149532,-0.0293814277862567,0.0295183695712577,0.0239260766270901,0.0383221030433105,0.0228136926526492,0.0481616183347737,0.1940392802431534,0.1998282196034311,0.1892078220345157,2019-02-20,2019-02-21,2019-02-22,2019-02-25,2019-02-26,2019-02-27,2019-02-28,2019-03-01,2019-03-04,2019-03-05,88360.0,2019-02-19,252.0,2.5491%,-0.0008,1.2427,0.3864,-0.474,1.7338%,2.2877%,42.5645%,0.023444,MRVL,88360.0,2019-02-20,252.0,2.5375%,-0.0007,1.2501,0.404,-0.4475,1.7410%,2.2934%,42.3688%,0.024671,MRVL,88360.0,2019-02-21,252.0,-0.9596%,-0.0008,1.2628,0.4287,-0.4242,1.7296%,2.2894%,42.9240%,-0.005817,MRVL,88360.0,2019-02-22,252.0,0.2040%,-0.0009,1.265,0.4209,-0.4049,1.7317%,2.2895%,42.7898%,-0.014862,MRVL,88360.0,2019-02-25,252.0,0.2545%,-0.0009,1.2645,0.4196,-0.4072,1.7316%,2.2895%,42.7994%,0.000913,MRVL,88360.0,2019-02-26,252.0,0.9137%,-0.0008,1.2693,0.3965,-0.4153,1.7317%,2.2900%,42.8146%,0.012402,MRVL,88360.0,2019-02-27,252.0,-0.8551%,-0.0008,1.2703,0.3917,-0.4152,1.7328%,2.2898%,42.7315%,-0.011045,MRVL,88360.0,2019-02-28,252.0,1.2177%,-0.0008,1.2747,0.3953,-0.4157,1.7334%,2.2911%,42.7593%,0.014898,MRVL,88360.0,2019-03-01,252.0,0.4010%,-0.0009,1.2854,0.4111,-0.3958,1.7293%,2.2910%,43.0246%,-0.008067,MRVL,88360.0,2019-03-04,252.0,0.5492%,-0.0009,1.2854,0.3964,-0.3925,1.7321%,2.2909%,42.8328%,0.015274,MRVL,88360.0,2019-03-05,252.0,-0.4469%,-0.0008,1.2879,0.4149,-0.3903,1.7309%,2.2908%,42.9067%,-0.002087,MRVL,0.048115,0.0422979999999999,0.0274359999999999,0.0407509999999999,0.049724
20635,MATADOR RESOURCES CO,SunTrust Robinson Humphrey Upgrades Matador Resources to Buy,6,increase,0.8,0.6,"upgrades from analysts typically signal positive sentiment and can lead to increased investor interest, likely resulting in a rise in stock price.",2,2019-02-19,MTDR,2019-02-19 12:06:00+00:00,13244.0,57648520,-0.0315897837281227,1733760.0,0.0128342118114233,0.0598243810236454,-0.0464625693857669,0.0195858124643564,0.0354375019669532,0.0130386315286159,0.0080213695764541,0.013210772536695,-0.0498674027621746,0.0086905919015407,0.0603015050292015,-0.0159635506570339,-0.0205370932817459,-0.0564819388091564,-0.0306451451033353,-0.0148384030908346,-0.0022185754496604,-0.0362614430487155,0.0183435194194316,-0.0040691723115742,-0.0463974028825759,0.0082051204517483,-0.0165998302400112,-0.018126918002963,-0.0279394369572401,0.0322245769202709,0.0281436704099178,0.0185283422470092,0.059405967593193,-0.0207362100481987,0.0225398484617471,0.0304488055408,-0.0037634244654327,0.01079907361418,0.0086346380412578,-0.0154172787442803,0.0235419273376464,-0.0557229220867157,-0.0036591582465916,0.0262751281261444,0.0309548880904912,-0.0051255961880087,0.0178117249161005,0.0041173403151333,-0.0545000061392784,0.0253297910094261,-0.0037017290014773,-0.0201654285192489,0.0355626381933689,-0.0222447179257869,0.0056381653994321,0.001012168941088,0.0035677722189575,0.0455026775598526,-0.0182834230363369,0.0350492559373378,0.0139679489657282,0.0722254514694213,-0.0071429233066737,0.0690521225333213,-0.0765673071146011,-0.0087118474766612,0.0283806473016738,0.0347714088857173,0.0573593825101852,0.0025823088362813,0.0204708091914653,-0.0214782152324914,0.0005015159840695,-0.0037759861443191,0.0165413487702608,0.125354140996933,-0.0424063391983509,-0.0433604568243026,0.0787847936153411,-0.0562659911811351,-0.0062053012661635,-0.0309788770973682,0.0110470484942197,-0.0212250091135501,-0.005700662266463,-0.0172825325280427,-0.005255642812699,-0.0339666157960891,0.0513928793370723,-0.0646202936768531,-0.0041114734485745,-0.0272394157946109,-0.0275228675454855,0.0005241209873929,-0.0221698675304651,-0.0309802237898111,-0.0487216711044311,-0.0751526653766632,0.0030426660086959,-0.020699119195342,-0.0045500579290091,-0.06974758207798,-0.0482478775084018,-0.0406403839588165,-0.01600849814713,0.0684211179614067,0.0385032035410404,-0.0231362860649824,0.017232371494174,0.0268368069082498,-0.0236139167100191,0.0360072478652,0.0331229828298091,-0.0351802669465541,0.0142493993043899,0.0197309665381908,-0.0005017676157876,-0.0466011203825473,-0.0296184811741113,0.0173988528549671,0.0351784937083721,-0.059713739901781,0.0304847881197929,-0.0105219883844256,0.0128342118114233,0.0598243810236454,-0.0342246680311435,0.0805819025955272,-2.8048622313647793e-09,0.094671211859961,-0.0422460407394615,0.1187716835919099,-0.0203209170851108,-0.0178026612393599,0.0406416171511867,0.2121782245108638,0.1026737992289403,-0.2185349928328693,2019-02-20,2019-02-21,2019-02-22,2019-02-25,2019-02-26,2019-02-27,2019-02-28,2019-03-01,2019-03-04,2019-03-05,13244.0,2019-02-19,252.0,-3.1590%,-0.0014,1.9059,1.1345,1.0846,2.3532%,3.0330%,39.8020%,-0.0420559999999999,MTDR,13244.0,2019-02-20,252.0,1.2834%,-0.0014,1.9066,1.1367,1.0872,2.3532%,3.0341%,39.8465%,0.0006519999999999,MTDR,13244.0,2019-02-21,252.0,-4.6463%,-0.0015,1.9179,1.1521,1.1083,2.3627%,3.0469%,39.8682%,-0.036212,MTDR,13244.0,2019-02-22,252.0,3.5438%,-0.0013,1.9116,1.1939,1.0713,2.3670%,3.0526%,39.8769%,0.032827,MTDR,13244.0,2019-02-25,252.0,0.8021%,-0.0014,1.914,1.1907,1.0785,2.3644%,3.0512%,39.9536%,0.010086,MTDR,13244.0,2019-02-26,252.0,-4.9867%,-0.0015,1.9161,1.2364,1.1032,2.3736%,3.0600%,39.8329%,-0.035726,MTDR,13244.0,2019-02-27,252.0,6.0302%,-0.0013,1.92,1.2469,1.104,2.4022%,3.0842%,39.3383%,0.0574519999999999,MTDR,13244.0,2019-02-28,252.0,-2.0537%,-0.0013,1.9267,1.2512,1.1115,2.4025%,3.0846%,39.3351%,-0.012175,MTDR,13244.0,2019-03-01,252.0,-3.0645%,-0.0015,1.9202,1.2414,1.121,2.4172%,3.0858%,38.6406%,-0.0437899999999999,MTDR,13244.0,2019-03-04,252.0,-0.2219%,-0.0015,1.9247,1.2176,1.1219,2.4167%,3.0858%,38.6635%,0.00827,MTDR,13244.0,2019-03-05,252.0,1.8344%,-0.0014,1.918,1.1841,1.1061,2.4233%,3.0823%,38.1916%,0.027993,MTDR,-0.0414039999999999,-0.0776159999999999,-0.0447889999999999,-0.0704289999999999,-0.0326789999999999
20643,MICRON TECHNOLOGY INC,NAND Flash Prices Likely to Stop Falling in Q2 2019,6,increase,0.8,0.6,"the stabilization of nand flash prices suggests improved market conditions for micron technology, which could positively impact investor sentiment and stock performance.",2,2019-02-19,MU,2019-02-19 09:00:00+00:00,53613.0,59511210,-0.0007145175477489,25555281.0,0.0059580556116998,-0.0056831128895282,-0.0161099340766668,0.0131957586854696,0.0250421613454818,0.0316831357777118,0.0042283372022211,0.0471746921539306,0.0049122590571641,0.0,-0.038175031542778,-0.0203148610889911,-0.010648563504219,-0.0515414103865623,0.0171233061701059,0.0546101480722427,-0.0125060230493545,-0.0025336276739835,-0.0260594170540571,-0.0032827591057866,-0.0515129119157791,0.0361066758632659,-0.002636395394802,-0.0005230244714766,0.0216759089380502,0.0227334126830101,0.0098317526280879,-0.0181198120117187,0.0056367213837802,-0.0225871987640857,-0.0107005899772048,0.0647717639803886,-0.0108164297416806,0.0686331316828727,0.0294194500893354,0.0109242033213377,0.0017703513149172,-0.0528523325920105,0.0191870313137769,0.0554898828268051,-0.0059449560940265,0.0089338663965463,0.0961874052882194,-0.0120623661205172,-0.0538759417831897,-0.0196133982390165,-0.0257087871432304,-0.0372118912637233,-0.0056719984859228,0.002784697106108,-0.0270337350666523,0.0132618863135576,0.0028039922472089,0.0503852069377899,0.0505846887826919,-0.0076470095664262,0.0222598146647214,0.0397553257644176,0.0044970088638365,0.0548387356102466,0.0344015769660472,-0.0534351132810115,-0.0230068806558847,0.0321462489664554,0.0100256539881229,0.0050680977292358,-0.0096952486783266,-0.0112746823579073,-0.0275058336555957,0.0336678847670555,0.0107861198484897,0.0644382834434509,0.0026085041463375,-0.0428759641945362,-0.0063860090449452,-0.0306905675679445,-0.0045227003283798,-0.0041387826204299,0.0224772505462169,-0.0791556909680366,0.0091207483783364,0.0067886519245803,0.0057937423698604,-0.0093567157164216,0.0,-0.0234151817858219,-0.0145161533728241,-0.028032150119543,0.0060789878480136,0.0232888311147689,-0.0065070600248873,0.0117816049605608,-0.0152047136798501,-0.0144435605034232,0.000237580446992,-0.0626492425799369,-0.0011873482726514,0.0214207451790571,-0.0038040855433791,-0.0786909237504005,0.0157517865300178,0.0381223373115062,0.0180921163409948,0.017145911231637,-0.0276944544166326,-0.0206664744764566,-0.0443864874541759,0.0462161898612976,-0.0126676186919212,0.0117582799866795,-0.0120754605159163,0.0046702791005373,-0.0084034074097871,0.0005497651873156,-0.0400615707039833,0.0071982876397669,0.0302299950271844,-0.0192778408527374,-0.002596688689664,-0.0661763921380043,0.0059580556116998,-0.0056831128895282,-0.0102478623480966,0.0074376528096689,0.0145376703750179,0.0393564367512169,0.0238322222549833,0.0883877566931619,-0.0469494130265126,0.0603536161556548,0.0114394558554435,0.354516183262336,-0.0846043669619812,0.0646552609137063,2019-02-20,2019-02-21,2019-02-22,2019-02-25,2019-02-26,2019-02-27,2019-02-28,2019-03-01,2019-03-04,2019-03-05,53613.0,2019-02-19,252.0,-0.0715%,-0.0001,1.8185,0.767,-0.1121,2.3521%,3.0999%,42.4238%,-0.006229,MU,53613.0,2019-02-20,252.0,0.5958%,-0.0002,1.8176,0.7593,-0.1166,2.3507%,3.0984%,42.4424%,0.001332,MU,53613.0,2019-02-21,252.0,-1.6110%,-0.0003,1.8304,0.7833,-0.0932,2.3439%,3.0986%,42.7809%,-0.009221,MU,53613.0,2019-02-22,252.0,2.5042%,-0.0003,1.829,0.793,-0.1013,2.3441%,3.1021%,42.9010%,0.007367,MU,53613.0,2019-02-25,252.0,0.4228%,-0.0002,1.8281,0.7904,-0.1059,2.3437%,3.1019%,42.9108%,0.003264,MU,53613.0,2019-02-26,252.0,0.4912%,-0.0003,1.8096,0.7907,-0.1196,2.3391%,3.0851%,42.5151%,0.0124459999999999,MU,53613.0,2019-02-27,252.0,-3.8175%,-0.0005,1.8019,0.7922,-0.121,2.3515%,3.0883%,42.0221%,-0.0415489999999999,MU,53613.0,2019-02-28,252.0,-1.0649%,-0.0007,1.8229,0.8064,-0.1045,2.3400%,3.0880%,42.5789%,-0.005623,MU,53613.0,2019-03-01,252.0,1.7123%,-0.0008,1.8408,0.833,-0.0777,2.3329%,3.0897%,42.9916%,0.001151,MU,53613.0,2019-03-04,252.0,-1.2506%,-0.0007,1.8359,0.8482,-0.0761,2.3320%,3.0869%,42.9313%,0.000611,MU,53613.0,2019-03-05,252.0,-2.6059%,-0.0008,1.8372,0.8452,-0.0679,2.3347%,3.0848%,42.7224%,-0.020582,MU,-0.004897,-0.014118,-0.006751,0.0089589999999999,-0.057033
20651,NATURAL ALTERNATIVES INTL INC,Natural Alternatives' CarnoSyn Beta-Alanine Receives New Dietary Ingredient Status From The FDA,6,increase,0.8,0.7,"the fda granting new dietary ingredient status to carnosyn beta-alanine is likely to enhance the product's marketability and credibility, potentially leading to increased sales and a positive impact on the stock price.",2,2019-02-19,NAII,2019-02-19 14:03:00+00:00,11654.0,63884230,0.0451551787555217,14888.0,-0.0045003816485404,0.0018850573105737,0.0144665315747261,0.0076164067722857,0.0160427223891019,-0.0640260726213455,-0.0087718795984983,-0.0234288461506366,0.0274335797876119,-0.0111587261781096,0.0080965394154191,0.0056019751355051,0.0005126080941408,-0.0165449548512697,-0.0008539904956705,0.0199133791029453,-0.0205128006637096,0.006027499679476,0.0200697686523199,0.0178014133125543,-0.0051325466483831,0.0071428506635129,-0.0042992425151169,0.0132994977757334,0.0138169126585125,0.0011775804450735,0.0008518082904629,-0.0009049981017597,-0.0042553353123366,0.0045454720966517,-0.0153845604509115,-0.0045249038375914,-0.0232552476227283,-0.0116279171779751,0.0424720309674739,0.0117647163569927,-0.0332480296492576,0.0082116927951574,-0.0167548973113298,0.0009132629493251,-0.0044842367060482,0.0027472283691167,0.0090089570730924,0.0036764671094715,-0.0210446119308471,0.007407400291413,-0.0177211221307516,-0.0235081575810909,0.0287836082279682,0.0072860545478761,0.0523465648293495,0.0194985214620828,-0.0051457518711686,0.0335892885923385,-0.0086207222193479,0.0124368695542216,0.0260869730263948,0.0240795649588108,0.0,0.0110664600506424,0.0516948848962783,0.0101625435054302,0.0306204762309789,0.0010173172922804,0.0140735190361738,0.0293301362544298,-0.0300694163888692,0.0213796440511941,-0.0508744306862354,-0.0260416660457849,0.0025126202963292,0.0105263562873005,-0.0142021784558892,-0.0325865261256694,0.0296609681099653,0.0207900013774633,0.0041152420453727,-0.0031087808310985,0.0491803586483001,0.0041623269207775,0.0078124552965164,-0.0193878095597028,0.0139535125344991,-0.0060851387679576,-0.0259938947856426,0.0118631860241293,0.0,-0.0137247052043676,0.0102040907368063,-0.0398444943130016,0.0388500392436981,-0.0029069508891552,0.0048616705462336,0.0137523952871561,-0.0093040559440851,0.0089197373017668,-0.0225394573062658,0.0028624825645238,0.0222905427217483,-0.0038416078314185,-0.0105263413861393,0.0059761372394859,0.0182370655238628,0.0070210322737693,0.0208955742418766,0.0040281931869685,0.0215715821832418,0.0175640024244785,-0.0089515773579478,0.0186430383473634,-0.0129964118823409,-0.0111070042476058,-0.0877834558486938,0.0101772658526897,0.0024057524278759,0.0311827901750803,0.0159999839961528,-0.042224496603012,0.0267716664820909,0.0577341727912426,-0.0045003816485404,0.0018850573105737,0.0099010450129686,0.0095158214461259,0.0261026071185757,-0.0551195118501809,0.0450045008397139,-0.0875536082262669,0.052205215932209,-0.0576240824877412,0.0621062628766753,0.0694165553374732,0.1737174036159408,0.1579520407334624,2019-02-20,2019-02-21,2019-02-22,2019-02-25,2019-02-26,2019-02-27,2019-02-28,2019-03-01,2019-03-04,2019-03-05,11654.0,2019-02-19,252.0,4.5155%,-0.0001,-0.0219,0.4095,0.1028,1.5676%,1.5814%,1.7313%,0.043799,NAII,11654.0,2019-02-20,252.0,-0.4500%,-0.0002,-0.0242,0.4013,0.0937,1.5674%,1.5807%,1.6698%,-0.006025,NAII,11654.0,2019-02-21,252.0,1.4467%,-0.0002,-0.0224,0.4082,0.0969,1.5676%,1.5812%,1.7166%,0.014773,NAII,11654.0,2019-02-22,252.0,1.6043%,-0.0002,-0.024,0.3933,0.0649,1.5682%,1.5808%,1.5920%,0.0152679999999999,NAII,11654.0,2019-02-25,252.0,-0.8772%,-0.0002,-0.0237,0.3973,0.0681,1.5688%,1.5817%,1.6218%,-0.007697,NAII,11654.0,2019-02-26,252.0,2.7434%,-0.0001,-0.0274,0.3588,0.0458,1.5800%,1.5907%,1.3381%,0.030063,NAII,11654.0,2019-02-27,252.0,0.8097%,0.0,-0.0189,0.3459,0.0473,1.5762%,1.5860%,1.2269%,0.0073939999999999,NAII,11654.0,2019-02-28,252.0,0.0513%,0.0001,-0.0234,0.3428,0.0439,1.5754%,1.5851%,1.2175%,0.000403,NAII,11654.0,2019-03-01,252.0,-0.0854%,-0.0,-0.0125,0.359,0.0616,1.5710%,1.5814%,1.3040%,-0.001594,NAII,11654.0,2019-03-04,252.0,-2.0513%,-0.0001,-0.0079,0.3613,0.0564,1.5755%,1.5858%,1.2942%,-0.019472,NAII,11654.0,2019-03-05,252.0,2.0070%,-0.0001,-0.0125,0.3397,0.0453,1.5809%,1.5899%,1.1315%,0.0212219999999999,NAII,0.037774,0.052547,0.067815,0.090181,0.098134
20659,NAVIENT CORP,Navient Shares Tick Slightly Higher On Uptick In Volume Amid Report Co. Would Consider Any Bonafide Fully-Financed Offer,6,increase,0.7,0.6,"the report of navient considering any bona fide fully-financed offer suggests potential interest from buyers, which could positively influence investor sentiment and drive the stock price higher.",2,2019-02-19,NAVI,2019-02-19 19:04:00+00:00,14601.0,63938C10,0.0903666242957115,6227047.0,-0.0101641993969678,0.0094664078205823,-0.0268562529236078,-0.0059879980981349,0.0097402511164546,0.0094991065561771,0.0120579246431589,0.0166812613606452,0.000794299354311,0.0124444747343659,-0.00396826909855,-0.0105540798977017,-0.0135458111763,-0.0043783001601696,-0.000818349304609,-0.0017482084222137,-0.0073710200376808,0.003508768742904,-0.0115511836484074,-0.003496500197798,-0.0141902444884181,0.003508768742904,-0.0228620190173387,-0.004366829060018,0.0164644345641136,0.0,0.0017050689784809,0.0008741458877921,0.0,-0.0086655439808964,0.0042553353123366,0.0087412921711802,0.0042373044416308,0.029702965170145,0.0151898181065917,0.0239630658179521,0.0091438582167029,-0.0054994928650557,-0.0148270428180694,0.0331438854336738,-0.0142140528187155,-0.0084506291896104,0.0212044101208448,0.0181643962860107,-0.0373753979802131,0.0048030922189354,0.0,0.0019248799653723,0.0025884152855724,-0.0057415757328271,-0.0051634651608765,0.005774731747806,0.0147058060392737,0.0206286869943141,-0.0136402258649468,0.012935334816575,0.0458081848919391,0.0223804954439401,-0.0223140865564346,0.0402116514742374,0.0126795955002307,0.0172228030860424,0.0191987063735723,0.054483488202095,-0.0032760000322014,-0.0045197694562375,0.0073952465318143,0.0045402906835079,-0.0277324747294187,-0.0045197694562375,0.0192952640354633,0.0498220697045326,0.0008230641251429,-0.012880521826446,0.0213815979659557,-0.0183907877653837,-0.0120772635564208,0.001150774420239,0.0065199611708521,-0.0461031943559646,-0.0145749226212501,-0.023579878732562,0.0016433446435257,-0.0271115973591804,-0.0106644108891487,-0.0263959616422653,0.0306799225509166,-0.0314650647342205,0.0426387563347816,0.0241691600531339,0.0177468787878751,-0.0255151409655809,0.0007581674726679,-0.0422933027148246,-0.0015151139814406,-0.0157261863350868,0.0250379294157028,0.0138632832095027,0.008882300928235,-0.0492091737687587,0.0154071925207972,-0.0104347728192806,0.0057803411036729,0.004366829060018,0.0007184072164818,0.0214094351977109,-0.0107681667432189,0.0117328623309731,-0.0094339707866311,-0.0237885862588882,-0.0014651651727035,0.018850989639759,0.0139398081228137,-0.0053570950403809,-0.0426917634904384,0.0438024513423442,0.0098261618986725,-0.1058333739638329,0.0142215974628925,-0.0131578827276825,-0.0101641993969678,0.0094664078205823,-0.0367474800108047,0.0034217248904215,-0.0273651585775522,0.0129533347759387,-0.0148553222186798,0.0426666247934741,-0.0510666790319044,0.0253496470415792,-0.0629481161047293,0.2412698186936688,0.0732927577971789,-0.0210841575246704,2019-02-20,2019-02-21,2019-02-22,2019-02-25,2019-02-26,2019-02-27,2019-02-28,2019-03-01,2019-03-04,2019-03-05,14601.0,2019-02-19,252.0,9.0367%,0.0004,1.321,0.9097,1.5807,1.5193%,2.0277%,43.8647%,0.0806709999999999,NAVI,14601.0,2019-02-20,252.0,-1.0164%,0.0003,1.3137,0.8904,1.5539,1.5259%,2.0269%,43.3256%,-0.023469,NAVI,14601.0,2019-02-21,252.0,-2.6856%,0.0002,1.3142,0.8874,1.5549,1.5288%,2.0279%,43.1620%,-0.017898,NAVI,14601.0,2019-02-22,252.0,0.9740%,0.0004,1.3104,0.9197,1.5389,1.5277%,2.0265%,43.1676%,0.0190749999999999,NAVI,14601.0,2019-02-25,252.0,1.2058%,0.0005,1.3078,0.9098,1.5241,1.5244%,2.0207%,43.0880%,0.015153,NAVI,14601.0,2019-02-26,252.0,0.0794%,0.0006,1.3068,0.8926,1.5146,1.5265%,2.0193%,42.8497%,0.0136389999999999,NAVI,14601.0,2019-02-27,252.0,-0.3968%,0.0006,1.3103,0.8847,1.5152,1.5261%,2.0194%,42.8923%,-0.005123,NAVI,14601.0,2019-02-28,252.0,-1.3546%,0.0005,1.3135,0.8867,1.519,1.5265%,2.0194%,42.8621%,-0.005973,NAVI,14601.0,2019-03-01,252.0,-0.0818%,0.0005,1.3204,0.897,1.5332,1.5246%,2.0187%,42.9628%,-0.006861,NAVI,14601.0,2019-03-04,252.0,-0.7371%,0.0004,1.3294,0.8704,1.5302,1.5203%,2.0180%,43.2392%,-0.002986,NAVI,14601.0,2019-03-05,252.0,-1.1551%,0.0004,1.3291,0.8659,1.5312,1.5203%,2.0167%,43.1728%,-0.00301,NAVI,0.0572019999999999,0.0393039999999999,0.0583789999999999,0.0871709999999999,0.0632179999999999
20667,NAVIENT CORP,Navient shares are trading higher after the company rejected a $12.50 per share acquisition offer from Canyon Capital Advisors and Platinum Equity.,6,increase,0.7,0.6,"the rejection of an acquisition offer suggests that navient believes its value is higher than the proposed price, which can lead to increased investor confidence and a rise in stock price.",2,2019-02-19,NAVI,2019-02-19 14:14:00+00:00,14601.0,63938C10,0.0903666242957115,6227047.0,-0.0101641993969678,0.0094664078205823,-0.0268562529236078,-0.0059879980981349,0.0097402511164546,0.0094991065561771,0.0120579246431589,0.0166812613606452,0.000794299354311,0.0124444747343659,-0.00396826909855,-0.0105540798977017,-0.0135458111763,-0.0043783001601696,-0.000818349304609,-0.0017482084222137,-0.0073710200376808,0.003508768742904,-0.0115511836484074,-0.003496500197798,-0.0141902444884181,0.003508768742904,-0.0228620190173387,-0.004366829060018,0.0164644345641136,0.0,0.0017050689784809,0.0008741458877921,0.0,-0.0086655439808964,0.0042553353123366,0.0087412921711802,0.0042373044416308,0.029702965170145,0.0151898181065917,0.0239630658179521,0.0091438582167029,-0.0054994928650557,-0.0148270428180694,0.0331438854336738,-0.0142140528187155,-0.0084506291896104,0.0212044101208448,0.0181643962860107,-0.0373753979802131,0.0048030922189354,0.0,0.0019248799653723,0.0025884152855724,-0.0057415757328271,-0.0051634651608765,0.005774731747806,0.0147058060392737,0.0206286869943141,-0.0136402258649468,0.012935334816575,0.0458081848919391,0.0223804954439401,-0.0223140865564346,0.0402116514742374,0.0126795955002307,0.0172228030860424,0.0191987063735723,0.054483488202095,-0.0032760000322014,-0.0045197694562375,0.0073952465318143,0.0045402906835079,-0.0277324747294187,-0.0045197694562375,0.0192952640354633,0.0498220697045326,0.0008230641251429,-0.012880521826446,0.0213815979659557,-0.0183907877653837,-0.0120772635564208,0.001150774420239,0.0065199611708521,-0.0461031943559646,-0.0145749226212501,-0.023579878732562,0.0016433446435257,-0.0271115973591804,-0.0106644108891487,-0.0263959616422653,0.0306799225509166,-0.0314650647342205,0.0426387563347816,0.0241691600531339,0.0177468787878751,-0.0255151409655809,0.0007581674726679,-0.0422933027148246,-0.0015151139814406,-0.0157261863350868,0.0250379294157028,0.0138632832095027,0.008882300928235,-0.0492091737687587,0.0154071925207972,-0.0104347728192806,0.0057803411036729,0.004366829060018,0.0007184072164818,0.0214094351977109,-0.0107681667432189,0.0117328623309731,-0.0094339707866311,-0.0237885862588882,-0.0014651651727035,0.018850989639759,0.0139398081228137,-0.0053570950403809,-0.0426917634904384,0.0438024513423442,0.0098261618986725,-0.1058333739638329,0.0142215974628925,-0.0131578827276825,-0.0101641993969678,0.0094664078205823,-0.0367474800108047,0.0034217248904215,-0.0273651585775522,0.0129533347759387,-0.0148553222186798,0.0426666247934741,-0.0510666790319044,0.0253496470415792,-0.0629481161047293,0.2412698186936688,0.0732927577971789,-0.0210841575246704,2019-02-20,2019-02-21,2019-02-22,2019-02-25,2019-02-26,2019-02-27,2019-02-28,2019-03-01,2019-03-04,2019-03-05,14601.0,2019-02-19,252.0,9.0367%,0.0004,1.321,0.9097,1.5807,1.5193%,2.0277%,43.8647%,0.0806709999999999,NAVI,14601.0,2019-02-20,252.0,-1.0164%,0.0003,1.3137,0.8904,1.5539,1.5259%,2.0269%,43.3256%,-0.023469,NAVI,14601.0,2019-02-21,252.0,-2.6856%,0.0002,1.3142,0.8874,1.5549,1.5288%,2.0279%,43.1620%,-0.017898,NAVI,14601.0,2019-02-22,252.0,0.9740%,0.0004,1.3104,0.9197,1.5389,1.5277%,2.0265%,43.1676%,0.0190749999999999,NAVI,14601.0,2019-02-25,252.0,1.2058%,0.0005,1.3078,0.9098,1.5241,1.5244%,2.0207%,43.0880%,0.015153,NAVI,14601.0,2019-02-26,252.0,0.0794%,0.0006,1.3068,0.8926,1.5146,1.5265%,2.0193%,42.8497%,0.0136389999999999,NAVI,14601.0,2019-02-27,252.0,-0.3968%,0.0006,1.3103,0.8847,1.5152,1.5261%,2.0194%,42.8923%,-0.005123,NAVI,14601.0,2019-02-28,252.0,-1.3546%,0.0005,1.3135,0.8867,1.519,1.5265%,2.0194%,42.8621%,-0.005973,NAVI,14601.0,2019-03-01,252.0,-0.0818%,0.0005,1.3204,0.897,1.5332,1.5246%,2.0187%,42.9628%,-0.006861,NAVI,14601.0,2019-03-04,252.0,-0.7371%,0.0004,1.3294,0.8704,1.5302,1.5203%,2.0180%,43.2392%,-0.002986,NAVI,14601.0,2019-03-05,252.0,-1.1551%,0.0004,1.3291,0.8659,1.5312,1.5203%,2.0167%,43.1728%,-0.00301,NAVI,0.0572019999999999,0.0393039999999999,0.0583789999999999,0.0871709999999999,0.0632179999999999
20675,NAVIENT CORP,Canyon Partners Issues Letter In Response to Navient Corporation's Letter And Press Release,6,uncertain,0.5,0.5,"the response from canyon partners could indicate ongoing disputes or negotiations that may not clearly favor either party, leading to uncertainty in investor sentiment.",1,2019-02-19,NAVI,2019-02-19 14:06:00+00:00,14601.0,63938C10,0.0903666242957115,6227047.0,-0.0101641993969678,0.0094664078205823,-0.0268562529236078,-0.0059879980981349,0.0097402511164546,0.0094991065561771,0.0120579246431589,0.0166812613606452,0.000794299354311,0.0124444747343659,-0.00396826909855,-0.0105540798977017,-0.0135458111763,-0.0043783001601696,-0.000818349304609,-0.0017482084222137,-0.0073710200376808,0.003508768742904,-0.0115511836484074,-0.003496500197798,-0.0141902444884181,0.003508768742904,-0.0228620190173387,-0.004366829060018,0.0164644345641136,0.0,0.0017050689784809,0.0008741458877921,0.0,-0.0086655439808964,0.0042553353123366,0.0087412921711802,0.0042373044416308,0.029702965170145,0.0151898181065917,0.0239630658179521,0.0091438582167029,-0.0054994928650557,-0.0148270428180694,0.0331438854336738,-0.0142140528187155,-0.0084506291896104,0.0212044101208448,0.0181643962860107,-0.0373753979802131,0.0048030922189354,0.0,0.0019248799653723,0.0025884152855724,-0.0057415757328271,-0.0051634651608765,0.005774731747806,0.0147058060392737,0.0206286869943141,-0.0136402258649468,0.012935334816575,0.0458081848919391,0.0223804954439401,-0.0223140865564346,0.0402116514742374,0.0126795955002307,0.0172228030860424,0.0191987063735723,0.054483488202095,-0.0032760000322014,-0.0045197694562375,0.0073952465318143,0.0045402906835079,-0.0277324747294187,-0.0045197694562375,0.0192952640354633,0.0498220697045326,0.0008230641251429,-0.012880521826446,0.0213815979659557,-0.0183907877653837,-0.0120772635564208,0.001150774420239,0.0065199611708521,-0.0461031943559646,-0.0145749226212501,-0.023579878732562,0.0016433446435257,-0.0271115973591804,-0.0106644108891487,-0.0263959616422653,0.0306799225509166,-0.0314650647342205,0.0426387563347816,0.0241691600531339,0.0177468787878751,-0.0255151409655809,0.0007581674726679,-0.0422933027148246,-0.0015151139814406,-0.0157261863350868,0.0250379294157028,0.0138632832095027,0.008882300928235,-0.0492091737687587,0.0154071925207972,-0.0104347728192806,0.0057803411036729,0.004366829060018,0.0007184072164818,0.0214094351977109,-0.0107681667432189,0.0117328623309731,-0.0094339707866311,-0.0237885862588882,-0.0014651651727035,0.018850989639759,0.0139398081228137,-0.0053570950403809,-0.0426917634904384,0.0438024513423442,0.0098261618986725,-0.1058333739638329,0.0142215974628925,-0.0131578827276825,-0.0101641993969678,0.0094664078205823,-0.0367474800108047,0.0034217248904215,-0.0273651585775522,0.0129533347759387,-0.0148553222186798,0.0426666247934741,-0.0510666790319044,0.0253496470415792,-0.0629481161047293,0.2412698186936688,0.0732927577971789,-0.0210841575246704,2019-02-20,2019-02-21,2019-02-22,2019-02-25,2019-02-26,2019-02-27,2019-02-28,2019-03-01,2019-03-04,2019-03-05,14601.0,2019-02-19,252.0,9.0367%,0.0004,1.321,0.9097,1.5807,1.5193%,2.0277%,43.8647%,0.0806709999999999,NAVI,14601.0,2019-02-20,252.0,-1.0164%,0.0003,1.3137,0.8904,1.5539,1.5259%,2.0269%,43.3256%,-0.023469,NAVI,14601.0,2019-02-21,252.0,-2.6856%,0.0002,1.3142,0.8874,1.5549,1.5288%,2.0279%,43.1620%,-0.017898,NAVI,14601.0,2019-02-22,252.0,0.9740%,0.0004,1.3104,0.9197,1.5389,1.5277%,2.0265%,43.1676%,0.0190749999999999,NAVI,14601.0,2019-02-25,252.0,1.2058%,0.0005,1.3078,0.9098,1.5241,1.5244%,2.0207%,43.0880%,0.015153,NAVI,14601.0,2019-02-26,252.0,0.0794%,0.0006,1.3068,0.8926,1.5146,1.5265%,2.0193%,42.8497%,0.0136389999999999,NAVI,14601.0,2019-02-27,252.0,-0.3968%,0.0006,1.3103,0.8847,1.5152,1.5261%,2.0194%,42.8923%,-0.005123,NAVI,14601.0,2019-02-28,252.0,-1.3546%,0.0005,1.3135,0.8867,1.519,1.5265%,2.0194%,42.8621%,-0.005973,NAVI,14601.0,2019-03-01,252.0,-0.0818%,0.0005,1.3204,0.897,1.5332,1.5246%,2.0187%,42.9628%,-0.006861,NAVI,14601.0,2019-03-04,252.0,-0.7371%,0.0004,1.3294,0.8704,1.5302,1.5203%,2.0180%,43.2392%,-0.002986,NAVI,14601.0,2019-03-05,252.0,-1.1551%,0.0004,1.3291,0.8659,1.5312,1.5203%,2.0167%,43.1728%,-0.00301,NAVI,0.0572019999999999,0.0393039999999999,0.0583789999999999,0.0871709999999999,0.0632179999999999
20683,NEOGENOMICS INC,NeoGenomics Sees FY19 Sales $379M-$395M vs $385.69M Est.,6,uncertain,0.6,0.2,"while neogenomics' sales forecast is within a close range of estimates, the slight deviation from the midpoint may not significantly impact investor sentiment.",1,2019-02-19,NEO,2019-02-19 12:21:00+00:00,13704.0,64049M20,0.0289115794003009,2497239.0,0.0165289882570505,0.01204814016819,0.0027099857106804,0.0116077056154608,0.025945920497179,0.0135293845087289,0.0168598368763923,0.0173549335449934,-0.0233160033822059,0.010278002358973,0.0259946826845407,0.0141018675640225,0.0134436516091227,-0.0139057701453566,-0.0142857488244772,-0.0218804813921451,-0.0067287352867424,0.0223699454218149,0.0109431520104408,0.0085366647690534,-0.0530927218496799,-0.0132371364161372,0.0190527196973562,0.0036232713609933,0.0021368011366575,-0.0065987170673906,0.0159914307296276,0.0096910865977406,0.0199370980262756,-0.0066185682080686,0.0077160294167697,0.0146521180868148,0.0091883772984147,0.0211968962103128,0.0060697486624121,0.0177665408700704,-0.0070386822335422,-0.003792633768171,-0.0065822359174489,0.0206451416015625,-0.009174327366054,0.0130718825384974,0.020576111972332,0.0045962342992424,-0.0544354803860187,0.0139812966808676,0.0314499028027057,-0.0221353657543659,0.0020671321544796,0.005235597025603,-0.0149561120197176,0.0207080468535423,0.0246072933077812,0.1384030878543854,0.0454777404665947,0.0249415189027786,0.0048876046203076,0.0239425543695688,0.0038910470902919,0.0321251563727855,0.0106589738279581,-0.0318978950381279,-0.006232073996216,-0.0055511258542537,0.00820067897439,0.0395712740719318,-0.0014353482984006,-0.0049220235086977,0.0234786663204431,0.0243697445839643,0.0262172035872936,0.0587188489735126,-0.0041058463975787,-0.0191972311586141,-0.0013742870651185,-0.010362684726715,-0.0110091641545295,-0.0554649494588375,-0.0431354530155658,-0.0128824356943368,-0.0513814613223075,-0.011146523989737,0.0045988839119672,-0.0520754382014274,0.0162766892462968,-0.013402852229774,0.0095095364376902,0.0128205185756087,-0.0094199571758508,-0.0439797863364219,0.0140140485018491,-0.005021499004215,0.0103652067482471,-0.017618041485548,0.020517835393548,-0.0399188213050365,-0.002872162265703,-0.0657395720481872,0.0321651510894298,-0.0353658497333526,0.0460464991629123,0.0,0.0337928086519241,-0.0138304000720381,0.0141935450956225,-0.0041917124763131,-0.0504665188491344,0.0257985293865203,-0.0062527642585337,-0.0115360431373119,-0.008539349772036,0.0300187338143587,0.0376246571540832,0.0210727918893098,-0.029270427301526,0.0038461196236312,0.0315031856298446,-0.0298507176339626,0.0082897264510393,-0.0018622399074956,0.0165289882570505,0.01204814016819,0.0192837672897197,0.0237956970479369,0.0457300228798838,0.0376470226916807,0.038567535062872,0.0665053456604063,0.068870524631041,0.0756097431357558,0.1371900747248124,0.4530476734805069,0.2732782989439095,0.0949719815861822,2019-02-20,2019-02-21,2019-02-22,2019-02-25,2019-02-26,2019-02-27,2019-02-28,2019-03-01,2019-03-04,2019-03-05,13704.0,2019-02-19,252.0,2.8912%,0.0036,0.9238,0.618,0.1765,2.2732%,2.4834%,16.2134%,0.024884,NEO,13704.0,2019-02-20,252.0,1.6529%,0.0037,0.9278,0.6344,0.1928,2.2713%,2.4830%,16.3282%,0.012343,NEO,13704.0,2019-02-21,252.0,0.2710%,0.0037,0.9211,0.6214,0.1804,2.2689%,2.4779%,16.1570%,0.006931,NEO,13704.0,2019-02-22,252.0,2.5946%,0.0034,0.9237,0.4988,0.0996,2.1931%,2.4099%,17.1793%,0.019094,NEO,13704.0,2019-02-25,252.0,1.6860%,0.0034,0.9257,0.4941,0.1046,2.1919%,2.4088%,17.1959%,0.01685,NEO,13704.0,2019-02-26,252.0,-2.3316%,0.0035,0.9558,0.4954,0.1277,2.1797%,2.4072%,18.0088%,-0.018427,NEO,13704.0,2019-02-27,252.0,2.5995%,0.0034,0.9342,0.5398,0.1242,2.1610%,2.3840%,17.8276%,0.024246,NEO,13704.0,2019-02-28,252.0,1.3444%,0.0034,0.9296,0.537,0.1178,2.1625%,2.3825%,17.6173%,0.016442,NEO,13704.0,2019-03-01,252.0,-1.4286%,0.0033,0.9292,0.5364,0.129,2.1678%,2.3850%,17.3827%,-0.022155,NEO,13704.0,2019-03-04,252.0,-0.6729%,0.0032,0.9358,0.5178,0.1266,2.1663%,2.3854%,17.5278%,-0.000344,NEO,13704.0,2019-03-05,252.0,1.0943%,0.0033,0.9329,0.5023,0.1204,2.1672%,2.3836%,17.3316%,0.014353,NEO,0.0372269999999999,0.0441579999999999,0.063252,0.061675,0.094217
20691,NEOGENOMICS INC,"NeoGenomics Q4 EPS $0.06 Beats $0.05 Estimate, Sales $76.475M Beat $71.43M Estimate",6,increase,0.8,0.7,"the company reported better-than-expected earnings per share and sales, which typically signals positive performance and can lead to an increase in stock price.",2,2019-02-19,NEO,2019-02-19 12:21:00+00:00,13704.0,64049M20,0.0289115794003009,2497239.0,0.0165289882570505,0.01204814016819,0.0027099857106804,0.0116077056154608,0.025945920497179,0.0135293845087289,0.0168598368763923,0.0173549335449934,-0.0233160033822059,0.010278002358973,0.0259946826845407,0.0141018675640225,0.0134436516091227,-0.0139057701453566,-0.0142857488244772,-0.0218804813921451,-0.0067287352867424,0.0223699454218149,0.0109431520104408,0.0085366647690534,-0.0530927218496799,-0.0132371364161372,0.0190527196973562,0.0036232713609933,0.0021368011366575,-0.0065987170673906,0.0159914307296276,0.0096910865977406,0.0199370980262756,-0.0066185682080686,0.0077160294167697,0.0146521180868148,0.0091883772984147,0.0211968962103128,0.0060697486624121,0.0177665408700704,-0.0070386822335422,-0.003792633768171,-0.0065822359174489,0.0206451416015625,-0.009174327366054,0.0130718825384974,0.020576111972332,0.0045962342992424,-0.0544354803860187,0.0139812966808676,0.0314499028027057,-0.0221353657543659,0.0020671321544796,0.005235597025603,-0.0149561120197176,0.0207080468535423,0.0246072933077812,0.1384030878543854,0.0454777404665947,0.0249415189027786,0.0048876046203076,0.0239425543695688,0.0038910470902919,0.0321251563727855,0.0106589738279581,-0.0318978950381279,-0.006232073996216,-0.0055511258542537,0.00820067897439,0.0395712740719318,-0.0014353482984006,-0.0049220235086977,0.0234786663204431,0.0243697445839643,0.0262172035872936,0.0587188489735126,-0.0041058463975787,-0.0191972311586141,-0.0013742870651185,-0.010362684726715,-0.0110091641545295,-0.0554649494588375,-0.0431354530155658,-0.0128824356943368,-0.0513814613223075,-0.011146523989737,0.0045988839119672,-0.0520754382014274,0.0162766892462968,-0.013402852229774,0.0095095364376902,0.0128205185756087,-0.0094199571758508,-0.0439797863364219,0.0140140485018491,-0.005021499004215,0.0103652067482471,-0.017618041485548,0.020517835393548,-0.0399188213050365,-0.002872162265703,-0.0657395720481872,0.0321651510894298,-0.0353658497333526,0.0460464991629123,0.0,0.0337928086519241,-0.0138304000720381,0.0141935450956225,-0.0041917124763131,-0.0504665188491344,0.0257985293865203,-0.0062527642585337,-0.0115360431373119,-0.008539349772036,0.0300187338143587,0.0376246571540832,0.0210727918893098,-0.029270427301526,0.0038461196236312,0.0315031856298446,-0.0298507176339626,0.0082897264510393,-0.0018622399074956,0.0165289882570505,0.01204814016819,0.0192837672897197,0.0237956970479369,0.0457300228798838,0.0376470226916807,0.038567535062872,0.0665053456604063,0.068870524631041,0.0756097431357558,0.1371900747248124,0.4530476734805069,0.2732782989439095,0.0949719815861822,2019-02-20,2019-02-21,2019-02-22,2019-02-25,2019-02-26,2019-02-27,2019-02-28,2019-03-01,2019-03-04,2019-03-05,13704.0,2019-02-19,252.0,2.8912%,0.0036,0.9238,0.618,0.1765,2.2732%,2.4834%,16.2134%,0.024884,NEO,13704.0,2019-02-20,252.0,1.6529%,0.0037,0.9278,0.6344,0.1928,2.2713%,2.4830%,16.3282%,0.012343,NEO,13704.0,2019-02-21,252.0,0.2710%,0.0037,0.9211,0.6214,0.1804,2.2689%,2.4779%,16.1570%,0.006931,NEO,13704.0,2019-02-22,252.0,2.5946%,0.0034,0.9237,0.4988,0.0996,2.1931%,2.4099%,17.1793%,0.019094,NEO,13704.0,2019-02-25,252.0,1.6860%,0.0034,0.9257,0.4941,0.1046,2.1919%,2.4088%,17.1959%,0.01685,NEO,13704.0,2019-02-26,252.0,-2.3316%,0.0035,0.9558,0.4954,0.1277,2.1797%,2.4072%,18.0088%,-0.018427,NEO,13704.0,2019-02-27,252.0,2.5995%,0.0034,0.9342,0.5398,0.1242,2.1610%,2.3840%,17.8276%,0.024246,NEO,13704.0,2019-02-28,252.0,1.3444%,0.0034,0.9296,0.537,0.1178,2.1625%,2.3825%,17.6173%,0.016442,NEO,13704.0,2019-03-01,252.0,-1.4286%,0.0033,0.9292,0.5364,0.129,2.1678%,2.3850%,17.3827%,-0.022155,NEO,13704.0,2019-03-04,252.0,-0.6729%,0.0032,0.9358,0.5178,0.1266,2.1663%,2.3854%,17.5278%,-0.000344,NEO,13704.0,2019-03-05,252.0,1.0943%,0.0033,0.9329,0.5023,0.1204,2.1672%,2.3836%,17.3316%,0.014353,NEO,0.0372269999999999,0.0441579999999999,0.063252,0.061675,0.094217
20699,NATIONAL HEALTH INVESTORS INC,NHI Raises Quarterly Dividend From $1.00 To $1.05/Share,6,increase,0.8,0.6,"raising the quarterly dividend typically signals financial strength and can attract more investors, likely leading to an increase in stock price.",2,2019-02-19,NHI,2019-02-19 11:30:00+00:00,77057.0,63633D10,-0.0495447851717472,447858.0,-0.0206518545746803,0.0160999186336994,0.0157520044595003,0.0079932622611522,0.015757905319333,0.005969759542495,-0.013912889175117,-0.0159453507512807,-0.007116989698261,0.0,-0.0064134122803807,-0.0047726272605359,-0.0124035356566309,0.0150175346061587,0.000640818325337,-0.0003631813451647,-0.0011527147144079,-0.0004840381734538,-0.0032055391930043,0.0112579315900802,-0.0090043349191546,-0.0184962879866361,-0.0041536823846399,0.0179728716611862,0.0088634034618735,0.006893974263221,0.0083979526534676,0.008191680535674,0.0015374133363366,0.0044882260262966,0.0099782375618815,0.0075367223471403,0.0036732226144522,0.0018877615220844,-0.0076981401070952,0.0072252466343343,-0.0077578611671924,-0.0012659637723118,0.002179002854973,0.0024111014790833,0.0034530840348452,0.0025445874780416,0.016441510990262,0.0111925266683101,-0.0190595183521509,0.0079097589477896,0.0121436389163136,-0.0178297758102417,0.0085880309343338,0.006537552922964,-0.0028800820000469,0.0039897710084915,0.0086650680750608,-0.0069018523208796,-0.0090828007087111,0.0172928627580404,-0.0043285037390887,0.0086557855829596,0.0042194328270852,0.0068664546124637,-0.003692397614941,0.0226873774081468,-0.0052396636456251,-0.0197246205061674,0.0060380427166819,0.0019896740559488,-0.0123866843059659,0.0003928598598577,0.0,0.0026260102167725,0.0082752397283911,0.0325379818677902,-0.0012824583100155,-0.0434444099664688,-0.0060348436236381,-0.023305844515562,0.0018085439223796,0.0025396437849849,-0.0167634170502424,0.0001270273933187,-0.0217705406248569,0.023927129805088,0.0057648522779345,-0.0303870402276516,-0.0131964534521102,-0.0057665677741169,0.0049980110488832,0.0035224403254687,0.0104838544502854,-0.016942897811532,0.0007980521186254,0.0073502426967024,0.0003987078671343,-0.0022374184336513,-0.0018599627073854,0.0037429246585816,0.0039931195788085,0.033260304480791,0.0009280086960643,-0.015359217301011,-0.0027814449276775,0.0102589819580316,0.0151414452120661,0.0119388243183493,-0.0048410668969154,0.002602094085887,-0.0135419247671961,0.0105180526152253,0.0018659122288227,0.0070170634426176,0.0077158687636256,-0.0019820497836917,0.0124092735350132,0.005580629222095,0.0174728948622942,0.0002658728335518,0.002819444052875,0.0001328526705037,0.0107347778975963,0.0005319978226907,-0.0206518545746803,0.0160999186336994,-0.0052251582205373,0.024221871766874,0.0104504095502779,0.0303362300594864,-0.0106991875036951,0.0139071574794356,-0.0328439855846229,0.0348751646252696,-0.0099485670960142,0.1167304346759714,-0.003015491027932,0.1396696851180994,2019-02-20,2019-02-21,2019-02-22,2019-02-25,2019-02-26,2019-02-27,2019-02-28,2019-03-01,2019-03-04,2019-03-05,77057.0,2019-02-19,252.0,-4.9545%,0.001,0.3401,0.2414,0.0314,1.0937%,1.1576%,10.7316%,-0.0512819999999999,NHI,77057.0,2019-02-20,252.0,-2.0652%,0.0009,0.3318,0.2141,-0.0005,1.0957%,1.1580%,10.4619%,-0.022102,NHI,77057.0,2019-02-21,252.0,1.5752%,0.001,0.321,0.1957,-0.0203,1.0935%,1.1531%,10.0688%,0.017028,NHI,77057.0,2019-02-22,252.0,1.5758%,0.001,0.3197,0.1897,-0.0414,1.0950%,1.1561%,10.2855%,0.012196,NHI,77057.0,2019-02-25,252.0,-1.3913%,0.0009,0.3201,0.1975,-0.0357,1.0989%,1.1598%,10.2212%,-0.014074,NHI,77057.0,2019-02-26,252.0,-0.7117%,0.0009,0.3163,0.2103,-0.0321,1.0983%,1.1581%,10.0675%,-0.005558,NHI,77057.0,2019-02-27,252.0,-0.6413%,0.0008,0.3155,0.2092,-0.0322,1.0994%,1.1588%,9.9893%,-0.007236,NHI,77057.0,2019-02-28,252.0,-1.2404%,0.0009,0.3077,0.2035,-0.035,1.0956%,1.1523%,9.6116%,-0.011648,NHI,77057.0,2019-03-01,252.0,0.0641%,0.0008,0.3096,0.2062,-0.0306,1.0954%,1.1523%,9.6335%,-0.002395,NHI,77057.0,2019-03-04,252.0,-0.1153%,0.0008,0.3143,0.1901,-0.0317,1.0935%,1.1512%,9.7691%,0.0013109999999999,NHI,77057.0,2019-03-05,252.0,-0.3206%,0.0008,0.3158,0.1995,-0.0295,1.0934%,1.1515%,9.8434%,-0.002248,NHI,-0.0733839999999999,-0.0563559999999999,-0.0441599999999999,-0.0637919999999999,-0.0860079999999999
20707,NATIONAL HEALTH INVESTORS INC,"National Health Investors Q4 AFFO $1.35, Same YoY, Sales $73.995M Miss $75.24M Estimate",6,decrease,0.7,0.6,"the miss on sales estimates and stagnant affo compared to the previous year may lead investors to view the company's performance negatively, resulting in a potential decrease in stock price.",0,2019-02-19,NHI,2019-02-19 11:26:00+00:00,77057.0,63633D10,-0.0495447851717472,447858.0,-0.0206518545746803,0.0160999186336994,0.0157520044595003,0.0079932622611522,0.015757905319333,0.005969759542495,-0.013912889175117,-0.0159453507512807,-0.007116989698261,0.0,-0.0064134122803807,-0.0047726272605359,-0.0124035356566309,0.0150175346061587,0.000640818325337,-0.0003631813451647,-0.0011527147144079,-0.0004840381734538,-0.0032055391930043,0.0112579315900802,-0.0090043349191546,-0.0184962879866361,-0.0041536823846399,0.0179728716611862,0.0088634034618735,0.006893974263221,0.0083979526534676,0.008191680535674,0.0015374133363366,0.0044882260262966,0.0099782375618815,0.0075367223471403,0.0036732226144522,0.0018877615220844,-0.0076981401070952,0.0072252466343343,-0.0077578611671924,-0.0012659637723118,0.002179002854973,0.0024111014790833,0.0034530840348452,0.0025445874780416,0.016441510990262,0.0111925266683101,-0.0190595183521509,0.0079097589477896,0.0121436389163136,-0.0178297758102417,0.0085880309343338,0.006537552922964,-0.0028800820000469,0.0039897710084915,0.0086650680750608,-0.0069018523208796,-0.0090828007087111,0.0172928627580404,-0.0043285037390887,0.0086557855829596,0.0042194328270852,0.0068664546124637,-0.003692397614941,0.0226873774081468,-0.0052396636456251,-0.0197246205061674,0.0060380427166819,0.0019896740559488,-0.0123866843059659,0.0003928598598577,0.0,0.0026260102167725,0.0082752397283911,0.0325379818677902,-0.0012824583100155,-0.0434444099664688,-0.0060348436236381,-0.023305844515562,0.0018085439223796,0.0025396437849849,-0.0167634170502424,0.0001270273933187,-0.0217705406248569,0.023927129805088,0.0057648522779345,-0.0303870402276516,-0.0131964534521102,-0.0057665677741169,0.0049980110488832,0.0035224403254687,0.0104838544502854,-0.016942897811532,0.0007980521186254,0.0073502426967024,0.0003987078671343,-0.0022374184336513,-0.0018599627073854,0.0037429246585816,0.0039931195788085,0.033260304480791,0.0009280086960643,-0.015359217301011,-0.0027814449276775,0.0102589819580316,0.0151414452120661,0.0119388243183493,-0.0048410668969154,0.002602094085887,-0.0135419247671961,0.0105180526152253,0.0018659122288227,0.0070170634426176,0.0077158687636256,-0.0019820497836917,0.0124092735350132,0.005580629222095,0.0174728948622942,0.0002658728335518,0.002819444052875,0.0001328526705037,0.0107347778975963,0.0005319978226907,-0.0206518545746803,0.0160999186336994,-0.0052251582205373,0.024221871766874,0.0104504095502779,0.0303362300594864,-0.0106991875036951,0.0139071574794356,-0.0328439855846229,0.0348751646252696,-0.0099485670960142,0.1167304346759714,-0.003015491027932,0.1396696851180994,2019-02-20,2019-02-21,2019-02-22,2019-02-25,2019-02-26,2019-02-27,2019-02-28,2019-03-01,2019-03-04,2019-03-05,77057.0,2019-02-19,252.0,-4.9545%,0.001,0.3401,0.2414,0.0314,1.0937%,1.1576%,10.7316%,-0.0512819999999999,NHI,77057.0,2019-02-20,252.0,-2.0652%,0.0009,0.3318,0.2141,-0.0005,1.0957%,1.1580%,10.4619%,-0.022102,NHI,77057.0,2019-02-21,252.0,1.5752%,0.001,0.321,0.1957,-0.0203,1.0935%,1.1531%,10.0688%,0.017028,NHI,77057.0,2019-02-22,252.0,1.5758%,0.001,0.3197,0.1897,-0.0414,1.0950%,1.1561%,10.2855%,0.012196,NHI,77057.0,2019-02-25,252.0,-1.3913%,0.0009,0.3201,0.1975,-0.0357,1.0989%,1.1598%,10.2212%,-0.014074,NHI,77057.0,2019-02-26,252.0,-0.7117%,0.0009,0.3163,0.2103,-0.0321,1.0983%,1.1581%,10.0675%,-0.005558,NHI,77057.0,2019-02-27,252.0,-0.6413%,0.0008,0.3155,0.2092,-0.0322,1.0994%,1.1588%,9.9893%,-0.007236,NHI,77057.0,2019-02-28,252.0,-1.2404%,0.0009,0.3077,0.2035,-0.035,1.0956%,1.1523%,9.6116%,-0.011648,NHI,77057.0,2019-03-01,252.0,0.0641%,0.0008,0.3096,0.2062,-0.0306,1.0954%,1.1523%,9.6335%,-0.002395,NHI,77057.0,2019-03-04,252.0,-0.1153%,0.0008,0.3143,0.1901,-0.0317,1.0935%,1.1512%,9.7691%,0.0013109999999999,NHI,77057.0,2019-03-05,252.0,-0.3206%,0.0008,0.3158,0.1995,-0.0295,1.0934%,1.1515%,9.8434%,-0.002248,NHI,-0.0733839999999999,-0.0563559999999999,-0.0441599999999999,-0.0637919999999999,-0.0860079999999999
20715,ENPRO INDUSTRIES INC,"KeyBanc Downgrades EnPro Industries to Sector Weight, Announces $74",6,decrease,0.8,0.6,"a downgrade from keybanc typically signals reduced expectations for the company's performance, which can lead to a decline in stock price.",0,2019-02-19,NPO,2019-02-19 11:16:00+00:00,89406.0,29355X10,-0.028804900124669,232736.0,0.025381525978446,0.0419912822544574,-0.0143235484138131,0.0292588919401168,-0.0124153112992644,-0.0175105351954698,-0.004571424331516,0.0505901463329792,0.0064580501057207,0.0094398111104965,0.0009981419425457,-0.0027777822688221,-0.0229344833642244,-0.0235080998390913,0.0046655102632939,0.0007540801307186,0.0008706654189154,-0.0070380535908043,-0.0007249971386045,0.0055713760666549,0.0020387270487844,0.0054504252038896,-0.0383665077388286,0.007781540043652,0.0084631284698843,0.0161240454763174,0.0182825345546007,0.0135135231539607,-0.0245768688619136,-0.0105721438303589,-0.004677090793848,0.0250199157744646,-0.0175838060677051,-0.0135198961943388,0.0058633680455386,-0.0144096734002232,0.0388096123933792,-0.0244861338287591,-0.0064973779954016,0.0155027182772755,-0.0102556841447949,0.0292259454727172,0.0165190901607275,0.0102138426154851,-0.0627862885594368,-0.0022292896173894,0.0072509916499257,-0.0139739271253347,0.0015649213455617,-0.0015676796901971,-0.0078125,0.0188468340784311,0.0228345971554517,0.0100015960633754,-0.0076982299797236,0.0040492387488484,0.0207913741469383,-0.006756727118045,0.0126159265637397,0.0436534322798252,0.0076552759855985,-0.03343066573143,0.0196633357554674,0.0252911895513534,0.0151935862377286,-0.01329833175987,0.0056123095564544,0.010116096585989,-0.0174584090709686,0.011405574157834,0.0173317026346921,0.0734605342149734,0.0110236834734678,-0.0465235896408557,0.0158594604581594,-0.0221587996929884,-0.0065514529123902,0.0082938028499484,0.0008419418008998,-0.030521772801876,-0.0082714697346091,0.0013144597178325,0.0134295253083109,-0.0232707541435957,0.0064165024086833,-0.0125197637826204,0.0353429727256298,-0.0307219661772251,0.0026774376165121,0.0364591144025325,-0.036048125475645,-0.014126474969089,0.0045706625096499,-0.0087132034823298,0.0312974527478218,-0.0109265418723225,-0.0064171571284532,-0.0082416562363505,-0.0204520542174577,-0.066969446837902,-0.1100274994969368,0.0014209449291229,0.0370427779853344,0.0226677935570478,-0.0016371574020013,-0.0130503885447979,-0.0177400484681129,0.039040420204401,-0.0135073512792587,-0.0011906805448234,0.0083077065646648,0.0180303398519754,0.0009154342114925,-0.0091577935963869,-0.0535060726106166,0.0,0.0045095630921423,-0.0150820147246122,0.0128266671672463,-0.0306722018867731,0.025381525978446,0.0419912822544574,0.0106944240484641,0.0724787925844845,-0.0018536618545283,0.0536991149405388,-1.0092338076361782e-09,0.1174558340199587,-0.0172536610876766,0.0873361712006168,-0.0465914468807533,0.2123908255881228,-0.0959649661578623,0.0387631949207467,2019-02-20,2019-02-21,2019-02-22,2019-02-25,2019-02-26,2019-02-27,2019-02-28,2019-03-01,2019-03-04,2019-03-05,89406.0,2019-02-19,252.0,-2.8805%,-0.0002,1.4389,1.2439,0.8183,1.5031%,2.1315%,50.2721%,-0.037868,NPO,89406.0,2019-02-20,252.0,2.5382%,-0.0001,1.4429,1.2513,0.8321,1.5061%,2.1367%,50.3155%,0.0153099999999999,NPO,89406.0,2019-02-21,252.0,-1.4324%,-0.0001,1.4412,1.2465,0.8292,1.5057%,2.1333%,50.1847%,-0.0062949999999999,NPO,89406.0,2019-02-22,252.0,-1.2415%,-0.0001,1.4436,1.244,0.8549,1.5091%,2.1345%,50.0126%,-0.016551,NPO,89406.0,2019-02-25,252.0,-0.4571%,-0.0002,1.4449,1.2463,0.8608,1.5076%,2.1341%,50.0939%,-0.002063,NPO,89406.0,2019-02-26,252.0,0.6458%,-0.0,1.4524,1.2117,0.8489,1.5077%,2.1344%,50.1033%,0.019487,NPO,89406.0,2019-02-27,252.0,0.0998%,-0.0,1.4542,1.2079,0.8492,1.5075%,2.1342%,50.1049%,-0.001693,NPO,89406.0,2019-02-28,252.0,-2.2934%,-0.0001,1.4612,1.2121,0.8581,1.5105%,2.1373%,50.0530%,-0.016645,NPO,89406.0,2019-03-01,252.0,0.4666%,-0.0001,1.4511,1.1971,0.8452,1.5082%,2.1237%,49.5671%,-0.006028,NPO,89406.0,2019-03-04,252.0,0.0871%,-0.0,1.4504,1.1905,0.8474,1.5094%,2.1235%,49.4735%,0.009818,NPO,89406.0,2019-03-05,252.0,-0.0725%,0.0,1.451,1.1994,0.8451,1.5094%,2.1221%,49.4135%,0.007375,NPO,-0.022558,-0.028853,-0.045404,-0.02798,-0.035153
20723,NORTH EUROPEAN OIL RTY TR,North European Oil Royalty Trust LAte Friday Reported Q1 Net Income $2.094M Up From $1.5M YoY,6,increase,0.8,0.6,"the reported increase in net income year-over-year suggests improved financial performance, which is likely to positively influence investor sentiment and drive the stock price up.",2,2019-02-19,NRT,2019-02-19 14:33:00+00:00,63706.0,65931010,-0.0216138456016778,30171.0,-0.0103093041107058,0.0028901705518364,0.022321444004774,-0.0572639368474483,0.0100437039509415,0.0276251249015331,0.0232021585106849,0.0264763515442609,0.0295774713158607,0.025714261457324,0.0068399715237319,-0.0277777519077062,0.0176629945635795,0.0069929668679833,-0.0160213466733694,0.051470573991537,-0.0203527957201004,-0.0381895303726196,0.0096953148022294,0.0321168266236782,-0.0066118147224187,0.0753532201051712,-0.022342499345541,-0.0200000181794166,-0.0225988496094942,0.0569105520844459,0.0137282935902476,0.0336134955286979,0.0235210210084915,-0.0213815979659557,-0.0278551280498504,0.0158729795366525,0.0069627789780497,-0.0123762059956789,0.0030446993187069,-0.0114192776381969,0.007092157844454,-0.0096930442377924,-0.0112675949931144,-0.0549618490040302,0.0242165345698595,0.054665558040142,-0.0166898313909769,0.0437815077602863,-0.0127298654988408,-0.02459017932415,0.0100286779925227,-0.0348101668059825,-0.0113475741818547,-0.012499988079071,-0.0043041226454079,0.0015649810666218,0.0158501639962196,0.006299206521362,-0.0241134855896234,-0.0078125298023223,0.0043604262173175,0.0666666850447654,0.0028943533543497,-0.0033222560305148,0.0101010352373123,0.0100671043619513,-0.0114285601302981,0.0275861788541078,0.0187861435115337,-0.0136054288595914,-0.0041843983344733,-0.0183638837188482,-0.0228616259992122,0.0890908688306808,0.0203935466706752,0.035781554877758,-0.0071286810562014,-0.0601770170032978,-0.0113524980843067,0.0,-0.0103476531803607,-0.0374786704778671,-0.017647111788392,0.0262237936258316,0.025449113920331,0.0,-0.0087591158226132,-0.0337838307023048,0.0027245730161666,-0.0248723477125167,-0.001248384010978,-0.0120422914624214,-0.0161764901131391,-0.0088709406554698,-0.0089686010032892,0.0232711322605609,0.0346908010542392,-0.0179902855306863,0.0204081442207098,0.0051152063533663,0.0128571642562747,-0.0114976111799478,-0.0225670412182807,-0.0296875089406967,-0.0245309676975011,-0.0123456669971346,0.0411389842629432,-0.0328357890248298,0.0343701355159282,0.0307692009955644,0.0082417502999305,-0.0552325733006,0.0058310558088123,-0.0028985480312258,-0.0247602928429842,0.0014514120994135,0.0277778189629316,0.0392156466841697,0.0054053999483585,0.0343214161694049,0.0040322220884263,-0.0432835780084133,0.0240964274853467,-0.0289855487644672,-0.0103093041107058,0.0028901705518364,0.0117820213396329,-0.0545392688395706,0.0219440604248535,-0.0284207980517688,0.0765832101720835,0.0229479864607595,0.0736377049011827,0.0453483212428167,0.0206185373840317,0.1894744112828927,0.1266568707484658,0.037773308045202,2019-02-20,2019-02-21,2019-02-22,2019-02-25,2019-02-26,2019-02-27,2019-02-28,2019-03-01,2019-03-04,2019-03-05,63706.0,2019-02-19,252.0,-2.1614%,-0.0001,0.4617,0.3512,0.3981,2.2572%,2.3048%,4.0924%,-0.0248919999999999,NRT,63706.0,2019-02-20,252.0,-1.0309%,-0.0002,0.4556,0.3271,0.3734,2.2539%,2.2999%,3.9648%,-0.014249,NRT,63706.0,2019-02-21,252.0,2.2321%,-0.0001,0.4495,0.3202,0.362,2.2595%,2.3040%,3.8307%,0.024995,NRT,63706.0,2019-02-22,252.0,1.0044%,-0.0001,0.4475,0.3327,0.3502,2.2599%,2.3046%,3.8365%,0.010582,NRT,63706.0,2019-02-25,252.0,2.3202%,0.0001,0.4447,0.3181,0.3321,2.2602%,2.3040%,3.7701%,0.023926,NRT,63706.0,2019-02-26,252.0,2.9577%,0.0002,0.423,0.2929,0.3031,2.2644%,2.3038%,3.3912%,0.033321,NRT,63706.0,2019-02-27,252.0,0.6840%,0.0002,0.4262,0.289,0.3036,2.2643%,2.3040%,3.4216%,0.006166,NRT,63706.0,2019-02-28,252.0,1.7663%,0.0002,0.4337,0.2948,0.3046,2.2636%,2.3046%,3.5261%,0.0195849999999999,NRT,63706.0,2019-03-01,252.0,-1.6021%,0.0001,0.4272,0.2851,0.3033,2.2666%,2.3058%,3.3716%,-0.018871,NRT,63706.0,2019-03-04,252.0,-2.0353%,0.0001,0.4259,0.3061,0.2999,2.2690%,2.3086%,3.3992%,-0.018264,NRT,63706.0,2019-03-05,252.0,0.9695%,0.0001,0.4193,0.2624,0.2908,2.2665%,2.3037%,3.2078%,0.011998,NRT,-0.0391409999999999,-0.0141459999999999,-0.0035639999999999,0.053683,0.054297
20731,NORFOLK SOUTHERN CORP,RBC Capital Downgrades Norfolk Southern to Underperform,6,decrease,0.8,0.7,"a downgrade from rbc capital typically signals negative sentiment towards the stock, likely leading to a decrease in its price.",0,2019-02-19,NSC,2019-02-19 11:55:00+00:00,64311.0,65584410,-0.0006015235558152,1516247.0,0.0039943698793649,0.006273039150983,-0.0029974551871418,0.0043105762451887,0.0019678615499287,0.0018824889557436,-0.0103109618648886,0.0206838306039571,-0.0049611879512667,0.0320190712809562,0.0017174273962154,0.005807505454868,-0.0084061734378337,0.0088176438584923,-0.0023982594721019,0.0005920822150073,0.0051993513479828,-0.0062959226779639,-0.0109010385349392,0.0024774267803877,0.0061853695660829,0.0157982185482978,-0.0012853231746703,-0.0038009227719157,-0.0107996631413698,0.0086863487958908,0.0229663848876953,0.0068761650472879,-0.0082392739132046,0.0040576439350843,0.0024532319512218,-0.0049415891990065,-0.0044495677575469,0.0105352634564042,0.0029610523488372,-0.0068343393504619,0.0167669039219617,-0.021946208551526,-0.0205445680767297,0.0240489523857832,-0.0029086265712976,0.0139426589012146,0.0131830256432294,0.0019693030044436,-0.0147832240909338,-0.0075128003954887,0.0105091324076056,0.0008558466215617,0.0090094832703471,0.0134440129622817,0.005456680431962,0.0150934485718607,0.0217629708349704,0.0151302041485905,0.0026825473178178,0.0334498360753059,0.0355823971331119,0.0069089788012206,-0.002790086204186,0.0452020168304443,-0.0037305762525647,-0.0369131304323673,-0.0040045990608632,0.0,0.0035507699940353,0.0103371310979127,0.0095738396048545,-0.0060439803637564,-0.0065969116985797,0.0110673876479268,-0.0007263262523338,0.0535804107785224,0.0029593065846711,-0.0317911878228187,0.015374269336462,-0.0106893079355359,-0.0123884417116642,-0.0067378361709415,-0.0025810447987169,-0.0096387704834342,0.0200807619839906,0.005285260733217,0.0075088567100465,-0.0218717064708471,0.0146540617570281,-0.0421533733606338,0.0008933081990107,0.0052329758182168,0.0249417312443256,0.0075874011963605,-0.0188195426017046,-0.0023094727657735,0.0065578711219131,-0.0070705176331102,-0.0063681937754154,-0.0320611447095871,0.0058174324221909,-0.0223039183765649,-0.0187236908823251,-0.0365315005183219,0.0089410990476608,0.0084338011220097,0.0195395648479461,0.013654732145369,-0.0039013121277093,0.0033955282997339,-0.0150298252701759,0.0311424564570188,0.001789356349036,-0.0079824356362223,0.0057554137893021,0.0012813101056963,-0.0005920298281125,-0.014135374687612,-0.0285305250436067,0.0215053763240575,0.0189014859497547,-0.0456224642693996,0.0013464533258229,-0.0088346656411886,0.0039943698793649,0.006273039150983,0.0009849417475087,0.0106106558097212,0.0029547415264312,0.0125131192078398,-0.0123112277765344,0.0665460629847407,-0.0269205424840833,0.078688116242076,0.0560297993114295,0.2761953981260499,0.1034066440799581,0.0682805086849958,2019-02-20,2019-02-21,2019-02-22,2019-02-25,2019-02-26,2019-02-27,2019-02-28,2019-03-01,2019-03-04,2019-03-05,64311.0,2019-02-19,252.0,-0.0602%,0.0012,1.1654,-0.0187,0.4087,1.2413%,1.6949%,46.3647%,-0.004136,NSC,64311.0,2019-02-20,252.0,0.3994%,0.0012,1.165,-0.0195,0.4071,1.2413%,1.6950%,46.3663%,-0.000527,NSC,64311.0,2019-02-21,252.0,-0.2997%,0.0012,1.1607,-0.0282,0.3992,1.2392%,1.6907%,46.2762%,0.002136,NSC,64311.0,2019-02-22,252.0,0.1968%,0.0012,1.1605,-0.0215,0.4036,1.2388%,1.6897%,46.2460%,0.000346,NSC,64311.0,2019-02-25,252.0,-1.0311%,0.0011,1.1628,-0.013,0.4164,1.2356%,1.6877%,46.3994%,-0.0114809999999999,NSC,64311.0,2019-02-26,252.0,-0.4961%,0.0011,1.1697,-0.0155,0.4204,1.2340%,1.6876%,46.5339%,-0.00191,NSC,64311.0,2019-02-27,252.0,0.1717%,0.0011,1.1669,-0.0106,0.4199,1.2333%,1.6832%,46.3117%,0.001099,NSC,64311.0,2019-02-28,252.0,-0.8406%,0.0011,1.1651,-0.012,0.4197,1.2333%,1.6798%,46.0943%,-0.0038369999999999,NSC,64311.0,2019-03-01,252.0,-0.2398%,0.0011,1.1549,-0.0272,0.4086,1.2321%,1.6710%,45.6312%,-0.009164,NSC,64311.0,2019-03-04,252.0,0.5199%,0.0011,1.1586,-0.047,0.4094,1.2316%,1.6710%,45.6781%,0.009412,NSC,64311.0,2019-03-05,252.0,-1.0901%,0.0011,1.1616,-0.0291,0.415,1.2322%,1.6727%,45.7364%,-0.008185,NSC,-0.004663,-0.0025269999999999,-0.0021809999999999,-0.0155719999999999,-0.026247
20739,INSPIREMD INC,"InspireMD Q4 EPS $(0.05) Up From $(7.38) YoY, Sales $822K Down From $833K YoY",6,increase,0.7,0.5,"the significant improvement in eps from $(7.38) to $(0.05) suggests a positive trend in financial performance, which may boost investor confidence despite a slight decline in sales.",2,2019-02-19,NSPR,2019-02-19 12:20:00+00:00,13844.0,45779A84,-0.0750000029802322,2487368.0,-0.0270270016044378,0.0526316091418266,-0.0138889579102397,0.0826210379600524,0.0,0.0063073607161641,-0.014084493741393,0.0069284378550946,-0.0114285945892334,-0.0835978835821151,-0.02890170738101,-0.0948276221752166,0.029166717082262,0.0598985105752944,-0.00520532252267,0.0341206863522529,-0.0116279302164912,0.0015773137565702,-0.0294117368757724,0.0269978139549493,-0.0618182308971881,0.0164654552936554,-0.0226098168641328,-0.0016438633901998,-0.0185062978416681,-0.0135135008022189,0.0101010808721184,-0.0512820035219192,0.0466666594147682,0.0268562249839305,-0.0254777576774358,-0.005759181920439,0.0294117759913206,-0.0041710045188665,-0.0323809348046779,0.0094736879691481,0.0498687289655208,-0.0251411404460668,-0.0049999915063381,0.2181250602006912,0.00439696572721,-0.0303030908107757,0.0006254015024751,-0.0060240188613533,-0.0312499701976776,-0.0399075299501419,-0.0161290168762207,-0.0803190842270851,-0.088524617254734,0.047353733330965,0.0215827785432338,-0.0390792526304721,-0.0316901504993438,0.034903060644865,0.0181818008422851,0.0705813094973564,-0.0871437489986419,-0.0082353455945849,-0.1079812347888947,0.0005885915015824,0.2526316046714783,0.0107079157605767,-0.4257703125476837,0.0578980930149555,0.0219512563198804,0.0251612346619367,0.0835321992635726,0.0444744452834129,-0.0462555140256881,-0.0033580150920897,0.0577367208898067,0.0980826094746589,0.0851528123021125,-0.0279570333659648,-0.0080482820048928,-0.0210525691509246,-0.0223123040050268,-0.1374091804027557,0.0726140886545181,-0.0224852357059717,-0.0618955828249454,0.0217654258012771,-0.0742268338799476,-0.0472350493073463,-0.0311803724616766,-0.0258137099444866,0.0,0.0024301311932504,-0.0183907877653837,0.0216552410274744,-0.0140515090897679,-0.0481400452554225,-0.0047505893744528,-0.0187869016081094,0.1479713320732117,0.007026984822005,-0.0395010523498058,-0.0675403401255607,0.0974026620388031,-0.0079999864101409,0.0966468974947929,-0.0291262008249759,-0.0197841972112655,-0.0908689424395561,-0.0275228675454855,0.0299545172601938,-0.0377359017729759,0.0617760270833969,-0.0647058710455894,0.005825269035995,-0.0398322977125644,-0.0269249267876148,-0.0283843055367469,0.0153477676212787,-0.0292134024202823,-0.0234191827476024,-0.1597222238779068,0.0166666656732559,-0.0413223393261432,-0.0228013414889574,-0.0270270016044378,0.0526316091418266,-0.0405405826269534,0.1396011252786846,-0.0405405826269534,0.1467890006483638,-0.0648649151772434,0.058201100270038,-0.1081080846269664,0.0799135914838145,-0.3837843985691437,0.1771630593797064,-0.6237841385820186,-0.0693345645135207,2019-02-20,2019-02-21,2019-02-22,2019-02-25,2019-02-26,2019-02-27,2019-02-28,2019-03-01,2019-03-04,2019-03-05,13844.0,2019-02-19,252.0,-7.5000%,-0.009,0.4982,1.2788,0.2629,8.4405%,8.4796%,0.9185%,-0.081159,NSPR,13844.0,2019-02-20,252.0,-2.7027%,-0.0091,0.4912,1.2606,0.2372,8.4417%,8.4800%,0.9023%,-0.032333,NSPR,13844.0,2019-02-21,252.0,-1.3889%,-0.0089,0.4743,1.2257,0.2062,8.4363%,8.4727%,0.8580%,-0.010744,NSPR,13844.0,2019-02-22,252.0,0.0000%,-0.0087,0.471,1.3044,0.2386,8.4283%,8.4671%,0.9128%,-0.006893,NSPR,13844.0,2019-02-25,252.0,-1.4084%,-0.0087,0.4692,1.3039,0.2319,8.4278%,8.4666%,0.9136%,-0.01107,NSPR,13844.0,2019-02-26,252.0,-1.1429%,-0.0087,0.4623,1.3009,0.2252,8.4277%,8.4663%,0.9095%,-0.0016669999999999,NSPR,13844.0,2019-02-27,252.0,-2.8902%,-0.0085,0.4897,1.2454,0.2297,8.4196%,8.4575%,0.8953%,-0.031619,NSPR,13844.0,2019-02-28,252.0,2.9167%,-0.0072,0.3181,1.1289,0.0959,8.1998%,8.2274%,0.6702%,0.03091,NSPR,13844.0,2019-03-01,252.0,-0.5205%,-0.0069,0.2774,1.0684,0.0345,8.1893%,8.2141%,0.6030%,-0.010476,NSPR,13844.0,2019-03-04,252.0,-1.1628%,-0.0069,0.2692,1.0951,0.0368,8.1885%,8.2139%,0.6165%,-0.006136,NSPR,13844.0,2019-03-05,252.0,-2.9412%,-0.0069,0.2721,1.1054,0.0457,8.1894%,8.2146%,0.6128%,-0.0255609999999999,NSPR,-0.113492,-0.124236,-0.131129,-0.143866,-0.186748
20747,NETEASE INC,"'Amazon's China unit in merger talks with NetEase's Kaola: report', Reuters",6,increase,0.7,0.6,"the news of a merger talks with amazon's china unit could be seen as a positive development for netease, potentially enhancing its market position and investor confidence.",2,2019-02-19,NTES,2019-02-19 16:55:00+00:00,88362.0,64110W10,0.0088744591921567,1313056.0,0.0128897698596119,-0.0560670346021652,-0.0588564164936542,0.0025360686704516,0.01708460226655,-0.0158346779644489,0.0069167241454124,0.0176972728222608,0.0028547185938805,0.0011255169520154,0.0035137359518557,0.0091287624090909,-0.0106373280286788,-0.0223327819257974,-0.026162514463067,-0.0530087649822235,0.007268386427313,0.0203473158180713,0.0457160845398902,0.0073662344366312,0.0123159894719719,-0.0084944209083914,-0.0296388585120439,0.0365356504917144,0.0094903083518147,0.0207895711064338,0.0281590204685926,-0.0131387989968061,-0.0009444139432162,-0.0054412470199167,0.0349332056939601,0.0091937407851219,-0.0095075694844126,-0.024035720154643,0.0158444009721279,0.0049369893968105,0.0046626348048448,-0.0300379786640405,0.0033267519902437,0.001982710789889,-0.0298415552824735,-0.0080245789140462,0.0127426339313387,0.0291474238038063,-0.0319556631147861,0.0289070401340723,0.0059823514893651,-0.0137211252003908,0.0070590991526842,-0.0459729395806789,-0.0006372143980115,-0.0127302603796124,0.004378501791507,0.0661276280879974,0.0219240393489599,0.0121925678104162,0.0603023953735828,0.0423939302563667,0.0089058969169855,0.0400634072721004,0.0359286032617092,-0.0384783297777175,0.0081847831606864,-0.0239197425544261,0.0367733649909496,-0.0065003945492208,-0.0033966738265007,-0.0384755693376064,-0.0072113145142793,0.0117854597046971,-0.0135516040027141,-0.0061624883674085,0.0023445219267159,0.0024547155480831,0.0030701614450663,0.0365108363330364,-0.0142466882243752,0.0104984026402235,-0.0177423600107431,0.0036555600818246,0.0095582474023103,-0.025441100820899,-0.0084612686187028,-0.0379435643553733,0.0076312869787216,-0.0210397578775882,0.0227578189224004,0.0252539794892072,0.0001458306942367,0.0385859869420528,0.0138230677694082,0.0046026362106204,0.0099291643127799,0.0008875648491084,0.0104013923555612,-0.0077997259795665,0.003102432237938,0.0394020341336727,0.0029522241093218,-0.0251954793930053,-0.0174159910529851,0.0365085341036319,0.0179743524640798,0.017202042043209,-0.0140834813937544,-0.0424657985568046,-0.0612962804734706,0.014197040349245,0.0009084688499569,0.0015218980843201,-0.0103626567870378,0.0187375228852033,0.0107004530727863,-0.0335217118263244,-0.0374333336949348,0.0298941750079393,0.0306398533284664,-0.0277777593582868,-0.0012577145826071,-0.0005569807835854,0.0128897698596119,-0.0560670346021652,-0.0467252922974069,-0.0536731557816132,-0.0304389730655464,-0.0686579366089246,-0.0209458187342658,-0.0511089297298495,-0.0029176054173998,-0.0887545495353696,0.1271660078940155,0.0304210152774522,0.1435308421210737,-0.0228403159377263,2019-02-20,2019-02-21,2019-02-22,2019-02-25,2019-02-26,2019-02-27,2019-02-28,2019-03-01,2019-03-04,2019-03-05,88362.0,2019-02-19,252.0,0.8874%,-0.0013,0.8893,-0.1986,-0.7914,2.2096%,2.5178%,22.9804%,0.010076,NTES,88362.0,2019-02-20,252.0,1.2890%,-0.0012,0.8945,-0.1855,-0.7726,2.2121%,2.5190%,22.8793%,0.01589,NTES,88362.0,2019-02-21,252.0,-5.8856%,-0.0015,0.913,-0.1602,-0.7383,2.2382%,2.5443%,22.6175%,-0.057554,NTES,88362.0,2019-02-22,252.0,1.7085%,-0.0015,0.9124,-0.1532,-0.7393,2.2380%,2.5457%,22.7132%,0.001078,NTES,88362.0,2019-02-25,252.0,0.6917%,-0.0015,0.9133,-0.1549,-0.7366,2.2376%,2.5453%,22.7120%,0.003719,NTES,88362.0,2019-02-26,252.0,0.2855%,-0.0015,0.9172,-0.1618,-0.7372,2.2372%,2.5449%,22.7173%,0.000794,NTES,88362.0,2019-02-27,252.0,0.3514%,-0.0014,0.9263,-0.1768,-0.7357,2.2337%,2.5444%,22.9333%,0.002011,NTES,88362.0,2019-02-28,252.0,-1.0637%,-0.0013,0.9134,-0.1859,-0.7431,2.2278%,2.5333%,22.6685%,-0.00967,NTES,88362.0,2019-03-01,252.0,-2.6163%,-0.0014,0.9052,-0.1982,-0.7401,2.2380%,2.5377%,22.2287%,-0.035263,NTES,88362.0,2019-03-04,252.0,0.7268%,-0.0013,0.899,-0.1914,-0.7354,2.2393%,2.5343%,21.9267%,0.0139789999999999,NTES,88362.0,2019-03-05,252.0,4.5716%,-0.0011,0.8911,-0.2227,-0.758,2.2580%,2.5506%,21.6301%,0.0447959999999999,NTES,0.025966,-0.031588,-0.03051,-0.025997,-0.010144
20755,NETEASE INC,NetEase shares are trading higher following media reports Amazon China is interested in acquiring the company's Kaola division.,6,increase,0.8,0.7,"the interest from amazon china in acquiring netease's kaola division suggests potential value recognition and strategic growth, likely leading to an increase in netease's stock price.",2,2019-02-19,NTES,2019-02-19 14:10:00+00:00,88362.0,64110W10,0.0088744591921567,1313056.0,0.0128897698596119,-0.0560670346021652,-0.0588564164936542,0.0025360686704516,0.01708460226655,-0.0158346779644489,0.0069167241454124,0.0176972728222608,0.0028547185938805,0.0011255169520154,0.0035137359518557,0.0091287624090909,-0.0106373280286788,-0.0223327819257974,-0.026162514463067,-0.0530087649822235,0.007268386427313,0.0203473158180713,0.0457160845398902,0.0073662344366312,0.0123159894719719,-0.0084944209083914,-0.0296388585120439,0.0365356504917144,0.0094903083518147,0.0207895711064338,0.0281590204685926,-0.0131387989968061,-0.0009444139432162,-0.0054412470199167,0.0349332056939601,0.0091937407851219,-0.0095075694844126,-0.024035720154643,0.0158444009721279,0.0049369893968105,0.0046626348048448,-0.0300379786640405,0.0033267519902437,0.001982710789889,-0.0298415552824735,-0.0080245789140462,0.0127426339313387,0.0291474238038063,-0.0319556631147861,0.0289070401340723,0.0059823514893651,-0.0137211252003908,0.0070590991526842,-0.0459729395806789,-0.0006372143980115,-0.0127302603796124,0.004378501791507,0.0661276280879974,0.0219240393489599,0.0121925678104162,0.0603023953735828,0.0423939302563667,0.0089058969169855,0.0400634072721004,0.0359286032617092,-0.0384783297777175,0.0081847831606864,-0.0239197425544261,0.0367733649909496,-0.0065003945492208,-0.0033966738265007,-0.0384755693376064,-0.0072113145142793,0.0117854597046971,-0.0135516040027141,-0.0061624883674085,0.0023445219267159,0.0024547155480831,0.0030701614450663,0.0365108363330364,-0.0142466882243752,0.0104984026402235,-0.0177423600107431,0.0036555600818246,0.0095582474023103,-0.025441100820899,-0.0084612686187028,-0.0379435643553733,0.0076312869787216,-0.0210397578775882,0.0227578189224004,0.0252539794892072,0.0001458306942367,0.0385859869420528,0.0138230677694082,0.0046026362106204,0.0099291643127799,0.0008875648491084,0.0104013923555612,-0.0077997259795665,0.003102432237938,0.0394020341336727,0.0029522241093218,-0.0251954793930053,-0.0174159910529851,0.0365085341036319,0.0179743524640798,0.017202042043209,-0.0140834813937544,-0.0424657985568046,-0.0612962804734706,0.014197040349245,0.0009084688499569,0.0015218980843201,-0.0103626567870378,0.0187375228852033,0.0107004530727863,-0.0335217118263244,-0.0374333336949348,0.0298941750079393,0.0306398533284664,-0.0277777593582868,-0.0012577145826071,-0.0005569807835854,0.0128897698596119,-0.0560670346021652,-0.0467252922974069,-0.0536731557816132,-0.0304389730655464,-0.0686579366089246,-0.0209458187342658,-0.0511089297298495,-0.0029176054173998,-0.0887545495353696,0.1271660078940155,0.0304210152774522,0.1435308421210737,-0.0228403159377263,2019-02-20,2019-02-21,2019-02-22,2019-02-25,2019-02-26,2019-02-27,2019-02-28,2019-03-01,2019-03-04,2019-03-05,88362.0,2019-02-19,252.0,0.8874%,-0.0013,0.8893,-0.1986,-0.7914,2.2096%,2.5178%,22.9804%,0.010076,NTES,88362.0,2019-02-20,252.0,1.2890%,-0.0012,0.8945,-0.1855,-0.7726,2.2121%,2.5190%,22.8793%,0.01589,NTES,88362.0,2019-02-21,252.0,-5.8856%,-0.0015,0.913,-0.1602,-0.7383,2.2382%,2.5443%,22.6175%,-0.057554,NTES,88362.0,2019-02-22,252.0,1.7085%,-0.0015,0.9124,-0.1532,-0.7393,2.2380%,2.5457%,22.7132%,0.001078,NTES,88362.0,2019-02-25,252.0,0.6917%,-0.0015,0.9133,-0.1549,-0.7366,2.2376%,2.5453%,22.7120%,0.003719,NTES,88362.0,2019-02-26,252.0,0.2855%,-0.0015,0.9172,-0.1618,-0.7372,2.2372%,2.5449%,22.7173%,0.000794,NTES,88362.0,2019-02-27,252.0,0.3514%,-0.0014,0.9263,-0.1768,-0.7357,2.2337%,2.5444%,22.9333%,0.002011,NTES,88362.0,2019-02-28,252.0,-1.0637%,-0.0013,0.9134,-0.1859,-0.7431,2.2278%,2.5333%,22.6685%,-0.00967,NTES,88362.0,2019-03-01,252.0,-2.6163%,-0.0014,0.9052,-0.1982,-0.7401,2.2380%,2.5377%,22.2287%,-0.035263,NTES,88362.0,2019-03-04,252.0,0.7268%,-0.0013,0.899,-0.1914,-0.7354,2.2393%,2.5343%,21.9267%,0.0139789999999999,NTES,88362.0,2019-03-05,252.0,4.5716%,-0.0011,0.8911,-0.2227,-0.758,2.2580%,2.5506%,21.6301%,0.0447959999999999,NTES,0.025966,-0.031588,-0.03051,-0.025997,-0.010144
20763,NUVASIVE INC,"NuVasive Reports Its Proprietary Magnetic Implant System Received FDA 510(k) Clearance, CE Mark Approval, Will Be Used In First-Of-Kind All-Internal Bone Transport System",6,increase,0.8,0.7,"the fda 510(k) clearance and ce mark approval for nuvasive's proprietary magnetic implant system is likely to enhance the company's market position and growth potential, positively impacting investor sentiment.",2,2019-02-19,NUVA,2019-02-19 13:32:00+00:00,90188.0,67070410,-0.0213346984237432,863569.0,-0.0334845148026943,0.0015384641010314,0.0333814918994903,0.0115856500342488,0.0190326552838087,-0.0043044076301157,-0.0044551426544785,0.0349252112209796,0.0068847080692648,0.1325933337211609,-0.0037607045378535,-0.0192003399133682,0.0106383450329303,0.0085845543071627,-0.0071307634934782,-0.0130049232393503,0.001538990298286,0.0001970500889001,0.0010244386503472,0.032770212739706,0.0010233252542093,-0.0201435647904872,0.0022150464355945,0.0289349444210529,-0.0127507653087377,0.005156765691936,0.0110211707651615,-0.0110159302130341,-0.0584227629005909,-0.0054777935147285,0.0108538763597607,0.0094204191118478,-0.0125268567353487,0.0247639082372188,0.0034432515967637,-0.0029294702690094,-0.0061405119486153,-0.0047896616160869,0.0141741344705224,0.0243173930794,-0.0084214517846703,0.0251476392149925,0.0242139529436826,-0.0144396973773837,-0.0119971828535199,0.0304242242127656,0.016071455553174,-0.0111989928409457,0.0066783349029719,-0.011289631947875,-0.0043645254336297,0.0343589186668396,-0.01332629006356,0.0,0.009241166524589,-0.020242067053914,-0.0154957044869661,-0.0919080600142479,-0.0060812048614025,0.0266666505485773,0.0019794963300228,0.0057767438702285,0.0073635028675198,-0.0219935458153486,0.0247815903276205,0.0246020779013633,-0.0038274393882602,-0.0047325012274086,-0.0186866875737905,0.0012360436376184,0.0108560351654887,0.0188917201012373,0.0051056500524282,-0.0181368719786405,-0.003152921795845,-0.0367281809449195,0.0073801088146865,-0.0281690694391727,-0.0238967854529619,-0.0048003070987761,-0.0371693708002567,-0.0201316960155963,-0.0035264000762254,-0.0357401557266712,0.0307320095598697,-0.0183437671512365,0.0337910912930965,-0.0083009079098701,0.0274427495896816,0.0001766175846569,0.0069751590490341,0.0103516299277544,0.0111505296081304,-0.0016037090681493,0.0100251007825136,-0.0300726182758808,0.0024813516065478,-0.0246122572571039,0.0,-0.0478330589830875,0.0267327185720205,-0.0218244530260562,0.0118932472541928,0.0206730291247367,0.0398666150867939,0.0004810420796275,-0.0404765754938125,-0.006688994821161,-0.006844958756119,0.0091610364615917,-0.0044878791086375,-0.0178373679518699,-0.0037030999083071,0.0020562678109854,-0.0210083909332752,0.0279674995690584,0.0001650432677706,0.0030989826191216,-0.0016504122177138,-0.0042228084057569,-0.0334845148026943,0.0015384641010314,-0.0012207859628484,0.013141938241945,0.0177886345225539,0.0087809623525862,0.0202302006126284,0.1824419948390792,0.0224973973728102,0.1925503501926451,-0.0308685161108996,0.201846157427999,0.0549354949240898,-0.0484001845449935,2019-02-20,2019-02-21,2019-02-22,2019-02-25,2019-02-26,2019-02-27,2019-02-28,2019-03-01,2019-03-04,2019-03-05,90188.0,2019-02-19,252.0,-2.1335%,0.0008,0.6468,0.485,0.0776,2.1564%,2.2740%,10.0719%,-0.0243509999999999,NUVA,90188.0,2019-02-20,252.0,-3.3485%,0.0006,0.6364,0.4611,0.0403,2.1689%,2.2842%,9.8406%,-0.036307,NUVA,90188.0,2019-02-21,252.0,3.3381%,0.0008,0.625,0.4458,0.0192,2.1796%,2.2916%,9.5289%,0.036051,NUVA,90188.0,2019-02-22,252.0,1.9033%,0.0008,0.6231,0.4546,0.0037,2.1807%,2.2942%,9.6508%,0.0127,NUVA,90188.0,2019-02-25,252.0,-0.4455%,0.0009,0.6219,0.4559,-0.0,2.1800%,2.2936%,9.6616%,-0.004301,NUVA,90188.0,2019-02-26,252.0,0.6885%,0.0009,0.6138,0.45,-0.009,2.1799%,2.2912%,9.4737%,0.010697,NUVA,90188.0,2019-02-27,252.0,-0.3761%,0.0008,0.6127,0.4502,-0.0092,2.1802%,2.2910%,9.4342%,-0.005279,NUVA,90188.0,2019-02-28,252.0,1.0638%,0.0008,0.6169,0.4535,-0.0089,2.1801%,2.2917%,9.5016%,0.012325,NUVA,90188.0,2019-03-01,252.0,-0.7131%,0.0007,0.6176,0.4546,-0.0013,2.1815%,2.2922%,9.4256%,-0.0130129999999999,NUVA,90188.0,2019-03-04,252.0,0.1539%,0.0008,0.6137,0.4625,0.0009,2.1813%,2.2913%,9.3703%,0.006484,NUVA,90188.0,2019-03-05,252.0,0.1024%,0.0008,0.6152,0.4757,0.0009,2.1807%,2.2913%,9.4199%,0.003413,NUVA,-0.060658,-0.0246069999999999,-0.0119069999999999,-0.0055109999999999,-0.0015809999999999
20771,N V 5 GLOBAL INC,"NV5 Wins $11M In Program Mgmt. Services In Massachusetts, Colorado",6,increase,0.8,0.6,"winning an $11 million contract for program management services is likely to positively impact nv5 global inc's revenue and investor sentiment, leading to an increase in stock price.",2,2019-02-19,NVEE,2019-02-19 13:24:00+00:00,14166.0,62945V10,0.0167967863380909,59333.0,0.0224100407212972,0.0093311443924903,-0.0083917612209916,-0.0113046094775199,0.0159151460975408,0.0058815442025661,0.0002486216835677,0.0229977425187826,-0.0118085388094186,0.0213027112185955,0.0050314655527472,0.0117436600849032,-0.0080100046470761,-0.0091718789190053,0.0123643158003687,-0.0145689230412244,-0.0320289097726345,0.0321637094020843,-0.0068237259984016,-0.0031922741327434,-0.0102411322295665,0.0180868506431579,0.0085788974538445,0.0210647694766521,-0.3227711915969849,-0.0008650019299238,0.112368106842041,-0.0125266509130597,0.0131012266501784,-0.001988910138607,0.038795281201601,-0.013593066483736,-0.0470106303691864,0.063645914196968,0.0484702587127685,-0.0208698250353336,0.0240983814001083,-0.0078193014487624,0.0072034085169434,0.0292101204395294,-0.0351239517331123,0.0261507742106914,0.0161423087120056,-0.0155073590576648,-0.0484681129455566,0.0251581612974405,-0.0098807802423834,-0.0319736935198307,0.0116999363526701,-0.0240595135837793,0.0127551024779677,-0.0091026909649372,-0.0137699358165264,0.0472083948552608,0.0107270739972591,0.020694924518466,0.0038746553473174,0.0423374287784099,0.0060412921011447,0.0600682683289051,0.0270225014537572,-0.0365011729300022,-0.009744981303811,0.0044591324403882,0.015089358203113,0.0396634191274642,-0.0035547136794775,-0.0071598733775317,-0.0278903432190418,-0.0052569336257874,0.0108423307538032,0.0611841194331646,0.0090759582817554,0.0254659727215766,0.0276369359344244,-0.019895140081644,-0.0140038365498185,-0.0412692427635192,-0.0253389235585928,-0.0584490112960338,-0.0089418934658169,-0.0106606343761086,0.0263993628323078,-0.0239634308964014,-0.0185576975345611,-0.0075105545111,0.0026538372039794,-0.0079167699441313,0.0294458027929067,0.0021779618691653,-0.0138197112828493,-0.0153186274692416,0.0172723047435283,0.0114657245576381,0.011532936245203,-0.0394404157996177,0.0030086876358836,0.0001488856214564,-0.0097884265705943,-0.085986390709877,-0.0129145625978708,0.0014988501789048,0.0379583649337291,0.015076020732522,0.0038904449902474,0.0147368852049112,-0.0124012250453233,0.0477941185235977,0.0368858650326728,-0.0159189365804195,0.1539510488510132,0.0252225063741207,0.0030171286780387,-0.0371428355574607,-0.0370128415524959,0.0186262913048267,0.02268105186522,-0.0503040254116058,0.0110224988311529,-0.0128240436315536,0.0224100407212972,0.0093311443924903,0.0138302197896198,-0.0020789500283651,0.0299654758556735,0.0037903667377143,0.0180561364790892,0.0487505066637055,-0.0121654120085894,0.0659264383139746,-0.2322960052995696,0.3105802898279506,-0.0250992093796503,0.0477489714784782,2019-02-20,2019-02-21,2019-02-22,2019-02-25,2019-02-26,2019-02-27,2019-02-28,2019-03-01,2019-03-04,2019-03-05,14166.0,2019-02-19,252.0,1.6797%,0.0024,1.44,0.959,0.4003,2.3326%,2.7894%,30.0738%,0.009978,NVEE,14166.0,2019-02-20,252.0,2.2410%,0.0024,1.4424,0.9592,0.4076,2.3327%,2.7903%,30.1068%,0.015263,NVEE,14166.0,2019-02-21,252.0,-0.8392%,0.0025,1.4306,0.9343,0.3861,2.3223%,2.7743%,29.9284%,-0.0015459999999999,NVEE,14166.0,2019-02-22,252.0,1.5915%,0.0025,1.4296,0.9464,0.3841,2.3219%,2.7752%,30.0008%,0.007052,NVEE,14166.0,2019-02-25,252.0,0.0249%,0.0025,1.43,0.9475,0.3865,2.3218%,2.7752%,30.0079%,0.001156,NVEE,14166.0,2019-02-26,252.0,-1.1809%,0.0026,1.4524,0.9326,0.3957,2.3111%,2.7745%,30.6141%,-0.002281,NVEE,14166.0,2019-02-27,252.0,0.5031%,0.0026,1.4482,0.9399,0.395,2.3104%,2.7715%,30.5105%,0.002327,NVEE,14166.0,2019-02-28,252.0,-0.8010%,0.0025,1.4543,0.9439,0.4006,2.3099%,2.7715%,30.5406%,-0.002821,NVEE,14166.0,2019-03-01,252.0,1.2364%,0.0025,1.459,0.951,0.4089,2.3093%,2.7710%,30.5479%,0.000669,NVEE,14166.0,2019-03-04,252.0,-3.2029%,0.0022,1.4831,0.8934,0.3976,2.2968%,2.7700%,31.2449%,-0.022323,NVEE,14166.0,2019-03-05,252.0,-0.6824%,0.0023,1.4894,0.9404,0.4031,2.2911%,2.7703%,31.6039%,-0.000669,NVEE,0.025241,0.023695,0.030747,0.029622,0.006805
20779,NOVO NORDISK A S,"Novo Nordisk Says Biologics License Application For Esperoct For Treatment Of Adults, Children With Hemophilia A Approved",6,increase,0.8,0.7,the approval of a biologics license application for esperoct is likely to boost novo nordisk's stock price due to the potential for increased revenue from a new treatment for hemophilia a.,2,2019-02-19,NVO,2019-02-19 17:34:00+00:00,63263.0,67010020,-0.0005958049441687,2784167.0,-0.0123211238533258,0.0114503754302859,-0.0008048473973758,0.0140557875856757,0.0024164102505892,-0.0062753311358392,-0.0070309056900441,0.0152075970545411,0.0004046218527946,-0.005111429374665,-0.007684551179409,0.0053442614153027,-0.0024454642552882,-0.000410861801356,0.0132788093760609,-0.0026639562565833,-0.008467704989016,0.0051493304781615,0.0101667344570159,-0.0012343421112746,-0.0104669975116848,0.033815398812294,0.0012205324601382,-0.0006375936209224,0.0093457754701375,0.0085744420066475,0.0012077571591362,0.0053879306651651,-0.0038199122063815,0.0008628325304016,0.0155398678034544,-0.0091900043189525,0.003577112685889,-0.0128692109137773,0.0077227600850164,-0.016393382102251,0.0110041536390781,0.0029136189259588,0.0151603259146213,0.0083944955840706,0.0076584629714488,0.0166418310254812,-0.0087403170764446,-0.0069915642961859,-0.012899961322546,0.011789908632636,0.0165615174919366,-0.0391348674893379,0.0073700007051229,0.0002059810794889,0.0042356802150607,-0.0067525682970881,-0.0021089073270559,0.0109639801084995,0.0049952380359172,0.0146935507655143,-0.0034410303924232,0.0063371192663908,-0.0007673300569877,0.0036040276754647,-0.0195815023034811,0.0081213349476456,-0.0099862609058618,0.0156284179538488,0.0039556357078254,0.0052366978488862,0.0118203768506646,0.0052643492817878,-0.0038940957747399,0.0115376180037856,-0.0001954323961399,0.0245509874075651,-0.0046921148896217,-0.0110161388292908,-0.0137497698888182,-0.0191841013729572,0.0029874830506742,0.0106975603848695,-0.0188641920685768,-0.0099294083192944,-0.0182149671018123,-0.0188352223485708,-0.0024736947380006,-0.006666696164757,-0.0059929927811026,-0.0057729412801563,0.0116424402222037,0.0165181960910558,-0.0059597394429147,0.0179203003644943,0.0012404667213559,-0.0163220893591642,0.0103241791948676,0.012560592032969,0.0104230185970664,-0.0056967204436659,-0.0086974175646901,-0.0008756768074817,0.0024485359899699,-0.0078193005174398,-0.0052921255119144,-0.0124409701675176,-0.0282381270080804,0.0152439195662736,0.0054748011752963,-0.0010877322638407,-0.0067015644162893,0.0028359743300825,0.0206620190292596,-0.0071474555879831,0.0008262944757007,0.022138588130474,-0.0035088127478957,0.021021619439125,-0.0188483819365501,0.0137489065527916,-0.0078108282759785,-0.0402463562786579,-0.0012766249710693,0.0294318106025457,-0.0123211238533258,0.0114503754302859,-0.0131160546262355,0.0256671070607859,-0.0107313381444924,0.0192307063288412,-0.017289327418196,0.0294418030341123,-0.0127185883900509,0.0357950586249657,0.0510332719264894,0.0674157366460352,-0.0528796275272739,0.1399139749785651,2019-02-20,2019-02-21,2019-02-22,2019-02-25,2019-02-26,2019-02-27,2019-02-28,2019-03-01,2019-03-04,2019-03-05,63263.0,2019-02-19,252.0,-0.0596%,-0.0001,0.4915,0.042,-0.1548,1.2886%,1.4081%,16.2529%,-0.001274,NVO,63263.0,2019-02-20,252.0,-1.2321%,-0.0002,0.4875,0.0305,-0.1698,1.2904%,1.4098%,16.2170%,-0.012596,NVO,63263.0,2019-02-21,252.0,-0.0805%,-0.0001,0.4823,0.0201,-0.1793,1.2874%,1.4058%,16.1349%,0.00053,NVO,63263.0,2019-02-22,252.0,0.2416%,-0.0002,0.4835,0.0016,-0.1821,1.2849%,1.4043%,16.2792%,-0.003565,NVO,63263.0,2019-02-25,252.0,-0.7031%,-0.0003,0.4869,0.009,-0.1655,1.2727%,1.3924%,16.4600%,-0.00818,NVO,63263.0,2019-02-26,252.0,0.0405%,-0.0004,0.4813,0.0131,-0.1676,1.2714%,1.3885%,16.1550%,0.0005949999999999,NVO,63263.0,2019-02-27,252.0,-0.7685%,-0.0004,0.4786,0.0156,-0.1681,1.2719%,1.3875%,15.9744%,-0.008444,NVO,63263.0,2019-02-28,252.0,-0.2445%,-0.0003,0.4635,0.0053,-0.1787,1.2592%,1.3704%,15.5717%,-0.001485,NVO,63263.0,2019-03-01,252.0,1.3279%,-0.0002,0.4552,-0.0072,-0.1961,1.2560%,1.3661%,15.4711%,0.009121,NVO,63263.0,2019-03-04,252.0,-0.8468%,-0.0002,0.4471,0.0244,-0.1951,1.2508%,1.3586%,15.2381%,-0.005455,NVO,63263.0,2019-03-05,252.0,1.0167%,-0.0001,0.4441,0.0079,-0.2011,1.2521%,1.3587%,15.0781%,0.010444,NVO,-0.01387,-0.01334,-0.016905,-0.02449,-0.020309
20787,NEWELL BRANDS INC,"RBC Capital Earlier Maintained Sector Perform on Newell Brands, Lowered Price Target to $20",6,decrease,0.7,0.6,"lowering the price target typically signals a less favorable outlook for the stock, which can lead to a decrease in its price.",0,2019-02-19,NWL,2019-02-19 16:04:00+00:00,60986.0,65122910,-0.0087412362918257,15599514.0,0.00823041703552,-0.2088520377874374,0.0081633413210511,0.0018476173281669,-0.0133025702089071,0.0041744043119251,0.0041031474247574,0.0093632424250245,-0.0005836731870658,0.037396814674139,-0.0233645476400852,-0.0062740910798311,-0.0157671459019184,-0.0285982470959425,-0.00369682488963,-0.0018718256615102,-0.0037105421070009,-0.0174712259322404,-0.0068280948325991,0.0220864340662956,-0.0193750262260437,0.0033004058059304,-0.0121095972135663,0.0138622848317027,-0.0038709947839379,-0.0099384328350424,0.0110103683546185,-0.0149184893816709,-0.001281198230572,0.0060976110398769,-0.0076972343958914,0.0162059180438518,-0.0012928544310852,0.032988678663969,0.0071197808720171,-0.0087847877293825,0.0269922316074371,-0.0284495204687118,-0.0068835830315947,0.0173661652952432,-0.0075614294037222,0.0087591391056776,0.0031746153254061,-0.0115440916270017,-0.0506329238414764,0.0241380147635936,0.004666646476835,-0.0049019795842468,0.0132714509963989,-0.0072992518544197,0.0039292378351092,0.041561059653759,0.0071754506789147,0.0015227806288748,-0.0064766472205519,0.0102564496919512,0.0065188673324882,0.0177453104406595,-0.0064766472205519,0.0487137027084827,-0.0013038107426837,-0.0209002885967493,0.0163185372948646,0.0037654489278793,0.0179833453148603,0.0114255165681242,-0.0056782430037856,-0.0010869813850149,-0.0298223514109849,-0.0269698686897754,0.0124263949692249,0.0534818395972251,-0.0077519309706985,-0.0482502542436122,0.0019531697034835,-0.0584123842418193,-0.0136452261358499,-0.0181372035294771,0.0,-0.0471742302179336,-0.0013175532221794,-0.0041860537603497,-0.0006596457096748,-0.0262681134045124,-0.0488448701798915,-0.030728742480278,-0.0166550856083631,-0.0331069082021713,0.0042342599481344,0.0064075021073222,-0.0421644039452076,0.0240594577044248,0.0506235919892787,0.0079365214332938,0.0069832671433687,-0.0126251205801963,-0.0027739224024116,-0.0242141708731651,-0.0020862123928964,-0.0260653346776962,0.0209058690816164,0.0329060032963752,0.1351535618305206,-0.0168067067861557,-0.0390859693288803,0.0190839413553476,-0.0012515335110947,0.0072618573904037,-0.0269423741847276,-0.0046768966130912,-0.0109465597197413,0.0818767547607421,-0.0026041641831398,-0.0013780746376141,-0.0078328913077712,0.0078703733161091,0.0052631529979407,0.0084033757448196,0.022905783727765,-0.0119926305487752,0.00823041703552,-0.2088520377874374,0.0164609460600466,-0.2073902991033095,0.0029394029604707,-0.2040816257502127,0.0064668204144537,-0.1665857419741125,-0.046257182052352,-0.1936090621274396,-0.0855990636152351,-0.0607553795416143,-0.0683124779019178,-0.2008380403580302,2019-02-20,2019-02-21,2019-02-22,2019-02-25,2019-02-26,2019-02-27,2019-02-28,2019-03-01,2019-03-04,2019-03-05,60986.0,2019-02-19,252.0,-0.8741%,-0.0014,1.1915,0.5425,0.5615,2.6537%,2.9081%,16.7309%,-0.0144009999999999,NWL,60986.0,2019-02-20,252.0,0.8230%,-0.0015,1.1905,0.5318,0.5556,2.6509%,2.9052%,16.7397%,0.001585,NWL,60986.0,2019-02-21,252.0,0.8163%,-0.0013,1.1804,0.5148,0.5371,2.6503%,2.9003%,16.4940%,0.0141179999999999,NWL,60986.0,2019-02-22,252.0,-1.3303%,-0.0013,1.1816,0.5379,0.5716,2.6491%,2.8988%,16.4872%,-0.016011,NWL,60986.0,2019-02-25,252.0,0.4103%,-0.0013,1.1814,0.5347,0.5693,2.6493%,2.8989%,16.4780%,0.004658,NWL,60986.0,2019-02-26,252.0,-0.0584%,-0.0012,1.1863,0.5192,0.5651,2.6489%,2.8988%,16.4972%,0.006508,NWL,60986.0,2019-02-27,252.0,-2.3365%,-0.0014,1.1728,0.5362,0.5628,2.6466%,2.8914%,16.2157%,-0.024841,NWL,60986.0,2019-02-28,252.0,-1.5767%,-0.0014,1.1716,0.535,0.5642,2.6471%,2.8897%,16.0913%,-0.0109319999999999,NWL,60986.0,2019-03-01,252.0,-0.3697%,-0.0014,1.152,0.5057,0.5383,2.6415%,2.8753%,15.6026%,-0.0115179999999999,NWL,60986.0,2019-03-04,252.0,-0.3711%,-0.0015,1.1711,0.4389,0.5341,2.6282%,2.8679%,16.0170%,0.002113,NWL,60986.0,2019-03-05,252.0,-0.6828%,-0.0015,1.1726,0.4497,0.5354,2.6279%,2.8679%,16.0364%,-0.002285,NWL,-0.012816,0.0013019999999999,-0.014709,-0.003543,-0.051006
20795,OWENS CORNING NEW,Q4 Earnings Preview For Owens-Corning,6,uncertain,0.5,0.5,the impact on owens corning's stock price is uncertain as it depends on the actual earnings results and market expectations.,1,2019-02-19,OC,2019-02-19 18:26:00+00:00,91531.0,69074210,0.0137136587873101,1843798.0,-0.0510461404919624,0.0199552346020937,-0.0186276286840438,-0.0068531716242432,-0.0098780188709497,-0.0158585291355848,-0.0316901206970214,0.0345088057219982,0.0149495285004377,0.019807668402791,-0.0017914042109623,0.0005772326258011,-0.0043868636712431,-0.0119771342724561,0.0044061932712793,-0.010161854326725,0.0049850447103381,0.0051068747416138,-0.0331349596381187,0.0177092999219894,-0.0162117984145879,-0.0083985235542058,-0.013558592647314,0.0170840825885534,-0.0008498176466673,0.0076290960423648,0.0142462681978941,0.0100770266726613,-0.0006289851735346,0.0476091727614402,-0.0079714134335517,0.0191983077675104,-0.0061323940753936,0.0257520545274019,0.0155319049954414,-0.0324539206922054,0.0020951663609594,-0.0227133333683013,-0.0125444754958152,0.0120107270777225,-0.0192674119025468,0.0418555028736591,0.0237478092312812,-0.0165500231087207,-0.0240404773503541,0.007697254884988,-0.000864241621457,0.0075399032793939,-0.0196799263358116,-0.0070588625967502,0.0191925633698701,0.0097192395478487,0.0086579592898488,0.0439684502780437,0.0111588081344962,-0.0022497703321278,0.0354414694011211,0.0146085228770971,0.0096330679953098,0.0145901124924421,0.0152253350242972,-0.017966816201806,0.0087982891127467,0.0047749360091984,0.0057482835836708,0.0068681142292916,-0.0013796512503176,-0.0002288469113409,-0.0238799899816513,0.0162827856838703,0.0287101101130247,0.0434466227889061,0.0108097335323691,-0.0431955531239509,0.0169161763042211,-0.0027790395542979,0.0034416883718222,-0.0204174574464559,0.0163872074335813,0.0054744910448789,0.0123734502121806,0.0209595151245594,0.0051851626485586,-0.00647854199633,0.0007369365775957,-0.0103044873103499,0.0233799796551466,-0.0293399300426244,-0.056484967470169,-0.021743856370449,-0.0419447235763073,-0.0332141704857349,0.0085572199895977,-0.0293817315250635,0.0230859946459531,-0.0108981011435389,-0.0111860753968358,0.0087540782988071,-0.0013653149362653,-0.0668693110346794,-0.0003906339406967,0.0093959318473935,0.0156310908496379,0.0108548430725932,0.0073105245828628,-0.014705890789628,-0.0129870185628533,0.0282797031104564,-0.0243808459490537,0.0027569790836423,-0.0039666197262704,-0.0111002866178751,0.0015929512446746,0.0140205193310976,-0.0284294299781322,0.024479042738676,0.0092081185430288,0.0098059149459004,-0.0072992825880646,-0.0030549434013664,-0.0510461404919624,0.0199552346020936,-0.0687229006251685,0.0129653063303203,-0.0779220733868764,-0.0030988334934556,-0.0937950405259593,0.0517307437292995,-0.1210317323400554,0.0527429806061514,-0.1073189861337228,0.2665585513891675,-0.1127555166353675,0.1194223397407419,2019-02-20,2019-02-21,2019-02-22,2019-02-25,2019-02-26,2019-02-27,2019-02-28,2019-03-01,2019-03-04,2019-03-05,91531.0,2019-02-19,252.0,1.3714%,-0.0016,1.0139,1.1801,0.7628,1.8001%,2.1170%,27.7028%,0.00603,OC,91531.0,2019-02-20,252.0,-5.1046%,-0.0018,0.9981,1.1475,0.7075,1.8366%,2.1399%,26.3368%,-0.059864,OC,91531.0,2019-02-21,252.0,-1.8628%,-0.0019,1.0048,1.1586,0.7197,1.8365%,2.1426%,26.5331%,-0.0126039999999999,OC,91531.0,2019-02-22,252.0,-0.9878%,-0.0017,1.0035,1.2281,0.7683,1.8066%,2.1231%,27.5873%,-0.012302,OC,91531.0,2019-02-25,252.0,-3.1690%,-0.0019,1.007,1.2447,0.7897,1.8058%,2.1252%,27.8046%,-0.02872,OC,91531.0,2019-02-26,252.0,1.4950%,-0.0018,1.0066,1.2049,0.7692,1.8139%,2.1279%,27.3353%,0.027033,OC,91531.0,2019-02-27,252.0,-0.1791%,-0.0018,1.0045,1.2079,0.7689,1.8137%,2.1270%,27.2936%,-0.004163,OC,91531.0,2019-02-28,252.0,-0.4387%,-0.0018,0.9992,1.2044,0.7645,1.8128%,2.1219%,27.0097%,0.000308,OC,91531.0,2019-03-01,252.0,0.4406%,-0.0017,0.9961,1.1997,0.7604,1.8126%,2.1172%,26.7038%,-0.003313,OC,91531.0,2019-03-04,252.0,0.4985%,-0.0016,0.981,1.2374,0.7671,1.8055%,2.1099%,26.7737%,0.011908,OC,91531.0,2019-03-05,252.0,-3.3135%,-0.0016,0.9864,1.2637,0.7799,1.8115%,2.1181%,26.8505%,-0.02588,OC,-0.053834,-0.066438,-0.07874,-0.080427,-0.1015669999999999
20803,OWENS & MINOR INC NEW,"Owens & Minor Names Edward Pesicka Pres, CEO",6,increase,0.7,0.6,"the appointment of a new president and ceo can signal a strategic shift or renewed focus for the company, which may positively influence investor sentiment and stock price.",2,2019-02-19,OMI,2019-02-19 22:53:00+00:00,60186.0,69073210,0.0311688650399446,1750178.0,-0.1750629544258118,0.0198674984276294,0.010686975903809,-0.00527008716017,-0.0362537428736686,-0.0104302372783422,0.0062695862725377,0.0267738010734319,-0.0498442612588405,0.0204917509108781,0.0180328097194433,-0.0317460000514984,0.0048308749683201,-0.009174333885312,-0.0288461279124021,-0.0154838562011718,-0.061056088656187,0.0305851083248853,-0.0773286595940589,-0.0026525172870606,-0.1028571352362633,-0.0039630397222936,-0.0084925610572099,-0.0117493048310279,-0.0492505393922328,0.0013071571011096,0.0720721110701561,0.0039370353333652,-0.0084034530445933,0.0026315764989703,0.0211865231394767,0.0119839776307344,-0.0160789210349321,0.0121294008567929,0.0210971273481845,-0.0388600677251815,-0.0619835071265697,0.061898186802864,0.0,-0.0081855310127139,0.0066079758107662,-0.0393185056746006,0.0,0.0146276773884892,-0.0459518656134605,0.0013315249234437,-0.0229357574135065,0.0203804466873407,-0.0164319649338722,0.020804451778531,-0.0071599544025957,0.0241477377712726,-0.0216345377266407,0.1121643036603928,0.0073709413409233,-0.0276498161256313,0.0146341323852539,0.0015384966973215,-0.0168268494307994,0.0046368176117539,-0.0195598825812339,-0.0061444602906703,0.0149625781923532,0.0284360665827989,-0.0196560584008693,0.0,0.0025062633212655,0.0226171035319566,0.0049999952316284,-0.0095999911427497,-0.0398010164499282,0.0212418492883443,-0.0155440270900726,0.0132450209930539,-0.0078947292640805,-0.0320512540638446,-0.0053050345741212,-0.0588235817849636,0.0106666563078761,-0.0148588269948959,-0.0448549017310142,0.0196969881653785,-0.0662982836365699,0.0216718055307865,0.0059171537868678,-0.0332840494811534,-0.0058823470026254,-0.0160115957260131,0.0059171537868678,-0.0337553098797798,0.0088235205039381,-0.0246913339942693,0.0204081442207098,0.0474137812852859,0.005714280065149,0.002881841501221,-0.0312499701976776,-0.0239099953323602,-0.0234604571014642,-0.0273597557097673,0.0690690800547599,-0.0419397316873073,0.0196629706770181,0.0026281182654201,0.0358126387000083,-0.0155239179730415,-0.0452127866446971,-0.014030628837645,0.1253482103347778,0.0064185098744928,-0.0198019612580537,-0.0802833884954452,0.0202020015567541,0.003554583992809,-0.0519802086055278,0.0011861536186188,-0.0156657826155424,-0.0387685447931289,0.0,0.0209546331316232,-0.1750629544258117,0.0198674984276294,-0.1662468720976009,0.0144927078190912,-0.1964735436166914,0.0039113081593902,-0.2317380521412453,0.0519125182535447,-0.338790939526752,0.0212201412657289,-0.4846149506075493,0.1901082003670375,-0.5249384913861557,-0.0932018716166334,2019-02-20,2019-02-21,2019-02-22,2019-02-25,2019-02-26,2019-02-27,2019-02-28,2019-03-01,2019-03-04,2019-03-05,60186.0,2019-02-19,252.0,3.1169%,-0.0013,0.5883,1.8735,1.5036,3.7545%,3.9171%,8.1336%,0.02015,OMI,60186.0,2019-02-20,252.0,-17.5063%,-0.0022,0.5341,1.7432,1.3082,3.9313%,4.0616%,6.3104%,-0.188672,OMI,60186.0,2019-02-21,252.0,1.0687%,-0.002,0.5197,1.7182,1.2818,3.9292%,4.0545%,6.0832%,0.016792,OMI,60186.0,2019-02-22,252.0,-3.6254%,-0.0022,0.5249,1.6845,1.3127,3.9311%,4.0543%,5.9830%,-0.03034,OMI,60186.0,2019-02-25,252.0,0.6270%,-0.0021,0.5251,1.6776,1.3098,3.9321%,4.0546%,5.9508%,0.0121249999999999,OMI,60186.0,2019-02-26,252.0,-4.9844%,-0.0023,0.5184,1.7284,1.3306,3.9347%,4.0632%,6.2273%,-0.034045,OMI,60186.0,2019-02-27,252.0,1.8033%,-0.0024,0.5072,1.7536,1.3288,3.9329%,4.0628%,6.2957%,0.015779,OMI,60186.0,2019-02-28,252.0,0.4831%,-0.0024,0.5166,1.7605,1.3329,3.9311%,4.0623%,6.3540%,0.009274,OMI,60186.0,2019-03-01,252.0,-2.8846%,-0.0025,0.5142,1.7568,1.343,3.9354%,4.0651%,6.2780%,-0.03243,OMI,60186.0,2019-03-04,252.0,-6.1056%,-0.0027,0.508,1.8259,1.3335,3.9464%,4.0805%,6.4681%,-0.056683,OMI,60186.0,2019-03-05,252.0,-7.7329%,-0.003,0.5157,1.8434,1.3629,3.9666%,4.1023%,6.5072%,-0.067695,OMI,-0.168522,-0.15173,-0.18207,-0.20399,-0.335745
20811,ORACLE CORP,Oracle 8-K From Late Fri. Showed News Of Added $12B Buyback,6,increase,0.8,0.7,the announcement of a $12 billion buyback typically signals confidence in the company's financial health and can lead to an increase in stock price due to reduced share supply and positive investor sentiment.,2,2019-02-19,ORCL,2019-02-19 14:11:00+00:00,10104.0,68389X10,0.0058004492893815,12357469.0,-0.0048058438114821,0.0046620373614132,0.0065675131045281,0.0011668879305943,0.0071003441698849,0.0039046651218086,0.001524425111711,-0.0001951653684955,0.0007609798340126,0.0039192782714962,-0.0041824602521955,0.016128983348608,-0.0047728139907121,-0.0202886685729026,0.0072894156910479,0.0003902545431628,-0.0089506274089217,0.004115283023566,0.0061491099186241,0.0043298052623867,-0.0001910262799356,0.0115469209849834,0.0043935696594417,-0.0025814350228756,0.0036135150585323,0.0151179200038313,-0.0020845292601734,0.0018174505094066,0.0026585527230054,-0.0056224656291306,0.0049242828972637,0.0121950907632708,-0.0001885061501525,-0.000812366255559,-0.0020735270809382,0.0061300178058445,0.0098224496468901,-0.0066978246904909,0.0108492672443389,0.0142033472657203,-0.0259067639708519,0.010819817893207,0.0265957731753587,-0.0066142971627414,-0.0235011186450719,0.0080946609377861,-0.0005684816860593,-0.0022779169958084,0.0102388523519039,0.0098285488784313,-0.0088212732225656,0.0008371895528398,0.0071955546736717,-0.0020886023994535,0.0097762830555439,0.0090621765702962,0.0161981526762247,0.015842467546463,-0.0078783491626381,0.0430996045470237,-0.0016620525857433,-0.0097302617505192,-0.0044395425356924,0.0015503808390349,0.0020438611973077,0.0073628253303468,-0.0038939195219427,-0.0033355909399688,0.0020476658828556,0.0085221137851476,0.0070592490956187,0.044506948441267,-0.0033351918682456,-0.0297727584838867,0.0131994625553488,-0.0484429411590099,0.0023853406310081,-0.0045209703966975,-0.000732215179596,0.0130862006917595,-0.0020150323398411,0.0026240746956318,0.0007342312019318,-0.0186695046722888,0.0018341612303629,-0.0133390026167035,0.0058586541563272,-0.001901947427541,0.0043684323318302,0.0185105595737695,-0.0030808623414486,-0.0044996589422225,0.0072714332491159,0.0145651772618293,-0.005955568049103,-0.0145672727376222,0.0045388522557914,-0.0424615330994129,-0.0081330332905054,-0.0216737259179353,-0.0051020882092416,0.0219442900270223,0.0034798982087522,0.0179540030658245,0.0010950458236038,-0.0060177859850227,-0.0154967820271849,0.0158094447106123,-0.0001851541019277,-0.0169912911951541,0.0048156753182411,-0.0090349577367305,0.0073732999153435,0.0016454510623589,-0.0223239008337259,0.0060003534890711,0.0131012685596942,-0.0246215425431728,0.007943844422698,-0.0316591560840606,-0.0048058438114821,0.0046620373614132,0.0017301068508357,0.0058343653671366,0.0088427353748121,0.0097618117319022,0.0111495198665385,0.0135215063496603,0.0065359500940438,0.0179098566498514,0.0409458083093956,0.1595158444842406,0.0534914354664537,0.0147179983696799,2019-02-20,2019-02-21,2019-02-22,2019-02-25,2019-02-26,2019-02-27,2019-02-28,2019-03-01,2019-03-04,2019-03-05,10104.0,2019-02-19,252.0,0.5800%,0.0001,0.9471,-0.0554,0.0905,1.1842%,1.5371%,40.6463%,0.003834,ORCL,10104.0,2019-02-20,252.0,-0.4806%,0.0001,0.945,-0.0604,0.0829,1.1850%,1.5374%,40.5859%,-0.007081,ORCL,10104.0,2019-02-21,252.0,0.6568%,0.0002,0.9389,-0.0707,0.0716,1.1848%,1.5344%,40.3750%,0.010112,ORCL,10104.0,2019-02-22,252.0,0.7100%,0.0002,0.9383,-0.0634,0.0715,1.1844%,1.5338%,40.3634%,0.00234,ORCL,10104.0,2019-02-25,252.0,0.1524%,0.0002,0.9387,-0.0629,0.0731,1.1843%,1.5337%,40.3738%,-1.9e-05,ORCL,10104.0,2019-02-26,252.0,0.0761%,0.0002,0.9362,-0.063,0.0712,1.1841%,1.5295%,40.0609%,0.002002,ORCL,10104.0,2019-02-27,252.0,-0.4182%,0.0002,0.9351,-0.0625,0.071,1.1845%,1.5275%,39.8739%,-0.00492,ORCL,10104.0,2019-02-28,252.0,-0.4773%,0.0001,0.9369,-0.0613,0.0728,1.1844%,1.5268%,39.8262%,-0.001784,ORCL,10104.0,2019-03-01,252.0,0.7289%,0.0001,0.9426,-0.0529,0.0812,1.1830%,1.5275%,40.0129%,0.000922,ORCL,10104.0,2019-03-04,252.0,-0.8951%,0.0001,0.9397,-0.039,0.081,1.1825%,1.5237%,39.7762%,-0.004667,ORCL,10104.0,2019-03-05,252.0,0.6149%,0.0001,0.937,-0.0551,0.0762,1.1827%,1.5223%,39.6363%,0.00773,ORCL,-0.0032469999999999,0.006865,0.009205,0.011188,0.008469
20819,OTTER TAIL CORP,Otter Tail Corp Sees FY19 EPS $2.10-$2.25 vs $2.20 Est.,6,uncertain,0.6,0.3,"the earnings per share (eps) guidance is slightly below the estimate, which could lead to mixed reactions from investors, making the stock price movement uncertain.",1,2019-02-19,OTTR,2019-02-19 14:11:00+00:00,60098.0,68964810,0.0051762321963906,134822.0,-0.0160428080707788,0.0228059235960245,0.0054347915574908,-0.001413248013705,-0.0002002429682761,-0.0064192516729235,0.001802165643312,-0.0033986801281571,-0.0065960027277469,0.0026057539507746,0.0048289308324456,0.0160896331071853,0.0068081729114055,0.0265523009002208,0.0069610639475286,-0.0082935458049178,0.0055302935652434,-0.0100575052201747,-0.0137497698888182,0.0120482305064797,-0.0029874071478843,-0.0063983770087361,0.0027966317720711,0.0202147625386714,0.0045816642232239,0.0061440872959792,0.0220107194036245,0.0042553353123366,-0.0095072109252214,-0.0101095102727413,-0.0060724304057657,-0.020627062767744,-0.0065037803724408,0.0087390374392271,-0.0055544292554259,-0.0031113403383642,0.0003989718097727,-0.0033078324049711,-0.0207378044724464,0.0041519775986671,-0.0020362916402518,0.0050072576850652,0.0036727262195199,0.0118218576535582,-0.0124008292332291,0.0178340785205364,0.0067928778007626,-0.0200042258948087,0.0192189458757638,-0.0171771105378866,0.0088265286758542,0.0146997226402163,-0.0089481156319379,-0.0209704041481018,-0.0004012933059129,0.0289824176579713,-0.0044159218668937,-0.0281660966575145,-0.014516077004373,0.026376873254776,-0.001636698609218,-0.0089920600876212,0.0077869072556495,-0.0366639755666256,0.0203334689140319,0.0022208886221051,-0.0085691567510366,0.0237701050937175,-0.000402019242756,-0.0002066195884253,-0.0054293274879455,0.0172377489507198,0.0004043764201924,-0.0447791069746017,0.0220291055738925,0.0008038769592531,0.0087007833644747,0.0150958355516195,-0.0096059180796146,-0.0108959022909402,0.0005938000394962,-0.0044193933717906,-0.0009891046211123,-0.0175646226853132,-0.0073267114348709,-0.0105448337271809,0.0055854534730315,-0.0071733761578798,0.0057528452016413,0.0109761143103241,0.0011833837488666,0.0208083409816026,0.0035461054649204,0.0220858491957187,-0.0011778083862736,0.0094963442534208,0.0082546807825565,0.0116958552971482,-0.0161792989820241,-0.0319449678063392,0.00673667807132,0.0110384495928883,0.0305057894438505,0.0117890322580933,0.0003819797129835,-0.010235414840281,-0.0320733152329921,0.0273396261036396,-0.0078895762562751,-0.002308027818799,0.0037773845251649,0.0012605331139639,0.0029708398506045,0.0074073751457035,0.0086888317018747,-0.0025332265067845,-0.0043070381507277,-0.0075424388051033,0.0033657094463706,-0.0132313296198844,-0.0160428080707788,0.0228059235960245,-0.0106952058311495,0.0213604451560966,-0.0108933071596637,0.0148040754098703,-0.0156466811040465,0.0139904234626619,-0.0055457053132373,0.0508513137126995,-0.0318875139831438,0.0674822193702593,0.0107184898410999,0.0458545120693836,2019-02-20,2019-02-21,2019-02-22,2019-02-25,2019-02-26,2019-02-27,2019-02-28,2019-03-01,2019-03-04,2019-03-05,60098.0,2019-02-19,252.0,0.5176%,0.0008,0.4357,0.3155,0.0821,1.2253%,1.3146%,13.1323%,0.0031369999999999,OTTR,60098.0,2019-02-20,252.0,-1.6043%,0.0007,0.4295,0.2975,0.059,1.2294%,1.3171%,12.8719%,-0.018116,OTTR,60098.0,2019-02-21,252.0,0.5435%,0.0008,0.4231,0.2859,0.0472,1.2271%,1.3127%,12.6261%,0.007268,OTTR,60098.0,2019-02-22,252.0,-0.0200%,0.0008,0.4232,0.2999,0.0613,1.2254%,1.3111%,12.6383%,-0.003929,OTTR,60098.0,2019-02-25,252.0,0.1802%,0.0008,0.4229,0.2991,0.0599,1.2254%,1.3110%,12.6366%,0.001957,OTTR,60098.0,2019-02-26,252.0,-0.6596%,0.0007,0.4114,0.3168,0.0603,1.2186%,1.3016%,12.3426%,-0.003907,OTTR,60098.0,2019-02-27,252.0,0.4829%,0.0008,0.4184,0.3052,0.0615,1.2147%,1.2993%,12.5992%,0.003829,OTTR,60098.0,2019-02-28,252.0,0.6808%,0.0009,0.4099,0.2996,0.0535,1.2127%,1.2942%,12.2088%,0.008098,OTTR,60098.0,2019-03-01,252.0,0.6961%,0.001,0.3992,0.2837,0.0359,1.2072%,1.2856%,11.8293%,0.003265,OTTR,60098.0,2019-03-04,252.0,0.5530%,0.001,0.3999,0.2746,0.0373,1.2079%,1.2859%,11.7583%,0.008511,OTTR,60098.0,2019-03-05,252.0,-1.3750%,0.0009,0.4031,0.2907,0.0444,1.2104%,1.2893%,11.8559%,-0.012219,OTTR,-0.014979,-0.007711,-0.01164,-0.01359,-0.002106
20827,OTTER TAIL CORP,"Otter Tail Late Monday Reported Q4 EPS $0.35 Missed $0.39 Estimate, Sales $221.171M Beat $209.4M Estimate",6,uncertain,0.6,0.2,"while otter tail corp missed eps estimates, it beat sales expectations, leading to mixed signals that could result in an uncertain market reaction.",1,2019-02-19,OTTR,2019-02-19 14:09:00+00:00,60098.0,68964810,0.0051762321963906,134822.0,-0.0160428080707788,0.0228059235960245,0.0054347915574908,-0.001413248013705,-0.0002002429682761,-0.0064192516729235,0.001802165643312,-0.0033986801281571,-0.0065960027277469,0.0026057539507746,0.0048289308324456,0.0160896331071853,0.0068081729114055,0.0265523009002208,0.0069610639475286,-0.0082935458049178,0.0055302935652434,-0.0100575052201747,-0.0137497698888182,0.0120482305064797,-0.0029874071478843,-0.0063983770087361,0.0027966317720711,0.0202147625386714,0.0045816642232239,0.0061440872959792,0.0220107194036245,0.0042553353123366,-0.0095072109252214,-0.0101095102727413,-0.0060724304057657,-0.020627062767744,-0.0065037803724408,0.0087390374392271,-0.0055544292554259,-0.0031113403383642,0.0003989718097727,-0.0033078324049711,-0.0207378044724464,0.0041519775986671,-0.0020362916402518,0.0050072576850652,0.0036727262195199,0.0118218576535582,-0.0124008292332291,0.0178340785205364,0.0067928778007626,-0.0200042258948087,0.0192189458757638,-0.0171771105378866,0.0088265286758542,0.0146997226402163,-0.0089481156319379,-0.0209704041481018,-0.0004012933059129,0.0289824176579713,-0.0044159218668937,-0.0281660966575145,-0.014516077004373,0.026376873254776,-0.001636698609218,-0.0089920600876212,0.0077869072556495,-0.0366639755666256,0.0203334689140319,0.0022208886221051,-0.0085691567510366,0.0237701050937175,-0.000402019242756,-0.0002066195884253,-0.0054293274879455,0.0172377489507198,0.0004043764201924,-0.0447791069746017,0.0220291055738925,0.0008038769592531,0.0087007833644747,0.0150958355516195,-0.0096059180796146,-0.0108959022909402,0.0005938000394962,-0.0044193933717906,-0.0009891046211123,-0.0175646226853132,-0.0073267114348709,-0.0105448337271809,0.0055854534730315,-0.0071733761578798,0.0057528452016413,0.0109761143103241,0.0011833837488666,0.0208083409816026,0.0035461054649204,0.0220858491957187,-0.0011778083862736,0.0094963442534208,0.0082546807825565,0.0116958552971482,-0.0161792989820241,-0.0319449678063392,0.00673667807132,0.0110384495928883,0.0305057894438505,0.0117890322580933,0.0003819797129835,-0.010235414840281,-0.0320733152329921,0.0273396261036396,-0.0078895762562751,-0.002308027818799,0.0037773845251649,0.0012605331139639,0.0029708398506045,0.0074073751457035,0.0086888317018747,-0.0025332265067845,-0.0043070381507277,-0.0075424388051033,0.0033657094463706,-0.0132313296198844,-0.0160428080707788,0.0228059235960245,-0.0106952058311495,0.0213604451560966,-0.0108933071596637,0.0148040754098703,-0.0156466811040465,0.0139904234626619,-0.0055457053132373,0.0508513137126995,-0.0318875139831438,0.0674822193702593,0.0107184898410999,0.0458545120693836,2019-02-20,2019-02-21,2019-02-22,2019-02-25,2019-02-26,2019-02-27,2019-02-28,2019-03-01,2019-03-04,2019-03-05,60098.0,2019-02-19,252.0,0.5176%,0.0008,0.4357,0.3155,0.0821,1.2253%,1.3146%,13.1323%,0.0031369999999999,OTTR,60098.0,2019-02-20,252.0,-1.6043%,0.0007,0.4295,0.2975,0.059,1.2294%,1.3171%,12.8719%,-0.018116,OTTR,60098.0,2019-02-21,252.0,0.5435%,0.0008,0.4231,0.2859,0.0472,1.2271%,1.3127%,12.6261%,0.007268,OTTR,60098.0,2019-02-22,252.0,-0.0200%,0.0008,0.4232,0.2999,0.0613,1.2254%,1.3111%,12.6383%,-0.003929,OTTR,60098.0,2019-02-25,252.0,0.1802%,0.0008,0.4229,0.2991,0.0599,1.2254%,1.3110%,12.6366%,0.001957,OTTR,60098.0,2019-02-26,252.0,-0.6596%,0.0007,0.4114,0.3168,0.0603,1.2186%,1.3016%,12.3426%,-0.003907,OTTR,60098.0,2019-02-27,252.0,0.4829%,0.0008,0.4184,0.3052,0.0615,1.2147%,1.2993%,12.5992%,0.003829,OTTR,60098.0,2019-02-28,252.0,0.6808%,0.0009,0.4099,0.2996,0.0535,1.2127%,1.2942%,12.2088%,0.008098,OTTR,60098.0,2019-03-01,252.0,0.6961%,0.001,0.3992,0.2837,0.0359,1.2072%,1.2856%,11.8293%,0.003265,OTTR,60098.0,2019-03-04,252.0,0.5530%,0.001,0.3999,0.2746,0.0373,1.2079%,1.2859%,11.7583%,0.008511,OTTR,60098.0,2019-03-05,252.0,-1.3750%,0.0009,0.4031,0.2907,0.0444,1.2104%,1.2893%,11.8559%,-0.012219,OTTR,-0.014979,-0.007711,-0.01164,-0.01359,-0.002106
20835,OCCIDENTAL PETROLEUM CORP,"Citigroup Downgrades Occidental Petroleum to Neutral, Lowers Price Target to $72",6,decrease,0.8,0.6,"a downgrade from citigroup typically signals reduced confidence in the stock's performance, which can lead to a decrease in stock price.",0,2019-02-19,OXY,2019-02-19 14:20:00+00:00,34833.0,67459910,0.0065485159866511,5082878.0,0.0091675706207752,0.0093135461211204,-0.0241758469492197,0.0109339598566293,-0.0100600328296423,0.0015208893455564,0.0045503270812332,0.0140346037223935,-0.0028688271995633,-0.0018473329255357,0.0092368349432945,0.0006161570781841,-0.0075018755160272,-0.0256641022861003,0.0211640428751707,-0.0099555095657706,-0.0014804751845076,-0.0064953472465276,0.0011860909871757,-0.0044092158786952,-0.0198429785668849,0.0188679564744234,-0.0067986790090799,-0.0028371275402605,-0.034225720912218,0.0073706051334738,0.0186573434621095,0.0060532917268574,0.0050093280151486,-0.0067638200707733,0.0133956484496593,0.0238534212112426,0.0023055875208228,0.0063497545197606,0.0039871511980891,-0.0084459921345114,0.0235222373157739,-0.0284946449100971,-0.0125355012714862,0.0182287245988845,0.0164727829396724,0.010592607781291,-0.0002974170784,-0.0057997140102088,-0.0297442004084587,-0.0009149921825155,-0.0016860915347933,-0.0096647441387176,0.029940191656351,0.000453222222859,-0.0108825778588652,0.0062329531647264,0.0033157682046294,0.0121557312086224,-0.005558100529015,0.0079093435779213,0.0148036768659949,0.0200918260961771,-0.0081870062276721,0.032168474048376,-0.0085547007620334,-0.0122580369934439,0.0057524205185472,0.0101009923964738,0.0240818541496992,0.0150487814098596,0.0048501151613891,-0.0047728293575346,-0.0159427225589752,0.0026402615476399,-0.0014863031683489,0.0611101016402244,0.0,-0.0478492639958858,-0.0275379344820976,-0.0107207903638482,-0.0301546175032854,-0.0258676186203956,0.0048926384188234,-0.0142540028318762,-0.0160200521349906,-0.0151302637532353,-0.0132482331246137,-0.015207340940833,0.0198964662849903,-0.0236952882260084,-0.0109436735510826,0.0194159392267465,-0.0057729412801563,0.010973828844726,-0.0025806427001953,0.0040346756577491,-0.008570484817028,-0.0315599404275417,-0.019246457144618,-0.0029620225541293,-0.0207882914692163,-0.0308597907423973,-0.023777199909091,-0.0231351871043443,-0.0022616747301071,0.0149424094706773,0.0104621155187487,-0.0090256240218877,0.0141501240432262,0.0028285190928727,0.0156542137265205,0.0191698167473077,0.0087116844952106,-0.0178369507193565,-0.0644410774111747,0.0115995639935135,-0.0241434499621391,-0.0312153156846761,-0.0145534481853246,0.0253200381994247,0.0070149730890989,-0.0417120717465877,-0.0054995277896523,-0.0002725080994423,0.0091675706207752,0.0093135461211204,-0.0152299101126684,0.020349339917161,-0.0251367295465848,0.0219011783569866,-0.0235102230373368,0.0343288703369237,-0.0014786123233215,-0.0124926283956269,-0.0025320465938198,0.0971587317594573,-0.1878637443145069,-0.0736219052170202,2019-02-20,2019-02-21,2019-02-22,2019-02-25,2019-02-26,2019-02-27,2019-02-28,2019-03-01,2019-03-04,2019-03-05,34833.0,2019-02-19,252.0,0.6549%,0.0002,1.0097,0.1266,0.4515,1.2558%,1.5984%,38.2768%,0.002785,OXY,34833.0,2019-02-20,252.0,0.9168%,0.0003,1.0128,0.1422,0.4647,1.2496%,1.5951%,38.6267%,0.0043869999999999,OXY,34833.0,2019-02-21,252.0,-2.4176%,0.0002,1.0191,0.1509,0.4765,1.2553%,1.6025%,38.6383%,-0.01936,OXY,34833.0,2019-02-22,252.0,-1.0060%,0.0002,1.0202,0.1615,0.499,1.2556%,1.6021%,38.5789%,-0.010609,OXY,34833.0,2019-02-25,252.0,0.4550%,0.0001,1.0216,0.1609,0.5039,1.2535%,1.6010%,38.7002%,0.004238,OXY,34833.0,2019-02-26,252.0,-0.2869%,0.0002,1.0266,0.1544,0.5043,1.2523%,1.6007%,38.7947%,0.001358,OXY,34833.0,2019-02-27,252.0,0.9237%,0.0003,1.0384,0.136,0.5063,1.2425%,1.5987%,39.5995%,0.008525,OXY,34833.0,2019-02-28,252.0,-0.7502%,0.0003,1.0418,0.1382,0.5095,1.2423%,1.5987%,39.6175%,-0.003144,OXY,34833.0,2019-03-01,252.0,2.1164%,0.0004,1.0426,0.1394,0.5039,1.2456%,1.6002%,39.4145%,0.0152109999999999,OXY,34833.0,2019-03-04,252.0,-0.1480%,0.0003,1.0476,0.1209,0.503,1.2436%,1.6003%,39.6099%,0.002443,OXY,34833.0,2019-03-05,252.0,0.1186%,0.0004,1.0484,0.1298,0.5021,1.2432%,1.6003%,39.6512%,0.004459,OXY,0.0071719999999999,-0.012188,-0.0227969999999999,-0.0172009999999999,0.010293
20843,PENSKE AUTOMOTIVE GROUP INC,"JP Morgan Initiates Coverage On Penske Automotive Group with Neutral Rating, Announces $51 Price Target",6,uncertain,0.6,0.2,"while a neutral rating suggests a lack of strong positive or negative sentiment, the price target indicates potential for growth, leading to uncertainty in the stock's immediate reaction.",1,2019-02-19,PAG,2019-02-19 12:00:00+00:00,84042.0,70959W10,-0.0074745598249137,414597.0,0.0180283188819885,0.0203374400734901,-0.0197265427559614,0.0018523230683058,0.0002287248207721,-0.0082663744688034,-0.0050297486595809,0.0376458875834941,0.0130974194034934,-0.00190244987607,0.0020412825979292,-0.0328242480754852,0.0058849779888987,-0.0791351944208145,-0.0056255627423524,-0.0101807946339249,-0.0190088301897049,0.010285509750247,0.0099192690104246,0.0042158677242696,-0.0114207407459616,0.0119453398510813,-0.023798493668437,0.0062245312146842,-0.0047337459400296,0.0088782990351319,0.0045184884220361,-0.0066681299358606,0.00331437936984,-0.0019321629079058,0.0002359207428526,0.012828879058361,0.0056617525406181,0.0034911595284938,0.0056297876872122,-0.0177882127463817,0.0111966310068965,-0.018304206430912,-0.0078431414440274,0.0210526213049888,-0.0090676452964544,0.0148245114833116,0.0229938887059688,0.0125827752053737,-0.0231650993227958,-0.0057068071328103,0.0009392090723849,-0.0010962340747937,0.0147782601416111,0.0108599662780761,0.0159501265734434,-0.0066050034947693,0.0052332091145217,0.0145185999572277,0.0106383254751563,0.0191213320940733,0.0017916688229888,0.0259224809706211,0.0073776398785412,0.0330518446862697,0.0073235244490206,0.0102364607155323,0.0077110002748668,0.017609104514122,-0.0288588423281908,0.0087565286085009,0.0157586857676506,-0.0019974536262452,-0.0093084704130887,0.0017508678138256,0.0178970750421285,0.0259173288941383,-0.0065933899022638,-0.0025594695471227,0.0174778960645198,-0.0098834112286567,-0.0071755126118659,0.0162244979292154,0.0205869171768426,-0.0182047393172979,-0.0184548683464527,-0.0020187189802527,0.0032793551217764,0.0198147315531969,-0.0278927609324455,0.0023213864769786,0.0197265427559614,-0.0197218414396047,0.0129698859527707,0.0084140235558152,0.0019530454883351,-0.0050734896212816,0.0099632423371076,-0.0235323458909988,-0.0087926192209124,-0.0369751751422882,-0.0064907623454928,-0.0042755417525768,-0.0121950693428516,-0.0388128049671649,0.0037477549631148,0.004587173461914,0.0131781753152608,0.0050714015960693,0.0045523322187364,-0.0297472160309553,-0.005610667169094,0.0099389795213937,-0.0067274603061378,-0.0085106622427701,0.0065544950775802,0.0108671812340617,-0.0021705769468098,0.0219804923981428,-0.0256689209491014,0.0215079132467508,0.0,-0.0169609561562538,0.0008930768817663,0.0020954634528607,0.0180283188819885,0.0203374400734901,-0.0020538602772165,0.0222274346511943,-0.0018256052252682,0.0137773198840833,0.006161580673988,0.0499406002288127,-0.0009128466928376,-0.0609405569256832,0.0282976177847351,0.0747642447170335,0.0230488837106765,0.0372288186852276,2019-02-20,2019-02-21,2019-02-22,2019-02-25,2019-02-26,2019-02-27,2019-02-28,2019-03-01,2019-03-04,2019-03-05,84042.0,2019-02-19,252.0,-0.7475%,-0.0001,0.8959,0.7899,0.6074,1.3564%,1.6464%,32.1261%,-0.0134729999999999,PAG,84042.0,2019-02-20,252.0,1.8028%,-0.0001,0.8992,0.7977,0.6192,1.3583%,1.6503%,32.2610%,0.011147,PAG,84042.0,2019-02-21,252.0,-1.9727%,-0.0001,0.8988,0.7937,0.6185,1.3597%,1.6500%,32.0914%,-0.014517,PAG,84042.0,2019-02-22,252.0,0.0229%,-0.0001,0.8989,0.7929,0.6196,1.3597%,1.6498%,32.0723%,-0.000986,PAG,84042.0,2019-02-25,252.0,-0.5030%,-0.0001,0.8979,0.7934,0.6159,1.3586%,1.6485%,32.0812%,-0.003301,PAG,84042.0,2019-02-26,252.0,1.3097%,-0.0,0.888,0.7728,0.5981,1.3642%,1.6463%,31.3354%,0.0215439999999999,PAG,84042.0,2019-02-27,252.0,0.2041%,-0.0001,0.8873,0.7743,0.598,1.3642%,1.6457%,31.2884%,0.000391,PAG,84042.0,2019-02-28,252.0,0.5885%,-0.0,0.8837,0.7722,0.5931,1.3655%,1.6433%,30.9588%,0.009875,PAG,84042.0,2019-03-01,252.0,-0.5626%,0.0,0.8707,0.7529,0.5785,1.3632%,1.6313%,30.1685%,-0.0119449999999999,PAG,84042.0,2019-03-04,252.0,-1.9009%,0.0,0.8658,0.7816,0.5769,1.3631%,1.6323%,30.2659%,-0.013816,PAG,84042.0,2019-03-05,252.0,0.9919%,0.0001,0.8659,0.792,0.5714,1.3645%,1.6334%,30.2220%,0.015109,PAG,-0.0023259999999999,-0.0168429999999999,-0.0178289999999999,0.000414,2.800000000000198e-05
20851,P G & E CORP,PG&E Option Alert: Jun 21 $25 Calls Sweep (19) near the Ask: 1000 @ $0.95 vs 1431 OI; Earnings 2/28 Before Open Ref=$17.9299,6,increase,0.7,0.6,"the significant call option activity suggests bullish sentiment among investors, indicating they expect the stock price to rise, especially ahead of the upcoming earnings report.",2,2019-02-19,PCG,2019-02-19 19:30:00+00:00,13688.0,69331C10,0.1459948569536209,29442458.0,0.0264937616884708,0.0006463655736297,0.065348744392395,0.0170940328389406,-0.0324741825461387,-0.0142579562962055,-0.0063932249322533,0.0767620652914047,-0.0069704647175967,0.0091549381613731,-0.0388769544661045,0.0099572818726301,-0.0432583466172218,0.0285296514630317,0.0516734644770622,-0.0291193071752786,0.0078168278560042,0.0594431869685649,0.0144044458866119,0.0160550493746995,0.0027308107819408,0.0061538401059806,0.0386709719896316,-0.049012441188097,0.0167802665382623,-0.0228734593838453,-0.0005157415871508,0.1648625731468201,-0.0082559268921613,0.0203908029943704,0.0124869812279939,-0.1562723517417908,0.0025694319047033,0.7459324598312378,0.0071757757104933,0.0376623347401619,-0.0111958943307399,0.0650068894028663,-0.0185280796140432,0.1367924362421036,0.0005243958439677,-0.0953058376908302,-0.0015723630785942,0.0173661895096302,0.0194226168096065,-0.1754176914691925,-0.0623069517314434,-0.5235929489135742,-0.014277777634561,-0.0095720766112208,-0.0150418076664209,-0.0039259502664208,-0.0243212841451168,0.0153758805245161,0.0318840146064758,-0.0733509883284568,0.0117978090420365,-0.223360612988472,-0.019433669745922,0.0187890958040952,0.0458663366734981,0.0063025853596627,0.0211153924465179,0.0021052309311926,0.0270413681864738,-0.0058601670898497,0.0160041023045778,0.0122880935668945,-0.0436992160975933,0.0115731013938784,0.002656809054315,0.0077753914520144,0.0137783950194716,0.0175824016332626,0.206482008099556,-0.0461216084659099,0.0277296099811792,0.0042105424217879,-0.0615513958036899,0.031711533665657,-0.0184186808764934,-0.0581014752388,-0.0389016196131706,-0.0603613853454589,0.0190476011484861,-0.0188608076423406,0.0060748164542019,0.0045472090132534,0.0650255233049392,0.0126630822196602,0.0069777518510818,0.0065662451088428,0.0138587998226285,0.0038774125277996,0.0004271776706445,-0.0092201214283704,-0.0384286753833293,-0.0269158612936735,-0.036412063986063,-0.0132792545482516,-0.0341014601290226,0.0276725348085165,0.0252862926572561,-0.0142003390938043,-0.0069799730554223,-0.0254915840923786,-0.0159325283020734,0.0181683264672756,-0.0352380834519863,0.0736464336514473,-0.0449160821735858,0.0536913052201271,-0.0387596897780895,-0.0189300049096345,-0.0198925174772739,0.0336026810109615,0.0071311611682176,0.0107480650767684,-0.0163399316370487,-0.0467212870717048,0.0264937616884708,0.0006463655736297,0.0935738401414387,0.017751447406912,0.0580609236290037,0.0032403917493843,0.0439684769762309,0.0901408291038203,0.0321307658215472,0.1834862117250841,-0.0045095772502581,-0.3536534683189356,0.0180383110315385,-0.3655737619058451,2019-02-20,2019-02-21,2019-02-22,2019-02-25,2019-02-26,2019-02-27,2019-02-28,2019-03-01,2019-03-04,2019-03-05,13688.0,2019-02-19,252.0,14.5995%,-0.0003,0.6097,0.2515,0.4066,7.6025%,7.6257%,0.6086%,0.143433,PCG,13688.0,2019-02-20,252.0,2.6494%,-0.0003,0.6152,0.2593,0.4248,7.6036%,7.6272%,0.6195%,0.022446,PCG,13688.0,2019-02-21,252.0,6.5349%,0.0,0.5978,0.2393,0.3925,7.6159%,7.6382%,0.5822%,0.068683,PCG,13688.0,2019-02-22,252.0,-3.2474%,-0.0001,0.6022,0.24,0.4451,7.6184%,7.6408%,0.5860%,-0.032006,PCG,13688.0,2019-02-25,252.0,-0.6393%,-0.0001,0.6033,0.244,0.4513,7.6183%,7.6408%,0.5882%,-0.005971,PCG,13688.0,2019-02-26,252.0,-0.6970%,-0.0002,0.5927,0.2583,0.4506,7.6174%,7.6391%,0.5675%,-0.003055,PCG,13688.0,2019-02-27,252.0,-3.8877%,-0.0003,0.5948,0.243,0.4508,7.6213%,7.6430%,0.5667%,-0.03946,PCG,13688.0,2019-02-28,252.0,-4.3258%,-0.0005,0.5965,0.2428,0.4614,7.6251%,7.6467%,0.5655%,-0.040436,PCG,13688.0,2019-03-01,252.0,5.1673%,-0.0004,0.6257,0.2863,0.484,7.6288%,7.6526%,0.6210%,0.0484309999999999,PCG,13688.0,2019-03-04,252.0,0.7817%,-0.0004,0.6287,0.2667,0.4854,7.6288%,7.6527%,0.6224%,0.010238,PCG,13688.0,2019-03-05,252.0,1.4404%,-0.0002,0.6298,0.2871,0.4796,7.6288%,7.6528%,0.6270%,0.017375,PCG,0.165879,0.234562,0.2025559999999999,0.1935299999999999,0.1896779999999999
20859,P G & E CORP,"Citi Upgrades PG&E, Raises Price Target By 200%",6,increase,0.8,0.7,citi's upgrade and significant price target increase typically signal positive sentiment and can lead to higher investor interest in pg&e corp's stock.,2,2019-02-19,PCG,2019-02-19 17:05:00+00:00,13688.0,69331C10,0.1459948569536209,29442458.0,0.0264937616884708,0.0006463655736297,0.065348744392395,0.0170940328389406,-0.0324741825461387,-0.0142579562962055,-0.0063932249322533,0.0767620652914047,-0.0069704647175967,0.0091549381613731,-0.0388769544661045,0.0099572818726301,-0.0432583466172218,0.0285296514630317,0.0516734644770622,-0.0291193071752786,0.0078168278560042,0.0594431869685649,0.0144044458866119,0.0160550493746995,0.0027308107819408,0.0061538401059806,0.0386709719896316,-0.049012441188097,0.0167802665382623,-0.0228734593838453,-0.0005157415871508,0.1648625731468201,-0.0082559268921613,0.0203908029943704,0.0124869812279939,-0.1562723517417908,0.0025694319047033,0.7459324598312378,0.0071757757104933,0.0376623347401619,-0.0111958943307399,0.0650068894028663,-0.0185280796140432,0.1367924362421036,0.0005243958439677,-0.0953058376908302,-0.0015723630785942,0.0173661895096302,0.0194226168096065,-0.1754176914691925,-0.0623069517314434,-0.5235929489135742,-0.014277777634561,-0.0095720766112208,-0.0150418076664209,-0.0039259502664208,-0.0243212841451168,0.0153758805245161,0.0318840146064758,-0.0733509883284568,0.0117978090420365,-0.223360612988472,-0.019433669745922,0.0187890958040952,0.0458663366734981,0.0063025853596627,0.0211153924465179,0.0021052309311926,0.0270413681864738,-0.0058601670898497,0.0160041023045778,0.0122880935668945,-0.0436992160975933,0.0115731013938784,0.002656809054315,0.0077753914520144,0.0137783950194716,0.0175824016332626,0.206482008099556,-0.0461216084659099,0.0277296099811792,0.0042105424217879,-0.0615513958036899,0.031711533665657,-0.0184186808764934,-0.0581014752388,-0.0389016196131706,-0.0603613853454589,0.0190476011484861,-0.0188608076423406,0.0060748164542019,0.0045472090132534,0.0650255233049392,0.0126630822196602,0.0069777518510818,0.0065662451088428,0.0138587998226285,0.0038774125277996,0.0004271776706445,-0.0092201214283704,-0.0384286753833293,-0.0269158612936735,-0.036412063986063,-0.0132792545482516,-0.0341014601290226,0.0276725348085165,0.0252862926572561,-0.0142003390938043,-0.0069799730554223,-0.0254915840923786,-0.0159325283020734,0.0181683264672756,-0.0352380834519863,0.0736464336514473,-0.0449160821735858,0.0536913052201271,-0.0387596897780895,-0.0189300049096345,-0.0198925174772739,0.0336026810109615,0.0071311611682176,0.0107480650767684,-0.0163399316370487,-0.0467212870717048,0.0264937616884708,0.0006463655736297,0.0935738401414387,0.017751447406912,0.0580609236290037,0.0032403917493843,0.0439684769762309,0.0901408291038203,0.0321307658215472,0.1834862117250841,-0.0045095772502581,-0.3536534683189356,0.0180383110315385,-0.3655737619058451,2019-02-20,2019-02-21,2019-02-22,2019-02-25,2019-02-26,2019-02-27,2019-02-28,2019-03-01,2019-03-04,2019-03-05,13688.0,2019-02-19,252.0,14.5995%,-0.0003,0.6097,0.2515,0.4066,7.6025%,7.6257%,0.6086%,0.143433,PCG,13688.0,2019-02-20,252.0,2.6494%,-0.0003,0.6152,0.2593,0.4248,7.6036%,7.6272%,0.6195%,0.022446,PCG,13688.0,2019-02-21,252.0,6.5349%,0.0,0.5978,0.2393,0.3925,7.6159%,7.6382%,0.5822%,0.068683,PCG,13688.0,2019-02-22,252.0,-3.2474%,-0.0001,0.6022,0.24,0.4451,7.6184%,7.6408%,0.5860%,-0.032006,PCG,13688.0,2019-02-25,252.0,-0.6393%,-0.0001,0.6033,0.244,0.4513,7.6183%,7.6408%,0.5882%,-0.005971,PCG,13688.0,2019-02-26,252.0,-0.6970%,-0.0002,0.5927,0.2583,0.4506,7.6174%,7.6391%,0.5675%,-0.003055,PCG,13688.0,2019-02-27,252.0,-3.8877%,-0.0003,0.5948,0.243,0.4508,7.6213%,7.6430%,0.5667%,-0.03946,PCG,13688.0,2019-02-28,252.0,-4.3258%,-0.0005,0.5965,0.2428,0.4614,7.6251%,7.6467%,0.5655%,-0.040436,PCG,13688.0,2019-03-01,252.0,5.1673%,-0.0004,0.6257,0.2863,0.484,7.6288%,7.6526%,0.6210%,0.0484309999999999,PCG,13688.0,2019-03-04,252.0,0.7817%,-0.0004,0.6287,0.2667,0.4854,7.6288%,7.6527%,0.6224%,0.010238,PCG,13688.0,2019-03-05,252.0,1.4404%,-0.0002,0.6298,0.2871,0.4796,7.6288%,7.6528%,0.6270%,0.017375,PCG,0.165879,0.234562,0.2025559999999999,0.1935299999999999,0.1896779999999999
20867,P G & E CORP,PG&E Option Alert: Jun 21 $19 Calls Sweep (2) near the Ask: 500 @ $2.3 vs 198 OI; Earnings 2/28 Before Open Ref=$17.75,6,increase,0.7,0.6,"the purchase of call options suggests bullish sentiment among investors, indicating they expect the stock price to rise, especially ahead of the upcoming earnings report.",2,2019-02-19,PCG,2019-02-19 17:00:00+00:00,13688.0,69331C10,0.1459948569536209,29442458.0,0.0264937616884708,0.0006463655736297,0.065348744392395,0.0170940328389406,-0.0324741825461387,-0.0142579562962055,-0.0063932249322533,0.0767620652914047,-0.0069704647175967,0.0091549381613731,-0.0388769544661045,0.0099572818726301,-0.0432583466172218,0.0285296514630317,0.0516734644770622,-0.0291193071752786,0.0078168278560042,0.0594431869685649,0.0144044458866119,0.0160550493746995,0.0027308107819408,0.0061538401059806,0.0386709719896316,-0.049012441188097,0.0167802665382623,-0.0228734593838453,-0.0005157415871508,0.1648625731468201,-0.0082559268921613,0.0203908029943704,0.0124869812279939,-0.1562723517417908,0.0025694319047033,0.7459324598312378,0.0071757757104933,0.0376623347401619,-0.0111958943307399,0.0650068894028663,-0.0185280796140432,0.1367924362421036,0.0005243958439677,-0.0953058376908302,-0.0015723630785942,0.0173661895096302,0.0194226168096065,-0.1754176914691925,-0.0623069517314434,-0.5235929489135742,-0.014277777634561,-0.0095720766112208,-0.0150418076664209,-0.0039259502664208,-0.0243212841451168,0.0153758805245161,0.0318840146064758,-0.0733509883284568,0.0117978090420365,-0.223360612988472,-0.019433669745922,0.0187890958040952,0.0458663366734981,0.0063025853596627,0.0211153924465179,0.0021052309311926,0.0270413681864738,-0.0058601670898497,0.0160041023045778,0.0122880935668945,-0.0436992160975933,0.0115731013938784,0.002656809054315,0.0077753914520144,0.0137783950194716,0.0175824016332626,0.206482008099556,-0.0461216084659099,0.0277296099811792,0.0042105424217879,-0.0615513958036899,0.031711533665657,-0.0184186808764934,-0.0581014752388,-0.0389016196131706,-0.0603613853454589,0.0190476011484861,-0.0188608076423406,0.0060748164542019,0.0045472090132534,0.0650255233049392,0.0126630822196602,0.0069777518510818,0.0065662451088428,0.0138587998226285,0.0038774125277996,0.0004271776706445,-0.0092201214283704,-0.0384286753833293,-0.0269158612936735,-0.036412063986063,-0.0132792545482516,-0.0341014601290226,0.0276725348085165,0.0252862926572561,-0.0142003390938043,-0.0069799730554223,-0.0254915840923786,-0.0159325283020734,0.0181683264672756,-0.0352380834519863,0.0736464336514473,-0.0449160821735858,0.0536913052201271,-0.0387596897780895,-0.0189300049096345,-0.0198925174772739,0.0336026810109615,0.0071311611682176,0.0107480650767684,-0.0163399316370487,-0.0467212870717048,0.0264937616884708,0.0006463655736297,0.0935738401414387,0.017751447406912,0.0580609236290037,0.0032403917493843,0.0439684769762309,0.0901408291038203,0.0321307658215472,0.1834862117250841,-0.0045095772502581,-0.3536534683189356,0.0180383110315385,-0.3655737619058451,2019-02-20,2019-02-21,2019-02-22,2019-02-25,2019-02-26,2019-02-27,2019-02-28,2019-03-01,2019-03-04,2019-03-05,13688.0,2019-02-19,252.0,14.5995%,-0.0003,0.6097,0.2515,0.4066,7.6025%,7.6257%,0.6086%,0.143433,PCG,13688.0,2019-02-20,252.0,2.6494%,-0.0003,0.6152,0.2593,0.4248,7.6036%,7.6272%,0.6195%,0.022446,PCG,13688.0,2019-02-21,252.0,6.5349%,0.0,0.5978,0.2393,0.3925,7.6159%,7.6382%,0.5822%,0.068683,PCG,13688.0,2019-02-22,252.0,-3.2474%,-0.0001,0.6022,0.24,0.4451,7.6184%,7.6408%,0.5860%,-0.032006,PCG,13688.0,2019-02-25,252.0,-0.6393%,-0.0001,0.6033,0.244,0.4513,7.6183%,7.6408%,0.5882%,-0.005971,PCG,13688.0,2019-02-26,252.0,-0.6970%,-0.0002,0.5927,0.2583,0.4506,7.6174%,7.6391%,0.5675%,-0.003055,PCG,13688.0,2019-02-27,252.0,-3.8877%,-0.0003,0.5948,0.243,0.4508,7.6213%,7.6430%,0.5667%,-0.03946,PCG,13688.0,2019-02-28,252.0,-4.3258%,-0.0005,0.5965,0.2428,0.4614,7.6251%,7.6467%,0.5655%,-0.040436,PCG,13688.0,2019-03-01,252.0,5.1673%,-0.0004,0.6257,0.2863,0.484,7.6288%,7.6526%,0.6210%,0.0484309999999999,PCG,13688.0,2019-03-04,252.0,0.7817%,-0.0004,0.6287,0.2667,0.4854,7.6288%,7.6527%,0.6224%,0.010238,PCG,13688.0,2019-03-05,252.0,1.4404%,-0.0002,0.6298,0.2871,0.4796,7.6288%,7.6528%,0.6270%,0.017375,PCG,0.165879,0.234562,0.2025559999999999,0.1935299999999999,0.1896779999999999
20875,P G & E CORP,PG&E Option Alert: Jun 21 $19 Calls Sweep (2) near the Ask: 500 @ $2.15 vs 198 OI; Earnings 2/28 Before Open Ref=$17.4167,6,increase,0.7,0.6,"the significant call option activity suggests bullish sentiment among investors ahead of the earnings report, indicating potential upward pressure on pg&e's stock price.",2,2019-02-19,PCG,2019-02-19 15:45:00+00:00,13688.0,69331C10,0.1459948569536209,29442458.0,0.0264937616884708,0.0006463655736297,0.065348744392395,0.0170940328389406,-0.0324741825461387,-0.0142579562962055,-0.0063932249322533,0.0767620652914047,-0.0069704647175967,0.0091549381613731,-0.0388769544661045,0.0099572818726301,-0.0432583466172218,0.0285296514630317,0.0516734644770622,-0.0291193071752786,0.0078168278560042,0.0594431869685649,0.0144044458866119,0.0160550493746995,0.0027308107819408,0.0061538401059806,0.0386709719896316,-0.049012441188097,0.0167802665382623,-0.0228734593838453,-0.0005157415871508,0.1648625731468201,-0.0082559268921613,0.0203908029943704,0.0124869812279939,-0.1562723517417908,0.0025694319047033,0.7459324598312378,0.0071757757104933,0.0376623347401619,-0.0111958943307399,0.0650068894028663,-0.0185280796140432,0.1367924362421036,0.0005243958439677,-0.0953058376908302,-0.0015723630785942,0.0173661895096302,0.0194226168096065,-0.1754176914691925,-0.0623069517314434,-0.5235929489135742,-0.014277777634561,-0.0095720766112208,-0.0150418076664209,-0.0039259502664208,-0.0243212841451168,0.0153758805245161,0.0318840146064758,-0.0733509883284568,0.0117978090420365,-0.223360612988472,-0.019433669745922,0.0187890958040952,0.0458663366734981,0.0063025853596627,0.0211153924465179,0.0021052309311926,0.0270413681864738,-0.0058601670898497,0.0160041023045778,0.0122880935668945,-0.0436992160975933,0.0115731013938784,0.002656809054315,0.0077753914520144,0.0137783950194716,0.0175824016332626,0.206482008099556,-0.0461216084659099,0.0277296099811792,0.0042105424217879,-0.0615513958036899,0.031711533665657,-0.0184186808764934,-0.0581014752388,-0.0389016196131706,-0.0603613853454589,0.0190476011484861,-0.0188608076423406,0.0060748164542019,0.0045472090132534,0.0650255233049392,0.0126630822196602,0.0069777518510818,0.0065662451088428,0.0138587998226285,0.0038774125277996,0.0004271776706445,-0.0092201214283704,-0.0384286753833293,-0.0269158612936735,-0.036412063986063,-0.0132792545482516,-0.0341014601290226,0.0276725348085165,0.0252862926572561,-0.0142003390938043,-0.0069799730554223,-0.0254915840923786,-0.0159325283020734,0.0181683264672756,-0.0352380834519863,0.0736464336514473,-0.0449160821735858,0.0536913052201271,-0.0387596897780895,-0.0189300049096345,-0.0198925174772739,0.0336026810109615,0.0071311611682176,0.0107480650767684,-0.0163399316370487,-0.0467212870717048,0.0264937616884708,0.0006463655736297,0.0935738401414387,0.017751447406912,0.0580609236290037,0.0032403917493843,0.0439684769762309,0.0901408291038203,0.0321307658215472,0.1834862117250841,-0.0045095772502581,-0.3536534683189356,0.0180383110315385,-0.3655737619058451,2019-02-20,2019-02-21,2019-02-22,2019-02-25,2019-02-26,2019-02-27,2019-02-28,2019-03-01,2019-03-04,2019-03-05,13688.0,2019-02-19,252.0,14.5995%,-0.0003,0.6097,0.2515,0.4066,7.6025%,7.6257%,0.6086%,0.143433,PCG,13688.0,2019-02-20,252.0,2.6494%,-0.0003,0.6152,0.2593,0.4248,7.6036%,7.6272%,0.6195%,0.022446,PCG,13688.0,2019-02-21,252.0,6.5349%,0.0,0.5978,0.2393,0.3925,7.6159%,7.6382%,0.5822%,0.068683,PCG,13688.0,2019-02-22,252.0,-3.2474%,-0.0001,0.6022,0.24,0.4451,7.6184%,7.6408%,0.5860%,-0.032006,PCG,13688.0,2019-02-25,252.0,-0.6393%,-0.0001,0.6033,0.244,0.4513,7.6183%,7.6408%,0.5882%,-0.005971,PCG,13688.0,2019-02-26,252.0,-0.6970%,-0.0002,0.5927,0.2583,0.4506,7.6174%,7.6391%,0.5675%,-0.003055,PCG,13688.0,2019-02-27,252.0,-3.8877%,-0.0003,0.5948,0.243,0.4508,7.6213%,7.6430%,0.5667%,-0.03946,PCG,13688.0,2019-02-28,252.0,-4.3258%,-0.0005,0.5965,0.2428,0.4614,7.6251%,7.6467%,0.5655%,-0.040436,PCG,13688.0,2019-03-01,252.0,5.1673%,-0.0004,0.6257,0.2863,0.484,7.6288%,7.6526%,0.6210%,0.0484309999999999,PCG,13688.0,2019-03-04,252.0,0.7817%,-0.0004,0.6287,0.2667,0.4854,7.6288%,7.6527%,0.6224%,0.010238,PCG,13688.0,2019-03-05,252.0,1.4404%,-0.0002,0.6298,0.2871,0.4796,7.6288%,7.6528%,0.6270%,0.017375,PCG,0.165879,0.234562,0.2025559999999999,0.1935299999999999,0.1896779999999999
20883,P G & E CORP,PG&E Option Alert: Jun 21 $18 Calls Sweep (3) near the Ask: 804 @ $2.351 vs 4085 OI; Earnings 2/28 Before Open Ref=$16.98,6,increase,0.7,0.6,"the significant call option activity suggests bullish sentiment among investors, indicating a potential increase in pg&e's stock price ahead of the earnings report.",2,2019-02-19,PCG,2019-02-19 15:25:00+00:00,13688.0,69331C10,0.1459948569536209,29442458.0,0.0264937616884708,0.0006463655736297,0.065348744392395,0.0170940328389406,-0.0324741825461387,-0.0142579562962055,-0.0063932249322533,0.0767620652914047,-0.0069704647175967,0.0091549381613731,-0.0388769544661045,0.0099572818726301,-0.0432583466172218,0.0285296514630317,0.0516734644770622,-0.0291193071752786,0.0078168278560042,0.0594431869685649,0.0144044458866119,0.0160550493746995,0.0027308107819408,0.0061538401059806,0.0386709719896316,-0.049012441188097,0.0167802665382623,-0.0228734593838453,-0.0005157415871508,0.1648625731468201,-0.0082559268921613,0.0203908029943704,0.0124869812279939,-0.1562723517417908,0.0025694319047033,0.7459324598312378,0.0071757757104933,0.0376623347401619,-0.0111958943307399,0.0650068894028663,-0.0185280796140432,0.1367924362421036,0.0005243958439677,-0.0953058376908302,-0.0015723630785942,0.0173661895096302,0.0194226168096065,-0.1754176914691925,-0.0623069517314434,-0.5235929489135742,-0.014277777634561,-0.0095720766112208,-0.0150418076664209,-0.0039259502664208,-0.0243212841451168,0.0153758805245161,0.0318840146064758,-0.0733509883284568,0.0117978090420365,-0.223360612988472,-0.019433669745922,0.0187890958040952,0.0458663366734981,0.0063025853596627,0.0211153924465179,0.0021052309311926,0.0270413681864738,-0.0058601670898497,0.0160041023045778,0.0122880935668945,-0.0436992160975933,0.0115731013938784,0.002656809054315,0.0077753914520144,0.0137783950194716,0.0175824016332626,0.206482008099556,-0.0461216084659099,0.0277296099811792,0.0042105424217879,-0.0615513958036899,0.031711533665657,-0.0184186808764934,-0.0581014752388,-0.0389016196131706,-0.0603613853454589,0.0190476011484861,-0.0188608076423406,0.0060748164542019,0.0045472090132534,0.0650255233049392,0.0126630822196602,0.0069777518510818,0.0065662451088428,0.0138587998226285,0.0038774125277996,0.0004271776706445,-0.0092201214283704,-0.0384286753833293,-0.0269158612936735,-0.036412063986063,-0.0132792545482516,-0.0341014601290226,0.0276725348085165,0.0252862926572561,-0.0142003390938043,-0.0069799730554223,-0.0254915840923786,-0.0159325283020734,0.0181683264672756,-0.0352380834519863,0.0736464336514473,-0.0449160821735858,0.0536913052201271,-0.0387596897780895,-0.0189300049096345,-0.0198925174772739,0.0336026810109615,0.0071311611682176,0.0107480650767684,-0.0163399316370487,-0.0467212870717048,0.0264937616884708,0.0006463655736297,0.0935738401414387,0.017751447406912,0.0580609236290037,0.0032403917493843,0.0439684769762309,0.0901408291038203,0.0321307658215472,0.1834862117250841,-0.0045095772502581,-0.3536534683189356,0.0180383110315385,-0.3655737619058451,2019-02-20,2019-02-21,2019-02-22,2019-02-25,2019-02-26,2019-02-27,2019-02-28,2019-03-01,2019-03-04,2019-03-05,13688.0,2019-02-19,252.0,14.5995%,-0.0003,0.6097,0.2515,0.4066,7.6025%,7.6257%,0.6086%,0.143433,PCG,13688.0,2019-02-20,252.0,2.6494%,-0.0003,0.6152,0.2593,0.4248,7.6036%,7.6272%,0.6195%,0.022446,PCG,13688.0,2019-02-21,252.0,6.5349%,0.0,0.5978,0.2393,0.3925,7.6159%,7.6382%,0.5822%,0.068683,PCG,13688.0,2019-02-22,252.0,-3.2474%,-0.0001,0.6022,0.24,0.4451,7.6184%,7.6408%,0.5860%,-0.032006,PCG,13688.0,2019-02-25,252.0,-0.6393%,-0.0001,0.6033,0.244,0.4513,7.6183%,7.6408%,0.5882%,-0.005971,PCG,13688.0,2019-02-26,252.0,-0.6970%,-0.0002,0.5927,0.2583,0.4506,7.6174%,7.6391%,0.5675%,-0.003055,PCG,13688.0,2019-02-27,252.0,-3.8877%,-0.0003,0.5948,0.243,0.4508,7.6213%,7.6430%,0.5667%,-0.03946,PCG,13688.0,2019-02-28,252.0,-4.3258%,-0.0005,0.5965,0.2428,0.4614,7.6251%,7.6467%,0.5655%,-0.040436,PCG,13688.0,2019-03-01,252.0,5.1673%,-0.0004,0.6257,0.2863,0.484,7.6288%,7.6526%,0.6210%,0.0484309999999999,PCG,13688.0,2019-03-04,252.0,0.7817%,-0.0004,0.6287,0.2667,0.4854,7.6288%,7.6527%,0.6224%,0.010238,PCG,13688.0,2019-03-05,252.0,1.4404%,-0.0002,0.6298,0.2871,0.4796,7.6288%,7.6528%,0.6270%,0.017375,PCG,0.165879,0.234562,0.2025559999999999,0.1935299999999999,0.1896779999999999
20891,P G & E CORP,PG&E Option Alert: Apr 18 $14 Puts Sweep (17) near the Bid: 1500 @ $0.75 vs 3274 OI; Earnings 2/28 Before Open Ref=$16.3625,6,decrease,0.7,0.6,"the significant put option activity suggests bearish sentiment among investors, indicating they expect the stock price to decline, especially ahead of the earnings report.",0,2019-02-19,PCG,2019-02-19 14:35:00+00:00,13688.0,69331C10,0.1459948569536209,29442458.0,0.0264937616884708,0.0006463655736297,0.065348744392395,0.0170940328389406,-0.0324741825461387,-0.0142579562962055,-0.0063932249322533,0.0767620652914047,-0.0069704647175967,0.0091549381613731,-0.0388769544661045,0.0099572818726301,-0.0432583466172218,0.0285296514630317,0.0516734644770622,-0.0291193071752786,0.0078168278560042,0.0594431869685649,0.0144044458866119,0.0160550493746995,0.0027308107819408,0.0061538401059806,0.0386709719896316,-0.049012441188097,0.0167802665382623,-0.0228734593838453,-0.0005157415871508,0.1648625731468201,-0.0082559268921613,0.0203908029943704,0.0124869812279939,-0.1562723517417908,0.0025694319047033,0.7459324598312378,0.0071757757104933,0.0376623347401619,-0.0111958943307399,0.0650068894028663,-0.0185280796140432,0.1367924362421036,0.0005243958439677,-0.0953058376908302,-0.0015723630785942,0.0173661895096302,0.0194226168096065,-0.1754176914691925,-0.0623069517314434,-0.5235929489135742,-0.014277777634561,-0.0095720766112208,-0.0150418076664209,-0.0039259502664208,-0.0243212841451168,0.0153758805245161,0.0318840146064758,-0.0733509883284568,0.0117978090420365,-0.223360612988472,-0.019433669745922,0.0187890958040952,0.0458663366734981,0.0063025853596627,0.0211153924465179,0.0021052309311926,0.0270413681864738,-0.0058601670898497,0.0160041023045778,0.0122880935668945,-0.0436992160975933,0.0115731013938784,0.002656809054315,0.0077753914520144,0.0137783950194716,0.0175824016332626,0.206482008099556,-0.0461216084659099,0.0277296099811792,0.0042105424217879,-0.0615513958036899,0.031711533665657,-0.0184186808764934,-0.0581014752388,-0.0389016196131706,-0.0603613853454589,0.0190476011484861,-0.0188608076423406,0.0060748164542019,0.0045472090132534,0.0650255233049392,0.0126630822196602,0.0069777518510818,0.0065662451088428,0.0138587998226285,0.0038774125277996,0.0004271776706445,-0.0092201214283704,-0.0384286753833293,-0.0269158612936735,-0.036412063986063,-0.0132792545482516,-0.0341014601290226,0.0276725348085165,0.0252862926572561,-0.0142003390938043,-0.0069799730554223,-0.0254915840923786,-0.0159325283020734,0.0181683264672756,-0.0352380834519863,0.0736464336514473,-0.0449160821735858,0.0536913052201271,-0.0387596897780895,-0.0189300049096345,-0.0198925174772739,0.0336026810109615,0.0071311611682176,0.0107480650767684,-0.0163399316370487,-0.0467212870717048,0.0264937616884708,0.0006463655736297,0.0935738401414387,0.017751447406912,0.0580609236290037,0.0032403917493843,0.0439684769762309,0.0901408291038203,0.0321307658215472,0.1834862117250841,-0.0045095772502581,-0.3536534683189356,0.0180383110315385,-0.3655737619058451,2019-02-20,2019-02-21,2019-02-22,2019-02-25,2019-02-26,2019-02-27,2019-02-28,2019-03-01,2019-03-04,2019-03-05,13688.0,2019-02-19,252.0,14.5995%,-0.0003,0.6097,0.2515,0.4066,7.6025%,7.6257%,0.6086%,0.143433,PCG,13688.0,2019-02-20,252.0,2.6494%,-0.0003,0.6152,0.2593,0.4248,7.6036%,7.6272%,0.6195%,0.022446,PCG,13688.0,2019-02-21,252.0,6.5349%,0.0,0.5978,0.2393,0.3925,7.6159%,7.6382%,0.5822%,0.068683,PCG,13688.0,2019-02-22,252.0,-3.2474%,-0.0001,0.6022,0.24,0.4451,7.6184%,7.6408%,0.5860%,-0.032006,PCG,13688.0,2019-02-25,252.0,-0.6393%,-0.0001,0.6033,0.244,0.4513,7.6183%,7.6408%,0.5882%,-0.005971,PCG,13688.0,2019-02-26,252.0,-0.6970%,-0.0002,0.5927,0.2583,0.4506,7.6174%,7.6391%,0.5675%,-0.003055,PCG,13688.0,2019-02-27,252.0,-3.8877%,-0.0003,0.5948,0.243,0.4508,7.6213%,7.6430%,0.5667%,-0.03946,PCG,13688.0,2019-02-28,252.0,-4.3258%,-0.0005,0.5965,0.2428,0.4614,7.6251%,7.6467%,0.5655%,-0.040436,PCG,13688.0,2019-03-01,252.0,5.1673%,-0.0004,0.6257,0.2863,0.484,7.6288%,7.6526%,0.6210%,0.0484309999999999,PCG,13688.0,2019-03-04,252.0,0.7817%,-0.0004,0.6287,0.2667,0.4854,7.6288%,7.6527%,0.6224%,0.010238,PCG,13688.0,2019-03-05,252.0,1.4404%,-0.0002,0.6298,0.2871,0.4796,7.6288%,7.6528%,0.6270%,0.017375,PCG,0.165879,0.234562,0.2025559999999999,0.1935299999999999,0.1896779999999999
20899,P G & E CORP,UPDATE: Citi Upgrades And Raises PG&E Price Target As Firm Notes 'Public comments by the Governor and recent conversations with teams in Sacramento suggest that legislation to limit future wildfire risk could be passed in 60-90 days',6,increase,0.8,0.7,"the upgrade from citi and the potential for legislation to limit wildfire risk suggest a more favorable outlook for pg&e, likely leading to an increase in stock price.",2,2019-02-19,PCG,2019-02-19 13:52:00+00:00,13688.0,69331C10,0.1459948569536209,29442458.0,0.0264937616884708,0.0006463655736297,0.065348744392395,0.0170940328389406,-0.0324741825461387,-0.0142579562962055,-0.0063932249322533,0.0767620652914047,-0.0069704647175967,0.0091549381613731,-0.0388769544661045,0.0099572818726301,-0.0432583466172218,0.0285296514630317,0.0516734644770622,-0.0291193071752786,0.0078168278560042,0.0594431869685649,0.0144044458866119,0.0160550493746995,0.0027308107819408,0.0061538401059806,0.0386709719896316,-0.049012441188097,0.0167802665382623,-0.0228734593838453,-0.0005157415871508,0.1648625731468201,-0.0082559268921613,0.0203908029943704,0.0124869812279939,-0.1562723517417908,0.0025694319047033,0.7459324598312378,0.0071757757104933,0.0376623347401619,-0.0111958943307399,0.0650068894028663,-0.0185280796140432,0.1367924362421036,0.0005243958439677,-0.0953058376908302,-0.0015723630785942,0.0173661895096302,0.0194226168096065,-0.1754176914691925,-0.0623069517314434,-0.5235929489135742,-0.014277777634561,-0.0095720766112208,-0.0150418076664209,-0.0039259502664208,-0.0243212841451168,0.0153758805245161,0.0318840146064758,-0.0733509883284568,0.0117978090420365,-0.223360612988472,-0.019433669745922,0.0187890958040952,0.0458663366734981,0.0063025853596627,0.0211153924465179,0.0021052309311926,0.0270413681864738,-0.0058601670898497,0.0160041023045778,0.0122880935668945,-0.0436992160975933,0.0115731013938784,0.002656809054315,0.0077753914520144,0.0137783950194716,0.0175824016332626,0.206482008099556,-0.0461216084659099,0.0277296099811792,0.0042105424217879,-0.0615513958036899,0.031711533665657,-0.0184186808764934,-0.0581014752388,-0.0389016196131706,-0.0603613853454589,0.0190476011484861,-0.0188608076423406,0.0060748164542019,0.0045472090132534,0.0650255233049392,0.0126630822196602,0.0069777518510818,0.0065662451088428,0.0138587998226285,0.0038774125277996,0.0004271776706445,-0.0092201214283704,-0.0384286753833293,-0.0269158612936735,-0.036412063986063,-0.0132792545482516,-0.0341014601290226,0.0276725348085165,0.0252862926572561,-0.0142003390938043,-0.0069799730554223,-0.0254915840923786,-0.0159325283020734,0.0181683264672756,-0.0352380834519863,0.0736464336514473,-0.0449160821735858,0.0536913052201271,-0.0387596897780895,-0.0189300049096345,-0.0198925174772739,0.0336026810109615,0.0071311611682176,0.0107480650767684,-0.0163399316370487,-0.0467212870717048,0.0264937616884708,0.0006463655736297,0.0935738401414387,0.017751447406912,0.0580609236290037,0.0032403917493843,0.0439684769762309,0.0901408291038203,0.0321307658215472,0.1834862117250841,-0.0045095772502581,-0.3536534683189356,0.0180383110315385,-0.3655737619058451,2019-02-20,2019-02-21,2019-02-22,2019-02-25,2019-02-26,2019-02-27,2019-02-28,2019-03-01,2019-03-04,2019-03-05,13688.0,2019-02-19,252.0,14.5995%,-0.0003,0.6097,0.2515,0.4066,7.6025%,7.6257%,0.6086%,0.143433,PCG,13688.0,2019-02-20,252.0,2.6494%,-0.0003,0.6152,0.2593,0.4248,7.6036%,7.6272%,0.6195%,0.022446,PCG,13688.0,2019-02-21,252.0,6.5349%,0.0,0.5978,0.2393,0.3925,7.6159%,7.6382%,0.5822%,0.068683,PCG,13688.0,2019-02-22,252.0,-3.2474%,-0.0001,0.6022,0.24,0.4451,7.6184%,7.6408%,0.5860%,-0.032006,PCG,13688.0,2019-02-25,252.0,-0.6393%,-0.0001,0.6033,0.244,0.4513,7.6183%,7.6408%,0.5882%,-0.005971,PCG,13688.0,2019-02-26,252.0,-0.6970%,-0.0002,0.5927,0.2583,0.4506,7.6174%,7.6391%,0.5675%,-0.003055,PCG,13688.0,2019-02-27,252.0,-3.8877%,-0.0003,0.5948,0.243,0.4508,7.6213%,7.6430%,0.5667%,-0.03946,PCG,13688.0,2019-02-28,252.0,-4.3258%,-0.0005,0.5965,0.2428,0.4614,7.6251%,7.6467%,0.5655%,-0.040436,PCG,13688.0,2019-03-01,252.0,5.1673%,-0.0004,0.6257,0.2863,0.484,7.6288%,7.6526%,0.6210%,0.0484309999999999,PCG,13688.0,2019-03-04,252.0,0.7817%,-0.0004,0.6287,0.2667,0.4854,7.6288%,7.6527%,0.6224%,0.010238,PCG,13688.0,2019-03-05,252.0,1.4404%,-0.0002,0.6298,0.2871,0.4796,7.6288%,7.6528%,0.6270%,0.017375,PCG,0.165879,0.234562,0.2025559999999999,0.1935299999999999,0.1896779999999999
20907,P G & E CORP,PG&E shares are trading higher after the company was upgraded by Citigroup from Neutral to Buy and the price target was raised from $11 to $33.,6,increase,0.85,0.7,"the upgrade from citigroup to buy and the significant increase in the price target are likely to boost investor confidence and demand for pg&e shares, leading to a price increase.",2,2019-02-19,PCG,2019-02-19 13:50:00+00:00,13688.0,69331C10,0.1459948569536209,29442458.0,0.0264937616884708,0.0006463655736297,0.065348744392395,0.0170940328389406,-0.0324741825461387,-0.0142579562962055,-0.0063932249322533,0.0767620652914047,-0.0069704647175967,0.0091549381613731,-0.0388769544661045,0.0099572818726301,-0.0432583466172218,0.0285296514630317,0.0516734644770622,-0.0291193071752786,0.0078168278560042,0.0594431869685649,0.0144044458866119,0.0160550493746995,0.0027308107819408,0.0061538401059806,0.0386709719896316,-0.049012441188097,0.0167802665382623,-0.0228734593838453,-0.0005157415871508,0.1648625731468201,-0.0082559268921613,0.0203908029943704,0.0124869812279939,-0.1562723517417908,0.0025694319047033,0.7459324598312378,0.0071757757104933,0.0376623347401619,-0.0111958943307399,0.0650068894028663,-0.0185280796140432,0.1367924362421036,0.0005243958439677,-0.0953058376908302,-0.0015723630785942,0.0173661895096302,0.0194226168096065,-0.1754176914691925,-0.0623069517314434,-0.5235929489135742,-0.014277777634561,-0.0095720766112208,-0.0150418076664209,-0.0039259502664208,-0.0243212841451168,0.0153758805245161,0.0318840146064758,-0.0733509883284568,0.0117978090420365,-0.223360612988472,-0.019433669745922,0.0187890958040952,0.0458663366734981,0.0063025853596627,0.0211153924465179,0.0021052309311926,0.0270413681864738,-0.0058601670898497,0.0160041023045778,0.0122880935668945,-0.0436992160975933,0.0115731013938784,0.002656809054315,0.0077753914520144,0.0137783950194716,0.0175824016332626,0.206482008099556,-0.0461216084659099,0.0277296099811792,0.0042105424217879,-0.0615513958036899,0.031711533665657,-0.0184186808764934,-0.0581014752388,-0.0389016196131706,-0.0603613853454589,0.0190476011484861,-0.0188608076423406,0.0060748164542019,0.0045472090132534,0.0650255233049392,0.0126630822196602,0.0069777518510818,0.0065662451088428,0.0138587998226285,0.0038774125277996,0.0004271776706445,-0.0092201214283704,-0.0384286753833293,-0.0269158612936735,-0.036412063986063,-0.0132792545482516,-0.0341014601290226,0.0276725348085165,0.0252862926572561,-0.0142003390938043,-0.0069799730554223,-0.0254915840923786,-0.0159325283020734,0.0181683264672756,-0.0352380834519863,0.0736464336514473,-0.0449160821735858,0.0536913052201271,-0.0387596897780895,-0.0189300049096345,-0.0198925174772739,0.0336026810109615,0.0071311611682176,0.0107480650767684,-0.0163399316370487,-0.0467212870717048,0.0264937616884708,0.0006463655736297,0.0935738401414387,0.017751447406912,0.0580609236290037,0.0032403917493843,0.0439684769762309,0.0901408291038203,0.0321307658215472,0.1834862117250841,-0.0045095772502581,-0.3536534683189356,0.0180383110315385,-0.3655737619058451,2019-02-20,2019-02-21,2019-02-22,2019-02-25,2019-02-26,2019-02-27,2019-02-28,2019-03-01,2019-03-04,2019-03-05,13688.0,2019-02-19,252.0,14.5995%,-0.0003,0.6097,0.2515,0.4066,7.6025%,7.6257%,0.6086%,0.143433,PCG,13688.0,2019-02-20,252.0,2.6494%,-0.0003,0.6152,0.2593,0.4248,7.6036%,7.6272%,0.6195%,0.022446,PCG,13688.0,2019-02-21,252.0,6.5349%,0.0,0.5978,0.2393,0.3925,7.6159%,7.6382%,0.5822%,0.068683,PCG,13688.0,2019-02-22,252.0,-3.2474%,-0.0001,0.6022,0.24,0.4451,7.6184%,7.6408%,0.5860%,-0.032006,PCG,13688.0,2019-02-25,252.0,-0.6393%,-0.0001,0.6033,0.244,0.4513,7.6183%,7.6408%,0.5882%,-0.005971,PCG,13688.0,2019-02-26,252.0,-0.6970%,-0.0002,0.5927,0.2583,0.4506,7.6174%,7.6391%,0.5675%,-0.003055,PCG,13688.0,2019-02-27,252.0,-3.8877%,-0.0003,0.5948,0.243,0.4508,7.6213%,7.6430%,0.5667%,-0.03946,PCG,13688.0,2019-02-28,252.0,-4.3258%,-0.0005,0.5965,0.2428,0.4614,7.6251%,7.6467%,0.5655%,-0.040436,PCG,13688.0,2019-03-01,252.0,5.1673%,-0.0004,0.6257,0.2863,0.484,7.6288%,7.6526%,0.6210%,0.0484309999999999,PCG,13688.0,2019-03-04,252.0,0.7817%,-0.0004,0.6287,0.2667,0.4854,7.6288%,7.6527%,0.6224%,0.010238,PCG,13688.0,2019-03-05,252.0,1.4404%,-0.0002,0.6298,0.2871,0.4796,7.6288%,7.6528%,0.6270%,0.017375,PCG,0.165879,0.234562,0.2025559999999999,0.1935299999999999,0.1896779999999999
20915,P G & E CORP,"Citigroup Upgrades PG&E to Buy, Raises Price Target to $33",6,increase,0.8,0.6,the upgrade to 'buy' and the raised price target typically signal positive sentiment and potential for stock price appreciation.,2,2019-02-19,PCG,2019-02-19 13:00:00+00:00,13688.0,69331C10,0.1459948569536209,29442458.0,0.0264937616884708,0.0006463655736297,0.065348744392395,0.0170940328389406,-0.0324741825461387,-0.0142579562962055,-0.0063932249322533,0.0767620652914047,-0.0069704647175967,0.0091549381613731,-0.0388769544661045,0.0099572818726301,-0.0432583466172218,0.0285296514630317,0.0516734644770622,-0.0291193071752786,0.0078168278560042,0.0594431869685649,0.0144044458866119,0.0160550493746995,0.0027308107819408,0.0061538401059806,0.0386709719896316,-0.049012441188097,0.0167802665382623,-0.0228734593838453,-0.0005157415871508,0.1648625731468201,-0.0082559268921613,0.0203908029943704,0.0124869812279939,-0.1562723517417908,0.0025694319047033,0.7459324598312378,0.0071757757104933,0.0376623347401619,-0.0111958943307399,0.0650068894028663,-0.0185280796140432,0.1367924362421036,0.0005243958439677,-0.0953058376908302,-0.0015723630785942,0.0173661895096302,0.0194226168096065,-0.1754176914691925,-0.0623069517314434,-0.5235929489135742,-0.014277777634561,-0.0095720766112208,-0.0150418076664209,-0.0039259502664208,-0.0243212841451168,0.0153758805245161,0.0318840146064758,-0.0733509883284568,0.0117978090420365,-0.223360612988472,-0.019433669745922,0.0187890958040952,0.0458663366734981,0.0063025853596627,0.0211153924465179,0.0021052309311926,0.0270413681864738,-0.0058601670898497,0.0160041023045778,0.0122880935668945,-0.0436992160975933,0.0115731013938784,0.002656809054315,0.0077753914520144,0.0137783950194716,0.0175824016332626,0.206482008099556,-0.0461216084659099,0.0277296099811792,0.0042105424217879,-0.0615513958036899,0.031711533665657,-0.0184186808764934,-0.0581014752388,-0.0389016196131706,-0.0603613853454589,0.0190476011484861,-0.0188608076423406,0.0060748164542019,0.0045472090132534,0.0650255233049392,0.0126630822196602,0.0069777518510818,0.0065662451088428,0.0138587998226285,0.0038774125277996,0.0004271776706445,-0.0092201214283704,-0.0384286753833293,-0.0269158612936735,-0.036412063986063,-0.0132792545482516,-0.0341014601290226,0.0276725348085165,0.0252862926572561,-0.0142003390938043,-0.0069799730554223,-0.0254915840923786,-0.0159325283020734,0.0181683264672756,-0.0352380834519863,0.0736464336514473,-0.0449160821735858,0.0536913052201271,-0.0387596897780895,-0.0189300049096345,-0.0198925174772739,0.0336026810109615,0.0071311611682176,0.0107480650767684,-0.0163399316370487,-0.0467212870717048,0.0264937616884708,0.0006463655736297,0.0935738401414387,0.017751447406912,0.0580609236290037,0.0032403917493843,0.0439684769762309,0.0901408291038203,0.0321307658215472,0.1834862117250841,-0.0045095772502581,-0.3536534683189356,0.0180383110315385,-0.3655737619058451,2019-02-20,2019-02-21,2019-02-22,2019-02-25,2019-02-26,2019-02-27,2019-02-28,2019-03-01,2019-03-04,2019-03-05,13688.0,2019-02-19,252.0,14.5995%,-0.0003,0.6097,0.2515,0.4066,7.6025%,7.6257%,0.6086%,0.143433,PCG,13688.0,2019-02-20,252.0,2.6494%,-0.0003,0.6152,0.2593,0.4248,7.6036%,7.6272%,0.6195%,0.022446,PCG,13688.0,2019-02-21,252.0,6.5349%,0.0,0.5978,0.2393,0.3925,7.6159%,7.6382%,0.5822%,0.068683,PCG,13688.0,2019-02-22,252.0,-3.2474%,-0.0001,0.6022,0.24,0.4451,7.6184%,7.6408%,0.5860%,-0.032006,PCG,13688.0,2019-02-25,252.0,-0.6393%,-0.0001,0.6033,0.244,0.4513,7.6183%,7.6408%,0.5882%,-0.005971,PCG,13688.0,2019-02-26,252.0,-0.6970%,-0.0002,0.5927,0.2583,0.4506,7.6174%,7.6391%,0.5675%,-0.003055,PCG,13688.0,2019-02-27,252.0,-3.8877%,-0.0003,0.5948,0.243,0.4508,7.6213%,7.6430%,0.5667%,-0.03946,PCG,13688.0,2019-02-28,252.0,-4.3258%,-0.0005,0.5965,0.2428,0.4614,7.6251%,7.6467%,0.5655%,-0.040436,PCG,13688.0,2019-03-01,252.0,5.1673%,-0.0004,0.6257,0.2863,0.484,7.6288%,7.6526%,0.6210%,0.0484309999999999,PCG,13688.0,2019-03-04,252.0,0.7817%,-0.0004,0.6287,0.2667,0.4854,7.6288%,7.6527%,0.6224%,0.010238,PCG,13688.0,2019-03-05,252.0,1.4404%,-0.0002,0.6298,0.2871,0.4796,7.6288%,7.6528%,0.6270%,0.017375,PCG,0.165879,0.234562,0.2025559999999999,0.1935299999999999,0.1896779999999999
20923,P G & E CORP,"PG&E Shares Up ~8% Premarket As Hearing Citigroup Upgraded From Neutral To Buy, Set $33 Price Target",6,increase,0.8,0.7,"the upgrade from citigroup to 'buy' and the positive price target typically signal investor confidence, likely leading to an increase in pg&e's stock price.",2,2019-02-19,PCG,2019-02-19 12:52:00+00:00,13688.0,69331C10,0.1459948569536209,29442458.0,0.0264937616884708,0.0006463655736297,0.065348744392395,0.0170940328389406,-0.0324741825461387,-0.0142579562962055,-0.0063932249322533,0.0767620652914047,-0.0069704647175967,0.0091549381613731,-0.0388769544661045,0.0099572818726301,-0.0432583466172218,0.0285296514630317,0.0516734644770622,-0.0291193071752786,0.0078168278560042,0.0594431869685649,0.0144044458866119,0.0160550493746995,0.0027308107819408,0.0061538401059806,0.0386709719896316,-0.049012441188097,0.0167802665382623,-0.0228734593838453,-0.0005157415871508,0.1648625731468201,-0.0082559268921613,0.0203908029943704,0.0124869812279939,-0.1562723517417908,0.0025694319047033,0.7459324598312378,0.0071757757104933,0.0376623347401619,-0.0111958943307399,0.0650068894028663,-0.0185280796140432,0.1367924362421036,0.0005243958439677,-0.0953058376908302,-0.0015723630785942,0.0173661895096302,0.0194226168096065,-0.1754176914691925,-0.0623069517314434,-0.5235929489135742,-0.014277777634561,-0.0095720766112208,-0.0150418076664209,-0.0039259502664208,-0.0243212841451168,0.0153758805245161,0.0318840146064758,-0.0733509883284568,0.0117978090420365,-0.223360612988472,-0.019433669745922,0.0187890958040952,0.0458663366734981,0.0063025853596627,0.0211153924465179,0.0021052309311926,0.0270413681864738,-0.0058601670898497,0.0160041023045778,0.0122880935668945,-0.0436992160975933,0.0115731013938784,0.002656809054315,0.0077753914520144,0.0137783950194716,0.0175824016332626,0.206482008099556,-0.0461216084659099,0.0277296099811792,0.0042105424217879,-0.0615513958036899,0.031711533665657,-0.0184186808764934,-0.0581014752388,-0.0389016196131706,-0.0603613853454589,0.0190476011484861,-0.0188608076423406,0.0060748164542019,0.0045472090132534,0.0650255233049392,0.0126630822196602,0.0069777518510818,0.0065662451088428,0.0138587998226285,0.0038774125277996,0.0004271776706445,-0.0092201214283704,-0.0384286753833293,-0.0269158612936735,-0.036412063986063,-0.0132792545482516,-0.0341014601290226,0.0276725348085165,0.0252862926572561,-0.0142003390938043,-0.0069799730554223,-0.0254915840923786,-0.0159325283020734,0.0181683264672756,-0.0352380834519863,0.0736464336514473,-0.0449160821735858,0.0536913052201271,-0.0387596897780895,-0.0189300049096345,-0.0198925174772739,0.0336026810109615,0.0071311611682176,0.0107480650767684,-0.0163399316370487,-0.0467212870717048,0.0264937616884708,0.0006463655736297,0.0935738401414387,0.017751447406912,0.0580609236290037,0.0032403917493843,0.0439684769762309,0.0901408291038203,0.0321307658215472,0.1834862117250841,-0.0045095772502581,-0.3536534683189356,0.0180383110315385,-0.3655737619058451,2019-02-20,2019-02-21,2019-02-22,2019-02-25,2019-02-26,2019-02-27,2019-02-28,2019-03-01,2019-03-04,2019-03-05,13688.0,2019-02-19,252.0,14.5995%,-0.0003,0.6097,0.2515,0.4066,7.6025%,7.6257%,0.6086%,0.143433,PCG,13688.0,2019-02-20,252.0,2.6494%,-0.0003,0.6152,0.2593,0.4248,7.6036%,7.6272%,0.6195%,0.022446,PCG,13688.0,2019-02-21,252.0,6.5349%,0.0,0.5978,0.2393,0.3925,7.6159%,7.6382%,0.5822%,0.068683,PCG,13688.0,2019-02-22,252.0,-3.2474%,-0.0001,0.6022,0.24,0.4451,7.6184%,7.6408%,0.5860%,-0.032006,PCG,13688.0,2019-02-25,252.0,-0.6393%,-0.0001,0.6033,0.244,0.4513,7.6183%,7.6408%,0.5882%,-0.005971,PCG,13688.0,2019-02-26,252.0,-0.6970%,-0.0002,0.5927,0.2583,0.4506,7.6174%,7.6391%,0.5675%,-0.003055,PCG,13688.0,2019-02-27,252.0,-3.8877%,-0.0003,0.5948,0.243,0.4508,7.6213%,7.6430%,0.5667%,-0.03946,PCG,13688.0,2019-02-28,252.0,-4.3258%,-0.0005,0.5965,0.2428,0.4614,7.6251%,7.6467%,0.5655%,-0.040436,PCG,13688.0,2019-03-01,252.0,5.1673%,-0.0004,0.6257,0.2863,0.484,7.6288%,7.6526%,0.6210%,0.0484309999999999,PCG,13688.0,2019-03-04,252.0,0.7817%,-0.0004,0.6287,0.2667,0.4854,7.6288%,7.6527%,0.6224%,0.010238,PCG,13688.0,2019-03-05,252.0,1.4404%,-0.0002,0.6298,0.2871,0.4796,7.6288%,7.6528%,0.6270%,0.017375,PCG,0.165879,0.234562,0.2025559999999999,0.1935299999999999,0.1896779999999999
20931,PUBLIC SERVICE ENTERPRISE GP INC,Public Service Enterprise Group Increases Quarterly Dividend From $0.45/Share To $0.47/Share,6,increase,0.8,0.6,"an increase in dividends typically signals financial health and can attract more investors, likely leading to a rise in stock price.",2,2019-02-19,PEG,2019-02-19 18:48:00+00:00,23712.0,74457310,-0.0017755411099642,4177367.0,0.0069370218552649,0.0069729909300804,0.0052994033321738,-0.0010716444812715,0.0068529150448739,-0.0001785414497135,0.0005236055003479,0.0003572786226868,-0.0001744659966789,0.001789521658793,0.0216329675167799,0.0034117875620722,0.004269125405699,0.0125454291701316,0.0074816974811255,0.0018214657902717,0.0055696512572467,-0.0012734163319692,-0.0041960389353334,0.0084388721734285,-0.0028653629124164,-0.0007332889945246,0.0052400296553969,0.0244131311774253,-0.0020338802132755,0.0090960683301091,-0.0035666252952069,0.0070610479451715,0.0078405132517218,-0.0047483379021286,0.0064264712855219,-0.0110818957909941,0.0021845248993486,-0.0016876083100214,0.001509056892246,0.0115705728530883,-0.0020090227480977,0.0150173781439662,-0.008220124989748,-0.005171432159841,-0.0038903846871107,0.0147715900093317,0.0100186811760067,-0.0003885847399942,0.0025218818336725,0.0141872158274054,-0.0008384913089685,-0.0217810533940792,0.0057065514847636,-0.0023076718207448,-0.0106808980926871,0.013842836022377,-0.008265821263194,-0.0075464276596903,0.0105459932237863,0.0038850186392664,-0.0146439811214804,0.0021413394715636,0.0087119629606604,0.010822495445609,-0.003725612303242,-0.0001967762364074,0.0079890768975019,-0.0234389510005712,0.0067453882656991,0.0140268336981535,-0.0075377011671662,-0.0019443607889115,0.0059071471914649,0.0141984075307846,-0.0021811621263623,0.0164361540228128,0.0010088710114359,-0.0486269891262054,0.0060473815537989,-0.0049336268566548,0.0016697660321369,-0.0011371789732947,-0.0206701382994651,-0.0082707228139042,-0.000680866651237,-0.0039318306371569,0.0027252573054283,-0.0409409031271934,-0.0073042348958551,-0.0019713372457772,-0.0054756966419517,0.0014357145410031,0.0099793849512934,-0.0012546996586024,0.0051107197068631,0.0072215478867292,-0.0010169724700972,-0.0009018621640279,-0.0040719015523791,0.0034388892818242,0.0161839984357357,-0.0019709977786988,-0.014585125260055,0.0023347893729805,0.0078258402645587,-0.0039356211200356,0.0,0.0253118313848972,-0.0054018148221075,-0.0034728317987173,-0.0013577396748587,0.0077361976727843,-0.0181849021464586,0.0149560514837503,0.0090012196451425,0.0048845037817955,0.0174987204372882,-0.0050467373803257,0.0111279692500829,-0.0014931285986676,-0.0138402832671999,-0.0179618671536445,0.0037200071383267,0.0047882529906928,0.0069370218552649,0.0069729909300804,0.0122731872641739,0.0058938738815608,0.0192102094186989,0.0057142801310601,0.0195659628591158,0.0078739908420373,0.0553184015917325,0.0332049423351727,0.0587050209169055,0.1082251066162833,0.0642630240190369,0.0456485321979223,2019-02-20,2019-02-21,2019-02-22,2019-02-25,2019-02-26,2019-02-27,2019-02-28,2019-03-01,2019-03-04,2019-03-05,23712.0,2019-02-19,252.0,-0.1776%,0.0007,0.1166,-0.5788,-0.2805,1.0652%,1.1194%,9.4515%,0.000458,PEG,23712.0,2019-02-20,252.0,0.6937%,0.0006,0.1173,-0.5855,-0.2802,1.0601%,1.1154%,9.6769%,0.009432,PEG,23712.0,2019-02-21,252.0,0.5299%,0.0007,0.1144,-0.5906,-0.2856,1.0598%,1.1156%,9.7502%,0.004579,PEG,23712.0,2019-02-22,252.0,0.6853%,0.0007,0.1132,-0.5755,-0.286,1.0581%,1.1115%,9.3785%,0.005059,PEG,23712.0,2019-02-25,252.0,0.0524%,0.0007,0.1146,-0.573,-0.2795,1.0556%,1.1087%,9.3440%,-0.0017569999999999,PEG,23712.0,2019-02-26,252.0,-0.0174%,0.0005,0.1021,-0.5535,-0.279,1.0465%,1.0958%,8.7986%,-0.00468,PEG,23712.0,2019-02-27,252.0,2.1633%,0.0007,0.1068,-0.5554,-0.2781,1.0536%,1.1032%,8.7836%,0.022158,PEG,23712.0,2019-02-28,252.0,0.4269%,0.0008,0.0897,-0.567,-0.2913,1.0360%,1.0860%,9.0041%,0.003916,PEG,23712.0,2019-03-01,252.0,0.7482%,0.0009,0.0847,-0.5746,-0.3021,1.0346%,1.0855%,9.1633%,0.007225,PEG,23712.0,2019-03-04,252.0,0.5570%,0.0009,0.0856,-0.5811,-0.3015,1.0347%,1.0856%,9.1574%,0.0048,PEG,23712.0,2019-03-05,252.0,-0.4196%,0.0009,0.0887,-0.5614,-0.2965,1.0344%,1.0829%,8.7580%,-0.006665,PEG,0.00989,0.014469,0.019528,0.013091,0.044525
20939,PEPSICO INC,"Hormel Foods Reports Sale Of CytoSport To PepsiCo, No Terms Disclosed",6,increase,0.7,0.6,"the acquisition of cytosport could enhance pepsico's product portfolio in the sports nutrition market, potentially driving future revenue growth.",2,2019-02-19,PEP,2019-02-19 21:33:00+00:00,13856.0,71344810,0.0001725187030388,5589652.0,-0.0008625763002783,0.0294875875115394,0.0023309732787311,-0.0134069956839084,0.0056847860105335,0.0029000951908528,-0.0059952428564429,0.0072585614398121,-0.0007754294201731,-0.0003981610352639,-0.005173738580197,-0.0006631616270169,0.0103796189650893,0.0003537663433235,0.0046696723438799,0.0013286229223012,-8.609172073192894e-05,-0.0016800320008769,-0.001205125125125,0.0080220503732562,0.0054296725429594,-0.0042601912282407,-0.0048003187403082,0.0166937243193388,-0.0074934982694685,0.0166972447186708,0.011802420951426,0.0016541104996576,-0.0001715125108603,-0.0048468108288943,8.580368739785627e-05,-0.0013698769034817,-0.0092640398070216,-0.011108131147921,0.0013853131094947,0.0074606467969715,0.0139200491830706,-0.0014535844093188,0.0069924080744385,0.0077824434265494,0.0019476955058053,0.0081226220354437,0.00946587882936,-0.0059638638049364,0.0107166673988103,0.0155609222128987,0.001076849293895,-0.0077663087286055,0.0096814082935452,9.24839187064208e-05,-0.0010653766803443,0.006140140350908,-0.0004102309758309,-0.027943605557084,0.005827369634062,0.0095864422619342,-0.0044879890047013,-0.0085988827049732,-0.0026229482609778,0.0205061994493007,-0.0009862158913165,-0.0093337912112474,-0.0007403449853882,-0.0108617357909679,0.0012348853051662,0.001087375334464,0.0031244633719325,0.008590773679316,0.001393427606672,0.0100618144497275,-0.0010640685213729,0.0216920021921396,-0.0030318154022097,-0.030981533229351,0.0046026562340557,-0.0071681421250104,0.0116992574185133,0.0015448761405423,-0.0101083610206842,-0.0160943809896707,0.0375786162912845,-0.0091255996376276,0.0006298259831964,-0.0094777904450893,-0.0051144380122423,-0.0371778756380081,0.0051407297141849,0.0115384487435221,-0.0013376204296946,-0.0024725117255002,-0.0062244008295238,0.0094672385603189,0.0021406824234873,0.0031946359667927,0.0022943110670894,-0.0087298583239316,0.0107348691672086,-0.0002759482595138,-0.0063256942667067,-0.0099176354706287,-0.0032222259324043,-0.0242742244154214,0.0066230096854269,0.0310307424515485,-0.0031330895144492,-0.0019409565720707,-0.0101358788087964,0.0176914930343627,0.0003174574230797,0.0050060576759278,0.0002381083177169,0.0038991156034171,0.0155493170022964,0.0011277315206825,-0.0066400351934134,-0.0062069068662822,0.0019660270772874,-0.0252920091152191,0.0152264526113867,0.005576710216701,-0.0008625763002783,0.0294875875115394,0.0014663863361459,0.0156852518691348,0.0071595084392093,0.0186308357835007,0.0003450436487324,0.0256161072605203,0.0088900760438939,0.0331580459290237,0.0580172890860815,0.0706632305937493,0.1247085996918353,-0.0128422249620474,2019-02-20,2019-02-21,2019-02-22,2019-02-25,2019-02-26,2019-02-27,2019-02-28,2019-03-01,2019-03-04,2019-03-05,13856.0,2019-02-19,252.0,0.0173%,0.0003,0.4282,-0.4665,0.0867,1.0373%,1.1491%,18.5225%,0.0003769999999999,PEP,13856.0,2019-02-20,252.0,-0.0863%,0.0003,0.4276,-0.4687,0.0843,1.0372%,1.1491%,18.5287%,-0.001226,PEP,13856.0,2019-02-21,252.0,0.2331%,0.0004,0.4219,-0.4794,0.0739,1.0339%,1.1455%,18.5331%,0.003679,PEP,13856.0,2019-02-22,252.0,0.5685%,0.0004,0.4206,-0.4664,0.0698,1.0332%,1.1426%,18.2288%,0.006566,PEP,13856.0,2019-02-25,252.0,-0.5995%,0.0004,0.422,-0.461,0.0778,1.0319%,1.1411%,18.2313%,-0.007813,PEP,13856.0,2019-02-26,252.0,-0.0775%,0.0004,0.4255,-0.4599,0.081,1.0316%,1.1409%,18.2420%,-0.002894,PEP,13856.0,2019-02-27,252.0,-0.5174%,0.0003,0.4236,-0.458,0.0807,1.0318%,1.1393%,17.9812%,-0.004686,PEP,13856.0,2019-02-28,252.0,1.0380%,0.0004,0.4232,-0.4579,0.0777,1.0341%,1.1411%,17.8616%,0.011886,PEP,13856.0,2019-03-01,252.0,0.4670%,0.0004,0.4189,-0.4642,0.0698,1.0331%,1.1393%,17.7792%,0.003172,PEP,13856.0,2019-03-04,252.0,-0.0086%,0.0004,0.4199,-0.4668,0.0695,1.0330%,1.1382%,17.6370%,-0.000127,PEP,13856.0,2019-03-05,252.0,-0.1205%,0.0004,0.4178,-0.4846,0.0688,1.0307%,1.1372%,17.8392%,-0.001862,PEP,-0.000849,0.00283,0.009396,-0.001311,0.0070719999999999
20947,PEPSICO INC,"UPDATE: Morgan Stanley Maintains Overweight And Raises Price Target On Pepsi As Firm Sees Co's 'multiple re-rating towards mega-cap peers given superior PEP organic sales growth, and high EPS visibility post a re-base under a new CEO'",6,increase,0.8,0.7,"the positive outlook from morgan stanley, including an overweight rating and raised price target, suggests strong investor confidence in pepsico's growth potential, likely leading to an increase in stock price.",2,2019-02-19,PEP,2019-02-19 15:18:00+00:00,13856.0,71344810,0.0001725187030388,5589652.0,-0.0008625763002783,0.0294875875115394,0.0023309732787311,-0.0134069956839084,0.0056847860105335,0.0029000951908528,-0.0059952428564429,0.0072585614398121,-0.0007754294201731,-0.0003981610352639,-0.005173738580197,-0.0006631616270169,0.0103796189650893,0.0003537663433235,0.0046696723438799,0.0013286229223012,-8.609172073192894e-05,-0.0016800320008769,-0.001205125125125,0.0080220503732562,0.0054296725429594,-0.0042601912282407,-0.0048003187403082,0.0166937243193388,-0.0074934982694685,0.0166972447186708,0.011802420951426,0.0016541104996576,-0.0001715125108603,-0.0048468108288943,8.580368739785627e-05,-0.0013698769034817,-0.0092640398070216,-0.011108131147921,0.0013853131094947,0.0074606467969715,0.0139200491830706,-0.0014535844093188,0.0069924080744385,0.0077824434265494,0.0019476955058053,0.0081226220354437,0.00946587882936,-0.0059638638049364,0.0107166673988103,0.0155609222128987,0.001076849293895,-0.0077663087286055,0.0096814082935452,9.24839187064208e-05,-0.0010653766803443,0.006140140350908,-0.0004102309758309,-0.027943605557084,0.005827369634062,0.0095864422619342,-0.0044879890047013,-0.0085988827049732,-0.0026229482609778,0.0205061994493007,-0.0009862158913165,-0.0093337912112474,-0.0007403449853882,-0.0108617357909679,0.0012348853051662,0.001087375334464,0.0031244633719325,0.008590773679316,0.001393427606672,0.0100618144497275,-0.0010640685213729,0.0216920021921396,-0.0030318154022097,-0.030981533229351,0.0046026562340557,-0.0071681421250104,0.0116992574185133,0.0015448761405423,-0.0101083610206842,-0.0160943809896707,0.0375786162912845,-0.0091255996376276,0.0006298259831964,-0.0094777904450893,-0.0051144380122423,-0.0371778756380081,0.0051407297141849,0.0115384487435221,-0.0013376204296946,-0.0024725117255002,-0.0062244008295238,0.0094672385603189,0.0021406824234873,0.0031946359667927,0.0022943110670894,-0.0087298583239316,0.0107348691672086,-0.0002759482595138,-0.0063256942667067,-0.0099176354706287,-0.0032222259324043,-0.0242742244154214,0.0066230096854269,0.0310307424515485,-0.0031330895144492,-0.0019409565720707,-0.0101358788087964,0.0176914930343627,0.0003174574230797,0.0050060576759278,0.0002381083177169,0.0038991156034171,0.0155493170022964,0.0011277315206825,-0.0066400351934134,-0.0062069068662822,0.0019660270772874,-0.0252920091152191,0.0152264526113867,0.005576710216701,-0.0008625763002783,0.0294875875115394,0.0014663863361459,0.0156852518691348,0.0071595084392093,0.0186308357835007,0.0003450436487324,0.0256161072605203,0.0088900760438939,0.0331580459290237,0.0580172890860815,0.0706632305937493,0.1247085996918353,-0.0128422249620474,2019-02-20,2019-02-21,2019-02-22,2019-02-25,2019-02-26,2019-02-27,2019-02-28,2019-03-01,2019-03-04,2019-03-05,13856.0,2019-02-19,252.0,0.0173%,0.0003,0.4282,-0.4665,0.0867,1.0373%,1.1491%,18.5225%,0.0003769999999999,PEP,13856.0,2019-02-20,252.0,-0.0863%,0.0003,0.4276,-0.4687,0.0843,1.0372%,1.1491%,18.5287%,-0.001226,PEP,13856.0,2019-02-21,252.0,0.2331%,0.0004,0.4219,-0.4794,0.0739,1.0339%,1.1455%,18.5331%,0.003679,PEP,13856.0,2019-02-22,252.0,0.5685%,0.0004,0.4206,-0.4664,0.0698,1.0332%,1.1426%,18.2288%,0.006566,PEP,13856.0,2019-02-25,252.0,-0.5995%,0.0004,0.422,-0.461,0.0778,1.0319%,1.1411%,18.2313%,-0.007813,PEP,13856.0,2019-02-26,252.0,-0.0775%,0.0004,0.4255,-0.4599,0.081,1.0316%,1.1409%,18.2420%,-0.002894,PEP,13856.0,2019-02-27,252.0,-0.5174%,0.0003,0.4236,-0.458,0.0807,1.0318%,1.1393%,17.9812%,-0.004686,PEP,13856.0,2019-02-28,252.0,1.0380%,0.0004,0.4232,-0.4579,0.0777,1.0341%,1.1411%,17.8616%,0.011886,PEP,13856.0,2019-03-01,252.0,0.4670%,0.0004,0.4189,-0.4642,0.0698,1.0331%,1.1393%,17.7792%,0.003172,PEP,13856.0,2019-03-04,252.0,-0.0086%,0.0004,0.4199,-0.4668,0.0695,1.0330%,1.1382%,17.6370%,-0.000127,PEP,13856.0,2019-03-05,252.0,-0.1205%,0.0004,0.4178,-0.4846,0.0688,1.0307%,1.1372%,17.8392%,-0.001862,PEP,-0.000849,0.00283,0.009396,-0.001311,0.0070719999999999
20955,PEPSICO INC,"Morgan Stanley Maintains Overweight on PepsiCo, Raises Price Target to $130",6,increase,0.8,0.6,morgan stanley's decision to maintain an 'overweight' rating and raise the price target typically signals positive sentiment and potential for stock price appreciation.,2,2019-02-19,PEP,2019-02-19 14:00:00+00:00,13856.0,71344810,0.0001725187030388,5589652.0,-0.0008625763002783,0.0294875875115394,0.0023309732787311,-0.0134069956839084,0.0056847860105335,0.0029000951908528,-0.0059952428564429,0.0072585614398121,-0.0007754294201731,-0.0003981610352639,-0.005173738580197,-0.0006631616270169,0.0103796189650893,0.0003537663433235,0.0046696723438799,0.0013286229223012,-8.609172073192894e-05,-0.0016800320008769,-0.001205125125125,0.0080220503732562,0.0054296725429594,-0.0042601912282407,-0.0048003187403082,0.0166937243193388,-0.0074934982694685,0.0166972447186708,0.011802420951426,0.0016541104996576,-0.0001715125108603,-0.0048468108288943,8.580368739785627e-05,-0.0013698769034817,-0.0092640398070216,-0.011108131147921,0.0013853131094947,0.0074606467969715,0.0139200491830706,-0.0014535844093188,0.0069924080744385,0.0077824434265494,0.0019476955058053,0.0081226220354437,0.00946587882936,-0.0059638638049364,0.0107166673988103,0.0155609222128987,0.001076849293895,-0.0077663087286055,0.0096814082935452,9.24839187064208e-05,-0.0010653766803443,0.006140140350908,-0.0004102309758309,-0.027943605557084,0.005827369634062,0.0095864422619342,-0.0044879890047013,-0.0085988827049732,-0.0026229482609778,0.0205061994493007,-0.0009862158913165,-0.0093337912112474,-0.0007403449853882,-0.0108617357909679,0.0012348853051662,0.001087375334464,0.0031244633719325,0.008590773679316,0.001393427606672,0.0100618144497275,-0.0010640685213729,0.0216920021921396,-0.0030318154022097,-0.030981533229351,0.0046026562340557,-0.0071681421250104,0.0116992574185133,0.0015448761405423,-0.0101083610206842,-0.0160943809896707,0.0375786162912845,-0.0091255996376276,0.0006298259831964,-0.0094777904450893,-0.0051144380122423,-0.0371778756380081,0.0051407297141849,0.0115384487435221,-0.0013376204296946,-0.0024725117255002,-0.0062244008295238,0.0094672385603189,0.0021406824234873,0.0031946359667927,0.0022943110670894,-0.0087298583239316,0.0107348691672086,-0.0002759482595138,-0.0063256942667067,-0.0099176354706287,-0.0032222259324043,-0.0242742244154214,0.0066230096854269,0.0310307424515485,-0.0031330895144492,-0.0019409565720707,-0.0101358788087964,0.0176914930343627,0.0003174574230797,0.0050060576759278,0.0002381083177169,0.0038991156034171,0.0155493170022964,0.0011277315206825,-0.0066400351934134,-0.0062069068662822,0.0019660270772874,-0.0252920091152191,0.0152264526113867,0.005576710216701,-0.0008625763002783,0.0294875875115394,0.0014663863361459,0.0156852518691348,0.0071595084392093,0.0186308357835007,0.0003450436487324,0.0256161072605203,0.0088900760438939,0.0331580459290237,0.0580172890860815,0.0706632305937493,0.1247085996918353,-0.0128422249620474,2019-02-20,2019-02-21,2019-02-22,2019-02-25,2019-02-26,2019-02-27,2019-02-28,2019-03-01,2019-03-04,2019-03-05,13856.0,2019-02-19,252.0,0.0173%,0.0003,0.4282,-0.4665,0.0867,1.0373%,1.1491%,18.5225%,0.0003769999999999,PEP,13856.0,2019-02-20,252.0,-0.0863%,0.0003,0.4276,-0.4687,0.0843,1.0372%,1.1491%,18.5287%,-0.001226,PEP,13856.0,2019-02-21,252.0,0.2331%,0.0004,0.4219,-0.4794,0.0739,1.0339%,1.1455%,18.5331%,0.003679,PEP,13856.0,2019-02-22,252.0,0.5685%,0.0004,0.4206,-0.4664,0.0698,1.0332%,1.1426%,18.2288%,0.006566,PEP,13856.0,2019-02-25,252.0,-0.5995%,0.0004,0.422,-0.461,0.0778,1.0319%,1.1411%,18.2313%,-0.007813,PEP,13856.0,2019-02-26,252.0,-0.0775%,0.0004,0.4255,-0.4599,0.081,1.0316%,1.1409%,18.2420%,-0.002894,PEP,13856.0,2019-02-27,252.0,-0.5174%,0.0003,0.4236,-0.458,0.0807,1.0318%,1.1393%,17.9812%,-0.004686,PEP,13856.0,2019-02-28,252.0,1.0380%,0.0004,0.4232,-0.4579,0.0777,1.0341%,1.1411%,17.8616%,0.011886,PEP,13856.0,2019-03-01,252.0,0.4670%,0.0004,0.4189,-0.4642,0.0698,1.0331%,1.1393%,17.7792%,0.003172,PEP,13856.0,2019-03-04,252.0,-0.0086%,0.0004,0.4199,-0.4668,0.0695,1.0330%,1.1382%,17.6370%,-0.000127,PEP,13856.0,2019-03-05,252.0,-0.1205%,0.0004,0.4178,-0.4846,0.0688,1.0307%,1.1372%,17.8392%,-0.001862,PEP,-0.000849,0.00283,0.009396,-0.001311,0.0070719999999999
20963,PEPSICO INC,"Barclays Maintains Equal-Weight on PepsiCo, Raises Price Target to $111",6,uncertain,0.6,0.2,"while maintaining an equal-weight rating suggests no strong buy or sell signal, the raised price target could indicate a positive outlook, leading to uncertainty in the stock's immediate reaction.",1,2019-02-19,PEP,2019-02-19 13:59:00+00:00,13856.0,71344810,0.0001725187030388,5589652.0,-0.0008625763002783,0.0294875875115394,0.0023309732787311,-0.0134069956839084,0.0056847860105335,0.0029000951908528,-0.0059952428564429,0.0072585614398121,-0.0007754294201731,-0.0003981610352639,-0.005173738580197,-0.0006631616270169,0.0103796189650893,0.0003537663433235,0.0046696723438799,0.0013286229223012,-8.609172073192894e-05,-0.0016800320008769,-0.001205125125125,0.0080220503732562,0.0054296725429594,-0.0042601912282407,-0.0048003187403082,0.0166937243193388,-0.0074934982694685,0.0166972447186708,0.011802420951426,0.0016541104996576,-0.0001715125108603,-0.0048468108288943,8.580368739785627e-05,-0.0013698769034817,-0.0092640398070216,-0.011108131147921,0.0013853131094947,0.0074606467969715,0.0139200491830706,-0.0014535844093188,0.0069924080744385,0.0077824434265494,0.0019476955058053,0.0081226220354437,0.00946587882936,-0.0059638638049364,0.0107166673988103,0.0155609222128987,0.001076849293895,-0.0077663087286055,0.0096814082935452,9.24839187064208e-05,-0.0010653766803443,0.006140140350908,-0.0004102309758309,-0.027943605557084,0.005827369634062,0.0095864422619342,-0.0044879890047013,-0.0085988827049732,-0.0026229482609778,0.0205061994493007,-0.0009862158913165,-0.0093337912112474,-0.0007403449853882,-0.0108617357909679,0.0012348853051662,0.001087375334464,0.0031244633719325,0.008590773679316,0.001393427606672,0.0100618144497275,-0.0010640685213729,0.0216920021921396,-0.0030318154022097,-0.030981533229351,0.0046026562340557,-0.0071681421250104,0.0116992574185133,0.0015448761405423,-0.0101083610206842,-0.0160943809896707,0.0375786162912845,-0.0091255996376276,0.0006298259831964,-0.0094777904450893,-0.0051144380122423,-0.0371778756380081,0.0051407297141849,0.0115384487435221,-0.0013376204296946,-0.0024725117255002,-0.0062244008295238,0.0094672385603189,0.0021406824234873,0.0031946359667927,0.0022943110670894,-0.0087298583239316,0.0107348691672086,-0.0002759482595138,-0.0063256942667067,-0.0099176354706287,-0.0032222259324043,-0.0242742244154214,0.0066230096854269,0.0310307424515485,-0.0031330895144492,-0.0019409565720707,-0.0101358788087964,0.0176914930343627,0.0003174574230797,0.0050060576759278,0.0002381083177169,0.0038991156034171,0.0155493170022964,0.0011277315206825,-0.0066400351934134,-0.0062069068662822,0.0019660270772874,-0.0252920091152191,0.0152264526113867,0.005576710216701,-0.0008625763002783,0.0294875875115394,0.0014663863361459,0.0156852518691348,0.0071595084392093,0.0186308357835007,0.0003450436487324,0.0256161072605203,0.0088900760438939,0.0331580459290237,0.0580172890860815,0.0706632305937493,0.1247085996918353,-0.0128422249620474,2019-02-20,2019-02-21,2019-02-22,2019-02-25,2019-02-26,2019-02-27,2019-02-28,2019-03-01,2019-03-04,2019-03-05,13856.0,2019-02-19,252.0,0.0173%,0.0003,0.4282,-0.4665,0.0867,1.0373%,1.1491%,18.5225%,0.0003769999999999,PEP,13856.0,2019-02-20,252.0,-0.0863%,0.0003,0.4276,-0.4687,0.0843,1.0372%,1.1491%,18.5287%,-0.001226,PEP,13856.0,2019-02-21,252.0,0.2331%,0.0004,0.4219,-0.4794,0.0739,1.0339%,1.1455%,18.5331%,0.003679,PEP,13856.0,2019-02-22,252.0,0.5685%,0.0004,0.4206,-0.4664,0.0698,1.0332%,1.1426%,18.2288%,0.006566,PEP,13856.0,2019-02-25,252.0,-0.5995%,0.0004,0.422,-0.461,0.0778,1.0319%,1.1411%,18.2313%,-0.007813,PEP,13856.0,2019-02-26,252.0,-0.0775%,0.0004,0.4255,-0.4599,0.081,1.0316%,1.1409%,18.2420%,-0.002894,PEP,13856.0,2019-02-27,252.0,-0.5174%,0.0003,0.4236,-0.458,0.0807,1.0318%,1.1393%,17.9812%,-0.004686,PEP,13856.0,2019-02-28,252.0,1.0380%,0.0004,0.4232,-0.4579,0.0777,1.0341%,1.1411%,17.8616%,0.011886,PEP,13856.0,2019-03-01,252.0,0.4670%,0.0004,0.4189,-0.4642,0.0698,1.0331%,1.1393%,17.7792%,0.003172,PEP,13856.0,2019-03-04,252.0,-0.0086%,0.0004,0.4199,-0.4668,0.0695,1.0330%,1.1382%,17.6370%,-0.000127,PEP,13856.0,2019-03-05,252.0,-0.1205%,0.0004,0.4178,-0.4846,0.0688,1.0307%,1.1372%,17.8392%,-0.001862,PEP,-0.000849,0.00283,0.009396,-0.001311,0.0070719999999999
20971,PEPSICO INC,"Cowen & Co. Maintains Outperform on PepsiCo, Raises Price Target to $133",6,increase,0.8,0.6,the maintenance of an 'outperform' rating along with a raised price target typically signals positive sentiment and potential for stock price appreciation.,2,2019-02-19,PEP,2019-02-19 13:37:00+00:00,13856.0,71344810,0.0001725187030388,5589652.0,-0.0008625763002783,0.0294875875115394,0.0023309732787311,-0.0134069956839084,0.0056847860105335,0.0029000951908528,-0.0059952428564429,0.0072585614398121,-0.0007754294201731,-0.0003981610352639,-0.005173738580197,-0.0006631616270169,0.0103796189650893,0.0003537663433235,0.0046696723438799,0.0013286229223012,-8.609172073192894e-05,-0.0016800320008769,-0.001205125125125,0.0080220503732562,0.0054296725429594,-0.0042601912282407,-0.0048003187403082,0.0166937243193388,-0.0074934982694685,0.0166972447186708,0.011802420951426,0.0016541104996576,-0.0001715125108603,-0.0048468108288943,8.580368739785627e-05,-0.0013698769034817,-0.0092640398070216,-0.011108131147921,0.0013853131094947,0.0074606467969715,0.0139200491830706,-0.0014535844093188,0.0069924080744385,0.0077824434265494,0.0019476955058053,0.0081226220354437,0.00946587882936,-0.0059638638049364,0.0107166673988103,0.0155609222128987,0.001076849293895,-0.0077663087286055,0.0096814082935452,9.24839187064208e-05,-0.0010653766803443,0.006140140350908,-0.0004102309758309,-0.027943605557084,0.005827369634062,0.0095864422619342,-0.0044879890047013,-0.0085988827049732,-0.0026229482609778,0.0205061994493007,-0.0009862158913165,-0.0093337912112474,-0.0007403449853882,-0.0108617357909679,0.0012348853051662,0.001087375334464,0.0031244633719325,0.008590773679316,0.001393427606672,0.0100618144497275,-0.0010640685213729,0.0216920021921396,-0.0030318154022097,-0.030981533229351,0.0046026562340557,-0.0071681421250104,0.0116992574185133,0.0015448761405423,-0.0101083610206842,-0.0160943809896707,0.0375786162912845,-0.0091255996376276,0.0006298259831964,-0.0094777904450893,-0.0051144380122423,-0.0371778756380081,0.0051407297141849,0.0115384487435221,-0.0013376204296946,-0.0024725117255002,-0.0062244008295238,0.0094672385603189,0.0021406824234873,0.0031946359667927,0.0022943110670894,-0.0087298583239316,0.0107348691672086,-0.0002759482595138,-0.0063256942667067,-0.0099176354706287,-0.0032222259324043,-0.0242742244154214,0.0066230096854269,0.0310307424515485,-0.0031330895144492,-0.0019409565720707,-0.0101358788087964,0.0176914930343627,0.0003174574230797,0.0050060576759278,0.0002381083177169,0.0038991156034171,0.0155493170022964,0.0011277315206825,-0.0066400351934134,-0.0062069068662822,0.0019660270772874,-0.0252920091152191,0.0152264526113867,0.005576710216701,-0.0008625763002783,0.0294875875115394,0.0014663863361459,0.0156852518691348,0.0071595084392093,0.0186308357835007,0.0003450436487324,0.0256161072605203,0.0088900760438939,0.0331580459290237,0.0580172890860815,0.0706632305937493,0.1247085996918353,-0.0128422249620474,2019-02-20,2019-02-21,2019-02-22,2019-02-25,2019-02-26,2019-02-27,2019-02-28,2019-03-01,2019-03-04,2019-03-05,13856.0,2019-02-19,252.0,0.0173%,0.0003,0.4282,-0.4665,0.0867,1.0373%,1.1491%,18.5225%,0.0003769999999999,PEP,13856.0,2019-02-20,252.0,-0.0863%,0.0003,0.4276,-0.4687,0.0843,1.0372%,1.1491%,18.5287%,-0.001226,PEP,13856.0,2019-02-21,252.0,0.2331%,0.0004,0.4219,-0.4794,0.0739,1.0339%,1.1455%,18.5331%,0.003679,PEP,13856.0,2019-02-22,252.0,0.5685%,0.0004,0.4206,-0.4664,0.0698,1.0332%,1.1426%,18.2288%,0.006566,PEP,13856.0,2019-02-25,252.0,-0.5995%,0.0004,0.422,-0.461,0.0778,1.0319%,1.1411%,18.2313%,-0.007813,PEP,13856.0,2019-02-26,252.0,-0.0775%,0.0004,0.4255,-0.4599,0.081,1.0316%,1.1409%,18.2420%,-0.002894,PEP,13856.0,2019-02-27,252.0,-0.5174%,0.0003,0.4236,-0.458,0.0807,1.0318%,1.1393%,17.9812%,-0.004686,PEP,13856.0,2019-02-28,252.0,1.0380%,0.0004,0.4232,-0.4579,0.0777,1.0341%,1.1411%,17.8616%,0.011886,PEP,13856.0,2019-03-01,252.0,0.4670%,0.0004,0.4189,-0.4642,0.0698,1.0331%,1.1393%,17.7792%,0.003172,PEP,13856.0,2019-03-04,252.0,-0.0086%,0.0004,0.4199,-0.4668,0.0695,1.0330%,1.1382%,17.6370%,-0.000127,PEP,13856.0,2019-03-05,252.0,-0.1205%,0.0004,0.4178,-0.4846,0.0688,1.0307%,1.1372%,17.8392%,-0.001862,PEP,-0.000849,0.00283,0.009396,-0.001311,0.0070719999999999
20979,PEPSICO INC,"Macquarie Upgrades PepsiCo to Outperform, Announces $126 Target",6,increase,0.8,0.6,"upgrades from analysts, especially with a target price increase, typically lead to positive sentiment and can drive the stock price higher.",2,2019-02-19,PEP,2019-02-19 13:34:00+00:00,13856.0,71344810,0.0001725187030388,5589652.0,-0.0008625763002783,0.0294875875115394,0.0023309732787311,-0.0134069956839084,0.0056847860105335,0.0029000951908528,-0.0059952428564429,0.0072585614398121,-0.0007754294201731,-0.0003981610352639,-0.005173738580197,-0.0006631616270169,0.0103796189650893,0.0003537663433235,0.0046696723438799,0.0013286229223012,-8.609172073192894e-05,-0.0016800320008769,-0.001205125125125,0.0080220503732562,0.0054296725429594,-0.0042601912282407,-0.0048003187403082,0.0166937243193388,-0.0074934982694685,0.0166972447186708,0.011802420951426,0.0016541104996576,-0.0001715125108603,-0.0048468108288943,8.580368739785627e-05,-0.0013698769034817,-0.0092640398070216,-0.011108131147921,0.0013853131094947,0.0074606467969715,0.0139200491830706,-0.0014535844093188,0.0069924080744385,0.0077824434265494,0.0019476955058053,0.0081226220354437,0.00946587882936,-0.0059638638049364,0.0107166673988103,0.0155609222128987,0.001076849293895,-0.0077663087286055,0.0096814082935452,9.24839187064208e-05,-0.0010653766803443,0.006140140350908,-0.0004102309758309,-0.027943605557084,0.005827369634062,0.0095864422619342,-0.0044879890047013,-0.0085988827049732,-0.0026229482609778,0.0205061994493007,-0.0009862158913165,-0.0093337912112474,-0.0007403449853882,-0.0108617357909679,0.0012348853051662,0.001087375334464,0.0031244633719325,0.008590773679316,0.001393427606672,0.0100618144497275,-0.0010640685213729,0.0216920021921396,-0.0030318154022097,-0.030981533229351,0.0046026562340557,-0.0071681421250104,0.0116992574185133,0.0015448761405423,-0.0101083610206842,-0.0160943809896707,0.0375786162912845,-0.0091255996376276,0.0006298259831964,-0.0094777904450893,-0.0051144380122423,-0.0371778756380081,0.0051407297141849,0.0115384487435221,-0.0013376204296946,-0.0024725117255002,-0.0062244008295238,0.0094672385603189,0.0021406824234873,0.0031946359667927,0.0022943110670894,-0.0087298583239316,0.0107348691672086,-0.0002759482595138,-0.0063256942667067,-0.0099176354706287,-0.0032222259324043,-0.0242742244154214,0.0066230096854269,0.0310307424515485,-0.0031330895144492,-0.0019409565720707,-0.0101358788087964,0.0176914930343627,0.0003174574230797,0.0050060576759278,0.0002381083177169,0.0038991156034171,0.0155493170022964,0.0011277315206825,-0.0066400351934134,-0.0062069068662822,0.0019660270772874,-0.0252920091152191,0.0152264526113867,0.005576710216701,-0.0008625763002783,0.0294875875115394,0.0014663863361459,0.0156852518691348,0.0071595084392093,0.0186308357835007,0.0003450436487324,0.0256161072605203,0.0088900760438939,0.0331580459290237,0.0580172890860815,0.0706632305937493,0.1247085996918353,-0.0128422249620474,2019-02-20,2019-02-21,2019-02-22,2019-02-25,2019-02-26,2019-02-27,2019-02-28,2019-03-01,2019-03-04,2019-03-05,13856.0,2019-02-19,252.0,0.0173%,0.0003,0.4282,-0.4665,0.0867,1.0373%,1.1491%,18.5225%,0.0003769999999999,PEP,13856.0,2019-02-20,252.0,-0.0863%,0.0003,0.4276,-0.4687,0.0843,1.0372%,1.1491%,18.5287%,-0.001226,PEP,13856.0,2019-02-21,252.0,0.2331%,0.0004,0.4219,-0.4794,0.0739,1.0339%,1.1455%,18.5331%,0.003679,PEP,13856.0,2019-02-22,252.0,0.5685%,0.0004,0.4206,-0.4664,0.0698,1.0332%,1.1426%,18.2288%,0.006566,PEP,13856.0,2019-02-25,252.0,-0.5995%,0.0004,0.422,-0.461,0.0778,1.0319%,1.1411%,18.2313%,-0.007813,PEP,13856.0,2019-02-26,252.0,-0.0775%,0.0004,0.4255,-0.4599,0.081,1.0316%,1.1409%,18.2420%,-0.002894,PEP,13856.0,2019-02-27,252.0,-0.5174%,0.0003,0.4236,-0.458,0.0807,1.0318%,1.1393%,17.9812%,-0.004686,PEP,13856.0,2019-02-28,252.0,1.0380%,0.0004,0.4232,-0.4579,0.0777,1.0341%,1.1411%,17.8616%,0.011886,PEP,13856.0,2019-03-01,252.0,0.4670%,0.0004,0.4189,-0.4642,0.0698,1.0331%,1.1393%,17.7792%,0.003172,PEP,13856.0,2019-03-04,252.0,-0.0086%,0.0004,0.4199,-0.4668,0.0695,1.0330%,1.1382%,17.6370%,-0.000127,PEP,13856.0,2019-03-05,252.0,-0.1205%,0.0004,0.4178,-0.4846,0.0688,1.0307%,1.1372%,17.8392%,-0.001862,PEP,-0.000849,0.00283,0.009396,-0.001311,0.0070719999999999
20987,PFIZER INC,"Pfizer Reports Received European Approval For ZIRABEV, A Biosimilar To Avastin",6,increase,0.8,0.6,"the approval of zirabev, a biosimilar to avastin, is likely to boost pfizer's revenue potential in the oncology market, positively impacting investor sentiment and stock price.",2,2019-02-19,PFE,2019-02-19 14:32:00+00:00,21936.0,71708110,0.0047169090248644,23181303.0,-0.0093896184116601,0.0102454200387001,-0.0014218334108591,0.0064748311415314,0.0194589402526617,-0.004060142673552,0.0027933600358664,0.0045585082843899,-0.0013927895342931,-0.0130238989368081,-0.0020920536480844,0.0127098029479384,0.0097833257168531,-0.0148830860853195,0.0002307297982042,0.005224441178143,-0.0066882129758596,-0.0077756368555128,-0.0041792499832808,-0.0102612506598234,-0.0240148939192295,0.0101295709609985,-0.0112279318273067,0.0295815020799636,-0.0120802130550146,0.0198675822466611,0.0149180879816412,0.0313686244189739,0.0055421576835215,-0.0273130070418119,0.0067097716964781,-0.007570241112262,-0.019519155845046,-0.0287001673132181,0.0143238687887787,-0.0026023327372968,0.000718109018635,-0.0061132926493883,0.0117196328938007,0.0014127044705674,-0.0030733114108443,0.0085490522906184,0.0042684446088969,-0.0145096872001886,-0.0118063762784004,0.0084965927526354,0.0009558164165355,-0.0118937063962221,0.0126521550118923,0.0134719852358102,-0.0094294603914022,-0.0237655472010374,0.0064255222678184,-0.0020723037887364,0.0042563322931528,0.0046264347620308,0.0087120067328214,0.0053488267585635,0.001633979845792,0.0228353720158338,-0.0016313142841681,-0.0279768574982881,-0.0023342315107584,-0.0091638378798961,0.005849321372807,0.0160615090280771,0.0034891301766037,0.0025671089533716,-0.006954085547477,0.0156435146927833,-0.0025677080266177,0.0404438823461532,-0.0107652489095926,-0.0329120196402072,-0.0132481986656785,-0.0004767689388245,0.0091105513274669,-0.0004765417543239,-0.0277976244688034,-0.0101415161043405,-0.0254153758287429,-0.0164694748818874,-0.0125376125797629,-0.0157533939927816,-0.0101574789732694,-0.0172762051224708,0.0112878046929836,0.0092844171449542,-0.0012683724053204,0.0034083509817719,0.0060960547998547,-0.0087838554754853,0.009088628925383,0.0109290387481451,-0.0095071569085121,-0.0235660597681999,0.0257640928030014,-0.0035445247776806,0.0039399126544594,-0.0184823274612426,0.0058866287581622,-0.0051913880743086,0.0092660589143633,0.0158207267522811,0.0062817623838782,0.0135856745764613,-0.0196878667920827,0.0188337154686451,0.0029389890842139,0.0168435517698526,0.0012209679698571,0.0046360865235328,0.0019685490988194,0.0009280955418944,-0.0036837309598922,-0.0098782526329159,0.0022183917462825,-0.0147125739604234,0.0120511977002024,0.0153988050296902,-0.0093896184116601,0.0102454200387001,-0.0107981013493463,0.0167865885449562,0.0084507192943161,0.0126582899269094,0.0098592021833741,0.0040256208370781,0.0068075342144855,-0.0111940187946976,0.0072770263348198,0.0171164733175424,-0.0254807366366759,-0.0172470866273578,2019-02-20,2019-02-21,2019-02-22,2019-02-25,2019-02-26,2019-02-27,2019-02-28,2019-03-01,2019-03-04,2019-03-05,21936.0,2019-02-19,252.0,0.4717%,0.0008,0.7188,-0.4365,0.0594,0.9298%,1.2084%,40.7976%,0.004365,PFE,21936.0,2019-02-20,252.0,-0.9390%,0.0007,0.7142,-0.4535,0.0413,0.9270%,1.2067%,40.9880%,-0.010222,PFE,21936.0,2019-02-21,252.0,-0.1422%,0.0007,0.7124,-0.4571,0.0381,0.9265%,1.2058%,40.9636%,0.000898,PFE,21936.0,2019-02-22,252.0,1.9459%,0.0008,0.7099,-0.4517,0.0127,0.9325%,1.2104%,40.6510%,0.017802,PFE,21936.0,2019-02-25,252.0,0.2793%,0.0008,0.7098,-0.4517,0.0122,0.9325%,1.2105%,40.6566%,0.000477,PFE,21936.0,2019-02-26,252.0,-0.1393%,0.0008,0.7099,-0.4463,0.0151,0.9328%,1.2075%,40.3233%,-0.003208,PFE,21936.0,2019-02-27,252.0,-0.2092%,0.0007,0.7046,-0.4376,0.0142,0.9299%,1.1996%,39.9051%,-0.001965,PFE,21936.0,2019-02-28,252.0,0.9783%,0.0008,0.702,-0.4391,0.0096,0.9326%,1.1997%,39.5662%,0.011991,PFE,21936.0,2019-03-01,252.0,0.0231%,0.0008,0.696,-0.4479,0.0025,0.9316%,1.1963%,39.3645%,-0.003602,PFE,21936.0,2019-03-04,252.0,-0.6688%,0.0008,0.6935,-0.4344,0.002,0.9312%,1.1909%,38.8481%,-0.00496,PFE,21936.0,2019-03-05,252.0,-0.4179%,0.0007,0.6925,-0.4459,0.0031,0.9303%,1.1902%,38.9070%,-0.004432,PFE,-0.005857,-0.004959,0.0128429999999999,0.010112,0.0071439999999999
20995,P L D T INC,PHI Says Collaborating With Advisers For Previously Announced Strategic Review Process,6,uncertain,0.6,0.3,"the announcement of a strategic review process can lead to uncertainty among investors, as it may indicate potential changes in company direction that could either positively or negatively impact stock performance.",1,2019-02-19,PHI,2019-02-19 21:34:00+00:00,81043.0,69344D40,-0.0303030330687761,144604.0,-0.0261194668710231,-0.0053980625234544,0.0047892904840409,-0.0137533880770206,0.0100095802918076,-0.0280293058604002,0.0023595674429088,-0.0072774002328515,-0.0084745911881327,-0.0225941017270088,-0.0166192017495632,-0.0062369904480874,-0.0338000431656837,-0.0111019928008317,-0.0259870290756225,-0.0032786855008453,0.0236018989235162,-0.0048939981497824,0.0220550689846277,-0.0207667909562587,0.0112801110371947,0.0092705143615603,-0.010184334591031,-0.0103709707036614,0.0068593528121709,-0.0141565315425396,0.0097323972731828,-0.027533434331417,0.0265059880912303,0.0194931775331497,0.0089202132076025,0.0520919002592563,-0.0009306867141276,0.0196570195257663,0.0139730395749211,0.0063131153583526,0.0045934948138892,-0.0008410621085204,0.0013716862304136,0.0016849585808813,0.00136989436578,0.0059321774169802,0.0196078568696975,0.0107066379860043,-0.0107334423810243,-0.0143520534038543,-0.0171790719032287,-0.0054575633257627,0.0202392153441906,0.0084673520177602,-0.0018034677486866,0.050711803138256,-0.0162601042538881,0.0181159246712923,-0.0050505329854786,0.0105262948200106,0.015228422358632,-0.0144339054822921,0.0050767879001796,0.0235457178205251,0.0032664346508681,0.002777752932161,0.021395307034254,0.0102900480851531,-0.0150273200124502,0.0080150915309786,0.0365233905613422,0.0090389447286725,-0.0075825192034244,0.0014292848063632,0.0121348518878221,0.0130309108644723,0.0088809439912438,-0.008612454868853,0.0101233031600713,-0.027454636991024,0.0061001912690699,0.0218734703958034,0.0008661956526339,-0.0004752960230689,0.0220683775842189,-0.000949598790612,0.0232853181660175,-0.0047259158454835,-0.0070335157215595,-0.022181125357747,-0.0079166889190673,0.0255923699587583,-0.0117597142234444,0.0100527042523026,0.0063748243264853,-0.0251983627676963,-0.0135135008022189,-0.0133517039939761,-0.0055651138536632,-0.0167496986687183,0.0180800724774599,-0.0062977685593068,-0.0021141327451914,0.0132178217172622,0.0135593088343739,0.0166821405291557,-0.0075250961817801,-0.0114521300420165,0.0084246322512626,-0.0153360469266772,-0.001670881989412,-0.0009013275266624,-0.0020920182578265,-0.0133392279967665,0.0058699953369796,0.006263954564929,0.0141725782305002,-0.0013404281344264,-0.0143855484202504,-0.0062167537398636,0.0033361103851348,-0.0326460562646389,-0.006234398111701,0.0458221212029457,-0.0261194668710231,-0.0053980625234544,-0.0214552701011158,-0.0190772089517259,-0.0116604480580676,-0.0465717938874554,-0.0177239310893685,-0.0748953577225024,-0.0489739327443147,-0.117012788205925,0.0313287681125373,0.0207756631537736,0.1506799022727309,-0.0067385228476007,2019-02-20,2019-02-21,2019-02-22,2019-02-25,2019-02-26,2019-02-27,2019-02-28,2019-03-01,2019-03-04,2019-03-05,81043.0,2019-02-19,252.0,-3.0303%,-0.0008,0.3934,-0.2366,0.4853,1.6093%,1.6682%,6.9310%,-0.032059,PHI,81043.0,2019-02-20,252.0,-2.6119%,-0.0009,0.3852,-0.2561,0.456,1.6190%,1.6756%,6.6443%,-0.029116,PHI,81043.0,2019-02-21,252.0,0.4789%,-0.0011,0.3999,-0.2244,0.4829,1.5937%,1.6535%,7.1069%,0.006984,PHI,81043.0,2019-02-22,252.0,1.0010%,-0.001,0.3971,-0.2102,0.462,1.5963%,1.6538%,6.8318%,0.015642,PHI,81043.0,2019-02-25,252.0,0.2360%,-0.001,0.3975,-0.2112,0.4631,1.5962%,1.6539%,6.8513%,0.001949,PHI,81043.0,2019-02-26,252.0,-0.8475%,-0.001,0.4105,-0.2143,0.4712,1.5922%,1.6526%,7.1796%,-0.007762,PHI,81043.0,2019-02-27,252.0,-1.6619%,-0.001,0.4081,-0.2145,0.4708,1.5948%,1.6542%,7.0632%,-0.016116,PHI,81043.0,2019-02-28,252.0,-3.3800%,-0.0011,0.4032,-0.2189,0.4743,1.6009%,1.6595%,6.9405%,-0.031415,PHI,81043.0,2019-03-01,252.0,-2.5987%,-0.0011,0.3921,-0.2354,0.469,1.6078%,1.6645%,6.7024%,-0.026448,PHI,81043.0,2019-03-04,252.0,2.3602%,-0.0011,0.3988,-0.2791,0.4721,1.6096%,1.6697%,7.0777%,0.02278,PHI,81043.0,2019-03-05,252.0,2.2055%,-0.001,0.3944,-0.2975,0.4601,1.6166%,1.6761%,6.9784%,0.022911,PHI,-0.061175,-0.054191,-0.038549,-0.044362,-0.07265
21003,P L D T INC,"PHI Shareholder, Timothy Stabosz, Issues Open Letter To PHI Management Calling On Co. To Address Story Published In Debtwire",6,uncertain,0.5,0.5,"the open letter from a shareholder may indicate concerns about management, but its impact on stock price will depend on the market's perception and response to the issues raised.",1,2019-02-19,PHI,2019-02-19 12:25:00+00:00,81043.0,69344D40,-0.0303030330687761,144604.0,-0.0261194668710231,-0.0053980625234544,0.0047892904840409,-0.0137533880770206,0.0100095802918076,-0.0280293058604002,0.0023595674429088,-0.0072774002328515,-0.0084745911881327,-0.0225941017270088,-0.0166192017495632,-0.0062369904480874,-0.0338000431656837,-0.0111019928008317,-0.0259870290756225,-0.0032786855008453,0.0236018989235162,-0.0048939981497824,0.0220550689846277,-0.0207667909562587,0.0112801110371947,0.0092705143615603,-0.010184334591031,-0.0103709707036614,0.0068593528121709,-0.0141565315425396,0.0097323972731828,-0.027533434331417,0.0265059880912303,0.0194931775331497,0.0089202132076025,0.0520919002592563,-0.0009306867141276,0.0196570195257663,0.0139730395749211,0.0063131153583526,0.0045934948138892,-0.0008410621085204,0.0013716862304136,0.0016849585808813,0.00136989436578,0.0059321774169802,0.0196078568696975,0.0107066379860043,-0.0107334423810243,-0.0143520534038543,-0.0171790719032287,-0.0054575633257627,0.0202392153441906,0.0084673520177602,-0.0018034677486866,0.050711803138256,-0.0162601042538881,0.0181159246712923,-0.0050505329854786,0.0105262948200106,0.015228422358632,-0.0144339054822921,0.0050767879001796,0.0235457178205251,0.0032664346508681,0.002777752932161,0.021395307034254,0.0102900480851531,-0.0150273200124502,0.0080150915309786,0.0365233905613422,0.0090389447286725,-0.0075825192034244,0.0014292848063632,0.0121348518878221,0.0130309108644723,0.0088809439912438,-0.008612454868853,0.0101233031600713,-0.027454636991024,0.0061001912690699,0.0218734703958034,0.0008661956526339,-0.0004752960230689,0.0220683775842189,-0.000949598790612,0.0232853181660175,-0.0047259158454835,-0.0070335157215595,-0.022181125357747,-0.0079166889190673,0.0255923699587583,-0.0117597142234444,0.0100527042523026,0.0063748243264853,-0.0251983627676963,-0.0135135008022189,-0.0133517039939761,-0.0055651138536632,-0.0167496986687183,0.0180800724774599,-0.0062977685593068,-0.0021141327451914,0.0132178217172622,0.0135593088343739,0.0166821405291557,-0.0075250961817801,-0.0114521300420165,0.0084246322512626,-0.0153360469266772,-0.001670881989412,-0.0009013275266624,-0.0020920182578265,-0.0133392279967665,0.0058699953369796,0.006263954564929,0.0141725782305002,-0.0013404281344264,-0.0143855484202504,-0.0062167537398636,0.0033361103851348,-0.0326460562646389,-0.006234398111701,0.0458221212029457,-0.0261194668710231,-0.0053980625234544,-0.0214552701011158,-0.0190772089517259,-0.0116604480580676,-0.0465717938874554,-0.0177239310893685,-0.0748953577225024,-0.0489739327443147,-0.117012788205925,0.0313287681125373,0.0207756631537736,0.1506799022727309,-0.0067385228476007,2019-02-20,2019-02-21,2019-02-22,2019-02-25,2019-02-26,2019-02-27,2019-02-28,2019-03-01,2019-03-04,2019-03-05,81043.0,2019-02-19,252.0,-3.0303%,-0.0008,0.3934,-0.2366,0.4853,1.6093%,1.6682%,6.9310%,-0.032059,PHI,81043.0,2019-02-20,252.0,-2.6119%,-0.0009,0.3852,-0.2561,0.456,1.6190%,1.6756%,6.6443%,-0.029116,PHI,81043.0,2019-02-21,252.0,0.4789%,-0.0011,0.3999,-0.2244,0.4829,1.5937%,1.6535%,7.1069%,0.006984,PHI,81043.0,2019-02-22,252.0,1.0010%,-0.001,0.3971,-0.2102,0.462,1.5963%,1.6538%,6.8318%,0.015642,PHI,81043.0,2019-02-25,252.0,0.2360%,-0.001,0.3975,-0.2112,0.4631,1.5962%,1.6539%,6.8513%,0.001949,PHI,81043.0,2019-02-26,252.0,-0.8475%,-0.001,0.4105,-0.2143,0.4712,1.5922%,1.6526%,7.1796%,-0.007762,PHI,81043.0,2019-02-27,252.0,-1.6619%,-0.001,0.4081,-0.2145,0.4708,1.5948%,1.6542%,7.0632%,-0.016116,PHI,81043.0,2019-02-28,252.0,-3.3800%,-0.0011,0.4032,-0.2189,0.4743,1.6009%,1.6595%,6.9405%,-0.031415,PHI,81043.0,2019-03-01,252.0,-2.5987%,-0.0011,0.3921,-0.2354,0.469,1.6078%,1.6645%,6.7024%,-0.026448,PHI,81043.0,2019-03-04,252.0,2.3602%,-0.0011,0.3988,-0.2791,0.4721,1.6096%,1.6697%,7.0777%,0.02278,PHI,81043.0,2019-03-05,252.0,2.2055%,-0.001,0.3944,-0.2975,0.4601,1.6166%,1.6761%,6.9784%,0.022911,PHI,-0.061175,-0.054191,-0.038549,-0.044362,-0.07265
21011,INVESCO E T F TRUST,This Water ETF is Gushing Higher,6,increase,0.8,0.7,"the positive phrasing of the etf being 'gushing higher' suggests strong performance, likely leading to increased investor interest and a rise in stock price.",2,2019-02-19,PHO,2019-02-19 13:02:00+00:00,91052.0,46137V14,0.0006097700679674,39208.0,0.0045704306103289,0.0148514714092016,0.0042462656274437,-0.0018530379747971,0.0075505888089537,0.0037198620848357,0.0086930729448795,0.0147844413295388,-0.0044576972723007,-0.0015703277895227,0.0068656578660011,0.0101522747427225,-0.0071152644231915,-0.0063051343895494,0.0050760870799422,-0.0009449035278521,-0.0026738012675195,0.0108245834708213,-0.0038725370541214,0.006730739492923,-0.0095693692564964,-0.0012803779682144,-0.0057366737164556,0.0103492783382535,-0.0006073628319427,0.0127742998301982,0.0139774866402149,0.0022981485817581,0.0041953669860959,-0.0061990385875105,0.0041779531165957,0.0142289977520704,-0.0038633302319794,-0.0029693220276385,0.0062648891471326,0.0157506465911865,0.0071153775788843,-0.0164798945188522,-0.002060632687062,0.0140374358743429,-0.0029499197844415,0.0114942584186792,0.0121301729232072,0.0054384721443057,-0.0242618545889854,-0.002711861860007,0.0029957599472254,0.0010180077515542,0.0080645298585295,-0.002031878568232,-0.0053333425894379,0.0099179521203041,0.0053619393147528,0.0093200020492076,0.0068148011341691,0.0161346569657325,0.0097116492688655,0.0067090583033859,-0.0049548815004527,0.027203481644392,0.0020503718405961,-0.0181624013930559,0.0017539133550599,-0.0046082651242613,0.0058360304683446,0.0074999672360718,0.0,0.0032246562186628,-0.0171163361519575,0.0079450812190771,0.0053128777071833,0.0425452217459678,0.0049911378882825,-0.0302405636757612,0.004089961759746,-0.0122390259057283,-0.0020366511307656,-0.0120910434052348,0.0,-0.008112858980894,-0.0102040376514196,0.0024752367753535,0.0106038469821214,-0.0217917393893003,-0.0011658675502985,-0.0119617357850074,-0.00641964469105,-0.0023866244591772,0.0029369248077273,0.006520265713334,-0.002342659747228,0.0017187774647027,0.0108599625527858,-0.0010302433511242,0.0046457564458251,-0.0145515538752079,0.0018323777476325,-0.0023633220698684,-0.0078872628509998,-0.0373740531504154,0.0020354664884507,0.0065423869527876,0.0136912874877452,0.0115817468613386,-0.0080671282485127,-0.0023110464680939,-0.0109177399426698,0.0205525811761617,-0.0038428911939263,-0.0056951446458697,0.0002929741167463,0.0087902061641216,0.0002927766181528,-0.0016902944771572,-0.0181498508900404,0.0037249813321977,0.0032796841114759,-0.0156666431576013,-0.0005943672149442,-0.0108803138136863,0.0045704306103289,0.0148514714092016,0.008836103500176,0.0129709130939015,0.0164534100933329,0.0167390251865608,0.0207190834636625,0.0301507250666455,0.018890887823822,0.051282001710305,0.0402193685088969,0.1896989323842359,0.0246801150750033,0.0834814775377457,2019-02-20,2019-02-21,2019-02-22,2019-02-25,2019-02-26,2019-02-27,2019-02-28,2019-03-01,2019-03-04,2019-03-05,91052.0,2019-02-19,252.0,0.0610%,0.0002,0.877,0.2004,0.1304,0.4640%,1.0192%,79.2771%,-0.002136,PHO,91052.0,2019-02-20,252.0,0.4570%,0.0002,0.8773,0.2003,0.1312,0.4640%,1.0194%,79.2863%,0.001646,PHO,91052.0,2019-02-21,252.0,0.4246%,0.0003,0.8755,0.1983,0.1278,0.4664%,1.0188%,79.0422%,0.007834,PHO,91052.0,2019-02-22,252.0,0.7551%,0.0003,0.8754,0.1922,0.1213,0.4656%,1.0196%,79.1495%,0.002548,PHO,91052.0,2019-02-25,252.0,0.8693%,0.0003,0.8755,0.1884,0.1195,0.4681%,1.0210%,78.9765%,0.007998,PHO,91052.0,2019-02-26,252.0,-0.4458%,0.0003,0.8771,0.1894,0.1212,0.4681%,1.0193%,78.9109%,-0.001557,PHO,91052.0,2019-02-27,252.0,0.6866%,0.0003,0.8777,0.1898,0.1213,0.4693%,1.0190%,78.7912%,0.005762,PHO,91052.0,2019-02-28,252.0,-0.7115%,0.0003,0.8793,0.1907,0.1235,0.4701%,1.0181%,78.6811%,-0.004229,PHO,91052.0,2019-03-01,252.0,0.5076%,0.0003,0.876,0.1858,0.1192,0.4692%,1.0136%,78.5704%,-0.0014039999999999,PHO,91052.0,2019-03-04,252.0,-0.2674%,0.0003,0.8723,0.1965,0.1205,0.4670%,1.0087%,78.5676%,0.00207,PHO,91052.0,2019-03-05,252.0,-0.3873%,0.0004,0.8741,0.2092,0.1225,0.4653%,1.0090%,78.7390%,-0.001581,PHO,-0.00049,0.007344,0.009892,0.016333,0.016951
21019,PRIMORIS SERVICES CORP,Primoris Services Wins Solar Award Valued At Over $170M,6,increase,0.8,0.7,winning a significant solar award valued at over $170 million is likely to positively impact investor sentiment and future revenue projections for primoris services corp.,2,2019-02-19,PRIM,2019-02-19 12:38:00+00:00,92773.0,74164F10,0.0098499525338411,154949.0,0.0130050517618656,0.0075614294037222,0.0142137268558144,0.0042714835144579,-0.0153707116842269,0.0154216717928648,0.0032139436807483,0.0277364756911993,-0.0004576763603836,0.0227963905781507,0.0045787720009684,0.0025393213145434,0.0651777684688568,-0.0385741703212261,0.0038510158192366,0.0270811934024095,-0.0034100564662367,0.0010040390770882,-0.0132591733708977,0.0116810323670506,-0.0255743451416492,-0.0130325928330421,-0.0071174311451613,0.0075758351013064,-0.0058243353851139,-0.0090090241283178,0.0094636809080839,-0.0079443817958235,-0.0008928775787353,-0.0004962892853654,-0.0058087203651666,0.0014909929595887,0.0026966051664203,0.0024913374800235,0.0134469363838434,-0.0039702197536826,0.0106147620826959,-0.0044466480612754,-0.0266958680003881,0.0034704855643212,-0.0026978177484124,0.0054835798218846,-0.0121731497347354,0.0019979523494839,-0.0556823052465915,-0.0084200138226151,0.0043499348685145,-0.0107789961621165,-0.0009624859085306,0.0059141907840967,0.0028901477344334,-0.0049042901955544,0.0028818442951887,0.002951277187094,-0.00672427425161,0.0019713654182851,0.0338490754365921,0.0257836300879716,-0.0018708610441535,0.0510096177458763,-0.0032802105415612,-0.0223376788198947,0.0155148059129715,0.0062729138880968,0.0157407466322183,0.0180946364998817,-0.0118505116552114,-0.0084165865555405,-0.0119926305487752,0.0095592299476265,0.0051354160532355,0.0323464982211589,0.0078959623351693,0.0094078630208969,0.001843272242695,-0.0699948817491531,-0.0101195638999342,-0.0428570918738842,0.0060408529825508,-0.0374585539102554,-0.0004619043320417,-0.0249652806669473,0.0101664150133729,-0.0212670229375362,0.0054894294589757,-0.0142729571089148,0.010009154677391,-0.0031124809756875,0.0148648610338568,0.019492307677865,-0.0102086747065186,-0.0243255700916051,-0.0121075585484504,-0.0044032796286046,0.0081706037744879,-0.0299017839133739,-0.0130571369081735,-0.0046768966130912,-0.0123175391927361,-0.0500807650387287,-0.0101616317406296,0.0252588242292404,0.0130657386034727,0.0091934520751237,-0.0046061021275818,-0.007053944747895,0.0485885813832283,0.0237892717123031,-0.0600176788866519,-0.0100925052538514,-0.0295774266123771,0.0201630722731351,-0.004837947897613,0.0030120350420475,-0.0247933994978666,0.0064963023178279,0.0094716120511293,-0.0115582384169101,0.0024690981954336,-0.0110076302662491,0.0130050517618656,0.0075614294037222,0.0274036288711689,0.0118652114392239,0.0116117039084617,0.0274698646286573,0.0143984881626069,0.0800405223896629,0.0715280504526814,0.0827830929911741,-0.0059685052507768,0.1328374073195395,-0.0544124426500278,-0.0944929029717753,2019-02-20,2019-02-21,2019-02-22,2019-02-25,2019-02-26,2019-02-27,2019-02-28,2019-03-01,2019-03-04,2019-03-05,92773.0,2019-02-19,252.0,0.9850%,-0.0005,0.8847,1.0977,0.4187,1.3553%,1.6987%,36.3433%,0.003646,PRIM,92773.0,2019-02-20,252.0,1.3005%,-0.0004,0.8871,1.1054,0.428,1.3556%,1.7008%,36.4704%,0.006507,PRIM,92773.0,2019-02-21,252.0,1.4214%,-0.0004,0.8838,1.1031,0.4218,1.3610%,1.7026%,36.0987%,0.019154,PRIM,92773.0,2019-02-22,252.0,-1.5371%,-0.0005,0.8871,1.092,0.4506,1.3668%,1.7040%,35.6613%,-0.021082,PRIM,92773.0,2019-02-25,252.0,0.3214%,-0.0004,0.8876,1.0896,0.4511,1.3670%,1.7040%,35.6430%,0.005433,PRIM,92773.0,2019-02-26,252.0,-0.0458%,-0.0003,0.9013,1.0628,0.4478,1.3583%,1.7005%,36.1979%,0.009324,PRIM,92773.0,2019-02-27,252.0,0.4579%,-0.0002,0.9083,1.0509,0.449,1.3547%,1.6993%,36.4403%,0.002186,PRIM,92773.0,2019-02-28,252.0,6.5178%,-0.0001,0.9184,1.0601,0.4401,1.3945%,1.7371%,35.5498%,0.068806,PRIM,92773.0,2019-03-01,252.0,0.3851%,-0.0003,0.9353,1.0853,0.4682,1.3824%,1.7353%,36.5369%,-0.0041649999999999,PRIM,92773.0,2019-03-04,252.0,-0.3410%,-0.0003,0.9453,1.0484,0.4665,1.3753%,1.7299%,36.7988%,0.003879,PRIM,92773.0,2019-03-05,252.0,-1.3259%,-0.0004,0.9442,1.0352,0.4683,1.3745%,1.7237%,36.4160%,-0.0073729999999999,PRIM,0.0101529999999999,0.029307,0.008225,0.022982,0.0863149999999999
21027,PIONEER NATURAL RESOURCES CO,"Barclays Maintains Overweight on Pioneer Natural Resources, Raises Price Target to $198",6,increase,0.8,0.7,"an 'overweight' rating and a raised price target typically indicate positive sentiment and expectations for future stock performance, likely leading to an increase in stock price.",2,2019-02-19,PXD,2019-02-19 13:58:00+00:00,75241.0,72378710,0.00144472962711,2023692.0,-0.0294036753475666,0.0158652793616056,-0.0363109074532985,-0.0196642354130744,0.0439222268760204,0.032251201570034,0.0056285639293491,0.0271704010665416,-0.0011893806513398,0.0142950927838683,-0.0083355791866779,-0.007895216345787,-0.0043795318342745,-0.0352634191513061,0.0249025169759988,-0.0125357136130332,-0.002838181098923,-0.0067787985317409,-0.0117320539429783,0.0109084183350205,-0.0253582503646612,0.0048481388948857,-0.0175134614109993,0.0057240677997469,-0.0437207035720348,0.009343777783215,0.0159558281302452,0.0035071950405836,0.0195559971034526,-0.0037081155460327,0.0048136999830603,0.0138818463310599,0.0050855134613811,0.0064764912240207,-0.0051330714486539,-0.0182883106172084,0.0214491318911314,-0.0339544415473938,-0.0026699027512222,0.0113770477473735,0.0450762994587421,-0.0018809323664754,0.0079617407172918,0.0035656471736729,-0.0345490686595439,0.0009797704406082,-0.0044821063056588,0.0045696981251239,0.0224398970603942,-0.0206554662436246,0.0285174138844013,-0.0039091426879167,0.0413184501230716,0.0253867842257022,-0.0041201026178896,-0.0008432432077825,-0.0084711927920579,0.021753279492259,-0.0186105873435735,0.0338454507291317,-0.0143068917095661,0.0032017324119806,0.0099959382787346,0.0211374592036008,0.0214207451790571,0.0077389455400407,0.0069684302434325,0.0033056016545742,-0.0183878820389509,0.0003845501341857,0.0104068955406546,0.0789975672960281,0.0028572839219123,-0.0365366153419017,0.1152929291129112,-0.0275228843092918,-0.003445828333497,-0.0297956708818674,0.0208656247705221,0.0037858709692955,0.0102779399603605,-0.0101925013586878,0.0119075002148747,-0.0270526967942714,0.0047412421554327,-0.0105339586734771,-0.0009665027610026,-0.0125391455367207,-0.0190644543617963,0.0121872248128056,-0.0252944286912679,-0.0134462108835578,-0.0182726755738258,-0.0170629546046257,0.0049108616076409,0.0026644573081284,0.0042836000211536,-0.0210049264132976,-0.0509432330727577,-0.050202190876007,-0.0285478830337524,0.0381049402058124,0.017071709036827,-0.0095193283632397,0.0012812925269827,0.0085869124159216,-0.0532343238592147,0.0053017861209809,0.0391971543431282,-0.0207668412476778,-0.0024062583688646,0.0208602789789438,-0.0114080840721726,-0.044102419167757,-0.0292119532823562,0.0186582468450069,0.0212607309222221,-0.0384272411465644,0.0075823036022484,0.0044091455638408,-0.0294036753475666,0.0158652793616056,-0.0646469086665328,-0.0041109346397296,-0.0235641179797972,0.0280076843485972,-0.0192360768952108,0.0710338123462948,-0.0219840431834383,0.0163625725935505,0.0201298170745087,0.0788243913757551,0.0429172562679593,-0.0711866576139956,2019-02-20,2019-02-21,2019-02-22,2019-02-25,2019-02-26,2019-02-27,2019-02-28,2019-03-01,2019-03-04,2019-03-05,75241.0,2019-02-19,252.0,0.1445%,-0.0006,1.3349,0.4364,0.7764,1.5452%,2.0205%,41.5147%,-0.0048249999999999,PXD,75241.0,2019-02-20,252.0,-2.9404%,-0.0007,1.3254,0.4184,0.7434,1.5616%,2.0285%,40.7336%,-0.03727,PXD,75241.0,2019-02-21,252.0,-3.6311%,-0.0009,1.3353,0.4324,0.7619,1.5710%,2.0408%,40.7445%,-0.029504,PXD,75241.0,2019-02-22,252.0,4.3922%,-0.0007,1.3279,0.4674,0.7047,1.5913%,2.0567%,40.1358%,0.0439639999999999,PXD,75241.0,2019-02-25,252.0,0.5629%,-0.0007,1.33,0.4662,0.7119,1.5876%,2.0546%,40.2939%,0.00602,PXD,75241.0,2019-02-26,252.0,-0.1189%,-0.0007,1.3301,0.4566,0.7071,1.5881%,2.0523%,40.1238%,0.0061719999999999,PXD,75241.0,2019-02-27,252.0,-0.8336%,-0.0006,1.3357,0.4439,0.708,1.5869%,2.0529%,40.2463%,-0.0096519999999999,PXD,75241.0,2019-02-28,252.0,-0.4380%,-0.0006,1.3299,0.44,0.7033,1.5856%,2.0458%,39.9254%,0.001343,PXD,75241.0,2019-03-01,252.0,2.4903%,-0.0005,1.3299,0.44,0.6952,1.5889%,2.0461%,39.6922%,0.016774,PXD,75241.0,2019-03-04,252.0,-0.2838%,-0.0005,1.3322,0.4292,0.6954,1.5887%,2.0458%,39.6963%,0.0030359999999999,PXD,75241.0,2019-03-05,252.0,-1.1732%,-0.0005,1.3359,0.4544,0.7003,1.5872%,2.0470%,39.8767%,-0.006558,PXD,-0.0420949999999999,-0.071599,-0.027635,-0.0154429999999999,-0.0104999999999999
21035,PIONEER NATURAL RESOURCES CO,"Citigroup Maintains Buy on Pioneer Natural Resources, Lowers Price Target to $180",6,uncertain,0.6,0.3,"while maintaining a 'buy' rating suggests positive sentiment, the lowered price target may create uncertainty among investors regarding future performance.",1,2019-02-19,PXD,2019-02-19 13:47:00+00:00,75241.0,72378710,0.00144472962711,2023692.0,-0.0294036753475666,0.0158652793616056,-0.0363109074532985,-0.0196642354130744,0.0439222268760204,0.032251201570034,0.0056285639293491,0.0271704010665416,-0.0011893806513398,0.0142950927838683,-0.0083355791866779,-0.007895216345787,-0.0043795318342745,-0.0352634191513061,0.0249025169759988,-0.0125357136130332,-0.002838181098923,-0.0067787985317409,-0.0117320539429783,0.0109084183350205,-0.0253582503646612,0.0048481388948857,-0.0175134614109993,0.0057240677997469,-0.0437207035720348,0.009343777783215,0.0159558281302452,0.0035071950405836,0.0195559971034526,-0.0037081155460327,0.0048136999830603,0.0138818463310599,0.0050855134613811,0.0064764912240207,-0.0051330714486539,-0.0182883106172084,0.0214491318911314,-0.0339544415473938,-0.0026699027512222,0.0113770477473735,0.0450762994587421,-0.0018809323664754,0.0079617407172918,0.0035656471736729,-0.0345490686595439,0.0009797704406082,-0.0044821063056588,0.0045696981251239,0.0224398970603942,-0.0206554662436246,0.0285174138844013,-0.0039091426879167,0.0413184501230716,0.0253867842257022,-0.0041201026178896,-0.0008432432077825,-0.0084711927920579,0.021753279492259,-0.0186105873435735,0.0338454507291317,-0.0143068917095661,0.0032017324119806,0.0099959382787346,0.0211374592036008,0.0214207451790571,0.0077389455400407,0.0069684302434325,0.0033056016545742,-0.0183878820389509,0.0003845501341857,0.0104068955406546,0.0789975672960281,0.0028572839219123,-0.0365366153419017,0.1152929291129112,-0.0275228843092918,-0.003445828333497,-0.0297956708818674,0.0208656247705221,0.0037858709692955,0.0102779399603605,-0.0101925013586878,0.0119075002148747,-0.0270526967942714,0.0047412421554327,-0.0105339586734771,-0.0009665027610026,-0.0125391455367207,-0.0190644543617963,0.0121872248128056,-0.0252944286912679,-0.0134462108835578,-0.0182726755738258,-0.0170629546046257,0.0049108616076409,0.0026644573081284,0.0042836000211536,-0.0210049264132976,-0.0509432330727577,-0.050202190876007,-0.0285478830337524,0.0381049402058124,0.017071709036827,-0.0095193283632397,0.0012812925269827,0.0085869124159216,-0.0532343238592147,0.0053017861209809,0.0391971543431282,-0.0207668412476778,-0.0024062583688646,0.0208602789789438,-0.0114080840721726,-0.044102419167757,-0.0292119532823562,0.0186582468450069,0.0212607309222221,-0.0384272411465644,0.0075823036022484,0.0044091455638408,-0.0294036753475666,0.0158652793616056,-0.0646469086665328,-0.0041109346397296,-0.0235641179797972,0.0280076843485972,-0.0192360768952108,0.0710338123462948,-0.0219840431834383,0.0163625725935505,0.0201298170745087,0.0788243913757551,0.0429172562679593,-0.0711866576139956,2019-02-20,2019-02-21,2019-02-22,2019-02-25,2019-02-26,2019-02-27,2019-02-28,2019-03-01,2019-03-04,2019-03-05,75241.0,2019-02-19,252.0,0.1445%,-0.0006,1.3349,0.4364,0.7764,1.5452%,2.0205%,41.5147%,-0.0048249999999999,PXD,75241.0,2019-02-20,252.0,-2.9404%,-0.0007,1.3254,0.4184,0.7434,1.5616%,2.0285%,40.7336%,-0.03727,PXD,75241.0,2019-02-21,252.0,-3.6311%,-0.0009,1.3353,0.4324,0.7619,1.5710%,2.0408%,40.7445%,-0.029504,PXD,75241.0,2019-02-22,252.0,4.3922%,-0.0007,1.3279,0.4674,0.7047,1.5913%,2.0567%,40.1358%,0.0439639999999999,PXD,75241.0,2019-02-25,252.0,0.5629%,-0.0007,1.33,0.4662,0.7119,1.5876%,2.0546%,40.2939%,0.00602,PXD,75241.0,2019-02-26,252.0,-0.1189%,-0.0007,1.3301,0.4566,0.7071,1.5881%,2.0523%,40.1238%,0.0061719999999999,PXD,75241.0,2019-02-27,252.0,-0.8336%,-0.0006,1.3357,0.4439,0.708,1.5869%,2.0529%,40.2463%,-0.0096519999999999,PXD,75241.0,2019-02-28,252.0,-0.4380%,-0.0006,1.3299,0.44,0.7033,1.5856%,2.0458%,39.9254%,0.001343,PXD,75241.0,2019-03-01,252.0,2.4903%,-0.0005,1.3299,0.44,0.6952,1.5889%,2.0461%,39.6922%,0.016774,PXD,75241.0,2019-03-04,252.0,-0.2838%,-0.0005,1.3322,0.4292,0.6954,1.5887%,2.0458%,39.6963%,0.0030359999999999,PXD,75241.0,2019-03-05,252.0,-1.1732%,-0.0005,1.3359,0.4544,0.7003,1.5872%,2.0470%,39.8767%,-0.006558,PXD,-0.0420949999999999,-0.071599,-0.027635,-0.0154429999999999,-0.0104999999999999
21043,PAPA JOHNS INTL INC,"Stifel Nicolaus Downgrades Papa John's International to Sell, Lowers Price Target to $35",6,decrease,0.85,0.7,"a downgrade to 'sell' and a lowered price target typically signal negative sentiment, likely leading to a decrease in stock price.",0,2019-02-19,PZZA,2019-02-19 11:31:00+00:00,79299.0,69881310,-0.0430843345820903,1385465.0,0.0041560907848179,0.0402206405997276,-0.0556450188159942,0.0062441402114927,0.0206963345408439,-0.0116571048274636,-0.0011927299201488,-0.0011415351182222,-0.0019106285180896,0.0190786346793174,0.0232112314552068,-0.0111009180545806,0.0222170446068048,0.0177031978964805,-0.00892242975533,-0.0187428500503301,0.0016158748185262,0.0424112156033515,0.050011571496725,0.0898468717932701,-0.0160228163003921,-0.0893828943371772,-0.0069150426425039,0.0035595996305346,0.0042677139863371,-0.0044885999523103,-0.0002236260770587,-0.0072701117023825,0.0158836487680673,0.0109056206420064,0.0211406983435154,-0.0770240798592567,-0.0030191803816705,0.0196341164410114,0.0209820736199617,0.0766273960471153,0.0029660887084901,-0.0286980755627155,-0.007604575715959,-0.0020954634528607,0.0031928804237395,0.0177725106477737,-0.0050923335365951,-0.0068251565098762,0.0620601400732994,0.0016502478392794,-0.0208835527300834,-0.0032895489130169,0.0096390740945935,0.0018832823261618,0.0253910217434167,-0.0035186845343559,0.0293185338377952,-0.0249313842505216,0.0190531499683857,0.0231687743216753,-0.0198300145566463,0.0237182043492794,-0.0025048374664038,0.0357320718467235,-0.0139076923951506,0.00423618638888,0.0039177425205707,0.0080381734296679,0.0132682984694838,-0.0153351202607154,-0.0402464866638183,-0.0110078463330864,0.0136436661705374,-0.0231779552996158,-0.0017814757302403,0.0290140248835086,0.0055522262118756,-0.0036747066769748,-0.0102543970569968,-0.0333885848522186,-0.0089658685028553,-0.0256114583462476,-0.0205066427588462,-0.0251911599189043,-0.0158046074211597,-0.0015719671500846,0.0273200739175081,-0.0193790141493082,-0.0004059408092871,-0.0141120608896017,-0.006904958281666,0.0267499051988124,0.0331288129091262,0.0076370202004909,0.0045526432804763,0.0118181919679045,0.0126108257099986,-0.023957448080182,0.0093403300270438,-0.0161501057446003,-0.0136880492791533,-0.0019603604450821,0.0062548806890845,-0.0183878690004348,0.0149572743102908,-0.0254219882190227,0.0155024183914065,-0.0043568275868892,0.0079155322164297,0.0066833687014877,-0.0387060530483722,-0.0751400291919708,0.0165337193757295,-0.1023061871528625,0.018178354948759,0.0066328723914921,-0.0096785919740796,-0.0022639718372374,-0.0303030330687761,-0.0132325226441025,-0.0041274153627455,0.0135864615440368,-0.0102624166756868,-0.0256279427558183,0.0041560907848179,0.0402206405997276,-0.0517201937810984,0.046715924130521,-0.0320942776732654,0.0345142468783561,-0.0350958303387551,0.0530479013070721,0.0519510505308438,0.1814317323388916,0.1953359279437601,0.1289561977211928,0.1628966002635068,-0.2278184769006993,2019-02-20,2019-02-21,2019-02-22,2019-02-25,2019-02-26,2019-02-27,2019-02-28,2019-03-01,2019-03-04,2019-03-05,79299.0,2019-02-19,252.0,-4.3084%,-0.0011,0.4494,0.116,-0.4387,2.6571%,2.7346%,5.5900%,-0.043217,PZZA,79299.0,2019-02-20,252.0,0.4156%,-0.001,0.4547,0.1438,-0.4157,2.6472%,2.7247%,5.6090%,0.00536,PZZA,79299.0,2019-02-21,252.0,-5.5645%,-0.0012,0.4684,0.1599,-0.3901,2.6688%,2.7466%,5.5912%,-0.0549179999999999,PZZA,79299.0,2019-02-22,252.0,2.0696%,-0.0011,0.4664,0.1686,-0.406,2.6697%,2.7497%,5.7359%,0.0109369999999999,PZZA,79299.0,2019-02-25,252.0,-0.1193%,-0.0011,0.4653,0.168,-0.4106,2.6689%,2.7492%,5.7523%,-0.002285,PZZA,79299.0,2019-02-26,252.0,-0.1911%,-0.0011,0.4604,0.1733,-0.4116,2.6684%,2.7475%,5.6754%,-0.0015459999999999,PZZA,79299.0,2019-02-27,252.0,2.3211%,-0.001,0.4619,0.1774,-0.4113,2.6723%,2.7516%,5.6834%,0.0218739999999999,PZZA,79299.0,2019-02-28,252.0,2.2217%,-0.0009,0.4524,0.1716,-0.4237,2.6758%,2.7537%,5.5787%,0.0224849999999999,PZZA,79299.0,2019-03-01,252.0,-0.8922%,-0.0011,0.4677,0.1944,-0.3937,2.6705%,2.7497%,5.6782%,-0.014462,PZZA,79299.0,2019-03-04,252.0,0.1616%,-0.0012,0.4877,0.1213,-0.3974,2.6557%,2.7377%,5.8993%,0.006271,PZZA,79299.0,2019-03-05,252.0,5.0012%,-0.001,0.4782,0.0803,-0.4231,2.6752%,2.7555%,5.7471%,0.0501729999999999,PZZA,-0.037857,-0.092775,-0.081838,-0.085669,0.000672
21051,QUAD GRAPHICS INC,"Quad/Graphics Sees FY19 Adj. EBITDA $360M-$400M, Sales $4.05B-$4.25B vs $4.2B Estimate",6,uncertain,0.6,0.3,"while the adjusted ebitda and sales guidance is within a reasonable range, it does not significantly exceed or fall short of expectations, leading to uncertainty in stock price movement.",1,2019-02-19,QUAD,2019-02-19 21:50:00+00:00,12009.0,74730110,-0.0013754817191511,537567.0,0.119145967066288,0.0062283845618367,-0.0110769420862197,0.0104894833639264,-0.0018668271368369,0.0049192304722964,-0.0019059551414102,0.0128113413229584,0.0031826982740312,0.0233066752552986,-0.0545685663819313,-0.0050725108012557,-0.0208053346723318,-0.0079079549759626,-0.0164496079087257,0.000719440926332,-0.0731707438826561,0.0168251302093267,-0.0090225478634238,0.013343240134418,-0.0455235466361045,-0.0014804187230765,-0.0158982370048761,-0.0117044514045119,-0.0129240583628416,0.0156017858535051,0.0106383068487048,-0.0175182316452264,-0.0251012481749057,-0.0158046167343854,0.0074750958010554,0.031111117452383,-0.0107172392308712,0.0014837135095149,0.008333365432918,0.0127722853794693,-0.0305785816162824,-0.0417566522955894,-0.0247229300439357,-0.0134942885488271,-0.013986000791192,-0.0112359449267387,0.0310284029692411,0.0200572870671749,-0.0335339941084384,-0.0113314343616366,0.0097865313291549,0.003553673857823,0.0193831995129585,0.0093256896361708,0.0190147161483764,-0.0155367422848939,0.0212044101208448,0.0404114760458469,-0.0116279358044266,0.0225393865257501,0.0201681293547153,0.0214889254420995,0.0140033010393381,0.0567720867693424,-0.0162470154464244,-0.0260663442313671,0.0214698798954486,0.0275974161922931,0.0088924542069435,0.0156636089086532,0.0128205772489309,0.0244932398200035,-0.0261075887829065,-0.0366151183843612,0.0032493874896317,0.0148637741804122,0.011335982941091,-0.018638614565134,0.0176141131669282,0.0057049463503062,-0.0259638018906116,-0.0346183776855468,0.0040387874469161,-0.0363911725580692,0.0144810415804386,0.0224806182086467,0.0023791186977177,-0.0137614915147423,-0.0379747226834297,-0.037527609616518,0.0106907989829778,-0.0173535626381635,0.0227827280759811,0.0036284609232097,-0.0803499817848205,-0.0275229606777429,0.0380622446537017,-0.0234321262687444,0.020833333954215,-0.0602331198751926,-0.00326530309394,-0.0012936906423419,-0.0974610596895217,-0.0573170483112335,-0.0362976901233196,0.0012210292043164,0.049905814230442,0.0111110117286443,0.0044843223877251,-0.0199636965990066,-0.0214285515248775,0.0273462105542421,-0.010036464780569,-0.0254391320049762,0.0138248493894934,0.0273802448064088,-0.0090909441933035,0.0354380942881107,-0.046788927167654,0.0291777551174163,0.0173242874443531,-0.0832827240228653,0.0208136495202779,-0.0108237164095044,0.119145967066288,0.0062283845618367,0.1067492520030684,0.0167832004620087,0.104683142465755,0.0217849913654406,0.10608683798515,0.0589949331703913,-0.0749857485669425,0.0778354474871065,-0.1360451019431132,0.1792376350897373,-0.242723554809855,-0.125676448131946,2019-02-20,2019-02-21,2019-02-22,2019-02-25,2019-02-26,2019-02-27,2019-02-28,2019-03-01,2019-03-04,2019-03-05,12009.0,2019-02-19,252.0,-0.1375%,-0.0008,0.8677,2.1635,1.0505,3.2551%,3.5118%,14.0892%,-0.012568,QUAD,12009.0,2019-02-20,252.0,11.9146%,-0.0004,0.895,2.2124,1.1447,3.3203%,3.5848%,14.2104%,0.10686,QUAD,12009.0,2019-02-21,252.0,-1.1077%,-0.0005,0.8997,2.2212,1.1532,3.3197%,3.5852%,14.2662%,-0.003684,QUAD,12009.0,2019-02-22,252.0,-0.1867%,-0.0015,0.9129,1.8856,1.0048,2.9266%,3.1775%,15.1667%,-0.003079,QUAD,12009.0,2019-02-25,252.0,-0.1906%,-0.0017,0.9205,1.8908,1.0357,2.8975%,3.1531%,15.5514%,0.003336,QUAD,12009.0,2019-02-26,252.0,0.3183%,-0.0018,0.8903,1.8897,1.0126,2.8881%,3.1385%,15.3180%,0.020074,QUAD,12009.0,2019-02-27,252.0,-5.4569%,-0.0016,0.9341,1.7954,1.0197,2.8380%,3.0905%,15.6714%,-0.057845,QUAD,12009.0,2019-02-28,252.0,-2.0805%,-0.0016,0.9306,1.7926,1.0205,2.8384%,3.0883%,15.5282%,-0.01582,QUAD,12009.0,2019-03-01,252.0,-1.6450%,-0.0017,0.9276,1.788,1.0263,2.8420%,3.0877%,15.2800%,-0.024357,QUAD,12009.0,2019-03-04,252.0,-7.3171%,-0.002,0.9345,1.822,1.0114,2.8699%,3.1202%,15.3977%,-0.065288,QUAD,12009.0,2019-03-05,252.0,-0.9023%,-0.0019,0.9379,1.8501,1.0129,2.8680%,3.1203%,15.5180%,0.000552,QUAD,0.094292,0.090608,0.087529,0.110939,-0.051819
21059,QUAD GRAPHICS INC,"Quad/Graphics Q4 EPS $0.53 Misses $0.59 Estimate, Sales $1.2B Beat $1.17B Estimate",6,uncertain,0.6,0.2,"while the sales beat expectations, the earnings per share (eps) miss could lead to mixed reactions from investors, making the overall impact on the stock price uncertain.",1,2019-02-19,QUAD,2019-02-19 21:50:00+00:00,12009.0,74730110,-0.0013754817191511,537567.0,0.119145967066288,0.0062283845618367,-0.0110769420862197,0.0104894833639264,-0.0018668271368369,0.0049192304722964,-0.0019059551414102,0.0128113413229584,0.0031826982740312,0.0233066752552986,-0.0545685663819313,-0.0050725108012557,-0.0208053346723318,-0.0079079549759626,-0.0164496079087257,0.000719440926332,-0.0731707438826561,0.0168251302093267,-0.0090225478634238,0.013343240134418,-0.0455235466361045,-0.0014804187230765,-0.0158982370048761,-0.0117044514045119,-0.0129240583628416,0.0156017858535051,0.0106383068487048,-0.0175182316452264,-0.0251012481749057,-0.0158046167343854,0.0074750958010554,0.031111117452383,-0.0107172392308712,0.0014837135095149,0.008333365432918,0.0127722853794693,-0.0305785816162824,-0.0417566522955894,-0.0247229300439357,-0.0134942885488271,-0.013986000791192,-0.0112359449267387,0.0310284029692411,0.0200572870671749,-0.0335339941084384,-0.0113314343616366,0.0097865313291549,0.003553673857823,0.0193831995129585,0.0093256896361708,0.0190147161483764,-0.0155367422848939,0.0212044101208448,0.0404114760458469,-0.0116279358044266,0.0225393865257501,0.0201681293547153,0.0214889254420995,0.0140033010393381,0.0567720867693424,-0.0162470154464244,-0.0260663442313671,0.0214698798954486,0.0275974161922931,0.0088924542069435,0.0156636089086532,0.0128205772489309,0.0244932398200035,-0.0261075887829065,-0.0366151183843612,0.0032493874896317,0.0148637741804122,0.011335982941091,-0.018638614565134,0.0176141131669282,0.0057049463503062,-0.0259638018906116,-0.0346183776855468,0.0040387874469161,-0.0363911725580692,0.0144810415804386,0.0224806182086467,0.0023791186977177,-0.0137614915147423,-0.0379747226834297,-0.037527609616518,0.0106907989829778,-0.0173535626381635,0.0227827280759811,0.0036284609232097,-0.0803499817848205,-0.0275229606777429,0.0380622446537017,-0.0234321262687444,0.020833333954215,-0.0602331198751926,-0.00326530309394,-0.0012936906423419,-0.0974610596895217,-0.0573170483112335,-0.0362976901233196,0.0012210292043164,0.049905814230442,0.0111110117286443,0.0044843223877251,-0.0199636965990066,-0.0214285515248775,0.0273462105542421,-0.010036464780569,-0.0254391320049762,0.0138248493894934,0.0273802448064088,-0.0090909441933035,0.0354380942881107,-0.046788927167654,0.0291777551174163,0.0173242874443531,-0.0832827240228653,0.0208136495202779,-0.0108237164095044,0.119145967066288,0.0062283845618367,0.1067492520030684,0.0167832004620087,0.104683142465755,0.0217849913654406,0.10608683798515,0.0589949331703913,-0.0749857485669425,0.0778354474871065,-0.1360451019431132,0.1792376350897373,-0.242723554809855,-0.125676448131946,2019-02-20,2019-02-21,2019-02-22,2019-02-25,2019-02-26,2019-02-27,2019-02-28,2019-03-01,2019-03-04,2019-03-05,12009.0,2019-02-19,252.0,-0.1375%,-0.0008,0.8677,2.1635,1.0505,3.2551%,3.5118%,14.0892%,-0.012568,QUAD,12009.0,2019-02-20,252.0,11.9146%,-0.0004,0.895,2.2124,1.1447,3.3203%,3.5848%,14.2104%,0.10686,QUAD,12009.0,2019-02-21,252.0,-1.1077%,-0.0005,0.8997,2.2212,1.1532,3.3197%,3.5852%,14.2662%,-0.003684,QUAD,12009.0,2019-02-22,252.0,-0.1867%,-0.0015,0.9129,1.8856,1.0048,2.9266%,3.1775%,15.1667%,-0.003079,QUAD,12009.0,2019-02-25,252.0,-0.1906%,-0.0017,0.9205,1.8908,1.0357,2.8975%,3.1531%,15.5514%,0.003336,QUAD,12009.0,2019-02-26,252.0,0.3183%,-0.0018,0.8903,1.8897,1.0126,2.8881%,3.1385%,15.3180%,0.020074,QUAD,12009.0,2019-02-27,252.0,-5.4569%,-0.0016,0.9341,1.7954,1.0197,2.8380%,3.0905%,15.6714%,-0.057845,QUAD,12009.0,2019-02-28,252.0,-2.0805%,-0.0016,0.9306,1.7926,1.0205,2.8384%,3.0883%,15.5282%,-0.01582,QUAD,12009.0,2019-03-01,252.0,-1.6450%,-0.0017,0.9276,1.788,1.0263,2.8420%,3.0877%,15.2800%,-0.024357,QUAD,12009.0,2019-03-04,252.0,-7.3171%,-0.002,0.9345,1.822,1.0114,2.8699%,3.1202%,15.3977%,-0.065288,QUAD,12009.0,2019-03-05,252.0,-0.9023%,-0.0019,0.9379,1.8501,1.0129,2.8680%,3.1203%,15.5180%,0.000552,QUAD,0.094292,0.090608,0.087529,0.110939,-0.051819
21067,RITE AID CORP,"Rite Aid, GNC Report Extension Of Partnership Through 2022",6,increase,0.7,0.6,"the extension of the partnership with gnc suggests continued collaboration and potential revenue stability, which could positively influence investor sentiment and stock price.",2,2019-02-19,RAD,2019-02-19 14:08:00+00:00,46922.0,76775487,-0.0190667565912008,8613961.0,-0.015217401087284,0.0165774188935756,-0.0293468311429023,-0.0149478800594806,-0.0100334351882338,0.0020138793624937,0.0383783839643001,0.0056961667723953,-0.0223841648548841,0.0079102013260126,0.0082534020766615,-0.0124731939285993,-0.0229732859879732,-0.0126881748437881,-0.0135135008022189,0.0186264514923095,-0.0561643950641155,0.0256010275334119,-0.0197387393563985,0.0223197117447853,-0.0398282408714294,-0.0629902258515358,0.0319197811186313,-0.0321686267852783,0.0336222015321254,-0.0342099033296108,0.0013011856935918,-0.0658696070313453,-0.0202136859297752,-0.0339178778231144,0.0610079802572727,0.0066596535034477,0.0138888750225305,-0.0056758481077849,-0.0510958768427372,0.0176489427685737,0.0105384141206741,-0.0352904871106147,0.0,0.0767778009176254,-0.0059999739751219,0.0132852867245674,-0.0008622885216027,0.0009015253162942,-0.0299195237457752,0.0933956876397132,-0.032176699489355,-0.0013534442987293,0.0242071375250816,0.0205952282994985,-0.0384443253278732,-0.0204207319766283,0.0127567667514085,-0.000123021643958,-0.0245776213705539,-0.0264638625085353,-0.0171652939170599,0.0776874125003814,-0.08972929418087,0.0356856733560562,-0.0475267581641674,-0.0322080180048942,0.013675800524652,0.0914866924285888,0.0634457468986511,0.0284593775868415,-0.0300016868859529,0.0682488456368446,-0.0143160708248615,-0.0234777480363845,0.0179308783262968,-0.0262536499649286,-0.0947684422135353,-0.0452049300074577,-0.0268534068018198,-0.0989722236990928,-0.1201760023832321,-0.0282367262989282,0.0227272510528564,-0.0445334762334823,0.0760000273585319,0.0341130569577217,0.0037174734752625,-0.0822898000478744,0.1059673354029655,-0.0144352922216057,-0.0772092938423156,-0.0739795789122581,-0.0302419550716877,0.0099969087168574,-0.065488576889038,-0.0131204174831509,0.0100111402571201,-0.0265346299856901,-0.0022025885991752,-0.0194174572825431,0.0110374642536044,-0.0096153756603598,-0.0305676572024822,-0.0630631074309349,-0.0090089999139308,0.0,-0.0034090604167431,-0.0176990982145071,-0.0307868234813213,0.0,-0.0435293987393379,0.0272727012634277,-0.0049200444482266,0.0,-0.0234857909381389,0.0,0.0113923642784357,0.0,0.0312891118228435,0.02803735435009,0.066747598350048,-0.0932202562689781,0.0182024855166673,-0.0247934628278017,-0.015217401087284,0.0165774188935756,-0.0441176497300441,0.0013817415647781,-0.0537084333390543,0.0033984035880934,-0.0393861675536472,0.0170962225673014,-0.1363171163001592,0.0591205748379033,-0.2735294495652914,0.0654905585019269,-0.4277492473436818,-0.3411570169056994,2019-02-20,2019-02-21,2019-02-22,2019-02-25,2019-02-26,2019-02-27,2019-02-28,2019-03-01,2019-03-04,2019-03-05,46922.0,2019-02-19,252.0,-1.9067%,-0.0033,1.0306,0.9069,0.7468,3.3521%,3.5184%,9.2311%,-0.026066,RAD,46922.0,2019-02-20,252.0,-1.5217%,-0.0035,1.0229,0.8799,0.7168,3.3514%,3.5149%,9.0909%,-0.023378,RAD,46922.0,2019-02-21,252.0,-2.9347%,-0.0037,1.0447,0.9199,0.7569,3.3401%,3.5112%,9.5103%,-0.023398,RAD,46922.0,2019-02-22,252.0,-1.0033%,-0.0034,1.0414,1.0308,0.8191,3.2987%,3.4765%,9.9683%,-0.010857,RAD,46922.0,2019-02-25,252.0,3.8378%,-0.0035,1.0483,1.0158,0.8367,3.2883%,3.4673%,10.0562%,0.040871,RAD,46922.0,2019-02-26,252.0,-2.2384%,-0.0034,1.0659,1.0101,0.847,3.2844%,3.4680%,10.3058%,-0.011544,RAD,46922.0,2019-02-27,252.0,0.8253%,-0.0033,1.0696,1.0065,0.8476,3.2846%,3.4688%,10.3346%,0.006291,RAD,46922.0,2019-02-28,252.0,-2.2973%,-0.0033,1.0694,1.0059,0.8509,3.2857%,3.4685%,10.2636%,-0.01784,RAD,46922.0,2019-03-01,252.0,-1.3514%,-0.0034,1.0611,0.9935,0.8461,3.2872%,3.4652%,10.0088%,-0.020817,RAD,46922.0,2019-03-04,252.0,-5.6164%,-0.0034,1.0482,1.0785,0.8399,3.2906%,3.4709%,10.1196%,-0.050063,RAD,46922.0,2019-03-05,252.0,-1.9739%,-0.0035,1.0489,1.0782,0.8439,3.2911%,3.4703%,10.0623%,-0.012688,RAD,-0.049444,-0.072842,-0.083699,-0.054372,-0.149489
21075,ULTRAGENYX PHARMACEUTICALS INC,"Ultragenyx Pharmaceutical Q4 EPS $(1.73) Beats $(1.79) Estimate, Sales $16.26M Beat $14.01M Estimate",6,increase,0.7,0.6,"the company reported better-than-expected earnings and sales, which typically boosts investor confidence and can lead to an increase in stock price.",2,2019-02-19,RARE,2019-02-19 21:21:00+00:00,14436.0,90400D10,0.0028243572451174,537207.0,0.0654813796281814,0.0214569494128227,-0.037502072751522,0.0125981122255325,0.0267765428870916,-0.0102999582886695,0.0593446865677833,0.0427737049758434,-0.0293514374643564,0.0137536050751805,0.0346285328269004,0.0307146590203046,0.0078566940501332,-0.0318337455391883,0.0531650111079216,-0.0036087832413613,-0.0223538428544998,0.0237215869128704,-0.0024228293914347,0.0174085274338722,-0.0446265749633312,0.02493916451931,0.001271080924198,0.0096213147044181,-0.0038083414547145,0.0153813725337386,0.035043079406023,-0.0125205377116799,0.0210833344608545,-0.0399999767541885,0.0239638891071081,0.0267044249922037,-0.031498372554779,0.0042665395885705,0.037537895143032,-0.0377321653068065,0.001318353228271,-0.0410573408007621,0.0010239861439913,0.034723587334156,-0.0055530797690153,-0.0126412538811564,0.0145480940118432,0.0197265297174453,-0.0635863170027732,0.0498257167637348,0.0167053639888763,-0.0012287809513509,0.0416856482625007,-0.0141327874734997,-0.0169417802244424,0.0585594736039638,0.0153023153543472,0.0306167248636484,0.014925436116755,0.0179372895509004,0.009227211587131,0.0372092686593532,0.0375713892281055,0.0785051733255386,0.0079857064411044,-0.0443432927131652,-0.027045426890254,-0.040478341281414,0.0439421199262142,0.0384523682296276,-0.0134480902925133,-0.0035697650164365,-0.0184023790061473,0.0067081642337143,0.0155533272773027,0.0645244270563125,-0.0225624777376651,0.0082283290103077,0.0190262012183666,-0.0801797434687614,-0.0079625789076089,-0.0201622880995273,-0.0545253567397594,-0.0204312764108181,-0.0528395883738994,-0.0085528036579489,-0.0043269786983728,-0.0343403182923793,0.0144342742860317,-0.0274783987551927,0.0371787063777446,0.003819229779765,-0.0008850502781569,0.0310654565691947,0.0132879642769694,-0.0401091948151588,-0.0040798308327794,0.0205743480473756,-0.0128748686984181,-0.0758566409349441,-0.021787479519844,0.0009913373505696,-0.0278787314891815,-0.071599543094635,0.0151183530688285,0.0122974412515759,0.043912187218666,-0.0044518951326608,-0.010883922688663,-0.0212418660521507,-0.0695910826325416,0.0330082923173904,0.0142240589484572,-0.0394523255527019,-0.0159155111759901,0.0418543480336666,0.0265812631696462,-0.0065262406133115,-0.0544377118349075,0.0517748445272445,0.0384361892938613,0.0051252148114144,-0.0014297085581347,-0.0476816371083259,0.0654813796281814,0.0214569494128227,0.0255236194139731,0.0343253786950756,0.0529835965909368,0.0236718704376039,0.0827318544725819,0.0821395062814738,0.1596549111263678,0.1206726455657527,0.2784720123283961,0.4208678973624953,0.1064953086123283,0.0634503736674341,2019-02-20,2019-02-21,2019-02-22,2019-02-25,2019-02-26,2019-02-27,2019-02-28,2019-03-01,2019-03-04,2019-03-05,14436.0,2019-02-19,252.0,0.2824%,0.0006,1.8429,1.3521,-0.529,2.5947%,3.4566%,43.6512%,-0.003186,RARE,14436.0,2019-02-20,252.0,6.5481%,0.0009,1.8612,1.3987,-0.4624,2.6215%,3.4796%,43.2399%,0.0618149999999999,RARE,14436.0,2019-02-21,252.0,-3.7502%,0.0006,1.8819,1.4339,-0.4241,2.6184%,3.4857%,43.5719%,-0.0308,RARE,14436.0,2019-02-22,252.0,2.6777%,0.0008,1.8798,1.4907,-0.3978,2.6049%,3.4801%,43.9726%,0.000323,RARE,14436.0,2019-02-25,252.0,5.9345%,0.001,1.8825,1.4645,-0.4015,2.6262%,3.4948%,43.5321%,0.059585,RARE,14436.0,2019-02-26,252.0,-2.9351%,0.001,1.8989,1.4755,-0.3836,2.6257%,3.5003%,43.7268%,-0.018392,RARE,14436.0,2019-02-27,252.0,3.4629%,0.001,1.887,1.505,-0.3855,2.6258%,3.4966%,43.6043%,0.029556,RARE,14436.0,2019-02-28,252.0,0.7857%,0.001,1.8847,1.5039,-0.3898,2.6268%,3.4926%,43.4343%,0.0123419999999999,RARE,14436.0,2019-03-01,252.0,5.3165%,0.0011,1.8962,1.521,-0.3871,2.6344%,3.5055%,43.5252%,0.033584,RARE,14436.0,2019-03-04,252.0,-2.2354%,0.001,1.906,1.4941,-0.3909,2.6318%,3.5081%,43.7198%,-0.00499,RARE,14436.0,2019-03-05,252.0,-0.2423%,0.001,1.9029,1.4729,-0.3943,2.6310%,3.4978%,43.4216%,0.004421,RARE,0.0586289999999999,0.0278289999999999,0.0281519999999999,0.0693449999999999,0.144258
21083,TRANSOCEAN LTD,"Transocean On Monday Reported Q4 EPS $(0.34) Missed $(0.24) Estimate, Sales $748M Beat $738.74M Estimate",6,decrease,0.7,0.6,"the earnings per share (eps) miss indicates weaker profitability than expected, which is likely to negatively impact investor sentiment despite the sales beat.",0,2019-02-19,RIG,2019-02-19 14:15:00+00:00,79237.0,H8817H10,-0.0223965011537075,18085192.0,-0.0045818975195288,0.0456674881279468,-0.0218641646206378,0.0227544400840997,-0.0294117648154497,0.0060241194441914,0.0084848115220665,0.0109622599557042,-0.0204327013343572,-0.0084540694952011,0.0110429637134075,-0.0083833103999495,-0.0084951091557741,-0.0543600842356681,0.0232557617127895,-0.0011312476126477,0.0358851924538612,-0.0078563066199421,0.0023095216602087,0.0229620896279811,-0.0357143320143222,0.0163360964506864,0.0,-0.0138089628890156,-0.032258003950119,0.0296208541840314,0.0654320642352104,-0.0047169770114123,0.0440324582159519,-0.0514541454613208,0.0110987154766917,0.0299538318067789,-0.0076838308013975,0.0598291531205177,-0.003318554488942,-0.0048602628521621,0.0532740876078605,-0.0690045952796936,-0.0179136022925376,0.0291036088019609,0.0150214964523911,0.0165680889040231,0.0031712190248072,-0.003537704469636,-0.057955764234066,0.0071258270181715,-0.0123042128980159,0.0206060707569122,0.0113250715658068,-0.0373395234346389,-0.0134378364309668,0.0035128493327647,0.0011349914129823,0.0142517676576972,-0.0124716171994805,0.0169082544744014,0.0631458312273025,0.086614154279232,-0.0161987654864788,0.052486203610897,-0.0164653807878494,0.0140055892989039,0.0100446594879031,0.0288184154778718,0.009944767691195,-0.0099857589229941,-0.006564597133547,0.0447094179689884,-0.0088105639442801,-0.0386819466948509,-0.0155555941164493,0.1009463518857956,-0.0022572805173695,-0.0231124218553304,-0.0022624952252954,-0.0225903764367103,-0.024943234398961,-0.0459770374000072,0.0116278398782014,-0.026573434472084,-0.0011494515929371,-0.0218878034502267,0.0172612871974706,-0.0330687835812568,0.0882352590560913,-0.0643564313650131,0.003118475433439,-0.0085889203473925,-0.048704594373703,0.0086633283644914,-0.0272331144660711,0.0012391858035698,-0.0145576829090714,-0.0277109015733003,0.0,-0.0503432042896747,-0.1068181842565536,-0.0622317530214786,-0.0279898550361394,-0.0604839101433754,-0.0209423881024122,0.0689655542373657,0.0374331846833229,-0.0549898147583007,-0.0219072252511978,0.0239832680672407,-0.0289855413138866,0.0526894070208072,0.0298507828265428,-0.009782625362277,0.00527008716017,0.0210876334458589,-0.0222804807126522,-0.0269978400319814,-0.0536193139851093,0.0323299840092659,0.0467422008514404,-0.0799999758601188,0.0027063575107604,0.0020555455703288,-0.0045818975195288,0.0456674881279468,-0.0263458827785249,0.0694610663344452,-0.0549827686858371,0.0759036275389564,-0.0664375658242714,0.0785024886240972,-0.0057272898878433,0.0252583560672197,0.0435280833758899,0.2334254934517199,-0.1512027138524343,-0.0822198698539392,2019-02-20,2019-02-21,2019-02-22,2019-02-25,2019-02-26,2019-02-27,2019-02-28,2019-03-01,2019-03-04,2019-03-05,79237.0,2019-02-19,252.0,-2.2397%,0.0003,1.7937,1.0072,1.1789,2.5550%,3.1130%,32.6360%,-0.032546,RIG,79237.0,2019-02-20,252.0,-0.4582%,0.0003,1.791,1.0107,1.1717,2.5537%,3.1116%,32.6483%,-0.01679,RIG,79237.0,2019-02-21,252.0,-2.1864%,0.0002,1.8,1.0264,1.1884,2.5525%,3.1148%,32.8461%,-0.011935,RIG,79237.0,2019-02-22,252.0,-2.9412%,0.0002,1.8037,1.0364,1.2412,2.5580%,3.1199%,32.7768%,-0.029388,RIG,79237.0,2019-02-25,252.0,0.8485%,0.0,1.8087,1.0362,1.2596,2.5443%,3.1107%,33.0995%,0.010608,RIG,79237.0,2019-02-26,252.0,-2.0433%,-0.0,1.8015,1.0527,1.2626,2.5431%,3.1048%,32.9127%,-0.006851,RIG,79237.0,2019-02-27,252.0,1.1043%,0.0001,1.8093,1.0414,1.2639,2.5414%,3.1056%,33.0346%,0.008837,RIG,79237.0,2019-02-28,252.0,-0.8495%,-0.0,1.8195,1.0484,1.2714,2.5385%,3.1059%,33.1965%,-3.5000000000000004e-05,RIG,79237.0,2019-03-01,252.0,2.3256%,0.0001,1.8071,1.03,1.2465,2.5349%,3.0913%,32.7598%,0.01211,RIG,79237.0,2019-03-04,252.0,3.5885%,0.0002,1.82,0.9474,1.2523,2.5381%,3.0947%,32.7355%,0.044451,RIG,79237.0,2019-03-05,252.0,0.2310%,0.0002,1.8193,0.9493,1.2477,2.5389%,3.0937%,32.6517%,0.0112559999999999,RIG,-0.049336,-0.061271,-0.090659,-0.086902,-0.010283
21091,RETAIL OPPORTUNITY INVST CORP,"Retail Opportunity Inv Q4 EPS $0.09 Beats $0.08 Estimate, FFO $0.29, Sales $75.158M Beat $74.59M Estimate",6,increase,0.75,0.6,"the company reported better-than-expected earnings and sales, which typically boosts investor confidence and can lead to an increase in stock price.",2,2019-02-19,ROIC,2019-02-19 21:46:00+00:00,92343.0,76131N10,-0.0011223601177334,724667.0,-0.0303370244801044,0.0011236212449148,-0.0005793875316157,-0.0094602163881063,-0.0075361831113696,0.0072869486175477,-0.0099299103021621,-0.0022370810620486,0.0165191013365984,-0.0027886861935257,-0.0046430602669715,0.0090039307251572,0.0011662074830383,0.0136908022686839,-0.0192195642739534,-0.0039772554300725,0.0035629135090857,-0.0022675176151096,0.0029586476739495,0.0137930903583765,-0.0100295022130012,-0.0096755875274539,0.0047675757668912,-0.0101408623158931,0.0,0.0108200758695602,0.0065242405980825,0.0063036503270268,0.0053034857846796,0.0104227159172296,0.0009964649798348,0.0194805152714252,-0.0005923176649957,0.0041493591852486,0.0017782322829589,0.0053635369986295,-0.008875717408955,-0.0059240804985165,0.0047761150635778,-0.0017741387709975,-0.0005941906711086,-0.0058789169415831,0.0148632582277059,0.0106952050700783,-0.0105448337271809,0.0132449911907315,-0.0023682066239416,-0.0083581721410155,0.0255193058401346,0.0023938310332596,0.0040509081445634,0.0,0.0028818002901971,-0.004171728156507,-0.0034482453484088,0.0319803468883037,0.0028834622353315,0.0232850778847932,-0.0017250592354685,0.0121019445359706,-0.0063364403322339,0.0096462778747081,-0.0034782299771904,-0.0207808520644903,0.0087259812280535,-0.0142768770456314,-0.0046136057935655,0.0006211322033777,-0.0023175501264631,-0.0030959281139075,0.0255517158657312,0.0446312800049781,-0.0011325287632644,-0.0325406454503536,0.0022676256485283,-0.0105263208970427,-0.0084841409698128,-0.0164433903992176,-0.0250998586416244,-0.027827076613903,-0.0122879454866051,0.0053571523167192,0.0207346212118864,-0.0497738160192966,-0.0214741118252277,0.00626070657745,0.0154211279004812,0.0082292193546891,0.0163550674915313,-0.0150921493768692,0.0114942966029048,0.0044918544590473,0.0011363896774128,-0.0072464360855519,-0.0102156810462474,-0.0093870824202895,0.0063072647899389,0.0283929575234651,0.0091168005019426,-0.0329488478600978,0.0056465491652488,0.0060772760771214,0.0056148446165025,0.0202931575477123,0.0027916938997805,-0.0044893338344991,-0.0233852006494998,0.0130755845457315,0.0011401681695133,-0.0028344239108264,0.0022779565770179,0.0045558046549558,0.0113635715097188,-0.0067873778752982,-0.0129213230684399,0.0022676256485283,0.0011383299715816,-0.0078740883618593,-0.0039795162156224,0.0016901795752346,-0.0303370244801044,0.0011236212449148,-0.0308988351179901,-0.0083472248433066,-0.0382021589499825,-0.0011211020242911,-0.0320224560111693,-0.0061350033589644,-0.0477527252150418,0.0241379358508895,-0.0133368944349286,0.1350318422294008,-0.0042432360582322,0.0150858756325751,2019-02-20,2019-02-21,2019-02-22,2019-02-25,2019-02-26,2019-02-27,2019-02-28,2019-03-01,2019-03-04,2019-03-05,92343.0,2019-02-19,252.0,-0.1122%,0.0002,0.5955,0.307,0.142,1.1762%,1.3311%,21.9258%,-0.0036969999999999,ROIC,92343.0,2019-02-20,252.0,-3.0337%,0.0,0.5847,0.2761,0.1019,1.1900%,1.3405%,21.1850%,-0.033025,ROIC,92343.0,2019-02-21,252.0,-0.0579%,0.0,0.5875,0.2821,0.1069,1.1888%,1.3403%,21.3237%,0.001912,ROIC,92343.0,2019-02-22,252.0,-0.7536%,-0.0,0.5889,0.2849,0.1268,1.1907%,1.3409%,21.1509%,-0.0114349999999999,ROIC,92343.0,2019-02-25,252.0,-0.9930%,-0.0001,0.5891,0.2899,0.13,1.1923%,1.3424%,21.1128%,-0.009944,ROIC,92343.0,2019-02-26,252.0,1.6519%,0.0001,0.5952,0.2566,0.1177,1.1938%,1.3451%,21.2300%,0.019646,ROIC,92343.0,2019-02-27,252.0,-0.4643%,0.0001,0.5944,0.2563,0.1175,1.1943%,1.3448%,21.1262%,-0.005625,ROIC,92343.0,2019-02-28,252.0,0.1166%,0.0001,0.5833,0.2488,0.1087,1.1880%,1.3336%,20.6362%,0.003152,ROIC,92343.0,2019-03-01,252.0,-1.9220%,0.0,0.5847,0.2508,0.1219,1.1956%,1.3391%,20.2802%,-0.0237959999999999,ROIC,92343.0,2019-03-04,252.0,0.3563%,-0.0,0.5941,0.213,0.1209,1.1882%,1.3348%,20.7530%,0.0070409999999999,ROIC,92343.0,2019-03-05,252.0,0.2959%,-0.0,0.5927,0.2055,0.1182,1.1885%,1.3338%,20.6009%,0.004829,ROIC,-0.036722,-0.03481,-0.046245,-0.036543,-0.050942
21099,REWALK ROBOTICS LTD,ReWalk Announces 510k FDA Submission For ReStore Exo-Suit For Stroke Rehabilitation,6,increase,0.75,0.6,"the announcement of a 510k fda submission for a new rehabilitation product typically signals potential growth and innovation, which can positively influence investor sentiment and stock price.",2,2019-02-19,RWLK,2019-02-19 13:03:00+00:00,14936.0,M8216Q20,-0.0193689949810504,6490517.0,-0.0283529367297887,0.0638085603713989,-0.2049180269241333,-0.1044642403721809,0.0927834138274192,0.2307692021131516,0.0143396416679024,0.0133630335330963,-0.0234375093132257,-0.0274368561804294,-0.0251428298652172,0.005809721071273,-0.0113325687125325,0.0051095755770802,0.0276679825037717,-0.0515749379992485,-0.0346153974533081,-0.052476231008768,-0.0239043142646551,-0.0132685927674174,-0.0812245234847068,-0.0433437377214431,0.0661927983164787,0.1122590079903603,-0.0416666269302368,0.0954356715083122,0.0204347390681505,-0.0691713169217109,-0.0085214711725711,0.009929034858942,-0.0227761082351207,-0.0208332724869251,0.0615655146539211,0.2100839465856552,-0.0016570287989452,0.0397553741931915,-0.0240663643926382,-0.0477577298879623,-0.0314626097679138,-0.0228455383330583,0.0048288134858012,0.1596881300210953,-0.0240279752761125,0.0005943595315329,-0.0384959578514099,-0.0450450703501701,-0.0385474599897861,-0.0826446115970611,-0.0199496764689683,0.1050228402018547,0.0602766685187816,-0.0244989022612571,0.0663094073534011,0.0298165399581193,-0.0556307658553123,-0.0991735681891441,-0.0189721696078777,0.0803571045398712,-0.0188679955899715,0.0991168543696403,-0.0115384506061673,0.0565059147775173,-0.1712061613798141,0.1079839468002319,-0.0657277479767799,-0.0062785600312054,0.0050251209177076,-0.0309734810143709,-0.024999976158142,0.0331429094076156,-0.0333333611488342,-0.0783652886748313,0.0424403399229049,-0.1329680234193802,-0.0839695036411285,0.1837837547063828,-0.0611110553145408,-0.0706646218895912,0.1242603063583374,0.0219044778496027,-0.0447367988526821,-0.0308457743376493,-0.0413223393261432,-0.0428570881485939,-0.0488505959510803,0.0047846273519098,0.0271903797984123,-0.0495679453015327,-0.0235294587910175,0.0133640756830573,0.057228934019804,0.0636212080717086,-0.0085470005869865,0.0226566381752491,0.0229884833097457,-0.0244499258697032,-0.0308988466858863,-0.0303460843861103,0.1217390820384026,-0.0487144961953163,-0.0413436293601989,-0.0360869839787483,0.0134770758450031,0.0,-0.0132978595793247,0.0048056081868708,-0.0242588017135858,-0.0230473838746547,-0.0662982836365699,0.0017101615667343,-0.0828402936458587,-0.0004273576778359,-0.1161290034651756,0.0404623821377754,-0.0145985260605812,0.004017858300358,0.0185185000300407,-0.0464026853442192,-0.010909080505371,-0.0212499871850013,-0.0283529367297887,0.0638085603713989,-0.2274609358017489,-0.0473213927892226,-0.1557821241103953,0.1725274892670769,-0.163746435983437,0.155595650290139,-0.2194966222355749,0.0359224008019369,-0.3373682445320307,0.5706575980097239,-0.6533926035808513,0.3337500790493088,2019-02-20,2019-02-21,2019-02-22,2019-02-25,2019-02-26,2019-02-27,2019-02-28,2019-03-01,2019-03-04,2019-03-05,14936.0,2019-02-19,252.0,-1.9369%,-0.0025,0.376,0.1243,-0.208,7.5053%,7.5205%,0.4024%,-0.0199489999999999,RWLK,14936.0,2019-02-20,252.0,-2.8353%,-0.0027,0.3665,0.0922,-0.2447,7.5054%,7.5206%,0.4041%,-0.028297,RWLK,14936.0,2019-02-21,252.0,-20.4918%,-0.0036,0.4229,0.1627,-0.1397,7.6096%,7.6262%,0.4370%,-0.20416,RWLK,14936.0,2019-02-22,252.0,9.2783%,-0.0032,0.4078,0.235,-0.2547,7.6265%,7.6462%,0.5125%,0.0869849999999999,RWLK,14936.0,2019-02-25,252.0,1.4340%,-0.0033,0.4132,0.2319,-0.2365,7.6217%,7.6411%,0.5077%,0.0137799999999999,RWLK,14936.0,2019-02-26,252.0,-2.3438%,-0.0033,0.4187,0.2529,-0.2218,7.6226%,7.6421%,0.5118%,-0.022172,RWLK,14936.0,2019-02-27,252.0,-2.5143%,-0.0036,0.3989,0.2813,-0.2251,7.6190%,7.6377%,0.4898%,-0.026366,RWLK,14936.0,2019-02-28,252.0,-1.1333%,-0.0037,0.4053,0.2854,-0.2188,7.6189%,7.6378%,0.4956%,-0.0108149999999999,RWLK,14936.0,2019-03-01,252.0,2.7668%,-0.0037,0.4289,0.3206,-0.1945,7.6184%,7.6388%,0.5333%,0.022957,RWLK,14936.0,2019-03-04,252.0,-3.4615%,-0.0038,0.4348,0.3253,-0.2015,7.6202%,7.6413%,0.5522%,-0.030434,RWLK,14936.0,2019-03-05,252.0,-2.3904%,-0.0038,0.4435,0.3806,-0.1883,7.6195%,7.6417%,0.5790%,-0.02273,RWLK,-0.048246,-0.252406,-0.165421,-0.173813,-0.241201
21107,SAGE THERAPEUTICS INC,"Sage Therapeutics Q4 EPS $(3.38) Misses $(2.91) Estimate, Sales $273K",6,decrease,0.8,0.7,the significant earnings per share miss and low sales figures are likely to negatively impact investor sentiment and lead to a decrease in stock price.,0,2019-02-19,SAGE,2019-02-19 11:37:00+00:00,14828.0,78667J10,-0.0495867542922496,951001.0,-0.0345864221453666,0.0179644282907247,-0.0100231003016233,0.0029181719291955,0.0532905235886573,0.0243031103163957,0.0350717268884182,0.0222532637417316,-0.0414758175611496,-0.0081697553396224,0.0400629118084907,0.0346285067498683,0.0023287707008421,-0.0124537600204348,-0.0015070989029482,0.0085546188056468,-0.0215709246695041,0.0081450184807181,-0.0075202351436018,0.0215354617685079,-0.0305032487958669,0.003015694906935,0.0054108053445816,0.0749340578913688,0.0026576917152851,0.0077489097602665,0.0308793559670448,0.0197552144527435,-0.0003214183379895,-0.022269370034337,0.0204474832862615,-0.0015880772843956,-0.0245116539299488,0.0113965896889567,0.0218332465738058,-0.0477091409265995,-0.0082811657339334,-0.0178839694708585,-0.0049719451926648,0.0244026556611061,-0.0233183801174163,0.0063421870581805,0.0362061448395252,0.0277399085462093,-0.0079756584018468,0.038979485630989,0.0135272787883877,0.0151079092174768,0.0302820298820734,-0.0088734170421957,-0.0298808403313159,0.0534134656190872,0.0066768256947398,-0.0740339607000351,-0.0048179468140006,-0.0699346736073494,-0.0075447778217494,0.4268280267715454,0.0157110895961523,0.0915705859661102,0.0091061647981405,-0.0013414770364761,-0.0045119957067072,-0.0661864876747131,0.0365702174603939,0.0764131173491478,0.0067086578346788,0.0125156268477439,-0.0004165366990491,-0.0121389431878924,0.0176785793155431,0.0646165087819099,-0.0052640456706285,0.0198925696313381,0.0031163564417511,-0.0325855314731597,-0.017233308404684,-0.0885613188147544,0.0023857443593442,-0.0570269152522087,-0.0392121635377407,-0.0274350997060537,0.0201894752681255,-0.0064711840823292,0.0047350134700536,0.0136155346408486,0.0088816462084651,-0.0906461700797081,-0.0150915626436471,0.0260571707040071,-0.0029794811271131,0.0026963576674461,0.0287857614457607,0.0474289320409297,0.0100776385515928,-0.0302228666841983,-0.0126768220216035,-0.0238776057958602,-0.0087380446493625,-0.0645912215113639,-0.0074357776902616,0.0058114160783588,0.010995602235198,0.0109610660001635,0.0220509301871061,0.0364446267485618,-0.0206396467983722,0.064016968011856,0.017074629664421,-0.082431174814701,-0.0007043620571494,0.0082304365932941,-0.0247885398566722,0.0308954939246177,-0.0124684209004044,0.0096843363717198,0.0130527568981051,-0.0210574083030223,0.0057800393551588,-0.0394886806607246,-0.0345864221453666,0.0179644282907247,-0.0442628592687527,0.0209350235102823,0.0066688733739417,0.0457469200125248,-0.0012422546481191,0.0602845848664734,0.0095456434317222,0.1252271588923506,0.0482510913590696,0.8015223237204143,0.0921870281413717,0.4090709584470631,2019-02-20,2019-02-21,2019-02-22,2019-02-25,2019-02-26,2019-02-27,2019-02-28,2019-03-01,2019-03-04,2019-03-05,14828.0,2019-02-19,251.0,-4.9587%,-0.0003,1.5272,1.212,-1.1417,3.9129%,4.4870%,23.9502%,-0.05296,SAGE,14828.0,2019-02-20,251.0,-3.4586%,-0.0004,1.5188,1.1979,-1.1704,3.9181%,4.4922%,23.9246%,-0.033975,SAGE,14828.0,2019-02-21,251.0,-1.0023%,-0.0004,1.5261,1.2114,-1.1571,3.9170%,4.4926%,23.9842%,-0.006357,SAGE,14828.0,2019-02-22,251.0,5.3291%,-0.0004,1.5234,1.2101,-1.1903,3.9189%,4.5049%,24.3244%,0.019599,SAGE,14828.0,2019-02-25,251.0,3.5072%,-0.0,1.5166,1.1866,-1.228,3.9080%,4.4978%,24.5071%,0.03369,SAGE,14828.0,2019-02-26,251.0,-4.1476%,-0.0003,1.5023,1.2497,-1.2066,3.9077%,4.4921%,24.3258%,-0.035607,SAGE,14828.0,2019-02-27,251.0,4.0063%,-0.0002,1.499,1.2659,-1.207,3.9136%,4.4973%,24.2742%,0.034788,SAGE,14828.0,2019-02-28,251.0,0.2329%,-0.0002,1.4964,1.2642,-1.2099,3.9136%,4.4943%,24.1735%,0.0036049999999999,SAGE,14828.0,2019-03-01,251.0,-0.1507%,-0.0003,1.4961,1.2637,-1.2008,3.9155%,4.4937%,24.0759%,-0.020877,SAGE,14828.0,2019-03-04,251.0,-2.1571%,-0.0003,1.4987,1.2583,-1.2023,3.9155%,4.4959%,24.1527%,-0.004143,SAGE,14828.0,2019-03-05,251.0,-0.7520%,-0.0003,1.5035,1.2926,-1.1975,3.9138%,4.4956%,24.2052%,-0.004047,SAGE,-0.086935,-0.093292,-0.073693,-0.07561,-0.066284
21115,SAFE BULKERS INC,"Safe Bulkers Q4 EPS $0.07 Misses $0.09 Estimate, Sales $54.95M Beat $51.66M Estimate",6,decrease,0.7,0.5,"the earnings per share (eps) miss the estimate, which is likely to negatively impact investor sentiment despite the sales beat.",0,2019-02-19,SB,2019-02-19 12:31:00+00:00,92679.0,Y7388L10,0.0499999523162841,677641.0,-0.1011904552578926,-0.0062111741863191,-0.039735060185194,0.0062499940395355,-0.0206897165626287,-0.0062111741863191,0.0774648040533065,0.0320513285696506,0.01307188346982,0.0064516067504882,0.0,0.01307188346982,-0.0322580337524414,-0.0613497085869312,0.0266666412353515,0.0124223483726382,0.0194805786013603,0.0062499940395355,-0.0191083364188671,-0.0123456669971346,-0.0649350062012672,0.0451613254845142,-0.0277778338640928,-0.0189873985946178,-0.035714253783226,-0.0365853309631347,0.0444444008171558,-0.0574712790548801,0.0283688530325889,-0.0793650671839714,0.0137930894270539,-0.0207253694534301,0.0272108577191829,0.0376343727111816,0.019867530092597,-0.0106382872909307,0.0064935004338622,-0.0552763901650905,-0.0387096405029296,-0.0049999952316284,0.0201342087239027,0.0362694598734378,-0.0065789413638412,-0.0153061682358384,-0.072847694158554,0.0051282001659274,-0.0071428506635129,-0.0346534326672554,0.0431655123829841,0.0099999904632568,0.0344827249646186,-0.0384615026414394,0.0133333206176757,-0.0047846846282482,-0.03947364538908,0.0048076878301799,0.0342465415596962,0.01960782520473,-0.0331125520169735,0.035532958805561,0.0,0.0102564003318548,0.027397233992815,0.0955056622624397,0.0199999809265136,0.0229884833097457,-0.00653594173491,-0.0224718898534774,-0.0460525900125503,-0.0055865868926048,0.04827581346035,0.0406976342201232,-0.0131578827276825,-0.0114942416548728,0.0266666412353515,0.0175438430160284,0.0129870008677244,0.0118343075737357,0.0641025826334953,-0.0397726893424987,-0.0060240905731916,0.0173410233110189,-0.0181818008422851,-0.0057471208274364,0.0370370000600814,-0.0744680762290954,0.0119048217311501,-0.0408163480460643,-0.0470588468015193,0.0,0.0123456669971346,0.0155440885573625,0.0060975551605224,0.015789458528161,0.1454545557498932,0.0106382872909307,-0.052910067141056,-0.0408163480460643,0.0279330015182495,-0.0798122361302375,-0.0489130616188049,0.0703518092632293,0.0342856831848621,-0.0197044145315885,-0.0441988557577133,-0.0240384396165609,-0.0635838210582733,-0.0188679080456495,0.0246913339942693,0.0761420577764511,-0.0481927245855331,-0.0100502418354153,0.0126582151278853,0.0310881156474351,-0.0312500447034835,0.015789458528161,0.0451613254845142,-0.0776698887348175,0.030864167958498,-0.0506913028657436,-0.1011904552578926,-0.0062111741863191,-0.136904706613247,5.1573412207517315e-11,-0.1547619035999579,-0.006211174135066,-0.0773809488811373,0.032258110954314,-0.0833333227507157,-0.0123456677922115,-0.1309523319166637,-0.1878172595915482,-0.0059523772194973,-0.2626728279714576,2019-02-20,2019-02-21,2019-02-22,2019-02-25,2019-02-26,2019-02-27,2019-02-28,2019-03-01,2019-03-04,2019-03-05,92679.0,2019-02-19,252.0,5.0000%,-0.0027,1.3129,0.8395,0.4763,2.8373%,3.1493%,18.8345%,0.043847,SB,92679.0,2019-02-20,252.0,-10.1190%,-0.0031,1.2858,0.7896,0.3825,2.9100%,3.2078%,17.7044%,-0.108251,SB,92679.0,2019-02-21,252.0,-3.9735%,-0.0033,1.3033,0.8185,0.4148,2.9105%,3.2143%,18.0107%,-0.033645,SB,92679.0,2019-02-22,252.0,-2.0690%,-0.0035,1.3077,0.7885,0.4409,2.9122%,3.2138%,17.8897%,-0.027664,SB,92679.0,2019-02-25,252.0,7.7465%,-0.0032,1.3101,0.7507,0.43,2.9536%,3.2508%,17.4504%,0.078247,SB,92679.0,2019-02-26,252.0,1.3072%,-0.0032,1.3036,0.7229,0.411,2.9575%,3.2502%,17.1962%,0.021291,SB,92679.0,2019-02-27,252.0,0.0000%,-0.0032,1.2964,0.7359,0.4098,2.9558%,3.2459%,17.0744%,-0.002154,SB,92679.0,2019-02-28,252.0,-3.2258%,-0.0033,1.3001,0.7376,0.4181,2.9597%,3.2486%,16.9974%,-0.027462,SB,92679.0,2019-03-01,252.0,2.6667%,-0.0032,1.2938,0.7282,0.3991,2.9603%,3.2459%,16.8242%,0.01675,SB,92679.0,2019-03-04,252.0,1.9481%,-0.0032,1.3134,0.6354,0.4003,2.9496%,3.2386%,17.0480%,0.027475,SB,92679.0,2019-03-05,252.0,-1.9108%,-0.0032,1.319,0.6719,0.4083,2.9485%,3.2402%,17.1937%,-0.0140349999999999,SB,-0.064404,-0.098049,-0.125713,-0.026175,-0.025601
21123,SHERWIN WILLIAMS CO,"Sherwin-Williams Names David Sewell Pres, COO",6,increase,0.7,0.6,"the appointment of a new president and coo can signal positive changes in leadership and strategy, potentially boosting investor confidence in the company's future performance.",2,2019-02-19,SHW,2019-02-19 13:24:00+00:00,36468.0,82434810,-0.0037114734295755,593626.0,0.0039309822022914,0.0171383433043956,0.000978949596174,-0.005092263687402,0.0029792874120175,-0.0074329888448119,-0.005001391749829,0.0319322161376476,-0.0076768081635236,0.0064131058752536,0.0138146989047527,0.0069360323250293,-0.0161700472235679,-0.0069825495593249,0.0078946975991129,-0.0018490833463147,0.0025880739558488,0.0068502845242619,-0.0144374808296561,0.0046520610339939,-0.0212548580020666,-0.0106756500899791,-0.0194430481642484,0.040199339389801,0.0070523209869861,0.0055335261858999,0.0264287330210208,0.0151133500039577,-0.0123600512742996,0.0106153134256601,0.0059379683807492,0.0065852939151227,0.008489959873259,-0.0079564927145838,0.0051536574028432,-0.0014721591724082,0.0007424246869049,-0.0114420438185334,-0.0025038067251443,0.0101386457681655,-0.0023473151959478,0.0196154341101646,0.0101802982389926,0.0144190434366464,-0.0297719333320856,-0.0411261580884456,0.0039694178849458,0.0047230450436472,-0.004711334593594,-0.0090601807460188,0.0149619616568088,0.0035414001904428,0.0106166042387485,-0.0016299152048304,-0.0011827136622741,0.0070963115431368,0.0060829678550362,0.0141112245619297,0.0088616693392395,0.0264990832656621,0.0080288657918572,-0.0301863607019186,0.0083961430937051,-0.0031260624527931,0.0109140966087579,0.0099594565108418,-0.0062329280190169,-0.0040647974237799,-0.0060255862772464,0.0115070650354027,-6.76044073770754e-05,0.0588106773793697,-0.0010141347302123,-0.0300358459353447,-0.0039029258769005,-0.0074857710860669,0.0050732460804283,-0.0022353660315275,0.0150979394093155,-0.0095595670863986,-0.0167824663221836,0.0198166854679584,0.0214941836893558,-0.0247409008443355,-0.0011935062939301,0.0002850173623301,0.0189205054193735,-0.0144553016871213,-0.0055164811201393,0.001790921553038,-0.0144136408343911,-0.006633420009166,0.01189901586622,0.0101668583229184,-0.0112554244697094,-0.0287509635090827,0.0073084575124084,-0.0136989848688244,-0.0161158815026283,-0.0280632749199867,0.0115531021729111,-0.0135119454935193,0.0071575101464986,0.0102677661925554,-0.0076989093795418,0.0078755253925919,-0.0119805103167891,0.0323220528662204,-0.0055259768851101,-0.0196821838617324,-0.0057366951368749,-0.0085762403905391,-0.0046157524921,0.0113044260069727,-0.0205264557152986,0.001024248660542,0.008169112727046,-0.0125704407691955,-0.00803386233747,-0.0205207616090774,0.0039309822022914,0.0171383433043956,0.004913780031905,0.0119588066537223,0.0079077070069171,0.0044369281324561,-0.0048320500574754,0.0431580788811873,-0.0114540102286776,0.0531389490820046,0.001698237668702,0.1545518468435747,-0.0126225371044499,0.0358996211041373,2019-02-20,2019-02-21,2019-02-22,2019-02-25,2019-02-26,2019-02-27,2019-02-28,2019-03-01,2019-03-04,2019-03-05,36468.0,2019-02-19,252.0,-0.3711%,0.0003,0.8344,-0.0228,-0.1321,1.1742%,1.4901%,37.9055%,-0.005006,SHW,36468.0,2019-02-20,252.0,0.3931%,0.0003,0.8349,-0.0229,-0.1306,1.1742%,1.4902%,37.9111%,0.003022,SHW,36468.0,2019-02-21,252.0,0.0979%,0.0003,0.8306,-0.0308,-0.1384,1.1729%,1.4874%,37.8218%,0.003652,SHW,36468.0,2019-02-22,252.0,0.2979%,0.0003,0.8316,-0.0385,-0.1343,1.1728%,1.4875%,37.8338%,-0.004385,SHW,36468.0,2019-02-25,252.0,-0.5001%,0.0002,0.832,-0.0347,-0.1306,1.1734%,1.4877%,37.7868%,-0.006691,SHW,36468.0,2019-02-26,252.0,-0.7677%,0.0003,0.8414,-0.0335,-0.123,1.1714%,1.4886%,38.0724%,-0.0070989999999999,SHW,36468.0,2019-02-27,252.0,1.3815%,0.0003,0.8394,-0.0263,-0.1233,1.1737%,1.4881%,37.7933%,0.012874,SHW,36468.0,2019-02-28,252.0,-1.6170%,0.0002,0.8414,-0.0254,-0.1185,1.1771%,1.4898%,37.5762%,-0.013971,SHW,36468.0,2019-03-01,252.0,0.7895%,0.0002,0.8502,-0.0123,-0.1055,1.1737%,1.4902%,37.9654%,0.001346,SHW,36468.0,2019-03-04,252.0,0.2588%,0.0002,0.8481,-0.0117,-0.1035,1.1744%,1.4879%,37.7016%,0.0072809999999999,SHW,36468.0,2019-03-05,252.0,-1.4437%,0.0003,0.8554,0.0365,-0.0932,1.1688%,1.4874%,38.2531%,-0.01337,SHW,-0.0019839999999999,0.001668,-0.0027169999999999,-0.016507,-0.022347
21131,SIFCO INDUSTRIES INC,"Sifco Industries Q1 EPS $(0.23) Down From $(0.17) YoY, Sales $29.1M Up From $24.251M YoY",6,decrease,0.7,0.6,"the company reported a larger loss per share compared to the previous year, which may negatively impact investor sentiment despite an increase in sales.",0,2019-02-19,SIF,2019-02-19 22:34:00+00:00,49138.0,82654610,0.0018571445252746,1075.0,-0.2071866691112518,0.0233917906880378,-0.0105754937976598,-0.0311614442616701,0.0361011810600757,-0.0027121494058519,0.0316151604056358,0.0259709693491458,0.0546938702464103,0.0,-0.0163828954100608,0.0237085036933422,-0.0098360562697052,2.971388857986312e-05,0.0412251763045787,0.0089820278808474,0.0017491105245426,0.0060240905731916,-0.0476190783083438,0.0238381065428257,-0.0166666507720947,0.0008333612349815,-0.0338983535766601,0.0285714007914066,0.0827018022537231,-0.0468986295163631,0.0078749908134341,-0.011958135291934,0.0353698208928108,0.0060150315985083,-0.0621118173003196,0.0294117741286754,0.0,0.018927427008748,-0.0033112552482634,-0.0124610476195812,0.0033222560305148,-0.0446428172290325,-0.0794702023267746,0.0090090008452534,0.0395683944225311,-0.0485714487731456,-0.0069204908795654,-0.0604026615619659,0.0056446222588419,0.0318559594452381,-0.0021480966825038,-0.0398936420679092,-0.0312500521540641,-0.0118265636265277,0.0035842261277139,0.0228494722396135,-0.0214285515248775,0.0419876091182231,0.0072992630302906,0.0500294044613838,0.0181159246712923,0.0059171537868678,0.0177935771644115,-0.0424928776919841,-0.0227272100746631,-0.0433604568243026,0.0232557486742734,0.0695652216672897,-0.0489510037004947,0.0740971863269805,0.0514705404639244,0.0531147345900535,-0.013986000791192,-0.1159420534968376,0.0050354511477053,0.0237389206886291,-0.0050102225504815,-0.0842391774058342,-0.0203190967440605,-0.0080862455070018,0.0424584746360778,-0.0106666563078761,0.0,0.0388386882841587,-0.015625026077032,0.0617058835923671,-0.0070546669885516,-0.0422534830868244,0.0,-0.1299019604921341,-0.0217762123793363,0.1178081706166267,0.0313396155834198,-0.0343915000557899,0.0070422468706965,-0.0573566704988479,0.0052447919733822,-0.0696054995059967,-0.0086956853047013,-0.0204545799642801,0.0245614647865295,-0.0123456409201026,-0.0262329019606113,-0.0121951885521411,-0.0344657972455024,-0.0485231131315231,0.0344576239585876,-0.0031546463724225,-0.0316901132464408,0.022580649703741,0.0327272415161132,-0.0490797087550163,0.0035211234353482,0.0240837205201387,-0.0052631110884249,-0.0010460489429533,0.0020105370786041,-0.0244698356837034,0.0314359702169895,0.020812451839447,0.0238907616585493,-0.0204081442207098,-0.0167000293731689,0.0020450365263968,-0.2071866691112518,0.0233917906880378,-0.2155710615747679,-0.0084985755553381,-0.1872522504399155,-0.0111876755545471,-0.1156994127848936,0.0144927390156834,-0.1444460388340421,0.079347423437198,-0.1843719220687831,-0.0084985726034479,-0.1587338157253068,-0.2842535541061958,2019-02-20,2019-02-21,2019-02-22,2019-02-25,2019-02-26,2019-02-27,2019-02-28,2019-03-01,2019-03-04,2019-03-05,49138.0,2019-02-19,252.0,0.1857%,-0.0018,0.3224,-0.0902,0.0696,3.7363%,3.7508%,0.7678%,0.001164,SIF,49138.0,2019-02-20,252.0,-20.7187%,-0.0027,0.2656,-0.2137,-0.1316,3.9541%,3.9677%,0.6822%,-0.208083,SIF,49138.0,2019-02-21,252.0,-1.0575%,-0.0021,0.2151,-0.3182,-0.224,3.8473%,3.8610%,0.7086%,-0.010145,SIF,49138.0,2019-02-22,252.0,3.6101%,-0.0021,0.2113,-0.3433,-0.2928,3.8505%,3.8664%,0.8202%,0.03306,SIF,49138.0,2019-02-25,252.0,3.1615%,-0.0019,0.2092,-0.3611,-0.31,3.8542%,3.8708%,0.8551%,0.029779,SIF,49138.0,2019-02-26,252.0,5.4694%,-0.0019,0.1727,-0.4002,-0.3572,3.8596%,3.8757%,0.8300%,0.051595,SIF,49138.0,2019-02-27,252.0,-1.6383%,-0.0017,0.2005,-0.4539,-0.3526,3.8397%,3.8587%,0.9843%,-0.016307,SIF,49138.0,2019-02-28,252.0,-0.9836%,-0.0015,0.1741,-0.4723,-0.3698,3.8258%,3.8440%,0.9429%,-0.010105,SIF,49138.0,2019-03-01,252.0,4.1225%,-0.0013,0.1711,-0.4768,-0.3937,3.8326%,3.8515%,0.9790%,0.039772,SIF,49138.0,2019-03-04,252.0,0.1749%,-0.0018,0.2357,-0.6945,-0.4096,3.7299%,3.7613%,1.6617%,0.002177,SIF,49138.0,2019-03-05,252.0,-4.7619%,-0.0019,0.2515,-0.603,-0.3804,3.7359%,3.7645%,1.5103%,-0.050444,SIF,-0.206919,-0.2170639999999999,-0.1840039999999999,-0.1026299999999999,-0.1375369999999999
21139,U S SILICA HOLDINGS INC,"US Silica shares are trading lower after the company reported Q4 sales of $357.4 million, missing the $378.06 million consensus estimate.",6,decrease,0.85,0.7,"the company's q4 sales missed consensus estimates, which typically leads to negative investor sentiment and a decrease in stock price.",0,2019-02-19,SLCA,2019-02-19 14:04:00+00:00,13253.0,90346E10,0.0560942143201828,4465569.0,0.0459016263484954,0.0020818691700696,-0.0394984409213066,0.0140745816752314,-0.0052219270728528,0.0252525527030229,-0.0131233474239707,0.0221238359808921,0.001994663150981,0.0374904908239841,0.022561389952898,-0.0304154194891452,-0.0330954082310199,-0.0405694395303726,-0.0147650549188256,-0.0370116494596004,0.0367847383022308,0.0006858867709524,-0.0229960829019546,0.0392017252743244,-0.0524545907974243,0.0408012010157108,-0.0248403381556272,-0.0044313455000519,-0.0203784387558698,0.0104477871209383,0.0594353787600994,-0.0096082864329218,0.0624122992157936,-0.0363248027861118,0.0199670456349849,0.0469798743724823,0.0103963511064648,0.0213251896202564,-0.0006431015208363,-0.0172155350446701,0.0765765532851219,-0.0395399145781993,-0.0364613682031631,0.0435108728706836,0.0248138699680566,0.0060377302579581,0.0278449803590774,0.020801268517971,-0.0565370507538318,0.0244672037661075,0.0212234798818826,0.0168539360165596,0.0293398238718509,0.0138323903083801,-0.0065321028232574,-0.0024350432213395,0.0286909472197294,0.0639032647013664,0.0087159518152475,-0.0429752431809902,-0.0063364403322339,0.0271647423505783,-0.0521738901734352,0.0546105317771434,-0.0207951162010431,-0.0071111042052507,0.0212367363274097,0.1051080226898193,0.0354740023612976,-0.0432330854237079,0.0336680263280868,0.023076994344592,-0.0154285980388522,-0.0519599467515945,0.0162507649511098,0.1058467924594879,-0.0091376267373561,-0.0312499701976776,0.0293948259204626,-0.0733032077550888,-0.0313550606369972,0.0288640987128019,0.0254335571080446,-0.0037105716764926,-0.0005637107533402,-0.0451727397739887,0.0,-0.001768387039192,0.0355330556631088,-0.0113635631278157,-0.0163399316370487,-0.043053314089775,-0.0487264208495616,0.0238501448184251,-0.0488940700888633,-0.0297521147876977,0.0091799031943082,-0.0735068917274475,0.0054578627459704,-0.0453216284513473,-0.0458383746445179,-0.0108459591865539,-0.0707964524626731,-0.0260563306510448,-0.0605441778898239,0.0007047377876006,0.0528602115809917,-0.032060045748949,-0.0075653134845197,-0.0161073673516511,-0.0304920673370361,0.026877973228693,-0.0443173609673976,0.0423850677907466,-0.023934157565236,-0.0575491115450859,-0.0099616944789886,-0.0186046324670314,-0.0278637502342462,0.0019973190501332,0.0469744578003883,-0.0408684164285659,0.0129277631640434,0.010974827222526,0.0459016263484954,0.0020818691700696,0.0045901427506709,0.0161857522829724,-0.0006557537128799,0.0418470365485592,-0.0118032998019218,0.1048201890686166,-0.024918042531594,0.0292230810712526,0.076485183443324,0.2927483864759641,-0.1230102741256093,-0.0626927264603396,2019-02-20,2019-02-21,2019-02-22,2019-02-25,2019-02-26,2019-02-27,2019-02-28,2019-03-01,2019-03-04,2019-03-05,13253.0,2019-02-19,252.0,5.6094%,-0.0019,1.615,1.5698,1.6839,2.9501%,3.4005%,24.7355%,0.04354,SLCA,13253.0,2019-02-20,252.0,4.5902%,-0.0019,1.6206,1.5664,1.6994,2.9484%,3.4023%,24.9004%,0.030018,SLCA,13253.0,2019-02-21,252.0,-3.9498%,-0.002,1.6254,1.5704,1.7084,2.9531%,3.4073%,24.8832%,-0.028597,SLCA,13253.0,2019-02-22,252.0,-0.5222%,-0.0012,1.6151,1.8288,1.8218,2.6956%,3.2116%,29.5559%,0.0005899999999999,SLCA,13253.0,2019-02-25,252.0,-1.3123%,-0.0012,1.616,1.8329,1.8274,2.6954%,3.2125%,29.5989%,-0.007612,SLCA,13253.0,2019-02-26,252.0,0.1995%,-0.0012,1.5985,1.8171,1.8063,2.6962%,3.2043%,29.1977%,0.022241,SLCA,13253.0,2019-02-27,252.0,2.2561%,-0.0012,1.5896,1.8391,1.8049,2.6961%,3.2027%,29.1320%,0.019738,SLCA,13253.0,2019-02-28,252.0,-3.3095%,-0.0014,1.6075,1.8506,1.8232,2.6955%,3.2088%,29.4358%,-0.024123,SLCA,13253.0,2019-03-01,252.0,-1.4765%,-0.0015,1.6029,1.8438,1.8267,2.6994%,3.2041%,29.0241%,-0.024503,SLCA,13253.0,2019-03-04,252.0,3.6785%,-0.0015,1.6136,1.7659,1.8335,2.7062%,3.2061%,28.7513%,0.0452799999999999,SLCA,13253.0,2019-03-05,252.0,-2.2996%,-0.0015,1.6177,1.7912,1.8397,2.7059%,3.2079%,28.8526%,-0.010468,SLCA,0.073558,0.044961,0.045551,0.06018,0.0661039999999999
21147,U S SILICA HOLDINGS INC,US Silica Holdings Sees FY19 Capex $100M-$125M,6,uncertain,0.5,0.5,"the announcement of capital expenditures can indicate growth potential, but the market's reaction will depend on investor sentiment and the company's overall financial health.",1,2019-02-19,SLCA,2019-02-19 11:01:00+00:00,13253.0,90346E10,0.0560942143201828,4465569.0,0.0459016263484954,0.0020818691700696,-0.0394984409213066,0.0140745816752314,-0.0052219270728528,0.0252525527030229,-0.0131233474239707,0.0221238359808921,0.001994663150981,0.0374904908239841,0.022561389952898,-0.0304154194891452,-0.0330954082310199,-0.0405694395303726,-0.0147650549188256,-0.0370116494596004,0.0367847383022308,0.0006858867709524,-0.0229960829019546,0.0392017252743244,-0.0524545907974243,0.0408012010157108,-0.0248403381556272,-0.0044313455000519,-0.0203784387558698,0.0104477871209383,0.0594353787600994,-0.0096082864329218,0.0624122992157936,-0.0363248027861118,0.0199670456349849,0.0469798743724823,0.0103963511064648,0.0213251896202564,-0.0006431015208363,-0.0172155350446701,0.0765765532851219,-0.0395399145781993,-0.0364613682031631,0.0435108728706836,0.0248138699680566,0.0060377302579581,0.0278449803590774,0.020801268517971,-0.0565370507538318,0.0244672037661075,0.0212234798818826,0.0168539360165596,0.0293398238718509,0.0138323903083801,-0.0065321028232574,-0.0024350432213395,0.0286909472197294,0.0639032647013664,0.0087159518152475,-0.0429752431809902,-0.0063364403322339,0.0271647423505783,-0.0521738901734352,0.0546105317771434,-0.0207951162010431,-0.0071111042052507,0.0212367363274097,0.1051080226898193,0.0354740023612976,-0.0432330854237079,0.0336680263280868,0.023076994344592,-0.0154285980388522,-0.0519599467515945,0.0162507649511098,0.1058467924594879,-0.0091376267373561,-0.0312499701976776,0.0293948259204626,-0.0733032077550888,-0.0313550606369972,0.0288640987128019,0.0254335571080446,-0.0037105716764926,-0.0005637107533402,-0.0451727397739887,0.0,-0.001768387039192,0.0355330556631088,-0.0113635631278157,-0.0163399316370487,-0.043053314089775,-0.0487264208495616,0.0238501448184251,-0.0488940700888633,-0.0297521147876977,0.0091799031943082,-0.0735068917274475,0.0054578627459704,-0.0453216284513473,-0.0458383746445179,-0.0108459591865539,-0.0707964524626731,-0.0260563306510448,-0.0605441778898239,0.0007047377876006,0.0528602115809917,-0.032060045748949,-0.0075653134845197,-0.0161073673516511,-0.0304920673370361,0.026877973228693,-0.0443173609673976,0.0423850677907466,-0.023934157565236,-0.0575491115450859,-0.0099616944789886,-0.0186046324670314,-0.0278637502342462,0.0019973190501332,0.0469744578003883,-0.0408684164285659,0.0129277631640434,0.010974827222526,0.0459016263484954,0.0020818691700696,0.0045901427506709,0.0161857522829724,-0.0006557537128799,0.0418470365485592,-0.0118032998019218,0.1048201890686166,-0.024918042531594,0.0292230810712526,0.076485183443324,0.2927483864759641,-0.1230102741256093,-0.0626927264603396,2019-02-20,2019-02-21,2019-02-22,2019-02-25,2019-02-26,2019-02-27,2019-02-28,2019-03-01,2019-03-04,2019-03-05,13253.0,2019-02-19,252.0,5.6094%,-0.0019,1.615,1.5698,1.6839,2.9501%,3.4005%,24.7355%,0.04354,SLCA,13253.0,2019-02-20,252.0,4.5902%,-0.0019,1.6206,1.5664,1.6994,2.9484%,3.4023%,24.9004%,0.030018,SLCA,13253.0,2019-02-21,252.0,-3.9498%,-0.002,1.6254,1.5704,1.7084,2.9531%,3.4073%,24.8832%,-0.028597,SLCA,13253.0,2019-02-22,252.0,-0.5222%,-0.0012,1.6151,1.8288,1.8218,2.6956%,3.2116%,29.5559%,0.0005899999999999,SLCA,13253.0,2019-02-25,252.0,-1.3123%,-0.0012,1.616,1.8329,1.8274,2.6954%,3.2125%,29.5989%,-0.007612,SLCA,13253.0,2019-02-26,252.0,0.1995%,-0.0012,1.5985,1.8171,1.8063,2.6962%,3.2043%,29.1977%,0.022241,SLCA,13253.0,2019-02-27,252.0,2.2561%,-0.0012,1.5896,1.8391,1.8049,2.6961%,3.2027%,29.1320%,0.019738,SLCA,13253.0,2019-02-28,252.0,-3.3095%,-0.0014,1.6075,1.8506,1.8232,2.6955%,3.2088%,29.4358%,-0.024123,SLCA,13253.0,2019-03-01,252.0,-1.4765%,-0.0015,1.6029,1.8438,1.8267,2.6994%,3.2041%,29.0241%,-0.024503,SLCA,13253.0,2019-03-04,252.0,3.6785%,-0.0015,1.6136,1.7659,1.8335,2.7062%,3.2061%,28.7513%,0.0452799999999999,SLCA,13253.0,2019-03-05,252.0,-2.2996%,-0.0015,1.6177,1.7912,1.8397,2.7059%,3.2079%,28.8526%,-0.010468,SLCA,0.073558,0.044961,0.045551,0.06018,0.0661039999999999
21155,U S SILICA HOLDINGS INC,"US Silica Holdings Q4 Adj. EPS $(0.04) Beats $(0.06) Estimate, Sales $357.4M Miss $378.06M Estimate",6,decrease,0.7,0.6,"while the adjusted eps beat estimates, the significant miss in sales suggests underlying weaknesses that could negatively impact investor sentiment.",0,2019-02-19,SLCA,2019-02-19 11:01:00+00:00,13253.0,90346E10,0.0560942143201828,4465569.0,0.0459016263484954,0.0020818691700696,-0.0394984409213066,0.0140745816752314,-0.0052219270728528,0.0252525527030229,-0.0131233474239707,0.0221238359808921,0.001994663150981,0.0374904908239841,0.022561389952898,-0.0304154194891452,-0.0330954082310199,-0.0405694395303726,-0.0147650549188256,-0.0370116494596004,0.0367847383022308,0.0006858867709524,-0.0229960829019546,0.0392017252743244,-0.0524545907974243,0.0408012010157108,-0.0248403381556272,-0.0044313455000519,-0.0203784387558698,0.0104477871209383,0.0594353787600994,-0.0096082864329218,0.0624122992157936,-0.0363248027861118,0.0199670456349849,0.0469798743724823,0.0103963511064648,0.0213251896202564,-0.0006431015208363,-0.0172155350446701,0.0765765532851219,-0.0395399145781993,-0.0364613682031631,0.0435108728706836,0.0248138699680566,0.0060377302579581,0.0278449803590774,0.020801268517971,-0.0565370507538318,0.0244672037661075,0.0212234798818826,0.0168539360165596,0.0293398238718509,0.0138323903083801,-0.0065321028232574,-0.0024350432213395,0.0286909472197294,0.0639032647013664,0.0087159518152475,-0.0429752431809902,-0.0063364403322339,0.0271647423505783,-0.0521738901734352,0.0546105317771434,-0.0207951162010431,-0.0071111042052507,0.0212367363274097,0.1051080226898193,0.0354740023612976,-0.0432330854237079,0.0336680263280868,0.023076994344592,-0.0154285980388522,-0.0519599467515945,0.0162507649511098,0.1058467924594879,-0.0091376267373561,-0.0312499701976776,0.0293948259204626,-0.0733032077550888,-0.0313550606369972,0.0288640987128019,0.0254335571080446,-0.0037105716764926,-0.0005637107533402,-0.0451727397739887,0.0,-0.001768387039192,0.0355330556631088,-0.0113635631278157,-0.0163399316370487,-0.043053314089775,-0.0487264208495616,0.0238501448184251,-0.0488940700888633,-0.0297521147876977,0.0091799031943082,-0.0735068917274475,0.0054578627459704,-0.0453216284513473,-0.0458383746445179,-0.0108459591865539,-0.0707964524626731,-0.0260563306510448,-0.0605441778898239,0.0007047377876006,0.0528602115809917,-0.032060045748949,-0.0075653134845197,-0.0161073673516511,-0.0304920673370361,0.026877973228693,-0.0443173609673976,0.0423850677907466,-0.023934157565236,-0.0575491115450859,-0.0099616944789886,-0.0186046324670314,-0.0278637502342462,0.0019973190501332,0.0469744578003883,-0.0408684164285659,0.0129277631640434,0.010974827222526,0.0459016263484954,0.0020818691700696,0.0045901427506709,0.0161857522829724,-0.0006557537128799,0.0418470365485592,-0.0118032998019218,0.1048201890686166,-0.024918042531594,0.0292230810712526,0.076485183443324,0.2927483864759641,-0.1230102741256093,-0.0626927264603396,2019-02-20,2019-02-21,2019-02-22,2019-02-25,2019-02-26,2019-02-27,2019-02-28,2019-03-01,2019-03-04,2019-03-05,13253.0,2019-02-19,252.0,5.6094%,-0.0019,1.615,1.5698,1.6839,2.9501%,3.4005%,24.7355%,0.04354,SLCA,13253.0,2019-02-20,252.0,4.5902%,-0.0019,1.6206,1.5664,1.6994,2.9484%,3.4023%,24.9004%,0.030018,SLCA,13253.0,2019-02-21,252.0,-3.9498%,-0.002,1.6254,1.5704,1.7084,2.9531%,3.4073%,24.8832%,-0.028597,SLCA,13253.0,2019-02-22,252.0,-0.5222%,-0.0012,1.6151,1.8288,1.8218,2.6956%,3.2116%,29.5559%,0.0005899999999999,SLCA,13253.0,2019-02-25,252.0,-1.3123%,-0.0012,1.616,1.8329,1.8274,2.6954%,3.2125%,29.5989%,-0.007612,SLCA,13253.0,2019-02-26,252.0,0.1995%,-0.0012,1.5985,1.8171,1.8063,2.6962%,3.2043%,29.1977%,0.022241,SLCA,13253.0,2019-02-27,252.0,2.2561%,-0.0012,1.5896,1.8391,1.8049,2.6961%,3.2027%,29.1320%,0.019738,SLCA,13253.0,2019-02-28,252.0,-3.3095%,-0.0014,1.6075,1.8506,1.8232,2.6955%,3.2088%,29.4358%,-0.024123,SLCA,13253.0,2019-03-01,252.0,-1.4765%,-0.0015,1.6029,1.8438,1.8267,2.6994%,3.2041%,29.0241%,-0.024503,SLCA,13253.0,2019-03-04,252.0,3.6785%,-0.0015,1.6136,1.7659,1.8335,2.7062%,3.2061%,28.7513%,0.0452799999999999,SLCA,13253.0,2019-03-05,252.0,-2.2996%,-0.0015,1.6177,1.7912,1.8397,2.7059%,3.2079%,28.8526%,-0.010468,SLCA,0.073558,0.044961,0.045551,0.06018,0.0661039999999999
21163,SEQUANS COMMUNICATIONS S A,"Sequans Communication shares are trading lower after the company reported Q4 EPS of $(0.10), missing the $(0.08) consensus estimate and sales of $6.073 million, missing the $10.35 million consensus estimate.",6,decrease,0.85,0.7,"the company reported worse-than-expected earnings and sales, which typically leads to a decline in stock price.",0,2019-02-19,SQNS,2019-02-19 14:42:00+00:00,12680.0,81732320,0.0202020015567541,254843.0,0.0495049022138118,-0.0198019612580537,0.0660377889871597,0.0253806859254837,-0.0265486482530832,0.0706521719694137,0.0,0.0156767852604389,0.0454545021057128,0.0063326209783554,-0.017391288653016,-0.021630460396409,-0.0265486482530832,-0.0515464022755622,0.0099999252706766,0.0577972009778022,0.0081008672714233,-0.0875621885061264,-0.0178571250289678,-0.0049504903145134,-0.0272727012634277,-0.0380952022969722,0.0186915695667266,0.0,-0.0183486063033342,-0.0366973206400871,-0.0093458965420722,0.0,0.0566038340330123,0.0,-0.0178571250289678,0.0380953177809715,0.0,-0.0366973206400871,0.0090909004211425,-0.0090909004211425,-0.0270270016044378,-0.0350876860320568,0.0555555000901222,0.0,-0.0087719215080142,-0.008695644326508,0.0442477464675903,0.1165048629045486,0.0,0.009803912602365,-0.0677965506911277,0.0510046258568763,0.0090909004211425,0.0083117056638002,0.0,-0.032663345336914,0.0,0.0194672066718339,-0.0074775367975234,-0.0141414124518632,0.0256876181811094,0.0787839367985725,-0.0353981964290142,0.1056626662611961,-0.0091743031516671,-0.0119047509506344,-0.0092592500150203,0.0769230797886848,0.0186915695667266,-0.025000050663948,0.0091743031516671,-0.0057171122170984,-0.0181818008422851,0.0575709715485572,0.0,0.0144000053405761,-0.0042593036778271,-0.0132877342402935,0.0228752363473177,-0.0498750060796737,0.0,-0.1111110746860504,0.0,-0.0526315905153751,0.0,0.0106382872909307,-0.0148182557895779,-0.0505050607025623,-0.0034141356591135,-0.0198019612580537,0.0648147538304328,0.0099999904632568,-0.008695644326508,0.0,-0.0350876860320568,-0.0825688317418098,0.0181818008422851,0.0480769947171211,-0.0267856884747743,-0.009523800574243,0.0091743031516671,-0.0869565457105636,0.0,0.0267856884747743,-0.0180908758193254,0.0467289239168167,0.0152763584628701,0.0700000524520874,0.0031004631891846,-0.01960782520473,0.0,0.0099009806290268,0.045363575220108,0.0099999904632568,-0.1303591281175613,-0.01960782520473,0.0800000429153442,0.0,-0.0878704339265823,0.0,0.0354278869926929,0.0199999809265136,-0.0374509431421756,-0.01960782520473,0.0495049022138118,-0.0198019612580537,0.1188118854871973,0.0050761373080305,0.0891089422780289,0.0760869494034717,0.1386138469881563,0.0998778129028652,0.0891089426903763,-0.0198019586326583,0.0792079583888734,0.1927711321602025,-0.027920763286829,-0.0294117284461417,2019-02-20,2019-02-21,2019-02-22,2019-02-25,2019-02-26,2019-02-27,2019-02-28,2019-03-01,2019-03-04,2019-03-05,12680.0,2019-02-19,252.0,2.0202%,-0.0012,0.5142,0.3678,0.0472,3.5801%,3.6258%,2.5059%,0.017959,SQNS,12680.0,2019-02-20,252.0,4.9505%,-0.0011,0.5247,0.3772,0.0809,3.5875%,3.6337%,2.5271%,0.047359,SQNS,12680.0,2019-02-21,252.0,6.6038%,-0.001,0.522,0.3871,0.0755,3.6065%,3.6525%,2.5016%,0.068329,SQNS,12680.0,2019-02-22,252.0,-2.6549%,-0.0011,0.527,0.3639,0.114,3.6106%,3.6552%,2.4260%,-0.031061,SQNS,12680.0,2019-02-25,252.0,0.0000%,-0.0012,0.5292,0.3655,0.1231,3.6085%,3.6532%,2.4322%,0.000261,SQNS,12680.0,2019-02-26,252.0,4.5455%,-0.001,0.5293,0.2957,0.0878,3.6205%,3.6643%,2.3770%,0.048947,SQNS,12680.0,2019-02-27,252.0,-1.7391%,-0.0009,0.5385,0.2744,0.0893,3.6196%,3.6642%,2.4187%,-0.018424,SQNS,12680.0,2019-02-28,252.0,-2.6549%,-0.0011,0.5477,0.2799,0.1016,3.6224%,3.6678%,2.4618%,-0.024811,SQNS,12680.0,2019-03-01,252.0,1.0000%,-0.0011,0.5544,0.2898,0.1088,3.6222%,3.6684%,2.5051%,0.005561,SQNS,12680.0,2019-03-04,252.0,0.8101%,-0.0009,0.5408,0.3235,0.1149,3.6194%,3.6641%,2.4283%,0.011628,SQNS,12680.0,2019-03-05,252.0,-1.7857%,-0.0011,0.5375,0.2886,0.1181,3.6170%,3.6601%,2.3401%,-0.015749,SQNS,0.065318,0.133647,0.102586,0.151794,0.109999
21171,SEQUANS COMMUNICATIONS S A,"Sequans Communications Q4 Adj. EPS $(0.10) Misses $(0.08) Estimate, Sales $6.073M Miss $10.35M Estimate",6,decrease,0.8,0.7,"the company reported a larger-than-expected loss and significantly lower sales than estimated, which typically leads to a decrease in stock price.",0,2019-02-19,SQNS,2019-02-19 11:27:00+00:00,12680.0,81732320,0.0202020015567541,254843.0,0.0495049022138118,-0.0198019612580537,0.0660377889871597,0.0253806859254837,-0.0265486482530832,0.0706521719694137,0.0,0.0156767852604389,0.0454545021057128,0.0063326209783554,-0.017391288653016,-0.021630460396409,-0.0265486482530832,-0.0515464022755622,0.0099999252706766,0.0577972009778022,0.0081008672714233,-0.0875621885061264,-0.0178571250289678,-0.0049504903145134,-0.0272727012634277,-0.0380952022969722,0.0186915695667266,0.0,-0.0183486063033342,-0.0366973206400871,-0.0093458965420722,0.0,0.0566038340330123,0.0,-0.0178571250289678,0.0380953177809715,0.0,-0.0366973206400871,0.0090909004211425,-0.0090909004211425,-0.0270270016044378,-0.0350876860320568,0.0555555000901222,0.0,-0.0087719215080142,-0.008695644326508,0.0442477464675903,0.1165048629045486,0.0,0.009803912602365,-0.0677965506911277,0.0510046258568763,0.0090909004211425,0.0083117056638002,0.0,-0.032663345336914,0.0,0.0194672066718339,-0.0074775367975234,-0.0141414124518632,0.0256876181811094,0.0787839367985725,-0.0353981964290142,0.1056626662611961,-0.0091743031516671,-0.0119047509506344,-0.0092592500150203,0.0769230797886848,0.0186915695667266,-0.025000050663948,0.0091743031516671,-0.0057171122170984,-0.0181818008422851,0.0575709715485572,0.0,0.0144000053405761,-0.0042593036778271,-0.0132877342402935,0.0228752363473177,-0.0498750060796737,0.0,-0.1111110746860504,0.0,-0.0526315905153751,0.0,0.0106382872909307,-0.0148182557895779,-0.0505050607025623,-0.0034141356591135,-0.0198019612580537,0.0648147538304328,0.0099999904632568,-0.008695644326508,0.0,-0.0350876860320568,-0.0825688317418098,0.0181818008422851,0.0480769947171211,-0.0267856884747743,-0.009523800574243,0.0091743031516671,-0.0869565457105636,0.0,0.0267856884747743,-0.0180908758193254,0.0467289239168167,0.0152763584628701,0.0700000524520874,0.0031004631891846,-0.01960782520473,0.0,0.0099009806290268,0.045363575220108,0.0099999904632568,-0.1303591281175613,-0.01960782520473,0.0800000429153442,0.0,-0.0878704339265823,0.0,0.0354278869926929,0.0199999809265136,-0.0374509431421756,-0.01960782520473,0.0495049022138118,-0.0198019612580537,0.1188118854871973,0.0050761373080305,0.0891089422780289,0.0760869494034717,0.1386138469881563,0.0998778129028652,0.0891089426903763,-0.0198019586326583,0.0792079583888734,0.1927711321602025,-0.027920763286829,-0.0294117284461417,2019-02-20,2019-02-21,2019-02-22,2019-02-25,2019-02-26,2019-02-27,2019-02-28,2019-03-01,2019-03-04,2019-03-05,12680.0,2019-02-19,252.0,2.0202%,-0.0012,0.5142,0.3678,0.0472,3.5801%,3.6258%,2.5059%,0.017959,SQNS,12680.0,2019-02-20,252.0,4.9505%,-0.0011,0.5247,0.3772,0.0809,3.5875%,3.6337%,2.5271%,0.047359,SQNS,12680.0,2019-02-21,252.0,6.6038%,-0.001,0.522,0.3871,0.0755,3.6065%,3.6525%,2.5016%,0.068329,SQNS,12680.0,2019-02-22,252.0,-2.6549%,-0.0011,0.527,0.3639,0.114,3.6106%,3.6552%,2.4260%,-0.031061,SQNS,12680.0,2019-02-25,252.0,0.0000%,-0.0012,0.5292,0.3655,0.1231,3.6085%,3.6532%,2.4322%,0.000261,SQNS,12680.0,2019-02-26,252.0,4.5455%,-0.001,0.5293,0.2957,0.0878,3.6205%,3.6643%,2.3770%,0.048947,SQNS,12680.0,2019-02-27,252.0,-1.7391%,-0.0009,0.5385,0.2744,0.0893,3.6196%,3.6642%,2.4187%,-0.018424,SQNS,12680.0,2019-02-28,252.0,-2.6549%,-0.0011,0.5477,0.2799,0.1016,3.6224%,3.6678%,2.4618%,-0.024811,SQNS,12680.0,2019-03-01,252.0,1.0000%,-0.0011,0.5544,0.2898,0.1088,3.6222%,3.6684%,2.5051%,0.005561,SQNS,12680.0,2019-03-04,252.0,0.8101%,-0.0009,0.5408,0.3235,0.1149,3.6194%,3.6641%,2.4283%,0.011628,SQNS,12680.0,2019-03-05,252.0,-1.7857%,-0.0011,0.5375,0.2886,0.1181,3.6170%,3.6601%,2.3401%,-0.015749,SQNS,0.065318,0.133647,0.102586,0.151794,0.109999
21179,SUNCOKE ENERGY INC,Capital Family Holdings On Feb. 6 Wrote An Email To SunCoke Energy Management Regarding Recent Proposal From Suncoke Energy To Acquire All Independently Held Units Of Suncoke Energy Partners; Management Denied Firm's Request To Discuss Solutions,6,decrease,0.7,0.6,"the management's refusal to discuss solutions regarding the acquisition proposal may signal a lack of support for the initiative, potentially leading to negative sentiment among investors.",0,2019-02-19,SXC,2019-02-19 12:30:00+00:00,12905.0,86722A10,0.0192503072321414,406526.0,0.025844857096672,0.0270551759749651,-0.0222867783159017,-0.0263424757868051,-0.001982205780223,-0.0139860482886433,0.0,0.009072596207261,0.0148957874625921,-0.0010070723947137,0.0009784026769921,-0.0216748099774122,-0.0303029790520668,-0.0058766328729689,-0.00100808753632,0.0098912352696061,-0.0060544367879629,-0.0750229284167289,-0.0375635363161563,0.001833222573623,-0.0548522695899009,-0.0293594244867563,0.0044642812572419,0.0053666783496737,-0.0200000330805778,0.0458373017609119,0.0249433424323797,-0.0027985714841634,-0.0011062200646847,-0.0192131772637367,0.0332226119935512,0.0301602873951196,-0.0267952848225832,-0.0018815106013789,-0.0143171930685639,-0.0046816654503345,0.012290570884943,-0.007434937171638,0.0055186795070767,0.0276981815695762,-0.0054883905686438,0.0586450845003128,0.0220750328153371,0.0143590094521641,-0.0529157407581806,-0.0010246136225759,-0.0307868234813213,-0.0030643241479992,-0.0047058779746294,0.0082389209419488,0.018912510946393,0.0188877563923597,0.002320238854736,0.0280473846942186,-0.0173611771315336,0.0369128510355949,0.0282685253769159,0.013605429790914,0.0080184023827314,0.0562873408198356,-0.0147727401927113,-0.0478905439376831,0.0288350638002157,0.0257310252636671,0.0213004015386104,0.0058823754079639,0.0032931601162999,0.0059171826578676,-0.0284464135766029,0.0267315041273832,0.0180179998278617,0.060566920787096,-0.0353981964290142,-0.0525029748678207,0.0,-0.0072727780789136,-0.0206422358751297,-0.0119760930538177,0.0152224963530898,-0.0313224494457244,0.0011534289224073,-0.0126001900061965,-0.0276498515158891,0.0210525561124086,0.0094787776470184,-0.0338983237743377,0.0187793243676424,-0.0122767472639679,-0.0253456514328718,0.0181818008422851,0.016548503190279,-0.0178571250289678,-0.0232559014111757,-0.0033370114397257,0.0285715162754058,-0.0405549742281436,-0.0034723016433417,-0.0136842224746942,-0.0360045842826366,-0.0509490743279457,0.0289156343787908,0.0256147533655166,0.0398126654326915,0.0134994927793741,-0.0225225016474723,-0.0112935993820428,-0.0748848542571067,0.0220356807112693,0.0211706198751926,-0.0517413392663002,0.0134147088974714,0.0080240638926625,-0.0036101907026022,-0.0385727696120739,-0.0338163934648037,0.0107212141156196,0.0025000572204589,-0.041121456772089,0.0024937035050243,0.0056390473619103,0.025844857096672,0.027055175974965,0.0029820801800506,-1.2986833830552769e-10,0.0009939633032576,-0.0139860484166953,0.0159045566319606,-0.0060423383847006,-0.0576541609191395,-0.0953253858143934,-0.1252485268175438,0.1820358617505917,-0.2007952620851839,-0.0723684590282321,2019-02-20,2019-02-21,2019-02-22,2019-02-25,2019-02-26,2019-02-27,2019-02-28,2019-03-01,2019-03-04,2019-03-05,12905.0,2019-02-19,252.0,1.9250%,-0.0001,1.4533,0.8637,0.5423,1.9377%,2.4503%,37.4626%,0.012306,SXC,12905.0,2019-02-20,252.0,2.5845%,-0.0,1.4571,0.8662,0.5542,1.9392%,2.4531%,37.5079%,0.018101,SXC,12905.0,2019-02-21,252.0,-2.2287%,-0.0001,1.4614,0.8717,0.5622,1.9415%,2.4562%,37.5184%,-0.015115,SXC,12905.0,2019-02-22,252.0,-0.1982%,-0.0001,1.4625,0.8724,0.5756,1.9421%,2.4562%,37.4813%,-0.008111,SXC,12905.0,2019-02-25,252.0,0.0000%,-0.0001,1.4629,0.8723,0.5771,1.9420%,2.4562%,37.4882%,0.001011,SXC,12905.0,2019-02-26,252.0,1.4896%,0.0001,1.4774,0.8239,0.5634,1.9372%,2.4563%,37.8022%,0.024624,SXC,12905.0,2019-02-27,252.0,0.0978%,-0.0,1.465,0.8455,0.5614,1.9292%,2.4435%,37.6654%,-0.001341,SXC,12905.0,2019-02-28,252.0,-3.0303%,-0.0002,1.4743,0.851,0.5739,1.9347%,2.4498%,37.6317%,-0.024627,SXC,12905.0,2019-03-01,252.0,-0.1008%,-0.0002,1.4761,0.8537,0.5821,1.9356%,2.4481%,37.4854%,-0.011885,SXC,12905.0,2019-03-04,252.0,-0.6054%,-0.0003,1.485,0.8216,0.5804,1.9316%,2.4475%,37.7129%,0.002676,SXC,12905.0,2019-03-05,252.0,-3.7564%,-0.0004,1.4908,0.8465,0.5959,1.9413%,2.4573%,37.5876%,-0.031189,SXC,0.0304069999999999,0.0152919999999999,0.0071809999999999,0.032816,-0.03355
21187,MOLSON COORS BEVERAGE CO,"Oppenheimer Out Bullish On Molson JV Partner, Cannabis Producer Hexo",6,increase,0.7,0.6,"oppenheimer's bullish outlook on hexo, a joint venture partner of molson coors, suggests positive sentiment that could enhance investor confidence in molson coors' future prospects.",2,2019-02-19,TAP,2019-02-19 18:06:00+00:00,59248.0,60871R20,0.0032835456077009,1635038.0,0.004581881687045,0.0178810115903616,0.011239655315876,0.002680962672457,-0.0024162617046386,0.0082784537225961,-0.0143710542470216,-0.0944002717733383,0.0,0.00646748021245,0.0011467839358374,-0.0096080107614398,0.0090001514181494,-0.0015227420954033,0.0025948751717805,-0.0126297390088439,-0.0026054363697767,0.0100228348746895,-0.002612242475152,-0.0022727504838258,-0.0152234453707933,-0.0091577935963869,-0.001994663150981,0.0195928178727626,-0.0098267849534749,0.0089575573801994,0.0109335193410515,0.0093530546873807,0.0018302930984646,-0.0038819874171167,0.0063112620264291,0.015933146700263,-0.0016504122177138,-0.0159888043999671,0.0054554142989218,0.0049921949394047,0.0021374723874032,0.0075447903946042,-0.0031173492316156,0.0297831036150455,-0.0162935797125101,0.0084884176030755,0.0174000486731529,-0.0187410209327936,-0.0223647523671388,0.0011225094785913,-0.0117746135219931,-0.0154720479622483,0.0124255241826176,0.0076360092498362,-0.0031943279318511,0.0304918140172958,-0.0003373327199369,-0.0027791103348135,0.0064113559201359,0.0266867447644472,0.0120703671127557,-0.0021771437022835,-0.0036441511474549,0.0317954085767269,-0.0051538050174713,0.0136626167222857,0.0153743010014295,0.0165598336607217,-0.0021395203657448,0.0039328071288764,0.0026389551348984,-0.0106119960546493,-0.0203981194645166,0.0067664007656276,-0.0025188531726598,0.0183136593550443,0.0112794302403926,-0.0063062789849936,-0.0014982545981183,-0.0303983520716428,0.00783596560359,-0.0091742910444736,-0.0152192218229174,-0.0258009918034076,-0.0018478181445971,-0.0209674835205078,0.0333221703767776,-0.0230645202100276,-0.0039088218472898,-0.0189873538911342,0.0019620491657406,0.0020612187217921,0.0200717952102422,0.0084745567291975,0.0046392725780606,-0.0031877711880952,0.0164013151079416,-0.0099415695294737,0.000783318770118,-0.0169097147881984,0.0048528704792261,-0.0063203889876604,-0.0754012092947959,-0.0192016419023275,0.009604038670659,0.0056257070973515,0.0241989456117153,0.0227025207132101,-0.006354886572808,-0.0180550143122673,-0.0147588998079299,0.0113550024107098,-0.0149800516664981,0.002923896536231,-0.0140250390395522,0.0137286260724067,0.0049700243398547,-0.0004677807737607,-0.0131309768185019,-0.0115598030388355,0.009504048153758,-0.022744420915842,-0.0020540729165077,0.0254865866154432,0.004581881687045,0.0178810115903615,0.0158730357737815,0.0206099125874381,0.0134184206606664,0.0290589845176161,-0.001145470437579,-0.0620573179983063,0.0063469660315251,-0.0771212114223266,-0.0091378063330992,0.0525315601168743,-0.0396132364924539,-0.0531614751207374,2019-02-20,2019-02-21,2019-02-22,2019-02-25,2019-02-26,2019-02-27,2019-02-28,2019-03-01,2019-03-04,2019-03-05,59248.0,2019-02-19,252.0,0.3284%,-0.0008,0.6035,-0.3794,0.3016,1.8696%,1.9723%,10.1354%,0.00227,TAP,59248.0,2019-02-20,252.0,0.4582%,-0.0008,0.6046,-0.3762,0.3057,1.8697%,1.9725%,10.1490%,0.0025109999999999,TAP,59248.0,2019-02-21,252.0,1.1240%,-0.0007,0.595,-0.3926,0.2879,1.8688%,1.9698%,9.9936%,0.013817,TAP,59248.0,2019-02-22,252.0,-0.2416%,-0.0007,0.5945,-0.383,0.2911,1.8682%,1.9684%,9.9162%,8e-06,TAP,59248.0,2019-02-25,252.0,-1.4371%,-0.0007,0.5944,-0.3757,0.2944,1.8706%,1.9702%,9.8494%,-0.015835,TAP,59248.0,2019-02-26,252.0,0.0000%,-0.0007,0.5985,-0.3798,0.2954,1.8701%,1.9701%,9.8875%,-0.000582,TAP,59248.0,2019-02-27,252.0,0.1147%,-0.0006,0.6061,-0.3927,0.2967,1.8670%,1.9694%,10.1217%,0.001584,TAP,59248.0,2019-02-28,252.0,0.9000%,-0.0005,0.5982,-0.3978,0.2881,1.8675%,1.9675%,9.9034%,0.011599,TAP,59248.0,2019-03-01,252.0,0.2595%,-0.0005,0.5997,-0.3956,0.2898,1.8675%,1.9674%,9.9027%,0.000504,TAP,59248.0,2019-03-04,252.0,-0.2605%,-0.0006,0.609,-0.425,0.2871,1.8634%,1.9668%,10.2348%,-0.00229,TAP,59248.0,2019-03-05,252.0,-0.2612%,-0.0007,0.603,-0.4726,0.2834,1.8551%,1.9602%,10.4347%,-0.002296,TAP,0.004781,0.018598,0.018606,0.002189,0.01129
21195,MOLSON COORS BEVERAGE CO,"Oppenheimer Out Bullish On Molson JV Partner, Cannabis Producer Hexo",6,increase,0.7,0.6,"oppenheimer's bullish outlook on hexo, a joint venture partner of molson coors, suggests positive sentiment that could enhance investor confidence in molson coors' future prospects.",2,2019-02-19,TAP,2019-02-19 18:06:00+00:00,59248.0,60871R20,0.0032835456077009,1635038.0,0.004581881687045,0.0178810115903616,0.011239655315876,0.002680962672457,-0.0024162617046386,0.0082784537225961,-0.0143710542470216,-0.0944002717733383,0.0,0.00646748021245,0.0011467839358374,-0.0096080107614398,0.0090001514181494,-0.0015227420954033,0.0025948751717805,-0.0126297390088439,-0.0026054363697767,0.0100228348746895,-0.002612242475152,-0.0022727504838258,-0.0152234453707933,-0.0091577935963869,-0.001994663150981,0.0195928178727626,-0.0098267849534749,0.0089575573801994,0.0109335193410515,0.0093530546873807,0.0018302930984646,-0.0038819874171167,0.0063112620264291,0.015933146700263,-0.0016504122177138,-0.0159888043999671,0.0054554142989218,0.0049921949394047,0.0021374723874032,0.0075447903946042,-0.0031173492316156,0.0297831036150455,-0.0162935797125101,0.0084884176030755,0.0174000486731529,-0.0187410209327936,-0.0223647523671388,0.0011225094785913,-0.0117746135219931,-0.0154720479622483,0.0124255241826176,0.0076360092498362,-0.0031943279318511,0.0304918140172958,-0.0003373327199369,-0.0027791103348135,0.0064113559201359,0.0266867447644472,0.0120703671127557,-0.0021771437022835,-0.0036441511474549,0.0317954085767269,-0.0051538050174713,0.0136626167222857,0.0153743010014295,0.0165598336607217,-0.0021395203657448,0.0039328071288764,0.0026389551348984,-0.0106119960546493,-0.0203981194645166,0.0067664007656276,-0.0025188531726598,0.0183136593550443,0.0112794302403926,-0.0063062789849936,-0.0014982545981183,-0.0303983520716428,0.00783596560359,-0.0091742910444736,-0.0152192218229174,-0.0258009918034076,-0.0018478181445971,-0.0209674835205078,0.0333221703767776,-0.0230645202100276,-0.0039088218472898,-0.0189873538911342,0.0019620491657406,0.0020612187217921,0.0200717952102422,0.0084745567291975,0.0046392725780606,-0.0031877711880952,0.0164013151079416,-0.0099415695294737,0.000783318770118,-0.0169097147881984,0.0048528704792261,-0.0063203889876604,-0.0754012092947959,-0.0192016419023275,0.009604038670659,0.0056257070973515,0.0241989456117153,0.0227025207132101,-0.006354886572808,-0.0180550143122673,-0.0147588998079299,0.0113550024107098,-0.0149800516664981,0.002923896536231,-0.0140250390395522,0.0137286260724067,0.0049700243398547,-0.0004677807737607,-0.0131309768185019,-0.0115598030388355,0.009504048153758,-0.022744420915842,-0.0020540729165077,0.0254865866154432,0.004581881687045,0.0178810115903615,0.0158730357737815,0.0206099125874381,0.0134184206606664,0.0290589845176161,-0.001145470437579,-0.0620573179983063,0.0063469660315251,-0.0771212114223266,-0.0091378063330992,0.0525315601168743,-0.0396132364924539,-0.0531614751207374,2019-02-20,2019-02-21,2019-02-22,2019-02-25,2019-02-26,2019-02-27,2019-02-28,2019-03-01,2019-03-04,2019-03-05,59248.0,2019-02-19,252.0,0.3284%,-0.0008,0.6035,-0.3794,0.3016,1.8696%,1.9723%,10.1354%,0.00227,TAP,59248.0,2019-02-20,252.0,0.4582%,-0.0008,0.6046,-0.3762,0.3057,1.8697%,1.9725%,10.1490%,0.0025109999999999,TAP,59248.0,2019-02-21,252.0,1.1240%,-0.0007,0.595,-0.3926,0.2879,1.8688%,1.9698%,9.9936%,0.013817,TAP,59248.0,2019-02-22,252.0,-0.2416%,-0.0007,0.5945,-0.383,0.2911,1.8682%,1.9684%,9.9162%,8e-06,TAP,59248.0,2019-02-25,252.0,-1.4371%,-0.0007,0.5944,-0.3757,0.2944,1.8706%,1.9702%,9.8494%,-0.015835,TAP,59248.0,2019-02-26,252.0,0.0000%,-0.0007,0.5985,-0.3798,0.2954,1.8701%,1.9701%,9.8875%,-0.000582,TAP,59248.0,2019-02-27,252.0,0.1147%,-0.0006,0.6061,-0.3927,0.2967,1.8670%,1.9694%,10.1217%,0.001584,TAP,59248.0,2019-02-28,252.0,0.9000%,-0.0005,0.5982,-0.3978,0.2881,1.8675%,1.9675%,9.9034%,0.011599,TAP,59248.0,2019-03-01,252.0,0.2595%,-0.0005,0.5997,-0.3956,0.2898,1.8675%,1.9674%,9.9027%,0.000504,TAP,59248.0,2019-03-04,252.0,-0.2605%,-0.0006,0.609,-0.425,0.2871,1.8634%,1.9668%,10.2348%,-0.00229,TAP,59248.0,2019-03-05,252.0,-0.2612%,-0.0007,0.603,-0.4726,0.2834,1.8551%,1.9602%,10.4347%,-0.002296,TAP,0.004781,0.018598,0.018606,0.002189,0.01129
21203,TEVA PHARMACEUTICAL INDS LTD,"Teva Reports Finalization Of Its Settlement With FTC, Will Resolve All Outstanding Litigation Between Parties",6,increase,0.7,0.6,"the finalization of a settlement with the ftc suggests a resolution of legal uncertainties, which could positively impact investor sentiment and stock performance.",2,2019-02-19,TEVA,2019-02-19 23:31:00+00:00,75652.0,88162420,0.0022247449960559,10049416.0,-0.0344062596559524,0.0405091904103756,-0.0086206682026386,-0.0198524389415979,0.0,-0.0779289528727531,0.0202898774296045,0.0159405507147312,-0.0374999903142452,0.0329308658838272,0.0035418809857219,-0.0070845265872776,-0.0100000044330954,-0.0427751541137695,0.0148544264957308,-0.0395791120827198,-0.0193208381533622,0.0147432135418057,-0.0011940571712329,-0.0015228774864226,-0.0454273335635662,-0.007556655909866,0.0018785054562613,-0.0079959938302636,-0.015625,0.0131645686924457,0.0019047450041398,-0.0015167181845754,-0.0063370992429554,0.01124750636518,0.035076480358839,0.0113753518089652,0.0147874169051647,-0.0061664409004151,0.0024287139531224,0.0378666184842586,0.0078739644959568,-0.003719431348145,0.0162259899079799,0.0031982657965272,-0.002956785261631,0.0058981562033295,0.0130485948175191,-0.0095592299476265,-0.0439110063016414,0.0194911006838083,-0.0263319239020347,0.0010839322349056,0.0018868356710299,0.015410054475069,0.0043942052870988,0.0116927064955234,-0.0262500047683715,0.0158370342105627,0.0064185098744928,0.0005659438902512,0.0025510180275887,0.0172711126506328,-0.0438931621611118,0.0533657409250736,-0.0106453662738204,0.0403785109519958,0.0215198174118995,0.0278858821839094,0.0032916518393903,-0.017208382487297,-0.0131233474239707,0.003196882084012,-0.0325797721743583,-0.0113779613748192,0.0075601139105856,0.0843042880296707,-0.0115961851552128,-0.0337748490273952,-0.0075914189219474,-0.0497168004512786,0.0132127664983272,-0.0245549753308296,0.0082360934466123,-0.0423280000686645,-0.0319945067167282,-0.0362605899572372,0.009845245629549,-0.0438786298036575,0.0236768908798694,-0.0294427629560232,0.0142857171595096,0.0015798150561749,0.006036227568984,0.025931904092431,0.009333356283605,0.0037960787303745,0.0145309977233409,-0.0499742068350315,0.0162760429084301,-0.0419546104967594,-0.0249839462339878,-0.0141118746250867,0.0006569825927726,-0.0481704920530319,-0.021667756140232,0.0023212272208184,0.0187919922173023,-0.0164382979273796,-0.0191040821373462,0.0027472283691167,-0.0188046116381883,0.0018349044257774,-0.0006844131276011,-0.0027448020409792,-0.0089041171595454,-0.0036463045980781,-0.0076019768603146,-0.0045372219756245,-0.1483287066221237,0.0124024096876382,-0.0106295309960842,-0.010454524308443,-0.0545455180108547,-0.011235955171287,-0.0344062596559524,0.0405091904103755,-0.0427303229100033,0.0198525452395821,-0.0427303229100033,-0.0596234956955505,-0.0599334000912117,-0.0131723261840372,-0.0715871725401964,-0.087309705365091,-0.1659267815636971,0.090357778042627,-0.3651498728049988,-0.191910135020245,2019-02-20,2019-02-21,2019-02-22,2019-02-25,2019-02-26,2019-02-27,2019-02-28,2019-03-01,2019-03-04,2019-03-05,75652.0,2019-02-19,252.0,0.2225%,-0.0002,1.2938,0.8396,0.8323,2.2423%,2.5916%,25.1390%,-0.0051359999999999,TEVA,75652.0,2019-02-20,252.0,-3.4406%,-0.0004,1.2818,0.8132,0.7898,2.2586%,2.6004%,24.5589%,-0.043389,TEVA,75652.0,2019-02-21,252.0,-0.8621%,-0.0003,1.2709,0.7907,0.7698,2.2501%,2.5862%,24.3053%,-0.001592,TEVA,75652.0,2019-02-22,252.0,0.0000%,-0.0003,1.2712,0.7861,0.7694,2.2500%,2.5860%,24.2958%,-0.001394,TEVA,75652.0,2019-02-25,252.0,2.0290%,-0.0002,1.2698,0.7738,0.7576,2.2531%,2.5876%,24.1871%,0.021712,TEVA,75652.0,2019-02-26,252.0,-3.7500%,-0.0003,1.2774,0.8051,0.7793,2.2598%,2.5971%,24.2930%,-0.028116,TEVA,75652.0,2019-02-27,252.0,0.3542%,-0.0002,1.2825,0.7966,0.7801,2.2586%,2.5972%,24.3741%,0.001698,TEVA,75652.0,2019-02-28,252.0,-1.0000%,-0.0002,1.2761,0.7921,0.7764,2.2572%,2.5907%,24.0925%,-0.004333,TEVA,75652.0,2019-03-01,252.0,1.4854%,-0.0001,1.2689,0.7814,0.7623,2.2558%,2.5836%,23.7668%,0.0063849999999999,TEVA,75652.0,2019-03-04,252.0,-1.9321%,-0.0002,1.2778,0.7633,0.7574,2.2550%,2.5859%,23.9595%,-0.01266,TEVA,75652.0,2019-03-05,252.0,-0.1194%,-0.0002,1.2766,0.7575,0.7546,2.2552%,2.5841%,23.8345%,0.005072,TEVA,-0.048525,-0.050117,-0.051511,-0.057915,-0.061753
21211,TARGET CORP,Target Option Alert: Apr 18 $80 Calls Sweep (2) near the midpoint: 39400 @ $0.97 vs 3104 OI; Earnings 3/5 Before Open Ref=$73.1,6,increase,0.7,0.6,"the significant call option activity suggests bullish sentiment among investors ahead of the earnings report, indicating potential upward pressure on the stock price.",2,2019-02-19,TGT,2019-02-19 16:31:00+00:00,49154.0,87612E10,0.0151016851887106,6867952.0,-0.0080491667613387,0.0091437520459294,-0.0093522258102893,-0.0053741130977869,0.0030542998574674,0.0306774023920297,0.0117646846920251,0.0037063739728182,-0.0110806785523891,-0.0102990372106432,0.0100981565192341,-0.0136376749724149,-0.0052040163427591,-0.0089643020182847,0.0041299979202449,-0.0035728255752474,-0.0037017310969531,0.0045554139651358,0.045823611319065,0.017844658344984,0.011842125095427,-0.0250685177743434,-0.0094928909093141,0.0092630740255117,-0.004726278129965,0.0087866792455315,0.0060677891597151,-0.0058237076736986,-0.0011799703352153,-0.0037297506351023,0.0123392287641763,0.0252088755369186,-0.0081691499799489,0.004124017432332,0.0022225885186344,0.0005691649857908,0.0159143432974815,-0.0056593311019241,0.0074473787099123,0.0188842080533504,-0.011725696735084,0.0224024225026369,0.0251482706516981,-0.0052778273820877,-0.014718810096383,-0.009151617065072,0.0026812958531081,-0.0110616907477378,0.0140073662623763,0.0193293262273073,0.0023860661312937,-0.0284535493701696,0.0062640942633152,0.0097687160596251,-0.0007469815318472,-0.0010045880917459,-0.00361326825805,0.0489236786961555,-0.0063774180598557,0.0137341907247901,-0.0018877615220844,-0.0136966230347752,0.0261001102626323,0.0052959015592932,-0.0054066702723503,0.0173952784389257,0.0122312558814883,0.0038633905351161,-0.0155009962618351,-0.0061434730887413,0.0011157492408528,0.0578391775488853,-0.0037152080330997,0.0068705733865499,0.0034805024042725,-0.0092382449656724,0.0154837109148502,-0.0179850552231073,-0.0001220070262206,-0.0379726812243461,0.008661693893373,0.0153917577117681,0.0070150196552276,-0.0424296334385871,-0.01489317137748,0.0073484983295202,0.0017069864552468,-0.0163741055876016,0.0087633104994893,0.0151243209838867,-0.0137548195198178,-0.0225409977138042,-0.0565206184983253,0.0075210463255643,0.0088174305856227,-0.0248778164386749,-0.0048843813128769,0.0033184729982167,-0.0226039793342351,-0.0418855249881744,0.0099114580079913,0.0194475371390581,-0.0062810224480926,-0.0029506685677915,0.0005267436499707,-0.0098775615915656,-0.012371708638966,0.0070047634653747,0.0049307402223348,0.0307580828666687,-0.0039782924577593,0.028210861608386,-0.0062575051560997,-0.0275772977620363,-0.0396570079028606,0.0033319334033876,0.0030692217405885,-0.1043836250901222,-0.0063149672932922,-0.0237198714166879,-0.0080491667613387,0.0091437520459294,-0.0173261149464913,0.0037204993905095,-0.0143247342394354,0.0345120370394413,-0.0137790196130802,0.0276523580839429,0.0368348801613291,0.0234649179915908,0.0840381404987529,0.1115519247043881,-0.0252939587122199,-0.0773679788582896,2019-02-20,2019-02-21,2019-02-22,2019-02-25,2019-02-26,2019-02-27,2019-02-28,2019-03-01,2019-03-04,2019-03-05,49154.0,2019-02-19,252.0,1.5102%,0.0001,0.8478,0.3209,0.3482,1.4895%,1.7135%,24.4299%,0.011467,TGT,49154.0,2019-02-20,252.0,-0.8049%,0.0001,0.845,0.3174,0.3388,1.4910%,1.7140%,24.3266%,-0.012381,TGT,49154.0,2019-02-21,252.0,-0.9352%,0.0001,0.8381,0.3024,0.3264,1.4847%,1.7049%,24.1626%,-0.005324,TGT,49154.0,2019-02-22,252.0,0.3054%,0.0001,0.8382,0.3002,0.3246,1.4847%,1.7050%,24.1727%,0.000641,TGT,49154.0,2019-02-25,252.0,1.1765%,0.0001,0.8415,0.2979,0.3358,1.4750%,1.6973%,24.4813%,0.011772,TGT,49154.0,2019-02-26,252.0,-1.1081%,0.0001,0.8468,0.3023,0.342,1.4750%,1.6985%,24.5797%,-0.00682,TGT,49154.0,2019-02-27,252.0,1.0098%,0.0,0.8417,0.3141,0.3412,1.4742%,1.6951%,24.3659%,0.009072,TGT,49154.0,2019-02-28,252.0,-0.5204%,0.0001,0.8386,0.3119,0.3395,1.4737%,1.6919%,24.1298%,-0.001905,TGT,49154.0,2019-03-01,252.0,0.4130%,0.0,0.8441,0.32,0.3486,1.4725%,1.6920%,24.2637%,-0.001545,TGT,49154.0,2019-03-04,252.0,-0.3702%,0.0001,0.8392,0.3356,0.35,1.4711%,1.6887%,24.1162%,0.000518,TGT,49154.0,2019-03-05,252.0,4.5824%,0.0002,0.8299,0.2947,0.3252,1.5025%,1.7109%,22.8735%,0.04904,TGT,-0.0009139999999999,-0.006238,-0.0055969999999999,-0.000645,0.054535
21219,TUTOR PERINI CORP,Tutor Perini Receives Notice Of Intent To Award $1.4B Contract For Purple Line Extension Section 3 Stations Project,6,increase,0.8,0.7,the announcement of a $1.4 billion contract is likely to positively impact tutor perini corp's stock price due to the potential for increased revenue and growth opportunities.,2,2019-02-19,TPC,2019-02-19 11:49:00+00:00,50550.0,90110910,0.0282518863677978,321009.0,0.0137378238141536,0.0296969562768936,0.0118577638640999,0.009791912510991,0.0089285625144839,0.0348321832716465,0.0005531100323423,0.0246593207120895,-0.0232172515243291,-0.017845744267106,-0.0084889428690075,-0.016300955787301,0.0742008686065673,-0.02506117336452,0.0223166886717081,0.0148883229121565,-0.0057172873057425,-0.0170730967074632,0.0026137556415051,0.0199004784226417,-0.0307612176984548,-0.0656594559550285,-0.009682641364634,0.0,-0.0005431954632513,-0.0005807334091514,0.0206522326916456,0.0023282309994101,0.0149094127118587,-0.0149082699790597,-0.0026232548989355,0.0116009721532464,-0.0199895352125167,0.0075978464446961,-0.0064411666244268,0.0332126319408416,0.0162074137479066,-0.0965630337595939,-0.0106325820088386,0.0280426256358623,-0.0155830681324005,0.0147979641333222,-0.0076418882235884,-0.0195312704890966,-0.05830579996109,-0.0011148527264595,0.0011681395117193,-0.0055432580411434,-0.0081679923459887,0.0050139357335865,0.0111765023320913,0.0101294489577412,0.0058173574507236,0.0016911323182284,-0.0098322769626975,0.0295995492488145,0.0262849777936935,0.0286566894501447,0.0108139179646968,0.0423148907721042,0.003941424190998,-0.000621904793661,0.0336511731147766,0.00688789319247,0.0282148905098438,0.0139682712033391,0.0026384820230305,-0.0025332465302199,-0.0136842224746942,-0.0100313387811183,0.0112060299143195,0.0404435656964778,0.0021107655484229,-0.0038986627478152,-0.0005266049993224,-0.0290220845490694,0.0031612948514521,-0.0149160828441381,0.0262605026364326,-0.0468008928000927,0.016888428479433,0.0150330737233161,-0.0065425797365605,-0.0053827846422791,0.0040526809170842,-0.0329671241343021,0.0035317707806825,-0.0142531348392367,0.0030166604556143,0.0197674501687288,-0.0185464080423116,-0.0221716538071632,-0.0020428502466529,0.0203016456216573,0.0081883231177926,-0.0232294537127018,0.0137055097147822,0.0431441813707351,-0.0090134404599666,-0.0605219416320323,0.0090954210609197,-0.0322407484054565,0.0050075305625796,0.0147219439968466,0.0079720905050635,-0.0139785064384341,-0.023232789710164,0.0136239780113101,-0.0136639904230833,-0.0097139934077858,-0.1251924335956573,0.0136761479079723,-0.0046920776367187,0.0082736639305949,-0.0247495640069246,0.0185393225401639,0.0090635363012552,-0.0192837677896022,0.0101796444505453,0.0179472621530294,0.0137378238141536,0.0296969562768936,0.0257584875490484,0.0397796587855907,0.0349170363298925,0.0759974544225405,0.0114482400973807,0.0828553376630709,0.0978821439089079,0.0565920306280296,0.0165999379341976,0.0572495421925256,-0.0343445056243993,-0.0471116209115336,2019-02-20,2019-02-21,2019-02-22,2019-02-25,2019-02-26,2019-02-27,2019-02-28,2019-03-01,2019-03-04,2019-03-05,50550.0,2019-02-19,252.0,2.8252%,-0.0008,1.2431,0.9407,0.8187,2.1370%,2.4849%,26.0426%,0.020728,TPC,50550.0,2019-02-20,252.0,1.3738%,-0.0007,1.247,0.961,0.8359,2.1309%,2.4831%,26.3545%,0.004703,TPC,50550.0,2019-02-21,252.0,1.1858%,-0.0006,1.2411,0.9532,0.8248,2.1343%,2.4820%,26.0507%,0.018967,TPC,50550.0,2019-02-22,252.0,0.8929%,-0.0006,1.2399,0.9537,0.8116,2.1349%,2.4825%,26.0389%,0.007644,TPC,50550.0,2019-02-25,252.0,0.0553%,-0.0006,1.2411,0.9533,0.8157,2.1341%,2.4821%,26.0724%,0.002534,TPC,50550.0,2019-02-26,252.0,-2.3217%,-0.0006,1.2478,0.9634,0.8258,2.1349%,2.4857%,26.2323%,-0.012539,TPC,50550.0,2019-02-27,252.0,-0.8489%,-0.0006,1.2521,0.9529,0.8265,2.1349%,2.4862%,26.2639%,-0.010551,TPC,50550.0,2019-02-28,252.0,7.4201%,-0.0003,1.2296,0.9401,0.7914,2.1929%,2.5241%,24.5203%,0.079858,TPC,50550.0,2019-03-01,252.0,2.2317%,-0.0007,1.3092,1.0587,0.9081,2.0441%,2.4385%,29.7344%,0.0138129999999999,TPC,50550.0,2019-03-04,252.0,-0.5717%,-0.0004,1.2736,1.1748,0.9178,1.9873%,2.3856%,30.6056%,0.001694,TPC,50550.0,2019-03-05,252.0,0.2614%,-0.0002,1.2784,1.2193,0.9172,1.9797%,2.3846%,31.0756%,0.0105339999999999,TPC,0.025431,0.044398,0.052042,0.042037,0.1373849999999999
21227,TARGA RESOURCES CORP,Targa Resources shares are trading higher after the company announced sale of a 45% interest in its Bakken Assets for $1.6 billion.,6,increase,0.8,0.6,"the sale of a significant interest in bakken assets for $1.6 billion is likely to be viewed positively by investors, suggesting improved liquidity and potential for reinvestment.",2,2019-02-19,TRGP,2019-02-19 14:44:00+00:00,12476.0,87612G10,0.0522962249815464,5120687.0,-0.0626435577869415,0.009090906009078,-0.0637113079428672,0.0153084266930818,-0.0035688250791281,0.0181067399680614,-0.0124164381995797,0.0265882611274719,-0.0249032583087682,-0.0039840210229158,0.0114058777689933,-0.001170483417809,-0.0134836779907345,-0.0246574897319078,0.0367793105542659,-0.0027322161477059,-0.0035954343620687,-0.0056599504314363,-0.0093817515298724,0.0128410356119275,-0.0218553058803081,0.0139502976089716,-0.0047169472090899,-0.0039370539598166,-0.0172112397849559,0.0098488433286547,0.023857831954956,0.0282619129866361,0.0064451741054654,-0.0021151623222976,0.0044335052371025,0.0312651731073856,-0.0049042901955544,-0.0002423585247015,-0.013307069428265,-0.0234263576567173,0.0177322439849376,-0.0285057853907346,-0.0034355679526925,0.0177818965166807,0.0238857716321945,-0.0021013342775404,0.0103414254263043,0.0065805544145405,-0.0304689072072506,0.0155130708590149,-0.0049104043282568,-0.0042775734327733,0.0111029054969549,-0.0175110902637243,-0.0048804483376443,-0.0219227913767099,0.0051496545784175,0.0255269352346658,0.0136618083342909,0.0409556366503238,0.0199759770184755,0.0411167219281196,-0.0030675097368657,0.0543217211961746,-0.0397633202373981,0.0171474479138851,-0.0076411478221416,0.0199889279901981,0.0131644960492849,0.0288489628583192,-0.011277250945568,-0.0129687869921326,-0.0084304520860314,-0.0271529871970415,-0.0172543730586767,0.0688947066664695,0.0022900803014636,-0.0582551211118698,0.018278781324625,-0.0503408014774322,-0.0037397537380456,-0.0233034528791904,-0.0087587209418416,-0.0005119134439155,-0.0060591180808842,-0.0435740239918232,-0.0007619705284014,-0.0322198681533336,0.0414336808025836,-0.0456703715026378,-0.001464519649744,0.0179516393691301,-0.0056220861151814,0.0197136849164962,-0.0110619654878974,-0.0076850960031151,0.009694242849946,-0.0361391827464103,0.0231413710862398,0.0208524260669946,-0.0120307942852377,-0.0340858995914459,-0.0069739124737679,-0.0308880023658275,-0.0132931722328066,0.0445887930691242,0.0134722618386149,-0.0128289768472313,0.0020065670832991,0.0062318891286849,0.0212765578180551,-0.0039902529679238,-0.0333333499729633,0.0019991148728877,-0.02256590873003,0.0139639396220445,0.0487678609788417,-0.0345727354288101,0.0002472995547577,0.0254181325435638,0.0197824705392122,-0.0507936812937259,0.0169737376272678,-0.0052631581202149,-0.0626435577869415,0.009090906009078,-0.1223637627290081,0.0245385001703735,-0.1254958929429325,0.0430895523802261,-0.1578617156017587,0.0665573064831406,-0.1401127402216938,0.043567935716714,-0.1177698769227827,0.2434868466530604,-0.1043940380735074,-0.0217031116341158,2019-02-20,2019-02-21,2019-02-22,2019-02-25,2019-02-26,2019-02-27,2019-02-28,2019-03-01,2019-03-04,2019-03-05,12476.0,2019-02-19,252.0,5.2296%,0.0003,1.212,0.5192,0.6549,1.6055%,2.0024%,35.7148%,0.0466899999999999,TRGP,12476.0,2019-02-20,252.0,-6.2644%,0.0002,1.1965,0.5035,0.6048,1.6432%,2.0264%,34.2398%,-0.06979,TRGP,12476.0,2019-02-21,252.0,-6.3711%,-0.0001,1.2125,0.5233,0.6345,1.6824%,2.0660%,33.6857%,-0.057641,TRGP,12476.0,2019-02-22,252.0,-0.3569%,0.0,1.2121,0.5515,0.6555,1.6771%,2.0618%,33.8331%,-0.005101,TRGP,12476.0,2019-02-25,252.0,-1.2416%,0.0,1.2104,0.5556,0.6516,1.6762%,2.0606%,33.8238%,-0.0117209999999999,TRGP,12476.0,2019-02-26,252.0,-2.4903%,-0.0001,1.2102,0.58,0.6638,1.6793%,2.0619%,33.6698%,-0.01736,TRGP,12476.0,2019-02-27,252.0,1.1406%,-0.0,1.2128,0.5782,0.6643,1.6801%,2.0629%,33.6726%,0.009911,TRGP,12476.0,2019-02-28,252.0,-1.3484%,-0.0,1.2087,0.5752,0.6633,1.6795%,2.0578%,33.3865%,-0.008279,TRGP,12476.0,2019-03-01,252.0,3.6779%,0.0001,1.2088,0.5752,0.6499,1.6882%,2.0633%,33.0522%,0.028971,TRGP,12476.0,2019-03-04,252.0,-0.3595%,0.0001,1.2194,0.5379,0.6476,1.6818%,2.0614%,33.4409%,0.002366,TRGP,12476.0,2019-03-05,252.0,-0.9382%,0.0001,1.2209,0.547,0.6502,1.6818%,2.0617%,33.4529%,-0.004177,TRGP,-0.0231,-0.080741,-0.085842,-0.114923,-0.086131
21235,TARGA RESOURCES CORP,Targa Resources Corp. Sells 45% Interest In Bakken Assets For $1.6B,6,decrease,0.7,0.6,"selling a significant interest in bakken assets for $1.6b may indicate a strategic retreat or a need for liquidity, which could negatively impact investor sentiment and stock price.",0,2019-02-19,TRGP,2019-02-19 11:21:00+00:00,12476.0,87612G10,0.0522962249815464,5120687.0,-0.0626435577869415,0.009090906009078,-0.0637113079428672,0.0153084266930818,-0.0035688250791281,0.0181067399680614,-0.0124164381995797,0.0265882611274719,-0.0249032583087682,-0.0039840210229158,0.0114058777689933,-0.001170483417809,-0.0134836779907345,-0.0246574897319078,0.0367793105542659,-0.0027322161477059,-0.0035954343620687,-0.0056599504314363,-0.0093817515298724,0.0128410356119275,-0.0218553058803081,0.0139502976089716,-0.0047169472090899,-0.0039370539598166,-0.0172112397849559,0.0098488433286547,0.023857831954956,0.0282619129866361,0.0064451741054654,-0.0021151623222976,0.0044335052371025,0.0312651731073856,-0.0049042901955544,-0.0002423585247015,-0.013307069428265,-0.0234263576567173,0.0177322439849376,-0.0285057853907346,-0.0034355679526925,0.0177818965166807,0.0238857716321945,-0.0021013342775404,0.0103414254263043,0.0065805544145405,-0.0304689072072506,0.0155130708590149,-0.0049104043282568,-0.0042775734327733,0.0111029054969549,-0.0175110902637243,-0.0048804483376443,-0.0219227913767099,0.0051496545784175,0.0255269352346658,0.0136618083342909,0.0409556366503238,0.0199759770184755,0.0411167219281196,-0.0030675097368657,0.0543217211961746,-0.0397633202373981,0.0171474479138851,-0.0076411478221416,0.0199889279901981,0.0131644960492849,0.0288489628583192,-0.011277250945568,-0.0129687869921326,-0.0084304520860314,-0.0271529871970415,-0.0172543730586767,0.0688947066664695,0.0022900803014636,-0.0582551211118698,0.018278781324625,-0.0503408014774322,-0.0037397537380456,-0.0233034528791904,-0.0087587209418416,-0.0005119134439155,-0.0060591180808842,-0.0435740239918232,-0.0007619705284014,-0.0322198681533336,0.0414336808025836,-0.0456703715026378,-0.001464519649744,0.0179516393691301,-0.0056220861151814,0.0197136849164962,-0.0110619654878974,-0.0076850960031151,0.009694242849946,-0.0361391827464103,0.0231413710862398,0.0208524260669946,-0.0120307942852377,-0.0340858995914459,-0.0069739124737679,-0.0308880023658275,-0.0132931722328066,0.0445887930691242,0.0134722618386149,-0.0128289768472313,0.0020065670832991,0.0062318891286849,0.0212765578180551,-0.0039902529679238,-0.0333333499729633,0.0019991148728877,-0.02256590873003,0.0139639396220445,0.0487678609788417,-0.0345727354288101,0.0002472995547577,0.0254181325435638,0.0197824705392122,-0.0507936812937259,0.0169737376272678,-0.0052631581202149,-0.0626435577869415,0.009090906009078,-0.1223637627290081,0.0245385001703735,-0.1254958929429325,0.0430895523802261,-0.1578617156017587,0.0665573064831406,-0.1401127402216938,0.043567935716714,-0.1177698769227827,0.2434868466530604,-0.1043940380735074,-0.0217031116341158,2019-02-20,2019-02-21,2019-02-22,2019-02-25,2019-02-26,2019-02-27,2019-02-28,2019-03-01,2019-03-04,2019-03-05,12476.0,2019-02-19,252.0,5.2296%,0.0003,1.212,0.5192,0.6549,1.6055%,2.0024%,35.7148%,0.0466899999999999,TRGP,12476.0,2019-02-20,252.0,-6.2644%,0.0002,1.1965,0.5035,0.6048,1.6432%,2.0264%,34.2398%,-0.06979,TRGP,12476.0,2019-02-21,252.0,-6.3711%,-0.0001,1.2125,0.5233,0.6345,1.6824%,2.0660%,33.6857%,-0.057641,TRGP,12476.0,2019-02-22,252.0,-0.3569%,0.0,1.2121,0.5515,0.6555,1.6771%,2.0618%,33.8331%,-0.005101,TRGP,12476.0,2019-02-25,252.0,-1.2416%,0.0,1.2104,0.5556,0.6516,1.6762%,2.0606%,33.8238%,-0.0117209999999999,TRGP,12476.0,2019-02-26,252.0,-2.4903%,-0.0001,1.2102,0.58,0.6638,1.6793%,2.0619%,33.6698%,-0.01736,TRGP,12476.0,2019-02-27,252.0,1.1406%,-0.0,1.2128,0.5782,0.6643,1.6801%,2.0629%,33.6726%,0.009911,TRGP,12476.0,2019-02-28,252.0,-1.3484%,-0.0,1.2087,0.5752,0.6633,1.6795%,2.0578%,33.3865%,-0.008279,TRGP,12476.0,2019-03-01,252.0,3.6779%,0.0001,1.2088,0.5752,0.6499,1.6882%,2.0633%,33.0522%,0.028971,TRGP,12476.0,2019-03-04,252.0,-0.3595%,0.0001,1.2194,0.5379,0.6476,1.6818%,2.0614%,33.4409%,0.002366,TRGP,12476.0,2019-03-05,252.0,-0.9382%,0.0001,1.2209,0.547,0.6502,1.6818%,2.0617%,33.4529%,-0.004177,TRGP,-0.0231,-0.080741,-0.085842,-0.114923,-0.086131
21243,T ROWE PRICE GROUP INC,"Barclays Maintains Underweight on T. Rowe Price Group, Raises Price Target to $88",6,decrease,0.7,0.5,"maintaining an 'underweight' rating typically suggests a negative outlook, which could lead to a decrease in stock price despite the raised price target.",0,2019-02-19,TROW,2019-02-19 13:57:00+00:00,10138.0,74144T10,-0.0018446433823555,1552821.0,0.0080082006752491,0.0024656411260366,-0.0110002225264906,-0.0080505544319748,0.0097837755456566,0.010711720213294,0.0006119077443145,0.0476961061358451,0.0040770717896521,0.0031392176169902,0.0175616256892681,-0.0145082212984561,0.001895475317724,-0.0050944951362907,0.0023897029459476,-0.004016884136945,-0.0112247671931982,-0.0059892791323363,-0.0073337689973413,0.010833740234375,-0.0075903250835835,0.0073828636668622,-0.0182541403919458,0.0472882278263568,0.005920844618231,-0.0378436893224716,0.0232342015951871,-0.0179989095777273,0.0135230999439954,-0.0010577059583738,0.009160591289401,0.0073514003306627,0.0008880298119038,0.0025635319761931,0.0174811501055955,-0.0089975493028759,0.0040023038163781,-0.0221509095281362,-0.0020417994819581,0.0197382606565952,-0.0173421557992696,-0.0055631236173212,0.0143763329833746,0.0271697752177715,-0.0346984229981899,0.0171071123331785,-0.0054678097367286,0.0104155391454696,0.0170026291161775,-0.0221042465418577,-0.0080088404938578,-0.0038855974562466,0.0,0.0035745431669056,0.010394656099379,0.0051170522347092,0.0317618884146213,-0.0014134037774056,-0.0002904782886616,0.0356942452490329,0.00029056268977,-0.0329921469092369,-0.0028073659632354,-0.0051993429660797,0.0138821499422192,0.0107291806489229,0.0005744691588915,0.0003285377169959,-0.0065071801654994,0.0185164082795381,0.0022154049947857,0.0553267188370227,0.0067275054752826,-0.0210878290235996,0.0109785348176956,-0.0059565207920968,-0.0089707700535655,-0.0125551475211978,0.0164840724319219,-0.0263215787708759,-0.0055305957794189,-0.0025265926960855,-0.0017908833688125,-0.0102207502350211,0.0055712591856718,-0.0138323064893484,0.0094844792038202,-0.0006381038110703,0.0210232753306627,0.0216233599931001,-0.0191326383501291,-0.0045429766178131,0.0036225095391273,-0.0088979611173272,-0.0071263695135712,-0.0166561435908079,0.0020507199224084,-0.0043035168200731,-0.0133023280650377,-0.0432818345725536,-0.0076364437118172,0.0022141828667372,0.0152004407718777,0.0152242546901106,-0.010481028817594,-0.0047792717814445,-0.0230754204094409,0.0365763008594512,-0.0030010181944817,-0.011358861811459,-0.0014564669691026,0.0138404387980699,0.0267405696213245,0.0014813182642683,-0.0422388426959514,0.0272826310247182,0.0204687006771564,-0.0311710108071565,0.0073643620125949,-0.0094920583069324,0.0080082006752491,0.0024656411260366,-0.0030801138407061,-0.0056047630840331,0.0066735265624779,0.005046920475243,0.011396309566777,0.0562892901886493,0.0144763447068065,0.0364312287755141,0.0682704915556764,0.0987501926738765,0.075408179983148,0.0254764231523323,2019-02-20,2019-02-21,2019-02-22,2019-02-25,2019-02-26,2019-02-27,2019-02-28,2019-03-01,2019-03-04,2019-03-05,10138.0,2019-02-19,252.0,-0.1845%,-0.0003,1.2932,-0.0311,0.3964,0.9741%,1.6153%,63.6351%,-0.005526,TROW,10138.0,2019-02-20,252.0,0.8008%,-0.0003,1.2934,-0.0339,0.3965,0.9731%,1.6152%,63.7036%,0.003339,TROW,10138.0,2019-02-21,252.0,-1.1000%,-0.0004,1.296,-0.0298,0.4013,0.9733%,1.6163%,63.7379%,-0.0054259999999999,TROW,10138.0,2019-02-22,252.0,0.9784%,-0.0004,1.2952,-0.0356,0.3861,0.9739%,1.6176%,63.7528%,0.0073219999999999,TROW,10138.0,2019-02-25,252.0,0.0612%,-0.0004,1.2959,-0.0346,0.3892,0.9731%,1.6173%,63.7974%,-0.000828,TROW,10138.0,2019-02-26,252.0,0.4077%,-0.0003,1.2957,-0.0448,0.3839,0.9742%,1.6139%,63.5649%,0.007113,TROW,10138.0,2019-02-27,252.0,1.7562%,-0.0003,1.295,-0.0387,0.3838,0.9800%,1.6143%,63.1436%,0.016841,TROW,10138.0,2019-02-28,252.0,0.1895%,-0.0003,1.294,-0.0391,0.3815,0.9810%,1.6115%,62.9413%,0.006777,TROW,10138.0,2019-03-01,252.0,0.2390%,-0.0003,1.2998,-0.0306,0.3928,0.9790%,1.6114%,63.0918%,-0.0053779999999999,TROW,10138.0,2019-03-04,252.0,-1.1225%,-0.0003,1.3004,-0.0274,0.3914,0.9797%,1.6097%,62.9620%,-0.00621,TROW,10138.0,2019-03-05,252.0,-0.7334%,-0.0003,1.3021,-0.0173,0.394,0.9796%,1.6103%,62.9923%,-0.004359,TROW,-0.0021869999999999,-0.0076129999999999,-0.0002909999999999,0.005994,0.0136649999999999
21251,T C ENERGY CORP,TransCanada Shares Rebound From Session Low Over Last Few Mins.; Co. Has Restarted Its Keystone Pipeline Steele-City Patoka Leg,6,increase,0.75,0.6,the news of the keystone pipeline's restart is likely to boost investor confidence and positively impact t c energy corp's stock price due to the importance of the pipeline for its operations.,2,2019-02-19,TRP,2019-02-19 16:21:00+00:00,67774.0,87807B10,0.006071978714317,1134123.0,0.0227483641356229,0.0080037703737616,0.0083976155146956,0.0111878421157598,0.0054017072543501,0.0059865904040634,-0.0004476526519283,0.0168005507439374,0.0073907729238271,-0.0127403559163212,-0.0042240689508616,-0.0121111879125237,-0.0015628420514985,-0.0091764563694596,-0.0004472374275792,-0.0053826244547963,0.0029083013068884,0.0047025810927152,0.0011153074447065,0.0051996549591422,0.0004456429742276,-0.0049388306215405,-0.0044543598778545,0.0042513064108788,0.0,0.0028422295581549,0.0055928411893546,0.013928959146142,0.0064516332931816,-0.0050178994424641,0.0006631029536947,0.0133171733468771,-0.0028716824017465,0.0041331914253532,0.0004430761619005,-0.0077201374806463,0.0126217827200889,-0.0048019387759268,-0.0034987940452992,0.005552954506129,0.0041693793609738,0.0048519396223127,-0.0083041358739137,0.0019446240039542,0.0008813816821202,0.0130509426817297,0.0002202143659815,-0.0002461428230162,0.001540825353004,-0.0004921372747048,-0.0048351916484534,0.0167625248432159,0.0021974579431116,0.004523757379502,0.0026773524004966,0.0171268414705991,0.0200267359614372,0.0163678154349327,-0.001308930455707,0.0283195655792951,0.0008737639873288,0.0086230039596557,-0.0032737129367887,0.0394957922399044,0.0065689305774867,-0.0025146731641143,0.0067434753291308,0.0037818322889506,-0.0066983052529394,-0.005226922687143,0.0060909022577106,0.0248096194118261,0.0025945715606212,-0.0350924134254455,0.0040975296869874,-0.0205169320106506,-0.0025773784145712,-0.0289780776947736,0.0015073147369548,0.0141695328056812,0.0049452455714344,-0.0223191101104021,0.0006418224074877,-0.0264735594391822,0.0162496957927942,-0.003236177843064,0.0002104383893311,0.0070192725397646,0.0039966055192053,0.0108971185982227,-0.0031426297500729,0.0025406116619706,0.0046237367205321,-0.0223546382039785,-0.0020920182578265,-0.0022304870653897,0.001257810392417,-0.0272420700639486,-0.0067001613788306,-0.0097875352948904,-0.0096964398398995,0.0237048212438821,-0.0070242234505712,0.0,0.0060021174140274,0.0174042005091905,-0.0066056121140718,-0.0009934699628502,0.0045045670121908,0.0017417193157598,0.0006405888707377,0.0123425154015421,0.0012803575955331,-0.0257668532431125,-0.0031968823168426,0.0071675959043204,0.0124010695144534,0.0017330946866422,0.0082366047427058,0.0107607683166861,0.0227483641356229,0.0080037703737616,0.0313370116659179,0.0192811574087938,0.0369079922835136,0.02538317620478,0.0441039385756729,0.0293269535352123,0.0417827114374589,0.0120538481656062,0.0759396644993872,0.1440021213536697,0.1220044292617936,0.0867439546540902,2019-02-20,2019-02-21,2019-02-22,2019-02-25,2019-02-26,2019-02-27,2019-02-28,2019-03-01,2019-03-04,2019-03-05,67774.0,2019-02-19,252.0,0.6072%,0.0001,0.589,0.3948,0.4228,1.1913%,1.3295%,19.7058%,0.002554,TRP,67774.0,2019-02-20,252.0,2.2748%,0.0001,0.593,0.3985,0.4356,1.1945%,1.3341%,19.8348%,0.018335,TRP,67774.0,2019-02-21,252.0,0.8398%,0.0002,0.5866,0.388,0.4237,1.1950%,1.3311%,19.4093%,0.011772,TRP,67774.0,2019-02-22,252.0,0.5402%,0.0002,0.5861,0.3811,0.4118,1.1949%,1.3307%,19.3722%,0.005584,TRP,67774.0,2019-02-25,252.0,-0.0448%,0.0002,0.586,0.3808,0.411,1.1948%,1.3306%,19.3630%,0.000305,TRP,67774.0,2019-02-26,252.0,0.7391%,0.0002,0.5779,0.3722,0.4006,1.1957%,1.3273%,18.8537%,0.012022,TRP,67774.0,2019-02-27,252.0,-0.4224%,0.0002,0.5798,0.3673,0.4009,1.1958%,1.3276%,18.8746%,-0.005071,TRP,67774.0,2019-02-28,252.0,-0.1563%,0.0003,0.5708,0.3611,0.3942,1.1913%,1.3189%,18.4165%,0.001063,TRP,67774.0,2019-03-01,252.0,-0.0447%,0.0004,0.5525,0.3339,0.3679,1.1777%,1.2974%,17.6013%,-0.004118,TRP,67774.0,2019-03-04,252.0,0.2908%,0.0003,0.5577,0.3119,0.3676,1.1755%,1.2963%,17.7598%,0.005592,TRP,67774.0,2019-03-05,252.0,0.1115%,0.0004,0.5586,0.3213,0.367,1.1750%,1.2963%,17.8362%,0.003822,TRP,0.020889,0.032661,0.038245,0.050572,0.0518599999999999
21259,TOWER SEMICONDUCTOR LTD,"Tower Semiconductor shares are trading higher after the company provided strong Q1 sales guidance, offsetting weak earnings.",6,increase,0.8,0.6,"the strong q1 sales guidance suggests positive future performance, which is likely to boost investor confidence despite the weak earnings.",2,2019-02-19,TSEM,2019-02-19 16:06:00+00:00,81013.0,M8791527,0.1268563866615295,3476511.0,0.0098846964538097,0.0087390374392271,-0.0032626139000058,0.008816142566502,0.020730996504426,-0.0197531264275312,-0.0074825971387326,0.0325048565864563,-0.0091545544564723,0.0057691792026162,0.0021739627700299,-0.0044671152718365,-0.0276572778820991,-0.0063411779701709,0.0066926339641213,0.0655405595898628,-0.0166204571723938,0.0143934227526187,-0.0146479001268744,-0.0074829701334238,-0.0365923047065734,-0.0127602769061923,-0.026706276461482,0.0047233905643224,0.0103658586740493,0.023480674251914,0.0307785291224718,-0.0122783295810222,-0.0111241526901722,-0.0061017051339149,0.0,0.0172413792461156,-0.0183540247380733,0.0364546291530132,-0.0120627721771597,0.010108258575201,0.0164835453033447,-0.0232722088694572,0.0180180873721838,0.0071022999472916,-0.0253687482327222,-0.022222202271223,0.026029072701931,-0.0103093171492219,-0.0112094702199101,-0.0068258997052907,-0.0131264505907893,-0.0180965457111597,0.0326480641961097,0.0074273906648159,-0.0111241526901722,0.0143835637718439,-0.0296033173799514,0.0075914845801889,0.0103721832856535,-0.004807736724615,0.0320048741996288,0.0048309625126421,0.0134581355378031,0.0313166938722133,0.031177882105112,-0.0551445670425891,0.0044792788103222,0.0088195465505123,0.0011147463228553,-0.0160213466733694,-0.0005566994659602,0.0309703927487134,-0.0100278714671731,0.0013783255126327,0.0078784124925732,0.0676968395709991,-0.01005026884377,-0.0402542166411876,0.0157924816012382,-0.0090972790494561,0.0005552597576752,0.0049226228147745,0.0022197007201612,-0.0280245970934629,-0.0083056269213557,0.0061898315325379,-0.0134003227576613,-0.0293724704533815,-0.0135823301970958,-0.0013333638198673,0.0160641875118017,-0.0328820273280143,0.0203275345265865,0.0097656622529029,-0.0204758681356906,-0.0045366589911282,-0.0022599387448281,-0.01969501003623,0.0254813563078641,-0.0006349351606331,-0.0077306069433689,-0.0112994536757469,0.0155815631151199,-0.0321992002427578,0.0054794731549918,0.044416170567274,0.0228882879018783,0.0012706770794466,-0.0154502345249056,0.0031867553479969,-0.0113635873422026,0.0356435626745224,-0.0021894315723329,0.017461335286498,-0.0032912488095462,0.0163823030889034,-0.007704974617809,-0.0101351737976074,-0.0676650702953338,0.024930790066719,0.0214158613234758,0.0048712384887039,0.0390215553343296,-0.0303643606603145,0.0098846964538097,0.0087390374392271,0.0065898326057562,0.0176322246056874,0.027457442906897,-0.0024691933836785,0.0104338583451433,0.035897399713255,-0.0395386781143762,0.0993197324915922,-0.0488742133455954,0.1501779085052361,-0.0203184483024454,0.0904183573732353,2019-02-20,2019-02-21,2019-02-22,2019-02-25,2019-02-26,2019-02-27,2019-02-28,2019-03-01,2019-03-04,2019-03-05,81013.0,2019-02-19,252.0,12.6856%,-0.0024,1.1725,0.205,-0.5197,2.5867%,2.9491%,23.0663%,0.126067,TSEM,81013.0,2019-02-20,252.0,0.9885%,-0.0024,1.176,0.213,-0.5072,2.5879%,2.9500%,23.0459%,0.0099639999999999,TSEM,81013.0,2019-02-21,252.0,-0.3263%,-0.0025,1.1851,0.232,-0.4906,2.5824%,2.9475%,23.2381%,-2.8999999999999997e-05,TSEM,81013.0,2019-02-22,252.0,2.0731%,-0.0024,1.1841,0.2356,-0.5002,2.5828%,2.9507%,23.3838%,0.00444,TSEM,81013.0,2019-02-25,252.0,-0.7483%,-0.0021,1.1722,0.2274,-0.5484,2.5020%,2.8828%,24.6711%,-0.009647,TSEM,81013.0,2019-02-26,252.0,-0.9155%,-0.002,1.1874,0.2206,-0.5405,2.4979%,2.8830%,24.9285%,-0.007733,TSEM,81013.0,2019-02-27,252.0,0.2174%,-0.002,1.186,0.2238,-0.5407,2.4978%,2.8814%,24.8499%,-6.2e-05,TSEM,81013.0,2019-02-28,252.0,-2.7657%,-0.002,1.1841,0.2217,-0.5365,2.5010%,2.8806%,24.6202%,-0.025477,TSEM,81013.0,2019-03-01,252.0,0.6693%,-0.0021,1.1832,0.2204,-0.5367,2.5011%,2.8799%,24.5759%,-0.004712,TSEM,81013.0,2019-03-04,252.0,-1.6620%,-0.002,1.1803,0.235,-0.5371,2.5008%,2.8787%,24.5298%,-0.0075829999999999,TSEM,81013.0,2019-03-05,252.0,-1.4648%,-0.0022,1.178,0.2099,-0.5346,2.4991%,2.8730%,24.3361%,-0.013292,TSEM,0.136031,0.136002,0.140442,0.123062,0.071936
21267,TOWER SEMICONDUCTOR LTD,Tower Semiconductor Sees Q1 Sales $294.50M-$325.50M vs $313.05M Est.,6,uncertain,0.6,0.2,"the sales forecast range is below the estimate, which could lead to mixed reactions from investors, making the stock price movement uncertain.",1,2019-02-19,TSEM,2019-02-19 12:58:00+00:00,81013.0,M8791527,0.1268563866615295,3476511.0,0.0098846964538097,0.0087390374392271,-0.0032626139000058,0.008816142566502,0.020730996504426,-0.0197531264275312,-0.0074825971387326,0.0325048565864563,-0.0091545544564723,0.0057691792026162,0.0021739627700299,-0.0044671152718365,-0.0276572778820991,-0.0063411779701709,0.0066926339641213,0.0655405595898628,-0.0166204571723938,0.0143934227526187,-0.0146479001268744,-0.0074829701334238,-0.0365923047065734,-0.0127602769061923,-0.026706276461482,0.0047233905643224,0.0103658586740493,0.023480674251914,0.0307785291224718,-0.0122783295810222,-0.0111241526901722,-0.0061017051339149,0.0,0.0172413792461156,-0.0183540247380733,0.0364546291530132,-0.0120627721771597,0.010108258575201,0.0164835453033447,-0.0232722088694572,0.0180180873721838,0.0071022999472916,-0.0253687482327222,-0.022222202271223,0.026029072701931,-0.0103093171492219,-0.0112094702199101,-0.0068258997052907,-0.0131264505907893,-0.0180965457111597,0.0326480641961097,0.0074273906648159,-0.0111241526901722,0.0143835637718439,-0.0296033173799514,0.0075914845801889,0.0103721832856535,-0.004807736724615,0.0320048741996288,0.0048309625126421,0.0134581355378031,0.0313166938722133,0.031177882105112,-0.0551445670425891,0.0044792788103222,0.0088195465505123,0.0011147463228553,-0.0160213466733694,-0.0005566994659602,0.0309703927487134,-0.0100278714671731,0.0013783255126327,0.0078784124925732,0.0676968395709991,-0.01005026884377,-0.0402542166411876,0.0157924816012382,-0.0090972790494561,0.0005552597576752,0.0049226228147745,0.0022197007201612,-0.0280245970934629,-0.0083056269213557,0.0061898315325379,-0.0134003227576613,-0.0293724704533815,-0.0135823301970958,-0.0013333638198673,0.0160641875118017,-0.0328820273280143,0.0203275345265865,0.0097656622529029,-0.0204758681356906,-0.0045366589911282,-0.0022599387448281,-0.01969501003623,0.0254813563078641,-0.0006349351606331,-0.0077306069433689,-0.0112994536757469,0.0155815631151199,-0.0321992002427578,0.0054794731549918,0.044416170567274,0.0228882879018783,0.0012706770794466,-0.0154502345249056,0.0031867553479969,-0.0113635873422026,0.0356435626745224,-0.0021894315723329,0.017461335286498,-0.0032912488095462,0.0163823030889034,-0.007704974617809,-0.0101351737976074,-0.0676650702953338,0.024930790066719,0.0214158613234758,0.0048712384887039,0.0390215553343296,-0.0303643606603145,0.0098846964538097,0.0087390374392271,0.0065898326057562,0.0176322246056874,0.027457442906897,-0.0024691933836785,0.0104338583451433,0.035897399713255,-0.0395386781143762,0.0993197324915922,-0.0488742133455954,0.1501779085052361,-0.0203184483024454,0.0904183573732353,2019-02-20,2019-02-21,2019-02-22,2019-02-25,2019-02-26,2019-02-27,2019-02-28,2019-03-01,2019-03-04,2019-03-05,81013.0,2019-02-19,252.0,12.6856%,-0.0024,1.1725,0.205,-0.5197,2.5867%,2.9491%,23.0663%,0.126067,TSEM,81013.0,2019-02-20,252.0,0.9885%,-0.0024,1.176,0.213,-0.5072,2.5879%,2.9500%,23.0459%,0.0099639999999999,TSEM,81013.0,2019-02-21,252.0,-0.3263%,-0.0025,1.1851,0.232,-0.4906,2.5824%,2.9475%,23.2381%,-2.8999999999999997e-05,TSEM,81013.0,2019-02-22,252.0,2.0731%,-0.0024,1.1841,0.2356,-0.5002,2.5828%,2.9507%,23.3838%,0.00444,TSEM,81013.0,2019-02-25,252.0,-0.7483%,-0.0021,1.1722,0.2274,-0.5484,2.5020%,2.8828%,24.6711%,-0.009647,TSEM,81013.0,2019-02-26,252.0,-0.9155%,-0.002,1.1874,0.2206,-0.5405,2.4979%,2.8830%,24.9285%,-0.007733,TSEM,81013.0,2019-02-27,252.0,0.2174%,-0.002,1.186,0.2238,-0.5407,2.4978%,2.8814%,24.8499%,-6.2e-05,TSEM,81013.0,2019-02-28,252.0,-2.7657%,-0.002,1.1841,0.2217,-0.5365,2.5010%,2.8806%,24.6202%,-0.025477,TSEM,81013.0,2019-03-01,252.0,0.6693%,-0.0021,1.1832,0.2204,-0.5367,2.5011%,2.8799%,24.5759%,-0.004712,TSEM,81013.0,2019-03-04,252.0,-1.6620%,-0.002,1.1803,0.235,-0.5371,2.5008%,2.8787%,24.5298%,-0.0075829999999999,TSEM,81013.0,2019-03-05,252.0,-1.4648%,-0.0022,1.178,0.2099,-0.5346,2.4991%,2.8730%,24.3361%,-0.013292,TSEM,0.136031,0.136002,0.140442,0.123062,0.071936
21275,TOWER SEMICONDUCTOR LTD,"Tower Semiconductor Earlier Reported Q4 EPS $0.41 Misses $0.44 Estimate, Sales $333.59M Miss $340.14M Estimate",6,decrease,0.8,0.7,"the company's earnings and sales both missed analyst estimates, which typically leads to a negative reaction in stock prices.",0,2019-02-19,TSEM,2019-02-19 12:56:00+00:00,81013.0,M8791527,0.1268563866615295,3476511.0,0.0098846964538097,0.0087390374392271,-0.0032626139000058,0.008816142566502,0.020730996504426,-0.0197531264275312,-0.0074825971387326,0.0325048565864563,-0.0091545544564723,0.0057691792026162,0.0021739627700299,-0.0044671152718365,-0.0276572778820991,-0.0063411779701709,0.0066926339641213,0.0655405595898628,-0.0166204571723938,0.0143934227526187,-0.0146479001268744,-0.0074829701334238,-0.0365923047065734,-0.0127602769061923,-0.026706276461482,0.0047233905643224,0.0103658586740493,0.023480674251914,0.0307785291224718,-0.0122783295810222,-0.0111241526901722,-0.0061017051339149,0.0,0.0172413792461156,-0.0183540247380733,0.0364546291530132,-0.0120627721771597,0.010108258575201,0.0164835453033447,-0.0232722088694572,0.0180180873721838,0.0071022999472916,-0.0253687482327222,-0.022222202271223,0.026029072701931,-0.0103093171492219,-0.0112094702199101,-0.0068258997052907,-0.0131264505907893,-0.0180965457111597,0.0326480641961097,0.0074273906648159,-0.0111241526901722,0.0143835637718439,-0.0296033173799514,0.0075914845801889,0.0103721832856535,-0.004807736724615,0.0320048741996288,0.0048309625126421,0.0134581355378031,0.0313166938722133,0.031177882105112,-0.0551445670425891,0.0044792788103222,0.0088195465505123,0.0011147463228553,-0.0160213466733694,-0.0005566994659602,0.0309703927487134,-0.0100278714671731,0.0013783255126327,0.0078784124925732,0.0676968395709991,-0.01005026884377,-0.0402542166411876,0.0157924816012382,-0.0090972790494561,0.0005552597576752,0.0049226228147745,0.0022197007201612,-0.0280245970934629,-0.0083056269213557,0.0061898315325379,-0.0134003227576613,-0.0293724704533815,-0.0135823301970958,-0.0013333638198673,0.0160641875118017,-0.0328820273280143,0.0203275345265865,0.0097656622529029,-0.0204758681356906,-0.0045366589911282,-0.0022599387448281,-0.01969501003623,0.0254813563078641,-0.0006349351606331,-0.0077306069433689,-0.0112994536757469,0.0155815631151199,-0.0321992002427578,0.0054794731549918,0.044416170567274,0.0228882879018783,0.0012706770794466,-0.0154502345249056,0.0031867553479969,-0.0113635873422026,0.0356435626745224,-0.0021894315723329,0.017461335286498,-0.0032912488095462,0.0163823030889034,-0.007704974617809,-0.0101351737976074,-0.0676650702953338,0.024930790066719,0.0214158613234758,0.0048712384887039,0.0390215553343296,-0.0303643606603145,0.0098846964538097,0.0087390374392271,0.0065898326057562,0.0176322246056874,0.027457442906897,-0.0024691933836785,0.0104338583451433,0.035897399713255,-0.0395386781143762,0.0993197324915922,-0.0488742133455954,0.1501779085052361,-0.0203184483024454,0.0904183573732353,2019-02-20,2019-02-21,2019-02-22,2019-02-25,2019-02-26,2019-02-27,2019-02-28,2019-03-01,2019-03-04,2019-03-05,81013.0,2019-02-19,252.0,12.6856%,-0.0024,1.1725,0.205,-0.5197,2.5867%,2.9491%,23.0663%,0.126067,TSEM,81013.0,2019-02-20,252.0,0.9885%,-0.0024,1.176,0.213,-0.5072,2.5879%,2.9500%,23.0459%,0.0099639999999999,TSEM,81013.0,2019-02-21,252.0,-0.3263%,-0.0025,1.1851,0.232,-0.4906,2.5824%,2.9475%,23.2381%,-2.8999999999999997e-05,TSEM,81013.0,2019-02-22,252.0,2.0731%,-0.0024,1.1841,0.2356,-0.5002,2.5828%,2.9507%,23.3838%,0.00444,TSEM,81013.0,2019-02-25,252.0,-0.7483%,-0.0021,1.1722,0.2274,-0.5484,2.5020%,2.8828%,24.6711%,-0.009647,TSEM,81013.0,2019-02-26,252.0,-0.9155%,-0.002,1.1874,0.2206,-0.5405,2.4979%,2.8830%,24.9285%,-0.007733,TSEM,81013.0,2019-02-27,252.0,0.2174%,-0.002,1.186,0.2238,-0.5407,2.4978%,2.8814%,24.8499%,-6.2e-05,TSEM,81013.0,2019-02-28,252.0,-2.7657%,-0.002,1.1841,0.2217,-0.5365,2.5010%,2.8806%,24.6202%,-0.025477,TSEM,81013.0,2019-03-01,252.0,0.6693%,-0.0021,1.1832,0.2204,-0.5367,2.5011%,2.8799%,24.5759%,-0.004712,TSEM,81013.0,2019-03-04,252.0,-1.6620%,-0.002,1.1803,0.235,-0.5371,2.5008%,2.8787%,24.5298%,-0.0075829999999999,TSEM,81013.0,2019-03-05,252.0,-1.4648%,-0.0022,1.178,0.2099,-0.5346,2.4991%,2.8730%,24.3361%,-0.013292,TSEM,0.136031,0.136002,0.140442,0.123062,0.071936
21283,TETRA TECH INC,"Tetra Tech Wins $300M Architectural, Engineering Services Contract Via NASA",6,increase,0.8,0.7,"winning a $300m contract from nasa is likely to boost tetra tech's revenue and investor confidence, leading to an increase in stock price.",2,2019-02-19,TTEK,2019-02-19 14:05:00+00:00,77191.0,88162G10,-0.0030560323502868,478846.0,0.018222065642476,0.0255963988602161,-0.0098678730428218,-0.0098275812342762,0.0003378455585334,0.0243730321526527,0.0027017872780561,-0.0019349084468558,-0.0011788429692387,0.0135496221482753,0.0065756090916693,0.0150199392810463,0.0053601288236677,-0.0018063996685668,0.0103298723697662,0.0012660461943596,-0.0110487826168537,0.0074708424508571,-0.0145072992891073,0.0202639922499656,-0.0203045178204774,-0.025366872549057,-0.003281561890617,0.0956918746232986,-0.0058915293775498,0.0362065061926841,0.0203939694911241,-0.0081615531817078,-0.0044414438307285,-0.0614707544445991,0.0094372518360614,0.0036517863627523,-0.0030596684664487,-0.0114003848284483,0.0017050037859007,0.001331805367954,0.0010212999768555,-0.0175700671970844,0.0025505477096885,0.0132575901225209,-0.00508818263188,0.0064811315387487,0.0172178372740745,-0.009066860191524,-0.0306686460971832,0.0072297803126275,0.0067427279427647,-0.0131430150941014,0.0087584089487791,-0.0048580369912087,-0.0042560435831546,0.0124858086928725,0.0140194846317172,0.0076248864643275,0.0047209369949996,0.0353266410529613,0.0080550350248813,-0.0138186626136302,-0.0093224802985787,0.0267785806208849,0.0075617674738168,-0.0220831986516714,-0.0093395188450813,-0.0115897683426737,0.0159932132810354,0.0103434575721621,-0.0046395822428166,-0.0001950892037712,-0.0049941609613597,-0.0019473900320008,0.0259327292442321,0.0462509468197822,-0.0076647298410534,-0.0160384774208068,0.0013147384161129,-0.0409536100924015,0.0022977087646722,-0.0114047192037105,0.0239069778472185,-0.0192020647227764,-0.001119457767345,0.0197718814015388,0.0124880336225032,-0.0359238050878047,-0.003953194245696,0.0071996161714196,0.0115891331806778,-0.0113159837201237,0.0167922116816043,-0.0005472232587635,-0.0155888581648469,0.0187697131186723,0.0064284051768481,-0.0142883090302348,-0.0012463285820558,-0.0179888475686311,0.0095149055123329,0.0057897539809346,-0.0165327508002519,-0.0638550221920013,0.0619009397923946,-0.0314960330724716,0.0068058404140174,0.0018077340209856,-0.0016164673725143,-0.0139091592282056,-0.0079482030123472,0.0063477084040641,0.0020771422423422,-0.0211884956806898,-0.0028131839353591,0.0188281089067459,0.0048998044803738,-0.0170708317309618,-0.0270390342921018,-0.0119797969236969,0.0098709193989634,-0.0314504019916057,0.0075357952155172,0.0024487858172506,0.018222065642476,0.0255963988602161,0.0081743795693163,0.0155172669368361,0.008514986805681,0.0402685019354618,0.010047686862169,0.0523236497491765,0.0064713432021294,0.0973198115725841,0.0134536279629908,0.1795530086975618,0.1410273761345151,-0.0948693390921648,2019-02-20,2019-02-21,2019-02-22,2019-02-25,2019-02-26,2019-02-27,2019-02-28,2019-03-01,2019-03-04,2019-03-05,77191.0,2019-02-19,252.0,-0.3056%,0.0007,0.9773,0.6511,0.0759,1.4004%,1.7719%,37.5332%,-0.007199,TTEK,77191.0,2019-02-20,252.0,1.8222%,0.0008,0.9806,0.6557,0.0867,1.4026%,1.7744%,37.5187%,0.014416,TTEK,77191.0,2019-02-21,252.0,-0.9868%,0.0007,0.9894,0.6723,0.103,1.3973%,1.7743%,37.9825%,-0.005681,TTEK,77191.0,2019-02-22,252.0,0.0338%,0.0006,0.9914,0.6521,0.1086,1.3958%,1.7719%,37.9467%,-0.008377,TTEK,77191.0,2019-02-25,252.0,0.2702%,0.0006,0.9917,0.6512,0.1091,1.3958%,1.7719%,37.9455%,0.003006,TTEK,77191.0,2019-02-26,252.0,-0.1179%,0.0006,0.9928,0.6442,0.1064,1.3959%,1.7710%,37.8734%,0.004835,TTEK,77191.0,2019-02-27,252.0,0.6576%,0.0007,0.9957,0.6401,0.1069,1.3955%,1.7714%,37.9328%,0.004486,TTEK,77191.0,2019-02-28,252.0,0.5360%,0.0007,0.9925,0.6382,0.1027,1.3963%,1.7684%,37.6601%,0.008486,TTEK,77191.0,2019-03-01,252.0,1.0330%,0.0007,0.9934,0.6395,0.1037,1.3963%,1.7675%,37.5937%,0.0016539999999999,TTEK,77191.0,2019-03-04,252.0,-1.1049%,0.0007,0.9962,0.6344,0.102,1.3962%,1.7691%,37.7117%,-0.003819,TTEK,77191.0,2019-03-05,252.0,-1.4507%,0.0007,1.0002,0.6584,0.1091,1.3967%,1.7716%,37.8428%,-0.010692,TTEK,0.007217,0.001536,-0.006841,0.0009999999999999,0.001115
21291,TEXAS ROADHOUSE INC,"Texas Roadhouse Q4 Comps Up 5.6% Year Over Year At Co.-Owned Restaurants, Up 4.8% At Domestic Franchise",6,increase,0.8,0.6,"the positive year-over-year comparable sales growth indicates strong performance, which is likely to boost investor confidence and increase the stock price.",2,2019-02-19,TXRH,2019-02-19 21:04:00+00:00,90427.0,88268110,-0.0003050361701752,1505979.0,-0.0427089594304561,0.0007630558684468,0.0129063315689563,0.014239253476262,-0.0144722070544958,0.0026380843482911,-0.0020750369876623,0.0068750381469726,0.0167946126312017,0.0178116876631975,-0.0072361035272479,-0.0071056489832699,0.0031690818723291,0.0012648510746657,-0.0036329100839793,0.0089328661561012,-0.0147431874647736,0.0145654268562793,-0.0022526660468429,0.0166173446923494,-0.0179002881050109,-0.0009862158913165,-0.0075534135103225,-0.0144176157191395,-0.0104235149919986,-0.005317464005202,-0.0016719994600862,-0.0177271123975515,0.0056942040100693,0.0063714804127812,-0.0003347356978338,-0.0257604531943798,-0.0097103305160999,-0.0089202439412474,0.0094674136489629,-0.0148485358804464,0.0184224136173725,-0.0149253727868199,-0.0055911880917847,0.0090361209586262,-0.0067802187986671,0.010654560290277,0.0154845202341675,-0.0072529972530901,-0.0063945432193577,0.0022717178799211,0.0072607663460075,-0.0141834057867527,0.0052424590103328,0.0411938652396202,-0.0016297635156661,0.0194929223507642,0.0093046613037586,-0.0168277006596326,0.0058223642408847,0.0375040359795093,0.0030551929958164,0.0341023206710815,-0.0012824916047975,0.029958639293909,-0.0030497373081743,-0.0209035370498895,-0.0028980888891965,-0.0063651767559349,0.0146940071135759,0.0075949495658278,-0.0097072022035717,0.0088540855795145,-0.0165514834225177,-0.00474493810907,0.0026143766008317,0.038725521415472,-0.006681874860078,-0.0164473168551921,0.0237900037318468,-0.0354041866958141,-0.0200320500880479,-0.009756906889379,-0.011610840447247,-0.0257773231714963,-0.0215089228004217,0.0198003444820642,0.0120053952559828,-0.0156250186264514,0.0063492241315543,-0.0124085070565342,-0.0086335791274905,-0.0039613372646272,0.0080388467758893,0.0210321824997663,0.0093038938939571,-0.0316465683281421,-0.0019752911757677,0.0050386320799589,0.0075869876891374,-0.0217190366238355,-0.1158946081995964,0.0023159107659012,-0.0301795471459627,-0.0227821692824363,0.0143184419721365,0.0037861578166484,0.029926598072052,-0.0042225727811455,0.0034721971023827,-0.0108890710398554,0.0078310016542673,0.0356866605579853,-0.0166245382279157,0.020495081320405,0.0044101742096245,-0.0162841659039259,0.0045737284235656,0.0046744011342525,0.0009105670615099,0.0053258170373737,-0.0043667736463248,-0.0054525979794561,-0.0164473950862884,0.0164687391370534,-0.0427089594304561,0.0007630558684468,-0.0303538438528743,0.0150131746906363,-0.0443867637942314,0.017690865060097,-0.030353845066368,0.0429389427906377,-0.0541488637863559,0.0789733996803601,-0.0449541678623441,0.1291322230662215,-0.1749507672329223,0.0426625069752319,2019-02-20,2019-02-21,2019-02-22,2019-02-25,2019-02-26,2019-02-27,2019-02-28,2019-03-01,2019-03-04,2019-03-05,90427.0,2019-02-19,252.0,-0.0305%,0.0004,0.6181,0.445,0.0792,1.4635%,1.6158%,17.9565%,-0.003073,TXRH,90427.0,2019-02-20,252.0,-4.2709%,0.0003,0.6076,0.432,0.0446,1.4843%,1.6330%,17.3841%,-0.0453979999999999,TXRH,90427.0,2019-02-21,252.0,1.2906%,0.0004,0.5992,0.4183,0.0291,1.4849%,1.6304%,17.0588%,0.015459,TXRH,90427.0,2019-02-22,252.0,-1.4472%,0.0004,0.602,0.4213,0.0644,1.4901%,1.6329%,16.7316%,-0.0203399999999999,TXRH,90427.0,2019-02-25,252.0,-0.2075%,0.0004,0.6014,0.4219,0.0627,1.4898%,1.6327%,16.7370%,-0.001867,TXRH,90427.0,2019-02-26,252.0,1.6795%,0.0004,0.5929,0.4021,0.0463,1.4945%,1.6333%,16.2722%,0.020564,TXRH,90427.0,2019-02-27,252.0,-0.7236%,0.0004,0.5935,0.3984,0.0463,1.4955%,1.6339%,16.2234%,-0.008578,TXRH,90427.0,2019-02-28,252.0,0.3169%,0.0005,0.5821,0.3908,0.037,1.4907%,1.6246%,15.8055%,0.004945,TXRH,90427.0,2019-03-01,252.0,-0.3633%,0.0005,0.5777,0.3842,0.0345,1.4917%,1.6230%,15.5281%,-0.008899,TXRH,90427.0,2019-03-04,252.0,-1.4743%,0.0004,0.5854,0.3684,0.0303,1.4907%,1.6246%,15.7997%,-0.0104269999999999,TXRH,90427.0,2019-03-05,252.0,-0.2253%,0.0003,0.5817,0.3395,0.0279,1.4870%,1.6172%,15.4544%,-0.0001329999999999,TXRH,-0.0484709999999999,-0.0330119999999999,-0.0533519999999999,-0.0346549999999999,-0.0577469999999999
21299,TEXAS ROADHOUSE INC,Texas Roadhouse Sees FY19 Comps Positive,6,increase,0.8,0.7,"positive comparable store sales (comps) typically indicate strong performance and consumer demand, which can lead to an increase in stock price.",2,2019-02-19,TXRH,2019-02-19 21:04:00+00:00,90427.0,88268110,-0.0003050361701752,1505979.0,-0.0427089594304561,0.0007630558684468,0.0129063315689563,0.014239253476262,-0.0144722070544958,0.0026380843482911,-0.0020750369876623,0.0068750381469726,0.0167946126312017,0.0178116876631975,-0.0072361035272479,-0.0071056489832699,0.0031690818723291,0.0012648510746657,-0.0036329100839793,0.0089328661561012,-0.0147431874647736,0.0145654268562793,-0.0022526660468429,0.0166173446923494,-0.0179002881050109,-0.0009862158913165,-0.0075534135103225,-0.0144176157191395,-0.0104235149919986,-0.005317464005202,-0.0016719994600862,-0.0177271123975515,0.0056942040100693,0.0063714804127812,-0.0003347356978338,-0.0257604531943798,-0.0097103305160999,-0.0089202439412474,0.0094674136489629,-0.0148485358804464,0.0184224136173725,-0.0149253727868199,-0.0055911880917847,0.0090361209586262,-0.0067802187986671,0.010654560290277,0.0154845202341675,-0.0072529972530901,-0.0063945432193577,0.0022717178799211,0.0072607663460075,-0.0141834057867527,0.0052424590103328,0.0411938652396202,-0.0016297635156661,0.0194929223507642,0.0093046613037586,-0.0168277006596326,0.0058223642408847,0.0375040359795093,0.0030551929958164,0.0341023206710815,-0.0012824916047975,0.029958639293909,-0.0030497373081743,-0.0209035370498895,-0.0028980888891965,-0.0063651767559349,0.0146940071135759,0.0075949495658278,-0.0097072022035717,0.0088540855795145,-0.0165514834225177,-0.00474493810907,0.0026143766008317,0.038725521415472,-0.006681874860078,-0.0164473168551921,0.0237900037318468,-0.0354041866958141,-0.0200320500880479,-0.009756906889379,-0.011610840447247,-0.0257773231714963,-0.0215089228004217,0.0198003444820642,0.0120053952559828,-0.0156250186264514,0.0063492241315543,-0.0124085070565342,-0.0086335791274905,-0.0039613372646272,0.0080388467758893,0.0210321824997663,0.0093038938939571,-0.0316465683281421,-0.0019752911757677,0.0050386320799589,0.0075869876891374,-0.0217190366238355,-0.1158946081995964,0.0023159107659012,-0.0301795471459627,-0.0227821692824363,0.0143184419721365,0.0037861578166484,0.029926598072052,-0.0042225727811455,0.0034721971023827,-0.0108890710398554,0.0078310016542673,0.0356866605579853,-0.0166245382279157,0.020495081320405,0.0044101742096245,-0.0162841659039259,0.0045737284235656,0.0046744011342525,0.0009105670615099,0.0053258170373737,-0.0043667736463248,-0.0054525979794561,-0.0164473950862884,0.0164687391370534,-0.0427089594304561,0.0007630558684468,-0.0303538438528743,0.0150131746906363,-0.0443867637942314,0.017690865060097,-0.030353845066368,0.0429389427906377,-0.0541488637863559,0.0789733996803601,-0.0449541678623441,0.1291322230662215,-0.1749507672329223,0.0426625069752319,2019-02-20,2019-02-21,2019-02-22,2019-02-25,2019-02-26,2019-02-27,2019-02-28,2019-03-01,2019-03-04,2019-03-05,90427.0,2019-02-19,252.0,-0.0305%,0.0004,0.6181,0.445,0.0792,1.4635%,1.6158%,17.9565%,-0.003073,TXRH,90427.0,2019-02-20,252.0,-4.2709%,0.0003,0.6076,0.432,0.0446,1.4843%,1.6330%,17.3841%,-0.0453979999999999,TXRH,90427.0,2019-02-21,252.0,1.2906%,0.0004,0.5992,0.4183,0.0291,1.4849%,1.6304%,17.0588%,0.015459,TXRH,90427.0,2019-02-22,252.0,-1.4472%,0.0004,0.602,0.4213,0.0644,1.4901%,1.6329%,16.7316%,-0.0203399999999999,TXRH,90427.0,2019-02-25,252.0,-0.2075%,0.0004,0.6014,0.4219,0.0627,1.4898%,1.6327%,16.7370%,-0.001867,TXRH,90427.0,2019-02-26,252.0,1.6795%,0.0004,0.5929,0.4021,0.0463,1.4945%,1.6333%,16.2722%,0.020564,TXRH,90427.0,2019-02-27,252.0,-0.7236%,0.0004,0.5935,0.3984,0.0463,1.4955%,1.6339%,16.2234%,-0.008578,TXRH,90427.0,2019-02-28,252.0,0.3169%,0.0005,0.5821,0.3908,0.037,1.4907%,1.6246%,15.8055%,0.004945,TXRH,90427.0,2019-03-01,252.0,-0.3633%,0.0005,0.5777,0.3842,0.0345,1.4917%,1.6230%,15.5281%,-0.008899,TXRH,90427.0,2019-03-04,252.0,-1.4743%,0.0004,0.5854,0.3684,0.0303,1.4907%,1.6246%,15.7997%,-0.0104269999999999,TXRH,90427.0,2019-03-05,252.0,-0.2253%,0.0003,0.5817,0.3395,0.0279,1.4870%,1.6172%,15.4544%,-0.0001329999999999,TXRH,-0.0484709999999999,-0.0330119999999999,-0.0533519999999999,-0.0346549999999999,-0.0577469999999999
21307,TEXAS ROADHOUSE INC,"Texas Roadhouse Q4 EPS $0.42 Beats $0.41 Estimate, Sales $605.912M Beat $597.76M Estimate",6,increase,0.8,0.7,"the company reported better-than-expected earnings and sales, which typically leads to positive investor sentiment and an increase in stock price.",2,2019-02-19,TXRH,2019-02-19 21:03:00+00:00,90427.0,88268110,-0.0003050361701752,1505979.0,-0.0427089594304561,0.0007630558684468,0.0129063315689563,0.014239253476262,-0.0144722070544958,0.0026380843482911,-0.0020750369876623,0.0068750381469726,0.0167946126312017,0.0178116876631975,-0.0072361035272479,-0.0071056489832699,0.0031690818723291,0.0012648510746657,-0.0036329100839793,0.0089328661561012,-0.0147431874647736,0.0145654268562793,-0.0022526660468429,0.0166173446923494,-0.0179002881050109,-0.0009862158913165,-0.0075534135103225,-0.0144176157191395,-0.0104235149919986,-0.005317464005202,-0.0016719994600862,-0.0177271123975515,0.0056942040100693,0.0063714804127812,-0.0003347356978338,-0.0257604531943798,-0.0097103305160999,-0.0089202439412474,0.0094674136489629,-0.0148485358804464,0.0184224136173725,-0.0149253727868199,-0.0055911880917847,0.0090361209586262,-0.0067802187986671,0.010654560290277,0.0154845202341675,-0.0072529972530901,-0.0063945432193577,0.0022717178799211,0.0072607663460075,-0.0141834057867527,0.0052424590103328,0.0411938652396202,-0.0016297635156661,0.0194929223507642,0.0093046613037586,-0.0168277006596326,0.0058223642408847,0.0375040359795093,0.0030551929958164,0.0341023206710815,-0.0012824916047975,0.029958639293909,-0.0030497373081743,-0.0209035370498895,-0.0028980888891965,-0.0063651767559349,0.0146940071135759,0.0075949495658278,-0.0097072022035717,0.0088540855795145,-0.0165514834225177,-0.00474493810907,0.0026143766008317,0.038725521415472,-0.006681874860078,-0.0164473168551921,0.0237900037318468,-0.0354041866958141,-0.0200320500880479,-0.009756906889379,-0.011610840447247,-0.0257773231714963,-0.0215089228004217,0.0198003444820642,0.0120053952559828,-0.0156250186264514,0.0063492241315543,-0.0124085070565342,-0.0086335791274905,-0.0039613372646272,0.0080388467758893,0.0210321824997663,0.0093038938939571,-0.0316465683281421,-0.0019752911757677,0.0050386320799589,0.0075869876891374,-0.0217190366238355,-0.1158946081995964,0.0023159107659012,-0.0301795471459627,-0.0227821692824363,0.0143184419721365,0.0037861578166484,0.029926598072052,-0.0042225727811455,0.0034721971023827,-0.0108890710398554,0.0078310016542673,0.0356866605579853,-0.0166245382279157,0.020495081320405,0.0044101742096245,-0.0162841659039259,0.0045737284235656,0.0046744011342525,0.0009105670615099,0.0053258170373737,-0.0043667736463248,-0.0054525979794561,-0.0164473950862884,0.0164687391370534,-0.0427089594304561,0.0007630558684468,-0.0303538438528743,0.0150131746906363,-0.0443867637942314,0.017690865060097,-0.030353845066368,0.0429389427906377,-0.0541488637863559,0.0789733996803601,-0.0449541678623441,0.1291322230662215,-0.1749507672329223,0.0426625069752319,2019-02-20,2019-02-21,2019-02-22,2019-02-25,2019-02-26,2019-02-27,2019-02-28,2019-03-01,2019-03-04,2019-03-05,90427.0,2019-02-19,252.0,-0.0305%,0.0004,0.6181,0.445,0.0792,1.4635%,1.6158%,17.9565%,-0.003073,TXRH,90427.0,2019-02-20,252.0,-4.2709%,0.0003,0.6076,0.432,0.0446,1.4843%,1.6330%,17.3841%,-0.0453979999999999,TXRH,90427.0,2019-02-21,252.0,1.2906%,0.0004,0.5992,0.4183,0.0291,1.4849%,1.6304%,17.0588%,0.015459,TXRH,90427.0,2019-02-22,252.0,-1.4472%,0.0004,0.602,0.4213,0.0644,1.4901%,1.6329%,16.7316%,-0.0203399999999999,TXRH,90427.0,2019-02-25,252.0,-0.2075%,0.0004,0.6014,0.4219,0.0627,1.4898%,1.6327%,16.7370%,-0.001867,TXRH,90427.0,2019-02-26,252.0,1.6795%,0.0004,0.5929,0.4021,0.0463,1.4945%,1.6333%,16.2722%,0.020564,TXRH,90427.0,2019-02-27,252.0,-0.7236%,0.0004,0.5935,0.3984,0.0463,1.4955%,1.6339%,16.2234%,-0.008578,TXRH,90427.0,2019-02-28,252.0,0.3169%,0.0005,0.5821,0.3908,0.037,1.4907%,1.6246%,15.8055%,0.004945,TXRH,90427.0,2019-03-01,252.0,-0.3633%,0.0005,0.5777,0.3842,0.0345,1.4917%,1.6230%,15.5281%,-0.008899,TXRH,90427.0,2019-03-04,252.0,-1.4743%,0.0004,0.5854,0.3684,0.0303,1.4907%,1.6246%,15.7997%,-0.0104269999999999,TXRH,90427.0,2019-03-05,252.0,-0.2253%,0.0003,0.5817,0.3395,0.0279,1.4870%,1.6172%,15.4544%,-0.0001329999999999,TXRH,-0.0484709999999999,-0.0330119999999999,-0.0533519999999999,-0.0346549999999999,-0.0577469999999999
21315,TEXAS ROADHOUSE INC,Texas Roadhouse's Q4 Earnings Preview,6,uncertain,0.5,0.5,the impact on texas roadhouse's stock price is uncertain as it depends on the actual earnings results and market expectations.,1,2019-02-19,TXRH,2019-02-19 12:46:00+00:00,90427.0,88268110,-0.0003050361701752,1505979.0,-0.0427089594304561,0.0007630558684468,0.0129063315689563,0.014239253476262,-0.0144722070544958,0.0026380843482911,-0.0020750369876623,0.0068750381469726,0.0167946126312017,0.0178116876631975,-0.0072361035272479,-0.0071056489832699,0.0031690818723291,0.0012648510746657,-0.0036329100839793,0.0089328661561012,-0.0147431874647736,0.0145654268562793,-0.0022526660468429,0.0166173446923494,-0.0179002881050109,-0.0009862158913165,-0.0075534135103225,-0.0144176157191395,-0.0104235149919986,-0.005317464005202,-0.0016719994600862,-0.0177271123975515,0.0056942040100693,0.0063714804127812,-0.0003347356978338,-0.0257604531943798,-0.0097103305160999,-0.0089202439412474,0.0094674136489629,-0.0148485358804464,0.0184224136173725,-0.0149253727868199,-0.0055911880917847,0.0090361209586262,-0.0067802187986671,0.010654560290277,0.0154845202341675,-0.0072529972530901,-0.0063945432193577,0.0022717178799211,0.0072607663460075,-0.0141834057867527,0.0052424590103328,0.0411938652396202,-0.0016297635156661,0.0194929223507642,0.0093046613037586,-0.0168277006596326,0.0058223642408847,0.0375040359795093,0.0030551929958164,0.0341023206710815,-0.0012824916047975,0.029958639293909,-0.0030497373081743,-0.0209035370498895,-0.0028980888891965,-0.0063651767559349,0.0146940071135759,0.0075949495658278,-0.0097072022035717,0.0088540855795145,-0.0165514834225177,-0.00474493810907,0.0026143766008317,0.038725521415472,-0.006681874860078,-0.0164473168551921,0.0237900037318468,-0.0354041866958141,-0.0200320500880479,-0.009756906889379,-0.011610840447247,-0.0257773231714963,-0.0215089228004217,0.0198003444820642,0.0120053952559828,-0.0156250186264514,0.0063492241315543,-0.0124085070565342,-0.0086335791274905,-0.0039613372646272,0.0080388467758893,0.0210321824997663,0.0093038938939571,-0.0316465683281421,-0.0019752911757677,0.0050386320799589,0.0075869876891374,-0.0217190366238355,-0.1158946081995964,0.0023159107659012,-0.0301795471459627,-0.0227821692824363,0.0143184419721365,0.0037861578166484,0.029926598072052,-0.0042225727811455,0.0034721971023827,-0.0108890710398554,0.0078310016542673,0.0356866605579853,-0.0166245382279157,0.020495081320405,0.0044101742096245,-0.0162841659039259,0.0045737284235656,0.0046744011342525,0.0009105670615099,0.0053258170373737,-0.0043667736463248,-0.0054525979794561,-0.0164473950862884,0.0164687391370534,-0.0427089594304561,0.0007630558684468,-0.0303538438528743,0.0150131746906363,-0.0443867637942314,0.017690865060097,-0.030353845066368,0.0429389427906377,-0.0541488637863559,0.0789733996803601,-0.0449541678623441,0.1291322230662215,-0.1749507672329223,0.0426625069752319,2019-02-20,2019-02-21,2019-02-22,2019-02-25,2019-02-26,2019-02-27,2019-02-28,2019-03-01,2019-03-04,2019-03-05,90427.0,2019-02-19,252.0,-0.0305%,0.0004,0.6181,0.445,0.0792,1.4635%,1.6158%,17.9565%,-0.003073,TXRH,90427.0,2019-02-20,252.0,-4.2709%,0.0003,0.6076,0.432,0.0446,1.4843%,1.6330%,17.3841%,-0.0453979999999999,TXRH,90427.0,2019-02-21,252.0,1.2906%,0.0004,0.5992,0.4183,0.0291,1.4849%,1.6304%,17.0588%,0.015459,TXRH,90427.0,2019-02-22,252.0,-1.4472%,0.0004,0.602,0.4213,0.0644,1.4901%,1.6329%,16.7316%,-0.0203399999999999,TXRH,90427.0,2019-02-25,252.0,-0.2075%,0.0004,0.6014,0.4219,0.0627,1.4898%,1.6327%,16.7370%,-0.001867,TXRH,90427.0,2019-02-26,252.0,1.6795%,0.0004,0.5929,0.4021,0.0463,1.4945%,1.6333%,16.2722%,0.020564,TXRH,90427.0,2019-02-27,252.0,-0.7236%,0.0004,0.5935,0.3984,0.0463,1.4955%,1.6339%,16.2234%,-0.008578,TXRH,90427.0,2019-02-28,252.0,0.3169%,0.0005,0.5821,0.3908,0.037,1.4907%,1.6246%,15.8055%,0.004945,TXRH,90427.0,2019-03-01,252.0,-0.3633%,0.0005,0.5777,0.3842,0.0345,1.4917%,1.6230%,15.5281%,-0.008899,TXRH,90427.0,2019-03-04,252.0,-1.4743%,0.0004,0.5854,0.3684,0.0303,1.4907%,1.6246%,15.7997%,-0.0104269999999999,TXRH,90427.0,2019-03-05,252.0,-0.2253%,0.0003,0.5817,0.3395,0.0279,1.4870%,1.6172%,15.4544%,-0.0001329999999999,TXRH,-0.0484709999999999,-0.0330119999999999,-0.0533519999999999,-0.0346549999999999,-0.0577469999999999
21323,UNITED INSURANCE HOLDINGS CORP,"United Insurance Holdings Corp. Q4 EPS $(0.02) Down From $0.77 YoY, Sales $181.09M Beat $172.29M Estimate",6,decrease,0.8,0.7,"the significant drop in eps from $0.77 to $(0.02) indicates poor profitability, which is likely to negatively impact investor sentiment despite the sales beat.",0,2019-02-19,UIHC,2019-02-19 21:19:00+00:00,13712.0,91071010,0.0090798800811171,137988.0,-0.0095980707556009,0.0018193260766565,-0.0254391320049762,0.0091799031943082,0.0267246924340724,0.0130192814394831,-0.0151331713423132,-0.0006195929017849,0.0282728374004364,0.0049813156947493,-0.0268977209925651,-0.0043397210538387,0.0061424123123288,-0.0079951453953981,0.0036630877293646,-0.0024539269506931,-0.0170316714793443,0.0030768760479986,-0.0043316315859556,-0.0097501426935195,-0.0162196010351181,0.0055147153325378,-0.000634129915852,0.0149253588169813,0.0025380686856806,0.0018692017765715,0.0430379323661327,-0.0110905924811959,-0.0024271244183182,0.0137413684278726,-0.0042578889988362,0.0056532761082053,-0.0042762123048305,-0.0018808610038831,0.0147240301594138,0.0018844053847715,-0.0030230437405407,-0.0215120073407888,-0.0139478193596005,0.0055624321103096,-0.0098400888964533,0.0106183681637048,-0.0043478067964315,0.009457791224122,-0.0143481278792023,-0.0037688706070184,0.0063290777616202,-0.010565573349595,-0.0062892725691199,-0.0043316641822457,0.0031645689159631,-0.0085889203473925,0.008201839402318,0.0149439461529254,-0.0050062532536685,-0.0031037332955747,0.0314465425908565,-0.0037105421070009,-0.0121950525790453,0.0163419377058744,0.0030863725114613,-0.0191121753305196,0.0092307459563016,-0.0240674801170826,-0.0054878140799701,0.0036232713609933,-0.0196198467165231,0.013463850133121,-0.0118824001401662,0.0199750121682882,0.0221518613398075,0.0139240669086575,0.0006192092550918,-0.0210656262934207,-0.0012376521481201,-0.0188450682908296,-0.0006195929017849,-0.0272027850151062,0.0105393724516034,-0.0070464378222823,-0.0073618981987237,-0.0040935492143034,0.0123608680441975,-0.0217390824109315,-0.0463980063796043,-0.0256410799920558,0.0153649020940065,-0.0164473261684179,-0.0088272001594305,0.0027487210463732,-0.016539454460144,-0.011412994004786,0.0025873195845633,0.0038188595790416,-0.0070967520587146,-0.0229211244732141,-0.0045484500005841,0.0005333455628715,0.0228459779173135,-0.0234375391155481,-0.0268028117716312,-0.0103092193603515,0.009180350229144,0.0157067663967609,0.0240415781736373,-0.0113871283829212,-0.0038071330636739,0.0448891259729862,-0.0547770485281944,-0.0359750017523765,-0.021563321352005,0.0005216603749431,0.0041321944445371,0.0026150227058678,-0.0123456632718443,0.0084389112889766,0.0153417196124792,-0.0094044050201773,-0.0144230788573622,0.0062892800197005,-0.0095980707556009,0.0018193260766565,-0.0347930361716323,0.0110159305082273,-0.0089981769280942,0.0241786314473149,0.0035992483365667,0.0286426537156856,-0.0347930048434894,0.0067032681191057,-0.0245568683918582,0.0383407055081026,-0.1323348129484874,-0.131457686075057,2019-02-20,2019-02-21,2019-02-22,2019-02-25,2019-02-26,2019-02-27,2019-02-28,2019-03-01,2019-03-04,2019-03-05,13712.0,2019-02-19,252.0,0.9080%,-0.0006,0.4316,0.3602,-0.1894,1.4274%,1.5365%,13.7025%,0.00773,UIHC,13712.0,2019-02-20,252.0,-0.9598%,-0.0006,0.4285,0.3519,-0.2006,1.4285%,1.5374%,13.6636%,-0.0102689999999999,UIHC,13712.0,2019-02-21,252.0,-2.5439%,-0.0006,0.4262,0.3419,-0.2047,1.4298%,1.5373%,13.5075%,-0.024169,UIHC,13712.0,2019-02-22,252.0,2.6725%,-0.0006,0.4245,0.3171,-0.248,1.4285%,1.5407%,14.0439%,0.018965,UIHC,13712.0,2019-02-25,252.0,-1.5133%,-0.0009,0.4297,0.3295,-0.2222,1.4044%,1.5174%,14.3364%,-0.0154919999999999,UIHC,13712.0,2019-02-26,252.0,2.8273%,-0.0007,0.4287,0.2872,-0.2444,1.4166%,1.5280%,14.0449%,0.030236,UIHC,13712.0,2019-02-27,252.0,-2.6898%,-0.0008,0.4275,0.2812,-0.2446,1.4272%,1.5368%,13.7581%,-0.0282229999999999,UIHC,13712.0,2019-02-28,252.0,0.6142%,-0.0008,0.4263,0.2806,-0.2473,1.4280%,1.5370%,13.6825%,0.0067,UIHC,13712.0,2019-03-01,252.0,0.3663%,-0.0008,0.4342,0.2924,-0.2348,1.4255%,1.5364%,13.9143%,-0.0012989999999999,UIHC,13712.0,2019-03-04,252.0,-1.7032%,-0.0009,0.439,0.2872,-0.2385,1.4268%,1.5397%,14.1248%,-0.012778,UIHC,13712.0,2019-03-05,252.0,-0.4332%,-0.0009,0.4409,0.3007,-0.2362,1.4262%,1.5398%,14.2125%,-0.003357,UIHC,-0.0025389999999999,-0.026708,-0.007743,0.007001,-0.031956
21331,ULTA BEAUTY INC,"Nomura Downgrades Ulta Beauty to Neutral, Raises Price Target to $311",6,uncertain,0.6,0.2,"while the downgrade to 'neutral' may suggest a negative outlook, the raised price target indicates some level of optimism, leading to uncertainty in the stock's immediate reaction.",1,2019-02-19,ULTA,2019-02-19 13:07:00+00:00,92322.0,90384S30,-0.0055816411040723,1030542.0,0.0054488880559802,0.004458968527615,0.0055825519375503,0.003454475197941,0.0087657049298286,0.0047934288159012,-0.0053746569901704,0.0147601263597607,0.0030739759095013,0.0068905241787433,-0.0093226274475455,0.0082413256168365,0.0175181701779365,0.0006474780384451,0.0089922798797488,-0.0020065172575414,-0.0120519753545522,0.0172986425459384,0.0023755705915391,-0.0079625789076089,0.0008647820213809,-0.0019184298580512,-0.0225912686437368,0.0115038370713591,0.0030774346087127,-0.0007617243099957,0.0109663670882582,-0.0050295973196625,0.0053591723553836,-0.0015134921995922,0.0129411341622471,0.009479533880949,-0.0092885894700884,-0.0007287368644028,0.0828773230314254,-0.0022502818610519,0.0112585248425602,-0.0090908883139491,-0.0227046608924865,0.0267700105905532,-0.0109433503821492,0.0067018335685133,0.0131200952455401,0.0126396622508764,-0.0137559026479721,0.0130592808127403,0.0186071172356605,-0.0324169918894767,0.0185047090053558,0.0255567505955696,0.009186333976686,-0.014794279821217,-0.0023695328272879,0.0188043564558029,0.0101381679996848,0.0184501837939024,0.0109539665281772,0.0626200884580612,-0.014891505241394,0.0479536429047584,0.0093003483489155,-0.0185909606516361,-0.0011125556193292,0.0127838794142007,0.0099674137309193,0.022509915754199,0.0023753535933792,-0.0116399358958005,-0.0176883488893508,0.0002890475734602,0.0059735397808253,0.0573648810386657,-0.0001712845696602,-0.0062042078934609,-0.0153903681784868,-0.015042046085,0.0264188628643751,-0.0218200106173753,0.0032208401244133,-0.006973591633141,-0.0021122002508491,-0.0042983810417354,-0.0097366347908973,-0.0198501478880643,-0.0098894238471984,-0.0185671038925647,0.0121470345184207,-0.0142268845811486,0.0119727877900004,0.0294117368757724,-0.0060138944536447,-0.0129032470285892,0.0119875324890017,-0.0132431918755173,-0.019668124616146,-0.1312645375728607,-0.0054715955629944,0.0061484854668378,-0.0402315557003021,-0.0501157827675342,0.0260941963642835,0.0292151570320129,-0.005004659295082,-0.0085893617942929,0.0138027882203459,0.0177203360944986,-0.0124610802158713,-0.0056934002786874,0.0169120486825704,-0.014214071445167,-0.0002872500626835,-0.0072861067019402,-0.0138198472559452,-0.0014485199935734,-0.0379034467041492,0.0053617362864315,0.0154134882614016,-0.0355591922998428,0.0160443894565105,-0.0008929671603254,0.0054488880559802,0.004458968527615,0.0110618586941049,0.0079288471217431,0.0199245286132214,0.0127602823019146,0.0175611567960043,0.0347902040454815,0.0249138255529972,0.0514827033380049,0.1399966979293621,0.2588756746520564,0.1183325763604405,-0.0229621432546563,2019-02-20,2019-02-21,2019-02-22,2019-02-25,2019-02-26,2019-02-27,2019-02-28,2019-03-01,2019-03-04,2019-03-05,92322.0,2019-02-19,252.0,-0.5582%,0.0016,0.851,0.281,-0.0153,1.8234%,2.0443%,20.4446%,-0.008164,ULTA,92322.0,2019-02-20,252.0,0.5449%,0.0016,0.8521,0.2866,-0.0105,1.8229%,2.0441%,20.4728%,0.003198,ULTA,92322.0,2019-02-21,252.0,0.5583%,0.0017,0.8485,0.2809,-0.0172,1.8231%,2.0429%,20.3561%,0.008812,ULTA,92322.0,2019-02-22,252.0,0.8766%,0.0017,0.8485,0.2807,-0.0167,1.8232%,2.0433%,20.3894%,0.001353,ULTA,92322.0,2019-02-25,252.0,-0.5375%,0.0016,0.85,0.286,-0.0086,1.8221%,2.0424%,20.4017%,-0.006048,ULTA,92322.0,2019-02-26,252.0,0.3074%,0.0016,0.8483,0.2813,-0.0122,1.8224%,2.0407%,20.2527%,0.006136,ULTA,92322.0,2019-02-27,252.0,-0.9323%,0.0017,0.8699,0.2392,-0.0087,1.7970%,2.0252%,21.2597%,-0.010735,ULTA,92322.0,2019-02-28,252.0,1.7518%,0.0017,0.8825,0.2485,-0.0038,1.7905%,2.0240%,21.7443%,0.020045,ULTA,92322.0,2019-03-01,252.0,0.8992%,0.0017,0.8889,0.2581,0.0061,1.7893%,2.0245%,21.8909%,0.001812,ULTA,92322.0,2019-03-04,252.0,-1.2052%,0.0017,0.8868,0.2726,0.005,1.7895%,2.0243%,21.8515%,-0.006511,ULTA,92322.0,2019-03-05,252.0,0.2376%,0.0018,0.8964,0.3493,0.0107,1.7669%,2.0119%,22.8757%,0.00465,ULTA,-0.004966,0.003846,0.005199,0.005287,0.014548
21339,U S A COMPRESSION PARTNERS LP,"USA Compression PArtners Sees FY19 Net Income $20M-$30M, Adj. EBITDA $380M-$420M",6,uncertain,0.6,0.3,"the projected net income and adjusted ebitda figures provide a positive outlook, but the range indicates uncertainty, which could lead to mixed investor reactions.",1,2019-02-19,USAC,2019-02-19 12:11:00+00:00,13749.0,90290N10,0.0386924557387828,650242.0,-0.001284489640966,-0.0006666819099336,0.0012861416907981,0.0073874853551387,0.0109184384346008,0.0149966096505522,0.0012706770794466,-0.0047489618882536,0.0139593472704291,0.029329614713788,0.0006257965578697,-0.0006978526944294,-0.0018761559622362,-0.0376091599464416,0.0062656281515955,-0.0046791238710284,0.0018680378561839,-0.0335916988551616,-0.0099440552294254,0.0084690004587173,-0.0194601640105247,0.0343665927648544,0.0038412560243159,-0.0146082509309053,-0.0006377696990966,0.0107383094727993,0.0095724072307348,0.0026917874347418,0.0145385302603244,0.0067750290036201,-0.0049843597225844,-0.0009803911671042,0.00626170495525,0.0099010281264781,-0.0043559237383306,-0.0059055220335721,0.0,0.0006566138472408,-0.0068749785423278,0.0248990505933761,0.0006292809848673,0.00067335186759,0.0031446660868823,0.022023444995284,-0.0200626775622367,0.0034530519042164,-0.0012796197552233,0.0069540631957352,0.003203087253496,0.0091228149831295,0.0,-0.006968667730689,0.0019156917696818,-0.013067371211946,-0.0050987843424081,0.0253878459334373,0.0051249149255454,0.0411160364747047,-0.002549392171204,0.0389016196131706,-0.0031948394607752,-0.0068181934766471,0.0,0.0169491730630397,0.0102564003318548,0.0140624493360519,0.020304549485445,0.0015649810666218,0.0093283345922827,-0.0054475213401019,0.0036969424691051,0.0313001871109008,0.0171883832663297,-0.0430107824504375,0.0156910214573144,-0.0440528206527233,-0.0023766492959111,-0.0448808073997497,0.0190589446574449,0.0244252979755401,0.0169490948319435,-0.0197182912379503,0.0017241773894056,-0.0206896681338548,0.0126218767836689,-0.004804371856153,0.0039659882895648,0.0160390194505453,0.02765235863626,-0.0041666296310722,0.0049423482269048,-0.000693978392519,-0.0314206853508949,-0.0250338222831487,0.0058138645254075,0.0221299920231103,-0.0208091735839843,-0.0082304449751973,-0.0236127283424139,-0.0286475885659456,-0.0048368698917329,0.038035973906517,0.0127582624554634,-0.0020703750196844,-0.0011997874826192,0.0189873073250055,-0.0096096005290746,0.0178954899311065,0.0230443347245454,-0.007812475785613,0.01066973246634,0.0429629571735858,0.0240469127893447,-0.0117130195721983,-0.0057272897101938,0.0356330759823322,0.0241935513913631,-0.0236862059682607,-0.0028122127987444,-0.0102563658729195,-0.001284489640966,-0.0006666819099336,1.4153345162526419e-11,0.0067158783423588,0.0109184384489087,0.021813203398872,0.0263326823741689,0.0467877155248055,0.0231214271822532,-0.0234528057167051,0.0051380812558459,0.1840717829488749,0.1734860097176707,0.1372293850623871,2019-02-20,2019-02-21,2019-02-22,2019-02-25,2019-02-26,2019-02-27,2019-02-28,2019-03-01,2019-03-04,2019-03-05,13749.0,2019-02-19,252.0,3.8692%,0.0,0.6877,0.5093,0.2922,1.6128%,1.7664%,16.6406%,0.035051,USAC,13749.0,2019-02-20,252.0,-0.1284%,-0.0,0.6858,0.5032,0.2849,1.6129%,1.7660%,16.5812%,-0.0054179999999999,USAC,13749.0,2019-02-21,252.0,0.1286%,0.0,0.6793,0.491,0.273,1.6104%,1.7606%,16.3362%,0.004731,USAC,13749.0,2019-02-22,252.0,1.0918%,0.0,0.6786,0.4826,0.2566,1.6104%,1.7610%,16.3715%,0.007715,USAC,13749.0,2019-02-25,252.0,0.1271%,0.0001,0.678,0.4811,0.2537,1.6101%,1.7606%,16.3643%,0.00187,USAC,13749.0,2019-02-26,252.0,1.3959%,0.0,0.6604,0.4721,0.2359,1.6080%,1.7519%,15.7531%,0.018861,USAC,13749.0,2019-02-27,252.0,0.0626%,0.0001,0.6677,0.4588,0.2371,1.6046%,1.7503%,15.9599%,-0.000682,USAC,13749.0,2019-02-28,252.0,-0.1876%,0.0001,0.6625,0.4553,0.2332,1.6035%,1.7465%,15.7028%,0.0005949999999999,USAC,13749.0,2019-03-01,252.0,0.6266%,0.0001,0.6725,0.4701,0.2483,1.6003%,1.7465%,16.0423%,0.001018,USAC,13749.0,2019-03-04,252.0,0.1868%,0.0001,0.6743,0.4586,0.249,1.6004%,1.7465%,16.0323%,0.006187,USAC,13749.0,2019-03-05,252.0,-0.9944%,0.0001,0.6792,0.4918,0.2551,1.5976%,1.7470%,16.3784%,-0.006868,USAC,0.029633,0.034364,0.042079,0.06281,0.06306
21347,U S A COMPRESSION PARTNERS LP,"USA Compression Partners Q4 EPS $0.01 Beats $(0.09) Estimate, Sales $171.98M Beat $170.76M Estimate",6,increase,0.75,0.6,"the company reported better-than-expected earnings and sales, which typically boosts investor confidence and can lead to an increase in stock price.",2,2019-02-19,USAC,2019-02-19 12:10:00+00:00,13749.0,90290N10,0.0386924557387828,650242.0,-0.001284489640966,-0.0006666819099336,0.0012861416907981,0.0073874853551387,0.0109184384346008,0.0149966096505522,0.0012706770794466,-0.0047489618882536,0.0139593472704291,0.029329614713788,0.0006257965578697,-0.0006978526944294,-0.0018761559622362,-0.0376091599464416,0.0062656281515955,-0.0046791238710284,0.0018680378561839,-0.0335916988551616,-0.0099440552294254,0.0084690004587173,-0.0194601640105247,0.0343665927648544,0.0038412560243159,-0.0146082509309053,-0.0006377696990966,0.0107383094727993,0.0095724072307348,0.0026917874347418,0.0145385302603244,0.0067750290036201,-0.0049843597225844,-0.0009803911671042,0.00626170495525,0.0099010281264781,-0.0043559237383306,-0.0059055220335721,0.0,0.0006566138472408,-0.0068749785423278,0.0248990505933761,0.0006292809848673,0.00067335186759,0.0031446660868823,0.022023444995284,-0.0200626775622367,0.0034530519042164,-0.0012796197552233,0.0069540631957352,0.003203087253496,0.0091228149831295,0.0,-0.006968667730689,0.0019156917696818,-0.013067371211946,-0.0050987843424081,0.0253878459334373,0.0051249149255454,0.0411160364747047,-0.002549392171204,0.0389016196131706,-0.0031948394607752,-0.0068181934766471,0.0,0.0169491730630397,0.0102564003318548,0.0140624493360519,0.020304549485445,0.0015649810666218,0.0093283345922827,-0.0054475213401019,0.0036969424691051,0.0313001871109008,0.0171883832663297,-0.0430107824504375,0.0156910214573144,-0.0440528206527233,-0.0023766492959111,-0.0448808073997497,0.0190589446574449,0.0244252979755401,0.0169490948319435,-0.0197182912379503,0.0017241773894056,-0.0206896681338548,0.0126218767836689,-0.004804371856153,0.0039659882895648,0.0160390194505453,0.02765235863626,-0.0041666296310722,0.0049423482269048,-0.000693978392519,-0.0314206853508949,-0.0250338222831487,0.0058138645254075,0.0221299920231103,-0.0208091735839843,-0.0082304449751973,-0.0236127283424139,-0.0286475885659456,-0.0048368698917329,0.038035973906517,0.0127582624554634,-0.0020703750196844,-0.0011997874826192,0.0189873073250055,-0.0096096005290746,0.0178954899311065,0.0230443347245454,-0.007812475785613,0.01066973246634,0.0429629571735858,0.0240469127893447,-0.0117130195721983,-0.0057272897101938,0.0356330759823322,0.0241935513913631,-0.0236862059682607,-0.0028122127987444,-0.0102563658729195,-0.001284489640966,-0.0006666819099336,1.4153345162526419e-11,0.0067158783423588,0.0109184384489087,0.021813203398872,0.0263326823741689,0.0467877155248055,0.0231214271822532,-0.0234528057167051,0.0051380812558459,0.1840717829488749,0.1734860097176707,0.1372293850623871,2019-02-20,2019-02-21,2019-02-22,2019-02-25,2019-02-26,2019-02-27,2019-02-28,2019-03-01,2019-03-04,2019-03-05,13749.0,2019-02-19,252.0,3.8692%,0.0,0.6877,0.5093,0.2922,1.6128%,1.7664%,16.6406%,0.035051,USAC,13749.0,2019-02-20,252.0,-0.1284%,-0.0,0.6858,0.5032,0.2849,1.6129%,1.7660%,16.5812%,-0.0054179999999999,USAC,13749.0,2019-02-21,252.0,0.1286%,0.0,0.6793,0.491,0.273,1.6104%,1.7606%,16.3362%,0.004731,USAC,13749.0,2019-02-22,252.0,1.0918%,0.0,0.6786,0.4826,0.2566,1.6104%,1.7610%,16.3715%,0.007715,USAC,13749.0,2019-02-25,252.0,0.1271%,0.0001,0.678,0.4811,0.2537,1.6101%,1.7606%,16.3643%,0.00187,USAC,13749.0,2019-02-26,252.0,1.3959%,0.0,0.6604,0.4721,0.2359,1.6080%,1.7519%,15.7531%,0.018861,USAC,13749.0,2019-02-27,252.0,0.0626%,0.0001,0.6677,0.4588,0.2371,1.6046%,1.7503%,15.9599%,-0.000682,USAC,13749.0,2019-02-28,252.0,-0.1876%,0.0001,0.6625,0.4553,0.2332,1.6035%,1.7465%,15.7028%,0.0005949999999999,USAC,13749.0,2019-03-01,252.0,0.6266%,0.0001,0.6725,0.4701,0.2483,1.6003%,1.7465%,16.0423%,0.001018,USAC,13749.0,2019-03-04,252.0,0.1868%,0.0001,0.6743,0.4586,0.249,1.6004%,1.7465%,16.0323%,0.006187,USAC,13749.0,2019-03-05,252.0,-0.9944%,0.0001,0.6792,0.4918,0.2551,1.5976%,1.7470%,16.3784%,-0.006868,USAC,0.029633,0.034364,0.042079,0.06281,0.06306
21355,UNIVERSAL SECURITY INSTRS INC,"Universal Security Q3 EPS $(0.22) Up From $(0.44) YoY, Sales $4.492M Up From $3.555M YoY",6,increase,0.8,0.6,"the improvement in eps from $(0.44) to $(0.22) and an increase in sales indicates a positive trend in the company's financial performance, which is likely to boost investor confidence and increase the stock price.",2,2019-02-19,UUU,2019-02-19 21:54:00+00:00,79573.0,91382130,-0.051094926893711,34397.0,0.0076923007145524,0.0300751589238643,0.0610687360167503,0.0390625558793544,-0.0431654267013073,-0.0100541468709707,-0.0526316165924072,0.0023255976848304,0.0317460000514984,0.0268247947096824,-0.069230705499649,-0.0085234036669135,0.0661156401038169,-0.0400758124887943,-0.0155038619413971,-0.007518789730966,-0.0314960330724716,0.0390625558793544,0.0028455159626901,0.0422604270279407,0.0133765675127506,-0.0175200458616018,0.1599200218915939,0.0416666269302368,-0.0413132235407829,-0.0082644550129771,-0.079136699438095,-0.024193525314331,-0.0156249850988388,-0.0948905050754547,0.0317460000514984,0.0620155371725559,-0.0153846014291048,-0.0514706261456012,0.0781250223517417,0.133333295583725,-0.0362318493425846,0.0,0.007518789730966,-0.0082644550129771,-0.0074626794084906,0.034099705517292,-0.007518789730966,0.0087069030851125,0.0075757498852908,-0.0085470005869865,-0.007518789730966,-0.0168068055063486,-0.0227273404598236,0.0170941036194562,-0.0310077238827943,0.0086206812411546,0.0347200408577919,-0.0169491376727819,0.0360290557146072,0.0260869320482015,0.0149253588169813,-0.0022558334749192,0.0588235594332218,-0.0394999980926513,-0.0555555820465087,0.0084033524617552,-0.0808823630213737,0.1226416230201721,0.0479999557137489,-0.0185186099261045,-0.0458014868199825,0.0485437586903572,0.0240799896419048,-0.0636364072561264,0.0389813743531703,0.0891089439392089,0.0150375794619321,-0.0380952022969722,-0.0221482031047344,-0.0869565457105636,0.0302250329405069,-0.017094001173973,0.0,-0.0526316240429878,-0.0294117368757724,-0.0351562164723873,0.0227272510528564,0.0,-0.0148148005828261,-0.0229007434099912,0.0150375794619321,0.0396825037896633,-0.0222222004085779,0.0120481811463832,-0.0151515901088714,0.0374999642372131,0.023076994344592,-0.0399999618530273,0.0150375794619321,0.0,-0.0222222004085779,0.0,-0.04545459151268,-0.0384615026414394,-0.0079365000128746,0.0317460000514984,0.0079999919980764,-0.0362551622092723,-0.0079365000128746,0.0804958269000053,0.0079999919980764,-0.0546874478459358,0.0158730000257492,0.0666666030883789,0.0078124925494194,0.0156581383198499,-0.0155038619413971,-0.0235537849366664,-0.0157480165362358,0.0431035123765468,0.0079999919980764,0.0,-0.0079365000128746,-0.0793650969862937,0.0076923007145524,0.0300751589238643,0.0692307958130011,0.0703125273792628,0.0230769922695546,0.0595514480311518,-2.8238549276693443e-09,0.0905038872224128,-0.0511538083666873,0.1155443906844038,0.1076923923979484,0.1416666183818951,-0.0384615020943022,0.087301604699902,2019-02-20,2019-02-21,2019-02-22,2019-02-25,2019-02-26,2019-02-27,2019-02-28,2019-03-01,2019-03-04,2019-03-05,79573.0,2019-02-19,252.0,-5.1095%,0.0014,0.9713,0.4849,0.4742,5.8200%,5.9007%,2.7162%,-0.056134,UUU,79573.0,2019-02-20,252.0,0.7692%,0.0012,0.9685,0.4649,0.4607,5.8166%,5.8968%,2.7034%,0.002072,UUU,79573.0,2019-02-21,252.0,6.1069%,0.0018,0.9188,0.3779,0.3691,5.7986%,5.8714%,2.4634%,0.065938,UUU,79573.0,2019-02-22,252.0,-4.3165%,0.002,0.9216,0.4743,0.4909,5.7847%,5.8572%,2.4610%,-0.04589,UUU,79573.0,2019-02-25,252.0,-5.2632%,0.0009,0.9511,0.53,0.6293,5.5746%,5.6536%,2.7735%,-0.051997,UUU,79573.0,2019-02-26,252.0,3.1746%,0.0011,0.951,0.4776,0.6027,5.5790%,5.6569%,2.7337%,0.038637,UUU,79573.0,2019-02-27,252.0,-6.9231%,0.0015,1.0276,0.3206,0.6152,5.4851%,5.5746%,3.1824%,-0.070371,UUU,79573.0,2019-02-28,252.0,6.6116%,0.0012,1.0845,0.3619,0.6403,5.4389%,5.5391%,3.5830%,0.070675,UUU,79573.0,2019-03-01,252.0,-1.5504%,0.0015,1.0228,0.2701,0.5556,5.4087%,5.4976%,3.2101%,-0.0218909999999999,UUU,79573.0,2019-03-04,252.0,-3.1496%,0.0013,1.0395,0.2406,0.5453,5.4087%,5.5003%,3.3020%,-0.027353,UUU,79573.0,2019-03-05,252.0,0.2846%,0.0013,1.0362,0.2182,0.541,5.4084%,5.4991%,3.2720%,0.0065769999999999,UUU,-0.054062,0.0118759999999999,-0.034014,-0.047374,-0.089737
21363,VASCULAR BIOGENICS LTD NEW,"VBL Therapeutics Will Present Data On Novel VB-600 Platform At Keystone Conference Feb. 26, 2019",6,increase,0.7,0.6,"the presentation of data on a novel platform at a significant conference is likely to generate positive interest and investor confidence in vbl therapeutics, potentially leading to an increase in stock price.",2,2019-02-19,VBLT,2019-02-19 13:23:00+00:00,15020.0,M9688310,0.0291970521211624,208717.0,0.007092191837728,0.0378787517547607,0.0140845775604248,-0.0222222004085779,-0.0208333954215049,-0.0073529342189431,0.0638298094272613,0.0225563682615757,0.0666666850447654,-0.0074626794084906,0.0187499821186065,0.0,0.0,0.0,0.0,0.0307692941278219,-0.0153374085202813,0.0,-0.0093457857146859,0.0156249850988388,0.0188679061830043,0.0158730000257492,0.0061728334985673,-0.023255793377757,0.0030674817971885,0.0238095019012689,0.0030581010505557,0.0161290168762207,0.0243902206420898,-0.0236220248043537,0.0,0.0672268196940422,-0.0089285634458065,0.008474669419229,-0.0030030002817511,0.0,0.030120525509119,0.0260869320482015,0.0233917906880378,-0.0573770925402641,-0.0285714007914066,0.0166666507720947,-0.041176501661539,0.0526316352188587,-0.012269927188754,-0.0172413624823093,-0.0434782914817333,0.0265486482530832,0.0259740799665451,-0.0341880023479461,0.0253164302557706,0.0086206812411546,-0.0370370745658874,0.0642201229929924,-0.0256410017609596,-0.0267856884747743,0.0065789413638412,0.1313131302595139,-0.01960782520473,0.0543130971491336,-0.0133333206176757,-0.0546662732958793,0.0135135008022189,0.0240206103771925,-0.0066666603088378,0.0959213897585868,0.0,0.1391248404979706,-0.0268456116318702,-0.0547445453703403,-0.0068965447135269,0.060234747827053,0.0138888750225305,0.2921666502952576,0.0136986169964075,-0.4117646813392639,-0.0472973324358463,-0.0810811072587966,0.0,0.0776699483394622,0.014184383675456,-0.0550459250807762,-0.013986000791192,-0.0353981964290142,-0.0780141949653625,-0.0341880023479461,0.0153846926987171,0.017391288653016,-0.0075758402235805,-0.0254237055778503,-0.0076335808262228,0.0172413624823093,0.0,-0.0169491376727819,0.023076994344592,-0.0166667494922876,-0.0357142947614193,0.0084033524617552,-0.0253411531448364,-0.0555555038154125,0.0159999839961528,0.0499999485909938,0.0078740082681179,0.0126583166420459,0.031250063329935,0.0304347537457943,-0.0151515901088714,0.0176990982145071,-0.0384615026414394,-0.0341880023479461,0.0079999919980764,-0.0084745688363909,-0.0119047509506344,-0.0084034530445933,-0.0120481811463832,0.0347826816141605,0.0081300735473632,0.0267856884747743,-0.024193525314331,0.0181818008422851,0.007092191837728,0.0378787517547607,0.0212766599241647,0.0148148021334617,-5.667892821747954e-10,0.0073529356489645,0.1347518156304163,0.0223880387533299,0.1276596238085328,0.0703125281555676,0.0638298129626884,0.4589989306412501,-0.141843922687801,0.2454545146458333,2019-02-20,2019-02-21,2019-02-22,2019-02-25,2019-02-26,2019-02-27,2019-02-28,2019-03-01,2019-03-04,2019-03-05,15020.0,2019-02-19,252.0,2.9197%,-0.0034,0.7165,1.38,-0.0267,6.4880%,6.5784%,2.7267%,0.023826,VBLT,15020.0,2019-02-20,252.0,0.7092%,-0.0035,0.716,1.3691,-0.0308,6.4866%,6.5764%,2.7120%,0.002742,VBLT,15020.0,2019-02-21,252.0,1.4085%,-0.0034,0.7072,1.3557,-0.0473,6.4875%,6.5760%,2.6709%,0.017521,VBLT,15020.0,2019-02-22,252.0,-2.0833%,-0.0037,0.7143,1.2773,-0.0335,6.4816%,6.5660%,2.5532%,-0.033681,VBLT,15020.0,2019-02-25,252.0,6.3830%,-0.0035,0.7179,1.2466,-0.0362,6.4930%,6.5761%,2.5111%,0.065919,VBLT,15020.0,2019-02-26,252.0,6.6667%,-0.003,0.7395,1.1158,-0.0864,6.4995%,6.5810%,2.4599%,0.075574,VBLT,15020.0,2019-02-27,252.0,1.8750%,-0.003,0.7327,1.1333,-0.0875,6.4998%,6.5813%,2.4620%,0.015761,VBLT,15020.0,2019-02-28,252.0,0.0000%,-0.003,0.731,1.1323,-0.0898,6.4999%,6.5808%,2.4456%,0.001726,VBLT,15020.0,2019-03-01,252.0,0.0000%,-0.003,0.7392,1.1445,-0.0743,6.4992%,6.5808%,2.4647%,-0.0089959999999999,VBLT,15020.0,2019-03-04,252.0,-1.5337%,-0.0028,0.7136,1.2327,-0.0685,6.4897%,6.5728%,2.5137%,-0.006716,VBLT,15020.0,2019-03-05,252.0,-0.9346%,-0.0028,0.714,1.2341,-0.0676,6.4897%,6.5718%,2.4842%,-0.004566,VBLT,0.026568,0.044089,0.010408,0.151901,0.14911
21371,VERISK ANALYTICS INC,"Verisk Analytics Q4 EPS $1.04 Misses $1.07 Estimate, Sales $613.9M Beat $613.15M Estimate",6,uncertain,0.6,0.2,"while the earnings per share (eps) missed estimates, the sales beat expectations, leading to mixed signals that could result in an uncertain market reaction.",1,2019-02-19,VRSK,2019-02-19 22:04:00+00:00,93089.0,92345Y10,-0.0075769419781863,1090161.0,-0.0128586227074265,0.012435408309102,0.0138402422890067,-0.0006455925758928,0.0040150969289243,0.0017785063246265,0.0015996526926755,0.0131869986653327,0.0009581978083588,0.000901729625184,0.0033506036270409,0.0143867218866944,0.0052477037534117,0.0050986343994736,0.0022146545816212,-0.0024180847685784,-0.0063135935924947,0.0048596719279885,0.0044476017355918,0.0048834034241735,0.0014232648536562,0.011583280749619,-0.000552701880224,-0.0007659262628294,-0.0045030787587165,0.0109265819191932,0.0103166047483682,0.0,0.0074620763771235,-0.0086147608235478,0.0038983316626399,0.0093843853101134,-0.002951146569103,-0.0056501673534512,0.0023412767332047,0.0043851635418832,0.0020245253108441,0.0051858783699572,0.0013986531412228,0.022446034476161,-0.0045006740838289,0.0015932050300762,0.0114584248512983,0.0031965957023203,-0.0067046480253338,0.012951991520822,0.0069826510734856,-0.0074100689962506,0.014793231151998,-0.0055930153466761,0.0007591742323711,0.0103148398920893,0.0075866780243813,0.0037813826929777,0.0014306335942819,0.0089018382132053,0.0093233492225408,0.0010001179762184,0.0049910470843315,0.0441469810903072,0.0103772431612014,-0.0305568315088748,-0.0044016642495989,-0.0035766635555773,-0.0014000621158629,0.0090690674260258,-0.0010330532677471,-0.010167634114623,-0.0016990026924759,0.0156293641775846,-0.0028856780845671,0.0431870818138122,0.0076432088389992,-0.028016235679388,0.0087635507807135,-0.0226790737360715,0.0063513680361211,-0.0159666333347559,-0.0095031755045056,-0.0082770865410566,0.0029296115972101,0.0009004814783111,0.0076676136814057,-0.0244223736226558,-0.0025364598259329,-0.014117419719696,0.013295566663146,-0.006197290495038,0.0002150912623619,0.0130798742175102,-0.0050896536558866,0.0026228628121316,0.0077815540134906,-0.0006116181612014,0.003574748057872,-0.0300847720354795,0.0054855332709848,-0.0198521427810192,-0.0089272670447826,-0.0344855487346649,0.0033600314054638,0.0111093316227197,0.0203776303678751,-0.0041185668669641,0.0012568442616611,0.0002423164696665,-0.0201548188924789,0.0173391457647085,0.0004270288918633,0.006118276156485,-0.0004268466145731,0.0074129551649093,0.0012810867046937,-0.0006659050122834,-0.0156383067369461,-0.0010808785445988,0.0060659418813884,-0.0182041097432375,0.0104794101789593,-0.0107405455783009,-0.0128586227074265,0.012435408309102,0.0008036531278063,0.0117817875259267,0.0048219768019361,0.0135812478341834,0.0073937013735012,0.0278733712387222,0.0163947681009453,0.0556537910605703,0.0863395649574687,0.1903540795394849,0.1336066901748156,0.0125171219831217,2019-02-20,2019-02-21,2019-02-22,2019-02-25,2019-02-26,2019-02-27,2019-02-28,2019-03-01,2019-03-04,2019-03-05,93089.0,2019-02-19,252.0,-0.7577%,0.0008,0.8649,-0.2336,-0.1051,0.8378%,1.2605%,55.8206%,-0.008357,VRSK,93089.0,2019-02-20,252.0,-1.2859%,0.0007,0.8604,-0.2461,-0.1218,0.8419%,1.2632%,55.5819%,-0.01351,VRSK,93089.0,2019-02-21,252.0,1.3840%,0.0009,0.8515,-0.2606,-0.1381,0.8427%,1.2602%,55.2887%,0.016471,VRSK,93089.0,2019-02-22,252.0,0.4015%,0.0007,0.8534,-0.299,-0.1506,0.8242%,1.2530%,56.7267%,-0.002217,VRSK,93089.0,2019-02-25,252.0,0.1600%,0.0007,0.8537,-0.2979,-0.1489,0.8242%,1.2529%,56.7278%,-0.000829,VRSK,93089.0,2019-02-26,252.0,0.0958%,0.0007,0.8514,-0.2945,-0.1489,0.8238%,1.2474%,56.3926%,-0.000174,VRSK,93089.0,2019-02-27,252.0,0.3351%,0.0007,0.8478,-0.2873,-0.1495,0.8222%,1.2416%,56.1459%,0.002865,VRSK,93089.0,2019-02-28,252.0,0.5248%,0.0007,0.8488,-0.2865,-0.1504,0.8229%,1.2413%,56.0583%,0.00746,VRSK,93089.0,2019-03-01,252.0,0.2215%,0.0007,0.8469,-0.2893,-0.1512,0.8233%,1.2399%,55.9144%,-0.003757,VRSK,93089.0,2019-03-04,252.0,-0.6314%,0.0007,0.8478,-0.2895,-0.1521,0.8235%,1.2385%,55.7873%,-0.002567,VRSK,93089.0,2019-03-05,252.0,0.4448%,0.0007,0.8474,-0.2903,-0.1539,0.8238%,1.2386%,55.7593%,0.004536,VRSK,-0.0218669999999999,-0.0053959999999999,-0.0076129999999999,-0.0086159999999999,-7.899999999999921e-05
21379,VIRTUS INVESTMENT PARTNERS INC,"Barclays Maintains Equal-Weight on Virtus Investment, Raises Price Target to $95",6,increase,0.7,0.6,"the price target increase to $95 suggests a positive outlook for the stock, which may lead to an increase in its price.",2,2019-02-19,VRTS,2019-02-19 13:57:00+00:00,92871.0,92828Q10,0.0226153396070003,71593.0,0.0081580681726336,0.0114883817732334,0.0044847331009805,0.0080967601388692,0.0165000930428504,0.0350058674812316,0.0152773652225732,0.0246738772839307,0.0067713833414018,-0.0088342996314167,0.0058850743807852,-0.0210925973951816,-0.0498700104653835,-0.0009483085596002,0.0140748945996165,0.0109715219587087,-0.0135903963819146,0.0272458456456661,-0.0041039492934942,0.0137548288330435,-0.0269819479435682,0.0020006701815873,-0.0175456069409847,0.0240154862403869,0.0071846139617264,-0.0081893512979149,0.022521136328578,-0.0102153923362493,-0.0042853564955294,0.0015569326933473,0.0103092659264802,0.0205424763262271,0.0,0.0069714356213808,-0.0047553335316479,-0.0386727824807167,0.026478236541152,-0.0303612016141414,-0.020946504548192,0.0523543283343315,-0.0178287979215383,0.0182648226618766,0.0134126078337431,0.0371773540973663,-0.0402030162513256,0.066010296344757,-0.0160704553127288,-0.0136934947222471,0.0305584985762834,-0.0265389587730169,0.0049079316668212,-0.0122097712010145,0.0011192573001608,0.00747711956501,-0.0085374154150486,0.0039956634864211,0.0519733428955078,0.0069495211355388,0.0188072528690099,0.0191351044923067,0.0026781326159834,-0.0065423869527876,0.0139273023232817,0.0198917519301176,0.0270016249269247,-0.001508519751951,0.0061377622187137,0.054200954735279,-0.0140216778963804,0.0142472786828875,0.029550252482295,0.0556185878813266,0.0349807292222976,-0.028130080550909,0.0101395109668374,-0.0274909883737564,0.0205902680754661,-0.0158373638987541,0.0132817905396223,-0.0227009169757366,-0.0035672830417752,-0.0183591358363628,-0.0166514031589031,-0.0220405980944633,0.0077893333509564,-0.0146412514150142,0.0001680607674643,-0.0524855591356754,0.0004199531394988,0.0236686393618583,0.0148614970967173,0.0,0.0259783174842596,0.0151369795203208,0.0079831853508949,-0.0256350506097078,-0.0147850252687931,-0.0650104209780693,0.001631163409911,-0.0337351411581039,-0.0097711663693189,-0.0046316045336425,0.0093742236495018,0.0088138673454523,-0.0126273157075047,-0.0087368609383702,-0.005693026818335,0.0207370836287736,-0.0112023772671818,-0.0343432016670703,-0.0109936650842428,-0.0019675099756568,0.0151888076215982,0.011521928012371,-0.0392844937741756,0.0127294436097145,0.0138332722708582,-0.0635740682482719,0.0107268514111638,-0.0217666439712047,0.0081580681726336,0.0114883817732334,0.0126793880319879,0.0196781605837044,0.0293886921570927,0.0553728791466037,0.0521919137292015,0.0718594934109704,0.0017692189530444,0.1036050588016357,0.0276194751709726,0.243946289437545,0.162772986649351,-0.0271810440941617,2019-02-20,2019-02-21,2019-02-22,2019-02-25,2019-02-26,2019-02-27,2019-02-28,2019-03-01,2019-03-04,2019-03-05,92871.0,2019-02-19,252.0,2.2615%,-0.0006,1.1394,0.8612,0.7701,1.4010%,1.8192%,40.6919%,0.015592,VRTS,92871.0,2019-02-20,252.0,0.8158%,-0.0006,1.1397,0.8629,0.7715,1.4009%,1.8199%,40.7467%,-0.000237,VRTS,92871.0,2019-02-21,252.0,0.4485%,-0.0005,1.1335,0.8528,0.76,1.4015%,1.8151%,40.3819%,0.01098,VRTS,92871.0,2019-02-22,252.0,1.6500%,-0.0005,1.1311,0.8601,0.7372,1.4049%,1.8182%,40.2943%,0.0155139999999999,VRTS,92871.0,2019-02-25,252.0,1.5277%,-0.0004,1.1301,0.8506,0.7288,1.4085%,1.8198%,40.0993%,0.017044,VRTS,92871.0,2019-02-26,252.0,0.6771%,-0.0003,1.1329,0.8247,0.7177,1.4108%,1.8203%,39.9315%,0.016328,VRTS,92871.0,2019-02-27,252.0,0.5885%,-0.0003,1.1307,0.83,0.7174,1.4106%,1.8187%,39.8408%,0.00406,VRTS,92871.0,2019-02-28,252.0,-4.9870%,-0.0005,1.1483,0.8406,0.7405,1.4347%,1.8453%,39.5545%,-0.0448379999999999,VRTS,92871.0,2019-03-01,252.0,1.4075%,-0.0005,1.1571,0.8538,0.7511,1.4332%,1.8472%,39.7975%,0.006242,VRTS,92871.0,2019-03-04,252.0,-1.3590%,-0.0006,1.1601,0.8498,0.749,1.4335%,1.8490%,39.8929%,-0.007178,VRTS,92871.0,2019-03-05,252.0,-0.4104%,-0.0005,1.1636,0.8783,0.7504,1.4295%,1.8491%,40.2383%,0.00221,VRTS,0.015355,0.026335,0.041849,0.075221,0.035717
21387,WASTE CONNECTIONS INC NEW,"Waste Connections Reports Chair, CEO Ronald Mittelstaedt Temporary Leave Of Absence",6,uncertain,0.6,0.3,"the temporary leave of absence of a key executive like the chair and ceo may create uncertainty among investors, potentially leading to volatility in the stock price.",1,2019-02-19,WCN,2019-02-19 21:41:00+00:00,92949.0,94106B10,-0.0042260140180587,601210.0,0.0116405850276351,0.0224691312760114,-0.003475978737697,-0.0347950235009193,0.0033677986357361,-0.012124765664339,-0.0061135762371122,0.0152981812134385,-0.0020504859276115,-0.0004778511065524,0.0132946399971842,-0.0007162177353166,-0.0033396328799426,-0.0042790994048118,0.0037169971037656,-0.0043787308968603,0.0082427719607949,0.0099199451506137,-0.0020141962449997,-0.0087667983025312,0.0018995135324075,0.0101724043488502,0.0047399164177477,0.0094225509092211,-0.0002359272621106,0.0217230580747127,0.0089654615148901,0.0047122677788138,-0.0047935931943356,-0.0041986163705587,0.0009397814865224,0.0089708594605326,-0.0044600619003176,-0.0013686774764209,-0.0040084454230964,0.0016202004626393,0.0050899656489491,-0.0023623330052942,-0.002826586831361,0.017714811488986,-0.0033069420605897,0.0085502574220299,0.0094798328354954,-0.0074730380438268,0.0017606983892619,0.0166107807308435,0.0117178354412317,0.0027115135453641,0.0177207142114639,0.0029784475918859,0.0040969680994749,0.0140512101352214,0.0056670065969228,0.0080752000212669,-0.0015778994420543,0.0113803511485457,-0.0106106204912066,0.0090516861528158,-0.0039931372739374,0.0098225586116313,0.0108819808810949,-0.0054273256100714,-0.0069121881388127,-0.0074074487201869,0.0025102831423282,0.0065067559480667,-0.0011381569784134,-0.0021642588544636,-0.000569770403672,0.0135727701708674,0.0076387887820601,0.0294989980757236,-0.010635832324624,-0.0222191642969846,0.006518751848489,-0.0262062158435583,0.0118168490007519,-0.0116881029680371,-0.0038181240670382,0.0010637127561494,-0.0056363432668149,-0.0011952717322856,0.0038544833660125,-0.0209335647523403,0.0028232636395841,-0.0085083926096558,0.0050675328820943,0.0002578548446763,-0.0001120687520597,0.0044036260806024,0.0208426788449287,0.0073059042915701,0.007464328315109,-0.0029916199855506,0.0049030790105462,-0.0132204638794064,0.0058548548258841,0.0,-0.0090546123683452,-0.003835768206045,0.0034809061326086,-0.0034404213074594,0.0073712770827114,0.002298854291439,0.0,-0.0076045431196689,-0.0176477245986461,0.0272100511938333,0.0024141471367329,-0.0018193554133176,0.0028462193440645,0.0123667251318693,0.0136447986587882,0.0021094747353345,-0.0069998009130358,0.0101212169975042,0.0056393481791019,-0.0206078235059976,0.0140191456303,-0.00208256742917,0.011640585027635,0.0224691312760114,0.0081241438638877,-0.0131077061757018,0.0115193029802451,-0.0250735439742635,0.0032738767156395,-0.010631939024901,0.023300526559427,-0.0188366800095425,0.0605975969964418,0.1298771601122197,0.1443652122232348,0.0779643033252681,2019-02-20,2019-02-21,2019-02-22,2019-02-25,2019-02-26,2019-02-27,2019-02-28,2019-03-01,2019-03-04,2019-03-05,92949.0,2019-02-19,252.0,-0.4226%,0.0006,0.6003,-0.1274,-0.0657,0.7873%,1.0215%,40.6049%,-0.004954,WCN,92949.0,2019-02-20,252.0,1.1641%,0.0006,0.6006,-0.1389,-0.0679,0.7704%,1.0093%,41.7336%,0.011042,WCN,92949.0,2019-02-21,252.0,-0.3476%,0.0006,0.5996,-0.1414,-0.0696,0.7701%,1.0086%,41.7022%,-0.001607,WCN,92949.0,2019-02-22,252.0,0.3368%,0.0006,0.5999,-0.1432,-0.0681,0.7701%,1.0086%,41.6957%,-0.0008759999999999,WCN,92949.0,2019-02-25,252.0,-0.6114%,0.0005,0.6006,-0.1384,-0.063,0.7709%,1.0088%,41.5964%,-0.007608,WCN,92949.0,2019-02-26,252.0,-0.2050%,0.0005,0.6052,-0.139,-0.0598,0.7700%,1.0088%,41.7349%,-0.002283,WCN,92949.0,2019-02-27,252.0,1.3295%,0.0005,0.6027,-0.1309,-0.0602,0.7729%,1.0082%,41.2297%,0.012842,WCN,92949.0,2019-02-28,252.0,-0.3340%,0.0005,0.6045,-0.1297,-0.0584,0.7729%,1.0081%,41.2199%,-0.001696,WCN,92949.0,2019-03-01,252.0,0.3717%,0.0005,0.6002,-0.1361,-0.0645,0.7717%,1.0050%,41.0369%,-0.000582,WCN,92949.0,2019-03-04,252.0,0.8243%,0.0006,0.6035,-0.1565,-0.0632,0.7720%,1.0061%,41.1200%,0.010981,WCN,92949.0,2019-03-05,252.0,-0.2014%,0.0006,0.6051,-0.1455,-0.0612,0.7714%,1.0061%,41.2180%,-0.001715,WCN,0.006088,0.004481,0.003605,-0.0062859999999999,0.013544
21395,ENCORE WIRE CORP,"Encore Wire Q4 EPS $1.20 Beats $0.75 Estimate, Sales $319.727M Beat $296.4M Estimate",6,increase,0.85,0.7,"the company's earnings per share and sales both significantly exceeded estimates, which typically indicates strong financial performance and can lead to a positive reaction in the stock price.",2,2019-02-19,WIRE,2019-02-19 21:26:00+00:00,77785.0,29256210,0.026272552087903,303337.0,0.0289777964353561,0.0110681112855672,0.0020732365082949,-0.0055035636760294,0.012068978510797,-0.0016483544604852,0.0010221048723906,0.0238139238208532,0.0176991317421197,0.0026321338955312,0.0091973114758729,-0.0128062814474105,-0.0183926559984684,-0.0077347732149064,0.0037136629689484,-0.0012874691747128,-0.0104271601885557,-0.0031170146539807,-0.0006798251997679,0.0135662425309419,-0.0178571306169033,-0.0016697616083547,0.0048484639264643,0.0099307214841246,0.0018955818377435,0.0181228686124086,0.0177158378064632,0.0073020225390791,0.012337390333414,-0.0117736216634511,-0.0055092126131057,0.0078468872234225,-0.0053718262352049,0.0028791080694645,0.006244707852602,-0.0102583765983581,0.0075478157959878,-0.0049149738624691,-0.0086565753445029,-0.0020750197581946,-0.009403821080923,0.0206006877124309,0.0111883338540792,0.0032837197650223,-0.0529756881296634,0.0013539592036977,0.0152238765731453,0.0001935023465193,-0.0020923963747918,-0.0019309188937768,-0.0006989501416683,0.0111284591257572,0.0001748930953908,0.0029371751006692,0.0003496583376545,0.0013725430471822,0.0138063104823231,-0.0003920120943803,0.0037924707867205,0.0372027233242988,0.0017173592932522,-0.0259303599596023,0.0080603221431374,0.0067756106145679,0.0023817522451281,0.0137373795732855,0.009164985269308,0.0284645520150661,-0.015472556464374,0.0006237545749172,0.0152032691985368,0.0328537411987781,0.0075719463638961,-0.0212274510413408,0.0095190331339836,0.0074105928651988,0.0014888362493366,0.0063924831338226,0.0074331145733594,-0.0229023210704326,0.0013116578338667,0.0258436370640993,-0.0037661625538021,-0.019065573811531,-0.0182445850223302,-0.0058320933021605,0.011217176914215,-0.0096947448328137,0.0127482889220118,0.0202020015567541,-0.0273009352385997,0.0006316861836239,-0.008067219518125,0.0099957725033164,0.0118603995069861,-0.0115618929266929,-0.0072002727538347,0.0014736778102815,-0.0652724355459213,-0.048858605325222,0.0043305968865752,-0.000400329416152,0.0321595557034015,-0.0087302066385746,0.0146214123815298,0.0077985045500099,-0.0247041080147028,0.0250050704926252,-0.0028144214302301,-0.0032686383929103,0.0007056079921312,0.0185185056179761,-0.002467819256708,-0.0029045515693724,-0.0432938821613788,-0.0072090313769876,0.0073882811702787,-0.0132114132866263,-0.0137513745576143,-0.019725002348423,0.0289777964353561,0.0110681112855672,0.0311111107691508,0.0055036335543043,0.0435555686072677,0.003846207154901,0.0631110976326441,0.0304569044095557,0.0453333200037571,0.018583904277595,0.0351999920647616,0.1142509229765433,-0.0434053234110343,0.092494278598179,2019-02-20,2019-02-21,2019-02-22,2019-02-25,2019-02-26,2019-02-27,2019-02-28,2019-03-01,2019-03-04,2019-03-05,77785.0,2019-02-19,252.0,2.6273%,0.0008,1.074,1.2087,0.678,1.4548%,1.8756%,39.8371%,0.0186339999999999,WIRE,77785.0,2019-02-20,252.0,2.8978%,0.0008,1.0783,1.2128,0.6918,1.4580%,1.8805%,39.8872%,0.020449,WIRE,77785.0,2019-02-21,252.0,0.2073%,0.0008,1.0763,1.2105,0.6882,1.4588%,1.8786%,39.7029%,0.008403,WIRE,77785.0,2019-02-22,252.0,1.2069%,0.0005,1.0802,1.0811,0.6169,1.3245%,1.7639%,43.6194%,0.008431,WIRE,77785.0,2019-02-25,252.0,0.1022%,0.0005,1.0799,1.0795,0.6149,1.3245%,1.7637%,43.6036%,0.0032229999999999,WIRE,77785.0,2019-02-26,252.0,1.7699%,0.0005,1.0695,1.0509,0.5926,1.3350%,1.7627%,42.6425%,0.028265,WIRE,77785.0,2019-02-27,252.0,0.9197%,0.0006,1.0714,1.0494,0.5929,1.3354%,1.7635%,42.6632%,0.0068489999999999,WIRE,77785.0,2019-02-28,252.0,-1.8393%,0.0005,1.0732,1.0501,0.5976,1.3384%,1.7642%,42.4460%,-0.013899,WIRE,77785.0,2019-03-01,252.0,0.3714%,0.0005,1.0788,1.0584,0.6087,1.3370%,1.7637%,42.5343%,-0.004758,WIRE,77785.0,2019-03-04,252.0,-1.0427%,0.0005,1.0729,1.0811,0.6095,1.3344%,1.7622%,42.6597%,-0.003048,WIRE,77785.0,2019-03-05,252.0,-0.0680%,0.0005,1.0723,1.08,0.6071,1.3348%,1.7594%,42.4411%,0.005868,WIRE,0.039083,0.047486,0.055917,0.087405,0.078417
21403,WILLDAN GROUP INC,Willdan Wins $7.5M Project For Plant Upgrades At New York Multi-Family Building Coop,6,increase,0.8,0.6,"winning a $7.5 million project indicates strong business performance and potential revenue growth, which is likely to positively impact investor sentiment and the stock price.",2,2019-02-19,WLDN,2019-02-19 13:17:00+00:00,91625.0,96924N10,0.0116184903308749,39140.0,0.0181624013930559,0.0314937904477119,-0.0188876558095216,0.0033557815477252,0.0262031946331262,0.0073238965123891,0.003908225800842,0.0082363225519657,-0.0057097692042589,0.0167484264820814,-0.0117462994530797,0.0105048324912786,0.0005282741039991,-0.0026193291414529,0.0311510097235441,0.0327622517943382,-0.0061444360762834,0.0069612450897693,-0.004379138816148,-0.0060168700292706,-0.0116429692134261,-0.0121842445805668,-0.0130890049040317,0.0038783133495599,-0.0450928583741188,0.0090306811034679,0.0266666412353515,-0.008949858136475,-0.002435069065541,-0.0138276312500238,0.0105776889249682,0.0038393698632717,-0.0155662382021546,0.005344427190721,-0.0158124808222055,0.0011890878668054,-0.0124652897939086,-0.0277456399053335,0.0,0.0303751211613416,-0.0030855708755552,0.0099248671904206,-0.008159845136106,-0.0059790960513055,-0.017588622868061,0.0254445690661668,0.025122694671154,-0.0262686889618635,0.0033802515827119,-0.0401146560907363,0.0089837089180946,-0.0127297583967447,0.0061213476583361,-0.0213178433477878,0.0251659248024225,0.0126156657934188,0.0048556867986917,0.0182700380682945,0.0190603788942098,0.0360839217901229,-0.0084299184381961,-0.0096660228446125,-0.0140807330608367,-0.0240137260407209,0.0132039301097393,0.0288235154002904,-0.0002659128222148,0.019796036183834,0.010907151736319,-0.0002997997507918,0.0081579312682151,0.0590663291513919,0.0005220688180997,-0.0211376566439867,0.017479732632637,0.0028053720016032,0.0066666235215961,-0.0086526200175285,0.0112073980271816,-0.02324178814888,0.0027707961853593,-0.0054037915542721,0.010801313444972,-0.0325297378003597,-0.0171471778303384,-0.0210405997931957,0.0159292314201593,-0.0303281582891941,-0.0044798483140766,-0.00082641269546,-0.005000018980354,-0.0046614198945462,0.0045226207002997,-0.0264281332492828,-0.0012506062630563,0.0146262440830469,-0.0100175691768527,0.0140070952475071,0.0037946251686662,-0.0495954453945159,-0.0015121314208954,0.016450060531497,-0.031044915318489,0.029781425371766,-0.0093774581328034,-0.0299496706575155,0.0034183820243924,0.0460216216742992,-0.0165094621479511,0.0022227845620363,-0.0149213317781686,0.0160927027463913,0.0146063584834337,-0.0097848000004887,-0.0263929069042205,0.0220000129193067,-0.0358707942068576,-0.0223463475704193,0.0065322224982082,-0.0055555766448378,0.0181624013930559,0.0314937904477119,-0.0010682996026522,0.0349552582762895,0.0251069021680592,0.0425351634828581,0.0232372522611281,0.0687264558763496,0.0323184529770197,0.1134174614350096,0.0138889006811018,0.0946464578505863,-0.0534188089202545,0.0280555072679249,2019-02-20,2019-02-21,2019-02-22,2019-02-25,2019-02-26,2019-02-27,2019-02-28,2019-03-01,2019-03-04,2019-03-05,91625.0,2019-02-19,252.0,1.1618%,0.0025,0.8203,0.8278,0.514,2.3842%,2.5420%,12.0248%,0.006017,WLDN,91625.0,2019-02-20,252.0,1.8162%,0.0026,0.8239,0.8403,0.5279,2.3841%,2.5435%,12.1476%,0.011856,WLDN,91625.0,2019-02-21,252.0,-1.8888%,0.0025,0.8307,0.8505,0.5406,2.3858%,2.5472%,12.2693%,-0.014137,WLDN,91625.0,2019-02-22,252.0,2.6203%,0.0026,0.8269,0.8731,0.5157,2.3881%,2.5509%,12.3570%,0.023972,WLDN,91625.0,2019-02-25,252.0,0.3908%,0.0026,0.8273,0.872,0.5167,2.3881%,2.5509%,12.3576%,0.005766,WLDN,91625.0,2019-02-26,252.0,-0.5710%,0.0026,0.833,0.8662,0.518,2.3873%,2.5514%,12.4503%,0.0028,WLDN,91625.0,2019-02-27,252.0,-1.1746%,0.0025,0.8285,0.8694,0.5172,2.3888%,2.5515%,12.3503%,-0.01362,WLDN,91625.0,2019-02-28,252.0,0.0528%,0.0026,0.8246,0.8669,0.5141,2.3884%,2.5489%,12.1965%,0.004116,WLDN,91625.0,2019-03-01,252.0,3.1151%,0.0026,0.8296,0.8743,0.5115,2.3925%,2.5537%,12.2287%,0.024666,WLDN,91625.0,2019-03-04,252.0,-0.6144%,0.0026,0.8383,0.8482,0.5086,2.3899%,2.5522%,12.3163%,-0.0004179999999999,WLDN,91625.0,2019-03-05,252.0,-0.4379%,0.0026,0.8435,0.8874,0.513,2.3860%,2.5521%,12.5953%,0.000806,WLDN,0.017873,0.0037359999999999,0.027708,0.036274,0.051824
21411,WESTLAKE CORP,"Westlake Chemical shares are trading lower after the company missed Q4 EPS and sales estimates,",6,decrease,0.85,0.7,"missing earnings per share and sales estimates typically signals weaker financial performance, which can lead to a decline in stock price.",0,2019-02-19,WLK,2019-02-19 17:00:00+00:00,90312.0,96041310,-0.047601368278265,2781086.0,0.0371284000575542,0.0395886115729808,-0.0640881583094596,0.0032237265259027,0.0106995198875665,0.0029746941290795,-0.0230249818414449,0.0334135256707668,-0.0185561794787645,0.0174054764211177,0.003462124383077,-0.0056787207722663,-0.035743810236454,-0.0238880515098571,-0.0031487219966948,-0.0267180707305669,0.0142138954252004,0.0320827029645443,-0.0169874988496303,0.0011946372687816,0.0175691414624452,0.0194857213646173,-0.0247664861381053,-0.0406334847211837,-0.0200261902064085,0.0040406356565654,0.0183621775358915,0.0315987430512905,-0.0031989763956516,-0.0097203161567449,0.0123996855691075,0.0324443317949771,-0.0099423984065651,0.003310315310955,0.0074225314892828,-0.0324302725493907,0.0128575470298528,-0.037260714918375,-0.0114106833934783,0.0307244025170803,-0.0036069832276552,0.0107081122696399,0.0092672957107424,0.0292051639407873,-0.0519368052482605,-0.0206422880291938,-0.0183111242949962,-0.0126548148691654,0.0295976269990205,-0.0088460287079215,0.0004491507424972,0.0050424262881278,0.0119725093245506,0.011272195726633,0.0035492139868438,0.0656370148062706,0.0284409113228321,0.0051746531389653,0.0114628942683339,0.0665337443351745,0.0134580628946423,-0.0330565646290779,0.041654959321022,0.0194952543824911,0.0217391680926084,0.0244620200246572,-0.0045967753976583,-0.0063077486120164,-0.0151735255494713,0.0221732947975397,0.0038853285368531,0.0455442368984222,-0.0036033182404935,-0.00944628380239,0.0233056228607893,-0.0042166449129581,0.0151831936091184,-0.0113836638629436,-0.0083805304020643,-0.032873298972845,-0.0149525608867406,-0.0078461868688464,-0.007259807549417,0.0057249381206929,-0.0055843396112322,-0.0353731736540794,0.0102954488247633,-0.005344427190721,-0.0243514608591795,0.0158347617834806,-0.0263158213347196,-0.0076324772089719,0.0075229997746646,-0.0226708054542541,-0.0113384909927845,-0.0271769501268863,-0.0244755242019891,-0.0018463978776708,-0.0278136543929576,-0.046193391084671,-0.0906945541501045,0.0183473844081163,0.0298410672694444,0.0093288524076342,-0.0237795002758503,0.0240981392562389,-0.0222616717219352,0.0206665433943271,-0.0072595681995153,-0.0107975816354155,0.0054844911210238,0.0190030019730329,0.0082644624635577,-0.014123011380434,-0.0436065532267093,0.0279999915510416,0.025368520990014,-0.0314249172806739,0.0234035700559616,-0.0285753477364778,0.0371284000575542,0.0395886115729808,-0.0293392490325709,0.0429399609561351,-0.0189536450235145,0.0460423883349738,-0.0593275341296378,0.0998095742446425,-0.0954120057944385,0.0735333313867938,-0.080431151127473,0.2399201806172233,-0.202493135313216,0.1314622592761967,2019-02-20,2019-02-21,2019-02-22,2019-02-25,2019-02-26,2019-02-27,2019-02-28,2019-03-01,2019-03-04,2019-03-05,90312.0,2019-02-19,252.0,-4.7601%,-0.0012,1.267,0.6068,0.6183,1.6531%,2.0819%,36.9538%,-0.0539829999999999,WLK,90312.0,2019-02-20,252.0,3.7128%,-0.001,1.278,0.6423,0.6603,1.6568%,2.0913%,37.2394%,0.029885,WLK,90312.0,2019-02-21,252.0,-6.4088%,-0.0012,1.2964,0.6673,0.6944,1.6919%,2.1288%,36.8374%,-0.057491,WLK,90312.0,2019-02-22,252.0,1.0700%,-0.0013,1.2957,0.6502,0.6704,1.6906%,2.1279%,36.8767%,0.008711,WLK,90312.0,2019-02-25,252.0,-2.3025%,-0.0014,1.299,0.6637,0.6896,1.6870%,2.1266%,37.0667%,-0.022171,WLK,90312.0,2019-02-26,252.0,-1.8556%,-0.0014,1.309,0.666,0.6983,1.6856%,2.1293%,37.3280%,-0.010054,WLK,90312.0,2019-02-27,252.0,0.3462%,-0.0014,1.3085,0.6679,0.6982,1.6857%,2.1281%,37.2502%,0.0017569999999999,WLK,90312.0,2019-02-28,252.0,-3.5744%,-0.0016,1.3192,0.6743,0.7127,1.6944%,2.1384%,37.2111%,-0.0301759999999999,WLK,90312.0,2019-03-01,252.0,-0.3149%,-0.0016,1.3144,0.6672,0.71,1.6954%,2.1331%,36.8219%,-0.0118419999999999,WLK,90312.0,2019-03-04,252.0,1.4214%,-0.0015,1.3111,0.6579,0.7155,1.7013%,2.1343%,36.4617%,0.0208579999999999,WLK,90312.0,2019-03-05,252.0,-1.6987%,-0.0016,1.3106,0.6476,0.7186,1.7013%,2.1318%,36.3062%,-0.011092,WLK,-0.0240979999999999,-0.081589,-0.072878,-0.105103,-0.135598
21419,WESTLAKE CORP,"Westlake Chemical Q4 EPS $0.95 Misses $1.65 Estimate, Sales $1.995B Miss $2.09B Estimate",6,decrease,0.8,0.7,"the significant miss in both eps and sales estimates typically indicates weaker-than-expected financial performance, which is likely to lead to a decrease in stock price.",0,2019-02-19,WLK,2019-02-19 11:35:00+00:00,90312.0,96041310,-0.047601368278265,2781086.0,0.0371284000575542,0.0395886115729808,-0.0640881583094596,0.0032237265259027,0.0106995198875665,0.0029746941290795,-0.0230249818414449,0.0334135256707668,-0.0185561794787645,0.0174054764211177,0.003462124383077,-0.0056787207722663,-0.035743810236454,-0.0238880515098571,-0.0031487219966948,-0.0267180707305669,0.0142138954252004,0.0320827029645443,-0.0169874988496303,0.0011946372687816,0.0175691414624452,0.0194857213646173,-0.0247664861381053,-0.0406334847211837,-0.0200261902064085,0.0040406356565654,0.0183621775358915,0.0315987430512905,-0.0031989763956516,-0.0097203161567449,0.0123996855691075,0.0324443317949771,-0.0099423984065651,0.003310315310955,0.0074225314892828,-0.0324302725493907,0.0128575470298528,-0.037260714918375,-0.0114106833934783,0.0307244025170803,-0.0036069832276552,0.0107081122696399,0.0092672957107424,0.0292051639407873,-0.0519368052482605,-0.0206422880291938,-0.0183111242949962,-0.0126548148691654,0.0295976269990205,-0.0088460287079215,0.0004491507424972,0.0050424262881278,0.0119725093245506,0.011272195726633,0.0035492139868438,0.0656370148062706,0.0284409113228321,0.0051746531389653,0.0114628942683339,0.0665337443351745,0.0134580628946423,-0.0330565646290779,0.041654959321022,0.0194952543824911,0.0217391680926084,0.0244620200246572,-0.0045967753976583,-0.0063077486120164,-0.0151735255494713,0.0221732947975397,0.0038853285368531,0.0455442368984222,-0.0036033182404935,-0.00944628380239,0.0233056228607893,-0.0042166449129581,0.0151831936091184,-0.0113836638629436,-0.0083805304020643,-0.032873298972845,-0.0149525608867406,-0.0078461868688464,-0.007259807549417,0.0057249381206929,-0.0055843396112322,-0.0353731736540794,0.0102954488247633,-0.005344427190721,-0.0243514608591795,0.0158347617834806,-0.0263158213347196,-0.0076324772089719,0.0075229997746646,-0.0226708054542541,-0.0113384909927845,-0.0271769501268863,-0.0244755242019891,-0.0018463978776708,-0.0278136543929576,-0.046193391084671,-0.0906945541501045,0.0183473844081163,0.0298410672694444,0.0093288524076342,-0.0237795002758503,0.0240981392562389,-0.0222616717219352,0.0206665433943271,-0.0072595681995153,-0.0107975816354155,0.0054844911210238,0.0190030019730329,0.0082644624635577,-0.014123011380434,-0.0436065532267093,0.0279999915510416,0.025368520990014,-0.0314249172806739,0.0234035700559616,-0.0285753477364778,0.0371284000575542,0.0395886115729808,-0.0293392490325709,0.0429399609561351,-0.0189536450235145,0.0460423883349738,-0.0593275341296378,0.0998095742446425,-0.0954120057944385,0.0735333313867938,-0.080431151127473,0.2399201806172233,-0.202493135313216,0.1314622592761967,2019-02-20,2019-02-21,2019-02-22,2019-02-25,2019-02-26,2019-02-27,2019-02-28,2019-03-01,2019-03-04,2019-03-05,90312.0,2019-02-19,252.0,-4.7601%,-0.0012,1.267,0.6068,0.6183,1.6531%,2.0819%,36.9538%,-0.0539829999999999,WLK,90312.0,2019-02-20,252.0,3.7128%,-0.001,1.278,0.6423,0.6603,1.6568%,2.0913%,37.2394%,0.029885,WLK,90312.0,2019-02-21,252.0,-6.4088%,-0.0012,1.2964,0.6673,0.6944,1.6919%,2.1288%,36.8374%,-0.057491,WLK,90312.0,2019-02-22,252.0,1.0700%,-0.0013,1.2957,0.6502,0.6704,1.6906%,2.1279%,36.8767%,0.008711,WLK,90312.0,2019-02-25,252.0,-2.3025%,-0.0014,1.299,0.6637,0.6896,1.6870%,2.1266%,37.0667%,-0.022171,WLK,90312.0,2019-02-26,252.0,-1.8556%,-0.0014,1.309,0.666,0.6983,1.6856%,2.1293%,37.3280%,-0.010054,WLK,90312.0,2019-02-27,252.0,0.3462%,-0.0014,1.3085,0.6679,0.6982,1.6857%,2.1281%,37.2502%,0.0017569999999999,WLK,90312.0,2019-02-28,252.0,-3.5744%,-0.0016,1.3192,0.6743,0.7127,1.6944%,2.1384%,37.2111%,-0.0301759999999999,WLK,90312.0,2019-03-01,252.0,-0.3149%,-0.0016,1.3144,0.6672,0.71,1.6954%,2.1331%,36.8219%,-0.0118419999999999,WLK,90312.0,2019-03-04,252.0,1.4214%,-0.0015,1.3111,0.6579,0.7155,1.7013%,2.1343%,36.4617%,0.0208579999999999,WLK,90312.0,2019-03-05,252.0,-1.6987%,-0.0016,1.3106,0.6476,0.7186,1.7013%,2.1318%,36.3062%,-0.011092,WLK,-0.0240979999999999,-0.081589,-0.072878,-0.105103,-0.135598
21427,WILLIS TOWERS WATSON PUB LTD CO,Weight Watchers International shares are trading lower after JP Morgan downgraded the company from Neutral to Underweight and lowered the price target from $37 to $25.,6,uncertain,0.3,0.2,"the news pertains to weight watchers international and does not directly impact willis towers watson pub ltd co, making the effect on its stock price uncertain.",1,2019-02-19,WTW,2019-02-19 16:09:00+00:00,89017.0,G9662910,0.0068412576802074,560398.0,0.0021087196655571,0.0062907868996262,-0.0040332148782908,-0.0144469859078526,0.0041082045063376,-0.0015767592703923,0.0021041592117398,0.0071756332181394,-0.0062408405356109,0.0131092648953199,0.000939009245485,0.0310253910720348,0.0086783803999423,-0.021579684689641,0.0031391307711601,-0.0009008101769722,0.0028396239504218,0.0069544864818453,0.0519502460956573,-0.0045150802470743,-0.061305146664381,0.0203944183886051,-0.0039794472977519,0.0108668655157089,-0.0057579069398343,0.0136589556932449,0.007032279856503,0.003917820751667,0.0018191277049481,-0.0027727168053388,0.0062675261870026,0.0057038418017327,0.0026777270250022,-0.0024655419401824,0.0081276856362819,-0.0034650228917598,0.002476291032508,0.0004411449772305,-0.0067785382270812,0.0108307646587491,-0.0027183415368199,0.0002549614291638,0.0109610548242926,0.0148095013573765,0.0016635685460641,0.0069023733958601,0.0067578759044408,-0.0027274377644062,0.0099550606682896,0.0041734552942216,-0.0041117253713309,0.0111433630809187,-0.0064475615508854,-0.0060296119190752,0.0035995291545987,0.0063980030827224,0.0026188825722783,0.007375419139862,0.0061892927624285,0.0270233862102031,0.0034989300183951,-0.020978083834052,0.0038802560884505,-0.0143553791567683,-0.0024087876081466,0.0061618499457836,0.0020776903256773,0.0045076999813318,-0.002353590214625,0.0133683020249009,0.0056731705553829,0.0153468381613493,0.0040773628279566,-0.0031278077512979,0.0052845133468508,-0.0152001408860087,0.0001106920753954,-0.0131501052528619,0.0026004272513091,-0.0039491271600127,-0.0237846300005912,0.0042966282926499,0.0026568751782178,-0.0161290057003498,-0.0006201759679242,-0.0171940084546804,0.0154575519263744,0.004429908003658,-0.0024444579612463,0.0055519733577966,0.0033971965312957,0.0018756437348201,0.007659459952265,-0.0120766730979085,-0.00016523701197,0.002562420675531,0.0155354337766766,-0.0076917642727494,-0.0486600920557975,-0.023768164217472,0.0178480073809623,0.0105989491567015,0.0071148700080811,0.0060571101494133,-0.0063414326868951,-0.0062699853442609,-0.0236242581158876,0.0156658384948968,0.0063069253228604,-0.0019068394321948,-0.002905786037445,0.0086549948900938,0.0094285365194082,-0.0047852997668087,-0.0166996717453002,0.0024303779937326,0.0096718939021229,-0.0243977811187505,0.0009122385527007,0.0088127525523304,0.0021087196655571,0.0062907868996262,-0.001933000132263,-0.0082470819179145,0.0021672632142204,-0.0098108375254392,-0.001991543568913,0.0103681931462895,0.0663073568890213,0.0207693511783484,0.0418116892852309,0.1570902503449189,0.0320520325055775,0.0715979939276021,2019-02-20,2019-02-21,2019-02-22,2019-02-25,2019-02-26,2019-02-27,2019-02-28,2019-03-01,2019-03-04,2019-03-05,89017.0,2019-02-19,252.0,0.6841%,0.0005,0.7466,-0.165,0.4695,1.0065%,1.2449%,34.6334%,0.004399,WLTW,89017.0,2019-02-20,252.0,0.2109%,0.0005,0.7463,-0.1641,0.469,1.0064%,1.2449%,34.6420%,-0.0016289999999999,WLTW,89017.0,2019-02-21,252.0,-0.4033%,0.0004,0.7492,-0.1585,0.4742,1.0054%,1.2451%,34.8029%,-0.000408,WLTW,89017.0,2019-02-22,252.0,0.4108%,0.0005,0.7477,-0.1433,0.4704,1.0041%,1.2424%,34.6836%,0.006981,WLTW,89017.0,2019-02-25,252.0,0.2104%,0.0005,0.7471,-0.1443,0.4676,1.0036%,1.2417%,34.6729%,0.001357,WLTW,89017.0,2019-02-26,252.0,-0.6241%,0.0005,0.7421,-0.1325,0.4699,1.0020%,1.2350%,34.1626%,-0.004526,WLTW,89017.0,2019-02-27,252.0,0.0939%,0.0005,0.7427,-0.1334,0.47,1.0020%,1.2341%,34.0716%,0.000987,WLTW,89017.0,2019-02-28,252.0,0.8678%,0.0005,0.7441,-0.132,0.4683,1.0037%,1.2351%,33.9656%,0.0120819999999999,WLTW,89017.0,2019-03-01,252.0,0.3139%,0.0005,0.7375,-0.1419,0.4583,1.0014%,1.2289%,33.6055%,-5.3e-05,WLTW,89017.0,2019-03-04,252.0,0.2840%,0.0006,0.7329,-0.1301,0.4602,1.0001%,1.2232%,33.1519%,0.00423,WLTW,89017.0,2019-03-05,252.0,5.1950%,0.0008,0.7247,-0.1596,0.4347,1.0545%,1.2652%,30.5320%,0.053807,WLTW,0.00277,0.002362,0.009343,0.006174,0.077227
21435,WILLIS TOWERS WATSON PUB LTD CO,3 Reasons For JPMorgan's Weight Watchers Downgrade,6,uncertain,0.4,0.2,the news about jpmorgan's downgrade of weight watchers does not directly relate to willis towers watson and its impact on the stock price is unclear.,1,2019-02-19,WTW,2019-02-19 14:25:00+00:00,89017.0,G9662910,0.0068412576802074,560398.0,0.0021087196655571,0.0062907868996262,-0.0040332148782908,-0.0144469859078526,0.0041082045063376,-0.0015767592703923,0.0021041592117398,0.0071756332181394,-0.0062408405356109,0.0131092648953199,0.000939009245485,0.0310253910720348,0.0086783803999423,-0.021579684689641,0.0031391307711601,-0.0009008101769722,0.0028396239504218,0.0069544864818453,0.0519502460956573,-0.0045150802470743,-0.061305146664381,0.0203944183886051,-0.0039794472977519,0.0108668655157089,-0.0057579069398343,0.0136589556932449,0.007032279856503,0.003917820751667,0.0018191277049481,-0.0027727168053388,0.0062675261870026,0.0057038418017327,0.0026777270250022,-0.0024655419401824,0.0081276856362819,-0.0034650228917598,0.002476291032508,0.0004411449772305,-0.0067785382270812,0.0108307646587491,-0.0027183415368199,0.0002549614291638,0.0109610548242926,0.0148095013573765,0.0016635685460641,0.0069023733958601,0.0067578759044408,-0.0027274377644062,0.0099550606682896,0.0041734552942216,-0.0041117253713309,0.0111433630809187,-0.0064475615508854,-0.0060296119190752,0.0035995291545987,0.0063980030827224,0.0026188825722783,0.007375419139862,0.0061892927624285,0.0270233862102031,0.0034989300183951,-0.020978083834052,0.0038802560884505,-0.0143553791567683,-0.0024087876081466,0.0061618499457836,0.0020776903256773,0.0045076999813318,-0.002353590214625,0.0133683020249009,0.0056731705553829,0.0153468381613493,0.0040773628279566,-0.0031278077512979,0.0052845133468508,-0.0152001408860087,0.0001106920753954,-0.0131501052528619,0.0026004272513091,-0.0039491271600127,-0.0237846300005912,0.0042966282926499,0.0026568751782178,-0.0161290057003498,-0.0006201759679242,-0.0171940084546804,0.0154575519263744,0.004429908003658,-0.0024444579612463,0.0055519733577966,0.0033971965312957,0.0018756437348201,0.007659459952265,-0.0120766730979085,-0.00016523701197,0.002562420675531,0.0155354337766766,-0.0076917642727494,-0.0486600920557975,-0.023768164217472,0.0178480073809623,0.0105989491567015,0.0071148700080811,0.0060571101494133,-0.0063414326868951,-0.0062699853442609,-0.0236242581158876,0.0156658384948968,0.0063069253228604,-0.0019068394321948,-0.002905786037445,0.0086549948900938,0.0094285365194082,-0.0047852997668087,-0.0166996717453002,0.0024303779937326,0.0096718939021229,-0.0243977811187505,0.0009122385527007,0.0088127525523304,0.0021087196655571,0.0062907868996262,-0.001933000132263,-0.0082470819179145,0.0021672632142204,-0.0098108375254392,-0.001991543568913,0.0103681931462895,0.0663073568890213,0.0207693511783484,0.0418116892852309,0.1570902503449189,0.0320520325055775,0.0715979939276021,2019-02-20,2019-02-21,2019-02-22,2019-02-25,2019-02-26,2019-02-27,2019-02-28,2019-03-01,2019-03-04,2019-03-05,89017.0,2019-02-19,252.0,0.6841%,0.0005,0.7466,-0.165,0.4695,1.0065%,1.2449%,34.6334%,0.004399,WLTW,89017.0,2019-02-20,252.0,0.2109%,0.0005,0.7463,-0.1641,0.469,1.0064%,1.2449%,34.6420%,-0.0016289999999999,WLTW,89017.0,2019-02-21,252.0,-0.4033%,0.0004,0.7492,-0.1585,0.4742,1.0054%,1.2451%,34.8029%,-0.000408,WLTW,89017.0,2019-02-22,252.0,0.4108%,0.0005,0.7477,-0.1433,0.4704,1.0041%,1.2424%,34.6836%,0.006981,WLTW,89017.0,2019-02-25,252.0,0.2104%,0.0005,0.7471,-0.1443,0.4676,1.0036%,1.2417%,34.6729%,0.001357,WLTW,89017.0,2019-02-26,252.0,-0.6241%,0.0005,0.7421,-0.1325,0.4699,1.0020%,1.2350%,34.1626%,-0.004526,WLTW,89017.0,2019-02-27,252.0,0.0939%,0.0005,0.7427,-0.1334,0.47,1.0020%,1.2341%,34.0716%,0.000987,WLTW,89017.0,2019-02-28,252.0,0.8678%,0.0005,0.7441,-0.132,0.4683,1.0037%,1.2351%,33.9656%,0.0120819999999999,WLTW,89017.0,2019-03-01,252.0,0.3139%,0.0005,0.7375,-0.1419,0.4583,1.0014%,1.2289%,33.6055%,-5.3e-05,WLTW,89017.0,2019-03-04,252.0,0.2840%,0.0006,0.7329,-0.1301,0.4602,1.0001%,1.2232%,33.1519%,0.00423,WLTW,89017.0,2019-03-05,252.0,5.1950%,0.0008,0.7247,-0.1596,0.4347,1.0545%,1.2652%,30.5320%,0.053807,WLTW,0.00277,0.002362,0.009343,0.006174,0.077227
21443,WILLIS TOWERS WATSON PUB LTD CO,UPDATE: JPMorgan Downgrades Weight Watchers As Firm 'checks indicate that WW app Daily Active Users (DAU) continue to contract in the most important period of the year'; Firm Sees 'competitors Noom and Diet Doctor continue to gain traffic share',6,uncertain,0.4,0.2,"the news pertains to weight watchers and its app performance, which does not directly impact willis towers watson's business or stock price.",1,2019-02-19,WTW,2019-02-19 13:42:00+00:00,89017.0,G9662910,0.0068412576802074,560398.0,0.0021087196655571,0.0062907868996262,-0.0040332148782908,-0.0144469859078526,0.0041082045063376,-0.0015767592703923,0.0021041592117398,0.0071756332181394,-0.0062408405356109,0.0131092648953199,0.000939009245485,0.0310253910720348,0.0086783803999423,-0.021579684689641,0.0031391307711601,-0.0009008101769722,0.0028396239504218,0.0069544864818453,0.0519502460956573,-0.0045150802470743,-0.061305146664381,0.0203944183886051,-0.0039794472977519,0.0108668655157089,-0.0057579069398343,0.0136589556932449,0.007032279856503,0.003917820751667,0.0018191277049481,-0.0027727168053388,0.0062675261870026,0.0057038418017327,0.0026777270250022,-0.0024655419401824,0.0081276856362819,-0.0034650228917598,0.002476291032508,0.0004411449772305,-0.0067785382270812,0.0108307646587491,-0.0027183415368199,0.0002549614291638,0.0109610548242926,0.0148095013573765,0.0016635685460641,0.0069023733958601,0.0067578759044408,-0.0027274377644062,0.0099550606682896,0.0041734552942216,-0.0041117253713309,0.0111433630809187,-0.0064475615508854,-0.0060296119190752,0.0035995291545987,0.0063980030827224,0.0026188825722783,0.007375419139862,0.0061892927624285,0.0270233862102031,0.0034989300183951,-0.020978083834052,0.0038802560884505,-0.0143553791567683,-0.0024087876081466,0.0061618499457836,0.0020776903256773,0.0045076999813318,-0.002353590214625,0.0133683020249009,0.0056731705553829,0.0153468381613493,0.0040773628279566,-0.0031278077512979,0.0052845133468508,-0.0152001408860087,0.0001106920753954,-0.0131501052528619,0.0026004272513091,-0.0039491271600127,-0.0237846300005912,0.0042966282926499,0.0026568751782178,-0.0161290057003498,-0.0006201759679242,-0.0171940084546804,0.0154575519263744,0.004429908003658,-0.0024444579612463,0.0055519733577966,0.0033971965312957,0.0018756437348201,0.007659459952265,-0.0120766730979085,-0.00016523701197,0.002562420675531,0.0155354337766766,-0.0076917642727494,-0.0486600920557975,-0.023768164217472,0.0178480073809623,0.0105989491567015,0.0071148700080811,0.0060571101494133,-0.0063414326868951,-0.0062699853442609,-0.0236242581158876,0.0156658384948968,0.0063069253228604,-0.0019068394321948,-0.002905786037445,0.0086549948900938,0.0094285365194082,-0.0047852997668087,-0.0166996717453002,0.0024303779937326,0.0096718939021229,-0.0243977811187505,0.0009122385527007,0.0088127525523304,0.0021087196655571,0.0062907868996262,-0.001933000132263,-0.0082470819179145,0.0021672632142204,-0.0098108375254392,-0.001991543568913,0.0103681931462895,0.0663073568890213,0.0207693511783484,0.0418116892852309,0.1570902503449189,0.0320520325055775,0.0715979939276021,2019-02-20,2019-02-21,2019-02-22,2019-02-25,2019-02-26,2019-02-27,2019-02-28,2019-03-01,2019-03-04,2019-03-05,89017.0,2019-02-19,252.0,0.6841%,0.0005,0.7466,-0.165,0.4695,1.0065%,1.2449%,34.6334%,0.004399,WLTW,89017.0,2019-02-20,252.0,0.2109%,0.0005,0.7463,-0.1641,0.469,1.0064%,1.2449%,34.6420%,-0.0016289999999999,WLTW,89017.0,2019-02-21,252.0,-0.4033%,0.0004,0.7492,-0.1585,0.4742,1.0054%,1.2451%,34.8029%,-0.000408,WLTW,89017.0,2019-02-22,252.0,0.4108%,0.0005,0.7477,-0.1433,0.4704,1.0041%,1.2424%,34.6836%,0.006981,WLTW,89017.0,2019-02-25,252.0,0.2104%,0.0005,0.7471,-0.1443,0.4676,1.0036%,1.2417%,34.6729%,0.001357,WLTW,89017.0,2019-02-26,252.0,-0.6241%,0.0005,0.7421,-0.1325,0.4699,1.0020%,1.2350%,34.1626%,-0.004526,WLTW,89017.0,2019-02-27,252.0,0.0939%,0.0005,0.7427,-0.1334,0.47,1.0020%,1.2341%,34.0716%,0.000987,WLTW,89017.0,2019-02-28,252.0,0.8678%,0.0005,0.7441,-0.132,0.4683,1.0037%,1.2351%,33.9656%,0.0120819999999999,WLTW,89017.0,2019-03-01,252.0,0.3139%,0.0005,0.7375,-0.1419,0.4583,1.0014%,1.2289%,33.6055%,-5.3e-05,WLTW,89017.0,2019-03-04,252.0,0.2840%,0.0006,0.7329,-0.1301,0.4602,1.0001%,1.2232%,33.1519%,0.00423,WLTW,89017.0,2019-03-05,252.0,5.1950%,0.0008,0.7247,-0.1596,0.4347,1.0545%,1.2652%,30.5320%,0.053807,WLTW,0.00277,0.002362,0.009343,0.006174,0.077227
21451,WILLIS TOWERS WATSON PUB LTD CO,"JP Morgan Downgrades Weight Watchers Intl to Underweight, Lowers Price Target to $25",6,uncertain,0.4,0.2,"the downgrade of weight watchers intl by jp morgan does not directly relate to willis towers watson, making the impact on its stock price uncertain.",1,2019-02-19,WTW,2019-02-19 11:42:00+00:00,89017.0,G9662910,0.0068412576802074,560398.0,0.0021087196655571,0.0062907868996262,-0.0040332148782908,-0.0144469859078526,0.0041082045063376,-0.0015767592703923,0.0021041592117398,0.0071756332181394,-0.0062408405356109,0.0131092648953199,0.000939009245485,0.0310253910720348,0.0086783803999423,-0.021579684689641,0.0031391307711601,-0.0009008101769722,0.0028396239504218,0.0069544864818453,0.0519502460956573,-0.0045150802470743,-0.061305146664381,0.0203944183886051,-0.0039794472977519,0.0108668655157089,-0.0057579069398343,0.0136589556932449,0.007032279856503,0.003917820751667,0.0018191277049481,-0.0027727168053388,0.0062675261870026,0.0057038418017327,0.0026777270250022,-0.0024655419401824,0.0081276856362819,-0.0034650228917598,0.002476291032508,0.0004411449772305,-0.0067785382270812,0.0108307646587491,-0.0027183415368199,0.0002549614291638,0.0109610548242926,0.0148095013573765,0.0016635685460641,0.0069023733958601,0.0067578759044408,-0.0027274377644062,0.0099550606682896,0.0041734552942216,-0.0041117253713309,0.0111433630809187,-0.0064475615508854,-0.0060296119190752,0.0035995291545987,0.0063980030827224,0.0026188825722783,0.007375419139862,0.0061892927624285,0.0270233862102031,0.0034989300183951,-0.020978083834052,0.0038802560884505,-0.0143553791567683,-0.0024087876081466,0.0061618499457836,0.0020776903256773,0.0045076999813318,-0.002353590214625,0.0133683020249009,0.0056731705553829,0.0153468381613493,0.0040773628279566,-0.0031278077512979,0.0052845133468508,-0.0152001408860087,0.0001106920753954,-0.0131501052528619,0.0026004272513091,-0.0039491271600127,-0.0237846300005912,0.0042966282926499,0.0026568751782178,-0.0161290057003498,-0.0006201759679242,-0.0171940084546804,0.0154575519263744,0.004429908003658,-0.0024444579612463,0.0055519733577966,0.0033971965312957,0.0018756437348201,0.007659459952265,-0.0120766730979085,-0.00016523701197,0.002562420675531,0.0155354337766766,-0.0076917642727494,-0.0486600920557975,-0.023768164217472,0.0178480073809623,0.0105989491567015,0.0071148700080811,0.0060571101494133,-0.0063414326868951,-0.0062699853442609,-0.0236242581158876,0.0156658384948968,0.0063069253228604,-0.0019068394321948,-0.002905786037445,0.0086549948900938,0.0094285365194082,-0.0047852997668087,-0.0166996717453002,0.0024303779937326,0.0096718939021229,-0.0243977811187505,0.0009122385527007,0.0088127525523304,0.0021087196655571,0.0062907868996262,-0.001933000132263,-0.0082470819179145,0.0021672632142204,-0.0098108375254392,-0.001991543568913,0.0103681931462895,0.0663073568890213,0.0207693511783484,0.0418116892852309,0.1570902503449189,0.0320520325055775,0.0715979939276021,2019-02-20,2019-02-21,2019-02-22,2019-02-25,2019-02-26,2019-02-27,2019-02-28,2019-03-01,2019-03-04,2019-03-05,89017.0,2019-02-19,252.0,0.6841%,0.0005,0.7466,-0.165,0.4695,1.0065%,1.2449%,34.6334%,0.004399,WLTW,89017.0,2019-02-20,252.0,0.2109%,0.0005,0.7463,-0.1641,0.469,1.0064%,1.2449%,34.6420%,-0.0016289999999999,WLTW,89017.0,2019-02-21,252.0,-0.4033%,0.0004,0.7492,-0.1585,0.4742,1.0054%,1.2451%,34.8029%,-0.000408,WLTW,89017.0,2019-02-22,252.0,0.4108%,0.0005,0.7477,-0.1433,0.4704,1.0041%,1.2424%,34.6836%,0.006981,WLTW,89017.0,2019-02-25,252.0,0.2104%,0.0005,0.7471,-0.1443,0.4676,1.0036%,1.2417%,34.6729%,0.001357,WLTW,89017.0,2019-02-26,252.0,-0.6241%,0.0005,0.7421,-0.1325,0.4699,1.0020%,1.2350%,34.1626%,-0.004526,WLTW,89017.0,2019-02-27,252.0,0.0939%,0.0005,0.7427,-0.1334,0.47,1.0020%,1.2341%,34.0716%,0.000987,WLTW,89017.0,2019-02-28,252.0,0.8678%,0.0005,0.7441,-0.132,0.4683,1.0037%,1.2351%,33.9656%,0.0120819999999999,WLTW,89017.0,2019-03-01,252.0,0.3139%,0.0005,0.7375,-0.1419,0.4583,1.0014%,1.2289%,33.6055%,-5.3e-05,WLTW,89017.0,2019-03-04,252.0,0.2840%,0.0006,0.7329,-0.1301,0.4602,1.0001%,1.2232%,33.1519%,0.00423,WLTW,89017.0,2019-03-05,252.0,5.1950%,0.0008,0.7247,-0.1596,0.4347,1.0545%,1.2652%,30.5320%,0.053807,WLTW,0.00277,0.002362,0.009343,0.006174,0.077227
21459,WILLIS TOWERS WATSON PUB LTD CO,JP Morgan Downgrades Weight Watches to Underweight from Neutral; Lowers Price Target to $25 from $37,6,uncertain,0.5,0.5,"the news pertains to weight watchers, not willis towers watson, making the impact on the latter's stock price unclear.",1,2019-02-19,WTW,2019-02-19 09:14:00+00:00,89017.0,G9662910,0.0068412576802074,560398.0,0.0021087196655571,0.0062907868996262,-0.0040332148782908,-0.0144469859078526,0.0041082045063376,-0.0015767592703923,0.0021041592117398,0.0071756332181394,-0.0062408405356109,0.0131092648953199,0.000939009245485,0.0310253910720348,0.0086783803999423,-0.021579684689641,0.0031391307711601,-0.0009008101769722,0.0028396239504218,0.0069544864818453,0.0519502460956573,-0.0045150802470743,-0.061305146664381,0.0203944183886051,-0.0039794472977519,0.0108668655157089,-0.0057579069398343,0.0136589556932449,0.007032279856503,0.003917820751667,0.0018191277049481,-0.0027727168053388,0.0062675261870026,0.0057038418017327,0.0026777270250022,-0.0024655419401824,0.0081276856362819,-0.0034650228917598,0.002476291032508,0.0004411449772305,-0.0067785382270812,0.0108307646587491,-0.0027183415368199,0.0002549614291638,0.0109610548242926,0.0148095013573765,0.0016635685460641,0.0069023733958601,0.0067578759044408,-0.0027274377644062,0.0099550606682896,0.0041734552942216,-0.0041117253713309,0.0111433630809187,-0.0064475615508854,-0.0060296119190752,0.0035995291545987,0.0063980030827224,0.0026188825722783,0.007375419139862,0.0061892927624285,0.0270233862102031,0.0034989300183951,-0.020978083834052,0.0038802560884505,-0.0143553791567683,-0.0024087876081466,0.0061618499457836,0.0020776903256773,0.0045076999813318,-0.002353590214625,0.0133683020249009,0.0056731705553829,0.0153468381613493,0.0040773628279566,-0.0031278077512979,0.0052845133468508,-0.0152001408860087,0.0001106920753954,-0.0131501052528619,0.0026004272513091,-0.0039491271600127,-0.0237846300005912,0.0042966282926499,0.0026568751782178,-0.0161290057003498,-0.0006201759679242,-0.0171940084546804,0.0154575519263744,0.004429908003658,-0.0024444579612463,0.0055519733577966,0.0033971965312957,0.0018756437348201,0.007659459952265,-0.0120766730979085,-0.00016523701197,0.002562420675531,0.0155354337766766,-0.0076917642727494,-0.0486600920557975,-0.023768164217472,0.0178480073809623,0.0105989491567015,0.0071148700080811,0.0060571101494133,-0.0063414326868951,-0.0062699853442609,-0.0236242581158876,0.0156658384948968,0.0063069253228604,-0.0019068394321948,-0.002905786037445,0.0086549948900938,0.0094285365194082,-0.0047852997668087,-0.0166996717453002,0.0024303779937326,0.0096718939021229,-0.0243977811187505,0.0009122385527007,0.0088127525523304,0.0021087196655571,0.0062907868996262,-0.001933000132263,-0.0082470819179145,0.0021672632142204,-0.0098108375254392,-0.001991543568913,0.0103681931462895,0.0663073568890213,0.0207693511783484,0.0418116892852309,0.1570902503449189,0.0320520325055775,0.0715979939276021,2019-02-20,2019-02-21,2019-02-22,2019-02-25,2019-02-26,2019-02-27,2019-02-28,2019-03-01,2019-03-04,2019-03-05,89017.0,2019-02-19,252.0,0.6841%,0.0005,0.7466,-0.165,0.4695,1.0065%,1.2449%,34.6334%,0.004399,WLTW,89017.0,2019-02-20,252.0,0.2109%,0.0005,0.7463,-0.1641,0.469,1.0064%,1.2449%,34.6420%,-0.0016289999999999,WLTW,89017.0,2019-02-21,252.0,-0.4033%,0.0004,0.7492,-0.1585,0.4742,1.0054%,1.2451%,34.8029%,-0.000408,WLTW,89017.0,2019-02-22,252.0,0.4108%,0.0005,0.7477,-0.1433,0.4704,1.0041%,1.2424%,34.6836%,0.006981,WLTW,89017.0,2019-02-25,252.0,0.2104%,0.0005,0.7471,-0.1443,0.4676,1.0036%,1.2417%,34.6729%,0.001357,WLTW,89017.0,2019-02-26,252.0,-0.6241%,0.0005,0.7421,-0.1325,0.4699,1.0020%,1.2350%,34.1626%,-0.004526,WLTW,89017.0,2019-02-27,252.0,0.0939%,0.0005,0.7427,-0.1334,0.47,1.0020%,1.2341%,34.0716%,0.000987,WLTW,89017.0,2019-02-28,252.0,0.8678%,0.0005,0.7441,-0.132,0.4683,1.0037%,1.2351%,33.9656%,0.0120819999999999,WLTW,89017.0,2019-03-01,252.0,0.3139%,0.0005,0.7375,-0.1419,0.4583,1.0014%,1.2289%,33.6055%,-5.3e-05,WLTW,89017.0,2019-03-04,252.0,0.2840%,0.0006,0.7329,-0.1301,0.4602,1.0001%,1.2232%,33.1519%,0.00423,WLTW,89017.0,2019-03-05,252.0,5.1950%,0.0008,0.7247,-0.1596,0.4347,1.0545%,1.2652%,30.5320%,0.053807,WLTW,0.00277,0.002362,0.009343,0.006174,0.077227
21467,WOODWARD INC,"Woodward Names Thomas Cromwell Vice Chair, COO",6,increase,0.7,0.6,"the appointment of a new vice chair and coo can signal positive leadership changes and strategic direction, which may boost investor confidence in woodward inc.",2,2019-02-19,WWD,2019-02-19 21:40:00+00:00,84403.0,98074510,0.0027339868247509,283559.0,0.0185612067580223,0.0220201630145311,-0.0124575216323137,-0.0100892577320337,0.0066722207702696,-0.0066462415270507,0.0025890639517456,0.0427942723035812,-0.0055779456160962,0.0064216321334242,0.0020775380544364,0.0104038519784808,-0.0013476198073476,-0.0039001391269266,-0.014324240386486,-0.0031104064546525,0.0005265696090646,-0.0013312929077073,0.0004210179322399,0.0116722891107201,-0.0064176809974014,-0.019262520596385,-0.0111182024702429,0.0483498126268386,0.0052467915229499,-0.0013827508082613,-0.0005325460806488,0.1233656778931618,-0.0046893577091395,-0.0064308680593967,0.0108148856088519,-0.0016691995551809,0.0090042212978005,0.012743767350912,-0.0014698099112138,-0.0023352401331067,0.0104089779779315,-0.0134390816092491,0.0008324852678924,0.0174501407891511,-0.0025992929004132,0.0097304116934537,0.0129260700196027,0.0030335446354001,-0.0412678234279155,0.0009240883518941,0.0045083528384566,-0.0065573770552873,0.0072665130719542,-0.0017019803635776,-0.0093359313905239,0.0048677162267267,0.0109231555834412,-0.0049744374118745,0.0051906551234424,0.0464383475482463,0.0125408628955483,0.0027472106739878,-0.0016653169877827,0.0252077300101518,0.0011467953445389,-0.0393668301403522,0.0052067064680159,-0.0049805189482867,0.0106702456250786,0.0225739758461713,-0.0099426126107573,-0.0020604603923857,-0.0207060780376195,0.0013755998807027,0.0068717785179615,0.0543872378766536,0.0014699642779305,-0.0392921827733516,0.0143636278808116,-0.0103419749066233,-0.011679558083415,-0.0087480451911687,0.0096213985234498,-0.0271275714039802,-0.0064222370274364,-0.0019907304085791,0.0537948682904243,-0.0127096595242619,0.0026711183600127,-0.0072840475477278,0.0297977738082408,-0.0028534529265016,0.0011497088707983,0.0258115325123071,-0.03407022356987,0.0085883932188153,0.017834173515439,-0.0089108366519212,0.001849457854405,-0.0271703768521547,0.0581034161150455,-0.0162911899387836,-0.0067034284584224,-0.0676396936178207,0.0032356334850192,0.007050625514239,0.0352008827030658,0.009530714713037,-0.007477268576622,-0.0058766836300492,-0.0213452670723199,0.0348764732480049,-0.0079728988930583,-0.0175588633865118,0.0066512813791632,0.0134701430797576,0.005230794660747,0.000247177289566,-0.0175278261303901,0.0169704388827085,0.0113361226394772,0.0007548772264271,0.0053289402276277,-0.0289519019424915,0.0185612067580223,0.0220201630145311,0.0058724584909986,0.0117087381825424,0.0125838616007845,0.0049846775535535,0.0095427448734846,0.0547220863134587,-0.0032508121618415,0.0691638630052748,0.0058724614684431,0.3415363423070239,0.1474412553598583,0.1637246247154509,2019-02-20,2019-02-21,2019-02-22,2019-02-25,2019-02-26,2019-02-27,2019-02-28,2019-03-01,2019-03-04,2019-03-05,84403.0,2019-02-19,252.0,0.2734%,0.0011,1.082,0.715,0.3813,1.3552%,1.7660%,41.1122%,-0.00266,WWD,84403.0,2019-02-20,252.0,1.8561%,0.0011,1.0841,0.7146,0.3875,1.3552%,1.7668%,41.1669%,0.012735,WWD,84403.0,2019-02-21,252.0,-1.2458%,0.0011,1.0873,0.7193,0.3935,1.3560%,1.7684%,41.2038%,-0.007155,WWD,84403.0,2019-02-22,252.0,0.6672%,0.0011,1.0873,0.7188,0.3928,1.3560%,1.7687%,41.2222%,0.001333,WWD,84403.0,2019-02-25,252.0,0.2589%,0.0011,1.0865,0.7169,0.3888,1.3554%,1.7680%,41.2267%,0.003434,WWD,84403.0,2019-02-26,252.0,-0.5578%,0.0012,1.0981,0.7045,0.3912,1.3497%,1.7681%,41.7247%,0.001931,WWD,84403.0,2019-02-27,252.0,0.2078%,0.0012,1.103,0.6954,0.392,1.3479%,1.7680%,41.8791%,0.00012,WWD,84403.0,2019-02-28,252.0,-0.1348%,0.0012,1.1014,0.6943,0.3905,1.3478%,1.7646%,41.6611%,0.002813,WWD,84403.0,2019-03-01,252.0,-1.4324%,0.0011,1.0988,0.6905,0.3976,1.3560%,1.7657%,41.0230%,-0.0227959999999999,WWD,84403.0,2019-03-04,252.0,0.0527%,0.0012,1.0976,0.6889,0.3992,1.3565%,1.7651%,40.9342%,0.0073609999999999,WWD,84403.0,2019-03-05,252.0,0.0421%,0.0012,1.1006,0.7148,0.3998,1.3529%,1.7650%,41.2493%,0.005291,WWD,0.010075,0.00292,0.004253,0.009618,0.002407
21475,WOLVERINE WORLD WIDE INC,Q4 Earnings Outlook For Wolverine World Wide,6,uncertain,0.5,0.5,"the q4 earnings outlook could vary based on market expectations and actual performance, making the impact on stock price uncertain.",1,2019-02-19,WWW,2019-02-19 18:33:00+00:00,42286.0,97809710,-0.0015159517060965,1484326.0,-0.1060222312808037,0.0259201638400554,0.0195301044732332,0.0020779697224497,-0.0013880964834243,0.0169043689966201,-0.0002780688228085,0.0435502156615257,-0.0038931977469474,0.0416306890547275,0.0097710350528359,-0.0025772149674594,-0.0113353570923209,0.0031599192880094,0.0125839142128825,-0.0136015731841325,-0.0245788302272558,0.009439411573112,0.0144394719973206,0.021027959883213,-0.0111638708040118,-0.002040212508291,0.0016935188323259,0.0064535411074757,-0.0157791301608085,0.0035324972122907,0.0085885841399431,-0.0014697012957185,-0.0045415796339511,-0.0052631665021181,0.0134018026292324,0.0115350298583507,0.0014068440068513,-0.0082135163247585,-0.0022478739265352,0.0091770691797137,0.0171782784163951,0.0147190699353814,-0.0060907369479537,0.0069570336490869,-0.0047354311682283,0.0172308105975389,0.0064371549524366,0.0046368325129151,-0.0372636318206787,-0.0003090894897468,0.0037550858687609,0.0018576276488602,0.0106474515050649,0.0043532149866223,0.0037016251590102,-0.0313253290951252,0.0158865638077259,0.0069760247133672,0.0005584520986303,0.0147737618535757,0.0039182589389383,0.0052599622868001,-0.0103149972856044,0.0214917920529842,0.0126760778948664,-0.0204334314912557,0.0130736408755183,0.0128566902130842,0.0016474842559546,-0.0135760707780718,-0.0068530701100826,-0.002462352393195,-0.0195969939231872,-0.0018432430224493,0.0095720766112208,0.0571613609790802,-0.0058560813777148,0.0016265824669972,0.0089761484414339,-0.0259822476655244,0.0072281989268958,-0.0087939910590648,0.0030361746903508,-0.0157650187611579,0.0046779904514551,0.0137887382879853,0.0002739560732152,-0.015123507939279,-0.0251917298883199,-0.0052194711752235,0.0095505667850375,-0.0312313884496688,0.0289371442049741,0.0120408702641725,-0.0221741404384374,0.0060569583438336,0.0027654445730149,-0.0012099490268155,0.0201324708759784,-0.0316343903541564,-0.0048661879263818,0.0017604916356503,-0.0067916326224803,-0.0391880273818969,0.0131290899589657,0.0251445900648832,0.0124189816415309,0.0061063999310135,-0.0138666788116097,0.0008730727131478,-0.0343428999185562,0.0346281714737415,-0.012881520204246,-0.0348736047744751,-0.0992907807230949,0.0204625912010669,-0.0122834453359246,-0.0038403917569667,-0.0538903214037418,0.0270024091005325,-0.0020222265738993,0.0141538176685571,-0.0060790376737713,-0.0204942822456359,-0.1060222312808036,0.0259201638400554,-0.0885627520609698,0.0280519948781658,-0.089827914899696,0.0454305651472979,-0.0936234999597124,0.136376678763517,-0.0933704102692054,0.1559579389614842,-0.0992065818499094,0.2509482438732469,-0.2532295591650972,0.1958798276513589,2019-02-20,2019-02-21,2019-02-22,2019-02-25,2019-02-26,2019-02-27,2019-02-28,2019-03-01,2019-03-04,2019-03-05,42286.0,2019-02-19,252.0,-0.1516%,0.0009,0.7725,1.1398,0.2022,1.5431%,1.8303%,28.9256%,-0.007037,WWW,42286.0,2019-02-20,252.0,-10.6022%,0.0005,0.7427,1.0805,0.0983,1.6935%,1.9498%,24.5678%,-0.11121,WWW,42286.0,2019-02-21,252.0,1.9530%,0.0006,0.7399,1.0796,0.0928,1.6990%,1.9533%,24.3480%,0.023161,WWW,42286.0,2019-02-22,252.0,-0.1388%,0.0007,0.7391,1.1395,0.1387,1.6752%,1.9365%,25.1619%,-0.0108709999999999,WWW,42286.0,2019-02-25,252.0,-0.0278%,0.0006,0.7437,1.1435,0.1576,1.6572%,1.9210%,25.5846%,0.001726,WWW,42286.0,2019-02-26,252.0,-0.3893%,0.0007,0.766,1.1157,0.1603,1.6392%,1.9107%,26.3993%,0.0050349999999999,WWW,42286.0,2019-02-27,252.0,0.9771%,0.0007,0.7581,1.1315,0.159,1.6357%,1.9071%,26.4330%,0.007054,WWW,42286.0,2019-02-28,252.0,-1.1335%,0.0007,0.7596,1.1322,0.1622,1.6368%,1.9070%,26.3239%,-0.008914,WWW,42286.0,2019-03-01,252.0,1.2584%,0.0007,0.7534,1.123,0.151,1.6354%,1.9017%,26.0425%,0.004391,WWW,42286.0,2019-03-04,252.0,-2.4579%,0.0007,0.7496,1.1514,0.1484,1.6372%,1.9074%,26.3255%,-0.016848,WWW,42286.0,2019-03-05,252.0,1.4439%,0.0008,0.75,1.1665,0.1417,1.6386%,1.9092%,26.3396%,0.019549,WWW,-0.118247,-0.095086,-0.105957,-0.0991959999999999,-0.0939639999999999
21483,X P O INC,"Morgan Stanley Downgrades XPO Logistics, Cites Poor Forward Visibility",6,decrease,0.8,0.7,a downgrade from morgan stanley typically signals negative sentiment and can lead to a decrease in stock price due to reduced investor confidence.,0,2019-02-19,XPO,2019-02-19 15:46:00+00:00,90175.0,98379310,0.0513757579028606,6046316.0,0.0082357386127114,-0.127287968993187,-0.0186966564506292,-0.0020110430195927,-0.034961212426424,0.0179119631648063,-0.0191681049764156,0.0154165839776396,-0.0197380948811769,0.0031277204398065,-0.0255183167755603,-0.024245511740446,0.0300735961645841,-0.0055640167556703,-0.0127110108733177,-0.0175583492964506,-0.0235364753752946,-0.0004967316635884,-0.0201895236968994,-0.0016528673004359,-0.0025231863837689,-0.0046067587099969,0.0031619209330528,-0.0199935771524906,-0.0292078033089637,0.0222515631467104,0.0790042802691459,-0.0146175334230065,-0.0166499111801385,-0.0090133808553218,0.0171358659863472,0.0205321945250034,0.0072202286683022,-0.0040896451100707,-0.0113500533625483,-0.0295285061001777,0.0376636236906051,-0.0140866758301854,-0.0133928302675485,0.0339860580861568,-0.0123942755162715,0.0187963619828224,0.0254979841411113,0.0056375418789684,-0.0392385497689247,0.0034942247439175,0.005256816279143,-0.0457288213074207,0.032582439482212,0.0030259375926107,-0.0042851814068853,0.0120889749377965,0.0422535203397274,0.0298804640769958,0.0086336880922317,0.0179114788770675,0.0312615633010864,0.0397048890590667,-0.001984785310924,0.0287366043776273,0.0121135087683796,-0.0402428396046161,0.0462665259838104,0.0106942597776651,0.0163906272500753,0.0180260967463254,0.0052074817940592,0.00071436149301,-0.0013369290390983,0.0075580705888569,0.0240964274853467,0.0874755680561065,0.0106208771467208,-0.0184403173625469,0.021665321663022,-0.0143884578719735,-0.0018990178359672,0.0153786856681108,-0.0088790450245141,-0.0044019049964845,0.0379139184951782,-0.0293516963720321,0.0177250541746616,0.0442289561033248,0.0084809567779302,0.1584269553422928,0.0069080451503396,-0.2616558969020844,0.0286353174597024,-0.0962663292884826,-0.0355227552354335,0.0124487578868866,0.0196934044361114,-0.0088774655014276,-0.0148901976644992,-0.0668351873755455,0.0188566613942384,-0.0095953606069087,-0.0139542380347847,-0.0682818964123725,-0.0451362878084182,0.0174004696309566,0.0054601947776973,-0.0062876045703887,0.0159814804792404,0.0027584275230765,-0.0453574359416961,0.0425910800695419,0.0027195967268198,-0.0153722623363137,-0.0197830516844987,0.0262939594686031,0.0001627951860427,-0.0011058087693527,-0.0807160139083862,0.0155832227319479,0.0231899004429578,-0.0335141606628894,0.0096886055544018,-0.0393639765679836,0.0082357386127114,-0.1272879689931869,-0.0106148986133768,-0.1290430304312578,-0.0452050013144936,-0.1134424812742112,-0.0819912074266089,-0.0969591400548904,-0.1295753661074111,-0.1409917214610142,0.0122621207601185,-0.0607265646652298,0.0680820151439629,-0.3226016704333183,2019-02-20,2019-02-21,2019-02-22,2019-02-25,2019-02-26,2019-02-27,2019-02-28,2019-03-01,2019-03-04,2019-03-05,90175.0,2019-02-19,252.0,5.1376%,-0.0019,1.3143,0.9953,0.0831,2.7981%,3.1694%,22.0577%,0.0457819999999999,XPO,90175.0,2019-02-20,252.0,0.8236%,-0.0018,1.3164,1.0038,0.0917,2.7977%,3.1698%,22.0998%,0.002992,XPO,90175.0,2019-02-21,252.0,-1.8697%,-0.0019,1.3253,1.0195,0.1082,2.7964%,3.1715%,22.2567%,-0.013012,XPO,90175.0,2019-02-22,252.0,-3.4961%,-0.0022,1.3332,0.9773,0.1637,2.8069%,3.1743%,21.8083%,-0.047693,XPO,90175.0,2019-02-25,252.0,-1.9168%,-0.0022,1.333,0.9851,0.167,2.8087%,3.1761%,21.7975%,-0.018432,XPO,90175.0,2019-02-26,252.0,-1.9738%,-0.0024,1.3219,1.0078,0.1702,2.8060%,3.1692%,21.6111%,-0.010849,XPO,90175.0,2019-02-27,252.0,-2.5518%,-0.0025,1.314,1.0142,0.1688,2.8088%,3.1684%,21.4115%,-0.028519,XPO,90175.0,2019-02-28,252.0,3.0074%,-0.0024,1.3117,1.0138,0.1585,2.8177%,3.1745%,21.2134%,0.034266,XPO,90175.0,2019-03-01,252.0,-1.2711%,-0.0026,1.3223,1.0297,0.1852,2.8166%,3.1750%,21.3005%,-0.024551,XPO,90175.0,2019-03-04,252.0,-2.3536%,-0.0027,1.33,1.0137,0.1811,2.8161%,3.1774%,21.4522%,-0.013354,XPO,90175.0,2019-03-05,252.0,-2.0190%,-0.0027,1.3353,1.0471,0.1892,2.8155%,3.1793%,21.5761%,-0.0144409999999999,XPO,0.048774,0.035762,-0.011931,-0.041212,-0.087811
21491,X P O INC,UPDATE: Morgan Stanley Downgrades XPO Logistics As Firm Notes 'XPO's business model and M&A potential made it our top pick but the 2019 guide has raised questions on forward visibility and M&A is off the table',6,decrease,0.8,0.7,"the downgrade by morgan stanley indicates a loss of confidence in xpo's business model and future m&a potential, which is likely to negatively impact investor sentiment and lead to a decrease in stock price.",0,2019-02-19,XPO,2019-02-19 13:45:00+00:00,90175.0,98379310,0.0513757579028606,6046316.0,0.0082357386127114,-0.127287968993187,-0.0186966564506292,-0.0020110430195927,-0.034961212426424,0.0179119631648063,-0.0191681049764156,0.0154165839776396,-0.0197380948811769,0.0031277204398065,-0.0255183167755603,-0.024245511740446,0.0300735961645841,-0.0055640167556703,-0.0127110108733177,-0.0175583492964506,-0.0235364753752946,-0.0004967316635884,-0.0201895236968994,-0.0016528673004359,-0.0025231863837689,-0.0046067587099969,0.0031619209330528,-0.0199935771524906,-0.0292078033089637,0.0222515631467104,0.0790042802691459,-0.0146175334230065,-0.0166499111801385,-0.0090133808553218,0.0171358659863472,0.0205321945250034,0.0072202286683022,-0.0040896451100707,-0.0113500533625483,-0.0295285061001777,0.0376636236906051,-0.0140866758301854,-0.0133928302675485,0.0339860580861568,-0.0123942755162715,0.0187963619828224,0.0254979841411113,0.0056375418789684,-0.0392385497689247,0.0034942247439175,0.005256816279143,-0.0457288213074207,0.032582439482212,0.0030259375926107,-0.0042851814068853,0.0120889749377965,0.0422535203397274,0.0298804640769958,0.0086336880922317,0.0179114788770675,0.0312615633010864,0.0397048890590667,-0.001984785310924,0.0287366043776273,0.0121135087683796,-0.0402428396046161,0.0462665259838104,0.0106942597776651,0.0163906272500753,0.0180260967463254,0.0052074817940592,0.00071436149301,-0.0013369290390983,0.0075580705888569,0.0240964274853467,0.0874755680561065,0.0106208771467208,-0.0184403173625469,0.021665321663022,-0.0143884578719735,-0.0018990178359672,0.0153786856681108,-0.0088790450245141,-0.0044019049964845,0.0379139184951782,-0.0293516963720321,0.0177250541746616,0.0442289561033248,0.0084809567779302,0.1584269553422928,0.0069080451503396,-0.2616558969020844,0.0286353174597024,-0.0962663292884826,-0.0355227552354335,0.0124487578868866,0.0196934044361114,-0.0088774655014276,-0.0148901976644992,-0.0668351873755455,0.0188566613942384,-0.0095953606069087,-0.0139542380347847,-0.0682818964123725,-0.0451362878084182,0.0174004696309566,0.0054601947776973,-0.0062876045703887,0.0159814804792404,0.0027584275230765,-0.0453574359416961,0.0425910800695419,0.0027195967268198,-0.0153722623363137,-0.0197830516844987,0.0262939594686031,0.0001627951860427,-0.0011058087693527,-0.0807160139083862,0.0155832227319479,0.0231899004429578,-0.0335141606628894,0.0096886055544018,-0.0393639765679836,0.0082357386127114,-0.1272879689931869,-0.0106148986133768,-0.1290430304312578,-0.0452050013144936,-0.1134424812742112,-0.0819912074266089,-0.0969591400548904,-0.1295753661074111,-0.1409917214610142,0.0122621207601185,-0.0607265646652298,0.0680820151439629,-0.3226016704333183,2019-02-20,2019-02-21,2019-02-22,2019-02-25,2019-02-26,2019-02-27,2019-02-28,2019-03-01,2019-03-04,2019-03-05,90175.0,2019-02-19,252.0,5.1376%,-0.0019,1.3143,0.9953,0.0831,2.7981%,3.1694%,22.0577%,0.0457819999999999,XPO,90175.0,2019-02-20,252.0,0.8236%,-0.0018,1.3164,1.0038,0.0917,2.7977%,3.1698%,22.0998%,0.002992,XPO,90175.0,2019-02-21,252.0,-1.8697%,-0.0019,1.3253,1.0195,0.1082,2.7964%,3.1715%,22.2567%,-0.013012,XPO,90175.0,2019-02-22,252.0,-3.4961%,-0.0022,1.3332,0.9773,0.1637,2.8069%,3.1743%,21.8083%,-0.047693,XPO,90175.0,2019-02-25,252.0,-1.9168%,-0.0022,1.333,0.9851,0.167,2.8087%,3.1761%,21.7975%,-0.018432,XPO,90175.0,2019-02-26,252.0,-1.9738%,-0.0024,1.3219,1.0078,0.1702,2.8060%,3.1692%,21.6111%,-0.010849,XPO,90175.0,2019-02-27,252.0,-2.5518%,-0.0025,1.314,1.0142,0.1688,2.8088%,3.1684%,21.4115%,-0.028519,XPO,90175.0,2019-02-28,252.0,3.0074%,-0.0024,1.3117,1.0138,0.1585,2.8177%,3.1745%,21.2134%,0.034266,XPO,90175.0,2019-03-01,252.0,-1.2711%,-0.0026,1.3223,1.0297,0.1852,2.8166%,3.1750%,21.3005%,-0.024551,XPO,90175.0,2019-03-04,252.0,-2.3536%,-0.0027,1.33,1.0137,0.1811,2.8161%,3.1774%,21.4522%,-0.013354,XPO,90175.0,2019-03-05,252.0,-2.0190%,-0.0027,1.3353,1.0471,0.1892,2.8155%,3.1793%,21.5761%,-0.0144409999999999,XPO,0.048774,0.035762,-0.011931,-0.041212,-0.087811
21499,X P O INC,"Credit Suisse Maintains Outperform on XPO Logistics, Lowers Price Target to $70",6,decrease,0.7,0.5,"the lowering of the price target by credit suisse suggests a less favorable outlook for xpo logistics, which could lead to a decrease in investor confidence and stock price.",0,2019-02-19,XPO,2019-02-19 13:33:00+00:00,90175.0,98379310,0.0513757579028606,6046316.0,0.0082357386127114,-0.127287968993187,-0.0186966564506292,-0.0020110430195927,-0.034961212426424,0.0179119631648063,-0.0191681049764156,0.0154165839776396,-0.0197380948811769,0.0031277204398065,-0.0255183167755603,-0.024245511740446,0.0300735961645841,-0.0055640167556703,-0.0127110108733177,-0.0175583492964506,-0.0235364753752946,-0.0004967316635884,-0.0201895236968994,-0.0016528673004359,-0.0025231863837689,-0.0046067587099969,0.0031619209330528,-0.0199935771524906,-0.0292078033089637,0.0222515631467104,0.0790042802691459,-0.0146175334230065,-0.0166499111801385,-0.0090133808553218,0.0171358659863472,0.0205321945250034,0.0072202286683022,-0.0040896451100707,-0.0113500533625483,-0.0295285061001777,0.0376636236906051,-0.0140866758301854,-0.0133928302675485,0.0339860580861568,-0.0123942755162715,0.0187963619828224,0.0254979841411113,0.0056375418789684,-0.0392385497689247,0.0034942247439175,0.005256816279143,-0.0457288213074207,0.032582439482212,0.0030259375926107,-0.0042851814068853,0.0120889749377965,0.0422535203397274,0.0298804640769958,0.0086336880922317,0.0179114788770675,0.0312615633010864,0.0397048890590667,-0.001984785310924,0.0287366043776273,0.0121135087683796,-0.0402428396046161,0.0462665259838104,0.0106942597776651,0.0163906272500753,0.0180260967463254,0.0052074817940592,0.00071436149301,-0.0013369290390983,0.0075580705888569,0.0240964274853467,0.0874755680561065,0.0106208771467208,-0.0184403173625469,0.021665321663022,-0.0143884578719735,-0.0018990178359672,0.0153786856681108,-0.0088790450245141,-0.0044019049964845,0.0379139184951782,-0.0293516963720321,0.0177250541746616,0.0442289561033248,0.0084809567779302,0.1584269553422928,0.0069080451503396,-0.2616558969020844,0.0286353174597024,-0.0962663292884826,-0.0355227552354335,0.0124487578868866,0.0196934044361114,-0.0088774655014276,-0.0148901976644992,-0.0668351873755455,0.0188566613942384,-0.0095953606069087,-0.0139542380347847,-0.0682818964123725,-0.0451362878084182,0.0174004696309566,0.0054601947776973,-0.0062876045703887,0.0159814804792404,0.0027584275230765,-0.0453574359416961,0.0425910800695419,0.0027195967268198,-0.0153722623363137,-0.0197830516844987,0.0262939594686031,0.0001627951860427,-0.0011058087693527,-0.0807160139083862,0.0155832227319479,0.0231899004429578,-0.0335141606628894,0.0096886055544018,-0.0393639765679836,0.0082357386127114,-0.1272879689931869,-0.0106148986133768,-0.1290430304312578,-0.0452050013144936,-0.1134424812742112,-0.0819912074266089,-0.0969591400548904,-0.1295753661074111,-0.1409917214610142,0.0122621207601185,-0.0607265646652298,0.0680820151439629,-0.3226016704333183,2019-02-20,2019-02-21,2019-02-22,2019-02-25,2019-02-26,2019-02-27,2019-02-28,2019-03-01,2019-03-04,2019-03-05,90175.0,2019-02-19,252.0,5.1376%,-0.0019,1.3143,0.9953,0.0831,2.7981%,3.1694%,22.0577%,0.0457819999999999,XPO,90175.0,2019-02-20,252.0,0.8236%,-0.0018,1.3164,1.0038,0.0917,2.7977%,3.1698%,22.0998%,0.002992,XPO,90175.0,2019-02-21,252.0,-1.8697%,-0.0019,1.3253,1.0195,0.1082,2.7964%,3.1715%,22.2567%,-0.013012,XPO,90175.0,2019-02-22,252.0,-3.4961%,-0.0022,1.3332,0.9773,0.1637,2.8069%,3.1743%,21.8083%,-0.047693,XPO,90175.0,2019-02-25,252.0,-1.9168%,-0.0022,1.333,0.9851,0.167,2.8087%,3.1761%,21.7975%,-0.018432,XPO,90175.0,2019-02-26,252.0,-1.9738%,-0.0024,1.3219,1.0078,0.1702,2.8060%,3.1692%,21.6111%,-0.010849,XPO,90175.0,2019-02-27,252.0,-2.5518%,-0.0025,1.314,1.0142,0.1688,2.8088%,3.1684%,21.4115%,-0.028519,XPO,90175.0,2019-02-28,252.0,3.0074%,-0.0024,1.3117,1.0138,0.1585,2.8177%,3.1745%,21.2134%,0.034266,XPO,90175.0,2019-03-01,252.0,-1.2711%,-0.0026,1.3223,1.0297,0.1852,2.8166%,3.1750%,21.3005%,-0.024551,XPO,90175.0,2019-03-04,252.0,-2.3536%,-0.0027,1.33,1.0137,0.1811,2.8161%,3.1774%,21.4522%,-0.013354,XPO,90175.0,2019-03-05,252.0,-2.0190%,-0.0027,1.3353,1.0471,0.1892,2.8155%,3.1793%,21.5761%,-0.0144409999999999,XPO,0.048774,0.035762,-0.011931,-0.041212,-0.087811
21507,X P O INC,"SunTrust Robinson Humphrey Maintains Buy on XPO Logistics, Lowers Price Target to $65",6,decrease,0.7,0.5,"the maintenance of a 'buy' rating is positive, but the lowering of the price target to $65 may signal reduced expectations for the stock's future performance, likely leading to a decrease in stock price.",0,2019-02-19,XPO,2019-02-19 13:23:00+00:00,90175.0,98379310,0.0513757579028606,6046316.0,0.0082357386127114,-0.127287968993187,-0.0186966564506292,-0.0020110430195927,-0.034961212426424,0.0179119631648063,-0.0191681049764156,0.0154165839776396,-0.0197380948811769,0.0031277204398065,-0.0255183167755603,-0.024245511740446,0.0300735961645841,-0.0055640167556703,-0.0127110108733177,-0.0175583492964506,-0.0235364753752946,-0.0004967316635884,-0.0201895236968994,-0.0016528673004359,-0.0025231863837689,-0.0046067587099969,0.0031619209330528,-0.0199935771524906,-0.0292078033089637,0.0222515631467104,0.0790042802691459,-0.0146175334230065,-0.0166499111801385,-0.0090133808553218,0.0171358659863472,0.0205321945250034,0.0072202286683022,-0.0040896451100707,-0.0113500533625483,-0.0295285061001777,0.0376636236906051,-0.0140866758301854,-0.0133928302675485,0.0339860580861568,-0.0123942755162715,0.0187963619828224,0.0254979841411113,0.0056375418789684,-0.0392385497689247,0.0034942247439175,0.005256816279143,-0.0457288213074207,0.032582439482212,0.0030259375926107,-0.0042851814068853,0.0120889749377965,0.0422535203397274,0.0298804640769958,0.0086336880922317,0.0179114788770675,0.0312615633010864,0.0397048890590667,-0.001984785310924,0.0287366043776273,0.0121135087683796,-0.0402428396046161,0.0462665259838104,0.0106942597776651,0.0163906272500753,0.0180260967463254,0.0052074817940592,0.00071436149301,-0.0013369290390983,0.0075580705888569,0.0240964274853467,0.0874755680561065,0.0106208771467208,-0.0184403173625469,0.021665321663022,-0.0143884578719735,-0.0018990178359672,0.0153786856681108,-0.0088790450245141,-0.0044019049964845,0.0379139184951782,-0.0293516963720321,0.0177250541746616,0.0442289561033248,0.0084809567779302,0.1584269553422928,0.0069080451503396,-0.2616558969020844,0.0286353174597024,-0.0962663292884826,-0.0355227552354335,0.0124487578868866,0.0196934044361114,-0.0088774655014276,-0.0148901976644992,-0.0668351873755455,0.0188566613942384,-0.0095953606069087,-0.0139542380347847,-0.0682818964123725,-0.0451362878084182,0.0174004696309566,0.0054601947776973,-0.0062876045703887,0.0159814804792404,0.0027584275230765,-0.0453574359416961,0.0425910800695419,0.0027195967268198,-0.0153722623363137,-0.0197830516844987,0.0262939594686031,0.0001627951860427,-0.0011058087693527,-0.0807160139083862,0.0155832227319479,0.0231899004429578,-0.0335141606628894,0.0096886055544018,-0.0393639765679836,0.0082357386127114,-0.1272879689931869,-0.0106148986133768,-0.1290430304312578,-0.0452050013144936,-0.1134424812742112,-0.0819912074266089,-0.0969591400548904,-0.1295753661074111,-0.1409917214610142,0.0122621207601185,-0.0607265646652298,0.0680820151439629,-0.3226016704333183,2019-02-20,2019-02-21,2019-02-22,2019-02-25,2019-02-26,2019-02-27,2019-02-28,2019-03-01,2019-03-04,2019-03-05,90175.0,2019-02-19,252.0,5.1376%,-0.0019,1.3143,0.9953,0.0831,2.7981%,3.1694%,22.0577%,0.0457819999999999,XPO,90175.0,2019-02-20,252.0,0.8236%,-0.0018,1.3164,1.0038,0.0917,2.7977%,3.1698%,22.0998%,0.002992,XPO,90175.0,2019-02-21,252.0,-1.8697%,-0.0019,1.3253,1.0195,0.1082,2.7964%,3.1715%,22.2567%,-0.013012,XPO,90175.0,2019-02-22,252.0,-3.4961%,-0.0022,1.3332,0.9773,0.1637,2.8069%,3.1743%,21.8083%,-0.047693,XPO,90175.0,2019-02-25,252.0,-1.9168%,-0.0022,1.333,0.9851,0.167,2.8087%,3.1761%,21.7975%,-0.018432,XPO,90175.0,2019-02-26,252.0,-1.9738%,-0.0024,1.3219,1.0078,0.1702,2.8060%,3.1692%,21.6111%,-0.010849,XPO,90175.0,2019-02-27,252.0,-2.5518%,-0.0025,1.314,1.0142,0.1688,2.8088%,3.1684%,21.4115%,-0.028519,XPO,90175.0,2019-02-28,252.0,3.0074%,-0.0024,1.3117,1.0138,0.1585,2.8177%,3.1745%,21.2134%,0.034266,XPO,90175.0,2019-03-01,252.0,-1.2711%,-0.0026,1.3223,1.0297,0.1852,2.8166%,3.1750%,21.3005%,-0.024551,XPO,90175.0,2019-03-04,252.0,-2.3536%,-0.0027,1.33,1.0137,0.1811,2.8161%,3.1774%,21.4522%,-0.013354,XPO,90175.0,2019-03-05,252.0,-2.0190%,-0.0027,1.3353,1.0471,0.1892,2.8155%,3.1793%,21.5761%,-0.0144409999999999,XPO,0.048774,0.035762,-0.011931,-0.041212,-0.087811
21515,X P O INC,"Morgan Stanley Downgrades XPO Logistics to Equal-Weight, Lowers Price Target to $71",6,decrease,0.8,0.7,"a downgrade from morgan stanley typically signals reduced confidence in the company's future performance, which is likely to lead to a decrease in stock price.",0,2019-02-19,XPO,2019-02-19 11:33:00+00:00,90175.0,98379310,0.0513757579028606,6046316.0,0.0082357386127114,-0.127287968993187,-0.0186966564506292,-0.0020110430195927,-0.034961212426424,0.0179119631648063,-0.0191681049764156,0.0154165839776396,-0.0197380948811769,0.0031277204398065,-0.0255183167755603,-0.024245511740446,0.0300735961645841,-0.0055640167556703,-0.0127110108733177,-0.0175583492964506,-0.0235364753752946,-0.0004967316635884,-0.0201895236968994,-0.0016528673004359,-0.0025231863837689,-0.0046067587099969,0.0031619209330528,-0.0199935771524906,-0.0292078033089637,0.0222515631467104,0.0790042802691459,-0.0146175334230065,-0.0166499111801385,-0.0090133808553218,0.0171358659863472,0.0205321945250034,0.0072202286683022,-0.0040896451100707,-0.0113500533625483,-0.0295285061001777,0.0376636236906051,-0.0140866758301854,-0.0133928302675485,0.0339860580861568,-0.0123942755162715,0.0187963619828224,0.0254979841411113,0.0056375418789684,-0.0392385497689247,0.0034942247439175,0.005256816279143,-0.0457288213074207,0.032582439482212,0.0030259375926107,-0.0042851814068853,0.0120889749377965,0.0422535203397274,0.0298804640769958,0.0086336880922317,0.0179114788770675,0.0312615633010864,0.0397048890590667,-0.001984785310924,0.0287366043776273,0.0121135087683796,-0.0402428396046161,0.0462665259838104,0.0106942597776651,0.0163906272500753,0.0180260967463254,0.0052074817940592,0.00071436149301,-0.0013369290390983,0.0075580705888569,0.0240964274853467,0.0874755680561065,0.0106208771467208,-0.0184403173625469,0.021665321663022,-0.0143884578719735,-0.0018990178359672,0.0153786856681108,-0.0088790450245141,-0.0044019049964845,0.0379139184951782,-0.0293516963720321,0.0177250541746616,0.0442289561033248,0.0084809567779302,0.1584269553422928,0.0069080451503396,-0.2616558969020844,0.0286353174597024,-0.0962663292884826,-0.0355227552354335,0.0124487578868866,0.0196934044361114,-0.0088774655014276,-0.0148901976644992,-0.0668351873755455,0.0188566613942384,-0.0095953606069087,-0.0139542380347847,-0.0682818964123725,-0.0451362878084182,0.0174004696309566,0.0054601947776973,-0.0062876045703887,0.0159814804792404,0.0027584275230765,-0.0453574359416961,0.0425910800695419,0.0027195967268198,-0.0153722623363137,-0.0197830516844987,0.0262939594686031,0.0001627951860427,-0.0011058087693527,-0.0807160139083862,0.0155832227319479,0.0231899004429578,-0.0335141606628894,0.0096886055544018,-0.0393639765679836,0.0082357386127114,-0.1272879689931869,-0.0106148986133768,-0.1290430304312578,-0.0452050013144936,-0.1134424812742112,-0.0819912074266089,-0.0969591400548904,-0.1295753661074111,-0.1409917214610142,0.0122621207601185,-0.0607265646652298,0.0680820151439629,-0.3226016704333183,2019-02-20,2019-02-21,2019-02-22,2019-02-25,2019-02-26,2019-02-27,2019-02-28,2019-03-01,2019-03-04,2019-03-05,90175.0,2019-02-19,252.0,5.1376%,-0.0019,1.3143,0.9953,0.0831,2.7981%,3.1694%,22.0577%,0.0457819999999999,XPO,90175.0,2019-02-20,252.0,0.8236%,-0.0018,1.3164,1.0038,0.0917,2.7977%,3.1698%,22.0998%,0.002992,XPO,90175.0,2019-02-21,252.0,-1.8697%,-0.0019,1.3253,1.0195,0.1082,2.7964%,3.1715%,22.2567%,-0.013012,XPO,90175.0,2019-02-22,252.0,-3.4961%,-0.0022,1.3332,0.9773,0.1637,2.8069%,3.1743%,21.8083%,-0.047693,XPO,90175.0,2019-02-25,252.0,-1.9168%,-0.0022,1.333,0.9851,0.167,2.8087%,3.1761%,21.7975%,-0.018432,XPO,90175.0,2019-02-26,252.0,-1.9738%,-0.0024,1.3219,1.0078,0.1702,2.8060%,3.1692%,21.6111%,-0.010849,XPO,90175.0,2019-02-27,252.0,-2.5518%,-0.0025,1.314,1.0142,0.1688,2.8088%,3.1684%,21.4115%,-0.028519,XPO,90175.0,2019-02-28,252.0,3.0074%,-0.0024,1.3117,1.0138,0.1585,2.8177%,3.1745%,21.2134%,0.034266,XPO,90175.0,2019-03-01,252.0,-1.2711%,-0.0026,1.3223,1.0297,0.1852,2.8166%,3.1750%,21.3005%,-0.024551,XPO,90175.0,2019-03-04,252.0,-2.3536%,-0.0027,1.33,1.0137,0.1811,2.8161%,3.1774%,21.4522%,-0.013354,XPO,90175.0,2019-03-05,252.0,-2.0190%,-0.0027,1.3353,1.0471,0.1892,2.8155%,3.1793%,21.5761%,-0.0144409999999999,XPO,0.048774,0.035762,-0.011931,-0.041212,-0.087811
21523,XEROX HOLDINGS CORP,Xerox In The Process Of Closing Many Of Its Xerox Business Solutions Field Offices,6,decrease,0.8,0.7,"the closure of business solutions field offices may signal operational downsizing and reduced revenue potential, likely leading to a decrease in investor confidence and stock price.",0,2019-02-19,XRX,2019-02-19 16:27:00+00:00,27983.0,98421M10,0.0062377066351473,3452856.0,0.0071778539568185,0.021119650453329,0.0149011686444282,-0.0056666689924895,0.0051069213077425,-0.0029910320881754,-0.0003175683959852,0.0273130498826503,-0.0003176692698616,0.0068752411752939,-0.0015887905610725,0.0037957422900944,-0.0165499821305275,-0.0152905452996492,0.0126214018091559,0.0155279766768217,0.0022371266968548,0.0104602240025997,-0.0086097083985805,0.0056100925430655,-0.0077195167541503,0.0109890596941113,-0.0197731144726276,0.0017755411099642,0.0019841094035655,0.0402659848332405,0.0280528180301189,0.1139917895197868,-0.0006420692661777,-0.0097800195217132,0.0134918112307786,0.0259197670966386,-0.0148969674482941,0.0148494010791182,0.0170527882874012,0.0081266267225146,0.0126541508361697,-0.002134065143764,-0.0040612048469483,0.0134082809090614,0.0040777656249701,0.0004327229980845,0.028116263449192,0.0131521765142679,-0.0559100620448589,0.0228699669241905,0.0022529673296958,0.0072267320938408,0.0285805854946374,-0.0004514776228461,-0.0084295524284243,0.0118775805458426,0.0157430134713649,0.0143651282414794,-0.0009371690102852,0.0330301858484745,0.0322075933218002,0.0215158239006996,-0.0018175571458414,0.038598284125328,0.004248843062669,-0.0218578558415174,-0.001208852045238,0.0187246426939964,0.009984927251935,0.0055979955941438,0.0110844494774937,0.0111788269132375,-0.0151110617443919,-0.0010152516188099,0.0180504955351352,0.041226252913475,0.0121158342808485,-0.0212105456739664,0.0040875733830034,-0.0117586683481931,0.0040709329769015,-0.0537010468542575,0.0136113883927464,-0.0189843196421861,-0.0094286240637302,-0.010333546437323,-0.0031726795714348,-0.1292433440685272,-0.0217013880610466,-0.0121211810037493,0.0112391961738467,-0.0166865345090627,-0.0146241597831249,0.0051916595548391,-0.0439299382269382,0.0016000366304069,0.0031046969816088,-0.0199921689927578,0.0222840420901775,-0.0424173884093761,0.0099909733980894,-0.0022472424898296,-0.0029976705554872,-0.0290908813476562,-0.0093204323202371,0.0215453170239925,0.0,0.0014881293755024,-0.0091046802699565,-0.0044444757513701,0.0006124546052888,0.0336906239390373,-0.017753230407834,0.0108359400182962,0.0024929265491664,0.0185257904231548,0.0018651344580575,0.0071457047015428,-0.0325783193111419,-0.0039541469886898,0.0083386860787868,-0.0467395298182964,0.0171755403280258,-0.0188609547913074,0.0071778539568185,0.021119650453329,0.0221859810135625,0.0153333033924834,0.0274062043804763,0.0122964089018433,0.0267536609078344,0.0470951860379209,0.0143556466970959,0.0680223920340699,0.083436958834776,0.5469780731791587,0.0515421142719518,0.1408110134664209,2019-02-20,2019-02-21,2019-02-22,2019-02-25,2019-02-26,2019-02-27,2019-02-28,2019-03-01,2019-03-04,2019-03-05,27983.0,2019-02-19,252.0,0.6238%,0.0003,1.1202,0.1396,0.3247,1.7470%,2.0761%,29.1895%,0.002667,XRX,27983.0,2019-02-20,252.0,0.7178%,0.0003,1.1209,0.1412,0.3273,1.7471%,2.0765%,29.2123%,0.002856,XRX,27983.0,2019-02-21,252.0,1.4901%,0.0003,1.125,0.1537,0.3345,1.7451%,2.0763%,29.3600%,0.0197999999999999,XRX,27983.0,2019-02-22,252.0,0.5107%,0.0004,1.1238,0.1791,0.3437,1.7412%,2.0721%,29.3930%,0.001767,XRX,27983.0,2019-02-25,252.0,-0.0318%,0.0004,1.1233,0.1793,0.342,1.7410%,2.0718%,29.3884%,-0.001019,XRX,27983.0,2019-02-26,252.0,-0.0318%,0.0004,1.1198,0.1781,0.3388,1.7408%,2.0677%,29.1173%,0.003656,XRX,27983.0,2019-02-27,252.0,-0.1589%,0.0004,1.1214,0.1744,0.3391,1.7408%,2.0672%,29.0858%,-0.002629,XRX,27983.0,2019-02-28,252.0,-1.6550%,0.0004,1.1164,0.1706,0.3384,1.7403%,2.0622%,28.7793%,-0.012361,XRX,27983.0,2019-03-01,252.0,1.2621%,0.0003,1.1273,0.1867,0.3529,1.7376%,2.0636%,29.0964%,0.005352,XRX,27983.0,2019-03-04,252.0,0.2237%,0.0003,1.1353,0.1538,0.3523,1.7340%,2.0631%,29.3580%,0.007379,XRX,27983.0,2019-03-05,252.0,-0.8610%,0.0004,1.1418,0.2005,0.359,1.7274%,2.0613%,29.7754%,-0.005448,XRX,0.005523,0.025323,0.02709,0.029727,0.0220199999999999
21531,YUM BRANDS INC,"Yum Brands CEO Greg Creed Sells 24,058 @ Avg Price: $94.58",6,decrease,0.7,0.5,"the sale of a significant number of shares by the ceo may signal a lack of confidence in the company's future performance, potentially leading to a decrease in stock price.",0,2019-02-19,YUM,2019-02-19 15:30:00+00:00,85348.0,98849810,0.0042498288676142,1999759.0,0.0021160028409212,0.0028769767377525,0.001689147320576,0.0055715916678309,0.0053752334788441,-0.0031898056622594,-0.0198133904486894,0.0084709506481885,-0.0014973196666687,-0.0130172055214643,-0.0026778064202517,-0.0012683939421549,0.0149285728111863,0.0002114840171998,0.0092063779011368,0.0015882453881204,-0.0024116949643939,-0.002218690700829,0.0083035621792078,0.0055243205279111,0.0069842403754591,0.001596019254066,-0.0006210927385836,0.0056715509854257,0.0013465635711327,0.0084169507026672,0.0115858362987637,0.0008640440064482,0.0019429639214649,-0.001294388435781,0.0067360280081629,-0.0021526699420064,0.0034469177480787,0.0014012167230248,0.0193978399038314,0.0079304259270429,-0.0065411659888923,-0.0033564048353582,-0.0099760573357343,0.018302135169506,-0.0067512914538383,0.0096849063411355,0.0062899743206799,-0.0061953486874699,-0.0022179777733981,0.0043333265930414,0.0,-0.0103365117684006,-0.0022229081951081,-0.009260251186788,0.0023291478864848,0.0071319015696644,0.0016164480475708,-0.0004387027292978,0.0067581012845039,-0.0019702310673892,0.007714700885117,-0.0010933574521914,-0.0039769490249454,0.0260264724493026,0.0035935377236455,-0.025153137743473,-0.0008952055359259,-0.0052218856289982,-0.0048780278302729,0.0033838832750916,-0.0037015080451965,0.0071460152976214,-0.0011044581187888,0.0107789896428585,0.0056292475201189,0.0341301001608371,0.0072970385663211,-0.0127070881426334,0.0062519093044102,0.0117079503834247,0.0023668427020311,-0.0332889482378959,-9.840747952694072e-05,0.0002220230089733,-0.0012791228946298,0.0043473346158862,0.017931031063199,-0.0217011775821447,-0.0013550076400861,-0.0188316088169813,-0.0025198888033628,0.0331638306379318,0.0040808217599987,0.0072375186719,0.0010644533904269,-0.0049856477417051,0.0061865579336881,-0.0018798868404701,-0.0027859860565513,-0.0116939861327409,0.0056839720346033,0.0090427845716476,-0.0234696511179208,-0.0150972018018364,-0.0019619832746684,-0.0016265617450699,0.0096324291080236,0.0039190137758851,-0.0030178888700902,0.0014171727234497,-0.0091788144782185,0.0252598877996206,-0.0096580600365996,0.0131355868652463,0.0024878098629415,0.0128454538062214,0.0068493392318487,0.0059749935753643,-0.0100561631843447,-0.001835114788264,0.0026889417786151,-0.0106660025194287,0.0009932487737387,-0.0085499174892902,0.0021160028409212,0.0028769767377525,0.0038087244020263,0.008464597745204,0.0092044306637879,0.0052477916611282,-0.0122724923583881,0.0005668322198446,0.0149175178557874,0.004393504773307,0.0598815502446901,0.060618786077085,0.0662294166488266,0.0679932610435942,2019-02-20,2019-02-21,2019-02-22,2019-02-25,2019-02-26,2019-02-27,2019-02-28,2019-03-01,2019-03-04,2019-03-05,85348.0,2019-02-19,252.0,0.4250%,0.0007,0.6311,-0.5337,-0.1449,0.8846%,1.1521%,41.0385%,0.00496,YUM,85348.0,2019-02-20,252.0,0.2116%,0.0008,0.6324,-0.5273,-0.1393,0.8833%,1.1504%,41.0429%,0.002788,YUM,85348.0,2019-02-21,252.0,0.1689%,0.0008,0.6313,-0.5289,-0.1412,0.8834%,1.1502%,41.0141%,0.003239,YUM,85348.0,2019-02-22,252.0,0.5375%,0.0008,0.6313,-0.5326,-0.1449,0.8832%,1.1502%,41.0368%,0.002004,YUM,85348.0,2019-02-25,252.0,-1.9813%,0.0006,0.6321,-0.5204,-0.1358,0.8946%,1.1571%,40.2218%,-0.0225059999999999,YUM,85348.0,2019-02-26,252.0,-0.1497%,0.0006,0.6293,-0.5108,-0.133,0.8943%,1.1515%,39.6890%,-0.004365,YUM,85348.0,2019-02-27,252.0,-0.2678%,0.0006,0.6296,-0.5122,-0.133,0.8945%,1.1504%,39.5377%,-0.002533,YUM,85348.0,2019-02-28,252.0,1.4929%,0.0006,0.6271,-0.5134,-0.1385,0.9001%,1.1533%,39.0914%,0.01655,YUM,85348.0,2019-03-01,252.0,0.9206%,0.0006,0.6395,-0.4949,-0.1216,0.8927%,1.1510%,39.8419%,0.005536,YUM,85348.0,2019-03-04,252.0,-0.2412%,0.0006,0.6355,-0.4805,-0.1208,0.8910%,1.1432%,39.2544%,-0.000682,YUM,85348.0,2019-03-05,252.0,0.8304%,0.0006,0.6327,-0.4978,-0.1253,0.8909%,1.1434%,39.3009%,0.007514,YUM,0.007748,0.010987,0.012991,-0.0138799999999999,0.012505
21539,ALLIANCEBERNSTEIN HOLDING L P,"AllianceBernstein Q4 Adj. EPS $0.64, Inline, Sales $804.66M Beat $706.19M Estimate",6,increase,0.7,0.6,"the company's sales beat estimates significantly, which is likely to positively influence investor sentiment and drive the stock price higher.",2,2019-02-13,AB,2019-02-13 11:51:00+00:00,75278.0,01881G10,-0.0150785790756344,561754.0,-0.0280130486935377,0.0006420692661777,0.0053619253449141,0.0213114637881517,0.005333328153938,0.0132890241220593,0.0026525172870606,0.0043377066031098,0.0076058050617575,-0.003656935179606,-0.0052510420791804,-0.0163505561649799,-0.0134816188365221,-0.0022838399745523,-0.0126409577205777,0.0052476171404123,0.0058823558501899,0.0153179848566651,0.0020639651920646,-0.0036495921667665,0.0144181288778781,-0.0059366854839026,0.0094754891470074,0.0056384769268333,-0.0030171019025146,0.0046650911681354,0.0033624875359237,0.0067091835662722,-0.0281501393765211,0.0105084562674164,0.0,-0.0196078475564718,0.0024137825239449,0.0182741433382034,0.0003440051223151,0.0027146225329488,0.0020632552914321,0.0218446310609579,0.0,0.0180021263659,0.0027453645598143,-0.0049174358136951,0.0058179358020424,0.0110085038468241,-0.0108880465850234,0.0035638054832816,-0.0079119214788079,-0.001423520152457,0.0013869281392544,0.0050071994774043,-0.0367035828530788,-0.0049822526052594,-0.0089863408356904,0.0229341499507427,0.022850964218378,0.0073340246453881,0.009929034858942,-0.0018301331438124,0.0154494568705558,0.0186428036540746,-0.0010373680852353,0.0291634779423475,0.0062305401079356,0.0147974751889705,-0.0096318814903497,0.0844594612717628,0.0114623103290796,-0.0251132398843765,0.0078983353450894,-0.026452898979187,0.0047699962742626,-0.0067675188183784,-0.0057646688073873,-0.0256012342870235,-0.0102318972349166,0.0169625356793403,0.0117160631343722,-0.0379506647586822,-0.0010218217503279,-0.0435571298003196,0.0044322931207716,0.0110091464594006,-0.0023760928306728,0.0209816209971904,0.0129296043887734,-0.0154924411326646,0.0057104490697383,-0.0376286655664444,0.0006679542711935,0.0206521619111299,-0.0073431013152003,-0.0793862342834472,0.0124411853030324,-0.0282009989023208,-0.0033211684785783,0.0211850814521312,-0.0313229113817215,0.0059939525090157,0.0024079703725874,-0.0019940002821385,0.001715893857181,0.0080401934683322,0.0109626473858952,-0.0023395619355142,0.0010166277643293,-0.0023341011255979,-0.0013541270745918,0.0036814126651734,0.0101694734767079,0.0180578790605068,-0.001023499877192,0.0010232158238068,-0.0314207673072814,-0.0111298458650708,0.0155147612094879,-0.0033613573759794,0.0065972409211099,-0.0099833356216549,0.0124180959537625,-0.0006651299772784,-0.0280130486935377,0.0006420692661777,-0.0228013272244017,0.0219672164902451,-0.0175896060308967,0.0355481634821377,-0.007491903863348,0.0362367084773473,-0.030672630265953,0.0341738800218487,-0.0376605406279172,0.162192411758189,-0.0070244387911374,0.0365813175860976,2019-02-14,2019-02-15,2019-02-19,2019-02-20,2019-02-21,2019-02-22,2019-02-25,2019-02-26,2019-02-27,2019-02-28,75278.0,2019-02-13,252.0,-1.5079%,0.0013,0.972,0.1164,0.6592,1.2150%,1.5360%,37.4287%,-0.0184539999999999,AB,75278.0,2019-02-14,252.0,-2.8013%,0.0011,0.9754,0.1021,0.6788,1.2047%,1.5300%,38.0058%,-0.022854,AB,75278.0,2019-02-15,252.0,0.5362%,0.0011,0.98,0.1051,0.6848,1.2033%,1.5300%,38.1446%,-0.009273,AB,75278.0,2019-02-19,252.0,0.5333%,0.001,0.9755,0.1113,0.6921,1.2000%,1.5241%,38.0113%,0.0010119999999999,AB,75278.0,2019-02-20,252.0,0.2653%,0.001,0.9737,0.1045,0.685,1.1996%,1.5232%,37.9787%,-0.003353,AB,75278.0,2019-02-21,252.0,0.7606%,0.0009,0.9788,0.1175,0.6942,1.1941%,1.5214%,38.3958%,0.012757,AB,75278.0,2019-02-22,252.0,-0.5251%,0.0009,0.9795,0.111,0.6963,1.1939%,1.5217%,38.4441%,-0.002154,AB,75278.0,2019-02-25,252.0,-1.3482%,0.0008,0.9799,0.1185,0.7019,1.1972%,1.5244%,38.3238%,-0.013509,AB,75278.0,2019-02-26,252.0,-1.2641%,0.0009,0.9894,0.1218,0.7106,1.1958%,1.5268%,38.6532%,-0.008098,AB,75278.0,2019-02-27,252.0,0.5882%,0.0009,0.996,0.1114,0.7117,1.1926%,1.5269%,38.9916%,0.005513,AB,75278.0,2019-02-28,252.0,0.2064%,0.001,0.99,0.1075,0.706,1.1918%,1.5210%,38.6028%,0.0068089999999999,AB,-0.041308,-0.050581,-0.049569,-0.040165,-0.051604
21547,A C C O BRANDS CORP,"ACCO Brands Sees FY19 Adj. EPS $1.10-$1.20 vs $1.30 Est., Sales Down 3% To Flat",6,decrease,0.8,0.6,"the company's adjusted eps guidance is below analyst estimates, which typically signals weaker performance and can lead to a decrease in stock price.",0,2019-02-13,ACCO,2019-02-13 11:45:00+00:00,90825.0,00081T10,-0.0185185261070728,1284900.0,-0.0055494108237326,0.0279955193400383,0.0301338732242584,0.0276180356740951,-0.0108341751620173,-0.0158550795167684,0.0219057835638523,-0.0264608357101678,-0.0042872414924204,-0.0011013468028977,0.0043057007715106,-0.0032930553425103,-0.0042872414924204,0.0293784476816654,0.0043057007715106,0.0022650575265288,-0.0064308107830584,-0.0033859745599329,0.0032362169586122,0.004535143263638,0.0021504843607544,0.0034129389096051,-0.0053647253662347,-0.004530007019639,-0.0161812901496887,0.0172810610383749,-0.0131578827276825,-0.0057272897101938,-0.0155555941164493,-0.0113250715658068,0.0022573880851268,0.0,0.0056306519545614,0.0149425426498055,0.0022395860869437,0.023529389873147,0.0022346880286931,0.0107015641406178,-0.0122631071135401,0.00960383284837,0.0113635715097188,-0.0023952643387019,0.0044943778775632,0.0084541849792003,-0.0178970750421285,0.0171989407390356,-0.0261958483606576,0.0303797777742147,0.0035087405703961,0.0180412195622921,-0.041958000510931,0.0104167191311717,0.0097323507070541,0.0666666701436042,0.0204819366335868,0.0041840630583465,0.0059032100252807,0.057522103190422,0.0117370216175913,0.0074294488877058,-0.0069604949094355,0.0290519967675209,0.0163550674915313,0.0030674817971885,0.0,0.0349205993115901,-0.002298793522641,-0.023255756124854,0.0011519901454448,-0.006163322366774,0.0069045363925397,-0.0015384966973215,-0.0034285408910363,-0.0412979647517204,-0.02178905159235,0.0119403582066297,0.0222743898630142,-0.0088758012279868,0.0057339668273925,-0.0231213644146919,0.0022804450709372,-0.0156472455710172,-0.0102389249950647,0.0042857443913817,0.017241446301341,-0.0168539173901081,0.0067796004004776,-0.0138504030182957,-0.0089786676689982,-0.0321716144680976,-0.0305775199085474,-0.0079787159338593,0.0292056053876876,-0.0658385306596756,0.0158909633755683,-0.0086206523701548,-0.0145251527428627,0.0012330738827586,0.0215420108288526,0.0098886899650096,0.0122086182236671,0.0279542915523052,0.0021930327638983,0.0051085520535707,-0.0328227765858173,-0.017565855756402,-0.0712669789791107,-0.014833171851933,0.0438489243388176,0.0201765857636928,0.0163360964506864,-0.0185643676668405,-0.0309989042580127,-0.0012361222179606,-0.0082938028499484,-0.0170108620077371,0.0215054135769605,0.0185643099248409,-0.0198830496519804,-0.0158343613147735,-0.0055494108237326,0.0279955193400383,0.024417237158294,0.0563867362659813,0.0133185213719311,0.0396376405620246,0.0310765501742127,0.0110132558644044,0.0321864531192435,0.0408163947327202,-0.0367622190426701,0.3640416436637028,-0.0635808757166452,0.1264210028797536,2019-02-14,2019-02-15,2019-02-19,2019-02-20,2019-02-21,2019-02-22,2019-02-25,2019-02-26,2019-02-27,2019-02-28,90825.0,2019-02-13,252.0,-1.8519%,-0.0005,1.0121,1.1323,0.6824,2.2072%,2.4712%,20.2276%,-0.022621,ACCO,90825.0,2019-02-14,252.0,-0.5549%,-0.0006,1.0134,1.1297,0.685,2.2074%,2.4714%,20.2279%,-0.005454,ACCO,90825.0,2019-02-15,252.0,3.0134%,-0.0011,0.9052,1.0339,0.5111,2.0194%,2.2579%,20.0060%,0.012471,ACCO,90825.0,2019-02-19,252.0,-1.0834%,-0.0014,0.8841,1.049,0.5299,1.9898%,2.2235%,19.9163%,-0.017185,ACCO,90825.0,2019-02-20,252.0,2.1906%,-0.0013,0.8896,1.0661,0.5509,1.9912%,2.2280%,20.1223%,0.014903,ACCO,90825.0,2019-02-21,252.0,-0.4287%,-0.0012,0.8854,1.0581,0.5433,1.9902%,2.2242%,19.9287%,0.000918,ACCO,90825.0,2019-02-22,252.0,0.4306%,-0.0012,0.8849,1.0648,0.5433,1.9901%,2.2244%,19.9614%,0.0006169999999999,ACCO,90825.0,2019-02-25,252.0,-0.4287%,-0.0012,0.8839,1.0642,0.5393,1.9893%,2.2236%,19.9594%,-0.001968,ACCO,90825.0,2019-02-26,252.0,0.4306%,-0.0012,0.874,1.0525,0.5259,1.9904%,2.2203%,19.6327%,0.014211,ACCO,90825.0,2019-02-27,252.0,-0.6431%,-0.0012,0.8751,1.0483,0.5261,1.9909%,2.2205%,19.6118%,-0.008686,ACCO,90825.0,2019-02-28,252.0,0.3236%,-0.0011,0.8669,1.0429,0.5182,1.9900%,2.2151%,19.2864%,0.006955,ACCO,-0.028075,-0.015604,-0.032789,-0.016968,-0.005839
21555,A C C O BRANDS CORP,"ACCO Brands Q4 Adj. EPS $0.41 Misses $0.43 Estimate, Sales $529.3M Miss $553.36M Estimate",6,decrease,0.8,0.6,"the company reported lower-than-expected earnings and sales, which typically leads to a negative reaction in stock prices.",0,2019-02-13,ACCO,2019-02-13 11:44:00+00:00,90825.0,00081T10,-0.0185185261070728,1284900.0,-0.0055494108237326,0.0279955193400383,0.0301338732242584,0.0276180356740951,-0.0108341751620173,-0.0158550795167684,0.0219057835638523,-0.0264608357101678,-0.0042872414924204,-0.0011013468028977,0.0043057007715106,-0.0032930553425103,-0.0042872414924204,0.0293784476816654,0.0043057007715106,0.0022650575265288,-0.0064308107830584,-0.0033859745599329,0.0032362169586122,0.004535143263638,0.0021504843607544,0.0034129389096051,-0.0053647253662347,-0.004530007019639,-0.0161812901496887,0.0172810610383749,-0.0131578827276825,-0.0057272897101938,-0.0155555941164493,-0.0113250715658068,0.0022573880851268,0.0,0.0056306519545614,0.0149425426498055,0.0022395860869437,0.023529389873147,0.0022346880286931,0.0107015641406178,-0.0122631071135401,0.00960383284837,0.0113635715097188,-0.0023952643387019,0.0044943778775632,0.0084541849792003,-0.0178970750421285,0.0171989407390356,-0.0261958483606576,0.0303797777742147,0.0035087405703961,0.0180412195622921,-0.041958000510931,0.0104167191311717,0.0097323507070541,0.0666666701436042,0.0204819366335868,0.0041840630583465,0.0059032100252807,0.057522103190422,0.0117370216175913,0.0074294488877058,-0.0069604949094355,0.0290519967675209,0.0163550674915313,0.0030674817971885,0.0,0.0349205993115901,-0.002298793522641,-0.023255756124854,0.0011519901454448,-0.006163322366774,0.0069045363925397,-0.0015384966973215,-0.0034285408910363,-0.0412979647517204,-0.02178905159235,0.0119403582066297,0.0222743898630142,-0.0088758012279868,0.0057339668273925,-0.0231213644146919,0.0022804450709372,-0.0156472455710172,-0.0102389249950647,0.0042857443913817,0.017241446301341,-0.0168539173901081,0.0067796004004776,-0.0138504030182957,-0.0089786676689982,-0.0321716144680976,-0.0305775199085474,-0.0079787159338593,0.0292056053876876,-0.0658385306596756,0.0158909633755683,-0.0086206523701548,-0.0145251527428627,0.0012330738827586,0.0215420108288526,0.0098886899650096,0.0122086182236671,0.0279542915523052,0.0021930327638983,0.0051085520535707,-0.0328227765858173,-0.017565855756402,-0.0712669789791107,-0.014833171851933,0.0438489243388176,0.0201765857636928,0.0163360964506864,-0.0185643676668405,-0.0309989042580127,-0.0012361222179606,-0.0082938028499484,-0.0170108620077371,0.0215054135769605,0.0185643099248409,-0.0198830496519804,-0.0158343613147735,-0.0055494108237326,0.0279955193400383,0.024417237158294,0.0563867362659813,0.0133185213719311,0.0396376405620246,0.0310765501742127,0.0110132558644044,0.0321864531192435,0.0408163947327202,-0.0367622190426701,0.3640416436637028,-0.0635808757166452,0.1264210028797536,2019-02-14,2019-02-15,2019-02-19,2019-02-20,2019-02-21,2019-02-22,2019-02-25,2019-02-26,2019-02-27,2019-02-28,90825.0,2019-02-13,252.0,-1.8519%,-0.0005,1.0121,1.1323,0.6824,2.2072%,2.4712%,20.2276%,-0.022621,ACCO,90825.0,2019-02-14,252.0,-0.5549%,-0.0006,1.0134,1.1297,0.685,2.2074%,2.4714%,20.2279%,-0.005454,ACCO,90825.0,2019-02-15,252.0,3.0134%,-0.0011,0.9052,1.0339,0.5111,2.0194%,2.2579%,20.0060%,0.012471,ACCO,90825.0,2019-02-19,252.0,-1.0834%,-0.0014,0.8841,1.049,0.5299,1.9898%,2.2235%,19.9163%,-0.017185,ACCO,90825.0,2019-02-20,252.0,2.1906%,-0.0013,0.8896,1.0661,0.5509,1.9912%,2.2280%,20.1223%,0.014903,ACCO,90825.0,2019-02-21,252.0,-0.4287%,-0.0012,0.8854,1.0581,0.5433,1.9902%,2.2242%,19.9287%,0.000918,ACCO,90825.0,2019-02-22,252.0,0.4306%,-0.0012,0.8849,1.0648,0.5433,1.9901%,2.2244%,19.9614%,0.0006169999999999,ACCO,90825.0,2019-02-25,252.0,-0.4287%,-0.0012,0.8839,1.0642,0.5393,1.9893%,2.2236%,19.9594%,-0.001968,ACCO,90825.0,2019-02-26,252.0,0.4306%,-0.0012,0.874,1.0525,0.5259,1.9904%,2.2203%,19.6327%,0.014211,ACCO,90825.0,2019-02-27,252.0,-0.6431%,-0.0012,0.8751,1.0483,0.5261,1.9909%,2.2205%,19.6118%,-0.008686,ACCO,90825.0,2019-02-28,252.0,0.3236%,-0.0011,0.8669,1.0429,0.5182,1.9900%,2.2151%,19.2864%,0.006955,ACCO,-0.028075,-0.015604,-0.032789,-0.016968,-0.005839
21563,ARCH CAPITAL GROUP LTD NEW,Arch Capital shares are trading higher after the company reported Q4 EPS of $0.46 beating the $0.38 analyst estimate.,6,increase,0.8,0.7,"the positive earnings surprise typically boosts investor confidence, leading to an increase in stock price.",2,2019-02-13,ACGL,2019-02-13 15:04:00+00:00,82276.0,G0450A10,0.0366525836288929,1895267.0,-0.0262827984988689,0.0164853278547525,0.0122107695788145,0.0006598633481189,0.0180952288210392,-0.0019756790716201,0.0071717975661158,0.0033036135137081,-0.0003095455758739,-0.0003302585391793,0.0003096414147876,0.0100067090243101,-0.0012384185101836,0.0080699315294623,0.0037198620848357,0.0132878832519054,-0.0006176793249323,0.0034188164863735,0.0095796519890427,0.0159777384251356,0.0061218477785587,0.0017397754127159,0.0021295922342687,-0.003121753456071,-0.0030357765499502,0.0010416905861347,-0.0079171229153871,0.0080503867939114,-0.0104358540847897,0.0052779596298933,-0.0040322910062968,-0.0021067229099571,0.0084086097776889,0.0084985755383968,0.0009264600812457,0.0132758850231766,0.0003084949566982,0.0101486295461654,0.0040099034085869,0.0252694282680749,0.0098310196772217,0.0086206728592515,-0.0009126492077484,-0.0162242073565721,-0.0146163078024983,0.0130743505433201,-0.0117429252713918,0.0128641752526164,0.0096936011686921,0.0037979634944349,-0.0071229338645935,-0.0022735681850463,-0.0028073005378246,0.0236617028713226,-0.000312800402753,-0.0156548246741294,0.0034418215509504,-0.0198352839797735,-0.0021827158052474,0.0125047340989112,0.0099999904632568,-0.0056519033387303,0.0105198072269558,0.0239197853952646,-0.007348489947617,0.0451613254845142,0.0018507519271224,-0.0293542090803384,-0.0003078301087953,-0.0135135287418961,0.0036956861149519,-0.0193108767271041,0.0027615879662334,-0.0141844367608428,-0.0174418501555919,0.0143885295838117,0.0071628633886575,-0.0167535655200481,0.0089672515168786,-0.0070239789783954,0.0079680755734443,-0.0047829677350819,-0.0121616823598742,-0.0022026235237717,0.012926997616887,-0.0119695290923118,-0.0088119395077228,-0.0061283372342586,-0.0027590482495725,-0.0003603686054702,-0.0104518951848149,-0.0068003050982952,0.0173967499285936,-0.0158506110310554,0.0003052922547794,-0.0080363890156149,0.0027472574729472,0.0084567191079258,0.003348572878167,-0.0024605132639408,0.0103155393153429,0.020810903981328,0.014414400793612,-0.010298260487616,0.0020722232293337,0.005714280065149,0.0002954840892925,0.0,0.0085647050291299,0.0028653268236666,-0.0002928883186541,-0.0116814132779836,-0.0149384392425417,-0.0003538651508279,-0.0026761863846331,-0.0014133926015347,-0.0035778994206339,0.0147006046026945,0.0161580182611942,-0.009236242622137,-0.0262827984988689,0.0164853278547525,-0.0143929621164105,0.0171560692665044,0.0034418227617196,0.0151464953078832,0.0103254657680103,0.0181637786174775,0.0222152419772636,0.0708578993664605,0.0012515932211616,0.1682455721061575,0.0625782268124837,0.0952042730062421,2019-02-14,2019-02-15,2019-02-19,2019-02-20,2019-02-21,2019-02-22,2019-02-25,2019-02-26,2019-02-27,2019-02-28,82276.0,2019-02-13,252.0,3.6653%,0.0004,0.7452,0.0301,0.3794,1.0057%,1.2414%,34.3615%,0.034212,ACGL,82276.0,2019-02-14,252.0,-2.6283%,0.0003,0.7504,0.0174,0.3938,1.0159%,1.2523%,34.1931%,-0.022774,ACGL,82276.0,2019-02-15,252.0,1.2211%,0.0002,0.7378,0.0062,0.3735,1.0106%,1.2405%,33.6273%,0.001697,ACGL,82276.0,2019-02-19,252.0,1.8095%,0.0003,0.7437,0.0115,0.379,1.0135%,1.2454%,33.7760%,0.015455,ACGL,82276.0,2019-02-20,252.0,0.7172%,0.0004,0.7447,0.0143,0.3827,1.0137%,1.2462%,33.8316%,0.003549,ACGL,82276.0,2019-02-21,252.0,-0.0310%,0.0004,0.7413,0.0079,0.3764,1.0127%,1.2434%,33.6672%,0.003236,ACGL,82276.0,2019-02-22,252.0,0.0310%,0.0004,0.7414,0.0039,0.3738,1.0125%,1.2434%,33.6897%,0.000881,ACGL,82276.0,2019-02-25,252.0,-0.1238%,0.0004,0.7404,0.0039,0.37,1.0110%,1.2417%,33.7050%,-0.001768,ACGL,82276.0,2019-02-26,252.0,0.3720%,0.0005,0.7458,-0.0091,0.3674,1.0093%,1.2419%,33.9525%,0.00605,ACGL,82276.0,2019-02-27,252.0,-0.0618%,0.0005,0.7465,-0.0109,0.3675,1.0092%,1.2412%,33.8853%,-0.000931,ACGL,82276.0,2019-02-28,252.0,0.9580%,0.0005,0.7514,-0.0071,0.3682,1.0085%,1.2422%,34.0929%,0.012715,ACGL,0.0114379999999999,0.0131349999999999,0.0285899999999999,0.035375,0.052322
21571,AMERICAN INTERNATIONAL GROUP INC,CORRECTION: AIG Q4 Adj. EPS $(0.63) vs $0.57 In Same Qtr. Last Year,6,decrease,0.8,0.7,"the negative adjusted eps of $(0.63) compared to a positive $0.57 in the same quarter last year indicates a significant decline in profitability, likely leading to a decrease in stock price.",0,2019-02-13,AIG,2019-02-13 21:19:00+00:00,66800.0,02687478,0.0079853627830743,5290410.0,-0.0903123989701271,0.0181185267865657,0.0529982857406139,0.0141342394053936,0.0158318057656288,-0.0088723106309771,0.0069783488288521,-0.0187857877463102,-0.0064680664800107,-0.0002290041593369,-0.0032550429459661,-0.0077272760681807,0.022393349558115,0.0041077202185988,0.0006844348390586,0.0136479334905743,-0.0088919149711728,0.0098107485100626,-0.0062111904844641,0.0130147440358996,0.0006944161723367,-0.0130780329927802,0.0064769554883241,-0.0083372071385383,-0.0078142993152141,0.0055892337113618,-0.0155199952423572,0.0028024038765579,-0.0162352621555328,-0.0124538950622081,0.0093278968706727,-0.0181159246712923,0.0146919172257185,0.0200969949364662,0.0053713112138211,0.0037097111344337,0.0171893537044525,0.0160188525915145,0.0063941325061023,0.010714303702116,0.0066285924986004,0.0081613091751933,0.0054495427757501,0.005794343072921,-0.0094850538298487,0.0063167717307806,-0.0205198712646961,0.0145427696406841,0.0109404381364584,0.0039594122208654,-0.0186507329344749,0.0057242293842136,-0.0039886948652565,0.0369032323360443,0.0141342394053936,-0.0219585802406072,0.0020905958954244,0.0053285737521946,-0.0009272349416278,0.0204557459801435,-0.0009280070080421,-0.0180524494498968,0.0215977765619754,0.0191759951412677,-0.0100023280829191,0.033752966672182,0.007347869221121,-0.0018716495251283,0.0166400633752346,-0.0196592397987842,0.0100897038355469,-0.0302490759640932,-0.0039955675601959,0.0473908074200153,-0.0053487378172576,0.0026695753913372,0.0056016133166849,-0.0008002825197763,0.018493715673685,0.0053633884526789,0.0105009749531745,-0.010350301861763,-0.0084433732554316,0.029789563268423,0.0205240715295076,-0.0159956868737936,-0.0164741221815347,-0.01029032189399,0.0015227255644276,-0.0383151061832904,-0.0008688296074979,-0.0333578772842884,-0.0004347925714682,-0.0558128729462623,-0.0052196141332387,-0.001618490088731,-0.0120245525613427,-0.0043738177046179,0.0190307740122079,-0.0198556203395128,0.0204126480966806,0.0204927325248718,0.0123430090025067,-0.0095780659466981,-0.0147151723504066,0.0110675478354096,-0.001493486110121,-0.011171949096024,0.0066239610314369,0.0185787081718444,0.0,-0.0055426759645342,0.0677138343453407,0.0083838058635592,-0.0067594465799629,0.0058561726473271,0.0174139868468046,0.017882689833641,0.0159354228526353,-0.0052182450890541,-0.0903123989701271,0.0181185267865657,-0.0421005155560523,0.0325088577872336,-0.0269352369753397,0.0233481184717099,-0.0264826198663538,0.0038937694196201,-0.0221819769378405,0.0371510545032562,-0.017310013442068,0.134904271993959,0.1774039980994368,0.048703023491925,2019-02-14,2019-02-15,2019-02-19,2019-02-20,2019-02-21,2019-02-22,2019-02-25,2019-02-26,2019-02-27,2019-02-28,66800.0,2019-02-13,252.0,0.7985%,-0.001,0.9515,0.3976,0.7527,1.1471%,1.4751%,39.5301%,0.0044729999999999,AIG,66800.0,2019-02-14,252.0,-9.0312%,-0.0013,0.9717,0.3514,0.8028,1.2655%,1.5789%,35.7601%,-0.086116,AIG,66800.0,2019-02-15,252.0,5.2998%,-0.001,1.0128,0.3925,0.8751,1.2820%,1.6155%,37.0223%,0.037186,AIG,66800.0,2019-02-19,252.0,1.5832%,-0.0009,1.0177,0.3956,0.8782,1.2828%,1.6189%,37.2132%,0.0100439999999999,AIG,66800.0,2019-02-20,252.0,0.6978%,-0.0009,1.0175,0.3946,0.8776,1.2828%,1.6194%,37.2540%,-0.000756,AIG,66800.0,2019-02-21,252.0,-0.6468%,-0.001,1.0248,0.4094,0.8908,1.2763%,1.6184%,37.8064%,-0.000509,AIG,66800.0,2019-02-22,252.0,-0.3255%,-0.001,1.0246,0.4066,0.8865,1.2763%,1.6183%,37.8036%,0.0008269999999999,AIG,66800.0,2019-02-25,252.0,2.2393%,-0.0009,1.0246,0.3945,0.8801,1.2855%,1.6250%,37.4178%,0.023409,AIG,66800.0,2019-02-26,252.0,0.0684%,-0.0008,1.0291,0.3783,0.8752,1.2849%,1.6249%,37.4663%,0.007653,AIG,66800.0,2019-02-27,252.0,-0.8892%,-0.0008,1.0404,0.3556,0.877,1.2756%,1.6223%,38.1708%,-0.009587,AIG,66800.0,2019-02-28,252.0,-0.6211%,-0.0008,1.0409,0.356,0.8775,1.2756%,1.6208%,38.0576%,-0.000965,AIG,-0.081643,-0.0444569999999999,-0.034413,-0.035678,-0.014341
21579,AMERICAN INTERNATIONAL GROUP INC,AIG Raises Buyback Plan To $2B,6,increase,0.8,0.6,"aig's decision to raise its buyback plan to $2 billion is likely to signal confidence in its financial health, which can positively influence investor sentiment and drive the stock price up.",2,2019-02-13,AIG,2019-02-13 21:17:00+00:00,66800.0,02687478,0.0079853627830743,5290410.0,-0.0903123989701271,0.0181185267865657,0.0529982857406139,0.0141342394053936,0.0158318057656288,-0.0088723106309771,0.0069783488288521,-0.0187857877463102,-0.0064680664800107,-0.0002290041593369,-0.0032550429459661,-0.0077272760681807,0.022393349558115,0.0041077202185988,0.0006844348390586,0.0136479334905743,-0.0088919149711728,0.0098107485100626,-0.0062111904844641,0.0130147440358996,0.0006944161723367,-0.0130780329927802,0.0064769554883241,-0.0083372071385383,-0.0078142993152141,0.0055892337113618,-0.0155199952423572,0.0028024038765579,-0.0162352621555328,-0.0124538950622081,0.0093278968706727,-0.0181159246712923,0.0146919172257185,0.0200969949364662,0.0053713112138211,0.0037097111344337,0.0171893537044525,0.0160188525915145,0.0063941325061023,0.010714303702116,0.0066285924986004,0.0081613091751933,0.0054495427757501,0.005794343072921,-0.0094850538298487,0.0063167717307806,-0.0205198712646961,0.0145427696406841,0.0109404381364584,0.0039594122208654,-0.0186507329344749,0.0057242293842136,-0.0039886948652565,0.0369032323360443,0.0141342394053936,-0.0219585802406072,0.0020905958954244,0.0053285737521946,-0.0009272349416278,0.0204557459801435,-0.0009280070080421,-0.0180524494498968,0.0215977765619754,0.0191759951412677,-0.0100023280829191,0.033752966672182,0.007347869221121,-0.0018716495251283,0.0166400633752346,-0.0196592397987842,0.0100897038355469,-0.0302490759640932,-0.0039955675601959,0.0473908074200153,-0.0053487378172576,0.0026695753913372,0.0056016133166849,-0.0008002825197763,0.018493715673685,0.0053633884526789,0.0105009749531745,-0.010350301861763,-0.0084433732554316,0.029789563268423,0.0205240715295076,-0.0159956868737936,-0.0164741221815347,-0.01029032189399,0.0015227255644276,-0.0383151061832904,-0.0008688296074979,-0.0333578772842884,-0.0004347925714682,-0.0558128729462623,-0.0052196141332387,-0.001618490088731,-0.0120245525613427,-0.0043738177046179,0.0190307740122079,-0.0198556203395128,0.0204126480966806,0.0204927325248718,0.0123430090025067,-0.0095780659466981,-0.0147151723504066,0.0110675478354096,-0.001493486110121,-0.011171949096024,0.0066239610314369,0.0185787081718444,0.0,-0.0055426759645342,0.0677138343453407,0.0083838058635592,-0.0067594465799629,0.0058561726473271,0.0174139868468046,0.017882689833641,0.0159354228526353,-0.0052182450890541,-0.0903123989701271,0.0181185267865657,-0.0421005155560523,0.0325088577872336,-0.0269352369753397,0.0233481184717099,-0.0264826198663538,0.0038937694196201,-0.0221819769378405,0.0371510545032562,-0.017310013442068,0.134904271993959,0.1774039980994368,0.048703023491925,2019-02-14,2019-02-15,2019-02-19,2019-02-20,2019-02-21,2019-02-22,2019-02-25,2019-02-26,2019-02-27,2019-02-28,66800.0,2019-02-13,252.0,0.7985%,-0.001,0.9515,0.3976,0.7527,1.1471%,1.4751%,39.5301%,0.0044729999999999,AIG,66800.0,2019-02-14,252.0,-9.0312%,-0.0013,0.9717,0.3514,0.8028,1.2655%,1.5789%,35.7601%,-0.086116,AIG,66800.0,2019-02-15,252.0,5.2998%,-0.001,1.0128,0.3925,0.8751,1.2820%,1.6155%,37.0223%,0.037186,AIG,66800.0,2019-02-19,252.0,1.5832%,-0.0009,1.0177,0.3956,0.8782,1.2828%,1.6189%,37.2132%,0.0100439999999999,AIG,66800.0,2019-02-20,252.0,0.6978%,-0.0009,1.0175,0.3946,0.8776,1.2828%,1.6194%,37.2540%,-0.000756,AIG,66800.0,2019-02-21,252.0,-0.6468%,-0.001,1.0248,0.4094,0.8908,1.2763%,1.6184%,37.8064%,-0.000509,AIG,66800.0,2019-02-22,252.0,-0.3255%,-0.001,1.0246,0.4066,0.8865,1.2763%,1.6183%,37.8036%,0.0008269999999999,AIG,66800.0,2019-02-25,252.0,2.2393%,-0.0009,1.0246,0.3945,0.8801,1.2855%,1.6250%,37.4178%,0.023409,AIG,66800.0,2019-02-26,252.0,0.0684%,-0.0008,1.0291,0.3783,0.8752,1.2849%,1.6249%,37.4663%,0.007653,AIG,66800.0,2019-02-27,252.0,-0.8892%,-0.0008,1.0404,0.3556,0.877,1.2756%,1.6223%,38.1708%,-0.009587,AIG,66800.0,2019-02-28,252.0,-0.6211%,-0.0008,1.0409,0.356,0.8775,1.2756%,1.6208%,38.0576%,-0.000965,AIG,-0.081643,-0.0444569999999999,-0.034413,-0.035678,-0.014341
21587,AMERICAN INTERNATIONAL GROUP INC,AIG Q4 Adj. EPS $(0.63) vs $0.57 In Same Qtr. Last Year,6,decrease,0.8,0.7,"the reported adjusted eps of $(0.63) is significantly lower than the previous year's eps of $0.57, indicating a decline in profitability which is likely to negatively impact investor sentiment and the stock price.",0,2019-02-13,AIG,2019-02-13 21:17:00+00:00,66800.0,02687478,0.0079853627830743,5290410.0,-0.0903123989701271,0.0181185267865657,0.0529982857406139,0.0141342394053936,0.0158318057656288,-0.0088723106309771,0.0069783488288521,-0.0187857877463102,-0.0064680664800107,-0.0002290041593369,-0.0032550429459661,-0.0077272760681807,0.022393349558115,0.0041077202185988,0.0006844348390586,0.0136479334905743,-0.0088919149711728,0.0098107485100626,-0.0062111904844641,0.0130147440358996,0.0006944161723367,-0.0130780329927802,0.0064769554883241,-0.0083372071385383,-0.0078142993152141,0.0055892337113618,-0.0155199952423572,0.0028024038765579,-0.0162352621555328,-0.0124538950622081,0.0093278968706727,-0.0181159246712923,0.0146919172257185,0.0200969949364662,0.0053713112138211,0.0037097111344337,0.0171893537044525,0.0160188525915145,0.0063941325061023,0.010714303702116,0.0066285924986004,0.0081613091751933,0.0054495427757501,0.005794343072921,-0.0094850538298487,0.0063167717307806,-0.0205198712646961,0.0145427696406841,0.0109404381364584,0.0039594122208654,-0.0186507329344749,0.0057242293842136,-0.0039886948652565,0.0369032323360443,0.0141342394053936,-0.0219585802406072,0.0020905958954244,0.0053285737521946,-0.0009272349416278,0.0204557459801435,-0.0009280070080421,-0.0180524494498968,0.0215977765619754,0.0191759951412677,-0.0100023280829191,0.033752966672182,0.007347869221121,-0.0018716495251283,0.0166400633752346,-0.0196592397987842,0.0100897038355469,-0.0302490759640932,-0.0039955675601959,0.0473908074200153,-0.0053487378172576,0.0026695753913372,0.0056016133166849,-0.0008002825197763,0.018493715673685,0.0053633884526789,0.0105009749531745,-0.010350301861763,-0.0084433732554316,0.029789563268423,0.0205240715295076,-0.0159956868737936,-0.0164741221815347,-0.01029032189399,0.0015227255644276,-0.0383151061832904,-0.0008688296074979,-0.0333578772842884,-0.0004347925714682,-0.0558128729462623,-0.0052196141332387,-0.001618490088731,-0.0120245525613427,-0.0043738177046179,0.0190307740122079,-0.0198556203395128,0.0204126480966806,0.0204927325248718,0.0123430090025067,-0.0095780659466981,-0.0147151723504066,0.0110675478354096,-0.001493486110121,-0.011171949096024,0.0066239610314369,0.0185787081718444,0.0,-0.0055426759645342,0.0677138343453407,0.0083838058635592,-0.0067594465799629,0.0058561726473271,0.0174139868468046,0.017882689833641,0.0159354228526353,-0.0052182450890541,-0.0903123989701271,0.0181185267865657,-0.0421005155560523,0.0325088577872336,-0.0269352369753397,0.0233481184717099,-0.0264826198663538,0.0038937694196201,-0.0221819769378405,0.0371510545032562,-0.017310013442068,0.134904271993959,0.1774039980994368,0.048703023491925,2019-02-14,2019-02-15,2019-02-19,2019-02-20,2019-02-21,2019-02-22,2019-02-25,2019-02-26,2019-02-27,2019-02-28,66800.0,2019-02-13,252.0,0.7985%,-0.001,0.9515,0.3976,0.7527,1.1471%,1.4751%,39.5301%,0.0044729999999999,AIG,66800.0,2019-02-14,252.0,-9.0312%,-0.0013,0.9717,0.3514,0.8028,1.2655%,1.5789%,35.7601%,-0.086116,AIG,66800.0,2019-02-15,252.0,5.2998%,-0.001,1.0128,0.3925,0.8751,1.2820%,1.6155%,37.0223%,0.037186,AIG,66800.0,2019-02-19,252.0,1.5832%,-0.0009,1.0177,0.3956,0.8782,1.2828%,1.6189%,37.2132%,0.0100439999999999,AIG,66800.0,2019-02-20,252.0,0.6978%,-0.0009,1.0175,0.3946,0.8776,1.2828%,1.6194%,37.2540%,-0.000756,AIG,66800.0,2019-02-21,252.0,-0.6468%,-0.001,1.0248,0.4094,0.8908,1.2763%,1.6184%,37.8064%,-0.000509,AIG,66800.0,2019-02-22,252.0,-0.3255%,-0.001,1.0246,0.4066,0.8865,1.2763%,1.6183%,37.8036%,0.0008269999999999,AIG,66800.0,2019-02-25,252.0,2.2393%,-0.0009,1.0246,0.3945,0.8801,1.2855%,1.6250%,37.4178%,0.023409,AIG,66800.0,2019-02-26,252.0,0.0684%,-0.0008,1.0291,0.3783,0.8752,1.2849%,1.6249%,37.4663%,0.007653,AIG,66800.0,2019-02-27,252.0,-0.8892%,-0.0008,1.0404,0.3556,0.877,1.2756%,1.6223%,38.1708%,-0.009587,AIG,66800.0,2019-02-28,252.0,-0.6211%,-0.0008,1.0409,0.356,0.8775,1.2756%,1.6208%,38.0576%,-0.000965,AIG,-0.081643,-0.0444569999999999,-0.034413,-0.035678,-0.014341
21595,ACADIA REALTY TRUST,"Acadia Realty Trust Sees FY19 EPS $0.35-$0.46 vs $0.40 Est., FFO $1.34-$1.46",6,uncertain,0.6,0.3,"the earnings per share (eps) guidance is slightly below the estimate, which could lead to mixed reactions from investors, making the stock price movement uncertain.",1,2019-02-13,AKR,2019-02-13 22:29:00+00:00,79235.0,00423910,0.0064494414255023,561962.0,-0.0050590089522302,-0.0057374308817088,-0.0006779816467314,0.0091961361467838,-0.0020352599676698,0.0061686187982559,-0.0098572708666324,0.0153096914291381,0.006865800358355,0.0013936936156824,-0.0054551600478589,-0.0058884681202471,-0.0150840086862444,0.016191516071558,-0.0006961523904465,-0.0111381728202104,-0.0052246474660933,0.0112636284902691,-0.002450969768688,0.0164579283446073,-0.0196560006588697,0.0090252701193094,0.001074070110917,0.0191317312419414,0.0107296546921134,0.0233434047549963,-0.0208775699138641,0.0037793039809912,-0.0032526256982237,0.007616102695465,-0.0021754701156169,-0.0053030070848762,0.0087209213525056,0.0053312792442739,0.0151296854019165,-0.0034155654720962,-0.0049680406227707,0.0122934952378273,-0.0039229886606335,0.0085238758474588,-0.0168278273195028,-0.0145093947649002,-0.0112891290336847,-0.0026656396221369,-0.0088397711515426,-0.0030372028704732,0.0037161048967391,0.0,0.0174009371548891,0.0386435128748416,-0.0181950516998767,0.0410509034991264,0.0111193899065256,0.0405809804797172,0.0076979133300483,0.0047210562042891,0.0003637769841589,-0.0193603113293647,0.0130909066647291,-0.0149253979325294,-0.0112400092184543,0.0024651063140481,0.0011000651866197,-0.000821036810521,-0.0032967089209705,0.0419162325561046,-0.0003674502659123,-0.0322847962379455,0.0029411735013127,-0.0198782868683338,0.0153958965092897,-0.0260766446590423,-0.0090252701193094,-0.0438231900334358,-0.0058287740685045,0.0083809262141585,0.0230853483080864,-0.0482233464717865,0.0,-0.0086268791928887,0.0060888277366757,0.0065123122185468,-0.0046280194073915,-0.0163701418787241,-0.0221744980663061,0.0042888079769909,0.0040234313346445,-0.0189341139048337,0.0218578670173883,-0.0138312457129359,-0.0128341782838106,0.0284494739025831,0.0184182096272707,-0.0229325853288173,0.0106382705271244,0.0038367845118045,0.0031579001806676,0.0102184964343905,0.0010493419831618,-0.0114942509680986,-0.0132774654775857,0.0202558524906635,0.0,0.0035662793088704,0.0102691538631916,-0.0007127067074179,0.0063090920448303,-0.0119718369096517,0.0062696035020053,0.0067352196201682,0.0010384453926235,-0.0091324280947446,-0.0266251880675554,-0.0031512659043073,0.0017762396018952,0.0116896890103817,-0.0003546180378179,-0.0073840008117258,0.0127704394981265,-0.0083681931719183,-0.0050590089522302,-0.0057374308817088,-0.0057335606837414,0.0034059430695541,-0.0077571513648794,0.0095955718322546,-0.0107925696485612,0.0264807771682178,-0.0391230980315449,0.0540249827056911,-0.0603709858990492,0.2213929523044708,-0.0273238675997913,0.0391209493417379,2019-02-14,2019-02-15,2019-02-19,2019-02-20,2019-02-21,2019-02-22,2019-02-25,2019-02-26,2019-02-27,2019-02-28,79235.0,2019-02-13,252.0,0.6449%,0.0012,0.6469,0.3742,0.1515,1.3178%,1.4859%,21.3373%,0.0042049999999999,AKR,79235.0,2019-02-14,252.0,-0.5059%,0.0011,0.6476,0.3706,0.1567,1.3168%,1.4845%,21.3128%,-0.004868,AKR,79235.0,2019-02-15,252.0,-0.0678%,0.0012,0.6569,0.3777,0.1702,1.3126%,1.4836%,21.7187%,-0.009775,AKR,79235.0,2019-02-19,252.0,-0.2035%,0.0012,0.6556,0.3739,0.166,1.3132%,1.4832%,21.6113%,-0.004989,AKR,79235.0,2019-02-20,252.0,-0.9857%,0.0011,0.6506,0.3575,0.1467,1.3140%,1.4823%,21.4285%,-0.012938,AKR,79235.0,2019-02-21,252.0,0.6866%,0.0011,0.6457,0.3494,0.1376,1.3141%,1.4802%,21.1840%,0.00976,AKR,79235.0,2019-02-22,252.0,-0.5455%,0.0011,0.6467,0.3591,0.1596,1.3146%,1.4798%,21.0819%,-0.009651,AKR,79235.0,2019-02-25,252.0,-1.5084%,0.0009,0.6507,0.3709,0.1805,1.3014%,1.4688%,21.4880%,-0.014933,AKR,79235.0,2019-02-26,252.0,-0.0696%,0.0008,0.6254,0.3922,0.1724,1.2749%,1.4352%,21.0840%,0.003215,AKR,79235.0,2019-02-27,252.0,-0.5225%,0.0007,0.6229,0.3946,0.1719,1.2753%,1.4342%,20.9385%,-0.0064259999999999,AKR,79235.0,2019-02-28,252.0,-0.2451%,0.0008,0.6111,0.3865,0.1636,1.2676%,1.4213%,20.4613%,-0.000269,AKR,-0.000663,-0.010438,-0.015427,-0.018605,-0.046669
21603,ACADIA REALTY TRUST,"Acadia Realty Trust Q4 FFO $0.34 Down From $0.37 YoY, Sales $55.104M Beat $53.28M Estimate",6,decrease,0.7,0.6,"the decline in ffo from $0.37 to $0.34 year-over-year suggests weakening profitability, which may negatively impact investor sentiment despite the sales beat.",0,2019-02-13,AKR,2019-02-13 22:28:00+00:00,79235.0,00423910,0.0064494414255023,561962.0,-0.0050590089522302,-0.0057374308817088,-0.0006779816467314,0.0091961361467838,-0.0020352599676698,0.0061686187982559,-0.0098572708666324,0.0153096914291381,0.006865800358355,0.0013936936156824,-0.0054551600478589,-0.0058884681202471,-0.0150840086862444,0.016191516071558,-0.0006961523904465,-0.0111381728202104,-0.0052246474660933,0.0112636284902691,-0.002450969768688,0.0164579283446073,-0.0196560006588697,0.0090252701193094,0.001074070110917,0.0191317312419414,0.0107296546921134,0.0233434047549963,-0.0208775699138641,0.0037793039809912,-0.0032526256982237,0.007616102695465,-0.0021754701156169,-0.0053030070848762,0.0087209213525056,0.0053312792442739,0.0151296854019165,-0.0034155654720962,-0.0049680406227707,0.0122934952378273,-0.0039229886606335,0.0085238758474588,-0.0168278273195028,-0.0145093947649002,-0.0112891290336847,-0.0026656396221369,-0.0088397711515426,-0.0030372028704732,0.0037161048967391,0.0,0.0174009371548891,0.0386435128748416,-0.0181950516998767,0.0410509034991264,0.0111193899065256,0.0405809804797172,0.0076979133300483,0.0047210562042891,0.0003637769841589,-0.0193603113293647,0.0130909066647291,-0.0149253979325294,-0.0112400092184543,0.0024651063140481,0.0011000651866197,-0.000821036810521,-0.0032967089209705,0.0419162325561046,-0.0003674502659123,-0.0322847962379455,0.0029411735013127,-0.0198782868683338,0.0153958965092897,-0.0260766446590423,-0.0090252701193094,-0.0438231900334358,-0.0058287740685045,0.0083809262141585,0.0230853483080864,-0.0482233464717865,0.0,-0.0086268791928887,0.0060888277366757,0.0065123122185468,-0.0046280194073915,-0.0163701418787241,-0.0221744980663061,0.0042888079769909,0.0040234313346445,-0.0189341139048337,0.0218578670173883,-0.0138312457129359,-0.0128341782838106,0.0284494739025831,0.0184182096272707,-0.0229325853288173,0.0106382705271244,0.0038367845118045,0.0031579001806676,0.0102184964343905,0.0010493419831618,-0.0114942509680986,-0.0132774654775857,0.0202558524906635,0.0,0.0035662793088704,0.0102691538631916,-0.0007127067074179,0.0063090920448303,-0.0119718369096517,0.0062696035020053,0.0067352196201682,0.0010384453926235,-0.0091324280947446,-0.0266251880675554,-0.0031512659043073,0.0017762396018952,0.0116896890103817,-0.0003546180378179,-0.0073840008117258,0.0127704394981265,-0.0083681931719183,-0.0050590089522302,-0.0057374308817088,-0.0057335606837414,0.0034059430695541,-0.0077571513648794,0.0095955718322546,-0.0107925696485612,0.0264807771682178,-0.0391230980315449,0.0540249827056911,-0.0603709858990492,0.2213929523044708,-0.0273238675997913,0.0391209493417379,2019-02-14,2019-02-15,2019-02-19,2019-02-20,2019-02-21,2019-02-22,2019-02-25,2019-02-26,2019-02-27,2019-02-28,79235.0,2019-02-13,252.0,0.6449%,0.0012,0.6469,0.3742,0.1515,1.3178%,1.4859%,21.3373%,0.0042049999999999,AKR,79235.0,2019-02-14,252.0,-0.5059%,0.0011,0.6476,0.3706,0.1567,1.3168%,1.4845%,21.3128%,-0.004868,AKR,79235.0,2019-02-15,252.0,-0.0678%,0.0012,0.6569,0.3777,0.1702,1.3126%,1.4836%,21.7187%,-0.009775,AKR,79235.0,2019-02-19,252.0,-0.2035%,0.0012,0.6556,0.3739,0.166,1.3132%,1.4832%,21.6113%,-0.004989,AKR,79235.0,2019-02-20,252.0,-0.9857%,0.0011,0.6506,0.3575,0.1467,1.3140%,1.4823%,21.4285%,-0.012938,AKR,79235.0,2019-02-21,252.0,0.6866%,0.0011,0.6457,0.3494,0.1376,1.3141%,1.4802%,21.1840%,0.00976,AKR,79235.0,2019-02-22,252.0,-0.5455%,0.0011,0.6467,0.3591,0.1596,1.3146%,1.4798%,21.0819%,-0.009651,AKR,79235.0,2019-02-25,252.0,-1.5084%,0.0009,0.6507,0.3709,0.1805,1.3014%,1.4688%,21.4880%,-0.014933,AKR,79235.0,2019-02-26,252.0,-0.0696%,0.0008,0.6254,0.3922,0.1724,1.2749%,1.4352%,21.0840%,0.003215,AKR,79235.0,2019-02-27,252.0,-0.5225%,0.0007,0.6229,0.3946,0.1719,1.2753%,1.4342%,20.9385%,-0.0064259999999999,AKR,79235.0,2019-02-28,252.0,-0.2451%,0.0008,0.6111,0.3865,0.1636,1.2676%,1.4213%,20.4613%,-0.000269,AKR,-0.000663,-0.010438,-0.015427,-0.018605,-0.046669
21611,ALASKA AIRGROUP INC,"Alaska Air Group Reports January RPMs Up 1.7% YoY, RPMs Up 2.5% YoY, Load Factor Up 1.3 pts",6,increase,0.75,0.6,"the positive year-over-year growth in rpms and an improved load factor suggest stronger operational performance, which is likely to boost investor confidence and increase the stock price.",2,2019-02-13,ALK,2019-02-13 21:01:00+00:00,28804.0,01165910,0.0001498651399742,868554.0,-0.0019489844562485,0.0058823432773351,0.0015021780272945,0.0157807022333145,-0.0265380293130874,0.0006131118279881,-0.0188971105962991,0.0063252649269998,-0.007578142452985,0.001235740375705,-0.007317834533751,0.0040321727283298,0.0056089498102664,0.0018645548261702,0.0030278665944933,0.0064112562686204,-0.0152526069432497,-0.0109805576503276,-0.0045175668783485,0.0015490413643419,-0.0063208974897861,0.0004648811300285,-0.0295221228152513,0.0165406316518783,-0.0289075840264558,-0.0349650233983993,-0.0337486490607261,0.0324909687042236,0.002149362815544,-0.0039086928591132,-0.0058981562033295,-0.0138760637491941,-0.003595842514187,0.0068302149884402,-0.0239985212683677,-0.0073960456065833,0.0358661226928234,0.0096453446894884,-0.0096376426517963,-0.0012430364731699,0.0048656808212399,0.0034300158731639,0.0008967549074441,0.0116718905046582,0.0053753671236336,0.0196204762905836,-0.0163963995873928,0.0252266898751258,0.0005436237552203,0.0088157448917627,-0.0175661202520132,0.0019999821670353,-0.0119815953075885,0.0323468893766403,0.0057836077176034,-0.0552666038274765,0.0200334228575229,0.0110107148066163,0.0032732584513723,0.0089536905288696,0.0172195173799991,-0.0070793596096336,0.0213827658444643,-0.0008224911289289,0.0143056474626064,0.0557485073804855,-0.0060199256986379,-0.0296595599502325,0.0005190998199395,-0.0220830608159303,0.0124524598941206,-0.0217636376619339,-0.0035872750449925,-0.0100542781874537,-0.0084005082026124,0.0223527308553457,0.0162517055869102,-0.0162118505686521,0.0158217139542102,0.0156504586338996,0.0154078379273414,-0.0109642101451754,-0.0094012813642621,-0.0065673529170453,0.0151515118777751,-0.0165406316518783,0.0067246160469949,-0.0224823355674743,0.0047246185131371,-0.0670880377292633,-0.0222149994224309,-0.005997403524816,0.0097844135016202,-0.0385776720941066,-0.0014780777273699,-0.0057330848649144,-0.0268092285841703,0.0043871630914509,0.0245056748390197,-0.0240834280848503,-0.0013196637155488,0.0563957281410694,0.022464495152235,0.0268504843115806,0.0027463354635983,-0.0073476750403642,0.0043499348685145,0.012989011593163,0.0022457393351942,0.022381380200386,-0.0046414998359978,-0.0041605704464018,-0.0176877062767744,-0.0054419008083641,-0.0065477415919303,0.0041352650150656,-0.0064260899089276,0.0074393693357706,0.0160862561315298,-0.0054750330746173,-0.0019489844562485,0.0058823432773351,-0.0004497341505796,0.0217558730183433,-0.0269758284055959,0.0223823236294073,-0.0525975476489796,0.0301205531338828,-0.0700806318678678,0.0329926415617858,-0.1684983927443674,0.1057867853252925,-0.0765614369267916,-0.0084773567349404,2019-02-14,2019-02-15,2019-02-19,2019-02-20,2019-02-21,2019-02-22,2019-02-25,2019-02-26,2019-02-27,2019-02-28,28804.0,2019-02-13,252.0,0.0150%,0.0001,0.982,0.2357,0.1704,1.7755%,2.0456%,24.6603%,-0.002968,ALK,28804.0,2019-02-14,252.0,-0.1949%,0.0001,0.9814,0.2352,0.1722,1.7743%,2.0439%,24.6440%,-0.000224,ALK,28804.0,2019-02-15,252.0,0.1502%,0.0001,0.9893,0.2411,0.1835,1.7719%,2.0439%,24.8482%,-0.011102,ALK,28804.0,2019-02-19,252.0,-2.6538%,0.0,0.9893,0.2142,0.1531,1.7775%,2.0501%,24.8251%,-0.029767,ALK,28804.0,2019-02-20,252.0,-1.8897%,0.0,0.9845,0.21,0.1378,1.7806%,2.0519%,24.6948%,-0.0221899999999999,ALK,28804.0,2019-02-21,252.0,-0.7578%,0.0,0.9847,0.2096,0.1382,1.7807%,2.0517%,24.6700%,-0.0035709999999999,ALK,28804.0,2019-02-22,252.0,-0.7318%,-0.0001,0.9869,0.1973,0.1537,1.7820%,2.0520%,24.5869%,-0.01294,ALK,28804.0,2019-02-25,252.0,0.5609%,-0.0,0.986,0.194,0.1486,1.7816%,2.0517%,24.5927%,0.004818,ALK,28804.0,2019-02-26,252.0,0.3028%,0.0,0.9857,0.1856,0.1441,1.7820%,2.0502%,24.4537%,0.006238,ALK,28804.0,2019-02-27,252.0,-1.5253%,-0.0001,0.9818,0.1877,0.1434,1.7843%,2.0494%,24.1990%,-0.01642,ALK,28804.0,2019-02-28,252.0,-0.4518%,-0.0001,0.9786,0.1855,0.1413,1.7838%,2.0461%,23.9899%,-0.001253,ALK,-0.003192,-0.014294,-0.044061,-0.069822,-0.089379
21619,ANTERO MIDSTREAM CORP,"Antero Midstream Partners Q4 EPS $1.10 Beats $0.43 Estimate, Sales $281.75M Beat $245.26M Estimate",6,increase,0.85,0.7,"the significant earnings and sales beats suggest strong financial performance, which is likely to positively influence investor sentiment and drive the stock price higher.",2,2019-02-13,AM,2019-02-13 21:30:00+00:00,16738.0,03676B10,-0.0089954938739538,1193228.0,0.0242057256400585,0.0309119466692209,0.0288035701960325,0.0070038284175097,0.0272792614996433,-0.0115384319797158,-0.016771538183093,-0.0476190224289894,-0.0135038793087005,-0.0079942299053072,-0.0230547320097684,0.0073206722736358,-0.0044248094782233,0.0186428036540746,-0.0162963159382343,-0.0007451735436916,-0.0173192434012889,-0.0192057974636554,-0.02145591750741,0.022140234708786,-0.0015662064542993,0.0134629998356103,-0.0078431675210595,0.0190548785030841,-0.0023715205024927,0.0241998005658388,-0.0071315495297312,0.0248000342398881,-0.0031923353672027,-0.0015974806156009,-0.0304243490099906,-0.0172683913260698,0.0198183916509151,0.0119141871109604,0.0153845809400081,0.0210867989808321,0.0,0.0123152397572994,0.043859664350748,0.0116279358044266,0.0038197243120521,-0.0171428602188825,0.038812730461359,-0.0262321084737777,0.0109890531748533,-0.0255615748465061,-0.0094202980399131,-0.0322339050471782,-0.0124359969049692,0.0253650974482297,-0.0148148005828261,0.0325396694242954,0.0007518968777731,0.0769231244921684,-0.0045079202391207,0.0272168088704347,0.0060377302579581,0.0187835451215505,0.0112527851015329,0.0108498986810445,0.0222552083432674,0.0128205437213182,0.0384615883231163,-0.0241286437958478,-0.0160727109760046,0.0626780465245246,-0.0014204193139448,-0.055605374276638,-0.009957349859178,-0.054283320903778,0.0179597698152065,-0.0774647742509841,0.0056457249447703,-0.000781878712587,-0.0224561188369989,-0.0469448678195476,-0.0136396652087569,-0.0495750568807125,0.0211062561720609,-0.008426958695054,0.0171062536537647,0.0,-0.0077085220254957,0.0007027568062767,-0.0021186252124607,-0.0076708933338522,-0.0247700195759534,-0.008298747241497,-0.0094339707866311,-0.0034459123853594,-0.0095237484201788,-0.0189316924661397,-0.0014793237205594,-0.0231175944209098,-0.0103703960776329,0.0222822353243827,-0.0215194001793861,-0.0100267129018902,-0.0086139859631657,-0.0086149843409657,-0.0063191093504428,0.0421271137893199,-0.0294117555022239,-0.0020675868727266,-0.0147420400753617,0.0290780030190944,0.0216126553714275,-0.0322580188512802,-0.0073230392299592,0.017458101734519,-0.010655746795237,-0.0363391637802124,0.0215410310775041,0.0013476754538714,-0.0056771854870021,0.0143540697172284,-0.0016313586384058,-0.0194369945675134,0.0612745098769664,0.0,0.0242057256400585,0.0309119466692209,0.0537065071537103,0.0381322770572531,0.0824508425062322,0.0261538583924805,0.0499243456974924,-0.0305232614717922,-0.0340393170381313,-0.0034669888446001,0.0196671186998622,0.2208880626115572,0.0058782888177828,-0.0949716981387254,2019-02-14,2019-02-15,2019-02-19,2019-02-20,2019-02-21,2019-02-22,2019-02-25,2019-02-26,2019-02-27,2019-02-28,16738.0,2019-02-13,252.0,-0.8995%,-0.0014,1.001,0.4855,0.2774,1.8301%,2.1046%,24.3914%,-0.012398,AMGP,16738.0,2019-02-14,252.0,2.4206%,-0.0014,0.9942,0.4997,0.2628,1.8369%,2.1095%,24.1735%,0.025292,AMGP,16738.0,2019-02-15,252.0,2.8804%,-0.0014,0.9896,0.4974,0.2578,1.8361%,2.1057%,23.9682%,0.014959,AMGP,16738.0,2019-02-19,252.0,2.7279%,-0.0013,0.9953,0.5115,0.2732,1.8425%,2.1128%,23.9520%,0.023083,AMGP,16738.0,2019-02-20,252.0,-1.6772%,-0.0013,0.9903,0.5034,0.2563,1.8463%,2.1150%,23.7881%,-0.02139,AMGP,16738.0,2019-02-21,252.0,-1.3504%,-0.0012,0.981,0.4828,0.2393,1.8368%,2.1018%,23.6292%,-0.008998,AMGP,16738.0,2019-02-22,252.0,-2.3055%,-0.0012,0.9838,0.5077,0.2954,1.8390%,2.1015%,23.4199%,-0.0286689999999999,AMGP,16738.0,2019-02-25,252.0,-0.4425%,-0.0012,0.9817,0.5071,0.2875,1.8356%,2.0982%,23.4631%,-0.004149,AMGP,16738.0,2019-02-26,252.0,-1.6296%,-0.0012,0.9795,0.5224,0.2936,1.8361%,2.0968%,23.3224%,-0.010631,AMGP,16738.0,2019-02-27,252.0,-1.7319%,-0.0012,0.9898,0.4989,0.2952,1.8331%,2.0968%,23.5753%,-0.018941,AMGP,16738.0,2019-02-28,252.0,-2.1456%,-0.0012,0.991,0.4991,0.2999,1.8359%,2.0979%,23.4177%,-0.017849,AMGP,0.012894,0.027853,0.0509359999999999,0.0205479999999999,-0.0596909999999999
21627,AMETEK INC NEW,AMETEK Adds $500M To Buyback,6,increase,0.75,0.6,the announcement of a $500 million buyback typically signals confidence in the company's financial health and can lead to an increase in stock price due to reduced share supply and positive investor sentiment.,2,2019-02-13,AME,2019-02-13 13:03:00+00:00,85257.0,03110010,0.0184897910803556,2595290.0,-0.0109177734702825,0.0169624350965023,0.0141188343986868,0.0038278894498944,0.0003796833043452,0.0086539946496486,0.0097418604418635,0.0065665752626955,-0.006891309749335,-0.0037383013404905,0.0017663309117779,0.0162822883576154,0.004659887868911,0.0039503239095211,-0.0080230589956045,0.0069959140382707,0.0064451177604496,0.0042706322856247,-0.0007533595780842,0.0114253833889961,-0.0001256865507457,0.0230933018028736,-0.000879724684637,-0.0164049100130796,-0.0044024963863193,0.0016854319255799,0.0013897739117965,0.0069296825677156,-0.0041635353118181,-0.0011301289778202,-0.0036741532385349,-0.0216970667243003,0.0184384156018495,0.0158640630543232,0.0006243357784114,0.0135174244642257,0.0118542173877358,0.0057241204194724,-0.0036995292175561,-0.0047002113424241,0.0019838316366076,-0.0048193330876529,0.0117560280486941,-0.0007081505027599,-0.0081947864964604,0.0172910224646329,-0.0028363021556288,0.0066724554635584,0.0158298145979642,0.0147188687697053,-0.0332358852028846,-0.0016164673725143,0.0026444916147738,0.0378222279250621,0.0129364319145679,-0.0284486319869756,0.0003719625528901,-0.0031019067391753,0.0192117374390363,0.0145360939204692,0.0089991223067045,-0.0086167613044381,0.0124141108244657,0.0159999635070562,-0.0033333187457174,0.0457774512469768,0.0072861993685364,-0.0285232421010732,-0.0037946125958114,-0.0136136971414089,0.0033329220023006,-0.0263623110949993,0.0039150770753622,-0.014084524475038,-0.0126447612419724,-0.0043370742350816,0.0058647259138524,-0.017332024872303,0.0090433377772569,-0.0192280523478984,0.0119103118777275,-0.0115687092766165,-0.0022141337394714,0.026579912751913,0.0033870697952806,0.0004244188021402,-0.0018624566728249,-0.0021171704865992,0.0086297122761607,-0.0089522926136851,0.0015031204093247,-0.0062431180849671,0.0077349129132926,-0.0527006797492504,-0.0021766803693026,0.0362249203026294,-0.0136623978614807,0.0028680562973022,0.0161797143518924,-0.0096036670729517,0.0016036584274843,0.0357243381440639,0.0083485329523682,-0.01080940105021,-0.0205284971743822,0.0069773928262293,0.0076423808932304,-0.0081660393625497,0.003792252857238,0.0141774583607912,-0.0095020243898034,-0.0187327917665243,-0.0122514748945832,-0.02393114939332,0.0003510271490085,-0.0002688746317289,-0.0004679017001762,0.0195970982313156,0.0015214147279039,0.0021975506097078,-0.0109177734702825,0.0169624350965023,0.0030469146927749,0.0208552548727471,0.0034277548597587,0.0296897307864816,0.0062207122439326,0.0325766987442452,0.010283168947792,0.0776090288134165,0.0457375879632226,0.1589988413042184,0.0883402762685601,0.0642968693640619,2019-02-14,2019-02-15,2019-02-19,2019-02-20,2019-02-21,2019-02-22,2019-02-25,2019-02-26,2019-02-27,2019-02-28,85257.0,2019-02-13,252.0,1.8490%,0.0001,1.1154,0.2937,0.1644,0.8921%,1.4653%,62.9347%,0.014979,AME,85257.0,2019-02-14,252.0,-1.0918%,0.0001,1.1175,0.2885,0.1703,0.8939%,1.4666%,62.8509%,-0.009249,AME,85257.0,2019-02-15,252.0,1.4119%,0.0001,1.1296,0.2994,0.1901,0.8889%,1.4690%,63.3862%,-0.000147,AME,85257.0,2019-02-19,252.0,0.0380%,0.0001,1.128,0.2986,0.1893,0.8890%,1.4660%,63.2308%,-0.003305,AME,85257.0,2019-02-20,252.0,0.9742%,0.0001,1.1289,0.2973,0.1915,0.8884%,1.4661%,63.2788%,0.005801,AME,85257.0,2019-02-21,252.0,-0.6891%,0.0001,1.1285,0.296,0.1908,0.8884%,1.4651%,63.2317%,-0.002166,AME,85257.0,2019-02-22,252.0,0.1766%,0.0001,1.1297,0.2811,0.1916,0.8865%,1.4643%,63.3482%,-0.0044919999999999,AME,85257.0,2019-02-25,252.0,0.4660%,0.0001,1.13,0.2794,0.1915,0.8867%,1.4645%,63.3393%,0.003941,AME,85257.0,2019-02-26,252.0,-0.8023%,0.0001,1.1382,0.2769,0.1964,0.8836%,1.4653%,63.6372%,-0.003895,AME,85257.0,2019-02-27,252.0,0.6445%,0.0001,1.1339,0.286,0.1957,0.8819%,1.4597%,63.5028%,0.00503,AME,85257.0,2019-02-28,252.0,-0.0753%,0.0001,1.1362,0.2877,0.1966,0.8814%,1.4585%,63.4800%,0.003094,AME,0.0057299999999999,0.0055829999999999,0.0022779999999999,0.005913,0.009591
21635,AUTONATION INC DEL,Seaport Global Initiates Coverage On AutoNation with Neutral Rating,6,uncertain,0.6,0.2,"the initiation of coverage with a neutral rating suggests a lack of strong positive or negative sentiment, leading to uncertainty in the stock's price movement.",1,2019-02-13,AN,2019-02-13 11:58:00+00:00,76282.0,05329W10,-0.0028901894111186,864445.0,0.0086955996230244,0.0236686673015356,0.0208987221121788,0.0064970678649842,-0.0104913935065269,-0.009120175614953,0.0113783935084939,-0.0411523208022117,-0.0186652913689613,-0.009174327366054,-0.0299635622650384,0.0136916199699044,-0.0389471054077148,0.0065002599731087,-0.0030743603128939,-0.0074838944710791,-0.0263526402413845,0.0300372429192066,0.0152605464681983,0.0181325618177652,-0.0104934470728039,-0.0146666467189788,-0.0083118639886379,0.0080644953995943,0.0080925608053803,0.0105949304997921,-0.012901397421956,0.0104309925809502,-0.0203311294317245,-0.0164686981588602,-0.0035576322115957,-0.0232066791504621,0.0243974905461072,0.0063693700358271,-0.0113273132592439,-0.0005305160884745,-0.0079318583011627,0.0230665486305952,-0.0260586626827716,-0.0053981314413249,-0.0006081014871597,0.0035211557988077,0.0240341015160083,0.0095706451684236,-0.0059417933225631,-0.0092115998268127,0.0044830106198787,0.0201768800616264,0.0318357534706592,-0.039298977702856,-0.0320069380104541,0.0164642538875341,0.0128090651705861,0.0277392510324716,0.0097059365361928,0.0,0.0267986636608839,0.0098038790747523,-0.0073758387006819,0.0168043337762355,0.020863089710474,0.0233167950063943,0.0139977596700191,-0.0014551582280546,-0.009663232602179,0.0336943119764328,0.0150543889030814,-0.0118905389681458,0.0071408492513,-0.0189560074359178,-0.0231796707957983,0.0073443003930151,0.0189838167279958,-0.0038044266402721,-0.0095889996737241,0.0127444118261337,0.0196403618901968,0.011087886057794,-0.0084102377295494,-0.0023916838690638,0.0216142516583204,-0.0173325538635253,0.0002677643788047,0.005910187959671,0.0190094485878944,0.0017762396018952,-0.0026274903211742,-0.0228522103279829,-0.0034245853312313,-0.0190125405788421,-0.0132170226424932,-0.0036753537133336,0.0152692114934325,-0.0486821234226226,0.0176780503243207,0.0013465994270518,0.0241120122373104,-0.0005383702809922,0.0711392760276794,-0.0297727696597576,-0.0009454246028326,0.0197071023285388,-0.0080435331910848,-0.0039788200519979,-0.0224182829260826,0.0120805576443672,0.0012197910109534,0.0043138270266354,0.0158381499350071,0.015329903922975,0.0016790524823591,-0.0276816859841346,-0.0193964932113885,0.0110333655029535,-0.0107448697090148,-0.0239033326506614,-0.0101209543645381,-0.0129634430631995,-0.0074812779203057,-0.0178253315389156,0.0086955996230244,0.0236686673015356,0.0297760486553235,0.0303195121042516,0.0189722629052842,0.020922817214348,0.0113307057239571,-0.0300713620494839,-0.0708828033475414,0.0300406110450335,-0.0779973406963315,0.0840216684112633,0.0487483099356358,-0.0308122967503148,2019-02-14,2019-02-15,2019-02-19,2019-02-20,2019-02-21,2019-02-22,2019-02-25,2019-02-26,2019-02-27,2019-02-28,76282.0,2019-02-13,252.0,-0.2890%,-0.0013,0.7198,0.7831,0.6926,1.4458%,1.6390%,22.1898%,-0.0059689999999999,AN,76282.0,2019-02-14,252.0,0.8696%,-0.0012,0.7186,0.7901,0.6825,1.4407%,1.6349%,22.3423%,0.010052,AN,76282.0,2019-02-15,252.0,2.0899%,-0.001,0.7474,0.8169,0.7304,1.4307%,1.6392%,23.8221%,0.007427,AN,76282.0,2019-02-19,252.0,-1.0491%,-0.0011,0.7457,0.8053,0.7175,1.4337%,1.6403%,23.5997%,-0.016572,AN,76282.0,2019-02-20,252.0,1.1378%,-0.0011,0.7466,0.8043,0.7197,1.4335%,1.6407%,23.6641%,0.004144,AN,76282.0,2019-02-21,252.0,-1.8665%,-0.0011,0.7455,0.7994,0.7179,1.4341%,1.6395%,23.4946%,-0.013785,AN,76282.0,2019-02-22,252.0,-2.9964%,-0.0011,0.7491,0.8045,0.7654,1.4434%,1.6495%,23.4251%,-0.028753,AN,76282.0,2019-02-25,252.0,-3.8947%,-0.0013,0.7499,0.8229,0.7781,1.4602%,1.6665%,23.2218%,-0.036701,AN,76282.0,2019-02-26,252.0,-0.3074%,-0.0013,0.7449,0.8178,0.7717,1.4604%,1.6644%,23.0068%,0.00586,AN,76282.0,2019-02-27,252.0,-2.6353%,-0.0014,0.7481,0.8044,0.7722,1.4689%,1.6715%,22.7750%,-0.027751,AN,76282.0,2019-02-28,252.0,1.5261%,-0.0012,0.7343,0.7956,0.7574,1.4702%,1.6653%,22.0499%,0.019249,AN,0.004083,0.01151,-0.0050619999999999,-0.0147029999999999,-0.082799
21643,ANTERO RESOURCES CORP,"Antero Resources Q4 Adj. EPS $0.46 Beats $0.44 Estimate, Sales $1.24B Beat $1.22B Estimate",6,increase,0.8,0.6,"the company reported better-than-expected earnings and sales, which typically boosts investor confidence and can lead to an increase in stock price.",2,2019-02-13,AR,2019-02-13 21:28:00+00:00,14179.0,03674X10,-0.0215750541538,8328962.0,0.0,0.0254425331950187,0.0595369338989257,0.0237825643271207,0.0052029336802661,0.0114547982811927,0.018633572384715,-0.0633047372102737,-0.0111789237707853,-0.035196702927351,-0.0092496611177921,-0.03880600258708,0.0020746372174471,-0.015670895576477,-0.0196686945855617,0.0149104986339807,-0.0506864301860332,-0.0473484843969345,-0.0367074459791183,0.0242483019828796,0.0565819591283798,0.0048733130097389,0.0032787637319415,-0.0144091853871941,-0.0206972248852253,0.040999986231327,-0.043381467461586,-0.004975143354386,-0.0348837412893772,-0.0317918993532657,-0.0590361729264259,-0.0406653955578804,0.0217669755220413,0.0055761584080755,0.0238095317035913,0.0046685519628226,0.0195838250219821,-0.0210237242281436,0.0300120059400796,0.01672856323421,-0.018648000434041,0.02476192638278,0.0320664495229721,-0.0150093669071793,-0.0172611773014068,0.014272085390985,0.0374706909060478,0.0038204356096684,-0.0135440053418278,-0.0038058953359723,-0.0400457009673118,0.0253658760339021,0.0,0.0755509212613105,0.0143027268350124,-0.023565623909235,-0.0094006955623626,0.0394036062061786,0.0272834561765193,0.019544007256627,0.0196304935961961,-0.0630722194910049,-0.0124574927613139,-0.0040526809170842,-0.0080275973305106,0.0870044007897377,-0.0520231015980243,-0.0340425223112106,0.0256097614765167,-0.0358974747359752,0.0677764192223548,-0.0298507642000913,-0.001113505102694,-0.0633736625313758,-0.0468227490782737,-0.0046382369473576,0.0011696174042299,-0.0468612425029277,-0.0268692150712013,-0.0699012726545333,0.0432172454893589,-0.0073469514027237,-0.0115074142813682,-0.0152732785791158,0.0116413766518235,-0.0273651592433452,-0.0230149384588003,0.0031372518278658,-0.0471142083406448,-0.0023473969195038,-0.0061804931610822,0.0078863902017474,-0.0174129195511341,-0.0444612018764019,-0.0316455699503421,0.0106626311317086,-0.0509803742170333,-0.0259643495082855,0.0289255585521459,-0.0224800892174243,0.0026773735880851,0.0291045047342777,-0.0320426933467388,-0.0247452799230814,-0.0165517088025808,-0.008658000268042,0.0126226749271154,-0.0021598765160888,-0.0069251684471964,0.0412294007837772,0.0516038872301578,-0.0565770976245403,0.0610079616308212,0.0064057046547532,-0.0012500286102294,-0.0119549976661801,0.0012515931157395,0.0014084830181673,0.0049999952316284,-0.0700720772147178,0.0,0.0254425331950187,0.0595369338989257,0.0498301862044949,0.0650496342977944,0.0618557792169744,0.072767351740083,-0.040372604247972,-0.0452039554478761,-0.1008729268287207,-0.0452039505677769,0.0065147104335667,-0.1135611678705293,-0.3929272948014425,2019-02-14,2019-02-15,2019-02-19,2019-02-20,2019-02-21,2019-02-22,2019-02-25,2019-02-26,2019-02-27,2019-02-28,14179.0,2019-02-13,252.0,-2.1575%,-0.0023,1.4505,1.1182,1.0816,1.9983%,2.4854%,35.3564%,-0.02719,AR,14179.0,2019-02-14,252.0,0.0000%,-0.0023,1.4494,1.1214,1.0776,1.9985%,2.4855%,35.3477%,0.003405,AR,14179.0,2019-02-15,252.0,5.9537%,-0.0022,1.4559,1.1312,1.0933,2.0075%,2.4941%,35.2172%,0.035082,AR,14179.0,2019-02-19,252.0,0.5203%,-0.0022,1.4534,1.1329,1.0955,2.0071%,2.4926%,35.1608%,-0.004224,AR,14179.0,2019-02-20,252.0,1.8634%,-0.0023,1.4543,1.1271,1.0967,2.0047%,2.4913%,35.2455%,0.007255,AR,14179.0,2019-02-21,252.0,-1.1179%,-0.0023,1.4538,1.126,1.0958,2.0047%,2.4895%,35.1563%,-0.002587,AR,14179.0,2019-02-22,252.0,-0.9250%,-0.0022,1.4539,1.1461,1.1157,2.0026%,2.4890%,35.2668%,-0.008884,AR,14179.0,2019-02-25,252.0,0.2075%,-0.0022,1.4555,1.1443,1.1208,2.0011%,2.4883%,35.3276%,0.004782,AR,14179.0,2019-02-26,252.0,-1.9669%,-0.0023,1.4493,1.1561,1.1221,1.9998%,2.4842%,35.1978%,-0.006418,AR,14179.0,2019-02-27,252.0,-5.0686%,-0.0025,1.4465,1.1463,1.1215,2.0249%,2.5013%,34.4617%,-0.052941,AR,14179.0,2019-02-28,252.0,-3.6707%,-0.0027,1.4602,1.1548,1.1378,2.0299%,2.5103%,34.6141%,-0.0297489999999999,AR,-0.023785,0.011297,0.007073,0.011741,-0.081469
21651,ASGN INC,"On Assignment Q4 ADj. EPS $1.14 Misses $1.15 Estimate, Sales $929.7M Beat $911.2M Estimate",6,uncertain,0.6,0.2,"while the sales beat expectations, the adjusted eps miss could lead to mixed reactions from investors, making the overall impact on the stock price uncertain.",1,2019-02-13,ASGN,2019-02-13 22:19:00+00:00,77917.0,00191U10,0.0245511513203382,781059.0,-0.0296539738774299,0.01101456861943,0.0236147362738847,0.0246383603662252,-0.0108564719557762,0.000795406231191,0.00396344717592,-0.0058516357094049,-0.0018220884958282,-0.0003162127686664,0.0212960392236709,-0.0058157644234597,-0.0049151298590004,0.0071236467920243,-0.0276904441416263,0.0028575407341122,0.0090825734660029,0.0003176188329234,-0.0173912942409515,0.0322951003909111,0.007917939685285,-0.0123056722804904,-0.0174059960991144,-0.0064350310713052,-0.0101897083222866,0.0113895339891314,-0.0072853830642998,0.0195753201842308,-0.0228142999112606,-0.0158367548137903,-0.0155102163553237,-0.0133698740974068,0.0207296852022409,0.018874142318964,0.0201462507247924,0.0059435465373098,0.0170409251004457,0.0179831888526678,0.0125274509191513,0.0047281119041144,-0.0015466455370187,-0.016115590929985,0.0125465495511889,0.0114266565069556,-0.0059660300612449,-0.0048495135270059,-0.0180055703967809,0.0154525358229875,0.0177088398486375,0.0326144248247146,-0.0480443909764289,0.0200321748852729,-0.0069556827656924,0.0519284717738628,0.0156377106904983,-0.0213588625192642,-0.0051323128864169,-0.0034862132743,0.0088667264208197,0.0143309226259589,0.0145413838326931,-0.0139475520700216,0.0143329631537199,0.0003671829763334,-0.0048137451522052,0.0527638085186481,0.0115463491529226,-0.0327163934707641,0.0097176805138587,-0.0304512698203325,0.0157347805798053,-0.0225017797201871,0.006918319966644,-0.0179224386811256,-0.023898409679532,0.0045446972362697,0.0105585688725113,-0.0223855320364236,0.015748044475913,-0.0212410166859626,0.000148993829498,-0.0292255114763975,0.0101356441155076,-0.0014591463841497,-0.0029511135071516,-0.0083601363003253,0.0131715172901749,0.0090850321575999,0.0016067866235971,-0.0374765992164611,-0.0142920138314366,-0.0058987466618418,0.010504612699151,-0.0733601674437522,-0.0049780961126089,0.0038988685701042,-0.0694525837898254,0.0209346618503332,0.02166348695755,-0.0227633155882358,-0.0086673507466912,0.0187877062708139,-0.015768963843584,-0.0071408548392355,-0.0150698088109493,0.011348626576364,-0.0019326611654832,-0.0014716479927301,0.0166209246963262,0.0300135780125856,0.0,-0.0124251767992973,-0.0344444140791893,-0.0103703252971172,-0.0095347985625267,0.0038667779881507,-0.0082987556234002,0.0203337837010622,-0.0076987296342849,-0.0199285596609115,-0.0296539738774299,0.01101456861943,-0.0067395083761333,0.0359243098965793,-0.0175228130482283,0.0367482905477134,-0.0154260722020586,0.0303557025412821,-0.0353451113440054,0.0683606244046293,-0.0627526603702066,0.2129164091494175,-0.1120263052488206,-0.0307852407577854,2019-02-14,2019-02-15,2019-02-19,2019-02-20,2019-02-21,2019-02-22,2019-02-25,2019-02-26,2019-02-27,2019-02-28,77917.0,2019-02-13,252.0,2.4551%,-0.0005,1.3662,1.0925,0.1505,1.3739%,2.0692%,55.9122%,0.019869,ASGN,77917.0,2019-02-14,252.0,-2.9654%,-0.0006,1.373,1.0753,0.1703,1.3868%,2.0761%,55.3751%,-0.031693,ASGN,77917.0,2019-02-15,252.0,2.3615%,-0.0006,1.3802,1.0823,0.1828,1.3869%,2.0778%,55.4474%,0.004495,ASGN,77917.0,2019-02-19,252.0,-1.0856%,-0.0007,1.3757,1.0735,0.1732,1.3907%,2.0761%,55.1293%,-0.017266,ASGN,77917.0,2019-02-20,252.0,0.3963%,-0.0007,1.3758,1.0756,0.1739,1.3904%,2.0763%,55.1548%,-0.002065,ASGN,77917.0,2019-02-21,252.0,-0.1822%,-0.0007,1.3832,1.0919,0.1875,1.3826%,2.0752%,55.6112%,0.004321,ASGN,77917.0,2019-02-22,252.0,2.1296%,-0.0007,1.3824,1.0803,0.1664,1.3824%,2.0781%,55.7460%,0.0089559999999999,ASGN,77917.0,2019-02-25,252.0,-0.4915%,-0.0008,1.3837,1.0832,0.1728,1.3808%,2.0772%,55.8128%,-0.00398,ASGN,77917.0,2019-02-26,252.0,-2.7690%,-0.0008,1.3909,1.1002,0.1869,1.3845%,2.0832%,55.8310%,-0.018074,ASGN,77917.0,2019-02-27,252.0,0.9083%,-0.0008,1.3969,1.0914,0.1879,1.3826%,2.0839%,55.9854%,0.005865,ASGN,77917.0,2019-02-28,252.0,-1.7391%,-0.0009,1.413,1.102,0.2024,1.3754%,2.0864%,56.5421%,-0.0129089999999999,ASGN,-0.0118239999999999,-0.0073289999999999,-0.024595,-0.0223389999999999,-0.0424809999999999
21659,A S E TECHNOLOGY HLDG CO LTD,ASE Technology Earlier Reported January Sales Down 10.4% YoY,6,decrease,0.8,0.7,"a reported decline in sales typically signals potential financial struggles, which can lead to a decrease in investor confidence and subsequently lower stock prices.",0,2019-02-13,ASX,2019-02-13 11:29:00+00:00,88659.0,00215W10,-0.0381679609417915,896656.0,0.0052910004742443,0.0369393415749073,0.0026315764989703,-0.0429293103516101,0.0,-0.017369769513607,0.0183727480471134,-0.0146699119359254,-0.0051546953618526,0.0148883229121565,0.0077720754779875,0.0254453290253877,0.0231362245976924,-0.0100755570456385,0.0376884676516056,-0.0050125266425311,-0.0266344137489795,0.0152671607211232,0.0024876191746443,0.0234375409781932,-0.0024814461357891,-0.0153846610337495,0.0149253588169813,0.0,0.0024510365910828,0.0236220881342887,-0.0097799412906169,0.0187165588140487,0.0,0.0053763389587402,0.0074073411524295,-0.0287206005305051,-0.0220588035881519,0.0132275009527802,0.0,0.0053191436454653,0.0050125862471759,-0.0026525172870606,0.0099750524386763,0.032876681536436,-0.0123457256704568,-0.0266666412353515,0.0049999952316284,0.027397233992815,0.0,-0.0027322378009557,-0.002487500431016,0.042735069990158,0.0274313334375619,-0.0056657171808183,0.0121359685435891,0.0085714207962155,0.0023980219848454,-0.014084493741393,0.0454545617103576,-0.0326975807547569,-0.0160182379186153,-0.0213333126157522,0.0,0.0080645084381103,0.0023255236446857,0.0,0.0324825681746006,-0.0079999919980764,0.0179776195436716,0.027397233992815,0.0,0.0,0.0088300136849284,-0.03947364538908,0.0109408563002944,0.0079575525596737,-0.0151514494791626,-0.0182291492819786,-0.002197852358222,0.0078740082681179,0.0088105639442801,-0.0052219270728528,-0.0109169678762555,-0.0026041641831398,-0.0088301189243793,0.0026109635364264,0.0066815614700317,0.0379403419792652,0.0066372146829962,-0.0186170041561126,0.0637362524867057,0.0,-0.0392562076449394,-0.0182767454534769,0.0344085693359375,-0.0448878556489944,-0.006236950866878,-0.0360576026141643,-0.0167364850640296,0.063938558101654,-0.0063829221762716,0.0025641000829637,-0.0064240274950861,-0.0322580896317958,-0.0215517040342092,0.0862534120678901,0.0022026936057955,0.0136611890047788,-0.0087911998853087,0.0054945000447332,-0.0044346912764012,0.0027548181824386,0.0244989171624183,-0.0054794466122984,-0.008695644326508,-0.0188171863555908,-0.0285087972879409,-0.0184696391224861,0.0022573880851268,-0.0078533962368965,-0.0180179998278617,0.0186666492372751,0.0,-0.0105540798977017,0.0052910004742443,0.0369393415749073,0.0079365006457188,-0.0075757492353561,0.0079365006457188,-0.0248139297308521,0.0211640008619198,-0.0248139291552621,0.0661376323307745,0.0234375421689176,0.1375661974186499,0.0564516269471944,0.1534392020556152,0.0369393470596002,2019-02-14,2019-02-15,2019-02-19,2019-02-20,2019-02-21,2019-02-22,2019-02-25,2019-02-26,2019-02-27,2019-02-28,88659.0,2019-02-13,252.0,-3.8168%,-0.002,0.9714,-0.1744,0.0372,2.4457%,2.6508%,14.8810%,-0.040938,ASX,88659.0,2019-02-14,252.0,0.5291%,-0.002,0.9691,-0.1687,0.0306,2.4465%,2.6512%,14.8476%,0.008353,ASX,88659.0,2019-02-15,252.0,0.2632%,-0.002,0.963,-0.1748,0.0199,2.4467%,2.6493%,14.7048%,-0.008145,ASX,88659.0,2019-02-19,252.0,0.0000%,-0.002,0.963,-0.1742,0.0205,2.4467%,2.6482%,14.6352%,-0.001483,ASX,88659.0,2019-02-20,252.0,1.8373%,-0.0019,0.9681,-0.1632,0.0387,2.4496%,2.6512%,14.6356%,0.016714,ASX,88659.0,2019-02-21,252.0,-0.5155%,-0.002,0.9697,-0.16,0.0415,2.4494%,2.6513%,14.6520%,-0.001698,ASX,88659.0,2019-02-22,252.0,0.7772%,-0.002,0.9696,-0.1747,0.027,2.4485%,2.6517%,14.7422%,0.002859,ASX,88659.0,2019-02-25,252.0,2.3136%,-0.0019,0.9682,-0.1875,0.0151,2.4518%,2.6554%,14.7459%,0.021176,ASX,88659.0,2019-02-26,252.0,3.7688%,-0.0017,0.9586,-0.2336,-0.0155,2.4644%,2.6645%,14.4561%,0.037988,ASX,88659.0,2019-02-27,252.0,-2.6634%,-0.0018,0.9626,-0.2481,-0.0149,2.4688%,2.6692%,14.4535%,-0.027172,ASX,88659.0,2019-02-28,252.0,0.2488%,-0.0018,0.9636,-0.2472,-0.0158,2.4690%,2.6690%,14.4211%,0.005384,ASX,-0.032585,-0.04073,-0.042213,-0.027197,0.0130379999999999
21667,ACTIVISION BLIZZARD INC,Market Likes Activision's Move To Hit Restart On Game Business,6,increase,0.75,0.6,"the market's positive reaction to activision's strategic decision to restart its game business suggests investor optimism, likely leading to an increase in stock price.",2,2019-02-13,ATVI,2019-02-13 17:52:00+00:00,79678.0,00507V10,0.0695944726467132,51688276.0,0.0192955043166875,0.0388929843902587,-0.0182699058204889,-0.0760193318128585,-0.0026905590202659,-0.0125113567337393,-0.0382194407284259,0.0223255604505538,-0.0205702967941761,-0.1011705696582794,-0.0095465751364827,0.0226592868566513,0.011084315367043,0.016735503450036,0.0028599321376532,-0.0260373260825872,-0.006891656666994,0.0200820621103048,0.0083751725032925,0.0126831801608204,0.0166113134473562,-0.0216089449822902,-0.0245097856968641,-0.0221756808459758,0.0021536289714276,0.011212158948183,0.0162368733435869,0.0271621029824018,-0.0267857890576124,-0.0220994669944047,0.0147272003814578,-0.0326824262738227,0.0211753379553556,0.0268045682460069,-0.0067566893994808,0.005304476711899,0.0250996872782707,0.0061913090758025,-0.0086956769227981,-0.0095157697796821,0.0302401054650545,0.0161151699721813,0.0076181972399353,-0.0936708450317382,0.032243650406599,0.0102301128208637,-0.0056009981781244,0.0172103382647037,0.0528595894575119,0.0303093027323484,-0.0355966985225677,0.0281959269195795,0.0023469300940632,0.0399029441177845,-0.0117070935666561,-0.0355092100799083,-0.0116304075345397,0.0098775839433074,0.002196802990511,-0.0049145203083753,-0.0019728222396224,-0.0051020765677094,0.0349220335483551,0.01335637178272,0.0072156232781708,0.0552397444844245,0.0040034228004515,-0.0405669994652271,-0.0144806383177638,-0.0255047995597124,0.0070272963494062,0.0155406296253204,0.0059208874590694,-0.020921342074871,-0.0117721538990736,0.0050976602360606,0.018081309273839,-0.0140313748270273,-0.0144171006977558,-0.015666838735342,0.0023320037871599,0.0012383396970108,-0.0323603823781013,0.0051867216825485,-0.0150819374248385,0.0066833687014877,-0.0017754511209204,0.0137624712660908,0.0073366346769034,-0.0191069971770048,0.0006620785570703,0.0350387170910835,0.0258049890398979,-0.0017166957259178,0.0051602167077362,-0.0657578706741333,0.0141176441684365,-0.0509893484413623,0.0156085565686225,0.0301842596381902,0.0051921079866588,0.005320206284523,-0.0039256699383258,-0.0031427980866283,0.0072599523700773,0.0171828288584947,0.0203871056437492,-0.0157325323671102,-0.048435878008604,0.0322777144610881,0.0214209612458944,0.0024419806431978,-0.0307308882474899,-0.0353356748819351,0.0029991299379616,-0.0489171519875526,-0.0038445175159722,0.0379845537245273,-0.0132932877168059,-0.0180780366063118,0.0192955043166875,0.0388929843902587,0.0006730714495739,-0.0400829661081552,-0.0020192985091519,-0.052092830553969,-0.0599057243060112,-0.1289716081875465,-0.0545209841593614,-0.0887820050727091,0.0318782184771766,-0.1096154035921038,0.0409258489309996,-0.2070409334977383,2019-02-14,2019-02-15,2019-02-19,2019-02-20,2019-02-21,2019-02-22,2019-02-25,2019-02-26,2019-02-27,2019-02-28,79678.0,2019-02-13,252.0,6.9594%,-0.0021,1.0235,0.0654,-1.0887,2.1015%,2.5788%,33.5905%,0.067397,ATVI,79678.0,2019-02-14,252.0,1.9296%,-0.002,1.0201,0.0748,-1.0999,2.1035%,2.5820%,33.6277%,0.014691,ATVI,79678.0,2019-02-15,252.0,-1.8270%,-0.0022,0.9922,0.0472,-1.1485,2.1059%,2.5793%,33.3392%,-0.024805,ATVI,79678.0,2019-02-19,252.0,-0.2691%,-0.0022,0.9871,0.055,-1.1393,2.1033%,2.5698%,33.0110%,-0.001367,ATVI,79678.0,2019-02-20,252.0,-3.8219%,-0.0023,0.9803,0.0493,-1.161,2.1085%,2.5760%,33.0033%,-0.03405,ATVI,79678.0,2019-02-21,252.0,-2.0570%,-0.0024,0.9898,0.0648,-1.1436,2.1092%,2.5778%,33.0564%,-0.019679,ATVI,79678.0,2019-02-22,252.0,-0.9547%,-0.0025,0.9942,0.0579,-1.0964,2.1179%,2.5779%,32.5060%,-0.033247,ATVI,79678.0,2019-02-25,252.0,1.1084%,-0.0024,0.9927,0.0514,-1.1054,2.1174%,2.5786%,32.5754%,0.00767,ATVI,79678.0,2019-02-26,252.0,0.2860%,-0.0025,0.9782,0.0605,-1.1116,2.1125%,2.5671%,32.2781%,0.001029,ATVI,79678.0,2019-02-27,252.0,-0.6892%,-0.0025,0.9754,0.0637,-1.1121,2.1126%,2.5650%,32.1659%,-0.009321,ATVI,79678.0,2019-02-28,252.0,0.8375%,-0.0025,0.9772,0.0653,-1.1133,2.1132%,2.5656%,32.1566%,0.008506,ATVI,0.082088,0.0572829999999999,0.0559159999999999,0.0021869999999999,-0.023176
21675,ACTIVISION BLIZZARD INC,"Bank of America Earlier Reiterated Neutral on Activision Blizzard, Lowered Price Target to $54",6,decrease,0.7,0.6,"lowering the price target typically signals a less favorable outlook, which can lead to a decrease in stock price.",0,2019-02-13,ATVI,2019-02-13 16:54:00+00:00,79678.0,00507V10,0.0695944726467132,51688276.0,0.0192955043166875,0.0388929843902587,-0.0182699058204889,-0.0760193318128585,-0.0026905590202659,-0.0125113567337393,-0.0382194407284259,0.0223255604505538,-0.0205702967941761,-0.1011705696582794,-0.0095465751364827,0.0226592868566513,0.011084315367043,0.016735503450036,0.0028599321376532,-0.0260373260825872,-0.006891656666994,0.0200820621103048,0.0083751725032925,0.0126831801608204,0.0166113134473562,-0.0216089449822902,-0.0245097856968641,-0.0221756808459758,0.0021536289714276,0.011212158948183,0.0162368733435869,0.0271621029824018,-0.0267857890576124,-0.0220994669944047,0.0147272003814578,-0.0326824262738227,0.0211753379553556,0.0268045682460069,-0.0067566893994808,0.005304476711899,0.0250996872782707,0.0061913090758025,-0.0086956769227981,-0.0095157697796821,0.0302401054650545,0.0161151699721813,0.0076181972399353,-0.0936708450317382,0.032243650406599,0.0102301128208637,-0.0056009981781244,0.0172103382647037,0.0528595894575119,0.0303093027323484,-0.0355966985225677,0.0281959269195795,0.0023469300940632,0.0399029441177845,-0.0117070935666561,-0.0355092100799083,-0.0116304075345397,0.0098775839433074,0.002196802990511,-0.0049145203083753,-0.0019728222396224,-0.0051020765677094,0.0349220335483551,0.01335637178272,0.0072156232781708,0.0552397444844245,0.0040034228004515,-0.0405669994652271,-0.0144806383177638,-0.0255047995597124,0.0070272963494062,0.0155406296253204,0.0059208874590694,-0.020921342074871,-0.0117721538990736,0.0050976602360606,0.018081309273839,-0.0140313748270273,-0.0144171006977558,-0.015666838735342,0.0023320037871599,0.0012383396970108,-0.0323603823781013,0.0051867216825485,-0.0150819374248385,0.0066833687014877,-0.0017754511209204,0.0137624712660908,0.0073366346769034,-0.0191069971770048,0.0006620785570703,0.0350387170910835,0.0258049890398979,-0.0017166957259178,0.0051602167077362,-0.0657578706741333,0.0141176441684365,-0.0509893484413623,0.0156085565686225,0.0301842596381902,0.0051921079866588,0.005320206284523,-0.0039256699383258,-0.0031427980866283,0.0072599523700773,0.0171828288584947,0.0203871056437492,-0.0157325323671102,-0.048435878008604,0.0322777144610881,0.0214209612458944,0.0024419806431978,-0.0307308882474899,-0.0353356748819351,0.0029991299379616,-0.0489171519875526,-0.0038445175159722,0.0379845537245273,-0.0132932877168059,-0.0180780366063118,0.0192955043166875,0.0388929843902587,0.0006730714495739,-0.0400829661081552,-0.0020192985091519,-0.052092830553969,-0.0599057243060112,-0.1289716081875465,-0.0545209841593614,-0.0887820050727091,0.0318782184771766,-0.1096154035921038,0.0409258489309996,-0.2070409334977383,2019-02-14,2019-02-15,2019-02-19,2019-02-20,2019-02-21,2019-02-22,2019-02-25,2019-02-26,2019-02-27,2019-02-28,79678.0,2019-02-13,252.0,6.9594%,-0.0021,1.0235,0.0654,-1.0887,2.1015%,2.5788%,33.5905%,0.067397,ATVI,79678.0,2019-02-14,252.0,1.9296%,-0.002,1.0201,0.0748,-1.0999,2.1035%,2.5820%,33.6277%,0.014691,ATVI,79678.0,2019-02-15,252.0,-1.8270%,-0.0022,0.9922,0.0472,-1.1485,2.1059%,2.5793%,33.3392%,-0.024805,ATVI,79678.0,2019-02-19,252.0,-0.2691%,-0.0022,0.9871,0.055,-1.1393,2.1033%,2.5698%,33.0110%,-0.001367,ATVI,79678.0,2019-02-20,252.0,-3.8219%,-0.0023,0.9803,0.0493,-1.161,2.1085%,2.5760%,33.0033%,-0.03405,ATVI,79678.0,2019-02-21,252.0,-2.0570%,-0.0024,0.9898,0.0648,-1.1436,2.1092%,2.5778%,33.0564%,-0.019679,ATVI,79678.0,2019-02-22,252.0,-0.9547%,-0.0025,0.9942,0.0579,-1.0964,2.1179%,2.5779%,32.5060%,-0.033247,ATVI,79678.0,2019-02-25,252.0,1.1084%,-0.0024,0.9927,0.0514,-1.1054,2.1174%,2.5786%,32.5754%,0.00767,ATVI,79678.0,2019-02-26,252.0,0.2860%,-0.0025,0.9782,0.0605,-1.1116,2.1125%,2.5671%,32.2781%,0.001029,ATVI,79678.0,2019-02-27,252.0,-0.6892%,-0.0025,0.9754,0.0637,-1.1121,2.1126%,2.5650%,32.1659%,-0.009321,ATVI,79678.0,2019-02-28,252.0,0.8375%,-0.0025,0.9772,0.0653,-1.1133,2.1132%,2.5656%,32.1566%,0.008506,ATVI,0.082088,0.0572829999999999,0.0559159999999999,0.0021869999999999,-0.023176
21683,ACTIVISION BLIZZARD INC,"Morgan Stanley Maintains Overweight on Activision Blizzard, Lowers Price Target to $55",6,decrease,0.7,0.5,"lowering the price target typically signals a less favorable outlook, which may lead to a decrease in stock price despite maintaining an overweight rating.",0,2019-02-13,ATVI,2019-02-13 15:51:00+00:00,79678.0,00507V10,0.0695944726467132,51688276.0,0.0192955043166875,0.0388929843902587,-0.0182699058204889,-0.0760193318128585,-0.0026905590202659,-0.0125113567337393,-0.0382194407284259,0.0223255604505538,-0.0205702967941761,-0.1011705696582794,-0.0095465751364827,0.0226592868566513,0.011084315367043,0.016735503450036,0.0028599321376532,-0.0260373260825872,-0.006891656666994,0.0200820621103048,0.0083751725032925,0.0126831801608204,0.0166113134473562,-0.0216089449822902,-0.0245097856968641,-0.0221756808459758,0.0021536289714276,0.011212158948183,0.0162368733435869,0.0271621029824018,-0.0267857890576124,-0.0220994669944047,0.0147272003814578,-0.0326824262738227,0.0211753379553556,0.0268045682460069,-0.0067566893994808,0.005304476711899,0.0250996872782707,0.0061913090758025,-0.0086956769227981,-0.0095157697796821,0.0302401054650545,0.0161151699721813,0.0076181972399353,-0.0936708450317382,0.032243650406599,0.0102301128208637,-0.0056009981781244,0.0172103382647037,0.0528595894575119,0.0303093027323484,-0.0355966985225677,0.0281959269195795,0.0023469300940632,0.0399029441177845,-0.0117070935666561,-0.0355092100799083,-0.0116304075345397,0.0098775839433074,0.002196802990511,-0.0049145203083753,-0.0019728222396224,-0.0051020765677094,0.0349220335483551,0.01335637178272,0.0072156232781708,0.0552397444844245,0.0040034228004515,-0.0405669994652271,-0.0144806383177638,-0.0255047995597124,0.0070272963494062,0.0155406296253204,0.0059208874590694,-0.020921342074871,-0.0117721538990736,0.0050976602360606,0.018081309273839,-0.0140313748270273,-0.0144171006977558,-0.015666838735342,0.0023320037871599,0.0012383396970108,-0.0323603823781013,0.0051867216825485,-0.0150819374248385,0.0066833687014877,-0.0017754511209204,0.0137624712660908,0.0073366346769034,-0.0191069971770048,0.0006620785570703,0.0350387170910835,0.0258049890398979,-0.0017166957259178,0.0051602167077362,-0.0657578706741333,0.0141176441684365,-0.0509893484413623,0.0156085565686225,0.0301842596381902,0.0051921079866588,0.005320206284523,-0.0039256699383258,-0.0031427980866283,0.0072599523700773,0.0171828288584947,0.0203871056437492,-0.0157325323671102,-0.048435878008604,0.0322777144610881,0.0214209612458944,0.0024419806431978,-0.0307308882474899,-0.0353356748819351,0.0029991299379616,-0.0489171519875526,-0.0038445175159722,0.0379845537245273,-0.0132932877168059,-0.0180780366063118,0.0192955043166875,0.0388929843902587,0.0006730714495739,-0.0400829661081552,-0.0020192985091519,-0.052092830553969,-0.0599057243060112,-0.1289716081875465,-0.0545209841593614,-0.0887820050727091,0.0318782184771766,-0.1096154035921038,0.0409258489309996,-0.2070409334977383,2019-02-14,2019-02-15,2019-02-19,2019-02-20,2019-02-21,2019-02-22,2019-02-25,2019-02-26,2019-02-27,2019-02-28,79678.0,2019-02-13,252.0,6.9594%,-0.0021,1.0235,0.0654,-1.0887,2.1015%,2.5788%,33.5905%,0.067397,ATVI,79678.0,2019-02-14,252.0,1.9296%,-0.002,1.0201,0.0748,-1.0999,2.1035%,2.5820%,33.6277%,0.014691,ATVI,79678.0,2019-02-15,252.0,-1.8270%,-0.0022,0.9922,0.0472,-1.1485,2.1059%,2.5793%,33.3392%,-0.024805,ATVI,79678.0,2019-02-19,252.0,-0.2691%,-0.0022,0.9871,0.055,-1.1393,2.1033%,2.5698%,33.0110%,-0.001367,ATVI,79678.0,2019-02-20,252.0,-3.8219%,-0.0023,0.9803,0.0493,-1.161,2.1085%,2.5760%,33.0033%,-0.03405,ATVI,79678.0,2019-02-21,252.0,-2.0570%,-0.0024,0.9898,0.0648,-1.1436,2.1092%,2.5778%,33.0564%,-0.019679,ATVI,79678.0,2019-02-22,252.0,-0.9547%,-0.0025,0.9942,0.0579,-1.0964,2.1179%,2.5779%,32.5060%,-0.033247,ATVI,79678.0,2019-02-25,252.0,1.1084%,-0.0024,0.9927,0.0514,-1.1054,2.1174%,2.5786%,32.5754%,0.00767,ATVI,79678.0,2019-02-26,252.0,0.2860%,-0.0025,0.9782,0.0605,-1.1116,2.1125%,2.5671%,32.2781%,0.001029,ATVI,79678.0,2019-02-27,252.0,-0.6892%,-0.0025,0.9754,0.0637,-1.1121,2.1126%,2.5650%,32.1659%,-0.009321,ATVI,79678.0,2019-02-28,252.0,0.8375%,-0.0025,0.9772,0.0653,-1.1133,2.1132%,2.5656%,32.1566%,0.008506,ATVI,0.082088,0.0572829999999999,0.0559159999999999,0.0021869999999999,-0.023176
21691,ACTIVISION BLIZZARD INC,"UPDATE: KeyBanc On Activision Views 'the plan to increase development resources by 20% as positive, and believe a return to growth in revenue and EPS in FY20 is likely given a building pipeline and inflecting new business initiatives'",6,increase,0.8,0.7,"the positive outlook on increased development resources and expected revenue growth suggests investor confidence, likely leading to an increase in stock price.",2,2019-02-13,ATVI,2019-02-13 15:39:00+00:00,79678.0,00507V10,0.0695944726467132,51688276.0,0.0192955043166875,0.0388929843902587,-0.0182699058204889,-0.0760193318128585,-0.0026905590202659,-0.0125113567337393,-0.0382194407284259,0.0223255604505538,-0.0205702967941761,-0.1011705696582794,-0.0095465751364827,0.0226592868566513,0.011084315367043,0.016735503450036,0.0028599321376532,-0.0260373260825872,-0.006891656666994,0.0200820621103048,0.0083751725032925,0.0126831801608204,0.0166113134473562,-0.0216089449822902,-0.0245097856968641,-0.0221756808459758,0.0021536289714276,0.011212158948183,0.0162368733435869,0.0271621029824018,-0.0267857890576124,-0.0220994669944047,0.0147272003814578,-0.0326824262738227,0.0211753379553556,0.0268045682460069,-0.0067566893994808,0.005304476711899,0.0250996872782707,0.0061913090758025,-0.0086956769227981,-0.0095157697796821,0.0302401054650545,0.0161151699721813,0.0076181972399353,-0.0936708450317382,0.032243650406599,0.0102301128208637,-0.0056009981781244,0.0172103382647037,0.0528595894575119,0.0303093027323484,-0.0355966985225677,0.0281959269195795,0.0023469300940632,0.0399029441177845,-0.0117070935666561,-0.0355092100799083,-0.0116304075345397,0.0098775839433074,0.002196802990511,-0.0049145203083753,-0.0019728222396224,-0.0051020765677094,0.0349220335483551,0.01335637178272,0.0072156232781708,0.0552397444844245,0.0040034228004515,-0.0405669994652271,-0.0144806383177638,-0.0255047995597124,0.0070272963494062,0.0155406296253204,0.0059208874590694,-0.020921342074871,-0.0117721538990736,0.0050976602360606,0.018081309273839,-0.0140313748270273,-0.0144171006977558,-0.015666838735342,0.0023320037871599,0.0012383396970108,-0.0323603823781013,0.0051867216825485,-0.0150819374248385,0.0066833687014877,-0.0017754511209204,0.0137624712660908,0.0073366346769034,-0.0191069971770048,0.0006620785570703,0.0350387170910835,0.0258049890398979,-0.0017166957259178,0.0051602167077362,-0.0657578706741333,0.0141176441684365,-0.0509893484413623,0.0156085565686225,0.0301842596381902,0.0051921079866588,0.005320206284523,-0.0039256699383258,-0.0031427980866283,0.0072599523700773,0.0171828288584947,0.0203871056437492,-0.0157325323671102,-0.048435878008604,0.0322777144610881,0.0214209612458944,0.0024419806431978,-0.0307308882474899,-0.0353356748819351,0.0029991299379616,-0.0489171519875526,-0.0038445175159722,0.0379845537245273,-0.0132932877168059,-0.0180780366063118,0.0192955043166875,0.0388929843902587,0.0006730714495739,-0.0400829661081552,-0.0020192985091519,-0.052092830553969,-0.0599057243060112,-0.1289716081875465,-0.0545209841593614,-0.0887820050727091,0.0318782184771766,-0.1096154035921038,0.0409258489309996,-0.2070409334977383,2019-02-14,2019-02-15,2019-02-19,2019-02-20,2019-02-21,2019-02-22,2019-02-25,2019-02-26,2019-02-27,2019-02-28,79678.0,2019-02-13,252.0,6.9594%,-0.0021,1.0235,0.0654,-1.0887,2.1015%,2.5788%,33.5905%,0.067397,ATVI,79678.0,2019-02-14,252.0,1.9296%,-0.002,1.0201,0.0748,-1.0999,2.1035%,2.5820%,33.6277%,0.014691,ATVI,79678.0,2019-02-15,252.0,-1.8270%,-0.0022,0.9922,0.0472,-1.1485,2.1059%,2.5793%,33.3392%,-0.024805,ATVI,79678.0,2019-02-19,252.0,-0.2691%,-0.0022,0.9871,0.055,-1.1393,2.1033%,2.5698%,33.0110%,-0.001367,ATVI,79678.0,2019-02-20,252.0,-3.8219%,-0.0023,0.9803,0.0493,-1.161,2.1085%,2.5760%,33.0033%,-0.03405,ATVI,79678.0,2019-02-21,252.0,-2.0570%,-0.0024,0.9898,0.0648,-1.1436,2.1092%,2.5778%,33.0564%,-0.019679,ATVI,79678.0,2019-02-22,252.0,-0.9547%,-0.0025,0.9942,0.0579,-1.0964,2.1179%,2.5779%,32.5060%,-0.033247,ATVI,79678.0,2019-02-25,252.0,1.1084%,-0.0024,0.9927,0.0514,-1.1054,2.1174%,2.5786%,32.5754%,0.00767,ATVI,79678.0,2019-02-26,252.0,0.2860%,-0.0025,0.9782,0.0605,-1.1116,2.1125%,2.5671%,32.2781%,0.001029,ATVI,79678.0,2019-02-27,252.0,-0.6892%,-0.0025,0.9754,0.0637,-1.1121,2.1126%,2.5650%,32.1659%,-0.009321,ATVI,79678.0,2019-02-28,252.0,0.8375%,-0.0025,0.9772,0.0653,-1.1133,2.1132%,2.5656%,32.1566%,0.008506,ATVI,0.082088,0.0572829999999999,0.0559159999999999,0.0021869999999999,-0.023176
21699,ACTIVISION BLIZZARD INC,"KeyBanc Maintains Overweight on Activision Blizzard, Lowers Price Target to $57",6,decrease,0.7,0.5,"lowering the price target typically signals a less favorable outlook, which may lead to a decrease in stock price despite maintaining an 'overweight' rating.",0,2019-02-13,ATVI,2019-02-13 15:29:00+00:00,79678.0,00507V10,0.0695944726467132,51688276.0,0.0192955043166875,0.0388929843902587,-0.0182699058204889,-0.0760193318128585,-0.0026905590202659,-0.0125113567337393,-0.0382194407284259,0.0223255604505538,-0.0205702967941761,-0.1011705696582794,-0.0095465751364827,0.0226592868566513,0.011084315367043,0.016735503450036,0.0028599321376532,-0.0260373260825872,-0.006891656666994,0.0200820621103048,0.0083751725032925,0.0126831801608204,0.0166113134473562,-0.0216089449822902,-0.0245097856968641,-0.0221756808459758,0.0021536289714276,0.011212158948183,0.0162368733435869,0.0271621029824018,-0.0267857890576124,-0.0220994669944047,0.0147272003814578,-0.0326824262738227,0.0211753379553556,0.0268045682460069,-0.0067566893994808,0.005304476711899,0.0250996872782707,0.0061913090758025,-0.0086956769227981,-0.0095157697796821,0.0302401054650545,0.0161151699721813,0.0076181972399353,-0.0936708450317382,0.032243650406599,0.0102301128208637,-0.0056009981781244,0.0172103382647037,0.0528595894575119,0.0303093027323484,-0.0355966985225677,0.0281959269195795,0.0023469300940632,0.0399029441177845,-0.0117070935666561,-0.0355092100799083,-0.0116304075345397,0.0098775839433074,0.002196802990511,-0.0049145203083753,-0.0019728222396224,-0.0051020765677094,0.0349220335483551,0.01335637178272,0.0072156232781708,0.0552397444844245,0.0040034228004515,-0.0405669994652271,-0.0144806383177638,-0.0255047995597124,0.0070272963494062,0.0155406296253204,0.0059208874590694,-0.020921342074871,-0.0117721538990736,0.0050976602360606,0.018081309273839,-0.0140313748270273,-0.0144171006977558,-0.015666838735342,0.0023320037871599,0.0012383396970108,-0.0323603823781013,0.0051867216825485,-0.0150819374248385,0.0066833687014877,-0.0017754511209204,0.0137624712660908,0.0073366346769034,-0.0191069971770048,0.0006620785570703,0.0350387170910835,0.0258049890398979,-0.0017166957259178,0.0051602167077362,-0.0657578706741333,0.0141176441684365,-0.0509893484413623,0.0156085565686225,0.0301842596381902,0.0051921079866588,0.005320206284523,-0.0039256699383258,-0.0031427980866283,0.0072599523700773,0.0171828288584947,0.0203871056437492,-0.0157325323671102,-0.048435878008604,0.0322777144610881,0.0214209612458944,0.0024419806431978,-0.0307308882474899,-0.0353356748819351,0.0029991299379616,-0.0489171519875526,-0.0038445175159722,0.0379845537245273,-0.0132932877168059,-0.0180780366063118,0.0192955043166875,0.0388929843902587,0.0006730714495739,-0.0400829661081552,-0.0020192985091519,-0.052092830553969,-0.0599057243060112,-0.1289716081875465,-0.0545209841593614,-0.0887820050727091,0.0318782184771766,-0.1096154035921038,0.0409258489309996,-0.2070409334977383,2019-02-14,2019-02-15,2019-02-19,2019-02-20,2019-02-21,2019-02-22,2019-02-25,2019-02-26,2019-02-27,2019-02-28,79678.0,2019-02-13,252.0,6.9594%,-0.0021,1.0235,0.0654,-1.0887,2.1015%,2.5788%,33.5905%,0.067397,ATVI,79678.0,2019-02-14,252.0,1.9296%,-0.002,1.0201,0.0748,-1.0999,2.1035%,2.5820%,33.6277%,0.014691,ATVI,79678.0,2019-02-15,252.0,-1.8270%,-0.0022,0.9922,0.0472,-1.1485,2.1059%,2.5793%,33.3392%,-0.024805,ATVI,79678.0,2019-02-19,252.0,-0.2691%,-0.0022,0.9871,0.055,-1.1393,2.1033%,2.5698%,33.0110%,-0.001367,ATVI,79678.0,2019-02-20,252.0,-3.8219%,-0.0023,0.9803,0.0493,-1.161,2.1085%,2.5760%,33.0033%,-0.03405,ATVI,79678.0,2019-02-21,252.0,-2.0570%,-0.0024,0.9898,0.0648,-1.1436,2.1092%,2.5778%,33.0564%,-0.019679,ATVI,79678.0,2019-02-22,252.0,-0.9547%,-0.0025,0.9942,0.0579,-1.0964,2.1179%,2.5779%,32.5060%,-0.033247,ATVI,79678.0,2019-02-25,252.0,1.1084%,-0.0024,0.9927,0.0514,-1.1054,2.1174%,2.5786%,32.5754%,0.00767,ATVI,79678.0,2019-02-26,252.0,0.2860%,-0.0025,0.9782,0.0605,-1.1116,2.1125%,2.5671%,32.2781%,0.001029,ATVI,79678.0,2019-02-27,252.0,-0.6892%,-0.0025,0.9754,0.0637,-1.1121,2.1126%,2.5650%,32.1659%,-0.009321,ATVI,79678.0,2019-02-28,252.0,0.8375%,-0.0025,0.9772,0.0653,-1.1133,2.1132%,2.5656%,32.1566%,0.008506,ATVI,0.082088,0.0572829999999999,0.0559159999999999,0.0021869999999999,-0.023176
21707,ACTIVISION BLIZZARD INC,Activision Blizzard shares are trading higher despite weak earnings and guidance; The company additionally announced layoffs and fell after hours Tuesday. Layoffs are part of effort to 'scale down some areas' of the company.,6,decrease,0.7,0.6,"weak earnings and guidance, along with layoffs, typically signal financial instability, which can lead to a decrease in stock price despite any short-term trading uptick.",0,2019-02-13,ATVI,2019-02-13 15:22:00+00:00,79678.0,00507V10,0.0695944726467132,51688276.0,0.0192955043166875,0.0388929843902587,-0.0182699058204889,-0.0760193318128585,-0.0026905590202659,-0.0125113567337393,-0.0382194407284259,0.0223255604505538,-0.0205702967941761,-0.1011705696582794,-0.0095465751364827,0.0226592868566513,0.011084315367043,0.016735503450036,0.0028599321376532,-0.0260373260825872,-0.006891656666994,0.0200820621103048,0.0083751725032925,0.0126831801608204,0.0166113134473562,-0.0216089449822902,-0.0245097856968641,-0.0221756808459758,0.0021536289714276,0.011212158948183,0.0162368733435869,0.0271621029824018,-0.0267857890576124,-0.0220994669944047,0.0147272003814578,-0.0326824262738227,0.0211753379553556,0.0268045682460069,-0.0067566893994808,0.005304476711899,0.0250996872782707,0.0061913090758025,-0.0086956769227981,-0.0095157697796821,0.0302401054650545,0.0161151699721813,0.0076181972399353,-0.0936708450317382,0.032243650406599,0.0102301128208637,-0.0056009981781244,0.0172103382647037,0.0528595894575119,0.0303093027323484,-0.0355966985225677,0.0281959269195795,0.0023469300940632,0.0399029441177845,-0.0117070935666561,-0.0355092100799083,-0.0116304075345397,0.0098775839433074,0.002196802990511,-0.0049145203083753,-0.0019728222396224,-0.0051020765677094,0.0349220335483551,0.01335637178272,0.0072156232781708,0.0552397444844245,0.0040034228004515,-0.0405669994652271,-0.0144806383177638,-0.0255047995597124,0.0070272963494062,0.0155406296253204,0.0059208874590694,-0.020921342074871,-0.0117721538990736,0.0050976602360606,0.018081309273839,-0.0140313748270273,-0.0144171006977558,-0.015666838735342,0.0023320037871599,0.0012383396970108,-0.0323603823781013,0.0051867216825485,-0.0150819374248385,0.0066833687014877,-0.0017754511209204,0.0137624712660908,0.0073366346769034,-0.0191069971770048,0.0006620785570703,0.0350387170910835,0.0258049890398979,-0.0017166957259178,0.0051602167077362,-0.0657578706741333,0.0141176441684365,-0.0509893484413623,0.0156085565686225,0.0301842596381902,0.0051921079866588,0.005320206284523,-0.0039256699383258,-0.0031427980866283,0.0072599523700773,0.0171828288584947,0.0203871056437492,-0.0157325323671102,-0.048435878008604,0.0322777144610881,0.0214209612458944,0.0024419806431978,-0.0307308882474899,-0.0353356748819351,0.0029991299379616,-0.0489171519875526,-0.0038445175159722,0.0379845537245273,-0.0132932877168059,-0.0180780366063118,0.0192955043166875,0.0388929843902587,0.0006730714495739,-0.0400829661081552,-0.0020192985091519,-0.052092830553969,-0.0599057243060112,-0.1289716081875465,-0.0545209841593614,-0.0887820050727091,0.0318782184771766,-0.1096154035921038,0.0409258489309996,-0.2070409334977383,2019-02-14,2019-02-15,2019-02-19,2019-02-20,2019-02-21,2019-02-22,2019-02-25,2019-02-26,2019-02-27,2019-02-28,79678.0,2019-02-13,252.0,6.9594%,-0.0021,1.0235,0.0654,-1.0887,2.1015%,2.5788%,33.5905%,0.067397,ATVI,79678.0,2019-02-14,252.0,1.9296%,-0.002,1.0201,0.0748,-1.0999,2.1035%,2.5820%,33.6277%,0.014691,ATVI,79678.0,2019-02-15,252.0,-1.8270%,-0.0022,0.9922,0.0472,-1.1485,2.1059%,2.5793%,33.3392%,-0.024805,ATVI,79678.0,2019-02-19,252.0,-0.2691%,-0.0022,0.9871,0.055,-1.1393,2.1033%,2.5698%,33.0110%,-0.001367,ATVI,79678.0,2019-02-20,252.0,-3.8219%,-0.0023,0.9803,0.0493,-1.161,2.1085%,2.5760%,33.0033%,-0.03405,ATVI,79678.0,2019-02-21,252.0,-2.0570%,-0.0024,0.9898,0.0648,-1.1436,2.1092%,2.5778%,33.0564%,-0.019679,ATVI,79678.0,2019-02-22,252.0,-0.9547%,-0.0025,0.9942,0.0579,-1.0964,2.1179%,2.5779%,32.5060%,-0.033247,ATVI,79678.0,2019-02-25,252.0,1.1084%,-0.0024,0.9927,0.0514,-1.1054,2.1174%,2.5786%,32.5754%,0.00767,ATVI,79678.0,2019-02-26,252.0,0.2860%,-0.0025,0.9782,0.0605,-1.1116,2.1125%,2.5671%,32.2781%,0.001029,ATVI,79678.0,2019-02-27,252.0,-0.6892%,-0.0025,0.9754,0.0637,-1.1121,2.1126%,2.5650%,32.1659%,-0.009321,ATVI,79678.0,2019-02-28,252.0,0.8375%,-0.0025,0.9772,0.0653,-1.1133,2.1132%,2.5656%,32.1566%,0.008506,ATVI,0.082088,0.0572829999999999,0.0559159999999999,0.0021869999999999,-0.023176
21715,ACTIVISION BLIZZARD INC,Activision Blizzard shares are trading higher after the company announced significant layoffs following weak Q4 results.,6,increase,0.7,0.6,"the announcement of significant layoffs may signal cost-cutting measures that could improve profitability, leading to a positive reaction in the stock price despite the weak q4 results.",2,2019-02-13,ATVI,2019-02-13 15:00:00+00:00,79678.0,00507V10,0.0695944726467132,51688276.0,0.0192955043166875,0.0388929843902587,-0.0182699058204889,-0.0760193318128585,-0.0026905590202659,-0.0125113567337393,-0.0382194407284259,0.0223255604505538,-0.0205702967941761,-0.1011705696582794,-0.0095465751364827,0.0226592868566513,0.011084315367043,0.016735503450036,0.0028599321376532,-0.0260373260825872,-0.006891656666994,0.0200820621103048,0.0083751725032925,0.0126831801608204,0.0166113134473562,-0.0216089449822902,-0.0245097856968641,-0.0221756808459758,0.0021536289714276,0.011212158948183,0.0162368733435869,0.0271621029824018,-0.0267857890576124,-0.0220994669944047,0.0147272003814578,-0.0326824262738227,0.0211753379553556,0.0268045682460069,-0.0067566893994808,0.005304476711899,0.0250996872782707,0.0061913090758025,-0.0086956769227981,-0.0095157697796821,0.0302401054650545,0.0161151699721813,0.0076181972399353,-0.0936708450317382,0.032243650406599,0.0102301128208637,-0.0056009981781244,0.0172103382647037,0.0528595894575119,0.0303093027323484,-0.0355966985225677,0.0281959269195795,0.0023469300940632,0.0399029441177845,-0.0117070935666561,-0.0355092100799083,-0.0116304075345397,0.0098775839433074,0.002196802990511,-0.0049145203083753,-0.0019728222396224,-0.0051020765677094,0.0349220335483551,0.01335637178272,0.0072156232781708,0.0552397444844245,0.0040034228004515,-0.0405669994652271,-0.0144806383177638,-0.0255047995597124,0.0070272963494062,0.0155406296253204,0.0059208874590694,-0.020921342074871,-0.0117721538990736,0.0050976602360606,0.018081309273839,-0.0140313748270273,-0.0144171006977558,-0.015666838735342,0.0023320037871599,0.0012383396970108,-0.0323603823781013,0.0051867216825485,-0.0150819374248385,0.0066833687014877,-0.0017754511209204,0.0137624712660908,0.0073366346769034,-0.0191069971770048,0.0006620785570703,0.0350387170910835,0.0258049890398979,-0.0017166957259178,0.0051602167077362,-0.0657578706741333,0.0141176441684365,-0.0509893484413623,0.0156085565686225,0.0301842596381902,0.0051921079866588,0.005320206284523,-0.0039256699383258,-0.0031427980866283,0.0072599523700773,0.0171828288584947,0.0203871056437492,-0.0157325323671102,-0.048435878008604,0.0322777144610881,0.0214209612458944,0.0024419806431978,-0.0307308882474899,-0.0353356748819351,0.0029991299379616,-0.0489171519875526,-0.0038445175159722,0.0379845537245273,-0.0132932877168059,-0.0180780366063118,0.0192955043166875,0.0388929843902587,0.0006730714495739,-0.0400829661081552,-0.0020192985091519,-0.052092830553969,-0.0599057243060112,-0.1289716081875465,-0.0545209841593614,-0.0887820050727091,0.0318782184771766,-0.1096154035921038,0.0409258489309996,-0.2070409334977383,2019-02-14,2019-02-15,2019-02-19,2019-02-20,2019-02-21,2019-02-22,2019-02-25,2019-02-26,2019-02-27,2019-02-28,79678.0,2019-02-13,252.0,6.9594%,-0.0021,1.0235,0.0654,-1.0887,2.1015%,2.5788%,33.5905%,0.067397,ATVI,79678.0,2019-02-14,252.0,1.9296%,-0.002,1.0201,0.0748,-1.0999,2.1035%,2.5820%,33.6277%,0.014691,ATVI,79678.0,2019-02-15,252.0,-1.8270%,-0.0022,0.9922,0.0472,-1.1485,2.1059%,2.5793%,33.3392%,-0.024805,ATVI,79678.0,2019-02-19,252.0,-0.2691%,-0.0022,0.9871,0.055,-1.1393,2.1033%,2.5698%,33.0110%,-0.001367,ATVI,79678.0,2019-02-20,252.0,-3.8219%,-0.0023,0.9803,0.0493,-1.161,2.1085%,2.5760%,33.0033%,-0.03405,ATVI,79678.0,2019-02-21,252.0,-2.0570%,-0.0024,0.9898,0.0648,-1.1436,2.1092%,2.5778%,33.0564%,-0.019679,ATVI,79678.0,2019-02-22,252.0,-0.9547%,-0.0025,0.9942,0.0579,-1.0964,2.1179%,2.5779%,32.5060%,-0.033247,ATVI,79678.0,2019-02-25,252.0,1.1084%,-0.0024,0.9927,0.0514,-1.1054,2.1174%,2.5786%,32.5754%,0.00767,ATVI,79678.0,2019-02-26,252.0,0.2860%,-0.0025,0.9782,0.0605,-1.1116,2.1125%,2.5671%,32.2781%,0.001029,ATVI,79678.0,2019-02-27,252.0,-0.6892%,-0.0025,0.9754,0.0637,-1.1121,2.1126%,2.5650%,32.1659%,-0.009321,ATVI,79678.0,2019-02-28,252.0,0.8375%,-0.0025,0.9772,0.0653,-1.1133,2.1132%,2.5656%,32.1566%,0.008506,ATVI,0.082088,0.0572829999999999,0.0559159999999999,0.0021869999999999,-0.023176
21723,ACTIVISION BLIZZARD INC,"Wedbush Maintains Outperform on Activision Blizzard, Lowers Price Target to $56",6,decrease,0.7,0.5,"lowering the price target typically signals reduced expectations for the stock's future performance, which may lead to a decrease in stock price.",0,2019-02-13,ATVI,2019-02-13 13:29:00+00:00,79678.0,00507V10,0.0695944726467132,51688276.0,0.0192955043166875,0.0388929843902587,-0.0182699058204889,-0.0760193318128585,-0.0026905590202659,-0.0125113567337393,-0.0382194407284259,0.0223255604505538,-0.0205702967941761,-0.1011705696582794,-0.0095465751364827,0.0226592868566513,0.011084315367043,0.016735503450036,0.0028599321376532,-0.0260373260825872,-0.006891656666994,0.0200820621103048,0.0083751725032925,0.0126831801608204,0.0166113134473562,-0.0216089449822902,-0.0245097856968641,-0.0221756808459758,0.0021536289714276,0.011212158948183,0.0162368733435869,0.0271621029824018,-0.0267857890576124,-0.0220994669944047,0.0147272003814578,-0.0326824262738227,0.0211753379553556,0.0268045682460069,-0.0067566893994808,0.005304476711899,0.0250996872782707,0.0061913090758025,-0.0086956769227981,-0.0095157697796821,0.0302401054650545,0.0161151699721813,0.0076181972399353,-0.0936708450317382,0.032243650406599,0.0102301128208637,-0.0056009981781244,0.0172103382647037,0.0528595894575119,0.0303093027323484,-0.0355966985225677,0.0281959269195795,0.0023469300940632,0.0399029441177845,-0.0117070935666561,-0.0355092100799083,-0.0116304075345397,0.0098775839433074,0.002196802990511,-0.0049145203083753,-0.0019728222396224,-0.0051020765677094,0.0349220335483551,0.01335637178272,0.0072156232781708,0.0552397444844245,0.0040034228004515,-0.0405669994652271,-0.0144806383177638,-0.0255047995597124,0.0070272963494062,0.0155406296253204,0.0059208874590694,-0.020921342074871,-0.0117721538990736,0.0050976602360606,0.018081309273839,-0.0140313748270273,-0.0144171006977558,-0.015666838735342,0.0023320037871599,0.0012383396970108,-0.0323603823781013,0.0051867216825485,-0.0150819374248385,0.0066833687014877,-0.0017754511209204,0.0137624712660908,0.0073366346769034,-0.0191069971770048,0.0006620785570703,0.0350387170910835,0.0258049890398979,-0.0017166957259178,0.0051602167077362,-0.0657578706741333,0.0141176441684365,-0.0509893484413623,0.0156085565686225,0.0301842596381902,0.0051921079866588,0.005320206284523,-0.0039256699383258,-0.0031427980866283,0.0072599523700773,0.0171828288584947,0.0203871056437492,-0.0157325323671102,-0.048435878008604,0.0322777144610881,0.0214209612458944,0.0024419806431978,-0.0307308882474899,-0.0353356748819351,0.0029991299379616,-0.0489171519875526,-0.0038445175159722,0.0379845537245273,-0.0132932877168059,-0.0180780366063118,0.0192955043166875,0.0388929843902587,0.0006730714495739,-0.0400829661081552,-0.0020192985091519,-0.052092830553969,-0.0599057243060112,-0.1289716081875465,-0.0545209841593614,-0.0887820050727091,0.0318782184771766,-0.1096154035921038,0.0409258489309996,-0.2070409334977383,2019-02-14,2019-02-15,2019-02-19,2019-02-20,2019-02-21,2019-02-22,2019-02-25,2019-02-26,2019-02-27,2019-02-28,79678.0,2019-02-13,252.0,6.9594%,-0.0021,1.0235,0.0654,-1.0887,2.1015%,2.5788%,33.5905%,0.067397,ATVI,79678.0,2019-02-14,252.0,1.9296%,-0.002,1.0201,0.0748,-1.0999,2.1035%,2.5820%,33.6277%,0.014691,ATVI,79678.0,2019-02-15,252.0,-1.8270%,-0.0022,0.9922,0.0472,-1.1485,2.1059%,2.5793%,33.3392%,-0.024805,ATVI,79678.0,2019-02-19,252.0,-0.2691%,-0.0022,0.9871,0.055,-1.1393,2.1033%,2.5698%,33.0110%,-0.001367,ATVI,79678.0,2019-02-20,252.0,-3.8219%,-0.0023,0.9803,0.0493,-1.161,2.1085%,2.5760%,33.0033%,-0.03405,ATVI,79678.0,2019-02-21,252.0,-2.0570%,-0.0024,0.9898,0.0648,-1.1436,2.1092%,2.5778%,33.0564%,-0.019679,ATVI,79678.0,2019-02-22,252.0,-0.9547%,-0.0025,0.9942,0.0579,-1.0964,2.1179%,2.5779%,32.5060%,-0.033247,ATVI,79678.0,2019-02-25,252.0,1.1084%,-0.0024,0.9927,0.0514,-1.1054,2.1174%,2.5786%,32.5754%,0.00767,ATVI,79678.0,2019-02-26,252.0,0.2860%,-0.0025,0.9782,0.0605,-1.1116,2.1125%,2.5671%,32.2781%,0.001029,ATVI,79678.0,2019-02-27,252.0,-0.6892%,-0.0025,0.9754,0.0637,-1.1121,2.1126%,2.5650%,32.1659%,-0.009321,ATVI,79678.0,2019-02-28,252.0,0.8375%,-0.0025,0.9772,0.0653,-1.1133,2.1132%,2.5656%,32.1566%,0.008506,ATVI,0.082088,0.0572829999999999,0.0559159999999999,0.0021869999999999,-0.023176
21731,BRIGHTCOVE INC,"Brightcove Sees FY19 Adj. EPS $(0.03)-$0.05 vs $0.04 Estimate, Sales $168M-$172M vs $174.9M Est.",6,decrease,0.8,0.7,"the company's adjusted eps guidance is below expectations and sales projections also fall short, indicating potential underperformance that could negatively impact investor sentiment.",0,2019-02-13,BCOV,2019-02-13 21:23:00+00:00,13260.0,10921T10,-0.0137930903583765,140884.0,-0.0128204729408025,0.001150774420239,0.0129869719967246,0.0116413766518235,-0.0244755297899246,0.0153664434328675,0.005973738618195,-0.0023584321606904,-0.0154394432902336,0.0155687611550092,0.0156815573573112,0.0295931864529848,0.0035629135090857,0.017565855756402,0.030769258737564,-0.0062344968318939,0.0114810997620225,0.0531845949590206,0.0068103815428912,0.0099469246342778,0.0078917359933257,0.0026595718227326,-0.0234899390488863,-0.0118265636265277,-0.0320732817053794,0.0133155658841133,-0.0260355342179536,0.0330124124884605,-0.0060752416029572,-0.0054719508625566,0.0378972440958023,0.0041208425536751,-0.0176678001880645,0.006915655452758,-0.0035970902536064,0.0027739224024116,-0.0048134727403521,-0.0190476011484861,-0.0217654537409544,0.0265363212674856,0.0049443710595369,-0.0284938998520374,0.0196801777929067,-0.004054082557559,-0.0060313860885798,-0.0080428877845406,0.0194174572825431,0.0205198489129543,0.003571510547772,0.0138696124777197,-0.0332147888839244,0.015492976643145,0.0061349929310381,0.0289854798465967,-0.0012195401359349,-0.0212766081094741,0.0134310889989137,0.0014204870676621,0.0144578171893954,-0.0042433110065758,-0.0011876756325364,-0.0056258738040924,-0.0023780623450875,-0.0014044595882296,-0.0047675757668912,0.024460444226861,-0.0179641395807266,-0.005722455214709,-0.003658503992483,-0.0210084170103073,0.013463850133121,-0.0205761454999446,-0.0024153990671038,-0.005457020830363,0.0012106813956052,-0.0027210859116166,0.0217653382569551,-0.0054127150215208,0.0201183520257473,0.004076050594449,-0.001160119427368,-0.0067475996911525,-0.0011613561073318,0.0164608899503946,-0.0186047442257404,0.0340425185859203,-0.0165876056998968,0.0028449473902583,0.0108433915302157,-0.0112517476081848,0.0035756533034145,0.0230216309428215,0.0237529464066028,-0.029329614713788,0.0139211006462574,-0.0027855127118527,0.1018307060003281,0.0112675949931144,0.0363446958363056,-0.012517406605184,-0.0010019313776865,0.0315638855099678,0.0060180006548762,-0.0183098763227462,-0.0059820008464157,0.0056657171808183,-0.0070211281999945,-0.0042313411831855,0.0080808009952306,0.0028288515750318,-0.0060119708068668,0.0114449793472886,-0.0151209291070699,-0.0385144725441932,-0.0122825829312205,-0.012228281237185,-0.0020724874921143,0.0151724321767687,0.014537937939167,0.0027662490028887,-0.0128204729408025,0.001150774420239,-6.714495626169992e-11,0.0128055476705297,-0.0244755298554261,0.0283687668273033,-0.0337995301813323,0.0419160970569563,0.0337995281586347,0.1538461343818198,-0.0186480018707383,0.2305515691397781,0.1386947015601392,0.2033194716708071,2019-02-14,2019-02-15,2019-02-19,2019-02-20,2019-02-21,2019-02-22,2019-02-25,2019-02-26,2019-02-27,2019-02-28,13260.0,2019-02-13,252.0,-1.3793%,0.0008,0.5648,0.6534,-0.2758,1.9399%,2.1000%,14.6615%,-0.015681,BCOV,13260.0,2019-02-14,252.0,-1.2820%,0.0007,0.5692,0.644,-0.266,1.9429%,2.1018%,14.5496%,-0.016731,BCOV,13260.0,2019-02-15,252.0,1.2987%,0.0007,0.5687,0.644,-0.2661,1.9429%,2.1014%,14.5089%,0.006122,BCOV,13260.0,2019-02-19,252.0,-2.4476%,0.0007,0.5657,0.6235,-0.289,1.9499%,2.1075%,14.4023%,-0.026725,BCOV,13260.0,2019-02-20,252.0,0.5974%,0.0007,0.5678,0.6326,-0.2802,1.9490%,2.1071%,14.4412%,0.005017,BCOV,13260.0,2019-02-21,252.0,-1.5439%,0.0006,0.5727,0.6394,-0.2711,1.9509%,2.1097%,14.4834%,-0.01364,BCOV,13260.0,2019-02-22,252.0,1.5682%,0.0005,0.574,0.5939,-0.2979,1.9390%,2.0996%,14.7140%,0.004356,BCOV,13260.0,2019-02-25,252.0,0.3563%,0.0004,0.5779,0.5962,-0.2823,1.9276%,2.0882%,14.7954%,0.00361,BCOV,13260.0,2019-02-26,252.0,3.0769%,0.0006,0.5879,0.5392,-0.3037,1.9310%,2.0924%,14.8278%,0.034478,BCOV,13260.0,2019-02-27,252.0,1.1481%,0.0007,0.5871,0.5432,-0.3038,1.9318%,2.0931%,14.8186%,0.009463,BCOV,13260.0,2019-02-28,252.0,0.6810%,0.0008,0.5711,0.5325,-0.3171,1.9246%,2.0811%,14.4748%,0.0076619999999999,BCOV,-0.0324119999999999,-0.0262899999999999,-0.0530149999999999,-0.0616379999999999,-0.0020689999999999
21739,BRIGHTCOVE INC,"Brightcove Sees Q1 Adj. EPS $(0.05)-$(0.03) vs $(0.01) Estimate, Sales $40M-$40.5M vs $42.2M Est.",6,decrease,0.8,0.7,"the company reported a larger-than-expected loss and lower sales than estimated, which typically leads to a decrease in stock price.",0,2019-02-13,BCOV,2019-02-13 21:23:00+00:00,13260.0,10921T10,-0.0137930903583765,140884.0,-0.0128204729408025,0.001150774420239,0.0129869719967246,0.0116413766518235,-0.0244755297899246,0.0153664434328675,0.005973738618195,-0.0023584321606904,-0.0154394432902336,0.0155687611550092,0.0156815573573112,0.0295931864529848,0.0035629135090857,0.017565855756402,0.030769258737564,-0.0062344968318939,0.0114810997620225,0.0531845949590206,0.0068103815428912,0.0099469246342778,0.0078917359933257,0.0026595718227326,-0.0234899390488863,-0.0118265636265277,-0.0320732817053794,0.0133155658841133,-0.0260355342179536,0.0330124124884605,-0.0060752416029572,-0.0054719508625566,0.0378972440958023,0.0041208425536751,-0.0176678001880645,0.006915655452758,-0.0035970902536064,0.0027739224024116,-0.0048134727403521,-0.0190476011484861,-0.0217654537409544,0.0265363212674856,0.0049443710595369,-0.0284938998520374,0.0196801777929067,-0.004054082557559,-0.0060313860885798,-0.0080428877845406,0.0194174572825431,0.0205198489129543,0.003571510547772,0.0138696124777197,-0.0332147888839244,0.015492976643145,0.0061349929310381,0.0289854798465967,-0.0012195401359349,-0.0212766081094741,0.0134310889989137,0.0014204870676621,0.0144578171893954,-0.0042433110065758,-0.0011876756325364,-0.0056258738040924,-0.0023780623450875,-0.0014044595882296,-0.0047675757668912,0.024460444226861,-0.0179641395807266,-0.005722455214709,-0.003658503992483,-0.0210084170103073,0.013463850133121,-0.0205761454999446,-0.0024153990671038,-0.005457020830363,0.0012106813956052,-0.0027210859116166,0.0217653382569551,-0.0054127150215208,0.0201183520257473,0.004076050594449,-0.001160119427368,-0.0067475996911525,-0.0011613561073318,0.0164608899503946,-0.0186047442257404,0.0340425185859203,-0.0165876056998968,0.0028449473902583,0.0108433915302157,-0.0112517476081848,0.0035756533034145,0.0230216309428215,0.0237529464066028,-0.029329614713788,0.0139211006462574,-0.0027855127118527,0.1018307060003281,0.0112675949931144,0.0363446958363056,-0.012517406605184,-0.0010019313776865,0.0315638855099678,0.0060180006548762,-0.0183098763227462,-0.0059820008464157,0.0056657171808183,-0.0070211281999945,-0.0042313411831855,0.0080808009952306,0.0028288515750318,-0.0060119708068668,0.0114449793472886,-0.0151209291070699,-0.0385144725441932,-0.0122825829312205,-0.012228281237185,-0.0020724874921143,0.0151724321767687,0.014537937939167,0.0027662490028887,-0.0128204729408025,0.001150774420239,-6.714495626169992e-11,0.0128055476705297,-0.0244755298554261,0.0283687668273033,-0.0337995301813323,0.0419160970569563,0.0337995281586347,0.1538461343818198,-0.0186480018707383,0.2305515691397781,0.1386947015601392,0.2033194716708071,2019-02-14,2019-02-15,2019-02-19,2019-02-20,2019-02-21,2019-02-22,2019-02-25,2019-02-26,2019-02-27,2019-02-28,13260.0,2019-02-13,252.0,-1.3793%,0.0008,0.5648,0.6534,-0.2758,1.9399%,2.1000%,14.6615%,-0.015681,BCOV,13260.0,2019-02-14,252.0,-1.2820%,0.0007,0.5692,0.644,-0.266,1.9429%,2.1018%,14.5496%,-0.016731,BCOV,13260.0,2019-02-15,252.0,1.2987%,0.0007,0.5687,0.644,-0.2661,1.9429%,2.1014%,14.5089%,0.006122,BCOV,13260.0,2019-02-19,252.0,-2.4476%,0.0007,0.5657,0.6235,-0.289,1.9499%,2.1075%,14.4023%,-0.026725,BCOV,13260.0,2019-02-20,252.0,0.5974%,0.0007,0.5678,0.6326,-0.2802,1.9490%,2.1071%,14.4412%,0.005017,BCOV,13260.0,2019-02-21,252.0,-1.5439%,0.0006,0.5727,0.6394,-0.2711,1.9509%,2.1097%,14.4834%,-0.01364,BCOV,13260.0,2019-02-22,252.0,1.5682%,0.0005,0.574,0.5939,-0.2979,1.9390%,2.0996%,14.7140%,0.004356,BCOV,13260.0,2019-02-25,252.0,0.3563%,0.0004,0.5779,0.5962,-0.2823,1.9276%,2.0882%,14.7954%,0.00361,BCOV,13260.0,2019-02-26,252.0,3.0769%,0.0006,0.5879,0.5392,-0.3037,1.9310%,2.0924%,14.8278%,0.034478,BCOV,13260.0,2019-02-27,252.0,1.1481%,0.0007,0.5871,0.5432,-0.3038,1.9318%,2.0931%,14.8186%,0.009463,BCOV,13260.0,2019-02-28,252.0,0.6810%,0.0008,0.5711,0.5325,-0.3171,1.9246%,2.0811%,14.4748%,0.0076619999999999,BCOV,-0.0324119999999999,-0.0262899999999999,-0.0530149999999999,-0.0616379999999999,-0.0020689999999999
21747,BRIGHTCOVE INC,"Brightcove Q4 EPS $0.00 vs $(0.03) Estimate, Sales $40.9M Miss $41.23M Estimate",6,decrease,0.7,0.6,"the earnings per share (eps) beat expectations, but the sales miss indicates potential concerns about revenue growth, likely leading to a decrease in stock price.",0,2019-02-13,BCOV,2019-02-13 21:22:00+00:00,13260.0,10921T10,-0.0137930903583765,140884.0,-0.0128204729408025,0.001150774420239,0.0129869719967246,0.0116413766518235,-0.0244755297899246,0.0153664434328675,0.005973738618195,-0.0023584321606904,-0.0154394432902336,0.0155687611550092,0.0156815573573112,0.0295931864529848,0.0035629135090857,0.017565855756402,0.030769258737564,-0.0062344968318939,0.0114810997620225,0.0531845949590206,0.0068103815428912,0.0099469246342778,0.0078917359933257,0.0026595718227326,-0.0234899390488863,-0.0118265636265277,-0.0320732817053794,0.0133155658841133,-0.0260355342179536,0.0330124124884605,-0.0060752416029572,-0.0054719508625566,0.0378972440958023,0.0041208425536751,-0.0176678001880645,0.006915655452758,-0.0035970902536064,0.0027739224024116,-0.0048134727403521,-0.0190476011484861,-0.0217654537409544,0.0265363212674856,0.0049443710595369,-0.0284938998520374,0.0196801777929067,-0.004054082557559,-0.0060313860885798,-0.0080428877845406,0.0194174572825431,0.0205198489129543,0.003571510547772,0.0138696124777197,-0.0332147888839244,0.015492976643145,0.0061349929310381,0.0289854798465967,-0.0012195401359349,-0.0212766081094741,0.0134310889989137,0.0014204870676621,0.0144578171893954,-0.0042433110065758,-0.0011876756325364,-0.0056258738040924,-0.0023780623450875,-0.0014044595882296,-0.0047675757668912,0.024460444226861,-0.0179641395807266,-0.005722455214709,-0.003658503992483,-0.0210084170103073,0.013463850133121,-0.0205761454999446,-0.0024153990671038,-0.005457020830363,0.0012106813956052,-0.0027210859116166,0.0217653382569551,-0.0054127150215208,0.0201183520257473,0.004076050594449,-0.001160119427368,-0.0067475996911525,-0.0011613561073318,0.0164608899503946,-0.0186047442257404,0.0340425185859203,-0.0165876056998968,0.0028449473902583,0.0108433915302157,-0.0112517476081848,0.0035756533034145,0.0230216309428215,0.0237529464066028,-0.029329614713788,0.0139211006462574,-0.0027855127118527,0.1018307060003281,0.0112675949931144,0.0363446958363056,-0.012517406605184,-0.0010019313776865,0.0315638855099678,0.0060180006548762,-0.0183098763227462,-0.0059820008464157,0.0056657171808183,-0.0070211281999945,-0.0042313411831855,0.0080808009952306,0.0028288515750318,-0.0060119708068668,0.0114449793472886,-0.0151209291070699,-0.0385144725441932,-0.0122825829312205,-0.012228281237185,-0.0020724874921143,0.0151724321767687,0.014537937939167,0.0027662490028887,-0.0128204729408025,0.001150774420239,-6.714495626169992e-11,0.0128055476705297,-0.0244755298554261,0.0283687668273033,-0.0337995301813323,0.0419160970569563,0.0337995281586347,0.1538461343818198,-0.0186480018707383,0.2305515691397781,0.1386947015601392,0.2033194716708071,2019-02-14,2019-02-15,2019-02-19,2019-02-20,2019-02-21,2019-02-22,2019-02-25,2019-02-26,2019-02-27,2019-02-28,13260.0,2019-02-13,252.0,-1.3793%,0.0008,0.5648,0.6534,-0.2758,1.9399%,2.1000%,14.6615%,-0.015681,BCOV,13260.0,2019-02-14,252.0,-1.2820%,0.0007,0.5692,0.644,-0.266,1.9429%,2.1018%,14.5496%,-0.016731,BCOV,13260.0,2019-02-15,252.0,1.2987%,0.0007,0.5687,0.644,-0.2661,1.9429%,2.1014%,14.5089%,0.006122,BCOV,13260.0,2019-02-19,252.0,-2.4476%,0.0007,0.5657,0.6235,-0.289,1.9499%,2.1075%,14.4023%,-0.026725,BCOV,13260.0,2019-02-20,252.0,0.5974%,0.0007,0.5678,0.6326,-0.2802,1.9490%,2.1071%,14.4412%,0.005017,BCOV,13260.0,2019-02-21,252.0,-1.5439%,0.0006,0.5727,0.6394,-0.2711,1.9509%,2.1097%,14.4834%,-0.01364,BCOV,13260.0,2019-02-22,252.0,1.5682%,0.0005,0.574,0.5939,-0.2979,1.9390%,2.0996%,14.7140%,0.004356,BCOV,13260.0,2019-02-25,252.0,0.3563%,0.0004,0.5779,0.5962,-0.2823,1.9276%,2.0882%,14.7954%,0.00361,BCOV,13260.0,2019-02-26,252.0,3.0769%,0.0006,0.5879,0.5392,-0.3037,1.9310%,2.0924%,14.8278%,0.034478,BCOV,13260.0,2019-02-27,252.0,1.1481%,0.0007,0.5871,0.5432,-0.3038,1.9318%,2.0931%,14.8186%,0.009463,BCOV,13260.0,2019-02-28,252.0,0.6810%,0.0008,0.5711,0.5325,-0.3171,1.9246%,2.0811%,14.4748%,0.0076619999999999,BCOV,-0.0324119999999999,-0.0262899999999999,-0.0530149999999999,-0.0616379999999999,-0.0020689999999999
21755,BRIGHTCOVE INC,"Brightcove Reports Purchase Of Ooyala, No Terms Disclosed",6,uncertain,0.6,0.3,"the acquisition of ooyala could be seen as a strategic move that may enhance brightcove's offerings, but the lack of disclosed terms makes it difficult to assess the financial impact on the stock price.",1,2019-02-13,BCOV,2019-02-13 21:22:00+00:00,13260.0,10921T10,-0.0137930903583765,140884.0,-0.0128204729408025,0.001150774420239,0.0129869719967246,0.0116413766518235,-0.0244755297899246,0.0153664434328675,0.005973738618195,-0.0023584321606904,-0.0154394432902336,0.0155687611550092,0.0156815573573112,0.0295931864529848,0.0035629135090857,0.017565855756402,0.030769258737564,-0.0062344968318939,0.0114810997620225,0.0531845949590206,0.0068103815428912,0.0099469246342778,0.0078917359933257,0.0026595718227326,-0.0234899390488863,-0.0118265636265277,-0.0320732817053794,0.0133155658841133,-0.0260355342179536,0.0330124124884605,-0.0060752416029572,-0.0054719508625566,0.0378972440958023,0.0041208425536751,-0.0176678001880645,0.006915655452758,-0.0035970902536064,0.0027739224024116,-0.0048134727403521,-0.0190476011484861,-0.0217654537409544,0.0265363212674856,0.0049443710595369,-0.0284938998520374,0.0196801777929067,-0.004054082557559,-0.0060313860885798,-0.0080428877845406,0.0194174572825431,0.0205198489129543,0.003571510547772,0.0138696124777197,-0.0332147888839244,0.015492976643145,0.0061349929310381,0.0289854798465967,-0.0012195401359349,-0.0212766081094741,0.0134310889989137,0.0014204870676621,0.0144578171893954,-0.0042433110065758,-0.0011876756325364,-0.0056258738040924,-0.0023780623450875,-0.0014044595882296,-0.0047675757668912,0.024460444226861,-0.0179641395807266,-0.005722455214709,-0.003658503992483,-0.0210084170103073,0.013463850133121,-0.0205761454999446,-0.0024153990671038,-0.005457020830363,0.0012106813956052,-0.0027210859116166,0.0217653382569551,-0.0054127150215208,0.0201183520257473,0.004076050594449,-0.001160119427368,-0.0067475996911525,-0.0011613561073318,0.0164608899503946,-0.0186047442257404,0.0340425185859203,-0.0165876056998968,0.0028449473902583,0.0108433915302157,-0.0112517476081848,0.0035756533034145,0.0230216309428215,0.0237529464066028,-0.029329614713788,0.0139211006462574,-0.0027855127118527,0.1018307060003281,0.0112675949931144,0.0363446958363056,-0.012517406605184,-0.0010019313776865,0.0315638855099678,0.0060180006548762,-0.0183098763227462,-0.0059820008464157,0.0056657171808183,-0.0070211281999945,-0.0042313411831855,0.0080808009952306,0.0028288515750318,-0.0060119708068668,0.0114449793472886,-0.0151209291070699,-0.0385144725441932,-0.0122825829312205,-0.012228281237185,-0.0020724874921143,0.0151724321767687,0.014537937939167,0.0027662490028887,-0.0128204729408025,0.001150774420239,-6.714495626169992e-11,0.0128055476705297,-0.0244755298554261,0.0283687668273033,-0.0337995301813323,0.0419160970569563,0.0337995281586347,0.1538461343818198,-0.0186480018707383,0.2305515691397781,0.1386947015601392,0.2033194716708071,2019-02-14,2019-02-15,2019-02-19,2019-02-20,2019-02-21,2019-02-22,2019-02-25,2019-02-26,2019-02-27,2019-02-28,13260.0,2019-02-13,252.0,-1.3793%,0.0008,0.5648,0.6534,-0.2758,1.9399%,2.1000%,14.6615%,-0.015681,BCOV,13260.0,2019-02-14,252.0,-1.2820%,0.0007,0.5692,0.644,-0.266,1.9429%,2.1018%,14.5496%,-0.016731,BCOV,13260.0,2019-02-15,252.0,1.2987%,0.0007,0.5687,0.644,-0.2661,1.9429%,2.1014%,14.5089%,0.006122,BCOV,13260.0,2019-02-19,252.0,-2.4476%,0.0007,0.5657,0.6235,-0.289,1.9499%,2.1075%,14.4023%,-0.026725,BCOV,13260.0,2019-02-20,252.0,0.5974%,0.0007,0.5678,0.6326,-0.2802,1.9490%,2.1071%,14.4412%,0.005017,BCOV,13260.0,2019-02-21,252.0,-1.5439%,0.0006,0.5727,0.6394,-0.2711,1.9509%,2.1097%,14.4834%,-0.01364,BCOV,13260.0,2019-02-22,252.0,1.5682%,0.0005,0.574,0.5939,-0.2979,1.9390%,2.0996%,14.7140%,0.004356,BCOV,13260.0,2019-02-25,252.0,0.3563%,0.0004,0.5779,0.5962,-0.2823,1.9276%,2.0882%,14.7954%,0.00361,BCOV,13260.0,2019-02-26,252.0,3.0769%,0.0006,0.5879,0.5392,-0.3037,1.9310%,2.0924%,14.8278%,0.034478,BCOV,13260.0,2019-02-27,252.0,1.1481%,0.0007,0.5871,0.5432,-0.3038,1.9318%,2.0931%,14.8186%,0.009463,BCOV,13260.0,2019-02-28,252.0,0.6810%,0.0008,0.5711,0.5325,-0.3171,1.9246%,2.0811%,14.4748%,0.0076619999999999,BCOV,-0.0324119999999999,-0.0262899999999999,-0.0530149999999999,-0.0616379999999999,-0.0020689999999999
21763,ANHEUSER BUSCH INBEV SA NV,Anheuser-Busch shares are trading higher after Heineken reported strong FY18 financial results and provided a positive outlook for FY19.,6,increase,0.7,0.6,"the positive financial results and outlook from a major competitor like heineken can boost investor sentiment in the beer industry, potentially benefiting anheuser-busch's stock price as well.",2,2019-02-13,BUD,2019-02-13 16:58:00+00:00,93013.0,03524A10,0.0182056240737438,1646245.0,-0.0236685927957296,-0.000261938868789,0.0235836748033762,0.0028890508692711,-0.0074655916541814,-0.0097529254853725,0.0073920334689319,-0.017879968509078,-0.0023172027431428,-0.0071011609397828,-0.0317419245839119,0.0187313891947269,-0.0023987246677279,0.0074181072413921,0.004541762638837,0.0052327825687825,-0.0063829221762716,0.0200160127133131,0.0460385754704475,0.0128396349027752,0.0486181564629077,0.0042073503136634,-0.0021961969323456,-0.0157627612352371,0.0051357075572013,0.0082154963165521,-0.0008515778463333,0.0046001398004591,-0.0215511582791805,0.0055782808922231,0.0027376955840736,-0.0020366804674267,0.0027302210219204,0.0232008621096611,-0.0012376992963254,0.0209929551929235,0.0003718266380019,-0.0278543401509523,-0.0133779486641287,-0.0001379034365527,0.0200878642499446,-0.0162756610661745,0.0100923040881753,0.0419728830456733,0.0219325330108404,0.0074032503180205,-0.0052462434396147,-0.0072085107676684,0.005873161368072,0.0194524265825748,-0.0378932356834411,0.0044869766570627,-0.0048303119838237,0.0401987098157405,0.0209085289388895,0.0077377404086291,0.0052419882267713,0.0015196186723187,0.0029104761779308,-0.0009109638049267,0.0153567632660269,-0.0064856754615902,-0.0039299968630075,-0.0094127785414457,0.0064562521874904,0.0229252632707357,-0.0039201928302645,-0.0144599955528974,0.0135956993326544,-0.0205075163394212,0.0156489219516515,-0.0148256430402398,-0.0030120729934424,0.0007273171213455,0.0042993579991161,0.0076212314888834,0.0092560807242989,-0.0210902970284223,0.0084832953289151,-0.0224404782056808,0.0064794779755175,-0.0040507516823709,0.0064377645030617,0.0173368416726589,-0.0043766060844063,-0.0025513861328363,-0.0043958453461527,-0.0031085715163499,0.0184534955769777,-0.0207555014640092,-0.0040017855353653,-0.0269287750124931,-0.003906233003363,-0.0212177205830812,-0.0116526717320084,-0.0128789572045207,-0.0177984330803155,-0.0047902008518576,0.0108495205640792,0.0022057632450014,0.0049098003655672,0.0140789430588483,0.0105669843032956,-0.002553243888542,-0.0127052487805485,0.0124736987054348,-0.0030747824348509,-0.0049646883271634,0.0063970475457608,0.0059141097590327,-0.0037457642611116,-0.0282248612493276,-0.027284886687994,-0.0069752116687595,0.0080702621489763,0.0209762398153543,-0.0117730163037776,0.0082246074452996,0.0023826179094612,0.0463051423430442,-0.0236685927957296,-0.000261938868789,-0.0006431103879014,0.0026263552457654,-0.0081039008425383,-0.0071521848866171,-0.0030871860715524,-0.0318285842474318,0.0054026981676587,0.0318962109482459,0.0638024045502614,0.1591011893577962,0.0966505429247326,0.0554203576178524,2019-02-14,2019-02-15,2019-02-19,2019-02-20,2019-02-21,2019-02-22,2019-02-25,2019-02-26,2019-02-27,2019-02-28,93013.0,2019-02-13,252.0,1.8206%,-0.0011,0.5117,0.0297,0.0191,1.3796%,1.4815%,13.2839%,0.016651,BUD,93013.0,2019-02-14,252.0,-2.3669%,-0.0011,0.5171,0.018,0.0313,1.3860%,1.4883%,13.2762%,-0.0227369999999999,BUD,93013.0,2019-02-15,252.0,2.3584%,-0.001,0.5321,0.0335,0.0583,1.3907%,1.4960%,13.5868%,0.017445,BUD,93013.0,2019-02-19,252.0,-0.7466%,-0.0011,0.5307,0.0284,0.0527,1.3915%,1.4962%,13.5020%,-0.008848,BUD,93013.0,2019-02-20,252.0,0.7392%,-0.0011,0.5312,0.0233,0.053,1.3892%,1.4942%,13.5597%,0.005931,BUD,93013.0,2019-02-21,252.0,-0.2317%,-0.0011,0.5301,0.0211,0.0509,1.3891%,1.4937%,13.5141%,-0.000313,BUD,93013.0,2019-02-22,252.0,-3.1742%,-0.0012,0.5349,0.0132,0.1021,1.4047%,1.5062%,13.0191%,-0.034655,BUD,93013.0,2019-02-25,252.0,-0.2399%,-0.0012,0.5354,0.0146,0.1047,1.4045%,1.5060%,13.0248%,-0.003083,BUD,93013.0,2019-02-26,252.0,0.4542%,-0.0012,0.5272,0.0129,0.0976,1.4034%,1.5015%,12.6444%,0.005737,BUD,93013.0,2019-02-27,252.0,-0.6383%,-0.0013,0.5218,0.0208,0.0967,1.4018%,1.4978%,12.4023%,-0.006865,BUD,93013.0,2019-02-28,252.0,4.6039%,-0.0011,0.5023,0.009,0.0711,1.4310%,1.5194%,11.2880%,0.0477939999999999,BUD,-0.0060859999999999,0.011359,0.002511,0.008129,0.017057
21771,BRIGHTVIEW HOLDINGS INC,Berenberg Initiates Coverage On BrightView Holdings with Buy Rating,6,increase,0.8,0.6,"initiating coverage with a 'buy' rating typically signals positive sentiment and can attract investor interest, likely leading to an increase in stock price.",2,2019-02-13,BV,2019-02-13 13:11:00+00:00,17867.0,10948C10,0.0384615547955036,576595.0,0.0130718480795621,0.0200000181794166,0.0172042846679687,0.0196078438311815,-0.0303029846400022,-0.0362811461091041,0.016715083271265,-0.1024423539638519,-0.0185847207903862,-0.0094086248427629,-0.0218499079346656,0.0226804073899984,0.0349962264299392,-0.0047879409976303,-0.0273380707949399,-0.0128292050212621,0.0029585768934339,0.0256233271211385,-0.0044248094782233,0.0006929504452273,0.0185185186564922,-0.0282828323543071,-0.0007272893562912,0.0,-0.0101891839876771,0.0122699597850441,0.0294117350131273,0.0301966518163681,-0.0028571400325745,-0.0062805409543216,0.0050143050029873,-0.0013937600888311,0.0,0.0077247619628906,-0.0042765121906995,-0.0152144031599164,-0.0078740594908595,0.0097765605896711,0.0101010352373123,0.0163236018270254,0.0300000049173831,0.0269679203629493,0.0450762547552585,0.0441400222480297,0.045122779905796,0.03709552064538,-0.0107936551794409,0.0250809416174888,-0.0186136048287153,0.0591259263455867,-0.0712884366512298,0.01478261500597,-0.0267605725675821,0.0818438231945037,0.0282199960201978,-0.0037488248199224,0.0274454858154058,0.0450538732111454,0.016438340768218,0.0461065359413623,-0.0296496320515871,-0.0220440197736024,0.0277778189629316,0.0162932630628347,-0.0189188998192548,0.0616215877234935,0.0151514671742916,-0.0414507389068603,0.01899597607553,-0.0291750468313694,-0.0066578146070241,0.0060728201642632,0.0,-0.0351562164723873,-0.0201072506606578,-0.0144370133057236,0.0109439017251133,-0.0379629470407962,0.0040595685131847,-0.0064397142268717,0.0026954151690006,-0.057241965085268,0.0047042807564139,-0.010300419293344,0.0026755826547741,0.0373998284339904,0.0073382663540542,-0.0318966247141361,0.0350993201136589,-0.0614886172115802,0.0230326075106859,0.0299999713897705,0.0062539326027035,-0.0551180951297283,-0.0062150638550519,0.007936461828649,0.0006254051695577,-0.0440060645341873,0.0099999904632568,-0.0229799468070268,0.0111386328935623,0.1451613008975983,-0.0183598063886165,-0.0215947031974792,0.0137156667187809,-0.0041356650181114,0.0147601328790187,-0.01306121237576,0.0145454406738281,0.0,0.0071685090661048,-0.0466926358640193,-0.0201660823076963,-0.0242976229637861,-0.0078693134710192,-0.0156950708478689,0.0207443665713071,0.0007479602936655,-0.0113567626103758,-0.0081602120772004,0.0130718480795621,0.0200000181794166,0.0305010245430281,0.0400000192436809,-0.0007262321752058,0.0022676265920298,-0.0029049314584822,-0.108870961159,-0.0196078739631304,-0.0810810865374261,0.0777051270176818,0.3586065392592168,0.2011619691918864,-0.0163204329481819,2019-02-14,2019-02-15,2019-02-19,2019-02-20,2019-02-21,2019-02-22,2019-02-25,2019-02-26,2019-02-27,2019-02-28,17867.0,2019-02-13,157.0,3.8462%,-0.0021,1.4262,0.6369,0.4987,2.6897%,3.1025%,24.8401%,0.033678,BV,17867.0,2019-02-14,158.0,1.3072%,-0.002,1.4187,0.6547,0.4847,2.6847%,3.0950%,24.7548%,0.015548,BV,17867.0,2019-02-15,159.0,1.7204%,-0.002,1.4178,0.6538,0.4831,2.6762%,3.0890%,24.9412%,-0.002891,BV,17867.0,2019-02-19,160.0,-3.0303%,-0.0022,1.4079,0.6197,0.4517,2.6816%,3.0873%,24.5589%,-0.036442,BV,17867.0,2019-02-20,161.0,1.6715%,-0.0021,1.413,0.6314,0.4678,2.6749%,3.0813%,24.6389%,0.010092,BV,17867.0,2019-02-21,162.0,-1.8585%,-0.0022,1.4164,0.6331,0.4735,2.6677%,3.0744%,24.7090%,-0.011939,BV,17867.0,2019-02-22,163.0,-2.1850%,-0.0023,1.4244,0.6192,0.5225,2.6667%,3.0688%,24.4860%,-0.0276779999999999,BV,17867.0,2019-02-25,164.0,3.4996%,-0.0021,1.4248,0.5971,0.5107,2.6747%,3.0732%,24.2541%,0.03531,BV,17867.0,2019-02-26,165.0,-2.7338%,-0.0022,1.4294,0.624,0.5273,2.6700%,3.0701%,24.3677%,-0.019651,BV,17867.0,2019-02-27,166.0,0.2959%,-0.0022,1.4295,0.6256,0.5274,2.6620%,3.0611%,24.3745%,0.001019,BV,17867.0,2019-02-28,167.0,-0.4425%,-0.0022,1.4284,0.6258,0.5258,2.6541%,3.0519%,24.3699%,0.0011,BV,0.049226,0.046335,0.0098929999999999,0.008046,-0.0018539999999999
21779,BORGWARNER INC,Seaport Global Initiates Coverage On BorgWarner with Neutral Rating,6,uncertain,0.6,0.2,"the initiation of coverage with a neutral rating suggests a lack of strong positive or negative sentiment, leading to uncertainty in the stock price movement.",1,2019-02-13,BWA,2019-02-13 12:01:00+00:00,79545.0,09972410,0.0059791151434183,2356523.0,0.0089153191074728,0.0340030826628208,0.0289640761911869,0.0141066070646047,-0.003101079724729,-0.0239674244076013,0.0016750345239415,-0.0478270798921585,-0.02484474144876,0.0061064977198839,0.0210681185126304,-0.0009761082474142,0.0067178211174905,-0.0055811586789786,-0.0066729928366839,0.0075794020667672,-0.0074376529082655,0.0103755434975028,-0.014261501841247,0.0019801489543169,0.0071411207318305,-0.0044356901198625,-0.0039119767025113,-0.0097608035430312,-0.0058910571970045,0.0216903239488601,-0.0232098419219255,0.0239980202168226,-0.023761436343193,-0.0212394371628761,-0.0132055496796965,-0.0147710116580128,0.0136447241529822,0.0134729808196425,0.0056949881836771,0.0113550527021288,-0.0056627392768859,0.0032911663874983,-0.0256277937442064,0.002792602404952,0.0045165247283875,0.0048469034954905,0.016662186011672,-0.0022906630765646,-0.0072840475477278,0.0152454813942313,-0.0241089668124914,0.0344827845692634,0.0145004587247967,0.0314309187233448,-0.0407622344791889,0.0260255169123411,0.0052427873015403,0.0375696755945682,0.0101564349606633,-0.0301736798137426,0.008695644326508,0.0112262340262532,0.0185884274542331,0.0066648325882852,0.0158687774091959,-0.0074777719564735,0.054933626204729,0.0107557820156216,0.0046890084631741,0.0361445993185043,0.0225989185273647,-0.0168788768351078,0.0177755914628505,-0.0055947769433259,-0.0051922919228672,0.0017698394367471,0.0111505901440978,-0.0142482658848166,-0.0187705121934413,0.011173216626048,0.0229555014520883,-0.0179036296904087,-0.0002337148616788,0.0049333134666085,0.0341360531747341,-0.0193511750549078,-0.0079131470993161,0.0074540800414979,-0.000227942931815,0.0,-0.0084339855238795,-0.0240626912564039,0.0114942528307437,-0.0413089357316494,-0.006590929813683,-0.0098274294286966,-0.0018301995005458,-0.0749385580420494,-0.0018336426001042,0.0282970909029245,-0.0454649738967418,0.009652093052864,0.0228530373424291,-0.016241917386651,-0.0112887946888804,0.0232677031308412,-0.0064224656671285,-0.0217608548700809,-0.0172372814267873,0.0126646403223276,-0.0051156901754438,0.0007604252896271,0.0110186282545328,0.0327225141227245,-0.0133203975856304,-0.0307028442621231,-0.0238095521926879,-0.0093011297285556,-0.0095549672842025,0.0,-0.0205635335296392,0.0153138963505625,-0.0025920758489519,0.0351387560367584,0.0089153191074728,0.0340030826628208,0.0381376192805573,0.0485893578535352,0.0349182717579279,0.0234573716845654,0.01089644975869,-0.0195407725100038,0.009905882990278,-0.0064356949690937,-0.0597256304370651,0.163141159406315,-0.0430638491305241,0.0650569696503653,2019-02-14,2019-02-15,2019-02-19,2019-02-20,2019-02-21,2019-02-22,2019-02-25,2019-02-26,2019-02-27,2019-02-28,79545.0,2019-02-13,252.0,0.5979%,-0.0009,1.3105,0.4628,0.8178,1.4711%,1.9503%,43.1073%,0.001365,BWA,79545.0,2019-02-14,252.0,0.8915%,-0.0007,1.3079,0.4713,0.8069,1.4713%,1.9499%,43.0685%,0.013904,BWA,79545.0,2019-02-15,252.0,2.8964%,-0.0007,1.3159,0.4795,0.8212,1.4725%,1.9534%,43.1751%,0.009033,BWA,79545.0,2019-02-19,252.0,-0.3101%,-0.0006,1.3219,0.4631,0.8023,1.4651%,1.9512%,43.6188%,-0.009556,BWA,79545.0,2019-02-20,252.0,0.1675%,-0.0006,1.3214,0.4669,0.8017,1.4638%,1.9507%,43.6851%,-0.006368,BWA,79545.0,2019-02-21,252.0,-2.4845%,-0.0007,1.3301,0.4809,0.8179,1.4655%,1.9566%,43.9028%,-0.0178849999999999,BWA,79545.0,2019-02-22,252.0,2.1068%,-0.0007,1.3267,0.4894,0.7851,1.4720%,1.9613%,43.6725%,0.0217,BWA,79545.0,2019-02-25,252.0,0.6718%,-0.0006,1.3274,0.4862,0.786,1.4723%,1.9618%,43.6722%,0.0073129999999999,BWA,79545.0,2019-02-26,252.0,-0.6673%,-0.0006,1.3363,0.4752,0.7871,1.4691%,1.9621%,43.9342%,0.001056,BWA,79545.0,2019-02-27,252.0,-0.7438%,-0.0005,1.3447,0.4579,0.7885,1.4649%,1.9620%,44.2534%,-0.008699,BWA,79545.0,2019-02-28,252.0,-1.4262%,-0.0005,1.3371,0.4524,0.7848,1.4617%,1.9519%,43.9173%,-0.008313,BWA,0.015269,0.024302,0.014746,-0.0095069999999999,0.00355
21787,CAMTEK LTD,Camtek Sees Q1 Sales $33.5M-$34.5M vs $33.75M Est.,6,uncertain,0.6,0.2,"the sales forecast is slightly below the estimate, which could lead to mixed reactions from investors, making the stock price movement uncertain.",1,2019-02-13,CAMT,2019-02-13 11:12:00+00:00,88427.0,M2079110,0.1115195900201797,485704.0,0.0,0.031605564057827,0.0110254008322954,0.0718156844377517,-0.0021810750477015,0.0179310496896505,0.0087431613355875,-0.0596627816557884,-0.0054170358926057,-0.0140665126964449,0.0032679445575922,0.0262467563152313,-0.0043431012891232,0.0325202941894531,-0.0359869040548801,0.0321678332984447,0.0011312476126477,0.0156250186264514,-0.0180791858583688,0.005714280065149,0.0069045363925397,-0.0056818127632141,-0.0182856973260641,-0.0084506962448358,-0.0034924019128084,-0.0097629250958561,0.021027959883213,0.0170212592929601,-0.0274599287658929,-0.0098314182832837,0.0023529950994998,0.0128022292628884,0.0129107572138309,0.0203193537890911,0.0254924986511468,-0.0157143045216798,0.0146891698241233,-0.0112994248047471,-0.0077950665727257,-0.0028168987482786,0.0258137490600347,0.0304789617657661,0.0010940125212073,-0.0114777516573667,-0.0065573188476264,0.0043227281421422,-0.0121012767776846,0.0,0.0144766280427575,-0.011396000161767,-0.0109768863767385,0.0159189775586128,-0.0310766566544771,0.02827381901443,0.0137458015233278,-0.0372493155300617,-0.0090395389124751,0.0310192089527845,0.0182439945638179,0.0104477871209383,-0.0011198464781045,0.0044977110810577,0.0257847011089325,-0.0191176626831293,0.0032787637319415,0.0591900497674942,0.0686274617910385,-0.0417910069227218,-0.0122325010597705,-0.078404426574707,0.0113519728183746,-0.0446780733764171,0.0622448623180389,-0.0026212295051664,-0.0105667300522327,-0.014211842790246,-0.0106796706095337,-0.0325000286102294,0.0520118474960327,-0.0049751196056604,-0.0083955368027091,-0.0012422644067555,-0.0065851076506078,0.0151324542239308,0.0132575174793601,0.0,-0.0140186557546258,0.0063451412133872,-0.0445497892796993,-0.0247524511069059,0.0257936734706163,-0.0206060707569122,0.0241779498755931,-0.0429234206676483,0.0217185597866773,0.0201183520257473,-0.0295748338103294,0.0342716909945011,-0.0200000032782554,-0.002441941993311,-0.0058309445157647,0.0499999187886714,-0.0244379285722971,0.0025706915184855,0.017034076154232,0.0169934779405593,-0.0137930437922477,0.0052562365308403,0.0429569780826568,0.0013158195652067,-0.0306513123214244,0.0,-0.0227272268384695,-0.0306122750043869,0.0101111652329564,-0.0025445267092436,-0.0160160008817911,0.0102827660739421,0.0,-0.016434846445918,0.0,0.0316055640578269,0.0110254008322954,0.1056910237104329,0.0088202785579476,0.1255172243979851,0.0121279615888869,0.043478220926129,-0.0418963750190661,0.1657142643898521,-0.0154354354343815,0.2179104614598441,0.0837927556700686,0.0316055617154018,2019-02-14,2019-02-15,2019-02-19,2019-02-20,2019-02-21,2019-02-22,2019-02-25,2019-02-26,2019-02-27,2019-02-28,88427.0,2019-02-13,252.0,11.1520%,0.0014,1.0385,0.641,-0.0356,2.2753%,2.5637%,21.2335%,0.108214,CAMT,88427.0,2019-02-14,252.0,0.0000%,0.0014,1.0396,0.6397,-0.0349,2.2750%,2.5637%,21.2533%,-0.001459,CAMT,88427.0,2019-02-15,252.0,1.1025%,0.0014,1.0385,0.6383,-0.0373,2.2751%,2.5625%,21.1735%,-0.002254,CAMT,88427.0,2019-02-19,252.0,-0.2181%,0.0014,1.0397,0.6298,-0.0468,2.2749%,2.5625%,21.1911%,-0.005993,CAMT,88427.0,2019-02-20,252.0,0.8743%,0.0015,1.0425,0.6439,-0.0348,2.2722%,2.5610%,21.2819%,0.00554,CAMT,88427.0,2019-02-21,252.0,-0.5417%,0.0013,1.0598,0.6785,-0.0031,2.2536%,2.5507%,21.9447%,-0.0012889999999999,CAMT,88427.0,2019-02-22,252.0,0.3268%,0.0014,1.0593,0.7221,0.0311,2.2441%,2.5422%,22.0771%,-0.007498,CAMT,88427.0,2019-02-25,252.0,-0.4343%,0.0014,1.0604,0.7259,0.0371,2.2437%,2.5419%,22.0871%,-0.004099,CAMT,88427.0,2019-02-26,252.0,-3.5987%,0.0013,1.0776,0.7523,0.0634,2.2492%,2.5528%,22.3702%,-0.029622,CAMT,88427.0,2019-02-27,252.0,0.1131%,0.0013,1.0784,0.7501,0.0635,2.2492%,2.5525%,22.3508%,-0.001292,CAMT,88427.0,2019-02-28,252.0,-1.8079%,0.0012,1.0874,0.7557,0.0738,2.2505%,2.5554%,22.4344%,-0.014827,CAMT,0.106755,0.104501,0.098508,0.102759,0.0454209999999999
21795,CAMTEK LTD,"Camtek Q4 Adj. EPS $0.17 Beats $0.16 Estimate, Sales $33.2M Beat $33M Estimate",6,increase,0.8,0.6,"the company reported better-than-expected earnings and sales, which typically boosts investor confidence and can lead to an increase in stock price.",2,2019-02-13,CAMT,2019-02-13 11:11:00+00:00,88427.0,M2079110,0.1115195900201797,485704.0,0.0,0.031605564057827,0.0110254008322954,0.0718156844377517,-0.0021810750477015,0.0179310496896505,0.0087431613355875,-0.0596627816557884,-0.0054170358926057,-0.0140665126964449,0.0032679445575922,0.0262467563152313,-0.0043431012891232,0.0325202941894531,-0.0359869040548801,0.0321678332984447,0.0011312476126477,0.0156250186264514,-0.0180791858583688,0.005714280065149,0.0069045363925397,-0.0056818127632141,-0.0182856973260641,-0.0084506962448358,-0.0034924019128084,-0.0097629250958561,0.021027959883213,0.0170212592929601,-0.0274599287658929,-0.0098314182832837,0.0023529950994998,0.0128022292628884,0.0129107572138309,0.0203193537890911,0.0254924986511468,-0.0157143045216798,0.0146891698241233,-0.0112994248047471,-0.0077950665727257,-0.0028168987482786,0.0258137490600347,0.0304789617657661,0.0010940125212073,-0.0114777516573667,-0.0065573188476264,0.0043227281421422,-0.0121012767776846,0.0,0.0144766280427575,-0.011396000161767,-0.0109768863767385,0.0159189775586128,-0.0310766566544771,0.02827381901443,0.0137458015233278,-0.0372493155300617,-0.0090395389124751,0.0310192089527845,0.0182439945638179,0.0104477871209383,-0.0011198464781045,0.0044977110810577,0.0257847011089325,-0.0191176626831293,0.0032787637319415,0.0591900497674942,0.0686274617910385,-0.0417910069227218,-0.0122325010597705,-0.078404426574707,0.0113519728183746,-0.0446780733764171,0.0622448623180389,-0.0026212295051664,-0.0105667300522327,-0.014211842790246,-0.0106796706095337,-0.0325000286102294,0.0520118474960327,-0.0049751196056604,-0.0083955368027091,-0.0012422644067555,-0.0065851076506078,0.0151324542239308,0.0132575174793601,0.0,-0.0140186557546258,0.0063451412133872,-0.0445497892796993,-0.0247524511069059,0.0257936734706163,-0.0206060707569122,0.0241779498755931,-0.0429234206676483,0.0217185597866773,0.0201183520257473,-0.0295748338103294,0.0342716909945011,-0.0200000032782554,-0.002441941993311,-0.0058309445157647,0.0499999187886714,-0.0244379285722971,0.0025706915184855,0.017034076154232,0.0169934779405593,-0.0137930437922477,0.0052562365308403,0.0429569780826568,0.0013158195652067,-0.0306513123214244,0.0,-0.0227272268384695,-0.0306122750043869,0.0101111652329564,-0.0025445267092436,-0.0160160008817911,0.0102827660739421,0.0,-0.016434846445918,0.0,0.0316055640578269,0.0110254008322954,0.1056910237104329,0.0088202785579476,0.1255172243979851,0.0121279615888869,0.043478220926129,-0.0418963750190661,0.1657142643898521,-0.0154354354343815,0.2179104614598441,0.0837927556700686,0.0316055617154018,2019-02-14,2019-02-15,2019-02-19,2019-02-20,2019-02-21,2019-02-22,2019-02-25,2019-02-26,2019-02-27,2019-02-28,88427.0,2019-02-13,252.0,11.1520%,0.0014,1.0385,0.641,-0.0356,2.2753%,2.5637%,21.2335%,0.108214,CAMT,88427.0,2019-02-14,252.0,0.0000%,0.0014,1.0396,0.6397,-0.0349,2.2750%,2.5637%,21.2533%,-0.001459,CAMT,88427.0,2019-02-15,252.0,1.1025%,0.0014,1.0385,0.6383,-0.0373,2.2751%,2.5625%,21.1735%,-0.002254,CAMT,88427.0,2019-02-19,252.0,-0.2181%,0.0014,1.0397,0.6298,-0.0468,2.2749%,2.5625%,21.1911%,-0.005993,CAMT,88427.0,2019-02-20,252.0,0.8743%,0.0015,1.0425,0.6439,-0.0348,2.2722%,2.5610%,21.2819%,0.00554,CAMT,88427.0,2019-02-21,252.0,-0.5417%,0.0013,1.0598,0.6785,-0.0031,2.2536%,2.5507%,21.9447%,-0.0012889999999999,CAMT,88427.0,2019-02-22,252.0,0.3268%,0.0014,1.0593,0.7221,0.0311,2.2441%,2.5422%,22.0771%,-0.007498,CAMT,88427.0,2019-02-25,252.0,-0.4343%,0.0014,1.0604,0.7259,0.0371,2.2437%,2.5419%,22.0871%,-0.004099,CAMT,88427.0,2019-02-26,252.0,-3.5987%,0.0013,1.0776,0.7523,0.0634,2.2492%,2.5528%,22.3702%,-0.029622,CAMT,88427.0,2019-02-27,252.0,0.1131%,0.0013,1.0784,0.7501,0.0635,2.2492%,2.5525%,22.3508%,-0.001292,CAMT,88427.0,2019-02-28,252.0,-1.8079%,0.0012,1.0874,0.7557,0.0738,2.2505%,2.5554%,22.4344%,-0.014827,CAMT,0.106755,0.104501,0.098508,0.102759,0.0454209999999999
21803,CATERPILLAR INC,Caterpillar 8-K Shows Rolling 3-Month Retail Total Machine Sales Up 9% Year Over Year In Jan.,6,increase,0.8,0.7,"the reported 9% year-over-year increase in retail total machine sales suggests strong demand for caterpillar's products, which is likely to positively impact investor sentiment and drive the stock price up.",2,2019-02-13,CAT,2019-02-13 14:07:00+00:00,18542.0,14912310,0.0032411844003945,3189564.0,-0.0036063934676349,0.0290080327540636,0.0269944351166486,0.0025659918319433,-0.0029368128161877,-0.0013976757181808,0.033210564404726,-0.0134824160486459,-0.0101916659623384,-0.01106065697968,-0.0014401799999177,0.0085574192926287,0.0196856874972581,-0.0002291557466378,-0.0242557656019926,-0.0168969649821519,0.0115959281101822,0.0234417263418436,-0.0160481836646795,0.0282937008887529,0.0009465915500186,0.0173675008118152,0.0064014322124421,-0.091261126101017,-0.008745982311666,0.0311158373951911,-0.0168440826237201,0.0069032646715641,-0.0150559870526194,-0.0031760295387357,-0.0109186517074704,-0.0319180116057395,0.0133992722257971,0.0217036791145801,-0.0047329640947282,0.0218744464218616,0.0076993079856038,0.0074221533723175,0.0014232392422854,-0.0084218559786677,-0.0076296227052807,-0.0022710298653692,0.0107786832377314,-0.0064681149087846,0.0003727650328073,0.0206494387239217,-0.0084979459643363,0.0038529704324901,0.0078941667452454,0.0120097370818257,-0.032000545412302,0.0006242827512323,0.012406569905579,0.0546456389129161,0.0035012287553399,-0.038534540683031,-0.0048543643206357,-0.0054300972260534,0.0089176688343286,0.0116232708096504,0.0235703755170106,-0.0083681819960474,0.0351317003369331,0.0153093617409467,-0.000427790073445,0.0667807236313819,-0.0066339103505015,-0.0259848646819591,0.006247382145375,-0.0121760861948132,0.0016413024859502,-0.0063761854544281,-0.0038472020532935,-0.0156111279502511,-0.0248176306486129,-0.0016068496042862,0.0086541445925831,-0.0181430578231811,0.009743302129209,0.0069102072156965,0.0167782958596944,0.0042274766601622,-0.0067280237562954,0.0172833893448114,0.0126916132867336,-0.0012156700249761,0.0049989912658929,-0.0012950518867,0.0103684673085808,-0.0375476516783237,-0.0068359076976776,-0.0073462119325995,-0.0024582531768828,-0.0693054348230362,-0.0302753150463104,0.0241763014346361,-0.0116168651729822,0.0417722687125206,0.0213031210005283,-0.0041294526308774,-7.18874143785797e-05,0.0495185069739818,0.0028772398363798,-0.0016026007942855,-0.0091091971844434,0.0202747173607349,-0.0215707272291183,-0.0125131430104374,0.0287785716354847,0.0130858439952135,-0.0165396463125944,-0.0294491723179817,-0.0225942991673946,-0.0306248310953378,-0.0128675187006592,0.0041725276969373,-0.0056839711032807,0.0345323719084262,0.0010670685442164,-0.0068275691010057,-0.0036063934676349,0.0290080327540636,0.0232906890945465,0.0316484589611145,0.0202854758841282,0.030206548960326,0.0434259866120356,0.005075743306965,0.0318556752847736,0.0485260375142988,-0.0054846756244558,0.0628553100529671,-0.0073036484708305,0.0599020112322401,2019-02-14,2019-02-15,2019-02-19,2019-02-20,2019-02-21,2019-02-22,2019-02-25,2019-02-26,2019-02-27,2019-02-28,18542.0,2019-02-13,252.0,0.3241%,-0.0005,1.6035,-0.0007,0.277,1.3660%,2.1356%,59.0849%,-0.0015429999999999,CAT,18542.0,2019-02-14,252.0,-0.3606%,-0.0005,1.6027,0.0,0.2771,1.3653%,2.1345%,59.0856%,0.001271,CAT,18542.0,2019-02-15,252.0,2.6994%,-0.0005,1.6068,0.0047,0.285,1.3662%,2.1347%,59.0400%,0.007454,CAT,18542.0,2019-02-19,252.0,-0.2937%,-0.0005,1.6071,-0.0016,0.278,1.3664%,2.1333%,58.9731%,-0.006958,CAT,18542.0,2019-02-20,252.0,3.3211%,-0.0003,1.6174,0.0316,0.3173,1.3702%,2.1388%,58.9573%,0.028531,CAT,18542.0,2019-02-21,252.0,-1.0192%,-0.0003,1.6205,0.0372,0.323,1.3698%,2.1396%,59.0137%,-0.003555,CAT,18542.0,2019-02-22,252.0,-0.1440%,-0.0003,1.6217,0.0301,0.3315,1.3703%,2.1396%,58.9834%,-0.00753,CAT,18542.0,2019-02-25,252.0,1.9686%,-0.0004,1.6246,0.0239,0.3388,1.3661%,2.1381%,59.1768%,0.017828,CAT,18542.0,2019-02-26,252.0,-2.4256%,-0.0004,1.6298,0.0468,0.3543,1.3718%,2.1387%,58.8558%,-0.020485,CAT,18542.0,2019-02-27,252.0,1.1596%,-0.0004,1.6342,0.0421,0.3551,1.3722%,2.1394%,58.8614%,0.010365,CAT,18542.0,2019-02-28,252.0,-1.6048%,-0.0004,1.6394,0.0453,0.3611,1.3731%,2.1397%,58.8217%,-0.010203,CAT,-0.0002719999999999,0.007182,0.000224,0.0252,0.0151749999999999
21811,CBIZ INC,"CBIZ Sees FY19 Sales Growth 4%-6%, Sees EPS Growth 10%-12%",6,increase,0.8,0.7,"the projected sales and eps growth indicates strong financial performance, which is likely to positively influence investor sentiment and increase the stock price.",2,2019-02-13,CBZ,2019-02-13 11:35:00+00:00,81584.0,12480510,-0.0219085067510604,287240.0,0.0169238504022359,0.0058766328729689,0.0274106431752443,0.0078973267227411,0.0176274813711643,0.0089641585946083,-0.0028090530540794,0.0024962173774838,-0.0042253592982888,0.0025025599170476,0.0061292350292205,-0.0019980475772172,-0.0056232819333672,0.025089593604207,-0.0235626772046089,-0.0035714129917323,-0.0019304541638121,0.0025576034095138,-0.0024178503081202,0.0025640635285526,0.0135725010186433,-0.0051020602695643,-0.0114777507260441,-0.0140844462439417,0.0038703398313373,-0.008478807285428,-0.0168674886226654,0.003001474076882,-0.0200980324298143,-0.0019970501307398,0.0120059913024306,-0.0113523956388235,0.0054374993778765,-0.0039331330917775,-0.0147492252290248,0.0059347599744796,0.0124750491231679,0.0039721908979117,-0.0113357044756412,0.000496782362461,-0.0044865482486784,-0.0098377158865332,0.0040060053579509,0.0064356019720435,-0.0039900210686028,-0.0102890292182564,-0.0075112478807568,0.0154228582978248,-0.0010091048898175,0.006509818136692,-0.0368686653673648,0.0005010134773328,0.036182515323162,0.0204498786479234,0.0116396527737379,-0.0156014775857329,-0.0035017356276512,0.0086294449865818,0.014056259766221,0.0076727126725018,0.0019801489543169,0.0056583695113658,0.0083992136642336,-0.0015407693572342,0.000979934236966,0.0356383025646209,-0.0009789748582988,-0.0110468696802854,-0.014208672568202,0.0133262258023023,0.0,-0.016255872324109,0.0144134685397148,-0.021549517288804,-0.0210681185126304,0.0010272449580952,0.0130130248144269,-0.0136778345331549,0.0039525656029582,-0.0100301280617713,0.0127952871844172,-0.0109126642346382,0.012633635662496,0.0171543974429369,-0.0071976785548031,0.0020221944432705,-0.0048332712613046,-0.0075263227336108,0.0048567452467978,0.0,-0.0178830754011869,0.0,0.0147638358175754,-0.0523062460124492,-0.0024248857516795,-0.0028449248056858,-0.0520174875855445,0.0019002810586243,-0.0035897279158234,-0.0245598088949918,0.0025733008515089,0.0594010315835475,-0.0087269032374024,-0.0039119767025113,0.0269290767610073,-0.0014647841453552,0.0070599792525172,-0.0067895874381065,0.0020030504092574,0.0073278713971376,-0.0004997615469619,-0.0082364380359649,-0.0085000041872262,-0.0143267018720507,-0.0090771708637475,-0.010864408686757,-0.0066157337278127,-0.0061032474040985,0.0143441995605826,-0.0251716766506433,0.0169238504022359,0.0058766328729689,0.0447983872020072,0.0138203692855374,0.0632155513090331,0.0229084158622574,0.0557490742818322,0.0280280972667597,0.0268789940799276,0.053333380785544,0.0054753905098701,0.0506394735752913,-0.0144350887053879,-0.0599542102159932,2019-02-14,2019-02-15,2019-02-19,2019-02-20,2019-02-21,2019-02-22,2019-02-25,2019-02-26,2019-02-27,2019-02-28,81584.0,2019-02-13,252.0,-2.1909%,0.0008,0.8021,0.4969,0.2926,1.1663%,1.4344%,33.8909%,-0.0247739999999999,CBZ,81584.0,2019-02-14,252.0,1.6924%,0.0009,0.7982,0.506,0.2826,1.1711%,1.4379%,33.6688%,0.017622,CBZ,81584.0,2019-02-15,252.0,2.7411%,0.001,0.8133,0.5212,0.3094,1.1739%,1.4465%,34.1380%,0.01567,CBZ,81584.0,2019-02-19,252.0,1.7627%,0.0007,0.7865,0.5703,0.3669,1.0166%,1.3039%,39.2185%,0.013542,CBZ,81584.0,2019-02-20,252.0,-0.2809%,0.0007,0.7848,0.5693,0.3615,1.0171%,1.3039%,39.1522%,-0.007676,CBZ,81584.0,2019-02-21,252.0,-0.4225%,0.0005,0.7997,0.5995,0.3889,0.9839%,1.2876%,41.6173%,-0.0001919999999999,CBZ,81584.0,2019-02-22,252.0,0.6129%,0.0006,0.7978,0.6407,0.4032,0.9655%,1.2761%,42.7575%,0.00325,CBZ,81584.0,2019-02-25,252.0,-0.5623%,0.0006,0.7985,0.644,0.4076,0.9652%,1.2764%,42.8097%,-0.004528,CBZ,81584.0,2019-02-26,252.0,-2.3563%,0.0005,0.7997,0.6672,0.4203,0.9711%,1.2828%,42.6889%,-0.016918,CBZ,81584.0,2019-02-27,252.0,-0.1930%,0.0005,0.7973,0.6702,0.4199,0.9709%,1.2812%,42.5719%,-0.0035139999999999,CBZ,81584.0,2019-02-28,252.0,-0.2418%,0.0004,0.8044,0.6751,0.4249,0.9672%,1.2813%,43.0092%,0.0008699999999999,CBZ,-0.0071519999999999,0.008518,0.02206,0.014192,-0.0066479999999999
21819,CBIZ INC,"CBIZ Q4 EPS $(0.02) Beats $(0.03) Estimate, Sales $199.02M Miss $202.33M Estimate",6,decrease,0.7,0.6,"while cbiz's eps beat estimates, the significant miss in sales suggests underlying weaknesses that could lead to a decrease in stock price.",0,2019-02-13,CBZ,2019-02-13 11:34:00+00:00,81584.0,12480510,-0.0219085067510604,287240.0,0.0169238504022359,0.0058766328729689,0.0274106431752443,0.0078973267227411,0.0176274813711643,0.0089641585946083,-0.0028090530540794,0.0024962173774838,-0.0042253592982888,0.0025025599170476,0.0061292350292205,-0.0019980475772172,-0.0056232819333672,0.025089593604207,-0.0235626772046089,-0.0035714129917323,-0.0019304541638121,0.0025576034095138,-0.0024178503081202,0.0025640635285526,0.0135725010186433,-0.0051020602695643,-0.0114777507260441,-0.0140844462439417,0.0038703398313373,-0.008478807285428,-0.0168674886226654,0.003001474076882,-0.0200980324298143,-0.0019970501307398,0.0120059913024306,-0.0113523956388235,0.0054374993778765,-0.0039331330917775,-0.0147492252290248,0.0059347599744796,0.0124750491231679,0.0039721908979117,-0.0113357044756412,0.000496782362461,-0.0044865482486784,-0.0098377158865332,0.0040060053579509,0.0064356019720435,-0.0039900210686028,-0.0102890292182564,-0.0075112478807568,0.0154228582978248,-0.0010091048898175,0.006509818136692,-0.0368686653673648,0.0005010134773328,0.036182515323162,0.0204498786479234,0.0116396527737379,-0.0156014775857329,-0.0035017356276512,0.0086294449865818,0.014056259766221,0.0076727126725018,0.0019801489543169,0.0056583695113658,0.0083992136642336,-0.0015407693572342,0.000979934236966,0.0356383025646209,-0.0009789748582988,-0.0110468696802854,-0.014208672568202,0.0133262258023023,0.0,-0.016255872324109,0.0144134685397148,-0.021549517288804,-0.0210681185126304,0.0010272449580952,0.0130130248144269,-0.0136778345331549,0.0039525656029582,-0.0100301280617713,0.0127952871844172,-0.0109126642346382,0.012633635662496,0.0171543974429369,-0.0071976785548031,0.0020221944432705,-0.0048332712613046,-0.0075263227336108,0.0048567452467978,0.0,-0.0178830754011869,0.0,0.0147638358175754,-0.0523062460124492,-0.0024248857516795,-0.0028449248056858,-0.0520174875855445,0.0019002810586243,-0.0035897279158234,-0.0245598088949918,0.0025733008515089,0.0594010315835475,-0.0087269032374024,-0.0039119767025113,0.0269290767610073,-0.0014647841453552,0.0070599792525172,-0.0067895874381065,0.0020030504092574,0.0073278713971376,-0.0004997615469619,-0.0082364380359649,-0.0085000041872262,-0.0143267018720507,-0.0090771708637475,-0.010864408686757,-0.0066157337278127,-0.0061032474040985,0.0143441995605826,-0.0251716766506433,0.0169238504022359,0.0058766328729689,0.0447983872020072,0.0138203692855374,0.0632155513090331,0.0229084158622574,0.0557490742818322,0.0280280972667597,0.0268789940799276,0.053333380785544,0.0054753905098701,0.0506394735752913,-0.0144350887053879,-0.0599542102159932,2019-02-14,2019-02-15,2019-02-19,2019-02-20,2019-02-21,2019-02-22,2019-02-25,2019-02-26,2019-02-27,2019-02-28,81584.0,2019-02-13,252.0,-2.1909%,0.0008,0.8021,0.4969,0.2926,1.1663%,1.4344%,33.8909%,-0.0247739999999999,CBZ,81584.0,2019-02-14,252.0,1.6924%,0.0009,0.7982,0.506,0.2826,1.1711%,1.4379%,33.6688%,0.017622,CBZ,81584.0,2019-02-15,252.0,2.7411%,0.001,0.8133,0.5212,0.3094,1.1739%,1.4465%,34.1380%,0.01567,CBZ,81584.0,2019-02-19,252.0,1.7627%,0.0007,0.7865,0.5703,0.3669,1.0166%,1.3039%,39.2185%,0.013542,CBZ,81584.0,2019-02-20,252.0,-0.2809%,0.0007,0.7848,0.5693,0.3615,1.0171%,1.3039%,39.1522%,-0.007676,CBZ,81584.0,2019-02-21,252.0,-0.4225%,0.0005,0.7997,0.5995,0.3889,0.9839%,1.2876%,41.6173%,-0.0001919999999999,CBZ,81584.0,2019-02-22,252.0,0.6129%,0.0006,0.7978,0.6407,0.4032,0.9655%,1.2761%,42.7575%,0.00325,CBZ,81584.0,2019-02-25,252.0,-0.5623%,0.0006,0.7985,0.644,0.4076,0.9652%,1.2764%,42.8097%,-0.004528,CBZ,81584.0,2019-02-26,252.0,-2.3563%,0.0005,0.7997,0.6672,0.4203,0.9711%,1.2828%,42.6889%,-0.016918,CBZ,81584.0,2019-02-27,252.0,-0.1930%,0.0005,0.7973,0.6702,0.4199,0.9709%,1.2812%,42.5719%,-0.0035139999999999,CBZ,81584.0,2019-02-28,252.0,-0.2418%,0.0004,0.8044,0.6751,0.4249,0.9672%,1.2813%,43.0092%,0.0008699999999999,CBZ,-0.0071519999999999,0.008518,0.02206,0.014192,-0.0066479999999999
21827,CEVA INC,"CEVA Q4 EPS $0.23 Misses $0.26 Estimate, Sales $21.4M Miss $22.07M Estimate",6,decrease,0.8,0.7,"the earnings per share and sales figures both missed analyst estimates, which typically leads to a negative reaction in stock prices.",0,2019-02-13,CEVA,2019-02-13 12:23:00+00:00,89572.0,15721010,-0.0798197463154792,423474.0,-0.0325288660824298,0.0440187975764274,0.0459146946668624,0.0125893447548151,-0.0124438507482409,-0.0027146225329488,0.0021000863052904,-0.0173391290009021,0.0024450437631458,0.0291695408523082,0.0181184150278568,0.0188810843974351,0.0010267175966873,0.0084626153111457,-0.0256410259753465,-0.0028129369020462,-0.01929821819067,0.0049470425583422,-0.0046512009575963,0.0212919581681489,0.0168943647295236,-0.0135279837995767,-0.006009193137288,0.0053686331957578,0.0032005065586417,0.0386617444455623,-0.0244593638926744,0.0466925613582134,-0.0069040888920426,-0.013435642234981,0.0095133632421493,-0.0258040595799684,0.0177600495517253,0.0276709962636232,-0.0046295998618006,0.0183953512459993,-0.0042934110388159,0.0066981907002627,-0.0025152603629976,0.0958548933267593,0.0273775290697813,-0.0321772024035453,-0.0227910093963146,-0.0091097028926014,-0.0053821858018636,0.0285349264740943,-0.0216449666768312,0.0090244552120566,0.0224925763905048,0.0210618488490581,-0.0512080825865268,0.0192307829856872,0.0026605736929923,0.038550853729248,0.0117513788864016,-0.0396966710686683,-0.0191082879900932,0.0149388825520873,0.0183345880359411,-0.00135626969859,0.0112527851015329,-0.0027051155921071,0.0122404247522354,0.0109389135614037,0.0043971757404506,0.0629845559597015,0.0138635924085974,-0.0072150803171098,0.0025188806466758,-0.0104711716994643,0.0010767688509076,-0.011294106952846,0.0351380966603756,-0.0563943348824977,-0.0335989333689212,0.0171635542064905,0.0215053912252187,-0.0164371766149997,0.0066666854545474,-0.0289042312651872,0.0031369868665933,-0.0089781573042273,-0.0163308270275592,0.0038626675959676,-0.0187212564051151,-0.0046988725662231,-0.1360691338777542,-0.0159731414169073,-0.0291666984558105,-0.0529458560049533,0.0206009205430746,0.0015949328662827,0.0096719739958643,-0.0564334094524383,0.024989603087306,0.0227010454982519,-0.0199105963110923,-0.0019201667746528,0.0199004784226417,-0.0210526119917631,0.0036585426423698,0.0137195354327559,0.0202511139214038,-0.0015221048379316,-0.0115125412121415,0.013107175938785,0.0036144640762358,0.0054264068603515,0.012404941022396,0.0058479383587837,-0.0003951905819121,-0.0198700968176126,-0.0371688604354858,-0.0399853326380252,0.0188911333680152,0.0183040630072355,-0.0189439468085765,0.0384018532931804,-0.0053410464897751,0.0054602692835032,-0.0325288660824298,0.0440187975764274,0.0118922756303985,0.0571623101496245,-0.0006995608208441,0.0542925135215082,0.0038475208634864,0.0662319939714126,-0.026932509926231,0.1212558890792849,-0.0675061337355734,0.4046111423773768,-0.1532004521043889,0.2117784881078241,2019-02-14,2019-02-15,2019-02-19,2019-02-20,2019-02-21,2019-02-22,2019-02-25,2019-02-26,2019-02-27,2019-02-28,89572.0,2019-02-13,252.0,-7.9820%,-0.0011,1.2767,1.0033,-0.3828,2.4194%,2.9048%,30.6286%,-0.083865,CEVA,89572.0,2019-02-14,252.0,-3.2529%,-0.0012,1.2858,0.9839,-0.3626,2.4295%,2.9117%,30.3811%,-0.037386,CEVA,89572.0,2019-02-15,252.0,4.5915%,-0.0009,1.3241,1.0218,-0.2958,2.4337%,2.9264%,30.8348%,0.030566,CEVA,89572.0,2019-02-19,252.0,-1.2444%,-0.001,1.3212,1.0112,-0.3075,2.4359%,2.9259%,30.6937%,-0.017135,CEVA,89572.0,2019-02-20,252.0,0.2100%,-0.0009,1.3232,1.0245,-0.2983,2.4324%,2.9239%,30.7957%,-0.001043,CEVA,89572.0,2019-02-21,252.0,0.2445%,-0.001,1.3353,1.0511,-0.2761,2.4204%,2.9189%,31.2369%,0.007272,CEVA,89572.0,2019-02-22,252.0,1.8118%,-0.001,1.3351,1.0562,-0.2746,2.4203%,2.9212%,31.3523%,-0.0005,CEVA,89572.0,2019-02-25,252.0,0.1027%,-0.001,1.3341,1.0543,-0.279,2.4199%,2.9209%,31.3653%,0.001176,CEVA,89572.0,2019-02-26,252.0,-2.5641%,-0.0011,1.3297,1.0819,-0.2684,2.4207%,2.9192%,31.2390%,-0.01778,CEVA,89572.0,2019-02-27,252.0,-1.9298%,-0.0012,1.3288,1.0771,-0.2686,2.4246%,2.9209%,31.0959%,-0.022973,CEVA,89572.0,2019-02-28,252.0,-0.4651%,-0.0013,1.3367,1.0825,-0.2628,2.4228%,2.9209%,31.1938%,-0.001519,CEVA,-0.121251,-0.090685,-0.10782,-0.101591,-0.143187
21835,C F INDUSTRIES HOLDINGS INC,CF Reports $1B Buyback,6,increase,0.8,0.7,a $1 billion buyback typically signals confidence in the company's financial health and can lead to an increase in stock price due to reduced share supply and positive market perception.,2,2019-02-13,CF,2019-02-13 21:32:00+00:00,90829.0,12526910,-0.0062922504730522,3769281.0,0.0046904678456485,0.0226406287401914,-0.0181006211787462,0.0023888789582997,0.0057456991635262,0.0133139491081237,0.0611759983003139,-0.0261668283492326,-0.0132346376776695,-0.0123399905860424,0.0018185499357059,0.0067979586310684,-0.0186067558825016,-0.0193103477358818,-0.0013873149873688,-0.0034364608582109,0.0037045578937977,0.0137018142268061,-0.0265282057225704,0.0067804749123752,0.0018956875428557,-0.004654427524656,-0.0047302967868745,0.0098707871511578,-0.0190114788711071,0.0312651731073856,-0.0007267146138474,-0.0204178690910339,-0.0237575639039278,0.0062111397273838,0.0004966589622199,-0.0525124408304691,0.0285430047661066,0.0089061288163065,0.0074807284399867,0.0281756464391946,0.0299401190131902,-0.0163972079753875,-0.0067442073486745,0.0025468999519944,0.0079606687650084,-0.0272523164749145,-0.0134726604446768,-0.014428362250328,-0.0089475167915225,0.0004441585333552,-0.0118793062865734,-0.0079312762245535,-0.0115412250161171,0.029018335044384,-0.0510825179517269,0.0034122276119887,0.0148680303245782,0.0835592672228813,0.003536231117323,-0.0347370728850364,0.0118298819288611,-0.0340151600539684,0.0039800954982638,0.0269058160483837,0.0128840543329715,-0.02012032084167,0.0229940954595804,0.0150235500186681,-0.00334766600281,0.0620792284607887,0.0299904029816389,-0.0224225744605064,0.0058234333992004,0.0048982840962708,0.0069476431235671,-0.0260018222033977,0.0018399684922769,0.003831414040178,-0.0185950715094804,0.0094271069392561,-0.0046783802099525,-0.0164051931351423,-0.0070505109615623,0.010086502879858,0.0078106941655278,-0.007389782462269,0.0068106409162282,0.0145103335380554,0.0230931118130683,0.0004838287422899,0.0173278227448463,0.0073117977008223,0.011653977446258,-0.0127527089789509,-0.0042090970091521,-0.0232666954398155,-0.0084538608789443,-0.0298677925020456,-0.0004487425903789,0.0395828895270824,-0.0107744010165333,-0.0301149748265743,0.0247333832085132,0.0218463782221078,-0.0053144749253988,-0.0143551509827375,-0.0031166383996605,-0.0197458621114492,-0.0332737378776073,0.0194354504346847,0.0039269616827368,-0.0221719350665807,0.0174873936921358,0.0146923642605543,-0.0094980094581842,-0.0428476594388485,-0.0520547665655612,-0.033552810549736,0.0077071217820048,0.0102982092648744,-0.016491362825036,0.0350877605378627,0.0114215649664402,-0.0849818736314773,0.0046904678456485,0.0226406287401914,-0.0134950537147228,0.0250835934200912,-0.0078268930700369,0.0387315042144589,0.0389359304600134,-0.0009313369838563,-0.0033395001169818,0.0032733082799683,-0.0467957923498499,0.0127448911677912,-0.0170377223984071,-0.1280606508325888,2019-02-14,2019-02-15,2019-02-19,2019-02-20,2019-02-21,2019-02-22,2019-02-25,2019-02-26,2019-02-27,2019-02-28,90829.0,2019-02-13,252.0,-0.6292%,0.0004,1.2014,0.0455,-0.1404,1.9416%,2.3454%,31.4694%,-0.009696,CF,90829.0,2019-02-14,252.0,0.4690%,0.0004,1.1994,0.0482,-0.1423,1.9409%,2.3439%,31.4317%,0.006062,CF,90829.0,2019-02-15,252.0,-1.8101%,0.0003,1.1794,0.0268,-0.1792,1.9509%,2.3447%,30.7672%,-0.031192,CF,90829.0,2019-02-19,252.0,0.5746%,0.0002,1.1729,0.0392,-0.1648,1.9456%,2.3326%,30.4256%,0.003865,CF,90829.0,2019-02-20,252.0,6.1176%,0.0005,1.1907,0.0846,-0.1,1.9792%,2.3621%,29.7961%,0.059668,CF,90829.0,2019-02-21,252.0,-1.3235%,0.0003,1.2085,0.1188,-0.0672,1.9611%,2.3531%,30.5439%,-0.0091,CF,90829.0,2019-02-22,252.0,0.1819%,0.0002,1.2109,0.0851,-0.0694,1.9560%,2.3501%,30.7242%,-0.007779,CF,90829.0,2019-02-25,252.0,-1.8607%,0.0001,1.2119,0.0962,-0.0601,1.9598%,2.3527%,30.6135%,-0.020427,CF,90829.0,2019-02-26,252.0,-0.1387%,0.0,1.2067,0.1,-0.062,1.9591%,2.3468%,30.3140%,0.000869,CF,90829.0,2019-02-27,252.0,0.3705%,0.0002,1.2273,0.0642,-0.0585,1.9372%,2.3375%,31.3193%,0.002254,CF,90829.0,2019-02-28,252.0,-2.6528%,0.0002,1.2289,0.0645,-0.052,1.9424%,2.3398%,31.0863%,-0.0229829999999999,CF,-0.003634,-0.034826,-0.030961,0.0196069999999999,-0.028459
21843,C F INDUSTRIES HOLDINGS INC,"CF Industries Holdings Q4 EPS $0.21, Sales $1.132B Miss $1.26B Estimate",6,decrease,0.8,0.7,"the earnings per share (eps) and sales figures missed analyst estimates, which typically leads to a negative reaction in stock prices.",0,2019-02-13,CF,2019-02-13 21:32:00+00:00,90829.0,12526910,-0.0062922504730522,3769281.0,0.0046904678456485,0.0226406287401914,-0.0181006211787462,0.0023888789582997,0.0057456991635262,0.0133139491081237,0.0611759983003139,-0.0261668283492326,-0.0132346376776695,-0.0123399905860424,0.0018185499357059,0.0067979586310684,-0.0186067558825016,-0.0193103477358818,-0.0013873149873688,-0.0034364608582109,0.0037045578937977,0.0137018142268061,-0.0265282057225704,0.0067804749123752,0.0018956875428557,-0.004654427524656,-0.0047302967868745,0.0098707871511578,-0.0190114788711071,0.0312651731073856,-0.0007267146138474,-0.0204178690910339,-0.0237575639039278,0.0062111397273838,0.0004966589622199,-0.0525124408304691,0.0285430047661066,0.0089061288163065,0.0074807284399867,0.0281756464391946,0.0299401190131902,-0.0163972079753875,-0.0067442073486745,0.0025468999519944,0.0079606687650084,-0.0272523164749145,-0.0134726604446768,-0.014428362250328,-0.0089475167915225,0.0004441585333552,-0.0118793062865734,-0.0079312762245535,-0.0115412250161171,0.029018335044384,-0.0510825179517269,0.0034122276119887,0.0148680303245782,0.0835592672228813,0.003536231117323,-0.0347370728850364,0.0118298819288611,-0.0340151600539684,0.0039800954982638,0.0269058160483837,0.0128840543329715,-0.02012032084167,0.0229940954595804,0.0150235500186681,-0.00334766600281,0.0620792284607887,0.0299904029816389,-0.0224225744605064,0.0058234333992004,0.0048982840962708,0.0069476431235671,-0.0260018222033977,0.0018399684922769,0.003831414040178,-0.0185950715094804,0.0094271069392561,-0.0046783802099525,-0.0164051931351423,-0.0070505109615623,0.010086502879858,0.0078106941655278,-0.007389782462269,0.0068106409162282,0.0145103335380554,0.0230931118130683,0.0004838287422899,0.0173278227448463,0.0073117977008223,0.011653977446258,-0.0127527089789509,-0.0042090970091521,-0.0232666954398155,-0.0084538608789443,-0.0298677925020456,-0.0004487425903789,0.0395828895270824,-0.0107744010165333,-0.0301149748265743,0.0247333832085132,0.0218463782221078,-0.0053144749253988,-0.0143551509827375,-0.0031166383996605,-0.0197458621114492,-0.0332737378776073,0.0194354504346847,0.0039269616827368,-0.0221719350665807,0.0174873936921358,0.0146923642605543,-0.0094980094581842,-0.0428476594388485,-0.0520547665655612,-0.033552810549736,0.0077071217820048,0.0102982092648744,-0.016491362825036,0.0350877605378627,0.0114215649664402,-0.0849818736314773,0.0046904678456485,0.0226406287401914,-0.0134950537147228,0.0250835934200912,-0.0078268930700369,0.0387315042144589,0.0389359304600134,-0.0009313369838563,-0.0033395001169818,0.0032733082799683,-0.0467957923498499,0.0127448911677912,-0.0170377223984071,-0.1280606508325888,2019-02-14,2019-02-15,2019-02-19,2019-02-20,2019-02-21,2019-02-22,2019-02-25,2019-02-26,2019-02-27,2019-02-28,90829.0,2019-02-13,252.0,-0.6292%,0.0004,1.2014,0.0455,-0.1404,1.9416%,2.3454%,31.4694%,-0.009696,CF,90829.0,2019-02-14,252.0,0.4690%,0.0004,1.1994,0.0482,-0.1423,1.9409%,2.3439%,31.4317%,0.006062,CF,90829.0,2019-02-15,252.0,-1.8101%,0.0003,1.1794,0.0268,-0.1792,1.9509%,2.3447%,30.7672%,-0.031192,CF,90829.0,2019-02-19,252.0,0.5746%,0.0002,1.1729,0.0392,-0.1648,1.9456%,2.3326%,30.4256%,0.003865,CF,90829.0,2019-02-20,252.0,6.1176%,0.0005,1.1907,0.0846,-0.1,1.9792%,2.3621%,29.7961%,0.059668,CF,90829.0,2019-02-21,252.0,-1.3235%,0.0003,1.2085,0.1188,-0.0672,1.9611%,2.3531%,30.5439%,-0.0091,CF,90829.0,2019-02-22,252.0,0.1819%,0.0002,1.2109,0.0851,-0.0694,1.9560%,2.3501%,30.7242%,-0.007779,CF,90829.0,2019-02-25,252.0,-1.8607%,0.0001,1.2119,0.0962,-0.0601,1.9598%,2.3527%,30.6135%,-0.020427,CF,90829.0,2019-02-26,252.0,-0.1387%,0.0,1.2067,0.1,-0.062,1.9591%,2.3468%,30.3140%,0.000869,CF,90829.0,2019-02-27,252.0,0.3705%,0.0002,1.2273,0.0642,-0.0585,1.9372%,2.3375%,31.3193%,0.002254,CF,90829.0,2019-02-28,252.0,-2.6528%,0.0002,1.2289,0.0645,-0.052,1.9424%,2.3398%,31.0863%,-0.0229829999999999,CF,-0.003634,-0.034826,-0.030961,0.0196069999999999,-0.028459
21851,CHEFS WAREHOUSE INC,"The Chefs' Warehouse Sees FY19 Adj. EPS $0.91-$1.01 vs $1 Estimate, Sales $1.52B-$1.57B vs $1.55B Est., Adj. EBITDA $86M-$90M",6,uncertain,0.6,0.2,"while the adjusted eps and sales guidance are slightly above estimates, the overall range is broad, leading to uncertainty in investor sentiment.",1,2019-02-13,CHEF,2019-02-13 21:13:00+00:00,12913.0,16308610,0.0257414132356643,257721.0,-0.0662847906351089,0.0150526156648993,-0.0061349426396191,0.0208755396306514,0.009406222961843,0.0198108218610286,-0.0430984124541282,-0.0005910300533287,-0.0261716544628143,-0.0099473418667912,0.0096875429153442,0.0199940912425518,-0.0064996252767741,0.0364984981715679,0.0196262020617723,0.006538073066622,-0.0219982042908668,-0.0123001700267195,0.0,-0.0446533598005771,-0.004998373799026,0.0085926195606589,0.0091051496565341,-0.0038371034897863,-0.005289361346513,-0.0179709829390049,-0.0516108758747577,-0.0156918466091156,0.0003298228548374,0.0042979284189641,0.002967364154756,-0.008240895345807,0.0305720027536153,-0.0031161645893007,0.0092503670603036,-0.0169869288802146,-0.0180151611566543,0.0310076940804719,-0.020598629489541,0.0181234367191791,0.0098586669191718,0.0088469255715608,0.0185486394912004,0.0074272132478654,-0.0028754041995853,-0.0186588745564222,-0.0102531146258115,0.0232696533203125,0.0061508752405643,0.0002984821330755,-0.0244530327618122,0.043275199830532,-0.0052770399488508,0.0255427602678537,0.0003315725771244,-0.0258165411651134,0.0109380157664418,0.0053158844821155,0.0226229690015316,0.0207468755543232,-0.004488659556955,-0.013539052568376,0.022222239524126,0.0176225937902927,-0.0081915641203522,0.0300329998135566,0.0098475655540823,0.0076488042250275,0.0034601667430251,-0.0617784596979618,-0.0072100171819329,-0.0498073026537895,0.0050520948134362,-0.0073572690598666,-0.001884997356683,-0.0341103114187717,0.0151085788384079,-0.0351069346070289,0.0105426404625177,-0.0277333576232194,-0.0150353386998176,-0.0121179949492216,0.0028037431184202,0.0122666424140334,-0.0118048824369907,0.0072522284463047,-0.003772365162149,0.0127856703475117,-0.0012622566428035,-0.0228601973503828,-0.0142179736867547,0.0104754064232111,0.031410239636898,-0.041205309331417,0.0096333548426628,0.0188927110284566,-0.0120037915185093,-0.0023560249246656,0.007476688362658,0.0089804586023092,0.018552828580141,0.0461454018950462,-0.007893088273704,-0.0084931887686252,0.0253977365791797,0.0091236345469951,-0.0077588283456861,0.034315038472414,0.0240601282566785,-0.0008571079815737,0.0126284966245293,-0.0140845067799091,-0.0287122353911399,-0.025795791298151,-0.017020110040903,0.0,0.0024301894009113,0.0110987154766917,0.0151515156030654,0.0431259535253047,-0.0662847906351089,0.0150526156648993,-0.0720130798863024,0.0362423867704084,-0.0632842280100389,0.0567712000995641,-0.1271140173319933,0.0456407651044277,-0.1268412865124275,0.0499412678383768,-0.1492089302597744,0.1407597150544581,-0.0861974888329347,0.0344429134103227,2019-02-14,2019-02-15,2019-02-19,2019-02-20,2019-02-21,2019-02-22,2019-02-25,2019-02-26,2019-02-27,2019-02-28,12913.0,2019-02-13,252.0,2.5741%,0.0024,0.9208,0.8684,-0.1208,2.3741%,2.6335%,18.7257%,0.022653,CHEF,12913.0,2019-02-14,252.0,-6.6285%,0.0023,0.94,0.8305,-0.0831,2.4073%,2.6623%,18.2340%,-0.069668,CHEF,12913.0,2019-02-15,252.0,-0.6135%,0.0022,0.9196,0.81,-0.1191,2.4103%,2.6587%,17.8126%,-0.018534,CHEF,12913.0,2019-02-19,252.0,0.9406%,0.0022,0.9212,0.8108,-0.1182,2.4103%,2.6586%,17.8048%,0.005567,CHEF,12913.0,2019-02-20,252.0,-4.3098%,0.0019,0.9064,0.7714,-0.1727,2.4273%,2.6717%,17.4576%,-0.046082,CHEF,12913.0,2019-02-21,252.0,-2.6172%,0.0019,0.9008,0.7546,-0.1826,2.4243%,2.6662%,17.3171%,-0.022775,CHEF,12913.0,2019-02-22,252.0,0.9688%,0.0014,0.9083,0.5766,-0.2554,2.2790%,2.5339%,19.1068%,-0.003103,CHEF,12913.0,2019-02-25,252.0,-0.6500%,0.0015,0.9051,0.5775,-0.2669,2.2728%,2.5288%,19.2212%,-0.006923,CHEF,12913.0,2019-02-26,252.0,1.9626%,0.0014,0.8821,0.5687,-0.2885,2.2689%,2.5171%,18.7506%,0.02379,CHEF,12913.0,2019-02-27,252.0,-2.1998%,0.0013,0.8824,0.5606,-0.2886,2.2746%,2.5214%,18.6147%,-0.024319,CHEF,12913.0,2019-02-28,252.0,0.0000%,0.0013,0.8881,0.5646,-0.2845,2.2736%,2.5214%,18.6883%,0.001802,CHEF,-0.047015,-0.065549,-0.059982,-0.128839,-0.137592
21859,CHEFS WAREHOUSE INC,"The Chefs' Warehouse Q4 EPS $0.32, Inline, Sales $394.1M Beat $384.67M Estimate",6,increase,0.7,0.6,"the company's sales beat estimates, which is generally a positive indicator for stock performance, despite the eps being inline.",2,2019-02-13,CHEF,2019-02-13 21:13:00+00:00,12913.0,16308610,0.0257414132356643,257721.0,-0.0662847906351089,0.0150526156648993,-0.0061349426396191,0.0208755396306514,0.009406222961843,0.0198108218610286,-0.0430984124541282,-0.0005910300533287,-0.0261716544628143,-0.0099473418667912,0.0096875429153442,0.0199940912425518,-0.0064996252767741,0.0364984981715679,0.0196262020617723,0.006538073066622,-0.0219982042908668,-0.0123001700267195,0.0,-0.0446533598005771,-0.004998373799026,0.0085926195606589,0.0091051496565341,-0.0038371034897863,-0.005289361346513,-0.0179709829390049,-0.0516108758747577,-0.0156918466091156,0.0003298228548374,0.0042979284189641,0.002967364154756,-0.008240895345807,0.0305720027536153,-0.0031161645893007,0.0092503670603036,-0.0169869288802146,-0.0180151611566543,0.0310076940804719,-0.020598629489541,0.0181234367191791,0.0098586669191718,0.0088469255715608,0.0185486394912004,0.0074272132478654,-0.0028754041995853,-0.0186588745564222,-0.0102531146258115,0.0232696533203125,0.0061508752405643,0.0002984821330755,-0.0244530327618122,0.043275199830532,-0.0052770399488508,0.0255427602678537,0.0003315725771244,-0.0258165411651134,0.0109380157664418,0.0053158844821155,0.0226229690015316,0.0207468755543232,-0.004488659556955,-0.013539052568376,0.022222239524126,0.0176225937902927,-0.0081915641203522,0.0300329998135566,0.0098475655540823,0.0076488042250275,0.0034601667430251,-0.0617784596979618,-0.0072100171819329,-0.0498073026537895,0.0050520948134362,-0.0073572690598666,-0.001884997356683,-0.0341103114187717,0.0151085788384079,-0.0351069346070289,0.0105426404625177,-0.0277333576232194,-0.0150353386998176,-0.0121179949492216,0.0028037431184202,0.0122666424140334,-0.0118048824369907,0.0072522284463047,-0.003772365162149,0.0127856703475117,-0.0012622566428035,-0.0228601973503828,-0.0142179736867547,0.0104754064232111,0.031410239636898,-0.041205309331417,0.0096333548426628,0.0188927110284566,-0.0120037915185093,-0.0023560249246656,0.007476688362658,0.0089804586023092,0.018552828580141,0.0461454018950462,-0.007893088273704,-0.0084931887686252,0.0253977365791797,0.0091236345469951,-0.0077588283456861,0.034315038472414,0.0240601282566785,-0.0008571079815737,0.0126284966245293,-0.0140845067799091,-0.0287122353911399,-0.025795791298151,-0.017020110040903,0.0,0.0024301894009113,0.0110987154766917,0.0151515156030654,0.0431259535253047,-0.0662847906351089,0.0150526156648993,-0.0720130798863024,0.0362423867704084,-0.0632842280100389,0.0567712000995641,-0.1271140173319933,0.0456407651044277,-0.1268412865124275,0.0499412678383768,-0.1492089302597744,0.1407597150544581,-0.0861974888329347,0.0344429134103227,2019-02-14,2019-02-15,2019-02-19,2019-02-20,2019-02-21,2019-02-22,2019-02-25,2019-02-26,2019-02-27,2019-02-28,12913.0,2019-02-13,252.0,2.5741%,0.0024,0.9208,0.8684,-0.1208,2.3741%,2.6335%,18.7257%,0.022653,CHEF,12913.0,2019-02-14,252.0,-6.6285%,0.0023,0.94,0.8305,-0.0831,2.4073%,2.6623%,18.2340%,-0.069668,CHEF,12913.0,2019-02-15,252.0,-0.6135%,0.0022,0.9196,0.81,-0.1191,2.4103%,2.6587%,17.8126%,-0.018534,CHEF,12913.0,2019-02-19,252.0,0.9406%,0.0022,0.9212,0.8108,-0.1182,2.4103%,2.6586%,17.8048%,0.005567,CHEF,12913.0,2019-02-20,252.0,-4.3098%,0.0019,0.9064,0.7714,-0.1727,2.4273%,2.6717%,17.4576%,-0.046082,CHEF,12913.0,2019-02-21,252.0,-2.6172%,0.0019,0.9008,0.7546,-0.1826,2.4243%,2.6662%,17.3171%,-0.022775,CHEF,12913.0,2019-02-22,252.0,0.9688%,0.0014,0.9083,0.5766,-0.2554,2.2790%,2.5339%,19.1068%,-0.003103,CHEF,12913.0,2019-02-25,252.0,-0.6500%,0.0015,0.9051,0.5775,-0.2669,2.2728%,2.5288%,19.2212%,-0.006923,CHEF,12913.0,2019-02-26,252.0,1.9626%,0.0014,0.8821,0.5687,-0.2885,2.2689%,2.5171%,18.7506%,0.02379,CHEF,12913.0,2019-02-27,252.0,-2.1998%,0.0013,0.8824,0.5606,-0.2886,2.2746%,2.5214%,18.6147%,-0.024319,CHEF,12913.0,2019-02-28,252.0,0.0000%,0.0013,0.8881,0.5646,-0.2845,2.2736%,2.5214%,18.6883%,0.001802,CHEF,-0.047015,-0.065549,-0.059982,-0.128839,-0.137592
21867,COLGATE PALMOLIVE CO,"UBS Maintains Neutral on Colgate-Palmolive, Raises Price Target to $1.4K",6,increase,0.7,0.6,"the maintenance of a neutral rating combined with a raised price target suggests a positive outlook, which could lead to an increase in investor confidence and stock price.",2,2019-02-13,CL,2019-02-13 12:50:00+00:00,18729.0,19416210,-0.0012116662692278,3505536.0,-0.0074310810305178,0.0034959069453179,0.0157373026013374,0.0015222784131765,0.0036100759170949,0.0098385754972696,-0.0031474682036787,-0.0042859143577516,0.002856635255739,0.0091134384274482,0.0029985695146024,-0.0069029689766466,-0.0056801922619342,0.0021521812304854,-0.0004509738646447,0.0057205124758183,-0.0093246372416615,0.0114151611924171,0.0,0.0040823072195053,0.0019735426176339,0.0151418065652251,0.0004545269475784,0.0145537117496132,-0.0046947989612817,-0.0057877912186086,-0.0016737767728045,-0.0024057372938841,-0.0041152914054691,0.0098800901323556,0.0001530783047201,-0.0075043812394142,0.007651109714061,0.0101613076403737,-0.0016704724403098,-0.0020924040582031,0.0118649043142795,-0.0014464826090261,-0.0040588793344795,0.0099010001868009,0.0143395764753222,-0.0078904647380113,-0.0135416081175208,0.0045292587019503,-0.0081460382789373,0.0084828790277242,-0.0097338305786252,0.0123864579945802,0.0110582280904054,0.0111890137195587,0.0025823812466114,0.0060483971610665,0.0039394265040755,0.0093267634510993,0.0099607007578015,-0.0047257179394364,0.0013449487742036,-0.0045362981036305,0.0053723412565886,-0.0016772639937698,0.0173667520284652,-0.0011727206874638,-0.0035015735775232,0.0048821060918271,0.0010248856851831,0.0234321262687444,-0.0080445082858204,-0.0312134698033332,-0.0039810771122574,-0.0175467319786548,0.0054773516021668,-0.0145443035289645,0.0014722979394719,-0.0092859109863638,0.001323198666796,-0.0073108565993607,0.0,-0.0345250889658927,-0.0002937053504865,-0.0045822979882359,0.0099867871031165,0.0029105767607688,-0.0008724380168132,0.0113089960068464,0.0048028212040662,0.0158955324441194,0.0010138961952179,0.0132355578243732,0.0097553608939051,-0.008223951794207,0.0036049026530236,0.0023778963368386,-0.0084769586101174,-0.0106649389490485,-0.0021736200433224,0.0037783039733767,-0.0024687505792826,0.0076142060570418,0.037996806204319,0.0033423376735299,0.0011219382286071,-0.006483235862106,0.0197534840553998,0.0079693971201777,-0.0206072255969047,0.0155390566214919,0.0074344053864479,-0.0022609720472246,0.0018100425368174,-0.0062590786255896,-0.0036135443951934,-0.0073283268138766,-0.0164597611874342,-0.0074320239946246,0.0068074841983616,0.0134615404531359,-0.0019721002317965,-0.0011205329792574,0.009174333885312,0.0098609859123826,-0.0074310810305178,0.0034959069453179,0.0081892763999873,0.0050235071021718,0.0118289162265923,0.0149115067533271,0.0115255455156579,0.0197713746294316,-0.0010615662987627,0.0365834211112374,0.0216863872148389,0.1148794617378972,0.0911078763857027,0.0745087565502387,2019-02-14,2019-02-15,2019-02-19,2019-02-20,2019-02-21,2019-02-22,2019-02-25,2019-02-26,2019-02-27,2019-02-28,18729.0,2019-02-13,252.0,-0.1212%,-0.0002,0.4191,-0.3634,-0.1243,1.1343%,1.2396%,16.2714%,-0.0021809999999999,CL,18729.0,2019-02-14,252.0,-0.7431%,-0.0003,0.4203,-0.3662,-0.1211,1.1348%,1.2405%,16.3133%,-0.005482,CL,18729.0,2019-02-15,252.0,1.5737%,-0.0001,0.4407,-0.3466,-0.0863,1.1337%,1.2430%,16.8095%,0.012385,CL,18729.0,2019-02-19,252.0,0.3610%,-0.0002,0.4362,-0.3367,-0.0747,1.1290%,1.2347%,16.3782%,0.0039369999999999,CL,18729.0,2019-02-20,252.0,-0.3147%,-0.0002,0.435,-0.3414,-0.0796,1.1288%,1.2346%,16.4120%,-0.0029249999999999,CL,18729.0,2019-02-21,252.0,0.2857%,-0.0001,0.4273,-0.3562,-0.0937,1.1229%,1.2283%,16.4308%,0.003944,CL,18729.0,2019-02-22,252.0,0.2999%,-0.0001,0.4268,-0.3454,-0.0902,1.1218%,1.2258%,16.2532%,0.000703,CL,18729.0,2019-02-25,252.0,-0.5680%,-0.0001,0.4273,-0.3413,-0.0864,1.1226%,1.2262%,16.1856%,-0.007481,CL,18729.0,2019-02-26,252.0,-0.0451%,-0.0002,0.4246,-0.3357,-0.0856,1.1222%,1.2234%,15.8609%,-0.002337,CL,18729.0,2019-02-27,252.0,-0.9325%,-0.0002,0.4223,-0.3344,-0.086,1.1232%,1.2228%,15.6160%,-0.009272,CL,18729.0,2019-02-28,252.0,0.0000%,-0.0002,0.416,-0.3387,-0.0909,1.1210%,1.2186%,15.3764%,0.001061,CL,-0.007663,0.004722,0.008659,0.0096779999999999,-0.007648
21875,CUMMINS INC,"Cummins Filing Shows Registration For Mixed Securities Offering, No Size Disclosed",6,uncertain,0.6,0.2,"the registration for a mixed securities offering could indicate a need for capital, which may raise concerns among investors, but without a disclosed size, the impact on stock price remains unclear.",1,2019-02-13,CMI,2019-02-13 22:09:00+00:00,41080.0,23102110,0.0060610938817262,1137725.0,-0.0086438823491334,0.0243622679263353,0.0269502736628055,-0.0006744409329257,-0.0116421012207865,-0.0089559974148869,0.0112585946917533,0.0018077603308483,-0.0011583247687667,-0.0031371058430522,0.0088920295238494,0.0071933264844119,0.0041173403151333,0.0139049366116523,-0.0049333949573338,-0.0027190123219043,0.0003219564387109,0.0051243510097265,-0.0081745898351073,-0.000136659873533,0.0020767559763044,0.0249264631420373,0.00407997937873,-0.0273766629397869,-0.0035473930183798,0.0205017514526844,0.0001941794180311,0.0030672878492623,-0.0014885514974594,-0.0186755768954753,0.0018148554954677,-0.0290914252400398,0.0224492829293012,0.037629161030054,0.0024044855963438,0.0263847429305315,-0.0092159546911716,0.017782587558031,0.000955618568696,-0.0094844317063689,0.0019095095340162,0.0049448362551629,0.0199479032307863,0.0015071517555043,-0.0027405943255871,0.0135302292183041,-0.0146774472668767,0.0019679612014442,0.0054513225331902,0.002630814211443,-0.0188500210642814,0.0049203066155314,0.0052688559517264,0.0415327548980712,-0.0011504805879667,-0.0197930671274662,-0.0046074180863797,-0.0019454841967672,0.00282868812792,0.0150387035682797,0.0120519874617457,-0.0069391927681863,0.0282511357218027,0.0115205189213156,-0.0030801454558968,0.0444657690823078,-0.0023481731768697,-0.0212915558367967,0.0122638326138258,-0.0145261650905013,-0.0009789415635168,-0.0059591932222247,-0.0004899970954284,-0.0034261988475918,-0.009069156832993,-0.0008368247654289,0.0051325615495443,-0.0178571380674839,0.0124277370050549,-0.0046850959770381,0.009176043793559,-0.0110318455845117,-0.0066237491555511,0.0116816023364663,0.0136388437822461,-0.0138674844056367,-0.0075349509716033,-0.0166667588055133,0.0113279679790139,-0.025932865217328,-0.0112010827288031,-0.0278745777904987,0.0051216608844697,-0.0400079116225242,-0.0038366967346519,0.0093340640887618,-0.024252263829112,0.0192982498556375,0.0074009927920997,-0.0024232675787061,0.0048977779224514,0.0232814792543649,0.0130985369905829,-0.0136558851227164,-0.0049310969188809,0.0164353623986244,0.0042303558439016,-0.0013103616656735,0.0181741844862699,0.0127820204943418,-0.0093976967036724,-0.0174993351101875,-0.0118735404685139,-0.0094487080350518,-0.0015699203358963,-0.0023735663853585,-6.053683318896219e-05,0.0111081348732113,0.0003024256147909,0.0171626042574644,-0.0086438823491334,0.0243622679263353,0.0180734363188537,0.023671396082701,0.0062209223230356,0.0145033977056907,0.0163709030038352,0.0131490187806047,0.016502766162838,0.036958521715263,0.0290367692859054,0.1528937367405902,0.091046764299653,0.05866091914884,2019-02-14,2019-02-15,2019-02-19,2019-02-20,2019-02-21,2019-02-22,2019-02-25,2019-02-26,2019-02-27,2019-02-28,41080.0,2019-02-13,252.0,0.6061%,-0.0001,1.1106,0.0764,0.6483,1.1284%,1.5608%,47.7337%,0.002355,CMI,41080.0,2019-02-14,252.0,-0.8644%,-0.0001,1.1114,0.0749,0.6496,1.1284%,1.5618%,47.7942%,-0.003049,CMI,41080.0,2019-02-15,252.0,2.6950%,0.0,1.1337,0.0962,0.6875,1.1246%,1.5710%,48.7550%,0.010985,CMI,41080.0,2019-02-19,252.0,-1.1642%,0.0,1.1352,0.0795,0.6685,1.1251%,1.5722%,48.7933%,-0.016238,CMI,41080.0,2019-02-20,252.0,1.1259%,0.0,1.1365,0.0815,0.6728,1.1255%,1.5737%,48.8501%,0.00515,CMI,41080.0,2019-02-21,252.0,-0.1158%,-0.0,1.1413,0.0924,0.6816,1.1211%,1.5730%,49.2004%,0.004551,CMI,41080.0,2019-02-22,252.0,0.8892%,0.0,1.1397,0.0957,0.6653,1.1232%,1.5739%,49.0710%,0.010885,CMI,41080.0,2019-02-25,252.0,0.4117%,-0.0,1.1413,0.0954,0.6709,1.1202%,1.5726%,49.2554%,0.003754,CMI,41080.0,2019-02-26,252.0,-0.4933%,-0.0,1.1421,0.0951,0.6714,1.1202%,1.5700%,49.0899%,-0.000383,CMI,41080.0,2019-02-27,252.0,0.0322%,-0.0,1.1418,0.0955,0.6714,1.1202%,1.5680%,48.9598%,-0.000181,CMI,41080.0,2019-02-28,252.0,-0.8175%,-0.0001,1.1451,0.0977,0.6745,1.1199%,1.5678%,48.9721%,-0.0030759999999999,CMI,-0.000694,0.010291,-0.0059469999999999,0.003754,0.014753
21883,COMTECH TELECOMMUNICATIONS CORP,Comtech Telecom Wins $1.8M Delivery Order For Satellite Earth Station Equipment,6,increase,0.75,0.6,"the $1.8m delivery order for satellite earth station equipment is likely to be viewed positively by investors, indicating strong demand and potential revenue growth for comtech telecommunications corp.",2,2019-02-13,CMTL,2019-02-13 14:00:00+00:00,26201.0,20582620,0.0026525084394961,141125.0,0.0185185819864273,0.0248543452471494,0.0092764375731349,0.0157790780067443,-0.0099264867603778,0.0079523166641592,-0.0037133449222892,-0.0259488802403211,0.0119269359856843,0.0011631941888481,-0.0040515176951885,0.0153543818742036,-0.0022189856972545,0.021721601486206,-0.0114899734035134,-0.0044052344746887,-0.0033745837863534,0.0,-0.0030097789131104,0.0,0.013584928587079,-0.000400329416152,-0.0059568071737885,-0.0230739209800958,-0.0116105377674102,0.0195374712347984,-0.0049260766245424,0.0040032179094851,-0.0959634557366371,-0.0142068117856979,-0.0033698368351906,-0.0120857497677207,-0.0511411279439926,0.0194753482937812,0.0080177458003163,0.003189789596945,0.0172338187694549,0.0056134476326406,-0.0321459509432315,0.0060265627689659,0.014811486005783,-0.0020048574078828,-0.0088456766679883,-0.0055821128189563,-0.0191878769546747,0.0023980601690709,0.0104640377685427,0.0113177318125963,0.0,0.0131040001288056,-0.046825710684061,0.0032867675181478,0.0165328476577997,0.0167084205895662,0.0013939952477812,-0.0058139283210039,-0.0023201503790915,-0.0106820138171315,0.0553488619625568,0.0167084205895662,0.0233582537621259,-0.0008346640970557,0.016365248709917,0.0046121049672365,-0.0088983466848731,0.0374075956642627,-0.0119708757847547,-0.0472440719604492,-0.000865445996169,-0.0390283316373825,0.003897797781974,-0.0156801100820303,0.0159619897603988,-0.0169557034969329,-0.0131634594872593,0.0367558933794498,0.0124785248190164,-0.0234100073575973,0.0106247337535023,-0.0115696545690298,0.0,-0.0065134125761687,-0.0113540980964899,0.0279638040810823,0.0119098387658596,-0.0124465078115463,0.002532691694796,-0.0959916114807128,-0.0042105424217879,0.1196850761771202,-0.0160676185041666,0.0155937382951378,0.0167597495019435,-0.0413951687514782,-0.0008453279151581,0.0215348172932863,-0.0329948738217353,0.0130901169031858,0.0013122825184836,-0.0125343361869454,0.0567934103310108,0.0130952345207333,-0.0272839944809675,-0.0315142087638378,-0.0097748171538114,0.010878037661314,0.0214592274278402,0.0098077682778239,0.0214285813271999,0.0079082185402512,-0.0139860203489661,-0.0351010374724865,-0.0237797126173973,0.0019112857989966,-0.0076923207379877,-0.0117113515734672,0.0008613461977802,0.0126243280246853,-0.0064543727785348,-0.0260805059224367,0.0185185819864273,0.0248543452471494,0.0279668060293023,0.0410256019063552,0.0177627071391446,0.0493041671482117,0.026077118298512,0.0232647717254672,0.0015117497558063,0.0568682475767916,-0.142479161722198,0.1067590934169817,-0.1236784490851135,-0.0128236595134511,2019-02-14,2019-02-15,2019-02-19,2019-02-20,2019-02-21,2019-02-22,2019-02-25,2019-02-26,2019-02-27,2019-02-28,26201.0,2019-02-13,252.0,0.2653%,0.0009,0.8283,0.7148,0.1507,2.4718%,2.6424%,12.4961%,-0.000308,CMTL,26201.0,2019-02-14,252.0,1.8519%,0.001,0.8242,0.7236,0.1415,2.4738%,2.6444%,12.4827%,0.017315,CMTL,26201.0,2019-02-15,252.0,0.9276%,0.0011,0.8368,0.7345,0.1614,2.4713%,2.6448%,12.6898%,-0.002625,CMTL,26201.0,2019-02-19,252.0,-0.9926%,0.001,0.8322,0.7272,0.1535,2.4730%,2.6445%,12.5533%,-0.014231,CMTL,26201.0,2019-02-20,252.0,-0.3713%,0.001,0.8304,0.7265,0.1481,2.4731%,2.6445%,12.5425%,-0.007839,CMTL,26201.0,2019-02-21,252.0,1.1927%,0.001,0.8297,0.7284,0.1467,2.4744%,2.6454%,12.5073%,0.015749,CMTL,26201.0,2019-02-22,252.0,-0.4052%,0.0007,0.8349,0.6379,0.1258,2.4414%,2.6116%,12.6113%,-0.011394,CMTL,26201.0,2019-02-25,252.0,-0.2219%,0.0008,0.8315,0.6357,0.112,2.4344%,2.6050%,12.6690%,-0.001686,CMTL,26201.0,2019-02-26,252.0,-1.1490%,0.0008,0.8446,0.6322,0.12,2.4316%,2.6055%,12.9035%,-0.005822,CMTL,26201.0,2019-02-27,252.0,-0.3375%,0.0008,0.8383,0.6416,0.1189,2.4303%,2.6026%,12.8026%,-0.005292,CMTL,26201.0,2019-02-28,252.0,-0.3010%,0.0008,0.8373,0.6409,0.1185,2.4303%,2.6012%,12.7124%,-0.000342,CMTL,0.017007,0.014382,0.000151,0.0080609999999999,-0.016475
21891,COPA HOLDINGS SA,"Copa Holdings Q4 Adj. EPS $1.04 Misses $1.15 Estimate, Sales $656.1M Miss $666.27M Estimate",6,decrease,0.8,0.7,"the company reported lower-than-expected earnings and sales, which typically leads to a negative reaction in stock prices.",0,2019-02-13,CPA,2019-02-13 23:01:00+00:00,91065.0,P3107610,0.012501398101449,427713.0,-0.0055930642411112,-0.021741421893239,-0.0307757761329412,-0.0057160989381372,-0.0067885988391935,-0.0064022629521787,-0.0089295292273163,-0.0071765896864235,-0.0063403747044503,-0.0116526652127504,-0.0005597565323114,0.019314220175147,0.0144489351660013,0.0180862378329038,-0.0104890903457999,0.0026357406750321,-0.0139477960765361,0.0051928558386862,0.005129924044013,-0.0269155465066433,-0.0205284971743822,-0.0247410144656896,-0.0151690309867262,0.0191677194088697,-0.0052910591475665,0.0192226953804493,0.0017730677500367,0.0531411804258823,-0.0224188975989818,0.0286328513175249,-0.0006034450489096,-0.0403996631503105,0.0137681076303124,0.0385743081569671,-0.0090541113168001,0.0211933199316263,0.0123827699571847,0.0279422290623188,-0.002731216372922,-0.019616974517703,-0.00535847293213,-0.0095424437895417,-0.0106548471376299,0.0028825087938457,-0.005203295033425,-0.0086866440251469,-0.0038924668915569,0.034894686192274,0.0085480147972702,0.014520569704473,-0.0439520217478275,0.0057936436496675,-0.0094984807074069,0.0470112636685371,0.0158547237515449,-0.0262122172862291,-0.0015103224432095,0.032397449016571,-0.0079415710642933,0.0301007106900215,0.0242694243788719,-0.0050781168974936,0.0333705805242061,-0.0020789506379514,-0.003001200268045,0.051078911870718,0.0079469718039035,-0.0005460130050778,0.0133795570582151,-0.0336366631090641,0.0137922689318656,-0.0127621218562126,-0.0205813571810722,-0.0105656450614333,-0.0294432304799556,0.0334221348166465,0.0248317886143922,-0.0352003835141658,0.0082358848303556,0.0056846872903406,-0.020599003881216,-0.0318948775529861,-0.02405421808362,0.0040185824036598,-0.0122615545988082,0.0268213301897049,0.0095298076048493,-0.0209568999707698,0.0124208172783255,-0.0442808680236339,-0.0320206172764301,-0.0092050721868872,0.0160962808877229,-0.0457449443638324,-0.0068603646941483,0.0309303179383277,-0.020472303032875,0.0243343766778707,0.0210283305495977,0.0043104109354317,0.0011302771745249,0.0276854932308197,0.0444054305553436,-0.0267066266387701,-0.0208984557539224,0.0187896657735109,0.0147203709930181,0.0587778724730014,0.0336073338985443,0.0232650637626647,-0.0285380408167839,-0.0034251366741955,-0.011557899415493,0.0124033112078905,-0.0088915433734655,-0.106103889644146,0.1963868141174316,0.0303401723504066,-0.0319465920329093,0.020047690719366,-0.0055930642411112,-0.021741421893239,-0.0361967094810709,-0.0273332447127787,-0.0427395833802987,-0.0335605130449699,-0.0573026611867686,-0.0516770286372748,-0.0626495286949232,-0.0348561901445715,-0.1633267465160039,0.2248395826711107,0.0018816823532536,0.1849503307622597,2019-02-14,2019-02-15,2019-02-19,2019-02-20,2019-02-21,2019-02-22,2019-02-25,2019-02-26,2019-02-27,2019-02-28,91065.0,2019-02-13,252.0,1.2501%,-0.0009,1.0996,0.8186,0.4979,2.1305%,2.4219%,22.6113%,0.008482,CPA,91065.0,2019-02-14,252.0,-0.5593%,-0.0009,1.1004,0.8165,0.5002,2.1307%,2.4220%,22.6079%,-0.004753,CPA,91065.0,2019-02-15,252.0,-3.0776%,-0.0011,1.0716,0.7856,0.4468,2.1506%,2.4265%,21.4455%,-0.047753,CPA,91065.0,2019-02-19,252.0,-0.6789%,-0.0011,1.0711,0.7761,0.4362,2.1515%,2.4267%,21.3921%,-0.012544,CPA,91065.0,2019-02-20,252.0,-0.8930%,-0.0012,1.0675,0.7694,0.4237,2.1533%,2.4272%,21.2996%,-0.0151709999999999,CPA,91065.0,2019-02-21,252.0,-0.6340%,-0.0013,1.0741,0.7828,0.4357,2.1501%,2.4269%,21.5101%,-0.000978,CPA,91065.0,2019-02-22,252.0,-0.0560%,-0.0013,1.075,0.7739,0.4386,2.1500%,2.4264%,21.4848%,-0.005542,CPA,91065.0,2019-02-25,252.0,1.4449%,-0.0014,1.0791,0.7697,0.4518,2.1405%,2.4185%,21.6657%,0.015538,CPA,91065.0,2019-02-26,252.0,-1.0489%,-0.0014,1.0748,0.7754,0.4514,2.1400%,2.4157%,21.5254%,-0.002445,CPA,91065.0,2019-02-27,252.0,-1.3948%,-0.0014,1.0792,0.7633,0.4521,2.1409%,2.4170%,21.5398%,-0.015947,CPA,91065.0,2019-02-28,252.0,0.5130%,-0.0014,1.0765,0.7618,0.4476,2.1420%,2.4153%,21.3501%,0.009353,CPA,0.0037289999999999,-0.0440239999999999,-0.0565679999999999,-0.072717,-0.07176
21899,COOPER STANDARD HOLDINGS INC,Seaport Global Initiates Coverage On Cooper-Standard Holdings with Neutral Rating,6,uncertain,0.6,0.2,"the initiation of coverage with a neutral rating suggests a lack of strong positive or negative sentiment, leading to uncertainty in the stock price movement.",1,2019-02-13,CPS,2019-02-13 11:53:00+00:00,14185.0,21676P10,0.0005415041814558,113304.0,0.0032471634913235,0.0344489403069019,-0.1293324828147888,0.0223336461931467,-0.043370496481657,-0.032280433923006,0.019268175587058,-0.0401595309376716,-0.0149325244128704,-0.0098749184980988,0.0183841846883297,-0.0115825021639466,0.0011084669968113,-0.0046632206067442,-0.011705182492733,0.0096782352775335,-0.0262483898550272,0.0115094957873225,-0.0119986776262521,0.020245648920536,0.0342704616487026,-0.0075017437338829,0.0110986400395631,-0.0054622441530227,-0.0318167358636856,0.0192829743027687,-0.0366414636373519,0.0179707370698452,-0.0271192248910665,-0.0169860050082206,-0.0150771494954824,-0.0083547066897153,0.0345318354666233,0.0308376345783472,-0.020818980410695,0.0136581426486372,-0.0311017483472824,0.011104766279459,-0.0335509330034256,-0.018034404143691,-0.0076937479898333,0.0381712205708026,0.0066187302581965,-0.0303967930376529,-0.0231072623282671,0.0195122044533491,-0.0326923206448555,0.0101448837667703,0.0159045569598674,0.0303120613098144,-0.0279843509197235,0.0439594648778438,-0.0100664384663105,0.0390346571803093,-0.0205409470945596,-0.0321366861462593,0.0180647615343332,0.0268834829330444,-0.025086672976613,0.0271163918077945,-0.0175732243806123,0.0013244703877717,0.05387569591403,0.0071702566929161,-0.0054556564427912,0.0291745457798242,0.0631857067346572,-0.0379725806415081,0.0338237434625625,-0.0224338192492723,-0.0009242003434337,-0.020085409283638,0.0149861499667167,-0.0167936254292726,-0.0173168200999498,0.0159557405859231,0.0242997836321592,-0.0273509919643402,-0.0090546896681189,-0.0050451280549168,0.0316154882311821,-0.0141672166064381,-0.0189548209309577,0.0126679167151451,0.036475270986557,-0.0150330737233161,0.0222996305674314,-0.0092344768345355,0.0052829138003289,-0.0543662048876285,-0.0603492334485054,-0.0054629417136311,0.0162367224693298,-0.0464806109666824,-0.0213030483573675,0.0239332597702741,-0.0798113793134689,0.0064693903550505,0.004139544442296,-0.0223387982696294,0.0084413094446063,0.0224270392209291,-0.0136266453191638,-0.0166419055312871,-0.0398657321929931,0.001219235593453,0.1103802397847176,-0.0055234222672879,-0.0007404834614135,-0.0037578684277832,0.0266765225678682,-0.0121967140585184,-0.0571995340287685,-0.0010594865307211,-0.0044019049964845,0.002655750606209,-0.0319107994437217,0.005205544643104,0.0432883277535438,0.0110661229118704,0.0032471634913235,0.0344489403069019,-0.1265052830399036,0.0575519569445919,-0.1643891825885675,0.0234137208782962,-0.1610066896022661,-0.0273863638675924,-0.186713597347672,-0.0029692758010424,-0.3532675279328174,0.2213955537873584,-0.289135451106294,-0.0031038573109752,2019-02-14,2019-02-15,2019-02-19,2019-02-20,2019-02-21,2019-02-22,2019-02-25,2019-02-26,2019-02-27,2019-02-28,14185.0,2019-02-13,252.0,0.0542%,-0.0016,1.1667,0.203,0.2835,2.1402%,2.4465%,23.4735%,-0.003146,CPS,14185.0,2019-02-14,252.0,0.3247%,-0.0015,1.1661,0.2079,0.276,2.1373%,2.4445%,23.5562%,0.006186,CPS,14185.0,2019-02-15,252.0,-12.9332%,-0.0022,1.0698,0.1059,0.0991,2.3164%,2.5705%,18.7948%,-0.144454,CPS,14185.0,2019-02-19,252.0,-4.3370%,-0.0023,1.0603,0.0797,0.0704,2.3328%,2.5822%,18.3890%,-0.046108,CPS,14185.0,2019-02-20,252.0,1.9268%,-0.0024,1.0615,0.0635,0.0698,2.3200%,2.5711%,18.5790%,0.016591,CPS,14185.0,2019-02-21,252.0,-1.4933%,-0.0025,1.0684,0.0758,0.0826,2.3189%,2.5720%,18.7096%,-0.0109,CPS,14185.0,2019-02-22,252.0,1.8384%,-0.0025,1.0662,0.0818,0.0614,2.3207%,2.5750%,18.7768%,0.012136,CPS,14185.0,2019-02-25,252.0,0.1108%,-0.0025,1.0676,0.082,0.0665,2.3196%,2.5741%,18.7976%,-0.000268,CPS,14185.0,2019-02-26,252.0,-1.1705%,-0.0025,1.0749,0.0845,0.0732,2.3191%,2.5745%,18.8537%,-0.009353,CPS,14185.0,2019-02-27,252.0,-2.6248%,-0.0026,1.0703,0.0852,0.0724,2.3237%,2.5756%,18.6056%,-0.027388,CPS,14185.0,2019-02-28,252.0,-1.1999%,-0.0027,1.0757,0.0887,0.0777,2.3235%,2.5761%,18.6483%,-0.008617,CPS,0.00304,-0.141414,-0.187522,-0.181831,-0.2153209999999999
21907,CONSUMER PORTFOLIO SVCS INC,"Consumer Portfolio Late Tuesday Reported Q4 EPS $0.13, Inline, Sales $91.218M Missed $94.42M Estimate",6,decrease,0.7,0.5,"the earnings per share (eps) met expectations, but the sales figure missed estimates, which could lead to negative sentiment among investors.",0,2019-02-13,CPSS,2019-02-13 12:43:00+00:00,78018.0,21050210,-0.0458936765789985,34706.0,0.0405063517391681,0.0122248688712716,0.0145985260605812,0.0073892143554985,-0.0047961585223674,0.0201004836708307,0.0072288513183593,0.0205128006637096,0.0191388521343469,0.010362746194005,-0.053990613669157,-0.0077121360227465,0.0198510959744453,0.0156658440828323,0.0,-0.0026041641831398,0.0218977313488721,-0.0051813423633575,0.0023810069542378,0.0131233474239707,-0.0023753512650728,0.0269541516900062,-0.0333333015441894,0.016438340768218,-0.0073890970088541,-0.0188171863555908,-0.017369769513607,0.0,0.0227273106575012,0.0054053999483585,0.0370369404554367,0.0,0.0476191192865371,-0.0026954151690006,-0.0204545799642801,0.0081521663814783,0.0185614675283432,0.0222222674638032,0.0022779565770179,-0.0055248569697141,0.0022726708557456,0.0,0.004535143263638,0.0055555505678057,-0.0248306225985288,0.0112359449267387,0.0023147573228925,0.0028168987482786,-0.0692839995026588,-0.0028089862316846,-0.0471464730799198,0.0084985755383968,-0.0625000074505806,0.0474777705967426,-0.0166666507720947,0.030581010505557,0.0056497124023735,0.086378738284111,-0.0028089862316846,-0.0534591414034366,-0.0169013924896717,0.0564784295856952,0.0343839228153228,-0.0131147420033812,-0.0166204832494258,-0.0286624673753976,0.0,-0.009463713504374,0.0281690545380115,0.0031645537819713,0.008219170384109,-0.042424201965332,0.0027173885609954,-0.0149253597483038,-0.0243902839720249,-0.0147059382870793,0.0055555505678057,-0.0029325485229492,-0.002762428484857,0.0209581349045038,-0.0193905644118785,-0.017647111788392,0.0169491358101368,-0.0340908765792846,0.0083333915099501,0.0,0.0055096363648772,-0.0056497124023735,-0.0273972991853952,-0.0028168987482786,-0.0366196855902671,-0.0083798803389072,0.0175438430160284,0.0028011177200824,-0.0229884833097457,-0.0138121424242854,-0.0088235912844538,-0.0320855937898159,0.0385757014155387,0.0303029995411634,0.0085714207962155,-0.0027472500223666,-0.0028328585904091,-0.052083283662796,0.0,-0.0103093292564153,-0.0284090638160705,0.0264550652354955,0.0175438430160284,0.0079999919980764,0.0229884833097457,-0.01832458935678,0.0196629706770181,0.0760563313961029,0.0936638861894607,-0.0633245408535003,-0.0831234082579612,-0.0104438541457057,-0.0137363160029053,0.0026177985128015,0.0405063517391681,0.0122248688712716,0.0556962108312326,0.0197044154033279,0.0506329244526233,0.0402009673542165,0.078481058920858,0.072538855487507,0.0658227809514757,0.0866141556499753,-0.1012658477210793,0.3018867287828102,-0.0911392780128846,0.0837696208031208,2019-02-14,2019-02-15,2019-02-19,2019-02-20,2019-02-21,2019-02-22,2019-02-25,2019-02-26,2019-02-27,2019-02-28,78018.0,2019-02-13,252.0,-4.5894%,0.0005,0.322,0.8087,0.6455,2.5253%,2.5755%,3.8603%,-0.0478559999999999,CPSS,78018.0,2019-02-14,252.0,4.0506%,0.0004,0.3088,0.8285,0.6302,2.5128%,2.5630%,3.8834%,0.040621,CPSS,78018.0,2019-02-15,252.0,1.4599%,0.0005,0.3293,0.8475,0.6642,2.5097%,2.5638%,4.1773%,0.005913,CPSS,78018.0,2019-02-19,252.0,-0.4796%,0.0003,0.3128,0.8612,0.681,2.4939%,2.5487%,4.2552%,-0.009972,CPSS,78018.0,2019-02-20,252.0,0.7229%,0.0004,0.3152,0.8769,0.6923,2.4894%,2.5461%,4.4102%,0.0008939999999999,CPSS,78018.0,2019-02-21,252.0,1.9139%,0.0006,0.3018,0.8546,0.6677,2.4890%,2.5420%,4.1324%,0.022411,CPSS,78018.0,2019-02-22,252.0,-5.3991%,0.0005,0.3088,0.8551,0.752,2.5089%,2.5652%,4.3350%,-0.050938,CPSS,78018.0,2019-02-25,252.0,1.9851%,0.0006,0.3065,0.8418,0.7363,2.5100%,2.5644%,4.2040%,0.022865,CPSS,78018.0,2019-02-26,252.0,0.0000%,0.0006,0.3009,0.8365,0.7295,2.5101%,2.5640%,4.1659%,0.0082069999999999,CPSS,78018.0,2019-02-27,252.0,2.1898%,0.0007,0.2999,0.8442,0.7294,2.5132%,2.5676%,4.1884%,0.020813,CPSS,78018.0,2019-02-28,252.0,0.2381%,0.0008,0.2878,0.8361,0.7197,2.5099%,2.5624%,4.0587%,0.004866,CPSS,-0.0072349999999999,-0.0013219999999999,-0.0112939999999999,0.012011,0.017824
21915,CHARLES RIVER LABS INTL INC,"Charles River Laboratories shares are trading higher after the company reported Q4 EPS of $1.49, beating the $1.40 estimate and Q4 sales of $601.5 million, beating the $590.75 million estimate; the company reported it sees FY19 sales growth of 10%-15%.",6,increase,0.8,0.7,"the company beat both eps and sales estimates, which typically signals strong performance and can lead to an increase in stock price.",2,2019-02-13,CRL,2019-02-13 16:33:00+00:00,88281.0,15986410,0.0767801702022552,940369.0,0.0041690762154757,0.02482745423913,0.0083035342395305,0.0051024425774812,0.0019168271683156,0.0003988120297435,0.0038262116722762,-0.0087754018604755,0.0050822421908378,0.0007119963411241,0.0160123519599437,-0.0078492937609553,0.0044238572008907,0.0263433847576379,-0.0316563956439495,0.0076304473914206,0.013218680396676,0.0074419667944312,-0.0028057033196091,0.0242063775658607,0.013504946604371,0.006830811034888,-0.0200569052249193,-0.0015156643930822,-0.0029744913335889,0.0063553936779499,-0.0195340253412723,-0.0067334016785025,0.0032601386774331,0.0103750424459576,-0.0038272587116807,-0.0135894874110817,0.0173976738005876,0.0064162276685237,0.0009975018911063,0.0121336253359913,0.0072602247819304,0.0048943818546831,-0.0036745744291692,-0.0041046976111829,0.0176607575267553,-0.0190419983118772,0.0098968371748924,-0.0031775003299117,0.0062802187167108,0.013560458086431,-0.0047322027385234,0.0034869536757469,0.0110942712053656,0.0445984750986099,-0.038846842944622,0.0256036221981048,0.0093597630038857,0.0470330119132995,0.0059711332432925,-0.0564406961202621,-0.0136870918795466,-0.0184661950916051,0.0148682435974478,0.0130683770403266,0.0133249871432781,0.0122315706685185,0.0017211703816428,0.0018154177814722,0.0142955454066395,0.0483395382761955,0.0065727145411074,-0.0502485781908035,-0.0313699319958686,-0.0293007846921682,6.945935456315055e-05,-0.040245845913887,0.0063238618895411,-0.0103325182572007,-0.0048338994383811,-0.0019958242774009,0.0077024535275995,-0.037692055106163,-0.0069549269974231,-0.0231394544243812,0.0012481289450079,-0.0143319508060813,-0.0079644983634352,0.0075304810889065,-0.0365819968283176,0.0086132520809769,-0.0326086953282356,-0.0089244255796074,0.0122846392914652,-0.0151329543441534,-0.010507607832551,-0.0208052601665258,0.0173496268689632,-0.0263062063604593,0.0070567978546023,0.0176491625607013,0.0218978095799684,0.0139098204672336,0.0194999687373638,-0.0117402421310544,-0.0014712496194988,0.0376253277063369,-0.0143839670345187,0.0033263145014643,-0.0221399627625942,0.0146782007068395,0.0172538962215185,0.0179784260690212,0.019179904833436,0.0130322212353348,-0.0006319523672573,-0.0116799930110573,-0.0566330254077911,-0.0449266843497753,0.0150454668328166,0.0022974654566496,0.0029350887052714,0.0145287467166781,-0.001024285913445,-0.0189038477838039,0.0041690762154757,0.02482745423913,0.0125072285221088,0.0300565774762116,0.014448029885856,0.0304673764306255,0.0235049200435648,0.0221518616841731,0.0219235434048592,0.0821676653796912,0.0303335340416313,0.1564625431706312,-0.0185451515663291,-0.0151688815913566,2019-02-14,2019-02-15,2019-02-19,2019-02-20,2019-02-21,2019-02-22,2019-02-25,2019-02-26,2019-02-27,2019-02-28,88281.0,2019-02-13,252.0,7.6780%,0.0009,1.1922,0.3058,-0.3747,1.2118%,1.8526%,57.2196%,0.073468,CRL,88281.0,2019-02-14,252.0,0.4169%,0.0007,1.1884,0.3051,-0.3683,1.1702%,1.8207%,58.6961%,0.002809,CRL,88281.0,2019-02-15,252.0,0.8304%,0.0007,1.1795,0.2965,-0.3835,1.1697%,1.8153%,58.4761%,-0.00422,CRL,88281.0,2019-02-19,252.0,0.1917%,0.0007,1.1866,0.2859,-0.3961,1.1606%,1.8147%,59.0958%,-0.000134,CRL,88281.0,2019-02-20,252.0,0.3826%,0.0008,1.1887,0.2974,-0.3868,1.1565%,1.8122%,59.2756%,0.003021,CRL,88281.0,2019-02-21,252.0,0.5082%,0.0009,1.1856,0.2929,-0.3924,1.1574%,1.8110%,59.1593%,0.008699,CRL,88281.0,2019-02-22,252.0,1.6012%,0.0008,1.1858,0.2886,-0.3943,1.1572%,1.8134%,59.2774%,0.000826,CRL,88281.0,2019-02-25,252.0,0.4424%,0.0009,1.1839,0.2859,-0.4028,1.1527%,1.8110%,59.4916%,0.0025859999999999,CRL,88281.0,2019-02-26,252.0,-3.1656%,0.0007,1.1802,0.3315,-0.3825,1.1634%,1.8104%,58.7048%,-0.029362,CRL,88281.0,2019-02-27,252.0,1.3219%,0.0008,1.1876,0.3213,-0.3812,1.1606%,1.8117%,58.9608%,0.010968,CRL,88281.0,2019-02-28,252.0,-0.2806%,0.0008,1.1902,0.323,-0.3791,1.1603%,1.8104%,58.9234%,-0.000241,CRL,0.076277,0.072057,0.071923,0.083643,0.06842
21923,CHARLES RIVER LABS INTL INC,Charles River Laboratories Signs Binding Offer To Acquire Citoxlab For ~$510M In Cash,6,increase,0.7,0.6,"the acquisition of citoxlab for $510m could be seen as a strategic move to enhance charles river laboratories' capabilities, potentially leading to positive investor sentiment and an increase in stock price.",2,2019-02-13,CRL,2019-02-13 12:15:00+00:00,88281.0,15986410,0.0767801702022552,940369.0,0.0041690762154757,0.02482745423913,0.0083035342395305,0.0051024425774812,0.0019168271683156,0.0003988120297435,0.0038262116722762,-0.0087754018604755,0.0050822421908378,0.0007119963411241,0.0160123519599437,-0.0078492937609553,0.0044238572008907,0.0263433847576379,-0.0316563956439495,0.0076304473914206,0.013218680396676,0.0074419667944312,-0.0028057033196091,0.0242063775658607,0.013504946604371,0.006830811034888,-0.0200569052249193,-0.0015156643930822,-0.0029744913335889,0.0063553936779499,-0.0195340253412723,-0.0067334016785025,0.0032601386774331,0.0103750424459576,-0.0038272587116807,-0.0135894874110817,0.0173976738005876,0.0064162276685237,0.0009975018911063,0.0121336253359913,0.0072602247819304,0.0048943818546831,-0.0036745744291692,-0.0041046976111829,0.0176607575267553,-0.0190419983118772,0.0098968371748924,-0.0031775003299117,0.0062802187167108,0.013560458086431,-0.0047322027385234,0.0034869536757469,0.0110942712053656,0.0445984750986099,-0.038846842944622,0.0256036221981048,0.0093597630038857,0.0470330119132995,0.0059711332432925,-0.0564406961202621,-0.0136870918795466,-0.0184661950916051,0.0148682435974478,0.0130683770403266,0.0133249871432781,0.0122315706685185,0.0017211703816428,0.0018154177814722,0.0142955454066395,0.0483395382761955,0.0065727145411074,-0.0502485781908035,-0.0313699319958686,-0.0293007846921682,6.945935456315055e-05,-0.040245845913887,0.0063238618895411,-0.0103325182572007,-0.0048338994383811,-0.0019958242774009,0.0077024535275995,-0.037692055106163,-0.0069549269974231,-0.0231394544243812,0.0012481289450079,-0.0143319508060813,-0.0079644983634352,0.0075304810889065,-0.0365819968283176,0.0086132520809769,-0.0326086953282356,-0.0089244255796074,0.0122846392914652,-0.0151329543441534,-0.010507607832551,-0.0208052601665258,0.0173496268689632,-0.0263062063604593,0.0070567978546023,0.0176491625607013,0.0218978095799684,0.0139098204672336,0.0194999687373638,-0.0117402421310544,-0.0014712496194988,0.0376253277063369,-0.0143839670345187,0.0033263145014643,-0.0221399627625942,0.0146782007068395,0.0172538962215185,0.0179784260690212,0.019179904833436,0.0130322212353348,-0.0006319523672573,-0.0116799930110573,-0.0566330254077911,-0.0449266843497753,0.0150454668328166,0.0022974654566496,0.0029350887052714,0.0145287467166781,-0.001024285913445,-0.0189038477838039,0.0041690762154757,0.02482745423913,0.0125072285221088,0.0300565774762116,0.014448029885856,0.0304673764306255,0.0235049200435648,0.0221518616841731,0.0219235434048592,0.0821676653796912,0.0303335340416313,0.1564625431706312,-0.0185451515663291,-0.0151688815913566,2019-02-14,2019-02-15,2019-02-19,2019-02-20,2019-02-21,2019-02-22,2019-02-25,2019-02-26,2019-02-27,2019-02-28,88281.0,2019-02-13,252.0,7.6780%,0.0009,1.1922,0.3058,-0.3747,1.2118%,1.8526%,57.2196%,0.073468,CRL,88281.0,2019-02-14,252.0,0.4169%,0.0007,1.1884,0.3051,-0.3683,1.1702%,1.8207%,58.6961%,0.002809,CRL,88281.0,2019-02-15,252.0,0.8304%,0.0007,1.1795,0.2965,-0.3835,1.1697%,1.8153%,58.4761%,-0.00422,CRL,88281.0,2019-02-19,252.0,0.1917%,0.0007,1.1866,0.2859,-0.3961,1.1606%,1.8147%,59.0958%,-0.000134,CRL,88281.0,2019-02-20,252.0,0.3826%,0.0008,1.1887,0.2974,-0.3868,1.1565%,1.8122%,59.2756%,0.003021,CRL,88281.0,2019-02-21,252.0,0.5082%,0.0009,1.1856,0.2929,-0.3924,1.1574%,1.8110%,59.1593%,0.008699,CRL,88281.0,2019-02-22,252.0,1.6012%,0.0008,1.1858,0.2886,-0.3943,1.1572%,1.8134%,59.2774%,0.000826,CRL,88281.0,2019-02-25,252.0,0.4424%,0.0009,1.1839,0.2859,-0.4028,1.1527%,1.8110%,59.4916%,0.0025859999999999,CRL,88281.0,2019-02-26,252.0,-3.1656%,0.0007,1.1802,0.3315,-0.3825,1.1634%,1.8104%,58.7048%,-0.029362,CRL,88281.0,2019-02-27,252.0,1.3219%,0.0008,1.1876,0.3213,-0.3812,1.1606%,1.8117%,58.9608%,0.010968,CRL,88281.0,2019-02-28,252.0,-0.2806%,0.0008,1.1902,0.323,-0.3791,1.1603%,1.8104%,58.9234%,-0.000241,CRL,0.076277,0.072057,0.071923,0.083643,0.06842
21931,CHARLES RIVER LABS INTL INC,"Charles River Sees FY19 Adj. EPS $6.25-$6.40 vs $6.35 Est., Sees Sales Growth 10%-15%",6,increase,0.8,0.6,"the positive guidance for adjusted eps and projected sales growth suggests strong financial performance, likely leading to an increase in stock price.",2,2019-02-13,CRL,2019-02-13 12:09:00+00:00,88281.0,15986410,0.0767801702022552,940369.0,0.0041690762154757,0.02482745423913,0.0083035342395305,0.0051024425774812,0.0019168271683156,0.0003988120297435,0.0038262116722762,-0.0087754018604755,0.0050822421908378,0.0007119963411241,0.0160123519599437,-0.0078492937609553,0.0044238572008907,0.0263433847576379,-0.0316563956439495,0.0076304473914206,0.013218680396676,0.0074419667944312,-0.0028057033196091,0.0242063775658607,0.013504946604371,0.006830811034888,-0.0200569052249193,-0.0015156643930822,-0.0029744913335889,0.0063553936779499,-0.0195340253412723,-0.0067334016785025,0.0032601386774331,0.0103750424459576,-0.0038272587116807,-0.0135894874110817,0.0173976738005876,0.0064162276685237,0.0009975018911063,0.0121336253359913,0.0072602247819304,0.0048943818546831,-0.0036745744291692,-0.0041046976111829,0.0176607575267553,-0.0190419983118772,0.0098968371748924,-0.0031775003299117,0.0062802187167108,0.013560458086431,-0.0047322027385234,0.0034869536757469,0.0110942712053656,0.0445984750986099,-0.038846842944622,0.0256036221981048,0.0093597630038857,0.0470330119132995,0.0059711332432925,-0.0564406961202621,-0.0136870918795466,-0.0184661950916051,0.0148682435974478,0.0130683770403266,0.0133249871432781,0.0122315706685185,0.0017211703816428,0.0018154177814722,0.0142955454066395,0.0483395382761955,0.0065727145411074,-0.0502485781908035,-0.0313699319958686,-0.0293007846921682,6.945935456315055e-05,-0.040245845913887,0.0063238618895411,-0.0103325182572007,-0.0048338994383811,-0.0019958242774009,0.0077024535275995,-0.037692055106163,-0.0069549269974231,-0.0231394544243812,0.0012481289450079,-0.0143319508060813,-0.0079644983634352,0.0075304810889065,-0.0365819968283176,0.0086132520809769,-0.0326086953282356,-0.0089244255796074,0.0122846392914652,-0.0151329543441534,-0.010507607832551,-0.0208052601665258,0.0173496268689632,-0.0263062063604593,0.0070567978546023,0.0176491625607013,0.0218978095799684,0.0139098204672336,0.0194999687373638,-0.0117402421310544,-0.0014712496194988,0.0376253277063369,-0.0143839670345187,0.0033263145014643,-0.0221399627625942,0.0146782007068395,0.0172538962215185,0.0179784260690212,0.019179904833436,0.0130322212353348,-0.0006319523672573,-0.0116799930110573,-0.0566330254077911,-0.0449266843497753,0.0150454668328166,0.0022974654566496,0.0029350887052714,0.0145287467166781,-0.001024285913445,-0.0189038477838039,0.0041690762154757,0.02482745423913,0.0125072285221088,0.0300565774762116,0.014448029885856,0.0304673764306255,0.0235049200435648,0.0221518616841731,0.0219235434048592,0.0821676653796912,0.0303335340416313,0.1564625431706312,-0.0185451515663291,-0.0151688815913566,2019-02-14,2019-02-15,2019-02-19,2019-02-20,2019-02-21,2019-02-22,2019-02-25,2019-02-26,2019-02-27,2019-02-28,88281.0,2019-02-13,252.0,7.6780%,0.0009,1.1922,0.3058,-0.3747,1.2118%,1.8526%,57.2196%,0.073468,CRL,88281.0,2019-02-14,252.0,0.4169%,0.0007,1.1884,0.3051,-0.3683,1.1702%,1.8207%,58.6961%,0.002809,CRL,88281.0,2019-02-15,252.0,0.8304%,0.0007,1.1795,0.2965,-0.3835,1.1697%,1.8153%,58.4761%,-0.00422,CRL,88281.0,2019-02-19,252.0,0.1917%,0.0007,1.1866,0.2859,-0.3961,1.1606%,1.8147%,59.0958%,-0.000134,CRL,88281.0,2019-02-20,252.0,0.3826%,0.0008,1.1887,0.2974,-0.3868,1.1565%,1.8122%,59.2756%,0.003021,CRL,88281.0,2019-02-21,252.0,0.5082%,0.0009,1.1856,0.2929,-0.3924,1.1574%,1.8110%,59.1593%,0.008699,CRL,88281.0,2019-02-22,252.0,1.6012%,0.0008,1.1858,0.2886,-0.3943,1.1572%,1.8134%,59.2774%,0.000826,CRL,88281.0,2019-02-25,252.0,0.4424%,0.0009,1.1839,0.2859,-0.4028,1.1527%,1.8110%,59.4916%,0.0025859999999999,CRL,88281.0,2019-02-26,252.0,-3.1656%,0.0007,1.1802,0.3315,-0.3825,1.1634%,1.8104%,58.7048%,-0.029362,CRL,88281.0,2019-02-27,252.0,1.3219%,0.0008,1.1876,0.3213,-0.3812,1.1606%,1.8117%,58.9608%,0.010968,CRL,88281.0,2019-02-28,252.0,-0.2806%,0.0008,1.1902,0.323,-0.3791,1.1603%,1.8104%,58.9234%,-0.000241,CRL,0.076277,0.072057,0.071923,0.083643,0.06842
21939,CHARLES RIVER LABS INTL INC,"Charles River Q4 Adj. EPS $1.49 Beats $1.40 Estimate, Sales $601.5M Beat $590.75M Estimate",6,increase,0.8,0.6,"the company reported better-than-expected earnings and sales, which typically leads to positive investor sentiment and an increase in stock price.",2,2019-02-13,CRL,2019-02-13 12:06:00+00:00,88281.0,15986410,0.0767801702022552,940369.0,0.0041690762154757,0.02482745423913,0.0083035342395305,0.0051024425774812,0.0019168271683156,0.0003988120297435,0.0038262116722762,-0.0087754018604755,0.0050822421908378,0.0007119963411241,0.0160123519599437,-0.0078492937609553,0.0044238572008907,0.0263433847576379,-0.0316563956439495,0.0076304473914206,0.013218680396676,0.0074419667944312,-0.0028057033196091,0.0242063775658607,0.013504946604371,0.006830811034888,-0.0200569052249193,-0.0015156643930822,-0.0029744913335889,0.0063553936779499,-0.0195340253412723,-0.0067334016785025,0.0032601386774331,0.0103750424459576,-0.0038272587116807,-0.0135894874110817,0.0173976738005876,0.0064162276685237,0.0009975018911063,0.0121336253359913,0.0072602247819304,0.0048943818546831,-0.0036745744291692,-0.0041046976111829,0.0176607575267553,-0.0190419983118772,0.0098968371748924,-0.0031775003299117,0.0062802187167108,0.013560458086431,-0.0047322027385234,0.0034869536757469,0.0110942712053656,0.0445984750986099,-0.038846842944622,0.0256036221981048,0.0093597630038857,0.0470330119132995,0.0059711332432925,-0.0564406961202621,-0.0136870918795466,-0.0184661950916051,0.0148682435974478,0.0130683770403266,0.0133249871432781,0.0122315706685185,0.0017211703816428,0.0018154177814722,0.0142955454066395,0.0483395382761955,0.0065727145411074,-0.0502485781908035,-0.0313699319958686,-0.0293007846921682,6.945935456315055e-05,-0.040245845913887,0.0063238618895411,-0.0103325182572007,-0.0048338994383811,-0.0019958242774009,0.0077024535275995,-0.037692055106163,-0.0069549269974231,-0.0231394544243812,0.0012481289450079,-0.0143319508060813,-0.0079644983634352,0.0075304810889065,-0.0365819968283176,0.0086132520809769,-0.0326086953282356,-0.0089244255796074,0.0122846392914652,-0.0151329543441534,-0.010507607832551,-0.0208052601665258,0.0173496268689632,-0.0263062063604593,0.0070567978546023,0.0176491625607013,0.0218978095799684,0.0139098204672336,0.0194999687373638,-0.0117402421310544,-0.0014712496194988,0.0376253277063369,-0.0143839670345187,0.0033263145014643,-0.0221399627625942,0.0146782007068395,0.0172538962215185,0.0179784260690212,0.019179904833436,0.0130322212353348,-0.0006319523672573,-0.0116799930110573,-0.0566330254077911,-0.0449266843497753,0.0150454668328166,0.0022974654566496,0.0029350887052714,0.0145287467166781,-0.001024285913445,-0.0189038477838039,0.0041690762154757,0.02482745423913,0.0125072285221088,0.0300565774762116,0.014448029885856,0.0304673764306255,0.0235049200435648,0.0221518616841731,0.0219235434048592,0.0821676653796912,0.0303335340416313,0.1564625431706312,-0.0185451515663291,-0.0151688815913566,2019-02-14,2019-02-15,2019-02-19,2019-02-20,2019-02-21,2019-02-22,2019-02-25,2019-02-26,2019-02-27,2019-02-28,88281.0,2019-02-13,252.0,7.6780%,0.0009,1.1922,0.3058,-0.3747,1.2118%,1.8526%,57.2196%,0.073468,CRL,88281.0,2019-02-14,252.0,0.4169%,0.0007,1.1884,0.3051,-0.3683,1.1702%,1.8207%,58.6961%,0.002809,CRL,88281.0,2019-02-15,252.0,0.8304%,0.0007,1.1795,0.2965,-0.3835,1.1697%,1.8153%,58.4761%,-0.00422,CRL,88281.0,2019-02-19,252.0,0.1917%,0.0007,1.1866,0.2859,-0.3961,1.1606%,1.8147%,59.0958%,-0.000134,CRL,88281.0,2019-02-20,252.0,0.3826%,0.0008,1.1887,0.2974,-0.3868,1.1565%,1.8122%,59.2756%,0.003021,CRL,88281.0,2019-02-21,252.0,0.5082%,0.0009,1.1856,0.2929,-0.3924,1.1574%,1.8110%,59.1593%,0.008699,CRL,88281.0,2019-02-22,252.0,1.6012%,0.0008,1.1858,0.2886,-0.3943,1.1572%,1.8134%,59.2774%,0.000826,CRL,88281.0,2019-02-25,252.0,0.4424%,0.0009,1.1839,0.2859,-0.4028,1.1527%,1.8110%,59.4916%,0.0025859999999999,CRL,88281.0,2019-02-26,252.0,-3.1656%,0.0007,1.1802,0.3315,-0.3825,1.1634%,1.8104%,58.7048%,-0.029362,CRL,88281.0,2019-02-27,252.0,1.3219%,0.0008,1.1876,0.3213,-0.3812,1.1606%,1.8117%,58.9608%,0.010968,CRL,88281.0,2019-02-28,252.0,-0.2806%,0.0008,1.1902,0.323,-0.3791,1.1603%,1.8104%,58.9234%,-0.000241,CRL,0.076277,0.072057,0.071923,0.083643,0.06842
21947,CRITEO S A,"Criteo shares are trading higher after the company reported Q4 EPS of $0.84, beating the $0.73 consensus estimate and Q4 sales of $272 million, beating the $261.04 consensus estimate; the company also issued Q1 sales guidance above estimates.",6,increase,0.85,0.7,the positive earnings report and sales guidance above estimates are likely to boost investor confidence and drive the stock price higher.,2,2019-02-13,CRTO,2019-02-13 15:49:00+00:00,14240.0,22671810,0.0841777026653289,3002913.0,-0.0186916049569845,0.0367676690220832,-0.0007325476617552,-0.0628549754619598,0.0025659711100161,0.0060952324420213,-0.0164534095674753,-0.0131579088047146,-0.0074349017813801,0.0045317537151277,0.0288388971239328,0.027950283139944,-0.0040043210610747,0.0109890382736921,-0.007309969048947,0.0232931692153215,0.0081001222133636,0.0044372207485139,-0.0087655140087008,0.0151515491306781,0.0003684682887978,-0.0081235077232122,-0.0232043899595737,-0.0100522711873054,0.0267722122371196,0.0146879069507122,0.0095483008772134,0.0221017803996801,0.0098217697814106,-0.0004168498853687,0.0162103325128555,-0.0384769923985004,0.001417969353497,-0.0031961614731699,-0.0067256824113428,-0.0055621527135372,0.0046329675242304,0.0059951883740723,-0.0141894146800041,-0.0055643636733293,-0.0100755915045738,0.0015923171304166,-0.0319884046912193,0.0165925435721874,-0.0214044209569692,-0.0028249232564121,-0.0095932465046644,0.0363864861428737,0.0271213017404079,0.0148557042703032,-0.0528102442622184,-0.0054875924251973,-0.1246515735983849,-0.0004219505644869,-0.1719744652509689,-0.0025252299383282,0.051648274064064,0.0457746908068656,-0.0015673344023525,0.0026478141080588,0.0481423363089561,-0.0177719909697771,0.0,-0.0115681430324912,0.0014976924285292,0.0103895999491214,0.0124626122415065,0.0109409186989069,-0.005415987689048,-0.0047908844426274,0.0133662642911076,-0.0077787516638636,-0.0087932785972952,-0.0269134268164634,0.0059141907840967,0.0033755241893231,-0.0048995777033269,0.0050890939310193,-0.0152633907273411,-0.0422421135008335,0.0430000312626361,0.0081900395452976,0.0091082751750946,0.0453766882419586,0.0323040522634983,0.0227670948952436,0.0078232893720269,-0.0082501312717795,0.0031963330693542,-0.0077552092261612,0.0127446837723255,0.0051970086060464,0.0238202549517154,-0.0427031777799129,-0.0302897505462169,0.0351932011544704,0.0018107291543856,-0.0172922760248184,-0.0009036851115524,0.0353711545467376,0.0153776640072464,0.0352621488273143,-0.118930958211422,-0.0142602352425456,-0.0389282330870628,0.0,0.0031562054064124,-0.0031097154133021,0.0146827837452292,0.0269160661846399,0.00258393981494,0.0120037039741873,-0.0134020736441016,-0.015901880338788,0.0935214683413505,0.0036479672417044,-0.0100334919989109,0.0087396753951907,-0.0419883653521537,0.0036934406962245,-0.0186916049569845,0.0367676690220832,-0.019410460127234,-0.028398337374053,-0.0168942956971365,-0.0224761993992934,-0.0402587680367331,-0.030966759489291,-0.0244428558379737,0.0507780364982162,-0.3130840765191014,0.1323918783710962,-0.2864845193642651,0.1846722035985153,2019-02-14,2019-02-15,2019-02-19,2019-02-20,2019-02-21,2019-02-22,2019-02-25,2019-02-26,2019-02-27,2019-02-28,14240.0,2019-02-13,252.0,8.4178%,0.0012,0.9712,0.5368,0.5002,3.1472%,3.2959%,8.8224%,0.080734,CRTO,14240.0,2019-02-14,252.0,-1.8692%,0.0011,0.9742,0.5265,0.5134,3.1473%,3.2961%,8.8231%,-0.016642,CRTO,14240.0,2019-02-15,252.0,-0.0733%,-0.0002,0.7353,0.31,0.1228,2.6176%,2.7294%,8.0289%,-0.015622,CRTO,14240.0,2019-02-19,252.0,0.2566%,-0.0002,0.735,0.3105,0.1234,2.6176%,2.7289%,7.9960%,-0.000198,CRTO,14240.0,2019-02-20,252.0,-1.6453%,-0.0004,0.7283,0.2892,0.0979,2.6186%,2.7290%,7.9242%,-0.019311,CRTO,14240.0,2019-02-21,252.0,-0.7435%,-0.0003,0.7229,0.2773,0.0881,2.6164%,2.7254%,7.8366%,-0.004413,CRTO,14240.0,2019-02-22,252.0,2.8839%,-0.0003,0.7201,0.2652,0.0432,2.6194%,2.7304%,7.9635%,0.023809,CRTO,14240.0,2019-02-25,252.0,-0.4004%,-0.0003,0.7191,0.2663,0.0403,2.6191%,2.7300%,7.9641%,-0.004417,CRTO,14240.0,2019-02-26,252.0,-0.7310%,-0.0002,0.7335,0.2582,0.0469,2.6153%,2.7293%,8.1744%,-0.004422,CRTO,14240.0,2019-02-27,252.0,0.8100%,-0.0002,0.7277,0.2705,0.046,2.6144%,2.7268%,8.0773%,0.006906,CRTO,14240.0,2019-02-28,252.0,-0.8766%,-0.0002,0.7172,0.2631,0.0398,2.6110%,2.7200%,7.8588%,-0.006549,CRTO,0.064092,0.04847,0.048272,0.024548,0.039875
21955,CRITEO S A,"Criteo Sees Q1 Sales $233M-$235M vs $230.78M Est., Adj. EBITDA $59M-$61M",6,increase,0.75,0.6,"criteo's projected sales and adjusted ebitda exceed analyst estimates, which typically signals positive performance and can lead to an increase in stock price.",2,2019-02-13,CRTO,2019-02-13 12:06:00+00:00,14240.0,22671810,0.0841777026653289,3002913.0,-0.0186916049569845,0.0367676690220832,-0.0007325476617552,-0.0628549754619598,0.0025659711100161,0.0060952324420213,-0.0164534095674753,-0.0131579088047146,-0.0074349017813801,0.0045317537151277,0.0288388971239328,0.027950283139944,-0.0040043210610747,0.0109890382736921,-0.007309969048947,0.0232931692153215,0.0081001222133636,0.0044372207485139,-0.0087655140087008,0.0151515491306781,0.0003684682887978,-0.0081235077232122,-0.0232043899595737,-0.0100522711873054,0.0267722122371196,0.0146879069507122,0.0095483008772134,0.0221017803996801,0.0098217697814106,-0.0004168498853687,0.0162103325128555,-0.0384769923985004,0.001417969353497,-0.0031961614731699,-0.0067256824113428,-0.0055621527135372,0.0046329675242304,0.0059951883740723,-0.0141894146800041,-0.0055643636733293,-0.0100755915045738,0.0015923171304166,-0.0319884046912193,0.0165925435721874,-0.0214044209569692,-0.0028249232564121,-0.0095932465046644,0.0363864861428737,0.0271213017404079,0.0148557042703032,-0.0528102442622184,-0.0054875924251973,-0.1246515735983849,-0.0004219505644869,-0.1719744652509689,-0.0025252299383282,0.051648274064064,0.0457746908068656,-0.0015673344023525,0.0026478141080588,0.0481423363089561,-0.0177719909697771,0.0,-0.0115681430324912,0.0014976924285292,0.0103895999491214,0.0124626122415065,0.0109409186989069,-0.005415987689048,-0.0047908844426274,0.0133662642911076,-0.0077787516638636,-0.0087932785972952,-0.0269134268164634,0.0059141907840967,0.0033755241893231,-0.0048995777033269,0.0050890939310193,-0.0152633907273411,-0.0422421135008335,0.0430000312626361,0.0081900395452976,0.0091082751750946,0.0453766882419586,0.0323040522634983,0.0227670948952436,0.0078232893720269,-0.0082501312717795,0.0031963330693542,-0.0077552092261612,0.0127446837723255,0.0051970086060464,0.0238202549517154,-0.0427031777799129,-0.0302897505462169,0.0351932011544704,0.0018107291543856,-0.0172922760248184,-0.0009036851115524,0.0353711545467376,0.0153776640072464,0.0352621488273143,-0.118930958211422,-0.0142602352425456,-0.0389282330870628,0.0,0.0031562054064124,-0.0031097154133021,0.0146827837452292,0.0269160661846399,0.00258393981494,0.0120037039741873,-0.0134020736441016,-0.015901880338788,0.0935214683413505,0.0036479672417044,-0.0100334919989109,0.0087396753951907,-0.0419883653521537,0.0036934406962245,-0.0186916049569845,0.0367676690220832,-0.019410460127234,-0.028398337374053,-0.0168942956971365,-0.0224761993992934,-0.0402587680367331,-0.030966759489291,-0.0244428558379737,0.0507780364982162,-0.3130840765191014,0.1323918783710962,-0.2864845193642651,0.1846722035985153,2019-02-14,2019-02-15,2019-02-19,2019-02-20,2019-02-21,2019-02-22,2019-02-25,2019-02-26,2019-02-27,2019-02-28,14240.0,2019-02-13,252.0,8.4178%,0.0012,0.9712,0.5368,0.5002,3.1472%,3.2959%,8.8224%,0.080734,CRTO,14240.0,2019-02-14,252.0,-1.8692%,0.0011,0.9742,0.5265,0.5134,3.1473%,3.2961%,8.8231%,-0.016642,CRTO,14240.0,2019-02-15,252.0,-0.0733%,-0.0002,0.7353,0.31,0.1228,2.6176%,2.7294%,8.0289%,-0.015622,CRTO,14240.0,2019-02-19,252.0,0.2566%,-0.0002,0.735,0.3105,0.1234,2.6176%,2.7289%,7.9960%,-0.000198,CRTO,14240.0,2019-02-20,252.0,-1.6453%,-0.0004,0.7283,0.2892,0.0979,2.6186%,2.7290%,7.9242%,-0.019311,CRTO,14240.0,2019-02-21,252.0,-0.7435%,-0.0003,0.7229,0.2773,0.0881,2.6164%,2.7254%,7.8366%,-0.004413,CRTO,14240.0,2019-02-22,252.0,2.8839%,-0.0003,0.7201,0.2652,0.0432,2.6194%,2.7304%,7.9635%,0.023809,CRTO,14240.0,2019-02-25,252.0,-0.4004%,-0.0003,0.7191,0.2663,0.0403,2.6191%,2.7300%,7.9641%,-0.004417,CRTO,14240.0,2019-02-26,252.0,-0.7310%,-0.0002,0.7335,0.2582,0.0469,2.6153%,2.7293%,8.1744%,-0.004422,CRTO,14240.0,2019-02-27,252.0,0.8100%,-0.0002,0.7277,0.2705,0.046,2.6144%,2.7268%,8.0773%,0.006906,CRTO,14240.0,2019-02-28,252.0,-0.8766%,-0.0002,0.7172,0.2631,0.0398,2.6110%,2.7200%,7.8588%,-0.006549,CRTO,0.064092,0.04847,0.048272,0.024548,0.039875
21963,CRITEO S A,"CRITEO Q4 Adj. EPS $0.84 Beats $0.73 Estimate, Sales $272M Beat $261.04M Estimate",6,increase,0.85,0.7,"the company reported better-than-expected earnings and sales, which typically leads to positive investor sentiment and an increase in stock price.",2,2019-02-13,CRTO,2019-02-13 12:05:00+00:00,14240.0,22671810,0.0841777026653289,3002913.0,-0.0186916049569845,0.0367676690220832,-0.0007325476617552,-0.0628549754619598,0.0025659711100161,0.0060952324420213,-0.0164534095674753,-0.0131579088047146,-0.0074349017813801,0.0045317537151277,0.0288388971239328,0.027950283139944,-0.0040043210610747,0.0109890382736921,-0.007309969048947,0.0232931692153215,0.0081001222133636,0.0044372207485139,-0.0087655140087008,0.0151515491306781,0.0003684682887978,-0.0081235077232122,-0.0232043899595737,-0.0100522711873054,0.0267722122371196,0.0146879069507122,0.0095483008772134,0.0221017803996801,0.0098217697814106,-0.0004168498853687,0.0162103325128555,-0.0384769923985004,0.001417969353497,-0.0031961614731699,-0.0067256824113428,-0.0055621527135372,0.0046329675242304,0.0059951883740723,-0.0141894146800041,-0.0055643636733293,-0.0100755915045738,0.0015923171304166,-0.0319884046912193,0.0165925435721874,-0.0214044209569692,-0.0028249232564121,-0.0095932465046644,0.0363864861428737,0.0271213017404079,0.0148557042703032,-0.0528102442622184,-0.0054875924251973,-0.1246515735983849,-0.0004219505644869,-0.1719744652509689,-0.0025252299383282,0.051648274064064,0.0457746908068656,-0.0015673344023525,0.0026478141080588,0.0481423363089561,-0.0177719909697771,0.0,-0.0115681430324912,0.0014976924285292,0.0103895999491214,0.0124626122415065,0.0109409186989069,-0.005415987689048,-0.0047908844426274,0.0133662642911076,-0.0077787516638636,-0.0087932785972952,-0.0269134268164634,0.0059141907840967,0.0033755241893231,-0.0048995777033269,0.0050890939310193,-0.0152633907273411,-0.0422421135008335,0.0430000312626361,0.0081900395452976,0.0091082751750946,0.0453766882419586,0.0323040522634983,0.0227670948952436,0.0078232893720269,-0.0082501312717795,0.0031963330693542,-0.0077552092261612,0.0127446837723255,0.0051970086060464,0.0238202549517154,-0.0427031777799129,-0.0302897505462169,0.0351932011544704,0.0018107291543856,-0.0172922760248184,-0.0009036851115524,0.0353711545467376,0.0153776640072464,0.0352621488273143,-0.118930958211422,-0.0142602352425456,-0.0389282330870628,0.0,0.0031562054064124,-0.0031097154133021,0.0146827837452292,0.0269160661846399,0.00258393981494,0.0120037039741873,-0.0134020736441016,-0.015901880338788,0.0935214683413505,0.0036479672417044,-0.0100334919989109,0.0087396753951907,-0.0419883653521537,0.0036934406962245,-0.0186916049569845,0.0367676690220832,-0.019410460127234,-0.028398337374053,-0.0168942956971365,-0.0224761993992934,-0.0402587680367331,-0.030966759489291,-0.0244428558379737,0.0507780364982162,-0.3130840765191014,0.1323918783710962,-0.2864845193642651,0.1846722035985153,2019-02-14,2019-02-15,2019-02-19,2019-02-20,2019-02-21,2019-02-22,2019-02-25,2019-02-26,2019-02-27,2019-02-28,14240.0,2019-02-13,252.0,8.4178%,0.0012,0.9712,0.5368,0.5002,3.1472%,3.2959%,8.8224%,0.080734,CRTO,14240.0,2019-02-14,252.0,-1.8692%,0.0011,0.9742,0.5265,0.5134,3.1473%,3.2961%,8.8231%,-0.016642,CRTO,14240.0,2019-02-15,252.0,-0.0733%,-0.0002,0.7353,0.31,0.1228,2.6176%,2.7294%,8.0289%,-0.015622,CRTO,14240.0,2019-02-19,252.0,0.2566%,-0.0002,0.735,0.3105,0.1234,2.6176%,2.7289%,7.9960%,-0.000198,CRTO,14240.0,2019-02-20,252.0,-1.6453%,-0.0004,0.7283,0.2892,0.0979,2.6186%,2.7290%,7.9242%,-0.019311,CRTO,14240.0,2019-02-21,252.0,-0.7435%,-0.0003,0.7229,0.2773,0.0881,2.6164%,2.7254%,7.8366%,-0.004413,CRTO,14240.0,2019-02-22,252.0,2.8839%,-0.0003,0.7201,0.2652,0.0432,2.6194%,2.7304%,7.9635%,0.023809,CRTO,14240.0,2019-02-25,252.0,-0.4004%,-0.0003,0.7191,0.2663,0.0403,2.6191%,2.7300%,7.9641%,-0.004417,CRTO,14240.0,2019-02-26,252.0,-0.7310%,-0.0002,0.7335,0.2582,0.0469,2.6153%,2.7293%,8.1744%,-0.004422,CRTO,14240.0,2019-02-27,252.0,0.8100%,-0.0002,0.7277,0.2705,0.046,2.6144%,2.7268%,8.0773%,0.006906,CRTO,14240.0,2019-02-28,252.0,-0.8766%,-0.0002,0.7172,0.2631,0.0398,2.6110%,2.7200%,7.8588%,-0.006549,CRTO,0.064092,0.04847,0.048272,0.024548,0.039875
21971,CISCO SYSTEMS INC,Cisco Shares Rise After Q2 Earnings Beat,6,increase,0.85,0.7,"beating earnings expectations typically signals strong company performance, which can lead to a rise in stock price.",2,2019-02-13,CSCO,2019-02-13 21:20:00+00:00,76076.0,17275R10,-0.008143650367856,28313004.0,0.0189474001526832,0.0065152910538017,0.0212809666991233,0.0082645313814282,0.0044507631100714,0.0104924598708748,-0.0004028289404232,-0.016427943482995,-0.0044328272342681,0.0046551255509257,0.0141671877354383,-0.0019007424125447,0.0135701512917876,0.0002112023939844,0.0076786647550761,0.0010572897735983,0.0080109387636184,0.0124170808121562,0.0034890542738139,0.0163185372948646,-0.0069538461975753,0.0045901439152657,-0.004862867295742,-0.0082376124337315,0.002736500930041,0.011401018127799,0.0072124549187719,0.003299637697637,-0.0073543111793696,0.0151853580027818,-0.0042893588542938,-0.0055518546141684,0.0166437923908233,0.0185478329658508,0.0044299568980932,0.0056869881227612,0.0084371734410524,-0.0013630479807034,0.0028522822540253,0.0187456924468278,0.0087220147252082,-0.0064383209683001,0.0058270217850804,0.0057816836051642,-0.0037375623360276,-0.0018466763431206,-0.0009379675611853,-0.0055096801370382,0.0127675617113709,0.0081000300124287,-0.0222468841820955,0.0067567783407866,-0.0001896499015856,0.045045007020235,0.009482268244028,-0.0360885001718998,-0.001690778764896,-0.0087699294090271,0.0041400305926799,0.0130933215841651,0.0118066165596246,-0.0032626285683363,0.0183366890996694,0.0103602213785052,0.0056384392082691,0.0543694756925106,0.0061493967659771,-0.037514928728342,-0.0025166580453515,-0.0150624420493841,0.0012694903416559,-0.0150671703740954,0.0050715920515358,-0.0208806619048118,-0.0055866166949272,-0.0031674068886786,0.0115983942523598,-0.0353557169437408,-0.0039412616752088,-0.0347588248550891,0.0124101163819432,0.0010544718243181,0.0047965971753001,0.0070078149437904,0.0068953214213252,0.0049082273617386,-0.0112379174679517,0.0090439710766077,0.0015982978511601,-0.0402975976467132,-0.0010638540843501,0.0219641178846359,0.0062122554518282,-0.0285187344998121,0.0033516043331474,0.0181742794811725,-0.0096694659441709,0.0111955804750323,-0.0079886512830853,0.0010572897735983,0.0044738724827766,0.0253686476498842,-0.0032068465370684,0.0120693268254399,-0.0066130282357335,0.0231252536177635,-0.0115149905905127,-0.0077968030236661,0.0,0.0089907329529523,-0.0063705584034323,-0.0275409463793039,-0.0208829343318939,-0.0129449516534805,0.000374190043658,-0.0089801577851176,-0.0102861989289522,0.0550417006015777,0.0083144828677177,-0.0175088010728359,0.0189474001526832,0.0065152910538017,0.0406315858434909,0.0148336682626033,0.0452631905169382,0.0254817698024614,0.0402105236118064,0.0133305367980465,0.0898947463994119,0.0419930457360968,0.1233684339794116,0.1287069883263776,0.1304989920452142,0.0699202082183139,2019-02-14,2019-02-15,2019-02-19,2019-02-20,2019-02-21,2019-02-22,2019-02-25,2019-02-26,2019-02-27,2019-02-28,76076.0,2019-02-13,252.0,-0.8144%,0.0005,1.1894,-0.5385,-0.3668,0.8614%,1.6196%,71.7142%,-0.011007,CSCO,76076.0,2019-02-14,252.0,1.8947%,0.0005,1.1837,-0.5271,-0.378,0.8693%,1.6210%,71.2406%,0.022018,CSCO,76076.0,2019-02-15,252.0,2.1281%,0.0005,1.186,-0.5239,-0.3727,0.8711%,1.6211%,71.1284%,0.010938,CSCO,76076.0,2019-02-19,252.0,0.4451%,0.0004,1.1777,-0.5083,-0.3545,0.8515%,1.5945%,71.4862%,0.004735,CSCO,76076.0,2019-02-20,252.0,-0.0403%,0.0004,1.177,-0.5131,-0.3578,0.8502%,1.5942%,71.5583%,0.000328,CSCO,76076.0,2019-02-21,252.0,-0.4433%,0.0004,1.1767,-0.5141,-0.3584,0.8502%,1.5940%,71.5508%,-0.00136,CSCO,76076.0,2019-02-22,252.0,1.4167%,0.0004,1.1758,-0.503,-0.3592,0.8491%,1.5923%,71.5608%,0.003978,CSCO,76076.0,2019-02-25,252.0,1.3570%,0.0005,1.1745,-0.5089,-0.3669,0.8486%,1.5932%,71.6293%,0.009752,CSCO,76076.0,2019-02-26,252.0,0.7679%,0.0005,1.1714,-0.5121,-0.3708,0.8488%,1.5867%,71.3836%,0.00499,CSCO,76076.0,2019-02-27,252.0,0.8011%,0.0005,1.1652,-0.499,-0.3719,0.8450%,1.5759%,71.2487%,0.007385,CSCO,76076.0,2019-02-28,252.0,0.3489%,0.0005,1.1673,-0.4974,-0.3716,0.8449%,1.5752%,71.2325%,0.0061709999999999,CSCO,0.011011,0.021949,0.026684,0.025652,0.057928
21979,CISCO SYSTEMS INC,"Cisco Systems shares are trading higher after the company reported Q2 EPS of $0.73, beating the $0.72 estimate; The company also issued Q3 sales guidance on the higher-end of analyst estimates.",6,increase,0.8,0.7,the positive earnings report and higher-than-expected sales guidance are likely to boost investor confidence and drive the stock price higher.,2,2019-02-13,CSCO,2019-02-13 21:13:00+00:00,76076.0,17275R10,-0.008143650367856,28313004.0,0.0189474001526832,0.0065152910538017,0.0212809666991233,0.0082645313814282,0.0044507631100714,0.0104924598708748,-0.0004028289404232,-0.016427943482995,-0.0044328272342681,0.0046551255509257,0.0141671877354383,-0.0019007424125447,0.0135701512917876,0.0002112023939844,0.0076786647550761,0.0010572897735983,0.0080109387636184,0.0124170808121562,0.0034890542738139,0.0163185372948646,-0.0069538461975753,0.0045901439152657,-0.004862867295742,-0.0082376124337315,0.002736500930041,0.011401018127799,0.0072124549187719,0.003299637697637,-0.0073543111793696,0.0151853580027818,-0.0042893588542938,-0.0055518546141684,0.0166437923908233,0.0185478329658508,0.0044299568980932,0.0056869881227612,0.0084371734410524,-0.0013630479807034,0.0028522822540253,0.0187456924468278,0.0087220147252082,-0.0064383209683001,0.0058270217850804,0.0057816836051642,-0.0037375623360276,-0.0018466763431206,-0.0009379675611853,-0.0055096801370382,0.0127675617113709,0.0081000300124287,-0.0222468841820955,0.0067567783407866,-0.0001896499015856,0.045045007020235,0.009482268244028,-0.0360885001718998,-0.001690778764896,-0.0087699294090271,0.0041400305926799,0.0130933215841651,0.0118066165596246,-0.0032626285683363,0.0183366890996694,0.0103602213785052,0.0056384392082691,0.0543694756925106,0.0061493967659771,-0.037514928728342,-0.0025166580453515,-0.0150624420493841,0.0012694903416559,-0.0150671703740954,0.0050715920515358,-0.0208806619048118,-0.0055866166949272,-0.0031674068886786,0.0115983942523598,-0.0353557169437408,-0.0039412616752088,-0.0347588248550891,0.0124101163819432,0.0010544718243181,0.0047965971753001,0.0070078149437904,0.0068953214213252,0.0049082273617386,-0.0112379174679517,0.0090439710766077,0.0015982978511601,-0.0402975976467132,-0.0010638540843501,0.0219641178846359,0.0062122554518282,-0.0285187344998121,0.0033516043331474,0.0181742794811725,-0.0096694659441709,0.0111955804750323,-0.0079886512830853,0.0010572897735983,0.0044738724827766,0.0253686476498842,-0.0032068465370684,0.0120693268254399,-0.0066130282357335,0.0231252536177635,-0.0115149905905127,-0.0077968030236661,0.0,0.0089907329529523,-0.0063705584034323,-0.0275409463793039,-0.0208829343318939,-0.0129449516534805,0.000374190043658,-0.0089801577851176,-0.0102861989289522,0.0550417006015777,0.0083144828677177,-0.0175088010728359,0.0189474001526832,0.0065152910538017,0.0406315858434909,0.0148336682626033,0.0452631905169382,0.0254817698024614,0.0402105236118064,0.0133305367980465,0.0898947463994119,0.0419930457360968,0.1233684339794116,0.1287069883263776,0.1304989920452142,0.0699202082183139,2019-02-14,2019-02-15,2019-02-19,2019-02-20,2019-02-21,2019-02-22,2019-02-25,2019-02-26,2019-02-27,2019-02-28,76076.0,2019-02-13,252.0,-0.8144%,0.0005,1.1894,-0.5385,-0.3668,0.8614%,1.6196%,71.7142%,-0.011007,CSCO,76076.0,2019-02-14,252.0,1.8947%,0.0005,1.1837,-0.5271,-0.378,0.8693%,1.6210%,71.2406%,0.022018,CSCO,76076.0,2019-02-15,252.0,2.1281%,0.0005,1.186,-0.5239,-0.3727,0.8711%,1.6211%,71.1284%,0.010938,CSCO,76076.0,2019-02-19,252.0,0.4451%,0.0004,1.1777,-0.5083,-0.3545,0.8515%,1.5945%,71.4862%,0.004735,CSCO,76076.0,2019-02-20,252.0,-0.0403%,0.0004,1.177,-0.5131,-0.3578,0.8502%,1.5942%,71.5583%,0.000328,CSCO,76076.0,2019-02-21,252.0,-0.4433%,0.0004,1.1767,-0.5141,-0.3584,0.8502%,1.5940%,71.5508%,-0.00136,CSCO,76076.0,2019-02-22,252.0,1.4167%,0.0004,1.1758,-0.503,-0.3592,0.8491%,1.5923%,71.5608%,0.003978,CSCO,76076.0,2019-02-25,252.0,1.3570%,0.0005,1.1745,-0.5089,-0.3669,0.8486%,1.5932%,71.6293%,0.009752,CSCO,76076.0,2019-02-26,252.0,0.7679%,0.0005,1.1714,-0.5121,-0.3708,0.8488%,1.5867%,71.3836%,0.00499,CSCO,76076.0,2019-02-27,252.0,0.8011%,0.0005,1.1652,-0.499,-0.3719,0.8450%,1.5759%,71.2487%,0.007385,CSCO,76076.0,2019-02-28,252.0,0.3489%,0.0005,1.1673,-0.4974,-0.3716,0.8449%,1.5752%,71.2325%,0.0061709999999999,CSCO,0.011011,0.021949,0.026684,0.025652,0.057928
21987,CISCO SYSTEMS INC,Cisco Adds $15B To Buyback,6,increase,0.8,0.7,the announcement of a $15 billion buyback typically signals confidence in the company's financial health and can lead to an increase in stock price due to reduced share supply and positive investor sentiment.,2,2019-02-13,CSCO,2019-02-13 21:09:00+00:00,76076.0,17275R10,-0.008143650367856,28313004.0,0.0189474001526832,0.0065152910538017,0.0212809666991233,0.0082645313814282,0.0044507631100714,0.0104924598708748,-0.0004028289404232,-0.016427943482995,-0.0044328272342681,0.0046551255509257,0.0141671877354383,-0.0019007424125447,0.0135701512917876,0.0002112023939844,0.0076786647550761,0.0010572897735983,0.0080109387636184,0.0124170808121562,0.0034890542738139,0.0163185372948646,-0.0069538461975753,0.0045901439152657,-0.004862867295742,-0.0082376124337315,0.002736500930041,0.011401018127799,0.0072124549187719,0.003299637697637,-0.0073543111793696,0.0151853580027818,-0.0042893588542938,-0.0055518546141684,0.0166437923908233,0.0185478329658508,0.0044299568980932,0.0056869881227612,0.0084371734410524,-0.0013630479807034,0.0028522822540253,0.0187456924468278,0.0087220147252082,-0.0064383209683001,0.0058270217850804,0.0057816836051642,-0.0037375623360276,-0.0018466763431206,-0.0009379675611853,-0.0055096801370382,0.0127675617113709,0.0081000300124287,-0.0222468841820955,0.0067567783407866,-0.0001896499015856,0.045045007020235,0.009482268244028,-0.0360885001718998,-0.001690778764896,-0.0087699294090271,0.0041400305926799,0.0130933215841651,0.0118066165596246,-0.0032626285683363,0.0183366890996694,0.0103602213785052,0.0056384392082691,0.0543694756925106,0.0061493967659771,-0.037514928728342,-0.0025166580453515,-0.0150624420493841,0.0012694903416559,-0.0150671703740954,0.0050715920515358,-0.0208806619048118,-0.0055866166949272,-0.0031674068886786,0.0115983942523598,-0.0353557169437408,-0.0039412616752088,-0.0347588248550891,0.0124101163819432,0.0010544718243181,0.0047965971753001,0.0070078149437904,0.0068953214213252,0.0049082273617386,-0.0112379174679517,0.0090439710766077,0.0015982978511601,-0.0402975976467132,-0.0010638540843501,0.0219641178846359,0.0062122554518282,-0.0285187344998121,0.0033516043331474,0.0181742794811725,-0.0096694659441709,0.0111955804750323,-0.0079886512830853,0.0010572897735983,0.0044738724827766,0.0253686476498842,-0.0032068465370684,0.0120693268254399,-0.0066130282357335,0.0231252536177635,-0.0115149905905127,-0.0077968030236661,0.0,0.0089907329529523,-0.0063705584034323,-0.0275409463793039,-0.0208829343318939,-0.0129449516534805,0.000374190043658,-0.0089801577851176,-0.0102861989289522,0.0550417006015777,0.0083144828677177,-0.0175088010728359,0.0189474001526832,0.0065152910538017,0.0406315858434909,0.0148336682626033,0.0452631905169382,0.0254817698024614,0.0402105236118064,0.0133305367980465,0.0898947463994119,0.0419930457360968,0.1233684339794116,0.1287069883263776,0.1304989920452142,0.0699202082183139,2019-02-14,2019-02-15,2019-02-19,2019-02-20,2019-02-21,2019-02-22,2019-02-25,2019-02-26,2019-02-27,2019-02-28,76076.0,2019-02-13,252.0,-0.8144%,0.0005,1.1894,-0.5385,-0.3668,0.8614%,1.6196%,71.7142%,-0.011007,CSCO,76076.0,2019-02-14,252.0,1.8947%,0.0005,1.1837,-0.5271,-0.378,0.8693%,1.6210%,71.2406%,0.022018,CSCO,76076.0,2019-02-15,252.0,2.1281%,0.0005,1.186,-0.5239,-0.3727,0.8711%,1.6211%,71.1284%,0.010938,CSCO,76076.0,2019-02-19,252.0,0.4451%,0.0004,1.1777,-0.5083,-0.3545,0.8515%,1.5945%,71.4862%,0.004735,CSCO,76076.0,2019-02-20,252.0,-0.0403%,0.0004,1.177,-0.5131,-0.3578,0.8502%,1.5942%,71.5583%,0.000328,CSCO,76076.0,2019-02-21,252.0,-0.4433%,0.0004,1.1767,-0.5141,-0.3584,0.8502%,1.5940%,71.5508%,-0.00136,CSCO,76076.0,2019-02-22,252.0,1.4167%,0.0004,1.1758,-0.503,-0.3592,0.8491%,1.5923%,71.5608%,0.003978,CSCO,76076.0,2019-02-25,252.0,1.3570%,0.0005,1.1745,-0.5089,-0.3669,0.8486%,1.5932%,71.6293%,0.009752,CSCO,76076.0,2019-02-26,252.0,0.7679%,0.0005,1.1714,-0.5121,-0.3708,0.8488%,1.5867%,71.3836%,0.00499,CSCO,76076.0,2019-02-27,252.0,0.8011%,0.0005,1.1652,-0.499,-0.3719,0.8450%,1.5759%,71.2487%,0.007385,CSCO,76076.0,2019-02-28,252.0,0.3489%,0.0005,1.1673,-0.4974,-0.3716,0.8449%,1.5752%,71.2325%,0.0061709999999999,CSCO,0.011011,0.021949,0.026684,0.025652,0.057928
21995,CISCO SYSTEMS INC,Cisco Raises Qtr. Dividend From $0.33 To $0.35/Share,6,increase,0.8,0.6,"raising the quarterly dividend typically signals financial strength and can attract investors, likely leading to an increase in stock price.",2,2019-02-13,CSCO,2019-02-13 21:09:00+00:00,76076.0,17275R10,-0.008143650367856,28313004.0,0.0189474001526832,0.0065152910538017,0.0212809666991233,0.0082645313814282,0.0044507631100714,0.0104924598708748,-0.0004028289404232,-0.016427943482995,-0.0044328272342681,0.0046551255509257,0.0141671877354383,-0.0019007424125447,0.0135701512917876,0.0002112023939844,0.0076786647550761,0.0010572897735983,0.0080109387636184,0.0124170808121562,0.0034890542738139,0.0163185372948646,-0.0069538461975753,0.0045901439152657,-0.004862867295742,-0.0082376124337315,0.002736500930041,0.011401018127799,0.0072124549187719,0.003299637697637,-0.0073543111793696,0.0151853580027818,-0.0042893588542938,-0.0055518546141684,0.0166437923908233,0.0185478329658508,0.0044299568980932,0.0056869881227612,0.0084371734410524,-0.0013630479807034,0.0028522822540253,0.0187456924468278,0.0087220147252082,-0.0064383209683001,0.0058270217850804,0.0057816836051642,-0.0037375623360276,-0.0018466763431206,-0.0009379675611853,-0.0055096801370382,0.0127675617113709,0.0081000300124287,-0.0222468841820955,0.0067567783407866,-0.0001896499015856,0.045045007020235,0.009482268244028,-0.0360885001718998,-0.001690778764896,-0.0087699294090271,0.0041400305926799,0.0130933215841651,0.0118066165596246,-0.0032626285683363,0.0183366890996694,0.0103602213785052,0.0056384392082691,0.0543694756925106,0.0061493967659771,-0.037514928728342,-0.0025166580453515,-0.0150624420493841,0.0012694903416559,-0.0150671703740954,0.0050715920515358,-0.0208806619048118,-0.0055866166949272,-0.0031674068886786,0.0115983942523598,-0.0353557169437408,-0.0039412616752088,-0.0347588248550891,0.0124101163819432,0.0010544718243181,0.0047965971753001,0.0070078149437904,0.0068953214213252,0.0049082273617386,-0.0112379174679517,0.0090439710766077,0.0015982978511601,-0.0402975976467132,-0.0010638540843501,0.0219641178846359,0.0062122554518282,-0.0285187344998121,0.0033516043331474,0.0181742794811725,-0.0096694659441709,0.0111955804750323,-0.0079886512830853,0.0010572897735983,0.0044738724827766,0.0253686476498842,-0.0032068465370684,0.0120693268254399,-0.0066130282357335,0.0231252536177635,-0.0115149905905127,-0.0077968030236661,0.0,0.0089907329529523,-0.0063705584034323,-0.0275409463793039,-0.0208829343318939,-0.0129449516534805,0.000374190043658,-0.0089801577851176,-0.0102861989289522,0.0550417006015777,0.0083144828677177,-0.0175088010728359,0.0189474001526832,0.0065152910538017,0.0406315858434909,0.0148336682626033,0.0452631905169382,0.0254817698024614,0.0402105236118064,0.0133305367980465,0.0898947463994119,0.0419930457360968,0.1233684339794116,0.1287069883263776,0.1304989920452142,0.0699202082183139,2019-02-14,2019-02-15,2019-02-19,2019-02-20,2019-02-21,2019-02-22,2019-02-25,2019-02-26,2019-02-27,2019-02-28,76076.0,2019-02-13,252.0,-0.8144%,0.0005,1.1894,-0.5385,-0.3668,0.8614%,1.6196%,71.7142%,-0.011007,CSCO,76076.0,2019-02-14,252.0,1.8947%,0.0005,1.1837,-0.5271,-0.378,0.8693%,1.6210%,71.2406%,0.022018,CSCO,76076.0,2019-02-15,252.0,2.1281%,0.0005,1.186,-0.5239,-0.3727,0.8711%,1.6211%,71.1284%,0.010938,CSCO,76076.0,2019-02-19,252.0,0.4451%,0.0004,1.1777,-0.5083,-0.3545,0.8515%,1.5945%,71.4862%,0.004735,CSCO,76076.0,2019-02-20,252.0,-0.0403%,0.0004,1.177,-0.5131,-0.3578,0.8502%,1.5942%,71.5583%,0.000328,CSCO,76076.0,2019-02-21,252.0,-0.4433%,0.0004,1.1767,-0.5141,-0.3584,0.8502%,1.5940%,71.5508%,-0.00136,CSCO,76076.0,2019-02-22,252.0,1.4167%,0.0004,1.1758,-0.503,-0.3592,0.8491%,1.5923%,71.5608%,0.003978,CSCO,76076.0,2019-02-25,252.0,1.3570%,0.0005,1.1745,-0.5089,-0.3669,0.8486%,1.5932%,71.6293%,0.009752,CSCO,76076.0,2019-02-26,252.0,0.7679%,0.0005,1.1714,-0.5121,-0.3708,0.8488%,1.5867%,71.3836%,0.00499,CSCO,76076.0,2019-02-27,252.0,0.8011%,0.0005,1.1652,-0.499,-0.3719,0.8450%,1.5759%,71.2487%,0.007385,CSCO,76076.0,2019-02-28,252.0,0.3489%,0.0005,1.1673,-0.4974,-0.3716,0.8449%,1.5752%,71.2325%,0.0061709999999999,CSCO,0.011011,0.021949,0.026684,0.025652,0.057928
22003,CISCO SYSTEMS INC,"Cisco Sees Q3 Adj. EPS $0.76-$0.78 vs $0.76 Estimate, Sales Growth 4-6% Year Over Year",6,increase,0.7,0.5,"the adjusted eps guidance aligns with estimates and the projected sales growth indicates positive performance, which is likely to boost investor confidence.",2,2019-02-13,CSCO,2019-02-13 21:05:00+00:00,76076.0,17275R10,-0.008143650367856,28313004.0,0.0189474001526832,0.0065152910538017,0.0212809666991233,0.0082645313814282,0.0044507631100714,0.0104924598708748,-0.0004028289404232,-0.016427943482995,-0.0044328272342681,0.0046551255509257,0.0141671877354383,-0.0019007424125447,0.0135701512917876,0.0002112023939844,0.0076786647550761,0.0010572897735983,0.0080109387636184,0.0124170808121562,0.0034890542738139,0.0163185372948646,-0.0069538461975753,0.0045901439152657,-0.004862867295742,-0.0082376124337315,0.002736500930041,0.011401018127799,0.0072124549187719,0.003299637697637,-0.0073543111793696,0.0151853580027818,-0.0042893588542938,-0.0055518546141684,0.0166437923908233,0.0185478329658508,0.0044299568980932,0.0056869881227612,0.0084371734410524,-0.0013630479807034,0.0028522822540253,0.0187456924468278,0.0087220147252082,-0.0064383209683001,0.0058270217850804,0.0057816836051642,-0.0037375623360276,-0.0018466763431206,-0.0009379675611853,-0.0055096801370382,0.0127675617113709,0.0081000300124287,-0.0222468841820955,0.0067567783407866,-0.0001896499015856,0.045045007020235,0.009482268244028,-0.0360885001718998,-0.001690778764896,-0.0087699294090271,0.0041400305926799,0.0130933215841651,0.0118066165596246,-0.0032626285683363,0.0183366890996694,0.0103602213785052,0.0056384392082691,0.0543694756925106,0.0061493967659771,-0.037514928728342,-0.0025166580453515,-0.0150624420493841,0.0012694903416559,-0.0150671703740954,0.0050715920515358,-0.0208806619048118,-0.0055866166949272,-0.0031674068886786,0.0115983942523598,-0.0353557169437408,-0.0039412616752088,-0.0347588248550891,0.0124101163819432,0.0010544718243181,0.0047965971753001,0.0070078149437904,0.0068953214213252,0.0049082273617386,-0.0112379174679517,0.0090439710766077,0.0015982978511601,-0.0402975976467132,-0.0010638540843501,0.0219641178846359,0.0062122554518282,-0.0285187344998121,0.0033516043331474,0.0181742794811725,-0.0096694659441709,0.0111955804750323,-0.0079886512830853,0.0010572897735983,0.0044738724827766,0.0253686476498842,-0.0032068465370684,0.0120693268254399,-0.0066130282357335,0.0231252536177635,-0.0115149905905127,-0.0077968030236661,0.0,0.0089907329529523,-0.0063705584034323,-0.0275409463793039,-0.0208829343318939,-0.0129449516534805,0.000374190043658,-0.0089801577851176,-0.0102861989289522,0.0550417006015777,0.0083144828677177,-0.0175088010728359,0.0189474001526832,0.0065152910538017,0.0406315858434909,0.0148336682626033,0.0452631905169382,0.0254817698024614,0.0402105236118064,0.0133305367980465,0.0898947463994119,0.0419930457360968,0.1233684339794116,0.1287069883263776,0.1304989920452142,0.0699202082183139,2019-02-14,2019-02-15,2019-02-19,2019-02-20,2019-02-21,2019-02-22,2019-02-25,2019-02-26,2019-02-27,2019-02-28,76076.0,2019-02-13,252.0,-0.8144%,0.0005,1.1894,-0.5385,-0.3668,0.8614%,1.6196%,71.7142%,-0.011007,CSCO,76076.0,2019-02-14,252.0,1.8947%,0.0005,1.1837,-0.5271,-0.378,0.8693%,1.6210%,71.2406%,0.022018,CSCO,76076.0,2019-02-15,252.0,2.1281%,0.0005,1.186,-0.5239,-0.3727,0.8711%,1.6211%,71.1284%,0.010938,CSCO,76076.0,2019-02-19,252.0,0.4451%,0.0004,1.1777,-0.5083,-0.3545,0.8515%,1.5945%,71.4862%,0.004735,CSCO,76076.0,2019-02-20,252.0,-0.0403%,0.0004,1.177,-0.5131,-0.3578,0.8502%,1.5942%,71.5583%,0.000328,CSCO,76076.0,2019-02-21,252.0,-0.4433%,0.0004,1.1767,-0.5141,-0.3584,0.8502%,1.5940%,71.5508%,-0.00136,CSCO,76076.0,2019-02-22,252.0,1.4167%,0.0004,1.1758,-0.503,-0.3592,0.8491%,1.5923%,71.5608%,0.003978,CSCO,76076.0,2019-02-25,252.0,1.3570%,0.0005,1.1745,-0.5089,-0.3669,0.8486%,1.5932%,71.6293%,0.009752,CSCO,76076.0,2019-02-26,252.0,0.7679%,0.0005,1.1714,-0.5121,-0.3708,0.8488%,1.5867%,71.3836%,0.00499,CSCO,76076.0,2019-02-27,252.0,0.8011%,0.0005,1.1652,-0.499,-0.3719,0.8450%,1.5759%,71.2487%,0.007385,CSCO,76076.0,2019-02-28,252.0,0.3489%,0.0005,1.1673,-0.4974,-0.3716,0.8449%,1.5752%,71.2325%,0.0061709999999999,CSCO,0.011011,0.021949,0.026684,0.025652,0.057928
22011,CISCO SYSTEMS INC,"Cisco Systems Q2 EPS $0.73 Beats $0.72 Estimate, Sales $12.4B Miss $12.41B Estimate",6,uncertain,0.6,0.2,"while cisco's eps beat estimates, the sales miss could raise concerns among investors, leading to uncertainty in stock price movement.",1,2019-02-13,CSCO,2019-02-13 21:05:00+00:00,76076.0,17275R10,-0.008143650367856,28313004.0,0.0189474001526832,0.0065152910538017,0.0212809666991233,0.0082645313814282,0.0044507631100714,0.0104924598708748,-0.0004028289404232,-0.016427943482995,-0.0044328272342681,0.0046551255509257,0.0141671877354383,-0.0019007424125447,0.0135701512917876,0.0002112023939844,0.0076786647550761,0.0010572897735983,0.0080109387636184,0.0124170808121562,0.0034890542738139,0.0163185372948646,-0.0069538461975753,0.0045901439152657,-0.004862867295742,-0.0082376124337315,0.002736500930041,0.011401018127799,0.0072124549187719,0.003299637697637,-0.0073543111793696,0.0151853580027818,-0.0042893588542938,-0.0055518546141684,0.0166437923908233,0.0185478329658508,0.0044299568980932,0.0056869881227612,0.0084371734410524,-0.0013630479807034,0.0028522822540253,0.0187456924468278,0.0087220147252082,-0.0064383209683001,0.0058270217850804,0.0057816836051642,-0.0037375623360276,-0.0018466763431206,-0.0009379675611853,-0.0055096801370382,0.0127675617113709,0.0081000300124287,-0.0222468841820955,0.0067567783407866,-0.0001896499015856,0.045045007020235,0.009482268244028,-0.0360885001718998,-0.001690778764896,-0.0087699294090271,0.0041400305926799,0.0130933215841651,0.0118066165596246,-0.0032626285683363,0.0183366890996694,0.0103602213785052,0.0056384392082691,0.0543694756925106,0.0061493967659771,-0.037514928728342,-0.0025166580453515,-0.0150624420493841,0.0012694903416559,-0.0150671703740954,0.0050715920515358,-0.0208806619048118,-0.0055866166949272,-0.0031674068886786,0.0115983942523598,-0.0353557169437408,-0.0039412616752088,-0.0347588248550891,0.0124101163819432,0.0010544718243181,0.0047965971753001,0.0070078149437904,0.0068953214213252,0.0049082273617386,-0.0112379174679517,0.0090439710766077,0.0015982978511601,-0.0402975976467132,-0.0010638540843501,0.0219641178846359,0.0062122554518282,-0.0285187344998121,0.0033516043331474,0.0181742794811725,-0.0096694659441709,0.0111955804750323,-0.0079886512830853,0.0010572897735983,0.0044738724827766,0.0253686476498842,-0.0032068465370684,0.0120693268254399,-0.0066130282357335,0.0231252536177635,-0.0115149905905127,-0.0077968030236661,0.0,0.0089907329529523,-0.0063705584034323,-0.0275409463793039,-0.0208829343318939,-0.0129449516534805,0.000374190043658,-0.0089801577851176,-0.0102861989289522,0.0550417006015777,0.0083144828677177,-0.0175088010728359,0.0189474001526832,0.0065152910538017,0.0406315858434909,0.0148336682626033,0.0452631905169382,0.0254817698024614,0.0402105236118064,0.0133305367980465,0.0898947463994119,0.0419930457360968,0.1233684339794116,0.1287069883263776,0.1304989920452142,0.0699202082183139,2019-02-14,2019-02-15,2019-02-19,2019-02-20,2019-02-21,2019-02-22,2019-02-25,2019-02-26,2019-02-27,2019-02-28,76076.0,2019-02-13,252.0,-0.8144%,0.0005,1.1894,-0.5385,-0.3668,0.8614%,1.6196%,71.7142%,-0.011007,CSCO,76076.0,2019-02-14,252.0,1.8947%,0.0005,1.1837,-0.5271,-0.378,0.8693%,1.6210%,71.2406%,0.022018,CSCO,76076.0,2019-02-15,252.0,2.1281%,0.0005,1.186,-0.5239,-0.3727,0.8711%,1.6211%,71.1284%,0.010938,CSCO,76076.0,2019-02-19,252.0,0.4451%,0.0004,1.1777,-0.5083,-0.3545,0.8515%,1.5945%,71.4862%,0.004735,CSCO,76076.0,2019-02-20,252.0,-0.0403%,0.0004,1.177,-0.5131,-0.3578,0.8502%,1.5942%,71.5583%,0.000328,CSCO,76076.0,2019-02-21,252.0,-0.4433%,0.0004,1.1767,-0.5141,-0.3584,0.8502%,1.5940%,71.5508%,-0.00136,CSCO,76076.0,2019-02-22,252.0,1.4167%,0.0004,1.1758,-0.503,-0.3592,0.8491%,1.5923%,71.5608%,0.003978,CSCO,76076.0,2019-02-25,252.0,1.3570%,0.0005,1.1745,-0.5089,-0.3669,0.8486%,1.5932%,71.6293%,0.009752,CSCO,76076.0,2019-02-26,252.0,0.7679%,0.0005,1.1714,-0.5121,-0.3708,0.8488%,1.5867%,71.3836%,0.00499,CSCO,76076.0,2019-02-27,252.0,0.8011%,0.0005,1.1652,-0.499,-0.3719,0.8450%,1.5759%,71.2487%,0.007385,CSCO,76076.0,2019-02-28,252.0,0.3489%,0.0005,1.1673,-0.4974,-0.3716,0.8449%,1.5752%,71.2325%,0.0061709999999999,CSCO,0.011011,0.021949,0.026684,0.025652,0.057928
22019,CISCO SYSTEMS INC,Cisco Systems Too Report Q2 Earnings After The Closing Bell; Co. Historically Issues Its Report At 4:05 p.m. ET,6,uncertain,0.6,0.5,"the timing of the earnings report alone does not provide enough information to predict a clear increase or decrease in cisco systems inc's stock price, as it depends on the actual earnings results and market expectations.",1,2019-02-13,CSCO,2019-02-13 20:44:00+00:00,76076.0,17275R10,-0.008143650367856,28313004.0,0.0189474001526832,0.0065152910538017,0.0212809666991233,0.0082645313814282,0.0044507631100714,0.0104924598708748,-0.0004028289404232,-0.016427943482995,-0.0044328272342681,0.0046551255509257,0.0141671877354383,-0.0019007424125447,0.0135701512917876,0.0002112023939844,0.0076786647550761,0.0010572897735983,0.0080109387636184,0.0124170808121562,0.0034890542738139,0.0163185372948646,-0.0069538461975753,0.0045901439152657,-0.004862867295742,-0.0082376124337315,0.002736500930041,0.011401018127799,0.0072124549187719,0.003299637697637,-0.0073543111793696,0.0151853580027818,-0.0042893588542938,-0.0055518546141684,0.0166437923908233,0.0185478329658508,0.0044299568980932,0.0056869881227612,0.0084371734410524,-0.0013630479807034,0.0028522822540253,0.0187456924468278,0.0087220147252082,-0.0064383209683001,0.0058270217850804,0.0057816836051642,-0.0037375623360276,-0.0018466763431206,-0.0009379675611853,-0.0055096801370382,0.0127675617113709,0.0081000300124287,-0.0222468841820955,0.0067567783407866,-0.0001896499015856,0.045045007020235,0.009482268244028,-0.0360885001718998,-0.001690778764896,-0.0087699294090271,0.0041400305926799,0.0130933215841651,0.0118066165596246,-0.0032626285683363,0.0183366890996694,0.0103602213785052,0.0056384392082691,0.0543694756925106,0.0061493967659771,-0.037514928728342,-0.0025166580453515,-0.0150624420493841,0.0012694903416559,-0.0150671703740954,0.0050715920515358,-0.0208806619048118,-0.0055866166949272,-0.0031674068886786,0.0115983942523598,-0.0353557169437408,-0.0039412616752088,-0.0347588248550891,0.0124101163819432,0.0010544718243181,0.0047965971753001,0.0070078149437904,0.0068953214213252,0.0049082273617386,-0.0112379174679517,0.0090439710766077,0.0015982978511601,-0.0402975976467132,-0.0010638540843501,0.0219641178846359,0.0062122554518282,-0.0285187344998121,0.0033516043331474,0.0181742794811725,-0.0096694659441709,0.0111955804750323,-0.0079886512830853,0.0010572897735983,0.0044738724827766,0.0253686476498842,-0.0032068465370684,0.0120693268254399,-0.0066130282357335,0.0231252536177635,-0.0115149905905127,-0.0077968030236661,0.0,0.0089907329529523,-0.0063705584034323,-0.0275409463793039,-0.0208829343318939,-0.0129449516534805,0.000374190043658,-0.0089801577851176,-0.0102861989289522,0.0550417006015777,0.0083144828677177,-0.0175088010728359,0.0189474001526832,0.0065152910538017,0.0406315858434909,0.0148336682626033,0.0452631905169382,0.0254817698024614,0.0402105236118064,0.0133305367980465,0.0898947463994119,0.0419930457360968,0.1233684339794116,0.1287069883263776,0.1304989920452142,0.0699202082183139,2019-02-14,2019-02-15,2019-02-19,2019-02-20,2019-02-21,2019-02-22,2019-02-25,2019-02-26,2019-02-27,2019-02-28,76076.0,2019-02-13,252.0,-0.8144%,0.0005,1.1894,-0.5385,-0.3668,0.8614%,1.6196%,71.7142%,-0.011007,CSCO,76076.0,2019-02-14,252.0,1.8947%,0.0005,1.1837,-0.5271,-0.378,0.8693%,1.6210%,71.2406%,0.022018,CSCO,76076.0,2019-02-15,252.0,2.1281%,0.0005,1.186,-0.5239,-0.3727,0.8711%,1.6211%,71.1284%,0.010938,CSCO,76076.0,2019-02-19,252.0,0.4451%,0.0004,1.1777,-0.5083,-0.3545,0.8515%,1.5945%,71.4862%,0.004735,CSCO,76076.0,2019-02-20,252.0,-0.0403%,0.0004,1.177,-0.5131,-0.3578,0.8502%,1.5942%,71.5583%,0.000328,CSCO,76076.0,2019-02-21,252.0,-0.4433%,0.0004,1.1767,-0.5141,-0.3584,0.8502%,1.5940%,71.5508%,-0.00136,CSCO,76076.0,2019-02-22,252.0,1.4167%,0.0004,1.1758,-0.503,-0.3592,0.8491%,1.5923%,71.5608%,0.003978,CSCO,76076.0,2019-02-25,252.0,1.3570%,0.0005,1.1745,-0.5089,-0.3669,0.8486%,1.5932%,71.6293%,0.009752,CSCO,76076.0,2019-02-26,252.0,0.7679%,0.0005,1.1714,-0.5121,-0.3708,0.8488%,1.5867%,71.3836%,0.00499,CSCO,76076.0,2019-02-27,252.0,0.8011%,0.0005,1.1652,-0.499,-0.3719,0.8450%,1.5759%,71.2487%,0.007385,CSCO,76076.0,2019-02-28,252.0,0.3489%,0.0005,1.1673,-0.4974,-0.3716,0.8449%,1.5752%,71.2325%,0.0061709999999999,CSCO,0.011011,0.021949,0.026684,0.025652,0.057928
22027,CISCO SYSTEMS INC,A Preview Of Cisco Systems Q2 Earnings,6,uncertain,0.5,0.5,"the preview of cisco systems' q2 earnings could lead to varying interpretations by investors, making the impact on stock price uncertain.",1,2019-02-13,CSCO,2019-02-13 12:58:00+00:00,76076.0,17275R10,-0.008143650367856,28313004.0,0.0189474001526832,0.0065152910538017,0.0212809666991233,0.0082645313814282,0.0044507631100714,0.0104924598708748,-0.0004028289404232,-0.016427943482995,-0.0044328272342681,0.0046551255509257,0.0141671877354383,-0.0019007424125447,0.0135701512917876,0.0002112023939844,0.0076786647550761,0.0010572897735983,0.0080109387636184,0.0124170808121562,0.0034890542738139,0.0163185372948646,-0.0069538461975753,0.0045901439152657,-0.004862867295742,-0.0082376124337315,0.002736500930041,0.011401018127799,0.0072124549187719,0.003299637697637,-0.0073543111793696,0.0151853580027818,-0.0042893588542938,-0.0055518546141684,0.0166437923908233,0.0185478329658508,0.0044299568980932,0.0056869881227612,0.0084371734410524,-0.0013630479807034,0.0028522822540253,0.0187456924468278,0.0087220147252082,-0.0064383209683001,0.0058270217850804,0.0057816836051642,-0.0037375623360276,-0.0018466763431206,-0.0009379675611853,-0.0055096801370382,0.0127675617113709,0.0081000300124287,-0.0222468841820955,0.0067567783407866,-0.0001896499015856,0.045045007020235,0.009482268244028,-0.0360885001718998,-0.001690778764896,-0.0087699294090271,0.0041400305926799,0.0130933215841651,0.0118066165596246,-0.0032626285683363,0.0183366890996694,0.0103602213785052,0.0056384392082691,0.0543694756925106,0.0061493967659771,-0.037514928728342,-0.0025166580453515,-0.0150624420493841,0.0012694903416559,-0.0150671703740954,0.0050715920515358,-0.0208806619048118,-0.0055866166949272,-0.0031674068886786,0.0115983942523598,-0.0353557169437408,-0.0039412616752088,-0.0347588248550891,0.0124101163819432,0.0010544718243181,0.0047965971753001,0.0070078149437904,0.0068953214213252,0.0049082273617386,-0.0112379174679517,0.0090439710766077,0.0015982978511601,-0.0402975976467132,-0.0010638540843501,0.0219641178846359,0.0062122554518282,-0.0285187344998121,0.0033516043331474,0.0181742794811725,-0.0096694659441709,0.0111955804750323,-0.0079886512830853,0.0010572897735983,0.0044738724827766,0.0253686476498842,-0.0032068465370684,0.0120693268254399,-0.0066130282357335,0.0231252536177635,-0.0115149905905127,-0.0077968030236661,0.0,0.0089907329529523,-0.0063705584034323,-0.0275409463793039,-0.0208829343318939,-0.0129449516534805,0.000374190043658,-0.0089801577851176,-0.0102861989289522,0.0550417006015777,0.0083144828677177,-0.0175088010728359,0.0189474001526832,0.0065152910538017,0.0406315858434909,0.0148336682626033,0.0452631905169382,0.0254817698024614,0.0402105236118064,0.0133305367980465,0.0898947463994119,0.0419930457360968,0.1233684339794116,0.1287069883263776,0.1304989920452142,0.0699202082183139,2019-02-14,2019-02-15,2019-02-19,2019-02-20,2019-02-21,2019-02-22,2019-02-25,2019-02-26,2019-02-27,2019-02-28,76076.0,2019-02-13,252.0,-0.8144%,0.0005,1.1894,-0.5385,-0.3668,0.8614%,1.6196%,71.7142%,-0.011007,CSCO,76076.0,2019-02-14,252.0,1.8947%,0.0005,1.1837,-0.5271,-0.378,0.8693%,1.6210%,71.2406%,0.022018,CSCO,76076.0,2019-02-15,252.0,2.1281%,0.0005,1.186,-0.5239,-0.3727,0.8711%,1.6211%,71.1284%,0.010938,CSCO,76076.0,2019-02-19,252.0,0.4451%,0.0004,1.1777,-0.5083,-0.3545,0.8515%,1.5945%,71.4862%,0.004735,CSCO,76076.0,2019-02-20,252.0,-0.0403%,0.0004,1.177,-0.5131,-0.3578,0.8502%,1.5942%,71.5583%,0.000328,CSCO,76076.0,2019-02-21,252.0,-0.4433%,0.0004,1.1767,-0.5141,-0.3584,0.8502%,1.5940%,71.5508%,-0.00136,CSCO,76076.0,2019-02-22,252.0,1.4167%,0.0004,1.1758,-0.503,-0.3592,0.8491%,1.5923%,71.5608%,0.003978,CSCO,76076.0,2019-02-25,252.0,1.3570%,0.0005,1.1745,-0.5089,-0.3669,0.8486%,1.5932%,71.6293%,0.009752,CSCO,76076.0,2019-02-26,252.0,0.7679%,0.0005,1.1714,-0.5121,-0.3708,0.8488%,1.5867%,71.3836%,0.00499,CSCO,76076.0,2019-02-27,252.0,0.8011%,0.0005,1.1652,-0.499,-0.3719,0.8450%,1.5759%,71.2487%,0.007385,CSCO,76076.0,2019-02-28,252.0,0.3489%,0.0005,1.1673,-0.4974,-0.3716,0.8449%,1.5752%,71.2325%,0.0061709999999999,CSCO,0.011011,0.021949,0.026684,0.025652,0.057928
22035,CATALENT INC,Catalent Names Alessandro Maselli President And COO,6,increase,0.7,0.6,"the appointment of a new president and coo can signal positive changes in leadership and strategy, potentially boosting investor confidence in catalent inc.",2,2019-02-13,CTLT,2019-02-13 12:14:00+00:00,14763.0,14880610,0.0068544088862836,609049.0,0.0109409373253583,0.0209947563707828,0.0108224367722868,0.0075547532178461,0.0049965004436671,0.0048076575621962,0.0130208143964409,0.0010131944436579,-0.0058424863964319,0.0063726739026606,0.0244475994259119,0.050615943968296,-0.0036714926827698,0.001609478960745,-0.0128972269594669,0.0094773480668663,0.005133019760251,0.0112267211079597,0.0032497534994035,0.0068927486427128,0.0161961335688829,-0.0060290824621915,-0.0047814003191888,0.0136111574247479,0.0002288294781465,0.0112359980121254,-0.0247026942670345,0.0082128886133432,-0.0016416439320892,-0.0022604695986956,-0.008221716620028,-0.0061780740506947,-0.0094742188230156,0.0113604525104165,-0.0004782510222867,0.0167484264820814,0.0059808613732457,0.0164367891848087,-0.003804990556091,0.0142899537459015,0.0074003669433295,-0.0047407364472746,0.0087677473202347,-0.0038371034897863,0.0023490362800657,0.0149790290743112,-0.0051557864062488,0.0179932955652475,0.0157832317054271,0.0246875286102294,-0.056818202137947,0.0296010319143533,-0.0051634889096021,0.0415549501776695,0.0101334620267152,-0.034616619348526,-0.0225103553384542,-0.0086594112217426,0.0145180979743599,0.0143136158585548,0.0014804188394919,-0.0012995748547837,0.0034491103142499,-0.0083762956783175,-0.0095752365887165,0.0363939926028251,0.0009915942791849,-0.0160972326993942,-0.0108965439721941,-0.0218509081751108,0.003254909068346,-0.049190305173397,0.001247797277756,-0.0150466449558734,-0.0142073705792427,-0.0294977240264415,0.0091024180874228,-0.0115472786128521,-0.0107742501422762,-0.0391123406589031,-0.0055724726989865,-0.0125992633402347,0.1311768144369125,0.0066169798374176,-0.0416572503745555,0.0159663781523704,0.0044642533175647,-0.0170704554766416,0.0285380408167839,-0.0265344846993684,0.0015919875586405,-0.0199631825089454,0.0093097146600484,-0.0551005490124225,0.0,0.0161412190645933,0.0040495004504919,0.0007572588510811,0.0085143903270363,-0.0042724800296127,0.003776982659474,0.0140162901952862,-0.0079681407660245,-0.0043135797604918,-0.0162873622030019,0.0186094921082258,0.0074846455827355,0.0173547156155109,0.030842026695609,0.0114361783489584,0.0157239008694887,-0.0031814088579267,-0.0391313657164573,-0.0423965007066726,0.0078317811712622,0.008706790395081,0.0037743819411844,0.0303429458290338,-0.0097323302179574,-0.0083725713193416,0.0109409373253583,0.0209947563707828,0.0218817817000784,0.028708119791879,0.0269876144757184,0.0336537961632892,0.0342815414394692,0.0412949010696235,0.0508144923779132,0.126275101839913,-0.0145879493165438,0.3288874028788966,0.0884998576564517,0.0688120665789571,2019-02-14,2019-02-15,2019-02-19,2019-02-20,2019-02-21,2019-02-22,2019-02-25,2019-02-26,2019-02-27,2019-02-28,14763.0,2019-02-13,252.0,0.6854%,-0.0002,1.0412,0.6328,-0.2598,1.5904%,2.0259%,38.3771%,0.00365,CTLT,14763.0,2019-02-14,252.0,1.0941%,-0.0002,1.0392,0.6373,-0.2648,1.5912%,2.0269%,38.3649%,0.00823,CTLT,14763.0,2019-02-15,252.0,1.0822%,-0.0002,1.0361,0.6344,-0.27,1.5912%,2.0245%,38.2304%,-0.001343,CTLT,14763.0,2019-02-19,252.0,0.4997%,-0.0003,1.0309,0.6436,-0.2592,1.5872%,2.0154%,37.9783%,0.001898,CTLT,14763.0,2019-02-20,252.0,1.3021%,-0.0002,1.0332,0.6443,-0.2525,1.5876%,2.0157%,37.9658%,0.0109719999999999,CTLT,14763.0,2019-02-21,252.0,-0.5842%,-0.0002,1.0292,0.6358,-0.2597,1.5858%,2.0118%,37.8710%,-0.0022489999999999,CTLT,14763.0,2019-02-22,252.0,2.4448%,-0.0002,1.0281,0.6274,-0.2807,1.5863%,2.0170%,38.1480%,0.010343,CTLT,14763.0,2019-02-25,252.0,-0.3671%,-0.0002,1.0269,0.6281,-0.2849,1.5851%,2.0163%,38.1977%,-0.004188,CTLT,14763.0,2019-02-26,252.0,-1.2897%,-0.0002,1.0308,0.6355,-0.2781,1.5858%,2.0171%,38.1972%,-0.008274,CTLT,14763.0,2019-02-27,252.0,0.5133%,-0.0002,1.0338,0.6311,-0.2776,1.5853%,2.0173%,38.2446%,0.002564,CTLT,14763.0,2019-02-28,252.0,0.3250%,-0.0002,1.0372,0.6336,-0.2765,1.5848%,2.0171%,38.2669%,0.005534,CTLT,0.01188,0.010537,0.012435,0.0211579999999999,0.0271369999999999
22043,CARETRUST REIT INC,"CareTrust REIT Q4 EPS $0.18, Inline, Normalized FFO $0.32",6,uncertain,0.6,0.2,"the earnings per share (eps) being inline suggests stability, but without additional context on market expectations or future guidance, the impact on stock price remains uncertain.",1,2019-02-13,CTRE,2019-02-13 22:08:00+00:00,14651.0,14174T10,0.0082379998639225,1184334.0,0.0059010055847465,-0.0344674699008464,0.0117328623309731,0.0202884972095489,0.0062443972565233,-0.0067174034193158,0.0017730902181938,0.0219679418951273,0.0084071028977632,-0.0068181646056473,0.0021939112339168,-0.0013618104858323,-0.0074430857785046,0.0142726236954331,0.0008822433883324,-0.0118289459496736,-0.0096959546208381,0.0027372019831091,-0.0057854545302689,0.011070099659264,-0.0004476378089748,0.0140318591147661,0.0031347826588898,0.0108746830374002,0.0111607145518064,0.0197685565799474,0.0030904943123459,0.008264466188848,0.0061620292253792,0.0249128062278032,0.0157479736953973,-0.0074183791875839,0.0146425561979413,-0.0212972182780504,0.0063667073845863,0.0063321557827293,0.0109658474102616,0.0098377158865332,0.0,0.0190475769340992,-0.0041718180291354,0.0025126202963292,-0.0205279290676116,0.007594917435199,-0.0106929000467062,0.0190918911248445,0.0038910573348402,0.0248545389622449,0.0275625027716159,0.0227149855345487,-0.0180218052119016,0.0043454603292047,0.0085360156372189,0.0143250813707709,0.0033855237998068,0.0145332720130682,-0.007591666188091,-0.0308775585144758,0.0053123505786061,-0.0016225357539951,0.0012803575955331,0.013279078528285,-0.0051150443032383,-0.0123126087710261,-0.0012853764928877,0.0349031090736389,0.0017160410061478,-0.0342429801821708,0.0004282753216102,-0.0341085195541381,0.0102739622816443,-0.0107361497357487,-0.0097457431256771,-0.0220000259578228,0.0051347422413527,0.01419881824404,0.0170285068452358,-0.0352251082658767,0.0163248777389526,0.0083867823705077,0.0004118710348848,0.0211586933583021,-0.0119391065090894,-0.0148882996290922,-0.0233333110809326,-0.0049382904544472,-0.0153583874925971,0.0044642933644354,0.0134315192699432,-0.0019802432507276,-0.0106883281841874,0.0196870919317007,0.0242005791515111,-0.0265356712043285,0.0029535735957324,0.016483511775732,-0.0029448755085468,0.007042319048196,0.011392343789339,0.0242142882198095,-0.0050062132067978,0.0031007474754005,0.0167714729905128,0.0046729049645364,-0.0008247611694969,-0.0118009001016616,0.0020636047702282,0.0209533590823411,0.0135914301499724,-0.0088265873491764,-0.0016253927024081,-0.0025892925914376,-0.0219779815524816,-0.0051520033739507,0.0066583370789885,0.0226554442197084,0.000413403409766,-0.0155602246522903,0.0210743099451065,0.0046899504959583,0.0059010055847465,-0.0344674699008464,0.0177031036018597,-0.014878265858201,0.0240580460699466,-0.0214957259635675,0.0344984199153124,-0.0068181655267256,0.0140716952600326,0.0078413308140599,0.0737630302641818,0.1817198838569589,0.132423527201378,0.1512377466957017,2019-02-14,2019-02-15,2019-02-19,2019-02-20,2019-02-21,2019-02-22,2019-02-25,2019-02-26,2019-02-27,2019-02-28,14651.0,2019-02-13,252.0,0.8238%,0.0018,0.4422,0.3839,0.1175,1.5442%,1.6201%,9.1611%,0.006608,CTRE,14651.0,2019-02-14,252.0,0.5901%,0.0017,0.4407,0.3856,0.1169,1.5429%,1.6187%,9.1374%,0.005415,CTRE,14651.0,2019-02-15,252.0,1.1733%,0.0019,0.4624,0.4055,0.1527,1.5358%,1.6170%,9.7918%,0.005129,CTRE,14651.0,2019-02-19,252.0,0.6244%,0.0018,0.4602,0.4102,0.1582,1.5349%,1.6153%,9.7094%,0.003632,CTRE,14651.0,2019-02-20,252.0,0.1773%,0.0018,0.4584,0.4014,0.1505,1.5334%,1.6133%,9.6569%,-0.000974,CTRE,14651.0,2019-02-21,252.0,0.8407%,0.0019,0.4473,0.3809,0.1302,1.5263%,1.6030%,9.3367%,0.0106299999999999,CTRE,14651.0,2019-02-22,252.0,0.2194%,0.0019,0.4479,0.3774,0.1334,1.5263%,1.6028%,9.3146%,-0.000994,CTRE,14651.0,2019-02-25,252.0,-0.7443%,0.0019,0.4473,0.3812,0.1334,1.5270%,1.6036%,9.3174%,-0.006994,CTRE,14651.0,2019-02-26,252.0,0.0882%,0.0019,0.4471,0.378,0.1316,1.5271%,1.6033%,9.2780%,0.004378,CTRE,14651.0,2019-02-27,252.0,-0.9696%,0.0019,0.4574,0.356,0.1332,1.5218%,1.5997%,9.4992%,-0.010759,CTRE,14651.0,2019-02-28,252.0,-0.5785%,0.002,0.4488,0.3499,0.1284,1.5179%,1.5929%,9.1913%,-0.004206,CTRE,0.0120229999999999,0.017152,0.020784,0.03044,0.0118649999999999
22051,CENOVUS ENERGY INC,Cenovus Energy Q4 EPS $(1.10) May Not Compare To $(0.02) Estimate,6,decrease,0.8,0.7,"the significant miss in earnings per share (eps) compared to estimates typically signals poor financial performance, which can lead to a decrease in stock price.",0,2019-02-13,CVE,2019-02-13 11:09:00+00:00,93094.0,15135U10,0.0597204938530921,12069851.0,0.0023980219848454,0.0423840656876564,0.0394736751914024,0.0080107375979423,0.0103567503392696,-0.0131752807646989,0.0091116093099117,-0.0318877547979354,-0.0169299803674221,0.0077120745554566,0.0206659361720085,0.0090791406109929,0.0044994330964982,0.0012987310765311,0.0302351061254739,-0.0115532930940389,-0.0054348036646842,-0.0298878923058509,0.0010929212439805,0.020330348983407,-0.0021833518985658,0.0115680815652012,-0.0557987093925476,-0.0012836651876568,-0.003476214595139,0.0236530657857656,-0.0267442427575588,0.0039578112773597,0.0083631658926606,-0.0206718146800994,-0.0272511318325996,-0.0491401180624961,0.042630985379219,0.0136987064033746,0.014018677175045,0.0062656281515955,0.0195852611213922,-0.0184501968324184,-0.0014147106558084,0.0149812586605548,-0.0034090604167431,-0.0111111290752887,0.0159634407609701,-0.0121950525790453,-0.0033669734839349,0.0123456073924899,0.032657653093338,0.0266160350292921,0.0021809709724038,0.0128369582816958,-0.047878086566925,0.0130038885399699,-0.0262856613844633,0.0650969892740249,0.0234741549938917,-0.0055097020231187,-0.0126147484406828,0.0327169299125671,0.0,0.0232897121459245,0.0081301573663949,0.0073313363827764,0.0518432930111885,-0.025714261457324,-0.003285841550678,0.0869565084576606,-0.0164835788309574,-0.0286576244980096,0.0033519256394356,-0.0221239067614078,0.045657105743885,-0.0244603753089904,0.0266240667551755,-0.0183615982532501,-0.0072614778764545,-0.0380435064435005,0.0480668805539608,-0.0404172018170356,-0.0169491600245237,-0.0327868536114692,0.0040567913092672,0.0110926032066345,-0.012121201492846,0.0464807301759719,0.0081799514591693,0.0053405128419399,0.0304259844124317,-0.0196335203945636,-0.0068897339515388,-0.0013072194997221,0.0336967445909977,-0.0601965896785259,0.0009587032254785,-0.0228090733289718,-0.0239463616162538,0.1287262588739395,-0.0029440366197377,0.0054495860822498,-0.0147637417539954,0.0591631084680557,-0.0059940479695796,-0.0198020283132791,-0.0040200967341661,0.0071225343272089,-0.0524722002446651,-0.0140449302271008,-0.030883913859725,-0.0704960823059082,-0.0087911998853087,0.0240641478449106,0.0099777374416589,-0.0684931203722953,-0.0241492111235857,-0.0098643563687801,0.0056242109276354,-0.022891629487276,0.0033557815477252,0.0209102183580398,0.0089186085388064,-0.0240095816552639,0.0023980219848454,0.0423840656876564,0.0419663559171794,0.0507343309141565,0.0527577413273323,0.0368906110952544,0.044364492929469,0.0115680823261108,0.0983213036216981,1.3640442109164042e-09,0.0367710147707669,0.14556040803679,0.0897535706519756,-0.0507650862187237,2019-02-14,2019-02-15,2019-02-19,2019-02-20,2019-02-21,2019-02-22,2019-02-25,2019-02-26,2019-02-27,2019-02-28,93094.0,2019-02-13,252.0,5.9720%,0.0007,1.5616,0.6973,1.0071,2.3389%,2.7979%,30.1145%,0.054149,CVE,93094.0,2019-02-14,252.0,0.2398%,0.0009,1.5618,0.7021,0.9986,2.3324%,2.7933%,30.2747%,0.007792,CVE,93094.0,2019-02-15,252.0,3.9474%,0.0009,1.5542,0.6968,0.9882,2.3305%,2.7853%,29.9890%,0.015177,CVE,93094.0,2019-02-19,252.0,1.0357%,0.0011,1.5748,0.6692,0.9554,2.2945%,2.7660%,31.1864%,0.002318,CVE,93094.0,2019-02-20,252.0,0.9112%,0.0011,1.5745,0.67,0.9549,2.2944%,2.7664%,31.2112%,-0.000707,CVE,93094.0,2019-02-21,252.0,-1.6930%,0.0011,1.5768,0.6724,0.9591,2.2952%,2.7673%,31.2056%,-0.008539,CVE,93094.0,2019-02-22,252.0,2.0666%,0.0012,1.5733,0.694,0.9368,2.2971%,2.7690%,31.1805%,0.020717,CVE,93094.0,2019-02-25,252.0,0.4499%,0.0012,1.5735,0.6921,0.9367,2.2972%,2.7690%,31.1763%,0.00553,CVE,93094.0,2019-02-26,252.0,3.0235%,0.0013,1.5571,0.6538,0.905,2.3085%,2.7667%,30.3780%,0.0401729999999999,CVE,93094.0,2019-02-27,252.0,-0.5435%,0.0013,1.5582,0.6493,0.9051,2.3090%,2.7661%,30.3207%,-0.007092,CVE,93094.0,2019-02-28,252.0,0.1093%,0.0012,1.5643,0.6538,0.908,2.3077%,2.7659%,30.3843%,0.007956,CVE,0.061941,0.077118,0.079436,0.07019,0.1374739999999999
22059,CYANOTECH CORP,"Cyanotech Q3 EPS $0.05 Down From $0.19 YoY, Sales $10M Up From $9.15M YoY",6,decrease,0.7,0.6,"the significant drop in eps from $0.19 to $0.05 may raise concerns among investors despite the increase in sales, likely leading to a decrease in stock price.",0,2019-02-13,CYAN,2019-02-13 13:08:00+00:00,10661.0,23243730,0.0020677605643868,5252.0,0.009523800574243,0.0239414200186729,-0.0251572839915752,0.0,0.0800000503659248,-0.0096774101257324,0.0454002246260643,-0.0174326673150062,0.0285714007914066,0.0344262346625328,0.0194444917142391,0.0032894706819206,0.0217983443289995,-0.0646441504359245,-0.0266666412353515,0.015656279399991,0.0361369401216507,0.0223641190677881,0.062428992241621,-0.0260143782943487,0.007964177057147,-0.001987611176446,-0.0123457256704568,-0.0167338568717241,-0.012499988079071,0.0445933230221271,0.0253164917230606,-0.0031796472612768,-0.080246977508068,0.0345394797623157,-0.0040268097072839,0.0,0.0242587365210056,-0.0379747226834297,-0.0131315933540463,-0.0312394201755523,0.0055731879547238,0.0005828090943396,-0.0241314880549907,0.0516129322350025,0.0190217215567827,0.0097719775512814,0.0032000222709029,-0.0128617249429225,-0.0776183009147644,0.0290516130626201,-0.0239481497555971,-0.0585046522319316,0.0333638899028301,0.0456026419997215,-0.0514015145599842,0.00986841134727,-0.0120481811463832,0.0133333206176757,-0.0091463327407836,-0.0228012818843126,0.0,0.0165562760084867,0.0061538401059806,-0.0194805022329092,-0.0091743031516671,-0.0375000387430191,0.0047839717008173,-0.0303617771714925,0.0075256926938891,0.0103787230327725,-0.0133841503411531,0.0050153732299804,0.0027502016164362,-0.0061162021011114,-0.0077041164040565,-0.0090909004211425,-0.0062111741863191,-0.0119760371744632,0.0171875208616256,-0.0237058233469724,-0.0138249080628156,-0.0025948004331439,-0.0093457857146859,-0.0498614497482776,-0.006289301905781,-0.0243243649601936,0.0047467928379774,0.0393258742988109,-0.0096378177404403,0.0327821038663387,0.0494848228991031,-0.0556164570152759,0.042424276471138,0.0224090088158845,-0.0156977139413356,-0.0351351648569107,0.0172475352883338,0.0136986169964075,-0.0233132299035787,0.0,-0.0264855045825243,0.0424699373543262,-0.0026565289590507,-0.0485597737133503,0.0072559160180389,0.0820347070693969,-0.0127659747377038,-0.0282857082784175,0.0006465489277616,0.0086455252021551,-0.0253530200570821,-0.0211565718054771,0.0670202523469924,0.0275362394750118,-0.0384615696966648,-0.0142857003957033,-0.0197230856865644,-0.0112994248047471,-0.0018518805736675,0.0652062967419624,0.0220125578343868,-0.0254252105951309,-0.0084307743236422,-0.0448179505765438,0.009523800574243,0.0239414200186729,-0.0158730763730575,0.0239414200186729,0.0628571270835605,0.0140323189524274,0.1428570793718364,0.0306557829900613,0.2755555596841037,-0.0218134924003831,0.0380952102457792,0.0206169285800874,0.023047592688641,-0.1194677555235572,2019-02-14,2019-02-15,2019-02-19,2019-02-20,2019-02-21,2019-02-22,2019-02-25,2019-02-26,2019-02-27,2019-02-28,10661.0,2019-02-13,252.0,0.2068%,-0.0013,0.4617,-0.1973,0.2364,3.0737%,3.1089%,2.2517%,0.000655,CYAN,10661.0,2019-02-14,252.0,0.9524%,-0.0012,0.4597,-0.1889,0.225,3.0724%,3.1073%,2.2330%,0.01279,CYAN,10661.0,2019-02-15,252.0,-2.5157%,-0.0013,0.4452,-0.2051,0.1972,3.0779%,3.1110%,2.1176%,-0.031059,CYAN,10661.0,2019-02-19,252.0,8.0000%,-0.0009,0.4656,-0.1615,0.2447,3.1180%,3.1523%,2.1676%,0.079057,CYAN,10661.0,2019-02-20,252.0,4.5400%,-0.0009,0.4725,-0.1715,0.2625,3.1092%,3.1447%,2.2500%,0.043425,CYAN,10661.0,2019-02-21,252.0,2.8571%,-0.0009,0.4683,-0.1731,0.2545,3.1151%,3.1500%,2.2063%,0.030703,CYAN,10661.0,2019-02-22,252.0,1.9444%,-0.0009,0.4666,-0.2067,0.2036,3.1128%,3.1485%,2.2501%,0.020994,CYAN,10661.0,2019-02-25,252.0,2.1798%,-0.0008,0.4673,-0.2168,0.2008,3.1156%,3.1515%,2.2663%,0.020827,CYAN,10661.0,2019-02-26,252.0,-2.6667%,-0.0009,0.4797,-0.1928,0.2222,3.1189%,3.1556%,2.3114%,-0.026744,CYAN,10661.0,2019-02-27,252.0,3.6137%,-0.0006,0.4937,-0.2067,0.2247,3.1220%,3.1607%,2.4356%,0.036238,CYAN,10661.0,2019-02-28,252.0,6.2429%,-0.0005,0.4971,-0.2022,0.2119,3.1428%,3.1816%,2.4265%,0.064462,CYAN,0.0134449999999999,-0.017614,0.061443,0.135571,0.251348
22067,DEUTSCHE BANK A G,"Handelsblatt Reports Deutsche Bank To Cut 1,200 Jobs In Postbank Integration",6,decrease,0.8,0.6,"the announcement of job cuts typically signals cost-cutting measures and potential negative impacts on employee morale, which can lead to a decrease in stock price.",0,2019-02-13,DB,2019-02-13 18:02:00+00:00,89199.0,D1819089,0.0,3023558.0,-0.0234191808849573,0.0264423415064811,0.0551558770239353,0.0158730298280715,-0.021590968593955,-0.0203349385410547,0.0150987366214394,-0.0659218057990074,-0.0091533092781901,0.0056179990060627,-0.0011547608301043,0.0113635715097188,0.0138729298487305,-0.0056497389450669,0.0171037185937166,-0.0033783481922,0.0213004015386104,-0.0441334620118141,0.0142700457945466,0.0065005873329937,0.005411276128143,-0.0043150931596755,-0.0096878530457615,0.0032468277495354,-0.004347822163254,0.042889405041933,0.0010917281033471,-0.0209945328533649,-0.0556161627173423,0.022598847746849,-0.0023094115313142,-0.031728658825159,0.0555555000901222,0.0246637072414159,-0.0285087972879409,-0.0398277603089809,0.0225734505802393,0.0764773860573768,-0.016556354239583,0.0058275279588997,-0.0033669734839349,0.002336390549317,0.0427928045392036,-0.0058071124367415,-0.0226781889796257,0.0058410321362316,-0.0298343040049076,-0.0205948911607265,-0.0398632623255252,0.0045976969413459,-0.0260973032563924,0.0211266838014125,-0.0048721022903919,0.0531520769000053,0.013463850133121,-0.0134145924821496,0.0217391680926084,0.0061349929310381,-0.0319149494171142,0.0124222887679934,-0.0085469717159867,0.030729865655303,0.0529557019472122,-0.0428921468555927,-0.0058479756116867,0.031605564057827,0.0105882529169321,0.0050825872458517,-0.0104773165658116,-0.0235732663422823,-0.0176470130681991,-0.0370369739830493,-0.0035928965080529,-0.0368239022791385,-0.0096153756603598,0.0104650231078267,-0.003640744369477,-0.0227272510528564,0.0219245199114084,-0.0078917359933257,0.0262216087430715,-0.0177186988294124,0.0034844004549086,0.0840335935354232,0.0266203172504901,-0.0059666098095476,0.0067644217051565,-0.0400915741920471,-0.0167973767966032,-0.019101133570075,-0.0034168262500315,-0.0176601316779851,-0.0240000039339065,-0.0351437591016292,-0.0046838363632559,0.0251092240214347,-0.0176470130681991,-0.0276008732616901,-0.0191617719829082,-0.0475227758288383,0.0158730298280715,0.0050813201814889,-0.0048076878301799,0.0113053051754832,-0.0157004967331886,0.051891840994358,0.0085890367627143,-0.0201270747929811,0.0,0.0227519012987613,-0.0133820688351988,-0.0562372393906116,-0.0357582606375217,-0.0030581739265471,0.0063938251696527,-0.0090908287093043,-0.0114357909187674,0.0030394867062568,0.0115680815652012,0.0010142220417037,-0.0234191808849573,0.0264423415064811,0.0304449906780859,0.0427350914100093,0.0081966852465571,0.0215311374115856,0.0140515091705701,-0.0404494015987627,0.0819671915592865,-0.0747561893321989,-0.0409836534576509,0.0608695381430854,-0.0784543431630775,-0.1338742096291557,2019-02-14,2019-02-15,2019-02-19,2019-02-20,2019-02-21,2019-02-22,2019-02-25,2019-02-26,2019-02-27,2019-02-28,89199.0,2019-02-13,252.0,0.0000%,-0.002,1.306,0.5707,1.33,1.8271%,2.2328%,33.0366%,-0.0050449999999999,DB,89199.0,2019-02-14,252.0,-2.3419%,-0.0021,1.3097,0.5633,1.3374,1.8288%,2.2366%,33.1406%,-0.01603,DB,89199.0,2019-02-15,252.0,5.5156%,-0.0019,1.3352,0.59,1.3838,1.8413%,2.2602%,33.6351%,0.032429,DB,89199.0,2019-02-19,252.0,-2.1591%,-0.002,1.3339,0.5665,1.3575,1.8477%,2.2631%,33.3447%,-0.03009,DB,89199.0,2019-02-20,252.0,1.5099%,-0.0019,1.3359,0.573,1.3652,1.8478%,2.2658%,33.4901%,0.0037519999999999,DB,89199.0,2019-02-21,252.0,-0.9153%,-0.0021,1.3498,0.6016,1.3906,1.8311%,2.2603%,34.3724%,-0.00077,DB,89199.0,2019-02-22,252.0,-0.1155%,-0.0021,1.3488,0.5947,1.3726,1.8315%,2.2596%,34.3016%,0.007105,DB,89199.0,2019-02-25,252.0,1.3873%,-0.002,1.3485,0.5857,1.367,1.8349%,2.2616%,34.1700%,0.015767,DB,89199.0,2019-02-26,252.0,1.7104%,-0.0018,1.3513,0.5422,1.347,1.8418%,2.2648%,33.8667%,0.027421,DB,89199.0,2019-02-27,252.0,2.1300%,-0.0017,1.3548,0.5426,1.3476,1.8467%,2.2693%,33.7819%,0.0205699999999999,DB,89199.0,2019-02-28,252.0,1.4270%,-0.0017,1.3577,0.5454,1.3443,1.8503%,2.2716%,33.6527%,0.0216299999999999,DB,-0.0210749999999999,0.011354,-0.0187359999999999,-0.0157539999999999,0.076739
22075,SPDR DOW JONES IND AVG ETF TRUST,This Day In Market History: Junk Bond Bank Drexel Burnham Lambert Goes Bankrupt,6,uncertain,0.5,0.5,"the bankruptcy of drexel burnham lambert may have implications for the broader market, but its direct impact on spdr dow jones ind avg etf trust is unclear and could vary based on investor sentiment and market conditions.",1,2019-02-13,DIA,2019-02-13 12:38:00+00:00,85765.0,78467X10,0.004989605396986,2918218.0,-0.0025019522290676,0.0143061941489577,0.0164131131023168,-0.0015120359603315,0.0006186107057146,-0.0023024477995932,0.0026660580188035,-0.0077598821371793,-0.0037379623390734,-0.0003544321807567,0.0063436143100261,0.006499680224806,0.0027674259617924,0.0073459423147141,-0.0013415849534794,0.0014393116580322,-0.0025716335512697,-0.0002398175711277,-0.0022703518625348,0.0181921198964119,0.004396847449243,0.0024887826293706,-0.0082175508141517,-0.009256612509489,-0.0003484448534436,0.0078217219561338,-0.0051125423051416,-0.0010174182243645,-0.0080196112394332,0.0070491852238774,-0.0003924133488908,-0.0123456912115216,0.0080483807250857,0.0140436831861734,-0.0035052543971687,0.0080211795866489,0.005823518615216,0.0050698188133537,0.0007383036427199,0.0071147438138723,0.0052210441790521,-0.003918636124581,0.0025160405784845,-0.0004999796510674,-0.0004246702883392,0.0045203492045402,-0.0061418274417519,0.0042030937038362,0.0089003769680857,0.0108769442886114,-0.0177979040890932,0.0046098763123154,0.0004314426041673,0.0333450846374034,0.0054494221694767,-0.0284538883715868,-0.0013647590531036,0.0006861220463179,0.003787440015003,0.0118014635518193,0.0079742427915334,-0.0033728219568729,0.0125805959105491,0.0111494371667504,-0.002667831024155,0.0486474111676216,0.0011845984263345,-0.0267302878201007,0.0067938882857561,-0.0182797983288765,0.0014406129484996,-0.0194070730358362,-0.0035584585275501,-0.0165992695838213,-0.0064964345656335,0.0039335447363555,0.000344141095411,-0.0206693951040506,-0.0007645726436749,-0.0196938570588827,0.0102142831310629,0.0015861371066421,-0.0009846243774518,0.0067559643648564,0.0027292415034025,-0.0019615502096712,0.0,0.001637301640585,0.0044893538579344,-0.0216642785817384,-0.001845120685175,-0.0040282155387103,0.0053193634375929,-0.0309203211218118,-0.0021014618687331,0.0126023115590214,-0.0052271909080445,0.0075712692923843,0.0030620254110544,-0.0009848723420873,0.0003768979513552,0.0256161466240882,0.001318588387221,0.0045050554908812,-0.0061703398823738,0.0147440461441874,-0.0048078326508402,-0.0075209336355328,0.0079503813758492,0.0006134719587862,-0.0026418545749038,-0.0214520152658224,-0.017974043264985,-0.0164928250014782,0.0005395139451138,0.00565074570477,-0.0046984562650322,0.0092064784839749,0.0057267099618911,-0.0084959845989942,-0.0025019522290676,0.0143061941489577,0.0138700960483368,0.0127725267086173,0.0144972869439563,0.0104406708330087,0.0133997328201935,0.0022444166977111,0.0163396228886394,0.0358959414264408,0.00984039457426,0.1051245971866041,0.0216021609786236,0.011670397502199,2019-02-14,2019-02-15,2019-02-19,2019-02-20,2019-02-21,2019-02-22,2019-02-25,2019-02-26,2019-02-27,2019-02-28,85765.0,2019-02-13,252.0,0.4990%,0.0001,1.0088,-0.2702,0.1173,0.2458%,1.0775%,94.7982%,0.0021449999999999,DIA,85765.0,2019-02-14,252.0,-0.2502%,0.0001,1.0086,-0.2693,0.1162,0.2458%,1.0776%,94.7963%,0.001602,DIA,85765.0,2019-02-15,252.0,1.6413%,0.0001,1.0154,-0.2626,0.128,0.2462%,1.0803%,94.8078%,0.005032,DIA,85765.0,2019-02-19,252.0,0.0619%,0.0001,1.0149,-0.263,0.1276,0.2462%,1.0774%,94.7770%,-0.001033,DIA,85765.0,2019-02-20,252.0,0.2666%,0.0001,1.015,-0.2632,0.1277,0.2462%,1.0775%,94.7790%,0.000514,DIA,85765.0,2019-02-21,252.0,-0.3738%,0.0002,1.0132,-0.2668,0.1245,0.2442%,1.0757%,94.8453%,2.7e-05,DIA,85765.0,2019-02-22,252.0,0.6344%,0.0002,1.0128,-0.2654,0.1206,0.2448%,1.0755%,94.8183%,0.002956,DIA,85765.0,2019-02-25,252.0,0.2767%,0.0001,1.0136,-0.2648,0.1241,0.2403%,1.0747%,95.0022%,0.000675,DIA,85765.0,2019-02-26,252.0,-0.1342%,0.0001,1.0157,-0.265,0.1255,0.2397%,1.0714%,94.9960%,-0.001105,DIA,85765.0,2019-02-27,252.0,-0.2572%,0.0001,1.0143,-0.2634,0.1253,0.2397%,1.0670%,94.9537%,-0.002932,DIA,85765.0,2019-02-28,252.0,-0.2270%,0.0001,1.0143,-0.2634,0.1251,0.2398%,1.0646%,94.9276%,0.00114,DIA,0.003747,0.008779,0.007746,0.008287,0.009021
22083,DIODES INC,Diodes Incorporated Sees Q1 Sales ~$305M vs $299.73M Est.,6,increase,0.75,0.6,"the reported sales of ~$305m exceeding the estimated $299.73m suggests positive performance, likely leading to an increase in stock price.",2,2019-02-13,DIOD,2019-02-13 21:47:00+00:00,44943.0,25454310,0.0314396917819976,524744.0,0.0863636210560798,0.0298210531473159,0.0356879346072673,0.0037057367153465,-0.0349334888160228,-0.0084793446585536,0.0123122381046414,-0.0325402952730655,-0.001702741254121,0.0240829084068536,0.0129142003133893,0.0211609341204166,0.0413760207593441,0.0303477495908737,-0.0191730614751577,0.0092178871855139,-0.0461610704660415,0.0303309336304664,-0.0041974857449531,0.0120930047705769,-0.0007439274340867,-0.0089121358469128,0.0,-0.0231161937117576,-0.0081885363906621,0.0422403737902641,-0.0315236933529377,0.0441031828522682,-0.0297080278396606,0.0052545103244483,-0.0119808502495288,-0.0424527823925018,0.0191322844475507,-0.0043832589872181,0.0007931988220661,-0.0006257368950173,-0.0100395577028393,0.0028239171952009,-0.0122765647247433,-0.008092132396996,0.0175628624856472,-0.0186316613107919,-0.0018587280064821,0.0170861463993787,-0.0007980521186254,0.0357142426073551,-0.0127795403823256,-0.0101910736411809,0.0175296030938625,-0.019669035449624,-0.0466471873223781,0.0152139319106936,-0.0272449124604463,0.0464344806969165,0.0040011256933212,-0.0584010258316993,-0.0148021755740046,-0.0074394876137375,0.0109795164316892,0.0059244972653687,-0.0082881078124046,0.0009362914715893,0.0423630364239215,0.0050188759341835,0.0146530997008085,0.0573797523975372,0.0215259101241827,-0.0121232252568006,0.0173378940671682,-0.0103761246427893,0.0057682543992996,-0.0140665126964449,0.007820626720786,-0.0529820807278156,-0.0178478695452213,0.0283312536776065,0.0147484205663204,-0.0116923404857516,-0.001816758303903,-0.0115572093054652,-0.0026000645011663,0.0055045965127646,0.0033889745827764,0.0328490510582923,0.0184463243931531,0.0025332465302199,-0.0354591682553291,0.0009508934454061,-0.01666228659451,-0.0372292101383209,-0.0223238784819841,-0.0126543594524264,0.021182956174016,-0.0530670657753944,0.0167026612907648,0.0063163191080093,-0.0315315946936607,0.0229075662791729,-0.0095758819952607,-0.0184491034597158,-0.0082872714847326,0.0342873483896255,0.014484585262835,-0.0029726063366979,-0.000549056683667,0.0114251682534813,0.0005493583157658,0.0039238529279828,0.0167490560561418,0.0103690195828676,-0.0283553674817085,-0.0102626057341694,-0.021678676828742,-0.029015177860856,0.1073863282799721,-0.0209469031542539,-0.0343766063451767,0.0316755399107933,0.0045165247283875,0.0101674692705273,0.0863636210560798,0.0298210531473159,0.1251336949240433,0.0336372988342008,0.0858288495758838,0.0248727319254493,0.09732618341621,0.0154018299040956,0.0783422519745022,0.1243410362057177,-0.064438493682928,0.1306516557357224,0.0109625644085529,0.0843301404288925,2019-02-14,2019-02-15,2019-02-19,2019-02-20,2019-02-21,2019-02-22,2019-02-25,2019-02-26,2019-02-27,2019-02-28,44943.0,2019-02-13,252.0,3.1440%,0.0007,1.309,0.6719,-0.3149,1.6956%,2.2987%,45.5905%,0.027531,DIOD,44943.0,2019-02-14,252.0,8.6364%,0.001,1.2892,0.7168,-0.3633,1.7735%,2.3594%,43.5019%,0.0836919999999999,DIOD,44943.0,2019-02-15,252.0,3.5688%,0.0012,1.3183,0.7451,-0.3131,1.7735%,2.3692%,43.9659%,0.020972,DIOD,44943.0,2019-02-19,252.0,-3.4933%,0.0011,1.3131,0.7165,-0.3448,1.7902%,2.3800%,43.4195%,-0.0387599999999999,DIOD,44943.0,2019-02-20,252.0,1.2312%,0.0012,1.3176,0.7364,-0.326,1.7855%,2.3775%,43.5970%,0.010038,DIOD,44943.0,2019-02-21,252.0,-0.1703%,0.0011,1.3248,0.7514,-0.3128,1.7807%,2.3767%,43.8661%,0.002838,DIOD,44943.0,2019-02-22,252.0,1.2914%,0.0011,1.3254,0.7567,-0.3013,1.7808%,2.3775%,43.8976%,-0.004529,DIOD,44943.0,2019-02-25,252.0,4.1376%,0.0012,1.3261,0.7379,-0.3084,1.7975%,2.3899%,43.4327%,0.040713,DIOD,44943.0,2019-02-26,252.0,-1.9173%,0.0012,1.3283,0.7561,-0.2975,1.7998%,2.3906%,43.3166%,-0.013447,DIOD,44943.0,2019-02-27,252.0,-4.6161%,0.001,1.3324,0.734,-0.297,1.8261%,2.4095%,42.5596%,-0.0492499999999999,DIOD,44943.0,2019-02-28,252.0,-0.4197%,0.0009,1.3465,0.7436,-0.2863,1.8191%,2.4093%,42.9968%,-0.001056,DIOD,0.1112229999999999,0.1321949999999999,0.0934349999999999,0.1063109999999999,0.078742
22091,DIODES INC,"Diodes Q4 Adj. EPS $0.65 Beats $0.58 Estimate, Sales $314.4M Beat $313.57M Estimate",6,increase,0.8,0.6,"the positive earnings per share and sales results exceeding estimates typically indicate strong financial performance, which can lead to an increase in stock price.",2,2019-02-13,DIOD,2019-02-13 21:46:00+00:00,44943.0,25454310,0.0314396917819976,524744.0,0.0863636210560798,0.0298210531473159,0.0356879346072673,0.0037057367153465,-0.0349334888160228,-0.0084793446585536,0.0123122381046414,-0.0325402952730655,-0.001702741254121,0.0240829084068536,0.0129142003133893,0.0211609341204166,0.0413760207593441,0.0303477495908737,-0.0191730614751577,0.0092178871855139,-0.0461610704660415,0.0303309336304664,-0.0041974857449531,0.0120930047705769,-0.0007439274340867,-0.0089121358469128,0.0,-0.0231161937117576,-0.0081885363906621,0.0422403737902641,-0.0315236933529377,0.0441031828522682,-0.0297080278396606,0.0052545103244483,-0.0119808502495288,-0.0424527823925018,0.0191322844475507,-0.0043832589872181,0.0007931988220661,-0.0006257368950173,-0.0100395577028393,0.0028239171952009,-0.0122765647247433,-0.008092132396996,0.0175628624856472,-0.0186316613107919,-0.0018587280064821,0.0170861463993787,-0.0007980521186254,0.0357142426073551,-0.0127795403823256,-0.0101910736411809,0.0175296030938625,-0.019669035449624,-0.0466471873223781,0.0152139319106936,-0.0272449124604463,0.0464344806969165,0.0040011256933212,-0.0584010258316993,-0.0148021755740046,-0.0074394876137375,0.0109795164316892,0.0059244972653687,-0.0082881078124046,0.0009362914715893,0.0423630364239215,0.0050188759341835,0.0146530997008085,0.0573797523975372,0.0215259101241827,-0.0121232252568006,0.0173378940671682,-0.0103761246427893,0.0057682543992996,-0.0140665126964449,0.007820626720786,-0.0529820807278156,-0.0178478695452213,0.0283312536776065,0.0147484205663204,-0.0116923404857516,-0.001816758303903,-0.0115572093054652,-0.0026000645011663,0.0055045965127646,0.0033889745827764,0.0328490510582923,0.0184463243931531,0.0025332465302199,-0.0354591682553291,0.0009508934454061,-0.01666228659451,-0.0372292101383209,-0.0223238784819841,-0.0126543594524264,0.021182956174016,-0.0530670657753944,0.0167026612907648,0.0063163191080093,-0.0315315946936607,0.0229075662791729,-0.0095758819952607,-0.0184491034597158,-0.0082872714847326,0.0342873483896255,0.014484585262835,-0.0029726063366979,-0.000549056683667,0.0114251682534813,0.0005493583157658,0.0039238529279828,0.0167490560561418,0.0103690195828676,-0.0283553674817085,-0.0102626057341694,-0.021678676828742,-0.029015177860856,0.1073863282799721,-0.0209469031542539,-0.0343766063451767,0.0316755399107933,0.0045165247283875,0.0101674692705273,0.0863636210560798,0.0298210531473159,0.1251336949240433,0.0336372988342008,0.0858288495758838,0.0248727319254493,0.09732618341621,0.0154018299040956,0.0783422519745022,0.1243410362057177,-0.064438493682928,0.1306516557357224,0.0109625644085529,0.0843301404288925,2019-02-14,2019-02-15,2019-02-19,2019-02-20,2019-02-21,2019-02-22,2019-02-25,2019-02-26,2019-02-27,2019-02-28,44943.0,2019-02-13,252.0,3.1440%,0.0007,1.309,0.6719,-0.3149,1.6956%,2.2987%,45.5905%,0.027531,DIOD,44943.0,2019-02-14,252.0,8.6364%,0.001,1.2892,0.7168,-0.3633,1.7735%,2.3594%,43.5019%,0.0836919999999999,DIOD,44943.0,2019-02-15,252.0,3.5688%,0.0012,1.3183,0.7451,-0.3131,1.7735%,2.3692%,43.9659%,0.020972,DIOD,44943.0,2019-02-19,252.0,-3.4933%,0.0011,1.3131,0.7165,-0.3448,1.7902%,2.3800%,43.4195%,-0.0387599999999999,DIOD,44943.0,2019-02-20,252.0,1.2312%,0.0012,1.3176,0.7364,-0.326,1.7855%,2.3775%,43.5970%,0.010038,DIOD,44943.0,2019-02-21,252.0,-0.1703%,0.0011,1.3248,0.7514,-0.3128,1.7807%,2.3767%,43.8661%,0.002838,DIOD,44943.0,2019-02-22,252.0,1.2914%,0.0011,1.3254,0.7567,-0.3013,1.7808%,2.3775%,43.8976%,-0.004529,DIOD,44943.0,2019-02-25,252.0,4.1376%,0.0012,1.3261,0.7379,-0.3084,1.7975%,2.3899%,43.4327%,0.040713,DIOD,44943.0,2019-02-26,252.0,-1.9173%,0.0012,1.3283,0.7561,-0.2975,1.7998%,2.3906%,43.3166%,-0.013447,DIOD,44943.0,2019-02-27,252.0,-4.6161%,0.001,1.3324,0.734,-0.297,1.8261%,2.4095%,42.5596%,-0.0492499999999999,DIOD,44943.0,2019-02-28,252.0,-0.4197%,0.0009,1.3465,0.7436,-0.2863,1.8191%,2.4093%,42.9968%,-0.001056,DIOD,0.1112229999999999,0.1321949999999999,0.0934349999999999,0.1063109999999999,0.078742
22099,DISH NETWORK CORP,"DISH Network shares are trading lower after the company reported Q4 EPS $0.64 missing the $0.67 estimate, and a 7% decline in Q4 subscribers.",6,decrease,0.8,0.7,"the missed earnings estimate and decline in subscribers are likely to negatively impact investor sentiment, leading to a decrease in stock price.",0,2019-02-13,DISH,2019-02-13 14:42:00+00:00,81696.0,25470M10,-0.0767754167318344,13381411.0,0.0291060339659452,0.0035313197877258,0.0404039993882179,-0.0123652908951044,-0.0051779886707663,0.0151271717622876,0.0169160850346088,-0.008931441232562,0.0015994637506082,0.0038424860686063,0.0482274107635021,0.0344484597444534,-0.026508193463087,-0.0082128774374723,-0.0009389885817654,-0.0074991700239479,0.001253101741895,0.0326599068939685,0.0172089878469705,-0.0016806466737762,-0.0086126970127224,-0.0181517899036407,0.0384735241532325,0.007313807029277,-0.0696146339178085,-0.0013280515559017,0.0256904680281877,0.0346959866583347,0.0072009279392659,-0.0135547146201133,-0.0130555853247642,-0.0097315106540918,0.0154331233352422,0.0156782232224941,-0.0024814461357891,0.0276707857847213,0.0059079173952341,0.0106194419786334,0.0068006562069058,0.0231799837201833,0.0,-0.019182913005352,-0.0049124914221465,-0.0171089302748441,-0.0107990894466638,0.0134465377777814,-0.0162196010351181,-0.0146443536505103,0.0218769367784261,0.0027972001116722,-0.0297858864068985,0.0113154063001275,-0.0204669423401355,0.0704012364149093,0.029709493741393,0.0208655688911676,-0.0066582430154085,0.0364437289535999,-0.0031918410677462,0.0004006501985713,0.0147294588387012,0.0237899888306856,0.0457557216286659,-0.0204901657998561,0.0024140565656125,0.0379482842981815,-0.0087297083809971,-0.0415667816996574,0.0267233848571777,-0.0551359169185161,0.0263235531747341,-0.0529327467083931,-0.0204610675573349,-0.0375215224921703,-0.0076493709348142,-0.0297261625528335,0.0260895658284425,-0.0231647342443466,0.0031782898586243,-0.0048701176419854,-0.0120968306437134,-0.0434783063828945,-0.0020408073905855,0.0183428172022104,-0.0032135732471942,-0.0112569956108927,0.0167057365179061,0.0015659015625715,0.0057653724215924,-0.0021874904632568,-0.0326741002500057,0.0021922860760241,-0.0026666712947189,-0.0437256395816803,0.0145573876798152,0.0192308034747839,-0.0084919733926653,-0.0060679842717945,0.027466045692563,-0.0178784932941198,0.018396072089672,0.037082839757204,-0.0087496861815452,0.0077857365831732,-0.01281323377043,0.0469514355063438,-0.0308624096214771,-0.019187731668353,0.0440477207303047,0.0412920340895652,-0.0105473985895514,-0.046666644513607,-0.0034571862779557,-0.041095845401287,0.0098294345661997,-0.0081521878018975,-0.0045805852860212,0.0317757166922092,0.0198446530848741,0.0046947640366852,0.0291060339659452,0.0035313197877258,0.0706860335327166,-0.0088776369037975,0.0651420333811365,0.0061152413202032,0.084892541854368,0.0009606371602528,0.1264725430717834,0.0507563091609344,0.0821205406412901,0.2524039030627218,0.2286901675746151,-0.0215962577234568,2019-02-14,2019-02-15,2019-02-19,2019-02-20,2019-02-21,2019-02-22,2019-02-25,2019-02-26,2019-02-27,2019-02-28,81696.0,2019-02-13,252.0,-7.6775%,-0.0015,1.3675,0.2804,0.4929,2.2299%,2.6141%,27.2340%,-0.081273,DISH,81696.0,2019-02-14,252.0,2.9106%,-0.0014,1.359,0.2991,0.4731,2.2403%,2.6205%,26.9140%,0.033279,DISH,81696.0,2019-02-15,252.0,4.0404%,-0.0012,1.3818,0.3221,0.5135,2.2442%,2.6320%,27.2938%,0.0219289999999999,DISH,81696.0,2019-02-19,252.0,-0.5178%,-0.0013,1.3784,0.3188,0.5101,2.2447%,2.6296%,27.1305%,-0.010378,DISH,81696.0,2019-02-20,252.0,1.6916%,-0.0013,1.3818,0.3269,0.5224,2.2460%,2.6321%,27.1860%,0.0106909999999999,DISH,81696.0,2019-02-21,252.0,0.1599%,-0.0012,1.3752,0.3155,0.5102,2.2453%,2.6280%,26.9992%,0.008043,DISH,81696.0,2019-02-22,252.0,4.8227%,-0.0009,1.3671,0.3637,0.4569,2.2567%,2.6393%,26.8918%,0.044954,DISH,81696.0,2019-02-25,252.0,-2.6508%,-0.0011,1.3694,0.3787,0.4732,2.2596%,2.6421%,26.8627%,-0.0268909999999999,DISH,81696.0,2019-02-26,252.0,-0.0939%,-0.001,1.3705,0.369,0.4691,2.2597%,2.6405%,26.7583%,0.005137,DISH,81696.0,2019-02-27,252.0,0.1253%,-0.001,1.3712,0.3679,0.4692,2.2597%,2.6395%,26.7053%,-0.0002179999999999,DISH,81696.0,2019-02-28,252.0,1.7209%,-0.0009,1.3608,0.3615,0.4561,2.2635%,2.6359%,26.2595%,0.0224589999999999,DISH,-0.0479939999999999,-0.0260649999999999,-0.0364429999999999,-0.0177089999999999,0.027732
22107,DISH NETWORK CORP,"DISH Network Q4 EPS $0.64 Misses $0.67 Estimate, Sales $3.31B Beat $3.28B Estimate",6,decrease,0.7,0.5,"the earnings per share (eps) miss is likely to weigh more heavily on investor sentiment than the sales beat, leading to a potential decrease in stock price.",0,2019-02-13,DISH,2019-02-13 11:10:00+00:00,81696.0,25470M10,-0.0767754167318344,13381411.0,0.0291060339659452,0.0035313197877258,0.0404039993882179,-0.0123652908951044,-0.0051779886707663,0.0151271717622876,0.0169160850346088,-0.008931441232562,0.0015994637506082,0.0038424860686063,0.0482274107635021,0.0344484597444534,-0.026508193463087,-0.0082128774374723,-0.0009389885817654,-0.0074991700239479,0.001253101741895,0.0326599068939685,0.0172089878469705,-0.0016806466737762,-0.0086126970127224,-0.0181517899036407,0.0384735241532325,0.007313807029277,-0.0696146339178085,-0.0013280515559017,0.0256904680281877,0.0346959866583347,0.0072009279392659,-0.0135547146201133,-0.0130555853247642,-0.0097315106540918,0.0154331233352422,0.0156782232224941,-0.0024814461357891,0.0276707857847213,0.0059079173952341,0.0106194419786334,0.0068006562069058,0.0231799837201833,0.0,-0.019182913005352,-0.0049124914221465,-0.0171089302748441,-0.0107990894466638,0.0134465377777814,-0.0162196010351181,-0.0146443536505103,0.0218769367784261,0.0027972001116722,-0.0297858864068985,0.0113154063001275,-0.0204669423401355,0.0704012364149093,0.029709493741393,0.0208655688911676,-0.0066582430154085,0.0364437289535999,-0.0031918410677462,0.0004006501985713,0.0147294588387012,0.0237899888306856,0.0457557216286659,-0.0204901657998561,0.0024140565656125,0.0379482842981815,-0.0087297083809971,-0.0415667816996574,0.0267233848571777,-0.0551359169185161,0.0263235531747341,-0.0529327467083931,-0.0204610675573349,-0.0375215224921703,-0.0076493709348142,-0.0297261625528335,0.0260895658284425,-0.0231647342443466,0.0031782898586243,-0.0048701176419854,-0.0120968306437134,-0.0434783063828945,-0.0020408073905855,0.0183428172022104,-0.0032135732471942,-0.0112569956108927,0.0167057365179061,0.0015659015625715,0.0057653724215924,-0.0021874904632568,-0.0326741002500057,0.0021922860760241,-0.0026666712947189,-0.0437256395816803,0.0145573876798152,0.0192308034747839,-0.0084919733926653,-0.0060679842717945,0.027466045692563,-0.0178784932941198,0.018396072089672,0.037082839757204,-0.0087496861815452,0.0077857365831732,-0.01281323377043,0.0469514355063438,-0.0308624096214771,-0.019187731668353,0.0440477207303047,0.0412920340895652,-0.0105473985895514,-0.046666644513607,-0.0034571862779557,-0.041095845401287,0.0098294345661997,-0.0081521878018975,-0.0045805852860212,0.0317757166922092,0.0198446530848741,0.0046947640366852,0.0291060339659452,0.0035313197877258,0.0706860335327166,-0.0088776369037975,0.0651420333811365,0.0061152413202032,0.084892541854368,0.0009606371602528,0.1264725430717834,0.0507563091609344,0.0821205406412901,0.2524039030627218,0.2286901675746151,-0.0215962577234568,2019-02-14,2019-02-15,2019-02-19,2019-02-20,2019-02-21,2019-02-22,2019-02-25,2019-02-26,2019-02-27,2019-02-28,81696.0,2019-02-13,252.0,-7.6775%,-0.0015,1.3675,0.2804,0.4929,2.2299%,2.6141%,27.2340%,-0.081273,DISH,81696.0,2019-02-14,252.0,2.9106%,-0.0014,1.359,0.2991,0.4731,2.2403%,2.6205%,26.9140%,0.033279,DISH,81696.0,2019-02-15,252.0,4.0404%,-0.0012,1.3818,0.3221,0.5135,2.2442%,2.6320%,27.2938%,0.0219289999999999,DISH,81696.0,2019-02-19,252.0,-0.5178%,-0.0013,1.3784,0.3188,0.5101,2.2447%,2.6296%,27.1305%,-0.010378,DISH,81696.0,2019-02-20,252.0,1.6916%,-0.0013,1.3818,0.3269,0.5224,2.2460%,2.6321%,27.1860%,0.0106909999999999,DISH,81696.0,2019-02-21,252.0,0.1599%,-0.0012,1.3752,0.3155,0.5102,2.2453%,2.6280%,26.9992%,0.008043,DISH,81696.0,2019-02-22,252.0,4.8227%,-0.0009,1.3671,0.3637,0.4569,2.2567%,2.6393%,26.8918%,0.044954,DISH,81696.0,2019-02-25,252.0,-2.6508%,-0.0011,1.3694,0.3787,0.4732,2.2596%,2.6421%,26.8627%,-0.0268909999999999,DISH,81696.0,2019-02-26,252.0,-0.0939%,-0.001,1.3705,0.369,0.4691,2.2597%,2.6405%,26.7583%,0.005137,DISH,81696.0,2019-02-27,252.0,0.1253%,-0.001,1.3712,0.3679,0.4692,2.2597%,2.6395%,26.7053%,-0.0002179999999999,DISH,81696.0,2019-02-28,252.0,1.7209%,-0.0009,1.3608,0.3615,0.4561,2.2635%,2.6359%,26.2595%,0.0224589999999999,DISH,-0.0479939999999999,-0.0260649999999999,-0.0364429999999999,-0.0177089999999999,0.027732
22115,DAVITA INC,DaVita Sees FY19 Consolidated Operating Income $1.54B-$1.64B,6,increase,0.7,0.6,"the forecasted consolidated operating income range suggests strong financial performance, which is likely to positively influence investor sentiment and increase the stock price.",2,2019-02-13,DVA,2019-02-13 21:43:00+00:00,82307.0,23918K10,0.0097628580406308,1758966.0,0.00293511711061,0.0244686361402273,0.0173867847770452,-0.002494198968634,0.0006768344319425,-0.0157811287790536,-0.0013526888797059,0.0156722571700811,0.0025397511199116,-0.012313051149249,-0.0086133815348148,0.004416961222887,-0.007836440578103,0.0053285835310816,-0.0042925821617245,0.0030286507681012,-0.0184515174478292,0.0051934262737631,-0.0003513113770168,-0.0136018451303243,0.002636163495481,0.0096308346837759,-0.0282208696007728,-0.0178665351122617,-0.042207796126604,0.0124135622754693,-0.0387946814298629,-0.0100070172920823,-0.0097962385043501,0.0019349271897226,-0.0116739245131611,-0.0090639786794781,0.010410419665277,0.0114597622305154,0.0170398373156786,-0.0096036186441779,0.0442235842347145,0.0088074682280421,-0.0003730716998688,0.014474649913609,-0.0009332409244962,-0.0019618442747741,-0.0272744093090295,0.0164974592626094,0.0353370495140552,0.0229970645159483,-0.0037099011242389,-0.0025897743180394,0.0240178909152746,-0.0057016289792954,-0.0172727406024932,0.0068518319167196,-0.0149860791862011,0.05923892557621,-0.0028174591716378,-0.0144983567297458,0.0073460047133266,0.0052468026988208,0.0007479602936655,0.0216398686170578,0.0143871530890464,-0.0061168381944298,0.0116042960435152,-0.0027548088692128,-0.005826651584357,0.0428893938660621,0.0122710987925529,-0.0218787658959627,-0.0028948769904673,-0.0273331012576818,0.0152422450482845,-0.0404645912349224,-0.0126898847520351,-0.0308642107993364,-0.0023533864878118,-0.0285714101046323,0.0143349831923842,-0.0227507706731557,-0.0227191485464572,-0.0232323408126831,-0.0016474492149427,0.0150376120582222,0.0115511044859886,0.0165016632527113,0.0027188966050744,-0.0075848759151995,-0.0771872848272323,-0.0161126311868429,0.0231145992875099,-0.0462633557617664,-0.0216350965201854,-0.0351178385317325,0.0377690866589546,-0.0347996018826961,0.0188572518527507,0.0048440764658153,-0.0025911417324095,0.0060918955132365,0.0319168902933597,0.0007621254771947,0.0097105000168085,0.046745378524065,-0.0162065867334604,0.0312603078782558,0.0065169585868716,0.018773028627038,0.0163669046014547,0.0005030820029787,0.0084941312670707,0.016016399487853,0.0140375364571809,-0.029115006327629,-0.0205918401479721,-0.0317155122756958,-0.0855123698711395,-0.0341893434524536,0.0119784148409962,0.0045066187158226,-0.0051546478644013,-0.0018613734282553,0.00293511711061,0.0244686361402273,0.0203729341371528,0.0219134075245683,0.0210635576723989,0.0057864604393815,0.0222721158097578,0.0089710144364112,-0.0176104397356987,0.0132485431912148,-0.0759668129920829,0.1387731147379995,-0.1003107353071951,-0.1102838606763111,2019-02-14,2019-02-15,2019-02-19,2019-02-20,2019-02-21,2019-02-22,2019-02-25,2019-02-26,2019-02-27,2019-02-28,82307.0,2019-02-13,252.0,0.9763%,-0.0009,1.0244,0.0732,0.2167,1.6161%,1.9232%,29.3865%,0.006609,DVA,82307.0,2019-02-14,252.0,0.2935%,-0.0009,1.0228,0.0769,0.2126,1.6167%,1.9233%,29.3423%,0.005863,DVA,82307.0,2019-02-15,252.0,1.7387%,-0.0009,1.026,0.0803,0.2186,1.6170%,1.9236%,29.3353%,0.004516,DVA,82307.0,2019-02-19,252.0,0.0677%,-0.0008,1.0327,0.0696,0.2059,1.6108%,1.9222%,29.7753%,-0.002261,DVA,82307.0,2019-02-20,252.0,-0.1353%,-0.0008,1.0319,0.069,0.2033,1.6109%,1.9222%,29.7647%,-0.004701,DVA,82307.0,2019-02-21,252.0,0.2540%,-0.0008,1.0287,0.0641,0.1974,1.6114%,1.9210%,29.6323%,0.006774,DVA,82307.0,2019-02-22,252.0,-0.8613%,-0.0008,1.0305,0.0598,0.2151,1.6132%,1.9216%,29.5252%,-0.012851,DVA,82307.0,2019-02-25,252.0,-0.7836%,-0.0008,1.0299,0.0632,0.2148,1.6137%,1.9218%,29.4950%,-0.008939,DVA,82307.0,2019-02-26,252.0,-0.4293%,-0.0008,1.0295,0.0647,0.2153,1.6137%,1.9192%,29.3070%,-0.0016309999999999,DVA,82307.0,2019-02-27,252.0,-1.8452%,-0.0009,1.0317,0.0554,0.2156,1.6174%,1.9222%,29.1951%,-0.019343,DVA,82307.0,2019-02-28,252.0,-0.0351%,-0.0009,1.0396,0.0609,0.2203,1.6144%,1.9221%,29.4502%,0.003275,DVA,0.012472,0.016988,0.014727,0.0168,-0.022689
22123,DAVITA INC,"DaVita HealthCare Q4 EPS $0.90, Inline, Sales $2.821B Miss $2.94B Estimate",6,decrease,0.7,0.6,"the earnings per share (eps) met expectations, but the significant miss in sales compared to estimates is likely to negatively impact investor sentiment and lead to a decrease in stock price.",0,2019-02-13,DVA,2019-02-13 21:43:00+00:00,82307.0,23918K10,0.0097628580406308,1758966.0,0.00293511711061,0.0244686361402273,0.0173867847770452,-0.002494198968634,0.0006768344319425,-0.0157811287790536,-0.0013526888797059,0.0156722571700811,0.0025397511199116,-0.012313051149249,-0.0086133815348148,0.004416961222887,-0.007836440578103,0.0053285835310816,-0.0042925821617245,0.0030286507681012,-0.0184515174478292,0.0051934262737631,-0.0003513113770168,-0.0136018451303243,0.002636163495481,0.0096308346837759,-0.0282208696007728,-0.0178665351122617,-0.042207796126604,0.0124135622754693,-0.0387946814298629,-0.0100070172920823,-0.0097962385043501,0.0019349271897226,-0.0116739245131611,-0.0090639786794781,0.010410419665277,0.0114597622305154,0.0170398373156786,-0.0096036186441779,0.0442235842347145,0.0088074682280421,-0.0003730716998688,0.014474649913609,-0.0009332409244962,-0.0019618442747741,-0.0272744093090295,0.0164974592626094,0.0353370495140552,0.0229970645159483,-0.0037099011242389,-0.0025897743180394,0.0240178909152746,-0.0057016289792954,-0.0172727406024932,0.0068518319167196,-0.0149860791862011,0.05923892557621,-0.0028174591716378,-0.0144983567297458,0.0073460047133266,0.0052468026988208,0.0007479602936655,0.0216398686170578,0.0143871530890464,-0.0061168381944298,0.0116042960435152,-0.0027548088692128,-0.005826651584357,0.0428893938660621,0.0122710987925529,-0.0218787658959627,-0.0028948769904673,-0.0273331012576818,0.0152422450482845,-0.0404645912349224,-0.0126898847520351,-0.0308642107993364,-0.0023533864878118,-0.0285714101046323,0.0143349831923842,-0.0227507706731557,-0.0227191485464572,-0.0232323408126831,-0.0016474492149427,0.0150376120582222,0.0115511044859886,0.0165016632527113,0.0027188966050744,-0.0075848759151995,-0.0771872848272323,-0.0161126311868429,0.0231145992875099,-0.0462633557617664,-0.0216350965201854,-0.0351178385317325,0.0377690866589546,-0.0347996018826961,0.0188572518527507,0.0048440764658153,-0.0025911417324095,0.0060918955132365,0.0319168902933597,0.0007621254771947,0.0097105000168085,0.046745378524065,-0.0162065867334604,0.0312603078782558,0.0065169585868716,0.018773028627038,0.0163669046014547,0.0005030820029787,0.0084941312670707,0.016016399487853,0.0140375364571809,-0.029115006327629,-0.0205918401479721,-0.0317155122756958,-0.0855123698711395,-0.0341893434524536,0.0119784148409962,0.0045066187158226,-0.0051546478644013,-0.0018613734282553,0.00293511711061,0.0244686361402273,0.0203729341371528,0.0219134075245683,0.0210635576723989,0.0057864604393815,0.0222721158097578,0.0089710144364112,-0.0176104397356987,0.0132485431912148,-0.0759668129920829,0.1387731147379995,-0.1003107353071951,-0.1102838606763111,2019-02-14,2019-02-15,2019-02-19,2019-02-20,2019-02-21,2019-02-22,2019-02-25,2019-02-26,2019-02-27,2019-02-28,82307.0,2019-02-13,252.0,0.9763%,-0.0009,1.0244,0.0732,0.2167,1.6161%,1.9232%,29.3865%,0.006609,DVA,82307.0,2019-02-14,252.0,0.2935%,-0.0009,1.0228,0.0769,0.2126,1.6167%,1.9233%,29.3423%,0.005863,DVA,82307.0,2019-02-15,252.0,1.7387%,-0.0009,1.026,0.0803,0.2186,1.6170%,1.9236%,29.3353%,0.004516,DVA,82307.0,2019-02-19,252.0,0.0677%,-0.0008,1.0327,0.0696,0.2059,1.6108%,1.9222%,29.7753%,-0.002261,DVA,82307.0,2019-02-20,252.0,-0.1353%,-0.0008,1.0319,0.069,0.2033,1.6109%,1.9222%,29.7647%,-0.004701,DVA,82307.0,2019-02-21,252.0,0.2540%,-0.0008,1.0287,0.0641,0.1974,1.6114%,1.9210%,29.6323%,0.006774,DVA,82307.0,2019-02-22,252.0,-0.8613%,-0.0008,1.0305,0.0598,0.2151,1.6132%,1.9216%,29.5252%,-0.012851,DVA,82307.0,2019-02-25,252.0,-0.7836%,-0.0008,1.0299,0.0632,0.2148,1.6137%,1.9218%,29.4950%,-0.008939,DVA,82307.0,2019-02-26,252.0,-0.4293%,-0.0008,1.0295,0.0647,0.2153,1.6137%,1.9192%,29.3070%,-0.0016309999999999,DVA,82307.0,2019-02-27,252.0,-1.8452%,-0.0009,1.0317,0.0554,0.2156,1.6174%,1.9222%,29.1951%,-0.019343,DVA,82307.0,2019-02-28,252.0,-0.0351%,-0.0009,1.0396,0.0609,0.2203,1.6144%,1.9221%,29.4502%,0.003275,DVA,0.012472,0.016988,0.014727,0.0168,-0.022689
22131,DYNATRONICS CORP,"Dynatronics Earlier Reported Q2 EPS $(0.08) Missed $(0.03) Estimate, Sales $15.44M Missed $16.36M Estimate",6,decrease,0.8,0.7,"the company reported a larger-than-expected loss and missed revenue estimates, which typically leads to negative investor sentiment and a decrease in stock price.",0,2019-02-13,DYNT,2019-02-13 16:14:00+00:00,31051.0,26815750,-0.1062992066144943,111258.0,-0.1013215929269791,0.0,0.0588235929608345,-0.0155038619413971,-0.0046296250075101,-0.0076923007145524,0.0093023162335157,-0.0125707825645804,-0.0230415612459182,0.005000056233257,0.0047170892357826,-0.0609319284558296,-0.0093897739425301,0.0072202095761895,-0.014217996969819,0.0374531485140323,-0.0044230087660253,-0.0255474206060171,0.038246102631092,0.0073529342189431,-0.0273488275706768,0.0501930974423885,-0.0053558670915663,0.0038759654853492,-0.0192307513207197,-0.0190114788711071,-0.0049019563011825,0.0115385428071022,0.0098522072657942,0.0038610002957284,0.0048780441284179,-0.0151717038825154,0.0631068497896194,-0.0038258051499724,-0.036529753357172,-0.0399999618530273,0.0204265974462032,0.0018215354066342,-0.0037620328366756,0.0129150729626417,-0.0023309446405619,0.0149812586605548,0.0005139368586242,0.0267651546746492,-0.0145252607762813,-0.0578260943293571,-0.0183411687612533,0.0454149432480335,-0.0054555530659854,-0.0185136701911687,0.0,-0.0037407875061035,-0.0340291038155555,0.0227272510528564,0.0151263820007443,-0.0342404879629612,-0.0198019612580537,0.0013186380965635,-0.010101000778377,-0.0197486765682697,0.0511735044419765,-0.0262237098067998,-0.0583895780146122,0.0514705404639244,0.0257731713354587,-0.0108731491491198,-0.0251256041228771,0.0955777317285537,0.0721648782491684,-0.0528302267193794,-0.014423063956201,-0.0701753720641136,-0.0146341323852539,0.0363636016845703,0.0247524511069059,0.0953993424773216,-0.0338163934648037,-0.0344973392784595,0.0449500083923339,7.693584484513849e-05,-0.0430164188146591,-0.0076335808262228,0.0,0.0,0.0299999713897705,0.0,-0.0242718216031789,-0.0131827071309089,0.0199004784226417,0.0411764793097972,-0.0376097187399864,-0.0165452137589454,0.0137361073866486,0.0089105470106005,-0.0600000023841857,-0.0115384506061673,0.0013298176927492,-0.0188679955899715,-0.0438247546553611,0.019230842590332,-0.0166666507720947,0.0399999618530273,0.0028248562011867,-0.0566038079559803,-0.0374647602438926,0.0114504620432853,-0.0098917540162801,0.0234374776482582,-0.0423267669975757,-0.0411985516548156,0.0246913339942693,-0.0555358454585075,0.0361446179449558,0.1086274310946465,0.0406976342201232,-0.0590406209230423,-0.0391061082482338,-0.0687285363674163,0.0226743686944246,0.0034482723567634,-0.101321592926979,0.0,-0.0484581001066245,-0.0155038619413971,-0.0528633822820646,-0.0230769022876594,-0.0660793334908307,-0.0305343238369896,-0.0528633813940724,-0.0661764937932695,-0.1365638524340002,-0.0879713110425209,-0.2251101486284406,-0.1241379691645773,2019-02-14,2019-02-15,2019-02-19,2019-02-20,2019-02-21,2019-02-22,2019-02-25,2019-02-26,2019-02-27,2019-02-28,31051.0,2019-02-13,252.0,-10.6299%,-0.0004,0.1104,-0.1844,0.1928,3.7025%,3.7068%,0.2282%,-0.106919,DYNT,31051.0,2019-02-14,252.0,-10.1322%,-0.001,0.1291,-0.2405,0.2617,3.7295%,3.7366%,0.3796%,-0.0991119999999999,DYNT,31051.0,2019-02-15,252.0,5.8824%,-0.0001,0.2989,-0.0816,0.5458,3.6062%,3.6247%,1.0198%,0.0566099999999999,DYNT,31051.0,2019-02-19,252.0,-0.4630%,-0.0003,0.286,-0.0694,0.5607,3.5989%,3.6172%,1.0084%,-0.0066979999999999,DYNT,31051.0,2019-02-20,252.0,0.9302%,-0.0001,0.2917,-0.0375,0.5862,3.5885%,3.6076%,1.0585%,0.005728,DYNT,31051.0,2019-02-21,252.0,-2.3042%,-0.0001,0.2936,-0.0382,0.5899,3.5905%,3.6099%,1.0700%,-0.0207399999999999,DYNT,31051.0,2019-02-22,252.0,0.4717%,-0.0004,0.2959,-0.1386,0.5251,3.5588%,3.5781%,1.0775%,0.01159,DYNT,31051.0,2019-02-25,252.0,-0.9390%,-0.0002,0.288,-0.142,0.4941,3.5334%,3.5514%,1.0094%,-0.009349,DYNT,31051.0,2019-02-26,252.0,-1.4218%,-0.0005,0.2476,-0.0849,0.4928,3.5050%,3.5199%,0.8461%,-0.0131349999999999,DYNT,31051.0,2019-02-27,252.0,-0.4423%,-0.0003,0.272,-0.1293,0.4969,3.4876%,3.5046%,0.9704%,-0.003993,DYNT,31051.0,2019-02-28,252.0,3.8246%,-0.0002,0.2704,-0.1291,0.4863,3.4961%,3.5126%,0.9380%,0.0402569999999999,DYNT,-0.206031,-0.149421,-0.156119,-0.171131,-0.145761
22139,ELECTRONIC ARTS INC,"Apex Legends Lifts Electronic Arts, But The Chart Is Pointing Lower",6,decrease,0.7,0.6,"despite apex legends boosting electronic arts' performance, the mention of the chart pointing lower suggests potential bearish sentiment that could lead to a decrease in stock price.",0,2019-02-13,EA,2019-02-13 19:42:00+00:00,75828.0,28551210,-0.0007818022859282,15887724.0,0.0293398536741733,0.0523447543382644,0.0151068540289998,-0.0036885309964418,-0.0363159626722335,0.1605231910943985,-0.0420551858842372,0.0484976880252361,-0.0179458241909742,-0.1330522894859314,-0.0097047537565231,0.0462512299418449,-0.0006254957988858,-0.0305854082107543,0.0275401566177606,-0.011058073490858,-0.0067005446180701,0.0337329879403114,-0.0210547596216201,0.0228107012808322,0.0170182175934314,-0.0357024781405925,-0.0012319345260038,-0.0138434348627924,-0.0161373186856508,0.0028420910239219,-0.0099248280748724,0.0263660512864589,0.0484330914914608,-0.0238747168332338,-0.0100644119083881,-0.013078243471682,0.0069133825600147,0.0359422154724597,-0.0045436648651957,-0.0067838146351277,0.0156202549114823,0.0048050098121166,-0.0129830762743949,0.0102731548249721,0.0015177731402218,-0.0233737062662839,0.0068700774572789,-0.0034062759950757,-0.0215733647346496,0.0236193723976612,-0.0049226065166294,-0.001235598581843,0.0809027999639511,0.016326067969203,-0.0242181625217199,0.0375503227114677,-0.0059604551643133,0.0725447759032249,0.0057996297255158,-0.0206545181572437,-0.0161258950829505,0.0185020789504051,0.0151981599628925,-0.0049180248752236,-0.0055772964842617,-0.0016366266645491,0.0102332085371017,0.019771484658122,-0.0178241152316331,0.0424250289797782,-0.0068424716591835,-0.0241608787328004,-0.0220668893307447,-0.0112345395609736,0.0152133740484714,-0.0117406602948904,-0.0148848770186305,-0.0204999931156635,0.0030628184322267,0.0097184982150793,0.0140457740053534,-0.0116018000990152,0.0095353266224265,-0.0086569003760814,0.0124279176816344,-0.0256657097488641,-0.0390847809612751,-0.0053931516595184,-0.0410832576453685,-0.0034635243937373,-0.0200362876057624,0.0146631943061947,0.0129418428987264,-0.016213646158576,-0.0066566755995154,0.0332593843340873,0.0228058863431215,-0.0335714258253574,-0.0050723422318696,-0.0008326358511112,-0.0124269584193825,-0.0268549565225839,0.0160249285399913,0.0057042823173105,0.0027522190939635,0.0101128946989774,-0.0008445247076451,0.0012951914686709,0.002218690700829,0.0273376330733299,-0.0048492420464754,-0.0160675849765539,-0.0201271343976259,0.0120452903211116,0.0136216450482606,-0.0002408992295386,-0.0109854815527796,-0.0340816602110862,0.0124015295878052,-0.0258356798440218,-0.0059650358743965,0.0290344897657632,0.0060008312575519,-0.0186519883573055,0.0293398536741733,0.0523447543382644,0.044889940589861,0.0484631480929447,0.0069437565108072,0.2167657983697031,-0.0527139304395697,0.1060311919619758,-0.0632762955360993,0.1729711678087113,-0.0004890279873824,0.2904161243626286,-0.0818582173434503,0.1709578102181483,2019-02-14,2019-02-15,2019-02-19,2019-02-20,2019-02-21,2019-02-22,2019-02-25,2019-02-26,2019-02-27,2019-02-28,75828.0,2019-02-13,252.0,-0.0782%,-0.001,0.9869,0.1896,-0.7843,2.0420%,2.4412%,30.0255%,-0.003211,EA,75828.0,2019-02-14,252.0,2.9340%,-0.0009,0.9808,0.2043,-0.8008,2.0488%,2.4483%,29.9706%,0.025777,EA,75828.0,2019-02-15,252.0,1.5107%,-0.0009,0.985,0.209,-0.7928,2.0495%,2.4490%,29.9654%,0.007257,EA,75828.0,2019-02-19,252.0,-3.6316%,-0.0011,0.9758,0.1899,-0.8136,2.0613%,2.4554%,29.5273%,-0.036515,EA,75828.0,2019-02-20,252.0,-4.2055%,-0.0012,0.9652,0.1674,-0.8509,2.0756%,2.4693%,29.3421%,-0.039952,EA,75828.0,2019-02-21,252.0,-1.7946%,-0.0013,0.9717,0.1773,-0.8389,2.0771%,2.4716%,29.3731%,-0.016314,EA,75828.0,2019-02-22,252.0,-0.9705%,-0.0014,0.9755,0.1784,-0.7926,2.0842%,2.4713%,28.8754%,-0.029428,EA,75828.0,2019-02-25,252.0,-0.0625%,-0.0014,0.975,0.1787,-0.7943,2.0840%,2.4713%,28.8850%,-0.003152,EA,75828.0,2019-02-26,252.0,2.7540%,-0.0013,0.9656,0.1476,-0.8171,2.0916%,2.4743%,28.5401%,0.027523,EA,75828.0,2019-02-27,252.0,-0.6701%,-0.0013,0.9644,0.1474,-0.8173,2.0921%,2.4733%,28.4514%,-0.008931,EA,75828.0,2019-02-28,252.0,-2.1055%,-0.0014,0.9642,0.1466,-0.8131,2.0949%,2.4732%,28.2490%,-0.020238,EA,0.022566,0.029823,-0.0066919999999999,-0.062958,-0.0971839999999999
22147,ELECTRONIC ARTS INC,"BMO Capital Maintains Outperform on Electronic Arts, Raises Price Target to $116",6,increase,0.8,0.6,maintaining an 'outperform' rating and raising the price target typically signals positive sentiment and potential for stock price appreciation.,2,2019-02-13,EA,2019-02-13 14:57:00+00:00,75828.0,28551210,-0.0007818022859282,15887724.0,0.0293398536741733,0.0523447543382644,0.0151068540289998,-0.0036885309964418,-0.0363159626722335,0.1605231910943985,-0.0420551858842372,0.0484976880252361,-0.0179458241909742,-0.1330522894859314,-0.0097047537565231,0.0462512299418449,-0.0006254957988858,-0.0305854082107543,0.0275401566177606,-0.011058073490858,-0.0067005446180701,0.0337329879403114,-0.0210547596216201,0.0228107012808322,0.0170182175934314,-0.0357024781405925,-0.0012319345260038,-0.0138434348627924,-0.0161373186856508,0.0028420910239219,-0.0099248280748724,0.0263660512864589,0.0484330914914608,-0.0238747168332338,-0.0100644119083881,-0.013078243471682,0.0069133825600147,0.0359422154724597,-0.0045436648651957,-0.0067838146351277,0.0156202549114823,0.0048050098121166,-0.0129830762743949,0.0102731548249721,0.0015177731402218,-0.0233737062662839,0.0068700774572789,-0.0034062759950757,-0.0215733647346496,0.0236193723976612,-0.0049226065166294,-0.001235598581843,0.0809027999639511,0.016326067969203,-0.0242181625217199,0.0375503227114677,-0.0059604551643133,0.0725447759032249,0.0057996297255158,-0.0206545181572437,-0.0161258950829505,0.0185020789504051,0.0151981599628925,-0.0049180248752236,-0.0055772964842617,-0.0016366266645491,0.0102332085371017,0.019771484658122,-0.0178241152316331,0.0424250289797782,-0.0068424716591835,-0.0241608787328004,-0.0220668893307447,-0.0112345395609736,0.0152133740484714,-0.0117406602948904,-0.0148848770186305,-0.0204999931156635,0.0030628184322267,0.0097184982150793,0.0140457740053534,-0.0116018000990152,0.0095353266224265,-0.0086569003760814,0.0124279176816344,-0.0256657097488641,-0.0390847809612751,-0.0053931516595184,-0.0410832576453685,-0.0034635243937373,-0.0200362876057624,0.0146631943061947,0.0129418428987264,-0.016213646158576,-0.0066566755995154,0.0332593843340873,0.0228058863431215,-0.0335714258253574,-0.0050723422318696,-0.0008326358511112,-0.0124269584193825,-0.0268549565225839,0.0160249285399913,0.0057042823173105,0.0027522190939635,0.0101128946989774,-0.0008445247076451,0.0012951914686709,0.002218690700829,0.0273376330733299,-0.0048492420464754,-0.0160675849765539,-0.0201271343976259,0.0120452903211116,0.0136216450482606,-0.0002408992295386,-0.0109854815527796,-0.0340816602110862,0.0124015295878052,-0.0258356798440218,-0.0059650358743965,0.0290344897657632,0.0060008312575519,-0.0186519883573055,0.0293398536741733,0.0523447543382644,0.044889940589861,0.0484631480929447,0.0069437565108072,0.2167657983697031,-0.0527139304395697,0.1060311919619758,-0.0632762955360993,0.1729711678087113,-0.0004890279873824,0.2904161243626286,-0.0818582173434503,0.1709578102181483,2019-02-14,2019-02-15,2019-02-19,2019-02-20,2019-02-21,2019-02-22,2019-02-25,2019-02-26,2019-02-27,2019-02-28,75828.0,2019-02-13,252.0,-0.0782%,-0.001,0.9869,0.1896,-0.7843,2.0420%,2.4412%,30.0255%,-0.003211,EA,75828.0,2019-02-14,252.0,2.9340%,-0.0009,0.9808,0.2043,-0.8008,2.0488%,2.4483%,29.9706%,0.025777,EA,75828.0,2019-02-15,252.0,1.5107%,-0.0009,0.985,0.209,-0.7928,2.0495%,2.4490%,29.9654%,0.007257,EA,75828.0,2019-02-19,252.0,-3.6316%,-0.0011,0.9758,0.1899,-0.8136,2.0613%,2.4554%,29.5273%,-0.036515,EA,75828.0,2019-02-20,252.0,-4.2055%,-0.0012,0.9652,0.1674,-0.8509,2.0756%,2.4693%,29.3421%,-0.039952,EA,75828.0,2019-02-21,252.0,-1.7946%,-0.0013,0.9717,0.1773,-0.8389,2.0771%,2.4716%,29.3731%,-0.016314,EA,75828.0,2019-02-22,252.0,-0.9705%,-0.0014,0.9755,0.1784,-0.7926,2.0842%,2.4713%,28.8754%,-0.029428,EA,75828.0,2019-02-25,252.0,-0.0625%,-0.0014,0.975,0.1787,-0.7943,2.0840%,2.4713%,28.8850%,-0.003152,EA,75828.0,2019-02-26,252.0,2.7540%,-0.0013,0.9656,0.1476,-0.8171,2.0916%,2.4743%,28.5401%,0.027523,EA,75828.0,2019-02-27,252.0,-0.6701%,-0.0013,0.9644,0.1474,-0.8173,2.0921%,2.4733%,28.4514%,-0.008931,EA,75828.0,2019-02-28,252.0,-2.1055%,-0.0014,0.9642,0.1466,-0.8131,2.0949%,2.4732%,28.2490%,-0.020238,EA,0.022566,0.029823,-0.0066919999999999,-0.062958,-0.0971839999999999
22155,EBIX INC,Ebix Acquires Indian Travel Technology Provider Zillious; Terms Not Disclosed,6,uncertain,0.6,0.3,"the acquisition of zillious could potentially enhance ebix inc's market position in the travel technology sector, but the lack of disclosed terms makes it difficult to assess the immediate financial impact.",1,2019-02-13,EBIX,2019-02-13 12:47:00+00:00,11481.0,27871520,0.0077233389019966,224208.0,0.0104511147364974,0.0167767703533172,0.0096535319462418,0.0,0.0001707723422441,-0.0185671988874673,0.0078524937853217,-0.0055739367380738,-0.0032181984279304,-0.0209754351526498,0.0027187741361558,0.0101636545732617,0.0289781894534826,0.0303514208644628,0.0021409296896308,-0.0136554408818483,-0.0308134257793426,0.0178189594298601,-0.0106961131095886,0.0124481078237295,-0.072593092918396,0.0178112611174583,-0.0138786081224679,0.0179439075291156,0.0108838053420186,0.014410282485187,-0.0365694724023342,0.0109258871525526,-0.0287090875208377,0.0126164155080914,-0.0035707261413335,-0.0510222949087619,0.0213020052760839,0.0418345853686332,-0.0072124549187719,0.0491242706775665,-0.0019634494092315,0.0215960349887609,-0.0064922645688056,-0.0008220492163673,0.0253465101122856,0.0037128776311874,-0.0036693438887596,0.0502599589526653,0.0040705385617911,0.0034782574512064,-0.0283783283084631,0.0161254592239856,0.0085435416549444,0.0216655172407627,-0.0559495724737644,0.0123372375965118,0.0058431262150406,0.0315814316272735,0.0097509836778044,-0.0299497321248054,-0.0084240781143307,0.0277255699038505,0.0082884691655635,-0.0309653207659721,0.0145910214632749,0.0029686514753848,0.0224833022803068,0.0,-0.0209984425455331,0.0709220245480537,0.0321732126176357,0.0126299727708101,-0.0121544590219855,-0.0222759842872619,0.0178607180714607,-0.0275489035993814,-0.0033145248889923,-0.030365252867341,-0.0041079632937908,0.0108469277620315,0.0139461616054177,-0.0018428476760163,-0.0141417970880866,-0.0370452962815761,-0.0076635763980448,-0.0087950248271226,-0.0089109065011143,0.0129175502806901,-0.0075924289412796,-0.0630216374993324,-0.0362391658127307,0.016546431928873,-0.0077292444184422,0.0053316270932555,-0.0054736486636102,0.0332745313644409,0.0448771975934505,-0.0472391322255134,0.0079011218622326,0.0086827585473656,-0.0092462124302983,0.0051085925661027,0.0099411206319928,-0.0041269939392805,0.0130574833601713,0.024945804849267,0.0009914581896737,-0.0694388821721077,0.008518231101334,0.0164136067032814,-0.0125711923465132,0.0028807243797928,0.0139248212799429,0.0158862527459859,-0.0025505407247692,-0.011570275761187,-0.0493705421686172,-0.0621972307562828,-0.0099317887797951,0.0373869463801384,0.0612330287694931,-0.0079761017113924,0.056518368422985,-0.0182067397981882,0.0104511147364974,0.0167767703533172,0.0202055368527218,0.0167767703533172,0.0203797597418207,-0.0021019261659895,0.0250827150274857,-0.0284788232369223,0.0162724000461813,0.0277828043956127,-0.1513332020840977,0.2971312271470254,-0.0643038441345078,0.1170898084966882,2019-02-14,2019-02-15,2019-02-19,2019-02-20,2019-02-21,2019-02-22,2019-02-25,2019-02-26,2019-02-27,2019-02-28,11481.0,2019-02-13,252.0,0.7723%,-0.0016,0.8915,0.9449,-0.352,2.1728%,2.4886%,23.7720%,0.004807,EBIX,11481.0,2019-02-14,252.0,1.0451%,-0.0015,0.8901,0.9487,-0.3565,2.1731%,2.4896%,23.8145%,0.005269,EBIX,11481.0,2019-02-15,252.0,0.9654%,-0.0016,0.8744,0.9346,-0.3821,2.1696%,2.4818%,23.5755%,-0.001165,EBIX,11481.0,2019-02-19,252.0,0.0171%,-0.0016,0.8707,0.9384,-0.3775,2.1686%,2.4779%,23.4100%,-0.003155,EBIX,11481.0,2019-02-20,252.0,0.7852%,-0.0017,0.8717,0.9354,-0.3752,2.1678%,2.4769%,23.3983%,0.00611,EBIX,11481.0,2019-02-21,252.0,-0.3218%,-0.0016,0.87,0.9323,-0.3783,2.1677%,2.4757%,23.3361%,-0.000301,EBIX,11481.0,2019-02-22,252.0,0.2719%,-0.0017,0.8718,0.9296,-0.3598,2.1690%,2.4758%,23.2483%,-0.013725,EBIX,11481.0,2019-02-25,252.0,2.8978%,-0.0016,0.8725,0.915,-0.3649,2.1773%,2.4824%,23.0727%,0.02934,EBIX,11481.0,2019-02-26,252.0,0.2141%,-0.0015,0.8721,0.9019,-0.3718,2.1781%,2.4821%,22.9951%,0.0080889999999999,EBIX,11481.0,2019-02-27,252.0,-3.0813%,-0.0016,0.8836,0.872,-0.37,2.1806%,2.4851%,23.0050%,-0.033858,EBIX,11481.0,2019-02-28,252.0,-1.0696%,-0.0017,0.9042,0.8858,-0.3533,2.1696%,2.4819%,23.5836%,-0.009156,EBIX,0.010076,0.008911,0.005756,0.011565,-0.0077449999999999
22163,EPAM SYSTEMS INC,"Wedbush Maintains Outperform on EPAM Systems, Raises Price Target to $158",6,increase,0.8,0.7,maintaining an 'outperform' rating and raising the price target typically signals positive sentiment and potential for stock price appreciation.,2,2019-02-13,EPAM,2019-02-13 13:24:00+00:00,13210.0,29414B10,0.0093798460438847,299051.0,0.0301510524004697,-0.0068360310979187,0.0038938680663704,0.0191243980079889,0.0069170086644589,0.0139197362586855,0.0008346487302333,-0.0130544984713196,0.0007056297035887,0.0072977454401552,0.016730772331357,0.0053990362212061,0.0054851216264069,0.0023589560296386,0.00125405669678,0.0187306273728609,0.001189895090647,0.0026930517051368,0.0119472304359078,0.0164974331855773,0.0109408106654882,-0.0038036371115595,-0.0064200735650956,-0.0103693660348653,-0.0050461990758776,0.0362847447395324,-0.0061231460422277,0.0038418101612478,-0.0079034427180886,-0.0081342561170458,0.0104127693921327,-0.0153689999133348,0.0154581917449832,0.017398290336132,0.0121048828586936,0.0077680186368525,0.0056175938807427,0.0144089916720986,0.0091302515938878,0.0260260645300149,0.0087500074878335,-0.0046750507317483,-0.0024783038534224,0.0073341848328709,0.0045548905618488,0.0079371593892574,-0.0085973776876926,0.0250457972288131,0.02833217009902,0.016458623111248,-0.051233235746622,0.0511334612965583,0.0174114257097244,0.0449727959930896,0.018190573900938,-0.017757162451744,-0.030618280172348,-0.0145677300170064,0.0184904709458351,0.0172746516764164,0.0067262193188071,-0.0086926287040114,0.0117660388350486,0.0205819699913263,-0.000934948620852,0.0605946779251098,0.023748230189085,-0.0112568531185388,-0.0327391773462295,-0.0169196873903274,-0.0055525265634059,-0.0480585433542728,0.0054647945798933,-0.0219686795026063,-0.0020677384454756,0.0279212463647127,0.0134975062683224,-0.0419287197291851,0.007651855237782,-0.036752849817276,0.0060866214334964,-0.0021761637181043,-0.0073749641887843,0.0053479946218431,0.0099837547168135,0.0094887828454375,-0.0243103206157684,-0.004883992485702,0.0097189955413341,-0.0395591035485267,0.0076420344412326,-0.0184175726026296,0.0258206836879253,-0.030647886916995,-0.0034426355268806,0.0320920757949352,-0.0024352017790079,0.0280189663171768,0.0024978851433843,0.0028494587168097,0.0037940889596939,0.0182140115648508,0.0118470387533307,-0.0026525345165282,-0.0074709877371788,0.0335631854832172,-0.0165150109678506,-0.0012445560423657,0.0127370096743106,0.0212693363428115,-0.0029327408410608,-0.0255160722881555,-0.0367667861282825,-0.0336738042533397,0.0007634322973899,-0.0066582430154085,-0.00369677785784,0.0011109905317425,0.007951034232974,-0.0173879396170377,0.0301510524004697,-0.0068360310979187,0.03416232468695,0.0121576319305585,0.0413156344472667,0.0262465992192477,0.0429201637477079,0.0202409821200888,0.0815616841579671,0.067574420340559,0.1231447941018839,0.2994563467677988,0.1441369003923649,0.1554776079559461,2019-02-14,2019-02-15,2019-02-19,2019-02-20,2019-02-21,2019-02-22,2019-02-25,2019-02-26,2019-02-27,2019-02-28,13210.0,2019-02-13,252.0,0.9380%,0.0008,1.2072,0.3655,-0.5061,1.2435%,1.9263%,58.3315%,0.006015,EPAM,13210.0,2019-02-14,252.0,3.0151%,0.0009,1.2011,0.3802,-0.5225,1.2548%,1.9347%,57.9357%,0.02775,EPAM,13210.0,2019-02-15,252.0,0.3894%,0.001,1.2077,0.3852,-0.513,1.2524%,1.9348%,58.0987%,-0.008221,EPAM,13210.0,2019-02-19,252.0,0.6917%,0.001,1.21,0.3855,-0.5128,1.2523%,1.9336%,58.0546%,0.004944,EPAM,13210.0,2019-02-20,252.0,0.0835%,0.0009,1.2078,0.3708,-0.5234,1.2443%,1.9282%,58.3551%,0.000408,EPAM,13210.0,2019-02-21,252.0,0.0706%,0.0009,1.206,0.3678,-0.5268,1.2444%,1.9270%,58.3002%,0.00413,EPAM,13210.0,2019-02-22,252.0,1.6731%,0.0009,1.206,0.3736,-0.521,1.2441%,1.9286%,58.3902%,-0.000974,EPAM,13210.0,2019-02-25,252.0,0.5485%,0.0009,1.2072,0.3735,-0.5164,1.2423%,1.9271%,58.4426%,0.00361,EPAM,13210.0,2019-02-26,252.0,0.1254%,0.0009,1.2075,0.3693,-0.5184,1.2424%,1.9244%,58.3203%,0.0037719999999999,EPAM,13210.0,2019-02-27,252.0,0.1190%,0.001,1.2146,0.3559,-0.5172,1.2382%,1.9242%,58.5899%,-0.001321,EPAM,13210.0,2019-02-28,252.0,1.1947%,0.001,1.2122,0.3547,-0.5221,1.2410%,1.9227%,58.3367%,0.014248,EPAM,0.033765,0.025544,0.030488,0.035026,0.0543609999999999
22171,EQUITY COMMONWEALTH,"Equity Commonwealth Q4 FFO $0.21 Up From $0.18 YoY, Sales $42.93M Miss $44.62M Estimate",6,uncertain,0.6,0.3,"while the increase in ffo is a positive sign, the miss on sales estimates may raise concerns among investors, leading to uncertainty in the stock price movement.",1,2019-02-13,EQC,2019-02-13 22:34:00+00:00,70703.0,29462810,-0.0030552544631063,503344.0,0.0,0.004295777529478,0.0012257768539711,0.0,0.0039792186580598,0.0,-0.0003048268845304,0.0061747687868773,-0.0003050361701752,-0.002770940773189,0.0,0.0046395827084779,-0.006101188249886,0.0074790176004171,-0.0024555502459406,-0.0083436481654644,0.0012307973811402,0.0084138503298163,0.0033804734703153,0.010072385892272,0.0015313701005652,0.0085714431479573,0.0088685294613242,0.002227161778137,-0.0030312908347696,0.0106109296903014,-0.0024322899989783,-0.0082908235490322,0.0003047339559998,0.0195058640092611,0.0027422350831329,0.0003252106835134,0.0124582145363092,-0.0061409352347254,0.0069027473218739,0.0038936028722673,-0.0008941513951867,0.0091682635247707,-0.0053699375130236,-0.000654402829241,0.0029993543867021,-0.0058555728755891,-0.0125597547739744,0.0081994095817208,-0.0042398362420499,0.0146422814577817,-0.0060827480629086,0.0080509819090366,0.0067319832742214,0.0129119660705328,-0.0091186333447694,0.0,0.0015338360099121,-0.0010182885453104,0.0052066817879676,0.0034059425815939,-0.0033516334369778,-0.0216594338417053,0.0045858002267777,0.0073850052431225,-0.0051735234446823,-0.0020100323017686,0.0021413182839751,0.0047122617252171,-0.002441941993311,0.0185121353715658,-0.0030599287711083,-0.006809695623815,-0.0030694378074258,-0.0137676242738962,0.0067734369076788,-0.01455984916538,-0.0079511357471346,-0.017874589189887,-0.0058569246903061,0.0175264775753021,0.0142635377123951,-0.031390119343996,-0.0006114478455856,-0.0003202122752554,-0.0018353490158915,0.0077444263733923,-0.0036776813212782,-0.0139993801712989,-0.0350660569965839,0.0054382621310651,-0.0015939159784466,-0.0098194321617484,0.0073435357771813,-0.0158978216350078,-0.0117273833602666,0.0107121001929044,0.020205233246088,0.0022102841176092,0.007230476476252,-0.0031476356089115,-0.0031211103778332,0.0140440640971064,0.0021915398538112,0.0022392736282199,-0.0034363858867436,0.0051446896977722,-0.0031348082702606,0.0032258187420666,0.0059748599305748,-0.0003224840038456,-0.0015629646368324,0.0006453842506743,0.0018785054562613,-0.0012891045771539,0.0062500238418579,0.0029088607989251,-0.0093168057501316,0.0022675637155771,-0.0053291558288037,0.0019474643049761,0.0066183735616505,0.00129993527662,0.0040701050311326,-0.0019461390329524,0.0,0.004295777529478,0.0012257768539711,0.004295777529478,0.0052098731461589,0.004295777529478,0.0045969262499578,0.0076970442120614,0.0006129469084283,0.0302171569177178,0.0070487128656941,0.0986907867207333,-0.0171621621543112,0.0616282720226022,2019-02-14,2019-02-15,2019-02-19,2019-02-20,2019-02-21,2019-02-22,2019-02-25,2019-02-26,2019-02-27,2019-02-28,70703.0,2019-02-13,252.0,-0.3055%,0.0007,0.269,-0.0159,-0.0838,0.7775%,0.8369%,13.6772%,-0.003846,EQC,70703.0,2019-02-14,252.0,0.0000%,0.0007,0.2696,-0.016,-0.0846,0.7762%,0.8359%,13.7842%,6.1000000000000005e-05,EQC,70703.0,2019-02-15,252.0,0.1226%,0.0007,0.2744,-0.0119,-0.077,0.7748%,0.8355%,14.0098%,-0.001475,EQC,70703.0,2019-02-19,252.0,0.3979%,0.0007,0.2721,-0.006,-0.0701,0.7727%,0.8316%,13.6655%,0.003623,EQC,70703.0,2019-02-20,252.0,-0.0305%,0.0006,0.2696,-0.0213,-0.0815,0.7596%,0.8196%,14.1098%,-0.000523,EQC,70703.0,2019-02-21,252.0,-0.0305%,0.0006,0.2672,-0.0261,-0.0858,0.7584%,0.8180%,14.0435%,0.00039,EQC,70703.0,2019-02-22,252.0,0.0000%,0.0007,0.2669,-0.0054,-0.0705,0.7520%,0.8105%,13.9204%,-0.0029549999999999,EQC,70703.0,2019-02-25,252.0,-0.6101%,0.0006,0.2677,-0.001,-0.0652,0.7523%,0.8106%,13.8612%,-0.006743,EQC,70703.0,2019-02-26,252.0,-0.2456%,0.0006,0.2647,0.0061,-0.0639,0.7516%,0.8083%,13.5420%,-0.002349,EQC,70703.0,2019-02-27,252.0,0.1231%,0.0006,0.2641,0.0073,-0.064,0.7515%,0.8078%,13.4550%,0.000804,EQC,70703.0,2019-02-28,252.0,0.3380%,0.0007,0.2573,0.0028,-0.0697,0.7484%,0.8027%,13.0664%,0.003938,EQC,-0.003785,-0.00526,-0.001637,-0.00177,-0.009075
22179,EQUINIX INC,"Equinix Sees FY19 Sales $5.52B-$5.57B vs $5.56B Estimate, Adj. EBITDA $2.605B-$2.655B",6,uncertain,0.6,0.3,"while equinix's sales guidance is in line with estimates, the range provided is slightly below the midpoint of expectations, leading to uncertainty about market reaction.",1,2019-02-13,EQIX,2019-02-13 21:12:00+00:00,89617.0,29444U70,-0.0140133015811443,571074.0,0.0731800496578216,-0.0064738579094409,0.0019021334592252,0.0107372039929032,0.0218324624001979,0.0154698649421334,0.0021830569021403,-0.0007946617552079,-0.0131393261253833,-0.0143763162195682,0.0062932027503848,0.0012648941483348,0.0010267476318404,-0.0027498772833496,-0.0015851894859224,0.006040621548891,-0.0180584322661161,0.0286937411874532,0.012794466689229,0.0098078018054366,0.0219362657517194,0.0057808682322502,-0.0134245185181498,0.0207611061632633,-0.0001405160874128,-0.0049558184109628,-0.0052937543950974,0.0164813809096813,0.0049215755425393,-0.0154982339590787,0.0085061630234122,-0.0097686061635613,0.0184720046818256,-0.0187517311424017,0.0003878662828356,0.0018892216030508,0.0008437744691036,-0.0048828283324837,0.0036685485392808,0.0169951263815164,0.0025653250049799,0.0138653153553605,0.0056385062634944,0.0020233085379004,-0.0012385010486468,0.0373894125223159,0.0102130509912967,-0.0125462282449007,0.022786159068346,0.0207615941762924,-0.0148159647360444,0.0020068159792572,-0.011782961897552,0.0226918142288923,0.0033395059872418,-0.0115999933332204,0.0009157931781373,-0.0072611686773598,0.0041956901550292,-0.000821903173346,0.0071117705665528,0.018649473786354,0.0069290846586227,-0.0082456963136792,0.0090730106458067,0.0302342046052217,0.0034097977913916,-0.032228622585535,-0.0012337553780525,-0.0220540855079889,0.0112257124856114,-0.0277657452970743,-0.0068792412057518,-0.006819955073297,-0.0071211634203791,0.00517532043159,0.0023907460272312,-0.0461100973188877,-0.0011707856319844,-0.006216000765562,0.0058827172033488,0.0056830239482223,-0.0072942399419844,-0.0068753021769225,-0.0159565135836601,0.0070269745774567,-0.0113551327958703,0.001578351133503,-0.0024132700636982,-0.0159146469086408,0.0017695737769827,0.0198135636746883,0.0066631943918764,-0.0153920613229274,0.0072188535705208,0.0151318171992898,0.0009483156027272,0.0030460376292467,-0.0018507278291508,0.0001301562151638,-0.0093587692826986,0.0051032747142016,0.0131236258894205,-0.0001570716558489,-0.0103144980967044,0.004653048235923,0.0333325937390327,-0.0065032271668314,0.0257628448307514,0.0169721506536006,0.0032285971101373,-0.0181761309504509,-0.0075230519287288,-0.0132774198427796,0.0085276113823056,0.0086949905380606,-0.0049898005090653,-0.0001038319969666,0.00677733682096,0.0046671931631863,0.0731800496578216,-0.0064738579094409,0.0752213813380489,0.0041938349504675,0.0986961117180007,0.0197285779528741,0.0866269864378386,0.0042699478505461,0.0868476921270577,0.0479580324987962,0.1547531943942686,0.1264843541743312,0.2313843405674776,0.0363726760715794,2019-02-14,2019-02-15,2019-02-19,2019-02-20,2019-02-21,2019-02-22,2019-02-25,2019-02-26,2019-02-27,2019-02-28,89617.0,2019-02-13,252.0,-1.4013%,-0.0005,0.4578,-0.1183,-0.2829,1.3717%,1.4869%,14.8872%,-0.015141,EQIX,89617.0,2019-02-14,252.0,7.3180%,-0.0002,0.4399,-0.0787,-0.3251,1.4461%,1.5554%,13.5659%,0.073016,EQIX,89617.0,2019-02-15,252.0,0.1902%,-0.0002,0.4439,-0.0752,-0.3188,1.4456%,1.5554%,13.6216%,-0.0014119999999999,EQIX,89617.0,2019-02-19,252.0,2.1832%,0.0002,0.4714,-0.0938,-0.3421,1.3769%,1.5054%,16.3410%,0.022064,EQIX,89617.0,2019-02-20,252.0,0.2183%,0.0002,0.4732,-0.0859,-0.3348,1.3757%,1.5040%,16.3278%,0.003275,EQIX,89617.0,2019-02-21,252.0,-1.3139%,0.0002,0.4705,-0.0941,-0.3397,1.3745%,1.5024%,16.2976%,-0.012319,EQIX,89617.0,2019-02-22,252.0,0.6293%,0.0003,0.4693,-0.0594,-0.3213,1.3647%,1.4912%,16.2398%,-0.00134,EQIX,89617.0,2019-02-25,252.0,0.1027%,0.0003,0.4708,-0.0575,-0.3148,1.3624%,1.4887%,16.2422%,-0.0005099999999999,EQIX,89617.0,2019-02-26,252.0,-0.1585%,0.0002,0.466,-0.0492,-0.3142,1.3613%,1.4850%,15.9648%,-0.002339,EQIX,89617.0,2019-02-27,252.0,-1.8058%,0.0002,0.469,-0.0601,-0.3138,1.3658%,1.4896%,15.9307%,-0.018861,EQIX,89617.0,2019-02-28,252.0,1.2794%,0.0002,0.4653,-0.0623,-0.3196,1.3683%,1.4908%,15.7594%,0.0133759999999999,EQIX,0.0578749999999999,0.056463,0.078527,0.069483,0.059809
22187,EQUINIX INC,"Equinix Sees Q1 Sales $1.342B-$1.352B vs $1.34B Estimate, Adj. EBITDA $624M-$634M",6,uncertain,0.6,0.2,"while equinix's sales guidance is slightly above estimates, the range provided is narrow and may not significantly sway investor sentiment.",1,2019-02-13,EQIX,2019-02-13 21:12:00+00:00,89617.0,29444U70,-0.0140133015811443,571074.0,0.0731800496578216,-0.0064738579094409,0.0019021334592252,0.0107372039929032,0.0218324624001979,0.0154698649421334,0.0021830569021403,-0.0007946617552079,-0.0131393261253833,-0.0143763162195682,0.0062932027503848,0.0012648941483348,0.0010267476318404,-0.0027498772833496,-0.0015851894859224,0.006040621548891,-0.0180584322661161,0.0286937411874532,0.012794466689229,0.0098078018054366,0.0219362657517194,0.0057808682322502,-0.0134245185181498,0.0207611061632633,-0.0001405160874128,-0.0049558184109628,-0.0052937543950974,0.0164813809096813,0.0049215755425393,-0.0154982339590787,0.0085061630234122,-0.0097686061635613,0.0184720046818256,-0.0187517311424017,0.0003878662828356,0.0018892216030508,0.0008437744691036,-0.0048828283324837,0.0036685485392808,0.0169951263815164,0.0025653250049799,0.0138653153553605,0.0056385062634944,0.0020233085379004,-0.0012385010486468,0.0373894125223159,0.0102130509912967,-0.0125462282449007,0.022786159068346,0.0207615941762924,-0.0148159647360444,0.0020068159792572,-0.011782961897552,0.0226918142288923,0.0033395059872418,-0.0115999933332204,0.0009157931781373,-0.0072611686773598,0.0041956901550292,-0.000821903173346,0.0071117705665528,0.018649473786354,0.0069290846586227,-0.0082456963136792,0.0090730106458067,0.0302342046052217,0.0034097977913916,-0.032228622585535,-0.0012337553780525,-0.0220540855079889,0.0112257124856114,-0.0277657452970743,-0.0068792412057518,-0.006819955073297,-0.0071211634203791,0.00517532043159,0.0023907460272312,-0.0461100973188877,-0.0011707856319844,-0.006216000765562,0.0058827172033488,0.0056830239482223,-0.0072942399419844,-0.0068753021769225,-0.0159565135836601,0.0070269745774567,-0.0113551327958703,0.001578351133503,-0.0024132700636982,-0.0159146469086408,0.0017695737769827,0.0198135636746883,0.0066631943918764,-0.0153920613229274,0.0072188535705208,0.0151318171992898,0.0009483156027272,0.0030460376292467,-0.0018507278291508,0.0001301562151638,-0.0093587692826986,0.0051032747142016,0.0131236258894205,-0.0001570716558489,-0.0103144980967044,0.004653048235923,0.0333325937390327,-0.0065032271668314,0.0257628448307514,0.0169721506536006,0.0032285971101373,-0.0181761309504509,-0.0075230519287288,-0.0132774198427796,0.0085276113823056,0.0086949905380606,-0.0049898005090653,-0.0001038319969666,0.00677733682096,0.0046671931631863,0.0731800496578216,-0.0064738579094409,0.0752213813380489,0.0041938349504675,0.0986961117180007,0.0197285779528741,0.0866269864378386,0.0042699478505461,0.0868476921270577,0.0479580324987962,0.1547531943942686,0.1264843541743312,0.2313843405674776,0.0363726760715794,2019-02-14,2019-02-15,2019-02-19,2019-02-20,2019-02-21,2019-02-22,2019-02-25,2019-02-26,2019-02-27,2019-02-28,89617.0,2019-02-13,252.0,-1.4013%,-0.0005,0.4578,-0.1183,-0.2829,1.3717%,1.4869%,14.8872%,-0.015141,EQIX,89617.0,2019-02-14,252.0,7.3180%,-0.0002,0.4399,-0.0787,-0.3251,1.4461%,1.5554%,13.5659%,0.073016,EQIX,89617.0,2019-02-15,252.0,0.1902%,-0.0002,0.4439,-0.0752,-0.3188,1.4456%,1.5554%,13.6216%,-0.0014119999999999,EQIX,89617.0,2019-02-19,252.0,2.1832%,0.0002,0.4714,-0.0938,-0.3421,1.3769%,1.5054%,16.3410%,0.022064,EQIX,89617.0,2019-02-20,252.0,0.2183%,0.0002,0.4732,-0.0859,-0.3348,1.3757%,1.5040%,16.3278%,0.003275,EQIX,89617.0,2019-02-21,252.0,-1.3139%,0.0002,0.4705,-0.0941,-0.3397,1.3745%,1.5024%,16.2976%,-0.012319,EQIX,89617.0,2019-02-22,252.0,0.6293%,0.0003,0.4693,-0.0594,-0.3213,1.3647%,1.4912%,16.2398%,-0.00134,EQIX,89617.0,2019-02-25,252.0,0.1027%,0.0003,0.4708,-0.0575,-0.3148,1.3624%,1.4887%,16.2422%,-0.0005099999999999,EQIX,89617.0,2019-02-26,252.0,-0.1585%,0.0002,0.466,-0.0492,-0.3142,1.3613%,1.4850%,15.9648%,-0.002339,EQIX,89617.0,2019-02-27,252.0,-1.8058%,0.0002,0.469,-0.0601,-0.3138,1.3658%,1.4896%,15.9307%,-0.018861,EQIX,89617.0,2019-02-28,252.0,1.2794%,0.0002,0.4653,-0.0623,-0.3196,1.3683%,1.4908%,15.7594%,0.0133759999999999,EQIX,0.0578749999999999,0.056463,0.078527,0.069483,0.059809
22195,EQUINIX INC,"Equinix Q4 EPS $1.36 Beats $1.23 Estimate, Sales $1.31B Inline",6,increase,0.7,0.5,"the earnings per share (eps) beat expectations, which is generally viewed positively by investors, potentially leading to an increase in stock price.",2,2019-02-13,EQIX,2019-02-13 21:11:00+00:00,89617.0,29444U70,-0.0140133015811443,571074.0,0.0731800496578216,-0.0064738579094409,0.0019021334592252,0.0107372039929032,0.0218324624001979,0.0154698649421334,0.0021830569021403,-0.0007946617552079,-0.0131393261253833,-0.0143763162195682,0.0062932027503848,0.0012648941483348,0.0010267476318404,-0.0027498772833496,-0.0015851894859224,0.006040621548891,-0.0180584322661161,0.0286937411874532,0.012794466689229,0.0098078018054366,0.0219362657517194,0.0057808682322502,-0.0134245185181498,0.0207611061632633,-0.0001405160874128,-0.0049558184109628,-0.0052937543950974,0.0164813809096813,0.0049215755425393,-0.0154982339590787,0.0085061630234122,-0.0097686061635613,0.0184720046818256,-0.0187517311424017,0.0003878662828356,0.0018892216030508,0.0008437744691036,-0.0048828283324837,0.0036685485392808,0.0169951263815164,0.0025653250049799,0.0138653153553605,0.0056385062634944,0.0020233085379004,-0.0012385010486468,0.0373894125223159,0.0102130509912967,-0.0125462282449007,0.022786159068346,0.0207615941762924,-0.0148159647360444,0.0020068159792572,-0.011782961897552,0.0226918142288923,0.0033395059872418,-0.0115999933332204,0.0009157931781373,-0.0072611686773598,0.0041956901550292,-0.000821903173346,0.0071117705665528,0.018649473786354,0.0069290846586227,-0.0082456963136792,0.0090730106458067,0.0302342046052217,0.0034097977913916,-0.032228622585535,-0.0012337553780525,-0.0220540855079889,0.0112257124856114,-0.0277657452970743,-0.0068792412057518,-0.006819955073297,-0.0071211634203791,0.00517532043159,0.0023907460272312,-0.0461100973188877,-0.0011707856319844,-0.006216000765562,0.0058827172033488,0.0056830239482223,-0.0072942399419844,-0.0068753021769225,-0.0159565135836601,0.0070269745774567,-0.0113551327958703,0.001578351133503,-0.0024132700636982,-0.0159146469086408,0.0017695737769827,0.0198135636746883,0.0066631943918764,-0.0153920613229274,0.0072188535705208,0.0151318171992898,0.0009483156027272,0.0030460376292467,-0.0018507278291508,0.0001301562151638,-0.0093587692826986,0.0051032747142016,0.0131236258894205,-0.0001570716558489,-0.0103144980967044,0.004653048235923,0.0333325937390327,-0.0065032271668314,0.0257628448307514,0.0169721506536006,0.0032285971101373,-0.0181761309504509,-0.0075230519287288,-0.0132774198427796,0.0085276113823056,0.0086949905380606,-0.0049898005090653,-0.0001038319969666,0.00677733682096,0.0046671931631863,0.0731800496578216,-0.0064738579094409,0.0752213813380489,0.0041938349504675,0.0986961117180007,0.0197285779528741,0.0866269864378386,0.0042699478505461,0.0868476921270577,0.0479580324987962,0.1547531943942686,0.1264843541743312,0.2313843405674776,0.0363726760715794,2019-02-14,2019-02-15,2019-02-19,2019-02-20,2019-02-21,2019-02-22,2019-02-25,2019-02-26,2019-02-27,2019-02-28,89617.0,2019-02-13,252.0,-1.4013%,-0.0005,0.4578,-0.1183,-0.2829,1.3717%,1.4869%,14.8872%,-0.015141,EQIX,89617.0,2019-02-14,252.0,7.3180%,-0.0002,0.4399,-0.0787,-0.3251,1.4461%,1.5554%,13.5659%,0.073016,EQIX,89617.0,2019-02-15,252.0,0.1902%,-0.0002,0.4439,-0.0752,-0.3188,1.4456%,1.5554%,13.6216%,-0.0014119999999999,EQIX,89617.0,2019-02-19,252.0,2.1832%,0.0002,0.4714,-0.0938,-0.3421,1.3769%,1.5054%,16.3410%,0.022064,EQIX,89617.0,2019-02-20,252.0,0.2183%,0.0002,0.4732,-0.0859,-0.3348,1.3757%,1.5040%,16.3278%,0.003275,EQIX,89617.0,2019-02-21,252.0,-1.3139%,0.0002,0.4705,-0.0941,-0.3397,1.3745%,1.5024%,16.2976%,-0.012319,EQIX,89617.0,2019-02-22,252.0,0.6293%,0.0003,0.4693,-0.0594,-0.3213,1.3647%,1.4912%,16.2398%,-0.00134,EQIX,89617.0,2019-02-25,252.0,0.1027%,0.0003,0.4708,-0.0575,-0.3148,1.3624%,1.4887%,16.2422%,-0.0005099999999999,EQIX,89617.0,2019-02-26,252.0,-0.1585%,0.0002,0.466,-0.0492,-0.3142,1.3613%,1.4850%,15.9648%,-0.002339,EQIX,89617.0,2019-02-27,252.0,-1.8058%,0.0002,0.469,-0.0601,-0.3138,1.3658%,1.4896%,15.9307%,-0.018861,EQIX,89617.0,2019-02-28,252.0,1.2794%,0.0002,0.4653,-0.0623,-0.3196,1.3683%,1.4908%,15.7594%,0.0133759999999999,EQIX,0.0578749999999999,0.056463,0.078527,0.069483,0.059809
22203,E Q T CORP,EQT And West Virginia Royalty Owners Reach Tentative Agreement To Settle Class Action Royalty Claims ; EQT Agrees To Pay $53.5M Into A Settlement Fund,6,decrease,0.7,0.6,"the settlement of $53.5 million indicates potential financial liability and could negatively impact investor sentiment, leading to a decrease in stock price.",0,2019-02-13,EQT,2019-02-13 11:30:00+00:00,24328.0,26884L10,0.0174788106232881,4407526.0,-0.0510150119662284,0.0272034835070371,0.0401098616421222,0.0331645980477333,0.0021129956003278,-0.0028026478830724,0.0200316850095987,-0.0449678860604763,-0.0165374521166086,-0.0214772056788206,0.0147135453298687,-0.0348837450146675,0.0258933193981647,0.0061038066633045,-0.0388691872358322,0.0097586307674646,-0.0383404120802879,-0.0191436298191547,-0.0103767681866884,0.004046531394124,0.0756070017814636,0.0217054300010204,0.0174448508769273,-0.0310465171933174,-0.021684331819415,0.0571731068193912,-0.0283504761755466,-0.0083989426493644,0.001061032176949,-0.0470235385000705,-0.0270270388573408,-0.0561851039528846,0.0185185261070728,0.0104962419718504,0.0508020743727684,0.0224389806389808,-0.0005089174956083,-0.0214797500520944,0.0112016918137669,0.0076959999278187,-0.0226586479693651,0.0206185597926378,0.0324575528502464,0.0293077267706394,0.0004989182343706,-0.0085169430822134,0.0389027781784534,-0.0191646832972765,-0.0273643638938665,0.0309017542749643,-0.0370187573134899,0.0112704560160636,0.0251153130084276,0.0103520061820745,0.0064999582245945,-0.0291457250714302,0.0099354581907391,0.0534674562513828,0.0157402697950601,-0.015633201226592,0.0043583610095083,-0.0322743020951747,-0.0091610671952366,0.0237480159848928,0.0034064040519297,0.1011938974261284,-0.0252182558178901,-0.0578468069434166,0.039303433150053,0.0064690480940043,0.0344663113355636,-0.0179989505559206,-0.004627504851669,0.0010598065564408,-0.0269641987979412,-0.0010586845455691,0.0062111397273838,-0.0262886714190244,-0.0047483565285801,-0.0391283258795738,0.0176527127623558,0.0100050410255789,0.0117205809801816,-0.0142998471856117,0.0069508627057075,0.0331126637756824,-0.0216290522366762,0.0662682950496673,-0.0385700687766075,0.0233463086187839,0.0298433806747198,-0.0142465876415371,-0.001900190487504,-0.0349021591246128,-0.0123750707134604,0.0106895118951797,-0.0284337420016527,-0.0047872425056993,0.0411706306040287,-0.0141583885997533,0.0038113351911306,0.021424725651741,-0.029425673186779,-0.000535344122909,-0.0180929508060216,0.0314743071794509,-0.0179283171892166,0.0179876144975423,0.0334685519337654,0.0646320730447769,-0.0009812831413,-0.0210527069866657,0.0162082463502883,0.0282622519880533,-0.0120831318199634,-0.0331396274268627,0.0004892479628324,-0.0160182379186153,0.0293397773057222,-0.0581896528601646,-0.0510150119662284,0.0272034835070371,-0.0129513553957428,0.0612702741507795,-0.0108657259523845,0.0582959072635631,-0.0077371339461072,-0.0110005755581683,-0.0551863767730049,-0.0450177657507412,0.0767328909571753,-0.0161543130684351,0.0975896816591488,0.0190676605057553,2019-02-14,2019-02-15,2019-02-19,2019-02-20,2019-02-21,2019-02-22,2019-02-25,2019-02-26,2019-02-27,2019-02-28,24328.0,2019-02-13,252.0,1.7479%,-0.0007,1.3246,0.2477,0.6862,2.4532%,2.7739%,21.7850%,0.0130289999999999,EQT,24328.0,2019-02-14,252.0,-5.1015%,-0.0009,1.3358,0.2236,0.7114,2.4686%,2.7916%,21.8028%,-0.0456419999999999,EQT,24328.0,2019-02-15,252.0,4.0110%,-0.0008,1.3498,0.2386,0.7373,2.4724%,2.7991%,21.9843%,0.020942,EQT,24328.0,2019-02-19,252.0,0.2113%,-0.0011,1.3212,0.2763,0.7822,2.4071%,2.7263%,22.0439%,-0.0034549999999999,EQT,24328.0,2019-02-20,252.0,2.0032%,-0.001,1.3266,0.2954,0.8031,2.4064%,2.7282%,22.2001%,0.012511,EQT,24328.0,2019-02-21,252.0,-1.6537%,-0.001,1.325,0.2904,0.8004,2.4062%,2.7268%,22.1300%,-0.009675,EQT,24328.0,2019-02-22,252.0,1.4714%,-0.0008,1.3211,0.3329,0.7917,2.4017%,2.7220%,22.1441%,0.016169,EQT,24328.0,2019-02-25,252.0,2.5893%,-0.0008,1.3238,0.3223,0.7961,2.4030%,2.7239%,22.1759%,0.026102,EQT,24328.0,2019-02-26,252.0,-3.8869%,-0.001,1.3256,0.3641,0.8187,2.4105%,2.7296%,22.0144%,-0.032161,EQT,24328.0,2019-02-27,252.0,-3.8340%,-0.0011,1.3263,0.3516,0.8187,2.4225%,2.7391%,21.7796%,-0.0393429999999999,EQT,24328.0,2019-02-28,252.0,-1.0377%,-0.0011,1.3251,0.3507,0.8186,2.4225%,2.7367%,21.6441%,-0.004389,EQT,-0.0326129999999999,-0.0116709999999999,-0.0151259999999999,-0.0122899999999999,-0.0459119999999999
22211,ESPEY MANUFACTURING & ELCTRS COR,"Espey Mfg & Electronics Q2 EPS $0.09 Down From $0.69 YoY, Sales $7.3M Down From $11.531M YoY",6,decrease,0.85,0.7,"the significant decline in both eps and sales year-over-year suggests poor financial performance, which is likely to negatively impact investor sentiment and lead to a decrease in stock price.",0,2019-02-13,ESP,2019-02-13 21:58:00+00:00,31691.0,29665010,-0.0157196205109357,3919.0,0.0222550127655267,0.0041408026590943,0.015983659774065,-0.0016536136390641,-0.0067568151280283,-0.0281236991286277,-0.0151284178718924,-0.0004016156308352,0.0032989659812301,-0.0200708471238613,0.0193176865577697,-0.021939942613244,-0.0157257821410894,0.0116822132840752,0.0118804145604372,-0.0103130582720041,-0.0016194701893255,-0.0077399699948728,-0.0227088183164596,0.0061562079936265,0.0331949889659881,-0.009904770180583,0.0004016156308352,0.0044156145304441,-0.0084303123876452,0.0169104635715484,-0.0006721279933117,-0.0079518016427755,0.004318761639297,0.0060582575388252,0.0004033207369502,-0.0283715408295393,0.0020161753054708,0.0291999895125627,0.0024144654162228,-0.0038684867322444,-0.0064231171272695,0.0205290354788303,-0.0101010100916028,-0.0076861977577209,0.0102040814235806,0.0139100225642323,0.0040404195897281,0.0213387832045555,0.0,-0.0316967107355594,-0.0142276575788855,-0.0028633389156311,0.0082804104313254,-0.0180768966674804,0.0161221455782651,0.032725490629673,-0.0114711150527,0.0234186742454767,0.0201099477708339,-0.037746924906969,-0.0129281356930732,0.0258828438818454,0.0109179317951202,0.0470588617026805,-0.0099999997764825,0.0,0.0106262825429439,-0.0611440278589725,-0.0129132829606533,0.0410677604377269,0.0064803501591086,-0.0450980253517627,-0.0020121184643357,0.0245078597217798,0.0020161753054708,-0.0255813896656036,-0.0072434730827808,-0.0126291597262024,-0.0076286988332867,0.0196077898144722,0.0113635491579771,-0.0310964155942201,0.0096930442377924,0.0129325976595282,0.0039959717541933,-0.0174849983304739,-0.0125458445399999,-0.0101676238700747,0.0026225754991173,-0.0020442409440875,0.0020120416302233,-0.0110273566097021,-0.0140000153332948,-0.01252266112715,-0.0082031516358256,-0.0123465787619352,0.0147597445175051,0.0070653022266924,0.0077136410400271,0.0480022579431533,0.0067268894053995,-0.035077478736639,-0.0077270925976336,-0.0070256581529974,0.0167324915528297,0.0585034936666488,-0.0137406773865222,-0.0072381156496703,0.0003007558407261,-0.0131579088047146,-0.0083768153563141,0.007449866272509,0.0130310440436005,0.0155115127563476,-0.0125043001025915,-0.0262172557413578,0.0090909246355295,0.0039481651037931,0.0014854789478704,-0.0113383010029792,-0.0014832755550742,0.0002788768324535,0.0090090241283178,-0.0234048999845981,0.0222550127655267,0.0041408026590943,0.0385943890919033,0.0024803417322765,0.0315767988118018,-0.0257131137809659,0.0193223266236584,-0.0456513122729369,0.0096863359557686,-0.066948818158565,0.058036681021756,0.0189076003256774,0.0665010078040941,-0.1105214330921599,2019-02-14,2019-02-15,2019-02-19,2019-02-20,2019-02-21,2019-02-22,2019-02-25,2019-02-26,2019-02-27,2019-02-28,31691.0,2019-02-13,252.0,-1.5720%,0.0006,0.4335,0.1834,0.3523,2.1596%,2.2005%,3.6887%,-0.01741,ESP,31691.0,2019-02-14,252.0,2.2255%,0.0007,0.4293,0.197,0.3352,2.1609%,2.2013%,3.6403%,0.024155,ESP,31691.0,2019-02-15,252.0,1.5984%,0.0003,0.3575,0.1334,0.2198,2.0790%,2.1081%,2.7435%,0.008931,ESP,31691.0,2019-02-19,252.0,-0.6757%,0.0003,0.3542,0.13,0.2163,2.0795%,2.1080%,2.6878%,-0.008582,ESP,31691.0,2019-02-20,252.0,-1.5128%,0.0001,0.3458,0.0954,0.1823,2.0694%,2.0968%,2.5988%,-0.017377,ESP,31691.0,2019-02-21,252.0,0.3299%,0.0001,0.3481,0.1012,0.1865,2.0687%,2.0965%,2.6299%,0.004965,ESP,31691.0,2019-02-22,252.0,1.9318%,0.0001,0.3454,0.106,0.1576,2.0721%,2.0999%,2.6313%,0.01914,ESP,31691.0,2019-02-25,252.0,-1.5726%,0.0,0.3461,0.1145,0.1646,2.0743%,2.1021%,2.6330%,-0.015785,ESP,31691.0,2019-02-26,252.0,1.1880%,0.0002,0.3558,0.0862,0.1576,2.0718%,2.1009%,2.7575%,0.01361,ESP,31691.0,2019-02-27,252.0,-0.1619%,0.0001,0.351,0.0941,0.1568,2.0707%,2.0990%,2.6840%,-0.002014,ESP,31691.0,2019-02-28,252.0,-2.2709%,0.0,0.3573,0.0978,0.1664,2.0749%,2.1040%,2.7409%,-0.021348,ESP,0.006745,0.015676,0.007094,-0.0053179999999999,-0.0117149999999999
22219,ISHARES TRUST,Ford Told UK PM May it Could Move Some Business Out of UK Due to Brexit,6,decrease,0.7,0.6,"concerns about ford potentially moving business out of the uk due to brexit could negatively impact investor sentiment towards ishares trust, particularly if it holds uk-based assets or companies affected by such decisions.",0,2019-02-13,EWU,2019-02-13 12:10:00+00:00,14907.0,46435G33,0.002206104574725,1203601.0,0.0,0.0073015727102756,0.0132076097652316,-0.0059955990873277,0.0052761686965823,-0.0006306701689027,0.0055572804994881,-0.0043956451117992,-0.0064476230181753,-0.0037534856237471,0.0030901876743882,0.0088355559855699,0.0006161570781841,0.0028481059707701,0.0086206523701548,0.0034931919071823,-0.0012209127889946,0.0060703046619892,-0.0045843985863029,0.0132728992030024,0.0018422282300889,0.0068448199890553,-0.0024517874699085,-0.0071197189390659,0.0055299634113907,0.0068425899371504,0.0012221484212204,-0.0042180130258202,-0.0106805702671408,0.0071895201690495,-0.0040097860619425,-0.011627865023911,0.0086713768541812,0.0091264266520738,-0.0018422282300889,0.0082155764102935,0.013841918669641,-0.0029488909058272,0.0033373972401022,0.0049390718340873,0.0105835646390914,-0.0065423245541751,0.0053860056214034,0.0003272326139267,0.0020833243615925,0.004272072110325,-0.0038609225302934,0.0096217952668666,-0.0017889497103169,0.0060080210678279,-0.0155316749587655,0.0,-0.0015169671969488,0.0277872886508703,0.0045579313300549,-0.0061370716430246,0.0027223275974392,-0.0006814465741626,-0.0063349287956953,-0.0010210613254457,0.002125066705048,0.013103418983519,0.0133293690159916,-0.0092244772240519,0.0056800781749188,0.0248599797487258,0.0059453258290886,-0.009021520614624,-0.0035460677463561,-0.0082587674260139,0.0023724203929305,0.0006886553019285,0.0017751886043697,-0.0037735404912382,-0.005611412692815,-0.0021023366134613,0.0032670216169208,-0.0092930234968662,-0.0011840468505397,-0.0134250735864043,0.0059275915846228,-0.0003272773174103,-0.0005892887129448,0.0173159688711166,-0.0014740341575816,0.0030060170684009,0.0017715197755023,-0.0118811456486582,-0.0035366616211831,-0.0081833060830831,0.0011829960858449,-0.016103059053421,0.0002954840892925,-0.0214308332651853,-0.0079740239307284,0.0095449965447187,-0.0035724600311368,-0.0078914137557148,0.0014938522363081,-0.0084507185965776,0.0020882964599877,0.0129993604496121,0.0050609754398465,-0.0078641083091497,-0.0112558435648679,0.0163043551146984,-0.0011983497533947,-0.012314474210143,0.0158967841416597,0.0166934337466955,-0.0082668671384453,-0.0142405303195118,-0.0196487009525299,-0.0034688964951783,0.0006073628319427,-0.0050204503349959,-0.0021244215313345,-0.0059264046140015,0.0036496024113148,0.002188233891502,0.0,0.0073015727102756,0.0132076097652316,0.0012621963202701,0.0185534640390139,0.0006307301218009,0.0176101065389546,-0.0075070311188221,0.0242138516653305,0.0271932713664564,0.0358490369714445,0.0799863986853421,0.037735872153739,0.0135557022241301,2019-02-14,2019-02-15,2019-02-19,2019-02-20,2019-02-21,2019-02-22,2019-02-25,2019-02-26,2019-02-27,2019-02-28,14907.0,2019-02-13,252.0,0.2206%,-0.0002,0.6592,0.086,0.2864,0.5779%,0.8691%,55.7849%,5.999999999999999e-06,EWU,14907.0,2019-02-14,252.0,0.0000%,-0.0002,0.6586,0.0875,0.2848,0.5782%,0.8691%,55.7393%,0.002498,EWU,14907.0,2019-02-15,252.0,1.3208%,-0.0002,0.6568,0.0863,0.2826,0.5777%,0.8664%,55.5311%,0.0040799999999999,EWU,14907.0,2019-02-19,252.0,0.5276%,-0.0002,0.6564,0.0897,0.2865,0.5777%,0.8650%,55.4010%,0.0028299999999999,EWU,14907.0,2019-02-20,252.0,0.5557%,-0.0002,0.6573,0.0924,0.2898,0.5778%,0.8657%,55.4548%,0.002437,EWU,14907.0,2019-02-21,252.0,-0.6448%,-0.0002,0.656,0.0892,0.2876,0.5771%,0.8641%,55.3909%,-0.003384,EWU,14907.0,2019-02-22,252.0,0.3090%,-0.0002,0.6556,0.0915,0.2843,0.5773%,0.8641%,55.3695%,0.002463,EWU,14907.0,2019-02-25,252.0,0.0616%,-0.0002,0.6559,0.0917,0.2858,0.5770%,0.8641%,55.4125%,0.000283,EWU,14907.0,2019-02-26,252.0,0.8621%,-0.0001,0.654,0.0778,0.2773,0.5813%,0.8641%,54.7481%,0.0111,EWU,14907.0,2019-02-27,252.0,-0.1221%,-0.0001,0.6542,0.0771,0.2773,0.5813%,0.8632%,54.6419%,-0.001725,EWU,14907.0,2019-02-28,252.0,-0.4584%,-0.0001,0.6509,0.0748,0.2754,0.5799%,0.8585%,54.3739%,-0.001978,EWU,0.0025039999999999,0.006584,0.0094139999999999,0.0084669999999999,0.0186099999999999
22227,ISHARES TRUST,EU Commission Says Has Received No Reqyuest For An Extention Of Brexit,6,uncertain,0.6,0.3,"the lack of a request for an extension may indicate a resolution to brexit uncertainties, but the overall impact on ishares trust's stock price is unclear without further context on market sentiment and investor reactions.",1,2019-02-13,EWU,2019-02-13 11:29:00+00:00,14907.0,46435G33,0.002206104574725,1203601.0,0.0,0.0073015727102756,0.0132076097652316,-0.0059955990873277,0.0052761686965823,-0.0006306701689027,0.0055572804994881,-0.0043956451117992,-0.0064476230181753,-0.0037534856237471,0.0030901876743882,0.0088355559855699,0.0006161570781841,0.0028481059707701,0.0086206523701548,0.0034931919071823,-0.0012209127889946,0.0060703046619892,-0.0045843985863029,0.0132728992030024,0.0018422282300889,0.0068448199890553,-0.0024517874699085,-0.0071197189390659,0.0055299634113907,0.0068425899371504,0.0012221484212204,-0.0042180130258202,-0.0106805702671408,0.0071895201690495,-0.0040097860619425,-0.011627865023911,0.0086713768541812,0.0091264266520738,-0.0018422282300889,0.0082155764102935,0.013841918669641,-0.0029488909058272,0.0033373972401022,0.0049390718340873,0.0105835646390914,-0.0065423245541751,0.0053860056214034,0.0003272326139267,0.0020833243615925,0.004272072110325,-0.0038609225302934,0.0096217952668666,-0.0017889497103169,0.0060080210678279,-0.0155316749587655,0.0,-0.0015169671969488,0.0277872886508703,0.0045579313300549,-0.0061370716430246,0.0027223275974392,-0.0006814465741626,-0.0063349287956953,-0.0010210613254457,0.002125066705048,0.013103418983519,0.0133293690159916,-0.0092244772240519,0.0056800781749188,0.0248599797487258,0.0059453258290886,-0.009021520614624,-0.0035460677463561,-0.0082587674260139,0.0023724203929305,0.0006886553019285,0.0017751886043697,-0.0037735404912382,-0.005611412692815,-0.0021023366134613,0.0032670216169208,-0.0092930234968662,-0.0011840468505397,-0.0134250735864043,0.0059275915846228,-0.0003272773174103,-0.0005892887129448,0.0173159688711166,-0.0014740341575816,0.0030060170684009,0.0017715197755023,-0.0118811456486582,-0.0035366616211831,-0.0081833060830831,0.0011829960858449,-0.016103059053421,0.0002954840892925,-0.0214308332651853,-0.0079740239307284,0.0095449965447187,-0.0035724600311368,-0.0078914137557148,0.0014938522363081,-0.0084507185965776,0.0020882964599877,0.0129993604496121,0.0050609754398465,-0.0078641083091497,-0.0112558435648679,0.0163043551146984,-0.0011983497533947,-0.012314474210143,0.0158967841416597,0.0166934337466955,-0.0082668671384453,-0.0142405303195118,-0.0196487009525299,-0.0034688964951783,0.0006073628319427,-0.0050204503349959,-0.0021244215313345,-0.0059264046140015,0.0036496024113148,0.002188233891502,0.0,0.0073015727102756,0.0132076097652316,0.0012621963202701,0.0185534640390139,0.0006307301218009,0.0176101065389546,-0.0075070311188221,0.0242138516653305,0.0271932713664564,0.0358490369714445,0.0799863986853421,0.037735872153739,0.0135557022241301,2019-02-14,2019-02-15,2019-02-19,2019-02-20,2019-02-21,2019-02-22,2019-02-25,2019-02-26,2019-02-27,2019-02-28,14907.0,2019-02-13,252.0,0.2206%,-0.0002,0.6592,0.086,0.2864,0.5779%,0.8691%,55.7849%,5.999999999999999e-06,EWU,14907.0,2019-02-14,252.0,0.0000%,-0.0002,0.6586,0.0875,0.2848,0.5782%,0.8691%,55.7393%,0.002498,EWU,14907.0,2019-02-15,252.0,1.3208%,-0.0002,0.6568,0.0863,0.2826,0.5777%,0.8664%,55.5311%,0.0040799999999999,EWU,14907.0,2019-02-19,252.0,0.5276%,-0.0002,0.6564,0.0897,0.2865,0.5777%,0.8650%,55.4010%,0.0028299999999999,EWU,14907.0,2019-02-20,252.0,0.5557%,-0.0002,0.6573,0.0924,0.2898,0.5778%,0.8657%,55.4548%,0.002437,EWU,14907.0,2019-02-21,252.0,-0.6448%,-0.0002,0.656,0.0892,0.2876,0.5771%,0.8641%,55.3909%,-0.003384,EWU,14907.0,2019-02-22,252.0,0.3090%,-0.0002,0.6556,0.0915,0.2843,0.5773%,0.8641%,55.3695%,0.002463,EWU,14907.0,2019-02-25,252.0,0.0616%,-0.0002,0.6559,0.0917,0.2858,0.5770%,0.8641%,55.4125%,0.000283,EWU,14907.0,2019-02-26,252.0,0.8621%,-0.0001,0.654,0.0778,0.2773,0.5813%,0.8641%,54.7481%,0.0111,EWU,14907.0,2019-02-27,252.0,-0.1221%,-0.0001,0.6542,0.0771,0.2773,0.5813%,0.8632%,54.6419%,-0.001725,EWU,14907.0,2019-02-28,252.0,-0.4584%,-0.0001,0.6509,0.0748,0.2754,0.5799%,0.8585%,54.3739%,-0.001978,EWU,0.0025039999999999,0.006584,0.0094139999999999,0.0084669999999999,0.0186099999999999
22235,ISHARES INC,US House Democratic Caucus Chairman Jeffries Says Expects 'Overwhelming Majority' Of House Democrats Will Support Border Security Bill,6,uncertain,0.5,0.2,"the news about the support for a border security bill may have mixed implications for ishares inc, as it depends on the specific content of the bill and its impact on the economy and markets.",1,2019-02-13,EWW,2019-02-13 15:28:00+00:00,83223.0,46428682,-0.0306957364082336,8319695.0,0.0171240791678428,0.0011381569784134,0.0099169807508587,-0.0112536577507853,0.0038821229245513,-0.0126666594296693,-0.0011373802553862,-0.0050851101987063,0.0059211640618741,-0.0076788566075265,0.0108671812340617,0.01086719147861,0.0026875459589064,0.0053512081503868,-0.0058075077831745,-0.0033333671744912,-0.0094360411167144,0.0087424209341406,-0.0120208384469151,-0.0044633061625063,-0.0061983573250472,0.0044833165593445,-0.0053129945881664,-0.0044633061625063,-0.0046446993947029,0.0044833165593445,-0.0118992561474442,-0.0015666896943002,-0.0136953489854931,0.0076680234633386,0.0047881435602903,-0.0161970164626836,0.0114367296919226,-0.0004435674927663,0.0025912981946021,-0.0026542565319687,0.0025845111813396,0.0109570184722542,-0.0030465726740658,0.0056217671371996,0.0145744923502206,0.0047447560355067,0.0169137977063655,-0.0042745205573737,-0.0015948894433677,0.002254843013361,0.0255590807646513,0.011171861551702,0.0028927696403115,0.0164542067795991,-0.0392722524702549,0.0117233293130993,0.0143186822533607,0.0205790996551513,0.0013661514967679,-0.0125236008316278,-0.0111413793638348,0.0276833269745111,-0.0020694446284323,0.0009723120019771,0.0043778484687209,0.0024366099387407,0.0227116700261831,0.0009756321087479,-0.0094213094562292,0.0098522547632455,0.0015851380303502,0.004453248810023,0.0156002407893538,-0.0141463857144117,0.0249332766979932,0.0219342242926359,0.0154213523492217,0.0032507439609616,-0.0038502740208059,0.017695078626275,0.0008589416975155,-0.0151477679610252,-0.005792757961899,-0.0022299343254417,0.0036684973165392,-0.0078662661835551,-0.0051601347513496,0.0149700213223695,0.0079965190961956,-0.0022403867915272,0.0115780644118785,-0.0105911409482359,-0.0010597548680379,-0.0004923795931972,-0.0012731036404147,0.0183003153651952,-0.0091353366151452,-0.0167611613869667,-0.0102915856987237,0.0059508518315851,0.0054159443825483,-0.0100638149306178,0.00237019197084,0.0159601811319589,-0.0064488225616514,0.0445428267121315,-0.0015144892968237,0.0166843514889478,-0.0099675599485635,-0.04934548959136,-0.0052527440711855,-0.0158572699874639,0.0121011929586529,0.0014888677978888,-0.006521722767502,-0.0213696230202913,-0.0161925964057445,-0.0048332712613046,-0.011788229458034,0.0283300038427114,-0.0065271416679024,-0.0117878075689077,0.0101948520168662,0.0034499601460993,0.0171240791678428,0.0011381569784134,0.0272108790821852,-0.0101283092014736,0.0311986379842188,-0.0226666767878895,0.0361247246039688,-0.0351031641365333,0.0218156289546069,-0.0185226911912308,0.0180624077645323,0.0690325761799444,0.0459769893814767,0.0938609500477378,2019-02-14,2019-02-15,2019-02-19,2019-02-20,2019-02-21,2019-02-22,2019-02-25,2019-02-26,2019-02-27,2019-02-28,83223.0,2019-02-13,252.0,-3.0696%,-0.0006,0.6105,0.1035,0.0718,1.4333%,1.5681%,16.4562%,-0.032639,EWW,83223.0,2019-02-14,252.0,1.7124%,-0.0006,0.606,0.1137,0.0608,1.4381%,1.5719%,16.2951%,0.018184,EWW,83223.0,2019-02-15,252.0,0.9917%,-0.0006,0.6031,0.1114,0.0565,1.4378%,1.5701%,16.1517%,0.002393,EWW,83223.0,2019-02-19,252.0,0.3882%,-0.0006,0.6016,0.1159,0.0617,1.4373%,1.5682%,15.9987%,0.002144,EWW,83223.0,2019-02-20,252.0,-0.1137%,-0.0006,0.6011,0.1154,0.06,1.4373%,1.5682%,15.9929%,-0.0029749999999999,EWW,83223.0,2019-02-21,252.0,0.5921%,-0.0005,0.5963,0.1075,0.0511,1.4376%,1.5669%,15.8203%,0.008264,EWW,83223.0,2019-02-22,252.0,1.0867%,-0.0005,0.5947,0.1217,0.0451,1.4372%,1.5670%,15.8774%,0.0070509999999999,EWW,83223.0,2019-02-25,252.0,0.2688%,-0.0006,0.5971,0.1228,0.0546,1.4314%,1.5618%,15.9991%,0.002093,EWW,83223.0,2019-02-26,252.0,-0.5808%,-0.0005,0.604,0.1209,0.0588,1.4301%,1.5621%,16.1910%,-0.003986,EWW,83223.0,2019-02-27,252.0,-0.9436%,-0.0005,0.6075,0.1118,0.0593,1.4304%,1.5631%,16.2570%,-0.010239,EWW,83223.0,2019-02-28,252.0,-1.2021%,-0.0005,0.6025,0.1081,0.058,1.4294%,1.5594%,15.9770%,-0.010112,EWW,-0.014455,-0.012062,-0.009918,-0.004629,-0.019822
22243,ISHARES INC,US Senate Panel Delays Vote On Trump's ICE Nominee Vitello,6,uncertain,0.6,0.2,"the news about the senate panel delaying a vote on trump's ice nominee does not directly relate to ishares inc's business operations or market performance, leading to uncertainty in its impact on stock price.",1,2019-02-13,EWW,2019-02-13 15:06:00+00:00,83223.0,46428682,-0.0306957364082336,8319695.0,0.0171240791678428,0.0011381569784134,0.0099169807508587,-0.0112536577507853,0.0038821229245513,-0.0126666594296693,-0.0011373802553862,-0.0050851101987063,0.0059211640618741,-0.0076788566075265,0.0108671812340617,0.01086719147861,0.0026875459589064,0.0053512081503868,-0.0058075077831745,-0.0033333671744912,-0.0094360411167144,0.0087424209341406,-0.0120208384469151,-0.0044633061625063,-0.0061983573250472,0.0044833165593445,-0.0053129945881664,-0.0044633061625063,-0.0046446993947029,0.0044833165593445,-0.0118992561474442,-0.0015666896943002,-0.0136953489854931,0.0076680234633386,0.0047881435602903,-0.0161970164626836,0.0114367296919226,-0.0004435674927663,0.0025912981946021,-0.0026542565319687,0.0025845111813396,0.0109570184722542,-0.0030465726740658,0.0056217671371996,0.0145744923502206,0.0047447560355067,0.0169137977063655,-0.0042745205573737,-0.0015948894433677,0.002254843013361,0.0255590807646513,0.011171861551702,0.0028927696403115,0.0164542067795991,-0.0392722524702549,0.0117233293130993,0.0143186822533607,0.0205790996551513,0.0013661514967679,-0.0125236008316278,-0.0111413793638348,0.0276833269745111,-0.0020694446284323,0.0009723120019771,0.0043778484687209,0.0024366099387407,0.0227116700261831,0.0009756321087479,-0.0094213094562292,0.0098522547632455,0.0015851380303502,0.004453248810023,0.0156002407893538,-0.0141463857144117,0.0249332766979932,0.0219342242926359,0.0154213523492217,0.0032507439609616,-0.0038502740208059,0.017695078626275,0.0008589416975155,-0.0151477679610252,-0.005792757961899,-0.0022299343254417,0.0036684973165392,-0.0078662661835551,-0.0051601347513496,0.0149700213223695,0.0079965190961956,-0.0022403867915272,0.0115780644118785,-0.0105911409482359,-0.0010597548680379,-0.0004923795931972,-0.0012731036404147,0.0183003153651952,-0.0091353366151452,-0.0167611613869667,-0.0102915856987237,0.0059508518315851,0.0054159443825483,-0.0100638149306178,0.00237019197084,0.0159601811319589,-0.0064488225616514,0.0445428267121315,-0.0015144892968237,0.0166843514889478,-0.0099675599485635,-0.04934548959136,-0.0052527440711855,-0.0158572699874639,0.0121011929586529,0.0014888677978888,-0.006521722767502,-0.0213696230202913,-0.0161925964057445,-0.0048332712613046,-0.011788229458034,0.0283300038427114,-0.0065271416679024,-0.0117878075689077,0.0101948520168662,0.0034499601460993,0.0171240791678428,0.0011381569784134,0.0272108790821852,-0.0101283092014736,0.0311986379842188,-0.0226666767878895,0.0361247246039688,-0.0351031641365333,0.0218156289546069,-0.0185226911912308,0.0180624077645323,0.0690325761799444,0.0459769893814767,0.0938609500477378,2019-02-14,2019-02-15,2019-02-19,2019-02-20,2019-02-21,2019-02-22,2019-02-25,2019-02-26,2019-02-27,2019-02-28,83223.0,2019-02-13,252.0,-3.0696%,-0.0006,0.6105,0.1035,0.0718,1.4333%,1.5681%,16.4562%,-0.032639,EWW,83223.0,2019-02-14,252.0,1.7124%,-0.0006,0.606,0.1137,0.0608,1.4381%,1.5719%,16.2951%,0.018184,EWW,83223.0,2019-02-15,252.0,0.9917%,-0.0006,0.6031,0.1114,0.0565,1.4378%,1.5701%,16.1517%,0.002393,EWW,83223.0,2019-02-19,252.0,0.3882%,-0.0006,0.6016,0.1159,0.0617,1.4373%,1.5682%,15.9987%,0.002144,EWW,83223.0,2019-02-20,252.0,-0.1137%,-0.0006,0.6011,0.1154,0.06,1.4373%,1.5682%,15.9929%,-0.0029749999999999,EWW,83223.0,2019-02-21,252.0,0.5921%,-0.0005,0.5963,0.1075,0.0511,1.4376%,1.5669%,15.8203%,0.008264,EWW,83223.0,2019-02-22,252.0,1.0867%,-0.0005,0.5947,0.1217,0.0451,1.4372%,1.5670%,15.8774%,0.0070509999999999,EWW,83223.0,2019-02-25,252.0,0.2688%,-0.0006,0.5971,0.1228,0.0546,1.4314%,1.5618%,15.9991%,0.002093,EWW,83223.0,2019-02-26,252.0,-0.5808%,-0.0005,0.604,0.1209,0.0588,1.4301%,1.5621%,16.1910%,-0.003986,EWW,83223.0,2019-02-27,252.0,-0.9436%,-0.0005,0.6075,0.1118,0.0593,1.4304%,1.5631%,16.2570%,-0.010239,EWW,83223.0,2019-02-28,252.0,-1.2021%,-0.0005,0.6025,0.1081,0.058,1.4294%,1.5594%,15.9770%,-0.010112,EWW,-0.014455,-0.012062,-0.009918,-0.004629,-0.019822
22251,ISHARES INC,Pres Trump's Border-Security Deal Allocates $1.38B For 55 Miles Of Physical Barriers,6,uncertain,0.5,0.2,"the news about border-security funding may have mixed implications for ishares inc, depending on how investors perceive the impact on related sectors and overall market sentiment.",1,2019-02-13,EWW,2019-02-13 13:19:00+00:00,83223.0,46428682,-0.0306957364082336,8319695.0,0.0171240791678428,0.0011381569784134,0.0099169807508587,-0.0112536577507853,0.0038821229245513,-0.0126666594296693,-0.0011373802553862,-0.0050851101987063,0.0059211640618741,-0.0076788566075265,0.0108671812340617,0.01086719147861,0.0026875459589064,0.0053512081503868,-0.0058075077831745,-0.0033333671744912,-0.0094360411167144,0.0087424209341406,-0.0120208384469151,-0.0044633061625063,-0.0061983573250472,0.0044833165593445,-0.0053129945881664,-0.0044633061625063,-0.0046446993947029,0.0044833165593445,-0.0118992561474442,-0.0015666896943002,-0.0136953489854931,0.0076680234633386,0.0047881435602903,-0.0161970164626836,0.0114367296919226,-0.0004435674927663,0.0025912981946021,-0.0026542565319687,0.0025845111813396,0.0109570184722542,-0.0030465726740658,0.0056217671371996,0.0145744923502206,0.0047447560355067,0.0169137977063655,-0.0042745205573737,-0.0015948894433677,0.002254843013361,0.0255590807646513,0.011171861551702,0.0028927696403115,0.0164542067795991,-0.0392722524702549,0.0117233293130993,0.0143186822533607,0.0205790996551513,0.0013661514967679,-0.0125236008316278,-0.0111413793638348,0.0276833269745111,-0.0020694446284323,0.0009723120019771,0.0043778484687209,0.0024366099387407,0.0227116700261831,0.0009756321087479,-0.0094213094562292,0.0098522547632455,0.0015851380303502,0.004453248810023,0.0156002407893538,-0.0141463857144117,0.0249332766979932,0.0219342242926359,0.0154213523492217,0.0032507439609616,-0.0038502740208059,0.017695078626275,0.0008589416975155,-0.0151477679610252,-0.005792757961899,-0.0022299343254417,0.0036684973165392,-0.0078662661835551,-0.0051601347513496,0.0149700213223695,0.0079965190961956,-0.0022403867915272,0.0115780644118785,-0.0105911409482359,-0.0010597548680379,-0.0004923795931972,-0.0012731036404147,0.0183003153651952,-0.0091353366151452,-0.0167611613869667,-0.0102915856987237,0.0059508518315851,0.0054159443825483,-0.0100638149306178,0.00237019197084,0.0159601811319589,-0.0064488225616514,0.0445428267121315,-0.0015144892968237,0.0166843514889478,-0.0099675599485635,-0.04934548959136,-0.0052527440711855,-0.0158572699874639,0.0121011929586529,0.0014888677978888,-0.006521722767502,-0.0213696230202913,-0.0161925964057445,-0.0048332712613046,-0.011788229458034,0.0283300038427114,-0.0065271416679024,-0.0117878075689077,0.0101948520168662,0.0034499601460993,0.0171240791678428,0.0011381569784134,0.0272108790821852,-0.0101283092014736,0.0311986379842188,-0.0226666767878895,0.0361247246039688,-0.0351031641365333,0.0218156289546069,-0.0185226911912308,0.0180624077645323,0.0690325761799444,0.0459769893814767,0.0938609500477378,2019-02-14,2019-02-15,2019-02-19,2019-02-20,2019-02-21,2019-02-22,2019-02-25,2019-02-26,2019-02-27,2019-02-28,83223.0,2019-02-13,252.0,-3.0696%,-0.0006,0.6105,0.1035,0.0718,1.4333%,1.5681%,16.4562%,-0.032639,EWW,83223.0,2019-02-14,252.0,1.7124%,-0.0006,0.606,0.1137,0.0608,1.4381%,1.5719%,16.2951%,0.018184,EWW,83223.0,2019-02-15,252.0,0.9917%,-0.0006,0.6031,0.1114,0.0565,1.4378%,1.5701%,16.1517%,0.002393,EWW,83223.0,2019-02-19,252.0,0.3882%,-0.0006,0.6016,0.1159,0.0617,1.4373%,1.5682%,15.9987%,0.002144,EWW,83223.0,2019-02-20,252.0,-0.1137%,-0.0006,0.6011,0.1154,0.06,1.4373%,1.5682%,15.9929%,-0.0029749999999999,EWW,83223.0,2019-02-21,252.0,0.5921%,-0.0005,0.5963,0.1075,0.0511,1.4376%,1.5669%,15.8203%,0.008264,EWW,83223.0,2019-02-22,252.0,1.0867%,-0.0005,0.5947,0.1217,0.0451,1.4372%,1.5670%,15.8774%,0.0070509999999999,EWW,83223.0,2019-02-25,252.0,0.2688%,-0.0006,0.5971,0.1228,0.0546,1.4314%,1.5618%,15.9991%,0.002093,EWW,83223.0,2019-02-26,252.0,-0.5808%,-0.0005,0.604,0.1209,0.0588,1.4301%,1.5621%,16.1910%,-0.003986,EWW,83223.0,2019-02-27,252.0,-0.9436%,-0.0005,0.6075,0.1118,0.0593,1.4304%,1.5631%,16.2570%,-0.010239,EWW,83223.0,2019-02-28,252.0,-1.2021%,-0.0005,0.6025,0.1081,0.058,1.4294%,1.5594%,15.9770%,-0.010112,EWW,-0.014455,-0.012062,-0.009918,-0.004629,-0.019822
22259,ISHARES INC,"Trump Intends To Sign Border Security Deal To Avoid Partial Government Shutdown, CNN Reports",6,uncertain,0.6,0.2,"the news about trump signing a border security deal may have mixed implications for the market, leading to uncertainty in ishares inc's stock price as it depends on broader economic reactions and investor sentiment.",1,2019-02-13,EWW,2019-02-13 12:48:00+00:00,83223.0,46428682,-0.0306957364082336,8319695.0,0.0171240791678428,0.0011381569784134,0.0099169807508587,-0.0112536577507853,0.0038821229245513,-0.0126666594296693,-0.0011373802553862,-0.0050851101987063,0.0059211640618741,-0.0076788566075265,0.0108671812340617,0.01086719147861,0.0026875459589064,0.0053512081503868,-0.0058075077831745,-0.0033333671744912,-0.0094360411167144,0.0087424209341406,-0.0120208384469151,-0.0044633061625063,-0.0061983573250472,0.0044833165593445,-0.0053129945881664,-0.0044633061625063,-0.0046446993947029,0.0044833165593445,-0.0118992561474442,-0.0015666896943002,-0.0136953489854931,0.0076680234633386,0.0047881435602903,-0.0161970164626836,0.0114367296919226,-0.0004435674927663,0.0025912981946021,-0.0026542565319687,0.0025845111813396,0.0109570184722542,-0.0030465726740658,0.0056217671371996,0.0145744923502206,0.0047447560355067,0.0169137977063655,-0.0042745205573737,-0.0015948894433677,0.002254843013361,0.0255590807646513,0.011171861551702,0.0028927696403115,0.0164542067795991,-0.0392722524702549,0.0117233293130993,0.0143186822533607,0.0205790996551513,0.0013661514967679,-0.0125236008316278,-0.0111413793638348,0.0276833269745111,-0.0020694446284323,0.0009723120019771,0.0043778484687209,0.0024366099387407,0.0227116700261831,0.0009756321087479,-0.0094213094562292,0.0098522547632455,0.0015851380303502,0.004453248810023,0.0156002407893538,-0.0141463857144117,0.0249332766979932,0.0219342242926359,0.0154213523492217,0.0032507439609616,-0.0038502740208059,0.017695078626275,0.0008589416975155,-0.0151477679610252,-0.005792757961899,-0.0022299343254417,0.0036684973165392,-0.0078662661835551,-0.0051601347513496,0.0149700213223695,0.0079965190961956,-0.0022403867915272,0.0115780644118785,-0.0105911409482359,-0.0010597548680379,-0.0004923795931972,-0.0012731036404147,0.0183003153651952,-0.0091353366151452,-0.0167611613869667,-0.0102915856987237,0.0059508518315851,0.0054159443825483,-0.0100638149306178,0.00237019197084,0.0159601811319589,-0.0064488225616514,0.0445428267121315,-0.0015144892968237,0.0166843514889478,-0.0099675599485635,-0.04934548959136,-0.0052527440711855,-0.0158572699874639,0.0121011929586529,0.0014888677978888,-0.006521722767502,-0.0213696230202913,-0.0161925964057445,-0.0048332712613046,-0.011788229458034,0.0283300038427114,-0.0065271416679024,-0.0117878075689077,0.0101948520168662,0.0034499601460993,0.0171240791678428,0.0011381569784134,0.0272108790821852,-0.0101283092014736,0.0311986379842188,-0.0226666767878895,0.0361247246039688,-0.0351031641365333,0.0218156289546069,-0.0185226911912308,0.0180624077645323,0.0690325761799444,0.0459769893814767,0.0938609500477378,2019-02-14,2019-02-15,2019-02-19,2019-02-20,2019-02-21,2019-02-22,2019-02-25,2019-02-26,2019-02-27,2019-02-28,83223.0,2019-02-13,252.0,-3.0696%,-0.0006,0.6105,0.1035,0.0718,1.4333%,1.5681%,16.4562%,-0.032639,EWW,83223.0,2019-02-14,252.0,1.7124%,-0.0006,0.606,0.1137,0.0608,1.4381%,1.5719%,16.2951%,0.018184,EWW,83223.0,2019-02-15,252.0,0.9917%,-0.0006,0.6031,0.1114,0.0565,1.4378%,1.5701%,16.1517%,0.002393,EWW,83223.0,2019-02-19,252.0,0.3882%,-0.0006,0.6016,0.1159,0.0617,1.4373%,1.5682%,15.9987%,0.002144,EWW,83223.0,2019-02-20,252.0,-0.1137%,-0.0006,0.6011,0.1154,0.06,1.4373%,1.5682%,15.9929%,-0.0029749999999999,EWW,83223.0,2019-02-21,252.0,0.5921%,-0.0005,0.5963,0.1075,0.0511,1.4376%,1.5669%,15.8203%,0.008264,EWW,83223.0,2019-02-22,252.0,1.0867%,-0.0005,0.5947,0.1217,0.0451,1.4372%,1.5670%,15.8774%,0.0070509999999999,EWW,83223.0,2019-02-25,252.0,0.2688%,-0.0006,0.5971,0.1228,0.0546,1.4314%,1.5618%,15.9991%,0.002093,EWW,83223.0,2019-02-26,252.0,-0.5808%,-0.0005,0.604,0.1209,0.0588,1.4301%,1.5621%,16.1910%,-0.003986,EWW,83223.0,2019-02-27,252.0,-0.9436%,-0.0005,0.6075,0.1118,0.0593,1.4304%,1.5631%,16.2570%,-0.010239,EWW,83223.0,2019-02-28,252.0,-1.2021%,-0.0005,0.6025,0.1081,0.058,1.4294%,1.5594%,15.9770%,-0.010112,EWW,-0.014455,-0.012062,-0.009918,-0.004629,-0.019822
22267,EXELIXIS INC,"Exelixis shares are trading higher after the company reported Q4 EPS of $0.37, beating the $0.24 consensus estimate an sales of $228.6 million beating the $188.76 million estimate; the company said it would initiate Phase 1 clinical development of XL092.",6,increase,0.8,0.7,"the positive earnings report and sales beat, along with the initiation of a new clinical development phase, are likely to boost investor confidence and drive the stock price higher.",2,2019-02-13,EXEL,2019-02-13 14:05:00+00:00,88159.0,30161Q10,0.0170663706958293,10178704.0,0.0113378688693046,0.0333651453256607,-0.0017936775693669,-0.0136342691257596,-0.0408804975450038,0.0023563217837363,-0.005152253434062,-0.0610619932413101,-0.0009416411630809,-0.0079016815871,0.0141376601532101,-0.018526429310441,0.0394981577992439,-0.0161085650324821,0.0053642792627215,0.0008485557045787,0.0146731846034526,0.0115880025550723,-0.0188431330025196,0.0073497658595442,0.0223313979804515,0.0026007571723312,-0.0144167728722095,-0.0085947895422577,0.0132979238405823,0.0278269033879041,-0.0021872764918953,0.023508071899414,0.0140289217233657,0.0004522943636402,-0.0038909749127924,-0.0238410159945488,0.0217013880610466,-0.0074496092274785,0.0021240117494016,-0.004797235596925,0.0474776998162269,-0.0465696044266223,0.002023518551141,0.0520559325814247,-0.0092891575768589,-0.0378787703812122,-0.0158989522606134,-0.0128790801391005,0.0074565163813531,0.0168990120291709,0.0024670832790434,0.0167525503784418,-0.0041016601026058,0.0630137473344802,-0.0436573848128318,0.0564399473369121,-0.0008612640667706,0.0576530173420906,0.0172413624823093,-0.0165579486638307,-0.0152542628347873,0.0132181104272604,0.016781385987997,0.0118312519043684,0.0071942480280995,0.0093458099290728,0.0210084039717912,0.0163588095456361,0.0176954865455627,0.0847167447209358,0.0008087528403848,-0.0141083523631095,-0.0270707104355096,-0.036956537514925,0.0207641199231147,-0.0401669517159462,-0.005288818385452,-0.0500495657324791,-0.0171779170632362,-0.0316698588430881,0.0066583370789885,-0.0090347370132803,-0.0256304591894149,-0.0122123165056109,-0.0156978759914636,-0.0233944188803434,-0.0081896781921386,0.0390848293900489,-0.0069534918293356,-0.0177903119474649,-0.0652078688144683,0.0399220883846283,-0.021535625681281,-0.026540258899331,-0.0138755505904555,0.0262646358460187,0.0383308567106723,-0.0437209568917751,-0.0397196449339389,0.058591853827238,-0.0267639532685279,0.0330620370805263,0.0274999625980854,-0.0030425693839788,-0.0272505842149257,0.0478214472532272,-0.0165082514286041,0.0026637844275683,-0.0162766892462968,0.0387382842600345,0.0439503826200962,-0.001657496439293,0.0292223934084177,0.0243350490927696,-0.0062560667283833,-0.0016949540004134,-0.0164648983627557,-0.0122767472639679,0.0004923795931972,0.0269340574741363,-0.0334645807743072,0.0411694832146167,0.0061100227758288,0.0066066435538232,0.0113378688693046,0.0333651453256607,0.0095238548188623,0.0192759668291109,-0.031745982649683,0.0216777089933892,-0.0376417230187413,-0.0482879885509609,0.0154195065238695,-0.0626891023563401,0.0716553284946281,0.1152263237121282,-0.1038548344479937,0.3021021562980068,2019-02-14,2019-02-15,2019-02-19,2019-02-20,2019-02-21,2019-02-22,2019-02-25,2019-02-26,2019-02-27,2019-02-28,88159.0,2019-02-13,252.0,1.7066%,-0.0011,1.4594,1.0272,-0.2658,2.8646%,3.3582%,27.2372%,0.0124489999999999,EXEL,88159.0,2019-02-14,252.0,1.1338%,-0.001,1.4583,1.0323,-0.2729,2.8638%,3.3587%,27.2959%,0.0074199999999999,EXEL,88159.0,2019-02-15,252.0,-0.1794%,-0.0011,1.4433,1.0168,-0.2999,2.8661%,3.3546%,27.0038%,-0.019643,EXEL,88159.0,2019-02-19,252.0,-4.0880%,-0.0013,1.4369,0.9856,-0.3345,2.8793%,3.3637%,26.7313%,-0.045772,EXEL,88159.0,2019-02-20,252.0,-0.5152%,-0.0012,1.437,0.9958,-0.3314,2.8761%,3.3616%,26.7986%,-0.0083109999999999,EXEL,88159.0,2019-02-21,252.0,-0.0942%,-0.0012,1.4361,0.995,-0.3331,2.8763%,3.3609%,26.7555%,0.00421,EXEL,88159.0,2019-02-22,252.0,1.4138%,-0.0013,1.4371,0.9862,-0.3299,2.8762%,3.3619%,26.8070%,-0.005667,EXEL,88159.0,2019-02-25,252.0,3.9498%,-0.0011,1.4372,0.9664,-0.3397,2.8874%,3.3713%,26.6452%,0.039213,EXEL,88159.0,2019-02-26,252.0,0.5364%,-0.001,1.4367,0.9478,-0.3495,2.8886%,3.3702%,26.5394%,0.0126279999999999,EXEL,88159.0,2019-02-27,252.0,1.4673%,-0.0009,1.4414,0.9431,-0.3487,2.8889%,3.3716%,26.5817%,0.01106,EXEL,88159.0,2019-02-28,252.0,-1.8843%,-0.0008,1.4114,0.922,-0.367,2.8643%,3.3341%,26.1951%,-0.015535,EXEL,0.0198689999999999,0.0002259999999999,-0.045546,-0.049647,-0.007948
22275,FREEPORT MCMORAN INC,Morgan Stanley Upgrades Freeport-McMoRan On Coming Higher Copper Prices,6,increase,0.8,0.7,"the upgrade by morgan stanley suggests a positive outlook on freeport-mcmoran due to anticipated higher copper prices, which typically boosts investor confidence and stock prices.",2,2019-02-13,FCX,2019-02-13 21:10:00+00:00,81774.0,35671D85,0.0696257799863815,36169380.0,-0.0105777150020003,-0.0034692075569182,0.00986841134727,-0.0068906052038073,0.0659609511494636,-0.021079258993268,0.0198625084012746,-0.0041981688700616,-0.0247190948575735,0.0033698368351906,0.0153609681874513,0.0008431896567344,0.0030257157050073,0.0304082911461591,-0.0060331765562295,-0.0111683942377567,-0.0015174853615462,0.0328305102884769,-0.0197568573057651,0.0784689635038375,-0.002325560664758,0.0165369734168052,-0.0069930190220475,-0.0854092612862587,0.0046948688104748,0.0504672862589359,-0.0233645010739564,-0.1307880282402039,-0.0183412712067365,-0.0056542563252151,-0.0178716704249382,-0.0143312336876988,0.022332465276122,0.0354493223130703,0.0234627798199653,0.0201850105077028,0.0007905319798737,0.0276577919721603,-0.0268562529236078,0.0017315588193014,0.0024351207539439,-1.637843105584125e-08,0.0218623075634241,0.0078193005174398,0.0047543914988636,0.0,0.011040961369872,0.0276786088943481,0.0078003420494496,0.0181818008422851,-0.0572755225002765,0.01663588732481,0.0164203457534313,0.0744786486029625,0.0258481167256832,-0.0279922746121883,0.0007874196162447,0.0048495861701667,0.0015735251363366,-0.0152817424386739,0.0125687988474965,-0.0187441240996122,0.0162917021661996,0.0259615834802389,0.0015266796108335,0.0633946731686592,0.0030487775802612,-0.026865717023611,0.0303951799869537,-0.0185546465218067,-0.0169616881757974,0.0058938572183251,0.0307576786726713,-0.0396226458251476,-0.0262008495628833,0.0009443086455576,0.0082211997359991,0.0018921908922493,-0.0059303133748471,-0.0320513173937797,0.0253542102873325,-0.0135501017794013,-0.0007299437420442,0.0288103595376014,0.0343316495418548,0.0065482365898787,0.0028248562011867,-0.0210623163729906,-0.014084493741393,-0.0206277631223201,-0.0250000264495611,-0.0304348152130842,-0.0139193832874298,-0.0488006733357906,0.0089152958244085,0.0125628625974059,-0.1008836477994919,0.0101522747427225,0.0237510204315185,-0.0125313755124807,-0.0055999755859375,0.0649466663599014,-0.0096540534868836,0.0135256638750433,-0.0487408898770809,0.0297121331095695,-0.0170794036239385,-0.0560910962522029,0.038227591663599,0.0487132109701633,-0.0192468240857124,-0.0547350235283374,-0.0238908436149358,-0.0376254022121429,-0.0061188545078039,0.0,-0.0079155806452035,0.0363951548933982,0.0079787373542785,0.0257777739316225,-0.0105777150020003,-0.0034692075569182,-0.0008136888974842,-0.0103359078210808,0.0650935905583616,-0.0311972935364577,0.0593979283611867,-0.0320134896451826,0.0496338238209683,0.0995215286641406,0.0358014341757579,0.1021718770318913,-0.0714811822977187,0.0257546541970978,2019-02-14,2019-02-15,2019-02-19,2019-02-20,2019-02-21,2019-02-22,2019-02-25,2019-02-26,2019-02-27,2019-02-28,81774.0,2019-02-13,252.0,6.9626%,-0.0011,1.6908,0.4856,0.7075,2.4257%,2.9511%,32.4387%,0.064063,FCX,81774.0,2019-02-14,252.0,-1.0578%,-0.0011,1.6911,0.4828,0.7117,2.4250%,2.9504%,32.4449%,-0.0055489999999999,FCX,81774.0,2019-02-15,252.0,0.9868%,-0.0014,1.6452,0.4401,0.6353,2.4091%,2.9127%,31.5885%,-0.013964,FCX,81774.0,2019-02-19,252.0,6.5961%,-0.0011,1.6621,0.4713,0.669,2.4377%,2.9433%,31.4021%,0.059553,FCX,81774.0,2019-02-20,252.0,1.9863%,-0.0009,1.6678,0.494,0.692,2.4348%,2.9436%,31.5820%,0.011888,FCX,81774.0,2019-02-21,252.0,-2.4719%,-0.001,1.671,0.4969,0.6979,2.4368%,2.9459%,31.5762%,-0.016711,FCX,81774.0,2019-02-22,252.0,1.5361%,-0.001,1.6701,0.4742,0.6665,2.4352%,2.9457%,31.6572%,0.011926,FCX,81774.0,2019-02-25,252.0,0.3026%,-0.0011,1.6732,0.4753,0.6784,2.4297%,2.9419%,31.7940%,0.002853,FCX,81774.0,2019-02-26,252.0,-0.6033%,-0.0011,1.6735,0.4709,0.6764,2.4297%,2.9390%,31.6552%,0.001824,FCX,81774.0,2019-02-27,252.0,-0.1517%,-0.001,1.6805,0.4578,0.6776,2.4277%,2.9390%,31.7707%,-0.0032069999999999,FCX,81774.0,2019-02-28,252.0,-1.9757%,-0.0011,1.683,0.4591,0.6822,2.4288%,2.9383%,31.6700%,-0.013045,FCX,0.058514,0.0445499999999999,0.104103,0.09928,0.099631
22283,FREEPORT MCMORAN INC,"Freeport-McMoRan shares are trading higher after Morgan Stanley upgraded the company from equal-weight to overweight but, lowered the target price from $16 to $14.",6,increase,0.7,0.5,"the upgrade from equal-weight to overweight by morgan stanley suggests a more favorable outlook for freeport-mcmoran, which could lead to increased investor interest despite the lowered target price.",2,2019-02-13,FCX,2019-02-13 14:57:00+00:00,81774.0,35671D85,0.0696257799863815,36169380.0,-0.0105777150020003,-0.0034692075569182,0.00986841134727,-0.0068906052038073,0.0659609511494636,-0.021079258993268,0.0198625084012746,-0.0041981688700616,-0.0247190948575735,0.0033698368351906,0.0153609681874513,0.0008431896567344,0.0030257157050073,0.0304082911461591,-0.0060331765562295,-0.0111683942377567,-0.0015174853615462,0.0328305102884769,-0.0197568573057651,0.0784689635038375,-0.002325560664758,0.0165369734168052,-0.0069930190220475,-0.0854092612862587,0.0046948688104748,0.0504672862589359,-0.0233645010739564,-0.1307880282402039,-0.0183412712067365,-0.0056542563252151,-0.0178716704249382,-0.0143312336876988,0.022332465276122,0.0354493223130703,0.0234627798199653,0.0201850105077028,0.0007905319798737,0.0276577919721603,-0.0268562529236078,0.0017315588193014,0.0024351207539439,-1.637843105584125e-08,0.0218623075634241,0.0078193005174398,0.0047543914988636,0.0,0.011040961369872,0.0276786088943481,0.0078003420494496,0.0181818008422851,-0.0572755225002765,0.01663588732481,0.0164203457534313,0.0744786486029625,0.0258481167256832,-0.0279922746121883,0.0007874196162447,0.0048495861701667,0.0015735251363366,-0.0152817424386739,0.0125687988474965,-0.0187441240996122,0.0162917021661996,0.0259615834802389,0.0015266796108335,0.0633946731686592,0.0030487775802612,-0.026865717023611,0.0303951799869537,-0.0185546465218067,-0.0169616881757974,0.0058938572183251,0.0307576786726713,-0.0396226458251476,-0.0262008495628833,0.0009443086455576,0.0082211997359991,0.0018921908922493,-0.0059303133748471,-0.0320513173937797,0.0253542102873325,-0.0135501017794013,-0.0007299437420442,0.0288103595376014,0.0343316495418548,0.0065482365898787,0.0028248562011867,-0.0210623163729906,-0.014084493741393,-0.0206277631223201,-0.0250000264495611,-0.0304348152130842,-0.0139193832874298,-0.0488006733357906,0.0089152958244085,0.0125628625974059,-0.1008836477994919,0.0101522747427225,0.0237510204315185,-0.0125313755124807,-0.0055999755859375,0.0649466663599014,-0.0096540534868836,0.0135256638750433,-0.0487408898770809,0.0297121331095695,-0.0170794036239385,-0.0560910962522029,0.038227591663599,0.0487132109701633,-0.0192468240857124,-0.0547350235283374,-0.0238908436149358,-0.0376254022121429,-0.0061188545078039,0.0,-0.0079155806452035,0.0363951548933982,0.0079787373542785,0.0257777739316225,-0.0105777150020003,-0.0034692075569182,-0.0008136888974842,-0.0103359078210808,0.0650935905583616,-0.0311972935364577,0.0593979283611867,-0.0320134896451826,0.0496338238209683,0.0995215286641406,0.0358014341757579,0.1021718770318913,-0.0714811822977187,0.0257546541970978,2019-02-14,2019-02-15,2019-02-19,2019-02-20,2019-02-21,2019-02-22,2019-02-25,2019-02-26,2019-02-27,2019-02-28,81774.0,2019-02-13,252.0,6.9626%,-0.0011,1.6908,0.4856,0.7075,2.4257%,2.9511%,32.4387%,0.064063,FCX,81774.0,2019-02-14,252.0,-1.0578%,-0.0011,1.6911,0.4828,0.7117,2.4250%,2.9504%,32.4449%,-0.0055489999999999,FCX,81774.0,2019-02-15,252.0,0.9868%,-0.0014,1.6452,0.4401,0.6353,2.4091%,2.9127%,31.5885%,-0.013964,FCX,81774.0,2019-02-19,252.0,6.5961%,-0.0011,1.6621,0.4713,0.669,2.4377%,2.9433%,31.4021%,0.059553,FCX,81774.0,2019-02-20,252.0,1.9863%,-0.0009,1.6678,0.494,0.692,2.4348%,2.9436%,31.5820%,0.011888,FCX,81774.0,2019-02-21,252.0,-2.4719%,-0.001,1.671,0.4969,0.6979,2.4368%,2.9459%,31.5762%,-0.016711,FCX,81774.0,2019-02-22,252.0,1.5361%,-0.001,1.6701,0.4742,0.6665,2.4352%,2.9457%,31.6572%,0.011926,FCX,81774.0,2019-02-25,252.0,0.3026%,-0.0011,1.6732,0.4753,0.6784,2.4297%,2.9419%,31.7940%,0.002853,FCX,81774.0,2019-02-26,252.0,-0.6033%,-0.0011,1.6735,0.4709,0.6764,2.4297%,2.9390%,31.6552%,0.001824,FCX,81774.0,2019-02-27,252.0,-0.1517%,-0.001,1.6805,0.4578,0.6776,2.4277%,2.9390%,31.7707%,-0.0032069999999999,FCX,81774.0,2019-02-28,252.0,-1.9757%,-0.0011,1.683,0.4591,0.6822,2.4288%,2.9383%,31.6700%,-0.013045,FCX,0.058514,0.0445499999999999,0.104103,0.09928,0.099631
22291,FREEPORT MCMORAN INC,UPDATE: Morgan Stanley Upgrades Freeport-McMoRan As Firm Notes 'FCX's volume growth from 2021 more than offsets any subsequent copper price weakness. Indonesian overhangs are gone and 2021 ramp-up is manageable',6,increase,0.8,0.7,"the upgrade from morgan stanley, highlighting volume growth and the resolution of indonesian overhangs, suggests positive future performance for freeport-mcmoran, likely leading to an increase in stock price.",2,2019-02-13,FCX,2019-02-13 14:08:00+00:00,81774.0,35671D85,0.0696257799863815,36169380.0,-0.0105777150020003,-0.0034692075569182,0.00986841134727,-0.0068906052038073,0.0659609511494636,-0.021079258993268,0.0198625084012746,-0.0041981688700616,-0.0247190948575735,0.0033698368351906,0.0153609681874513,0.0008431896567344,0.0030257157050073,0.0304082911461591,-0.0060331765562295,-0.0111683942377567,-0.0015174853615462,0.0328305102884769,-0.0197568573057651,0.0784689635038375,-0.002325560664758,0.0165369734168052,-0.0069930190220475,-0.0854092612862587,0.0046948688104748,0.0504672862589359,-0.0233645010739564,-0.1307880282402039,-0.0183412712067365,-0.0056542563252151,-0.0178716704249382,-0.0143312336876988,0.022332465276122,0.0354493223130703,0.0234627798199653,0.0201850105077028,0.0007905319798737,0.0276577919721603,-0.0268562529236078,0.0017315588193014,0.0024351207539439,-1.637843105584125e-08,0.0218623075634241,0.0078193005174398,0.0047543914988636,0.0,0.011040961369872,0.0276786088943481,0.0078003420494496,0.0181818008422851,-0.0572755225002765,0.01663588732481,0.0164203457534313,0.0744786486029625,0.0258481167256832,-0.0279922746121883,0.0007874196162447,0.0048495861701667,0.0015735251363366,-0.0152817424386739,0.0125687988474965,-0.0187441240996122,0.0162917021661996,0.0259615834802389,0.0015266796108335,0.0633946731686592,0.0030487775802612,-0.026865717023611,0.0303951799869537,-0.0185546465218067,-0.0169616881757974,0.0058938572183251,0.0307576786726713,-0.0396226458251476,-0.0262008495628833,0.0009443086455576,0.0082211997359991,0.0018921908922493,-0.0059303133748471,-0.0320513173937797,0.0253542102873325,-0.0135501017794013,-0.0007299437420442,0.0288103595376014,0.0343316495418548,0.0065482365898787,0.0028248562011867,-0.0210623163729906,-0.014084493741393,-0.0206277631223201,-0.0250000264495611,-0.0304348152130842,-0.0139193832874298,-0.0488006733357906,0.0089152958244085,0.0125628625974059,-0.1008836477994919,0.0101522747427225,0.0237510204315185,-0.0125313755124807,-0.0055999755859375,0.0649466663599014,-0.0096540534868836,0.0135256638750433,-0.0487408898770809,0.0297121331095695,-0.0170794036239385,-0.0560910962522029,0.038227591663599,0.0487132109701633,-0.0192468240857124,-0.0547350235283374,-0.0238908436149358,-0.0376254022121429,-0.0061188545078039,0.0,-0.0079155806452035,0.0363951548933982,0.0079787373542785,0.0257777739316225,-0.0105777150020003,-0.0034692075569182,-0.0008136888974842,-0.0103359078210808,0.0650935905583616,-0.0311972935364577,0.0593979283611867,-0.0320134896451826,0.0496338238209683,0.0995215286641406,0.0358014341757579,0.1021718770318913,-0.0714811822977187,0.0257546541970978,2019-02-14,2019-02-15,2019-02-19,2019-02-20,2019-02-21,2019-02-22,2019-02-25,2019-02-26,2019-02-27,2019-02-28,81774.0,2019-02-13,252.0,6.9626%,-0.0011,1.6908,0.4856,0.7075,2.4257%,2.9511%,32.4387%,0.064063,FCX,81774.0,2019-02-14,252.0,-1.0578%,-0.0011,1.6911,0.4828,0.7117,2.4250%,2.9504%,32.4449%,-0.0055489999999999,FCX,81774.0,2019-02-15,252.0,0.9868%,-0.0014,1.6452,0.4401,0.6353,2.4091%,2.9127%,31.5885%,-0.013964,FCX,81774.0,2019-02-19,252.0,6.5961%,-0.0011,1.6621,0.4713,0.669,2.4377%,2.9433%,31.4021%,0.059553,FCX,81774.0,2019-02-20,252.0,1.9863%,-0.0009,1.6678,0.494,0.692,2.4348%,2.9436%,31.5820%,0.011888,FCX,81774.0,2019-02-21,252.0,-2.4719%,-0.001,1.671,0.4969,0.6979,2.4368%,2.9459%,31.5762%,-0.016711,FCX,81774.0,2019-02-22,252.0,1.5361%,-0.001,1.6701,0.4742,0.6665,2.4352%,2.9457%,31.6572%,0.011926,FCX,81774.0,2019-02-25,252.0,0.3026%,-0.0011,1.6732,0.4753,0.6784,2.4297%,2.9419%,31.7940%,0.002853,FCX,81774.0,2019-02-26,252.0,-0.6033%,-0.0011,1.6735,0.4709,0.6764,2.4297%,2.9390%,31.6552%,0.001824,FCX,81774.0,2019-02-27,252.0,-0.1517%,-0.001,1.6805,0.4578,0.6776,2.4277%,2.9390%,31.7707%,-0.0032069999999999,FCX,81774.0,2019-02-28,252.0,-1.9757%,-0.0011,1.683,0.4591,0.6822,2.4288%,2.9383%,31.6700%,-0.013045,FCX,0.058514,0.0445499999999999,0.104103,0.09928,0.099631
22299,FREEPORT MCMORAN INC,"Morgan Stanley Upgrades Freeport-McMoRan to Overweight, Lowers Price Target to $14",6,increase,0.7,0.5,"an upgrade to 'overweight' typically signals positive sentiment from analysts, which can lead to increased investor interest and potentially higher stock prices, despite the lowered price target.",2,2019-02-13,FCX,2019-02-13 11:21:00+00:00,81774.0,35671D85,0.0696257799863815,36169380.0,-0.0105777150020003,-0.0034692075569182,0.00986841134727,-0.0068906052038073,0.0659609511494636,-0.021079258993268,0.0198625084012746,-0.0041981688700616,-0.0247190948575735,0.0033698368351906,0.0153609681874513,0.0008431896567344,0.0030257157050073,0.0304082911461591,-0.0060331765562295,-0.0111683942377567,-0.0015174853615462,0.0328305102884769,-0.0197568573057651,0.0784689635038375,-0.002325560664758,0.0165369734168052,-0.0069930190220475,-0.0854092612862587,0.0046948688104748,0.0504672862589359,-0.0233645010739564,-0.1307880282402039,-0.0183412712067365,-0.0056542563252151,-0.0178716704249382,-0.0143312336876988,0.022332465276122,0.0354493223130703,0.0234627798199653,0.0201850105077028,0.0007905319798737,0.0276577919721603,-0.0268562529236078,0.0017315588193014,0.0024351207539439,-1.637843105584125e-08,0.0218623075634241,0.0078193005174398,0.0047543914988636,0.0,0.011040961369872,0.0276786088943481,0.0078003420494496,0.0181818008422851,-0.0572755225002765,0.01663588732481,0.0164203457534313,0.0744786486029625,0.0258481167256832,-0.0279922746121883,0.0007874196162447,0.0048495861701667,0.0015735251363366,-0.0152817424386739,0.0125687988474965,-0.0187441240996122,0.0162917021661996,0.0259615834802389,0.0015266796108335,0.0633946731686592,0.0030487775802612,-0.026865717023611,0.0303951799869537,-0.0185546465218067,-0.0169616881757974,0.0058938572183251,0.0307576786726713,-0.0396226458251476,-0.0262008495628833,0.0009443086455576,0.0082211997359991,0.0018921908922493,-0.0059303133748471,-0.0320513173937797,0.0253542102873325,-0.0135501017794013,-0.0007299437420442,0.0288103595376014,0.0343316495418548,0.0065482365898787,0.0028248562011867,-0.0210623163729906,-0.014084493741393,-0.0206277631223201,-0.0250000264495611,-0.0304348152130842,-0.0139193832874298,-0.0488006733357906,0.0089152958244085,0.0125628625974059,-0.1008836477994919,0.0101522747427225,0.0237510204315185,-0.0125313755124807,-0.0055999755859375,0.0649466663599014,-0.0096540534868836,0.0135256638750433,-0.0487408898770809,0.0297121331095695,-0.0170794036239385,-0.0560910962522029,0.038227591663599,0.0487132109701633,-0.0192468240857124,-0.0547350235283374,-0.0238908436149358,-0.0376254022121429,-0.0061188545078039,0.0,-0.0079155806452035,0.0363951548933982,0.0079787373542785,0.0257777739316225,-0.0105777150020003,-0.0034692075569182,-0.0008136888974842,-0.0103359078210808,0.0650935905583616,-0.0311972935364577,0.0593979283611867,-0.0320134896451826,0.0496338238209683,0.0995215286641406,0.0358014341757579,0.1021718770318913,-0.0714811822977187,0.0257546541970978,2019-02-14,2019-02-15,2019-02-19,2019-02-20,2019-02-21,2019-02-22,2019-02-25,2019-02-26,2019-02-27,2019-02-28,81774.0,2019-02-13,252.0,6.9626%,-0.0011,1.6908,0.4856,0.7075,2.4257%,2.9511%,32.4387%,0.064063,FCX,81774.0,2019-02-14,252.0,-1.0578%,-0.0011,1.6911,0.4828,0.7117,2.4250%,2.9504%,32.4449%,-0.0055489999999999,FCX,81774.0,2019-02-15,252.0,0.9868%,-0.0014,1.6452,0.4401,0.6353,2.4091%,2.9127%,31.5885%,-0.013964,FCX,81774.0,2019-02-19,252.0,6.5961%,-0.0011,1.6621,0.4713,0.669,2.4377%,2.9433%,31.4021%,0.059553,FCX,81774.0,2019-02-20,252.0,1.9863%,-0.0009,1.6678,0.494,0.692,2.4348%,2.9436%,31.5820%,0.011888,FCX,81774.0,2019-02-21,252.0,-2.4719%,-0.001,1.671,0.4969,0.6979,2.4368%,2.9459%,31.5762%,-0.016711,FCX,81774.0,2019-02-22,252.0,1.5361%,-0.001,1.6701,0.4742,0.6665,2.4352%,2.9457%,31.6572%,0.011926,FCX,81774.0,2019-02-25,252.0,0.3026%,-0.0011,1.6732,0.4753,0.6784,2.4297%,2.9419%,31.7940%,0.002853,FCX,81774.0,2019-02-26,252.0,-0.6033%,-0.0011,1.6735,0.4709,0.6764,2.4297%,2.9390%,31.6552%,0.001824,FCX,81774.0,2019-02-27,252.0,-0.1517%,-0.001,1.6805,0.4578,0.6776,2.4277%,2.9390%,31.7707%,-0.0032069999999999,FCX,81774.0,2019-02-28,252.0,-1.9757%,-0.0011,1.683,0.4591,0.6822,2.4288%,2.9383%,31.6700%,-0.013045,FCX,0.058514,0.0445499999999999,0.104103,0.09928,0.099631
22307,FEDEX CORP,FedEx Logistics To Move Global HQ In Memphis To Old Gibson Guitar factory,6,increase,0.7,0.6,"the relocation of fedex logistics' global headquarters to a notable site like the old gibson guitar factory may be seen as a positive move, potentially enhancing the company's image and operational efficiency, which could positively impact stock prices.",2,2019-02-13,FDX,2019-02-13 15:24:00+00:00,60628.0,31428X10,0.0009166792733594,1364391.0,-0.0091584799811244,0.0240764301270246,-0.0251195915043354,0.0217219069600105,0.0052983653731644,-0.0227710735052824,0.0092094512656331,-0.0132745904847979,0.002033945871517,0.0004354315169621,-0.0098200198262929,0.0054725552909076,0.003213484538719,0.0190731044858694,0.0035345412325114,0.0097988974303007,0.0005502770654857,0.0005635098787024,-0.0044551868923008,0.0224104113876819,0.0099447686225175,-0.0021844382863491,-0.0090809827670454,-0.007983542047441,-0.0062382956966757,0.007237188052386,-0.0101661123335361,0.0024183178320527,-0.0298574045300483,-0.0126208150759339,-0.0024875728413462,-0.0057091726921498,0.0271859243512153,0.0210076719522476,0.0040804832242429,0.0111461468040943,0.013320542871952,0.0042782379314303,-0.0025065278168767,-0.0053628571331501,-0.0061425403691828,0.0032750309910625,0.0248342417180538,0.0051140980795025,-0.0054275779984891,-0.002755151130259,-0.0349484384059906,0.021374637261033,0.0223910324275493,0.0017393903108313,-0.0279345214366912,0.0139877339825034,-0.0110351061448454,0.0460588485002517,0.0178996138274669,-0.0367669574916362,0.0053668427281081,0.0115291671827435,0.0102788209915161,0.0147817721590399,0.0197302419692277,-0.0126692866906523,0.0277823340147733,0.0054324720986187,-0.0129793416708707,0.0487884543836116,0.0063033401966094,-0.0335443243384361,0.0133916288614273,-0.0107688531279563,0.0118825370445847,-0.0171681344509124,0.0077936337329447,-0.1216150522232056,-0.0074720862321555,0.0154783027246594,0.0055277864448726,-0.0104285385459661,0.0045549483038485,-0.016401283442974,0.0264762695878744,-0.0057896189391613,-0.0039096432738006,-0.0072765075601637,0.0053522433154284,-0.0170009788125753,0.0042082942090928,-0.0420080758631229,0.0004543892573565,-0.0605412349104881,-0.0109512908384203,-0.0021344036795198,-0.0043371305800974,-0.0631194114685058,0.0139906508848071,0.0045414553023874,-0.0454361960291862,0.0065934066660702,-0.025573156774044,-0.0187621563673019,0.014073091559112,0.0293922238051891,0.0151637019589543,0.0008443052065558,-0.020268190652132,0.0073410896584391,0.0076500279828906,0.0038193252403289,0.0054534021764993,0.0054667331278324,-0.0130808865651488,-0.0219178367406129,-0.0266163907945156,-0.0017204084433615,-0.0068084299564361,-0.0049163564108312,0.0007245437591336,0.0117693813517689,-0.0086878901347517,0.0119096189737319,-0.0091584799811244,0.0240764301270246,-0.0340480142095332,0.0463213230621835,-0.0289300476558816,0.0224954633045901,-0.0179937329122645,0.0093615713045436,-0.0248895342988081,0.0683834271745755,-0.0379638189075393,0.1664989457362857,-0.0374230123473117,-0.1638642997175803,2019-02-14,2019-02-15,2019-02-19,2019-02-20,2019-02-21,2019-02-22,2019-02-25,2019-02-26,2019-02-27,2019-02-28,60628.0,2019-02-13,252.0,0.0917%,-0.0009,1.3502,0.1841,0.5654,1.2310%,1.8139%,53.9469%,-0.003475,FDX,60628.0,2019-02-14,252.0,-0.9158%,-0.0009,1.351,0.1824,0.5672,1.2311%,1.8146%,53.9706%,-0.004101,FDX,60628.0,2019-02-15,252.0,-2.5120%,-0.001,1.3398,0.1678,0.5431,1.2533%,1.8209%,52.6241%,-0.0436639999999999,FDX,60628.0,2019-02-19,252.0,0.5298%,-0.001,1.3383,0.1714,0.5473,1.2528%,1.8176%,52.4908%,0.0005369999999999,FDX,60628.0,2019-02-20,252.0,0.9209%,-0.001,1.3399,0.1768,0.5534,1.2528%,1.8187%,52.5485%,0.003179,FDX,60628.0,2019-02-21,252.0,0.2034%,-0.001,1.337,0.173,0.5481,1.2541%,1.8172%,52.3693%,0.008288,FDX,60628.0,2019-02-22,252.0,-0.9820%,-0.0011,1.3393,0.1521,0.5558,1.2528%,1.8168%,52.4496%,-0.011505,FDX,60628.0,2019-02-25,252.0,0.3213%,-0.0011,1.3406,0.1517,0.5607,1.2508%,1.8159%,52.5590%,0.0025,FDX,60628.0,2019-02-26,252.0,0.3535%,-0.0011,1.333,0.1459,0.552,1.2508%,1.8071%,52.0947%,0.0084009999999999,FDX,60628.0,2019-02-27,252.0,0.0550%,-0.0011,1.3346,0.1432,0.5523,1.2505%,1.8060%,52.0515%,-0.000364,FDX,60628.0,2019-02-28,252.0,-0.4455%,-0.001,1.3316,0.1412,0.5496,1.2502%,1.8010%,51.8091%,0.0009339999999999,FDX,-0.007576,-0.0512399999999999,-0.0507029999999999,-0.0392359999999999,-0.03927
22315,F M C CORP,"Credit Suisse Maintains Outperform on FMC, Lowers Price Target to $112",6,decrease,0.7,0.5,"lowering the price target typically signals a less favorable outlook, which may lead to a decrease in stock price.",0,2019-02-13,FMC,2019-02-13 14:00:00+00:00,19166.0,30249130,0.0246778354048728,1252120.0,-0.0037964135408401,-0.0294950436800718,0.016434408724308,0.0024837264791131,0.0133567592129111,0.0037991176359355,0.0110995387658476,-0.0138157149776816,0.0085763297975063,0.0049418262206017,0.0035147981252521,-0.0024647780228406,0.0096034174785017,-0.0073401476256549,-0.0087287239730358,0.0755638927221298,0.0117408093065023,-0.0099255014210939,-0.0013390174135565,0.0062421974726021,0.0105028208345174,0.0123861944302916,0.0031632331665605,-0.0031498046591877,0.0016463685315102,0.0201799441128969,-0.0079655740410089,-0.0037135779857635,-0.0081570148468017,-0.0184766370803117,-0.0037265601567924,-0.0135152377188205,0.0117374397814273,0.0154873253777623,0.0003824423474725,0.0031577618792653,0.0001274644600925,-0.0007573543698526,-0.0168195664882659,-0.0082613099366426,0.0010367314098402,-0.0054774358868598,-0.0041429274715483,-0.0042146565392613,-0.0084503581747412,0.0156112033873796,-0.0077356281690299,0.0041719572618603,0.0255021173506975,0.0172324627637863,-0.0338873490691185,0.0117096211761236,-0.0068018417805433,0.0528767220675945,0.0081912260502576,-0.0275742597877979,0.0031965617090463,0.0150081207975745,0.0155336782336235,0.009968533180654,0.0095939468592405,-0.0074545326642692,0.027597015723586,0.0100762024521827,0.0002533144433982,0.0477957800030708,0.0024063126184046,-0.0110061578452587,0.014908405020833,-0.0171959213912487,0.0011203328613191,-0.0367352403700351,0.0037304533179849,-0.0191299673169851,-0.0084241861477494,0.0006556058069691,0.0047475919127464,-0.0123025709763169,-0.0065903854556381,-0.0130367670208215,0.001001399825327,-0.0180723201483488,-0.0026259731967002,0.0110392430797219,0.0125376125797629,-0.0073057292029261,-0.0001238501281477,-0.0086164139211177,-0.0099071580916643,-0.0296861380338668,-0.0060036992654204,-0.0082913050428032,0.0084308311343193,-0.028484733775258,-0.004991284571588,0.0352913439273834,-0.009405568242073,-0.0037327534519135,0.0063299154862761,-0.0015628426335752,-0.0022644395940005,0.03316355869174,-0.0031521876808255,-0.0109336534515023,-0.0263090599328279,0.0215863604098558,-0.0040270872414112,0.0027687039691954,0.0114778261631727,0.0109414840117096,-0.0167634170502424,-0.0402930751442909,0.0296393726021051,-0.0156249459832906,0.0057317148894071,0.0064110173843801,0.0094984807074069,0.0208692848682403,-0.0033872367348521,-0.0032003263477236,-0.0037964135408401,-0.0294950436800718,0.0125756033716513,-0.0270845748219494,0.0261003318907546,-0.0233883546718818,0.0463874250357629,-0.0321213757972251,0.0618104059153781,0.0269663407248552,0.0426861869055452,0.123310101012819,0.0885924212119613,0.0180450387853265,2019-02-14,2019-02-15,2019-02-19,2019-02-20,2019-02-21,2019-02-22,2019-02-25,2019-02-26,2019-02-27,2019-02-28,19166.0,2019-02-13,252.0,2.4678%,0.0,1.1216,0.2663,0.461,1.3893%,1.7799%,39.0755%,0.020957,FMC,19166.0,2019-02-14,252.0,-0.3796%,0.0002,1.1244,0.2676,0.4548,1.3635%,1.7624%,40.1441%,-0.000252,FMC,19166.0,2019-02-15,252.0,1.6434%,0.0001,1.1071,0.2521,0.4266,1.3567%,1.7460%,39.6214%,0.000776,FMC,19166.0,2019-02-19,252.0,1.3357%,0.0002,1.1123,0.2529,0.4271,1.3561%,1.7479%,39.8038%,0.009142,FMC,19166.0,2019-02-20,252.0,1.1100%,0.0003,1.1162,0.2722,0.4438,1.3478%,1.7435%,40.2381%,0.0059809999999999,FMC,19166.0,2019-02-21,252.0,0.8576%,0.0003,1.1171,0.2769,0.4452,1.3487%,1.7442%,40.2066%,0.013817,FMC,19166.0,2019-02-22,252.0,0.3515%,0.0004,1.1161,0.2988,0.4537,1.3449%,1.7408%,40.3086%,0.0011749999999999,FMC,19166.0,2019-02-25,252.0,0.9603%,0.0003,1.1182,0.2964,0.4604,1.3411%,1.7385%,40.4929%,0.009423,FMC,19166.0,2019-02-26,252.0,-0.8729%,0.0003,1.1128,0.3071,0.4618,1.3397%,1.7318%,40.1588%,-0.003623,FMC,19166.0,2019-02-27,252.0,1.1741%,0.0005,1.1287,0.282,0.4644,1.3226%,1.7264%,41.3072%,0.01061,FMC,19166.0,2019-02-28,252.0,-0.1339%,0.0005,1.1288,0.2822,0.4639,1.3227%,1.7244%,41.1666%,0.003165,FMC,0.020705,0.021481,0.030623,0.0504209999999999,0.071171
22323,FIDELITY NATIONAL FINL INC NEW,Fidelity National Financial Raises Quarterly Dividend From $0.30 To $0.41/Share,6,increase,0.8,0.6,"raising the quarterly dividend typically signals financial strength and can attract more investors, likely leading to an increase in stock price.",2,2019-02-13,FNF,2019-02-13 22:38:00+00:00,90925.0,31620R30,0.012225579470396,1722803.0,-0.0249794088304042,0.0160927027463913,-0.0213964562863111,0.0094043323770165,-0.0028768260963261,0.0089132087305188,0.0072129257023334,-0.0051487502641975,-0.0180464349687099,0.0080737825483083,0.0247958675026893,-0.0172853674739599,-0.00654709758237,-0.0304945204406976,-0.0146132409572601,0.0066372146829962,0.0130852218717336,0.0140213128179311,0.007175660226494,0.0168235003948211,0.0079794460907578,-0.0025597312487661,-0.0149844158440828,0.0014240739401429,0.0057405498810112,0.0100691113620996,0.0,0.006660861428827,0.0022830483503639,0.0114235328510403,0.0042711142450571,-0.0084229139611125,0.0008505465812049,0.009085620753467,-0.0033994033001363,-0.0037956517189741,0.0048322388902306,0.0029282129835337,0.0016973126912489,0.0055948896333575,-0.0008546661119908,0.0008841372909955,0.0028513965662568,-0.0023521911352872,-0.023030923679471,0.0327967815101146,0.0017461454262956,0.0073417462408542,0.0287623982876539,0.0123876649886369,0.031629454344511,0.0003098555316682,0.0,0.0260648354887962,-0.00054750777781,0.0028689270839095,0.0202684663236141,-0.0022264532744884,-0.0107382964342832,0.0106075191870331,-0.0081410920247435,-0.0028846201021224,0.0413133278489112,0.0054785716347396,-0.0081450697034597,0.0483108200132846,-0.0060927029699087,-0.0266359578818082,0.0125266844406724,0.0019769181963056,0.0026322314515709,-0.0058958502486348,0.0034129973500967,-0.0261562895029783,-0.0172684416174888,0.0077145537361502,0.0194355566054582,-0.0130076091736555,0.007834923453629,-0.0159225203096866,0.0054418006911873,0.0065379785373806,0.0012886401964351,0.0053207562305033,0.0072072744369506,-0.0086875203996896,-0.0051111872307956,-0.0080025279894471,-0.0002569261705502,-0.0193178206682205,-0.0069372211582958,0.0131498556584119,0.005433352664113,-0.0273646097630262,0.003087980672717,0.0005952517385594,0.0187275409698486,0.0126581722870469,0.020901583135128,-0.0110282842069864,-0.034040480852127,0.0383781418204307,0.0201736707240343,-0.0273931305855512,-0.0102628245949745,0.0278465822339057,0.0002528659824747,-0.0101072527468204,-0.0007585026323795,0.0108359847217798,-0.00379558512941,-0.00061882607406,-0.0012699832441285,-0.0088930055499076,-0.0099186012521386,0.0027675323653966,0.0015412630746141,0.006811183411628,0.0094895847141742,-0.0101134479045867,-0.0249794088304042,0.0160927027463912,-0.0458413942876178,0.0256483762488795,-0.0485863426645652,0.0347901943105035,-0.059017334564731,0.0377739729215627,-0.036782873952909,0.026233305500273,0.020462643114371,0.1568627782524161,0.0899704707420054,0.1133034259279117,2019-02-14,2019-02-15,2019-02-19,2019-02-20,2019-02-21,2019-02-22,2019-02-25,2019-02-26,2019-02-27,2019-02-28,90925.0,2019-02-13,252.0,1.2226%,-0.0001,0.7684,-0.0367,0.1144,1.1709%,1.4124%,31.2793%,0.009919,FNF,90925.0,2019-02-14,252.0,-2.4979%,-0.0002,0.7727,-0.0494,0.1298,1.1762%,1.4178%,31.1759%,-0.022612,FNF,90925.0,2019-02-15,252.0,-2.1396%,-0.0003,0.7666,-0.0582,0.1156,1.1869%,1.4238%,30.5043%,-0.030728,FNF,90925.0,2019-02-19,252.0,-0.2877%,-0.0004,0.7571,-0.0487,0.1271,1.1744%,1.4056%,30.1887%,-0.004611,FNF,90925.0,2019-02-20,252.0,0.7213%,-0.0003,0.76,-0.036,0.1389,1.1714%,1.4036%,30.3438%,0.005083,FNF,90925.0,2019-02-21,252.0,-1.8046%,-0.0003,0.7588,-0.0417,0.1368,1.1724%,1.4037%,30.2430%,-0.01504,FNF,90925.0,2019-02-22,252.0,2.4796%,-0.0004,0.7567,-0.0678,0.0885,1.1717%,1.4071%,30.6689%,0.022005,FNF,90925.0,2019-02-25,252.0,-0.6547%,-0.0004,0.7566,-0.0643,0.0899,1.1726%,1.4077%,30.6140%,-0.007799,FNF,90925.0,2019-02-26,252.0,-1.4613%,-0.0005,0.7557,-0.045,0.099,1.1749%,1.4061%,30.1909%,-0.0136169999999999,FNF,90925.0,2019-02-27,252.0,1.3085%,-0.0004,0.753,-0.0365,0.0985,1.1769%,1.4054%,29.8690%,0.012509,FNF,90925.0,2019-02-28,252.0,0.7176%,-0.0004,0.7551,-0.0347,0.0977,1.1777%,1.4062%,29.8589%,0.009664,FNF,-0.012693,-0.043421,-0.048032,-0.057989,-0.035227
22331,FIDELITY NATIONAL FINL INC NEW,"Fidelity National Financial shares are trading lower after the company reported Q4 EPS of $0.63, missing the $0.68 estimate and sales of $1.7 billion, missing the $1.9 billion estimate.",6,decrease,0.8,0.7,"the company missed both earnings and sales estimates, which typically leads to a negative reaction in stock prices.",0,2019-02-13,FNF,2019-02-13 22:18:00+00:00,90925.0,31620R30,0.012225579470396,1722803.0,-0.0249794088304042,0.0160927027463913,-0.0213964562863111,0.0094043323770165,-0.0028768260963261,0.0089132087305188,0.0072129257023334,-0.0051487502641975,-0.0180464349687099,0.0080737825483083,0.0247958675026893,-0.0172853674739599,-0.00654709758237,-0.0304945204406976,-0.0146132409572601,0.0066372146829962,0.0130852218717336,0.0140213128179311,0.007175660226494,0.0168235003948211,0.0079794460907578,-0.0025597312487661,-0.0149844158440828,0.0014240739401429,0.0057405498810112,0.0100691113620996,0.0,0.006660861428827,0.0022830483503639,0.0114235328510403,0.0042711142450571,-0.0084229139611125,0.0008505465812049,0.009085620753467,-0.0033994033001363,-0.0037956517189741,0.0048322388902306,0.0029282129835337,0.0016973126912489,0.0055948896333575,-0.0008546661119908,0.0008841372909955,0.0028513965662568,-0.0023521911352872,-0.023030923679471,0.0327967815101146,0.0017461454262956,0.0073417462408542,0.0287623982876539,0.0123876649886369,0.031629454344511,0.0003098555316682,0.0,0.0260648354887962,-0.00054750777781,0.0028689270839095,0.0202684663236141,-0.0022264532744884,-0.0107382964342832,0.0106075191870331,-0.0081410920247435,-0.0028846201021224,0.0413133278489112,0.0054785716347396,-0.0081450697034597,0.0483108200132846,-0.0060927029699087,-0.0266359578818082,0.0125266844406724,0.0019769181963056,0.0026322314515709,-0.0058958502486348,0.0034129973500967,-0.0261562895029783,-0.0172684416174888,0.0077145537361502,0.0194355566054582,-0.0130076091736555,0.007834923453629,-0.0159225203096866,0.0054418006911873,0.0065379785373806,0.0012886401964351,0.0053207562305033,0.0072072744369506,-0.0086875203996896,-0.0051111872307956,-0.0080025279894471,-0.0002569261705502,-0.0193178206682205,-0.0069372211582958,0.0131498556584119,0.005433352664113,-0.0273646097630262,0.003087980672717,0.0005952517385594,0.0187275409698486,0.0126581722870469,0.020901583135128,-0.0110282842069864,-0.034040480852127,0.0383781418204307,0.0201736707240343,-0.0273931305855512,-0.0102628245949745,0.0278465822339057,0.0002528659824747,-0.0101072527468204,-0.0007585026323795,0.0108359847217798,-0.00379558512941,-0.00061882607406,-0.0012699832441285,-0.0088930055499076,-0.0099186012521386,0.0027675323653966,0.0015412630746141,0.006811183411628,0.0094895847141742,-0.0101134479045867,-0.0249794088304042,0.0160927027463912,-0.0458413942876178,0.0256483762488795,-0.0485863426645652,0.0347901943105035,-0.059017334564731,0.0377739729215627,-0.036782873952909,0.026233305500273,0.020462643114371,0.1568627782524161,0.0899704707420054,0.1133034259279117,2019-02-14,2019-02-15,2019-02-19,2019-02-20,2019-02-21,2019-02-22,2019-02-25,2019-02-26,2019-02-27,2019-02-28,90925.0,2019-02-13,252.0,1.2226%,-0.0001,0.7684,-0.0367,0.1144,1.1709%,1.4124%,31.2793%,0.009919,FNF,90925.0,2019-02-14,252.0,-2.4979%,-0.0002,0.7727,-0.0494,0.1298,1.1762%,1.4178%,31.1759%,-0.022612,FNF,90925.0,2019-02-15,252.0,-2.1396%,-0.0003,0.7666,-0.0582,0.1156,1.1869%,1.4238%,30.5043%,-0.030728,FNF,90925.0,2019-02-19,252.0,-0.2877%,-0.0004,0.7571,-0.0487,0.1271,1.1744%,1.4056%,30.1887%,-0.004611,FNF,90925.0,2019-02-20,252.0,0.7213%,-0.0003,0.76,-0.036,0.1389,1.1714%,1.4036%,30.3438%,0.005083,FNF,90925.0,2019-02-21,252.0,-1.8046%,-0.0003,0.7588,-0.0417,0.1368,1.1724%,1.4037%,30.2430%,-0.01504,FNF,90925.0,2019-02-22,252.0,2.4796%,-0.0004,0.7567,-0.0678,0.0885,1.1717%,1.4071%,30.6689%,0.022005,FNF,90925.0,2019-02-25,252.0,-0.6547%,-0.0004,0.7566,-0.0643,0.0899,1.1726%,1.4077%,30.6140%,-0.007799,FNF,90925.0,2019-02-26,252.0,-1.4613%,-0.0005,0.7557,-0.045,0.099,1.1749%,1.4061%,30.1909%,-0.0136169999999999,FNF,90925.0,2019-02-27,252.0,1.3085%,-0.0004,0.753,-0.0365,0.0985,1.1769%,1.4054%,29.8690%,0.012509,FNF,90925.0,2019-02-28,252.0,0.7176%,-0.0004,0.7551,-0.0347,0.0977,1.1777%,1.4062%,29.8589%,0.009664,FNF,-0.012693,-0.043421,-0.048032,-0.057989,-0.035227
22339,FIDELITY NATIONAL FINL INC NEW,"Fidelity National Financial Q4 Adj. EPS $0.63 Misses $0.68 Estimate, Sales $1.7B Miss $1.9B Estimate",6,decrease,0.8,0.7,"the company reported lower-than-expected earnings and sales, which typically leads to a decrease in stock price as it indicates weaker financial performance.",0,2019-02-13,FNF,2019-02-13 22:08:00+00:00,90925.0,31620R30,0.012225579470396,1722803.0,-0.0249794088304042,0.0160927027463913,-0.0213964562863111,0.0094043323770165,-0.0028768260963261,0.0089132087305188,0.0072129257023334,-0.0051487502641975,-0.0180464349687099,0.0080737825483083,0.0247958675026893,-0.0172853674739599,-0.00654709758237,-0.0304945204406976,-0.0146132409572601,0.0066372146829962,0.0130852218717336,0.0140213128179311,0.007175660226494,0.0168235003948211,0.0079794460907578,-0.0025597312487661,-0.0149844158440828,0.0014240739401429,0.0057405498810112,0.0100691113620996,0.0,0.006660861428827,0.0022830483503639,0.0114235328510403,0.0042711142450571,-0.0084229139611125,0.0008505465812049,0.009085620753467,-0.0033994033001363,-0.0037956517189741,0.0048322388902306,0.0029282129835337,0.0016973126912489,0.0055948896333575,-0.0008546661119908,0.0008841372909955,0.0028513965662568,-0.0023521911352872,-0.023030923679471,0.0327967815101146,0.0017461454262956,0.0073417462408542,0.0287623982876539,0.0123876649886369,0.031629454344511,0.0003098555316682,0.0,0.0260648354887962,-0.00054750777781,0.0028689270839095,0.0202684663236141,-0.0022264532744884,-0.0107382964342832,0.0106075191870331,-0.0081410920247435,-0.0028846201021224,0.0413133278489112,0.0054785716347396,-0.0081450697034597,0.0483108200132846,-0.0060927029699087,-0.0266359578818082,0.0125266844406724,0.0019769181963056,0.0026322314515709,-0.0058958502486348,0.0034129973500967,-0.0261562895029783,-0.0172684416174888,0.0077145537361502,0.0194355566054582,-0.0130076091736555,0.007834923453629,-0.0159225203096866,0.0054418006911873,0.0065379785373806,0.0012886401964351,0.0053207562305033,0.0072072744369506,-0.0086875203996896,-0.0051111872307956,-0.0080025279894471,-0.0002569261705502,-0.0193178206682205,-0.0069372211582958,0.0131498556584119,0.005433352664113,-0.0273646097630262,0.003087980672717,0.0005952517385594,0.0187275409698486,0.0126581722870469,0.020901583135128,-0.0110282842069864,-0.034040480852127,0.0383781418204307,0.0201736707240343,-0.0273931305855512,-0.0102628245949745,0.0278465822339057,0.0002528659824747,-0.0101072527468204,-0.0007585026323795,0.0108359847217798,-0.00379558512941,-0.00061882607406,-0.0012699832441285,-0.0088930055499076,-0.0099186012521386,0.0027675323653966,0.0015412630746141,0.006811183411628,0.0094895847141742,-0.0101134479045867,-0.0249794088304042,0.0160927027463912,-0.0458413942876178,0.0256483762488795,-0.0485863426645652,0.0347901943105035,-0.059017334564731,0.0377739729215627,-0.036782873952909,0.026233305500273,0.020462643114371,0.1568627782524161,0.0899704707420054,0.1133034259279117,2019-02-14,2019-02-15,2019-02-19,2019-02-20,2019-02-21,2019-02-22,2019-02-25,2019-02-26,2019-02-27,2019-02-28,90925.0,2019-02-13,252.0,1.2226%,-0.0001,0.7684,-0.0367,0.1144,1.1709%,1.4124%,31.2793%,0.009919,FNF,90925.0,2019-02-14,252.0,-2.4979%,-0.0002,0.7727,-0.0494,0.1298,1.1762%,1.4178%,31.1759%,-0.022612,FNF,90925.0,2019-02-15,252.0,-2.1396%,-0.0003,0.7666,-0.0582,0.1156,1.1869%,1.4238%,30.5043%,-0.030728,FNF,90925.0,2019-02-19,252.0,-0.2877%,-0.0004,0.7571,-0.0487,0.1271,1.1744%,1.4056%,30.1887%,-0.004611,FNF,90925.0,2019-02-20,252.0,0.7213%,-0.0003,0.76,-0.036,0.1389,1.1714%,1.4036%,30.3438%,0.005083,FNF,90925.0,2019-02-21,252.0,-1.8046%,-0.0003,0.7588,-0.0417,0.1368,1.1724%,1.4037%,30.2430%,-0.01504,FNF,90925.0,2019-02-22,252.0,2.4796%,-0.0004,0.7567,-0.0678,0.0885,1.1717%,1.4071%,30.6689%,0.022005,FNF,90925.0,2019-02-25,252.0,-0.6547%,-0.0004,0.7566,-0.0643,0.0899,1.1726%,1.4077%,30.6140%,-0.007799,FNF,90925.0,2019-02-26,252.0,-1.4613%,-0.0005,0.7557,-0.045,0.099,1.1749%,1.4061%,30.1909%,-0.0136169999999999,FNF,90925.0,2019-02-27,252.0,1.3085%,-0.0004,0.753,-0.0365,0.0985,1.1769%,1.4054%,29.8690%,0.012509,FNF,90925.0,2019-02-28,252.0,0.7176%,-0.0004,0.7551,-0.0347,0.0977,1.1777%,1.4062%,29.8589%,0.009664,FNF,-0.012693,-0.043421,-0.048032,-0.057989,-0.035227
22347,FORRESTER RESEARCH INC,Forrester Sees Q1 Adj. EPS $(0.06)-$0.00,6,decrease,0.75,0.6,"the forecast of a negative adjusted eps indicates potential financial struggles, which typically leads to a decrease in stock price.",0,2019-02-13,FORR,2019-02-13 21:46:00+00:00,84210.0,34656310,0.0049366718158125,69808.0,0.0089705679565668,0.0163612570613622,0.0275190342217683,0.0059249605983495,0.0125669678673148,0.0108695169910788,0.008748734369874,0.0144015131518244,-0.0167406573891639,-0.0176835320889949,0.0118974735960364,-0.0011039796518161,-0.018244506791234,0.0195858348160982,-0.007020445074886,-0.0109107475727796,0.0099812755361199,0.0053727710619568,0.0335598327219486,0.0254820194095373,-0.0043824943713843,-0.0086480947211384,-0.0088034942746162,-0.0074542993679642,0.0028259868267923,-0.0029279519803822,-0.0221416763961315,0.0,-0.0020585074089467,-0.002471282845363,-0.0057755522429943,-0.0104491161182522,0.0280082672834396,0.0123790055513382,-0.0070635415613651,0.0058863968588411,-0.0054878140799701,0.0402731783688068,0.0047005834057927,0.0014150367351248,0.0097640268504619,-0.0046947640366852,0.0010072368895635,-0.0161662995815277,-0.0126785524189472,-0.0089265145361423,-0.0077456389553844,-0.0070454855449497,-0.0020542002748698,0.0080182924866676,-0.0121449185535311,0.051807265728712,0.010835519991815,-0.0104911457747221,0.0047413599677383,-0.033640619367361,-0.0004103499522898,-0.0290827564895153,0.0014367753174155,0.0133756548166275,-0.0090182917192578,0.0236713960766792,0.0229576136916875,-0.0096529116854071,-0.0173877999186515,0.0599268972873687,0.0067901611328125,0.0078566092997789,-0.0036787309218198,0.0079188244417309,0.0053332988172769,-0.0068812677636742,0.005917178466916,-0.0114188827574253,-0.0215009655803442,-0.0079537676647305,0.0279850419610738,-0.0237646661698818,-0.0096793612465262,-0.0116279069334268,-0.0012217750772833,-0.024500947445631,0.025484200567007,0.0135663403198123,-0.0097415084019303,-0.0106430742889642,-0.0016061399364843,-0.0111957006156444,-0.0002010521129705,0.0269026923924684,-0.0048270649276673,0.0125727802515029,0.0099030248820781,-0.0721538141369819,-0.0078046703711152,-0.0096277436241507,0.0006050580414012,-0.0147554166615009,0.0217697639018297,-0.0081539452075958,0.0005918839015066,0.0657308548688888,0.002760240342468,-0.0177281145006418,-0.0129767954349517,0.0527649074792861,0.0001991697499761,-0.0160961020737886,0.0258912425488233,0.0177665073424577,-0.0104833450168371,-0.0383847244083881,-0.0192269869148731,0.0461930781602859,-0.0094019044190645,-0.0064575364813208,0.0010096776532009,0.0368245095014572,0.0084729064255952,-0.0087698260322213,0.0089705679565668,0.0163612570613622,0.0367364635449205,0.0223831574631399,0.0497650973691632,0.0334959685645783,0.0412217073834799,0.0298408151987255,0.0721913943420267,0.0695591998117726,0.0420760623807974,0.0562230671098251,0.0677061516352746,0.1093685243731563,2019-02-14,2019-02-15,2019-02-19,2019-02-20,2019-02-21,2019-02-22,2019-02-25,2019-02-26,2019-02-27,2019-02-28,84210.0,2019-02-13,252.0,0.4937%,0.0007,0.8609,0.8708,0.4561,1.5872%,1.8444%,25.9499%,0.001583,FORR,84210.0,2019-02-14,252.0,0.8971%,0.0007,0.8584,0.8749,0.4527,1.5869%,1.8437%,25.9174%,0.008796,FORR,84210.0,2019-02-15,252.0,2.7519%,0.0008,0.8789,0.8947,0.4879,1.5860%,1.8512%,26.6000%,0.013359,FORR,84210.0,2019-02-19,252.0,1.2567%,0.0008,0.8758,0.9044,0.4991,1.5840%,1.8483%,26.5541%,0.006739,FORR,84210.0,2019-02-20,252.0,0.8749%,0.0008,0.8752,0.8985,0.4957,1.5827%,1.8466%,26.5456%,0.00225,FORR,84210.0,2019-02-21,252.0,-1.6741%,0.0008,0.8715,0.8881,0.4891,1.5804%,1.8414%,26.3364%,-0.011833,FORR,84210.0,2019-02-22,252.0,1.1897%,0.0008,0.8706,0.8854,0.4753,1.5810%,1.8421%,26.3356%,0.008437,FORR,84210.0,2019-02-25,252.0,-1.8245%,0.0008,0.87,0.8933,0.4774,1.5844%,1.8455%,26.2976%,-0.016493,FORR,84210.0,2019-02-26,252.0,-0.7020%,0.0007,0.8664,0.8957,0.4759,1.5840%,1.8438%,26.1953%,0.001564,FORR,84210.0,2019-02-27,252.0,0.9981%,0.0008,0.8733,0.8855,0.4771,1.5817%,1.8435%,26.3873%,0.007971,FORR,84210.0,2019-02-28,252.0,3.3560%,0.001,0.8669,0.8823,0.4639,1.5981%,1.8537%,25.6753%,0.037183,FORR,0.010379,0.023738,0.030477,0.020894,0.059556
22355,FORRESTER RESEARCH INC,"Forrester Sees Q1 EPS $(0.80)-$(0.74), Sales $95M-$100M vs $81.7M Estimate",6,decrease,0.75,0.6,"the projected eps loss and lower-than-expected sales guidance suggest financial underperformance, which is likely to negatively impact investor sentiment and lead to a decrease in stock price.",0,2019-02-13,FORR,2019-02-13 21:46:00+00:00,84210.0,34656310,0.0049366718158125,69808.0,0.0089705679565668,0.0163612570613622,0.0275190342217683,0.0059249605983495,0.0125669678673148,0.0108695169910788,0.008748734369874,0.0144015131518244,-0.0167406573891639,-0.0176835320889949,0.0118974735960364,-0.0011039796518161,-0.018244506791234,0.0195858348160982,-0.007020445074886,-0.0109107475727796,0.0099812755361199,0.0053727710619568,0.0335598327219486,0.0254820194095373,-0.0043824943713843,-0.0086480947211384,-0.0088034942746162,-0.0074542993679642,0.0028259868267923,-0.0029279519803822,-0.0221416763961315,0.0,-0.0020585074089467,-0.002471282845363,-0.0057755522429943,-0.0104491161182522,0.0280082672834396,0.0123790055513382,-0.0070635415613651,0.0058863968588411,-0.0054878140799701,0.0402731783688068,0.0047005834057927,0.0014150367351248,0.0097640268504619,-0.0046947640366852,0.0010072368895635,-0.0161662995815277,-0.0126785524189472,-0.0089265145361423,-0.0077456389553844,-0.0070454855449497,-0.0020542002748698,0.0080182924866676,-0.0121449185535311,0.051807265728712,0.010835519991815,-0.0104911457747221,0.0047413599677383,-0.033640619367361,-0.0004103499522898,-0.0290827564895153,0.0014367753174155,0.0133756548166275,-0.0090182917192578,0.0236713960766792,0.0229576136916875,-0.0096529116854071,-0.0173877999186515,0.0599268972873687,0.0067901611328125,0.0078566092997789,-0.0036787309218198,0.0079188244417309,0.0053332988172769,-0.0068812677636742,0.005917178466916,-0.0114188827574253,-0.0215009655803442,-0.0079537676647305,0.0279850419610738,-0.0237646661698818,-0.0096793612465262,-0.0116279069334268,-0.0012217750772833,-0.024500947445631,0.025484200567007,0.0135663403198123,-0.0097415084019303,-0.0106430742889642,-0.0016061399364843,-0.0111957006156444,-0.0002010521129705,0.0269026923924684,-0.0048270649276673,0.0125727802515029,0.0099030248820781,-0.0721538141369819,-0.0078046703711152,-0.0096277436241507,0.0006050580414012,-0.0147554166615009,0.0217697639018297,-0.0081539452075958,0.0005918839015066,0.0657308548688888,0.002760240342468,-0.0177281145006418,-0.0129767954349517,0.0527649074792861,0.0001991697499761,-0.0160961020737886,0.0258912425488233,0.0177665073424577,-0.0104833450168371,-0.0383847244083881,-0.0192269869148731,0.0461930781602859,-0.0094019044190645,-0.0064575364813208,0.0010096776532009,0.0368245095014572,0.0084729064255952,-0.0087698260322213,0.0089705679565668,0.0163612570613622,0.0367364635449205,0.0223831574631399,0.0497650973691632,0.0334959685645783,0.0412217073834799,0.0298408151987255,0.0721913943420267,0.0695591998117726,0.0420760623807974,0.0562230671098251,0.0677061516352746,0.1093685243731563,2019-02-14,2019-02-15,2019-02-19,2019-02-20,2019-02-21,2019-02-22,2019-02-25,2019-02-26,2019-02-27,2019-02-28,84210.0,2019-02-13,252.0,0.4937%,0.0007,0.8609,0.8708,0.4561,1.5872%,1.8444%,25.9499%,0.001583,FORR,84210.0,2019-02-14,252.0,0.8971%,0.0007,0.8584,0.8749,0.4527,1.5869%,1.8437%,25.9174%,0.008796,FORR,84210.0,2019-02-15,252.0,2.7519%,0.0008,0.8789,0.8947,0.4879,1.5860%,1.8512%,26.6000%,0.013359,FORR,84210.0,2019-02-19,252.0,1.2567%,0.0008,0.8758,0.9044,0.4991,1.5840%,1.8483%,26.5541%,0.006739,FORR,84210.0,2019-02-20,252.0,0.8749%,0.0008,0.8752,0.8985,0.4957,1.5827%,1.8466%,26.5456%,0.00225,FORR,84210.0,2019-02-21,252.0,-1.6741%,0.0008,0.8715,0.8881,0.4891,1.5804%,1.8414%,26.3364%,-0.011833,FORR,84210.0,2019-02-22,252.0,1.1897%,0.0008,0.8706,0.8854,0.4753,1.5810%,1.8421%,26.3356%,0.008437,FORR,84210.0,2019-02-25,252.0,-1.8245%,0.0008,0.87,0.8933,0.4774,1.5844%,1.8455%,26.2976%,-0.016493,FORR,84210.0,2019-02-26,252.0,-0.7020%,0.0007,0.8664,0.8957,0.4759,1.5840%,1.8438%,26.1953%,0.001564,FORR,84210.0,2019-02-27,252.0,0.9981%,0.0008,0.8733,0.8855,0.4771,1.5817%,1.8435%,26.3873%,0.007971,FORR,84210.0,2019-02-28,252.0,3.3560%,0.001,0.8669,0.8823,0.4639,1.5981%,1.8537%,25.6753%,0.037183,FORR,0.010379,0.023738,0.030477,0.020894,0.059556
22363,FORRESTER RESEARCH INC,"Forrester Research Q4 EPS $0.52 Beats $0.51 Estimate, Sales $98.583M Beat $96.45M Estimate",6,increase,0.8,0.6,"the company reported better-than-expected earnings and sales, which typically boosts investor confidence and can lead to an increase in stock price.",2,2019-02-13,FORR,2019-02-13 21:45:00+00:00,84210.0,34656310,0.0049366718158125,69808.0,0.0089705679565668,0.0163612570613622,0.0275190342217683,0.0059249605983495,0.0125669678673148,0.0108695169910788,0.008748734369874,0.0144015131518244,-0.0167406573891639,-0.0176835320889949,0.0118974735960364,-0.0011039796518161,-0.018244506791234,0.0195858348160982,-0.007020445074886,-0.0109107475727796,0.0099812755361199,0.0053727710619568,0.0335598327219486,0.0254820194095373,-0.0043824943713843,-0.0086480947211384,-0.0088034942746162,-0.0074542993679642,0.0028259868267923,-0.0029279519803822,-0.0221416763961315,0.0,-0.0020585074089467,-0.002471282845363,-0.0057755522429943,-0.0104491161182522,0.0280082672834396,0.0123790055513382,-0.0070635415613651,0.0058863968588411,-0.0054878140799701,0.0402731783688068,0.0047005834057927,0.0014150367351248,0.0097640268504619,-0.0046947640366852,0.0010072368895635,-0.0161662995815277,-0.0126785524189472,-0.0089265145361423,-0.0077456389553844,-0.0070454855449497,-0.0020542002748698,0.0080182924866676,-0.0121449185535311,0.051807265728712,0.010835519991815,-0.0104911457747221,0.0047413599677383,-0.033640619367361,-0.0004103499522898,-0.0290827564895153,0.0014367753174155,0.0133756548166275,-0.0090182917192578,0.0236713960766792,0.0229576136916875,-0.0096529116854071,-0.0173877999186515,0.0599268972873687,0.0067901611328125,0.0078566092997789,-0.0036787309218198,0.0079188244417309,0.0053332988172769,-0.0068812677636742,0.005917178466916,-0.0114188827574253,-0.0215009655803442,-0.0079537676647305,0.0279850419610738,-0.0237646661698818,-0.0096793612465262,-0.0116279069334268,-0.0012217750772833,-0.024500947445631,0.025484200567007,0.0135663403198123,-0.0097415084019303,-0.0106430742889642,-0.0016061399364843,-0.0111957006156444,-0.0002010521129705,0.0269026923924684,-0.0048270649276673,0.0125727802515029,0.0099030248820781,-0.0721538141369819,-0.0078046703711152,-0.0096277436241507,0.0006050580414012,-0.0147554166615009,0.0217697639018297,-0.0081539452075958,0.0005918839015066,0.0657308548688888,0.002760240342468,-0.0177281145006418,-0.0129767954349517,0.0527649074792861,0.0001991697499761,-0.0160961020737886,0.0258912425488233,0.0177665073424577,-0.0104833450168371,-0.0383847244083881,-0.0192269869148731,0.0461930781602859,-0.0094019044190645,-0.0064575364813208,0.0010096776532009,0.0368245095014572,0.0084729064255952,-0.0087698260322213,0.0089705679565668,0.0163612570613622,0.0367364635449205,0.0223831574631399,0.0497650973691632,0.0334959685645783,0.0412217073834799,0.0298408151987255,0.0721913943420267,0.0695591998117726,0.0420760623807974,0.0562230671098251,0.0677061516352746,0.1093685243731563,2019-02-14,2019-02-15,2019-02-19,2019-02-20,2019-02-21,2019-02-22,2019-02-25,2019-02-26,2019-02-27,2019-02-28,84210.0,2019-02-13,252.0,0.4937%,0.0007,0.8609,0.8708,0.4561,1.5872%,1.8444%,25.9499%,0.001583,FORR,84210.0,2019-02-14,252.0,0.8971%,0.0007,0.8584,0.8749,0.4527,1.5869%,1.8437%,25.9174%,0.008796,FORR,84210.0,2019-02-15,252.0,2.7519%,0.0008,0.8789,0.8947,0.4879,1.5860%,1.8512%,26.6000%,0.013359,FORR,84210.0,2019-02-19,252.0,1.2567%,0.0008,0.8758,0.9044,0.4991,1.5840%,1.8483%,26.5541%,0.006739,FORR,84210.0,2019-02-20,252.0,0.8749%,0.0008,0.8752,0.8985,0.4957,1.5827%,1.8466%,26.5456%,0.00225,FORR,84210.0,2019-02-21,252.0,-1.6741%,0.0008,0.8715,0.8881,0.4891,1.5804%,1.8414%,26.3364%,-0.011833,FORR,84210.0,2019-02-22,252.0,1.1897%,0.0008,0.8706,0.8854,0.4753,1.5810%,1.8421%,26.3356%,0.008437,FORR,84210.0,2019-02-25,252.0,-1.8245%,0.0008,0.87,0.8933,0.4774,1.5844%,1.8455%,26.2976%,-0.016493,FORR,84210.0,2019-02-26,252.0,-0.7020%,0.0007,0.8664,0.8957,0.4759,1.5840%,1.8438%,26.1953%,0.001564,FORR,84210.0,2019-02-27,252.0,0.9981%,0.0008,0.8733,0.8855,0.4771,1.5817%,1.8435%,26.3873%,0.007971,FORR,84210.0,2019-02-28,252.0,3.3560%,0.001,0.8669,0.8823,0.4639,1.5981%,1.8537%,25.6753%,0.037183,FORR,0.010379,0.023738,0.030477,0.020894,0.059556
22371,FOSSIL GROUP INC,"Fossil Group shares are trading lower after the company reported Q4 EPS of $1.01, missing the $1.11 estimate and Q4 sales of $787 million, missing the $809.83 million estimate; The company sees Q1 sales guidance down 16%-22% year over year.",6,decrease,0.85,0.7,"the company's earnings and sales missed estimates, and the negative sales guidance for q1 suggests ongoing challenges, likely leading to a decrease in stock price.",0,2019-02-13,FOSL,2019-02-13 21:08:00+00:00,79089.0,34988V10,-0.0271436553448438,3937758.0,-0.0329740308225154,0.0207807905972003,-0.02426228672266,0.0365535542368888,-0.0080645084381103,-0.005194800440222,0.0081300735473632,0.010498677380383,0.0181451272219419,-0.0966212823987007,0.0528052933514118,0.0,0.0294671021401882,0.0047647361643612,-0.0456760041415691,-0.010023477487266,0.012125052511692,-0.0213503073900938,-0.0138713316991925,-0.0057372562587261,0.0223784800618886,-0.0034305013250559,-0.0200124885886907,0.0,-0.022335696965456,0.0145011600106954,-0.046997345983982,0.0040768603794276,0.0068492759019136,0.01597635820508,-0.0013605104759335,-0.0611111335456371,0.0061308005824685,0.0,-0.0081246336922049,0.0332950577139854,0.013651929795742,0.0127906575798988,0.0127945840358734,0.0,-0.0259308740496635,-0.0282485857605934,0.044368639588356,0.0308678317815065,-0.0254902187734842,-0.0977404415607452,-0.0335345417261123,0.0181915536522865,0.0111033897846937,0.0482333488762378,-0.0473575554788112,0.0806060582399368,0.0136887300759553,0.0735198482871055,0.0135039472952485,-0.0740964114665985,0.0,0.0553083829581737,-0.0105189736932516,-0.0308071486651897,-0.0276399292051792,0.0175548419356346,0.0174926947802305,0.0363872274756431,-0.0042980243451893,0.1274725794792175,0.0230216309428215,-0.1019736975431442,0.0218002442270517,0.0013174903579056,-0.0543702654540538,-0.0931899324059486,-0.0101891839876771,0.0102595100179314,0.003676414489746,0.0474083460867404,-0.0212454181164503,-0.0037783640436828,-0.0104789966717362,-0.0068792779929935,0.0022692687343806,-0.0599647536873817,-0.0158490594476461,0.0047253351658582,0.0053680748678743,0.0101432027295231,-0.00305110309273,-0.0466438978910446,0.0,-0.0624000057578086,-0.0145370764657855,-0.0573152042925357,0.0077639305964112,-0.0386660769581794,0.0392912365496158,0.0703569874167442,-0.0081541631370782,0.0168332289904356,-0.0171898733824491,0.0173936728388071,0.0326996445655822,-0.0199318677186965,-0.037555243819952,-0.1091121062636375,-0.0153022045269608,0.0667996108531951,0.0097125098109245,0.0297741238027811,0.0380915664136409,0.03727363422513,0.0051890769973397,-0.0471840910613536,-0.0855457782745361,0.0406546220183372,0.0338709764182567,-0.0109660094603896,0.1318253129720688,0.0251605622470378,-0.0041351080872118,-0.0255607608705759,-0.0329740308225154,0.0207807905972003,-0.0564362921549578,0.0580939565902693,-0.0640456696387689,0.052597369638778,-0.0393152085740328,-0.0391228080860446,-0.0082435091930648,-0.0699943335028648,-0.1052632085458988,-0.0012323224825553,-0.083703270953695,-0.1544079916106449,2019-02-14,2019-02-15,2019-02-19,2019-02-20,2019-02-21,2019-02-22,2019-02-25,2019-02-26,2019-02-27,2019-02-28,79089.0,2019-02-13,252.0,-2.7144%,0.0045,2.334,3.1949,1.9989,6.5434%,7.0709%,14.3639%,-0.037114,FOSL,79089.0,2019-02-14,252.0,-3.2974%,0.0041,2.3383,3.172,2.0316,6.5334%,7.0597%,14.3524%,-0.033193,FOSL,79089.0,2019-02-15,252.0,-2.4262%,0.0002,1.6075,2.5073,0.8338,3.9174%,4.4006%,20.7556%,-0.068467,FOSL,79089.0,2019-02-19,252.0,-0.8065%,0.0005,1.6335,2.4516,0.7689,3.8716%,4.3673%,21.4110%,-0.020991,FOSL,79089.0,2019-02-20,252.0,0.8130%,0.0007,1.6392,2.4976,0.798,3.8419%,4.3478%,21.9190%,-0.004696,FOSL,79089.0,2019-02-21,252.0,1.8145%,0.001,1.6192,2.4628,0.7611,3.8380%,4.3330%,21.5404%,0.027694,FOSL,79089.0,2019-02-22,252.0,5.2805%,0.0011,1.6134,2.4764,0.7039,3.8456%,4.3446%,21.6524%,0.039824,FOSL,79089.0,2019-02-25,252.0,2.9467%,0.0014,1.6091,2.4556,0.6773,3.8449%,4.3418%,21.5816%,0.034653,FOSL,79089.0,2019-02-26,252.0,-4.5676%,0.0013,1.6088,2.493,0.6959,3.8480%,4.3495%,21.7305%,-0.0252499999999999,FOSL,79089.0,2019-02-27,252.0,1.2125%,0.0012,1.6038,2.5034,0.6951,3.8475%,4.3488%,21.7280%,0.006676,FOSL,79089.0,2019-02-28,252.0,-1.3871%,0.0012,1.5993,2.5,0.6939,3.8471%,4.3437%,21.5576%,-0.007762,FOSL,-0.070307,-0.138774,-0.159765,-0.136767,-0.088626
22379,FOSSIL GROUP INC,"Fossil Sees Q1 Sales Down 16-22% Year Over Year, Loss $18M-$30M; Sees FY19 Sales Down 7-12% YoY, Earnings $0-$60M",6,decrease,0.85,0.7,"the significant decline in sales and projected losses indicate poor financial performance, which is likely to negatively impact investor sentiment and lead to a decrease in stock price.",0,2019-02-13,FOSL,2019-02-13 21:07:00+00:00,79089.0,34988V10,-0.0271436553448438,3937758.0,-0.0329740308225154,0.0207807905972003,-0.02426228672266,0.0365535542368888,-0.0080645084381103,-0.005194800440222,0.0081300735473632,0.010498677380383,0.0181451272219419,-0.0966212823987007,0.0528052933514118,0.0,0.0294671021401882,0.0047647361643612,-0.0456760041415691,-0.010023477487266,0.012125052511692,-0.0213503073900938,-0.0138713316991925,-0.0057372562587261,0.0223784800618886,-0.0034305013250559,-0.0200124885886907,0.0,-0.022335696965456,0.0145011600106954,-0.046997345983982,0.0040768603794276,0.0068492759019136,0.01597635820508,-0.0013605104759335,-0.0611111335456371,0.0061308005824685,0.0,-0.0081246336922049,0.0332950577139854,0.013651929795742,0.0127906575798988,0.0127945840358734,0.0,-0.0259308740496635,-0.0282485857605934,0.044368639588356,0.0308678317815065,-0.0254902187734842,-0.0977404415607452,-0.0335345417261123,0.0181915536522865,0.0111033897846937,0.0482333488762378,-0.0473575554788112,0.0806060582399368,0.0136887300759553,0.0735198482871055,0.0135039472952485,-0.0740964114665985,0.0,0.0553083829581737,-0.0105189736932516,-0.0308071486651897,-0.0276399292051792,0.0175548419356346,0.0174926947802305,0.0363872274756431,-0.0042980243451893,0.1274725794792175,0.0230216309428215,-0.1019736975431442,0.0218002442270517,0.0013174903579056,-0.0543702654540538,-0.0931899324059486,-0.0101891839876771,0.0102595100179314,0.003676414489746,0.0474083460867404,-0.0212454181164503,-0.0037783640436828,-0.0104789966717362,-0.0068792779929935,0.0022692687343806,-0.0599647536873817,-0.0158490594476461,0.0047253351658582,0.0053680748678743,0.0101432027295231,-0.00305110309273,-0.0466438978910446,0.0,-0.0624000057578086,-0.0145370764657855,-0.0573152042925357,0.0077639305964112,-0.0386660769581794,0.0392912365496158,0.0703569874167442,-0.0081541631370782,0.0168332289904356,-0.0171898733824491,0.0173936728388071,0.0326996445655822,-0.0199318677186965,-0.037555243819952,-0.1091121062636375,-0.0153022045269608,0.0667996108531951,0.0097125098109245,0.0297741238027811,0.0380915664136409,0.03727363422513,0.0051890769973397,-0.0471840910613536,-0.0855457782745361,0.0406546220183372,0.0338709764182567,-0.0109660094603896,0.1318253129720688,0.0251605622470378,-0.0041351080872118,-0.0255607608705759,-0.0329740308225154,0.0207807905972003,-0.0564362921549578,0.0580939565902693,-0.0640456696387689,0.052597369638778,-0.0393152085740328,-0.0391228080860446,-0.0082435091930648,-0.0699943335028648,-0.1052632085458988,-0.0012323224825553,-0.083703270953695,-0.1544079916106449,2019-02-14,2019-02-15,2019-02-19,2019-02-20,2019-02-21,2019-02-22,2019-02-25,2019-02-26,2019-02-27,2019-02-28,79089.0,2019-02-13,252.0,-2.7144%,0.0045,2.334,3.1949,1.9989,6.5434%,7.0709%,14.3639%,-0.037114,FOSL,79089.0,2019-02-14,252.0,-3.2974%,0.0041,2.3383,3.172,2.0316,6.5334%,7.0597%,14.3524%,-0.033193,FOSL,79089.0,2019-02-15,252.0,-2.4262%,0.0002,1.6075,2.5073,0.8338,3.9174%,4.4006%,20.7556%,-0.068467,FOSL,79089.0,2019-02-19,252.0,-0.8065%,0.0005,1.6335,2.4516,0.7689,3.8716%,4.3673%,21.4110%,-0.020991,FOSL,79089.0,2019-02-20,252.0,0.8130%,0.0007,1.6392,2.4976,0.798,3.8419%,4.3478%,21.9190%,-0.004696,FOSL,79089.0,2019-02-21,252.0,1.8145%,0.001,1.6192,2.4628,0.7611,3.8380%,4.3330%,21.5404%,0.027694,FOSL,79089.0,2019-02-22,252.0,5.2805%,0.0011,1.6134,2.4764,0.7039,3.8456%,4.3446%,21.6524%,0.039824,FOSL,79089.0,2019-02-25,252.0,2.9467%,0.0014,1.6091,2.4556,0.6773,3.8449%,4.3418%,21.5816%,0.034653,FOSL,79089.0,2019-02-26,252.0,-4.5676%,0.0013,1.6088,2.493,0.6959,3.8480%,4.3495%,21.7305%,-0.0252499999999999,FOSL,79089.0,2019-02-27,252.0,1.2125%,0.0012,1.6038,2.5034,0.6951,3.8475%,4.3488%,21.7280%,0.006676,FOSL,79089.0,2019-02-28,252.0,-1.3871%,0.0012,1.5993,2.5,0.6939,3.8471%,4.3437%,21.5576%,-0.007762,FOSL,-0.070307,-0.138774,-0.159765,-0.136767,-0.088626
22387,FOSSIL GROUP INC,"Fossil Group Q4 Adj. EPS $1.01 Misses $1.11 Estimate, Sales $787M Miss $809.83M Estimate",6,decrease,0.8,0.7,"the company's earnings and sales both missed analyst estimates, which typically leads to a negative reaction in stock prices.",0,2019-02-13,FOSL,2019-02-13 21:05:00+00:00,79089.0,34988V10,-0.0271436553448438,3937758.0,-0.0329740308225154,0.0207807905972003,-0.02426228672266,0.0365535542368888,-0.0080645084381103,-0.005194800440222,0.0081300735473632,0.010498677380383,0.0181451272219419,-0.0966212823987007,0.0528052933514118,0.0,0.0294671021401882,0.0047647361643612,-0.0456760041415691,-0.010023477487266,0.012125052511692,-0.0213503073900938,-0.0138713316991925,-0.0057372562587261,0.0223784800618886,-0.0034305013250559,-0.0200124885886907,0.0,-0.022335696965456,0.0145011600106954,-0.046997345983982,0.0040768603794276,0.0068492759019136,0.01597635820508,-0.0013605104759335,-0.0611111335456371,0.0061308005824685,0.0,-0.0081246336922049,0.0332950577139854,0.013651929795742,0.0127906575798988,0.0127945840358734,0.0,-0.0259308740496635,-0.0282485857605934,0.044368639588356,0.0308678317815065,-0.0254902187734842,-0.0977404415607452,-0.0335345417261123,0.0181915536522865,0.0111033897846937,0.0482333488762378,-0.0473575554788112,0.0806060582399368,0.0136887300759553,0.0735198482871055,0.0135039472952485,-0.0740964114665985,0.0,0.0553083829581737,-0.0105189736932516,-0.0308071486651897,-0.0276399292051792,0.0175548419356346,0.0174926947802305,0.0363872274756431,-0.0042980243451893,0.1274725794792175,0.0230216309428215,-0.1019736975431442,0.0218002442270517,0.0013174903579056,-0.0543702654540538,-0.0931899324059486,-0.0101891839876771,0.0102595100179314,0.003676414489746,0.0474083460867404,-0.0212454181164503,-0.0037783640436828,-0.0104789966717362,-0.0068792779929935,0.0022692687343806,-0.0599647536873817,-0.0158490594476461,0.0047253351658582,0.0053680748678743,0.0101432027295231,-0.00305110309273,-0.0466438978910446,0.0,-0.0624000057578086,-0.0145370764657855,-0.0573152042925357,0.0077639305964112,-0.0386660769581794,0.0392912365496158,0.0703569874167442,-0.0081541631370782,0.0168332289904356,-0.0171898733824491,0.0173936728388071,0.0326996445655822,-0.0199318677186965,-0.037555243819952,-0.1091121062636375,-0.0153022045269608,0.0667996108531951,0.0097125098109245,0.0297741238027811,0.0380915664136409,0.03727363422513,0.0051890769973397,-0.0471840910613536,-0.0855457782745361,0.0406546220183372,0.0338709764182567,-0.0109660094603896,0.1318253129720688,0.0251605622470378,-0.0041351080872118,-0.0255607608705759,-0.0329740308225154,0.0207807905972003,-0.0564362921549578,0.0580939565902693,-0.0640456696387689,0.052597369638778,-0.0393152085740328,-0.0391228080860446,-0.0082435091930648,-0.0699943335028648,-0.1052632085458988,-0.0012323224825553,-0.083703270953695,-0.1544079916106449,2019-02-14,2019-02-15,2019-02-19,2019-02-20,2019-02-21,2019-02-22,2019-02-25,2019-02-26,2019-02-27,2019-02-28,79089.0,2019-02-13,252.0,-2.7144%,0.0045,2.334,3.1949,1.9989,6.5434%,7.0709%,14.3639%,-0.037114,FOSL,79089.0,2019-02-14,252.0,-3.2974%,0.0041,2.3383,3.172,2.0316,6.5334%,7.0597%,14.3524%,-0.033193,FOSL,79089.0,2019-02-15,252.0,-2.4262%,0.0002,1.6075,2.5073,0.8338,3.9174%,4.4006%,20.7556%,-0.068467,FOSL,79089.0,2019-02-19,252.0,-0.8065%,0.0005,1.6335,2.4516,0.7689,3.8716%,4.3673%,21.4110%,-0.020991,FOSL,79089.0,2019-02-20,252.0,0.8130%,0.0007,1.6392,2.4976,0.798,3.8419%,4.3478%,21.9190%,-0.004696,FOSL,79089.0,2019-02-21,252.0,1.8145%,0.001,1.6192,2.4628,0.7611,3.8380%,4.3330%,21.5404%,0.027694,FOSL,79089.0,2019-02-22,252.0,5.2805%,0.0011,1.6134,2.4764,0.7039,3.8456%,4.3446%,21.6524%,0.039824,FOSL,79089.0,2019-02-25,252.0,2.9467%,0.0014,1.6091,2.4556,0.6773,3.8449%,4.3418%,21.5816%,0.034653,FOSL,79089.0,2019-02-26,252.0,-4.5676%,0.0013,1.6088,2.493,0.6959,3.8480%,4.3495%,21.7305%,-0.0252499999999999,FOSL,79089.0,2019-02-27,252.0,1.2125%,0.0012,1.6038,2.5034,0.6951,3.8475%,4.3488%,21.7280%,0.006676,FOSL,79089.0,2019-02-28,252.0,-1.3871%,0.0012,1.5993,2.5,0.6939,3.8471%,4.3437%,21.5576%,-0.007762,FOSL,-0.070307,-0.138774,-0.159765,-0.136767,-0.088626
22395,FOSSIL GROUP INC,"KeyBanc Notes 'Under Armour is one of the most compelling turnaround stories in our coverage'; Firm Notes 'Within our softlines coverage, UAA and FOSL are two turnarounds that have the ability to more than double EBIT LT'; Maintains Overweight",6,increase,0.7,0.6,"the positive commentary on fossil group inc's potential for turnaround and the maintenance of an overweight rating suggests investor confidence, likely leading to an increase in stock price.",2,2019-02-13,FOSL,2019-02-13 15:18:00+00:00,79089.0,34988V10,-0.0271436553448438,3937758.0,-0.0329740308225154,0.0207807905972003,-0.02426228672266,0.0365535542368888,-0.0080645084381103,-0.005194800440222,0.0081300735473632,0.010498677380383,0.0181451272219419,-0.0966212823987007,0.0528052933514118,0.0,0.0294671021401882,0.0047647361643612,-0.0456760041415691,-0.010023477487266,0.012125052511692,-0.0213503073900938,-0.0138713316991925,-0.0057372562587261,0.0223784800618886,-0.0034305013250559,-0.0200124885886907,0.0,-0.022335696965456,0.0145011600106954,-0.046997345983982,0.0040768603794276,0.0068492759019136,0.01597635820508,-0.0013605104759335,-0.0611111335456371,0.0061308005824685,0.0,-0.0081246336922049,0.0332950577139854,0.013651929795742,0.0127906575798988,0.0127945840358734,0.0,-0.0259308740496635,-0.0282485857605934,0.044368639588356,0.0308678317815065,-0.0254902187734842,-0.0977404415607452,-0.0335345417261123,0.0181915536522865,0.0111033897846937,0.0482333488762378,-0.0473575554788112,0.0806060582399368,0.0136887300759553,0.0735198482871055,0.0135039472952485,-0.0740964114665985,0.0,0.0553083829581737,-0.0105189736932516,-0.0308071486651897,-0.0276399292051792,0.0175548419356346,0.0174926947802305,0.0363872274756431,-0.0042980243451893,0.1274725794792175,0.0230216309428215,-0.1019736975431442,0.0218002442270517,0.0013174903579056,-0.0543702654540538,-0.0931899324059486,-0.0101891839876771,0.0102595100179314,0.003676414489746,0.0474083460867404,-0.0212454181164503,-0.0037783640436828,-0.0104789966717362,-0.0068792779929935,0.0022692687343806,-0.0599647536873817,-0.0158490594476461,0.0047253351658582,0.0053680748678743,0.0101432027295231,-0.00305110309273,-0.0466438978910446,0.0,-0.0624000057578086,-0.0145370764657855,-0.0573152042925357,0.0077639305964112,-0.0386660769581794,0.0392912365496158,0.0703569874167442,-0.0081541631370782,0.0168332289904356,-0.0171898733824491,0.0173936728388071,0.0326996445655822,-0.0199318677186965,-0.037555243819952,-0.1091121062636375,-0.0153022045269608,0.0667996108531951,0.0097125098109245,0.0297741238027811,0.0380915664136409,0.03727363422513,0.0051890769973397,-0.0471840910613536,-0.0855457782745361,0.0406546220183372,0.0338709764182567,-0.0109660094603896,0.1318253129720688,0.0251605622470378,-0.0041351080872118,-0.0255607608705759,-0.0329740308225154,0.0207807905972003,-0.0564362921549578,0.0580939565902693,-0.0640456696387689,0.052597369638778,-0.0393152085740328,-0.0391228080860446,-0.0082435091930648,-0.0699943335028648,-0.1052632085458988,-0.0012323224825553,-0.083703270953695,-0.1544079916106449,2019-02-14,2019-02-15,2019-02-19,2019-02-20,2019-02-21,2019-02-22,2019-02-25,2019-02-26,2019-02-27,2019-02-28,79089.0,2019-02-13,252.0,-2.7144%,0.0045,2.334,3.1949,1.9989,6.5434%,7.0709%,14.3639%,-0.037114,FOSL,79089.0,2019-02-14,252.0,-3.2974%,0.0041,2.3383,3.172,2.0316,6.5334%,7.0597%,14.3524%,-0.033193,FOSL,79089.0,2019-02-15,252.0,-2.4262%,0.0002,1.6075,2.5073,0.8338,3.9174%,4.4006%,20.7556%,-0.068467,FOSL,79089.0,2019-02-19,252.0,-0.8065%,0.0005,1.6335,2.4516,0.7689,3.8716%,4.3673%,21.4110%,-0.020991,FOSL,79089.0,2019-02-20,252.0,0.8130%,0.0007,1.6392,2.4976,0.798,3.8419%,4.3478%,21.9190%,-0.004696,FOSL,79089.0,2019-02-21,252.0,1.8145%,0.001,1.6192,2.4628,0.7611,3.8380%,4.3330%,21.5404%,0.027694,FOSL,79089.0,2019-02-22,252.0,5.2805%,0.0011,1.6134,2.4764,0.7039,3.8456%,4.3446%,21.6524%,0.039824,FOSL,79089.0,2019-02-25,252.0,2.9467%,0.0014,1.6091,2.4556,0.6773,3.8449%,4.3418%,21.5816%,0.034653,FOSL,79089.0,2019-02-26,252.0,-4.5676%,0.0013,1.6088,2.493,0.6959,3.8480%,4.3495%,21.7305%,-0.0252499999999999,FOSL,79089.0,2019-02-27,252.0,1.2125%,0.0012,1.6038,2.5034,0.6951,3.8475%,4.3488%,21.7280%,0.006676,FOSL,79089.0,2019-02-28,252.0,-1.3871%,0.0012,1.5993,2.5,0.6939,3.8471%,4.3437%,21.5576%,-0.007762,FOSL,-0.070307,-0.138774,-0.159765,-0.136767,-0.088626
22403,FOSSIL GROUP INC,Fossil Group's Q4 Earnings Preview,6,uncertain,0.5,0.5,the impact on fossil group's stock price is uncertain as it depends on the actual earnings results and market expectations.,1,2019-02-13,FOSL,2019-02-13 13:05:00+00:00,79089.0,34988V10,-0.0271436553448438,3937758.0,-0.0329740308225154,0.0207807905972003,-0.02426228672266,0.0365535542368888,-0.0080645084381103,-0.005194800440222,0.0081300735473632,0.010498677380383,0.0181451272219419,-0.0966212823987007,0.0528052933514118,0.0,0.0294671021401882,0.0047647361643612,-0.0456760041415691,-0.010023477487266,0.012125052511692,-0.0213503073900938,-0.0138713316991925,-0.0057372562587261,0.0223784800618886,-0.0034305013250559,-0.0200124885886907,0.0,-0.022335696965456,0.0145011600106954,-0.046997345983982,0.0040768603794276,0.0068492759019136,0.01597635820508,-0.0013605104759335,-0.0611111335456371,0.0061308005824685,0.0,-0.0081246336922049,0.0332950577139854,0.013651929795742,0.0127906575798988,0.0127945840358734,0.0,-0.0259308740496635,-0.0282485857605934,0.044368639588356,0.0308678317815065,-0.0254902187734842,-0.0977404415607452,-0.0335345417261123,0.0181915536522865,0.0111033897846937,0.0482333488762378,-0.0473575554788112,0.0806060582399368,0.0136887300759553,0.0735198482871055,0.0135039472952485,-0.0740964114665985,0.0,0.0553083829581737,-0.0105189736932516,-0.0308071486651897,-0.0276399292051792,0.0175548419356346,0.0174926947802305,0.0363872274756431,-0.0042980243451893,0.1274725794792175,0.0230216309428215,-0.1019736975431442,0.0218002442270517,0.0013174903579056,-0.0543702654540538,-0.0931899324059486,-0.0101891839876771,0.0102595100179314,0.003676414489746,0.0474083460867404,-0.0212454181164503,-0.0037783640436828,-0.0104789966717362,-0.0068792779929935,0.0022692687343806,-0.0599647536873817,-0.0158490594476461,0.0047253351658582,0.0053680748678743,0.0101432027295231,-0.00305110309273,-0.0466438978910446,0.0,-0.0624000057578086,-0.0145370764657855,-0.0573152042925357,0.0077639305964112,-0.0386660769581794,0.0392912365496158,0.0703569874167442,-0.0081541631370782,0.0168332289904356,-0.0171898733824491,0.0173936728388071,0.0326996445655822,-0.0199318677186965,-0.037555243819952,-0.1091121062636375,-0.0153022045269608,0.0667996108531951,0.0097125098109245,0.0297741238027811,0.0380915664136409,0.03727363422513,0.0051890769973397,-0.0471840910613536,-0.0855457782745361,0.0406546220183372,0.0338709764182567,-0.0109660094603896,0.1318253129720688,0.0251605622470378,-0.0041351080872118,-0.0255607608705759,-0.0329740308225154,0.0207807905972003,-0.0564362921549578,0.0580939565902693,-0.0640456696387689,0.052597369638778,-0.0393152085740328,-0.0391228080860446,-0.0082435091930648,-0.0699943335028648,-0.1052632085458988,-0.0012323224825553,-0.083703270953695,-0.1544079916106449,2019-02-14,2019-02-15,2019-02-19,2019-02-20,2019-02-21,2019-02-22,2019-02-25,2019-02-26,2019-02-27,2019-02-28,79089.0,2019-02-13,252.0,-2.7144%,0.0045,2.334,3.1949,1.9989,6.5434%,7.0709%,14.3639%,-0.037114,FOSL,79089.0,2019-02-14,252.0,-3.2974%,0.0041,2.3383,3.172,2.0316,6.5334%,7.0597%,14.3524%,-0.033193,FOSL,79089.0,2019-02-15,252.0,-2.4262%,0.0002,1.6075,2.5073,0.8338,3.9174%,4.4006%,20.7556%,-0.068467,FOSL,79089.0,2019-02-19,252.0,-0.8065%,0.0005,1.6335,2.4516,0.7689,3.8716%,4.3673%,21.4110%,-0.020991,FOSL,79089.0,2019-02-20,252.0,0.8130%,0.0007,1.6392,2.4976,0.798,3.8419%,4.3478%,21.9190%,-0.004696,FOSL,79089.0,2019-02-21,252.0,1.8145%,0.001,1.6192,2.4628,0.7611,3.8380%,4.3330%,21.5404%,0.027694,FOSL,79089.0,2019-02-22,252.0,5.2805%,0.0011,1.6134,2.4764,0.7039,3.8456%,4.3446%,21.6524%,0.039824,FOSL,79089.0,2019-02-25,252.0,2.9467%,0.0014,1.6091,2.4556,0.6773,3.8449%,4.3418%,21.5816%,0.034653,FOSL,79089.0,2019-02-26,252.0,-4.5676%,0.0013,1.6088,2.493,0.6959,3.8480%,4.3495%,21.7305%,-0.0252499999999999,FOSL,79089.0,2019-02-27,252.0,1.2125%,0.0012,1.6038,2.5034,0.6951,3.8475%,4.3488%,21.7280%,0.006676,FOSL,79089.0,2019-02-28,252.0,-1.3871%,0.0012,1.5993,2.5,0.6939,3.8471%,4.3437%,21.5576%,-0.007762,FOSL,-0.070307,-0.138774,-0.159765,-0.136767,-0.088626
22411,FIRST INDUSTRIAL REALTY TR INC,"First Industrial Realty Q4 EPS $0.40, NAREIT $0.42",6,decrease,0.7,0.6,"the reported eps of $0.40 is below the expected nareit eps of $0.42, which may lead to a negative reaction from investors.",0,2019-02-13,FR,2019-02-13 22:35:00+00:00,80683.0,32054K10,-0.003275777446106,738289.0,0.0101583553478121,0.0,0.0029576595406979,0.003586454084143,0.0076673054136335,-0.001492069219239,-0.0052676764316856,0.0191604997962713,-0.0023536870721727,-0.006646447815001,0.0082571152597665,0.0015128361992537,-0.003509767120704,0.0060883034020662,-0.004696209449321,0.003973021171987,-0.0088469255715608,0.0012240181677043,-0.0026777789462357,0.0108258109539747,0.0032816410530358,0.0103125572204589,0.0089205838739871,0.0050251209177076,0.0032419867347925,0.0146590508520603,-0.0035253448877483,-0.0019084406085312,-0.0044221025891602,0.0025510180275887,0.0059224390424788,0.0022371266968548,0.0203119982033968,0.0057859304361045,0.0002884686109609,0.0045205457136034,0.0025959087070077,0.0127534139901399,0.0037399618886411,0.0105750067159533,0.0,-0.0019788742065429,-0.0068787005729973,0.0063060251995921,-0.0060606896877288,0.0196277480572462,0.0014518889365717,-0.0023633220698684,0.0185560844838619,0.0302608981728553,-0.0159408301115036,0.0055963569320738,0.0026034177280962,0.0196148082613945,0.0155799454078078,-0.0014244661433622,-0.0014204328181222,-0.0270270500332117,0.01564721763134,0.0179894249886274,-0.0031012294348329,0.0030723609961569,0.0039592585526406,0.0007027568062767,0.0050704311579465,0.0311593730002641,0.0019618747755885,-0.0531732179224491,-0.0050349733792245,-0.0161997824907302,0.0073095904663205,-0.0146325416862964,-0.0050237313844263,-0.0128036569803953,-0.0098177352920174,0.0066093476489186,0.0192634649574756,-0.0384492874145507,-0.0027792793698608,-0.0031675761565566,0.0025083653163164,0.0102399904280901,-0.0116764521226286,-0.020683167502284,-0.0202530920505523,0.0085335168987512,-0.0083261812105774,-0.0075282240286469,0.0107121868059039,-0.0160494558513164,-0.0131767140701413,0.0302067007869482,0.017416501417756,-0.0275200791656971,0.004850270692259,0.0087335864081978,-0.0011357442708685,0.0097638228908181,0.0034109984990209,-0.0078125,-0.0073653915897011,0.0200828537344932,0.0065639135427773,0.0012767608277499,0.0036858823150396,-0.0025469572283327,-0.0121469004079699,-0.0041217841207981,0.0140119483694434,0.003180673578754,-0.007050197571516,-0.0134923215955495,-0.0241408254951238,0.0059974915347993,-0.0040744873695075,0.0092386407777667,0.0075978464446961,-0.0069598611444234,0.0072505800053477,-0.0040957517921924,0.0101583553478121,0.0,0.0131460598451222,0.003586454084143,0.0209141601145743,0.0020890336271588,0.0131460599594401,0.0145016125849339,0.0014938522228791,0.0386637778012795,0.0666268274570902,0.1844797673849492,0.0443740623696253,0.0660877902987635,2019-02-14,2019-02-15,2019-02-19,2019-02-20,2019-02-21,2019-02-22,2019-02-25,2019-02-26,2019-02-27,2019-02-28,80683.0,2019-02-13,252.0,-0.3276%,0.0007,0.5582,0.0169,0.0822,1.0666%,1.2115%,22.4953%,-0.005006,FR,80683.0,2019-02-14,252.0,1.0158%,0.0007,0.5557,0.0229,0.0755,1.0688%,1.2130%,22.3621%,0.0116189999999999,FR,80683.0,2019-02-15,252.0,0.2958%,0.0007,0.5645,0.0303,0.0891,1.0654%,1.2126%,22.8056%,-0.003842,FR,80683.0,2019-02-19,252.0,0.7667%,0.0008,0.5647,0.0349,0.0942,1.0658%,1.2120%,22.6762%,0.006139,FR,80683.0,2019-02-20,252.0,-0.5268%,0.0007,0.5621,0.0268,0.0842,1.0664%,1.2121%,22.6004%,-0.007035,FR,80683.0,2019-02-21,252.0,-0.2354%,0.0008,0.5569,0.016,0.0747,1.0622%,1.2065%,22.4887%,-0.000161,FR,80683.0,2019-02-22,252.0,0.8257%,0.0008,0.5558,0.0283,0.0725,1.0613%,1.2056%,22.5000%,0.005547,FR,80683.0,2019-02-25,252.0,-0.3510%,0.0008,0.5567,0.0317,0.0778,1.0606%,1.2050%,22.5223%,-0.004239,FR,80683.0,2019-02-26,252.0,-0.4696%,0.0007,0.5533,0.0408,0.0798,1.0600%,1.2016%,22.1774%,-0.003446,FR,80683.0,2019-02-27,252.0,-0.8847%,0.0007,0.557,0.0313,0.0804,1.0605%,1.2030%,22.2925%,-0.009427,FR,80683.0,2019-02-28,252.0,-0.2678%,0.0008,0.5459,0.0236,0.0727,1.0519%,1.1899%,21.8448%,-0.000856,FR,0.0066129999999999,0.0027709999999999,0.00891,0.0017139999999999,-0.010707
22419,CEDAR FAIR L P,Cedar Fair Earlier Announced It Is Targeting Adj. EBITDA Of $575M By 2023,6,increase,0.7,0.6,"the announcement of a targeted adj. ebitda of $575m suggests positive financial expectations, which could boost investor confidence and lead to an increase in stock price.",2,2019-02-13,FUN,2019-02-13 10:54:00+00:00,75041.0,15018510,-0.014245013706386,454700.0,-0.00712914718315,-0.0026520057581365,-0.0151367904618382,-0.018773203715682,0.0153694339096546,0.015285856090486,0.0294973906129598,-0.0187036730349063,-0.0233741346746683,-0.0235081240534782,0.0144759695976972,-0.0007228210452012,0.0064688003621995,-0.0080659752711653,-0.0054820585064589,0.0088607901707291,-0.0049420669674873,0.001267421641387,0.0124164577573537,-0.0077254814095795,-0.0054717152379453,0.0077856294810771,-0.0077784075401723,0.0014505533035844,0.0038241064175963,-0.0061272326856851,-0.0095238098874688,-0.0096376426517963,0.0125000290572643,0.00737144658342,0.0141500411555171,-0.0021529018413275,0.0028587328270077,0.0028787304181605,0.0125427572056651,-0.0060800490900874,0.0322823077440261,0.0191361270844936,0.0099999858066439,0.0225493684411048,-0.0140413828194141,0.0007460073684342,0.0052948859520256,0.0016813031397759,-0.0136215034872293,0.0096189798787236,0.0044190362095832,0.0009439160930924,-0.003849662374705,0.0347724668681621,-0.0266838558018207,0.0496206320822238,-0.0009453438688069,0.0343584083020687,0.0022709865588694,-0.0016937967156991,0.0033987974748015,-0.0014799090567976,-0.0039518079720437,-0.0186722297221422,-0.0058568180538713,-0.0024834217038005,0.0005701747140847,0.0100334351882338,-0.0157645158469677,0.0220038183033466,0.013122352771461,-0.0149410581216216,-0.009142848663032,-0.0171664543449878,0.0017301067709922,-0.0110452221706509,0.0082517806440591,-0.0274517815560102,0.000190299222595,-0.0328972525894641,0.0106565440073609,0.0032811844721436,0.0084729949012398,0.0083690211176872,-0.0044809873215854,0.0126133104786276,0.0001875869493233,0.0005916504305787,-0.0045003127306699,-0.0277990940958261,0.0016952373553067,0.0134058408439159,0.0118465786799788,0.0013618617085739,-0.0096636395901441,-0.0124879488721489,0.0082566831260919,-0.0229022186249494,0.0016750447684898,-0.0095943119376897,-0.0040877223946154,0.0088495491072535,0.0001866070233518,-0.0029411735013127,0.0052228835411369,-0.012345683760941,0.0014845394762232,0.0084218764677643,0.0035204489249736,0.0220808442682027,0.0094165122136473,0.0050780600868165,0.0261569488793611,0.0242727473378181,-0.0122994408011436,-0.0376343876123428,-0.0126331122592091,0.0108695281669497,-0.0148052927106618,0.0018776246579363,0.0103895645588636,0.0254139341413974,-0.0023870225995779,-0.0053619798272848,-0.00712914718315,-0.0026520057581365,-0.0221580252379053,-0.0213754228294659,-0.0071291476327131,-0.0064163083762244,-0.0017341058946811,-0.0479203944669189,0.0211945766109615,-0.0540783036093308,0.0378248221716832,0.0923236687167796,0.0652753499406399,0.0257417543427416,2019-02-14,2019-02-15,2019-02-19,2019-02-20,2019-02-21,2019-02-22,2019-02-25,2019-02-26,2019-02-27,2019-02-28,75041.0,2019-02-13,252.0,-1.4245%,-0.0007,0.5476,0.023,0.2964,1.5420%,1.6316%,10.6849%,-0.016115,FUN,75041.0,2019-02-14,252.0,-0.7129%,-0.0007,0.5482,0.0208,0.2994,1.5419%,1.6317%,10.7096%,-0.00448,FUN,75041.0,2019-02-15,252.0,-1.5137%,-0.0008,0.5323,0.0041,0.2704,1.5481%,1.6328%,10.1011%,-0.02292,FUN,75041.0,2019-02-19,252.0,1.5369%,-0.0008,0.5311,0.0187,0.287,1.5484%,1.6320%,9.9777%,0.0134349999999999,FUN,75041.0,2019-02-20,252.0,2.9497%,-0.0007,0.5385,0.0345,0.3134,1.5580%,1.6430%,10.0757%,0.0267689999999999,FUN,75041.0,2019-02-21,252.0,-2.3374%,-0.0009,0.5541,0.0617,0.342,1.5513%,1.6410%,10.6307%,-0.020737,FUN,75041.0,2019-02-22,252.0,1.4476%,-0.0008,0.5512,0.0792,0.3233,1.5533%,1.6423%,10.5421%,0.015462,FUN,75041.0,2019-02-25,252.0,0.6469%,-0.0006,0.5472,0.0718,0.3048,1.5394%,1.6282%,10.6080%,0.00633,FUN,75041.0,2019-02-26,252.0,-0.5482%,-0.0007,0.5422,0.0803,0.3053,1.5384%,1.6250%,10.3734%,-0.003241,FUN,75041.0,2019-02-27,252.0,-0.4942%,-0.0006,0.5457,0.0727,0.3059,1.5378%,1.6252%,10.4565%,-0.0053159999999999,FUN,75041.0,2019-02-28,252.0,1.2416%,-0.0006,0.5405,0.0696,0.2985,1.5407%,1.6258%,10.1983%,0.014758,FUN,-0.020595,-0.043515,-0.03008,-0.024048,0.0039449999999999
22427,CEDAR FAIR L P,"Cedar Fair Earlier Reported Q4 EPS $(0.40) May Not Compare To $0.19 Estimate, Sales $249.78M Beat $243.27M Estimate",6,uncertain,0.6,0.3,"while cedar fair's sales beat estimates, the significant eps miss may lead to mixed investor reactions, creating uncertainty about the stock's direction.",1,2019-02-13,FUN,2019-02-13 10:54:00+00:00,75041.0,15018510,-0.014245013706386,454700.0,-0.00712914718315,-0.0026520057581365,-0.0151367904618382,-0.018773203715682,0.0153694339096546,0.015285856090486,0.0294973906129598,-0.0187036730349063,-0.0233741346746683,-0.0235081240534782,0.0144759695976972,-0.0007228210452012,0.0064688003621995,-0.0080659752711653,-0.0054820585064589,0.0088607901707291,-0.0049420669674873,0.001267421641387,0.0124164577573537,-0.0077254814095795,-0.0054717152379453,0.0077856294810771,-0.0077784075401723,0.0014505533035844,0.0038241064175963,-0.0061272326856851,-0.0095238098874688,-0.0096376426517963,0.0125000290572643,0.00737144658342,0.0141500411555171,-0.0021529018413275,0.0028587328270077,0.0028787304181605,0.0125427572056651,-0.0060800490900874,0.0322823077440261,0.0191361270844936,0.0099999858066439,0.0225493684411048,-0.0140413828194141,0.0007460073684342,0.0052948859520256,0.0016813031397759,-0.0136215034872293,0.0096189798787236,0.0044190362095832,0.0009439160930924,-0.003849662374705,0.0347724668681621,-0.0266838558018207,0.0496206320822238,-0.0009453438688069,0.0343584083020687,0.0022709865588694,-0.0016937967156991,0.0033987974748015,-0.0014799090567976,-0.0039518079720437,-0.0186722297221422,-0.0058568180538713,-0.0024834217038005,0.0005701747140847,0.0100334351882338,-0.0157645158469677,0.0220038183033466,0.013122352771461,-0.0149410581216216,-0.009142848663032,-0.0171664543449878,0.0017301067709922,-0.0110452221706509,0.0082517806440591,-0.0274517815560102,0.000190299222595,-0.0328972525894641,0.0106565440073609,0.0032811844721436,0.0084729949012398,0.0083690211176872,-0.0044809873215854,0.0126133104786276,0.0001875869493233,0.0005916504305787,-0.0045003127306699,-0.0277990940958261,0.0016952373553067,0.0134058408439159,0.0118465786799788,0.0013618617085739,-0.0096636395901441,-0.0124879488721489,0.0082566831260919,-0.0229022186249494,0.0016750447684898,-0.0095943119376897,-0.0040877223946154,0.0088495491072535,0.0001866070233518,-0.0029411735013127,0.0052228835411369,-0.012345683760941,0.0014845394762232,0.0084218764677643,0.0035204489249736,0.0220808442682027,0.0094165122136473,0.0050780600868165,0.0261569488793611,0.0242727473378181,-0.0122994408011436,-0.0376343876123428,-0.0126331122592091,0.0108695281669497,-0.0148052927106618,0.0018776246579363,0.0103895645588636,0.0254139341413974,-0.0023870225995779,-0.0053619798272848,-0.00712914718315,-0.0026520057581365,-0.0221580252379053,-0.0213754228294659,-0.0071291476327131,-0.0064163083762244,-0.0017341058946811,-0.0479203944669189,0.0211945766109615,-0.0540783036093308,0.0378248221716832,0.0923236687167796,0.0652753499406399,0.0257417543427416,2019-02-14,2019-02-15,2019-02-19,2019-02-20,2019-02-21,2019-02-22,2019-02-25,2019-02-26,2019-02-27,2019-02-28,75041.0,2019-02-13,252.0,-1.4245%,-0.0007,0.5476,0.023,0.2964,1.5420%,1.6316%,10.6849%,-0.016115,FUN,75041.0,2019-02-14,252.0,-0.7129%,-0.0007,0.5482,0.0208,0.2994,1.5419%,1.6317%,10.7096%,-0.00448,FUN,75041.0,2019-02-15,252.0,-1.5137%,-0.0008,0.5323,0.0041,0.2704,1.5481%,1.6328%,10.1011%,-0.02292,FUN,75041.0,2019-02-19,252.0,1.5369%,-0.0008,0.5311,0.0187,0.287,1.5484%,1.6320%,9.9777%,0.0134349999999999,FUN,75041.0,2019-02-20,252.0,2.9497%,-0.0007,0.5385,0.0345,0.3134,1.5580%,1.6430%,10.0757%,0.0267689999999999,FUN,75041.0,2019-02-21,252.0,-2.3374%,-0.0009,0.5541,0.0617,0.342,1.5513%,1.6410%,10.6307%,-0.020737,FUN,75041.0,2019-02-22,252.0,1.4476%,-0.0008,0.5512,0.0792,0.3233,1.5533%,1.6423%,10.5421%,0.015462,FUN,75041.0,2019-02-25,252.0,0.6469%,-0.0006,0.5472,0.0718,0.3048,1.5394%,1.6282%,10.6080%,0.00633,FUN,75041.0,2019-02-26,252.0,-0.5482%,-0.0007,0.5422,0.0803,0.3053,1.5384%,1.6250%,10.3734%,-0.003241,FUN,75041.0,2019-02-27,252.0,-0.4942%,-0.0006,0.5457,0.0727,0.3059,1.5378%,1.6252%,10.4565%,-0.0053159999999999,FUN,75041.0,2019-02-28,252.0,1.2416%,-0.0006,0.5405,0.0696,0.2985,1.5407%,1.6258%,10.1983%,0.014758,FUN,-0.020595,-0.043515,-0.03008,-0.024048,0.0039449999999999
22435,GALECTIN THERAPEUTICS INC,"B. Riley FBR Initiates Coverage On Galectin Therapeutics with Buy Rating, Announces $11 Price Target",6,increase,0.8,0.7,"the initiation of coverage with a 'buy' rating and a price target of $11 is likely to attract investor interest and confidence, potentially driving the stock price up.",2,2019-02-13,GALT,2019-02-13 12:05:00+00:00,13324.0,36322520,0.0336323082447052,370316.0,0.0780910328030586,0.0772947296500206,0.0301811061799526,-0.0372093766927719,0.0156249850988388,-0.0465632006525993,0.1480769217014313,-0.0465115830302238,0.008375241421163,-0.0063025648705661,-0.0647840276360511,-0.0020963840652257,-0.0017762396018952,-0.0103734834119677,-0.0338078401982784,-0.0041322275064885,-0.0441988557577133,-0.0162601470947265,0.0038535608910024,-0.0140279959887266,0.0191938392817974,0.0417536124587059,-0.0112994248047471,-0.0103306174278259,-0.0533333718776702,0.0637362524867057,-0.0020120225381106,-0.0043763634748756,-0.0060484292916953,-0.0129589503630995,-0.0405679158866405,-0.0252631343901157,-0.0338266044855117,0.0021097529679536,-0.0262582842260599,0.0042372844181954,-0.0044943778775632,0.0305676572024822,0.0564334094524383,0.0246085319668054,0.0042735002934932,-0.0132451253011822,0.0723404586315155,0.0066667133942246,-0.0079365000128746,-0.0174672324210405,-0.0039999959990382,-0.0213675014674663,-0.0200803019106388,0.0196077711880207,-0.0655738040804863,0.1333333104848862,0.0372807197272777,0.0465117096900939,-0.02114162966609,0.0025906711816787,0.0043196501210331,0.1253643780946732,0.0344085693359375,-0.0901856571435928,0.0623701028525829,-0.0026455002371221,-0.0215264447033405,0.0026525172870606,-0.0100000379607081,0.0244564972817897,-0.0525252036750316,0.0193906296044588,0.0085287764668464,-0.1173594743013382,0.0084566511213779,-0.1353065222501755,-0.0167714729905128,-0.0386178977787494,0.0298507176339626,-0.0040485789068043,0.035196702927351,-0.0100199831649661,-0.050000000745058,-0.0099206725135445,-0.0210526119917631,-0.0418251454830169,-0.0258064270019531,0.0293542258441448,-0.0419426150619983,0.0159045569598674,0.0092165805399417,0.0120725193992257,-0.0182648226618766,-0.0177865922451019,-0.0325582176446914,0.0263691917061805,0.1105769351124763,-0.021825423464179,0.0346321053802967,0.0202428959310054,-0.0062761944718658,0.0040650367736816,0.0273684449493885,0.0061350124888122,-0.0819672271609306,0.0676855817437172,-0.0446428135037422,-0.0537190549075603,0.0163550674915313,-0.0081967134028673,0.0229884851723909,0.0020534351933747,0.0337078869342804,-0.0260000228881835,0.0108696073293685,-0.011857695877552,-0.0301074981689453,0.0,0.0221729259938001,0.0675105899572372,-0.028199590742588,0.0259740017354488,0.0089285625144839,-0.0232558418065309,0.0780910328030586,0.0772947296500206,0.1106290127357425,0.0372092642453352,0.1279825745100766,-0.0110865188444552,0.3058567896501032,-0.063025249357301,0.1301518205529777,-0.106212379264171,0.0433839046932029,0.1830238715715666,-0.0195228115809507,-0.0570824596854896,2019-02-14,2019-02-15,2019-02-19,2019-02-20,2019-02-21,2019-02-22,2019-02-25,2019-02-26,2019-02-27,2019-02-28,13324.0,2019-02-13,252.0,3.3632%,0.0016,1.3626,2.1196,-0.5194,5.7053%,6.0625%,11.4340%,0.028865,GALT,13324.0,2019-02-14,252.0,7.8091%,0.0018,1.346,2.1544,-0.5553,5.7188%,6.0791%,11.5018%,0.066818,GALT,13324.0,2019-02-15,252.0,3.0181%,0.002,1.3946,2.1991,-0.475,5.7101%,6.0790%,11.7689%,0.012151,GALT,13324.0,2019-02-19,252.0,1.5625%,0.0021,1.3969,2.2011,-0.473,5.7102%,6.0791%,11.7676%,0.007923,GALT,13324.0,2019-02-20,252.0,14.8077%,0.0024,1.429,2.2393,-0.3675,5.7592%,6.1258%,11.6100%,0.143082,GALT,13324.0,2019-02-21,252.0,0.8375%,0.0024,1.4262,2.2362,-0.3728,5.7597%,6.1250%,11.5706%,0.014285,GALT,13324.0,2019-02-22,252.0,-6.4784%,0.0023,1.4381,2.2616,-0.2073,5.7856%,6.1381%,11.1547%,-0.091934,GALT,13324.0,2019-02-25,252.0,-0.1776%,0.0022,1.4384,2.2623,-0.2057,5.7856%,6.1381%,11.1559%,0.001474,GALT,13324.0,2019-02-26,252.0,-3.3808%,0.0021,1.4379,2.2905,-0.1917,5.7867%,6.1410%,11.2058%,-0.017807,GALT,13324.0,2019-02-27,252.0,-4.4199%,0.0021,1.4511,2.2518,-0.1897,5.7925%,6.1456%,11.1603%,-0.050175,GALT,13324.0,2019-02-28,252.0,0.3854%,0.002,1.4572,2.2561,-0.1865,5.7920%,6.1453%,11.1671%,0.007327,GALT,0.095683,0.107834,0.115757,0.273124,0.1220089999999999
22443,GERON CORP,UPDATE: BTIG Initiates Geron With Buy As Firm Notes 'Imetelstat's efficacy looks similar to luspatercept's (in much more severe patients) suggesting Geron is likely to attract investor interest as corroborative pivotal readouts approach',6,increase,0.8,0.7,"the initiation of coverage with a 'buy' rating by btig, along with positive comparisons of imetelstat's efficacy to luspatercept, is likely to attract investor interest and drive the stock price up as pivotal readouts approach.",2,2019-02-13,GERN,2019-02-13 14:02:00+00:00,83756.0,37416310,0.0992367342114448,11402391.0,-0.0138889579102397,0.0155038619413971,0.0352113172411918,-0.0076923007145524,0.0612244307994842,0.0156249850988388,-0.0512820035219192,-0.0077519309706985,-0.0067567504011094,-0.0152671616524457,-0.0068027144297957,-0.0507246740162372,0.0410958491265773,0.1499999463558197,0.01973682269454,0.043478325009346,0.0129032908007502,0.1165048629045486,-0.0700637027621269,0.0,0.0479451566934585,-0.0283018611371517,-0.01307188346982,-0.0363637097179889,-0.0132450209930539,0.078431412577629,-0.0402684994041919,0.0099009806290268,0.0,-0.009803912602365,0.0069930837489664,-0.0642202273011207,0.0347221866250038,0.0,0.0335570164024829,0.0,0.0649350807070732,0.0480769947171211,0.0121951103210449,-0.0458716228604316,0.0060240905731916,-0.0916666761040687,-0.0179640557616949,0.01694923825562,0.0365854054689407,0.0085470005869865,0.0411764308810234,0.017391288653016,0.0338983386754989,-0.0254237055778503,-0.076502725481987,0.0727272033691406,-0.0295858401805162,0.0476191192865371,0.0243902206420898,0.0096153756603598,-0.017857126891613,0.0399999618530273,-0.0121212005615234,-0.01960782520473,0.0184048898518085,0.0199999809265136,-0.0060240905731916,-0.01960782520473,0.0545454770326614,0.0276042278856039,0.0057471208274364,0.0112062320113182,0.0114285601302981,-0.0469902791082859,0.0282486286014318,-0.0462963618338108,0.0109890000894665,-0.0689654499292373,-0.0108695542439818,-0.0252101588994264,0.0989010706543922,-0.1249999701976776,0.0099999904632568,-0.0215827133506536,-0.0643564313650131,-0.0413793511688709,-0.0158730000257492,0.0357143357396125,-0.0376344360411167,-0.007092191837728,-0.0279329344630241,-0.0536913052201271,0.0172413624823093,-0.0387096405029296,0.0847457498311996,0.0333333015441894,0.0,-0.0740740746259689,-0.026041641831398,0.0062111741863191,0.0053475885652005,0.0387097187340259,0.0159574318677187,0.0,-0.015706792473793,0.0472972504794597,-0.0319148637354373,-0.0326797068119049,-0.0054945657029747,0.0,0.0055249226279556,-0.0316456146538257,-0.0109890652820467,0.0394737273454666,0.0,-0.0129870008677244,-0.0277777519077062,-0.0314465835690498,0.0,0.0127388406544923,-0.005714280065149,0.0397351421415805,0.0,-0.0320512540638446,-0.0138889579102396,0.0155038619413971,0.0208333108278251,0.0076923008585545,0.0833332492244116,0.0234374780436841,0.0208333119995858,-2.4901858353132406e-10,0.013888870788784,0.2718446397676515,0.1319443808708036,0.2843136961990582,0.2083332855295825,-0.1602564129976621,2019-02-14,2019-02-15,2019-02-19,2019-02-20,2019-02-21,2019-02-22,2019-02-25,2019-02-26,2019-02-27,2019-02-28,83756.0,2019-02-13,252.0,9.9237%,0.0009,1.2978,2.7813,0.0053,6.9247%,7.2251%,8.1405%,0.093916,GERN,83756.0,2019-02-14,252.0,-1.3889%,0.0008,1.3036,2.7666,0.022,6.9266%,7.2253%,8.0967%,-0.025696,GERN,83756.0,2019-02-15,252.0,3.5211%,0.0008,1.3128,2.7763,0.0388,6.9271%,7.2267%,8.1193%,0.013358,GERN,83756.0,2019-02-19,252.0,6.1224%,0.0009,1.3146,2.8186,0.0863,6.9320%,7.2325%,8.1370%,0.050462,GERN,83756.0,2019-02-20,252.0,-5.1282%,0.0007,1.2986,2.7882,0.0308,6.9424%,7.2402%,8.0566%,-0.060555,GERN,83756.0,2019-02-21,252.0,-0.6757%,0.0009,1.2838,2.7578,0.0036,6.9374%,7.2304%,7.9392%,-2.8999999999999997e-05,GERN,83756.0,2019-02-22,252.0,-0.6803%,0.0008,1.2876,2.7681,0.0593,6.9397%,7.2306%,7.8835%,-0.030362,GERN,83756.0,2019-02-25,252.0,4.1096%,0.001,1.2861,2.7442,0.0412,6.9452%,7.2345%,7.8378%,0.046368,GERN,83756.0,2019-02-26,252.0,1.9737%,0.0012,1.2846,2.6924,0.0137,6.9491%,7.2354%,7.7587%,0.039393,GERN,83756.0,2019-02-27,252.0,1.2903%,0.0012,1.2815,2.6994,0.0132,6.9490%,7.2356%,7.7653%,0.006548,GERN,83756.0,2019-02-28,252.0,-7.0064%,0.0009,1.3014,2.7107,0.0435,6.9618%,7.2495%,7.7797%,-0.066698,GERN,0.06822,0.081578,0.13204,0.071456,0.0667049999999999
22451,GERON CORP,"BTIG Research Initiates Coverage On Geron with Buy Rating, Announces $4 Price Target",6,increase,0.75,0.6,"the initiation of coverage with a buy rating typically signals positive sentiment and can attract investor interest, likely leading to an increase in stock price.",2,2019-02-13,GERN,2019-02-13 12:02:00+00:00,83756.0,37416310,0.0992367342114448,11402391.0,-0.0138889579102397,0.0155038619413971,0.0352113172411918,-0.0076923007145524,0.0612244307994842,0.0156249850988388,-0.0512820035219192,-0.0077519309706985,-0.0067567504011094,-0.0152671616524457,-0.0068027144297957,-0.0507246740162372,0.0410958491265773,0.1499999463558197,0.01973682269454,0.043478325009346,0.0129032908007502,0.1165048629045486,-0.0700637027621269,0.0,0.0479451566934585,-0.0283018611371517,-0.01307188346982,-0.0363637097179889,-0.0132450209930539,0.078431412577629,-0.0402684994041919,0.0099009806290268,0.0,-0.009803912602365,0.0069930837489664,-0.0642202273011207,0.0347221866250038,0.0,0.0335570164024829,0.0,0.0649350807070732,0.0480769947171211,0.0121951103210449,-0.0458716228604316,0.0060240905731916,-0.0916666761040687,-0.0179640557616949,0.01694923825562,0.0365854054689407,0.0085470005869865,0.0411764308810234,0.017391288653016,0.0338983386754989,-0.0254237055778503,-0.076502725481987,0.0727272033691406,-0.0295858401805162,0.0476191192865371,0.0243902206420898,0.0096153756603598,-0.017857126891613,0.0399999618530273,-0.0121212005615234,-0.01960782520473,0.0184048898518085,0.0199999809265136,-0.0060240905731916,-0.01960782520473,0.0545454770326614,0.0276042278856039,0.0057471208274364,0.0112062320113182,0.0114285601302981,-0.0469902791082859,0.0282486286014318,-0.0462963618338108,0.0109890000894665,-0.0689654499292373,-0.0108695542439818,-0.0252101588994264,0.0989010706543922,-0.1249999701976776,0.0099999904632568,-0.0215827133506536,-0.0643564313650131,-0.0413793511688709,-0.0158730000257492,0.0357143357396125,-0.0376344360411167,-0.007092191837728,-0.0279329344630241,-0.0536913052201271,0.0172413624823093,-0.0387096405029296,0.0847457498311996,0.0333333015441894,0.0,-0.0740740746259689,-0.026041641831398,0.0062111741863191,0.0053475885652005,0.0387097187340259,0.0159574318677187,0.0,-0.015706792473793,0.0472972504794597,-0.0319148637354373,-0.0326797068119049,-0.0054945657029747,0.0,0.0055249226279556,-0.0316456146538257,-0.0109890652820467,0.0394737273454666,0.0,-0.0129870008677244,-0.0277777519077062,-0.0314465835690498,0.0,0.0127388406544923,-0.005714280065149,0.0397351421415805,0.0,-0.0320512540638446,-0.0138889579102396,0.0155038619413971,0.0208333108278251,0.0076923008585545,0.0833332492244116,0.0234374780436841,0.0208333119995858,-2.4901858353132406e-10,0.013888870788784,0.2718446397676515,0.1319443808708036,0.2843136961990582,0.2083332855295825,-0.1602564129976621,2019-02-14,2019-02-15,2019-02-19,2019-02-20,2019-02-21,2019-02-22,2019-02-25,2019-02-26,2019-02-27,2019-02-28,83756.0,2019-02-13,252.0,9.9237%,0.0009,1.2978,2.7813,0.0053,6.9247%,7.2251%,8.1405%,0.093916,GERN,83756.0,2019-02-14,252.0,-1.3889%,0.0008,1.3036,2.7666,0.022,6.9266%,7.2253%,8.0967%,-0.025696,GERN,83756.0,2019-02-15,252.0,3.5211%,0.0008,1.3128,2.7763,0.0388,6.9271%,7.2267%,8.1193%,0.013358,GERN,83756.0,2019-02-19,252.0,6.1224%,0.0009,1.3146,2.8186,0.0863,6.9320%,7.2325%,8.1370%,0.050462,GERN,83756.0,2019-02-20,252.0,-5.1282%,0.0007,1.2986,2.7882,0.0308,6.9424%,7.2402%,8.0566%,-0.060555,GERN,83756.0,2019-02-21,252.0,-0.6757%,0.0009,1.2838,2.7578,0.0036,6.9374%,7.2304%,7.9392%,-2.8999999999999997e-05,GERN,83756.0,2019-02-22,252.0,-0.6803%,0.0008,1.2876,2.7681,0.0593,6.9397%,7.2306%,7.8835%,-0.030362,GERN,83756.0,2019-02-25,252.0,4.1096%,0.001,1.2861,2.7442,0.0412,6.9452%,7.2345%,7.8378%,0.046368,GERN,83756.0,2019-02-26,252.0,1.9737%,0.0012,1.2846,2.6924,0.0137,6.9491%,7.2354%,7.7587%,0.039393,GERN,83756.0,2019-02-27,252.0,1.2903%,0.0012,1.2815,2.6994,0.0132,6.9490%,7.2356%,7.7653%,0.006548,GERN,83756.0,2019-02-28,252.0,-7.0064%,0.0009,1.3014,2.7107,0.0435,6.9618%,7.2495%,7.7797%,-0.066698,GERN,0.06822,0.081578,0.13204,0.071456,0.0667049999999999
22459,BARRICK GOLD CORP,Barrick Gold shares are trading lower after the company reported Q4 revenues down from last year and a drop in average realized gold price.,6,decrease,0.85,0.7,"the reported decline in q4 revenues and average realized gold price typically signals weaker financial performance, which is likely to lead to a decrease in barrick gold's stock price.",0,2019-02-13,GOLD,2019-02-13 14:59:00+00:00,71298.0,06790110,-0.0411368869245052,24615437.0,0.0070202928036451,-0.0044676410034298,0.0030983705073595,-0.0139500424265861,0.0463320761919021,0.0209894850850105,0.0154981575906276,0.0075528989546,-0.0319767817854881,-0.0089820278808474,-0.0210210010409355,0.0007490093703381,-0.0329754836857318,0.0075471987947821,-0.0015860035782679,-0.0104555888101458,-0.0071485424414277,0.0260536503046751,0.0112000275403261,0.0092807337641716,-0.0261075887829065,0.0478120036423206,0.0162469372153282,0.0073469514027237,0.0151878157630562,0.0337552428245544,-0.0236220620572567,0.0067969346418976,0.0185484271496534,-0.0008488349267281,0.0237529836595058,-0.0008481958648189,0.0193348787724971,-0.009243668988347,0.0037935688160359,0.0042193448171019,0.0090703582391142,-0.000843109213747,-0.0179775822907686,-0.0357724018394947,-0.0083905160427093,-0.0112539706751704,-0.0038461685180664,0.0064724860712885,-0.0084941824898123,-0.0072289281524717,0.0210279989987611,0.008914072997868,0.0129672065377235,-0.044891633093357,0.029367497190833,-0.0129870185628533,0.0438917614519596,0.0069230888038873,0.0161176975816488,-0.007633616682142,-0.0172413792461156,-0.0324962772428989,-0.0259649045765399,0.0320122018456459,-0.0122478436678648,-0.0430342927575111,-0.0196936875581741,0.0095238406211137,0.0014881293755024,0.0007330846856348,-0.0118870614096522,0.0396341830492019,0.0195488892495632,-0.0194320045411586,-0.005162289366126,0.0388198755681514,0.0022239205427467,-0.0720461085438728,0.0147928847000002,0.0168498530983924,-0.0094752265140414,-0.0007320811855606,-0.010301717557013,-0.0318922623991966,-0.0022304635494947,0.0064193434081971,0.0156482886523008,0.0308823585510253,-0.0249449852854013,-0.0173410233110189,-0.0067720203660428,0.0116958953440189,0.0015151861589401,0.023186270147562,-0.0189107414335012,0.0182787328958511,-0.0123361479490995,0.010777547955513,0.0015612414572387,0.0188235118985176,0.0007794410921633,-0.0229885205626487,0.0124610476195812,0.0022988505661487,-0.0261538587510585,0.02352942712605,0.0047393697313964,-0.0214888509362936,-0.0102201346307992,-0.0045836837962269,-0.0063542434945702,-0.0274888481944799,0.0063948780298233,0.0330007933080196,0.000794299354311,-0.0045836837962269,0.009523800574243,0.0038343705236911,-0.0117924977093935,0.0038491294253617,-0.0159108843654394,0.0220298767089843,-0.0299110654741525,0.0225261244922876,0.0070202928036451,-0.0044676410034298,0.0101404147791803,-0.0183553596484714,0.0569423174412491,0.0022488558889675,0.039001561450938,0.0007485201455583,-0.0140405103777112,0.0340293559314754,0.0826833407103069,0.0190548794758846,-0.0639625363785593,0.0836006631831365,2019-02-14,2019-02-15,2019-02-19,2019-02-20,2019-02-21,2019-02-22,2019-02-25,2019-02-26,2019-02-27,2019-02-28,71298.0,2019-02-13,252.0,-4.1137%,-0.0001,-0.0265,0.2321,-0.2327,1.9725%,1.9833%,1.0843%,-0.0411789999999999,GOLD,71298.0,2019-02-14,252.0,0.7020%,-0.0,-0.0273,0.2346,-0.2358,1.9726%,1.9837%,1.1160%,0.004308,GOLD,71298.0,2019-02-15,252.0,0.3098%,-0.0002,-0.0526,0.2123,-0.2763,1.9612%,1.9732%,1.2130%,0.003852,GOLD,71298.0,2019-02-19,252.0,4.6332%,0.0001,-0.0356,0.2306,-0.2572,1.9774%,1.9893%,1.1906%,0.0465449999999999,GOLD,71298.0,2019-02-20,252.0,1.5498%,0.0002,-0.0299,0.2488,-0.2354,1.9784%,1.9901%,1.1659%,0.016373,GOLD,71298.0,2019-02-21,252.0,-3.1977%,0.0002,-0.0315,0.2384,-0.238,1.9829%,1.9941%,1.1252%,-0.032555,GOLD,71298.0,2019-02-22,252.0,-2.1021%,0.0002,-0.0286,0.2551,-0.1881,1.9867%,1.9964%,0.9732%,-0.025726,GOLD,71298.0,2019-02-25,252.0,-3.2975%,0.0001,-0.0302,0.2697,-0.1865,1.9951%,2.0054%,1.0207%,-0.032708,GOLD,71298.0,2019-02-26,252.0,-0.1586%,0.0002,-0.0162,0.2571,-0.1824,1.9897%,1.9995%,0.9732%,-0.000624,GOLD,71298.0,2019-02-27,252.0,-0.7149%,0.0001,-0.0183,0.2585,-0.1828,1.9902%,2.0000%,0.9747%,-0.007941,GOLD,71298.0,2019-02-28,252.0,1.1200%,0.0003,-0.0393,0.2444,-0.2005,1.9787%,1.9885%,0.9751%,0.010535,GOLD,-0.0368709999999999,-0.0330189999999999,0.013526,-0.0026559999999999,-0.0591199999999999
22467,BARRICK GOLD CORP,Randgold Resources Q4 EPS $0.15 Does Not Compare To $0.75 Estimate,6,decrease,0.8,0.7,"the significant miss in earnings per share compared to estimates suggests weaker financial performance, which is likely to negatively impact investor sentiment and lead to a decrease in stock price.",0,2019-02-13,GOLD,2019-02-13 12:29:00+00:00,71298.0,06790110,-0.0411368869245052,24615437.0,0.0070202928036451,-0.0044676410034298,0.0030983705073595,-0.0139500424265861,0.0463320761919021,0.0209894850850105,0.0154981575906276,0.0075528989546,-0.0319767817854881,-0.0089820278808474,-0.0210210010409355,0.0007490093703381,-0.0329754836857318,0.0075471987947821,-0.0015860035782679,-0.0104555888101458,-0.0071485424414277,0.0260536503046751,0.0112000275403261,0.0092807337641716,-0.0261075887829065,0.0478120036423206,0.0162469372153282,0.0073469514027237,0.0151878157630562,0.0337552428245544,-0.0236220620572567,0.0067969346418976,0.0185484271496534,-0.0008488349267281,0.0237529836595058,-0.0008481958648189,0.0193348787724971,-0.009243668988347,0.0037935688160359,0.0042193448171019,0.0090703582391142,-0.000843109213747,-0.0179775822907686,-0.0357724018394947,-0.0083905160427093,-0.0112539706751704,-0.0038461685180664,0.0064724860712885,-0.0084941824898123,-0.0072289281524717,0.0210279989987611,0.008914072997868,0.0129672065377235,-0.044891633093357,0.029367497190833,-0.0129870185628533,0.0438917614519596,0.0069230888038873,0.0161176975816488,-0.007633616682142,-0.0172413792461156,-0.0324962772428989,-0.0259649045765399,0.0320122018456459,-0.0122478436678648,-0.0430342927575111,-0.0196936875581741,0.0095238406211137,0.0014881293755024,0.0007330846856348,-0.0118870614096522,0.0396341830492019,0.0195488892495632,-0.0194320045411586,-0.005162289366126,0.0388198755681514,0.0022239205427467,-0.0720461085438728,0.0147928847000002,0.0168498530983924,-0.0094752265140414,-0.0007320811855606,-0.010301717557013,-0.0318922623991966,-0.0022304635494947,0.0064193434081971,0.0156482886523008,0.0308823585510253,-0.0249449852854013,-0.0173410233110189,-0.0067720203660428,0.0116958953440189,0.0015151861589401,0.023186270147562,-0.0189107414335012,0.0182787328958511,-0.0123361479490995,0.010777547955513,0.0015612414572387,0.0188235118985176,0.0007794410921633,-0.0229885205626487,0.0124610476195812,0.0022988505661487,-0.0261538587510585,0.02352942712605,0.0047393697313964,-0.0214888509362936,-0.0102201346307992,-0.0045836837962269,-0.0063542434945702,-0.0274888481944799,0.0063948780298233,0.0330007933080196,0.000794299354311,-0.0045836837962269,0.009523800574243,0.0038343705236911,-0.0117924977093935,0.0038491294253617,-0.0159108843654394,0.0220298767089843,-0.0299110654741525,0.0225261244922876,0.0070202928036451,-0.0044676410034298,0.0101404147791803,-0.0183553596484714,0.0569423174412491,0.0022488558889675,0.039001561450938,0.0007485201455583,-0.0140405103777112,0.0340293559314754,0.0826833407103069,0.0190548794758846,-0.0639625363785593,0.0836006631831365,2019-02-14,2019-02-15,2019-02-19,2019-02-20,2019-02-21,2019-02-22,2019-02-25,2019-02-26,2019-02-27,2019-02-28,71298.0,2019-02-13,252.0,-4.1137%,-0.0001,-0.0265,0.2321,-0.2327,1.9725%,1.9833%,1.0843%,-0.0411789999999999,GOLD,71298.0,2019-02-14,252.0,0.7020%,-0.0,-0.0273,0.2346,-0.2358,1.9726%,1.9837%,1.1160%,0.004308,GOLD,71298.0,2019-02-15,252.0,0.3098%,-0.0002,-0.0526,0.2123,-0.2763,1.9612%,1.9732%,1.2130%,0.003852,GOLD,71298.0,2019-02-19,252.0,4.6332%,0.0001,-0.0356,0.2306,-0.2572,1.9774%,1.9893%,1.1906%,0.0465449999999999,GOLD,71298.0,2019-02-20,252.0,1.5498%,0.0002,-0.0299,0.2488,-0.2354,1.9784%,1.9901%,1.1659%,0.016373,GOLD,71298.0,2019-02-21,252.0,-3.1977%,0.0002,-0.0315,0.2384,-0.238,1.9829%,1.9941%,1.1252%,-0.032555,GOLD,71298.0,2019-02-22,252.0,-2.1021%,0.0002,-0.0286,0.2551,-0.1881,1.9867%,1.9964%,0.9732%,-0.025726,GOLD,71298.0,2019-02-25,252.0,-3.2975%,0.0001,-0.0302,0.2697,-0.1865,1.9951%,2.0054%,1.0207%,-0.032708,GOLD,71298.0,2019-02-26,252.0,-0.1586%,0.0002,-0.0162,0.2571,-0.1824,1.9897%,1.9995%,0.9732%,-0.000624,GOLD,71298.0,2019-02-27,252.0,-0.7149%,0.0001,-0.0183,0.2585,-0.1828,1.9902%,2.0000%,0.9747%,-0.007941,GOLD,71298.0,2019-02-28,252.0,1.1200%,0.0003,-0.0393,0.2444,-0.2005,1.9787%,1.9885%,0.9751%,0.010535,GOLD,-0.0368709999999999,-0.0330189999999999,0.013526,-0.0026559999999999,-0.0591199999999999
22475,GENUINE PARTS CO,Genuine Parts Company Acquires Axis Nee England And Axis New York; Terms Not Disclosed,6,increase,0.7,0.6,"the acquisition of axis new england and axis new york suggests growth potential and expansion for genuine parts company, which is likely to positively influence investor sentiment and stock price.",2,2019-02-13,GPC,2019-02-13 21:21:00+00:00,46674.0,37246010,0.0038843771908432,1310743.0,-0.0025480997283011,0.0187240857630968,0.0179770439863205,0.0074874009005725,0.0147783625870943,-0.0002916925004683,-0.0006411402719095,0.0033161414321511,0.0072404081001877,-0.0003899864968843,0.008280218578875,0.011638231575489,-0.0105585977435112,0.0050555327907204,0.0014593547675758,0.0106190899387002,-0.0058287740685045,0.0039223511703312,-0.0034811731893569,0.0112896729260683,0.003401385853067,0.0145495403558015,-0.0058634849265217,0.001136369886808,-0.0016588360304012,0.0131882159039378,-0.0048924470320343,-0.0136279137805104,-0.0017393745947629,0.0007232120260596,-0.0085165752097964,-0.0116409622132778,0.0039644907228648,0.0089635560289025,0.0033847368322312,0.0105152986943721,0.0042166132479906,-0.0065163141116499,-0.0006531650433316,0.0148000810295343,-0.0004668106848839,-0.0092554800212383,0.0024287202395498,-0.0092725520953536,-0.0009318654192611,0.0088348248973488,0.0003731080796569,0.0111402785405516,0.0172494035214185,0.005601339507848,-0.014848718419671,0.0088495770469307,0.005675408989191,0.0054674330167472,0.010084225796163,-0.0159299727529287,0.0031140898354351,-0.0128097869455814,0.0135135445743799,0.0053396974690258,0.0092792678624391,0.0032563570421189,0.009551010094583,0.0041134837083518,-0.0053934627212584,0.0322264470160007,0.00097787019331,-0.0145907159894704,0.0087034050375223,-0.0062900208868086,0.0137347904965281,-0.0104441167786717,-0.0063400706276297,-0.014759361743927,-0.0117122968658804,-0.0030051907524466,-0.0026532507035881,-0.0242669507861137,-0.001684799324721,-0.0120866950601339,0.0020429536234587,0.0,-0.0006205096724443,0.0100897988304495,0.0030158238951116,-0.0021143686026334,-0.0044216481037437,-0.0022101791109889,-0.0633327811956405,-0.0149431182071566,-0.0170696582645177,-0.0142386173829436,0.0152436261996626,-0.0092130433768033,-0.0065570883452892,0.0047246925532817,-0.0092787565663456,0.0060141892172396,9.657368354965e-05,-0.0076049380004405,-0.0098475022241473,0.0183314885944128,-0.0001949750731,0.0081035643815994,-0.0203823279589414,0.0147412875667214,0.015430592931807,-0.0028997191693633,0.0011764975497499,0.0049236887134611,-0.0074422457255423,-0.0210506282746791,-0.0223954636603593,-0.0073235034942626,-0.0057523436844348,0.0080717327073216,0.0,-0.0027486640028655,0.0011165308533236,0.0045360326766967,-0.0025480997283011,0.0187240857630968,0.0153831369571222,0.0263516814002744,0.0303888371198959,0.0260523023119669,0.0371838658375562,0.029053363377689,0.0266138130119761,0.0735354301583885,0.0550407317290879,0.1051198903439665,-0.0625345514899456,0.0482404365463298,2019-02-14,2019-02-15,2019-02-19,2019-02-20,2019-02-21,2019-02-22,2019-02-25,2019-02-26,2019-02-27,2019-02-28,46674.0,2019-02-13,252.0,0.3884%,0.0004,0.7015,-0.0568,0.2945,0.9743%,1.1954%,33.5672%,0.001651,GPC,46674.0,2019-02-14,252.0,-0.2548%,0.0005,0.7022,-0.0561,0.2924,0.9714%,1.1937%,33.7818%,0.000828,GPC,46674.0,2019-02-15,252.0,1.7977%,0.0005,0.699,-0.0582,0.2883,0.9705%,1.1903%,33.5303%,0.008678,GPC,46674.0,2019-02-19,252.0,1.4778%,0.0005,0.6975,-0.0451,0.3031,0.9702%,1.1875%,33.2441%,0.012654,GPC,46674.0,2019-02-20,252.0,-0.0641%,0.0005,0.6975,-0.04,0.3043,0.9677%,1.1854%,33.3548%,-0.003634,GPC,46674.0,2019-02-21,252.0,0.7240%,0.0007,0.678,-0.0775,0.2686,0.9219%,1.1392%,34.5132%,0.010393,GPC,46674.0,2019-02-22,252.0,0.8280%,0.0008,0.6763,-0.0596,0.2646,0.9199%,1.1363%,34.4606%,0.0081479999999999,GPC,46674.0,2019-02-25,252.0,-1.0559%,0.0008,0.6759,-0.054,0.2659,0.9227%,1.1381%,34.2708%,-0.011352,GPC,46674.0,2019-02-26,252.0,0.1459%,0.0007,0.6717,-0.0531,0.2633,0.9220%,1.1334%,33.8263%,0.002973,GPC,46674.0,2019-02-27,252.0,-0.5829%,0.0007,0.6737,-0.0586,0.2636,0.9225%,1.1340%,33.8262%,-0.006117,GPC,46674.0,2019-02-28,252.0,-0.3481%,0.0008,0.6649,-0.0647,0.2576,0.9163%,1.1232%,33.4519%,-0.0008219999999999,GPC,0.002479,0.011157,0.023811,0.03057,0.0234
22483,GROUP 1 AUTOMOTIVE INC,Seaport Global Initiates Coverage On Group 1 Automotive with Buy Rating,6,increase,0.8,0.6,"initiating coverage with a 'buy' rating typically signals positive sentiment and can attract more investors, likely leading to an increase in stock price.",2,2019-02-13,GPI,2019-02-13 12:02:00+00:00,85427.0,39890510,-0.0020070704631507,199604.0,-0.0036869014147669,0.0353246927261352,0.0390243828296661,0.0167253650724887,-0.0033996936399489,-0.0186593271791935,0.0341130346059799,-0.0590147525072097,-0.0251334980130195,-0.0134723363444209,0.0154688861221075,0.0074325269088149,-0.0020628541242331,0.0160893052816391,-0.0004770039813593,-0.0019662287086248,-0.0030226286035031,0.0003278226358816,-0.0036699837073683,0.0129503365606069,-0.0011257589794695,-0.0126229580491781,0.0040251165628433,0.0102682830765843,0.0186016652733087,0.0056628938764333,-0.0250314883887767,0.0036777202039957,-0.0188923291862011,-0.0225490368902683,-0.0034562062937766,-0.0029325562063604,0.013707710430026,0.0155526548624038,0.0017921245889738,0.0063269603997468,0.0082940040156245,0.0126454224810004,-0.0109677473083138,0.0059362668544054,0.0014677129220217,-0.0160213466733694,0.0143299307674169,0.0169721655547618,-0.0073847980238497,-0.0132306301966309,-0.0040433444082736,0.0307267177850008,0.023221768438816,0.0122313601896166,-0.0423741973936557,0.0321009680628776,0.0192243922501802,0.0325884521007537,0.0084552923217415,-0.010320633649826,0.0282167047262191,0.0292108692228794,0.0086247334256768,0.0091883521527051,0.0059079173952341,0.0094686318188905,0.027820760384202,0.0103474967181682,-0.0126315234228968,0.0383133850991725,0.0315260365605354,-0.0078439135104417,0.0186031963676214,-0.0197160877287387,-0.019278073683381,0.0099561922252178,0.0165532827377319,-0.0152940936386585,-0.0063972440548241,-0.0081679923459887,0.016096081584692,0.0156033392995595,0.0004320100415498,0.0113863302394747,0.0146825481206178,-0.0094974189996719,-0.0147538790479302,-0.0068775489926338,0.0390209779143333,-0.0013736203545704,-0.000970167980995,-0.0289634242653846,0.0009711101301945,-0.0157539416104555,-0.0315965376794338,-0.0003749617026187,0.0384945981204509,-0.041164856404066,0.0287998337298631,-0.0101423431187868,0.0221001040190458,0.0087546817958354,0.041147943586111,-0.0255918782204389,-0.019634960219264,0.0034940065816044,0.0053921961225569,-0.0176763124763965,-0.0107265533879399,0.0114563414826989,-0.0081322435289621,0.008578460663557,0.0152265205979347,0.017094001173973,0.023843104019761,-0.0100475884974002,-0.0060098078101873,0.0227149501442909,-0.010580631904304,-0.0173604879528284,-0.0086569096893072,-0.0122484816238284,0.0014126185560598,0.0169039275497198,-0.0036869014147669,0.0353246927261352,0.035193602362634,0.0526408761805421,0.0316742612565659,0.0329993056696964,0.0400536812754948,-0.0410585035433975,0.0464220229680638,-0.0073053076823028,0.0824358971252205,0.1445252428915397,0.3123189616156085,0.0688008569575056,2019-02-14,2019-02-15,2019-02-19,2019-02-20,2019-02-21,2019-02-22,2019-02-25,2019-02-26,2019-02-27,2019-02-28,85427.0,2019-02-13,252.0,-0.2007%,-0.0007,0.9142,1.2429,1.051,1.9093%,2.1747%,22.9249%,-0.006156,GPI,85427.0,2019-02-14,252.0,-0.3687%,-0.0006,0.9168,1.2433,1.0467,1.8969%,2.1649%,23.2240%,-0.002234,GPI,85427.0,2019-02-15,252.0,3.9024%,-0.0005,0.9341,1.2611,1.0778,1.9012%,2.1762%,23.6739%,0.020432,GPI,85427.0,2019-02-19,252.0,-0.3400%,-0.0005,0.9336,1.2512,1.0667,1.9022%,2.1762%,23.5900%,-0.0121649999999999,GPI,85427.0,2019-02-20,252.0,3.4113%,-0.0003,0.9411,1.2712,1.0941,1.9075%,2.1870%,23.9280%,0.02362,GPI,85427.0,2019-02-21,252.0,-2.5133%,-0.0004,0.9429,1.271,1.0976,1.9105%,2.1892%,23.8433%,-0.018345,GPI,85427.0,2019-02-22,252.0,1.5469%,-0.0003,0.9398,1.2854,1.0735,1.9134%,2.1915%,23.7646%,0.018384,GPI,85427.0,2019-02-25,252.0,-0.2063%,-0.0003,0.941,1.2856,1.0779,1.9124%,2.1911%,23.8202%,0.001702,GPI,85427.0,2019-02-26,252.0,-0.0477%,-0.0003,0.9385,1.2698,1.0681,1.9142%,2.1906%,23.6432%,0.012713,GPI,85427.0,2019-02-27,252.0,-0.3023%,-0.0003,0.9411,1.2638,1.0685,1.9140%,2.1906%,23.6544%,-0.005098,GPI,85427.0,2019-02-28,252.0,-0.3670%,-0.0002,0.9268,1.2541,1.0577,1.9070%,2.1764%,23.2244%,0.001566,GPI,-0.00839,0.012042,-0.0001229999999999,0.005152,0.034419
22491,GLOBAL PAYMENTS INC,"Global Payments shares are trading higher after the company reported Q4 EPS of $1.33, beating the $1.32 analyst estimate and Q4 sales of $1.04 billion, beating the $1.03 billion analyst estimate; the company issued FY19 guidance in-line with estimates.",6,increase,0.8,0.6,"the company beat both eps and sales estimates, which typically signals strong performance and can lead to a positive reaction in the stock price.",2,2019-02-13,GPN,2019-02-13 16:11:00+00:00,88873.0,37940X10,0.0453926250338554,2699444.0,-0.0097759421914815,0.0120668988674879,0.0143973669037222,0.0097475638613104,0.0086780181154608,0.0168141722679138,0.0126236202195286,-0.0115465335547924,0.005399398971349,-0.008499595336616,0.0087663922458887,0.0015635883901268,0.003836200106889,0.0119549976661801,0.0014037800719961,0.0131813623011112,0.0068536209873855,-0.012315284460783,0.0085087111219763,0.0269196331501007,0.0085135800763964,-0.0085087735205888,-0.0072249765507876,-0.0139539148658514,-0.0045962226577103,0.0089102732017636,-0.0030013804789632,0.0085370652377605,0.0024700274225324,-0.0125122340396046,0.0034650976303964,-0.0165808014571666,0.0120472069829702,0.0102265365421772,0.0,0.0046054082922637,0.0084161087870597,0.0080350106582045,-0.0048119840212166,0.0179025921970605,0.0133735472336411,-0.0067695640027523,-0.0005964944139122,0.0048979674465954,0.0023128380998969,0.0091533176600933,-0.007368853315711,0.0146744856610894,0.0209207646548748,0.026406068354845,-0.0157913621515035,0.0209245886653661,-0.0082090003415942,0.0408225171267986,0.0134688382968306,-0.0324414148926734,-0.0051970966160297,-0.0106661347672343,0.008657275699079,0.0057538165710866,0.0101369619369506,-0.0018495321273803,0.0156753547489643,0.0127168856561183,0.0010096594924107,0.0636468455195427,-0.0072046108543872,-0.0093486439436674,-0.0153120504692196,-0.0261987056583166,0.0089173223823308,-0.0244720336049795,-0.0019721623975783,0.001977426931262,0.0003658624773379,0.0151560995727777,0.0027071291115134,-0.0193897765129804,0.0001459633058402,-0.0209116153419017,0.0151017140597105,-0.005557722877711,-0.0059652281925082,0.013203889131546,0.003687439719215,-0.0076115322299301,-0.0012967002112418,-0.0004814659478142,0.0074293045327067,-0.023325840011239,0.0065153837203979,-0.0062622507102787,0.0222649369388818,-0.0516752526164054,-0.0057059861719608,0.0090332003310322,0.0037790837232023,0.0095710838213562,0.010179229080677,-0.0027912619989365,0.0033819137606769,0.0472418144345283,0.004746199119836,-0.0035703959874808,-0.0136236418038606,0.0319984778761863,0.001735147088766,-0.0071243424899876,0.010877794586122,0.0070777907967567,0.0097327856346964,-0.0118796499446034,-0.0211784560233354,-0.0484091974794864,0.0061719794757664,0.0024675952736288,0.0067545040510594,0.0197576433420181,0.0056136921048164,-0.0116064343601465,-0.0097759421914815,0.0120668988674879,0.0044806768856804,0.0219320855961171,0.0131975783963247,0.0391150277294387,0.0315275173043827,0.0183867735958993,0.0621588998038835,0.0607046179068431,0.1011014709401496,0.1451140736130824,0.1967502916847414,0.0817180923142351,2019-02-14,2019-02-15,2019-02-19,2019-02-20,2019-02-21,2019-02-22,2019-02-25,2019-02-26,2019-02-27,2019-02-28,88873.0,2019-02-13,252.0,4.5393%,0.0001,1.0518,0.043,-0.7407,0.9299%,1.6555%,68.4465%,0.042865,GPN,88873.0,2019-02-14,252.0,-0.9776%,0.0,1.0547,0.0363,-0.7336,0.9331%,1.6566%,68.2758%,-0.0121869999999999,GPN,88873.0,2019-02-15,252.0,1.4397%,0.0001,1.0635,0.0448,-0.7186,0.9330%,1.6584%,68.3510%,0.005809,GPN,88873.0,2019-02-19,252.0,0.8678%,0.0,1.0567,0.0619,-0.6987,0.9188%,1.6361%,68.4579%,0.008583,GPN,88873.0,2019-02-20,252.0,1.2624%,0.0,1.059,0.0588,-0.693,0.9159%,1.6342%,68.5851%,0.014223,GPN,88873.0,2019-02-21,252.0,0.5399%,0.0,1.0602,0.063,-0.6907,0.9157%,1.6344%,68.6096%,0.007665,GPN,88873.0,2019-02-22,252.0,0.8766%,0.0001,1.0606,0.083,-0.6674,0.9116%,1.6291%,68.6916%,-0.008725,GPN,88873.0,2019-02-25,252.0,0.3836%,0.0001,1.0601,0.0819,-0.6701,0.9111%,1.6292%,68.7284%,0.00116,GPN,88873.0,2019-02-26,252.0,0.1404%,0.0001,1.057,0.0831,-0.6718,0.9106%,1.6237%,68.5474%,0.001313,GPN,88873.0,2019-02-27,252.0,0.6854%,0.0001,1.0615,0.0765,-0.671,0.9089%,1.6241%,68.6811%,0.004838,GPN,88873.0,2019-02-28,252.0,0.8509%,0.0001,1.0644,0.0788,-0.6712,0.9093%,1.6246%,68.6758%,0.0100069999999999,GPN,0.030678,0.036487,0.04507,0.066958,0.075551
22499,GLOBAL PAYMENTS INC,"Global Payments Sees FY19 Adj. EPS $5.90-$6.10 vs $6.04 Est., Sales $4.43B-$4.49B vs $4.43B Est.",6,uncertain,0.6,0.3,"while the adjusted eps guidance is slightly below estimates, the sales forecast aligns with expectations, leading to mixed signals about the stock's potential movement.",1,2019-02-13,GPN,2019-02-13 11:57:00+00:00,88873.0,37940X10,0.0453926250338554,2699444.0,-0.0097759421914815,0.0120668988674879,0.0143973669037222,0.0097475638613104,0.0086780181154608,0.0168141722679138,0.0126236202195286,-0.0115465335547924,0.005399398971349,-0.008499595336616,0.0087663922458887,0.0015635883901268,0.003836200106889,0.0119549976661801,0.0014037800719961,0.0131813623011112,0.0068536209873855,-0.012315284460783,0.0085087111219763,0.0269196331501007,0.0085135800763964,-0.0085087735205888,-0.0072249765507876,-0.0139539148658514,-0.0045962226577103,0.0089102732017636,-0.0030013804789632,0.0085370652377605,0.0024700274225324,-0.0125122340396046,0.0034650976303964,-0.0165808014571666,0.0120472069829702,0.0102265365421772,0.0,0.0046054082922637,0.0084161087870597,0.0080350106582045,-0.0048119840212166,0.0179025921970605,0.0133735472336411,-0.0067695640027523,-0.0005964944139122,0.0048979674465954,0.0023128380998969,0.0091533176600933,-0.007368853315711,0.0146744856610894,0.0209207646548748,0.026406068354845,-0.0157913621515035,0.0209245886653661,-0.0082090003415942,0.0408225171267986,0.0134688382968306,-0.0324414148926734,-0.0051970966160297,-0.0106661347672343,0.008657275699079,0.0057538165710866,0.0101369619369506,-0.0018495321273803,0.0156753547489643,0.0127168856561183,0.0010096594924107,0.0636468455195427,-0.0072046108543872,-0.0093486439436674,-0.0153120504692196,-0.0261987056583166,0.0089173223823308,-0.0244720336049795,-0.0019721623975783,0.001977426931262,0.0003658624773379,0.0151560995727777,0.0027071291115134,-0.0193897765129804,0.0001459633058402,-0.0209116153419017,0.0151017140597105,-0.005557722877711,-0.0059652281925082,0.013203889131546,0.003687439719215,-0.0076115322299301,-0.0012967002112418,-0.0004814659478142,0.0074293045327067,-0.023325840011239,0.0065153837203979,-0.0062622507102787,0.0222649369388818,-0.0516752526164054,-0.0057059861719608,0.0090332003310322,0.0037790837232023,0.0095710838213562,0.010179229080677,-0.0027912619989365,0.0033819137606769,0.0472418144345283,0.004746199119836,-0.0035703959874808,-0.0136236418038606,0.0319984778761863,0.001735147088766,-0.0071243424899876,0.010877794586122,0.0070777907967567,0.0097327856346964,-0.0118796499446034,-0.0211784560233354,-0.0484091974794864,0.0061719794757664,0.0024675952736288,0.0067545040510594,0.0197576433420181,0.0056136921048164,-0.0116064343601465,-0.0097759421914815,0.0120668988674879,0.0044806768856804,0.0219320855961171,0.0131975783963247,0.0391150277294387,0.0315275173043827,0.0183867735958993,0.0621588998038835,0.0607046179068431,0.1011014709401496,0.1451140736130824,0.1967502916847414,0.0817180923142351,2019-02-14,2019-02-15,2019-02-19,2019-02-20,2019-02-21,2019-02-22,2019-02-25,2019-02-26,2019-02-27,2019-02-28,88873.0,2019-02-13,252.0,4.5393%,0.0001,1.0518,0.043,-0.7407,0.9299%,1.6555%,68.4465%,0.042865,GPN,88873.0,2019-02-14,252.0,-0.9776%,0.0,1.0547,0.0363,-0.7336,0.9331%,1.6566%,68.2758%,-0.0121869999999999,GPN,88873.0,2019-02-15,252.0,1.4397%,0.0001,1.0635,0.0448,-0.7186,0.9330%,1.6584%,68.3510%,0.005809,GPN,88873.0,2019-02-19,252.0,0.8678%,0.0,1.0567,0.0619,-0.6987,0.9188%,1.6361%,68.4579%,0.008583,GPN,88873.0,2019-02-20,252.0,1.2624%,0.0,1.059,0.0588,-0.693,0.9159%,1.6342%,68.5851%,0.014223,GPN,88873.0,2019-02-21,252.0,0.5399%,0.0,1.0602,0.063,-0.6907,0.9157%,1.6344%,68.6096%,0.007665,GPN,88873.0,2019-02-22,252.0,0.8766%,0.0001,1.0606,0.083,-0.6674,0.9116%,1.6291%,68.6916%,-0.008725,GPN,88873.0,2019-02-25,252.0,0.3836%,0.0001,1.0601,0.0819,-0.6701,0.9111%,1.6292%,68.7284%,0.00116,GPN,88873.0,2019-02-26,252.0,0.1404%,0.0001,1.057,0.0831,-0.6718,0.9106%,1.6237%,68.5474%,0.001313,GPN,88873.0,2019-02-27,252.0,0.6854%,0.0001,1.0615,0.0765,-0.671,0.9089%,1.6241%,68.6811%,0.004838,GPN,88873.0,2019-02-28,252.0,0.8509%,0.0001,1.0644,0.0788,-0.6712,0.9093%,1.6246%,68.6758%,0.0100069999999999,GPN,0.030678,0.036487,0.04507,0.066958,0.075551
22507,GLOBAL PAYMENTS INC,"Global Payments Inc. Q4 Adj. EPS $1.33 Beats $1.32 Estimate, Adj. Sales $1.04B Beat $1.03B Estimate",6,increase,0.8,0.6,"the company reported better-than-expected earnings and sales, which typically boosts investor confidence and can lead to an increase in stock price.",2,2019-02-13,GPN,2019-02-13 11:56:00+00:00,88873.0,37940X10,0.0453926250338554,2699444.0,-0.0097759421914815,0.0120668988674879,0.0143973669037222,0.0097475638613104,0.0086780181154608,0.0168141722679138,0.0126236202195286,-0.0115465335547924,0.005399398971349,-0.008499595336616,0.0087663922458887,0.0015635883901268,0.003836200106889,0.0119549976661801,0.0014037800719961,0.0131813623011112,0.0068536209873855,-0.012315284460783,0.0085087111219763,0.0269196331501007,0.0085135800763964,-0.0085087735205888,-0.0072249765507876,-0.0139539148658514,-0.0045962226577103,0.0089102732017636,-0.0030013804789632,0.0085370652377605,0.0024700274225324,-0.0125122340396046,0.0034650976303964,-0.0165808014571666,0.0120472069829702,0.0102265365421772,0.0,0.0046054082922637,0.0084161087870597,0.0080350106582045,-0.0048119840212166,0.0179025921970605,0.0133735472336411,-0.0067695640027523,-0.0005964944139122,0.0048979674465954,0.0023128380998969,0.0091533176600933,-0.007368853315711,0.0146744856610894,0.0209207646548748,0.026406068354845,-0.0157913621515035,0.0209245886653661,-0.0082090003415942,0.0408225171267986,0.0134688382968306,-0.0324414148926734,-0.0051970966160297,-0.0106661347672343,0.008657275699079,0.0057538165710866,0.0101369619369506,-0.0018495321273803,0.0156753547489643,0.0127168856561183,0.0010096594924107,0.0636468455195427,-0.0072046108543872,-0.0093486439436674,-0.0153120504692196,-0.0261987056583166,0.0089173223823308,-0.0244720336049795,-0.0019721623975783,0.001977426931262,0.0003658624773379,0.0151560995727777,0.0027071291115134,-0.0193897765129804,0.0001459633058402,-0.0209116153419017,0.0151017140597105,-0.005557722877711,-0.0059652281925082,0.013203889131546,0.003687439719215,-0.0076115322299301,-0.0012967002112418,-0.0004814659478142,0.0074293045327067,-0.023325840011239,0.0065153837203979,-0.0062622507102787,0.0222649369388818,-0.0516752526164054,-0.0057059861719608,0.0090332003310322,0.0037790837232023,0.0095710838213562,0.010179229080677,-0.0027912619989365,0.0033819137606769,0.0472418144345283,0.004746199119836,-0.0035703959874808,-0.0136236418038606,0.0319984778761863,0.001735147088766,-0.0071243424899876,0.010877794586122,0.0070777907967567,0.0097327856346964,-0.0118796499446034,-0.0211784560233354,-0.0484091974794864,0.0061719794757664,0.0024675952736288,0.0067545040510594,0.0197576433420181,0.0056136921048164,-0.0116064343601465,-0.0097759421914815,0.0120668988674879,0.0044806768856804,0.0219320855961171,0.0131975783963247,0.0391150277294387,0.0315275173043827,0.0183867735958993,0.0621588998038835,0.0607046179068431,0.1011014709401496,0.1451140736130824,0.1967502916847414,0.0817180923142351,2019-02-14,2019-02-15,2019-02-19,2019-02-20,2019-02-21,2019-02-22,2019-02-25,2019-02-26,2019-02-27,2019-02-28,88873.0,2019-02-13,252.0,4.5393%,0.0001,1.0518,0.043,-0.7407,0.9299%,1.6555%,68.4465%,0.042865,GPN,88873.0,2019-02-14,252.0,-0.9776%,0.0,1.0547,0.0363,-0.7336,0.9331%,1.6566%,68.2758%,-0.0121869999999999,GPN,88873.0,2019-02-15,252.0,1.4397%,0.0001,1.0635,0.0448,-0.7186,0.9330%,1.6584%,68.3510%,0.005809,GPN,88873.0,2019-02-19,252.0,0.8678%,0.0,1.0567,0.0619,-0.6987,0.9188%,1.6361%,68.4579%,0.008583,GPN,88873.0,2019-02-20,252.0,1.2624%,0.0,1.059,0.0588,-0.693,0.9159%,1.6342%,68.5851%,0.014223,GPN,88873.0,2019-02-21,252.0,0.5399%,0.0,1.0602,0.063,-0.6907,0.9157%,1.6344%,68.6096%,0.007665,GPN,88873.0,2019-02-22,252.0,0.8766%,0.0001,1.0606,0.083,-0.6674,0.9116%,1.6291%,68.6916%,-0.008725,GPN,88873.0,2019-02-25,252.0,0.3836%,0.0001,1.0601,0.0819,-0.6701,0.9111%,1.6292%,68.7284%,0.00116,GPN,88873.0,2019-02-26,252.0,0.1404%,0.0001,1.057,0.0831,-0.6718,0.9106%,1.6237%,68.5474%,0.001313,GPN,88873.0,2019-02-27,252.0,0.6854%,0.0001,1.0615,0.0765,-0.671,0.9089%,1.6241%,68.6811%,0.004838,GPN,88873.0,2019-02-28,252.0,0.8509%,0.0001,1.0644,0.0788,-0.6712,0.9093%,1.6246%,68.6758%,0.0100069999999999,GPN,0.030678,0.036487,0.04507,0.066958,0.075551
22515,GROUPON INC,"Groupon shares are trading lower after the company reported Q4 EPS of $0.10, missing the $0.13 consensus estimate and issued FY19 EBITDA guidance of about $270 million.",6,decrease,0.8,0.6,"the miss on eps and lower-than-expected ebitda guidance typically lead to negative investor sentiment, resulting in a decrease in stock price.",0,2019-02-13,GRPN,2019-02-13 14:28:00+00:00,13108.0,39947320,-0.1111111268401146,28735468.0,0.0170454382896423,0.0560000091791153,-0.0251396410167217,0.0416666939854621,0.0,0.0,-0.0200572870671749,-0.0296496320515871,-0.0175439119338989,-0.0106666563078761,0.0,0.0107816606760025,-0.0119047509506344,-0.0185185018926858,-0.0060240905731916,0.0026525172870606,0.0,0.0134408473968505,-0.0090909004211425,0.0054053999483585,0.030581010505557,-0.0026954151690006,0.0,-0.0159151051193475,0.0148368524387478,0.0385674536228179,-0.0204678867012262,0.0111421169713139,-0.0208955034613609,-0.0082872854545712,0.0243902206420898,-0.0448549017310142,0.0119048217311501,0.0160857755690813,-0.0029411735013127,0.0053908303380012,0.0,-0.0080213826149702,0.0,0.0,0.0412978939712047,0.041782759130001,-0.0198300089687109,0.0056022354401648,-0.0057803411036729,0.0,0.0058139478787779,0.0113314343616366,0.020231194794178,0.0085714207962155,-0.0424928776919841,0.0174418427050113,0.0,0.0683229863643646,0.0118343075737357,-0.012269927188754,0.0116958953440189,0.0187499821186065,0.0057803411036729,0.0,0.0201149228960275,0.0158730000257492,0.0028168987482786,0.003184710163623,-0.0168539173901081,0.0940767377614975,0.0,-0.0103448992595076,0.0228571202605962,-0.0301003064960241,-0.0055865868926048,-0.0099337650462985,-0.0028089862316846,-0.0226537007838487,-0.0225351899862289,0.0231787860393524,0.0259365737438201,-0.0382165983319282,-0.0112359449267387,0.009646370075643,-0.0056818127632141,-0.0489296913146972,-0.0114285601302981,0.0686274617910385,0.0289017055183649,-0.0032573258504271,-0.0308988466858863,-0.0096774101257324,0.0115941921249032,0.0064935004338622,-0.025787940248847,-0.022222276777029,0.0147058675065636,0.0096154520288109,0.0144927399232983,0.0162866301834583,0.0028571400325745,-0.0128617249429225,0.02849000133574,-0.0220126323401927,-0.0221606437116861,0.0426229871809482,-0.0028328585904091,0.0,0.03409094363451,0.026936000213027,-0.0274725668132305,-0.0033557014539837,0.0141242807731032,0.0170648302882909,0.0167131423950195,-0.0034013572148978,-0.0109589584171772,-0.0264900419861078,0.0027700804639607,0.0596491508185863,-0.0220994278788566,-0.027303809300065,-0.0056497124023735,-0.0200668703764677,0.0170454382896423,0.0560000091791152,-0.0085227189266536,0.1000000384102266,-0.0085227189266536,0.1000000384102266,-0.0454545692016695,0.0560000083566312,-0.0710227265248565,0.0702702636409573,-0.011363625287707,0.237499984534427,-3.05685354806684e-09,0.3244147062985256,2019-02-14,2019-02-15,2019-02-19,2019-02-20,2019-02-21,2019-02-22,2019-02-25,2019-02-26,2019-02-27,2019-02-28,13108.0,2019-02-13,252.0,-11.1111%,-0.0014,1.0543,0.9041,0.1171,2.7056%,2.9627%,16.5998%,-0.114878,GRPN,13108.0,2019-02-14,252.0,1.7045%,-0.0014,1.0498,0.9128,0.1087,2.7070%,2.9638%,16.5780%,0.015137,GRPN,13108.0,2019-02-15,252.0,-2.5140%,-0.0011,1.1173,0.9693,0.2128,2.6235%,2.9087%,18.6460%,-0.039906,GRPN,13108.0,2019-02-19,252.0,0.0000%,-0.0009,1.1288,0.9489,0.189,2.6117%,2.9029%,19.0606%,-0.005672,GRPN,13108.0,2019-02-20,252.0,-2.0057%,-0.001,1.1235,0.9444,0.1721,2.6142%,2.9045%,18.9888%,-0.025429,GRPN,13108.0,2019-02-21,252.0,-1.7544%,-0.0009,1.1119,0.9183,0.151,2.6033%,2.8890%,18.7990%,-0.01243,GRPN,13108.0,2019-02-22,252.0,0.0000%,-0.0009,1.1133,0.9158,0.165,2.6040%,2.8889%,18.7556%,-0.010159,GRPN,13108.0,2019-02-25,252.0,-1.1905%,-0.0008,1.1107,0.9182,0.1568,2.6009%,2.8862%,18.7959%,-0.010997,GRPN,13108.0,2019-02-26,252.0,-0.6024%,-0.001,1.0846,0.9394,0.148,2.5870%,2.8651%,18.4684%,0.0020469999999999,GRPN,13108.0,2019-02-27,252.0,0.0000%,-0.0009,1.0954,0.9197,0.1497,2.5824%,2.8630%,18.6411%,-0.0026829999999999,GRPN,13108.0,2019-02-28,252.0,-0.9091%,-0.001,1.1014,0.9236,0.1552,2.5819%,2.8632%,18.6863%,-0.005605,GRPN,-0.099741,-0.139647,-0.145319,-0.183178,-0.210575
22523,HYATT HOTELS CORP,Hyatt Hotels Sees FY19 Net Income $109M-$147M,6,uncertain,0.6,0.3,"the projected net income range for fy19 is relatively low and lacks context regarding market expectations, making the impact on stock price uncertain.",1,2019-02-13,H,2019-02-13 22:37:00+00:00,93098.0,44857910,0.0434844046831131,954160.0,-0.0118480557575821,-0.0048083206638693,-0.0030319904908537,0.0072649880312383,0.0240531601011753,0.0050107156857848,0.0103941224515438,-0.0095008248463273,-0.0041415840387344,0.0009936081478372,0.0061711710877716,-0.0048029944300651,-0.0127999875694513,0.0048261741176247,-0.0103997718542814,0.0077241202816367,0.0019157003844156,0.0114294113591313,-0.0061459243297576,0.0062600127421319,0.0178645476698875,0.0102956993505358,0.000810011581052,0.0056204297579824,0.010522142983973,0.006101245060563,0.0052062389440834,-0.001485974760726,-0.030013307929039,0.0013391454704105,-0.0050657549872994,-0.0133588314056396,-0.0044034635648131,0.015958234667778,-0.0031789320055395,-0.0023805391974747,0.0058236015029251,-0.0095785660669207,-0.0024813937488943,0.0113264108076691,0.000276349397609,-0.0172817856073379,0.0042830230668187,0.004412995185703,-0.0019259785767644,0.0011782301589846,-0.012129632756114,-0.0110690658912062,0.0224640797823667,0.0155302919447422,-0.004093823954463,0.00640071881935,-0.0119211114943027,0.0404212586581707,-0.0036056321114301,-0.0356929413974285,-0.0073764617554843,-0.0094674471765756,0.0042064366862177,-0.0001479387137806,0.0132644083350896,0.0008881947724148,0.0147443804889917,0.0128954956308007,0.0137154012918472,0.0504016503691673,0.0066979234106838,-0.023230742663145,0.0053227082826197,-0.0030674380250275,0.0146922646090388,-0.0210210438817739,0.0036524753086268,-0.0184229929000139,-0.0165064241737127,0.0084720524027943,0.0039646234363317,-0.0050281565636396,0.0022377013228833,0.0041580996476113,0.000787989993114,0.0013382354518398,-0.0003936847788281,-0.0025214799679815,0.006039110943675,-0.0193454809486866,0.0018269527936354,-0.0097940415143966,-0.0096391541883349,-0.0248595047742128,0.0027620557229965,0.0164167564362287,0.0041972678154706,-0.0411989390850067,-0.0095349494367837,0.024540739133954,0.0019781289156526,-0.0128737585619092,0.012371608056128,-0.0002768374106381,-0.0054601947776973,0.0222096424549818,0.0030065798200666,-0.0018317425856366,0.0264563877135515,0.014726891182363,-0.0176485441625118,-0.0011424479307606,0.0031019498128443,0.0141946077346801,-0.0027058250270783,-0.010179198347032,-0.0083979526534676,-0.0180205386132001,-0.0024756018538028,0.0085190748795866,0.0111024836078286,0.0222060773521661,-0.0133058568462729,0.0053991354070603,-0.0118480557575821,-0.0048083206638693,-0.0148441230560438,0.0024217349752955,0.0088519889767029,0.0074445852865079,0.01511644559739,-0.0011354744868303,-0.0064116799570741,0.0244577121881939,-0.022113488403602,0.040822397281242,0.0428786115787538,0.0290285327990345,2019-02-14,2019-02-15,2019-02-19,2019-02-20,2019-02-21,2019-02-22,2019-02-25,2019-02-26,2019-02-27,2019-02-28,93098.0,2019-02-13,252.0,4.3484%,-0.0005,0.8635,0.2299,-0.2564,1.0493%,1.4570%,48.1339%,0.041038,H,93098.0,2019-02-14,252.0,-1.1848%,-0.0006,0.8659,0.2229,-0.2478,1.0508%,1.4571%,47.9875%,-0.012817,H,93098.0,2019-02-15,252.0,-0.3032%,-0.0007,0.848,0.2055,-0.2786,1.0504%,1.4490%,47.4481%,-0.012284,H,93098.0,2019-02-19,252.0,2.4053%,-0.0005,0.8593,0.2105,-0.2739,1.0522%,1.4558%,47.7684%,0.022582,H,93098.0,2019-02-20,252.0,1.0394%,-0.0004,0.8622,0.217,-0.2637,1.0541%,1.4573%,47.6846%,0.009705,H,93098.0,2019-02-21,252.0,-0.4142%,-0.0005,0.8682,0.2291,-0.2527,1.0493%,1.4561%,48.0769%,-0.001506,H,93098.0,2019-02-22,252.0,0.6171%,-0.0005,0.8692,0.2186,-0.2508,1.0486%,1.4564%,48.1630%,-0.004546,H,93098.0,2019-02-25,252.0,-1.2800%,-0.0006,0.8698,0.2258,-0.2448,1.0517%,1.4582%,47.9871%,-0.014087,H,93098.0,2019-02-26,252.0,-1.0400%,-0.0005,0.8889,0.2183,-0.2343,1.0366%,1.4560%,49.3071%,-0.008471,H,93098.0,2019-02-27,252.0,0.1916%,-0.0004,0.9004,0.1981,-0.2324,1.0236%,1.4520%,50.3052%,0.00032,H,93098.0,2019-02-28,252.0,-0.6146%,-0.0004,0.8945,0.1939,-0.2358,1.0209%,1.4445%,50.0479%,-0.004075,H,0.0282209999999999,0.0159369999999999,0.038519,0.0467179999999999,0.0158589999999999
22531,HYATT HOTELS CORP,"Hyatt Hotels Q4 EPS $0.40 Beats $0.30 Estimate, Sales $1.138B Miss $1.15B Estimate",6,uncertain,0.6,0.3,"while the earnings per share (eps) beat estimates, the sales miss could create mixed reactions among investors, leading to uncertainty in the stock price movement.",1,2019-02-13,H,2019-02-13 22:35:00+00:00,93098.0,44857910,0.0434844046831131,954160.0,-0.0118480557575821,-0.0048083206638693,-0.0030319904908537,0.0072649880312383,0.0240531601011753,0.0050107156857848,0.0103941224515438,-0.0095008248463273,-0.0041415840387344,0.0009936081478372,0.0061711710877716,-0.0048029944300651,-0.0127999875694513,0.0048261741176247,-0.0103997718542814,0.0077241202816367,0.0019157003844156,0.0114294113591313,-0.0061459243297576,0.0062600127421319,0.0178645476698875,0.0102956993505358,0.000810011581052,0.0056204297579824,0.010522142983973,0.006101245060563,0.0052062389440834,-0.001485974760726,-0.030013307929039,0.0013391454704105,-0.0050657549872994,-0.0133588314056396,-0.0044034635648131,0.015958234667778,-0.0031789320055395,-0.0023805391974747,0.0058236015029251,-0.0095785660669207,-0.0024813937488943,0.0113264108076691,0.000276349397609,-0.0172817856073379,0.0042830230668187,0.004412995185703,-0.0019259785767644,0.0011782301589846,-0.012129632756114,-0.0110690658912062,0.0224640797823667,0.0155302919447422,-0.004093823954463,0.00640071881935,-0.0119211114943027,0.0404212586581707,-0.0036056321114301,-0.0356929413974285,-0.0073764617554843,-0.0094674471765756,0.0042064366862177,-0.0001479387137806,0.0132644083350896,0.0008881947724148,0.0147443804889917,0.0128954956308007,0.0137154012918472,0.0504016503691673,0.0066979234106838,-0.023230742663145,0.0053227082826197,-0.0030674380250275,0.0146922646090388,-0.0210210438817739,0.0036524753086268,-0.0184229929000139,-0.0165064241737127,0.0084720524027943,0.0039646234363317,-0.0050281565636396,0.0022377013228833,0.0041580996476113,0.000787989993114,0.0013382354518398,-0.0003936847788281,-0.0025214799679815,0.006039110943675,-0.0193454809486866,0.0018269527936354,-0.0097940415143966,-0.0096391541883349,-0.0248595047742128,0.0027620557229965,0.0164167564362287,0.0041972678154706,-0.0411989390850067,-0.0095349494367837,0.024540739133954,0.0019781289156526,-0.0128737585619092,0.012371608056128,-0.0002768374106381,-0.0054601947776973,0.0222096424549818,0.0030065798200666,-0.0018317425856366,0.0264563877135515,0.014726891182363,-0.0176485441625118,-0.0011424479307606,0.0031019498128443,0.0141946077346801,-0.0027058250270783,-0.010179198347032,-0.0083979526534676,-0.0180205386132001,-0.0024756018538028,0.0085190748795866,0.0111024836078286,0.0222060773521661,-0.0133058568462729,0.0053991354070603,-0.0118480557575821,-0.0048083206638693,-0.0148441230560438,0.0024217349752955,0.0088519889767029,0.0074445852865079,0.01511644559739,-0.0011354744868303,-0.0064116799570741,0.0244577121881939,-0.022113488403602,0.040822397281242,0.0428786115787538,0.0290285327990345,2019-02-14,2019-02-15,2019-02-19,2019-02-20,2019-02-21,2019-02-22,2019-02-25,2019-02-26,2019-02-27,2019-02-28,93098.0,2019-02-13,252.0,4.3484%,-0.0005,0.8635,0.2299,-0.2564,1.0493%,1.4570%,48.1339%,0.041038,H,93098.0,2019-02-14,252.0,-1.1848%,-0.0006,0.8659,0.2229,-0.2478,1.0508%,1.4571%,47.9875%,-0.012817,H,93098.0,2019-02-15,252.0,-0.3032%,-0.0007,0.848,0.2055,-0.2786,1.0504%,1.4490%,47.4481%,-0.012284,H,93098.0,2019-02-19,252.0,2.4053%,-0.0005,0.8593,0.2105,-0.2739,1.0522%,1.4558%,47.7684%,0.022582,H,93098.0,2019-02-20,252.0,1.0394%,-0.0004,0.8622,0.217,-0.2637,1.0541%,1.4573%,47.6846%,0.009705,H,93098.0,2019-02-21,252.0,-0.4142%,-0.0005,0.8682,0.2291,-0.2527,1.0493%,1.4561%,48.0769%,-0.001506,H,93098.0,2019-02-22,252.0,0.6171%,-0.0005,0.8692,0.2186,-0.2508,1.0486%,1.4564%,48.1630%,-0.004546,H,93098.0,2019-02-25,252.0,-1.2800%,-0.0006,0.8698,0.2258,-0.2448,1.0517%,1.4582%,47.9871%,-0.014087,H,93098.0,2019-02-26,252.0,-1.0400%,-0.0005,0.8889,0.2183,-0.2343,1.0366%,1.4560%,49.3071%,-0.008471,H,93098.0,2019-02-27,252.0,0.1916%,-0.0004,0.9004,0.1981,-0.2324,1.0236%,1.4520%,50.3052%,0.00032,H,93098.0,2019-02-28,252.0,-0.6146%,-0.0004,0.8945,0.1939,-0.2358,1.0209%,1.4445%,50.0479%,-0.004075,H,0.0282209999999999,0.0159369999999999,0.038519,0.0467179999999999,0.0158589999999999
22539,HALLIBURTON CO,"US Department Of Treasure Granted Halliburton General License To Continue Venezuela Operations Until Jul. 27, 2019",6,increase,0.7,0.6,"the granting of a general license by the us department of treasury allows halliburton to continue its operations in venezuela, which could lead to increased revenue and investor confidence.",2,2019-02-13,HAL,2019-02-13 20:25:00+00:00,23819.0,40621610,0.0181582178920507,7146389.0,0.0063694510608911,0.0211920328438282,0.0079113924875855,0.0168350171297788,-0.0047095641493797,-0.0262294840067625,0.018611991778016,-0.0477676801383495,-0.0281821526587009,-0.0083591472357511,-0.0019120288779959,0.0015503639588132,0.0137292565777897,0.0040473560802638,-0.0066141444258391,0.02423463948071,-0.0091947019100189,-0.0066518555395305,-0.0179199837148189,0.0233387127518653,0.0078201293945312,-0.0121677611023187,0.0016165288398042,-0.0271027721464633,-0.0164621900767087,0.0285164825618267,-0.047870609909296,0.0051529742777347,-0.031553391367197,-0.0067178821191191,-0.0164697803556919,-0.0306976679712534,0.0152894100174307,0.0436893329024314,0.0071710566990077,0.0177865289151668,0.0145959360525012,0.0003294968337286,-0.0010526556288823,-0.0006585596711374,-0.0175623465329408,-0.0107491826638579,0.0321773886680603,-0.0055069671943783,0.0135088115930557,0.0290000271052122,0.0287081394344568,0.027397233992815,-0.0019933376461267,0.0131853250786662,-0.0436085648834705,0.0140745816752314,-0.0170553345233202,0.0475488752126693,0.0081444596871733,-0.0062271091155707,0.0031612277962267,0.0270880106836557,0.0220588613301515,0.0045351791195571,0.0037683693226426,0.0037935688160359,0.0286689475178718,-0.0026484939735382,-0.0066356621682643,0.0513126850128173,-0.0003340089751873,-0.0274661891162395,0.0163715258240699,-0.04753128439188,0.018080186098814,-0.0180897247046232,0.0103326318785548,-0.0462387911975383,-0.0153404101729393,-0.0037813892122358,0.0074651557952165,0.0031034534331411,0.0051546338945627,-0.0304246023297309,0.0041666398756206,0.0101316859945654,-0.0012766999425366,0.0281250476837158,0.0166186820715665,-0.0163934919983148,-0.0069160428829491,-0.0134770758450031,-0.0145616009831428,-0.0036925347521901,-0.0012849023332819,-0.0467557124793529,0.0019298638217151,-0.037354540079832,-0.0333868078887462,0.039134569466114,-0.0295583289116621,-0.0144245559349656,-0.0126625234261155,-0.0087037235498428,-0.0027729608118534,0.0090965814888477,-0.0152937266975641,0.0025157209020107,-0.026120712980628,0.0358305685222148,0.005436738487333,-0.0385217517614364,0.0010814955458045,0.015585234388709,-0.0050414581783115,-0.0469839684665203,-0.0249728057533502,0.0163278691470623,-0.016332609578967,0.0003081146860495,-0.0192452911287546,0.0062015741132199,-0.0242400597780942,-0.0006197848706506,0.0063694510608911,0.0211920328438282,0.0143312347757498,0.0383838182095477,0.0095541767568538,0.0111475464569394,-0.0006369565401032,-0.0452012090787544,-0.0226114356894462,-0.0003241548985249,-0.0648578278709772,0.1655329272676593,-0.1875571881424399,-0.0385390746159094,2019-02-14,2019-02-15,2019-02-19,2019-02-20,2019-02-21,2019-02-22,2019-02-25,2019-02-26,2019-02-27,2019-02-28,23819.0,2019-02-13,252.0,1.8158%,-0.0014,1.1718,0.6056,0.943,1.5020%,1.8927%,37.0249%,0.013752,HAL,23819.0,2019-02-14,252.0,0.6369%,-0.0013,1.1696,0.6127,0.9339,1.5022%,1.8923%,36.9829%,0.011051,HAL,23819.0,2019-02-15,252.0,0.7911%,-0.0013,1.1733,0.615,0.9384,1.5015%,1.8918%,37.0100%,-0.01142,HAL,23819.0,2019-02-19,252.0,-0.4710%,-0.0012,1.1796,0.5968,0.9174,1.4933%,1.8881%,37.4451%,-0.011637,HAL,23819.0,2019-02-20,252.0,1.8612%,-0.0012,1.1817,0.5971,0.9239,1.4936%,1.8901%,37.5560%,0.0099119999999999,HAL,23819.0,2019-02-21,252.0,-2.8182%,-0.0013,1.1885,0.6063,0.9364,1.4985%,1.8973%,37.6237%,-0.0213669999999999,HAL,23819.0,2019-02-22,252.0,-0.1912%,-0.0013,1.1875,0.6252,0.9416,1.4961%,1.8959%,37.7325%,0.000693,HAL,23819.0,2019-02-25,252.0,1.3729%,-0.0013,1.1894,0.619,0.9455,1.4958%,1.8963%,37.7821%,0.015168,HAL,23819.0,2019-02-26,252.0,-0.6614%,-0.0013,1.1798,0.6233,0.9406,1.4930%,1.8875%,37.4292%,0.002271,HAL,23819.0,2019-02-27,252.0,-0.9195%,-0.0013,1.1852,0.611,0.9414,1.4920%,1.8880%,37.5535%,-0.010412,HAL,23819.0,2019-02-28,252.0,-1.7920%,-0.0013,1.1898,0.6137,0.9472,1.4933%,1.8896%,37.5470%,-0.012114,HAL,0.024803,0.0133829999999999,0.0017459999999999,-0.0097089999999999,-0.014103
22547,HASBRO INC,"Optimism In Toyland: Wells Fargo Likes Mattel, Hasbro Moving Forward",6,increase,0.7,0.6,"the positive sentiment from wells fargo regarding both mattel and hasbro suggests a favorable outlook for the toy industry, which could lead to an increase in hasbro's stock price.",2,2019-02-13,HAS,2019-02-13 19:18:00+00:00,52978.0,41805610,0.0044657979160547,1346221.0,-0.0024452731013298,0.0077633038163185,-0.0373258888721466,-0.0057053603231906,0.0122684901580214,-0.009529092349112,-0.0061742616817355,-0.0082417586818337,-0.0072480128146708,-0.0054644807241857,-0.003360770875588,0.0016420528991147,0.0019767228513956,0.0062789130024611,-0.0177555847913026,0.002429342130199,-0.001890312298201,0.0015375562943518,0.0049715689383447,0.0046342913992702,0.0367490574717521,-0.0011022385442629,0.0072711547836661,0.0066571189090609,-0.0016918736509978,0.008165500126779,-0.0047452920116484,0.0136054949834942,-0.015779310837388,-0.0096564181149005,0.0040369792841374,0.0023635237012058,0.0003446154878474,0.0052041984163224,-0.0049379914999008,0.0150436097756028,0.00207732594572,-0.0076353065669536,-0.003685358678922,0.0145681835711002,0.0024274543393403,-0.004947081208229,0.0043818871490657,0.0195894204080104,-0.0019517586333677,0.0009393193759024,-0.0128839612007141,-0.0028100395575165,-0.0097890263423323,0.0254532676190137,-0.0171825233846902,0.0309444237500429,0.0053885397501289,0.0370988361537456,0.008575526997447,-0.0260065235197544,0.0022437700536102,-0.0156307276338338,0.0081300195306539,0.0014791415305808,-0.0063113714568316,-0.0031945218797773,0.0077629229053854,0.0039472025819122,-0.0065359193831682,0.03909258171916,0.0016447296366095,-0.001152271986939,0.0090311588719487,-0.0123908938840031,0.0061606275849044,-0.0175155736505985,-0.0003465663176029,-0.0218712389469146,-0.0159481950104236,-0.0154323885217309,0.0052847554907202,-0.0055912588723003,0.0029205607715994,0.0035816072486341,0.020034959539771,-0.012613458558917,0.0038826535455882,0.0115669118240475,0.020134188234806,-0.0016666593728587,0.0055753788910806,0.0008340247441083,-0.015524523332715,-0.0406903363764286,-0.0075467242859303,-0.0104061281308531,0.1423221081495285,-0.0162456780672073,0.025136599317193,-0.0124175520613789,-0.0164760313928127,-0.0604026690125465,0.0109380465000867,0.0038349409587681,-0.008480311371386,0.0092050721868872,0.0080613391473889,-0.0197887867689132,0.0022579592186957,0.0156201189383864,0.0143011733889579,0.0194267723709344,0.0115885743871331,0.0025542557705193,-0.0101193087175488,-0.0098008252680301,-0.0241103284060955,-0.0288609117269516,-0.0037553599104285,0.0015375310322269,-0.0034718627575784,0.0089977774769067,0.0022895019501447,0.0118250828236341,-0.0024452731013298,0.0077633038163185,-0.0396798899814341,0.0020136510475572,-0.0278982121631212,-0.0075346295683458,-0.0409025265465824,-0.0210928999428109,-0.0563521132608001,-0.0048205308033335,-0.0490163798714829,0.1117110275663566,0.126622098681532,-0.0561624614615356,2019-02-14,2019-02-15,2019-02-19,2019-02-20,2019-02-21,2019-02-22,2019-02-25,2019-02-26,2019-02-27,2019-02-28,52978.0,2019-02-13,252.0,0.4466%,-0.0003,0.6052,0.4299,-0.0486,1.4289%,1.5946%,19.6989%,0.002462,HAS,52978.0,2019-02-14,252.0,-0.2445%,-0.0003,0.6069,0.4285,-0.0486,1.4266%,1.5931%,19.8066%,-0.003792,HAS,52978.0,2019-02-15,252.0,-3.7326%,-0.0005,0.5753,0.3953,-0.1063,1.4538%,1.6085%,18.3133%,-0.045122,HAS,52978.0,2019-02-19,252.0,1.2268%,-0.0004,0.5775,0.4019,-0.099,1.4554%,1.6098%,18.2719%,0.010248,HAS,52978.0,2019-02-20,252.0,-0.6174%,-0.0005,0.5741,0.3882,-0.1126,1.4533%,1.6073%,18.2478%,-0.007711,HAS,52978.0,2019-02-21,252.0,-0.7248%,-0.0005,0.5731,0.3851,-0.1144,1.4531%,1.6065%,18.1845%,-0.005211,HAS,52978.0,2019-02-22,252.0,-0.3361%,-0.0006,0.5753,0.3644,-0.1067,1.4520%,1.6043%,18.0822%,-0.010986,HAS,52978.0,2019-02-25,252.0,0.1977%,-0.0005,0.5732,0.3612,-0.1162,1.4477%,1.6006%,18.1929%,0.001769,HAS,52978.0,2019-02-26,252.0,-1.7756%,-0.0006,0.5795,0.3752,-0.1044,1.4501%,1.6043%,18.3018%,-0.0150099999999999,HAS,52978.0,2019-02-27,252.0,-0.1890%,-0.0006,0.5765,0.3798,-0.1049,1.4496%,1.6028%,18.2049%,-0.00335,HAS,52978.0,2019-02-28,252.0,0.4972%,-0.0006,0.5727,0.3774,-0.1093,1.4500%,1.6012%,17.9958%,0.006321,HAS,-0.0013299999999999,-0.046452,-0.036204,-0.049126,-0.070382
22555,HASBRO INC,"Wells Fargo Maintains Market Perform on Hasbro, Lowers Price Target to $90",6,decrease,0.7,0.6,"lowering the price target typically signals reduced expectations for the stock's future performance, which can lead to a decrease in stock price.",0,2019-02-13,HAS,2019-02-13 13:51:00+00:00,52978.0,41805610,0.0044657979160547,1346221.0,-0.0024452731013298,0.0077633038163185,-0.0373258888721466,-0.0057053603231906,0.0122684901580214,-0.009529092349112,-0.0061742616817355,-0.0082417586818337,-0.0072480128146708,-0.0054644807241857,-0.003360770875588,0.0016420528991147,0.0019767228513956,0.0062789130024611,-0.0177555847913026,0.002429342130199,-0.001890312298201,0.0015375562943518,0.0049715689383447,0.0046342913992702,0.0367490574717521,-0.0011022385442629,0.0072711547836661,0.0066571189090609,-0.0016918736509978,0.008165500126779,-0.0047452920116484,0.0136054949834942,-0.015779310837388,-0.0096564181149005,0.0040369792841374,0.0023635237012058,0.0003446154878474,0.0052041984163224,-0.0049379914999008,0.0150436097756028,0.00207732594572,-0.0076353065669536,-0.003685358678922,0.0145681835711002,0.0024274543393403,-0.004947081208229,0.0043818871490657,0.0195894204080104,-0.0019517586333677,0.0009393193759024,-0.0128839612007141,-0.0028100395575165,-0.0097890263423323,0.0254532676190137,-0.0171825233846902,0.0309444237500429,0.0053885397501289,0.0370988361537456,0.008575526997447,-0.0260065235197544,0.0022437700536102,-0.0156307276338338,0.0081300195306539,0.0014791415305808,-0.0063113714568316,-0.0031945218797773,0.0077629229053854,0.0039472025819122,-0.0065359193831682,0.03909258171916,0.0016447296366095,-0.001152271986939,0.0090311588719487,-0.0123908938840031,0.0061606275849044,-0.0175155736505985,-0.0003465663176029,-0.0218712389469146,-0.0159481950104236,-0.0154323885217309,0.0052847554907202,-0.0055912588723003,0.0029205607715994,0.0035816072486341,0.020034959539771,-0.012613458558917,0.0038826535455882,0.0115669118240475,0.020134188234806,-0.0016666593728587,0.0055753788910806,0.0008340247441083,-0.015524523332715,-0.0406903363764286,-0.0075467242859303,-0.0104061281308531,0.1423221081495285,-0.0162456780672073,0.025136599317193,-0.0124175520613789,-0.0164760313928127,-0.0604026690125465,0.0109380465000867,0.0038349409587681,-0.008480311371386,0.0092050721868872,0.0080613391473889,-0.0197887867689132,0.0022579592186957,0.0156201189383864,0.0143011733889579,0.0194267723709344,0.0115885743871331,0.0025542557705193,-0.0101193087175488,-0.0098008252680301,-0.0241103284060955,-0.0288609117269516,-0.0037553599104285,0.0015375310322269,-0.0034718627575784,0.0089977774769067,0.0022895019501447,0.0118250828236341,-0.0024452731013298,0.0077633038163185,-0.0396798899814341,0.0020136510475572,-0.0278982121631212,-0.0075346295683458,-0.0409025265465824,-0.0210928999428109,-0.0563521132608001,-0.0048205308033335,-0.0490163798714829,0.1117110275663566,0.126622098681532,-0.0561624614615356,2019-02-14,2019-02-15,2019-02-19,2019-02-20,2019-02-21,2019-02-22,2019-02-25,2019-02-26,2019-02-27,2019-02-28,52978.0,2019-02-13,252.0,0.4466%,-0.0003,0.6052,0.4299,-0.0486,1.4289%,1.5946%,19.6989%,0.002462,HAS,52978.0,2019-02-14,252.0,-0.2445%,-0.0003,0.6069,0.4285,-0.0486,1.4266%,1.5931%,19.8066%,-0.003792,HAS,52978.0,2019-02-15,252.0,-3.7326%,-0.0005,0.5753,0.3953,-0.1063,1.4538%,1.6085%,18.3133%,-0.045122,HAS,52978.0,2019-02-19,252.0,1.2268%,-0.0004,0.5775,0.4019,-0.099,1.4554%,1.6098%,18.2719%,0.010248,HAS,52978.0,2019-02-20,252.0,-0.6174%,-0.0005,0.5741,0.3882,-0.1126,1.4533%,1.6073%,18.2478%,-0.007711,HAS,52978.0,2019-02-21,252.0,-0.7248%,-0.0005,0.5731,0.3851,-0.1144,1.4531%,1.6065%,18.1845%,-0.005211,HAS,52978.0,2019-02-22,252.0,-0.3361%,-0.0006,0.5753,0.3644,-0.1067,1.4520%,1.6043%,18.0822%,-0.010986,HAS,52978.0,2019-02-25,252.0,0.1977%,-0.0005,0.5732,0.3612,-0.1162,1.4477%,1.6006%,18.1929%,0.001769,HAS,52978.0,2019-02-26,252.0,-1.7756%,-0.0006,0.5795,0.3752,-0.1044,1.4501%,1.6043%,18.3018%,-0.0150099999999999,HAS,52978.0,2019-02-27,252.0,-0.1890%,-0.0006,0.5765,0.3798,-0.1049,1.4496%,1.6028%,18.2049%,-0.00335,HAS,52978.0,2019-02-28,252.0,0.4972%,-0.0006,0.5727,0.3774,-0.1093,1.4500%,1.6012%,17.9958%,0.006321,HAS,-0.0013299999999999,-0.046452,-0.036204,-0.049126,-0.070382
22563,HOME DEPOT INC,The Home Depot Of Cannabis: How GrowGeneration Pitched Itself To A Room Of Investors,6,uncertain,0.6,0.2,"the news about growgeneration positioning itself as a 'home depot of cannabis' may attract investor interest but does not directly impact home depot inc.'s core business, leading to uncertainty in its stock price movement.",1,2019-02-13,HD,2019-02-13 13:31:00+00:00,66181.0,43707610,0.0155778313055634,4147029.0,-0.0037152855657041,0.0142138972878456,0.0249320361763238,-0.0087785581126809,-0.0003118538297712,0.0025533000007271,-0.0024956881534308,-0.0035188063047826,-0.0001563658006489,-0.0089596984907984,0.0029714943375438,-0.0002145217440556,-0.0125266574323177,0.0111731709912419,-0.0088429981842637,0.0045768884010612,-0.0245884489268064,0.0074102873913943,0.0080034909769892,0.0138571439310908,0.0001620329421712,-0.0007785096531733,-0.0073446054011583,-0.0031596012413501,0.0010336893610656,0.0175418853759765,0.0024456356186419,0.0022612577304244,-0.01051776856184,-0.0012421727878972,-0.0070133078843355,-0.0137543221935629,0.0066766361705958,0.0269343331456184,0.0085507426410913,-0.0122571075335145,-0.0081521775573492,0.0032299656886607,0.0025946849491447,-0.0130864959210157,0.0034138821065425,-0.0033443290740251,0.0065302224829792,0.0019546861294656,0.0038709340151399,-0.0037278039380908,0.0106989694759249,0.0103434501215815,0.0207952447235584,0.0048012095503509,-0.0064220731146633,0.0196981821209192,0.0049271136522293,0.0297135077416896,-0.001792473369278,-0.0220405012369155,-0.0004753160465043,0.0034338047262281,0.0042800400406122,0.0093996366485953,0.0096285482868552,-0.0005871659377589,0.019542446359992,0.0121227037161588,-0.0067982100881636,0.0641203969717025,0.0221296027302742,-0.0145812341943383,0.0092643685638904,-0.022417202591896,0.0080319317057728,-0.0202912036329507,0.0073740747757256,-0.0145847788080573,-0.0130189592018723,0.0123235816136002,-0.0073170796968042,-0.0250739585608243,0.0102793117985129,-0.0090872598811984,0.0117630055174231,-0.0019517340697348,0.0049545965157449,0.0116137266159057,-0.0019037361489608,0.0030287394765764,0.0101726502180099,-0.0063660563901066,-0.0043088812381029,-0.0180155336856842,-0.0042789303697645,0.0037649951409548,0.0062017985619604,-0.0354352481663227,0.0032516289502382,0.0078748790547251,-0.0010642473353073,0.0265285409986972,-0.0139951547607779,-0.009975703433156,-0.0071214428171515,0.0302504990249872,0.0076176952570676,0.0200211629271507,-0.024054953828454,0.0057447510771453,0.0111166574060916,-0.0026579855475574,-0.0022386794444173,0.0014788523549214,-0.0046369796618819,-0.0261535421013832,-0.0243450403213501,-0.0193763859570026,0.0020536729134619,-0.0019169843290001,-0.0030229869298636,-0.0141189182177186,0.0,0.0050278990529477,-0.0037152855657041,0.0142138972878456,0.0211241209764903,0.0053105616518156,0.0208056795086919,0.0078774211096122,0.0180988461294944,-0.0046676063245743,-0.0173557901074359,0.0324447750404852,0.0163312202040233,0.0898836994094576,0.0405015952863043,0.0424411632062891,2019-02-14,2019-02-15,2019-02-19,2019-02-20,2019-02-21,2019-02-22,2019-02-25,2019-02-26,2019-02-27,2019-02-28,66181.0,2019-02-13,252.0,1.5578%,0.0,0.9132,-0.0305,0.0343,0.9214%,1.3314%,52.1127%,0.0129329999999999,HD,66181.0,2019-02-14,252.0,-0.3715%,0.0,0.9139,-0.0311,0.0345,0.9209%,1.3316%,52.1686%,-0.00154,HD,66181.0,2019-02-15,252.0,2.4932%,0.0001,0.9308,-0.0144,0.064,0.9235%,1.3403%,52.5234%,0.014417,HD,66181.0,2019-02-19,252.0,-0.0312%,0.0002,0.9328,-0.0194,0.0581,0.9222%,1.3402%,52.6434%,-0.00233,HD,66181.0,2019-02-20,252.0,-0.2496%,0.0001,0.9306,-0.028,0.0495,0.9211%,1.3391%,52.6869%,-0.004645,HD,66181.0,2019-02-21,252.0,-0.0156%,0.0001,0.9314,-0.0257,0.0509,0.9209%,1.3391%,52.7017%,0.003281,HD,66181.0,2019-02-22,252.0,0.2971%,0.0002,0.931,-0.005,0.0643,0.9157%,1.3333%,52.8338%,-0.002293,HD,66181.0,2019-02-25,252.0,-1.2527%,0.0001,0.9326,0.0035,0.0747,0.9162%,1.3333%,52.7845%,-0.0139199999999999,HD,66181.0,2019-02-26,252.0,-0.8843%,0.0,0.9333,0.0128,0.08,0.9172%,1.3310%,52.5103%,-0.0071819999999999,HD,66181.0,2019-02-27,252.0,-2.4588%,-0.0,0.9371,-0.0014,0.0805,0.9291%,1.3401%,51.9350%,-0.025457,HD,66181.0,2019-02-28,252.0,0.8003%,0.0,0.9312,-0.0051,0.0736,0.9307%,1.3359%,51.4664%,0.0110099999999999,HD,0.0113929999999999,0.02581,0.02348,0.022116,-0.0157259999999999
22571,HILTON WORLDWIDE HOLDINGS INC,"Hilton Worldwide Holdings shares are trading higher after the company reported Q4 EPS $0.79, beating the $0.69 consensus estimate and sales of $2.29 billion, beating the $2.27 billion estimate; the company also issued strong Q1 and FY19 guidance.",6,increase,0.85,0.7,"the positive earnings report and strong guidance are likely to boost investor confidence, leading to an increase in stock price.",2,2019-02-13,HLT,2019-02-13 14:08:00+00:00,14338.0,43300A20,0.0679494515061378,5722906.0,0.0099533945322036,-0.0010752934031188,0.0198352821171283,0.0066296556033194,-0.004403677303344,-0.0103106135502457,0.0239586792886257,-0.0117771523073315,-0.0010798696894198,0.0127311302348971,0.0213813669979572,-0.0014719738392159,-0.0174055714160203,0.0041656168177723,-0.0007181949331425,-0.000805655028671,0.0,0.0047215176746249,-0.0028745883610099,0.0133970705792307,0.0081829158589243,0.0116167059168219,-0.0047744275070726,0.0076643731445074,0.0075558274984359,0.0098508950322866,-0.0005952035426162,0.0046655475161969,-0.0123868621885776,-0.0039430893957614,-0.0056681288406252,-0.028325118124485,0.0042450712062418,0.0150000257417559,0.0073671569116413,-0.0005552597576752,0.0031170663423836,-0.0063448147848248,0.015895802527666,0.0212706327438354,0.008941201493144,-0.0125191481783986,0.0052471659146249,-0.0024975759442895,-0.0059158117510378,0.0144988568499684,-0.009101502597332,-0.0114110726863145,0.0102449692785739,0.0158326663076877,-0.0142207853496074,0.0114383101463317,-0.0065035242587327,0.0392273291945457,-0.0061889630742371,-0.0513109564781189,-0.0125748869031667,-0.0119777237996459,0.0092177335172891,0.0119803547859191,-0.0012017602566629,0.0088155139237642,0.0125135472044348,0.0117968590930104,0.0105763440951705,0.0451059974730014,0.0205785501748323,0.0006017889827489,0.0059914351440966,-0.0152592407539486,0.0014890034217387,-0.0310078021138906,0.0084629217162728,-0.0117746377363801,-0.0122476955875754,0.0031307986937463,0.0102181332185864,-0.0221264120191335,0.0061370716430246,-0.0049847769550979,0.0022591729648411,-0.0076943882741034,-0.0063113397918641,0.0052485805936157,-0.0002267964591737,-0.0037153798621147,-0.0044242697767913,-0.0026077744551002,-0.0060391835868358,-0.0361158326268196,0.0077954865992069,0.0058548874221742,0.0,-0.0361677519977092,-0.0046639023348689,0.0321683920919895,0.0014856829075142,-0.0120324110612273,0.004336470272392,-0.0063677439466118,-0.0086354063823819,0.0236796438694,-0.002979967277497,0.0010654126526787,0.0644901767373085,0.0269419252872467,-0.0147947641089558,0.0075789312832057,0.0230187270790338,0.0151070337742567,-0.0110360952094197,0.0040730466134846,-0.0196100231260061,-0.0251917298883199,0.0023206884507089,0.0020579164847731,0.004851184785366,0.0254642311483621,0.0042791245505213,0.0031047307420521,0.0099533945322036,-0.0010752934031188,0.0299861050379013,0.0055472333752653,0.0254503786043862,-0.0048205755545858,0.0488849318597497,-0.0040204100294853,0.048884913223258,0.0159945070468532,0.0502733360552947,0.0474982821996405,0.1552880425451308,0.0488286700779683,2019-02-14,2019-02-15,2019-02-19,2019-02-20,2019-02-21,2019-02-22,2019-02-25,2019-02-26,2019-02-27,2019-02-28,14338.0,2019-02-13,252.0,6.7949%,-0.0003,0.9197,0.4518,-0.1662,1.2056%,1.6112%,44.0079%,0.065161,HLT,14338.0,2019-02-14,252.0,0.9953%,-0.0004,0.9167,0.4561,-0.1693,1.2038%,1.6088%,44.0123%,0.008472,HLT,14338.0,2019-02-15,252.0,1.9835%,-0.0004,0.907,0.4484,-0.1838,1.1991%,1.6000%,43.8329%,0.009049,HLT,14338.0,2019-02-19,252.0,-0.4404%,-0.0003,0.9144,0.4322,-0.2027,1.1870%,1.5969%,44.7476%,-0.0069759999999999,HLT,14338.0,2019-02-20,252.0,2.3959%,-0.0002,0.9222,0.4568,-0.1729,1.1908%,1.6011%,44.6840%,0.022285,HLT,14338.0,2019-02-21,252.0,-0.1080%,-0.0002,0.9287,0.4706,-0.1609,1.1844%,1.5992%,45.1452%,0.002154,HLT,14338.0,2019-02-22,252.0,2.1381%,-0.0002,0.9272,0.4722,-0.1774,1.1862%,1.6048%,45.3604%,0.0102899999999999,HLT,14338.0,2019-02-25,252.0,-1.7406%,-0.0002,0.9259,0.4797,-0.1783,1.1892%,1.6071%,45.2450%,-0.017988,HLT,14338.0,2019-02-26,252.0,-0.0718%,-0.0002,0.9297,0.4713,-0.1797,1.1885%,1.6068%,45.2929%,0.003145,HLT,14338.0,2019-02-27,252.0,0.0000%,-0.0001,0.9421,0.4488,-0.1776,1.1752%,1.6018%,46.1719%,-0.002048,HLT,14338.0,2019-02-28,252.0,-0.2875%,-0.0,0.934,0.4432,-0.1834,1.1712%,1.5920%,45.8765%,-0.000588,HLT,0.073633,0.082682,0.075706,0.100145,0.092956
22579,HILTON WORLDWIDE HOLDINGS INC,"Hilton Worldwide Holdings Sees Q1 Adj. EPS $0.73-$0.78 vs $0.59 Est., FY19 Adj. EPS $3.66-$3.78 vs $3.18 Est.",6,increase,0.8,0.7,"the positive adjustment in both q1 and fy19 eps estimates suggests strong financial performance, likely leading to an increase in investor confidence and stock price.",2,2019-02-13,HLT,2019-02-13 11:02:00+00:00,14338.0,43300A20,0.0679494515061378,5722906.0,0.0099533945322036,-0.0010752934031188,0.0198352821171283,0.0066296556033194,-0.004403677303344,-0.0103106135502457,0.0239586792886257,-0.0117771523073315,-0.0010798696894198,0.0127311302348971,0.0213813669979572,-0.0014719738392159,-0.0174055714160203,0.0041656168177723,-0.0007181949331425,-0.000805655028671,0.0,0.0047215176746249,-0.0028745883610099,0.0133970705792307,0.0081829158589243,0.0116167059168219,-0.0047744275070726,0.0076643731445074,0.0075558274984359,0.0098508950322866,-0.0005952035426162,0.0046655475161969,-0.0123868621885776,-0.0039430893957614,-0.0056681288406252,-0.028325118124485,0.0042450712062418,0.0150000257417559,0.0073671569116413,-0.0005552597576752,0.0031170663423836,-0.0063448147848248,0.015895802527666,0.0212706327438354,0.008941201493144,-0.0125191481783986,0.0052471659146249,-0.0024975759442895,-0.0059158117510378,0.0144988568499684,-0.009101502597332,-0.0114110726863145,0.0102449692785739,0.0158326663076877,-0.0142207853496074,0.0114383101463317,-0.0065035242587327,0.0392273291945457,-0.0061889630742371,-0.0513109564781189,-0.0125748869031667,-0.0119777237996459,0.0092177335172891,0.0119803547859191,-0.0012017602566629,0.0088155139237642,0.0125135472044348,0.0117968590930104,0.0105763440951705,0.0451059974730014,0.0205785501748323,0.0006017889827489,0.0059914351440966,-0.0152592407539486,0.0014890034217387,-0.0310078021138906,0.0084629217162728,-0.0117746377363801,-0.0122476955875754,0.0031307986937463,0.0102181332185864,-0.0221264120191335,0.0061370716430246,-0.0049847769550979,0.0022591729648411,-0.0076943882741034,-0.0063113397918641,0.0052485805936157,-0.0002267964591737,-0.0037153798621147,-0.0044242697767913,-0.0026077744551002,-0.0060391835868358,-0.0361158326268196,0.0077954865992069,0.0058548874221742,0.0,-0.0361677519977092,-0.0046639023348689,0.0321683920919895,0.0014856829075142,-0.0120324110612273,0.004336470272392,-0.0063677439466118,-0.0086354063823819,0.0236796438694,-0.002979967277497,0.0010654126526787,0.0644901767373085,0.0269419252872467,-0.0147947641089558,0.0075789312832057,0.0230187270790338,0.0151070337742567,-0.0110360952094197,0.0040730466134846,-0.0196100231260061,-0.0251917298883199,0.0023206884507089,0.0020579164847731,0.004851184785366,0.0254642311483621,0.0042791245505213,0.0031047307420521,0.0099533945322036,-0.0010752934031188,0.0299861050379013,0.0055472333752653,0.0254503786043862,-0.0048205755545858,0.0488849318597497,-0.0040204100294853,0.048884913223258,0.0159945070468532,0.0502733360552947,0.0474982821996405,0.1552880425451308,0.0488286700779683,2019-02-14,2019-02-15,2019-02-19,2019-02-20,2019-02-21,2019-02-22,2019-02-25,2019-02-26,2019-02-27,2019-02-28,14338.0,2019-02-13,252.0,6.7949%,-0.0003,0.9197,0.4518,-0.1662,1.2056%,1.6112%,44.0079%,0.065161,HLT,14338.0,2019-02-14,252.0,0.9953%,-0.0004,0.9167,0.4561,-0.1693,1.2038%,1.6088%,44.0123%,0.008472,HLT,14338.0,2019-02-15,252.0,1.9835%,-0.0004,0.907,0.4484,-0.1838,1.1991%,1.6000%,43.8329%,0.009049,HLT,14338.0,2019-02-19,252.0,-0.4404%,-0.0003,0.9144,0.4322,-0.2027,1.1870%,1.5969%,44.7476%,-0.0069759999999999,HLT,14338.0,2019-02-20,252.0,2.3959%,-0.0002,0.9222,0.4568,-0.1729,1.1908%,1.6011%,44.6840%,0.022285,HLT,14338.0,2019-02-21,252.0,-0.1080%,-0.0002,0.9287,0.4706,-0.1609,1.1844%,1.5992%,45.1452%,0.002154,HLT,14338.0,2019-02-22,252.0,2.1381%,-0.0002,0.9272,0.4722,-0.1774,1.1862%,1.6048%,45.3604%,0.0102899999999999,HLT,14338.0,2019-02-25,252.0,-1.7406%,-0.0002,0.9259,0.4797,-0.1783,1.1892%,1.6071%,45.2450%,-0.017988,HLT,14338.0,2019-02-26,252.0,-0.0718%,-0.0002,0.9297,0.4713,-0.1797,1.1885%,1.6068%,45.2929%,0.003145,HLT,14338.0,2019-02-27,252.0,0.0000%,-0.0001,0.9421,0.4488,-0.1776,1.1752%,1.6018%,46.1719%,-0.002048,HLT,14338.0,2019-02-28,252.0,-0.2875%,-0.0,0.934,0.4432,-0.1834,1.1712%,1.5920%,45.8765%,-0.000588,HLT,0.073633,0.082682,0.075706,0.100145,0.092956
22587,HILTON WORLDWIDE HOLDINGS INC,"Hilton Worldwide Holdings Q4 Adj. EPS $0.79 Beats $0.69 Estimate, Sales $2.29B Beat $2.27B Estimate",6,increase,0.85,0.7,"the company reported better-than-expected earnings and sales, which typically boosts investor confidence and can lead to an increase in stock price.",2,2019-02-13,HLT,2019-02-13 11:01:00+00:00,14338.0,43300A20,0.0679494515061378,5722906.0,0.0099533945322036,-0.0010752934031188,0.0198352821171283,0.0066296556033194,-0.004403677303344,-0.0103106135502457,0.0239586792886257,-0.0117771523073315,-0.0010798696894198,0.0127311302348971,0.0213813669979572,-0.0014719738392159,-0.0174055714160203,0.0041656168177723,-0.0007181949331425,-0.000805655028671,0.0,0.0047215176746249,-0.0028745883610099,0.0133970705792307,0.0081829158589243,0.0116167059168219,-0.0047744275070726,0.0076643731445074,0.0075558274984359,0.0098508950322866,-0.0005952035426162,0.0046655475161969,-0.0123868621885776,-0.0039430893957614,-0.0056681288406252,-0.028325118124485,0.0042450712062418,0.0150000257417559,0.0073671569116413,-0.0005552597576752,0.0031170663423836,-0.0063448147848248,0.015895802527666,0.0212706327438354,0.008941201493144,-0.0125191481783986,0.0052471659146249,-0.0024975759442895,-0.0059158117510378,0.0144988568499684,-0.009101502597332,-0.0114110726863145,0.0102449692785739,0.0158326663076877,-0.0142207853496074,0.0114383101463317,-0.0065035242587327,0.0392273291945457,-0.0061889630742371,-0.0513109564781189,-0.0125748869031667,-0.0119777237996459,0.0092177335172891,0.0119803547859191,-0.0012017602566629,0.0088155139237642,0.0125135472044348,0.0117968590930104,0.0105763440951705,0.0451059974730014,0.0205785501748323,0.0006017889827489,0.0059914351440966,-0.0152592407539486,0.0014890034217387,-0.0310078021138906,0.0084629217162728,-0.0117746377363801,-0.0122476955875754,0.0031307986937463,0.0102181332185864,-0.0221264120191335,0.0061370716430246,-0.0049847769550979,0.0022591729648411,-0.0076943882741034,-0.0063113397918641,0.0052485805936157,-0.0002267964591737,-0.0037153798621147,-0.0044242697767913,-0.0026077744551002,-0.0060391835868358,-0.0361158326268196,0.0077954865992069,0.0058548874221742,0.0,-0.0361677519977092,-0.0046639023348689,0.0321683920919895,0.0014856829075142,-0.0120324110612273,0.004336470272392,-0.0063677439466118,-0.0086354063823819,0.0236796438694,-0.002979967277497,0.0010654126526787,0.0644901767373085,0.0269419252872467,-0.0147947641089558,0.0075789312832057,0.0230187270790338,0.0151070337742567,-0.0110360952094197,0.0040730466134846,-0.0196100231260061,-0.0251917298883199,0.0023206884507089,0.0020579164847731,0.004851184785366,0.0254642311483621,0.0042791245505213,0.0031047307420521,0.0099533945322036,-0.0010752934031188,0.0299861050379013,0.0055472333752653,0.0254503786043862,-0.0048205755545858,0.0488849318597497,-0.0040204100294853,0.048884913223258,0.0159945070468532,0.0502733360552947,0.0474982821996405,0.1552880425451308,0.0488286700779683,2019-02-14,2019-02-15,2019-02-19,2019-02-20,2019-02-21,2019-02-22,2019-02-25,2019-02-26,2019-02-27,2019-02-28,14338.0,2019-02-13,252.0,6.7949%,-0.0003,0.9197,0.4518,-0.1662,1.2056%,1.6112%,44.0079%,0.065161,HLT,14338.0,2019-02-14,252.0,0.9953%,-0.0004,0.9167,0.4561,-0.1693,1.2038%,1.6088%,44.0123%,0.008472,HLT,14338.0,2019-02-15,252.0,1.9835%,-0.0004,0.907,0.4484,-0.1838,1.1991%,1.6000%,43.8329%,0.009049,HLT,14338.0,2019-02-19,252.0,-0.4404%,-0.0003,0.9144,0.4322,-0.2027,1.1870%,1.5969%,44.7476%,-0.0069759999999999,HLT,14338.0,2019-02-20,252.0,2.3959%,-0.0002,0.9222,0.4568,-0.1729,1.1908%,1.6011%,44.6840%,0.022285,HLT,14338.0,2019-02-21,252.0,-0.1080%,-0.0002,0.9287,0.4706,-0.1609,1.1844%,1.5992%,45.1452%,0.002154,HLT,14338.0,2019-02-22,252.0,2.1381%,-0.0002,0.9272,0.4722,-0.1774,1.1862%,1.6048%,45.3604%,0.0102899999999999,HLT,14338.0,2019-02-25,252.0,-1.7406%,-0.0002,0.9259,0.4797,-0.1783,1.1892%,1.6071%,45.2450%,-0.017988,HLT,14338.0,2019-02-26,252.0,-0.0718%,-0.0002,0.9297,0.4713,-0.1797,1.1885%,1.6068%,45.2929%,0.003145,HLT,14338.0,2019-02-27,252.0,0.0000%,-0.0001,0.9421,0.4488,-0.1776,1.1752%,1.6018%,46.1719%,-0.002048,HLT,14338.0,2019-02-28,252.0,-0.2875%,-0.0,0.934,0.4432,-0.1834,1.1712%,1.5920%,45.8765%,-0.000588,HLT,0.073633,0.082682,0.075706,0.100145,0.092956
22595,HUBSPOT INC,HubSpot Reports Proposed 1.7M Share Common Stock,6,decrease,0.7,0.5,"the proposed issuance of 1.7 million shares may dilute existing shareholders' equity, potentially leading to a decrease in stock price.",0,2019-02-13,HUBS,2019-02-13 21:12:00+00:00,14970.0,44357310,-0.0007558423676528,1556879.0,-0.0331645831465721,0.026069289073348,-0.0004814456915482,0.0132374418899416,-0.0028297984972596,0.0314857736229896,-0.0083927027881145,-0.0254587586969137,0.0063326344825327,0.004884619731456,0.0211169011890888,0.0026323394849896,0.0075847287662327,0.0227273032069206,-0.0138202244415879,0.0089065991342067,0.010793711990118,0.0407599546015262,-0.0066076410003006,0.0378684699535369,0.0210238341242075,-0.0237794388085603,-0.0461260639131069,-0.00930439773947,0.0034757731482386,0.0108057307079434,-0.0201749633997678,-0.0140085816383361,0.0058918190188705,0.0013830789830535,0.0023429612629115,-0.0220906026661396,0.0213445648550987,0.0369999930262565,0.0050590918399393,0.0330481119453907,-0.0003595251473598,-0.0076001407578587,0.0086319809779524,0.0369923785328865,-0.0080232433974742,0.0059999739751219,-0.0051524811424314,0.0,0.0198132693767547,0.0114875826984643,-0.0040155467577278,0.0114733073860406,0.0448238924145698,0.0267106667160987,-0.0600953139364719,0.0514357574284076,0.0094185685738921,0.066733993589878,0.0029906095005571,-0.0514846518635749,-0.0363169908523559,-0.0035791343543678,0.0112623265013098,0.0138698583468794,0.0170726254582405,-0.0161840599030256,0.0031285060103982,0.016122531145811,0.025010485202074,0.0839741379022598,0.0052662915550172,-0.0065971747972071,-0.0430151298642158,-0.0523978173732757,-0.0025545780081301,-0.039731428027153,-0.0089030228555202,-0.0128655089065432,0.0036916637327522,0.0215867385268211,0.0121987992897629,-0.0518843196332454,0.0138687537983059,-0.0189671590924263,-0.0084224576130509,-0.008302753791213,-0.0048795035108923,0.0371104963123798,0.0070222388021647,-0.003795642638579,-0.0215810723602771,0.0266541838645935,-0.0167731363326311,-0.0442458279430866,0.0186840314418077,0.0241836905479431,0.0196907818317413,-0.0633128508925437,-0.006497033406049,0.0065453764982521,0.0351802185177803,0.036377228796482,0.0453906990587711,0.0267891325056552,0.026130249723792,0.0798412784934043,0.0059981793165206,-0.0226189754903316,-0.0159358363598585,0.0504030771553516,-0.010410351678729,0.0079541597515344,0.0261605083942413,0.0187331326305866,0.0094380853697657,0.002007994800806,-0.0224610846489667,-0.1442020088434219,-0.0114336069673299,-0.0003734636702574,0.0115658463910222,0.0570819154381752,-0.0013192914193496,-0.0073667303659021,-0.0331645831465721,0.026069289073348,-0.0336300618924524,0.0396518216625103,-0.0363646940911059,0.0723860635661048,-0.0384010638542073,0.0501892856475834,-0.0203059873714913,0.1735808021372782,-0.0491650461301681,0.3869848971033673,0.0570780132765416,0.3479623972510772,2019-02-14,2019-02-15,2019-02-19,2019-02-20,2019-02-21,2019-02-22,2019-02-25,2019-02-26,2019-02-27,2019-02-28,14970.0,2019-02-13,252.0,-0.0756%,0.0015,1.4297,0.8262,-1.6209,1.6789%,2.8026%,64.1117%,-0.004253,HUBS,14970.0,2019-02-14,252.0,-3.3165%,0.0014,1.4408,0.8018,-1.595,1.7024%,2.8117%,63.3385%,-0.04396,HUBS,14970.0,2019-02-15,252.0,-0.0481%,0.0011,1.3944,0.7587,-1.6721,1.6788%,2.7852%,63.6692%,-0.011211,HUBS,14970.0,2019-02-19,252.0,-0.2830%,0.0012,1.4038,0.742,-1.6917,1.6664%,2.7851%,64.2015%,-0.002763,HUBS,14970.0,2019-02-20,252.0,-0.8393%,0.0011,1.3999,0.7206,-1.7092,1.6568%,2.7803%,64.4896%,-0.0034879999999999,HUBS,14970.0,2019-02-21,252.0,0.6333%,0.001,1.4112,0.7453,-1.6885,1.6417%,2.7749%,64.9956%,0.0079849999999999,HUBS,14970.0,2019-02-22,252.0,2.1117%,0.0009,1.4146,0.7222,-1.6695,1.6432%,2.7769%,64.9863%,-0.017076,HUBS,14970.0,2019-02-25,252.0,0.7585%,0.0009,1.4142,0.7202,-1.6719,1.6432%,2.7770%,64.9881%,0.004235,HUBS,14970.0,2019-02-26,252.0,-1.3820%,0.0009,1.4276,0.726,-1.6589,1.6416%,2.7788%,65.0996%,-0.0125659999999999,HUBS,14970.0,2019-02-27,252.0,1.0794%,0.001,1.4313,0.7208,-1.6583,1.6411%,2.7792%,65.1313%,0.006039,HUBS,14970.0,2019-02-28,252.0,-0.6608%,0.0009,1.4434,0.7289,-1.6477,1.6370%,2.7797%,65.3172%,-0.00656,HUBS,-0.048213,-0.059424,-0.062187,-0.05769,-0.0836179999999999
22603,HUBSPOT INC,"Bank of America Earlier Reiterated Buy on HubSpot, Raised Price Target to $205",6,increase,0.8,0.6,the reiteration of a 'buy' rating and an increase in the price target by a major financial institution like bank of america is likely to boost investor confidence and demand for hubspot's stock.,2,2019-02-13,HUBS,2019-02-13 16:46:00+00:00,14970.0,44357310,-0.0007558423676528,1556879.0,-0.0331645831465721,0.026069289073348,-0.0004814456915482,0.0132374418899416,-0.0028297984972596,0.0314857736229896,-0.0083927027881145,-0.0254587586969137,0.0063326344825327,0.004884619731456,0.0211169011890888,0.0026323394849896,0.0075847287662327,0.0227273032069206,-0.0138202244415879,0.0089065991342067,0.010793711990118,0.0407599546015262,-0.0066076410003006,0.0378684699535369,0.0210238341242075,-0.0237794388085603,-0.0461260639131069,-0.00930439773947,0.0034757731482386,0.0108057307079434,-0.0201749633997678,-0.0140085816383361,0.0058918190188705,0.0013830789830535,0.0023429612629115,-0.0220906026661396,0.0213445648550987,0.0369999930262565,0.0050590918399393,0.0330481119453907,-0.0003595251473598,-0.0076001407578587,0.0086319809779524,0.0369923785328865,-0.0080232433974742,0.0059999739751219,-0.0051524811424314,0.0,0.0198132693767547,0.0114875826984643,-0.0040155467577278,0.0114733073860406,0.0448238924145698,0.0267106667160987,-0.0600953139364719,0.0514357574284076,0.0094185685738921,0.066733993589878,0.0029906095005571,-0.0514846518635749,-0.0363169908523559,-0.0035791343543678,0.0112623265013098,0.0138698583468794,0.0170726254582405,-0.0161840599030256,0.0031285060103982,0.016122531145811,0.025010485202074,0.0839741379022598,0.0052662915550172,-0.0065971747972071,-0.0430151298642158,-0.0523978173732757,-0.0025545780081301,-0.039731428027153,-0.0089030228555202,-0.0128655089065432,0.0036916637327522,0.0215867385268211,0.0121987992897629,-0.0518843196332454,0.0138687537983059,-0.0189671590924263,-0.0084224576130509,-0.008302753791213,-0.0048795035108923,0.0371104963123798,0.0070222388021647,-0.003795642638579,-0.0215810723602771,0.0266541838645935,-0.0167731363326311,-0.0442458279430866,0.0186840314418077,0.0241836905479431,0.0196907818317413,-0.0633128508925437,-0.006497033406049,0.0065453764982521,0.0351802185177803,0.036377228796482,0.0453906990587711,0.0267891325056552,0.026130249723792,0.0798412784934043,0.0059981793165206,-0.0226189754903316,-0.0159358363598585,0.0504030771553516,-0.010410351678729,0.0079541597515344,0.0261605083942413,0.0187331326305866,0.0094380853697657,0.002007994800806,-0.0224610846489667,-0.1442020088434219,-0.0114336069673299,-0.0003734636702574,0.0115658463910222,0.0570819154381752,-0.0013192914193496,-0.0073667303659021,-0.0331645831465721,0.026069289073348,-0.0336300618924524,0.0396518216625103,-0.0363646940911059,0.0723860635661048,-0.0384010638542073,0.0501892856475834,-0.0203059873714913,0.1735808021372782,-0.0491650461301681,0.3869848971033673,0.0570780132765416,0.3479623972510772,2019-02-14,2019-02-15,2019-02-19,2019-02-20,2019-02-21,2019-02-22,2019-02-25,2019-02-26,2019-02-27,2019-02-28,14970.0,2019-02-13,252.0,-0.0756%,0.0015,1.4297,0.8262,-1.6209,1.6789%,2.8026%,64.1117%,-0.004253,HUBS,14970.0,2019-02-14,252.0,-3.3165%,0.0014,1.4408,0.8018,-1.595,1.7024%,2.8117%,63.3385%,-0.04396,HUBS,14970.0,2019-02-15,252.0,-0.0481%,0.0011,1.3944,0.7587,-1.6721,1.6788%,2.7852%,63.6692%,-0.011211,HUBS,14970.0,2019-02-19,252.0,-0.2830%,0.0012,1.4038,0.742,-1.6917,1.6664%,2.7851%,64.2015%,-0.002763,HUBS,14970.0,2019-02-20,252.0,-0.8393%,0.0011,1.3999,0.7206,-1.7092,1.6568%,2.7803%,64.4896%,-0.0034879999999999,HUBS,14970.0,2019-02-21,252.0,0.6333%,0.001,1.4112,0.7453,-1.6885,1.6417%,2.7749%,64.9956%,0.0079849999999999,HUBS,14970.0,2019-02-22,252.0,2.1117%,0.0009,1.4146,0.7222,-1.6695,1.6432%,2.7769%,64.9863%,-0.017076,HUBS,14970.0,2019-02-25,252.0,0.7585%,0.0009,1.4142,0.7202,-1.6719,1.6432%,2.7770%,64.9881%,0.004235,HUBS,14970.0,2019-02-26,252.0,-1.3820%,0.0009,1.4276,0.726,-1.6589,1.6416%,2.7788%,65.0996%,-0.0125659999999999,HUBS,14970.0,2019-02-27,252.0,1.0794%,0.001,1.4313,0.7208,-1.6583,1.6411%,2.7792%,65.1313%,0.006039,HUBS,14970.0,2019-02-28,252.0,-0.6608%,0.0009,1.4434,0.7289,-1.6477,1.6370%,2.7797%,65.3172%,-0.00656,HUBS,-0.048213,-0.059424,-0.062187,-0.05769,-0.0836179999999999
22611,HUBSPOT INC,"Analysts Commend HubSpot's Growth, Product Momentum, Lift Price Targets After Q4 Print",6,increase,0.8,0.7,"analysts commending hubspot's growth and raising price targets typically indicate positive sentiment, which is likely to drive the stock price higher.",2,2019-02-13,HUBS,2019-02-13 16:34:00+00:00,14970.0,44357310,-0.0007558423676528,1556879.0,-0.0331645831465721,0.026069289073348,-0.0004814456915482,0.0132374418899416,-0.0028297984972596,0.0314857736229896,-0.0083927027881145,-0.0254587586969137,0.0063326344825327,0.004884619731456,0.0211169011890888,0.0026323394849896,0.0075847287662327,0.0227273032069206,-0.0138202244415879,0.0089065991342067,0.010793711990118,0.0407599546015262,-0.0066076410003006,0.0378684699535369,0.0210238341242075,-0.0237794388085603,-0.0461260639131069,-0.00930439773947,0.0034757731482386,0.0108057307079434,-0.0201749633997678,-0.0140085816383361,0.0058918190188705,0.0013830789830535,0.0023429612629115,-0.0220906026661396,0.0213445648550987,0.0369999930262565,0.0050590918399393,0.0330481119453907,-0.0003595251473598,-0.0076001407578587,0.0086319809779524,0.0369923785328865,-0.0080232433974742,0.0059999739751219,-0.0051524811424314,0.0,0.0198132693767547,0.0114875826984643,-0.0040155467577278,0.0114733073860406,0.0448238924145698,0.0267106667160987,-0.0600953139364719,0.0514357574284076,0.0094185685738921,0.066733993589878,0.0029906095005571,-0.0514846518635749,-0.0363169908523559,-0.0035791343543678,0.0112623265013098,0.0138698583468794,0.0170726254582405,-0.0161840599030256,0.0031285060103982,0.016122531145811,0.025010485202074,0.0839741379022598,0.0052662915550172,-0.0065971747972071,-0.0430151298642158,-0.0523978173732757,-0.0025545780081301,-0.039731428027153,-0.0089030228555202,-0.0128655089065432,0.0036916637327522,0.0215867385268211,0.0121987992897629,-0.0518843196332454,0.0138687537983059,-0.0189671590924263,-0.0084224576130509,-0.008302753791213,-0.0048795035108923,0.0371104963123798,0.0070222388021647,-0.003795642638579,-0.0215810723602771,0.0266541838645935,-0.0167731363326311,-0.0442458279430866,0.0186840314418077,0.0241836905479431,0.0196907818317413,-0.0633128508925437,-0.006497033406049,0.0065453764982521,0.0351802185177803,0.036377228796482,0.0453906990587711,0.0267891325056552,0.026130249723792,0.0798412784934043,0.0059981793165206,-0.0226189754903316,-0.0159358363598585,0.0504030771553516,-0.010410351678729,0.0079541597515344,0.0261605083942413,0.0187331326305866,0.0094380853697657,0.002007994800806,-0.0224610846489667,-0.1442020088434219,-0.0114336069673299,-0.0003734636702574,0.0115658463910222,0.0570819154381752,-0.0013192914193496,-0.0073667303659021,-0.0331645831465721,0.026069289073348,-0.0336300618924524,0.0396518216625103,-0.0363646940911059,0.0723860635661048,-0.0384010638542073,0.0501892856475834,-0.0203059873714913,0.1735808021372782,-0.0491650461301681,0.3869848971033673,0.0570780132765416,0.3479623972510772,2019-02-14,2019-02-15,2019-02-19,2019-02-20,2019-02-21,2019-02-22,2019-02-25,2019-02-26,2019-02-27,2019-02-28,14970.0,2019-02-13,252.0,-0.0756%,0.0015,1.4297,0.8262,-1.6209,1.6789%,2.8026%,64.1117%,-0.004253,HUBS,14970.0,2019-02-14,252.0,-3.3165%,0.0014,1.4408,0.8018,-1.595,1.7024%,2.8117%,63.3385%,-0.04396,HUBS,14970.0,2019-02-15,252.0,-0.0481%,0.0011,1.3944,0.7587,-1.6721,1.6788%,2.7852%,63.6692%,-0.011211,HUBS,14970.0,2019-02-19,252.0,-0.2830%,0.0012,1.4038,0.742,-1.6917,1.6664%,2.7851%,64.2015%,-0.002763,HUBS,14970.0,2019-02-20,252.0,-0.8393%,0.0011,1.3999,0.7206,-1.7092,1.6568%,2.7803%,64.4896%,-0.0034879999999999,HUBS,14970.0,2019-02-21,252.0,0.6333%,0.001,1.4112,0.7453,-1.6885,1.6417%,2.7749%,64.9956%,0.0079849999999999,HUBS,14970.0,2019-02-22,252.0,2.1117%,0.0009,1.4146,0.7222,-1.6695,1.6432%,2.7769%,64.9863%,-0.017076,HUBS,14970.0,2019-02-25,252.0,0.7585%,0.0009,1.4142,0.7202,-1.6719,1.6432%,2.7770%,64.9881%,0.004235,HUBS,14970.0,2019-02-26,252.0,-1.3820%,0.0009,1.4276,0.726,-1.6589,1.6416%,2.7788%,65.0996%,-0.0125659999999999,HUBS,14970.0,2019-02-27,252.0,1.0794%,0.001,1.4313,0.7208,-1.6583,1.6411%,2.7792%,65.1313%,0.006039,HUBS,14970.0,2019-02-28,252.0,-0.6608%,0.0009,1.4434,0.7289,-1.6477,1.6370%,2.7797%,65.3172%,-0.00656,HUBS,-0.048213,-0.059424,-0.062187,-0.05769,-0.0836179999999999
22619,HUBSPOT INC,"Raymond James Maintains Outperform on HubSpot, Raises Price Target to $181",6,increase,0.8,0.6,the maintenance of an 'outperform' rating and an increase in the price target typically signals positive sentiment and potential for stock price appreciation.,2,2019-02-13,HUBS,2019-02-13 16:02:00+00:00,14970.0,44357310,-0.0007558423676528,1556879.0,-0.0331645831465721,0.026069289073348,-0.0004814456915482,0.0132374418899416,-0.0028297984972596,0.0314857736229896,-0.0083927027881145,-0.0254587586969137,0.0063326344825327,0.004884619731456,0.0211169011890888,0.0026323394849896,0.0075847287662327,0.0227273032069206,-0.0138202244415879,0.0089065991342067,0.010793711990118,0.0407599546015262,-0.0066076410003006,0.0378684699535369,0.0210238341242075,-0.0237794388085603,-0.0461260639131069,-0.00930439773947,0.0034757731482386,0.0108057307079434,-0.0201749633997678,-0.0140085816383361,0.0058918190188705,0.0013830789830535,0.0023429612629115,-0.0220906026661396,0.0213445648550987,0.0369999930262565,0.0050590918399393,0.0330481119453907,-0.0003595251473598,-0.0076001407578587,0.0086319809779524,0.0369923785328865,-0.0080232433974742,0.0059999739751219,-0.0051524811424314,0.0,0.0198132693767547,0.0114875826984643,-0.0040155467577278,0.0114733073860406,0.0448238924145698,0.0267106667160987,-0.0600953139364719,0.0514357574284076,0.0094185685738921,0.066733993589878,0.0029906095005571,-0.0514846518635749,-0.0363169908523559,-0.0035791343543678,0.0112623265013098,0.0138698583468794,0.0170726254582405,-0.0161840599030256,0.0031285060103982,0.016122531145811,0.025010485202074,0.0839741379022598,0.0052662915550172,-0.0065971747972071,-0.0430151298642158,-0.0523978173732757,-0.0025545780081301,-0.039731428027153,-0.0089030228555202,-0.0128655089065432,0.0036916637327522,0.0215867385268211,0.0121987992897629,-0.0518843196332454,0.0138687537983059,-0.0189671590924263,-0.0084224576130509,-0.008302753791213,-0.0048795035108923,0.0371104963123798,0.0070222388021647,-0.003795642638579,-0.0215810723602771,0.0266541838645935,-0.0167731363326311,-0.0442458279430866,0.0186840314418077,0.0241836905479431,0.0196907818317413,-0.0633128508925437,-0.006497033406049,0.0065453764982521,0.0351802185177803,0.036377228796482,0.0453906990587711,0.0267891325056552,0.026130249723792,0.0798412784934043,0.0059981793165206,-0.0226189754903316,-0.0159358363598585,0.0504030771553516,-0.010410351678729,0.0079541597515344,0.0261605083942413,0.0187331326305866,0.0094380853697657,0.002007994800806,-0.0224610846489667,-0.1442020088434219,-0.0114336069673299,-0.0003734636702574,0.0115658463910222,0.0570819154381752,-0.0013192914193496,-0.0073667303659021,-0.0331645831465721,0.026069289073348,-0.0336300618924524,0.0396518216625103,-0.0363646940911059,0.0723860635661048,-0.0384010638542073,0.0501892856475834,-0.0203059873714913,0.1735808021372782,-0.0491650461301681,0.3869848971033673,0.0570780132765416,0.3479623972510772,2019-02-14,2019-02-15,2019-02-19,2019-02-20,2019-02-21,2019-02-22,2019-02-25,2019-02-26,2019-02-27,2019-02-28,14970.0,2019-02-13,252.0,-0.0756%,0.0015,1.4297,0.8262,-1.6209,1.6789%,2.8026%,64.1117%,-0.004253,HUBS,14970.0,2019-02-14,252.0,-3.3165%,0.0014,1.4408,0.8018,-1.595,1.7024%,2.8117%,63.3385%,-0.04396,HUBS,14970.0,2019-02-15,252.0,-0.0481%,0.0011,1.3944,0.7587,-1.6721,1.6788%,2.7852%,63.6692%,-0.011211,HUBS,14970.0,2019-02-19,252.0,-0.2830%,0.0012,1.4038,0.742,-1.6917,1.6664%,2.7851%,64.2015%,-0.002763,HUBS,14970.0,2019-02-20,252.0,-0.8393%,0.0011,1.3999,0.7206,-1.7092,1.6568%,2.7803%,64.4896%,-0.0034879999999999,HUBS,14970.0,2019-02-21,252.0,0.6333%,0.001,1.4112,0.7453,-1.6885,1.6417%,2.7749%,64.9956%,0.0079849999999999,HUBS,14970.0,2019-02-22,252.0,2.1117%,0.0009,1.4146,0.7222,-1.6695,1.6432%,2.7769%,64.9863%,-0.017076,HUBS,14970.0,2019-02-25,252.0,0.7585%,0.0009,1.4142,0.7202,-1.6719,1.6432%,2.7770%,64.9881%,0.004235,HUBS,14970.0,2019-02-26,252.0,-1.3820%,0.0009,1.4276,0.726,-1.6589,1.6416%,2.7788%,65.0996%,-0.0125659999999999,HUBS,14970.0,2019-02-27,252.0,1.0794%,0.001,1.4313,0.7208,-1.6583,1.6411%,2.7792%,65.1313%,0.006039,HUBS,14970.0,2019-02-28,252.0,-0.6608%,0.0009,1.4434,0.7289,-1.6477,1.6370%,2.7797%,65.3172%,-0.00656,HUBS,-0.048213,-0.059424,-0.062187,-0.05769,-0.0836179999999999
22627,HUBSPOT INC,"Canaccord Genuity Maintains Buy on HubSpot, Raises Price Target to $190",6,increase,0.8,0.6,maintaining a 'buy' rating and raising the price target typically signals positive sentiment and potential for stock price appreciation.,2,2019-02-13,HUBS,2019-02-13 14:48:00+00:00,14970.0,44357310,-0.0007558423676528,1556879.0,-0.0331645831465721,0.026069289073348,-0.0004814456915482,0.0132374418899416,-0.0028297984972596,0.0314857736229896,-0.0083927027881145,-0.0254587586969137,0.0063326344825327,0.004884619731456,0.0211169011890888,0.0026323394849896,0.0075847287662327,0.0227273032069206,-0.0138202244415879,0.0089065991342067,0.010793711990118,0.0407599546015262,-0.0066076410003006,0.0378684699535369,0.0210238341242075,-0.0237794388085603,-0.0461260639131069,-0.00930439773947,0.0034757731482386,0.0108057307079434,-0.0201749633997678,-0.0140085816383361,0.0058918190188705,0.0013830789830535,0.0023429612629115,-0.0220906026661396,0.0213445648550987,0.0369999930262565,0.0050590918399393,0.0330481119453907,-0.0003595251473598,-0.0076001407578587,0.0086319809779524,0.0369923785328865,-0.0080232433974742,0.0059999739751219,-0.0051524811424314,0.0,0.0198132693767547,0.0114875826984643,-0.0040155467577278,0.0114733073860406,0.0448238924145698,0.0267106667160987,-0.0600953139364719,0.0514357574284076,0.0094185685738921,0.066733993589878,0.0029906095005571,-0.0514846518635749,-0.0363169908523559,-0.0035791343543678,0.0112623265013098,0.0138698583468794,0.0170726254582405,-0.0161840599030256,0.0031285060103982,0.016122531145811,0.025010485202074,0.0839741379022598,0.0052662915550172,-0.0065971747972071,-0.0430151298642158,-0.0523978173732757,-0.0025545780081301,-0.039731428027153,-0.0089030228555202,-0.0128655089065432,0.0036916637327522,0.0215867385268211,0.0121987992897629,-0.0518843196332454,0.0138687537983059,-0.0189671590924263,-0.0084224576130509,-0.008302753791213,-0.0048795035108923,0.0371104963123798,0.0070222388021647,-0.003795642638579,-0.0215810723602771,0.0266541838645935,-0.0167731363326311,-0.0442458279430866,0.0186840314418077,0.0241836905479431,0.0196907818317413,-0.0633128508925437,-0.006497033406049,0.0065453764982521,0.0351802185177803,0.036377228796482,0.0453906990587711,0.0267891325056552,0.026130249723792,0.0798412784934043,0.0059981793165206,-0.0226189754903316,-0.0159358363598585,0.0504030771553516,-0.010410351678729,0.0079541597515344,0.0261605083942413,0.0187331326305866,0.0094380853697657,0.002007994800806,-0.0224610846489667,-0.1442020088434219,-0.0114336069673299,-0.0003734636702574,0.0115658463910222,0.0570819154381752,-0.0013192914193496,-0.0073667303659021,-0.0331645831465721,0.026069289073348,-0.0336300618924524,0.0396518216625103,-0.0363646940911059,0.0723860635661048,-0.0384010638542073,0.0501892856475834,-0.0203059873714913,0.1735808021372782,-0.0491650461301681,0.3869848971033673,0.0570780132765416,0.3479623972510772,2019-02-14,2019-02-15,2019-02-19,2019-02-20,2019-02-21,2019-02-22,2019-02-25,2019-02-26,2019-02-27,2019-02-28,14970.0,2019-02-13,252.0,-0.0756%,0.0015,1.4297,0.8262,-1.6209,1.6789%,2.8026%,64.1117%,-0.004253,HUBS,14970.0,2019-02-14,252.0,-3.3165%,0.0014,1.4408,0.8018,-1.595,1.7024%,2.8117%,63.3385%,-0.04396,HUBS,14970.0,2019-02-15,252.0,-0.0481%,0.0011,1.3944,0.7587,-1.6721,1.6788%,2.7852%,63.6692%,-0.011211,HUBS,14970.0,2019-02-19,252.0,-0.2830%,0.0012,1.4038,0.742,-1.6917,1.6664%,2.7851%,64.2015%,-0.002763,HUBS,14970.0,2019-02-20,252.0,-0.8393%,0.0011,1.3999,0.7206,-1.7092,1.6568%,2.7803%,64.4896%,-0.0034879999999999,HUBS,14970.0,2019-02-21,252.0,0.6333%,0.001,1.4112,0.7453,-1.6885,1.6417%,2.7749%,64.9956%,0.0079849999999999,HUBS,14970.0,2019-02-22,252.0,2.1117%,0.0009,1.4146,0.7222,-1.6695,1.6432%,2.7769%,64.9863%,-0.017076,HUBS,14970.0,2019-02-25,252.0,0.7585%,0.0009,1.4142,0.7202,-1.6719,1.6432%,2.7770%,64.9881%,0.004235,HUBS,14970.0,2019-02-26,252.0,-1.3820%,0.0009,1.4276,0.726,-1.6589,1.6416%,2.7788%,65.0996%,-0.0125659999999999,HUBS,14970.0,2019-02-27,252.0,1.0794%,0.001,1.4313,0.7208,-1.6583,1.6411%,2.7792%,65.1313%,0.006039,HUBS,14970.0,2019-02-28,252.0,-0.6608%,0.0009,1.4434,0.7289,-1.6477,1.6370%,2.7797%,65.3172%,-0.00656,HUBS,-0.048213,-0.059424,-0.062187,-0.05769,-0.0836179999999999
22635,HUNTSMAN CORP,JP Morgan Downgrades Huntsman to Neutral,6,decrease,0.8,0.6,"a downgrade from jp morgan typically signals reduced expectations for the company's performance, which can lead to a decline in stock price.",0,2019-02-13,HUN,2019-02-13 11:30:00+00:00,90558.0,44701110,-0.0173988528549671,4146584.0,0.0163788814097642,0.0346534885466098,0.0174216702580452,0.0187987089157104,0.022688303142786,-0.0027435468509793,0.0293009951710701,-0.0348631516098976,-0.0138267651200294,-0.0048309443518519,0.0235051419585943,0.0115504320710897,0.0036261142231523,0.0035666483454406,-0.0080289347097277,0.0209376886487007,0.0060704788193106,-0.0359807610511779,-0.0028157560154795,0.0492634288966655,0.0048406184650957,0.0111731737852096,-0.0180650651454925,-0.0115048326551914,-0.0143090141937136,0.0543424971401691,0.0058066938072443,-0.0033848981838673,-0.0230927616357803,-0.0199052169919014,-0.0143520534038543,-0.042215172201395,0.0239828452467918,0.0217996854335069,0.0071099991910159,0.0213168561458587,0.0141196073964238,0.014903912320733,-0.0326576977968215,-0.009995287284255,-0.0136402258649468,-0.010828603990376,-0.0298184379935264,-0.0134696196764707,-0.0124721908941865,0.0213472843170166,0.007216952741146,0.0115163037553429,0.024630507454276,0.0057915463112294,-0.0520104318857193,-0.0161443576216697,-0.0156754329800605,0.0866873264312744,-0.0004683947772718,-0.0192308239638805,0.0037488248199224,0.0243649184703826,0.0224089417606592,0.0120672322809696,0.0269406475126743,-0.0015715393237769,0.0289017166942358,-0.011904738843441,-0.0073465895839035,0.0650496333837509,0.048759289085865,-0.0005509768379852,0.0099626304581761,-0.0060241296887397,-0.0098643554374575,-0.0016402780311182,0.0016603987896814,-0.0193028803914785,-0.0182345062494278,0.0236004572361707,0.0101308468729257,-0.0043715806677937,0.0050145811401307,-0.0302067603915929,0.0291060619056224,-0.0138600217178463,-0.0096969604492187,0.0078328782692551,0.0175438728183507,0.0229701027274131,-0.005212552845478,0.029702914878726,-0.0008060681284405,-0.0496601611375808,-0.0225898083299398,-0.0214833803474903,-0.0012380841653794,-0.0500486232340335,-0.0280991848558187,0.0178041849285364,-0.0323129333555698,0.0165912490338087,0.0210896097123622,-0.0074851056560873,-0.0064543727785348,0.0131446020677685,-0.036812487989664,-0.0265747550874948,-0.0490107983350753,0.0064387894235551,-0.0108746830374002,-0.0189504083245992,0.0315487496554851,0.0341708697378635,-0.0305838678032159,-0.0377176329493522,-0.020076485350728,-0.0142992967739701,-0.0146341091021895,-0.03406997397542,-0.0123762367293238,0.001844972721301,0.0280701480805873,0.0154566708952188,0.0163788814097642,0.0346534885466098,0.0340858991389261,0.0541036383064219,0.0575475534942704,0.0512116555889405,0.0734838349494801,0.0096618063679003,0.0973882577057219,0.0584714824671215,-0.0238294031952357,0.2061909962377199,-0.0857872340173532,0.0860880063166773,2019-02-14,2019-02-15,2019-02-19,2019-02-20,2019-02-21,2019-02-22,2019-02-25,2019-02-26,2019-02-27,2019-02-28,90558.0,2019-02-13,252.0,-1.7399%,-0.0013,1.436,0.8662,0.5052,1.6096%,2.1966%,46.3052%,-0.022422,HUN,90558.0,2019-02-14,252.0,1.6379%,-0.0012,1.4312,0.8764,0.4945,1.6138%,2.1988%,46.1309%,0.01772,HUN,90558.0,2019-02-15,252.0,1.7422%,-0.0012,1.4297,0.8748,0.4918,1.6139%,2.1956%,45.9692%,-0.003416,HUN,90558.0,2019-02-19,252.0,2.2688%,-0.0011,1.4368,0.8803,0.4973,1.6159%,2.2006%,46.0839%,0.01586,HUN,90558.0,2019-02-20,252.0,2.9301%,-0.001,1.4436,0.8976,0.5222,1.6219%,2.2088%,46.0816%,0.021799,HUN,90558.0,2019-02-21,252.0,-1.3827%,-0.0011,1.4537,0.9169,0.5407,1.6151%,2.2093%,46.5604%,-0.006756,HUN,90558.0,2019-02-22,252.0,2.3505%,-0.0011,1.4518,0.9028,0.505,1.6167%,2.2126%,46.6053%,0.016862,HUN,90558.0,2019-02-25,252.0,0.3626%,-0.001,1.4511,0.8993,0.5006,1.6168%,2.2123%,46.5905%,0.004605,HUN,90558.0,2019-02-26,252.0,-0.8029%,-0.001,1.4551,0.8917,0.4998,1.6161%,2.2117%,46.6075%,0.001601,HUN,90558.0,2019-02-27,252.0,0.6070%,-0.001,1.4571,0.8896,0.5002,1.6162%,2.2117%,46.6040%,0.0035659999999999,HUN,90558.0,2019-02-28,252.0,-0.2816%,-0.001,1.4581,0.8904,0.5,1.6162%,2.2093%,46.4840%,0.002674,HUN,-0.004702,-0.008118,0.0077419999999999,0.022785,0.052093
22643,IMMUCELL CORP,"ImmuCell Q4 EPS $(0.19) Down From $(0.04) YoY, Sales $2.94M Down From $3.133M YoY",6,decrease,0.8,0.7,"the significant decline in both eps and sales year-over-year suggests poor financial performance, which is likely to negatively impact investor sentiment and lead to a decrease in stock price.",0,2019-02-13,ICCC,2019-02-13 21:54:00+00:00,11292.0,45252530,0.0165596883744001,878.0,-0.0693316012620925,0.0203994233161211,-0.0344827584922313,0.0013333638198673,0.0165856909006834,0.0519376434385776,-0.0163150932639837,-0.0248782783746719,0.0285714007914066,0.0226014144718647,0.0125000216066837,-0.0302323251962661,-0.0133607937023043,-0.0486580617725849,0.0135417226701974,-0.0138819795101881,-0.0150891160592436,-0.0061082360334694,0.0063927387818694,-0.0225710775703191,-0.0312625654041767,0.0018576276488602,0.0036285945679992,-0.001236886717379,-0.0055085979402065,0.0568627379834651,-0.0052528730593621,0.0166112948209047,0.0028776952531188,0.0033333459869027,-0.0229555033147335,-0.0079365000128746,-0.0147723592817783,0.0573426336050033,-0.0009837511461228,-0.0069444049149751,0.0202602446079254,-0.0068965782411396,-0.0056444252841174,0.0182584431022405,0.0022058626636862,0.023650312796235,0.0110051771625876,-0.0273388195782899,-0.0039042511489242,0.0215714313089847,0.0125890681520104,0.0218978244811296,-0.0049644033424556,-0.0143884755671024,-0.0093998638913035,0.0,0.0080584092065691,0.0036100530996918,-0.0335254818201065,-0.0163351949304342,-0.1144342720508575,-0.0009224783862009,0.0972758308053016,-0.0179094057530164,-0.0208021849393844,-0.0020862123928964,0.0,0.0812029987573623,0.0,0.0390625,-0.024409407749772,-0.0092879170551896,0.0137207480147481,-0.0771428495645523,-0.0557325445115566,-0.0331090837717056,0.0539629310369491,-0.0082603218033909,0.0064479829743504,0.0,0.0015421042917296,-1.365172647638246e-05,0.0317460000514984,0.0069103240966796,0.0200000181794166,0.0104529345408082,-0.0663650184869766,-0.0034721693955361,-0.0226171035319566,-0.0348525792360305,-0.0082644941285252,-0.0026737942826002,-0.0099999904632568,0.0476190708577632,-0.0084175402298569,-0.0051553822122514,0.05432940274477,-0.0268474519252777,-0.0257648713886737,0.0034013735130429,0.0462809465825557,-0.0200000125914812,-0.0315955467522144,0.0,0.0195758379995822,0.0,0.0287999734282493,-0.0026595718227326,-0.0248833354562521,0.002666664076969,-0.0490590147674083,0.0,-0.0054340753704309,0.0134861366823315,0.0202361494302749,-0.0201525632292032,0.0578512214124202,-0.0254967603832483,-0.0187500566244125,-0.0015331230824813,0.050955444574356,0.0420195907354354,-0.0333333015441894,0.0083932736888527,-0.0693316012620925,0.0203994233161211,-0.1014236148921234,0.0217599869889844,-0.0865201047180708,0.0748277928730241,-0.0757500283498232,0.0717761974970987,-0.0724252482400862,-0.0527565157575214,-0.1675459988691704,0.068041770223068,-0.181011795299838,0.0374040491091736,2019-02-14,2019-02-15,2019-02-19,2019-02-20,2019-02-21,2019-02-22,2019-02-25,2019-02-26,2019-02-27,2019-02-28,11292.0,2019-02-13,252.0,1.6560%,0.0007,0.4905,-0.1219,0.4119,2.5347%,2.5811%,3.5657%,0.0149059999999999,ICCC,11292.0,2019-02-14,252.0,-6.9332%,0.0004,0.5049,-0.1584,0.4537,2.5660%,2.6161%,3.7896%,-0.0653789999999999,ICCC,11292.0,2019-02-15,252.0,-3.4483%,0.0002,0.4796,-0.1857,0.4066,2.5797%,2.6250%,3.4217%,-0.0420699999999999,ICCC,11292.0,2019-02-19,252.0,1.6586%,0.0003,0.4854,-0.1808,0.4116,2.5807%,2.6268%,3.4793%,0.014894,ICCC,11292.0,2019-02-20,252.0,-1.6315%,0.0002,0.4794,-0.1969,0.3896,2.5832%,2.6285%,3.4143%,-0.019204,ICCC,11292.0,2019-02-21,252.0,2.8571%,0.0004,0.464,-0.2215,0.3611,2.5864%,2.6294%,3.2485%,0.031003,ICCC,11292.0,2019-02-22,252.0,1.2500%,0.0004,0.4625,-0.2366,0.3289,2.5867%,2.6296%,3.2382%,0.01591,ICCC,11292.0,2019-02-25,252.0,-1.3361%,0.0003,0.4622,-0.2297,0.3313,2.5883%,2.6309%,3.2162%,-0.014178,ICCC,11292.0,2019-02-26,252.0,1.3542%,0.0004,0.4659,-0.252,0.3228,2.5887%,2.6322%,3.2719%,0.013805,ICCC,11292.0,2019-02-27,252.0,-1.5089%,0.0004,0.4642,-0.2535,0.3225,2.5904%,2.6333%,3.2289%,-0.014742,ICCC,11292.0,2019-02-28,252.0,0.6393%,0.0004,0.4666,-0.2516,0.3223,2.5905%,2.6335%,3.2401%,0.008589,ICCC,-0.0504729999999999,-0.0925429999999999,-0.0776489999999999,-0.0658499999999999,-0.0564659999999999
22651,I C F INTERNATIONAL INC NEW,"Berenberg Initiates Coverage On ICF International with Hold Rating, Announces $77 Price Target",6,uncertain,0.6,0.2,"the initiation of coverage with a 'hold' rating suggests a neutral stance, which may not significantly impact the stock price in either direction.",1,2019-02-13,ICFI,2019-02-13 13:16:00+00:00,91468.0,44925C10,-0.0009701967355795,112286.0,0.0122086182236671,0.0156250093132257,0.0149397477507591,0.0208363942801952,0.0052667031995952,0.005635829642415,-0.0069855488836765,0.0170487370342016,0.001488103531301,0.0316907353699207,0.0063487943261861,-0.0010602802503854,-0.0067114094272255,0.0003029794315807,-0.0186486113816499,0.001213620067574,0.0378683544695377,0.0101133314892649,0.001990100601688,0.0423255302011966,0.0096663581207394,0.010327567346394,-0.006688552442938,-0.0234793238341808,0.0046210521832108,-0.0056408746168017,-0.010513805784285,-0.0066926116123795,-0.002125164726749,-0.0001556510396767,0.0053241252899169,-0.0113845821470022,0.0136369494721293,-0.0094483802095055,-0.0074451374821364,0.0259537789970636,-0.0031582822557538,-0.0037382845766842,0.0264026410877704,0.0121393129229545,-0.0203215666115284,-0.0164366196841001,0.0105028627440333,-0.0105861071497201,-0.0127322766929864,0.0003068852238357,-0.0102644925937056,-0.014519041404128,0.0009307232685387,0.0187981687486171,-0.0353346988558769,0.0101167550310492,0.0143211353570222,0.0216250699013471,0.0245723258703947,-0.0267719477415084,0.0120577188208699,-0.0024698369670659,-0.0024874864611774,0.013930182904005,0.0003944612399209,0.0157392341643571,-0.0076235779561102,-0.0007942690281197,-0.0015894403913989,0.0287629049271345,-0.000663245213218,-0.0157632231712341,-0.0069030169397592,-0.0379140265285968,0.0132335992529988,0.0013947616098448,-0.0098944585770368,-0.0032437301706522,-0.0139907132834196,-0.0176024828106164,0.0185135509818792,-0.0254362784326076,0.0062358174473047,-0.0047100335359573,0.0015823147259652,-0.0217421818524599,0.0068457648158073,0.0476692728698253,0.0033995097037404,0.0151607627049088,0.0013030815171077,-0.0025965811219066,-0.0216032806783914,-0.0303613077849149,-0.0095770312473177,-0.0147080468013882,0.0263228453695774,-0.0229083765298128,0.0104685043916106,0.003569898661226,-0.0003884845646098,0.0024334120098501,0.0059593091718852,-0.0192335061728954,0.0083709144964814,0.0220978744328022,-0.0054917023517191,0.0015809227479621,-0.0138692921027541,0.0128093874081969,0.0079437503591179,0.0058564259670674,-0.0068475292064249,0.00916079711169,0.0072849947027862,-0.0314824990928173,-0.013431497849524,-0.0206026807427406,-0.0136143593117594,-0.0059905308298766,-0.0111479274928569,-0.0015301239909604,0.0038921071682125,-0.0053956750780344,0.0122086182236671,0.0156250093132257,0.0273307596510732,0.0367869724481031,0.0327414058499702,0.042630127200296,0.0270532308340969,0.0940106890305443,0.0477246771078752,0.1523718389831851,0.0570199937993438,0.1292847425082428,0.039646229442273,0.0002712097997998,2019-02-14,2019-02-15,2019-02-19,2019-02-20,2019-02-21,2019-02-22,2019-02-25,2019-02-26,2019-02-27,2019-02-28,91468.0,2019-02-13,252.0,-0.0970%,0.001,0.4727,0.5631,-0.1468,1.5164%,1.6481%,15.3464%,-0.002636,ICFI,91468.0,2019-02-14,252.0,1.2209%,0.001,0.4696,0.567,-0.1493,1.5139%,1.6456%,15.3639%,0.009322,ICFI,91468.0,2019-02-15,252.0,1.4940%,0.001,0.4642,0.5629,-0.1571,1.5125%,1.6427%,15.2240%,0.008832,ICFI,91468.0,2019-02-19,252.0,0.5267%,0.001,0.4679,0.5597,-0.1611,1.5111%,1.6426%,15.3693%,0.003124,ICFI,91468.0,2019-02-20,252.0,-0.6986%,0.001,0.4666,0.5627,-0.1642,1.5098%,1.6417%,15.4238%,-0.00832,ICFI,91468.0,2019-02-21,252.0,0.1488%,0.001,0.4722,0.5747,-0.1538,1.5060%,1.6399%,15.6588%,0.003131,ICFI,91468.0,2019-02-22,252.0,0.6349%,0.0009,0.4731,0.5638,-0.1536,1.5054%,1.6391%,15.6494%,-0.002243,ICFI,91468.0,2019-02-25,252.0,-0.6711%,0.0009,0.4729,0.5672,-0.1525,1.5061%,1.6399%,15.6546%,-0.006331,ICFI,91468.0,2019-02-26,252.0,-1.8649%,0.0009,0.4884,0.5741,-0.1374,1.5038%,1.6419%,16.1125%,-0.014865,ICFI,91468.0,2019-02-27,252.0,3.7868%,0.0011,0.4908,0.5801,-0.1369,1.5198%,1.6580%,15.9752%,0.036073,ICFI,91468.0,2019-02-28,252.0,0.1990%,0.001,0.5,0.5865,-0.1306,1.5157%,1.6567%,16.3026%,0.002954,ICFI,0.006686,0.015518,0.018642,0.013453,0.0290409999999999
22659,INTERNATIONAL FLAVORS & FRAG INC,"International Flavors & Fragrances shares are trading lower after the company reported Q4 EPS of $1.22, missing the $1.29 estimate and sales of $1.22 billion, missing the $1.24 billion estimate.",6,decrease,0.8,0.7,"the company missed both eps and sales estimates, which typically leads to negative investor sentiment and a decrease in stock price.",0,2019-02-13,IFF,2019-02-13 21:37:00+00:00,40272.0,45950610,-0.0045242914929986,679833.0,-0.0864894464612007,0.0187862440943718,-0.0048998123966157,0.0100162103772163,-0.0295431707054376,-0.0035844426602125,0.0145187778398394,-0.007325773127377,-0.009463689289987,-0.0030604605562984,-0.0039615482091903,0.0099753998219966,-0.0073305377736687,0.0051547167822718,-0.0101343458518385,-0.0011285347864031,0.0107142738997936,0.0158342868089675,0.0011778683401644,0.0045343665406107,0.0029019822832196,0.0143827199935913,0.0007038111798465,-0.0060232351534068,-0.008205653168261,0.0042999512515962,-0.0011031992034986,-0.0009464804898016,-0.0178275182843208,-0.0052872523665428,0.0071480153128504,7.250301132444292e-05,0.0074959713965654,0.0188929717987775,-0.001266392529942,0.0084096519276499,-0.0058646206744015,0.0058387513272464,-0.0038265571929514,0.0008240980678237,-0.0029609694611281,-0.0108929323032498,0.0027289828285574,-0.00567347696051,-0.0109661631286144,-0.0062966803088784,-0.0082550719380378,-0.0037201438099145,0.0319895409047603,-0.0043576592579483,-0.0082239173352718,0.0114596160128712,-0.007859518751502,0.0371020175516605,0.0130143128335475,-0.0246693957597017,0.0119693586602807,0.0023087626323103,0.0227882582694292,0.0154277291148901,-0.0070928484201431,-0.0014348470140248,0.0156844817101955,0.0219510719180107,-0.0021404998842626,0.042737066745758,0.0017620143480598,-0.0254271086305379,0.0084124058485031,-0.0008572366205044,0.0027301730588078,-0.0231424570083618,-0.0020420835353434,-0.008229493163526,-0.0057597160339355,0.0029531985055655,-0.0053357491269707,-0.0253874715417623,0.0049811778590083,-0.0002213442057836,0.0180722512304782,-0.0087763983756303,0.0036701783537864,-0.0075488751754164,0.0099999727681279,0.0005084046861156,-0.002807666780427,0.005109466612339,0.0077059366740286,-0.0126837315037846,-0.0055147060193121,0.0036889296025037,0.0083549348637461,-0.0249664541333913,-0.0006600058404728,0.0011296222219243,0.0010272169020026,0.0003531787660904,0.0083560412749648,0.0071133873425424,-0.001163070788607,0.0039277514442801,0.0027653709985315,0.0012870408827438,0.0002178245194954,0.0007871804991737,0.0060222502797842,0.0017922430997714,0.0090877013280987,0.0092612598091363,-0.0156529359519481,-0.0169285852462053,-0.0197502262890338,-0.0173342488706111,0.0011110658524557,0.0042114555835723,0.0063633047975599,0.0073535218834877,0.0008823644020594,-0.0106331184506416,-0.0864894464612007,0.0187862440943717,-0.0909654767958694,0.0289906214446351,-0.1178212388920252,0.0253022635641704,-0.1134829595602862,0.0146762221809062,-0.1220217655584849,0.0499496355360351,-0.101574191481617,0.1032292977990159,-0.0571065953604775,0.0261224923107146,2019-02-14,2019-02-15,2019-02-19,2019-02-20,2019-02-21,2019-02-22,2019-02-25,2019-02-26,2019-02-27,2019-02-28,40272.0,2019-02-13,252.0,-0.4524%,0.0001,0.7179,-0.1677,0.0362,1.1863%,1.4061%,28.8253%,-0.006566,IFF,40272.0,2019-02-14,252.0,-8.6489%,-0.0002,0.7374,-0.2135,0.0866,1.2983%,1.5084%,25.9108%,-0.084,IFF,40272.0,2019-02-15,252.0,-0.4900%,-0.0003,0.7275,-0.2239,0.0685,1.3008%,1.5066%,25.4489%,-0.013215,IFF,40272.0,2019-02-19,252.0,-2.9543%,-0.0004,0.7257,-0.2487,0.0407,1.3116%,1.5175%,25.2974%,-0.0305819999999999,IFF,40272.0,2019-02-20,252.0,1.4519%,-0.0003,0.7309,-0.231,0.0607,1.3113%,1.5174%,25.3243%,0.013363,IFF,40272.0,2019-02-21,252.0,-0.9464%,-0.0003,0.7353,-0.2235,0.0688,1.3110%,1.5183%,25.4505%,-0.006881,IFF,40272.0,2019-02-22,252.0,-0.3962%,-0.0003,0.7361,-0.2227,0.0794,1.3115%,1.5180%,25.3542%,-0.0066,IFF,40272.0,2019-02-25,252.0,-0.7331%,-0.0004,0.7372,-0.2174,0.0864,1.3113%,1.5176%,25.3406%,-0.008971,IFF,40272.0,2019-02-26,252.0,-1.0134%,-0.0005,0.7329,-0.1997,0.0922,1.3110%,1.5122%,24.8405%,-0.010161,IFF,40272.0,2019-02-27,252.0,1.0714%,-0.0004,0.7383,-0.2059,0.0931,1.3108%,1.5138%,25.0174%,0.010445,IFF,40272.0,2019-02-28,252.0,0.1178%,-0.0003,0.7318,-0.2102,0.0874,1.3094%,1.5089%,24.6979%,0.00364,IFF,-0.090566,-0.103781,-0.134363,-0.127881,-0.139528
22667,INTERNATIONAL FLAVORS & FRAG INC,International Flavors Sees FY19 Adj. EPS $6.30-$6.50 vs $6.68 Est.,6,decrease,0.8,0.7,"the adjusted eps guidance for fy19 is below the analyst estimate, which is likely to lead to a negative reaction in the stock price.",0,2019-02-13,IFF,2019-02-13 21:22:00+00:00,40272.0,45950610,-0.0045242914929986,679833.0,-0.0864894464612007,0.0187862440943718,-0.0048998123966157,0.0100162103772163,-0.0295431707054376,-0.0035844426602125,0.0145187778398394,-0.007325773127377,-0.009463689289987,-0.0030604605562984,-0.0039615482091903,0.0099753998219966,-0.0073305377736687,0.0051547167822718,-0.0101343458518385,-0.0011285347864031,0.0107142738997936,0.0158342868089675,0.0011778683401644,0.0045343665406107,0.0029019822832196,0.0143827199935913,0.0007038111798465,-0.0060232351534068,-0.008205653168261,0.0042999512515962,-0.0011031992034986,-0.0009464804898016,-0.0178275182843208,-0.0052872523665428,0.0071480153128504,7.250301132444292e-05,0.0074959713965654,0.0188929717987775,-0.001266392529942,0.0084096519276499,-0.0058646206744015,0.0058387513272464,-0.0038265571929514,0.0008240980678237,-0.0029609694611281,-0.0108929323032498,0.0027289828285574,-0.00567347696051,-0.0109661631286144,-0.0062966803088784,-0.0082550719380378,-0.0037201438099145,0.0319895409047603,-0.0043576592579483,-0.0082239173352718,0.0114596160128712,-0.007859518751502,0.0371020175516605,0.0130143128335475,-0.0246693957597017,0.0119693586602807,0.0023087626323103,0.0227882582694292,0.0154277291148901,-0.0070928484201431,-0.0014348470140248,0.0156844817101955,0.0219510719180107,-0.0021404998842626,0.042737066745758,0.0017620143480598,-0.0254271086305379,0.0084124058485031,-0.0008572366205044,0.0027301730588078,-0.0231424570083618,-0.0020420835353434,-0.008229493163526,-0.0057597160339355,0.0029531985055655,-0.0053357491269707,-0.0253874715417623,0.0049811778590083,-0.0002213442057836,0.0180722512304782,-0.0087763983756303,0.0036701783537864,-0.0075488751754164,0.0099999727681279,0.0005084046861156,-0.002807666780427,0.005109466612339,0.0077059366740286,-0.0126837315037846,-0.0055147060193121,0.0036889296025037,0.0083549348637461,-0.0249664541333913,-0.0006600058404728,0.0011296222219243,0.0010272169020026,0.0003531787660904,0.0083560412749648,0.0071133873425424,-0.001163070788607,0.0039277514442801,0.0027653709985315,0.0012870408827438,0.0002178245194954,0.0007871804991737,0.0060222502797842,0.0017922430997714,0.0090877013280987,0.0092612598091363,-0.0156529359519481,-0.0169285852462053,-0.0197502262890338,-0.0173342488706111,0.0011110658524557,0.0042114555835723,0.0063633047975599,0.0073535218834877,0.0008823644020594,-0.0106331184506416,-0.0864894464612007,0.0187862440943717,-0.0909654767958694,0.0289906214446351,-0.1178212388920252,0.0253022635641704,-0.1134829595602862,0.0146762221809062,-0.1220217655584849,0.0499496355360351,-0.101574191481617,0.1032292977990159,-0.0571065953604775,0.0261224923107146,2019-02-14,2019-02-15,2019-02-19,2019-02-20,2019-02-21,2019-02-22,2019-02-25,2019-02-26,2019-02-27,2019-02-28,40272.0,2019-02-13,252.0,-0.4524%,0.0001,0.7179,-0.1677,0.0362,1.1863%,1.4061%,28.8253%,-0.006566,IFF,40272.0,2019-02-14,252.0,-8.6489%,-0.0002,0.7374,-0.2135,0.0866,1.2983%,1.5084%,25.9108%,-0.084,IFF,40272.0,2019-02-15,252.0,-0.4900%,-0.0003,0.7275,-0.2239,0.0685,1.3008%,1.5066%,25.4489%,-0.013215,IFF,40272.0,2019-02-19,252.0,-2.9543%,-0.0004,0.7257,-0.2487,0.0407,1.3116%,1.5175%,25.2974%,-0.0305819999999999,IFF,40272.0,2019-02-20,252.0,1.4519%,-0.0003,0.7309,-0.231,0.0607,1.3113%,1.5174%,25.3243%,0.013363,IFF,40272.0,2019-02-21,252.0,-0.9464%,-0.0003,0.7353,-0.2235,0.0688,1.3110%,1.5183%,25.4505%,-0.006881,IFF,40272.0,2019-02-22,252.0,-0.3962%,-0.0003,0.7361,-0.2227,0.0794,1.3115%,1.5180%,25.3542%,-0.0066,IFF,40272.0,2019-02-25,252.0,-0.7331%,-0.0004,0.7372,-0.2174,0.0864,1.3113%,1.5176%,25.3406%,-0.008971,IFF,40272.0,2019-02-26,252.0,-1.0134%,-0.0005,0.7329,-0.1997,0.0922,1.3110%,1.5122%,24.8405%,-0.010161,IFF,40272.0,2019-02-27,252.0,1.0714%,-0.0004,0.7383,-0.2059,0.0931,1.3108%,1.5138%,25.0174%,0.010445,IFF,40272.0,2019-02-28,252.0,0.1178%,-0.0003,0.7318,-0.2102,0.0874,1.3094%,1.5089%,24.6979%,0.00364,IFF,-0.090566,-0.103781,-0.134363,-0.127881,-0.139528
22675,INTERNATIONAL FLAVORS & FRAG INC,"International Flavors Q4 Adj. EPS $1.22 Misses $1.29 Estimate, Sales $1.22B Miss $1.24B Estimate",6,decrease,0.8,0.7,"the company's adjusted eps and sales both missed analyst estimates, which typically leads to negative investor sentiment and a decrease in stock price.",0,2019-02-13,IFF,2019-02-13 21:22:00+00:00,40272.0,45950610,-0.0045242914929986,679833.0,-0.0864894464612007,0.0187862440943718,-0.0048998123966157,0.0100162103772163,-0.0295431707054376,-0.0035844426602125,0.0145187778398394,-0.007325773127377,-0.009463689289987,-0.0030604605562984,-0.0039615482091903,0.0099753998219966,-0.0073305377736687,0.0051547167822718,-0.0101343458518385,-0.0011285347864031,0.0107142738997936,0.0158342868089675,0.0011778683401644,0.0045343665406107,0.0029019822832196,0.0143827199935913,0.0007038111798465,-0.0060232351534068,-0.008205653168261,0.0042999512515962,-0.0011031992034986,-0.0009464804898016,-0.0178275182843208,-0.0052872523665428,0.0071480153128504,7.250301132444292e-05,0.0074959713965654,0.0188929717987775,-0.001266392529942,0.0084096519276499,-0.0058646206744015,0.0058387513272464,-0.0038265571929514,0.0008240980678237,-0.0029609694611281,-0.0108929323032498,0.0027289828285574,-0.00567347696051,-0.0109661631286144,-0.0062966803088784,-0.0082550719380378,-0.0037201438099145,0.0319895409047603,-0.0043576592579483,-0.0082239173352718,0.0114596160128712,-0.007859518751502,0.0371020175516605,0.0130143128335475,-0.0246693957597017,0.0119693586602807,0.0023087626323103,0.0227882582694292,0.0154277291148901,-0.0070928484201431,-0.0014348470140248,0.0156844817101955,0.0219510719180107,-0.0021404998842626,0.042737066745758,0.0017620143480598,-0.0254271086305379,0.0084124058485031,-0.0008572366205044,0.0027301730588078,-0.0231424570083618,-0.0020420835353434,-0.008229493163526,-0.0057597160339355,0.0029531985055655,-0.0053357491269707,-0.0253874715417623,0.0049811778590083,-0.0002213442057836,0.0180722512304782,-0.0087763983756303,0.0036701783537864,-0.0075488751754164,0.0099999727681279,0.0005084046861156,-0.002807666780427,0.005109466612339,0.0077059366740286,-0.0126837315037846,-0.0055147060193121,0.0036889296025037,0.0083549348637461,-0.0249664541333913,-0.0006600058404728,0.0011296222219243,0.0010272169020026,0.0003531787660904,0.0083560412749648,0.0071133873425424,-0.001163070788607,0.0039277514442801,0.0027653709985315,0.0012870408827438,0.0002178245194954,0.0007871804991737,0.0060222502797842,0.0017922430997714,0.0090877013280987,0.0092612598091363,-0.0156529359519481,-0.0169285852462053,-0.0197502262890338,-0.0173342488706111,0.0011110658524557,0.0042114555835723,0.0063633047975599,0.0073535218834877,0.0008823644020594,-0.0106331184506416,-0.0864894464612007,0.0187862440943717,-0.0909654767958694,0.0289906214446351,-0.1178212388920252,0.0253022635641704,-0.1134829595602862,0.0146762221809062,-0.1220217655584849,0.0499496355360351,-0.101574191481617,0.1032292977990159,-0.0571065953604775,0.0261224923107146,2019-02-14,2019-02-15,2019-02-19,2019-02-20,2019-02-21,2019-02-22,2019-02-25,2019-02-26,2019-02-27,2019-02-28,40272.0,2019-02-13,252.0,-0.4524%,0.0001,0.7179,-0.1677,0.0362,1.1863%,1.4061%,28.8253%,-0.006566,IFF,40272.0,2019-02-14,252.0,-8.6489%,-0.0002,0.7374,-0.2135,0.0866,1.2983%,1.5084%,25.9108%,-0.084,IFF,40272.0,2019-02-15,252.0,-0.4900%,-0.0003,0.7275,-0.2239,0.0685,1.3008%,1.5066%,25.4489%,-0.013215,IFF,40272.0,2019-02-19,252.0,-2.9543%,-0.0004,0.7257,-0.2487,0.0407,1.3116%,1.5175%,25.2974%,-0.0305819999999999,IFF,40272.0,2019-02-20,252.0,1.4519%,-0.0003,0.7309,-0.231,0.0607,1.3113%,1.5174%,25.3243%,0.013363,IFF,40272.0,2019-02-21,252.0,-0.9464%,-0.0003,0.7353,-0.2235,0.0688,1.3110%,1.5183%,25.4505%,-0.006881,IFF,40272.0,2019-02-22,252.0,-0.3962%,-0.0003,0.7361,-0.2227,0.0794,1.3115%,1.5180%,25.3542%,-0.0066,IFF,40272.0,2019-02-25,252.0,-0.7331%,-0.0004,0.7372,-0.2174,0.0864,1.3113%,1.5176%,25.3406%,-0.008971,IFF,40272.0,2019-02-26,252.0,-1.0134%,-0.0005,0.7329,-0.1997,0.0922,1.3110%,1.5122%,24.8405%,-0.010161,IFF,40272.0,2019-02-27,252.0,1.0714%,-0.0004,0.7383,-0.2059,0.0931,1.3108%,1.5138%,25.0174%,0.010445,IFF,40272.0,2019-02-28,252.0,0.1178%,-0.0003,0.7318,-0.2102,0.0874,1.3094%,1.5089%,24.6979%,0.00364,IFF,-0.090566,-0.103781,-0.134363,-0.127881,-0.139528
22683,INTERNATIONAL GAME TECH PLC,IGT Names Bob Vincent Chairman Of IGT Global Solutions,6,uncertain,0.5,0.1,"the appointment of a new chairman could have mixed implications for the company's direction and performance, making the impact on stock price uncertain.",1,2019-02-13,IGT,2019-02-13 11:46:00+00:00,15331.0,G4863A10,0.0206060707569122,2041506.0,-0.021971546113491,0.0153846153989434,0.0109289810061454,0.0304375104606151,0.0234235022217035,-0.0211049132049083,-0.008802905678749,-0.0277609582990407,0.0041444464586675,0.0178132057189941,0.0235849972814321,-0.0121358530595898,0.0069123804569244,-0.0131737254559993,0.0148741556331515,0.0207824055105447,-0.0090191569179296,0.0244208108633756,-0.0187713261693716,0.020447326824069,0.0168116465210914,-0.0230961814522743,-0.0171038266271352,-0.0031113403383642,-0.0046403668820858,0.0190234128385782,-0.0052447640337049,0.0416116304695606,-0.1593438386917114,0.0161074306815862,-0.035540085285902,-0.0235911272466182,-0.0014451197348535,0.030384860932827,-0.0274963900446891,-0.0205026101320982,-0.0133928088471293,0.0086724562570452,0.0007541650556959,-0.0347714088857173,0.0128107853233814,-0.0145939402282238,-0.0119047509506344,-0.0199004784226417,0.0075301495380699,-0.0159118864685297,-0.0067264544777572,0.0368020236492157,0.0221543125808239,0.0354796275496482,-0.0373692065477371,0.0086149843409657,-0.0015528305666521,0.0321477614343166,0.0116641195490956,-0.0259827002882957,-0.0130668776109814,0.0259740334004163,-0.0046729296445846,0.011057348921895,0.0164319276809692,0.0083623612299561,0.0354118570685386,-0.0264585744589567,-0.0007435114239342,0.0806451141834259,0.0245536379516124,-0.00437952298671,-0.005083561874926,-0.0558235980570316,0.0058394107036292,-0.0650773346424102,0.0036284609232097,-0.0318153575062751,-0.0093998638913035,0.0275641214102506,0.0175182316452264,0.0025706915184855,-0.0035867460537701,-0.0353378020226955,0.0244779828935861,-0.0194529835134744,-0.0049191634170711,0.0129310954362154,0.0134181166067719,-0.0263789277523756,-0.0160279087722301,-0.0118482736870646,-0.0028328585904091,-0.0029534047935158,-0.0092329625040292,0.0162065103650093,0.0136201102286577,-0.0425287224352359,0.0028288515750318,0.0110401250422,-0.0197461694478988,0.0052569066174328,0.0294964611530304,-0.0104045318439602,0.0321453548967838,0.0230632405728101,-0.0094786956906318,0.0137889413163065,-0.018455259501934,0.0617441274225711,-0.0027855127118527,-0.0272445566952228,0.0216480735689401,0.0882748961448669,-0.010936421342194,-0.0388600677251815,-0.0497581362724304,-0.0108904596418142,0.0123636415228247,-0.0231539364904165,-0.0028735604137182,0.0296391155570745,0.0057636830024421,0.0223979018628597,-0.021971546113491,0.0153846153989434,-0.0112826917174955,0.0462903952516964,0.0118765303496963,0.0242085272727801,0.0071258283325474,0.0135134711929238,0.0243467866501618,0.0543131273533665,-0.2294974314356928,0.1402902312534586,-0.1583555481103935,0.0869564981610806,2019-02-14,2019-02-15,2019-02-19,2019-02-20,2019-02-21,2019-02-22,2019-02-25,2019-02-26,2019-02-27,2019-02-28,15331.0,2019-02-13,252.0,2.0606%,-0.0017,1.2348,0.6616,-0.2737,2.4342%,2.8389%,26.4805%,0.016866,IGT,15331.0,2019-02-14,252.0,-2.1972%,-0.0018,1.2403,0.6492,-0.2604,2.4384%,2.8419%,26.3815%,-0.024506,IGT,15331.0,2019-02-15,252.0,1.0929%,-0.0018,1.2329,0.6424,-0.2727,2.4379%,2.8380%,26.2098%,-0.003559,IGT,15331.0,2019-02-19,252.0,2.3424%,-0.0017,1.2344,0.6598,-0.2532,2.4410%,2.8381%,26.0226%,0.019936,IGT,15331.0,2019-02-20,252.0,-0.8803%,-0.0018,1.2319,0.6553,-0.2617,2.4417%,2.8385%,26.0005%,-0.011307,IGT,15331.0,2019-02-21,252.0,0.4144%,-0.0018,1.2389,0.6718,-0.249,2.4371%,2.8369%,26.1960%,0.00846,IGT,15331.0,2019-02-22,252.0,2.3585%,-0.0017,1.2365,0.7009,-0.2519,2.4347%,2.8382%,26.4127%,0.0080769999999999,IGT,15331.0,2019-02-25,252.0,0.6912%,-0.0016,1.2343,0.6948,-0.2631,2.4325%,2.8366%,26.4614%,0.006326,IGT,15331.0,2019-02-26,252.0,1.4874%,-0.0015,1.228,0.6703,-0.2801,2.4363%,2.8358%,26.1879%,0.020327,IGT,15331.0,2019-02-27,252.0,-0.9019%,-0.0016,1.2302,0.6635,-0.2798,2.4370%,2.8361%,26.1640%,-0.011834,IGT,15331.0,2019-02-28,252.0,-1.8771%,-0.0016,1.2356,0.6667,-0.2726,2.4384%,2.8371%,26.1304%,-0.01589,IGT,-0.0076399999999999,-0.0111989999999999,0.008737,0.00589,0.012896
22691,INTERPUBLIC GROUP COS INC,"The Interpublic Group of Companies shares are trading higher after the company reported Q4 EPS $0.89, beating the  $0.79 consensus estimate and sales of $2.41 billion, beating the $2.34 billion estimate; the company also raised its quarterly dividend.",6,increase,0.85,0.7,"the positive earnings report and raised dividend typically signal strong company performance, which is likely to boost investor confidence and increase the stock price.",2,2019-02-13,IPG,2019-02-13 14:21:00+00:00,53065.0,46069010,0.0475311800837516,9876287.0,0.0145374415442347,-0.0064190458506345,0.0151975015178322,-0.0135685727000236,-0.003849369008094,0.0100503070279955,0.0158866010606288,0.0129569079726934,-0.0105663565918803,-0.0563318356871604,0.0145237147808075,0.0088105220347642,-0.0042105424217879,0.0013233651407063,-0.0008456853101961,-0.0035164800938218,-0.0262377895414829,0.0013204527786001,0.0110821584239602,-0.0017575094243511,0.0043420959264039,0.011555565521121,-0.0073497658595442,0.0040160710923373,-0.000871017051395,0.0076438882388174,-0.0039232848212122,0.0155251212418079,-0.0218818373978138,0.0115473447367548,-0.00447428971529,-0.0269663091748952,0.0134831117466092,-0.0040286551229655,-0.0039911377243697,0.0058532673865556,-0.0102404076606035,-0.0026942691765725,0.0085470331832766,-0.0017928736051544,-0.0035682392772287,0.0013464442454278,-0.0058192061260342,0.0013483454240486,0.0031518056057393,0.002703896490857,-0.0152603294700384,0.0137049406766891,-0.0004557989304885,0.0306026190519332,-0.0364797599613666,0.02460203692317,-0.0080454368144273,0.0161764677613973,-0.008110599592328,0.0079051312059164,0.0110629890114069,-0.0189044792205095,-0.0042816437780857,0.0097894687205553,0.0038222610019147,0.000979934236966,0.0076154139824211,0.0029483765829354,-0.0080302348360419,0.0303797665983438,0.0033333187457174,-0.0198510978370904,0.0080683473497629,-0.0317155160009861,0.0136535270139575,-0.0239212121814489,-0.0004644787986762,-0.0247026942670345,0.0018586899386718,0.0045956056565046,0.0023191627115011,-0.0202610921114683,0.0120314769446849,-0.0434969961643219,-0.0036579752340912,-0.0292642451822757,0.0068838740698993,0.0427201204001903,0.0164083261042833,0.0017467648722231,0.0094170849770307,0.0114841097965836,0.0062194308266043,-0.0135076846927404,-0.0083885444328188,-0.0103492783382535,0.0008904923452064,-0.0235789250582456,0.0026691001839935,0.010638297535479,-0.0115350587293505,-0.0262833833694458,0.0525134652853012,-0.0008206999045796,0.0021321636158972,0.0278364308178424,-0.0212765950709581,0.0197849068790674,0.0034782574512064,0.0242290403693914,-0.0090987468138337,-0.0164644345641136,0.0096195582300424,0.0,0.0086617916822433,-0.0166169330477714,-0.0218978188931942,-0.02330425940454,0.0228269770741462,0.0050188559107482,-0.015450588427484,-0.0099378786981105,0.0061028501950204,0.0087718917056918,0.0145374415442347,-0.0064190458506345,0.0299558758520008,-0.0199005212603691,0.0259911956237917,-0.0100502205810574,0.0312774931425998,-0.053711771595809,0.0248898653192599,-0.0478910432494122,-0.0685651506303206,0.0606950432929576,0.027114950762433,-0.0867315607926011,2019-02-14,2019-02-15,2019-02-19,2019-02-20,2019-02-21,2019-02-22,2019-02-25,2019-02-26,2019-02-27,2019-02-28,53065.0,2019-02-13,252.0,4.7531%,0.0004,0.9284,-0.1723,0.4711,1.5313%,1.7838%,26.3098%,0.04464,IPG,53065.0,2019-02-14,252.0,1.4537%,0.0004,0.923,-0.1621,0.4613,1.5343%,1.7839%,26.0228%,0.020016,IPG,53065.0,2019-02-15,252.0,1.5198%,0.0001,0.8531,-0.2247,0.3481,1.4331%,1.6666%,26.0577%,0.002859,IPG,53065.0,2019-02-19,252.0,-0.3849%,-0.0,0.8472,-0.2218,0.3518,1.4305%,1.6603%,25.7609%,-0.005963,IPG,53065.0,2019-02-20,252.0,1.5887%,-0.0,0.8497,-0.2209,0.3595,1.4312%,1.6619%,25.8376%,0.0127299999999999,IPG,53065.0,2019-02-21,252.0,-1.0566%,0.0,0.8442,-0.2337,0.3495,1.4265%,1.6558%,25.7845%,-0.00685,IPG,53065.0,2019-02-22,252.0,1.4524%,0.0001,0.8416,-0.2199,0.3308,1.4288%,1.6565%,25.5997%,0.015359,IPG,53065.0,2019-02-25,252.0,-0.4211%,0.0002,0.8396,-0.2191,0.3236,1.4249%,1.6524%,25.6370%,-0.0055489999999999,IPG,53065.0,2019-02-26,252.0,-0.0846%,0.0002,0.8402,-0.2196,0.3238,1.4249%,1.6505%,25.4739%,6.3e-05,IPG,53065.0,2019-02-27,252.0,-2.6238%,0.0001,0.8395,-0.2261,0.3236,1.4346%,1.6575%,25.0919%,-0.026288,IPG,53065.0,2019-02-28,252.0,1.1082%,0.0002,0.826,-0.2349,0.3105,1.4320%,1.6485%,24.5400%,0.014439,IPG,0.064656,0.067515,0.061552,0.067432,0.065456
22699,INTERPUBLIC GROUP COS INC,Interpublic Raises Quarterly Dividend From $0.21 To $0.235/Share,6,increase,0.8,0.6,"raising the quarterly dividend typically signals financial strength and can attract investors, likely leading to an increase in stock price.",2,2019-02-13,IPG,2019-02-13 12:29:00+00:00,53065.0,46069010,0.0475311800837516,9876287.0,0.0145374415442347,-0.0064190458506345,0.0151975015178322,-0.0135685727000236,-0.003849369008094,0.0100503070279955,0.0158866010606288,0.0129569079726934,-0.0105663565918803,-0.0563318356871604,0.0145237147808075,0.0088105220347642,-0.0042105424217879,0.0013233651407063,-0.0008456853101961,-0.0035164800938218,-0.0262377895414829,0.0013204527786001,0.0110821584239602,-0.0017575094243511,0.0043420959264039,0.011555565521121,-0.0073497658595442,0.0040160710923373,-0.000871017051395,0.0076438882388174,-0.0039232848212122,0.0155251212418079,-0.0218818373978138,0.0115473447367548,-0.00447428971529,-0.0269663091748952,0.0134831117466092,-0.0040286551229655,-0.0039911377243697,0.0058532673865556,-0.0102404076606035,-0.0026942691765725,0.0085470331832766,-0.0017928736051544,-0.0035682392772287,0.0013464442454278,-0.0058192061260342,0.0013483454240486,0.0031518056057393,0.002703896490857,-0.0152603294700384,0.0137049406766891,-0.0004557989304885,0.0306026190519332,-0.0364797599613666,0.02460203692317,-0.0080454368144273,0.0161764677613973,-0.008110599592328,0.0079051312059164,0.0110629890114069,-0.0189044792205095,-0.0042816437780857,0.0097894687205553,0.0038222610019147,0.000979934236966,0.0076154139824211,0.0029483765829354,-0.0080302348360419,0.0303797665983438,0.0033333187457174,-0.0198510978370904,0.0080683473497629,-0.0317155160009861,0.0136535270139575,-0.0239212121814489,-0.0004644787986762,-0.0247026942670345,0.0018586899386718,0.0045956056565046,0.0023191627115011,-0.0202610921114683,0.0120314769446849,-0.0434969961643219,-0.0036579752340912,-0.0292642451822757,0.0068838740698993,0.0427201204001903,0.0164083261042833,0.0017467648722231,0.0094170849770307,0.0114841097965836,0.0062194308266043,-0.0135076846927404,-0.0083885444328188,-0.0103492783382535,0.0008904923452064,-0.0235789250582456,0.0026691001839935,0.010638297535479,-0.0115350587293505,-0.0262833833694458,0.0525134652853012,-0.0008206999045796,0.0021321636158972,0.0278364308178424,-0.0212765950709581,0.0197849068790674,0.0034782574512064,0.0242290403693914,-0.0090987468138337,-0.0164644345641136,0.0096195582300424,0.0,0.0086617916822433,-0.0166169330477714,-0.0218978188931942,-0.02330425940454,0.0228269770741462,0.0050188559107482,-0.015450588427484,-0.0099378786981105,0.0061028501950204,0.0087718917056918,0.0145374415442347,-0.0064190458506345,0.0299558758520008,-0.0199005212603691,0.0259911956237917,-0.0100502205810574,0.0312774931425998,-0.053711771595809,0.0248898653192599,-0.0478910432494122,-0.0685651506303206,0.0606950432929576,0.027114950762433,-0.0867315607926011,2019-02-14,2019-02-15,2019-02-19,2019-02-20,2019-02-21,2019-02-22,2019-02-25,2019-02-26,2019-02-27,2019-02-28,53065.0,2019-02-13,252.0,4.7531%,0.0004,0.9284,-0.1723,0.4711,1.5313%,1.7838%,26.3098%,0.04464,IPG,53065.0,2019-02-14,252.0,1.4537%,0.0004,0.923,-0.1621,0.4613,1.5343%,1.7839%,26.0228%,0.020016,IPG,53065.0,2019-02-15,252.0,1.5198%,0.0001,0.8531,-0.2247,0.3481,1.4331%,1.6666%,26.0577%,0.002859,IPG,53065.0,2019-02-19,252.0,-0.3849%,-0.0,0.8472,-0.2218,0.3518,1.4305%,1.6603%,25.7609%,-0.005963,IPG,53065.0,2019-02-20,252.0,1.5887%,-0.0,0.8497,-0.2209,0.3595,1.4312%,1.6619%,25.8376%,0.0127299999999999,IPG,53065.0,2019-02-21,252.0,-1.0566%,0.0,0.8442,-0.2337,0.3495,1.4265%,1.6558%,25.7845%,-0.00685,IPG,53065.0,2019-02-22,252.0,1.4524%,0.0001,0.8416,-0.2199,0.3308,1.4288%,1.6565%,25.5997%,0.015359,IPG,53065.0,2019-02-25,252.0,-0.4211%,0.0002,0.8396,-0.2191,0.3236,1.4249%,1.6524%,25.6370%,-0.0055489999999999,IPG,53065.0,2019-02-26,252.0,-0.0846%,0.0002,0.8402,-0.2196,0.3238,1.4249%,1.6505%,25.4739%,6.3e-05,IPG,53065.0,2019-02-27,252.0,-2.6238%,0.0001,0.8395,-0.2261,0.3236,1.4346%,1.6575%,25.0919%,-0.026288,IPG,53065.0,2019-02-28,252.0,1.1082%,0.0002,0.826,-0.2349,0.3105,1.4320%,1.6485%,24.5400%,0.014439,IPG,0.064656,0.067515,0.061552,0.067432,0.065456
22707,INTERPUBLIC GROUP COS INC,"Interpublic Group Q4 Adj. EPS $0.89 Beats $0.79 Estimate, Sales $2.41B Beat $2.34B Estimate",6,increase,0.85,0.7,"the company reported better-than-expected earnings and sales, which typically leads to positive investor sentiment and an increase in stock price.",2,2019-02-13,IPG,2019-02-13 12:10:00+00:00,53065.0,46069010,0.0475311800837516,9876287.0,0.0145374415442347,-0.0064190458506345,0.0151975015178322,-0.0135685727000236,-0.003849369008094,0.0100503070279955,0.0158866010606288,0.0129569079726934,-0.0105663565918803,-0.0563318356871604,0.0145237147808075,0.0088105220347642,-0.0042105424217879,0.0013233651407063,-0.0008456853101961,-0.0035164800938218,-0.0262377895414829,0.0013204527786001,0.0110821584239602,-0.0017575094243511,0.0043420959264039,0.011555565521121,-0.0073497658595442,0.0040160710923373,-0.000871017051395,0.0076438882388174,-0.0039232848212122,0.0155251212418079,-0.0218818373978138,0.0115473447367548,-0.00447428971529,-0.0269663091748952,0.0134831117466092,-0.0040286551229655,-0.0039911377243697,0.0058532673865556,-0.0102404076606035,-0.0026942691765725,0.0085470331832766,-0.0017928736051544,-0.0035682392772287,0.0013464442454278,-0.0058192061260342,0.0013483454240486,0.0031518056057393,0.002703896490857,-0.0152603294700384,0.0137049406766891,-0.0004557989304885,0.0306026190519332,-0.0364797599613666,0.02460203692317,-0.0080454368144273,0.0161764677613973,-0.008110599592328,0.0079051312059164,0.0110629890114069,-0.0189044792205095,-0.0042816437780857,0.0097894687205553,0.0038222610019147,0.000979934236966,0.0076154139824211,0.0029483765829354,-0.0080302348360419,0.0303797665983438,0.0033333187457174,-0.0198510978370904,0.0080683473497629,-0.0317155160009861,0.0136535270139575,-0.0239212121814489,-0.0004644787986762,-0.0247026942670345,0.0018586899386718,0.0045956056565046,0.0023191627115011,-0.0202610921114683,0.0120314769446849,-0.0434969961643219,-0.0036579752340912,-0.0292642451822757,0.0068838740698993,0.0427201204001903,0.0164083261042833,0.0017467648722231,0.0094170849770307,0.0114841097965836,0.0062194308266043,-0.0135076846927404,-0.0083885444328188,-0.0103492783382535,0.0008904923452064,-0.0235789250582456,0.0026691001839935,0.010638297535479,-0.0115350587293505,-0.0262833833694458,0.0525134652853012,-0.0008206999045796,0.0021321636158972,0.0278364308178424,-0.0212765950709581,0.0197849068790674,0.0034782574512064,0.0242290403693914,-0.0090987468138337,-0.0164644345641136,0.0096195582300424,0.0,0.0086617916822433,-0.0166169330477714,-0.0218978188931942,-0.02330425940454,0.0228269770741462,0.0050188559107482,-0.015450588427484,-0.0099378786981105,0.0061028501950204,0.0087718917056918,0.0145374415442347,-0.0064190458506345,0.0299558758520008,-0.0199005212603691,0.0259911956237917,-0.0100502205810574,0.0312774931425998,-0.053711771595809,0.0248898653192599,-0.0478910432494122,-0.0685651506303206,0.0606950432929576,0.027114950762433,-0.0867315607926011,2019-02-14,2019-02-15,2019-02-19,2019-02-20,2019-02-21,2019-02-22,2019-02-25,2019-02-26,2019-02-27,2019-02-28,53065.0,2019-02-13,252.0,4.7531%,0.0004,0.9284,-0.1723,0.4711,1.5313%,1.7838%,26.3098%,0.04464,IPG,53065.0,2019-02-14,252.0,1.4537%,0.0004,0.923,-0.1621,0.4613,1.5343%,1.7839%,26.0228%,0.020016,IPG,53065.0,2019-02-15,252.0,1.5198%,0.0001,0.8531,-0.2247,0.3481,1.4331%,1.6666%,26.0577%,0.002859,IPG,53065.0,2019-02-19,252.0,-0.3849%,-0.0,0.8472,-0.2218,0.3518,1.4305%,1.6603%,25.7609%,-0.005963,IPG,53065.0,2019-02-20,252.0,1.5887%,-0.0,0.8497,-0.2209,0.3595,1.4312%,1.6619%,25.8376%,0.0127299999999999,IPG,53065.0,2019-02-21,252.0,-1.0566%,0.0,0.8442,-0.2337,0.3495,1.4265%,1.6558%,25.7845%,-0.00685,IPG,53065.0,2019-02-22,252.0,1.4524%,0.0001,0.8416,-0.2199,0.3308,1.4288%,1.6565%,25.5997%,0.015359,IPG,53065.0,2019-02-25,252.0,-0.4211%,0.0002,0.8396,-0.2191,0.3236,1.4249%,1.6524%,25.6370%,-0.0055489999999999,IPG,53065.0,2019-02-26,252.0,-0.0846%,0.0002,0.8402,-0.2196,0.3238,1.4249%,1.6505%,25.4739%,6.3e-05,IPG,53065.0,2019-02-27,252.0,-2.6238%,0.0001,0.8395,-0.2261,0.3236,1.4346%,1.6575%,25.0919%,-0.026288,IPG,53065.0,2019-02-28,252.0,1.1082%,0.0002,0.826,-0.2349,0.3105,1.4320%,1.6485%,24.5400%,0.014439,IPG,0.064656,0.067515,0.061552,0.067432,0.065456
22715,I P G PHOTONICS CORP,"Canaccord Genuity Maintains Hold on IPG Photonics, Lowers Price Target to $138",6,decrease,0.7,0.6,"maintaining a 'hold' rating while lowering the price target typically signals a lack of confidence in the stock's near-term performance, which can lead to a decrease in stock price.",0,2019-02-13,IPGP,2019-02-13 14:49:00+00:00,91668.0,44980X10,0.0152225997298955,864033.0,0.001137948827818,0.0721311047673225,0.0355710573494434,-0.0111671686172485,-0.0121384607627987,0.0148424264043569,0.0014379164204001,-0.0326755419373512,0.0054170591756701,0.0272449869662523,0.0154494615271687,0.0074659953825175,0.0303650200366973,-0.0022639126982539,-0.0099267335608601,0.0295488163828849,-0.0109662860631942,-0.0018761726096272,-0.0177406258881092,0.0135392006486654,0.0106430621817708,-0.0091196224093437,-0.0020423289388418,-0.0193644519895315,-0.0017907315632328,0.0362257435917854,-0.0238979738205671,0.0348736569285392,-0.0286183152347803,-0.0146818030625581,0.0006756594520993,-0.0336577743291854,0.0218111351132392,0.0255397222936153,0.0055511253885924,0.0067789498716592,0.0114352665841579,0.0193804185837507,-0.0285250134766101,-0.0095193069428205,0.0274229571223259,-0.0060212439857423,-0.0267560742795467,-0.0049798241816461,0.0148495063185691,0.01781902089715,-0.0268257800489664,0.0452814027667045,0.0368439070880413,0.0341580808162689,-0.054347064346075,0.0182182379066944,-0.0002072168135782,0.0563536174595356,0.0244575999677181,-0.0536772720515728,-0.0028324667364358,0.0129755605012178,0.0020965612493455,-0.0148695576936006,0.0243639107793569,-0.0011291345581412,0.067927248775959,0.0078787868842482,0.0011105431476607,0.0812115669250488,0.0264373775571584,-0.0191254075616598,0.0062440475448966,-0.0583143755793571,-0.0034009981900453,0.014096962288022,0.0115548577159643,-0.023716764524579,-0.0254498273134231,-0.0142491310834884,0.0115996822714805,-0.0066954903304576,-0.0015008704503998,-0.0183860156685113,0.0156324598938226,-0.0171709414571523,0.0018351738108322,0.0048476210795342,0.0165455490350723,-0.0112916277721524,0.0100563606247305,-0.010052272118628,0.0098987184464931,-0.0535089522600174,0.0060976026579737,-0.0425593666732311,0.012121208012104,-0.0739015787839889,0.0164530891925096,0.0423496626317501,-0.0437152571976184,0.0060867764987051,0.0006333157070912,-0.0163603872060775,-0.0045455037616193,0.0198082588613033,0.0099416291341185,-0.0019839776214212,-0.0222629178315401,0.0246115811169147,-0.006146119441837,0.0276037920266389,0.0100124403834343,0.0081985434517264,-0.058195874094963,-0.0233600810170173,-0.0182651039212942,-0.0169698931276798,0.000441519456217,-0.0019459767499938,-0.0315829887986183,0.028158601373434,0.0004557175270747,0.015807231888175,0.001137948827818,0.0721311047673225,0.0367494842202764,0.0601584359405888,0.0241649412852167,0.0758937595029953,0.0311935444698703,0.0690932505665153,0.0377535261044179,0.1192666982182477,-0.0081665518178415,0.2795651596149429,0.0287837463540885,0.107640102278143,2019-02-14,2019-02-15,2019-02-19,2019-02-20,2019-02-21,2019-02-22,2019-02-25,2019-02-26,2019-02-27,2019-02-28,91668.0,2019-02-13,252.0,1.5223%,-0.0017,1.5097,0.5456,0.1779,2.7744%,3.2020%,24.9211%,0.010442,IPGP,91668.0,2019-02-14,252.0,0.1138%,-0.0017,1.5078,0.5473,0.1777,2.7730%,3.1997%,24.8937%,0.002403,IPGP,91668.0,2019-02-15,252.0,3.5571%,-0.0017,1.5094,0.5506,0.1828,2.7742%,3.1995%,24.8196%,0.016212,IPGP,91668.0,2019-02-19,252.0,-1.2138%,-0.0018,1.5026,0.5462,0.1784,2.7749%,3.1954%,24.5873%,-0.017252,IPGP,91668.0,2019-02-20,252.0,0.1438%,-0.0015,1.5093,0.5949,0.2112,2.7317%,3.1605%,25.2938%,-0.0037,IPGP,91668.0,2019-02-21,252.0,0.5417%,-0.0015,1.5107,0.6006,0.2136,2.7319%,3.1608%,25.2969%,0.0118039999999999,IPGP,91668.0,2019-02-22,252.0,1.5449%,-0.0016,1.5117,0.5481,0.1785,2.7205%,3.1533%,25.5654%,0.0053669999999999,IPGP,91668.0,2019-02-25,252.0,3.0365%,-0.0014,1.5079,0.5289,0.1543,2.7204%,3.1531%,25.5623%,0.029744,IPGP,91668.0,2019-02-26,252.0,-0.9927%,-0.0014,1.5141,0.5261,0.1575,2.7198%,3.1528%,25.5813%,-0.0037199999999999,IPGP,91668.0,2019-02-27,252.0,-1.0966%,-0.0015,1.5086,0.5324,0.1566,2.7198%,3.1492%,25.4114%,-0.01324,IPGP,91668.0,2019-02-28,252.0,-1.7741%,-0.0016,1.5171,0.5378,0.1654,2.7198%,3.1504%,25.4711%,-0.012879,IPGP,0.012845,0.029057,0.011805,0.0199089999999999,0.0251809999999999
22723,IRONWOOD PHARMACEUTICALS INC,"Ironwood Pharmaceuticals shares are trading higher after the company reported Q4 EPS of $(0.10), beating the $(0.15) estimate and sales of $130.69 million, beating the $98.47 million estimate.",6,increase,0.8,0.6,"the company beat both earnings and sales estimates, which typically signals positive performance and can lead to an increase in stock price.",2,2019-02-13,IRWD,2019-02-13 15:29:00+00:00,93264.0,46333X10,0.1165783479809761,4750028.0,-0.0562711805105209,-0.0250922609120607,0.0919540002942085,-0.0230713561177253,-0.0388158001005649,0.0065312157385051,-0.0212183073163032,0.0102638844400644,-0.0083916001021862,0.00073369249003,0.004936508834362,0.0022058626636862,0.018245629966259,0.0089021399617195,-0.0296347551047802,-0.0131771825253963,0.0241477377712726,0.0270676426589489,-0.0124826841056346,0.0310077965259552,0.0400281362235546,0.0386473052203655,-0.0297096911817789,-0.0334630571305751,-0.0167014449834823,0.0288231074810028,-0.0622788481414318,0.0056360461749136,0.0143395913764834,-0.023584920912981,-0.0111606866121292,-0.0147172408178448,0.0278404727578163,-0.0152555163949728,-0.0021961736492812,-0.0216417890042066,0.0132061848416924,0.028396001085639,0.0043446389026939,0.0619396306574344,-0.0180245134979486,-0.033096857368946,-0.016152735799551,0.0103502515703439,0.0171642173081636,0.0194805786013603,0.0044020148925483,0.0326906442642211,0.0306793339550495,0.0320069082081317,-0.0347271300852298,0.0509091280400753,0.0095447953790426,0.113360308110714,-0.0334545485675334,-0.048169557005167,-0.0398795902729034,0.0019305461319163,-0.0031347931362688,0.0454086586833,0.0636792033910751,0.0248190034180879,0.0362158715724945,-0.0349301770329475,-0.0186162646859884,0.0762620866298675,0.0178715921938419,0.0,0.010375109501183,-0.0754716247320175,0.018167495727539,-0.0098328795284032,-0.0612878166139125,-0.0712328553199768,-0.0049587120302021,-0.0419947914779186,0.0091361841186881,-0.0272340159863233,-0.0304526668041944,0.0425909087061882,-0.0254669096320867,-0.0233968365937471,-0.0069686346687376,-0.0509868338704109,-0.0052631110884249,-0.0113821411505341,-0.0185185223817825,-0.000812366255559,0.0098831672221422,-0.0284135472029447,0.0177935771644115,-0.0039308327250182,0.0489510856568813,-0.0782608613371849,-0.0050000348128378,-0.0014471421018242,0.0134004028514027,0.0146842738613486,0.0082644149661064,-0.0180245134979486,0.0237704887986183,0.0612088926136493,-0.0480383858084678,-0.0209738332778215,-0.0092515228316187,0.0253456160426139,-0.1281833052635193,0.0466238670051097,0.0331060551106929,0.0427493080496788,0.0009425286552868,-0.0025083387736231,-0.0273069646209478,-0.0016694077057763,0.0290416441857814,0.0283261742442846,0.0112887946888804,0.0476618483662605,-0.0148837063461542,-0.0279720015823841,-0.0562711805105209,-0.0250922609120607,0.0305084596344675,-0.047584704542485,-0.0094915507366449,-0.0413642747751999,-0.038644048690006,-0.0308143855992872,-0.0345762886423435,0.0240310395670502,-0.1376271061967958,0.3329969897560567,-0.197522698470858,0.1547203334743339,2019-02-14,2019-02-15,2019-02-19,2019-02-20,2019-02-21,2019-02-22,2019-02-25,2019-02-26,2019-02-27,2019-02-28,93264.0,2019-02-13,252.0,11.6578%,0.0001,1.1232,1.2167,-0.6638,2.9420%,3.3598%,23.3248%,0.113148,IRWD,93264.0,2019-02-14,252.0,-5.6271%,-0.0002,1.1381,1.1817,-0.6254,2.9695%,3.3787%,22.7539%,-0.06419,IRWD,93264.0,2019-02-15,252.0,9.1954%,0.0001,1.1748,1.2232,-0.5546,3.0084%,3.4200%,22.6188%,0.07904,IRWD,93264.0,2019-02-19,252.0,-3.8816%,-0.0003,1.1491,1.2205,-0.5555,3.0014%,3.4011%,22.1235%,-0.043032,IRWD,93264.0,2019-02-20,252.0,-2.1218%,-0.0003,1.1439,1.2146,-0.5723,3.0038%,3.4033%,22.1011%,-0.023132,IRWD,93264.0,2019-02-21,252.0,-0.8392%,-0.0002,1.1365,1.1983,-0.586,3.0002%,3.3969%,21.9929%,-0.004725,IRWD,93264.0,2019-02-22,252.0,0.4937%,-0.0002,1.1378,1.2251,-0.5453,2.9988%,3.3947%,21.9662%,-0.017756,IRWD,93264.0,2019-02-25,252.0,1.8246%,-0.0002,1.1396,1.2177,-0.5424,2.9993%,3.3945%,21.9266%,0.018643,IRWD,93264.0,2019-02-26,252.0,-2.9635%,-0.0002,1.1584,1.2297,-0.5222,2.9987%,3.3991%,22.1751%,-0.0219079999999999,IRWD,93264.0,2019-02-27,252.0,2.4148%,-0.0002,1.1535,1.2444,-0.523,3.0004%,3.4004%,22.1429%,0.020042,IRWD,93264.0,2019-02-28,252.0,-1.2483%,-0.0001,1.1446,1.238,-0.527,2.9983%,3.3930%,21.9086%,-0.010563,IRWD,0.048958,0.127998,0.084966,0.057109,0.0455669999999999
22731,IRONWOOD PHARMACEUTICALS INC,"Ironwood Pharmaceuticals Q4 EPS $(0.10) Beats $(0.15) Estimate, Sales $130.69M Beat $98.47M Estimate",6,increase,0.8,0.7,"the company reported better-than-expected earnings and significantly higher sales, which typically boosts investor confidence and can lead to an increase in stock price.",2,2019-02-13,IRWD,2019-02-13 12:16:00+00:00,93264.0,46333X10,0.1165783479809761,4750028.0,-0.0562711805105209,-0.0250922609120607,0.0919540002942085,-0.0230713561177253,-0.0388158001005649,0.0065312157385051,-0.0212183073163032,0.0102638844400644,-0.0083916001021862,0.00073369249003,0.004936508834362,0.0022058626636862,0.018245629966259,0.0089021399617195,-0.0296347551047802,-0.0131771825253963,0.0241477377712726,0.0270676426589489,-0.0124826841056346,0.0310077965259552,0.0400281362235546,0.0386473052203655,-0.0297096911817789,-0.0334630571305751,-0.0167014449834823,0.0288231074810028,-0.0622788481414318,0.0056360461749136,0.0143395913764834,-0.023584920912981,-0.0111606866121292,-0.0147172408178448,0.0278404727578163,-0.0152555163949728,-0.0021961736492812,-0.0216417890042066,0.0132061848416924,0.028396001085639,0.0043446389026939,0.0619396306574344,-0.0180245134979486,-0.033096857368946,-0.016152735799551,0.0103502515703439,0.0171642173081636,0.0194805786013603,0.0044020148925483,0.0326906442642211,0.0306793339550495,0.0320069082081317,-0.0347271300852298,0.0509091280400753,0.0095447953790426,0.113360308110714,-0.0334545485675334,-0.048169557005167,-0.0398795902729034,0.0019305461319163,-0.0031347931362688,0.0454086586833,0.0636792033910751,0.0248190034180879,0.0362158715724945,-0.0349301770329475,-0.0186162646859884,0.0762620866298675,0.0178715921938419,0.0,0.010375109501183,-0.0754716247320175,0.018167495727539,-0.0098328795284032,-0.0612878166139125,-0.0712328553199768,-0.0049587120302021,-0.0419947914779186,0.0091361841186881,-0.0272340159863233,-0.0304526668041944,0.0425909087061882,-0.0254669096320867,-0.0233968365937471,-0.0069686346687376,-0.0509868338704109,-0.0052631110884249,-0.0113821411505341,-0.0185185223817825,-0.000812366255559,0.0098831672221422,-0.0284135472029447,0.0177935771644115,-0.0039308327250182,0.0489510856568813,-0.0782608613371849,-0.0050000348128378,-0.0014471421018242,0.0134004028514027,0.0146842738613486,0.0082644149661064,-0.0180245134979486,0.0237704887986183,0.0612088926136493,-0.0480383858084678,-0.0209738332778215,-0.0092515228316187,0.0253456160426139,-0.1281833052635193,0.0466238670051097,0.0331060551106929,0.0427493080496788,0.0009425286552868,-0.0025083387736231,-0.0273069646209478,-0.0016694077057763,0.0290416441857814,0.0283261742442846,0.0112887946888804,0.0476618483662605,-0.0148837063461542,-0.0279720015823841,-0.0562711805105209,-0.0250922609120607,0.0305084596344675,-0.047584704542485,-0.0094915507366449,-0.0413642747751999,-0.038644048690006,-0.0308143855992872,-0.0345762886423435,0.0240310395670502,-0.1376271061967958,0.3329969897560567,-0.197522698470858,0.1547203334743339,2019-02-14,2019-02-15,2019-02-19,2019-02-20,2019-02-21,2019-02-22,2019-02-25,2019-02-26,2019-02-27,2019-02-28,93264.0,2019-02-13,252.0,11.6578%,0.0001,1.1232,1.2167,-0.6638,2.9420%,3.3598%,23.3248%,0.113148,IRWD,93264.0,2019-02-14,252.0,-5.6271%,-0.0002,1.1381,1.1817,-0.6254,2.9695%,3.3787%,22.7539%,-0.06419,IRWD,93264.0,2019-02-15,252.0,9.1954%,0.0001,1.1748,1.2232,-0.5546,3.0084%,3.4200%,22.6188%,0.07904,IRWD,93264.0,2019-02-19,252.0,-3.8816%,-0.0003,1.1491,1.2205,-0.5555,3.0014%,3.4011%,22.1235%,-0.043032,IRWD,93264.0,2019-02-20,252.0,-2.1218%,-0.0003,1.1439,1.2146,-0.5723,3.0038%,3.4033%,22.1011%,-0.023132,IRWD,93264.0,2019-02-21,252.0,-0.8392%,-0.0002,1.1365,1.1983,-0.586,3.0002%,3.3969%,21.9929%,-0.004725,IRWD,93264.0,2019-02-22,252.0,0.4937%,-0.0002,1.1378,1.2251,-0.5453,2.9988%,3.3947%,21.9662%,-0.017756,IRWD,93264.0,2019-02-25,252.0,1.8246%,-0.0002,1.1396,1.2177,-0.5424,2.9993%,3.3945%,21.9266%,0.018643,IRWD,93264.0,2019-02-26,252.0,-2.9635%,-0.0002,1.1584,1.2297,-0.5222,2.9987%,3.3991%,22.1751%,-0.0219079999999999,IRWD,93264.0,2019-02-27,252.0,2.4148%,-0.0002,1.1535,1.2444,-0.523,3.0004%,3.4004%,22.1429%,0.020042,IRWD,93264.0,2019-02-28,252.0,-1.2483%,-0.0001,1.1446,1.238,-0.527,2.9983%,3.3930%,21.9086%,-0.010563,IRWD,0.048958,0.127998,0.084966,0.057109,0.0455669999999999
22739,JONES LANG LASALLE INC,"Raymond James Maintains Outperform on Jones Lang LaSalle, Raises Price Target to $188",6,increase,0.8,0.6,the maintenance of an 'outperform' rating and an increase in the price target typically signals positive sentiment and potential for stock price appreciation.,2,2019-02-13,JLL,2019-02-13 16:01:00+00:00,85246.0,48020Q10,-0.0152271976694464,560013.0,0.0055006062611937,0.1359129697084427,0.0026744615752249,0.0130203263834118,-0.0006062445463612,-0.0035884636454284,-0.0035181476268917,-6.896568083902821e-05,0.0061480067670345,-0.0061038294807076,0.0114950044080615,0.0121477162465453,-0.0095101157203316,0.0039024220313876,-0.0022947154939174,0.0006275457562878,-0.0086551746353507,0.0120677966624498,0.0081201652064919,0.0089717637747526,-0.0053900158964097,-0.0028400588780641,0.0074286139570176,0.0006394056254066,-0.0024781122338026,-0.0021269270218908,-0.0303562451153993,0.0272376779466867,-0.0060613709501922,-0.018723614513874,0.0108135370537638,-0.0203039217740297,0.0067172646522521,0.015860566869378,-0.0011121211573481,0.0228430032730102,-0.0002473607601132,0.0145398266613483,0.0005567702464759,0.0060890126042068,0.0023496253415942,-0.0061987778171896,0.0056134951300919,0.0105898892506957,-0.0155195603147149,0.015064270235598,-0.0431179367005825,0.0003786675515584,0.004362819250673,0.0346314013004303,-0.0391598045825958,0.0018839616095647,0.0058029731735587,0.0451226532459259,0.0162350609898567,-0.0487005785107612,0.0030367488507181,0.0120853586122393,0.0141502823680639,-0.0184524524956941,0.0005840504891239,-0.0053978795185685,0.0089506097137928,0.0113077824935317,-0.0103497086092829,0.0409123562276363,0.0101331444457173,-0.0143222985789179,-0.0020576945971697,-0.0155954295769333,0.0049616871401667,-0.0117537332698702,-0.007694358471781,-0.0242290925234556,-0.015249422751367,0.0378370098769664,0.0134514644742012,-0.0479549691081047,0.0025898942258208,0.0005256594740785,0.006716133095324,0.0106237204745411,-0.006607215385884,0.0077234418131411,-0.0180162284523248,0.0051498701795935,0.0026960503309965,-0.0247375406324863,0.0250525139272213,-0.0350116565823555,-0.0019833496771752,0.0394766516983509,-0.0001923121890285,-0.0654907748103141,0.0006411313079297,-0.0062150796875357,-0.014930167235434,0.0142360962927341,0.009041822515428,-0.0200582966208457,-0.0044481852091848,0.0170831438153982,0.0009066545171663,-0.0095783760771155,-0.0109335724264383,0.0233972836285829,-0.0071952254511415,0.0098995240405201,0.0048755137249827,0.0243522804230451,-0.0107526835054159,-0.0286165922880172,-0.0519618988037109,-0.0190435666590929,-0.0172677990049123,0.0180225055664777,-0.0295938216149807,-0.0154366036877036,0.0111427968367934,0.0353207066655159,0.0055006062611937,0.1359129697084427,0.0081897789965048,0.1507029273171973,0.007578569441291,0.1465736716958314,0.0102065656347398,0.1394965899384708,0.0091675842501306,0.1830674462235275,-0.0582447046422989,0.2881842191665535,-0.1570101620206474,0.2160777125103734,2019-02-14,2019-02-15,2019-02-19,2019-02-20,2019-02-21,2019-02-22,2019-02-25,2019-02-26,2019-02-27,2019-02-28,85246.0,2019-02-13,252.0,-1.5227%,0.0002,1.0268,0.5893,0.2098,1.5948%,1.9350%,32.0648%,-0.0187169999999999,JLL,85246.0,2019-02-14,252.0,0.5501%,0.0002,1.0249,0.5919,0.2081,1.5940%,1.9335%,32.0352%,0.00571,JLL,85246.0,2019-02-15,252.0,0.2674%,0.0001,1.0018,0.5699,0.1688,1.5912%,1.9198%,31.3045%,-0.011485,JLL,85246.0,2019-02-19,252.0,-0.0606%,0.0001,1.0064,0.5589,0.1561,1.5874%,1.9192%,31.5873%,-0.004769,JLL,85246.0,2019-02-20,252.0,-0.3518%,0.0001,1.0047,0.5568,0.1503,1.5880%,1.9193%,31.5502%,-0.007619,JLL,85246.0,2019-02-21,252.0,0.6148%,0.0001,1.0081,0.5661,0.1565,1.5861%,1.9191%,31.6986%,0.010501,JLL,85246.0,2019-02-22,252.0,1.1495%,0.0001,1.0074,0.5699,0.1518,1.5862%,1.9204%,31.7760%,0.004029,JLL,85246.0,2019-02-25,252.0,-0.9510%,0.0001,1.0074,0.5745,0.1542,1.5873%,1.9214%,31.7512%,-0.009366,JLL,85246.0,2019-02-26,252.0,-0.2295%,0.0001,1.0113,0.5662,0.1528,1.5867%,1.9212%,31.7875%,0.0034029999999999,JLL,85246.0,2019-02-27,252.0,-0.8655%,0.0,1.0057,0.5729,0.1519,1.5863%,1.9178%,31.5788%,-0.010558,JLL,85246.0,2019-02-28,252.0,0.8120%,0.0001,1.0048,0.5726,0.1485,1.5879%,1.9171%,31.3977%,0.011403,JLL,-0.0130069999999999,-0.024492,-0.029261,-0.0263789999999999,-0.0274679999999999
22747,JOHNSON & JOHNSON,J&J's Talc Supplier Seeks Bankruptcy,6,uncertain,0.6,0.3,"the bankruptcy of j&j's talc supplier may lead to potential legal and financial implications for johnson & johnson, but the overall impact on stock price is unclear without further context on liabilities and market reactions.",1,2019-02-13,JNJ,2019-02-13 17:39:00+00:00,22111.0,47816010,0.0021615480072796,7902181.0,-0.0010412747506052,0.016363663598895,0.0154121611267328,-0.0030211021658033,-0.0050594108179211,0.002650441834703,0.0048640551976859,-0.0071428343653678,-0.0068207401782274,0.0009030336514115,0.0087136905640363,0.0,0.0036602546460926,-0.0098360069096088,-0.000660766090732,0.0084159532561898,-0.0017633200623095,0.0109389433637261,0.0056672133505344,0.0100513892248272,0.0125146862119436,0.0103883733972907,0.0009395707747898,0.0059269266203045,0.0020942268893122,0.0094465631991624,0.002305916743353,-0.0137422690168023,-0.0061110854148864,0.0,-0.0013021406484767,-0.0144616980105638,0.0036216138396412,0.0123945008963346,0.0044745607301592,0.0082005867734551,0.0016526152612641,-0.0102041382342577,-0.0099705858156085,0.0084190974012017,-0.0030430238693952,-0.0113294888287782,-0.0031250575557351,0.0003083284536842,0.009258615784347,0.0060499035753309,-0.0083069140091538,-0.0079256230965256,0.0059000137262046,0.0232265535742044,-0.0086169615387916,-0.0064147673547267,-0.0021912427619099,0.016783332452178,0.0143474610522389,-0.0158904008567333,0.0009380790870636,-0.0100736385211348,0.0012978222221136,0.0139860650524497,0.0065523358061909,-0.0010988699505105,-0.0057943887077271,0.0055244620889425,-0.0091379266232252,0.0315044187009334,-0.0039213458076119,-0.0409868061542511,-0.0116642918437719,-0.0014033517800271,0.0044994121417403,0.0051720370538532,-0.0002936795935966,-0.0215457566082477,-0.0041868081316351,0.0099117141216993,7.372210529865697e-05,-0.0290225613862276,-0.0027289800345897,-0.1003787666559219,0.0056947637349367,0.0050305249169468,0.0039712353609502,0.0040956046432256,0.0109874010086059,0.0085364552214741,0.0036226632073521,-0.0011689347447827,-0.0072191739454865,-0.0032897742930799,0.0022541997022926,-0.0008217155118472,0.0150184435769915,-0.0012311601312831,-0.0050035524182021,-0.0046969857066869,0.0032327368389815,0.0071990932337939,0.0052990014664828,-0.0040289289318025,-0.0039176796562969,0.0224829018115997,0.0097254049032926,0.0130862714722752,0.0053116148337721,0.0002812301681842,-0.0047199591062963,0.0016901909839361,0.005167013965547,-0.030454022809863,0.0005633535329252,-0.0086644478142261,-0.0149200875312089,0.0119185568764805,-0.0012860465794801,0.0103114563971757,-0.0075827855616807,0.0017331022536382,0.002306691603735,-0.0029720258899033,-0.0010412747506052,0.016363663598895,0.014354838081894,0.0132931251335526,0.0092228002408918,0.0159787996232236,0.0072145867090915,0.0096327410974021,0.0230041645112224,0.0293869537484727,0.0397747654509417,0.0541369307249155,0.0410475175882902,-0.0668087554803866,2019-02-14,2019-02-15,2019-02-19,2019-02-20,2019-02-21,2019-02-22,2019-02-25,2019-02-26,2019-02-27,2019-02-28,22111.0,2019-02-13,252.0,0.2162%,0.0002,0.7139,-0.4997,0.1901,1.0332%,1.2845%,35.2941%,0.000234,JNJ,22111.0,2019-02-14,252.0,-0.1041%,0.0003,0.7133,-0.4975,0.1872,1.0332%,1.2844%,35.2907%,0.004059,JNJ,22111.0,2019-02-15,252.0,1.5412%,0.0004,0.729,-0.4826,0.2138,1.0308%,1.2878%,35.9317%,0.007597,JNJ,22111.0,2019-02-19,252.0,-0.5059%,0.0003,0.7266,-0.4848,0.2115,1.0313%,1.2861%,35.7059%,-0.005786,JNJ,22111.0,2019-02-20,252.0,0.4864%,0.0003,0.726,-0.493,0.2075,1.0268%,1.2833%,35.9763%,0.003287,JNJ,22111.0,2019-02-21,252.0,-0.6821%,0.0003,0.7219,-0.5024,0.1999,1.0232%,1.2793%,36.0327%,-0.004102,JNJ,22111.0,2019-02-22,252.0,0.8714%,0.0003,0.7205,-0.4988,0.1863,1.0248%,1.2795%,35.8461%,0.009623,JNJ,22111.0,2019-02-25,252.0,0.3660%,0.0003,0.7205,-0.4993,0.1863,1.0249%,1.2797%,35.8597%,0.0015179999999999,JNJ,22111.0,2019-02-26,252.0,-0.0661%,0.0003,0.7192,-0.4945,0.1877,1.0248%,1.2757%,35.4741%,-0.002189,JNJ,22111.0,2019-02-27,252.0,-0.1763%,0.0003,0.7209,-0.4982,0.188,1.0245%,1.2752%,35.4500%,-0.001346,JNJ,22111.0,2019-02-28,252.0,0.5667%,0.0003,0.7218,-0.4973,0.1867,1.0254%,1.2754%,35.3708%,0.008372,JNJ,0.004293,0.01189,0.006104,0.005289,0.021267
22755,JOHNSON & JOHNSON,Penny Stock Auris Medical Spikes On Case Of Mistaken Identity,6,uncertain,0.4,0.2,"the news about auris medical is unrelated to johnson & johnson, making its impact on j&j's stock price unclear.",1,2019-02-13,JNJ,2019-02-13 15:57:00+00:00,22111.0,47816010,0.0021615480072796,7902181.0,-0.0010412747506052,0.016363663598895,0.0154121611267328,-0.0030211021658033,-0.0050594108179211,0.002650441834703,0.0048640551976859,-0.0071428343653678,-0.0068207401782274,0.0009030336514115,0.0087136905640363,0.0,0.0036602546460926,-0.0098360069096088,-0.000660766090732,0.0084159532561898,-0.0017633200623095,0.0109389433637261,0.0056672133505344,0.0100513892248272,0.0125146862119436,0.0103883733972907,0.0009395707747898,0.0059269266203045,0.0020942268893122,0.0094465631991624,0.002305916743353,-0.0137422690168023,-0.0061110854148864,0.0,-0.0013021406484767,-0.0144616980105638,0.0036216138396412,0.0123945008963346,0.0044745607301592,0.0082005867734551,0.0016526152612641,-0.0102041382342577,-0.0099705858156085,0.0084190974012017,-0.0030430238693952,-0.0113294888287782,-0.0031250575557351,0.0003083284536842,0.009258615784347,0.0060499035753309,-0.0083069140091538,-0.0079256230965256,0.0059000137262046,0.0232265535742044,-0.0086169615387916,-0.0064147673547267,-0.0021912427619099,0.016783332452178,0.0143474610522389,-0.0158904008567333,0.0009380790870636,-0.0100736385211348,0.0012978222221136,0.0139860650524497,0.0065523358061909,-0.0010988699505105,-0.0057943887077271,0.0055244620889425,-0.0091379266232252,0.0315044187009334,-0.0039213458076119,-0.0409868061542511,-0.0116642918437719,-0.0014033517800271,0.0044994121417403,0.0051720370538532,-0.0002936795935966,-0.0215457566082477,-0.0041868081316351,0.0099117141216993,7.372210529865697e-05,-0.0290225613862276,-0.0027289800345897,-0.1003787666559219,0.0056947637349367,0.0050305249169468,0.0039712353609502,0.0040956046432256,0.0109874010086059,0.0085364552214741,0.0036226632073521,-0.0011689347447827,-0.0072191739454865,-0.0032897742930799,0.0022541997022926,-0.0008217155118472,0.0150184435769915,-0.0012311601312831,-0.0050035524182021,-0.0046969857066869,0.0032327368389815,0.0071990932337939,0.0052990014664828,-0.0040289289318025,-0.0039176796562969,0.0224829018115997,0.0097254049032926,0.0130862714722752,0.0053116148337721,0.0002812301681842,-0.0047199591062963,0.0016901909839361,0.005167013965547,-0.030454022809863,0.0005633535329252,-0.0086644478142261,-0.0149200875312089,0.0119185568764805,-0.0012860465794801,0.0103114563971757,-0.0075827855616807,0.0017331022536382,0.002306691603735,-0.0029720258899033,-0.0010412747506052,0.016363663598895,0.014354838081894,0.0132931251335526,0.0092228002408918,0.0159787996232236,0.0072145867090915,0.0096327410974021,0.0230041645112224,0.0293869537484727,0.0397747654509417,0.0541369307249155,0.0410475175882902,-0.0668087554803866,2019-02-14,2019-02-15,2019-02-19,2019-02-20,2019-02-21,2019-02-22,2019-02-25,2019-02-26,2019-02-27,2019-02-28,22111.0,2019-02-13,252.0,0.2162%,0.0002,0.7139,-0.4997,0.1901,1.0332%,1.2845%,35.2941%,0.000234,JNJ,22111.0,2019-02-14,252.0,-0.1041%,0.0003,0.7133,-0.4975,0.1872,1.0332%,1.2844%,35.2907%,0.004059,JNJ,22111.0,2019-02-15,252.0,1.5412%,0.0004,0.729,-0.4826,0.2138,1.0308%,1.2878%,35.9317%,0.007597,JNJ,22111.0,2019-02-19,252.0,-0.5059%,0.0003,0.7266,-0.4848,0.2115,1.0313%,1.2861%,35.7059%,-0.005786,JNJ,22111.0,2019-02-20,252.0,0.4864%,0.0003,0.726,-0.493,0.2075,1.0268%,1.2833%,35.9763%,0.003287,JNJ,22111.0,2019-02-21,252.0,-0.6821%,0.0003,0.7219,-0.5024,0.1999,1.0232%,1.2793%,36.0327%,-0.004102,JNJ,22111.0,2019-02-22,252.0,0.8714%,0.0003,0.7205,-0.4988,0.1863,1.0248%,1.2795%,35.8461%,0.009623,JNJ,22111.0,2019-02-25,252.0,0.3660%,0.0003,0.7205,-0.4993,0.1863,1.0249%,1.2797%,35.8597%,0.0015179999999999,JNJ,22111.0,2019-02-26,252.0,-0.0661%,0.0003,0.7192,-0.4945,0.1877,1.0248%,1.2757%,35.4741%,-0.002189,JNJ,22111.0,2019-02-27,252.0,-0.1763%,0.0003,0.7209,-0.4982,0.188,1.0245%,1.2752%,35.4500%,-0.001346,JNJ,22111.0,2019-02-28,252.0,0.5667%,0.0003,0.7218,-0.4973,0.1867,1.0254%,1.2754%,35.3708%,0.008372,JNJ,0.004293,0.01189,0.006104,0.005289,0.021267
22763,JOHNSON & JOHNSON,Johnson & Johnson Wins FDA Panel Backing For Nasal Spray Depression Drug; PDUFA Date Awaits,6,increase,0.75,0.6,"the fda panel backing for a new depression drug is likely to be viewed positively by investors, suggesting potential for increased revenue and market confidence in johnson & johnson.",2,2019-02-13,JNJ,2019-02-13 14:38:00+00:00,22111.0,47816010,0.0021615480072796,7902181.0,-0.0010412747506052,0.016363663598895,0.0154121611267328,-0.0030211021658033,-0.0050594108179211,0.002650441834703,0.0048640551976859,-0.0071428343653678,-0.0068207401782274,0.0009030336514115,0.0087136905640363,0.0,0.0036602546460926,-0.0098360069096088,-0.000660766090732,0.0084159532561898,-0.0017633200623095,0.0109389433637261,0.0056672133505344,0.0100513892248272,0.0125146862119436,0.0103883733972907,0.0009395707747898,0.0059269266203045,0.0020942268893122,0.0094465631991624,0.002305916743353,-0.0137422690168023,-0.0061110854148864,0.0,-0.0013021406484767,-0.0144616980105638,0.0036216138396412,0.0123945008963346,0.0044745607301592,0.0082005867734551,0.0016526152612641,-0.0102041382342577,-0.0099705858156085,0.0084190974012017,-0.0030430238693952,-0.0113294888287782,-0.0031250575557351,0.0003083284536842,0.009258615784347,0.0060499035753309,-0.0083069140091538,-0.0079256230965256,0.0059000137262046,0.0232265535742044,-0.0086169615387916,-0.0064147673547267,-0.0021912427619099,0.016783332452178,0.0143474610522389,-0.0158904008567333,0.0009380790870636,-0.0100736385211348,0.0012978222221136,0.0139860650524497,0.0065523358061909,-0.0010988699505105,-0.0057943887077271,0.0055244620889425,-0.0091379266232252,0.0315044187009334,-0.0039213458076119,-0.0409868061542511,-0.0116642918437719,-0.0014033517800271,0.0044994121417403,0.0051720370538532,-0.0002936795935966,-0.0215457566082477,-0.0041868081316351,0.0099117141216993,7.372210529865697e-05,-0.0290225613862276,-0.0027289800345897,-0.1003787666559219,0.0056947637349367,0.0050305249169468,0.0039712353609502,0.0040956046432256,0.0109874010086059,0.0085364552214741,0.0036226632073521,-0.0011689347447827,-0.0072191739454865,-0.0032897742930799,0.0022541997022926,-0.0008217155118472,0.0150184435769915,-0.0012311601312831,-0.0050035524182021,-0.0046969857066869,0.0032327368389815,0.0071990932337939,0.0052990014664828,-0.0040289289318025,-0.0039176796562969,0.0224829018115997,0.0097254049032926,0.0130862714722752,0.0053116148337721,0.0002812301681842,-0.0047199591062963,0.0016901909839361,0.005167013965547,-0.030454022809863,0.0005633535329252,-0.0086644478142261,-0.0149200875312089,0.0119185568764805,-0.0012860465794801,0.0103114563971757,-0.0075827855616807,0.0017331022536382,0.002306691603735,-0.0029720258899033,-0.0010412747506052,0.016363663598895,0.014354838081894,0.0132931251335526,0.0092228002408918,0.0159787996232236,0.0072145867090915,0.0096327410974021,0.0230041645112224,0.0293869537484727,0.0397747654509417,0.0541369307249155,0.0410475175882902,-0.0668087554803866,2019-02-14,2019-02-15,2019-02-19,2019-02-20,2019-02-21,2019-02-22,2019-02-25,2019-02-26,2019-02-27,2019-02-28,22111.0,2019-02-13,252.0,0.2162%,0.0002,0.7139,-0.4997,0.1901,1.0332%,1.2845%,35.2941%,0.000234,JNJ,22111.0,2019-02-14,252.0,-0.1041%,0.0003,0.7133,-0.4975,0.1872,1.0332%,1.2844%,35.2907%,0.004059,JNJ,22111.0,2019-02-15,252.0,1.5412%,0.0004,0.729,-0.4826,0.2138,1.0308%,1.2878%,35.9317%,0.007597,JNJ,22111.0,2019-02-19,252.0,-0.5059%,0.0003,0.7266,-0.4848,0.2115,1.0313%,1.2861%,35.7059%,-0.005786,JNJ,22111.0,2019-02-20,252.0,0.4864%,0.0003,0.726,-0.493,0.2075,1.0268%,1.2833%,35.9763%,0.003287,JNJ,22111.0,2019-02-21,252.0,-0.6821%,0.0003,0.7219,-0.5024,0.1999,1.0232%,1.2793%,36.0327%,-0.004102,JNJ,22111.0,2019-02-22,252.0,0.8714%,0.0003,0.7205,-0.4988,0.1863,1.0248%,1.2795%,35.8461%,0.009623,JNJ,22111.0,2019-02-25,252.0,0.3660%,0.0003,0.7205,-0.4993,0.1863,1.0249%,1.2797%,35.8597%,0.0015179999999999,JNJ,22111.0,2019-02-26,252.0,-0.0661%,0.0003,0.7192,-0.4945,0.1877,1.0248%,1.2757%,35.4741%,-0.002189,JNJ,22111.0,2019-02-27,252.0,-0.1763%,0.0003,0.7209,-0.4982,0.188,1.0245%,1.2752%,35.4500%,-0.001346,JNJ,22111.0,2019-02-28,252.0,0.5667%,0.0003,0.7218,-0.4973,0.1867,1.0254%,1.2754%,35.3708%,0.008372,JNJ,0.004293,0.01189,0.006104,0.005289,0.021267
22771,JOHNSON & JOHNSON,"Johnson & Johnson To Acquire Auris Health For $3.4B In Cash, with Additional Contingent Payments Of $2.5B Upon Certain Milestones",6,increase,0.7,0.6,"the acquisition of auris health for $3.4 billion, along with potential additional payments, suggests a strategic investment in innovative technology that could enhance johnson & johnson's market position, likely leading to a positive reaction in their stock price.",2,2019-02-13,JNJ,2019-02-13 14:01:00+00:00,22111.0,47816010,0.0021615480072796,7902181.0,-0.0010412747506052,0.016363663598895,0.0154121611267328,-0.0030211021658033,-0.0050594108179211,0.002650441834703,0.0048640551976859,-0.0071428343653678,-0.0068207401782274,0.0009030336514115,0.0087136905640363,0.0,0.0036602546460926,-0.0098360069096088,-0.000660766090732,0.0084159532561898,-0.0017633200623095,0.0109389433637261,0.0056672133505344,0.0100513892248272,0.0125146862119436,0.0103883733972907,0.0009395707747898,0.0059269266203045,0.0020942268893122,0.0094465631991624,0.002305916743353,-0.0137422690168023,-0.0061110854148864,0.0,-0.0013021406484767,-0.0144616980105638,0.0036216138396412,0.0123945008963346,0.0044745607301592,0.0082005867734551,0.0016526152612641,-0.0102041382342577,-0.0099705858156085,0.0084190974012017,-0.0030430238693952,-0.0113294888287782,-0.0031250575557351,0.0003083284536842,0.009258615784347,0.0060499035753309,-0.0083069140091538,-0.0079256230965256,0.0059000137262046,0.0232265535742044,-0.0086169615387916,-0.0064147673547267,-0.0021912427619099,0.016783332452178,0.0143474610522389,-0.0158904008567333,0.0009380790870636,-0.0100736385211348,0.0012978222221136,0.0139860650524497,0.0065523358061909,-0.0010988699505105,-0.0057943887077271,0.0055244620889425,-0.0091379266232252,0.0315044187009334,-0.0039213458076119,-0.0409868061542511,-0.0116642918437719,-0.0014033517800271,0.0044994121417403,0.0051720370538532,-0.0002936795935966,-0.0215457566082477,-0.0041868081316351,0.0099117141216993,7.372210529865697e-05,-0.0290225613862276,-0.0027289800345897,-0.1003787666559219,0.0056947637349367,0.0050305249169468,0.0039712353609502,0.0040956046432256,0.0109874010086059,0.0085364552214741,0.0036226632073521,-0.0011689347447827,-0.0072191739454865,-0.0032897742930799,0.0022541997022926,-0.0008217155118472,0.0150184435769915,-0.0012311601312831,-0.0050035524182021,-0.0046969857066869,0.0032327368389815,0.0071990932337939,0.0052990014664828,-0.0040289289318025,-0.0039176796562969,0.0224829018115997,0.0097254049032926,0.0130862714722752,0.0053116148337721,0.0002812301681842,-0.0047199591062963,0.0016901909839361,0.005167013965547,-0.030454022809863,0.0005633535329252,-0.0086644478142261,-0.0149200875312089,0.0119185568764805,-0.0012860465794801,0.0103114563971757,-0.0075827855616807,0.0017331022536382,0.002306691603735,-0.0029720258899033,-0.0010412747506052,0.016363663598895,0.014354838081894,0.0132931251335526,0.0092228002408918,0.0159787996232236,0.0072145867090915,0.0096327410974021,0.0230041645112224,0.0293869537484727,0.0397747654509417,0.0541369307249155,0.0410475175882902,-0.0668087554803866,2019-02-14,2019-02-15,2019-02-19,2019-02-20,2019-02-21,2019-02-22,2019-02-25,2019-02-26,2019-02-27,2019-02-28,22111.0,2019-02-13,252.0,0.2162%,0.0002,0.7139,-0.4997,0.1901,1.0332%,1.2845%,35.2941%,0.000234,JNJ,22111.0,2019-02-14,252.0,-0.1041%,0.0003,0.7133,-0.4975,0.1872,1.0332%,1.2844%,35.2907%,0.004059,JNJ,22111.0,2019-02-15,252.0,1.5412%,0.0004,0.729,-0.4826,0.2138,1.0308%,1.2878%,35.9317%,0.007597,JNJ,22111.0,2019-02-19,252.0,-0.5059%,0.0003,0.7266,-0.4848,0.2115,1.0313%,1.2861%,35.7059%,-0.005786,JNJ,22111.0,2019-02-20,252.0,0.4864%,0.0003,0.726,-0.493,0.2075,1.0268%,1.2833%,35.9763%,0.003287,JNJ,22111.0,2019-02-21,252.0,-0.6821%,0.0003,0.7219,-0.5024,0.1999,1.0232%,1.2793%,36.0327%,-0.004102,JNJ,22111.0,2019-02-22,252.0,0.8714%,0.0003,0.7205,-0.4988,0.1863,1.0248%,1.2795%,35.8461%,0.009623,JNJ,22111.0,2019-02-25,252.0,0.3660%,0.0003,0.7205,-0.4993,0.1863,1.0249%,1.2797%,35.8597%,0.0015179999999999,JNJ,22111.0,2019-02-26,252.0,-0.0661%,0.0003,0.7192,-0.4945,0.1877,1.0248%,1.2757%,35.4741%,-0.002189,JNJ,22111.0,2019-02-27,252.0,-0.1763%,0.0003,0.7209,-0.4982,0.188,1.0245%,1.2752%,35.4500%,-0.001346,JNJ,22111.0,2019-02-28,252.0,0.5667%,0.0003,0.7218,-0.4973,0.1867,1.0254%,1.2754%,35.3708%,0.008372,JNJ,0.004293,0.01189,0.006104,0.005289,0.021267
22779,NORDSTROM INC,"Nordstrom Shares Down 1.3%; Traders Circulating Word Cleveland Research Warned Co. Sales Are Slowing, Sees Downside To FY19 Estimates",6,decrease,0.85,0.7,"the warning from cleveland research about slowing sales and potential downside to fy19 estimates is likely to negatively impact investor sentiment, leading to a decrease in nordstrom's stock price.",0,2019-02-13,JWN,2019-02-13 14:39:00+00:00,57817.0,65566410,-0.0249180197715759,5568241.0,-0.0159156937152147,0.0085978703573346,0.0123006170615553,-0.0024191909469664,0.0182268545031547,-0.0202542264014482,-0.0055248620919883,0.0065061640925705,-0.0113332960754632,-0.0109394751489162,-0.010114649310708,0.0174596086144447,0.0174841154366731,0.0108095705509185,0.0174068007618188,-0.0232708044350147,0.0366307981312274,0.0226971954107284,0.000423200574005,-0.0117595195770263,-0.010575296357274,-0.0030395830981433,-0.0280033685266971,-0.0216652601957321,-0.0030789396259933,0.0077054924331605,-0.0134568847715854,0.0019300911808386,0.0006708134897053,-0.0093477508053183,-0.0111731607466936,-0.0094697130843997,0.0102552585303783,0.035745408385992,0.002255774103105,0.0193290989845991,0.0009003131999634,-0.0476089715957641,-0.0002249187236884,-0.00042302152724,-0.016194274649024,-0.0021106435451656,0.0102879954501986,0.0016913706203922,0.0083729978650808,-0.0403733327984809,-0.0249102469533681,0.005507965106517,0.0071345809847116,0.0178571548312902,-0.0189670491963625,0.0253352914005518,0.0142091922461986,-0.000638271914795,0.0043637719936668,-0.0101095102727413,0.0210382342338562,0.018665499985218,-0.0073908581398427,0.0121607249602675,0.0013538216007873,-0.0130733093246817,0.0117170000448823,-0.0019251370104029,-0.0213809106498956,0.0579316914081573,0.0097860787063837,-0.0029332370031625,0.026594553142786,-0.0392369665205478,0.0019758541602641,-0.0143162002786994,-0.0124890385195612,-0.0312565118074417,-0.0199689716100692,0.0136383026838302,0.0174326580017805,-0.019543319940567,-0.0240319985896349,-0.0073514520190656,-0.0006839666748419,-0.0239186156541109,-0.0132329864427447,0.0230423584580421,0.0050867334939539,0.0,0.0082815876230597,-0.0064829760231077,0.0006844348390586,-0.02623787894845,-0.0389876663684845,-0.0025580690708011,-0.0087782377377152,-0.0438382253050804,0.0052657066844403,0.0052960580214858,-0.0226190648972988,0.0108986562117934,0.0082825860008597,-0.0400146916508674,-0.0137714352458715,0.028118472546339,0.0048995777033269,0.0133868949487805,-0.016333544626832,0.0145518044009804,0.0029740459285676,-0.0080260057002305,-0.0044477465562522,0.0262796655297279,0.00819056853652,-0.0052671995945274,-0.0307730194181203,0.0064794425852596,0.0142240636050701,-0.1366333514451981,-0.0032557242084294,-0.0345335006713867,-0.010804028250277,-0.0439681001007556,-0.0159156937152147,0.0085978703573346,-0.0038108495073192,0.0061578795202366,0.0143465451963322,-0.0142210699671673,-0.0026899560938689,-0.0186614964464758,0.0598520069741133,-0.0037020521120034,0.0018764631332772,-0.0065146406335621,-0.110020858404175,-0.2790105721328467,2019-02-14,2019-02-15,2019-02-19,2019-02-20,2019-02-21,2019-02-22,2019-02-25,2019-02-26,2019-02-27,2019-02-28,57817.0,2019-02-13,252.0,-2.4918%,-0.0,0.873,0.6223,0.4738,2.2459%,2.4188%,13.7814%,-0.028189,JWN,57817.0,2019-02-14,252.0,-1.5916%,-0.0001,0.8754,0.6138,0.4847,2.2459%,2.4186%,13.7699%,-0.01467,JWN,57817.0,2019-02-15,252.0,1.2301%,-0.0002,0.8686,0.6075,0.4735,2.2455%,2.4150%,13.5459%,-0.001553,JWN,57817.0,2019-02-19,252.0,1.8227%,-0.0002,0.8679,0.6206,0.4883,2.2460%,2.4152%,13.5201%,0.0132939999999999,JWN,57817.0,2019-02-20,252.0,-0.5525%,-0.0002,0.8647,0.6125,0.4764,2.2471%,2.4152%,13.4402%,-0.011325,JWN,57817.0,2019-02-21,252.0,-1.1333%,-0.0002,0.8623,0.6062,0.4721,2.2464%,2.4132%,13.3408%,-0.00671,JWN,57817.0,2019-02-22,252.0,-1.0115%,-0.0002,0.8635,0.6179,0.497,2.2467%,2.4134%,13.3394%,-0.012214,JWN,57817.0,2019-02-25,252.0,1.7484%,-0.0001,0.8641,0.6092,0.4947,2.2495%,2.4158%,13.2948%,0.01859,JWN,57817.0,2019-02-26,252.0,1.7407%,-0.0003,0.8257,0.6125,0.4676,2.2272%,2.3826%,12.6172%,0.024221,JWN,57817.0,2019-02-27,252.0,3.6631%,-0.0,0.8386,0.5999,0.4699,2.2316%,2.3900%,12.8127%,0.035185,JWN,57817.0,2019-02-28,252.0,0.0423%,0.0,0.8299,0.594,0.4626,2.2298%,2.3843%,12.5369%,0.003978,JWN,-0.042859,-0.044412,-0.031118,-0.049153,0.0206069999999999
22787,KADANT INC,Kadant Sees Q1 Adj. EPS $1.11-$1.17 vs $1.09 Estimate,6,increase,0.75,0.6,"the adjusted eps guidance is above the estimate, which typically signals positive performance and can lead to an increase in stock price.",2,2019-02-13,KAI,2019-02-13 21:31:00+00:00,78077.0,48282T10,0.0027501489967107,43951.0,0.0235401391983032,0.0180820748209953,-0.0101596070453524,-0.0004664285806939,-0.0067674946039915,0.004921558778733,0.0165795944631099,-0.0283502843230962,-0.0289320424199104,0.0199744645506143,0.0102381156757473,0.00784173887223,0.0038716006092727,0.0051764994859695,0.0024953898973762,-0.0035170344635844,0.008033481426537,0.0005865460843779,-0.0184083450585603,-0.0016395291313529,0.0060606794431805,0.0112505555152893,-0.0015913504175841,-0.0138969384133815,-0.0108150839805603,0.0076487865298986,-0.0118540544062852,0.0099834082648158,-0.011763360351324,-0.0070804636925458,0.0131997969001531,-0.0138485096395015,0.0200069937855005,0.0229761935770511,-0.0065001673065125,-0.0028489774558693,0.0028696050867438,0.0058507206849753,-0.0098432023078203,0.0063686463981866,0.0268177054822444,0.0016851153923198,0.0104694394394755,-0.0121283791959285,-0.0118093267083168,0.0165598336607217,-0.0016910248668864,0.0145940938964486,0.0089214369654655,0.0153999542817473,-0.0386164896190166,0.0042404131963849,0.0114099821075797,0.0175126548856496,0.0128927715122699,-0.0393757857382297,-0.0085236961022019,0.0069972956553101,0.0066483477130532,0.0041912761516869,0.0015941628953441,-0.0031948208343237,0.0046612513251602,0.0175042990595102,0.0014710563700646,0.0360104478895664,0.0036158156581223,-0.0201802756637334,0.0224048402160406,-0.0209990348666906,0.0083691459149122,-0.0384706519544124,-0.0095009114593267,-0.0141343297436833,-0.0066320155747234,-0.0220020283013582,0.0131300799548625,-0.0082257650792598,0.0071388673968613,0.0189755205065012,0.0165758375078439,-0.014003686606884,0.0025745318271219,0.0308839250355958,0.0111277652904391,0.0420469008386135,0.0093121398240327,-0.0176840983331203,0.0111134955659508,-0.0446655936539173,-0.0024886508472263,0.0061706691049039,0.0228690709918737,-0.0672241747379303,0.0071137901395559,0.0109793590381741,-0.0143289426341652,-0.0009871267247945,0.0135135101154446,-0.0107422471046447,0.017171686515212,0.0144194299355149,-0.0259185768663883,-0.02353828959167,-0.0069323345087468,-0.0204253774136304,-0.0555384829640388,-0.0026252230163663,0.0006521473987959,0.0117934616282582,-0.0002172131644329,-0.0343695320188999,-0.0070621632039546,-0.0219747368246316,-0.0375314615666866,-0.0088513111695647,0.0020463881082832,0.0028924886137247,0.0017018553335219,-0.0074250074103474,0.0235401391983032,0.0180820748209953,0.0131413735889029,0.0176072122438066,0.0062849448100594,0.0226154259525273,-0.0066278339026745,0.0134710949960099,-0.0006856946461346,0.0220165975965371,0.003542425242716,0.0787161429538716,0.0114781916548207,-0.1336951253818808,2019-02-14,2019-02-15,2019-02-19,2019-02-20,2019-02-21,2019-02-22,2019-02-25,2019-02-26,2019-02-27,2019-02-28,78077.0,2019-02-13,252.0,0.2750%,-0.0003,0.9601,0.5937,0.2501,1.2277%,1.5958%,40.8056%,-0.000567,KAI,78077.0,2019-02-14,252.0,2.3540%,-0.0002,0.9545,0.6069,0.2356,1.2371%,1.6027%,40.4203%,0.02382,KAI,78077.0,2019-02-15,252.0,-1.0160%,-0.0004,0.9233,0.5763,0.1817,1.2397%,1.5879%,39.0495%,-0.023693,KAI,78077.0,2019-02-19,252.0,-0.6767%,-0.0004,0.9232,0.5672,0.1713,1.2408%,1.5883%,38.9763%,-0.010838,KAI,78077.0,2019-02-20,252.0,1.6580%,-0.0003,0.9276,0.5806,0.1879,1.2423%,1.5914%,39.0639%,0.012535,KAI,78077.0,2019-02-21,252.0,-2.8932%,-0.0005,0.9356,0.5915,0.2028,1.2510%,1.6017%,38.9931%,-0.024761,KAI,78077.0,2019-02-22,252.0,1.0238%,-0.0005,0.936,0.566,0.1843,1.2451%,1.5978%,39.2723%,0.003785,KAI,78077.0,2019-02-25,252.0,0.3872%,-0.0005,0.936,0.5637,0.1831,1.2455%,1.5980%,39.2543%,0.004171,KAI,78077.0,2019-02-26,252.0,0.2495%,-0.0004,0.9409,0.547,0.1783,1.2447%,1.5981%,39.3414%,0.008105,KAI,78077.0,2019-02-27,252.0,0.8033%,-0.0005,0.9357,0.5582,0.1775,1.2430%,1.5942%,39.2013%,0.006261,KAI,78077.0,2019-02-28,252.0,-1.8408%,-0.0005,0.9359,0.5578,0.1811,1.2461%,1.5942%,38.9033%,-0.015276,KAI,0.023253,-0.0004399999999999,-0.011278,-0.023504,-0.016458
22795,KADANT INC,"Kadant Sees FY19 Adj. EPS $5.20-$5.35 vs $5.83 Estimate, Sales $700M-$710M vs $672.9M Est.",6,decrease,0.8,0.7,"the company's adjusted eps guidance is below analyst estimates, which typically leads to a negative reaction in stock prices.",0,2019-02-13,KAI,2019-02-13 21:30:00+00:00,78077.0,48282T10,0.0027501489967107,43951.0,0.0235401391983032,0.0180820748209953,-0.0101596070453524,-0.0004664285806939,-0.0067674946039915,0.004921558778733,0.0165795944631099,-0.0283502843230962,-0.0289320424199104,0.0199744645506143,0.0102381156757473,0.00784173887223,0.0038716006092727,0.0051764994859695,0.0024953898973762,-0.0035170344635844,0.008033481426537,0.0005865460843779,-0.0184083450585603,-0.0016395291313529,0.0060606794431805,0.0112505555152893,-0.0015913504175841,-0.0138969384133815,-0.0108150839805603,0.0076487865298986,-0.0118540544062852,0.0099834082648158,-0.011763360351324,-0.0070804636925458,0.0131997969001531,-0.0138485096395015,0.0200069937855005,0.0229761935770511,-0.0065001673065125,-0.0028489774558693,0.0028696050867438,0.0058507206849753,-0.0098432023078203,0.0063686463981866,0.0268177054822444,0.0016851153923198,0.0104694394394755,-0.0121283791959285,-0.0118093267083168,0.0165598336607217,-0.0016910248668864,0.0145940938964486,0.0089214369654655,0.0153999542817473,-0.0386164896190166,0.0042404131963849,0.0114099821075797,0.0175126548856496,0.0128927715122699,-0.0393757857382297,-0.0085236961022019,0.0069972956553101,0.0066483477130532,0.0041912761516869,0.0015941628953441,-0.0031948208343237,0.0046612513251602,0.0175042990595102,0.0014710563700646,0.0360104478895664,0.0036158156581223,-0.0201802756637334,0.0224048402160406,-0.0209990348666906,0.0083691459149122,-0.0384706519544124,-0.0095009114593267,-0.0141343297436833,-0.0066320155747234,-0.0220020283013582,0.0131300799548625,-0.0082257650792598,0.0071388673968613,0.0189755205065012,0.0165758375078439,-0.014003686606884,0.0025745318271219,0.0308839250355958,0.0111277652904391,0.0420469008386135,0.0093121398240327,-0.0176840983331203,0.0111134955659508,-0.0446655936539173,-0.0024886508472263,0.0061706691049039,0.0228690709918737,-0.0672241747379303,0.0071137901395559,0.0109793590381741,-0.0143289426341652,-0.0009871267247945,0.0135135101154446,-0.0107422471046447,0.017171686515212,0.0144194299355149,-0.0259185768663883,-0.02353828959167,-0.0069323345087468,-0.0204253774136304,-0.0555384829640388,-0.0026252230163663,0.0006521473987959,0.0117934616282582,-0.0002172131644329,-0.0343695320188999,-0.0070621632039546,-0.0219747368246316,-0.0375314615666866,-0.0088513111695647,0.0020463881082832,0.0028924886137247,0.0017018553335219,-0.0074250074103474,0.0235401391983032,0.0180820748209953,0.0131413735889029,0.0176072122438066,0.0062849448100594,0.0226154259525273,-0.0066278339026745,0.0134710949960099,-0.0006856946461346,0.0220165975965371,0.003542425242716,0.0787161429538716,0.0114781916548207,-0.1336951253818808,2019-02-14,2019-02-15,2019-02-19,2019-02-20,2019-02-21,2019-02-22,2019-02-25,2019-02-26,2019-02-27,2019-02-28,78077.0,2019-02-13,252.0,0.2750%,-0.0003,0.9601,0.5937,0.2501,1.2277%,1.5958%,40.8056%,-0.000567,KAI,78077.0,2019-02-14,252.0,2.3540%,-0.0002,0.9545,0.6069,0.2356,1.2371%,1.6027%,40.4203%,0.02382,KAI,78077.0,2019-02-15,252.0,-1.0160%,-0.0004,0.9233,0.5763,0.1817,1.2397%,1.5879%,39.0495%,-0.023693,KAI,78077.0,2019-02-19,252.0,-0.6767%,-0.0004,0.9232,0.5672,0.1713,1.2408%,1.5883%,38.9763%,-0.010838,KAI,78077.0,2019-02-20,252.0,1.6580%,-0.0003,0.9276,0.5806,0.1879,1.2423%,1.5914%,39.0639%,0.012535,KAI,78077.0,2019-02-21,252.0,-2.8932%,-0.0005,0.9356,0.5915,0.2028,1.2510%,1.6017%,38.9931%,-0.024761,KAI,78077.0,2019-02-22,252.0,1.0238%,-0.0005,0.936,0.566,0.1843,1.2451%,1.5978%,39.2723%,0.003785,KAI,78077.0,2019-02-25,252.0,0.3872%,-0.0005,0.936,0.5637,0.1831,1.2455%,1.5980%,39.2543%,0.004171,KAI,78077.0,2019-02-26,252.0,0.2495%,-0.0004,0.9409,0.547,0.1783,1.2447%,1.5981%,39.3414%,0.008105,KAI,78077.0,2019-02-27,252.0,0.8033%,-0.0005,0.9357,0.5582,0.1775,1.2430%,1.5942%,39.2013%,0.006261,KAI,78077.0,2019-02-28,252.0,-1.8408%,-0.0005,0.9359,0.5578,0.1811,1.2461%,1.5942%,38.9033%,-0.015276,KAI,0.023253,-0.0004399999999999,-0.011278,-0.023504,-0.016458
22803,KADANT INC,"Kadant Q4 EPS $1.66 Beats $1.35 Estimate, Sales $164M Beat $160.67M Estimate",6,increase,0.8,0.7,"the earnings per share and sales figures both exceeded estimates, which typically signals strong performance and can lead to a positive reaction in the stock price.",2,2019-02-13,KAI,2019-02-13 21:30:00+00:00,78077.0,48282T10,0.0027501489967107,43951.0,0.0235401391983032,0.0180820748209953,-0.0101596070453524,-0.0004664285806939,-0.0067674946039915,0.004921558778733,0.0165795944631099,-0.0283502843230962,-0.0289320424199104,0.0199744645506143,0.0102381156757473,0.00784173887223,0.0038716006092727,0.0051764994859695,0.0024953898973762,-0.0035170344635844,0.008033481426537,0.0005865460843779,-0.0184083450585603,-0.0016395291313529,0.0060606794431805,0.0112505555152893,-0.0015913504175841,-0.0138969384133815,-0.0108150839805603,0.0076487865298986,-0.0118540544062852,0.0099834082648158,-0.011763360351324,-0.0070804636925458,0.0131997969001531,-0.0138485096395015,0.0200069937855005,0.0229761935770511,-0.0065001673065125,-0.0028489774558693,0.0028696050867438,0.0058507206849753,-0.0098432023078203,0.0063686463981866,0.0268177054822444,0.0016851153923198,0.0104694394394755,-0.0121283791959285,-0.0118093267083168,0.0165598336607217,-0.0016910248668864,0.0145940938964486,0.0089214369654655,0.0153999542817473,-0.0386164896190166,0.0042404131963849,0.0114099821075797,0.0175126548856496,0.0128927715122699,-0.0393757857382297,-0.0085236961022019,0.0069972956553101,0.0066483477130532,0.0041912761516869,0.0015941628953441,-0.0031948208343237,0.0046612513251602,0.0175042990595102,0.0014710563700646,0.0360104478895664,0.0036158156581223,-0.0201802756637334,0.0224048402160406,-0.0209990348666906,0.0083691459149122,-0.0384706519544124,-0.0095009114593267,-0.0141343297436833,-0.0066320155747234,-0.0220020283013582,0.0131300799548625,-0.0082257650792598,0.0071388673968613,0.0189755205065012,0.0165758375078439,-0.014003686606884,0.0025745318271219,0.0308839250355958,0.0111277652904391,0.0420469008386135,0.0093121398240327,-0.0176840983331203,0.0111134955659508,-0.0446655936539173,-0.0024886508472263,0.0061706691049039,0.0228690709918737,-0.0672241747379303,0.0071137901395559,0.0109793590381741,-0.0143289426341652,-0.0009871267247945,0.0135135101154446,-0.0107422471046447,0.017171686515212,0.0144194299355149,-0.0259185768663883,-0.02353828959167,-0.0069323345087468,-0.0204253774136304,-0.0555384829640388,-0.0026252230163663,0.0006521473987959,0.0117934616282582,-0.0002172131644329,-0.0343695320188999,-0.0070621632039546,-0.0219747368246316,-0.0375314615666866,-0.0088513111695647,0.0020463881082832,0.0028924886137247,0.0017018553335219,-0.0074250074103474,0.0235401391983032,0.0180820748209953,0.0131413735889029,0.0176072122438066,0.0062849448100594,0.0226154259525273,-0.0066278339026745,0.0134710949960099,-0.0006856946461346,0.0220165975965371,0.003542425242716,0.0787161429538716,0.0114781916548207,-0.1336951253818808,2019-02-14,2019-02-15,2019-02-19,2019-02-20,2019-02-21,2019-02-22,2019-02-25,2019-02-26,2019-02-27,2019-02-28,78077.0,2019-02-13,252.0,0.2750%,-0.0003,0.9601,0.5937,0.2501,1.2277%,1.5958%,40.8056%,-0.000567,KAI,78077.0,2019-02-14,252.0,2.3540%,-0.0002,0.9545,0.6069,0.2356,1.2371%,1.6027%,40.4203%,0.02382,KAI,78077.0,2019-02-15,252.0,-1.0160%,-0.0004,0.9233,0.5763,0.1817,1.2397%,1.5879%,39.0495%,-0.023693,KAI,78077.0,2019-02-19,252.0,-0.6767%,-0.0004,0.9232,0.5672,0.1713,1.2408%,1.5883%,38.9763%,-0.010838,KAI,78077.0,2019-02-20,252.0,1.6580%,-0.0003,0.9276,0.5806,0.1879,1.2423%,1.5914%,39.0639%,0.012535,KAI,78077.0,2019-02-21,252.0,-2.8932%,-0.0005,0.9356,0.5915,0.2028,1.2510%,1.6017%,38.9931%,-0.024761,KAI,78077.0,2019-02-22,252.0,1.0238%,-0.0005,0.936,0.566,0.1843,1.2451%,1.5978%,39.2723%,0.003785,KAI,78077.0,2019-02-25,252.0,0.3872%,-0.0005,0.936,0.5637,0.1831,1.2455%,1.5980%,39.2543%,0.004171,KAI,78077.0,2019-02-26,252.0,0.2495%,-0.0004,0.9409,0.547,0.1783,1.2447%,1.5981%,39.3414%,0.008105,KAI,78077.0,2019-02-27,252.0,0.8033%,-0.0005,0.9357,0.5582,0.1775,1.2430%,1.5942%,39.2013%,0.006261,KAI,78077.0,2019-02-28,252.0,-1.8408%,-0.0005,0.9359,0.5578,0.1811,1.2461%,1.5942%,38.9033%,-0.015276,KAI,0.023253,-0.0004399999999999,-0.011278,-0.023504,-0.016458
22811,KADANT INC,Kadant  Announces Jeffrey L. Powell Will Be Named President And CEO,6,increase,0.7,0.6,"the announcement of a new president and ceo can signal a positive change in leadership, potentially boosting investor confidence and leading to an increase in stock price.",2,2019-02-13,KAI,2019-02-13 21:27:00+00:00,78077.0,48282T10,0.0027501489967107,43951.0,0.0235401391983032,0.0180820748209953,-0.0101596070453524,-0.0004664285806939,-0.0067674946039915,0.004921558778733,0.0165795944631099,-0.0283502843230962,-0.0289320424199104,0.0199744645506143,0.0102381156757473,0.00784173887223,0.0038716006092727,0.0051764994859695,0.0024953898973762,-0.0035170344635844,0.008033481426537,0.0005865460843779,-0.0184083450585603,-0.0016395291313529,0.0060606794431805,0.0112505555152893,-0.0015913504175841,-0.0138969384133815,-0.0108150839805603,0.0076487865298986,-0.0118540544062852,0.0099834082648158,-0.011763360351324,-0.0070804636925458,0.0131997969001531,-0.0138485096395015,0.0200069937855005,0.0229761935770511,-0.0065001673065125,-0.0028489774558693,0.0028696050867438,0.0058507206849753,-0.0098432023078203,0.0063686463981866,0.0268177054822444,0.0016851153923198,0.0104694394394755,-0.0121283791959285,-0.0118093267083168,0.0165598336607217,-0.0016910248668864,0.0145940938964486,0.0089214369654655,0.0153999542817473,-0.0386164896190166,0.0042404131963849,0.0114099821075797,0.0175126548856496,0.0128927715122699,-0.0393757857382297,-0.0085236961022019,0.0069972956553101,0.0066483477130532,0.0041912761516869,0.0015941628953441,-0.0031948208343237,0.0046612513251602,0.0175042990595102,0.0014710563700646,0.0360104478895664,0.0036158156581223,-0.0201802756637334,0.0224048402160406,-0.0209990348666906,0.0083691459149122,-0.0384706519544124,-0.0095009114593267,-0.0141343297436833,-0.0066320155747234,-0.0220020283013582,0.0131300799548625,-0.0082257650792598,0.0071388673968613,0.0189755205065012,0.0165758375078439,-0.014003686606884,0.0025745318271219,0.0308839250355958,0.0111277652904391,0.0420469008386135,0.0093121398240327,-0.0176840983331203,0.0111134955659508,-0.0446655936539173,-0.0024886508472263,0.0061706691049039,0.0228690709918737,-0.0672241747379303,0.0071137901395559,0.0109793590381741,-0.0143289426341652,-0.0009871267247945,0.0135135101154446,-0.0107422471046447,0.017171686515212,0.0144194299355149,-0.0259185768663883,-0.02353828959167,-0.0069323345087468,-0.0204253774136304,-0.0555384829640388,-0.0026252230163663,0.0006521473987959,0.0117934616282582,-0.0002172131644329,-0.0343695320188999,-0.0070621632039546,-0.0219747368246316,-0.0375314615666866,-0.0088513111695647,0.0020463881082832,0.0028924886137247,0.0017018553335219,-0.0074250074103474,0.0235401391983032,0.0180820748209953,0.0131413735889029,0.0176072122438066,0.0062849448100594,0.0226154259525273,-0.0066278339026745,0.0134710949960099,-0.0006856946461346,0.0220165975965371,0.003542425242716,0.0787161429538716,0.0114781916548207,-0.1336951253818808,2019-02-14,2019-02-15,2019-02-19,2019-02-20,2019-02-21,2019-02-22,2019-02-25,2019-02-26,2019-02-27,2019-02-28,78077.0,2019-02-13,252.0,0.2750%,-0.0003,0.9601,0.5937,0.2501,1.2277%,1.5958%,40.8056%,-0.000567,KAI,78077.0,2019-02-14,252.0,2.3540%,-0.0002,0.9545,0.6069,0.2356,1.2371%,1.6027%,40.4203%,0.02382,KAI,78077.0,2019-02-15,252.0,-1.0160%,-0.0004,0.9233,0.5763,0.1817,1.2397%,1.5879%,39.0495%,-0.023693,KAI,78077.0,2019-02-19,252.0,-0.6767%,-0.0004,0.9232,0.5672,0.1713,1.2408%,1.5883%,38.9763%,-0.010838,KAI,78077.0,2019-02-20,252.0,1.6580%,-0.0003,0.9276,0.5806,0.1879,1.2423%,1.5914%,39.0639%,0.012535,KAI,78077.0,2019-02-21,252.0,-2.8932%,-0.0005,0.9356,0.5915,0.2028,1.2510%,1.6017%,38.9931%,-0.024761,KAI,78077.0,2019-02-22,252.0,1.0238%,-0.0005,0.936,0.566,0.1843,1.2451%,1.5978%,39.2723%,0.003785,KAI,78077.0,2019-02-25,252.0,0.3872%,-0.0005,0.936,0.5637,0.1831,1.2455%,1.5980%,39.2543%,0.004171,KAI,78077.0,2019-02-26,252.0,0.2495%,-0.0004,0.9409,0.547,0.1783,1.2447%,1.5981%,39.3414%,0.008105,KAI,78077.0,2019-02-27,252.0,0.8033%,-0.0005,0.9357,0.5582,0.1775,1.2430%,1.5942%,39.2013%,0.006261,KAI,78077.0,2019-02-28,252.0,-1.8408%,-0.0005,0.9359,0.5578,0.1811,1.2461%,1.5942%,38.9033%,-0.015276,KAI,0.023253,-0.0004399999999999,-0.011278,-0.023504,-0.016458
22819,KELLY SERVICES INC,"Kelly Services Q4 Adj. EPS $0.87 Beats $0.82 Estimate, Sales $1.41B Miss $1.43B Estimate",6,uncertain,0.6,0.3,"while the adjusted eps beat estimates, the sales miss could lead to mixed reactions from investors, making the overall impact on the stock price uncertain.",1,2019-02-13,KELYA,2019-02-13 12:34:00+00:00,47379.0,48815220,0.0349032767117023,163415.0,-0.0056887967512011,0.015805248171091,0.0347364284098148,0.0276558008044958,0.0011848612921312,-0.0061081759631633,-0.0011834590695798,-0.0034782574512064,-0.0063191093504428,-0.0021691643632948,-0.0005961903952993,0.0021738798823207,-0.0107698626816272,0.0176990982145071,-0.0197580549865961,0.0089286053553223,0.009461186826229,-0.0004462395736481,-0.0167074874043464,0.0040322649292647,0.0029010197613388,-0.0035714253317564,-0.0190083049237728,-0.0265102386474609,0.006318433675915,0.0114285815507173,-0.0322309993207454,0.0,-0.0250865016132593,-0.0104393111541867,-0.0088731478899717,-0.0166808981448411,0.020143274217844,0.0021431306377053,-0.0241334419697523,0.0210065450519323,0.0022482529748231,0.0110619468614459,-0.004037691745907,0.0035523944534361,-0.0148648610338568,0.0062556434422731,0.0288065448403358,-0.0004466381797101,-0.011555565521121,-0.0004464387893676,-0.0067445873282849,0.0181818008422851,0.0081484969705343,0.0372466258704662,-0.0359228178858757,0.0071224891580641,0.0158360581845045,0.0298287868499755,0.0036680388730019,-0.0096851745620369,0.0045683137141168,0.0083007849752902,0.0131878545507788,0.0108588011935353,-0.0098743811249732,-0.007349319756031,0.0231187772005796,0.0079012271016836,-0.0159504041075706,0.0422027632594108,0.0193606633692979,-0.0221439618617296,-0.0066254250705242,-0.01973357796669,-0.0008893045014701,0.0,-0.0026702033355832,-0.0121832359582185,-0.0165104381740093,0.0224215630441904,0.0285843536257743,-0.0161764677613973,-0.0088222660124301,-0.0101892761886119,-0.0035602992866188,-0.0129309659823775,0.0160786341875791,0.0111379921436309,0.0048351916484534,-0.0086413975805044,-0.0236220862716436,0.0092054521664977,0.00044803894707,-0.0100719900801777,-0.0053739738650619,-0.0009583352366462,0.0189104042947292,-0.0599099062383174,0.0163500159978866,-0.0314135812222957,-0.0186956655234098,0.0164080206304788,0.0217102244496345,-0.0144230742007494,0.0,0.0404729135334491,-0.0346920751035213,-0.000454555847682,0.021563321352005,-0.0090090427547693,0.0087951086461544,0.0081744007766246,0.0047950609587132,-0.000453936838312,0.1015184447169304,-0.0197338610887527,-0.0031508437823504,-0.0026537536177784,-0.0090872989967465,-0.0258508622646331,-0.0079745119437575,-0.003435029182583,0.0084405550733208,-0.0127172209322452,-0.0056887967512011,0.015805248171091,0.0288500231775274,0.0438981557706721,0.0300690677453989,0.0375218421476031,0.0223486073632974,0.0316703466743479,-0.0165710499631415,0.0654122325274879,-0.0919685714025998,0.1737413863063885,0.0225542165859995,0.0114861495436595,2019-02-14,2019-02-15,2019-02-19,2019-02-20,2019-02-21,2019-02-22,2019-02-25,2019-02-26,2019-02-27,2019-02-28,47379.0,2019-02-13,252.0,3.4903%,-0.0005,0.8051,1.0736,0.4273,1.9696%,2.1857%,18.7994%,0.031599,KELYA,47379.0,2019-02-14,252.0,-0.5689%,-0.0005,0.8063,1.0698,0.4321,1.9697%,2.1854%,18.7664%,-0.007203,KELYA,47379.0,2019-02-15,252.0,3.4736%,-0.0004,0.8208,1.0851,0.4586,1.9742%,2.1941%,19.0376%,0.020776,KELYA,47379.0,2019-02-19,252.0,0.1185%,-0.0005,0.8164,1.0871,0.4612,1.9732%,2.1916%,18.9412%,-0.004997,KELYA,47379.0,2019-02-20,252.0,-0.1183%,-0.0005,0.814,1.08,0.4522,1.9736%,2.1909%,18.8596%,-0.007763,KELYA,47379.0,2019-02-21,252.0,-0.6319%,-0.0005,0.8112,1.074,0.447,1.9728%,2.1881%,18.7092%,-0.001611,KELYA,47379.0,2019-02-22,252.0,-0.0596%,-0.0006,0.813,1.0426,0.4406,1.9680%,2.1808%,18.5693%,-0.005304,KELYA,47379.0,2019-02-25,252.0,-1.0770%,-0.0006,0.8134,1.0469,0.4442,1.9685%,2.1818%,18.5940%,-0.008585,KELYA,47379.0,2019-02-26,252.0,-1.9758%,-0.0006,0.8295,1.0449,0.4552,1.9639%,2.1830%,19.0644%,-0.010391,KELYA,47379.0,2019-02-27,252.0,0.9461%,-0.0005,0.8317,1.0433,0.4556,1.9643%,2.1839%,19.0974%,0.007176,KELYA,47379.0,2019-02-28,252.0,-1.6707%,-0.0007,0.8495,1.0552,0.4715,1.9577%,2.1839%,19.6424%,-0.013299,KELYA,0.024396,0.045172,0.040175,0.030801,0.000398
22827,KINROSS GOLD CORP,"Kinross Gold Sees FY19 Gold Equivalent Production 2.5M Oz. +/- 5%, Production Cost Of Sales $730/Gold Equivalent Oz., Capex $1.05B",6,uncertain,0.6,0.3,"while the production forecast and cost of sales appear positive, the overall impact on stock price will depend on market conditions and investor sentiment at the time of the announcement.",1,2019-02-13,KGC,2019-02-13 22:07:00+00:00,89692.0,49690240,-0.0031055870931595,9648452.0,0.0155763085931539,-0.0330330021679401,0.0705521553754806,-0.0205882843583822,0.080229215323925,0.0210210736840963,0.0079575525596737,-0.0147929554805159,-0.03947364538908,-0.0174418427050113,-0.0054794466122984,0.0299401637166738,-0.0275482479482889,-0.0089020691812038,-0.0198300089687109,0.0029761877376586,-0.0260116048157215,0.0090090008452534,-0.0118694249540567,0.0214723721146583,-0.0360360033810138,0.0061728334985673,0.0093457857146859,0.0030959723517298,0.0030864167492836,0.0286623928695917,-0.0246153604239225,0.006410326808691,-0.009463713504374,-0.006369496230036,0.0700636282563209,0.0129032908007502,-0.0059523754753172,-0.0189873985946178,0.0359281823039054,0.0095846550539135,-0.0028901705518364,0.0096774874255061,-0.026087000966072,-0.0189873985946178,0.0059524462558329,-0.0094043798744678,-0.0207101088017225,0.0094936611130833,0.0030211452394723,-0.018633522093296,0.0331325717270374,0.0,0.0087463473901152,0.012578603811562,0.0057803411036729,-0.0185185000300407,0.0402298457920551,0.0030959723517298,-0.002762428484857,-0.0030864167492836,-0.0193905644118785,0.0,-0.0310734175145626,0.0188679061830043,0.0029154489748179,-0.0185185000300407,-0.029069809243083,0.0318471007049083,0.0059880185872316,-0.0484848022460937,0.0089286342263221,0.0576923303306102,0.0235987976193428,-0.006369496230036,0.0086455252021551,0.0940767377614975,0.0142857003957033,-0.0681818351149559,0.014084493741393,0.0232557915151119,-0.022222202271223,0.045138843357563,-0.0142045319080352,-0.0068965447135269,0.0,0.0034602042287588,0.0086455252021551,0.0176057014614343,-0.0114285601302981,-0.006993000395596,-0.0289017744362354,0.003508768742904,-0.0386904403567314,0.0106382882222533,-0.0185758341103792,0.0071428506635129,-0.006309141870588,-0.0106006972491741,0.0285714007914066,0.0442803986370563,-0.015432083979249,-0.0073260003700852,0.0313479304313659,0.0073800664395093,-0.0273555964231491,0.0503876432776451,-0.0062499940395355,-0.0264151580631732,-0.0377358868718147,-0.0221401993185281,-0.003267970867455,0.007434937171638,0.0065573710016906,0.0306514035910368,0.0,0.0116278966888785,-0.0032573258504271,0.0078124925494194,0.0163398534059524,0.0364372134208679,-0.0096462937071919,0.0040650367736816,-0.0097402511164546,0.0123456669971346,0.0155763085931539,-0.0330330021679401,0.0872274061126752,-0.0529411936844778,0.1744548077837615,-0.0330330007337469,0.1370716688007109,-0.0639534934605436,0.0373831435512108,-0.0122699244558539,0.0685358378222513,0.01257860786065,-0.0498442592448249,0.3251028599948959,2019-02-14,2019-02-15,2019-02-19,2019-02-20,2019-02-21,2019-02-22,2019-02-25,2019-02-26,2019-02-27,2019-02-28,89692.0,2019-02-13,252.0,-0.3106%,-0.0006,-0.0608,0.7256,0.2885,2.3483%,2.3793%,2.5839%,-0.003701,KGC,89692.0,2019-02-14,252.0,1.5576%,-0.0005,-0.063,0.7338,0.2777,2.3475%,2.3790%,2.6279%,0.013248,KGC,89692.0,2019-02-15,252.0,7.0552%,-0.0006,-0.088,0.7187,0.2468,2.3263%,2.3577%,2.6506%,0.067996,KGC,89692.0,2019-02-19,252.0,8.0229%,0.0,-0.0519,0.7383,0.2658,2.3426%,2.3737%,2.6027%,0.077472,KGC,89692.0,2019-02-20,252.0,0.7958%,0.0001,-0.0493,0.7498,0.2766,2.3413%,2.3733%,2.6821%,0.00487,KGC,89692.0,2019-02-21,252.0,-3.9474%,0.0001,-0.0531,0.7336,0.27,2.3435%,2.3743%,2.5769%,-0.038595,KGC,89692.0,2019-02-22,252.0,-0.5479%,0.0002,-0.0537,0.7703,0.2954,2.3370%,2.3707%,2.8266%,-0.005301,KGC,89692.0,2019-02-25,252.0,-2.7548%,0.0001,-0.0561,0.7804,0.2921,2.3386%,2.3732%,2.8939%,-0.025033,KGC,89692.0,2019-02-26,252.0,-1.9830%,0.0001,-0.049,0.7933,0.3039,2.3399%,2.3755%,2.9764%,-0.0140609999999999,KGC,89692.0,2019-02-27,252.0,-2.6012%,-0.0,-0.0541,0.7945,0.303,2.3453%,2.3810%,2.9733%,-0.02721,KGC,89692.0,2019-02-28,252.0,-1.1869%,-0.0,-0.0574,0.7918,0.3033,2.3455%,2.3812%,2.9691%,-0.0115389999999999,KGC,0.009547,0.077543,0.155015,0.12129,0.038146
22835,KINROSS GOLD CORP,"Kinross FY18 Gold Equivalent Production 2.45M Oz., Production Cost Of Sales $734/Gold Equivalent Oz., Capex $1.043B",6,uncertain,0.6,0.3,"while the production figures and cost of sales provide insight into operational efficiency, the overall impact on stock price will depend on market conditions, investor sentiment, and future outlook, making the effect uncertain.",1,2019-02-13,KGC,2019-02-13 22:05:00+00:00,89692.0,49690240,-0.0031055870931595,9648452.0,0.0155763085931539,-0.0330330021679401,0.0705521553754806,-0.0205882843583822,0.080229215323925,0.0210210736840963,0.0079575525596737,-0.0147929554805159,-0.03947364538908,-0.0174418427050113,-0.0054794466122984,0.0299401637166738,-0.0275482479482889,-0.0089020691812038,-0.0198300089687109,0.0029761877376586,-0.0260116048157215,0.0090090008452534,-0.0118694249540567,0.0214723721146583,-0.0360360033810138,0.0061728334985673,0.0093457857146859,0.0030959723517298,0.0030864167492836,0.0286623928695917,-0.0246153604239225,0.006410326808691,-0.009463713504374,-0.006369496230036,0.0700636282563209,0.0129032908007502,-0.0059523754753172,-0.0189873985946178,0.0359281823039054,0.0095846550539135,-0.0028901705518364,0.0096774874255061,-0.026087000966072,-0.0189873985946178,0.0059524462558329,-0.0094043798744678,-0.0207101088017225,0.0094936611130833,0.0030211452394723,-0.018633522093296,0.0331325717270374,0.0,0.0087463473901152,0.012578603811562,0.0057803411036729,-0.0185185000300407,0.0402298457920551,0.0030959723517298,-0.002762428484857,-0.0030864167492836,-0.0193905644118785,0.0,-0.0310734175145626,0.0188679061830043,0.0029154489748179,-0.0185185000300407,-0.029069809243083,0.0318471007049083,0.0059880185872316,-0.0484848022460937,0.0089286342263221,0.0576923303306102,0.0235987976193428,-0.006369496230036,0.0086455252021551,0.0940767377614975,0.0142857003957033,-0.0681818351149559,0.014084493741393,0.0232557915151119,-0.022222202271223,0.045138843357563,-0.0142045319080352,-0.0068965447135269,0.0,0.0034602042287588,0.0086455252021551,0.0176057014614343,-0.0114285601302981,-0.006993000395596,-0.0289017744362354,0.003508768742904,-0.0386904403567314,0.0106382882222533,-0.0185758341103792,0.0071428506635129,-0.006309141870588,-0.0106006972491741,0.0285714007914066,0.0442803986370563,-0.015432083979249,-0.0073260003700852,0.0313479304313659,0.0073800664395093,-0.0273555964231491,0.0503876432776451,-0.0062499940395355,-0.0264151580631732,-0.0377358868718147,-0.0221401993185281,-0.003267970867455,0.007434937171638,0.0065573710016906,0.0306514035910368,0.0,0.0116278966888785,-0.0032573258504271,0.0078124925494194,0.0163398534059524,0.0364372134208679,-0.0096462937071919,0.0040650367736816,-0.0097402511164546,0.0123456669971346,0.0155763085931539,-0.0330330021679401,0.0872274061126752,-0.0529411936844778,0.1744548077837615,-0.0330330007337469,0.1370716688007109,-0.0639534934605436,0.0373831435512108,-0.0122699244558539,0.0685358378222513,0.01257860786065,-0.0498442592448249,0.3251028599948959,2019-02-14,2019-02-15,2019-02-19,2019-02-20,2019-02-21,2019-02-22,2019-02-25,2019-02-26,2019-02-27,2019-02-28,89692.0,2019-02-13,252.0,-0.3106%,-0.0006,-0.0608,0.7256,0.2885,2.3483%,2.3793%,2.5839%,-0.003701,KGC,89692.0,2019-02-14,252.0,1.5576%,-0.0005,-0.063,0.7338,0.2777,2.3475%,2.3790%,2.6279%,0.013248,KGC,89692.0,2019-02-15,252.0,7.0552%,-0.0006,-0.088,0.7187,0.2468,2.3263%,2.3577%,2.6506%,0.067996,KGC,89692.0,2019-02-19,252.0,8.0229%,0.0,-0.0519,0.7383,0.2658,2.3426%,2.3737%,2.6027%,0.077472,KGC,89692.0,2019-02-20,252.0,0.7958%,0.0001,-0.0493,0.7498,0.2766,2.3413%,2.3733%,2.6821%,0.00487,KGC,89692.0,2019-02-21,252.0,-3.9474%,0.0001,-0.0531,0.7336,0.27,2.3435%,2.3743%,2.5769%,-0.038595,KGC,89692.0,2019-02-22,252.0,-0.5479%,0.0002,-0.0537,0.7703,0.2954,2.3370%,2.3707%,2.8266%,-0.005301,KGC,89692.0,2019-02-25,252.0,-2.7548%,0.0001,-0.0561,0.7804,0.2921,2.3386%,2.3732%,2.8939%,-0.025033,KGC,89692.0,2019-02-26,252.0,-1.9830%,0.0001,-0.049,0.7933,0.3039,2.3399%,2.3755%,2.9764%,-0.0140609999999999,KGC,89692.0,2019-02-27,252.0,-2.6012%,-0.0,-0.0541,0.7945,0.303,2.3453%,2.3810%,2.9733%,-0.02721,KGC,89692.0,2019-02-28,252.0,-1.1869%,-0.0,-0.0574,0.7918,0.3033,2.3455%,2.3812%,2.9691%,-0.0115389999999999,KGC,0.009547,0.077543,0.155015,0.12129,0.038146
22843,KINROSS GOLD CORP,"Kinross Gold Q4 EPS $0.01, Same YoY",6,uncertain,0.5,0.5,"the earnings per share (eps) being the same year-over-year suggests stability, but without growth or improvement, investor sentiment could vary, leading to an uncertain impact on the stock price.",1,2019-02-13,KGC,2019-02-13 22:04:00+00:00,89692.0,49690240,-0.0031055870931595,9648452.0,0.0155763085931539,-0.0330330021679401,0.0705521553754806,-0.0205882843583822,0.080229215323925,0.0210210736840963,0.0079575525596737,-0.0147929554805159,-0.03947364538908,-0.0174418427050113,-0.0054794466122984,0.0299401637166738,-0.0275482479482889,-0.0089020691812038,-0.0198300089687109,0.0029761877376586,-0.0260116048157215,0.0090090008452534,-0.0118694249540567,0.0214723721146583,-0.0360360033810138,0.0061728334985673,0.0093457857146859,0.0030959723517298,0.0030864167492836,0.0286623928695917,-0.0246153604239225,0.006410326808691,-0.009463713504374,-0.006369496230036,0.0700636282563209,0.0129032908007502,-0.0059523754753172,-0.0189873985946178,0.0359281823039054,0.0095846550539135,-0.0028901705518364,0.0096774874255061,-0.026087000966072,-0.0189873985946178,0.0059524462558329,-0.0094043798744678,-0.0207101088017225,0.0094936611130833,0.0030211452394723,-0.018633522093296,0.0331325717270374,0.0,0.0087463473901152,0.012578603811562,0.0057803411036729,-0.0185185000300407,0.0402298457920551,0.0030959723517298,-0.002762428484857,-0.0030864167492836,-0.0193905644118785,0.0,-0.0310734175145626,0.0188679061830043,0.0029154489748179,-0.0185185000300407,-0.029069809243083,0.0318471007049083,0.0059880185872316,-0.0484848022460937,0.0089286342263221,0.0576923303306102,0.0235987976193428,-0.006369496230036,0.0086455252021551,0.0940767377614975,0.0142857003957033,-0.0681818351149559,0.014084493741393,0.0232557915151119,-0.022222202271223,0.045138843357563,-0.0142045319080352,-0.0068965447135269,0.0,0.0034602042287588,0.0086455252021551,0.0176057014614343,-0.0114285601302981,-0.006993000395596,-0.0289017744362354,0.003508768742904,-0.0386904403567314,0.0106382882222533,-0.0185758341103792,0.0071428506635129,-0.006309141870588,-0.0106006972491741,0.0285714007914066,0.0442803986370563,-0.015432083979249,-0.0073260003700852,0.0313479304313659,0.0073800664395093,-0.0273555964231491,0.0503876432776451,-0.0062499940395355,-0.0264151580631732,-0.0377358868718147,-0.0221401993185281,-0.003267970867455,0.007434937171638,0.0065573710016906,0.0306514035910368,0.0,0.0116278966888785,-0.0032573258504271,0.0078124925494194,0.0163398534059524,0.0364372134208679,-0.0096462937071919,0.0040650367736816,-0.0097402511164546,0.0123456669971346,0.0155763085931539,-0.0330330021679401,0.0872274061126752,-0.0529411936844778,0.1744548077837615,-0.0330330007337469,0.1370716688007109,-0.0639534934605436,0.0373831435512108,-0.0122699244558539,0.0685358378222513,0.01257860786065,-0.0498442592448249,0.3251028599948959,2019-02-14,2019-02-15,2019-02-19,2019-02-20,2019-02-21,2019-02-22,2019-02-25,2019-02-26,2019-02-27,2019-02-28,89692.0,2019-02-13,252.0,-0.3106%,-0.0006,-0.0608,0.7256,0.2885,2.3483%,2.3793%,2.5839%,-0.003701,KGC,89692.0,2019-02-14,252.0,1.5576%,-0.0005,-0.063,0.7338,0.2777,2.3475%,2.3790%,2.6279%,0.013248,KGC,89692.0,2019-02-15,252.0,7.0552%,-0.0006,-0.088,0.7187,0.2468,2.3263%,2.3577%,2.6506%,0.067996,KGC,89692.0,2019-02-19,252.0,8.0229%,0.0,-0.0519,0.7383,0.2658,2.3426%,2.3737%,2.6027%,0.077472,KGC,89692.0,2019-02-20,252.0,0.7958%,0.0001,-0.0493,0.7498,0.2766,2.3413%,2.3733%,2.6821%,0.00487,KGC,89692.0,2019-02-21,252.0,-3.9474%,0.0001,-0.0531,0.7336,0.27,2.3435%,2.3743%,2.5769%,-0.038595,KGC,89692.0,2019-02-22,252.0,-0.5479%,0.0002,-0.0537,0.7703,0.2954,2.3370%,2.3707%,2.8266%,-0.005301,KGC,89692.0,2019-02-25,252.0,-2.7548%,0.0001,-0.0561,0.7804,0.2921,2.3386%,2.3732%,2.8939%,-0.025033,KGC,89692.0,2019-02-26,252.0,-1.9830%,0.0001,-0.049,0.7933,0.3039,2.3399%,2.3755%,2.9764%,-0.0140609999999999,KGC,89692.0,2019-02-27,252.0,-2.6012%,-0.0,-0.0541,0.7945,0.303,2.3453%,2.3810%,2.9733%,-0.02721,KGC,89692.0,2019-02-28,252.0,-1.1869%,-0.0,-0.0574,0.7918,0.3033,2.3455%,2.3812%,2.9691%,-0.0115389999999999,KGC,0.009547,0.077543,0.155015,0.12129,0.038146
22851,COCA COLA CO,Coca-Cola's Q4 Earnings Outlook,6,uncertain,0.5,0.5,the impact on coca-cola's stock price is uncertain as it depends on the actual earnings results compared to market expectations.,1,2019-02-13,KO,2019-02-13 18:38:00+00:00,11308.0,19121610,0.0026178224943578,12748849.0,-0.0843543037772178,0.0010078459745272,-0.0076770884916186,0.002222234616056,-0.009062772616744,0.0016188148874789,0.0060226772911846,0.0032480685040354,0.0168514885008335,0.0,-0.0126472264528274,0.0002030116011155,-0.0075088376179337,0.0112936189398169,-0.0055629732087254,0.0118429185822606,0.0055940928868949,0.0056414636783301,0.0089007904753088,0.0097046215087175,0.0008822433883324,0.0048760520294308,0.0059497677721083,-0.0042220978066325,-0.0010953571181744,-0.0067099956795573,-0.0032894236501306,-0.0120157822966575,-0.0037404175382107,0.0115255499258637,-0.0097172847017645,0.00231045181863,0.0298840347677469,0.0116871912032365,-0.0028150945436209,0.0029838706832379,0.0036916825920343,-0.0136641059070825,-0.0025962884537875,0.0089077018201351,-0.0087527688592672,-0.0040134903974831,0.0024282694794237,0.005736147519201,0.0033032707870006,0.0107365259900689,-0.0006585292867384,-0.0191659610718488,-0.0004392808768898,0.0112885786220431,0.0092287845909595,-0.0130334021523594,0.0021771930623799,0.0199399720877409,0.0132522406056523,-0.0061794356442987,-0.000643198553007,-0.0088700773194432,-0.0006436125258915,0.0031779175624251,0.0060111372731626,-0.0069429418072104,-0.0029876097105443,0.0125692412257194,-0.0032106491271406,0.0213228799402713,-0.0083744768053293,-0.0338448733091354,0.0064963023178279,0.0006310218595899,-0.0002151101944036,-0.0075156702660024,0.0017214980907738,-0.0086920149624347,0.0025778503622859,-0.0002069550100713,-0.0006427851039916,-0.0204701721668243,0.0015008511254563,-0.0026278768200427,0.0006423162994906,0.005079235881567,0.0055626509711146,-0.0064594205468893,-0.0010638135718181,0.0060925921425223,0.0070287114940583,0.0030556432902812,0.0042301346547901,-0.0058728414587676,-0.0016848782543092,-0.0040338998660445,0.0170885547995567,-0.0022136606276035,-0.0047707851044833,-0.0140873584896326,-0.00291786971502,0.0289914663881063,0.0087792258709669,-0.0068396613933146,0.0033153719268739,0.0068867765367031,0.0132177453488111,0.0102312257513403,-0.0095801306888461,-0.0030600065365433,-0.0041160890832543,0.0059511782601475,0.0068196286447346,-0.0131632545962929,-0.0051313629373908,-0.0223717540502548,-0.0096967443823814,0.0067769614979624,-0.0031250317115336,0.0086448825895786,-0.0094043249264359,-0.0004018618201371,0.016666604205966,-0.0020056616049259,-0.0843543037772178,0.0010078459745272,-0.0913837968140899,0.0032323202607955,-0.0996183788594531,0.0048563676764337,-0.0789315196808525,0.008120209995363,-0.0893753930142264,0.0476792878309582,-0.0562823221192416,0.0521186252630143,-0.0236635521444771,0.0039192495559059,2019-02-14,2019-02-15,2019-02-19,2019-02-20,2019-02-21,2019-02-22,2019-02-25,2019-02-26,2019-02-27,2019-02-28,11308.0,2019-02-13,252.0,0.2618%,0.0006,0.3938,-0.4406,0.0806,0.7758%,0.9014%,25.9105%,0.001616,KO,11308.0,2019-02-14,252.0,-8.4354%,0.0003,0.4126,-0.4851,0.1296,0.9289%,1.0481%,21.4512%,-0.080869,KO,11308.0,2019-02-15,252.0,-0.7677%,0.0003,0.4112,-0.4876,0.1256,0.9307%,1.0493%,21.3183%,-0.011849,KO,11308.0,2019-02-19,252.0,-0.9063%,0.0002,0.4061,-0.4887,0.1248,0.9302%,1.0465%,20.9891%,-0.008907,KO,11308.0,2019-02-20,252.0,0.6023%,0.0002,0.4071,-0.4891,0.1276,0.9302%,1.0468%,21.0454%,0.00554,KO,11308.0,2019-02-21,252.0,1.6851%,0.0003,0.3952,-0.5092,0.1057,0.9272%,1.0426%,20.9028%,0.018209,KO,11308.0,2019-02-22,252.0,-1.2647%,0.0003,0.3964,-0.4986,0.129,0.9279%,1.0414%,20.6243%,-0.010961,KO,11308.0,2019-02-25,252.0,-0.7509%,0.0003,0.3969,-0.4933,0.1339,0.9294%,1.0424%,20.5010%,-0.009267,KO,11308.0,2019-02-26,252.0,-0.5563%,0.0002,0.3963,-0.4815,0.1394,0.9304%,1.0404%,20.0240%,-0.007743,KO,11308.0,2019-02-27,252.0,0.5594%,0.0003,0.3997,-0.4858,0.14,0.9300%,1.0409%,20.1766%,0.00622,KO,11308.0,2019-02-28,252.0,0.8901%,0.0004,0.3946,-0.489,0.1339,0.9315%,1.0406%,19.8626%,0.010487,KO,-0.0792529999999999,-0.0911019999999999,-0.1000089999999999,-0.0762599999999999,-0.0875239999999999
22859,LITHIA MOTORS INC,"Lithia Motors Q4 Adj. EPS $2.57 Beats $2.42 Estimate, Sales $2.97M Miss $3.01B Estimate",6,uncertain,0.6,0.3,"while the adjusted eps beat estimates, the significant miss in sales could lead to mixed reactions from investors, making the overall impact on the stock price uncertain.",1,2019-02-13,LAD,2019-02-13 12:18:00+00:00,84319.0,53679710,-0.045049212872982,996445.0,0.016856649890542,0.0267538651823997,0.0491353943943977,-0.002609122544527,0.0136409793049097,-0.0150683438405394,0.0141303371638059,-0.0244986489415168,-0.0207895301282405,-0.0126012051478028,0.0082438811659812,0.0018033817177638,-0.0087365452200174,0.0073805102147161,0.0150282690301537,-0.0098931677639484,-0.0079038077965378,0.0047441339120268,0.0129038812592625,0.004424771759659,-0.0077544809319078,0.0059346794150769,-0.0300324037671089,0.0066636237315833,0.0227900948375463,0.0120930336415767,-0.0150799453258514,0.0031493832357227,-0.0065127173438668,-0.004181588999927,0.0032310036476701,-0.0122763570398092,0.0141476383432745,0.0169175658375024,0.0013610383030027,0.0098974471911787,0.0125722121447324,0.000825468043331,-0.0040268525481224,-0.0053952508606016,-0.0123539809137582,-0.0043208585120737,0.007391333580017,0.0300733800977468,-0.01490009855479,-0.0179563406854867,0.0002292227873113,0.0137724736705422,0.0178714338690042,-0.0073704556562006,-0.0323015786707401,0.0246041938662529,0.0052337395027279,0.0406895577907562,0.0199005119502544,0.0040727974846959,0.0260918363928794,0.0293462313711643,0.0144831975921988,0.0131405033171176,0.0107889911159873,0.0262905955314636,0.0138005260378122,0.0093496534973382,-0.0131872585043311,0.0332434140145778,0.0216618403792381,0.0075865844264626,0.0079113924875855,-0.0207456666976213,-0.0209314487874507,0.011197636835277,0.0160342063754797,-0.0145270759239792,-0.011257229372859,0.0182050745934248,0.0206426344811916,0.0167750678956508,-0.008653063327074,-0.0037458885926753,0.0152487605810165,-0.0151816066354513,-0.0068365824408829,0.0052774604409933,0.0168961491435766,-0.0130912205204367,0.007487213704735,-0.0164751820266246,0.0065153148025274,-0.0388555973768234,-0.030039457604289,-0.0334404930472374,0.0189780984073877,-0.0489296652376651,0.0736798718571662,-0.0133960973471403,0.04937095195055,-0.0046846773475408,0.0228883232921361,-0.0190880484879016,0.0109216449782252,0.0147059224545955,-0.0028985668905079,-0.0030989525839686,-0.0221105944365263,0.0200608093291521,0.0172056201845407,0.0080892723053693,0.0134608950465917,0.0154324565082788,0.0100488802418112,-0.0183262061327695,-0.004325633868575,0.0009783763671293,-0.0106872515752911,-0.019779447466135,0.0044791768305003,-0.0028688199818134,0.0016656653024256,0.0001195712611661,0.016856649890542,0.0267538651823997,0.0668203024254798,0.024074938525072,0.0813727760929232,0.0086438252328968,0.0738540387237101,-0.0284653325532736,0.094712559812248,-0.0203086093011748,0.1165058181274389,0.1461375481867506,0.3939348716121578,0.0322773110642398,2019-02-14,2019-02-15,2019-02-19,2019-02-20,2019-02-21,2019-02-22,2019-02-25,2019-02-26,2019-02-27,2019-02-28,84319.0,2019-02-13,252.0,-4.5049%,-0.0011,0.6534,0.9436,0.7912,1.8469%,1.9971%,14.4810%,-0.048139,LAD,84319.0,2019-02-14,252.0,1.6857%,-0.0011,0.6488,0.9538,0.7801,1.8507%,2.0003%,14.3993%,0.017811,LAD,84319.0,2019-02-15,252.0,4.9135%,-0.0006,0.7319,1.0324,0.9203,1.8083%,1.9956%,17.8921%,0.035575,LAD,84319.0,2019-02-19,252.0,1.3641%,-0.0006,0.7344,1.0352,0.9232,1.8087%,1.9976%,18.0203%,0.006395,LAD,84319.0,2019-02-20,252.0,1.4130%,-0.0005,0.7366,1.0428,0.9318,1.8087%,1.9998%,18.2019%,0.00528,LAD,84319.0,2019-02-21,252.0,-2.0790%,-0.0006,0.7387,1.0438,0.9357,1.8109%,2.0019%,18.1706%,-0.0152909999999999,LAD,84319.0,2019-02-22,252.0,0.8244%,-0.0005,0.7373,1.038,0.9137,1.8120%,2.0008%,17.9851%,0.0113569999999999,LAD,84319.0,2019-02-25,252.0,-0.8737%,-0.0005,0.7368,1.04,0.913,1.8121%,2.0010%,17.9894%,-0.005599,LAD,84319.0,2019-02-26,252.0,1.5028%,-0.0005,0.7289,1.0112,0.8924,1.8194%,2.0023%,17.4375%,0.025776,LAD,84319.0,2019-02-27,252.0,-0.7904%,-0.0005,0.7313,1.0042,0.8928,1.8199%,2.0028%,17.4266%,-0.00951,LAD,84319.0,2019-02-28,252.0,1.2904%,-0.0003,0.7185,0.996,0.8794,1.8200%,1.9969%,16.9332%,0.017102,LAD,-0.030328,0.005247,0.011642,0.001631,0.040757
22867,LITHIA MOTORS INC,"Seaport Global Initiates Coverage On Lithia Motors with Buy Rating, Announces $110 Price Target",6,increase,0.8,0.6,"the initiation of coverage with a 'buy' rating and a price target of $110 is likely to attract positive investor sentiment, potentially driving the stock price higher.",2,2019-02-13,LAD,2019-02-13 12:06:00+00:00,84319.0,53679710,-0.045049212872982,996445.0,0.016856649890542,0.0267538651823997,0.0491353943943977,-0.002609122544527,0.0136409793049097,-0.0150683438405394,0.0141303371638059,-0.0244986489415168,-0.0207895301282405,-0.0126012051478028,0.0082438811659812,0.0018033817177638,-0.0087365452200174,0.0073805102147161,0.0150282690301537,-0.0098931677639484,-0.0079038077965378,0.0047441339120268,0.0129038812592625,0.004424771759659,-0.0077544809319078,0.0059346794150769,-0.0300324037671089,0.0066636237315833,0.0227900948375463,0.0120930336415767,-0.0150799453258514,0.0031493832357227,-0.0065127173438668,-0.004181588999927,0.0032310036476701,-0.0122763570398092,0.0141476383432745,0.0169175658375024,0.0013610383030027,0.0098974471911787,0.0125722121447324,0.000825468043331,-0.0040268525481224,-0.0053952508606016,-0.0123539809137582,-0.0043208585120737,0.007391333580017,0.0300733800977468,-0.01490009855479,-0.0179563406854867,0.0002292227873113,0.0137724736705422,0.0178714338690042,-0.0073704556562006,-0.0323015786707401,0.0246041938662529,0.0052337395027279,0.0406895577907562,0.0199005119502544,0.0040727974846959,0.0260918363928794,0.0293462313711643,0.0144831975921988,0.0131405033171176,0.0107889911159873,0.0262905955314636,0.0138005260378122,0.0093496534973382,-0.0131872585043311,0.0332434140145778,0.0216618403792381,0.0075865844264626,0.0079113924875855,-0.0207456666976213,-0.0209314487874507,0.011197636835277,0.0160342063754797,-0.0145270759239792,-0.011257229372859,0.0182050745934248,0.0206426344811916,0.0167750678956508,-0.008653063327074,-0.0037458885926753,0.0152487605810165,-0.0151816066354513,-0.0068365824408829,0.0052774604409933,0.0168961491435766,-0.0130912205204367,0.007487213704735,-0.0164751820266246,0.0065153148025274,-0.0388555973768234,-0.030039457604289,-0.0334404930472374,0.0189780984073877,-0.0489296652376651,0.0736798718571662,-0.0133960973471403,0.04937095195055,-0.0046846773475408,0.0228883232921361,-0.0190880484879016,0.0109216449782252,0.0147059224545955,-0.0028985668905079,-0.0030989525839686,-0.0221105944365263,0.0200608093291521,0.0172056201845407,0.0080892723053693,0.0134608950465917,0.0154324565082788,0.0100488802418112,-0.0183262061327695,-0.004325633868575,0.0009783763671293,-0.0106872515752911,-0.019779447466135,0.0044791768305003,-0.0028688199818134,0.0016656653024256,0.0001195712611661,0.016856649890542,0.0267538651823997,0.0668203024254798,0.024074938525072,0.0813727760929232,0.0086438252328968,0.0738540387237101,-0.0284653325532736,0.094712559812248,-0.0203086093011748,0.1165058181274389,0.1461375481867506,0.3939348716121578,0.0322773110642398,2019-02-14,2019-02-15,2019-02-19,2019-02-20,2019-02-21,2019-02-22,2019-02-25,2019-02-26,2019-02-27,2019-02-28,84319.0,2019-02-13,252.0,-4.5049%,-0.0011,0.6534,0.9436,0.7912,1.8469%,1.9971%,14.4810%,-0.048139,LAD,84319.0,2019-02-14,252.0,1.6857%,-0.0011,0.6488,0.9538,0.7801,1.8507%,2.0003%,14.3993%,0.017811,LAD,84319.0,2019-02-15,252.0,4.9135%,-0.0006,0.7319,1.0324,0.9203,1.8083%,1.9956%,17.8921%,0.035575,LAD,84319.0,2019-02-19,252.0,1.3641%,-0.0006,0.7344,1.0352,0.9232,1.8087%,1.9976%,18.0203%,0.006395,LAD,84319.0,2019-02-20,252.0,1.4130%,-0.0005,0.7366,1.0428,0.9318,1.8087%,1.9998%,18.2019%,0.00528,LAD,84319.0,2019-02-21,252.0,-2.0790%,-0.0006,0.7387,1.0438,0.9357,1.8109%,2.0019%,18.1706%,-0.0152909999999999,LAD,84319.0,2019-02-22,252.0,0.8244%,-0.0005,0.7373,1.038,0.9137,1.8120%,2.0008%,17.9851%,0.0113569999999999,LAD,84319.0,2019-02-25,252.0,-0.8737%,-0.0005,0.7368,1.04,0.913,1.8121%,2.0010%,17.9894%,-0.005599,LAD,84319.0,2019-02-26,252.0,1.5028%,-0.0005,0.7289,1.0112,0.8924,1.8194%,2.0023%,17.4375%,0.025776,LAD,84319.0,2019-02-27,252.0,-0.7904%,-0.0005,0.7313,1.0042,0.8928,1.8199%,2.0028%,17.4266%,-0.00951,LAD,84319.0,2019-02-28,252.0,1.2904%,-0.0003,0.7185,0.996,0.8794,1.8200%,1.9969%,16.9332%,0.017102,LAD,-0.030328,0.005247,0.011642,0.001631,0.040757
22875,LIVE VENTURES INC,"Live Ventures Incorporated Q1 EPS $0.79 Down From $0.95 YoY, Sales $53.2M Up From $40.3M YoY",6,uncertain,0.6,0.3,"while sales increased significantly, the decline in eps may raise concerns among investors, leading to uncertainty about the stock's immediate reaction.",1,2019-02-13,LIVE,2019-02-13 13:01:00+00:00,92557.0,53814230,0.0277944281697273,7520.0,-0.0389105305075645,0.0099901920184493,-0.0135492542758584,-0.0322736427187919,0.0766115710139274,0.0078792413696646,0.0064044245518743,6.562811904586852e-05,0.0265151560306549,-0.0020183662418276,0.0147478161379694,0.0040663247928023,-0.0181698556989431,0.013240517117083,-0.0148148592561483,0.0259507708251476,0.0213032085448503,-0.0191210899502039,-0.006134876050055,0.0111940270289778,-0.0199877172708511,0.011834449134767,-0.0413322746753692,0.0030295951291918,-0.0565046370029449,-0.0432411506772041,0.013927630148828,-0.0052163479849696,-0.0115384766831994,0.0418668910861015,0.0214007515460252,-0.0168881267309188,0.0089795896783471,0.0331483818590641,0.004584670998156,-0.0210587605834007,-0.0295301731675863,-0.026398567482829,0.0020608862396329,0.0306266527622938,0.0241687037050724,-0.0467532016336917,-0.0002965130261145,0.0046448134817183,-0.0239693950861692,-0.012319603934884,0.023480674251914,0.052474595606327,0.0418353490531444,-0.0043079545721411,-0.0038859758060425,-0.0100267129018902,-0.0247074197977781,0.031724140048027,0.0013333638198673,0.0357142873108387,0.0269773621112108,0.0416666977107524,-0.0016337450360879,-0.0931174159049987,0.0129870632663369,-0.0667624250054359,0.0,-0.1215537488460541,-0.0285769719630479,0.0425375029444694,0.001055862288922,0.0272512454539537,0.0243767127394676,-0.0082256933674216,-0.021879032254219,-0.0554938949644565,0.0302631612867116,0.0011111365165561,-0.0222988668829202,0.0227272510528564,-0.0098361605778336,-0.0434782207012176,0.0109365377575159,0.0279329624027013,0.0100482404232025,0.0011185938492417,0.0012920192675665,-0.0071851508691906,-0.0116903241723775,0.0120710711926221,-0.0012272358871996,0.0156734623014926,0.0079607497900724,-0.0045454502105712,0.0141488471999764,-0.0101237511262297,-0.0044757449068129,0.0056561301462352,-0.007861228659749,0.04368357360363,0.005890856962651,-0.0208997428417205,0.0026643299497663,0.0059069031849503,-0.0065982267260551,-0.0182648226618766,-0.0295401699841022,0.0695971548557281,0.0084154456853866,-0.0156250149011611,-0.0046083806082606,0.0141393486410379,0.0141543773934245,0.0078624235466122,-0.0133158881217241,0.0395913682878017,-0.0070527419447898,-0.0417916253209114,-0.0213617961853742,-0.0059002507477998,0.0027285104151815,0.0198385473340749,-0.0027210859116166,0.0346726104617118,-0.0389105305075645,0.0099901920184493,-0.0519325761115674,-0.0226058705882382,0.0207003586596525,-0.0149047463293097,0.0544747159006975,-0.0168285098729975,0.0505836988450512,0.0178426397570525,-0.0012970492651298,0.0123482224112578,-0.0492866562284363,-0.0370346352720234,2019-02-14,2019-02-15,2019-02-19,2019-02-20,2019-02-21,2019-02-22,2019-02-25,2019-02-26,2019-02-27,2019-02-28,92557.0,2019-02-13,252.0,2.7794%,-0.0024,0.1675,0.4846,-0.0879,3.1121%,3.1314%,1.2281%,0.026911,LIVE,92557.0,2019-02-14,252.0,-3.8911%,-0.0026,0.1751,0.4623,-0.0609,3.1181%,3.1358%,1.1312%,-0.041688,LIVE,92557.0,2019-02-15,252.0,-1.3549%,-0.0027,0.1587,0.4461,-0.0895,3.1187%,3.1357%,1.0783%,-0.016491,LIVE,92557.0,2019-02-19,252.0,7.6612%,-0.0018,0.2233,0.4255,-0.1181,3.0009%,3.0243%,1.5384%,0.075185,LIVE,92557.0,2019-02-20,252.0,0.6404%,-0.0019,0.2227,0.4118,-0.1235,2.9960%,3.0189%,1.5161%,0.005594,LIVE,92557.0,2019-02-21,252.0,2.6515%,-0.0018,0.2194,0.4115,-0.1298,3.0010%,3.0239%,1.5064%,0.027243,LIVE,92557.0,2019-02-22,252.0,1.4748%,-0.0017,0.2166,0.445,-0.1323,2.9982%,3.0227%,1.6111%,0.00905,LIVE,92557.0,2019-02-25,252.0,-1.8170%,-0.0018,0.2171,0.4533,-0.1264,2.9999%,3.0244%,1.6183%,-0.017676,LIVE,92557.0,2019-02-26,252.0,-1.4815%,-0.0017,0.2341,0.4512,-0.1147,2.9965%,3.0221%,1.6890%,-0.012083,LIVE,92557.0,2019-02-27,252.0,2.1303%,-0.0018,0.2221,0.4788,-0.1166,2.9944%,3.0203%,1.7091%,0.019998,LIVE,92557.0,2019-02-28,252.0,-0.6135%,-0.0017,0.2151,0.4739,-0.1208,2.9931%,3.0182%,1.6577%,-0.005934,LIVE,-0.014777,-0.031268,0.043917,0.076754,0.070109
22883,LOCKHEED MARTIN CORP,"Morgan Stanley Maintains Equal-Weight on Lockheed Martin, Raises Price Target to $324",6,increase,0.7,0.6,"raising the price target typically signals positive sentiment and potential for stock appreciation, which may lead to an increase in lockheed martin's stock price.",2,2019-02-13,LMT,2019-02-13 15:56:00+00:00,21178.0,53983010,0.00101946038194,958590.0,-0.0112345218658447,0.0135647803544998,0.0206977110356092,-0.004842426162213,-0.0066725849173963,0.00456467224285,0.0066191088408231,0.0010006281081587,-0.0087565183639526,0.001235541072674,0.0086039705201983,0.0023094771895557,-0.0037769142072647,0.0281850192695856,-0.0002941345155704,0.0030721947550773,0.0055576749145984,-0.0067885313183069,0.0131023386493325,-0.0013010593829676,0.0001939095673151,0.0145204178988933,-0.0154457576572895,0.0028915361035615,0.0035117899533361,0.0062752272933721,-0.0079801231622695,0.0061373151838779,-0.0010220148833468,0.0140205780044198,-0.0067984471097588,-0.0115954279899597,0.0114636365324258,0.014598305337131,-0.0081471111625432,0.0235323347151279,0.005067563150078,-0.0130796572193503,-0.0162794608622789,-0.0054412805475294,-0.0079059861600399,-0.0007921406067907,0.0050313044339418,0.0008288684184662,-0.003494182601571,0.0257262922823429,-0.0020903409458696,0.0024827267043292,0.0102371741086244,0.006677143741399,-0.016721848398447,0.0114698838442564,0.0003740871034096,0.0269684679806232,0.0027200405020266,-0.0251200255006551,-0.0032890315633267,0.0110373310744762,0.0056131784804165,0.0022199591621756,0.015426242724061,0.0056584207341074,0.0137593448162078,0.0324696525931358,-0.0039107510820031,0.0260989889502525,-0.0192346312105655,-0.044162880629301,0.0080735506489872,-0.0329451560974121,0.0097105912864208,-0.0316468961536884,0.0101791834458708,-0.0197159256786108,-0.00974943023175,0.0008594715036451,-0.0117615889757871,-0.0294403918087482,0.0216301195323467,-0.0155014833435416,0.0134494453668594,-0.0009230393916368,-0.0031967088580131,0.0011980356648564,0.0043730558827519,-0.0209450405091047,0.0014190881047397,0.0455501042306423,0.012109532020986,-0.0033176608849316,0.0031820784788578,-0.0013253055512905,0.0565881989896297,-0.0338960103690624,-0.0089462948963046,-0.0121159143745899,-0.0037865019403398,0.0006943300249986,-0.0016420121537521,0.0082683572545647,0.0007919159834273,0.0157472100108861,0.0144252423197031,3.389923222130165e-05,-0.0044399858452379,-0.000338567624567,0.0021093315444886,0.0037038170266896,0.004570800345391,0.0014633608516305,0.0049390662461519,-0.0024780575186014,-0.0143572241067886,-0.0220754016190767,0.0099123567342758,-0.0138798635452985,0.0155006069689989,0.006888810545206,0.0058640404604375,-0.007686189841479,-0.0112345218658447,0.0135647803544998,0.009230660282562,0.0086566677450135,0.0024964830005866,0.0132608548388348,0.0002956324257761,0.0155279302463178,0.0236186519192727,0.0412942922971903,-0.0220688547794675,0.1640127595469735,0.1292855065538642,0.001952453731332,2019-02-14,2019-02-15,2019-02-19,2019-02-20,2019-02-21,2019-02-22,2019-02-25,2019-02-26,2019-02-27,2019-02-28,21178.0,2019-02-13,252.0,0.1019%,-0.0006,0.7519,-0.1907,-0.1238,1.2086%,1.4665%,32.0810%,-0.000986,LMT,21178.0,2019-02-14,252.0,-1.1235%,-0.0006,0.7533,-0.1959,-0.1169,1.2080%,1.4658%,32.0864%,-0.009482,LMT,21178.0,2019-02-15,252.0,2.0698%,-0.0006,0.7601,-0.1884,-0.1039,1.2109%,1.4695%,32.0976%,0.013137,LMT,21178.0,2019-02-19,252.0,-0.6673%,-0.0006,0.7561,-0.1888,-0.1041,1.2105%,1.4655%,31.7702%,-0.007359,LMT,21178.0,2019-02-20,252.0,0.6619%,-0.0006,0.7579,-0.1846,-0.0974,1.2113%,1.4662%,31.7494%,0.006071,LMT,21178.0,2019-02-21,252.0,-0.8757%,-0.0006,0.759,-0.1837,-0.0954,1.2118%,1.4668%,31.7493%,-0.0064049999999999,LMT,21178.0,2019-02-22,252.0,0.8604%,-0.0006,0.7585,-0.1842,-0.1019,1.2120%,1.4677%,31.8056%,0.003178,LMT,21178.0,2019-02-25,252.0,-0.3777%,-0.0006,0.758,-0.1822,-0.1027,1.2121%,1.4676%,31.7875%,-0.005677,LMT,21178.0,2019-02-26,252.0,-0.0294%,-0.0006,0.7597,-0.1837,-0.1022,1.2120%,1.4663%,31.6837%,-0.000686,LMT,21178.0,2019-02-27,252.0,0.5558%,-0.0006,0.7638,-0.1894,-0.1015,1.2112%,1.4668%,31.8202%,0.005,LMT,21178.0,2019-02-28,252.0,1.3102%,-0.0005,0.765,-0.188,-0.1043,1.2141%,1.4693%,31.7168%,0.015154,LMT,-0.010468,0.0026689999999999,-0.00469,-0.005024,0.011945
22891,ALLIANT ENERGY CORP,Alliant Energy Chairman And CEO Patricia L. Kampling Announces Retirement; John O. Larsen Named New Chairman And CEO,6,uncertain,0.6,0.3,"leadership changes can lead to uncertainty in a company's direction, which may affect investor confidence and stock price unpredictably.",1,2019-02-13,LNT,2019-02-13 21:36:00+00:00,58819.0,01880210,-0.0011123300064355,1198665.0,-0.0004454444861039,0.0006679117213934,0.0022281298879534,-0.0017778184264898,0.0037795016542077,0.0058113168925046,0.0004428935062605,0.011530683375895,0.0101838149130344,-0.0029305920470505,0.0010957536287605,0.0024858894757926,-0.0074430857785046,0.0020380469504743,0.0026466459967195,-0.0069710225798189,-0.0002199366863351,0.0263097006827592,0.0092408834025263,0.0149860801175236,0.0,0.0018622400239109,0.0089383004233241,-0.0032482459209859,-0.0082108313217759,-0.0186703037470579,0.0026143556460738,0.0064161042682826,0.003694006241858,0.0115901716053485,0.0012990122195333,0.004423716571182,0.0095134833827614,0.0098754288628697,0.0098522789776325,0.0033026514574885,-0.0002121343713952,0.0085653252899646,-0.0044547962024807,0.0189090613275766,0.0100149419158697,-0.016920855268836,-0.006329177878797,-0.0129381148144602,-0.0135880978778004,0.0196689795702695,0.0025829260703176,-0.0090325903147459,0.0115928957238793,0.0154477283358573,0.0091256434097886,-0.006951124407351,0.0008412390598095,0.012130033224821,0.0056734704412519,0.0017010860610753,-0.0058503714390099,-0.0260354671627283,-0.0142917251214385,0.0047562606632709,0.0049040410667657,0.0014288534875959,-0.0059410692192614,0.0074376529082655,-0.0064033991657197,0.0114050284028053,-0.0004296553961466,-0.0515535473823547,-0.0045131975784897,-0.008443608880043,0.0090674003586173,0.0022872476838529,-0.0081301042810082,-0.0045536649413406,0.0017255827551707,-0.0047587333247065,-0.0032299249432981,-0.0262576919049024,0.0073450021445751,-0.0173460375517606,0.0038601823616772,0.0050119752995669,-0.0017090756446123,-0.0084269531071186,-0.0134817259386181,0.0074009611271321,-0.0043383287265896,0.0021814676001667,0.0017428761348128,0.0026246483903378,-0.0008699633763171,-0.009746522642672,0.0065303235314786,0.0058822794817388,0.0095155406743288,0.0112360026687383,0.0040702363476157,0.0161182284355163,0.0023469300940632,-0.0022336896508932,-0.0073435669764876,-0.0004465384408831,0.0205272417515516,0.0112892296165227,-0.0095278583467006,0.0070486897602677,-0.0021376330405473,-0.0020422090310603,0.0115681430324912,-0.0262925028800964,-0.0019059752812609,-0.0026443970855325,-0.005304476711899,0.0028729517944157,-0.0153583874925971,0.0028812293894588,0.0025996302720159,0.0103000244125723,0.0194468796253204,-0.0101950149983167,-0.0004454444861039,0.0006679117213934,0.0017816928936764,-0.0011110941308619,0.005567928459123,0.0046937658415509,0.0162583410894274,0.0133002736458471,0.0216035044830915,0.052933836155034,0.0445434268006303,0.077723521668751,0.0588396943748772,0.0043943795056886,2019-02-14,2019-02-15,2019-02-19,2019-02-20,2019-02-21,2019-02-22,2019-02-25,2019-02-26,2019-02-27,2019-02-28,58819.0,2019-02-13,252.0,-0.1112%,0.0007,0.1417,-0.4658,-0.14,1.0684%,1.1069%,6.8287%,-0.00123,LNT,58819.0,2019-02-14,252.0,-0.0445%,0.0007,0.1414,-0.4656,-0.14,1.0683%,1.1067%,6.8271%,0.001363,LNT,58819.0,2019-02-15,252.0,0.2228%,0.0007,0.1546,-0.4535,-0.1183,1.0643%,1.1031%,6.9096%,0.002366,LNT,58819.0,2019-02-19,252.0,0.3780%,0.0007,0.149,-0.4418,-0.1046,1.0566%,1.0929%,6.5368%,0.005056,LNT,58819.0,2019-02-20,252.0,0.0443%,0.0006,0.1474,-0.4534,-0.1122,1.0498%,1.0875%,6.8112%,0.001607,LNT,58819.0,2019-02-21,252.0,1.0184%,0.0007,0.1391,-0.4684,-0.1276,1.0459%,1.0844%,6.9735%,0.010054,LNT,58819.0,2019-02-22,252.0,0.1096%,0.0008,0.1386,-0.4555,-0.1218,1.0442%,1.0807%,6.6546%,0.000792,LNT,58819.0,2019-02-25,252.0,-0.7443%,0.0007,0.1384,-0.4507,-0.1199,1.0460%,1.0820%,6.5441%,-0.009154,LNT,58819.0,2019-02-26,252.0,0.2647%,0.0007,0.1288,-0.4397,-0.1215,1.0408%,1.0743%,6.1452%,-0.000512,LNT,58819.0,2019-02-27,252.0,-0.0220%,0.0007,0.1295,-0.4411,-0.1214,1.0407%,1.0742%,6.1439%,0.000254,LNT,58819.0,2019-02-28,252.0,0.9241%,0.0008,0.1178,-0.4488,-0.1319,1.0355%,1.0687%,6.1005%,0.009327,LNT,0.000133,0.002499,0.007555,0.019216,0.019923
22899,EL POLLO LOCO HOLDINGS INC,"UPDATE: 'Pending Legal Nightmare Likely To Halt Franchise Growth, Making El Pollo Loco Uninvestible' -Seeking Alpha Blog Post From The Friendly Bear",6,decrease,0.8,0.7,"the mention of a 'pending legal nightmare' likely raises concerns about the company's future growth and stability, which could lead to a decrease in investor confidence and stock price.",0,2019-02-13,LOCO,2019-02-13 16:03:00+00:00,14812.0,26860310,-0.0248366091400384,1800223.0,-0.0154155828058719,-0.0254776831716299,0.0353982634842395,0.0115978959947824,0.0144641855731606,-0.0044900379143655,-0.0064809061586856,0.0,-0.0019569296855479,-0.0201131179928779,-0.0071895821020007,-0.0203201919794082,-0.0052666179835796,0.0030882789287716,-0.0244870875030756,-0.0181927978992462,0.0203527957201004,0.0097979083657264,0.0059840525500476,-0.028554406017065,0.0066093476489186,-0.0277617946267128,-0.0151017429307103,-0.0080320937559008,0.0079999919980764,-0.0316666513681411,-0.0145502826198935,-0.0238611996173858,0.0100671527907252,0.0412197336554527,-0.1707641631364822,0.0278583616018295,0.0104166762903332,0.0262059923261404,0.0190325714647769,0.011445814743638,-0.0217899363487958,0.0072816046886146,0.0,0.009803912602365,0.0222753137350082,-0.0006123838829807,0.0155641874298453,0.0,-0.0038314322009682,0.0142856854945421,-0.0107692573219537,-0.0055589964613318,0.007776079699397,0.0208071172237396,-0.0169753283262252,0.0482484810054302,0.0047096093185245,0.0271555054932832,0.0046874582767486,-0.0153743643313646,0.0108864968642592,-0.0138431135565042,0.0015384966973215,0.0066357254981994,-0.0007680667331442,0.0127687891945242,-0.0353574194014072,-0.0145695535466074,-0.0143426535651087,0.0522648058831691,-0.0048504015430808,0.005606161430478,0.0227457135915756,-0.0048814290203154,0.0031771217472851,-0.0349932387471199,-0.0031670595053583,-0.0006725103594362,-0.0023828223347663,0.0129427500069141,0.0167197473347187,-0.0245847105979919,-0.0172278974205255,-0.0252590291202068,0.01115532964468,0.025913581252098,-0.00551613047719,0.0203389953821897,-0.0063391383737325,-0.0133779142051935,-0.0111643020063638,-0.0053226831369102,0.0040322737768292,-0.013131964020431,-0.0152610102668404,0.0318427719175815,0.0138662373647093,-0.0231634303927421,0.012872071005404,-0.0104781137779355,-0.0150913847610354,-0.0323193445801734,0.0217742305248975,-0.001897576614283,0.0142068117856979,0.0095785809680819,-0.0054475213401019,-0.0063452017493546,0.025821590796113,-0.0106716929003596,0.0129672065377235,0.0107868071645498,-0.1121987774968147,0.0115532930940389,-0.0110263032838702,-0.0231974851340055,-0.016294989734888,0.0063091120682656,0.0087183453142642,-0.002517303917557,0.0146931791678071,-0.0245549753308296,0.0127768805250525,-0.009124063886702,-0.0154155828058719,-0.0254776831716299,0.0194369958164422,-0.01417527469646,0.0341823217040766,-0.0186016650899919,0.025469177241548,-0.0383406455980509,0.0140750712747566,-0.0898274437380717,-0.1273458188299713,0.0152621413729185,-0.2030830886802694,-0.0693430853336822,2019-02-14,2019-02-15,2019-02-19,2019-02-20,2019-02-21,2019-02-22,2019-02-25,2019-02-26,2019-02-27,2019-02-28,14812.0,2019-02-13,252.0,-2.4837%,0.0021,0.6052,0.7895,0.6703,2.3358%,2.4329%,7.8196%,-0.027603,LOCO,14812.0,2019-02-14,252.0,-1.5416%,0.0021,0.6093,0.7806,0.6797,2.3381%,2.4354%,7.8303%,-0.0144629999999999,LOCO,14812.0,2019-02-15,252.0,3.5398%,0.0022,0.6284,0.8,0.7137,2.3414%,2.4438%,8.2030%,0.023199,LOCO,14812.0,2019-02-19,252.0,1.4464%,0.0022,0.6294,0.8045,0.7186,2.3418%,2.4450%,8.2618%,0.008709,LOCO,14812.0,2019-02-20,252.0,-0.6481%,0.0022,0.6266,0.8058,0.7107,2.3414%,2.4443%,8.2382%,-0.013499,LOCO,14812.0,2019-02-21,252.0,-0.1957%,0.0023,0.6231,0.7986,0.7042,2.3406%,2.4418%,8.1115%,0.00246,LOCO,14812.0,2019-02-22,252.0,-0.7190%,0.0022,0.6249,0.7779,0.7073,2.3394%,2.4394%,8.0309%,-0.00538,LOCO,14812.0,2019-02-25,252.0,-0.5267%,0.0022,0.6243,0.7799,0.7062,2.3394%,2.4394%,8.0304%,-0.003008,LOCO,14812.0,2019-02-26,252.0,-2.4487%,0.0021,0.6264,0.8035,0.7197,2.3422%,2.4446%,8.2013%,-0.016266,LOCO,14812.0,2019-02-27,252.0,2.0353%,0.0021,0.6219,0.8166,0.719,2.3436%,2.4458%,8.1843%,0.019026,LOCO,14812.0,2019-02-28,252.0,0.5984%,0.0021,0.6324,0.8241,0.725,2.3398%,2.4445%,8.3839%,0.009446,LOCO,-0.042066,-0.018867,-0.0101579999999999,-0.0211969999999999,-0.0173789999999999
22907,EL POLLO LOCO HOLDINGS INC,"El Pollo Loco Shares Tick Lower To New Session Low, Down 2.7% As Traders Circulate Word Of Short Report From Friendly Bear Research, Sees 45% Downside In Stock",6,decrease,0.85,0.7,"the news indicates a negative sentiment surrounding el pollo loco due to a short report predicting significant downside, which is likely to lead to a decrease in stock price.",0,2019-02-13,LOCO,2019-02-13 16:00:00+00:00,14812.0,26860310,-0.0248366091400384,1800223.0,-0.0154155828058719,-0.0254776831716299,0.0353982634842395,0.0115978959947824,0.0144641855731606,-0.0044900379143655,-0.0064809061586856,0.0,-0.0019569296855479,-0.0201131179928779,-0.0071895821020007,-0.0203201919794082,-0.0052666179835796,0.0030882789287716,-0.0244870875030756,-0.0181927978992462,0.0203527957201004,0.0097979083657264,0.0059840525500476,-0.028554406017065,0.0066093476489186,-0.0277617946267128,-0.0151017429307103,-0.0080320937559008,0.0079999919980764,-0.0316666513681411,-0.0145502826198935,-0.0238611996173858,0.0100671527907252,0.0412197336554527,-0.1707641631364822,0.0278583616018295,0.0104166762903332,0.0262059923261404,0.0190325714647769,0.011445814743638,-0.0217899363487958,0.0072816046886146,0.0,0.009803912602365,0.0222753137350082,-0.0006123838829807,0.0155641874298453,0.0,-0.0038314322009682,0.0142856854945421,-0.0107692573219537,-0.0055589964613318,0.007776079699397,0.0208071172237396,-0.0169753283262252,0.0482484810054302,0.0047096093185245,0.0271555054932832,0.0046874582767486,-0.0153743643313646,0.0108864968642592,-0.0138431135565042,0.0015384966973215,0.0066357254981994,-0.0007680667331442,0.0127687891945242,-0.0353574194014072,-0.0145695535466074,-0.0143426535651087,0.0522648058831691,-0.0048504015430808,0.005606161430478,0.0227457135915756,-0.0048814290203154,0.0031771217472851,-0.0349932387471199,-0.0031670595053583,-0.0006725103594362,-0.0023828223347663,0.0129427500069141,0.0167197473347187,-0.0245847105979919,-0.0172278974205255,-0.0252590291202068,0.01115532964468,0.025913581252098,-0.00551613047719,0.0203389953821897,-0.0063391383737325,-0.0133779142051935,-0.0111643020063638,-0.0053226831369102,0.0040322737768292,-0.013131964020431,-0.0152610102668404,0.0318427719175815,0.0138662373647093,-0.0231634303927421,0.012872071005404,-0.0104781137779355,-0.0150913847610354,-0.0323193445801734,0.0217742305248975,-0.001897576614283,0.0142068117856979,0.0095785809680819,-0.0054475213401019,-0.0063452017493546,0.025821590796113,-0.0106716929003596,0.0129672065377235,0.0107868071645498,-0.1121987774968147,0.0115532930940389,-0.0110263032838702,-0.0231974851340055,-0.016294989734888,0.0063091120682656,0.0087183453142642,-0.002517303917557,0.0146931791678071,-0.0245549753308296,0.0127768805250525,-0.009124063886702,-0.0154155828058719,-0.0254776831716299,0.0194369958164422,-0.01417527469646,0.0341823217040766,-0.0186016650899919,0.025469177241548,-0.0383406455980509,0.0140750712747566,-0.0898274437380717,-0.1273458188299713,0.0152621413729185,-0.2030830886802694,-0.0693430853336822,2019-02-14,2019-02-15,2019-02-19,2019-02-20,2019-02-21,2019-02-22,2019-02-25,2019-02-26,2019-02-27,2019-02-28,14812.0,2019-02-13,252.0,-2.4837%,0.0021,0.6052,0.7895,0.6703,2.3358%,2.4329%,7.8196%,-0.027603,LOCO,14812.0,2019-02-14,252.0,-1.5416%,0.0021,0.6093,0.7806,0.6797,2.3381%,2.4354%,7.8303%,-0.0144629999999999,LOCO,14812.0,2019-02-15,252.0,3.5398%,0.0022,0.6284,0.8,0.7137,2.3414%,2.4438%,8.2030%,0.023199,LOCO,14812.0,2019-02-19,252.0,1.4464%,0.0022,0.6294,0.8045,0.7186,2.3418%,2.4450%,8.2618%,0.008709,LOCO,14812.0,2019-02-20,252.0,-0.6481%,0.0022,0.6266,0.8058,0.7107,2.3414%,2.4443%,8.2382%,-0.013499,LOCO,14812.0,2019-02-21,252.0,-0.1957%,0.0023,0.6231,0.7986,0.7042,2.3406%,2.4418%,8.1115%,0.00246,LOCO,14812.0,2019-02-22,252.0,-0.7190%,0.0022,0.6249,0.7779,0.7073,2.3394%,2.4394%,8.0309%,-0.00538,LOCO,14812.0,2019-02-25,252.0,-0.5267%,0.0022,0.6243,0.7799,0.7062,2.3394%,2.4394%,8.0304%,-0.003008,LOCO,14812.0,2019-02-26,252.0,-2.4487%,0.0021,0.6264,0.8035,0.7197,2.3422%,2.4446%,8.2013%,-0.016266,LOCO,14812.0,2019-02-27,252.0,2.0353%,0.0021,0.6219,0.8166,0.719,2.3436%,2.4458%,8.1843%,0.019026,LOCO,14812.0,2019-02-28,252.0,0.5984%,0.0021,0.6324,0.8241,0.725,2.3398%,2.4445%,8.3839%,0.009446,LOCO,-0.042066,-0.018867,-0.0101579999999999,-0.0211969999999999,-0.0173789999999999
22915,L G DISPLAY CO LTD,BOE Technology Replaces LG Display as World's Largest Supplier of LCD TV and Monitor Panels,6,decrease,0.8,0.7,"the loss of status as the world's largest supplier of lcd tv and monitor panels to a competitor like boe technology may negatively impact lg display's market perception and sales, leading to a potential decrease in stock price.",0,2019-02-13,LPL,2019-02-13 09:31:00+00:00,90266.0,50186V10,-0.0184970926493406,499472.0,0.0117786079645156,0.0188456829637289,0.023282865062356,0.0107143046334385,0.0079635605216026,-0.0011890878668054,-0.0067719491198658,-0.0220930837094783,0.0352272130548954,-0.0057802586816251,0.0175632052123546,0.0093348808586597,0.0053936606273055,0.0035128493327647,0.0085836835205554,0.0094562554731965,0.0127660473808646,-0.0353478230535984,-0.007353008724749,-0.0425763539969921,0.0052910256199538,0.0088105639442801,-0.0231579225510358,-0.0054764719679951,0.0107759032398462,0.030474092811346,0.0149254091084003,0.011415459215641,-0.0231092702597379,0.0080553106963634,0.0129032135009765,-0.0376522876322269,-0.001061595394276,0.0022197007201612,-0.0042507932521402,0.0022247449960559,-0.0128068178892135,0.0044692694209516,0.002162211574614,0.0056179990060627,-0.0140237445011735,0.0011247778311371,0.0010940125212073,0.0067950645461678,-0.0218579042702913,0.030338417738676,0.0078213019296526,0.0118063073605299,0.0343680083751678,0.0204819366335868,-0.0418006815016269,0.0097323507070541,-0.0022370810620486,0.0538461618125438,0.0134529015049338,-0.0370370596647262,-0.0165928788483142,-0.0109889134764671,-0.0359955728054046,0.0073800082318484,0.0093348808586597,-0.0332936681807041,0.0242774616926908,0.0231143031269311,0.0,0.0287860445678234,-0.0022572805173695,0.0101137701421976,0.0045248824171721,-0.002522065769881,0.0135135008022189,-0.0124532887712121,0.0188888981938362,-0.0098643563687801,0.0359869040548801,0.0278833713382482,0.0263157896697521,0.0,-0.0061538890004158,-0.0271269790828228,-0.0010319169377908,0.0587467141449451,0.0010329829528927,0.0172642283141613,-0.0020639323629438,-0.001326227094978,-0.0062048002146184,0.0080213826149702,0.0031218198128044,-0.0209423881024122,-0.0373444594442844,-0.0292249079793691,0.0193965844810009,-0.0283951219171285,-0.1141648963093758,0.0397946611046791,-0.0059666098095476,-0.0201257672160863,0.004801916424185,-0.0293040033429861,0.031063349917531,0.0622567497193813,-0.0324449278414249,-0.0038759345188736,0.0011975179659202,0.0319999679923057,-0.0023922852706164,-0.0310077238827943,-0.0023981363046914,0.0012936289422214,-0.0156250149011611,0.0065104416571557,-0.0488400049507618,-0.0400000214576721,0.0141206849366426,0.0050251209177076,-0.0518987737596035,0.0179027952253818,0.0120160421356558,-0.0261518768966198,0.0117786079645156,0.0188456829637289,0.0353357127667319,0.0297619059854661,0.0435806713755264,0.0285374285973603,0.073027081452949,7.632474652297104e-10,0.1130742147340644,-0.0556768822566769,0.0094228386211208,0.0639605754419148,-0.1071849090182396,0.0772104411090059,2019-02-14,2019-02-15,2019-02-19,2019-02-20,2019-02-21,2019-02-22,2019-02-25,2019-02-26,2019-02-27,2019-02-28,90266.0,2019-02-13,252.0,-1.8497%,-0.002,1.103,-0.0159,-0.1672,2.1152%,2.4401%,24.8584%,-0.021559,LPL,90266.0,2019-02-14,252.0,1.1779%,-0.002,1.0984,-0.0083,-0.1738,2.1148%,2.4384%,24.7769%,0.013108,LPL,90266.0,2019-02-15,252.0,2.3283%,-0.0019,1.1042,-0.0017,-0.1625,2.1164%,2.4403%,24.7847%,0.011625,LPL,90266.0,2019-02-19,252.0,0.7964%,-0.0019,1.106,0.0031,-0.1572,2.1170%,2.4396%,24.6935%,0.006258,LPL,90266.0,2019-02-20,252.0,-0.6772%,-0.002,1.1037,-0.005,-0.1663,2.1170%,2.4394%,24.6898%,-0.008116,LPL,90266.0,2019-02-21,252.0,3.5227%,-0.0018,1.089,-0.0259,-0.1936,2.1304%,2.4468%,24.1876%,0.038825,LPL,90266.0,2019-02-22,252.0,1.7563%,-0.0017,1.0878,-0.0285,-0.2102,2.1311%,2.4497%,24.3166%,0.007682,LPL,90266.0,2019-02-25,252.0,0.5394%,-0.0017,1.0861,-0.0327,-0.2189,2.1293%,2.4484%,24.3692%,0.003209,LPL,90266.0,2019-02-26,252.0,0.8584%,-0.0016,1.0937,-0.0553,-0.2246,2.1278%,2.4492%,24.5197%,0.00929,LPL,90266.0,2019-02-27,252.0,1.2766%,-0.0015,1.0935,-0.0511,-0.2246,2.1294%,2.4493%,24.4140%,0.011517,LPL,90266.0,2019-02-28,252.0,-0.7353%,-0.0015,1.0896,-0.0539,-0.2267,2.1288%,2.4456%,24.2246%,-0.004614,LPL,-0.0084509999999999,0.003174,0.009432,0.040141,0.067225
22923,LOUISIANA PACIFIC CORP,"Louisiana-Pacific Q4 Adj. EPS $0.19 May Not Compare To $0.28 Estimate, Sales $589M Miss $626.19M Estimate",6,decrease,0.8,0.7,"the company's adjusted eps and sales both missed analyst estimates, which typically leads to a negative reaction in stock prices.",0,2019-02-13,LPX,2019-02-13 11:59:00+00:00,56223.0,54634710,0.0968273729085922,5669873.0,0.0,0.0108288303017616,0.0063861785456538,0.0041823666542768,-0.0261291805654764,-0.0091172531247138,0.0145649351179599,0.0058357394300401,0.0018889741040766,-0.0123508078977465,-0.0018854126101359,0.0033044954761862,-0.0122780157253146,-0.0154534792527556,-0.0138408541679382,0.008613659068942,0.0015594898723065,0.0037051560357213,-0.0163487773388624,0.0087209716439247,0.0079144779592752,-0.0012443254236131,-0.0113859055563807,0.0041649471968412,-0.0115171130746603,0.0143641801550984,-0.0004017769824713,0.0340760461986064,-0.0040192315354943,-0.0154838971793651,0.0193704403936862,-0.0340672917664051,0.0186064653098583,0.0160404872149229,-0.0268168915063142,0.0154308024793863,-0.0211661607027053,-0.0101824253797531,-0.0024479585699737,-0.0067425137385725,0.0073618972674012,-0.0033599296584725,0.0044661234132945,-0.0050146607682108,-0.0016167748253792,0.0270386729389429,-0.0222672522068023,0.0223781615495681,0.0120083196088671,0.0066255093552172,-0.0265957284718751,0.0147915706038475,-0.0021017715334892,0.0290590021759271,0.0080033922567963,0.0221594180911779,0.0117007428780198,-0.0454545579850673,0.0214787479490041,0.0150753734633326,-0.0141528667882084,0.0004570488817989,0.0012305449927225,0.0162563156336545,-0.0114707369357347,0.0370905809104442,0.0029010197613388,-0.0114285601302981,-0.000413232599385,0.0233917906880378,0.0508474372327327,-0.0195890981703996,-0.0062942504882812,-0.004755129572004,-0.0071259029209613,0.0125180659815669,-0.0051833796314895,-0.0280767604708671,0.0100200399756431,0.0123164486140012,-0.0087302066385746,-0.0065882066264748,0.0128102358430624,-0.0018788592424243,-0.0039525087922811,-0.000469404796604,-0.020634938031435,-0.0273972786962986,0.00162070535589,-0.0335392877459526,-0.0335760489106178,0.0342309437692165,0.0050230575725436,-0.0511043854057788,0.0029154391959309,0.01006122212857,0.0095514757558703,-0.0060869301669299,0.0197450201958417,-0.0021691643632948,-0.0016135907499119,0.0122968284413218,0.0121211810037493,-0.0134315192699432,-0.0107783852145075,-0.0043140803463757,-0.0020178023260086,-0.0038676471449434,0.0283057335764169,0.0152705227956175,-0.0015729813603684,0.0088028507307171,-0.0468687936663627,-0.006993000395596,0.0136363599449396,-0.0034843173343688,0.0154912006109952,-0.0182823706418275,-0.0028101042844355,0.0034129659179598,0.0,0.0108288303017616,0.0063861785456538,0.0150564870947973,-0.0199098676321654,0.0058019601660712,-0.0037565885554186,-0.0008234027486474,-0.0457866715463901,0.0078903888354486,-0.0661774921761807,0.1087254985221204,-0.0620237908846992,0.0412720673141095,2019-02-14,2019-02-15,2019-02-19,2019-02-20,2019-02-21,2019-02-22,2019-02-25,2019-02-26,2019-02-27,2019-02-28,56223.0,2019-02-13,252.0,9.6827%,-0.0002,0.7906,0.6427,0.1746,1.8325%,2.0309%,18.5840%,0.094051,LPX,56223.0,2019-02-14,252.0,0.0000%,-0.0005,0.7862,0.64,0.1853,1.7809%,1.9811%,19.1933%,-0.0007689999999999,LPX,56223.0,2019-02-15,252.0,0.6386%,-0.0004,0.8052,0.6566,0.2156,1.7731%,1.9800%,19.8147%,-0.005087,LPX,56223.0,2019-02-19,252.0,-2.6129%,-0.0004,0.8118,0.6204,0.1742,1.7645%,1.9758%,20.2469%,-0.03031,LPX,56223.0,2019-02-20,252.0,1.4565%,-0.0003,0.8145,0.6247,0.1834,1.7657%,1.9776%,20.2822%,0.010599,LPX,56223.0,2019-02-21,252.0,0.1889%,-0.0002,0.8086,0.614,0.1725,1.7643%,1.9734%,20.0720%,0.005662,LPX,56223.0,2019-02-22,252.0,-0.1885%,-0.0003,0.8104,0.5944,0.1764,1.7630%,1.9713%,20.0140%,-0.008082,LPX,56223.0,2019-02-25,252.0,-1.2278%,-0.0004,0.8103,0.5999,0.1788,1.7644%,1.9727%,20.0020%,-0.011731,LPX,56223.0,2019-02-26,252.0,-1.3841%,-0.0005,0.8002,0.6205,0.1818,1.7608%,1.9660%,19.7827%,-0.008215,LPX,56223.0,2019-02-27,252.0,0.1559%,-0.0004,0.8029,0.6159,0.1822,1.7604%,1.9660%,19.8220%,-0.000222,LPX,56223.0,2019-02-28,252.0,-1.6349%,-0.0005,0.8058,0.6175,0.1874,1.7624%,1.9675%,19.7614%,-0.013628,LPX,0.0932819999999999,0.088195,0.0578849999999999,0.0741459999999999,0.0322679999999999
22931,LATTICE SEMICONDUCTOR CORP,"Lattice Semiconductor shares are trading higher after the company reported Q4 sales of $95.977 million, beating the $95.1 million estimate; The company also issued Q1 sales guidance above estimates.",6,increase,0.8,0.7,"the positive earnings report and higher sales guidance typically lead to increased investor confidence, likely resulting in a rise in stock price.",2,2019-02-13,LSCC,2019-02-13 16:00:00+00:00,75854.0,51841510,0.2958435118198395,14745619.0,0.0849056243896484,0.0289308801293373,-0.0365217439830303,0.0,0.0135378716513514,0.0063290777616202,0.0463045835494995,-0.0075376811437308,0.0076595875434577,0.0127226337790489,0.0422297306358814,0.0064020729623734,0.0,0.0077419281005859,-0.0194489285349845,-0.0064102807082235,0.0,0.0,-0.0247934032231569,0.0344827882945537,0.0550847128033638,-0.0039630397222936,0.016064241528511,-0.0269922912120819,0.0031620524823665,0.0345744974911212,-0.006304170936346,0.0315500721335411,-0.0007929639541544,0.0110956896096468,-0.00396826909855,-0.0309139806777238,0.0358565561473369,0.0205761454999446,-0.0223076902329921,0.0096953148022294,0.022816676646471,-0.0041379597969353,-0.0161538496613502,-0.0215924233198165,0.0093823205679655,0.0013513178564608,-0.0271107219159603,0.019283726811409,0.0230891685932874,-0.0054794466122984,-0.0155642610043287,0.0413694642484188,0.0031620524823665,0.0071839354932308,-0.0362490192055702,0.0160584133118391,0.0,0.0058737094514071,-0.0016352825332432,-0.0215517375618219,-0.0237510204315185,0.0057803411036729,-0.015100697055459,0.016152735799551,0.0161840319633483,0.0,0.0150879584252834,-0.0043859956786036,-0.0090833744034171,0.0588235482573509,0.0516666583716869,-0.0046224552206695,0.0047543914988636,-0.0030722669325768,0.0141955325379967,-0.0166162624955177,-0.006220833864063,-0.0515759512782096,0.0,0.0115941921249032,0.0336463451385498,-0.0114613072946667,-0.0204390957951545,0.0527903325855732,0.0200927536934614,-0.0089686010032892,-0.0272727012634277,0.0229357946664094,0.0163551438599824,0.0030674817971885,-0.0337165147066116,-0.0254110731184482,0.0039651221595704,-0.0429184138774871,0.0236966982483863,0.0737326443195343,0.0138889122754335,0.0061824480071663,0.0182648226618766,0.1040955036878586,-0.0455904081463813,0.0086058853194117,0.0007830285467207,-0.0085324551910161,-0.007042265497148,0.0298769902437925,0.020488591864705,0.0,0.0416988395154476,0.0252251997590065,0.0296516362577676,-0.0142095778137445,0.0647947862744331,0.0071556279435753,-0.0006761479889973,0.0126811908558011,-0.0317996852099895,-0.0482758954167366,-0.0279525201767683,-0.0235690008848905,-0.017972681671381,0.0171232707798481,0.0,0.0138888750225305,0.0849056243896484,0.0289308801293373,0.04528297892994,0.0289308801293373,0.0594338857380358,0.0354430636810083,0.1169811108757059,0.0407124888061087,0.1132075305356583,0.0848806809351481,0.1075471106058372,0.2011747929454745,0.2886791836320697,0.4201388845671525,2019-02-14,2019-02-15,2019-02-19,2019-02-20,2019-02-21,2019-02-22,2019-02-25,2019-02-26,2019-02-27,2019-02-28,75854.0,2019-02-13,252.0,29.5844%,0.0023,1.009,0.0217,-0.4078,2.9184%,3.1543%,14.3977%,0.29339,LSCC,75854.0,2019-02-14,252.0,8.4906%,0.0027,0.9912,0.0672,-0.4602,2.9600%,3.1941%,14.1217%,0.084447,LSCC,75854.0,2019-02-15,252.0,-3.6522%,0.0029,1.037,0.1031,-0.3927,2.9160%,3.1628%,14.9973%,-0.0457819999999999,LSCC,75854.0,2019-02-19,252.0,1.3538%,0.003,1.0439,0.1018,-0.3947,2.9149%,3.1635%,15.0989%,0.0123469999999999,LSCC,75854.0,2019-02-20,252.0,4.6305%,0.0031,1.0554,0.1245,-0.3548,2.9272%,3.1748%,14.9880%,0.0461679999999999,LSCC,75854.0,2019-02-21,252.0,0.7660%,0.0031,1.0586,0.1328,-0.3489,2.9263%,3.1746%,15.0286%,0.010736,LSCC,75854.0,2019-02-22,252.0,4.2230%,0.0031,1.0561,0.1054,-0.4043,2.9268%,3.1815%,15.3715%,0.02939,LSCC,75854.0,2019-02-25,252.0,0.0000%,0.003,1.0574,0.1092,-0.3975,2.9261%,3.1806%,15.3614%,-0.0021379999999999,LSCC,75854.0,2019-02-26,252.0,-1.9449%,0.0029,1.0559,0.1406,-0.3827,2.9286%,3.1797%,15.1708%,-0.01847,LSCC,75854.0,2019-02-27,252.0,0.0000%,0.0029,1.0554,0.14,-0.3828,2.9287%,3.1788%,15.1190%,-0.001777,LSCC,75854.0,2019-02-28,252.0,-2.4793%,0.0027,1.0646,0.1454,-0.3702,2.9327%,3.1835%,15.1353%,-0.022607,LSCC,0.377837,0.332055,0.344402,0.401306,0.385704
22939,LATTICE SEMICONDUCTOR CORP,"Jefferies Raises Lattice Target From $8.50 To $10.50 And Reiterates Buy As Firm Continues 'to view LSCC as a beneficiary of our 4th Tectonic Shift in Computing thesis, and could see this value further enhanced by its planned adoption of 28nm FD-SOI'",6,increase,0.8,0.6,the upgrade in target price and reiteration of a 'buy' rating by jefferies suggests positive sentiment and potential for stock price appreciation for lattice semiconductor corp.,2,2019-02-13,LSCC,2019-02-13 14:14:00+00:00,75854.0,51841510,0.2958435118198395,14745619.0,0.0849056243896484,0.0289308801293373,-0.0365217439830303,0.0,0.0135378716513514,0.0063290777616202,0.0463045835494995,-0.0075376811437308,0.0076595875434577,0.0127226337790489,0.0422297306358814,0.0064020729623734,0.0,0.0077419281005859,-0.0194489285349845,-0.0064102807082235,0.0,0.0,-0.0247934032231569,0.0344827882945537,0.0550847128033638,-0.0039630397222936,0.016064241528511,-0.0269922912120819,0.0031620524823665,0.0345744974911212,-0.006304170936346,0.0315500721335411,-0.0007929639541544,0.0110956896096468,-0.00396826909855,-0.0309139806777238,0.0358565561473369,0.0205761454999446,-0.0223076902329921,0.0096953148022294,0.022816676646471,-0.0041379597969353,-0.0161538496613502,-0.0215924233198165,0.0093823205679655,0.0013513178564608,-0.0271107219159603,0.019283726811409,0.0230891685932874,-0.0054794466122984,-0.0155642610043287,0.0413694642484188,0.0031620524823665,0.0071839354932308,-0.0362490192055702,0.0160584133118391,0.0,0.0058737094514071,-0.0016352825332432,-0.0215517375618219,-0.0237510204315185,0.0057803411036729,-0.015100697055459,0.016152735799551,0.0161840319633483,0.0,0.0150879584252834,-0.0043859956786036,-0.0090833744034171,0.0588235482573509,0.0516666583716869,-0.0046224552206695,0.0047543914988636,-0.0030722669325768,0.0141955325379967,-0.0166162624955177,-0.006220833864063,-0.0515759512782096,0.0,0.0115941921249032,0.0336463451385498,-0.0114613072946667,-0.0204390957951545,0.0527903325855732,0.0200927536934614,-0.0089686010032892,-0.0272727012634277,0.0229357946664094,0.0163551438599824,0.0030674817971885,-0.0337165147066116,-0.0254110731184482,0.0039651221595704,-0.0429184138774871,0.0236966982483863,0.0737326443195343,0.0138889122754335,0.0061824480071663,0.0182648226618766,0.1040955036878586,-0.0455904081463813,0.0086058853194117,0.0007830285467207,-0.0085324551910161,-0.007042265497148,0.0298769902437925,0.020488591864705,0.0,0.0416988395154476,0.0252251997590065,0.0296516362577676,-0.0142095778137445,0.0647947862744331,0.0071556279435753,-0.0006761479889973,0.0126811908558011,-0.0317996852099895,-0.0482758954167366,-0.0279525201767683,-0.0235690008848905,-0.017972681671381,0.0171232707798481,0.0,0.0138888750225305,0.0849056243896484,0.0289308801293373,0.04528297892994,0.0289308801293373,0.0594338857380358,0.0354430636810083,0.1169811108757059,0.0407124888061087,0.1132075305356583,0.0848806809351481,0.1075471106058372,0.2011747929454745,0.2886791836320697,0.4201388845671525,2019-02-14,2019-02-15,2019-02-19,2019-02-20,2019-02-21,2019-02-22,2019-02-25,2019-02-26,2019-02-27,2019-02-28,75854.0,2019-02-13,252.0,29.5844%,0.0023,1.009,0.0217,-0.4078,2.9184%,3.1543%,14.3977%,0.29339,LSCC,75854.0,2019-02-14,252.0,8.4906%,0.0027,0.9912,0.0672,-0.4602,2.9600%,3.1941%,14.1217%,0.084447,LSCC,75854.0,2019-02-15,252.0,-3.6522%,0.0029,1.037,0.1031,-0.3927,2.9160%,3.1628%,14.9973%,-0.0457819999999999,LSCC,75854.0,2019-02-19,252.0,1.3538%,0.003,1.0439,0.1018,-0.3947,2.9149%,3.1635%,15.0989%,0.0123469999999999,LSCC,75854.0,2019-02-20,252.0,4.6305%,0.0031,1.0554,0.1245,-0.3548,2.9272%,3.1748%,14.9880%,0.0461679999999999,LSCC,75854.0,2019-02-21,252.0,0.7660%,0.0031,1.0586,0.1328,-0.3489,2.9263%,3.1746%,15.0286%,0.010736,LSCC,75854.0,2019-02-22,252.0,4.2230%,0.0031,1.0561,0.1054,-0.4043,2.9268%,3.1815%,15.3715%,0.02939,LSCC,75854.0,2019-02-25,252.0,0.0000%,0.003,1.0574,0.1092,-0.3975,2.9261%,3.1806%,15.3614%,-0.0021379999999999,LSCC,75854.0,2019-02-26,252.0,-1.9449%,0.0029,1.0559,0.1406,-0.3827,2.9286%,3.1797%,15.1708%,-0.01847,LSCC,75854.0,2019-02-27,252.0,0.0000%,0.0029,1.0554,0.14,-0.3828,2.9287%,3.1788%,15.1190%,-0.001777,LSCC,75854.0,2019-02-28,252.0,-2.4793%,0.0027,1.0646,0.1454,-0.3702,2.9327%,3.1835%,15.1353%,-0.022607,LSCC,0.377837,0.332055,0.344402,0.401306,0.385704
22947,LATTICE SEMICONDUCTOR CORP,Susquehanna Upgrades Lattice Semiconductor to Positive,6,increase,0.8,0.6,upgrades from financial institutions typically signal positive sentiment and can lead to an increase in stock price.,2,2019-02-13,LSCC,2019-02-13 11:36:00+00:00,75854.0,51841510,0.2958435118198395,14745619.0,0.0849056243896484,0.0289308801293373,-0.0365217439830303,0.0,0.0135378716513514,0.0063290777616202,0.0463045835494995,-0.0075376811437308,0.0076595875434577,0.0127226337790489,0.0422297306358814,0.0064020729623734,0.0,0.0077419281005859,-0.0194489285349845,-0.0064102807082235,0.0,0.0,-0.0247934032231569,0.0344827882945537,0.0550847128033638,-0.0039630397222936,0.016064241528511,-0.0269922912120819,0.0031620524823665,0.0345744974911212,-0.006304170936346,0.0315500721335411,-0.0007929639541544,0.0110956896096468,-0.00396826909855,-0.0309139806777238,0.0358565561473369,0.0205761454999446,-0.0223076902329921,0.0096953148022294,0.022816676646471,-0.0041379597969353,-0.0161538496613502,-0.0215924233198165,0.0093823205679655,0.0013513178564608,-0.0271107219159603,0.019283726811409,0.0230891685932874,-0.0054794466122984,-0.0155642610043287,0.0413694642484188,0.0031620524823665,0.0071839354932308,-0.0362490192055702,0.0160584133118391,0.0,0.0058737094514071,-0.0016352825332432,-0.0215517375618219,-0.0237510204315185,0.0057803411036729,-0.015100697055459,0.016152735799551,0.0161840319633483,0.0,0.0150879584252834,-0.0043859956786036,-0.0090833744034171,0.0588235482573509,0.0516666583716869,-0.0046224552206695,0.0047543914988636,-0.0030722669325768,0.0141955325379967,-0.0166162624955177,-0.006220833864063,-0.0515759512782096,0.0,0.0115941921249032,0.0336463451385498,-0.0114613072946667,-0.0204390957951545,0.0527903325855732,0.0200927536934614,-0.0089686010032892,-0.0272727012634277,0.0229357946664094,0.0163551438599824,0.0030674817971885,-0.0337165147066116,-0.0254110731184482,0.0039651221595704,-0.0429184138774871,0.0236966982483863,0.0737326443195343,0.0138889122754335,0.0061824480071663,0.0182648226618766,0.1040955036878586,-0.0455904081463813,0.0086058853194117,0.0007830285467207,-0.0085324551910161,-0.007042265497148,0.0298769902437925,0.020488591864705,0.0,0.0416988395154476,0.0252251997590065,0.0296516362577676,-0.0142095778137445,0.0647947862744331,0.0071556279435753,-0.0006761479889973,0.0126811908558011,-0.0317996852099895,-0.0482758954167366,-0.0279525201767683,-0.0235690008848905,-0.017972681671381,0.0171232707798481,0.0,0.0138888750225305,0.0849056243896484,0.0289308801293373,0.04528297892994,0.0289308801293373,0.0594338857380358,0.0354430636810083,0.1169811108757059,0.0407124888061087,0.1132075305356583,0.0848806809351481,0.1075471106058372,0.2011747929454745,0.2886791836320697,0.4201388845671525,2019-02-14,2019-02-15,2019-02-19,2019-02-20,2019-02-21,2019-02-22,2019-02-25,2019-02-26,2019-02-27,2019-02-28,75854.0,2019-02-13,252.0,29.5844%,0.0023,1.009,0.0217,-0.4078,2.9184%,3.1543%,14.3977%,0.29339,LSCC,75854.0,2019-02-14,252.0,8.4906%,0.0027,0.9912,0.0672,-0.4602,2.9600%,3.1941%,14.1217%,0.084447,LSCC,75854.0,2019-02-15,252.0,-3.6522%,0.0029,1.037,0.1031,-0.3927,2.9160%,3.1628%,14.9973%,-0.0457819999999999,LSCC,75854.0,2019-02-19,252.0,1.3538%,0.003,1.0439,0.1018,-0.3947,2.9149%,3.1635%,15.0989%,0.0123469999999999,LSCC,75854.0,2019-02-20,252.0,4.6305%,0.0031,1.0554,0.1245,-0.3548,2.9272%,3.1748%,14.9880%,0.0461679999999999,LSCC,75854.0,2019-02-21,252.0,0.7660%,0.0031,1.0586,0.1328,-0.3489,2.9263%,3.1746%,15.0286%,0.010736,LSCC,75854.0,2019-02-22,252.0,4.2230%,0.0031,1.0561,0.1054,-0.4043,2.9268%,3.1815%,15.3715%,0.02939,LSCC,75854.0,2019-02-25,252.0,0.0000%,0.003,1.0574,0.1092,-0.3975,2.9261%,3.1806%,15.3614%,-0.0021379999999999,LSCC,75854.0,2019-02-26,252.0,-1.9449%,0.0029,1.0559,0.1406,-0.3827,2.9286%,3.1797%,15.1708%,-0.01847,LSCC,75854.0,2019-02-27,252.0,0.0000%,0.0029,1.0554,0.14,-0.3828,2.9287%,3.1788%,15.1190%,-0.001777,LSCC,75854.0,2019-02-28,252.0,-2.4793%,0.0027,1.0646,0.1454,-0.3702,2.9327%,3.1835%,15.1353%,-0.022607,LSCC,0.377837,0.332055,0.344402,0.401306,0.385704
22955,LIGHTBRIDGE CORP,Lightbridge shares are trading higher after the company issued a press release indicating CEO Seth Grae met with President Trump and nuclear industry executives.,6,increase,0.7,0.6,"the meeting between ceo seth grae and president trump, along with nuclear industry executives, suggests potential positive developments for lightbridge corp, likely boosting investor confidence.",2,2019-02-13,LTBR,2019-02-13 19:03:00+00:00,93083.0,53224K30,0.0417720600962638,1459588.0,-0.0394682846963405,0.0176666174083948,0.0266776140779256,0.0107817538082599,0.0011158885899931,-0.0103368051350116,-0.0296179074794054,-0.03258066624403,-0.0369215272367,0.0163934268057346,0.008689746260643,-0.0615384057164192,0.0037162287626415,-0.0298508051782846,-0.0104342233389616,0.0001493007875978,0.018537450581789,-0.0244648121297359,0.0058440216816961,-0.0076589388772845,0.0179282929748296,0.0028985133394598,0.0094585921615362,-0.023354560136795,0.0117931496351957,0.049465212970972,-0.0161264687776565,0.0237226672470569,-0.0056799496524035,-0.0853963792324066,-0.020727863535285,-0.0257452502846717,0.0,0.0040815798565745,0.0248332805931568,0.002496066968888,-0.0182143617421388,0.0374557040631771,0.0102700274437665,0.0623872987926006,-0.0044269082136452,-0.0495784804224968,-0.0288208872079849,0.0282062105834484,-0.0171273648738861,-0.0233859717845916,0.0182885285466909,0.0130813997238874,0.0403253398835659,0.0268656816333532,-0.0358306430280208,0.0653522461652755,-0.0204391572624445,0.0102048860862851,-0.0601828023791313,0.0919960737228393,0.0089907860383391,0.0460550300776958,0.0001818814198486,-0.0271330960094928,0.0010908733820542,0.018545389175415,0.1875408291816711,-0.0001818152813939,0.1317407935857773,-0.0310022886842489,0.0314864739775657,-0.0616528764367103,0.0842394903302192,0.0004960974911227,0.0346785821020603,-0.0086885001510381,0.0249912124127149,-0.0172385815531015,0.0380312539637088,-0.0538109987974166,-0.0706633776426315,0.0015267889248207,0.0157080441713333,0.0076923007145524,-0.0232558604329824,-0.0793201103806495,0.0476190745830535,0.0012763729318976,-0.0077272681519389,-0.0139840450137853,-0.0108795538544654,-0.0509621687233448,-0.0043996470049023,0.0033288917038589,-0.0118618719279766,-0.0183006525039672,0.0943862795829773,-0.0437500327825546,0.0537692345678806,0.0167767982929945,-0.0305133331567049,-0.0403707176446914,0.0525263100862503,0.0248749554157257,0.0401039905846118,0.0069226161576807,-0.0576922558248043,0.0247645638883113,0.0002040546678472,0.0337333679199218,-0.0029585843440145,-0.0131578827276825,-0.0125857098028063,0.0,-0.0310880541801452,0.0160427335649728,-0.0648331493139267,0.0108108324930071,0.0350178778171539,-0.0572047382593154,-0.0055248569697141,-0.076588250696659,-0.0766666755080223,-0.0229884833097457,-0.0394682846963405,0.0176666174083948,-0.0138435902858615,0.0286388483361768,-0.0127431496003129,0.0180060090066229,-0.0773550590909565,0.0009835760545802,-0.0529880367240958,-0.1176300277608048,-0.1353642317061216,0.0899679107091562,0.3063859615758069,-0.2981609289757558,2019-02-14,2019-02-15,2019-02-19,2019-02-20,2019-02-21,2019-02-22,2019-02-25,2019-02-26,2019-02-27,2019-02-28,93083.0,2019-02-13,252.0,4.1772%,-0.0031,0.4024,1.251,0.472,3.1250%,3.2059%,4.9828%,0.039496,LTBR,93083.0,2019-02-14,252.0,-3.9468%,-0.0033,0.4093,1.2283,0.5006,3.1271%,3.2061%,4.8715%,-0.042491,LTBR,93083.0,2019-02-15,252.0,2.6678%,-0.003,0.4612,1.2771,0.5878,3.1151%,3.2041%,5.4787%,0.016479,LTBR,93083.0,2019-02-19,252.0,0.1116%,-0.0029,0.4702,1.2624,0.5705,3.1093%,3.1986%,5.5070%,-0.0053269999999999,LTBR,93083.0,2019-02-20,252.0,-2.9618%,-0.003,0.4618,1.2478,0.5416,3.1159%,3.2030%,5.3642%,-0.036526,LTBR,93083.0,2019-02-21,252.0,-3.6922%,-0.0033,0.4829,1.2842,0.5806,3.1117%,3.2043%,5.6972%,-0.033194,LTBR,93083.0,2019-02-22,252.0,0.8690%,-0.0033,0.4811,1.2949,0.5687,3.1121%,3.2051%,5.7203%,0.006922,LTBR,93083.0,2019-02-25,252.0,0.3716%,-0.0031,0.4777,1.2864,0.5517,3.1076%,3.1997%,5.6784%,0.007285,LTBR,93083.0,2019-02-26,252.0,-1.0434%,-0.0032,0.4637,1.2952,0.5457,3.1045%,3.1965%,5.6786%,0.000283,LTBR,93083.0,2019-02-27,252.0,1.8537%,-0.0032,0.4589,1.3094,0.5449,3.1060%,3.1989%,5.7220%,0.016214,LTBR,93083.0,2019-02-28,252.0,0.5844%,-0.0029,0.4264,1.2874,0.5187,3.0864%,3.1736%,5.4214%,0.008267,LTBR,-0.0029949999999999,0.013484,0.008157,-0.061563,-0.022592
22963,LIGHTBRIDGE CORP,Light Bridge Shares Ticking Higher On Volume After Co. Issued Press Release Indicating CEO Seth Grae Met With President Trump And Leading Nuclear Industry Executives,6,increase,0.75,0.6,"the meeting between ceo seth grae and president trump, along with leading nuclear industry executives, suggests potential positive developments for lightbridge corp, likely boosting investor confidence and driving the stock price higher.",2,2019-02-13,LTBR,2019-02-13 19:02:00+00:00,93083.0,53224K30,0.0417720600962638,1459588.0,-0.0394682846963405,0.0176666174083948,0.0266776140779256,0.0107817538082599,0.0011158885899931,-0.0103368051350116,-0.0296179074794054,-0.03258066624403,-0.0369215272367,0.0163934268057346,0.008689746260643,-0.0615384057164192,0.0037162287626415,-0.0298508051782846,-0.0104342233389616,0.0001493007875978,0.018537450581789,-0.0244648121297359,0.0058440216816961,-0.0076589388772845,0.0179282929748296,0.0028985133394598,0.0094585921615362,-0.023354560136795,0.0117931496351957,0.049465212970972,-0.0161264687776565,0.0237226672470569,-0.0056799496524035,-0.0853963792324066,-0.020727863535285,-0.0257452502846717,0.0,0.0040815798565745,0.0248332805931568,0.002496066968888,-0.0182143617421388,0.0374557040631771,0.0102700274437665,0.0623872987926006,-0.0044269082136452,-0.0495784804224968,-0.0288208872079849,0.0282062105834484,-0.0171273648738861,-0.0233859717845916,0.0182885285466909,0.0130813997238874,0.0403253398835659,0.0268656816333532,-0.0358306430280208,0.0653522461652755,-0.0204391572624445,0.0102048860862851,-0.0601828023791313,0.0919960737228393,0.0089907860383391,0.0460550300776958,0.0001818814198486,-0.0271330960094928,0.0010908733820542,0.018545389175415,0.1875408291816711,-0.0001818152813939,0.1317407935857773,-0.0310022886842489,0.0314864739775657,-0.0616528764367103,0.0842394903302192,0.0004960974911227,0.0346785821020603,-0.0086885001510381,0.0249912124127149,-0.0172385815531015,0.0380312539637088,-0.0538109987974166,-0.0706633776426315,0.0015267889248207,0.0157080441713333,0.0076923007145524,-0.0232558604329824,-0.0793201103806495,0.0476190745830535,0.0012763729318976,-0.0077272681519389,-0.0139840450137853,-0.0108795538544654,-0.0509621687233448,-0.0043996470049023,0.0033288917038589,-0.0118618719279766,-0.0183006525039672,0.0943862795829773,-0.0437500327825546,0.0537692345678806,0.0167767982929945,-0.0305133331567049,-0.0403707176446914,0.0525263100862503,0.0248749554157257,0.0401039905846118,0.0069226161576807,-0.0576922558248043,0.0247645638883113,0.0002040546678472,0.0337333679199218,-0.0029585843440145,-0.0131578827276825,-0.0125857098028063,0.0,-0.0310880541801452,0.0160427335649728,-0.0648331493139267,0.0108108324930071,0.0350178778171539,-0.0572047382593154,-0.0055248569697141,-0.076588250696659,-0.0766666755080223,-0.0229884833097457,-0.0394682846963405,0.0176666174083948,-0.0138435902858615,0.0286388483361768,-0.0127431496003129,0.0180060090066229,-0.0773550590909565,0.0009835760545802,-0.0529880367240958,-0.1176300277608048,-0.1353642317061216,0.0899679107091562,0.3063859615758069,-0.2981609289757558,2019-02-14,2019-02-15,2019-02-19,2019-02-20,2019-02-21,2019-02-22,2019-02-25,2019-02-26,2019-02-27,2019-02-28,93083.0,2019-02-13,252.0,4.1772%,-0.0031,0.4024,1.251,0.472,3.1250%,3.2059%,4.9828%,0.039496,LTBR,93083.0,2019-02-14,252.0,-3.9468%,-0.0033,0.4093,1.2283,0.5006,3.1271%,3.2061%,4.8715%,-0.042491,LTBR,93083.0,2019-02-15,252.0,2.6678%,-0.003,0.4612,1.2771,0.5878,3.1151%,3.2041%,5.4787%,0.016479,LTBR,93083.0,2019-02-19,252.0,0.1116%,-0.0029,0.4702,1.2624,0.5705,3.1093%,3.1986%,5.5070%,-0.0053269999999999,LTBR,93083.0,2019-02-20,252.0,-2.9618%,-0.003,0.4618,1.2478,0.5416,3.1159%,3.2030%,5.3642%,-0.036526,LTBR,93083.0,2019-02-21,252.0,-3.6922%,-0.0033,0.4829,1.2842,0.5806,3.1117%,3.2043%,5.6972%,-0.033194,LTBR,93083.0,2019-02-22,252.0,0.8690%,-0.0033,0.4811,1.2949,0.5687,3.1121%,3.2051%,5.7203%,0.006922,LTBR,93083.0,2019-02-25,252.0,0.3716%,-0.0031,0.4777,1.2864,0.5517,3.1076%,3.1997%,5.6784%,0.007285,LTBR,93083.0,2019-02-26,252.0,-1.0434%,-0.0032,0.4637,1.2952,0.5457,3.1045%,3.1965%,5.6786%,0.000283,LTBR,93083.0,2019-02-27,252.0,1.8537%,-0.0032,0.4589,1.3094,0.5449,3.1060%,3.1989%,5.7220%,0.016214,LTBR,93083.0,2019-02-28,252.0,0.5844%,-0.0029,0.4264,1.2874,0.5187,3.0864%,3.1736%,5.4214%,0.008267,LTBR,-0.0029949999999999,0.013484,0.008157,-0.061563,-0.022592
22971,LIGHTBRIDGE CORP,Lightbridge Press Release Highlights That CEO Seth Grae Meets With President Trump And Leading Nuclear Industry Executives,6,increase,0.7,0.6,"the meeting between ceo seth grae and president trump, along with leading nuclear industry executives, suggests potential positive developments or support for lightbridge corp, which could boost investor confidence and lead to an increase in stock price.",2,2019-02-13,LTBR,2019-02-13 19:01:00+00:00,93083.0,53224K30,0.0417720600962638,1459588.0,-0.0394682846963405,0.0176666174083948,0.0266776140779256,0.0107817538082599,0.0011158885899931,-0.0103368051350116,-0.0296179074794054,-0.03258066624403,-0.0369215272367,0.0163934268057346,0.008689746260643,-0.0615384057164192,0.0037162287626415,-0.0298508051782846,-0.0104342233389616,0.0001493007875978,0.018537450581789,-0.0244648121297359,0.0058440216816961,-0.0076589388772845,0.0179282929748296,0.0028985133394598,0.0094585921615362,-0.023354560136795,0.0117931496351957,0.049465212970972,-0.0161264687776565,0.0237226672470569,-0.0056799496524035,-0.0853963792324066,-0.020727863535285,-0.0257452502846717,0.0,0.0040815798565745,0.0248332805931568,0.002496066968888,-0.0182143617421388,0.0374557040631771,0.0102700274437665,0.0623872987926006,-0.0044269082136452,-0.0495784804224968,-0.0288208872079849,0.0282062105834484,-0.0171273648738861,-0.0233859717845916,0.0182885285466909,0.0130813997238874,0.0403253398835659,0.0268656816333532,-0.0358306430280208,0.0653522461652755,-0.0204391572624445,0.0102048860862851,-0.0601828023791313,0.0919960737228393,0.0089907860383391,0.0460550300776958,0.0001818814198486,-0.0271330960094928,0.0010908733820542,0.018545389175415,0.1875408291816711,-0.0001818152813939,0.1317407935857773,-0.0310022886842489,0.0314864739775657,-0.0616528764367103,0.0842394903302192,0.0004960974911227,0.0346785821020603,-0.0086885001510381,0.0249912124127149,-0.0172385815531015,0.0380312539637088,-0.0538109987974166,-0.0706633776426315,0.0015267889248207,0.0157080441713333,0.0076923007145524,-0.0232558604329824,-0.0793201103806495,0.0476190745830535,0.0012763729318976,-0.0077272681519389,-0.0139840450137853,-0.0108795538544654,-0.0509621687233448,-0.0043996470049023,0.0033288917038589,-0.0118618719279766,-0.0183006525039672,0.0943862795829773,-0.0437500327825546,0.0537692345678806,0.0167767982929945,-0.0305133331567049,-0.0403707176446914,0.0525263100862503,0.0248749554157257,0.0401039905846118,0.0069226161576807,-0.0576922558248043,0.0247645638883113,0.0002040546678472,0.0337333679199218,-0.0029585843440145,-0.0131578827276825,-0.0125857098028063,0.0,-0.0310880541801452,0.0160427335649728,-0.0648331493139267,0.0108108324930071,0.0350178778171539,-0.0572047382593154,-0.0055248569697141,-0.076588250696659,-0.0766666755080223,-0.0229884833097457,-0.0394682846963405,0.0176666174083948,-0.0138435902858615,0.0286388483361768,-0.0127431496003129,0.0180060090066229,-0.0773550590909565,0.0009835760545802,-0.0529880367240958,-0.1176300277608048,-0.1353642317061216,0.0899679107091562,0.3063859615758069,-0.2981609289757558,2019-02-14,2019-02-15,2019-02-19,2019-02-20,2019-02-21,2019-02-22,2019-02-25,2019-02-26,2019-02-27,2019-02-28,93083.0,2019-02-13,252.0,4.1772%,-0.0031,0.4024,1.251,0.472,3.1250%,3.2059%,4.9828%,0.039496,LTBR,93083.0,2019-02-14,252.0,-3.9468%,-0.0033,0.4093,1.2283,0.5006,3.1271%,3.2061%,4.8715%,-0.042491,LTBR,93083.0,2019-02-15,252.0,2.6678%,-0.003,0.4612,1.2771,0.5878,3.1151%,3.2041%,5.4787%,0.016479,LTBR,93083.0,2019-02-19,252.0,0.1116%,-0.0029,0.4702,1.2624,0.5705,3.1093%,3.1986%,5.5070%,-0.0053269999999999,LTBR,93083.0,2019-02-20,252.0,-2.9618%,-0.003,0.4618,1.2478,0.5416,3.1159%,3.2030%,5.3642%,-0.036526,LTBR,93083.0,2019-02-21,252.0,-3.6922%,-0.0033,0.4829,1.2842,0.5806,3.1117%,3.2043%,5.6972%,-0.033194,LTBR,93083.0,2019-02-22,252.0,0.8690%,-0.0033,0.4811,1.2949,0.5687,3.1121%,3.2051%,5.7203%,0.006922,LTBR,93083.0,2019-02-25,252.0,0.3716%,-0.0031,0.4777,1.2864,0.5517,3.1076%,3.1997%,5.6784%,0.007285,LTBR,93083.0,2019-02-26,252.0,-1.0434%,-0.0032,0.4637,1.2952,0.5457,3.1045%,3.1965%,5.6786%,0.000283,LTBR,93083.0,2019-02-27,252.0,1.8537%,-0.0032,0.4589,1.3094,0.5449,3.1060%,3.1989%,5.7220%,0.016214,LTBR,93083.0,2019-02-28,252.0,0.5844%,-0.0029,0.4264,1.2874,0.5187,3.0864%,3.1736%,5.4214%,0.008267,LTBR,-0.0029949999999999,0.013484,0.008157,-0.061563,-0.022592
22979,MARCHEX INC,"Marchex Q4 Adj. EPS $0.01, Inline, Sales $21.85M Miss $22.57M Estimate",6,decrease,0.7,0.6,"the miss on sales estimates typically signals weaker performance than expected, which can lead to a decrease in stock price.",0,2019-02-13,MCHX,2019-02-13 22:31:00+00:00,90088.0,56624R10,-0.013483134098351,184259.0,-0.0455580428242683,-0.0089086778461933,-0.0286395903676748,0.0589622668921947,-0.0270270593464374,0.0241545662283897,0.027777811512351,-0.0024096935521811,0.0835380032658577,-0.023529389873147,-0.0113378036767244,0.0265700817108154,0.0,0.0247524511069059,-0.0068807820789515,0.0099999904632568,0.0046189334243536,0.0,-0.0045976969413459,0.0050251209177076,0.0346420556306839,0.0179027952253818,-0.0223214067518711,-0.0076142060570418,-0.020547978579998,0.047872357070446,-0.016317056491971,0.0245231371372938,0.0118483873084187,0.0054794466122984,-0.0046838363632559,0.0488505959510803,-0.0094117559492588,0.0057803411036729,0.0380047149956226,0.0,-0.0114415828138589,0.0116958953440189,0.0740740001201629,-0.0086956433951854,0.0129310227930545,0.0147058675065636,0.0,0.0210210736840963,0.0042553152889013,0.0605094954371452,0.0190678294748067,0.006410326808691,0.0187110509723424,0.0097087286412715,-0.0285714007914066,0.0231787860393524,-0.0147059177979826,0.0134228058159351,-0.0063966331072151,0.056737620383501,-0.0021458696573972,0.0641508772969245,0.0064515555277466,0.0,0.0106838019564747,-0.0293040014803409,0.0063425390981137,0.0073800664395093,-0.0084034530445933,0.0423077456653118,0.0211865231394767,-0.0114069236442446,-0.0062241097912192,-0.0295202657580375,0.0,0.0037037001457065,0.002087730448693,-0.0252707339823246,0.0083333253860473,-0.0415225327014923,0.0,-0.0102739622816443,-0.0123966820538044,-0.0068027144297957,0.0020919982343912,-0.0134228058159351,0.0104384534060955,0.0,0.0537189543247222,-0.0148760573938489,-0.0098038660362362,-0.0146579276770353,-0.0059406352229416,-0.0128617249429225,-0.0378486178815364,0.029801296070218,0.0062112235464155,-0.01307188346982,-0.0226337723433971,-0.0064935004338622,0.0084210447967052,0.0,-0.0062629925087094,0.0032573258504271,-0.0126051297411322,0.0,0.0148936538025736,0.0,0.0125786047428846,0.00986841134727,0.0020704409107565,0.0066225104965269,0.1177685260772705,0.020270250737667,-0.0277263633906841,0.0,-0.022813756018877,0.0,0.0175097584724426,0.01023889798671,-0.0095602655783295,-0.0067796544171869,-0.0193050019443035,0.0102739622816443,-0.0455580428242683,-0.0089086778461933,-0.0728928695075031,0.0495283132051775,-0.0979498489438291,0.0748792143550622,0.0045558085912376,0.0470587769088699,-0.0136674091589318,0.1180903967203574,0.0660592261251684,0.6792451415320253,0.157175420313381,0.5239724904288268,2019-02-14,2019-02-15,2019-02-19,2019-02-20,2019-02-21,2019-02-22,2019-02-25,2019-02-26,2019-02-27,2019-02-28,90088.0,2019-02-13,252.0,-1.3483%,0.0018,0.3072,0.3225,0.0063,2.1140%,2.1468%,3.0348%,-0.014637,MCHX,90088.0,2019-02-14,252.0,-4.5558%,0.0015,0.3168,0.2952,0.0392,2.1288%,2.1602%,2.8866%,-0.046653,MCHX,90088.0,2019-02-15,252.0,-2.8640%,0.0013,0.2852,0.2631,-0.017,2.1388%,2.1663%,2.5282%,-0.033246,MCHX,90088.0,2019-02-19,252.0,-2.7027%,0.0012,0.2806,0.2428,-0.0394,2.1467%,2.1738%,2.4731%,-0.028381,MCHX,90088.0,2019-02-20,252.0,2.7778%,0.0016,0.2938,0.3009,0.0153,2.1125%,2.1416%,2.7018%,0.026827,MCHX,90088.0,2019-02-21,252.0,8.3538%,0.002,0.2673,0.2651,-0.0341,2.1724%,2.1977%,2.2879%,0.084771,MCHX,90088.0,2019-02-22,252.0,-1.1338%,0.0018,0.2712,0.2227,-0.0254,2.1675%,2.1916%,2.1850%,-0.015134,MCHX,90088.0,2019-02-25,252.0,0.0000%,0.0019,0.2682,0.2206,-0.038,2.1611%,2.1853%,2.2058%,2.7e-05,MCHX,90088.0,2019-02-26,252.0,-0.6881%,0.0019,0.2747,0.2242,-0.0312,2.1609%,2.1858%,2.2669%,-0.005265,MCHX,90088.0,2019-02-27,252.0,0.4619%,0.0019,0.271,0.2314,-0.0318,2.1602%,2.1849%,2.2420%,0.003808,MCHX,90088.0,2019-02-28,252.0,-0.4598%,0.0019,0.2699,0.2305,-0.0312,2.1604%,2.1847%,2.2101%,-0.003984,MCHX,-0.06129,-0.094536,-0.122917,-0.011319,-0.031867
22987,MEDTRONIC PLC,Medtronic HeartWare Ventricular Assist Heart Pump Receives Health Canada License For Less Invasive Implant Procedure,6,increase,0.8,0.7,"the approval of a less invasive implant procedure for the heartware ventricular assist heart pump is likely to enhance medtronic's market position and sales potential, positively impacting investor sentiment.",2,2019-02-13,MDT,2019-02-13 12:37:00+00:00,60097.0,G5960L10,0.004653719253838,3483499.0,0.0061763008125126,0.0072544813156127,0.0113996844738721,0.0066284271888434,0.000650321773719,0.0012373521458357,0.0050904494710266,0.0004501565999817,-0.0020474400371313,0.0094286249950528,0.0125256022438406,0.0025054232683032,-0.0165297593921423,-0.0056618731468915,-0.0100845834240317,-0.0009051004890352,-0.004381657578051,0.0063759256154298,-0.0042908946052193,0.0157280042767524,0.0175690203905105,0.0005786051042377,0.0021718381904065,-0.0068949493579566,0.0046592294238507,-0.002407505409792,-0.0069024953991174,0.0008031171746551,-0.0108601218089461,0.0018391225021332,-0.0061484975740313,-0.0034364608582109,0.0163500159978866,-0.0034246053546667,0.0047826352529227,0.0070123076438903,0.006274277344346,0.011158887296915,0.0033326726406812,0.0151032302528619,0.0049287374131381,-0.0010607772273942,-0.0202580392360687,0.0,0.0083796307444572,0.0064056138508021,-0.0101446406915783,0.0152957281097769,0.0095943873748183,0.0070345890708267,-0.0185667648911476,-0.0644502490758895,0.0025445665232837,0.0313633754849433,0.0049657574854791,-0.0280937366187572,-0.0088942302390933,-0.0334212929010391,-0.003323765238747,0.0190454497933387,0.0124500086531043,-0.0043502440676093,-0.0042819431982934,0.016805749386549,-0.0031977165490388,0.0333333387970924,-0.0215708464384079,-0.0316026583313942,0.0088186142966151,-0.0144605450332164,-0.0033621320035308,-0.014902482740581,0.0006746604922227,-0.0080434549599885,-0.00303401122801,0.0016331140650436,-0.001014472101815,-0.0199530813843011,-0.0116213336586952,-0.0186387300491333,-0.0097031788900494,-0.0021941184531897,0.0013833169359713,0.0025138563942164,-0.0082882605493068,-0.0001047563491738,-0.0164828579872846,0.0131579535081982,-0.0060191443189978,-0.0207813810557127,-0.0008311528363265,-0.0025909421965479,0.0112893274053931,-0.0228860974311828,0.0063454867340624,0.0125089846551418,0.0142456935718655,0.0096273329108953,0.0056412373669445,0.0128970919176936,0.0010303831659257,0.0240524597465992,0.0156678296625614,0.0116228517144918,-0.0056299967691302,0.0005433694459497,0.0093987304717302,-0.010325901210308,0.0049360832199454,0.0087890354916453,0.0063630240038037,0.0198074672371149,-0.0097615625709295,-0.0355388931930065,-0.0030244947411119,0.0100247962400317,-0.0096629280596971,0.0071653025224804,0.0021556890569627,0.0004344619810581,0.0061763008125126,0.0072544813156127,0.0176463931668631,0.0139309943056495,0.0183081907742861,0.015185583997183,0.0213962990002658,0.0252186894707404,-0.0018749122017425,0.043714567260513,-0.0024442145369879,0.0110911702576688,-0.0205190615598709,-0.0143005696472755,2019-02-14,2019-02-15,2019-02-19,2019-02-20,2019-02-21,2019-02-22,2019-02-25,2019-02-26,2019-02-27,2019-02-28,60097.0,2019-02-13,252.0,0.4654%,0.0004,0.7414,-0.2803,-0.2338,0.9864%,1.3046%,42.8303%,0.0028139999999999,MDT,60097.0,2019-02-14,252.0,0.6176%,0.0004,0.7399,-0.2762,-0.2387,0.9873%,1.3051%,42.7698%,0.007735,MDT,60097.0,2019-02-15,252.0,1.1400%,0.0004,0.734,-0.281,-0.2477,0.9854%,1.3008%,42.6187%,0.004775,MDT,60097.0,2019-02-19,252.0,0.0650%,0.0004,0.7334,-0.28,-0.2464,0.9853%,1.2984%,42.4124%,0.000714,MDT,60097.0,2019-02-20,252.0,0.5090%,0.0004,0.7344,-0.2802,-0.2436,0.9853%,1.2985%,42.4196%,0.005568,MDT,60097.0,2019-02-21,252.0,-0.2047%,0.0004,0.728,-0.2932,-0.2553,0.9788%,1.2918%,42.5917%,-0.000187,MDT,60097.0,2019-02-22,252.0,1.2526%,0.0005,0.727,-0.2848,-0.2598,0.9787%,1.2919%,42.6066%,0.005554,MDT,60097.0,2019-02-25,252.0,-1.6530%,0.0004,0.7265,-0.2757,-0.257,0.9857%,1.2962%,42.1640%,-0.018928,MDT,60097.0,2019-02-26,252.0,-1.0085%,0.0004,0.737,-0.2692,-0.2458,0.9850%,1.2979%,42.4068%,-0.011635,MDT,60097.0,2019-02-27,252.0,-0.4382%,0.0003,0.7302,-0.2587,-0.247,0.9810%,1.2890%,42.0790%,-0.004929,MDT,60097.0,2019-02-28,252.0,-0.4291%,0.0004,0.7276,-0.2606,-0.2481,0.9804%,1.2859%,41.8688%,-0.0026929999999999,MDT,0.010549,0.0153239999999999,0.016038,0.021419,-0.0112119999999999
22995,M E I PHARMA INC,BTIG Research Initiates Coverage On MEI Pharma with Buy Rating,6,increase,0.8,0.6,"initiating coverage with a 'buy' rating typically signals positive sentiment and can attract investor interest, likely leading to an increase in stock price.",2,2019-02-13,MEIP,2019-02-13 12:09:00+00:00,89935.0,55279B30,-0.0219594780355691,422806.0,0.0189982969313859,0.0313589386641979,0.0305084455758333,0.0590405315160751,-0.0460525900125503,0.007434937171638,-0.0413793511688709,0.0228136647492647,0.0323740690946579,0.0115385428071022,-0.0209059044718742,-0.0280374009162187,-0.0035587155725806,-0.0237226486206054,-0.0071428506635129,0.0148148005828261,0.0107913566753268,0.0188679061830043,0.024911094456911,-0.0111940186470747,0.045138843357563,-0.0147058684378862,0.0431894063949585,0.0187265742570161,0.0318471007049083,-0.0111111002042889,-0.0833333283662796,0.0505837015807628,0.026936000213027,-0.0410448238253593,-0.0327868536114692,-0.0183150004595518,0.0033898272085934,-0.0179855953902006,0.0135135008022189,-0.0176678281277418,0.0299999713897705,-0.0070175374858081,-0.0032362430356442,-0.0172414444386959,-0.0097402511164546,0.0034602042287588,-0.0131147420033812,-0.0034482723567634,0.0199335366487503,0.0357143357396125,0.0130293034017086,0.0144927399232983,-0.0064308624714612,0.0,-0.0129449721425771,0.095238097012043,-0.0229507982730865,-0.0194552354514598,0.0167785082012414,-0.022813756018877,0.0,-0.0037878749426454,0.0132013075053691,0.0775510445237159,0.0,0.212871327996254,0.0130293034017086,0.0150753622874617,-0.0032154312357306,0.0364583618938922,0.0129032908007502,-0.0634146332740783,0.0191082619130611,-0.0048543643206357,-0.0062499940395355,-0.0236966609954834,0.0377358123660087,-0.0231482349336147,-0.0090909004211425,-0.0769230052828788,-0.0183486063033342,-0.0750988349318504,-0.0093457857146859,0.0326530300080776,0.0,-0.0466925650835037,-0.0157232545316219,0.044715404510498,-0.0255591571331024,-0.0238095019012689,-0.0262294840067625,-0.0270270016044378,-0.0168350003659725,0.0038759654853492,0.027397233992815,-0.0785714387893676,0.0233333110809326,0.0332102999091148,0.0097719775512814,-0.0590278021991252,-0.0064516067504882,0.0034844004549086,0.03733766451478,0.0213522929698228,-0.0140844564884901,0.0107913566753268,-0.0031745999585837,-0.0176678281277418,0.0,0.0253622941672802,-0.003184710163623,-0.0071942377835512,-0.0095847314223647,0.0334572158753871,-0.0032258033752441,-0.0146520007401704,-0.0129449721425771,-0.0990098863840103,-0.0393442250788211,-0.0130293034017086,0.0,0.092526689171791,0.0443685576319694,-0.0602006912231445,0.0189982969313859,0.0313589386641979,0.0500863510151841,0.0922509185867872,0.0017271548141069,0.1003717355421438,-0.0086356124778587,0.1384615917370166,-0.0051813016848435,0.1044775969807827,0.0604490292100139,0.208163252283652,0.0569947995546162,-0.0100334298532142,2019-02-14,2019-02-15,2019-02-19,2019-02-20,2019-02-21,2019-02-22,2019-02-25,2019-02-26,2019-02-27,2019-02-28,89935.0,2019-02-13,252.0,-2.1959%,0.0019,0.7345,2.0484,0.2336,4.4829%,4.6680%,7.7764%,-0.0255169999999999,MEIP,89935.0,2019-02-14,252.0,1.8998%,0.0019,0.7319,2.0532,0.2291,4.4831%,4.6688%,7.8002%,0.011144,MEIP,89935.0,2019-02-15,252.0,3.0508%,0.002,0.7439,2.0654,0.2505,4.4838%,4.6714%,7.8676%,0.015905,MEIP,89935.0,2019-02-19,252.0,-4.6053%,0.0018,0.7373,2.0238,0.2043,4.4967%,4.6808%,7.7108%,-0.054307,MEIP,89935.0,2019-02-20,252.0,-4.1379%,0.0016,0.7225,1.9871,0.1506,4.5074%,4.6877%,7.5440%,-0.048456,MEIP,89935.0,2019-02-21,252.0,3.2374%,0.0017,0.7181,1.9859,0.1422,4.5123%,4.6915%,7.4941%,0.0366849999999999,MEIP,89935.0,2019-02-22,252.0,-2.0906%,0.0018,0.7205,2.0536,0.2322,4.5040%,4.6859%,7.6105%,-0.034505,MEIP,89935.0,2019-02-25,252.0,-0.3559%,0.0016,0.7253,2.0588,0.2526,4.4966%,4.6789%,7.6417%,0.001018,MEIP,89935.0,2019-02-26,252.0,-0.7143%,0.0017,0.7296,2.0459,0.2493,4.4964%,4.6791%,7.6574%,0.007927,MEIP,89935.0,2019-02-27,252.0,1.0791%,0.0016,0.7191,2.0658,0.2475,4.4940%,4.6776%,7.6950%,0.006447,MEIP,89935.0,2019-02-28,252.0,2.4911%,0.0016,0.7247,2.0705,0.2456,4.4951%,4.6796%,7.7294%,0.027246,MEIP,-0.0143729999999999,0.001532,-0.052775,-0.064546,-0.0564129999999999
23003,MANULIFE FINANCIAL CORP,Manulife Financial Q4 Core EPS $0.65 Beats $0.50 Estimate,6,increase,0.8,0.7,"the reported q4 core eps of $0.65 significantly beats the $0.50 estimate, indicating stronger-than-expected financial performance, which is likely to positively influence investor sentiment and increase the stock price.",2,2019-02-13,MFC,2019-02-13 22:03:00+00:00,87212.0,56501R10,-0.0100250532850623,2557516.0,0.0151899186894297,0.0211132392287254,0.0118452999740839,-0.0031887877266854,0.0184843596071004,-0.010725556872785,0.0211735311895608,-0.0031446062494069,-0.0047393320128321,0.003787845140323,0.0107143046334385,0.0031665731221437,0.0176679119467735,-0.0143570844084024,0.0005821585073135,-0.0037313101347535,-0.0005848087021149,0.0062578464858233,-0.0122879454866051,0.008201839402318,0.0029621531721204,0.0031645689159631,0.0041346540674567,0.0031746153254061,0.0017647462664172,0.0076775359921157,-0.0170288253575563,-0.0101329861208796,-0.0125447483733296,0.0025396801065653,0.0006049745134077,-0.0217391531914472,0.01813780143857,0.015772869810462,0.0,0.0025300418492406,0.0136579303070902,0.0063653965480625,-0.0128880674019455,0.0128948939964175,0.0059347404167056,-0.0019304847810417,0.0306783784180879,-0.0006431015208363,0.0143102463334798,-0.0044814143329858,-0.0135440053418278,0.0269559398293495,-0.0194508098065853,0.0187541674822568,-0.0285880863666534,0.0067431139759719,-0.0066065290011465,0.038515418767929,0.0126964375376701,-0.0027932934463024,0.0083581721410155,0.0091613894328475,-0.0005920798867009,0.0150214619934558,0.0017772919964045,-0.0049822526052594,0.0313424430787563,0.0042888079769909,-0.001146815251559,0.0294333789497613,0.0074626384302973,-0.0058522257022559,0.000569813651964,-0.0506944134831428,0.0034169347491115,-0.0048376396298408,0.007377931382507,-0.0034435391426086,-0.0045070378109812,0.0125523228198289,0.00622527487576,-0.0264765378087759,0.0101236440241336,-0.0080808643251657,0.0100222891196608,-0.0073529183864593,0.0022051222622394,0.0087660225108265,0.0110010374337434,-0.0066979490220546,0.0081611275672912,-0.0177631247788667,-0.0064760297536849,-0.0193548519164323,-0.0065181385725736,-0.0396529994904995,0.0038272112142294,-0.0312125124037265,-0.0157952569425106,0.0090853795409202,0.0027670804411172,0.0079365735873579,0.0044150068424642,-0.0144405337050557,-0.001098926179111,0.0146521180868148,0.0126512395218014,-0.0132530853152275,-0.0054318513721227,0.0227973405271768,-0.0010922201909124,0.0024705994874238,0.0169491227716207,0.0131414895877242,-0.0145161533728241,-0.0321017988026142,-0.0201855339109897,3.561109679139918e-06,0.0111359003931284,-0.0011960855918005,-0.0071585443802177,0.001797410310246,-0.0149750662967562,-0.0106698460876941,0.0151899186894297,0.0211132392287254,0.0272151478069719,0.0178571258639168,0.0462025619928969,0.0069400413720939,0.0632910785287972,0.0075757504212385,0.0802287173663389,0.0069400410576407,0.0802287178659586,0.141630938192266,0.1365440311554249,-0.0430511151482808,2019-02-14,2019-02-15,2019-02-19,2019-02-20,2019-02-21,2019-02-22,2019-02-25,2019-02-26,2019-02-27,2019-02-28,87212.0,2019-02-13,252.0,-1.0025%,-0.0006,0.952,0.1555,0.5789,1.1337%,1.4622%,39.8858%,-0.013283,MFC,87212.0,2019-02-14,252.0,1.5190%,-0.0005,0.9477,0.1668,0.5658,1.1400%,1.4653%,39.4645%,0.019638,MFC,87212.0,2019-02-15,252.0,1.1845%,-0.0005,0.9481,0.167,0.5663,1.1400%,1.4639%,39.3546%,-0.002096,MFC,87212.0,2019-02-19,252.0,1.8484%,-0.0005,0.9523,0.1746,0.5744,1.1436%,1.4686%,39.3560%,0.0144,MFC,87212.0,2019-02-20,252.0,2.1174%,-0.0004,0.9575,0.1894,0.5938,1.1472%,1.4745%,39.4702%,0.015721,MFC,87212.0,2019-02-21,252.0,-0.4739%,-0.0004,0.9574,0.1893,0.5935,1.1472%,1.4739%,39.4215%,0.000202,MFC,87212.0,2019-02-22,252.0,1.0714%,-0.0003,0.9557,0.1892,0.5732,1.1497%,1.4755%,39.2875%,0.012075,MFC,87212.0,2019-02-25,252.0,1.7668%,-0.0002,0.9544,0.1791,0.5631,1.1534%,1.4777%,39.0823%,0.017658,MFC,87212.0,2019-02-26,252.0,0.0582%,-0.0002,0.9615,0.1649,0.5612,1.1506%,1.4777%,39.3738%,0.005013,MFC,87212.0,2019-02-27,252.0,-0.0585%,-0.0002,0.9611,0.1654,0.5612,1.1506%,1.4762%,39.2485%,-0.0011899999999999,MFC,87212.0,2019-02-28,252.0,-1.2288%,-0.0002,0.966,0.1685,0.5666,1.1510%,1.4777%,39.3282%,-0.008039,MFC,0.0063549999999999,0.0042589999999999,0.018659,0.0345819999999999,0.060099
23011,MACROGENICS INC,MacroGenics Prices 5.5M Share Public Offering of Common Stock @$20/Share,6,decrease,0.7,0.5,"the pricing of a public offering typically dilutes existing shares, which can lead to a decrease in stock price.",0,2019-02-13,MGNX,2019-02-13 02:26:00+00:00,14257.0,55609910,0.0142925744876265,5658195.0,-0.0079849725589156,-0.0177819859236478,0.0340908765792846,-0.0476826950907707,0.0141941150650382,-0.018801936879754,0.0036117348354309,-0.1066406071186066,-0.0157445073127746,1.304230570793152,-0.0306215770542621,-0.021145436912775,0.0245167594403028,-0.0069991182535886,-0.0409571751952171,-0.0255753826349973,0.0139154996722936,0.0262466520071029,-0.0534784272313118,-0.00953203253448,0.0234999656677246,0.0167400501668453,-0.0107474019750952,-0.0299144815653562,-0.0079012271016836,0.0227272938936948,-0.0428073965013027,0.003508768742904,-0.0083203250542283,-0.0112749449908733,0.0136339925229549,-0.0633631721138954,0.022245230153203,-0.0183412712067365,-0.006072917021811,-0.0226032715290784,0.0274949558079242,-0.051736868917942,-0.0460852459073066,0.0014803481753915,-0.0062338099814951,-0.0552447512745857,-0.0026136559899896,0.031746070832014,-0.0099580995738506,0.0021691781003028,0.0185283422470092,-0.0308339539915323,0.030145525932312,0.0156583823263645,-0.0423814430832862,0.0563909783959388,0.0337197743356227,0.0555555373430252,0.0163098722696304,-0.0047392942942678,-0.0646941289305687,-0.003149603260681,-0.0611259751021862,0.0071372049860656,0.0268417652696371,0.0015885229222476,0.0305896084755659,0.0072000119835138,0.0140313124284148,0.0638297870755195,0.0133049488067627,-0.0033927024342119,0.0099789192900061,-0.0552884303033351,0.0249609760940074,-0.0234741941094398,-0.0172500386834144,-0.0281368736177682,-0.0387196689844131,-0.0186567176133394,-0.0150376297533512,-0.021183343604207,-0.0321701280772686,-0.0724932700395584,-0.0191549379378557,0.0307262949645519,0.0045950561761856,0.0084506962448358,-0.0348771065473556,0.0573342889547348,-0.0313980318605899,-0.1815965622663498,-0.0085627706721425,-0.011445814743638,0.0061690551228821,0.0593490935862064,0.0306560397148132,-0.0793184712529182,-0.0184413734823465,-0.0110400142148137,0.0090908855199813,0.0274626314640045,0.0138137862086296,-0.0423098802566528,0.0219194814562797,0.0710348933935165,-0.0278260596096515,-0.0455874130129814,0.0005963165313005,-0.0058104870840907,0.0333730317652225,0.0,0.0322952382266521,0.0299222040921449,0.0273742899298667,-0.0100710950791835,-0.0299075171351432,-0.0359795019030571,-0.0162556562572717,0.0017162864096462,-0.0068375463597476,0.0523780174553394,-0.0005737366154789,-0.0118976123631,-0.0079849725589156,-0.0177819859236478,0.0258336893063741,-0.0646167880015129,0.0403944907299815,-0.0822038041118901,0.0277124590696138,0.8892889978403531,-0.060591865087231,0.8188908344455526,-0.1775481710488032,0.664552001723925,-0.1817755122116028,0.2486615448145051,2019-02-14,2019-02-15,2019-02-19,2019-02-20,2019-02-21,2019-02-22,2019-02-25,2019-02-26,2019-02-27,2019-02-28,14257.0,2019-02-13,252.0,1.4293%,0.0018,1.3606,1.2733,0.0342,8.8240%,8.9706%,3.2427%,0.009609,MGNX,14257.0,2019-02-14,252.0,-0.7985%,0.0016,1.3621,1.2651,0.0458,8.8230%,8.9690%,3.2277%,-0.011651,MGNX,14257.0,2019-02-15,252.0,3.4091%,0.0017,1.3778,1.2807,0.0732,8.8233%,8.9707%,3.2592%,0.015216,MGNX,14257.0,2019-02-19,252.0,1.4194%,0.0019,1.3882,1.2713,0.0618,8.8214%,8.9705%,3.2960%,0.0075429999999999,MGNX,14257.0,2019-02-20,252.0,0.3612%,0.0019,1.3886,1.2799,0.0655,8.8208%,8.9701%,3.3025%,-0.002263,MGNX,14257.0,2019-02-21,252.0,-1.5745%,0.0019,1.3939,1.2881,0.0752,8.8210%,8.9708%,3.3121%,-0.00966,MGNX,14257.0,2019-02-22,252.0,-3.0622%,0.0018,1.4,1.2983,0.1575,8.8254%,8.9729%,3.2601%,-0.045761,MGNX,14257.0,2019-02-25,252.0,2.4517%,0.0019,1.3995,1.2859,0.1494,8.8267%,8.9740%,3.2549%,0.025976,MGNX,14257.0,2019-02-26,252.0,-4.0957%,0.0017,1.4043,1.3257,0.1732,8.8290%,8.9773%,3.2772%,-0.030095,MGNX,14257.0,2019-02-27,252.0,1.3915%,0.0016,1.388,1.3572,0.1705,8.8260%,8.9729%,3.2490%,0.010241,MGNX,14257.0,2019-02-28,252.0,-5.3478%,0.0015,1.3937,1.3595,0.1865,8.8316%,8.9779%,3.2331%,-0.049121,MGNX,-0.002042,0.013174,0.020717,0.0087939999999999,-0.079966
23019,MARTIN MARIETTA MATERIALS INC,"Deutsche Bank Maintains Buy on Martin Marietta Materials, Raises Price Target to $207",6,increase,0.8,0.6,the maintenance of a 'buy' rating and an increase in the price target typically signals positive sentiment and potential for stock price appreciation.,2,2019-02-13,MLM,2019-02-13 13:42:00+00:00,80204.0,57328410,-0.0224317256361246,1335780.0,0.0391863845288753,-0.0076886280439794,0.0137073546648025,0.0089509012177586,-0.0055245873518288,0.0114122787490487,0.0172478165477514,0.000878574384842,-0.0098299235105514,-0.0309190433472394,-0.0019960335921496,0.0104861091822385,-0.0073157860897481,0.0116969104856252,0.0132018737494945,0.0403554737567901,-0.0064364778809249,-0.0103624379262328,-0.0109021551907062,-0.0097071221098303,0.0273695606738328,0.0036744442768394,0.0136131923645734,0.022310746833682,-0.0054849665611982,-0.001931358478032,0.0082985451444983,0.006690673995763,0.0068500749766826,-0.0297936648130416,-0.0026909729931503,-0.0012744263513013,0.0111999809741973,0.0182813610881567,-0.0131904054433107,0.0145400036126375,-0.0271924994885921,-0.0096938293427228,0.0053492989391088,-0.0156800001859664,0.0093896873295307,0.0068543241359293,0.0075452541932463,-0.0085779158398509,0.0144132003188133,0.0011710431426763,-0.0101633705198764,0.0047064749523997,0.0149673474952578,-0.0038511047605425,-0.0331169255077838,0.0157605241984129,0.0224870759993791,0.0344848111271858,0.0015782356495037,-0.0025155488401651,-0.0015248706331476,-0.0054110242053866,0.007483207155019,0.022001527249813,0.0165226068347692,-0.0132605442777276,0.0140173351392149,0.0034146986436098,0.0070097679272294,0.0369986742734909,-0.013483858667314,-0.0090749599039554,0.0057238903827965,-0.0158380698412656,0.0098125794902443,-0.0216125287115573,0.0,-0.0300598498433828,-0.0040812920778989,0.0077439965680241,-0.0006829904741607,0.0049210381694138,0.011570056900382,-0.0042165555059909,0.0238887928426265,-0.0199363771826028,-0.0024038921110332,0.0079365279525518,0.0017009242437779,-0.0128902774304151,-0.0113201923668384,-0.0082653742283582,0.0093507310375571,-0.024982588365674,0.0027413459029048,0.0058362702839076,-0.0001414036232745,-0.0480477213859558,0.0090514719486236,0.0194032043218612,-0.0078956605866551,-0.0286570563912391,0.009088734164834,-0.0073136133141815,-0.0002799960784614,0.0304573848843574,0.0358509607613086,0.0034421007148921,-0.0123478611931204,0.0269952248781919,0.0172476675361394,0.0014482877450063,-0.0067282677628099,0.0066414456814527,-0.0028450365643948,-0.0028535982128232,-0.0025813688989728,-0.0171456076204776,-0.0186160821467638,0.0013247138122096,0.0037013187538832,0.0067751631140708,-0.0049322731792926,0.0183072313666343,0.0391863845288753,-0.0076886280439794,0.0534308808644465,0.0011934530236574,0.0476111099439968,0.012619351791286,0.0552045601725752,-0.0178277158970585,0.0409045825338716,0.023740840423571,0.0996762997564126,0.0974608995516799,0.1994700305151731,0.0051312722014735,2019-02-14,2019-02-15,2019-02-19,2019-02-20,2019-02-21,2019-02-22,2019-02-25,2019-02-26,2019-02-27,2019-02-28,80204.0,2019-02-13,252.0,-2.2432%,-0.0007,0.7666,0.2151,0.0238,1.5215%,1.7293%,22.5905%,-0.024829,MLM,80204.0,2019-02-14,252.0,3.9186%,-0.0007,0.7555,0.2362,0.0035,1.5347%,1.7390%,22.1110%,0.039716,MLM,80204.0,2019-02-15,252.0,1.3707%,-0.0005,0.7788,0.2577,0.0422,1.5273%,1.7396%,22.9111%,0.004463,MLM,80204.0,2019-02-19,252.0,-0.5525%,-0.0007,0.7698,0.2636,0.0496,1.5207%,1.7278%,22.5423%,-0.0079779999999999,MLM,80204.0,2019-02-20,252.0,1.7248%,-0.0005,0.7769,0.2921,0.078,1.5125%,1.7223%,22.8843%,0.014833,MLM,80204.0,2019-02-21,252.0,-0.9830%,-0.0005,0.777,0.291,0.0783,1.5128%,1.7223%,22.8470%,-0.006672,MLM,80204.0,2019-02-22,252.0,-0.1996%,-0.0005,0.7777,0.299,0.0936,1.5128%,1.7216%,22.7843%,-0.007596,MLM,80204.0,2019-02-25,252.0,-0.7316%,-0.0005,0.7777,0.3025,0.0954,1.5135%,1.7221%,22.7673%,-0.007637,MLM,80204.0,2019-02-26,252.0,1.3202%,-0.0004,0.7819,0.2747,0.0844,1.5150%,1.7242%,22.7887%,0.016597,MLM,80204.0,2019-02-27,252.0,-0.6436%,-0.0004,0.7857,0.2658,0.0851,1.5147%,1.7246%,22.8615%,-0.007661,MLM,80204.0,2019-02-28,252.0,-1.0902%,-0.0004,0.7804,0.2619,0.0831,1.5133%,1.7196%,22.5549%,-0.008407,MLM,0.014887,0.01935,0.011372,0.019533,0.0048289999999999
23027,MEDICAL PROPERTIES TRUST INC,"Jefferies Upgrades Medical Properties Trust to Buy, Raises Price Target to $23",6,increase,0.8,0.6,"the upgrade to 'buy' and the raised price target typically signal positive sentiment, which is likely to attract more investors and increase the stock price.",2,2019-02-13,MPW,2019-02-13 11:23:00+00:00,90790.0,58463J30,0.0115703027695417,4477238.0,-0.0016340243164449,-0.0183883272111415,0.0016366987256333,0.0016251726774498,0.0065358891151845,0.0048991967923939,-0.0129870008677244,0.0291316770017147,0.0043859607540071,-0.0121748372912406,0.009825344197452,0.0055648516863584,-0.00378376734443,0.0169778857380151,-0.0081388829275965,-0.0291209165006876,-0.001094116945751,0.0111111532896757,-0.0016429729294031,0.0129431365057826,-0.0082281744107604,0.0079410839825868,0.0132743241265416,0.0051310285925865,-0.0065501602366566,0.0221445839852094,-0.0065934523008763,0.0011668879305943,0.0038716646376997,0.0088287005200982,-0.0060605346225202,-0.0058513972908258,0.0249445028603076,0.0029342274647206,-0.0129799768328666,0.0064973779954016,0.0136986300349235,0.0241984035819768,0.0120547572150826,0.0073126656934618,-0.0092041194438934,-0.011445814743638,-0.0038251201622188,0.0048426100984215,-0.0016455721342936,0.0012121489271521,0.0076922737061977,-0.0066225528717041,0.0272628124803304,0.0177696645259857,-0.0159235261380672,0.0168224591761827,0.0053936606273055,-0.0037244798149913,0.0010729859350249,0.0307102035731077,-0.0064308107830584,-0.0279850624501705,0.0080905938521027,0.0043722484260797,-0.0096308346837759,-0.0055900714360177,0.0124256908893585,-0.0024782533291727,0.0048025697469711,0.0549019090831279,0.0005310795968398,-0.0584615282714366,-0.0084925610572099,-0.015748044475913,0.0037473069969564,0.0060938685201108,-0.0069332886487245,0.0061312313191592,-0.0064447280019521,0.0124145774170756,0.0172972809523344,-0.0439168997108936,0.0015940853627398,-0.0053128777071833,-0.0047745439223945,0.0143712433055043,-0.0186567362397909,-0.004112790338695,-0.0249863713979721,0.0023557664826512,-0.0384401381015777,0.0005892887129448,-0.0011587750632315,-0.0297313015908002,-0.015081220306456,0.0127388136461377,0.0141342626884579,-0.0051843402907252,0.0180024039000272,0.0052113579586148,-0.0039932457730174,0.0069971336051821,0.0011455016210675,0.0123966401442885,-0.0131578687578439,0.0131579684093594,0.0121738603338599,0.0157958827912807,-0.0017181432340294,-0.0006071784882806,0.0126218767836689,-0.0018182233907282,0.0254957936704158,-0.0066225528717041,-0.009944767691195,-0.0006016984698362,-0.0156250391155481,0.0006020606961101,-0.000566906412132,0.0159021541476249,-0.0017015758203342,-0.0006112608825787,0.0159090217202901,-0.0108827268704772,-0.0016340243164449,-0.0183883272111415,3.671951631645243e-12,-0.0167930387406592,0.0065358891188804,-0.0119761143497981,-0.0021786992028013,0.0044272224913,-0.0070806681326973,0.0213843061613543,0.0319186986577191,0.1336664182821321,-0.0128033728456069,0.1137669381404671,2019-02-14,2019-02-15,2019-02-19,2019-02-20,2019-02-21,2019-02-22,2019-02-25,2019-02-26,2019-02-27,2019-02-28,90790.0,2019-02-13,252.0,1.1570%,0.0018,0.4612,0.0266,-0.0117,1.2432%,1.3377%,13.6372%,0.0101909999999999,MPW,90790.0,2019-02-14,252.0,-0.1634%,0.0017,0.4614,0.0248,-0.0089,1.2422%,1.3366%,13.6188%,-0.000972,MPW,90790.0,2019-02-15,252.0,0.1637%,0.0018,0.4711,0.033,0.0063,1.2385%,1.3353%,13.9761%,-0.0036959999999999,MPW,90790.0,2019-02-19,252.0,0.6536%,0.0018,0.4712,0.0362,0.0099,1.2386%,1.3347%,13.8814%,0.0054259999999999,MPW,90790.0,2019-02-20,252.0,-1.2987%,0.0016,0.4644,0.0101,-0.0172,1.2323%,1.3284%,13.9385%,-0.014116,MPW,90790.0,2019-02-21,252.0,0.4386%,0.0017,0.4553,-0.0074,-0.0338,1.2245%,1.3189%,13.8005%,0.005972,MPW,90790.0,2019-02-22,252.0,0.9825%,0.0018,0.454,0.0106,-0.0331,1.2222%,1.3165%,13.8130%,0.00631,MPW,90790.0,2019-02-25,252.0,-0.3784%,0.0017,0.4556,0.0153,-0.0247,1.2199%,1.3143%,13.8393%,-0.004597,MPW,90790.0,2019-02-26,252.0,-0.8139%,0.0017,0.4565,0.0272,-0.018,1.2213%,1.3147%,13.7076%,-0.007493,MPW,90790.0,2019-02-27,252.0,-0.1094%,0.0017,0.4626,0.0155,-0.017,1.2183%,1.3136%,13.9873%,-0.001678,MPW,90790.0,2019-02-28,252.0,-0.1643%,0.0018,0.4536,0.0092,-0.023,1.2133%,1.3055%,13.6248%,-0.000354,MPW,0.0092189999999999,0.0055229999999999,0.0109489999999999,0.0028049999999999,-0.005007
23035,MARATHON OIL CORP,"Marathon Oil Q4 Adj. EPS $0.15, Inline, Sales $1.77B Beat $1.44B Estimate",6,increase,0.7,0.6,"the sales beat expectations significantly, which is likely to positively influence investor sentiment despite the adjusted eps being inline.",2,2019-02-13,MRO,2019-02-13 21:34:00+00:00,15069.0,56584910,0.0064725168049335,25621097.0,0.0874597802758216,0.0117877768352627,0.0100532276555895,0.0092531619593501,4.47122090463381e-08,-0.0091683259233832,0.0029359504114836,-0.0402262359857559,-0.0234191808849573,-0.0018820409895852,0.0125898728147149,-0.0130030987784266,-0.0130254188552498,0.009374976158142,-0.0089981770142912,0.0132995592430234,0.0163438525050878,-0.0143570844084024,-0.0113162910565733,0.006913929246366,0.0289156343787908,0.0050536906346678,0.0117096463218331,-0.0044024968519806,-0.0005787169211544,0.0063290777616202,-0.0237405803054571,0.0154241491109132,0.0,-0.0082854786887764,-0.034994076937437,-0.0254658870398998,0.0184387974441051,0.0196327064186334,0.0199155062437057,0.0160875152796506,0.0248520765453577,-0.0183196440339088,-0.0034641723614186,0.0,0.0005793875316157,-0.0173805505037307,0.0069484035484492,-0.0146788842976093,-0.0155260814353823,0.0174238141626119,0.02803735435009,0.0381137058138847,0.00511364499107,-0.0089628901332616,-0.0570944137871265,0.0136275170370936,0.0017984879668802,0.0540355667471885,0.0239378549158573,-0.006793504115194,-0.0029223344754427,0.0264993105083704,-0.0140679823234677,0.0184659250080585,-0.0065398700535297,-0.014695594087243,0.0406942144036293,0.0084685878828167,-0.0149511350318789,0.1192733198404312,-0.0116753568872809,-0.0587360560894012,0.0124039622023701,-0.0117560504004359,0.0326721929013729,-0.0180375184863805,-0.0056497389450669,-0.0266854017972946,-0.01931818947196,-0.0326087288558483,0.0110081424936652,-0.0212765745818615,-0.0148997260257601,-0.0371318757534027,0.0331587940454483,0.0064432621002197,-0.0213964562863111,0.0123940333724021,0.0051783751696348,0.0019607667345553,0.0154550923034548,-0.0467289164662361,-0.0067643141373991,-0.0104808928444981,0.0658342689275741,-0.035671841353178,-0.0053248335607349,-0.0415954180061817,-0.0283726267516613,0.0515277832746505,-0.0121211744844913,0.0084592932835221,-0.03067491017282,0.0036385364364832,-0.0132335759699344,0.0242235641926527,-0.0064139184542,-0.0080098072066903,-0.0299295894801616,0.0370607003569603,-0.0611010380089283,-0.0463132373988628,0.0103092677891254,0.0301317982375621,0.0057398057542741,-0.0665888115763664,-0.0164870154112577,-0.0040721171535551,0.0032237388659268,0.0023324149660766,-0.018637528643012,0.0281774159520864,-0.0006548938108608,0.0127505157142877,0.0874597802758216,0.0117877768352627,0.0983922610132319,0.0211500130028101,0.0983923101247763,0.0117877768669334,0.075818164517891,-0.0307402632344293,0.0706583696600569,-0.0289126370136251,0.0848477764098225,0.0973011298369461,-0.0157682725744243,-0.0589864002105423,2019-02-14,2019-02-15,2019-02-19,2019-02-20,2019-02-21,2019-02-22,2019-02-25,2019-02-26,2019-02-27,2019-02-28,15069.0,2019-02-13,252.0,0.6473%,0.0002,1.7196,0.495,0.9671,2.0624%,2.6610%,39.9327%,0.000562,MRO,15069.0,2019-02-14,252.0,8.7460%,0.0006,1.6986,0.5466,0.9089,2.1424%,2.7159%,37.7761%,0.094006,MRO,15069.0,2019-02-15,252.0,1.0053%,0.0004,1.6695,0.5188,0.8594,2.1396%,2.6949%,36.9662%,-0.01497,MRO,15069.0,2019-02-19,252.0,0.0000%,0.0006,1.6842,0.4911,0.827,2.1148%,2.6844%,37.9330%,-0.007355,MRO,15069.0,2019-02-20,252.0,0.2936%,0.0007,1.6867,0.5164,0.841,2.0958%,2.6715%,38.4583%,-0.005993,MRO,15069.0,2019-02-21,252.0,-2.3419%,0.0006,1.701,0.5421,0.8673,2.0896%,2.6741%,38.9351%,-0.014983,MRO,15069.0,2019-02-22,252.0,1.2590%,0.0007,1.6977,0.5911,0.8723,2.0793%,2.6658%,39.1633%,0.011202,MRO,15069.0,2019-02-25,252.0,-1.3025%,0.0007,1.6971,0.5971,0.8732,2.0807%,2.6667%,39.1216%,-0.012565,MRO,15069.0,2019-02-26,252.0,-0.8998%,0.0007,1.6969,0.5978,0.8734,2.0807%,2.6634%,38.9726%,0.00032,MRO,15069.0,2019-02-27,252.0,1.6344%,0.0009,1.7101,0.5784,0.8757,2.0743%,2.6639%,39.3634%,0.014629,MRO,15069.0,2019-02-28,252.0,-1.1316%,0.0009,1.7107,0.5786,0.8772,2.0746%,2.6610%,39.2211%,-0.004041,MRO,0.094568,0.079598,0.072243,0.051267,0.060812
23043,M S C INDUSTRIAL DIRECT INC,MSC Industrial Supply Reports Received Patent For Technology And Process That Helps Manufacturing Customers Document Operational Cost Savings,6,increase,0.75,0.6,"the patent for a technology that helps customers document operational cost savings is likely to enhance msc industrial supply's competitive advantage and attract more customers, potentially leading to an increase in stock price.",2,2019-02-13,MSM,2019-02-13 14:04:00+00:00,82777.0,55353010,0.0096903769299387,277786.0,0.0004681755090132,0.0162123944610357,0.0097098052501678,0.0169760547578334,-0.0006951403338462,-0.0123040322214365,-0.0081159062683582,-0.0115655325353145,-0.0095850341022014,0.0,0.0066092000342905,-0.0075730606913566,0.0037519016768783,0.0141605697572231,-0.000700824195519,-0.0019163497490808,0.0047924723476171,-0.0085500683635473,-0.0180315896868705,0.0074171884916722,-0.0068712453357875,0.0138265546411275,0.003697931068018,0.0023096865043044,-0.0004754090332426,0.0123061770573258,0.0063020070083439,0.0,-0.0144156161695718,-0.0226124282926321,-0.0065939696505665,-0.0021603493951261,0.0103789595887064,0.0205781515687704,-0.0082417875528335,0.0208828076720237,0.0004817646113224,-0.0023702897597104,-0.0123991668224334,0.0091905239969491,-0.0102389557287097,0.0044258786365389,0.0236453916877508,0.0055951480753719,-0.0090230992063879,0.023025844246149,-0.0112905213609337,-0.013728505000472,0.0143663818016648,0.0143155409023165,-0.0375257059931755,0.0044081304222345,-0.0026411656290292,0.0300480779260397,0.0155106643214821,-0.0127884149551391,0.0096858162432909,-0.0139105524867773,0.0132825216278433,0.0103769991546869,0.0038839627522975,-0.0111702904105186,0.01426671911031,0.002996296621859,-0.00143047736492,0.042509913444519,0.0039393799379467,-0.023345299065113,-0.0033293552696704,-0.0080263242125511,0.0190885048359632,-0.0077033080160617,0.0125263696536421,-0.0198362302035093,-0.0250407811254262,-0.0152488863095641,-0.0252060759812593,-0.0081250192597508,-0.005882300902158,-0.0119797606021165,0.0064102145843207,-0.0058931335806846,0.0044096107594668,0.0148267475888133,0.0114634446799755,0.0008729229448363,0.0094043733552098,-0.0258746016770601,-0.0039417324587702,-0.0200000032782554,-0.0211056731641292,-0.003440513741225,0.0160480849444866,-0.056208673864603,-0.0031348220072686,0.0081273419782519,-0.0188678950071334,0.01245710067451,0.0053007923997938,-0.0073738116770982,0.0118944644927978,0.0204909052699804,0.0136937098577618,-0.0260458346456289,-0.0272564105689525,0.0309194903820753,0.0045470702461898,-0.0120579125359654,0.0272816661745309,0.0177653618156909,-0.0167917553335428,-0.0235106721520423,-0.0390019528567791,-0.0165000967681407,-0.0063019916415214,-0.0081274034455418,-0.013064419850707,0.0254595670849084,-0.0115665588527917,0.0019446142250671,0.0004681755090132,0.0162123944610357,0.0101825266521964,0.0334636717149954,0.0094803080333738,0.0207479013985301,-0.0083099139811249,0.0089424083345512,-0.0120552290660854,0.0123221229617993,-0.0356976027053325,0.1206330318530173,-0.0932311510933383,-0.0240929785834215,2019-02-14,2019-02-15,2019-02-19,2019-02-20,2019-02-21,2019-02-22,2019-02-25,2019-02-26,2019-02-27,2019-02-28,82777.0,2019-02-13,252.0,0.9690%,-0.0,1.0397,0.5531,0.4867,1.0668%,1.4981%,49.2882%,0.006024,MSM,82777.0,2019-02-14,252.0,0.0468%,-0.0,1.0391,0.5545,0.4851,1.0669%,1.4981%,49.2745%,0.002498,MSM,82777.0,2019-02-15,252.0,0.9710%,0.0,1.052,0.5655,0.5052,1.0599%,1.4993%,50.0272%,-0.005847,MSM,82777.0,2019-02-19,252.0,-0.0695%,0.0,1.0509,0.5618,0.5011,1.0605%,1.4983%,49.8992%,-0.0059499999999999,MSM,82777.0,2019-02-20,252.0,-0.8116%,-0.0,1.0479,0.5597,0.4917,1.0623%,1.4985%,49.7439%,-0.014205,MSM,82777.0,2019-02-21,252.0,-0.9585%,-0.0,1.0506,0.5644,0.4968,1.0622%,1.4995%,49.8184%,-0.004285,MSM,82777.0,2019-02-22,252.0,0.6609%,-0.0,1.0502,0.5632,0.4899,1.0624%,1.4999%,49.8278%,0.003879,MSM,82777.0,2019-02-25,252.0,0.3752%,0.0,1.0493,0.5602,0.4851,1.0619%,1.4991%,49.8261%,0.004423,MSM,82777.0,2019-02-26,252.0,-0.0701%,0.0,1.0488,0.5522,0.4807,1.0625%,1.4972%,49.6373%,0.006064,MSM,82777.0,2019-02-27,252.0,0.4792%,0.0,1.0476,0.5554,0.4805,1.0625%,1.4957%,49.5329%,0.003276,MSM,82777.0,2019-02-28,252.0,-1.8032%,-0.0,1.0523,0.5582,0.4872,1.0659%,1.4986%,49.4127%,-0.0137939999999999,MSM,0.008522,0.002675,-0.0032749999999999,-0.021765,-0.0179169999999999
23051,MEXCO ENERGY CORP,Mexco Energy Late Tuesday Reported Q3 Oil And Gas Drilling Results,6,uncertain,0.5,0.5,"the impact on mexco energy corp's stock price is unclear without specific details on the drilling results, as positive or negative outcomes could lead to varying investor reactions.",1,2019-02-13,MXC,2019-02-13 12:54:00+00:00,89857.0,59277010,0.0330859497189521,1984.0,-0.0373157709836959,0.0130266761407256,0.0715925693511962,-0.0186486504971981,0.0075508644804358,0.0,0.0228624567389488,0.0,0.0,-0.0352020822465419,0.0519802086055278,0.0226666759699583,0.0117647508159279,-0.0625,0.0441859476268291,0.0928961485624313,-0.0066814552992582,0.028089927509427,-0.0301794074475765,-0.0083565386012196,-0.0428630895912647,0.025714261457324,0.0144927399232983,0.0057471208274364,0.0214286092668771,-0.0338432714343071,-0.0023309446405619,0.0291143152862787,-0.0373832508921623,-0.0088074635714292,-0.0048543643206357,-0.0378474220633506,0.0360244661569595,0.055416602641344,-0.0135838584974408,-0.0420661643147468,0.00260143680498,0.0,-0.0192578230053186,0.0019597851205617,-0.0024271244183182,0.0624339953064918,0.0612894669175148,0.0029411735013127,-0.0394093878567218,-0.0492169708013534,0.0050119110383093,0.0660306811332702,-0.0447162501513958,-0.0436207801103591,-0.0006960469181649,0.1241987347602844,-0.0198760647326707,0.1103202700614929,0.0110659496858716,0.0035714253317564,-0.0009036756237037,0.0108303148299455,0.0194221287965774,0.041353341192007,0.2199985235929489,-0.0074626794084906,0.2328936010599136,0.038759745657444,-0.116784431040287,0.0157480165362358,-0.0983301922678947,-0.0592592917382717,-0.0158642549067735,-0.1029900163412094,0.0516632907092571,-0.0795107036828994,0.0834989249706268,-0.0296735633164644,-0.0458715595304966,0.0243160873651504,0.0134615721181035,-0.0030303001403808,-0.0322580784559249,-0.1079875975847244,-0.015686260536313,0.0391854345798492,0.0976096093654632,-0.0299727879464626,-0.0780399814248085,0.0545977167785167,0.0039370041340589,-0.0645161345601081,-0.0409215129911899,0.0449438467621803,0.0383946858346462,-0.0704960823059082,0.1025574952363968,0.0407608300447464,-0.0499999523162841,0.0027247930411249,-0.0977443531155586,-0.0027173885609954,-0.0062500433996319,-0.0290237199515104,-0.0125786047428846,-0.0356234349310398,-0.0184713155031204,0.0314960964024066,0.0685701742768287,0.0159999839961528,-0.0485830456018447,-0.1197183579206467,0.0,0.0812183171510696,-0.0042553152889013,-0.0390243530273437,-0.0876068100333213,0.0224438086152076,-0.0007728782366029,-0.0781608447432518,0.0312420167028904,0.007644195575267,0.0238636396825313,0.0303102266043424,-0.0373157709836959,0.0130266761407256,0.0316052664454566,-0.005864904286961,0.0393947780096901,-0.005864904286961,0.0631578961566259,-0.0408605296904253,0.1382631400661598,0.0245960956886408,0.0677105644730551,0.382819465542676,0.1855263537100298,-0.1221241481828703,2019-02-14,2019-02-15,2019-02-19,2019-02-20,2019-02-21,2019-02-22,2019-02-25,2019-02-26,2019-02-27,2019-02-28,89857.0,2019-02-13,252.0,3.3086%,0.0018,1.0413,0.8473,0.8383,5.5893%,5.6899%,3.5048%,0.028949,MXC,89857.0,2019-02-14,252.0,-3.7316%,0.0018,1.0524,0.8288,0.8544,5.5890%,5.6908%,3.5462%,-0.034773,MXC,89857.0,2019-02-15,252.0,7.1593%,0.002,1.0728,0.8527,0.8949,5.5974%,5.7025%,3.6513%,0.053428,MXC,89857.0,2019-02-19,252.0,0.7551%,0.0021,1.0803,0.8406,0.8806,5.5952%,5.7014%,3.6904%,0.0002549999999999,MXC,89857.0,2019-02-20,252.0,2.2862%,0.002,1.0805,0.8266,0.8775,5.5918%,5.6979%,3.6884%,0.014017,MXC,89857.0,2019-02-21,252.0,0.0000%,0.0019,1.084,0.8347,0.8839,5.5913%,5.6979%,3.7056%,0.006495,MXC,89857.0,2019-02-22,252.0,5.1980%,0.0023,1.0747,0.8952,0.8277,5.5957%,5.7030%,3.7255%,0.053236,MXC,89857.0,2019-02-25,252.0,1.1765%,0.0022,1.0777,0.8924,0.8373,5.5938%,5.7014%,3.7388%,0.01387,MXC,89857.0,2019-02-26,252.0,4.4186%,0.0025,1.0856,0.8125,0.8026,5.5998%,5.7063%,3.6956%,0.054285,MXC,89857.0,2019-02-27,252.0,-0.6681%,0.0025,1.0883,0.8044,0.8031,5.6001%,5.7066%,3.6966%,-0.008339,MXC,89857.0,2019-02-28,252.0,-3.0179%,0.0024,1.0899,0.8045,0.8106,5.6026%,5.7085%,3.6773%,-0.025059,MXC,-0.0058239999999999,0.047604,0.047859,0.068371,0.156364
23059,NEXTERA ENERGY PARTNERS LP,Howard Energy Partners Reports Deal To Develop Strategic Joint Venture With NextEra Energy Partners,6,increase,0.7,0.6,"the development of a strategic joint venture with howard energy partners is likely to enhance growth prospects and operational synergies for nextera energy partners, which could positively influence investor sentiment and stock price.",2,2019-02-13,NEP,2019-02-13 14:03:00+00:00,14734.0,65341B10,-0.008900623768568,359336.0,0.0135921733453869,-0.0012013271916657,0.0258621145039796,0.0213496666401624,-0.0058356677182018,-0.0046409047208726,0.0032871423754841,0.0301961973309516,0.0102971829473972,-0.0182805806398391,-0.0136668141931295,-0.024654597043991,0.0002348126145079,0.0236527975648641,-0.001173966564238,0.0211653001606464,-0.0018806259613484,-0.0044620800763368,0.0171926412731409,-0.0251329354941844,-0.0074091157875955,-0.0009656471083872,0.0403545498847961,0.0214549675583839,0.0004484407836571,-0.0626444593071937,0.0125504564493894,0.0210054144263267,0.0033200869802385,-0.0060990410856902,0.0057356785982847,-0.0079125007614493,0.0100899115204811,0.0053813648410141,0.0041260030120611,0.0007024723454378,0.0012975250137969,0.0220147911459207,-0.0045356173068284,0.0140742985531687,0.0008678870508447,-0.0584875792264938,0.0041187647730112,-0.0077080060727894,-0.0125215463340282,0.0253370553255081,0.0006558543536812,-0.0025504429358989,-0.0026217813137918,-0.0125915575772523,0.0015333995688706,-0.02543506026268,0.0190288480371236,0.049402967095375,0.0049366718158125,0.0169047396630048,0.0140965366736054,-0.0243902262300252,-0.0162173639982938,0.0356025882065296,-0.0014986019814386,0.0271805897355079,0.0083619076758623,-0.0259927324950695,-0.0027641346678137,0.0416144356131553,0.0040511433035135,-0.0660266876220703,0.0144404396414756,0.0323906242847442,0.0094201536849141,-0.0009659723727963,-0.0186644848436117,-0.0161558631807565,0.0016906558303162,-0.0033151644747704,-0.0056962119415402,-0.066534087061882,0.0099723618477582,-0.0154515579342842,-0.0018907595658674,-0.0075593623332679,0.0061039975844323,0.0043384116142988,-0.0138075286522507,-0.0079621849581599,-0.0038184197619557,0.0025890560355037,0.004897775594145,-0.0057915155775845,-0.0055096065625548,-0.0057581672444939,-0.0161943770945072,0.0090380497276782,-0.0056313262321054,-0.0049250437878072,-0.0015247156843543,0.0097297457978129,0.0185427237302064,-0.0028029552195221,-0.0143499290570616,-0.0117195658385753,0.0002172603562939,0.002777800662443,-0.0054312404245138,0.0019267855677753,-0.0122323632240295,-0.009331970475614,0.0145953083410859,0.0210047904402017,-0.0012532896362245,-0.0098627591505646,-0.0094839064404368,-0.0166561435908079,-0.0135827343910932,0.0769754648208618,0.0054176449775695,-0.0107816606760025,0.003367707831785,-0.0468850061297416,0.0135921733453869,-0.0012013271916657,0.0398058101927829,0.0201226915134289,0.0337378489930422,0.0153883992985148,0.0478154705078042,0.0269268797785542,0.0483009181751983,0.0161314529253522,0.1337378198483503,0.0114871499506414,0.0962519548266156,-0.0998175690472381,2019-02-14,2019-02-15,2019-02-19,2019-02-20,2019-02-21,2019-02-22,2019-02-25,2019-02-26,2019-02-27,2019-02-28,14734.0,2019-02-13,252.0,-0.8901%,0.0004,0.4555,-0.0286,0.0381,1.7512%,1.8143%,6.8380%,-0.010319,NEP,14734.0,2019-02-14,252.0,1.3592%,0.0003,0.4506,-0.0216,0.0329,1.7478%,1.8100%,6.7559%,0.014819,NEP,14734.0,2019-02-15,252.0,2.5862%,0.0004,0.4658,-0.0057,0.0605,1.7523%,1.8168%,6.9761%,0.020567,NEP,14734.0,2019-02-19,252.0,-0.5836%,0.0004,0.465,-0.0112,0.0543,1.7529%,1.8172%,6.9529%,-0.006986,NEP,14734.0,2019-02-20,252.0,0.3287%,0.0004,0.4653,-0.0113,0.0553,1.7529%,1.8172%,6.9579%,0.002029,NEP,14734.0,2019-02-21,252.0,1.0297%,0.0005,0.4574,-0.0248,0.0407,1.7520%,1.8149%,6.8140%,0.012038,NEP,14734.0,2019-02-22,252.0,-1.3667%,0.0006,0.458,0.018,0.0871,1.7415%,1.8027%,6.6686%,-0.016006,NEP,14734.0,2019-02-25,252.0,0.0235%,0.0006,0.4578,0.0182,0.0865,1.7415%,1.8026%,6.6665%,-0.000349,NEP,14734.0,2019-02-26,252.0,-0.1174%,0.0005,0.4425,0.0341,0.083,1.7339%,1.7910%,6.2738%,-0.000139,NEP,14734.0,2019-02-27,252.0,-0.1881%,0.0005,0.4488,0.022,0.0841,1.7316%,1.7900%,6.4206%,-0.002344,NEP,14734.0,2019-02-28,252.0,1.7193%,0.0006,0.4472,0.0216,0.0787,1.7352%,1.7930%,6.3470%,0.01869,NEP,0.0045,0.025067,0.018081,0.032148,0.032
23067,NEPTUNE WELLNESS SOLUTIONS INC,"Neptune Technologies Q3 Sales $6.54M Up From $5.852M YoY, Net Loss $(3.66M)",6,uncertain,0.6,0.3,"while the increase in sales is a positive sign, the net loss indicates ongoing financial challenges, making the overall impact on stock price uncertain.",1,2019-02-13,NEPT,2019-02-13 21:15:00+00:00,92222.0,64079L20,-0.0167130772024393,926725.0,-0.0368271619081497,0.0527858734130859,0.0764705836772918,-0.0367231294512748,0.0027322378009557,0.0172413624823093,0.0027247930411249,-0.0141642922535538,0.0108695542439818,-0.0459459647536277,-0.0134408473968505,-0.0133333206176757,0.0,0.1160714626312256,0.0027247930411249,-0.0029673562385141,-0.0190217848867178,0.0243160873651504,0.0055402270518243,0.0217391103506088,-0.0165289752185344,-0.0271903071552515,-0.01960782520473,-0.0060060005635023,-0.0142857003957033,-0.0263158343732357,-0.0159420482814312,-0.0115606822073459,-0.0162003152072429,0.0328358635306358,-0.0149700455367565,-0.0401146449148654,0.0060790218412876,-0.0251396410167217,0.0060422904789447,-0.0298103336244821,0.0,-0.0238095019012689,-0.0150150014087557,0.0,0.0243902206420898,0.0356164053082466,-0.0089285634458065,0.0224090088158845,0.0150150721892714,0.0499999523162841,-0.0177515316754579,0.0240964349359273,-0.0331325009465217,0.0215384401381015,-0.0716510936617851,0.1245674341917038,0.0167785082012414,0.0703703910112381,0.052805308252573,-0.0217391103506088,-0.0501567646861076,0.0866141840815544,0.0396040007472038,-0.0193050019443035,0.0126983998343348,-0.0407407879829406,0.0062695862725377,-0.0287769511342048,-0.0124610476195812,0.0923378765583038,0.0788643509149551,-0.0711678564548492,-0.0292398072779178,0.0418250523507595,0.0331325717270374,-0.0149812586605548,0.0,0.0152091104537248,0.0029154489748179,-0.0112781841307878,0.0406976342201232,-0.0533807314932346,-0.0223463475704193,-0.044217724353075,0.017142841592431,-0.0232557915151119,0.0252809412777423,0.0033333301544189,0.008219170384109,0.0238907616585493,0.0516303852200508,-0.0361841768026351,0.0413437560200691,-0.0193548202514648,0.0248138699680566,0.0097719775512814,-0.0048426100984215,-0.06116209551692,0.0462287217378616,0.0218749791383743,-0.0697674825787544,0.0191082619130611,0.0025000572204589,-0.0278637502342462,0.0349126830697059,0.0419355221092701,-0.0144578171893954,-0.0402477122843265,0.0122248688712716,0.0125391725450754,0.0314009934663772,0.0191693101078271,-0.0070258104242384,0.0096774874255061,0.0400943607091903,-0.0402477122843265,-0.015872947871685,-0.0241691619157791,-0.0368664339184761,-0.0377907305955886,-0.0167463384568691,0.0817610025405883,-0.0486618094146251,-0.0031347931362688,-0.0368271619081497,0.0527858734130859,0.0368272272028478,0.0141242814992637,0.0396600857460716,0.0316091658387041,0.0538243779200247,-0.0297297631836321,0.0283286517975815,0.11490679947064,-0.1076486927788102,0.386100402831786,0.1076487565929025,0.1253918181624054,2019-02-14,2019-02-15,2019-02-19,2019-02-20,2019-02-21,2019-02-22,2019-02-25,2019-02-26,2019-02-27,2019-02-28,92222.0,2019-02-13,252.0,-1.6713%,0.001,1.4235,0.958,-0.1202,5.1513%,5.4109%,9.3663%,-0.021392,NEPT,92222.0,2019-02-14,252.0,-3.6827%,0.001,1.4364,0.9378,-0.1037,5.1477%,5.4087%,9.4169%,-0.039616,NEPT,92222.0,2019-02-15,252.0,7.6471%,0.0013,1.4773,0.9806,-0.0292,5.1600%,5.4278%,9.6218%,0.058292,NEPT,92222.0,2019-02-19,252.0,0.2732%,0.0017,1.5087,0.9327,-0.0859,5.1190%,5.4004%,10.1494%,-0.002931,NEPT,92222.0,2019-02-20,252.0,0.2725%,0.0017,1.5092,0.9404,-0.0824,5.1182%,5.3999%,10.1621%,-0.001821,NEPT,92222.0,2019-02-21,252.0,1.0870%,0.0018,1.5071,0.9397,-0.0862,5.1190%,5.3999%,10.1330%,0.016822,NEPT,92222.0,2019-02-22,252.0,-1.3441%,0.0019,1.5091,0.9998,-0.0074,5.1131%,5.3919%,10.0729%,-0.029773,NEPT,92222.0,2019-02-25,252.0,0.0000%,0.002,1.5051,0.9967,-0.0239,5.1086%,5.3876%,10.0920%,0.000222,NEPT,92222.0,2019-02-26,252.0,0.2725%,0.0021,1.514,0.9751,-0.0281,5.1076%,5.3876%,10.1247%,0.011333,NEPT,92222.0,2019-02-27,252.0,-1.9022%,0.002,1.5182,0.9606,-0.0275,5.1095%,5.3893%,10.1149%,-0.022371,NEPT,92222.0,2019-02-28,252.0,0.5540%,0.0023,1.4898,0.9414,-0.05,5.1000%,5.3708%,9.8289%,0.009886,NEPT,-0.061008,-0.0027159999999999,-0.0056469999999999,0.009354,-0.021349
23075,NETFLIX INC,"'Apple is targeting April to launch its new video service, but Netflix won't be a part of it and HBO is in doubt' -CNBC",6,decrease,0.7,0.5,"the news suggests that apple is entering the video service market, which could increase competition for netflix, potentially leading to a decrease in its stock price.",0,2019-02-13,NFLX,2019-02-13 18:55:00+00:00,89393.0,64110L10,-0.0227797105908393,10559147.0,0.0207522492855787,0.0411881804466247,-0.0061269728466868,-0.0052938871085643,0.0141508625820279,0.008296875283122,-0.0055537400767207,-0.0212385673075914,-0.0081687159836292,-0.0101739559322595,0.0169481690973043,0.0127227222546935,0.0024516959674656,0.0338090024888515,0.002912801457569,0.0010309458011761,-0.0057539143599569,-0.0034051653929054,-0.0131451729685068,0.0357555784285068,-0.0021781590767204,-0.020139455795288,-0.0175752788782119,-0.0070699132047593,0.0092866318300366,0.0348362997174263,0.0149872926995158,0.0145346857607364,-0.0194932837039232,-0.0097490875050425,-0.0085082240402698,-0.0411088243126869,0.0264873541891574,-0.0398935303092002,-0.0072172894142568,0.0051224785856902,0.0138658955693244,-0.0091642225161194,-0.0066166059114038,0.0651769414544105,0.0073574050329625,-0.0137740867212414,0.0054778149351477,0.0398262552917003,-0.0128219341859221,0.0146893747150898,0.0458219572901725,-0.0009679257054813,0.0070625068619847,0.0156338959932327,-0.0446184799075126,0.0597170032560825,0.0144594358280301,0.0972344875335693,-0.0170931089669466,0.0132257658988237,-0.0183348786085844,0.0,0.0035090423189103,0.0452203117311,0.0054990337230265,0.002015080768615,0.0291675850749015,0.0074703525751829,0.0020710970275104,0.0846160128712654,0.0055205011740326,-0.0507731437683105,-0.0050574578344821,-0.0544553995132446,-0.0064967232756316,-0.0232035182416439,-0.0111630596220493,-0.0153909111395478,0.0091308699920773,0.030974181368947,-0.0021660444326698,-0.0151401907205581,0.0102494517341256,-0.0332584343850612,-0.0449067838490009,0.0041472064331173,-0.0064647132530808,0.0360319502651691,0.0303551368415355,-0.0162402838468551,-0.0131308110430836,0.0171984508633613,0.0158144440501928,-0.0627120658755302,0.0471485778689384,0.0274217072874307,0.0120581397786736,-0.0515673495829105,-0.0200581401586532,0.0145737351849675,-0.0157657712697982,-0.0090735759586095,0.0177015718072652,0.0215814840048551,-0.0080566080287098,0.0600832179188728,-0.0034692683257162,0.0198906492441892,0.0223187487572431,0.0100841717794537,0.0006599614862352,-0.012627312913537,0.0157494880259037,-0.0181661769747734,-0.0165181551128625,-0.0133776608854532,-0.0216812044382095,-0.0545403212308883,-0.0164390113204717,-0.0132731366902589,-0.0044460166245698,0.0116136660799384,-0.0047139669768512,-0.0260529313236475,0.0207522492855787,0.0411881804466247,0.0144981279710114,0.0356762477605687,0.0288541515696538,0.0442691244219299,0.014782421631704,0.0116916422135964,0.0179947627271577,0.094466423232038,0.0080734470330636,0.4056935971750719,0.026352506934812,0.2227242075922548,2019-02-14,2019-02-15,2019-02-19,2019-02-20,2019-02-21,2019-02-22,2019-02-25,2019-02-26,2019-02-27,2019-02-28,89393.0,2019-02-13,252.0,-2.2780%,0.0007,1.6818,0.1583,-1.1677,1.9243%,2.9162%,56.4584%,-0.0268909999999999,NFLX,89393.0,2019-02-14,252.0,2.0752%,0.0008,1.6786,0.1673,-1.1783,1.9262%,2.9187%,56.4437%,0.016588,NFLX,89393.0,2019-02-15,252.0,-0.6127%,0.0007,1.6575,0.146,-1.2155,1.9297%,2.9136%,56.1352%,-0.019957,NFLX,89393.0,2019-02-19,252.0,1.4151%,0.0006,1.6522,0.1655,-1.1931,1.9248%,2.8961%,55.8260%,0.014125,NFLX,89393.0,2019-02-20,252.0,-0.5554%,0.0006,1.6519,0.1675,-1.1935,1.9246%,2.8960%,55.8369%,-0.002595,NFLX,89393.0,2019-02-21,252.0,-0.8169%,0.0006,1.6558,0.1743,-1.1863,1.9243%,2.8966%,55.8684%,-0.004785,NFLX,89393.0,2019-02-22,252.0,1.6948%,0.0005,1.6586,0.1486,-1.1769,1.9230%,2.8979%,55.9657%,-0.012312,NFLX,89393.0,2019-02-25,252.0,0.2452%,0.0005,1.6567,0.148,-1.1842,1.9204%,2.8970%,56.0553%,-0.0018679999999999,NFLX,89393.0,2019-02-26,252.0,0.2913%,0.0005,1.6559,0.146,-1.1857,1.9204%,2.8921%,55.9062%,0.002503,NFLX,89393.0,2019-02-27,252.0,-0.5754%,0.0005,1.6514,0.1512,-1.1865,1.9204%,2.8872%,55.7583%,-0.009045,NFLX,89393.0,2019-02-28,252.0,-1.3145%,0.0004,1.6585,0.1556,-1.1787,1.9210%,2.8875%,55.7382%,-0.011122,NFLX,-0.0103029999999999,-0.0302599999999999,-0.0161349999999999,-0.0235149999999999,-0.055359
23083,ANNALY CAPITAL MANAGEMENT INC,"Annaly Capital Management Q4 EPS $0.29, Inline, Sales $859.674M Beat $849.47M Estimate",6,increase,0.7,0.5,"the earnings per share (eps) being inline with expectations and sales beating estimates typically indicates positive performance, which can lead to an increase in stock price.",2,2019-02-13,NLY,2019-02-13 22:22:00+00:00,85414.0,03571083,-0.0066985352896153,11719759.0,-0.0115606822073459,-0.001910263323225,-0.0068226750008761,0.0047984826378524,-0.0009812831413,-0.0009587946697138,-0.0068762912414968,0.003849851898849,-0.0059346654452383,-0.0047891992144286,0.0089552393183112,0.0038461503572762,-0.0049309851601719,0.0,0.0,-0.003831414040178,-0.001982205780223,0.0009587032254785,0.0059583336114883,0.0028846815694123,-0.0069101378321647,0.0067763500846922,0.0039761392399668,0.0019398160511627,0.0,-0.0009689220460131,0.0,0.0009698617504909,0.0,0.0058536995202302,0.0059405411593616,0.0019550791475921,0.0137795619666576,0.0039254133589565,-0.0038834912702441,0.0009822470601648,0.0077972635626792,0.0089197373017668,-0.002901328029111,0.0049800989218056,0.0009698617504909,0.0100604007020592,0.0038759654853492,0.0174001138657331,-0.0057914545759558,-0.0071137901395559,-0.0029125954024493,0.0040816287510097,0.0058422065339982,-0.0239043589681386,-0.0077444263733923,0.0019959583878517,0.0,0.0009990237886086,0.0009756321087479,0.0121334558352828,-0.0019493623403832,0.0071283760480582,0.0117188151925802,-0.0050658755935728,-0.0069583146832883,-1.7582490130507722e-08,0.0060060480609536,0.0129482187330722,-0.004975143354386,0.033985573798418,0.0,-0.0182002317160368,0.002999973250553,-0.0010100278304889,-0.001993968617171,-0.0198020543903112,0.0079920003190636,0.0029792143031954,-0.0059465230442583,0.0110441418364644,0.0,-0.0254403352737426,0.0019940636120736,0.0128840543329715,-0.0019900952465832,0.0079920003190636,-0.0009969366947188,-0.0089109055697917,-0.0009980268077924,-0.003944769501686,-0.0029970714822411,-0.0019684552680701,0.0010020269546657,0.0059405411593616,0.0080080004408955,0.0069791278801858,0.0009930714732035,-0.0098717054352164,0.0059524225071072,0.0089641585946083,-0.0098619703203439,-0.001988116884604,0.006972081027925,0.0070070722140371,-0.0059346654452383,0.0080726463347673,0.0039800954982638,-0.0040200967341661,-0.0079286349937319,0.0010060592321679,-0.0249750241637229,-0.0010050481650978,-0.0061475839465856,0.0,-0.0103092193603515,-0.0040040002204477,0.0052082538604736,0.0,-0.0031087808310985,0.0142131354659795,-0.005197525024414,-0.0159840006381273,0.0052246805280447,-0.0009980268077924,-0.0115606822073459,-0.001910263323225,-0.018304482430733,0.002879052949237,-0.0192678036920136,0.0019174978589016,-0.0317918991821157,0.0009578762849007,-0.0240847772326621,0.0048077108927315,-0.0019267498408003,0.0587639243294684,-0.0455801046368018,0.0746136249225559,2019-02-14,2019-02-15,2019-02-19,2019-02-20,2019-02-21,2019-02-22,2019-02-25,2019-02-26,2019-02-27,2019-02-28,85414.0,2019-02-13,252.0,-0.6699%,0.0005,0.2644,-0.0813,0.1728,0.8107%,0.8522%,9.5025%,-0.00762,NLY,85414.0,2019-02-14,252.0,-1.1561%,0.0004,0.2659,-0.0873,0.1809,0.8085%,0.8509%,9.7155%,-0.009681,NLY,85414.0,2019-02-15,252.0,-0.6823%,0.0004,0.2685,-0.0862,0.1835,0.8080%,0.8510%,9.8365%,-0.010577,NLY,85414.0,2019-02-19,252.0,-0.0981%,0.0003,0.261,-0.0777,0.1937,0.7956%,0.8366%,9.5716%,-0.001892,NLY,85414.0,2019-02-20,252.0,-0.6876%,0.0003,0.2582,-0.0852,0.1837,0.7971%,0.8376%,9.4182%,-0.008367,NLY,85414.0,2019-02-21,252.0,-0.5935%,0.0003,0.2494,-0.1043,0.1675,0.7784%,0.8178%,9.4162%,-0.004716,NLY,85414.0,2019-02-22,252.0,0.8955%,0.0004,0.247,-0.076,0.1641,0.7712%,0.8091%,9.1483%,0.01027,NLY,85414.0,2019-02-25,252.0,-0.4931%,0.0004,0.2472,-0.0729,0.1668,0.7720%,0.8098%,9.1269%,-0.005304,NLY,85414.0,2019-02-26,252.0,0.0000%,0.0004,0.238,-0.0639,0.1644,0.7658%,0.8006%,8.5196%,0.000379,NLY,85414.0,2019-02-27,252.0,-0.1982%,0.0003,0.2381,-0.0648,0.1644,0.7659%,0.8006%,8.4823%,-0.001978,NLY,85414.0,2019-02-28,252.0,0.5958%,0.0005,0.2246,-0.0739,0.1531,0.7535%,0.7852%,7.9116%,0.0070209999999999,NLY,-0.017301,-0.027878,-0.02977,-0.042853,-0.032465
23091,N N N REIT INC,"B. Riley FBR Downgrades National Retail Props to Neutral, Raises Price Target to $55",6,decrease,0.7,0.5,"the downgrade to 'neutral' typically signals a less favorable outlook, which may lead to a decrease in stock price despite the raised price target.",0,2019-02-13,NNN,2019-02-13 11:42:00+00:00,88373.0,63741710,-0.0036454072687774,1522189.0,0.0071249553002417,-0.029422752559185,0.0051625329069793,0.0097781205549836,-0.0058969254605472,0.0015066259074956,-0.0137772187590599,0.0037806604523211,0.0194024052470922,-0.0132437804713845,0.0028549239505082,0.004873517435044,-0.002087621949613,0.0202715154737234,-0.0057056494988501,-0.0079680932685732,-0.0026778767351061,0.0111259929835796,-0.0007671829080209,0.010172794573009,-0.005758143030107,0.0120434910058975,0.0077220373786985,0.0125885009765625,0.000383150530979,0.0252066943794488,-0.0107238870114088,-0.0030157121364027,0.0056136450730264,-0.0053988532163202,0.0038498702924698,0.0006002156878821,0.0120804840698838,-0.0057688662782311,0.0075786574743688,0.0049980008043348,-0.0033847368322312,0.0117314290255308,0.0081132128834724,0.0079510584473609,-0.0069249286316335,-0.0080890096724033,-0.0086694853380322,0.0120753198862075,-0.002851667581126,0.0174927152693271,0.0131553597748279,-0.0043541174381971,0.022205501794815,0.0132353166118264,-0.0025773083325475,-0.004392446950078,0.0042451005429029,-0.0020872151944786,0.0101084215566515,0.0131105715408921,0.0054585016332566,-0.0251494012773037,0.0081433365121483,0.0018587392987683,-0.005744026042521,0.0049812756478786,-0.0129987588152289,0.0071070264093577,-0.0111577976495027,0.0498134829103946,-0.0110988216474652,-0.058665569871664,0.000187095705769,-0.0110316835343837,0.0028052686247974,-0.0113107971847057,-0.0011189399519935,-0.0030205703806132,-0.0074682882986962,0.0169977061450481,0.0114748049527406,-0.0359328649938106,-0.0042774695903062,-0.0037371877115219,0.0001867448881966,0.0178178045898675,-0.0022408764343708,-0.0236512720584869,-0.0353733748197555,0.0086750518530607,-0.0151339266449213,-0.0019676992669701,0.015366481617093,-0.0052848006598651,-0.0145518044009804,0.0287958178669214,0.0131915370002389,-0.0069985701702535,0.0171006824821233,-0.0009988623205572,0.0082155195996165,0.0119264228269457,0.0073905512690544,-0.0004041312786284,-0.0137321203947067,-0.0024188456591218,0.0132870906963944,0.0149345239624381,0.0005701747140847,-0.0050885407254099,0.0068375458940863,-0.0006102274055592,0.0083003668114542,0.0020382893271744,0.0063610877841711,-0.0022370712831616,-0.0284439958631992,0.0,-0.0019134802278131,0.0190673191100359,0.0044095003977417,-0.0116755366325378,0.0082076787948608,-0.0028594646137207,0.0071249553002417,-0.029422752559185,0.0123242710234192,-0.0199323312257845,0.0063546702552914,-0.0184557358849104,0.0117465930926243,-0.0277933532142511,0.0032736014179746,0.0099789736431821,0.0727902695899354,0.0867390535987699,0.0269318033405987,0.0747529373307573,2019-02-14,2019-02-15,2019-02-19,2019-02-20,2019-02-21,2019-02-22,2019-02-25,2019-02-26,2019-02-27,2019-02-28,88373.0,2019-02-13,252.0,-0.3645%,0.0014,0.3562,-0.0961,-0.1266,1.1831%,1.2534%,10.8967%,-0.004599,NNN,88373.0,2019-02-14,252.0,0.7125%,0.0014,0.3548,-0.0927,-0.1304,1.1837%,1.2538%,10.8705%,0.007538,NNN,88373.0,2019-02-15,252.0,0.5163%,0.0015,0.3714,-0.0777,-0.1033,1.1771%,1.2504%,11.3748%,0.001911,NNN,88373.0,2019-02-19,252.0,-0.5897%,0.0013,0.3625,-0.0721,-0.0962,1.1689%,1.2384%,10.9094%,-0.006167,NNN,88373.0,2019-02-20,252.0,-1.3777%,0.0013,0.358,-0.0835,-0.1127,1.1726%,1.2420%,10.8631%,-0.013878,NNN,88373.0,2019-02-21,252.0,1.9402%,0.0014,0.3457,-0.1044,-0.1354,1.1704%,1.2381%,10.6387%,0.020309,NNN,88373.0,2019-02-22,252.0,0.2855%,0.0015,0.3455,-0.0912,-0.1256,1.1688%,1.2355%,10.5145%,-0.000908,NNN,88373.0,2019-02-25,252.0,-0.2088%,0.0014,0.3484,-0.0861,-0.1123,1.1588%,1.2257%,10.6158%,-0.003169,NNN,88373.0,2019-02-26,252.0,-0.5706%,0.0013,0.3503,-0.0776,-0.1064,1.1598%,1.2262%,10.5322%,-0.00617,NNN,88373.0,2019-02-27,252.0,-0.2678%,0.0013,0.347,-0.0729,-0.107,1.1592%,1.2242%,10.3440%,-0.003074,NNN,88373.0,2019-02-28,252.0,-0.0767%,0.0014,0.3298,-0.0848,-0.1192,1.1408%,1.2021%,9.9358%,-4.4000000000000006e-05,NNN,0.002939,0.00485,-0.001317,0.005114,-0.008251
23099,NORTHROP GRUMMAN CORP,"Morgan Stanley Maintains Equal-Weight on Northrop Grumman, Raises Price Target to $308",6,increase,0.7,0.5,"raising the price target typically indicates positive sentiment and potential for stock price appreciation, which may lead to an increase in northrop grumman's stock price.",2,2019-02-13,NOC,2019-02-13 15:58:00+00:00,24766.0,66680710,-0.002745701232925,1254044.0,-0.0095304688438773,0.0092726945877075,0.0227370094507932,0.0030290288850665,0.00128927140031,0.0075036669149994,0.0030276495963335,-0.0067044859752058,-0.0024980958551168,0.007002844940871,0.0083825793117284,-0.0009687494020909,-0.0057497271336615,0.0211386997252702,-0.0017418569186702,-0.0093993702903389,0.000767758639995,-0.018766539171338,0.0111239058896899,0.0024631507694721,-0.0102082751691341,0.0212541650980711,-0.0135888289660215,0.0053510903380811,-0.0008124725427478,0.011192605830729,-0.0085198273882269,-0.0015172396088019,-0.0143335564061999,0.0207758843898773,-0.0017364020459353,-0.0112791368737816,0.0118133416399359,0.013897355645895,-0.0145046478137373,0.0326111726462841,0.0145000908523798,-0.0123580629006028,-0.0157974045723676,-0.0039236382581293,-0.012884471565485,0.0152704697102308,0.0135689070448279,-0.006248605903238,-0.0141147542744875,0.0218521114438772,-0.0020295130088925,0.0047417404130101,0.0074688293971121,0.0045230952091515,-0.0151204690337181,0.0077854297123849,0.0008943984284996,0.0332610681653022,-0.0102382721379399,-0.0261801239103078,-0.0072597051039338,0.0060024550184607,0.0116701517254114,0.0109390877187252,0.0097378501668572,0.0111866788938641,0.0167284086346626,0.0297885481268167,-0.0028455685824155,0.0283340122550725,-0.0240367949008941,-0.0383013486862182,0.0159319229423999,-0.034397792071104,0.019519492983818,-0.0384054109454155,0.0021715748589485,-0.0139721194282174,-0.0123871173709631,-0.0011661787284538,-0.0107507314532995,-0.0208214428275823,0.0253576897084713,-0.0191898997873067,0.0204043872654438,-0.0083668855950236,-0.0099981864914298,0.007873079739511,0.0049603316001594,-0.0082522695884108,-0.0100848563015461,0.0492739081382751,0.0085734287276864,0.0020621716976165,0.0061531192623078,0.0286984220147132,0.0343595407903194,-0.0444793067872524,-0.0430948548018932,0.0061181942000985,-0.0028928483370691,0.0015728372382,0.0141122620552778,-0.0093866428360342,0.0101366685703396,0.0107552371919155,0.0136713413521647,-0.020910108461976,-0.0020696287974715,-0.0025882532354444,0.0021430130582302,-0.0041836132295429,0.0072776735760271,0.0033731639850884,-0.002396973548457,-0.009099056944251,-0.0101599218323826,-0.0123973181471228,0.0075594447553157,0.0010648376774042,0.0152808455750346,0.0060209990479052,0.0196609757840633,-0.0106710027903318,-0.0095304688438773,0.0092726945877075,0.0129898462467421,0.0123298107325227,0.0142958650843125,0.0199259964403839,0.0148253177707027,0.0201824144950326,0.0277627944974372,0.0141005285210515,-0.0536188636770786,0.1726728038461225,0.066185148192841,0.0429458988782702,2019-02-14,2019-02-15,2019-02-19,2019-02-20,2019-02-21,2019-02-22,2019-02-25,2019-02-26,2019-02-27,2019-02-28,24766.0,2019-02-13,252.0,-0.2746%,-0.0007,0.7384,0.0943,0.0074,1.4724%,1.6694%,22.2101%,-0.0049819999999999,NOC,24766.0,2019-02-14,252.0,-0.9530%,-0.0008,0.7391,0.0895,0.0144,1.4698%,1.6665%,22.2126%,-0.008527,NOC,24766.0,2019-02-15,252.0,2.2737%,-0.0008,0.7428,0.0944,0.0224,1.4720%,1.6687%,22.1889%,0.013992,NOC,24766.0,2019-02-19,252.0,0.1289%,-0.0008,0.7388,0.1002,0.0293,1.4697%,1.6632%,21.9162%,-0.000563,NOC,24766.0,2019-02-20,252.0,0.3028%,-0.0008,0.7395,0.103,0.0324,1.4697%,1.6634%,21.9302%,0.001142,NOC,24766.0,2019-02-21,252.0,-0.2498%,-0.0008,0.7356,0.0953,0.0252,1.4683%,1.6606%,21.8194%,0.000285,NOC,24766.0,2019-02-22,252.0,0.8383%,-0.0008,0.7353,0.0902,0.0162,1.4683%,1.6615%,21.9095%,0.003348,NOC,24766.0,2019-02-25,252.0,-0.5750%,-0.0008,0.7346,0.0925,0.0151,1.4683%,1.6615%,21.8985%,-0.006689,NOC,24766.0,2019-02-26,252.0,-0.1742%,-0.0008,0.7357,0.0905,0.0148,1.4683%,1.6606%,21.8165%,-2.3999999999999997e-05,NOC,24766.0,2019-02-27,252.0,0.0768%,-0.0008,0.7343,0.0931,0.0146,1.4682%,1.6592%,21.7000%,-0.000148,NOC,24766.0,2019-02-28,252.0,1.1124%,-0.0007,0.7347,0.0938,0.0116,1.4704%,1.6607%,21.6081%,0.013318,NOC,-0.013509,0.0004829999999999,-8.000000000000097e-05,0.0013469999999999,0.011152
23107,ENPRO INDUSTRIES INC,"Enpro Industries Q4 EPS $0.98 Misses $1 Estimate, Sales $381.4M Beat $374.6M Estimate",6,decrease,0.7,0.5,"the earnings per share (eps) miss is likely to weigh more heavily on investor sentiment than the sales beat, leading to a potential decrease in stock price.",0,2019-02-13,NPO,2019-02-13 22:37:00+00:00,89406.0,29355X10,-0.0175105351954698,161287.0,0.0292588919401168,0.0505901463329792,0.0419912822544574,0.0094398111104965,-0.028804900124669,-0.0027777822688221,0.025381525978446,-0.0235080998390913,-0.0143235484138131,0.0007540801307186,-0.0124153112992644,-0.0070380535908043,-0.004571424331516,0.0055713760666549,0.0064580501057207,0.0054504252038896,0.0009981419425457,0.007781540043652,-0.0229344833642244,0.0161240454763174,0.0046655102632939,0.0135135231539607,0.0008706654189154,-0.0105721438303589,-0.0007249971386045,0.0250199157744646,0.0020387270487844,-0.0135198961943388,-0.0383665077388286,-0.0144096734002232,0.0084631284698843,-0.0244861338287591,0.0182825345546007,0.0155027182772755,-0.0245768688619136,0.0292259454727172,-0.004677090793848,0.0102138426154851,-0.0175838060677051,-0.0022292896173894,0.0058633680455386,-0.0139739271253347,0.0388096123933792,-0.0015676796901971,-0.0064973779954016,0.0188468340784311,-0.0102556841447949,0.0100015960633754,0.0165190901607275,0.0040492387488484,-0.0627862885594368,-0.006756727118045,0.0072509916499257,0.0436534322798252,0.0015649213455617,-0.03343066573143,-0.0078125,0.0252911895513534,0.0228345971554517,-0.01329833175987,-0.0076982299797236,0.010116096585989,0.0207913741469383,0.011405574157834,0.0126159265637397,0.0734605342149734,0.0076552759855985,-0.0465235896408557,0.0196633357554674,-0.0221587996929884,0.0151935862377286,0.0082938028499484,0.0056123095564544,-0.030521772801876,-0.0174584090709686,0.0013144597178325,0.0173317026346921,-0.0232707541435957,0.0110236834734678,-0.0125197637826204,0.0158594604581594,-0.0307219661772251,-0.0065514529123902,0.0364591144025325,0.0008419418008998,-0.014126474969089,-0.0082714697346091,-0.0087132034823298,0.0134295253083109,-0.0109265418723225,0.0064165024086833,-0.0082416562363505,0.0353429727256298,-0.066969446837902,0.0026774376165121,0.0014209449291229,-0.036048125475645,0.0226677935570478,0.0045706625096499,-0.0130503885447979,0.0312974527478218,0.039040420204401,-0.0064171571284532,-0.0011906805448234,-0.0204520542174577,0.0180303398519754,-0.1100274994969368,-0.0091577935963869,0.0370427779853344,0.0,-0.0016371574020013,-0.0150820147246122,-0.0177400484681129,-0.0306722018867731,-0.0135073512792587,0.0146886920556426,0.0083077065646648,0.0051161884330213,0.0009154342114925,-0.0242475662380456,0.0292588919401168,0.0505901463329792,0.0724787925844845,0.0605075188689114,0.0415861480782626,0.0575616598870447,0.052725312028818,0.0334791336491293,0.0187137138313437,0.0624806022052,-0.0318364500111665,0.1251025950973203,-0.0221473401741806,-0.0189555850104358,2019-02-14,2019-02-15,2019-02-19,2019-02-20,2019-02-21,2019-02-22,2019-02-25,2019-02-26,2019-02-27,2019-02-28,89406.0,2019-02-13,252.0,-1.7511%,-0.0007,1.3426,1.1511,0.6843,1.6403%,2.1719%,42.9629%,-0.022573,NPO,89406.0,2019-02-14,252.0,2.9259%,-0.0006,1.3359,1.1681,0.6649,1.6509%,2.1799%,42.6438%,0.029961,NPO,89406.0,2019-02-15,252.0,4.1991%,-0.0,1.4454,1.2688,0.8459,1.4844%,2.1241%,51.1665%,0.020684,NPO,89406.0,2019-02-19,252.0,-2.8805%,-0.0002,1.4389,1.2439,0.8183,1.5031%,2.1315%,50.2721%,-0.037868,NPO,89406.0,2019-02-20,252.0,2.5382%,-0.0001,1.4429,1.2513,0.8321,1.5061%,2.1367%,50.3155%,0.0153099999999999,NPO,89406.0,2019-02-21,252.0,-1.4324%,-0.0001,1.4412,1.2465,0.8292,1.5057%,2.1333%,50.1847%,-0.0062949999999999,NPO,89406.0,2019-02-22,252.0,-1.2415%,-0.0001,1.4436,1.244,0.8549,1.5091%,2.1345%,50.0126%,-0.016551,NPO,89406.0,2019-02-25,252.0,-0.4571%,-0.0002,1.4449,1.2463,0.8608,1.5076%,2.1341%,50.0939%,-0.002063,NPO,89406.0,2019-02-26,252.0,0.6458%,-0.0,1.4524,1.2117,0.8489,1.5077%,2.1344%,50.1033%,0.019487,NPO,89406.0,2019-02-27,252.0,0.0998%,-0.0,1.4542,1.2079,0.8492,1.5075%,2.1342%,50.1049%,-0.001693,NPO,89406.0,2019-02-28,252.0,-2.2934%,-0.0001,1.4612,1.2121,0.8581,1.5105%,2.1373%,50.0530%,-0.016645,NPO,0.007388,0.028072,-0.0097959999999999,-0.0007809999999999,-0.0182459999999999
23115,ENPRO INDUSTRIES INC,EnPro Industries Raises Quarterly Dividend From $0.24 To $0.25/Share,6,increase,0.75,0.6,"raising the quarterly dividend typically signals financial strength and can attract investors, likely leading to an increase in stock price.",2,2019-02-13,NPO,2019-02-13 21:43:00+00:00,89406.0,29355X10,-0.0175105351954698,161287.0,0.0292588919401168,0.0505901463329792,0.0419912822544574,0.0094398111104965,-0.028804900124669,-0.0027777822688221,0.025381525978446,-0.0235080998390913,-0.0143235484138131,0.0007540801307186,-0.0124153112992644,-0.0070380535908043,-0.004571424331516,0.0055713760666549,0.0064580501057207,0.0054504252038896,0.0009981419425457,0.007781540043652,-0.0229344833642244,0.0161240454763174,0.0046655102632939,0.0135135231539607,0.0008706654189154,-0.0105721438303589,-0.0007249971386045,0.0250199157744646,0.0020387270487844,-0.0135198961943388,-0.0383665077388286,-0.0144096734002232,0.0084631284698843,-0.0244861338287591,0.0182825345546007,0.0155027182772755,-0.0245768688619136,0.0292259454727172,-0.004677090793848,0.0102138426154851,-0.0175838060677051,-0.0022292896173894,0.0058633680455386,-0.0139739271253347,0.0388096123933792,-0.0015676796901971,-0.0064973779954016,0.0188468340784311,-0.0102556841447949,0.0100015960633754,0.0165190901607275,0.0040492387488484,-0.0627862885594368,-0.006756727118045,0.0072509916499257,0.0436534322798252,0.0015649213455617,-0.03343066573143,-0.0078125,0.0252911895513534,0.0228345971554517,-0.01329833175987,-0.0076982299797236,0.010116096585989,0.0207913741469383,0.011405574157834,0.0126159265637397,0.0734605342149734,0.0076552759855985,-0.0465235896408557,0.0196633357554674,-0.0221587996929884,0.0151935862377286,0.0082938028499484,0.0056123095564544,-0.030521772801876,-0.0174584090709686,0.0013144597178325,0.0173317026346921,-0.0232707541435957,0.0110236834734678,-0.0125197637826204,0.0158594604581594,-0.0307219661772251,-0.0065514529123902,0.0364591144025325,0.0008419418008998,-0.014126474969089,-0.0082714697346091,-0.0087132034823298,0.0134295253083109,-0.0109265418723225,0.0064165024086833,-0.0082416562363505,0.0353429727256298,-0.066969446837902,0.0026774376165121,0.0014209449291229,-0.036048125475645,0.0226677935570478,0.0045706625096499,-0.0130503885447979,0.0312974527478218,0.039040420204401,-0.0064171571284532,-0.0011906805448234,-0.0204520542174577,0.0180303398519754,-0.1100274994969368,-0.0091577935963869,0.0370427779853344,0.0,-0.0016371574020013,-0.0150820147246122,-0.0177400484681129,-0.0306722018867731,-0.0135073512792587,0.0146886920556426,0.0083077065646648,0.0051161884330213,0.0009154342114925,-0.0242475662380456,0.0292588919401168,0.0505901463329792,0.0724787925844845,0.0605075188689114,0.0415861480782626,0.0575616598870447,0.052725312028818,0.0334791336491293,0.0187137138313437,0.0624806022052,-0.0318364500111665,0.1251025950973203,-0.0221473401741806,-0.0189555850104358,2019-02-14,2019-02-15,2019-02-19,2019-02-20,2019-02-21,2019-02-22,2019-02-25,2019-02-26,2019-02-27,2019-02-28,89406.0,2019-02-13,252.0,-1.7511%,-0.0007,1.3426,1.1511,0.6843,1.6403%,2.1719%,42.9629%,-0.022573,NPO,89406.0,2019-02-14,252.0,2.9259%,-0.0006,1.3359,1.1681,0.6649,1.6509%,2.1799%,42.6438%,0.029961,NPO,89406.0,2019-02-15,252.0,4.1991%,-0.0,1.4454,1.2688,0.8459,1.4844%,2.1241%,51.1665%,0.020684,NPO,89406.0,2019-02-19,252.0,-2.8805%,-0.0002,1.4389,1.2439,0.8183,1.5031%,2.1315%,50.2721%,-0.037868,NPO,89406.0,2019-02-20,252.0,2.5382%,-0.0001,1.4429,1.2513,0.8321,1.5061%,2.1367%,50.3155%,0.0153099999999999,NPO,89406.0,2019-02-21,252.0,-1.4324%,-0.0001,1.4412,1.2465,0.8292,1.5057%,2.1333%,50.1847%,-0.0062949999999999,NPO,89406.0,2019-02-22,252.0,-1.2415%,-0.0001,1.4436,1.244,0.8549,1.5091%,2.1345%,50.0126%,-0.016551,NPO,89406.0,2019-02-25,252.0,-0.4571%,-0.0002,1.4449,1.2463,0.8608,1.5076%,2.1341%,50.0939%,-0.002063,NPO,89406.0,2019-02-26,252.0,0.6458%,-0.0,1.4524,1.2117,0.8489,1.5077%,2.1344%,50.1033%,0.019487,NPO,89406.0,2019-02-27,252.0,0.0998%,-0.0,1.4542,1.2079,0.8492,1.5075%,2.1342%,50.1049%,-0.001693,NPO,89406.0,2019-02-28,252.0,-2.2934%,-0.0001,1.4612,1.2121,0.8581,1.5105%,2.1373%,50.0530%,-0.016645,NPO,0.007388,0.028072,-0.0097959999999999,-0.0007809999999999,-0.0182459999999999
23123,NETAPP INC,NetApp Sees Q4 Adj. EPS $1.22-$1.28 vs $1.25 Estimate,6,uncertain,0.6,0.2,"while netapp's adjusted eps guidance is within the expected range, the slight variation from the estimate introduces uncertainty about market reactions.",1,2019-02-13,NTAP,2019-02-13 21:01:00+00:00,82598.0,64110D10,0.0031277791131287,4520475.0,-0.0547883994877338,0.0183527842164039,0.0058121103793382,-0.0010606014402583,0.0034359085839241,-0.0147782936692237,0.0158754345029592,-0.0171655770391225,0.0026046545244753,0.0075388341210782,0.0088629918172955,0.0077462280169129,-0.0003028876672033,0.0202126763761043,0.0115151843056082,0.0318331904709339,-0.010185744613409,0.0061533511616289,-0.0133172646164894,0.012621839530766,0.0156442373991012,-0.0098085580393671,-0.0252189394086599,-0.0081594297662377,0.002323685446754,0.0284008122980594,-0.0117464968934655,0.0139071056619286,-0.0075070308521389,-0.0056938715279102,-0.0042546559125185,-0.0239758379757404,0.0327584035694599,0.0171188861131668,0.0027582026086747,-0.002898555714637,0.0019865105859935,-0.0057636988349258,0.0025926211383193,0.0200881846249103,0.0352905355393886,-0.006812684237957,-0.0168967675417661,0.0030914812814444,-0.0046331663616001,0.0210998579859733,0.0145645830780267,0.0259076282382011,0.0287110023200511,-0.0077795176766812,-0.0384118221700191,-0.0050479425117373,0.0004489289422053,0.0339248552918434,0.0113652534782886,-0.0407689847052097,-0.0068017020821571,0.0112284561619162,0.0032752898987382,0.0098155019804835,0.0289359986782074,-0.0052188783884048,0.0149985719472169,0.0264386143535375,0.0053993305191397,0.0556366145610809,0.0233182795345783,-0.0340088158845901,-0.0071814083494246,-0.019184248521924,0.0092321122065186,-0.0254336930811405,0.0113652069121599,-0.0428824760019779,-0.0026038431096822,0.0405971854925155,0.0201978739351034,-0.0296272132545709,0.0167003087699413,-0.0207237247377634,0.0018545422935858,-0.0305980462580919,0.0070078861899673,0.0079439589753746,0.0166753754019737,-0.0217888224869966,0.0030995463021099,0.019257616251707,0.0002575546968728,-0.0597255229949951,-0.0127430232241749,0.0075033414177596,-0.0007822368061169,-0.0280280150473117,-0.0409707650542259,0.0457603931427002,0.0001360834867227,-0.0078634833917021,-0.0219017900526523,-0.0299366973340511,0.0137690939009189,0.0328527837991714,-0.0005487846792675,-0.0072314860299229,-0.0146877104416489,0.0319829173386097,-0.001393124461174,-0.0037930510006845,0.0066964752040803,-0.026008490473032,-0.0198170766234397,0.0057966616004705,-0.0224799085408449,-0.0641908049583435,-0.0031819674186408,0.0437717698514461,-0.0055135991424322,-0.1172626093029976,0.003209822345525,-0.0109012629836797,-0.0547883994877338,0.0183527842164039,-0.0492947253337255,0.0172727177867728,-0.0460281889197177,0.0022391628216305,-0.0283592581656235,-0.0075388341457027,-0.0319228139304997,0.0726953058646941,0.0005939243565957,0.1441398311703206,0.0266477912784928,-0.1430190970537999,2019-02-14,2019-02-15,2019-02-19,2019-02-20,2019-02-21,2019-02-22,2019-02-25,2019-02-26,2019-02-27,2019-02-28,82598.0,2019-02-13,252.0,0.3128%,0.0003,1.156,-0.0287,-0.6668,1.6513%,2.1919%,43.2409%,0.000268,NTAP,82598.0,2019-02-14,252.0,-5.4788%,0.0001,1.1684,-0.0598,-0.6314,1.6873%,2.2173%,42.0941%,-0.056179,NTAP,82598.0,2019-02-15,252.0,0.5812%,-0.0,1.1508,-0.0761,-0.6606,1.6837%,2.2084%,41.8772%,-0.004311,NTAP,82598.0,2019-02-19,252.0,0.3436%,0.0003,1.1727,-0.1038,-0.6937,1.6288%,2.1862%,44.4896%,0.003352,NTAP,82598.0,2019-02-20,252.0,1.5875%,0.0004,1.1793,-0.0806,-0.6679,1.6278%,2.1843%,44.4612%,0.017591,NTAP,82598.0,2019-02-21,252.0,0.2605%,0.0003,1.1901,-0.0577,-0.6482,1.6148%,2.1777%,45.0114%,0.0052759999999999,NTAP,82598.0,2019-02-22,252.0,0.8863%,0.0002,1.192,-0.0795,-0.6443,1.6130%,2.1778%,45.1419%,-0.008184,NTAP,82598.0,2019-02-25,252.0,-0.0303%,0.0002,1.1918,-0.0779,-0.6443,1.6131%,2.1778%,45.1344%,-0.003557,NTAP,82598.0,2019-02-26,252.0,1.1515%,0.0003,1.1911,-0.0917,-0.6519,1.6144%,2.1763%,44.9703%,0.010697,NTAP,82598.0,2019-02-27,252.0,-1.0186%,0.0002,1.1914,-0.0959,-0.6519,1.6162%,2.1759%,44.8291%,-0.011966,NTAP,82598.0,2019-02-28,252.0,-1.3317%,0.0001,1.2015,-0.0893,-0.6418,1.6152%,2.1777%,44.9877%,-0.011335,NTAP,-0.055911,-0.060222,-0.05687,-0.034003,-0.058348
23131,NETAPP INC,"NetApp Q3 EPS $1.20 Beats $1.15 Estimate, Sales $1.56B Miss $1.6B Estimate",6,uncertain,0.7,0.3,"while netapp's eps beat estimates, the sales miss could raise concerns among investors, leading to uncertainty in the stock's reaction.",1,2019-02-13,NTAP,2019-02-13 21:01:00+00:00,82598.0,64110D10,0.0031277791131287,4520475.0,-0.0547883994877338,0.0183527842164039,0.0058121103793382,-0.0010606014402583,0.0034359085839241,-0.0147782936692237,0.0158754345029592,-0.0171655770391225,0.0026046545244753,0.0075388341210782,0.0088629918172955,0.0077462280169129,-0.0003028876672033,0.0202126763761043,0.0115151843056082,0.0318331904709339,-0.010185744613409,0.0061533511616289,-0.0133172646164894,0.012621839530766,0.0156442373991012,-0.0098085580393671,-0.0252189394086599,-0.0081594297662377,0.002323685446754,0.0284008122980594,-0.0117464968934655,0.0139071056619286,-0.0075070308521389,-0.0056938715279102,-0.0042546559125185,-0.0239758379757404,0.0327584035694599,0.0171188861131668,0.0027582026086747,-0.002898555714637,0.0019865105859935,-0.0057636988349258,0.0025926211383193,0.0200881846249103,0.0352905355393886,-0.006812684237957,-0.0168967675417661,0.0030914812814444,-0.0046331663616001,0.0210998579859733,0.0145645830780267,0.0259076282382011,0.0287110023200511,-0.0077795176766812,-0.0384118221700191,-0.0050479425117373,0.0004489289422053,0.0339248552918434,0.0113652534782886,-0.0407689847052097,-0.0068017020821571,0.0112284561619162,0.0032752898987382,0.0098155019804835,0.0289359986782074,-0.0052188783884048,0.0149985719472169,0.0264386143535375,0.0053993305191397,0.0556366145610809,0.0233182795345783,-0.0340088158845901,-0.0071814083494246,-0.019184248521924,0.0092321122065186,-0.0254336930811405,0.0113652069121599,-0.0428824760019779,-0.0026038431096822,0.0405971854925155,0.0201978739351034,-0.0296272132545709,0.0167003087699413,-0.0207237247377634,0.0018545422935858,-0.0305980462580919,0.0070078861899673,0.0079439589753746,0.0166753754019737,-0.0217888224869966,0.0030995463021099,0.019257616251707,0.0002575546968728,-0.0597255229949951,-0.0127430232241749,0.0075033414177596,-0.0007822368061169,-0.0280280150473117,-0.0409707650542259,0.0457603931427002,0.0001360834867227,-0.0078634833917021,-0.0219017900526523,-0.0299366973340511,0.0137690939009189,0.0328527837991714,-0.0005487846792675,-0.0072314860299229,-0.0146877104416489,0.0319829173386097,-0.001393124461174,-0.0037930510006845,0.0066964752040803,-0.026008490473032,-0.0198170766234397,0.0057966616004705,-0.0224799085408449,-0.0641908049583435,-0.0031819674186408,0.0437717698514461,-0.0055135991424322,-0.1172626093029976,0.003209822345525,-0.0109012629836797,-0.0547883994877338,0.0183527842164039,-0.0492947253337255,0.0172727177867728,-0.0460281889197177,0.0022391628216305,-0.0283592581656235,-0.0075388341457027,-0.0319228139304997,0.0726953058646941,0.0005939243565957,0.1441398311703206,0.0266477912784928,-0.1430190970537999,2019-02-14,2019-02-15,2019-02-19,2019-02-20,2019-02-21,2019-02-22,2019-02-25,2019-02-26,2019-02-27,2019-02-28,82598.0,2019-02-13,252.0,0.3128%,0.0003,1.156,-0.0287,-0.6668,1.6513%,2.1919%,43.2409%,0.000268,NTAP,82598.0,2019-02-14,252.0,-5.4788%,0.0001,1.1684,-0.0598,-0.6314,1.6873%,2.2173%,42.0941%,-0.056179,NTAP,82598.0,2019-02-15,252.0,0.5812%,-0.0,1.1508,-0.0761,-0.6606,1.6837%,2.2084%,41.8772%,-0.004311,NTAP,82598.0,2019-02-19,252.0,0.3436%,0.0003,1.1727,-0.1038,-0.6937,1.6288%,2.1862%,44.4896%,0.003352,NTAP,82598.0,2019-02-20,252.0,1.5875%,0.0004,1.1793,-0.0806,-0.6679,1.6278%,2.1843%,44.4612%,0.017591,NTAP,82598.0,2019-02-21,252.0,0.2605%,0.0003,1.1901,-0.0577,-0.6482,1.6148%,2.1777%,45.0114%,0.0052759999999999,NTAP,82598.0,2019-02-22,252.0,0.8863%,0.0002,1.192,-0.0795,-0.6443,1.6130%,2.1778%,45.1419%,-0.008184,NTAP,82598.0,2019-02-25,252.0,-0.0303%,0.0002,1.1918,-0.0779,-0.6443,1.6131%,2.1778%,45.1344%,-0.003557,NTAP,82598.0,2019-02-26,252.0,1.1515%,0.0003,1.1911,-0.0917,-0.6519,1.6144%,2.1763%,44.9703%,0.010697,NTAP,82598.0,2019-02-27,252.0,-1.0186%,0.0002,1.1914,-0.0959,-0.6519,1.6162%,2.1759%,44.8291%,-0.011966,NTAP,82598.0,2019-02-28,252.0,-1.3317%,0.0001,1.2015,-0.0893,-0.6418,1.6152%,2.1777%,44.9877%,-0.011335,NTAP,-0.055911,-0.060222,-0.05687,-0.034003,-0.058348
23139,NETAPP INC,NetApp To Report Q3 Earnings After The Closing Bell; Co. Historically Issues Its Report At 4:01 p.m. ET,6,uncertain,0.5,0.5,"the announcement of an earnings report does not inherently indicate whether the stock price will increase or decrease, as it depends on the actual earnings results and market expectations.",1,2019-02-13,NTAP,2019-02-13 20:46:00+00:00,82598.0,64110D10,0.0031277791131287,4520475.0,-0.0547883994877338,0.0183527842164039,0.0058121103793382,-0.0010606014402583,0.0034359085839241,-0.0147782936692237,0.0158754345029592,-0.0171655770391225,0.0026046545244753,0.0075388341210782,0.0088629918172955,0.0077462280169129,-0.0003028876672033,0.0202126763761043,0.0115151843056082,0.0318331904709339,-0.010185744613409,0.0061533511616289,-0.0133172646164894,0.012621839530766,0.0156442373991012,-0.0098085580393671,-0.0252189394086599,-0.0081594297662377,0.002323685446754,0.0284008122980594,-0.0117464968934655,0.0139071056619286,-0.0075070308521389,-0.0056938715279102,-0.0042546559125185,-0.0239758379757404,0.0327584035694599,0.0171188861131668,0.0027582026086747,-0.002898555714637,0.0019865105859935,-0.0057636988349258,0.0025926211383193,0.0200881846249103,0.0352905355393886,-0.006812684237957,-0.0168967675417661,0.0030914812814444,-0.0046331663616001,0.0210998579859733,0.0145645830780267,0.0259076282382011,0.0287110023200511,-0.0077795176766812,-0.0384118221700191,-0.0050479425117373,0.0004489289422053,0.0339248552918434,0.0113652534782886,-0.0407689847052097,-0.0068017020821571,0.0112284561619162,0.0032752898987382,0.0098155019804835,0.0289359986782074,-0.0052188783884048,0.0149985719472169,0.0264386143535375,0.0053993305191397,0.0556366145610809,0.0233182795345783,-0.0340088158845901,-0.0071814083494246,-0.019184248521924,0.0092321122065186,-0.0254336930811405,0.0113652069121599,-0.0428824760019779,-0.0026038431096822,0.0405971854925155,0.0201978739351034,-0.0296272132545709,0.0167003087699413,-0.0207237247377634,0.0018545422935858,-0.0305980462580919,0.0070078861899673,0.0079439589753746,0.0166753754019737,-0.0217888224869966,0.0030995463021099,0.019257616251707,0.0002575546968728,-0.0597255229949951,-0.0127430232241749,0.0075033414177596,-0.0007822368061169,-0.0280280150473117,-0.0409707650542259,0.0457603931427002,0.0001360834867227,-0.0078634833917021,-0.0219017900526523,-0.0299366973340511,0.0137690939009189,0.0328527837991714,-0.0005487846792675,-0.0072314860299229,-0.0146877104416489,0.0319829173386097,-0.001393124461174,-0.0037930510006845,0.0066964752040803,-0.026008490473032,-0.0198170766234397,0.0057966616004705,-0.0224799085408449,-0.0641908049583435,-0.0031819674186408,0.0437717698514461,-0.0055135991424322,-0.1172626093029976,0.003209822345525,-0.0109012629836797,-0.0547883994877338,0.0183527842164039,-0.0492947253337255,0.0172727177867728,-0.0460281889197177,0.0022391628216305,-0.0283592581656235,-0.0075388341457027,-0.0319228139304997,0.0726953058646941,0.0005939243565957,0.1441398311703206,0.0266477912784928,-0.1430190970537999,2019-02-14,2019-02-15,2019-02-19,2019-02-20,2019-02-21,2019-02-22,2019-02-25,2019-02-26,2019-02-27,2019-02-28,82598.0,2019-02-13,252.0,0.3128%,0.0003,1.156,-0.0287,-0.6668,1.6513%,2.1919%,43.2409%,0.000268,NTAP,82598.0,2019-02-14,252.0,-5.4788%,0.0001,1.1684,-0.0598,-0.6314,1.6873%,2.2173%,42.0941%,-0.056179,NTAP,82598.0,2019-02-15,252.0,0.5812%,-0.0,1.1508,-0.0761,-0.6606,1.6837%,2.2084%,41.8772%,-0.004311,NTAP,82598.0,2019-02-19,252.0,0.3436%,0.0003,1.1727,-0.1038,-0.6937,1.6288%,2.1862%,44.4896%,0.003352,NTAP,82598.0,2019-02-20,252.0,1.5875%,0.0004,1.1793,-0.0806,-0.6679,1.6278%,2.1843%,44.4612%,0.017591,NTAP,82598.0,2019-02-21,252.0,0.2605%,0.0003,1.1901,-0.0577,-0.6482,1.6148%,2.1777%,45.0114%,0.0052759999999999,NTAP,82598.0,2019-02-22,252.0,0.8863%,0.0002,1.192,-0.0795,-0.6443,1.6130%,2.1778%,45.1419%,-0.008184,NTAP,82598.0,2019-02-25,252.0,-0.0303%,0.0002,1.1918,-0.0779,-0.6443,1.6131%,2.1778%,45.1344%,-0.003557,NTAP,82598.0,2019-02-26,252.0,1.1515%,0.0003,1.1911,-0.0917,-0.6519,1.6144%,2.1763%,44.9703%,0.010697,NTAP,82598.0,2019-02-27,252.0,-1.0186%,0.0002,1.1914,-0.0959,-0.6519,1.6162%,2.1759%,44.8291%,-0.011966,NTAP,82598.0,2019-02-28,252.0,-1.3317%,0.0001,1.2015,-0.0893,-0.6418,1.6152%,2.1777%,44.9877%,-0.011335,NTAP,-0.055911,-0.060222,-0.05687,-0.034003,-0.058348
23147,NETWORK 1 TECHNOLOGIES INC,Network-1 Receives New Patent From US Patent Office,6,increase,0.7,0.6,"receiving a new patent can enhance network 1 technologies inc's competitive position and potential revenue streams, likely leading to a positive impact on its stock price.",2,2019-02-13,NTIP,2019-02-13 14:03:00+00:00,34936.0,64121N10,0.0288065560162067,2587.0,-0.0279999729245901,-0.0081632575020194,0.020576111972332,0.0,0.024193525314331,-0.016064241528511,0.0078740082681179,-0.0158102624118328,0.0,-0.0155641883611679,-0.0156249850988388,-0.0077220005914568,0.0277777519077062,0.0038759654853492,0.0,-0.0190114788711071,0.0231660939753055,-0.0075471624732017,-0.0188679955899715,0.0076045552268624,-0.0038461503572762,0.0038168814498931,-0.0115830013528466,0.0076923007145524,0.0,0.0,-0.0078124925494194,0.0,-0.0039370041340589,-0.0114069236442446,1.914180813855637e-08,0.0193799193948507,-0.0120967626571655,0.0157480165362358,0.0163265150040388,-0.0116731412708759,0.0,-0.0115384506061673,-0.016064241528511,0.0317460000514984,0.0,-0.0270270016044378,-0.0122448857873678,0.048582948744297,0.0247933641076088,-0.0159362405538559,0.0120967626571655,0.028688495978713,0.0159362405538559,0.0124481208622455,-0.0039215651340782,0.0083681922405958,-0.0039370041340589,0.1327015310525894,-0.0079051312059164,-0.0321101695299148,0.0239043589681386,-0.0224215034395456,0.0077820941805839,-0.0346320010721683,0.0038610002957284,0.0221238732337951,0.019230842590332,-0.0131004247814416,0.0113207437098026,-0.004347822163254,-0.0111940186470747,-0.0416667237877845,-0.033962320536375,-0.0020789506379514,0.0156249850988388,-0.0341365598142147,-0.0038461503572762,0.0121951103210449,-0.0038610002957284,0.0165289100259542,-0.0310077238827943,-0.0122448857873678,0.0,-0.016064241528511,-0.0119999889284372,0.0331949889659881,0.0,0.0168777219951152,-0.0040485789068043,-0.0246914327144622,-0.0162601470947265,-0.0201612710952758,0.0206611361354589,-0.0158730000257492,-0.0121457371860742,0.0079999919980764,0.0122950701043009,-0.0384615026414394,0.0080971578136086,0.0276679582893848,0.0441766642034053,-0.0078431302681565,-0.0346153527498245,0.0,0.0039840601384639,-0.0040618875063955,-0.0198412518948316,-0.0075968662276864,0.0,0.0117646949365735,0.0040485789068043,-0.0039062462747097,-0.0161290168762207,-0.0115830013528466,0.0,-0.0189394652843475,0.0245901402086019,0.0153846926987171,0.0,0.0038610002957284,0.0079999919980764,-0.0038461503572762,-0.0157936234027147,-0.0225564576685428,-0.0279999729245901,-0.0081632575020194,-0.0079999915303767,-0.0081632575020194,0.0159999857863497,-0.0240963624903586,0.0239999780748392,-0.0544746587083271,0.0399999639466581,-0.076045643525092,0.0568870642448542,0.0519481064597298,0.0120816321456809,-0.0864661661782366,2019-02-14,2019-02-15,2019-02-19,2019-02-20,2019-02-21,2019-02-22,2019-02-25,2019-02-26,2019-02-27,2019-02-28,34936.0,2019-02-13,252.0,2.8807%,-0.0,0.4356,-0.2104,-0.4822,2.8136%,2.8836%,4.7986%,0.027976,NTIP,34936.0,2019-02-14,252.0,-2.8000%,-0.0001,0.4438,-0.2253,-0.4682,2.8163%,2.8866%,4.8167%,-0.0288879999999999,NTIP,34936.0,2019-02-15,252.0,2.0576%,-0.0,0.4432,-0.2238,-0.4665,2.8170%,2.8870%,4.7915%,0.018272,NTIP,34936.0,2019-02-19,252.0,2.4194%,0.0001,0.4511,-0.2121,-0.454,2.8209%,2.8909%,4.7819%,0.0253,NTIP,34936.0,2019-02-20,252.0,0.7874%,0.0003,0.4573,-0.1824,-0.4279,2.8121%,2.8812%,4.7427%,0.009881,NTIP,34936.0,2019-02-21,252.0,0.0000%,0.0002,0.4646,-0.1674,-0.4144,2.8091%,2.8787%,4.7782%,0.00048,NTIP,34936.0,2019-02-22,252.0,-1.5625%,0.0001,0.4683,-0.1782,-0.38,2.8130%,2.8805%,4.6326%,-0.023917,NTIP,34936.0,2019-02-25,252.0,2.7778%,0.0001,0.4703,-0.189,-0.3785,2.8155%,2.8832%,4.6431%,0.025828,NTIP,34936.0,2019-02-26,252.0,0.0000%,0.0001,0.4645,-0.1807,-0.3786,2.8147%,2.8808%,4.5355%,-0.001806,NTIP,34936.0,2019-02-27,252.0,2.3166%,0.0003,0.4762,-0.1949,-0.3766,2.8138%,2.8819%,4.6726%,0.0225369999999999,NTIP,34936.0,2019-02-28,252.0,-1.8868%,0.0003,0.4728,-0.1979,-0.3747,2.8149%,2.8819%,4.5939%,-0.018394,NTIP,-0.0009119999999999,0.01736,0.04266,0.053021,0.057269
23155,NETSOL TECHNOLOGIES INC,"Netsol Technologies Q2 EPS $0.25 Up From $0.06 YoY, Sales $17M Up From $14.446M YoY",6,increase,0.8,0.7,"the significant year-over-year increase in both eps and sales suggests strong financial performance, which is likely to positively influence investor sentiment and drive the stock price up.",2,2019-02-13,NTWK,2019-02-13 13:04:00+00:00,87508.0,64115A40,-0.0159189086407423,113733.0,-0.0441176742315292,0.0549617782235145,0.0307692009955644,0.0170807652175426,0.0134328594431281,0.0078247562050819,0.0117820212617516,-0.0462686493992805,0.0145560270175337,-0.0175953600555658,0.0243902560323476,0.0088757304474711,0.0266106519848108,-0.0058823470026254,0.0122783295810222,0.0134128397330641,0.0714285373687744,-0.0132353166118264,0.0201257672160863,0.03186646848917,-0.0110973119735717,0.006106864195317,-0.0087282601743936,-0.0142964320257306,0.0088051129132509,-0.0313411280512809,-0.0137157859280705,0.020833384245634,-0.0467762202024459,-0.0117647647857666,0.0450928583741188,-0.0516038872301578,0.0190354846417903,-0.0069251684471964,-0.016189245507121,0.0013869281392544,-0.0075949295423924,-0.0163710620254278,-0.0025510180275887,-0.0213617961853742,-0.0217391401529312,0.0135317873209714,-0.0313725806772708,0.0193103272467851,0.020242927595973,0.0041551538743078,0.019841281697154,0.0571010075509548,-0.0064851092174649,-0.0115774134173989,-0.040469966828823,0.0598159320652484,-0.0938775613903999,0.0688524693250656,-0.0360360033810138,-0.0317460745573043,0.0155763085931539,0.0243902597576379,-0.0138037046417594,0.0441426560282707,0.012441742233932,0.0461811274290084,-0.0061444602906703,0.0071556279435753,0.0061824480071663,0.0647619366645813,-0.0721966624259948,-0.0277777947485446,0.1076159104704857,-0.0217391103506088,0.0179372020065784,-0.0195382107049226,-0.0220264457166194,0.0107719823718071,0.0270270742475986,-0.0053570950403809,0.0087719215080142,-0.0492359884083271,-0.0202898345887661,-0.0407166145741939,0.0240531899034977,-0.0253968760371208,-0.0393782258033752,0.0047847223468124,0.0270676426589489,0.0064205396920442,-0.0380673147737979,0.004838743712753,-0.0030441370327025,-0.0111643020063638,0.0290075689554214,0.0096618263050913,0.0415430590510368,-0.0079872505739331,-0.0042735342867672,-0.0126182837411761,0.0014306479133665,-0.0155279356986284,0.0499999858438968,-0.0242424011230468,0.0,0.0107197081670165,-0.0122448541224002,-0.0060882740654051,0.0096418308094143,-0.0223213732242584,0.0095498189330101,0.0014902759576216,0.0135135008022189,0.0419254638254642,-0.0359999984502792,-0.0152905052527785,0.0124481534585356,-0.0090909004211425,-0.0560109727084636,-0.0871369466185569,0.0014472111361101,-0.0068681580014526,0.0375722162425518,-0.0773130133748054,-0.0441176742315292,0.0549617782235145,-0.0147059388218515,0.0729813326708317,-0.0014706221878966,0.0813771500115849,0.0249999399821587,0.013196433264571,0.192646977070378,0.0485583733722649,-0.0544118203241348,0.1731748796934014,0.0558822864463461,-0.1242078579915214,2019-02-14,2019-02-15,2019-02-19,2019-02-20,2019-02-21,2019-02-22,2019-02-25,2019-02-26,2019-02-27,2019-02-28,87508.0,2019-02-13,252.0,-1.5919%,0.0015,0.693,0.3442,-0.1721,2.7046%,2.8267%,8.4496%,-0.018075,NTWK,87508.0,2019-02-14,252.0,-4.4118%,0.0015,0.7064,0.3199,-0.1496,2.7113%,2.8337%,8.4528%,-0.04555,NTWK,87508.0,2019-02-15,252.0,3.0769%,0.0016,0.7308,0.3441,-0.107,2.7133%,2.8395%,8.6962%,0.022605,NTWK,87508.0,2019-02-19,252.0,1.3433%,0.0017,0.7396,0.3404,-0.1118,2.7105%,2.8393%,8.8688%,0.011268,NTWK,87508.0,2019-02-20,252.0,1.1782%,0.0017,0.7411,0.3405,-0.1071,2.7105%,2.8394%,8.8714%,0.010143,NTWK,87508.0,2019-02-21,252.0,1.4556%,0.0017,0.7507,0.3634,-0.0896,2.7025%,2.8339%,9.0592%,0.01719,NTWK,87508.0,2019-02-22,252.0,2.4390%,0.0017,0.7486,0.3682,-0.111,2.7040%,2.8374%,9.1833%,0.016094,NTWK,87508.0,2019-02-25,252.0,2.6611%,0.0018,0.7482,0.3558,-0.119,2.7083%,2.8416%,9.1610%,0.026145,NTWK,87508.0,2019-02-26,252.0,1.2278%,0.002,0.7592,0.3265,-0.1257,2.7057%,2.8412%,9.3074%,0.01526,NTWK,87508.0,2019-02-27,252.0,7.1429%,0.0023,0.7647,0.3366,-0.1245,2.7387%,2.8744%,9.2160%,0.069874,NTWK,87508.0,2019-02-28,252.0,2.0126%,0.0024,0.7534,0.3296,-0.1373,2.7402%,2.8726%,9.0027%,0.022018,NTWK,-0.063625,-0.04102,-0.029752,-0.002419,0.146972
23163,NOVA LTD,Nova Measuring Shares Resume Trade,6,uncertain,0.5,0.5,"the resumption of trade could indicate a return to normalcy or a response to previous volatility, making the impact on stock price unclear.",1,2019-02-13,NVMI,2019-02-13 13:30:00+00:00,88181.0,M7516K10,-0.0053410464897751,460655.0,0.0169352237135171,0.0095395911484956,0.0125913666561245,-0.0065924944356083,-0.0148415900766849,0.0078903874382376,0.0260586850345134,-0.0298146568238735,-0.0035714344121515,-0.0032128484454005,0.0159298926591873,0.0004017769824713,0.003920046146959,-0.0024048646446317,0.0035142581909894,0.0121704321354627,-0.0194552522152662,0.0036645014770329,-0.019841268658638,0.0246141087263822,0.0089068543165922,-0.019230818375945,0.0104333963245153,-0.0097244642674922,-0.0071485424414277,0.0435518249869346,-0.0116000361740589,0.0313998833298683,-0.0246863104403019,0.0035010906867682,-0.0008298945031128,-0.033008836209774,0.0091361841186881,0.0068172072060406,-0.000822985661216,0.0138228815048933,-0.003294889582321,0.0056472267024219,0.0049586333334445,0.0109793590381741,0.0082237152382731,-0.015564146451652,0.0044860807247459,0.0104849180206656,0.0056841778568923,0.012383846566081,-0.0040371571667492,0.00937504414469,0.0259424149990081,-0.0097259599715471,-0.0225207321345806,0.000442292279331,-0.0117218680679798,0.0314781256020069,0.0061349533498287,-0.0596310347318649,-0.0121951680630445,0.0232659690082073,0.0148148406296968,0.0115453032776713,0.0210867989808321,-0.0046408637426793,0.0166799072176218,0.0321624055504798,0.0144530832767486,0.0219113882631063,0.0308048203587532,-0.0187557116150856,0.0033619781024754,-0.0454148054122924,0.020104207098484,-0.005644857417792,0.0218978244811296,-0.0270384196192026,-0.005714280065149,0.0277898125350475,0.003951171413064,-0.0090361051261425,-0.0110912835225462,-0.0202360693365335,0.0162807796150445,-0.0178053956478834,-0.0024919791612774,0.0083506824448704,0.0167737081646919,0.0079966550692915,0.0094770258292555,-0.012468796223402,-0.0013908523833379,-0.0086526982486248,-0.0100974589586257,-0.013013407588005,-0.0007034983136691,-0.0364420190453529,-0.0021119136363267,0.0302785616368055,-0.0109347254037857,0.0147480787709355,0.0074892682023346,-0.0105391256511211,-0.0162831526249647,0.0240763761103153,0.0025188806466758,0.0037500064354389,-0.0168701075017452,0.0412147864699363,0.0,-0.0021645517554134,0.0277473628520965,0.0266666840761899,-0.0095914909616112,-0.0140227740630507,0.0028694379143416,-0.02934923581779,-0.0128754908218979,-0.0038135657086968,-0.0054347687400877,0.0107066379860043,-0.0098360823467373,0.0147761907428503,0.0169352237135171,0.0095395911484956,0.029739827980822,0.0028842070113228,0.0144568515682945,0.0107973519603319,0.0371747846964805,-0.0224899386558178,0.0202396401191788,0.0154359979828861,0.0185873909531624,0.0808170373383743,0.1226766344387477,0.0578009488861663,2019-02-14,2019-02-15,2019-02-19,2019-02-20,2019-02-21,2019-02-22,2019-02-25,2019-02-26,2019-02-27,2019-02-28,88181.0,2019-02-13,252.0,-0.5341%,-0.0004,1.1517,0.5762,-0.1778,1.7177%,2.1725%,37.4901%,-0.008883,NVMI,88181.0,2019-02-14,252.0,1.6935%,-0.0003,1.1488,0.5851,-0.1889,1.7189%,2.1746%,37.5198%,0.015226,NVMI,88181.0,2019-02-15,252.0,1.2591%,-0.0006,1.0918,0.5338,-0.2816,1.6633%,2.1077%,37.7280%,-0.001046,NVMI,88181.0,2019-02-19,252.0,-1.4842%,-0.0006,1.0926,0.5173,-0.3003,1.6645%,2.1098%,37.7570%,-0.017719,NVMI,88181.0,2019-02-20,252.0,2.6059%,-0.0005,1.101,0.5429,-0.2685,1.6688%,2.1143%,37.6968%,0.024396,NVMI,88181.0,2019-02-21,252.0,-0.3571%,-0.0006,1.1164,0.5743,-0.2403,1.6466%,2.1032%,38.7076%,0.000165,NVMI,88181.0,2019-02-22,252.0,1.5930%,-0.0005,1.115,0.6012,-0.2322,1.6420%,2.1016%,38.9534%,0.001882,NVMI,88181.0,2019-02-25,252.0,0.3920%,-0.0004,1.1121,0.5964,-0.2456,1.6346%,2.0963%,39.1968%,0.003293,NVMI,88181.0,2019-02-26,252.0,0.3514%,-0.0003,1.1235,0.5733,-0.2487,1.6295%,2.0959%,39.5541%,0.0081999999999999,NVMI,88181.0,2019-02-27,252.0,-1.9455%,-0.0004,1.1184,0.576,-0.2496,1.6339%,2.0957%,39.2208%,-0.0219539999999999,NVMI,88181.0,2019-02-28,252.0,-1.9841%,-0.0006,1.1281,0.582,-0.2387,1.6356%,2.0993%,39.2965%,-0.017213,NVMI,0.006343,0.005297,-0.0124219999999999,0.012139,-0.0136529999999999
23171,NOVA LTD,Nova Measuring Shares To Resume Trade At 8:30 a.m. EST,6,uncertain,0.5,0.5,"the resumption of trade could indicate a return to normalcy, but without additional context on the reasons for the halt, the impact on stock price is unclear.",1,2019-02-13,NVMI,2019-02-13 13:04:00+00:00,88181.0,M7516K10,-0.0053410464897751,460655.0,0.0169352237135171,0.0095395911484956,0.0125913666561245,-0.0065924944356083,-0.0148415900766849,0.0078903874382376,0.0260586850345134,-0.0298146568238735,-0.0035714344121515,-0.0032128484454005,0.0159298926591873,0.0004017769824713,0.003920046146959,-0.0024048646446317,0.0035142581909894,0.0121704321354627,-0.0194552522152662,0.0036645014770329,-0.019841268658638,0.0246141087263822,0.0089068543165922,-0.019230818375945,0.0104333963245153,-0.0097244642674922,-0.0071485424414277,0.0435518249869346,-0.0116000361740589,0.0313998833298683,-0.0246863104403019,0.0035010906867682,-0.0008298945031128,-0.033008836209774,0.0091361841186881,0.0068172072060406,-0.000822985661216,0.0138228815048933,-0.003294889582321,0.0056472267024219,0.0049586333334445,0.0109793590381741,0.0082237152382731,-0.015564146451652,0.0044860807247459,0.0104849180206656,0.0056841778568923,0.012383846566081,-0.0040371571667492,0.00937504414469,0.0259424149990081,-0.0097259599715471,-0.0225207321345806,0.000442292279331,-0.0117218680679798,0.0314781256020069,0.0061349533498287,-0.0596310347318649,-0.0121951680630445,0.0232659690082073,0.0148148406296968,0.0115453032776713,0.0210867989808321,-0.0046408637426793,0.0166799072176218,0.0321624055504798,0.0144530832767486,0.0219113882631063,0.0308048203587532,-0.0187557116150856,0.0033619781024754,-0.0454148054122924,0.020104207098484,-0.005644857417792,0.0218978244811296,-0.0270384196192026,-0.005714280065149,0.0277898125350475,0.003951171413064,-0.0090361051261425,-0.0110912835225462,-0.0202360693365335,0.0162807796150445,-0.0178053956478834,-0.0024919791612774,0.0083506824448704,0.0167737081646919,0.0079966550692915,0.0094770258292555,-0.012468796223402,-0.0013908523833379,-0.0086526982486248,-0.0100974589586257,-0.013013407588005,-0.0007034983136691,-0.0364420190453529,-0.0021119136363267,0.0302785616368055,-0.0109347254037857,0.0147480787709355,0.0074892682023346,-0.0105391256511211,-0.0162831526249647,0.0240763761103153,0.0025188806466758,0.0037500064354389,-0.0168701075017452,0.0412147864699363,0.0,-0.0021645517554134,0.0277473628520965,0.0266666840761899,-0.0095914909616112,-0.0140227740630507,0.0028694379143416,-0.02934923581779,-0.0128754908218979,-0.0038135657086968,-0.0054347687400877,0.0107066379860043,-0.0098360823467373,0.0147761907428503,0.0169352237135171,0.0095395911484956,0.029739827980822,0.0028842070113228,0.0144568515682945,0.0107973519603319,0.0371747846964805,-0.0224899386558178,0.0202396401191788,0.0154359979828861,0.0185873909531624,0.0808170373383743,0.1226766344387477,0.0578009488861663,2019-02-14,2019-02-15,2019-02-19,2019-02-20,2019-02-21,2019-02-22,2019-02-25,2019-02-26,2019-02-27,2019-02-28,88181.0,2019-02-13,252.0,-0.5341%,-0.0004,1.1517,0.5762,-0.1778,1.7177%,2.1725%,37.4901%,-0.008883,NVMI,88181.0,2019-02-14,252.0,1.6935%,-0.0003,1.1488,0.5851,-0.1889,1.7189%,2.1746%,37.5198%,0.015226,NVMI,88181.0,2019-02-15,252.0,1.2591%,-0.0006,1.0918,0.5338,-0.2816,1.6633%,2.1077%,37.7280%,-0.001046,NVMI,88181.0,2019-02-19,252.0,-1.4842%,-0.0006,1.0926,0.5173,-0.3003,1.6645%,2.1098%,37.7570%,-0.017719,NVMI,88181.0,2019-02-20,252.0,2.6059%,-0.0005,1.101,0.5429,-0.2685,1.6688%,2.1143%,37.6968%,0.024396,NVMI,88181.0,2019-02-21,252.0,-0.3571%,-0.0006,1.1164,0.5743,-0.2403,1.6466%,2.1032%,38.7076%,0.000165,NVMI,88181.0,2019-02-22,252.0,1.5930%,-0.0005,1.115,0.6012,-0.2322,1.6420%,2.1016%,38.9534%,0.001882,NVMI,88181.0,2019-02-25,252.0,0.3920%,-0.0004,1.1121,0.5964,-0.2456,1.6346%,2.0963%,39.1968%,0.003293,NVMI,88181.0,2019-02-26,252.0,0.3514%,-0.0003,1.1235,0.5733,-0.2487,1.6295%,2.0959%,39.5541%,0.0081999999999999,NVMI,88181.0,2019-02-27,252.0,-1.9455%,-0.0004,1.1184,0.576,-0.2496,1.6339%,2.0957%,39.2208%,-0.0219539999999999,NVMI,88181.0,2019-02-28,252.0,-1.9841%,-0.0006,1.1281,0.582,-0.2387,1.6356%,2.0993%,39.2965%,-0.017213,NVMI,0.006343,0.005297,-0.0124219999999999,0.012139,-0.0136529999999999
23179,NOVA LTD,"Nova Measuring Sees Q1 Adj. EPS $0.24-$0.34 vs $0.43 Estimate, Sales $52M-$58M vs $60.7M Est.",6,decrease,0.8,0.6,"the company's adjusted eps and sales guidance are both below analyst estimates, which typically leads to a negative reaction in stock prices.",0,2019-02-13,NVMI,2019-02-13 13:01:00+00:00,88181.0,M7516K10,-0.0053410464897751,460655.0,0.0169352237135171,0.0095395911484956,0.0125913666561245,-0.0065924944356083,-0.0148415900766849,0.0078903874382376,0.0260586850345134,-0.0298146568238735,-0.0035714344121515,-0.0032128484454005,0.0159298926591873,0.0004017769824713,0.003920046146959,-0.0024048646446317,0.0035142581909894,0.0121704321354627,-0.0194552522152662,0.0036645014770329,-0.019841268658638,0.0246141087263822,0.0089068543165922,-0.019230818375945,0.0104333963245153,-0.0097244642674922,-0.0071485424414277,0.0435518249869346,-0.0116000361740589,0.0313998833298683,-0.0246863104403019,0.0035010906867682,-0.0008298945031128,-0.033008836209774,0.0091361841186881,0.0068172072060406,-0.000822985661216,0.0138228815048933,-0.003294889582321,0.0056472267024219,0.0049586333334445,0.0109793590381741,0.0082237152382731,-0.015564146451652,0.0044860807247459,0.0104849180206656,0.0056841778568923,0.012383846566081,-0.0040371571667492,0.00937504414469,0.0259424149990081,-0.0097259599715471,-0.0225207321345806,0.000442292279331,-0.0117218680679798,0.0314781256020069,0.0061349533498287,-0.0596310347318649,-0.0121951680630445,0.0232659690082073,0.0148148406296968,0.0115453032776713,0.0210867989808321,-0.0046408637426793,0.0166799072176218,0.0321624055504798,0.0144530832767486,0.0219113882631063,0.0308048203587532,-0.0187557116150856,0.0033619781024754,-0.0454148054122924,0.020104207098484,-0.005644857417792,0.0218978244811296,-0.0270384196192026,-0.005714280065149,0.0277898125350475,0.003951171413064,-0.0090361051261425,-0.0110912835225462,-0.0202360693365335,0.0162807796150445,-0.0178053956478834,-0.0024919791612774,0.0083506824448704,0.0167737081646919,0.0079966550692915,0.0094770258292555,-0.012468796223402,-0.0013908523833379,-0.0086526982486248,-0.0100974589586257,-0.013013407588005,-0.0007034983136691,-0.0364420190453529,-0.0021119136363267,0.0302785616368055,-0.0109347254037857,0.0147480787709355,0.0074892682023346,-0.0105391256511211,-0.0162831526249647,0.0240763761103153,0.0025188806466758,0.0037500064354389,-0.0168701075017452,0.0412147864699363,0.0,-0.0021645517554134,0.0277473628520965,0.0266666840761899,-0.0095914909616112,-0.0140227740630507,0.0028694379143416,-0.02934923581779,-0.0128754908218979,-0.0038135657086968,-0.0054347687400877,0.0107066379860043,-0.0098360823467373,0.0147761907428503,0.0169352237135171,0.0095395911484956,0.029739827980822,0.0028842070113228,0.0144568515682945,0.0107973519603319,0.0371747846964805,-0.0224899386558178,0.0202396401191788,0.0154359979828861,0.0185873909531624,0.0808170373383743,0.1226766344387477,0.0578009488861663,2019-02-14,2019-02-15,2019-02-19,2019-02-20,2019-02-21,2019-02-22,2019-02-25,2019-02-26,2019-02-27,2019-02-28,88181.0,2019-02-13,252.0,-0.5341%,-0.0004,1.1517,0.5762,-0.1778,1.7177%,2.1725%,37.4901%,-0.008883,NVMI,88181.0,2019-02-14,252.0,1.6935%,-0.0003,1.1488,0.5851,-0.1889,1.7189%,2.1746%,37.5198%,0.015226,NVMI,88181.0,2019-02-15,252.0,1.2591%,-0.0006,1.0918,0.5338,-0.2816,1.6633%,2.1077%,37.7280%,-0.001046,NVMI,88181.0,2019-02-19,252.0,-1.4842%,-0.0006,1.0926,0.5173,-0.3003,1.6645%,2.1098%,37.7570%,-0.017719,NVMI,88181.0,2019-02-20,252.0,2.6059%,-0.0005,1.101,0.5429,-0.2685,1.6688%,2.1143%,37.6968%,0.024396,NVMI,88181.0,2019-02-21,252.0,-0.3571%,-0.0006,1.1164,0.5743,-0.2403,1.6466%,2.1032%,38.7076%,0.000165,NVMI,88181.0,2019-02-22,252.0,1.5930%,-0.0005,1.115,0.6012,-0.2322,1.6420%,2.1016%,38.9534%,0.001882,NVMI,88181.0,2019-02-25,252.0,0.3920%,-0.0004,1.1121,0.5964,-0.2456,1.6346%,2.0963%,39.1968%,0.003293,NVMI,88181.0,2019-02-26,252.0,0.3514%,-0.0003,1.1235,0.5733,-0.2487,1.6295%,2.0959%,39.5541%,0.0081999999999999,NVMI,88181.0,2019-02-27,252.0,-1.9455%,-0.0004,1.1184,0.576,-0.2496,1.6339%,2.0957%,39.2208%,-0.0219539999999999,NVMI,88181.0,2019-02-28,252.0,-1.9841%,-0.0006,1.1281,0.582,-0.2387,1.6356%,2.0993%,39.2965%,-0.017213,NVMI,0.006343,0.005297,-0.0124219999999999,0.012139,-0.0136529999999999
23187,NOVA LTD,Nova Measuring Reports $25M Buyback,6,increase,0.8,0.6,"a $25 million buyback typically signals that the company believes its stock is undervalued, which can boost investor confidence and lead to an increase in stock price.",2,2019-02-13,NVMI,2019-02-13 13:00:00+00:00,88181.0,M7516K10,-0.0053410464897751,460655.0,0.0169352237135171,0.0095395911484956,0.0125913666561245,-0.0065924944356083,-0.0148415900766849,0.0078903874382376,0.0260586850345134,-0.0298146568238735,-0.0035714344121515,-0.0032128484454005,0.0159298926591873,0.0004017769824713,0.003920046146959,-0.0024048646446317,0.0035142581909894,0.0121704321354627,-0.0194552522152662,0.0036645014770329,-0.019841268658638,0.0246141087263822,0.0089068543165922,-0.019230818375945,0.0104333963245153,-0.0097244642674922,-0.0071485424414277,0.0435518249869346,-0.0116000361740589,0.0313998833298683,-0.0246863104403019,0.0035010906867682,-0.0008298945031128,-0.033008836209774,0.0091361841186881,0.0068172072060406,-0.000822985661216,0.0138228815048933,-0.003294889582321,0.0056472267024219,0.0049586333334445,0.0109793590381741,0.0082237152382731,-0.015564146451652,0.0044860807247459,0.0104849180206656,0.0056841778568923,0.012383846566081,-0.0040371571667492,0.00937504414469,0.0259424149990081,-0.0097259599715471,-0.0225207321345806,0.000442292279331,-0.0117218680679798,0.0314781256020069,0.0061349533498287,-0.0596310347318649,-0.0121951680630445,0.0232659690082073,0.0148148406296968,0.0115453032776713,0.0210867989808321,-0.0046408637426793,0.0166799072176218,0.0321624055504798,0.0144530832767486,0.0219113882631063,0.0308048203587532,-0.0187557116150856,0.0033619781024754,-0.0454148054122924,0.020104207098484,-0.005644857417792,0.0218978244811296,-0.0270384196192026,-0.005714280065149,0.0277898125350475,0.003951171413064,-0.0090361051261425,-0.0110912835225462,-0.0202360693365335,0.0162807796150445,-0.0178053956478834,-0.0024919791612774,0.0083506824448704,0.0167737081646919,0.0079966550692915,0.0094770258292555,-0.012468796223402,-0.0013908523833379,-0.0086526982486248,-0.0100974589586257,-0.013013407588005,-0.0007034983136691,-0.0364420190453529,-0.0021119136363267,0.0302785616368055,-0.0109347254037857,0.0147480787709355,0.0074892682023346,-0.0105391256511211,-0.0162831526249647,0.0240763761103153,0.0025188806466758,0.0037500064354389,-0.0168701075017452,0.0412147864699363,0.0,-0.0021645517554134,0.0277473628520965,0.0266666840761899,-0.0095914909616112,-0.0140227740630507,0.0028694379143416,-0.02934923581779,-0.0128754908218979,-0.0038135657086968,-0.0054347687400877,0.0107066379860043,-0.0098360823467373,0.0147761907428503,0.0169352237135171,0.0095395911484956,0.029739827980822,0.0028842070113228,0.0144568515682945,0.0107973519603319,0.0371747846964805,-0.0224899386558178,0.0202396401191788,0.0154359979828861,0.0185873909531624,0.0808170373383743,0.1226766344387477,0.0578009488861663,2019-02-14,2019-02-15,2019-02-19,2019-02-20,2019-02-21,2019-02-22,2019-02-25,2019-02-26,2019-02-27,2019-02-28,88181.0,2019-02-13,252.0,-0.5341%,-0.0004,1.1517,0.5762,-0.1778,1.7177%,2.1725%,37.4901%,-0.008883,NVMI,88181.0,2019-02-14,252.0,1.6935%,-0.0003,1.1488,0.5851,-0.1889,1.7189%,2.1746%,37.5198%,0.015226,NVMI,88181.0,2019-02-15,252.0,1.2591%,-0.0006,1.0918,0.5338,-0.2816,1.6633%,2.1077%,37.7280%,-0.001046,NVMI,88181.0,2019-02-19,252.0,-1.4842%,-0.0006,1.0926,0.5173,-0.3003,1.6645%,2.1098%,37.7570%,-0.017719,NVMI,88181.0,2019-02-20,252.0,2.6059%,-0.0005,1.101,0.5429,-0.2685,1.6688%,2.1143%,37.6968%,0.024396,NVMI,88181.0,2019-02-21,252.0,-0.3571%,-0.0006,1.1164,0.5743,-0.2403,1.6466%,2.1032%,38.7076%,0.000165,NVMI,88181.0,2019-02-22,252.0,1.5930%,-0.0005,1.115,0.6012,-0.2322,1.6420%,2.1016%,38.9534%,0.001882,NVMI,88181.0,2019-02-25,252.0,0.3920%,-0.0004,1.1121,0.5964,-0.2456,1.6346%,2.0963%,39.1968%,0.003293,NVMI,88181.0,2019-02-26,252.0,0.3514%,-0.0003,1.1235,0.5733,-0.2487,1.6295%,2.0959%,39.5541%,0.0081999999999999,NVMI,88181.0,2019-02-27,252.0,-1.9455%,-0.0004,1.1184,0.576,-0.2496,1.6339%,2.0957%,39.2208%,-0.0219539999999999,NVMI,88181.0,2019-02-28,252.0,-1.9841%,-0.0006,1.1281,0.582,-0.2387,1.6356%,2.0993%,39.2965%,-0.017213,NVMI,0.006343,0.005297,-0.0124219999999999,0.012139,-0.0136529999999999
23195,NOVA LTD,"Nova Measuring Q4 EPS $0.59 Beats $0.42 Estimate, Sales $63.1M Beat $60.83M Estimate",6,increase,0.8,0.7,"the company's earnings per share and sales both exceeded analyst estimates, which typically signals strong performance and can lead to a positive reaction in the stock price.",2,2019-02-13,NVMI,2019-02-13 13:00:00+00:00,88181.0,M7516K10,-0.0053410464897751,460655.0,0.0169352237135171,0.0095395911484956,0.0125913666561245,-0.0065924944356083,-0.0148415900766849,0.0078903874382376,0.0260586850345134,-0.0298146568238735,-0.0035714344121515,-0.0032128484454005,0.0159298926591873,0.0004017769824713,0.003920046146959,-0.0024048646446317,0.0035142581909894,0.0121704321354627,-0.0194552522152662,0.0036645014770329,-0.019841268658638,0.0246141087263822,0.0089068543165922,-0.019230818375945,0.0104333963245153,-0.0097244642674922,-0.0071485424414277,0.0435518249869346,-0.0116000361740589,0.0313998833298683,-0.0246863104403019,0.0035010906867682,-0.0008298945031128,-0.033008836209774,0.0091361841186881,0.0068172072060406,-0.000822985661216,0.0138228815048933,-0.003294889582321,0.0056472267024219,0.0049586333334445,0.0109793590381741,0.0082237152382731,-0.015564146451652,0.0044860807247459,0.0104849180206656,0.0056841778568923,0.012383846566081,-0.0040371571667492,0.00937504414469,0.0259424149990081,-0.0097259599715471,-0.0225207321345806,0.000442292279331,-0.0117218680679798,0.0314781256020069,0.0061349533498287,-0.0596310347318649,-0.0121951680630445,0.0232659690082073,0.0148148406296968,0.0115453032776713,0.0210867989808321,-0.0046408637426793,0.0166799072176218,0.0321624055504798,0.0144530832767486,0.0219113882631063,0.0308048203587532,-0.0187557116150856,0.0033619781024754,-0.0454148054122924,0.020104207098484,-0.005644857417792,0.0218978244811296,-0.0270384196192026,-0.005714280065149,0.0277898125350475,0.003951171413064,-0.0090361051261425,-0.0110912835225462,-0.0202360693365335,0.0162807796150445,-0.0178053956478834,-0.0024919791612774,0.0083506824448704,0.0167737081646919,0.0079966550692915,0.0094770258292555,-0.012468796223402,-0.0013908523833379,-0.0086526982486248,-0.0100974589586257,-0.013013407588005,-0.0007034983136691,-0.0364420190453529,-0.0021119136363267,0.0302785616368055,-0.0109347254037857,0.0147480787709355,0.0074892682023346,-0.0105391256511211,-0.0162831526249647,0.0240763761103153,0.0025188806466758,0.0037500064354389,-0.0168701075017452,0.0412147864699363,0.0,-0.0021645517554134,0.0277473628520965,0.0266666840761899,-0.0095914909616112,-0.0140227740630507,0.0028694379143416,-0.02934923581779,-0.0128754908218979,-0.0038135657086968,-0.0054347687400877,0.0107066379860043,-0.0098360823467373,0.0147761907428503,0.0169352237135171,0.0095395911484956,0.029739827980822,0.0028842070113228,0.0144568515682945,0.0107973519603319,0.0371747846964805,-0.0224899386558178,0.0202396401191788,0.0154359979828861,0.0185873909531624,0.0808170373383743,0.1226766344387477,0.0578009488861663,2019-02-14,2019-02-15,2019-02-19,2019-02-20,2019-02-21,2019-02-22,2019-02-25,2019-02-26,2019-02-27,2019-02-28,88181.0,2019-02-13,252.0,-0.5341%,-0.0004,1.1517,0.5762,-0.1778,1.7177%,2.1725%,37.4901%,-0.008883,NVMI,88181.0,2019-02-14,252.0,1.6935%,-0.0003,1.1488,0.5851,-0.1889,1.7189%,2.1746%,37.5198%,0.015226,NVMI,88181.0,2019-02-15,252.0,1.2591%,-0.0006,1.0918,0.5338,-0.2816,1.6633%,2.1077%,37.7280%,-0.001046,NVMI,88181.0,2019-02-19,252.0,-1.4842%,-0.0006,1.0926,0.5173,-0.3003,1.6645%,2.1098%,37.7570%,-0.017719,NVMI,88181.0,2019-02-20,252.0,2.6059%,-0.0005,1.101,0.5429,-0.2685,1.6688%,2.1143%,37.6968%,0.024396,NVMI,88181.0,2019-02-21,252.0,-0.3571%,-0.0006,1.1164,0.5743,-0.2403,1.6466%,2.1032%,38.7076%,0.000165,NVMI,88181.0,2019-02-22,252.0,1.5930%,-0.0005,1.115,0.6012,-0.2322,1.6420%,2.1016%,38.9534%,0.001882,NVMI,88181.0,2019-02-25,252.0,0.3920%,-0.0004,1.1121,0.5964,-0.2456,1.6346%,2.0963%,39.1968%,0.003293,NVMI,88181.0,2019-02-26,252.0,0.3514%,-0.0003,1.1235,0.5733,-0.2487,1.6295%,2.0959%,39.5541%,0.0081999999999999,NVMI,88181.0,2019-02-27,252.0,-1.9455%,-0.0004,1.1184,0.576,-0.2496,1.6339%,2.0957%,39.2208%,-0.0219539999999999,NVMI,88181.0,2019-02-28,252.0,-1.9841%,-0.0006,1.1281,0.582,-0.2387,1.6356%,2.0993%,39.2965%,-0.017213,NVMI,0.006343,0.005297,-0.0124219999999999,0.012139,-0.0136529999999999
23203,NOVA LTD,"Nova Measuring Shares Halted, News Pending",6,uncertain,0.5,0.5,"the halt in trading due to pending news could indicate significant information that may either positively or negatively impact the stock price, leading to uncertainty.",1,2019-02-13,NVMI,2019-02-13 12:57:00+00:00,88181.0,M7516K10,-0.0053410464897751,460655.0,0.0169352237135171,0.0095395911484956,0.0125913666561245,-0.0065924944356083,-0.0148415900766849,0.0078903874382376,0.0260586850345134,-0.0298146568238735,-0.0035714344121515,-0.0032128484454005,0.0159298926591873,0.0004017769824713,0.003920046146959,-0.0024048646446317,0.0035142581909894,0.0121704321354627,-0.0194552522152662,0.0036645014770329,-0.019841268658638,0.0246141087263822,0.0089068543165922,-0.019230818375945,0.0104333963245153,-0.0097244642674922,-0.0071485424414277,0.0435518249869346,-0.0116000361740589,0.0313998833298683,-0.0246863104403019,0.0035010906867682,-0.0008298945031128,-0.033008836209774,0.0091361841186881,0.0068172072060406,-0.000822985661216,0.0138228815048933,-0.003294889582321,0.0056472267024219,0.0049586333334445,0.0109793590381741,0.0082237152382731,-0.015564146451652,0.0044860807247459,0.0104849180206656,0.0056841778568923,0.012383846566081,-0.0040371571667492,0.00937504414469,0.0259424149990081,-0.0097259599715471,-0.0225207321345806,0.000442292279331,-0.0117218680679798,0.0314781256020069,0.0061349533498287,-0.0596310347318649,-0.0121951680630445,0.0232659690082073,0.0148148406296968,0.0115453032776713,0.0210867989808321,-0.0046408637426793,0.0166799072176218,0.0321624055504798,0.0144530832767486,0.0219113882631063,0.0308048203587532,-0.0187557116150856,0.0033619781024754,-0.0454148054122924,0.020104207098484,-0.005644857417792,0.0218978244811296,-0.0270384196192026,-0.005714280065149,0.0277898125350475,0.003951171413064,-0.0090361051261425,-0.0110912835225462,-0.0202360693365335,0.0162807796150445,-0.0178053956478834,-0.0024919791612774,0.0083506824448704,0.0167737081646919,0.0079966550692915,0.0094770258292555,-0.012468796223402,-0.0013908523833379,-0.0086526982486248,-0.0100974589586257,-0.013013407588005,-0.0007034983136691,-0.0364420190453529,-0.0021119136363267,0.0302785616368055,-0.0109347254037857,0.0147480787709355,0.0074892682023346,-0.0105391256511211,-0.0162831526249647,0.0240763761103153,0.0025188806466758,0.0037500064354389,-0.0168701075017452,0.0412147864699363,0.0,-0.0021645517554134,0.0277473628520965,0.0266666840761899,-0.0095914909616112,-0.0140227740630507,0.0028694379143416,-0.02934923581779,-0.0128754908218979,-0.0038135657086968,-0.0054347687400877,0.0107066379860043,-0.0098360823467373,0.0147761907428503,0.0169352237135171,0.0095395911484956,0.029739827980822,0.0028842070113228,0.0144568515682945,0.0107973519603319,0.0371747846964805,-0.0224899386558178,0.0202396401191788,0.0154359979828861,0.0185873909531624,0.0808170373383743,0.1226766344387477,0.0578009488861663,2019-02-14,2019-02-15,2019-02-19,2019-02-20,2019-02-21,2019-02-22,2019-02-25,2019-02-26,2019-02-27,2019-02-28,88181.0,2019-02-13,252.0,-0.5341%,-0.0004,1.1517,0.5762,-0.1778,1.7177%,2.1725%,37.4901%,-0.008883,NVMI,88181.0,2019-02-14,252.0,1.6935%,-0.0003,1.1488,0.5851,-0.1889,1.7189%,2.1746%,37.5198%,0.015226,NVMI,88181.0,2019-02-15,252.0,1.2591%,-0.0006,1.0918,0.5338,-0.2816,1.6633%,2.1077%,37.7280%,-0.001046,NVMI,88181.0,2019-02-19,252.0,-1.4842%,-0.0006,1.0926,0.5173,-0.3003,1.6645%,2.1098%,37.7570%,-0.017719,NVMI,88181.0,2019-02-20,252.0,2.6059%,-0.0005,1.101,0.5429,-0.2685,1.6688%,2.1143%,37.6968%,0.024396,NVMI,88181.0,2019-02-21,252.0,-0.3571%,-0.0006,1.1164,0.5743,-0.2403,1.6466%,2.1032%,38.7076%,0.000165,NVMI,88181.0,2019-02-22,252.0,1.5930%,-0.0005,1.115,0.6012,-0.2322,1.6420%,2.1016%,38.9534%,0.001882,NVMI,88181.0,2019-02-25,252.0,0.3920%,-0.0004,1.1121,0.5964,-0.2456,1.6346%,2.0963%,39.1968%,0.003293,NVMI,88181.0,2019-02-26,252.0,0.3514%,-0.0003,1.1235,0.5733,-0.2487,1.6295%,2.0959%,39.5541%,0.0081999999999999,NVMI,88181.0,2019-02-27,252.0,-1.9455%,-0.0004,1.1184,0.576,-0.2496,1.6339%,2.0957%,39.2208%,-0.0219539999999999,NVMI,88181.0,2019-02-28,252.0,-1.9841%,-0.0006,1.1281,0.582,-0.2387,1.6356%,2.0993%,39.2965%,-0.017213,NVMI,0.006343,0.005297,-0.0124219999999999,0.012139,-0.0136529999999999
23211,NOVARTIS A G,Clinigen to Acquire US Rights to Novartis' Cancer Drug Proleukin for $210M,6,decrease,0.7,0.5,"the acquisition of rights for a significant cancer drug like proleukin for $210m may indicate a loss of future revenue potential for novartis, which could negatively impact investor sentiment.",0,2019-02-13,NVS,2019-02-13 09:39:00+00:00,88233.0,66987V10,-0.0002250607067253,2424271.0,0.0021388586610555,0.0082841096445918,0.0096607580780982,-0.0082160467281937,0.0010013793362304,0.0060008917935192,0.0085583711043,-0.0076404530555009,-0.0025346674956381,0.0005621478776447,0.0029830585699528,0.0064494195394217,0.0035250021610409,0.0082134790718555,0.0042810030281543,0.0015997146256268,-0.002185998018831,0.0215944722294807,-0.0006572193815372,-0.0106247626245021,0.0018634019652381,0.0109748374670743,0.0075944038107991,-0.0034903483465313,0.0060497522354125,-0.0052083861082792,0.0001112973986892,-0.0198525246232748,-0.0042311241850256,-0.0019247981254011,0.002795482520014,-0.0075289155356585,0.0043487888760864,0.0040618372149765,0.0,0.0077316695824265,0.0173198357224464,0.0009103698539547,0.0042562414892017,0.012094022706151,0.0138013940304517,-0.0108237098902463,-0.0012863408774137,-0.0038588577881455,-0.001931955688633,0.0132244890555739,0.0052694431506097,0.0027675030287355,0.0019255487713962,0.0216777101159095,-0.0025625184644013,-0.0117592522874474,-0.0011774846352636,0.0135709410533309,0.0183260012418031,0.0080894641578197,0.000947210821323,-0.0203938949853181,0.0054673184640705,0.0064508025534451,0.0053330771625041,0.0141548998653888,-0.0044726473279297,-0.0082576023414731,-0.0086720492690801,0.0276397000998258,0.0008431896567344,-0.0103179439902305,-0.0077927322126924,-0.0104476418346166,-0.0024411308113485,-0.0026050158776342,0.0100010903552174,-0.0110083436593413,0.0009270255686715,-0.0043143974617123,-0.0177437160164117,-0.0186519883573055,-0.0007323026657104,-0.0114253628998994,-0.0199096724390983,0.0030637045856565,0.0089730964973568,0.0104333413764834,-0.0200099162757396,0.0036823900882154,-0.0257120411843061,-0.0020670681260526,-0.0115135749801993,-0.0221224166452884,-0.0132181923836469,-0.0189489219337701,0.0066312993876636,-0.0080866077914834,0.0252964179962873,-0.0002184709155699,0.0357234477996826,0.0052717817015945,0.0085608242079615,0.0140327671542763,-0.0019683067221194,0.010124891065061,0.0135585619136691,-0.0012359619140625,-0.0038915199693292,0.0110189849510788,0.0002441294345771,-0.0112321693450212,0.0082997716963291,0.0239218156784772,0.0019367635250091,-0.0154003016650676,-0.0205388069152832,0.0063817384652793,0.0098680527880787,0.0058459667488932,-0.0108708851039409,-0.001030619139783,0.0111137796193361,-0.0110972225666046,0.0021388586610555,0.0082841096445918,0.0118202797352415,2.844566804327542e-10,0.0128334956553473,0.006000892079683,0.0189125334208368,-0.0011242100823403,0.0270179164277442,0.0261000364536265,0.1107326281804985,0.0421064517185396,0.0833803697628403,0.0061148325141595,2019-02-14,2019-02-15,2019-02-19,2019-02-20,2019-02-21,2019-02-22,2019-02-25,2019-02-26,2019-02-27,2019-02-28,88233.0,2019-02-13,252.0,-0.0225%,0.0003,0.6025,-0.0798,0.0677,0.8818%,1.0803%,33.3836%,-0.002014,NVS,88233.0,2019-02-14,252.0,0.2139%,0.0003,0.6021,-0.0775,0.0644,0.8810%,1.0799%,33.4377%,0.004112,NVS,88233.0,2019-02-15,252.0,0.9661%,0.0003,0.5925,-0.0858,0.0492,0.8770%,1.0720%,33.0688%,0.002642,NVS,88233.0,2019-02-19,252.0,0.1001%,0.0002,0.5905,-0.0833,0.0522,0.8761%,1.0688%,32.8005%,-0.000123,NVS,88233.0,2019-02-20,252.0,0.8558%,0.0003,0.5922,-0.0805,0.0581,0.8771%,1.0699%,32.7950%,0.007232,NVS,88233.0,2019-02-21,252.0,-0.2535%,0.0003,0.5871,-0.091,0.0487,0.8723%,1.0640%,32.7874%,-0.000366,NVS,88233.0,2019-02-22,252.0,0.2983%,0.0003,0.5869,-0.0872,0.0505,0.8721%,1.0634%,32.7448%,0.000284,NVS,88233.0,2019-02-25,252.0,0.3525%,0.0003,0.5873,-0.0878,0.0516,0.8719%,1.0634%,32.7693%,0.002409,NVS,88233.0,2019-02-26,252.0,0.4281%,0.0004,0.5913,-0.0978,0.0496,0.8708%,1.0636%,32.9717%,0.004729,NVS,88233.0,2019-02-27,252.0,-0.2186%,0.0003,0.591,-0.098,0.0495,0.8710%,1.0626%,32.8174%,-0.0025729999999999,NVS,88233.0,2019-02-28,252.0,-0.0657%,0.0004,0.5852,-0.102,0.0451,0.8685%,1.0568%,32.4635%,0.001218,NVS,0.002098,0.0047399999999999,0.004617,0.0114829999999999,0.01755
23219,OCULAR THERAPEUTIX INC,Ocular Therapeutix Shares Tick Slightly Lower As Traders Circulating Unconfirmed Word Of FDA Warning Letter,6,decrease,0.8,0.7,"the circulation of unconfirmed news regarding an fda warning letter typically creates negative sentiment among investors, leading to a decrease in stock price.",0,2019-02-13,OCUL,2019-02-13 15:56:00+00:00,14823.0,67576A10,0.0280112456530332,402353.0,0.0,0.0084745679050683,-0.0027247930411249,0.0085470005869865,0.010928951203823,-0.0222841016948223,0.0054053999483585,-0.0375335402786731,-0.0295699276030063,-0.0235601868480444,0.1523545682430267,-0.0026109635364264,0.14663465321064,0.0078947292640805,-0.0167714729905128,0.0052910004742443,-0.0106610218062996,-0.0078740082681179,-0.0409482903778553,-0.0026177985128015,0.0494382642209529,0.0052631529979407,0.0085653020069003,-0.0104166567325592,-0.0318471528589725,0.0491802804172039,-0.0570174902677536,0.0194986555725336,0.0186046324670314,-0.0426666885614395,-0.020547978579998,-0.0482233650982379,0.0233100019395351,-0.002531643025577,-0.0068336525000631,-0.0025252501945942,-0.0344036892056465,-0.007518789730966,-0.0285035353153944,0.0126903429627418,-0.0097799412906169,-0.002531643025577,0.0024690744467079,-0.012499988079071,0.0098522072657942,-0.0361445993185043,0.0146341323852539,0.0024155143182724,0.0,-0.0071942945942282,-0.052884567528963,-0.0324825681746006,0.0101522747427225,0.0615763552486896,0.0100502418354153,-0.0097560882568359,0.0,0.0301507245749235,-0.0099502392113208,-0.0363196358084678,-0.0025125604588538,0.0671835243701934,0.0251889526844024,-0.0491401180624961,0.0196560006588697,-0.0192770902067422,0.0216866675764322,-0.0024037866387516,0.0235849972814321,-0.0734966471791267,0.0230414513498544,-0.0426439829170703,-0.0450451076030731,-0.0389344356954097,-0.0542451776564121,-0.0317460000514984,0.0174562819302082,-0.0544090010225772,-0.0294117368757724,-0.0549645312130451,-0.0454545617103576,-0.0157068334519863,-0.0185185018926858,-0.0171526428312063,-0.0026954151690006,0.0410714335739612,-0.0135135008022189,-0.03780073300004,-0.0027397233061492,-0.0411861613392829,0.0054945000447332,0.0819964408874511,0.0546447560191154,-0.0209423881024122,0.0284974444657564,-0.1396396160125732,0.0050377785228192,0.0990098863840103,0.0250626932829618,0.0706713944673538,-0.0391198247671127,0.054003719240427,-0.045801542699337,-0.0495575591921806,-0.005333328153938,-0.0052816434763371,-0.0294906515628099,0.0777988359332084,0.027624350041151,0.0313111245632171,0.0645161345601081,-0.0248090922832489,-0.0303030610084533,-0.0150376688688993,-0.0286458060145378,-0.0037453146651387,-0.018766738474369,0.0595238469541072,0.0054644756019115,-0.0472589805722236,0.0,0.0084745679050683,-0.0027247930411249,0.0170940006289139,0.0081743790325112,-0.0055710255142944,-0.0163488224860176,-0.0654450271487777,0.2125339879553602,-0.0654450268704799,0.0844686553042661,-0.1355932594026779,0.0027248061926787,-0.3251417848311378,2019-02-14,2019-02-15,2019-02-19,2019-02-20,2019-02-21,2019-02-22,2019-02-25,2019-02-26,2019-02-27,2019-02-28,14823.0,2019-02-13,252.0,2.8011%,-0.0011,0.9483,2.0765,0.0294,2.9858%,3.3487%,20.4978%,0.024013,OCUL,14823.0,2019-02-14,252.0,0.0000%,-0.0012,0.9496,2.0722,0.035,2.9859%,3.3480%,20.4608%,-0.008736,OCUL,14823.0,2019-02-15,252.0,-0.2725%,-0.0011,0.9717,2.0901,0.0683,2.9768%,3.3454%,20.8180%,-0.018904,OCUL,14823.0,2019-02-19,252.0,1.0929%,-0.0011,0.9741,2.0901,0.0681,2.9767%,3.3461%,20.8585%,0.002717,OCUL,14823.0,2019-02-20,252.0,0.5405%,-0.001,0.9754,2.0995,0.0744,2.9752%,3.3460%,20.9332%,-0.0015179999999999,OCUL,14823.0,2019-02-21,252.0,-2.9570%,-0.0011,0.9773,2.0982,0.0781,2.9783%,3.3476%,20.8490%,-0.02442,OCUL,14823.0,2019-02-22,252.0,15.2355%,-0.0008,0.96,2.065,-0.1599,3.0831%,3.4638%,20.7696%,0.135509,OCUL,14823.0,2019-02-25,252.0,14.6635%,-0.0001,0.9545,1.9853,-0.2219,3.2157%,3.5762%,19.1460%,0.150176,OCUL,14823.0,2019-02-26,252.0,-1.6771%,-0.0002,0.9386,2.0052,-0.2236,3.2110%,3.5713%,19.1562%,-0.003371,OCUL,14823.0,2019-02-27,252.0,-1.0661%,-0.0004,0.9252,2.0246,-0.2259,3.2070%,3.5671%,19.1670%,-0.015684,OCUL,14823.0,2019-02-28,252.0,-4.0948%,-0.0006,0.9499,2.0403,-0.1989,3.2101%,3.5751%,19.3773%,-0.03915,OCUL,0.0152769999999999,-0.003627,-0.00091,-0.026848,0.2006319999999999
23227,OIL STATES INTERNATIONAL INC,"Oil States International Q4 EPS $(0.24) Misses $(0.14) Estimate, Sales $274.12M Beat $261.49M Estimate",6,uncertain,0.6,0.3,"while the sales beat expectations, the significant earnings miss may lead to mixed reactions from investors, creating uncertainty about the stock's direction.",1,2019-02-13,OIS,2019-02-13 22:56:00+00:00,88897.0,67802610,0.0057208458893001,770153.0,-0.0210466925054788,0.0355450473725795,0.0633352845907211,0.0168673954904079,0.0092896223068237,-0.0229546427726745,0.0075799296610057,-0.0550611689686775,-0.0478238202631473,0.0152456508949399,0.0028217351064085,-0.0095078349113464,-0.0090039307251572,0.0217142384499311,-0.0170358400791883,0.016260202974081,0.005199315957725,-0.0040486752986907,-0.0149425426498055,0.006402829196304,0.0128355445340275,-0.0075100613757967,-0.0005760500207543,-0.0269815307110548,-0.0080692386254668,0.0601907148957252,-0.0726321414113044,0.0250458046793937,-0.0313283205032348,-0.0504639744758606,-0.0342820025980472,-0.0347144901752471,0.0227729510515928,0.0073322658427059,0.0360182859003543,-0.0155469560995698,0.0158027820289135,0.0291428696364164,0.0049782157875597,-0.0022805538028478,-0.0315789021551609,-0.0168161001056432,0.0447570197284221,-0.0110865160822868,-0.0152998771518468,-0.0152837764471769,0.0031074727885425,0.0462592504918575,0.0018587786471471,0.0174317937344312,-0.0754483789205551,0.0436627864837646,-0.0086956601589918,0.068005196750164,0.0087719373404979,0.0144546199589967,0.0448160581290721,0.0658263713121414,0.0544173792004585,-0.0252559650689363,0.0297510493546724,0.0124394847080111,0.0512972213327884,0.0006915787816978,-0.0319685749709606,0.0608950778841972,-0.0144843570888042,-0.0180115271359682,0.0440917089581489,-0.0156028550118207,0.049549501389265,-0.0282563641667366,0.001609478960745,-0.0644745305180549,-0.022495986893773,-0.0220680609345436,0.0082191573455929,-0.0155183700844645,0.0103261163458228,-0.0736054554581642,-0.0209789872169494,-0.0230337008833885,-0.0247253160923719,0.0,0.0253521557897329,-0.0521832481026649,-0.0159341152757406,-0.0656716227531433,0.0027916938997805,-0.0029761639889329,0.0540089793503284,-0.0561798103153705,0.0248282775282859,-0.0816852822899818,-0.0505154430866241,0.0374665558338165,0.0716612190008163,-0.0062056467868387,0.0045592784881591,-0.0026525806169956,0.0237014275044202,0.0075723864138126,-0.0482758395373821,-0.0153508111834526,-0.040372610092163,0.0368348993360996,-0.0016181599348783,-0.0325560830533504,0.0356563925743103,0.0294383894652128,0.0073030460625886,-0.0332749672234058,-0.0352149307727813,-0.0047930548898875,-0.004294145386666,0.0190941523760557,-0.005929849576205,0.0278411973267793,-0.014099795371294,0.0200186371803283,-0.0210466925054788,0.0355450473725795,0.0409555938257144,0.053011995234746,0.0506256781305307,0.0288404810487912,0.0079635602135745,-0.0129869890296782,-0.0250284730838562,0.0174621196303075,-0.0631399701329884,0.1931740725116286,0.0341297041074937,-0.1862197371737385,2019-02-14,2019-02-15,2019-02-19,2019-02-20,2019-02-21,2019-02-22,2019-02-25,2019-02-26,2019-02-27,2019-02-28,88897.0,2019-02-13,252.0,0.5721%,-0.0013,1.7513,1.6041,1.649,2.1867%,2.8435%,40.8609%,-0.0014069999999999,OIS,88897.0,2019-02-14,252.0,-2.1047%,-0.0013,1.7559,1.5966,1.6555,2.1865%,2.8451%,40.9381%,-0.016246,OIS,88897.0,2019-02-15,252.0,6.3335%,-0.0012,1.7774,1.6194,1.6951,2.1961%,2.8635%,41.1844%,0.031456,OIS,88897.0,2019-02-19,252.0,0.9290%,-0.0009,1.7989,1.5867,1.6564,2.1507%,2.8380%,42.5720%,-0.0039689999999999,OIS,88897.0,2019-02-20,252.0,0.7580%,-0.001,1.7963,1.5788,1.6467,2.1510%,2.8371%,42.5210%,-0.008539,OIS,88897.0,2019-02-21,252.0,-4.7824%,-0.0012,1.8117,1.6023,1.6752,2.1587%,2.8523%,42.7233%,-0.036385,OIS,88897.0,2019-02-22,252.0,0.2822%,-0.001,1.8087,1.6519,1.6847,2.1477%,2.8476%,43.1196%,0.0067579999999999,OIS,88897.0,2019-02-25,252.0,-0.9004%,-0.001,1.8073,1.6522,1.6797,2.1464%,2.8459%,43.1145%,-0.00449,OIS,88897.0,2019-02-26,252.0,-1.7036%,-0.001,1.8084,1.6472,1.678,2.1464%,2.8457%,43.1074%,0.0018729999999999,OIS,88897.0,2019-02-27,252.0,0.5199%,-0.001,1.8094,1.6463,1.6782,2.1465%,2.8454%,43.0940%,0.002356,OIS,88897.0,2019-02-28,252.0,-1.4943%,-0.0009,1.8032,1.6419,1.6747,2.1450%,2.8365%,42.8136%,-0.005567,OIS,-0.017653,0.013803,0.0098339999999999,-0.03509,-0.03416
23235,OLD NATIONAL BANCORP,Old National Bancorp Reports 7M Share Buyback,6,increase,0.75,0.6,"a share buyback typically signals that a company believes its stock is undervalued, which can lead to an increase in stock price due to reduced supply and increased investor confidence.",2,2019-02-13,ONB,2019-02-13 13:05:00+00:00,12068.0,68003310,0.0140927638858556,1181708.0,-0.0092646116390824,0.0088863465934991,0.026592630892992,0.012597425840795,-0.0014232632238417,-0.0071471608243882,0.0205244403332471,0.0090145152062177,-0.0050279414281249,0.0146341323852539,0.0044918544590473,-0.0102595100179314,-0.0067075984552502,0.0128361294046044,-0.0045019653625786,0.0136308073997497,0.0079140411689877,-0.0018553300760686,0.0044868625700473,-0.0097979083657264,-0.0028122127987444,-0.0132930101826787,-0.0050761508755385,-0.0036123644094914,-0.0096371928229928,0.0316770337522029,-0.0291929170489311,-0.0018598128808662,-0.0117923859506845,0.0157430134713649,0.0095465304329991,-0.0519402921199798,0.0124112935736775,0.0133090931922197,-0.007005191873759,0.0128677077591419,0.0099941249936819,0.0130353244021534,-0.0075670001097023,0.004364070482552,0.0011730474652722,0.0025000572204589,0.0099589973688125,0.0031348082702606,-0.0284222606569528,-0.0080845840275287,-0.0244776029139757,0.0031191038433462,-0.0006120090838521,0.0,-0.0361298322677612,0.0062774876132607,0.0085768885910511,0.0290698166936636,0.0261417906731367,-0.0038610307965427,0.0018415455706417,0.0090909311547875,0.0140931094065308,0.0124917542561888,-0.0090634217485785,0.0013166858116164,0.0286586116999387,-0.0019711358472704,-0.005334923043847,0.0503796078264713,-0.0071514202281832,-0.0169606506824493,0.0150060029700398,-0.0173333492130041,0.004139544442296,-0.0006662377854809,0.0005889416206628,-0.0481927841901779,-0.0164803229272365,-0.0235293600708246,0.0167564749717712,-0.0085943089798092,-0.0041200527921319,-0.0297796297818422,0.014184383675456,-0.0198481176048517,-0.0110722919926047,0.0214668270200491,0.0058927745558321,-0.0146886007860302,0.0041007436811923,-0.0240825731307268,-0.0157525409013032,-0.0068336525000631,-0.0183758959174156,0.0086157163605093,0.0247584450989961,-0.060442566871643,-0.0005892887129448,-0.0106779960915446,-0.0076650450937449,0.00640340289101,0.0112893963232636,-0.0026610507629811,0.0094006955623626,0.015675725415349,-0.0058207437396049,-0.0059108333662152,-0.0187353454530239,0.0147219439968466,0.0101432027295231,0.00824626814574,0.0224453136324882,-0.0027411861810833,0.0011554280063137,-0.008695644326508,-0.0155799454078078,-0.0010858011664822,-0.0099648348987102,0.0049099917523562,-0.0005920798867009,0.0228794552385807,0.0059241936542093,-0.0255573317408561,-0.0092646116390824,0.0088863465934991,0.0170816488562246,0.0215957175265013,0.0156340739497631,0.014294208635833,0.0312680372119376,0.0384147002252621,0.0370584955706556,0.0428659382952016,-0.034684102887759,0.1196581634422453,-0.0096033679388455,-0.0675257180942744,2019-02-14,2019-02-15,2019-02-19,2019-02-20,2019-02-21,2019-02-22,2019-02-25,2019-02-26,2019-02-27,2019-02-28,12068.0,2019-02-13,252.0,1.4093%,0.0005,1.1414,1.1131,1.4272,0.9956%,1.5694%,59.7539%,0.009139,ONB,12068.0,2019-02-14,252.0,-0.9265%,0.0004,1.1427,1.1104,1.4299,0.9960%,1.5705%,59.7776%,-0.0044779999999999,ONB,12068.0,2019-02-15,252.0,2.6593%,0.0005,1.151,1.1183,1.4441,0.9952%,1.5742%,60.0337%,0.003941,ONB,12068.0,2019-02-19,252.0,-0.1423%,0.0005,1.1507,1.1082,1.4326,0.9970%,1.5741%,59.8802%,-0.011286,ONB,12068.0,2019-02-20,252.0,2.0524%,0.0005,1.1527,1.1119,1.4394,0.9981%,1.5784%,60.0135%,0.007921,ONB,12068.0,2019-02-21,252.0,-0.5028%,0.0005,1.1541,1.1153,1.4419,0.9976%,1.5778%,60.0201%,0.003226,ONB,12068.0,2019-02-22,252.0,0.4492%,0.0006,1.1518,1.1322,1.4309,0.9979%,1.5779%,60.0018%,0.011952,ONB,12068.0,2019-02-25,252.0,-0.6708%,0.0006,1.1514,1.1335,1.4299,0.9978%,1.5775%,59.9884%,-0.0030159999999999,ONB,12068.0,2019-02-26,252.0,-0.4502%,0.0006,1.1481,1.1247,1.4229,0.9992%,1.5753%,59.7662%,0.009213,ONB,12068.0,2019-02-27,252.0,0.7914%,0.0006,1.1512,1.1208,1.4234,0.9989%,1.5760%,59.8252%,0.006351,ONB,12068.0,2019-02-28,252.0,0.4487%,0.0007,1.1512,1.1211,1.4209,1.0009%,1.5745%,59.5913%,0.01129,ONB,0.004661,0.008602,-0.0026839999999999,0.008463,0.044253
23243,O S I SYSTEMS INC,OSI Systems Receives $7M Order For CT Checked Baggage Screening Systems,6,increase,0.75,0.6,"the $7m order for ct checked baggage screening systems indicates strong demand for osi systems' products, which is likely to positively impact investor sentiment and stock price.",2,2019-02-13,OSIS,2019-02-13 13:33:00+00:00,85488.0,67104410,0.0156069183722138,162440.0,-0.0045532332733273,-0.0009240220533683,0.0089194560423493,-0.0014992187498137,-0.0077071324922144,-0.0031042108312249,0.0111935548484325,-0.0133847575634717,0.01423248834908,0.0038716006092727,-0.0024501751177012,0.0050355051644146,-0.0204309690743684,-0.0197442471981048,-0.0101435994729399,-0.0061322669498622,0.0035694323014467,0.0128740752115845,-0.0035567367449402,0.0007911357679404,0.0094415629282593,0.0289569199085235,-0.0118626775220036,-0.0008133825031109,-0.0056562148965895,0.134757399559021,-0.0110285226255655,0.028478417545557,-0.0030520264990627,-0.0005421647801995,-0.002237165113911,-0.0380703806877136,0.0233656298369169,-0.0075051998719573,-0.0129151605069637,0.0086138872429728,0.0148364985361695,0.0138944434002041,-0.0013814060948789,0.0081376815214753,-0.0085302349179983,-0.0208986215293407,-0.0022090738639235,0.0161932744085788,0.015963677316904,0.031630802899599,-0.0071109384298324,0.022972397506237,0.0167494155466556,-0.0116295712068676,-0.0277209151536226,-0.0042734704911708,-0.0009348192252218,0.0274787880480289,0.0030409607570618,-0.0180807095021009,0.0033815405331552,-0.0190996099263429,0.0068564359098672,-0.0001363321061944,0.011080321855843,0.0068671889603137,0.0132420510053634,0.0176099855452776,0.0018025690224021,0.0431550778448581,0.0094467382878065,-0.0259869620203971,0.0001113469988922,-0.0185366105288267,0.0102484775707125,-0.0076072341762483,-0.0190760102123022,0.0002767608384601,-0.0038219012785702,-0.002208774909377,0.000564155052416,-0.000827552517876,-0.0075560864061117,-0.0188117399811744,0.0054545835591852,-0.007655113004148,-0.0020343614742159,0.0030984201002866,-0.0030578058212995,0.0117214201018214,-0.013404524885118,0.0097715258598327,-0.0040299193933606,0.0122597506269812,-0.0052022766321897,0.0188786648213863,0.0149912051856517,-0.0241031367331743,0.0127089610323309,-0.0029005396645516,-0.0301865264773368,0.0022148902062326,0.0339240357279777,0.0026369853876531,0.0032698265276849,0.0072697368450462,0.0129241831600666,-0.0084557887166738,0.1339176744222641,-0.0102894771844148,-0.0159490928053855,0.0034416299313306,0.0335090272128582,0.0160861872136592,-0.0094285486266016,-0.012569110840559,-0.0031080001499503,-0.0271431971341371,-0.0024356977082788,-0.0025466082151979,0.006934261880815,0.0124847078695893,0.0112512484192848,-0.0033811198081821,-0.0045532332733273,-0.0009240220533683,0.00432561040499,-0.0024218554919944,-0.0034148601397253,-0.0055185483731694,0.022083124786653,-0.0150307409724926,-0.0113830398710895,-0.0223779757161389,-0.0137734675706825,0.1799209188713264,0.1867957186730895,0.1698674161824371,2019-02-14,2019-02-15,2019-02-19,2019-02-20,2019-02-21,2019-02-22,2019-02-25,2019-02-26,2019-02-27,2019-02-28,85488.0,2019-02-13,252.0,1.5607%,0.0013,0.8249,0.8623,-0.023,1.4420%,1.7635%,33.1392%,0.012697,OSIS,85488.0,2019-02-14,252.0,-0.4553%,0.0013,0.8275,0.8578,-0.019,1.4420%,1.7635%,33.1439%,-0.007538,OSIS,85488.0,2019-02-15,252.0,0.8919%,0.0013,0.829,0.8587,-0.0172,1.4419%,1.7631%,33.1215%,-0.002585,OSIS,85488.0,2019-02-19,252.0,-0.7707%,0.0012,0.8217,0.8571,-0.0183,1.4412%,1.7579%,32.7839%,-0.011821,OSIS,85488.0,2019-02-20,252.0,1.1194%,0.0012,0.8222,0.8524,-0.018,1.4393%,1.7558%,32.8068%,0.007747,OSIS,85488.0,2019-02-21,252.0,1.4232%,0.0012,0.8211,0.8537,-0.0202,1.4423%,1.7576%,32.6627%,0.01773,OSIS,85488.0,2019-02-22,252.0,-0.2450%,0.0011,0.8236,0.8374,-0.0046,1.4437%,1.7560%,32.4111%,-0.01288,OSIS,85488.0,2019-02-25,252.0,-2.0431%,0.0011,0.8226,0.8466,-0.0037,1.4483%,1.7605%,32.3206%,-0.019598,OSIS,85488.0,2019-02-26,252.0,-1.0144%,0.0011,0.8247,0.8509,0.0001,1.4485%,1.7614%,32.3686%,-0.003521,OSIS,85488.0,2019-02-27,252.0,0.3569%,0.0011,0.8248,0.8509,0.0001,1.4485%,1.7612%,32.3544%,0.001111,OSIS,85488.0,2019-02-28,252.0,-0.3557%,0.001,0.8299,0.8543,0.0044,1.4476%,1.7613%,32.4543%,-0.00127,OSIS,0.0051589999999999,0.0025739999999999,-0.009247,0.01623,-0.0199279999999999
23251,OCCIDENTAL PETROLEUM CORP,"Analysts Parse Occidental Petroleum's 'Messy' Quarter, Positive Guidance",6,uncertain,0.6,0.3,"while the guidance is positive, the description of the quarter as 'messy' suggests potential underlying issues that could lead to mixed investor reactions.",1,2019-02-13,OXY,2019-02-13 21:49:00+00:00,34833.0,67459910,0.0015208893455564,7206240.0,0.0109339598566293,0.0140346037223935,0.0093135461211204,-0.0018473329255357,0.0065485159866511,0.0006161570781841,0.0091675706207752,-0.0256641022861003,-0.0241758469492197,-0.0099555095657706,-0.0100600328296423,-0.0064953472465276,0.0045503270812332,-0.0044092158786952,-0.0028688271995633,0.0188679564744234,0.0092368349432945,-0.0028371275402605,-0.0075018755160272,0.0073706051334738,0.0211640428751707,0.0060532917268574,-0.0014804751845076,-0.0067638200707733,0.0011860909871757,0.0238534212112426,-0.0198429785668849,0.0063497545197606,-0.0067986790090799,-0.0084459921345114,-0.034225720912218,-0.0284946449100971,0.0186573434621095,0.0182287245988845,0.0050093280151486,0.010592607781291,0.0133956484496593,-0.0057997140102088,0.0023055875208228,-0.0009149921825155,0.0039871511980891,-0.0096647441387176,0.0235222373157739,0.000453222222859,-0.0125355012714862,0.0062329531647264,0.0164727829396724,0.0121557312086224,-0.0002974170784,0.0079093435779213,-0.0297442004084587,0.0200918260961771,-0.0016860915347933,0.032168474048376,0.029940191656351,-0.0122580369934439,-0.0108825778588652,0.0101009923964738,0.0033157682046294,0.0150487814098596,-0.005558100529015,-0.0047728293575346,0.0148036768659949,0.0026402615476399,-0.0081870062276721,0.0611101016402244,-0.0085547007620334,-0.0478492639958858,0.0057524205185472,-0.0107207903638482,0.0240818541496992,-0.0258676186203956,0.0048501151613891,-0.0142540028318762,-0.0159427225589752,-0.0151302637532353,-0.0014863031683489,-0.015207340940833,0.0,-0.0236952882260084,-0.0275379344820976,0.0194159392267465,-0.0301546175032854,0.010973828844726,0.0048926384188234,0.0040346756577491,-0.0160200521349906,-0.0315599404275417,-0.0132482331246137,-0.0029620225541293,0.0198964662849903,-0.0308597907423973,-0.0109436735510826,-0.0231351871043443,-0.0057729412801563,0.0149424094706773,-0.0025806427001953,-0.0090256240218877,-0.008570484817028,0.0028285190928727,-0.019246457144618,0.0191698167473077,-0.0207882914692163,-0.0178369507193565,-0.023777199909091,0.0115995639935135,-0.0022616747301071,-0.0312153156846761,0.0104621155187487,0.0253200381994247,0.0141501240432262,-0.0417120717465877,0.0156542137265205,-0.0002725080994423,0.0087116844952106,0.0108830546960234,-0.0644410774111747,0.0231148619204759,-0.0241434499621391,0.0024017826654016,0.0109339598566293,0.0140346037223935,0.020349339917161,0.0121613442113046,0.0270311138815775,0.0127849945878049,0.0113895223342472,-0.0230312480369145,0.0045558552537463,-0.0109807965844669,0.023508166223537,0.0873160041583516,-0.1548408382556635,-0.0601760299045104,2019-02-14,2019-02-15,2019-02-19,2019-02-20,2019-02-21,2019-02-22,2019-02-25,2019-02-26,2019-02-27,2019-02-28,34833.0,2019-02-13,252.0,0.1521%,-0.0,0.9974,0.1148,0.4513,1.2599%,1.5960%,37.6845%,-0.001767,OXY,34833.0,2019-02-14,252.0,1.0934%,0.0,0.9942,0.1231,0.4418,1.2631%,1.5974%,37.4768%,0.0149489999999999,OXY,34833.0,2019-02-15,252.0,0.9314%,0.0001,1.0043,0.1317,0.4577,1.2594%,1.5984%,37.9186%,-0.004449,OXY,34833.0,2019-02-19,252.0,0.6549%,0.0002,1.0097,0.1266,0.4515,1.2558%,1.5984%,38.2768%,0.002785,OXY,34833.0,2019-02-20,252.0,0.9168%,0.0003,1.0128,0.1422,0.4647,1.2496%,1.5951%,38.6267%,0.0043869999999999,OXY,34833.0,2019-02-21,252.0,-2.4176%,0.0002,1.0191,0.1509,0.4765,1.2553%,1.6025%,38.6383%,-0.01936,OXY,34833.0,2019-02-22,252.0,-1.0060%,0.0002,1.0202,0.1615,0.499,1.2556%,1.6021%,38.5789%,-0.010609,OXY,34833.0,2019-02-25,252.0,0.4550%,0.0001,1.0216,0.1609,0.5039,1.2535%,1.6010%,38.7002%,0.004238,OXY,34833.0,2019-02-26,252.0,-0.2869%,0.0002,1.0266,0.1544,0.5043,1.2523%,1.6007%,38.7947%,0.001358,OXY,34833.0,2019-02-27,252.0,0.9237%,0.0003,1.0384,0.136,0.5063,1.2425%,1.5987%,39.5995%,0.008525,OXY,34833.0,2019-02-28,252.0,-0.7502%,0.0003,1.0418,0.1382,0.5095,1.2423%,1.5987%,39.6175%,-0.003144,OXY,0.013182,0.008733,0.011518,-0.0034549999999999,-0.003087
23259,PENSKE AUTOMOTIVE GROUP INC,"Seaport Global Initiates Coverage On Penske Automotive Group with Buy Rating, Announces $61 Price Target",6,increase,0.8,0.6,"the initiation of coverage with a 'buy' rating and a price target of $61 is likely to attract investor interest, potentially driving the stock price up.",2,2019-02-13,PAG,2019-02-13 12:07:00+00:00,84042.0,70959W10,-0.0082663744688034,679835.0,0.0018523230683058,0.0376458875834941,0.0203374400734901,-0.00190244987607,-0.0074745598249137,-0.0328242480754852,0.0180283188819885,-0.0791351944208145,-0.0197265427559614,-0.0101807946339249,0.0002287248207721,0.010285509750247,-0.0050297486595809,0.0042158677242696,0.0130974194034934,0.0119453398510813,0.0020412825979292,0.0062245312146842,0.0058849779888987,0.0088782990351319,-0.0056255627423524,-0.0066681299358606,-0.0190088301897049,-0.0019321629079058,0.0099192690104246,0.012828879058361,-0.0114207407459616,0.0034911595284938,-0.023798493668437,-0.0177882127463817,-0.0047337459400296,-0.018304206430912,0.0045184884220361,0.0210526213049888,0.00331437936984,0.0148245114833116,0.0002359207428526,0.0125827752053737,0.0056617525406181,-0.0057068071328103,0.0056297876872122,-0.0010962340747937,0.0111966310068965,0.0108599662780761,-0.0078431414440274,-0.0066050034947693,-0.0090676452964544,0.0145185999572277,0.0229938887059688,0.0191213320940733,-0.0231650993227958,0.0259224809706211,0.0009392090723849,0.0330518446862697,0.0147782601416111,0.0102364607155323,0.0159501265734434,0.017609104514122,0.0052332091145217,0.0087565286085009,0.0106383254751563,-0.0019974536262452,0.0017916688229888,0.0017508678138256,0.0073776398785412,0.0259173288941383,0.0073235244490206,-0.0025594695471227,0.0077110002748668,-0.0098834112286567,-0.0288588423281908,0.0162244979292154,0.0157586857676506,-0.0182047393172979,-0.0093084704130887,-0.0020187189802527,0.0178970750421285,0.0198147315531969,-0.0065933899022638,0.0023213864769786,0.0174778960645198,-0.0197218414396047,-0.0071755126118659,0.0084140235558152,0.0205869171768426,-0.0050734896212816,-0.0184548683464527,-0.0235323458909988,0.0032793551217764,-0.0369751751422882,-0.0278927609324455,-0.0042755417525768,0.0197265427559614,-0.0388128049671649,0.0129698859527707,0.004587173461914,0.0019530454883351,0.0050714015960693,0.0099632423371076,-0.0297472160309553,-0.0087926192209124,0.0099389795213937,-0.0064907623454928,-0.0085106622427701,-0.0121950693428516,0.0108671812340617,0.0037477549631148,0.0219804923981428,0.0131781753152608,0.0215079132467508,0.0045523322187364,-0.0169609561562538,-0.005610667169094,0.0020954634528607,-0.0067274603061378,-0.0149082047864794,0.0065544950775802,-0.0106648793444037,-0.0021705769468098,0.0077749863266944,0.0018523230683058,0.0376458875834941,0.0222274346511943,0.0356718182932564,0.0145867345362258,0.0016766696048098,0.0125029151443709,-0.0869820628670572,0.0289418853133283,-0.0484288873513538,0.0229220100300093,0.0994133848038585,0.0643668122509963,0.0048834805386774,2019-02-14,2019-02-15,2019-02-19,2019-02-20,2019-02-21,2019-02-22,2019-02-25,2019-02-26,2019-02-27,2019-02-28,84042.0,2019-02-13,252.0,-0.8266%,-0.0003,0.8793,0.7869,0.6037,1.3667%,1.6475%,31.1881%,-0.011738,PAG,84042.0,2019-02-14,252.0,0.1852%,-0.0002,0.8801,0.7896,0.5981,1.3582%,1.6415%,31.5395%,0.003008,PAG,84042.0,2019-02-15,252.0,2.0337%,-0.0001,0.8949,0.8035,0.6228,1.3560%,1.6463%,32.1526%,0.005447,PAG,84042.0,2019-02-19,252.0,-0.7475%,-0.0001,0.8959,0.7899,0.6074,1.3564%,1.6464%,32.1261%,-0.0134729999999999,PAG,84042.0,2019-02-20,252.0,1.8028%,-0.0001,0.8992,0.7977,0.6192,1.3583%,1.6503%,32.2610%,0.011147,PAG,84042.0,2019-02-21,252.0,-1.9727%,-0.0001,0.8988,0.7937,0.6185,1.3597%,1.6500%,32.0914%,-0.014517,PAG,84042.0,2019-02-22,252.0,0.0229%,-0.0001,0.8989,0.7929,0.6196,1.3597%,1.6498%,32.0723%,-0.000986,PAG,84042.0,2019-02-25,252.0,-0.5030%,-0.0001,0.8979,0.7934,0.6159,1.3586%,1.6485%,32.0812%,-0.003301,PAG,84042.0,2019-02-26,252.0,1.3097%,-0.0,0.888,0.7728,0.5981,1.3642%,1.6463%,31.3354%,0.0215439999999999,PAG,84042.0,2019-02-27,252.0,0.2041%,-0.0001,0.8873,0.7743,0.598,1.3642%,1.6457%,31.2884%,0.000391,PAG,84042.0,2019-02-28,252.0,0.5885%,-0.0,0.8837,0.7722,0.5931,1.3655%,1.6433%,30.9588%,0.009875,PAG,-0.00873,-0.003283,-0.016756,-0.0201259999999999,0.007397
23267,P G & E CORP,"UPDATE: BlueMountain 'questions why PG&E would deem it appropriate that as many as 5 incumbent directors remain on the Board, or why incumbent directors, given PG&E's track record during their tenure, should have a role in selecting new directors'",6,decrease,0.7,0.6,"the questioning of the board's effectiveness and the presence of incumbent directors may lead to concerns among investors about governance and future performance, likely resulting in a decrease in stock price.",0,2019-02-13,PCG,2019-02-13 13:04:00+00:00,13688.0,69331C10,-0.0142579562962055,8686957.0,0.0170940328389406,0.0767620652914047,0.0006463655736297,0.0091549381613731,0.1459948569536209,0.0099572818726301,0.0264937616884708,0.0285296514630317,0.065348744392395,-0.0291193071752786,-0.0324741825461387,0.0594431869685649,-0.0063932249322533,0.0160550493746995,-0.0069704647175967,0.0061538401059806,-0.0388769544661045,-0.049012441188097,-0.0432583466172218,-0.0228734593838453,0.0516734644770622,0.1648625731468201,0.0078168278560042,0.0203908029943704,0.0144044458866119,-0.1562723517417908,0.0027308107819408,0.7459324598312378,0.0386709719896316,0.0376623347401619,0.0167802665382623,0.0650068894028663,-0.0005157415871508,0.1367924362421036,-0.0082559268921613,-0.0953058376908302,0.0124869812279939,0.0173661895096302,0.0025694319047033,-0.1754176914691925,0.0071757757104933,-0.5235929489135742,-0.0111958943307399,-0.0095720766112208,-0.0185280796140432,-0.0039259502664208,0.0005243958439677,0.0153758805245161,-0.0015723630785942,-0.0733509883284568,0.0194226168096065,-0.223360612988472,-0.0623069517314434,0.0187890958040952,-0.014277777634561,0.0063025853596627,-0.0150418076664209,0.0021052309311926,-0.0243212841451168,-0.0058601670898497,0.0318840146064758,0.0122880935668945,0.0117978090420365,0.0115731013938784,-0.019433669745922,0.0077753914520144,0.0458663366734981,0.0175824016332626,0.0211153924465179,-0.0461216084659099,0.0270413681864738,0.0042105424217879,0.0160041023045778,0.031711533665657,-0.0436992160975933,-0.0581014752388,0.002656809054315,-0.0603613853454589,0.0137783950194716,-0.0188608076423406,0.206482008099556,0.0045472090132534,0.0277296099811792,0.0126630822196602,-0.0615513958036899,0.0065662451088428,-0.0184186808764934,0.0038774125277996,-0.0389016196131706,-0.0092201214283704,0.0190476011484861,-0.0269158612936735,0.0060748164542019,-0.0132792545482516,0.0650255233049392,0.0276725348085165,0.0069777518510818,-0.0142003390938043,0.0138587998226285,-0.0254915840923786,0.0004271776706445,0.0181683264672756,-0.0384286753833293,0.0736464336514473,-0.036412063986063,0.0536913052201271,-0.0341014601290226,-0.0189300049096345,0.0252862926572561,0.0336026810109615,-0.0069799730554223,0.0107480650767684,-0.0159325283020734,-0.0467212870717048,-0.0352380834519863,0.3754227757453918,-0.0449160821735858,-0.3067604601383209,-0.0387596897780895,-0.2179095596075058,0.0170940328389406,0.0767620652914047,0.017751447406912,0.0866197554136598,0.1663379243854248,0.097439534606682,0.2754766428727639,0.0958807102049088,0.1196581749282199,0.1029307054006427,0.1341222933007799,-0.3541230190825136,0.2228797098866115,-0.5284229719024733,2019-02-14,2019-02-15,2019-02-19,2019-02-20,2019-02-21,2019-02-22,2019-02-25,2019-02-26,2019-02-27,2019-02-28,13688.0,2019-02-13,252.0,-1.4258%,-0.001,0.5724,0.1279,0.2798,7.5504%,7.5713%,0.5508%,-0.016254,PCG,13688.0,2019-02-14,252.0,1.7094%,-0.001,0.5668,0.1384,0.2697,7.5511%,7.5717%,0.5431%,0.019154,PCG,13688.0,2019-02-15,252.0,0.0646%,-0.0009,0.586,0.1549,0.2998,7.5490%,7.5708%,0.5741%,-0.007499,PCG,13688.0,2019-02-19,252.0,14.5995%,-0.0003,0.6097,0.2515,0.4066,7.6025%,7.6257%,0.6086%,0.143433,PCG,13688.0,2019-02-20,252.0,2.6494%,-0.0003,0.6152,0.2593,0.4248,7.6036%,7.6272%,0.6195%,0.022446,PCG,13688.0,2019-02-21,252.0,6.5349%,0.0,0.5978,0.2393,0.3925,7.6159%,7.6382%,0.5822%,0.068683,PCG,13688.0,2019-02-22,252.0,-3.2474%,-0.0001,0.6022,0.24,0.4451,7.6184%,7.6408%,0.5860%,-0.032006,PCG,13688.0,2019-02-25,252.0,-0.6393%,-0.0001,0.6033,0.244,0.4513,7.6183%,7.6408%,0.5882%,-0.005971,PCG,13688.0,2019-02-26,252.0,-0.6970%,-0.0002,0.5927,0.2583,0.4506,7.6174%,7.6391%,0.5675%,-0.003055,PCG,13688.0,2019-02-27,252.0,-3.8877%,-0.0003,0.5948,0.243,0.4508,7.6213%,7.6430%,0.5667%,-0.03946,PCG,13688.0,2019-02-28,252.0,-4.3258%,-0.0005,0.5965,0.2428,0.4614,7.6251%,7.6467%,0.5655%,-0.040436,PCG,0.0029,-0.004599,0.138834,0.229963,0.1090349999999999
23275,P G & E CORP,BlueMountain Capital Issues Release Highlights Nominations Deals Have Been Executed By 13 Candidates For PG&E Board,6,increase,0.7,0.6,"the execution of nominations for the pg&e board by multiple candidates may signal positive changes and increased investor confidence in the company's governance, potentially leading to a rise in stock price.",2,2019-02-13,PCG,2019-02-13 13:03:00+00:00,13688.0,69331C10,-0.0142579562962055,8686957.0,0.0170940328389406,0.0767620652914047,0.0006463655736297,0.0091549381613731,0.1459948569536209,0.0099572818726301,0.0264937616884708,0.0285296514630317,0.065348744392395,-0.0291193071752786,-0.0324741825461387,0.0594431869685649,-0.0063932249322533,0.0160550493746995,-0.0069704647175967,0.0061538401059806,-0.0388769544661045,-0.049012441188097,-0.0432583466172218,-0.0228734593838453,0.0516734644770622,0.1648625731468201,0.0078168278560042,0.0203908029943704,0.0144044458866119,-0.1562723517417908,0.0027308107819408,0.7459324598312378,0.0386709719896316,0.0376623347401619,0.0167802665382623,0.0650068894028663,-0.0005157415871508,0.1367924362421036,-0.0082559268921613,-0.0953058376908302,0.0124869812279939,0.0173661895096302,0.0025694319047033,-0.1754176914691925,0.0071757757104933,-0.5235929489135742,-0.0111958943307399,-0.0095720766112208,-0.0185280796140432,-0.0039259502664208,0.0005243958439677,0.0153758805245161,-0.0015723630785942,-0.0733509883284568,0.0194226168096065,-0.223360612988472,-0.0623069517314434,0.0187890958040952,-0.014277777634561,0.0063025853596627,-0.0150418076664209,0.0021052309311926,-0.0243212841451168,-0.0058601670898497,0.0318840146064758,0.0122880935668945,0.0117978090420365,0.0115731013938784,-0.019433669745922,0.0077753914520144,0.0458663366734981,0.0175824016332626,0.0211153924465179,-0.0461216084659099,0.0270413681864738,0.0042105424217879,0.0160041023045778,0.031711533665657,-0.0436992160975933,-0.0581014752388,0.002656809054315,-0.0603613853454589,0.0137783950194716,-0.0188608076423406,0.206482008099556,0.0045472090132534,0.0277296099811792,0.0126630822196602,-0.0615513958036899,0.0065662451088428,-0.0184186808764934,0.0038774125277996,-0.0389016196131706,-0.0092201214283704,0.0190476011484861,-0.0269158612936735,0.0060748164542019,-0.0132792545482516,0.0650255233049392,0.0276725348085165,0.0069777518510818,-0.0142003390938043,0.0138587998226285,-0.0254915840923786,0.0004271776706445,0.0181683264672756,-0.0384286753833293,0.0736464336514473,-0.036412063986063,0.0536913052201271,-0.0341014601290226,-0.0189300049096345,0.0252862926572561,0.0336026810109615,-0.0069799730554223,0.0107480650767684,-0.0159325283020734,-0.0467212870717048,-0.0352380834519863,0.3754227757453918,-0.0449160821735858,-0.3067604601383209,-0.0387596897780895,-0.2179095596075058,0.0170940328389406,0.0767620652914047,0.017751447406912,0.0866197554136598,0.1663379243854248,0.097439534606682,0.2754766428727639,0.0958807102049088,0.1196581749282199,0.1029307054006427,0.1341222933007799,-0.3541230190825136,0.2228797098866115,-0.5284229719024733,2019-02-14,2019-02-15,2019-02-19,2019-02-20,2019-02-21,2019-02-22,2019-02-25,2019-02-26,2019-02-27,2019-02-28,13688.0,2019-02-13,252.0,-1.4258%,-0.001,0.5724,0.1279,0.2798,7.5504%,7.5713%,0.5508%,-0.016254,PCG,13688.0,2019-02-14,252.0,1.7094%,-0.001,0.5668,0.1384,0.2697,7.5511%,7.5717%,0.5431%,0.019154,PCG,13688.0,2019-02-15,252.0,0.0646%,-0.0009,0.586,0.1549,0.2998,7.5490%,7.5708%,0.5741%,-0.007499,PCG,13688.0,2019-02-19,252.0,14.5995%,-0.0003,0.6097,0.2515,0.4066,7.6025%,7.6257%,0.6086%,0.143433,PCG,13688.0,2019-02-20,252.0,2.6494%,-0.0003,0.6152,0.2593,0.4248,7.6036%,7.6272%,0.6195%,0.022446,PCG,13688.0,2019-02-21,252.0,6.5349%,0.0,0.5978,0.2393,0.3925,7.6159%,7.6382%,0.5822%,0.068683,PCG,13688.0,2019-02-22,252.0,-3.2474%,-0.0001,0.6022,0.24,0.4451,7.6184%,7.6408%,0.5860%,-0.032006,PCG,13688.0,2019-02-25,252.0,-0.6393%,-0.0001,0.6033,0.244,0.4513,7.6183%,7.6408%,0.5882%,-0.005971,PCG,13688.0,2019-02-26,252.0,-0.6970%,-0.0002,0.5927,0.2583,0.4506,7.6174%,7.6391%,0.5675%,-0.003055,PCG,13688.0,2019-02-27,252.0,-3.8877%,-0.0003,0.5948,0.243,0.4508,7.6213%,7.6430%,0.5667%,-0.03946,PCG,13688.0,2019-02-28,252.0,-4.3258%,-0.0005,0.5965,0.2428,0.4614,7.6251%,7.6467%,0.5655%,-0.040436,PCG,0.0029,-0.004599,0.138834,0.229963,0.1090349999999999
23283,PERION NETWORK LTD,"Perion Network shares are trading lower after the company reported Q4 EPS of $0.21, lower from last year's $0.24, and sales of $72 million, lower from last year's $77.28 million.",6,decrease,0.8,0.7,"the decline in both eps and sales compared to the previous year suggests weaker financial performance, which is likely to negatively impact investor sentiment and lead to a decrease in stock price.",0,2019-02-13,PERI,2019-02-13 15:08:00+00:00,91082.0,M7867311,-0.0588235482573509,521844.0,0.0230262950062751,0.0062305238097906,-0.0321543104946613,-0.0031055870931595,-0.0132890241220593,0.0031152619048953,0.0168350003659725,0.0031249970197677,-0.0132450209930539,-0.0123456669971346,0.0100671043619513,-0.0151975536718964,0.0066445120610296,-0.0090361358597874,0.0066006537526845,0.0030211452394723,-0.0163934268057346,0.0030303001403808,0.0,0.012269927188754,0.0133333206176757,0.0077280048280954,-0.0230262950062751,0.0141065316274762,-0.010101000778377,-0.0031249970197677,0.0034013572148978,0.006289301905781,-0.0033898272085934,0.0192308276891708,0.0204081442207098,-0.0188679806888103,-0.0033333301544189,0.0047393697313964,-0.0133779132738709,0.0047618621028959,-0.0169491358101368,0.0396040007472038,0.0206896346062421,0.0271186176687479,-0.030405456200242,-0.0100671043619513,0.0034844004549086,0.0033670000266283,-0.0069445203989744,-0.0132890241220593,-0.0244755018502473,0.0598591826856136,-0.0179211292415857,-0.0104529522359371,-0.0218977890908718,-0.013745772652328,-0.0447761639952659,0.0430107973515987,0.0078124925494194,0.0314233042299747,0.027131849899888,0.0403846241533756,0.0264150686562061,0.0,-0.0257352702319622,0.0236220248043537,0.0528301373124122,-0.0592592917382717,0.0215053558349609,0.062992163002491,0.0315790027379989,-0.0155038619413971,0.0067686545662581,0.0038910470902919,-0.0033446585293859,-0.0115384506061673,0.0508474074304103,-0.003831414040178,-0.0258064270019531,0.0195312313735485,0.03642388433218,-0.0411985516548156,-0.0079872505739331,-0.0147601328790187,0.0016102660447359,0.0037037001457065,0.0289389565587043,-0.0109890000894665,-0.0062499940395355,0.0340908765792846,-0.0283019337803125,-0.007518789730966,-0.0355986729264259,-0.0037453146651387,0.0134228058159351,0.0075471624732017,0.0033112552482634,-0.014869874343276,-0.052805308252573,0.0074906293302774,-0.0139372693374753,-0.0147601328790187,0.0106006972491741,0.0130841443315148,0.0104895839467644,-0.0092592947185039,0.0138408169150352,-0.0109890000894665,0.0136518636718392,0.0,-0.0202020015567541,0.02631576359272,0.0274913813918829,0.0037735812366008,0.0,-0.0328466854989528,0.0,-0.0385964550077915,0.0,-0.0069686346687376,-0.0200668703764677,-0.0069204908795654,0.0136518636718392,0.0104895839467644,0.0230262950062751,0.0062305238097906,-0.0098684101275595,0.0031055872823038,-0.0230262927093873,0.006230523904952,-0.0197368227843839,-0.0030864162243892,-0.0131578812038862,-0.0092024437926686,-0.1052631344209383,0.2423077420402912,-0.023026291997644,0.1293706745161917,2019-02-14,2019-02-15,2019-02-19,2019-02-20,2019-02-21,2019-02-22,2019-02-25,2019-02-26,2019-02-27,2019-02-28,91082.0,2019-02-13,252.0,-5.8824%,0.0006,0.748,0.531,0.25,3.3872%,3.4792%,5.2165%,-0.061544,PERI,91082.0,2019-02-14,252.0,2.3026%,0.0007,0.7435,0.5438,0.2346,3.3891%,3.4813%,5.2229%,0.023186,PERI,91082.0,2019-02-15,252.0,-3.2154%,0.0006,0.7301,0.5269,0.2065,3.3983%,3.4873%,5.0427%,-0.0431419999999999,PERI,91082.0,2019-02-19,252.0,-1.3289%,0.0005,0.7175,0.5288,0.2096,3.3953%,3.4814%,4.8853%,-0.0169239999999999,PERI,91082.0,2019-02-20,252.0,1.6835%,0.0004,0.7194,0.5252,0.2142,3.3944%,3.4806%,4.8925%,0.013056,PERI,91082.0,2019-02-21,252.0,-1.3245%,0.0005,0.7168,0.5178,0.2096,3.3939%,3.4793%,4.8467%,-0.009823,PERI,91082.0,2019-02-22,252.0,1.0067%,0.0006,0.7149,0.5486,0.2153,3.3912%,3.4774%,4.8939%,0.005541,PERI,91082.0,2019-02-25,252.0,0.6645%,0.0007,0.7124,0.5427,0.2028,3.3888%,3.4748%,4.8890%,0.007286,PERI,91082.0,2019-02-26,252.0,0.6601%,0.0006,0.6983,0.5409,0.1913,3.3872%,3.4704%,4.7386%,0.0117829999999999,PERI,91082.0,2019-02-27,252.0,-1.6393%,0.0006,0.7034,0.5264,0.1921,3.3883%,3.4718%,4.7512%,-0.01792,PERI,91082.0,2019-02-28,252.0,0.0000%,0.0005,0.7131,0.5331,0.1987,3.3863%,3.4714%,4.8422%,0.002456,PERI,-0.038358,-0.0814999999999999,-0.0984239999999999,-0.0951909999999999,-0.0860449999999999
23291,PERION NETWORK LTD,"Perion Network Q4 Adj. EPS $0.21 Down From $0.24 YoY, Sales $72M Down From $77.28M YoY",6,decrease,0.8,0.7,"the decline in both adjusted eps and sales year-over-year suggests weakening financial performance, which is likely to negatively impact investor sentiment and lead to a decrease in stock price.",0,2019-02-13,PERI,2019-02-13 10:52:00+00:00,91082.0,M7867311,-0.0588235482573509,521844.0,0.0230262950062751,0.0062305238097906,-0.0321543104946613,-0.0031055870931595,-0.0132890241220593,0.0031152619048953,0.0168350003659725,0.0031249970197677,-0.0132450209930539,-0.0123456669971346,0.0100671043619513,-0.0151975536718964,0.0066445120610296,-0.0090361358597874,0.0066006537526845,0.0030211452394723,-0.0163934268057346,0.0030303001403808,0.0,0.012269927188754,0.0133333206176757,0.0077280048280954,-0.0230262950062751,0.0141065316274762,-0.010101000778377,-0.0031249970197677,0.0034013572148978,0.006289301905781,-0.0033898272085934,0.0192308276891708,0.0204081442207098,-0.0188679806888103,-0.0033333301544189,0.0047393697313964,-0.0133779132738709,0.0047618621028959,-0.0169491358101368,0.0396040007472038,0.0206896346062421,0.0271186176687479,-0.030405456200242,-0.0100671043619513,0.0034844004549086,0.0033670000266283,-0.0069445203989744,-0.0132890241220593,-0.0244755018502473,0.0598591826856136,-0.0179211292415857,-0.0104529522359371,-0.0218977890908718,-0.013745772652328,-0.0447761639952659,0.0430107973515987,0.0078124925494194,0.0314233042299747,0.027131849899888,0.0403846241533756,0.0264150686562061,0.0,-0.0257352702319622,0.0236220248043537,0.0528301373124122,-0.0592592917382717,0.0215053558349609,0.062992163002491,0.0315790027379989,-0.0155038619413971,0.0067686545662581,0.0038910470902919,-0.0033446585293859,-0.0115384506061673,0.0508474074304103,-0.003831414040178,-0.0258064270019531,0.0195312313735485,0.03642388433218,-0.0411985516548156,-0.0079872505739331,-0.0147601328790187,0.0016102660447359,0.0037037001457065,0.0289389565587043,-0.0109890000894665,-0.0062499940395355,0.0340908765792846,-0.0283019337803125,-0.007518789730966,-0.0355986729264259,-0.0037453146651387,0.0134228058159351,0.0075471624732017,0.0033112552482634,-0.014869874343276,-0.052805308252573,0.0074906293302774,-0.0139372693374753,-0.0147601328790187,0.0106006972491741,0.0130841443315148,0.0104895839467644,-0.0092592947185039,0.0138408169150352,-0.0109890000894665,0.0136518636718392,0.0,-0.0202020015567541,0.02631576359272,0.0274913813918829,0.0037735812366008,0.0,-0.0328466854989528,0.0,-0.0385964550077915,0.0,-0.0069686346687376,-0.0200668703764677,-0.0069204908795654,0.0136518636718392,0.0104895839467644,0.0230262950062751,0.0062305238097906,-0.0098684101275595,0.0031055872823038,-0.0230262927093873,0.006230523904952,-0.0197368227843839,-0.0030864162243892,-0.0131578812038862,-0.0092024437926686,-0.1052631344209383,0.2423077420402912,-0.023026291997644,0.1293706745161917,2019-02-14,2019-02-15,2019-02-19,2019-02-20,2019-02-21,2019-02-22,2019-02-25,2019-02-26,2019-02-27,2019-02-28,91082.0,2019-02-13,252.0,-5.8824%,0.0006,0.748,0.531,0.25,3.3872%,3.4792%,5.2165%,-0.061544,PERI,91082.0,2019-02-14,252.0,2.3026%,0.0007,0.7435,0.5438,0.2346,3.3891%,3.4813%,5.2229%,0.023186,PERI,91082.0,2019-02-15,252.0,-3.2154%,0.0006,0.7301,0.5269,0.2065,3.3983%,3.4873%,5.0427%,-0.0431419999999999,PERI,91082.0,2019-02-19,252.0,-1.3289%,0.0005,0.7175,0.5288,0.2096,3.3953%,3.4814%,4.8853%,-0.0169239999999999,PERI,91082.0,2019-02-20,252.0,1.6835%,0.0004,0.7194,0.5252,0.2142,3.3944%,3.4806%,4.8925%,0.013056,PERI,91082.0,2019-02-21,252.0,-1.3245%,0.0005,0.7168,0.5178,0.2096,3.3939%,3.4793%,4.8467%,-0.009823,PERI,91082.0,2019-02-22,252.0,1.0067%,0.0006,0.7149,0.5486,0.2153,3.3912%,3.4774%,4.8939%,0.005541,PERI,91082.0,2019-02-25,252.0,0.6645%,0.0007,0.7124,0.5427,0.2028,3.3888%,3.4748%,4.8890%,0.007286,PERI,91082.0,2019-02-26,252.0,0.6601%,0.0006,0.6983,0.5409,0.1913,3.3872%,3.4704%,4.7386%,0.0117829999999999,PERI,91082.0,2019-02-27,252.0,-1.6393%,0.0006,0.7034,0.5264,0.1921,3.3883%,3.4718%,4.7512%,-0.01792,PERI,91082.0,2019-02-28,252.0,0.0000%,0.0005,0.7131,0.5331,0.1987,3.3863%,3.4714%,4.8422%,0.002456,PERI,-0.038358,-0.0814999999999999,-0.0984239999999999,-0.0951909999999999,-0.0860449999999999
23299,PRINCIPAL FINANCIAL GROUP INC,Wisdom Tree Investments Held Deal Talks With Principal Financial Group Last Year,6,uncertain,0.6,0.3,"the news about deal talks could indicate potential growth opportunities, but without details on the outcome or terms of the discussions, the impact on stock price remains unclear.",1,2019-02-13,PFG,2019-02-13 18:09:00+00:00,89195.0,74251V10,0.0084016360342502,1687485.0,-0.0073155988939106,0.0086812349036335,0.0397134609520435,0.011499042622745,0.0112226754426956,-0.0027105349581688,0.0167445596307516,-0.0166085995733737,-0.0032554955687373,-0.001637625740841,0.0157540775835514,-0.0171026606112718,0.0041611730121076,0.0018141533946618,-0.0096062971279025,-0.0091871200129389,-0.0030430515762418,0.0400914065539836,0.0041968948207795,-0.0298266746103763,-0.0132978316396474,-0.0034143798984587,-0.0007782279280945,-0.0057907528243958,0.0042835129424929,0.0199593361467123,-0.0122140571475029,0.0036794829647988,-0.0186457466334104,-0.0121163623407483,-0.0018000029958784,-0.0115768071264028,0.0136245302855968,0.022240363061428,0.0033603117335587,0.0153303882107138,0.006895238533616,0.0179249756038188,0.0113480342552065,0.0123825361952185,0.0092861205339431,0.0178183335810899,0.0118842776864767,0.0021777502261102,-0.0162909757345914,0.0070175374858081,-0.0238783303648233,0.0101904980838298,0.0145985735580325,-0.0107385860756039,-0.0384989231824874,0.0072848089039325,-0.0088979257270693,0.0440193563699722,0.0232606250792741,-0.0218665730208158,-0.0047856764867901,0.0043016173876821,0.0020035759080201,0.0140035990625619,0.0035992863122373,-0.0095497537404298,0.0356644950807094,0.0140650365501642,-0.0050018914043903,0.0557448156177997,0.0104407789185643,-0.0124999200925231,0.0066973268985748,-0.035474207252264,0.0110244825482368,-0.0030050221830606,0.0024440886918455,-0.0091617386788129,-0.0285071358084678,-0.0025131506845355,0.0183397829532623,0.0034388245549052,0.0134596982970833,0.0085548888891935,0.0263748578727245,0.0109864715486764,-0.010570403188467,0.0168766118586063,0.0208140946924686,-0.020032625645399,0.0045110071077942,-0.0331081338226795,-0.0080832941457629,-0.0139906127005815,-0.0034408264327794,-0.0183126255869865,0.0094494000077247,-0.050507191568613,-0.008280811831355,-0.0204784739762544,0.0125249344855547,0.0036231765989214,0.0286841578781604,-0.0135027859359979,0.0008713704301044,0.0302782226353883,-0.0047013834118843,-0.0022453686688095,-0.0048985090106725,0.0140757663175463,-0.00597749883309,-0.0033010076731443,0.0183940734714269,0.0097916917875409,-0.0048628444783389,-0.0208078417927026,-0.0148341795429587,0.0161691289395093,-0.0074402475729584,-0.0057707908563315,-0.0024986506905406,0.0041390885598957,0.0105564529076218,-0.0138775575906038,-0.0073155988939106,0.0086812349036335,0.0321073343071187,0.0202801034165536,0.0436903399420733,0.0175145985291189,0.0577118523179727,-0.0010235270521766,0.0697012893381259,-0.0165255900474216,0.0269334698910714,0.1202937944646584,0.1597921203897685,0.0068225685973266,2019-02-14,2019-02-15,2019-02-19,2019-02-20,2019-02-21,2019-02-22,2019-02-25,2019-02-26,2019-02-27,2019-02-28,89195.0,2019-02-13,252.0,0.8402%,-0.0004,1.3006,-0.0385,1.2476,1.0402%,1.6476%,60.1358%,0.0038169999999999,PFG,89195.0,2019-02-14,252.0,-0.7316%,-0.0004,1.3,-0.0367,1.2453,1.0403%,1.6481%,60.1568%,0.002752,PFG,89195.0,2019-02-15,252.0,3.9713%,-0.0003,1.3131,-0.0228,1.2694,1.0473%,1.6597%,60.1764%,0.019037,PFG,89195.0,2019-02-19,252.0,1.1223%,-0.0002,1.3186,-0.0258,1.2655,1.0441%,1.6609%,60.4851%,0.004886,PFG,89195.0,2019-02-20,252.0,1.6745%,-0.0002,1.3206,-0.0217,1.2725,1.0451%,1.6643%,60.5685%,0.007236,PFG,89195.0,2019-02-21,252.0,-0.3255%,-0.0002,1.3216,-0.0186,1.2744,1.0449%,1.6641%,60.5750%,0.004442,PFG,89195.0,2019-02-22,252.0,1.5754%,-0.0002,1.3185,-0.0299,1.2266,1.0544%,1.6660%,59.9438%,0.025899,PFG,89195.0,2019-02-25,252.0,0.4161%,-0.0001,1.3173,-0.0332,1.2206,1.0530%,1.6638%,59.9465%,0.004214,PFG,89195.0,2019-02-26,252.0,-0.9606%,-0.0001,1.3217,-0.0324,1.2243,1.0526%,1.6629%,59.9330%,-0.003783,PFG,89195.0,2019-02-27,252.0,-0.3043%,-0.0001,1.322,-0.0338,1.2244,1.0527%,1.6607%,59.8201%,-0.002802,PFG,89195.0,2019-02-28,252.0,0.4197%,-0.0001,1.325,-0.0314,1.2239,1.0533%,1.6606%,59.7630%,0.011263,PFG,0.006569,0.0256059999999999,0.030492,0.04217,0.076961
23307,PARAMOUNT GROUP INC,"Paramount Group, Inc. Sees FY19 EPS $0.00-$0.04 vs $0.11 Est., FFO $0.88-$0.92",6,decrease,0.75,0.6,"the lower-than-expected eps guidance suggests weaker financial performance, which is likely to negatively impact investor sentiment and lead to a decrease in stock price.",0,2019-02-13,PGRE,2019-02-13 22:22:00+00:00,15048.0,69924R10,0.0047137839719653,991606.0,-0.0254691764712333,-0.0020161110442131,0.0055020581930875,0.0054053999483585,0.007523916196078,-0.006711371243,-0.0095043713226914,0.0184551943093538,0.001370767946355,-0.0061141406185925,0.0061601749621331,0.004092798102647,-0.0102040562778711,0.0152354761958122,-0.0109965531155467,-0.002762428484857,-0.0041695912368595,0.0125873666256666,0.0020934916101396,0.0120311444625258,-0.0055710254237055,0.0042644222266972,0.0091036492958664,0.0078796315938234,0.0055516948923468,0.0257164128124713,-0.0103519409894943,0.0074018822051584,-0.0076708933338522,-0.0109809385612607,0.0021082703024148,-0.0050983028486371,0.0091164177283644,0.0095587614923715,0.0048644677735865,0.0081542339175939,0.0006915787816978,0.0082211997359991,0.0082930121570825,0.0174905322492122,-0.0047977855429053,-0.0082956720143556,-0.0110193388536572,0.0015106085920706,-0.0139275640249252,0.0083777345716953,0.0007062308723106,0.0007622125558555,0.0183486398309469,0.0363349169492721,-0.0145530169829726,0.0136108947917819,-0.0112517476081848,0.0154471201822161,0.0120909754186868,0.0032626395113766,-0.0091355703771114,-0.0238853655755519,0.007801366969943,0.0007968309801071,0.0056697325780987,0.0039682388305664,0.009866127744317,-0.0086545757949352,0.004187049344182,0.0333333201706409,0.0027797054499387,-0.0398126617074012,0.0034649504814296,0.0015637574251741,-0.0034529860131442,-0.0251524336636066,-0.0069300332106649,-0.0150150014087557,-0.016050212085247,0.0015037220437079,0.0297872386872768,-0.0376265943050384,-0.0041322601027786,-0.0007230823393911,0.0076071685180068,0.0072833490557968,-0.0130404653027653,-0.0213827658444643,-0.0194714702665805,-0.0049645849503576,-0.0120567427948117,-0.0077410032972693,0.0100502073764801,-0.017968226224184,0.0056858509778976,0.0233380421996116,0.0247350092977285,-0.0214532501995563,0.0034482891205698,0.0126138292253017,-0.0123711545020341,0.0113395322114229,0.0048712384887039,-0.0070373243652284,-0.0055401609279215,0.0121082672849297,0.0090529331937432,-0.0035486295819282,0.0048309625126421,-0.0007092360756359,-0.004807736724615,-0.0028288515750318,0.0062111909501254,0.0028368765488266,-0.0006858867709524,-0.0084388107061386,-0.0171585455536842,-0.0055944002233445,-0.0006982734194025,0.0035087852738797,0.0006987613742239,-0.012474033050239,0.0118715139105916,-0.0089285792782902,-0.0254691764712333,-0.0020161110442131,-0.0201072511692205,0.003378391017611,-0.0127346202458731,-0.0033556538617122,-0.0207775076492462,0.0088315285155298,-0.0375335401311369,0.0509554309971234,-0.0475871610272335,0.1832669404676836,-0.0219374800429049,0.0280444052248878,2019-02-14,2019-02-15,2019-02-19,2019-02-20,2019-02-21,2019-02-22,2019-02-25,2019-02-26,2019-02-27,2019-02-28,15048.0,2019-02-13,252.0,0.4714%,0.0002,0.5004,0.0971,-0.0866,1.0079%,1.1538%,23.7045%,0.003225,PGRE,15048.0,2019-02-14,252.0,-2.5469%,0.0001,0.5063,0.0831,-0.0712,1.0207%,1.1652%,23.2696%,-0.025526,PGRE,15048.0,2019-02-15,252.0,0.5502%,0.0001,0.5096,0.0861,-0.0659,1.0203%,1.1655%,23.3586%,-0.000185,PGRE,15048.0,2019-02-19,252.0,0.7524%,0.0001,0.5068,0.0957,-0.0548,1.0177%,1.1599%,23.0145%,0.006404,PGRE,15048.0,2019-02-20,252.0,-0.9504%,0.0001,0.5054,0.0998,-0.0578,1.0147%,1.1571%,23.1096%,-0.010477,PGRE,15048.0,2019-02-21,252.0,0.1371%,0.0001,0.5014,0.0922,-0.0653,1.0131%,1.1543%,22.9720%,0.003078,PGRE,15048.0,2019-02-22,252.0,0.6160%,0.0002,0.5006,0.1069,-0.0606,1.0108%,1.1522%,23.0374%,0.001334,PGRE,15048.0,2019-02-25,252.0,-1.0204%,0.0001,0.5011,0.1128,-0.0557,1.0129%,1.1539%,22.9380%,-0.010886,PGRE,15048.0,2019-02-26,252.0,-1.0997%,0.0,0.493,0.1344,-0.0508,1.0092%,1.1461%,22.4615%,-0.009756,PGRE,15048.0,2019-02-27,252.0,-0.4170%,0.0,0.497,0.1259,-0.0502,1.0080%,1.1461%,22.6404%,-0.00503,PGRE,15048.0,2019-02-28,252.0,0.2093%,0.0001,0.4843,0.1172,-0.0602,0.9983%,1.1315%,22.1697%,0.0033829999999999,PGRE,-0.022301,-0.022486,-0.016082,-0.023481,-0.044436
23315,PARAMOUNT GROUP INC,"Paramount Group, Inc. Q4 EPS $0.02, Inline, Sales $190.675M Beat $185.87M Estimate, Core FFO $0.25 Up From $0.22 YoY",6,increase,0.7,0.6,"the company reported sales that beat estimates and a year-over-year increase in core ffo, which are positive indicators likely to boost investor confidence.",2,2019-02-13,PGRE,2019-02-13 22:21:00+00:00,15048.0,69924R10,0.0047137839719653,991606.0,-0.0254691764712333,-0.0020161110442131,0.0055020581930875,0.0054053999483585,0.007523916196078,-0.006711371243,-0.0095043713226914,0.0184551943093538,0.001370767946355,-0.0061141406185925,0.0061601749621331,0.004092798102647,-0.0102040562778711,0.0152354761958122,-0.0109965531155467,-0.002762428484857,-0.0041695912368595,0.0125873666256666,0.0020934916101396,0.0120311444625258,-0.0055710254237055,0.0042644222266972,0.0091036492958664,0.0078796315938234,0.0055516948923468,0.0257164128124713,-0.0103519409894943,0.0074018822051584,-0.0076708933338522,-0.0109809385612607,0.0021082703024148,-0.0050983028486371,0.0091164177283644,0.0095587614923715,0.0048644677735865,0.0081542339175939,0.0006915787816978,0.0082211997359991,0.0082930121570825,0.0174905322492122,-0.0047977855429053,-0.0082956720143556,-0.0110193388536572,0.0015106085920706,-0.0139275640249252,0.0083777345716953,0.0007062308723106,0.0007622125558555,0.0183486398309469,0.0363349169492721,-0.0145530169829726,0.0136108947917819,-0.0112517476081848,0.0154471201822161,0.0120909754186868,0.0032626395113766,-0.0091355703771114,-0.0238853655755519,0.007801366969943,0.0007968309801071,0.0056697325780987,0.0039682388305664,0.009866127744317,-0.0086545757949352,0.004187049344182,0.0333333201706409,0.0027797054499387,-0.0398126617074012,0.0034649504814296,0.0015637574251741,-0.0034529860131442,-0.0251524336636066,-0.0069300332106649,-0.0150150014087557,-0.016050212085247,0.0015037220437079,0.0297872386872768,-0.0376265943050384,-0.0041322601027786,-0.0007230823393911,0.0076071685180068,0.0072833490557968,-0.0130404653027653,-0.0213827658444643,-0.0194714702665805,-0.0049645849503576,-0.0120567427948117,-0.0077410032972693,0.0100502073764801,-0.017968226224184,0.0056858509778976,0.0233380421996116,0.0247350092977285,-0.0214532501995563,0.0034482891205698,0.0126138292253017,-0.0123711545020341,0.0113395322114229,0.0048712384887039,-0.0070373243652284,-0.0055401609279215,0.0121082672849297,0.0090529331937432,-0.0035486295819282,0.0048309625126421,-0.0007092360756359,-0.004807736724615,-0.0028288515750318,0.0062111909501254,0.0028368765488266,-0.0006858867709524,-0.0084388107061386,-0.0171585455536842,-0.0055944002233445,-0.0006982734194025,0.0035087852738797,0.0006987613742239,-0.012474033050239,0.0118715139105916,-0.0089285792782902,-0.0254691764712333,-0.0020161110442131,-0.0201072511692205,0.003378391017611,-0.0127346202458731,-0.0033556538617122,-0.0207775076492462,0.0088315285155298,-0.0375335401311369,0.0509554309971234,-0.0475871610272335,0.1832669404676836,-0.0219374800429049,0.0280444052248878,2019-02-14,2019-02-15,2019-02-19,2019-02-20,2019-02-21,2019-02-22,2019-02-25,2019-02-26,2019-02-27,2019-02-28,15048.0,2019-02-13,252.0,0.4714%,0.0002,0.5004,0.0971,-0.0866,1.0079%,1.1538%,23.7045%,0.003225,PGRE,15048.0,2019-02-14,252.0,-2.5469%,0.0001,0.5063,0.0831,-0.0712,1.0207%,1.1652%,23.2696%,-0.025526,PGRE,15048.0,2019-02-15,252.0,0.5502%,0.0001,0.5096,0.0861,-0.0659,1.0203%,1.1655%,23.3586%,-0.000185,PGRE,15048.0,2019-02-19,252.0,0.7524%,0.0001,0.5068,0.0957,-0.0548,1.0177%,1.1599%,23.0145%,0.006404,PGRE,15048.0,2019-02-20,252.0,-0.9504%,0.0001,0.5054,0.0998,-0.0578,1.0147%,1.1571%,23.1096%,-0.010477,PGRE,15048.0,2019-02-21,252.0,0.1371%,0.0001,0.5014,0.0922,-0.0653,1.0131%,1.1543%,22.9720%,0.003078,PGRE,15048.0,2019-02-22,252.0,0.6160%,0.0002,0.5006,0.1069,-0.0606,1.0108%,1.1522%,23.0374%,0.001334,PGRE,15048.0,2019-02-25,252.0,-1.0204%,0.0001,0.5011,0.1128,-0.0557,1.0129%,1.1539%,22.9380%,-0.010886,PGRE,15048.0,2019-02-26,252.0,-1.0997%,0.0,0.493,0.1344,-0.0508,1.0092%,1.1461%,22.4615%,-0.009756,PGRE,15048.0,2019-02-27,252.0,-0.4170%,0.0,0.497,0.1259,-0.0502,1.0080%,1.1461%,22.6404%,-0.00503,PGRE,15048.0,2019-02-28,252.0,0.2093%,0.0001,0.4843,0.1172,-0.0602,0.9983%,1.1315%,22.1697%,0.0033829999999999,PGRE,-0.022301,-0.022486,-0.016082,-0.023481,-0.044436
23323,PILGRIMS PRIDE CORP NEW,"Pilgrims Pride Q4 EPS $0.09 Misses $0.13 Estimate, Sales $2.66B Beat $2.63B Estimate",6,decrease,0.7,0.5,"the earnings per share (eps) miss is likely to weigh more heavily on investor sentiment than the sales beat, leading to a potential decrease in stock price.",0,2019-02-13,PPC,2019-02-13 22:11:00+00:00,93179.0,72147K10,-0.0158959496766328,1569834.0,-0.0460107922554016,0.0176470894366502,0.0307850372046232,0.0079051312059164,-0.0104530109092593,0.0079681202769279,0.0241449438035488,-0.0029791195411235,-0.0024558517616242,-0.0049407305195927,-0.0113244485110044,0.0029732142575085,-0.0039840601384639,0.0029820806812494,-0.0114999767392873,-0.0069101378321647,-0.0045523596927523,0.0326197445392608,-0.0005081417039036,-0.0055752005428075,0.0076258066110312,0.0175348203629255,-0.0035317707806825,0.0243000034242868,0.007594917435199,-0.002634311793372,-0.0060300971381366,-0.0015781528782099,0.0080889705568552,-0.0129802701994776,-0.0020060639362782,0.0052192267030477,0.0296482499688863,0.0721879675984382,-0.0024401776026934,-0.0033463169820606,0.0205479487776756,0.0044817882589995,0.0014381005894392,0.0113314883783459,0.0023935446515679,0.0062713054940104,-0.0028653950430452,0.0185831375420093,-0.0090995514765381,0.0099706789478659,-0.0038665984757244,0.0058996146544814,0.0344492495059967,0.0291439872235059,0.0060976110398769,0.0410872064530849,0.0111888004466891,0.0095724072307348,-0.0009221049840562,0.0181936137378215,-0.0009229560382664,-0.0077369362115859,0.0189376380294561,-0.0051314895972609,0.0104261767119169,0.0,-0.0085240257903933,0.0045102895237505,-0.0276018362492322,0.0230718776583671,-0.0069799730554223,-0.0325255244970321,0.0154639137908816,-0.0218340847641229,0.0110752088949084,0.0107188541442155,-0.0009128460660576,-0.0124532887712121,-0.0141616938635706,-0.0098643563687801,0.0361446104943752,-0.0436320640146732,0.0192307829856872,-0.0023529950994998,0.0193066522479057,-0.0005879029049538,0.0198020227253437,0.01552240177989,0.0299704130738973,0.0,0.0553278848528862,-0.023323593661189,0.0027184346690773,-0.0294284354895353,-0.0116188703104853,-0.0296539831906557,0.0235109869390726,-0.0789075046777725,0.0225879866629838,-0.0035282103344798,-0.0029951301403343,0.0065956912003457,0.0071348305791616,-0.0020253628026694,0.0026099812239408,-0.0070386822335422,0.0007437879685312,-0.0030075875110924,-0.0018580169416964,0.0005015159840695,0.020104207098484,0.0091093266382813,0.0211678799241781,-0.0035299896262586,0.0275196731090545,0.0010096142068505,-0.018782639876008,0.0132992453873157,-0.0035447883419692,0.0166406501084566,-0.0074706859886646,-0.00362692726776,0.0150537667796015,0.0136553738266229,-0.0460107922554016,0.0176470894366502,-0.0166421990021751,0.025691723199966,-0.0269212488237106,0.0338645582174728,-0.0058737542949678,0.0256917234134812,-0.0372002045612823,0.0522048022170655,0.0797845899421114,0.3316228387308535,0.3861967380733344,0.090336092955122,2019-02-14,2019-02-15,2019-02-19,2019-02-20,2019-02-21,2019-02-22,2019-02-25,2019-02-26,2019-02-27,2019-02-28,93179.0,2019-02-13,252.0,-1.5896%,-0.0007,0.6917,0.5019,0.4444,1.8820%,2.0097%,12.3110%,-0.018556,PPC,93179.0,2019-02-14,252.0,-4.6011%,-0.0009,0.7025,0.4783,0.4695,1.9016%,2.0297%,12.2219%,-0.044691,PPC,93179.0,2019-02-15,252.0,3.0785%,-0.0008,0.7121,0.4891,0.488,1.9056%,2.0360%,12.3999%,0.019298,PPC,93179.0,2019-02-19,252.0,-1.0453%,-0.001,0.6993,0.4944,0.4951,1.8971%,2.0239%,12.1328%,-0.0147879999999999,PPC,93179.0,2019-02-20,252.0,2.4145%,-0.0009,0.7032,0.4957,0.5071,1.8982%,2.0262%,12.2312%,0.018906,PPC,93179.0,2019-02-21,252.0,-0.2456%,-0.0009,0.6973,0.4842,0.4962,1.8960%,2.0214%,12.0242%,0.001559,PPC,93179.0,2019-02-22,252.0,-1.1324%,-0.0007,0.6958,0.5618,0.5486,1.8599%,1.9904%,12.6839%,-0.011326,PPC,93179.0,2019-02-25,252.0,-0.3984%,-0.0007,0.6964,0.5634,0.5518,1.8597%,1.9904%,12.7078%,-0.00268,PPC,93179.0,2019-02-26,252.0,-1.1500%,-0.0007,0.6997,0.5663,0.5557,1.8597%,1.9914%,12.7934%,-0.005059,PPC,93179.0,2019-02-27,252.0,-0.4552%,-0.0008,0.694,0.5749,0.5547,1.8583%,1.9886%,12.6809%,-0.005691,PPC,93179.0,2019-02-28,252.0,-0.0508%,-0.0008,0.6942,0.5752,0.554,1.8584%,1.9880%,12.6167%,0.002815,PPC,-0.063247,-0.043949,-0.058737,-0.038272,-0.060213
23331,PERRIGO CO PLC,Perrigo Announces Patent Litigation Settlement For Generic Version Of Jublia Topical Solution 10%,6,increase,0.75,0.6,"the settlement for a generic version of jublia may lead to increased market share and revenue potential for perrigo, positively impacting investor sentiment.",2,2019-02-13,PRGO,2019-02-13 14:23:00+00:00,77182.0,G9782210,-0.0020652308594435,771691.0,0.005794676952064,0.0302127264440059,0.0072016934864223,-0.013226980343461,0.0122573738917708,0.0234207157045602,-0.0123108094558119,-0.0181434713304042,-0.012668551877141,0.0121716782450676,0.0128311039879918,0.0136363869532942,-0.0026562577113509,-0.0025906504597514,-0.0106535637751221,-0.0027987312059849,-0.0254711024463176,0.0075922408141195,0.0388865135610103,0.007870502769947,0.0293634552508592,0.0066021801903843,0.0017953350907191,-0.0100218495354056,-0.0101553592830896,0.0229552630335092,-0.0484811887145042,-0.0022237554658204,-0.0158562362194061,0.0006676145130768,-0.0010740974685177,-0.0224059727042913,0.0212903581559658,0.0245153177529573,-0.0065277186222374,0.0078616011887788,0.0125053022056818,-0.0150442542508244,-0.0085827894508838,-0.0113735878840088,0.0166807621717453,0.0083811441436409,0.0107995141297578,0.0328017883002758,0.0117115993052721,-0.0067873131483793,-0.0180748011916875,-0.0160284377634525,0.0047570499591529,0.0202134773135185,-0.0273775588721036,0.0404064059257507,-0.0101587204262614,0.0614497326314449,0.0143253831192851,-0.0155555820092558,0.0082209780812263,0.0451612919569015,-0.008990179747343,-0.0293085724115371,0.0160337202250957,0.0075719142332673,0.0191030316054821,-0.0265356712043285,-0.0313773602247238,0.1150685176253319,-0.0006311020697467,-0.0143126873299479,0.0393601953983306,-0.2927807867527008,0.0218711625784635,-0.0256792157888412,0.022195853292942,-0.0290875677019357,-0.015122190117836,-0.0182689353823661,0.0088582830503582,-0.0107036428526043,-0.020878043025732,-0.0259784087538719,0.0037863417528569,-0.0059463521465659,0.0007941416697576,0.0063258493319153,0.0037690661847591,-0.0059483083896338,-0.0146244643256068,-0.0181878879666328,-0.02085842192173,-0.0429574996232986,0.0030725426040589,-0.0035009742714464,0.0120481960475444,-0.0096138790249824,-0.0072639347054064,0.01878616027534,0.0189024452120065,-0.0285447165369987,0.0167564358562231,0.0143555961549282,0.0086325015872716,0.0053925481624901,-0.0678856596350669,0.0243704300373792,0.012729562819004,0.0090163806453347,0.0113332588225603,-0.0001638800458749,0.0128361294046044,0.0095978491008281,0.0134782139211893,-0.037585612386465,-0.0285828188061714,-0.007586526684463,0.0049039986915886,-0.0037788988556712,0.069947101175785,0.0007878858596086,-0.0117825716733932,-0.0295152217149734,0.005794676952064,0.0302127264440059,0.0130381019257479,0.0165861229617476,0.0254552887076617,0.040395297536836,6.585774148248902e-10,0.0339525148417725,0.0117963800849525,0.0585919638798162,-0.0152125442390093,0.2129258644518157,0.0803575110049725,-0.2573253004432443,2019-02-14,2019-02-15,2019-02-19,2019-02-20,2019-02-21,2019-02-22,2019-02-25,2019-02-26,2019-02-27,2019-02-28,77182.0,2019-02-13,252.0,-0.2065%,-0.0019,1.2626,0.4514,0.4222,2.5831%,2.8825%,19.6922%,-0.006261,PRGO,77182.0,2019-02-14,252.0,0.5795%,-0.0019,1.2599,0.4569,0.4167,2.5838%,2.8825%,19.6496%,0.008448,PRGO,77182.0,2019-02-15,252.0,0.7202%,-0.0019,1.2631,0.4589,0.4208,2.5835%,2.8821%,19.6480%,-0.010277,PRGO,77182.0,2019-02-19,252.0,1.2257%,-0.002,1.2573,0.4752,0.4397,2.5795%,2.8743%,19.4630%,0.007164,PRGO,77182.0,2019-02-20,252.0,-1.2311%,-0.002,1.253,0.4665,0.4245,2.5815%,2.8751%,19.3804%,-0.018264,PRGO,77182.0,2019-02-21,252.0,-1.2669%,-0.002,1.2484,0.4562,0.4162,2.5798%,2.8711%,19.2668%,-0.00683,PRGO,77182.0,2019-02-22,252.0,1.2831%,-0.002,1.2471,0.4538,0.3985,2.5805%,2.8726%,19.3043%,0.008226,PRGO,77182.0,2019-02-25,252.0,-0.2656%,-0.002,1.2475,0.4545,0.4001,2.5804%,2.8726%,19.3074%,-0.00273,PRGO,77182.0,2019-02-26,252.0,-1.0654%,-0.002,1.2489,0.4567,0.4023,2.5804%,2.8715%,19.2431%,-0.004528,PRGO,77182.0,2019-02-27,252.0,-2.5471%,-0.002,1.2522,0.4433,0.4028,2.5847%,2.8753%,19.1922%,-0.02708,PRGO,77182.0,2019-02-28,252.0,3.8887%,-0.0017,1.2143,0.4188,0.3646,2.5785%,2.8531%,18.3232%,0.043587,PRGO,0.002187,-0.00809,-0.0009259999999999,-0.0260199999999999,-0.0085449999999999
23339,PIONEER NATURAL RESOURCES CO,Pioneer Natural Resources Raises Semiannual Dividend From $0.16 To $0.32/Share,6,increase,0.8,0.6,"raising the dividend typically signals financial strength and can attract more investors, likely leading to an increase in stock price.",2,2019-02-13,PXD,2019-02-13 22:23:00+00:00,75241.0,72378710,0.032251201570034,2777804.0,-0.0196642354130744,0.0271704010665416,0.0158652793616056,0.0142950927838683,0.00144472962711,-0.007895216345787,-0.0294036753475666,-0.0352634191513061,-0.0363109074532985,-0.0125357136130332,0.0439222268760204,-0.0067787985317409,0.0056285639293491,0.0109084183350205,-0.0011893806513398,0.0048481388948857,-0.0083355791866779,0.0057240677997469,-0.0043795318342745,0.009343777783215,0.0249025169759988,0.0035071950405836,-0.002838181098923,-0.0037081155460327,-0.0117320539429783,0.0138818463310599,-0.0253582503646612,0.0064764912240207,-0.0175134614109993,-0.0182883106172084,-0.0437207035720348,-0.0339544415473938,0.0159558281302452,0.0113770477473735,0.0195559971034526,-0.0018809323664754,0.0048136999830603,0.0035656471736729,0.0050855134613811,0.0009797704406082,-0.0051330714486539,0.0045696981251239,0.0214491318911314,-0.0206554662436246,-0.0026699027512222,-0.0039091426879167,0.0450762994587421,0.0253867842257022,0.0079617407172918,-0.0008432432077825,-0.0345490686595439,0.021753279492259,-0.0044821063056588,0.0338454507291317,0.0224398970603942,0.0032017324119806,0.0285174138844013,0.0211374592036008,0.0413184501230716,0.0077389455400407,-0.0041201026178896,0.0033056016545742,-0.0084711927920579,0.0003845501341857,-0.0186105873435735,0.0789975672960281,-0.0143068917095661,-0.0365366153419017,0.0099959382787346,-0.0275228843092918,0.0214207451790571,-0.0297956708818674,0.0069684302434325,0.0037858709692955,-0.0183878820389509,-0.0101925013586878,0.0104068955406546,-0.0270526967942714,0.0028572839219123,-0.0105339586734771,0.1152929291129112,-0.0125391455367207,-0.003445828333497,0.0121872248128056,0.0208656247705221,-0.0134462108835578,0.0102779399603605,-0.0170629546046257,0.0119075002148747,0.0026644573081284,0.0047412421554327,-0.0210049264132976,-0.0009665027610026,-0.050202190876007,-0.0190644543617963,0.0381049402058124,-0.0252944286912679,-0.0095193283632397,-0.0182726755738258,0.0085869124159216,0.0049108616076409,0.0053017861209809,0.0042836000211536,-0.0207668412476778,-0.0509432330727577,0.0208602789789438,-0.0285478830337524,-0.044102419167757,0.017071709036827,0.0186582468450069,0.0012812925269827,-0.0384272411465644,-0.0532343238592147,0.0044091455638408,0.0391971543431282,0.0105256671085953,-0.0024062583688646,0.0277409628033638,-0.0114080840721726,0.0025282076094299,-0.0196642354130744,0.0271704010665416,-0.0041109346397296,0.0418538972546311,-0.0026721442016887,0.0336282353351045,-0.0671463070060711,-0.0153213803583115,-0.0342583106288956,0.0084878926597504,0.0498801390574179,0.0833652979598116,0.0412289107479613,-0.059281465185174,2019-02-14,2019-02-15,2019-02-19,2019-02-20,2019-02-21,2019-02-22,2019-02-25,2019-02-26,2019-02-27,2019-02-28,75241.0,2019-02-13,252.0,3.2251%,-0.0005,1.3469,0.467,0.8036,1.5477%,2.0330%,42.0468%,0.02754,PXD,75241.0,2019-02-14,252.0,-1.9664%,-0.0005,1.3499,0.4591,0.8127,1.5500%,2.0361%,42.0508%,-0.0147029999999999,PXD,75241.0,2019-02-15,252.0,1.5865%,-0.0006,1.3327,0.4432,0.7842,1.5461%,2.0205%,41.4411%,-0.0045379999999999,PXD,75241.0,2019-02-19,252.0,0.1445%,-0.0006,1.3349,0.4364,0.7764,1.5452%,2.0205%,41.5147%,-0.0048249999999999,PXD,75241.0,2019-02-20,252.0,-2.9404%,-0.0007,1.3254,0.4184,0.7434,1.5616%,2.0285%,40.7336%,-0.03727,PXD,75241.0,2019-02-21,252.0,-3.6311%,-0.0009,1.3353,0.4324,0.7619,1.5710%,2.0408%,40.7445%,-0.029504,PXD,75241.0,2019-02-22,252.0,4.3922%,-0.0007,1.3279,0.4674,0.7047,1.5913%,2.0567%,40.1358%,0.0439639999999999,PXD,75241.0,2019-02-25,252.0,0.5629%,-0.0007,1.33,0.4662,0.7119,1.5876%,2.0546%,40.2939%,0.00602,PXD,75241.0,2019-02-26,252.0,-0.1189%,-0.0007,1.3301,0.4566,0.7071,1.5881%,2.0523%,40.1238%,0.0061719999999999,PXD,75241.0,2019-02-27,252.0,-0.8336%,-0.0006,1.3357,0.4439,0.708,1.5869%,2.0529%,40.2463%,-0.0096519999999999,PXD,75241.0,2019-02-28,252.0,-0.4380%,-0.0006,1.3299,0.44,0.7033,1.5856%,2.0458%,39.9254%,0.001343,PXD,0.012837,0.008299,0.003474,-0.0633,-0.0154529999999999
23347,PIONEER NATURAL RESOURCES CO,"Pioneer Natural Resources shares are trading lower after the company reported Q4 EPS of $1.89, missing the $2.05 estimate.",6,decrease,0.8,0.7,"the company's q4 eps missed analyst estimates, which typically leads to a negative reaction in stock prices.",0,2019-02-13,PXD,2019-02-13 21:35:00+00:00,75241.0,72378710,0.032251201570034,2777804.0,-0.0196642354130744,0.0271704010665416,0.0158652793616056,0.0142950927838683,0.00144472962711,-0.007895216345787,-0.0294036753475666,-0.0352634191513061,-0.0363109074532985,-0.0125357136130332,0.0439222268760204,-0.0067787985317409,0.0056285639293491,0.0109084183350205,-0.0011893806513398,0.0048481388948857,-0.0083355791866779,0.0057240677997469,-0.0043795318342745,0.009343777783215,0.0249025169759988,0.0035071950405836,-0.002838181098923,-0.0037081155460327,-0.0117320539429783,0.0138818463310599,-0.0253582503646612,0.0064764912240207,-0.0175134614109993,-0.0182883106172084,-0.0437207035720348,-0.0339544415473938,0.0159558281302452,0.0113770477473735,0.0195559971034526,-0.0018809323664754,0.0048136999830603,0.0035656471736729,0.0050855134613811,0.0009797704406082,-0.0051330714486539,0.0045696981251239,0.0214491318911314,-0.0206554662436246,-0.0026699027512222,-0.0039091426879167,0.0450762994587421,0.0253867842257022,0.0079617407172918,-0.0008432432077825,-0.0345490686595439,0.021753279492259,-0.0044821063056588,0.0338454507291317,0.0224398970603942,0.0032017324119806,0.0285174138844013,0.0211374592036008,0.0413184501230716,0.0077389455400407,-0.0041201026178896,0.0033056016545742,-0.0084711927920579,0.0003845501341857,-0.0186105873435735,0.0789975672960281,-0.0143068917095661,-0.0365366153419017,0.0099959382787346,-0.0275228843092918,0.0214207451790571,-0.0297956708818674,0.0069684302434325,0.0037858709692955,-0.0183878820389509,-0.0101925013586878,0.0104068955406546,-0.0270526967942714,0.0028572839219123,-0.0105339586734771,0.1152929291129112,-0.0125391455367207,-0.003445828333497,0.0121872248128056,0.0208656247705221,-0.0134462108835578,0.0102779399603605,-0.0170629546046257,0.0119075002148747,0.0026644573081284,0.0047412421554327,-0.0210049264132976,-0.0009665027610026,-0.050202190876007,-0.0190644543617963,0.0381049402058124,-0.0252944286912679,-0.0095193283632397,-0.0182726755738258,0.0085869124159216,0.0049108616076409,0.0053017861209809,0.0042836000211536,-0.0207668412476778,-0.0509432330727577,0.0208602789789438,-0.0285478830337524,-0.044102419167757,0.017071709036827,0.0186582468450069,0.0012812925269827,-0.0384272411465644,-0.0532343238592147,0.0044091455638408,0.0391971543431282,0.0105256671085953,-0.0024062583688646,0.0277409628033638,-0.0114080840721726,0.0025282076094299,-0.0196642354130744,0.0271704010665416,-0.0041109346397296,0.0418538972546311,-0.0026721442016887,0.0336282353351045,-0.0671463070060711,-0.0153213803583115,-0.0342583106288956,0.0084878926597504,0.0498801390574179,0.0833652979598116,0.0412289107479613,-0.059281465185174,2019-02-14,2019-02-15,2019-02-19,2019-02-20,2019-02-21,2019-02-22,2019-02-25,2019-02-26,2019-02-27,2019-02-28,75241.0,2019-02-13,252.0,3.2251%,-0.0005,1.3469,0.467,0.8036,1.5477%,2.0330%,42.0468%,0.02754,PXD,75241.0,2019-02-14,252.0,-1.9664%,-0.0005,1.3499,0.4591,0.8127,1.5500%,2.0361%,42.0508%,-0.0147029999999999,PXD,75241.0,2019-02-15,252.0,1.5865%,-0.0006,1.3327,0.4432,0.7842,1.5461%,2.0205%,41.4411%,-0.0045379999999999,PXD,75241.0,2019-02-19,252.0,0.1445%,-0.0006,1.3349,0.4364,0.7764,1.5452%,2.0205%,41.5147%,-0.0048249999999999,PXD,75241.0,2019-02-20,252.0,-2.9404%,-0.0007,1.3254,0.4184,0.7434,1.5616%,2.0285%,40.7336%,-0.03727,PXD,75241.0,2019-02-21,252.0,-3.6311%,-0.0009,1.3353,0.4324,0.7619,1.5710%,2.0408%,40.7445%,-0.029504,PXD,75241.0,2019-02-22,252.0,4.3922%,-0.0007,1.3279,0.4674,0.7047,1.5913%,2.0567%,40.1358%,0.0439639999999999,PXD,75241.0,2019-02-25,252.0,0.5629%,-0.0007,1.33,0.4662,0.7119,1.5876%,2.0546%,40.2939%,0.00602,PXD,75241.0,2019-02-26,252.0,-0.1189%,-0.0007,1.3301,0.4566,0.7071,1.5881%,2.0523%,40.1238%,0.0061719999999999,PXD,75241.0,2019-02-27,252.0,-0.8336%,-0.0006,1.3357,0.4439,0.708,1.5869%,2.0529%,40.2463%,-0.0096519999999999,PXD,75241.0,2019-02-28,252.0,-0.4380%,-0.0006,1.3299,0.44,0.7033,1.5856%,2.0458%,39.9254%,0.001343,PXD,0.012837,0.008299,0.003474,-0.0633,-0.0154529999999999
23355,PIONEER NATURAL RESOURCES CO,"Pioneer Natural Resources Q4 EPS $1.89 Misses $2.05 Estimate, Sales $2.68B Beat $1.31B Estimate",6,uncertain,0.6,0.3,"while the earnings per share (eps) missed estimates, the sales beat expectations, leading to mixed signals about the company's performance.",1,2019-02-13,PXD,2019-02-13 21:20:00+00:00,75241.0,72378710,0.032251201570034,2777804.0,-0.0196642354130744,0.0271704010665416,0.0158652793616056,0.0142950927838683,0.00144472962711,-0.007895216345787,-0.0294036753475666,-0.0352634191513061,-0.0363109074532985,-0.0125357136130332,0.0439222268760204,-0.0067787985317409,0.0056285639293491,0.0109084183350205,-0.0011893806513398,0.0048481388948857,-0.0083355791866779,0.0057240677997469,-0.0043795318342745,0.009343777783215,0.0249025169759988,0.0035071950405836,-0.002838181098923,-0.0037081155460327,-0.0117320539429783,0.0138818463310599,-0.0253582503646612,0.0064764912240207,-0.0175134614109993,-0.0182883106172084,-0.0437207035720348,-0.0339544415473938,0.0159558281302452,0.0113770477473735,0.0195559971034526,-0.0018809323664754,0.0048136999830603,0.0035656471736729,0.0050855134613811,0.0009797704406082,-0.0051330714486539,0.0045696981251239,0.0214491318911314,-0.0206554662436246,-0.0026699027512222,-0.0039091426879167,0.0450762994587421,0.0253867842257022,0.0079617407172918,-0.0008432432077825,-0.0345490686595439,0.021753279492259,-0.0044821063056588,0.0338454507291317,0.0224398970603942,0.0032017324119806,0.0285174138844013,0.0211374592036008,0.0413184501230716,0.0077389455400407,-0.0041201026178896,0.0033056016545742,-0.0084711927920579,0.0003845501341857,-0.0186105873435735,0.0789975672960281,-0.0143068917095661,-0.0365366153419017,0.0099959382787346,-0.0275228843092918,0.0214207451790571,-0.0297956708818674,0.0069684302434325,0.0037858709692955,-0.0183878820389509,-0.0101925013586878,0.0104068955406546,-0.0270526967942714,0.0028572839219123,-0.0105339586734771,0.1152929291129112,-0.0125391455367207,-0.003445828333497,0.0121872248128056,0.0208656247705221,-0.0134462108835578,0.0102779399603605,-0.0170629546046257,0.0119075002148747,0.0026644573081284,0.0047412421554327,-0.0210049264132976,-0.0009665027610026,-0.050202190876007,-0.0190644543617963,0.0381049402058124,-0.0252944286912679,-0.0095193283632397,-0.0182726755738258,0.0085869124159216,0.0049108616076409,0.0053017861209809,0.0042836000211536,-0.0207668412476778,-0.0509432330727577,0.0208602789789438,-0.0285478830337524,-0.044102419167757,0.017071709036827,0.0186582468450069,0.0012812925269827,-0.0384272411465644,-0.0532343238592147,0.0044091455638408,0.0391971543431282,0.0105256671085953,-0.0024062583688646,0.0277409628033638,-0.0114080840721726,0.0025282076094299,-0.0196642354130744,0.0271704010665416,-0.0041109346397296,0.0418538972546311,-0.0026721442016887,0.0336282353351045,-0.0671463070060711,-0.0153213803583115,-0.0342583106288956,0.0084878926597504,0.0498801390574179,0.0833652979598116,0.0412289107479613,-0.059281465185174,2019-02-14,2019-02-15,2019-02-19,2019-02-20,2019-02-21,2019-02-22,2019-02-25,2019-02-26,2019-02-27,2019-02-28,75241.0,2019-02-13,252.0,3.2251%,-0.0005,1.3469,0.467,0.8036,1.5477%,2.0330%,42.0468%,0.02754,PXD,75241.0,2019-02-14,252.0,-1.9664%,-0.0005,1.3499,0.4591,0.8127,1.5500%,2.0361%,42.0508%,-0.0147029999999999,PXD,75241.0,2019-02-15,252.0,1.5865%,-0.0006,1.3327,0.4432,0.7842,1.5461%,2.0205%,41.4411%,-0.0045379999999999,PXD,75241.0,2019-02-19,252.0,0.1445%,-0.0006,1.3349,0.4364,0.7764,1.5452%,2.0205%,41.5147%,-0.0048249999999999,PXD,75241.0,2019-02-20,252.0,-2.9404%,-0.0007,1.3254,0.4184,0.7434,1.5616%,2.0285%,40.7336%,-0.03727,PXD,75241.0,2019-02-21,252.0,-3.6311%,-0.0009,1.3353,0.4324,0.7619,1.5710%,2.0408%,40.7445%,-0.029504,PXD,75241.0,2019-02-22,252.0,4.3922%,-0.0007,1.3279,0.4674,0.7047,1.5913%,2.0567%,40.1358%,0.0439639999999999,PXD,75241.0,2019-02-25,252.0,0.5629%,-0.0007,1.33,0.4662,0.7119,1.5876%,2.0546%,40.2939%,0.00602,PXD,75241.0,2019-02-26,252.0,-0.1189%,-0.0007,1.3301,0.4566,0.7071,1.5881%,2.0523%,40.1238%,0.0061719999999999,PXD,75241.0,2019-02-27,252.0,-0.8336%,-0.0006,1.3357,0.4439,0.708,1.5869%,2.0529%,40.2463%,-0.0096519999999999,PXD,75241.0,2019-02-28,252.0,-0.4380%,-0.0006,1.3299,0.44,0.7033,1.5856%,2.0458%,39.9254%,0.001343,PXD,0.012837,0.008299,0.003474,-0.0633,-0.0154529999999999
23363,QIWI PLC,UPDATE: JP Morgan Downgrades QIWI And Lowers Price Target As Firm Believes 'it is time to take profits in the stock as we see increased execution risk related to non-core investments (Sovest and Rocketbank)',6,decrease,0.8,0.6,"the downgrade by jp morgan and the mention of increased execution risk suggest negative sentiment towards qiwi plc, likely leading to a decrease in stock price.",0,2019-02-13,QIWI,2019-02-13 13:53:00+00:00,13941.0,74735M10,-0.0790441185235977,592035.0,-0.0385894849896431,0.0092764142900705,-0.0110726542770862,0.0144291408360004,0.0090972790494561,-0.0031269663013517,0.0006934971315786,-0.0062150638550519,-0.0166320670396089,0.0031171592418104,0.0028188838623464,-0.0177586656063795,-0.0049191634170711,0.0018405329901725,-0.0070621063932776,0.0187499523162841,-0.0170697513967752,0.0178116876631975,0.0188133306801319,0.0194552652537822,0.0063920561224222,-0.0058027175255119,-0.02187723480165,0.0071428967639803,-0.0072149662300944,-0.0006489441148005,-0.0123546561226248,0.0335345417261123,-0.0029433378949761,0.0101625751703977,0.0051660290919244,0.0285714175552129,0.0029368547257035,-0.0062326318584382,-0.0073206024244427,-0.0143344737589359,0.04203537479043,0.0027378483209759,0.0233545582741498,0.0174094717949628,0.0214384794235229,0.0119802737608552,-0.018280329182744,-0.0152671942487359,-0.005517235957086,-0.0048342333175241,-0.0048543475568294,0.0140055892989039,0.0090591749176383,-0.006954129319638,-0.010359089821577,0.0119634112343192,0.0020934916101396,0.0395025573670864,0.0201949831098318,-0.0291193071752786,-0.012286645360291,-0.0042433110065758,-0.0131306517869234,0.0336257331073284,0.0077031240798532,0.0193740855902433,0.0138985272496938,-0.0331412144005298,-0.0006854166276752,0.070987656712532,-0.0157750025391578,-0.0099312542006373,-0.0076655475422739,-0.0493827350437641,0.0161517206579446,-0.049033086746931,-0.0193504262715578,0.0013830915559083,-0.0021141462493687,0.016163071617484,-0.0120056550949811,-0.0206469502300024,0.0014296253211796,-0.0228648390620946,0.0092790946364402,0.0081355851143598,0.0601131133735179,0.0102739464491605,-0.0393595844507217,0.0,-0.0090277194976806,0.0117810163646936,-0.009810815565288,-0.0143442647531628,0.0084925610572099,0.0145530169829726,0.0014035408385097,-0.0373582020401954,-0.0105116022750735,-0.0033244807273149,-0.0155807556584477,0.0294319167733192,-0.0028776952531188,-0.0233957469463348,-0.0043289656750857,0.0190735515207052,0.0152173936367034,-0.0107816606760025,-0.0221270825713872,0.0392157174646854,-0.0072992285713553,-0.0138121424242854,0.0110293831676244,0.0197182912379503,-0.0007272893562912,0.0157367866486311,-0.0014555680099874,-0.0099150389432907,-0.0145772453397512,-0.0221606437116861,-0.0236686859279871,0.0204946976155042,0.0060606002807617,0.1098038926720619,-0.0385894849896431,0.0092764142900705,-0.0492348512407082,0.0238394058143154,-0.0405854753719473,0.0206378944943379,-0.0558882370096208,0.0174562824837765,-0.0632069094500438,0.0583657344075112,-0.0499002036208515,0.1929824105009587,-0.1164338024189383,0.279999982083293,2019-02-14,2019-02-15,2019-02-19,2019-02-20,2019-02-21,2019-02-22,2019-02-25,2019-02-26,2019-02-27,2019-02-28,13941.0,2019-02-13,252.0,-7.9044%,-0.0001,0.8322,-0.2336,-0.2617,2.3602%,2.5465%,14.0980%,-0.081229,QIWI,13941.0,2019-02-14,252.0,-3.8589%,-0.0003,0.8399,-0.2544,-0.2371,2.3693%,2.5553%,14.0247%,-0.037245,QIWI,13941.0,2019-02-15,252.0,-1.1073%,-0.0005,0.8035,-0.2891,-0.2989,2.3648%,2.5439%,13.5863%,-0.018889,QIWI,13941.0,2019-02-19,252.0,0.9097%,-0.0004,0.8068,-0.285,-0.2945,2.3654%,2.5441%,13.5550%,0.0092059999999999,QIWI,13941.0,2019-02-20,252.0,0.0693%,-0.0006,0.8037,-0.3082,-0.3097,2.3534%,2.5338%,13.7321%,0.001307,QIWI,13941.0,2019-02-21,252.0,-1.6632%,-0.0006,0.8066,-0.3055,-0.3043,2.3551%,2.5358%,13.7423%,-0.014686,QIWI,13941.0,2019-02-22,252.0,0.2819%,-0.0007,0.8073,-0.3058,-0.2968,2.3553%,2.5354%,13.7061%,-0.005318,QIWI,13941.0,2019-02-25,252.0,-0.4919%,-0.0006,0.8061,-0.3036,-0.3002,2.3547%,2.5349%,13.7075%,-0.007559,QIWI,13941.0,2019-02-26,252.0,-0.7062%,-0.0006,0.8129,-0.2989,-0.2927,2.3547%,2.5350%,13.7231%,-0.008806,QIWI,13941.0,2019-02-27,252.0,-1.7070%,-0.0007,0.8147,-0.3071,-0.2924,2.3569%,2.5369%,13.6892%,-0.017685,QIWI,13941.0,2019-02-28,252.0,1.8813%,-0.0007,0.8185,-0.3038,-0.2947,2.3588%,2.5396%,13.7335%,0.020569,QIWI,-0.118474,-0.1373629999999999,-0.128157,-0.141536,-0.160335
23371,QIWI PLC,"JP Morgan Downgrades QIWI to Neutral, Lowers Price Target to $19",6,decrease,0.8,0.7,"a downgrade from jp morgan typically signals reduced confidence in the stock's performance, likely leading to a decrease in its price.",0,2019-02-13,QIWI,2019-02-13 13:51:00+00:00,13941.0,74735M10,-0.0790441185235977,592035.0,-0.0385894849896431,0.0092764142900705,-0.0110726542770862,0.0144291408360004,0.0090972790494561,-0.0031269663013517,0.0006934971315786,-0.0062150638550519,-0.0166320670396089,0.0031171592418104,0.0028188838623464,-0.0177586656063795,-0.0049191634170711,0.0018405329901725,-0.0070621063932776,0.0187499523162841,-0.0170697513967752,0.0178116876631975,0.0188133306801319,0.0194552652537822,0.0063920561224222,-0.0058027175255119,-0.02187723480165,0.0071428967639803,-0.0072149662300944,-0.0006489441148005,-0.0123546561226248,0.0335345417261123,-0.0029433378949761,0.0101625751703977,0.0051660290919244,0.0285714175552129,0.0029368547257035,-0.0062326318584382,-0.0073206024244427,-0.0143344737589359,0.04203537479043,0.0027378483209759,0.0233545582741498,0.0174094717949628,0.0214384794235229,0.0119802737608552,-0.018280329182744,-0.0152671942487359,-0.005517235957086,-0.0048342333175241,-0.0048543475568294,0.0140055892989039,0.0090591749176383,-0.006954129319638,-0.010359089821577,0.0119634112343192,0.0020934916101396,0.0395025573670864,0.0201949831098318,-0.0291193071752786,-0.012286645360291,-0.0042433110065758,-0.0131306517869234,0.0336257331073284,0.0077031240798532,0.0193740855902433,0.0138985272496938,-0.0331412144005298,-0.0006854166276752,0.070987656712532,-0.0157750025391578,-0.0099312542006373,-0.0076655475422739,-0.0493827350437641,0.0161517206579446,-0.049033086746931,-0.0193504262715578,0.0013830915559083,-0.0021141462493687,0.016163071617484,-0.0120056550949811,-0.0206469502300024,0.0014296253211796,-0.0228648390620946,0.0092790946364402,0.0081355851143598,0.0601131133735179,0.0102739464491605,-0.0393595844507217,0.0,-0.0090277194976806,0.0117810163646936,-0.009810815565288,-0.0143442647531628,0.0084925610572099,0.0145530169829726,0.0014035408385097,-0.0373582020401954,-0.0105116022750735,-0.0033244807273149,-0.0155807556584477,0.0294319167733192,-0.0028776952531188,-0.0233957469463348,-0.0043289656750857,0.0190735515207052,0.0152173936367034,-0.0107816606760025,-0.0221270825713872,0.0392157174646854,-0.0072992285713553,-0.0138121424242854,0.0110293831676244,0.0197182912379503,-0.0007272893562912,0.0157367866486311,-0.0014555680099874,-0.0099150389432907,-0.0145772453397512,-0.0221606437116861,-0.0236686859279871,0.0204946976155042,0.0060606002807617,0.1098038926720619,-0.0385894849896431,0.0092764142900705,-0.0492348512407082,0.0238394058143154,-0.0405854753719473,0.0206378944943379,-0.0558882370096208,0.0174562824837765,-0.0632069094500438,0.0583657344075112,-0.0499002036208515,0.1929824105009587,-0.1164338024189383,0.279999982083293,2019-02-14,2019-02-15,2019-02-19,2019-02-20,2019-02-21,2019-02-22,2019-02-25,2019-02-26,2019-02-27,2019-02-28,13941.0,2019-02-13,252.0,-7.9044%,-0.0001,0.8322,-0.2336,-0.2617,2.3602%,2.5465%,14.0980%,-0.081229,QIWI,13941.0,2019-02-14,252.0,-3.8589%,-0.0003,0.8399,-0.2544,-0.2371,2.3693%,2.5553%,14.0247%,-0.037245,QIWI,13941.0,2019-02-15,252.0,-1.1073%,-0.0005,0.8035,-0.2891,-0.2989,2.3648%,2.5439%,13.5863%,-0.018889,QIWI,13941.0,2019-02-19,252.0,0.9097%,-0.0004,0.8068,-0.285,-0.2945,2.3654%,2.5441%,13.5550%,0.0092059999999999,QIWI,13941.0,2019-02-20,252.0,0.0693%,-0.0006,0.8037,-0.3082,-0.3097,2.3534%,2.5338%,13.7321%,0.001307,QIWI,13941.0,2019-02-21,252.0,-1.6632%,-0.0006,0.8066,-0.3055,-0.3043,2.3551%,2.5358%,13.7423%,-0.014686,QIWI,13941.0,2019-02-22,252.0,0.2819%,-0.0007,0.8073,-0.3058,-0.2968,2.3553%,2.5354%,13.7061%,-0.005318,QIWI,13941.0,2019-02-25,252.0,-0.4919%,-0.0006,0.8061,-0.3036,-0.3002,2.3547%,2.5349%,13.7075%,-0.007559,QIWI,13941.0,2019-02-26,252.0,-0.7062%,-0.0006,0.8129,-0.2989,-0.2927,2.3547%,2.5350%,13.7231%,-0.008806,QIWI,13941.0,2019-02-27,252.0,-1.7070%,-0.0007,0.8147,-0.3071,-0.2924,2.3569%,2.5369%,13.6892%,-0.017685,QIWI,13941.0,2019-02-28,252.0,1.8813%,-0.0007,0.8185,-0.3038,-0.2947,2.3588%,2.5396%,13.7335%,0.020569,QIWI,-0.118474,-0.1373629999999999,-0.128157,-0.141536,-0.160335
23379,QIWI PLC,QIWI CFO Alexander Karavaev TO Leave By Mid May,6,decrease,0.7,0.6,"the departure of a cfo can create uncertainty about the company's financial management and strategy, potentially leading to a decrease in investor confidence and stock price.",0,2019-02-13,QIWI,2019-02-13 12:27:00+00:00,13941.0,74735M10,-0.0790441185235977,592035.0,-0.0385894849896431,0.0092764142900705,-0.0110726542770862,0.0144291408360004,0.0090972790494561,-0.0031269663013517,0.0006934971315786,-0.0062150638550519,-0.0166320670396089,0.0031171592418104,0.0028188838623464,-0.0177586656063795,-0.0049191634170711,0.0018405329901725,-0.0070621063932776,0.0187499523162841,-0.0170697513967752,0.0178116876631975,0.0188133306801319,0.0194552652537822,0.0063920561224222,-0.0058027175255119,-0.02187723480165,0.0071428967639803,-0.0072149662300944,-0.0006489441148005,-0.0123546561226248,0.0335345417261123,-0.0029433378949761,0.0101625751703977,0.0051660290919244,0.0285714175552129,0.0029368547257035,-0.0062326318584382,-0.0073206024244427,-0.0143344737589359,0.04203537479043,0.0027378483209759,0.0233545582741498,0.0174094717949628,0.0214384794235229,0.0119802737608552,-0.018280329182744,-0.0152671942487359,-0.005517235957086,-0.0048342333175241,-0.0048543475568294,0.0140055892989039,0.0090591749176383,-0.006954129319638,-0.010359089821577,0.0119634112343192,0.0020934916101396,0.0395025573670864,0.0201949831098318,-0.0291193071752786,-0.012286645360291,-0.0042433110065758,-0.0131306517869234,0.0336257331073284,0.0077031240798532,0.0193740855902433,0.0138985272496938,-0.0331412144005298,-0.0006854166276752,0.070987656712532,-0.0157750025391578,-0.0099312542006373,-0.0076655475422739,-0.0493827350437641,0.0161517206579446,-0.049033086746931,-0.0193504262715578,0.0013830915559083,-0.0021141462493687,0.016163071617484,-0.0120056550949811,-0.0206469502300024,0.0014296253211796,-0.0228648390620946,0.0092790946364402,0.0081355851143598,0.0601131133735179,0.0102739464491605,-0.0393595844507217,0.0,-0.0090277194976806,0.0117810163646936,-0.009810815565288,-0.0143442647531628,0.0084925610572099,0.0145530169829726,0.0014035408385097,-0.0373582020401954,-0.0105116022750735,-0.0033244807273149,-0.0155807556584477,0.0294319167733192,-0.0028776952531188,-0.0233957469463348,-0.0043289656750857,0.0190735515207052,0.0152173936367034,-0.0107816606760025,-0.0221270825713872,0.0392157174646854,-0.0072992285713553,-0.0138121424242854,0.0110293831676244,0.0197182912379503,-0.0007272893562912,0.0157367866486311,-0.0014555680099874,-0.0099150389432907,-0.0145772453397512,-0.0221606437116861,-0.0236686859279871,0.0204946976155042,0.0060606002807617,0.1098038926720619,-0.0385894849896431,0.0092764142900705,-0.0492348512407082,0.0238394058143154,-0.0405854753719473,0.0206378944943379,-0.0558882370096208,0.0174562824837765,-0.0632069094500438,0.0583657344075112,-0.0499002036208515,0.1929824105009587,-0.1164338024189383,0.279999982083293,2019-02-14,2019-02-15,2019-02-19,2019-02-20,2019-02-21,2019-02-22,2019-02-25,2019-02-26,2019-02-27,2019-02-28,13941.0,2019-02-13,252.0,-7.9044%,-0.0001,0.8322,-0.2336,-0.2617,2.3602%,2.5465%,14.0980%,-0.081229,QIWI,13941.0,2019-02-14,252.0,-3.8589%,-0.0003,0.8399,-0.2544,-0.2371,2.3693%,2.5553%,14.0247%,-0.037245,QIWI,13941.0,2019-02-15,252.0,-1.1073%,-0.0005,0.8035,-0.2891,-0.2989,2.3648%,2.5439%,13.5863%,-0.018889,QIWI,13941.0,2019-02-19,252.0,0.9097%,-0.0004,0.8068,-0.285,-0.2945,2.3654%,2.5441%,13.5550%,0.0092059999999999,QIWI,13941.0,2019-02-20,252.0,0.0693%,-0.0006,0.8037,-0.3082,-0.3097,2.3534%,2.5338%,13.7321%,0.001307,QIWI,13941.0,2019-02-21,252.0,-1.6632%,-0.0006,0.8066,-0.3055,-0.3043,2.3551%,2.5358%,13.7423%,-0.014686,QIWI,13941.0,2019-02-22,252.0,0.2819%,-0.0007,0.8073,-0.3058,-0.2968,2.3553%,2.5354%,13.7061%,-0.005318,QIWI,13941.0,2019-02-25,252.0,-0.4919%,-0.0006,0.8061,-0.3036,-0.3002,2.3547%,2.5349%,13.7075%,-0.007559,QIWI,13941.0,2019-02-26,252.0,-0.7062%,-0.0006,0.8129,-0.2989,-0.2927,2.3547%,2.5350%,13.7231%,-0.008806,QIWI,13941.0,2019-02-27,252.0,-1.7070%,-0.0007,0.8147,-0.3071,-0.2924,2.3569%,2.5369%,13.6892%,-0.017685,QIWI,13941.0,2019-02-28,252.0,1.8813%,-0.0007,0.8185,-0.3038,-0.2947,2.3588%,2.5396%,13.7335%,0.020569,QIWI,-0.118474,-0.1373629999999999,-0.128157,-0.141536,-0.160335
23387,QUALYS INC,"Qualys shares are trading lower after the company issued weak Q1 and FY19 sales guidance, which offset strong Q4 earnings; Multiple analysts subsequently downgraded the stock.",6,decrease,0.85,0.7,the issuance of weak sales guidance and subsequent downgrades by multiple analysts typically leads to a decline in stock price.,0,2019-02-13,QLYS,2019-02-13 14:17:00+00:00,13600.0,74758T30,-0.1462504416704178,3470372.0,-0.0127565963193774,0.0176272522658109,-0.0070145172066986,0.0030704173259437,0.0407733395695686,0.0288670342415571,0.0002381119556957,-0.0160771701484918,0.0040475754067301,0.0077770706266164,0.0008300608024001,0.012024468742311,-0.003909511025995,0.0326222740113735,0.0016650735633447,0.0238067451864481,0.0193540398031473,0.0312238708138465,-0.0258590709418058,0.0200583692640066,0.0138706648722291,-0.0002430316380923,-0.0239414870738983,0.0035370278637856,-0.006645759101957,0.0164888929575681,-0.0048656067810952,0.0021121357567608,0.0107566909864544,-0.0081331320106983,0.0020558491814881,0.0146286338567733,0.0374124832451343,0.0090840421617031,-0.0008143287268467,0.0188970454037189,-0.0152520379051566,-0.0109345279633998,0.0023645891342312,0.0244887974113225,0.0138004031032323,-0.0215396694839,-0.0107038766145706,0.0025555449537932,0.0158767309039831,-0.0069787520915269,-0.0206066090613603,0.0277777425944805,0.0186761450022459,0.0316157452762126,-0.0418890751898288,0.0001345820201095,0.0043599442578852,0.0685837045311927,0.0067526535131037,-0.0611500889062881,-0.0342556089162826,-0.0088305603712797,0.0075654298998415,-0.0046610534191131,0.0184638109058141,-0.0066146319732069,-0.0013294732198119,0.0267589446157217,0.0041147763840854,0.083124928176403,0.0094009730964899,0.0013259276747703,-0.0371343344449996,-0.0409720465540885,0.0022321466822177,-0.0281477831304073,0.0071764639578759,-0.01938864775002,-0.0006142880883999,0.0422396063804626,0.0197910349816083,-0.1085814386606216,-0.0095226727426052,-0.0205831937491893,0.0049897003918886,0.0065360269509255,-0.0050859549082815,0.0468628630042076,-0.0019474641885608,-0.0007739623542875,-0.0145122250542044,0.0247190352529287,0.0047024488449096,-0.0337207727134227,0.0189678631722927,0.0229975450783968,0.0290099568665027,-0.0597125031054019,0.0075179068371653,0.0333925485610961,0.0173721071332693,0.0206039138138294,0.0099701480939984,0.0035110095050185,-0.0088505484163761,0.046400923281908,0.0333142951130867,-0.0126293487846851,0.0027697761543095,0.0264790803194046,0.0139210522174835,0.0070833628997206,-0.0007627732120454,0.0156580712646246,-0.0212649628520011,0.0242739543318748,-0.0276323501020669,-0.0733699724078178,0.0001146113936556,0.0026849857531487,-0.0101970601826906,0.0370318256318569,0.0127329379320144,-0.0037447523791342,-0.0127565963193774,0.0176272522658109,-0.0196816321616949,0.0207517926125204,0.0202892215364616,0.0502178695619968,0.0246628454895825,0.0413696445319258,0.0160369301375735,0.1720155753328911,-0.0129996340304493,0.2839260700082171,0.0629328161484801,0.3371706781207428,2019-02-14,2019-02-15,2019-02-19,2019-02-20,2019-02-21,2019-02-22,2019-02-25,2019-02-26,2019-02-27,2019-02-28,13600.0,2019-02-13,252.0,-14.6250%,0.0004,1.1873,0.8656,-1.599,1.9069%,2.7794%,52.9302%,-0.1492,QLYS,13600.0,2019-02-14,252.0,-1.2757%,0.0,1.1886,0.8499,-1.5744,1.8662%,2.7415%,53.6646%,-0.024139,QLYS,13600.0,2019-02-15,252.0,-0.7015%,-0.0,1.1811,0.8416,-1.5886,1.8685%,2.7415%,53.5480%,-0.015113,QLYS,13600.0,2019-02-19,252.0,4.0773%,0.0,1.1817,0.8775,-1.5482,1.8795%,2.7370%,52.8451%,0.040754,QLYS,13600.0,2019-02-20,252.0,0.0238%,0.0,1.1817,0.8714,-1.5499,1.8777%,2.7356%,52.8861%,0.004477,QLYS,13600.0,2019-02-21,252.0,0.4048%,0.0,1.1828,0.875,-1.5478,1.8776%,2.7357%,52.8967%,0.005365,QLYS,13600.0,2019-02-22,252.0,0.0830%,-0.0001,1.1878,0.8669,-1.4952,1.8898%,2.7356%,52.2772%,-0.034524,QLYS,13600.0,2019-02-25,252.0,-0.3910%,-0.0002,1.1887,0.8708,-1.4899,1.8897%,2.7346%,52.2493%,-0.006229,QLYS,13600.0,2019-02-26,252.0,0.1665%,-0.0002,1.1813,0.872,-1.4949,1.8886%,2.7292%,52.1154%,0.004123,QLYS,13600.0,2019-02-27,252.0,1.9354%,-0.0001,1.1797,0.8792,-1.4951,1.8907%,2.7305%,52.0498%,0.01474,QLYS,13600.0,2019-02-28,252.0,-2.5859%,-0.0003,1.1949,0.8887,-1.478,1.8942%,2.7356%,52.0544%,-0.026216,QLYS,-0.173339,-0.188452,-0.147698,-0.1378559999999999,-0.185962
23395,QUALYS INC,BTIG Research Downgrades Qualys to Neutral,6,decrease,0.8,0.6,"a downgrade from btig research typically signals reduced expectations for the company's performance, which can lead to a decline in stock price.",0,2019-02-13,QLYS,2019-02-13 12:58:00+00:00,13600.0,74758T30,-0.1462504416704178,3470372.0,-0.0127565963193774,0.0176272522658109,-0.0070145172066986,0.0030704173259437,0.0407733395695686,0.0288670342415571,0.0002381119556957,-0.0160771701484918,0.0040475754067301,0.0077770706266164,0.0008300608024001,0.012024468742311,-0.003909511025995,0.0326222740113735,0.0016650735633447,0.0238067451864481,0.0193540398031473,0.0312238708138465,-0.0258590709418058,0.0200583692640066,0.0138706648722291,-0.0002430316380923,-0.0239414870738983,0.0035370278637856,-0.006645759101957,0.0164888929575681,-0.0048656067810952,0.0021121357567608,0.0107566909864544,-0.0081331320106983,0.0020558491814881,0.0146286338567733,0.0374124832451343,0.0090840421617031,-0.0008143287268467,0.0188970454037189,-0.0152520379051566,-0.0109345279633998,0.0023645891342312,0.0244887974113225,0.0138004031032323,-0.0215396694839,-0.0107038766145706,0.0025555449537932,0.0158767309039831,-0.0069787520915269,-0.0206066090613603,0.0277777425944805,0.0186761450022459,0.0316157452762126,-0.0418890751898288,0.0001345820201095,0.0043599442578852,0.0685837045311927,0.0067526535131037,-0.0611500889062881,-0.0342556089162826,-0.0088305603712797,0.0075654298998415,-0.0046610534191131,0.0184638109058141,-0.0066146319732069,-0.0013294732198119,0.0267589446157217,0.0041147763840854,0.083124928176403,0.0094009730964899,0.0013259276747703,-0.0371343344449996,-0.0409720465540885,0.0022321466822177,-0.0281477831304073,0.0071764639578759,-0.01938864775002,-0.0006142880883999,0.0422396063804626,0.0197910349816083,-0.1085814386606216,-0.0095226727426052,-0.0205831937491893,0.0049897003918886,0.0065360269509255,-0.0050859549082815,0.0468628630042076,-0.0019474641885608,-0.0007739623542875,-0.0145122250542044,0.0247190352529287,0.0047024488449096,-0.0337207727134227,0.0189678631722927,0.0229975450783968,0.0290099568665027,-0.0597125031054019,0.0075179068371653,0.0333925485610961,0.0173721071332693,0.0206039138138294,0.0099701480939984,0.0035110095050185,-0.0088505484163761,0.046400923281908,0.0333142951130867,-0.0126293487846851,0.0027697761543095,0.0264790803194046,0.0139210522174835,0.0070833628997206,-0.0007627732120454,0.0156580712646246,-0.0212649628520011,0.0242739543318748,-0.0276323501020669,-0.0733699724078178,0.0001146113936556,0.0026849857531487,-0.0101970601826906,0.0370318256318569,0.0127329379320144,-0.0037447523791342,-0.0127565963193774,0.0176272522658109,-0.0196816321616949,0.0207517926125204,0.0202892215364616,0.0502178695619968,0.0246628454895825,0.0413696445319258,0.0160369301375735,0.1720155753328911,-0.0129996340304493,0.2839260700082171,0.0629328161484801,0.3371706781207428,2019-02-14,2019-02-15,2019-02-19,2019-02-20,2019-02-21,2019-02-22,2019-02-25,2019-02-26,2019-02-27,2019-02-28,13600.0,2019-02-13,252.0,-14.6250%,0.0004,1.1873,0.8656,-1.599,1.9069%,2.7794%,52.9302%,-0.1492,QLYS,13600.0,2019-02-14,252.0,-1.2757%,0.0,1.1886,0.8499,-1.5744,1.8662%,2.7415%,53.6646%,-0.024139,QLYS,13600.0,2019-02-15,252.0,-0.7015%,-0.0,1.1811,0.8416,-1.5886,1.8685%,2.7415%,53.5480%,-0.015113,QLYS,13600.0,2019-02-19,252.0,4.0773%,0.0,1.1817,0.8775,-1.5482,1.8795%,2.7370%,52.8451%,0.040754,QLYS,13600.0,2019-02-20,252.0,0.0238%,0.0,1.1817,0.8714,-1.5499,1.8777%,2.7356%,52.8861%,0.004477,QLYS,13600.0,2019-02-21,252.0,0.4048%,0.0,1.1828,0.875,-1.5478,1.8776%,2.7357%,52.8967%,0.005365,QLYS,13600.0,2019-02-22,252.0,0.0830%,-0.0001,1.1878,0.8669,-1.4952,1.8898%,2.7356%,52.2772%,-0.034524,QLYS,13600.0,2019-02-25,252.0,-0.3910%,-0.0002,1.1887,0.8708,-1.4899,1.8897%,2.7346%,52.2493%,-0.006229,QLYS,13600.0,2019-02-26,252.0,0.1665%,-0.0002,1.1813,0.872,-1.4949,1.8886%,2.7292%,52.1154%,0.004123,QLYS,13600.0,2019-02-27,252.0,1.9354%,-0.0001,1.1797,0.8792,-1.4951,1.8907%,2.7305%,52.0498%,0.01474,QLYS,13600.0,2019-02-28,252.0,-2.5859%,-0.0003,1.1949,0.8887,-1.478,1.8942%,2.7356%,52.0544%,-0.026216,QLYS,-0.173339,-0.188452,-0.147698,-0.1378559999999999,-0.185962
23403,QUALYS INC,"JP Morgan Downgrades Qualys to Underweight, Lowers Price Target to $82",6,decrease,0.8,0.7,"a downgrade from jp morgan typically signals reduced confidence in the company's future performance, which is likely to lead to a decrease in stock price.",0,2019-02-13,QLYS,2019-02-13 11:44:00+00:00,13600.0,74758T30,-0.1462504416704178,3470372.0,-0.0127565963193774,0.0176272522658109,-0.0070145172066986,0.0030704173259437,0.0407733395695686,0.0288670342415571,0.0002381119556957,-0.0160771701484918,0.0040475754067301,0.0077770706266164,0.0008300608024001,0.012024468742311,-0.003909511025995,0.0326222740113735,0.0016650735633447,0.0238067451864481,0.0193540398031473,0.0312238708138465,-0.0258590709418058,0.0200583692640066,0.0138706648722291,-0.0002430316380923,-0.0239414870738983,0.0035370278637856,-0.006645759101957,0.0164888929575681,-0.0048656067810952,0.0021121357567608,0.0107566909864544,-0.0081331320106983,0.0020558491814881,0.0146286338567733,0.0374124832451343,0.0090840421617031,-0.0008143287268467,0.0188970454037189,-0.0152520379051566,-0.0109345279633998,0.0023645891342312,0.0244887974113225,0.0138004031032323,-0.0215396694839,-0.0107038766145706,0.0025555449537932,0.0158767309039831,-0.0069787520915269,-0.0206066090613603,0.0277777425944805,0.0186761450022459,0.0316157452762126,-0.0418890751898288,0.0001345820201095,0.0043599442578852,0.0685837045311927,0.0067526535131037,-0.0611500889062881,-0.0342556089162826,-0.0088305603712797,0.0075654298998415,-0.0046610534191131,0.0184638109058141,-0.0066146319732069,-0.0013294732198119,0.0267589446157217,0.0041147763840854,0.083124928176403,0.0094009730964899,0.0013259276747703,-0.0371343344449996,-0.0409720465540885,0.0022321466822177,-0.0281477831304073,0.0071764639578759,-0.01938864775002,-0.0006142880883999,0.0422396063804626,0.0197910349816083,-0.1085814386606216,-0.0095226727426052,-0.0205831937491893,0.0049897003918886,0.0065360269509255,-0.0050859549082815,0.0468628630042076,-0.0019474641885608,-0.0007739623542875,-0.0145122250542044,0.0247190352529287,0.0047024488449096,-0.0337207727134227,0.0189678631722927,0.0229975450783968,0.0290099568665027,-0.0597125031054019,0.0075179068371653,0.0333925485610961,0.0173721071332693,0.0206039138138294,0.0099701480939984,0.0035110095050185,-0.0088505484163761,0.046400923281908,0.0333142951130867,-0.0126293487846851,0.0027697761543095,0.0264790803194046,0.0139210522174835,0.0070833628997206,-0.0007627732120454,0.0156580712646246,-0.0212649628520011,0.0242739543318748,-0.0276323501020669,-0.0733699724078178,0.0001146113936556,0.0026849857531487,-0.0101970601826906,0.0370318256318569,0.0127329379320144,-0.0037447523791342,-0.0127565963193774,0.0176272522658109,-0.0196816321616949,0.0207517926125204,0.0202892215364616,0.0502178695619968,0.0246628454895825,0.0413696445319258,0.0160369301375735,0.1720155753328911,-0.0129996340304493,0.2839260700082171,0.0629328161484801,0.3371706781207428,2019-02-14,2019-02-15,2019-02-19,2019-02-20,2019-02-21,2019-02-22,2019-02-25,2019-02-26,2019-02-27,2019-02-28,13600.0,2019-02-13,252.0,-14.6250%,0.0004,1.1873,0.8656,-1.599,1.9069%,2.7794%,52.9302%,-0.1492,QLYS,13600.0,2019-02-14,252.0,-1.2757%,0.0,1.1886,0.8499,-1.5744,1.8662%,2.7415%,53.6646%,-0.024139,QLYS,13600.0,2019-02-15,252.0,-0.7015%,-0.0,1.1811,0.8416,-1.5886,1.8685%,2.7415%,53.5480%,-0.015113,QLYS,13600.0,2019-02-19,252.0,4.0773%,0.0,1.1817,0.8775,-1.5482,1.8795%,2.7370%,52.8451%,0.040754,QLYS,13600.0,2019-02-20,252.0,0.0238%,0.0,1.1817,0.8714,-1.5499,1.8777%,2.7356%,52.8861%,0.004477,QLYS,13600.0,2019-02-21,252.0,0.4048%,0.0,1.1828,0.875,-1.5478,1.8776%,2.7357%,52.8967%,0.005365,QLYS,13600.0,2019-02-22,252.0,0.0830%,-0.0001,1.1878,0.8669,-1.4952,1.8898%,2.7356%,52.2772%,-0.034524,QLYS,13600.0,2019-02-25,252.0,-0.3910%,-0.0002,1.1887,0.8708,-1.4899,1.8897%,2.7346%,52.2493%,-0.006229,QLYS,13600.0,2019-02-26,252.0,0.1665%,-0.0002,1.1813,0.872,-1.4949,1.8886%,2.7292%,52.1154%,0.004123,QLYS,13600.0,2019-02-27,252.0,1.9354%,-0.0001,1.1797,0.8792,-1.4951,1.8907%,2.7305%,52.0498%,0.01474,QLYS,13600.0,2019-02-28,252.0,-2.5859%,-0.0003,1.1949,0.8887,-1.478,1.8942%,2.7356%,52.0544%,-0.026216,QLYS,-0.173339,-0.188452,-0.147698,-0.1378559999999999,-0.185962
23411,Q 2 HOLDINGS INC,"Q2 Sees FY19 Sales $305M-$309M vs $306.7M Estimate, Adj. EBITDA $20M-$22M",6,uncertain,0.6,0.2,"the sales guidance is slightly below the estimate, which could lead to mixed reactions from investors, making the stock price movement uncertain.",1,2019-02-13,QTWO,2019-02-13 21:34:00+00:00,14516.0,74736L10,0.0146235600113868,584108.0,0.0249922908842563,0.0299631301313638,-0.0008974953088909,-0.0077901696786284,-0.0245545636862516,0.0064000245183706,0.0029162671416997,0.0064412485808134,0.0140802850946784,-0.0012866167817264,0.0185631699860096,0.0090879807248711,0.0017780819907784,0.022568879649043,-0.011832614429295,0.0139659773558378,0.0167640000581741,0.0296257622539997,0.0131017137318849,0.014054867438972,0.0316768437623977,-0.001753810676746,-0.0270422268658876,-0.0054073147475719,-0.0120150810107588,0.02668341062963,-0.0175823736935854,0.0026935092173516,0.006263954564929,0.0267329812049865,0.0139321535825729,-0.0317743457853794,0.0111094061285257,0.0245062205940485,0.0069394730962812,0.0154132191091775,-0.0202441290020942,0.0202728249132633,-0.0035169676411896,0.0199033580720424,0.0036764706019312,-0.014473401941359,0.0109890112653374,-0.0164825078099966,0.0065216948278248,-0.0042894356884062,0.0021598492749035,0.0219172425568103,0.0170977357774972,0.0242046006023883,-0.0331967584788799,0.046364389359951,0.0045294789597392,0.0348762981593608,0.0122181288897991,-0.0112852063030004,-0.0169563554227352,-0.0343087948858737,0.011547920294106,0.0265174806118011,0.0008671270334161,0.0047876671887934,0.0064972122199833,0.0120075773447752,0.0107588581740856,0.0548889152705669,-0.0340619012713432,0.017639048397541,-0.027181876823306,-0.0407808534801006,0.0067966254428029,-0.0253699962049722,-0.0021003151778131,-0.000422663957579,0.0070655629970133,-0.0166250877082347,0.0167189557105302,-0.0213544704020023,0.001615043496713,-0.0138387968763709,0.0076223486103117,-0.001201874227263,0.0117836082354188,0.0086885523051023,0.0008626536000519,0.0054855840280652,-0.0083321621641516,0.00326130958274,-0.0063740755431354,-0.0436646752059459,0.0209943503141403,-0.0113702090457081,0.0317007191479206,-0.029367746785283,0.0155017683282494,-0.0152882998809218,0.0091317724436521,0.0162860862910747,0.0064829243347048,0.0030041278805583,0.0120773157104849,0.02778847143054,0.0,0.0032913486938923,-0.0241315271705389,0.0319680795073509,0.0063858861103653,0.0062323594465851,0.014175821095705,0.0456170290708541,-0.0151757104322314,-0.0128657175227999,-0.0148689653724432,-0.0696911290287971,-0.0488473884761333,0.0071942238137125,0.0243797246366739,0.0158008933067321,0.0207013264298439,-0.0130603937432169,0.0249922908842563,0.0299631301313638,0.0240723651115384,0.0219395425849093,-0.0010732849969231,0.0284799807137452,0.0159460428966156,0.0337728928830176,0.0551977683947895,0.1293043014019246,0.0610241588331574,0.3316759494063466,0.111315580829026,0.2530214401125501,2019-02-14,2019-02-15,2019-02-19,2019-02-20,2019-02-21,2019-02-22,2019-02-25,2019-02-26,2019-02-27,2019-02-28,14516.0,2019-02-13,252.0,1.4624%,0.0012,0.8912,0.6256,-0.8965,1.5581%,2.0733%,43.5237%,0.012289,QTWO,14516.0,2019-02-14,252.0,2.4992%,0.0012,0.8862,0.6344,-0.9045,1.5591%,2.0748%,43.5331%,0.018311,QTWO,14516.0,2019-02-15,252.0,-0.0897%,0.0012,0.8794,0.6272,-0.917,1.5602%,2.0737%,43.3950%,-0.008256,QTWO,14516.0,2019-02-19,252.0,-2.4555%,0.001,0.8713,0.6146,-0.9305,1.5682%,2.0752%,42.8916%,-0.025393,QTWO,14516.0,2019-02-20,252.0,0.2916%,0.001,0.8708,0.6061,-0.9342,1.5648%,2.0723%,42.9847%,0.004926,QTWO,14516.0,2019-02-21,252.0,1.4080%,0.0011,0.8607,0.5886,-0.9529,1.5629%,2.0679%,42.8804%,0.015478,QTWO,14516.0,2019-02-22,252.0,1.8563%,0.0011,0.8619,0.5767,-0.9494,1.5624%,2.0703%,43.0416%,-0.004376,QTWO,14516.0,2019-02-25,252.0,0.1778%,0.0011,0.862,0.5772,-0.9485,1.5624%,2.0700%,43.0298%,0.000176,QTWO,14516.0,2019-02-26,252.0,-1.1833%,0.001,0.8625,0.5921,-0.9406,1.5638%,2.0697%,42.9080%,-0.009989,QTWO,14516.0,2019-02-27,252.0,1.6764%,0.001,0.8588,0.6024,-0.9412,1.5648%,2.0695%,42.8256%,0.013634,QTWO,14516.0,2019-02-28,252.0,1.3102%,0.0011,0.8496,0.5966,-0.9507,1.5647%,2.0646%,42.5633%,0.013191,QTWO,0.0306,0.022344,-0.0030489999999999,0.017355,0.029991
23419,Q 2 HOLDINGS INC,"Q2 Sees Q1 Sales $70M-$71M vs $70.2M Estimate, Adj. EBITDA $1.2M-$1.8M",6,uncertain,0.6,0.2,"the sales figures are slightly below estimates, which could lead to a negative reaction, but the adjusted ebitda range is close to expectations, creating uncertainty about the overall impact on the stock price.",1,2019-02-13,QTWO,2019-02-13 21:33:00+00:00,14516.0,74736L10,0.0146235600113868,584108.0,0.0249922908842563,0.0299631301313638,-0.0008974953088909,-0.0077901696786284,-0.0245545636862516,0.0064000245183706,0.0029162671416997,0.0064412485808134,0.0140802850946784,-0.0012866167817264,0.0185631699860096,0.0090879807248711,0.0017780819907784,0.022568879649043,-0.011832614429295,0.0139659773558378,0.0167640000581741,0.0296257622539997,0.0131017137318849,0.014054867438972,0.0316768437623977,-0.001753810676746,-0.0270422268658876,-0.0054073147475719,-0.0120150810107588,0.02668341062963,-0.0175823736935854,0.0026935092173516,0.006263954564929,0.0267329812049865,0.0139321535825729,-0.0317743457853794,0.0111094061285257,0.0245062205940485,0.0069394730962812,0.0154132191091775,-0.0202441290020942,0.0202728249132633,-0.0035169676411896,0.0199033580720424,0.0036764706019312,-0.014473401941359,0.0109890112653374,-0.0164825078099966,0.0065216948278248,-0.0042894356884062,0.0021598492749035,0.0219172425568103,0.0170977357774972,0.0242046006023883,-0.0331967584788799,0.046364389359951,0.0045294789597392,0.0348762981593608,0.0122181288897991,-0.0112852063030004,-0.0169563554227352,-0.0343087948858737,0.011547920294106,0.0265174806118011,0.0008671270334161,0.0047876671887934,0.0064972122199833,0.0120075773447752,0.0107588581740856,0.0548889152705669,-0.0340619012713432,0.017639048397541,-0.027181876823306,-0.0407808534801006,0.0067966254428029,-0.0253699962049722,-0.0021003151778131,-0.000422663957579,0.0070655629970133,-0.0166250877082347,0.0167189557105302,-0.0213544704020023,0.001615043496713,-0.0138387968763709,0.0076223486103117,-0.001201874227263,0.0117836082354188,0.0086885523051023,0.0008626536000519,0.0054855840280652,-0.0083321621641516,0.00326130958274,-0.0063740755431354,-0.0436646752059459,0.0209943503141403,-0.0113702090457081,0.0317007191479206,-0.029367746785283,0.0155017683282494,-0.0152882998809218,0.0091317724436521,0.0162860862910747,0.0064829243347048,0.0030041278805583,0.0120773157104849,0.02778847143054,0.0,0.0032913486938923,-0.0241315271705389,0.0319680795073509,0.0063858861103653,0.0062323594465851,0.014175821095705,0.0456170290708541,-0.0151757104322314,-0.0128657175227999,-0.0148689653724432,-0.0696911290287971,-0.0488473884761333,0.0071942238137125,0.0243797246366739,0.0158008933067321,0.0207013264298439,-0.0130603937432169,0.0249922908842563,0.0299631301313638,0.0240723651115384,0.0219395425849093,-0.0010732849969231,0.0284799807137452,0.0159460428966156,0.0337728928830176,0.0551977683947895,0.1293043014019246,0.0610241588331574,0.3316759494063466,0.111315580829026,0.2530214401125501,2019-02-14,2019-02-15,2019-02-19,2019-02-20,2019-02-21,2019-02-22,2019-02-25,2019-02-26,2019-02-27,2019-02-28,14516.0,2019-02-13,252.0,1.4624%,0.0012,0.8912,0.6256,-0.8965,1.5581%,2.0733%,43.5237%,0.012289,QTWO,14516.0,2019-02-14,252.0,2.4992%,0.0012,0.8862,0.6344,-0.9045,1.5591%,2.0748%,43.5331%,0.018311,QTWO,14516.0,2019-02-15,252.0,-0.0897%,0.0012,0.8794,0.6272,-0.917,1.5602%,2.0737%,43.3950%,-0.008256,QTWO,14516.0,2019-02-19,252.0,-2.4555%,0.001,0.8713,0.6146,-0.9305,1.5682%,2.0752%,42.8916%,-0.025393,QTWO,14516.0,2019-02-20,252.0,0.2916%,0.001,0.8708,0.6061,-0.9342,1.5648%,2.0723%,42.9847%,0.004926,QTWO,14516.0,2019-02-21,252.0,1.4080%,0.0011,0.8607,0.5886,-0.9529,1.5629%,2.0679%,42.8804%,0.015478,QTWO,14516.0,2019-02-22,252.0,1.8563%,0.0011,0.8619,0.5767,-0.9494,1.5624%,2.0703%,43.0416%,-0.004376,QTWO,14516.0,2019-02-25,252.0,0.1778%,0.0011,0.862,0.5772,-0.9485,1.5624%,2.0700%,43.0298%,0.000176,QTWO,14516.0,2019-02-26,252.0,-1.1833%,0.001,0.8625,0.5921,-0.9406,1.5638%,2.0697%,42.9080%,-0.009989,QTWO,14516.0,2019-02-27,252.0,1.6764%,0.001,0.8588,0.6024,-0.9412,1.5648%,2.0695%,42.8256%,0.013634,QTWO,14516.0,2019-02-28,252.0,1.3102%,0.0011,0.8496,0.5966,-0.9507,1.5647%,2.0646%,42.5633%,0.013191,QTWO,0.0306,0.022344,-0.0030489999999999,0.017355,0.029991
23427,Q 2 HOLDINGS INC,"Q2 Holdings Q4 EPS $(0.27) Misses $(0.02) Estimate, Sales $67.177M Beat $66.74M Estimate",6,uncertain,0.6,0.3,"while the sales beat expectations, the earnings miss could lead to mixed reactions from investors, making the overall impact on the stock price uncertain.",1,2019-02-13,QTWO,2019-02-13 21:33:00+00:00,14516.0,74736L10,0.0146235600113868,584108.0,0.0249922908842563,0.0299631301313638,-0.0008974953088909,-0.0077901696786284,-0.0245545636862516,0.0064000245183706,0.0029162671416997,0.0064412485808134,0.0140802850946784,-0.0012866167817264,0.0185631699860096,0.0090879807248711,0.0017780819907784,0.022568879649043,-0.011832614429295,0.0139659773558378,0.0167640000581741,0.0296257622539997,0.0131017137318849,0.014054867438972,0.0316768437623977,-0.001753810676746,-0.0270422268658876,-0.0054073147475719,-0.0120150810107588,0.02668341062963,-0.0175823736935854,0.0026935092173516,0.006263954564929,0.0267329812049865,0.0139321535825729,-0.0317743457853794,0.0111094061285257,0.0245062205940485,0.0069394730962812,0.0154132191091775,-0.0202441290020942,0.0202728249132633,-0.0035169676411896,0.0199033580720424,0.0036764706019312,-0.014473401941359,0.0109890112653374,-0.0164825078099966,0.0065216948278248,-0.0042894356884062,0.0021598492749035,0.0219172425568103,0.0170977357774972,0.0242046006023883,-0.0331967584788799,0.046364389359951,0.0045294789597392,0.0348762981593608,0.0122181288897991,-0.0112852063030004,-0.0169563554227352,-0.0343087948858737,0.011547920294106,0.0265174806118011,0.0008671270334161,0.0047876671887934,0.0064972122199833,0.0120075773447752,0.0107588581740856,0.0548889152705669,-0.0340619012713432,0.017639048397541,-0.027181876823306,-0.0407808534801006,0.0067966254428029,-0.0253699962049722,-0.0021003151778131,-0.000422663957579,0.0070655629970133,-0.0166250877082347,0.0167189557105302,-0.0213544704020023,0.001615043496713,-0.0138387968763709,0.0076223486103117,-0.001201874227263,0.0117836082354188,0.0086885523051023,0.0008626536000519,0.0054855840280652,-0.0083321621641516,0.00326130958274,-0.0063740755431354,-0.0436646752059459,0.0209943503141403,-0.0113702090457081,0.0317007191479206,-0.029367746785283,0.0155017683282494,-0.0152882998809218,0.0091317724436521,0.0162860862910747,0.0064829243347048,0.0030041278805583,0.0120773157104849,0.02778847143054,0.0,0.0032913486938923,-0.0241315271705389,0.0319680795073509,0.0063858861103653,0.0062323594465851,0.014175821095705,0.0456170290708541,-0.0151757104322314,-0.0128657175227999,-0.0148689653724432,-0.0696911290287971,-0.0488473884761333,0.0071942238137125,0.0243797246366739,0.0158008933067321,0.0207013264298439,-0.0130603937432169,0.0249922908842563,0.0299631301313638,0.0240723651115384,0.0219395425849093,-0.0010732849969231,0.0284799807137452,0.0159460428966156,0.0337728928830176,0.0551977683947895,0.1293043014019246,0.0610241588331574,0.3316759494063466,0.111315580829026,0.2530214401125501,2019-02-14,2019-02-15,2019-02-19,2019-02-20,2019-02-21,2019-02-22,2019-02-25,2019-02-26,2019-02-27,2019-02-28,14516.0,2019-02-13,252.0,1.4624%,0.0012,0.8912,0.6256,-0.8965,1.5581%,2.0733%,43.5237%,0.012289,QTWO,14516.0,2019-02-14,252.0,2.4992%,0.0012,0.8862,0.6344,-0.9045,1.5591%,2.0748%,43.5331%,0.018311,QTWO,14516.0,2019-02-15,252.0,-0.0897%,0.0012,0.8794,0.6272,-0.917,1.5602%,2.0737%,43.3950%,-0.008256,QTWO,14516.0,2019-02-19,252.0,-2.4555%,0.001,0.8713,0.6146,-0.9305,1.5682%,2.0752%,42.8916%,-0.025393,QTWO,14516.0,2019-02-20,252.0,0.2916%,0.001,0.8708,0.6061,-0.9342,1.5648%,2.0723%,42.9847%,0.004926,QTWO,14516.0,2019-02-21,252.0,1.4080%,0.0011,0.8607,0.5886,-0.9529,1.5629%,2.0679%,42.8804%,0.015478,QTWO,14516.0,2019-02-22,252.0,1.8563%,0.0011,0.8619,0.5767,-0.9494,1.5624%,2.0703%,43.0416%,-0.004376,QTWO,14516.0,2019-02-25,252.0,0.1778%,0.0011,0.862,0.5772,-0.9485,1.5624%,2.0700%,43.0298%,0.000176,QTWO,14516.0,2019-02-26,252.0,-1.1833%,0.001,0.8625,0.5921,-0.9406,1.5638%,2.0697%,42.9080%,-0.009989,QTWO,14516.0,2019-02-27,252.0,1.6764%,0.001,0.8588,0.6024,-0.9412,1.5648%,2.0695%,42.8256%,0.013634,QTWO,14516.0,2019-02-28,252.0,1.3102%,0.0011,0.8496,0.5966,-0.9507,1.5647%,2.0646%,42.5633%,0.013191,QTWO,0.0306,0.022344,-0.0030489999999999,0.017355,0.029991
23435,QUICKLOGIC CORP,"Quicklogic Q4 EPS $(0.03) Up From $(0.04) YoY, Sales $3.2M Miss $3.5M Estimate",6,decrease,0.7,0.6,"the earnings per share improved year-over-year, but the sales missed estimates, which is likely to negatively impact investor sentiment.",0,2019-02-13,QUIK,2019-02-13 21:02:00+00:00,87364.0,74837P40,0.0,344950.0,-0.1346153765916824,0.0097087286412715,-0.0108888419345021,0.0,-0.033924963325262,-0.0283018611371517,-0.0581395477056503,-0.0093458965420722,0.012222190387547,-0.0775861367583274,-0.0358580201864242,0.0545454025268554,-0.0155597906559705,0.2936610579490662,0.0028270464390516,-0.0056133344769477,0.0635571554303169,-0.0056977188214659,0.0361446179449558,-0.0227272510528564,-0.0232558604329824,0.0114942416548728,-0.0120237469673156,-0.0020646944176405,-0.0489215590059757,-0.0033154273405671,-0.0511846281588077,0.0170930176973342,-0.0118840793147683,0.0071436921134591,-0.0101351253688335,-0.0070930221118032,-0.0006826257449574,0.0154682118445634,0.0040983892977237,-0.032667089253664,-0.0204081442207098,-0.0128537425771355,0.0104166567325592,-0.0057175019755959,0.0446734949946403,-0.0304347798228263,-0.0138158081099391,0.0109890000894665,-0.0736490786075592,-0.0304708909243345,-0.0612127594649791,0.0048175053671002,-0.0790119096636772,-0.0056419470347464,0.0328169092535972,0.0297051705420017,0.0053225983865559,0.0734203830361366,0.0267928279936313,0.0372223518788814,-0.058749970048666,0.1163487508893013,0.0151062747463583,-0.0352260470390319,-0.0014718398451805,0.0715493336319923,-0.0337373428046703,-0.013614916242659,-0.0023728711530566,-0.0340847857296466,-0.0146109359338879,0.3307142555713654,-0.0086206812411546,-0.2764857709407806,0.0067825941368937,-0.0673575550317764,0.1637588441371918,-0.023647055029869,0.011874746531248,-0.0005878468509763,0.0869884192943573,-0.0335227362811565,0.0256410166621208,-0.0334980711340904,-0.0131578827276825,-0.0298348404467105,-0.021333297714591,0.0307523310184478,-0.0271117482334375,0.0224592704325914,-0.0028006921056658,-0.0504371747374534,0.009268308058381,-0.0331959165632724,0.0087658716365695,0.0,0.0063448115251958,-0.0202020015567541,0.020285103470087,0.0206185355782508,0.0343900546431541,-0.0582523718476295,-0.0129870008677244,0.009803912602365,-0.0102631356567144,0.0303030014038085,-0.0228662490844726,0.0049741533584892,0.0099319173023104,-0.0149000287055969,0.0238448288291692,0.0023053262848407,0.0592105500400066,0.0180611796677112,0.018633522093296,0.0103092677891254,0.0,-0.0396039225161075,-0.0243902206420898,0.0,0.0103750079870224,-0.009803912602365,0.0517134256660938,0.0248166248202323,-0.1346153765916824,0.0097087286412715,-0.1440384129685242,0.0097087286412715,-0.1730768784164001,-0.0188679075857036,-0.2116346083331736,-0.1034482846546537,-0.173076877727458,0.181818135142006,-0.4120191840551226,0.3669820566902693,-0.1825961466663951,0.0449110594040531,2019-02-14,2019-02-15,2019-02-19,2019-02-20,2019-02-21,2019-02-22,2019-02-25,2019-02-26,2019-02-27,2019-02-28,87364.0,2019-02-13,252.0,0.0000%,-0.0017,0.5539,1.4761,-0.6996,5.0935%,5.2469%,5.7627%,-0.002039,QUIK,87364.0,2019-02-14,252.0,-13.4615%,-0.0023,0.5853,1.3968,-0.6091,5.1681%,5.3085%,5.2190%,-0.145285,QUIK,87364.0,2019-02-15,252.0,-1.0889%,-0.0026,0.5304,1.3458,-0.7005,5.1577%,5.2941%,5.0884%,-0.018171,QUIK,87364.0,2019-02-19,252.0,-3.3925%,-0.0023,0.5629,1.2693,-0.7894,5.1004%,5.2461%,5.4762%,-0.036834,QUIK,87364.0,2019-02-20,252.0,-5.8140%,-0.0026,0.5471,1.2323,-0.8461,5.1122%,5.2580%,5.4672%,-0.05776,QUIK,87364.0,2019-02-21,252.0,1.2222%,-0.0023,0.527,1.1949,-0.883,5.1050%,5.2485%,5.3931%,0.013063,QUIK,87364.0,2019-02-22,252.0,-3.5858%,-0.0023,0.5324,1.2557,-0.763,5.1056%,5.2436%,5.1936%,-0.058936,QUIK,87364.0,2019-02-25,252.0,-1.5560%,-0.0023,0.5323,1.2616,-0.7603,5.1062%,5.2443%,5.1987%,-0.014567,QUIK,87364.0,2019-02-26,252.0,0.2827%,-0.0025,0.5024,1.2746,-0.7762,5.0985%,5.2350%,5.1492%,0.009144,QUIK,87364.0,2019-02-27,252.0,6.3557%,-0.002,0.5229,1.2563,-0.7726,5.1061%,5.2438%,5.1818%,0.059652,QUIK,87364.0,2019-02-28,252.0,3.6145%,-0.002,0.5277,1.2608,-0.7779,5.1095%,5.2484%,5.2238%,0.035483,QUIK,-0.147324,-0.165495,-0.202329,-0.247026,-0.21625
23443,EVEREST RE GROUP LTD,"Wells Fargo Maintains Market Perform on Everest Re Group, Lowers Price Target to $230",6,decrease,0.7,0.5,"the downgrade in price target by wells fargo suggests a less favorable outlook for everest re group, which could lead to a decrease in stock price.",0,2019-02-13,RE,2019-02-13 13:50:00+00:00,82303.0,G3223R10,0.0097933132201433,470747.0,-0.00200497941114,-0.0362555831670761,0.0135021470487117,-0.0064021558500826,0.0121698919683694,-0.0031460537575185,0.0094729997217655,0.0008996713440865,0.0052334927022457,0.0083919530734419,0.0049369693733751,0.0035964366979897,-0.0031709468457847,-0.0118313450366258,-0.0017473091138526,0.0147910984233021,0.0066424114629626,-0.0010033347643911,0.0081145279109478,0.0240997783839702,-0.0031842961907386,-0.0007933459710329,-0.0022627201396971,0.0040296157822012,-0.00200109439902,-0.0106619829311966,-0.0041249976493418,-0.0086397277191281,-0.0178740322589874,0.0136488936841487,-0.0062345312908291,-0.0093220928683876,0.0053048892877995,0.0063158902339637,0.0013766029151156,0.0122696533799171,0.0003665941185317,-0.0128085883334279,0.0032064355909824,0.008423825725913,0.0001826790830818,0.0023924310225993,0.0061173080466687,-0.0059224222786724,-0.0068061165511608,0.0115571338683366,-0.0317054353654384,-0.006607255898416,0.0166548658162355,0.0096040060743689,-0.0022739476989954,-0.0164720509201288,-0.0008837733766995,0.0292624551802873,0.0031657014042139,-0.0227464213967323,-0.0038518742658197,-0.0188280269503593,0.0033543035387992,0.0080081271007657,0.0027395254001021,0.0055390172637999,0.0063437446951866,0.0218797121196985,-0.0112271774560213,0.0217729937285184,0.0058169295080006,-0.0352136231958866,-0.0039326646365225,-0.0137347448617219,0.0047378153540194,-0.0178052242845296,0.0075355041772127,0.0022762450389564,-0.0149123612791299,0.0086325872689485,0.0098746800795197,0.0114718368276953,0.0235229283571243,-0.0111146755516529,0.019963014870882,-0.0104081835597753,-0.0005743112997151,-0.0120340939611196,0.0136598572134971,-0.032454278320074,-0.0026602731086313,0.0056800940074026,0.0015304160770028,0.0152146583423018,-0.0023140010889619,0.013213493861258,0.0055140247568488,-0.0085112228989601,0.0065717650577425,0.0104917231947183,-0.012020057067275,0.0089042643085122,0.009671801701188,0.0164388511329889,0.0026006277184933,0.0092273075133562,0.0181142296642065,-0.0056169205345213,0.0040764617733657,0.0138162402436137,0.0013955280883237,-0.0012120956089347,0.0078973369672894,-0.0046403710730373,-0.0036453965585678,-0.0014364374801516,0.0382690876722335,-0.002864645095542,-0.0202519334852695,0.0089976349845528,0.0155856143683195,0.0110293943434953,0.0125376610085368,-0.0095237782225012,-0.00200497941114,-0.0362555831670761,0.0114700961107327,-0.0424256251232875,0.0237795779096368,-0.0454382055834718,0.038886540308094,-0.0365615689651689,0.0542733221378568,-0.0080332612471542,0.0104998843602011,-0.0168495099405251,0.1670694728258996,-0.0019807953732754,2019-02-14,2019-02-15,2019-02-19,2019-02-20,2019-02-21,2019-02-22,2019-02-25,2019-02-26,2019-02-27,2019-02-28,82303.0,2019-02-13,252.0,0.9793%,-0.0002,0.6182,-0.1289,0.4657,1.2189%,1.3624%,19.9566%,0.0077259999999999,RE,82303.0,2019-02-14,252.0,-0.2005%,-0.0002,0.6179,-0.1272,0.4632,1.2184%,1.3620%,19.9762%,0.002565,RE,82303.0,2019-02-15,252.0,1.3502%,-0.0002,0.6149,-0.1294,0.4589,1.2179%,1.3596%,19.7627%,0.004515,RE,82303.0,2019-02-19,252.0,1.2170%,-0.0002,0.6187,-0.1256,0.4629,1.2191%,1.3619%,19.8722%,0.0098999999999999,RE,82303.0,2019-02-20,252.0,0.9473%,-0.0001,0.6201,-0.1239,0.4675,1.2195%,1.3630%,19.9504%,0.005928,RE,82303.0,2019-02-21,252.0,0.5233%,-0.0001,0.6198,-0.1227,0.4668,1.2204%,1.3635%,19.8888%,0.008416,RE,82303.0,2019-02-22,252.0,0.4937%,-0.0001,0.618,-0.1058,0.4607,1.2195%,1.3612%,19.7347%,0.008346,RE,82303.0,2019-02-25,252.0,-0.3171%,-0.0001,0.6179,-0.104,0.4615,1.2197%,1.3612%,19.7161%,-0.003644,RE,82303.0,2019-02-26,252.0,-0.1747%,-0.0001,0.6145,-0.1008,0.4606,1.2192%,1.3580%,19.4022%,-1e-06,RE,82303.0,2019-02-27,252.0,0.6642%,-0.0,0.6202,-0.109,0.4616,1.2174%,1.3583%,19.6736%,0.006734,RE,82303.0,2019-02-28,252.0,0.8115%,-0.0,0.6254,-0.1051,0.4627,1.2163%,1.3586%,19.8601%,0.011113,RE,0.010291,0.014806,0.024706,0.03905,0.061598
23451,REGENCY CENTERS CORP,"Regency Centers Q4 EPS $0.46 Beats $0.38 Estimate, NAREIT FFO $0.98, Operating FFO $0.88",6,increase,0.8,0.6,"the earnings per share (eps) beat estimates, which typically signals positive performance and can lead to an increase in stock price.",2,2019-02-13,REG,2019-02-13 22:13:00+00:00,79782.0,75884910,0.0022960586939007,850963.0,0.0042760958895087,-0.0141843194141984,0.0085157779976725,0.0083687677979469,0.0037696019280701,-0.0001521700178273,-0.0111160865053534,0.0192278735339641,0.0082029607146978,-0.0043229702860116,0.0014312864514067,-0.0010795758571475,-0.0015178882749751,0.0060511934570968,0.0001520543737569,-0.0084615852683782,-0.0106399841606617,0.0006157776224426,0.0024581912439316,0.0164293423295021,-0.0163984633982181,0.0064566903747618,0.0052975434809923,0.0119521915912628,0.0089894896373152,0.0213216375559568,-0.0101381884887814,-0.0003254223556723,-0.0066728782840073,-0.0014622283633798,-0.0037494401913136,-0.0022694016806781,0.0120746502652764,0.0039055794477462,0.0068175154738128,0.0045774499885737,0.0052323224954307,0.00940593611449,0.0,0.0128697408363223,-0.0085731409490108,0.0006690234877169,-0.0044780867174267,0.0038616443052887,-0.0020165175665169,0.0127529324963688,0.0073049617931246,-0.0011888535227626,0.0183614026755094,0.0211585368961095,0.0016666759038344,0.0098073799163103,0.0003024753241334,0.003691318212077,0.0148193463683128,0.0014081678818911,0.003874268149957,-0.0318677388131618,0.01009351760149,0.0035915696062147,-0.0082293190062046,0.0022283350117504,0.0028152682352811,0.0044765551574528,-0.0002954586816485,0.0416069515049457,0.0042860372923314,-0.029585812240839,0.0004415954463183,-0.0012167511740699,0.0129449423402547,-0.0038095449563115,-0.0091489581391215,-0.0256453584879636,-0.0099662942811846,0.0176854189485311,0.0182086694985628,-0.0530081018805503,-0.0061063999310135,-0.0128410793840885,0.007314218673855,0.0014467152068391,-0.0068254605866968,-0.0269044451415538,-0.0282205045223236,-0.0035848401021212,-0.0115858661010861,-0.0138332908973097,0.0105038024485111,-0.0115466751158237,-0.0262126829475164,0.0416205264627933,0.0205755233764648,-0.0135810011997818,0.0147036714479327,0.0062833447009325,0.0071705365553498,0.0133715402334928,0.0022248819004744,-0.0007952797459438,-0.0137635087594389,0.0036717678885906,0.0079531632363796,0.0009587337262928,0.0019354606047272,-0.003026901744306,-0.0050520645454525,-0.0066465926356613,-0.0023894270416349,-0.0056648403406143,-0.0074850297532975,-0.0001573652552906,-0.0177978929132223,0.0006297373329289,0.0024569414090365,0.0158324278891086,0.0015318393707275,-0.0211334098130464,0.0113949785009026,-0.0102262133732438,0.0042760958895087,-0.0141843194141983,0.0128282881704731,-0.0059342568918008,0.0166462476383646,-0.0060855238936511,0.0135919265283817,0.0086460595215349,0.0053360167553291,0.0222187778481115,0.0484769191141529,0.117325134368454,0.0188175473752378,0.0122404929601456,2019-02-14,2019-02-15,2019-02-19,2019-02-20,2019-02-21,2019-02-22,2019-02-25,2019-02-26,2019-02-27,2019-02-28,79782.0,2019-02-13,252.0,0.2296%,0.0006,0.4338,-0.1218,-0.0265,1.1345%,1.2272%,14.5416%,0.001071,REG,79782.0,2019-02-14,252.0,0.4276%,0.0006,0.4324,-0.1192,-0.0291,1.1348%,1.2272%,14.4885%,0.005566,REG,79782.0,2019-02-15,252.0,0.8516%,0.0006,0.4386,-0.1133,-0.0186,1.1346%,1.2281%,14.6516%,0.003967,REG,79782.0,2019-02-19,252.0,0.3770%,0.0007,0.4401,-0.1131,-0.0185,1.1345%,1.2282%,14.6681%,0.003221,REG,79782.0,2019-02-20,252.0,-1.1116%,0.0006,0.4355,-0.1289,-0.0364,1.1343%,1.2280%,14.6756%,-0.0117019999999999,REG,79782.0,2019-02-21,252.0,0.8203%,0.0006,0.4341,-0.1298,-0.0391,1.1356%,1.2289%,14.5982%,0.00954,REG,79782.0,2019-02-22,252.0,0.1431%,0.0007,0.4333,-0.1025,-0.0235,1.1283%,1.2199%,14.4603%,-0.001351,REG,79782.0,2019-02-25,252.0,-0.1518%,0.0005,0.4364,-0.0978,-0.0096,1.1161%,1.2086%,14.7223%,-0.002577,REG,79782.0,2019-02-26,252.0,0.0152%,0.0005,0.4336,-0.0945,-0.01,1.1156%,1.2062%,14.4579%,9.3e-05,REG,79782.0,2019-02-27,252.0,-1.0640%,0.0005,0.4336,-0.0978,-0.01,1.1180%,1.2080%,14.3425%,-0.010963,REG,79782.0,2019-02-28,252.0,0.2458%,0.0006,0.4225,-0.1052,-0.0188,1.1115%,1.1980%,13.9295%,0.0036969999999999,REG,0.006637,0.0106039999999999,0.0138249999999999,0.011663,0.0005619999999999
23459,RINGCENTRAL INC,These Analysts Remain RingCentral Bulls,6,increase,0.7,0.6,analysts remaining bullish on ringcentral suggests positive sentiment and potential for stock price appreciation.,2,2019-02-13,RNG,2019-02-13 20:02:00+00:00,14136.0,76680R20,-0.0264375694096088,834937.0,0.0070797763764858,0.0604786314070224,0.0079930843785405,-0.0102081149816513,-0.006401052698493,0.0406353399157524,-0.0009615237941034,0.0059134732000529,0.0018286315025761,-0.0009328768937848,0.0177731402218341,0.0043723275884985,-0.0027374071069061,0.017369195818901,-0.0027449210174381,0.0214192513376474,0.0018982245819643,0.0350465215742588,-0.0025577552150934,0.0304603613913059,0.0043688770383596,-0.0225555431097745,-0.0207092426717281,-0.0309289824217557,0.0073387618176639,0.0249804351478815,-0.0198427885770797,0.0055192369036376,-0.0065525495447218,0.0,0.0030517578125,-0.0270685069262981,0.0262047126889228,0.0352847799658775,0.0043993792496621,0.0119403088465333,0.0073319775983691,0.0004594637721311,0.00699496967718,0.0248381476849317,-0.0031915549188852,-0.022552141919732,0.0013183858245611,-0.0030970021616667,0.0132605666294693,-0.0025171763263642,-0.0006497094291262,-0.0109765892848372,0.0362218022346496,0.0203210040926933,-0.0446356832981109,0.0540343485772609,-0.0027206426020711,0.047819435596466,0.0177798625081777,-0.0316128060221672,-0.0200573597103357,-0.0177098382264375,0.0138653200119733,0.0380257405340671,0.002884037559852,0.0091486815363168,0.0141929378733038,0.0130003150552511,0.006494091823697,0.1033943817019463,0.0049981409683823,-0.0153824426233768,-0.0528980791568756,-0.045132827013731,0.0153714017942547,-0.0679526999592781,-0.0283967722207307,0.003371586324647,-0.000580714084208,0.0334237180650234,0.0001937084598466,-0.0603856332600116,0.022364193573594,-0.0317012667655944,0.0012311068130657,-0.0163991022855043,0.005012756679207,0.0155992750078439,-0.0101637663319706,0.0210778694599866,-0.0092222969979047,0.0466282442212104,0.0123788593336939,-0.0306197348982095,0.0272985529154539,0.0237592197954654,0.0270345117896795,-0.0488641448318958,0.0026053446345031,0.0195415578782558,0.0139785408973693,0.0376768335700035,0.019441470503807,0.0117781199514865,0.0056345486082136,0.0547688826918602,0.0031031859107315,-0.0146110383793711,-0.0128899198025465,0.0594059713184833,0.0053973631002008,0.0042010280303657,0.0343752801418304,0.0362792015075683,0.0133935920894146,0.000726155238226,-0.0240376349538564,-0.0986911058425903,-0.0008463687845505,-0.0085647031664848,0.0412536635994911,0.0374259389936924,-0.0015456785913556,-0.0115768825635314,0.0070797763764858,0.0604786314070224,0.0151294500049847,0.0496531436020353,0.0086315528997107,0.0923061558859421,0.0095043716449148,0.0977404661379184,0.02114247248437,0.2219915308565183,0.0424788803569531,0.3335432610968494,0.1902822481630033,0.4093147202276417,2019-02-14,2019-02-15,2019-02-19,2019-02-20,2019-02-21,2019-02-22,2019-02-25,2019-02-26,2019-02-27,2019-02-28,14136.0,2019-02-13,252.0,-2.6438%,0.0017,1.4304,0.3648,-2.0623,1.7127%,2.9335%,65.9129%,-0.029339,RNG,14136.0,2019-02-14,252.0,0.7080%,0.0015,1.4277,0.3596,-2.0499,1.6708%,2.9017%,66.8463%,-0.003875,RNG,14136.0,2019-02-15,252.0,0.7993%,0.0015,1.4289,0.3606,-2.048,1.6707%,2.9013%,66.8382%,0.0007009999999999,RNG,14136.0,2019-02-19,252.0,-0.6401%,0.0013,1.4164,0.3732,-2.0328,1.6553%,2.8729%,66.8033%,-0.004118,RNG,14136.0,2019-02-20,252.0,-0.0962%,0.0013,1.4158,0.3622,-2.0375,1.6498%,2.8703%,66.9650%,0.0066069999999999,RNG,14136.0,2019-02-21,252.0,0.1829%,0.0012,1.4266,0.3846,-2.0176,1.6382%,2.8661%,67.3319%,0.002534,RNG,14136.0,2019-02-22,252.0,1.7773%,0.0012,1.4285,0.4238,-1.9597,1.6320%,2.8556%,67.3387%,-0.023374,RNG,14136.0,2019-02-25,252.0,-0.2737%,0.0012,1.4275,0.427,-1.9617,1.6319%,2.8558%,67.3448%,-0.007406,RNG,14136.0,2019-02-26,252.0,-0.2745%,0.0012,1.4338,0.4286,-1.9562,1.6314%,2.8547%,67.3407%,-0.004302,RNG,14136.0,2019-02-27,252.0,0.1898%,0.0013,1.44,0.4165,-1.9552,1.6291%,2.8547%,67.4325%,-0.002654,RNG,14136.0,2019-02-28,252.0,-0.2558%,0.0011,1.4553,0.4268,-1.9431,1.6205%,2.8546%,67.7744%,-0.003165,RNG,-0.033214,-0.032513,-0.036631,-0.0274899999999999,-0.068391
23467,RUSH ENTERPRISES INC,"Rush Enterprises Q4 EPS $1.20 Beats $0.90 Estimate, Sales $1.54B Beat $1.34B Estimate",6,increase,0.85,0.7,"the company's earnings per share and sales both exceeded analyst estimates, which typically signals strong performance and can lead to a positive reaction in the stock price.",2,2019-02-13,RUSHA,2019-02-13 21:11:00+00:00,89455.0,78184620,0.0263432003557682,191221.0,0.0706480965018272,0.0243120454251766,0.0339425653219223,0.0064533930271863,-0.0103305960074067,-0.0182154811918735,0.0020876862108707,-0.0166147295385599,-0.0006945044733583,-0.0102774342522025,-0.0115820933133363,0.0033513084053993,-0.0143360896036028,0.0088426563888788,0.0066762659698724,0.005228778347373,0.003789669368416,0.0010468703694641,-0.0108542442321777,0.0002617361606098,0.0171756017953157,0.0111170457676053,-0.0136022046208381,-0.0187013298273086,-0.0038040855433791,0.0128913894295692,-0.013842524960637,0.0060878652147948,0.0026621639262884,-0.0252837873995304,0.0,-0.0144928423687815,0.0065170275047421,0.0173306260257959,-0.0033572993706911,0.02113045938313,0.00240612286143,0.0096000162884593,-0.0084013072773814,-0.008198925293982,-0.0038731503300368,0.010152312926948,0.0187119469046592,0.0016056027961894,-0.0023854598402976,-0.0032009265851229,-0.0081300847232341,0.015989163890481,0.0098842782899737,0.0210293903946876,-0.0281690210103988,0.0106264287605881,0.0046672178432345,0.0496037155389785,0.0036674255970865,-0.0389280952513217,0.0087698083370924,0.0281322859227657,0.0060371891595423,-0.0137299643829464,0.0036006127484142,0.0303565803915262,0.0102846277877688,0.0101220645010471,0.0049715689383447,0.0203524306416511,0.009187264367938,0.0033525386825203,0.0240429211407899,-0.0006092127878218,-0.0088898884132504,0.0089121358469128,0.000230039935559,0.0127606550231576,-0.0248333364725112,-0.0068005383946001,0.0198066532611846,0.0043464573100209,0.0032369801774621,0.0062480717897415,0.0080664278939366,-0.0267558861523866,-0.0091449823230504,0.0042747906409204,0.0092293843626976,0.0101789589971303,-0.0009145156363956,-0.0310819167643785,0.0118993241339922,-0.0132704442366957,-0.0119855850934982,-0.0219209212809801,0.0226596873253583,-0.0888305157423019,0.0114144654944539,-0.001312315929681,-0.0298738330602645,0.0149173559620976,-0.0287408381700515,-0.0309757534414529,0.0103334570303559,0.0186695475131273,-0.0141794653609395,-0.0193398669362068,-0.0249941367655992,0.0189174301922321,0.0026602325960993,-0.0015739129157736,0.0342499278485775,0.0244557876139879,-0.0132929030805826,-0.0174280405044555,-0.0172535926103591,-0.0007916251197457,-0.0149110546335578,-0.0081129958853125,0.0034279967658221,0.0219309888780117,-0.0104929311200976,0.0048374175094068,0.0706480965018272,0.0243120454251766,0.1069886394541321,0.0309223336367865,0.0955527870351427,0.0121435872581432,0.097077502720414,-0.0149023134797371,0.0683157040687822,0.003664905604116,0.0616897450852507,0.0966819566194463,0.036438228386562,0.0303682099360131,2019-02-14,2019-02-15,2019-02-19,2019-02-20,2019-02-21,2019-02-22,2019-02-25,2019-02-26,2019-02-27,2019-02-28,89455.0,2019-02-13,252.0,2.6343%,-0.0005,1.0419,1.1267,1.0274,1.7460%,2.0721%,28.9979%,0.021942,RUSHA,89455.0,2019-02-14,252.0,7.0648%,-0.0003,1.0242,1.1662,0.985,1.8050%,2.1191%,27.4494%,0.072836,RUSHA,89455.0,2019-02-15,252.0,3.3943%,-0.0002,1.0373,1.1797,1.0085,1.8072%,2.1266%,27.7794%,0.0146259999999999,RUSHA,89455.0,2019-02-19,252.0,-1.0331%,0.0002,1.0754,1.1095,0.9262,1.6031%,1.9674%,33.6076%,-0.018848,RUSHA,89455.0,2019-02-20,252.0,0.2088%,0.0003,1.0745,1.1135,0.9246,1.6015%,1.9668%,33.6974%,-0.007591,RUSHA,89455.0,2019-02-21,252.0,-0.0695%,0.0004,1.0608,1.0869,0.8996,1.5873%,1.9445%,33.3592%,0.006087,RUSHA,89455.0,2019-02-22,252.0,-1.1582%,0.0004,1.0616,1.1093,0.9289,1.5848%,1.9444%,33.5743%,-0.011332,RUSHA,89455.0,2019-02-25,252.0,-1.4336%,0.0004,1.0603,1.1138,0.9265,1.5849%,1.9445%,33.5690%,-0.011472,RUSHA,89455.0,2019-02-26,252.0,0.6676%,0.0003,1.0234,1.1245,0.9043,1.5501%,1.8999%,33.4362%,0.018459,RUSHA,89455.0,2019-02-27,252.0,0.3790%,0.0004,1.0348,1.1046,0.9062,1.5416%,1.8957%,33.8702%,0.001717,RUSHA,89455.0,2019-02-28,252.0,-1.0854%,0.0002,1.0631,1.1239,0.9282,1.5088%,1.8836%,35.8385%,-0.005702,RUSHA,0.094778,0.109404,0.090556,0.0890519999999999,0.080722
23475,REWALK ROBOTICS LTD,ReWalk Robotics shares are trading higher after the company announced Cigna will adopt national policy coverage of personal exoskeleton devices.,6,increase,0.8,0.7,"the adoption of a national policy coverage by cigna for personal exoskeleton devices is likely to boost demand for rewalk robotics' products, positively impacting their stock price.",2,2019-02-13,RWLK,2019-02-13 13:03:00+00:00,14936.0,M8216Q20,0.2307692021131516,38162918.0,-0.1044642403721809,0.0133630335330963,0.0638085603713989,-0.0274368561804294,-0.0193689949810504,0.005809721071273,-0.0283529367297887,0.0051095755770802,-0.2049180269241333,-0.0515749379992485,0.0927834138274192,-0.052476231008768,0.0143396416679024,-0.0132685927674174,-0.0234375093132257,-0.0433437377214431,-0.0251428298652172,0.1122590079903603,-0.0113325687125325,0.0954356715083122,0.0276679825037717,-0.0691713169217109,-0.0346153974533081,0.009929034858942,-0.0239043142646551,-0.0208332724869251,-0.0812245234847068,0.2100839465856552,0.0661927983164787,0.0397553741931915,-0.0416666269302368,-0.0477577298879623,0.0204347390681505,-0.0228455383330583,-0.0085214711725711,0.1596881300210953,-0.0227761082351207,0.0005943595315329,0.0615655146539211,-0.0450450703501701,-0.0016570287989452,-0.0826446115970611,-0.0240663643926382,0.1050228402018547,-0.0314626097679138,-0.0244989022612571,0.0048288134858012,0.0298165399581193,-0.0240279752761125,-0.0991735681891441,-0.0384959578514099,0.0803571045398712,-0.0385474599897861,0.0991168543696403,-0.0199496764689683,0.0565059147775173,0.0602766685187816,0.1079839468002319,0.0663094073534011,-0.0062785600312054,-0.0556307658553123,-0.0309734810143709,-0.0189721696078777,0.0331429094076156,-0.0188679955899715,-0.0783652886748313,-0.0115384506061673,-0.1329680234193802,-0.1712061613798141,0.1837837547063828,-0.0657277479767799,-0.0706646218895912,0.0050251209177076,0.0219044778496027,-0.024999976158142,-0.0308457743376493,-0.0333333611488342,-0.0428570881485939,0.0424403399229049,0.0047846273519098,-0.0839695036411285,-0.0495679453015327,-0.0611110553145408,0.0133640756830573,0.1242603063583374,0.0636212080717086,-0.0447367988526821,0.0226566381752491,-0.0413223393261432,-0.0244499258697032,-0.0488505959510803,-0.0303460843861103,0.0271903797984123,-0.0487144961953163,-0.0235294587910175,-0.0360869839787483,0.057228934019804,0.0,-0.0085470005869865,0.0048056081868708,0.0229884833097457,-0.0230473838746547,-0.0308988466858863,0.0017101615667343,0.1217390820384026,-0.0004273576778359,-0.0413436293601989,0.0404623821377754,0.0134770758450031,0.004017858300358,-0.0132978595793247,-0.0464026853442192,-0.0242588017135858,-0.0212499871850013,-0.0662982836365699,-0.4545454680919647,-0.0828402936458587,-0.2021759152412415,-0.1161290034651756,-0.0620556809008121,-0.1044642403721809,0.0133630335330963,-0.0473213927892226,-0.0144404622765149,-0.0657738199508424,-0.0087146362632086,-0.2782737811153171,-0.0550362994630042,-0.2470238276990884,0.0298000785054022,-0.3189583418929692,0.5582191848856966,-0.6738093445336631,-0.5357048155331341,2019-02-14,2019-02-15,2019-02-19,2019-02-20,2019-02-21,2019-02-22,2019-02-25,2019-02-26,2019-02-27,2019-02-28,14936.0,2019-02-13,252.0,23.0769%,-0.0022,0.3194,0.1379,-0.3521,7.4679%,7.4838%,0.4257%,0.230103,RWLK,14936.0,2019-02-14,252.0,-10.4464%,-0.0027,0.3423,0.0803,-0.2864,7.4950%,7.5099%,0.3949%,-0.106653,RWLK,14936.0,2019-02-15,252.0,6.3809%,-0.0024,0.3859,0.1263,-0.2066,7.5056%,7.5214%,0.4209%,0.061014,RWLK,14936.0,2019-02-19,252.0,-1.9369%,-0.0025,0.376,0.1243,-0.208,7.5053%,7.5205%,0.4024%,-0.0199489999999999,RWLK,14936.0,2019-02-20,252.0,-2.8353%,-0.0027,0.3665,0.0922,-0.2447,7.5054%,7.5206%,0.4041%,-0.028297,RWLK,14936.0,2019-02-21,252.0,-20.4918%,-0.0036,0.4229,0.1627,-0.1397,7.6096%,7.6262%,0.4370%,-0.20416,RWLK,14936.0,2019-02-22,252.0,9.2783%,-0.0032,0.4078,0.235,-0.2547,7.6265%,7.6462%,0.5125%,0.0869849999999999,RWLK,14936.0,2019-02-25,252.0,1.4340%,-0.0033,0.4132,0.2319,-0.2365,7.6217%,7.6411%,0.5077%,0.0137799999999999,RWLK,14936.0,2019-02-26,252.0,-2.3438%,-0.0033,0.4187,0.2529,-0.2218,7.6226%,7.6421%,0.5118%,-0.022172,RWLK,14936.0,2019-02-27,252.0,-2.5143%,-0.0036,0.3989,0.2813,-0.2251,7.6190%,7.6377%,0.4898%,-0.026366,RWLK,14936.0,2019-02-28,252.0,-1.1333%,-0.0037,0.4053,0.2854,-0.2188,7.6189%,7.6378%,0.4956%,-0.0108149999999999,RWLK,0.12345,0.184464,0.164515,-0.0679419999999999,-0.0265299999999999
23483,REWALK ROBOTICS LTD,ReWalk Announces Cigna As First Private US Insurer To Adopt National Policy Change For Coverage Of Personal Exoskeleton Devices,6,increase,0.8,0.7,"the adoption of a national policy change by a major insurer like cigna for coverage of personal exoskeleton devices is likely to boost demand for rewalk's products, positively impacting its stock price.",2,2019-02-13,RWLK,2019-02-13 13:01:00+00:00,14936.0,M8216Q20,0.2307692021131516,38162918.0,-0.1044642403721809,0.0133630335330963,0.0638085603713989,-0.0274368561804294,-0.0193689949810504,0.005809721071273,-0.0283529367297887,0.0051095755770802,-0.2049180269241333,-0.0515749379992485,0.0927834138274192,-0.052476231008768,0.0143396416679024,-0.0132685927674174,-0.0234375093132257,-0.0433437377214431,-0.0251428298652172,0.1122590079903603,-0.0113325687125325,0.0954356715083122,0.0276679825037717,-0.0691713169217109,-0.0346153974533081,0.009929034858942,-0.0239043142646551,-0.0208332724869251,-0.0812245234847068,0.2100839465856552,0.0661927983164787,0.0397553741931915,-0.0416666269302368,-0.0477577298879623,0.0204347390681505,-0.0228455383330583,-0.0085214711725711,0.1596881300210953,-0.0227761082351207,0.0005943595315329,0.0615655146539211,-0.0450450703501701,-0.0016570287989452,-0.0826446115970611,-0.0240663643926382,0.1050228402018547,-0.0314626097679138,-0.0244989022612571,0.0048288134858012,0.0298165399581193,-0.0240279752761125,-0.0991735681891441,-0.0384959578514099,0.0803571045398712,-0.0385474599897861,0.0991168543696403,-0.0199496764689683,0.0565059147775173,0.0602766685187816,0.1079839468002319,0.0663094073534011,-0.0062785600312054,-0.0556307658553123,-0.0309734810143709,-0.0189721696078777,0.0331429094076156,-0.0188679955899715,-0.0783652886748313,-0.0115384506061673,-0.1329680234193802,-0.1712061613798141,0.1837837547063828,-0.0657277479767799,-0.0706646218895912,0.0050251209177076,0.0219044778496027,-0.024999976158142,-0.0308457743376493,-0.0333333611488342,-0.0428570881485939,0.0424403399229049,0.0047846273519098,-0.0839695036411285,-0.0495679453015327,-0.0611110553145408,0.0133640756830573,0.1242603063583374,0.0636212080717086,-0.0447367988526821,0.0226566381752491,-0.0413223393261432,-0.0244499258697032,-0.0488505959510803,-0.0303460843861103,0.0271903797984123,-0.0487144961953163,-0.0235294587910175,-0.0360869839787483,0.057228934019804,0.0,-0.0085470005869865,0.0048056081868708,0.0229884833097457,-0.0230473838746547,-0.0308988466858863,0.0017101615667343,0.1217390820384026,-0.0004273576778359,-0.0413436293601989,0.0404623821377754,0.0134770758450031,0.004017858300358,-0.0132978595793247,-0.0464026853442192,-0.0242588017135858,-0.0212499871850013,-0.0662982836365699,-0.4545454680919647,-0.0828402936458587,-0.2021759152412415,-0.1161290034651756,-0.0620556809008121,-0.1044642403721809,0.0133630335330963,-0.0473213927892226,-0.0144404622765149,-0.0657738199508424,-0.0087146362632086,-0.2782737811153171,-0.0550362994630042,-0.2470238276990884,0.0298000785054022,-0.3189583418929692,0.5582191848856966,-0.6738093445336631,-0.5357048155331341,2019-02-14,2019-02-15,2019-02-19,2019-02-20,2019-02-21,2019-02-22,2019-02-25,2019-02-26,2019-02-27,2019-02-28,14936.0,2019-02-13,252.0,23.0769%,-0.0022,0.3194,0.1379,-0.3521,7.4679%,7.4838%,0.4257%,0.230103,RWLK,14936.0,2019-02-14,252.0,-10.4464%,-0.0027,0.3423,0.0803,-0.2864,7.4950%,7.5099%,0.3949%,-0.106653,RWLK,14936.0,2019-02-15,252.0,6.3809%,-0.0024,0.3859,0.1263,-0.2066,7.5056%,7.5214%,0.4209%,0.061014,RWLK,14936.0,2019-02-19,252.0,-1.9369%,-0.0025,0.376,0.1243,-0.208,7.5053%,7.5205%,0.4024%,-0.0199489999999999,RWLK,14936.0,2019-02-20,252.0,-2.8353%,-0.0027,0.3665,0.0922,-0.2447,7.5054%,7.5206%,0.4041%,-0.028297,RWLK,14936.0,2019-02-21,252.0,-20.4918%,-0.0036,0.4229,0.1627,-0.1397,7.6096%,7.6262%,0.4370%,-0.20416,RWLK,14936.0,2019-02-22,252.0,9.2783%,-0.0032,0.4078,0.235,-0.2547,7.6265%,7.6462%,0.5125%,0.0869849999999999,RWLK,14936.0,2019-02-25,252.0,1.4340%,-0.0033,0.4132,0.2319,-0.2365,7.6217%,7.6411%,0.5077%,0.0137799999999999,RWLK,14936.0,2019-02-26,252.0,-2.3438%,-0.0033,0.4187,0.2529,-0.2218,7.6226%,7.6421%,0.5118%,-0.022172,RWLK,14936.0,2019-02-27,252.0,-2.5143%,-0.0036,0.3989,0.2813,-0.2251,7.6190%,7.6377%,0.4898%,-0.026366,RWLK,14936.0,2019-02-28,252.0,-1.1333%,-0.0037,0.4053,0.2854,-0.2188,7.6189%,7.6378%,0.4956%,-0.0108149999999999,RWLK,0.12345,0.184464,0.164515,-0.0679419999999999,-0.0265299999999999
23491,RAYONIER ADVANCED MATERIALS INC,"Rayonier Advanced Q4 EPS $0.19, Sales $526M Miss $535.14M Estimate",6,decrease,0.8,0.7,"the company's earnings per share and sales both missed analyst estimates, which typically leads to a negative reaction in stock prices.",0,2019-02-13,RYAM,2019-02-13 22:22:00+00:00,14682.0,75508B10,0.0232399273663759,491098.0,-0.0814963430166244,0.0398010239005088,0.0247272830456495,-0.0201949831098318,0.0617459118366241,-0.0110193388536572,0.0233957469463348,-0.0149253271520137,-0.0189418643712997,0.0027210859116166,-0.0026631767395883,0.0034129824489355,0.0040053687989711,0.0096484757959842,-0.0325797721743583,0.0020718707237392,0.0103092519566416,0.0154277216643095,-0.0414965748786926,0.0310918521136045,0.0007097394554875,0.0094890594482421,0.00141840451397,-0.036568246781826,-0.0077903438359498,0.072398193180561,-0.024268390610814,0.0184331610798835,-0.0768105462193489,-0.0121395932510495,0.0,-0.0193451847881078,0.0348653346300125,0.0022371166851371,-0.0038284983020275,0.0244461186230182,0.0099923219531774,0.0046047903597354,-0.0197869036346674,-0.0180859621614217,-0.0078064305707812,0.0022659129463136,0.0393391028046608,0.0458135791122913,0.0045420452952384,0.0226171035319566,-0.0105501385405659,0.0189300831407308,0.0373190976679325,0.0091361841186881,-0.0697503536939621,0.0442324578762054,-0.0118389595299959,0.0745573341846466,0.0047922893427312,-0.009233646094799,0.0158982370048761,0.0169014371931552,0.051643181592226,0.0420743003487587,0.0089286342263221,-0.0376647487282753,0.0376105643808841,0.0270792767405509,0.0127931991592049,0.0465587079524993,0.0217544157058,-0.0169154293835163,0.0,-0.0446768291294574,-0.0020604867022484,-0.0339761115610599,0.0089470138773322,-0.004570314195007,-0.0347885563969612,-0.0009132629493251,0.0190813057124614,-0.0519480854272842,0.020804451778531,0.0095569035038352,0.0298912748694419,-0.0278716143220663,-0.0026385199744254,0.0042408984154462,0.0257936734706163,-0.1061409935355186,-0.014184414409101,-0.0244083479046821,-0.0170045923441648,-0.0217076148837804,-0.0272787660360336,0.0124542182311415,0.0595075152814388,-0.0745762959122657,-0.0206584706902504,0.0,-0.0237310249358415,-0.0107310432940721,0.0189061257988214,-0.0119284493848681,0.0086149843409657,0.0175320450216531,-0.0249671563506126,-0.0172299686819315,-0.0128032704815268,0.0596910379827022,-0.0013651539338752,-0.0206327512860298,0.0410115793347358,0.0160726439207792,-0.0203545279800891,-0.0151410400867462,-0.0428954660892486,-0.0135777201503515,-0.0231092385947704,0.0151619100943207,-0.3369175493717194,0.0401434004306793,-0.0086486404761672,0.0072201751172542,-0.0814963430166244,0.0398010239005088,-0.0587842431119323,0.0188022597852521,-0.0006680179678801,0.0075757324598066,0.0033400263062637,-0.0047618856185027,-0.058784240492312,0.0578452768235684,-0.0972984653737646,0.4315068170021061,-0.3840942389348432,0.062719587133381,2019-02-14,2019-02-15,2019-02-19,2019-02-20,2019-02-21,2019-02-22,2019-02-25,2019-02-26,2019-02-27,2019-02-28,14682.0,2019-02-13,252.0,2.3240%,-0.0004,1.3198,0.5056,0.616,2.4930%,2.8180%,21.7314%,0.018725,RYAM,14682.0,2019-02-14,252.0,-8.1496%,-0.0007,1.3377,0.4634,0.6627,2.5399%,2.8637%,21.3341%,-0.077881,RYAM,14682.0,2019-02-15,252.0,2.4727%,-0.0007,1.3424,0.4681,0.671,2.5402%,2.8642%,21.3459%,0.0051719999999999,RYAM,14682.0,2019-02-19,252.0,6.1746%,-0.0003,1.3617,0.4917,0.6959,2.5599%,2.8897%,21.5225%,0.055725,RYAM,14682.0,2019-02-20,252.0,2.3396%,-0.0002,1.3668,0.5061,0.715,2.5615%,2.8935%,21.6272%,0.015799,RYAM,14682.0,2019-02-21,252.0,-1.8942%,-0.0008,1.421,0.6139,0.8143,2.3988%,2.7765%,25.3566%,-0.011986,RYAM,14682.0,2019-02-22,252.0,-0.2663%,-0.0008,1.4211,0.621,0.8217,2.3986%,2.7764%,25.3618%,-0.003406,RYAM,14682.0,2019-02-25,252.0,0.4005%,-0.0007,1.4179,0.6151,0.807,2.3929%,2.7702%,25.3860%,0.004868,RYAM,14682.0,2019-02-26,252.0,-3.2580%,-0.0008,1.426,0.6394,0.8253,2.3970%,2.7763%,25.4569%,-0.023812,RYAM,14682.0,2019-02-27,252.0,1.0309%,-0.0007,1.4317,0.632,0.8263,2.3965%,2.7772%,25.5394%,0.008701,RYAM,14682.0,2019-02-28,252.0,-4.1497%,-0.001,1.4684,0.656,0.861,2.3807%,2.7795%,26.6367%,-0.035219,RYAM,-0.059156,-0.053984,0.0017409999999999,0.0055539999999999,-0.043314
23499,SAIA INC,New England Motor Freight Plowed Under By A Relentless LTL Nor'easter,6,increase,0.7,0.6,"the news suggests that new england motor freight is struggling, which could lead to increased market share and business opportunities for saia inc in the ltl sector.",2,2019-02-13,SAIA,2019-02-13 15:34:00+00:00,89506.0,78709Y10,-0.001324756653048,228960.0,0.0159174930304288,0.0386790819466114,0.0085593545809388,0.004607634153217,0.0146720986813306,-0.0139330336824059,-0.0025517479516565,0.0183529071509838,-0.0177657753229141,-0.0346881337463855,-0.0027492756489664,0.0231530331075191,-0.0044979332014918,0.0799473673105239,-0.016032624989748,0.0136734982952475,-0.0038513129111379,-0.0259866565465927,-0.0162081234157085,0.0093442574143409,0.0175331924110651,0.0212623551487922,-0.0414438657462596,0.0008377888007089,-0.0185959544032812,0.0417175665497779,-0.0192641913890838,0.0105839176103472,-0.0138464113697409,-0.0149435382336378,-0.0039183949120342,-0.0265561528503894,0.0299951136112213,0.0506486296653747,-0.0133672840893268,0.0146051459014415,0.0227419324219226,0.0059858155436813,0.0070966845378279,-0.0016298469854518,-0.0181647334247827,-0.0240367725491523,0.0073365084826946,-0.0098004471510648,-0.0452818349003791,0.0,-0.0092868581414222,0.014739797450602,0.0194174721837043,0.0260568559169769,-0.0302134659141302,-0.0034501294139772,-0.0071114455349743,0.0198148097842931,0.0349590592086315,-0.0099010067060589,0.0047783972695469,-0.0229308269917964,0.0168907642364502,0.0073993834666907,-0.0146750500425696,0.0021703550592064,0.0363338999450206,0.0091257523745298,-0.0241629630327224,0.0446139201521873,0.01521279476583,-0.0056871892884373,0.0167383905500173,0.0068715522065758,0.0089369658380746,-0.0351749509572982,0.0073038265109062,-0.0180831830948591,-0.0180499572306871,0.0184162072837352,-0.0081696845591068,0.008918609470129,0.0438777208328247,-0.0124770700931549,0.0194233506917953,-0.0146447541192174,0.0001488856214564,0.0012671920703724,0.0077391965314745,0.0032691664528101,0.0178703162819147,0.005845810752362,-0.0066743921488523,-0.0094100013375282,0.0016067866235971,0.003267910098657,-0.0035000417847186,-0.06006820499897,0.0301477760076522,-0.0283535551279783,-0.0727376416325569,0.0355425775051116,0.0131760481745004,-0.0653185620903968,-0.0148192308843135,0.0496967770159244,-0.0116654196754097,-0.0419625341892242,-0.0010871206177398,0.0179070178419351,0.0216106865555048,-0.0044161016121506,0.0389590263366699,0.0254948083311319,0.0092281373217701,-0.0466901510953903,-0.0174166113138198,-0.0091888150200247,-0.0125553691759705,-0.0137500166893005,0.0049364524893462,0.0191082917153835,-0.0090800924226641,-0.0049120802432298,0.0159174930304288,0.0386790819466114,0.0246130910782547,0.0434649351588207,0.039646315460738,0.0289263030708433,0.0185704083472069,0.0114635153650208,-0.0249078070152584,0.1137705324271887,-0.0860722235118599,0.2261325140758143,-0.0188651209546296,0.0765330597259914,2019-02-14,2019-02-15,2019-02-19,2019-02-20,2019-02-21,2019-02-22,2019-02-25,2019-02-26,2019-02-27,2019-02-28,89506.0,2019-02-13,252.0,-0.1325%,-0.0002,1.1219,0.9728,0.1357,1.8079%,2.2175%,33.5252%,-0.005243,SAIA,89506.0,2019-02-14,252.0,1.5917%,-0.0002,1.1176,0.9799,0.1295,1.8077%,2.2166%,33.4920%,0.013902,SAIA,89506.0,2019-02-15,252.0,0.8559%,-0.0003,1.1005,0.9637,0.1007,1.8057%,2.2063%,33.0199%,-0.007241,SAIA,89506.0,2019-02-19,252.0,1.4672%,-0.0002,1.1087,0.9609,0.0968,1.8023%,2.2075%,33.3436%,0.009384,SAIA,89506.0,2019-02-20,252.0,-0.2552%,-0.0003,1.1062,0.9528,0.0871,1.8025%,2.2068%,33.2844%,-0.007405,SAIA,89506.0,2019-02-21,252.0,-1.7766%,-0.0003,1.1035,0.9444,0.0822,1.8015%,2.2034%,33.1478%,-0.0129059999999999,SAIA,89506.0,2019-02-22,252.0,-0.2749%,-0.0003,1.1058,0.9309,0.0985,1.8029%,2.2025%,32.9919%,-0.014007,SAIA,89506.0,2019-02-25,252.0,-0.4498%,-0.0004,1.1065,0.9332,0.1022,1.8027%,2.2024%,33.0035%,-0.003659,SAIA,89506.0,2019-02-26,252.0,-1.6033%,-0.0004,1.1094,0.9411,0.1083,1.8033%,2.2036%,33.0331%,-0.008053,SAIA,89506.0,2019-02-27,252.0,-0.3851%,-0.0004,1.1151,0.929,0.1093,1.8017%,2.2034%,33.1364%,-0.006608,SAIA,89506.0,2019-02-28,252.0,-1.6208%,-0.0004,1.119,0.9312,0.1149,1.8033%,2.2041%,33.0592%,-0.012764,SAIA,0.008659,0.001418,0.0108019999999999,-0.009509,-0.0546
23507,SINCLAIR INC,"Sinclair Broadcast Group And Chicago Cubs Announce Joint Venture, Will Launch Marquee Sports Network",6,increase,0.75,0.6,"the joint venture with the chicago cubs to launch a dedicated sports network is likely to enhance sinclair's revenue potential and market presence, positively impacting its stock price.",2,2019-02-13,SBGI,2019-02-13 12:12:00+00:00,81740.0,82924210,0.0149439461529254,940972.0,0.013497008010745,0.011334971524775,0.0048426100984215,0.0124322399497032,-0.0108433915302157,0.001596460584551,0.0106576876714825,-0.0110514806583523,-0.0087374849244952,0.0085987411439418,-0.0006079166196286,-0.002858055057004,-0.0066910344175994,0.0109149329364299,0.0045928210020065,0.0110353836789727,0.0615666061639785,0.0003246827691327,0.0364627204835414,-0.0112359672784805,0.0174515545368194,0.0061369682662189,0.0002723151701502,-0.002255932893604,0.0362002700567245,0.0100911911576986,0.0034147903788834,0.0055646509863436,-0.035863846540451,0.0334911979734897,0.0051587796770036,-0.0289093647152185,0.0312330666929483,0.012304650619626,0.0118513805791735,0.0066956426016986,0.0059865531511604,-0.0043333051726222,-0.002846070099622,0.0111223431304097,0.019979253411293,-0.0033590991515666,-0.0206054784357547,-0.0132581908255815,-0.0072726956568658,0.0093677043914794,-0.025117814540863,0.0013400003081187,0.0359635055065155,0.0514265932142734,-0.0207253694534301,0.0157423466444015,0.0050265197642147,0.0367211326956749,0.0073703280650079,-0.0025897743180394,0.0023517154622823,0.0261959191411733,-0.0018248095875605,-0.0045351074077188,0.0049620950594544,-0.0011325287632644,0.0207900013774633,-0.0048835859633982,0.0048371297307312,0.0555115602910518,0.0491512194275856,-0.0258787218481302,0.023907309398055,-0.0274230446666479,0.0099056167528033,-0.027402264997363,-0.0072396397590637,-0.0047272420488297,0.0051752817817032,-0.0043447078205645,0.0217645764350891,-0.0264363754540681,0.0100778434425592,-0.0132173625752329,-0.0136054083704948,-0.0400668010115623,0.0163218174129724,-0.0115511054173111,0.0174168851226568,0.0079840244725346,0.0091151585802435,-0.0195694845169782,-0.0193875543773174,-0.0061588501557707,-0.0233654715120792,-0.0012948854127898,0.0213940721005201,-0.0252445917576551,0.0060810050927102,0.0076311533339321,-0.0094022424891591,0.0067221829667687,0.0192090049386024,0.0171465519815683,0.0126385744661092,-0.0022595124319195,0.0026276055723428,0.0074796597473323,-0.0087355645373463,0.0055591915734112,-0.0367922037839889,0.0045991912484169,0.0281335655599832,0.046767558902502,0.3454949557781219,-0.0424761585891246,0.0071097933687269,-0.003608881495893,0.0003283608239144,-0.0061949961818754,0.0041030691936612,-0.0068004885688424,0.0102975005283951,-0.0159337166696786,0.013497008010745,0.011334971524775,0.0184049788564579,0.0239081305602972,0.0073620149343962,0.0255427595329382,0.0092025472962946,0.0229299141631411,0.1073619662592479,0.0311396253649443,0.180919857238643,0.2139077852657904,0.9063112102196662,0.0301349087567166,2019-02-14,2019-02-15,2019-02-19,2019-02-20,2019-02-21,2019-02-22,2019-02-25,2019-02-26,2019-02-27,2019-02-28,81740.0,2019-02-13,252.0,1.4944%,-0.0002,0.9937,0.8832,0.4984,1.9100%,2.1851%,23.5961%,0.011184,SBGI,81740.0,2019-02-14,252.0,1.3497%,-0.0002,0.9889,0.8899,0.4936,1.9066%,2.1809%,23.5758%,0.013782,SBGI,81740.0,2019-02-15,252.0,0.4843%,-0.0002,0.9935,0.8929,0.4994,1.9057%,2.1809%,23.6398%,-0.011026,SBGI,81740.0,2019-02-19,252.0,-1.0843%,-0.0003,0.9873,0.8865,0.4928,1.9078%,2.1794%,23.3736%,-0.016919,SBGI,81740.0,2019-02-20,252.0,1.0658%,-0.0001,0.9912,0.9083,0.5104,1.8988%,2.1746%,23.7591%,0.004021,SBGI,81740.0,2019-02-21,252.0,-0.8737%,-0.0002,0.9994,0.9242,0.5253,1.8945%,2.1744%,24.0925%,-0.00336,SBGI,81740.0,2019-02-22,252.0,-0.0608%,-0.0002,0.9997,0.9305,0.5352,1.8943%,2.1744%,24.1012%,-0.004565,SBGI,81740.0,2019-02-25,252.0,-0.6691%,-0.0002,0.9967,0.9299,0.5239,1.8877%,2.1680%,24.1878%,-0.004908,SBGI,81740.0,2019-02-26,252.0,0.4593%,-0.0001,0.9869,0.9201,0.5116,1.8883%,2.1635%,23.8246%,0.013768,SBGI,81740.0,2019-02-27,252.0,6.1567%,0.0001,0.9878,0.9359,0.5119,1.9252%,2.1977%,23.2572%,0.059444,SBGI,81740.0,2019-02-28,252.0,3.6463%,0.0003,0.9782,0.9306,0.4954,1.9419%,2.2070%,22.5834%,0.040518,SBGI,0.024966,0.01394,-0.0029789999999999,-0.0023179999999999,0.101939
23515,STAR BULK CARRIERS CORP,Port Report: China's Cold Becomes Shipping's Flu As Slower Demand Hits Rates,6,decrease,0.7,0.6,"slower demand in shipping, as indicated by the report, is likely to negatively impact the revenue and stock price of star bulk carriers corp.",0,2019-02-13,SBLK,2019-02-13 15:02:00+00:00,92470.0,Y8162K20,-0.0244200024753809,612195.0,0.0150187592953443,0.025031266734004,0.0110974302515387,0.0256739165633916,-0.0195121765136718,-0.0063775754533708,-0.0049751196056604,-0.0224439278244972,-0.0174999833106994,0.0100756175816059,-0.0050890534184873,0.0338541977107524,-0.0012788015883415,-0.0303030610084533,-0.0217669755220413,0.0688259452581405,-0.024869117885828,-0.0237154550850391,-0.0080536836758255,-0.0026281182654201,0.0054127150215208,-0.0487499833106994,0.0242261514067649,-0.0877993628382682,0.0262811835855245,-0.0352034866809845,-0.0486555844545364,0.0133779132738709,-0.0699865370988845,-0.0185995697975158,-0.057887066155672,-0.1245210021734238,0.0675882622599601,0.0796276628971099,0.0086331544443964,0.0287234541028738,-0.0285307094454765,0.0151187246665358,0.0249633006751537,-0.0414078272879123,0.0214899852871894,-0.0252270437777042,-0.0378681607544422,-0.0188119336962699,-0.0160350054502487,-0.0362594649195671,0.0281481575220823,-0.005692639388144,-0.002881841501221,0.0124880038201808,-0.0491329692304134,0.0266271699219942,-0.0167173463851213,0.0844919681549072,0.0092736352235078,-0.0105819506570696,0.0030627842061221,0.0339167900383472,-0.0015267524868249,0.0316027887165546,0.0061162021011114,0.0033974782563745,0.0212765764445066,-0.0134078087285161,0.0193452555686235,0.0783132016658783,0.0145985260605812,0.0060606291517615,0.0330935306847095,-0.0316901914775371,0.0222841687500476,-0.0501672029495239,0.0395095311105251,-0.0207423120737075,-0.0157273765653371,-0.008658000268042,0.0519307404756546,-0.057142898440361,0.0050632860511541,0.0071943118236958,-0.0151133360341191,0.0114344758912921,0.0242966823279857,0.0062760943546891,0.0287140496075153,0.010570865124464,0.0024272401351481,-0.001055990345776,-0.037530317902565,0.0128342118114233,0.0050314418040215,-0.0209423881024122,0.0037547794636338,-0.0506958439946174,-0.014962637796998,0.0512017495930194,0.0063290777616202,-0.0103413006290793,0.0314465425908565,0.0041536823846399,0.0756097435951232,-0.0446428395807743,-0.0147392423823475,0.0956521853804588,0.0069045363925397,0.0372040495276451,0.0079999649897217,0.0325960107147693,0.0226758234202861,0.0526961162686348,-0.0376940295100212,-0.0663615465164184,-0.078341044485569,-0.0551351606845855,0.03125,0.0,-0.0327272713184356,-0.0106952274218201,0.0263157337903976,-0.0330920070409774,0.0150187592953443,0.025031266734004,0.0262828591806278,0.0513478339510005,0.0062578468793397,0.04464278381224,-0.0162702924432278,0.031486085975338,-0.0750938568654616,0.0762154346574934,-0.1814768216604408,-0.0756207734593799,0.025031273824138,-0.1530507205611406,2019-02-14,2019-02-15,2019-02-19,2019-02-20,2019-02-21,2019-02-22,2019-02-25,2019-02-26,2019-02-27,2019-02-28,92470.0,2019-02-13,252.0,-2.4420%,-0.0011,1.2476,0.5485,0.3773,2.6757%,2.9670%,18.6732%,-0.0286419999999999,SBLK,92470.0,2019-02-14,252.0,1.5019%,-0.001,1.2436,0.5584,0.366,2.6779%,2.9687%,18.6286%,0.016875,SBLK,92470.0,2019-02-15,252.0,1.1097%,-0.0011,1.2339,0.5492,0.3495,2.6777%,2.9638%,18.3745%,-0.006208,SBLK,92470.0,2019-02-19,252.0,-1.9512%,-0.0012,1.2243,0.5415,0.3417,2.6800%,2.9612%,18.0867%,-0.024598,SBLK,92470.0,2019-02-20,252.0,-0.4975%,-0.0013,1.2222,0.5385,0.3344,2.6805%,2.9613%,18.0613%,-0.0104719999999999,SBLK,92470.0,2019-02-21,252.0,-1.7500%,-0.0015,1.2405,0.5736,0.3681,2.6669%,2.9555%,18.5782%,-0.011932,SBLK,92470.0,2019-02-22,252.0,-0.5089%,-0.0015,1.242,0.5684,0.3814,2.6675%,2.9556%,18.5439%,-0.010995,SBLK,92470.0,2019-02-25,252.0,-0.1279%,-0.0016,1.2448,0.571,0.3931,2.6632%,2.9521%,18.6157%,-0.001077,SBLK,92470.0,2019-02-26,252.0,-2.1767%,-0.0015,1.2721,0.5631,0.4096,2.6519%,2.9509%,19.2339%,-0.014924,SBLK,92470.0,2019-02-27,252.0,-2.4869%,-0.0016,1.2659,0.5668,0.4084,2.6554%,2.9507%,19.0126%,-0.0266929999999999,SBLK,92470.0,2019-02-28,252.0,-0.8054%,-0.0018,1.2818,0.5777,0.4204,2.6491%,2.9500%,19.3585%,-0.003322,SBLK,-0.0117669999999999,-0.0179749999999999,-0.042573,-0.064977,-0.121988
23523,STARBUCKS CORP,Nestle Launches First Starbucks Products Under Last Year's $7.15 Bln Coffee Deal,6,increase,0.7,0.6,"the launch of starbucks products by nestle under a significant partnership is likely to enhance brand visibility and sales, positively impacting starbucks' stock price.",2,2019-02-13,SBUX,2019-02-13 15:33:00+00:00,77702.0,85524410,0.0108960876241326,10261816.0,0.0046801050193607,-0.0034290307667106,-0.0018350827740505,0.0034408296924084,-0.0072125885635614,0.0088226879015564,0.0027065875474363,0.0042120683938264,0.0044040000066161,-0.0018747887806966,0.0084866499528288,0.0260431263595819,-0.0035063112154603,-0.0077815121039748,0.0012666620314121,-0.0004402521299198,-0.0139161916449666,-0.0001467664842493,0.0015680771321058,0.0165572874248027,0.0083973286673426,0.0020926664583384,0.0014114110963419,-0.0028319396078586,0.0088795619085431,0.0362990200519561,-0.0043308911845088,-0.0254403501749038,-0.0092605035752058,0.0159045867621898,-0.0177028756588697,0.0106646437197923,0.0046136057935655,0.0065338858403265,0.005310027860105,0.0079974643886089,0.0007137104985304,-0.0048377243801951,0.0091298064216971,0.0112040853127837,-0.0009895348921418,-0.0056488406844437,0.0024055209942162,-0.0071662701666355,0.0076228254474699,0.0048528704792261,0.0035023817326873,0.0040867989882826,0.0087952660396695,0.0007865225197747,-0.0041517168283462,0.0,0.004724902100861,0.0331545732915401,0.0091285752132534,-0.0433768816292285,-0.0030153675470501,-0.0012422644067555,0.0167720820754766,0.015933146700263,0.0051378752104938,0.0030063074082136,-0.0051116123795509,0.0019023292697966,0.0041914219036698,0.0416116304695606,0.0008079331018961,-0.0135200852528214,0.0002690251858439,-0.012228513136506,0.0091459359973669,-0.02981573715806,0.0022657359950244,-0.0132470829412341,-0.0010637526866048,0.0069799432530999,0.0047923400998115,-0.0133148934692144,0.005166923161596,-0.0234644636511802,0.0102807264775037,0.0117950467392802,-0.0063926661387085,0.0031856657005846,-0.0060400036163628,0.0065658926032483,-0.0076617468148469,0.0003054321568924,0.0125132426619529,-0.0162284262478351,-0.008677308447659,-0.001500352169387,0.0078248847275972,-0.012592569924891,0.0052638705819845,0.0116906287148594,0.0094253337010741,-0.0023922852706164,0.0044092377647757,0.0008978982223197,-0.0069721536710858,0.0111985141411423,0.0100116580724716,0.0059369672089815,-0.002059779362753,-0.0001521233934909,-0.0006449358188547,-0.0160251576453447,0.0074867927469313,-0.0061030611395835,0.0001280526194022,-0.0107495700940489,-0.001281046308577,-0.0036678402684628,0.0057722418569028,0.0079858163371682,-0.0019218644592911,0.0086515787988901,0.0066751814447343,-0.0001483864616602,0.0046801050193607,-0.0034290307667106,0.0028364338652084,2.1481949552537571e-10,-0.0043966127288104,0.0088226881182713,0.0026945797302742,0.0111726224114432,-0.0035455957401185,0.0458637370893582,0.0489291839923669,0.1060846555143706,0.1173124697957557,0.0457085402070776,2019-02-14,2019-02-15,2019-02-19,2019-02-20,2019-02-21,2019-02-22,2019-02-25,2019-02-26,2019-02-27,2019-02-28,77702.0,2019-02-13,252.0,1.0896%,0.001,0.7488,-0.287,0.0808,1.2743%,1.4970%,27.5462%,0.008819,SBUX,77702.0,2019-02-14,252.0,0.4680%,0.001,0.747,-0.2832,0.077,1.2750%,1.4970%,27.4603%,0.008114,SBUX,77702.0,2019-02-15,252.0,-0.1835%,0.001,0.7449,-0.2863,0.072,1.2763%,1.4968%,27.2986%,-0.010038,SBUX,77702.0,2019-02-19,252.0,-0.7213%,0.001,0.7429,-0.2917,0.0661,1.2775%,1.4965%,27.1266%,-0.008114,SBUX,77702.0,2019-02-20,252.0,0.2707%,0.001,0.7432,-0.29,0.0676,1.2775%,1.4965%,27.1269%,0.001473,SBUX,77702.0,2019-02-21,252.0,0.4404%,0.001,0.7395,-0.2962,0.0608,1.2774%,1.4953%,27.0166%,0.007006,SBUX,77702.0,2019-02-22,252.0,0.8487%,0.001,0.7392,-0.3041,0.0489,1.2771%,1.4959%,27.1187%,0.006102,SBUX,77702.0,2019-02-25,252.0,-0.3506%,0.001,0.7376,-0.3024,0.0441,1.2750%,1.4938%,27.1470%,-0.0054179999999999,SBUX,77702.0,2019-02-26,252.0,0.1267%,0.001,0.7378,-0.302,0.0445,1.2750%,1.4918%,26.9522%,0.000557,SBUX,77702.0,2019-02-27,252.0,-1.3916%,0.0009,0.7342,-0.2999,0.0438,1.2776%,1.4908%,26.5529%,-0.014053,SBUX,77702.0,2019-02-28,252.0,0.1568%,0.001,0.732,-0.3012,0.0416,1.2776%,1.4890%,26.3780%,0.003914,SBUX,0.016933,0.006895,-0.0012189999999999,0.00726,-0.0016379999999999
23531,SHERWIN WILLIAMS CO,Sherwin-Williams Increases Quarterly Dividend From $0.86/Share To $1.13/Share,6,increase,0.8,0.7,"an increase in the quarterly dividend typically signals financial strength and can attract more investors, likely leading to a rise in stock price.",2,2019-02-13,SHW,2019-02-13 18:51:00+00:00,36468.0,82434810,-0.0074329888448119,410952.0,-0.005092263687402,0.0319322161376476,0.0171383433043956,0.0064131058752536,-0.0037114734295755,0.0069360323250293,0.0039309822022914,-0.0069825495593249,0.000978949596174,-0.0018490833463147,0.0029792874120175,0.0068502845242619,-0.005001391749829,0.0046520610339939,-0.0076768081635236,-0.0106756500899791,0.0138146989047527,0.040199339389801,-0.0161700472235679,0.0055335261858999,0.0078946975991129,0.0151133500039577,0.0025880739558488,0.0106153134256601,-0.0144374808296561,0.0065852939151227,-0.0212548580020666,-0.0079564927145838,-0.0194430481642484,-0.0014721591724082,0.0070523209869861,-0.0114420438185334,0.0264287330210208,0.0101386457681655,-0.0123600512742996,0.0196154341101646,0.0059379683807492,0.0144190434366464,0.008489959873259,-0.0411261580884456,0.0051536574028432,0.0047230450436472,0.0007424246869049,-0.0090601807460188,-0.0025038067251443,0.0035414001904428,-0.0023473151959478,-0.0016299152048304,0.0101802982389926,0.0070963115431368,-0.0297719333320856,0.0141112245619297,0.0039694178849458,0.0264990832656621,-0.004711334593594,-0.0301863607019186,0.0149619616568088,-0.0031260624527931,0.0106166042387485,0.0099594565108418,-0.0011827136622741,-0.0040647974237799,0.0060829678550362,0.0115070650354027,0.0088616693392395,0.0588106773793697,0.0080288657918572,-0.0300358459353447,0.0083961430937051,-0.0074857710860669,0.0109140966087579,-0.0022353660315275,-0.0062329280190169,-0.0095595670863986,-0.0060255862772464,0.0198166854679584,-6.76044073770754e-05,-0.0247409008443355,-0.0010141347302123,0.0002850173623301,-0.0039029258769005,-0.0144553016871213,0.0050732460804283,0.001790921553038,0.0150979394093155,-0.006633420009166,-0.0167824663221836,0.0101668583229184,0.0214941836893558,-0.0287509635090827,-0.0011935062939301,-0.0136989848688244,0.0189205054193735,-0.0280632749199867,-0.0055164811201393,-0.0135119454935193,-0.0144136408343911,0.0102677661925554,0.01189901586622,0.0078755253925919,-0.0112554244697094,0.0323220528662204,0.0073084575124084,-0.0196821838617324,-0.0161158815026283,-0.0085762403905391,0.0115531021729111,0.0113044260069727,0.0071575101464986,0.001024248660542,-0.0076989093795418,-0.0125704407691955,-0.0119805103167891,-0.0205207616090774,-0.0055259768851101,0.0070548024959862,-0.0057366951368749,0.0167510155588388,-0.0046157524921,-0.0044630384072661,-0.005092263687402,0.0319322161376476,0.0119588066537223,0.0385501066958235,0.0082029484310022,0.0457535238070285,0.0131570359471102,0.0365313146292995,0.000743938231275,0.0849627579921359,-0.003830124739839,0.1223368918073244,0.0162679471849427,0.0512841377583184,2019-02-14,2019-02-15,2019-02-19,2019-02-20,2019-02-21,2019-02-22,2019-02-25,2019-02-26,2019-02-27,2019-02-28,36468.0,2019-02-13,252.0,-0.7433%,0.0001,0.8119,-0.0223,-0.1464,1.1834%,1.4879%,36.7422%,-0.009697,SHW,36468.0,2019-02-14,252.0,-0.5092%,0.0001,0.8127,-0.0247,-0.1435,1.1836%,1.4880%,36.7257%,-0.004221,SHW,36468.0,2019-02-15,252.0,1.7138%,0.0002,0.8284,-0.0098,-0.1169,1.1823%,1.4917%,37.1871%,0.008605,SHW,36468.0,2019-02-19,252.0,-0.3711%,0.0003,0.8344,-0.0228,-0.1321,1.1742%,1.4901%,37.9055%,-0.005006,SHW,36468.0,2019-02-20,252.0,0.3931%,0.0003,0.8349,-0.0229,-0.1306,1.1742%,1.4902%,37.9111%,0.003022,SHW,36468.0,2019-02-21,252.0,0.0979%,0.0003,0.8306,-0.0308,-0.1384,1.1729%,1.4874%,37.8218%,0.003652,SHW,36468.0,2019-02-22,252.0,0.2979%,0.0003,0.8316,-0.0385,-0.1343,1.1728%,1.4875%,37.8338%,-0.004385,SHW,36468.0,2019-02-25,252.0,-0.5001%,0.0002,0.832,-0.0347,-0.1306,1.1734%,1.4877%,37.7868%,-0.006691,SHW,36468.0,2019-02-26,252.0,-0.7677%,0.0003,0.8414,-0.0335,-0.123,1.1714%,1.4886%,38.0724%,-0.0070989999999999,SHW,36468.0,2019-02-27,252.0,1.3815%,0.0003,0.8394,-0.0263,-0.1233,1.1737%,1.4881%,37.7933%,0.012874,SHW,36468.0,2019-02-28,252.0,-1.6170%,0.0002,0.8414,-0.0254,-0.1185,1.1771%,1.4898%,37.5762%,-0.013971,SHW,-0.013918,-0.005313,-0.010319,-0.0036449999999999,-0.022917
23539,SIFY TECHNOLOGIES LTD,Sify Announces Support For Google's Partner Interconnect Cloud Service,6,increase,0.75,0.6,"sify's support for google's partner interconnect cloud service is likely to enhance its service offerings and attract more customers, which could positively impact its stock price.",2,2019-02-13,SIFY,2019-02-13 12:35:00+00:00,87344.0,82655M10,0.0,28698.0,0.0074533941224217,-0.011117267422378,0.0018495813710615,0.0143925342708826,-0.022830743342638,-0.0031055870931595,0.0139177348464727,0.0,-0.0124223483726382,-0.0182926654815673,0.0188679061830043,-0.0120481811463832,-0.0185185000300407,0.0172192007303237,0.0,-0.0266611166298389,0.006289301905781,0.0100000081583857,-0.0187499821186065,0.0033848981838673,0.0191082619130611,0.0026666757185012,-0.0062499940395355,0.0576923303306102,-0.0183648280799388,0.0129870008677244,-0.0069195311516523,-0.0375000387430191,0.0193548984825611,0.0191082619130611,-0.0253165066242218,-0.0138810193166136,0.049480527639389,0.0013207489391788,-0.0191189218312501,0.0358306616544723,-0.0222670901566743,0.0073500135913491,0.0193548984825611,-0.0169031862169504,0.0253164302557706,0.0,0.0123456669971346,0.01973682269454,-0.0048780585639178,-0.049940638244152,-0.0073529197834432,0.0062263985164463,0.0061728334985673,0.0671141073107719,-0.0306748170405626,0.0,0.0316455401480197,0.0346504114568233,-0.012269927188754,-0.02695950306952,0.0124223483726382,-0.0067114029079675,-0.0245398543775081,0.056737620383501,0.0263521503657102,0.0071428506635129,-0.0011029726592823,0.076923094689846,-0.0185264740139246,-0.0077093406580388,-0.0075004468671977,-0.0249330718070268,-0.0112727433443069,-0.0538027621805667,0.0,-0.0206897165626287,0.0191082619130611,-0.05228753387928,0.024999976158142,0.0013088836567476,-0.0243902206420898,-0.0389937311410903,0.012499988079071,-0.0185185000300407,-0.0370370745658874,0.0872483178973198,-0.0064102504402399,0.1550388038158417,0.0193548984825611,0.0238095019012689,-0.0126582905650138,-0.023255793377757,-0.0192307513207197,-0.0227273404598236,0.01307188346982,0.0476190969347953,-0.0193548202514648,-0.0493435971438884,0.0263157654553651,0.0282389130443334,-0.0256410017609596,0.0395161472260952,0.0131578827276825,-0.0387596525251865,-0.071428582072258,0.0,0.0030069919303059,-0.0227273404598236,-0.0169420484453439,0.0737818479537963,0.009148932993412,-0.0086290221661329,0.0049898000434041,0.0165601037442684,-0.006993000395596,-0.016290333122015,-0.014084493741393,0.0163934268057346,0.0015714339679107,-0.0421606115996837,-0.0015689684078097,0.0271774102002382,0.0071428506635129,0.0170603618025779,0.0074533941224217,-0.011117267422378,0.0093167611524032,0.0031152611961293,-0.01372669077289,-6.119926787562234e-10,-0.0124223487369693,-0.0182926660823651,-0.0248446966251232,-0.0268375112659335,-0.0124223451473876,0.1418440004443415,-0.1242236219759029,0.320538041826699,2019-02-14,2019-02-15,2019-02-19,2019-02-20,2019-02-21,2019-02-22,2019-02-25,2019-02-26,2019-02-27,2019-02-28,87344.0,2019-02-13,252.0,0.0000%,-0.0004,1.0814,0.7173,0.021,3.0339%,3.2709%,13.9670%,-0.003596,SIFY,87344.0,2019-02-14,252.0,0.7453%,-0.0004,1.0794,0.7205,0.0183,3.0338%,3.2705%,13.9516%,0.006016,SIFY,87344.0,2019-02-15,252.0,0.1850%,-0.0005,1.0555,0.6977,-0.0223,3.0322%,3.2621%,13.5960%,-0.012337,SIFY,87344.0,2019-02-19,252.0,-2.2831%,-0.0005,1.0554,0.6741,-0.0488,3.0349%,3.2650%,13.5999%,-0.0268929999999999,SIFY,87344.0,2019-02-20,252.0,1.3918%,-0.0004,1.0611,0.6991,-0.0252,3.0305%,3.2622%,13.7020%,0.010598,SIFY,87344.0,2019-02-21,252.0,-1.2422%,-0.0004,1.0586,0.6924,-0.0296,3.0300%,3.2605%,13.6375%,-0.008165,SIFY,87344.0,2019-02-22,252.0,1.8868%,-0.0004,1.0583,0.6728,-0.0516,3.0288%,3.2610%,13.7371%,0.007643,SIFY,87344.0,2019-02-25,252.0,-1.8519%,-0.0004,1.0546,0.6781,-0.0625,3.0241%,3.2569%,13.7859%,-0.018549,SIFY,87344.0,2019-02-26,252.0,0.0000%,-0.0004,1.0449,0.6791,-0.0693,3.0230%,3.2523%,13.6011%,0.005721,SIFY,87344.0,2019-02-27,252.0,0.6289%,-0.0003,1.058,0.6569,-0.0671,3.0174%,3.2497%,13.7880%,0.003876,SIFY,87344.0,2019-02-28,252.0,-1.8750%,-0.0004,1.0662,0.662,-0.0575,3.0184%,3.2517%,13.8346%,-0.015869,SIFY,0.00242,-0.009917,-0.0368099999999999,-0.0343769999999999,-0.0515549999999999
23547,SIX FLAGS ENTERTAINMENT CORP,Q4 Earnings Preview For Six Flags Entertainment,6,uncertain,0.5,0.5,the impact on six flags entertainment corp's stock price is uncertain as it depends on the actual earnings results and market expectations.,1,2019-02-13,SIX,2019-02-13 18:42:00+00:00,93423.0,83001A10,0.0094831427559256,1834042.0,-0.1280726492404938,0.0003162127686664,-0.0023691863752901,0.0006328257732093,0.0180854555219411,0.0160745866596698,0.0066391341388225,0.010394662618637,0.0051693567074835,-0.024247208610177,0.0129455495625734,-0.0015823147259652,0.0001751074305502,0.0105532435700297,-0.0110275000333786,0.0154245942831039,0.0079646157100796,0.0144951585680246,-0.0217735152691602,-0.0073577626608312,0.0028720130212605,-0.0029344686772674,-0.0399140790104866,0.0088815940544009,-0.0031692425254732,0.0089611839503049,-0.0250607840716838,0.0134544102475047,-0.0153462346643209,-0.0091651268303394,-0.0212351474910974,-0.000998857547529,-0.0047771031968295,-0.0048045213334262,-0.0154000092297792,-0.0306728743016719,0.0343286320567131,0.0048410398885607,0.0098193250596523,-0.0036977417767047,-0.0042784404940903,0.0038734939880669,-0.0123047083616256,0.0177397839725017,-0.0116669991984963,0.0119681051000952,-0.0322128981351852,-0.0009963695192709,0.0086831096559762,0.0196410398930311,-0.0252100750803947,0.0217993445694446,-0.0170311462134122,0.0334346294403076,0.0357218869030475,-0.0017847309354692,0.010739373974502,0.0071903234347701,-0.0049039204604923,0.0166301131248474,0.0133469756692647,0.0107130007818341,0.00506585650146,0.0163318738341331,0.0080645475536584,0.0486220717430114,0.0009999847970902,-0.0309042148292064,0.0003996095620095,-0.0287197157740593,0.0033952863886952,-0.0286177117377519,-0.0011942947749048,-0.0303664561361074,0.0025906949304044,-0.0203453991562128,-0.001192633062601,-0.0113251889124512,0.0033830481115728,0.0069787208922207,0.0041650715284049,-0.0067624938674271,0.0005925099248997,0.0130159640684723,0.0011843934189528,-0.0232519134879112,-0.0061120144091546,0.0382076576352119,0.0047609936445951,-0.007754557300359,0.0183613076806068,0.0013804661575704,0.0153159573674202,-0.0310984887182712,-0.0160397198051214,-0.0252607427537441,0.0056278076954185,-0.0037343651056289,-0.0007719204295426,0.0008124673040583,0.0260718874633312,0.0118448780849576,-0.0007528875139541,0.0131513923406601,0.0146920094266533,0.0072860149666666,0.006682766135782,0.0095285810530185,0.0121703827753663,0.0227388944476842,0.0036436647642403,-0.0219063144177198,-0.0141586270183324,-0.0006684645195491,0.0053396630100905,0.0169952418655157,0.0098901269957423,0.0430774725973606,-0.0047152396291494,-0.0068661863915622,-0.1280726492404937,0.0003162127686664,-0.130138407640156,0.0009492386494656,-0.1144065645012871,0.0170390839280669,-0.10391864891137,0.0026941671326392,-0.1147243881143147,0.0344996825078445,-0.226118764052099,0.1562499779626558,-0.1279137065816169,0.1287509281618535,2019-02-14,2019-02-15,2019-02-19,2019-02-20,2019-02-21,2019-02-22,2019-02-25,2019-02-26,2019-02-27,2019-02-28,93423.0,2019-02-13,252.0,0.9483%,-0.0,0.9169,0.9096,0.185,1.6168%,1.9318%,29.9552%,0.006153,SIX,93423.0,2019-02-14,252.0,-12.8073%,-0.0005,0.948,0.8393,0.2609,1.8101%,2.0939%,25.2719%,-0.129904,SIX,93423.0,2019-02-15,252.0,-0.2369%,-0.0006,0.9261,0.8179,0.223,1.8107%,2.0847%,24.5547%,-0.016532,SIX,93423.0,2019-02-19,252.0,1.8085%,-0.0006,0.9235,0.8339,0.2413,1.8096%,2.0817%,24.4337%,0.013185,SIX,93423.0,2019-02-20,252.0,0.6639%,-0.0006,0.923,0.8275,0.2381,1.8081%,2.0798%,24.4283%,0.001623,SIX,93423.0,2019-02-21,252.0,0.5169%,-0.0004,0.9075,0.7982,0.2096,1.7944%,2.0600%,24.1174%,0.009611,SIX,93423.0,2019-02-22,252.0,1.2946%,-0.0005,0.9069,0.7914,0.1966,1.7944%,2.0609%,24.1863%,0.005638,SIX,93423.0,2019-02-25,252.0,0.0175%,-0.0004,0.9047,0.7885,0.1869,1.7906%,2.0573%,24.2505%,0.001126,SIX,93423.0,2019-02-26,252.0,-1.1028%,-0.0004,0.8984,0.7996,0.1879,1.7892%,2.0537%,24.1010%,-0.004017,SIX,93423.0,2019-02-27,252.0,0.7965%,-0.0004,0.9021,0.795,0.1885,1.7889%,2.0543%,24.1689%,0.005762,SIX,93423.0,2019-02-28,252.0,-2.1774%,-0.0004,0.8987,0.792,0.1903,1.7907%,2.0522%,23.8614%,-0.018765,SIX,-0.1237509999999999,-0.140283,-0.127098,-0.1158639999999999,-0.1261199999999999
23555,TANGER FACTORY OUTLET CENTERS IN,Tanger Factory Outlets Raises Quarterly Dividend From $0.35 To $0.355/Share,6,increase,0.7,0.6,"raising the quarterly dividend typically signals financial strength and can attract investors, likely leading to an increase in stock price.",2,2019-02-13,SKT,2019-02-13 22:11:00+00:00,79238.0,87546510,-0.0049261357635259,1607436.0,-0.0189018938690424,-0.004458331502974,-0.0032109953463077,0.0026821396313607,-0.0087436093017458,-0.0035634709056466,0.0,0.0017849582945927,-0.0046425429172813,-0.0140782976523041,0.0121268760412931,0.0238738171756267,-0.0069125122390687,0.0086324643343687,-0.0009280070080421,-0.0325274616479873,0.0120761832222342,-0.0052470848895609,-0.0091785565018653,0.006938480772078,-0.0361278690397739,0.0061081759631633,-0.0057664071209728,0.0079155806452035,0.0130497124046087,0.0097690634429454,-0.0066793602891266,0.0089606074616312,-0.0043227737769484,0.0085856551304459,-0.0125422207638621,-0.0089565953239798,0.0117244636639952,0.0017944821156561,0.0077258213423192,0.0017977938987314,0.002874914323911,0.0095280883833765,-0.0062112309969961,0.0105456877499818,-0.0302884224802255,-0.0090868128463625,-0.0109072541818022,-0.0031702760607004,0.0020049626473337,-0.0027100029401481,0.0010005232179537,0.0086559737101197,0.0274862181395292,0.0344015769660472,-0.0068093091249465,0.0128877582028508,0.0053869052790105,0.0249510873109102,0.0194836631417274,0.0014699014136567,0.0047778491862118,0.0093966638669371,0.0076081710867583,-0.0231884755194187,-0.009910381399095,-0.0109889889135956,-0.0300285592675209,-0.0089962370693683,-0.0117936003953218,0.063979871571064,0.0054698507301509,-0.0307616777718067,0.0024728558491915,0.0,0.0123334974050521,-0.0215002745389938,-0.0102339666336774,-0.0593258291482925,-0.0128015875816345,0.0031559825874865,0.0034913518466055,-0.0585738196969032,0.0039761392399668,0.0042625912465155,-0.0014851824380457,0.0064349900931119,-0.0143778342753648,-0.0250941198319196,-0.0487927235662937,0.0226689781993627,0.0037017290014773,-0.0402299426496028,0.001580647425726,0.0070277005434036,-0.0273540485650301,0.0350877046585083,0.0227149855345487,-0.0217663701623678,0.0079322904348373,0.0101479822769761,-0.0094438781961798,0.0089590046554803,0.0095339147374033,0.00428450666368,-0.0144280781969428,-0.0008561839349567,-0.0200760085135698,-0.0012825472513213,-0.0016610620077699,0.0068876389414072,0.0133111346513032,-0.000860234722495,0.0164203196763992,-0.0008594953687861,0.0150781199336051,-0.0148179661482572,-0.001061032176949,0.0021213893778622,-0.0116834472864866,0.0064047658815979,-0.0236432310193777,-0.0097251394763588,0.0093560852110385,-0.0158136095851659,-0.0189018938690423,-0.004458331502974,-0.0220521953221002,-0.0017881497392271,-0.0306029888437039,-0.0053452486253031,-0.0351034560718813,-0.0175978718801969,-0.0283527971706215,-0.0168371061085421,-0.0463545821086041,0.0952528960202159,-0.1587188530776281,-0.0565237123428485,2019-02-14,2019-02-15,2019-02-19,2019-02-20,2019-02-21,2019-02-22,2019-02-25,2019-02-26,2019-02-27,2019-02-28,79238.0,2019-02-13,252.0,-0.4926%,0.0001,0.5399,0.4094,0.2711,1.6590%,1.7519%,10.3176%,-0.0069889999999999,SKT,79238.0,2019-02-14,252.0,-1.8902%,0.0,0.5438,0.3991,0.2832,1.6626%,1.7553%,10.2851%,-0.018424,SKT,79238.0,2019-02-15,252.0,-0.3211%,0.0003,0.6038,0.4517,0.379,1.5812%,1.6973%,13.2162%,-0.011813,SKT,79238.0,2019-02-19,252.0,-0.8744%,0.0003,0.6008,0.4445,0.3711,1.5832%,1.6979%,13.0574%,-0.012438,SKT,79238.0,2019-02-20,252.0,0.0000%,0.0001,0.5972,0.4254,0.3553,1.5754%,1.6890%,12.9968%,-0.00426,SKT,79238.0,2019-02-21,252.0,-0.4643%,0.0001,0.5992,0.4292,0.359,1.5752%,1.6892%,13.0489%,-0.001418,SKT,79238.0,2019-02-22,252.0,1.2127%,0.0003,0.5961,0.4698,0.3596,1.5665%,1.6826%,13.3243%,0.011049,SKT,79238.0,2019-02-25,252.0,-0.6913%,0.0002,0.5987,0.4754,0.3721,1.5609%,1.6782%,13.4871%,-0.006038,SKT,79238.0,2019-02-26,252.0,-0.0928%,0.0002,0.5973,0.4712,0.3689,1.5611%,1.6775%,13.3918%,0.004201,SKT,79238.0,2019-02-27,252.0,1.2076%,0.0001,0.5888,0.4895,0.3675,1.5576%,1.6724%,13.2595%,0.010986,SKT,79238.0,2019-02-28,252.0,-0.9179%,0.0002,0.5733,0.4786,0.3578,1.5454%,1.6547%,12.7743%,-0.006632,SKT,-0.0254129999999999,-0.0372259999999999,-0.0496639999999999,-0.0553419999999999,-0.041776
23563,TANGER FACTORY OUTLET CENTERS IN,"Tanger Factory Outlet Q4 EPS $0.21 Misses $0.26 Estimate, Sales $127.2M Beat $122.28M Estimate, AFFO $0.64 Down From $0.66 YoY",6,decrease,0.7,0.5,"the miss on eps estimates typically signals weaker profitability, which can lead to a decrease in stock price despite the sales beat.",0,2019-02-13,SKT,2019-02-13 22:09:00+00:00,79238.0,87546510,-0.0049261357635259,1607436.0,-0.0189018938690424,-0.004458331502974,-0.0032109953463077,0.0026821396313607,-0.0087436093017458,-0.0035634709056466,0.0,0.0017849582945927,-0.0046425429172813,-0.0140782976523041,0.0121268760412931,0.0238738171756267,-0.0069125122390687,0.0086324643343687,-0.0009280070080421,-0.0325274616479873,0.0120761832222342,-0.0052470848895609,-0.0091785565018653,0.006938480772078,-0.0361278690397739,0.0061081759631633,-0.0057664071209728,0.0079155806452035,0.0130497124046087,0.0097690634429454,-0.0066793602891266,0.0089606074616312,-0.0043227737769484,0.0085856551304459,-0.0125422207638621,-0.0089565953239798,0.0117244636639952,0.0017944821156561,0.0077258213423192,0.0017977938987314,0.002874914323911,0.0095280883833765,-0.0062112309969961,0.0105456877499818,-0.0302884224802255,-0.0090868128463625,-0.0109072541818022,-0.0031702760607004,0.0020049626473337,-0.0027100029401481,0.0010005232179537,0.0086559737101197,0.0274862181395292,0.0344015769660472,-0.0068093091249465,0.0128877582028508,0.0053869052790105,0.0249510873109102,0.0194836631417274,0.0014699014136567,0.0047778491862118,0.0093966638669371,0.0076081710867583,-0.0231884755194187,-0.009910381399095,-0.0109889889135956,-0.0300285592675209,-0.0089962370693683,-0.0117936003953218,0.063979871571064,0.0054698507301509,-0.0307616777718067,0.0024728558491915,0.0,0.0123334974050521,-0.0215002745389938,-0.0102339666336774,-0.0593258291482925,-0.0128015875816345,0.0031559825874865,0.0034913518466055,-0.0585738196969032,0.0039761392399668,0.0042625912465155,-0.0014851824380457,0.0064349900931119,-0.0143778342753648,-0.0250941198319196,-0.0487927235662937,0.0226689781993627,0.0037017290014773,-0.0402299426496028,0.001580647425726,0.0070277005434036,-0.0273540485650301,0.0350877046585083,0.0227149855345487,-0.0217663701623678,0.0079322904348373,0.0101479822769761,-0.0094438781961798,0.0089590046554803,0.0095339147374033,0.00428450666368,-0.0144280781969428,-0.0008561839349567,-0.0200760085135698,-0.0012825472513213,-0.0016610620077699,0.0068876389414072,0.0133111346513032,-0.000860234722495,0.0164203196763992,-0.0008594953687861,0.0150781199336051,-0.0148179661482572,-0.001061032176949,0.0021213893778622,-0.0116834472864866,0.0064047658815979,-0.0236432310193777,-0.0097251394763588,0.0093560852110385,-0.0158136095851659,-0.0189018938690423,-0.004458331502974,-0.0220521953221002,-0.0017881497392271,-0.0306029888437039,-0.0053452486253031,-0.0351034560718813,-0.0175978718801969,-0.0283527971706215,-0.0168371061085421,-0.0463545821086041,0.0952528960202159,-0.1587188530776281,-0.0565237123428485,2019-02-14,2019-02-15,2019-02-19,2019-02-20,2019-02-21,2019-02-22,2019-02-25,2019-02-26,2019-02-27,2019-02-28,79238.0,2019-02-13,252.0,-0.4926%,0.0001,0.5399,0.4094,0.2711,1.6590%,1.7519%,10.3176%,-0.0069889999999999,SKT,79238.0,2019-02-14,252.0,-1.8902%,0.0,0.5438,0.3991,0.2832,1.6626%,1.7553%,10.2851%,-0.018424,SKT,79238.0,2019-02-15,252.0,-0.3211%,0.0003,0.6038,0.4517,0.379,1.5812%,1.6973%,13.2162%,-0.011813,SKT,79238.0,2019-02-19,252.0,-0.8744%,0.0003,0.6008,0.4445,0.3711,1.5832%,1.6979%,13.0574%,-0.012438,SKT,79238.0,2019-02-20,252.0,0.0000%,0.0001,0.5972,0.4254,0.3553,1.5754%,1.6890%,12.9968%,-0.00426,SKT,79238.0,2019-02-21,252.0,-0.4643%,0.0001,0.5992,0.4292,0.359,1.5752%,1.6892%,13.0489%,-0.001418,SKT,79238.0,2019-02-22,252.0,1.2127%,0.0003,0.5961,0.4698,0.3596,1.5665%,1.6826%,13.3243%,0.011049,SKT,79238.0,2019-02-25,252.0,-0.6913%,0.0002,0.5987,0.4754,0.3721,1.5609%,1.6782%,13.4871%,-0.006038,SKT,79238.0,2019-02-26,252.0,-0.0928%,0.0002,0.5973,0.4712,0.3689,1.5611%,1.6775%,13.3918%,0.004201,SKT,79238.0,2019-02-27,252.0,1.2076%,0.0001,0.5888,0.4895,0.3675,1.5576%,1.6724%,13.2595%,0.010986,SKT,79238.0,2019-02-28,252.0,-0.9179%,0.0002,0.5733,0.4786,0.3578,1.5454%,1.6547%,12.7743%,-0.006632,SKT,-0.0254129999999999,-0.0372259999999999,-0.0496639999999999,-0.0553419999999999,-0.041776
23571,SUNPOWER CORP,"SunPower Sees FY19 Adj. Sales $1.8B-$1.9B, Gigawatts Deployed 1.9-2.1GW",6,increase,0.7,0.6,"the projected sales and deployment figures suggest strong performance expectations, which could positively influence investor sentiment and drive the stock price up.",2,2019-02-13,SPWR,2019-02-13 21:08:00+00:00,90978.0,86765240,0.024137906730175,3072041.0,0.0589225441217422,-0.001721127773635,-0.0588235110044479,0.0175131186842918,0.0574324578046798,-0.0305602438747882,-0.0111821359023451,0.026132421568036,0.0500807650387287,-0.0204778779298067,0.0061538401059806,0.0427046716213226,-0.0321100987493991,0.0017824869137257,0.0189573280513286,-0.0344233736395835,-0.0015503491740673,0.0301418583840131,0.0015527565265074,0.0329670011997222,0.0031007723882794,-0.0179855953902006,-0.0061823744326829,0.0090743582695722,-0.0093312514945864,0.0036430708132684,-0.014128677546978,0.0578034110367298,-0.0238853655755519,-0.0057470756582915,0.0032626395113766,-0.0386740416288375,0.0585366077721118,-0.0109289521351456,-0.0184332355856895,0.0129150729626417,0.021909287199378,-0.0109488945454359,-0.0153139932081103,-0.003636360168457,-0.0139968395233154,0.0054844990372657,0.0157728549093008,0.009225039742887,0.0326087027788162,0.0149812586605548,0.0090225478634238,0.0229885764420032,-0.0312965773046016,-0.0474452972412109,-0.0553846359252929,0.0300751589238643,0.0,0.0555555969476699,0.0130293034017086,-0.0059172008186578,0.0048231850378215,0.0201208014041185,0.0304000098258256,-0.0177865922451019,0.0108695914968848,0.0242914743721485,0.0399385169148445,-0.0020201520528644,0.0192023795098066,0.076086938381195,0.0492753162980079,-0.092702217400074,0.0082873506471514,-0.059369146823883,0.0136986169964075,-0.0477031767368316,0.0297297015786171,-0.0357751362025737,-0.0196850523352623,0.0138169126585125,0.0441767610609531,-0.0523731857538223,-0.0102564617991447,-0.0316956900060176,-0.0168393310159444,-0.0156006095930934,-0.0158103238791227,0.0174602624028921,0.0147255873307585,-0.0483383238315582,-0.0092347878962755,0.0122324042022228,-0.0106525160372257,-0.0267856903374195,0.0067295008338987,0.0090090008452534,0.0080213826149702,-0.0458452962338924,0.0039788074791431,0.0189781188964843,-0.0118890553712844,-0.0115440003573894,0.0187165588140487,-0.0519835986196994,0.0039370353333652,0.0209497343748807,-0.0562091879546642,0.0156027879565954,-0.0069251684471964,0.1633663773536682,0.0041840630583465,0.0,0.0472222454845905,0.0116861723363399,0.0026525172870606,-0.056692935526371,0.0291005652397871,-0.0245776213705539,-0.0257069766521453,0.0366242043673992,-0.026385199278593,0.0328947827219963,0.1111110672354698,-0.0097719775512814,0.0589225441217422,-0.001721127773635,-0.003366997805261,0.0157618485956863,0.0538720850400396,-0.0152800812161036,0.0942760856103686,-0.0102388990730111,0.0858585438163948,0.062271090777028,0.0841750860391856,0.1462451077108395,0.3804713429371069,-0.055374541749064,2019-02-14,2019-02-15,2019-02-19,2019-02-20,2019-02-21,2019-02-22,2019-02-25,2019-02-26,2019-02-27,2019-02-28,90978.0,2019-02-13,252.0,2.4138%,-0.0003,1.5548,0.724,0.4341,3.0424%,3.4421%,21.8744%,0.018967,SPWR,90978.0,2019-02-14,252.0,5.8923%,-0.0003,1.536,0.7548,0.4079,3.0374%,3.4329%,21.7144%,0.060841,SPWR,90978.0,2019-02-15,252.0,-5.8824%,-0.0006,1.4941,0.7086,0.3286,3.0772%,3.4517%,20.5231%,-0.0801249999999999,SPWR,90978.0,2019-02-19,252.0,5.7432%,-0.0003,1.5131,0.7287,0.3497,3.0899%,3.4700%,20.7066%,0.051453,SPWR,90978.0,2019-02-20,252.0,-1.1182%,-0.0005,1.5054,0.6983,0.3188,3.0858%,3.4641%,20.6473%,-0.017684,SPWR,90978.0,2019-02-21,252.0,5.0081%,-0.0002,1.4898,0.679,0.2897,3.1064%,3.4763%,20.1479%,0.056773,SPWR,90978.0,2019-02-22,252.0,0.6154%,-0.0002,1.4893,0.7012,0.3044,3.1046%,3.4748%,20.1696%,-0.003106,SPWR,90978.0,2019-02-25,252.0,-3.2110%,-0.0002,1.4858,0.7134,0.2976,3.1047%,3.4746%,20.1592%,-0.032073,SPWR,90978.0,2019-02-26,252.0,1.8957%,-0.0,1.4887,0.6731,0.2794,3.1080%,3.4765%,20.0747%,0.026782,SPWR,90978.0,2019-02-27,252.0,-0.1550%,-0.0002,1.467,0.7104,0.2758,3.0929%,3.4548%,19.8557%,-0.003934,SPWR,90978.0,2019-02-28,252.0,0.1553%,-0.0001,1.4529,0.7009,0.2639,3.0895%,3.4439%,19.5239%,0.006548,SPWR,0.079808,-0.0003169999999999,0.051136,0.090225,0.084442
23579,SUNPOWER CORP,"SunPower Sees Q1 Adj. Sales $350M-$390M, Adj. EBITDA Loss $20M-$40M, Megawatts Deployed 360-400MW",6,decrease,0.7,0.6,"the projected adjusted ebitda loss and lower-than-expected sales range may lead investors to view the company's financial outlook negatively, likely resulting in a decrease in stock price.",0,2019-02-13,SPWR,2019-02-13 21:08:00+00:00,90978.0,86765240,0.024137906730175,3072041.0,0.0589225441217422,-0.001721127773635,-0.0588235110044479,0.0175131186842918,0.0574324578046798,-0.0305602438747882,-0.0111821359023451,0.026132421568036,0.0500807650387287,-0.0204778779298067,0.0061538401059806,0.0427046716213226,-0.0321100987493991,0.0017824869137257,0.0189573280513286,-0.0344233736395835,-0.0015503491740673,0.0301418583840131,0.0015527565265074,0.0329670011997222,0.0031007723882794,-0.0179855953902006,-0.0061823744326829,0.0090743582695722,-0.0093312514945864,0.0036430708132684,-0.014128677546978,0.0578034110367298,-0.0238853655755519,-0.0057470756582915,0.0032626395113766,-0.0386740416288375,0.0585366077721118,-0.0109289521351456,-0.0184332355856895,0.0129150729626417,0.021909287199378,-0.0109488945454359,-0.0153139932081103,-0.003636360168457,-0.0139968395233154,0.0054844990372657,0.0157728549093008,0.009225039742887,0.0326087027788162,0.0149812586605548,0.0090225478634238,0.0229885764420032,-0.0312965773046016,-0.0474452972412109,-0.0553846359252929,0.0300751589238643,0.0,0.0555555969476699,0.0130293034017086,-0.0059172008186578,0.0048231850378215,0.0201208014041185,0.0304000098258256,-0.0177865922451019,0.0108695914968848,0.0242914743721485,0.0399385169148445,-0.0020201520528644,0.0192023795098066,0.076086938381195,0.0492753162980079,-0.092702217400074,0.0082873506471514,-0.059369146823883,0.0136986169964075,-0.0477031767368316,0.0297297015786171,-0.0357751362025737,-0.0196850523352623,0.0138169126585125,0.0441767610609531,-0.0523731857538223,-0.0102564617991447,-0.0316956900060176,-0.0168393310159444,-0.0156006095930934,-0.0158103238791227,0.0174602624028921,0.0147255873307585,-0.0483383238315582,-0.0092347878962755,0.0122324042022228,-0.0106525160372257,-0.0267856903374195,0.0067295008338987,0.0090090008452534,0.0080213826149702,-0.0458452962338924,0.0039788074791431,0.0189781188964843,-0.0118890553712844,-0.0115440003573894,0.0187165588140487,-0.0519835986196994,0.0039370353333652,0.0209497343748807,-0.0562091879546642,0.0156027879565954,-0.0069251684471964,0.1633663773536682,0.0041840630583465,0.0,0.0472222454845905,0.0116861723363399,0.0026525172870606,-0.056692935526371,0.0291005652397871,-0.0245776213705539,-0.0257069766521453,0.0366242043673992,-0.026385199278593,0.0328947827219963,0.1111110672354698,-0.0097719775512814,0.0589225441217422,-0.001721127773635,-0.003366997805261,0.0157618485956863,0.0538720850400396,-0.0152800812161036,0.0942760856103686,-0.0102388990730111,0.0858585438163948,0.062271090777028,0.0841750860391856,0.1462451077108395,0.3804713429371069,-0.055374541749064,2019-02-14,2019-02-15,2019-02-19,2019-02-20,2019-02-21,2019-02-22,2019-02-25,2019-02-26,2019-02-27,2019-02-28,90978.0,2019-02-13,252.0,2.4138%,-0.0003,1.5548,0.724,0.4341,3.0424%,3.4421%,21.8744%,0.018967,SPWR,90978.0,2019-02-14,252.0,5.8923%,-0.0003,1.536,0.7548,0.4079,3.0374%,3.4329%,21.7144%,0.060841,SPWR,90978.0,2019-02-15,252.0,-5.8824%,-0.0006,1.4941,0.7086,0.3286,3.0772%,3.4517%,20.5231%,-0.0801249999999999,SPWR,90978.0,2019-02-19,252.0,5.7432%,-0.0003,1.5131,0.7287,0.3497,3.0899%,3.4700%,20.7066%,0.051453,SPWR,90978.0,2019-02-20,252.0,-1.1182%,-0.0005,1.5054,0.6983,0.3188,3.0858%,3.4641%,20.6473%,-0.017684,SPWR,90978.0,2019-02-21,252.0,5.0081%,-0.0002,1.4898,0.679,0.2897,3.1064%,3.4763%,20.1479%,0.056773,SPWR,90978.0,2019-02-22,252.0,0.6154%,-0.0002,1.4893,0.7012,0.3044,3.1046%,3.4748%,20.1696%,-0.003106,SPWR,90978.0,2019-02-25,252.0,-3.2110%,-0.0002,1.4858,0.7134,0.2976,3.1047%,3.4746%,20.1592%,-0.032073,SPWR,90978.0,2019-02-26,252.0,1.8957%,-0.0,1.4887,0.6731,0.2794,3.1080%,3.4765%,20.0747%,0.026782,SPWR,90978.0,2019-02-27,252.0,-0.1550%,-0.0002,1.467,0.7104,0.2758,3.0929%,3.4548%,19.8557%,-0.003934,SPWR,90978.0,2019-02-28,252.0,0.1553%,-0.0001,1.4529,0.7009,0.2639,3.0895%,3.4439%,19.5239%,0.006548,SPWR,0.079808,-0.0003169999999999,0.051136,0.090225,0.084442
23587,SUNPOWER CORP,"SunPower Q4 EPS $(0.21) Beats $(0.32) Estimate, Sales $456.8M Down From $651.1M YoY",6,decrease,0.7,0.6,"despite beating eps estimates, the significant decline in sales year-over-year suggests underlying business challenges that may negatively impact investor sentiment.",0,2019-02-13,SPWR,2019-02-13 21:07:00+00:00,90978.0,86765240,0.024137906730175,3072041.0,0.0589225441217422,-0.001721127773635,-0.0588235110044479,0.0175131186842918,0.0574324578046798,-0.0305602438747882,-0.0111821359023451,0.026132421568036,0.0500807650387287,-0.0204778779298067,0.0061538401059806,0.0427046716213226,-0.0321100987493991,0.0017824869137257,0.0189573280513286,-0.0344233736395835,-0.0015503491740673,0.0301418583840131,0.0015527565265074,0.0329670011997222,0.0031007723882794,-0.0179855953902006,-0.0061823744326829,0.0090743582695722,-0.0093312514945864,0.0036430708132684,-0.014128677546978,0.0578034110367298,-0.0238853655755519,-0.0057470756582915,0.0032626395113766,-0.0386740416288375,0.0585366077721118,-0.0109289521351456,-0.0184332355856895,0.0129150729626417,0.021909287199378,-0.0109488945454359,-0.0153139932081103,-0.003636360168457,-0.0139968395233154,0.0054844990372657,0.0157728549093008,0.009225039742887,0.0326087027788162,0.0149812586605548,0.0090225478634238,0.0229885764420032,-0.0312965773046016,-0.0474452972412109,-0.0553846359252929,0.0300751589238643,0.0,0.0555555969476699,0.0130293034017086,-0.0059172008186578,0.0048231850378215,0.0201208014041185,0.0304000098258256,-0.0177865922451019,0.0108695914968848,0.0242914743721485,0.0399385169148445,-0.0020201520528644,0.0192023795098066,0.076086938381195,0.0492753162980079,-0.092702217400074,0.0082873506471514,-0.059369146823883,0.0136986169964075,-0.0477031767368316,0.0297297015786171,-0.0357751362025737,-0.0196850523352623,0.0138169126585125,0.0441767610609531,-0.0523731857538223,-0.0102564617991447,-0.0316956900060176,-0.0168393310159444,-0.0156006095930934,-0.0158103238791227,0.0174602624028921,0.0147255873307585,-0.0483383238315582,-0.0092347878962755,0.0122324042022228,-0.0106525160372257,-0.0267856903374195,0.0067295008338987,0.0090090008452534,0.0080213826149702,-0.0458452962338924,0.0039788074791431,0.0189781188964843,-0.0118890553712844,-0.0115440003573894,0.0187165588140487,-0.0519835986196994,0.0039370353333652,0.0209497343748807,-0.0562091879546642,0.0156027879565954,-0.0069251684471964,0.1633663773536682,0.0041840630583465,0.0,0.0472222454845905,0.0116861723363399,0.0026525172870606,-0.056692935526371,0.0291005652397871,-0.0245776213705539,-0.0257069766521453,0.0366242043673992,-0.026385199278593,0.0328947827219963,0.1111110672354698,-0.0097719775512814,0.0589225441217422,-0.001721127773635,-0.003366997805261,0.0157618485956863,0.0538720850400396,-0.0152800812161036,0.0942760856103686,-0.0102388990730111,0.0858585438163948,0.062271090777028,0.0841750860391856,0.1462451077108395,0.3804713429371069,-0.055374541749064,2019-02-14,2019-02-15,2019-02-19,2019-02-20,2019-02-21,2019-02-22,2019-02-25,2019-02-26,2019-02-27,2019-02-28,90978.0,2019-02-13,252.0,2.4138%,-0.0003,1.5548,0.724,0.4341,3.0424%,3.4421%,21.8744%,0.018967,SPWR,90978.0,2019-02-14,252.0,5.8923%,-0.0003,1.536,0.7548,0.4079,3.0374%,3.4329%,21.7144%,0.060841,SPWR,90978.0,2019-02-15,252.0,-5.8824%,-0.0006,1.4941,0.7086,0.3286,3.0772%,3.4517%,20.5231%,-0.0801249999999999,SPWR,90978.0,2019-02-19,252.0,5.7432%,-0.0003,1.5131,0.7287,0.3497,3.0899%,3.4700%,20.7066%,0.051453,SPWR,90978.0,2019-02-20,252.0,-1.1182%,-0.0005,1.5054,0.6983,0.3188,3.0858%,3.4641%,20.6473%,-0.017684,SPWR,90978.0,2019-02-21,252.0,5.0081%,-0.0002,1.4898,0.679,0.2897,3.1064%,3.4763%,20.1479%,0.056773,SPWR,90978.0,2019-02-22,252.0,0.6154%,-0.0002,1.4893,0.7012,0.3044,3.1046%,3.4748%,20.1696%,-0.003106,SPWR,90978.0,2019-02-25,252.0,-3.2110%,-0.0002,1.4858,0.7134,0.2976,3.1047%,3.4746%,20.1592%,-0.032073,SPWR,90978.0,2019-02-26,252.0,1.8957%,-0.0,1.4887,0.6731,0.2794,3.1080%,3.4765%,20.0747%,0.026782,SPWR,90978.0,2019-02-27,252.0,-0.1550%,-0.0002,1.467,0.7104,0.2758,3.0929%,3.4548%,19.8557%,-0.003934,SPWR,90978.0,2019-02-28,252.0,0.1553%,-0.0001,1.4529,0.7009,0.2639,3.0895%,3.4439%,19.5239%,0.006548,SPWR,0.079808,-0.0003169999999999,0.051136,0.090225,0.084442
23595,SUNPOWER CORP,SunPower Q4 Earnings Preview,6,uncertain,0.5,0.5,the impact on sunpower corp's stock price is uncertain as it depends on the actual earnings results and market expectations.,1,2019-02-13,SPWR,2019-02-13 13:23:00+00:00,90978.0,86765240,0.024137906730175,3072041.0,0.0589225441217422,-0.001721127773635,-0.0588235110044479,0.0175131186842918,0.0574324578046798,-0.0305602438747882,-0.0111821359023451,0.026132421568036,0.0500807650387287,-0.0204778779298067,0.0061538401059806,0.0427046716213226,-0.0321100987493991,0.0017824869137257,0.0189573280513286,-0.0344233736395835,-0.0015503491740673,0.0301418583840131,0.0015527565265074,0.0329670011997222,0.0031007723882794,-0.0179855953902006,-0.0061823744326829,0.0090743582695722,-0.0093312514945864,0.0036430708132684,-0.014128677546978,0.0578034110367298,-0.0238853655755519,-0.0057470756582915,0.0032626395113766,-0.0386740416288375,0.0585366077721118,-0.0109289521351456,-0.0184332355856895,0.0129150729626417,0.021909287199378,-0.0109488945454359,-0.0153139932081103,-0.003636360168457,-0.0139968395233154,0.0054844990372657,0.0157728549093008,0.009225039742887,0.0326087027788162,0.0149812586605548,0.0090225478634238,0.0229885764420032,-0.0312965773046016,-0.0474452972412109,-0.0553846359252929,0.0300751589238643,0.0,0.0555555969476699,0.0130293034017086,-0.0059172008186578,0.0048231850378215,0.0201208014041185,0.0304000098258256,-0.0177865922451019,0.0108695914968848,0.0242914743721485,0.0399385169148445,-0.0020201520528644,0.0192023795098066,0.076086938381195,0.0492753162980079,-0.092702217400074,0.0082873506471514,-0.059369146823883,0.0136986169964075,-0.0477031767368316,0.0297297015786171,-0.0357751362025737,-0.0196850523352623,0.0138169126585125,0.0441767610609531,-0.0523731857538223,-0.0102564617991447,-0.0316956900060176,-0.0168393310159444,-0.0156006095930934,-0.0158103238791227,0.0174602624028921,0.0147255873307585,-0.0483383238315582,-0.0092347878962755,0.0122324042022228,-0.0106525160372257,-0.0267856903374195,0.0067295008338987,0.0090090008452534,0.0080213826149702,-0.0458452962338924,0.0039788074791431,0.0189781188964843,-0.0118890553712844,-0.0115440003573894,0.0187165588140487,-0.0519835986196994,0.0039370353333652,0.0209497343748807,-0.0562091879546642,0.0156027879565954,-0.0069251684471964,0.1633663773536682,0.0041840630583465,0.0,0.0472222454845905,0.0116861723363399,0.0026525172870606,-0.056692935526371,0.0291005652397871,-0.0245776213705539,-0.0257069766521453,0.0366242043673992,-0.026385199278593,0.0328947827219963,0.1111110672354698,-0.0097719775512814,0.0589225441217422,-0.001721127773635,-0.003366997805261,0.0157618485956863,0.0538720850400396,-0.0152800812161036,0.0942760856103686,-0.0102388990730111,0.0858585438163948,0.062271090777028,0.0841750860391856,0.1462451077108395,0.3804713429371069,-0.055374541749064,2019-02-14,2019-02-15,2019-02-19,2019-02-20,2019-02-21,2019-02-22,2019-02-25,2019-02-26,2019-02-27,2019-02-28,90978.0,2019-02-13,252.0,2.4138%,-0.0003,1.5548,0.724,0.4341,3.0424%,3.4421%,21.8744%,0.018967,SPWR,90978.0,2019-02-14,252.0,5.8923%,-0.0003,1.536,0.7548,0.4079,3.0374%,3.4329%,21.7144%,0.060841,SPWR,90978.0,2019-02-15,252.0,-5.8824%,-0.0006,1.4941,0.7086,0.3286,3.0772%,3.4517%,20.5231%,-0.0801249999999999,SPWR,90978.0,2019-02-19,252.0,5.7432%,-0.0003,1.5131,0.7287,0.3497,3.0899%,3.4700%,20.7066%,0.051453,SPWR,90978.0,2019-02-20,252.0,-1.1182%,-0.0005,1.5054,0.6983,0.3188,3.0858%,3.4641%,20.6473%,-0.017684,SPWR,90978.0,2019-02-21,252.0,5.0081%,-0.0002,1.4898,0.679,0.2897,3.1064%,3.4763%,20.1479%,0.056773,SPWR,90978.0,2019-02-22,252.0,0.6154%,-0.0002,1.4893,0.7012,0.3044,3.1046%,3.4748%,20.1696%,-0.003106,SPWR,90978.0,2019-02-25,252.0,-3.2110%,-0.0002,1.4858,0.7134,0.2976,3.1047%,3.4746%,20.1592%,-0.032073,SPWR,90978.0,2019-02-26,252.0,1.8957%,-0.0,1.4887,0.6731,0.2794,3.1080%,3.4765%,20.0747%,0.026782,SPWR,90978.0,2019-02-27,252.0,-0.1550%,-0.0002,1.467,0.7104,0.2758,3.0929%,3.4548%,19.8557%,-0.003934,SPWR,90978.0,2019-02-28,252.0,0.1553%,-0.0001,1.4529,0.7009,0.2639,3.0895%,3.4439%,19.5239%,0.006548,SPWR,0.079808,-0.0003169999999999,0.051136,0.090225,0.084442
23603,SUNLINK HEALTH SYSTEMS INC,"SunLink Health Systems Q2 EPS $(0.01), Same YoY, Sales $14.22M Up From $13.878M YoY",6,uncertain,0.6,0.3,"while sales increased year-over-year, the unchanged eps may not provide a clear positive signal to investors, leading to uncertainty in stock price movement.",1,2019-02-13,SSY,2019-02-13 23:06:00+00:00,74908.0,86737U10,0.0245901402086019,1057.0,-0.0239999778568744,0.0166666507720947,0.0245901402086019,-0.0163934268057346,0.019200038164854,-0.0226707756519317,-0.0188383422791957,0.0148779973387718,0.0319999679923057,0.0165289100259542,-0.0038759654853492,0.008753708563745,-0.0194552354514598,-0.0480158925056457,0.0,0.0229764133691787,-0.0079365000128746,0.0179338064044714,-0.0110400198027491,-0.0081967134028673,0.1810387223958969,0.0082644550129771,0.0136986169964075,0.0083333253860473,0.0,-0.0082644550129771,0.0,0.0041493736207485,-0.020270250737667,-0.0203251838684082,0.0275861788541078,0.0336134098470211,0.0335570164024829,0.008474669419229,-0.0259740017354488,-0.0247934628278017,0.0399999618530273,0.0289991125464439,-0.00833326485008,0.0231445264071226,0.0148674864321947,-0.0226209741085767,-0.0382165983319282,-0.0126784238964319,0.019867530092597,0.0059121362864971,0.0064935004338622,0.007659628521651,0.0064516067504882,-0.0078527349978685,-0.0128205008804798,0.0480530522763729,-6.494584522442892e-05,0.0272727012634277,-0.0064289723522961,-0.0517240911722183,0.00653594173491,0.0175438430160284,0.0194805786013603,0.0178571250289678,0.0127388406544923,-0.0088495491072535,-0.0188679806888103,-0.030042890459299,0.0256410781294107,0.0990566238760948,-0.025000050663948,0.0192307513207197,0.0192308276891708,-0.0153380660340189,-0.0188679806888103,-0.008169793523848,0.0192308276891708,-0.0139814829453826,0.0,-0.0018484049942344,-0.0188679806888103,-0.0163636412471532,0.0148077048361301,0.0634184405207634,0.0043585826642811,0.0555101707577705,-0.012578603811562,0.0,0.0,0.0,0.0318471007049083,-0.0925926119089126,0.0,0.0485437586903572,0.0185185000300407,-0.0283018611371517,-0.0181818008422851,-0.0275230184197425,-0.0061728334985673,0.0186915695667266,0.0248446967452764,-0.0614034496247768,-0.0241817850619554,-0.008695644326508,0.0372026115655899,-0.0086206812411546,-0.0089820278808474,0.0174545776098966,-0.0115407556295394,8.773385343374684e-05,0.0208447556942701,-0.0112749449908733,-0.0204191245138645,-0.0391667075455188,-0.0097194304689764,0.0,0.0246913339942693,0.0909091085195541,-0.0301807038486003,0.02803735435009,-0.0193179920315742,0.0190477147698402,0.0070940400473773,-0.0789473950862884,-0.0239999778568744,0.0166666507720947,-4.687763510702324e-10,4.4683101663167685e-10,0.0192000376870771,-0.0226707752152307,0.0319999664713015,0.0082644551609747,-0.011040022935864,2.444193514250514e-09,0.2560000395643684,0.0892857329172209,0.2720000211790891,0.0701754687581535,2019-02-14,2019-02-15,2019-02-19,2019-02-20,2019-02-21,2019-02-22,2019-02-25,2019-02-26,2019-02-27,2019-02-28,74908.0,2019-02-13,252.0,2.4590%,-0.0001,0.0923,0.1646,-0.2286,3.6286%,3.6363%,0.4236%,0.024321,SSY,74908.0,2019-02-14,252.0,-2.4000%,-0.0002,0.098,0.1503,-0.2123,3.6321%,3.6392%,0.3932%,-0.026088,SSY,74908.0,2019-02-15,252.0,2.4590%,-0.0001,0.123,0.1753,-0.1683,3.6346%,3.6420%,0.4083%,0.0240249999999999,SSY,74908.0,2019-02-19,252.0,1.9200%,-0.0001,0.1222,0.1934,-0.1479,3.6353%,3.6424%,0.3903%,0.018863,SSY,74908.0,2019-02-20,252.0,-1.8838%,-0.0001,0.1171,0.1822,-0.1662,3.6372%,3.6444%,0.3936%,-0.018783,SSY,74908.0,2019-02-21,252.0,3.2000%,-0.0,0.1125,0.1799,-0.1748,3.6425%,3.6497%,0.3920%,0.032078,SSY,74908.0,2019-02-22,252.0,-0.3876%,-0.0001,0.1143,0.1603,-0.1703,3.6419%,3.6488%,0.3746%,-0.008267,SSY,74908.0,2019-02-25,252.0,-1.9455%,-0.0001,0.112,0.1676,-0.1753,3.6416%,3.6486%,0.3838%,-0.019617,SSY,74908.0,2019-02-26,252.0,0.0000%,-0.0001,0.1126,0.166,-0.1756,3.6416%,3.6486%,0.3841%,0.0005729999999999,SSY,74908.0,2019-02-27,252.0,-0.7937%,-0.0001,0.1218,0.1472,-0.1741,3.6396%,3.6467%,0.3886%,-0.008664,SSY,74908.0,2019-02-28,252.0,-1.1040%,-0.0002,0.1439,0.162,-0.1554,3.6327%,3.6407%,0.4363%,-0.011227,SSY,-0.0017669999999999,0.022258,0.041121,0.054416,0.007214
23611,STAG INDUSTRIAL INC,"Stag Industrial Q4 EPS $0.40 vs $0.06 In Same Qtr. Last Year, Core FF $0.46 vs $0.44 In Same Qtr. Last Year",6,increase,0.8,0.7,"the significant increase in eps from $0.06 to $0.40 and a slight improvement in core ff indicates strong financial performance, which is likely to positively influence investor sentiment and drive the stock price up.",2,2019-02-13,STAG,2019-02-13 22:19:00+00:00,12681.0,85254J10,-0.0074048303067684,562646.0,0.009236242622137,-0.0028129369020462,0.0116156255826354,0.00851062964648,0.0034794844686985,0.0032017128542065,-0.0166435353457927,0.012243433855474,0.002468254417181,-0.003945434000343,-0.0049243541434407,0.0025170692242681,-0.0070696626789867,0.0134839257225394,-0.0014240269083529,-0.0047152396291494,-0.0089423153549432,0.0036403487902134,0.0,0.00178523582872,-0.0025288907345384,0.0062111825682222,0.0021731061860919,0.0092182885855436,0.0032526256982237,0.0191657356917858,-0.0072046383284032,-0.0041167181916534,0.0025399019941687,-0.0111029287800192,0.007238536607474,0.0011115482775494,0.0147322975099086,0.0018559478921815,0.0014164630556479,0.0063503948040306,0.0028288515750318,0.0205871500074863,0.0028208717703819,0.0084582585841417,0.0028129369020462,-0.0121534252539277,0.0017531289486214,0.0088122431188821,-0.0035001884680241,0.0211267974227666,0.002107529900968,-0.000781878712587,0.0140203153714537,0.0293762385845184,-0.0044936421327292,0.0213728100061416,0.0027777752839028,0.0099626304581761,0.0159280132502317,-0.005777935963124,0.0006816788809373,-0.0261253882199525,0.0132549572736024,0.008512326516211,0.0006750070024281,0.0109434183686971,0.0016863793134689,0.0119686722755432,-0.005050556268543,0.0412547960877418,0.003045690478757,-0.0439605452120304,-0.0040485472418367,-0.0189439468085765,-0.0010162834078073,-0.025912832468748,-0.0054255630820989,-0.0066302684135735,-0.0051142047159373,0.0142404548823833,0.0147361308336257,-0.0250674746930599,-0.0057413061149418,-0.0110602220520377,0.001698343665339,-0.0019033552380278,-0.0071210269816219,-0.0164731796830892,-0.0177595783025026,0.0030041278805583,-0.0142559055238962,-0.004486012738198,0.0172839425504207,-0.0103588858619332,-0.0128294322639703,0.0289303474128246,0.0158061385154724,-0.0153673104941844,0.0031120383646339,-0.0041060321964323,-0.0017235830891877,0.0079007148742675,0.0058701685629785,-0.0089705865830183,-0.0127302706241607,0.0082335788756608,0.0048883133567869,0.0105899684131145,0.0232800580561161,-0.0097378361970186,-0.0084889642894268,-0.0041028982959687,0.0154109196737408,0.0128447357565164,-0.0030354182235896,-0.0015088991494849,-0.0206359513103961,0.0041666897013783,-0.0013817241415381,0.0103329680860042,0.0089934356510639,-0.002291003242135,0.0116558158770203,0.0069204270839691,0.009236242622137,-0.0028129369020462,0.0209591529408617,0.0056737528802417,0.0245115644566951,0.0088936314619765,0.0099467377894506,0.0172166953967367,-0.0124629608418573,0.0342421045649574,0.0613584953809744,0.1545613483316019,0.061458362451833,0.1052312398789465,2019-02-14,2019-02-15,2019-02-19,2019-02-20,2019-02-21,2019-02-22,2019-02-25,2019-02-26,2019-02-27,2019-02-28,12681.0,2019-02-13,252.0,-0.7405%,0.0008,0.4659,0.1458,-0.0848,1.1233%,1.2421%,18.2177%,-0.00883,STAG,12681.0,2019-02-14,252.0,0.9236%,0.0008,0.4638,0.15,-0.0889,1.1241%,1.2426%,18.1667%,0.008865,STAG,12681.0,2019-02-15,252.0,1.1616%,0.001,0.4875,0.1719,-0.0495,1.1139%,1.2395%,19.2522%,0.006327,STAG,12681.0,2019-02-19,252.0,0.3479%,0.0009,0.4837,0.1784,-0.0419,1.1108%,1.2339%,18.9544%,0.002103,STAG,12681.0,2019-02-20,252.0,-1.6644%,0.0008,0.4764,0.1524,-0.0704,1.1081%,1.2305%,18.9120%,-0.017824,STAG,12681.0,2019-02-21,252.0,0.2468%,0.0008,0.4696,0.1393,-0.0829,1.1032%,1.2240%,18.7601%,0.004076,STAG,12681.0,2019-02-22,252.0,-0.4924%,0.0009,0.4697,0.1747,-0.049,1.0911%,1.2108%,18.7907%,-0.010061,STAG,12681.0,2019-02-25,252.0,-0.7070%,0.0008,0.4719,0.181,-0.0376,1.0862%,1.2062%,18.9070%,-0.007508,STAG,12681.0,2019-02-26,252.0,-0.1424%,0.0008,0.4652,0.1883,-0.0389,1.0838%,1.2010%,18.5638%,0.000265,STAG,12681.0,2019-02-27,252.0,-0.8942%,0.0008,0.47,0.1766,-0.0382,1.0834%,1.2017%,18.7181%,-0.009865,STAG,12681.0,2019-02-28,252.0,0.0000%,0.0009,0.4548,0.1661,-0.0493,1.0687%,1.1819%,18.2433%,0.001226,STAG,3.500000000000031e-05,0.006362,0.008465,-0.0052829999999999,-0.031226
23619,SCORPIO TANKERS INC,Scorpio Tankers Q4 Earnings Preview,6,uncertain,0.5,0.5,"the earnings preview does not provide specific information about expected performance, making it difficult to predict the stock price movement.",1,2019-02-13,STNG,2019-02-13 18:49:00+00:00,93299.0,Y7542C13,0.0494117736816406,1360291.0,0.0880044400691986,0.0480888225138187,0.0195977874100208,0.040410466492176,0.0091047193855047,-0.0274485666304826,-0.014035121537745,-0.0503553636372089,-0.0055923033505678,-0.0564561337232589,-0.006646174006164,-0.0293001029640436,0.0036026604939252,-0.0027055863756686,0.0071794558316469,-0.0133475707843899,-0.0478614382445812,-0.0497209317982196,-0.0155080696567893,-0.0179372504353523,0.0010863909265026,-0.0118168275803327,0.0179055836051702,-0.0058737560175359,-0.0165244918316602,0.01138611510396,-0.0493224821984767,0.0160966608673334,-0.0205245483666658,-0.007488842587918,-0.0116414874792099,-0.0484559908509254,0.0441696122288703,0.0631315186619758,0.0174845457077026,0.0312500335276126,-0.0061315833590924,-0.0351759046316146,-0.0140213128179311,0.0257731713354587,0.0574516616761684,-0.0202020015567541,0.0295857582241296,-0.0149253588169813,0.0073145925998687,-0.0049504903145134,0.0103733846917748,-0.009803912602365,0.0015400763368234,0.0,-0.0348539352416992,0.0199999809265136,0.0090281507000327,0.0362694598734378,0.0268421173095703,0.0320855304598808,-0.0087134838104248,0.0625000074505806,0.0227508023381233,-0.0382513925433158,0.0030333399772644,-0.010810799896717,-0.0136088943108916,0.0,0.001021995791234,0.0511363819241523,-0.0096988528966903,0.0538922362029552,0.0010309515055269,0.0569619685411453,0.0041194604709744,-0.0481927245855331,0.0446154288947582,0.0,-0.0171821489930152,-0.0404624566435813,0.0739260464906692,-0.0846560671925544,0.1032557785511017,-0.050251267850399,0.0147554967552423,-0.0613206997513771,0.0083091305568814,0.0495049022138118,-0.0152451926842331,-0.0146341323852539,0.0405858270823955,0.0049019563011825,-0.0398070625960826,0.0303030014038085,0.007118931505829,-0.0198019612580537,0.0374221019446849,-0.014563089236617,0.0160320475697517,-0.0048309136182069,0.0098619330674409,-0.023584883660078,-0.0007812678813934,0.0192307513207197,0.0347927846014499,0.0505050010979175,-0.0260671954602003,0.0421052873134613,0.0069820946082472,0.1176470145583153,0.0716487169265747,0.0,-0.0032350881956517,0.0493827424943447,-0.0039667761884629,-0.0742857083678245,-0.0123099256306886,-0.0168539173901081,-0.027492668479681,-0.0111111011356115,0.0045231408439576,0.0112359449267387,0.0345215797424316,0.0113636255264282,0.0880044400691986,0.0480888225138187,0.1093269197868336,0.0904425807568376,0.1194270300982791,0.060511494922218,0.097543422471505,-0.0497484304135042,0.0330150716837616,-0.1529646092000036,0.116074717405584,-0.0710380465995667,0.5556207508102644,-0.0293089344762106,2019-02-14,2019-02-15,2019-02-19,2019-02-20,2019-02-21,2019-02-22,2019-02-25,2019-02-26,2019-02-27,2019-02-28,93299.0,2019-02-13,252.0,4.9412%,-0.0006,1.4229,1.545,0.7283,3.1949%,3.5654%,19.7056%,0.043897,STNG,93299.0,2019-02-14,252.0,8.8004%,-0.0002,1.4037,1.5934,0.673,3.2393%,3.6070%,19.3500%,0.087083,STNG,93299.0,2019-02-15,252.0,1.9598%,-0.0003,1.3965,1.5865,0.6609,3.2392%,3.6026%,19.1579%,-0.003578,STNG,93299.0,2019-02-19,252.0,0.9105%,-0.0003,1.3906,1.5949,0.6708,3.2370%,3.5983%,19.0763%,-0.0002319999999999,STNG,93299.0,2019-02-20,252.0,-1.4035%,-0.0002,1.39,1.6215,0.6761,3.2153%,3.5816%,19.4077%,-0.023976,STNG,93299.0,2019-02-21,252.0,-0.5592%,-0.0003,1.4,1.6424,0.6944,3.2101%,3.5809%,19.6372%,0.002141,STNG,93299.0,2019-02-22,252.0,-0.6646%,-0.0003,1.4014,1.6563,0.7242,3.2103%,3.5810%,19.6308%,-0.014671,STNG,93299.0,2019-02-25,252.0,0.3603%,-0.0003,1.4036,1.6549,0.7317,3.2084%,3.5795%,19.6599%,0.007011,STNG,93299.0,2019-02-26,252.0,0.7179%,-0.0002,1.4049,1.6222,0.7161,3.2109%,3.5796%,19.5423%,0.022331,STNG,93299.0,2019-02-27,252.0,-4.7861%,-0.0005,1.3956,1.6236,0.7144,3.2250%,3.5887%,19.2447%,-0.0514489999999999,STNG,93299.0,2019-02-28,252.0,-1.5508%,-0.0005,1.4021,1.6278,0.7213,3.2250%,3.5892%,19.2634%,-0.00982,STNG,0.1309799999999999,0.127402,0.1271699999999999,0.1053349999999999,0.0587369999999999
23627,CONSTELLATION BRANDS INC,"Constellation Brands Made The Right Move With Early Cannabis Investment, Wells Fargo Says",6,increase,0.8,0.6,"the positive assessment from wells fargo regarding constellation brands' early investment in cannabis suggests potential for growth, likely leading to an increase in stock price.",2,2019-02-13,STZ,2019-02-13 16:46:00+00:00,69796.0,21036P10,0.0164592396467924,4736453.0,-0.0046346485614776,-0.0048040854744613,0.0054610078223049,-0.0097591420635581,-0.0010862868512049,0.0067221955396234,-0.0442994832992553,0.0102153914049267,-0.0079650366678833,-0.0139080127701163,0.0205855946987867,0.0110526224598288,-0.0112977856770157,-0.0054100858978927,0.0135208489373326,0.0005182329332455,-0.0009444758761674,0.017877047881484,-0.0005317361210472,0.0146298352628946,0.0164341367781162,0.0014889815356582,-0.007618922740221,0.0065946690738201,-0.0185196250677108,0.0121974013745784,-0.0084194401279091,-0.0048312279395759,0.009514644742012,0.0052206679247319,-0.008649468421936,0.0035333649720996,0.0128768235445022,0.0236342810094356,0.0028515162412077,0.0030022249557077,0.0109591027721762,-0.0040490492247045,-0.0002929980691988,-0.0020514847710728,-0.000937832868658,0.0103636318817734,0.0036961273290216,-0.0045018820092082,-0.0219195690006017,0.0595600232481956,-0.0163150411099195,-0.1241731122136116,0.0291008092463016,0.0130496192723512,0.0008264914504252,0.0210058819502592,-0.0087890373542904,0.031064286828041,0.0218401197344064,-0.0148743437603116,-0.0092598656192421,0.0200222972780466,0.0139901535585522,-0.0125260548666119,0.0164058078080415,-0.0039143692702054,0.0128899477422237,0.0004895473830401,-0.0049551757983863,0.0412233285605907,0.0168637633323669,-0.0322480946779251,0.0654460117220878,-0.0281640216708183,0.0096631292253732,-0.0302748065441846,-0.0049664080142974,-0.0030703209340572,-0.0075387177057564,-0.0194831453263759,-0.0041384738869965,-0.0287968292832374,0.0056285746395587,-0.0074467533268034,-0.0033478024415671,-0.0219567883759737,0.0020469184964895,-0.0108068473637104,-0.0047664134763181,0.0078483782708644,0.0082627618685364,-0.006945536006242,0.0376866124570369,-0.0110633419826626,0.0335010252892971,-0.0023539098910987,0.0098315440118312,-0.0355179272592067,0.0128205306828022,0.0125153874978423,0.0096126599237322,-0.0022935231681913,0.0,-0.0253824777901172,0.0017910521710291,0.0281920544803142,-0.0040933242999017,0.008706416003406,0.0019842120818793,0.0065857926383614,-0.0140034947544336,-0.0070542730391025,0.0109028257429599,0.0182991065084934,-0.0046830191276967,-0.0138062890619039,-0.0120717100799083,-0.0159772019833326,-0.0032712400425225,-0.00460901344195,-0.0219605341553688,0.0006588864489458,0.0066372593864798,-0.0116710169240832,-0.0046346485614776,-0.0048040854744613,0.0008010494087793,-0.0145163437853886,-0.0002861076118655,-0.0078917299472109,-0.0521829282453794,-0.0116961647121014,-0.0320993341245731,0.0269191417170469,-0.0129885238940389,0.0602753687727983,0.1671623771807213,-0.1350608704465544,2019-02-14,2019-02-15,2019-02-19,2019-02-20,2019-02-21,2019-02-22,2019-02-25,2019-02-26,2019-02-27,2019-02-28,69796.0,2019-02-13,252.0,1.6459%,-0.0008,0.6299,-0.081,-0.1117,1.5019%,1.6560%,17.7489%,0.01473,STZ,69796.0,2019-02-14,252.0,-0.4635%,-0.0008,0.6305,-0.0826,-0.1099,1.5020%,1.6561%,17.7489%,-0.003639,STZ,69796.0,2019-02-15,252.0,0.5461%,-0.0008,0.635,-0.0785,-0.1026,1.5016%,1.6565%,17.8272%,-0.001029,STZ,69796.0,2019-02-19,252.0,-0.1086%,-0.0008,0.6331,-0.0768,-0.1005,1.5012%,1.6542%,17.6425%,-0.001857,STZ,69796.0,2019-02-20,252.0,-4.4299%,-0.0011,0.6196,-0.1125,-0.1499,1.5240%,1.6749%,17.2051%,-0.044881,STZ,69796.0,2019-02-21,252.0,-0.7965%,-0.0011,0.6188,-0.1153,-0.1514,1.5239%,1.6745%,17.1811%,-0.006196,STZ,69796.0,2019-02-22,252.0,2.0586%,-0.001,0.6159,-0.0963,-0.1688,1.5254%,1.6771%,17.2712%,0.014872,STZ,69796.0,2019-02-25,252.0,-1.1298%,-0.001,0.6156,-0.0907,-0.167,1.5272%,1.6784%,17.2083%,-0.012876,STZ,69796.0,2019-02-26,252.0,1.3521%,-0.001,0.6058,-0.1012,-0.1795,1.5281%,1.6755%,16.8145%,0.013274,STZ,69796.0,2019-02-27,252.0,-0.0944%,-0.001,0.6075,-0.1043,-0.1793,1.5279%,1.6753%,16.8206%,-0.001613,STZ,69796.0,2019-02-28,252.0,-0.0532%,-0.001,0.6117,-0.1014,-0.1767,1.5270%,1.6753%,16.9169%,0.000824,STZ,0.011091,0.010062,0.008205,-0.042872,-0.0283909999999999
23635,CONSTELLATION BRANDS INC,"Constellation Brands Made The Right Move With Early Cannabis Investment, Wells Fargo Says",6,increase,0.8,0.7,"the positive assessment from wells fargo regarding constellation brands' early investment in cannabis suggests strong future growth potential, likely boosting investor confidence and stock price.",2,2019-02-13,STZ,2019-02-13 16:46:00+00:00,69796.0,21036P10,0.0164592396467924,4736453.0,-0.0046346485614776,-0.0048040854744613,0.0054610078223049,-0.0097591420635581,-0.0010862868512049,0.0067221955396234,-0.0442994832992553,0.0102153914049267,-0.0079650366678833,-0.0139080127701163,0.0205855946987867,0.0110526224598288,-0.0112977856770157,-0.0054100858978927,0.0135208489373326,0.0005182329332455,-0.0009444758761674,0.017877047881484,-0.0005317361210472,0.0146298352628946,0.0164341367781162,0.0014889815356582,-0.007618922740221,0.0065946690738201,-0.0185196250677108,0.0121974013745784,-0.0084194401279091,-0.0048312279395759,0.009514644742012,0.0052206679247319,-0.008649468421936,0.0035333649720996,0.0128768235445022,0.0236342810094356,0.0028515162412077,0.0030022249557077,0.0109591027721762,-0.0040490492247045,-0.0002929980691988,-0.0020514847710728,-0.000937832868658,0.0103636318817734,0.0036961273290216,-0.0045018820092082,-0.0219195690006017,0.0595600232481956,-0.0163150411099195,-0.1241731122136116,0.0291008092463016,0.0130496192723512,0.0008264914504252,0.0210058819502592,-0.0087890373542904,0.031064286828041,0.0218401197344064,-0.0148743437603116,-0.0092598656192421,0.0200222972780466,0.0139901535585522,-0.0125260548666119,0.0164058078080415,-0.0039143692702054,0.0128899477422237,0.0004895473830401,-0.0049551757983863,0.0412233285605907,0.0168637633323669,-0.0322480946779251,0.0654460117220878,-0.0281640216708183,0.0096631292253732,-0.0302748065441846,-0.0049664080142974,-0.0030703209340572,-0.0075387177057564,-0.0194831453263759,-0.0041384738869965,-0.0287968292832374,0.0056285746395587,-0.0074467533268034,-0.0033478024415671,-0.0219567883759737,0.0020469184964895,-0.0108068473637104,-0.0047664134763181,0.0078483782708644,0.0082627618685364,-0.006945536006242,0.0376866124570369,-0.0110633419826626,0.0335010252892971,-0.0023539098910987,0.0098315440118312,-0.0355179272592067,0.0128205306828022,0.0125153874978423,0.0096126599237322,-0.0022935231681913,0.0,-0.0253824777901172,0.0017910521710291,0.0281920544803142,-0.0040933242999017,0.008706416003406,0.0019842120818793,0.0065857926383614,-0.0140034947544336,-0.0070542730391025,0.0109028257429599,0.0182991065084934,-0.0046830191276967,-0.0138062890619039,-0.0120717100799083,-0.0159772019833326,-0.0032712400425225,-0.00460901344195,-0.0219605341553688,0.0006588864489458,0.0066372593864798,-0.0116710169240832,-0.0046346485614776,-0.0048040854744613,0.0008010494087793,-0.0145163437853886,-0.0002861076118655,-0.0078917299472109,-0.0521829282453794,-0.0116961647121014,-0.0320993341245731,0.0269191417170469,-0.0129885238940389,0.0602753687727983,0.1671623771807213,-0.1350608704465544,2019-02-14,2019-02-15,2019-02-19,2019-02-20,2019-02-21,2019-02-22,2019-02-25,2019-02-26,2019-02-27,2019-02-28,69796.0,2019-02-13,252.0,1.6459%,-0.0008,0.6299,-0.081,-0.1117,1.5019%,1.6560%,17.7489%,0.01473,STZ,69796.0,2019-02-14,252.0,-0.4635%,-0.0008,0.6305,-0.0826,-0.1099,1.5020%,1.6561%,17.7489%,-0.003639,STZ,69796.0,2019-02-15,252.0,0.5461%,-0.0008,0.635,-0.0785,-0.1026,1.5016%,1.6565%,17.8272%,-0.001029,STZ,69796.0,2019-02-19,252.0,-0.1086%,-0.0008,0.6331,-0.0768,-0.1005,1.5012%,1.6542%,17.6425%,-0.001857,STZ,69796.0,2019-02-20,252.0,-4.4299%,-0.0011,0.6196,-0.1125,-0.1499,1.5240%,1.6749%,17.2051%,-0.044881,STZ,69796.0,2019-02-21,252.0,-0.7965%,-0.0011,0.6188,-0.1153,-0.1514,1.5239%,1.6745%,17.1811%,-0.006196,STZ,69796.0,2019-02-22,252.0,2.0586%,-0.001,0.6159,-0.0963,-0.1688,1.5254%,1.6771%,17.2712%,0.014872,STZ,69796.0,2019-02-25,252.0,-1.1298%,-0.001,0.6156,-0.0907,-0.167,1.5272%,1.6784%,17.2083%,-0.012876,STZ,69796.0,2019-02-26,252.0,1.3521%,-0.001,0.6058,-0.1012,-0.1795,1.5281%,1.6755%,16.8145%,0.013274,STZ,69796.0,2019-02-27,252.0,-0.0944%,-0.001,0.6075,-0.1043,-0.1793,1.5279%,1.6753%,16.8206%,-0.001613,STZ,69796.0,2019-02-28,252.0,-0.0532%,-0.001,0.6117,-0.1014,-0.1767,1.5270%,1.6753%,16.9169%,0.000824,STZ,0.011091,0.010062,0.008205,-0.042872,-0.0283909999999999
23643,SUPERIOR INDUSTRIES INTL INC,Seaport Global Initiates Coverage On Superior Industries Intl with Neutral Rating,6,uncertain,0.5,0.5,"the initiation of coverage with a neutral rating suggests no strong positive or negative sentiment, leading to uncertainty in the stock price movement.",1,2019-02-13,SUP,2019-02-13 11:48:00+00:00,52396.0,86816810,0.0164608899503946,319593.0,0.0040485789068043,0.0188679564744234,0.0282257795333862,0.021413255482912,0.0509804375469684,-0.0371133685111999,0.0634327754378318,-0.0508806705474853,0.0631579235196113,0.0019608291331678,0.089108906686306,0.0039370041340589,0.0136363869532942,0.0039525656029582,0.0612854771316051,-0.0174757577478885,-0.0492957606911659,0.0038986317813396,-0.0829629525542259,0.0138340257108211,-0.0210016332566738,-0.0380228646099567,-0.0676567405462265,-0.0223048105835914,-0.0159292295575141,0.0,-0.0323740690946579,0.0074906293302774,0.0204460322856903,-0.0237659309059381,-0.0091074164956808,-0.0617495961487293,-0.042279414832592,0.0264084674417972,-0.0134357335045933,0.0215827133506536,0.0038910470902919,0.0392523445188999,-0.0717054083943367,-0.0580985806882381,0.0521920658648014,-0.0290598422288894,0.0099206725135445,-0.0084746088832616,0.0707268491387367,0.0085470415651798,-0.0366972126066684,0.0502692498266696,-0.0152380811050534,0.0450281910598278,-0.0676982402801513,0.0471512302756309,-0.066390074789524,0.0494845882058143,-0.0066667133942246,-0.0237154215574264,0.0268457196652889,0.0519750528037548,0.0087145883589982,0.0479302369058132,0.0280777774751186,-0.0150213940069079,0.1575630158185959,-0.048979640007019,0.0344826802611351,-0.0180360078811645,0.0280702076852321,-0.0253906473517417,0.022530348971486,-0.0375940389931201,-0.0118644358590245,-0.037974689155817,0.0017153051448985,0.0317164324223995,-0.0462328717112541,-0.011070099659264,0.0251346249133348,-0.0424027889966964,0.0087566003203392,-0.0487394891679287,0.0034722187556326,-0.0309446360915899,0.0190310813486576,0.0302013140171766,0.0169779136776924,-0.0628930926322937,0.0150250680744648,-0.0093457857146859,0.0115131866186857,-0.0586510375142097,-0.0308943185955286,-0.0172910504043102,-0.0134228058159351,-0.0659488290548324,-0.044217724353075,0.0095108281821012,-0.0960854068398475,-0.0120804933831095,0.0039370041340589,-0.0261438284069299,0.0058823940344154,0.0508241578936576,-0.0350877791643142,-0.0458715446293354,-0.0282828025519847,-0.0255427602678537,-0.006236950866878,-0.017565855756402,0.0439329594373703,0.023106524720788,-0.0060119708068668,-0.0614458099007606,-0.0221774466335773,0.0221675261855125,-0.0041237073019146,-0.0216867830604314,-0.0724637508392334,-0.0095465304329991,0.0781249776482582,-0.0367815755307674,0.0040485789068043,0.0188679564744234,0.0323886327358375,0.0406852363297627,0.085020256951227,0.002061901649691,0.2267206271987514,-0.0470587816798906,0.253036444952224,-0.0395256571279194,-0.0627530142738261,0.0784717950098683,-0.007016633896849,-0.4310131230975004,2019-02-14,2019-02-15,2019-02-19,2019-02-20,2019-02-21,2019-02-22,2019-02-25,2019-02-26,2019-02-27,2019-02-28,52396.0,2019-02-13,252.0,1.6461%,-0.0037,1.438,1.7165,0.8335,3.5812%,3.9325%,17.0707%,0.010735,SUP,52396.0,2019-02-14,252.0,0.4049%,-0.0036,1.438,1.7209,0.8261,3.5783%,3.9308%,17.1311%,0.002877,SUP,52396.0,2019-02-15,252.0,2.8226%,-0.0035,1.4537,1.7358,0.8526,3.5776%,3.9344%,17.3154%,0.003609,SUP,52396.0,2019-02-19,252.0,5.0980%,-0.0033,1.4605,1.7659,0.886,3.5880%,3.9478%,17.3994%,0.040527,SUP,52396.0,2019-02-20,252.0,6.3433%,-0.0031,1.4756,1.7989,0.9397,3.6046%,3.9696%,17.5436%,0.0518,SUP,52396.0,2019-02-21,252.0,6.3158%,-0.0028,1.4622,1.7881,0.9145,3.6348%,3.9911%,17.0580%,0.071938,SUP,52396.0,2019-02-22,252.0,8.9109%,-0.0025,1.4496,1.8126,0.7854,3.6739%,4.0325%,16.9962%,0.0831129999999999,SUP,52396.0,2019-02-25,252.0,1.3636%,-0.0025,1.4501,1.8031,0.7821,3.6759%,4.0338%,16.9540%,0.017488,SUP,52396.0,2019-02-26,252.0,6.1285%,-0.0022,1.4348,1.7066,0.7217,3.7100%,4.0529%,16.2014%,0.077627,SUP,52396.0,2019-02-27,252.0,-4.9296%,-0.0024,1.4299,1.7003,0.7208,3.7235%,4.0626%,15.9986%,-0.053064,SUP,52396.0,2019-02-28,252.0,-8.2963%,-0.0027,1.442,1.7061,0.747,3.7529%,4.0908%,15.8371%,-0.077168,SUP,0.0136119999999999,0.017221,0.057748,0.181486,0.229482
23651,MOLSON COORS BEVERAGE CO,Deutsche Bank Downgrades Molson Coors Brewing to Hold,6,decrease,0.75,0.6,"a downgrade from a major financial institution like deutsche bank typically signals reduced confidence in the company's future performance, which can lead to a decrease in stock price.",0,2019-02-13,TAP,2019-02-13 11:41:00+00:00,59248.0,60871R20,0.0082784537225961,4930548.0,0.002680962672457,-0.0944002717733383,0.0178810115903616,0.00646748021245,0.0032835456077009,-0.0096080107614398,0.004581881687045,-0.0015227420954033,0.011239655315876,-0.0126297390088439,-0.0024162617046386,0.0100228348746895,-0.0143710542470216,-0.0022727504838258,0.0,-0.0091577935963869,0.0011467839358374,0.0195928178727626,0.0090001514181494,0.0089575573801994,0.0025948751717805,0.0093530546873807,-0.0026054363697767,-0.0038819874171167,-0.002612242475152,0.015933146700263,-0.0152234453707933,-0.0159888043999671,-0.001994663150981,0.0049921949394047,-0.0098267849534749,0.0075447903946042,0.0109335193410515,0.0297831036150455,0.0018302930984646,0.0084884176030755,0.0063112620264291,-0.0187410209327936,-0.0016504122177138,0.0011225094785913,0.0054554142989218,-0.0154720479622483,0.0021374723874032,0.0076360092498362,-0.0031173492316156,0.0304918140172958,-0.0162935797125101,-0.0027791103348135,0.0174000486731529,0.0266867447644472,-0.0223647523671388,-0.0021771437022835,-0.0117746135219931,0.0317954085767269,0.0124255241826176,0.0136626167222857,-0.0031943279318511,0.0165598336607217,-0.0003373327199369,0.0039328071288764,0.0064113559201359,-0.0106119960546493,0.0120703671127557,0.0067664007656276,-0.0036441511474549,0.0183136593550443,-0.0051538050174713,-0.0063062789849936,0.0153743010014295,-0.0303983520716428,-0.0021395203657448,-0.0091742910444736,0.0026389551348984,-0.0258009918034076,-0.0203981194645166,-0.0209674835205078,-0.0025188531726598,-0.0230645202100276,0.0112794302403926,-0.0189873538911342,-0.0014982545981183,0.0020612187217921,0.00783596560359,0.0084745567291975,-0.0152192218229174,-0.0031877711880952,-0.0018478181445971,-0.0099415695294737,0.0333221703767776,-0.0169097147881984,-0.0039088218472898,-0.0063203889876604,0.0019620491657406,-0.0192016419023275,0.0200717952102422,0.0056257070973515,0.0046392725780606,0.0227025207132101,0.0164013151079416,-0.0180550143122673,0.000783318770118,0.0113550024107098,0.0048528704792261,0.002923896536231,-0.0754012092947959,0.0137286260724067,0.009604038670659,-0.0004677807737607,0.0241989456117153,-0.0115598030388355,-0.006354886572808,-0.022744420915842,-0.0147588998079299,0.0254865866154432,-0.0149800516664981,0.0007728462223894,-0.0140250390395522,-0.0009266032138839,0.0049700243398547,0.0040316660888493,0.002680962672457,-0.0944002717733383,0.0206099125874381,-0.0885433234506323,0.0239611317830907,-0.0973006090075048,0.0402145034588456,-0.1100586845153803,0.0331769369029888,-0.0858687441684851,-0.0002393993921139,0.058097969502038,-0.0108661931864192,-0.076331847657322,2019-02-14,2019-02-15,2019-02-19,2019-02-20,2019-02-21,2019-02-22,2019-02-25,2019-02-26,2019-02-27,2019-02-28,59248.0,2019-02-13,252.0,0.8278%,-0.0007,0.6453,-0.3585,0.3579,1.8989%,2.0117%,10.9040%,0.006332,TAP,59248.0,2019-02-14,252.0,0.2681%,-0.0006,0.6434,-0.3538,0.3526,1.8996%,2.0118%,10.8441%,0.007876,TAP,59248.0,2019-02-15,252.0,1.7881%,-0.0008,0.6063,-0.386,0.2938,1.8708%,1.9750%,10.2719%,0.009703,TAP,59248.0,2019-02-19,252.0,0.3284%,-0.0008,0.6035,-0.3794,0.3016,1.8696%,1.9723%,10.1354%,0.00227,TAP,59248.0,2019-02-20,252.0,0.4582%,-0.0008,0.6046,-0.3762,0.3057,1.8697%,1.9725%,10.1490%,0.0025109999999999,TAP,59248.0,2019-02-21,252.0,1.1240%,-0.0007,0.595,-0.3926,0.2879,1.8688%,1.9698%,9.9936%,0.013817,TAP,59248.0,2019-02-22,252.0,-0.2416%,-0.0007,0.5945,-0.383,0.2911,1.8682%,1.9684%,9.9162%,8e-06,TAP,59248.0,2019-02-25,252.0,-1.4371%,-0.0007,0.5944,-0.3757,0.2944,1.8706%,1.9702%,9.8494%,-0.015835,TAP,59248.0,2019-02-26,252.0,0.0000%,-0.0007,0.5985,-0.3798,0.2954,1.8701%,1.9701%,9.8875%,-0.000582,TAP,59248.0,2019-02-27,252.0,0.1147%,-0.0006,0.6061,-0.3927,0.2967,1.8670%,1.9694%,10.1217%,0.001584,TAP,59248.0,2019-02-28,252.0,0.9000%,-0.0005,0.5982,-0.3978,0.2881,1.8675%,1.9675%,9.9034%,0.011599,TAP,0.0142079999999999,0.0239109999999999,0.026181,0.042509,0.039283
23659,MOLSON COORS BEVERAGE CO,Deutsche Bank Downgrades Molson Coors Brewing to Hold,6,decrease,0.8,0.6,"a downgrade from a major financial institution like deutsche bank typically signals reduced confidence in the company's future performance, which can lead to a decrease in stock price.",0,2019-02-13,TAP,2019-02-13 11:41:00+00:00,59248.0,60871R20,0.0082784537225961,4930548.0,0.002680962672457,-0.0944002717733383,0.0178810115903616,0.00646748021245,0.0032835456077009,-0.0096080107614398,0.004581881687045,-0.0015227420954033,0.011239655315876,-0.0126297390088439,-0.0024162617046386,0.0100228348746895,-0.0143710542470216,-0.0022727504838258,0.0,-0.0091577935963869,0.0011467839358374,0.0195928178727626,0.0090001514181494,0.0089575573801994,0.0025948751717805,0.0093530546873807,-0.0026054363697767,-0.0038819874171167,-0.002612242475152,0.015933146700263,-0.0152234453707933,-0.0159888043999671,-0.001994663150981,0.0049921949394047,-0.0098267849534749,0.0075447903946042,0.0109335193410515,0.0297831036150455,0.0018302930984646,0.0084884176030755,0.0063112620264291,-0.0187410209327936,-0.0016504122177138,0.0011225094785913,0.0054554142989218,-0.0154720479622483,0.0021374723874032,0.0076360092498362,-0.0031173492316156,0.0304918140172958,-0.0162935797125101,-0.0027791103348135,0.0174000486731529,0.0266867447644472,-0.0223647523671388,-0.0021771437022835,-0.0117746135219931,0.0317954085767269,0.0124255241826176,0.0136626167222857,-0.0031943279318511,0.0165598336607217,-0.0003373327199369,0.0039328071288764,0.0064113559201359,-0.0106119960546493,0.0120703671127557,0.0067664007656276,-0.0036441511474549,0.0183136593550443,-0.0051538050174713,-0.0063062789849936,0.0153743010014295,-0.0303983520716428,-0.0021395203657448,-0.0091742910444736,0.0026389551348984,-0.0258009918034076,-0.0203981194645166,-0.0209674835205078,-0.0025188531726598,-0.0230645202100276,0.0112794302403926,-0.0189873538911342,-0.0014982545981183,0.0020612187217921,0.00783596560359,0.0084745567291975,-0.0152192218229174,-0.0031877711880952,-0.0018478181445971,-0.0099415695294737,0.0333221703767776,-0.0169097147881984,-0.0039088218472898,-0.0063203889876604,0.0019620491657406,-0.0192016419023275,0.0200717952102422,0.0056257070973515,0.0046392725780606,0.0227025207132101,0.0164013151079416,-0.0180550143122673,0.000783318770118,0.0113550024107098,0.0048528704792261,0.002923896536231,-0.0754012092947959,0.0137286260724067,0.009604038670659,-0.0004677807737607,0.0241989456117153,-0.0115598030388355,-0.006354886572808,-0.022744420915842,-0.0147588998079299,0.0254865866154432,-0.0149800516664981,0.0007728462223894,-0.0140250390395522,-0.0009266032138839,0.0049700243398547,0.0040316660888493,0.002680962672457,-0.0944002717733383,0.0206099125874381,-0.0885433234506323,0.0239611317830907,-0.0973006090075048,0.0402145034588456,-0.1100586845153803,0.0331769369029888,-0.0858687441684851,-0.0002393993921139,0.058097969502038,-0.0108661931864192,-0.076331847657322,2019-02-14,2019-02-15,2019-02-19,2019-02-20,2019-02-21,2019-02-22,2019-02-25,2019-02-26,2019-02-27,2019-02-28,59248.0,2019-02-13,252.0,0.8278%,-0.0007,0.6453,-0.3585,0.3579,1.8989%,2.0117%,10.9040%,0.006332,TAP,59248.0,2019-02-14,252.0,0.2681%,-0.0006,0.6434,-0.3538,0.3526,1.8996%,2.0118%,10.8441%,0.007876,TAP,59248.0,2019-02-15,252.0,1.7881%,-0.0008,0.6063,-0.386,0.2938,1.8708%,1.9750%,10.2719%,0.009703,TAP,59248.0,2019-02-19,252.0,0.3284%,-0.0008,0.6035,-0.3794,0.3016,1.8696%,1.9723%,10.1354%,0.00227,TAP,59248.0,2019-02-20,252.0,0.4582%,-0.0008,0.6046,-0.3762,0.3057,1.8697%,1.9725%,10.1490%,0.0025109999999999,TAP,59248.0,2019-02-21,252.0,1.1240%,-0.0007,0.595,-0.3926,0.2879,1.8688%,1.9698%,9.9936%,0.013817,TAP,59248.0,2019-02-22,252.0,-0.2416%,-0.0007,0.5945,-0.383,0.2911,1.8682%,1.9684%,9.9162%,8e-06,TAP,59248.0,2019-02-25,252.0,-1.4371%,-0.0007,0.5944,-0.3757,0.2944,1.8706%,1.9702%,9.8494%,-0.015835,TAP,59248.0,2019-02-26,252.0,0.0000%,-0.0007,0.5985,-0.3798,0.2954,1.8701%,1.9701%,9.8875%,-0.000582,TAP,59248.0,2019-02-27,252.0,0.1147%,-0.0006,0.6061,-0.3927,0.2967,1.8670%,1.9694%,10.1217%,0.001584,TAP,59248.0,2019-02-28,252.0,0.9000%,-0.0005,0.5982,-0.3978,0.2881,1.8675%,1.9675%,9.9034%,0.011599,TAP,0.0142079999999999,0.0239109999999999,0.026181,0.042509,0.039283
23667,TUCOWS INC,"Tucows Q4 EPS $0.42 Misses $0.47 Estimate, Sales $85.612M Beat $84M Estimate",6,decrease,0.7,0.6,"the earnings per share (eps) missed expectations, which is likely to negatively impact investor sentiment despite the sales beat.",0,2019-02-13,TCX,2019-02-13 22:36:00+00:00,83382.0,89869720,-0.0218488108366727,62135.0,0.0270619578659534,0.0221904516220092,0.0461452305316925,-0.0079534891992807,-0.0106610218062996,0.0125108249485492,-0.0079471487551927,-0.0337640717625618,0.0202307924628257,-0.0369329862296581,0.0250199269503355,0.0067358207888901,0.008699114434421,0.0043295854702591,-0.0118420105427503,0.0039391592144966,0.0079458206892013,0.0267783254384994,0.001938505214639,0.0084387976676225,0.0112214982509613,-0.001684958464466,-0.0405612289905548,0.0039469799958169,0.0239297449588775,0.0051006036810576,-0.0035055396147072,0.0215661544352769,-0.0113355405628681,0.0160293579101562,0.011597323231399,-0.0029325066134333,0.0093799009919166,0.0211108848452568,-0.0077440124005079,0.0234446637332439,0.0018210118869319,0.0095916269347071,0.0324591025710105,0.0155537761747837,0.0061620413325726,-0.0039123632013797,0.0002499267866369,0.0078864349052309,0.0049981446936726,0.0033233566209673,-0.0174064598977565,0.0128225553780794,0.0234088134020566,0.0020880352240055,-0.0227497089654207,0.0209904685616493,-0.0015182533534243,0.0326841697096824,0.0017739406321197,-0.0270225647836923,-0.0024031724315136,0.0104894647374749,0.0262457150965929,-0.0123334974050521,0.0029651329386979,0.0054563796147704,-0.0204484313726425,0.0026525172870606,0.016222346574068,0.0182308908551931,0.0003712260804604,-0.0229259338229894,-0.007793138269335,0.0054726670496165,0.0248098485171794,-0.0078973276540637,-0.0097323050722479,-0.0207830015569925,0.025921382009983,-0.0048099928535521,0.0202370341867208,-0.0194938164204359,0.0158451423048973,-0.0032904902473092,0.0271519161760807,-0.0034353719092905,0.0024747042916715,0.0239846501499414,-0.0234515704214572,0.019563103094697,0.0005745496018789,0.0621645040810108,-0.0059715695679187,0.0108524225652217,0.0243761632591486,-0.0047038407064974,0.0001128018120652,-0.0177959818392992,-0.0082318829372525,0.0068917591124773,-0.0087549369782209,0.0104457223787903,0.0084881605580449,0.0157382749021053,-0.0166059955954551,0.0349560752511024,0.0200092922896146,0.0040426538325846,-0.0191631969064474,0.0077777439728379,0.0017341217026114,0.0018552591791376,0.0040392205119133,0.0112570784986019,0.003908003680408,-0.0061533064581453,-0.0259903445839881,-0.0163242742419242,0.0115199638530612,-0.006740734912455,-0.2010459303855896,-0.0020000110380351,-0.0215273220092058,-0.0012711039744317,0.0270619578659534,0.0221904516220092,0.0744559686820092,0.0140604709054257,0.0630011701699815,0.0267472039441669,0.0758877915414928,-0.0445604407017313,0.1101088613377958,0.0042194524004794,0.1589347996109587,0.1741489853839661,-0.0367983983391835,0.29653171766304,2019-02-14,2019-02-15,2019-02-19,2019-02-20,2019-02-21,2019-02-22,2019-02-25,2019-02-26,2019-02-27,2019-02-28,83382.0,2019-02-13,252.0,-2.1849%,0.0008,0.4482,-0.0436,-0.4216,1.6606%,1.7738%,12.3602%,-0.022905,TCX,83382.0,2019-02-14,252.0,2.7062%,0.0007,0.4384,-0.0323,-0.4273,1.6245%,1.7378%,12.6127%,0.025685,TCX,83382.0,2019-02-15,252.0,4.6145%,0.0009,0.4667,-0.0022,-0.3753,1.6461%,1.7606%,12.5888%,0.043223,TCX,83382.0,2019-02-19,252.0,-1.0661%,0.0007,0.4531,0.0066,-0.3641,1.6319%,1.7405%,12.0923%,-0.010515,TCX,83382.0,2019-02-20,252.0,-0.7947%,0.0009,0.4572,0.045,-0.3417,1.5775%,1.6890%,12.7690%,-0.0069199999999999,TCX,83382.0,2019-02-21,252.0,2.0231%,0.0011,0.4452,0.025,-0.3638,1.5773%,1.6872%,12.6000%,0.0210679999999999,TCX,83382.0,2019-02-22,252.0,2.5020%,0.0011,0.4429,0.0303,-0.3867,1.5802%,1.6935%,12.9328%,0.01654,TCX,83382.0,2019-02-25,252.0,0.8699%,0.0012,0.4428,0.0271,-0.3889,1.5807%,1.6941%,12.9439%,0.007317,TCX,83382.0,2019-02-26,252.0,-1.1842%,0.001,0.4314,0.0568,-0.3823,1.5759%,1.6853%,12.5553%,-0.012343,TCX,83382.0,2019-02-27,252.0,0.7946%,0.0011,0.4318,0.0578,-0.3822,1.5763%,1.6856%,12.5417%,0.006891,TCX,83382.0,2019-02-28,252.0,0.1939%,0.0011,0.4326,0.0584,-0.3819,1.5763%,1.6854%,12.5257%,0.00221,TCX,0.0027799999999999,0.046003,0.035488,0.049636,0.070251
23675,TEVA PHARMACEUTICAL INDS LTD,"Teva Pharmaceutical Industries shares are trading lower after the company reported Q4 EPS of $0.53, missing the $0.54 estimate and issued FY19 guidance below consensus estimates.",6,decrease,0.8,0.7,"the missed earnings estimate and lower-than-expected guidance typically lead to negative investor sentiment, resulting in a decrease in stock price.",0,2019-02-13,TEVA,2019-02-13 14:39:00+00:00,75652.0,88162420,-0.0779289528727531,54906423.0,-0.0198524389415979,0.0159405507147312,0.0405091904103756,0.0329308658838272,0.0022247449960559,-0.0070845265872776,-0.0344062596559524,-0.0427751541137695,-0.0086206682026386,-0.0395791120827198,0.0,0.0147432135418057,0.0202898774296045,-0.0015228774864226,-0.0374999903142452,-0.007556655909866,0.0035418809857219,-0.0079959938302636,-0.0100000044330954,0.0131645686924457,0.0148544264957308,-0.0015167181845754,-0.0193208381533622,0.01124750636518,-0.0011940571712329,0.0113753518089652,-0.0454273335635662,-0.0061664409004151,0.0018785054562613,0.0378666184842586,-0.015625,-0.003719431348145,0.0019047450041398,0.0031982657965272,-0.0063370992429554,0.0058981562033295,0.035076480358839,-0.0095592299476265,0.0147874169051647,0.0194911006838083,0.0024287139531224,0.0010839322349056,0.0078739644959568,0.015410054475069,0.0162259899079799,0.0116927064955234,-0.002956785261631,0.0158370342105627,0.0130485948175191,0.0005659438902512,-0.0439110063016414,0.0172711126506328,-0.0263319239020347,0.0533657409250736,0.0018868356710299,0.0403785109519958,0.0043942052870988,0.0278858821839094,-0.0262500047683715,-0.017208382487297,0.0064185098744928,0.003196882084012,0.0025510180275887,-0.0113779613748192,-0.0438931621611118,0.0843042880296707,-0.0106453662738204,-0.0337748490273952,0.0215198174118995,-0.0497168004512786,0.0032916518393903,-0.0245549753308296,-0.0131233474239707,-0.0423280000686645,-0.0325797721743583,-0.0362605899572372,0.0075601139105856,-0.0438786298036575,-0.0115961851552128,-0.0294427629560232,-0.0075914189219474,0.0015798150561749,0.0132127664983272,0.025931904092431,0.0082360934466123,0.0037960787303745,-0.0319945067167282,-0.0499742068350315,0.009845245629549,-0.0419546104967594,0.0236768908798694,-0.0141118746250867,0.0142857171595096,-0.0481704920530319,0.006036227568984,0.0023212272208184,0.009333356283605,-0.0164382979273796,0.0145309977233409,0.0027472283691167,0.0162760429084301,0.0018349044257774,-0.0249839462339878,-0.0027448020409792,0.0006569825927726,-0.0036463045980781,-0.021667756140232,-0.0045372219756245,0.0187919922173023,0.0124024096876382,-0.0191040821373462,-0.010454524308443,-0.0188046116381883,-0.011235955171287,-0.0006844131276011,-0.0163572430610656,-0.0089041171595454,-0.002205524360761,-0.0076019768603146,-0.0365491099655628,-0.0198524389415979,0.0159405507147312,0.0198525452395821,0.0493963527362595,0.0221214570863188,0.0419618763747073,-0.0215541228282226,-0.0420840851732227,-0.0453771567355038,-0.0318986940515261,-0.116279031678796,0.2186106643113086,-0.1854792752901648,-0.1874203045309392,2019-02-14,2019-02-15,2019-02-19,2019-02-20,2019-02-21,2019-02-22,2019-02-25,2019-02-26,2019-02-27,2019-02-28,75652.0,2019-02-13,252.0,-7.7929%,-0.0001,1.3108,0.8202,0.797,2.2939%,2.6469%,24.8950%,-0.082824,TEVA,75652.0,2019-02-14,252.0,-1.9852%,0.0,1.3175,0.8126,0.8006,2.2811%,2.6384%,25.2507%,-0.016842,TEVA,75652.0,2019-02-15,252.0,4.0509%,0.0,1.3159,0.8132,0.8007,2.2818%,2.6363%,25.0912%,0.0196469999999999,TEVA,75652.0,2019-02-19,252.0,0.2225%,-0.0002,1.2938,0.8396,0.8323,2.2423%,2.5916%,25.1390%,-0.0051359999999999,TEVA,75652.0,2019-02-20,252.0,-3.4406%,-0.0004,1.2818,0.8132,0.7898,2.2586%,2.6004%,24.5589%,-0.043389,TEVA,75652.0,2019-02-21,252.0,-0.8621%,-0.0003,1.2709,0.7907,0.7698,2.2501%,2.5862%,24.3053%,-0.001592,TEVA,75652.0,2019-02-22,252.0,0.0000%,-0.0003,1.2712,0.7861,0.7694,2.2500%,2.5860%,24.2958%,-0.001394,TEVA,75652.0,2019-02-25,252.0,2.0290%,-0.0002,1.2698,0.7738,0.7576,2.2531%,2.5876%,24.1871%,0.021712,TEVA,75652.0,2019-02-26,252.0,-3.7500%,-0.0003,1.2774,0.8051,0.7793,2.2598%,2.5971%,24.2930%,-0.028116,TEVA,75652.0,2019-02-27,252.0,0.3542%,-0.0002,1.2825,0.7966,0.7801,2.2586%,2.5972%,24.3741%,0.001698,TEVA,75652.0,2019-02-28,252.0,-1.0000%,-0.0002,1.2761,0.7921,0.7764,2.2572%,2.5907%,24.0925%,-0.004333,TEVA,-0.099666,-0.080019,-0.085155,-0.130136,-0.140569
23683,TEVA PHARMACEUTICAL INDS LTD,Teva CEO Schultz Says A Florida Plant Received An FDA Warning Letter,6,decrease,0.8,0.7,"an fda warning letter typically indicates regulatory issues that could lead to operational disruptions and negatively impact investor confidence, likely resulting in a decrease in stock price.",0,2019-02-13,TEVA,2019-02-13 13:22:00+00:00,75652.0,88162420,-0.0779289528727531,54906423.0,-0.0198524389415979,0.0159405507147312,0.0405091904103756,0.0329308658838272,0.0022247449960559,-0.0070845265872776,-0.0344062596559524,-0.0427751541137695,-0.0086206682026386,-0.0395791120827198,0.0,0.0147432135418057,0.0202898774296045,-0.0015228774864226,-0.0374999903142452,-0.007556655909866,0.0035418809857219,-0.0079959938302636,-0.0100000044330954,0.0131645686924457,0.0148544264957308,-0.0015167181845754,-0.0193208381533622,0.01124750636518,-0.0011940571712329,0.0113753518089652,-0.0454273335635662,-0.0061664409004151,0.0018785054562613,0.0378666184842586,-0.015625,-0.003719431348145,0.0019047450041398,0.0031982657965272,-0.0063370992429554,0.0058981562033295,0.035076480358839,-0.0095592299476265,0.0147874169051647,0.0194911006838083,0.0024287139531224,0.0010839322349056,0.0078739644959568,0.015410054475069,0.0162259899079799,0.0116927064955234,-0.002956785261631,0.0158370342105627,0.0130485948175191,0.0005659438902512,-0.0439110063016414,0.0172711126506328,-0.0263319239020347,0.0533657409250736,0.0018868356710299,0.0403785109519958,0.0043942052870988,0.0278858821839094,-0.0262500047683715,-0.017208382487297,0.0064185098744928,0.003196882084012,0.0025510180275887,-0.0113779613748192,-0.0438931621611118,0.0843042880296707,-0.0106453662738204,-0.0337748490273952,0.0215198174118995,-0.0497168004512786,0.0032916518393903,-0.0245549753308296,-0.0131233474239707,-0.0423280000686645,-0.0325797721743583,-0.0362605899572372,0.0075601139105856,-0.0438786298036575,-0.0115961851552128,-0.0294427629560232,-0.0075914189219474,0.0015798150561749,0.0132127664983272,0.025931904092431,0.0082360934466123,0.0037960787303745,-0.0319945067167282,-0.0499742068350315,0.009845245629549,-0.0419546104967594,0.0236768908798694,-0.0141118746250867,0.0142857171595096,-0.0481704920530319,0.006036227568984,0.0023212272208184,0.009333356283605,-0.0164382979273796,0.0145309977233409,0.0027472283691167,0.0162760429084301,0.0018349044257774,-0.0249839462339878,-0.0027448020409792,0.0006569825927726,-0.0036463045980781,-0.021667756140232,-0.0045372219756245,0.0187919922173023,0.0124024096876382,-0.0191040821373462,-0.010454524308443,-0.0188046116381883,-0.011235955171287,-0.0006844131276011,-0.0163572430610656,-0.0089041171595454,-0.002205524360761,-0.0076019768603146,-0.0365491099655628,-0.0198524389415979,0.0159405507147312,0.0198525452395821,0.0493963527362595,0.0221214570863188,0.0419618763747073,-0.0215541228282226,-0.0420840851732227,-0.0453771567355038,-0.0318986940515261,-0.116279031678796,0.2186106643113086,-0.1854792752901648,-0.1874203045309392,2019-02-14,2019-02-15,2019-02-19,2019-02-20,2019-02-21,2019-02-22,2019-02-25,2019-02-26,2019-02-27,2019-02-28,75652.0,2019-02-13,252.0,-7.7929%,-0.0001,1.3108,0.8202,0.797,2.2939%,2.6469%,24.8950%,-0.082824,TEVA,75652.0,2019-02-14,252.0,-1.9852%,0.0,1.3175,0.8126,0.8006,2.2811%,2.6384%,25.2507%,-0.016842,TEVA,75652.0,2019-02-15,252.0,4.0509%,0.0,1.3159,0.8132,0.8007,2.2818%,2.6363%,25.0912%,0.0196469999999999,TEVA,75652.0,2019-02-19,252.0,0.2225%,-0.0002,1.2938,0.8396,0.8323,2.2423%,2.5916%,25.1390%,-0.0051359999999999,TEVA,75652.0,2019-02-20,252.0,-3.4406%,-0.0004,1.2818,0.8132,0.7898,2.2586%,2.6004%,24.5589%,-0.043389,TEVA,75652.0,2019-02-21,252.0,-0.8621%,-0.0003,1.2709,0.7907,0.7698,2.2501%,2.5862%,24.3053%,-0.001592,TEVA,75652.0,2019-02-22,252.0,0.0000%,-0.0003,1.2712,0.7861,0.7694,2.2500%,2.5860%,24.2958%,-0.001394,TEVA,75652.0,2019-02-25,252.0,2.0290%,-0.0002,1.2698,0.7738,0.7576,2.2531%,2.5876%,24.1871%,0.021712,TEVA,75652.0,2019-02-26,252.0,-3.7500%,-0.0003,1.2774,0.8051,0.7793,2.2598%,2.5971%,24.2930%,-0.028116,TEVA,75652.0,2019-02-27,252.0,0.3542%,-0.0002,1.2825,0.7966,0.7801,2.2586%,2.5972%,24.3741%,0.001698,TEVA,75652.0,2019-02-28,252.0,-1.0000%,-0.0002,1.2761,0.7921,0.7764,2.2572%,2.5907%,24.0925%,-0.004333,TEVA,-0.099666,-0.080019,-0.085155,-0.130136,-0.140569
23691,TEVA PHARMACEUTICAL INDS LTD,"From Teva Earnings Conference Call: Sees Return To Growth In 2020, Cites Launhces Of Ajovy, Austedo",6,increase,0.8,0.6,the announcement of a return to growth and the launch of new products like ajovy and austedo is likely to positively influence investor sentiment and drive the stock price up.,2,2019-02-13,TEVA,2019-02-13 13:05:00+00:00,75652.0,88162420,-0.0779289528727531,54906423.0,-0.0198524389415979,0.0159405507147312,0.0405091904103756,0.0329308658838272,0.0022247449960559,-0.0070845265872776,-0.0344062596559524,-0.0427751541137695,-0.0086206682026386,-0.0395791120827198,0.0,0.0147432135418057,0.0202898774296045,-0.0015228774864226,-0.0374999903142452,-0.007556655909866,0.0035418809857219,-0.0079959938302636,-0.0100000044330954,0.0131645686924457,0.0148544264957308,-0.0015167181845754,-0.0193208381533622,0.01124750636518,-0.0011940571712329,0.0113753518089652,-0.0454273335635662,-0.0061664409004151,0.0018785054562613,0.0378666184842586,-0.015625,-0.003719431348145,0.0019047450041398,0.0031982657965272,-0.0063370992429554,0.0058981562033295,0.035076480358839,-0.0095592299476265,0.0147874169051647,0.0194911006838083,0.0024287139531224,0.0010839322349056,0.0078739644959568,0.015410054475069,0.0162259899079799,0.0116927064955234,-0.002956785261631,0.0158370342105627,0.0130485948175191,0.0005659438902512,-0.0439110063016414,0.0172711126506328,-0.0263319239020347,0.0533657409250736,0.0018868356710299,0.0403785109519958,0.0043942052870988,0.0278858821839094,-0.0262500047683715,-0.017208382487297,0.0064185098744928,0.003196882084012,0.0025510180275887,-0.0113779613748192,-0.0438931621611118,0.0843042880296707,-0.0106453662738204,-0.0337748490273952,0.0215198174118995,-0.0497168004512786,0.0032916518393903,-0.0245549753308296,-0.0131233474239707,-0.0423280000686645,-0.0325797721743583,-0.0362605899572372,0.0075601139105856,-0.0438786298036575,-0.0115961851552128,-0.0294427629560232,-0.0075914189219474,0.0015798150561749,0.0132127664983272,0.025931904092431,0.0082360934466123,0.0037960787303745,-0.0319945067167282,-0.0499742068350315,0.009845245629549,-0.0419546104967594,0.0236768908798694,-0.0141118746250867,0.0142857171595096,-0.0481704920530319,0.006036227568984,0.0023212272208184,0.009333356283605,-0.0164382979273796,0.0145309977233409,0.0027472283691167,0.0162760429084301,0.0018349044257774,-0.0249839462339878,-0.0027448020409792,0.0006569825927726,-0.0036463045980781,-0.021667756140232,-0.0045372219756245,0.0187919922173023,0.0124024096876382,-0.0191040821373462,-0.010454524308443,-0.0188046116381883,-0.011235955171287,-0.0006844131276011,-0.0163572430610656,-0.0089041171595454,-0.002205524360761,-0.0076019768603146,-0.0365491099655628,-0.0198524389415979,0.0159405507147312,0.0198525452395821,0.0493963527362595,0.0221214570863188,0.0419618763747073,-0.0215541228282226,-0.0420840851732227,-0.0453771567355038,-0.0318986940515261,-0.116279031678796,0.2186106643113086,-0.1854792752901648,-0.1874203045309392,2019-02-14,2019-02-15,2019-02-19,2019-02-20,2019-02-21,2019-02-22,2019-02-25,2019-02-26,2019-02-27,2019-02-28,75652.0,2019-02-13,252.0,-7.7929%,-0.0001,1.3108,0.8202,0.797,2.2939%,2.6469%,24.8950%,-0.082824,TEVA,75652.0,2019-02-14,252.0,-1.9852%,0.0,1.3175,0.8126,0.8006,2.2811%,2.6384%,25.2507%,-0.016842,TEVA,75652.0,2019-02-15,252.0,4.0509%,0.0,1.3159,0.8132,0.8007,2.2818%,2.6363%,25.0912%,0.0196469999999999,TEVA,75652.0,2019-02-19,252.0,0.2225%,-0.0002,1.2938,0.8396,0.8323,2.2423%,2.5916%,25.1390%,-0.0051359999999999,TEVA,75652.0,2019-02-20,252.0,-3.4406%,-0.0004,1.2818,0.8132,0.7898,2.2586%,2.6004%,24.5589%,-0.043389,TEVA,75652.0,2019-02-21,252.0,-0.8621%,-0.0003,1.2709,0.7907,0.7698,2.2501%,2.5862%,24.3053%,-0.001592,TEVA,75652.0,2019-02-22,252.0,0.0000%,-0.0003,1.2712,0.7861,0.7694,2.2500%,2.5860%,24.2958%,-0.001394,TEVA,75652.0,2019-02-25,252.0,2.0290%,-0.0002,1.2698,0.7738,0.7576,2.2531%,2.5876%,24.1871%,0.021712,TEVA,75652.0,2019-02-26,252.0,-3.7500%,-0.0003,1.2774,0.8051,0.7793,2.2598%,2.5971%,24.2930%,-0.028116,TEVA,75652.0,2019-02-27,252.0,0.3542%,-0.0002,1.2825,0.7966,0.7801,2.2586%,2.5972%,24.3741%,0.001698,TEVA,75652.0,2019-02-28,252.0,-1.0000%,-0.0002,1.2761,0.7921,0.7764,2.2572%,2.5907%,24.0925%,-0.004333,TEVA,-0.099666,-0.080019,-0.085155,-0.130136,-0.140569
23699,TEVA PHARMACEUTICAL INDS LTD,"Teva Pharamaceuticals Sees FY19 Adj. EPS $2.20-$2.50 vs $2.81 Est., Sales $17.0B-$17.4B vs $17.93B Est.",6,decrease,0.8,0.7,"the company's adjusted eps and sales guidance are both below analyst estimates, which is likely to lead to a negative reaction in the stock price.",0,2019-02-13,TEVA,2019-02-13 12:03:00+00:00,75652.0,88162420,-0.0779289528727531,54906423.0,-0.0198524389415979,0.0159405507147312,0.0405091904103756,0.0329308658838272,0.0022247449960559,-0.0070845265872776,-0.0344062596559524,-0.0427751541137695,-0.0086206682026386,-0.0395791120827198,0.0,0.0147432135418057,0.0202898774296045,-0.0015228774864226,-0.0374999903142452,-0.007556655909866,0.0035418809857219,-0.0079959938302636,-0.0100000044330954,0.0131645686924457,0.0148544264957308,-0.0015167181845754,-0.0193208381533622,0.01124750636518,-0.0011940571712329,0.0113753518089652,-0.0454273335635662,-0.0061664409004151,0.0018785054562613,0.0378666184842586,-0.015625,-0.003719431348145,0.0019047450041398,0.0031982657965272,-0.0063370992429554,0.0058981562033295,0.035076480358839,-0.0095592299476265,0.0147874169051647,0.0194911006838083,0.0024287139531224,0.0010839322349056,0.0078739644959568,0.015410054475069,0.0162259899079799,0.0116927064955234,-0.002956785261631,0.0158370342105627,0.0130485948175191,0.0005659438902512,-0.0439110063016414,0.0172711126506328,-0.0263319239020347,0.0533657409250736,0.0018868356710299,0.0403785109519958,0.0043942052870988,0.0278858821839094,-0.0262500047683715,-0.017208382487297,0.0064185098744928,0.003196882084012,0.0025510180275887,-0.0113779613748192,-0.0438931621611118,0.0843042880296707,-0.0106453662738204,-0.0337748490273952,0.0215198174118995,-0.0497168004512786,0.0032916518393903,-0.0245549753308296,-0.0131233474239707,-0.0423280000686645,-0.0325797721743583,-0.0362605899572372,0.0075601139105856,-0.0438786298036575,-0.0115961851552128,-0.0294427629560232,-0.0075914189219474,0.0015798150561749,0.0132127664983272,0.025931904092431,0.0082360934466123,0.0037960787303745,-0.0319945067167282,-0.0499742068350315,0.009845245629549,-0.0419546104967594,0.0236768908798694,-0.0141118746250867,0.0142857171595096,-0.0481704920530319,0.006036227568984,0.0023212272208184,0.009333356283605,-0.0164382979273796,0.0145309977233409,0.0027472283691167,0.0162760429084301,0.0018349044257774,-0.0249839462339878,-0.0027448020409792,0.0006569825927726,-0.0036463045980781,-0.021667756140232,-0.0045372219756245,0.0187919922173023,0.0124024096876382,-0.0191040821373462,-0.010454524308443,-0.0188046116381883,-0.011235955171287,-0.0006844131276011,-0.0163572430610656,-0.0089041171595454,-0.002205524360761,-0.0076019768603146,-0.0365491099655628,-0.0198524389415979,0.0159405507147312,0.0198525452395821,0.0493963527362595,0.0221214570863188,0.0419618763747073,-0.0215541228282226,-0.0420840851732227,-0.0453771567355038,-0.0318986940515261,-0.116279031678796,0.2186106643113086,-0.1854792752901648,-0.1874203045309392,2019-02-14,2019-02-15,2019-02-19,2019-02-20,2019-02-21,2019-02-22,2019-02-25,2019-02-26,2019-02-27,2019-02-28,75652.0,2019-02-13,252.0,-7.7929%,-0.0001,1.3108,0.8202,0.797,2.2939%,2.6469%,24.8950%,-0.082824,TEVA,75652.0,2019-02-14,252.0,-1.9852%,0.0,1.3175,0.8126,0.8006,2.2811%,2.6384%,25.2507%,-0.016842,TEVA,75652.0,2019-02-15,252.0,4.0509%,0.0,1.3159,0.8132,0.8007,2.2818%,2.6363%,25.0912%,0.0196469999999999,TEVA,75652.0,2019-02-19,252.0,0.2225%,-0.0002,1.2938,0.8396,0.8323,2.2423%,2.5916%,25.1390%,-0.0051359999999999,TEVA,75652.0,2019-02-20,252.0,-3.4406%,-0.0004,1.2818,0.8132,0.7898,2.2586%,2.6004%,24.5589%,-0.043389,TEVA,75652.0,2019-02-21,252.0,-0.8621%,-0.0003,1.2709,0.7907,0.7698,2.2501%,2.5862%,24.3053%,-0.001592,TEVA,75652.0,2019-02-22,252.0,0.0000%,-0.0003,1.2712,0.7861,0.7694,2.2500%,2.5860%,24.2958%,-0.001394,TEVA,75652.0,2019-02-25,252.0,2.0290%,-0.0002,1.2698,0.7738,0.7576,2.2531%,2.5876%,24.1871%,0.021712,TEVA,75652.0,2019-02-26,252.0,-3.7500%,-0.0003,1.2774,0.8051,0.7793,2.2598%,2.5971%,24.2930%,-0.028116,TEVA,75652.0,2019-02-27,252.0,0.3542%,-0.0002,1.2825,0.7966,0.7801,2.2586%,2.5972%,24.3741%,0.001698,TEVA,75652.0,2019-02-28,252.0,-1.0000%,-0.0002,1.2761,0.7921,0.7764,2.2572%,2.5907%,24.0925%,-0.004333,TEVA,-0.099666,-0.080019,-0.085155,-0.130136,-0.140569
23707,TEVA PHARMACEUTICAL INDS LTD,"Teva Pharmaceutical Q4 EPS $0.53 Misses $0.54 Estimate, Sales $4.6B Beat $4.53B Estimate",6,uncertain,0.6,0.2,"while teva's sales beat expectations, the earnings per share miss could create mixed reactions among investors, leading to uncertainty in the stock price movement.",1,2019-02-13,TEVA,2019-02-13 12:02:00+00:00,75652.0,88162420,-0.0779289528727531,54906423.0,-0.0198524389415979,0.0159405507147312,0.0405091904103756,0.0329308658838272,0.0022247449960559,-0.0070845265872776,-0.0344062596559524,-0.0427751541137695,-0.0086206682026386,-0.0395791120827198,0.0,0.0147432135418057,0.0202898774296045,-0.0015228774864226,-0.0374999903142452,-0.007556655909866,0.0035418809857219,-0.0079959938302636,-0.0100000044330954,0.0131645686924457,0.0148544264957308,-0.0015167181845754,-0.0193208381533622,0.01124750636518,-0.0011940571712329,0.0113753518089652,-0.0454273335635662,-0.0061664409004151,0.0018785054562613,0.0378666184842586,-0.015625,-0.003719431348145,0.0019047450041398,0.0031982657965272,-0.0063370992429554,0.0058981562033295,0.035076480358839,-0.0095592299476265,0.0147874169051647,0.0194911006838083,0.0024287139531224,0.0010839322349056,0.0078739644959568,0.015410054475069,0.0162259899079799,0.0116927064955234,-0.002956785261631,0.0158370342105627,0.0130485948175191,0.0005659438902512,-0.0439110063016414,0.0172711126506328,-0.0263319239020347,0.0533657409250736,0.0018868356710299,0.0403785109519958,0.0043942052870988,0.0278858821839094,-0.0262500047683715,-0.017208382487297,0.0064185098744928,0.003196882084012,0.0025510180275887,-0.0113779613748192,-0.0438931621611118,0.0843042880296707,-0.0106453662738204,-0.0337748490273952,0.0215198174118995,-0.0497168004512786,0.0032916518393903,-0.0245549753308296,-0.0131233474239707,-0.0423280000686645,-0.0325797721743583,-0.0362605899572372,0.0075601139105856,-0.0438786298036575,-0.0115961851552128,-0.0294427629560232,-0.0075914189219474,0.0015798150561749,0.0132127664983272,0.025931904092431,0.0082360934466123,0.0037960787303745,-0.0319945067167282,-0.0499742068350315,0.009845245629549,-0.0419546104967594,0.0236768908798694,-0.0141118746250867,0.0142857171595096,-0.0481704920530319,0.006036227568984,0.0023212272208184,0.009333356283605,-0.0164382979273796,0.0145309977233409,0.0027472283691167,0.0162760429084301,0.0018349044257774,-0.0249839462339878,-0.0027448020409792,0.0006569825927726,-0.0036463045980781,-0.021667756140232,-0.0045372219756245,0.0187919922173023,0.0124024096876382,-0.0191040821373462,-0.010454524308443,-0.0188046116381883,-0.011235955171287,-0.0006844131276011,-0.0163572430610656,-0.0089041171595454,-0.002205524360761,-0.0076019768603146,-0.0365491099655628,-0.0198524389415979,0.0159405507147312,0.0198525452395821,0.0493963527362595,0.0221214570863188,0.0419618763747073,-0.0215541228282226,-0.0420840851732227,-0.0453771567355038,-0.0318986940515261,-0.116279031678796,0.2186106643113086,-0.1854792752901648,-0.1874203045309392,2019-02-14,2019-02-15,2019-02-19,2019-02-20,2019-02-21,2019-02-22,2019-02-25,2019-02-26,2019-02-27,2019-02-28,75652.0,2019-02-13,252.0,-7.7929%,-0.0001,1.3108,0.8202,0.797,2.2939%,2.6469%,24.8950%,-0.082824,TEVA,75652.0,2019-02-14,252.0,-1.9852%,0.0,1.3175,0.8126,0.8006,2.2811%,2.6384%,25.2507%,-0.016842,TEVA,75652.0,2019-02-15,252.0,4.0509%,0.0,1.3159,0.8132,0.8007,2.2818%,2.6363%,25.0912%,0.0196469999999999,TEVA,75652.0,2019-02-19,252.0,0.2225%,-0.0002,1.2938,0.8396,0.8323,2.2423%,2.5916%,25.1390%,-0.0051359999999999,TEVA,75652.0,2019-02-20,252.0,-3.4406%,-0.0004,1.2818,0.8132,0.7898,2.2586%,2.6004%,24.5589%,-0.043389,TEVA,75652.0,2019-02-21,252.0,-0.8621%,-0.0003,1.2709,0.7907,0.7698,2.2501%,2.5862%,24.3053%,-0.001592,TEVA,75652.0,2019-02-22,252.0,0.0000%,-0.0003,1.2712,0.7861,0.7694,2.2500%,2.5860%,24.2958%,-0.001394,TEVA,75652.0,2019-02-25,252.0,2.0290%,-0.0002,1.2698,0.7738,0.7576,2.2531%,2.5876%,24.1871%,0.021712,TEVA,75652.0,2019-02-26,252.0,-3.7500%,-0.0003,1.2774,0.8051,0.7793,2.2598%,2.5971%,24.2930%,-0.028116,TEVA,75652.0,2019-02-27,252.0,0.3542%,-0.0002,1.2825,0.7966,0.7801,2.2586%,2.5972%,24.3741%,0.001698,TEVA,75652.0,2019-02-28,252.0,-1.0000%,-0.0002,1.2761,0.7921,0.7764,2.2572%,2.5907%,24.0925%,-0.004333,TEVA,-0.099666,-0.080019,-0.085155,-0.130136,-0.140569
23715,TAYLOR MORRISON HOME CORP,"Taylor Morrison Home Q4 EPS $0.86 Up From $0.77 YoY, Sales $1.46B Beat $1.45B Estimate",6,increase,0.8,0.6,"the company reported higher earnings per share and sales that exceeded estimates, which typically signals positive performance and can lead to an increase in stock price.",2,2019-02-13,TMHC,2019-02-13 12:00:00+00:00,13862.0,87724P10,-0.043522298336029,1804764.0,-0.0216931141912937,0.0477200224995613,-0.0205516051501035,0.0005305160884745,0.0038652508519589,-0.0104986280202865,-0.0121012767776846,0.0,0.0133631229400634,-0.0119295353069901,0.0021977475844323,0.0163416657596826,-0.0230263210833072,0.0010553324827924,-0.0387205705046653,0.0026455633342266,-0.0093403300270438,0.0177705939859151,-0.0117854364216327,0.0075962771661579,-0.0196779910475015,0.0216185897588729,0.0145985260605812,0.0027793855406343,-0.0035970902536064,0.0027870254125446,-0.029482651501894,0.0251428876072168,0.0291383285075426,0.0198135282844305,0.011445814743638,-0.0211067218333482,0.034544363617897,-0.0212171506136655,0.0080598378553986,-0.0005580484867095,0.006282159127295,-0.0132158463820815,-0.0028377491980791,0.0139586823061108,0.00626070657745,-0.0170142408460378,0.0067872698418796,-0.0140692768618464,-0.0342695899307727,-0.0080515099689364,-0.0127982087433338,0.0185892954468727,0.0282852966338396,0.0138580920174717,-0.0103152031078934,0.0373778939247131,0.0330051928758621,0.0507552996277809,-0.0095291519537568,0.004247554577887,0.0373514331877231,0.0364779829978942,-0.0098199835047125,-0.0062500238418579,-0.022038547322154,0.0107391076162457,0.0033802515827119,0.0057179257273674,-0.0168444272130727,0.0348454788327217,-0.0057110441848635,-0.0281149893999099,0.0321653932332992,-0.0410539284348487,0.0267112664878368,-0.0097087286412715,0.0086720781400799,-0.0172928385436534,-0.0053734756074845,0.0066026779823005,0.0156671535223722,0.0078644379973411,0.0132978726178407,-0.0054151713848114,-0.0052492637187242,-0.0012018360430374,0.0073878304101526,0.0214854795485734,0.006809804122895,0.0,0.0088449576869606,-0.0479251705110073,0.0087674101814627,0.0029308996163308,-0.025051113218069,0.0258569046854972,0.0178290586918592,-0.0314502567052841,0.0020608406048268,0.0153755312785506,-0.0308483466506004,-0.0017709968378767,-0.0005305160884745,-0.0076156510040163,0.0063693700358271,0.0295536648482084,0.0210971273481845,0.003631928935647,0.0655990988016128,-0.0160810276865959,0.030053362250328,0.0078031853772699,-0.0296470187604427,0.0412499904632568,0.003879724536091,-0.0024938224814832,-0.0086956666782498,0.0100756175816059,-0.0141325974836945,0.0338541977107524,0.0074147121049463,-0.0506798923015594,0.0004906883696094,-0.0012345961295068,-0.0216931141912937,0.0477200224995613,-0.0417988910240617,0.0482758548277142,-0.0380952033712445,0.0372703965652301,-0.0370369779366648,0.0248962427465095,-0.11269837254769,0.0721649461096076,-0.0396825423738945,0.2350000169230426,0.0788359709122634,0.2197530438802823,2019-02-14,2019-02-15,2019-02-19,2019-02-20,2019-02-21,2019-02-22,2019-02-25,2019-02-26,2019-02-27,2019-02-28,13862.0,2019-02-13,252.0,-4.3522%,-0.0009,0.9383,0.8956,0.4862,1.7096%,1.9873%,26.0011%,-0.047153,TMHC,13862.0,2019-02-14,252.0,-2.1693%,-0.0009,0.9432,0.8843,0.4986,1.7145%,1.9917%,25.8932%,-0.02166,TMHC,13862.0,2019-02-15,252.0,-2.0552%,-0.0011,0.9155,0.8557,0.4487,1.7280%,1.9896%,24.5696%,-0.035914,TMHC,13862.0,2019-02-19,252.0,0.3865%,-0.0011,0.9201,0.8486,0.4404,1.7254%,1.9892%,24.7668%,-0.001802,TMHC,13862.0,2019-02-20,252.0,-1.2101%,-0.0011,0.9153,0.8376,0.4231,1.7287%,1.9902%,24.5517%,-0.018239,TMHC,13862.0,2019-02-21,252.0,1.3363%,-0.001,0.9088,0.8285,0.411,1.7326%,1.9899%,24.1839%,0.018209,TMHC,13862.0,2019-02-22,252.0,0.2198%,-0.0011,0.9096,0.8119,0.4055,1.7309%,1.9875%,24.1531%,-0.002325,TMHC,13862.0,2019-02-25,252.0,-2.3026%,-0.0011,0.9083,0.8207,0.4053,1.7342%,1.9907%,24.1122%,-0.02165,TMHC,13862.0,2019-02-26,252.0,-3.8721%,-0.0012,0.9156,0.8548,0.4281,1.7441%,2.0042%,24.2751%,-0.030777,TMHC,13862.0,2019-02-27,252.0,-0.9340%,-0.0013,0.9175,0.8484,0.4284,1.7450%,2.0049%,24.2468%,-0.011375,TMHC,13862.0,2019-02-28,252.0,-1.1785%,-0.0012,0.9022,0.8377,0.4188,1.7343%,1.9866%,23.7829%,-0.00814,TMHC,-0.068813,-0.104727,-0.106529,-0.106559,-0.180826
23723,TEMPUR SEALY INTERNATIONAL INC,Tempur Sealy Q4 Earnings Preview,6,uncertain,0.5,0.5,the impact on tempur sealy international inc's stock price is uncertain as it depends on the actual earnings results and market expectations.,1,2019-02-13,TPX,2019-02-13 18:35:00+00:00,89971.0,88023U10,0.0049806395545601,1580304.0,0.0293686185032129,0.0270936023443937,0.016226815059781,-0.010127549059689,0.0096508022397756,0.0066074845381081,0.0170316211879253,-0.0174364428967237,-0.000341771316016,-0.0046159527264535,-0.0044444156810641,0.00894186925143,0.0202609281986951,0.0011190110817551,-0.01380006223917,0.0113164559006691,-0.0046074511483311,0.0079848291352391,-0.0020573073998093,-0.0009497255668975,0.0061845150776207,0.0271167233586311,0.0163906272500753,-0.0500370785593986,-0.0159582886844873,0.0148580204695463,-0.0168999936431646,0.021714013069868,-0.0086820628494024,0.005603882484138,0.0042039179243147,-0.0137221496552228,-0.0015698613133281,0.0065221590921282,0.004542248789221,0.0405190140008926,-0.0010435021249577,0.0237024910748004,-0.0076601435430347,0.0024579870514571,-0.0064912093803286,0.0160249844193458,-0.0012360885739326,0.0043896129354834,-0.0095473993569612,0.0012557843001559,0.0049981931224465,0.0159472674131393,0.0227353926748037,0.0618649311363697,-0.0418548732995986,0.0492774657905101,0.018307089805603,0.0277574732899665,0.0177999287843704,-0.0216769855469465,0.0047219386324286,0.0140096135437488,0.018624885007739,-0.0019285925664007,-0.0145249878987669,-0.0036032074131071,0.0138720842078328,-0.004305197391659,-0.0042756968177855,0.0614369660615921,-0.0029199928976595,-0.0467086248099803,-0.0070628742687404,-0.0525109134614467,0.0241151880472898,-0.0029721322935074,0.0037269392050802,-0.0369880348443985,0.0038818488828837,0.0062028970569372,0.0702757313847541,-0.033404741436243,0.0097392229363322,-0.0404766276478767,-0.0230242628604173,-0.0362376607954502,-0.0046178488992154,0.0027799720410257,0.0033595089334994,-0.0123553844168782,-0.0322066396474838,0.0216389875859022,0.0090609425678849,-0.0390835367143154,-0.0128979738801717,0.0152462627738714,0.0241481829434633,-0.0430228076875209,-0.0103359073400497,0.0486465208232402,-0.0021213651634752,-0.0079782027751207,0.0080130472779273,0.0052816993556916,0.0077871438115835,0.0219911728054285,-0.0115904286503791,0.0056292475201189,0.0047230795025825,0.0101543460041284,0.0735938549041748,0.0081900395452976,-0.0117772361263632,0.0297280177474021,0.0077922409400343,-0.0133139044046402,-0.0312310121953487,-0.0211769677698612,-0.0098591716960072,0.0107017997652292,-0.0197565983980894,0.0311969704926013,0.0098355468362569,-0.0016949540004134,0.0293686185032129,0.0270936023443937,0.0460719927040069,0.0166916614977581,0.0561674266341614,0.023409435931128,0.0737885545586249,0.0009231760886987,0.0684654841632714,0.0296295827955288,0.0741556694342016,0.3068948827115727,0.149596215214552,0.1485169115548275,2019-02-14,2019-02-15,2019-02-19,2019-02-20,2019-02-21,2019-02-22,2019-02-25,2019-02-26,2019-02-27,2019-02-28,89971.0,2019-02-13,252.0,0.4981%,-0.0001,1.1373,1.51,0.212,2.0957%,2.5322%,31.5050%,0.000659,TPX,89971.0,2019-02-14,252.0,2.9369%,0.0001,1.1323,1.5241,0.1952,2.1001%,2.5382%,31.5410%,0.0250349999999999,TPX,89971.0,2019-02-15,252.0,1.6227%,0.0,1.1266,1.5188,0.1857,2.0998%,2.5342%,31.3449%,-0.0014149999999999,TPX,89971.0,2019-02-19,252.0,0.9651%,0.0001,1.1293,1.5172,0.1836,2.0994%,2.5348%,31.4046%,0.002449,TPX,89971.0,2019-02-20,252.0,1.7032%,0.0003,1.136,1.5502,0.2124,2.0841%,2.5271%,31.9846%,0.010438,TPX,89971.0,2019-02-21,252.0,-0.0342%,0.0003,1.1368,1.5529,0.2138,2.0841%,2.5266%,31.9603%,0.0053349999999999,TPX,89971.0,2019-02-22,252.0,-0.4444%,0.0002,1.1401,1.5306,0.2323,2.0852%,2.5233%,31.7090%,-0.017332,TPX,89971.0,2019-02-25,252.0,2.0261%,0.0006,1.1296,1.5091,0.1824,2.0139%,2.4633%,33.1566%,0.0228489999999999,TPX,89971.0,2019-02-26,252.0,-1.3800%,0.0005,1.1232,1.5187,0.1825,2.0127%,2.4609%,33.1112%,-0.001832,TPX,89971.0,2019-02-27,252.0,-0.4607%,0.0005,1.1249,1.513,0.1827,2.0133%,2.4611%,33.0845%,-0.008385,TPX,89971.0,2019-02-28,252.0,-0.2057%,0.0005,1.1199,1.5097,0.1789,2.0125%,2.4558%,32.8418%,0.001484,TPX,0.0256939999999999,0.024279,0.026728,0.042501,0.0392849999999999
23731,TRIPADVISOR INC,"TripAdvisor shares are trading lower after the company reported Q4 EPS of $0.27, missing the $0.30 consensus estimate; the company also reported hotel revenue down 2% and average monthly unique hotel shoppers down 11% from Q4 last year.",6,decrease,0.8,0.7,"the missed eps estimate and decline in hotel revenue and unique shoppers indicate weaker performance, likely leading to a decrease in stock price.",0,2019-02-13,TRIP,2019-02-13 17:37:00+00:00,13168.0,89694520,-0.0571286752820015,9641340.0,0.0144011192023754,0.0142760910093784,-0.0164473168551921,0.0057432455942034,-0.0066889817826449,0.0090336222201585,-0.0182526800781488,-0.00928745418787,-0.0184115599840879,-0.0121768061071634,0.0102978581562638,0.0404373817145824,-0.0322169736027717,0.0,0.0013165979180485,0.0041826046071946,0.0167167428880929,0.0047277263365685,-0.0177351348102092,0.0136670293286442,-0.0118487356230616,-0.0079239439219236,0.003045295830816,-0.0076882513239979,-0.007210646290332,0.0095255058258771,-0.0319189243018627,0.0199711546301841,0.0078972894698381,0.0048815845511853,-0.0027423975989222,-0.0631774961948394,0.0176782850176096,0.0100940996780991,-0.0098437005653977,0.0272407587617635,0.0161793734878301,0.0026431987062096,-0.0080568194389343,0.0177546925842762,-0.0023206137120723,-0.004641237668693,-0.0052335811778903,-0.026754705235362,-0.0031176898628473,-0.0048409192822873,0.0121188219636678,0.011719468049705,0.010621921159327,0.0349383875727653,-0.0301930401474237,0.0244807787239551,0.0005911089247092,0.0564262792468071,0.0027569790836423,-0.0586499497294426,-0.004516880493611,0.0051910011097788,0.0106530068442225,0.007282902020961,0.0042943824082612,-0.0105321453884244,0.0250729043036699,0.0081966957077384,-0.0034129749983549,0.040108498185873,0.0184550490230321,-0.0165777243673801,0.0031758265104144,-0.0459916181862354,-0.0148975644260644,-0.0292923934757709,-0.0130435237661004,-0.0225940216332674,0.0155142955482006,0.0046785734593868,0.0066012535244226,-0.0492586754262447,0.0095559703186154,-0.0112395929172635,-0.0239421091973781,-0.0187020767480135,-0.0032325913198292,0.0124615710228681,-0.0036245447117835,0.0114585161209106,-0.0275703351944685,-0.008440195582807,0.0183106958866119,-0.0355353839695453,0.0027068713679909,0.0104397311806678,0.0337446965277195,-0.0212106388062238,-0.0104458378627896,0.0082734748721122,-0.0035815010778605,0.0081837680190801,0.0100264614447951,0.0034744350705295,-0.0001872695575002,0.0231055151671171,-0.0028100698255002,0.0111093008890748,-0.0185984950512647,0.0436487197875976,0.0038284254260361,-0.0124599738046526,0.0503433123230934,0.0107215978205204,0.0206971559673547,-0.034664049744606,-0.0227677430957555,-0.0439767427742481,-0.1141245141625404,0.0074366675689816,0.0032875214237719,0.030154887586832,-0.0278517417609691,-0.0277337562292814,0.0144011192023754,0.0142760910093784,-0.0022830574234076,0.0201013277003738,-0.0089567678765386,0.0293165377211013,-0.0449595645512652,0.00733942661042,-0.0662100548081033,0.071884970801469,-0.1002809832038635,0.1277311024062342,-0.1663153797954673,-0.0429476836726998,2019-02-14,2019-02-15,2019-02-19,2019-02-20,2019-02-21,2019-02-22,2019-02-25,2019-02-26,2019-02-27,2019-02-28,13168.0,2019-02-13,252.0,-5.7129%,0.0016,1.3447,0.3337,-0.1624,2.5314%,2.9399%,25.8623%,-0.0610989999999999,TRIP,13168.0,2019-02-14,252.0,1.4401%,0.0015,1.3383,0.3388,-0.1623,2.5120%,2.9200%,25.9893%,0.014448,TRIP,13168.0,2019-02-15,252.0,-1.6447%,0.0013,1.317,0.3161,-0.2017,2.5206%,2.9197%,25.4714%,-0.031738,TRIP,13168.0,2019-02-19,252.0,-0.6689%,0.0012,1.3075,0.3196,-0.1969,2.5172%,2.9095%,25.1441%,-0.009603,TRIP,13168.0,2019-02-20,252.0,-1.8253%,0.001,1.2996,0.2938,-0.2269,2.5179%,2.9093%,25.0977%,-0.020457,TRIP,13168.0,2019-02-21,252.0,-1.8412%,0.001,1.3002,0.2917,-0.2257,2.5192%,2.9101%,25.0599%,-0.0140189999999999,TRIP,13168.0,2019-02-22,252.0,1.0298%,0.001,1.3006,0.296,-0.217,2.5192%,2.9102%,25.0643%,-0.003176,TRIP,13168.0,2019-02-25,252.0,-3.2217%,0.0009,1.2986,0.3111,-0.2168,2.5259%,2.9156%,24.9474%,-0.033889,TRIP,13168.0,2019-02-26,252.0,0.1317%,0.001,1.3005,0.3041,-0.2189,2.5258%,2.9142%,24.8793%,0.00457,TRIP,13168.0,2019-02-27,252.0,1.6717%,0.0011,1.3161,0.2804,-0.2163,2.5179%,2.9127%,25.2722%,0.014606,TRIP,13168.0,2019-02-28,252.0,-1.7735%,0.0012,1.3055,0.2726,-0.2204,2.5145%,2.9025%,24.9495%,-0.014352,TRIP,-0.0466509999999999,-0.0783889999999999,-0.0879919999999999,-0.122468,-0.154709
23739,TRIPADVISOR INC,"TripAdvisor Announces Mixed Q4 Results, Discouraging 2019 Guidance: 2 Bear Analysts React",6,decrease,0.8,0.7,"the announcement of mixed q4 results and discouraging guidance for 2019 suggests potential challenges ahead, likely leading to a decrease in investor confidence and stock price.",0,2019-02-13,TRIP,2019-02-13 15:42:00+00:00,13168.0,89694520,-0.0571286752820015,9641340.0,0.0144011192023754,0.0142760910093784,-0.0164473168551921,0.0057432455942034,-0.0066889817826449,0.0090336222201585,-0.0182526800781488,-0.00928745418787,-0.0184115599840879,-0.0121768061071634,0.0102978581562638,0.0404373817145824,-0.0322169736027717,0.0,0.0013165979180485,0.0041826046071946,0.0167167428880929,0.0047277263365685,-0.0177351348102092,0.0136670293286442,-0.0118487356230616,-0.0079239439219236,0.003045295830816,-0.0076882513239979,-0.007210646290332,0.0095255058258771,-0.0319189243018627,0.0199711546301841,0.0078972894698381,0.0048815845511853,-0.0027423975989222,-0.0631774961948394,0.0176782850176096,0.0100940996780991,-0.0098437005653977,0.0272407587617635,0.0161793734878301,0.0026431987062096,-0.0080568194389343,0.0177546925842762,-0.0023206137120723,-0.004641237668693,-0.0052335811778903,-0.026754705235362,-0.0031176898628473,-0.0048409192822873,0.0121188219636678,0.011719468049705,0.010621921159327,0.0349383875727653,-0.0301930401474237,0.0244807787239551,0.0005911089247092,0.0564262792468071,0.0027569790836423,-0.0586499497294426,-0.004516880493611,0.0051910011097788,0.0106530068442225,0.007282902020961,0.0042943824082612,-0.0105321453884244,0.0250729043036699,0.0081966957077384,-0.0034129749983549,0.040108498185873,0.0184550490230321,-0.0165777243673801,0.0031758265104144,-0.0459916181862354,-0.0148975644260644,-0.0292923934757709,-0.0130435237661004,-0.0225940216332674,0.0155142955482006,0.0046785734593868,0.0066012535244226,-0.0492586754262447,0.0095559703186154,-0.0112395929172635,-0.0239421091973781,-0.0187020767480135,-0.0032325913198292,0.0124615710228681,-0.0036245447117835,0.0114585161209106,-0.0275703351944685,-0.008440195582807,0.0183106958866119,-0.0355353839695453,0.0027068713679909,0.0104397311806678,0.0337446965277195,-0.0212106388062238,-0.0104458378627896,0.0082734748721122,-0.0035815010778605,0.0081837680190801,0.0100264614447951,0.0034744350705295,-0.0001872695575002,0.0231055151671171,-0.0028100698255002,0.0111093008890748,-0.0185984950512647,0.0436487197875976,0.0038284254260361,-0.0124599738046526,0.0503433123230934,0.0107215978205204,0.0206971559673547,-0.034664049744606,-0.0227677430957555,-0.0439767427742481,-0.1141245141625404,0.0074366675689816,0.0032875214237719,0.030154887586832,-0.0278517417609691,-0.0277337562292814,0.0144011192023754,0.0142760910093784,-0.0022830574234076,0.0201013277003738,-0.0089567678765386,0.0293165377211013,-0.0449595645512652,0.00733942661042,-0.0662100548081033,0.071884970801469,-0.1002809832038635,0.1277311024062342,-0.1663153797954673,-0.0429476836726998,2019-02-14,2019-02-15,2019-02-19,2019-02-20,2019-02-21,2019-02-22,2019-02-25,2019-02-26,2019-02-27,2019-02-28,13168.0,2019-02-13,252.0,-5.7129%,0.0016,1.3447,0.3337,-0.1624,2.5314%,2.9399%,25.8623%,-0.0610989999999999,TRIP,13168.0,2019-02-14,252.0,1.4401%,0.0015,1.3383,0.3388,-0.1623,2.5120%,2.9200%,25.9893%,0.014448,TRIP,13168.0,2019-02-15,252.0,-1.6447%,0.0013,1.317,0.3161,-0.2017,2.5206%,2.9197%,25.4714%,-0.031738,TRIP,13168.0,2019-02-19,252.0,-0.6689%,0.0012,1.3075,0.3196,-0.1969,2.5172%,2.9095%,25.1441%,-0.009603,TRIP,13168.0,2019-02-20,252.0,-1.8253%,0.001,1.2996,0.2938,-0.2269,2.5179%,2.9093%,25.0977%,-0.020457,TRIP,13168.0,2019-02-21,252.0,-1.8412%,0.001,1.3002,0.2917,-0.2257,2.5192%,2.9101%,25.0599%,-0.0140189999999999,TRIP,13168.0,2019-02-22,252.0,1.0298%,0.001,1.3006,0.296,-0.217,2.5192%,2.9102%,25.0643%,-0.003176,TRIP,13168.0,2019-02-25,252.0,-3.2217%,0.0009,1.2986,0.3111,-0.2168,2.5259%,2.9156%,24.9474%,-0.033889,TRIP,13168.0,2019-02-26,252.0,0.1317%,0.001,1.3005,0.3041,-0.2189,2.5258%,2.9142%,24.8793%,0.00457,TRIP,13168.0,2019-02-27,252.0,1.6717%,0.0011,1.3161,0.2804,-0.2163,2.5179%,2.9127%,25.2722%,0.014606,TRIP,13168.0,2019-02-28,252.0,-1.7735%,0.0012,1.3055,0.2726,-0.2204,2.5145%,2.9025%,24.9495%,-0.014352,TRIP,-0.0466509999999999,-0.0783889999999999,-0.0879919999999999,-0.122468,-0.154709
23747,T ROWE PRICE GROUP INC,T. Rowe Price Chairman Brian Rogers To Retire From Board In April 2019; CEO William Stromberg To Assume Chairman Role,6,uncertain,0.6,0.3,"the retirement of a long-standing chairman may create uncertainty about leadership continuity, but the transition to an existing ceo as chairman could also be seen as a stabilizing move.",1,2019-02-13,TROW,2019-02-13 13:34:00+00:00,10138.0,74144T10,0.010711720213294,1694071.0,-0.0080505544319748,0.0476961061358451,0.0024656411260366,0.0031392176169902,-0.0018446433823555,-0.0145082212984561,0.0080082006752491,-0.0050944951362907,-0.0110002225264906,-0.004016884136945,0.0097837755456566,-0.0059892791323363,0.0006119077443145,0.010833740234375,0.0040770717896521,0.0073828636668622,0.0175616256892681,0.0472882278263568,0.001895475317724,-0.0378436893224716,0.0023897029459476,-0.0179989095777273,-0.0112247671931982,-0.0010577059583738,-0.0073337689973413,0.0073514003306627,-0.0075903250835835,0.0025635319761931,-0.0182541403919458,-0.0089975493028759,0.005920844618231,-0.0221509095281362,0.0232342015951871,0.0197382606565952,0.0135230999439954,-0.0055631236173212,0.009160591289401,0.0271697752177715,0.0008880298119038,0.0171071123331785,0.0174811501055955,0.0104155391454696,0.0040023038163781,-0.0221042465418577,-0.0020417994819581,-0.0038855974562466,-0.0173421557992696,0.0035745431669056,0.0143763329833746,0.0051170522347092,-0.0346984229981899,-0.0014134037774056,-0.0054678097367286,0.0356942452490329,0.0170026291161775,-0.0329921469092369,-0.0080088404938578,-0.0051993429660797,0.0,0.0107291806489229,0.010394656099379,0.0003285377169959,0.0317618884146213,0.0185164082795381,-0.0002904782886616,0.0553267188370227,0.00029056268977,-0.0210878290235996,-0.0028073659632354,-0.0059565207920968,0.0138821499422192,-0.0125551475211978,0.0005744691588915,-0.0263215787708759,-0.0065071801654994,-0.0025265926960855,0.0022154049947857,-0.0102207502350211,0.0067275054752826,-0.0138323064893484,0.0109785348176956,-0.0006381038110703,-0.0089707700535655,0.0216233599931001,0.0164840724319219,-0.0045429766178131,-0.0055305957794189,-0.0088979611173272,-0.0017908833688125,-0.0166561435908079,0.0055712591856718,-0.0043035168200731,0.0094844792038202,-0.0432818345725536,0.0210232753306627,0.0022141828667372,-0.0191326383501291,0.0152242546901106,0.0036225095391273,-0.0047792717814445,-0.0071263695135712,0.0365763008594512,0.0020507199224084,-0.011358861811459,-0.0133023280650377,0.0138404387980699,-0.0076364437118172,0.0014813182642683,0.0152004407718777,0.0272826310247182,-0.010481028817594,-0.0311710108071565,-0.0230754204094409,-0.0094920583069324,-0.0030010181944817,-0.0019778765272349,-0.0014564669691026,0.0160778146237134,0.0267405696213245,-0.0137700783088803,-0.0080505544319748,0.0476961061358451,-0.0056047630840331,0.0509850522094788,-0.0074390676772561,0.0357371284906542,-0.0104962683426474,0.0263213300067819,0.0234383284341852,0.0467924135006887,0.0174054471323397,0.0629516142944834,0.0841441268593208,0.0204333757683148,2019-02-14,2019-02-15,2019-02-19,2019-02-20,2019-02-21,2019-02-22,2019-02-25,2019-02-26,2019-02-27,2019-02-28,10138.0,2019-02-13,252.0,1.0712%,-0.0002,1.3052,-0.0134,0.4195,0.9701%,1.6243%,64.3327%,0.006678,TROW,10138.0,2019-02-14,252.0,-0.8051%,-0.0002,1.3055,-0.0151,0.4219,0.9698%,1.6244%,64.3582%,-0.002906,TROW,10138.0,2019-02-15,252.0,0.2466%,-0.0003,1.2938,-0.0272,0.4008,0.9736%,1.6170%,63.7472%,-0.014374,TROW,10138.0,2019-02-19,252.0,-0.1845%,-0.0003,1.2932,-0.0311,0.3964,0.9741%,1.6153%,63.6351%,-0.005526,TROW,10138.0,2019-02-20,252.0,0.8008%,-0.0003,1.2934,-0.0339,0.3965,0.9731%,1.6152%,63.7036%,0.003339,TROW,10138.0,2019-02-21,252.0,-1.1000%,-0.0004,1.296,-0.0298,0.4013,0.9733%,1.6163%,63.7379%,-0.0054259999999999,TROW,10138.0,2019-02-22,252.0,0.9784%,-0.0004,1.2952,-0.0356,0.3861,0.9739%,1.6176%,63.7528%,0.0073219999999999,TROW,10138.0,2019-02-25,252.0,0.0612%,-0.0004,1.2959,-0.0346,0.3892,0.9731%,1.6173%,63.7974%,-0.000828,TROW,10138.0,2019-02-26,252.0,0.4077%,-0.0003,1.2957,-0.0448,0.3839,0.9742%,1.6139%,63.5649%,0.007113,TROW,10138.0,2019-02-27,252.0,1.7562%,-0.0003,1.295,-0.0387,0.3838,0.9800%,1.6143%,63.1436%,0.016841,TROW,10138.0,2019-02-28,252.0,0.1895%,-0.0003,1.294,-0.0391,0.3815,0.9810%,1.6115%,62.9413%,0.006777,TROW,0.0037719999999999,-0.010602,-0.016128,-0.018215,0.01901
23755,TRUPANION INC,"Trupanion, Inc. Q4 EPS $(0.01) Up From $(0.03) YoY, Sales $82.6M Beat $82.16M Estimate",6,increase,0.7,0.6,"the improvement in eps and the sales beat indicate positive financial performance, which is likely to boost investor confidence and increase the stock price.",2,2019-02-13,TRUP,2019-02-13 21:52:00+00:00,14782.0,89820210,-0.0120731415227055,250545.0,-0.0359636470675468,0.0214940328150987,0.0597609393298625,0.0014113975921645,-0.0174299459904432,-0.0010574791813269,0.0351304411888122,0.0007054834859445,0.0020161110442131,0.0164934024214744,0.0036888199392706,0.0108734769746661,-0.0103574832901358,0.0128487655892968,0.0081026256084442,0.0259887222200632,0.0401875041425228,0.0334760099649429,-0.0228589531034231,0.035469613969326,0.0405271686613559,-0.0413446575403213,-0.053514901548624,0.0217133536934852,0.0097022727131843,-0.0047151604667305,-0.1202783659100533,-0.0116504561156034,0.0470809824764728,-0.0462962947785854,0.001438881852664,-0.040511704981327,0.059626430273056,0.0086021423339843,0.0244067572057247,-0.0217391587793827,-0.0191925857216119,0.0236898716539144,0.004386001266539,0.012722659856081,0.0322471968829631,0.0151291452348232,-0.0224535837769508,-0.0205999165773391,0.0133155658841133,0.0131820067763328,-0.0144546823576092,0.0251501537859439,0.0579999908804893,0.0175706297159194,-0.063642106950283,0.0222569182515144,-0.0060564735904335,0.0530428029596805,0.0220040492713451,-0.047395259141922,0.0033123677130788,0.0027494737878441,0.0402772948145866,0.0127287069335579,0.0390352718532085,0.0161681342869997,0.0183261595666408,0.0299749914556741,0.0419916473329067,0.0633023604750633,-0.0477835275232791,-0.0440118089318275,-0.018742524087429,-0.0050526671111583,0.017560064792633,0.0184391215443611,-0.0142294103279709,-0.0114455474540591,0.0319409407675266,0.004684864077717,0.0139881325885653,-0.0293510109186172,0.0460815876722335,-0.059486735612154,-0.0095398472622036,-0.0388640090823173,0.005382505711168,0.0144048929214477,-0.0222598165273666,0.0026605736929923,-0.0319884903728961,-0.0120165115222334,-0.0116105806082487,-0.0600070878863334,-0.0102409683167934,0.0205331295728683,0.0039562103338539,-0.0675176382064819,0.0015155875589698,-0.0053458018228411,-0.0121065834537148,0.0403197705745697,0.0061274743638932,0.0048900209367275,0.0124847702682018,0.0639167353510856,-0.0135338576510548,-0.0014842640375718,0.0118902251124382,0.0104987137019634,-0.0159686282277107,0.0033860101830214,0.0024495355319231,0.004155671223998,0.0424556918442249,0.0095347063615918,-0.0462936349213123,0.0104045681655407,-0.0264208521693944,0.0683408752083778,0.0145156513899564,0.0248945206403732,-0.022395059466362,-0.0478103123605251,-0.0359636470675468,0.0214940328150987,0.0216480709318314,0.0229357670334244,0.0038408002342491,0.0218540337559518,0.041201123856122,0.039440674809261,0.059706736403585,0.1684804703048137,0.1002095229118498,0.1531424280635469,0.0974162308325852,0.1647248226948348,2019-02-14,2019-02-15,2019-02-19,2019-02-20,2019-02-21,2019-02-22,2019-02-25,2019-02-26,2019-02-27,2019-02-28,14782.0,2019-02-13,252.0,-1.2073%,-0.0004,1.1004,0.8278,-0.3657,2.8228%,3.1467%,19.5290%,-0.015488,TRUP,14782.0,2019-02-14,252.0,-3.5964%,-0.0005,1.1097,0.8062,-0.3422,2.8338%,3.1548%,19.3163%,-0.040179,TRUP,14782.0,2019-02-15,252.0,5.9761%,-0.0002,1.1587,0.8553,-0.256,2.8457%,3.1771%,19.7731%,0.046748,TRUP,14782.0,2019-02-19,252.0,-1.7430%,-0.0001,1.1736,0.8152,-0.3024,2.8223%,3.1651%,20.4887%,-0.021444,TRUP,14782.0,2019-02-20,252.0,3.5130%,0.0003,1.1874,0.8676,-0.2477,2.8120%,3.1585%,20.7329%,0.03267,TRUP,14782.0,2019-02-21,252.0,0.2016%,0.0003,1.1858,0.8658,-0.2505,2.8123%,3.1578%,20.6831%,0.006347,TRUP,14782.0,2019-02-22,252.0,0.3689%,0.0002,1.1887,0.8358,-0.2432,2.8106%,3.1551%,20.6471%,-0.0125639999999999,TRUP,14782.0,2019-02-25,252.0,-1.0357%,0.0001,1.1887,0.8411,-0.2406,2.8114%,3.1559%,20.6407%,-0.010505,TRUP,14782.0,2019-02-26,252.0,0.8103%,-0.0,1.1581,0.8507,-0.2586,2.7977%,3.1327%,20.2413%,0.014493,TRUP,14782.0,2019-02-27,252.0,4.0188%,0.0003,1.172,0.8369,-0.2562,2.8013%,3.1399%,20.4044%,0.037119,TRUP,14782.0,2019-02-28,252.0,-2.2859%,0.0001,1.1831,0.8439,-0.2433,2.8030%,3.1433%,20.4809%,-0.020134,TRUP,-0.055667,-0.0089189999999999,-0.0303629999999999,0.008654,0.017063
23763,UNDER ARMOUR INC,Canaccord Reiterates Sell And $13 Target On Under Armour As Firm Continues 'to believe that UAA's road to recovery is going to be longer and bumpier than what the market is pricing in',6,decrease,0.8,0.7,"the reiteration of a 'sell' rating and a low target price suggests negative sentiment towards under armour's future performance, likely leading to a decrease in stock price.",0,2019-02-13,UA,2019-02-13 16:18:00+00:00,15980.0,90431120,-0.0064968047663569,5238302.0,-0.0050301044248044,0.0449086502194404,-0.0374115146696567,0.0057772425934672,0.0183822717517614,0.0220076106488704,-0.0108302775770425,-0.0158479213714599,0.0119916340336203,-0.0089005278423428,0.0128799593076109,0.0089804586023092,-0.001525975880213,0.0037115425802767,-0.013244948349893,-0.0042238608002662,0.0366545729339122,-0.003682256443426,0.0,0.004226092249155,0.016434259712696,-0.0227155666798353,-0.0274375043809413,-0.0061569488607347,-0.0010075797326862,0.0334039852023124,-0.0201714374125003,0.0250000543892383,-0.0036026604939252,-0.0102205770090222,-0.0129132224246859,0.0021563835907727,0.0303505975753068,0.022038547322154,0.0,0.0213843081146478,0.0005078836111351,-0.0083705140277743,0.010152225382626,0.0022371876984834,-0.0050251446664333,0.0011197396088391,0.0025253104977309,0.0176638960838317,-0.0060453820042312,-0.0039728488773107,-0.0369994714856147,0.0220418255776166,0.0147368786856532,0.0075978464446961,-0.0451245233416557,0.0307229049503803,0.0092341164126992,0.040100272744894,0.0005382254603318,-0.0297872759401798,0.0069929617457091,0.0173160601407289,0.012286402285099,0.0112570552155375,-0.0042216316796839,-0.0160000137984752,-0.001589861465618,0.0012323141563683,0.0100849540904164,0.0684660971164703,0.0057802782393991,-0.0142764616757631,0.0329154171049594,-0.0416666716337204,-0.0065756733529269,-0.0336538143455982,-0.0071282787248492,-0.0436781756579875,-0.0405128672719001,0.0223266240209341,0.032602921128273,-0.0400450713932514,0.0010352204553782,-0.0044918544590473,0.0180972274392843,-0.0631247088313102,0.0040629720315337,-0.0891231670975685,-0.013657079078257,-0.006663464475423,0.0082051204517483,-0.0480289757251739,0.0040691723115742,-0.0225863698869943,-0.0101316543295979,0.0277651622891426,0.0204708091914653,-0.0248558074235916,0.0180540960282087,0.0089565953239798,-0.0098521606996655,0.0266666635870933,0.0149253346025943,0.0083449380472302,0.0078431302681565,0.0573529452085495,0.0077820941805839,-0.0125847160816192,-0.050193004310131,0.0288844592869281,0.0360771901905536,0.0024962173774838,-0.0073565286584198,0.0335398130118846,-0.0187746621668338,-0.002059779362753,-0.0176233816891908,-0.0390895120799541,0.0148641215637326,-0.0330143794417381,-0.0095958905294537,-0.0023866894189268,-0.0193779226392507,-0.0075793387368321,-0.0050301044248044,0.0449086502194404,-0.0422534352689827,0.0509453409797706,-0.0246478776467812,0.0740741368572979,-0.0236418178001959,0.0476439710122404,0.0100604022359058,0.0570522943923839,-0.0467806021192552,0.2514071675305787,-0.0326961529937983,-0.0521080113857035,2019-02-14,2019-02-15,2019-02-19,2019-02-20,2019-02-21,2019-02-22,2019-02-25,2019-02-26,2019-02-27,2019-02-28,15980.0,2019-02-13,252.0,-0.6497%,0.0017,1.347,1.4621,0.2818,2.7469%,3.1703%,24.9274%,-0.011485,UA,15980.0,2019-02-14,252.0,-0.5030%,0.0011,1.3391,1.4512,0.311,2.5698%,3.0090%,27.0577%,-0.00827,UA,15980.0,2019-02-15,252.0,-3.7412%,0.0007,1.276,1.3881,0.2001,2.5889%,2.9993%,25.4935%,-0.0577639999999999,UA,15980.0,2019-02-19,252.0,1.8382%,0.0007,1.2744,1.3997,0.2133,2.5887%,2.9976%,25.4196%,0.0112319999999999,UA,15980.0,2019-02-20,252.0,-1.0830%,0.0009,1.2743,1.4224,0.2189,2.5699%,2.9838%,25.8146%,-0.0176039999999999,UA,15980.0,2019-02-21,252.0,1.1992%,0.001,1.2663,1.4101,0.2042,2.5713%,2.9804%,25.5711%,0.018106,UA,15980.0,2019-02-22,252.0,1.2880%,0.001,1.2658,1.4276,0.2141,2.5700%,2.9810%,25.6744%,-0.000205,UA,15980.0,2019-02-25,252.0,-0.1526%,0.0011,1.263,1.425,0.2024,2.5655%,2.9771%,25.7380%,0.000572,UA,15980.0,2019-02-26,252.0,-1.3245%,0.0011,1.2593,1.4323,0.2033,2.5652%,2.9757%,25.6884%,-0.0015359999999999,UA,15980.0,2019-02-27,252.0,3.6655%,0.0012,1.2599,1.4405,0.2035,2.5730%,2.9837%,25.6341%,0.032944,UA,15980.0,2019-02-28,252.0,0.0000%,0.0012,1.2571,1.4386,0.2007,2.5729%,2.9802%,25.4645%,0.004026,UA,-0.019755,-0.077519,-0.066287,-0.065785,-0.0299839999999999
23771,UNISYS CORP,"Unisys shares are trading higher after the company reported Q4 EPS of $0.97, beating the $0.66 consensus estimate and sales of $760.9 million, beating the $751.9 million consensus estimate.",6,increase,0.85,0.7,the positive earnings per share and sales results exceeding consensus estimates typically lead to increased investor confidence and demand for the stock.,2,2019-02-13,UIS,2019-02-13 15:38:00+00:00,10890.0,90921430,0.1467089951038361,3103498.0,-0.0401106439530849,0.0260374043136835,-0.0057636830024421,-0.0299921166151762,0.0094202980399131,-0.0078308833763003,-0.0050251721404492,-0.0266767852008342,-0.008658000268042,0.0022918053437024,-0.0007278186967596,-0.0090840188786387,0.0014566975878551,0.0232378151267767,-0.00799997523427,-0.0129969473928213,0.0014662392204627,0.0046082539483904,-0.0109809385612607,0.0325139425694942,0.0111028579995036,-0.0094265425577759,-0.0256222132593393,-0.0207692664116621,-0.0097671011462807,0.0132502010092139,-0.0257966723293066,0.0182539317756891,-0.0147975487634539,-0.0039525087922811,0.0,-0.0350877232849597,0.0355731844902038,0.0015278459759429,0.0,0.002297069877386,0.0015266796108335,0.0100541459396481,0.0137195354327559,0.0149136995896697,0.0045112380757927,-0.0039093191735446,0.0059880185872316,0.0297906510531902,-0.0022321231663227,-0.0032102698460221,-0.0201341919600963,0.0146580059081316,0.0,0.0354131609201431,-0.06316589564085,0.018025754019618,-0.0178716704249382,0.0355555228888988,-0.0190240275114774,-0.0318416431546211,-0.0177065804600715,-0.0008598648710176,-0.0077252532355487,0.0219683647155761,0.0095155406743288,-0.0026292491238564,0.00428450666368,0.0088416822254657,0.0085323741659522,0.050139270722866,0.0143824098631739,0.0074837119318544,-0.0108423782512545,-0.0489324033260345,0.0,-0.0200523529201746,-0.0109612243250012,-0.0034752355422824,-0.0196078047156333,0.013204276561737,0.0156522002071142,-0.0340136550366878,-0.0239726603031158,-0.0175438616424799,0.0,-0.0354552455246448,-0.0210526119917631,-0.0236034765839576,0.0053763817995786,-0.0238095559179782,-0.0294117573648691,0.0211765058338642,-0.0055096801370382,-0.0169622413814067,0.0018467643531039,0.0038699838332831,0.0175114814192056,-0.0471976622939109,0.0081521878018975,0.0029585768934339,-0.021563321352005,-0.0022140024229884,0.0101009784266352,0.0029607668984681,0.003636360168457,0.0097160022705793,0.0153985572978854,-0.015452541410923,-0.0026761582121253,0.0066666780039668,-0.0071556279435753,0.0022271515335887,-0.0576576851308345,0.0082335788756608,0.0076481760479509,-0.0571630485355854,-0.0455407537519931,-0.0540720634162426,0.0039761392399668,-0.0266407281160354,-0.0198020543903112,0.0045692329294979,0.036363698542118,0.0138980839401483,-0.0401106439530849,0.0260374043136835,-0.0456431419187576,-0.0047356291680251,-0.0366528158791972,-0.0125294283845972,-0.0497925482355957,-0.0366692503576469,-0.0656984642959327,7.413838432057672e-10,-0.2005532207035827,0.1080843173618761,-0.2904564136400884,-0.1654533479290424,2019-02-14,2019-02-15,2019-02-19,2019-02-20,2019-02-21,2019-02-22,2019-02-25,2019-02-26,2019-02-27,2019-02-28,10890.0,2019-02-13,252.0,14.6709%,0.0011,1.1575,0.859,-0.4393,2.3125%,2.7458%,29.0698%,0.143245,UIS,10890.0,2019-02-14,252.0,-4.0111%,0.0008,1.1651,0.8323,-0.4048,2.3111%,2.7386%,28.7875%,-0.044794,UIS,10890.0,2019-02-15,252.0,-0.5764%,0.0007,1.1443,0.8115,-0.4414,2.3137%,2.7339%,28.3804%,-0.019167,UIS,10890.0,2019-02-19,252.0,0.9420%,0.0008,1.1506,0.8076,-0.4462,2.3116%,2.7344%,28.5313%,0.006117,UIS,10890.0,2019-02-20,252.0,-0.5025%,0.0007,1.1484,0.8023,-0.454,2.3121%,2.7346%,28.5144%,-0.006634,UIS,10890.0,2019-02-21,252.0,-0.8658%,0.0005,1.1705,0.8462,-0.4134,2.2834%,2.7183%,29.4394%,-0.004992,UIS,10890.0,2019-02-22,252.0,-0.0728%,0.0005,1.1726,0.8609,-0.3747,2.2849%,2.7169%,29.2727%,-0.019168,UIS,10890.0,2019-02-25,252.0,0.1457%,0.0005,1.1718,0.8598,-0.3783,2.2845%,2.7167%,29.2876%,0.001162,UIS,10890.0,2019-02-26,252.0,-0.8000%,0.0006,1.1846,0.8509,-0.3733,2.2809%,2.7171%,29.5291%,-0.001971,UIS,10890.0,2019-02-27,252.0,0.1466%,0.0007,1.2025,0.8183,-0.3703,2.2665%,2.7097%,30.0387%,-0.0017649999999999,UIS,10890.0,2019-02-28,252.0,-1.0981%,0.0006,1.2227,0.8319,-0.3535,2.2569%,2.7087%,30.5752%,-0.008443,UIS,0.098451,0.079284,0.085401,0.073775,0.04359
23779,UTSTARCOM HOLDINGS CORP,"UTStarcom Reports Tongding Interconnection Information Will Raise Stake In Co. To ~36%, Will Purchase From Certain Shareholders 9.2M Shares At $5.35/Share",6,increase,0.7,0.6,"the acquisition of shares by tongding interconnection, which will increase their stake in utstarcom to approximately 36%, suggests confidence in the company's future, likely leading to a positive market reaction.",2,2019-02-13,UTSI,2019-02-13 11:06:00+00:00,87825.0,G9310A12,-0.0156657826155424,48370.0,0.0132625866681337,0.0105540798977017,0.0523560345172882,0.0188171863555908,-0.002487500431016,0.0191780626773834,-0.014962637796998,0.0195531211793422,0.017721502110362,0.0170454382896423,0.0,0.0445104166865348,-0.0099502392113208,-0.0217706970870494,0.0,0.0192307140678167,-0.0050251209177076,-0.0174418427050113,-0.010101000778377,0.0147492475807666,-0.0051020360551774,0.0119403582066297,-0.0128205614164471,-0.0088758012279868,0.002597400220111,0.0029674270190298,-0.0025906711816787,0.0120120011270046,-0.0133246267214417,0.0121580436825752,-0.0101877227425575,0.0030487775802612,0.0079787159338593,0.0479232743382453,-0.0026385199744254,0.0433333702385425,-0.0079365000128746,0.0,0.0,0.0238907616585493,0.029600016772747,-0.0330032706260681,-0.0132090440019965,0.0066445120610296,-0.0026246693450957,0.0033333301544189,-0.0026315764989703,0.0067114029079675,0.0,0.0205479245632886,-0.0026385199744254,0.0103806126862764,-0.0052910004742443,0.0358423441648483,-0.0119680417701602,0.0,0.0040376489050686,0.0261124894022941,-0.002680962672457,0.0260377377271652,-0.0134408473968505,0.0231660939753055,0.0,-0.0263158529996871,-0.0190736167132854,-0.0349731594324111,-0.0111111011356115,0.0023273120168596,-0.0224718898534774,-0.0072202095761895,-0.0057471208274364,-0.0107142757624387,-0.0057803411036729,-0.007092191837728,-0.0145348692312836,-0.0035335656721144,-0.00589976971969,-0.0070175374858081,-0.0118694249540567,-0.0104167386889457,0.0120120011270046,0.0322581194341182,0.0118694957345724,-0.0510204397141933,-0.0087976455688476,0.0137930894270539,-0.0029586474411189,-0.0235690008848905,-0.0029673562385141,0.024137906730175,-0.0119047509506344,-0.0429042503237724,-0.0090361358597874,-0.0411392748355865,0.0045593022368848,-0.1222221776843071,-0.0015128939412534,0.014084493741393,-0.007575714495033,-0.0111420508474111,0.0167938396334648,0.0056022354401648,-0.0105104651302099,0.0086170183494687,0.0440060645341873,0.0012729596346616,-0.0319767817854881,-0.0042253145948052,0.0210210736840963,0.0380116589367389,-0.0235294587910175,-0.0029154489748179,-0.0120481811463832,-0.0283285845071077,-0.0091463327407836,0.0056980000808835,-0.0153846004977822,0.0057306536473333,0.0218749791383743,-0.0085227191448211,0.0132625866681337,0.0105540798977017,0.0663129976308072,0.0295698643415394,0.0636605435896024,0.0493150197306266,0.0663129980312458,0.0880681656802753,0.0397878238147202,0.1297934523922299,-0.0132625868006027,0.445282931598288,-0.132625994067779,0.0880681597012142,2019-02-14,2019-02-15,2019-02-19,2019-02-20,2019-02-21,2019-02-22,2019-02-25,2019-02-26,2019-02-27,2019-02-28,87825.0,2019-02-13,252.0,-1.5666%,-0.0014,0.1261,0.373,-0.0237,2.1416%,2.1562%,1.3489%,-0.016369,UTSI,87825.0,2019-02-14,252.0,1.3263%,-0.0013,0.1224,0.3795,-0.0298,2.1422%,2.1571%,1.3773%,0.01135,UTSI,87825.0,2019-02-15,252.0,5.2356%,-0.0011,0.1578,0.4169,0.035,2.1662%,2.1833%,1.5663%,0.050067,UTSI,87825.0,2019-02-19,252.0,-0.2488%,-0.0012,0.1503,0.4247,0.0444,2.1618%,2.1785%,1.5308%,-0.004201,UTSI,87825.0,2019-02-20,252.0,-1.4963%,-0.0012,0.1479,0.4283,0.0383,2.1602%,2.1771%,1.5504%,-0.016527,UTSI,87825.0,2019-02-21,252.0,1.7722%,-0.0012,0.1486,0.4341,0.0395,2.1618%,2.1790%,1.5740%,0.018557,UTSI,87825.0,2019-02-22,252.0,0.0000%,-0.0012,0.149,0.4312,0.041,2.1618%,2.1788%,1.5574%,-0.002873,UTSI,87825.0,2019-02-25,252.0,-0.9950%,-0.0012,0.1474,0.4336,0.0366,2.1607%,2.1779%,1.5735%,-0.009079,UTSI,87825.0,2019-02-26,252.0,0.0000%,-0.0013,0.1275,0.447,0.0284,2.1516%,2.1685%,1.5546%,0.003032,UTSI,87825.0,2019-02-27,252.0,-0.5025%,-0.0012,0.1336,0.4349,0.0294,2.1500%,2.1666%,1.5298%,-0.006055,UTSI,87825.0,2019-02-28,252.0,-1.0101%,-0.0014,0.1509,0.4465,0.044,2.1428%,2.1609%,1.6714%,-0.0098,UTSI,-0.005019,0.045048,0.0408469999999999,0.042877,0.018102
23787,VALE S A,Vale SA shares are trading higher after the company reported that it signed an agreement with the city of Vitoria to return its operations at the Tubarao Port Complex.,6,increase,0.8,0.7,"the agreement to return operations at the tubarao port complex is likely to be viewed positively by investors, suggesting improved operational capacity and potential revenue growth for vale sa.",2,2019-02-13,VALE,2019-02-13 13:26:00+00:00,89330.0,91912E10,0.0126581955701112,32913532.0,0.011666695587337,0.0561497397720813,0.0156507063657045,-0.0149253793060779,-0.0113544482737779,0.0196956377476453,0.0032813751604408,-0.0167253147810697,-0.0163532141596078,-0.0619322881102562,0.039069015532732,-0.003292178036645,0.0040000150911509,-0.0334128960967063,-0.0023904170375317,0.0104501703754067,-0.002396220806986,-0.011914262548089,-0.0008006588323041,0.0966899544000625,-0.0072114747017621,0.024999976158142,0.002421285957098,-0.1800878494977951,0.0193236526101827,-0.0807536914944648,-0.0134281264618039,0.007457603700459,0.0088070947676897,0.0207612589001655,-0.0007936689071357,-0.0109513932839036,0.0317712165415287,0.0096751479431986,0.0046189702115952,0.0255138631910085,0.0176244862377643,0.0035561334807425,-0.0097891651093959,-0.0049539767205715,0.003802296007052,0.001417466904968,0.0060606002807617,-0.0201388876885175,0.0316265113651752,-0.0075810207054018,-0.0153284696862101,0.032005675137043,-0.0022238497622311,0.0166305489838123,-0.0475483164191246,-0.0135521059855818,0.0031201220117509,0.0927514061331749,0.012441742233932,-0.0475130155682563,-0.0268817488104105,0.0212282557040453,-0.0031570608261972,0.013056768104434,0.0340459458529949,0.0023095216602087,0.0398161932826042,-0.0061208819970488,-0.0081001222133636,0.0373015329241752,-0.0096510844305157,-0.023255756124854,0.0097451359033584,-0.0030911872163414,-0.0059391180984675,0.01649646833539,0.0321134701371192,-0.0348749086260795,-0.0180897247046232,0.012279343791306,-0.0007368662627413,0.0054012108594179,-0.0117994686588645,-0.006134963594377,-0.011940287426114,0.0015360601246356,0.0030211452394723,0.0007686570752412,0.0218373462557792,0.0116641195490956,-0.0221075341105461,-0.0213090311735868,0.003767839865759,-0.0288247894495725,-0.0195194650441408,-0.0051471064798533,0.0084226382896304,-0.0340908765792846,-0.0463173612952232,0.0277372356504201,0.0095541309565305,0.0170749463140964,0.011040961369872,-0.0036982388701289,-0.0031201220117509,0.0488751046359539,0.0,0.010980418883264,-0.0312988758087158,-0.0384615547955036,-0.0016155458288267,-0.0759581997990608,0.0347896702587604,0.0199005473405122,-0.0211102031171321,-0.0441576465964317,-0.002396220806986,-0.0167000666260719,-0.0048038004897534,0.0026791668497025,-0.0144811179488897,0.02752928994596,0.0179592054337263,-0.0047945650294423,0.011666695587337,0.0561497397720813,0.0274999939799369,0.0403863043019674,0.0158332984469846,0.0608773760691105,0.0024999784578414,-0.0214697992409367,0.0399999607014123,0.0322300415158343,0.0525000088341449,-0.089861751628862,0.0391666930677223,-0.1883561588653749,2019-02-14,2019-02-15,2019-02-19,2019-02-20,2019-02-21,2019-02-22,2019-02-25,2019-02-26,2019-02-27,2019-02-28,89330.0,2019-02-13,252.0,1.2658%,0.0,1.2668,-0.2056,0.2806,2.4267%,2.7473%,21.9775%,0.008948,VALE,89330.0,2019-02-14,252.0,1.1667%,0.0,1.262,-0.1969,0.2724,2.4278%,2.7466%,21.8649%,0.0169239999999999,VALE,89330.0,2019-02-15,252.0,1.5651%,-0.0001,1.2332,-0.2227,0.2257,2.4175%,2.7264%,21.3732%,0.000474,VALE,89330.0,2019-02-19,252.0,-1.1354%,-0.0002,1.2318,-0.2331,0.2141,2.4189%,2.7267%,21.3019%,-0.013829,VALE,89330.0,2019-02-20,252.0,0.3281%,-0.0002,1.232,-0.2326,0.2146,2.4189%,2.7267%,21.3064%,0.000176,VALE,89330.0,2019-02-21,252.0,-1.6353%,-0.0002,1.2337,-0.2316,0.2179,2.4199%,2.7280%,21.3117%,-0.011564,VALE,89330.0,2019-02-22,252.0,3.9069%,-0.0,1.2277,-0.2017,0.1734,2.4279%,2.7352%,21.2123%,0.035427,VALE,89330.0,2019-02-25,252.0,0.4000%,-0.0001,1.2305,-0.1998,0.1848,2.4231%,2.7314%,21.2991%,0.0018459999999999,VALE,89330.0,2019-02-26,252.0,-0.2390%,-0.0001,1.233,-0.2006,0.1862,2.4230%,2.7296%,21.2048%,-0.0011899999999999,VALE,89330.0,2019-02-27,252.0,-0.2396%,-0.0002,1.2253,-0.1879,0.1849,2.4207%,2.7223%,20.9336%,-0.0030009999999999,VALE,89330.0,2019-02-28,252.0,-0.0801%,-0.0002,1.2268,-0.1868,0.1852,2.4206%,2.7215%,20.8862%,0.003398,VALE,0.025872,0.0263459999999999,0.0125169999999999,0.0011289999999999,0.037609
23795,VALE S A,Vale Earlier Reported An Agreement With The City Of Vitoria To Return Its Operations At The Tubarao Port Complex,6,increase,0.7,0.6,"the agreement to return operations at the tubarao port complex suggests improved operational stability and potential revenue growth for vale, which is likely to positively impact its stock price.",2,2019-02-13,VALE,2019-02-13 13:25:00+00:00,89330.0,91912E10,0.0126581955701112,32913532.0,0.011666695587337,0.0561497397720813,0.0156507063657045,-0.0149253793060779,-0.0113544482737779,0.0196956377476453,0.0032813751604408,-0.0167253147810697,-0.0163532141596078,-0.0619322881102562,0.039069015532732,-0.003292178036645,0.0040000150911509,-0.0334128960967063,-0.0023904170375317,0.0104501703754067,-0.002396220806986,-0.011914262548089,-0.0008006588323041,0.0966899544000625,-0.0072114747017621,0.024999976158142,0.002421285957098,-0.1800878494977951,0.0193236526101827,-0.0807536914944648,-0.0134281264618039,0.007457603700459,0.0088070947676897,0.0207612589001655,-0.0007936689071357,-0.0109513932839036,0.0317712165415287,0.0096751479431986,0.0046189702115952,0.0255138631910085,0.0176244862377643,0.0035561334807425,-0.0097891651093959,-0.0049539767205715,0.003802296007052,0.001417466904968,0.0060606002807617,-0.0201388876885175,0.0316265113651752,-0.0075810207054018,-0.0153284696862101,0.032005675137043,-0.0022238497622311,0.0166305489838123,-0.0475483164191246,-0.0135521059855818,0.0031201220117509,0.0927514061331749,0.012441742233932,-0.0475130155682563,-0.0268817488104105,0.0212282557040453,-0.0031570608261972,0.013056768104434,0.0340459458529949,0.0023095216602087,0.0398161932826042,-0.0061208819970488,-0.0081001222133636,0.0373015329241752,-0.0096510844305157,-0.023255756124854,0.0097451359033584,-0.0030911872163414,-0.0059391180984675,0.01649646833539,0.0321134701371192,-0.0348749086260795,-0.0180897247046232,0.012279343791306,-0.0007368662627413,0.0054012108594179,-0.0117994686588645,-0.006134963594377,-0.011940287426114,0.0015360601246356,0.0030211452394723,0.0007686570752412,0.0218373462557792,0.0116641195490956,-0.0221075341105461,-0.0213090311735868,0.003767839865759,-0.0288247894495725,-0.0195194650441408,-0.0051471064798533,0.0084226382896304,-0.0340908765792846,-0.0463173612952232,0.0277372356504201,0.0095541309565305,0.0170749463140964,0.011040961369872,-0.0036982388701289,-0.0031201220117509,0.0488751046359539,0.0,0.010980418883264,-0.0312988758087158,-0.0384615547955036,-0.0016155458288267,-0.0759581997990608,0.0347896702587604,0.0199005473405122,-0.0211102031171321,-0.0441576465964317,-0.002396220806986,-0.0167000666260719,-0.0048038004897534,0.0026791668497025,-0.0144811179488897,0.02752928994596,0.0179592054337263,-0.0047945650294423,0.011666695587337,0.0561497397720813,0.0274999939799369,0.0403863043019674,0.0158332984469846,0.0608773760691105,0.0024999784578414,-0.0214697992409367,0.0399999607014123,0.0322300415158343,0.0525000088341449,-0.089861751628862,0.0391666930677223,-0.1883561588653749,2019-02-14,2019-02-15,2019-02-19,2019-02-20,2019-02-21,2019-02-22,2019-02-25,2019-02-26,2019-02-27,2019-02-28,89330.0,2019-02-13,252.0,1.2658%,0.0,1.2668,-0.2056,0.2806,2.4267%,2.7473%,21.9775%,0.008948,VALE,89330.0,2019-02-14,252.0,1.1667%,0.0,1.262,-0.1969,0.2724,2.4278%,2.7466%,21.8649%,0.0169239999999999,VALE,89330.0,2019-02-15,252.0,1.5651%,-0.0001,1.2332,-0.2227,0.2257,2.4175%,2.7264%,21.3732%,0.000474,VALE,89330.0,2019-02-19,252.0,-1.1354%,-0.0002,1.2318,-0.2331,0.2141,2.4189%,2.7267%,21.3019%,-0.013829,VALE,89330.0,2019-02-20,252.0,0.3281%,-0.0002,1.232,-0.2326,0.2146,2.4189%,2.7267%,21.3064%,0.000176,VALE,89330.0,2019-02-21,252.0,-1.6353%,-0.0002,1.2337,-0.2316,0.2179,2.4199%,2.7280%,21.3117%,-0.011564,VALE,89330.0,2019-02-22,252.0,3.9069%,-0.0,1.2277,-0.2017,0.1734,2.4279%,2.7352%,21.2123%,0.035427,VALE,89330.0,2019-02-25,252.0,0.4000%,-0.0001,1.2305,-0.1998,0.1848,2.4231%,2.7314%,21.2991%,0.0018459999999999,VALE,89330.0,2019-02-26,252.0,-0.2390%,-0.0001,1.233,-0.2006,0.1862,2.4230%,2.7296%,21.2048%,-0.0011899999999999,VALE,89330.0,2019-02-27,252.0,-0.2396%,-0.0002,1.2253,-0.1879,0.1849,2.4207%,2.7223%,20.9336%,-0.0030009999999999,VALE,89330.0,2019-02-28,252.0,-0.0801%,-0.0002,1.2268,-0.1868,0.1852,2.4206%,2.7215%,20.8862%,0.003398,VALE,0.025872,0.0263459999999999,0.0125169999999999,0.0011289999999999,0.037609
23803,VANDA PHARMACEUTICALS INC,Vanda Pharmaceuticals Sees FY19 Sales $215M-$225M vs $246.66M Est.,6,decrease,0.8,0.7,"the company's sales forecast for fy19 is significantly lower than analyst estimates, which is likely to negatively impact investor sentiment and lead to a decrease in stock price.",0,2019-02-13,VNDA,2019-02-13 21:10:00+00:00,91186.0,92165910,0.0005431954632513,1856968.0,0.0922910273075103,0.0227777697145938,0.0492047592997551,-0.0501319654285907,-0.0459498427808284,-0.0021063196472823,0.010923596099019,-0.0533399656414985,-0.0162082463502883,-0.1995211541652679,0.0384422615170478,-0.0094861574470996,-0.0076923007145524,-0.0343512035906314,-0.023255793377757,-0.0342793390154838,0.0228175092488527,-0.0379433184862136,-0.018428761512041,-0.0115667693316936,-0.0009881649166345,-0.0128027312457561,-0.0187932327389717,-0.0302013307809829,-0.0045362981036305,0.0322133153676986,-0.0303797665983438,0.0024306112900376,-0.0208877082914114,-0.0409590899944305,-0.0090666711330413,-0.032850194722414,0.0215285047888755,0.00746267195791,-0.0057955062948167,0.0215445682406425,0.0100688189268112,0.0300443544983863,-0.0220356807112693,0.0438346937298774,-0.0187767427414655,-0.0270457938313484,-0.0038273152895271,-0.0017306762747466,0.0071350755169987,0.0172535125166177,-0.024523202329874,-0.0210272520780563,0.0301676504313945,0.0108013749122619,-0.0460954643785953,0.0342342630028724,0.0096645867452025,0.066897340118885,0.0225225016474723,-0.0373797267675399,0.0104625849053263,0.0340605191886425,0.0234332587569952,0.0183164197951555,-0.0202343482524156,0.0015612414572387,-0.0021738591603934,-0.0127167599275708,-0.0103486124426126,0.0912531539797782,0.0071546044200658,-0.009166638366878,0.0163935050368309,-0.0163934268057346,0.013440859504044,-0.0093381870537996,-0.0228116866201162,-0.0179426148533821,-0.0266015082597732,-0.0267753396183252,-0.0016732116928324,-0.0179115589708089,-0.0195530951023101,0.0034416883718222,0.0068376548588275,-0.0161775890737772,-0.0147142177447676,-0.0213549304753541,0.0005743957008235,-0.0526683032512664,-0.0447761602699756,0.0387681052088737,0.000600975297857,-0.0618626661598682,0.0084084868431091,0.0165860243141651,0.0309707280248403,-0.0803939923644065,-0.0283073242753744,0.2567890584468842,-0.0118905389681458,0.0166464373469352,0.0324909128248691,0.0241164211183786,0.0017482917755842,0.031303584575653,-0.0523559972643852,-0.0271172150969505,-0.0178023874759674,-0.0196319613605737,-0.0131250023841857,0.0157873313874006,0.0063331462442874,0.0143278613686561,0.0383889004588127,0.0055084391497075,-0.0260606240481138,-0.0117252422496676,0.0031114588491618,0.0020981635898351,0.014267960563302,0.0662192180752754,-0.004281326662749,-0.0097474223002791,0.0922910273075103,0.0227777697145938,0.1460369443914586,-0.0284960900778693,0.09337672697565,-0.0305423878507499,0.0874050284764067,-0.2653631196377136,0.0988056267261334,-0.3547143598028943,0.0195440071126438,-0.2825409197233647,-0.1161780382188277,-0.1843154624788369,2019-02-14,2019-02-15,2019-02-19,2019-02-20,2019-02-21,2019-02-22,2019-02-25,2019-02-26,2019-02-27,2019-02-28,91186.0,2019-02-13,252.0,0.0543%,0.0006,1.0253,0.7279,-0.7987,3.2369%,3.5554%,17.1166%,-0.002296,VNDA,91186.0,2019-02-14,252.0,9.2291%,0.0008,1.0047,0.774,-0.848,3.2804%,3.6002%,16.9749%,0.0859259999999999,VNDA,91186.0,2019-02-15,252.0,4.9205%,0.0011,1.0424,0.8121,-0.7812,3.2881%,3.6126%,17.1597%,0.039888,VNDA,91186.0,2019-02-19,252.0,-4.5950%,0.0007,1.017,0.8035,-0.7887,3.2880%,3.6020%,16.6738%,-0.048042,VNDA,91186.0,2019-02-20,252.0,1.0924%,0.0007,1.0191,0.8043,-0.7822,3.2882%,3.6019%,16.6591%,0.0114609999999999,VNDA,91186.0,2019-02-21,252.0,-1.6208%,0.0006,1.0291,0.8214,-0.7638,3.2874%,3.6030%,16.7504%,-0.013773,VNDA,91186.0,2019-02-22,252.0,3.8442%,0.0006,1.0271,0.8182,-0.7902,3.2887%,3.6105%,17.0333%,0.015908,VNDA,91186.0,2019-02-25,252.0,-0.7692%,0.0005,1.0283,0.824,-0.7828,3.2886%,3.6100%,17.0154%,-0.008628,VNDA,91186.0,2019-02-26,252.0,-2.3256%,0.0003,1.0051,0.8735,-0.775,3.2783%,3.5944%,16.8163%,-0.01902,VNDA,91186.0,2019-02-27,252.0,2.2818%,0.0003,0.9971,0.8934,-0.7763,3.2782%,3.5934%,16.7704%,0.019223,VNDA,91186.0,2019-02-28,252.0,-1.8429%,0.0002,1.0069,0.8996,-0.765,3.2793%,3.5954%,16.8076%,-0.017557,VNDA,0.0836299999999999,0.1235179999999999,0.0754759999999999,0.0731639999999999,0.06309
23811,VANDA PHARMACEUTICALS INC,"Vanda Pharmaceuticals Q4 Adj. EPS $0.26 May Not Compare To $0.01 Estimate, Sales $53.04M Beat $51.7M Estimate",6,increase,0.75,0.6,"the company reported better-than-expected sales and significantly higher adjusted eps compared to estimates, which typically signals positive performance and can lead to an increase in stock price.",2,2019-02-13,VNDA,2019-02-13 21:08:00+00:00,91186.0,92165910,0.0005431954632513,1856968.0,0.0922910273075103,0.0227777697145938,0.0492047592997551,-0.0501319654285907,-0.0459498427808284,-0.0021063196472823,0.010923596099019,-0.0533399656414985,-0.0162082463502883,-0.1995211541652679,0.0384422615170478,-0.0094861574470996,-0.0076923007145524,-0.0343512035906314,-0.023255793377757,-0.0342793390154838,0.0228175092488527,-0.0379433184862136,-0.018428761512041,-0.0115667693316936,-0.0009881649166345,-0.0128027312457561,-0.0187932327389717,-0.0302013307809829,-0.0045362981036305,0.0322133153676986,-0.0303797665983438,0.0024306112900376,-0.0208877082914114,-0.0409590899944305,-0.0090666711330413,-0.032850194722414,0.0215285047888755,0.00746267195791,-0.0057955062948167,0.0215445682406425,0.0100688189268112,0.0300443544983863,-0.0220356807112693,0.0438346937298774,-0.0187767427414655,-0.0270457938313484,-0.0038273152895271,-0.0017306762747466,0.0071350755169987,0.0172535125166177,-0.024523202329874,-0.0210272520780563,0.0301676504313945,0.0108013749122619,-0.0460954643785953,0.0342342630028724,0.0096645867452025,0.066897340118885,0.0225225016474723,-0.0373797267675399,0.0104625849053263,0.0340605191886425,0.0234332587569952,0.0183164197951555,-0.0202343482524156,0.0015612414572387,-0.0021738591603934,-0.0127167599275708,-0.0103486124426126,0.0912531539797782,0.0071546044200658,-0.009166638366878,0.0163935050368309,-0.0163934268057346,0.013440859504044,-0.0093381870537996,-0.0228116866201162,-0.0179426148533821,-0.0266015082597732,-0.0267753396183252,-0.0016732116928324,-0.0179115589708089,-0.0195530951023101,0.0034416883718222,0.0068376548588275,-0.0161775890737772,-0.0147142177447676,-0.0213549304753541,0.0005743957008235,-0.0526683032512664,-0.0447761602699756,0.0387681052088737,0.000600975297857,-0.0618626661598682,0.0084084868431091,0.0165860243141651,0.0309707280248403,-0.0803939923644065,-0.0283073242753744,0.2567890584468842,-0.0118905389681458,0.0166464373469352,0.0324909128248691,0.0241164211183786,0.0017482917755842,0.031303584575653,-0.0523559972643852,-0.0271172150969505,-0.0178023874759674,-0.0196319613605737,-0.0131250023841857,0.0157873313874006,0.0063331462442874,0.0143278613686561,0.0383889004588127,0.0055084391497075,-0.0260606240481138,-0.0117252422496676,0.0031114588491618,0.0020981635898351,0.014267960563302,0.0662192180752754,-0.004281326662749,-0.0097474223002791,0.0922910273075103,0.0227777697145938,0.1460369443914586,-0.0284960900778693,0.09337672697565,-0.0305423878507499,0.0874050284764067,-0.2653631196377136,0.0988056267261334,-0.3547143598028943,0.0195440071126438,-0.2825409197233647,-0.1161780382188277,-0.1843154624788369,2019-02-14,2019-02-15,2019-02-19,2019-02-20,2019-02-21,2019-02-22,2019-02-25,2019-02-26,2019-02-27,2019-02-28,91186.0,2019-02-13,252.0,0.0543%,0.0006,1.0253,0.7279,-0.7987,3.2369%,3.5554%,17.1166%,-0.002296,VNDA,91186.0,2019-02-14,252.0,9.2291%,0.0008,1.0047,0.774,-0.848,3.2804%,3.6002%,16.9749%,0.0859259999999999,VNDA,91186.0,2019-02-15,252.0,4.9205%,0.0011,1.0424,0.8121,-0.7812,3.2881%,3.6126%,17.1597%,0.039888,VNDA,91186.0,2019-02-19,252.0,-4.5950%,0.0007,1.017,0.8035,-0.7887,3.2880%,3.6020%,16.6738%,-0.048042,VNDA,91186.0,2019-02-20,252.0,1.0924%,0.0007,1.0191,0.8043,-0.7822,3.2882%,3.6019%,16.6591%,0.0114609999999999,VNDA,91186.0,2019-02-21,252.0,-1.6208%,0.0006,1.0291,0.8214,-0.7638,3.2874%,3.6030%,16.7504%,-0.013773,VNDA,91186.0,2019-02-22,252.0,3.8442%,0.0006,1.0271,0.8182,-0.7902,3.2887%,3.6105%,17.0333%,0.015908,VNDA,91186.0,2019-02-25,252.0,-0.7692%,0.0005,1.0283,0.824,-0.7828,3.2886%,3.6100%,17.0154%,-0.008628,VNDA,91186.0,2019-02-26,252.0,-2.3256%,0.0003,1.0051,0.8735,-0.775,3.2783%,3.5944%,16.8163%,-0.01902,VNDA,91186.0,2019-02-27,252.0,2.2818%,0.0003,0.9971,0.8934,-0.7763,3.2782%,3.5934%,16.7704%,0.019223,VNDA,91186.0,2019-02-28,252.0,-1.8429%,0.0002,1.0069,0.8996,-0.765,3.2793%,3.5954%,16.8076%,-0.017557,VNDA,0.0836299999999999,0.1235179999999999,0.0754759999999999,0.0731639999999999,0.06309
23819,VERTEX PHARMACEUTICALS INC,"Vertex Pharma Filing Shows Registration For Mixed Securities Offering, No Size Disclosed",6,uncertain,0.6,0.2,"the registration for a mixed securities offering could indicate potential dilution of shares, but without disclosed size or details, the market reaction is uncertain.",1,2019-02-13,VRTX,2019-02-13 21:48:00+00:00,76744.0,92532F10,0.0067387940362095,1243260.0,0.0025371185038238,0.0136616304516792,0.0126534895971417,0.0010477690957486,-0.0064338101074099,0.0064380271360278,0.0052445451728999,-0.0121169295161962,-0.0254471823573112,-0.0247567351907491,0.0147492457181215,-0.0051068807952106,0.0030685148667544,-0.0184837542474269,0.0139000499621033,0.0031952259596437,0.0047109858132898,0.0206361971795558,-0.0055845188908278,0.0035947964061051,0.018066244199872,-0.0090913474559783,-0.0110325263813138,-0.0074406526982784,-0.0117869414389133,0.015650114044547,-0.035623013973236,-0.0174311306327581,-0.0138037651777267,-0.0205797683447599,-0.0075584016740322,-0.00421156687662,0.0183911193162202,0.0219399146735668,0.0113560995087027,0.0234757475554943,0.0169249940663576,-0.0028390765655785,0.0024237688630819,0.0150616550818085,0.0106388460844755,-0.0225871596485376,-0.0032431315630674,0.0114497924223542,-0.0305099282413721,0.0204607546329498,-0.0097931269556283,0.0230652708560228,0.0143349366262555,0.0133067741990089,-0.005641974043101,0.0182397756725549,0.0127802975475788,0.0547853261232376,0.0329616405069828,-0.0021331429015845,-0.0215364973992109,-0.009836490266025,-0.0182973258197307,0.0265766847878694,0.0083872312679886,-0.0058508156798779,0.0114161791279912,0.0032748319208621,0.0056973798200488,0.0653676018118858,0.0041686641052365,-0.0293290503323078,-0.0199052933603525,-0.029758233577013,0.0257399175316095,0.0166393499821424,0.0002117279218509,-0.0291867423802614,-0.0032816128805279,-0.0164891704916954,0.0109393959864974,-0.0228742770850658,-0.0275778751820325,-0.019374931231141,-0.0126404296606779,-0.0115702413022518,-0.0015865701716393,0.0128153394907712,-0.0150693180039525,-0.0031649386510252,-0.0710470899939537,0.0091167297214269,0.0071270433254539,-0.0412003435194492,0.0021408218890428,0.0094419606029987,0.0406479388475418,-0.0363931842148304,-0.015909181907773,0.0213507432490587,0.0117626534774899,0.0074672410264611,-0.0100795747712254,0.0059983856044709,-0.0019091803114861,0.0166999604552984,-0.0205194093286991,0.0480884313583374,0.021422715857625,0.0437059327960014,-0.0177289266139268,0.0008736311574466,0.0255397073924541,0.0030671351123601,0.0051187635399401,-0.0081331888213753,-0.0256351325660944,-0.0244684945791959,-0.0074583292007446,-0.0093597983941435,0.0053251828067004,0.0126989688724279,-0.0062385825440287,-0.0336445048451423,0.0025371185038238,0.0136616304516792,0.0152227115035603,0.0147237137816127,0.0086909613610166,0.0212565325865097,-0.0118218749460713,-0.0160945863190623,0.018893387892626,-0.0127160110933041,-0.0152766592017572,0.1399454627192877,-0.0885289772814462,0.0804415342792101,2019-02-14,2019-02-15,2019-02-19,2019-02-20,2019-02-21,2019-02-22,2019-02-25,2019-02-26,2019-02-27,2019-02-28,76744.0,2019-02-13,252.0,0.6739%,0.0005,1.1556,-0.1503,-0.5659,1.5717%,2.1031%,44.1505%,0.00391,VRTX,76744.0,2019-02-14,252.0,0.2537%,0.0004,1.1546,-0.1496,-0.5657,1.5708%,2.1015%,44.1306%,0.002363,VRTX,76744.0,2019-02-15,252.0,1.2653%,0.0004,1.1516,-0.152,-0.5703,1.5705%,2.0992%,44.0326%,0.002596,VRTX,76744.0,2019-02-19,252.0,-0.6434%,0.0004,1.1485,-0.154,-0.5723,1.5707%,2.0949%,43.7822%,-0.00657,VRTX,76744.0,2019-02-20,252.0,0.5245%,0.0004,1.1503,-0.1498,-0.566,1.5712%,2.0951%,43.7570%,0.006449,VRTX,76744.0,2019-02-21,252.0,-2.5447%,0.0003,1.158,-0.1393,-0.5517,1.5774%,2.1016%,43.6669%,-0.022698,VRTX,76744.0,2019-02-22,252.0,1.4749%,0.0003,1.1574,-0.1228,-0.5434,1.5754%,2.0996%,43.6990%,-0.000222,VRTX,76744.0,2019-02-25,252.0,0.3069%,0.0004,1.1569,-0.1231,-0.5455,1.5752%,2.0996%,43.7164%,-6.5e-05,VRTX,76744.0,2019-02-26,252.0,1.3900%,0.0003,1.1342,-0.1189,-0.5604,1.5630%,2.0755%,43.2848%,0.013063,VRTX,76744.0,2019-02-27,252.0,0.4711%,0.0002,1.1307,-0.1119,-0.5609,1.5623%,2.0713%,43.1061%,0.003144,VRTX,76744.0,2019-02-28,252.0,-0.5585%,0.0003,1.1273,-0.1144,-0.5625,1.5618%,2.0669%,42.9079%,-0.003559,VRTX,0.006273,0.008869,0.002299,-0.01395,-0.001589
23827,WASTE CONNECTIONS INC NEW,Waste Connections Sees FY19 Sales ~$5.31B vs $5.34B Estimate,6,decrease,0.7,0.5,"the company's sales forecast falling short of estimates typically signals weaker performance, which can lead to a decrease in stock price.",0,2019-02-13,WCN,2019-02-13 21:57:00+00:00,92949.0,94106B10,-0.012124765664339,1067519.0,-0.0347950235009193,0.0152981812134385,0.0224691312760114,-0.0004778511065524,-0.0042260140180587,-0.0007162177353166,0.0116405850276351,-0.0042790994048118,-0.003475978737697,-0.0043787308968603,0.0033677986357361,0.0099199451506137,-0.0061135762371122,-0.0087667983025312,-0.0020504859276115,0.0101724043488502,0.0132946399971842,0.0094225509092211,-0.0033396328799426,0.0217230580747127,0.0037169971037656,0.0047122677788138,0.0082427719607949,-0.0041986163705587,-0.0020141962449997,0.0089708594605326,0.0018995135324075,-0.0013686774764209,0.0047399164177477,0.0016202004626393,-0.0002359272621106,-0.0023623330052942,0.0089654615148901,0.017714811488986,-0.0047935931943356,0.0085502574220299,0.0009397814865224,-0.0074730380438268,-0.0044600619003176,0.0166107807308435,-0.0040084454230964,0.0027115135453641,0.0050899656489491,0.0029784475918859,-0.002826586831361,0.0140512101352214,-0.0033069420605897,0.0080752000212669,0.0094798328354954,0.0113803511485457,0.0017606983892619,0.0090516861528158,0.0117178354412317,0.0098225586116313,0.0177207142114639,-0.0054273256100714,0.0040969680994749,-0.0074074487201869,0.0056670065969228,0.0065067559480667,-0.0015778994420543,-0.0021642588544636,-0.0106106204912066,0.0135727701708674,-0.0039931372739374,0.0294989980757236,0.0108819808810949,-0.0222191642969846,-0.0069121881388127,-0.0262062158435583,0.0025102831423282,-0.0116881029680371,-0.0011381569784134,0.0010637127561494,-0.000569770403672,-0.0011952717322856,0.0076387887820601,-0.0209335647523403,-0.010635832324624,-0.0085083926096558,0.006518751848489,0.0002578548446763,0.0118168490007519,0.0044036260806024,-0.0038181240670382,0.0073059042915701,-0.0056363432668149,-0.0029916199855506,0.0038544833660125,-0.0132204638794064,0.0028232636395841,0.0,0.0050675328820943,-0.003835768206045,-0.0001120687520597,-0.0034404213074594,0.0208426788449287,0.002298854291439,0.007464328315109,-0.0076045431196689,0.0049030790105462,0.0272100511938333,0.0058548548258841,-0.0018193554133176,-0.0090546123683452,0.0123667251318693,0.0034809061326086,0.0021094747353345,0.0073712770827114,0.0101212169975042,0.0,-0.0206078235059976,-0.0176477245986461,-0.00208256742917,0.0024141471367329,-0.0023373626172542,0.0028462193440645,0.0146245136857032,0.0136447986587882,-0.0123617043718695,-0.0347950235009193,0.0152981812134385,-0.0131077061757018,0.014813019854065,-0.0172783268437175,0.0140861927712152,-0.0092945545928354,0.0053254075610507,-0.0042897625681829,0.0485065458335554,0.0593449783380368,0.1515521301075526,0.1105993959047921,0.1054001113625691,2019-02-14,2019-02-15,2019-02-19,2019-02-20,2019-02-21,2019-02-22,2019-02-25,2019-02-26,2019-02-27,2019-02-28,92949.0,2019-02-13,252.0,-1.2125%,0.0007,0.5823,-0.1071,-0.0899,0.7567%,0.9918%,41.7912%,-0.013743,WCN,92949.0,2019-02-14,252.0,-3.4795%,0.0006,0.5899,-0.126,-0.0685,0.7856%,1.0155%,40.1595%,-0.033637,WCN,92949.0,2019-02-15,252.0,2.2469%,0.0006,0.597,-0.1179,-0.0547,0.7914%,1.0218%,40.0108%,0.016347,WCN,92949.0,2019-02-19,252.0,-0.4226%,0.0006,0.6003,-0.1274,-0.0657,0.7873%,1.0215%,40.6049%,-0.004954,WCN,92949.0,2019-02-20,252.0,1.1641%,0.0006,0.6006,-0.1389,-0.0679,0.7704%,1.0093%,41.7336%,0.011042,WCN,92949.0,2019-02-21,252.0,-0.3476%,0.0006,0.5996,-0.1414,-0.0696,0.7701%,1.0086%,41.7022%,-0.001607,WCN,92949.0,2019-02-22,252.0,0.3368%,0.0006,0.5999,-0.1432,-0.0681,0.7701%,1.0086%,41.6957%,-0.0008759999999999,WCN,92949.0,2019-02-25,252.0,-0.6114%,0.0005,0.6006,-0.1384,-0.063,0.7709%,1.0088%,41.5964%,-0.007608,WCN,92949.0,2019-02-26,252.0,-0.2050%,0.0005,0.6052,-0.139,-0.0598,0.7700%,1.0088%,41.7349%,-0.002283,WCN,92949.0,2019-02-27,252.0,1.3295%,0.0005,0.6027,-0.1309,-0.0602,0.7729%,1.0082%,41.2297%,0.012842,WCN,92949.0,2019-02-28,252.0,-0.3340%,0.0005,0.6045,-0.1297,-0.0584,0.7729%,1.0081%,41.2199%,-0.001696,WCN,-0.04738,-0.0310329999999999,-0.035987,-0.0265519999999999,-0.026173
23835,WASTE CONNECTIONS INC NEW,"Waste Connections Q4 EPS $0.63 Beats $0.60 Estimate, Sales $1.262B Beat $1.23B Estimate",6,increase,0.8,0.7,"the company reported better-than-expected earnings and sales, which typically boosts investor confidence and can lead to an increase in stock price.",2,2019-02-13,WCN,2019-02-13 21:56:00+00:00,92949.0,94106B10,-0.012124765664339,1067519.0,-0.0347950235009193,0.0152981812134385,0.0224691312760114,-0.0004778511065524,-0.0042260140180587,-0.0007162177353166,0.0116405850276351,-0.0042790994048118,-0.003475978737697,-0.0043787308968603,0.0033677986357361,0.0099199451506137,-0.0061135762371122,-0.0087667983025312,-0.0020504859276115,0.0101724043488502,0.0132946399971842,0.0094225509092211,-0.0033396328799426,0.0217230580747127,0.0037169971037656,0.0047122677788138,0.0082427719607949,-0.0041986163705587,-0.0020141962449997,0.0089708594605326,0.0018995135324075,-0.0013686774764209,0.0047399164177477,0.0016202004626393,-0.0002359272621106,-0.0023623330052942,0.0089654615148901,0.017714811488986,-0.0047935931943356,0.0085502574220299,0.0009397814865224,-0.0074730380438268,-0.0044600619003176,0.0166107807308435,-0.0040084454230964,0.0027115135453641,0.0050899656489491,0.0029784475918859,-0.002826586831361,0.0140512101352214,-0.0033069420605897,0.0080752000212669,0.0094798328354954,0.0113803511485457,0.0017606983892619,0.0090516861528158,0.0117178354412317,0.0098225586116313,0.0177207142114639,-0.0054273256100714,0.0040969680994749,-0.0074074487201869,0.0056670065969228,0.0065067559480667,-0.0015778994420543,-0.0021642588544636,-0.0106106204912066,0.0135727701708674,-0.0039931372739374,0.0294989980757236,0.0108819808810949,-0.0222191642969846,-0.0069121881388127,-0.0262062158435583,0.0025102831423282,-0.0116881029680371,-0.0011381569784134,0.0010637127561494,-0.000569770403672,-0.0011952717322856,0.0076387887820601,-0.0209335647523403,-0.010635832324624,-0.0085083926096558,0.006518751848489,0.0002578548446763,0.0118168490007519,0.0044036260806024,-0.0038181240670382,0.0073059042915701,-0.0056363432668149,-0.0029916199855506,0.0038544833660125,-0.0132204638794064,0.0028232636395841,0.0,0.0050675328820943,-0.003835768206045,-0.0001120687520597,-0.0034404213074594,0.0208426788449287,0.002298854291439,0.007464328315109,-0.0076045431196689,0.0049030790105462,0.0272100511938333,0.0058548548258841,-0.0018193554133176,-0.0090546123683452,0.0123667251318693,0.0034809061326086,0.0021094747353345,0.0073712770827114,0.0101212169975042,0.0,-0.0206078235059976,-0.0176477245986461,-0.00208256742917,0.0024141471367329,-0.0023373626172542,0.0028462193440645,0.0146245136857032,0.0136447986587882,-0.0123617043718695,-0.0347950235009193,0.0152981812134385,-0.0131077061757018,0.014813019854065,-0.0172783268437175,0.0140861927712152,-0.0092945545928354,0.0053254075610507,-0.0042897625681829,0.0485065458335554,0.0593449783380368,0.1515521301075526,0.1105993959047921,0.1054001113625691,2019-02-14,2019-02-15,2019-02-19,2019-02-20,2019-02-21,2019-02-22,2019-02-25,2019-02-26,2019-02-27,2019-02-28,92949.0,2019-02-13,252.0,-1.2125%,0.0007,0.5823,-0.1071,-0.0899,0.7567%,0.9918%,41.7912%,-0.013743,WCN,92949.0,2019-02-14,252.0,-3.4795%,0.0006,0.5899,-0.126,-0.0685,0.7856%,1.0155%,40.1595%,-0.033637,WCN,92949.0,2019-02-15,252.0,2.2469%,0.0006,0.597,-0.1179,-0.0547,0.7914%,1.0218%,40.0108%,0.016347,WCN,92949.0,2019-02-19,252.0,-0.4226%,0.0006,0.6003,-0.1274,-0.0657,0.7873%,1.0215%,40.6049%,-0.004954,WCN,92949.0,2019-02-20,252.0,1.1641%,0.0006,0.6006,-0.1389,-0.0679,0.7704%,1.0093%,41.7336%,0.011042,WCN,92949.0,2019-02-21,252.0,-0.3476%,0.0006,0.5996,-0.1414,-0.0696,0.7701%,1.0086%,41.7022%,-0.001607,WCN,92949.0,2019-02-22,252.0,0.3368%,0.0006,0.5999,-0.1432,-0.0681,0.7701%,1.0086%,41.6957%,-0.0008759999999999,WCN,92949.0,2019-02-25,252.0,-0.6114%,0.0005,0.6006,-0.1384,-0.063,0.7709%,1.0088%,41.5964%,-0.007608,WCN,92949.0,2019-02-26,252.0,-0.2050%,0.0005,0.6052,-0.139,-0.0598,0.7700%,1.0088%,41.7349%,-0.002283,WCN,92949.0,2019-02-27,252.0,1.3295%,0.0005,0.6027,-0.1309,-0.0602,0.7729%,1.0082%,41.2297%,0.012842,WCN,92949.0,2019-02-28,252.0,-0.3340%,0.0005,0.6045,-0.1297,-0.0584,0.7729%,1.0081%,41.2199%,-0.001696,WCN,-0.04738,-0.0310329999999999,-0.035987,-0.0265519999999999,-0.026173
23843,WASTE CONNECTIONS INC NEW,Waste Connections Q4 Earnings Outlook,6,uncertain,0.5,0.5,"the impact on waste connections' stock price is unclear without specific details on the earnings outlook, such as expected revenue, profit margins, or market conditions.",1,2019-02-13,WCN,2019-02-13 13:27:00+00:00,92949.0,94106B10,-0.012124765664339,1067519.0,-0.0347950235009193,0.0152981812134385,0.0224691312760114,-0.0004778511065524,-0.0042260140180587,-0.0007162177353166,0.0116405850276351,-0.0042790994048118,-0.003475978737697,-0.0043787308968603,0.0033677986357361,0.0099199451506137,-0.0061135762371122,-0.0087667983025312,-0.0020504859276115,0.0101724043488502,0.0132946399971842,0.0094225509092211,-0.0033396328799426,0.0217230580747127,0.0037169971037656,0.0047122677788138,0.0082427719607949,-0.0041986163705587,-0.0020141962449997,0.0089708594605326,0.0018995135324075,-0.0013686774764209,0.0047399164177477,0.0016202004626393,-0.0002359272621106,-0.0023623330052942,0.0089654615148901,0.017714811488986,-0.0047935931943356,0.0085502574220299,0.0009397814865224,-0.0074730380438268,-0.0044600619003176,0.0166107807308435,-0.0040084454230964,0.0027115135453641,0.0050899656489491,0.0029784475918859,-0.002826586831361,0.0140512101352214,-0.0033069420605897,0.0080752000212669,0.0094798328354954,0.0113803511485457,0.0017606983892619,0.0090516861528158,0.0117178354412317,0.0098225586116313,0.0177207142114639,-0.0054273256100714,0.0040969680994749,-0.0074074487201869,0.0056670065969228,0.0065067559480667,-0.0015778994420543,-0.0021642588544636,-0.0106106204912066,0.0135727701708674,-0.0039931372739374,0.0294989980757236,0.0108819808810949,-0.0222191642969846,-0.0069121881388127,-0.0262062158435583,0.0025102831423282,-0.0116881029680371,-0.0011381569784134,0.0010637127561494,-0.000569770403672,-0.0011952717322856,0.0076387887820601,-0.0209335647523403,-0.010635832324624,-0.0085083926096558,0.006518751848489,0.0002578548446763,0.0118168490007519,0.0044036260806024,-0.0038181240670382,0.0073059042915701,-0.0056363432668149,-0.0029916199855506,0.0038544833660125,-0.0132204638794064,0.0028232636395841,0.0,0.0050675328820943,-0.003835768206045,-0.0001120687520597,-0.0034404213074594,0.0208426788449287,0.002298854291439,0.007464328315109,-0.0076045431196689,0.0049030790105462,0.0272100511938333,0.0058548548258841,-0.0018193554133176,-0.0090546123683452,0.0123667251318693,0.0034809061326086,0.0021094747353345,0.0073712770827114,0.0101212169975042,0.0,-0.0206078235059976,-0.0176477245986461,-0.00208256742917,0.0024141471367329,-0.0023373626172542,0.0028462193440645,0.0146245136857032,0.0136447986587882,-0.0123617043718695,-0.0347950235009193,0.0152981812134385,-0.0131077061757018,0.014813019854065,-0.0172783268437175,0.0140861927712152,-0.0092945545928354,0.0053254075610507,-0.0042897625681829,0.0485065458335554,0.0593449783380368,0.1515521301075526,0.1105993959047921,0.1054001113625691,2019-02-14,2019-02-15,2019-02-19,2019-02-20,2019-02-21,2019-02-22,2019-02-25,2019-02-26,2019-02-27,2019-02-28,92949.0,2019-02-13,252.0,-1.2125%,0.0007,0.5823,-0.1071,-0.0899,0.7567%,0.9918%,41.7912%,-0.013743,WCN,92949.0,2019-02-14,252.0,-3.4795%,0.0006,0.5899,-0.126,-0.0685,0.7856%,1.0155%,40.1595%,-0.033637,WCN,92949.0,2019-02-15,252.0,2.2469%,0.0006,0.597,-0.1179,-0.0547,0.7914%,1.0218%,40.0108%,0.016347,WCN,92949.0,2019-02-19,252.0,-0.4226%,0.0006,0.6003,-0.1274,-0.0657,0.7873%,1.0215%,40.6049%,-0.004954,WCN,92949.0,2019-02-20,252.0,1.1641%,0.0006,0.6006,-0.1389,-0.0679,0.7704%,1.0093%,41.7336%,0.011042,WCN,92949.0,2019-02-21,252.0,-0.3476%,0.0006,0.5996,-0.1414,-0.0696,0.7701%,1.0086%,41.7022%,-0.001607,WCN,92949.0,2019-02-22,252.0,0.3368%,0.0006,0.5999,-0.1432,-0.0681,0.7701%,1.0086%,41.6957%,-0.0008759999999999,WCN,92949.0,2019-02-25,252.0,-0.6114%,0.0005,0.6006,-0.1384,-0.063,0.7709%,1.0088%,41.5964%,-0.007608,WCN,92949.0,2019-02-26,252.0,-0.2050%,0.0005,0.6052,-0.139,-0.0598,0.7700%,1.0088%,41.7349%,-0.002283,WCN,92949.0,2019-02-27,252.0,1.3295%,0.0005,0.6027,-0.1309,-0.0602,0.7729%,1.0082%,41.2297%,0.012842,WCN,92949.0,2019-02-28,252.0,-0.3340%,0.0005,0.6045,-0.1297,-0.0584,0.7729%,1.0081%,41.2199%,-0.001696,WCN,-0.04738,-0.0310329999999999,-0.035987,-0.0265519999999999,-0.026173
23851,WENDYS CO,Wendy's Reports Settlement With Financial Institutions,6,uncertain,0.6,0.3,"the settlement with financial institutions could have mixed implications for wendy's stock price, depending on the terms of the settlement and market perception.",1,2019-02-13,WEN,2019-02-13 21:42:00+00:00,19828.0,95058W10,-0.0005645579658448,2337275.0,0.0112993698567152,0.0033994033001363,0.0055866134352982,-0.005073289386928,-0.0061111450195312,0.001693997066468,-0.0122973350808024,0.0045377155765891,0.0056593311019241,0.0039863153360784,-0.0028137953486293,0.0057273991405963,-0.0389389768242836,0.01041657384485,0.0052848001942038,-0.0023094115313142,0.0151868173852562,-0.0011534289224073,0.0028769141063094,0.0134424036368727,-0.0028851262759417,-0.017795605584979,0.0,0.0181180275976657,0.0023147573228925,-0.0149683486670255,-0.0363740846514701,0.0181712415069341,-0.0143798543140292,0.0209455657750368,0.0322187691926956,0.0170419216156005,-0.0212013367563486,0.0079755261540412,-0.0096270609647035,-0.0079124206677079,0.013973357155919,0.0018293102039024,0.0065906951203942,-0.0018259698990732,-0.0101190526038408,-0.0054479511454701,0.0054119154810905,0.0036452841013669,-0.0101674692705273,0.0042708786204457,-0.0145014971494674,0.0049049616791307,0.0214592516422271,0.0092821549624204,-0.0114045944064855,0.0157133881002664,0.0279296301305294,0.0224935356527566,0.0029532921034842,-0.0051150843501091,0.0188456829637289,0.001921889022924,0.0219653807580471,-0.0012796197552233,0.0118777761235833,0.0103425886482,-0.0039127836935222,-0.0038634557276964,0.0072952341288328,0.0353333167731761,0.0016712411306798,-0.0439770296216011,0.0122358854860067,-0.0094697326421737,0.0027472106739878,-0.0323763377964496,-0.0120547572150826,-0.0084796724840998,-0.0022185754496604,0.0067073544487357,0.0,-0.0185517352074384,0.0222345534712076,-0.0222352873533964,0.0027189312968403,0.003523162798956,0.0070498459972441,0.0029447083361446,0.0032309889793396,-0.0104895280674099,0.0085883932188153,0.0029222229495644,0.0058541083708405,-0.0261809378862381,-0.0111110629513859,0.0068767294287681,-0.0042803594842553,-0.0262276399880647,-0.0064481911249458,-0.0005577372503466,0.0140616679564118,-0.0024916478432714,0.0005333455628715,0.010067131370306,-0.0026653062086552,0.0193841643631458,-0.0053446539677679,-0.013498299755156,0.0005373578169383,0.0016901795752346,-0.0107411788776516,0.0028248154558241,0.0005429005832411,-0.0033783481922,0.0086814891546964,-0.0100334612652659,-0.0064551285468041,0.0084316814318299,0.0395236313343048,0.0171527247875928,-0.0203125663101673,0.0017182524316012,0.0021265770774334,-0.0168919563293457,0.0112993698567152,0.0033994033001363,0.0169491085034654,-0.0016911322434762,0.0107343850239176,4.9932280532516415e-11,0.0039547844074385,0.00854211972822,-0.0152542851254883,0.0350671217468536,0.0046338503456817,0.1330773492966257,0.0711169759119823,0.001911936359217,2019-02-14,2019-02-15,2019-02-19,2019-02-20,2019-02-21,2019-02-22,2019-02-25,2019-02-26,2019-02-27,2019-02-28,19828.0,2019-02-13,252.0,-0.0565%,0.0005,0.6454,0.3,0.1957,1.2594%,1.4243%,21.8116%,-0.002789,WEN,19828.0,2019-02-14,252.0,1.1299%,0.0006,0.6439,0.307,0.1859,1.2558%,1.4217%,21.9713%,0.01213,WEN,19828.0,2019-02-15,252.0,0.5587%,0.0006,0.6363,0.2997,0.1729,1.2555%,1.4178%,21.5820%,-0.00345,WEN,19828.0,2019-02-19,252.0,-0.6111%,0.0006,0.6375,0.2895,0.1614,1.2553%,1.4182%,21.6584%,-0.008808,WEN,19828.0,2019-02-20,252.0,-1.2297%,0.0003,0.6292,0.2527,0.127,1.2308%,1.3939%,22.0385%,-0.015133,WEN,19828.0,2019-02-21,252.0,0.5659%,0.0004,0.6227,0.2411,0.1149,1.2290%,1.3896%,21.7696%,0.008356,WEN,19828.0,2019-02-22,252.0,-0.2814%,0.0004,0.6241,0.2294,0.121,1.2289%,1.3890%,21.7299%,-0.006598,WEN,19828.0,2019-02-25,252.0,-3.8939%,0.0001,0.629,0.2537,0.1521,1.2270%,1.3879%,21.8465%,-0.039161,WEN,19828.0,2019-02-26,252.0,0.5285%,0.0001,0.6325,0.2389,0.1471,1.2268%,1.3883%,21.9057%,0.008317,WEN,19828.0,2019-02-27,252.0,1.5187%,0.0003,0.6424,0.2255,0.1488,1.2225%,1.3879%,22.4135%,0.01424,WEN,19828.0,2019-02-28,252.0,0.2877%,0.0003,0.6347,0.2204,0.1421,1.2204%,1.3817%,21.9960%,0.005095,WEN,0.009341,0.005891,-0.0029169999999999,-0.009694,-0.027801
23859,ENCORE WIRE CORP,Sidoti & Co. Downgrades Encore Wire to Neutral,6,decrease,0.8,0.6,"a downgrade to 'neutral' typically signals reduced expectations for the company's performance, which can lead to a decrease in stock price.",0,2019-02-13,WIRE,2019-02-13 15:02:00+00:00,77785.0,29256210,-0.0016483544604852,80039.0,-0.0055035636760294,0.0238139238208532,0.0110681112855672,0.0026321338955312,0.026272552087903,-0.0128062814474105,0.0289777964353561,-0.0077347732149064,0.0020732365082949,-0.0012874691747128,0.012068978510797,-0.0031170146539807,0.0010221048723906,0.0135662425309419,0.0176991317421197,-0.0016697616083547,0.0091973114758729,0.0099307214841246,-0.0183926559984684,0.0181228686124086,0.0037136629689484,0.0073020225390791,-0.0104271601885557,-0.0117736216634511,-0.0006798251997679,0.0078468872234225,-0.0178571306169033,0.0028791080694645,0.0048484639264643,-0.0102583765983581,0.0018955818377435,-0.0049149738624691,0.0177158378064632,-0.0020750197581946,0.012337390333414,0.0206006877124309,-0.0055092126131057,0.0032837197650223,-0.0053718262352049,0.0013539592036977,0.006244707852602,0.0001935023465193,0.0075478157959878,-0.0019309188937768,-0.0086565753445029,0.0111284591257572,-0.009403821080923,0.0029371751006692,0.0111883338540792,0.0013725430471822,-0.0529756881296634,-0.0003920120943803,0.0152238765731453,0.0372027233242988,-0.0020923963747918,-0.0259303599596023,-0.0006989501416683,0.0067756106145679,0.0001748930953908,0.0137373795732855,0.0003496583376545,0.0284645520150661,0.0138063104823231,0.0006237545749172,0.0037924707867205,0.0328537411987781,0.0017173592932522,-0.0212274510413408,0.0080603221431374,0.0074105928651988,0.0023817522451281,0.0063924831338226,0.009164985269308,-0.0229023210704326,-0.015472556464374,0.0258436370640993,0.0152032691985368,-0.019065573811531,0.0075719463638961,-0.0058320933021605,0.0095190331339836,-0.0096947448328137,0.0014888362493366,0.0202020015567541,0.0074331145733594,0.0006316861836239,0.0013116578338667,0.0099957725033164,-0.0037661625538021,-0.0115618929266929,-0.0182445850223302,0.0014736778102815,0.011217176914215,-0.048858605325222,0.0127482889220118,-0.000400329416152,-0.0273009352385997,-0.0087302066385746,-0.008067219518125,0.0077985045500099,0.0118603995069861,0.0250050704926252,-0.0072002727538347,-0.0032686383929103,-0.0652724355459213,0.0185185056179761,0.0043305968865752,-0.0029045515693724,0.0321595557034015,-0.0072090313769876,0.0146214123815298,-0.0132114132866263,-0.0247041080147028,-0.019725002348423,-0.0028144214302301,0.0009971925755962,0.0007056079921312,0.020142376422882,-0.002467819256708,-0.0060667186044156,-0.0055035636760294,0.0238139238208532,0.0055036335543043,0.0265087391524589,0.0319207801414356,0.013362979330646,0.0640249818374043,0.0042302642568634,0.0867731336845902,0.0415871855610501,0.0493487896600828,0.1034787496904723,0.0385142527704955,0.1045944827337508,2019-02-14,2019-02-15,2019-02-19,2019-02-20,2019-02-21,2019-02-22,2019-02-25,2019-02-26,2019-02-27,2019-02-28,77785.0,2019-02-13,252.0,-0.1648%,0.0006,1.0601,1.2052,0.6667,1.4546%,1.8698%,39.4765%,-0.005914,WIRE,77785.0,2019-02-14,252.0,-0.5504%,0.0006,1.0621,1.2021,0.6692,1.4542%,1.8698%,39.5167%,-0.005778,WIRE,77785.0,2019-02-15,252.0,1.1068%,0.0006,1.0656,1.2043,0.6737,1.4535%,1.8694%,39.5445%,-0.007251,WIRE,77785.0,2019-02-19,252.0,2.6273%,0.0008,1.074,1.2087,0.678,1.4548%,1.8756%,39.8371%,0.0186339999999999,WIRE,77785.0,2019-02-20,252.0,2.8978%,0.0008,1.0783,1.2128,0.6918,1.4580%,1.8805%,39.8872%,0.020449,WIRE,77785.0,2019-02-21,252.0,0.2073%,0.0008,1.0763,1.2105,0.6882,1.4588%,1.8786%,39.7029%,0.008403,WIRE,77785.0,2019-02-22,252.0,1.2069%,0.0005,1.0802,1.0811,0.6169,1.3245%,1.7639%,43.6194%,0.008431,WIRE,77785.0,2019-02-25,252.0,0.1022%,0.0005,1.0799,1.0795,0.6149,1.3245%,1.7637%,43.6036%,0.0032229999999999,WIRE,77785.0,2019-02-26,252.0,1.7699%,0.0005,1.0695,1.0509,0.5926,1.3350%,1.7627%,42.6425%,0.028265,WIRE,77785.0,2019-02-27,252.0,0.9197%,0.0006,1.0714,1.0494,0.5929,1.3354%,1.7635%,42.6632%,0.0068489999999999,WIRE,77785.0,2019-02-28,252.0,-1.8393%,0.0005,1.0732,1.0501,0.5976,1.3384%,1.7642%,42.4460%,-0.013899,WIRE,-0.011692,-0.018943,-0.000309,0.028543,0.0614119999999999
23867,WILLIAMS COS,Williams Companies Q4 EPS $0.19 Misses $0.24 Estimate,6,decrease,0.8,0.6,"the earnings per share (eps) miss compared to estimates typically signals weaker financial performance, which can lead to a decline in stock price.",0,2019-02-13,WMB,2019-02-13 22:25:00+00:00,38156.0,96945710,0.0112233879044652,9230700.0,-0.0062893107533454,0.000374260067474,0.0152643276378512,-0.0059523754753172,0.0055005359463393,0.0074962088838219,-0.0025528699625283,-0.0140428366139531,-0.0106033235788345,-0.0106033235788345,0.001847788109444,-0.0007307437481358,0.0088528133928775,-0.0021873665973544,-0.0138940056785941,0.0185666549950838,0.0044494192115962,-0.0033308716956526,-0.0147655820474028,0.0127436341717839,0.0277257300913333,0.003762241685763,-0.0010937181068584,-0.0033745837863534,0.0014598874840885,0.0064150970429182,-0.0032798887696117,0.0263361856341362,-0.0010968866990879,-0.0129969473928213,-0.0003712037287186,-0.0090909004211425,0.015967333689332,0.0091743031516671,0.0062134531326591,0.011600898578763,0.0061750845052301,0.0161100123077631,0.0010829883394762,0.0055314619094133,-0.0061305472627282,0.0107826888561248,0.0083454810082912,-0.004373705945909,0.0122345527634024,0.0,0.0078208753839135,0.0112584950402379,0.0204585511237382,0.0298137161880731,-0.0159004833549261,0.0254777241498231,0.0080787306651473,0.0415744632482528,-0.0031358937267214,0.0084746005013585,-0.0041943667456507,0.0167800839990377,0.0059670088812708,0.0265362989157438,0.0020934916101396,0.000931987829972,0.0191504582762718,-0.0096908621490001,0.0027331712190061,0.052964050322771,-0.0149915004149079,-0.0550964511930942,-0.0031131149735301,-0.0027472283691167,0.0100624887272715,-0.0215053558349609,-0.0037787910550832,-0.0044603203423321,-0.0100000314414501,-0.0243689939379692,-0.0017415269976481,-0.0200426951050758,0.0034891967661678,-0.0171835646033287,0.006258703302592,0.0004133972688578,-0.0141672370955348,0.010865032672882,0.003505028784275,-0.0062292199581861,-0.0083828074857592,-0.0163398534059524,-0.0024656462483108,-0.0020383670926094,0.0155367422848939,-0.0207584258168935,0.0020862123928964,-0.0252918880432844,-0.0048577166162431,0.0150079410523176,-0.0073222103528678,-0.0093896621838212,0.0007025099475868,0.0086818989366292,-0.007019966840744,0.0140056172385811,0.0014138920232653,0.0072551514022052,-0.01235440839082,0.0110023850575089,-0.0185847207903862,-0.0195764992386102,0.0047341976314783,0.015415864996612,-0.0076114893890917,-0.0268456488847732,0.0051132687367498,0.0079586459323763,-0.0156250111758709,0.0051999664865434,-0.00479885796085,0.0101010100916028,0.0218842793256044,0.0176809336990118,-0.0062893107533454,0.000374260067474,0.0088790147845503,-0.0055803431442901,0.0144283900708801,0.0018740343216787,0.0011098333042602,-0.0226691338355269,-0.0125786208818767,0.0018740363471856,0.0752593579187599,0.244413416678183,0.0336146058511375,0.1147572725002279,2019-02-14,2019-02-15,2019-02-19,2019-02-20,2019-02-21,2019-02-22,2019-02-25,2019-02-26,2019-02-27,2019-02-28,38156.0,2019-02-13,252.0,1.1223%,-0.0001,0.8819,0.453,0.5596,1.2333%,1.5115%,33.4202%,0.007982,WMB,38156.0,2019-02-14,252.0,-0.6289%,-0.0001,0.882,0.4506,0.5632,1.2319%,1.5101%,33.4588%,-0.003647,WMB,38156.0,2019-02-15,252.0,1.5264%,-0.0001,0.8915,0.4593,0.5788,1.2302%,1.5126%,33.8532%,0.001367,WMB,38156.0,2019-02-19,252.0,0.5501%,-0.0,0.8937,0.4569,0.5759,1.2295%,1.5130%,33.9614%,0.000638,WMB,38156.0,2019-02-20,252.0,-0.2553%,0.0001,0.895,0.4766,0.5849,1.2063%,1.4962%,34.9972%,-0.008523,WMB,38156.0,2019-02-21,252.0,-1.0603%,-0.0,0.9016,0.489,0.5972,1.2032%,1.4972%,35.4195%,-0.005713,WMB,38156.0,2019-02-22,252.0,0.1848%,0.0001,0.9004,0.5133,0.605,1.1980%,1.4937%,35.6739%,0.001976,WMB,38156.0,2019-02-25,252.0,0.8853%,0.0001,0.9004,0.5084,0.6023,1.1996%,1.4947%,35.5865%,0.009826,WMB,38156.0,2019-02-26,252.0,-1.3894%,0.0001,0.9049,0.5144,0.6087,1.2001%,1.4968%,35.7134%,-0.007312,WMB,38156.0,2019-02-27,252.0,0.4449%,0.0002,0.9133,0.5004,0.6101,1.1944%,1.4953%,36.1975%,0.0032879999999999,WMB,38156.0,2019-02-28,252.0,-1.4766%,0.0001,0.921,0.5053,0.6182,1.1945%,1.4982%,36.4272%,-0.010609,WMB,0.0043349999999999,0.005702,0.0063399999999999,-0.007896,-0.010727
23875,WSFS FINANCIAL CORP,WSFS Bank Reports Received Key Regulatory Approval To Purchase Beneficial Bank,6,increase,0.8,0.6,"the key regulatory approval for the acquisition is likely to be viewed positively by investors, suggesting potential growth and expansion for wsfs financial corp.",2,2019-02-13,WSFS,2019-02-13 22:24:00+00:00,10892.0,92932810,-0.0035511723253875,122801.0,-0.0163934100419282,0.0014225076884031,0.0330917611718177,0.0,0.0095861544832587,-0.0197536256164312,0.0127373607829213,0.0037226439453661,0.0016007247613742,-0.00463179172948,0.0068492977879941,0.0,-0.0136054083704948,0.0126641867682337,0.0011494077043607,0.0111453933641314,0.0117107266560196,0.0021386961452662,-0.0177031904458999,-0.0061407256871461,-0.0097042089328169,-0.0023562316782772,0.0377974547445774,-0.0016466642264276,-0.0107913566753268,-0.0072396397590637,-0.0231818277388811,-0.0041860537603497,-0.0241973232477903,0.0406582839787006,0.0004768826474901,-0.0036171092651784,0.0047664623707532,0.0174191109836101,0.0023718802258372,0.0014741414925083,0.0023663581814616,0.0136986104771494,-0.0096789384260773,0.0052579594776034,-0.0209773797541856,-0.0067147589288651,0.0236182436347007,-0.0088735669851303,-0.0214082188904285,0.0104607259854674,-0.021390400826931,0.0002491812629159,-0.0099353631958365,0.0313463844358921,-0.0589564032852649,-0.0058749257586896,0.0013330592773854,0.0139860371127724,0.033812578767538,0.007042265497148,0.0025752889923751,0.0113426614552736,0.0035961826797574,0.0098561244085431,-0.0120297214016318,0.006974306423217,0.0132124908268451,-0.0063966331072151,0.0038352776318788,0.0307692009955644,0.0043301577679812,-0.0122115863487124,0.0215571504086256,-0.0147059634327888,0.0168818347156047,-0.0087463036179542,0.0078124925494194,-0.0238034147769212,-0.013323625549674,-0.0212712101638317,0.0169407967478036,-0.0025258518289774,0.0033800872042775,-0.0002524828887544,0.0036091844085603,-0.0082645090296864,-0.017501788213849,0.0085880309343338,0.0280625075101852,0.014607885852456,0.0023735691793262,-0.0195979587733745,-0.004262379836291,0.0058124726638197,0.0085612516850233,0.0032961731776595,0.0035369377583265,-0.064072161912918,0.0129229137673974,0.0016638862434774,-0.0078868046402931,0.0120279043912887,0.0107551803812384,0.0070252162404358,0.0074022598564624,0.0180024560540914,-0.0084959575906395,-0.0121802678331732,-0.0034738657996058,0.0068677649833261,0.0111549980938434,-0.0022026468068361,0.0170076228678226,0.0007347239297814,-0.0038417666219174,-0.0187454633414745,-0.009528174996376,-0.0104637015610933,-0.0130553971976041,-0.0002378063654759,-0.0013963549863547,0.0098439333960413,0.0093218721449375,-0.0275507885962724,-0.0163934100419282,0.0014225076884031,0.0161558643199903,0.0014225076884031,0.025896891414431,-0.0183592176123412,0.040627205823905,-0.0192686001068631,0.0282727161111857,0.0001885211728229,-0.0717510181740371,0.1280762142786027,0.0318591283562823,-0.0112542544536752,2019-02-14,2019-02-15,2019-02-19,2019-02-20,2019-02-21,2019-02-22,2019-02-25,2019-02-26,2019-02-27,2019-02-28,10892.0,2019-02-13,252.0,-0.3551%,-0.0003,0.9082,1.111,1.0802,1.1775%,1.5486%,42.1837%,-0.007629,WSFS,10892.0,2019-02-14,252.0,-1.6393%,-0.0003,0.9113,1.1034,1.0888,1.1806%,1.5517%,42.1127%,-0.014098,WSFS,10892.0,2019-02-15,252.0,3.3092%,-0.0002,0.9264,1.1186,1.1155,1.1836%,1.5628%,42.6385%,0.01471,WSFS,10892.0,2019-02-19,252.0,0.9586%,-0.0002,0.9268,1.1193,1.1162,1.1836%,1.5640%,42.7223%,0.001136,WSFS,10892.0,2019-02-20,252.0,1.2737%,-0.0002,0.9275,1.1207,1.1186,1.1837%,1.5656%,42.8320%,0.002275,WSFS,10892.0,2019-02-21,252.0,0.1601%,-0.0002,0.9231,1.1137,1.1106,1.1842%,1.5611%,42.4557%,0.0082899999999999,WSFS,10892.0,2019-02-22,252.0,0.6849%,-0.0002,0.922,1.1037,1.0878,1.1848%,1.5581%,42.1810%,0.010949,WSFS,10892.0,2019-02-25,252.0,-1.3605%,-0.0002,0.9204,1.107,1.0836,1.1830%,1.5563%,42.2145%,-0.010261,WSFS,10892.0,2019-02-26,252.0,0.1149%,-0.0001,0.9145,1.0941,1.0726,1.1855%,1.5539%,41.7906%,0.013183,WSFS,10892.0,2019-02-27,252.0,1.1711%,-0.0001,0.9123,1.1009,1.0723,1.1868%,1.5546%,41.7209%,0.009996,WSFS,10892.0,2019-02-28,252.0,-1.7703%,-0.0001,0.9117,1.1001,1.0747,1.1888%,1.5539%,41.4756%,-0.012514,WSFS,-0.021727,-0.0070169999999999,-0.0058809999999999,0.004684,0.016037
23883,SELECT SECTOR SPDR TRUST,'Will soon file bill making immediate expensing permanent & tax corporate buybacks same way as dividends. No tax advantage for buybacks over dividends...' -Tweet From Florida Senator Marco Rubio,6,decrease,0.7,0.6,"the proposed tax changes could negatively impact corporate buybacks, which may lead to reduced stock prices for companies within the select sector spdr trust that rely on buybacks for shareholder returns.",0,2019-02-13,XLF,2019-02-13 17:13:00+00:00,86455.0,81369Y60,0.0026789745315909,42969630.0,-0.0122138010337948,0.0147572485730052,0.0212519764900207,0.00311647541821,0.0015133941778913,-0.0050387275405228,0.0064223678782582,-0.0099769849330186,-0.0052552325651049,-0.0011498921085149,-0.0015094685368239,-0.0026758292224258,0.0041572414338588,0.004222672432661,-0.0030109116341918,0.0042405049316585,0.0037750238552689,-0.001539607765153,-0.0026325571816414,0.0058071860112249,0.0064102592878043,-0.0034722280688583,-0.0063694296404719,-0.0030769200529903,-0.003770753275603,0.0081426547840237,-0.0064345221035182,0.0023319616448134,-0.0102857314050197,0.0011672676773741,-0.0003849202767014,-0.0115384319797158,0.0103966295719146,0.0172144193202257,0.0022865650244057,0.0055074505507946,0.0068441182374954,0.0212937202304601,0.0037764494773,0.0089176855981349,0.0069472244940698,0.0069387787953019,0.0101389586925506,0.002454969799146,-0.0078066573478281,0.0004093421448487,-0.0206070113927125,0.0049362750723958,-0.0030604409985244,0.0008233243715949,-0.0276285242289304,0.0012366317678242,-0.0043409871868789,0.0332197919487953,0.0118906516581773,-0.0224813036620616,-0.0043086800724267,0.0083963377401232,0.0086545757949352,0.0097498744726181,0.0027300973888486,-0.0004237385001033,0.0245041269809007,0.0120068909600377,-0.0007593188202008,0.0452711917459964,0.0030395109206438,-0.0210619326680898,0.0060606002807617,-0.0198740046471357,0.0015060586156323,-0.0088945776224136,0.001127773663029,-0.0125470198690891,-0.0082613341510295,-0.0037500064354389,0.0030291527509689,-0.0099009806290268,0.0060400092042982,-0.009803912602365,0.0183864831924438,-0.0072992825880646,-0.0062638199888169,0.0057095997035503,0.0140897696837782,-0.0096930442377924,0.0025594038888812,-0.0139386849477887,-0.0029175756499171,-0.0191406160593032,-0.0029261128511279,-0.0138674387708306,0.0062362463213503,-0.0434782728552818,-0.0010937181068584,0.0063033029437065,0.001824859296903,0.0052180169150233,0.0091074677184224,-0.0084996139630675,0.010108258575201,0.019209049642086,0.0014296253211796,0.0007538088830187,-0.0082084061577916,0.0203846413642168,0.0010794810950756,-0.0080121746286749,0.0089863408356904,0.0007635948713868,-0.006768811494112,-0.0220313724130392,-0.016499251127243,-0.0003732821496669,-0.0021881642751395,0.0011211019009351,-0.0021930325310677,0.0147895095869898,0.0065934178419411,-0.0134679647162556,-0.0122138010337948,0.0147572485730052,0.0087786080438019,0.0179197145936333,0.0103052877159968,0.0127906944936693,0.0114503518433917,0.0015331161641529,0.0122137278636274,0.0116143720010537,-0.0164255513267128,0.1076727000823389,0.0541585811110794,-0.016229353155584,2019-02-14,2019-02-15,2019-02-19,2019-02-20,2019-02-21,2019-02-22,2019-02-25,2019-02-26,2019-02-27,2019-02-28,86455.0,2019-02-13,252.0,0.2679%,-0.0,1.1367,-0.1417,0.8982,0.3657%,1.1705%,90.2408%,-0.001149,XLF,86455.0,2019-02-14,252.0,-1.2214%,-0.0001,1.1374,-0.144,0.901,0.3660%,1.1726%,90.2579%,-0.00398,XLF,86455.0,2019-02-15,252.0,2.1252%,-0.0,1.1383,-0.1428,0.903,0.3667%,1.1707%,90.1877%,0.004334,XLF,86455.0,2019-02-19,252.0,0.1513%,-0.0,1.1385,-0.1458,0.8995,0.3668%,1.1701%,90.1753%,-0.003044,XLF,86455.0,2019-02-20,252.0,0.6422%,-0.0,1.1386,-0.1444,0.9003,0.3664%,1.1709%,90.2073%,-0.0004669999999999,XLF,86455.0,2019-02-21,252.0,-0.5255%,-0.0001,1.1405,-0.1405,0.9036,0.3647%,1.1712%,90.3010%,0.0008269999999999,XLF,86455.0,2019-02-22,252.0,-0.1509%,-0.0001,1.14,-0.1466,0.8925,0.3646%,1.1711%,90.3106%,0.0050329999999999,XLF,86455.0,2019-02-25,252.0,0.4157%,-0.0,1.1394,-0.1489,0.8892,0.3641%,1.1703%,90.3238%,0.003573,XLF,86455.0,2019-02-26,252.0,-0.3011%,-0.0,1.1404,-0.1508,0.8889,0.3639%,1.1665%,90.2690%,0.000694,XLF,86455.0,2019-02-27,252.0,0.3775%,-0.0,1.1395,-0.1481,0.8888,0.3645%,1.1628%,90.1720%,0.004002,XLF,86455.0,2019-02-28,252.0,-0.2633%,-0.0,1.1411,-0.1469,0.8893,0.3641%,1.1614%,90.1732%,0.003052,XLF,-0.005129,-0.0007949999999999,-0.0038389999999999,-0.0034789999999999,0.012875
23891,YELP INC,"Yelp shares are trading higher after the company reported Q4 EPS of $0.37, versus the $0.10 estimate and sales of $243.74 million, beating the $241.19 million estimate.",6,increase,0.85,0.7,the significant earnings and sales beats are likely to boost investor confidence and drive the stock price higher.,2,2019-02-13,YELP,2019-02-13 21:21:00+00:00,13318.0,98581710,-0.0110568348318338,4778304.0,-0.0070202928036451,0.0261213146150112,0.0458235144615173,-0.0021063196472823,-0.0060089603066444,0.0477241240441799,-0.0239294897764921,-0.0239633657038211,-0.0196128599345684,-0.0077478201128542,0.0144774736836552,-0.0105736590921878,-0.003113719401881,0.0177563540637493,-0.0135345309972763,0.0205930825322866,-0.0050132567994296,-0.0008231163956224,-0.0119331944733858,0.0063500697724521,-0.0034889227245002,-0.0130790062248706,-0.0105036189779639,-0.0097139934077858,-0.005443678703159,0.0340402126312255,-0.0166940502822399,0.0104313204064965,-0.0314500704407692,0.0028273195493966,-0.0017240678425878,-0.024813937023282,0.0279216282069683,0.001104082679376,-0.0184822138398885,0.0134265609085559,-0.0142653351649642,0.0223047975450754,0.0026049248408526,0.0142111862078309,0.0132794193923473,-0.0005797233898192,-0.0062677324749529,0.0055377036333084,-0.0051605589687824,-0.0389355570077896,-0.0028819101862609,0.0053506745025515,0.0083815297111868,0.0195232983678579,-0.0151905640959739,0.007812513038516,0.0101862186565995,0.0273484550416469,0.0048977811820805,-0.0269019473344087,-0.0126147484406828,-0.0120034860447049,0.0069686900824308,0.0165602415800094,-0.0051903203129768,-0.0151645950973033,0.0153622832149267,0.0237258747220039,0.0094205494970083,0.0589329302310943,0.0090497648343443,0.004361470695585,-0.0137332305312156,-0.0345865115523338,0.0059676868841052,-0.0180153753608465,-0.0028249232564121,0.001182759180665,0.0056657441891729,-0.0041224793531,0.0112676490098238,-0.036322433501482,-0.0050139357335865,-0.0172894280403852,-0.0039193555712699,0.0002789996215142,-0.0044970111921429,-0.0025041778571903,0.0047996044158935,0.0084174871444702,0.0016859053866937,0.0303555727005004,0.0098176281899213,0.0052310465835034,0.0263889096677303,0.0204625912010669,0.0316643603146076,-0.0447591505944728,-0.0020985838491469,0.0484110824763774,0.0386434644460678,-0.0050236992537975,0.0002531545469537,0.0431566461920738,0.0136639904230833,0.0341089516878128,0.0,-0.0190743803977966,-0.0104843229055404,0.0403383150696754,0.0138748548924922,0.0022823505569249,0.0196566544473171,-0.0176168885082006,-0.006100536789745,-0.0015990132233127,-0.0201325733214616,-0.0457735732197761,0.0165372043848037,-0.0072704595513641,-0.0207049585878849,0.0210329871624708,-0.1437200903892517,-0.0397979319095611,-0.0070202928036451,0.0261213146150112,0.0384815271690603,0.0239599751295425,0.0322413328931179,0.0728275679989001,-0.0122204227914954,0.0390061189340324,-0.0312012695126097,0.0737161244733222,-0.0982839010110695,0.1298663999177969,-0.1154445868148549,0.1550342085183025,2019-02-14,2019-02-15,2019-02-19,2019-02-20,2019-02-21,2019-02-22,2019-02-25,2019-02-26,2019-02-27,2019-02-28,13318.0,2019-02-13,252.0,-1.1057%,-0.0002,1.0492,1.2074,-0.5258,2.9253%,3.2861%,20.7569%,-0.014466,YELP,13318.0,2019-02-14,252.0,-0.7020%,-0.0002,1.0534,1.2002,-0.5194,2.9255%,3.2861%,20.7442%,-0.014245,YELP,13318.0,2019-02-15,252.0,4.5824%,-0.0002,1.0312,1.1839,-0.5506,2.9136%,3.2693%,20.5756%,0.033313,YELP,13318.0,2019-02-19,252.0,-0.6009%,-0.0003,1.0291,1.1782,-0.5569,2.9143%,3.2683%,20.4942%,-0.00985,YELP,13318.0,2019-02-20,252.0,-2.3929%,-0.0004,1.023,1.1686,-0.5777,2.9180%,3.2717%,20.4532%,-0.025514,YELP,13318.0,2019-02-21,252.0,-1.9613%,-0.0006,1.0444,1.2086,-0.5384,2.9033%,3.2647%,20.9186%,-0.0164379999999999,YELP,13318.0,2019-02-22,252.0,1.4477%,-0.0006,1.0451,1.2123,-0.5263,2.9034%,3.2660%,20.9704%,-0.006973,YELP,13318.0,2019-02-25,252.0,-0.3114%,-0.0006,1.0455,1.2137,-0.524,2.9034%,3.2658%,20.9666%,-0.002577,YELP,13318.0,2019-02-26,252.0,-1.3535%,-0.0007,1.0451,1.2214,-0.5203,2.9035%,3.2657%,20.9529%,-0.005923,YELP,13318.0,2019-02-27,252.0,-0.5013%,-0.0006,1.0513,1.208,-0.5193,2.9026%,3.2654%,20.9876%,-0.008999,YELP,13318.0,2019-02-28,252.0,-1.1933%,-0.0007,1.0599,1.2136,-0.5108,2.9021%,3.2662%,21.0478%,-0.010314,YELP,-0.028711,0.004602,-0.0052479999999999,-0.0471999999999999,-0.0819859999999999
23899,YELP INC,Yelp Expects To Increase Adj. EBITDA Margin By 2%-3% In 2019,6,increase,0.75,0.6,"an expected increase in adjusted ebitda margin typically signals improved profitability, which can positively influence investor sentiment and drive up the stock price.",2,2019-02-13,YELP,2019-02-13 21:07:00+00:00,13318.0,98581710,-0.0110568348318338,4778304.0,-0.0070202928036451,0.0261213146150112,0.0458235144615173,-0.0021063196472823,-0.0060089603066444,0.0477241240441799,-0.0239294897764921,-0.0239633657038211,-0.0196128599345684,-0.0077478201128542,0.0144774736836552,-0.0105736590921878,-0.003113719401881,0.0177563540637493,-0.0135345309972763,0.0205930825322866,-0.0050132567994296,-0.0008231163956224,-0.0119331944733858,0.0063500697724521,-0.0034889227245002,-0.0130790062248706,-0.0105036189779639,-0.0097139934077858,-0.005443678703159,0.0340402126312255,-0.0166940502822399,0.0104313204064965,-0.0314500704407692,0.0028273195493966,-0.0017240678425878,-0.024813937023282,0.0279216282069683,0.001104082679376,-0.0184822138398885,0.0134265609085559,-0.0142653351649642,0.0223047975450754,0.0026049248408526,0.0142111862078309,0.0132794193923473,-0.0005797233898192,-0.0062677324749529,0.0055377036333084,-0.0051605589687824,-0.0389355570077896,-0.0028819101862609,0.0053506745025515,0.0083815297111868,0.0195232983678579,-0.0151905640959739,0.007812513038516,0.0101862186565995,0.0273484550416469,0.0048977811820805,-0.0269019473344087,-0.0126147484406828,-0.0120034860447049,0.0069686900824308,0.0165602415800094,-0.0051903203129768,-0.0151645950973033,0.0153622832149267,0.0237258747220039,0.0094205494970083,0.0589329302310943,0.0090497648343443,0.004361470695585,-0.0137332305312156,-0.0345865115523338,0.0059676868841052,-0.0180153753608465,-0.0028249232564121,0.001182759180665,0.0056657441891729,-0.0041224793531,0.0112676490098238,-0.036322433501482,-0.0050139357335865,-0.0172894280403852,-0.0039193555712699,0.0002789996215142,-0.0044970111921429,-0.0025041778571903,0.0047996044158935,0.0084174871444702,0.0016859053866937,0.0303555727005004,0.0098176281899213,0.0052310465835034,0.0263889096677303,0.0204625912010669,0.0316643603146076,-0.0447591505944728,-0.0020985838491469,0.0484110824763774,0.0386434644460678,-0.0050236992537975,0.0002531545469537,0.0431566461920738,0.0136639904230833,0.0341089516878128,0.0,-0.0190743803977966,-0.0104843229055404,0.0403383150696754,0.0138748548924922,0.0022823505569249,0.0196566544473171,-0.0176168885082006,-0.006100536789745,-0.0015990132233127,-0.0201325733214616,-0.0457735732197761,0.0165372043848037,-0.0072704595513641,-0.0207049585878849,0.0210329871624708,-0.1437200903892517,-0.0397979319095611,-0.0070202928036451,0.0261213146150112,0.0384815271690603,0.0239599751295425,0.0322413328931179,0.0728275679989001,-0.0122204227914954,0.0390061189340324,-0.0312012695126097,0.0737161244733222,-0.0982839010110695,0.1298663999177969,-0.1154445868148549,0.1550342085183025,2019-02-14,2019-02-15,2019-02-19,2019-02-20,2019-02-21,2019-02-22,2019-02-25,2019-02-26,2019-02-27,2019-02-28,13318.0,2019-02-13,252.0,-1.1057%,-0.0002,1.0492,1.2074,-0.5258,2.9253%,3.2861%,20.7569%,-0.014466,YELP,13318.0,2019-02-14,252.0,-0.7020%,-0.0002,1.0534,1.2002,-0.5194,2.9255%,3.2861%,20.7442%,-0.014245,YELP,13318.0,2019-02-15,252.0,4.5824%,-0.0002,1.0312,1.1839,-0.5506,2.9136%,3.2693%,20.5756%,0.033313,YELP,13318.0,2019-02-19,252.0,-0.6009%,-0.0003,1.0291,1.1782,-0.5569,2.9143%,3.2683%,20.4942%,-0.00985,YELP,13318.0,2019-02-20,252.0,-2.3929%,-0.0004,1.023,1.1686,-0.5777,2.9180%,3.2717%,20.4532%,-0.025514,YELP,13318.0,2019-02-21,252.0,-1.9613%,-0.0006,1.0444,1.2086,-0.5384,2.9033%,3.2647%,20.9186%,-0.0164379999999999,YELP,13318.0,2019-02-22,252.0,1.4477%,-0.0006,1.0451,1.2123,-0.5263,2.9034%,3.2660%,20.9704%,-0.006973,YELP,13318.0,2019-02-25,252.0,-0.3114%,-0.0006,1.0455,1.2137,-0.524,2.9034%,3.2658%,20.9666%,-0.002577,YELP,13318.0,2019-02-26,252.0,-1.3535%,-0.0007,1.0451,1.2214,-0.5203,2.9035%,3.2657%,20.9529%,-0.005923,YELP,13318.0,2019-02-27,252.0,-0.5013%,-0.0006,1.0513,1.208,-0.5193,2.9026%,3.2654%,20.9876%,-0.008999,YELP,13318.0,2019-02-28,252.0,-1.1933%,-0.0007,1.0599,1.2136,-0.5108,2.9021%,3.2662%,21.0478%,-0.010314,YELP,-0.028711,0.004602,-0.0052479999999999,-0.0471999999999999,-0.0819859999999999
23907,YELP INC,Yelp Adds $250M To Buyback,6,increase,0.8,0.6,"the announcement of a $250 million buyback typically signals confidence in the company's value and can lead to an increase in stock price as it reduces the number of shares outstanding, potentially boosting earnings per share.",2,2019-02-13,YELP,2019-02-13 21:06:00+00:00,13318.0,98581710,-0.0110568348318338,4778304.0,-0.0070202928036451,0.0261213146150112,0.0458235144615173,-0.0021063196472823,-0.0060089603066444,0.0477241240441799,-0.0239294897764921,-0.0239633657038211,-0.0196128599345684,-0.0077478201128542,0.0144774736836552,-0.0105736590921878,-0.003113719401881,0.0177563540637493,-0.0135345309972763,0.0205930825322866,-0.0050132567994296,-0.0008231163956224,-0.0119331944733858,0.0063500697724521,-0.0034889227245002,-0.0130790062248706,-0.0105036189779639,-0.0097139934077858,-0.005443678703159,0.0340402126312255,-0.0166940502822399,0.0104313204064965,-0.0314500704407692,0.0028273195493966,-0.0017240678425878,-0.024813937023282,0.0279216282069683,0.001104082679376,-0.0184822138398885,0.0134265609085559,-0.0142653351649642,0.0223047975450754,0.0026049248408526,0.0142111862078309,0.0132794193923473,-0.0005797233898192,-0.0062677324749529,0.0055377036333084,-0.0051605589687824,-0.0389355570077896,-0.0028819101862609,0.0053506745025515,0.0083815297111868,0.0195232983678579,-0.0151905640959739,0.007812513038516,0.0101862186565995,0.0273484550416469,0.0048977811820805,-0.0269019473344087,-0.0126147484406828,-0.0120034860447049,0.0069686900824308,0.0165602415800094,-0.0051903203129768,-0.0151645950973033,0.0153622832149267,0.0237258747220039,0.0094205494970083,0.0589329302310943,0.0090497648343443,0.004361470695585,-0.0137332305312156,-0.0345865115523338,0.0059676868841052,-0.0180153753608465,-0.0028249232564121,0.001182759180665,0.0056657441891729,-0.0041224793531,0.0112676490098238,-0.036322433501482,-0.0050139357335865,-0.0172894280403852,-0.0039193555712699,0.0002789996215142,-0.0044970111921429,-0.0025041778571903,0.0047996044158935,0.0084174871444702,0.0016859053866937,0.0303555727005004,0.0098176281899213,0.0052310465835034,0.0263889096677303,0.0204625912010669,0.0316643603146076,-0.0447591505944728,-0.0020985838491469,0.0484110824763774,0.0386434644460678,-0.0050236992537975,0.0002531545469537,0.0431566461920738,0.0136639904230833,0.0341089516878128,0.0,-0.0190743803977966,-0.0104843229055404,0.0403383150696754,0.0138748548924922,0.0022823505569249,0.0196566544473171,-0.0176168885082006,-0.006100536789745,-0.0015990132233127,-0.0201325733214616,-0.0457735732197761,0.0165372043848037,-0.0072704595513641,-0.0207049585878849,0.0210329871624708,-0.1437200903892517,-0.0397979319095611,-0.0070202928036451,0.0261213146150112,0.0384815271690603,0.0239599751295425,0.0322413328931179,0.0728275679989001,-0.0122204227914954,0.0390061189340324,-0.0312012695126097,0.0737161244733222,-0.0982839010110695,0.1298663999177969,-0.1154445868148549,0.1550342085183025,2019-02-14,2019-02-15,2019-02-19,2019-02-20,2019-02-21,2019-02-22,2019-02-25,2019-02-26,2019-02-27,2019-02-28,13318.0,2019-02-13,252.0,-1.1057%,-0.0002,1.0492,1.2074,-0.5258,2.9253%,3.2861%,20.7569%,-0.014466,YELP,13318.0,2019-02-14,252.0,-0.7020%,-0.0002,1.0534,1.2002,-0.5194,2.9255%,3.2861%,20.7442%,-0.014245,YELP,13318.0,2019-02-15,252.0,4.5824%,-0.0002,1.0312,1.1839,-0.5506,2.9136%,3.2693%,20.5756%,0.033313,YELP,13318.0,2019-02-19,252.0,-0.6009%,-0.0003,1.0291,1.1782,-0.5569,2.9143%,3.2683%,20.4942%,-0.00985,YELP,13318.0,2019-02-20,252.0,-2.3929%,-0.0004,1.023,1.1686,-0.5777,2.9180%,3.2717%,20.4532%,-0.025514,YELP,13318.0,2019-02-21,252.0,-1.9613%,-0.0006,1.0444,1.2086,-0.5384,2.9033%,3.2647%,20.9186%,-0.0164379999999999,YELP,13318.0,2019-02-22,252.0,1.4477%,-0.0006,1.0451,1.2123,-0.5263,2.9034%,3.2660%,20.9704%,-0.006973,YELP,13318.0,2019-02-25,252.0,-0.3114%,-0.0006,1.0455,1.2137,-0.524,2.9034%,3.2658%,20.9666%,-0.002577,YELP,13318.0,2019-02-26,252.0,-1.3535%,-0.0007,1.0451,1.2214,-0.5203,2.9035%,3.2657%,20.9529%,-0.005923,YELP,13318.0,2019-02-27,252.0,-0.5013%,-0.0006,1.0513,1.208,-0.5193,2.9026%,3.2654%,20.9876%,-0.008999,YELP,13318.0,2019-02-28,252.0,-1.1933%,-0.0007,1.0599,1.2136,-0.5108,2.9021%,3.2662%,21.0478%,-0.010314,YELP,-0.028711,0.004602,-0.0052479999999999,-0.0471999999999999,-0.0819859999999999
23915,YELP INC,"Yelp Q4 EPS $0.37 May Not Compare To $0.10 Estimate, Sales $243.74M Beat $241.19M Estimate",6,increase,0.75,0.6,"the earnings per share (eps) significantly exceeded estimates, and sales also surpassed expectations, which typically signals positive performance and can lead to an increase in stock price.",2,2019-02-13,YELP,2019-02-13 21:06:00+00:00,13318.0,98581710,-0.0110568348318338,4778304.0,-0.0070202928036451,0.0261213146150112,0.0458235144615173,-0.0021063196472823,-0.0060089603066444,0.0477241240441799,-0.0239294897764921,-0.0239633657038211,-0.0196128599345684,-0.0077478201128542,0.0144774736836552,-0.0105736590921878,-0.003113719401881,0.0177563540637493,-0.0135345309972763,0.0205930825322866,-0.0050132567994296,-0.0008231163956224,-0.0119331944733858,0.0063500697724521,-0.0034889227245002,-0.0130790062248706,-0.0105036189779639,-0.0097139934077858,-0.005443678703159,0.0340402126312255,-0.0166940502822399,0.0104313204064965,-0.0314500704407692,0.0028273195493966,-0.0017240678425878,-0.024813937023282,0.0279216282069683,0.001104082679376,-0.0184822138398885,0.0134265609085559,-0.0142653351649642,0.0223047975450754,0.0026049248408526,0.0142111862078309,0.0132794193923473,-0.0005797233898192,-0.0062677324749529,0.0055377036333084,-0.0051605589687824,-0.0389355570077896,-0.0028819101862609,0.0053506745025515,0.0083815297111868,0.0195232983678579,-0.0151905640959739,0.007812513038516,0.0101862186565995,0.0273484550416469,0.0048977811820805,-0.0269019473344087,-0.0126147484406828,-0.0120034860447049,0.0069686900824308,0.0165602415800094,-0.0051903203129768,-0.0151645950973033,0.0153622832149267,0.0237258747220039,0.0094205494970083,0.0589329302310943,0.0090497648343443,0.004361470695585,-0.0137332305312156,-0.0345865115523338,0.0059676868841052,-0.0180153753608465,-0.0028249232564121,0.001182759180665,0.0056657441891729,-0.0041224793531,0.0112676490098238,-0.036322433501482,-0.0050139357335865,-0.0172894280403852,-0.0039193555712699,0.0002789996215142,-0.0044970111921429,-0.0025041778571903,0.0047996044158935,0.0084174871444702,0.0016859053866937,0.0303555727005004,0.0098176281899213,0.0052310465835034,0.0263889096677303,0.0204625912010669,0.0316643603146076,-0.0447591505944728,-0.0020985838491469,0.0484110824763774,0.0386434644460678,-0.0050236992537975,0.0002531545469537,0.0431566461920738,0.0136639904230833,0.0341089516878128,0.0,-0.0190743803977966,-0.0104843229055404,0.0403383150696754,0.0138748548924922,0.0022823505569249,0.0196566544473171,-0.0176168885082006,-0.006100536789745,-0.0015990132233127,-0.0201325733214616,-0.0457735732197761,0.0165372043848037,-0.0072704595513641,-0.0207049585878849,0.0210329871624708,-0.1437200903892517,-0.0397979319095611,-0.0070202928036451,0.0261213146150112,0.0384815271690603,0.0239599751295425,0.0322413328931179,0.0728275679989001,-0.0122204227914954,0.0390061189340324,-0.0312012695126097,0.0737161244733222,-0.0982839010110695,0.1298663999177969,-0.1154445868148549,0.1550342085183025,2019-02-14,2019-02-15,2019-02-19,2019-02-20,2019-02-21,2019-02-22,2019-02-25,2019-02-26,2019-02-27,2019-02-28,13318.0,2019-02-13,252.0,-1.1057%,-0.0002,1.0492,1.2074,-0.5258,2.9253%,3.2861%,20.7569%,-0.014466,YELP,13318.0,2019-02-14,252.0,-0.7020%,-0.0002,1.0534,1.2002,-0.5194,2.9255%,3.2861%,20.7442%,-0.014245,YELP,13318.0,2019-02-15,252.0,4.5824%,-0.0002,1.0312,1.1839,-0.5506,2.9136%,3.2693%,20.5756%,0.033313,YELP,13318.0,2019-02-19,252.0,-0.6009%,-0.0003,1.0291,1.1782,-0.5569,2.9143%,3.2683%,20.4942%,-0.00985,YELP,13318.0,2019-02-20,252.0,-2.3929%,-0.0004,1.023,1.1686,-0.5777,2.9180%,3.2717%,20.4532%,-0.025514,YELP,13318.0,2019-02-21,252.0,-1.9613%,-0.0006,1.0444,1.2086,-0.5384,2.9033%,3.2647%,20.9186%,-0.0164379999999999,YELP,13318.0,2019-02-22,252.0,1.4477%,-0.0006,1.0451,1.2123,-0.5263,2.9034%,3.2660%,20.9704%,-0.006973,YELP,13318.0,2019-02-25,252.0,-0.3114%,-0.0006,1.0455,1.2137,-0.524,2.9034%,3.2658%,20.9666%,-0.002577,YELP,13318.0,2019-02-26,252.0,-1.3535%,-0.0007,1.0451,1.2214,-0.5203,2.9035%,3.2657%,20.9529%,-0.005923,YELP,13318.0,2019-02-27,252.0,-0.5013%,-0.0006,1.0513,1.208,-0.5193,2.9026%,3.2654%,20.9876%,-0.008999,YELP,13318.0,2019-02-28,252.0,-1.1933%,-0.0007,1.0599,1.2136,-0.5108,2.9021%,3.2662%,21.0478%,-0.010314,YELP,-0.028711,0.004602,-0.0052479999999999,-0.0471999999999999,-0.0819859999999999
23923,YELP INC,Yelp To Report Q4 Earnings After The Closing Bell; Co. Historically Issues Its Report At Or Soon After 4:05 p.m. ET,6,uncertain,0.5,0.5,"the announcement of an earnings report does not inherently indicate whether the stock price will increase or decrease, as it depends on the actual earnings results and market expectations.",1,2019-02-13,YELP,2019-02-13 20:43:00+00:00,13318.0,98581710,-0.0110568348318338,4778304.0,-0.0070202928036451,0.0261213146150112,0.0458235144615173,-0.0021063196472823,-0.0060089603066444,0.0477241240441799,-0.0239294897764921,-0.0239633657038211,-0.0196128599345684,-0.0077478201128542,0.0144774736836552,-0.0105736590921878,-0.003113719401881,0.0177563540637493,-0.0135345309972763,0.0205930825322866,-0.0050132567994296,-0.0008231163956224,-0.0119331944733858,0.0063500697724521,-0.0034889227245002,-0.0130790062248706,-0.0105036189779639,-0.0097139934077858,-0.005443678703159,0.0340402126312255,-0.0166940502822399,0.0104313204064965,-0.0314500704407692,0.0028273195493966,-0.0017240678425878,-0.024813937023282,0.0279216282069683,0.001104082679376,-0.0184822138398885,0.0134265609085559,-0.0142653351649642,0.0223047975450754,0.0026049248408526,0.0142111862078309,0.0132794193923473,-0.0005797233898192,-0.0062677324749529,0.0055377036333084,-0.0051605589687824,-0.0389355570077896,-0.0028819101862609,0.0053506745025515,0.0083815297111868,0.0195232983678579,-0.0151905640959739,0.007812513038516,0.0101862186565995,0.0273484550416469,0.0048977811820805,-0.0269019473344087,-0.0126147484406828,-0.0120034860447049,0.0069686900824308,0.0165602415800094,-0.0051903203129768,-0.0151645950973033,0.0153622832149267,0.0237258747220039,0.0094205494970083,0.0589329302310943,0.0090497648343443,0.004361470695585,-0.0137332305312156,-0.0345865115523338,0.0059676868841052,-0.0180153753608465,-0.0028249232564121,0.001182759180665,0.0056657441891729,-0.0041224793531,0.0112676490098238,-0.036322433501482,-0.0050139357335865,-0.0172894280403852,-0.0039193555712699,0.0002789996215142,-0.0044970111921429,-0.0025041778571903,0.0047996044158935,0.0084174871444702,0.0016859053866937,0.0303555727005004,0.0098176281899213,0.0052310465835034,0.0263889096677303,0.0204625912010669,0.0316643603146076,-0.0447591505944728,-0.0020985838491469,0.0484110824763774,0.0386434644460678,-0.0050236992537975,0.0002531545469537,0.0431566461920738,0.0136639904230833,0.0341089516878128,0.0,-0.0190743803977966,-0.0104843229055404,0.0403383150696754,0.0138748548924922,0.0022823505569249,0.0196566544473171,-0.0176168885082006,-0.006100536789745,-0.0015990132233127,-0.0201325733214616,-0.0457735732197761,0.0165372043848037,-0.0072704595513641,-0.0207049585878849,0.0210329871624708,-0.1437200903892517,-0.0397979319095611,-0.0070202928036451,0.0261213146150112,0.0384815271690603,0.0239599751295425,0.0322413328931179,0.0728275679989001,-0.0122204227914954,0.0390061189340324,-0.0312012695126097,0.0737161244733222,-0.0982839010110695,0.1298663999177969,-0.1154445868148549,0.1550342085183025,2019-02-14,2019-02-15,2019-02-19,2019-02-20,2019-02-21,2019-02-22,2019-02-25,2019-02-26,2019-02-27,2019-02-28,13318.0,2019-02-13,252.0,-1.1057%,-0.0002,1.0492,1.2074,-0.5258,2.9253%,3.2861%,20.7569%,-0.014466,YELP,13318.0,2019-02-14,252.0,-0.7020%,-0.0002,1.0534,1.2002,-0.5194,2.9255%,3.2861%,20.7442%,-0.014245,YELP,13318.0,2019-02-15,252.0,4.5824%,-0.0002,1.0312,1.1839,-0.5506,2.9136%,3.2693%,20.5756%,0.033313,YELP,13318.0,2019-02-19,252.0,-0.6009%,-0.0003,1.0291,1.1782,-0.5569,2.9143%,3.2683%,20.4942%,-0.00985,YELP,13318.0,2019-02-20,252.0,-2.3929%,-0.0004,1.023,1.1686,-0.5777,2.9180%,3.2717%,20.4532%,-0.025514,YELP,13318.0,2019-02-21,252.0,-1.9613%,-0.0006,1.0444,1.2086,-0.5384,2.9033%,3.2647%,20.9186%,-0.0164379999999999,YELP,13318.0,2019-02-22,252.0,1.4477%,-0.0006,1.0451,1.2123,-0.5263,2.9034%,3.2660%,20.9704%,-0.006973,YELP,13318.0,2019-02-25,252.0,-0.3114%,-0.0006,1.0455,1.2137,-0.524,2.9034%,3.2658%,20.9666%,-0.002577,YELP,13318.0,2019-02-26,252.0,-1.3535%,-0.0007,1.0451,1.2214,-0.5203,2.9035%,3.2657%,20.9529%,-0.005923,YELP,13318.0,2019-02-27,252.0,-0.5013%,-0.0006,1.0513,1.208,-0.5193,2.9026%,3.2654%,20.9876%,-0.008999,YELP,13318.0,2019-02-28,252.0,-1.1933%,-0.0007,1.0599,1.2136,-0.5108,2.9021%,3.2662%,21.0478%,-0.010314,YELP,-0.028711,0.004602,-0.0052479999999999,-0.0471999999999999,-0.0819859999999999
23931,ZOETIS INC,Zoetis Q4 Earnings Preview,6,uncertain,0.5,0.5,the impact on zoetis inc's stock price is uncertain as it depends on the actual earnings results and market expectations.,1,2019-02-13,ZTS,2019-02-13 18:52:00+00:00,13788.0,98978V10,0.0084561519324779,3698714.0,0.0567705631256103,0.014373542740941,0.0226249247789382,-0.0064494432881474,-0.0048233098350465,0.0071917730383574,-0.0054789194837212,-0.0156428720802068,-0.0097467759624123,0.0024035605601966,0.0121964197605848,0.0045993044041097,-0.0023253485560417,-0.0019508625846356,-0.0095349242910742,0.0113741373643279,0.0033159181475639,0.0125750070437789,0.0045842248946428,0.00805583037436,0.0161307081580162,0.0090855006128549,0.0012532924301922,-0.0122800907120108,-0.0009388126200065,0.0123117230832576,-0.0168093610554933,-0.0003584511578083,-0.0172028802335262,-0.004756735637784,-0.0015126891667023,-0.0059108645655214,0.0251055043190717,0.0040355650708079,0.0107674086466431,0.014469426125288,0.0123237632215023,-0.0188656821846962,-0.0075312429107725,0.0036686102394014,0.0073805274441838,-0.0181268602609634,0.0088741406798362,0.0018625847296789,0.0097167287021875,-0.0038269953802227,-0.0022285375744104,-0.0035821301862597,0.0115735977888107,0.0148939173668623,-0.0171617735177278,0.0060169240459799,0.0,0.0392349772155284,0.0090881176292896,-0.0345644615590572,-0.0030358536168932,-0.0123918345198035,0.0088307224214077,0.0124275423586368,0.0128785474225878,0.0018972611287608,0.0086421249434351,0.0170043855905532,0.0049241678789258,0.0459132120013237,0.0007840241887606,-0.0293829757720232,-0.0013709301128983,-0.0089783780276775,0.0013728121994063,-0.0122244032099843,0.0010771700181066,-0.0182373858988285,-0.0075320773757994,0.0005885969148948,-0.0012812661007046,-0.0396833755075931,-0.0026646035257726,-0.0273807495832443,0.0060360245406627,0.0023145494051277,-0.0040326155722141,0.0103563508018851,-0.0206399746239185,0.0098965913057327,-0.0103458184748888,0.0094222025945782,0.0107164252549409,-0.0256609581410884,0.0110068060457706,-0.0017665455816313,0.0184778105467557,-0.0320615582168102,-0.008531947620213,-0.0031959416810423,0.0072206067852675,0.0118573475629091,0.0149268051609396,-0.0003233449242543,-0.0202225092798471,0.0288249030709266,0.0057277721352875,0.0075960718095302,-0.0004909213166683,0.0031375929247587,0.0133608467876911,0.0063148122280836,0.005816756747663,0.0030539149884134,-0.0040481751784682,-0.0187568794935941,-0.0189683437347412,-0.0221523605287075,0.0048337560147047,0.0070944540202617,-0.0018653292208909,-0.0092993145808577,0.0060981879942119,-0.0179462134838104,0.0567705631256103,0.014373542740941,0.0806799176249235,0.0078313981040361,0.0754674635497059,0.0150794927801307,0.0591501553866458,0.0016023735995882,0.0677620775786382,0.0367254861708743,0.1262322872778711,0.0377600938773385,0.1610335996930985,-0.0676121255565855,2019-02-14,2019-02-15,2019-02-19,2019-02-20,2019-02-21,2019-02-22,2019-02-25,2019-02-26,2019-02-27,2019-02-28,13788.0,2019-02-13,252.0,0.8456%,0.0005,0.973,-0.1497,-0.3422,0.9473%,1.4743%,58.7123%,0.005968,ZTS,13788.0,2019-02-14,252.0,5.6771%,0.0007,0.9598,-0.1186,-0.3766,1.0125%,1.5157%,55.3815%,0.057508,ZTS,13788.0,2019-02-15,252.0,2.2625%,0.0007,0.9657,-0.1119,-0.3653,1.0156%,1.5186%,55.2780%,0.013783,ZTS,13788.0,2019-02-19,252.0,-0.4823%,0.0006,0.9521,-0.0982,-0.3487,0.9852%,1.4814%,55.7757%,-0.005338,ZTS,13788.0,2019-02-20,252.0,-0.5479%,0.0005,0.949,-0.112,-0.3615,0.9808%,1.4790%,56.0231%,-0.005254,ZTS,13788.0,2019-02-21,252.0,-0.9747%,0.0004,0.955,-0.1013,-0.3503,0.9791%,1.4798%,56.2254%,-0.007246,ZTS,13788.0,2019-02-22,252.0,1.2196%,0.0004,0.9553,-0.1108,-0.3561,0.9780%,1.4815%,56.4200%,0.0012959999999999,ZTS,13788.0,2019-02-25,252.0,-0.2325%,0.0003,0.9555,-0.108,-0.354,0.9785%,1.4816%,56.3780%,-0.004787,ZTS,13788.0,2019-02-26,252.0,-0.9535%,0.0003,0.9521,-0.0905,-0.3476,0.9790%,1.4749%,55.9466%,-0.009966,ZTS,13788.0,2019-02-27,252.0,0.3316%,0.0003,0.9546,-0.0944,-0.3472,0.9784%,1.4746%,55.9783%,0.002114,ZTS,13788.0,2019-02-28,252.0,0.4584%,0.0004,0.949,-0.098,-0.3528,0.9778%,1.4693%,55.7093%,0.006594,ZTS,0.0634759999999999,0.077259,0.071921,0.059421,0.054672
23939,ABBVIE INC,AbbVie to Collaborate with Teneobio to Develop and Commercialize an Immunotherapeutic for the Treatment of Multiple Myeloma,6,increase,0.75,0.6,"the collaboration with teneobio to develop an immunotherapeutic for multiple myeloma suggests potential for future revenue growth, which is likely to positively impact abbvie's stock price.",2,2019-02-11,ABBV,2019-02-11 13:03:00+00:00,13721.0,00287Y10,0.0012551584513857,4803522.0,0.002005812479183,0.0063155237585306,0.0107594216242432,0.0011380417272448,-0.0033420505933463,-0.0076546692289412,0.0040983837097883,0.0147714717313647,-0.004081655293703,-0.024472065269947,-0.0065822005271911,0.0026155072264373,-0.0155019117519259,0.0155578469857573,0.0161269418895244,0.020524026826024,0.0033742100931704,0.0042779599316418,0.0027400823310017,-0.0422150678932666,-0.0136628793552517,-0.0621797442436218,-0.0021408612374216,-0.0290559604763984,0.0108531126752495,-0.002368674846366,-0.0079900054261088,-0.0093854339793324,-0.0069216638803482,0.0263761822134256,-0.0103916777297854,0.0192868951708078,0.001920880167745,0.000584830995649,-0.0084355324506759,0.0087305074557662,0.0064449599012732,-0.0280828382819891,0.0084528177976608,0.0012471724767237,0.0024130358360707,0.00444140098989,0.0129228001460433,-0.0328230336308479,0.017385859042406,0.0046475394628942,-0.0084828482940793,0.0145952962338924,0.002107850741595,0.0322169288992881,-0.0048255305737257,-0.0329485870897769,0.0100708389654755,-0.0321075916290283,-0.0182175748050212,0.0117427529767155,-0.0031344031449407,0.0134578915312886,0.0157212931662797,0.0097709205001592,-0.0107726939022541,0.0579847544431686,0.0008762009674683,-0.0089495349675416,0.0078789051622152,-0.0052712261676788,0.002357643097639,0.0221504569053649,0.0283486135303974,-0.0007179371314123,0.0001204061190946,-0.0158954244107008,-0.003249930916354,-0.0079430006444454,0.0077285282313823,-0.0239425208419561,0.0063511854968965,-0.0100451400503516,-0.0153608107939362,0.0048769456334412,0.0031442071776837,0.0063919364474713,-0.0142254410311579,0.0074747186154127,0.0009783806744962,-0.0373076796531677,0.0030948254279792,-0.0024296103511005,-0.0101197054609656,-0.0332052148878574,-0.0278019662946462,-0.0064707011915743,-0.0052578053437173,0.048492856323719,0.0074771409854292,0.0109062427654862,0.0065259388647973,0.0143704619258642,0.0001270595821551,0.0166976172477006,0.0085165649652481,0.0071236789226531,0.0045374417677521,-0.0060360333882272,0.0075283078476786,-0.0220228731632232,-0.0113325482234358,-0.0155342752113938,-0.0062980223447084,-0.0223969779908657,-0.0053238454274833,0.0154204508289694,0.0030584663618355,0.0207224767655134,0.006987715139985,0.0010201353579759,-0.016527947038412,-0.016389800235629,0.0005131612415425,0.0101362932473421,0.002005812479183,0.0063155237585306,0.012786815485589,0.007460752815342,0.009402030707962,-0.0002510260085994,0.0094020309366125,-0.0103105821232526,0.0092767396500192,-0.0108021210327026,0.0124107501019521,-0.0939382080108715,-0.0093638538962695,-0.0913870708924009,2019-02-12,2019-02-13,2019-02-14,2019-02-15,2019-02-19,2019-02-20,2019-02-21,2019-02-22,2019-02-25,2019-02-26,13721.0,2019-02-11,252.0,0.1255%,-0.0012,1.0161,-0.3172,-0.0401,1.7211%,2.0411%,28.9026%,0.001973,ABBV,13721.0,2019-02-12,252.0,0.2006%,-0.0012,1.0036,-0.3091,-0.0479,1.7208%,2.0341%,28.4348%,-0.011918,ABBV,13721.0,2019-02-13,252.0,1.0759%,-0.0012,1.0089,-0.3142,-0.0465,1.7210%,2.0350%,28.4842%,0.0080679999999999,ABBV,13721.0,2019-02-14,252.0,-0.3342%,-0.0012,1.0088,-0.3134,-0.0476,1.7209%,2.0351%,28.4929%,4e-05,ABBV,13721.0,2019-02-15,252.0,0.4098%,-0.0012,1.0072,-0.3154,-0.0509,1.7212%,2.0340%,28.3922%,-0.006388,ABBV,13721.0,2019-02-19,252.0,-0.4082%,-0.0012,1.0051,-0.3159,-0.0513,1.7211%,2.0312%,28.2003%,-0.005028,ABBV,13721.0,2019-02-20,252.0,-0.6582%,-0.0014,1.0001,-0.3421,-0.0731,1.7078%,2.0206%,28.5611%,-0.0076149999999999,ABBV,13721.0,2019-02-21,252.0,-1.5502%,-0.0014,1.0029,-0.3387,-0.0678,1.7092%,2.0224%,28.5778%,-0.012309,ABBV,13721.0,2019-02-22,252.0,1.6127%,-0.0014,1.0016,-0.3468,-0.0907,1.7100%,2.0254%,28.7148%,0.010375,ABBV,13721.0,2019-02-25,252.0,0.3374%,-0.0014,1.0014,-0.348,-0.0922,1.7100%,2.0255%,28.7258%,0.000707,ABBV,13721.0,2019-02-26,252.0,0.2740%,-0.0014,1.004,-0.3549,-0.0937,1.7098%,2.0244%,28.6679%,0.00171,ABBV,-0.0099449999999999,-0.001877,-0.001837,-0.013253,-0.0203849999999999
23947,ANALOG DEVICES INC,BofA: Analog Devices A Potential Big Winner From 5G,6,increase,0.8,0.7,"the mention of analog devices as a potential big winner from 5g suggests positive growth prospects, likely leading to an increase in stock price.",2,2019-02-11,ADI,2019-02-11 20:27:00+00:00,60871.0,03265410,0.0101260459050536,2231665.0,0.0227026790380477,0.0009938001167029,0.0034595485776662,-0.0173811763525009,0.0006703667459078,0.0200199410319328,0.0119628673419356,0.0070211091078817,-0.0143748503178358,-0.0083549227565526,0.0249472130089998,0.0169937312602996,-0.0144167840480804,-0.0015150138642638,0.005984088871628,0.0206164307892322,0.0187895167618989,-0.0033901194110512,-0.0066728563979268,-0.0033787430729717,-0.0116626238450408,0.0308179222047328,0.0148210972547531,0.0662840381264686,0.0138369798660278,-0.0030292454175651,0.002028782851994,-0.0244089681655168,-0.0039573004469275,0.0287130177021026,-0.0133050205186009,0.0208045691251754,-0.0103942370042204,-0.0069626825861632,-0.0025548508856445,0.0012571498518809,0.0215349253267049,-0.0284254681318998,0.0021359894890338,0.0163638070225715,0.0015753698535263,0.0138443829491734,0.0015728919534012,0.0253402590751647,0.0105311721563339,0.0243960916996002,-0.0021939652506262,0.0062885070219635,0.007329321000725,0.0242784470319747,-0.0121873244643211,-0.0604049675166606,0.0144553883001208,0.0010485417442396,-0.0252314284443855,0.004329543095082,-0.0200186353176832,0.0011714909924194,0.0175771825015544,0.0120939565822482,-0.0199813209474086,0.0487440712749958,-0.0084794154390692,-0.0230806786566972,0.0115306712687015,-0.0050761201418936,0.0285931620746851,-0.0113514699041843,-0.001569986809045,-0.0495173260569572,0.0160021800547838,0.0084756100550293,0.0063729477114975,0.0004583581758197,0.008322762325406,-0.0134524358436465,0.0025121010839939,-0.0069600665010511,-0.011186683550477,0.0049639265052974,0.0142999533563852,0.0018082733731716,-0.0022307485342025,0.0238371361047029,0.0213736314326524,-0.0347369685769081,-0.011119837872684,-0.0100619597360491,0.0146980341523885,-0.0328307077288627,-0.0017451740568503,0.0172976944595575,0.0034090855624526,0.0268096700310707,-0.0102796433493495,-0.0132275633513927,0.0044010211713612,0.0180843863636255,0.0278678499162197,-0.0054401895031332,-0.0193537753075361,0.0161326751112937,-0.0050425510853528,-0.0115967988967895,-0.0048934393562376,0.0074141058139503,0.0207235738635063,0.0409261025488376,-0.0132484594359993,-0.0442557744681835,0.0197035931050777,-0.0037853077519685,-8.551758219255134e-05,0.0428422465920448,-0.0172723103314638,0.0097302952781319,-0.0108761852607131,0.0130642056465148,-0.0275334026664495,-0.0387030430138111,0.0227026790380477,0.0009938001167029,0.0262407686366894,-0.0164046496508855,0.0269287263212782,0.003286871262387,0.0242751965055132,0.0018898199051256,0.0533660972178029,0.0313300426214546,0.0578939112488725,0.1943325590728537,0.0919717698057955,0.1561019653699864,2019-02-12,2019-02-13,2019-02-14,2019-02-15,2019-02-19,2019-02-20,2019-02-21,2019-02-22,2019-02-25,2019-02-26,60871.0,2019-02-11,252.0,1.0126%,0.0006,1.094,0.3702,-0.1858,1.2682%,1.7775%,49.0944%,0.006497,ADI,60871.0,2019-02-12,252.0,2.2703%,0.0006,1.0964,0.372,-0.1849,1.2689%,1.7806%,49.2150%,0.007335,ADI,60871.0,2019-02-13,252.0,0.3460%,0.0006,1.0968,0.3711,-0.1852,1.2689%,1.7789%,49.1233%,0.000196,ADI,60871.0,2019-02-14,252.0,0.0670%,0.0007,1.0979,0.3712,-0.1867,1.2661%,1.7779%,49.2860%,-0.00013,ADI,60871.0,2019-02-15,252.0,1.1963%,0.0007,1.1038,0.3764,-0.1773,1.2651%,1.7785%,49.4001%,-0.000575,ADI,60871.0,2019-02-19,252.0,-1.4375%,0.0007,1.1038,0.3603,-0.1953,1.2680%,1.7811%,49.3212%,-0.017132,ADI,60871.0,2019-02-20,252.0,2.4947%,0.0008,1.1094,0.3702,-0.176,1.2752%,1.7869%,49.0768%,0.023032,ADI,60871.0,2019-02-21,252.0,-1.4417%,0.0006,1.1243,0.3981,-0.1486,1.2588%,1.7821%,50.1052%,-0.010557,ADI,60871.0,2019-02-22,252.0,0.5984%,0.0006,1.1253,0.3948,-0.1397,1.2594%,1.7823%,50.0732%,-0.005797,ADI,60871.0,2019-02-25,252.0,1.8790%,0.0006,1.1253,0.3862,-0.1443,1.2640%,1.7859%,49.9016%,0.017777,ADI,60871.0,2019-02-26,252.0,-0.6673%,0.0006,1.1238,0.3927,-0.1422,1.2640%,1.7823%,49.7013%,-0.002977,ADI,0.013832,0.014028,0.013898,-0.003809,0.017669
23955,ANALOG DEVICES INC,"UPDATE: Bank Of America On Analog Devices Also Sees 'the potential for ADI to accelerate dividend growth to align more with peers, on the back of stronger FCF and achievement of target leverage'",6,increase,0.8,0.6,"the potential for accelerated dividend growth, supported by stronger free cash flow and improved leverage, is likely to be viewed positively by investors, potentially driving the stock price up.",2,2019-02-11,ADI,2019-02-11 14:10:00+00:00,60871.0,03265410,0.0101260459050536,2231665.0,0.0227026790380477,0.0009938001167029,0.0034595485776662,-0.0173811763525009,0.0006703667459078,0.0200199410319328,0.0119628673419356,0.0070211091078817,-0.0143748503178358,-0.0083549227565526,0.0249472130089998,0.0169937312602996,-0.0144167840480804,-0.0015150138642638,0.005984088871628,0.0206164307892322,0.0187895167618989,-0.0033901194110512,-0.0066728563979268,-0.0033787430729717,-0.0116626238450408,0.0308179222047328,0.0148210972547531,0.0662840381264686,0.0138369798660278,-0.0030292454175651,0.002028782851994,-0.0244089681655168,-0.0039573004469275,0.0287130177021026,-0.0133050205186009,0.0208045691251754,-0.0103942370042204,-0.0069626825861632,-0.0025548508856445,0.0012571498518809,0.0215349253267049,-0.0284254681318998,0.0021359894890338,0.0163638070225715,0.0015753698535263,0.0138443829491734,0.0015728919534012,0.0253402590751647,0.0105311721563339,0.0243960916996002,-0.0021939652506262,0.0062885070219635,0.007329321000725,0.0242784470319747,-0.0121873244643211,-0.0604049675166606,0.0144553883001208,0.0010485417442396,-0.0252314284443855,0.004329543095082,-0.0200186353176832,0.0011714909924194,0.0175771825015544,0.0120939565822482,-0.0199813209474086,0.0487440712749958,-0.0084794154390692,-0.0230806786566972,0.0115306712687015,-0.0050761201418936,0.0285931620746851,-0.0113514699041843,-0.001569986809045,-0.0495173260569572,0.0160021800547838,0.0084756100550293,0.0063729477114975,0.0004583581758197,0.008322762325406,-0.0134524358436465,0.0025121010839939,-0.0069600665010511,-0.011186683550477,0.0049639265052974,0.0142999533563852,0.0018082733731716,-0.0022307485342025,0.0238371361047029,0.0213736314326524,-0.0347369685769081,-0.011119837872684,-0.0100619597360491,0.0146980341523885,-0.0328307077288627,-0.0017451740568503,0.0172976944595575,0.0034090855624526,0.0268096700310707,-0.0102796433493495,-0.0132275633513927,0.0044010211713612,0.0180843863636255,0.0278678499162197,-0.0054401895031332,-0.0193537753075361,0.0161326751112937,-0.0050425510853528,-0.0115967988967895,-0.0048934393562376,0.0074141058139503,0.0207235738635063,0.0409261025488376,-0.0132484594359993,-0.0442557744681835,0.0197035931050777,-0.0037853077519685,-8.551758219255134e-05,0.0428422465920448,-0.0172723103314638,0.0097302952781319,-0.0108761852607131,0.0130642056465148,-0.0275334026664495,-0.0387030430138111,0.0227026790380477,0.0009938001167029,0.0262407686366894,-0.0164046496508855,0.0269287263212782,0.003286871262387,0.0242751965055132,0.0018898199051256,0.0533660972178029,0.0313300426214546,0.0578939112488725,0.1943325590728537,0.0919717698057955,0.1561019653699864,2019-02-12,2019-02-13,2019-02-14,2019-02-15,2019-02-19,2019-02-20,2019-02-21,2019-02-22,2019-02-25,2019-02-26,60871.0,2019-02-11,252.0,1.0126%,0.0006,1.094,0.3702,-0.1858,1.2682%,1.7775%,49.0944%,0.006497,ADI,60871.0,2019-02-12,252.0,2.2703%,0.0006,1.0964,0.372,-0.1849,1.2689%,1.7806%,49.2150%,0.007335,ADI,60871.0,2019-02-13,252.0,0.3460%,0.0006,1.0968,0.3711,-0.1852,1.2689%,1.7789%,49.1233%,0.000196,ADI,60871.0,2019-02-14,252.0,0.0670%,0.0007,1.0979,0.3712,-0.1867,1.2661%,1.7779%,49.2860%,-0.00013,ADI,60871.0,2019-02-15,252.0,1.1963%,0.0007,1.1038,0.3764,-0.1773,1.2651%,1.7785%,49.4001%,-0.000575,ADI,60871.0,2019-02-19,252.0,-1.4375%,0.0007,1.1038,0.3603,-0.1953,1.2680%,1.7811%,49.3212%,-0.017132,ADI,60871.0,2019-02-20,252.0,2.4947%,0.0008,1.1094,0.3702,-0.176,1.2752%,1.7869%,49.0768%,0.023032,ADI,60871.0,2019-02-21,252.0,-1.4417%,0.0006,1.1243,0.3981,-0.1486,1.2588%,1.7821%,50.1052%,-0.010557,ADI,60871.0,2019-02-22,252.0,0.5984%,0.0006,1.1253,0.3948,-0.1397,1.2594%,1.7823%,50.0732%,-0.005797,ADI,60871.0,2019-02-25,252.0,1.8790%,0.0006,1.1253,0.3862,-0.1443,1.2640%,1.7859%,49.9016%,0.017777,ADI,60871.0,2019-02-26,252.0,-0.6673%,0.0006,1.1238,0.3927,-0.1422,1.2640%,1.7823%,49.7013%,-0.002977,ADI,0.013832,0.014028,0.013898,-0.003809,0.017669
23963,ANALOG DEVICES INC,UPDATE: Bank Of America Upgrades Analog Devices As Firm Sees 'the 2H narrative changing to ADI's leadership in radio frequency (RF) technology poised to jump 3x-4x as mobile networks migrate to 5G from 3G/4G',6,increase,0.8,0.7,"the upgrade from bank of america highlights a positive outlook for analog devices due to its leadership in rf technology, which is expected to benefit from the transition to 5g, likely driving investor confidence and increasing the stock price.",2,2019-02-11,ADI,2019-02-11 14:07:00+00:00,60871.0,03265410,0.0101260459050536,2231665.0,0.0227026790380477,0.0009938001167029,0.0034595485776662,-0.0173811763525009,0.0006703667459078,0.0200199410319328,0.0119628673419356,0.0070211091078817,-0.0143748503178358,-0.0083549227565526,0.0249472130089998,0.0169937312602996,-0.0144167840480804,-0.0015150138642638,0.005984088871628,0.0206164307892322,0.0187895167618989,-0.0033901194110512,-0.0066728563979268,-0.0033787430729717,-0.0116626238450408,0.0308179222047328,0.0148210972547531,0.0662840381264686,0.0138369798660278,-0.0030292454175651,0.002028782851994,-0.0244089681655168,-0.0039573004469275,0.0287130177021026,-0.0133050205186009,0.0208045691251754,-0.0103942370042204,-0.0069626825861632,-0.0025548508856445,0.0012571498518809,0.0215349253267049,-0.0284254681318998,0.0021359894890338,0.0163638070225715,0.0015753698535263,0.0138443829491734,0.0015728919534012,0.0253402590751647,0.0105311721563339,0.0243960916996002,-0.0021939652506262,0.0062885070219635,0.007329321000725,0.0242784470319747,-0.0121873244643211,-0.0604049675166606,0.0144553883001208,0.0010485417442396,-0.0252314284443855,0.004329543095082,-0.0200186353176832,0.0011714909924194,0.0175771825015544,0.0120939565822482,-0.0199813209474086,0.0487440712749958,-0.0084794154390692,-0.0230806786566972,0.0115306712687015,-0.0050761201418936,0.0285931620746851,-0.0113514699041843,-0.001569986809045,-0.0495173260569572,0.0160021800547838,0.0084756100550293,0.0063729477114975,0.0004583581758197,0.008322762325406,-0.0134524358436465,0.0025121010839939,-0.0069600665010511,-0.011186683550477,0.0049639265052974,0.0142999533563852,0.0018082733731716,-0.0022307485342025,0.0238371361047029,0.0213736314326524,-0.0347369685769081,-0.011119837872684,-0.0100619597360491,0.0146980341523885,-0.0328307077288627,-0.0017451740568503,0.0172976944595575,0.0034090855624526,0.0268096700310707,-0.0102796433493495,-0.0132275633513927,0.0044010211713612,0.0180843863636255,0.0278678499162197,-0.0054401895031332,-0.0193537753075361,0.0161326751112937,-0.0050425510853528,-0.0115967988967895,-0.0048934393562376,0.0074141058139503,0.0207235738635063,0.0409261025488376,-0.0132484594359993,-0.0442557744681835,0.0197035931050777,-0.0037853077519685,-8.551758219255134e-05,0.0428422465920448,-0.0172723103314638,0.0097302952781319,-0.0108761852607131,0.0130642056465148,-0.0275334026664495,-0.0387030430138111,0.0227026790380477,0.0009938001167029,0.0262407686366894,-0.0164046496508855,0.0269287263212782,0.003286871262387,0.0242751965055132,0.0018898199051256,0.0533660972178029,0.0313300426214546,0.0578939112488725,0.1943325590728537,0.0919717698057955,0.1561019653699864,2019-02-12,2019-02-13,2019-02-14,2019-02-15,2019-02-19,2019-02-20,2019-02-21,2019-02-22,2019-02-25,2019-02-26,60871.0,2019-02-11,252.0,1.0126%,0.0006,1.094,0.3702,-0.1858,1.2682%,1.7775%,49.0944%,0.006497,ADI,60871.0,2019-02-12,252.0,2.2703%,0.0006,1.0964,0.372,-0.1849,1.2689%,1.7806%,49.2150%,0.007335,ADI,60871.0,2019-02-13,252.0,0.3460%,0.0006,1.0968,0.3711,-0.1852,1.2689%,1.7789%,49.1233%,0.000196,ADI,60871.0,2019-02-14,252.0,0.0670%,0.0007,1.0979,0.3712,-0.1867,1.2661%,1.7779%,49.2860%,-0.00013,ADI,60871.0,2019-02-15,252.0,1.1963%,0.0007,1.1038,0.3764,-0.1773,1.2651%,1.7785%,49.4001%,-0.000575,ADI,60871.0,2019-02-19,252.0,-1.4375%,0.0007,1.1038,0.3603,-0.1953,1.2680%,1.7811%,49.3212%,-0.017132,ADI,60871.0,2019-02-20,252.0,2.4947%,0.0008,1.1094,0.3702,-0.176,1.2752%,1.7869%,49.0768%,0.023032,ADI,60871.0,2019-02-21,252.0,-1.4417%,0.0006,1.1243,0.3981,-0.1486,1.2588%,1.7821%,50.1052%,-0.010557,ADI,60871.0,2019-02-22,252.0,0.5984%,0.0006,1.1253,0.3948,-0.1397,1.2594%,1.7823%,50.0732%,-0.005797,ADI,60871.0,2019-02-25,252.0,1.8790%,0.0006,1.1253,0.3862,-0.1443,1.2640%,1.7859%,49.9016%,0.017777,ADI,60871.0,2019-02-26,252.0,-0.6673%,0.0006,1.1238,0.3927,-0.1422,1.2640%,1.7823%,49.7013%,-0.002977,ADI,0.013832,0.014028,0.013898,-0.003809,0.017669
23971,ANALOG DEVICES INC,"Bank of America Upgrades Analog Devices to Buy, Raises Price Target to $125",6,increase,0.8,0.7,"upgrading a stock to 'buy' and raising the price target typically signals positive sentiment and can lead to increased investor interest, likely driving the stock price higher.",2,2019-02-11,ADI,2019-02-11 14:05:00+00:00,60871.0,03265410,0.0101260459050536,2231665.0,0.0227026790380477,0.0009938001167029,0.0034595485776662,-0.0173811763525009,0.0006703667459078,0.0200199410319328,0.0119628673419356,0.0070211091078817,-0.0143748503178358,-0.0083549227565526,0.0249472130089998,0.0169937312602996,-0.0144167840480804,-0.0015150138642638,0.005984088871628,0.0206164307892322,0.0187895167618989,-0.0033901194110512,-0.0066728563979268,-0.0033787430729717,-0.0116626238450408,0.0308179222047328,0.0148210972547531,0.0662840381264686,0.0138369798660278,-0.0030292454175651,0.002028782851994,-0.0244089681655168,-0.0039573004469275,0.0287130177021026,-0.0133050205186009,0.0208045691251754,-0.0103942370042204,-0.0069626825861632,-0.0025548508856445,0.0012571498518809,0.0215349253267049,-0.0284254681318998,0.0021359894890338,0.0163638070225715,0.0015753698535263,0.0138443829491734,0.0015728919534012,0.0253402590751647,0.0105311721563339,0.0243960916996002,-0.0021939652506262,0.0062885070219635,0.007329321000725,0.0242784470319747,-0.0121873244643211,-0.0604049675166606,0.0144553883001208,0.0010485417442396,-0.0252314284443855,0.004329543095082,-0.0200186353176832,0.0011714909924194,0.0175771825015544,0.0120939565822482,-0.0199813209474086,0.0487440712749958,-0.0084794154390692,-0.0230806786566972,0.0115306712687015,-0.0050761201418936,0.0285931620746851,-0.0113514699041843,-0.001569986809045,-0.0495173260569572,0.0160021800547838,0.0084756100550293,0.0063729477114975,0.0004583581758197,0.008322762325406,-0.0134524358436465,0.0025121010839939,-0.0069600665010511,-0.011186683550477,0.0049639265052974,0.0142999533563852,0.0018082733731716,-0.0022307485342025,0.0238371361047029,0.0213736314326524,-0.0347369685769081,-0.011119837872684,-0.0100619597360491,0.0146980341523885,-0.0328307077288627,-0.0017451740568503,0.0172976944595575,0.0034090855624526,0.0268096700310707,-0.0102796433493495,-0.0132275633513927,0.0044010211713612,0.0180843863636255,0.0278678499162197,-0.0054401895031332,-0.0193537753075361,0.0161326751112937,-0.0050425510853528,-0.0115967988967895,-0.0048934393562376,0.0074141058139503,0.0207235738635063,0.0409261025488376,-0.0132484594359993,-0.0442557744681835,0.0197035931050777,-0.0037853077519685,-8.551758219255134e-05,0.0428422465920448,-0.0172723103314638,0.0097302952781319,-0.0108761852607131,0.0130642056465148,-0.0275334026664495,-0.0387030430138111,0.0227026790380477,0.0009938001167029,0.0262407686366894,-0.0164046496508855,0.0269287263212782,0.003286871262387,0.0242751965055132,0.0018898199051256,0.0533660972178029,0.0313300426214546,0.0578939112488725,0.1943325590728537,0.0919717698057955,0.1561019653699864,2019-02-12,2019-02-13,2019-02-14,2019-02-15,2019-02-19,2019-02-20,2019-02-21,2019-02-22,2019-02-25,2019-02-26,60871.0,2019-02-11,252.0,1.0126%,0.0006,1.094,0.3702,-0.1858,1.2682%,1.7775%,49.0944%,0.006497,ADI,60871.0,2019-02-12,252.0,2.2703%,0.0006,1.0964,0.372,-0.1849,1.2689%,1.7806%,49.2150%,0.007335,ADI,60871.0,2019-02-13,252.0,0.3460%,0.0006,1.0968,0.3711,-0.1852,1.2689%,1.7789%,49.1233%,0.000196,ADI,60871.0,2019-02-14,252.0,0.0670%,0.0007,1.0979,0.3712,-0.1867,1.2661%,1.7779%,49.2860%,-0.00013,ADI,60871.0,2019-02-15,252.0,1.1963%,0.0007,1.1038,0.3764,-0.1773,1.2651%,1.7785%,49.4001%,-0.000575,ADI,60871.0,2019-02-19,252.0,-1.4375%,0.0007,1.1038,0.3603,-0.1953,1.2680%,1.7811%,49.3212%,-0.017132,ADI,60871.0,2019-02-20,252.0,2.4947%,0.0008,1.1094,0.3702,-0.176,1.2752%,1.7869%,49.0768%,0.023032,ADI,60871.0,2019-02-21,252.0,-1.4417%,0.0006,1.1243,0.3981,-0.1486,1.2588%,1.7821%,50.1052%,-0.010557,ADI,60871.0,2019-02-22,252.0,0.5984%,0.0006,1.1253,0.3948,-0.1397,1.2594%,1.7823%,50.0732%,-0.005797,ADI,60871.0,2019-02-25,252.0,1.8790%,0.0006,1.1253,0.3862,-0.1443,1.2640%,1.7859%,49.9016%,0.017777,ADI,60871.0,2019-02-26,252.0,-0.6673%,0.0006,1.1238,0.3927,-0.1422,1.2640%,1.7823%,49.7013%,-0.002977,ADI,0.013832,0.014028,0.013898,-0.003809,0.017669
23979,ADAMIS PHARMACEUTICALS CORP,Adamis Pharma Shares Unaffected Following 13G Filing From First Manhattan Showing 7.23% Stake,6,uncertain,0.6,0.2,"the filing of a 13g showing a significant stake may indicate institutional interest, but the news states that shares are currently unaffected, leading to uncertainty about future price movement.",1,2019-02-11,ADMP,2019-02-11 15:34:00+00:00,82163.0,00547W30,0.0,192192.0,0.01960782520473,0.0,-0.0032051252201199,-0.0064935004338622,-0.0032154312357306,-0.0032362430356442,0.0064516067504882,-0.0096153756603598,-0.0288461279124021,0.0229507982730865,0.0330033488571643,-0.0065146517008543,0.0,-0.0064724860712885,0.0127795403823256,-0.0127796158194541,0.0,-0.0094936611130833,0.0157728549093008,0.0259740799665451,-0.0496894679963588,0.0584191866219043,-0.0326797068119049,0.0139373522251844,-0.020270250737667,0.0177304800599813,-0.0517241694033145,-0.0208333954215049,0.0363636016845703,0.0,-0.0491227619349956,0.0950570330023765,-0.0073800664395093,0.0478088147938251,0.0111524052917957,0.0203251838684082,0.0588235594332218,-0.0314960330724716,-0.0104167386889457,0.0079365000128746,-0.0140350749716162,0.0079999919980764,0.0035587155725806,0.0,-0.0390070565044879,0.0288065560162067,-0.1180811524391174,-0.0081632575020194,-0.0334728695452213,0.0470086075365543,0.004329000134021,-0.020920580253005,-0.0258620455861091,0.0622222684323787,-0.0530972965061664,0.0714286193251609,-0.0327103585004806,-0.0366973206400871,-0.0096618272364139,0.0046082902699708,-0.0146341323852539,-0.0091324113309383,0.0396039225161075,-0.0179372020065784,0.0047619002871215,-0.0669456422328949,-0.0047393320128321,0.0528634898364543,0.0047619002871215,-0.0809716805815696,-0.0236966609954834,-0.0499999523162841,0.0048543643206357,-0.0747331082820892,-0.0338163934648037,-0.027681715786457,0.0,-0.0068728453479707,-0.0049999952316284,-0.0068259318359196,-0.0351759046316146,0.0316901952028274,0.0729166641831398,0.0035335656721144,-0.0291261859238147,0.0143369045108556,-0.0099999904632568,-0.0141342626884579,0.0,-0.0207613073289394,-0.035353560000658,-0.052458968013525,0.005235597025603,0.1010830253362656,0.0104167191311717,0.007272720336914,-0.0257732328027486,0.0377358123660087,0.0423280671238899,0.027131849899888,0.0152284121140837,0.0078124925494194,0.024999976158142,0.0039215651340782,0.0048780441284179,0.0365853309631347,-0.0048543643206357,-0.0159999839961528,0.0243902206420898,-0.0384615026414394,-0.0142857013270258,-0.0647482275962829,0.0,0.1119999885559082,-0.0193236544728279,-0.0272373296320438,0.0246305186301469,-0.0190839525312185,0.0721154361963272,-0.0575539879500865,0.01960782520473,0.0,0.0163398544495347,-0.0064935004338622,0.0130718835354197,-0.0097087289239504,-0.0098039128006799,0.0032786856660527,0.0522876113162462,-0.0064934986256143,-0.3300653629767189,0.4101381810898339,-0.2712418039482362,0.1007194221768523,2019-02-12,2019-02-13,2019-02-14,2019-02-15,2019-02-19,2019-02-20,2019-02-21,2019-02-22,2019-02-25,2019-02-26,82163.0,2019-02-11,252.0,0.0000%,0.0004,0.6408,1.0305,-0.4078,5.8849%,5.9757%,3.0158%,-0.007388,ADMP,82163.0,2019-02-12,252.0,1.9608%,0.0006,0.6713,0.9985,-0.3865,5.8787%,5.9711%,3.0689%,0.0098929999999999,ADMP,82163.0,2019-02-13,252.0,-0.3205%,0.0005,0.6635,1.0092,-0.3861,5.8781%,5.9698%,3.0480%,-0.005513,ADMP,82163.0,2019-02-14,252.0,-0.3215%,0.0005,0.6666,1.0042,-0.3819,5.8780%,5.9696%,3.0464%,-0.0094089999999999,ADMP,82163.0,2019-02-15,252.0,0.6452%,0.0008,0.7093,1.0423,-0.3129,5.8682%,5.9636%,3.1742%,-0.0018579999999999,ADMP,82163.0,2019-02-19,252.0,-2.8846%,0.0012,0.7536,0.9502,-0.4204,5.7811%,5.8874%,3.5776%,-0.032378,ADMP,82163.0,2019-02-20,252.0,3.3003%,0.001,0.7536,0.9108,-0.4307,5.7564%,5.8617%,3.5615%,0.031693,ADMP,82163.0,2019-02-21,252.0,0.0000%,0.0011,0.747,0.8975,-0.4429,5.7553%,5.8596%,3.5282%,0.002335,ADMP,82163.0,2019-02-22,252.0,1.2780%,0.0015,0.7424,1.0325,-0.3738,5.7201%,5.8274%,3.6497%,-0.003623,ADMP,82163.0,2019-02-25,252.0,0.0000%,0.0018,0.7306,1.0212,-0.4236,5.6843%,5.7935%,3.7352%,0.000798,ADMP,82163.0,2019-02-26,252.0,1.5773%,0.0007,0.5429,1.1745,-0.4864,5.3475%,5.4494%,3.7016%,0.021979,ADMP,0.0025049999999999,-0.003008,-0.012417,-0.046653,0.006529
23987,A D T INC,ADT Reports Purchase Of LifeShield For $25M,6,increase,0.7,0.6,"the acquisition of lifeshield for $25m suggests strategic growth and expansion for adt, which could positively influence investor sentiment and stock price.",2,2019-02-11,ADT,2019-02-11 14:04:00+00:00,17223.0,00090Q10,0.023529389873147,2024546.0,0.0229885447770357,0.0079051302745938,-0.0087390970438718,-0.0065444651991128,0.0012594145955517,0.0092469872906804,0.0125786643475294,-0.0013192285550758,-0.0012422644067555,0.0369357019662857,0.0136815495789051,0.0124653950333595,-0.0122698694467544,0.0126226749271154,0.0124222887679934,0.0014045265270397,0.0049079707823693,0.0128022292628884,-0.0170939434319734,-0.0222531072795391,0.0062112035229802,0.0184136144816875,-0.0123457256704568,0.0085714207962155,-0.0049999952316284,-0.01960782520473,0.003768810769543,-0.0259208809584379,-0.0012515335110947,0.0096418308094143,-0.0325814820826053,0.016806773841381,-0.0181346982717514,0.0347825735807418,-0.026385199278593,-0.01004299800843,0.028455289080739,-0.0183098763227462,-0.134387344121933,0.0260115358978509,-0.0289193373173475,-0.0100142629817128,-0.0313480049371719,0.0057553905062377,0.0469255596399307,0.0235640425235033,0.0432766936719417,0.0179909877479076,-0.0044444757513701,0.0553797297179698,-0.0133928088471293,-0.0140405111014843,-0.0090497648343443,0.0665556713938713,-0.0547945387661457,-0.0163665954023599,-0.0080515602603554,-0.0081168366596102,0.0146104143932461,-0.0206677448004484,-0.0016000366304069,0.046588972210884,0.0016026007942855,-0.0322060883045196,0.0223999787122011,-0.0281689874827861,0.0258216150104999,-0.0199386682361364,0.012269927188754,-0.0076103787869215,0.0106060868129134,-0.0208643618971109,0.0089954938739538,-0.0161290522664785,-0.0074294488877058,-0.0514603443443775,-0.0104789966717362,-0.0236486531794071,-0.0181543659418821,0.019283726811409,0.027735024690628,0.0,-0.0014992846408858,-0.0255033001303672,-0.0060060005635023,-0.0286832153797149,-0.0030211452394723,0.0336927212774753,0.0151515007019043,-0.0413436293601989,-0.0044775721617043,-0.0089628901332616,-0.0029984978027641,-0.0050955368205904,0.0015037220437079,-0.0012722937390208,0.0,0.0508021526038646,-0.0180180016905069,-0.015789458528161,-0.0382262989878654,-0.0078328913077712,0.0238473918288946,0.0065702646970748,0.0372670441865921,0.0256064757704734,-0.013473005965352,-0.0338541343808174,0.0060697966255247,-0.0471464730799198,0.0165912006050348,0.0189634095877409,0.0192878507077693,0.0219638347625732,0.0174672324210405,-0.0140127558261156,-0.005722455214709,0.0536912903189659,-0.1107913702726364,-0.0509554259479045,0.0229885447770357,0.0079051302745938,0.0140485486094599,0.0013089302255044,0.0153256561521768,0.0105680211773444,0.0268199283543262,0.046511648657004,0.0280970962117224,0.0639777509190613,-0.2017879853552333,0.2162162347073899,-0.2064910952602778,-0.020733835993527,2019-02-12,2019-02-13,2019-02-14,2019-02-15,2019-02-19,2019-02-20,2019-02-21,2019-02-22,2019-02-25,2019-02-26,17223.0,2019-02-11,252.0,2.3529%,-0.0015,1.1376,1.0528,0.4807,2.7970%,3.0590%,16.3957%,0.013802,ADT,17223.0,2019-02-12,252.0,2.2989%,-0.0015,1.1349,1.0632,0.4775,2.7964%,3.0593%,16.4503%,0.008023,ADT,17223.0,2019-02-13,252.0,-0.8739%,-0.0015,1.1353,1.0579,0.4737,2.7972%,3.0596%,16.4159%,-0.0129889999999999,ADT,17223.0,2019-02-14,252.0,0.1259%,-0.0014,1.1376,1.0608,0.4658,2.7836%,3.0489%,16.6440%,0.00079,ADT,17223.0,2019-02-15,252.0,1.2579%,-0.0012,1.1669,1.0867,0.5128,2.7730%,3.0484%,17.2519%,-0.005264,ADT,17223.0,2019-02-19,252.0,-0.1242%,-0.0011,1.1747,1.0694,0.4927,2.7672%,3.0458%,17.4589%,-0.008249,ADT,17223.0,2019-02-20,252.0,1.3682%,-0.001,1.178,1.0826,0.5061,2.7662%,3.0467%,17.5628%,0.006287,ADT,17223.0,2019-02-21,252.0,-1.2270%,-0.0011,1.1843,1.0944,0.5177,2.7649%,3.0475%,17.6853%,-0.00609,ADT,17223.0,2019-02-22,252.0,1.2422%,-0.0011,1.1833,1.094,0.5056,2.7653%,3.0484%,17.7132%,0.006215,ADT,17223.0,2019-02-25,252.0,0.4908%,-0.0012,1.1862,1.093,0.5156,2.7613%,3.0451%,17.7714%,0.006788,ADT,17223.0,2019-02-26,252.0,-1.7094%,-0.0011,1.1911,1.0958,0.5208,2.7612%,3.0465%,17.8513%,-0.006599,ADT,0.021825,0.008836,0.009626,-0.0038869999999999,0.002714
23995,AMEREN CORP,"Wells Fargo Maintains Outperform on Ameren, Raises Price Target to $77",6,increase,0.8,0.6,wells fargo's decision to maintain an 'outperform' rating and raise the price target typically signals positive sentiment and potential for stock price appreciation.,2,2019-02-11,AEE,2019-02-11 13:55:00+00:00,24985.0,02360810,0.004115239251405,1455432.0,-0.0080553935840725,0.0107573149725794,-0.0018521852325648,0.0120482193306088,-0.0147016672417521,0.0007263662992045,0.0094162179157137,-0.0021742503158748,0.0058839842677116,0.0020333970896899,0.0044229589402675,-0.0070665976963937,0.0113635715097188,0.0206063259392976,0.0137640926986932,0.0069660767912864,-0.0180105715990066,-0.0028081943746656,-0.0093114571645855,-0.004121265374124,0.0028481478802859,-0.0117817828431725,0.0116444155573844,0.0095448093488812,-0.0043514538556337,0.0076945344917476,0.0052164490334689,0.0050565730780363,-0.0032258534338325,0.0026841680519282,0.0,0.0058496985584497,0.0021106167696416,0.0095396311953663,0.0067396196536719,0.0166256446391344,0.0121339298784732,-0.0090008229017257,0.0037894865963608,-0.0039506838656961,0.0078761875629425,0.0222118720412254,-0.0045242914929986,-0.0074006067588925,0.0059220534749329,0.0158183574676513,-0.0072562810964882,-0.011456849053502,-0.0070335417985916,0.0141309108585119,0.0031944911461323,0.0025184927508234,0.0142599856480956,-0.0260616969317197,0.0066884774714708,0.0044656745158135,0.0074576684273779,-0.0055130259133875,0.0060564861632883,0.0147630861029028,-0.0048160618171095,0.0175521317869424,-0.0125016849488019,-0.05527338758111,0.0012252106098458,-0.0013426278019323,-0.0103331357240676,-0.0026781775522977,-0.0031598208006471,-0.0025229768361896,-0.0044101392850279,0.0010399598395451,-0.0094130719080567,-0.0358114913105964,0.0115986848250031,-0.0089438511058688,-0.0099461423233151,0.0085911527276039,0.0048834728077054,-0.0064021134749054,-0.0072201704606413,0.0007778507424518,0.0047551933676004,0.0041181612759828,0.0019488728139549,0.0037057367153465,0.0006945737986825,0.0017133458750322,-0.0163820683956146,0.003438364714384,-0.0033874080982059,0.0171961560845375,-0.0018410601187497,0.0117959752678871,0.0005674416315741,-0.0042578317224979,0.0089337052777409,-0.0082993544638156,0.0118059916421771,0.0126806339249014,0.0037505803629755,0.0010332057718187,-0.0011071384651586,0.0034064480569213,-0.0113604832440614,-0.0214493237435817,0.0197589136660099,-0.0106108095496892,-0.0072832047007977,0.0063491309992969,0.0013842536136507,-0.0012969641247764,0.0084324115887284,0.009455943480134,-0.0027415622025728,-0.0013076269533485,-0.0006873271777294,0.0064337248913943,-0.0184318628162145,0.0158942323178052,-0.0080553935840725,0.0107573149725794,-0.0098926587355985,0.0229351407933864,-0.0244488874004836,0.0236781664059306,-0.0094687078469936,0.0235294522354736,-0.0076314430119438,0.0372387197949575,0.0633213518950692,0.0951049377025086,0.0150984911952987,0.053865385518647,2019-02-12,2019-02-13,2019-02-14,2019-02-15,2019-02-19,2019-02-20,2019-02-21,2019-02-22,2019-02-25,2019-02-26,24985.0,2019-02-11,252.0,0.4115%,0.0012,0.1996,-0.6055,-0.1159,1.0866%,1.1513%,10.9276%,0.008063,AEE,24985.0,2019-02-12,252.0,-0.8055%,0.001,0.1657,-0.5711,-0.1393,1.0481%,1.1040%,9.8719%,-0.010945,AEE,24985.0,2019-02-13,252.0,-0.1852%,0.001,0.1711,-0.5814,-0.1419,1.0452%,1.1032%,10.2373%,-0.001976,AEE,24985.0,2019-02-14,252.0,-1.4702%,0.001,0.1741,-0.5887,-0.1337,1.0484%,1.1076%,10.3987%,-0.012242,AEE,24985.0,2019-02-15,252.0,0.9416%,0.0011,0.1896,-0.5738,-0.1073,1.0470%,1.1065%,10.4706%,0.009462,AEE,24985.0,2019-02-19,252.0,0.5884%,0.001,0.1833,-0.5593,-0.0904,1.0366%,1.0929%,10.0369%,0.00741,AEE,24985.0,2019-02-20,252.0,0.4423%,0.001,0.1844,-0.5578,-0.0867,1.0369%,1.0931%,10.0118%,0.005703,AEE,24985.0,2019-02-21,252.0,1.1364%,0.0011,0.1733,-0.5782,-0.1072,1.0275%,1.0852%,10.3467%,0.011356,AEE,24985.0,2019-02-22,252.0,1.3764%,0.0012,0.171,-0.5644,-0.1222,1.0295%,1.0847%,9.9242%,0.0141409999999999,AEE,24985.0,2019-02-25,252.0,-1.8011%,0.0011,0.1713,-0.5536,-0.1153,1.0380%,1.0914%,9.5403%,-0.020055,AEE,24985.0,2019-02-26,252.0,-0.9311%,0.001,0.1584,-0.5215,-0.1087,1.0284%,1.0756%,8.5863%,-0.013061,AEE,-0.0028819999999999,-0.0048579999999999,-0.0170999999999999,-0.0002279999999999,-0.002144
24003,AGILE THERAPEUTICS INC,Agile Therapeutics shares are trading higher after the company announced that Twirla met its primary endpoint.,6,increase,0.8,0.7,"the announcement that twirla met its primary endpoint is likely to boost investor confidence and interest in agile therapeutics, leading to an increase in stock price.",2,2019-02-11,AGRX,2019-02-11 14:26:00+00:00,14645.0,00847L30,0.01707867346704,2994795.0,0.0936809629201889,0.0541276969015598,0.1212121248245239,0.0005925145233049,0.0180179998278617,0.024153446778655,-0.0530972965061664,-0.0305918604135513,-0.0373832508921623,0.0301818419247865,-0.0718446597456932,0.0185185000300407,-0.0584727823734283,-0.0375475250184536,0.0179980061948299,0.007132242899388,0.0192076824605464,0.0054626716300845,0.004925568588078,-0.0210836175829172,0.0017048770096153,-0.0421931482851505,-0.0415913090109825,-0.0027003155555576,0.0291897375136613,0.0098852552473545,0.1970236599445343,-0.0122334025800228,-0.0360359996557235,0.1423076987266541,0.0467289239168167,0.0,-0.0178571250289678,0.01960782520473,0.0363636016845703,-0.0192307513207197,0.2631579637527466,-0.0002563870511949,0.1597221493721008,-0.009395602159202,-0.0119760371744632,-0.0059321029111742,-0.0181818008422851,0.0029113471973687,-0.0061728334985673,0.0383806750178337,-0.0062111741863191,-0.0246153436601162,-0.0062499940395355,0.0540540032088756,-0.006289301905781,0.0349650867283344,-0.0126582905650138,0.2415349036455154,-0.0512820035219192,-0.0629677549004554,0.0337837524712085,0.0009771666955202,-0.00653594173491,-0.0253967829048633,0.0,0.1052631661295891,0.0131578827276825,-0.0404040217399597,-0.0194805022329092,-0.0236686486750841,-0.019867530092597,-0.0376463383436203,0.020270250737667,0.090000033378601,-0.019867530092597,-0.1076923012733459,0.0,-0.1216216683387756,0.020270250737667,-0.10019451379776,-0.0132450209930539,-0.0078417249023914,-0.0134228058159351,0.0361249595880508,0.0068027144297957,-0.00546993361786,0.0,0.0033678817562758,-0.0067567504011094,0.0137835368514061,0.0204081442207098,-0.029693279415369,-0.0066666603088378,-0.0297618769109249,-0.0536913052201271,-0.0314770005643367,-0.0212765764445066,0.016764348372817,0.0289854798465967,0.0530864000320434,0.0281690713018178,0.014148024842143,0.0068493084982037,-0.0259756315499544,0.0204081442207098,-0.0486135073006153,0.0,-0.0422269664704799,0.0,0.0168361905962228,0.0133333206176757,0.032672107219696,-0.01973682269454,0.0023391512222588,-0.0067114029079675,0.0136336702853441,0.0135135008022189,-0.0202113687992095,-0.0133333206176757,-0.0642391666769981,-0.0270270016044378,0.010766883380711,0.0069444375112652,-0.0898000001907348,0.0936809629201889,0.0541276969015598,0.2262483563158763,0.054752282871392,0.2483428989888916,0.080228186000391,0.1378700478318739,0.0787878775928438,0.0367874337261331,0.0482921204053863,0.6791869097466539,0.4126984112563574,0.6018560065561769,-0.1100000175700189,2019-02-12,2019-02-13,2019-02-14,2019-02-15,2019-02-19,2019-02-20,2019-02-21,2019-02-22,2019-02-25,2019-02-26,14645.0,2019-02-11,252.0,1.7079%,0.0018,1.9031,1.4774,2.4119,11.3045%,11.4753%,2.9555%,-0.001242,AGRX,14645.0,2019-02-12,252.0,9.3681%,0.002,1.9299,1.4939,2.4226,11.3125%,11.4875%,3.0244%,0.071503,AGRX,14645.0,2019-02-13,252.0,12.1212%,0.0025,1.9534,1.4992,2.4505,11.3337%,11.5122%,3.0771%,0.113116,AGRX,14645.0,2019-02-14,252.0,1.8018%,0.0026,1.9468,1.513,2.4363,11.3347%,11.5124%,3.0635%,0.028437,AGRX,14645.0,2019-02-15,252.0,-5.3097%,0.0021,1.8617,1.4265,2.2848,11.3481%,11.5083%,2.7636%,-0.0906729999999999,AGRX,14645.0,2019-02-19,252.0,-3.7383%,0.0019,1.8575,1.3836,2.2369,11.3524%,11.5105%,2.7285%,-0.052012,AGRX,14645.0,2019-02-20,252.0,-7.1845%,0.0016,1.8318,1.3265,2.1453,11.3673%,11.5196%,2.6270%,-0.090821,AGRX,14645.0,2019-02-21,252.0,-5.8473%,0.0014,1.8391,1.331,2.1591,11.3711%,11.5241%,2.6385%,-0.045932,AGRX,14645.0,2019-02-22,252.0,1.7998%,0.0015,1.8347,1.3422,2.117,11.3725%,11.5246%,2.6222%,0.030363,AGRX,14645.0,2019-02-25,252.0,1.9208%,0.0015,1.8376,1.3341,2.1235,11.3722%,11.5246%,2.6270%,0.023656,AGRX,14645.0,2019-02-26,252.0,0.4926%,0.0017,1.8495,1.2924,2.1113,11.3717%,11.5245%,2.6346%,0.023312,AGRX,0.0702609999999999,0.183377,0.211814,0.069129,0.009707
24011,AGILE THERAPEUTICS INC,Agile Therapeutics shares are trading higher after the company announced that its Twirla product met its primary endpoint for adhesion strength.,6,increase,0.8,0.7,"the announcement of twirla meeting its primary endpoint for adhesion strength is likely to boost investor confidence and interest in agile therapeutics, leading to an increase in stock price.",2,2019-02-11,AGRX,2019-02-11 14:25:00+00:00,14645.0,00847L30,0.01707867346704,2994795.0,0.0936809629201889,0.0541276969015598,0.1212121248245239,0.0005925145233049,0.0180179998278617,0.024153446778655,-0.0530972965061664,-0.0305918604135513,-0.0373832508921623,0.0301818419247865,-0.0718446597456932,0.0185185000300407,-0.0584727823734283,-0.0375475250184536,0.0179980061948299,0.007132242899388,0.0192076824605464,0.0054626716300845,0.004925568588078,-0.0210836175829172,0.0017048770096153,-0.0421931482851505,-0.0415913090109825,-0.0027003155555576,0.0291897375136613,0.0098852552473545,0.1970236599445343,-0.0122334025800228,-0.0360359996557235,0.1423076987266541,0.0467289239168167,0.0,-0.0178571250289678,0.01960782520473,0.0363636016845703,-0.0192307513207197,0.2631579637527466,-0.0002563870511949,0.1597221493721008,-0.009395602159202,-0.0119760371744632,-0.0059321029111742,-0.0181818008422851,0.0029113471973687,-0.0061728334985673,0.0383806750178337,-0.0062111741863191,-0.0246153436601162,-0.0062499940395355,0.0540540032088756,-0.006289301905781,0.0349650867283344,-0.0126582905650138,0.2415349036455154,-0.0512820035219192,-0.0629677549004554,0.0337837524712085,0.0009771666955202,-0.00653594173491,-0.0253967829048633,0.0,0.1052631661295891,0.0131578827276825,-0.0404040217399597,-0.0194805022329092,-0.0236686486750841,-0.019867530092597,-0.0376463383436203,0.020270250737667,0.090000033378601,-0.019867530092597,-0.1076923012733459,0.0,-0.1216216683387756,0.020270250737667,-0.10019451379776,-0.0132450209930539,-0.0078417249023914,-0.0134228058159351,0.0361249595880508,0.0068027144297957,-0.00546993361786,0.0,0.0033678817562758,-0.0067567504011094,0.0137835368514061,0.0204081442207098,-0.029693279415369,-0.0066666603088378,-0.0297618769109249,-0.0536913052201271,-0.0314770005643367,-0.0212765764445066,0.016764348372817,0.0289854798465967,0.0530864000320434,0.0281690713018178,0.014148024842143,0.0068493084982037,-0.0259756315499544,0.0204081442207098,-0.0486135073006153,0.0,-0.0422269664704799,0.0,0.0168361905962228,0.0133333206176757,0.032672107219696,-0.01973682269454,0.0023391512222588,-0.0067114029079675,0.0136336702853441,0.0135135008022189,-0.0202113687992095,-0.0133333206176757,-0.0642391666769981,-0.0270270016044378,0.010766883380711,0.0069444375112652,-0.0898000001907348,0.0936809629201889,0.0541276969015598,0.2262483563158763,0.054752282871392,0.2483428989888916,0.080228186000391,0.1378700478318739,0.0787878775928438,0.0367874337261331,0.0482921204053863,0.6791869097466539,0.4126984112563574,0.6018560065561769,-0.1100000175700189,2019-02-12,2019-02-13,2019-02-14,2019-02-15,2019-02-19,2019-02-20,2019-02-21,2019-02-22,2019-02-25,2019-02-26,14645.0,2019-02-11,252.0,1.7079%,0.0018,1.9031,1.4774,2.4119,11.3045%,11.4753%,2.9555%,-0.001242,AGRX,14645.0,2019-02-12,252.0,9.3681%,0.002,1.9299,1.4939,2.4226,11.3125%,11.4875%,3.0244%,0.071503,AGRX,14645.0,2019-02-13,252.0,12.1212%,0.0025,1.9534,1.4992,2.4505,11.3337%,11.5122%,3.0771%,0.113116,AGRX,14645.0,2019-02-14,252.0,1.8018%,0.0026,1.9468,1.513,2.4363,11.3347%,11.5124%,3.0635%,0.028437,AGRX,14645.0,2019-02-15,252.0,-5.3097%,0.0021,1.8617,1.4265,2.2848,11.3481%,11.5083%,2.7636%,-0.0906729999999999,AGRX,14645.0,2019-02-19,252.0,-3.7383%,0.0019,1.8575,1.3836,2.2369,11.3524%,11.5105%,2.7285%,-0.052012,AGRX,14645.0,2019-02-20,252.0,-7.1845%,0.0016,1.8318,1.3265,2.1453,11.3673%,11.5196%,2.6270%,-0.090821,AGRX,14645.0,2019-02-21,252.0,-5.8473%,0.0014,1.8391,1.331,2.1591,11.3711%,11.5241%,2.6385%,-0.045932,AGRX,14645.0,2019-02-22,252.0,1.7998%,0.0015,1.8347,1.3422,2.117,11.3725%,11.5246%,2.6222%,0.030363,AGRX,14645.0,2019-02-25,252.0,1.9208%,0.0015,1.8376,1.3341,2.1235,11.3722%,11.5246%,2.6270%,0.023656,AGRX,14645.0,2019-02-26,252.0,0.4926%,0.0017,1.8495,1.2924,2.1113,11.3717%,11.5245%,2.6346%,0.023312,AGRX,0.0702609999999999,0.183377,0.211814,0.069129,0.009707
24019,AGILE THERAPEUTICS INC,Agile Therapeutics' Twirla Met its Primary Endpoint,6,increase,0.8,0.7,"meeting the primary endpoint typically indicates positive results for a clinical trial, which can boost investor confidence and lead to an increase in stock price.",2,2019-02-11,AGRX,2019-02-11 12:31:00+00:00,14645.0,00847L30,0.01707867346704,2994795.0,0.0936809629201889,0.0541276969015598,0.1212121248245239,0.0005925145233049,0.0180179998278617,0.024153446778655,-0.0530972965061664,-0.0305918604135513,-0.0373832508921623,0.0301818419247865,-0.0718446597456932,0.0185185000300407,-0.0584727823734283,-0.0375475250184536,0.0179980061948299,0.007132242899388,0.0192076824605464,0.0054626716300845,0.004925568588078,-0.0210836175829172,0.0017048770096153,-0.0421931482851505,-0.0415913090109825,-0.0027003155555576,0.0291897375136613,0.0098852552473545,0.1970236599445343,-0.0122334025800228,-0.0360359996557235,0.1423076987266541,0.0467289239168167,0.0,-0.0178571250289678,0.01960782520473,0.0363636016845703,-0.0192307513207197,0.2631579637527466,-0.0002563870511949,0.1597221493721008,-0.009395602159202,-0.0119760371744632,-0.0059321029111742,-0.0181818008422851,0.0029113471973687,-0.0061728334985673,0.0383806750178337,-0.0062111741863191,-0.0246153436601162,-0.0062499940395355,0.0540540032088756,-0.006289301905781,0.0349650867283344,-0.0126582905650138,0.2415349036455154,-0.0512820035219192,-0.0629677549004554,0.0337837524712085,0.0009771666955202,-0.00653594173491,-0.0253967829048633,0.0,0.1052631661295891,0.0131578827276825,-0.0404040217399597,-0.0194805022329092,-0.0236686486750841,-0.019867530092597,-0.0376463383436203,0.020270250737667,0.090000033378601,-0.019867530092597,-0.1076923012733459,0.0,-0.1216216683387756,0.020270250737667,-0.10019451379776,-0.0132450209930539,-0.0078417249023914,-0.0134228058159351,0.0361249595880508,0.0068027144297957,-0.00546993361786,0.0,0.0033678817562758,-0.0067567504011094,0.0137835368514061,0.0204081442207098,-0.029693279415369,-0.0066666603088378,-0.0297618769109249,-0.0536913052201271,-0.0314770005643367,-0.0212765764445066,0.016764348372817,0.0289854798465967,0.0530864000320434,0.0281690713018178,0.014148024842143,0.0068493084982037,-0.0259756315499544,0.0204081442207098,-0.0486135073006153,0.0,-0.0422269664704799,0.0,0.0168361905962228,0.0133333206176757,0.032672107219696,-0.01973682269454,0.0023391512222588,-0.0067114029079675,0.0136336702853441,0.0135135008022189,-0.0202113687992095,-0.0133333206176757,-0.0642391666769981,-0.0270270016044378,0.010766883380711,0.0069444375112652,-0.0898000001907348,0.0936809629201889,0.0541276969015598,0.2262483563158763,0.054752282871392,0.2483428989888916,0.080228186000391,0.1378700478318739,0.0787878775928438,0.0367874337261331,0.0482921204053863,0.6791869097466539,0.4126984112563574,0.6018560065561769,-0.1100000175700189,2019-02-12,2019-02-13,2019-02-14,2019-02-15,2019-02-19,2019-02-20,2019-02-21,2019-02-22,2019-02-25,2019-02-26,14645.0,2019-02-11,252.0,1.7079%,0.0018,1.9031,1.4774,2.4119,11.3045%,11.4753%,2.9555%,-0.001242,AGRX,14645.0,2019-02-12,252.0,9.3681%,0.002,1.9299,1.4939,2.4226,11.3125%,11.4875%,3.0244%,0.071503,AGRX,14645.0,2019-02-13,252.0,12.1212%,0.0025,1.9534,1.4992,2.4505,11.3337%,11.5122%,3.0771%,0.113116,AGRX,14645.0,2019-02-14,252.0,1.8018%,0.0026,1.9468,1.513,2.4363,11.3347%,11.5124%,3.0635%,0.028437,AGRX,14645.0,2019-02-15,252.0,-5.3097%,0.0021,1.8617,1.4265,2.2848,11.3481%,11.5083%,2.7636%,-0.0906729999999999,AGRX,14645.0,2019-02-19,252.0,-3.7383%,0.0019,1.8575,1.3836,2.2369,11.3524%,11.5105%,2.7285%,-0.052012,AGRX,14645.0,2019-02-20,252.0,-7.1845%,0.0016,1.8318,1.3265,2.1453,11.3673%,11.5196%,2.6270%,-0.090821,AGRX,14645.0,2019-02-21,252.0,-5.8473%,0.0014,1.8391,1.331,2.1591,11.3711%,11.5241%,2.6385%,-0.045932,AGRX,14645.0,2019-02-22,252.0,1.7998%,0.0015,1.8347,1.3422,2.117,11.3725%,11.5246%,2.6222%,0.030363,AGRX,14645.0,2019-02-25,252.0,1.9208%,0.0015,1.8376,1.3341,2.1235,11.3722%,11.5246%,2.6270%,0.023656,AGRX,14645.0,2019-02-26,252.0,0.4926%,0.0017,1.8495,1.2924,2.1113,11.3717%,11.5245%,2.6346%,0.023312,AGRX,0.0702609999999999,0.183377,0.211814,0.069129,0.009707
24027,ALBANY INTERNATIONAL CORP NEW,"Albany International Q4 EPS $0.74, Inline, Sales $251.6M Beat $242.23M Estimate",6,increase,0.7,0.6,"the company's earnings per share (eps) met expectations while sales exceeded estimates, which typically signals positive performance and can lead to an increase in stock price.",2,2019-02-11,AIN,2019-02-11 22:02:00+00:00,11731.0,01234810,0.0096430359408259,135516.0,0.0480398423969745,0.005063013639301,0.0112894708290696,-0.0152421612292528,-0.004438491538167,-0.0018484982429072,0.0195893626660108,-0.0017032665200531,0.0078176269307732,0.0133774504065513,0.0077570863068103,0.0125253852456808,-0.003652952145785,-0.0023248479701578,0.0272357482463121,0.0203113835304975,-0.0010196838993579,0.0147434286773204,-0.0074008144438266,-0.0235051922500133,-0.0070703565143048,-0.0005872987094335,0.0040135318413376,0.0158090610057115,-0.00747906928882,-0.0053404625505208,-0.0076653757132589,-0.0260077361017465,0.0013093232410028,0.0059592444449663,-0.0056223887950181,0.0177515465766191,-0.0053912377916276,0.0136451637372374,-0.004627161193639,-0.0023933588527143,-0.0310798771679401,-0.0193633530288934,-0.009047239087522,-0.0017572520300745,0.0088532213121652,0.0171284116804599,-0.0054847323335707,0.0307031013071537,0.0037226523272693,0.0341323651373386,0.0154226804152131,0.0084854727610945,0.0052888444624841,0.0269648041576147,-0.0040468829683959,-0.0250080376863479,0.0056887194514274,-0.0008008847944438,-0.0536027401685714,0.0171065367758274,0.0032731373794376,0.0021224664524197,0.0086524905636906,0.0019630121532827,0.000703178870026,0.0465673878788948,0.0043563456274569,-0.0306088495999574,0.0016789578367024,-0.0197859425097703,0.00474932231009,-0.0286704432219266,-0.0015292729949578,-0.0349650233983993,0.0165692344307899,-0.007244240026921,0.0054787225089967,-0.0185157749801874,-0.000817397958599,-0.0111321890726685,-0.0170415826141834,-0.0087121548131108,-0.0087378257885575,0.0104166530072689,0.0114733409136533,-0.0010259371483698,0.0024899751879274,0.002497881418094,0.0097971446812152,-0.0193084143102169,-0.003689486766234,0.0021660870406776,0.0163214206695556,-0.0589753575623035,-0.0016193673945963,0.0169982817023992,-0.0024330939631909,0.0117450226098299,-0.003252106718719,-0.0084569612517952,0.0270528215914964,0.0354578457772731,-0.0092654470354318,-0.0198395382612943,-0.0271208919584751,-0.0025263200514018,0.0019225403666496,-0.0002805758849717,0.0101425144821405,0.0143750989809632,0.0036635587457567,-0.0290215369313955,0.049885120242834,-0.0324909798800945,0.0050218822434544,0.0060533308424055,0.0231902301311492,0.0177984032779932,-0.0028800820000469,-0.0094927717000246,-0.0306416545063257,0.0099985711276531,-0.014509686268866,-0.0062610465101897,0.0480398423969745,0.005063013639301,0.0598716576254179,-0.0102563188601478,0.0551674262415045,-0.0120858583156634,0.0842479797126523,-0.0005752769442958,0.1089094659401126,0.0207140262565188,0.0161975179521223,0.1365941799454475,0.0870783886039092,-0.0513935472861646,2019-02-12,2019-02-13,2019-02-14,2019-02-15,2019-02-19,2019-02-20,2019-02-21,2019-02-22,2019-02-25,2019-02-26,11731.0,2019-02-11,252.0,0.9643%,0.0003,1.0442,0.7842,0.0567,1.4506%,1.8748%,40.1347%,0.002755,AIN,11731.0,2019-02-12,252.0,4.8040%,0.0005,1.064,0.7832,0.067,1.4654%,1.8981%,40.3931%,0.033679,AIN,11731.0,2019-02-13,252.0,1.1289%,0.0005,1.0673,0.7805,0.0683,1.4658%,1.8989%,40.4135%,0.007693,AIN,11731.0,2019-02-14,252.0,-0.4438%,0.0005,1.0686,0.7769,0.0726,1.4662%,1.8987%,40.3674%,-0.00596,AIN,11731.0,2019-02-15,252.0,1.9589%,0.0005,1.0765,0.7845,0.0862,1.4660%,1.9007%,40.5115%,0.005123,AIN,11731.0,2019-02-19,252.0,0.7818%,0.0005,1.0762,0.7873,0.0894,1.4660%,1.8992%,40.4173%,0.003139,AIN,11731.0,2019-02-20,252.0,0.7757%,0.0005,1.0768,0.7877,0.0912,1.4660%,1.8994%,40.4267%,0.0033889999999999,AIN,11731.0,2019-02-21,252.0,-0.3653%,0.0006,1.074,0.782,0.086,1.4652%,1.8964%,40.3013%,0.000992,AIN,11731.0,2019-02-22,252.0,2.7236%,0.0006,1.072,0.7732,0.055,1.4677%,1.9025%,40.4811%,0.017119,AIN,11731.0,2019-02-25,252.0,-0.1020%,0.0005,1.074,0.7757,0.0635,1.4640%,1.8996%,40.6070%,-0.000618,AIN,11731.0,2019-02-26,252.0,-0.7401%,0.0006,1.0872,0.7645,0.0678,1.4575%,1.8996%,41.1255%,-0.000608,AIN,0.036434,0.044127,0.038167,0.046429,0.066703
24035,ALICO INC,"Alico Q1 EPS $(0.33) Up From $(0.42) YoY, Sales $14.779M Down From $17.533M YoY",6,uncertain,0.6,0.3,"while the improvement in eps suggests a positive trend, the decline in sales may raise concerns among investors, leading to uncertainty about the overall impact on stock price.",1,2019-02-11,ALCO,2019-02-11 21:48:00+00:00,11790.0,01623010,0.0033783912658691,4702.0,0.0050504920072853,-0.006711371243,0.0013400003081187,0.0033669518306851,-0.0160588677972555,-0.0191545542329549,0.0197211802005767,0.0106809614226222,0.0260086935013532,0.0003338337701279,-0.0136496610939502,0.0118243368342518,0.0026359118055552,-0.0133333206176757,0.0016430902760475,0.0046885260380804,0.0,0.0104907406494021,0.0154199879616498,-0.009054341353476,-0.021324710920453,-0.0184331629425287,-0.0009904485195875,0.0130043141543865,-0.001321907271631,0.0302301328629255,0.0,-0.0408566631376743,-0.00727992458269,0.0006594281876459,-0.0049999873153865,0.0033079849090427,-0.013735338114202,0.0178450755774974,0.0003396816900931,0.0153846414759755,0.0142614627256989,-0.017467264086008,-0.0056913313455879,-0.0079973265528678,-0.0080808643251657,-0.0003331188927404,-0.0200270973145961,-0.0026578046381473,-0.0062348563224077,-0.0211381986737251,-0.0160334948450326,-0.0022712424397468,-0.0077931038103997,0.0269909854978323,0.0057122400030493,0.0087395031005144,-0.0159744676202535,0.0084745762869715,-0.0194804836064577,-0.0110626863315701,0.0077262353152036,-0.0050033228471875,-0.0014603508170694,-0.0079260617494583,-0.0062157246284186,0.0133869322016835,-0.0023914643097668,-0.0326966717839241,0.0057290252298116,-0.0045118043199181,0.0202131997793912,-0.0054487204179167,-0.0147694470360875,-0.0142179736867547,-0.0120658101513981,-0.0140186566859483,0.007031777407974,-0.004651210270822,0.0327086113393306,-0.0024745385162532,-0.0103203170001506,-0.0232627391815185,-0.0032362514175474,0.0122323455289006,0.0093795182183384,0.0006120090838521,-0.0100071048364043,0.0070878132246434,0.0202165860682725,0.001852466026321,-0.0123850097879767,-0.0043037012219429,-0.0068076150491833,-0.019885504618287,-0.0003607586259022,0.0042359875515103,-0.0097437230870127,-0.0098862135782837,-0.0032798887696117,0.0015001270221546,-0.0018281954107806,0.004823746625334,-0.0109889833256602,0.0006032169330865,0.0,-0.0095607908442616,0.000370378838852,0.0072224400937557,-0.0033321047667413,0.0048382175154984,0.0319465324282646,-0.0104727260768413,-0.0226782243698835,0.0063233692198991,0.0,-0.0044964486733078,0.0143646886572241,0.0170732121914625,-0.011982636526227,-0.0203106421977281,-0.0110253309831023,0.011480395682156,0.0033444873988628,-0.0003020880685653,0.0050504920072853,-0.006711371243,0.00639725997625,-0.0033670162760078,-0.0097643405732287,-0.0224570768131008,0.0360269248524489,-0.0116861561308811,0.0420875411882148,-0.0073775760844261,-0.0791245883315904,-0.020500686475446,-0.0888930170907079,-0.1042211001747811,2019-02-12,2019-02-13,2019-02-14,2019-02-15,2019-02-19,2019-02-20,2019-02-21,2019-02-22,2019-02-25,2019-02-26,11790.0,2019-02-11,252.0,0.3378%,0.0005,0.1983,0.4244,0.0233,1.2779%,1.3145%,5.4845%,0.000272,ALCO,11790.0,2019-02-12,252.0,0.5050%,0.0006,0.2087,0.4124,0.0307,1.2739%,1.3109%,5.5758%,0.002208,ALCO,11790.0,2019-02-13,252.0,0.1340%,0.0005,0.1995,0.4279,0.0334,1.2676%,1.3044%,5.5679%,0.000387,ALCO,11790.0,2019-02-14,252.0,-1.6059%,0.0002,0.2005,0.4162,0.0519,1.2328%,1.2686%,5.5650%,-0.017771,ALCO,11790.0,2019-02-15,252.0,1.9721%,0.0004,0.2405,0.4538,0.1191,1.2155%,1.2591%,6.8079%,0.016067,ALCO,11790.0,2019-02-19,252.0,2.6009%,0.0005,0.2459,0.4673,0.1338,1.2242%,1.2693%,6.9658%,0.023778,ALCO,11790.0,2019-02-20,252.0,-1.3650%,0.0005,0.2417,0.4599,0.1195,1.2283%,1.2724%,6.8023%,-0.015981,ALCO,11790.0,2019-02-21,252.0,0.2636%,0.0006,0.2298,0.4363,0.0975,1.2129%,1.2539%,6.4244%,0.004027,ALCO,11790.0,2019-02-22,252.0,0.1643%,0.0005,0.2311,0.4064,0.0864,1.2050%,1.2443%,6.2219%,-0.000917,ALCO,11790.0,2019-02-25,252.0,0.0000%,0.0005,0.2306,0.4058,0.0842,1.2047%,1.2440%,6.2220%,0.000765,ALCO,11790.0,2019-02-26,252.0,1.5420%,0.0006,0.2193,0.3917,0.0686,1.2073%,1.2441%,5.8260%,0.018564,ALCO,0.00248,0.0028669999999999,-0.0149039999999999,0.024941,0.031399
24043,ALLETE INC,UPDATE: Mizuho Downgrades ALLETE 'based on our view that ALE will face additional execution pressure on its remaining business segments following the decision to sell the US Water Services business in order to maintain the 5%-7% CAGR',6,decrease,0.8,0.6,"the downgrade by mizuho suggests that allete will face challenges in executing its business strategy, which is likely to negatively impact investor sentiment and the stock price.",0,2019-02-11,ALE,2019-02-11 15:51:00+00:00,24248.0,01852230,-0.0271122511476278,371753.0,-0.00246276659891,0.0276014637202024,0.0027286782860755,0.0168665014207363,0.0177206005901098,-0.0032834252342581,0.0184734128415584,0.0044854395091533,0.0061720348894596,0.0050385161302983,0.0042564342729747,-0.019755708053708,0.0138369556516408,0.0197482518851757,0.0120496209710836,0.0076121757738292,-0.008868858218193,0.0067222374491393,-0.000858049665112,-0.0066773504950106,0.0003680380177684,-0.0253807697445154,-0.0060092941857874,0.0069462484680116,0.0077729453332722,0.0167910736054182,0.0166503507643938,-0.0031880694441497,-0.0168593637645244,-0.0002656609867699,0.0045321257784962,0.0095187928527593,0.0074381246231496,0.0029580958653241,-0.0012104344787076,0.0165390782058239,0.0115124164149165,-0.0224477928131818,0.0043129338882863,-0.0025323529262095,-0.0071573238819837,0.0162535142153501,-0.0055269338190555,-0.0244450122117996,0.0079739484935998,0.0229791421443224,-0.0033560923766344,-0.0069798207841813,-0.0159952118992805,0.0137433959171176,-0.0045221555046737,0.0001360166934318,0.0109269423410296,-0.0359485410153865,-0.00133583904244,0.0064703267998993,0.0054724179208278,0.0045099346898496,0.0077406796626746,0.0149434655904769,-0.0062409583479166,0.0080064637586474,-0.010024175979197,-0.049774345010519,0.0031719182152301,-0.0075505035929381,-0.0049860593862831,0.0128321172669529,-0.0025665983557701,0.000648548011668,0.0035534973721951,-0.0119184972718358,0.0036629477981477,-0.0340430811047554,0.0142336478456854,-0.0025929014664143,-0.0117548676207661,0.0038423098158091,-0.0030343488324433,-0.0024727615527808,-0.0124177820980548,0.0014858236536383,0.0028352530207484,-0.0033320577349513,0.0023356170859187,0.0019784348551183,0.0033112170640379,0.0093609578907489,-0.0199241824448108,-0.0267249383032321,-0.0048640482127666,0.0115507803857326,-0.0032585803419351,0.0158531591296196,-0.0008801671792753,-0.0011221489403396,0.0033979897852987,0.0124983955174684,0.0040135416202247,0.0046930843964219,0.0,-0.0022779083810746,0.0042472993955016,0.0002531220670789,-0.0026122538838535,-0.0160667691379785,0.0158393196761608,0.0022469141986221,-0.0128912888467311,0.0016253719804808,-0.0012437620898708,0.0187237448990345,0.0217932742089033,0.0093854898586869,0.0114563656970858,0.0019183569820597,-0.0095192305743694,0.0069542936980724,-0.0167882889509201,0.0104099288582801,-0.00246276659891,0.0276014637202024,0.0002591915894234,0.04493350526799,0.0179843852101657,0.0415025442286711,0.0431891352689397,0.0514453061734108,0.0644761084841984,0.059027859251687,0.0881136871680996,0.0675821822530506,0.0554650522480155,0.0393096744298322,2019-02-12,2019-02-13,2019-02-14,2019-02-15,2019-02-19,2019-02-20,2019-02-21,2019-02-22,2019-02-25,2019-02-26,24248.0,2019-02-11,252.0,-2.7112%,0.0005,0.2008,-0.1025,-0.1317,1.2039%,1.2308%,4.3257%,-0.026814,ALE,24248.0,2019-02-12,252.0,-0.2463%,0.0004,0.1883,-0.091,-0.1401,1.2003%,1.2252%,4.0322%,-0.0054969999999999,ALE,24248.0,2019-02-13,252.0,0.2729%,0.0004,0.1916,-0.0957,-0.1405,1.1996%,1.2252%,4.1206%,0.002254,ALE,24248.0,2019-02-14,252.0,1.7721%,0.0005,0.1879,-0.0862,-0.1515,1.2041%,1.2296%,4.1001%,0.017706,ALE,24248.0,2019-02-15,252.0,1.8473%,0.0007,0.2111,-0.0635,-0.1114,1.2048%,1.2320%,4.3596%,0.017193,ALE,24248.0,2019-02-19,252.0,0.6172%,0.0007,0.2115,-0.0591,-0.1065,1.2052%,1.2320%,4.2881%,0.006189,ALE,24248.0,2019-02-20,252.0,0.4256%,0.0006,0.2114,-0.0646,-0.1082,1.2030%,1.2299%,4.3199%,0.00447,ALE,24248.0,2019-02-21,252.0,1.3837%,0.0007,0.2052,-0.0743,-0.1198,1.2048%,1.2312%,4.2348%,0.014225,ALE,24248.0,2019-02-22,252.0,1.2050%,0.0008,0.2033,-0.0551,-0.125,1.2033%,1.2297%,4.2573%,0.009264,ALE,24248.0,2019-02-25,252.0,-0.8869%,0.0007,0.2039,-0.0494,-0.1199,1.2048%,1.2309%,4.2086%,-0.009642,ALE,24248.0,2019-02-26,252.0,-0.0858%,0.0006,0.191,-0.0341,-0.1217,1.1967%,1.2205%,3.8587%,-0.001344,ALE,-0.032311,-0.030057,-0.012351,0.011031,0.028004
24051,ALLETE INC,Mizuho Downgrades ALLETE to Underperform,6,decrease,0.8,0.7,"a downgrade from a financial institution typically signals a negative outlook, which can lead to a decrease in stock price as investors may lose confidence.",0,2019-02-11,ALE,2019-02-11 12:01:00+00:00,24248.0,01852230,-0.0271122511476278,371753.0,-0.00246276659891,0.0276014637202024,0.0027286782860755,0.0168665014207363,0.0177206005901098,-0.0032834252342581,0.0184734128415584,0.0044854395091533,0.0061720348894596,0.0050385161302983,0.0042564342729747,-0.019755708053708,0.0138369556516408,0.0197482518851757,0.0120496209710836,0.0076121757738292,-0.008868858218193,0.0067222374491393,-0.000858049665112,-0.0066773504950106,0.0003680380177684,-0.0253807697445154,-0.0060092941857874,0.0069462484680116,0.0077729453332722,0.0167910736054182,0.0166503507643938,-0.0031880694441497,-0.0168593637645244,-0.0002656609867699,0.0045321257784962,0.0095187928527593,0.0074381246231496,0.0029580958653241,-0.0012104344787076,0.0165390782058239,0.0115124164149165,-0.0224477928131818,0.0043129338882863,-0.0025323529262095,-0.0071573238819837,0.0162535142153501,-0.0055269338190555,-0.0244450122117996,0.0079739484935998,0.0229791421443224,-0.0033560923766344,-0.0069798207841813,-0.0159952118992805,0.0137433959171176,-0.0045221555046737,0.0001360166934318,0.0109269423410296,-0.0359485410153865,-0.00133583904244,0.0064703267998993,0.0054724179208278,0.0045099346898496,0.0077406796626746,0.0149434655904769,-0.0062409583479166,0.0080064637586474,-0.010024175979197,-0.049774345010519,0.0031719182152301,-0.0075505035929381,-0.0049860593862831,0.0128321172669529,-0.0025665983557701,0.000648548011668,0.0035534973721951,-0.0119184972718358,0.0036629477981477,-0.0340430811047554,0.0142336478456854,-0.0025929014664143,-0.0117548676207661,0.0038423098158091,-0.0030343488324433,-0.0024727615527808,-0.0124177820980548,0.0014858236536383,0.0028352530207484,-0.0033320577349513,0.0023356170859187,0.0019784348551183,0.0033112170640379,0.0093609578907489,-0.0199241824448108,-0.0267249383032321,-0.0048640482127666,0.0115507803857326,-0.0032585803419351,0.0158531591296196,-0.0008801671792753,-0.0011221489403396,0.0033979897852987,0.0124983955174684,0.0040135416202247,0.0046930843964219,0.0,-0.0022779083810746,0.0042472993955016,0.0002531220670789,-0.0026122538838535,-0.0160667691379785,0.0158393196761608,0.0022469141986221,-0.0128912888467311,0.0016253719804808,-0.0012437620898708,0.0187237448990345,0.0217932742089033,0.0093854898586869,0.0114563656970858,0.0019183569820597,-0.0095192305743694,0.0069542936980724,-0.0167882889509201,0.0104099288582801,-0.00246276659891,0.0276014637202024,0.0002591915894234,0.04493350526799,0.0179843852101657,0.0415025442286711,0.0431891352689397,0.0514453061734108,0.0644761084841984,0.059027859251687,0.0881136871680996,0.0675821822530506,0.0554650522480155,0.0393096744298322,2019-02-12,2019-02-13,2019-02-14,2019-02-15,2019-02-19,2019-02-20,2019-02-21,2019-02-22,2019-02-25,2019-02-26,24248.0,2019-02-11,252.0,-2.7112%,0.0005,0.2008,-0.1025,-0.1317,1.2039%,1.2308%,4.3257%,-0.026814,ALE,24248.0,2019-02-12,252.0,-0.2463%,0.0004,0.1883,-0.091,-0.1401,1.2003%,1.2252%,4.0322%,-0.0054969999999999,ALE,24248.0,2019-02-13,252.0,0.2729%,0.0004,0.1916,-0.0957,-0.1405,1.1996%,1.2252%,4.1206%,0.002254,ALE,24248.0,2019-02-14,252.0,1.7721%,0.0005,0.1879,-0.0862,-0.1515,1.2041%,1.2296%,4.1001%,0.017706,ALE,24248.0,2019-02-15,252.0,1.8473%,0.0007,0.2111,-0.0635,-0.1114,1.2048%,1.2320%,4.3596%,0.017193,ALE,24248.0,2019-02-19,252.0,0.6172%,0.0007,0.2115,-0.0591,-0.1065,1.2052%,1.2320%,4.2881%,0.006189,ALE,24248.0,2019-02-20,252.0,0.4256%,0.0006,0.2114,-0.0646,-0.1082,1.2030%,1.2299%,4.3199%,0.00447,ALE,24248.0,2019-02-21,252.0,1.3837%,0.0007,0.2052,-0.0743,-0.1198,1.2048%,1.2312%,4.2348%,0.014225,ALE,24248.0,2019-02-22,252.0,1.2050%,0.0008,0.2033,-0.0551,-0.125,1.2033%,1.2297%,4.2573%,0.009264,ALE,24248.0,2019-02-25,252.0,-0.8869%,0.0007,0.2039,-0.0494,-0.1199,1.2048%,1.2309%,4.2086%,-0.009642,ALE,24248.0,2019-02-26,252.0,-0.0858%,0.0006,0.191,-0.0341,-0.1217,1.1967%,1.2205%,3.8587%,-0.001344,ALE,-0.032311,-0.030057,-0.012351,0.011031,0.028004
24059,ALEXANDERS INC,"Alexander's Q4 FFO $4.72 Down From $5.49 YoY, Sales $57.57M Down From $58.061M YoY",6,decrease,0.8,0.7,"the decline in both ffo and sales year-over-year suggests weakening financial performance, which is likely to negatively impact investor sentiment and lead to a decrease in stock price.",0,2019-02-11,ALX,2019-02-11 13:56:00+00:00,49330.0,01475210,-0.0211435910314321,11889.0,-0.0007949577993713,0.0100821238011121,0.0213980544358491,0.0458629578351974,-0.0165180321782827,-0.0028546615503728,0.0086844703182578,0.0050279493443667,0.0061730029992759,0.0461515560746192,0.0037402366288006,0.0103284763172268,0.0133773544803261,-0.0036794727202504,0.0235178545117378,0.0228566210716962,-0.028146767988801,0.0091086309403181,-0.0042020613327622,0.0124733969569206,0.0149293495342135,0.0245089065283536,0.0044471407309174,3.161544373142533e-05,-0.033559501171112,0.0082799131050705,0.0077256876975297,-0.0104622216895222,0.0149562815204262,-0.0071647851727902,-0.0167236421257257,0.0149243660271167,-0.0217520408332347,0.0150196719914674,-0.0143553623929619,0.0008710588444955,0.0164653472602367,-0.007873329333961,0.0035203360021114,-0.0081581389531493,-0.007618814241141,-0.0090594682842493,0.012648138217628,0.0149739868938922,-0.0150263430550694,0.0157942380756139,-0.0081953359767794,0.0080753304064273,0.0049690101295709,0.0088393175974488,8.332994184456766e-05,0.0073092537932097,0.0219425987452268,-0.0123055726289749,-0.0133449397981166,0.0006566680385731,0.0161424055695533,0.0044526737183332,0.0111689306795597,0.0021484559401869,0.0066755772568285,0.0220946241170167,0.0010919163469225,-0.0075440066866576,0.0007183281122706,-0.008477353490889,-0.0014887632569298,-0.0140937995165586,0.0004792822292074,-0.0096727488562464,0.0104845855385065,0.0075217075645923,0.0058989021927118,-0.0083347084000706,0.0146608529612422,0.0,0.0024769497103989,-0.0055150343105196,-0.0060484549030661,-0.0055804690346121,0.0055155754089355,-0.0011533055221661,0.0013391079846769,-0.0022692859638482,-0.0060180448926985,0.0081848632544279,-0.0055111516267061,0.0115058636292815,-0.0139191793277859,-0.0123933888971805,-0.0158307161182165,0.0002575476537458,0.0038068224675953,0.0089994138106703,-0.0174932237714529,0.0013337230775505,0.0166358463466167,0.0107191326096653,-0.0021390048786997,-0.0117627782747149,0.0045819706283509,-0.0169301647692918,-0.0045877709053456,0.0080177430063486,0.0228838082402944,-0.000707900209818,-0.0055012865923345,-0.0109792575240135,0.0193872600793838,-0.004750894382596,0.0022739733103662,-0.0035347801167517,0.0112151140347123,0.0098161622881889,0.0036882096901535,-0.0067426557652652,-0.0182449091225862,-0.0081944549456238,-0.0001308409700868,0.0,-0.0007949577993713,0.0100821238011121,0.0205860860862128,0.0564074776550893,0.0037280122755332,0.0533917918471009,0.0186946835532841,0.107548299894117,0.0263698780892991,0.1650931506341038,0.0224500524780408,0.2491998129218107,0.0592736382939795,0.1865652904780472,2019-02-12,2019-02-13,2019-02-14,2019-02-15,2019-02-19,2019-02-20,2019-02-21,2019-02-22,2019-02-25,2019-02-26,49330.0,2019-02-11,252.0,-2.1144%,0.0004,0.276,0.3072,0.0191,1.0656%,1.1174%,9.0620%,-0.024007,ALX,49330.0,2019-02-12,252.0,-0.0795%,0.0002,0.2552,0.3302,0.0044,1.0478%,1.0981%,8.9524%,-0.004678,ALX,49330.0,2019-02-13,252.0,2.1398%,0.0003,0.2517,0.3442,0.0117,1.0516%,1.1014%,8.8336%,0.0203819999999999,ALX,49330.0,2019-02-14,252.0,-1.6518%,0.0002,0.2553,0.3341,0.0238,1.0563%,1.1049%,8.6025%,-0.017811,ALX,49330.0,2019-02-15,252.0,0.8684%,0.0002,0.2658,0.3439,0.0414,1.0551%,1.1058%,8.9606%,0.00475,ALX,49330.0,2019-02-19,252.0,0.6173%,0.0003,0.267,0.346,0.0437,1.0554%,1.1064%,9.0016%,0.004446,ALX,49330.0,2019-02-20,252.0,0.3740%,0.0003,0.2695,0.3605,0.0548,1.0474%,1.0999%,9.3141%,0.002131,ALX,49330.0,2019-02-21,252.0,1.3377%,0.0003,0.2803,0.3857,0.0745,1.0219%,1.0794%,10.3686%,0.014653,ALX,49330.0,2019-02-22,252.0,2.3518%,0.0002,0.2782,0.3664,0.0325,1.0237%,1.0823%,10.5284%,0.0205699999999999,ALX,49330.0,2019-02-25,252.0,-2.8147%,0.0002,0.2775,0.3794,0.0364,1.0375%,1.0961%,10.3952%,-0.0276529999999999,ALX,49330.0,2019-02-26,252.0,-0.4202%,0.0002,0.2785,0.3804,0.0377,1.0375%,1.0964%,10.4472%,-0.00131,ALX,-0.028685,-0.008303,-0.026114,-0.016918,-0.008527
24067,A M C ENTERTAINMENT HOLDINGS INC,Amcor Limited And Bemis Company Receive European Commission Approval For Transaction,6,uncertain,0.3,0.1,"the news about amcor limited and bemis company is unrelated to a m c entertainment holdings inc, making its impact on the stock price uncertain.",1,2019-02-11,AMC,2019-02-11 22:23:00+00:00,14328.0,00165C10,-0.0400874763727188,1696337.0,0.0068337246775627,0.0300300735980272,0.0188536942005157,-0.0340826883912086,0.0103626493364572,-0.0199004784226417,0.0102564357221126,-0.0195122417062521,-0.0427846387028694,0.011275602504611,0.0356060825288295,-0.0313993208110332,0.00219456711784,0.0375353917479515,0.0124087650328874,-0.0049330298788845,-0.0165825188159942,0.0128479190170764,-0.0058650970458984,0.0,0.0228613168001174,-0.0168420895934104,0.0115356780588626,0.0333575084805488,0.1404134184122086,0.020725367590785,-0.03125,-0.065698467195034,0.0077419281005859,0.0248051304370164,-0.0313700251281261,0.000709168438334,-0.0218109656125307,-0.0146750546991825,0.0081081129610538,0.0127388751134276,-0.0047554788179695,0.0071276109665632,-0.015699628740549,0.0218499787151813,0.0006934971315786,-0.0157706290483474,0.0034649504814296,-0.0425531826913356,0.0013812470715492,0.031869675964117,0.0344827584922313,0.0428360365331172,-0.016666667535901,0.0367534086108207,0.0142372911795973,0.01318852417171,0.0307486653327941,0.049674317240715,-0.0233462806791067,-0.0112721696496009,0.0159362386912107,0.0180328097194433,-0.0235294513404369,-0.037854928523302,-0.0066934023052453,0.0342577546834945,-0.0047169607132673,-0.0064829760231077,0.0054163793101906,-0.0493065789341926,0.0094275679439306,-0.0291698090732097,-0.0140093425288796,-0.0422636196017265,-0.0115020349621772,-0.0078180283308029,0.0273785479366779,-0.0303239505738019,-0.0019987132400274,-0.0235531255602836,0.0887850448489189,-0.0268500838428735,-0.0098099233582615,0.0099206725135445,0.0,0.0573426336050033,-0.0018575096037238,0.0021022937726229,0.0192307345569133,-0.010936408303678,0.0042604804039001,0.0259466953575611,0.0054545546881854,0.0028129369020462,0.0,0.0417582914233207,-0.0325497835874557,-0.0222063343971967,-0.0492211245000362,0.0086705116555094,-0.0006553229759447,0.0289963092654943,0.0124589884653687,-0.0501412451267242,-0.0090673184022307,0.0201728921383619,0.0065359100699424,-0.0043041226454079,0.0064935316331684,0.0489089265465736,-0.0219354946166276,-0.014825782738626,-0.0296833645552396,-0.0398576818406581,-0.0006798251997679,-0.0468113683164119,-0.0074829701334238,-0.0599490143358707,0.0191912092268466,0.0090090315788984,0.0067249750718474,0.0230414997786283,-0.0213761292397975,-0.0300127882510423,0.0068337246775627,0.0300300735980272,0.0258162598333997,-0.005076120433988,0.0364464340176893,-0.0248755816314625,0.0022778827890108,-0.0331218689902605,0.0296127826588525,-0.0206994972316121,0.1498093049001372,0.0820189211949922,0.1274903834057048,-0.1116033230771658,2019-02-12,2019-02-13,2019-02-14,2019-02-15,2019-02-19,2019-02-20,2019-02-21,2019-02-22,2019-02-25,2019-02-26,14328.0,2019-02-11,252.0,-4.0087%,0.0003,0.9697,0.9765,-0.0339,2.4930%,2.7603%,18.4297%,-0.048359,AMC,14328.0,2019-02-12,252.0,0.6834%,0.0004,0.9835,0.9537,-0.0227,2.4863%,2.7569%,18.6689%,-0.0067079999999999,AMC,14328.0,2019-02-13,252.0,1.8854%,0.0004,0.9748,0.9746,-0.0154,2.4835%,2.7516%,18.5366%,0.015443,AMC,14328.0,2019-02-14,252.0,1.0363%,0.0004,0.9737,0.9786,-0.0206,2.4833%,2.7521%,18.5766%,0.0071519999999999,AMC,14328.0,2019-02-15,252.0,1.0256%,0.0004,0.962,0.9677,-0.0401,2.4824%,2.7470%,18.3365%,-0.003194,AMC,14328.0,2019-02-19,252.0,-4.2785%,0.0001,0.9468,0.946,-0.0633,2.4981%,2.7552%,17.7894%,-0.0473979999999999,AMC,14328.0,2019-02-20,252.0,3.5606%,0.0003,0.9576,0.9792,-0.0224,2.5025%,2.7618%,17.8921%,0.031974,AMC,14328.0,2019-02-21,252.0,0.2195%,0.0003,0.9621,0.9894,-0.0144,2.5008%,2.7615%,17.9915%,0.006272,AMC,14328.0,2019-02-22,252.0,1.2409%,0.0003,0.9615,1.0043,-0.0078,2.4998%,2.7621%,18.0885%,0.000402,AMC,14328.0,2019-02-25,252.0,-1.6583%,0.0003,0.9606,1.0112,-0.0074,2.5013%,2.7638%,18.0939%,-0.015528,AMC,14328.0,2019-02-26,252.0,-0.5865%,0.0002,0.9439,1.025,-0.0129,2.4954%,2.7538%,17.8857%,0.00202,AMC,-0.055067,-0.039624,-0.032472,-0.083064,-0.0579239999999999
24075,A MARK PRECIOUS METALS INC,"A-Mark Precious Metals Q2 EPS $0.08 Misses $0.10 Estimate, Sales $1.101B Miss $1.63B Estimate",6,decrease,0.8,0.7,"the company reported earnings and sales that missed analyst estimates, which typically leads to a negative reaction in stock prices.",0,2019-02-11,AMRK,2019-02-11 21:40:00+00:00,14532.0,00181T10,-0.0174904596060514,7689.0,0.0038699838332831,0.0015231914585456,-0.0038550647441297,0.0092236651107668,-0.0100619280710816,0.0,-0.0078186383470892,-0.016628822311759,-0.0007879649638198,0.0216216016560792,-0.0015773231862112,-0.0015420552808791,-0.001556086121127,-0.0099236723035573,-0.0016059675253927,0.0115830563008785,-0.0023771580308675,-0.0159574504941701,-0.0111199636012315,-0.0060422904789447,0.0064256968908011,-0.0217953510582447,0.0175578836351633,0.0138576375320553,-0.0127294203266501,0.0253456160426139,0.0045521077699959,-0.0121395932510495,0.0075127962045371,0.0337255150079727,-0.0109889628365635,0.0669456273317337,0.0027777655050158,0.0204952843487262,0.003165730740875,0.0094827283173799,-0.0295857246965169,-0.0034364226739853,-0.0081301117315888,-0.0299999713897705,-0.0045081437565386,-0.0041493931785225,-0.0078221708536148,0.0168776214122772,0.0381742753088474,-0.0557768754661083,-0.0279776472598314,0.0161943156272172,-0.0014802343212068,0.0024351207539439,0.0126008791849017,0.0131578827276825,0.0044733877293765,0.0313825197517871,-0.0060729361139237,0.0128865651786327,-0.0144602665677666,0.0572207160294055,-0.0551766529679298,-0.0178411956876516,0.0078740287572145,0.0053812037222087,0.0303732007741928,0.0145586756989359,0.00253581488505,-0.0717905685305595,-0.0426386184990406,0.0042408984154462,0.0024050713982433,-0.0335194356739521,-0.0306480191648006,-0.0279760919511318,-0.0036133660469204,0.0,0.0217589065432548,-0.0031771217472851,-0.0133097218349576,-0.0007936689071357,-0.0035971188917756,-0.0065911919809877,0.0018050954677164,0.006634924095124,-0.0026397015899419,0.0285714603960514,0.0080663515254855,-0.0008156793192028,-0.0143369045108556,-0.0032520294189453,0.0090909441933035,0.0049019949510693,-0.0180180855095386,0.0107349399477243,0.026146862655878,0.0108514288440346,0.0129547929391264,-0.0268075447529554,-0.0101412758231163,0.0266889613121748,-0.0147124351933598,0.0092592304572463,0.0086425328627228,-0.0582639463245868,0.0004036997270304,-0.0043409871868789,-0.0008967960020527,-0.0007886615931056,0.0107719823718071,-0.0246153604239225,-0.016873937100172,0.0236220620572567,0.0198735576122999,0.007936461828649,-0.0183259211480617,0.0071942568756639,-0.0120093207806348,-0.0079301688820123,0.0054794903844594,-0.0117555307224392,0.0036330572329461,-0.0362537428736686,0.0038699838332831,0.0015231914585456,5.0917270399963854e-11,0.0107609059772257,-0.0100619280206767,0.0107609059772257,-0.0185758334851444,0.0154440013833969,-0.0363777294360808,-0.0067975943159411,-0.1153250581871252,0.173059741134252,-0.144736830690033,-0.0067975832087908,2019-02-12,2019-02-13,2019-02-14,2019-02-15,2019-02-19,2019-02-20,2019-02-21,2019-02-22,2019-02-25,2019-02-26,14532.0,2019-02-11,252.0,-1.7490%,0.0003,0.0955,0.3945,-0.1676,2.2190%,2.2386%,1.7426%,-0.020066,AMRK,14532.0,2019-02-12,252.0,0.3870%,0.0007,0.144,0.3337,-0.1319,2.1586%,2.1776%,1.7340%,0.002108,AMRK,14532.0,2019-02-13,252.0,-0.3855%,0.0007,0.1452,0.3296,-0.1338,2.1587%,2.1777%,1.7352%,-0.004466,AMRK,14532.0,2019-02-14,252.0,-1.0062%,0.0006,0.1484,0.3227,-0.1265,2.1602%,2.1787%,1.6964%,-0.0123469999999999,AMRK,14532.0,2019-02-15,252.0,-0.7819%,0.0006,0.1457,0.319,-0.1325,2.1609%,2.1793%,1.6827%,-0.009795,AMRK,14532.0,2019-02-19,252.0,-0.0788%,0.0006,0.1415,0.3228,-0.1279,2.1597%,2.1776%,1.6404%,-0.001692,AMRK,14532.0,2019-02-20,252.0,-0.1577%,0.0005,0.1409,0.3217,-0.13,2.1598%,2.1777%,1.6401%,-0.001953,AMRK,14532.0,2019-02-21,252.0,-0.1556%,0.0007,0.129,0.2972,-0.1517,2.1491%,2.1660%,1.5571%,-0.001209,AMRK,14532.0,2019-02-22,252.0,-0.1606%,0.0006,0.1309,0.2746,-0.1504,2.1473%,2.1635%,1.4908%,-0.006409,AMRK,14532.0,2019-02-25,252.0,-0.2377%,0.0006,0.1289,0.2741,-0.158,2.1447%,2.1612%,1.5145%,-0.00223,AMRK,14532.0,2019-02-26,252.0,-1.1120%,0.0005,0.1171,0.3,-0.1537,2.1406%,2.1570%,1.5143%,-0.009781,AMRK,-0.017958,-0.022424,-0.034771,-0.046258,-0.06784
24083,APOLLO GLOBAL MANAGEMENT INC NEW,Apollo Near Deal to Buy Cox's TV Stations for ~$3B,6,increase,0.8,0.7,"the acquisition of cox's tv stations for ~$3b is likely to be viewed positively by investors, as it suggests growth and expansion for apollo global management, potentially leading to an increase in stock price.",2,2019-02-11,APO,2019-02-11 00:17:00+00:00,12591.0,03769M10,-0.0046932413242757,787341.0,0.0171775091439485,-0.0059980107471346,-0.0019868004601448,-0.0098976986482739,-0.0096217319369316,-0.0098007563501596,0.013065306469798,0.0082345185801386,-0.0052910004742443,0.0344122722744941,-0.0026595541276037,0.0023906999267637,-0.0115489177405834,0.0578034818172454,0.0020618373528122,-0.0003611494612414,-0.0034293683711439,-0.0014424453256651,-0.0024087990168482,-0.0064493124373257,0.0124180959537625,0.0261029060930013,-0.0017036164645105,-0.0022010074462741,-0.0020477634388953,0.0044215489178895,0.0034199857618659,-0.0493870377540588,-0.0095433089882135,0.0240315664559602,-0.0044734743423759,0.0101448828354477,-0.0138264643028378,0.0109890531748533,-0.018927477300167,0.0213243439793586,0.0210789628326892,0.0144212199375033,-0.0083974730223417,-0.0056603630073368,0.0165843088179826,-0.0152359660714864,0.0045123593881726,0.0056053670123219,0.0058742249384522,0.0190403647720813,0.0230161473155021,0.0350807793438434,-0.0174613986164331,0.0623953826725482,-0.0153793832287192,-0.0378727056086063,0.0270739570260047,0.0114098927006125,-0.0537343733012676,0.0157285202294588,-0.0024999890010803,-0.0122648915275931,0.0136054120957851,-0.0008170121582224,-0.0144825102761387,0.0307368226349353,0.0035842431243509,0.0,0.0089285718277096,0.0380245149135589,0.0141592789441347,-0.0226399265229702,-0.0115183219313621,-0.0245833396911621,0.0127118863165378,-0.0004165026475675,-0.0094142416492104,-0.011120282113552,0.0066878050565719,-0.0276331063359975,-0.0027972001116722,-0.0161544475704431,-0.0140252318233251,0.0209170766174793,0.0188477504998445,-0.0201024916023016,0.0010471444111317,-0.02759675309062,0.016387702897191,-0.0243081375956535,-0.0058319065719842,0.0109640453010797,0.0234644692391157,-0.0771109238266944,0.009777508676052,0.0166725534945726,0.0567612275481224,-0.0139908920973539,0.0240126457065343,0.0084656001999974,-0.0024683128576725,0.0085378782823681,0.0027836787048727,-0.0266619995236396,-0.000925317115616,0.0062717208638787,0.0154368635267019,0.0250000264495611,0.0085131889209151,0.0691103264689445,-0.0144708948209881,-0.0150432344526052,0.0027531404048204,-0.0390763580799102,0.0079317307099699,-0.0038924489635974,0.0102905612438917,0.0007082315278239,-0.0182744339108467,-0.0285517685115337,-0.0265486985445022,-0.0129032619297504,0.0184953622519969,-0.0372670590877533,0.0171775091439485,-0.0059980107471346,0.0151565804007323,-0.0158363428925444,0.0053890159101042,-0.0254818911045366,0.0131357166868135,0.0163543265998666,-0.0050037219123936,0.0687925491258079,-0.0283427275589173,0.2185457642781014,0.1151235220930362,-0.007974799443552,2019-02-12,2019-02-13,2019-02-14,2019-02-15,2019-02-19,2019-02-20,2019-02-21,2019-02-22,2019-02-25,2019-02-26,12591.0,2019-02-11,252.0,-0.4693%,-0.0002,1.1263,0.5841,0.048,1.5324%,1.9705%,39.5241%,-0.010346,APO,12591.0,2019-02-12,252.0,1.7178%,-0.0002,1.1288,0.5823,0.0496,1.5323%,1.9725%,39.6529%,0.001724,APO,12591.0,2019-02-13,252.0,-0.1987%,-0.0003,1.1239,0.5885,0.0494,1.5316%,1.9680%,39.4300%,-0.005632,APO,12591.0,2019-02-14,252.0,-0.9622%,-0.0004,1.1253,0.5826,0.0572,1.5307%,1.9662%,39.3929%,-0.010135,APO,12591.0,2019-02-15,252.0,1.3065%,-0.0004,1.1224,0.5799,0.0524,1.5306%,1.9633%,39.2241%,-0.001482,APO,12591.0,2019-02-19,252.0,-0.5291%,-0.0004,1.1222,0.5722,0.0436,1.5313%,1.9631%,39.1541%,-0.009363,APO,12591.0,2019-02-20,252.0,-0.2660%,-0.0003,1.1221,0.5794,0.0453,1.5280%,1.9610%,39.2825%,-0.00639,APO,12591.0,2019-02-21,252.0,-1.1549%,-0.0004,1.1297,0.5935,0.0593,1.5249%,1.9618%,39.5812%,-0.006987,APO,12591.0,2019-02-22,252.0,0.2062%,-0.0005,1.1312,0.5815,0.0659,1.5248%,1.9613%,39.5567%,-0.0077729999999999,APO,12591.0,2019-02-25,252.0,-0.3429%,-0.0005,1.1315,0.5833,0.0678,1.5249%,1.9613%,39.5556%,-0.003596,APO,12591.0,2019-02-26,252.0,-0.2409%,-0.0005,1.1333,0.5763,0.0656,1.5248%,1.9603%,39.4945%,0.0032579999999999,APO,-0.008622,-0.014254,-0.024389,-0.035234,-0.056722
24091,ANTERO RESOURCES CORP,"US Dept. Of Justice Says US, West Virginia Have Reached Settlement With Antero Resources Related To Clean Water Act Violations At 32 West Virginia Sites",6,decrease,0.7,0.6,"the settlement related to clean water act violations may lead to financial penalties and increased regulatory scrutiny, which could negatively impact investor sentiment and the stock price.",0,2019-02-11,AR,2019-02-11 17:38:00+00:00,14179.0,03674X10,0.0237825643271207,4524593.0,0.0254425331950187,0.0114547982811927,-0.0215750541538,-0.0633047372102737,0.0,-0.035196702927351,0.0595369338989257,-0.03880600258708,0.0052029336802661,-0.015670895576477,0.018633572384715,0.0149104986339807,-0.0111789237707853,-0.0473484843969345,-0.0092496611177921,0.0242483019828796,0.0020746372174471,0.0048733130097389,-0.0196686945855617,-0.0144091853871941,-0.0506864301860332,0.040999986231327,-0.0367074459791183,-0.004975143354386,0.0565819591283798,-0.0317918993532657,0.0032787637319415,-0.0406653955578804,-0.0206972248852253,0.0055761584080755,-0.043381467461586,0.0046685519628226,-0.0348837412893772,-0.0210237242281436,-0.0590361729264259,0.01672856323421,0.0217669755220413,0.02476192638278,0.0238095317035913,-0.0150093669071793,0.0195838250219821,0.014272085390985,0.0300120059400796,0.0038204356096684,-0.018648000434041,-0.0038058953359723,0.0320664495229721,0.0253658760339021,-0.0172611773014068,0.0755509212613105,0.0374706909060478,-0.023565623909235,-0.0135440053418278,0.0394036062061786,-0.0400457009673118,0.019544007256627,0.0,-0.0630722194910049,0.0143027268350124,-0.0040526809170842,-0.0094006955623626,0.0870044007897377,0.0272834561765193,-0.0340425223112106,0.0196304935961961,-0.0358974747359752,-0.0124574927613139,-0.0298507642000913,-0.0080275973305106,-0.0633736625313758,-0.0520231015980243,-0.0046382369473576,0.0256097614765167,-0.0468612425029277,0.0677764192223548,-0.0699012726545333,-0.001113505102694,-0.0073469514027237,-0.0468227490782737,-0.0152732785791158,0.0011696174042299,-0.0273651592433452,-0.0268692150712013,0.0031372518278658,0.0432172454893589,-0.0023473969195038,-0.0115074142813682,0.0078863902017474,0.0116413766518235,-0.0444612018764019,-0.0230149384588003,0.0106626311317086,-0.0471142083406448,-0.0259643495082855,-0.0061804931610822,-0.0224800892174243,-0.0174129195511341,0.0291045047342777,-0.0316455699503421,-0.0247452799230814,-0.0509803742170333,-0.008658000268042,0.0289255585521459,-0.0021598765160888,0.0026773735880851,0.0412294007837772,-0.0320426933467388,-0.0565770976245403,-0.0165517088025808,0.0064057046547532,0.0126226749271154,-0.0119549976661801,-0.0069251684471964,0.0014084830181673,0.0516038872301578,-0.0700720772147178,0.0610079616308212,-0.0402262359857559,-0.0012500286102294,0.0133757991716265,0.0254425331950187,0.0114547982811927,0.0033185550097263,-0.0525750819240685,0.0033185550097263,-0.085921315311557,0.0685840600973004,-0.1351616128004416,0.0475664065604086,-0.1517771286005561,-0.0586282860841432,-0.1053698018078818,-0.1161504663832184,-0.4375796149829439,2019-02-12,2019-02-13,2019-02-14,2019-02-15,2019-02-19,2019-02-20,2019-02-21,2019-02-22,2019-02-25,2019-02-26,14179.0,2019-02-11,252.0,2.3783%,-0.0022,1.45,1.1184,1.0811,1.9930%,2.4809%,35.4624%,0.0118629999999999,AR,14179.0,2019-02-12,252.0,2.5443%,-0.0022,1.4594,1.1134,1.0868,1.9934%,2.4866%,35.7354%,0.007237,AR,14179.0,2019-02-13,252.0,-2.1575%,-0.0023,1.4505,1.1182,1.0816,1.9983%,2.4854%,35.3564%,-0.02719,AR,14179.0,2019-02-14,252.0,0.0000%,-0.0023,1.4494,1.1214,1.0776,1.9985%,2.4855%,35.3477%,0.003405,AR,14179.0,2019-02-15,252.0,5.9537%,-0.0022,1.4559,1.1312,1.0933,2.0075%,2.4941%,35.2172%,0.035082,AR,14179.0,2019-02-19,252.0,0.5203%,-0.0022,1.4534,1.1329,1.0955,2.0071%,2.4926%,35.1608%,-0.004224,AR,14179.0,2019-02-20,252.0,1.8634%,-0.0023,1.4543,1.1271,1.0967,2.0047%,2.4913%,35.2455%,0.007255,AR,14179.0,2019-02-21,252.0,-1.1179%,-0.0023,1.4538,1.126,1.0958,2.0047%,2.4895%,35.1563%,-0.002587,AR,14179.0,2019-02-22,252.0,-0.9250%,-0.0022,1.4539,1.1461,1.1157,2.0026%,2.4890%,35.2668%,-0.008884,AR,14179.0,2019-02-25,252.0,0.2075%,-0.0022,1.4555,1.1443,1.1208,2.0011%,2.4883%,35.3276%,0.004782,AR,14179.0,2019-02-26,252.0,-1.9669%,-0.0023,1.4493,1.1561,1.1221,1.9998%,2.4842%,35.1978%,-0.006418,AR,0.0191,-0.00809,-0.004685,0.026173,0.020321
24099,ARAMARK,Goldman Sachs Downgrades Aramark to Neutral,6,decrease,0.8,0.6,"a downgrade from goldman sachs typically signals reduced confidence in the company's future performance, which is likely to lead to a decrease in stock price.",0,2019-02-11,ARMK,2019-02-11 13:45:00+00:00,14329.0,03852U10,-0.0178236309438943,5427316.0,-0.0184654537588357,-0.0416541621088981,0.0171910505741834,0.0005997138796374,-0.0015999756287783,0.0033091693185269,0.0192307196557521,-0.0168589074164629,0.0251572094857692,0.0165364723652601,-0.000920207996387,0.0094081200659275,0.0055265678092837,0.0107362670823931,-0.0146564748138189,0.0174780748784542,-0.0024791394826024,0.0012500286102294,-0.0170860290527343,-0.0156874302774667,-0.0088495193049311,0.0162550341337919,-0.0338010638952255,0.0028213213663548,0.0075908070430159,0.0066266669891774,0.0019652624614536,-0.0062715224921703,-0.0114416601136326,0.0143129406496882,-0.0138888917863369,0.0141935655847191,0.0046948152594268,-0.005134783219546,-0.008678182028234,0.0093942014500498,0.0151514764875173,-0.0093067716807127,0.0053067943081259,0.0074361311271786,-0.0095677664503455,0.0218037609010934,-0.0053297751583158,0.0140703544020652,0.0003349038306623,0.0043741948902606,0.0020086865406483,0.0181568600237369,0.0133645040914416,0.0177824348211288,-0.0075832358561456,-0.0248214732855558,-0.0066445437259972,0.0151881445199251,-0.033110361546278,0.0111692743375897,0.0051885028369724,-0.0027845432050526,0.0141087351366877,-0.0013903689105063,0.0023753512650728,0.0461818352341651,0.0074475053697824,-0.017506243661046,-0.0070564849302172,-0.0338280834257602,0.0145516181364655,-0.0265457294881343,-0.0040026330389082,-0.0226601157337427,0.00703278882429,-0.0227855928242206,-0.0073162391781806,-0.0286783650517463,0.0234505478292703,-0.0192600823938846,0.0163666121661663,0.0186857189983129,-0.032206118106842,0.0304878298193216,0.0126456264406442,-0.1237345710396767,0.0177456121891737,-0.0246845241636037,0.0083952285349369,-0.0316069684922695,-0.00672427425161,0.0040000407025218,0.0,-0.0239458158612251,0.0080593163147568,0.009458664804697,0.0121521959081292,0.0058139855973422,-0.012322255410254,-0.0070847664028406,-0.0047984523698687,0.0263937395066022,0.008357448503375,-0.0005383702809922,-0.0181702766567468,0.020324133336544,0.0077922623604536,-0.0108341909945011,0.0028994278982281,0.0272676572203636,-0.0016061431961134,0.0030699635390192,-0.0080437576398253,-0.0287340078502893,-0.003567973151803,0.004082681145519,0.0149739906191825,0.0375600643455982,0.0041693123057484,-0.0008464666898362,-0.0568508096039295,0.0245735328644514,0.0325092822313308,-0.0283707398921251,-0.0184654537588357,-0.0416541621088981,-0.0015918437340957,-0.041079428808422,-0.0031892724516946,-0.0379061982753305,0.0415393397910863,-0.0384846301462895,0.0108682699357465,-0.0163026388407977,-0.0584611971951897,0.1115745246827928,-0.0258731394256307,-0.0989714209254972,2019-02-12,2019-02-13,2019-02-14,2019-02-15,2019-02-19,2019-02-20,2019-02-21,2019-02-22,2019-02-25,2019-02-26,14329.0,2019-02-11,252.0,-1.7824%,-0.0011,0.9358,0.2909,0.0814,1.4292%,1.7411%,32.6210%,-0.021532,ARMK,14329.0,2019-02-12,252.0,-1.8465%,-0.0012,0.9201,0.289,0.0737,1.4416%,1.7433%,31.6170%,-0.031213,ARMK,14329.0,2019-02-13,252.0,1.7191%,-0.0011,0.9285,0.281,0.076,1.4425%,1.7470%,31.8240%,0.01429,ARMK,14329.0,2019-02-14,252.0,-0.1600%,-0.0011,0.9283,0.2811,0.0763,1.4424%,1.7466%,31.8070%,-0.000771,ARMK,14329.0,2019-02-15,252.0,1.9231%,-0.001,0.9407,0.2933,0.0978,1.4424%,1.7507%,32.1142%,0.007573,ARMK,14329.0,2019-02-19,252.0,2.5157%,-0.001,0.938,0.318,0.1258,1.4420%,1.7452%,31.7357%,0.022126,ARMK,14329.0,2019-02-20,252.0,-0.0920%,-0.001,0.9384,0.3245,0.1286,1.4397%,1.7437%,31.8282%,-0.004194,ARMK,14329.0,2019-02-21,252.0,0.5527%,-0.0009,0.9341,0.3181,0.1207,1.4408%,1.7423%,31.6164%,0.009421,ARMK,14329.0,2019-02-22,252.0,-1.4656%,-0.001,0.9372,0.3075,0.1483,1.4458%,1.7444%,31.3050%,-0.020804,ARMK,14329.0,2019-02-25,252.0,-0.2479%,-0.001,0.9368,0.3081,0.1472,1.4457%,1.7443%,31.3040%,-0.0029189999999999,ARMK,14329.0,2019-02-26,252.0,-1.7086%,-0.0011,0.9354,0.3265,0.1554,1.4472%,1.7430%,31.0645%,-0.0132299999999999,ARMK,-0.052745,-0.038455,-0.039226,-0.009527,-0.041253
24107,AMTECH SYSTEMS INC,"Roth Capital Assumes Amtech Systems at Neutral, Announces Price Target $5.50",6,uncertain,0.6,0.2,"the neutral rating from roth capital suggests a lack of strong positive or negative sentiment, making the impact on the stock price uncertain.",1,2019-02-11,ASYS,2019-02-11 13:48:00+00:00,65008.0,03233250,-0.0699029341340065,66420.0,0.0229645371437072,0.0,-0.006122491788119,-0.0134099042043089,-0.0061601097695529,-0.0019120896467939,0.0123966820538044,-0.0019083496881648,0.0142856519669294,0.0174756646156311,0.0181086827069521,0.0238568354398012,-0.023715391755104,0.0,-0.006072917021811,0.0545073859393596,-0.0101832412183284,0.0042105223983526,-0.0020576601382344,0.0,0.0185567326843738,0.0281385537236928,-0.0323886312544345,-0.0375000610947608,0.0125522883608937,0.0191083122044801,-0.0041322275064885,0.0021277084015309,-0.0103734834119677,0.0173160005360841,-0.0041928682476282,0.0065358891151845,0.0042105223983526,0.0021834562066942,0.020964341238141,-0.0213675014674663,0.0061602075584232,-0.0147368786856532,0.00612239446491,-0.0145228570327162,0.0202840529382228,0.0168777219951152,0.0,0.0085106305778026,0.0357852540910244,-0.0063425390981137,0.0134357335045933,0.0172042846679687,0.0151514997705817,-0.0210526119917631,0.0018656253814697,-0.0266393665224313,-0.0297951307147741,0.077262669801712,0.0019193382468074,-0.0087527269497513,0.0019157527713105,0.0133037557825446,0.0191204398870468,0.0273349359631538,0.0037523417267948,0.0893299356102943,-0.0112149426713585,-0.053990613669157,0.0075614294037222,-0.0637362524867057,0.0112570254132151,0.0411900021135807,0.0278293322771787,-0.0721868649125099,0.014440419152379,0.0172786004841327,0.1192170977592468,0.0427928045392036,0.060413371771574,-0.0788381919264793,-0.0269865524023771,-0.0801526010036468,-0.0215716287493705,0.0376236774027347,0.02992126904428,0.0,-0.0061162021011114,-0.0136718153953552,0.0430769547820091,-0.0096712168306112,-0.0014749600086361,-0.0263653229922056,0.0295420698821544,-0.0056180167011916,-0.0387374460697174,-0.0290908813476562,-0.0104477163404226,-0.0125673552975058,0.004524846561253,-0.0124112935736775,-0.0225224662572145,-0.0087873796001076,-0.0092166541144251,0.0307971145957708,-0.0062015447765588,-0.0071942377835512,-0.0109203895553946,0.0164534114301204,0.009463713504374,0.0478927232325077,0.0343749672174453,0.0116278966888785,-0.0166162624955177,-0.0264151580631732,0.0138248344883322,0.0018904024036601,0.0196969881653785,0.0392926931381225,-0.002971765352413,0.0180000308901071,0.0044708992354571,0.0224949158728122,-0.0163204241544008,0.0124223483726382,0.0229645371437072,0.0,0.0167014451655078,-0.0134099042043089,0.0104384526604253,-0.0152963529121092,0.037578252241559,-6.7832595096462e-10,0.0125260843211421,0.0842105463407649,0.1127348583221869,0.1731207871428008,0.3841336453267796,0.0662526319887879,2019-02-12,2019-02-13,2019-02-14,2019-02-15,2019-02-19,2019-02-20,2019-02-21,2019-02-22,2019-02-25,2019-02-26,65008.0,2019-02-11,252.0,-6.9903%,-0.0018,1.2047,0.8251,0.7314,3.2017%,3.4280%,12.7658%,-0.079596,ASYS,65008.0,2019-02-12,252.0,2.2965%,-0.0017,1.2243,0.8069,0.7446,3.1983%,3.4306%,13.0851%,0.007559,ASYS,65008.0,2019-02-13,252.0,-0.6122%,-0.0017,1.2304,0.7929,0.74,3.1972%,3.4306%,13.1452%,-0.010656,ASYS,65008.0,2019-02-14,252.0,-0.6160%,-0.0015,1.2334,0.7932,0.7353,3.1882%,3.4235%,13.2726%,-0.003507,ASYS,65008.0,2019-02-15,252.0,1.2397%,-0.0015,1.2435,0.8018,0.7511,3.1866%,3.4243%,13.3972%,-0.007153,ASYS,65008.0,2019-02-19,252.0,1.4286%,-0.0015,1.2439,0.8091,0.7593,3.1870%,3.4246%,13.3957%,0.007244,ASYS,65008.0,2019-02-20,252.0,1.8109%,-0.0012,1.2512,0.8446,0.7902,3.1754%,3.4176%,13.6717%,0.009689,ASYS,65008.0,2019-02-21,252.0,-2.3715%,-0.0014,1.2694,0.8783,0.8237,3.1665%,3.4160%,14.0752%,-0.016777,ASYS,65008.0,2019-02-22,252.0,-0.6073%,-0.0013,1.2677,0.9433,0.8626,3.1515%,3.4041%,14.2908%,-0.007146,ASYS,65008.0,2019-02-25,252.0,-1.0183%,-0.0012,1.2658,0.9448,0.8564,3.1501%,3.4024%,14.2810%,-0.00818,ASYS,65008.0,2019-02-26,252.0,-0.2058%,-0.0012,1.2647,0.932,0.849,3.1507%,3.4014%,14.1979%,0.00874,ASYS,-0.072037,-0.082693,-0.0862,-0.086109,-0.099783
24115,ACTIVISION BLIZZARD INC,"Activision Blizzard shares are trading lower; Analysts tell Benzinga weakness may due to the success of competitor EA's 'Apex' battle royale title, with one analyst saying the market sees Activision as having 'missed the boat' on battle royale games.",6,decrease,0.8,0.7,"the news indicates that activision blizzard is perceived to be lagging behind competitors in the popular battle royale genre, which could lead to a decline in investor confidence and stock price.",0,2019-02-11,ATVI,2019-02-11 18:33:00+00:00,79678.0,00507V10,-0.0760193318128585,44880472.0,0.0388929843902587,-0.0125113567337393,0.0695944726467132,0.0223255604505538,0.0192955043166875,-0.1011705696582794,-0.0182699058204889,0.0226592868566513,-0.0026905590202659,0.016735503450036,-0.0382194407284259,-0.0260373260825872,-0.0205702967941761,0.0200820621103048,-0.0095465751364827,0.0126831801608204,0.011084315367043,-0.0216089449822902,0.0028599321376532,-0.0221756808459758,-0.006891656666994,0.011212158948183,0.0083751725032925,0.0271621029824018,0.0166113134473562,-0.0220994669944047,-0.0245097856968641,-0.0326824262738227,0.0021536289714276,0.0268045682460069,0.0162368733435869,0.005304476711899,-0.0267857890576124,0.0061913090758025,0.0147272003814578,-0.0095157697796821,0.0211753379553556,0.0161151699721813,-0.0067566893994808,-0.0936708450317382,0.0250996872782707,0.0102301128208637,-0.0086956769227981,0.0172103382647037,0.0302401054650545,0.0303093027323484,0.0076181972399353,0.0281959269195795,0.032243650406599,0.0399029441177845,-0.0056009981781244,-0.0355092100799083,0.0528595894575119,0.0098775839433074,-0.0355966985225677,-0.0049145203083753,0.0023469300940632,-0.0051020765677094,-0.0117070935666561,0.01335637178272,-0.0116304075345397,0.0552397444844245,0.002196802990511,-0.0405669994652271,-0.0019728222396224,-0.0255047995597124,0.0349220335483551,0.0155406296253204,0.0072156232781708,-0.020921342074871,0.0040034228004515,0.0050976602360606,-0.0144806383177638,-0.0140313748270273,0.0070272963494062,-0.015666838735342,0.0059208874590694,0.0012383396970108,-0.0117721538990736,0.0051867216825485,0.018081309273839,0.0066833687014877,-0.0144171006977558,0.0137624712660908,0.0023320037871599,-0.0191069971770048,-0.0323603823781013,0.0350387170910835,-0.0150819374248385,-0.0017166957259178,-0.0017754511209204,-0.0657578706741333,0.0073366346769034,-0.0509893484413623,0.0006620785570703,0.0301842596381902,0.0258049890398979,0.005320206284523,0.0051602167077362,-0.0031427980866283,0.0141176441684365,0.0171828288584947,0.0156085565686225,-0.0157325323671102,0.0051921079866588,0.0322777144610881,-0.0039256699383258,0.0024419806431978,0.0072599523700773,-0.0353356748819351,0.0203871056437492,-0.0489171519875526,-0.048435878008604,0.0379845537245273,0.0214209612458944,-0.0180780366063118,-0.0307308882474899,-0.0248654689639806,0.0029991299379616,-0.0203599166125059,0.0388929843902587,-0.0125113567337393,0.1111941937752689,0.0095348806657369,0.1326352461379378,-0.0926003383011188,0.1089503609964002,-0.0565094197285497,0.0491149677408104,-0.0918409877747329,0.1575666869105101,-0.0648427035223977,0.1767780110955323,-0.2108707286224537,2019-02-12,2019-02-13,2019-02-14,2019-02-15,2019-02-19,2019-02-20,2019-02-21,2019-02-22,2019-02-25,2019-02-26,79678.0,2019-02-11,252.0,-7.6019%,-0.0024,1.0069,0.0432,-1.1105,2.0498%,2.5332%,34.5235%,-0.075928,ATVI,79678.0,2019-02-12,252.0,3.8893%,-0.0024,1.0148,0.0518,-1.108,2.0552%,2.5427%,34.6663%,0.0232019999999999,ATVI,79678.0,2019-02-13,252.0,6.9594%,-0.0021,1.0235,0.0654,-1.0887,2.1015%,2.5788%,33.5905%,0.067397,ATVI,79678.0,2019-02-14,252.0,1.9296%,-0.002,1.0201,0.0748,-1.0999,2.1035%,2.5820%,33.6277%,0.014691,ATVI,79678.0,2019-02-15,252.0,-1.8270%,-0.0022,0.9922,0.0472,-1.1485,2.1059%,2.5793%,33.3392%,-0.024805,ATVI,79678.0,2019-02-19,252.0,-0.2691%,-0.0022,0.9871,0.055,-1.1393,2.1033%,2.5698%,33.0110%,-0.001367,ATVI,79678.0,2019-02-20,252.0,-3.8219%,-0.0023,0.9803,0.0493,-1.161,2.1085%,2.5760%,33.0033%,-0.03405,ATVI,79678.0,2019-02-21,252.0,-2.0570%,-0.0024,0.9898,0.0648,-1.1436,2.1092%,2.5778%,33.0564%,-0.019679,ATVI,79678.0,2019-02-22,252.0,-0.9547%,-0.0025,0.9942,0.0579,-1.0964,2.1179%,2.5779%,32.5060%,-0.033247,ATVI,79678.0,2019-02-25,252.0,1.1084%,-0.0024,0.9927,0.0514,-1.1054,2.1174%,2.5786%,32.5754%,0.00767,ATVI,79678.0,2019-02-26,252.0,0.2860%,-0.0025,0.9782,0.0605,-1.1116,2.1125%,2.5671%,32.2781%,0.001029,ATVI,-0.052726,0.0146709999999999,0.0293619999999999,0.0031899999999999,-0.075087
24123,ACTIVISION BLIZZARD INC,Activision Blizzard Option Alert: Fri $45 Puts Sweep (16) near the Bid: 504 @ $5.0 vs 10270 OI; Earnings 2/12 After Close Ref=$40.55,6,decrease,0.7,0.6,"the significant put option activity suggests that investors are anticipating a decline in activision blizzard's stock price ahead of earnings, indicating bearish sentiment.",0,2019-02-11,ATVI,2019-02-11 18:02:00+00:00,79678.0,00507V10,-0.0760193318128585,44880472.0,0.0388929843902587,-0.0125113567337393,0.0695944726467132,0.0223255604505538,0.0192955043166875,-0.1011705696582794,-0.0182699058204889,0.0226592868566513,-0.0026905590202659,0.016735503450036,-0.0382194407284259,-0.0260373260825872,-0.0205702967941761,0.0200820621103048,-0.0095465751364827,0.0126831801608204,0.011084315367043,-0.0216089449822902,0.0028599321376532,-0.0221756808459758,-0.006891656666994,0.011212158948183,0.0083751725032925,0.0271621029824018,0.0166113134473562,-0.0220994669944047,-0.0245097856968641,-0.0326824262738227,0.0021536289714276,0.0268045682460069,0.0162368733435869,0.005304476711899,-0.0267857890576124,0.0061913090758025,0.0147272003814578,-0.0095157697796821,0.0211753379553556,0.0161151699721813,-0.0067566893994808,-0.0936708450317382,0.0250996872782707,0.0102301128208637,-0.0086956769227981,0.0172103382647037,0.0302401054650545,0.0303093027323484,0.0076181972399353,0.0281959269195795,0.032243650406599,0.0399029441177845,-0.0056009981781244,-0.0355092100799083,0.0528595894575119,0.0098775839433074,-0.0355966985225677,-0.0049145203083753,0.0023469300940632,-0.0051020765677094,-0.0117070935666561,0.01335637178272,-0.0116304075345397,0.0552397444844245,0.002196802990511,-0.0405669994652271,-0.0019728222396224,-0.0255047995597124,0.0349220335483551,0.0155406296253204,0.0072156232781708,-0.020921342074871,0.0040034228004515,0.0050976602360606,-0.0144806383177638,-0.0140313748270273,0.0070272963494062,-0.015666838735342,0.0059208874590694,0.0012383396970108,-0.0117721538990736,0.0051867216825485,0.018081309273839,0.0066833687014877,-0.0144171006977558,0.0137624712660908,0.0023320037871599,-0.0191069971770048,-0.0323603823781013,0.0350387170910835,-0.0150819374248385,-0.0017166957259178,-0.0017754511209204,-0.0657578706741333,0.0073366346769034,-0.0509893484413623,0.0006620785570703,0.0301842596381902,0.0258049890398979,0.005320206284523,0.0051602167077362,-0.0031427980866283,0.0141176441684365,0.0171828288584947,0.0156085565686225,-0.0157325323671102,0.0051921079866588,0.0322777144610881,-0.0039256699383258,0.0024419806431978,0.0072599523700773,-0.0353356748819351,0.0203871056437492,-0.0489171519875526,-0.048435878008604,0.0379845537245273,0.0214209612458944,-0.0180780366063118,-0.0307308882474899,-0.0248654689639806,0.0029991299379616,-0.0203599166125059,0.0388929843902587,-0.0125113567337393,0.1111941937752689,0.0095348806657369,0.1326352461379378,-0.0926003383011188,0.1089503609964002,-0.0565094197285497,0.0491149677408104,-0.0918409877747329,0.1575666869105101,-0.0648427035223977,0.1767780110955323,-0.2108707286224537,2019-02-12,2019-02-13,2019-02-14,2019-02-15,2019-02-19,2019-02-20,2019-02-21,2019-02-22,2019-02-25,2019-02-26,79678.0,2019-02-11,252.0,-7.6019%,-0.0024,1.0069,0.0432,-1.1105,2.0498%,2.5332%,34.5235%,-0.075928,ATVI,79678.0,2019-02-12,252.0,3.8893%,-0.0024,1.0148,0.0518,-1.108,2.0552%,2.5427%,34.6663%,0.0232019999999999,ATVI,79678.0,2019-02-13,252.0,6.9594%,-0.0021,1.0235,0.0654,-1.0887,2.1015%,2.5788%,33.5905%,0.067397,ATVI,79678.0,2019-02-14,252.0,1.9296%,-0.002,1.0201,0.0748,-1.0999,2.1035%,2.5820%,33.6277%,0.014691,ATVI,79678.0,2019-02-15,252.0,-1.8270%,-0.0022,0.9922,0.0472,-1.1485,2.1059%,2.5793%,33.3392%,-0.024805,ATVI,79678.0,2019-02-19,252.0,-0.2691%,-0.0022,0.9871,0.055,-1.1393,2.1033%,2.5698%,33.0110%,-0.001367,ATVI,79678.0,2019-02-20,252.0,-3.8219%,-0.0023,0.9803,0.0493,-1.161,2.1085%,2.5760%,33.0033%,-0.03405,ATVI,79678.0,2019-02-21,252.0,-2.0570%,-0.0024,0.9898,0.0648,-1.1436,2.1092%,2.5778%,33.0564%,-0.019679,ATVI,79678.0,2019-02-22,252.0,-0.9547%,-0.0025,0.9942,0.0579,-1.0964,2.1179%,2.5779%,32.5060%,-0.033247,ATVI,79678.0,2019-02-25,252.0,1.1084%,-0.0024,0.9927,0.0514,-1.1054,2.1174%,2.5786%,32.5754%,0.00767,ATVI,79678.0,2019-02-26,252.0,0.2860%,-0.0025,0.9782,0.0605,-1.1116,2.1125%,2.5671%,32.2781%,0.001029,ATVI,-0.052726,0.0146709999999999,0.0293619999999999,0.0031899999999999,-0.075087
24131,AVIAT NETWORKS INC,Aviat Networks Sees FY19 Sales $250M-$255M,6,uncertain,0.6,0.3,"while the projected sales figure provides insight into the company's performance, it lacks context regarding market expectations and overall financial health, making the impact on stock price uncertain.",1,2019-02-11,AVNW,2019-02-11 21:02:00+00:00,91836.0,05366Y20,-0.0280000045895576,15660.0,0.0720164775848388,0.0204081758856773,-0.0083173457533121,-0.0080971587449312,-0.0258064270019531,0.0020283795893192,-0.0225165653973817,0.0963676944375038,0.0101625751703977,0.0211960431188345,-0.0355465970933437,-0.0178438499569892,0.022948533296585,-0.0110294539481401,-0.0244731232523918,-0.0065740835852921,-0.0195122417062521,-0.0186380092054605,-0.004975102841854,-0.0182969905436039,-0.0071428841911256,0.0028228624723851,-0.0143884755671024,-0.00874431617558,0.032846700400114,0.0203426014631986,-0.0106006804853677,-0.0098939500749111,0.0039285933598876,-0.0118715139105916,-0.0081821931526064,0.0243204701691865,-0.0064561837352812,0.0130434306338429,-0.0108303660526871,0.0109890531748533,-0.0116788214072585,-0.0179856121540069,0.0081240516155958,0.0094407517462968,0.0109890531748533,-0.0384077690541744,-0.0166667029261589,0.0156027879565954,-0.0397936590015888,0.0428993999958038,0.0099769849330186,-0.006612726021558,0.007218865212053,-0.0151953725144267,-0.0011316742748022,-0.0328901521861553,-0.0090634357184171,0.078490562736988,0.0274314396083354,0.0621242150664329,-0.0088947769254446,-0.0019999695941805,0.0179641265422105,-0.0015974806156009,-0.0009559182217344,0.0016000366304069,0.0024287917185574,0.0146104143932461,0.1277532875537872,-0.0096462937071919,-0.0234374776482582,-0.0087649887427687,-0.0066666919738054,-0.0528301745653152,0.0114094009622931,-0.0130353961139917,-0.0630391389131546,-0.0285817310214042,0.0148725239560008,-0.0294943880289793,0.0055826883763074,-0.0111179770901799,-0.0229007583111524,-0.0167224779725074,0.0227272510528564,-0.0051018637605011,-0.0166666507720947,6.802703865105286e-06,0.0169491358101368,0.0054644756019115,-0.0201735906302928,-0.0128118395805358,0.0028703843709081,-0.0106737725436687,-0.0282685253769159,0.0260095912963151,0.0276363715529441,-0.0356435626745224,-0.0162774585187435,0.0073071005754172,0.0021583228372037,0.018287044018507,0.0150681911036372,0.0102599570527672,-0.0162589810788631,-0.0375246666371822,-0.0104241194203496,0.0215198174118995,-0.006828973069787,-0.0053511653095483,-0.0035403354559093,-0.0203145742416381,-0.0089997211471199,0.0227882135659456,0.0103703960776329,-0.0267449356615543,-0.0029325485229492,0.0421481914818286,-0.0066176583059132,-0.0469711944460868,0.0022205575369298,0.0221854317933321,0.000738569360692,-0.0332906208932399,0.0720164775848388,0.0204081758856773,0.063100145887518,0.0121457689009052,0.035665329576906,0.0141987847199596,0.0226337427634639,0.1355034009169995,-0.0397805142843934,0.0555946451745545,-0.0672153311033527,0.1980830148042629,-0.070644700634277,-0.0396927020680251,2019-02-12,2019-02-13,2019-02-14,2019-02-15,2019-02-19,2019-02-20,2019-02-21,2019-02-22,2019-02-25,2019-02-26,91836.0,2019-02-11,252.0,-2.8000%,0.0001,0.4705,0.5663,0.1165,2.4385%,2.5026%,5.0591%,-0.032895,AVNW,91836.0,2019-02-12,252.0,7.2016%,0.0001,0.4659,0.62,0.1045,2.4372%,2.5048%,5.3309%,0.065603,AVNW,91836.0,2019-02-13,252.0,-0.8317%,0.0001,0.467,0.6139,0.1009,2.4377%,2.5054%,5.3261%,-0.0101669999999999,AVNW,91836.0,2019-02-14,252.0,-2.5806%,-0.0001,0.4717,0.5979,0.1214,2.4379%,2.5043%,5.2280%,-0.027533,AVNW,91836.0,2019-02-15,252.0,-2.2517%,-0.0002,0.4629,0.5868,0.1028,2.4437%,2.5082%,5.0717%,-0.030024,AVNW,91836.0,2019-02-19,252.0,1.0163%,-0.0004,0.4438,0.6202,0.1421,2.4088%,2.4704%,4.9281%,0.007173,AVNW,91836.0,2019-02-20,252.0,-3.5547%,-0.0005,0.4347,0.6071,0.1116,2.4186%,2.4789%,4.8088%,-0.038636,AVNW,91836.0,2019-02-21,252.0,2.2949%,-0.0004,0.424,0.5909,0.0917,2.4225%,2.4805%,4.6219%,0.025139,AVNW,91836.0,2019-02-22,252.0,-2.4473%,-0.0004,0.4267,0.6216,0.1528,2.4229%,2.4805%,4.5841%,-0.0292309999999999,AVNW,91836.0,2019-02-25,252.0,-1.9512%,-0.0005,0.43,0.6338,0.1715,2.4192%,2.4774%,4.6426%,-0.018361,AVNW,91836.0,2019-02-26,252.0,-0.4975%,-0.0008,0.3954,0.6662,0.162,2.3918%,2.4474%,4.4883%,0.000235,AVNW,0.0327079999999999,0.0225409999999999,-0.004992,-0.027843,-0.088697
24139,AVIAT NETWORKS INC,"Aviat Networks Q2 EPS $0.54 Up From $0.53 YoY, Sales $65.1M Up From $61.723M YoY",6,increase,0.8,0.6,"the increase in both eps and sales year-over-year suggests positive financial performance, which is likely to boost investor confidence and lead to a rise in stock price.",2,2019-02-11,AVNW,2019-02-11 21:02:00+00:00,91836.0,05366Y20,-0.0280000045895576,15660.0,0.0720164775848388,0.0204081758856773,-0.0083173457533121,-0.0080971587449312,-0.0258064270019531,0.0020283795893192,-0.0225165653973817,0.0963676944375038,0.0101625751703977,0.0211960431188345,-0.0355465970933437,-0.0178438499569892,0.022948533296585,-0.0110294539481401,-0.0244731232523918,-0.0065740835852921,-0.0195122417062521,-0.0186380092054605,-0.004975102841854,-0.0182969905436039,-0.0071428841911256,0.0028228624723851,-0.0143884755671024,-0.00874431617558,0.032846700400114,0.0203426014631986,-0.0106006804853677,-0.0098939500749111,0.0039285933598876,-0.0118715139105916,-0.0081821931526064,0.0243204701691865,-0.0064561837352812,0.0130434306338429,-0.0108303660526871,0.0109890531748533,-0.0116788214072585,-0.0179856121540069,0.0081240516155958,0.0094407517462968,0.0109890531748533,-0.0384077690541744,-0.0166667029261589,0.0156027879565954,-0.0397936590015888,0.0428993999958038,0.0099769849330186,-0.006612726021558,0.007218865212053,-0.0151953725144267,-0.0011316742748022,-0.0328901521861553,-0.0090634357184171,0.078490562736988,0.0274314396083354,0.0621242150664329,-0.0088947769254446,-0.0019999695941805,0.0179641265422105,-0.0015974806156009,-0.0009559182217344,0.0016000366304069,0.0024287917185574,0.0146104143932461,0.1277532875537872,-0.0096462937071919,-0.0234374776482582,-0.0087649887427687,-0.0066666919738054,-0.0528301745653152,0.0114094009622931,-0.0130353961139917,-0.0630391389131546,-0.0285817310214042,0.0148725239560008,-0.0294943880289793,0.0055826883763074,-0.0111179770901799,-0.0229007583111524,-0.0167224779725074,0.0227272510528564,-0.0051018637605011,-0.0166666507720947,6.802703865105286e-06,0.0169491358101368,0.0054644756019115,-0.0201735906302928,-0.0128118395805358,0.0028703843709081,-0.0106737725436687,-0.0282685253769159,0.0260095912963151,0.0276363715529441,-0.0356435626745224,-0.0162774585187435,0.0073071005754172,0.0021583228372037,0.018287044018507,0.0150681911036372,0.0102599570527672,-0.0162589810788631,-0.0375246666371822,-0.0104241194203496,0.0215198174118995,-0.006828973069787,-0.0053511653095483,-0.0035403354559093,-0.0203145742416381,-0.0089997211471199,0.0227882135659456,0.0103703960776329,-0.0267449356615543,-0.0029325485229492,0.0421481914818286,-0.0066176583059132,-0.0469711944460868,0.0022205575369298,0.0221854317933321,0.000738569360692,-0.0332906208932399,0.0720164775848388,0.0204081758856773,0.063100145887518,0.0121457689009052,0.035665329576906,0.0141987847199596,0.0226337427634639,0.1355034009169995,-0.0397805142843934,0.0555946451745545,-0.0672153311033527,0.1980830148042629,-0.070644700634277,-0.0396927020680251,2019-02-12,2019-02-13,2019-02-14,2019-02-15,2019-02-19,2019-02-20,2019-02-21,2019-02-22,2019-02-25,2019-02-26,91836.0,2019-02-11,252.0,-2.8000%,0.0001,0.4705,0.5663,0.1165,2.4385%,2.5026%,5.0591%,-0.032895,AVNW,91836.0,2019-02-12,252.0,7.2016%,0.0001,0.4659,0.62,0.1045,2.4372%,2.5048%,5.3309%,0.065603,AVNW,91836.0,2019-02-13,252.0,-0.8317%,0.0001,0.467,0.6139,0.1009,2.4377%,2.5054%,5.3261%,-0.0101669999999999,AVNW,91836.0,2019-02-14,252.0,-2.5806%,-0.0001,0.4717,0.5979,0.1214,2.4379%,2.5043%,5.2280%,-0.027533,AVNW,91836.0,2019-02-15,252.0,-2.2517%,-0.0002,0.4629,0.5868,0.1028,2.4437%,2.5082%,5.0717%,-0.030024,AVNW,91836.0,2019-02-19,252.0,1.0163%,-0.0004,0.4438,0.6202,0.1421,2.4088%,2.4704%,4.9281%,0.007173,AVNW,91836.0,2019-02-20,252.0,-3.5547%,-0.0005,0.4347,0.6071,0.1116,2.4186%,2.4789%,4.8088%,-0.038636,AVNW,91836.0,2019-02-21,252.0,2.2949%,-0.0004,0.424,0.5909,0.0917,2.4225%,2.4805%,4.6219%,0.025139,AVNW,91836.0,2019-02-22,252.0,-2.4473%,-0.0004,0.4267,0.6216,0.1528,2.4229%,2.4805%,4.5841%,-0.0292309999999999,AVNW,91836.0,2019-02-25,252.0,-1.9512%,-0.0005,0.43,0.6338,0.1715,2.4192%,2.4774%,4.6426%,-0.018361,AVNW,91836.0,2019-02-26,252.0,-0.4975%,-0.0008,0.3954,0.6662,0.162,2.3918%,2.4474%,4.4883%,0.000235,AVNW,0.0327079999999999,0.0225409999999999,-0.004992,-0.027843,-0.088697
24147,CREDICORP LTD,"JP Morgan Downgrades Credicorp to Neutral, Raises Price Target to $240",6,decrease,0.7,0.5,"a downgrade to 'neutral' typically signals a less favorable outlook, which may lead to a decrease in stock price despite the raised price target.",0,2019-02-11,BAP,2019-02-11 11:54:00+00:00,82311.0,G2519Y10,-0.0129794273525476,609686.0,0.0153488582000136,0.0090966671705245,4.162123150308616e-05,-0.0378459282219409,-0.0158241149038076,-0.006841370370239,0.0115934908390045,0.0084003219380974,0.0026351215783506,0.0142827797681093,0.0052563282661139,0.0007002148777246,-0.0076357899233698,0.0274227485060691,0.014552735723555,-0.0141020929440856,-0.0033386817667633,0.0131461527198553,4.133377296966501e-05,0.0014393243473023,0.006740849930793,0.0063903210684657,-0.0014377509942278,0.001365095609799,-0.0164136346429586,0.0091265682131052,0.0104140117764473,0.0010342177702113,-0.0151496492326259,-0.0065927193500101,0.011221844702959,0.0062462175264954,-0.018079824745655,0.0094360057264566,-0.002708992222324,-0.0038120201788842,0.0288612674921751,0.0047441315837204,-0.0085392817854881,-0.003080690279603,0.0134393405169248,0.0182018782943487,0.0119062028825283,-0.0050112064927816,0.0069785420782864,0.0032635303214192,0.0101131973788142,-0.007658643182367,-0.005544472951442,0.0261822510510683,-0.0048132725059986,-0.0166924223303794,-0.0154769914224743,0.0215635802596807,-0.0116265257820487,-0.0004509451391641,-0.0064200297929346,0.0095138913020491,0.0037518504541367,0.0081688798964023,-0.0061882445588707,0.0217574760317802,-0.0012536578578874,-0.0019188639707863,0.0040168687701225,-0.012432993389666,0.0108772683888673,0.0024556308053433,0.0022262886632233,0.003393750404939,0.001809902023524,-0.0026891070883721,-0.0002873945340979,-0.0103698708117008,0.0074341706931591,-0.0027454509399831,0.0007746348856016,0.003489735070616,-0.0220800843089819,-0.0154166268184781,0.0065819695591926,0.0232697948813438,-0.0026073122862726,-0.0204820968210697,0.0035269963555037,-0.0061250254511833,-0.0073934285901486,-0.0029188969638198,0.0026069516316056,-0.0064691575244069,-0.009548190049827,0.0221168603748083,-0.004389758221805,-0.0226847827434539,0.0079536456614732,-0.0031099917832762,0.0024873567745089,0.0163460448384285,-0.0020961253903806,-0.0019828174263238,0.0018433260265737,0.0177031774073839,0.0115104941651225,-0.0251710321754217,0.0042302971705794,0.0280842091888189,-0.0020641370210796,-0.0381962843239307,-0.0004220803966745,0.0005307639366947,0.0042229727841913,0.0027054625097662,0.0015559088205918,0.0250034090131521,-0.0030650196131318,-0.0161903277039527,-0.0133928908035159,0.013553898781538,-0.0332536213099956,-0.0161886885762214,0.0153488582000136,0.0090966671705245,0.0153911182698971,-0.029093532864211,-0.0006765474579114,-0.0357358636007472,0.0135729682170619,-0.0137476697619967,0.0224524221912563,0.0143081105561269,0.0180972497080451,0.0996328941625253,-0.0175612593082906,0.0685903108489549,2019-02-12,2019-02-13,2019-02-14,2019-02-15,2019-02-19,2019-02-20,2019-02-21,2019-02-22,2019-02-25,2019-02-26,82311.0,2019-02-11,252.0,-1.2979%,0.0006,0.6347,0.008,0.3292,1.0706%,1.2380%,25.2208%,-0.014754,BAP,82311.0,2019-02-12,252.0,1.5349%,0.0006,0.6381,0.0084,0.3309,1.0714%,1.2402%,25.3659%,0.007176,BAP,82311.0,2019-02-13,252.0,0.0042%,0.0005,0.6342,0.014,0.3313,1.0704%,1.2363%,25.0429%,-0.002082,BAP,82311.0,2019-02-14,252.0,-1.5824%,0.0005,0.6366,0.0064,0.3408,1.0715%,1.2384%,25.1344%,-0.012744,BAP,82311.0,2019-02-15,252.0,1.1593%,0.0005,0.6356,0.0058,0.3395,1.0715%,1.2371%,24.9842%,0.0026479999999999,BAP,82311.0,2019-02-19,252.0,0.2635%,0.0004,0.6342,0.0076,0.3416,1.0711%,1.2356%,24.8506%,0.000292,BAP,82311.0,2019-02-20,252.0,0.5256%,0.0005,0.6366,0.0218,0.3524,1.0633%,1.2297%,25.2344%,0.002056,BAP,82311.0,2019-02-21,252.0,-0.7636%,0.0005,0.6368,0.0212,0.3529,1.0636%,1.2299%,25.2095%,-0.004555,BAP,82311.0,2019-02-22,252.0,1.4553%,0.0005,0.6349,0.018,0.3272,1.0672%,1.2329%,25.0693%,0.015385,BAP,82311.0,2019-02-25,252.0,-0.3339%,0.0005,0.636,0.0213,0.333,1.0660%,1.2321%,25.1513%,-0.003755,BAP,82311.0,2019-02-26,252.0,0.0041%,0.0006,0.6455,0.0097,0.3342,1.0610%,1.2313%,25.7550%,0.002194,BAP,-0.007578,-0.00966,-0.022404,-0.019464,-0.008139
24155,BEASLEY BROADCAST GROUP INC,"Beasley Broadcast Group Q4 EPS $0.08 Misses $0.32 Estimate, Sales $75.569M Beat $71M Estimate",6,decrease,0.7,0.6,"the significant miss in eps estimates is likely to negatively impact investor sentiment, despite the sales beat.",0,2019-02-11,BBGI,2019-02-11 12:14:00+00:00,87589.0,07401410,0.0974999666213989,37731.0,-0.0387243926525116,-0.0291261859238147,0.0568720996379852,-0.0418605357408523,-0.0044843005016446,-0.0205010659992694,-0.0135135008022189,-0.0156951062381267,0.0342465974390506,0.0090497648343443,-0.0132451253011822,-0.0221238732337951,-0.0089485375210642,-0.021645002067089,0.0090293372049927,0.0198674779385328,-0.0313198827207088,-0.0320512019097805,-0.0069283447228372,-0.0157729312777519,-0.0069767925888299,0.0336956977844238,-0.0374706909060478,0.0065644928254187,0.0072992048226296,0.0,0.0048309136182069,-0.0399159751832485,0.0504807792603969,0.0461538508534431,-0.0205948911607265,0.0247748047113418,-0.0046728923916816,-0.0176990982145071,0.0,-0.0699588805437088,0.0375586487352848,0.0362473502755165,-0.0429864376783371,0.0307692009955644,-0.026004759594798,-0.0421052239835262,-0.0097087286412715,0.0348583534359931,-0.0122548323124647,0.0,0.0148883229121565,0.0455581545829772,-0.0293398816138505,0.0733495578169822,-0.0176322255283594,-0.0191846340894699,0.0128204999491572,0.1120000183582306,-0.0354430638253688,0.0623229555785656,0.0052493386901915,0.0498533360660076,0.0365535542368888,0.049230795353651,-0.0251889526844024,-0.1046832203865051,0.0400516875088214,-0.0054794466122984,0.0012578904861584,-0.0688775479793548,-0.0087939910590648,0.0077120745554566,-0.0139416549354791,-0.0126903429627418,-0.0359897427260875,0.0233766641467809,0.048000019043684,-0.0855107232928276,-0.0381679609417915,-0.0366132371127605,0.052910067141056,-0.0500000044703483,-0.0452261455357074,-0.0128755243495106,0.023684250190854,-0.0127118527889251,-0.0205655936151742,-0.0115183880552649,-0.0131233474239707,0.0031512323766946,0.0,-0.0460920929908752,-0.0159574318677187,0.0183672811836004,0.097297266125679,-0.0466925650835037,-0.0394088290631771,-0.0356472916901111,-0.0230769608169794,0.0171756017953157,-0.028871364891529,0.0019119984935969,-0.0243243649601936,0.0019157527713105,-0.0249307248741388,-0.0968858823180198,0.0312500372529029,0.032142911106348,0.0495867282152175,0.0506566576659679,-0.0367453731596469,-0.0361664146184921,0.0463214814662933,-0.0415944159030914,-0.0104166567325592,-0.0102915856987237,-0.0131578827276825,-0.0101867476478219,0.0159999839961528,-0.0166944749653339,-0.0183726865798234,-0.0090984785929322,0.0080213826149702,-0.0480314679443836,-0.0387243926525116,-0.0291261859238147,0.0159453694681195,-0.0697674839178086,0.0113895651381701,-0.0888382421246761,0.0318907403146513,-0.0950226417811149,-0.0205010654695569,-0.1587802542541556,-0.0956719453684143,0.2482022074636869,-0.1304279017831023,-0.3611563404531399,2019-02-12,2019-02-13,2019-02-14,2019-02-15,2019-02-19,2019-02-20,2019-02-21,2019-02-22,2019-02-25,2019-02-26,87589.0,2019-02-11,252.0,9.7500%,-0.0035,0.5691,2.2095,0.1578,3.6065%,3.8326%,11.4509%,0.082506,BBGI,87589.0,2019-02-12,252.0,-3.8724%,-0.0036,0.5581,2.192,0.1553,3.6145%,3.8358%,11.2073%,-0.046738,BBGI,87589.0,2019-02-13,252.0,5.6872%,-0.0036,0.5388,2.2479,0.1791,3.6122%,3.8375%,11.3965%,0.053785,BBGI,87589.0,2019-02-14,252.0,-0.4484%,-0.0036,0.5428,2.243,0.1819,3.6098%,3.8353%,11.4126%,-0.014103,BBGI,87589.0,2019-02-15,252.0,-1.3514%,-0.0035,0.5575,2.2538,0.2025,3.6056%,3.8335%,11.5403%,-0.0262279999999999,BBGI,87589.0,2019-02-19,252.0,3.4247%,-0.0034,0.5579,2.2797,0.2317,3.6086%,3.8388%,11.6336%,0.025944,BBGI,87589.0,2019-02-20,252.0,-1.3245%,-0.0035,0.5548,2.2805,0.2226,3.6085%,3.8389%,11.6420%,-0.020695,BBGI,87589.0,2019-02-21,252.0,-0.8949%,-0.0034,0.5488,2.2679,0.2116,3.6068%,3.8344%,11.5178%,-0.004888,BBGI,87589.0,2019-02-22,252.0,0.9029%,-0.0032,0.5462,2.3374,0.2442,3.5921%,3.8285%,11.9713%,-0.004001,BBGI,87589.0,2019-02-25,252.0,-3.1320%,-0.0033,0.5488,2.351,0.2607,3.5925%,3.8305%,12.0433%,-0.025722,BBGI,87589.0,2019-02-26,252.0,-0.6928%,-0.0032,0.5541,2.3276,0.2528,3.5924%,3.8295%,12.0004%,0.009756,BBGI,0.035768,0.089553,0.07545,0.075166,0.0296159999999999
24163,BLUEBIRD BIO INC,"Bluebird Bio Announces Chip Baird CFO, Current CFO to Remain with Company in New Role",6,uncertain,0.6,0.2,"while the appointment of a new cfo can signal positive changes in management, the overall impact on stock price is uncertain without additional context on the company's financial health and strategic direction.",1,2019-02-11,BLUE,2019-02-11 11:31:00+00:00,13947.0,09609G10,0.0248565971851348,341071.0,0.0094029437750577,-0.0096947569400072,0.0026615452952682,-0.0289769973605871,-0.0098068267107009,0.0074836579151451,0.0204036459326744,-0.008740265853703,-0.0103626810014247,0.0112901208922267,-0.0160017553716898,0.0089935716241598,-0.0464628636837005,0.0251228399574756,0.032065462321043,0.0541832223534584,0.1415625661611557,-0.0221746694296598,0.0180774554610252,-0.0271957349032163,0.0532041043043136,0.0570893548429012,-0.0343411974608898,0.0255574826151132,0.0092771705240011,-0.0428490936756134,-0.0244478601962328,-0.0374731458723545,-0.0131518319249153,0.0273518320173025,-0.0419043041765689,0.0367153212428093,-0.0318339504301548,0.0111037148162722,-0.0076482640579342,0.0427719429135322,0.0589209273457527,0.003903578966856,-0.0055098128505051,-0.013773638755083,0.0419288985431194,0.0603229478001594,-0.0049891322851181,-0.0301750712096691,0.0426864512264728,0.0002639808226376,-0.0118324169889092,0.0667417719960212,-0.0004481787036638,0.0665799155831337,-0.016143525019288,0.0038190679624676,0.0169292278587818,0.0030242244247347,-0.0610833242535591,0.0212064813822507,-0.0028641447424888,-0.0033856758382171,0.0450690500438213,-0.0145587138831615,-0.034421794116497,0.0839452445507049,0.0370721854269504,-0.0091214720159769,0.0281662363559007,-0.0327696949243545,0.005402598530054,-0.0585384964942932,0.011505926027894,-0.0222372915595769,0.0153124807402491,-0.0109017826616764,-0.0316404998302459,0.0114130992442369,0.0279703084379434,0.0145225757732987,-0.0096469772979617,-0.0540239438414573,-0.0265376213937997,0.0277619119733572,0.0064143682830035,0.026138013228774,-0.018610568717122,-0.0007825670181773,0.0065593570470809,-0.0608175955712795,-0.010774876922369,-0.0422349572181701,0.0045655942521989,-0.0244635064154863,-0.0949876904487609,-0.0519977174699306,-0.0167157035320997,-0.0179798621684312,-0.0112359058111906,0.0279283858835697,0.0263429153710603,-0.0074195163324475,-0.0213530901819467,-0.043590173125267,0.0204231478273868,0.0499427393078804,0.0295176841318607,0.0451822578907012,-0.0139860138297081,0.004297009203583,0.0058865379542112,-0.0254606436938047,-0.0155820818617939,-0.0473910570144653,0.0169030278921127,0.0208502821624279,0.0094380313530564,0.0539960600435733,0.0278397295624017,-0.0315098166465759,-0.0698526501655578,0.005685621406883,-0.0330608561635017,-0.0532732009887695,0.0094029437750577,-0.0096947569400072,0.0120895154310922,-0.0383908293543322,0.0021641289375422,-0.0311944752731536,0.012014929761702,-0.0288197620537371,0.1389551931741195,0.0073189293519106,0.1403731189034585,0.3219087663712623,-0.0112686087642956,0.0349877236906528,2019-02-12,2019-02-13,2019-02-14,2019-02-15,2019-02-19,2019-02-20,2019-02-21,2019-02-22,2019-02-25,2019-02-26,13947.0,2019-02-11,252.0,2.4857%,-0.0017,1.343,1.2006,-0.8484,2.6610%,3.2681%,33.7022%,0.017172,BLUE,13947.0,2019-02-12,252.0,0.9403%,-0.0017,1.3401,1.1977,-0.8493,2.6615%,3.2685%,33.6930%,-0.010644,BLUE,13947.0,2019-02-13,252.0,0.2662%,-0.0018,1.3327,1.2104,-0.847,2.6595%,3.2629%,33.5630%,-0.001315,BLUE,13947.0,2019-02-14,252.0,-0.9807%,-0.0019,1.3362,1.2013,-0.8363,2.6613%,3.2625%,33.4583%,-0.0183149999999999,BLUE,13947.0,2019-02-15,252.0,2.0404%,-0.0019,1.3243,1.1915,-0.8545,2.6586%,3.2558%,33.3235%,0.006216,BLUE,13947.0,2019-02-19,252.0,-1.0363%,-0.0019,1.3254,1.1792,-0.8684,2.6587%,3.2560%,33.3229%,-0.013871,BLUE,13947.0,2019-02-20,252.0,-1.6002%,-0.0021,1.3194,1.1566,-0.8922,2.6568%,3.2538%,33.3290%,-0.0164379999999999,BLUE,13947.0,2019-02-21,252.0,-4.6463%,-0.0022,1.3199,1.1486,-0.891,2.6647%,3.2585%,33.1262%,-0.042924,BLUE,13947.0,2019-02-22,252.0,3.2065%,-0.0022,1.3195,1.136,-0.9067,2.6642%,3.2646%,33.4012%,0.003972,BLUE,13947.0,2019-02-25,252.0,14.1563%,-0.0015,1.315,1.0612,-0.9623,2.8044%,3.3813%,31.2130%,0.140805,BLUE,13947.0,2019-02-26,252.0,1.8077%,-0.0014,1.3051,1.0358,-0.9826,2.8084%,3.3797%,30.9527%,0.023698,BLUE,0.0065279999999999,0.0052129999999999,-0.0131019999999999,-0.0207569999999999,0.088356
24171,BRISTOL MYERS SQUIBB CO,Bristol-Myers Squibb Reports Opdivo Plus Low-Dose Yervoy Demonstrated Continued Survival Benefit At 30-Month Follow-up In Patients With Previously Untreated Advanced Or Metastatic Renal Cell Carcinoma,6,increase,0.8,0.7,"the reported continued survival benefit of opdivo plus low-dose yervoy in treating advanced or metastatic renal cell carcinoma is likely to be viewed positively by investors, potentially leading to an increase in stock price.",2,2019-02-11,BMY,2019-02-11 22:01:00+00:00,19393.0,11012210,-0.0023895408958196,14105576.0,-0.0077844192273914,0.0033966430928558,0.0255481898784637,-0.0213140435516834,-0.0029422855004668,0.0197407342493534,0.0165256019681692,-0.0137659190222621,-0.0059995660558342,0.0192423146218061,-0.0011682510375976,0.010532721877098,-0.0228069815784692,0.0104379514232277,0.0169558841735124,0.0111755160614848,-0.0064730877056717,0.0,-0.0096742678433656,-0.0124668013304472,0.0159489475190639,-0.001835988368839,0.0137362787500023,-0.0188150256872177,0.0301974713802337,0.0048269880935549,-0.0031943251378834,-0.0079808002337813,0.0141376061365008,0.0104838805273175,-0.0169144961982965,0.0095664029940962,-0.0260919090360403,-0.0118664549663662,-0.0023296240251511,0.0364811345934867,-0.0095348879694938,-0.0004167630104348,-0.0102161187678575,0.0056580146774649,0.011710999533534,0.0114455474540591,-0.0211889706552028,-0.0168785452842712,0.0014030806487426,-0.0086758555844426,-0.0020015707705169,0.0324163027107715,-0.005214643664658,0.0392287336289882,-0.0082661258056759,-0.1316040754318237,-0.0054889298044145,0.0086571909487247,-0.0155355343595147,0.0204161945730447,-0.0139119224622845,0.0105137629434466,0.0178984720259904,0.0075954641215503,-0.0074472613632678,0.0260459501296281,-0.00291786971502,-0.0212766230106353,-0.0027174137067049,-0.0047942805103957,-0.0129951573908329,-0.0065488792024552,-0.0082820001989603,-0.0226920470595359,0.0038543962873518,0.0125687988474965,0.0042661493644118,-0.0230238065123558,-0.0006427851039916,-0.0283370707184076,0.0032161562703549,0.0037425293121486,-0.0173114202916622,0.0192637480795383,-0.0019573760218918,-0.002852824749425,0.0043582646176218,-0.0094197439029812,-0.0112822838127613,-0.0031924538780003,0.0204081702977418,0.023448035120964,-0.0103225708007812,-0.0234609618782997,-0.0047805565409362,-0.0033670091070234,-0.0061135105788707,0.031648002564907,-0.0061511155217885,-0.0034615444019436,0.0017683026380836,0.0166177600622177,-0.0154457362368702,-0.0299639292061328,0.0228597149252891,-0.0037785898894071,0.0054776514880359,-0.0050751962698996,0.0093702403828501,-0.005979067645967,0.0023747973609715,0.0007479602936655,0.0032307025976479,-0.0109117841348052,0.0064405156299471,0.0150178195908665,0.0371159948408603,0.0129302209243178,-0.0106951966881752,0.0,-0.0182951614260673,-0.004919552244246,0.0048708077520132,-0.0101142711937427,-0.0077844192273914,0.0033966430928558,0.0175648928305574,-0.0179897966576382,0.0145709264005979,0.0013958057966967,0.0251497453113918,0.0066145875036709,0.001197634581741,0.0263642117323892,-0.0351297077266716,0.0129191504317887,-0.0445737590408094,-0.0508270357970938,2019-02-12,2019-02-13,2019-02-14,2019-02-15,2019-02-19,2019-02-20,2019-02-21,2019-02-22,2019-02-25,2019-02-26,19393.0,2019-02-11,252.0,-0.2390%,-0.0008,0.913,-0.1997,0.0856,1.5692%,1.8373%,27.0563%,-0.002889,BMY,19393.0,2019-02-12,252.0,-0.7784%,-0.0009,0.9104,-0.2103,0.0861,1.5718%,1.8378%,26.8557%,-0.020116,BMY,19393.0,2019-02-13,252.0,2.5548%,-0.0008,0.9163,-0.2106,0.0919,1.5786%,1.8445%,26.7541%,0.022965,BMY,19393.0,2019-02-14,252.0,-0.2942%,-0.0008,0.9153,-0.2103,0.0925,1.5775%,1.8431%,26.7425%,0.0005099999999999,BMY,19393.0,2019-02-15,252.0,1.6526%,-0.0008,0.9116,-0.2129,0.0874,1.5768%,1.8401%,26.5699%,0.0061639999999999,BMY,19393.0,2019-02-19,252.0,-0.6000%,-0.001,0.8958,-0.1969,0.1068,1.5507%,1.8057%,26.2551%,-0.007476,BMY,19393.0,2019-02-20,252.0,-0.1168%,-0.001,0.8952,-0.1988,0.1043,1.5507%,1.8057%,26.2505%,-0.003125,BMY,19393.0,2019-02-21,252.0,-2.2807%,-0.001,0.8932,-0.2069,0.1008,1.5513%,1.8055%,26.1798%,-0.019494,BMY,19393.0,2019-02-22,252.0,1.6956%,-0.0009,0.8907,-0.1955,0.082,1.5535%,1.8076%,26.1368%,0.01367,BMY,19393.0,2019-02-25,252.0,-0.6473%,-0.0009,0.8899,-0.1927,0.0803,1.5534%,1.8072%,26.1133%,-0.00827,BMY,19393.0,2019-02-26,252.0,-0.9674%,-0.001,0.8813,-0.1728,0.0839,1.5505%,1.7972%,25.5706%,-0.009319,BMY,-0.023005,-4.000000000000184e-05,0.0004699999999999,-0.000842,-0.02738
24179,BRISTOL MYERS SQUIBB CO,Bristol-Myers' Sprycel Approved by the European Commission in Combination with Chemotherapy for Treatment of Pediatric Patients with Newly Diagnosed Philadelphia Chromosome-Positive Acute Lymphoblastic Leukemia,6,increase,0.8,0.6,"the approval of sprycel for pediatric patients represents a significant expansion of bristol-myers squibb's market potential, likely leading to increased investor confidence and a positive impact on stock price.",2,2019-02-11,BMY,2019-02-11 11:59:00+00:00,19393.0,11012210,-0.0023895408958196,14105576.0,-0.0077844192273914,0.0033966430928558,0.0255481898784637,-0.0213140435516834,-0.0029422855004668,0.0197407342493534,0.0165256019681692,-0.0137659190222621,-0.0059995660558342,0.0192423146218061,-0.0011682510375976,0.010532721877098,-0.0228069815784692,0.0104379514232277,0.0169558841735124,0.0111755160614848,-0.0064730877056717,0.0,-0.0096742678433656,-0.0124668013304472,0.0159489475190639,-0.001835988368839,0.0137362787500023,-0.0188150256872177,0.0301974713802337,0.0048269880935549,-0.0031943251378834,-0.0079808002337813,0.0141376061365008,0.0104838805273175,-0.0169144961982965,0.0095664029940962,-0.0260919090360403,-0.0118664549663662,-0.0023296240251511,0.0364811345934867,-0.0095348879694938,-0.0004167630104348,-0.0102161187678575,0.0056580146774649,0.011710999533534,0.0114455474540591,-0.0211889706552028,-0.0168785452842712,0.0014030806487426,-0.0086758555844426,-0.0020015707705169,0.0324163027107715,-0.005214643664658,0.0392287336289882,-0.0082661258056759,-0.1316040754318237,-0.0054889298044145,0.0086571909487247,-0.0155355343595147,0.0204161945730447,-0.0139119224622845,0.0105137629434466,0.0178984720259904,0.0075954641215503,-0.0074472613632678,0.0260459501296281,-0.00291786971502,-0.0212766230106353,-0.0027174137067049,-0.0047942805103957,-0.0129951573908329,-0.0065488792024552,-0.0082820001989603,-0.0226920470595359,0.0038543962873518,0.0125687988474965,0.0042661493644118,-0.0230238065123558,-0.0006427851039916,-0.0283370707184076,0.0032161562703549,0.0037425293121486,-0.0173114202916622,0.0192637480795383,-0.0019573760218918,-0.002852824749425,0.0043582646176218,-0.0094197439029812,-0.0112822838127613,-0.0031924538780003,0.0204081702977418,0.023448035120964,-0.0103225708007812,-0.0234609618782997,-0.0047805565409362,-0.0033670091070234,-0.0061135105788707,0.031648002564907,-0.0061511155217885,-0.0034615444019436,0.0017683026380836,0.0166177600622177,-0.0154457362368702,-0.0299639292061328,0.0228597149252891,-0.0037785898894071,0.0054776514880359,-0.0050751962698996,0.0093702403828501,-0.005979067645967,0.0023747973609715,0.0007479602936655,0.0032307025976479,-0.0109117841348052,0.0064405156299471,0.0150178195908665,0.0371159948408603,0.0129302209243178,-0.0106951966881752,0.0,-0.0182951614260673,-0.004919552244246,0.0048708077520132,-0.0101142711937427,-0.0077844192273914,0.0033966430928558,0.0175648928305574,-0.0179897966576382,0.0145709264005979,0.0013958057966967,0.0251497453113918,0.0066145875036709,0.001197634581741,0.0263642117323892,-0.0351297077266716,0.0129191504317887,-0.0445737590408094,-0.0508270357970938,2019-02-12,2019-02-13,2019-02-14,2019-02-15,2019-02-19,2019-02-20,2019-02-21,2019-02-22,2019-02-25,2019-02-26,19393.0,2019-02-11,252.0,-0.2390%,-0.0008,0.913,-0.1997,0.0856,1.5692%,1.8373%,27.0563%,-0.002889,BMY,19393.0,2019-02-12,252.0,-0.7784%,-0.0009,0.9104,-0.2103,0.0861,1.5718%,1.8378%,26.8557%,-0.020116,BMY,19393.0,2019-02-13,252.0,2.5548%,-0.0008,0.9163,-0.2106,0.0919,1.5786%,1.8445%,26.7541%,0.022965,BMY,19393.0,2019-02-14,252.0,-0.2942%,-0.0008,0.9153,-0.2103,0.0925,1.5775%,1.8431%,26.7425%,0.0005099999999999,BMY,19393.0,2019-02-15,252.0,1.6526%,-0.0008,0.9116,-0.2129,0.0874,1.5768%,1.8401%,26.5699%,0.0061639999999999,BMY,19393.0,2019-02-19,252.0,-0.6000%,-0.001,0.8958,-0.1969,0.1068,1.5507%,1.8057%,26.2551%,-0.007476,BMY,19393.0,2019-02-20,252.0,-0.1168%,-0.001,0.8952,-0.1988,0.1043,1.5507%,1.8057%,26.2505%,-0.003125,BMY,19393.0,2019-02-21,252.0,-2.2807%,-0.001,0.8932,-0.2069,0.1008,1.5513%,1.8055%,26.1798%,-0.019494,BMY,19393.0,2019-02-22,252.0,1.6956%,-0.0009,0.8907,-0.1955,0.082,1.5535%,1.8076%,26.1368%,0.01367,BMY,19393.0,2019-02-25,252.0,-0.6473%,-0.0009,0.8899,-0.1927,0.0803,1.5534%,1.8072%,26.1133%,-0.00827,BMY,19393.0,2019-02-26,252.0,-0.9674%,-0.001,0.8813,-0.1728,0.0839,1.5505%,1.7972%,25.5706%,-0.009319,BMY,-0.023005,-4.000000000000184e-05,0.0004699999999999,-0.000842,-0.02738
24187,B P PLC,BP CEO Dudley Says Expects Oil Prices In $50-$65/Barrel Range Over Next Year,6,uncertain,0.6,0.3,"while the expectation of stable oil prices may provide some reassurance to investors, the actual impact on bp plc's stock price will depend on broader market conditions and investor sentiment.",1,2019-02-11,BP,2019-02-11 15:06:00+00:00,29890.0,05562210,-0.0065898466855287,4730913.0,0.004975102841854,-0.0049180113710463,0.0051862620748579,-0.0078996317461133,-0.0036350949667394,0.0051378146745264,0.0100310957059264,0.0345494151115417,0.0021281661465764,0.0012094639241695,0.0023595674429088,0.0053502242080867,-0.004472660832107,0.0110646858811378,0.0040198196657001,0.0116914771497249,0.0011775610037148,0.0159211792051792,0.0002352890296606,-0.0134629998356103,0.0075258631259202,0.0,-0.0044350754469633,-0.000249210424954,-0.0016412589466199,0.0009979315800592,0.0014090548502281,-0.0166829377412796,0.0023452695459127,0.0156989097595214,-0.0009359128307551,0.0002493055071681,-0.0016393370460718,-0.0029821754433214,-0.008913935162127,-0.0044531542807817,0.0018935344414785,0.0044730734080076,0.0030710429418832,-0.0113021889701485,0.0322657264769077,0.0084241861477494,0.0027378262020647,0.0082438634708523,-0.0018202918581664,-0.0032370784319937,0.0084340721368789,0.0032475912012159,0.005198904313147,0.031435128301382,0.0013491692952811,0.0057009905576705,0.0,0.0176688302308321,-0.0130248824134469,-0.00550755020231,-0.009556358680129,0.0106016835197806,0.0066620935685932,-0.0086705684661865,-0.0052487342618405,0.0384720265865325,0.0009176626335829,-0.0270771626383066,0.0020628042984753,0.0110037541016936,0.0084629217162728,-0.0103586502373218,0.0031753093935549,-0.0044949278235435,0.0,-0.0153605872765183,-0.0018086822237819,-0.0064666322432458,0.0086069591343402,-0.0160346403717994,0.0157197564840316,0.0061460100114345,-0.0053061656653881,-0.0007677224348299,0.0011113410582765,-0.0073659410700201,-0.0037744666915386,-0.0035433913581073,-0.0044573382474482,-0.0020207585766911,0.0,-0.0332112461328506,-0.0042533832602202,-0.0058266054838895,0.0031474684365093,0.0208178479224443,-0.0051546292379498,-0.0032114889472723,0.0146429724991321,-0.0088149020448327,-0.0004440599004738,0.0128968367353081,-0.0197689775377512,-0.0051813246682286,-0.0038522996474057,0.0160441063344478,-0.0147861177101731,-0.0334383584558963,-0.0066959341056644,0.0291771087795496,0.0165039300918579,-0.0200390946120023,-0.0148638859391212,0.0019588153809309,-0.0104457000270485,-0.0077745309099555,0.0105559639632701,0.0205801632255315,-0.0034819294232875,0.0130620561540126,-0.01653853058815,-0.025935836136341,0.0014210696099326,-0.008971937932074,0.004975102841854,-0.0049180113710463,0.0101871671038993,-0.012778792638405,0.0065150408172951,-0.0077066330322189,0.0187750076774075,0.0278181296848414,0.0221404602368733,0.0593368469064048,0.0533912081972876,0.1163951656118484,0.0163710461308859,0.0303103755586802,2019-02-12,2019-02-13,2019-02-14,2019-02-15,2019-02-19,2019-02-20,2019-02-21,2019-02-22,2019-02-25,2019-02-26,29890.0,2019-02-11,252.0,-0.6590%,0.0005,0.8102,-0.0141,0.514,1.1428%,1.3891%,32.3141%,-0.009101,BP,29890.0,2019-02-12,252.0,0.4975%,0.0006,0.821,-0.0322,0.5228,1.1336%,1.3874%,33.2444%,-0.0052669999999999,BP,29890.0,2019-02-13,252.0,0.5186%,0.0006,0.8172,-0.0249,0.5245,1.1322%,1.3826%,32.9423%,0.002441,BP,29890.0,2019-02-14,252.0,-0.3635%,0.0006,0.8175,-0.0244,0.5232,1.1315%,1.3825%,33.0168%,0.001153,BP,29890.0,2019-02-15,252.0,1.0031%,0.0006,0.8146,-0.0273,0.5182,1.1315%,1.3798%,32.7508%,-0.0017569999999999,BP,29890.0,2019-02-19,252.0,0.2128%,0.0006,0.816,-0.0307,0.5142,1.1310%,1.3798%,32.8120%,-0.000995,BP,29890.0,2019-02-20,252.0,0.2360%,0.0006,0.8159,-0.0277,0.5148,1.1302%,1.3793%,32.8566%,-0.002051,BP,29890.0,2019-02-21,252.0,-0.4473%,0.0006,0.8172,-0.0252,0.5172,1.1301%,1.3796%,32.8963%,-0.0003889999999999,BP,29890.0,2019-02-22,252.0,0.4020%,0.0007,0.8156,-0.0031,0.5179,1.1264%,1.3751%,32.9011%,0.00635,BP,29890.0,2019-02-25,252.0,0.1178%,0.0006,0.817,-0.0017,0.5238,1.1239%,1.3737%,33.0603%,0.0007779999999999,BP,29890.0,2019-02-26,252.0,0.0235%,0.0006,0.8109,0.0006,0.5204,1.1225%,1.3672%,32.5937%,0.00316,BP,-0.0143679999999999,-0.0119269999999999,-0.0107739999999999,-0.0135259999999999,-0.0056779999999999
24195,BRUKER CORP,"Bruker shares are trading higher after the company reported Q4 EPS of $0.54, inline with analyst estimates and Q4 sales of $553.6 million, beating the $545.88 million estimate.",6,increase,0.8,0.6,"the positive earnings report, with sales exceeding estimates, is likely to boost investor confidence and drive the stock price higher.",2,2019-02-11,BRKR,2019-02-11 21:51:00+00:00,88504.0,11679410,0.0053763054311275,980198.0,0.057697806507349,-0.0002828379510901,-0.0029271049425005,-0.0078586190938949,-0.0104083102196455,0.0016868533566594,0.0231930091977119,0.0139680113643407,-0.0166050940752029,0.0022857666481286,0.0010720208520069,-0.0017113910289481,-0.0008031802135519,-0.0053900321945548,0.0131297344341874,0.0226283371448516,0.0052895247936248,0.0046633589081466,-0.016574515029788,-0.013229769654572,0.0294274594634771,0.0098751131445169,-0.0070166438817977,0.0055490252561867,0.0201518051326274,-0.0008753655711188,-0.0076962583698332,-0.0072421785444021,-0.0059523694217205,0.0093567157164216,-0.0197864696383476,0.0011709870304912,0.0007967802812345,-0.0058207437396049,-0.0034501345362514,0.0247540064156055,0.0157123878598213,0.0047947214916348,-0.0036706710234284,0.0214264094829559,0.0089473724365234,0.0111419614404439,-0.004955624230206,0.0234400276094675,0.0188728012144565,0.0439814776182174,0.0100334296002984,0.0381050668656826,-0.0007641054689884,0.0304208938032388,-0.0005098255933262,-0.035153541713953,0.0242285337299108,-0.0157877467572689,-0.0512948557734489,0.0223214142024517,0.0005249464302323,0.010409478098154,0.0047219390980899,0.0393076166510582,-0.0101827522739768,0.0483931489288806,0.0113426614552736,-0.0018867636099457,0.0026082021649926,-0.0672298446297645,0.0111862728372216,-0.0346585251390934,-0.0087471101433038,-0.006414602510631,0.0124578131362795,0.0189198888838291,-0.0176877379417419,-0.0409105829894542,0.0023486469872295,-0.0334821790456771,0.0109347039833664,-0.0091626858338713,-0.0046355985105037,0.0098914951086044,0.0093142762780189,0.0038437168113887,0.0020508032757788,0.0202614031732082,0.0127909947186708,-0.0440486744046211,-0.0007577362703159,-0.0282331611961126,-0.0161780379712581,-0.0240000411868095,-0.0192702990025281,0.0184067785739898,0.0,0.0033262684009969,-0.0070735304616391,0.0070036402903497,-0.002374674193561,0.0214618537575006,-0.0087278978899121,-0.0012425319291651,0.0074706184677779,0.007827116176486,0.0193327162414789,0.0044025564566254,-0.0062354290857911,0.0044219642877578,0.0091502871364355,0.0069974334910511,-0.0129533680155873,-0.033507477492094,0.0128609370440244,0.0115049416199326,0.1264576613903046,0.0009336688090115,-0.0018403917783871,-0.015926506370306,-0.0223554093390703,-0.0063907206058502,-0.0023573427461087,-0.0286728106439113,0.057697806507349,-0.0002828379510901,0.0546018140302493,-0.0081392343292622,0.0436251911916216,-0.0064661106673518,0.0500985822460613,0.0097142897847548,0.0520687386899807,0.0163934337247935,0.0790782022150813,0.2744320454866353,0.1923391683681214,0.0458957625913158,2019-02-12,2019-02-13,2019-02-14,2019-02-15,2019-02-19,2019-02-20,2019-02-21,2019-02-22,2019-02-25,2019-02-26,88504.0,2019-02-11,252.0,0.5376%,0.0001,1.002,0.1822,-0.3732,1.3241%,1.7818%,44.7814%,0.00362,BRKR,88504.0,2019-02-12,252.0,5.7698%,0.0005,1.0512,0.1508,-0.3424,1.3204%,1.8054%,46.5066%,0.0433,BRKR,88504.0,2019-02-13,252.0,-0.2927%,0.0004,1.0446,0.1594,-0.3424,1.3187%,1.7977%,46.1933%,-0.005821,BRKR,88504.0,2019-02-14,252.0,-1.0408%,0.0004,1.0481,0.1536,-0.3374,1.3184%,1.7984%,46.2533%,-0.01113,BRKR,88504.0,2019-02-15,252.0,2.3193%,0.0004,1.0421,0.1495,-0.3455,1.3163%,1.7931%,46.1091%,0.012485,BRKR,88504.0,2019-02-19,252.0,-1.6605%,0.0004,1.042,0.133,-0.3641,1.3194%,1.7964%,46.0558%,-0.018082,BRKR,88504.0,2019-02-20,252.0,0.1072%,0.0004,1.0427,0.1376,-0.3607,1.3187%,1.7958%,46.0818%,0.0007019999999999,BRKR,88504.0,2019-02-21,252.0,-0.0803%,0.0005,1.0379,0.1282,-0.3695,1.3165%,1.7920%,46.0340%,0.002222,BRKR,88504.0,2019-02-22,252.0,1.3130%,0.0004,1.0381,0.1243,-0.3708,1.3163%,1.7937%,46.1417%,0.000147,BRKR,88504.0,2019-02-25,252.0,0.5290%,0.0005,1.0368,0.1216,-0.3769,1.3147%,1.7929%,46.2291%,0.0032879999999999,BRKR,88504.0,2019-02-26,252.0,-1.6575%,0.0004,1.0393,0.1414,-0.365,1.3185%,1.7930%,45.9295%,-0.015481,BRKR,0.0469199999999999,0.041099,0.0299689999999999,0.0243719999999999,0.0152499999999999
24203,BRUKER CORP,"Bruker Q4 EPS $0.54, Inline, Sales $553.6M Beat $545.88M Estimate",6,increase,0.7,0.6,"the earnings per share (eps) being inline with expectations and sales exceeding estimates typically indicate positive performance, which can lead to an increase in stock price.",2,2019-02-11,BRKR,2019-02-11 21:05:00+00:00,88504.0,11679410,0.0053763054311275,980198.0,0.057697806507349,-0.0002828379510901,-0.0029271049425005,-0.0078586190938949,-0.0104083102196455,0.0016868533566594,0.0231930091977119,0.0139680113643407,-0.0166050940752029,0.0022857666481286,0.0010720208520069,-0.0017113910289481,-0.0008031802135519,-0.0053900321945548,0.0131297344341874,0.0226283371448516,0.0052895247936248,0.0046633589081466,-0.016574515029788,-0.013229769654572,0.0294274594634771,0.0098751131445169,-0.0070166438817977,0.0055490252561867,0.0201518051326274,-0.0008753655711188,-0.0076962583698332,-0.0072421785444021,-0.0059523694217205,0.0093567157164216,-0.0197864696383476,0.0011709870304912,0.0007967802812345,-0.0058207437396049,-0.0034501345362514,0.0247540064156055,0.0157123878598213,0.0047947214916348,-0.0036706710234284,0.0214264094829559,0.0089473724365234,0.0111419614404439,-0.004955624230206,0.0234400276094675,0.0188728012144565,0.0439814776182174,0.0100334296002984,0.0381050668656826,-0.0007641054689884,0.0304208938032388,-0.0005098255933262,-0.035153541713953,0.0242285337299108,-0.0157877467572689,-0.0512948557734489,0.0223214142024517,0.0005249464302323,0.010409478098154,0.0047219390980899,0.0393076166510582,-0.0101827522739768,0.0483931489288806,0.0113426614552736,-0.0018867636099457,0.0026082021649926,-0.0672298446297645,0.0111862728372216,-0.0346585251390934,-0.0087471101433038,-0.006414602510631,0.0124578131362795,0.0189198888838291,-0.0176877379417419,-0.0409105829894542,0.0023486469872295,-0.0334821790456771,0.0109347039833664,-0.0091626858338713,-0.0046355985105037,0.0098914951086044,0.0093142762780189,0.0038437168113887,0.0020508032757788,0.0202614031732082,0.0127909947186708,-0.0440486744046211,-0.0007577362703159,-0.0282331611961126,-0.0161780379712581,-0.0240000411868095,-0.0192702990025281,0.0184067785739898,0.0,0.0033262684009969,-0.0070735304616391,0.0070036402903497,-0.002374674193561,0.0214618537575006,-0.0087278978899121,-0.0012425319291651,0.0074706184677779,0.007827116176486,0.0193327162414789,0.0044025564566254,-0.0062354290857911,0.0044219642877578,0.0091502871364355,0.0069974334910511,-0.0129533680155873,-0.033507477492094,0.0128609370440244,0.0115049416199326,0.1264576613903046,0.0009336688090115,-0.0018403917783871,-0.015926506370306,-0.0223554093390703,-0.0063907206058502,-0.0023573427461087,-0.0286728106439113,0.057697806507349,-0.0002828379510901,0.0546018140302493,-0.0081392343292622,0.0436251911916216,-0.0064661106673518,0.0500985822460613,0.0097142897847548,0.0520687386899807,0.0163934337247935,0.0790782022150813,0.2744320454866353,0.1923391683681214,0.0458957625913158,2019-02-12,2019-02-13,2019-02-14,2019-02-15,2019-02-19,2019-02-20,2019-02-21,2019-02-22,2019-02-25,2019-02-26,88504.0,2019-02-11,252.0,0.5376%,0.0001,1.002,0.1822,-0.3732,1.3241%,1.7818%,44.7814%,0.00362,BRKR,88504.0,2019-02-12,252.0,5.7698%,0.0005,1.0512,0.1508,-0.3424,1.3204%,1.8054%,46.5066%,0.0433,BRKR,88504.0,2019-02-13,252.0,-0.2927%,0.0004,1.0446,0.1594,-0.3424,1.3187%,1.7977%,46.1933%,-0.005821,BRKR,88504.0,2019-02-14,252.0,-1.0408%,0.0004,1.0481,0.1536,-0.3374,1.3184%,1.7984%,46.2533%,-0.01113,BRKR,88504.0,2019-02-15,252.0,2.3193%,0.0004,1.0421,0.1495,-0.3455,1.3163%,1.7931%,46.1091%,0.012485,BRKR,88504.0,2019-02-19,252.0,-1.6605%,0.0004,1.042,0.133,-0.3641,1.3194%,1.7964%,46.0558%,-0.018082,BRKR,88504.0,2019-02-20,252.0,0.1072%,0.0004,1.0427,0.1376,-0.3607,1.3187%,1.7958%,46.0818%,0.0007019999999999,BRKR,88504.0,2019-02-21,252.0,-0.0803%,0.0005,1.0379,0.1282,-0.3695,1.3165%,1.7920%,46.0340%,0.002222,BRKR,88504.0,2019-02-22,252.0,1.3130%,0.0004,1.0381,0.1243,-0.3708,1.3163%,1.7937%,46.1417%,0.000147,BRKR,88504.0,2019-02-25,252.0,0.5290%,0.0005,1.0368,0.1216,-0.3769,1.3147%,1.7929%,46.2291%,0.0032879999999999,BRKR,88504.0,2019-02-26,252.0,-1.6575%,0.0004,1.0393,0.1414,-0.365,1.3185%,1.7930%,45.9295%,-0.015481,BRKR,0.0469199999999999,0.041099,0.0299689999999999,0.0243719999999999,0.0152499999999999
24211,BRIXMOR PROPERTY GROUP INC,Brixmor Property Group Sees FY19 NAREIT FFO $1.86-$1.94,6,uncertain,0.6,0.3,"while the forecasted nareit ffo range provides some insight into the company's expected performance, the actual impact on stock price will depend on market reactions and broader economic conditions.",1,2019-02-11,BRX,2019-02-11 21:09:00+00:00,14181.0,11120U10,0.0050618755631148,5787367.0,-0.0111919837072491,0.0039526596665382,0.0113186622038483,0.0119999479502439,0.0044767721556127,-0.0124153112992644,-0.0005571157671511,0.011415459215641,-0.0083611821755766,0.0011428833240643,-0.012366565875709,0.0215995833277702,0.0017074949573725,0.0052815866656601,0.0022726708557456,0.0088810855522751,-0.000566906412132,0.0077565130777657,-0.0085082035511732,0.0157575905323028,-0.0040045594796538,0.0178902484476566,0.002871868899092,0.0024736553896218,-0.0091637950390577,0.0037243615370243,-0.0046242731623351,-0.0073936497792601,0.0104529801756143,0.0080744819715619,-0.0132183646783232,0.0062500238418579,-0.0023296980652958,0.0107391076162457,-0.0035025959368795,0.0095663024112582,0.0146455774083733,-0.0057070483453571,0.0138568002730608,0.0070243044756352,0.0039863153360784,0.0012787405867129,-0.0011343477526679,0.00449586706236,-0.0034072329290211,0.0359281413257122,-0.0119657600298523,0.0387007221579551,0.0057670348323881,0.0211715027689933,0.0057339668273925,0.0027758660726249,0.0302165765315294,-0.0190605670213699,-0.0066407821141183,-0.006761351134628,0.0022283568978309,-0.0020242736209183,0.0211229063570499,-0.0020202482119202,0.0016330309445038,0.0435699820518493,0.004347822163254,-0.0306540019810199,-0.0059523107483983,-0.0033943813759833,-0.002721891272813,-0.022561389952898,0.0065502640791237,-0.0176010727882385,-0.002711558714509,0.0026143766008317,0.0027188940439373,-0.070473812520504,0.0110132582485675,0.0129230208694934,-0.0174291767179966,0.0037059581372886,-0.0094235073775053,-0.014607410877943,0.013989926315844,-0.0072506912983953,0.0016555617330595,-0.008388333953917,0.0071625933051109,-0.0053635369986295,-0.009846843779087,0.0390093550086021,-0.0220994260162115,-0.021805003285408,-0.0039548925124108,0.000606074463576,0.0056721717119216,0.0403531119227409,-0.0214325524866581,-0.0087500214576721,0.0172910224646329,0.0158730167895555,0.012464658357203,0.0063898009248077,-0.0011192196980118,0.016233766451478,0.0112044177949428,-0.0051679536700248,-0.0155123984441161,0.0097847105935215,0.0061901351436972,-0.0013029613764956,-0.0027963779866695,-0.0064724548719823,0.0123387165367603,0.006514620501548,0.0083103338256478,-0.0253968015313148,-0.001098926179111,-0.0174672901630401,-0.0220021791756153,-0.0024890485219657,0.0044994330964982,-0.0043370318599045,-0.0111919837072491,0.0039526596665382,2.1362578372929875e-10,0.0160000393270456,0.0044767723701948,0.0033860825587355,-0.0044767717624689,0.0160000393977099,-0.021824357675733,0.0775758006469629,0.0279798555794834,0.2209652562837201,0.0148502670947594,0.1233788872907182,2019-02-12,2019-02-13,2019-02-14,2019-02-15,2019-02-19,2019-02-20,2019-02-21,2019-02-22,2019-02-25,2019-02-26,14181.0,2019-02-11,252.0,0.5062%,0.0011,0.6224,0.2503,0.0911,1.4504%,1.5929%,17.0908%,0.002397,BRX,14181.0,2019-02-12,252.0,-1.1192%,0.0011,0.6201,0.2382,0.092,1.4533%,1.5941%,16.8810%,-0.019652,BRX,14181.0,2019-02-13,252.0,1.1319%,0.0011,0.6202,0.2413,0.0946,1.4542%,1.5943%,16.8028%,0.009275,BRX,14181.0,2019-02-14,252.0,0.4477%,0.001,0.6173,0.2423,0.0967,1.4423%,1.5820%,16.8838%,0.004973,BRX,14181.0,2019-02-15,252.0,-0.0557%,0.0009,0.6115,0.2361,0.0859,1.4435%,1.5808%,16.6179%,-0.0087029999999999,BRX,14181.0,2019-02-19,252.0,-0.8361%,0.0009,0.608,0.2307,0.0802,1.4451%,1.5806%,16.4105%,-0.010565,BRX,14181.0,2019-02-20,252.0,-1.2367%,0.0006,0.5997,0.1939,0.046,1.4235%,1.5592%,16.6423%,-0.01457,BRX,14181.0,2019-02-21,252.0,0.1707%,0.0007,0.5958,0.1866,0.0386,1.4226%,1.5569%,16.5060%,0.004068,BRX,14181.0,2019-02-22,252.0,0.2273%,0.0008,0.595,0.2169,0.0571,1.4153%,1.5496%,16.5769%,-0.0021579999999999,BRX,14181.0,2019-02-25,252.0,-0.0567%,0.0007,0.5961,0.2188,0.062,1.4142%,1.5486%,16.6030%,-0.000893,BRX,14181.0,2019-02-26,252.0,-0.8508%,0.0007,0.5943,0.2299,0.0664,1.4144%,1.5474%,16.4480%,-0.00605,BRX,-0.017255,-0.00798,-0.0030069999999999,-0.0222749999999999,-0.0418779999999999
24219,BRIXMOR PROPERTY GROUP INC,"Brixmor Property Group Q4 EPS $0.26 Beats $0.16 Estimate, Sales $297.66M Beat $297.61M Estimate, NAREIT FFO $0.40 Down From $0.52 YoY",6,increase,0.7,0.5,"the company beat both eps and sales estimates, which typically signals positive performance and can lead to an increase in stock price, despite a decline in nareit ffo year-over-year.",2,2019-02-11,BRX,2019-02-11 21:07:00+00:00,14181.0,11120U10,0.0050618755631148,5787367.0,-0.0111919837072491,0.0039526596665382,0.0113186622038483,0.0119999479502439,0.0044767721556127,-0.0124153112992644,-0.0005571157671511,0.011415459215641,-0.0083611821755766,0.0011428833240643,-0.012366565875709,0.0215995833277702,0.0017074949573725,0.0052815866656601,0.0022726708557456,0.0088810855522751,-0.000566906412132,0.0077565130777657,-0.0085082035511732,0.0157575905323028,-0.0040045594796538,0.0178902484476566,0.002871868899092,0.0024736553896218,-0.0091637950390577,0.0037243615370243,-0.0046242731623351,-0.0073936497792601,0.0104529801756143,0.0080744819715619,-0.0132183646783232,0.0062500238418579,-0.0023296980652958,0.0107391076162457,-0.0035025959368795,0.0095663024112582,0.0146455774083733,-0.0057070483453571,0.0138568002730608,0.0070243044756352,0.0039863153360784,0.0012787405867129,-0.0011343477526679,0.00449586706236,-0.0034072329290211,0.0359281413257122,-0.0119657600298523,0.0387007221579551,0.0057670348323881,0.0211715027689933,0.0057339668273925,0.0027758660726249,0.0302165765315294,-0.0190605670213699,-0.0066407821141183,-0.006761351134628,0.0022283568978309,-0.0020242736209183,0.0211229063570499,-0.0020202482119202,0.0016330309445038,0.0435699820518493,0.004347822163254,-0.0306540019810199,-0.0059523107483983,-0.0033943813759833,-0.002721891272813,-0.022561389952898,0.0065502640791237,-0.0176010727882385,-0.002711558714509,0.0026143766008317,0.0027188940439373,-0.070473812520504,0.0110132582485675,0.0129230208694934,-0.0174291767179966,0.0037059581372886,-0.0094235073775053,-0.014607410877943,0.013989926315844,-0.0072506912983953,0.0016555617330595,-0.008388333953917,0.0071625933051109,-0.0053635369986295,-0.009846843779087,0.0390093550086021,-0.0220994260162115,-0.021805003285408,-0.0039548925124108,0.000606074463576,0.0056721717119216,0.0403531119227409,-0.0214325524866581,-0.0087500214576721,0.0172910224646329,0.0158730167895555,0.012464658357203,0.0063898009248077,-0.0011192196980118,0.016233766451478,0.0112044177949428,-0.0051679536700248,-0.0155123984441161,0.0097847105935215,0.0061901351436972,-0.0013029613764956,-0.0027963779866695,-0.0064724548719823,0.0123387165367603,0.006514620501548,0.0083103338256478,-0.0253968015313148,-0.001098926179111,-0.0174672901630401,-0.0220021791756153,-0.0024890485219657,0.0044994330964982,-0.0043370318599045,-0.0111919837072491,0.0039526596665382,2.1362578372929875e-10,0.0160000393270456,0.0044767723701948,0.0033860825587355,-0.0044767717624689,0.0160000393977099,-0.021824357675733,0.0775758006469629,0.0279798555794834,0.2209652562837201,0.0148502670947594,0.1233788872907182,2019-02-12,2019-02-13,2019-02-14,2019-02-15,2019-02-19,2019-02-20,2019-02-21,2019-02-22,2019-02-25,2019-02-26,14181.0,2019-02-11,252.0,0.5062%,0.0011,0.6224,0.2503,0.0911,1.4504%,1.5929%,17.0908%,0.002397,BRX,14181.0,2019-02-12,252.0,-1.1192%,0.0011,0.6201,0.2382,0.092,1.4533%,1.5941%,16.8810%,-0.019652,BRX,14181.0,2019-02-13,252.0,1.1319%,0.0011,0.6202,0.2413,0.0946,1.4542%,1.5943%,16.8028%,0.009275,BRX,14181.0,2019-02-14,252.0,0.4477%,0.001,0.6173,0.2423,0.0967,1.4423%,1.5820%,16.8838%,0.004973,BRX,14181.0,2019-02-15,252.0,-0.0557%,0.0009,0.6115,0.2361,0.0859,1.4435%,1.5808%,16.6179%,-0.0087029999999999,BRX,14181.0,2019-02-19,252.0,-0.8361%,0.0009,0.608,0.2307,0.0802,1.4451%,1.5806%,16.4105%,-0.010565,BRX,14181.0,2019-02-20,252.0,-1.2367%,0.0006,0.5997,0.1939,0.046,1.4235%,1.5592%,16.6423%,-0.01457,BRX,14181.0,2019-02-21,252.0,0.1707%,0.0007,0.5958,0.1866,0.0386,1.4226%,1.5569%,16.5060%,0.004068,BRX,14181.0,2019-02-22,252.0,0.2273%,0.0008,0.595,0.2169,0.0571,1.4153%,1.5496%,16.5769%,-0.0021579999999999,BRX,14181.0,2019-02-25,252.0,-0.0567%,0.0007,0.5961,0.2188,0.062,1.4142%,1.5486%,16.6030%,-0.000893,BRX,14181.0,2019-02-26,252.0,-0.8508%,0.0007,0.5943,0.2299,0.0664,1.4144%,1.5474%,16.4480%,-0.00605,BRX,-0.017255,-0.00798,-0.0030069999999999,-0.0222749999999999,-0.0418779999999999
24227,CITIGROUP INC,"JP Morgan's Q4 13F Indicates Cut Stakes In Apple, Microsoft, Citi, Facebook",6,decrease,0.7,0.6,"the news indicates that a major investor, jp morgan, has cut its stakes in citigroup, which may signal a lack of confidence in the stock and lead to a decrease in its price.",0,2019-02-11,C,2019-02-11 18:32:00+00:00,70519.0,17296742,-0.0064505357295274,14614108.0,0.0172049589455127,-0.0127368737012147,0.005903985351324,-0.0169040225446224,-0.0098350690677762,0.0012536909198388,0.0296379122883081,-0.0039025319274514,0.0017115391092374,0.0061253244057297,0.0040385546162724,-0.0052746031433343,-0.0049504903145134,0.0037371201906353,-0.0027985121123492,0.0159785188734531,0.0060804397799074,-0.0100234830752015,-0.0063535724766552,-0.0026553918141871,0.0043667932040989,0.0208897721022367,-0.006521769799292,0.0093352328985929,0.0076586697250604,0.004527123644948,-0.0111680040135979,-0.0201204139739275,-0.0128627400845289,0.0104049574583768,-0.0066741136834025,0.0045023732818663,-0.0097583876922726,0.0131964413449168,0.0025848117657005,0.0415747612714767,0.0040283594280481,0.0395131707191467,0.0080243935808539,0.0044294828549027,0.0133736683055758,0.0010641638655215,0.0072270082309842,0.0165885686874389,0.0168460737913847,-0.0026973839849233,0.0113514009863138,0.0087066851556301,-0.0045503270812332,0.0488964915275573,-0.0202650353312492,-0.0181206315755844,-0.0060653681866824,0.0282365996390581,-0.0458457246422767,0.0044375755824148,-0.0106591954827308,0.0011589989298954,0.0147521859034895,0.0064152767881751,-0.0080039473250508,0.0442549809813499,0.0205829087644815,-0.0195064358413219,0.0038722439203411,-0.0388367846608161,0.0343940742313861,-0.0104127079248428,0.0009322180994786,-0.0205822475254535,0.0099347932264208,-0.0058986120857298,0.0116815576329827,-0.0139949191361665,-0.0041020456701517,-0.0134480902925133,0.0079328240826725,-0.0037513233255594,-0.0131678935140371,-0.004268973134458,0.0049079707823693,-0.0148939630016684,0.0059524881653487,-0.0219365693628788,0.0229099448770284,-0.0284715760499239,-0.0005933093489147,-0.0353356413543224,0.0286435205489397,-0.044505912810564,0.015005063265562,0.005710800178349,-0.0096659604460001,-0.0016949246637523,-0.0083249872550368,-0.0103690195828676,0.0015921351732686,0.033406913280487,-0.0053467503748834,-0.0042366306297481,-0.0014528325991705,0.0320647694170475,0.0113487374037504,-0.0178145207464695,0.0218673087656498,0.0054373927414417,-0.0046459501609206,-0.0323429889976978,-0.0104667311534285,-0.0050807422958314,0.0057175746187567,0.0054179332219064,0.010801556520164,0.0173228103667497,-0.0036789940204471,-0.0197591669857502,-0.0319556854665279,0.0088771171867847,0.0008802458178251,-0.023570604622364,0.0172049589455127,-0.0127368737012147,0.0232105221224212,-0.0294255918456438,0.0131471759664718,-0.0282087915231127,0.0449601774735026,-0.0260719312978292,0.0407401730651528,-0.0245506202994933,-0.0063301325993464,0.2140020914866844,0.1143385787228576,-0.0503609547821369,2019-02-12,2019-02-13,2019-02-14,2019-02-15,2019-02-19,2019-02-20,2019-02-21,2019-02-22,2019-02-25,2019-02-26,70519.0,2019-02-11,252.0,-0.6451%,-0.0003,1.2641,-0.1289,1.0162,0.9263%,1.5482%,64.2049%,-0.009906,C,70519.0,2019-02-12,252.0,1.7205%,-0.0003,1.2616,-0.1243,1.0141,0.9256%,1.5438%,64.0515%,0.001666,C,70519.0,2019-02-13,252.0,0.5904%,-0.0003,1.2619,-0.1238,1.0146,0.9257%,1.5413%,63.9314%,0.0016359999999999,C,70519.0,2019-02-14,252.0,-0.9835%,-0.0003,1.2617,-0.1242,1.0156,0.9253%,1.5420%,63.9957%,-0.000756,C,70519.0,2019-02-15,252.0,2.9638%,-0.0003,1.2716,-0.1141,1.0333,0.9276%,1.5481%,64.0971%,0.010717,C,70519.0,2019-02-19,252.0,0.1712%,-0.0003,1.2722,-0.1179,1.029,0.9275%,1.5478%,64.0918%,-0.003573,C,70519.0,2019-02-20,252.0,0.4039%,-0.0003,1.2716,-0.117,1.0276,0.9273%,1.5479%,64.1151%,-0.003879,C,70519.0,2019-02-21,252.0,-0.4950%,-0.0003,1.2731,-0.1136,1.0302,0.9267%,1.5480%,64.1584%,0.001936,C,70519.0,2019-02-22,252.0,-0.2799%,-0.0003,1.273,-0.1278,1.0158,0.9244%,1.5473%,64.3043%,0.004595,C,70519.0,2019-02-25,252.0,0.6080%,-0.0003,1.2723,-0.1314,1.0116,0.9246%,1.5468%,64.2685%,0.005567,C,70519.0,2019-02-26,252.0,-0.6354%,-0.0003,1.2774,-0.1339,1.014,0.9234%,1.5457%,64.3121%,-0.00192,C,-0.00824,-0.006604,-0.00736,-0.0002159999999999,0.006083
24235,CAMTEK LTD,Camtek shares are trading higher after announcing that Taiwanese company Chroma would acquire a 20.5% stake in Camtek at $9.50/share.,6,increase,0.85,0.7,"the acquisition of a significant stake by a reputable company like chroma at a premium price typically signals confidence in camtek's future, likely leading to an increase in stock price.",2,2019-02-11,CAMT,2019-02-11 14:26:00+00:00,88427.0,M2079110,0.0718156844377517,586254.0,0.031605564057827,0.0179310496896505,0.1115195900201797,-0.0596627816557884,0.0,-0.0140665126964449,0.0110254008322954,0.0262467563152313,-0.0021810750477015,0.0325202941894531,0.0087431613355875,0.0321678332984447,-0.0054170358926057,0.0156250186264514,0.0032679445575922,0.005714280065149,-0.0043431012891232,-0.0056818127632141,-0.0359869040548801,-0.0084506962448358,0.0011312476126477,-0.0097629250958561,-0.0180791858583688,0.0170212592929601,0.0069045363925397,-0.0098314182832837,-0.0182856973260641,0.0128022292628884,-0.0034924019128084,0.0203193537890911,0.021027959883213,-0.0157143045216798,-0.0274599287658929,-0.0112994248047471,0.0023529950994998,-0.0028168987482786,0.0129107572138309,0.0304789617657661,0.0254924986511468,-0.0114777516573667,0.0146891698241233,0.0043227281421422,-0.0077950665727257,0.0,0.0258137490600347,-0.011396000161767,0.0010940125212073,0.0159189775586128,-0.0065573188476264,0.02827381901443,-0.0121012767776846,-0.0372493155300617,0.0144766280427575,0.0310192089527845,-0.0109768863767385,0.0104477871209383,-0.0310766566544771,0.0044977110810577,0.0137458015233278,-0.0191176626831293,-0.0090395389124751,0.0591900497674942,0.0182439945638179,-0.0417910069227218,-0.0011198464781045,-0.078404426574707,0.0257847011089325,-0.0446780733764171,0.0032787637319415,-0.0026212295051664,0.0686274617910385,-0.014211842790246,-0.0122325010597705,-0.0325000286102294,0.0113519728183746,-0.0049751196056604,0.0622448623180389,-0.0012422644067555,-0.0105667300522327,0.0151324542239308,-0.0106796706095337,0.0,0.0520118474960327,0.0063451412133872,-0.0083955368027091,-0.0247524511069059,-0.0065851076506078,-0.0206060707569122,0.0132575174793601,-0.0429234206676483,-0.0140186557546258,0.0201183520257473,-0.0445497892796993,0.0342716909945011,0.0257936734706163,-0.002441941993311,0.0241779498755931,0.0499999187886714,0.0217185597866773,0.0025706915184855,-0.0295748338103294,0.0169934779405593,-0.0200000032782554,0.0052562365308403,-0.0058309445157647,0.0013158195652067,-0.0244379285722971,0.0,0.017034076154232,-0.0306122750043869,-0.0137930437922477,-0.0025445267092436,0.0429569780826568,0.0102827660739421,-0.0306513123214244,-0.016434846445918,-0.0227272268384695,-0.0075282240286469,0.0101111652329564,-0.030413681641221,0.0316055640578269,0.0179310496896505,0.1466497936240922,-0.0428015482686305,0.1466497936240922,-0.0562659924429274,0.1567635642122697,-2.084653005773873e-09,0.1175727341764196,0.0394366459450366,0.1188369849331885,0.0852941018900548,0.2629582805554107,-0.1021898007969258,2019-02-12,2019-02-13,2019-02-14,2019-02-15,2019-02-19,2019-02-20,2019-02-21,2019-02-22,2019-02-25,2019-02-26,88427.0,2019-02-11,252.0,7.1816%,0.0007,0.9858,0.6557,-0.0978,2.2074%,2.4889%,21.3458%,0.067015,CAMT,88427.0,2019-02-12,252.0,3.1606%,0.001,1.0306,0.6109,-0.0669,2.1758%,2.4749%,22.7093%,0.017801,CAMT,88427.0,2019-02-13,252.0,11.1520%,0.0014,1.0385,0.641,-0.0356,2.2753%,2.5637%,21.2335%,0.108214,CAMT,88427.0,2019-02-14,252.0,0.0000%,0.0014,1.0396,0.6397,-0.0349,2.2750%,2.5637%,21.2533%,-0.001459,CAMT,88427.0,2019-02-15,252.0,1.1025%,0.0014,1.0385,0.6383,-0.0373,2.2751%,2.5625%,21.1735%,-0.002254,CAMT,88427.0,2019-02-19,252.0,-0.2181%,0.0014,1.0397,0.6298,-0.0468,2.2749%,2.5625%,21.1911%,-0.005993,CAMT,88427.0,2019-02-20,252.0,0.8743%,0.0015,1.0425,0.6439,-0.0348,2.2722%,2.5610%,21.2819%,0.00554,CAMT,88427.0,2019-02-21,252.0,-0.5417%,0.0013,1.0598,0.6785,-0.0031,2.2536%,2.5507%,21.9447%,-0.0012889999999999,CAMT,88427.0,2019-02-22,252.0,0.3268%,0.0014,1.0593,0.7221,0.0311,2.2441%,2.5422%,22.0771%,-0.007498,CAMT,88427.0,2019-02-25,252.0,-0.4343%,0.0014,1.0604,0.7259,0.0371,2.2437%,2.5419%,22.0871%,-0.004099,CAMT,88427.0,2019-02-26,252.0,-3.5987%,0.0013,1.0776,0.7523,0.0634,2.2492%,2.5528%,22.3702%,-0.029622,CAMT,0.084816,0.19303,0.191571,0.183324,0.1463559999999999
24243,CAMTEK LTD,Chroma to Acquire 20.5% Stake in Camtek at $9.50/Share,6,increase,0.8,0.7,the acquisition of a significant stake at a premium price of $9.50 per share is likely to boost investor confidence and drive up camtek ltd's stock price.,2,2019-02-11,CAMT,2019-02-11 09:38:00+00:00,88427.0,M2079110,0.0718156844377517,586254.0,0.031605564057827,0.0179310496896505,0.1115195900201797,-0.0596627816557884,0.0,-0.0140665126964449,0.0110254008322954,0.0262467563152313,-0.0021810750477015,0.0325202941894531,0.0087431613355875,0.0321678332984447,-0.0054170358926057,0.0156250186264514,0.0032679445575922,0.005714280065149,-0.0043431012891232,-0.0056818127632141,-0.0359869040548801,-0.0084506962448358,0.0011312476126477,-0.0097629250958561,-0.0180791858583688,0.0170212592929601,0.0069045363925397,-0.0098314182832837,-0.0182856973260641,0.0128022292628884,-0.0034924019128084,0.0203193537890911,0.021027959883213,-0.0157143045216798,-0.0274599287658929,-0.0112994248047471,0.0023529950994998,-0.0028168987482786,0.0129107572138309,0.0304789617657661,0.0254924986511468,-0.0114777516573667,0.0146891698241233,0.0043227281421422,-0.0077950665727257,0.0,0.0258137490600347,-0.011396000161767,0.0010940125212073,0.0159189775586128,-0.0065573188476264,0.02827381901443,-0.0121012767776846,-0.0372493155300617,0.0144766280427575,0.0310192089527845,-0.0109768863767385,0.0104477871209383,-0.0310766566544771,0.0044977110810577,0.0137458015233278,-0.0191176626831293,-0.0090395389124751,0.0591900497674942,0.0182439945638179,-0.0417910069227218,-0.0011198464781045,-0.078404426574707,0.0257847011089325,-0.0446780733764171,0.0032787637319415,-0.0026212295051664,0.0686274617910385,-0.014211842790246,-0.0122325010597705,-0.0325000286102294,0.0113519728183746,-0.0049751196056604,0.0622448623180389,-0.0012422644067555,-0.0105667300522327,0.0151324542239308,-0.0106796706095337,0.0,0.0520118474960327,0.0063451412133872,-0.0083955368027091,-0.0247524511069059,-0.0065851076506078,-0.0206060707569122,0.0132575174793601,-0.0429234206676483,-0.0140186557546258,0.0201183520257473,-0.0445497892796993,0.0342716909945011,0.0257936734706163,-0.002441941993311,0.0241779498755931,0.0499999187886714,0.0217185597866773,0.0025706915184855,-0.0295748338103294,0.0169934779405593,-0.0200000032782554,0.0052562365308403,-0.0058309445157647,0.0013158195652067,-0.0244379285722971,0.0,0.017034076154232,-0.0306122750043869,-0.0137930437922477,-0.0025445267092436,0.0429569780826568,0.0102827660739421,-0.0306513123214244,-0.016434846445918,-0.0227272268384695,-0.0075282240286469,0.0101111652329564,-0.030413681641221,0.0316055640578269,0.0179310496896505,0.1466497936240922,-0.0428015482686305,0.1466497936240922,-0.0562659924429274,0.1567635642122697,-2.084653005773873e-09,0.1175727341764196,0.0394366459450366,0.1188369849331885,0.0852941018900548,0.2629582805554107,-0.1021898007969258,2019-02-12,2019-02-13,2019-02-14,2019-02-15,2019-02-19,2019-02-20,2019-02-21,2019-02-22,2019-02-25,2019-02-26,88427.0,2019-02-11,252.0,7.1816%,0.0007,0.9858,0.6557,-0.0978,2.2074%,2.4889%,21.3458%,0.067015,CAMT,88427.0,2019-02-12,252.0,3.1606%,0.001,1.0306,0.6109,-0.0669,2.1758%,2.4749%,22.7093%,0.017801,CAMT,88427.0,2019-02-13,252.0,11.1520%,0.0014,1.0385,0.641,-0.0356,2.2753%,2.5637%,21.2335%,0.108214,CAMT,88427.0,2019-02-14,252.0,0.0000%,0.0014,1.0396,0.6397,-0.0349,2.2750%,2.5637%,21.2533%,-0.001459,CAMT,88427.0,2019-02-15,252.0,1.1025%,0.0014,1.0385,0.6383,-0.0373,2.2751%,2.5625%,21.1735%,-0.002254,CAMT,88427.0,2019-02-19,252.0,-0.2181%,0.0014,1.0397,0.6298,-0.0468,2.2749%,2.5625%,21.1911%,-0.005993,CAMT,88427.0,2019-02-20,252.0,0.8743%,0.0015,1.0425,0.6439,-0.0348,2.2722%,2.5610%,21.2819%,0.00554,CAMT,88427.0,2019-02-21,252.0,-0.5417%,0.0013,1.0598,0.6785,-0.0031,2.2536%,2.5507%,21.9447%,-0.0012889999999999,CAMT,88427.0,2019-02-22,252.0,0.3268%,0.0014,1.0593,0.7221,0.0311,2.2441%,2.5422%,22.0771%,-0.007498,CAMT,88427.0,2019-02-25,252.0,-0.4343%,0.0014,1.0604,0.7259,0.0371,2.2437%,2.5419%,22.0871%,-0.004099,CAMT,88427.0,2019-02-26,252.0,-3.5987%,0.0013,1.0776,0.7523,0.0634,2.2492%,2.5528%,22.3702%,-0.029622,CAMT,0.084816,0.19303,0.191571,0.183324,0.1463559999999999
24251,CENTRAL GARDEN & PET CO,"Central Garden & Pet Reports Pres, CEO George Roeth To Retire; Board To Initiate Search For New Pres, CEO",6,uncertain,0.6,0.3,"the retirement of a ceo can lead to uncertainty about the company's future direction, which may negatively impact investor confidence, but it could also present an opportunity for positive change with a new leader.",1,2019-02-11,CENTA,2019-02-11 13:32:00+00:00,91815.0,15352720,-0.0074946819804608,540367.0,0.0025170692242681,-0.0007132830796763,-0.0243901871144771,-0.2178521007299423,0.0047793807461857,0.0030776942148804,-0.0146359177306294,-0.0094235073775053,0.0207946319133043,0.0109275206923484,0.0287377554923296,0.0019651795737445,-0.0162659473717212,0.0030977362766861,-0.0035945500712841,0.0116809075698256,0.0061327591538429,-0.0095936842262744,-0.0093223461881279,-0.011987742036581,0.0028954008594155,-0.003611140884459,0.0050523746758699,-0.0005552597576752,0.0193895511329174,-0.0085329301655292,-0.0105670746415853,0.0047013824805617,0.0003560067270882,0.0200281832367181,-0.0138790495693683,0.0166332628577947,-0.0155178066343069,0.0142524093389511,-0.0109971091151237,-0.0092218928039073,-0.0048183528706431,-0.0133635895326733,-0.0111732268705964,0.0188295971602201,-0.0128060327842831,0.0129107572138309,-0.004578364547342,-0.0023418623022735,0.0076658013276755,-0.0075536994263529,-0.0064663398079574,0.0414523147046566,-0.0229709167033433,0.0206917282193899,-0.0215517692267894,0.0214511137455701,0.0088106216862797,0.0144000239670276,-0.0500198565423488,0.0083898110315203,-0.001253685215488,0.0462524965405464,-0.0066945543512701,0.0249135382473468,-0.0113732293248176,0.0418168641626834,0.0038346892688423,-0.0187478139996528,-0.0131578724831342,-0.0244996231049299,0.0249462332576513,-0.0297958236187696,-0.0125891417264938,0.0135731771588325,-0.0123247308656573,0.0127147398889064,0.0103270122781395,-0.0303232204169035,-0.0038330559618771,-0.0338055118918418,0.0166738480329513,0.0038784397765994,-0.0117746293544769,-0.0073788752779364,0.0157447159290313,0.0080853812396526,-0.0087976949289441,0.0221487637609243,0.0054945508018136,0.0056515983305871,-0.0117696793749928,-0.0150622455403208,0.0093576908111572,-0.0347660705447197,0.0021070856600999,0.0173633117228746,0.0025231060571968,0.0342534333467483,-0.015100697055459,0.0280341766774654,0.0140545116737484,0.0502692870795726,0.016379727050662,-0.0148567408323288,-0.0190083049237728,-0.0024699962232261,0.0134793473407626,0.0085409171879291,0.0162095297127962,0.0028551006689667,0.0012269439175724,-0.015806071460247,0.0118464427068829,-0.0048934393562376,-0.0084780370816588,0.0,0.0317589864134788,0.0066854516044259,-0.0607735179364681,-0.0186463743448257,0.112605057656765,-0.0105910953134298,-0.0064199427142739,0.0145580610260367,0.0025170692242681,-0.0007132830796763,-0.021934509679569,-0.218409993592296,-0.0172599623066227,-0.2160044985511666,-0.0115066427765034,-0.2149060912633096,-0.0064725054044381,-0.218845794339724,-0.1463502281206817,-0.0304497906974013,-0.0539374413608668,-0.0287694817546044,2019-02-12,2019-02-13,2019-02-14,2019-02-15,2019-02-19,2019-02-20,2019-02-21,2019-02-22,2019-02-25,2019-02-26,91815.0,2019-02-11,252.0,-0.7495%,-0.0012,0.6897,0.7636,0.2111,1.9943%,2.1479%,13.7904%,-0.0148469999999999,CENTA,91815.0,2019-02-12,252.0,0.2517%,-0.0011,0.7064,0.7381,0.2242,1.9833%,2.1406%,14.1542%,-0.006756,CENTA,91815.0,2019-02-13,252.0,-2.4390%,-0.0012,0.7008,0.737,0.2177,1.9899%,2.1449%,13.9326%,-0.027068,CENTA,91815.0,2019-02-14,252.0,0.4779%,-0.0011,0.7001,0.7398,0.2139,1.9897%,2.1451%,13.9600%,0.0035809999999999,CENTA,91815.0,2019-02-15,252.0,-1.4636%,-0.0013,0.6817,0.7206,0.1805,1.9954%,2.1444%,13.4076%,-0.025524,CENTA,91815.0,2019-02-19,252.0,2.0795%,-0.0012,0.6876,0.7286,0.1889,1.9982%,2.1488%,13.5268%,0.016768,CENTA,91815.0,2019-02-20,252.0,2.8738%,-0.001,0.6951,0.7469,0.2161,2.0046%,2.1569%,13.6236%,0.024689,CENTA,91815.0,2019-02-21,252.0,-1.6266%,-0.0011,0.7027,0.7597,0.23,2.0041%,2.1588%,13.8123%,-0.012774,CENTA,91815.0,2019-02-22,252.0,-0.3595%,-0.0012,0.7038,0.7576,0.242,2.0047%,2.1587%,13.7556%,-0.009059,CENTA,91815.0,2019-02-25,252.0,0.6133%,-0.0011,0.7035,0.753,0.2382,2.0054%,2.1590%,13.7282%,0.007382,CENTA,91815.0,2019-02-26,252.0,-0.9322%,-0.0011,0.7011,0.7574,0.2387,2.0052%,2.1584%,13.6898%,-0.002692,CENTA,-0.0216029999999999,-0.0486709999999999,-0.0450899999999999,-0.0538459999999999,-0.0462999999999999
24259,CHEGG INC,"Chegg shares are trading higher after the company reported Q4 EPS of $0.25, beating the $0.21 estimate and Q4 sales of $95.676 million, beating the $91.65 million estimate. The company also issued Q1 sales guidance above estimates.",6,increase,0.8,0.7,the positive earnings report and sales guidance above estimates are likely to boost investor confidence and drive the stock price higher.,2,2019-02-11,CHGG,2019-02-11 21:25:00+00:00,14273.0,16309210,0.0116278398782014,3878994.0,0.0764367803931236,-0.0230047591030597,0.0005339150666259,-0.0123422835022211,-0.003468545153737,-0.0053013009019196,0.0109772384166717,0.0025174866896122,0.0052966307848691,0.0098869623616337,-0.0126448776572942,0.0051107411272823,0.0226788241416215,0.0161569938063621,0.0208713598549366,0.0058038528077304,0.0094556333497166,0.0023268763907253,-0.0141772497445344,-0.0075057251378893,0.0130971278995275,0.0164318531751632,0.0045627453364431,0.0088810855522751,0.0199343189597129,0.013501257635653,-0.0291933827102184,-0.016814149916172,0.0061161532066762,0.0155782038345933,0.0030394867062568,0.0115151843056082,-0.007828221656382,0.0088658183813095,0.004326753783971,0.0231466926634311,0.0177395027130842,-0.0120519557967782,0.0027390590403229,-0.0049200444482266,0.0106779318302869,0.0015398594550788,0.0130220828577876,0.0387076437473297,-0.0033955709077417,0.0222367662936449,0.0031638126820325,0.0234270673245191,0.006792789325118,0.0550847277045249,-0.0137349320575594,-0.0059670088812708,-0.0310285966843366,0.0024630434345453,-0.0731215700507164,0.0150000024586916,0.0144179165363311,0.001788881374523,0.0273531898856163,0.0185860134661197,-0.0331506244838237,0.0858725756406784,0.018898507580161,-0.0239474289119243,0.0100688189268112,-0.0544192790985107,-0.0097061628475785,-0.0555364117026329,0.0140397027134895,-0.0088888965547084,0.0154127525165677,0.015625026077032,-0.038332849740982,-0.0140362838283181,-0.0096308346837759,0.0124782910570502,0.0064829243347048,-0.0276373345404863,-0.0075147286988794,0.0231034513562917,0.0081124724820256,-0.0176151916384697,0.0088519807904958,0.0289299376308918,-0.0077107395045459,-0.0034734413493424,0.0243837051093578,0.0348670482635498,-0.0010463226353749,-0.034698124974966,-0.0144016565755009,0.0311269741505384,0.0042507932521402,0.0021513579413294,0.0087302075698971,0.0249908249825239,0.0201940834522247,0.0477473922073841,0.0020565041340887,0.0003852168447338,0.004361261613667,0.0334394201636314,0.023754796013236,0.0056045358069241,-0.0092316046357154,0.0028101042844355,-0.102241188287735,0.0048406184650957,-0.0255259405821561,-0.0588458329439163,0.0325272642076015,-0.0052869860082864,0.0404237732291221,0.0165067296475172,-0.0056269853375852,0.0061799865216016,-0.0175155345350503,-0.0118321133777499,-0.0030170218087732,-0.032853428274393,0.0764367803931236,-0.0230047591030597,0.0770115062084457,-0.0350631113465306,0.0732758431680673,-0.0401785321446447,0.0908045966677286,-0.0282485854077585,0.1189655057652936,-0.006928342924181,0.1008621385390002,0.2536443462528581,0.0445402145718134,0.2698413220273201,2019-02-12,2019-02-13,2019-02-14,2019-02-15,2019-02-19,2019-02-20,2019-02-21,2019-02-22,2019-02-25,2019-02-26,14273.0,2019-02-11,252.0,1.1628%,0.0027,1.2074,1.1875,-0.7651,2.2700%,2.8560%,36.8232%,0.003664,CHGG,14273.0,2019-02-12,252.0,7.6437%,0.003,1.2503,1.1732,-0.7406,2.2919%,2.8910%,37.1519%,0.058378,CHGG,14273.0,2019-02-13,252.0,0.0534%,0.0029,1.2447,1.1802,-0.7409,2.2913%,2.8874%,37.0247%,-0.0032519999999999,CHGG,14273.0,2019-02-14,252.0,-0.3469%,0.0022,1.2373,1.1667,-0.708,2.0544%,2.6880%,41.5862%,-0.011389,CHGG,14273.0,2019-02-15,252.0,1.0977%,0.0024,1.2583,1.185,-0.6745,2.0462%,2.6875%,42.0274%,-0.002623,CHGG,14273.0,2019-02-19,252.0,0.5297%,0.0024,1.2612,1.1801,-0.6803,2.0453%,2.6871%,42.0631%,0.001393,CHGG,14273.0,2019-02-20,252.0,-1.2645%,0.0023,1.2553,1.1611,-0.7027,2.0460%,2.6868%,42.0130%,-0.013996,CHGG,14273.0,2019-02-21,252.0,2.2679%,0.0023,1.2509,1.1575,-0.7109,2.0515%,2.6892%,41.8041%,0.02642,CHGG,14273.0,2019-02-22,252.0,2.0871%,0.0021,1.2543,1.093,-0.7296,2.0307%,2.6746%,42.3561%,-0.004176,CHGG,14273.0,2019-02-25,252.0,0.9456%,0.0023,1.2504,1.0858,-0.7477,2.0205%,2.6683%,42.6596%,0.009003,CHGG,14273.0,2019-02-26,252.0,-1.4177%,0.0022,1.2507,1.0996,-0.7405,2.0214%,2.6679%,42.5928%,-0.007795,CHGG,0.062042,0.05879,0.047401,0.046171,0.0556269999999999
24267,CHEGG INC,"Chegg Sees FY19 Adj. EBITDA $115M-$118M, Sales $390M-$395M vs $388.4M Estimate",6,increase,0.7,0.6,"the guidance for adjusted ebitda and sales is slightly above estimates, which may positively influence investor sentiment and lead to an increase in stock price.",2,2019-02-11,CHGG,2019-02-11 21:07:00+00:00,14273.0,16309210,0.0116278398782014,3878994.0,0.0764367803931236,-0.0230047591030597,0.0005339150666259,-0.0123422835022211,-0.003468545153737,-0.0053013009019196,0.0109772384166717,0.0025174866896122,0.0052966307848691,0.0098869623616337,-0.0126448776572942,0.0051107411272823,0.0226788241416215,0.0161569938063621,0.0208713598549366,0.0058038528077304,0.0094556333497166,0.0023268763907253,-0.0141772497445344,-0.0075057251378893,0.0130971278995275,0.0164318531751632,0.0045627453364431,0.0088810855522751,0.0199343189597129,0.013501257635653,-0.0291933827102184,-0.016814149916172,0.0061161532066762,0.0155782038345933,0.0030394867062568,0.0115151843056082,-0.007828221656382,0.0088658183813095,0.004326753783971,0.0231466926634311,0.0177395027130842,-0.0120519557967782,0.0027390590403229,-0.0049200444482266,0.0106779318302869,0.0015398594550788,0.0130220828577876,0.0387076437473297,-0.0033955709077417,0.0222367662936449,0.0031638126820325,0.0234270673245191,0.006792789325118,0.0550847277045249,-0.0137349320575594,-0.0059670088812708,-0.0310285966843366,0.0024630434345453,-0.0731215700507164,0.0150000024586916,0.0144179165363311,0.001788881374523,0.0273531898856163,0.0185860134661197,-0.0331506244838237,0.0858725756406784,0.018898507580161,-0.0239474289119243,0.0100688189268112,-0.0544192790985107,-0.0097061628475785,-0.0555364117026329,0.0140397027134895,-0.0088888965547084,0.0154127525165677,0.015625026077032,-0.038332849740982,-0.0140362838283181,-0.0096308346837759,0.0124782910570502,0.0064829243347048,-0.0276373345404863,-0.0075147286988794,0.0231034513562917,0.0081124724820256,-0.0176151916384697,0.0088519807904958,0.0289299376308918,-0.0077107395045459,-0.0034734413493424,0.0243837051093578,0.0348670482635498,-0.0010463226353749,-0.034698124974966,-0.0144016565755009,0.0311269741505384,0.0042507932521402,0.0021513579413294,0.0087302075698971,0.0249908249825239,0.0201940834522247,0.0477473922073841,0.0020565041340887,0.0003852168447338,0.004361261613667,0.0334394201636314,0.023754796013236,0.0056045358069241,-0.0092316046357154,0.0028101042844355,-0.102241188287735,0.0048406184650957,-0.0255259405821561,-0.0588458329439163,0.0325272642076015,-0.0052869860082864,0.0404237732291221,0.0165067296475172,-0.0056269853375852,0.0061799865216016,-0.0175155345350503,-0.0118321133777499,-0.0030170218087732,-0.032853428274393,0.0764367803931236,-0.0230047591030597,0.0770115062084457,-0.0350631113465306,0.0732758431680673,-0.0401785321446447,0.0908045966677286,-0.0282485854077585,0.1189655057652936,-0.006928342924181,0.1008621385390002,0.2536443462528581,0.0445402145718134,0.2698413220273201,2019-02-12,2019-02-13,2019-02-14,2019-02-15,2019-02-19,2019-02-20,2019-02-21,2019-02-22,2019-02-25,2019-02-26,14273.0,2019-02-11,252.0,1.1628%,0.0027,1.2074,1.1875,-0.7651,2.2700%,2.8560%,36.8232%,0.003664,CHGG,14273.0,2019-02-12,252.0,7.6437%,0.003,1.2503,1.1732,-0.7406,2.2919%,2.8910%,37.1519%,0.058378,CHGG,14273.0,2019-02-13,252.0,0.0534%,0.0029,1.2447,1.1802,-0.7409,2.2913%,2.8874%,37.0247%,-0.0032519999999999,CHGG,14273.0,2019-02-14,252.0,-0.3469%,0.0022,1.2373,1.1667,-0.708,2.0544%,2.6880%,41.5862%,-0.011389,CHGG,14273.0,2019-02-15,252.0,1.0977%,0.0024,1.2583,1.185,-0.6745,2.0462%,2.6875%,42.0274%,-0.002623,CHGG,14273.0,2019-02-19,252.0,0.5297%,0.0024,1.2612,1.1801,-0.6803,2.0453%,2.6871%,42.0631%,0.001393,CHGG,14273.0,2019-02-20,252.0,-1.2645%,0.0023,1.2553,1.1611,-0.7027,2.0460%,2.6868%,42.0130%,-0.013996,CHGG,14273.0,2019-02-21,252.0,2.2679%,0.0023,1.2509,1.1575,-0.7109,2.0515%,2.6892%,41.8041%,0.02642,CHGG,14273.0,2019-02-22,252.0,2.0871%,0.0021,1.2543,1.093,-0.7296,2.0307%,2.6746%,42.3561%,-0.004176,CHGG,14273.0,2019-02-25,252.0,0.9456%,0.0023,1.2504,1.0858,-0.7477,2.0205%,2.6683%,42.6596%,0.009003,CHGG,14273.0,2019-02-26,252.0,-1.4177%,0.0022,1.2507,1.0996,-0.7405,2.0214%,2.6679%,42.5928%,-0.007795,CHGG,0.062042,0.05879,0.047401,0.046171,0.0556269999999999
24275,CHEGG INC,"Chegg Sees Q1 Adj. EBITDA $22M-$23M, Sales $93.5M-$95.5M vs $93.3M Estimate",6,increase,0.7,0.5,"the reported adjusted ebitda and sales figures are in line with or slightly above estimates, which may positively influence investor sentiment and lead to a potential increase in stock price.",2,2019-02-11,CHGG,2019-02-11 21:07:00+00:00,14273.0,16309210,0.0116278398782014,3878994.0,0.0764367803931236,-0.0230047591030597,0.0005339150666259,-0.0123422835022211,-0.003468545153737,-0.0053013009019196,0.0109772384166717,0.0025174866896122,0.0052966307848691,0.0098869623616337,-0.0126448776572942,0.0051107411272823,0.0226788241416215,0.0161569938063621,0.0208713598549366,0.0058038528077304,0.0094556333497166,0.0023268763907253,-0.0141772497445344,-0.0075057251378893,0.0130971278995275,0.0164318531751632,0.0045627453364431,0.0088810855522751,0.0199343189597129,0.013501257635653,-0.0291933827102184,-0.016814149916172,0.0061161532066762,0.0155782038345933,0.0030394867062568,0.0115151843056082,-0.007828221656382,0.0088658183813095,0.004326753783971,0.0231466926634311,0.0177395027130842,-0.0120519557967782,0.0027390590403229,-0.0049200444482266,0.0106779318302869,0.0015398594550788,0.0130220828577876,0.0387076437473297,-0.0033955709077417,0.0222367662936449,0.0031638126820325,0.0234270673245191,0.006792789325118,0.0550847277045249,-0.0137349320575594,-0.0059670088812708,-0.0310285966843366,0.0024630434345453,-0.0731215700507164,0.0150000024586916,0.0144179165363311,0.001788881374523,0.0273531898856163,0.0185860134661197,-0.0331506244838237,0.0858725756406784,0.018898507580161,-0.0239474289119243,0.0100688189268112,-0.0544192790985107,-0.0097061628475785,-0.0555364117026329,0.0140397027134895,-0.0088888965547084,0.0154127525165677,0.015625026077032,-0.038332849740982,-0.0140362838283181,-0.0096308346837759,0.0124782910570502,0.0064829243347048,-0.0276373345404863,-0.0075147286988794,0.0231034513562917,0.0081124724820256,-0.0176151916384697,0.0088519807904958,0.0289299376308918,-0.0077107395045459,-0.0034734413493424,0.0243837051093578,0.0348670482635498,-0.0010463226353749,-0.034698124974966,-0.0144016565755009,0.0311269741505384,0.0042507932521402,0.0021513579413294,0.0087302075698971,0.0249908249825239,0.0201940834522247,0.0477473922073841,0.0020565041340887,0.0003852168447338,0.004361261613667,0.0334394201636314,0.023754796013236,0.0056045358069241,-0.0092316046357154,0.0028101042844355,-0.102241188287735,0.0048406184650957,-0.0255259405821561,-0.0588458329439163,0.0325272642076015,-0.0052869860082864,0.0404237732291221,0.0165067296475172,-0.0056269853375852,0.0061799865216016,-0.0175155345350503,-0.0118321133777499,-0.0030170218087732,-0.032853428274393,0.0764367803931236,-0.0230047591030597,0.0770115062084457,-0.0350631113465306,0.0732758431680673,-0.0401785321446447,0.0908045966677286,-0.0282485854077585,0.1189655057652936,-0.006928342924181,0.1008621385390002,0.2536443462528581,0.0445402145718134,0.2698413220273201,2019-02-12,2019-02-13,2019-02-14,2019-02-15,2019-02-19,2019-02-20,2019-02-21,2019-02-22,2019-02-25,2019-02-26,14273.0,2019-02-11,252.0,1.1628%,0.0027,1.2074,1.1875,-0.7651,2.2700%,2.8560%,36.8232%,0.003664,CHGG,14273.0,2019-02-12,252.0,7.6437%,0.003,1.2503,1.1732,-0.7406,2.2919%,2.8910%,37.1519%,0.058378,CHGG,14273.0,2019-02-13,252.0,0.0534%,0.0029,1.2447,1.1802,-0.7409,2.2913%,2.8874%,37.0247%,-0.0032519999999999,CHGG,14273.0,2019-02-14,252.0,-0.3469%,0.0022,1.2373,1.1667,-0.708,2.0544%,2.6880%,41.5862%,-0.011389,CHGG,14273.0,2019-02-15,252.0,1.0977%,0.0024,1.2583,1.185,-0.6745,2.0462%,2.6875%,42.0274%,-0.002623,CHGG,14273.0,2019-02-19,252.0,0.5297%,0.0024,1.2612,1.1801,-0.6803,2.0453%,2.6871%,42.0631%,0.001393,CHGG,14273.0,2019-02-20,252.0,-1.2645%,0.0023,1.2553,1.1611,-0.7027,2.0460%,2.6868%,42.0130%,-0.013996,CHGG,14273.0,2019-02-21,252.0,2.2679%,0.0023,1.2509,1.1575,-0.7109,2.0515%,2.6892%,41.8041%,0.02642,CHGG,14273.0,2019-02-22,252.0,2.0871%,0.0021,1.2543,1.093,-0.7296,2.0307%,2.6746%,42.3561%,-0.004176,CHGG,14273.0,2019-02-25,252.0,0.9456%,0.0023,1.2504,1.0858,-0.7477,2.0205%,2.6683%,42.6596%,0.009003,CHGG,14273.0,2019-02-26,252.0,-1.4177%,0.0022,1.2507,1.0996,-0.7405,2.0214%,2.6679%,42.5928%,-0.007795,CHGG,0.062042,0.05879,0.047401,0.046171,0.0556269999999999
24283,CHEGG INC,"Chegg Q4 EPS $0.25 Beats $0.21 Estimate, Sales $95.676M Beat $91.65M Estimate",6,increase,0.8,0.6,"the earnings per share and sales both exceeded estimates, which typically signals positive performance and can lead to an increase in stock price.",2,2019-02-11,CHGG,2019-02-11 21:07:00+00:00,14273.0,16309210,0.0116278398782014,3878994.0,0.0764367803931236,-0.0230047591030597,0.0005339150666259,-0.0123422835022211,-0.003468545153737,-0.0053013009019196,0.0109772384166717,0.0025174866896122,0.0052966307848691,0.0098869623616337,-0.0126448776572942,0.0051107411272823,0.0226788241416215,0.0161569938063621,0.0208713598549366,0.0058038528077304,0.0094556333497166,0.0023268763907253,-0.0141772497445344,-0.0075057251378893,0.0130971278995275,0.0164318531751632,0.0045627453364431,0.0088810855522751,0.0199343189597129,0.013501257635653,-0.0291933827102184,-0.016814149916172,0.0061161532066762,0.0155782038345933,0.0030394867062568,0.0115151843056082,-0.007828221656382,0.0088658183813095,0.004326753783971,0.0231466926634311,0.0177395027130842,-0.0120519557967782,0.0027390590403229,-0.0049200444482266,0.0106779318302869,0.0015398594550788,0.0130220828577876,0.0387076437473297,-0.0033955709077417,0.0222367662936449,0.0031638126820325,0.0234270673245191,0.006792789325118,0.0550847277045249,-0.0137349320575594,-0.0059670088812708,-0.0310285966843366,0.0024630434345453,-0.0731215700507164,0.0150000024586916,0.0144179165363311,0.001788881374523,0.0273531898856163,0.0185860134661197,-0.0331506244838237,0.0858725756406784,0.018898507580161,-0.0239474289119243,0.0100688189268112,-0.0544192790985107,-0.0097061628475785,-0.0555364117026329,0.0140397027134895,-0.0088888965547084,0.0154127525165677,0.015625026077032,-0.038332849740982,-0.0140362838283181,-0.0096308346837759,0.0124782910570502,0.0064829243347048,-0.0276373345404863,-0.0075147286988794,0.0231034513562917,0.0081124724820256,-0.0176151916384697,0.0088519807904958,0.0289299376308918,-0.0077107395045459,-0.0034734413493424,0.0243837051093578,0.0348670482635498,-0.0010463226353749,-0.034698124974966,-0.0144016565755009,0.0311269741505384,0.0042507932521402,0.0021513579413294,0.0087302075698971,0.0249908249825239,0.0201940834522247,0.0477473922073841,0.0020565041340887,0.0003852168447338,0.004361261613667,0.0334394201636314,0.023754796013236,0.0056045358069241,-0.0092316046357154,0.0028101042844355,-0.102241188287735,0.0048406184650957,-0.0255259405821561,-0.0588458329439163,0.0325272642076015,-0.0052869860082864,0.0404237732291221,0.0165067296475172,-0.0056269853375852,0.0061799865216016,-0.0175155345350503,-0.0118321133777499,-0.0030170218087732,-0.032853428274393,0.0764367803931236,-0.0230047591030597,0.0770115062084457,-0.0350631113465306,0.0732758431680673,-0.0401785321446447,0.0908045966677286,-0.0282485854077585,0.1189655057652936,-0.006928342924181,0.1008621385390002,0.2536443462528581,0.0445402145718134,0.2698413220273201,2019-02-12,2019-02-13,2019-02-14,2019-02-15,2019-02-19,2019-02-20,2019-02-21,2019-02-22,2019-02-25,2019-02-26,14273.0,2019-02-11,252.0,1.1628%,0.0027,1.2074,1.1875,-0.7651,2.2700%,2.8560%,36.8232%,0.003664,CHGG,14273.0,2019-02-12,252.0,7.6437%,0.003,1.2503,1.1732,-0.7406,2.2919%,2.8910%,37.1519%,0.058378,CHGG,14273.0,2019-02-13,252.0,0.0534%,0.0029,1.2447,1.1802,-0.7409,2.2913%,2.8874%,37.0247%,-0.0032519999999999,CHGG,14273.0,2019-02-14,252.0,-0.3469%,0.0022,1.2373,1.1667,-0.708,2.0544%,2.6880%,41.5862%,-0.011389,CHGG,14273.0,2019-02-15,252.0,1.0977%,0.0024,1.2583,1.185,-0.6745,2.0462%,2.6875%,42.0274%,-0.002623,CHGG,14273.0,2019-02-19,252.0,0.5297%,0.0024,1.2612,1.1801,-0.6803,2.0453%,2.6871%,42.0631%,0.001393,CHGG,14273.0,2019-02-20,252.0,-1.2645%,0.0023,1.2553,1.1611,-0.7027,2.0460%,2.6868%,42.0130%,-0.013996,CHGG,14273.0,2019-02-21,252.0,2.2679%,0.0023,1.2509,1.1575,-0.7109,2.0515%,2.6892%,41.8041%,0.02642,CHGG,14273.0,2019-02-22,252.0,2.0871%,0.0021,1.2543,1.093,-0.7296,2.0307%,2.6746%,42.3561%,-0.004176,CHGG,14273.0,2019-02-25,252.0,0.9456%,0.0023,1.2504,1.0858,-0.7477,2.0205%,2.6683%,42.6596%,0.009003,CHGG,14273.0,2019-02-26,252.0,-1.4177%,0.0022,1.2507,1.0996,-0.7405,2.0214%,2.6679%,42.5928%,-0.007795,CHGG,0.062042,0.05879,0.047401,0.046171,0.0556269999999999
24291,CUMMINS INC,"Cummins Stocks Level-Off As Company Misses EPS, Beats Revenue",6,decrease,0.7,0.6,"missing eps typically signals weaker profitability, which can lead to a decline in investor confidence and a decrease in stock price, despite beating revenue expectations.",0,2019-02-11,CMI,2019-02-11 16:55:00+00:00,41080.0,23102110,-0.0006744409329257,1272192.0,0.0243622679263353,-0.0089559974148869,0.0060610938817262,0.0018077603308483,-0.0086438823491334,-0.0031371058430522,0.0269502736628055,0.0071933264844119,-0.0116421012207865,0.0139049366116523,0.0112585946917533,-0.0027190123219043,-0.0011583247687667,0.0051243510097265,0.0088920295238494,-0.000136659873533,0.0041173403151333,0.0249264631420373,-0.0049333949573338,-0.0273766629397869,0.0003219564387109,0.0205017514526844,-0.0081745898351073,0.0030672878492623,0.0020767559763044,-0.0186755768954753,0.00407997937873,-0.0290914252400398,-0.0035473930183798,0.037629161030054,0.0001941794180311,0.0263847429305315,-0.0014885514974594,0.017782587558031,0.0018148554954677,-0.0094844317063689,0.0224492829293012,0.0049448362551629,0.0024044855963438,0.0015071517555043,-0.0092159546911716,0.0135302292183041,0.000955618568696,0.0019679612014442,0.0019095095340162,0.002630814211443,0.0199479032307863,0.0049203066155314,-0.0027405943255871,0.0415327548980712,-0.0146774472668767,-0.0197930671274662,0.0054513225331902,-0.0019454841967672,-0.0188500210642814,0.0150387035682797,0.0052688559517264,-0.0069391927681863,-0.0011504805879667,0.0115205189213156,-0.0046074180863797,0.0444657690823078,0.00282868812792,-0.0212915558367967,0.0120519874617457,-0.0145261650905013,0.0282511357218027,-0.0059591932222247,-0.0030801454558968,-0.0034261988475918,-0.0023481731768697,-0.0008368247654289,0.0122638326138258,-0.0178571380674839,-0.0009789415635168,-0.0046850959770381,-0.0004899970954284,-0.0110318455845117,-0.009069156832993,0.0116816023364663,0.0051325615495443,-0.0138674844056367,0.0124277370050549,-0.0166667588055133,0.009176043793559,-0.025932865217328,-0.0066237491555511,-0.0278745777904987,0.0136388437822461,-0.0400079116225242,-0.0075349509716033,0.0093340640887618,0.0113279679790139,0.0192982498556375,-0.0112010827288031,-0.0024232675787061,0.0051216608844697,0.0232814792543649,-0.0038366967346519,-0.0136558851227164,-0.024252263829112,0.0164353623986244,0.0074009927920997,-0.0013103616656735,0.0048977779224514,0.0127820204943418,0.0130985369905829,-0.0174993351101875,-0.0049310969188809,-0.0094487080350518,0.0042303558439016,-0.0023735663853585,0.0181741844862699,0.0111081348732113,-0.0093976967036724,0.0171626042574644,-0.0118735404685139,0.0009697934729047,-0.0015699203358963,0.0090165175497531,0.0243622679263353,-0.0089559974148869,0.0305710238011349,-0.0071644273808884,0.0216628891189718,-0.0102790576569419,0.0369821260885729,0.0107013297854874,0.0558724546311049,0.0098066099247742,0.0623990440518713,0.1313038124334056,0.1241292872159938,0.0445171151084249,2019-02-12,2019-02-13,2019-02-14,2019-02-15,2019-02-19,2019-02-20,2019-02-21,2019-02-22,2019-02-25,2019-02-26,41080.0,2019-02-11,252.0,-0.0674%,-0.0003,1.0886,0.0962,0.6342,1.1378%,1.5554%,46.4917%,-0.004405,CMI,41080.0,2019-02-12,252.0,2.4362%,-0.0001,1.1091,0.0779,0.648,1.1284%,1.5618%,47.7986%,0.010516,CMI,41080.0,2019-02-13,252.0,0.6061%,-0.0001,1.1106,0.0764,0.6483,1.1284%,1.5608%,47.7337%,0.002355,CMI,41080.0,2019-02-14,252.0,-0.8644%,-0.0001,1.1114,0.0749,0.6496,1.1284%,1.5618%,47.7942%,-0.003049,CMI,41080.0,2019-02-15,252.0,2.6950%,0.0,1.1337,0.0962,0.6875,1.1246%,1.5710%,48.7550%,0.010985,CMI,41080.0,2019-02-19,252.0,-1.1642%,0.0,1.1352,0.0795,0.6685,1.1251%,1.5722%,48.7933%,-0.016238,CMI,41080.0,2019-02-20,252.0,1.1259%,0.0,1.1365,0.0815,0.6728,1.1255%,1.5737%,48.8501%,0.00515,CMI,41080.0,2019-02-21,252.0,-0.1158%,-0.0,1.1413,0.0924,0.6816,1.1211%,1.5730%,49.2004%,0.004551,CMI,41080.0,2019-02-22,252.0,0.8892%,0.0,1.1397,0.0957,0.6653,1.1232%,1.5739%,49.0710%,0.010885,CMI,41080.0,2019-02-25,252.0,0.4117%,-0.0,1.1413,0.0954,0.6709,1.1202%,1.5726%,49.2554%,0.003754,CMI,41080.0,2019-02-26,252.0,-0.4933%,-0.0,1.1421,0.0951,0.6714,1.1202%,1.5700%,49.0899%,-0.000383,CMI,0.006111,0.008466,0.005417,0.000164,0.024121
24299,COMPASS MINERALS INTL INC,"Compass Minerals International shares are trading lower after the company reported Q4 EPS of $1.41, missing the $1.73 estimate and Q4 sales of $486.5 million, missing the $503.87 million estimate.",6,decrease,0.85,0.7,"the company missed both eps and sales estimates, which typically leads to negative investor sentiment and a decline in stock price.",0,2019-02-11,CMP,2019-02-11 22:09:00+00:00,89952.0,20451N10,0.0140682123601436,344292.0,0.0041809431277215,0.0052305399440228,0.013815282844007,-0.0212363041937351,-0.0117603335529565,0.0086058666929602,0.0243672262877225,-0.0030505212489515,-0.0036880096886307,0.0065246620215475,0.013325952924788,-0.0026794141158461,-0.0056621255353093,-0.0045723314397037,-0.0016531989676877,0.0247950106859207,-0.0025758857373148,0.0128535004332661,-0.0213982630521059,0.0189401283860206,-0.0001884697703644,0.0193058624863624,0.0011312251444906,0.0126871205866336,0.010691056959331,0.0048067579045891,0.0060445731505751,-0.0152295054867863,-0.0071347588673233,0.0292311180382967,-0.0208018589764833,0.0243002586066722,-0.0258787218481302,0.0127444928511977,-0.0013877814635634,0.0270818527787923,0.0081397630274295,-0.0002255939034512,0.0043324385769665,-0.0018018429400399,0.0098039219155907,0.0199862793087959,0.0023300764150917,-0.0016054976731538,0.036807470023632,0.0215557198971509,-0.0130792371928691,0.0259615834802389,-0.0058690151199698,0.0465408414602279,-0.0055227023549377,-0.0414757952094078,0.0811948999762535,-0.0052769826725125,-0.0575628764927387,0.0133689660578966,-0.0140950949862599,-0.0055595734156668,0.009531071409583,0.021481454372406,0.004342891741544,0.0384615398943424,0.0013160310918465,-0.0324981734156608,0.0208411682397127,0.0087588159367442,0.0117711862549185,-0.0447048209607601,-0.0032720686867833,-0.0383907631039619,0.003100458998233,-0.0493880771100521,0.0223636273294687,-0.0030501787550747,0.0085363602265715,-0.0200682878494262,0.0192205999046564,-0.0025553435552865,-0.0121107399463653,0.0064294734038412,0.0246935188770294,-0.0267000161111354,-0.0143565228208899,0.001253081834875,0.0100572537630796,-0.0154225779697299,-0.0121888257563114,-0.0010271001374349,0.0086896074935793,-0.0580495335161685,-0.0044797058217227,0.0315369628369808,-0.0050189876928925,0.0196628887206316,-0.0304400753229856,-0.002801108174026,0.0434158258140087,0.0369294360280036,-0.0185694303363561,0.0029130126349627,-0.0215487610548734,-0.005997871980071,0.0243509523570537,0.0002068332978524,0.0108373146504163,-0.011249728500843,-0.0076085496693849,-0.0506796240806579,-0.0334552749991416,-0.0190476197749376,-0.0068505690433084,0.0176390744745731,0.0239607859402895,0.0328328199684619,-0.0010636654915288,-0.0008001783280633,-0.0461401678621769,-0.0178781896829605,-0.008000005967915,-0.0171847734600305,0.0041809431277215,0.0052305399440228,0.0180539868835927,-0.0161168415870609,0.0060813324229243,-0.0076496742843105,0.0267958931373013,-0.0042218609209705,0.0081718047849144,0.0455369390499034,0.0202959468289243,0.2812345468844119,0.0272315079753724,0.0163298490367955,2019-02-12,2019-02-13,2019-02-14,2019-02-15,2019-02-19,2019-02-20,2019-02-21,2019-02-22,2019-02-25,2019-02-26,89952.0,2019-02-11,252.0,1.4068%,-0.0007,1.2602,0.7229,0.476,1.9974%,2.3838%,29.7884%,0.006259,CMP,89952.0,2019-02-12,252.0,0.4181%,-0.0008,1.249,0.7287,0.4693,1.9980%,2.3799%,29.5167%,-0.012394,CMP,89952.0,2019-02-13,252.0,1.3815%,-0.0007,1.2502,0.7309,0.4721,1.9990%,2.3802%,29.4628%,0.009452,CMP,89952.0,2019-02-14,252.0,-1.1760%,-0.0008,1.2529,0.7259,0.4768,1.9994%,2.3811%,29.4886%,-0.010297,CMP,89952.0,2019-02-15,252.0,2.4367%,-0.0005,1.2942,0.7638,0.5448,1.9797%,2.3825%,30.9553%,0.006006,CMP,89952.0,2019-02-19,252.0,-0.3688%,-0.0003,1.3177,0.7221,0.4959,1.9131%,2.3415%,33.2455%,-0.010096,CMP,89952.0,2019-02-20,252.0,1.3326%,-0.0002,1.3202,0.7306,0.5056,1.9131%,2.3429%,33.3299%,0.0064059999999999,CMP,89952.0,2019-02-21,252.0,-0.5662%,-0.0002,1.3189,0.7282,0.5032,1.9130%,2.3413%,33.2410%,0.000797,CMP,89952.0,2019-02-22,252.0,-0.1653%,-0.0002,1.3198,0.7282,0.5142,1.9134%,2.3413%,33.2111%,-0.006934,CMP,89952.0,2019-02-25,252.0,-0.2576%,-0.0002,1.3202,0.7294,0.5163,1.9133%,2.3413%,33.2194%,-0.001837,CMP,89952.0,2019-02-26,252.0,-2.1398%,-0.0003,1.3246,0.7429,0.5264,1.9149%,2.3436%,33.2351%,-0.013014,CMP,-0.006135,0.0033169999999999,-0.00698,-0.01107,-0.025652
24307,COMPASS MINERALS INTL INC,"Compass Minerals Q4 EPS $1.41 Misses $1.73 Estimate, Sales $486.5M Miss $503.87M Estimate",6,decrease,0.8,0.7,"the company's earnings per share and sales both missed analyst estimates, which typically leads to a negative reaction in stock prices.",0,2019-02-11,CMP,2019-02-11 21:21:00+00:00,89952.0,20451N10,0.0140682123601436,344292.0,0.0041809431277215,0.0052305399440228,0.013815282844007,-0.0212363041937351,-0.0117603335529565,0.0086058666929602,0.0243672262877225,-0.0030505212489515,-0.0036880096886307,0.0065246620215475,0.013325952924788,-0.0026794141158461,-0.0056621255353093,-0.0045723314397037,-0.0016531989676877,0.0247950106859207,-0.0025758857373148,0.0128535004332661,-0.0213982630521059,0.0189401283860206,-0.0001884697703644,0.0193058624863624,0.0011312251444906,0.0126871205866336,0.010691056959331,0.0048067579045891,0.0060445731505751,-0.0152295054867863,-0.0071347588673233,0.0292311180382967,-0.0208018589764833,0.0243002586066722,-0.0258787218481302,0.0127444928511977,-0.0013877814635634,0.0270818527787923,0.0081397630274295,-0.0002255939034512,0.0043324385769665,-0.0018018429400399,0.0098039219155907,0.0199862793087959,0.0023300764150917,-0.0016054976731538,0.036807470023632,0.0215557198971509,-0.0130792371928691,0.0259615834802389,-0.0058690151199698,0.0465408414602279,-0.0055227023549377,-0.0414757952094078,0.0811948999762535,-0.0052769826725125,-0.0575628764927387,0.0133689660578966,-0.0140950949862599,-0.0055595734156668,0.009531071409583,0.021481454372406,0.004342891741544,0.0384615398943424,0.0013160310918465,-0.0324981734156608,0.0208411682397127,0.0087588159367442,0.0117711862549185,-0.0447048209607601,-0.0032720686867833,-0.0383907631039619,0.003100458998233,-0.0493880771100521,0.0223636273294687,-0.0030501787550747,0.0085363602265715,-0.0200682878494262,0.0192205999046564,-0.0025553435552865,-0.0121107399463653,0.0064294734038412,0.0246935188770294,-0.0267000161111354,-0.0143565228208899,0.001253081834875,0.0100572537630796,-0.0154225779697299,-0.0121888257563114,-0.0010271001374349,0.0086896074935793,-0.0580495335161685,-0.0044797058217227,0.0315369628369808,-0.0050189876928925,0.0196628887206316,-0.0304400753229856,-0.002801108174026,0.0434158258140087,0.0369294360280036,-0.0185694303363561,0.0029130126349627,-0.0215487610548734,-0.005997871980071,0.0243509523570537,0.0002068332978524,0.0108373146504163,-0.011249728500843,-0.0076085496693849,-0.0506796240806579,-0.0334552749991416,-0.0190476197749376,-0.0068505690433084,0.0176390744745731,0.0239607859402895,0.0328328199684619,-0.0010636654915288,-0.0008001783280633,-0.0461401678621769,-0.0178781896829605,-0.008000005967915,-0.0171847734600305,0.0041809431277215,0.0052305399440228,0.0180539868835927,-0.0161168415870609,0.0060813324229243,-0.0076496742843105,0.0267958931373013,-0.0042218609209705,0.0081718047849144,0.0455369390499034,0.0202959468289243,0.2812345468844119,0.0272315079753724,0.0163298490367955,2019-02-12,2019-02-13,2019-02-14,2019-02-15,2019-02-19,2019-02-20,2019-02-21,2019-02-22,2019-02-25,2019-02-26,89952.0,2019-02-11,252.0,1.4068%,-0.0007,1.2602,0.7229,0.476,1.9974%,2.3838%,29.7884%,0.006259,CMP,89952.0,2019-02-12,252.0,0.4181%,-0.0008,1.249,0.7287,0.4693,1.9980%,2.3799%,29.5167%,-0.012394,CMP,89952.0,2019-02-13,252.0,1.3815%,-0.0007,1.2502,0.7309,0.4721,1.9990%,2.3802%,29.4628%,0.009452,CMP,89952.0,2019-02-14,252.0,-1.1760%,-0.0008,1.2529,0.7259,0.4768,1.9994%,2.3811%,29.4886%,-0.010297,CMP,89952.0,2019-02-15,252.0,2.4367%,-0.0005,1.2942,0.7638,0.5448,1.9797%,2.3825%,30.9553%,0.006006,CMP,89952.0,2019-02-19,252.0,-0.3688%,-0.0003,1.3177,0.7221,0.4959,1.9131%,2.3415%,33.2455%,-0.010096,CMP,89952.0,2019-02-20,252.0,1.3326%,-0.0002,1.3202,0.7306,0.5056,1.9131%,2.3429%,33.3299%,0.0064059999999999,CMP,89952.0,2019-02-21,252.0,-0.5662%,-0.0002,1.3189,0.7282,0.5032,1.9130%,2.3413%,33.2410%,0.000797,CMP,89952.0,2019-02-22,252.0,-0.1653%,-0.0002,1.3198,0.7282,0.5142,1.9134%,2.3413%,33.2111%,-0.006934,CMP,89952.0,2019-02-25,252.0,-0.2576%,-0.0002,1.3202,0.7294,0.5163,1.9133%,2.3413%,33.2194%,-0.001837,CMP,89952.0,2019-02-26,252.0,-2.1398%,-0.0003,1.3246,0.7429,0.5264,1.9149%,2.3436%,33.2351%,-0.013014,CMP,-0.006135,0.0033169999999999,-0.00698,-0.01107,-0.025652
24315,COMTECH TELECOMMUNICATIONS CORP,Comtech Telecom Wins $11.9M In Orders For Cyber Training,6,increase,0.75,0.6,"the announcement of winning significant orders for cyber training is likely to be viewed positively by investors, suggesting potential revenue growth for comtech telecommunications corp.",2,2019-02-11,CMTL,2019-02-11 14:04:00+00:00,26201.0,20582620,0.0157790780067443,83914.0,0.0248543452471494,0.0079523166641592,0.0026525084394961,-0.0259488802403211,0.0185185819864273,0.0011631941888481,0.0092764375731349,0.0153543818742036,-0.0099264867603778,0.021721601486206,-0.0037133449222892,-0.0044052344746887,0.0119269359856843,0.0,-0.0040515176951885,0.0,-0.0022189856972545,-0.000400329416152,-0.0114899734035134,-0.0230739209800958,-0.0033745837863534,0.0195374712347984,-0.0030097789131104,0.0040032179094851,0.013584928587079,-0.0142068117856979,-0.0059568071737885,-0.0120857497677207,-0.0116105377674102,0.0194753482937812,-0.0049260766245424,0.003189789596945,-0.0959634557366371,0.0056134476326406,-0.0033698368351906,0.0060265627689659,-0.0511411279439926,-0.0020048574078828,0.0080177458003163,-0.0055821128189563,0.0172338187694549,0.0023980601690709,-0.0321459509432315,0.0113177318125963,0.014811486005783,0.0131040001288056,-0.0088456766679883,0.0032867675181478,-0.0191878769546747,0.0167084205895662,0.0104640377685427,-0.0058139283210039,0.0,-0.0106820138171315,-0.046825710684061,0.0167084205895662,0.0165328476577997,-0.0008346640970557,0.0013939952477812,0.0046121049672365,-0.0023201503790915,0.0374075956642627,0.0553488619625568,-0.0472440719604492,0.0233582537621259,-0.0390283316373825,0.016365248709917,-0.0156801100820303,-0.0088983466848731,-0.0169557034969329,-0.0119708757847547,0.0367558933794498,-0.000865445996169,-0.0234100073575973,0.003897797781974,-0.0115696545690298,0.0159619897603988,-0.0065134125761687,-0.0131634594872593,0.0279638040810823,0.0124785248190164,-0.0124465078115463,0.0106247337535023,-0.0959916114807128,0.0,0.1196850761771202,-0.0113540980964899,0.0155937382951378,0.0119098387658596,-0.0413951687514782,0.002532691694796,0.0215348172932863,-0.0042105424217879,0.0130901169031858,-0.0160676185041666,-0.0125343361869454,0.0167597495019435,0.0130952345207333,-0.0008453279151581,-0.0315142087638378,-0.0329948738217353,0.010878037661314,0.0013122825184836,0.0098077682778239,0.0567934103310108,0.0079082185402512,-0.0272839944809675,-0.0351010374724865,-0.0097748171538114,0.0019112857989966,0.0214592274278402,-0.0117113515734672,0.0214285813271999,0.0126243280246853,-0.0139860203489661,-0.0260805059224367,-0.0237797126173973,-0.0088626211509108,-0.0076923207379877,-0.0393756851553916,0.0248543452471494,0.0079523166641592,0.0275727800471718,-0.0182029172889132,0.0466019708214964,-0.0170608966276756,0.0458252544033062,0.0197103687970501,0.0357281575290695,-0.0086038054411703,-0.1631068232745158,0.0671548786905205,-0.0944460057694441,-0.09713928191636,2019-02-12,2019-02-13,2019-02-14,2019-02-15,2019-02-19,2019-02-20,2019-02-21,2019-02-22,2019-02-25,2019-02-26,26201.0,2019-02-11,252.0,1.5779%,0.0009,0.8157,0.7202,0.1391,2.4734%,2.6409%,12.2789%,0.0095389999999999,CMTL,26201.0,2019-02-12,252.0,2.4854%,0.001,0.8325,0.7082,0.1498,2.4724%,2.6443%,12.5831%,0.013753,CMTL,26201.0,2019-02-13,252.0,0.2653%,0.0009,0.8283,0.7148,0.1507,2.4718%,2.6424%,12.4961%,-0.000308,CMTL,26201.0,2019-02-14,252.0,1.8519%,0.001,0.8242,0.7236,0.1415,2.4738%,2.6444%,12.4827%,0.017315,CMTL,26201.0,2019-02-15,252.0,0.9276%,0.0011,0.8368,0.7345,0.1614,2.4713%,2.6448%,12.6898%,-0.002625,CMTL,26201.0,2019-02-19,252.0,-0.9926%,0.001,0.8322,0.7272,0.1535,2.4730%,2.6445%,12.5533%,-0.014231,CMTL,26201.0,2019-02-20,252.0,-0.3713%,0.001,0.8304,0.7265,0.1481,2.4731%,2.6445%,12.5425%,-0.007839,CMTL,26201.0,2019-02-21,252.0,1.1927%,0.001,0.8297,0.7284,0.1467,2.4744%,2.6454%,12.5073%,0.015749,CMTL,26201.0,2019-02-22,252.0,-0.4052%,0.0007,0.8349,0.6379,0.1258,2.4414%,2.6116%,12.6113%,-0.011394,CMTL,26201.0,2019-02-25,252.0,-0.2219%,0.0008,0.8315,0.6357,0.112,2.4344%,2.6050%,12.6690%,-0.001686,CMTL,26201.0,2019-02-26,252.0,-1.1490%,0.0008,0.8446,0.6322,0.12,2.4316%,2.6055%,12.9035%,-0.005822,CMTL,0.023292,0.022984,0.040299,0.023443,0.0124509999999999
24323,C N A FINANCIAL CORP,CNA Financial shares are trading lower after the company reported Q4 EPS of $0.74 versus the $0.82 estimate and revenue of $2.4B versus the $2.6B estimate.,6,decrease,0.8,0.7,"the company's earnings per share and revenue both fell short of analyst estimates, which typically leads to a negative reaction in stock prices.",0,2019-02-11,CNA,2019-02-11 14:43:00+00:00,47626.0,12611710,-0.0777992457151413,1357803.0,0.0069913594052195,-0.0015021393774077,0.0134228616952896,0.0040939156897366,0.0009134714491665,0.0034594561439007,0.0159707255661487,0.0026013208553195,0.0166180487722158,-0.0045317024923861,0.0086149629205465,0.0104666277766227,0.0052562784403562,0.0121385836973786,-0.0067538092844188,0.0086821727454662,-0.0009250905131921,0.0004453595320228,-0.0023148676846176,-0.0031083344947546,-0.0009280070080421,-0.0042007216252386,0.0037157419137656,-0.0044023939408361,0.0055529349483549,0.0030911765061318,0.0016106695402413,-0.0143634350970387,-0.0084998607635498,0.0026183489244431,-0.0039387899450957,0.0108072711154818,-0.00465226219967,0.0022103993687778,0.0067773056216537,0.0100469021126627,0.0058031566441059,0.0020134262740612,-0.0006924208137206,-0.0035666483454406,-0.0013856249861419,0.0142437499016523,0.0009250022703781,0.0065999301150441,0.006469561252743,-0.006781262345612,0.0112488027662038,-0.0127203678712248,-0.0090805385261774,0.0279880985617637,-0.0142039572820067,-0.0011457203654572,0.0069719511084258,-0.0115515766665339,-0.0129241021350026,0.0013608839362859,-0.0098200133070349,0.0006808619946241,0.0082645174115896,0.0052475365810096,0.0070257429033517,0.0425785183906555,0.0044185728766024,-0.0264010969549417,0.0037045578937977,-0.0043808771297335,0.0161476545035839,-0.0131968557834625,-0.0143019538372755,0.0048010763712227,0.0039152922108769,-0.0034175829496234,0.0045882258564233,0.0,0.001598531496711,-0.0074627278372645,-0.0059280013665556,0.0165517516434192,-0.0071100359782576,-0.0032080521341413,0.0110880006104707,-0.0122227454558014,0.0123372375965118,-0.0080826357007026,0.0011283962521702,-0.0117594581097364,-0.0009017338743433,-0.0137855811044573,0.0130866840481758,-0.0286928471177816,-0.0091313989832997,0.0027706963010132,0.0002247318770969,-0.0059322584420442,-0.003595502115786,-0.0088197849690914,0.0009021406294777,0.0289541967213153,0.0013519052881747,-0.0155286015942692,0.0072007132694125,0.0127100422978401,0.0125112021341919,0.0051970086060464,0.0132391545921564,-0.0090128369629383,0.008928651921451,-0.0164626967161893,-0.0148932095617055,0.0067998231388628,-0.0006572913844138,0.0065818023867905,0.0037272125482559,0.008565261028707,-0.0013105627149343,-0.0252556689083576,-0.0159667432308197,0.0046131522394716,0.0060012587346136,-0.0120157822966575,0.0069913594052195,-0.0015021393774077,0.0205080651508675,0.0025856266803634,0.021440270132027,0.0060540276863694,0.054998849188792,0.0041000996858493,0.0590163071714047,0.033081656942264,0.0491879056696806,0.0616015694438261,0.1120899797644068,-0.0288780489141451,2019-02-12,2019-02-13,2019-02-14,2019-02-15,2019-02-19,2019-02-20,2019-02-21,2019-02-22,2019-02-25,2019-02-26,47626.0,2019-02-11,252.0,-7.7799%,-0.0001,0.8507,-0.4399,0.69,1.1065%,1.4164%,38.9780%,-0.078517,CNA,47626.0,2019-02-12,252.0,0.6991%,-0.0001,0.8488,-0.4399,0.689,1.1066%,1.4137%,38.7203%,-0.003418,CNA,47626.0,2019-02-13,252.0,1.3423%,-0.0002,0.8338,-0.4102,0.6969,1.0849%,1.3838%,38.5316%,0.010728,CNA,47626.0,2019-02-14,252.0,0.0913%,-0.0002,0.831,-0.4057,0.6932,1.0843%,1.3819%,38.4363%,0.00874,CNA,47626.0,2019-02-15,252.0,1.5971%,-0.0001,0.8441,-0.3934,0.7152,1.0818%,1.3856%,39.0505%,0.004167,CNA,47626.0,2019-02-19,252.0,1.6618%,-0.0001,0.8423,-0.3783,0.7324,1.0813%,1.3832%,38.8903%,0.01391,CNA,47626.0,2019-02-20,252.0,0.8615%,-0.0001,0.8429,-0.3791,0.734,1.0811%,1.3839%,38.9753%,0.003719,CNA,47626.0,2019-02-21,252.0,0.5256%,-0.0001,0.8405,-0.3819,0.7294,1.0828%,1.3838%,38.7708%,0.009698,CNA,47626.0,2019-02-22,252.0,-0.6754%,-0.0001,0.8409,-0.3954,0.7223,1.0810%,1.3840%,39.0010%,0.0005059999999999,CNA,47626.0,2019-02-25,252.0,-0.0925%,-0.0001,0.8396,-0.3957,0.7175,1.0788%,1.3813%,39.0017%,-0.002014,CNA,47626.0,2019-02-26,252.0,-0.2315%,-0.0001,0.8403,-0.3947,0.7184,1.0789%,1.3790%,38.7904%,-0.001236,CNA,-0.081935,-0.071207,-0.062467,-0.04439,-0.033717
24331,C N A FINANCIAL CORP,CNA Financial Q4 EPS $(0.08) May Not Compare to $0.82 Estimate,6,decrease,0.85,0.7,"the reported q4 eps of $(0.08) significantly misses the $0.82 estimate, likely leading to negative investor sentiment and a decrease in stock price.",0,2019-02-11,CNA,2019-02-11 11:10:00+00:00,47626.0,12611710,-0.0777992457151413,1357803.0,0.0069913594052195,-0.0015021393774077,0.0134228616952896,0.0040939156897366,0.0009134714491665,0.0034594561439007,0.0159707255661487,0.0026013208553195,0.0166180487722158,-0.0045317024923861,0.0086149629205465,0.0104666277766227,0.0052562784403562,0.0121385836973786,-0.0067538092844188,0.0086821727454662,-0.0009250905131921,0.0004453595320228,-0.0023148676846176,-0.0031083344947546,-0.0009280070080421,-0.0042007216252386,0.0037157419137656,-0.0044023939408361,0.0055529349483549,0.0030911765061318,0.0016106695402413,-0.0143634350970387,-0.0084998607635498,0.0026183489244431,-0.0039387899450957,0.0108072711154818,-0.00465226219967,0.0022103993687778,0.0067773056216537,0.0100469021126627,0.0058031566441059,0.0020134262740612,-0.0006924208137206,-0.0035666483454406,-0.0013856249861419,0.0142437499016523,0.0009250022703781,0.0065999301150441,0.006469561252743,-0.006781262345612,0.0112488027662038,-0.0127203678712248,-0.0090805385261774,0.0279880985617637,-0.0142039572820067,-0.0011457203654572,0.0069719511084258,-0.0115515766665339,-0.0129241021350026,0.0013608839362859,-0.0098200133070349,0.0006808619946241,0.0082645174115896,0.0052475365810096,0.0070257429033517,0.0425785183906555,0.0044185728766024,-0.0264010969549417,0.0037045578937977,-0.0043808771297335,0.0161476545035839,-0.0131968557834625,-0.0143019538372755,0.0048010763712227,0.0039152922108769,-0.0034175829496234,0.0045882258564233,0.0,0.001598531496711,-0.0074627278372645,-0.0059280013665556,0.0165517516434192,-0.0071100359782576,-0.0032080521341413,0.0110880006104707,-0.0122227454558014,0.0123372375965118,-0.0080826357007026,0.0011283962521702,-0.0117594581097364,-0.0009017338743433,-0.0137855811044573,0.0130866840481758,-0.0286928471177816,-0.0091313989832997,0.0027706963010132,0.0002247318770969,-0.0059322584420442,-0.003595502115786,-0.0088197849690914,0.0009021406294777,0.0289541967213153,0.0013519052881747,-0.0155286015942692,0.0072007132694125,0.0127100422978401,0.0125112021341919,0.0051970086060464,0.0132391545921564,-0.0090128369629383,0.008928651921451,-0.0164626967161893,-0.0148932095617055,0.0067998231388628,-0.0006572913844138,0.0065818023867905,0.0037272125482559,0.008565261028707,-0.0013105627149343,-0.0252556689083576,-0.0159667432308197,0.0046131522394716,0.0060012587346136,-0.0120157822966575,0.0069913594052195,-0.0015021393774077,0.0205080651508675,0.0025856266803634,0.021440270132027,0.0060540276863694,0.054998849188792,0.0041000996858493,0.0590163071714047,0.033081656942264,0.0491879056696806,0.0616015694438261,0.1120899797644068,-0.0288780489141451,2019-02-12,2019-02-13,2019-02-14,2019-02-15,2019-02-19,2019-02-20,2019-02-21,2019-02-22,2019-02-25,2019-02-26,47626.0,2019-02-11,252.0,-7.7799%,-0.0001,0.8507,-0.4399,0.69,1.1065%,1.4164%,38.9780%,-0.078517,CNA,47626.0,2019-02-12,252.0,0.6991%,-0.0001,0.8488,-0.4399,0.689,1.1066%,1.4137%,38.7203%,-0.003418,CNA,47626.0,2019-02-13,252.0,1.3423%,-0.0002,0.8338,-0.4102,0.6969,1.0849%,1.3838%,38.5316%,0.010728,CNA,47626.0,2019-02-14,252.0,0.0913%,-0.0002,0.831,-0.4057,0.6932,1.0843%,1.3819%,38.4363%,0.00874,CNA,47626.0,2019-02-15,252.0,1.5971%,-0.0001,0.8441,-0.3934,0.7152,1.0818%,1.3856%,39.0505%,0.004167,CNA,47626.0,2019-02-19,252.0,1.6618%,-0.0001,0.8423,-0.3783,0.7324,1.0813%,1.3832%,38.8903%,0.01391,CNA,47626.0,2019-02-20,252.0,0.8615%,-0.0001,0.8429,-0.3791,0.734,1.0811%,1.3839%,38.9753%,0.003719,CNA,47626.0,2019-02-21,252.0,0.5256%,-0.0001,0.8405,-0.3819,0.7294,1.0828%,1.3838%,38.7708%,0.009698,CNA,47626.0,2019-02-22,252.0,-0.6754%,-0.0001,0.8409,-0.3954,0.7223,1.0810%,1.3840%,39.0010%,0.0005059999999999,CNA,47626.0,2019-02-25,252.0,-0.0925%,-0.0001,0.8396,-0.3957,0.7175,1.0788%,1.3813%,39.0017%,-0.002014,CNA,47626.0,2019-02-26,252.0,-0.2315%,-0.0001,0.8403,-0.3947,0.7184,1.0789%,1.3790%,38.7904%,-0.001236,CNA,-0.081935,-0.071207,-0.062467,-0.04439,-0.033717
24339,CAMPBELL SOUP CO,'Garden Fresh founder bids to buy company back from Campbell Soup Co. -Crain's Detroit Business,6,uncertain,0.6,0.3,"the bid for garden fresh to buy back from campbell soup co. introduces uncertainty regarding the company's future strategy and potential financial implications, which could affect investor sentiment in various ways.",1,2019-02-11,CPB,2019-02-11 20:28:00+00:00,25320.0,13442910,-0.0037912237457931,2357023.0,0.0117096463218331,0.002631583251059,0.0028934741858392,0.0002925456792581,-0.0060588312335312,-0.0220251847058534,0.0098693799227476,-0.0014281416079029,0.0063235815614461,0.0,0.0048558125272393,-0.0118544166907668,0.007390514947474,0.0154772410169243,-0.0736455097794532,0.0115974973887205,-0.0173622742295265,-0.0034671751782298,0.0201488398015499,0.0108060427010059,0.1002734526991844,-0.0138248708099126,-0.0052471314556896,-0.0186546016484499,0.009161521680653,-0.0002825182746164,-0.0096285687759518,-0.0028177595231682,0.0027777354698628,-0.0081050060689449,0.0011080586118623,0.0141723360866308,-0.006087471731007,-0.0070363073609769,0.0027840281836688,0.0139839565381407,-0.0033314528409391,0.0,-0.0236769430339336,0.0162413399666547,0.0062767826020717,0.0087770400568842,0.010490471497178,0.0175647567957639,0.0103815635666251,0.0074206450954079,0.0152736203745007,0.0258830226957798,-0.0071116555482149,0.0055113383568823,0.0005509768379852,0.0123993037268519,0.0424009077250957,-0.0221280176192522,0.0100370068103075,-0.0134568475186824,0.0010459492914378,-0.0017910858150571,0.0062696365639567,-0.0218978095799684,-0.0147974994033575,0.0248354841023683,0.0092226210981607,-0.0651748776435852,-0.0044385944493114,-0.0509688928723335,-0.0073433672077953,-0.0253558419644832,-0.0060766064561903,0.0041569196619093,-0.0098351659253239,-0.0087561197578907,0.0053691482171416,-0.0084269158542156,0.0216287728399038,-0.0060914130881428,0.0070569906383752,0.0138960601761937,0.0249157268553972,0.0010304203024134,-0.000253244274063,0.0291622076183557,0.01354456320405,-0.0013237817911431,0.0037821866571903,-0.0117739597335457,0.0007535488111898,-0.0095879482105374,-0.0102911610156297,-0.0043859179131686,-0.007608400657773,-0.0112245520576834,0.0066444752737879,-0.0108503736555576,-0.0017770930426195,0.0032911663874983,-0.0106815407052636,-0.0002530580095481,0.0025706547312438,0.0125576080754399,-0.0210256334394216,-0.0372563116252422,0.0120481690391898,0.0255566369742155,-0.0077639557421207,-0.0254007093608379,0.0091288071125745,0.054616343230009,-0.009563167579472,-0.0051746638491749,-0.010699369944632,-0.0120142493396997,0.0094961915165185,-0.001021473784931,-0.0015678436029702,-0.0022929974365979,0.000523435184732,0.0020424262620508,0.0094167049974203,0.0051320744678378,0.0117096463218331,0.002631583251059,0.0146370020670298,0.002924898788627,0.0084894877082095,-0.0191647073532919,0.0248828587962606,-0.0205654790452203,-0.0365925048825005,0.0014602582594109,0.1276346841463558,0.0115998496070448,0.139788362097337,-0.1109239452766085,2019-02-12,2019-02-13,2019-02-14,2019-02-15,2019-02-19,2019-02-20,2019-02-21,2019-02-22,2019-02-25,2019-02-26,25320.0,2019-02-11,252.0,-0.3791%,-0.0008,0.2312,-0.4363,0.1074,1.8916%,1.9201%,2.9542%,-0.00167,CPB,25320.0,2019-02-12,252.0,1.1710%,-0.0008,0.2274,-0.4245,0.1034,1.8901%,1.9172%,2.8062%,0.008736,CPB,25320.0,2019-02-13,252.0,0.2893%,-0.0008,0.2238,-0.4172,0.1054,1.8894%,1.9155%,2.7004%,0.002339,CPB,25320.0,2019-02-14,252.0,-0.6059%,-0.0009,0.2238,-0.4186,0.1079,1.8888%,1.9151%,2.7241%,-0.002908,CPB,25320.0,2019-02-15,252.0,0.9869%,-0.0009,0.2257,-0.416,0.1122,1.8893%,1.9157%,2.7278%,0.007769,CPB,25320.0,2019-02-19,252.0,0.6324%,-0.0009,0.2228,-0.4052,0.1246,1.8879%,1.9133%,2.6417%,0.006665,CPB,25320.0,2019-02-20,252.0,0.4856%,-0.0007,0.2272,-0.3824,0.1435,1.8785%,1.9035%,2.6025%,0.004539,CPB,25320.0,2019-02-21,252.0,0.7391%,-0.0007,0.2248,-0.3853,0.139,1.8794%,1.9041%,2.5848%,0.008193,CPB,25320.0,2019-02-22,252.0,-7.3646%,-0.0007,0.2316,-0.313,0.2867,1.8856%,1.9110%,2.6468%,-0.071044,CPB,25320.0,2019-02-25,252.0,-1.7362%,-0.0008,0.2348,-0.3013,0.3047,1.8812%,1.9071%,2.6991%,-0.018108,CPB,25320.0,2019-02-26,252.0,2.0149%,-0.0008,0.2305,-0.3254,0.2892,1.8855%,1.9115%,2.7000%,0.019502,CPB,0.007066,0.009405,0.006497,0.020931,-0.0359869999999999
24347,SALESFORCE INC,Salesforce shares are trading higher after the company earlier unveiled new health cloud tools.,6,increase,0.8,0.6,"the unveiling of new health cloud tools is likely to attract positive investor sentiment and interest, potentially driving up salesforce's stock price.",2,2019-02-11,CRM,2019-02-11 16:37:00+00:00,90215.0,79466L30,0.020680446177721,7125450.0,0.018010064959526,0.0112309148535132,-0.0146814882755279,-0.0202365908771753,-0.0057979593984782,-0.0054091489873826,-0.0026337127201259,0.0080522717908024,0.0098082209005951,0.0118689043447375,-0.0128884082660079,0.0256629195064306,0.0068753100931644,0.0188388135284185,0.0105242915451526,0.027414321899414,0.0003099811146967,-0.0145931523293256,0.0101636052131652,-0.0160945877432823,0.0007361663738265,0.019541161134839,0.0032491344027221,-0.0192320868372917,0.005377359688282,0.0053709503263235,-0.0366498455405235,-0.023342715576291,-0.0096529889851808,0.0179547928273677,-0.0011467664735391,0.0086173024028539,-0.0075896885246038,-0.0043569216504693,-0.0034704918507486,0.0214994810521602,0.016703188419342,-0.0101660452783107,0.0039962250739336,0.0034685104619711,0.0096664065495133,0.0071921893395483,0.0053813941776752,0.0018528978107497,0.0052280845120549,0.0246097594499588,0.0027243047952651,0.0308784749358892,0.0122259696945548,0.057975560426712,-0.0025620581582188,-0.0379934273660183,0.0210384838283062,-0.0103672202676534,-0.0326444879174232,0.0170033313333988,-0.003838978940621,-0.0038461855147033,-0.0091994712129235,0.0333231501281261,-0.0268506836146116,0.0783812254667282,0.0003867815830744,-0.0128549486398696,0.0205567888915538,-0.0377358458936214,0.017743244767189,-0.026151267811656,-0.0041568321175873,-0.0087666539475321,0.0131456023082137,0.011388867162168,-0.0252120960503816,-0.0453151762485504,0.000252291734796,-0.0290492139756679,-0.0005675854044966,0.0074952035211026,-0.0094655137509107,0.0241245944052934,0.0208320338279008,-0.0034968380350619,0.0030578521545976,0.0097095062956213,-0.0001243639271706,-0.0430100001394748,-0.0038579450920224,0.0202527437359094,-0.0087450426071882,-0.0340616628527641,-0.0211103782057762,0.0097366170957684,0.004184428602457,0.0217577535659074,0.0177574772387743,-0.0065415115095674,0.0155580835416913,0.1027128621935844,-0.0103578623384237,0.0089391442015767,0.0221233312040567,0.0358928553760051,0.017597708851099,-0.0126223610714077,-0.0036153655964881,0.0241982117295265,-6.044089604984038e-05,-0.002809717785567,-0.0193529613316059,-0.0870614945888519,-0.0019734324887394,0.0004528459103312,0.0093307448551058,0.024275217205286,-0.0051426249556243,-0.0212620869278907,-0.0344615764915943,0.0127203343436121,-0.000254896673141,-0.0468886829912662,0.018010064959526,0.0112309148535132,0.0030641621264533,-0.009232951452729,-0.0027515631596244,-0.0145921580301106,0.0043774429507783,0.0051325022022294,0.0193233463399573,0.0462801688265108,-0.0031893576742607,0.197416711570038,-0.0190732517020678,0.1442448131932689,2019-02-12,2019-02-13,2019-02-14,2019-02-15,2019-02-19,2019-02-20,2019-02-21,2019-02-22,2019-02-25,2019-02-26,90215.0,2019-02-11,252.0,2.0680%,0.0009,1.2524,-0.139,-1.5079,1.0983%,2.1889%,74.8221%,0.023435,CRM,90215.0,2019-02-12,252.0,1.8010%,0.0009,1.2441,-0.1303,-1.5137,1.0959%,2.1849%,74.8428%,-0.0016589999999999,CRM,90215.0,2019-02-13,252.0,-1.4681%,0.0008,1.2452,-0.1393,-1.5197,1.1005%,2.1859%,74.6523%,-0.017127,CRM,90215.0,2019-02-14,252.0,-0.5798%,0.0008,1.2491,-0.1454,-1.5149,1.0984%,2.1855%,74.7402%,-0.011373,CRM,90215.0,2019-02-15,252.0,-0.2634%,0.0008,1.2423,-0.1525,-1.5273,1.1002%,2.1847%,74.6381%,-0.009214,CRM,90215.0,2019-02-19,252.0,0.9808%,0.0008,1.2409,-0.1402,-1.5133,1.1000%,2.1735%,74.3839%,0.012372,CRM,90215.0,2019-02-20,252.0,-1.2888%,0.0008,1.2389,-0.1444,-1.5204,1.1011%,2.1753%,74.3795%,-0.006715,CRM,90215.0,2019-02-21,252.0,0.6875%,0.0007,1.243,-0.1344,-1.5129,1.0973%,2.1743%,74.5289%,0.007761,CRM,90215.0,2019-02-22,252.0,1.0524%,0.0006,1.2465,-0.1528,-1.4888,1.1024%,2.1750%,74.3122%,-0.019156,CRM,90215.0,2019-02-25,252.0,0.0310%,0.0007,1.2442,-0.1524,-1.4971,1.0958%,2.1731%,74.5731%,-0.004737,CRM,90215.0,2019-02-26,252.0,1.0164%,0.0007,1.2463,-0.1621,-1.5004,1.0958%,2.1715%,74.5357%,0.006138,CRM,0.021776,0.004649,-0.0067239999999999,-0.0035659999999999,-0.0202749999999999
24355,CANADIAN SOLAR INC,UBS Upgrades Canadian Solar to Neutral,6,increase,0.7,0.6,"an upgrade to 'neutral' from ubs suggests a more favorable outlook for canadian solar inc, which could lead to increased investor interest and a potential rise in stock price.",2,2019-02-11,CSIQ,2019-02-11 11:38:00+00:00,91607.0,13663510,0.0369470231235027,818103.0,0.0,0.0019483198411762,-0.0103140790015459,-0.0200477354228496,0.0014210696099326,0.0586154535412788,-0.0283821430057287,-0.0090134404599666,0.0856863781809806,0.0106274839490652,-0.0336322896182537,-0.0839128196239471,0.0292343888431787,0.0325514748692512,0.096483290195465,0.0150631424039602,-0.0296052359044551,0.0024354229681193,0.0105932205915451,0.0522809028625488,0.0142557714134454,0.0755237564444542,0.019429488107562,0.0461360588669776,0.0133819924667477,0.0034721912816166,-0.0224089417606592,-0.0415973365306854,-0.0090053714811801,-0.0082508036866784,-0.0272614564746618,0.0005503703141584,-0.010615712031722,0.0027593397535383,-0.0098712248727679,0.0237288177013397,0.0212396960705518,0.0022650575265288,0.0029711246024817,0.0022700910922139,0.0012696016347035,0.0238234624266624,-0.007607789710164,0.0046701650135219,-0.0080919349566102,0.0196428541094064,0.0017174326349049,0.0262674633413553,0.0064294734038412,0.0812417715787887,0.0059625767171382,0.0484765097498893,-0.1837425976991653,0.0069734607823193,-0.027489660307765,-0.008298747241497,-0.0122666424140334,0.0027739224024116,-0.0172786004841327,-0.0006930165109224,0.0054944213479757,0.0366379469633102,0.0262295883148908,-0.0279329344630241,-0.0079873017966747,-0.0689207017421722,0.0246914122253656,-0.0447205118834972,-0.0052383644506335,-0.0224650241434574,0.0078988745808601,0.0287319850176572,0.0,-0.0390155836939811,0.0094044050201773,-0.0112759955227375,0.0067288340069353,0.0023795906454324,-0.0272493921220302,0.0453979820013046,-0.0058139855973422,-0.0207064654678106,-0.0186071451753377,0.0092193987220525,0.0195016600191593,-0.0121432216838002,0.0005313617875799,-0.0012128840899094,0.0154010048136115,-0.0473714470863342,0.0010459492914378,0.0242603458464145,-0.0067920149303972,-0.0214244835078716,0.0299842022359371,-0.0270422268658876,0.0347293317317962,0.0131278270855546,-0.0039486633613705,0.0497303716838359,-0.0059465230442583,0.0084592932835221,0.0104686440899968,0.0030302568338811,-0.0118401460349559,0.0197774842381477,-0.002496312605217,-0.0085783945396542,0.032532513141632,0.0199999809265136,-0.0111487908288836,0.0505581423640251,0.0514706447720527,0.110867939889431,-0.0662004649639129,0.0231343600898981,0.0054916972294449,-0.0331890359520912,-0.0238331463187933,-0.0287316590547561,0.0,0.0019483198411762,-0.0103140790015459,-0.0181384749823684,-0.0089076664158368,0.0394137836212717,0.0454758218245723,0.0409918770234187,0.1181434781966583,0.0543310822343348,-0.1467416467291289,0.4255023786336029,-0.0782934937723803,0.4414855728330915,2019-02-12,2019-02-13,2019-02-14,2019-02-15,2019-02-19,2019-02-20,2019-02-21,2019-02-22,2019-02-25,2019-02-26,91607.0,2019-02-11,252.0,3.6947%,0.0014,0.9482,0.6634,0.039,2.5365%,2.7539%,15.1673%,0.031282,CSIQ,91607.0,2019-02-12,252.0,0.0000%,0.0015,0.9569,0.6417,0.0473,2.5320%,2.7513%,15.3070%,-0.013061,CSIQ,91607.0,2019-02-13,252.0,-1.0314%,0.0013,0.9407,0.663,0.0474,2.5265%,2.7408%,15.0293%,-0.013511,CSIQ,91607.0,2019-02-14,252.0,0.1421%,0.0012,0.9399,0.6618,0.0505,2.5245%,2.7382%,15.0001%,0.000124,CSIQ,91607.0,2019-02-15,252.0,-2.8382%,0.0011,0.929,0.6475,0.0269,2.5351%,2.7445%,14.6791%,-0.0409999999999999,CSIQ,91607.0,2019-02-19,252.0,8.5686%,0.0015,0.9473,0.6945,0.0783,2.5851%,2.7952%,14.4684%,0.0818619999999999,CSIQ,91607.0,2019-02-20,252.0,-3.3632%,0.0014,0.9378,0.6791,0.0458,2.5954%,2.8033%,14.2870%,-0.037491,CSIQ,91607.0,2019-02-21,252.0,2.9234%,0.0015,0.9329,0.6762,0.0366,2.6027%,2.8087%,14.1282%,0.033185,CSIQ,91607.0,2019-02-22,252.0,9.6483%,0.0018,0.9201,0.7072,-0.0891,2.6563%,2.8709%,14.3933%,0.087139,CSIQ,91607.0,2019-02-25,252.0,-2.9605%,0.0017,0.9192,0.7217,-0.0846,2.6630%,2.8775%,14.3507%,-0.029407,CSIQ,91607.0,2019-02-26,252.0,1.0593%,0.0018,0.9278,0.6931,-0.0927,2.6618%,2.8775%,14.4329%,0.016304,CSIQ,0.018221,0.00471,0.004834,0.045696,0.115426
24363,COMMVAULT SYSTEMS INC,CommVault Systems shares are trading lower after PiperJaffray downgraded its recommendation of the stock from Overweight to Neutral citing 'unachievable' guidance and estimates.,6,decrease,0.8,0.7,"the downgrade from overweight to neutral typically signals a negative outlook, which is likely to lead to a decrease in stock price.",0,2019-02-11,CVLT,2019-02-11 14:53:00+00:00,91463.0,20416610,-0.0266237519681453,631190.0,0.0169822257012128,0.0088547589257359,0.0014777372125536,-0.0079063083976507,0.0008854240877553,0.0081181265413761,0.0035382257774472,0.0014781740028411,0.0074923187494277,0.0237590745091438,-0.0080198748037219,0.000151386950165,0.0054388176649808,0.0060910847969353,-0.0095029463991522,0.0354777686297893,-0.011512896977365,0.0300470758229494,0.0086606219410896,-0.011400113813579,-0.001628432306461,-0.008280262351036,-0.0007414449937641,0.0001592342887306,0.0016322986921295,0.0007969275466166,-0.0145185682922601,0.0033584344200789,-0.016536358743906,0.008060616441071,-0.014521506614983,0.007798530627042,0.0034124588128179,0.0076947836205363,-0.0074200546368956,0.0146179581061005,0.0191559474915266,-0.0144073516130447,0.0010696774115785,0.0044400664046406,-0.0059532802551984,0.0051239896565675,-0.0004607863666024,0.0095110908150672,-0.0070671243593096,0.0251454189419746,0.0071174236945807,0.0068893851712346,0.011368959210813,0.0408749133348465,-0.0047091776505112,-0.0288997199386358,0.0178572330623865,-0.0279235318303108,-0.0326885618269443,0.0228492245078086,-0.0130212977528572,-0.0104487938806414,0.0185330659151077,0.0133657427504658,-0.0053970469161868,0.0672471523284912,-0.0038759689778089,-0.0231632068753242,0.0076264259405434,-0.0472414083778858,0.0135929090902209,-0.0001723551395116,-0.0504419580101966,0.0170055646449327,0.0141228893771767,0.0187533348798751,-0.0009494787082076,-0.0130442073568701,-0.0020592596847563,-0.0218965597450733,0.0,0.0013812470715492,0.0080952113494277,0.0118797430768609,-0.0015745311975479,0.0172383375465869,0.0045734257437288,0.0005334064480848,-0.0089481901377439,-0.0186703838407993,0.006969722919166,0.0107583878561854,-0.0140003049746155,-0.0282775964587926,-0.0189852993935346,-0.0100101828575134,-0.003577837254852,0.0078659215942025,0.0021217735484242,-0.006118297111243,0.0118892434984445,0.0270553193986415,-0.008047642186284,-0.0041716992855072,-0.0056790895760059,-0.000521240348462,0.0029373418074101,0.0029622230213135,0.0009762670961208,0.0312668085098266,-0.1449935287237167,-0.0030454706866294,0.0,-0.0448322892189025,-0.005323170684278,-0.0069668623618781,0.0101299462839961,0.0249042212963104,0.0068117431364953,-0.0076046050526201,-0.0285660680383443,-0.0066952686756849,-0.0241826269775629,-0.0200201664119958,0.0169822257012128,0.0088547589257359,0.018485058180637,0.0008784420732315,0.0193868493841691,0.0090036999185174,0.0306582648677251,0.034503613299502,0.0151788733299713,0.0976236674515347,-0.0253982907239668,0.1865995477584821,-0.2419597512648986,0.15006733907251,2019-02-12,2019-02-13,2019-02-14,2019-02-15,2019-02-19,2019-02-20,2019-02-21,2019-02-22,2019-02-25,2019-02-26,91463.0,2019-02-11,252.0,-2.6624%,0.0007,0.7033,0.3618,-0.8095,1.4306%,1.8056%,37.2236%,-0.028431,CVLT,91463.0,2019-02-12,252.0,1.6982%,0.0007,0.7102,0.3568,-0.8051,1.4303%,1.8083%,37.4380%,0.005869,CVLT,91463.0,2019-02-13,252.0,0.1478%,0.0007,0.7078,0.3605,-0.8047,1.4300%,1.8059%,37.3009%,-0.000261,CVLT,91463.0,2019-02-14,252.0,0.0885%,0.0007,0.7082,0.3574,-0.8001,1.4287%,1.8036%,37.2482%,-0.0042699999999999,CVLT,91463.0,2019-02-15,252.0,0.3538%,0.0006,0.6984,0.3484,-0.8163,1.4274%,1.8003%,37.1412%,-0.001618,CVLT,91463.0,2019-02-19,252.0,0.7492%,0.0007,0.7015,0.3503,-0.8144,1.4276%,1.8001%,37.1042%,0.0075039999999999,CVLT,91463.0,2019-02-20,252.0,-0.8020%,0.0006,0.7002,0.35,-0.8182,1.4278%,1.8007%,37.1318%,-0.005744,CVLT,91463.0,2019-02-21,252.0,0.5439%,0.0007,0.7003,0.3515,-0.818,1.4280%,1.8009%,37.1249%,0.006293,CVLT,91463.0,2019-02-22,252.0,-0.9503%,0.0005,0.705,0.3315,-0.7802,1.4378%,1.8016%,36.3069%,-0.028113,CVLT,91463.0,2019-02-25,252.0,-1.1513%,0.0005,0.7046,0.3378,-0.7784,1.4402%,1.8033%,36.2203%,-0.0132129999999999,CVLT,91463.0,2019-02-26,252.0,0.8661%,0.0005,0.7033,0.3268,-0.7849,1.4412%,1.8030%,36.1047%,0.009282,CVLT,-0.022562,-0.022823,-0.027093,-0.021207,-0.052702
24371,COMMVAULT SYSTEMS INC,"UPDATE: Piper Jaffray Downgrades Commvault As Firm Believes 'the recent management changes are a positive for the company, but view the current estimates and prior guidance as unachievable'",6,decrease,0.8,0.6,"the downgrade by piper jaffray suggests a lack of confidence in the company's current estimates and guidance, which is likely to negatively impact investor sentiment and lead to a decrease in stock price.",0,2019-02-11,CVLT,2019-02-11 13:17:00+00:00,91463.0,20416610,-0.0266237519681453,631190.0,0.0169822257012128,0.0088547589257359,0.0014777372125536,-0.0079063083976507,0.0008854240877553,0.0081181265413761,0.0035382257774472,0.0014781740028411,0.0074923187494277,0.0237590745091438,-0.0080198748037219,0.000151386950165,0.0054388176649808,0.0060910847969353,-0.0095029463991522,0.0354777686297893,-0.011512896977365,0.0300470758229494,0.0086606219410896,-0.011400113813579,-0.001628432306461,-0.008280262351036,-0.0007414449937641,0.0001592342887306,0.0016322986921295,0.0007969275466166,-0.0145185682922601,0.0033584344200789,-0.016536358743906,0.008060616441071,-0.014521506614983,0.007798530627042,0.0034124588128179,0.0076947836205363,-0.0074200546368956,0.0146179581061005,0.0191559474915266,-0.0144073516130447,0.0010696774115785,0.0044400664046406,-0.0059532802551984,0.0051239896565675,-0.0004607863666024,0.0095110908150672,-0.0070671243593096,0.0251454189419746,0.0071174236945807,0.0068893851712346,0.011368959210813,0.0408749133348465,-0.0047091776505112,-0.0288997199386358,0.0178572330623865,-0.0279235318303108,-0.0326885618269443,0.0228492245078086,-0.0130212977528572,-0.0104487938806414,0.0185330659151077,0.0133657427504658,-0.0053970469161868,0.0672471523284912,-0.0038759689778089,-0.0231632068753242,0.0076264259405434,-0.0472414083778858,0.0135929090902209,-0.0001723551395116,-0.0504419580101966,0.0170055646449327,0.0141228893771767,0.0187533348798751,-0.0009494787082076,-0.0130442073568701,-0.0020592596847563,-0.0218965597450733,0.0,0.0013812470715492,0.0080952113494277,0.0118797430768609,-0.0015745311975479,0.0172383375465869,0.0045734257437288,0.0005334064480848,-0.0089481901377439,-0.0186703838407993,0.006969722919166,0.0107583878561854,-0.0140003049746155,-0.0282775964587926,-0.0189852993935346,-0.0100101828575134,-0.003577837254852,0.0078659215942025,0.0021217735484242,-0.006118297111243,0.0118892434984445,0.0270553193986415,-0.008047642186284,-0.0041716992855072,-0.0056790895760059,-0.000521240348462,0.0029373418074101,0.0029622230213135,0.0009762670961208,0.0312668085098266,-0.1449935287237167,-0.0030454706866294,0.0,-0.0448322892189025,-0.005323170684278,-0.0069668623618781,0.0101299462839961,0.0249042212963104,0.0068117431364953,-0.0076046050526201,-0.0285660680383443,-0.0066952686756849,-0.0241826269775629,-0.0200201664119958,0.0169822257012128,0.0088547589257359,0.018485058180637,0.0008784420732315,0.0193868493841691,0.0090036999185174,0.0306582648677251,0.034503613299502,0.0151788733299713,0.0976236674515347,-0.0253982907239668,0.1865995477584821,-0.2419597512648986,0.15006733907251,2019-02-12,2019-02-13,2019-02-14,2019-02-15,2019-02-19,2019-02-20,2019-02-21,2019-02-22,2019-02-25,2019-02-26,91463.0,2019-02-11,252.0,-2.6624%,0.0007,0.7033,0.3618,-0.8095,1.4306%,1.8056%,37.2236%,-0.028431,CVLT,91463.0,2019-02-12,252.0,1.6982%,0.0007,0.7102,0.3568,-0.8051,1.4303%,1.8083%,37.4380%,0.005869,CVLT,91463.0,2019-02-13,252.0,0.1478%,0.0007,0.7078,0.3605,-0.8047,1.4300%,1.8059%,37.3009%,-0.000261,CVLT,91463.0,2019-02-14,252.0,0.0885%,0.0007,0.7082,0.3574,-0.8001,1.4287%,1.8036%,37.2482%,-0.0042699999999999,CVLT,91463.0,2019-02-15,252.0,0.3538%,0.0006,0.6984,0.3484,-0.8163,1.4274%,1.8003%,37.1412%,-0.001618,CVLT,91463.0,2019-02-19,252.0,0.7492%,0.0007,0.7015,0.3503,-0.8144,1.4276%,1.8001%,37.1042%,0.0075039999999999,CVLT,91463.0,2019-02-20,252.0,-0.8020%,0.0006,0.7002,0.35,-0.8182,1.4278%,1.8007%,37.1318%,-0.005744,CVLT,91463.0,2019-02-21,252.0,0.5439%,0.0007,0.7003,0.3515,-0.818,1.4280%,1.8009%,37.1249%,0.006293,CVLT,91463.0,2019-02-22,252.0,-0.9503%,0.0005,0.705,0.3315,-0.7802,1.4378%,1.8016%,36.3069%,-0.028113,CVLT,91463.0,2019-02-25,252.0,-1.1513%,0.0005,0.7046,0.3378,-0.7784,1.4402%,1.8033%,36.2203%,-0.0132129999999999,CVLT,91463.0,2019-02-26,252.0,0.8661%,0.0005,0.7033,0.3268,-0.7849,1.4412%,1.8030%,36.1047%,0.009282,CVLT,-0.022562,-0.022823,-0.027093,-0.021207,-0.052702
24379,COMMVAULT SYSTEMS INC,PiperJaffray Downgrades CommVault Systems to Neutral,6,decrease,0.8,0.6,"a downgrade from an analyst typically signals reduced expectations for the company's performance, which can lead to a decline in stock price.",0,2019-02-11,CVLT,2019-02-11 11:44:00+00:00,91463.0,20416610,-0.0266237519681453,631190.0,0.0169822257012128,0.0088547589257359,0.0014777372125536,-0.0079063083976507,0.0008854240877553,0.0081181265413761,0.0035382257774472,0.0014781740028411,0.0074923187494277,0.0237590745091438,-0.0080198748037219,0.000151386950165,0.0054388176649808,0.0060910847969353,-0.0095029463991522,0.0354777686297893,-0.011512896977365,0.0300470758229494,0.0086606219410896,-0.011400113813579,-0.001628432306461,-0.008280262351036,-0.0007414449937641,0.0001592342887306,0.0016322986921295,0.0007969275466166,-0.0145185682922601,0.0033584344200789,-0.016536358743906,0.008060616441071,-0.014521506614983,0.007798530627042,0.0034124588128179,0.0076947836205363,-0.0074200546368956,0.0146179581061005,0.0191559474915266,-0.0144073516130447,0.0010696774115785,0.0044400664046406,-0.0059532802551984,0.0051239896565675,-0.0004607863666024,0.0095110908150672,-0.0070671243593096,0.0251454189419746,0.0071174236945807,0.0068893851712346,0.011368959210813,0.0408749133348465,-0.0047091776505112,-0.0288997199386358,0.0178572330623865,-0.0279235318303108,-0.0326885618269443,0.0228492245078086,-0.0130212977528572,-0.0104487938806414,0.0185330659151077,0.0133657427504658,-0.0053970469161868,0.0672471523284912,-0.0038759689778089,-0.0231632068753242,0.0076264259405434,-0.0472414083778858,0.0135929090902209,-0.0001723551395116,-0.0504419580101966,0.0170055646449327,0.0141228893771767,0.0187533348798751,-0.0009494787082076,-0.0130442073568701,-0.0020592596847563,-0.0218965597450733,0.0,0.0013812470715492,0.0080952113494277,0.0118797430768609,-0.0015745311975479,0.0172383375465869,0.0045734257437288,0.0005334064480848,-0.0089481901377439,-0.0186703838407993,0.006969722919166,0.0107583878561854,-0.0140003049746155,-0.0282775964587926,-0.0189852993935346,-0.0100101828575134,-0.003577837254852,0.0078659215942025,0.0021217735484242,-0.006118297111243,0.0118892434984445,0.0270553193986415,-0.008047642186284,-0.0041716992855072,-0.0056790895760059,-0.000521240348462,0.0029373418074101,0.0029622230213135,0.0009762670961208,0.0312668085098266,-0.1449935287237167,-0.0030454706866294,0.0,-0.0448322892189025,-0.005323170684278,-0.0069668623618781,0.0101299462839961,0.0249042212963104,0.0068117431364953,-0.0076046050526201,-0.0285660680383443,-0.0066952686756849,-0.0241826269775629,-0.0200201664119958,0.0169822257012128,0.0088547589257359,0.018485058180637,0.0008784420732315,0.0193868493841691,0.0090036999185174,0.0306582648677251,0.034503613299502,0.0151788733299713,0.0976236674515347,-0.0253982907239668,0.1865995477584821,-0.2419597512648986,0.15006733907251,2019-02-12,2019-02-13,2019-02-14,2019-02-15,2019-02-19,2019-02-20,2019-02-21,2019-02-22,2019-02-25,2019-02-26,91463.0,2019-02-11,252.0,-2.6624%,0.0007,0.7033,0.3618,-0.8095,1.4306%,1.8056%,37.2236%,-0.028431,CVLT,91463.0,2019-02-12,252.0,1.6982%,0.0007,0.7102,0.3568,-0.8051,1.4303%,1.8083%,37.4380%,0.005869,CVLT,91463.0,2019-02-13,252.0,0.1478%,0.0007,0.7078,0.3605,-0.8047,1.4300%,1.8059%,37.3009%,-0.000261,CVLT,91463.0,2019-02-14,252.0,0.0885%,0.0007,0.7082,0.3574,-0.8001,1.4287%,1.8036%,37.2482%,-0.0042699999999999,CVLT,91463.0,2019-02-15,252.0,0.3538%,0.0006,0.6984,0.3484,-0.8163,1.4274%,1.8003%,37.1412%,-0.001618,CVLT,91463.0,2019-02-19,252.0,0.7492%,0.0007,0.7015,0.3503,-0.8144,1.4276%,1.8001%,37.1042%,0.0075039999999999,CVLT,91463.0,2019-02-20,252.0,-0.8020%,0.0006,0.7002,0.35,-0.8182,1.4278%,1.8007%,37.1318%,-0.005744,CVLT,91463.0,2019-02-21,252.0,0.5439%,0.0007,0.7003,0.3515,-0.818,1.4280%,1.8009%,37.1249%,0.006293,CVLT,91463.0,2019-02-22,252.0,-0.9503%,0.0005,0.705,0.3315,-0.7802,1.4378%,1.8016%,36.3069%,-0.028113,CVLT,91463.0,2019-02-25,252.0,-1.1513%,0.0005,0.7046,0.3378,-0.7784,1.4402%,1.8033%,36.2203%,-0.0132129999999999,CVLT,91463.0,2019-02-26,252.0,0.8661%,0.0005,0.7033,0.3268,-0.7849,1.4412%,1.8030%,36.1047%,0.009282,CVLT,-0.022562,-0.022823,-0.027093,-0.021207,-0.052702
24387,WISDOMTREE TRUST,Get Paid To Wait On This Europe ETF's Resurgence,6,increase,0.7,0.6,"the phrase 'get paid to wait' suggests potential positive returns for investors, which could attract more interest and investment in the etf, likely leading to an increase in stock price.",2,2019-02-11,DFE,2019-02-11 20:15:00+00:00,91343.0,97717W86,-0.002298462903127,27062.0,0.0115187224000692,-0.007022432051599,0.0017133390065282,-0.0141917569562792,-0.0020602026488631,-0.0015948980581015,0.007360640913248,-0.0011684403289109,0.0111342966556549,0.005728137679398,0.0046455687843263,-0.0025969133712351,-0.0030827249865978,-0.0046527739614248,0.0034358489792793,0.009392887353897,0.0032528440933674,0.0006962735205888,0.008703107945621,-0.0010432543931528,0.0006767199374735,0.0100105321034789,-0.0027049847412854,0.0008788756676949,0.0140701476484537,0.008151676505804,-0.0027031295467168,-0.0084343617781996,-0.0008095752564258,0.0040578604675829,-0.0011742945061996,0.0080028595402836,-0.0233456399291753,-0.0001778473670128,-0.0032674537505954,-0.0014204193139448,0.0091994358226656,-0.0056497124023735,0.0014839919749647,-0.0005293590947985,0.012290840037167,-0.0021130964159965,0.0025295368395745,0.0166487693786621,0.0082421842962503,0.0103092724457383,0.003003008197993,0.0165471881628036,0.0044910255819559,0.0252591930329799,0.0006623764638788,-0.0015057750279083,-0.0073159113526344,-0.0043103364296257,-0.0193021912127733,0.0085050230845808,-0.0064593073911964,0.010890326462686,0.0014542395947501,0.0007648358587175,0.0017128891777247,0.0190958604216575,-0.0041039306670427,-0.0084594059735536,0.0033413313794881,-0.012511845678091,0.0137829445302486,-0.0039652395062148,0.0020256403367966,-0.0041369167156517,0.0134770758450031,0.0035855560563504,-0.0033244807273149,-0.0134052764624357,-0.001501003280282,-0.0173801816999912,0.0017537922831252,-0.0018261226359754,-0.0079199410974979,0.0191699005663394,0.0036974994000047,-0.0014867464778944,0.0036838145460933,-0.0180656556040048,0.0090090241283178,-0.0135013507679104,0.005125684197992,-0.0016175440978258,0.0027964825276285,-0.0259103570133447,0.002206404460594,0.0058108470402657,-0.0035109613090753,-0.0073413420468568,0.0001642299757804,-0.0052164709195494,-0.0042699673213064,0.0133920405060052,-0.0049480330199003,-0.0031617828644812,0.0,0.01461414527148,-0.0005802032537758,0.0008918878738768,0.0078779719769954,0.0104542504996061,0.0032911100424826,-0.0208259858191013,-0.0060686031356453,-0.0073581282049417,-0.0051154713146388,-0.0003502039180602,0.0082932487130165,-0.0107415579259395,-0.0115150641649961,0.0033026672899723,-0.0128141194581985,0.0034885215573012,-0.0011800352949649,-0.0266553424298763,0.0115187224000692,-0.007022432051599,0.0132517968829908,-0.0211145283589599,0.0111642928470871,-0.022675750896784,0.0299485838505686,-0.0182259893261478,0.047492472525962,-0.0165188140768678,0.0373028656392302,0.0814531968587788,0.0527611115606068,-0.0335657413425301,2019-02-12,2019-02-13,2019-02-14,2019-02-15,2019-02-19,2019-02-20,2019-02-21,2019-02-22,2019-02-25,2019-02-26,91343.0,2019-02-11,252.0,-0.2298%,-0.0007,0.6577,0.1476,0.2551,0.6189%,0.9016%,52.8822%,-0.00493,DFE,91343.0,2019-02-12,252.0,1.1519%,-0.0007,0.6596,0.1478,0.256,0.6193%,0.9033%,52.9908%,0.002878,DFE,91343.0,2019-02-13,252.0,0.1713%,-0.0007,0.6564,0.1532,0.257,0.6177%,0.8987%,52.7591%,-0.000501,DFE,91343.0,2019-02-14,252.0,-0.2060%,-0.0007,0.6562,0.1536,0.2567,0.6177%,0.8987%,52.7544%,-8.800000000000001e-05,DFE,91343.0,2019-02-15,252.0,0.7361%,-0.0008,0.6509,0.1487,0.2479,0.6167%,0.8936%,52.3642%,-0.001771,DFE,91343.0,2019-02-19,252.0,1.1134%,-0.0007,0.6526,0.1548,0.2546,0.6195%,0.8956%,52.1512%,0.0086229999999999,DFE,91343.0,2019-02-20,252.0,0.4646%,-0.0007,0.653,0.1549,0.256,0.6196%,0.8960%,52.1873%,0.001565,DFE,91343.0,2019-02-21,252.0,-0.3083%,-0.0007,0.6527,0.1542,0.2553,0.6196%,0.8954%,52.1199%,-6.9e-05,DFE,91343.0,2019-02-22,252.0,0.3436%,-0.0007,0.652,0.1606,0.2537,0.6192%,0.8951%,52.1474%,0.001998,DFE,91343.0,2019-02-25,252.0,0.3253%,-0.0007,0.6526,0.1593,0.2552,0.6188%,0.8951%,52.2028%,0.003049,DFE,91343.0,2019-02-26,252.0,0.8703%,-0.0006,0.6496,0.1452,0.2459,0.6235%,0.8948%,51.4498%,0.011509,DFE,-0.002052,-0.002553,-0.002641,0.0042109999999999,0.0222629999999999
24395,DOLLAR GENERAL CORP NEW,"Dollar General 13G Shows Barrow, Hanley, Mewhinney & Strauss Raised Stake In Co. From ~13.94M Shares To ~14.23M Shares",6,increase,0.7,0.6,"the increase in stake by barrow, hanley, mewhinney & strauss suggests positive sentiment and confidence in dollar general, which could lead to an increase in stock price.",2,2019-02-11,DG,2019-02-11 15:32:00+00:00,93096.0,25667710,0.0079951882362365,1175808.0,0.0064818947575986,-0.0089460937306284,0.0075417286716401,0.00876668933779,-0.0031960040796548,0.0026714715640991,0.0040499777533113,-0.0051440200768411,0.0012605170486494,0.0139081925153732,-0.0013428758829832,-0.003378665773198,-0.0044541456736624,0.0013011930277571,-0.0006753489142283,0.0041811475530266,0.0032100430689752,0.0059586423449218,-0.0031997715122997,-0.0007004746585153,-0.0017739406321197,0.0039560170844197,0.0024540992453694,0.001408607000485,0.0087793422862887,0.0061115571297705,-0.0052719437517225,-0.005549170076847,0.0062252702191472,0.0112229641526937,-0.0028426048811525,0.000534689927008,-0.0032698868308216,0.0003566097584553,-0.0014299980830401,-0.0082228146493434,0.0084238899871706,-0.0255040414631366,-0.00083533936413,-0.0039478125981986,0.0089457379654049,0.0088311396539211,-0.07490886002779,0.0178004633635282,0.0201540663838386,0.0047813076525926,0.0231802556663751,0.0410040095448494,0.0060928440652787,0.0086238905787467,-0.0009382515563629,0.0012069190852344,0.0058909114450216,-0.0034234153572469,-0.0029706202913075,0.0094331009313464,0.0108963884413242,0.005729857366532,0.0001683927839621,0.0048136115074157,-0.0005051575135439,0.0718259811401367,0.0054755415767431,-0.0089231943711638,-0.000502660521306,-0.0059796539135277,-0.0081307729706168,-0.0260143708437681,-0.0037184350658208,-0.0127455852925777,0.0023750851396471,0.0119278095662593,0.0168401915580034,-0.0177176650613546,0.0201397985219955,-0.0111153004691004,0.000326327397488,0.0025498562026768,-0.0071954606100916,-0.0062875202856957,0.0032119865063577,0.0087088048458099,0.0049257543869316,0.0286270938813686,-0.0002451303589623,-0.0373078696429729,0.0120117766782641,0.0247838795185089,-0.001211154856719,-0.0680393800139427,0.0048504942096769,0.0063969646580517,-0.0060337889008224,0.000901780789718,8.089443144854158e-05,0.0048024537973105,0.0054225139319896,0.0254599303007125,0.0145697295665741,-0.000650011061225,0.0026975271757692,0.0172869991511106,-0.0088621228933334,0.0062737991102039,-0.0012773723574355,-0.0008548197220079,0.0079136518761515,-0.0472355559468269,-0.0180029869079589,-0.0081672593951225,0.0065417345613241,-0.0032206173054873,0.0005616600974462,-0.0220472812652587,-0.0027265143580734,-0.0090167615562677,-0.016966875642538,-0.0036282462533563,0.0002453888009767,-0.0029284784104675,0.0064818947575986,-0.0089460937306284,0.0140725081207786,-0.0002578320173616,0.0108315282477589,0.0024129507558348,0.0162047041858481,0.0111265540571443,0.0096375036598037,0.0185639475798344,0.0129637198619581,0.100695443041491,0.0456285380526062,0.004467522516806,2019-02-12,2019-02-13,2019-02-14,2019-02-15,2019-02-19,2019-02-20,2019-02-21,2019-02-22,2019-02-25,2019-02-26,93096.0,2019-02-11,252.0,0.7995%,0.0008,0.7711,0.2624,0.1638,1.4122%,1.6227%,24.2619%,0.004769,DG,93096.0,2019-02-12,252.0,0.6482%,0.0007,0.7549,0.2796,0.1525,1.4047%,1.6102%,23.8924%,-0.003879,DG,93096.0,2019-02-13,252.0,0.7542%,0.0009,0.7748,0.2479,0.1479,1.3799%,1.5970%,25.3383%,0.0050529999999999,DG,93096.0,2019-02-14,252.0,-0.3196%,0.0008,0.7744,0.2457,0.152,1.3766%,1.5934%,25.3588%,-0.0021,DG,93096.0,2019-02-15,252.0,0.4050%,0.0008,0.7831,0.2528,0.1651,1.3736%,1.5934%,25.6875%,-0.006145,DG,93096.0,2019-02-19,252.0,0.1261%,0.0008,0.7796,0.2555,0.1685,1.3723%,1.5895%,25.4633%,-0.0015559999999999,DG,93096.0,2019-02-20,252.0,-0.1343%,0.0008,0.7791,0.2585,0.1677,1.3714%,1.5888%,25.4923%,-0.004413,DG,93096.0,2019-02-21,252.0,-0.4454%,0.0009,0.7697,0.2389,0.1505,1.3606%,1.5751%,25.3794%,-0.001105,DG,93096.0,2019-02-22,252.0,-0.0675%,0.0009,0.7709,0.2273,0.1546,1.3602%,1.5746%,25.3755%,-0.004881,DG,93096.0,2019-02-25,252.0,0.3210%,0.0008,0.7719,0.2273,0.1581,1.3593%,1.5739%,25.4132%,0.002823,DG,93096.0,2019-02-26,252.0,-0.3200%,0.0008,0.7722,0.2282,0.1589,1.3593%,1.5727%,25.3011%,-8.800000000000001e-05,DG,0.0008899999999999,0.0059429999999999,0.0038429999999999,-0.003858,-0.011522
24403,SPDR DOW JONES IND AVG ETF TRUST,A Recession In 2019? Experts Are Divided,6,uncertain,0.6,0.3,"the divided opinions among experts about a potential recession could lead to mixed investor sentiment, making the stock price of the spdr dow jones ind avg etf trust uncertain.",1,2019-02-11,DIA,2019-02-11 19:54:00+00:00,85765.0,78467X10,-0.0015120359603315,2677587.0,0.0143061941489577,-0.0023024477995932,0.004989605396986,-0.0077598821371793,-0.0025019522290676,-0.0003544321807567,0.0164131131023168,0.006499680224806,0.0006186107057146,0.0073459423147141,0.0026660580188035,0.0014393116580322,-0.0037379623390734,-0.0002398175711277,0.0063436143100261,0.0181921198964119,0.0027674259617924,0.0024887826293706,-0.0013415849534794,-0.009256612509489,-0.0025716335512697,0.0078217219561338,-0.0022703518625348,-0.0010174182243645,0.004396847449243,0.0070491852238774,-0.0082175508141517,-0.0123456912115216,-0.0003484448534436,0.0140436831861734,-0.0051125423051416,0.0080211795866489,-0.0080196112394332,0.0050698188133537,-0.0003924133488908,0.0071147438138723,0.0080483807250857,-0.003918636124581,-0.0035052543971687,-0.0004999796510674,0.005823518615216,0.0045203492045402,0.0007383036427199,0.0042030937038362,0.0052210441790521,0.0108769442886114,0.0025160405784845,0.0046098763123154,-0.0004246702883392,0.0333450846374034,-0.0061418274417519,-0.0284538883715868,0.0089003769680857,0.0006861220463179,-0.0177979040890932,0.0118014635518193,0.0004314426041673,-0.0033728219568729,0.0054494221694767,0.0111494371667504,-0.0013647590531036,0.0486474111676216,0.003787440015003,-0.0267302878201007,0.0079742427915334,-0.0182797983288765,0.0125805959105491,-0.0194070730358362,-0.002667831024155,-0.0165992695838213,0.0011845984263345,0.0039335447363555,0.0067938882857561,-0.0206693951040506,0.0014406129484996,-0.0196938570588827,-0.0035584585275501,0.0015861371066421,-0.0064964345656335,0.0067559643648564,0.000344141095411,-0.0019615502096712,-0.0007645726436749,0.001637301640585,0.0102142831310629,-0.0216642785817384,-0.0009846243774518,-0.0040282155387103,0.0027292415034025,-0.0309203211218118,0.0,0.0126023115590214,0.0044893538579344,0.0075712692923843,-0.001845120685175,-0.0009848723420873,0.0053193634375929,0.0256161466240882,-0.0021014618687331,0.0045050554908812,-0.0052271909080445,0.0147440461441874,0.0030620254110544,-0.0075209336355328,0.0003768979513552,0.0006134719587862,0.001318588387221,-0.0214520152658224,-0.0061703398823738,-0.0164928250014782,-0.0048078326508402,0.00565074570477,0.0079503813758492,0.0092064784839749,-0.0026418545749038,-0.0084959845989942,-0.017974043264985,-0.0045629912056028,0.0005395139451138,-0.0225690919905901,0.0143061941489577,-0.0023024477995932,0.0193671818094796,-0.0100444632132207,0.0168167738167128,-0.0103953353129762,0.0341452403454236,0.0033536072750754,0.0410579664030557,0.0158858797333387,0.0269155763463737,0.0996320874473724,0.0403459684521985,-0.0280879165188674,2019-02-12,2019-02-13,2019-02-14,2019-02-15,2019-02-19,2019-02-20,2019-02-21,2019-02-22,2019-02-25,2019-02-26,85765.0,2019-02-11,252.0,-0.1512%,0.0001,1.0083,-0.2712,0.1156,0.2460%,1.0822%,94.8327%,-0.001503,DIA,85765.0,2019-02-12,252.0,1.4306%,0.0001,1.0096,-0.2723,0.1164,0.2459%,1.0823%,94.8403%,0.000744,DIA,85765.0,2019-02-13,252.0,0.4990%,0.0001,1.0088,-0.2702,0.1173,0.2458%,1.0775%,94.7982%,0.0021449999999999,DIA,85765.0,2019-02-14,252.0,-0.2502%,0.0001,1.0086,-0.2693,0.1162,0.2458%,1.0776%,94.7963%,0.001602,DIA,85765.0,2019-02-15,252.0,1.6413%,0.0001,1.0154,-0.2626,0.128,0.2462%,1.0803%,94.8078%,0.005032,DIA,85765.0,2019-02-19,252.0,0.0619%,0.0001,1.0149,-0.263,0.1276,0.2462%,1.0774%,94.7770%,-0.001033,DIA,85765.0,2019-02-20,252.0,0.2666%,0.0001,1.015,-0.2632,0.1277,0.2462%,1.0775%,94.7790%,0.000514,DIA,85765.0,2019-02-21,252.0,-0.3738%,0.0002,1.0132,-0.2668,0.1245,0.2442%,1.0757%,94.8453%,2.7e-05,DIA,85765.0,2019-02-22,252.0,0.6344%,0.0002,1.0128,-0.2654,0.1206,0.2448%,1.0755%,94.8183%,0.002956,DIA,85765.0,2019-02-25,252.0,0.2767%,0.0001,1.0136,-0.2648,0.1241,0.2403%,1.0747%,95.0022%,0.000675,DIA,85765.0,2019-02-26,252.0,-0.1342%,0.0001,1.0157,-0.265,0.1255,0.2397%,1.0714%,94.9960%,-0.001105,DIA,-0.000759,0.0013859999999999,0.0029879999999999,0.0069869999999999,0.0100539999999999
24411,DAILY JOURNAL CORP,"Daily Journal Reports EPS of -15.60/Share For 3 Months Ended December 31, 2018 Compared To EPS Of $10.67/Share In The Prior Year",6,decrease,0.85,0.7,"the significant drop in eps from $10.67 to -$15.60 indicates poor financial performance, which is likely to negatively impact investor sentiment and lead to a decrease in stock price.",0,2019-02-11,DJCO,2019-02-11 18:46:00+00:00,10355.0,23391210,0.0113738467916846,185.0,-0.0254091378301382,0.0325581394135952,0.0051640141755342,-0.022904897108674,-0.0128210596740245,-0.0412200726568698,0.0017040257807821,0.0236396212130785,0.001379324356094,-0.0103730130940675,0.0100091490894556,0.0246031489223241,0.0269115287810564,-0.0053531373851001,0.0027003127615898,-0.0143436742946505,-0.0122731840237975,0.0435638017952442,0.0056765042245388,0.0019238927634432,0.0111111113801598,0.0079672979190945,-0.0110329426825046,0.0,0.0199119765311479,-0.0001868495892267,-0.0019610272720456,-0.0044651473872363,-8.734727452974766e-05,-0.0027829594910144,0.0043668122962117,-0.0132722835987806,-0.02956523001194,0.0069124423898756,0.0013440997572615,-0.008951436728239,0.0076062502339482,0.0021052937954664,-0.0185612458735704,-0.0127417640760541,0.0013573570176959,0.0023550917394459,-0.0028918066527694,-0.0098210787400603,-0.0130505245178937,-0.027900056913495,0.0214416813105344,-0.0068836971186101,-0.0285881273448467,0.0037807791959494,-0.0008791931904852,-0.0355825871229171,-0.004260828718543,0.0196581464260816,-0.0046511627733707,-0.0017064586281776,-0.0046261940151453,0.0103448014706373,0.0980634912848472,0.0206775050610303,-0.0765224993228912,0.0044189128093421,0.0022916439920663,-0.018519340083003,-0.0110625606030225,0.0066361241042613,0.0485754013061523,0.0098315654322505,-0.0378619171679019,-0.009519618935883,0.0371527485549449,0.0227780546993017,-0.0294386856257915,-0.0222707688808441,0.013659575022757,0.0019251069752499,-0.0186479166150093,-0.0252889581024646,0.003282660851255,0.0282169338315725,0.0395391806960105,-0.0164956543594598,-0.0331146419048309,-0.0255505200475454,0.0109577709808945,-0.0029330300167202,0.0010430645197629,0.0070467027835547,0.0012232332956045,0.0020719049498438,0.0151583990082144,0.0021186440717428,-0.0273679476231336,0.0140941850841045,0.0179414004087448,-0.0054700803011655,-0.0050647156313061,-0.00717044621706,0.0090497741475701,0.0106775537133216,-0.0124215437099337,-0.0011992410290986,0.0044271484948694,-0.0106779839843511,0.0089283976703882,0.0042553190141916,-0.0008064910653047,-0.004195115994662,0.0035874575842171,0.0076430765911936,-0.0146560054272413,-0.0158423501998186,0.0093869371339678,0.0180534813553094,-0.0161282923072576,0.0075431033037602,-0.0041552679613232,0.0086956517770886,0.0009629360283724,-0.0024288583081215,-0.0254091378301382,0.0325581394135952,-0.0203763368025469,0.0089075014716029,-0.0329361502464879,-0.0326797390431176,-0.0299520808019876,-0.0200838807829951,0.0021156040629146,0.0291833652487936,0.0417481565944288,-0.0233172162867631,-0.0277251555641337,-0.0371269877886111,2019-02-12,2019-02-13,2019-02-14,2019-02-15,2019-02-19,2019-02-20,2019-02-21,2019-02-22,2019-02-25,2019-02-26,10355.0,2019-02-11,252.0,1.1374%,0.0001,0.3837,0.117,0.1217,1.6332%,1.6788%,5.3640%,0.009886,DJCO,10355.0,2019-02-12,252.0,-2.5409%,-0.0,0.366,0.1173,0.1126,1.6444%,1.6860%,4.8717%,-0.0305439999999999,DJCO,10355.0,2019-02-13,252.0,0.5164%,0.0,0.3704,0.1114,0.1125,1.6437%,1.6860%,4.9576%,0.00389,DJCO,10355.0,2019-02-14,252.0,-1.2821%,-0.0001,0.3722,0.1042,0.1222,1.6421%,1.6843%,4.9556%,-0.01207,DJCO,10355.0,2019-02-15,252.0,0.1704%,0.0,0.3853,0.1157,0.1432,1.6380%,1.6827%,5.2402%,-0.003449,DJCO,10355.0,2019-02-19,252.0,0.1379%,-0.0001,0.3779,0.126,0.1554,1.6311%,1.6739%,5.0440%,-0.0002179999999999,DJCO,10355.0,2019-02-20,252.0,1.0009%,-0.0,0.3813,0.1393,0.1692,1.6299%,1.6734%,5.1260%,0.008059,DJCO,10355.0,2019-02-21,252.0,2.6912%,0.0001,0.3775,0.1377,0.1619,1.6392%,1.6816%,4.9833%,0.028709,DJCO,10355.0,2019-02-22,252.0,0.2700%,0.0,0.378,0.1172,0.1498,1.6363%,1.6790%,5.0159%,0.001769,DJCO,10355.0,2019-02-25,252.0,-1.2273%,-0.0,0.378,0.1234,0.1531,1.6382%,1.6808%,5.0055%,-0.0123659999999999,DJCO,10355.0,2019-02-26,252.0,0.5677%,-0.0001,0.3684,0.1222,0.1453,1.6367%,1.6771%,4.7640%,0.007476,DJCO,-0.0206579999999999,-0.0167679999999999,-0.0288379999999999,-0.032505,0.001142
24419,DAILY JOURNAL CORP,"Daily Journal Q1 EPS $(15.60) vs $10.67 YoY, Sales $10.43M Up From $10.252M YoY",6,decrease,0.8,0.7,"the significant drop in eps from $10.67 to $(15.60) indicates poor profitability, which is likely to negatively impact investor sentiment and lead to a decrease in stock price.",0,2019-02-11,DJCO,2019-02-11 18:44:00+00:00,10355.0,23391210,0.0113738467916846,185.0,-0.0254091378301382,0.0325581394135952,0.0051640141755342,-0.022904897108674,-0.0128210596740245,-0.0412200726568698,0.0017040257807821,0.0236396212130785,0.001379324356094,-0.0103730130940675,0.0100091490894556,0.0246031489223241,0.0269115287810564,-0.0053531373851001,0.0027003127615898,-0.0143436742946505,-0.0122731840237975,0.0435638017952442,0.0056765042245388,0.0019238927634432,0.0111111113801598,0.0079672979190945,-0.0110329426825046,0.0,0.0199119765311479,-0.0001868495892267,-0.0019610272720456,-0.0044651473872363,-8.734727452974766e-05,-0.0027829594910144,0.0043668122962117,-0.0132722835987806,-0.02956523001194,0.0069124423898756,0.0013440997572615,-0.008951436728239,0.0076062502339482,0.0021052937954664,-0.0185612458735704,-0.0127417640760541,0.0013573570176959,0.0023550917394459,-0.0028918066527694,-0.0098210787400603,-0.0130505245178937,-0.027900056913495,0.0214416813105344,-0.0068836971186101,-0.0285881273448467,0.0037807791959494,-0.0008791931904852,-0.0355825871229171,-0.004260828718543,0.0196581464260816,-0.0046511627733707,-0.0017064586281776,-0.0046261940151453,0.0103448014706373,0.0980634912848472,0.0206775050610303,-0.0765224993228912,0.0044189128093421,0.0022916439920663,-0.018519340083003,-0.0110625606030225,0.0066361241042613,0.0485754013061523,0.0098315654322505,-0.0378619171679019,-0.009519618935883,0.0371527485549449,0.0227780546993017,-0.0294386856257915,-0.0222707688808441,0.013659575022757,0.0019251069752499,-0.0186479166150093,-0.0252889581024646,0.003282660851255,0.0282169338315725,0.0395391806960105,-0.0164956543594598,-0.0331146419048309,-0.0255505200475454,0.0109577709808945,-0.0029330300167202,0.0010430645197629,0.0070467027835547,0.0012232332956045,0.0020719049498438,0.0151583990082144,0.0021186440717428,-0.0273679476231336,0.0140941850841045,0.0179414004087448,-0.0054700803011655,-0.0050647156313061,-0.00717044621706,0.0090497741475701,0.0106775537133216,-0.0124215437099337,-0.0011992410290986,0.0044271484948694,-0.0106779839843511,0.0089283976703882,0.0042553190141916,-0.0008064910653047,-0.004195115994662,0.0035874575842171,0.0076430765911936,-0.0146560054272413,-0.0158423501998186,0.0093869371339678,0.0180534813553094,-0.0161282923072576,0.0075431033037602,-0.0041552679613232,0.0086956517770886,0.0009629360283724,-0.0024288583081215,-0.0254091378301382,0.0325581394135952,-0.0203763368025469,0.0089075014716029,-0.0329361502464879,-0.0326797390431176,-0.0299520808019876,-0.0200838807829951,0.0021156040629146,0.0291833652487936,0.0417481565944288,-0.0233172162867631,-0.0277251555641337,-0.0371269877886111,2019-02-12,2019-02-13,2019-02-14,2019-02-15,2019-02-19,2019-02-20,2019-02-21,2019-02-22,2019-02-25,2019-02-26,10355.0,2019-02-11,252.0,1.1374%,0.0001,0.3837,0.117,0.1217,1.6332%,1.6788%,5.3640%,0.009886,DJCO,10355.0,2019-02-12,252.0,-2.5409%,-0.0,0.366,0.1173,0.1126,1.6444%,1.6860%,4.8717%,-0.0305439999999999,DJCO,10355.0,2019-02-13,252.0,0.5164%,0.0,0.3704,0.1114,0.1125,1.6437%,1.6860%,4.9576%,0.00389,DJCO,10355.0,2019-02-14,252.0,-1.2821%,-0.0001,0.3722,0.1042,0.1222,1.6421%,1.6843%,4.9556%,-0.01207,DJCO,10355.0,2019-02-15,252.0,0.1704%,0.0,0.3853,0.1157,0.1432,1.6380%,1.6827%,5.2402%,-0.003449,DJCO,10355.0,2019-02-19,252.0,0.1379%,-0.0001,0.3779,0.126,0.1554,1.6311%,1.6739%,5.0440%,-0.0002179999999999,DJCO,10355.0,2019-02-20,252.0,1.0009%,-0.0,0.3813,0.1393,0.1692,1.6299%,1.6734%,5.1260%,0.008059,DJCO,10355.0,2019-02-21,252.0,2.6912%,0.0001,0.3775,0.1377,0.1619,1.6392%,1.6816%,4.9833%,0.028709,DJCO,10355.0,2019-02-22,252.0,0.2700%,0.0,0.378,0.1172,0.1498,1.6363%,1.6790%,5.0159%,0.001769,DJCO,10355.0,2019-02-25,252.0,-1.2273%,-0.0,0.378,0.1234,0.1531,1.6382%,1.6808%,5.0055%,-0.0123659999999999,DJCO,10355.0,2019-02-26,252.0,0.5677%,-0.0001,0.3684,0.1222,0.1453,1.6367%,1.6771%,4.7640%,0.007476,DJCO,-0.0206579999999999,-0.0167679999999999,-0.0288379999999999,-0.032505,0.001142
24427,D T E ENERGY CO,"Credit Suisse Maintains Underperform on DTE Energy, Raises Price Target to $113",6,decrease,0.7,0.5,"maintaining an 'underperform' rating typically suggests a negative outlook, which could lead to a decrease in stock price despite the raised price target.",0,2019-02-11,DTE,2019-02-11 14:21:00+00:00,11674.0,23333110,0.0040486115030944,832902.0,0.003780216211453,0.0021977557335048,-0.0011716410517692,0.0104202358052134,-0.0011730154510587,-0.0018755431519821,0.0050331219099462,-0.0007666440214961,0.0058426223695278,0.0002556133258622,0.0104555180296301,-0.0033120966982096,0.0079658478498458,0.0213374886661768,0.007984384894371,0.0031323467846959,-0.0072745028883218,0.0072743371129035,-0.0042338105849921,-0.000262847461272,0.0004905769019387,-0.0118614956736564,0.0098071014508605,0.0107640093192458,-0.0053415023721754,0.0108810663223266,0.0017086988082155,0.0005310458363965,-0.0028429734520614,-0.0018552794354036,-0.0030955106485635,0.0130672072991728,0.000980574870482,0.004314636811614,0.0057142609730362,0.0118235843256115,0.0039773173630237,-0.0170749481767416,0.0029913098551332,0.0014324410585686,0.0008061107946559,0.0148087330162525,0.0017718555172905,-0.0047020222991704,0.004381782375276,0.0088486913591623,-0.0051621794700622,-0.0033638977911323,-0.0097291795536875,0.0152298463508486,0.002128722378984,0.0041708867065608,0.0068627148866653,-0.0218495335429906,0.0133885229006409,0.0017255693674087,0.0017615599790588,-0.0004539129440672,0.0063943974673748,0.0046511823311448,-0.0057183797471225,0.0064250077120959,-0.0112629095092415,-0.0447172820568084,0.0077556883916258,-0.0042779627256095,-0.007535632699728,0.0064142285846173,0.0008077421225607,0.0015840914566069,-0.0034705430734902,-0.0044682156294584,-0.0052644489333033,-0.0345119424164295,0.0094447452574968,-0.0054665203206241,-0.010969515889883,0.0090955179184675,0.0049747233279049,-0.0094269197434186,-0.001785289379768,0.0046936986036598,0.0073977401480078,-0.0017570204799994,0.0040348614566028,0.001088845427148,0.0003214990720152,0.0018461124273017,-0.0132572837173938,8.387467823922634e-05,0.0,-0.0048437798395752,0.0032570762559771,0.017591567710042,-0.0039769327268004,0.0022998009808361,0.0034224099945276,-0.0008510508341714,0.0073087667115032,0.0068552107550203,0.0010480268392711,0.0002571250661276,0.0013690760824829,-0.000685240549501,-0.0057905227877199,-0.0147679327055811,0.0169066190719604,-0.0059558684006333,-0.0135231642052531,0.001512226415798,0.0008870301535353,-0.0023468174040317,0.0088623790070414,0.0001676305109867,-0.0011180273722857,-0.0055022598244249,-0.0040774075314402,0.0075597972609102,-0.0123625341802835,0.0077027566730976,0.003780216211453,0.0021977557335048,0.0026041461031858,0.0126408926717036,0.0014280759485112,0.0107416409800362,0.0123488002423746,0.0102249229067323,0.0273857711356335,0.0388153899774275,0.065773803798641,0.0812585128871377,0.0413958062599928,0.0115770768711123,2019-02-12,2019-02-13,2019-02-14,2019-02-15,2019-02-19,2019-02-20,2019-02-21,2019-02-22,2019-02-25,2019-02-26,11674.0,2019-02-11,252.0,0.4049%,0.0008,0.081,-0.5347,-0.1727,1.0533%,1.0930%,7.1474%,0.007833,DTE,11674.0,2019-02-12,252.0,0.3780%,0.0007,0.0693,-0.5186,-0.1816,1.0446%,1.0815%,6.7214%,0.002392,DTE,11674.0,2019-02-13,252.0,-0.1172%,0.0007,0.0703,-0.521,-0.1825,1.0445%,1.0816%,6.7470%,-0.001027,DTE,11674.0,2019-02-14,252.0,-0.1173%,0.0007,0.0698,-0.5214,-0.1811,1.0431%,1.0803%,6.7653%,0.000526,DTE,11674.0,2019-02-15,252.0,0.5033%,0.0008,0.0812,-0.5106,-0.1618,1.0420%,1.0786%,6.6733%,0.006317,DTE,11674.0,2019-02-19,252.0,0.5843%,0.0007,0.0777,-0.4996,-0.1491,1.0383%,1.0730%,6.3636%,0.007554,DTE,11674.0,2019-02-20,252.0,1.0456%,0.0007,0.0789,-0.5064,-0.1474,1.0320%,1.0678%,6.5826%,0.0121269999999999,DTE,11674.0,2019-02-21,252.0,0.7966%,0.0008,0.0694,-0.524,-0.1647,1.0237%,1.0612%,6.9474%,0.0074639999999999,DTE,11674.0,2019-02-22,252.0,0.7984%,0.0009,0.068,-0.5107,-0.1702,1.0232%,1.0587%,6.6056%,0.007894,DTE,11674.0,2019-02-25,252.0,-0.7275%,0.0008,0.0678,-0.5059,-0.1683,1.0250%,1.0600%,6.4847%,-0.009111,DTE,11674.0,2019-02-26,252.0,-0.4234%,0.0007,0.0553,-0.4815,-0.1653,1.0153%,1.0467%,5.9050%,-0.008019,DTE,0.010225,0.009198,0.009724,0.0235949999999999,0.0339499999999999
24435,ELECTRONIC ARTS INC,EA's Apex Legends Announces 25 Million Players Over Past Week,6,increase,0.8,0.6,"the announcement of 25 million players in a week for apex legends indicates strong engagement and popularity, which is likely to positively impact electronic arts inc's stock price.",2,2019-02-11,EA,2019-02-11 22:19:00+00:00,75828.0,28551210,-0.0036885309964418,38702397.0,0.0523447543382644,0.1605231910943985,-0.0007818022859282,0.0484976880252361,0.0293398536741733,-0.1330522894859314,0.0151068540289998,0.0462512299418449,-0.0363159626722335,-0.0305854082107543,-0.0420551858842372,-0.011058073490858,-0.0179458241909742,0.0337329879403114,-0.0097047537565231,0.0228107012808322,-0.0006254957988858,-0.0357024781405925,0.0275401566177606,-0.0138434348627924,-0.0067005446180701,0.0028420910239219,-0.0210547596216201,0.0263660512864589,0.0170182175934314,-0.0238747168332338,-0.0012319345260038,-0.013078243471682,-0.0161373186856508,0.0359422154724597,-0.0099248280748724,-0.0067838146351277,0.0484330914914608,0.0048050098121166,-0.0100644119083881,0.0102731548249721,0.0069133825600147,-0.0233737062662839,-0.0045436648651957,-0.0034062759950757,0.0156202549114823,0.0236193723976612,-0.0129830762743949,-0.001235598581843,0.0015177731402218,0.016326067969203,0.0068700774572789,0.0375503227114677,-0.0215733647346496,0.0725447759032249,-0.0049226065166294,-0.0206545181572437,0.0809027999639511,0.0185020789504051,-0.0242181625217199,-0.0049180248752236,-0.0059604551643133,-0.0016366266645491,0.0057996297255158,0.019771484658122,-0.0161258950829505,0.0424250289797782,0.0151981599628925,-0.0241608787328004,-0.0055772964842617,-0.0112345395609736,0.0102332085371017,-0.0117406602948904,-0.0178241152316331,-0.0204999931156635,-0.0068424716591835,0.0097184982150793,-0.0220668893307447,-0.0116018000990152,0.0152133740484714,-0.0086569003760814,-0.0148848770186305,-0.0256657097488641,0.0030628184322267,-0.0053931516595184,0.0140457740053534,-0.0034635243937373,0.0095353266224265,0.0146631943061947,0.0124279176816344,-0.016213646158576,-0.0390847809612751,0.0332593843340873,-0.0410832576453685,-0.0335714258253574,-0.0200362876057624,-0.0008326358511112,0.0129418428987264,-0.0268549565225839,-0.0066566755995154,0.0057042823173105,0.0228058863431215,0.0101128946989774,-0.0050723422318696,0.0012951914686709,-0.0124269584193825,0.0273376330733299,0.0160249285399913,-0.0160675849765539,0.0027522190939635,0.0120452903211116,-0.0008445247076451,-0.0002408992295386,0.002218690700829,-0.0340816602110862,-0.0048492420464754,-0.0258356798440218,-0.0201271343976259,0.0290344897657632,0.0136216450482606,-0.0186519883573055,-0.0109854815527796,-0.0030801307875663,0.0124015295878052,-0.0138372788205742,0.0523447543382644,0.1605231910943985,0.0515220288037381,0.2168058827621461,0.0823735312640097,0.0549070742006927,0.0588235417375013,0.0699407753728453,0.012957651546583,0.0638761862591525,0.0522418944445504,0.2530491738691269,-0.0345536901736956,0.0979862729182119,2019-02-12,2019-02-13,2019-02-14,2019-02-15,2019-02-19,2019-02-20,2019-02-21,2019-02-22,2019-02-25,2019-02-26,75828.0,2019-02-11,252.0,-0.3689%,-0.0011,0.9812,0.1695,-0.7828,2.0336%,2.4303%,29.9812%,-0.004433,EA,75828.0,2019-02-12,252.0,5.2345%,-0.001,0.9868,0.1905,-0.7837,2.0420%,2.4426%,30.1133%,0.037536,EA,75828.0,2019-02-13,252.0,-0.0782%,-0.001,0.9869,0.1896,-0.7843,2.0420%,2.4412%,30.0255%,-0.003211,EA,75828.0,2019-02-14,252.0,2.9340%,-0.0009,0.9808,0.2043,-0.8008,2.0488%,2.4483%,29.9706%,0.025777,EA,75828.0,2019-02-15,252.0,1.5107%,-0.0009,0.985,0.209,-0.7928,2.0495%,2.4490%,29.9654%,0.007257,EA,75828.0,2019-02-19,252.0,-3.6316%,-0.0011,0.9758,0.1899,-0.8136,2.0613%,2.4554%,29.5273%,-0.036515,EA,75828.0,2019-02-20,252.0,-4.2055%,-0.0012,0.9652,0.1674,-0.8509,2.0756%,2.4693%,29.3421%,-0.039952,EA,75828.0,2019-02-21,252.0,-1.7946%,-0.0013,0.9717,0.1773,-0.8389,2.0771%,2.4716%,29.3731%,-0.016314,EA,75828.0,2019-02-22,252.0,-0.9705%,-0.0014,0.9755,0.1784,-0.7926,2.0842%,2.4713%,28.8754%,-0.029428,EA,75828.0,2019-02-25,252.0,-0.0625%,-0.0014,0.975,0.1787,-0.7943,2.0840%,2.4713%,28.8850%,-0.003152,EA,75828.0,2019-02-26,252.0,2.7540%,-0.0013,0.9656,0.1476,-0.8171,2.0916%,2.4743%,28.5401%,0.027523,EA,0.033103,0.029892,0.055669,0.026411,-0.0349119999999999
24443,ELECTRONIC ARTS INC,"Strong 'Apex' Release Continues To Boost EA Shares, Sell-Side Has Mixed Reaction",6,increase,0.7,0.6,"the strong release of 'apex' is likely to positively impact ea's stock price, although mixed reactions from sell-side analysts introduce some uncertainty.",2,2019-02-11,EA,2019-02-11 15:32:00+00:00,75828.0,28551210,-0.0036885309964418,38702397.0,0.0523447543382644,0.1605231910943985,-0.0007818022859282,0.0484976880252361,0.0293398536741733,-0.1330522894859314,0.0151068540289998,0.0462512299418449,-0.0363159626722335,-0.0305854082107543,-0.0420551858842372,-0.011058073490858,-0.0179458241909742,0.0337329879403114,-0.0097047537565231,0.0228107012808322,-0.0006254957988858,-0.0357024781405925,0.0275401566177606,-0.0138434348627924,-0.0067005446180701,0.0028420910239219,-0.0210547596216201,0.0263660512864589,0.0170182175934314,-0.0238747168332338,-0.0012319345260038,-0.013078243471682,-0.0161373186856508,0.0359422154724597,-0.0099248280748724,-0.0067838146351277,0.0484330914914608,0.0048050098121166,-0.0100644119083881,0.0102731548249721,0.0069133825600147,-0.0233737062662839,-0.0045436648651957,-0.0034062759950757,0.0156202549114823,0.0236193723976612,-0.0129830762743949,-0.001235598581843,0.0015177731402218,0.016326067969203,0.0068700774572789,0.0375503227114677,-0.0215733647346496,0.0725447759032249,-0.0049226065166294,-0.0206545181572437,0.0809027999639511,0.0185020789504051,-0.0242181625217199,-0.0049180248752236,-0.0059604551643133,-0.0016366266645491,0.0057996297255158,0.019771484658122,-0.0161258950829505,0.0424250289797782,0.0151981599628925,-0.0241608787328004,-0.0055772964842617,-0.0112345395609736,0.0102332085371017,-0.0117406602948904,-0.0178241152316331,-0.0204999931156635,-0.0068424716591835,0.0097184982150793,-0.0220668893307447,-0.0116018000990152,0.0152133740484714,-0.0086569003760814,-0.0148848770186305,-0.0256657097488641,0.0030628184322267,-0.0053931516595184,0.0140457740053534,-0.0034635243937373,0.0095353266224265,0.0146631943061947,0.0124279176816344,-0.016213646158576,-0.0390847809612751,0.0332593843340873,-0.0410832576453685,-0.0335714258253574,-0.0200362876057624,-0.0008326358511112,0.0129418428987264,-0.0268549565225839,-0.0066566755995154,0.0057042823173105,0.0228058863431215,0.0101128946989774,-0.0050723422318696,0.0012951914686709,-0.0124269584193825,0.0273376330733299,0.0160249285399913,-0.0160675849765539,0.0027522190939635,0.0120452903211116,-0.0008445247076451,-0.0002408992295386,0.002218690700829,-0.0340816602110862,-0.0048492420464754,-0.0258356798440218,-0.0201271343976259,0.0290344897657632,0.0136216450482606,-0.0186519883573055,-0.0109854815527796,-0.0030801307875663,0.0124015295878052,-0.0138372788205742,0.0523447543382644,0.1605231910943985,0.0515220288037381,0.2168058827621461,0.0823735312640097,0.0549070742006927,0.0588235417375013,0.0699407753728453,0.012957651546583,0.0638761862591525,0.0522418944445504,0.2530491738691269,-0.0345536901736956,0.0979862729182119,2019-02-12,2019-02-13,2019-02-14,2019-02-15,2019-02-19,2019-02-20,2019-02-21,2019-02-22,2019-02-25,2019-02-26,75828.0,2019-02-11,252.0,-0.3689%,-0.0011,0.9812,0.1695,-0.7828,2.0336%,2.4303%,29.9812%,-0.004433,EA,75828.0,2019-02-12,252.0,5.2345%,-0.001,0.9868,0.1905,-0.7837,2.0420%,2.4426%,30.1133%,0.037536,EA,75828.0,2019-02-13,252.0,-0.0782%,-0.001,0.9869,0.1896,-0.7843,2.0420%,2.4412%,30.0255%,-0.003211,EA,75828.0,2019-02-14,252.0,2.9340%,-0.0009,0.9808,0.2043,-0.8008,2.0488%,2.4483%,29.9706%,0.025777,EA,75828.0,2019-02-15,252.0,1.5107%,-0.0009,0.985,0.209,-0.7928,2.0495%,2.4490%,29.9654%,0.007257,EA,75828.0,2019-02-19,252.0,-3.6316%,-0.0011,0.9758,0.1899,-0.8136,2.0613%,2.4554%,29.5273%,-0.036515,EA,75828.0,2019-02-20,252.0,-4.2055%,-0.0012,0.9652,0.1674,-0.8509,2.0756%,2.4693%,29.3421%,-0.039952,EA,75828.0,2019-02-21,252.0,-1.7946%,-0.0013,0.9717,0.1773,-0.8389,2.0771%,2.4716%,29.3731%,-0.016314,EA,75828.0,2019-02-22,252.0,-0.9705%,-0.0014,0.9755,0.1784,-0.7926,2.0842%,2.4713%,28.8754%,-0.029428,EA,75828.0,2019-02-25,252.0,-0.0625%,-0.0014,0.975,0.1787,-0.7943,2.0840%,2.4713%,28.8850%,-0.003152,EA,75828.0,2019-02-26,252.0,2.7540%,-0.0013,0.9656,0.1476,-0.8171,2.0916%,2.4743%,28.5401%,0.027523,EA,0.033103,0.029892,0.055669,0.026411,-0.0349119999999999
24451,ELECTRONIC ARTS INC,"UPDATE: Buckingham Downgrades Electronic Arts As Firm Notes 'it is premature to assume that Apex Legends achieves economics, including for in-game microtransactions like player ""skins"" remotely akin to those for Fortnite'",6,decrease,0.75,0.6,"the downgrade from buckingham suggests concerns about the financial performance of apex legends, which could negatively impact investor sentiment and lead to a decrease in stock price.",0,2019-02-11,EA,2019-02-11 14:03:00+00:00,75828.0,28551210,-0.0036885309964418,38702397.0,0.0523447543382644,0.1605231910943985,-0.0007818022859282,0.0484976880252361,0.0293398536741733,-0.1330522894859314,0.0151068540289998,0.0462512299418449,-0.0363159626722335,-0.0305854082107543,-0.0420551858842372,-0.011058073490858,-0.0179458241909742,0.0337329879403114,-0.0097047537565231,0.0228107012808322,-0.0006254957988858,-0.0357024781405925,0.0275401566177606,-0.0138434348627924,-0.0067005446180701,0.0028420910239219,-0.0210547596216201,0.0263660512864589,0.0170182175934314,-0.0238747168332338,-0.0012319345260038,-0.013078243471682,-0.0161373186856508,0.0359422154724597,-0.0099248280748724,-0.0067838146351277,0.0484330914914608,0.0048050098121166,-0.0100644119083881,0.0102731548249721,0.0069133825600147,-0.0233737062662839,-0.0045436648651957,-0.0034062759950757,0.0156202549114823,0.0236193723976612,-0.0129830762743949,-0.001235598581843,0.0015177731402218,0.016326067969203,0.0068700774572789,0.0375503227114677,-0.0215733647346496,0.0725447759032249,-0.0049226065166294,-0.0206545181572437,0.0809027999639511,0.0185020789504051,-0.0242181625217199,-0.0049180248752236,-0.0059604551643133,-0.0016366266645491,0.0057996297255158,0.019771484658122,-0.0161258950829505,0.0424250289797782,0.0151981599628925,-0.0241608787328004,-0.0055772964842617,-0.0112345395609736,0.0102332085371017,-0.0117406602948904,-0.0178241152316331,-0.0204999931156635,-0.0068424716591835,0.0097184982150793,-0.0220668893307447,-0.0116018000990152,0.0152133740484714,-0.0086569003760814,-0.0148848770186305,-0.0256657097488641,0.0030628184322267,-0.0053931516595184,0.0140457740053534,-0.0034635243937373,0.0095353266224265,0.0146631943061947,0.0124279176816344,-0.016213646158576,-0.0390847809612751,0.0332593843340873,-0.0410832576453685,-0.0335714258253574,-0.0200362876057624,-0.0008326358511112,0.0129418428987264,-0.0268549565225839,-0.0066566755995154,0.0057042823173105,0.0228058863431215,0.0101128946989774,-0.0050723422318696,0.0012951914686709,-0.0124269584193825,0.0273376330733299,0.0160249285399913,-0.0160675849765539,0.0027522190939635,0.0120452903211116,-0.0008445247076451,-0.0002408992295386,0.002218690700829,-0.0340816602110862,-0.0048492420464754,-0.0258356798440218,-0.0201271343976259,0.0290344897657632,0.0136216450482606,-0.0186519883573055,-0.0109854815527796,-0.0030801307875663,0.0124015295878052,-0.0138372788205742,0.0523447543382644,0.1605231910943985,0.0515220288037381,0.2168058827621461,0.0823735312640097,0.0549070742006927,0.0588235417375013,0.0699407753728453,0.012957651546583,0.0638761862591525,0.0522418944445504,0.2530491738691269,-0.0345536901736956,0.0979862729182119,2019-02-12,2019-02-13,2019-02-14,2019-02-15,2019-02-19,2019-02-20,2019-02-21,2019-02-22,2019-02-25,2019-02-26,75828.0,2019-02-11,252.0,-0.3689%,-0.0011,0.9812,0.1695,-0.7828,2.0336%,2.4303%,29.9812%,-0.004433,EA,75828.0,2019-02-12,252.0,5.2345%,-0.001,0.9868,0.1905,-0.7837,2.0420%,2.4426%,30.1133%,0.037536,EA,75828.0,2019-02-13,252.0,-0.0782%,-0.001,0.9869,0.1896,-0.7843,2.0420%,2.4412%,30.0255%,-0.003211,EA,75828.0,2019-02-14,252.0,2.9340%,-0.0009,0.9808,0.2043,-0.8008,2.0488%,2.4483%,29.9706%,0.025777,EA,75828.0,2019-02-15,252.0,1.5107%,-0.0009,0.985,0.209,-0.7928,2.0495%,2.4490%,29.9654%,0.007257,EA,75828.0,2019-02-19,252.0,-3.6316%,-0.0011,0.9758,0.1899,-0.8136,2.0613%,2.4554%,29.5273%,-0.036515,EA,75828.0,2019-02-20,252.0,-4.2055%,-0.0012,0.9652,0.1674,-0.8509,2.0756%,2.4693%,29.3421%,-0.039952,EA,75828.0,2019-02-21,252.0,-1.7946%,-0.0013,0.9717,0.1773,-0.8389,2.0771%,2.4716%,29.3731%,-0.016314,EA,75828.0,2019-02-22,252.0,-0.9705%,-0.0014,0.9755,0.1784,-0.7926,2.0842%,2.4713%,28.8754%,-0.029428,EA,75828.0,2019-02-25,252.0,-0.0625%,-0.0014,0.975,0.1787,-0.7943,2.0840%,2.4713%,28.8850%,-0.003152,EA,75828.0,2019-02-26,252.0,2.7540%,-0.0013,0.9656,0.1476,-0.8171,2.0916%,2.4743%,28.5401%,0.027523,EA,0.033103,0.029892,0.055669,0.026411,-0.0349119999999999
24459,ELECTRONIC ARTS INC,"Buckingham Downgrades Electronic Arts to Neutral, Raises Price Target to $103",6,uncertain,0.6,0.2,"while the downgrade to 'neutral' may suggest a less favorable outlook, the raised price target indicates some level of optimism, leading to uncertainty in the overall impact on the stock price.",1,2019-02-11,EA,2019-02-11 14:01:00+00:00,75828.0,28551210,-0.0036885309964418,38702397.0,0.0523447543382644,0.1605231910943985,-0.0007818022859282,0.0484976880252361,0.0293398536741733,-0.1330522894859314,0.0151068540289998,0.0462512299418449,-0.0363159626722335,-0.0305854082107543,-0.0420551858842372,-0.011058073490858,-0.0179458241909742,0.0337329879403114,-0.0097047537565231,0.0228107012808322,-0.0006254957988858,-0.0357024781405925,0.0275401566177606,-0.0138434348627924,-0.0067005446180701,0.0028420910239219,-0.0210547596216201,0.0263660512864589,0.0170182175934314,-0.0238747168332338,-0.0012319345260038,-0.013078243471682,-0.0161373186856508,0.0359422154724597,-0.0099248280748724,-0.0067838146351277,0.0484330914914608,0.0048050098121166,-0.0100644119083881,0.0102731548249721,0.0069133825600147,-0.0233737062662839,-0.0045436648651957,-0.0034062759950757,0.0156202549114823,0.0236193723976612,-0.0129830762743949,-0.001235598581843,0.0015177731402218,0.016326067969203,0.0068700774572789,0.0375503227114677,-0.0215733647346496,0.0725447759032249,-0.0049226065166294,-0.0206545181572437,0.0809027999639511,0.0185020789504051,-0.0242181625217199,-0.0049180248752236,-0.0059604551643133,-0.0016366266645491,0.0057996297255158,0.019771484658122,-0.0161258950829505,0.0424250289797782,0.0151981599628925,-0.0241608787328004,-0.0055772964842617,-0.0112345395609736,0.0102332085371017,-0.0117406602948904,-0.0178241152316331,-0.0204999931156635,-0.0068424716591835,0.0097184982150793,-0.0220668893307447,-0.0116018000990152,0.0152133740484714,-0.0086569003760814,-0.0148848770186305,-0.0256657097488641,0.0030628184322267,-0.0053931516595184,0.0140457740053534,-0.0034635243937373,0.0095353266224265,0.0146631943061947,0.0124279176816344,-0.016213646158576,-0.0390847809612751,0.0332593843340873,-0.0410832576453685,-0.0335714258253574,-0.0200362876057624,-0.0008326358511112,0.0129418428987264,-0.0268549565225839,-0.0066566755995154,0.0057042823173105,0.0228058863431215,0.0101128946989774,-0.0050723422318696,0.0012951914686709,-0.0124269584193825,0.0273376330733299,0.0160249285399913,-0.0160675849765539,0.0027522190939635,0.0120452903211116,-0.0008445247076451,-0.0002408992295386,0.002218690700829,-0.0340816602110862,-0.0048492420464754,-0.0258356798440218,-0.0201271343976259,0.0290344897657632,0.0136216450482606,-0.0186519883573055,-0.0109854815527796,-0.0030801307875663,0.0124015295878052,-0.0138372788205742,0.0523447543382644,0.1605231910943985,0.0515220288037381,0.2168058827621461,0.0823735312640097,0.0549070742006927,0.0588235417375013,0.0699407753728453,0.012957651546583,0.0638761862591525,0.0522418944445504,0.2530491738691269,-0.0345536901736956,0.0979862729182119,2019-02-12,2019-02-13,2019-02-14,2019-02-15,2019-02-19,2019-02-20,2019-02-21,2019-02-22,2019-02-25,2019-02-26,75828.0,2019-02-11,252.0,-0.3689%,-0.0011,0.9812,0.1695,-0.7828,2.0336%,2.4303%,29.9812%,-0.004433,EA,75828.0,2019-02-12,252.0,5.2345%,-0.001,0.9868,0.1905,-0.7837,2.0420%,2.4426%,30.1133%,0.037536,EA,75828.0,2019-02-13,252.0,-0.0782%,-0.001,0.9869,0.1896,-0.7843,2.0420%,2.4412%,30.0255%,-0.003211,EA,75828.0,2019-02-14,252.0,2.9340%,-0.0009,0.9808,0.2043,-0.8008,2.0488%,2.4483%,29.9706%,0.025777,EA,75828.0,2019-02-15,252.0,1.5107%,-0.0009,0.985,0.209,-0.7928,2.0495%,2.4490%,29.9654%,0.007257,EA,75828.0,2019-02-19,252.0,-3.6316%,-0.0011,0.9758,0.1899,-0.8136,2.0613%,2.4554%,29.5273%,-0.036515,EA,75828.0,2019-02-20,252.0,-4.2055%,-0.0012,0.9652,0.1674,-0.8509,2.0756%,2.4693%,29.3421%,-0.039952,EA,75828.0,2019-02-21,252.0,-1.7946%,-0.0013,0.9717,0.1773,-0.8389,2.0771%,2.4716%,29.3731%,-0.016314,EA,75828.0,2019-02-22,252.0,-0.9705%,-0.0014,0.9755,0.1784,-0.7926,2.0842%,2.4713%,28.8754%,-0.029428,EA,75828.0,2019-02-25,252.0,-0.0625%,-0.0014,0.975,0.1787,-0.7943,2.0840%,2.4713%,28.8850%,-0.003152,EA,75828.0,2019-02-26,252.0,2.7540%,-0.0013,0.9656,0.1476,-0.8171,2.0916%,2.4743%,28.5401%,0.027523,EA,0.033103,0.029892,0.055669,0.026411,-0.0349119999999999
24467,ELECTRONIC ARTS INC,UPDATE: Bank Of America On Electronic Arts Also Notes 'We expect new data points (or any lack of data points) to drive big swings in the stock as investors evaluate the Apex potential',6,uncertain,0.6,0.3,"the mention of potential data points influencing stock swings suggests volatility, but it does not provide a clear direction for the stock price movement.",1,2019-02-11,EA,2019-02-11 13:59:00+00:00,75828.0,28551210,-0.0036885309964418,38702397.0,0.0523447543382644,0.1605231910943985,-0.0007818022859282,0.0484976880252361,0.0293398536741733,-0.1330522894859314,0.0151068540289998,0.0462512299418449,-0.0363159626722335,-0.0305854082107543,-0.0420551858842372,-0.011058073490858,-0.0179458241909742,0.0337329879403114,-0.0097047537565231,0.0228107012808322,-0.0006254957988858,-0.0357024781405925,0.0275401566177606,-0.0138434348627924,-0.0067005446180701,0.0028420910239219,-0.0210547596216201,0.0263660512864589,0.0170182175934314,-0.0238747168332338,-0.0012319345260038,-0.013078243471682,-0.0161373186856508,0.0359422154724597,-0.0099248280748724,-0.0067838146351277,0.0484330914914608,0.0048050098121166,-0.0100644119083881,0.0102731548249721,0.0069133825600147,-0.0233737062662839,-0.0045436648651957,-0.0034062759950757,0.0156202549114823,0.0236193723976612,-0.0129830762743949,-0.001235598581843,0.0015177731402218,0.016326067969203,0.0068700774572789,0.0375503227114677,-0.0215733647346496,0.0725447759032249,-0.0049226065166294,-0.0206545181572437,0.0809027999639511,0.0185020789504051,-0.0242181625217199,-0.0049180248752236,-0.0059604551643133,-0.0016366266645491,0.0057996297255158,0.019771484658122,-0.0161258950829505,0.0424250289797782,0.0151981599628925,-0.0241608787328004,-0.0055772964842617,-0.0112345395609736,0.0102332085371017,-0.0117406602948904,-0.0178241152316331,-0.0204999931156635,-0.0068424716591835,0.0097184982150793,-0.0220668893307447,-0.0116018000990152,0.0152133740484714,-0.0086569003760814,-0.0148848770186305,-0.0256657097488641,0.0030628184322267,-0.0053931516595184,0.0140457740053534,-0.0034635243937373,0.0095353266224265,0.0146631943061947,0.0124279176816344,-0.016213646158576,-0.0390847809612751,0.0332593843340873,-0.0410832576453685,-0.0335714258253574,-0.0200362876057624,-0.0008326358511112,0.0129418428987264,-0.0268549565225839,-0.0066566755995154,0.0057042823173105,0.0228058863431215,0.0101128946989774,-0.0050723422318696,0.0012951914686709,-0.0124269584193825,0.0273376330733299,0.0160249285399913,-0.0160675849765539,0.0027522190939635,0.0120452903211116,-0.0008445247076451,-0.0002408992295386,0.002218690700829,-0.0340816602110862,-0.0048492420464754,-0.0258356798440218,-0.0201271343976259,0.0290344897657632,0.0136216450482606,-0.0186519883573055,-0.0109854815527796,-0.0030801307875663,0.0124015295878052,-0.0138372788205742,0.0523447543382644,0.1605231910943985,0.0515220288037381,0.2168058827621461,0.0823735312640097,0.0549070742006927,0.0588235417375013,0.0699407753728453,0.012957651546583,0.0638761862591525,0.0522418944445504,0.2530491738691269,-0.0345536901736956,0.0979862729182119,2019-02-12,2019-02-13,2019-02-14,2019-02-15,2019-02-19,2019-02-20,2019-02-21,2019-02-22,2019-02-25,2019-02-26,75828.0,2019-02-11,252.0,-0.3689%,-0.0011,0.9812,0.1695,-0.7828,2.0336%,2.4303%,29.9812%,-0.004433,EA,75828.0,2019-02-12,252.0,5.2345%,-0.001,0.9868,0.1905,-0.7837,2.0420%,2.4426%,30.1133%,0.037536,EA,75828.0,2019-02-13,252.0,-0.0782%,-0.001,0.9869,0.1896,-0.7843,2.0420%,2.4412%,30.0255%,-0.003211,EA,75828.0,2019-02-14,252.0,2.9340%,-0.0009,0.9808,0.2043,-0.8008,2.0488%,2.4483%,29.9706%,0.025777,EA,75828.0,2019-02-15,252.0,1.5107%,-0.0009,0.985,0.209,-0.7928,2.0495%,2.4490%,29.9654%,0.007257,EA,75828.0,2019-02-19,252.0,-3.6316%,-0.0011,0.9758,0.1899,-0.8136,2.0613%,2.4554%,29.5273%,-0.036515,EA,75828.0,2019-02-20,252.0,-4.2055%,-0.0012,0.9652,0.1674,-0.8509,2.0756%,2.4693%,29.3421%,-0.039952,EA,75828.0,2019-02-21,252.0,-1.7946%,-0.0013,0.9717,0.1773,-0.8389,2.0771%,2.4716%,29.3731%,-0.016314,EA,75828.0,2019-02-22,252.0,-0.9705%,-0.0014,0.9755,0.1784,-0.7926,2.0842%,2.4713%,28.8754%,-0.029428,EA,75828.0,2019-02-25,252.0,-0.0625%,-0.0014,0.975,0.1787,-0.7943,2.0840%,2.4713%,28.8850%,-0.003152,EA,75828.0,2019-02-26,252.0,2.7540%,-0.0013,0.9656,0.1476,-0.8171,2.0916%,2.4743%,28.5401%,0.027523,EA,0.033103,0.029892,0.055669,0.026411,-0.0349119999999999
24475,ELECTRONIC ARTS INC,"UPDATE: Bank Of America Upgrades EA As Firm Notes 'While any call on Apex at this early stage is highly speculative, with EA stock off significantly from its highs, EA now having a title to capitalize on the most important new genre in gaming'",6,increase,0.75,0.6,"the upgrade from bank of america, coupled with the potential of a new title in a significant gaming genre, suggests positive sentiment that could lead to an increase in ea's stock price.",2,2019-02-11,EA,2019-02-11 13:58:00+00:00,75828.0,28551210,-0.0036885309964418,38702397.0,0.0523447543382644,0.1605231910943985,-0.0007818022859282,0.0484976880252361,0.0293398536741733,-0.1330522894859314,0.0151068540289998,0.0462512299418449,-0.0363159626722335,-0.0305854082107543,-0.0420551858842372,-0.011058073490858,-0.0179458241909742,0.0337329879403114,-0.0097047537565231,0.0228107012808322,-0.0006254957988858,-0.0357024781405925,0.0275401566177606,-0.0138434348627924,-0.0067005446180701,0.0028420910239219,-0.0210547596216201,0.0263660512864589,0.0170182175934314,-0.0238747168332338,-0.0012319345260038,-0.013078243471682,-0.0161373186856508,0.0359422154724597,-0.0099248280748724,-0.0067838146351277,0.0484330914914608,0.0048050098121166,-0.0100644119083881,0.0102731548249721,0.0069133825600147,-0.0233737062662839,-0.0045436648651957,-0.0034062759950757,0.0156202549114823,0.0236193723976612,-0.0129830762743949,-0.001235598581843,0.0015177731402218,0.016326067969203,0.0068700774572789,0.0375503227114677,-0.0215733647346496,0.0725447759032249,-0.0049226065166294,-0.0206545181572437,0.0809027999639511,0.0185020789504051,-0.0242181625217199,-0.0049180248752236,-0.0059604551643133,-0.0016366266645491,0.0057996297255158,0.019771484658122,-0.0161258950829505,0.0424250289797782,0.0151981599628925,-0.0241608787328004,-0.0055772964842617,-0.0112345395609736,0.0102332085371017,-0.0117406602948904,-0.0178241152316331,-0.0204999931156635,-0.0068424716591835,0.0097184982150793,-0.0220668893307447,-0.0116018000990152,0.0152133740484714,-0.0086569003760814,-0.0148848770186305,-0.0256657097488641,0.0030628184322267,-0.0053931516595184,0.0140457740053534,-0.0034635243937373,0.0095353266224265,0.0146631943061947,0.0124279176816344,-0.016213646158576,-0.0390847809612751,0.0332593843340873,-0.0410832576453685,-0.0335714258253574,-0.0200362876057624,-0.0008326358511112,0.0129418428987264,-0.0268549565225839,-0.0066566755995154,0.0057042823173105,0.0228058863431215,0.0101128946989774,-0.0050723422318696,0.0012951914686709,-0.0124269584193825,0.0273376330733299,0.0160249285399913,-0.0160675849765539,0.0027522190939635,0.0120452903211116,-0.0008445247076451,-0.0002408992295386,0.002218690700829,-0.0340816602110862,-0.0048492420464754,-0.0258356798440218,-0.0201271343976259,0.0290344897657632,0.0136216450482606,-0.0186519883573055,-0.0109854815527796,-0.0030801307875663,0.0124015295878052,-0.0138372788205742,0.0523447543382644,0.1605231910943985,0.0515220288037381,0.2168058827621461,0.0823735312640097,0.0549070742006927,0.0588235417375013,0.0699407753728453,0.012957651546583,0.0638761862591525,0.0522418944445504,0.2530491738691269,-0.0345536901736956,0.0979862729182119,2019-02-12,2019-02-13,2019-02-14,2019-02-15,2019-02-19,2019-02-20,2019-02-21,2019-02-22,2019-02-25,2019-02-26,75828.0,2019-02-11,252.0,-0.3689%,-0.0011,0.9812,0.1695,-0.7828,2.0336%,2.4303%,29.9812%,-0.004433,EA,75828.0,2019-02-12,252.0,5.2345%,-0.001,0.9868,0.1905,-0.7837,2.0420%,2.4426%,30.1133%,0.037536,EA,75828.0,2019-02-13,252.0,-0.0782%,-0.001,0.9869,0.1896,-0.7843,2.0420%,2.4412%,30.0255%,-0.003211,EA,75828.0,2019-02-14,252.0,2.9340%,-0.0009,0.9808,0.2043,-0.8008,2.0488%,2.4483%,29.9706%,0.025777,EA,75828.0,2019-02-15,252.0,1.5107%,-0.0009,0.985,0.209,-0.7928,2.0495%,2.4490%,29.9654%,0.007257,EA,75828.0,2019-02-19,252.0,-3.6316%,-0.0011,0.9758,0.1899,-0.8136,2.0613%,2.4554%,29.5273%,-0.036515,EA,75828.0,2019-02-20,252.0,-4.2055%,-0.0012,0.9652,0.1674,-0.8509,2.0756%,2.4693%,29.3421%,-0.039952,EA,75828.0,2019-02-21,252.0,-1.7946%,-0.0013,0.9717,0.1773,-0.8389,2.0771%,2.4716%,29.3731%,-0.016314,EA,75828.0,2019-02-22,252.0,-0.9705%,-0.0014,0.9755,0.1784,-0.7926,2.0842%,2.4713%,28.8754%,-0.029428,EA,75828.0,2019-02-25,252.0,-0.0625%,-0.0014,0.975,0.1787,-0.7943,2.0840%,2.4713%,28.8850%,-0.003152,EA,75828.0,2019-02-26,252.0,2.7540%,-0.0013,0.9656,0.1476,-0.8171,2.0916%,2.4743%,28.5401%,0.027523,EA,0.033103,0.029892,0.055669,0.026411,-0.0349119999999999
24483,ELECTRONIC ARTS INC,Electronic Arts shares are trading higher after Bank of America upgraded its recommendation of the stock from neutral to buy and announced a $110 price target.,6,increase,0.8,0.7,"the upgrade from bank of america to a 'buy' rating typically signals positive sentiment and can lead to increased investor interest, likely driving the stock price higher.",2,2019-02-11,EA,2019-02-11 13:47:00+00:00,75828.0,28551210,-0.0036885309964418,38702397.0,0.0523447543382644,0.1605231910943985,-0.0007818022859282,0.0484976880252361,0.0293398536741733,-0.1330522894859314,0.0151068540289998,0.0462512299418449,-0.0363159626722335,-0.0305854082107543,-0.0420551858842372,-0.011058073490858,-0.0179458241909742,0.0337329879403114,-0.0097047537565231,0.0228107012808322,-0.0006254957988858,-0.0357024781405925,0.0275401566177606,-0.0138434348627924,-0.0067005446180701,0.0028420910239219,-0.0210547596216201,0.0263660512864589,0.0170182175934314,-0.0238747168332338,-0.0012319345260038,-0.013078243471682,-0.0161373186856508,0.0359422154724597,-0.0099248280748724,-0.0067838146351277,0.0484330914914608,0.0048050098121166,-0.0100644119083881,0.0102731548249721,0.0069133825600147,-0.0233737062662839,-0.0045436648651957,-0.0034062759950757,0.0156202549114823,0.0236193723976612,-0.0129830762743949,-0.001235598581843,0.0015177731402218,0.016326067969203,0.0068700774572789,0.0375503227114677,-0.0215733647346496,0.0725447759032249,-0.0049226065166294,-0.0206545181572437,0.0809027999639511,0.0185020789504051,-0.0242181625217199,-0.0049180248752236,-0.0059604551643133,-0.0016366266645491,0.0057996297255158,0.019771484658122,-0.0161258950829505,0.0424250289797782,0.0151981599628925,-0.0241608787328004,-0.0055772964842617,-0.0112345395609736,0.0102332085371017,-0.0117406602948904,-0.0178241152316331,-0.0204999931156635,-0.0068424716591835,0.0097184982150793,-0.0220668893307447,-0.0116018000990152,0.0152133740484714,-0.0086569003760814,-0.0148848770186305,-0.0256657097488641,0.0030628184322267,-0.0053931516595184,0.0140457740053534,-0.0034635243937373,0.0095353266224265,0.0146631943061947,0.0124279176816344,-0.016213646158576,-0.0390847809612751,0.0332593843340873,-0.0410832576453685,-0.0335714258253574,-0.0200362876057624,-0.0008326358511112,0.0129418428987264,-0.0268549565225839,-0.0066566755995154,0.0057042823173105,0.0228058863431215,0.0101128946989774,-0.0050723422318696,0.0012951914686709,-0.0124269584193825,0.0273376330733299,0.0160249285399913,-0.0160675849765539,0.0027522190939635,0.0120452903211116,-0.0008445247076451,-0.0002408992295386,0.002218690700829,-0.0340816602110862,-0.0048492420464754,-0.0258356798440218,-0.0201271343976259,0.0290344897657632,0.0136216450482606,-0.0186519883573055,-0.0109854815527796,-0.0030801307875663,0.0124015295878052,-0.0138372788205742,0.0523447543382644,0.1605231910943985,0.0515220288037381,0.2168058827621461,0.0823735312640097,0.0549070742006927,0.0588235417375013,0.0699407753728453,0.012957651546583,0.0638761862591525,0.0522418944445504,0.2530491738691269,-0.0345536901736956,0.0979862729182119,2019-02-12,2019-02-13,2019-02-14,2019-02-15,2019-02-19,2019-02-20,2019-02-21,2019-02-22,2019-02-25,2019-02-26,75828.0,2019-02-11,252.0,-0.3689%,-0.0011,0.9812,0.1695,-0.7828,2.0336%,2.4303%,29.9812%,-0.004433,EA,75828.0,2019-02-12,252.0,5.2345%,-0.001,0.9868,0.1905,-0.7837,2.0420%,2.4426%,30.1133%,0.037536,EA,75828.0,2019-02-13,252.0,-0.0782%,-0.001,0.9869,0.1896,-0.7843,2.0420%,2.4412%,30.0255%,-0.003211,EA,75828.0,2019-02-14,252.0,2.9340%,-0.0009,0.9808,0.2043,-0.8008,2.0488%,2.4483%,29.9706%,0.025777,EA,75828.0,2019-02-15,252.0,1.5107%,-0.0009,0.985,0.209,-0.7928,2.0495%,2.4490%,29.9654%,0.007257,EA,75828.0,2019-02-19,252.0,-3.6316%,-0.0011,0.9758,0.1899,-0.8136,2.0613%,2.4554%,29.5273%,-0.036515,EA,75828.0,2019-02-20,252.0,-4.2055%,-0.0012,0.9652,0.1674,-0.8509,2.0756%,2.4693%,29.3421%,-0.039952,EA,75828.0,2019-02-21,252.0,-1.7946%,-0.0013,0.9717,0.1773,-0.8389,2.0771%,2.4716%,29.3731%,-0.016314,EA,75828.0,2019-02-22,252.0,-0.9705%,-0.0014,0.9755,0.1784,-0.7926,2.0842%,2.4713%,28.8754%,-0.029428,EA,75828.0,2019-02-25,252.0,-0.0625%,-0.0014,0.975,0.1787,-0.7943,2.0840%,2.4713%,28.8850%,-0.003152,EA,75828.0,2019-02-26,252.0,2.7540%,-0.0013,0.9656,0.1476,-0.8171,2.0916%,2.4743%,28.5401%,0.027523,EA,0.033103,0.029892,0.055669,0.026411,-0.0349119999999999
24491,ELECTRONIC ARTS INC,"Bank of America Upgrades Electronic Arts to Buy, Raises Price Target to $110",6,increase,0.8,0.6,the upgrade to 'buy' and the raised price target typically signal positive sentiment and potential for stock price appreciation.,2,2019-02-11,EA,2019-02-11 13:02:00+00:00,75828.0,28551210,-0.0036885309964418,38702397.0,0.0523447543382644,0.1605231910943985,-0.0007818022859282,0.0484976880252361,0.0293398536741733,-0.1330522894859314,0.0151068540289998,0.0462512299418449,-0.0363159626722335,-0.0305854082107543,-0.0420551858842372,-0.011058073490858,-0.0179458241909742,0.0337329879403114,-0.0097047537565231,0.0228107012808322,-0.0006254957988858,-0.0357024781405925,0.0275401566177606,-0.0138434348627924,-0.0067005446180701,0.0028420910239219,-0.0210547596216201,0.0263660512864589,0.0170182175934314,-0.0238747168332338,-0.0012319345260038,-0.013078243471682,-0.0161373186856508,0.0359422154724597,-0.0099248280748724,-0.0067838146351277,0.0484330914914608,0.0048050098121166,-0.0100644119083881,0.0102731548249721,0.0069133825600147,-0.0233737062662839,-0.0045436648651957,-0.0034062759950757,0.0156202549114823,0.0236193723976612,-0.0129830762743949,-0.001235598581843,0.0015177731402218,0.016326067969203,0.0068700774572789,0.0375503227114677,-0.0215733647346496,0.0725447759032249,-0.0049226065166294,-0.0206545181572437,0.0809027999639511,0.0185020789504051,-0.0242181625217199,-0.0049180248752236,-0.0059604551643133,-0.0016366266645491,0.0057996297255158,0.019771484658122,-0.0161258950829505,0.0424250289797782,0.0151981599628925,-0.0241608787328004,-0.0055772964842617,-0.0112345395609736,0.0102332085371017,-0.0117406602948904,-0.0178241152316331,-0.0204999931156635,-0.0068424716591835,0.0097184982150793,-0.0220668893307447,-0.0116018000990152,0.0152133740484714,-0.0086569003760814,-0.0148848770186305,-0.0256657097488641,0.0030628184322267,-0.0053931516595184,0.0140457740053534,-0.0034635243937373,0.0095353266224265,0.0146631943061947,0.0124279176816344,-0.016213646158576,-0.0390847809612751,0.0332593843340873,-0.0410832576453685,-0.0335714258253574,-0.0200362876057624,-0.0008326358511112,0.0129418428987264,-0.0268549565225839,-0.0066566755995154,0.0057042823173105,0.0228058863431215,0.0101128946989774,-0.0050723422318696,0.0012951914686709,-0.0124269584193825,0.0273376330733299,0.0160249285399913,-0.0160675849765539,0.0027522190939635,0.0120452903211116,-0.0008445247076451,-0.0002408992295386,0.002218690700829,-0.0340816602110862,-0.0048492420464754,-0.0258356798440218,-0.0201271343976259,0.0290344897657632,0.0136216450482606,-0.0186519883573055,-0.0109854815527796,-0.0030801307875663,0.0124015295878052,-0.0138372788205742,0.0523447543382644,0.1605231910943985,0.0515220288037381,0.2168058827621461,0.0823735312640097,0.0549070742006927,0.0588235417375013,0.0699407753728453,0.012957651546583,0.0638761862591525,0.0522418944445504,0.2530491738691269,-0.0345536901736956,0.0979862729182119,2019-02-12,2019-02-13,2019-02-14,2019-02-15,2019-02-19,2019-02-20,2019-02-21,2019-02-22,2019-02-25,2019-02-26,75828.0,2019-02-11,252.0,-0.3689%,-0.0011,0.9812,0.1695,-0.7828,2.0336%,2.4303%,29.9812%,-0.004433,EA,75828.0,2019-02-12,252.0,5.2345%,-0.001,0.9868,0.1905,-0.7837,2.0420%,2.4426%,30.1133%,0.037536,EA,75828.0,2019-02-13,252.0,-0.0782%,-0.001,0.9869,0.1896,-0.7843,2.0420%,2.4412%,30.0255%,-0.003211,EA,75828.0,2019-02-14,252.0,2.9340%,-0.0009,0.9808,0.2043,-0.8008,2.0488%,2.4483%,29.9706%,0.025777,EA,75828.0,2019-02-15,252.0,1.5107%,-0.0009,0.985,0.209,-0.7928,2.0495%,2.4490%,29.9654%,0.007257,EA,75828.0,2019-02-19,252.0,-3.6316%,-0.0011,0.9758,0.1899,-0.8136,2.0613%,2.4554%,29.5273%,-0.036515,EA,75828.0,2019-02-20,252.0,-4.2055%,-0.0012,0.9652,0.1674,-0.8509,2.0756%,2.4693%,29.3421%,-0.039952,EA,75828.0,2019-02-21,252.0,-1.7946%,-0.0013,0.9717,0.1773,-0.8389,2.0771%,2.4716%,29.3731%,-0.016314,EA,75828.0,2019-02-22,252.0,-0.9705%,-0.0014,0.9755,0.1784,-0.7926,2.0842%,2.4713%,28.8754%,-0.029428,EA,75828.0,2019-02-25,252.0,-0.0625%,-0.0014,0.975,0.1787,-0.7943,2.0840%,2.4713%,28.8850%,-0.003152,EA,75828.0,2019-02-26,252.0,2.7540%,-0.0013,0.9656,0.1476,-0.8171,2.0916%,2.4743%,28.5401%,0.027523,EA,0.033103,0.029892,0.055669,0.026411,-0.0349119999999999
24499,ELECTRONIC ARTS INC,Hearing Bank of America Upgraded Electronic Arts; Unconfirmed,6,increase,0.7,0.6,"an upgrade from a major financial institution like bank of america typically signals positive sentiment towards the stock, which can lead to an increase in its price, although the unconfirmed status introduces some uncertainty.",2,2019-02-11,EA,2019-02-11 12:56:00+00:00,75828.0,28551210,-0.0036885309964418,38702397.0,0.0523447543382644,0.1605231910943985,-0.0007818022859282,0.0484976880252361,0.0293398536741733,-0.1330522894859314,0.0151068540289998,0.0462512299418449,-0.0363159626722335,-0.0305854082107543,-0.0420551858842372,-0.011058073490858,-0.0179458241909742,0.0337329879403114,-0.0097047537565231,0.0228107012808322,-0.0006254957988858,-0.0357024781405925,0.0275401566177606,-0.0138434348627924,-0.0067005446180701,0.0028420910239219,-0.0210547596216201,0.0263660512864589,0.0170182175934314,-0.0238747168332338,-0.0012319345260038,-0.013078243471682,-0.0161373186856508,0.0359422154724597,-0.0099248280748724,-0.0067838146351277,0.0484330914914608,0.0048050098121166,-0.0100644119083881,0.0102731548249721,0.0069133825600147,-0.0233737062662839,-0.0045436648651957,-0.0034062759950757,0.0156202549114823,0.0236193723976612,-0.0129830762743949,-0.001235598581843,0.0015177731402218,0.016326067969203,0.0068700774572789,0.0375503227114677,-0.0215733647346496,0.0725447759032249,-0.0049226065166294,-0.0206545181572437,0.0809027999639511,0.0185020789504051,-0.0242181625217199,-0.0049180248752236,-0.0059604551643133,-0.0016366266645491,0.0057996297255158,0.019771484658122,-0.0161258950829505,0.0424250289797782,0.0151981599628925,-0.0241608787328004,-0.0055772964842617,-0.0112345395609736,0.0102332085371017,-0.0117406602948904,-0.0178241152316331,-0.0204999931156635,-0.0068424716591835,0.0097184982150793,-0.0220668893307447,-0.0116018000990152,0.0152133740484714,-0.0086569003760814,-0.0148848770186305,-0.0256657097488641,0.0030628184322267,-0.0053931516595184,0.0140457740053534,-0.0034635243937373,0.0095353266224265,0.0146631943061947,0.0124279176816344,-0.016213646158576,-0.0390847809612751,0.0332593843340873,-0.0410832576453685,-0.0335714258253574,-0.0200362876057624,-0.0008326358511112,0.0129418428987264,-0.0268549565225839,-0.0066566755995154,0.0057042823173105,0.0228058863431215,0.0101128946989774,-0.0050723422318696,0.0012951914686709,-0.0124269584193825,0.0273376330733299,0.0160249285399913,-0.0160675849765539,0.0027522190939635,0.0120452903211116,-0.0008445247076451,-0.0002408992295386,0.002218690700829,-0.0340816602110862,-0.0048492420464754,-0.0258356798440218,-0.0201271343976259,0.0290344897657632,0.0136216450482606,-0.0186519883573055,-0.0109854815527796,-0.0030801307875663,0.0124015295878052,-0.0138372788205742,0.0523447543382644,0.1605231910943985,0.0515220288037381,0.2168058827621461,0.0823735312640097,0.0549070742006927,0.0588235417375013,0.0699407753728453,0.012957651546583,0.0638761862591525,0.0522418944445504,0.2530491738691269,-0.0345536901736956,0.0979862729182119,2019-02-12,2019-02-13,2019-02-14,2019-02-15,2019-02-19,2019-02-20,2019-02-21,2019-02-22,2019-02-25,2019-02-26,75828.0,2019-02-11,252.0,-0.3689%,-0.0011,0.9812,0.1695,-0.7828,2.0336%,2.4303%,29.9812%,-0.004433,EA,75828.0,2019-02-12,252.0,5.2345%,-0.001,0.9868,0.1905,-0.7837,2.0420%,2.4426%,30.1133%,0.037536,EA,75828.0,2019-02-13,252.0,-0.0782%,-0.001,0.9869,0.1896,-0.7843,2.0420%,2.4412%,30.0255%,-0.003211,EA,75828.0,2019-02-14,252.0,2.9340%,-0.0009,0.9808,0.2043,-0.8008,2.0488%,2.4483%,29.9706%,0.025777,EA,75828.0,2019-02-15,252.0,1.5107%,-0.0009,0.985,0.209,-0.7928,2.0495%,2.4490%,29.9654%,0.007257,EA,75828.0,2019-02-19,252.0,-3.6316%,-0.0011,0.9758,0.1899,-0.8136,2.0613%,2.4554%,29.5273%,-0.036515,EA,75828.0,2019-02-20,252.0,-4.2055%,-0.0012,0.9652,0.1674,-0.8509,2.0756%,2.4693%,29.3421%,-0.039952,EA,75828.0,2019-02-21,252.0,-1.7946%,-0.0013,0.9717,0.1773,-0.8389,2.0771%,2.4716%,29.3731%,-0.016314,EA,75828.0,2019-02-22,252.0,-0.9705%,-0.0014,0.9755,0.1784,-0.7926,2.0842%,2.4713%,28.8754%,-0.029428,EA,75828.0,2019-02-25,252.0,-0.0625%,-0.0014,0.975,0.1787,-0.7943,2.0840%,2.4713%,28.8850%,-0.003152,EA,75828.0,2019-02-26,252.0,2.7540%,-0.0013,0.9656,0.1476,-0.8171,2.0916%,2.4743%,28.5401%,0.027523,EA,0.033103,0.029892,0.055669,0.026411,-0.0349119999999999
24507,VAALCO ENERGY INC,VAALCO Energy shares are trading higher after the company announced a 76% increase in year-end 2018 proved reserved.,6,increase,0.8,0.7,"a 76% increase in proved reserves typically signals stronger future revenue potential, which is likely to positively impact investor sentiment and drive the stock price higher.",2,2019-02-11,EGY,2019-02-11 19:37:00+00:00,78841.0,91851C20,0.1264367997646332,424909.0,0.0663264691829681,0.0175438430160284,0.0765550658106803,-0.0706521719694137,0.1066666692495346,-0.0054053999483585,-0.0361445434391498,-0.0263157654553651,0.0291666369885206,0.0160427652299404,0.0,0.0163043327629566,-0.0040485789068043,-0.0212765745818615,0.0121951103210449,0.0107526779174804,-0.0240963622927665,-0.0053475885652005,-0.0123456669971346,0.0053763389587402,0.0166666507720947,0.0163934268057346,-0.0450820215046405,-0.0265957191586494,-0.0257510486990213,-0.0600000023841857,0.00440528197214,0.0309278052300214,0.0219298042356967,0.0430107749998569,0.0,0.0054053999483585,-0.0128755243495106,0.0,-0.0260869320482015,0.0393258742988109,-0.0044642812572419,-0.0055865868926048,-0.0134529015049338,-0.0218579676002264,0.0,0.0054945000447332,0.0272727012634277,0.0111111672595143,0.0442477464675903,0.0714285746216774,0.0338983759284019,-0.0175439119338989,0.0122950701043009,0.0822784751653671,-0.0161943156272172,-0.006289301905781,0.0082304449751973,0.0816326513886451,-0.048979640007019,0.0729927197098732,0.0,-0.0072463699616491,-0.030042890459299,0.0,-0.0132743241265416,0.1311475038528442,-0.0134529015049338,-0.0687022283673286,0.0181818008422851,-0.0223881267011165,0.0223214067518711,0.0,0.0218340400606393,0.0151514997705817,-0.0085470005869865,-0.0434782207012176,0.0086206812411546,-0.0800000056624412,0.0299146044999361,-0.0384615026414394,0.0207468681037426,-0.0429448187351226,-0.0081300735473632,0.0382165238261222,0.0245901402086019,0.0129032908007502,-0.0079999919980764,-0.0548780709505081,0.0161290168762207,0.0314465090632438,0.0,-0.0701754391193389,-0.0238095019012689,-0.0284090638160705,0.0040650367736816,0.0797545984387397,0.0080971578136086,-0.0060975551605224,0.0722891837358474,0.018633522093296,-0.0074906293302774,0.0254776813089847,-0.0301887392997741,-0.012578603811562,0.0,0.074324332177639,-0.0311283767223358,-0.0691823959350586,-0.016064241528511,0.0600000210106372,-0.057142898440361,-0.0384615026414394,0.0,-0.1186440885066986,-0.0649350062012672,-0.0585106462240219,-0.0185186099261045,0.0053475885652005,0.037735927850008,-0.015789458528161,-0.0409091599285602,-0.0306122750043869,-0.0047393320128321,-0.0576922558248043,0.0663264691829681,0.0175438430160284,0.1479591622069407,-0.0543478395671581,0.2704081424740412,-0.0594594677063269,0.2602040702643533,-0.0695187159954766,0.2244898198982625,-0.0645161316270235,0.1530612042086097,0.2608695738429851,0.0714285067610878,-0.1634615134009708,2019-02-12,2019-02-13,2019-02-14,2019-02-15,2019-02-19,2019-02-20,2019-02-21,2019-02-22,2019-02-25,2019-02-26,78841.0,2019-02-11,252.0,12.6437%,0.0045,1.4294,1.1728,0.1843,5.2344%,5.4787%,8.7167%,0.117172,EGY,78841.0,2019-02-12,252.0,6.6326%,0.0048,1.475,1.1454,0.2124,5.2351%,5.4897%,9.0594%,0.046865,EGY,78841.0,2019-02-13,252.0,7.6555%,0.0052,1.5015,1.1277,0.2255,5.2469%,5.5062%,9.1957%,0.071489,EGY,78841.0,2019-02-14,252.0,10.6667%,0.0056,1.4779,1.182,0.1664,5.2843%,5.5427%,9.1062%,0.1051629999999999,EGY,78841.0,2019-02-15,252.0,-3.6145%,0.0055,1.4631,1.162,0.1336,5.2950%,5.5489%,8.9426%,-0.056698,EGY,78841.0,2019-02-19,252.0,2.9167%,0.0056,1.4751,1.1604,0.1308,5.2933%,5.5503%,9.0470%,0.0225159999999999,EGY,78841.0,2019-02-20,252.0,0.0000%,0.0056,1.4722,1.1558,0.121,5.2938%,5.5505%,9.0355%,-0.006175,EGY,78841.0,2019-02-21,252.0,-0.4049%,0.0055,1.4803,1.1716,0.1359,5.2922%,5.5507%,9.0949%,0.002386,EGY,78841.0,2019-02-22,252.0,1.2195%,0.0055,1.481,1.1809,0.1523,5.2922%,5.5507%,9.0977%,-0.001973,EGY,78841.0,2019-02-25,252.0,-2.4096%,0.0054,1.4804,1.1943,0.1572,5.2951%,5.5538%,9.0986%,-0.023073,EGY,78841.0,2019-02-26,252.0,-1.2346%,0.0054,1.4813,1.2036,0.1626,5.2953%,5.5538%,9.0897%,-0.001915,EGY,0.164037,0.2355259999999999,0.3406889999999999,0.3065069999999999,0.2757569999999999
24515,VAALCO ENERGY INC,VAALCO Energy Announces 76% Increase in Proved Reserves at Year-End 2018 and a 2019 Drilling Program to Include Up to Three Development Wells Funded With Cash on Hand and Cash From Operations,6,increase,0.8,0.7,"the announcement of a 76% increase in proved reserves typically signals strong growth potential, which is likely to positively impact investor sentiment and increase the stock price.",2,2019-02-11,EGY,2019-02-11 11:46:00+00:00,78841.0,91851C20,0.1264367997646332,424909.0,0.0663264691829681,0.0175438430160284,0.0765550658106803,-0.0706521719694137,0.1066666692495346,-0.0054053999483585,-0.0361445434391498,-0.0263157654553651,0.0291666369885206,0.0160427652299404,0.0,0.0163043327629566,-0.0040485789068043,-0.0212765745818615,0.0121951103210449,0.0107526779174804,-0.0240963622927665,-0.0053475885652005,-0.0123456669971346,0.0053763389587402,0.0166666507720947,0.0163934268057346,-0.0450820215046405,-0.0265957191586494,-0.0257510486990213,-0.0600000023841857,0.00440528197214,0.0309278052300214,0.0219298042356967,0.0430107749998569,0.0,0.0054053999483585,-0.0128755243495106,0.0,-0.0260869320482015,0.0393258742988109,-0.0044642812572419,-0.0055865868926048,-0.0134529015049338,-0.0218579676002264,0.0,0.0054945000447332,0.0272727012634277,0.0111111672595143,0.0442477464675903,0.0714285746216774,0.0338983759284019,-0.0175439119338989,0.0122950701043009,0.0822784751653671,-0.0161943156272172,-0.006289301905781,0.0082304449751973,0.0816326513886451,-0.048979640007019,0.0729927197098732,0.0,-0.0072463699616491,-0.030042890459299,0.0,-0.0132743241265416,0.1311475038528442,-0.0134529015049338,-0.0687022283673286,0.0181818008422851,-0.0223881267011165,0.0223214067518711,0.0,0.0218340400606393,0.0151514997705817,-0.0085470005869865,-0.0434782207012176,0.0086206812411546,-0.0800000056624412,0.0299146044999361,-0.0384615026414394,0.0207468681037426,-0.0429448187351226,-0.0081300735473632,0.0382165238261222,0.0245901402086019,0.0129032908007502,-0.0079999919980764,-0.0548780709505081,0.0161290168762207,0.0314465090632438,0.0,-0.0701754391193389,-0.0238095019012689,-0.0284090638160705,0.0040650367736816,0.0797545984387397,0.0080971578136086,-0.0060975551605224,0.0722891837358474,0.018633522093296,-0.0074906293302774,0.0254776813089847,-0.0301887392997741,-0.012578603811562,0.0,0.074324332177639,-0.0311283767223358,-0.0691823959350586,-0.016064241528511,0.0600000210106372,-0.057142898440361,-0.0384615026414394,0.0,-0.1186440885066986,-0.0649350062012672,-0.0585106462240219,-0.0185186099261045,0.0053475885652005,0.037735927850008,-0.015789458528161,-0.0409091599285602,-0.0306122750043869,-0.0047393320128321,-0.0576922558248043,0.0663264691829681,0.0175438430160284,0.1479591622069407,-0.0543478395671581,0.2704081424740412,-0.0594594677063269,0.2602040702643533,-0.0695187159954766,0.2244898198982625,-0.0645161316270235,0.1530612042086097,0.2608695738429851,0.0714285067610878,-0.1634615134009708,2019-02-12,2019-02-13,2019-02-14,2019-02-15,2019-02-19,2019-02-20,2019-02-21,2019-02-22,2019-02-25,2019-02-26,78841.0,2019-02-11,252.0,12.6437%,0.0045,1.4294,1.1728,0.1843,5.2344%,5.4787%,8.7167%,0.117172,EGY,78841.0,2019-02-12,252.0,6.6326%,0.0048,1.475,1.1454,0.2124,5.2351%,5.4897%,9.0594%,0.046865,EGY,78841.0,2019-02-13,252.0,7.6555%,0.0052,1.5015,1.1277,0.2255,5.2469%,5.5062%,9.1957%,0.071489,EGY,78841.0,2019-02-14,252.0,10.6667%,0.0056,1.4779,1.182,0.1664,5.2843%,5.5427%,9.1062%,0.1051629999999999,EGY,78841.0,2019-02-15,252.0,-3.6145%,0.0055,1.4631,1.162,0.1336,5.2950%,5.5489%,8.9426%,-0.056698,EGY,78841.0,2019-02-19,252.0,2.9167%,0.0056,1.4751,1.1604,0.1308,5.2933%,5.5503%,9.0470%,0.0225159999999999,EGY,78841.0,2019-02-20,252.0,0.0000%,0.0056,1.4722,1.1558,0.121,5.2938%,5.5505%,9.0355%,-0.006175,EGY,78841.0,2019-02-21,252.0,-0.4049%,0.0055,1.4803,1.1716,0.1359,5.2922%,5.5507%,9.0949%,0.002386,EGY,78841.0,2019-02-22,252.0,1.2195%,0.0055,1.481,1.1809,0.1523,5.2922%,5.5507%,9.0977%,-0.001973,EGY,78841.0,2019-02-25,252.0,-2.4096%,0.0054,1.4804,1.1943,0.1572,5.2951%,5.5538%,9.0986%,-0.023073,EGY,78841.0,2019-02-26,252.0,-1.2346%,0.0054,1.4813,1.2036,0.1626,5.2953%,5.5538%,9.0897%,-0.001915,EGY,0.164037,0.2355259999999999,0.3406889999999999,0.3065069999999999,0.2757569999999999
24523,ENZO BIOCHEM INC,Enzo Biochem 8-K Shows Co. Entered Into Settlement With Roche; Enzo Agreed To Pay $21M In Settlement Pursuant To Agreement,6,decrease,0.8,0.7,"the settlement payment of $21 million may negatively impact enzo biochem's financial position, leading to a decrease in stock price.",0,2019-02-11,ENZ,2019-02-11 16:52:00+00:00,33209.0,29410010,-0.0274314526468515,1033694.0,-0.0743590220808982,0.0100756175816059,-0.0221606437116861,0.0153452539816498,0.0198300089687109,0.0235602501779794,-0.024999976158142,-0.0497512556612491,0.0199430007487535,0.0334189906716346,-0.013966467231512,0.0345744974911212,-0.0368271619081497,0.0107526779174804,0.0323529094457626,0.0,0.0256410017609596,0.0026954151690006,-0.0111111011356115,0.0027026999741792,-0.0140449302271008,0.0,-0.0370370000600814,-0.0133333206176757,0.0118343075737357,0.0026737942826002,-0.0497076250612735,0.0218579024076461,-0.0153846004977822,-0.0291776917874813,-0.0500000268220901,0.0771428495645523,-0.0032894706819206,0.0736196339130401,0.0066006537526845,0.0349205993115901,0.0131147420033812,-0.006309141870588,-0.0873786360025405,0.0602006912231445,0.0283688530325889,0.0101351253688335,-0.0827586203813552,-0.019867530092597,-0.0451128259301185,0.0342465415596962,0.0039370041340589,0.0174216702580452,0.01960782520473,0.0361010506749153,0.0115385428071022,-0.0107142757624387,-0.0076046460308134,0.0071942377835512,-0.0153256561607122,0.0258302334696054,0.0038910470902919,0.0111940186470747,-0.0116278966888785,0.0551181510090827,0.0549020022153854,0.0079365000128746,-0.0111524052917957,0.0039840601384639,0.02631576359272,0.0203251838684082,0.0219780001789331,-0.050193004310131,0.0358423441648483,-0.0407407879829406,0.0069204084575176,-0.0526315309107303,0.0103092677891254,-0.0138408988714218,0.0612244307994842,-0.0302013140171766,-0.0128205008804798,-0.0033444783184677,0.0681818351149559,0.0135593088343739,0.0303951799869537,-0.0978593081235885,0.0206489469856023,0.0123838894069194,-0.0057803411036729,-0.0122324042022228,0.0610465221107006,0.0973154231905937,-0.0219178516417741,-0.0479233525693416,0.0028011177200824,0.0162338279187679,0.0,-0.0314465835690498,0.0139665342867374,-0.0392748862504959,0.0082644550129771,0.0643086954951286,-0.0109290163964033,-0.0220126323401927,-0.0331491418182849,0.0063291075639426,-0.0228571202605962,0.0,0.0321637131273746,0.0259740799665451,-0.0169971510767936,-0.022222276777029,0.0317002572119236,0.0227273292839527,-0.0223463475704193,-0.0314465835690498,0.0114285601302981,0.0127388406544923,0.0028248562011867,-0.0218068324029445,0.0028168987482786,0.0062695862725377,0.0365168862044811,-0.015432083979249,-0.0743590220808982,0.0100756175816059,-0.0948718219975002,0.0255754844740674,-0.0769231221098777,0.0497382994646788,-0.0820513218151133,0.0308483619147139,-0.0871795227839573,0.0837838323647124,-0.3461538707822302,0.578740267555774,-0.0538461557226581,0.2376543846484429,2019-02-12,2019-02-13,2019-02-14,2019-02-15,2019-02-19,2019-02-20,2019-02-21,2019-02-22,2019-02-25,2019-02-26,33209.0,2019-02-11,252.0,-2.7431%,-0.0019,0.933,1.6761,0.3755,2.9554%,3.2133%,15.4100%,-0.0410759999999999,ENZ,33209.0,2019-02-12,252.0,-7.4359%,-0.0023,0.8786,1.6837,0.3464,3.0012%,3.2434%,14.3803%,-0.086844,ENZ,33209.0,2019-02-13,252.0,-2.2161%,-0.0023,0.8842,1.6646,0.3372,3.0022%,3.2442%,14.3587%,-0.025973,ENZ,33209.0,2019-02-14,252.0,1.9830%,-0.0023,0.8795,1.6736,0.3284,3.0036%,3.2461%,14.3850%,0.014887,ENZ,33209.0,2019-02-15,252.0,-2.5000%,-0.0024,0.8559,1.6482,0.2846,3.0132%,3.2476%,13.9155%,-0.040799,ENZ,33209.0,2019-02-19,252.0,1.9943%,-0.0024,0.8565,1.6608,0.2987,3.0143%,3.2495%,13.9503%,0.012583,ENZ,33209.0,2019-02-20,252.0,-1.3966%,-0.0024,0.853,1.6606,0.2881,3.0146%,3.2496%,13.9409%,-0.020991,ENZ,33209.0,2019-02-21,252.0,-3.6827%,-0.0025,0.8597,1.6678,0.3008,3.0203%,3.2561%,13.9551%,-0.031946,ENZ,33209.0,2019-02-22,252.0,3.2353%,-0.0025,0.857,1.6537,0.2545,3.0228%,3.2597%,14.0092%,0.021913,ENZ,33209.0,2019-02-25,252.0,2.5641%,-0.0023,0.8547,1.636,0.237,3.0272%,3.2624%,13.8995%,0.029013,ENZ,33209.0,2019-02-26,252.0,-1.1111%,-0.0023,0.8602,1.6256,0.2358,3.0266%,3.2628%,13.9562%,0.0014089999999999,ENZ,-0.12792,-0.153893,-0.139006,-0.1672219999999999,-0.1678239999999999
24531,EPAM SYSTEMS INC,"KeyBanc Maintains Overweight on EPAM Systems, Raises Price Target to $164",6,increase,0.8,0.6,maintaining an overweight rating and raising the price target typically signals positive sentiment and potential for stock price appreciation.,2,2019-02-11,EPAM,2019-02-11 13:21:00+00:00,13210.0,29414B10,0.0191243980079889,313089.0,-0.0068360310979187,0.0139197362586855,0.0093798460438847,-0.0130544984713196,0.0301510524004697,0.0072977454401552,0.0038938680663704,0.0053990362212061,0.0069170086644589,0.0023589560296386,0.0008346487302333,0.0187306273728609,0.0007056297035887,0.0026930517051368,0.016730772331357,0.0164974331855773,0.0054851216264069,-0.0038036371115595,0.00125405669678,-0.0103693660348653,0.001189895090647,0.0362847447395324,0.0119472304359078,0.0038418101612478,0.0109408106654882,-0.0081342561170458,-0.0064200735650956,-0.0153689999133348,-0.0050461990758776,0.017398290336132,-0.0061231460422277,0.0077680186368525,-0.0079034427180886,0.0144089916720986,0.0104127693921327,0.0260260645300149,0.0154581917449832,-0.0046750507317483,0.0121048828586936,0.0073341848328709,0.0056175938807427,0.0079371593892574,0.0091302515938878,0.0250457972288131,0.0087500074878335,0.016458623111248,-0.0024783038534224,0.0511334612965583,0.0045548905618488,0.0449727959930896,-0.0085973776876926,-0.017757162451744,0.02833217009902,-0.0145677300170064,-0.051233235746622,0.0172746516764164,0.0174114257097244,-0.0086926287040114,0.018190573900938,0.0205819699913263,-0.030618280172348,0.0605946779251098,0.0184904709458351,-0.0112568531185388,0.0067262193188071,-0.0169196873903274,0.0117660388350486,-0.0480585433542728,-0.000934948620852,-0.0219686795026063,0.023748230189085,0.0279212463647127,-0.0327391773462295,-0.0419287197291851,-0.0055525265634059,-0.036752849817276,0.0054647945798933,-0.0021761637181043,-0.0020677384454756,0.0053479946218431,0.0134975062683224,0.0094887828454375,0.007651855237782,-0.004883992485702,0.0060866214334964,-0.0395591035485267,-0.0073749641887843,-0.0184175726026296,0.0099837547168135,-0.030647886916995,-0.0243103206157684,0.0320920757949352,0.0097189955413341,0.0280189663171768,0.0076420344412326,0.0028494587168097,0.0258206836879253,0.0182140115648508,-0.0034426355268806,-0.0026525345165282,-0.0024352017790079,0.0335631854832172,0.0024978851433843,-0.0012445560423657,0.0037940889596939,0.0212693363428115,0.0118470387533307,-0.0255160722881555,-0.0074709877371788,-0.0336738042533397,-0.0165150109678506,-0.0066582430154085,0.0127370096743106,0.0011109905317425,-0.0029327408410608,-0.0173879396170377,-0.0367667861282825,0.0097629940137267,0.0007634322973899,-0.0235258322209119,-0.0068360310979187,0.0139197362586855,0.0024796940267162,0.0006835226116557,0.0327055118117225,0.0079862562258334,0.0438977786059315,0.0158190435933103,0.0701694621700175,0.0398437536289464,0.1404061141711858,0.2988822073797155,0.1421485883269959,0.1256246335449866,2019-02-12,2019-02-13,2019-02-14,2019-02-15,2019-02-19,2019-02-20,2019-02-21,2019-02-22,2019-02-25,2019-02-26,13210.0,2019-02-11,252.0,1.9124%,0.0009,1.2185,0.3618,-0.5171,1.2607%,1.9504%,58.2158%,0.016263,EPAM,13210.0,2019-02-12,252.0,-0.6836%,0.0009,1.2211,0.34,-0.5119,1.2592%,1.9491%,58.2607%,-0.0244589999999999,EPAM,13210.0,2019-02-13,252.0,0.9380%,0.0008,1.2072,0.3655,-0.5061,1.2435%,1.9263%,58.3315%,0.006015,EPAM,13210.0,2019-02-14,252.0,3.0151%,0.0009,1.2011,0.3802,-0.5225,1.2548%,1.9347%,57.9357%,0.02775,EPAM,13210.0,2019-02-15,252.0,0.3894%,0.001,1.2077,0.3852,-0.513,1.2524%,1.9348%,58.0987%,-0.008221,EPAM,13210.0,2019-02-19,252.0,0.6917%,0.001,1.21,0.3855,-0.5128,1.2523%,1.9336%,58.0546%,0.004944,EPAM,13210.0,2019-02-20,252.0,0.0835%,0.0009,1.2078,0.3708,-0.5234,1.2443%,1.9282%,58.3551%,0.000408,EPAM,13210.0,2019-02-21,252.0,0.0706%,0.0009,1.206,0.3678,-0.5268,1.2444%,1.9270%,58.3002%,0.00413,EPAM,13210.0,2019-02-22,252.0,1.6731%,0.0009,1.206,0.3736,-0.521,1.2441%,1.9286%,58.3902%,-0.000974,EPAM,13210.0,2019-02-25,252.0,0.5485%,0.0009,1.2072,0.3735,-0.5164,1.2423%,1.9271%,58.4426%,0.00361,EPAM,13210.0,2019-02-26,252.0,0.1254%,0.0009,1.2075,0.3693,-0.5184,1.2424%,1.9244%,58.3203%,0.0037719999999999,EPAM,-0.0081959999999999,-0.0021809999999999,0.025569,0.022292,0.033238
24539,EVOLUTION PETROLEUM CORP,"Roth Capital Upgrades Evolution Petroleum Corporation, Inc. Common Stock to Buy",6,increase,0.8,0.7,"upgrades from analysts, especially to a 'buy' rating, typically signal positive sentiment and can lead to an increase in stock price as investors may view it as a sign of potential growth.",2,2019-02-11,EPM,2019-02-11 14:54:00+00:00,83411.0,30049A10,0.0068680923432111,149568.0,-0.0190995726734399,0.0181818343698978,0.0431154295802116,-0.0096952486783266,0.0133333206176757,-0.0068776053376495,0.0460526198148727,-0.0241610519587993,-0.0628930851817131,0.013605429790914,-0.0201341770589351,-0.016064241528511,0.0383561253547668,-0.0092838425189256,0.0158311203122139,0.0093708401545882,-0.0155844008550047,0.0080971587449312,-0.0580475032329559,0.0,-0.0042016431689262,0.0013513178564608,-0.0056258738040924,0.0081743793562054,0.022630812600255,-0.0134408473968505,-0.0221299920231103,-0.0325097516179084,0.0070720952935516,0.0226063933223485,-0.0323033742606639,0.0107526779174804,-0.001451342832297,-0.0197628587484359,-0.0043604956008493,0.0133511861786246,-0.0087591158226132,-0.0209150742739439,0.0427098609507083,-0.0304182227700948,0.0056497124023735,0.0025412936229258,-0.0182584300637245,0.0167958810925483,-0.0072568524628877,0.0091264266520738,0.0482456013560295,0.0350877493619918,-0.0306834392249584,0.0495750568807125,0.0287770200520753,-0.0125874336808919,0.0041957669891417,0.0483870841562748,-0.0445682033896446,-0.0215207487344741,0.001457689795643,0.0101448828354477,0.0058224108070135,0.0072992979548871,-0.0130245555192232,0.1102106645703316,0.0058650970458984,-0.0536809675395488,-0.0160350054502487,-0.0060975551605224,0.0014815153554081,-0.0574712790548801,-0.0147929554805159,0.0481927990913391,-0.0270270016044378,-0.0500715188682079,0.0339505858719348,-0.015492976643145,0.0388060063123703,-0.0508021526038646,-0.0071839354932308,-0.0294494144618511,-0.0188132617622613,0.0012820194242522,0.0221238359808921,-0.0063693905249238,-0.0259740017354488,-0.0450122095644474,0.0059259203262627,-0.0072463126853108,0.0088365161791443,-0.0281690973788499,0.0087591158226132,-0.0554323680698871,0.0130246244370937,0.035591322928667,-0.017142841592431,0.0011494515929371,0.0218023397028446,-0.0102389249950647,-0.009957349859178,-0.0178770776838064,-0.025862043723464,0.00336319883354,0.0221238359808921,0.0124857723712921,-0.0072149662300944,-0.0537056885659694,0.0174418427050113,0.0230769254267215,0.0042857443913817,-0.0540540032088756,-0.0113798575475812,-0.0041407826356589,-0.0071942037902772,-0.00206616288051,0.0260869320482015,0.0114943170920014,0.0098870303481817,0.0084299184381961,-0.013986000791192,0.0031712190248072,0.0184396635740995,0.0063830236904323,-0.0190995726734399,0.0181818343698978,0.0231923706261578,0.0083103082859268,0.0368349225572761,0.0013755479276524,0.0163710602612257,-0.0095237676727037,-0.0259208849394538,-0.017543809495905,-0.043616620474601,0.0627737685680427,-0.0062470844193088,-0.2151780076642507,2019-02-12,2019-02-13,2019-02-14,2019-02-15,2019-02-19,2019-02-20,2019-02-21,2019-02-22,2019-02-25,2019-02-26,83411.0,2019-02-11,252.0,0.6868%,0.0001,1.2731,0.8096,0.8644,2.1297%,2.4833%,26.4498%,-0.002959,EPM,83411.0,2019-02-12,252.0,-1.9100%,-0.0,1.2553,0.8065,0.8558,2.1412%,2.4850%,25.7558%,-0.035206,EPM,83411.0,2019-02-13,252.0,4.3115%,0.0001,1.2547,0.8231,0.8681,2.1531%,2.4949%,25.5246%,0.038418,EPM,83411.0,2019-02-14,252.0,1.3333%,0.0003,1.253,0.8333,0.8533,2.1454%,2.4888%,25.6904%,0.016623,EPM,83411.0,2019-02-15,252.0,4.6053%,0.0005,1.2912,0.8704,0.919,2.1448%,2.5054%,26.7192%,0.025615,EPM,83411.0,2019-02-19,252.0,-6.2893%,0.0002,1.2795,0.8226,0.8662,2.1902%,2.5371%,25.4727%,-0.070727,EPM,83411.0,2019-02-20,252.0,-2.0134%,0.0002,1.2735,0.8199,0.8478,2.1930%,2.5375%,25.3126%,-0.029239,EPM,83411.0,2019-02-21,252.0,3.8356%,0.0003,1.2699,0.8225,0.8408,2.2082%,2.5486%,24.9239%,0.045492,EPM,83411.0,2019-02-22,252.0,1.5831%,0.0004,1.2672,0.839,0.8238,2.2094%,2.5501%,24.9367%,0.015313,EPM,83411.0,2019-02-25,252.0,-1.5584%,0.0003,1.2691,0.8478,0.8353,2.2091%,2.5509%,25.0010%,-0.013921,EPM,83411.0,2019-02-26,252.0,-5.8048%,0.0002,1.2921,0.8926,0.8752,2.2255%,2.5769%,25.4148%,-0.047934,EPM,-0.038165,0.0002529999999999,0.016876,-0.0282359999999999,-0.058525
24547,ERICSSON,Intel And Ericsson To Jointly Develop Next-Generation Software Defined Infrastructure For 5G Era; Will Align Dveelopment Efforts Of Ericsson SDI Manager Software And Intel Rack Scale Design,6,increase,0.75,0.6,"the collaboration with intel to develop next-generation infrastructure for 5g is likely to enhance ericsson's technological capabilities and market position, which could positively impact investor sentiment and stock price.",2,2019-02-11,ERIC,2019-02-11 18:47:00+00:00,33452.0,29482160,0.0125285433605313,5178637.0,0.0168728474527597,0.006880672648549,0.0353981964290142,-0.014689277857542,-0.0021366991568356,0.0125858820974826,0.001070688245818,-0.0113122602924704,-0.026737967506051,0.0011325287632644,0.0131868002936244,-0.0089786676689982,-0.0010846235090866,-0.0066890097223222,0.0314875096082687,0.0101351523771882,-0.0336841791868209,0.016018345952034,0.007625238969922,-0.0157658047974109,-0.0075675346888601,0.0422534793615341,-0.011982636526227,0.0070922481827437,0.0154355401173234,0.0095465304329991,0.0043431012891232,-0.0198830496519804,0.0086486404761672,0.0118343653157353,-0.0096463188529014,-0.003537704469636,-0.0183982774615287,-0.0011778832413256,0.0154355401173234,0.0035460677463561,0.0141151044517755,-0.0082062948495149,-0.0032119627576321,-0.032879814505577,0.0042964513413608,-0.0392157509922981,0.0128342118114233,0.0245536006987094,0.016895443201065,0.0181818008422851,-0.007268919609487,0.012658298946917,0.0094141419976949,0.0482508577406406,0.0176165886223316,-0.0393974669277668,-0.001018256181851,-0.0270574726164341,-0.0530071817338466,0.0195402391254901,0.0053821518085896,0.0259434282779693,-0.0042826510034501,-0.0023529950994998,-0.0096774352714419,0.0353227704763412,0.0053438199684023,0.0024420584086328,0.0032787637319415,-0.0629290863871574,0.0196077711880207,-0.0011428833240643,0.0117522021755576,-0.013528736308217,0.0126715824007988,0.0011286940425634,-0.0093847913667559,-0.0133630167692899,0.0021053112577646,-0.0239130724221468,0.0168067049235105,0.0032715084962546,-0.0061983903869986,0.0432309582829475,0.0103950500488281,0.0011389782885089,0.003086392302066,0.0138568002730608,0.0112820165231823,-0.0159091297537088,-0.0202839579433202,0.045130655169487,0.0020704409107565,-0.0388128012418746,0.0733471065759658,0.0441001020371913,-0.0269490554928779,-0.0023780623450875,0.0019782846793532,-0.0047337235882878,-0.0029614740051329,0.0242424011230468,0.0039603919722139,-0.0213523488491773,-0.0226824935525655,0.010791384615004,0.0131180742755532,0.0208078417927026,-0.0029880211222916,0.0061576589941978,-0.0109890718013048,-0.034482754766941,-0.0101009523496031,-0.0175234302878379,-0.0163265150040388,0.0046948310919106,0.0,0.0047170892357826,-0.0041493736207485,-0.0493274144828319,-0.0343749895691871,0.0194285809993743,0.0032362169586122,-0.0288568511605262,0.0168728474527597,0.006880672648549,0.0528683122502235,-0.0079096773213742,0.0506186494151794,0.0045766545099124,0.0236220500050166,-0.0056625362272921,0.040494897152342,-0.0112613056207224,0.0461192137702259,0.0329411448869532,0.0586059870374795,-0.0255272510168645,2019-02-12,2019-02-13,2019-02-14,2019-02-15,2019-02-19,2019-02-20,2019-02-21,2019-02-22,2019-02-25,2019-02-26,33452.0,2019-02-11,252.0,1.2529%,0.0014,0.9207,0.244,0.1616,1.8633%,2.0941%,20.8284%,0.009224,ERIC,33452.0,2019-02-12,252.0,1.6873%,0.0014,0.9157,0.2526,0.1575,1.8620%,2.0915%,20.7401%,0.004477,ERIC,33452.0,2019-02-13,252.0,3.5398%,0.0015,0.9131,0.2696,0.1681,1.8696%,2.0956%,20.4077%,0.032472,ERIC,33452.0,2019-02-14,252.0,-0.2137%,0.0015,0.9141,0.2686,0.1683,1.8691%,2.0955%,20.4454%,-0.000746,ERIC,33452.0,2019-02-15,252.0,0.1071%,0.0014,0.906,0.2601,0.1535,1.8707%,2.0934%,20.1440%,-0.010838,ERIC,33452.0,2019-02-19,252.0,-2.6738%,0.0013,0.8975,0.244,0.1361,1.8804%,2.0984%,19.6958%,-0.029774,ERIC,33452.0,2019-02-20,252.0,1.3187%,0.0014,0.9007,0.255,0.1486,1.8804%,2.0992%,19.7546%,0.010096,ERIC,33452.0,2019-02-21,252.0,-0.1085%,0.0014,0.8981,0.2499,0.1438,1.8800%,2.0975%,19.6656%,0.002669,ERIC,33452.0,2019-02-22,252.0,3.1488%,0.0015,0.8945,0.2553,0.1057,1.8864%,2.1059%,19.7634%,0.0262889999999999,ERIC,33452.0,2019-02-25,252.0,-3.3684%,0.0013,0.8945,0.2729,0.1149,1.8997%,2.1177%,19.5243%,-0.034272,ERIC,33452.0,2019-02-26,252.0,0.7625%,0.0013,0.8792,0.2742,0.1041,1.8956%,2.1068%,19.0467%,0.011083,ERIC,0.013701,0.046173,0.045427,0.004815,0.02068
24555,ESSENT GROUP LTD,Essent Group Option Alert: Apr 18 $50 Calls Sweep (2) near the Ask: 2126 @ $0.125 vs 2306 OI; Ref=$41.05,6,uncertain,0.6,0.3,"the option alert indicates interest in bullish calls, but without additional context on market conditions or company performance, the impact on the stock price remains uncertain.",1,2019-02-11,ESNT,2019-02-11 17:25:00+00:00,14235.0,G3198U10,-0.0045826975256204,528221.0,0.0283498466014862,0.0127015262842178,0.0101319588720798,-0.0009761082474142,0.0020993738435208,0.0019559415522962,0.0332867875695228,-0.0007329288637265,0.0101374359801411,0.0103678600862622,-0.0060214195400476,0.0191194545477628,-0.0078527815639972,0.0221136696636676,0.0020352816209197,0.0080351876094937,-0.0160235352814197,0.0028593866154551,-0.0038990406319499,0.0023449752479791,-0.0027630424592643,0.0123978164047002,-0.0039252359420061,0.0163539033383131,0.01274917088449,-0.0002680819015949,0.0022889056708663,-0.012440375983715,0.0029686514753848,0.012597088702023,-0.0068305837921798,-0.0087672164663672,-0.0243007242679595,0.0126446392387151,-0.0016447296366095,0.0150190945714712,0.0268298275768756,-0.0005458640516735,-0.006875985302031,-0.0113330269232392,0.007615924347192,0.0145086944103241,0.0034356738906353,0.008837329223752,0.0093585904687643,0.0333903580904007,0.0545002222061157,-0.0017093322239816,-0.0053613553754985,0.0399999544024467,-0.022854708135128,-0.0091016255319118,0.0114739732816815,-0.0035107936710119,-0.043848130851984,0.0282791387289762,-0.0262377709150314,-0.000601221981924,0.0135894566774368,0.0036209695972502,0.0004623314598575,0.0604799799621105,0.0134011516347527,-0.0160579420626163,-0.0093479212373495,-0.0227692238986492,0.0349827483296394,-0.0133575787767767,0.0026684217154979,-0.0288914982229471,0.0039920229464769,0.0083233881741762,0.0075104958377778,-0.0088391061872243,0.0041657229885458,-0.0153757641091942,0.015502163209021,-0.0190665386617183,-0.0453665219247341,-0.0101408623158931,0.0135134784504771,0.0116842361167073,0.0108889257535338,-0.0209263395518064,0.0090129664167761,-0.024230858311057,-0.0058823628351092,0.010731958784163,0.0017531890189275,-0.066769354045391,-0.0100634237751364,0.0098547004163265,-0.0035359081812202,-0.0066975355148315,0.0097582312300801,0.0,0.0162530578672885,0.0210415367037057,0.0021611945703625,-0.0261270608752965,0.0015095901908352,0.0254794117063283,0.0038759757298976,-0.0119387255981564,0.0173745471984148,0.0136806229129433,0.0004216836823616,-0.03405337408185,-0.00337196723558,-0.0226030778139829,0.0126876393333077,-0.0127513604238629,0.0002088564651785,0.0228241756558418,0.0169101785868406,-0.0172541476786136,-0.0307944994419813,0.0124781634658575,-0.010167327709496,0.0057730809785425,0.0283498466014862,0.0127015262842178,0.0387690449533622,0.0117130199722428,0.0409498095157965,0.0136918715070057,0.0865035076395466,0.0234510200226911,0.0523382594406012,0.0802500762017661,0.048218996969092,0.2510561178964738,0.1322994699427782,0.0406626113606922,2019-02-12,2019-02-13,2019-02-14,2019-02-15,2019-02-19,2019-02-20,2019-02-21,2019-02-22,2019-02-25,2019-02-26,14235.0,2019-02-11,252.0,-0.4583%,-0.0001,1.0751,0.7962,0.617,1.7768%,2.0933%,27.9528%,-0.012948,ESNT,14235.0,2019-02-12,252.0,2.8350%,-0.0,1.082,0.798,0.6202,1.7792%,2.0995%,28.1870%,0.0145189999999999,ESNT,14235.0,2019-02-13,252.0,1.0132%,-0.0,1.0786,0.8062,0.6232,1.7786%,2.0972%,28.0740%,0.006089,ESNT,14235.0,2019-02-14,252.0,0.2099%,-0.0001,1.0764,0.8076,0.6239,1.7746%,2.0927%,28.0921%,0.003686,ESNT,14235.0,2019-02-15,252.0,3.3287%,-0.0001,1.0731,0.8063,0.6207,1.7743%,2.0893%,27.8784%,0.01601,ESNT,14235.0,2019-02-19,252.0,1.0137%,-0.0,1.0803,0.7997,0.6127,1.7698%,2.0888%,28.2120%,0.003798,ESNT,14235.0,2019-02-20,252.0,-0.6021%,-0.0001,1.0763,0.7893,0.598,1.7716%,2.0886%,28.0499%,-0.013303,ESNT,14235.0,2019-02-21,252.0,-0.7853%,-0.0001,1.0777,0.7918,0.6006,1.7716%,2.0885%,28.0495%,-0.002043,ESNT,14235.0,2019-02-22,252.0,0.2035%,-0.0001,1.078,0.7873,0.5994,1.7714%,2.0882%,28.0363%,-0.0005949999999999,ESNT,14235.0,2019-02-25,252.0,-1.6024%,-0.0001,1.0761,0.7925,0.5951,1.7706%,2.0873%,28.0401%,-0.014615,ESNT,14235.0,2019-02-26,252.0,-0.3899%,-0.0001,1.0717,0.7899,0.5905,1.7705%,2.0842%,27.8374%,0.004758,ESNT,0.0015709999999999,0.0076599999999999,0.0113459999999999,0.0311539999999999,0.005356
24563,ISHARES TRUST,UK PM May To Call A General Election For May 2,6,uncertain,0.6,0.3,"the announcement of a general election can create volatility in the market, leading to uncertainty about the future political landscape and its impact on economic policies, which may affect ishares trust's stock price unpredictably.",1,2019-02-11,EWU,2019-02-11 20:15:00+00:00,14907.0,46435G33,-0.0059955990873277,2224470.0,0.0073015727102756,-0.0006306701689027,0.002206104574725,-0.0043956451117992,0.0,-0.0037534856237471,0.0132076097652316,0.0088355559855699,0.0052761686965823,0.0028481059707701,0.0055572804994881,0.0034931919071823,-0.0064476230181753,0.0060703046619892,0.0030901876743882,0.0132728992030024,0.0006161570781841,0.0068448199890553,0.0086206523701548,-0.0071197189390659,-0.0012209127889946,0.0068425899371504,-0.0045843985863029,-0.0042180130258202,0.0018422282300889,0.0071895201690495,-0.0024517874699085,-0.011627865023911,0.0055299634113907,0.0091264266520738,0.0012221484212204,0.0082155764102935,-0.0106805702671408,-0.0029488909058272,-0.0040097860619425,0.0049390718340873,0.0086713768541812,-0.0065423245541751,-0.0018422282300889,0.0003272326139267,0.013841918669641,0.004272072110325,0.0033373972401022,0.0096217952668666,0.0105835646390914,0.0060080210678279,0.0053860056214034,0.0,0.0020833243615925,0.0277872886508703,-0.0038609225302934,-0.0061370716430246,-0.0017889497103169,-0.0006814465741626,-0.0155316749587655,-0.0010210613254457,-0.0015169671969488,0.013103418983519,0.0045579313300549,-0.0092244772240519,0.0027223275974392,0.0248599797487258,-0.0063349287956953,-0.009021520614624,0.002125066705048,-0.0082587674260139,0.0133293690159916,0.0006886553019285,0.0056800781749188,-0.0037735404912382,0.0059453258290886,-0.0021023366134613,-0.0035460677463561,-0.0092930234968662,0.0023724203929305,-0.0134250735864043,0.0017751886043697,-0.0003272773174103,-0.005611412692815,0.0173159688711166,0.0032670216169208,0.0030060170684009,-0.0011840468505397,-0.0118811456486582,0.0059275915846228,-0.0081833060830831,-0.0005892887129448,-0.016103059053421,-0.0014740341575816,-0.0214308332651853,0.0017715197755023,0.0095449965447187,-0.0035366616211831,-0.0078914137557148,0.0011829960858449,-0.0084507185965776,0.0002954840892925,0.0129993604496121,-0.0079740239307284,-0.0078641083091497,-0.0035724600311368,0.0163043551146984,0.0014938522363081,-0.012314474210143,0.0020882964599877,0.0166934337466955,0.0050609754398465,-0.0142405303195118,-0.0112558435648679,-0.0034688964951783,-0.0011983497533947,-0.0050204503349959,0.0158967841416597,-0.0059264046140015,-0.0082668671384453,0.002188233891502,-0.0196487009525299,0.0062912502326071,0.0006073628319427,-0.018221128731966,0.0073015727102756,-0.0006306701689027,0.0095237853179594,-0.0050235430784568,0.0095237853179594,-0.0087581729054787,0.0282539485653854,0.0028481057231202,0.0399999469942644,0.0255663725036394,0.0495238517734195,0.0826785098745124,0.0460317683557027,8.561384210792333e-05,2019-02-12,2019-02-13,2019-02-14,2019-02-15,2019-02-19,2019-02-20,2019-02-21,2019-02-22,2019-02-25,2019-02-26,14907.0,2019-02-11,252.0,-0.5996%,-0.0002,0.6562,0.0898,0.2822,0.5812%,0.8708%,55.4583%,-0.008357,EWU,14907.0,2019-02-12,252.0,0.7302%,-0.0002,0.6609,0.083,0.2858,0.5784%,0.8720%,56.0050%,-0.001261,EWU,14907.0,2019-02-13,252.0,0.2206%,-0.0002,0.6592,0.086,0.2864,0.5779%,0.8691%,55.7849%,5.999999999999999e-06,EWU,14907.0,2019-02-14,252.0,0.0000%,-0.0002,0.6586,0.0875,0.2848,0.5782%,0.8691%,55.7393%,0.002498,EWU,14907.0,2019-02-15,252.0,1.3208%,-0.0002,0.6568,0.0863,0.2826,0.5777%,0.8664%,55.5311%,0.0040799999999999,EWU,14907.0,2019-02-19,252.0,0.5276%,-0.0002,0.6564,0.0897,0.2865,0.5777%,0.8650%,55.4010%,0.0028299999999999,EWU,14907.0,2019-02-20,252.0,0.5557%,-0.0002,0.6573,0.0924,0.2898,0.5778%,0.8657%,55.4548%,0.002437,EWU,14907.0,2019-02-21,252.0,-0.6448%,-0.0002,0.656,0.0892,0.2876,0.5771%,0.8641%,55.3909%,-0.003384,EWU,14907.0,2019-02-22,252.0,0.3090%,-0.0002,0.6556,0.0915,0.2843,0.5773%,0.8641%,55.3695%,0.002463,EWU,14907.0,2019-02-25,252.0,0.0616%,-0.0002,0.6559,0.0917,0.2858,0.5770%,0.8641%,55.4125%,0.000283,EWU,14907.0,2019-02-26,252.0,0.8621%,-0.0001,0.654,0.0778,0.2773,0.5813%,0.8641%,54.7481%,0.0111,EWU,-0.009618,-0.0096119999999999,-0.0071139999999999,-0.0002039999999999,0.012695
24571,ISHARES TRUST,British PM May to Make Statement in Parliament Regarding Update on Brexit Talks,6,uncertain,0.7,0.5,"the impact of the british pm's statement on brexit talks is unpredictable, as it could either reassure investors or raise concerns, leading to mixed reactions in the market.",1,2019-02-11,EWU,2019-02-11 11:38:00+00:00,14907.0,46435G33,-0.0059955990873277,2224470.0,0.0073015727102756,-0.0006306701689027,0.002206104574725,-0.0043956451117992,0.0,-0.0037534856237471,0.0132076097652316,0.0088355559855699,0.0052761686965823,0.0028481059707701,0.0055572804994881,0.0034931919071823,-0.0064476230181753,0.0060703046619892,0.0030901876743882,0.0132728992030024,0.0006161570781841,0.0068448199890553,0.0086206523701548,-0.0071197189390659,-0.0012209127889946,0.0068425899371504,-0.0045843985863029,-0.0042180130258202,0.0018422282300889,0.0071895201690495,-0.0024517874699085,-0.011627865023911,0.0055299634113907,0.0091264266520738,0.0012221484212204,0.0082155764102935,-0.0106805702671408,-0.0029488909058272,-0.0040097860619425,0.0049390718340873,0.0086713768541812,-0.0065423245541751,-0.0018422282300889,0.0003272326139267,0.013841918669641,0.004272072110325,0.0033373972401022,0.0096217952668666,0.0105835646390914,0.0060080210678279,0.0053860056214034,0.0,0.0020833243615925,0.0277872886508703,-0.0038609225302934,-0.0061370716430246,-0.0017889497103169,-0.0006814465741626,-0.0155316749587655,-0.0010210613254457,-0.0015169671969488,0.013103418983519,0.0045579313300549,-0.0092244772240519,0.0027223275974392,0.0248599797487258,-0.0063349287956953,-0.009021520614624,0.002125066705048,-0.0082587674260139,0.0133293690159916,0.0006886553019285,0.0056800781749188,-0.0037735404912382,0.0059453258290886,-0.0021023366134613,-0.0035460677463561,-0.0092930234968662,0.0023724203929305,-0.0134250735864043,0.0017751886043697,-0.0003272773174103,-0.005611412692815,0.0173159688711166,0.0032670216169208,0.0030060170684009,-0.0011840468505397,-0.0118811456486582,0.0059275915846228,-0.0081833060830831,-0.0005892887129448,-0.016103059053421,-0.0014740341575816,-0.0214308332651853,0.0017715197755023,0.0095449965447187,-0.0035366616211831,-0.0078914137557148,0.0011829960858449,-0.0084507185965776,0.0002954840892925,0.0129993604496121,-0.0079740239307284,-0.0078641083091497,-0.0035724600311368,0.0163043551146984,0.0014938522363081,-0.012314474210143,0.0020882964599877,0.0166934337466955,0.0050609754398465,-0.0142405303195118,-0.0112558435648679,-0.0034688964951783,-0.0011983497533947,-0.0050204503349959,0.0158967841416597,-0.0059264046140015,-0.0082668671384453,0.002188233891502,-0.0196487009525299,0.0062912502326071,0.0006073628319427,-0.018221128731966,0.0073015727102756,-0.0006306701689027,0.0095237853179594,-0.0050235430784568,0.0095237853179594,-0.0087581729054787,0.0282539485653854,0.0028481057231202,0.0399999469942644,0.0255663725036394,0.0495238517734195,0.0826785098745124,0.0460317683557027,8.561384210792333e-05,2019-02-12,2019-02-13,2019-02-14,2019-02-15,2019-02-19,2019-02-20,2019-02-21,2019-02-22,2019-02-25,2019-02-26,14907.0,2019-02-11,252.0,-0.5996%,-0.0002,0.6562,0.0898,0.2822,0.5812%,0.8708%,55.4583%,-0.008357,EWU,14907.0,2019-02-12,252.0,0.7302%,-0.0002,0.6609,0.083,0.2858,0.5784%,0.8720%,56.0050%,-0.001261,EWU,14907.0,2019-02-13,252.0,0.2206%,-0.0002,0.6592,0.086,0.2864,0.5779%,0.8691%,55.7849%,5.999999999999999e-06,EWU,14907.0,2019-02-14,252.0,0.0000%,-0.0002,0.6586,0.0875,0.2848,0.5782%,0.8691%,55.7393%,0.002498,EWU,14907.0,2019-02-15,252.0,1.3208%,-0.0002,0.6568,0.0863,0.2826,0.5777%,0.8664%,55.5311%,0.0040799999999999,EWU,14907.0,2019-02-19,252.0,0.5276%,-0.0002,0.6564,0.0897,0.2865,0.5777%,0.8650%,55.4010%,0.0028299999999999,EWU,14907.0,2019-02-20,252.0,0.5557%,-0.0002,0.6573,0.0924,0.2898,0.5778%,0.8657%,55.4548%,0.002437,EWU,14907.0,2019-02-21,252.0,-0.6448%,-0.0002,0.656,0.0892,0.2876,0.5771%,0.8641%,55.3909%,-0.003384,EWU,14907.0,2019-02-22,252.0,0.3090%,-0.0002,0.6556,0.0915,0.2843,0.5773%,0.8641%,55.3695%,0.002463,EWU,14907.0,2019-02-25,252.0,0.0616%,-0.0002,0.6559,0.0917,0.2858,0.5770%,0.8641%,55.4125%,0.000283,EWU,14907.0,2019-02-26,252.0,0.8621%,-0.0001,0.654,0.0778,0.2773,0.5813%,0.8641%,54.7481%,0.0111,EWU,-0.009618,-0.0096119999999999,-0.0071139999999999,-0.0002039999999999,0.012695
24579,ISHARES INC,Top US Lawmakers To Meet Monday Afternoon On Averting Government Shutdown,6,uncertain,0.6,0.3,"the meeting of top lawmakers to avert a government shutdown could have mixed implications for ishares inc, depending on the outcome and its impact on market stability and investor sentiment.",1,2019-02-11,EWW,2019-02-11 14:41:00+00:00,83223.0,46428682,-0.0112536577507853,2591457.0,0.0011381569784134,-0.0126666594296693,-0.0306957364082336,-0.0050851101987063,0.0171240791678428,-0.0076788566075265,0.0099169807508587,0.01086719147861,0.0038821229245513,0.0053512081503868,-0.0011373802553862,-0.0033333671744912,0.0059211640618741,0.0087424209341406,0.0108671812340617,-0.0044633061625063,0.0026875459589064,0.0044833165593445,-0.0058075077831745,-0.0044633061625063,-0.0094360411167144,0.0044833165593445,-0.0120208384469151,-0.0015666896943002,-0.0061983573250472,0.0076680234633386,-0.0053129945881664,-0.0161970164626836,-0.0046446993947029,-0.0004435674927663,-0.0118992561474442,-0.0026542565319687,-0.0136953489854931,0.0109570184722542,0.0047881435602903,0.0056217671371996,0.0114367296919226,0.0047447560355067,0.0025912981946021,-0.0042745205573737,0.0025845111813396,0.002254843013361,-0.0030465726740658,0.011171861551702,0.0145744923502206,0.0164542067795991,0.0169137977063655,0.0117233293130993,-0.0015948894433677,0.0205790996551513,0.0255590807646513,-0.0125236008316278,0.0028927696403115,0.0276833269745111,-0.0392722524702549,0.0009723120019771,0.0143186822533607,0.0024366099387407,0.0013661514967679,0.0009756321087479,-0.0111413793638348,0.0098522547632455,-0.0020694446284323,0.004453248810023,0.0043778484687209,-0.0141463857144117,0.0227116700261831,0.0219342242926359,-0.0094213094562292,0.0032507439609616,0.0015851380303502,0.017695078626275,0.0156002407893538,-0.0151477679610252,0.0249332766979932,-0.0022299343254417,0.0154213523492217,-0.0078662661835551,-0.0038502740208059,0.0149700213223695,0.0008589416975155,-0.0022403867915272,-0.005792757961899,-0.0105911409482359,0.0036684973165392,-0.0004923795931972,-0.0051601347513496,0.0183003153651952,0.0079965190961956,-0.0167611613869667,0.0115780644118785,0.0059508518315851,-0.0010597548680379,-0.0100638149306178,-0.0012731036404147,0.0159601811319589,-0.0091353366151452,0.0445428267121315,-0.0102915856987237,0.0166843514889478,0.0054159443825483,-0.04934548959136,0.00237019197084,-0.0158572699874639,-0.0064488225616514,0.0014888677978888,-0.0015144892968237,-0.0213696230202913,-0.0099675599485635,-0.0048332712613046,-0.0052527440711855,0.0283300038427114,0.0121011929586529,-0.0117878075689077,-0.006521722767502,0.0034499601460993,-0.0161925964057445,-0.022168630734086,-0.011788229458034,-0.0290126726031303,0.0011381569784134,-0.0126666594296693,-0.0295925159964207,-0.0176873582693264,-0.0129751814152763,-0.0252303961889368,0.0006828757941834,-0.0093645078177464,0.0132027768607303,-0.0084802728323801,0.0011381569512756,0.0836585442328712,0.0113817439239283,0.0492059430496603,2019-02-12,2019-02-13,2019-02-14,2019-02-15,2019-02-19,2019-02-20,2019-02-21,2019-02-22,2019-02-25,2019-02-26,83223.0,2019-02-11,252.0,-1.1254%,-0.0005,0.6233,0.1035,0.0862,1.4194%,1.5603%,17.2444%,-0.013186,EWW,83223.0,2019-02-12,252.0,0.1138%,-0.0005,0.6146,0.1096,0.0807,1.4190%,1.5568%,16.9265%,-0.0073129999999999,EWW,83223.0,2019-02-13,252.0,-3.0696%,-0.0006,0.6105,0.1035,0.0718,1.4333%,1.5681%,16.4562%,-0.032639,EWW,83223.0,2019-02-14,252.0,1.7124%,-0.0006,0.606,0.1137,0.0608,1.4381%,1.5719%,16.2951%,0.018184,EWW,83223.0,2019-02-15,252.0,0.9917%,-0.0006,0.6031,0.1114,0.0565,1.4378%,1.5701%,16.1517%,0.002393,EWW,83223.0,2019-02-19,252.0,0.3882%,-0.0006,0.6016,0.1159,0.0617,1.4373%,1.5682%,15.9987%,0.002144,EWW,83223.0,2019-02-20,252.0,-0.1137%,-0.0006,0.6011,0.1154,0.06,1.4373%,1.5682%,15.9929%,-0.0029749999999999,EWW,83223.0,2019-02-21,252.0,0.5921%,-0.0005,0.5963,0.1075,0.0511,1.4376%,1.5669%,15.8203%,0.008264,EWW,83223.0,2019-02-22,252.0,1.0867%,-0.0005,0.5947,0.1217,0.0451,1.4372%,1.5670%,15.8774%,0.0070509999999999,EWW,83223.0,2019-02-25,252.0,0.2688%,-0.0006,0.5971,0.1228,0.0546,1.4314%,1.5618%,15.9991%,0.002093,EWW,83223.0,2019-02-26,252.0,-0.5808%,-0.0005,0.604,0.1209,0.0588,1.4301%,1.5621%,16.1910%,-0.003986,EWW,-0.020499,-0.053138,-0.034954,-0.030417,-0.01997
24587,FARMER BROTHERS CO,"Farmer Bros Q2 EPS $(0.60) Up From $(1.09) YoY, Sales $159.773M Miss $164.6M Estimate",6,decrease,0.7,0.6,"despite an improvement in eps, the sales miss indicates weaker performance than expected, which is likely to negatively impact investor sentiment.",0,2019-02-11,FARM,2019-02-11 21:40:00+00:00,34367.0,30767510,0.044237021356821,126751.0,-0.0664593502879142,0.0292397178709507,0.0120732309296727,-0.0099255489185452,-0.001645372598432,-0.0146699510514736,0.0024721657391637,-0.0028443597257137,-0.0168516170233488,0.0012205324601382,-0.0025083387736231,-0.0008130267378874,0.0058675352483987,0.0020367065444588,0.0004166761937085,-0.0004071754519827,-0.002498936606571,-0.0004070097347721,-0.0083507625386118,-0.0072727394290268,0.0105263162404298,0.0052802255377173,-0.0062499842606484,0.0044879890047013,0.0058699953369796,0.0090571967884898,-0.0083367591723799,-0.006950048264116,0.0008406284032389,-0.0008170121582224,-0.002519927220419,0.0099009806290268,-0.0033684177324175,-0.0008244211785495,0.0,0.0070568732917308,0.012251753360033,-0.0246963798999786,-0.0070950826629996,-0.0056360461749136,0.0075661367736756,0.0012092175893485,-0.0091781113296747,-0.0020113091450184,-0.0016842490294948,0.0243098530918359,-0.007169893477112,0.0095673678442835,-0.0284621939063072,0.0234142672270536,-0.0166156999766826,-0.0150943649932742,-0.0191196221858263,0.0222889184951782,-0.0707162022590637,0.0099566895514726,-0.0092683183029294,-0.0149253886193037,0.0034465631470084,0.0029940805397927,-0.0112855518236756,0.0331418476998806,-0.0064515713602304,-0.0233060382306575,-0.0004995118943043,0.004770191386342,-0.0134932762011885,-0.01579175516963,0.0055724726989865,0.0064432825893163,-0.0085642356425523,0.0223979018628597,0.0076219318434596,-0.0331209674477577,0.0035299896262586,-0.0167015250772237,0.0874371752142906,0.0109751047566533,-0.0064694727770984,0.0042391004972159,0.0148837063461542,-0.0012701391242444,-0.026122810319066,-0.0150124570354819,-0.054117627441883,-0.0322841443121433,-0.012935334816575,0.0151577563956379,0.0181451924145221,-0.0052975169382989,0.0217821095138788,0.0078028966672718,-0.0067829163745045,-0.006527941673994,-0.012682938016951,-0.0004078396596014,0.0064229778945446,0.009053548797965,-0.0068729156628251,-0.0093763330951333,-0.0014828857965767,0.0111294500529766,0.0024752097669988,0.0091513851657509,0.0148147772997617,-0.0053785336203873,-0.0189780723303556,0.0083437953144311,-0.0104166213423013,0.001253081834875,-0.0060150795616209,-0.0123762059956789,0.0136157572269439,0.0028961396310478,0.0089552393183112,-0.0122598791494965,-0.0192308332771062,-0.0227636415511369,-0.1271995455026627,0.00280342833139,-0.0664593502879142,0.0292397178709507,-0.0551884984417035,0.0190239487023129,-0.0567430653970509,0.0040749172545706,-0.070345878611347,0.0024409872472599,-0.0769529552309967,-0.0044444689453938,-0.2079285014697969,0.0538922265893737,-0.3253011678210425,-0.013215854806663,2019-02-12,2019-02-13,2019-02-14,2019-02-15,2019-02-19,2019-02-20,2019-02-21,2019-02-22,2019-02-25,2019-02-26,34367.0,2019-02-11,252.0,4.4237%,-0.0007,0.4263,0.5142,-0.1261,1.6910%,1.7881%,10.5640%,0.040853,FARM,34367.0,2019-02-12,252.0,-6.6459%,-0.001,0.3844,0.5151,-0.1476,1.7498%,1.8350%,9.0714%,-0.072674,FARM,34367.0,2019-02-13,252.0,1.2073%,-0.0009,0.385,0.5189,-0.1441,1.7513%,1.8364%,9.0584%,0.0106909999999999,FARM,34367.0,2019-02-14,252.0,-0.1645%,-0.001,0.3853,0.5167,-0.1409,1.7508%,1.8356%,9.0199%,-0.004471,FARM,34367.0,2019-02-15,252.0,0.2472%,-0.0009,0.3917,0.5223,-0.1308,1.7499%,1.8356%,9.1158%,-0.002597,FARM,34367.0,2019-02-19,252.0,-1.6852%,-0.0011,0.3851,0.5154,-0.1379,1.7525%,1.8363%,8.9143%,-0.0188179999999999,FARM,34367.0,2019-02-20,252.0,-0.2508%,-0.0012,0.3821,0.4984,-0.1513,1.7461%,1.8293%,8.8883%,-0.003715,FARM,34367.0,2019-02-21,252.0,0.5868%,-0.0012,0.3848,0.5058,-0.1463,1.7450%,1.8289%,8.9673%,0.0071819999999999,FARM,34367.0,2019-02-22,252.0,0.0417%,-0.0012,0.3857,0.5035,-0.1377,1.7454%,1.8289%,8.9220%,-0.007118,FARM,34367.0,2019-02-25,252.0,-0.2499%,-0.0012,0.3843,0.5025,-0.1435,1.7436%,1.8274%,8.9575%,-0.002116,FARM,34367.0,2019-02-26,252.0,-0.8351%,-0.0013,0.3676,0.5241,-0.1451,1.7341%,1.8161%,8.8278%,-0.0050929999999999,FARM,-0.031821,-0.02113,-0.025601,-0.047016,-0.057876
24595,FEDEX CORP,Franchising Your Mailbox Might Put The USPS Out Of Business,6,increase,0.7,0.6,"if franchising mailbox services leads to a decline in usps's business, it could benefit fedex corp by increasing its market share and revenue in the shipping and logistics sector.",2,2019-02-11,FDX,2019-02-11 19:32:00+00:00,60628.0,31428X10,0.0217219069600105,1644651.0,0.0240764301270246,-0.0227710735052824,0.0009166792733594,-0.0132745904847979,-0.0091584799811244,0.0004354315169621,-0.0251195915043354,0.0054725552909076,0.0052983653731644,0.0190731044858694,0.0092094512656331,0.0097988974303007,0.002033945871517,0.0005635098787024,-0.0098200198262929,0.0224104113876819,0.003213484538719,-0.0021844382863491,0.0035345412325114,-0.007983542047441,0.0005502770654857,0.007237188052386,-0.0044551868923008,0.0024183178320527,0.0099447686225175,-0.0126208150759339,-0.0090809827670454,-0.0057091726921498,-0.0062382956966757,0.0210076719522476,-0.0101661123335361,0.0111461468040943,-0.0298574045300483,0.0042782379314303,-0.0024875728413462,-0.0053628571331501,0.0271859243512153,0.0032750309910625,0.0040804832242429,0.0051140980795025,0.013320542871952,-0.002755151130259,-0.0025065278168767,0.021374637261033,-0.0061425403691828,0.0017393903108313,0.0248342417180538,0.0139877339825034,-0.0054275779984891,0.0460588485002517,-0.0349484384059906,-0.0367669574916362,0.0223910324275493,0.0115291671827435,-0.0279345214366912,0.0147817721590399,-0.0110351061448454,-0.0126692866906523,0.0178996138274669,0.0054324720986187,0.0053668427281081,0.0487884543836116,0.0102788209915161,-0.0335443243384361,0.0197302419692277,-0.0107688531279563,0.0277823340147733,-0.0171681344509124,-0.0129793416708707,-0.1216150522232056,0.0063033401966094,0.0154783027246594,0.0133916288614273,-0.0104285385459661,0.0118825370445847,-0.016401283442974,0.0077936337329447,-0.0057896189391613,-0.0074720862321555,-0.0072765075601637,0.0055277864448726,-0.0170009788125753,0.0045549483038485,-0.0420080758631229,0.0264762695878744,-0.0605412349104881,-0.0039096432738006,-0.0021344036795198,0.0053522433154284,-0.0631194114685058,0.0042082942090928,0.0045414553023874,0.0004543892573565,0.0065934066660702,-0.0109512908384203,-0.0187621563673019,-0.0043371305800974,0.0293922238051891,0.0139906508848071,0.0008443052065558,-0.0454361960291862,0.0073410896584391,-0.025573156774044,0.0038193252403289,0.014073091559112,0.0054667331278324,0.0151637019589543,-0.0219178367406129,-0.020268190652132,-0.0017204084433615,0.0076500279828906,-0.0049163564108312,0.0054534021764993,0.0117693813517689,-0.0130808865651488,0.0119096189737319,-0.0266163907945156,0.0131129147484898,-0.0068084299564361,-0.0212566368281841,0.0240764301270246,-0.0227710735052824,0.0250151797648581,-0.0357433873143985,0.0156275987606331,-0.035323519594796,-0.0046385582337413,-0.0115442073134318,0.0034237686066305,0.0107208314693871,-0.0291415922887573,0.1067125353307838,-0.0054175104455497,-0.2076111193248915,2019-02-12,2019-02-13,2019-02-14,2019-02-15,2019-02-19,2019-02-20,2019-02-21,2019-02-22,2019-02-25,2019-02-26,60628.0,2019-02-11,252.0,2.1722%,-0.0011,1.3289,0.2056,0.549,1.2483%,1.8143%,52.6615%,0.017332,FDX,60628.0,2019-02-12,252.0,2.4076%,-0.0009,1.3526,0.181,0.5655,1.2312%,1.8184%,54.1588%,0.006795,FDX,60628.0,2019-02-13,252.0,0.0917%,-0.0009,1.3502,0.1841,0.5654,1.2310%,1.8139%,53.9469%,-0.003475,FDX,60628.0,2019-02-14,252.0,-0.9158%,-0.0009,1.351,0.1824,0.5672,1.2311%,1.8146%,53.9706%,-0.004101,FDX,60628.0,2019-02-15,252.0,-2.5120%,-0.001,1.3398,0.1678,0.5431,1.2533%,1.8209%,52.6241%,-0.0436639999999999,FDX,60628.0,2019-02-19,252.0,0.5298%,-0.001,1.3383,0.1714,0.5473,1.2528%,1.8176%,52.4908%,0.0005369999999999,FDX,60628.0,2019-02-20,252.0,0.9209%,-0.001,1.3399,0.1768,0.5534,1.2528%,1.8187%,52.5485%,0.003179,FDX,60628.0,2019-02-21,252.0,0.2034%,-0.001,1.337,0.173,0.5481,1.2541%,1.8172%,52.3693%,0.008288,FDX,60628.0,2019-02-22,252.0,-0.9820%,-0.0011,1.3393,0.1521,0.5558,1.2528%,1.8168%,52.4496%,-0.011505,FDX,60628.0,2019-02-25,252.0,0.3213%,-0.0011,1.3406,0.1517,0.5607,1.2508%,1.8159%,52.5590%,0.0025,FDX,60628.0,2019-02-26,252.0,0.3535%,-0.0011,1.333,0.1459,0.552,1.2508%,1.8071%,52.0947%,0.0084009999999999,FDX,0.024127,0.020652,0.016551,-0.0265759999999999,-0.0157129999999999
24603,FEDEX CORP,Today's Pickup: A Shortage Of Female Logistics Leaders; An Amazon-Aurora Delivery Tie-In?,6,uncertain,0.6,0.3,"the news highlights a broader industry issue regarding female leadership in logistics, which may not directly impact fedex's stock price but could influence investor sentiment depending on how the company addresses diversity and partnerships.",1,2019-02-11,FDX,2019-02-11 15:46:00+00:00,60628.0,31428X10,0.0217219069600105,1644651.0,0.0240764301270246,-0.0227710735052824,0.0009166792733594,-0.0132745904847979,-0.0091584799811244,0.0004354315169621,-0.0251195915043354,0.0054725552909076,0.0052983653731644,0.0190731044858694,0.0092094512656331,0.0097988974303007,0.002033945871517,0.0005635098787024,-0.0098200198262929,0.0224104113876819,0.003213484538719,-0.0021844382863491,0.0035345412325114,-0.007983542047441,0.0005502770654857,0.007237188052386,-0.0044551868923008,0.0024183178320527,0.0099447686225175,-0.0126208150759339,-0.0090809827670454,-0.0057091726921498,-0.0062382956966757,0.0210076719522476,-0.0101661123335361,0.0111461468040943,-0.0298574045300483,0.0042782379314303,-0.0024875728413462,-0.0053628571331501,0.0271859243512153,0.0032750309910625,0.0040804832242429,0.0051140980795025,0.013320542871952,-0.002755151130259,-0.0025065278168767,0.021374637261033,-0.0061425403691828,0.0017393903108313,0.0248342417180538,0.0139877339825034,-0.0054275779984891,0.0460588485002517,-0.0349484384059906,-0.0367669574916362,0.0223910324275493,0.0115291671827435,-0.0279345214366912,0.0147817721590399,-0.0110351061448454,-0.0126692866906523,0.0178996138274669,0.0054324720986187,0.0053668427281081,0.0487884543836116,0.0102788209915161,-0.0335443243384361,0.0197302419692277,-0.0107688531279563,0.0277823340147733,-0.0171681344509124,-0.0129793416708707,-0.1216150522232056,0.0063033401966094,0.0154783027246594,0.0133916288614273,-0.0104285385459661,0.0118825370445847,-0.016401283442974,0.0077936337329447,-0.0057896189391613,-0.0074720862321555,-0.0072765075601637,0.0055277864448726,-0.0170009788125753,0.0045549483038485,-0.0420080758631229,0.0264762695878744,-0.0605412349104881,-0.0039096432738006,-0.0021344036795198,0.0053522433154284,-0.0631194114685058,0.0042082942090928,0.0045414553023874,0.0004543892573565,0.0065934066660702,-0.0109512908384203,-0.0187621563673019,-0.0043371305800974,0.0293922238051891,0.0139906508848071,0.0008443052065558,-0.0454361960291862,0.0073410896584391,-0.025573156774044,0.0038193252403289,0.014073091559112,0.0054667331278324,0.0151637019589543,-0.0219178367406129,-0.020268190652132,-0.0017204084433615,0.0076500279828906,-0.0049163564108312,0.0054534021764993,0.0117693813517689,-0.0130808865651488,0.0119096189737319,-0.0266163907945156,0.0131129147484898,-0.0068084299564361,-0.0212566368281841,0.0240764301270246,-0.0227710735052824,0.0250151797648581,-0.0357433873143985,0.0156275987606331,-0.035323519594796,-0.0046385582337413,-0.0115442073134318,0.0034237686066305,0.0107208314693871,-0.0291415922887573,0.1067125353307838,-0.0054175104455497,-0.2076111193248915,2019-02-12,2019-02-13,2019-02-14,2019-02-15,2019-02-19,2019-02-20,2019-02-21,2019-02-22,2019-02-25,2019-02-26,60628.0,2019-02-11,252.0,2.1722%,-0.0011,1.3289,0.2056,0.549,1.2483%,1.8143%,52.6615%,0.017332,FDX,60628.0,2019-02-12,252.0,2.4076%,-0.0009,1.3526,0.181,0.5655,1.2312%,1.8184%,54.1588%,0.006795,FDX,60628.0,2019-02-13,252.0,0.0917%,-0.0009,1.3502,0.1841,0.5654,1.2310%,1.8139%,53.9469%,-0.003475,FDX,60628.0,2019-02-14,252.0,-0.9158%,-0.0009,1.351,0.1824,0.5672,1.2311%,1.8146%,53.9706%,-0.004101,FDX,60628.0,2019-02-15,252.0,-2.5120%,-0.001,1.3398,0.1678,0.5431,1.2533%,1.8209%,52.6241%,-0.0436639999999999,FDX,60628.0,2019-02-19,252.0,0.5298%,-0.001,1.3383,0.1714,0.5473,1.2528%,1.8176%,52.4908%,0.0005369999999999,FDX,60628.0,2019-02-20,252.0,0.9209%,-0.001,1.3399,0.1768,0.5534,1.2528%,1.8187%,52.5485%,0.003179,FDX,60628.0,2019-02-21,252.0,0.2034%,-0.001,1.337,0.173,0.5481,1.2541%,1.8172%,52.3693%,0.008288,FDX,60628.0,2019-02-22,252.0,-0.9820%,-0.0011,1.3393,0.1521,0.5558,1.2528%,1.8168%,52.4496%,-0.011505,FDX,60628.0,2019-02-25,252.0,0.3213%,-0.0011,1.3406,0.1517,0.5607,1.2508%,1.8159%,52.5590%,0.0025,FDX,60628.0,2019-02-26,252.0,0.3535%,-0.0011,1.333,0.1459,0.552,1.2508%,1.8071%,52.0947%,0.0084009999999999,FDX,0.024127,0.020652,0.016551,-0.0265759999999999,-0.0157129999999999
24611,FIBROGEN INC,"Stifel Nicolaus Reinstates Buy on FibroGen, Announces $71 Target",6,increase,0.8,0.6,"the reinstatement of a 'buy' rating and a target price of $71 by stifel nicolaus is likely to boost investor confidence and demand for fibrogen's stock, leading to a potential increase in its price.",2,2019-02-11,FGEN,2019-02-11 11:37:00+00:00,15065.0,31572Q80,0.0115830088034272,282616.0,0.0076336301863193,0.0193201787769794,-0.0089531755074858,-0.0281640980392694,-0.0104239452630281,0.0033141220919787,0.0270365327596664,0.0161290969699621,-0.0150427529588341,0.0114736361429095,-0.0029503328260034,-0.0170925334095954,-0.0271540712565183,0.005136395804584,0.0202183052897453,0.0521803796291351,0.0264819059520959,0.0031781299039721,-0.0246027447283268,-0.0210468098521232,0.027500431984663,0.0220725834369659,-0.0146607672795653,0.0298593565821647,0.0365051999688148,0.0093330647796392,-0.0203638989478349,-0.0244689099490642,-0.008860120549798,0.0379996113479137,-0.0445246063172817,0.0023683195468038,-0.0098957009613513,0.0317653752863407,-0.0119934557005763,0.038046907633543,-0.0034945490770041,-0.0077600446529686,0.0169804021716117,-0.0048006582073867,0.0315789803862571,-0.0024984162300825,-0.0177691467106342,-0.0045596109703183,0.0120006836950779,0.0323063395917415,-0.0145132690668106,0.0304233040660619,0.0088002486154437,0.0590707138180732,-0.0194053128361702,-0.0652552992105484,0.009803868830204,-0.0099394796416163,-0.0474649295210838,0.0323443412780761,0.0013212475460022,0.0239836238324642,0.0262016858905553,-0.0068058767355978,-0.0150624485686421,0.0843788459897041,0.011189897544682,0.010440019890666,0.0023975884541869,-0.0518501251935958,0.0217111371457576,0.041227001696825,-0.0185485109686851,0.0316455699503421,0.0121100889518857,0.013080233708024,-0.0429658964276313,-0.0141592305153608,0.0232998579740524,0.0045720171183347,-0.0211032833904027,-0.03196457400918,-0.0052950563840568,0.0228873211890459,0.0313688516616821,0.0184425562620163,-0.0280184410512447,0.0281801335513591,-0.0891333371400833,-0.0723185688257217,0.0151988249272108,-0.0099177518859505,-0.0051271533593535,-0.0589574351906776,-0.0488558858633041,0.0131457494571805,0.0231902841478586,0.0260293968021869,-0.0080490838736295,-0.0188066251575946,0.0234891828149557,0.0618835873901844,-0.0179428458213806,-0.0235917065292596,0.0172084420919418,0.0302579663693904,0.0100250532850623,0.0189537536352872,-0.0161290075629949,0.0048247491940855,-0.0178646966814994,0.0043356795795261,-0.0166916064918041,-0.0304154194891452,0.0326441787183284,0.0019821114838123,0.0366701334714889,0.0220308657735586,-0.0065053813159465,-0.029013929888606,-0.0603642500936985,0.0324955284595489,0.0106707690283656,-0.0634807869791984,0.0076336301863193,0.0193201787769794,-0.0013878905519838,-0.009388054671501,-0.011797368519867,-0.0061050457389097,-0.0003469896068701,0.0215131010196958,-0.0095419731816162,0.0428257698798522,-0.0555170147494424,0.2926496599913368,-0.1948299721451548,0.3547312860131459,2019-02-12,2019-02-13,2019-02-14,2019-02-15,2019-02-19,2019-02-20,2019-02-21,2019-02-22,2019-02-25,2019-02-26,15065.0,2019-02-11,252.0,1.1583%,0.0,1.4084,0.9665,-0.9905,2.2454%,2.9855%,43.4352%,0.0054979999999999,FGEN,15065.0,2019-02-12,252.0,0.7634%,0.0,1.4119,0.9522,-0.9861,2.2441%,2.9855%,43.4991%,-0.013498,FGEN,15065.0,2019-02-13,252.0,-0.8953%,-0.0001,1.3963,0.9733,-0.9855,2.2377%,2.9717%,43.2995%,-0.012888,FGEN,15065.0,2019-02-14,252.0,-1.0424%,-0.0003,1.3997,0.9629,-0.9725,2.2388%,2.9696%,43.1632%,-0.018369,FGEN,15065.0,2019-02-15,252.0,2.7037%,-0.0003,1.3915,0.957,-0.9839,2.2366%,2.9640%,43.0613%,0.013381,FGEN,15065.0,2019-02-19,252.0,-1.5043%,-0.0003,1.3944,0.9372,-1.0064,2.2354%,2.9657%,43.1830%,-0.01761,FGEN,15065.0,2019-02-20,252.0,-0.2950%,-0.0003,1.394,0.9367,-1.0078,2.2355%,2.9657%,43.1849%,-0.002227,FGEN,15065.0,2019-02-21,252.0,-2.7154%,-0.0003,1.3908,0.9251,-1.0135,2.2353%,2.9631%,43.0900%,-0.023759,FGEN,15065.0,2019-02-22,252.0,2.0218%,-0.0004,1.3934,0.8866,-1.0169,2.2294%,2.9614%,43.3274%,-0.008908,FGEN,15065.0,2019-02-25,252.0,2.6482%,-0.0003,1.3932,0.874,-1.0243,2.2350%,2.9659%,43.2121%,0.024766,FGEN,15065.0,2019-02-26,252.0,-2.4603%,-0.0004,1.3951,0.8999,-1.0098,2.2384%,2.9667%,43.0719%,-0.0202599999999999,FGEN,-0.008,-0.020888,-0.039257,-0.043486,-0.073874
24619,FLEETCOR TECHNOLOGIES INC,FleetCor Beats Wall Street Consensus,6,increase,0.8,0.7,"beating wall street consensus typically indicates better-than-expected performance, which can positively influence investor sentiment and drive the stock price up.",2,2019-02-11,FLT,2019-02-11 17:05:00+00:00,12449.0,33904110,9.20134989428334e-05,497449.0,0.0074565517716109,-0.0038061256054788,0.0023300186730921,0.0628229603171348,0.0050594857893884,0.0017086893785744,0.0160997863858938,0.0139095019549131,0.0090158637613058,-0.0047785663045942,0.0063254418782889,0.0058471234515309,-0.0076923076994717,-0.0039484873414039,0.011871506460011,0.0255099106580019,0.0080112153664231,-0.0046851015649735,0.0064709698781371,-0.0063573322258889,-0.0002157628914574,0.0162275023758411,0.0068191708996891,-0.002131970366463,0.000214347790461,0.0054098069667816,-0.0054429532028734,-0.0120008308440446,-0.003102651098743,0.0296454317867755,-0.002161320997402,0.0067952699027955,-0.0144688803702592,0.0013608714798465,0.0014066256117075,0.0122390454635024,0.0132121602073311,-0.0013756323605775,0.0042022322304546,-0.0055771735496819,0.0136755742132663,0.0025847456417977,0.0069370763376355,0.0113097382709384,0.0112848607823252,0.007633167784661,0.0061854626983404,0.0058937836438417,0.0005399995134212,0.0183920487761497,-0.0110013661906123,-0.0212880466133356,0.0138941258192062,-0.0009153466089628,-0.0168915577232837,0.0121532268822193,0.0010106554254889,-0.0086980042979121,0.0144720338284969,0.0125820729881525,0.0042299255728721,0.041595458984375,0.005863883998245,-0.005102006252855,0.0123573141172528,-0.0097120692953467,0.0100166322663426,-0.0101689361035823,0.0041757351718842,0.0049140322953462,-0.0005198115832172,0.0045436560176312,-0.0066007678396999,0.0076875281520187,0.0080138137564063,-0.0153614655137062,0.0022772056981921,-0.0095915626734495,-0.0023916058707982,-0.0061903675086796,-0.0005194377736188,-0.0179157573729753,-0.0009194312733598,-0.0056705591268837,0.0058418964035809,-0.0107430880889296,0.0007558375364169,-0.0048451554030179,0.0020669754594564,-0.032014675438404,-0.0036494829691946,0.0142709920182824,0.0009953418048098,0.0089732958003878,0.0042956084944307,-0.0065305782482028,0.0165149047970771,0.0274789836257696,-0.0012857641559094,-0.0064550330862402,0.0034329597838222,0.0265602059662342,0.0025269959587603,-0.0212641544640064,0.0091131431981921,-0.0010620623361319,0.0028053608257323,-0.0148059111088514,-0.0129526909440755,-0.0355719402432441,-0.0028342236764729,-0.0001009246334433,0.0035430761054158,0.037966065108776,-0.0043452768586575,-0.0184023175388574,-0.0310563892126083,0.0043884082697331,0.0704978629946708,-0.0306776333600282,0.0074565517716109,-0.0038061256054788,0.0098039443495678,0.0587777226337808,0.0149130330560729,0.0605868448827164,0.0405505518834388,0.0702005005828194,0.066694309449649,0.0874505724701004,0.1099144113880166,0.1884026328236512,0.225214071514221,0.0871784462042755,2019-02-12,2019-02-13,2019-02-14,2019-02-15,2019-02-19,2019-02-20,2019-02-21,2019-02-22,2019-02-25,2019-02-26,12449.0,2019-02-11,252.0,0.0092%,0.0001,0.8211,0.1458,-0.4345,1.2280%,1.5991%,41.0314%,-0.00106,FLT,12449.0,2019-02-12,252.0,0.7457%,0.0002,0.8386,0.12,-0.421,1.2092%,1.5920%,42.3081%,-0.004578,FLT,12449.0,2019-02-13,252.0,0.2330%,0.0002,0.8375,0.1217,-0.4207,1.2092%,1.5896%,42.1419%,0.000105,FLT,12449.0,2019-02-14,252.0,0.5059%,0.0002,0.8365,0.1234,-0.4221,1.2091%,1.5892%,42.1171%,0.003646,FLT,12449.0,2019-02-15,252.0,1.6100%,0.0003,0.8488,0.1354,-0.401,1.2089%,1.5921%,42.3448%,0.008265,FLT,12449.0,2019-02-19,252.0,0.9016%,0.0003,0.8519,0.1381,-0.3982,1.2096%,1.5923%,42.2969%,0.008114,FLT,12449.0,2019-02-20,252.0,0.6325%,0.0003,0.8526,0.1348,-0.3971,1.2082%,1.5913%,42.3485%,0.006493,FLT,12449.0,2019-02-21,252.0,-0.7692%,0.0002,0.8571,0.1427,-0.3888,1.2075%,1.5920%,42.4702%,-0.005457,FLT,12449.0,2019-02-22,252.0,1.1872%,0.0001,0.8584,0.1097,-0.4029,1.1977%,1.5883%,43.1425%,-0.000299,FLT,12449.0,2019-02-25,252.0,0.8011%,0.0002,0.8584,0.1067,-0.4045,1.1983%,1.5890%,43.1322%,0.0061839999999999,FLT,12449.0,2019-02-26,252.0,0.6471%,0.0002,0.859,0.0965,-0.4092,1.1989%,1.5882%,43.0207%,0.007093,FLT,-0.005638,-0.005533,-0.0018869999999999,0.014492,0.0285059999999999
24627,F M C CORP,"FMC Sees FY19 Adj. EPS $5.55-$5.75 vs $5.93 Estimate, Sales $4.45B-$4.55B vs $4.54B Est.",6,decrease,0.8,0.7,"fmc's adjusted eps and sales guidance are both below analyst estimates, which typically leads to a negative reaction in stock prices.",0,2019-02-11,FMC,2019-02-11 21:31:00+00:00,19166.0,30249130,0.0024837264791131,1062012.0,-0.0294950436800718,0.0037991176359355,0.0246778354048728,-0.0138157149776816,-0.0037964135408401,0.0049418262206017,0.016434408724308,-0.0024647780228406,0.0133567592129111,-0.0073401476256549,0.0110995387658476,0.0755638927221298,0.0085763297975063,-0.0099255014210939,0.0035147981252521,0.0062421974726021,0.0096034174785017,0.0123861944302916,-0.0087287239730358,-0.0031498046591877,0.0117408093065023,0.0201799441128969,-0.0013390174135565,-0.0037135779857635,0.0105028208345174,-0.0184766370803117,0.0031632331665605,-0.0135152377188205,0.0016463685315102,0.0154873253777623,-0.0079655740410089,0.0031577618792653,-0.0081570148468017,-0.0007573543698526,-0.0037265601567924,-0.0082613099366426,0.0117374397814273,-0.0054774358868598,0.0003824423474725,-0.0042146565392613,0.0001274644600925,0.0156112033873796,-0.0168195664882659,0.0041719572618603,0.0010367314098402,0.0172324627637863,-0.0041429274715483,0.0117096211761236,-0.0084503581747412,0.0528767220675945,-0.0077356281690299,-0.0275742597877979,0.0255021173506975,0.0150081207975745,-0.0338873490691185,0.009968533180654,-0.0068018417805433,-0.0074545326642692,0.0081912260502576,0.0100762024521827,0.0031965617090463,0.0477957800030708,0.0155336782336235,-0.0110061578452587,0.0095939468592405,-0.0171959213912487,0.027597015723586,-0.0367352403700351,0.0002533144433982,-0.0191299673169851,0.0024063126184046,0.0006556058069691,0.014908405020833,-0.0123025709763169,0.0011203328613191,-0.0130367670208215,0.0037304533179849,-0.0180723201483488,-0.0084241861477494,0.0110392430797219,0.0047475919127464,-0.0073057292029261,-0.0065903854556381,-0.0086164139211177,0.001001399825327,-0.0296861380338668,-0.0026259731967002,-0.0082913050428032,0.0125376125797629,-0.028484733775258,-0.0001238501281477,0.0352913439273834,-0.0099071580916643,-0.0037327534519135,-0.0060036992654204,-0.0015628426335752,0.0084308311343193,0.03316355869174,-0.004991284571588,-0.0109336534515023,-0.009405568242073,0.0215863604098558,0.0063299154862761,0.0027687039691954,-0.0022644395940005,0.0109414840117096,-0.0031521876808255,-0.0402930751442909,-0.0263090599328279,-0.0156249459832906,-0.0040270872414112,0.0064110173843801,0.0114778261631727,0.0208692848682403,-0.0167634170502424,-0.0032003263477236,0.0296393726021051,-0.0120394676923751,0.0057317148894071,-0.0160344187170267,-0.0294950436800718,0.0037991176359355,-0.0055450821083953,-0.0100690848681708,-0.0093204442244341,-0.005177018315188,0.0204105212989684,-0.0149131855112289,0.0450684254313056,0.0652639573266857,0.0177904100615762,0.157521655432876,0.0760149164576871,0.0172118375160397,2019-02-12,2019-02-13,2019-02-14,2019-02-15,2019-02-19,2019-02-20,2019-02-21,2019-02-22,2019-02-25,2019-02-26,19166.0,2019-02-11,252.0,0.2484%,0.0002,1.1545,0.2463,0.4676,1.3596%,1.7791%,41.5981%,-0.00196,FMC,19166.0,2019-02-12,252.0,-2.9495%,0.0,1.1266,0.2493,0.4529,1.3875%,1.7836%,39.4802%,-0.04455,FMC,19166.0,2019-02-13,252.0,2.4678%,0.0,1.1216,0.2663,0.461,1.3893%,1.7799%,39.0755%,0.020957,FMC,19166.0,2019-02-14,252.0,-0.3796%,0.0002,1.1244,0.2676,0.4548,1.3635%,1.7624%,40.1441%,-0.000252,FMC,19166.0,2019-02-15,252.0,1.6434%,0.0001,1.1071,0.2521,0.4266,1.3567%,1.7460%,39.6214%,0.000776,FMC,19166.0,2019-02-19,252.0,1.3357%,0.0002,1.1123,0.2529,0.4271,1.3561%,1.7479%,39.8038%,0.009142,FMC,19166.0,2019-02-20,252.0,1.1100%,0.0003,1.1162,0.2722,0.4438,1.3478%,1.7435%,40.2381%,0.0059809999999999,FMC,19166.0,2019-02-21,252.0,0.8576%,0.0003,1.1171,0.2769,0.4452,1.3487%,1.7442%,40.2066%,0.013817,FMC,19166.0,2019-02-22,252.0,0.3515%,0.0004,1.1161,0.2988,0.4537,1.3449%,1.7408%,40.3086%,0.0011749999999999,FMC,19166.0,2019-02-25,252.0,0.9603%,0.0003,1.1182,0.2964,0.4604,1.3411%,1.7385%,40.4929%,0.009423,FMC,19166.0,2019-02-26,252.0,-0.8729%,0.0003,1.1128,0.3071,0.4618,1.3397%,1.7318%,40.1588%,-0.003623,FMC,-0.0465099999999999,-0.0255529999999999,-0.0258049999999999,-0.0158869999999999,0.010886
24635,F M C CORP,"FMC Sees Q1 Adj. EPS $1.58-$1.68 vs $1.79 Estimate, Sales $1.18B-$1.21B vs $1.22B Est.",6,decrease,0.8,0.6,"the company's adjusted eps and sales guidance are both below analyst estimates, which typically leads to a negative reaction in stock prices.",0,2019-02-11,FMC,2019-02-11 21:31:00+00:00,19166.0,30249130,0.0024837264791131,1062012.0,-0.0294950436800718,0.0037991176359355,0.0246778354048728,-0.0138157149776816,-0.0037964135408401,0.0049418262206017,0.016434408724308,-0.0024647780228406,0.0133567592129111,-0.0073401476256549,0.0110995387658476,0.0755638927221298,0.0085763297975063,-0.0099255014210939,0.0035147981252521,0.0062421974726021,0.0096034174785017,0.0123861944302916,-0.0087287239730358,-0.0031498046591877,0.0117408093065023,0.0201799441128969,-0.0013390174135565,-0.0037135779857635,0.0105028208345174,-0.0184766370803117,0.0031632331665605,-0.0135152377188205,0.0016463685315102,0.0154873253777623,-0.0079655740410089,0.0031577618792653,-0.0081570148468017,-0.0007573543698526,-0.0037265601567924,-0.0082613099366426,0.0117374397814273,-0.0054774358868598,0.0003824423474725,-0.0042146565392613,0.0001274644600925,0.0156112033873796,-0.0168195664882659,0.0041719572618603,0.0010367314098402,0.0172324627637863,-0.0041429274715483,0.0117096211761236,-0.0084503581747412,0.0528767220675945,-0.0077356281690299,-0.0275742597877979,0.0255021173506975,0.0150081207975745,-0.0338873490691185,0.009968533180654,-0.0068018417805433,-0.0074545326642692,0.0081912260502576,0.0100762024521827,0.0031965617090463,0.0477957800030708,0.0155336782336235,-0.0110061578452587,0.0095939468592405,-0.0171959213912487,0.027597015723586,-0.0367352403700351,0.0002533144433982,-0.0191299673169851,0.0024063126184046,0.0006556058069691,0.014908405020833,-0.0123025709763169,0.0011203328613191,-0.0130367670208215,0.0037304533179849,-0.0180723201483488,-0.0084241861477494,0.0110392430797219,0.0047475919127464,-0.0073057292029261,-0.0065903854556381,-0.0086164139211177,0.001001399825327,-0.0296861380338668,-0.0026259731967002,-0.0082913050428032,0.0125376125797629,-0.028484733775258,-0.0001238501281477,0.0352913439273834,-0.0099071580916643,-0.0037327534519135,-0.0060036992654204,-0.0015628426335752,0.0084308311343193,0.03316355869174,-0.004991284571588,-0.0109336534515023,-0.009405568242073,0.0215863604098558,0.0063299154862761,0.0027687039691954,-0.0022644395940005,0.0109414840117096,-0.0031521876808255,-0.0402930751442909,-0.0263090599328279,-0.0156249459832906,-0.0040270872414112,0.0064110173843801,0.0114778261631727,0.0208692848682403,-0.0167634170502424,-0.0032003263477236,0.0296393726021051,-0.0120394676923751,0.0057317148894071,-0.0160344187170267,-0.0294950436800718,0.0037991176359355,-0.0055450821083953,-0.0100690848681708,-0.0093204442244341,-0.005177018315188,0.0204105212989684,-0.0149131855112289,0.0450684254313056,0.0652639573266857,0.0177904100615762,0.157521655432876,0.0760149164576871,0.0172118375160397,2019-02-12,2019-02-13,2019-02-14,2019-02-15,2019-02-19,2019-02-20,2019-02-21,2019-02-22,2019-02-25,2019-02-26,19166.0,2019-02-11,252.0,0.2484%,0.0002,1.1545,0.2463,0.4676,1.3596%,1.7791%,41.5981%,-0.00196,FMC,19166.0,2019-02-12,252.0,-2.9495%,0.0,1.1266,0.2493,0.4529,1.3875%,1.7836%,39.4802%,-0.04455,FMC,19166.0,2019-02-13,252.0,2.4678%,0.0,1.1216,0.2663,0.461,1.3893%,1.7799%,39.0755%,0.020957,FMC,19166.0,2019-02-14,252.0,-0.3796%,0.0002,1.1244,0.2676,0.4548,1.3635%,1.7624%,40.1441%,-0.000252,FMC,19166.0,2019-02-15,252.0,1.6434%,0.0001,1.1071,0.2521,0.4266,1.3567%,1.7460%,39.6214%,0.000776,FMC,19166.0,2019-02-19,252.0,1.3357%,0.0002,1.1123,0.2529,0.4271,1.3561%,1.7479%,39.8038%,0.009142,FMC,19166.0,2019-02-20,252.0,1.1100%,0.0003,1.1162,0.2722,0.4438,1.3478%,1.7435%,40.2381%,0.0059809999999999,FMC,19166.0,2019-02-21,252.0,0.8576%,0.0003,1.1171,0.2769,0.4452,1.3487%,1.7442%,40.2066%,0.013817,FMC,19166.0,2019-02-22,252.0,0.3515%,0.0004,1.1161,0.2988,0.4537,1.3449%,1.7408%,40.3086%,0.0011749999999999,FMC,19166.0,2019-02-25,252.0,0.9603%,0.0003,1.1182,0.2964,0.4604,1.3411%,1.7385%,40.4929%,0.009423,FMC,19166.0,2019-02-26,252.0,-0.8729%,0.0003,1.1128,0.3071,0.4618,1.3397%,1.7318%,40.1588%,-0.003623,FMC,-0.0465099999999999,-0.0255529999999999,-0.0258049999999999,-0.0158869999999999,0.010886
24643,F M C CORP,"FMC Q4 EPS $1.69 Beats $1.39 Estimate, Sales $1.219B Beat $1.17B Estimate",6,increase,0.85,0.7,"the earnings per share and sales figures both exceeded analyst estimates, which typically signals strong performance and can lead to a positive reaction in the stock price.",2,2019-02-11,FMC,2019-02-11 21:30:00+00:00,19166.0,30249130,0.0024837264791131,1062012.0,-0.0294950436800718,0.0037991176359355,0.0246778354048728,-0.0138157149776816,-0.0037964135408401,0.0049418262206017,0.016434408724308,-0.0024647780228406,0.0133567592129111,-0.0073401476256549,0.0110995387658476,0.0755638927221298,0.0085763297975063,-0.0099255014210939,0.0035147981252521,0.0062421974726021,0.0096034174785017,0.0123861944302916,-0.0087287239730358,-0.0031498046591877,0.0117408093065023,0.0201799441128969,-0.0013390174135565,-0.0037135779857635,0.0105028208345174,-0.0184766370803117,0.0031632331665605,-0.0135152377188205,0.0016463685315102,0.0154873253777623,-0.0079655740410089,0.0031577618792653,-0.0081570148468017,-0.0007573543698526,-0.0037265601567924,-0.0082613099366426,0.0117374397814273,-0.0054774358868598,0.0003824423474725,-0.0042146565392613,0.0001274644600925,0.0156112033873796,-0.0168195664882659,0.0041719572618603,0.0010367314098402,0.0172324627637863,-0.0041429274715483,0.0117096211761236,-0.0084503581747412,0.0528767220675945,-0.0077356281690299,-0.0275742597877979,0.0255021173506975,0.0150081207975745,-0.0338873490691185,0.009968533180654,-0.0068018417805433,-0.0074545326642692,0.0081912260502576,0.0100762024521827,0.0031965617090463,0.0477957800030708,0.0155336782336235,-0.0110061578452587,0.0095939468592405,-0.0171959213912487,0.027597015723586,-0.0367352403700351,0.0002533144433982,-0.0191299673169851,0.0024063126184046,0.0006556058069691,0.014908405020833,-0.0123025709763169,0.0011203328613191,-0.0130367670208215,0.0037304533179849,-0.0180723201483488,-0.0084241861477494,0.0110392430797219,0.0047475919127464,-0.0073057292029261,-0.0065903854556381,-0.0086164139211177,0.001001399825327,-0.0296861380338668,-0.0026259731967002,-0.0082913050428032,0.0125376125797629,-0.028484733775258,-0.0001238501281477,0.0352913439273834,-0.0099071580916643,-0.0037327534519135,-0.0060036992654204,-0.0015628426335752,0.0084308311343193,0.03316355869174,-0.004991284571588,-0.0109336534515023,-0.009405568242073,0.0215863604098558,0.0063299154862761,0.0027687039691954,-0.0022644395940005,0.0109414840117096,-0.0031521876808255,-0.0402930751442909,-0.0263090599328279,-0.0156249459832906,-0.0040270872414112,0.0064110173843801,0.0114778261631727,0.0208692848682403,-0.0167634170502424,-0.0032003263477236,0.0296393726021051,-0.0120394676923751,0.0057317148894071,-0.0160344187170267,-0.0294950436800718,0.0037991176359355,-0.0055450821083953,-0.0100690848681708,-0.0093204442244341,-0.005177018315188,0.0204105212989684,-0.0149131855112289,0.0450684254313056,0.0652639573266857,0.0177904100615762,0.157521655432876,0.0760149164576871,0.0172118375160397,2019-02-12,2019-02-13,2019-02-14,2019-02-15,2019-02-19,2019-02-20,2019-02-21,2019-02-22,2019-02-25,2019-02-26,19166.0,2019-02-11,252.0,0.2484%,0.0002,1.1545,0.2463,0.4676,1.3596%,1.7791%,41.5981%,-0.00196,FMC,19166.0,2019-02-12,252.0,-2.9495%,0.0,1.1266,0.2493,0.4529,1.3875%,1.7836%,39.4802%,-0.04455,FMC,19166.0,2019-02-13,252.0,2.4678%,0.0,1.1216,0.2663,0.461,1.3893%,1.7799%,39.0755%,0.020957,FMC,19166.0,2019-02-14,252.0,-0.3796%,0.0002,1.1244,0.2676,0.4548,1.3635%,1.7624%,40.1441%,-0.000252,FMC,19166.0,2019-02-15,252.0,1.6434%,0.0001,1.1071,0.2521,0.4266,1.3567%,1.7460%,39.6214%,0.000776,FMC,19166.0,2019-02-19,252.0,1.3357%,0.0002,1.1123,0.2529,0.4271,1.3561%,1.7479%,39.8038%,0.009142,FMC,19166.0,2019-02-20,252.0,1.1100%,0.0003,1.1162,0.2722,0.4438,1.3478%,1.7435%,40.2381%,0.0059809999999999,FMC,19166.0,2019-02-21,252.0,0.8576%,0.0003,1.1171,0.2769,0.4452,1.3487%,1.7442%,40.2066%,0.013817,FMC,19166.0,2019-02-22,252.0,0.3515%,0.0004,1.1161,0.2988,0.4537,1.3449%,1.7408%,40.3086%,0.0011749999999999,FMC,19166.0,2019-02-25,252.0,0.9603%,0.0003,1.1182,0.2964,0.4604,1.3411%,1.7385%,40.4929%,0.009423,FMC,19166.0,2019-02-26,252.0,-0.8729%,0.0003,1.1128,0.3071,0.4618,1.3397%,1.7318%,40.1588%,-0.003623,FMC,-0.0465099999999999,-0.0255529999999999,-0.0258049999999999,-0.0158869999999999,0.010886
24651,FONAR CORP,"Fonar Q2 EPS $0.51 Down From $0.61 YoY, Sales $21.225M Up From $20.168M YoY",6,uncertain,0.6,0.3,"while sales increased, the decline in eps may raise concerns among investors, leading to uncertainty about the stock's direction.",1,2019-02-11,FONR,2019-02-11 12:16:00+00:00,37154.0,34443740,0.016605194658041,28000.0,0.0421959310770034,0.0,0.031345285475254,-0.0136487372219562,-0.0227944664657115,-0.0081227570772171,-0.0280777383595705,0.0193192306905984,0.018222214654088,-0.0009191386634483,-0.0122217675670981,-0.0153846219182014,-0.0070702540688216,0.0137615213170647,-0.0048953583464026,0.0139534529298543,-0.0013417121954262,-0.0032452340237796,-0.0044782976619899,-0.0027739005163311,-0.0256410129368305,0.0188412442803382,-0.0004616910882759,0.0056844591163098,0.0221708808094263,-0.0190520379692316,-0.023497449234128,-0.0173515602946281,-0.004627504851669,0.0262417737394571,-0.0046490179374814,0.0259615834802389,0.0028024038765579,-0.0028763839509338,-0.0107126012444496,0.0205479487776756,0.0193031951785087,0.0073927850462496,0.0138568663969636,0.010961695574224,0.0369020253419876,-0.0185819584876298,-0.0382249914109706,0.0143849663436412,0.0484240017831325,-0.0112800169736146,-0.0270152855664491,0.0094058718532323,0.0053739738650619,-0.0146341091021895,-0.0062361378222703,-0.0352941192686557,0.0071716653183102,0.0499011985957622,-0.0409434847533702,-0.0088149020448327,0.0199536103755235,0.0174389835447073,0.001819877885282,-0.0034756553359329,-0.0068119717761874,0.0029880211222916,-0.0269776005297899,-0.0304200481623411,-0.0380639731884002,0.0191928837448358,0.0234490204602479,-0.0207229070365428,-0.0004773378896061,-0.0326340682804584,-0.026265574619174,0.0243553109467029,-0.0323688015341758,-0.00899188965559,0.0359858609735965,-0.0037718024104833,-0.0283757299184799,-0.0074872132390737,0.0166163090616464,0.027403924614191,0.0128776729106903,-0.0095238462090492,-0.0220049265772104,-0.0084985978901386,0.0074999807402491,-0.017625194042921,-0.0377171337604522,0.0112570254132151,0.0061888005584478,-0.0287016425281763,-0.0056381653994321,-0.0036314080934971,0.0118556469678878,0.0045599807053804,-0.0127356089651584,-0.00724308937788,0.0386996902525425,0.0255338530987501,0.0009935647249221,-0.0096551300957798,0.0153845893219113,-0.0104640377685427,0.0063539138063788,0.0143054667860269,-0.0325400717556476,0.0037054156418889,-0.0040160603821277,-0.0248418804258108,-0.0035282103344798,0.0018099098233506,0.003034874331206,-0.0212577302008867,0.0131114590913057,0.0203344225883483,-0.0104530109092593,0.015137611888349,-0.0020120225381106,-0.0197841972112655,0.0085685523226857,-0.0133097218349576,0.0421959310770034,0.0,0.0748638600577602,-0.0136487372219562,0.0503629118444683,-0.0216606289223086,0.0394736290835675,-0.0036764668836593,0.008620622014362,0.0023116579146575,-0.0009074625915707,0.0764647941473704,-0.0921052929045285,-0.0381544214348649,2019-02-12,2019-02-13,2019-02-14,2019-02-15,2019-02-19,2019-02-20,2019-02-21,2019-02-22,2019-02-25,2019-02-26,37154.0,2019-02-11,252.0,1.6605%,-0.0002,0.6736,0.7987,0.1302,1.9155%,2.0804%,15.2210%,0.010139,FONR,37154.0,2019-02-12,252.0,4.2196%,-0.0001,0.69,0.8019,0.138,1.9268%,2.0969%,15.5629%,0.032997,FONR,37154.0,2019-02-13,252.0,3.1345%,-0.0002,0.6578,0.8679,0.1567,1.8690%,2.0377%,15.8691%,0.028736,FONR,37154.0,2019-02-14,252.0,-2.2794%,-0.0002,0.6663,0.8558,0.1654,1.8584%,2.0287%,16.0838%,-0.0251169999999999,FONR,37154.0,2019-02-15,252.0,-2.8078%,-0.0003,0.6464,0.8337,0.1276,1.8735%,2.0361%,15.3288%,-0.038641,FONR,37154.0,2019-02-19,252.0,1.8222%,-0.0004,0.6355,0.862,0.1604,1.8549%,2.0151%,15.2684%,0.014093,FONR,37154.0,2019-02-20,252.0,-1.2222%,-0.0005,0.6301,0.8454,0.1399,1.8564%,2.0146%,15.0923%,-0.016308,FONR,37154.0,2019-02-21,252.0,-0.7070%,-0.0006,0.6316,0.8477,0.1427,1.8564%,2.0148%,15.0981%,-0.003925,FONR,37154.0,2019-02-22,252.0,-0.4895%,-0.0006,0.6334,0.8398,0.1572,1.8576%,2.0143%,14.9580%,-0.011666,FONR,37154.0,2019-02-25,252.0,-0.1342%,-0.0006,0.6324,0.8384,0.1526,1.8567%,2.0135%,14.9656%,7.400000000000001e-05,FONR,37154.0,2019-02-26,252.0,-0.4478%,-0.0006,0.6212,0.8452,0.1477,1.8534%,2.0080%,14.8048%,0.002303,FONR,0.043136,0.071872,0.046755,0.022207,-0.0073149999999999
24659,FORWARD AIR CORP,"Forward Air Pinched By Higher Purchased Transport Costs, Sees Stiff Challenge Getting Team Drivers",6,decrease,0.8,0.7,"the news highlights increased transport costs and challenges in acquiring team drivers, which could negatively impact forward air corp's profitability and operational efficiency.",0,2019-02-11,FWRD,2019-02-11 16:52:00+00:00,79841.0,34985310,0.0055796750821173,155272.0,0.0055487151257693,0.0982127115130424,0.0038320049643516,-0.0076013640500605,-0.0019849939271807,0.0003379597328603,-0.0065789520740509,0.0018622077768668,0.0046204072423279,0.0030565513297915,0.0294342804700136,0.0061507024802267,0.0139984330162406,0.0003418297565076,-0.0171831138432025,0.0074035204015672,-0.0177823491394519,-0.0005162412417121,-0.0118668247014284,-0.0098823998123407,-0.0018474999815225,0.0118965283036232,-0.0027764970436692,0.0,-0.0086621064692735,-0.0046336101368069,-0.0232485253363847,-0.0138771310448646,-0.0086261518299579,0.0224952269345521,-0.0033838734962046,0.0246453788131475,-0.005351030267775,-0.0047643664292991,0.0102706402540206,-0.0087458463385701,0.0235597714781761,-0.0124374022707343,-0.0067791314795613,0.0066075650975108,0.0184127558022737,0.0133920405060052,0.0028053720016032,0.0060273027047514,-0.0119676198810339,0.0237749796360731,0.0091238291934132,0.0128675904124975,-0.0222915094345808,0.0124697936698794,-0.0133928591385483,-0.0202407110482454,0.0219780318439006,-0.0001822848134906,-0.0322580784559249,0.0020094409119337,0.0037581624928861,0.0012804740108549,0.0164414513856172,0.0016488884575665,0.0123318461701273,0.0581620745360851,0.0150293400511145,-0.0218091737478971,0.0088840350508689,-0.0171482190489769,0.0054070516489446,0.0018674563616514,-0.0135218938812613,-0.0302427001297473,0.0068536209873855,-0.0089734382927417,0.0061881425790488,-0.011004596017301,-0.0006150202243588,-0.0110584702342748,0.0113845821470022,-0.0327674075961113,-0.006236630026251,0.0028946362435817,0.0134700322523713,-0.0003404333256185,0.0098172714933753,-0.0150880385190248,0.0161531828343868,-0.0335385538637638,0.0026494008488953,0.0022734554950147,-0.0074868192896246,-0.0546514838933944,0.0007395807188004,-0.0021445986349135,0.0010345801711082,0.0099009806290268,-0.0082681998610496,0.0045066187158226,0.0022331625223159,0.0133858025074005,0.0101010147482156,0.0006303327390924,-0.0245587974786758,0.015847573056817,-0.0357304774224758,0.0019246632000431,-0.015791093930602,0.017906529828906,0.005877663847059,-0.0213477797806263,-0.0135818161070346,0.0041593685746192,0.0136087462306022,0.0051455171778798,0.0118464091792702,0.0237036813050508,-0.0001560179080115,0.0013186391443014,-0.0151444366201758,0.0019818155560642,-0.0175967123359441,-0.0135223492980003,0.0055487151257693,0.0982127115130424,0.0094019827940288,0.0898647968884276,0.0073983259880985,0.0902331273040379,0.0053946688752841,0.0956019269619763,0.0010789111815212,0.0993354624170073,-0.0347988795646627,0.1821178921593702,-0.0420641274300848,0.054191270347834,2019-02-12,2019-02-13,2019-02-14,2019-02-15,2019-02-19,2019-02-20,2019-02-21,2019-02-22,2019-02-25,2019-02-26,79841.0,2019-02-11,252.0,0.5580%,0.0006,0.8891,0.7758,0.2854,1.3842%,1.6934%,33.1857%,-0.001226,FWRD,79841.0,2019-02-12,252.0,0.5549%,0.0006,0.8878,0.7725,0.2853,1.3846%,1.6935%,33.1466%,-0.006313,FWRD,79841.0,2019-02-13,252.0,0.3832%,0.0006,0.8865,0.7746,0.2857,1.3845%,1.6923%,33.0670%,0.000583,FWRD,79841.0,2019-02-14,252.0,-0.1985%,0.0006,0.8864,0.7723,0.2896,1.3822%,1.6895%,33.0722%,-0.002594,FWRD,79841.0,2019-02-15,252.0,-0.6579%,0.0007,0.9078,0.7893,0.3215,1.3623%,1.6825%,34.4371%,-0.020016,FWRD,79841.0,2019-02-19,252.0,0.4620%,0.0007,0.91,0.7852,0.3166,1.3615%,1.6827%,34.5359%,-0.000458,FWRD,79841.0,2019-02-20,252.0,2.9434%,0.0008,0.916,0.7961,0.3373,1.3690%,1.6913%,34.4864%,0.024137,FWRD,79841.0,2019-02-21,252.0,1.3998%,0.0009,0.9064,0.7806,0.3196,1.3702%,1.6862%,33.9685%,0.018621,FWRD,79841.0,2019-02-22,252.0,-1.7183%,0.0008,0.91,0.7729,0.3547,1.3781%,1.6899%,33.4989%,-0.0227689999999999,FWRD,79841.0,2019-02-25,252.0,-1.7782%,0.0008,0.9095,0.781,0.3575,1.3822%,1.6937%,33.4042%,-0.016599,FWRD,79841.0,2019-02-26,252.0,-1.1867%,0.0007,0.9104,0.7872,0.3613,1.3825%,1.6943%,33.4139%,-0.004333,FWRD,-0.007539,-0.006956,-0.00955,-0.030024,-0.0309669999999999
24667,GANNETT CO INC,"Gannett Issues Response To MNG Enterprises Related To Firm's $12/Share Cash Offer For Co., Says 'MNG Once Again Fails to Provide Substantive Answers to Basic Questions About Its Ability to Finance and Close Its Proposed Transaction'",6,decrease,0.7,0.6,"gannett's response indicates skepticism about mng enterprises' ability to finance the proposed transaction, which may lead to investor concerns and a decrease in stock price.",0,2019-02-11,GCI,2019-02-11 14:03:00+00:00,14490.0,36472T10,0.0007467718678526,291928.0,0.0082090012729167,-0.0037201815284788,-0.0074019525200128,-0.0196936875581741,0.0007457292522303,0.0058694002218544,0.0156482886523008,-0.0123188458383083,0.0014673150144517,0.0117301940917968,0.0109890531748533,-0.00219456711784,-0.0043478566221892,-0.0065407087095081,0.0189228691160678,0.0051132687367498,-0.0164285395294427,0.0155786387622356,-0.0087146572768688,0.0052199624478816,-0.0395604372024536,0.0067567685618996,0.0160183105617761,0.0113894930109381,-0.0022522322833538,0.0068807457573711,-0.0240782313048839,-0.0128301940858364,-0.0192752499133348,-0.0060014948248863,-0.0180817991495132,0.0136882364749908,-0.0128102358430624,0.0038167354650795,0.0154096037149429,0.0015290869632735,-0.0107084112241864,0.00153135554865,0.0133222183212637,0.0069391019642353,-0.0139687815681099,0.0030935776885598,0.0024999778252094,0.0157109797000885,-0.002493743551895,0.0103173935785889,0.0058333077467978,0.0202429145574569,-0.0165699925273656,0.0317460410296917,0.0008424792904406,-0.0204582642763853,0.0,0.0561798252165317,-0.0345117710530757,0.0087183453142642,-0.0244115684181451,0.0087951086461544,-0.0116174407303333,0.0008803018718026,-0.0045208125375211,0.0289854798465967,-0.0154405152425169,-0.0221434906125068,-0.0313653275370597,-0.0560200735926628,0.0171428862959146,-0.0107526974752545,-0.0065543674863874,-0.0024752255994826,0.0131951319053769,0.004975080024451,0.0083721075206995,-0.0130932768806815,0.0147601328790187,-0.0089213019236922,-0.0018182233907282,-0.0206513293087482,-0.0063752001151442,0.0039872559718787,0.0192483998835086,-0.0055511258542537,0.0008993011433631,-0.010980418883264,-0.0197664201259613,-0.0007837169687263,-0.0064161042682826,-0.0077760056592524,0.0046125636436045,-0.0330827459692955,0.0,0.0075757866725325,-0.0174472481012344,-0.0141897331923246,0.0,0.0120937870815396,0.0074766282923519,0.007616102695465,-0.0064934785477817,-0.0120391156524419,-0.0177403893321752,-0.0067264689132571,0.0076045552268624,0.0128690442070365,0.0141509072855114,0.0091672940179705,-0.0055814343504607,-0.0282108467072248,-0.0056126723065972,-0.0167882870882749,-0.0329257175326347,-0.0101156318560242,0.0107004484161734,0.0116958953440189,-0.0028874576091766,-0.0200572870671749,-0.0125482743605971,-0.0021443697623908,0.0029326186049729,-0.0120056550949811,0.0082090012729167,-0.0037201815284788,0.0007462861152451,-0.0233406049939713,0.0014925718948621,-0.0176082001242467,0.0186567170703981,-0.0183284447975674,0.0186567155075958,-0.0014913865592612,-0.1487914065521681,0.1786972510569369,-0.2103616597032317,-0.0543784949382942,2019-02-12,2019-02-13,2019-02-14,2019-02-15,2019-02-19,2019-02-20,2019-02-21,2019-02-22,2019-02-25,2019-02-26,14490.0,2019-02-11,252.0,0.0747%,-0.0003,0.6047,0.7596,0.2796,1.4499%,1.6120%,19.1033%,-0.005991,NEWM,14490.0,2019-02-12,252.0,0.8209%,-0.0003,0.6039,0.7609,0.279,1.4498%,1.6124%,19.1503%,0.000208,NEWM,14490.0,2019-02-13,252.0,-0.7402%,-0.0003,0.606,0.7537,0.2754,1.4503%,1.6129%,19.1463%,-0.009845,NEWM,14490.0,2019-02-14,252.0,0.0746%,-0.0003,0.6052,0.7532,0.2773,1.4484%,1.6107%,19.1335%,-0.000404,NEWM,14490.0,2019-02-15,252.0,1.5648%,-0.0003,0.6156,0.7632,0.295,1.4480%,1.6135%,19.4640%,0.005496,NEWM,14490.0,2019-02-19,252.0,0.1467%,-0.0003,0.6135,0.7638,0.2959,1.4477%,1.6124%,19.3841%,-0.0029,NEWM,14490.0,2019-02-20,252.0,1.0989%,-0.0002,0.6166,0.7768,0.3087,1.4457%,1.6126%,19.6258%,0.006416,NEWM,14490.0,2019-02-21,252.0,-0.4348%,-0.0002,0.6134,0.7701,0.3027,1.4445%,1.6093%,19.4347%,-0.000913,NEWM,14490.0,2019-02-22,252.0,1.8923%,-0.0001,0.611,0.7781,0.2815,1.4474%,1.6137%,19.5463%,0.015051,NEWM,14490.0,2019-02-25,252.0,-1.6429%,-0.0002,0.612,0.7863,0.2895,1.4496%,1.6164%,19.5801%,-0.014915,NEWM,14490.0,2019-02-26,252.0,-0.8715%,-0.0002,0.6078,0.7926,0.2895,1.4488%,1.6152%,19.5335%,-0.0018479999999999,NEWM,-0.005783,-0.015628,-0.016032,-0.013436,-0.009645
24675,GILEAD SCIENCES INC,Gilead Sciences shares are trading lower after the company reported the topline data from its STELLAR-4 Phase 3 study did not meet its primary endpoint.,6,decrease,0.9,0.8,the failure to meet the primary endpoint in a phase 3 study typically leads to negative investor sentiment and a decline in stock price.,0,2019-02-11,GILD,2019-02-11 21:41:00+00:00,77274.0,37555810,0.002223232993856,5484703.0,-0.0328305400907993,0.0028240552637726,0.0082568945363163,-0.0213818363845348,0.0065210843458771,0.0158096887171268,0.0183817017823457,-0.0338330157101154,-0.0122798383235931,0.0,0.0032954046037048,0.0005713599966838,-0.0213496591895818,0.0025776929687708,0.002898471429944,0.0034488504752516,-0.0059324521571397,0.0247385147958993,-0.0010711506474763,-0.014368618838489,0.0044424161314964,0.0153256841003894,-0.0083880284801125,-0.00571427680552,0.015226169489324,-0.0043764119036495,-0.0084836417809128,-0.009106638841331,-0.0161955319344997,0.007720302324742,-0.0228296518325805,0.0149320242926478,-0.0061983377672731,-0.0128429261967539,0.0111946389079093,0.0188847091048955,0.0175549071282148,-0.0133509915322065,0.0076158768497407,0.001763708773069,0.0141909327358007,0.0014718644088134,-0.0050189974717795,-0.0022028770763427,0.0129649071022868,-0.0068553271703422,-0.0092945396900177,0.0045420886017382,0.0072285640053451,0.0459770113229751,-0.013589852489531,0.0285309180617332,0.0049535557627677,0.0142286075279116,-0.017714075744152,0.0108273783698678,0.0003136342857033,-0.0168413985520601,0.0070543494075536,-0.0044290190562605,-0.0090286117047071,0.0442682579159736,0.000471234350698,-0.033216193318367,0.0207254439592361,-0.0261275898665189,0.0133824814110994,0.0015577275771647,0.0054644905030727,-0.0098704416304826,0.0063406676054,-0.0042998525314033,0.0027001600246876,-0.0068628480657935,0.0104728396981954,-0.026429085060954,-0.0023690208327025,-0.0032286604400724,-0.0191451609134674,0.006201981101185,0.019821535795927,0.003407962154597,-0.0161721650511026,-0.0096845729276537,-0.0155330840498209,-0.029063981026411,0.0022978174965828,0.0092020034790039,-0.0136023135855794,-0.0184871237725019,-0.0199876185506582,-0.0150125352665782,-0.0047430708073079,0.0322858355939388,-0.0171565022319555,0.0072264773771166,0.018910652026534,0.0259489901363849,-0.0038071330636739,0.0074693751521408,0.0213375817984342,0.0052561364136636,0.0157468374818563,-0.0022475507576018,-0.0035303661134094,-0.0122835850343108,0.0018484712345525,-0.0064696725457906,-0.0026137479580938,-0.0171964578330516,0.0066286465153098,-0.0083118639886379,0.0280244126915931,-0.0109143052250146,0.0083421003073453,-0.0052170772105455,-0.0190574806183576,0.0061001605354249,-0.0049699069932103,-0.0096937688067555,-0.0328305400907993,0.0028240552637726,-0.0248447238615829,-0.018618164608353,-0.0184856540555572,-0.0031028232781685,-0.0127181391979946,-0.036830861119568,-0.0346052027912126,-0.0207547230617881,-0.0407476026717694,0.0672255582008181,-0.0134214211726602,-0.044099237783557,2019-02-12,2019-02-13,2019-02-14,2019-02-15,2019-02-19,2019-02-20,2019-02-21,2019-02-22,2019-02-25,2019-02-26,77274.0,2019-02-11,252.0,0.2223%,-0.0006,0.9147,0.0847,0.0312,1.2930%,1.6164%,36.0060%,0.0003529999999999,GILD,77274.0,2019-02-12,252.0,-3.2831%,-0.0008,0.8896,0.0842,0.0184,1.3230%,1.6267%,33.8528%,-0.045335,GILD,77274.0,2019-02-13,252.0,0.8257%,-0.0008,0.8908,0.0847,0.02,1.3236%,1.6262%,33.7504%,0.005603,GILD,77274.0,2019-02-14,252.0,0.6521%,-0.0008,0.8884,0.0893,0.0158,1.3242%,1.6259%,33.6655%,0.007967,GILD,77274.0,2019-02-15,252.0,1.8382%,-0.0007,0.8944,0.0957,0.0269,1.3253%,1.6281%,33.7334%,0.007945,GILD,77274.0,2019-02-19,252.0,-1.2280%,-0.0007,0.8958,0.0814,0.0107,1.3255%,1.6297%,33.8459%,-0.014437,GILD,77274.0,2019-02-20,252.0,0.3295%,-0.0007,0.8973,0.0894,0.0174,1.3239%,1.6287%,33.9189%,0.001255,GILD,77274.0,2019-02-21,252.0,-2.1350%,-0.0008,0.9048,0.1008,0.0312,1.3270%,1.6338%,34.0289%,-0.018027,GILD,77274.0,2019-02-22,252.0,0.2898%,-0.0008,0.9051,0.0993,0.0344,1.3271%,1.6339%,34.0267%,-0.003178,GILD,77274.0,2019-02-25,252.0,-0.5932%,-0.0008,0.9034,0.1007,0.0286,1.3242%,1.6313%,34.1107%,-0.00707,GILD,77274.0,2019-02-26,252.0,-0.1071%,-0.0008,0.8993,0.1022,0.0263,1.3236%,1.6266%,33.7847%,0.001013,GILD,-0.044982,-0.039379,-0.0314119999999999,-0.0379039999999999,-0.063911
24683,GILEAD SCIENCES INC,Gilead Reports Topline Data From Phase 3 STELLAR-4 Study of Selonsertib in Compensated Cirrhosis Due To NASH Did Not Meet Primary Endpoint,6,decrease,0.85,0.7,"the failure to meet the primary endpoint in a phase 3 study is likely to negatively impact investor sentiment and confidence in gilead sciences' pipeline, leading to a decrease in stock price.",0,2019-02-11,GILD,2019-02-11 21:32:00+00:00,77274.0,37555810,0.002223232993856,5484703.0,-0.0328305400907993,0.0028240552637726,0.0082568945363163,-0.0213818363845348,0.0065210843458771,0.0158096887171268,0.0183817017823457,-0.0338330157101154,-0.0122798383235931,0.0,0.0032954046037048,0.0005713599966838,-0.0213496591895818,0.0025776929687708,0.002898471429944,0.0034488504752516,-0.0059324521571397,0.0247385147958993,-0.0010711506474763,-0.014368618838489,0.0044424161314964,0.0153256841003894,-0.0083880284801125,-0.00571427680552,0.015226169489324,-0.0043764119036495,-0.0084836417809128,-0.009106638841331,-0.0161955319344997,0.007720302324742,-0.0228296518325805,0.0149320242926478,-0.0061983377672731,-0.0128429261967539,0.0111946389079093,0.0188847091048955,0.0175549071282148,-0.0133509915322065,0.0076158768497407,0.001763708773069,0.0141909327358007,0.0014718644088134,-0.0050189974717795,-0.0022028770763427,0.0129649071022868,-0.0068553271703422,-0.0092945396900177,0.0045420886017382,0.0072285640053451,0.0459770113229751,-0.013589852489531,0.0285309180617332,0.0049535557627677,0.0142286075279116,-0.017714075744152,0.0108273783698678,0.0003136342857033,-0.0168413985520601,0.0070543494075536,-0.0044290190562605,-0.0090286117047071,0.0442682579159736,0.000471234350698,-0.033216193318367,0.0207254439592361,-0.0261275898665189,0.0133824814110994,0.0015577275771647,0.0054644905030727,-0.0098704416304826,0.0063406676054,-0.0042998525314033,0.0027001600246876,-0.0068628480657935,0.0104728396981954,-0.026429085060954,-0.0023690208327025,-0.0032286604400724,-0.0191451609134674,0.006201981101185,0.019821535795927,0.003407962154597,-0.0161721650511026,-0.0096845729276537,-0.0155330840498209,-0.029063981026411,0.0022978174965828,0.0092020034790039,-0.0136023135855794,-0.0184871237725019,-0.0199876185506582,-0.0150125352665782,-0.0047430708073079,0.0322858355939388,-0.0171565022319555,0.0072264773771166,0.018910652026534,0.0259489901363849,-0.0038071330636739,0.0074693751521408,0.0213375817984342,0.0052561364136636,0.0157468374818563,-0.0022475507576018,-0.0035303661134094,-0.0122835850343108,0.0018484712345525,-0.0064696725457906,-0.0026137479580938,-0.0171964578330516,0.0066286465153098,-0.0083118639886379,0.0280244126915931,-0.0109143052250146,0.0083421003073453,-0.0052170772105455,-0.0190574806183576,0.0061001605354249,-0.0049699069932103,-0.0096937688067555,-0.0328305400907993,0.0028240552637726,-0.0248447238615829,-0.018618164608353,-0.0184856540555572,-0.0031028232781685,-0.0127181391979946,-0.036830861119568,-0.0346052027912126,-0.0207547230617881,-0.0407476026717694,0.0672255582008181,-0.0134214211726602,-0.044099237783557,2019-02-12,2019-02-13,2019-02-14,2019-02-15,2019-02-19,2019-02-20,2019-02-21,2019-02-22,2019-02-25,2019-02-26,77274.0,2019-02-11,252.0,0.2223%,-0.0006,0.9147,0.0847,0.0312,1.2930%,1.6164%,36.0060%,0.0003529999999999,GILD,77274.0,2019-02-12,252.0,-3.2831%,-0.0008,0.8896,0.0842,0.0184,1.3230%,1.6267%,33.8528%,-0.045335,GILD,77274.0,2019-02-13,252.0,0.8257%,-0.0008,0.8908,0.0847,0.02,1.3236%,1.6262%,33.7504%,0.005603,GILD,77274.0,2019-02-14,252.0,0.6521%,-0.0008,0.8884,0.0893,0.0158,1.3242%,1.6259%,33.6655%,0.007967,GILD,77274.0,2019-02-15,252.0,1.8382%,-0.0007,0.8944,0.0957,0.0269,1.3253%,1.6281%,33.7334%,0.007945,GILD,77274.0,2019-02-19,252.0,-1.2280%,-0.0007,0.8958,0.0814,0.0107,1.3255%,1.6297%,33.8459%,-0.014437,GILD,77274.0,2019-02-20,252.0,0.3295%,-0.0007,0.8973,0.0894,0.0174,1.3239%,1.6287%,33.9189%,0.001255,GILD,77274.0,2019-02-21,252.0,-2.1350%,-0.0008,0.9048,0.1008,0.0312,1.3270%,1.6338%,34.0289%,-0.018027,GILD,77274.0,2019-02-22,252.0,0.2898%,-0.0008,0.9051,0.0993,0.0344,1.3271%,1.6339%,34.0267%,-0.003178,GILD,77274.0,2019-02-25,252.0,-0.5932%,-0.0008,0.9034,0.1007,0.0286,1.3242%,1.6313%,34.1107%,-0.00707,GILD,77274.0,2019-02-26,252.0,-0.1071%,-0.0008,0.8993,0.1022,0.0263,1.3236%,1.6266%,33.7847%,0.001013,GILD,-0.044982,-0.039379,-0.0314119999999999,-0.0379039999999999,-0.063911
24691,GLOBAL PAYMENTS INC,"Nomura Maintains Reduce on Global Payments, Raises Price Target to $94",6,decrease,0.7,0.6,"maintaining a 'reduce' rating typically suggests a negative outlook, which may lead to a decrease in stock price despite the raised price target.",0,2019-02-11,GPN,2019-02-11 14:04:00+00:00,88873.0,37940X10,0.0097475638613104,1631657.0,0.0120668988674879,0.0168141722679138,0.0453926250338554,-0.0115465335547924,-0.0097759421914815,-0.008499595336616,0.0143973669037222,0.0015635883901268,0.0086780181154608,0.0119549976661801,0.0126236202195286,0.0131813623011112,0.005399398971349,-0.012315284460783,0.0087663922458887,0.0269196331501007,0.003836200106889,-0.0085087735205888,0.0014037800719961,-0.0139539148658514,0.0068536209873855,0.0089102732017636,0.0085087111219763,0.0085370652377605,0.0085135800763964,-0.0125122340396046,-0.0072249765507876,-0.0165808014571666,-0.0045962226577103,0.0102265365421772,-0.0030013804789632,0.0046054082922637,0.0024700274225324,0.0080350106582045,0.0034650976303964,0.0179025921970605,0.0120472069829702,-0.0067695640027523,0.0,0.0048979674465954,0.0084161087870597,0.0091533176600933,-0.0048119840212166,0.0146744856610894,0.0133735472336411,0.026406068354845,-0.0005964944139122,0.0209245886653661,0.0023128380998969,0.0408225171267986,-0.007368853315711,-0.0324414148926734,0.0209207646548748,-0.0106661347672343,-0.0157913621515035,0.0057538165710866,-0.0082090003415942,-0.0018495321273803,0.0134688382968306,0.0127168856561183,-0.0051970966160297,0.0636468455195427,0.008657275699079,-0.0093486439436674,0.0101369619369506,-0.0261987056583166,0.0156753547489643,-0.0244720336049795,0.0010096594924107,0.001977426931262,-0.0072046108543872,0.0151560995727777,-0.0153120504692196,-0.0193897765129804,0.0089173223823308,-0.0209116153419017,-0.0019721623975783,-0.005557722877711,0.0003658624773379,0.013203889131546,0.0027071291115134,-0.0076115322299301,0.0001459633058402,-0.0004814659478142,0.0151017140597105,-0.023325840011239,-0.0059652281925082,-0.0062622507102787,0.003687439719215,-0.0516752526164054,-0.0012967002112418,0.0090332003310322,0.0074293045327067,0.0095710838213562,0.0065153837203979,-0.0027912619989365,0.0222649369388818,0.0472418144345283,-0.0057059861719608,-0.0035703959874808,0.0037790837232023,0.0319984778761863,0.010179229080677,-0.0071243424899876,0.0033819137606769,0.0070777907967567,0.004746199119836,-0.0118796499446034,-0.0136236418038606,-0.0484091974794864,0.001735147088766,0.0024675952736288,0.010877794586122,0.0197576433420181,0.0097327856346964,-0.0116064343601465,-0.0211784560233354,-0.0064067780040204,0.0061719794757664,-0.0259427297860384,0.0120668988674879,0.0168141722679138,0.0580072721169566,0.0050734933088338,0.0476642541865741,-0.0034692246678502,0.0719704060346018,0.0100210902226298,0.106705721222905,0.014748722957466,0.161008303841426,0.1326892618241684,0.2506547463256541,0.0244368004826116,2019-02-12,2019-02-13,2019-02-14,2019-02-15,2019-02-19,2019-02-20,2019-02-21,2019-02-22,2019-02-25,2019-02-26,88873.0,2019-02-11,252.0,0.9748%,0.0,1.0625,0.016,-0.7436,0.8996%,1.6490%,70.2383%,0.009929,GPN,88873.0,2019-02-12,252.0,1.2067%,-0.0001,1.0487,0.0307,-0.7533,0.8910%,1.6377%,70.4043%,-0.00375,GPN,88873.0,2019-02-13,252.0,4.5393%,0.0001,1.0518,0.043,-0.7407,0.9299%,1.6555%,68.4465%,0.042865,GPN,88873.0,2019-02-14,252.0,-0.9776%,0.0,1.0547,0.0363,-0.7336,0.9331%,1.6566%,68.2758%,-0.0121869999999999,GPN,88873.0,2019-02-15,252.0,1.4397%,0.0001,1.0635,0.0448,-0.7186,0.9330%,1.6584%,68.3510%,0.005809,GPN,88873.0,2019-02-19,252.0,0.8678%,0.0,1.0567,0.0619,-0.6987,0.9188%,1.6361%,68.4579%,0.008583,GPN,88873.0,2019-02-20,252.0,1.2624%,0.0,1.059,0.0588,-0.693,0.9159%,1.6342%,68.5851%,0.014223,GPN,88873.0,2019-02-21,252.0,0.5399%,0.0,1.0602,0.063,-0.6907,0.9157%,1.6344%,68.6096%,0.007665,GPN,88873.0,2019-02-22,252.0,0.8766%,0.0001,1.0606,0.083,-0.6674,0.9116%,1.6291%,68.6916%,-0.008725,GPN,88873.0,2019-02-25,252.0,0.3836%,0.0001,1.0601,0.0819,-0.6701,0.9111%,1.6292%,68.7284%,0.00116,GPN,88873.0,2019-02-26,252.0,0.1404%,0.0001,1.057,0.0831,-0.6718,0.9106%,1.6237%,68.5474%,0.001313,GPN,0.006179,0.049044,0.036857,0.051249,0.066885
24699,GREEN PLAINS INC,"Green Plains Q4 EPS $1.13 May Not Compare to $(0.51) Estimate, Sales $827.528M Miss $913.61M Estimate",6,decrease,0.8,0.7,the significant miss in sales estimates and the negative comparison to earnings expectations are likely to lead to a decrease in investor confidence and stock price.,0,2019-02-11,GPRE,2019-02-11 12:33:00+00:00,91161.0,39322210,0.0149476686492562,1317903.0,0.0633284002542495,-0.0254915840923786,0.0394737310707569,-0.0227758474647998,0.0113257877528667,-0.0049574854783713,0.0111989509314298,-0.0241880007088184,-0.0006514806882478,-0.0082248039543628,0.0058670244179666,0.0267417393624782,0.0142579013481736,-0.0021067229099571,0.0206053219735622,0.0193270929157733,0.0132491532713174,0.0072098327800631,-0.0224159192293882,-0.0170091968029737,-0.0006369572365656,0.0187725108116865,-0.0057360869832336,0.0094752265140414,0.0025641000829637,-0.0150753790512681,0.0038362829945981,-0.0085409171879291,0.0242038294672966,0.0293040722608566,-0.0118158943951129,0.005154616665095,-0.0239144191145896,0.0014748896937817,-0.0180529132485389,0.0081784836947917,0.0302035491913557,-0.002225499600172,0.0070108738727867,0.0014858472859486,0.0240506399422884,0.0037285750731825,0.0043263100087642,-0.0204528663307428,0.0116923404857516,-0.0079710585996508,0.0054744617082178,0.0036363773979246,0.0266181863844394,0.0322823077440261,0.0035357321612536,0.0022573163732886,0.0211390890181064,0.0137300007045269,-0.0172512512654066,0.017067439854145,-0.0087770400568842,0.0015540370950475,-0.006493542343378,0.0015563815832138,-0.0041592214256525,0.0619834698736667,-0.0065632821060717,-0.0312249325215816,0.0018018430564552,-0.0302795302122831,0.0125898728147149,-0.0137825654819607,0.0029603994917124,0.000766301061958,-0.0206611789762973,-0.0861344262957573,0.0313442088663578,-0.006954129319638,0.0210402514785528,-0.030343884602189,0.0022896919399499,-0.0619861148297786,-0.0159909017384052,0.0115163344889879,0.0145095763728022,-0.0069885426200926,-0.0057208458893001,0.0038264964241534,0.0028769359923899,-0.018159044906497,-0.0309811197221279,-0.0123685719445347,0.0313795581459999,-0.0477031506597995,0.0005740659544244,0.044923048466444,-0.0309811197221279,0.0613977499306201,0.0207223445177078,-0.0141660859808325,-0.0017401790246367,-0.0189513694494962,-0.0063915578648447,0.0038046585395932,-0.020467858761549,0.0218649692833423,0.0214925743639469,-0.0787914097309112,0.022209184244275,0.0267639067023992,-0.0068610026501119,0.0061199744231998,-0.0120898662135005,-0.0494473725557327,-0.0268064737319946,0.0099882530048489,0.0197604726999998,-0.008158472366631,-0.0211392007768154,0.0135853243991732,-0.0383922830224037,-0.0047031114809215,-0.0417966954410076,-0.0638414919376373,0.0633284002542495,-0.0254915840923786,0.1053019395657839,-0.0476868391262543,0.117820354736138,-0.0524079177921479,0.1296023761591234,-0.0829335194023753,0.1650451778403452,-0.0517363276214669,0.2488987565782414,0.0412451136484133,0.1398148856934684,-0.258017964549142,2019-02-12,2019-02-13,2019-02-14,2019-02-15,2019-02-19,2019-02-20,2019-02-21,2019-02-22,2019-02-25,2019-02-26,91161.0,2019-02-11,252.0,1.4948%,-0.001,0.9951,0.7683,0.2569,2.5039%,2.7288%,15.8048%,0.007299,GPRE,91161.0,2019-02-12,252.0,6.3328%,-0.0006,1.0432,0.7439,0.2858,2.5135%,2.7532%,16.6525%,0.0499779999999999,GPRE,91161.0,2019-02-13,252.0,3.9474%,-0.0006,1.0375,0.7684,0.299,2.5192%,2.7562%,16.4551%,0.035806,GPRE,91161.0,2019-02-14,252.0,1.1326%,-0.0005,1.0344,0.7745,0.2928,2.5200%,2.7566%,16.4275%,0.011143,GPRE,91161.0,2019-02-15,252.0,1.1199%,-0.0006,1.0161,0.7578,0.2628,2.5171%,2.7470%,16.0363%,-0.003931,GPRE,91161.0,2019-02-19,252.0,-0.0651%,-0.0006,1.0155,0.7542,0.2587,2.5173%,2.7465%,15.9936%,-0.0056679999999999,GPRE,91161.0,2019-02-20,252.0,0.5867%,-0.0006,1.0171,0.7636,0.2661,2.5160%,2.7461%,16.0590%,0.000755,GPRE,91161.0,2019-02-21,252.0,1.4258%,-0.0006,1.0182,0.77,0.2678,2.5171%,2.7474%,16.0617%,0.019068,GPRE,91161.0,2019-02-22,252.0,2.0605%,-0.0005,1.0152,0.7969,0.2569,2.5162%,2.7489%,16.2104%,0.013589,GPRE,91161.0,2019-02-25,252.0,1.3249%,-0.0004,1.0147,0.7892,0.2512,2.5178%,2.7500%,16.1764%,0.014161,GPRE,91161.0,2019-02-26,252.0,-2.2416%,-0.0005,1.0104,0.8137,0.2604,2.5183%,2.7494%,16.1028%,-0.015012,GPRE,0.0572769999999999,0.093083,0.104226,0.0946269999999999,0.127188
24707,IMAX CORP,"IMAX Announces $32.3M of Revenue From Chinese New Year, Up 40% YoY",6,increase,0.8,0.6,the significant year-over-year revenue growth of 40% from the chinese new year is likely to positively impact investor sentiment and drive the stock price up.,2,2019-02-11,IMAX,2019-02-11 12:36:00+00:00,80635.0,45245E10,-0.0228898208588361,587630.0,0.0131771825253963,0.0150048146024346,0.0144508304074406,0.0024259698111563,0.0142450686544179,-0.0124580841511488,-0.0065543674863874,0.0121241509914398,-0.0127237774431705,0.0137660121545195,0.0257756076753139,-0.020702950656414,-0.0051186881028115,-0.0033589105587452,0.0159027203917503,-0.0085632875561714,-0.0432780236005783,-0.0028462745249271,0.002887365873903,0.0038095202762633,0.0873320400714874,0.009615421295166,0.0110326567664742,0.0221129655838012,0.0026189202908426,0.0215863604098558,-0.0095776803791522,-0.023529389873147,0.0206593107432127,0.0292633660137653,-0.0116278445348143,0.0101936208084225,-0.0200436152517795,0.0051229703240096,0.0151178371161222,-0.0020449392031878,0.0232150983065366,0.0041067721322178,-0.0004280919674783,-0.0010256645036861,0.0021412950009107,0.0,-0.0017093593487516,-0.025000000372529,-0.0098459525033831,0.017294006422162,-0.0008646152564324,0.0181253440678119,-0.0095197409391403,0.0392895340919494,-0.0021843267604708,-0.0090666711330413,0.0048161386512219,-0.0031897644512355,-0.0165577810257673,0.0145630277693271,0.0115197263658046,0.0092542227357625,-0.0026280975434929,-0.0064899367280304,-0.0070267827250063,0.0399324558675289,0.0026536693330854,-0.0044792788103222,0.0004411216941662,-0.0181418322026729,0.0,-0.0293489452451467,-0.0286595951765775,-0.0136842224746942,0.0186109766364097,-0.0062761944718658,0.0276291854679584,-0.0184804275631904,0.0190806835889816,0.0056788176298141,0.0051064188592135,-0.008700106292963,-0.0042337160557508,0.0230366773903369,0.018282325938344,0.0357917472720146,0.0104384133592248,-0.0048569967038929,0.028925571590662,-0.0096204383298754,-0.0004016156308352,0.01080490835011,0.0152672184631228,-0.0096308346837759,0.0055401418358087,0.0070043681189417,-0.0031483639031648,-0.0246979091316461,-0.0094749219715595,-0.0280898492783308,-0.0095655545592308,0.0235233027487993,0.0072434730827808,0.0041994713246822,0.0003995297010987,0.008470082655549,-0.0243610460311174,-0.0047418414615094,-0.0094146355986595,0.0445789471268653,0.0074379500001668,-0.0506791733205318,0.0016407266957685,-0.0194672681391239,0.0401310212910175,-0.005603602156043,-0.0220472235232591,-0.0145582789555192,-0.0040257801301777,0.0168453250080347,-0.0226353872567415,0.0046153925359249,-0.0264681298285722,0.016684029251337,0.0131771825253963,0.0150048146024346,0.0278184341627594,0.0174671856408386,0.0424597783216842,0.0047914938210924,0.0224500249341117,0.0309734104398202,0.0170815214606272,-0.0014286031967208,0.111273827551843,0.1341265305232273,0.1488531568690629,0.0933263229471093,2019-02-12,2019-02-13,2019-02-14,2019-02-15,2019-02-19,2019-02-20,2019-02-21,2019-02-22,2019-02-25,2019-02-26,80635.0,2019-02-11,252.0,-2.2890%,0.0,0.684,0.6071,-0.0003,1.9473%,2.1086%,14.7209%,-0.028201,IMAX,80635.0,2019-02-12,252.0,1.3177%,0.0,0.6835,0.6104,-0.0012,1.9472%,2.1093%,14.7782%,0.003652,IMAX,80635.0,2019-02-13,252.0,1.4451%,-0.0,0.6735,0.6322,0.0056,1.9419%,2.1015%,14.6159%,0.012072,IMAX,80635.0,2019-02-14,252.0,1.4245%,0.0,0.67,0.6386,-0.0003,1.9425%,2.1021%,14.6027%,0.0123039999999999,IMAX,80635.0,2019-02-15,252.0,-0.6554%,-0.0002,0.6397,0.6097,-0.0517,1.9390%,2.0906%,13.9776%,-0.01582,IMAX,80635.0,2019-02-19,252.0,-1.2724%,-0.0004,0.6229,0.6194,-0.0394,1.9218%,2.0677%,13.6163%,-0.015652,IMAX,80635.0,2019-02-20,252.0,2.5776%,-0.0002,0.6309,0.6438,-0.0091,1.9251%,2.0725%,13.7164%,0.023346,IMAX,80635.0,2019-02-21,252.0,-0.5119%,-0.0004,0.6441,0.6703,0.0152,1.9122%,2.0647%,14.2297%,-0.002455,IMAX,80635.0,2019-02-22,252.0,1.5903%,-0.0003,0.6421,0.6928,0.0115,1.9105%,2.0656%,14.4536%,0.008153,IMAX,80635.0,2019-02-25,252.0,-4.3278%,-0.0005,0.6428,0.7143,0.0253,1.9287%,2.0833%,14.2938%,-0.042519,IMAX,80635.0,2019-02-26,252.0,0.2887%,-0.0004,0.6411,0.7035,0.0186,1.9295%,2.0830%,14.1933%,0.008471,IMAX,-0.024549,-0.012477,-0.000173,-0.031645,-0.036649
24715,JOHNSON & JOHNSON,FDA Panel Reviews Johnson & Johnson's Treatment-Resistant Depression Candidate: What To Expect,6,uncertain,0.6,0.3,"the fda panel's review could lead to positive or negative outcomes depending on the results, making the impact on stock price uncertain.",1,2019-02-11,JNJ,2019-02-11 21:00:00+00:00,22111.0,47816010,-0.0030211021658033,4962617.0,0.016363663598895,0.002650441834703,0.0021615480072796,-0.0071428343653678,-0.0010412747506052,0.0009030336514115,0.0154121611267328,0.0,-0.0050594108179211,-0.0098360069096088,0.0048640551976859,0.0084159532561898,-0.0068207401782274,0.0109389433637261,0.0087136905640363,0.0100513892248272,0.0036602546460926,0.0103883733972907,-0.000660766090732,0.0059269266203045,-0.0017633200623095,0.0094465631991624,0.0056672133505344,-0.0137422690168023,0.0125146862119436,0.0,0.0009395707747898,-0.0144616980105638,0.0020942268893122,0.0123945008963346,0.002305916743353,0.0082005867734551,-0.0061110854148864,-0.0102041382342577,-0.0013021406484767,0.0084190974012017,0.0036216138396412,-0.0113294888287782,0.0044745607301592,0.0003083284536842,0.0016526152612641,0.0060499035753309,-0.0099705858156085,-0.0079256230965256,-0.0030430238693952,0.0232265535742044,-0.0031250575557351,-0.0064147673547267,0.009258615784347,0.016783332452178,-0.0083069140091538,-0.0158904008567333,0.0059000137262046,-0.0100736385211348,-0.0086169615387916,0.0139860650524497,-0.0021912427619099,-0.0010988699505105,0.0143474610522389,0.0055244620889425,0.0009380790870636,0.0315044187009334,0.0012978222221136,-0.0409868061542511,0.0065523358061909,-0.0014033517800271,-0.0057943887077271,0.0051720370538532,-0.0091379266232252,-0.0215457566082477,-0.0039213458076119,0.0099117141216993,-0.0116642918437719,-0.0290225613862276,0.0044994121417403,-0.1003787666559219,-0.0002936795935966,0.0050305249169468,-0.0041868081316351,0.0040956046432256,7.372210529865697e-05,0.0085364552214741,-0.0027289800345897,-0.0011689347447827,0.0056947637349367,-0.0032897742930799,0.0039712353609502,-0.0008217155118472,0.0109874010086059,-0.0012311601312831,0.0036226632073521,-0.0046969857066869,-0.0072191739454865,0.0071990932337939,0.0022541997022926,-0.0040289289318025,0.0150184435769915,0.0224829018115997,-0.0050035524182021,0.0130862714722752,0.0032327368389815,0.0002812301681842,0.0052990014664828,0.0016901909839361,-0.0039176796562969,-0.030454022809863,0.0097254049032926,-0.0086644478142261,0.0053116148337721,0.0119185568764805,-0.0047199591062963,0.0103114563971757,0.005167013965547,0.0017331022536382,0.0005633535329252,-0.0029720258899033,-0.0149200875312089,-0.0064551741816103,-0.0012860465794801,0.00192650873214,0.016363663598895,0.002650441834703,0.0185605824506187,-0.004511324197685,0.0174999810341511,-0.0036123644238365,0.0279545632358073,-0.0134128400920124,0.0379500437944757,0.0325196779657104,0.0567096058225322,0.0449056499680085,0.0660129963937272,-0.0832331677654981,2019-02-12,2019-02-13,2019-02-14,2019-02-15,2019-02-19,2019-02-20,2019-02-21,2019-02-22,2019-02-25,2019-02-26,22111.0,2019-02-11,252.0,-0.3021%,0.0002,0.7146,-0.5044,0.1944,1.0358%,1.2904%,35.5709%,-0.001196,JNJ,22111.0,2019-02-12,252.0,1.6364%,0.0002,0.7112,-0.4951,0.1909,1.0339%,1.2849%,35.2479%,0.0069759999999999,JNJ,22111.0,2019-02-13,252.0,0.2162%,0.0002,0.7139,-0.4997,0.1901,1.0332%,1.2845%,35.2941%,0.000234,JNJ,22111.0,2019-02-14,252.0,-0.1041%,0.0003,0.7133,-0.4975,0.1872,1.0332%,1.2844%,35.2907%,0.004059,JNJ,22111.0,2019-02-15,252.0,1.5412%,0.0004,0.729,-0.4826,0.2138,1.0308%,1.2878%,35.9317%,0.007597,JNJ,22111.0,2019-02-19,252.0,-0.5059%,0.0003,0.7266,-0.4848,0.2115,1.0313%,1.2861%,35.7059%,-0.005786,JNJ,22111.0,2019-02-20,252.0,0.4864%,0.0003,0.726,-0.493,0.2075,1.0268%,1.2833%,35.9763%,0.003287,JNJ,22111.0,2019-02-21,252.0,-0.6821%,0.0003,0.7219,-0.5024,0.1999,1.0232%,1.2793%,36.0327%,-0.004102,JNJ,22111.0,2019-02-22,252.0,0.8714%,0.0003,0.7205,-0.4988,0.1863,1.0248%,1.2795%,35.8461%,0.009623,JNJ,22111.0,2019-02-25,252.0,0.3660%,0.0003,0.7205,-0.4993,0.1863,1.0249%,1.2797%,35.8597%,0.0015179999999999,JNJ,22111.0,2019-02-26,252.0,-0.0661%,0.0003,0.7192,-0.4945,0.1877,1.0248%,1.2757%,35.4741%,-0.002189,JNJ,0.0057799999999999,0.0060139999999999,0.0100729999999999,0.0118839999999999,0.0200209999999999
24723,KINDER MORGAN INC,"Phillips 66 Partners, Kinder Morgan Report Open Season For Joint Transportation Service From West Texas To Houston",6,increase,0.7,0.6,"the announcement of a joint transportation service from west texas to houston suggests potential growth in revenue and operational efficiency for kinder morgan, which could positively impact its stock price.",2,2019-02-11,KMI,2019-02-11 14:06:00+00:00,12558.0,49456B10,0.0138734737411141,13701202.0,0.0114942025393247,0.0033408338204026,0.0140692768618464,-0.0055371196940541,0.0074706184677779,-0.0221981517970562,-0.0042372844181954,0.0059912144206464,0.0186170414090156,0.0005449716118164,0.0010444103972986,0.0138121545314788,0.0010433207498863,0.0005528042674995,0.0067743179388344,0.0132964504882693,-0.0010352204553782,0.008943535387516,-0.0041450737044215,0.0084554469212889,0.0031218198128044,0.0148741556331515,-0.0062241097912192,0.0139211006462574,0.0302713941782712,-0.0221213512122631,0.0055724726989865,-0.0210994482040405,0.006045286078006,0.0163657404482364,0.001502287806943,0.0143102463334798,-0.0079999919980764,0.0086604859679937,-0.0055443854071199,0.0052234563045203,0.0086163245141506,0.0070133795961737,-0.0020100004039704,-0.014400920830667,0.0060422420501708,0.0057937647216022,0.0,0.0070012160576879,-0.0055054407566785,0.0331524536013603,0.0060392012819647,0.0215517487376928,0.003001474076882,0.0337364561855793,0.0019950582645833,-0.0056962119415402,0.0164260789752006,0.0273081976920366,-0.0254652518779039,0.0058862101286649,0.0115577662363648,-0.014184414409101,-0.0019870346877723,-0.008312027901411,-0.0054753911681473,0.0632223188877105,-0.0015014404198154,-0.0552344024181366,0.0030074918176978,0.0012861416907981,0.0014992846408858,-0.001284489640966,0.0004989182343706,0.002575657563284,-0.0079800421372056,-0.0195707324892282,0.0015083302278071,-0.0204081591218709,0.0065260622650384,-0.0146252149716019,-0.0054862196557223,0.0110905924811959,-0.0025075799785554,0.0068237404339015,-0.0025137877091765,0.0049875262193381,0.0040322542190551,-0.0189602114260196,-0.0050200992263853,-0.006682788953185,-0.0015135610010474,-0.0131895216181874,0.0010105380788445,-0.0358380898833274,-0.0060574929229915,0.0134739046916365,-0.0152362184599041,0.0118552958592772,0.0330067723989486,0.0005931333871558,0.0024962173774838,0.0077705364674329,0.0,0.0005980998394079,-0.0054781180806458,0.0066224383190274,0.0130195412784814,-0.0326149947941303,-0.0059317317791283,0.0123821347951889,0.0005035361973568,-0.0264064855873584,-0.0140916295349597,0.0081018162891268,-0.0117406602948904,0.0064065586775541,0.0087809953838586,0.0135773038491606,-0.0046083023771643,-0.01396971847862,0.0061727846041321,-0.0165998302400112,0.00562375318259,-0.0034227820578962,0.0114942025393247,0.0033408338204026,0.0257251945190031,-0.002214784470393,0.0333879961000418,-0.0243637721455777,0.0481663448262894,-0.0179836467672653,0.051997746160675,0.027013911958921,0.0996168395249632,0.1649121559712818,0.0901810540186445,0.039316935076382,2019-02-12,2019-02-13,2019-02-14,2019-02-15,2019-02-19,2019-02-20,2019-02-21,2019-02-22,2019-02-25,2019-02-26,12558.0,2019-02-11,252.0,1.3873%,0.0006,1.0297,0.1721,0.7693,1.0936%,1.4802%,45.4133%,0.009491,KMI,12558.0,2019-02-12,252.0,1.1494%,0.0006,1.022,0.1805,0.7639,1.0913%,1.4729%,45.1086%,-0.001337,KMI,12558.0,2019-02-13,252.0,1.4069%,0.0006,1.0272,0.1758,0.7654,1.0918%,1.4752%,45.2242%,0.010465,KMI,12558.0,2019-02-14,252.0,0.7471%,0.0007,1.0241,0.1824,0.7585,1.0945%,1.4756%,44.9870%,0.0130529999999999,KMI,12558.0,2019-02-15,252.0,-0.4237%,0.0007,1.0245,0.1805,0.7562,1.0970%,1.4758%,44.7469%,-0.020006,KMI,12558.0,2019-02-19,252.0,1.8617%,0.0008,1.0322,0.1814,0.7565,1.0953%,1.4791%,45.1655%,0.013779,KMI,12558.0,2019-02-20,252.0,0.1044%,0.0008,1.0321,0.1888,0.7581,1.0905%,1.4760%,45.4202%,-0.0055769999999999,KMI,12558.0,2019-02-21,252.0,0.1043%,0.0008,1.0324,0.1906,0.7586,1.0907%,1.4758%,45.3773%,0.006638,KMI,12558.0,2019-02-22,252.0,0.6774%,0.0009,1.0303,0.2123,0.7534,1.0884%,1.4730%,45.4072%,0.0100659999999999,KMI,12558.0,2019-02-25,252.0,-0.1035%,0.0009,1.0299,0.2128,0.7521,1.0882%,1.4726%,45.3890%,-0.0007729999999999,KMI,12558.0,2019-02-26,252.0,-0.4145%,0.0009,1.0262,0.2159,0.7509,1.0875%,1.4674%,45.0716%,0.001246,KMI,0.008154,0.018619,0.031672,0.025445,0.037045
24731,KEMPER CORP DE,"Kemper Q4 EPS $0.91 Beats $0.71 Estimate, Sales $1.095B Beat $1.01B Estimate",6,increase,0.8,0.7,"the earnings per share and sales figures both exceeded analyst estimates, which typically signals positive performance and can lead to an increase in stock price.",2,2019-02-11,KMPR,2019-02-11 11:19:00+00:00,76136.0,48840110,0.0310220904648304,535032.0,0.0101581709459424,-0.0074999961070716,0.0266039203852415,0.0009218977065756,-0.015251126140356,-0.004196717403829,0.0225384160876274,-0.0045691709965467,0.0077815866097807,0.0086910193786025,0.0072313272394239,0.0101090995594859,0.0004867475654464,0.0087213404476642,0.0092435190454125,0.0077068647369742,-0.0039768838323652,-0.0083132572472095,-0.0154869779944419,0.0048504527658224,0.0213837753981351,-0.0088140498846769,-0.0001203481660922,0.0082132844254374,0.0216606874018907,-0.0021497199777513,-0.0167255382984876,-0.0021450065542012,-0.008864464238286,0.0178766045719385,-0.0216340459883213,0.0115957520902156,-0.0240889061242342,0.0214326605200767,0.0007594627677462,0.0019779512658715,0.0135340215638279,-0.0039403149858117,-0.0032446589320898,0.0019740466959774,0.0025040307082235,0.0053869755938649,0.0009991485858336,0.0146720986813306,-0.0114784548059105,0.0366835556924343,0.001388274366036,0.0020920410752296,-0.0281068291515111,0.0290635004639625,-0.0040201991796493,-0.0143983708694577,0.0032552082557231,-0.0060258195735514,-0.0188190080225467,0.0108116203919053,0.0185185391455888,-0.0092033892869949,0.0128571148961782,0.0171883832663297,0.0,0.0442308038473129,-0.0156430471688509,-0.0277344770729541,-0.0082062948495149,-0.0194040741771459,0.0212766323238611,0.0128442300483584,-0.003086490323767,0.0027933006640523,0.0132869770750403,-0.0043263100087642,0.0006364789442159,-0.0210255533456802,0.0052163316868245,0.0037959306500852,-0.0036704328376799,-0.0177479851990938,0.0047001410275697,0.0046449685469269,0.0208623297512531,-0.014616941101849,0.0193213429301977,-0.0296561550348997,0.0077764200977981,-0.0259559098631143,0.0,-0.0138983698561787,0.0248372014611959,-0.0417985022068023,-0.0069411331787705,-0.0034165852703154,0.0138608943670988,0.0177879072725772,-0.0128534520044922,-0.0017357126343995,0.0138494092971086,0.0278578121215105,0.0096906227990984,-0.0112617937847971,-0.0089038414880633,0.0043608574196696,0.0091004408895969,-0.0021757364738732,0.0301769077777862,0.0008165154722519,0.0087541956454515,-0.022742373868823,-0.0199154540896415,-0.0109181040897965,0.0118061183020472,0.0217041429132223,0.0175025835633277,0.0375312305986881,-0.0087110036984086,-0.0461415499448776,-0.0165739469230175,-0.0019849347881972,-0.0161746442317962,-0.0073558068834245,0.0101581709459424,-0.0074999961070716,0.0370323385022894,-0.0065850126297063,0.0212164274961625,-0.0107540945964279,0.0523588180047482,-0.0067158566622586,0.0495213112411354,0.0163028696900227,0.0059255504577917,0.1576119709736279,0.1218798613008029,-0.0060667230419234,2019-02-12,2019-02-13,2019-02-14,2019-02-15,2019-02-19,2019-02-20,2019-02-21,2019-02-22,2019-02-25,2019-02-26,76136.0,2019-02-11,252.0,3.1022%,0.0016,0.979,0.7581,0.9274,1.6671%,1.9404%,26.1854%,0.022791,KMPR,76136.0,2019-02-12,252.0,1.0158%,0.0015,0.9701,0.7669,0.9213,1.6654%,1.9359%,25.9925%,-0.001831,KMPR,76136.0,2019-02-13,252.0,2.6604%,0.0016,0.9769,0.7641,0.9259,1.6700%,1.9424%,26.0767%,0.022683,KMPR,76136.0,2019-02-14,252.0,-1.5251%,0.0016,0.9805,0.757,0.933,1.6717%,1.9450%,26.1316%,-0.0119029999999999,KMPR,76136.0,2019-02-15,252.0,2.2538%,0.002,1.0598,0.8287,1.0623,1.5636%,1.8970%,32.0598%,0.004988,KMPR,76136.0,2019-02-19,252.0,0.7782%,0.0019,1.0501,0.8405,1.0764,1.5525%,1.8847%,32.1490%,7.8e-05,KMPR,76136.0,2019-02-20,252.0,0.7231%,0.0016,1.0435,0.8003,1.046,1.5091%,1.8426%,32.9206%,-0.002633,KMPR,76136.0,2019-02-21,252.0,0.0487%,0.0018,1.0305,0.7751,1.0221,1.4955%,1.8215%,32.5891%,0.007214,KMPR,76136.0,2019-02-22,252.0,0.9244%,0.0018,1.0292,0.7675,1.0001,1.4964%,1.8206%,32.4395%,0.013208,KMPR,76136.0,2019-02-25,252.0,-0.3977%,0.0018,1.0288,0.7689,0.9993,1.4965%,1.8204%,32.4258%,-0.001825,KMPR,76136.0,2019-02-26,252.0,-1.5487%,0.0017,1.0272,0.7809,1.0042,1.4968%,1.8205%,32.4003%,-0.005722,KMPR,0.02096,0.043643,0.03174,0.036806,0.047048
24739,KOPIN CORP,Kopin shares are trading lower after the company on Friday filed for a $20 million at-the-market equity offering.,6,decrease,0.8,0.6,"the filing for a $20 million at-the-market equity offering typically signals dilution of existing shares, which can lead to a decrease in stock price.",0,2019-02-11,KOPN,2019-02-11 19:31:00+00:00,77515.0,50060010,-0.1679388731718063,1462969.0,0.0,0.0076923007145524,0.0642201229929924,-0.051094926893711,0.1120689660310745,0.0300751589238643,0.0697674676775932,-0.0362318493425846,0.1304347515106201,0.0454545021057128,-0.0256410017609596,-0.0434782207012176,-0.0460525900125503,0.0615384951233863,0.1310344338417053,0.0317460000514984,-0.0609756261110305,-0.0307692028582096,-0.0064935004338622,-0.0151515901088714,0.0653594955801963,0.031250063329935,-0.0613497085869312,0.0158730000257492,-0.0326797068119049,0.0,0.0405405014753341,-0.04545459151268,0.0064935004338622,0.0153846926987171,0.0258065052330493,-0.0076335808262228,0.006289301905781,0.0479999557137489,0.0499999523162841,-0.0310077238827943,-0.017857126891613,-0.0785714387893676,-0.0303030014038085,0.076923094689846,0.0374999642372131,0.0236220248043537,-0.102409616112709,-0.0155038619413971,-0.255033552646637,0.0487804412841796,0.0450450032949447,0.0789473950862884,0.0086206812411546,0.0857143178582191,-0.0085470005869865,-0.0454546101391315,0.0086206812411546,0.1011011078953743,-0.0598290041089057,-0.0918181911110878,0.0363636016845703,-0.0350876860320568,-0.0175438430160284,0.0363636016845703,0.0535713769495487,0.1223345100879669,0.0677966475486755,0.0102040544152259,0.0634920969605445,-0.1777965724468231,-0.0298508051782846,-0.1259259730577469,-0.0076923007145524,-0.0217391103506088,0.0155038619413971,-0.0482758954167366,-0.0076335808262228,0.0283688530325889,0.076923094689846,-0.013986000791192,-0.0214285515248775,0.0287769511342048,0.0072992630302906,-0.0211267415434122,0.0289854798465967,0.007092191837728,-0.0492957308888435,-0.0275862626731395,-0.044444490224123,-0.0460525900125503,-0.0155038619413971,0.0133333206176757,0.0472441427409648,-0.0740740746259689,-0.0526316165924072,-0.0240963622927665,-0.0555555038154125,-0.0177515316754579,0.0252100583165884,-0.0116958953440189,0.0409835651516914,0.0555555745959281,-0.0157480165362358,-0.0181818008422851,-0.0159999839961528,-0.0350877530872821,-0.0081300735473632,0.030120525509119,-0.0081967134028673,0.0,0.0330578200519084,0.0246913339942693,-0.0239999778568744,-0.0121951103210449,0.0819672271609306,-0.0520231388509273,-0.0303030908107757,0.0613497085869312,-0.0156249850988388,-0.0578034818172454,-0.0396825037896633,0.0421687066555023,0.0247933641076088,-0.1027027294039726,0.0,0.0076923007145524,0.0642201229929924,-0.0437956637218132,0.1834861718062801,-0.0150376663445584,0.4311925750264296,-0.0075758358859184,0.403669659860685,-0.007575840253209,0.0275229165173935,0.1909089968128403,0.1376146438677543,-0.2918919306632089,2019-02-12,2019-02-13,2019-02-14,2019-02-15,2019-02-19,2019-02-20,2019-02-21,2019-02-22,2019-02-25,2019-02-26,77515.0,2019-02-11,252.0,-16.7939%,-0.0037,1.5672,1.3474,0.0315,3.6932%,4.1236%,19.7859%,-0.180898,KOPN,77515.0,2019-02-12,252.0,0.0000%,-0.0036,1.587,1.309,0.0485,3.6815%,4.1171%,20.0444%,-0.0216299999999999,KOPN,77515.0,2019-02-13,252.0,6.4220%,-0.0035,1.5701,1.3628,0.0732,3.6848%,4.1139%,19.7754%,0.058857,KOPN,77515.0,2019-02-14,252.0,11.2069%,-0.003,1.5459,1.4249,0.0017,3.7460%,4.1739%,19.4543%,0.108604,KOPN,77515.0,2019-02-15,252.0,6.9767%,-0.0027,1.5949,1.4745,0.0887,3.7579%,4.1983%,19.8761%,0.048628,KOPN,77515.0,2019-02-19,252.0,13.0435%,-0.0024,1.6001,1.5803,0.2073,3.8176%,4.2499%,19.3100%,0.122762,KOPN,77515.0,2019-02-20,252.0,-2.5641%,-0.0024,1.5944,1.5816,0.191,3.8173%,4.2495%,19.3038%,-0.033398,KOPN,77515.0,2019-02-21,252.0,-4.6053%,-0.0026,1.6106,1.6067,0.221,3.8217%,4.2584%,19.4598%,-0.038707,KOPN,77515.0,2019-02-22,252.0,13.1034%,-0.0023,1.5943,1.6167,0.0338,3.8904%,4.3389%,19.6034%,0.114877,KOPN,77515.0,2019-02-25,252.0,-6.0976%,-0.0025,1.5951,1.6455,0.0518,3.9067%,4.3548%,19.5186%,-0.059203,KOPN,77515.0,2019-02-26,252.0,-0.6494%,-0.0024,1.6064,1.6217,0.0482,3.9047%,4.3548%,19.6045%,0.00666,KOPN,-0.2025279999999999,-0.143671,-0.0350669999999999,0.136323,0.126552
24747,KOPIN CORP,Kopin Shares Down 15% Following Late-Fri. 8-K Filing Which Showed News Of A $20M At-The-Market Equity Offering,6,decrease,0.85,0.7,"the announcement of a $20m at-the-market equity offering typically dilutes existing shares, leading to a decrease in stock price, as evidenced by the 15% drop following the filing.",0,2019-02-11,KOPN,2019-02-11 15:31:00+00:00,77515.0,50060010,-0.1679388731718063,1462969.0,0.0,0.0076923007145524,0.0642201229929924,-0.051094926893711,0.1120689660310745,0.0300751589238643,0.0697674676775932,-0.0362318493425846,0.1304347515106201,0.0454545021057128,-0.0256410017609596,-0.0434782207012176,-0.0460525900125503,0.0615384951233863,0.1310344338417053,0.0317460000514984,-0.0609756261110305,-0.0307692028582096,-0.0064935004338622,-0.0151515901088714,0.0653594955801963,0.031250063329935,-0.0613497085869312,0.0158730000257492,-0.0326797068119049,0.0,0.0405405014753341,-0.04545459151268,0.0064935004338622,0.0153846926987171,0.0258065052330493,-0.0076335808262228,0.006289301905781,0.0479999557137489,0.0499999523162841,-0.0310077238827943,-0.017857126891613,-0.0785714387893676,-0.0303030014038085,0.076923094689846,0.0374999642372131,0.0236220248043537,-0.102409616112709,-0.0155038619413971,-0.255033552646637,0.0487804412841796,0.0450450032949447,0.0789473950862884,0.0086206812411546,0.0857143178582191,-0.0085470005869865,-0.0454546101391315,0.0086206812411546,0.1011011078953743,-0.0598290041089057,-0.0918181911110878,0.0363636016845703,-0.0350876860320568,-0.0175438430160284,0.0363636016845703,0.0535713769495487,0.1223345100879669,0.0677966475486755,0.0102040544152259,0.0634920969605445,-0.1777965724468231,-0.0298508051782846,-0.1259259730577469,-0.0076923007145524,-0.0217391103506088,0.0155038619413971,-0.0482758954167366,-0.0076335808262228,0.0283688530325889,0.076923094689846,-0.013986000791192,-0.0214285515248775,0.0287769511342048,0.0072992630302906,-0.0211267415434122,0.0289854798465967,0.007092191837728,-0.0492957308888435,-0.0275862626731395,-0.044444490224123,-0.0460525900125503,-0.0155038619413971,0.0133333206176757,0.0472441427409648,-0.0740740746259689,-0.0526316165924072,-0.0240963622927665,-0.0555555038154125,-0.0177515316754579,0.0252100583165884,-0.0116958953440189,0.0409835651516914,0.0555555745959281,-0.0157480165362358,-0.0181818008422851,-0.0159999839961528,-0.0350877530872821,-0.0081300735473632,0.030120525509119,-0.0081967134028673,0.0,0.0330578200519084,0.0246913339942693,-0.0239999778568744,-0.0121951103210449,0.0819672271609306,-0.0520231388509273,-0.0303030908107757,0.0613497085869312,-0.0156249850988388,-0.0578034818172454,-0.0396825037896633,0.0421687066555023,0.0247933641076088,-0.1027027294039726,0.0,0.0076923007145524,0.0642201229929924,-0.0437956637218132,0.1834861718062801,-0.0150376663445584,0.4311925750264296,-0.0075758358859184,0.403669659860685,-0.007575840253209,0.0275229165173935,0.1909089968128403,0.1376146438677543,-0.2918919306632089,2019-02-12,2019-02-13,2019-02-14,2019-02-15,2019-02-19,2019-02-20,2019-02-21,2019-02-22,2019-02-25,2019-02-26,77515.0,2019-02-11,252.0,-16.7939%,-0.0037,1.5672,1.3474,0.0315,3.6932%,4.1236%,19.7859%,-0.180898,KOPN,77515.0,2019-02-12,252.0,0.0000%,-0.0036,1.587,1.309,0.0485,3.6815%,4.1171%,20.0444%,-0.0216299999999999,KOPN,77515.0,2019-02-13,252.0,6.4220%,-0.0035,1.5701,1.3628,0.0732,3.6848%,4.1139%,19.7754%,0.058857,KOPN,77515.0,2019-02-14,252.0,11.2069%,-0.003,1.5459,1.4249,0.0017,3.7460%,4.1739%,19.4543%,0.108604,KOPN,77515.0,2019-02-15,252.0,6.9767%,-0.0027,1.5949,1.4745,0.0887,3.7579%,4.1983%,19.8761%,0.048628,KOPN,77515.0,2019-02-19,252.0,13.0435%,-0.0024,1.6001,1.5803,0.2073,3.8176%,4.2499%,19.3100%,0.122762,KOPN,77515.0,2019-02-20,252.0,-2.5641%,-0.0024,1.5944,1.5816,0.191,3.8173%,4.2495%,19.3038%,-0.033398,KOPN,77515.0,2019-02-21,252.0,-4.6053%,-0.0026,1.6106,1.6067,0.221,3.8217%,4.2584%,19.4598%,-0.038707,KOPN,77515.0,2019-02-22,252.0,13.1034%,-0.0023,1.5943,1.6167,0.0338,3.8904%,4.3389%,19.6034%,0.114877,KOPN,77515.0,2019-02-25,252.0,-6.0976%,-0.0025,1.5951,1.6455,0.0518,3.9067%,4.3548%,19.5186%,-0.059203,KOPN,77515.0,2019-02-26,252.0,-0.6494%,-0.0024,1.6064,1.6217,0.0482,3.9047%,4.3548%,19.6045%,0.00666,KOPN,-0.2025279999999999,-0.143671,-0.0350669999999999,0.136323,0.126552
24755,KRATOS DEFENSE & SECUR SOLS INC,Kratos Receives $14M In Unmanned Aerial Drone System Contract Awards,6,increase,0.8,0.6,"the $14m contract awards for unmanned aerial drone systems are likely to boost investor confidence and indicate strong demand for kratos' products, potentially leading to an increase in stock price.",2,2019-02-11,KTOS,2019-02-11 13:06:00+00:00,87430.0,50077B20,0.0310029368847608,1606463.0,0.0135614071041345,0.0491071715950965,-0.0139615917578339,-0.0169278681278228,0.0,-0.0049906969070434,0.0,0.0094458796083927,0.0530973188579082,0.0311688650399446,-0.0112045239657163,-0.0058102100156247,-0.0016996476333588,0.0340454094111919,-0.0022701993584632,-0.0125247547402977,-0.0045506213791668,0.016075000166893,-0.0228571202605962,-0.0040026330389082,0.0052631665021181,0.0225102268159389,0.0,0.0041095521301031,-0.0279232952743768,0.0224090088158845,-0.0119688129052519,-0.0239234715700149,0.0205935891717672,0.0339222960174083,-0.0136498240754008,-0.0166782978922128,-0.0138388350605964,-0.0322797261178493,-0.006711330730468,0.0191912092268466,-0.01719905808568,-0.0135226380079984,-0.0074999928474426,0.0242382548749446,0.0025188892614096,0.0027777752839028,-0.0050251209177076,0.0006948766531422,-0.0239899065345525,0.0359971188008785,0.0213454030454158,0.0138686522841453,0.007599739357829,0.0514198057353496,0.0163419377058744,-0.0605623759329319,-0.0018553300760686,-0.0156139293685555,-0.0315984711050987,0.0247272830456495,-0.0006398098776116,-0.0143369045108556,-0.0012803779682144,0.0108695374801755,-0.0320512801408767,0.1066559627652168,0.0099337492138147,-0.03032654710114,0.0249180402606725,-0.0250189490616321,0.0108765242621302,-0.0287187285721302,-0.0012658517807722,-0.0463483035564422,-0.0158428400754928,0.0251979418098926,-0.0193174630403518,-0.0512295067310333,0.0124754132702946,0.006185577251017,-0.0038910778239369,-0.0135593088343739,-0.013020820915699,0.006825964897871,-0.0052770399488508,0.0054907291196286,0.0086206970736384,0.0681817680597305,0.0046022152528166,-0.0072779790498316,-0.0098167294636368,0.0725994780659675,-0.0033047052565962,-0.0454545207321643,-0.0251989476382732,0.0090225478634238,-0.0006802876596339,-0.0111523885279893,-0.0040843747556209,-0.016812901943922,0.0430622100830078,0.0171004086732864,0.0052424590103328,-0.018248176202178,0.0,0.0066127958707511,0.0378096438944339,0.0066567454487085,-0.0006281550740823,-0.0095237484201788,-0.0018855897942557,-0.0560166276991367,-0.0062972530722618,-0.0524246506392955,0.0101394075900316,-0.013574662618339,0.0056462427601218,0.0313333496451377,0.0031191038433462,-0.0066225416958332,-0.0205223839730024,-0.0006617653998546,0.0165079515427351,-0.0276705473661422,0.0135614071041345,0.0491071715950965,-0.000589523483349,0.0313480237423815,-0.000589523483349,0.026200878350205,0.0524764932581895,0.0681818963220808,0.0082547939854977,0.0973983337039572,-0.0801886088637522,0.1920290217570885,-0.0560140864030408,0.058558600091948,2019-02-12,2019-02-13,2019-02-14,2019-02-15,2019-02-19,2019-02-20,2019-02-21,2019-02-22,2019-02-25,2019-02-26,87430.0,2019-02-11,252.0,3.1003%,0.0014,1.1202,0.2764,-0.7415,2.3143%,2.7391%,28.6114%,0.0293529999999999,KTOS,87430.0,2019-02-12,252.0,1.3561%,0.0013,1.1181,0.2758,-0.7424,2.3145%,2.7391%,28.6012%,-0.003089,KTOS,87430.0,2019-02-13,252.0,-1.3962%,0.0013,1.1193,0.2664,-0.7485,2.3167%,2.7406%,28.5446%,-0.016838,KTOS,87430.0,2019-02-14,252.0,0.0000%,0.0013,1.1202,0.2637,-0.7451,2.3167%,2.7401%,28.5132%,-0.003476,KTOS,87430.0,2019-02-15,252.0,0.0000%,0.0012,1.0988,0.2432,-0.7814,2.3152%,2.7334%,28.2557%,-0.0098409999999999,KTOS,87430.0,2019-02-19,252.0,5.3097%,0.0013,1.1034,0.2831,-0.7369,2.3346%,2.7430%,27.5588%,0.052548,KTOS,87430.0,2019-02-20,252.0,-1.1205%,0.0011,1.0979,0.2603,-0.7591,2.3305%,2.7399%,27.6542%,-0.009971,KTOS,87430.0,2019-02-21,252.0,-0.1700%,0.0011,1.1009,0.2662,-0.7536,2.3299%,2.7400%,27.6911%,0.000699,KTOS,87430.0,2019-02-22,252.0,-0.2270%,0.0011,1.1039,0.2707,-0.7138,2.3340%,2.7391%,27.3910%,-0.022069,KTOS,87430.0,2019-02-25,252.0,-0.4551%,0.0011,1.1007,0.2715,-0.7252,2.3280%,2.7348%,27.5362%,-0.006887,KTOS,87430.0,2019-02-26,252.0,-2.2857%,0.0011,1.1125,0.292,-0.7059,2.3314%,2.7391%,27.5552%,-0.021852,KTOS,0.0262639999999999,0.0094259999999999,0.0059499999999999,0.048657,-0.0114229999999999
24763,LOEWS CORP,Loews shares are trading lower after the company reported Q4 EPS of $0.29 versus the $0.53 estimate.,6,decrease,0.85,0.7,"the reported q4 eps of $0.29 significantly missed the $0.53 estimate, likely leading to negative investor sentiment and a decrease in stock price.",0,2019-02-11,L,2019-02-11 14:45:00+00:00,26710.0,54042410,-0.0613018684089183,3566991.0,0.0305205732583999,-0.0077340914867818,0.018510503694415,-0.0037484443746507,-0.0190292783081531,-0.0012479486176744,0.017872704192996,0.0014581027207896,0.0077087925747036,-0.0008324852678924,0.008074739947915,0.0031314762309193,0.0018971364479511,-0.0043649775907397,0.0054702744819223,0.0079614724963903,0.0039756982587277,0.0016788670327514,-0.0070341331884264,-0.0029294702690094,-0.0002102172293234,0.0078026731498539,0.0010510665597394,0.0033855237998068,0.0058799372054636,0.0068172072060406,0.0043841144070029,-0.0124132158234715,-0.0037414322141557,0.0155982812866568,-0.010223276913166,0.0025706712622195,-0.0130691174417734,0.0006430606008507,0.0012815329246222,0.0,0.0068259318359196,0.0015027843182906,0.0082626985386013,0.0040957629680633,0.00252151559107,0.0073832822963595,0.003772800322622,0.0043620667420327,-0.0022969432175159,-0.002393398899585,0.0131854554638266,0.0067907460033893,-0.0076430267654359,0.0253818742930889,-0.0110325263813138,-0.012422390282154,0.0088402861729264,-0.0096660507842898,-0.0125182243064045,0.0135827343910932,-0.0048595680855214,-0.0013342533493414,0.0099787944927811,0.0114710330963134,0.0033634612336754,0.0451339483261108,0.0027236763853579,-0.0303167998790741,0.0014625928597524,-0.0174692627042532,0.0156478192657232,-0.005124766845256,-0.0100657697767019,-0.0039946804754436,0.0002075562661048,0.001110932091251,0.006016616243869,-0.0013312929077073,0.0022684428840875,-0.0096681751310825,-0.0002057267847703,0.0093146637082099,-0.0051450915634632,0.0051270518451929,0.0070335157215595,-0.0062028970569372,0.0086277360096573,-0.0139798913151025,0.0036659941542893,-0.0242966637015342,-0.0022321552969515,-0.0010645742295309,0.0099654607474803,-0.0315463654696941,-0.0084574744105339,0.0091551933437585,-0.0085296910256147,0.0016673995414748,0.0081933951005339,-0.0153909297659993,0.0044696750119328,0.0248159896582365,0.0010113886091858,-0.0093113221228122,0.0038391314446926,0.0232063047587871,0.0100644119083881,-0.0069767022505402,0.014946193434298,-0.0027409037575125,0.0070685371756553,-0.0210526399314403,-0.0193020403385162,-0.0010309121571481,-0.0011927944142371,0.0072689191438257,0.0119426446035504,0.0138976592570543,-0.00098346255254,-0.0238437782973051,-0.0124040376394987,-0.0024605069775134,0.004984050989151,-0.016535585746169,0.0305205732583999,-0.0077340914867818,0.0495960281368703,-0.0114535450497058,0.0296229732063217,-0.012687200231668,0.0561041283001937,-0.0120707185613526,0.0691764007821797,-0.0066959544195058,0.0689516407847625,0.0677013538977238,0.1327696527197248,-0.0414923165187924,2019-02-12,2019-02-13,2019-02-14,2019-02-15,2019-02-19,2019-02-20,2019-02-21,2019-02-22,2019-02-25,2019-02-26,26710.0,2019-02-11,252.0,-6.1302%,-0.0,0.989,-0.2217,0.7058,0.7770%,1.2500%,61.3607%,-0.063542,L,26710.0,2019-02-12,252.0,3.0521%,0.0001,0.9992,-0.2215,0.711,0.7854%,1.2613%,61.2291%,0.018215,L,26710.0,2019-02-13,252.0,1.8511%,0.0001,0.9998,-0.2163,0.7157,0.7908%,1.2624%,60.7578%,0.015248,L,26710.0,2019-02-14,252.0,-1.9029%,0.0,1.0018,-0.2231,0.7244,0.7912%,1.2657%,60.9221%,-0.011754,L,26710.0,2019-02-15,252.0,1.7873%,0.0,1.0058,-0.2191,0.7314,0.7914%,1.2665%,60.9563%,0.003533,L,26710.0,2019-02-19,252.0,0.7709%,0.0,1.0026,-0.2109,0.7409,0.7876%,1.2606%,60.9644%,0.004139,L,26710.0,2019-02-20,252.0,0.8075%,0.0,1.003,-0.2114,0.742,0.7875%,1.2614%,61.0222%,0.002459,L,26710.0,2019-02-21,252.0,0.1897%,0.0,1.0025,-0.2106,0.7412,0.7885%,1.2612%,60.9167%,0.007067,L,26710.0,2019-02-22,252.0,0.5470%,0.0,1.001,-0.2101,0.7236,0.7913%,1.2616%,60.6550%,0.010907,L,26710.0,2019-02-25,252.0,0.3976%,0.0001,1.001,-0.2116,0.7227,0.7916%,1.2617%,60.6386%,0.00313,L,26710.0,2019-02-26,252.0,-0.7034%,0.0,1.0021,-0.2064,0.7262,0.7921%,1.2589%,60.4124%,-0.004502,L,-0.045327,-0.030079,-0.041833,-0.034161,-0.0151
24771,LOEWS CORP,"Loews Q4 EPS $(0.53) Does Not Compare to $0.53 Estimate, Sales $3.287B Down From $3.555B YoY",6,decrease,0.8,0.7,the significant miss in eps estimates and a decline in sales year-over-year are likely to negatively impact investor sentiment and lead to a decrease in loews corp's stock price.,0,2019-02-11,L,2019-02-11 11:05:00+00:00,26710.0,54042410,-0.0613018684089183,3566991.0,0.0305205732583999,-0.0077340914867818,0.018510503694415,-0.0037484443746507,-0.0190292783081531,-0.0012479486176744,0.017872704192996,0.0014581027207896,0.0077087925747036,-0.0008324852678924,0.008074739947915,0.0031314762309193,0.0018971364479511,-0.0043649775907397,0.0054702744819223,0.0079614724963903,0.0039756982587277,0.0016788670327514,-0.0070341331884264,-0.0029294702690094,-0.0002102172293234,0.0078026731498539,0.0010510665597394,0.0033855237998068,0.0058799372054636,0.0068172072060406,0.0043841144070029,-0.0124132158234715,-0.0037414322141557,0.0155982812866568,-0.010223276913166,0.0025706712622195,-0.0130691174417734,0.0006430606008507,0.0012815329246222,0.0,0.0068259318359196,0.0015027843182906,0.0082626985386013,0.0040957629680633,0.00252151559107,0.0073832822963595,0.003772800322622,0.0043620667420327,-0.0022969432175159,-0.002393398899585,0.0131854554638266,0.0067907460033893,-0.0076430267654359,0.0253818742930889,-0.0110325263813138,-0.012422390282154,0.0088402861729264,-0.0096660507842898,-0.0125182243064045,0.0135827343910932,-0.0048595680855214,-0.0013342533493414,0.0099787944927811,0.0114710330963134,0.0033634612336754,0.0451339483261108,0.0027236763853579,-0.0303167998790741,0.0014625928597524,-0.0174692627042532,0.0156478192657232,-0.005124766845256,-0.0100657697767019,-0.0039946804754436,0.0002075562661048,0.001110932091251,0.006016616243869,-0.0013312929077073,0.0022684428840875,-0.0096681751310825,-0.0002057267847703,0.0093146637082099,-0.0051450915634632,0.0051270518451929,0.0070335157215595,-0.0062028970569372,0.0086277360096573,-0.0139798913151025,0.0036659941542893,-0.0242966637015342,-0.0022321552969515,-0.0010645742295309,0.0099654607474803,-0.0315463654696941,-0.0084574744105339,0.0091551933437585,-0.0085296910256147,0.0016673995414748,0.0081933951005339,-0.0153909297659993,0.0044696750119328,0.0248159896582365,0.0010113886091858,-0.0093113221228122,0.0038391314446926,0.0232063047587871,0.0100644119083881,-0.0069767022505402,0.014946193434298,-0.0027409037575125,0.0070685371756553,-0.0210526399314403,-0.0193020403385162,-0.0010309121571481,-0.0011927944142371,0.0072689191438257,0.0119426446035504,0.0138976592570543,-0.00098346255254,-0.0238437782973051,-0.0124040376394987,-0.0024605069775134,0.004984050989151,-0.016535585746169,0.0305205732583999,-0.0077340914867818,0.0495960281368703,-0.0114535450497058,0.0296229732063217,-0.012687200231668,0.0561041283001937,-0.0120707185613526,0.0691764007821797,-0.0066959544195058,0.0689516407847625,0.0677013538977238,0.1327696527197248,-0.0414923165187924,2019-02-12,2019-02-13,2019-02-14,2019-02-15,2019-02-19,2019-02-20,2019-02-21,2019-02-22,2019-02-25,2019-02-26,26710.0,2019-02-11,252.0,-6.1302%,-0.0,0.989,-0.2217,0.7058,0.7770%,1.2500%,61.3607%,-0.063542,L,26710.0,2019-02-12,252.0,3.0521%,0.0001,0.9992,-0.2215,0.711,0.7854%,1.2613%,61.2291%,0.018215,L,26710.0,2019-02-13,252.0,1.8511%,0.0001,0.9998,-0.2163,0.7157,0.7908%,1.2624%,60.7578%,0.015248,L,26710.0,2019-02-14,252.0,-1.9029%,0.0,1.0018,-0.2231,0.7244,0.7912%,1.2657%,60.9221%,-0.011754,L,26710.0,2019-02-15,252.0,1.7873%,0.0,1.0058,-0.2191,0.7314,0.7914%,1.2665%,60.9563%,0.003533,L,26710.0,2019-02-19,252.0,0.7709%,0.0,1.0026,-0.2109,0.7409,0.7876%,1.2606%,60.9644%,0.004139,L,26710.0,2019-02-20,252.0,0.8075%,0.0,1.003,-0.2114,0.742,0.7875%,1.2614%,61.0222%,0.002459,L,26710.0,2019-02-21,252.0,0.1897%,0.0,1.0025,-0.2106,0.7412,0.7885%,1.2612%,60.9167%,0.007067,L,26710.0,2019-02-22,252.0,0.5470%,0.0,1.001,-0.2101,0.7236,0.7913%,1.2616%,60.6550%,0.010907,L,26710.0,2019-02-25,252.0,0.3976%,0.0001,1.001,-0.2116,0.7227,0.7916%,1.2617%,60.6386%,0.00313,L,26710.0,2019-02-26,252.0,-0.7034%,0.0,1.0021,-0.2064,0.7262,0.7921%,1.2589%,60.4124%,-0.004502,L,-0.045327,-0.030079,-0.041833,-0.034161,-0.0151
24779,LEIDOS HOLDINGS INC,Leidos Wins First Task Order By US Army Under $37.4B Responsive Strategic Sourcing for Services Contract Vehicle; Single Award Total Ceiling Value $278M If All Options Exercised,6,increase,0.8,0.6,winning a significant task order under a large contract can positively impact investor sentiment and future revenue projections for leidos holdings inc.,2,2019-02-11,LDOS,2019-02-11 21:28:00+00:00,91547.0,52532710,-0.0022552062291651,1179714.0,0.001291602035053,-0.0102040721103549,0.0032247784547507,0.0205011740326881,0.0017679301090538,0.0029373418074101,0.0166853368282318,0.0092226210981607,-0.0167271196842193,0.0267162974923849,-0.0101107535883784,0.0196551624685525,0.0205901507288217,-0.0032651422079652,0.0244638137519359,0.0118240360170602,0.0026361576747149,0.0073567731305956,-0.0171667858958244,0.0007011553971096,0.0058221705257892,0.0120631596073508,0.0104818241670727,0.0039180302992463,0.0060381954535841,0.0005346150137484,-0.0135427033528685,-0.0133614996448159,-0.008112272247672,0.0142653211951255,-0.0086505664512515,0.0144718354567885,-0.0095192529261112,-0.0019859289750456,0.0001601525145815,0.0010843585478141,0.0118514047935605,-0.0016238964162766,-0.0023741931654512,0.0092878947034478,0.0050769429653882,0.006230532657355,-0.0045776921324431,0.012242623604834,0.0014344939263537,0.0076635484583675,0.0105045335367322,0.0022480129264295,-0.0029926355928182,0.0399376414716243,-0.0006319259991869,-0.0138328038156032,0.0077458377927541,-0.012708687223494,-0.0119215426966548,0.006106864195317,-0.0057152025401592,-0.0030441370327025,0.0118153896182775,0.0032449320424348,-0.0015780096873641,0.0366046391427516,0.007270413916558,-0.0169227570295333,0.0056487806141376,-0.0413947626948356,0.012482495047152,-0.0157827232033014,-0.0192633680999279,-0.0173128768801689,0.0006285498966462,-0.0010808423394337,0.0047110430896282,-0.0269938819110393,0.0096905119717121,-0.0183093678206205,0.0030960461590439,-0.0174848847091198,-0.0123457256704568,0.0153635656461119,0.0096875429153442,-0.0151310982182622,0.0097492607310414,0.0103618251159787,0.0013792542740702,-0.0230667013674974,-0.0058156913146376,0.0222221799194812,0.0026169668417423,-0.0580057688057422,-0.0004605985013768,-0.0066666374914348,0.0023041709791868,0.0148195577785372,0.0022988738492131,-0.0180322583764791,0.0169724859297275,0.0074900593608617,0.0003006561892107,-0.0164576675742864,-0.0021043047308921,0.0143083892762661,0.0024100567679852,-0.0022208024747669,0.0048084100708365,0.0096092615276575,0.0988485142588615,-0.0230011139065027,-0.0085738273337483,-0.0120575446635484,0.0039807949215173,0.0052836672402918,0.017910823225975,0.0167482625693082,-0.0045667742379009,-0.0181507635861635,-0.0078262286260724,0.0012426504399627,0.0087039219215512,-0.013030907139182,0.001291602035053,-0.0102040721103549,0.0045205456202186,0.0100879064641568,0.0062964677379837,0.0130548799009733,0.0059735668422957,0.0497125876942574,0.0259929068314397,0.0881683201260401,0.0283050309210155,0.1849590086717181,0.2035566277050944,-0.0429524389654086,2019-02-12,2019-02-13,2019-02-14,2019-02-15,2019-02-19,2019-02-20,2019-02-21,2019-02-22,2019-02-25,2019-02-26,91547.0,2019-02-11,252.0,-0.2255%,-0.0001,0.9386,0.3188,0.237,1.1017%,1.4647%,43.4228%,-0.006402,LDOS,91547.0,2019-02-12,252.0,0.1292%,-0.0001,0.9388,0.3104,0.2386,1.1020%,1.4647%,43.3901%,-0.011234,LDOS,91547.0,2019-02-13,252.0,0.3225%,-0.0001,0.9311,0.3236,0.241,1.0968%,1.4546%,43.1421%,0.000143,LDOS,91547.0,2019-02-14,252.0,0.1768%,-0.0001,0.9301,0.3254,0.2392,1.0970%,1.4544%,43.1091%,0.003338,LDOS,91547.0,2019-02-15,252.0,1.6685%,-0.0001,0.932,0.3276,0.2429,1.0973%,1.4541%,43.0585%,0.004113,LDOS,91547.0,2019-02-19,252.0,-1.6727%,-0.0002,0.9291,0.3135,0.2273,1.1043%,1.4576%,42.6004%,-0.020277,LDOS,91547.0,2019-02-20,252.0,-1.0111%,-0.0003,0.925,0.3027,0.2121,1.1074%,1.4586%,42.3554%,-0.013916,LDOS,91547.0,2019-02-21,252.0,2.0590%,-0.0002,0.9209,0.2999,0.2045,1.1181%,1.4643%,41.6980%,0.024612,LDOS,91547.0,2019-02-22,252.0,2.4464%,-0.0001,0.9173,0.3236,0.1828,1.1213%,1.4691%,41.7457%,0.019734,LDOS,91547.0,2019-02-25,252.0,0.2636%,-0.0001,0.9183,0.3235,0.1864,1.1200%,1.4683%,41.8129%,0.002331,LDOS,91547.0,2019-02-26,252.0,-1.7167%,-0.0001,0.9278,0.3323,0.1981,1.1207%,1.4723%,42.0618%,-0.0131119999999999,LDOS,-0.017636,-0.0174929999999999,-0.0141549999999999,-0.030319,-0.0106699999999999
24787,LEIDOS HOLDINGS INC,Leidos Wins a Contract from NASA to Provide IT Services Worth Up to $2.9B,6,increase,0.8,0.7,winning a significant contract from nasa for it services is likely to boost investor confidence and positively impact leidos holdings inc's stock price.,2,2019-02-11,LDOS,2019-02-11 11:19:00+00:00,91547.0,52532710,-0.0022552062291651,1179714.0,0.001291602035053,-0.0102040721103549,0.0032247784547507,0.0205011740326881,0.0017679301090538,0.0029373418074101,0.0166853368282318,0.0092226210981607,-0.0167271196842193,0.0267162974923849,-0.0101107535883784,0.0196551624685525,0.0205901507288217,-0.0032651422079652,0.0244638137519359,0.0118240360170602,0.0026361576747149,0.0073567731305956,-0.0171667858958244,0.0007011553971096,0.0058221705257892,0.0120631596073508,0.0104818241670727,0.0039180302992463,0.0060381954535841,0.0005346150137484,-0.0135427033528685,-0.0133614996448159,-0.008112272247672,0.0142653211951255,-0.0086505664512515,0.0144718354567885,-0.0095192529261112,-0.0019859289750456,0.0001601525145815,0.0010843585478141,0.0118514047935605,-0.0016238964162766,-0.0023741931654512,0.0092878947034478,0.0050769429653882,0.006230532657355,-0.0045776921324431,0.012242623604834,0.0014344939263537,0.0076635484583675,0.0105045335367322,0.0022480129264295,-0.0029926355928182,0.0399376414716243,-0.0006319259991869,-0.0138328038156032,0.0077458377927541,-0.012708687223494,-0.0119215426966548,0.006106864195317,-0.0057152025401592,-0.0030441370327025,0.0118153896182775,0.0032449320424348,-0.0015780096873641,0.0366046391427516,0.007270413916558,-0.0169227570295333,0.0056487806141376,-0.0413947626948356,0.012482495047152,-0.0157827232033014,-0.0192633680999279,-0.0173128768801689,0.0006285498966462,-0.0010808423394337,0.0047110430896282,-0.0269938819110393,0.0096905119717121,-0.0183093678206205,0.0030960461590439,-0.0174848847091198,-0.0123457256704568,0.0153635656461119,0.0096875429153442,-0.0151310982182622,0.0097492607310414,0.0103618251159787,0.0013792542740702,-0.0230667013674974,-0.0058156913146376,0.0222221799194812,0.0026169668417423,-0.0580057688057422,-0.0004605985013768,-0.0066666374914348,0.0023041709791868,0.0148195577785372,0.0022988738492131,-0.0180322583764791,0.0169724859297275,0.0074900593608617,0.0003006561892107,-0.0164576675742864,-0.0021043047308921,0.0143083892762661,0.0024100567679852,-0.0022208024747669,0.0048084100708365,0.0096092615276575,0.0988485142588615,-0.0230011139065027,-0.0085738273337483,-0.0120575446635484,0.0039807949215173,0.0052836672402918,0.017910823225975,0.0167482625693082,-0.0045667742379009,-0.0181507635861635,-0.0078262286260724,0.0012426504399627,0.0087039219215512,-0.013030907139182,0.001291602035053,-0.0102040721103549,0.0045205456202186,0.0100879064641568,0.0062964677379837,0.0130548799009733,0.0059735668422957,0.0497125876942574,0.0259929068314397,0.0881683201260401,0.0283050309210155,0.1849590086717181,0.2035566277050944,-0.0429524389654086,2019-02-12,2019-02-13,2019-02-14,2019-02-15,2019-02-19,2019-02-20,2019-02-21,2019-02-22,2019-02-25,2019-02-26,91547.0,2019-02-11,252.0,-0.2255%,-0.0001,0.9386,0.3188,0.237,1.1017%,1.4647%,43.4228%,-0.006402,LDOS,91547.0,2019-02-12,252.0,0.1292%,-0.0001,0.9388,0.3104,0.2386,1.1020%,1.4647%,43.3901%,-0.011234,LDOS,91547.0,2019-02-13,252.0,0.3225%,-0.0001,0.9311,0.3236,0.241,1.0968%,1.4546%,43.1421%,0.000143,LDOS,91547.0,2019-02-14,252.0,0.1768%,-0.0001,0.9301,0.3254,0.2392,1.0970%,1.4544%,43.1091%,0.003338,LDOS,91547.0,2019-02-15,252.0,1.6685%,-0.0001,0.932,0.3276,0.2429,1.0973%,1.4541%,43.0585%,0.004113,LDOS,91547.0,2019-02-19,252.0,-1.6727%,-0.0002,0.9291,0.3135,0.2273,1.1043%,1.4576%,42.6004%,-0.020277,LDOS,91547.0,2019-02-20,252.0,-1.0111%,-0.0003,0.925,0.3027,0.2121,1.1074%,1.4586%,42.3554%,-0.013916,LDOS,91547.0,2019-02-21,252.0,2.0590%,-0.0002,0.9209,0.2999,0.2045,1.1181%,1.4643%,41.6980%,0.024612,LDOS,91547.0,2019-02-22,252.0,2.4464%,-0.0001,0.9173,0.3236,0.1828,1.1213%,1.4691%,41.7457%,0.019734,LDOS,91547.0,2019-02-25,252.0,0.2636%,-0.0001,0.9183,0.3235,0.1864,1.1200%,1.4683%,41.8129%,0.002331,LDOS,91547.0,2019-02-26,252.0,-1.7167%,-0.0001,0.9278,0.3323,0.1981,1.1207%,1.4723%,42.0618%,-0.0131119999999999,LDOS,-0.017636,-0.0174929999999999,-0.0141549999999999,-0.030319,-0.0106699999999999
24795,MASTERCARD INC,Earthport Says He Does Not Intend to Accept an Acquisition Offer From Master Card,6,decrease,0.7,0.6,"the news that earthport does not intend to accept an acquisition offer from mastercard may signal a lack of confidence in mastercard's acquisition strategy, potentially leading to a negative perception among investors.",0,2019-02-11,MA,2019-02-11 12:09:00+00:00,91233.0,57636Q10,0.002400980098173,2974373.0,0.0083371605724096,0.0121979741379618,0.0074459346942603,-0.0061774351634085,-0.0033100377768278,-0.0025942628271877,0.0104635963216424,0.0044204406440258,-0.0068434751592576,0.0053328312933444,0.0023573338985443,0.0125041408464312,-0.0081407586112618,0.0348495282232761,0.0182846654206514,0.023991160094738,0.0,-0.0045963139273226,0.0030449249316006,-0.0136986235156655,0.0025446754880249,0.0157666020095348,0.0008905772701837,0.0072598294354975,0.0110334819182753,-0.0055650286376476,-0.0042244521901011,-0.0125742238014936,-0.0003093025297857,0.0134965758770704,-0.0077358321286737,0.0077867889776825,-0.0091771623119711,0.0063606756739318,-0.0024279868230223,0.0055775041691958,0.0169919524341821,-0.0023991896305233,0.0057614035904407,-0.0053313178941607,0.0068740528076887,0.0060274438001215,0.004420107230544,0.0181506425142288,0.0072328164242208,0.0072691012173891,-0.0033741348888725,0.0076939649879932,0.0026910677552223,0.0473562330007553,-0.0048482539132237,-0.0451144315302372,0.026012422516942,0.0057779573835432,-0.0216644797474145,0.0133755384013056,-0.0014733764110133,-0.0134082287549972,0.0124554950743913,0.0121225649490952,-0.0033005659934133,0.0674491822719574,0.0100636342540383,-0.003082416485995,0.0025121192447841,-0.0411581397056579,0.0152898961678147,-0.0235677026212215,0.0008784415549598,-0.0234330426901578,-0.0013792603276669,0.0060908566229045,-0.0120118660852313,-0.0249833855777978,0.0024146714713424,-0.0182448979467153,-0.0001267827319679,-0.0066403048112988,-0.0015236830804497,0.0128956595435738,0.0048747146502137,-0.0016156319761648,-0.0043027261272072,0.0079389186576008,0.0118200667202472,-0.0319720432162284,0.0013398319715633,0.0124694490805268,0.0039305980317294,-0.0446487888693809,0.0037902605254203,0.0437160842120647,-0.0004564340633805,0.0224245078861713,0.0089667635038495,-0.0277832467108964,0.0018103370675817,0.0481915399432182,0.007392450235784,0.0058899638243019,0.0013046081876382,0.0506571717560291,0.0043564676307141,-0.0269636437296867,0.0018242752412334,0.0032075596973299,0.0287702847272157,-0.0117286620661616,-0.0215937905013561,-0.0490353442728519,-0.006271346937865,-0.0083205290138721,0.0030745358671993,0.0158417094498872,0.002782829105854,-0.0029772233683615,-0.0143983345478773,-0.0048709511756896,0.0011017884826287,-0.0315144248306751,0.0083371605724096,0.0121979741379618,0.0158451732198277,0.0059451867801911,0.0124826873210619,0.0033355005759387,0.0160754961101738,0.0131449566509735,0.0317825602518526,0.0672119812391891,0.0745738690723079,0.1637167645893436,0.1316105447954854,0.0551099832098027,2019-02-12,2019-02-13,2019-02-14,2019-02-15,2019-02-19,2019-02-20,2019-02-21,2019-02-22,2019-02-25,2019-02-26,91233.0,2019-02-11,252.0,0.2401%,0.0006,1.1952,-0.3447,-0.8958,0.8858%,1.7961%,75.6776%,0.004989,MA,91233.0,2019-02-12,252.0,0.8337%,0.0006,1.1835,-0.337,-0.9032,0.8853%,1.7884%,75.4960%,-0.009472,MA,91233.0,2019-02-13,252.0,0.7446%,0.0006,1.1854,-0.3386,-0.9024,0.8855%,1.7857%,75.4076%,0.004867,MA,91233.0,2019-02-14,252.0,-0.3310%,0.0005,1.1862,-0.3415,-0.8986,0.8854%,1.7847%,75.3860%,-0.004394,MA,91233.0,2019-02-15,252.0,1.0464%,0.0006,1.1867,-0.3408,-0.8976,0.8855%,1.7838%,75.3583%,0.002126,MA,91233.0,2019-02-19,252.0,-0.6843%,0.0006,1.1881,-0.3483,-0.9062,0.8847%,1.7831%,75.3837%,-0.0055169999999999,MA,91233.0,2019-02-20,252.0,0.2357%,0.0006,1.1889,-0.3498,-0.9043,0.8841%,1.7829%,75.4099%,0.00575,MA,91233.0,2019-02-21,252.0,-0.8141%,0.0005,1.1911,-0.3469,-0.9003,0.8850%,1.7837%,75.3813%,-0.006167,MA,91233.0,2019-02-22,252.0,1.8285%,0.0005,1.1908,-0.3365,-0.8933,0.8836%,1.7832%,75.4448%,-0.000884,MA,91233.0,2019-02-25,252.0,0.0000%,0.0005,1.1908,-0.3341,-0.8922,0.8842%,1.7832%,75.4136%,-0.004369,MA,91233.0,2019-02-26,252.0,0.3045%,0.0005,1.1942,-0.3363,-0.8908,0.8836%,1.7807%,75.3792%,-0.0002319999999999,MA,-0.004483,0.0003839999999999,-0.00401,-0.007401,-0.013303
24803,MERCURY GENERAL CORP NEW,Mercury General shares are trading lower after the company reported Q4 revenue of $816.6M versus the $906.5M analyst estimate with significantly worse than expected EPS.,6,decrease,0.85,0.7,"the company's q4 revenue fell significantly short of analyst estimates, which is likely to lead to a negative reaction in the stock price.",0,2019-02-11,MCY,2019-02-11 14:52:00+00:00,52936.0,58940010,-0.0700243711471557,1894299.0,0.0245621353387832,0.001124674337916,0.0687757954001426,0.0069837472401559,-0.0314395874738693,0.0066501703113317,0.0205011013895273,0.0030493584927171,0.0052083819173276,-0.0003810336638707,0.0029607668984681,0.0152804814279079,-0.0154981575906276,0.0257936343550682,0.0104947071522474,-0.013505551032722,-0.0070474268868565,-0.0146576343104243,-0.0098991887643933,0.0075786900706589,-0.002452315762639,-0.0281397849321365,0.0017019695369526,-0.013047544285655,0.0100056398659944,-0.0042687365785241,-0.0143925314769148,-0.0062707513570785,-0.0037929217796772,0.0136474017053842,-0.0209403857588768,0.007534404285252,-0.0054442696273326,0.0145231857895851,-0.0041056284680962,0.0061527304351329,0.0037299264222383,0.0102952364832162,0.0005867158179171,-0.0065611763857305,-0.002980820601806,0.0107275061309337,0.0075426208786666,0.0070713143795728,-0.0013790326192975,0.0073209125548601,0.0142040094360709,-0.001580363838002,-0.0116708511486649,0.0172829702496528,-0.006101188249886,-0.0187339931726455,0.0099009899422526,-0.0193386189639568,-0.02352942712605,0.015514550730586,0.0016064625233411,0.0059264963492751,0.0004009714757557,-0.0019716538954526,0.013426817022264,0.0397704504430294,-0.0047458545304834,-0.0418385602533817,-0.0051659471355378,-0.0164219178259372,0.0059915967285633,-0.0182094629853963,-0.0073456210084259,0.0205188039690256,0.0005999755812808,-0.0305873714387416,0.0087947724387049,-0.0147901503369212,0.0140677448362112,-0.0077049750834703,-0.0173895936459302,-0.006198726594448,-0.0157089065760374,-0.0091534769162535,0.0147474659606814,-0.0130442073568701,0.0,-0.0259272344410419,0.0057734604924917,0.006567595526576,-0.0025732594076544,0.0017313415883108,0.0206390339881181,-0.0017283492488786,-0.0034999086055904,0.0213592071086168,-0.0029268590733408,0.0154149597510695,-0.0121330516412854,0.0101394420489668,0.0182250794023275,0.0146977631375193,0.0019454956054687,-0.0452551841735839,0.0118446722626686,0.0133309634402394,0.0191901735961437,-0.0003553741553332,-0.0020711845718324,-0.01453338842839,0.0147169576957821,-0.0110822403803467,0.0195240434259176,-0.0200237613171339,0.0107604656368494,-0.0011864354601129,0.0162396524101495,0.0027192360721528,-0.0152698969468474,-0.0077571514993906,0.0061305472627282,-0.0111722853034734,0.00179215578828,-0.0152709409594535,0.0245621353387832,0.001124674337916,0.0950272111335768,0.0081162760193755,0.0606000073428756,0.0148204209485298,0.0879807338139393,0.0175271123463589,0.0672438183983668,0.0378935244253966,0.017143648196471,0.0530362488041242,0.1394454867874794,-0.112955258973757,2019-02-12,2019-02-13,2019-02-14,2019-02-15,2019-02-19,2019-02-20,2019-02-21,2019-02-22,2019-02-25,2019-02-26,52936.0,2019-02-11,252.0,-7.0024%,0.0012,0.7805,0.2994,1.0102,1.6875%,1.8650%,18.1230%,-0.07629,MCY,52936.0,2019-02-12,252.0,2.4562%,0.0012,0.7836,0.3059,1.0106,1.6893%,1.8674%,18.1632%,0.015505,MCY,52936.0,2019-02-13,252.0,6.8776%,0.0015,0.7941,0.3141,1.0277,1.7372%,1.9153%,17.7272%,0.065591,MCY,52936.0,2019-02-14,252.0,-3.1440%,0.0014,0.8012,0.2998,1.0421,1.7440%,1.9251%,17.9303%,-0.0255439999999999,MCY,52936.0,2019-02-15,252.0,2.0501%,0.0013,0.7905,0.2907,1.0253,1.7412%,1.9167%,17.4742%,0.005596,MCY,52936.0,2019-02-19,252.0,0.5208%,0.0013,0.7857,0.2959,1.0316,1.7389%,1.9138%,17.4418%,-0.000312,MCY,52936.0,2019-02-20,252.0,0.2961%,0.0012,0.7836,0.289,1.0232,1.7391%,1.9132%,17.3707%,-0.004957,MCY,52936.0,2019-02-21,252.0,-1.5498%,0.0012,0.7859,0.2912,1.0276,1.7405%,1.9152%,17.4063%,-0.010143,MCY,52936.0,2019-02-22,252.0,1.0495%,0.0013,0.7827,0.3121,1.0084,1.7422%,1.9148%,17.2232%,0.018791,MCY,52936.0,2019-02-25,252.0,-0.7047%,0.0013,0.7817,0.3145,1.0059,1.7418%,1.9139%,17.1747%,-0.005695,MCY,52936.0,2019-02-26,252.0,-0.9899%,0.0013,0.7803,0.3225,1.0089,1.7419%,1.9132%,17.1104%,-0.003416,MCY,-0.060785,0.0048059999999999,-0.020738,-0.0154539999999999,-0.020874
24811,MERCURY GENERAL CORP NEW,Mercury General Q4 Operating EPS $(0.26) vs $0.15 In Same Qtr. Last Year,6,decrease,0.8,0.7,"the negative operating eps of $(0.26) compared to a positive $0.15 in the same quarter last year indicates a significant decline in profitability, which is likely to lead to a decrease in stock price.",0,2019-02-11,MCY,2019-02-11 13:34:00+00:00,52936.0,58940010,-0.0700243711471557,1894299.0,0.0245621353387832,0.001124674337916,0.0687757954001426,0.0069837472401559,-0.0314395874738693,0.0066501703113317,0.0205011013895273,0.0030493584927171,0.0052083819173276,-0.0003810336638707,0.0029607668984681,0.0152804814279079,-0.0154981575906276,0.0257936343550682,0.0104947071522474,-0.013505551032722,-0.0070474268868565,-0.0146576343104243,-0.0098991887643933,0.0075786900706589,-0.002452315762639,-0.0281397849321365,0.0017019695369526,-0.013047544285655,0.0100056398659944,-0.0042687365785241,-0.0143925314769148,-0.0062707513570785,-0.0037929217796772,0.0136474017053842,-0.0209403857588768,0.007534404285252,-0.0054442696273326,0.0145231857895851,-0.0041056284680962,0.0061527304351329,0.0037299264222383,0.0102952364832162,0.0005867158179171,-0.0065611763857305,-0.002980820601806,0.0107275061309337,0.0075426208786666,0.0070713143795728,-0.0013790326192975,0.0073209125548601,0.0142040094360709,-0.001580363838002,-0.0116708511486649,0.0172829702496528,-0.006101188249886,-0.0187339931726455,0.0099009899422526,-0.0193386189639568,-0.02352942712605,0.015514550730586,0.0016064625233411,0.0059264963492751,0.0004009714757557,-0.0019716538954526,0.013426817022264,0.0397704504430294,-0.0047458545304834,-0.0418385602533817,-0.0051659471355378,-0.0164219178259372,0.0059915967285633,-0.0182094629853963,-0.0073456210084259,0.0205188039690256,0.0005999755812808,-0.0305873714387416,0.0087947724387049,-0.0147901503369212,0.0140677448362112,-0.0077049750834703,-0.0173895936459302,-0.006198726594448,-0.0157089065760374,-0.0091534769162535,0.0147474659606814,-0.0130442073568701,0.0,-0.0259272344410419,0.0057734604924917,0.006567595526576,-0.0025732594076544,0.0017313415883108,0.0206390339881181,-0.0017283492488786,-0.0034999086055904,0.0213592071086168,-0.0029268590733408,0.0154149597510695,-0.0121330516412854,0.0101394420489668,0.0182250794023275,0.0146977631375193,0.0019454956054687,-0.0452551841735839,0.0118446722626686,0.0133309634402394,0.0191901735961437,-0.0003553741553332,-0.0020711845718324,-0.01453338842839,0.0147169576957821,-0.0110822403803467,0.0195240434259176,-0.0200237613171339,0.0107604656368494,-0.0011864354601129,0.0162396524101495,0.0027192360721528,-0.0152698969468474,-0.0077571514993906,0.0061305472627282,-0.0111722853034734,0.00179215578828,-0.0152709409594535,0.0245621353387832,0.001124674337916,0.0950272111335768,0.0081162760193755,0.0606000073428756,0.0148204209485298,0.0879807338139393,0.0175271123463589,0.0672438183983668,0.0378935244253966,0.017143648196471,0.0530362488041242,0.1394454867874794,-0.112955258973757,2019-02-12,2019-02-13,2019-02-14,2019-02-15,2019-02-19,2019-02-20,2019-02-21,2019-02-22,2019-02-25,2019-02-26,52936.0,2019-02-11,252.0,-7.0024%,0.0012,0.7805,0.2994,1.0102,1.6875%,1.8650%,18.1230%,-0.07629,MCY,52936.0,2019-02-12,252.0,2.4562%,0.0012,0.7836,0.3059,1.0106,1.6893%,1.8674%,18.1632%,0.015505,MCY,52936.0,2019-02-13,252.0,6.8776%,0.0015,0.7941,0.3141,1.0277,1.7372%,1.9153%,17.7272%,0.065591,MCY,52936.0,2019-02-14,252.0,-3.1440%,0.0014,0.8012,0.2998,1.0421,1.7440%,1.9251%,17.9303%,-0.0255439999999999,MCY,52936.0,2019-02-15,252.0,2.0501%,0.0013,0.7905,0.2907,1.0253,1.7412%,1.9167%,17.4742%,0.005596,MCY,52936.0,2019-02-19,252.0,0.5208%,0.0013,0.7857,0.2959,1.0316,1.7389%,1.9138%,17.4418%,-0.000312,MCY,52936.0,2019-02-20,252.0,0.2961%,0.0012,0.7836,0.289,1.0232,1.7391%,1.9132%,17.3707%,-0.004957,MCY,52936.0,2019-02-21,252.0,-1.5498%,0.0012,0.7859,0.2912,1.0276,1.7405%,1.9152%,17.4063%,-0.010143,MCY,52936.0,2019-02-22,252.0,1.0495%,0.0013,0.7827,0.3121,1.0084,1.7422%,1.9148%,17.2232%,0.018791,MCY,52936.0,2019-02-25,252.0,-0.7047%,0.0013,0.7817,0.3145,1.0059,1.7418%,1.9139%,17.1747%,-0.005695,MCY,52936.0,2019-02-26,252.0,-0.9899%,0.0013,0.7803,0.3225,1.0089,1.7419%,1.9132%,17.1104%,-0.003416,MCY,-0.060785,0.0048059999999999,-0.020738,-0.0154539999999999,-0.020874
24819,MOHAWK INDUSTRIES INC,"Wells Fargo Maintains Market Perform on Mohawk Industries, Raises Price Target to $135",6,increase,0.7,0.6,"maintaining a 'market perform' rating while raising the price target suggests a positive outlook, which could lead to an increase in investor confidence and stock price.",2,2019-02-11,MHK,2019-02-11 13:53:00+00:00,77496.0,60819010,0.0162026584148407,2428369.0,0.0373967513442039,0.0591263808310031,-0.0260583739727735,0.0060425070114433,-0.0043755872175097,0.0041765072382986,0.0029539167881011,-0.0076634013094007,0.0035916958004236,-0.0069886748678982,0.0004294435202609,-7.760313019389287e-05,0.0018601595656946,0.0238492116332054,0.0033564323093742,-0.0098394202068448,0.0064056506380438,-0.0074999928474426,-0.0097594745457172,0.0034493764396756,-0.0101413950324058,0.0032245067413896,-0.0178932957351207,0.0194018930196762,0.0099911894649267,-0.0157038979232311,0.0054553393274545,0.0007897525792941,-0.0221370011568069,0.0196489170193672,-0.0136124612763524,0.0087733697146177,-0.0279007069766521,-0.00757822021842,0.0190571807324886,-0.0156336892396211,0.0077982945367693,0.0027055300306528,0.0011268416419625,-0.0072675426490604,-0.0019510319689288,-0.0064359726384282,-0.0281203426420688,0.0353486612439155,-0.0053379791788756,-0.00877973344177,0.007311092223972,0.0165397878736257,-0.0124314185231924,0.0447390563786029,-0.0146990213543176,-0.0143338702619075,0.0168227478861808,0.0140218827873468,-0.0255969930440187,-0.0020477634388953,-0.0008809915743768,-0.005599895492196,0.0040881936438381,0.0064901974983513,0.0069455141201615,0.0520168989896774,-0.0011892007896676,-0.0167829841375351,0.0013494059676304,-0.0198268480598926,0.0137137984856963,-0.0125673348084092,-0.0040662861429154,-0.0119107626378536,-0.0042399568483233,0.0227213576436042,0.0226305220276117,-0.0105146458372473,0.0146502722054719,-0.0103214345872402,0.0088152876123785,-0.0059709586203098,-0.010847476311028,-0.0028511222917586,-0.0008377169724553,-0.0060843750834465,0.0015243670204654,-0.0038193215150386,0.0055556395091116,-0.0208926070481538,-0.0041625900194048,0.0140972714871168,-0.0036479383707046,-0.0396642759442329,-0.0017544697038829,-0.0136654693633317,0.0068771238438785,0.0053383600898087,-0.0028080015908926,-0.0268164277076721,0.0208524018526077,0.0347035527229309,0.0001491298025939,-0.0174757279455661,-0.0257155392318964,0.0150583703070879,-0.0283834934234619,0.0038780993781983,0.0280314777046442,0.0140449441969394,0.0435815155506134,0.0019298638217151,-0.0066054598428308,0.0068005505017936,0.0035463294479995,-0.001697298255749,0.0240005478262901,0.0191088020801544,-0.0094183450564742,-0.0149289760738611,-0.0095804333686828,0.0141528937965631,-0.0177342314273119,-0.0327895171940326,0.0373967513442039,0.0591263808310031,0.0103638788395363,0.065526159413179,0.0059429435662525,0.0699763371305648,0.012538128983599,0.0543562670752506,0.0147848137394877,0.0644402746045309,-0.0921872299715446,0.1595217811913489,-0.0285548793014003,0.0806207469447619,2019-02-12,2019-02-13,2019-02-14,2019-02-15,2019-02-19,2019-02-20,2019-02-21,2019-02-22,2019-02-25,2019-02-26,77496.0,2019-02-11,252.0,1.6203%,-0.0024,0.918,0.0062,-0.0563,2.2662%,2.4741%,16.1058%,0.0151069999999999,MHK,77496.0,2019-02-12,252.0,3.7397%,-0.0022,0.9546,-0.0207,-0.0328,2.2597%,2.4813%,17.0660%,0.0247149999999999,MHK,77496.0,2019-02-13,252.0,-2.6058%,-0.0023,0.9462,-0.0174,-0.0387,2.2651%,2.4819%,16.7127%,-0.028796,MHK,77496.0,2019-02-14,252.0,-0.4376%,-0.0023,0.9472,-0.0171,-0.0406,2.2634%,2.4811%,16.7728%,-0.002623,MHK,77496.0,2019-02-15,252.0,0.2954%,-0.0023,0.9463,-0.0185,-0.0429,2.2636%,2.4803%,16.7102%,-0.007612,MHK,77496.0,2019-02-19,252.0,0.3592%,-0.0022,0.9513,-0.0219,-0.0472,2.2621%,2.4805%,16.8327%,0.0018759999999999,MHK,77496.0,2019-02-20,252.0,0.0429%,-0.0022,0.9525,-0.0155,-0.0422,2.2615%,2.4799%,16.8438%,-0.001171,MHK,77496.0,2019-02-21,252.0,0.1860%,-0.0021,0.9497,-0.0195,-0.0473,2.2619%,2.4794%,16.7805%,0.0051759999999999,MHK,77496.0,2019-02-22,252.0,0.3356%,-0.0022,0.9501,-0.0249,-0.0475,2.2618%,2.4797%,16.8029%,-0.0035039999999999,MHK,77496.0,2019-02-25,252.0,0.6406%,-0.0022,0.9515,-0.0269,-0.0433,2.2608%,2.4790%,16.8248%,0.00473,MHK,77496.0,2019-02-26,252.0,-0.9759%,-0.0022,0.9547,-0.021,-0.0379,2.2611%,2.4784%,16.7652%,-0.008652,MHK,0.0398219999999999,0.0110259999999999,0.0084029999999999,0.0026669999999999,-0.000754
24827,A G MORTGAGE INVESTMENT TR INC,"AG Mortgage Investment Trust, Inc. Reports 3M Share Common Stock Offering",6,decrease,0.7,0.6,"the announcement of a common stock offering typically dilutes existing shareholders' equity, which can lead to a decrease in stock price.",0,2019-02-11,MITT,2019-02-11 21:11:00+00:00,12828.0,00122850,-0.0198238231241703,255822.0,-0.0370786450803279,0.0044247745536267,0.0023337758611887,-0.0071388888172805,0.0058207437396049,-0.0060044000856578,0.0,-0.0038064001128077,0.0063656652346253,0.0098846964538097,-0.0028751718346029,0.0105437636375427,0.0144175319001078,0.0061418544501066,0.0039795162156224,0.0084459241479635,0.0016987931448966,0.0062323291786015,-0.009044649079442,0.0056980275548994,0.0108384834602475,0.0034305013250559,0.0033860821276903,0.0074884304776787,-0.0140607422217726,0.0152046913281083,-0.0028523183427751,-0.00058446690673,-0.0022882728371769,-0.0046538640744984,-0.0051605589687824,-0.0046323058195412,-0.0080692386254668,0.0099415248259902,0.0087159518152475,-0.0029154075309634,0.0138248708099126,0.0029239319264888,0.0011363896774128,0.0052910139784216,-0.0022701993584632,-0.0058445576578378,0.0062571451999247,0.0058789169415831,-0.0062182368710637,0.0047253351658582,0.0073947189375758,0.0059417933225631,-0.0033878865651786,0.0299877449870109,-0.0062322211451828,0.0086419368162751,0.0017103066202253,0.0169491805136203,-0.0125213041901588,-0.0172732137143611,0.005763710476458,0.0139562832191586,-0.0028653950430452,0.0085678938776254,-0.0028735194355249,0.0487805008888244,0.0034581823274493,-0.0244208108633756,-0.004139544442296,-0.0049843597225844,0.005344427190721,-0.0406455658376216,-0.0082693081349134,-0.0164609458297491,0.0023823112715035,0.0035397913306951,0.0065359841100871,-0.0418315306305885,0.0011805519461631,0.0068298713304102,0.0064858854748308,-0.0101408623158931,-0.0082014873623847,-0.0005630759405903,0.0011813619639724,-0.0011248850496485,0.0011798554332926,-0.0116731012240052,-0.0017677537398412,-0.0060773817822337,-0.004722545389086,0.0100446594879031,0.0047449539415538,-0.0132158463820815,0.0011805519461631,0.0,-0.0029480683151632,-0.0043859607540071,0.010644607245922,0.0055127004161477,0.0064365481957793,0.0055431523360311,0.0052325669676065,-0.0038652508519589,-0.0098322769626975,0.006670419126749,0.0064251576550304,0.0005561862490139,-0.003482267493382,-0.001665779389441,-0.0034944359213113,-0.0038716646376997,-0.00058446690673,-0.0033075781539082,-0.0058479756116867,0.0038738071452826,-0.0188235118985176,-0.0098630301654338,0.0017984879668802,-0.0005476576625369,0.0,0.00883977022022,-0.0041890903376042,0.0049972319975495,-0.0370786450803279,0.0044247745536267,-0.0348314024659932,-0.0027457022372335,-0.0292134033942339,-0.0087336160281429,-0.0230337009059803,-0.0027457016999242,-0.0151684590351144,0.0347578712491609,-0.022471890960699,0.1456638746793848,-0.0375271544574047,0.0394307359372707,2019-02-12,2019-02-13,2019-02-14,2019-02-15,2019-02-19,2019-02-20,2019-02-21,2019-02-22,2019-02-25,2019-02-26,12828.0,2019-02-11,252.0,-1.9824%,0.0007,0.4727,0.4778,0.3366,0.9329%,1.0607%,22.6411%,-0.024799,MITT,12828.0,2019-02-12,252.0,-3.7079%,0.0005,0.4517,0.4727,0.3269,0.9723%,1.0871%,19.9978%,-0.0431299999999999,MITT,12828.0,2019-02-13,252.0,0.2334%,0.0005,0.4511,0.4736,0.327,0.9723%,1.0868%,19.9629%,0.000457,MITT,12828.0,2019-02-14,252.0,0.5821%,0.0005,0.4491,0.4763,0.3252,0.9708%,1.0850%,19.9446%,0.006102,MITT,12828.0,2019-02-15,252.0,0.0000%,0.0005,0.452,0.4779,0.3287,0.9701%,1.0850%,20.0560%,-0.007927,MITT,12828.0,2019-02-19,252.0,0.6366%,0.0004,0.4469,0.4874,0.3398,0.9636%,1.0778%,20.0653%,0.003035,MITT,12828.0,2019-02-20,252.0,-0.2875%,0.0004,0.4442,0.4782,0.3294,0.9635%,1.0762%,19.8449%,-0.006765,MITT,12828.0,2019-02-21,252.0,1.4418%,0.0005,0.4351,0.4633,0.3125,0.9648%,1.0725%,19.0791%,0.017053,MITT,12828.0,2019-02-22,252.0,0.3980%,0.0005,0.4345,0.4704,0.3115,0.9644%,1.0726%,19.1543%,0.003097,MITT,12828.0,2019-02-25,252.0,0.1699%,0.0006,0.4337,0.4685,0.3077,0.9637%,1.0716%,19.1302%,0.002731,MITT,12828.0,2019-02-26,252.0,-0.9045%,0.0005,0.4293,0.4797,0.31,0.9625%,1.0700%,19.0838%,-0.004437,MITT,-0.0679289999999999,-0.0674719999999999,-0.0613699999999999,-0.066262,-0.054583
24835,A G MORTGAGE INVESTMENT TR INC,AG Mortgage Investment Trust Wants its Book Value Fell 10% in Q4 and Slightly Rebounded in January,6,decrease,0.7,0.6,"a reported 10% decline in book value typically signals financial weakness, which may lead to a decrease in stock price despite a slight rebound in january.",0,2019-02-11,MITT,2019-02-11 11:21:00+00:00,12828.0,00122850,-0.0198238231241703,255822.0,-0.0370786450803279,0.0044247745536267,0.0023337758611887,-0.0071388888172805,0.0058207437396049,-0.0060044000856578,0.0,-0.0038064001128077,0.0063656652346253,0.0098846964538097,-0.0028751718346029,0.0105437636375427,0.0144175319001078,0.0061418544501066,0.0039795162156224,0.0084459241479635,0.0016987931448966,0.0062323291786015,-0.009044649079442,0.0056980275548994,0.0108384834602475,0.0034305013250559,0.0033860821276903,0.0074884304776787,-0.0140607422217726,0.0152046913281083,-0.0028523183427751,-0.00058446690673,-0.0022882728371769,-0.0046538640744984,-0.0051605589687824,-0.0046323058195412,-0.0080692386254668,0.0099415248259902,0.0087159518152475,-0.0029154075309634,0.0138248708099126,0.0029239319264888,0.0011363896774128,0.0052910139784216,-0.0022701993584632,-0.0058445576578378,0.0062571451999247,0.0058789169415831,-0.0062182368710637,0.0047253351658582,0.0073947189375758,0.0059417933225631,-0.0033878865651786,0.0299877449870109,-0.0062322211451828,0.0086419368162751,0.0017103066202253,0.0169491805136203,-0.0125213041901588,-0.0172732137143611,0.005763710476458,0.0139562832191586,-0.0028653950430452,0.0085678938776254,-0.0028735194355249,0.0487805008888244,0.0034581823274493,-0.0244208108633756,-0.004139544442296,-0.0049843597225844,0.005344427190721,-0.0406455658376216,-0.0082693081349134,-0.0164609458297491,0.0023823112715035,0.0035397913306951,0.0065359841100871,-0.0418315306305885,0.0011805519461631,0.0068298713304102,0.0064858854748308,-0.0101408623158931,-0.0082014873623847,-0.0005630759405903,0.0011813619639724,-0.0011248850496485,0.0011798554332926,-0.0116731012240052,-0.0017677537398412,-0.0060773817822337,-0.004722545389086,0.0100446594879031,0.0047449539415538,-0.0132158463820815,0.0011805519461631,0.0,-0.0029480683151632,-0.0043859607540071,0.010644607245922,0.0055127004161477,0.0064365481957793,0.0055431523360311,0.0052325669676065,-0.0038652508519589,-0.0098322769626975,0.006670419126749,0.0064251576550304,0.0005561862490139,-0.003482267493382,-0.001665779389441,-0.0034944359213113,-0.0038716646376997,-0.00058446690673,-0.0033075781539082,-0.0058479756116867,0.0038738071452826,-0.0188235118985176,-0.0098630301654338,0.0017984879668802,-0.0005476576625369,0.0,0.00883977022022,-0.0041890903376042,0.0049972319975495,-0.0370786450803279,0.0044247745536267,-0.0348314024659932,-0.0027457022372335,-0.0292134033942339,-0.0087336160281429,-0.0230337009059803,-0.0027457016999242,-0.0151684590351144,0.0347578712491609,-0.022471890960699,0.1456638746793848,-0.0375271544574047,0.0394307359372707,2019-02-12,2019-02-13,2019-02-14,2019-02-15,2019-02-19,2019-02-20,2019-02-21,2019-02-22,2019-02-25,2019-02-26,12828.0,2019-02-11,252.0,-1.9824%,0.0007,0.4727,0.4778,0.3366,0.9329%,1.0607%,22.6411%,-0.024799,MITT,12828.0,2019-02-12,252.0,-3.7079%,0.0005,0.4517,0.4727,0.3269,0.9723%,1.0871%,19.9978%,-0.0431299999999999,MITT,12828.0,2019-02-13,252.0,0.2334%,0.0005,0.4511,0.4736,0.327,0.9723%,1.0868%,19.9629%,0.000457,MITT,12828.0,2019-02-14,252.0,0.5821%,0.0005,0.4491,0.4763,0.3252,0.9708%,1.0850%,19.9446%,0.006102,MITT,12828.0,2019-02-15,252.0,0.0000%,0.0005,0.452,0.4779,0.3287,0.9701%,1.0850%,20.0560%,-0.007927,MITT,12828.0,2019-02-19,252.0,0.6366%,0.0004,0.4469,0.4874,0.3398,0.9636%,1.0778%,20.0653%,0.003035,MITT,12828.0,2019-02-20,252.0,-0.2875%,0.0004,0.4442,0.4782,0.3294,0.9635%,1.0762%,19.8449%,-0.006765,MITT,12828.0,2019-02-21,252.0,1.4418%,0.0005,0.4351,0.4633,0.3125,0.9648%,1.0725%,19.0791%,0.017053,MITT,12828.0,2019-02-22,252.0,0.3980%,0.0005,0.4345,0.4704,0.3115,0.9644%,1.0726%,19.1543%,0.003097,MITT,12828.0,2019-02-25,252.0,0.1699%,0.0006,0.4337,0.4685,0.3077,0.9637%,1.0716%,19.1302%,0.002731,MITT,12828.0,2019-02-26,252.0,-0.9045%,0.0005,0.4293,0.4797,0.31,0.9625%,1.0700%,19.0838%,-0.004437,MITT,-0.0679289999999999,-0.0674719999999999,-0.0613699999999999,-0.066262,-0.054583
24843,MOLINA HEALTHCARE INC,"Molina Healthcare Sees FY19 Net Income $600M-$630M, EBITDA $975M-$1.025B, Sales ~$16.3B May Not Compare To $17.2B Estimate",6,decrease,0.75,0.6,"the guidance for sales falling short of estimates and the uncertainty in net income and ebitda may lead investors to view molina healthcare's performance less favorably, likely resulting in a decrease in stock price.",0,2019-02-11,MOH,2019-02-11 21:18:00+00:00,89781.0,60855R10,0.0013878922909498,905928.0,-0.0561674609780311,-0.0065312711521983,0.0588916838169097,-0.0034711868502199,-0.0067877722904086,-0.002092866692692,-0.0054380181245505,0.0162071473896503,-0.0035465918481349,-0.0180037450045347,0.0208364054560661,0.0442172139883041,-0.0079900547862052,-0.0076119722798466,0.0377827361226081,-0.0044576972723007,0.0273055136203765,-0.0112392473965883,0.0015796408988535,0.0059857931919395,-0.0377151481807231,0.0121167572215199,-0.0406185202300548,-0.0012698750942945,0.0280025918036699,-0.0052018440328538,-0.0409681983292102,-0.0174503456801176,0.0101710697636008,0.0115215135738253,-0.0345316603779792,-0.004192154854536,0.0068752369843423,0.0063651883974671,0.0169557072222232,0.017777781933546,0.0248962882906198,-0.0047233831137418,0.0227456465363502,0.0025557095650583,0.0203685164451599,0.018760984763503,-0.0115680284798145,0.017769455909729,-0.0052095265127718,0.0896815061569213,0.025968512520194,0.073773443698883,0.0182491987943649,0.0355052128434181,-0.0209435075521469,-0.0619186647236347,0.0400476306676864,-0.0286525711417198,-0.0122057972475886,0.0225232932716608,-0.015360458754003,-0.0069893011823296,-0.0972057804465293,-0.002614177763462,0.0220412798225879,0.0634788051247596,0.0384730622172355,-0.0223771855235099,0.0272070169448852,-0.0362350605428218,0.0193011425435543,-0.0234481580555439,-0.0138907711952924,-0.0091247195377945,0.0166795495897531,-0.0136666614562273,0.0014475180068984,-0.0889766290783882,0.0143171930685639,-0.0775263831019401,0.0008822263916954,0.0073368134908378,-0.0128144230693578,0.0441988967359066,-0.0024725315161049,0.0192972477525472,-0.0255439728498458,0.0028613675385713,-0.0857768654823303,-0.0271774344146251,0.0200169738382101,-0.0249286107718944,-0.0749355927109718,0.0111222965642809,-0.0443934649229049,-0.0089471042156219,0.0343704670667648,0.0115118129178881,0.004474651068449,0.0395905040204525,0.0225210003554821,0.044004388153553,-0.0018555525457486,-0.0091871712356805,0.004445485305041,-0.0030272405128926,0.0339583903551101,0.02579827606678,0.0018677735934033,0.0418083220720291,0.0069914488121867,0.0197953134775161,-0.0218313802033662,-0.0531838163733482,-0.0003943458141293,-0.0106972940266132,0.0119131719693541,-0.0057512279599905,0.0135662369430065,-0.0622783713042736,-0.0227692238986492,0.018433503806591,0.0190491639077663,-0.0093172332271933,-0.0561674609780311,-0.0065312711521983,-0.0005835735138381,-0.0099797867398795,-0.0073673846401202,-0.0120517670693035,-0.0162666571950986,-0.0141149852798044,0.0637537798225031,0.0116759265918275,-0.0501859439519936,0.1929242818051564,-0.0556567990426039,0.0204232926931096,2019-02-12,2019-02-13,2019-02-14,2019-02-15,2019-02-19,2019-02-20,2019-02-21,2019-02-22,2019-02-25,2019-02-26,89781.0,2019-02-11,252.0,0.1388%,0.0019,0.9338,0.2681,-0.6222,2.1140%,2.4447%,25.2222%,-0.000309,MOH,89781.0,2019-02-12,252.0,-5.6167%,0.0017,0.8995,0.2593,-0.6381,2.1615%,2.4724%,23.5668%,-0.070079,MOH,89781.0,2019-02-13,252.0,5.8892%,0.002,0.9149,0.2556,-0.6255,2.1867%,2.4979%,23.3600%,0.0565639999999999,MOH,89781.0,2019-02-14,252.0,-0.6788%,0.0021,0.9206,0.2507,-0.6251,2.1703%,2.4858%,23.7723%,-0.009923,MOH,89781.0,2019-02-15,252.0,-0.5438%,0.0022,0.9461,0.2719,-0.5859,2.1553%,2.4782%,24.3593%,-0.013567,MOH,89781.0,2019-02-19,252.0,-0.3547%,0.0023,0.9529,0.2564,-0.604,2.1494%,2.4774%,24.7242%,-0.004475,MOH,89781.0,2019-02-20,252.0,2.0836%,0.0024,0.9591,0.2743,-0.5807,2.1521%,2.4793%,24.6548%,0.021684,MOH,89781.0,2019-02-21,252.0,-0.7990%,0.0024,0.9608,0.2759,-0.5775,2.1527%,2.4799%,24.6503%,-0.005685,MOH,89781.0,2019-02-22,252.0,3.7783%,0.0025,0.9576,0.2927,-0.601,2.1551%,2.4883%,24.9844%,0.0214299999999999,MOH,89781.0,2019-02-25,252.0,2.7306%,0.0026,0.9575,0.2813,-0.6071,2.1600%,2.4929%,24.9257%,0.025448,MOH,89781.0,2019-02-26,252.0,0.1580%,0.0025,0.9562,0.2823,-0.6076,2.1599%,2.4908%,24.8029%,0.002809,MOH,-0.070388,-0.013824,-0.023747,-0.041789,0.0238969999999999
24851,MOLINA HEALTHCARE INC,"Molina Healthcare Q4 EPS $3.82 May Not Compare To $1.52 Estimate, Sales $4.664B Beat $4.55B Estimate",6,increase,0.8,0.7,"the significant beat in sales and a strong eps figure, despite not meeting the estimate, suggests positive performance that could drive investor confidence and increase the stock price.",2,2019-02-11,MOH,2019-02-11 21:16:00+00:00,89781.0,60855R10,0.0013878922909498,905928.0,-0.0561674609780311,-0.0065312711521983,0.0588916838169097,-0.0034711868502199,-0.0067877722904086,-0.002092866692692,-0.0054380181245505,0.0162071473896503,-0.0035465918481349,-0.0180037450045347,0.0208364054560661,0.0442172139883041,-0.0079900547862052,-0.0076119722798466,0.0377827361226081,-0.0044576972723007,0.0273055136203765,-0.0112392473965883,0.0015796408988535,0.0059857931919395,-0.0377151481807231,0.0121167572215199,-0.0406185202300548,-0.0012698750942945,0.0280025918036699,-0.0052018440328538,-0.0409681983292102,-0.0174503456801176,0.0101710697636008,0.0115215135738253,-0.0345316603779792,-0.004192154854536,0.0068752369843423,0.0063651883974671,0.0169557072222232,0.017777781933546,0.0248962882906198,-0.0047233831137418,0.0227456465363502,0.0025557095650583,0.0203685164451599,0.018760984763503,-0.0115680284798145,0.017769455909729,-0.0052095265127718,0.0896815061569213,0.025968512520194,0.073773443698883,0.0182491987943649,0.0355052128434181,-0.0209435075521469,-0.0619186647236347,0.0400476306676864,-0.0286525711417198,-0.0122057972475886,0.0225232932716608,-0.015360458754003,-0.0069893011823296,-0.0972057804465293,-0.002614177763462,0.0220412798225879,0.0634788051247596,0.0384730622172355,-0.0223771855235099,0.0272070169448852,-0.0362350605428218,0.0193011425435543,-0.0234481580555439,-0.0138907711952924,-0.0091247195377945,0.0166795495897531,-0.0136666614562273,0.0014475180068984,-0.0889766290783882,0.0143171930685639,-0.0775263831019401,0.0008822263916954,0.0073368134908378,-0.0128144230693578,0.0441988967359066,-0.0024725315161049,0.0192972477525472,-0.0255439728498458,0.0028613675385713,-0.0857768654823303,-0.0271774344146251,0.0200169738382101,-0.0249286107718944,-0.0749355927109718,0.0111222965642809,-0.0443934649229049,-0.0089471042156219,0.0343704670667648,0.0115118129178881,0.004474651068449,0.0395905040204525,0.0225210003554821,0.044004388153553,-0.0018555525457486,-0.0091871712356805,0.004445485305041,-0.0030272405128926,0.0339583903551101,0.02579827606678,0.0018677735934033,0.0418083220720291,0.0069914488121867,0.0197953134775161,-0.0218313802033662,-0.0531838163733482,-0.0003943458141293,-0.0106972940266132,0.0119131719693541,-0.0057512279599905,0.0135662369430065,-0.0622783713042736,-0.0227692238986492,0.018433503806591,0.0190491639077663,-0.0093172332271933,-0.0561674609780311,-0.0065312711521983,-0.0005835735138381,-0.0099797867398795,-0.0073673846401202,-0.0120517670693035,-0.0162666571950986,-0.0141149852798044,0.0637537798225031,0.0116759265918275,-0.0501859439519936,0.1929242818051564,-0.0556567990426039,0.0204232926931096,2019-02-12,2019-02-13,2019-02-14,2019-02-15,2019-02-19,2019-02-20,2019-02-21,2019-02-22,2019-02-25,2019-02-26,89781.0,2019-02-11,252.0,0.1388%,0.0019,0.9338,0.2681,-0.6222,2.1140%,2.4447%,25.2222%,-0.000309,MOH,89781.0,2019-02-12,252.0,-5.6167%,0.0017,0.8995,0.2593,-0.6381,2.1615%,2.4724%,23.5668%,-0.070079,MOH,89781.0,2019-02-13,252.0,5.8892%,0.002,0.9149,0.2556,-0.6255,2.1867%,2.4979%,23.3600%,0.0565639999999999,MOH,89781.0,2019-02-14,252.0,-0.6788%,0.0021,0.9206,0.2507,-0.6251,2.1703%,2.4858%,23.7723%,-0.009923,MOH,89781.0,2019-02-15,252.0,-0.5438%,0.0022,0.9461,0.2719,-0.5859,2.1553%,2.4782%,24.3593%,-0.013567,MOH,89781.0,2019-02-19,252.0,-0.3547%,0.0023,0.9529,0.2564,-0.604,2.1494%,2.4774%,24.7242%,-0.004475,MOH,89781.0,2019-02-20,252.0,2.0836%,0.0024,0.9591,0.2743,-0.5807,2.1521%,2.4793%,24.6548%,0.021684,MOH,89781.0,2019-02-21,252.0,-0.7990%,0.0024,0.9608,0.2759,-0.5775,2.1527%,2.4799%,24.6503%,-0.005685,MOH,89781.0,2019-02-22,252.0,3.7783%,0.0025,0.9576,0.2927,-0.601,2.1551%,2.4883%,24.9844%,0.0214299999999999,MOH,89781.0,2019-02-25,252.0,2.7306%,0.0026,0.9575,0.2813,-0.6071,2.1600%,2.4929%,24.9257%,0.025448,MOH,89781.0,2019-02-26,252.0,0.1580%,0.0025,0.9562,0.2823,-0.6076,2.1599%,2.4908%,24.8029%,0.002809,MOH,-0.070388,-0.013824,-0.023747,-0.041789,0.0238969999999999
24859,MOTORCAR PARTS OF AMERICA INC,"Motorcar Parts of America shares are trading lower after the company reported Q3 EPS of $0.35, missing the $0.38 estimate.",6,decrease,0.8,0.6,"the company's earnings per share (eps) missed analyst estimates, which typically leads to a negative reaction in stock prices.",0,2019-02-11,MPAA,2019-02-11 16:04:00+00:00,80341.0,62007110,-0.0004997615469619,374318.0,-0.0255000106990337,0.0030074918176978,0.0482298880815506,-0.0143280141055584,0.0323054268956184,-0.0009871894726529,0.0199146550148725,0.0443299300968647,0.018131073564291,-0.0117167374119162,-0.0333333127200603,-0.0185000412166118,-0.0259801242500543,-0.0099010271951556,0.0160038750618696,0.0089910244569182,0.0047731967642903,-0.0039800954982638,-0.0261282306164503,-0.0117993988096714,0.0112194903194904,0.0014771387213841,-0.0019295228412374,0.0059434832073748,0.0256161801517009,0.0034791098441928,-0.0452402979135513,-0.0009929767111316,0.0004935947363264,-0.0039564752951264,-0.03009376488626,0.0155700389295816,-0.0081383446231484,0.0055555864237248,0.0117948483675718,0.0055865263566374,0.0395337417721748,-0.0100552467629313,-0.019015084952116,0.0065789050422608,0.0139164393767714,-0.026121275499463,0.0073529225774109,-0.019332991912961,-0.0131386164575815,0.0815473869442939,-0.0108481859788298,0.048793826252222,-0.0009969366947188,0.1210817024111748,-0.0354291908442974,-0.003063678741455,0.0336264669895172,-0.0192307513207197,-0.0610610283911228,0.0297029428184032,-0.0101279597729444,0.0452781245112419,0.0150781199336051,-0.0355583652853965,-0.0249337516725063,0.0449804775416851,0.0342764481902122,-0.035220094025135,-0.007364512886852,-0.0245398543775081,0.0047693820670247,-0.0006131348200142,0.0258439723402261,0.0136730456724762,-0.019537329673767,-0.0634458735585212,0.009438925422728,-0.0773362219333648,0.0238960571587085,0.1037344336509705,0.0116692772135138,-0.0259814579039812,-0.0285857412964105,0.0200235657393932,0.0221991930156946,0.0017698394367471,-0.0010100278304889,-0.019664553925395,0.0278058256953954,-0.0335382036864757,-0.0162321664392948,0.0240412186831235,0.0444999709725379,-0.0256553813815116,-0.0119674485176801,-0.0011142315343022,0.0,0.0056022619828581,-0.0077519309706985,0.0096153886988759,0.0151367858052253,0.0261172819882631,0.0312650129199028,-0.0254525318741798,-0.0359142012894153,0.0599520355463028,0.0077406796626746,-0.0029885976109653,0.0105616571381688,0.0251225400716066,-0.0185272879898548,-0.0314540453255176,0.0,-0.0528387017548084,-0.0096805794164538,-0.0072544175200164,0.0303030721843242,0.0234151817858219,0.0085389139130711,-0.0090548861771821,-0.0338663831353187,0.0169784221798181,0.0004867731768172,0.0104681774973869,-0.0255000106990337,0.0030074918176978,0.021500014720424,-0.0113636136730468,0.0545000087698479,-0.0123395851059104,0.0949999825055718,0.0193581813689325,0.025000001913316,-0.0162241826639721,-0.0574999821112093,0.2482844395540742,0.0274999608106327,0.1637104254887837,2019-02-12,2019-02-13,2019-02-14,2019-02-15,2019-02-19,2019-02-20,2019-02-21,2019-02-22,2019-02-25,2019-02-26,80341.0,2019-02-11,252.0,-0.0500%,-0.0006,1.1339,1.4805,0.4587,2.7008%,3.0195%,19.9918%,-0.013086,MPAA,80341.0,2019-02-12,252.0,-2.5500%,-0.0003,1.1771,1.3962,0.4959,2.6229%,2.9546%,21.1922%,-0.040538,MPAA,80341.0,2019-02-13,252.0,4.8230%,0.0,1.1991,1.3767,0.5031,2.6289%,2.9658%,21.4318%,0.0436489999999999,MPAA,80341.0,2019-02-14,252.0,3.2305%,-0.0001,1.1887,1.3915,0.4925,2.6169%,2.9535%,21.4943%,0.030482,MPAA,80341.0,2019-02-15,252.0,1.9915%,-0.0003,1.1357,1.344,0.4066,2.5848%,2.9035%,20.7502%,0.00054,MPAA,80341.0,2019-02-19,252.0,1.8131%,-0.0002,1.1497,1.3344,0.3946,2.5750%,2.9004%,21.1795%,0.0107559999999999,MPAA,80341.0,2019-02-20,252.0,-3.3333%,-0.0002,1.1427,1.3385,0.3748,2.5720%,2.8974%,21.1995%,-0.040724,MPAA,80341.0,2019-02-21,252.0,-2.5980%,-0.0002,1.1483,1.3457,0.3853,2.5750%,2.9014%,21.2333%,-0.020053,MPAA,80341.0,2019-02-22,252.0,1.6004%,-0.0001,1.146,1.3811,0.3901,2.5705%,2.9007%,21.4745%,0.006703,MPAA,80341.0,2019-02-25,252.0,0.4773%,-0.0,1.1433,1.3747,0.3767,2.5668%,2.8969%,21.4935%,0.007247,MPAA,80341.0,2019-02-26,252.0,-2.6128%,-0.0,1.1473,1.3908,0.3879,2.5683%,2.9010%,21.6208%,-0.014357,MPAA,-0.053624,-0.009975,0.0205069999999999,0.0318029999999999,-0.029381
24867,MOTORCAR PARTS OF AMERICA INC,"Motorcar Parts of America Q3 Adj. EPS $0.35 Misses $0.38 Estimate, Sales $124.11M Beat $115.98M Estimate",6,uncertain,0.6,0.3,"while the sales beat expectations, the earnings miss could lead to mixed reactions from investors, resulting in uncertainty about the stock's direction.",1,2019-02-11,MPAA,2019-02-11 13:02:00+00:00,80341.0,62007110,-0.0004997615469619,374318.0,-0.0255000106990337,0.0030074918176978,0.0482298880815506,-0.0143280141055584,0.0323054268956184,-0.0009871894726529,0.0199146550148725,0.0443299300968647,0.018131073564291,-0.0117167374119162,-0.0333333127200603,-0.0185000412166118,-0.0259801242500543,-0.0099010271951556,0.0160038750618696,0.0089910244569182,0.0047731967642903,-0.0039800954982638,-0.0261282306164503,-0.0117993988096714,0.0112194903194904,0.0014771387213841,-0.0019295228412374,0.0059434832073748,0.0256161801517009,0.0034791098441928,-0.0452402979135513,-0.0009929767111316,0.0004935947363264,-0.0039564752951264,-0.03009376488626,0.0155700389295816,-0.0081383446231484,0.0055555864237248,0.0117948483675718,0.0055865263566374,0.0395337417721748,-0.0100552467629313,-0.019015084952116,0.0065789050422608,0.0139164393767714,-0.026121275499463,0.0073529225774109,-0.019332991912961,-0.0131386164575815,0.0815473869442939,-0.0108481859788298,0.048793826252222,-0.0009969366947188,0.1210817024111748,-0.0354291908442974,-0.003063678741455,0.0336264669895172,-0.0192307513207197,-0.0610610283911228,0.0297029428184032,-0.0101279597729444,0.0452781245112419,0.0150781199336051,-0.0355583652853965,-0.0249337516725063,0.0449804775416851,0.0342764481902122,-0.035220094025135,-0.007364512886852,-0.0245398543775081,0.0047693820670247,-0.0006131348200142,0.0258439723402261,0.0136730456724762,-0.019537329673767,-0.0634458735585212,0.009438925422728,-0.0773362219333648,0.0238960571587085,0.1037344336509705,0.0116692772135138,-0.0259814579039812,-0.0285857412964105,0.0200235657393932,0.0221991930156946,0.0017698394367471,-0.0010100278304889,-0.019664553925395,0.0278058256953954,-0.0335382036864757,-0.0162321664392948,0.0240412186831235,0.0444999709725379,-0.0256553813815116,-0.0119674485176801,-0.0011142315343022,0.0,0.0056022619828581,-0.0077519309706985,0.0096153886988759,0.0151367858052253,0.0261172819882631,0.0312650129199028,-0.0254525318741798,-0.0359142012894153,0.0599520355463028,0.0077406796626746,-0.0029885976109653,0.0105616571381688,0.0251225400716066,-0.0185272879898548,-0.0314540453255176,0.0,-0.0528387017548084,-0.0096805794164538,-0.0072544175200164,0.0303030721843242,0.0234151817858219,0.0085389139130711,-0.0090548861771821,-0.0338663831353187,0.0169784221798181,0.0004867731768172,0.0104681774973869,-0.0255000106990337,0.0030074918176978,0.021500014720424,-0.0113636136730468,0.0545000087698479,-0.0123395851059104,0.0949999825055718,0.0193581813689325,0.025000001913316,-0.0162241826639721,-0.0574999821112093,0.2482844395540742,0.0274999608106327,0.1637104254887837,2019-02-12,2019-02-13,2019-02-14,2019-02-15,2019-02-19,2019-02-20,2019-02-21,2019-02-22,2019-02-25,2019-02-26,80341.0,2019-02-11,252.0,-0.0500%,-0.0006,1.1339,1.4805,0.4587,2.7008%,3.0195%,19.9918%,-0.013086,MPAA,80341.0,2019-02-12,252.0,-2.5500%,-0.0003,1.1771,1.3962,0.4959,2.6229%,2.9546%,21.1922%,-0.040538,MPAA,80341.0,2019-02-13,252.0,4.8230%,0.0,1.1991,1.3767,0.5031,2.6289%,2.9658%,21.4318%,0.0436489999999999,MPAA,80341.0,2019-02-14,252.0,3.2305%,-0.0001,1.1887,1.3915,0.4925,2.6169%,2.9535%,21.4943%,0.030482,MPAA,80341.0,2019-02-15,252.0,1.9915%,-0.0003,1.1357,1.344,0.4066,2.5848%,2.9035%,20.7502%,0.00054,MPAA,80341.0,2019-02-19,252.0,1.8131%,-0.0002,1.1497,1.3344,0.3946,2.5750%,2.9004%,21.1795%,0.0107559999999999,MPAA,80341.0,2019-02-20,252.0,-3.3333%,-0.0002,1.1427,1.3385,0.3748,2.5720%,2.8974%,21.1995%,-0.040724,MPAA,80341.0,2019-02-21,252.0,-2.5980%,-0.0002,1.1483,1.3457,0.3853,2.5750%,2.9014%,21.2333%,-0.020053,MPAA,80341.0,2019-02-22,252.0,1.6004%,-0.0001,1.146,1.3811,0.3901,2.5705%,2.9007%,21.4745%,0.006703,MPAA,80341.0,2019-02-25,252.0,0.4773%,-0.0,1.1433,1.3747,0.3767,2.5668%,2.8969%,21.4935%,0.007247,MPAA,80341.0,2019-02-26,252.0,-2.6128%,-0.0,1.1473,1.3908,0.3879,2.5683%,2.9010%,21.6208%,-0.014357,MPAA,-0.053624,-0.009975,0.0205069999999999,0.0318029999999999,-0.029381
24875,MERCK & CO INC NEW,Hemispherx Biopharma Announces Commencement Of A New 45 Subject Clinical Trial Combining Ampligen And Merck's Keytruda In The Treatment Of Recurrent Ovarian Cancer,6,increase,0.7,0.6,"the announcement of a clinical trial combining ampligen and merck's keytruda may be viewed positively by investors, as it suggests potential advancements in cancer treatment and could enhance merck's product portfolio.",2,2019-02-11,MRK,2019-02-11 13:34:00+00:00,22752.0,58933Y10,-0.0104488851502537,13171650.0,0.0235953275114297,0.0091121708974242,0.0063678044825792,-0.0073652886785566,-0.0010123285464942,0.0031107952818274,0.0110209668055176,0.0036424973513931,-0.0071419584564864,0.0054938630200922,0.002397809876129,0.0271395482122898,0.0050359000451862,0.0144472876563668,0.0117749562487006,0.0019117763731628,-0.004828518256545,0.0042513054795563,0.0044787339866161,-0.0004112238530069,-0.0014861917588859,-0.0030067134648561,0.0083105694502592,-0.0300901941955089,0.0044285962358117,-0.0051430752500891,-0.0034292563796043,-0.0005272296839393,0.0040554772131145,0.0035714851692318,-0.0115054445341229,0.0132689699530601,-0.003838598029688,0.0014765182277187,-0.0080794766545295,0.0154013521969318,0.0134085165336728,-0.020427219569683,0.0044515961781144,0.0056390729732811,0.0045549068599939,-0.0123325856402516,0.0053921495564281,-0.0076325070112943,0.0009817380923777,0.0074240695685148,-0.0026970850303769,-0.0110134575515985,0.0068838992156088,0.0301187969744205,0.0020754262804985,-0.0205052979290485,0.0105993552133441,-0.0107316747307777,-0.0079565532505512,0.0137986056506633,0.000729099032469,-0.0001325883204117,0.0069216722622513,0.0186486113816499,-0.0075976513326168,0.0400561951100826,0.0041316845454275,-0.0240054856985807,0.0065351678058505,-0.0080282539129257,0.0015631223795935,-0.0037955644074827,-0.0010804797057062,-0.0075340396724641,-0.0003605189267545,-0.0119633320719003,-0.0159894432872533,-0.0163441412150859,-0.00855219271034,-0.0250601023435592,-0.0024646280799061,0.012818869203329,-0.0018529203953221,0.0116716576740145,0.0002474831999279,-0.0040041017346084,-0.0121257528662681,0.0091240480542182,-0.0051352209411561,-0.0210539940744638,-0.0113307507708668,0.0020458209328353,-0.0123519832268357,-0.012749332934618,-0.0469314008951187,-0.0015124165220186,-0.0098754838109016,0.0183544158935546,0.0036889824550598,0.008804871700704,0.0155186410993337,0.0116584626957774,0.0017426927806809,0.0119299292564392,0.0215441305190324,0.0103120971471071,0.0037988070398569,-0.0016045293305069,0.0019574780017137,0.0001337541616521,0.0251367595046758,-0.0205631926655769,0.0001270758075406,0.0038127915468066,0.0101625435054302,0.0163014605641365,0.0060362596996128,0.010122824460268,-0.0064999582245945,-0.006969632115215,-0.0198792368173599,-0.0010711182840168,0.0035943360999226,-0.0022708813194185,0.0235953275114297,0.0091121708974242,0.0301133824263042,0.0016797684497196,0.0290705692431483,0.0047957891473149,0.0329813431039882,0.0139960729285815,0.0525355082871916,0.0626456454833344,0.0882499093410387,0.0475675213737722,0.0260417281431089,0.0429798936248462,2019-02-12,2019-02-13,2019-02-14,2019-02-15,2019-02-19,2019-02-20,2019-02-21,2019-02-22,2019-02-25,2019-02-26,22752.0,2019-02-11,252.0,-1.0449%,0.0013,0.6553,-0.4874,-0.0277,0.9460%,1.2001%,37.8561%,-0.008317,MRK,22752.0,2019-02-12,252.0,2.3595%,0.0014,0.6685,-0.4946,-0.0197,0.9473%,1.2080%,38.5120%,0.014634,MRK,22752.0,2019-02-13,252.0,0.6368%,0.0014,0.6702,-0.4962,-0.0192,0.9473%,1.2072%,38.4158%,0.004707,MRK,22752.0,2019-02-14,252.0,-0.1012%,0.0015,0.6708,-0.495,-0.0219,0.9439%,1.2052%,38.6632%,0.002764,MRK,22752.0,2019-02-15,252.0,1.1021%,0.0016,0.6815,-0.485,-0.004,0.9418%,1.2066%,39.0826%,0.004684,MRK,22752.0,2019-02-19,252.0,-0.7142%,0.0015,0.6768,-0.4862,-0.0049,0.9415%,1.2024%,38.6896%,-0.007118,MRK,22752.0,2019-02-20,252.0,0.2398%,0.0015,0.6765,-0.4893,-0.0067,0.9409%,1.2022%,38.7451%,0.002109,MRK,22752.0,2019-02-21,252.0,0.5036%,0.0016,0.6671,-0.5072,-0.024,0.9308%,1.1921%,39.0379%,0.007081,MRK,22752.0,2019-02-22,252.0,1.1775%,0.0016,0.6658,-0.502,-0.035,0.9320%,1.1923%,38.8899%,0.009776,MRK,22752.0,2019-02-25,252.0,-0.4829%,0.0016,0.6657,-0.4977,-0.0332,0.9337%,1.1930%,38.7447%,-0.007295,MRK,22752.0,2019-02-26,252.0,0.4479%,0.0016,0.6706,-0.5032,-0.0323,0.9322%,1.1928%,38.9294%,0.002149,MRK,0.006317,0.011024,0.013788,0.011354,0.025174
24883,MERCK & CO INC NEW,Merck Granted FDA Priority Review for its Supplemental Biologics License Application for KEYTRUDA for the First-Line Treatment of Patients with Recurrent or Metastatic Head and Neck Squamous Cell Carcinoma,6,increase,0.8,0.7,"the fda's granting of a priority review for keytruda suggests a potential for accelerated approval and market expansion, which is likely to positively impact merck's stock price.",2,2019-02-11,MRK,2019-02-11 11:45:00+00:00,22752.0,58933Y10,-0.0104488851502537,13171650.0,0.0235953275114297,0.0091121708974242,0.0063678044825792,-0.0073652886785566,-0.0010123285464942,0.0031107952818274,0.0110209668055176,0.0036424973513931,-0.0071419584564864,0.0054938630200922,0.002397809876129,0.0271395482122898,0.0050359000451862,0.0144472876563668,0.0117749562487006,0.0019117763731628,-0.004828518256545,0.0042513054795563,0.0044787339866161,-0.0004112238530069,-0.0014861917588859,-0.0030067134648561,0.0083105694502592,-0.0300901941955089,0.0044285962358117,-0.0051430752500891,-0.0034292563796043,-0.0005272296839393,0.0040554772131145,0.0035714851692318,-0.0115054445341229,0.0132689699530601,-0.003838598029688,0.0014765182277187,-0.0080794766545295,0.0154013521969318,0.0134085165336728,-0.020427219569683,0.0044515961781144,0.0056390729732811,0.0045549068599939,-0.0123325856402516,0.0053921495564281,-0.0076325070112943,0.0009817380923777,0.0074240695685148,-0.0026970850303769,-0.0110134575515985,0.0068838992156088,0.0301187969744205,0.0020754262804985,-0.0205052979290485,0.0105993552133441,-0.0107316747307777,-0.0079565532505512,0.0137986056506633,0.000729099032469,-0.0001325883204117,0.0069216722622513,0.0186486113816499,-0.0075976513326168,0.0400561951100826,0.0041316845454275,-0.0240054856985807,0.0065351678058505,-0.0080282539129257,0.0015631223795935,-0.0037955644074827,-0.0010804797057062,-0.0075340396724641,-0.0003605189267545,-0.0119633320719003,-0.0159894432872533,-0.0163441412150859,-0.00855219271034,-0.0250601023435592,-0.0024646280799061,0.012818869203329,-0.0018529203953221,0.0116716576740145,0.0002474831999279,-0.0040041017346084,-0.0121257528662681,0.0091240480542182,-0.0051352209411561,-0.0210539940744638,-0.0113307507708668,0.0020458209328353,-0.0123519832268357,-0.012749332934618,-0.0469314008951187,-0.0015124165220186,-0.0098754838109016,0.0183544158935546,0.0036889824550598,0.008804871700704,0.0155186410993337,0.0116584626957774,0.0017426927806809,0.0119299292564392,0.0215441305190324,0.0103120971471071,0.0037988070398569,-0.0016045293305069,0.0019574780017137,0.0001337541616521,0.0251367595046758,-0.0205631926655769,0.0001270758075406,0.0038127915468066,0.0101625435054302,0.0163014605641365,0.0060362596996128,0.010122824460268,-0.0064999582245945,-0.006969632115215,-0.0198792368173599,-0.0010711182840168,0.0035943360999226,-0.0022708813194185,0.0235953275114297,0.0091121708974242,0.0301133824263042,0.0016797684497196,0.0290705692431483,0.0047957891473149,0.0329813431039882,0.0139960729285815,0.0525355082871916,0.0626456454833344,0.0882499093410387,0.0475675213737722,0.0260417281431089,0.0429798936248462,2019-02-12,2019-02-13,2019-02-14,2019-02-15,2019-02-19,2019-02-20,2019-02-21,2019-02-22,2019-02-25,2019-02-26,22752.0,2019-02-11,252.0,-1.0449%,0.0013,0.6553,-0.4874,-0.0277,0.9460%,1.2001%,37.8561%,-0.008317,MRK,22752.0,2019-02-12,252.0,2.3595%,0.0014,0.6685,-0.4946,-0.0197,0.9473%,1.2080%,38.5120%,0.014634,MRK,22752.0,2019-02-13,252.0,0.6368%,0.0014,0.6702,-0.4962,-0.0192,0.9473%,1.2072%,38.4158%,0.004707,MRK,22752.0,2019-02-14,252.0,-0.1012%,0.0015,0.6708,-0.495,-0.0219,0.9439%,1.2052%,38.6632%,0.002764,MRK,22752.0,2019-02-15,252.0,1.1021%,0.0016,0.6815,-0.485,-0.004,0.9418%,1.2066%,39.0826%,0.004684,MRK,22752.0,2019-02-19,252.0,-0.7142%,0.0015,0.6768,-0.4862,-0.0049,0.9415%,1.2024%,38.6896%,-0.007118,MRK,22752.0,2019-02-20,252.0,0.2398%,0.0015,0.6765,-0.4893,-0.0067,0.9409%,1.2022%,38.7451%,0.002109,MRK,22752.0,2019-02-21,252.0,0.5036%,0.0016,0.6671,-0.5072,-0.024,0.9308%,1.1921%,39.0379%,0.007081,MRK,22752.0,2019-02-22,252.0,1.1775%,0.0016,0.6658,-0.502,-0.035,0.9320%,1.1923%,38.8899%,0.009776,MRK,22752.0,2019-02-25,252.0,-0.4829%,0.0016,0.6657,-0.4977,-0.0332,0.9337%,1.1930%,38.7447%,-0.007295,MRK,22752.0,2019-02-26,252.0,0.4479%,0.0016,0.6706,-0.5032,-0.0323,0.9322%,1.1928%,38.9294%,0.002149,MRK,0.006317,0.011024,0.013788,0.011354,0.025174
24891,MORGAN STANLEY DEAN WITTER & CO,UPDATE: Morgan Stanley's Acquisition of Solium Worth ~$0.9B,6,increase,0.7,0.6,"the acquisition of solium for ~$0.9b is likely to be viewed positively as it may enhance morgan stanley's capabilities and market position, potentially leading to an increase in stock price.",2,2019-02-11,MS,2019-02-11 11:57:00+00:00,69032.0,61744644,-0.0147023340687155,17058346.0,0.0233773309737443,-0.0161523185670375,0.0009719829540699,-0.0212364681065082,-0.0114104738458991,-0.0016489916015416,0.0311886146664619,-0.0002354762546019,0.0040485393255949,0.0153036676347255,0.0061669433489441,-0.0113475071266293,-0.0108439205214381,-0.0114513123407959,-0.0040514338761568,0.0141209512948989,0.0095716128125786,-0.0037514616269618,0.0052145346999168,-0.0076779439114034,0.0035369377583265,0.0221165362745523,-0.0136278625577688,-0.0023725335486233,0.0123868621885776,-0.0061305901035666,-0.0117647061124444,-0.0292972940951585,-0.0023809161502867,0.0272748619318008,-0.0066826390102505,-0.0440549068152904,-0.0108121279627084,0.0375466533005237,0.004615070298314,0.0094162318855524,0.0118471439927816,0.0177287459373474,0.0043010828085243,0.0019203511765226,0.0090411864221096,-0.0019166704732924,0.0066021876409649,0.0069964029826223,0.014991876669228,-0.0062334770336747,0.0161550175398588,0.0099273575469851,-0.0018168980022892,0.0408265851438045,-0.0209329221397638,-0.0178218111395835,0.0023240132723003,0.0189155098050832,-0.0326918587088584,0.0071120802313089,-0.0112656094133853,-0.0073121762834489,0.0152727533131837,0.0091603212058544,-0.0121777011081576,0.0618751980364322,0.013536412268877,-0.0177813693881034,0.0064393146894872,-0.0316113978624343,0.0315165407955646,-0.009923649020493,0.0039053983055055,-0.014790678396821,0.0155606474727392,0.0073232557624578,0.012392952106893,-0.0010091048898175,-0.0006676781340502,-0.0236452985554933,0.0017816929612308,-0.0051458682864904,-0.0160071421414613,0.0046775587834417,0.0042928704060614,-0.0022107628174126,0.0078739812597632,-0.0147628411650657,0.0421874858438968,-0.0302746053785085,-0.0130648277699947,-0.0118274195119738,0.0203992743045091,-0.0504294410347938,0.0263717118650674,0.0229781586676836,-0.0147119583562016,-0.0026959995739161,-0.005467893090099,-0.0176562126725912,0.0012687154812738,0.028603907674551,0.00063363451045,-0.0051942085847258,-0.0018995387945324,0.0278550814837217,0.0126876393333077,-0.0148638859391212,0.0181666258722543,0.0146171944215893,-0.0043334523215889,-0.029497891664505,-0.0140932705253362,0.0063448622822761,0.0050452318973839,-0.0038374306168407,0.005229031201452,0.0102622751146554,-0.0072826109826564,-0.0185765847563743,-0.0209599677473306,0.0124631589278578,-0.0038535711355507,-0.0349879413843154,0.0233773309737443,-0.0161523185670375,0.0243720362950325,-0.0370457684754508,0.0126834659664176,-0.0386336719159038,0.0484954190549782,-0.0241510845260174,0.0547127780695488,-0.0438315483203571,0.041532006239868,0.0457028104551071,0.1643385149677627,-0.1013312913788783,2019-02-12,2019-02-13,2019-02-14,2019-02-15,2019-02-19,2019-02-20,2019-02-21,2019-02-22,2019-02-25,2019-02-26,69032.0,2019-02-11,252.0,-1.4702%,-0.0007,1.4309,-0.1639,1.0027,0.9858%,1.7138%,66.9151%,-0.018193,MS,69032.0,2019-02-12,252.0,2.3377%,-0.0006,1.4428,-0.1744,1.0106,0.9822%,1.7199%,67.3860%,0.005554,MS,69032.0,2019-02-13,252.0,0.0972%,-0.0007,1.4387,-0.1688,1.0109,0.9811%,1.7124%,67.1708%,-0.003771,MS,69032.0,2019-02-14,252.0,-1.1410%,-0.0007,1.4391,-0.1693,1.0112,0.9811%,1.7137%,67.2251%,-0.001749,MS,69032.0,2019-02-15,252.0,3.1189%,-0.0007,1.4419,-0.1655,1.0174,0.9830%,1.7137%,67.1007%,0.010397,MS,69032.0,2019-02-19,252.0,0.4049%,-0.0006,1.4431,-0.1679,1.0146,0.9826%,1.7134%,67.1129%,-0.001363,MS,69032.0,2019-02-20,252.0,0.6167%,-0.0006,1.4433,-0.165,1.0159,0.9820%,1.7138%,67.1678%,-0.0018859999999999,MS,69032.0,2019-02-21,252.0,-1.0844%,-0.0007,1.4475,-0.157,1.0237,0.9801%,1.7150%,67.3375%,-0.0033829999999999,MS,69032.0,2019-02-22,252.0,-0.4051%,-0.0007,1.4474,-0.1651,1.015,0.9794%,1.7151%,67.3861%,0.002352,MS,69032.0,2019-02-25,252.0,0.9572%,-0.0007,1.4474,-0.1698,1.0126,0.9812%,1.7162%,67.3096%,0.008698,MS,69032.0,2019-02-26,252.0,0.5215%,-0.0006,1.4445,-0.1814,1.0046,0.9833%,1.7105%,66.9504%,0.009686,MS,-0.012639,-0.01641,-0.018159,-0.009125,0.006342
24899,MORGAN STANLEY DEAN WITTER & CO,Morgan Stanley to Acquire Solium Capital for C$19.15/Share,6,increase,0.8,0.6,"acquisitions often signal growth potential and strategic expansion, which can positively influence investor sentiment and stock price.",2,2019-02-11,MS,2019-02-11 11:43:00+00:00,69032.0,61744644,-0.0147023340687155,17058346.0,0.0233773309737443,-0.0161523185670375,0.0009719829540699,-0.0212364681065082,-0.0114104738458991,-0.0016489916015416,0.0311886146664619,-0.0002354762546019,0.0040485393255949,0.0153036676347255,0.0061669433489441,-0.0113475071266293,-0.0108439205214381,-0.0114513123407959,-0.0040514338761568,0.0141209512948989,0.0095716128125786,-0.0037514616269618,0.0052145346999168,-0.0076779439114034,0.0035369377583265,0.0221165362745523,-0.0136278625577688,-0.0023725335486233,0.0123868621885776,-0.0061305901035666,-0.0117647061124444,-0.0292972940951585,-0.0023809161502867,0.0272748619318008,-0.0066826390102505,-0.0440549068152904,-0.0108121279627084,0.0375466533005237,0.004615070298314,0.0094162318855524,0.0118471439927816,0.0177287459373474,0.0043010828085243,0.0019203511765226,0.0090411864221096,-0.0019166704732924,0.0066021876409649,0.0069964029826223,0.014991876669228,-0.0062334770336747,0.0161550175398588,0.0099273575469851,-0.0018168980022892,0.0408265851438045,-0.0209329221397638,-0.0178218111395835,0.0023240132723003,0.0189155098050832,-0.0326918587088584,0.0071120802313089,-0.0112656094133853,-0.0073121762834489,0.0152727533131837,0.0091603212058544,-0.0121777011081576,0.0618751980364322,0.013536412268877,-0.0177813693881034,0.0064393146894872,-0.0316113978624343,0.0315165407955646,-0.009923649020493,0.0039053983055055,-0.014790678396821,0.0155606474727392,0.0073232557624578,0.012392952106893,-0.0010091048898175,-0.0006676781340502,-0.0236452985554933,0.0017816929612308,-0.0051458682864904,-0.0160071421414613,0.0046775587834417,0.0042928704060614,-0.0022107628174126,0.0078739812597632,-0.0147628411650657,0.0421874858438968,-0.0302746053785085,-0.0130648277699947,-0.0118274195119738,0.0203992743045091,-0.0504294410347938,0.0263717118650674,0.0229781586676836,-0.0147119583562016,-0.0026959995739161,-0.005467893090099,-0.0176562126725912,0.0012687154812738,0.028603907674551,0.00063363451045,-0.0051942085847258,-0.0018995387945324,0.0278550814837217,0.0126876393333077,-0.0148638859391212,0.0181666258722543,0.0146171944215893,-0.0043334523215889,-0.029497891664505,-0.0140932705253362,0.0063448622822761,0.0050452318973839,-0.0038374306168407,0.005229031201452,0.0102622751146554,-0.0072826109826564,-0.0185765847563743,-0.0209599677473306,0.0124631589278578,-0.0038535711355507,-0.0349879413843154,0.0233773309737443,-0.0161523185670375,0.0243720362950325,-0.0370457684754508,0.0126834659664176,-0.0386336719159038,0.0484954190549782,-0.0241510845260174,0.0547127780695488,-0.0438315483203571,0.041532006239868,0.0457028104551071,0.1643385149677627,-0.1013312913788783,2019-02-12,2019-02-13,2019-02-14,2019-02-15,2019-02-19,2019-02-20,2019-02-21,2019-02-22,2019-02-25,2019-02-26,69032.0,2019-02-11,252.0,-1.4702%,-0.0007,1.4309,-0.1639,1.0027,0.9858%,1.7138%,66.9151%,-0.018193,MS,69032.0,2019-02-12,252.0,2.3377%,-0.0006,1.4428,-0.1744,1.0106,0.9822%,1.7199%,67.3860%,0.005554,MS,69032.0,2019-02-13,252.0,0.0972%,-0.0007,1.4387,-0.1688,1.0109,0.9811%,1.7124%,67.1708%,-0.003771,MS,69032.0,2019-02-14,252.0,-1.1410%,-0.0007,1.4391,-0.1693,1.0112,0.9811%,1.7137%,67.2251%,-0.001749,MS,69032.0,2019-02-15,252.0,3.1189%,-0.0007,1.4419,-0.1655,1.0174,0.9830%,1.7137%,67.1007%,0.010397,MS,69032.0,2019-02-19,252.0,0.4049%,-0.0006,1.4431,-0.1679,1.0146,0.9826%,1.7134%,67.1129%,-0.001363,MS,69032.0,2019-02-20,252.0,0.6167%,-0.0006,1.4433,-0.165,1.0159,0.9820%,1.7138%,67.1678%,-0.0018859999999999,MS,69032.0,2019-02-21,252.0,-1.0844%,-0.0007,1.4475,-0.157,1.0237,0.9801%,1.7150%,67.3375%,-0.0033829999999999,MS,69032.0,2019-02-22,252.0,-0.4051%,-0.0007,1.4474,-0.1651,1.015,0.9794%,1.7151%,67.3861%,0.002352,MS,69032.0,2019-02-25,252.0,0.9572%,-0.0007,1.4474,-0.1698,1.0126,0.9812%,1.7162%,67.3096%,0.008698,MS,69032.0,2019-02-26,252.0,0.5215%,-0.0006,1.4445,-0.1814,1.0046,0.9833%,1.7105%,66.9504%,0.009686,MS,-0.012639,-0.01641,-0.018159,-0.009125,0.006342
24907,MOTOROLA SOLUTIONS INC,"Credit Suisse Maintains Outperform on Motorola Solutions, Raises Price Target to $148",6,increase,0.8,0.6,the maintenance of an 'outperform' rating and an increase in the price target typically signals positive sentiment and potential for stock price appreciation.,2,2019-02-11,MSI,2019-02-11 14:22:00+00:00,22779.0,62007630,-0.0087907398119568,1903121.0,0.0226561985909938,0.14120714366436,0.0030607648659497,-0.0150294573977589,-0.0032693762332201,0.0087954690679907,0.0104964096099138,-0.0055810562334954,0.0020197560079395,0.0141927879303693,0.0021596937440335,0.0124882301315665,-0.0058904336765408,0.0008561433642171,0.0114892432466149,0.0094192558899521,0.0087870480492711,0.0042523462325334,0.0030450581107288,-0.0081769404932856,0.0095312492921948,0.012109063565731,0.0009090818930417,0.0028831192757934,0.0034237389918416,-8.737779717193916e-05,-0.0112109230831265,-0.0097750630229711,-0.0028168584685772,0.016263723373413,-0.0093220854178071,-0.0069838762283325,-0.0056315460242331,-0.0105380807071924,-0.00458813784644,0.0056462287902832,0.0187251754105091,-0.0075861830264329,-0.0088370451703667,-0.0132697988301515,0.005777443293482,0.0120522882789373,-0.0024820805992931,-0.0280311144888401,0.0039260694757103,0.0293712634593248,-0.0009954450652003,0.0046729054301977,-0.0002846497227437,0.0433369018137455,-0.0125303268432617,-0.035023495554924,0.0139870401471853,-0.0022601019591093,-0.014220705255866,0.0248552411794662,0.0,-0.0014233934925869,0.0126947090029716,0.0021396584343165,-0.0073361741378903,0.0293658524751663,-0.001291473628953,-0.024702426046133,0.0088368104770779,-0.0326406620442867,0.0064094085246324,-0.0298194289207458,0.0024765839334577,-0.023299666121602,0.004376333206892,-0.0109542235732078,-0.0113149248063564,-0.0269246231764555,-0.0001420885382685,-0.0185974538326263,-0.0002132715599145,-0.0048368289135396,0.0010665853042155,0.0061022187583148,0.013638287782669,-0.0010802421020343,0.0024527406785637,0.016231533139944,0.0012582500930875,-0.017185540869832,0.0023738853633403,-0.0024600808974355,0.0086368331685662,-0.0277299620211124,-0.0082176811993122,0.0193523298949003,-0.0018102946924045,-0.0100316926836967,0.0053013009019196,0.0038615467492491,0.013530476950109,0.0214230790734291,0.0062983371317386,0.0151527067646384,-0.0098646990954875,0.0242863241583108,0.0049471021629869,0.0019337511621415,-0.0068371393717825,0.0043700002133846,-0.0024094097316265,-0.0215377397835254,-0.015043874271214,-0.0286879185587167,-0.002662296872586,0.0048690382391214,0.0089215943589806,0.0051270388066768,-0.0093301516026258,0.0144207580015063,-0.0037250407040119,-0.0007086883997544,0.0091710975393652,-0.0205167457461357,0.0226561985909938,0.14120714366436,0.025786308753587,0.1240554195166383,0.0224326273753854,0.1339420141897043,0.0352512392349653,0.1436173981810971,0.0555970127873461,0.1651746782065295,0.0506130773567141,0.2068288875859318,0.0704430951028791,0.0487305512467188,2019-02-12,2019-02-13,2019-02-14,2019-02-15,2019-02-19,2019-02-20,2019-02-21,2019-02-22,2019-02-25,2019-02-26,22779.0,2019-02-11,252.0,-0.8791%,0.0009,0.7338,0.067,-0.5422,1.2769%,1.6041%,36.6338%,-0.009152,MSI,22779.0,2019-02-12,252.0,2.2656%,0.001,0.7429,0.0632,-0.5369,1.2781%,1.6096%,36.9447%,0.011642,MSI,22779.0,2019-02-13,252.0,0.3061%,0.0009,0.7385,0.0706,-0.5355,1.2767%,1.6044%,36.6797%,0.001219,MSI,22779.0,2019-02-14,252.0,-0.3269%,0.0009,0.7399,0.0672,-0.5315,1.2772%,1.6044%,36.6222%,-0.005291,MSI,22779.0,2019-02-15,252.0,1.0496%,0.0008,0.7252,0.0544,-0.5548,1.2708%,1.5950%,36.5188%,0.004419,MSI,22779.0,2019-02-19,252.0,0.2020%,0.0009,0.7263,0.054,-0.5553,1.2707%,1.5939%,36.4410%,0.002048,MSI,22779.0,2019-02-20,252.0,0.2160%,0.0009,0.7273,0.0573,-0.5515,1.2708%,1.5938%,36.4291%,0.0036149999999999,MSI,22779.0,2019-02-21,252.0,-0.5890%,0.0009,0.7289,0.0594,-0.5485,1.2712%,1.5944%,36.4288%,-0.004528,MSI,22779.0,2019-02-22,252.0,1.1489%,0.0009,0.729,0.0645,-0.5419,1.2710%,1.5948%,36.4778%,-0.001738,MSI,22779.0,2019-02-25,252.0,0.8787%,0.0009,0.7283,0.0609,-0.5464,1.2711%,1.5953%,36.5154%,0.0067859999999999,MSI,22779.0,2019-02-26,252.0,0.3045%,0.0009,0.7242,0.0625,-0.5488,1.2705%,1.5913%,36.2617%,0.0026969999999999,MSI,0.0024899999999999,0.0037089999999999,-0.001582,0.0048849999999999,0.0117169999999999
24915,MICROSTRATEGY INC,"BWS Financial Initiates Coverage On MicroStrategy with Buy Rating, Announces $200 Price Target",6,increase,0.8,0.6,"the initiation of coverage with a 'buy' rating and a $200 price target is likely to attract positive investor sentiment, potentially driving the stock price higher.",2,2019-02-11,MSTR,2019-02-11 14:49:00+00:00,86211.0,59497240,0.0460315346717834,115123.0,0.0388157702982425,0.0126993916928768,-0.0118218837305903,0.0067825298756361,-0.002634729957208,-0.0293604973703622,0.007139797322452,0.0161475650966167,0.0060258479788899,0.0156982969492673,-0.0104996506124734,0.0090629197657108,0.0192992929369211,-0.0037685746792703,0.015929564833641,-0.0788312777876854,0.0053641344420611,-0.0017326564993709,-0.0300294086337089,-0.0063845007680356,-0.004301837645471,0.0080994730815291,0.0021956055425107,0.0058190505951642,0.001696151914075,0.0017486900324001,-0.0171441212296485,0.0067488122731447,-0.0046658092178404,0.0106761744245886,-0.0121881030499935,0.0077705364674329,0.0027743657119572,-0.003499376354739,0.0056060357019305,0.0166527666151523,0.0353316329419612,-0.0130733605474233,0.0153147019445896,0.0101879565045237,0.0159101691097021,0.0070678875781595,0.0033898304682224,-0.0055173132568597,0.00222974200733,0.0082298396155238,-0.0033708622213453,0.0063650449737906,-0.0029088002629578,0.0302598886191844,0.0009497923892922,-0.0155557869002223,0.0140978852286934,0.0064188442192971,-0.0386979915201664,0.0068568945862352,0.0018076513661071,0.0073838853277266,0.0108265504240989,0.0401354432106018,-0.0139375133439898,0.0376178175210952,0.008216181769967,0.0010292942170053,-0.0037983634974807,-0.0334134697914123,0.0214211177080869,-0.0180737692862749,-0.0077372025698423,-0.0042156195268034,0.011833076365292,0.0043152482248842,-0.0227133482694625,-0.0323038026690483,0.0134882535785436,-0.0092116147279739,-0.0143325552344322,0.0019554761238396,-0.0020079857204109,0.0067721917293965,0.0250468365848064,-0.0050924592651426,0.0052795368246734,0.0004702740116044,0.0143414326012134,-0.0005483720451593,-0.0073680761270225,0.0074185342527925,0.0105657475069165,-0.0332647301256656,-0.0199179109185934,0.0110306069254875,-0.0110053671523928,0.0147150689736008,0.0058711129240691,0.0023537036031484,0.0123524321243166,0.0174010246992111,0.0025475302245467,-0.0063452017493546,-0.010298203676939,0.0139123713597655,0.0095945820212364,-0.0066304667852818,-0.0012715997872874,0.0175581499934196,0.0031495089642703,-0.011490561068058,-0.0579825825989246,-0.020695662125945,-0.0012764709535986,-0.0026683122850954,0.0013490659184753,0.0157034769654274,0.0029780769255012,-0.0036534564569592,-0.0182396732270717,-0.0053716148249804,-0.0064808377064764,-0.0131743252277374,0.0388157702982425,0.0126993916928768,0.026535011044273,0.0195680555720723,0.0238303684985516,-0.0103669696424568,0.0373538045740968,0.0213996086746677,0.0365497066664535,-0.061836404787116,0.0646929154841353,0.0800231513015021,0.0085526199617089,0.0194886220940808,2019-02-12,2019-02-13,2019-02-14,2019-02-15,2019-02-19,2019-02-20,2019-02-21,2019-02-22,2019-02-25,2019-02-26,86211.0,2019-02-11,252.0,4.6032%,-0.0001,0.7695,0.8198,-0.1439,1.2974%,1.6319%,36.7978%,0.040118,MSTR,86211.0,2019-02-12,252.0,3.8816%,0.0001,0.7916,0.8119,-0.1312,1.3067%,1.6492%,37.2240%,0.027842,MSTR,86211.0,2019-02-13,252.0,-1.1822%,-0.0,0.7849,0.8173,-0.1338,1.3085%,1.6476%,36.9314%,-0.014534,MSTR,86211.0,2019-02-14,252.0,-0.2635%,-0.0001,0.7857,0.8137,-0.1289,1.3078%,1.6460%,36.8692%,-0.0061129999999999,MSTR,86211.0,2019-02-15,252.0,0.7140%,-0.0001,0.7866,0.8141,-0.1279,1.3078%,1.6454%,36.8323%,-0.003255,MSTR,86211.0,2019-02-19,252.0,0.6026%,-0.0001,0.7854,0.8182,-0.1232,1.3074%,1.6432%,36.7029%,0.002454,MSTR,86211.0,2019-02-20,252.0,-1.0500%,-0.0001,0.7822,0.8134,-0.1338,1.3096%,1.6446%,36.5920%,-0.013215,MSTR,86211.0,2019-02-21,252.0,1.9299%,-0.0001,0.7809,0.8157,-0.1364,1.3155%,1.6488%,36.3491%,0.022355,MSTR,86211.0,2019-02-22,252.0,1.5930%,-0.0,0.7796,0.8324,-0.1359,1.3137%,1.6508%,36.6701%,0.004262,MSTR,86211.0,2019-02-25,252.0,0.5364%,-0.0,0.78,0.8298,-0.1359,1.3141%,1.6509%,36.6407%,0.006014,MSTR,86211.0,2019-02-26,252.0,-3.0029%,-0.0001,0.7877,0.8557,-0.117,1.3223%,1.6617%,36.6779%,-0.024019,MSTR,0.0679599999999999,0.0534259999999999,0.0473129999999999,0.0465119999999999,0.041909
24923,MICRON TECHNOLOGY INC,"Samsung Electronics, Micron Technology, Toshiba , SK Hynix Concerned About Impact of Weak iPhone Sales",6,decrease,0.8,0.7,"weak iphone sales could lead to reduced demand for memory chips, negatively impacting micron technology's revenue and stock price.",0,2019-02-11,MU,2019-02-11 09:34:00+00:00,53613.0,59511210,0.0,30347572.0,0.0471746921539306,-0.0203148610889911,0.0316831357777118,-0.0515414103865623,0.0131957586854696,0.0546101480722427,-0.0056831128895282,-0.0025336276739835,-0.0007145175477489,-0.0032827591057866,0.0059580556116998,0.0361066758632659,-0.0161099340766668,-0.0005230244714766,0.0250421613454818,0.0227334126830101,0.0042283372022211,-0.0181198120117187,0.0049122590571641,-0.0225871987640857,-0.038175031542778,0.0647717639803886,-0.010648563504219,0.0686331316828727,0.0171233061701059,0.0109242033213377,-0.0125060230493545,-0.0528523325920105,-0.0260594170540571,0.0554898828268051,-0.0515129119157791,0.0089338663965463,-0.002636395394802,-0.0120623661205172,0.0216759089380502,-0.0196133982390165,0.0098317526280879,-0.0372118912637233,0.0056367213837802,0.002784697106108,-0.0107005899772048,0.0132618863135576,-0.0108164297416806,0.0503852069377899,0.0294194500893354,-0.0076470095664262,0.0017703513149172,0.0397553257644176,0.0191870313137769,0.0548387356102466,-0.0059449560940265,-0.0534351132810115,0.0961874052882194,0.0321462489664554,-0.0538759417831897,0.0050680977292358,-0.0257087871432304,-0.0112746823579073,-0.0056719984859228,0.0336678847670555,-0.0270337350666523,0.0644382834434509,0.0028039922472089,-0.0428759641945362,0.0505846887826919,-0.0306905675679445,0.0222598146647214,-0.0041387826204299,0.0044970088638365,-0.0791556909680366,0.0344015769660472,0.0067886519245803,-0.0230068806558847,-0.0093567157164216,0.0100256539881229,-0.0234151817858219,-0.0096952486783266,-0.028032150119543,-0.0275058336555957,0.0232888311147689,0.0107861198484897,0.0117816049605608,0.0026085041463375,-0.0144435605034232,-0.0063860090449452,-0.0626492425799369,-0.0045227003283798,0.0214207451790571,0.0224772505462169,-0.0786909237504005,0.0091207483783364,0.0381223373115062,0.0057937423698604,0.017145911231637,0.0,-0.0206664744764566,-0.0145161533728241,0.0462161898612976,0.0060789878480136,0.0117582799866795,-0.0065070600248873,0.0046702791005373,-0.0152047136798501,0.0005497651873156,0.000237580446992,0.0071982876397669,-0.0011873482726514,-0.0192778408527374,-0.0038040855433791,-0.0661763921380043,0.0157517865300178,-0.011776527389884,0.0180921163409948,0.0494346879422664,-0.0276944544166326,0.0047556227073073,-0.0443864874541759,0.0109508512541651,-0.0126676186919212,-0.0427001267671585,0.0471746921539306,-0.0203148610889911,0.0803524701084272,-0.0708092148832197,0.0946085405992291,-0.0200659685206289,0.0876100845422493,-0.0257574934715206,0.1135302498038217,-0.0097535267723687,0.0451010317126392,0.2489479672367893,0.0303265452233973,-0.013551478856341,2019-02-12,2019-02-13,2019-02-14,2019-02-15,2019-02-19,2019-02-20,2019-02-21,2019-02-22,2019-02-25,2019-02-26,53613.0,2019-02-11,252.0,0.0000%,-0.0003,1.8156,0.7697,-0.0903,2.3436%,3.0940%,42.6256%,-0.007668,MU,53613.0,2019-02-12,252.0,4.7175%,-0.0001,1.8331,0.7636,-0.0803,2.3470%,3.1075%,42.9569%,0.022075,MU,53613.0,2019-02-13,252.0,3.1683%,-0.0001,1.8267,0.7851,-0.0701,2.3485%,3.1015%,42.6650%,0.026048,MU,53613.0,2019-02-14,252.0,1.3196%,-0.0001,1.8235,0.7917,-0.077,2.3496%,3.1019%,42.6216%,0.012443,MU,53613.0,2019-02-15,252.0,-0.5683%,-0.0002,1.8134,0.7796,-0.0974,2.3553%,3.0999%,42.2677%,-0.027998,MU,53613.0,2019-02-19,252.0,-0.0715%,-0.0001,1.8185,0.767,-0.1121,2.3521%,3.0999%,42.4238%,-0.006229,MU,53613.0,2019-02-20,252.0,0.5958%,-0.0002,1.8176,0.7593,-0.1166,2.3507%,3.0984%,42.4424%,0.001332,MU,53613.0,2019-02-21,252.0,-1.6110%,-0.0003,1.8304,0.7833,-0.0932,2.3439%,3.0986%,42.7809%,-0.009221,MU,53613.0,2019-02-22,252.0,2.5042%,-0.0003,1.829,0.793,-0.1013,2.3441%,3.1021%,42.9010%,0.007367,MU,53613.0,2019-02-25,252.0,0.4228%,-0.0002,1.8281,0.7904,-0.1059,2.3437%,3.1019%,42.9108%,0.003264,MU,53613.0,2019-02-26,252.0,0.4912%,-0.0003,1.8096,0.7907,-0.1196,2.3391%,3.0851%,42.5151%,0.0124459999999999,MU,0.014407,0.040455,0.052898,0.018671,0.033859
24931,MYRIAD GENETICS INC,Myriad Genetics Announces Its Prequel Prenatal Screen Has Expanded To Include All 23 Chromosome Pairs,6,increase,0.8,0.7,"the expansion of the prequel prenatal screen to include all 23 chromosome pairs enhances the company's product offering, potentially attracting more customers and increasing revenue.",2,2019-02-11,MYGN,2019-02-11 12:13:00+00:00,82508.0,62855J10,-0.0047635044902563,868567.0,0.0434188172221183,0.0447920449078083,-0.0111402403563261,-0.0174641981720924,0.0241881888359785,0.0272694043815136,0.0177935697138309,0.0057741524651646,0.00063574250089,0.0289639346301555,0.0158831011503934,-0.04469670727849,-0.0087554343044757,-0.0245674420148134,0.0223974473774433,0.0478607565164566,-0.0191298648715019,0.0069368579424917,-0.0424661934375762,-0.0111913848668336,0.0144546199589967,-0.0078796315938234,0.004857562482357,-0.0169013924896717,-0.0061231236904859,-0.0169608779251575,-0.0132944174110889,-0.0262892041355371,-0.0262898821383714,0.0366876050829887,-0.0388120040297508,0.0141743989661335,0.0143960621207952,-0.038173172622919,0.009691959246993,0.0145228244364261,0.0274254102259874,-0.0442828871309757,0.0640640705823898,-0.0133681073784828,0.0194417983293533,0.0059035848826169,0.0501384548842907,0.0531951300799846,-0.0143526028841733,0.0346676632761955,0.0077265473082661,-0.1066411286592484,-0.0153347235172987,0.0693068876862526,-0.0104821352288126,0.0100000314414501,0.0145278312265873,-0.0024079703725874,-0.0125298919156193,0.0164335425943136,0.0018127304501831,0.0042135128751397,0.0319662652909755,-0.0045439028181135,0.0128579372540116,0.050679437816143,0.0011540944688022,-0.0065669575706124,-0.0432276651263237,-0.0429469123482704,-0.003012116998434,-0.0151306921616196,-0.0090634217485785,-0.0142372911795973,-0.0329268276691436,-0.0499194599688053,0.0138713913038373,-0.0032102852128446,0.0208333954215049,-0.0032000122591853,-0.0003046645142603,-0.0015974197303876,-0.00365627463907,0.0165637638419866,0.0192660875618457,-0.0131410202011466,0.0069006760604679,-0.0098381293937563,-0.0256257615983486,-0.019296633079648,0.0168195478618145,0.0170940458774566,-0.0075187971815466,-0.030684258788824,-0.0287879016250371,0.0108560314401984,0.0,0.0059283133596181,-0.004056136123836,0.0194019936025142,0.0166040323674678,0.011583031155169,-0.0123267034068703,0.0016113192541524,-0.0143525460734963,0.0104201110079884,0.0050648893229663,0.0006516308058053,0.0028346504550427,-0.0318612046539783,-0.0113065522164106,-0.0152220530435442,0.0139771457761526,0.0248328167945146,0.0394736900925636,0.0132258012890815,0.034960813820362,0.0490694008767604,0.0192195642739534,-0.0146715752780437,-0.0191428046673536,0.0111260935664176,-0.2135159224271774,-0.0385737605392932,0.0434188172221183,0.0447920449078083,0.0317948808059505,0.0265455895869126,0.0567521302228808,0.0545388763854175,0.0762392992802298,0.0913479030935249,0.0406837807917133,0.0610107788561455,0.1699145768950847,0.0272631546320372,-0.0769230803669687,-0.0473257981745316,2019-02-12,2019-02-13,2019-02-14,2019-02-15,2019-02-19,2019-02-20,2019-02-21,2019-02-22,2019-02-25,2019-02-26,82508.0,2019-02-11,252.0,-0.4764%,-0.0002,0.7333,0.7052,0.1196,2.8964%,3.0176%,7.8727%,-0.010831,MYGN,82508.0,2019-02-12,252.0,4.3419%,-0.0001,0.7484,0.7104,0.1264,2.9040%,3.0293%,8.1017%,0.033408,MYGN,82508.0,2019-02-13,252.0,-1.1140%,-0.0002,0.7457,0.7095,0.1228,2.9053%,3.0297%,8.0477%,-0.013851,MYGN,82508.0,2019-02-14,252.0,2.4188%,-0.0001,0.7409,0.7222,0.1081,2.9084%,3.0334%,8.0687%,0.0226779999999999,MYGN,82508.0,2019-02-15,252.0,1.7794%,-0.0001,0.7405,0.7226,0.1086,2.9085%,3.0329%,8.0345%,0.006998,MYGN,82508.0,2019-02-19,252.0,0.0636%,-0.0,0.7452,0.7132,0.0976,2.9066%,3.0323%,8.1159%,-0.003293,MYGN,82508.0,2019-02-20,252.0,1.5883%,0.0001,0.7505,0.7338,0.1188,2.9048%,3.0319%,8.2058%,0.012261,MYGN,82508.0,2019-02-21,252.0,-0.8755%,0.0001,0.7515,0.7348,0.1208,2.9050%,3.0320%,8.1993%,-0.005292,MYGN,82508.0,2019-02-22,252.0,2.2397%,0.0001,0.7504,0.7105,0.0852,2.9037%,3.0317%,8.2676%,0.0151469999999999,MYGN,82508.0,2019-02-25,252.0,-1.9130%,0.0001,0.7483,0.7175,0.0811,2.9036%,3.0319%,8.2824%,-0.018355,MYGN,82508.0,2019-02-26,252.0,-4.2466%,-0.0001,0.753,0.7638,0.1081,2.9125%,3.0427%,8.3763%,-0.036509,MYGN,0.022577,0.008726,0.0314039999999999,0.0351089999999999,0.002361
24939,NASDAQ INC,Nasdaq Agrees To Sell BWise To SAI Global; Financial Terms Not Disclosed,6,uncertain,0.6,0.3,"the sale of bwise could be seen as a strategic move that may benefit nasdaq in the long run, but without disclosed financial terms, the immediate impact on stock price is unclear.",1,2019-02-11,NDAQ,2019-02-11 13:04:00+00:00,90601.0,63110310,-0.0041350862011313,556890.0,0.0100346338003873,0.0027643153443932,0.0047961422242224,-0.0012653929879888,-0.0094328243285417,0.0013823609333485,0.0068838740698993,-0.0017249485244974,0.00068365491461,-0.0048065711744129,0.0029606255702674,-0.0074966340325772,-0.0001135574057116,0.0155727127566933,0.0110139800235629,0.0102552725002169,0.0123539809137582,-0.0030208218377083,0.0106500899419188,0.0044345576316118,-0.0032930343877524,0.0082363169640302,0.0084801390767097,0.0030685057863593,0.0045866351574659,0.015947263687849,-0.0200021341443061,0.0031272808555513,-0.0156406387686729,0.0084909861907362,-0.0120576936751604,-0.0062680407427251,-0.0193908624351024,0.0236919801682233,-0.029428856447339,0.0063330703414976,0.0069510326720774,-0.0021065450273454,-0.0023803494405001,0.0018621215131133,0.0146743422374129,0.0072527425363659,-0.0072898901998996,0.0049007209017872,-0.0052386573515832,-0.0028817909769713,0.0082584656774997,-0.0261134766042232,-0.0011870664311572,0.039710696786642,-0.0092702498659491,-0.026913583278656,0.0118761742487549,-0.0069878594949841,-0.0054534571245312,0.0129144536331296,0.0121588306501507,-0.0019829429220408,0.0107171824201941,0.0179135333746671,0.0032626285683363,0.0328338332474231,0.0074332100339233,-0.0347126424312591,0.0086465300992131,-0.0185162313282489,0.0104012312367558,-0.0240934826433658,0.006900459062308,-0.0087174084037542,0.0032580711413174,-0.0177126359194517,-0.0013438157038763,-0.0149064119905233,-0.0066158776171505,-0.005515924654901,0.0019190179882571,-0.0003429103235248,-0.0119423745200038,0.0020616231486201,-0.0022804669570177,0.0024110113736242,-0.0053714425303041,-0.0029762149788439,0.0088475728407502,-0.0281454976648092,0.0076309582218527,-0.0056416164152324,0.0144681669771671,-0.0242849420756101,0.0050138933584094,0.0145641900599002,-0.0023281495086848,0.0102887526154518,-0.0028891488909721,0.0051150792278349,-0.0008915839716792,0.0052537582814693,-0.0052426238544285,0.0003354442596901,0.002915475750342,0.017869334667921,0.0046958648599684,0.006875985302031,0.0176941491663456,-0.0019443917553871,0.0082012033089995,-0.017530033364892,0.0013015483273193,0.0028172188904136,-0.0006498869042843,0.0074931429699063,-0.001517444034107,0.0254977587610483,0.0066218040883541,-0.0311336945742368,-0.0197347328066825,0.0005643685581162,0.00099005876109,-0.0199115369468927,0.0100346338003873,0.0027643153443932,0.0148789035554843,0.0014954244111509,0.0053057291435023,0.0028798525607842,0.012918140551221,-0.0036621619868909,0.0507497311575935,0.0159878063256797,-0.0049643632471212,0.0982717425424763,0.0549789166809762,-0.0320774530862514,2019-02-12,2019-02-13,2019-02-14,2019-02-15,2019-02-19,2019-02-20,2019-02-21,2019-02-22,2019-02-25,2019-02-26,90601.0,2019-02-11,252.0,-0.4135%,0.0006,0.8655,-0.3137,0.269,0.8892%,1.2550%,49.7959%,-0.004075,NDAQ,90601.0,2019-02-12,252.0,1.0035%,0.0006,0.866,-0.3158,0.2696,0.8892%,1.2544%,49.7533%,-0.001316,NDAQ,90601.0,2019-02-13,252.0,0.4796%,0.0006,0.8635,-0.3109,0.2709,0.8884%,1.2493%,49.4259%,0.002272,NDAQ,90601.0,2019-02-14,252.0,-0.9433%,0.0005,0.8641,-0.3141,0.2754,0.8869%,1.2488%,49.5636%,-0.004531,NDAQ,90601.0,2019-02-15,252.0,0.6884%,0.0005,0.8599,-0.3183,0.268,0.8871%,1.2456%,49.2725%,-0.003517,NDAQ,90601.0,2019-02-19,252.0,0.0684%,0.0005,0.8602,-0.32,0.2661,0.8871%,1.2447%,49.2081%,-0.000931,NDAQ,90601.0,2019-02-20,252.0,0.2961%,0.0005,0.8618,-0.309,0.2737,0.8805%,1.2399%,49.5683%,0.0004669999999999,NDAQ,90601.0,2019-02-21,252.0,-0.0114%,0.0006,0.8617,-0.3086,0.2735,0.8807%,1.2398%,49.5392%,0.003388,NDAQ,90601.0,2019-02-22,252.0,1.1014%,0.0005,0.8606,-0.3184,0.2519,0.8812%,1.2413%,49.5977%,0.01103,NDAQ,90601.0,2019-02-25,252.0,1.2354%,0.0006,0.8593,-0.3247,0.2436,0.8807%,1.2411%,49.6443%,0.010588,NDAQ,90601.0,2019-02-26,252.0,1.0650%,0.0006,0.8485,-0.3283,0.2338,0.8782%,1.2296%,48.9848%,0.01065,NDAQ,-0.005391,-0.003119,-0.00765,-0.012098,0.024025
24947,NETFLIX INC,Full Court Finance Podcast: Breaking Down Disney And ESPN's Streaming Future,6,uncertain,0.6,0.2,"the discussion of disney and espn's streaming future may have mixed implications for netflix, as it could highlight competition but also potential market shifts that could benefit netflix.",1,2019-02-11,NFLX,2019-02-11 20:46:00+00:00,89393.0,64110L10,-0.0052938871085643,5454563.0,0.0411881804466247,0.008296875283122,-0.0227797105908393,-0.0212385673075914,0.0207522492855787,-0.0101739559322595,-0.0061269728466868,0.0127227222546935,0.0141508625820279,0.0338090024888515,-0.0055537400767207,0.0010309458011761,-0.0081687159836292,-0.0034051653929054,0.0169481690973043,0.0357555784285068,0.0024516959674656,-0.020139455795288,0.002912801457569,-0.0070699132047593,-0.0057539143599569,0.0348362997174263,-0.0131451729685068,0.0145346857607364,-0.0021781590767204,-0.0097490875050425,-0.0175752788782119,-0.0411088243126869,0.0092866318300366,-0.0398935303092002,0.0149872926995158,0.0051224785856902,-0.0194932837039232,-0.0091642225161194,-0.0085082240402698,0.0651769414544105,0.0264873541891574,-0.0137740867212414,-0.0072172894142568,0.0398262552917003,0.0138658955693244,0.0146893747150898,-0.0066166059114038,-0.0009679257054813,0.0073574050329625,0.0156338959932327,0.0054778149351477,0.0597170032560825,-0.0128219341859221,0.0972344875335693,0.0458219572901725,0.0132257658988237,0.0070625068619847,0.0,-0.0446184799075126,0.0452203117311,0.0144594358280301,0.002015080768615,-0.0170931089669466,0.0074703525751829,-0.0183348786085844,0.0846160128712654,0.0035090423189103,-0.0507731437683105,0.0054990337230265,-0.0544553995132446,0.0291675850749015,-0.0232035182416439,0.0020710970275104,-0.0153909111395478,0.0055205011740326,0.030974181368947,-0.0050574578344821,-0.0151401907205581,-0.0064967232756316,-0.0332584343850612,-0.0111630596220493,0.0041472064331173,0.0091308699920773,0.0360319502651691,-0.0021660444326698,-0.0162402838468551,0.0102494517341256,0.0171984508633613,-0.0449067838490009,-0.0627120658755302,-0.0064647132530808,0.0274217072874307,0.0303551368415355,-0.0515673495829105,-0.0131308110430836,0.0145737351849675,0.0158144440501928,-0.0090735759586095,0.0471485778689384,0.0215814840048551,0.0120581397786736,0.0600832179188728,-0.0200581401586532,0.0198906492441892,-0.0157657712697982,0.0100841717794537,0.0177015718072652,-0.012627312913537,-0.0080566080287098,-0.0181661769747734,-0.0034692683257162,-0.0133776608854532,0.0223187487572431,-0.0545403212308883,0.0006599614862352,-0.0132731366902589,0.0157494880259037,0.0116136660799384,-0.0165181551128625,-0.0260529313236475,-0.0216812044382095,0.0011221361346542,-0.0164390113204717,-0.0309750344604253,0.0411881804466247,0.008296875283122,0.0174702150254479,-0.0131179057686126,0.0385850105683074,-0.0231584007056587,0.0468284548274005,0.022715904845628,0.0556503325712012,0.0281615702760751,0.0411881802457709,0.370165989205985,0.0539148604181565,0.1453191564528049,2019-02-12,2019-02-13,2019-02-14,2019-02-15,2019-02-19,2019-02-20,2019-02-21,2019-02-22,2019-02-25,2019-02-26,89393.0,2019-02-11,252.0,-0.5294%,0.0007,1.6675,0.1733,-1.1754,1.9202%,2.9087%,56.4202%,-0.0063019999999999,NFLX,89393.0,2019-02-12,252.0,4.1188%,0.0009,1.6894,0.1567,-1.1612,1.9170%,2.9192%,56.8781%,0.016378,NFLX,89393.0,2019-02-13,252.0,-2.2780%,0.0007,1.6818,0.1583,-1.1677,1.9243%,2.9162%,56.4584%,-0.0268909999999999,NFLX,89393.0,2019-02-14,252.0,2.0752%,0.0008,1.6786,0.1673,-1.1783,1.9262%,2.9187%,56.4437%,0.016588,NFLX,89393.0,2019-02-15,252.0,-0.6127%,0.0007,1.6575,0.146,-1.2155,1.9297%,2.9136%,56.1352%,-0.019957,NFLX,89393.0,2019-02-19,252.0,1.4151%,0.0006,1.6522,0.1655,-1.1931,1.9248%,2.8961%,55.8260%,0.014125,NFLX,89393.0,2019-02-20,252.0,-0.5554%,0.0006,1.6519,0.1675,-1.1935,1.9246%,2.8960%,55.8369%,-0.002595,NFLX,89393.0,2019-02-21,252.0,-0.8169%,0.0006,1.6558,0.1743,-1.1863,1.9243%,2.8966%,55.8684%,-0.004785,NFLX,89393.0,2019-02-22,252.0,1.6948%,0.0005,1.6586,0.1486,-1.1769,1.9230%,2.8979%,55.9657%,-0.012312,NFLX,89393.0,2019-02-25,252.0,0.2452%,0.0005,1.6567,0.148,-1.1842,1.9204%,2.8970%,56.0553%,-0.0018679999999999,NFLX,89393.0,2019-02-26,252.0,0.2913%,0.0005,1.6559,0.146,-1.1857,1.9204%,2.8921%,55.9062%,0.002503,NFLX,0.010076,-0.0168149999999999,-0.0002269999999999,-0.0060589999999999,-0.0251159999999999
24955,N G L ENERGY PARTNERS LP,"NGL Energy shares are trading higher after the company reported Q3 EPS $0.64 beating the $0.09 estimate, and sales of $6.377 billion beating the $5.79 billion estimate.",6,increase,0.85,0.7,the significant earnings and sales beats are likely to boost investor confidence and drive the stock price higher.,2,2019-02-11,NGL,2019-02-11 14:20:00+00:00,12745.0,62913M10,0.0579576939344406,2585813.0,0.0417390912771225,-0.0082116927951574,0.0843072012066841,-0.000911597860977,0.0153964441269636,-0.0248888656497001,0.0356330759823322,-0.0085178697481751,0.0146412746980786,-0.015100697055459,-0.0598845556378364,0.0144680915400385,0.0053722676821053,0.0025597040075808,0.0229007042944431,0.0298769902437925,0.0052239289507269,-0.0035026236437261,-0.0066815256141126,-0.0146678239107132,0.0014947312884032,0.0376007221639156,-0.0268656462430954,0.0044964202679693,0.0007668887265026,0.0018017570255324,0.0061302622780203,-0.0211640000343322,-0.0015232641017064,0.0179533045738935,-0.00305110309273,0.0099728573113679,0.0084162671118974,0.0128557747229933,-0.0113809229806065,0.0401146188378334,0.0245587602257728,-0.0085227414965629,-0.0119850784540176,-0.036496315151453,0.0098559604957699,-0.0170403216034174,-0.0060060005635023,0.0219981465488672,0.0203927848488092,0.0092506408691406,0.0288674607872963,0.0404234901070594,-0.0086330855265259,0.0400400981307029,0.0007257060497067,0.0080726463347673,0.0159536097198724,0.0333680585026741,-0.0149892959743738,0.0158898923546075,0.0123188458383083,0.047724675387144,-0.002147507853806,-0.0525762327015399,-0.0078909369185566,0.064949594438076,0.0021691781003028,-0.0499999299645423,0.0122655183076858,0.0140236411243677,0.0028510307893157,-0.0540816038846969,-0.0028429254889488,0.0187110509723424,-0.0071275429800152,-0.0263158120214939,0.0201004836708307,-0.0313725210726261,-0.0007037458708509,0.0039370041340589,-0.0014084158465266,0.035677820444107,-0.0077574476599693,0.0,-0.0063965995796024,0.002042947569862,0.0014306479133665,-0.0287698376923799,0.0049999780021607,0.0338461473584175,0.0028429254889488,0.0241596139967441,0.0056697325780987,-0.0083333253860473,0.0035236217081546,0.034482829272747,0.0,-0.0520939975976944,0.0224719569087028,0.0197916217148304,-0.0013736577238887,0.0041840961202979,0.009628633968532,-0.0254841987043619,0.000681149540469,0.0380953028798103,-0.0129339406266808,-0.0186916198581457,0.0013793419348075,0.0321543626487255,-0.0179063510149717,-0.0361570641398429,-0.0098176961764693,0.0020704409107565,-0.0424928776919841,0.0031152369920164,0.0258875302970409,0.016895443201065,0.0108147235587239,-0.0287179220467805,0.0051357075572013,-0.0384615696966648,-0.0102189341560006,-0.0164888519793748,0.0417390912771225,-0.0082116927951574,0.1295651984502912,-0.0091158048945474,0.1469564859159937,-0.0337777885009383,0.2052173613631172,-0.0564742912738349,0.163478270503266,-0.0296094594986751,0.2121738788635616,0.1826315729864722,0.212869348311921,0.0908657648155066,2019-02-12,2019-02-13,2019-02-14,2019-02-15,2019-02-19,2019-02-20,2019-02-21,2019-02-22,2019-02-25,2019-02-26,12745.0,2019-02-11,252.0,5.7958%,-0.0003,1.0481,1.1212,0.6761,2.7395%,2.9676%,14.7784%,0.0478,NGL,12745.0,2019-02-12,252.0,4.1739%,0.0006,1.1698,0.9866,0.7623,2.4921%,2.7735%,19.2603%,0.02831,NGL,12745.0,2019-02-13,252.0,8.4307%,0.0009,1.179,1.0031,0.7845,2.5413%,2.8215%,18.8745%,0.079806,NGL,12745.0,2019-02-14,252.0,1.5396%,0.0008,1.1739,1.0112,0.7778,2.5404%,2.8195%,18.8203%,0.017106,NGL,12745.0,2019-02-15,252.0,3.5633%,0.001,1.2017,1.0379,0.8252,2.5383%,2.8279%,19.4298%,0.016007,NGL,12745.0,2019-02-19,252.0,1.4641%,0.0012,1.2176,1.0208,0.8046,2.5213%,2.8186%,19.9806%,0.006773,NGL,12745.0,2019-02-20,252.0,-5.9885%,0.0009,1.1987,0.9818,0.7382,2.5592%,2.8448%,19.0691%,-0.068969,NGL,12745.0,2019-02-21,252.0,0.5372%,0.0009,1.2046,0.9963,0.749,2.5559%,2.8441%,19.2417%,0.012093,NGL,12745.0,2019-02-22,252.0,2.2901%,0.0009,1.2019,0.9974,0.7175,2.5588%,2.8471%,19.2321%,0.020501,NGL,12745.0,2019-02-25,252.0,0.5224%,0.0011,1.1984,0.9909,0.7013,2.5523%,2.8402%,19.2456%,0.007206,NGL,12745.0,2019-02-26,252.0,-0.6682%,0.0011,1.2068,0.9791,0.7015,2.5506%,2.8406%,19.3759%,0.003792,NGL,0.07611,0.155916,0.173022,0.195802,0.1704249999999999
24963,N G L ENERGY PARTNERS LP,"NGL Energy Partners Q3 EPS $0.64 May Not Compare to $0.09 Estimate, Sales $6.377B Beat $5.79B Estimate",6,increase,0.8,0.7,"the significant beat in sales and a strong eps figure, despite not meeting the estimate, suggests positive performance that could drive investor interest and increase the stock price.",2,2019-02-11,NGL,2019-02-11 11:40:00+00:00,12745.0,62913M10,0.0579576939344406,2585813.0,0.0417390912771225,-0.0082116927951574,0.0843072012066841,-0.000911597860977,0.0153964441269636,-0.0248888656497001,0.0356330759823322,-0.0085178697481751,0.0146412746980786,-0.015100697055459,-0.0598845556378364,0.0144680915400385,0.0053722676821053,0.0025597040075808,0.0229007042944431,0.0298769902437925,0.0052239289507269,-0.0035026236437261,-0.0066815256141126,-0.0146678239107132,0.0014947312884032,0.0376007221639156,-0.0268656462430954,0.0044964202679693,0.0007668887265026,0.0018017570255324,0.0061302622780203,-0.0211640000343322,-0.0015232641017064,0.0179533045738935,-0.00305110309273,0.0099728573113679,0.0084162671118974,0.0128557747229933,-0.0113809229806065,0.0401146188378334,0.0245587602257728,-0.0085227414965629,-0.0119850784540176,-0.036496315151453,0.0098559604957699,-0.0170403216034174,-0.0060060005635023,0.0219981465488672,0.0203927848488092,0.0092506408691406,0.0288674607872963,0.0404234901070594,-0.0086330855265259,0.0400400981307029,0.0007257060497067,0.0080726463347673,0.0159536097198724,0.0333680585026741,-0.0149892959743738,0.0158898923546075,0.0123188458383083,0.047724675387144,-0.002147507853806,-0.0525762327015399,-0.0078909369185566,0.064949594438076,0.0021691781003028,-0.0499999299645423,0.0122655183076858,0.0140236411243677,0.0028510307893157,-0.0540816038846969,-0.0028429254889488,0.0187110509723424,-0.0071275429800152,-0.0263158120214939,0.0201004836708307,-0.0313725210726261,-0.0007037458708509,0.0039370041340589,-0.0014084158465266,0.035677820444107,-0.0077574476599693,0.0,-0.0063965995796024,0.002042947569862,0.0014306479133665,-0.0287698376923799,0.0049999780021607,0.0338461473584175,0.0028429254889488,0.0241596139967441,0.0056697325780987,-0.0083333253860473,0.0035236217081546,0.034482829272747,0.0,-0.0520939975976944,0.0224719569087028,0.0197916217148304,-0.0013736577238887,0.0041840961202979,0.009628633968532,-0.0254841987043619,0.000681149540469,0.0380953028798103,-0.0129339406266808,-0.0186916198581457,0.0013793419348075,0.0321543626487255,-0.0179063510149717,-0.0361570641398429,-0.0098176961764693,0.0020704409107565,-0.0424928776919841,0.0031152369920164,0.0258875302970409,0.016895443201065,0.0108147235587239,-0.0287179220467805,0.0051357075572013,-0.0384615696966648,-0.0102189341560006,-0.0164888519793748,0.0417390912771225,-0.0082116927951574,0.1295651984502912,-0.0091158048945474,0.1469564859159937,-0.0337777885009383,0.2052173613631172,-0.0564742912738349,0.163478270503266,-0.0296094594986751,0.2121738788635616,0.1826315729864722,0.212869348311921,0.0908657648155066,2019-02-12,2019-02-13,2019-02-14,2019-02-15,2019-02-19,2019-02-20,2019-02-21,2019-02-22,2019-02-25,2019-02-26,12745.0,2019-02-11,252.0,5.7958%,-0.0003,1.0481,1.1212,0.6761,2.7395%,2.9676%,14.7784%,0.0478,NGL,12745.0,2019-02-12,252.0,4.1739%,0.0006,1.1698,0.9866,0.7623,2.4921%,2.7735%,19.2603%,0.02831,NGL,12745.0,2019-02-13,252.0,8.4307%,0.0009,1.179,1.0031,0.7845,2.5413%,2.8215%,18.8745%,0.079806,NGL,12745.0,2019-02-14,252.0,1.5396%,0.0008,1.1739,1.0112,0.7778,2.5404%,2.8195%,18.8203%,0.017106,NGL,12745.0,2019-02-15,252.0,3.5633%,0.001,1.2017,1.0379,0.8252,2.5383%,2.8279%,19.4298%,0.016007,NGL,12745.0,2019-02-19,252.0,1.4641%,0.0012,1.2176,1.0208,0.8046,2.5213%,2.8186%,19.9806%,0.006773,NGL,12745.0,2019-02-20,252.0,-5.9885%,0.0009,1.1987,0.9818,0.7382,2.5592%,2.8448%,19.0691%,-0.068969,NGL,12745.0,2019-02-21,252.0,0.5372%,0.0009,1.2046,0.9963,0.749,2.5559%,2.8441%,19.2417%,0.012093,NGL,12745.0,2019-02-22,252.0,2.2901%,0.0009,1.2019,0.9974,0.7175,2.5588%,2.8471%,19.2321%,0.020501,NGL,12745.0,2019-02-25,252.0,0.5224%,0.0011,1.1984,0.9909,0.7013,2.5523%,2.8402%,19.2456%,0.007206,NGL,12745.0,2019-02-26,252.0,-0.6682%,0.0011,1.2068,0.9791,0.7015,2.5506%,2.8406%,19.3759%,0.003792,NGL,0.07611,0.155916,0.173022,0.195802,0.1704249999999999
24971,NORFOLK SOUTHERN CORP,Norfolk Southern shares are trading higher after the company announced goals to increase sales 5% per year through 2021 with a 60% operating ratio.,6,increase,0.8,0.6,"the announcement of specific growth goals and an improved operating ratio typically signals positive performance expectations, which can boost investor confidence and lead to a rise in stock price.",2,2019-02-11,NSC,2019-02-11 14:48:00+00:00,64311.0,65584410,0.0320190712809562,4588754.0,0.0206838306039571,0.005807505454868,0.0018824889557436,0.0088176438584923,0.0043105762451887,0.0005920822150073,0.006273039150983,-0.0062959226779639,-0.0006015235558152,0.0024774267803877,0.0039943698793649,0.0157982185482978,-0.0029974551871418,-0.0038009227719157,0.0019678615499287,0.0086863487958908,-0.0103109618648886,0.0068761650472879,-0.0049611879512667,0.0040576439350843,0.0017174273962154,-0.0049415891990065,-0.0084061734378337,0.0105352634564042,-0.0023982594721019,-0.0068343393504619,0.0051993513479828,-0.021946208551526,-0.0109010385349392,0.0240489523857832,0.0061853695660829,0.0139426589012146,-0.0012853231746703,0.0019693030044436,-0.0107996631413698,-0.0075128003954887,0.0229663848876953,0.0008558466215617,-0.0082392739132046,0.0134440129622817,0.0024532319512218,0.0150934485718607,-0.0044495677575469,0.0151302041485905,0.0029610523488372,0.0334498360753059,0.0167669039219617,0.0069089788012206,-0.0205445680767297,0.0452020168304443,-0.0029086265712976,-0.0369131304323673,0.0131830256432294,0.0,-0.0147832240909338,0.0103371310979127,0.0105091324076056,-0.0060439803637564,0.0090094832703471,0.0110673876479268,0.005456680431962,0.0535804107785224,0.0217629708349704,-0.0317911878228187,0.0026825473178178,-0.0106893079355359,0.0355823971331119,-0.0067378361709415,-0.002790086204186,-0.0096387704834342,-0.0037305762525647,0.005285260733217,-0.0040045990608632,-0.0218717064708471,0.0035507699940353,-0.0421533733606338,0.0095738396048545,0.0052329758182168,-0.0065969116985797,0.0075874011963605,-0.0007263262523338,-0.0023094727657735,0.0029593065846711,-0.0070705176331102,0.015374269336462,-0.0320611447095871,-0.0123884417116642,-0.0223039183765649,-0.0025810447987169,-0.0365315005183219,0.0200807619839906,0.0084338011220097,0.0075088567100465,0.013654732145369,0.0146540617570281,0.0033955282997339,0.0008933081990107,0.0311424564570188,0.0249417312443256,-0.0079824356362223,-0.0188195426017046,0.0012813101056963,0.0065578711219131,-0.014135374687612,-0.0063681937754154,0.0215053763240575,0.0058174324221909,-0.0456224642693996,-0.0187236908823251,-0.0088346656411886,0.0089410990476608,-0.0048010284081101,0.0195395648479461,0.0327360294759273,-0.0039013121277093,0.0034767207689583,-0.0150298252701759,-0.0011375796748325,0.001789356349036,-0.0194340813905,0.0206838306039571,0.005807505454868,0.0226052566423751,0.0146763578281676,0.0270132745698628,0.0152771296536262,0.0328341210608422,0.0113844621237977,0.0201186649410853,0.0436640153376617,0.025317863871368,0.170082822963264,0.1438926399377864,0.0118000708477372,2019-02-12,2019-02-13,2019-02-14,2019-02-15,2019-02-19,2019-02-20,2019-02-21,2019-02-22,2019-02-25,2019-02-26,64311.0,2019-02-11,252.0,3.2019%,0.0011,1.1573,-0.0039,0.4228,1.2420%,1.6942%,46.2602%,0.0296369999999999,NSC,64311.0,2019-02-12,252.0,2.0684%,0.0011,1.1643,-0.0096,0.4274,1.2413%,1.6978%,46.5457%,0.005564,NSC,64311.0,2019-02-13,252.0,0.1882%,0.0011,1.1655,-0.0128,0.4261,1.2412%,1.6963%,46.4632%,-0.001771,NSC,64311.0,2019-02-14,252.0,0.4311%,0.0012,1.1637,-0.0084,0.4212,1.2422%,1.6964%,46.3799%,0.009196,NSC,64311.0,2019-02-15,252.0,0.6273%,0.0011,1.1628,-0.0102,0.4184,1.2431%,1.6948%,46.2076%,-0.008977,NSC,64311.0,2019-02-19,252.0,-0.0602%,0.0012,1.1654,-0.0187,0.4087,1.2413%,1.6949%,46.3647%,-0.004136,NSC,64311.0,2019-02-20,252.0,0.3994%,0.0012,1.165,-0.0195,0.4071,1.2413%,1.6950%,46.3663%,-0.000527,NSC,64311.0,2019-02-21,252.0,-0.2997%,0.0012,1.1607,-0.0282,0.3992,1.2392%,1.6907%,46.2762%,0.002136,NSC,64311.0,2019-02-22,252.0,0.1968%,0.0012,1.1605,-0.0215,0.4036,1.2388%,1.6897%,46.2460%,0.000346,NSC,64311.0,2019-02-25,252.0,-1.0311%,0.0011,1.1628,-0.013,0.4164,1.2356%,1.6877%,46.3994%,-0.0114809999999999,NSC,64311.0,2019-02-26,252.0,-0.4961%,0.0011,1.1697,-0.0155,0.4204,1.2340%,1.6876%,46.5339%,-0.00191,NSC,0.0352009999999999,0.0334299999999999,0.042626,0.0295129999999999,0.018077
24979,NORFOLK SOUTHERN CORP,Norfolk Southern Announces Strategic Plan Targeting A 60% Operating Ratio At Investor And Financial Analyst Conference,6,increase,0.75,0.6,"the announcement of a strategic plan targeting a 60% operating ratio suggests improved efficiency and profitability, which is likely to be viewed positively by investors.",2,2019-02-11,NSC,2019-02-11 14:03:00+00:00,64311.0,65584410,0.0320190712809562,4588754.0,0.0206838306039571,0.005807505454868,0.0018824889557436,0.0088176438584923,0.0043105762451887,0.0005920822150073,0.006273039150983,-0.0062959226779639,-0.0006015235558152,0.0024774267803877,0.0039943698793649,0.0157982185482978,-0.0029974551871418,-0.0038009227719157,0.0019678615499287,0.0086863487958908,-0.0103109618648886,0.0068761650472879,-0.0049611879512667,0.0040576439350843,0.0017174273962154,-0.0049415891990065,-0.0084061734378337,0.0105352634564042,-0.0023982594721019,-0.0068343393504619,0.0051993513479828,-0.021946208551526,-0.0109010385349392,0.0240489523857832,0.0061853695660829,0.0139426589012146,-0.0012853231746703,0.0019693030044436,-0.0107996631413698,-0.0075128003954887,0.0229663848876953,0.0008558466215617,-0.0082392739132046,0.0134440129622817,0.0024532319512218,0.0150934485718607,-0.0044495677575469,0.0151302041485905,0.0029610523488372,0.0334498360753059,0.0167669039219617,0.0069089788012206,-0.0205445680767297,0.0452020168304443,-0.0029086265712976,-0.0369131304323673,0.0131830256432294,0.0,-0.0147832240909338,0.0103371310979127,0.0105091324076056,-0.0060439803637564,0.0090094832703471,0.0110673876479268,0.005456680431962,0.0535804107785224,0.0217629708349704,-0.0317911878228187,0.0026825473178178,-0.0106893079355359,0.0355823971331119,-0.0067378361709415,-0.002790086204186,-0.0096387704834342,-0.0037305762525647,0.005285260733217,-0.0040045990608632,-0.0218717064708471,0.0035507699940353,-0.0421533733606338,0.0095738396048545,0.0052329758182168,-0.0065969116985797,0.0075874011963605,-0.0007263262523338,-0.0023094727657735,0.0029593065846711,-0.0070705176331102,0.015374269336462,-0.0320611447095871,-0.0123884417116642,-0.0223039183765649,-0.0025810447987169,-0.0365315005183219,0.0200807619839906,0.0084338011220097,0.0075088567100465,0.013654732145369,0.0146540617570281,0.0033955282997339,0.0008933081990107,0.0311424564570188,0.0249417312443256,-0.0079824356362223,-0.0188195426017046,0.0012813101056963,0.0065578711219131,-0.014135374687612,-0.0063681937754154,0.0215053763240575,0.0058174324221909,-0.0456224642693996,-0.0187236908823251,-0.0088346656411886,0.0089410990476608,-0.0048010284081101,0.0195395648479461,0.0327360294759273,-0.0039013121277093,0.0034767207689583,-0.0150298252701759,-0.0011375796748325,0.001789356349036,-0.0194340813905,0.0206838306039571,0.005807505454868,0.0226052566423751,0.0146763578281676,0.0270132745698628,0.0152771296536262,0.0328341210608422,0.0113844621237977,0.0201186649410853,0.0436640153376617,0.025317863871368,0.170082822963264,0.1438926399377864,0.0118000708477372,2019-02-12,2019-02-13,2019-02-14,2019-02-15,2019-02-19,2019-02-20,2019-02-21,2019-02-22,2019-02-25,2019-02-26,64311.0,2019-02-11,252.0,3.2019%,0.0011,1.1573,-0.0039,0.4228,1.2420%,1.6942%,46.2602%,0.0296369999999999,NSC,64311.0,2019-02-12,252.0,2.0684%,0.0011,1.1643,-0.0096,0.4274,1.2413%,1.6978%,46.5457%,0.005564,NSC,64311.0,2019-02-13,252.0,0.1882%,0.0011,1.1655,-0.0128,0.4261,1.2412%,1.6963%,46.4632%,-0.001771,NSC,64311.0,2019-02-14,252.0,0.4311%,0.0012,1.1637,-0.0084,0.4212,1.2422%,1.6964%,46.3799%,0.009196,NSC,64311.0,2019-02-15,252.0,0.6273%,0.0011,1.1628,-0.0102,0.4184,1.2431%,1.6948%,46.2076%,-0.008977,NSC,64311.0,2019-02-19,252.0,-0.0602%,0.0012,1.1654,-0.0187,0.4087,1.2413%,1.6949%,46.3647%,-0.004136,NSC,64311.0,2019-02-20,252.0,0.3994%,0.0012,1.165,-0.0195,0.4071,1.2413%,1.6950%,46.3663%,-0.000527,NSC,64311.0,2019-02-21,252.0,-0.2997%,0.0012,1.1607,-0.0282,0.3992,1.2392%,1.6907%,46.2762%,0.002136,NSC,64311.0,2019-02-22,252.0,0.1968%,0.0012,1.1605,-0.0215,0.4036,1.2388%,1.6897%,46.2460%,0.000346,NSC,64311.0,2019-02-25,252.0,-1.0311%,0.0011,1.1628,-0.013,0.4164,1.2356%,1.6877%,46.3994%,-0.0114809999999999,NSC,64311.0,2019-02-26,252.0,-0.4961%,0.0011,1.1697,-0.0155,0.4204,1.2340%,1.6876%,46.5339%,-0.00191,NSC,0.0352009999999999,0.0334299999999999,0.042626,0.0295129999999999,0.018077
24987,INSPERITY INC,Insperity shares are trading higher after the company said it expects Q1 EPS of $1.85 to $1.91 versus the $1.58 analyst estimate.,6,increase,0.8,0.7,"the positive earnings per share (eps) forecast exceeding analyst estimates typically signals strong financial performance, which is likely to boost investor confidence and increase the stock price.",2,2019-02-11,NSP,2019-02-11 14:50:00+00:00,84385.0,45778Q10,0.1899909824132919,1109276.0,-0.0579677298665046,0.0180850196629762,-0.0165701210498809,-0.006928636226803,0.0232291538268327,0.0015522808535024,0.037010371685028,0.0181277021765708,7.715845276834443e-05,0.0052331327460706,-0.0131802577525377,0.0030933804810047,0.0089041581377387,0.0120481606572866,0.0095223020762205,0.0174710936844348,-0.0180981643497943,-0.0013495218008756,-0.0150733580812811,-0.0139720672741532,-0.0004757557471748,0.0292506143450737,0.001745288260281,-0.005061287432909,0.0120377307757735,0.0250423476099968,-0.0205806177109479,-0.0045684683136641,-0.0044743143953382,0.0184080060571432,-0.019823445007205,0.0273275654762983,0.0034390059299767,0.0081709492951631,-0.0079151466488838,0.0096244951710104,0.0167790818959474,-0.0069320034235715,0.0011324979132041,0.0023160462733358,0.0005655838176608,0.0122549189254641,0.0083380453288555,0.01175198238343,-0.0115606524050235,0.0262226462364196,0.0108836609870195,-0.0235522948205471,0.0012052187230437,0.0432821959257125,-0.0068212701007723,-0.0354425087571144,0.0259372908622026,-0.0147814610973,-0.0509569272398948,0.019102718681097,-0.0014107731403782,-0.0060757030732929,0.0190310049802064,0.0062227044254541,-0.0075029013678431,0.0472161546349525,0.0018899207934737,-0.0091753238812088,0.0141884963959455,-0.0187840666621923,0.0183567572385072,-0.0201480984687805,0.0027793096378445,-0.0086374757811427,0.0260532833635807,0.000324078311678,-0.0065602073445916,-0.0185499265789985,-0.0024083091411739,-0.0274227187037468,-0.0044389637187123,0.0009286589338444,-0.0093084704130887,0.0083065740764141,0.0112120471894741,0.0073213777504861,0.0121026607230305,0.0145373810082674,-0.0017743846401572,-0.0266474056988954,-0.0040961341001093,-0.0126452976837754,-0.001940089976415,-0.0487923063337802,-0.0290801487863063,0.0304877590388059,-0.0305117722600698,0.0174939092248678,0.008838590234518,-0.0087710730731487,0.01080815307796,0.0225773453712463,-0.0007290104404091,-0.0127226458862423,-0.0137807792052626,0.0134090054780244,0.0064113000407814,-0.0124274343252182,-0.0503920763731002,0.0172002483159303,0.0282962154597044,-0.0333533100783824,-0.0086985696107149,-0.0110935298725962,0.0106311356648802,-0.0566249080002307,0.0121055655181407,0.0205988567322492,-0.0018147423397749,-0.0786398127675056,-0.0304107125848531,-0.0035023337695747,-0.0010227797320112,-0.0110832005739212,-0.0579677298665046,0.0180850196629762,-0.0735773186155108,0.0110310789137737,-0.0520573036409637,0.0126004830998676,-0.016897743315945,0.0363517358407166,-0.0444040310045972,0.054082336110768,-0.0685929210362991,0.2106987311501165,-0.1096866716761209,-0.0377619180243504,2019-02-12,2019-02-13,2019-02-14,2019-02-15,2019-02-19,2019-02-20,2019-02-21,2019-02-22,2019-02-25,2019-02-26,84385.0,2019-02-11,252.0,18.9991%,0.0032,1.1295,0.6281,-0.2958,2.0276%,2.4394%,30.9112%,0.186564,NSP,84385.0,2019-02-12,252.0,-5.7968%,0.0029,1.0841,0.6298,-0.3193,2.0841%,2.4673%,28.6496%,-0.074057,NSP,84385.0,2019-02-13,252.0,-1.6570%,0.0026,1.0557,0.6686,-0.3179,2.0604%,2.4345%,28.3695%,-0.01986,NSP,84385.0,2019-02-14,252.0,2.3229%,0.0026,1.0517,0.6782,-0.3287,2.0633%,2.4378%,28.3636%,0.020025,NSP,84385.0,2019-02-15,252.0,3.7010%,0.0026,1.0478,0.677,-0.3319,2.0632%,2.4352%,28.2179%,0.024908,NSP,84385.0,2019-02-19,252.0,0.0077%,0.0026,1.0437,0.6776,-0.3309,2.0627%,2.4310%,28.0104%,-0.0029809999999999,NSP,84385.0,2019-02-20,252.0,-1.3180%,0.0027,1.0432,0.6971,-0.3272,2.0445%,2.4167%,28.4322%,-0.014934,NSP,84385.0,2019-02-21,252.0,0.8904%,0.0027,1.0484,0.7097,-0.3178,2.0413%,2.4158%,28.6026%,0.0124,NSP,84385.0,2019-02-22,252.0,0.9522%,0.0026,1.0505,0.6854,-0.3148,2.0393%,2.4139%,28.6294%,-0.005967,NSP,84385.0,2019-02-25,252.0,-1.8098%,0.0025,1.0511,0.6964,-0.3069,2.0434%,2.4173%,28.5421%,-0.0185579999999999,NSP,84385.0,2019-02-26,252.0,-1.5073%,0.0024,1.0549,0.7101,-0.2971,2.0449%,2.4189%,28.5327%,-0.0100469999999999,NSP,0.112507,0.092647,0.112672,0.134599,0.097493
24995,INSPERITY INC,Insperity Sees FY2019 EPS $4.37-4.69 vs $4.31 Est,6,increase,0.75,0.6,"the company's projected eps for fy2019 exceeds the analyst estimate, which is likely to be viewed positively by investors, potentially driving the stock price up.",2,2019-02-11,NSP,2019-02-11 12:05:00+00:00,84385.0,45778Q10,0.1899909824132919,1109276.0,-0.0579677298665046,0.0180850196629762,-0.0165701210498809,-0.006928636226803,0.0232291538268327,0.0015522808535024,0.037010371685028,0.0181277021765708,7.715845276834443e-05,0.0052331327460706,-0.0131802577525377,0.0030933804810047,0.0089041581377387,0.0120481606572866,0.0095223020762205,0.0174710936844348,-0.0180981643497943,-0.0013495218008756,-0.0150733580812811,-0.0139720672741532,-0.0004757557471748,0.0292506143450737,0.001745288260281,-0.005061287432909,0.0120377307757735,0.0250423476099968,-0.0205806177109479,-0.0045684683136641,-0.0044743143953382,0.0184080060571432,-0.019823445007205,0.0273275654762983,0.0034390059299767,0.0081709492951631,-0.0079151466488838,0.0096244951710104,0.0167790818959474,-0.0069320034235715,0.0011324979132041,0.0023160462733358,0.0005655838176608,0.0122549189254641,0.0083380453288555,0.01175198238343,-0.0115606524050235,0.0262226462364196,0.0108836609870195,-0.0235522948205471,0.0012052187230437,0.0432821959257125,-0.0068212701007723,-0.0354425087571144,0.0259372908622026,-0.0147814610973,-0.0509569272398948,0.019102718681097,-0.0014107731403782,-0.0060757030732929,0.0190310049802064,0.0062227044254541,-0.0075029013678431,0.0472161546349525,0.0018899207934737,-0.0091753238812088,0.0141884963959455,-0.0187840666621923,0.0183567572385072,-0.0201480984687805,0.0027793096378445,-0.0086374757811427,0.0260532833635807,0.000324078311678,-0.0065602073445916,-0.0185499265789985,-0.0024083091411739,-0.0274227187037468,-0.0044389637187123,0.0009286589338444,-0.0093084704130887,0.0083065740764141,0.0112120471894741,0.0073213777504861,0.0121026607230305,0.0145373810082674,-0.0017743846401572,-0.0266474056988954,-0.0040961341001093,-0.0126452976837754,-0.001940089976415,-0.0487923063337802,-0.0290801487863063,0.0304877590388059,-0.0305117722600698,0.0174939092248678,0.008838590234518,-0.0087710730731487,0.01080815307796,0.0225773453712463,-0.0007290104404091,-0.0127226458862423,-0.0137807792052626,0.0134090054780244,0.0064113000407814,-0.0124274343252182,-0.0503920763731002,0.0172002483159303,0.0282962154597044,-0.0333533100783824,-0.0086985696107149,-0.0110935298725962,0.0106311356648802,-0.0566249080002307,0.0121055655181407,0.0205988567322492,-0.0018147423397749,-0.0786398127675056,-0.0304107125848531,-0.0035023337695747,-0.0010227797320112,-0.0110832005739212,-0.0579677298665046,0.0180850196629762,-0.0735773186155108,0.0110310789137737,-0.0520573036409637,0.0126004830998676,-0.016897743315945,0.0363517358407166,-0.0444040310045972,0.054082336110768,-0.0685929210362991,0.2106987311501165,-0.1096866716761209,-0.0377619180243504,2019-02-12,2019-02-13,2019-02-14,2019-02-15,2019-02-19,2019-02-20,2019-02-21,2019-02-22,2019-02-25,2019-02-26,84385.0,2019-02-11,252.0,18.9991%,0.0032,1.1295,0.6281,-0.2958,2.0276%,2.4394%,30.9112%,0.186564,NSP,84385.0,2019-02-12,252.0,-5.7968%,0.0029,1.0841,0.6298,-0.3193,2.0841%,2.4673%,28.6496%,-0.074057,NSP,84385.0,2019-02-13,252.0,-1.6570%,0.0026,1.0557,0.6686,-0.3179,2.0604%,2.4345%,28.3695%,-0.01986,NSP,84385.0,2019-02-14,252.0,2.3229%,0.0026,1.0517,0.6782,-0.3287,2.0633%,2.4378%,28.3636%,0.020025,NSP,84385.0,2019-02-15,252.0,3.7010%,0.0026,1.0478,0.677,-0.3319,2.0632%,2.4352%,28.2179%,0.024908,NSP,84385.0,2019-02-19,252.0,0.0077%,0.0026,1.0437,0.6776,-0.3309,2.0627%,2.4310%,28.0104%,-0.0029809999999999,NSP,84385.0,2019-02-20,252.0,-1.3180%,0.0027,1.0432,0.6971,-0.3272,2.0445%,2.4167%,28.4322%,-0.014934,NSP,84385.0,2019-02-21,252.0,0.8904%,0.0027,1.0484,0.7097,-0.3178,2.0413%,2.4158%,28.6026%,0.0124,NSP,84385.0,2019-02-22,252.0,0.9522%,0.0026,1.0505,0.6854,-0.3148,2.0393%,2.4139%,28.6294%,-0.005967,NSP,84385.0,2019-02-25,252.0,-1.8098%,0.0025,1.0511,0.6964,-0.3069,2.0434%,2.4173%,28.5421%,-0.0185579999999999,NSP,84385.0,2019-02-26,252.0,-1.5073%,0.0024,1.0549,0.7101,-0.2971,2.0449%,2.4189%,28.5327%,-0.0100469999999999,NSP,0.112507,0.092647,0.112672,0.134599,0.097493
25003,INSPERITY INC,Insperity Sees Q1 EPS $1.85-1.91 vs $1.58 Est,6,increase,0.8,0.6,"the positive earnings per share (eps) forecast exceeding analyst estimates typically signals strong financial performance, which can lead to an increase in stock price.",2,2019-02-11,NSP,2019-02-11 12:04:00+00:00,84385.0,45778Q10,0.1899909824132919,1109276.0,-0.0579677298665046,0.0180850196629762,-0.0165701210498809,-0.006928636226803,0.0232291538268327,0.0015522808535024,0.037010371685028,0.0181277021765708,7.715845276834443e-05,0.0052331327460706,-0.0131802577525377,0.0030933804810047,0.0089041581377387,0.0120481606572866,0.0095223020762205,0.0174710936844348,-0.0180981643497943,-0.0013495218008756,-0.0150733580812811,-0.0139720672741532,-0.0004757557471748,0.0292506143450737,0.001745288260281,-0.005061287432909,0.0120377307757735,0.0250423476099968,-0.0205806177109479,-0.0045684683136641,-0.0044743143953382,0.0184080060571432,-0.019823445007205,0.0273275654762983,0.0034390059299767,0.0081709492951631,-0.0079151466488838,0.0096244951710104,0.0167790818959474,-0.0069320034235715,0.0011324979132041,0.0023160462733358,0.0005655838176608,0.0122549189254641,0.0083380453288555,0.01175198238343,-0.0115606524050235,0.0262226462364196,0.0108836609870195,-0.0235522948205471,0.0012052187230437,0.0432821959257125,-0.0068212701007723,-0.0354425087571144,0.0259372908622026,-0.0147814610973,-0.0509569272398948,0.019102718681097,-0.0014107731403782,-0.0060757030732929,0.0190310049802064,0.0062227044254541,-0.0075029013678431,0.0472161546349525,0.0018899207934737,-0.0091753238812088,0.0141884963959455,-0.0187840666621923,0.0183567572385072,-0.0201480984687805,0.0027793096378445,-0.0086374757811427,0.0260532833635807,0.000324078311678,-0.0065602073445916,-0.0185499265789985,-0.0024083091411739,-0.0274227187037468,-0.0044389637187123,0.0009286589338444,-0.0093084704130887,0.0083065740764141,0.0112120471894741,0.0073213777504861,0.0121026607230305,0.0145373810082674,-0.0017743846401572,-0.0266474056988954,-0.0040961341001093,-0.0126452976837754,-0.001940089976415,-0.0487923063337802,-0.0290801487863063,0.0304877590388059,-0.0305117722600698,0.0174939092248678,0.008838590234518,-0.0087710730731487,0.01080815307796,0.0225773453712463,-0.0007290104404091,-0.0127226458862423,-0.0137807792052626,0.0134090054780244,0.0064113000407814,-0.0124274343252182,-0.0503920763731002,0.0172002483159303,0.0282962154597044,-0.0333533100783824,-0.0086985696107149,-0.0110935298725962,0.0106311356648802,-0.0566249080002307,0.0121055655181407,0.0205988567322492,-0.0018147423397749,-0.0786398127675056,-0.0304107125848531,-0.0035023337695747,-0.0010227797320112,-0.0110832005739212,-0.0579677298665046,0.0180850196629762,-0.0735773186155108,0.0110310789137737,-0.0520573036409637,0.0126004830998676,-0.016897743315945,0.0363517358407166,-0.0444040310045972,0.054082336110768,-0.0685929210362991,0.2106987311501165,-0.1096866716761209,-0.0377619180243504,2019-02-12,2019-02-13,2019-02-14,2019-02-15,2019-02-19,2019-02-20,2019-02-21,2019-02-22,2019-02-25,2019-02-26,84385.0,2019-02-11,252.0,18.9991%,0.0032,1.1295,0.6281,-0.2958,2.0276%,2.4394%,30.9112%,0.186564,NSP,84385.0,2019-02-12,252.0,-5.7968%,0.0029,1.0841,0.6298,-0.3193,2.0841%,2.4673%,28.6496%,-0.074057,NSP,84385.0,2019-02-13,252.0,-1.6570%,0.0026,1.0557,0.6686,-0.3179,2.0604%,2.4345%,28.3695%,-0.01986,NSP,84385.0,2019-02-14,252.0,2.3229%,0.0026,1.0517,0.6782,-0.3287,2.0633%,2.4378%,28.3636%,0.020025,NSP,84385.0,2019-02-15,252.0,3.7010%,0.0026,1.0478,0.677,-0.3319,2.0632%,2.4352%,28.2179%,0.024908,NSP,84385.0,2019-02-19,252.0,0.0077%,0.0026,1.0437,0.6776,-0.3309,2.0627%,2.4310%,28.0104%,-0.0029809999999999,NSP,84385.0,2019-02-20,252.0,-1.3180%,0.0027,1.0432,0.6971,-0.3272,2.0445%,2.4167%,28.4322%,-0.014934,NSP,84385.0,2019-02-21,252.0,0.8904%,0.0027,1.0484,0.7097,-0.3178,2.0413%,2.4158%,28.6026%,0.0124,NSP,84385.0,2019-02-22,252.0,0.9522%,0.0026,1.0505,0.6854,-0.3148,2.0393%,2.4139%,28.6294%,-0.005967,NSP,84385.0,2019-02-25,252.0,-1.8098%,0.0025,1.0511,0.6964,-0.3069,2.0434%,2.4173%,28.5421%,-0.0185579999999999,NSP,84385.0,2019-02-26,252.0,-1.5073%,0.0024,1.0549,0.7101,-0.2971,2.0449%,2.4189%,28.5327%,-0.0100469999999999,NSP,0.112507,0.092647,0.112672,0.134599,0.097493
25011,INSPERITY INC,"Insperity Q4 EPS $0.69 Beats $0.65 Estimate, Sales $966.756M Beat $959.22M Estimate",6,increase,0.8,0.7,"the company reported better-than-expected earnings per share and sales, which typically leads to positive investor sentiment and an increase in stock price.",2,2019-02-11,NSP,2019-02-11 12:04:00+00:00,84385.0,45778Q10,0.1899909824132919,1109276.0,-0.0579677298665046,0.0180850196629762,-0.0165701210498809,-0.006928636226803,0.0232291538268327,0.0015522808535024,0.037010371685028,0.0181277021765708,7.715845276834443e-05,0.0052331327460706,-0.0131802577525377,0.0030933804810047,0.0089041581377387,0.0120481606572866,0.0095223020762205,0.0174710936844348,-0.0180981643497943,-0.0013495218008756,-0.0150733580812811,-0.0139720672741532,-0.0004757557471748,0.0292506143450737,0.001745288260281,-0.005061287432909,0.0120377307757735,0.0250423476099968,-0.0205806177109479,-0.0045684683136641,-0.0044743143953382,0.0184080060571432,-0.019823445007205,0.0273275654762983,0.0034390059299767,0.0081709492951631,-0.0079151466488838,0.0096244951710104,0.0167790818959474,-0.0069320034235715,0.0011324979132041,0.0023160462733358,0.0005655838176608,0.0122549189254641,0.0083380453288555,0.01175198238343,-0.0115606524050235,0.0262226462364196,0.0108836609870195,-0.0235522948205471,0.0012052187230437,0.0432821959257125,-0.0068212701007723,-0.0354425087571144,0.0259372908622026,-0.0147814610973,-0.0509569272398948,0.019102718681097,-0.0014107731403782,-0.0060757030732929,0.0190310049802064,0.0062227044254541,-0.0075029013678431,0.0472161546349525,0.0018899207934737,-0.0091753238812088,0.0141884963959455,-0.0187840666621923,0.0183567572385072,-0.0201480984687805,0.0027793096378445,-0.0086374757811427,0.0260532833635807,0.000324078311678,-0.0065602073445916,-0.0185499265789985,-0.0024083091411739,-0.0274227187037468,-0.0044389637187123,0.0009286589338444,-0.0093084704130887,0.0083065740764141,0.0112120471894741,0.0073213777504861,0.0121026607230305,0.0145373810082674,-0.0017743846401572,-0.0266474056988954,-0.0040961341001093,-0.0126452976837754,-0.001940089976415,-0.0487923063337802,-0.0290801487863063,0.0304877590388059,-0.0305117722600698,0.0174939092248678,0.008838590234518,-0.0087710730731487,0.01080815307796,0.0225773453712463,-0.0007290104404091,-0.0127226458862423,-0.0137807792052626,0.0134090054780244,0.0064113000407814,-0.0124274343252182,-0.0503920763731002,0.0172002483159303,0.0282962154597044,-0.0333533100783824,-0.0086985696107149,-0.0110935298725962,0.0106311356648802,-0.0566249080002307,0.0121055655181407,0.0205988567322492,-0.0018147423397749,-0.0786398127675056,-0.0304107125848531,-0.0035023337695747,-0.0010227797320112,-0.0110832005739212,-0.0579677298665046,0.0180850196629762,-0.0735773186155108,0.0110310789137737,-0.0520573036409637,0.0126004830998676,-0.016897743315945,0.0363517358407166,-0.0444040310045972,0.054082336110768,-0.0685929210362991,0.2106987311501165,-0.1096866716761209,-0.0377619180243504,2019-02-12,2019-02-13,2019-02-14,2019-02-15,2019-02-19,2019-02-20,2019-02-21,2019-02-22,2019-02-25,2019-02-26,84385.0,2019-02-11,252.0,18.9991%,0.0032,1.1295,0.6281,-0.2958,2.0276%,2.4394%,30.9112%,0.186564,NSP,84385.0,2019-02-12,252.0,-5.7968%,0.0029,1.0841,0.6298,-0.3193,2.0841%,2.4673%,28.6496%,-0.074057,NSP,84385.0,2019-02-13,252.0,-1.6570%,0.0026,1.0557,0.6686,-0.3179,2.0604%,2.4345%,28.3695%,-0.01986,NSP,84385.0,2019-02-14,252.0,2.3229%,0.0026,1.0517,0.6782,-0.3287,2.0633%,2.4378%,28.3636%,0.020025,NSP,84385.0,2019-02-15,252.0,3.7010%,0.0026,1.0478,0.677,-0.3319,2.0632%,2.4352%,28.2179%,0.024908,NSP,84385.0,2019-02-19,252.0,0.0077%,0.0026,1.0437,0.6776,-0.3309,2.0627%,2.4310%,28.0104%,-0.0029809999999999,NSP,84385.0,2019-02-20,252.0,-1.3180%,0.0027,1.0432,0.6971,-0.3272,2.0445%,2.4167%,28.4322%,-0.014934,NSP,84385.0,2019-02-21,252.0,0.8904%,0.0027,1.0484,0.7097,-0.3178,2.0413%,2.4158%,28.6026%,0.0124,NSP,84385.0,2019-02-22,252.0,0.9522%,0.0026,1.0505,0.6854,-0.3148,2.0393%,2.4139%,28.6294%,-0.005967,NSP,84385.0,2019-02-25,252.0,-1.8098%,0.0025,1.0511,0.6964,-0.3069,2.0434%,2.4173%,28.5421%,-0.0185579999999999,NSP,84385.0,2019-02-26,252.0,-1.5073%,0.0024,1.0549,0.7101,-0.2971,2.0449%,2.4189%,28.5327%,-0.0100469999999999,NSP,0.112507,0.092647,0.112672,0.134599,0.097493
25019,NUVASIVE INC,NuVasive shares are trading higher following media reports that Smith & Nephew is in talks to acquire NuVassive for over $3B.,6,increase,0.8,0.7,the news of a potential acquisition by smith & nephew typically signals positive sentiment and can lead to an increase in nuvasive's stock price as investors anticipate a premium offer.,2,2019-02-11,NUVA,2019-02-11 13:50:00+00:00,90188.0,67070410,0.1325933337211609,4880960.0,0.0349252112209796,-0.0192003399133682,-0.0043044076301157,0.0085845543071627,0.0115856500342488,-0.0130049232393503,0.0015384641010314,0.0001970500889001,-0.0213346984237432,0.032770212739706,-0.0334845148026943,-0.0201435647904872,0.0333814918994903,0.0289349444210529,0.0190326552838087,0.005156765691936,-0.0044551426544785,-0.0110159302130341,0.0068847080692648,-0.0054777935147285,-0.0037607045378535,0.0094204191118478,0.0106383450329303,0.0247639082372188,-0.0071307634934782,-0.0029294702690094,0.001538990298286,-0.0047896616160869,0.0010244386503472,0.0243173930794,0.0010233252542093,0.0251476392149925,0.0022150464355945,-0.0144396973773837,-0.0127507653087377,0.0304242242127656,0.0110211707651615,-0.0111989928409457,-0.0584227629005909,-0.011289631947875,0.0108538763597607,0.0343589186668396,-0.0125268567353487,0.0,0.0034432515967637,-0.020242067053914,-0.0061405119486153,-0.0919080600142479,0.0141741344705224,0.0266666505485773,-0.0084214517846703,0.0057767438702285,0.0242139529436826,-0.0219935458153486,-0.0119971828535199,0.0246020779013633,0.016071455553174,-0.0047325012274086,0.0066783349029719,0.0012360436376184,-0.0043645254336297,0.0188917201012373,-0.01332629006356,-0.0181368719786405,0.009241166524589,-0.0367281809449195,-0.0154957044869661,-0.0281690694391727,-0.0060812048614025,-0.0048003070987761,0.0019794963300228,-0.0201316960155963,0.0073635028675198,-0.0357401557266712,0.0247815903276205,-0.0183437671512365,-0.0038274393882602,-0.0083009079098701,-0.0186866875737905,0.0001766175846569,0.0108560351654887,0.0103516299277544,0.0051056500524282,-0.0016037090681493,-0.003152921795845,-0.0300726182758808,0.0073801088146865,-0.0246122572571039,-0.0238967854529619,-0.0478330589830875,-0.0371693708002567,-0.0218244530260562,-0.0035264000762254,0.0206730291247367,0.0307320095598697,0.0004810420796275,0.0337910912930965,-0.006688994821161,0.0274427495896816,0.0091610364615917,0.0069751590490341,-0.0178373679518699,0.0111505296081304,0.0020562678109854,0.0100251007825136,0.0279674995690584,0.0024813516065478,0.0030989826191216,0.0,-0.0042228084057569,0.0267327185720205,0.0178541578352451,0.0118932472541928,0.0214454643428325,0.0398666150867939,0.0247447695583105,-0.0404765754938125,0.0059181922115385,-0.006844958756119,-0.008285854011774,0.0349252112209796,-0.0192003399133682,0.0304704712452008,-0.0107806119669077,0.0424091414956753,-0.0236453341751551,0.0217391512217028,0.0085487113936117,0.0424091392246948,0.0052748700471854,0.0206699848029232,0.0208075509795859,0.1117248798480281,-0.1446573575617563,2019-02-12,2019-02-13,2019-02-14,2019-02-15,2019-02-19,2019-02-20,2019-02-21,2019-02-22,2019-02-25,2019-02-26,90188.0,2019-02-11,252.0,13.2593%,0.0008,0.6429,0.4798,0.0753,2.1511%,2.2682%,10.0669%,0.129521,NUVA,90188.0,2019-02-12,252.0,3.4925%,0.0009,0.6552,0.4824,0.0811,2.1569%,2.2778%,10.3315%,0.026114,NUVA,90188.0,2019-02-13,252.0,-0.4304%,0.0009,0.6556,0.4787,0.0786,2.1573%,2.2779%,10.3115%,-0.006585,NUVA,90188.0,2019-02-14,252.0,1.1586%,0.0009,0.6536,0.4843,0.0719,2.1580%,2.2788%,10.3245%,0.010829,NUVA,90188.0,2019-02-15,252.0,0.1538%,0.001,0.66,0.4892,0.0812,2.1567%,2.2787%,10.4251%,-0.0075029999999999,NUVA,90188.0,2019-02-19,252.0,-2.1335%,0.0008,0.6468,0.485,0.0776,2.1564%,2.2740%,10.0719%,-0.0243509999999999,NUVA,90188.0,2019-02-20,252.0,-3.3485%,0.0006,0.6364,0.4611,0.0403,2.1689%,2.2842%,9.8406%,-0.036307,NUVA,90188.0,2019-02-21,252.0,3.3381%,0.0008,0.625,0.4458,0.0192,2.1796%,2.2916%,9.5289%,0.036051,NUVA,90188.0,2019-02-22,252.0,1.9033%,0.0008,0.6231,0.4546,0.0037,2.1807%,2.2942%,9.6508%,0.0127,NUVA,90188.0,2019-02-25,252.0,-0.4455%,0.0009,0.6219,0.4559,-0.0,2.1800%,2.2936%,9.6616%,-0.004301,NUVA,90188.0,2019-02-26,252.0,0.6885%,0.0009,0.6138,0.45,-0.009,2.1799%,2.2912%,9.4737%,0.010697,NUVA,0.155635,0.14905,0.159879,0.128025,0.146865
25027,NVIDIA CORP,Bernstein Downgrades 'Hamstrung' Nvidia,6,decrease,0.8,0.6,a downgrade from bernstein typically signals negative sentiment and can lead to a decrease in stock price as investors may lose confidence in the company's prospects.,0,2019-02-11,NVDA,2019-02-11 15:23:00+00:00,86580.0,67066G10,-0.0116082960739731,12379115.0,0.0322294384241104,0.005087505094707,0.011311812326312,-0.0364705994725227,0.0107927387580275,0.0203401334583759,0.0181841552257537,0.0051615787670016,-0.0044489447027444,0.0307468883693218,0.012193588539958,0.006817361805588,-0.0175338927656412,0.0462915822863578,0.0219554342329502,0.0439969077706337,-0.0031409007497131,-0.0464458279311657,-0.0100195119157433,-0.1382454037666321,-0.0107574947178363,0.014635058119893,-0.006370305083692,0.0572711043059825,0.0141968270763754,0.0034952543210238,0.0021093117538839,-0.051997635513544,-0.0016583397518843,0.0343395173549652,-0.0285586584359407,0.0193496700376272,-0.0183492824435234,-0.0068726148456335,0.0092456443235278,-0.0037889345549046,0.0697026029229164,0.0108177158981561,0.0085640121251344,0.0247883088886737,0.0375337861478328,0.0185860134661197,-0.0181472990661859,0.019666738808155,0.0256704520434141,-0.0248953439295291,-0.0050644874572753,0.0529406815767288,0.0400118976831436,0.064067542552948,-0.007455538958311,-0.0604169964790344,0.0547018870711326,0.0203745402395725,-0.0350114293396472,-0.0011222888715565,-0.0209577530622482,0.0189067292958498,0.0177810806781053,-0.0145004345104098,-0.0020919044036418,0.0473717674612999,0.00424929196015,-0.0192174520343542,0.0130324261263012,-0.0409326329827308,0.0151481470093131,-0.0246190782636404,0.003949973732233,-0.0573704093694686,0.0307103563100099,0.0234015919268131,-0.0019086025422438,-0.0195971000939607,0.0142887625843286,-0.0163879543542861,0.0043990383855998,-6.712228059768677e-05,-0.0131915053352713,0.0047910888679325,0.0150058735162019,-0.0241669844835996,-0.0029152149800211,0.0287920869886875,-0.0079878820106387,-0.0674710571765899,-0.0279458854347467,0.0075106145814061,0.0190038438886404,-0.076040893793106,-0.0048882281407713,0.0404454544186592,-0.0052858684211969,0.0385739207267761,0.0116478698328137,-0.0159305725246667,0.0116729289293289,0.0412412136793136,0.0026223317254334,0.0044429446570575,-0.0222838018089532,0.0555172637104988,-0.0471885241568088,0.002003961475566,0.0069628027267754,-0.0293130874633789,0.009312430396676,0.0302695576101541,-0.0029281701426953,-0.1199902519583702,0.0150717636570334,-0.1875587105751038,-0.0009826297173276,0.0263704899698495,-0.0172667540609836,-0.0106366723775863,-0.0374757051467895,0.0515458732843399,0.0046790917403995,-0.0784266293048858,0.0322294384241104,0.005087505094707,0.0439058241092584,-0.0315686387384391,0.0551724269568532,-0.0118706156051023,0.0695800786121634,0.023768414510827,0.072721127953101,-0.0748048547876759,0.2089685941567876,0.1132230625888754,0.1888043268145918,-0.2788415849619704,2019-02-12,2019-02-13,2019-02-14,2019-02-15,2019-02-19,2019-02-20,2019-02-21,2019-02-22,2019-02-25,2019-02-26,86580.0,2019-02-11,252.0,-1.1608%,-0.002,1.7389,0.1534,-1.1215,2.3584%,3.2483%,47.2859%,-0.0128099999999999,NVDA,86580.0,2019-02-12,252.0,3.2229%,-0.0022,1.7152,0.1899,-1.1401,2.3394%,3.2266%,47.4343%,0.006543,NVDA,86580.0,2019-02-13,252.0,1.1312%,-0.002,1.7356,0.1592,-1.1433,2.3255%,3.2259%,48.0357%,0.007093,NVDA,86580.0,2019-02-14,252.0,1.0793%,-0.002,1.7326,0.1635,-1.1465,2.3245%,3.2240%,48.0172%,0.0068779999999999,NVDA,86580.0,2019-02-15,252.0,1.8184%,-0.0021,1.7209,0.1537,-1.1646,2.3218%,3.2170%,47.9095%,0.0036,NVDA,86580.0,2019-02-19,252.0,-0.4449%,-0.002,1.7219,0.1498,-1.169,2.3217%,3.2139%,47.8186%,-0.00477,NVDA,86580.0,2019-02-20,252.0,1.2194%,-0.0019,1.7274,0.1655,-1.1487,2.3235%,3.2145%,47.7521%,0.014922,NVDA,86580.0,2019-02-21,252.0,-1.7534%,-0.0021,1.7417,0.192,-1.1224,2.3158%,3.2129%,48.0473%,-0.013769,NVDA,86580.0,2019-02-22,252.0,2.1955%,-0.002,1.7414,0.2178,-1.1026,2.3126%,3.2110%,48.1286%,-0.0070199999999999,NVDA,86580.0,2019-02-25,252.0,-0.3141%,-0.0021,1.7414,0.2205,-1.1009,2.3128%,3.2109%,48.1152%,-0.007271,NVDA,86580.0,2019-02-26,252.0,-1.0020%,-0.0021,1.749,0.2235,-1.0937,2.3124%,3.2096%,48.0918%,-0.009555,NVDA,-0.0062669999999999,0.000826,0.007704,0.006534,-0.0161589999999999
25035,NVIDIA CORP,NVIDIA shares are trading lower after Bernstein downgraded the stock from outperform to market preform and lowered the price target from $250 to $175.,6,decrease,0.8,0.7,"the downgrade from outperform to market perform and the significant reduction in price target typically signals a negative outlook, likely leading to a decrease in stock price.",0,2019-02-11,NVDA,2019-02-11 13:45:00+00:00,86580.0,67066G10,-0.0116082960739731,12379115.0,0.0322294384241104,0.005087505094707,0.011311812326312,-0.0364705994725227,0.0107927387580275,0.0203401334583759,0.0181841552257537,0.0051615787670016,-0.0044489447027444,0.0307468883693218,0.012193588539958,0.006817361805588,-0.0175338927656412,0.0462915822863578,0.0219554342329502,0.0439969077706337,-0.0031409007497131,-0.0464458279311657,-0.0100195119157433,-0.1382454037666321,-0.0107574947178363,0.014635058119893,-0.006370305083692,0.0572711043059825,0.0141968270763754,0.0034952543210238,0.0021093117538839,-0.051997635513544,-0.0016583397518843,0.0343395173549652,-0.0285586584359407,0.0193496700376272,-0.0183492824435234,-0.0068726148456335,0.0092456443235278,-0.0037889345549046,0.0697026029229164,0.0108177158981561,0.0085640121251344,0.0247883088886737,0.0375337861478328,0.0185860134661197,-0.0181472990661859,0.019666738808155,0.0256704520434141,-0.0248953439295291,-0.0050644874572753,0.0529406815767288,0.0400118976831436,0.064067542552948,-0.007455538958311,-0.0604169964790344,0.0547018870711326,0.0203745402395725,-0.0350114293396472,-0.0011222888715565,-0.0209577530622482,0.0189067292958498,0.0177810806781053,-0.0145004345104098,-0.0020919044036418,0.0473717674612999,0.00424929196015,-0.0192174520343542,0.0130324261263012,-0.0409326329827308,0.0151481470093131,-0.0246190782636404,0.003949973732233,-0.0573704093694686,0.0307103563100099,0.0234015919268131,-0.0019086025422438,-0.0195971000939607,0.0142887625843286,-0.0163879543542861,0.0043990383855998,-6.712228059768677e-05,-0.0131915053352713,0.0047910888679325,0.0150058735162019,-0.0241669844835996,-0.0029152149800211,0.0287920869886875,-0.0079878820106387,-0.0674710571765899,-0.0279458854347467,0.0075106145814061,0.0190038438886404,-0.076040893793106,-0.0048882281407713,0.0404454544186592,-0.0052858684211969,0.0385739207267761,0.0116478698328137,-0.0159305725246667,0.0116729289293289,0.0412412136793136,0.0026223317254334,0.0044429446570575,-0.0222838018089532,0.0555172637104988,-0.0471885241568088,0.002003961475566,0.0069628027267754,-0.0293130874633789,0.009312430396676,0.0302695576101541,-0.0029281701426953,-0.1199902519583702,0.0150717636570334,-0.1875587105751038,-0.0009826297173276,0.0263704899698495,-0.0172667540609836,-0.0106366723775863,-0.0374757051467895,0.0515458732843399,0.0046790917403995,-0.0784266293048858,0.0322294384241104,0.005087505094707,0.0439058241092584,-0.0315686387384391,0.0551724269568532,-0.0118706156051023,0.0695800786121634,0.023768414510827,0.072721127953101,-0.0748048547876759,0.2089685941567876,0.1132230625888754,0.1888043268145918,-0.2788415849619704,2019-02-12,2019-02-13,2019-02-14,2019-02-15,2019-02-19,2019-02-20,2019-02-21,2019-02-22,2019-02-25,2019-02-26,86580.0,2019-02-11,252.0,-1.1608%,-0.002,1.7389,0.1534,-1.1215,2.3584%,3.2483%,47.2859%,-0.0128099999999999,NVDA,86580.0,2019-02-12,252.0,3.2229%,-0.0022,1.7152,0.1899,-1.1401,2.3394%,3.2266%,47.4343%,0.006543,NVDA,86580.0,2019-02-13,252.0,1.1312%,-0.002,1.7356,0.1592,-1.1433,2.3255%,3.2259%,48.0357%,0.007093,NVDA,86580.0,2019-02-14,252.0,1.0793%,-0.002,1.7326,0.1635,-1.1465,2.3245%,3.2240%,48.0172%,0.0068779999999999,NVDA,86580.0,2019-02-15,252.0,1.8184%,-0.0021,1.7209,0.1537,-1.1646,2.3218%,3.2170%,47.9095%,0.0036,NVDA,86580.0,2019-02-19,252.0,-0.4449%,-0.002,1.7219,0.1498,-1.169,2.3217%,3.2139%,47.8186%,-0.00477,NVDA,86580.0,2019-02-20,252.0,1.2194%,-0.0019,1.7274,0.1655,-1.1487,2.3235%,3.2145%,47.7521%,0.014922,NVDA,86580.0,2019-02-21,252.0,-1.7534%,-0.0021,1.7417,0.192,-1.1224,2.3158%,3.2129%,48.0473%,-0.013769,NVDA,86580.0,2019-02-22,252.0,2.1955%,-0.002,1.7414,0.2178,-1.1026,2.3126%,3.2110%,48.1286%,-0.0070199999999999,NVDA,86580.0,2019-02-25,252.0,-0.3141%,-0.0021,1.7414,0.2205,-1.1009,2.3128%,3.2109%,48.1152%,-0.007271,NVDA,86580.0,2019-02-26,252.0,-1.0020%,-0.0021,1.749,0.2235,-1.0937,2.3124%,3.2096%,48.0918%,-0.009555,NVDA,-0.0062669999999999,0.000826,0.007704,0.006534,-0.0161589999999999
25043,NVIDIA CORP,"UPDATE: Bernstein Downgrades Nvidia As Firm Notes 'the latest cut appears much more fundamentally demand-driven, with the question of the ""true"" run-rate of the gaming business remaining up in the air for now'",6,decrease,0.8,0.6,"the downgrade from bernstein suggests a negative outlook on demand for nvidia's gaming business, which is likely to lead to a decrease in stock price.",0,2019-02-11,NVDA,2019-02-11 13:20:00+00:00,86580.0,67066G10,-0.0116082960739731,12379115.0,0.0322294384241104,0.005087505094707,0.011311812326312,-0.0364705994725227,0.0107927387580275,0.0203401334583759,0.0181841552257537,0.0051615787670016,-0.0044489447027444,0.0307468883693218,0.012193588539958,0.006817361805588,-0.0175338927656412,0.0462915822863578,0.0219554342329502,0.0439969077706337,-0.0031409007497131,-0.0464458279311657,-0.0100195119157433,-0.1382454037666321,-0.0107574947178363,0.014635058119893,-0.006370305083692,0.0572711043059825,0.0141968270763754,0.0034952543210238,0.0021093117538839,-0.051997635513544,-0.0016583397518843,0.0343395173549652,-0.0285586584359407,0.0193496700376272,-0.0183492824435234,-0.0068726148456335,0.0092456443235278,-0.0037889345549046,0.0697026029229164,0.0108177158981561,0.0085640121251344,0.0247883088886737,0.0375337861478328,0.0185860134661197,-0.0181472990661859,0.019666738808155,0.0256704520434141,-0.0248953439295291,-0.0050644874572753,0.0529406815767288,0.0400118976831436,0.064067542552948,-0.007455538958311,-0.0604169964790344,0.0547018870711326,0.0203745402395725,-0.0350114293396472,-0.0011222888715565,-0.0209577530622482,0.0189067292958498,0.0177810806781053,-0.0145004345104098,-0.0020919044036418,0.0473717674612999,0.00424929196015,-0.0192174520343542,0.0130324261263012,-0.0409326329827308,0.0151481470093131,-0.0246190782636404,0.003949973732233,-0.0573704093694686,0.0307103563100099,0.0234015919268131,-0.0019086025422438,-0.0195971000939607,0.0142887625843286,-0.0163879543542861,0.0043990383855998,-6.712228059768677e-05,-0.0131915053352713,0.0047910888679325,0.0150058735162019,-0.0241669844835996,-0.0029152149800211,0.0287920869886875,-0.0079878820106387,-0.0674710571765899,-0.0279458854347467,0.0075106145814061,0.0190038438886404,-0.076040893793106,-0.0048882281407713,0.0404454544186592,-0.0052858684211969,0.0385739207267761,0.0116478698328137,-0.0159305725246667,0.0116729289293289,0.0412412136793136,0.0026223317254334,0.0044429446570575,-0.0222838018089532,0.0555172637104988,-0.0471885241568088,0.002003961475566,0.0069628027267754,-0.0293130874633789,0.009312430396676,0.0302695576101541,-0.0029281701426953,-0.1199902519583702,0.0150717636570334,-0.1875587105751038,-0.0009826297173276,0.0263704899698495,-0.0172667540609836,-0.0106366723775863,-0.0374757051467895,0.0515458732843399,0.0046790917403995,-0.0784266293048858,0.0322294384241104,0.005087505094707,0.0439058241092584,-0.0315686387384391,0.0551724269568532,-0.0118706156051023,0.0695800786121634,0.023768414510827,0.072721127953101,-0.0748048547876759,0.2089685941567876,0.1132230625888754,0.1888043268145918,-0.2788415849619704,2019-02-12,2019-02-13,2019-02-14,2019-02-15,2019-02-19,2019-02-20,2019-02-21,2019-02-22,2019-02-25,2019-02-26,86580.0,2019-02-11,252.0,-1.1608%,-0.002,1.7389,0.1534,-1.1215,2.3584%,3.2483%,47.2859%,-0.0128099999999999,NVDA,86580.0,2019-02-12,252.0,3.2229%,-0.0022,1.7152,0.1899,-1.1401,2.3394%,3.2266%,47.4343%,0.006543,NVDA,86580.0,2019-02-13,252.0,1.1312%,-0.002,1.7356,0.1592,-1.1433,2.3255%,3.2259%,48.0357%,0.007093,NVDA,86580.0,2019-02-14,252.0,1.0793%,-0.002,1.7326,0.1635,-1.1465,2.3245%,3.2240%,48.0172%,0.0068779999999999,NVDA,86580.0,2019-02-15,252.0,1.8184%,-0.0021,1.7209,0.1537,-1.1646,2.3218%,3.2170%,47.9095%,0.0036,NVDA,86580.0,2019-02-19,252.0,-0.4449%,-0.002,1.7219,0.1498,-1.169,2.3217%,3.2139%,47.8186%,-0.00477,NVDA,86580.0,2019-02-20,252.0,1.2194%,-0.0019,1.7274,0.1655,-1.1487,2.3235%,3.2145%,47.7521%,0.014922,NVDA,86580.0,2019-02-21,252.0,-1.7534%,-0.0021,1.7417,0.192,-1.1224,2.3158%,3.2129%,48.0473%,-0.013769,NVDA,86580.0,2019-02-22,252.0,2.1955%,-0.002,1.7414,0.2178,-1.1026,2.3126%,3.2110%,48.1286%,-0.0070199999999999,NVDA,86580.0,2019-02-25,252.0,-0.3141%,-0.0021,1.7414,0.2205,-1.1009,2.3128%,3.2109%,48.1152%,-0.007271,NVDA,86580.0,2019-02-26,252.0,-1.0020%,-0.0021,1.749,0.2235,-1.0937,2.3124%,3.2096%,48.0918%,-0.009555,NVDA,-0.0062669999999999,0.000826,0.007704,0.006534,-0.0161589999999999
25051,NVIDIA CORP,"Bernstein Downgrades NVIDIA to Market Perform, Lowers Price Target to $175",6,decrease,0.8,0.7,"a downgrade from bernstein typically signals reduced investor confidence, which is likely to lead to a decrease in stock price.",0,2019-02-11,NVDA,2019-02-11 12:32:00+00:00,86580.0,67066G10,-0.0116082960739731,12379115.0,0.0322294384241104,0.005087505094707,0.011311812326312,-0.0364705994725227,0.0107927387580275,0.0203401334583759,0.0181841552257537,0.0051615787670016,-0.0044489447027444,0.0307468883693218,0.012193588539958,0.006817361805588,-0.0175338927656412,0.0462915822863578,0.0219554342329502,0.0439969077706337,-0.0031409007497131,-0.0464458279311657,-0.0100195119157433,-0.1382454037666321,-0.0107574947178363,0.014635058119893,-0.006370305083692,0.0572711043059825,0.0141968270763754,0.0034952543210238,0.0021093117538839,-0.051997635513544,-0.0016583397518843,0.0343395173549652,-0.0285586584359407,0.0193496700376272,-0.0183492824435234,-0.0068726148456335,0.0092456443235278,-0.0037889345549046,0.0697026029229164,0.0108177158981561,0.0085640121251344,0.0247883088886737,0.0375337861478328,0.0185860134661197,-0.0181472990661859,0.019666738808155,0.0256704520434141,-0.0248953439295291,-0.0050644874572753,0.0529406815767288,0.0400118976831436,0.064067542552948,-0.007455538958311,-0.0604169964790344,0.0547018870711326,0.0203745402395725,-0.0350114293396472,-0.0011222888715565,-0.0209577530622482,0.0189067292958498,0.0177810806781053,-0.0145004345104098,-0.0020919044036418,0.0473717674612999,0.00424929196015,-0.0192174520343542,0.0130324261263012,-0.0409326329827308,0.0151481470093131,-0.0246190782636404,0.003949973732233,-0.0573704093694686,0.0307103563100099,0.0234015919268131,-0.0019086025422438,-0.0195971000939607,0.0142887625843286,-0.0163879543542861,0.0043990383855998,-6.712228059768677e-05,-0.0131915053352713,0.0047910888679325,0.0150058735162019,-0.0241669844835996,-0.0029152149800211,0.0287920869886875,-0.0079878820106387,-0.0674710571765899,-0.0279458854347467,0.0075106145814061,0.0190038438886404,-0.076040893793106,-0.0048882281407713,0.0404454544186592,-0.0052858684211969,0.0385739207267761,0.0116478698328137,-0.0159305725246667,0.0116729289293289,0.0412412136793136,0.0026223317254334,0.0044429446570575,-0.0222838018089532,0.0555172637104988,-0.0471885241568088,0.002003961475566,0.0069628027267754,-0.0293130874633789,0.009312430396676,0.0302695576101541,-0.0029281701426953,-0.1199902519583702,0.0150717636570334,-0.1875587105751038,-0.0009826297173276,0.0263704899698495,-0.0172667540609836,-0.0106366723775863,-0.0374757051467895,0.0515458732843399,0.0046790917403995,-0.0784266293048858,0.0322294384241104,0.005087505094707,0.0439058241092584,-0.0315686387384391,0.0551724269568532,-0.0118706156051023,0.0695800786121634,0.023768414510827,0.072721127953101,-0.0748048547876759,0.2089685941567876,0.1132230625888754,0.1888043268145918,-0.2788415849619704,2019-02-12,2019-02-13,2019-02-14,2019-02-15,2019-02-19,2019-02-20,2019-02-21,2019-02-22,2019-02-25,2019-02-26,86580.0,2019-02-11,252.0,-1.1608%,-0.002,1.7389,0.1534,-1.1215,2.3584%,3.2483%,47.2859%,-0.0128099999999999,NVDA,86580.0,2019-02-12,252.0,3.2229%,-0.0022,1.7152,0.1899,-1.1401,2.3394%,3.2266%,47.4343%,0.006543,NVDA,86580.0,2019-02-13,252.0,1.1312%,-0.002,1.7356,0.1592,-1.1433,2.3255%,3.2259%,48.0357%,0.007093,NVDA,86580.0,2019-02-14,252.0,1.0793%,-0.002,1.7326,0.1635,-1.1465,2.3245%,3.2240%,48.0172%,0.0068779999999999,NVDA,86580.0,2019-02-15,252.0,1.8184%,-0.0021,1.7209,0.1537,-1.1646,2.3218%,3.2170%,47.9095%,0.0036,NVDA,86580.0,2019-02-19,252.0,-0.4449%,-0.002,1.7219,0.1498,-1.169,2.3217%,3.2139%,47.8186%,-0.00477,NVDA,86580.0,2019-02-20,252.0,1.2194%,-0.0019,1.7274,0.1655,-1.1487,2.3235%,3.2145%,47.7521%,0.014922,NVDA,86580.0,2019-02-21,252.0,-1.7534%,-0.0021,1.7417,0.192,-1.1224,2.3158%,3.2129%,48.0473%,-0.013769,NVDA,86580.0,2019-02-22,252.0,2.1955%,-0.002,1.7414,0.2178,-1.1026,2.3126%,3.2110%,48.1286%,-0.0070199999999999,NVDA,86580.0,2019-02-25,252.0,-0.3141%,-0.0021,1.7414,0.2205,-1.1009,2.3128%,3.2109%,48.1152%,-0.007271,NVDA,86580.0,2019-02-26,252.0,-1.0020%,-0.0021,1.749,0.2235,-1.0937,2.3124%,3.2096%,48.0918%,-0.009555,NVDA,-0.0062669999999999,0.000826,0.007704,0.006534,-0.0161589999999999
25059,OMEGA HEALTHCARE INVESTORS INC,"Omega Healthcare Q4 Adj. FFO $0.73, GAAP EPS $0.31, Sales $219.75M Miss $223.72M Estimate",6,decrease,0.75,0.6,"the company missed revenue estimates and reported lower-than-expected adjusted funds from operations, which typically leads to a negative reaction in stock prices.",0,2019-02-11,OHI,2019-02-11 21:53:00+00:00,77857.0,68193610,0.0020418073982,1551946.0,-0.061130866408348,-0.0040671033784747,-0.0181769393384456,-0.0007619705284014,0.0149212749674916,-0.0073121762834489,-0.007350951898843,0.003034874331206,-0.0106966374441981,0.0264797620475292,-0.0144164254888892,-0.0415525808930397,0.0095639992505311,0.0133635597303509,0.0094733955338597,0.0125565091148018,-0.0096604600548744,0.0158162992447614,-0.0005574263632297,0.0071943118236958,0.0005577372503466,0.0088127609342336,0.0005574263632297,0.004425982479006,-0.022005595266819,0.0118546038866043,0.0148106077685952,-0.0052411099895834,-0.0014032903127372,-0.0018310147570446,-0.0008432432077825,0.0049947062507271,0.0126582495868206,0.0162971038371324,-0.0069444444961845,0.0146381380036473,0.0131468875333666,-0.0013535256730392,0.0063500697724521,0.0027143994811922,0.0046638729982078,0.0101452954113483,0.0019115154864266,0.0071803960017859,-0.0087217148393392,0.0301564019173383,-0.0134725840762257,0.0037121949717402,-0.0011148527264595,0.0141906077042222,0.0044642812572419,0.0170838888734579,0.0324999503791332,-0.0341394245624542,-0.0051116123795509,-0.0005685710348188,0.009464637376368,-0.0014197345590218,0.0096436319872736,0.001421753084287,-0.0039797751232981,0.0430010929703712,0.0205114670097827,-0.0461102500557899,-0.0041764508932828,-0.006743514444679,-0.0039318879134953,-0.0016830678796395,-0.0063158334232866,-0.0050237313844263,-0.0079448949545621,0.0228376556187868,-0.0029364819638431,-0.0455041415989399,0.0024096427951008,0.0013642356498166,-0.0168268494307994,0.0104770073667168,-0.0130399223417043,-0.0213168077170848,0.0085328249260783,-0.0034954897128045,0.0125545607879757,-0.0029490781016647,-0.0083557292819023,-0.0212542992085218,0.0032617268152534,0.0071353185921907,-0.0224870778620243,-0.0096833016723394,-0.0313193202018737,0.0071165119297802,0.0223175603896379,0.0171581618487834,-0.011474946513772,0.0081080878153443,0.0164213422685861,0.0125889182090759,0.0058495565317571,0.0130302533507347,-0.0058155381120741,-0.0071566784754395,0.0080779129639267,0.0013782539172098,-0.0146448910236358,-0.0054824771359562,0.0111428396776318,0.0287648197263479,-0.0036733841989189,0.0048171766102314,0.0056721717119216,0.0273654293268919,0.0076142260804772,-0.0031921246554702,-0.0081164548173546,0.0026185673195868,-0.0110044982284307,-0.0230244845151901,0.0265335328876972,0.0,-0.061130866408348,-0.0040671033784747,-0.0781966336963826,-0.0048259748939657,-0.0644421522018069,-0.0121028627982504,-0.0812531526947399,0.0171339521166482,-0.086602084633571,0.0234330508434881,-0.0399898041669963,0.1325565675110864,-0.0662638534808723,0.1322345653505432,2019-02-12,2019-02-13,2019-02-14,2019-02-15,2019-02-19,2019-02-20,2019-02-21,2019-02-22,2019-02-25,2019-02-26,77857.0,2019-02-11,252.0,0.2042%,0.002,0.3834,0.026,-0.0981,1.3573%,1.4262%,9.4231%,0.001562,OHI,77857.0,2019-02-12,252.0,-6.1131%,0.0016,0.3334,0.0399,-0.1261,1.4156%,1.4699%,7.2541%,-0.066618,OHI,77857.0,2019-02-13,252.0,-1.8177%,0.0015,0.3288,0.0393,-0.1313,1.4215%,1.4745%,7.0625%,-0.019146,OHI,77857.0,2019-02-14,252.0,1.4921%,0.0015,0.3244,0.0457,-0.1361,1.4187%,1.4713%,7.0124%,0.0145459999999999,OHI,77857.0,2019-02-15,252.0,-0.7351%,0.0017,0.3631,0.0791,-0.0751,1.3754%,1.4356%,8.2202%,-0.010578,OHI,77857.0,2019-02-19,252.0,-1.0697%,0.0016,0.3594,0.0725,-0.0822,1.3777%,1.4369%,8.0754%,-0.011491,OHI,77857.0,2019-02-20,252.0,-1.4416%,0.0014,0.3517,0.0415,-0.113,1.3663%,1.4259%,8.1814%,-0.0149069999999999,OHI,77857.0,2019-02-21,252.0,0.9564%,0.0015,0.3459,0.0317,-0.1237,1.3660%,1.4246%,8.0637%,0.010535,OHI,77857.0,2019-02-22,252.0,0.9473%,0.0016,0.3439,0.0706,-0.112,1.3545%,1.4131%,8.1202%,0.005132,OHI,77857.0,2019-02-25,252.0,-0.9660%,0.0015,0.344,0.0765,-0.1086,1.3566%,1.4150%,8.0799%,-0.010294,OHI,77857.0,2019-02-26,252.0,-0.0557%,0.0015,0.339,0.0834,-0.1088,1.3555%,1.4123%,7.8896%,2.3999999999999997e-05,OHI,-0.065056,-0.084202,-0.069656,-0.091725,-0.101235
25067,OMNICOM GROUP INC,Omnicom Group Raises Quarterly Dividend From $0.60 To $0.65/Share,6,increase,0.8,0.6,"raising the quarterly dividend typically signals financial strength and can attract investors, likely leading to an increase in stock price.",2,2019-02-11,OMC,2019-02-11 21:30:00+00:00,30681.0,68191910,-0.0109772384166717,3549288.0,0.0028424349147826,0.0016089449636638,-0.0080982390791177,0.0016116404440253,0.0107497749850153,-0.0497703105211257,0.0096930703148245,0.0066804252564907,-0.0003999837208539,0.0030927560292184,0.0010671179043129,-0.0035952592734247,-0.0018654147861525,0.0059416056610643,0.0096114482730627,-0.000903338426724,-0.0038344694767147,0.0149312298744916,0.0023891732562333,-0.00065449019894,-0.0023834786843508,-0.0037814695388078,0.0047783465124666,0.0190008003264665,0.013474297709763,0.0108798556029796,-0.0035193464718759,-0.0203947778791189,-0.0005231300019659,0.0221923552453517,-0.0155739085748791,-0.0042855190113186,-0.0101037239655852,-0.0189200155436992,0.0022831622045487,0.0042221886105835,0.0206812471151351,-0.0094105498865246,-0.0034432807005941,0.0073733404278755,-0.002126294421032,0.0054275356233119,0.0073245847597718,0.0072000119835138,-0.0022474639117717,0.0168112497776746,-0.0117927566170692,0.0057268314994871,0.0151514783501625,0.0247309859842062,-0.0186236426234245,-0.0156787149608135,0.0096903573721647,-0.0072364662773907,-0.0259930286556482,0.0127212135121226,-0.0113589959219098,0.0023561769630759,0.0049833972007036,0.0078223943710327,0.0035812966525554,0.0366347953677177,0.0054900017566978,-0.0166596285998821,-0.0036855619400739,-0.0279584303498268,0.0086313867941498,-0.0138080772012472,-0.0010866860393434,-0.0069901417009532,-0.0004079246427863,-0.0077364523895084,0.006121574435383,-0.010688804090023,0.0162250492721796,-0.0163551680743694,0.0022618169896304,-0.0070884837768971,-0.0046462030149996,0.0083170812577009,0.0028007344808429,0.0146360844373703,0.0062508471310138,0.004503262694925,0.0101770628243684,0.0002649263769853,0.0061494335532188,-0.0019832593388855,0.0565669499337673,-0.0136933103203773,0.0313846543431282,-0.0037677134387195,-0.0178997609764337,-0.0027209003455936,-0.0061968667432665,-0.0042575388215482,-0.0151607515290379,0.0029762340709567,-0.0073246918618679,0.014572674408555,-0.0057528652250766,0.0172275770455598,0.0241509210318327,-0.0232194922864437,-0.007123579736799,0.012681727297604,-0.0100197624415159,-0.014964235946536,-0.0132450023666024,-0.0032425422687083,0.002406007843092,0.0050840750336647,0.0111166900023818,0.0026139973197132,0.0023738434538245,0.0045955679379403,-0.0139598986133933,0.0060767070390284,0.004044996574521,0.0017202229937538,0.0028424349147826,0.0016089449636638,-0.0052788228818418,0.0032231784484648,0.0054142059450079,-0.046707550664906,0.0147537091620748,-0.0373711548349908,0.0221981525773922,-0.0222513687712428,-0.0086914393793248,0.0434418324470557,0.0845680592918134,-0.0033036463375238,2019-02-12,2019-02-13,2019-02-14,2019-02-15,2019-02-19,2019-02-20,2019-02-21,2019-02-22,2019-02-25,2019-02-26,30681.0,2019-02-11,252.0,-1.0977%,0.0001,0.7253,-0.0227,0.4311,1.3310%,1.5077%,22.0724%,-0.0132559999999999,OMC,30681.0,2019-02-12,252.0,0.2842%,0.0,0.7201,-0.0208,0.4281,1.3314%,1.5054%,21.7724%,-0.006384,OMC,30681.0,2019-02-13,252.0,-0.8098%,-0.0001,0.7116,-0.0107,0.4274,1.3296%,1.4988%,21.2939%,-0.010502,OMC,30681.0,2019-02-14,252.0,1.0750%,-0.0,0.7076,-0.003,0.4199,1.3317%,1.4990%,21.0696%,0.014679,OMC,30681.0,2019-02-15,252.0,0.9693%,-0.0002,0.6843,-0.024,0.382,1.3199%,1.4782%,20.2712%,-0.0004109999999999,OMC,30681.0,2019-02-19,252.0,-0.0400%,0.0001,0.7065,-0.0576,0.3422,1.2378%,1.4176%,23.7525%,-0.002877,OMC,30681.0,2019-02-20,252.0,0.1067%,0.0,0.7042,-0.0706,0.3319,1.2327%,1.4127%,23.8662%,-0.002131,OMC,30681.0,2019-02-21,252.0,-0.1865%,0.0,0.704,-0.0708,0.3315,1.2327%,1.4125%,23.8362%,0.001354,OMC,30681.0,2019-02-22,252.0,0.9611%,0.0001,0.7017,-0.0491,0.3248,1.2310%,1.4096%,23.7406%,0.010199,OMC,30681.0,2019-02-25,252.0,-0.3834%,0.0001,0.7015,-0.0471,0.3251,1.2313%,1.4097%,23.7140%,-0.00453,OMC,30681.0,2019-02-26,252.0,0.2389%,0.0001,0.703,-0.0542,0.3226,1.2313%,1.4092%,23.6522%,0.004183,OMC,-0.0196399999999999,-0.030142,-0.015463,-0.018751,-0.009676
25075,OXFORD LANE CAPITAL CORP,"Oxford Lane Capital Corp. - Common Stock Q3 EPS $0.47 Up From $0.33 YoY, Sales $22.8M Up From $19M YoY",6,increase,0.8,0.7,"the increase in eps and sales year-over-year suggests strong financial performance, which is likely to positively influence investor sentiment and drive the stock price up.",2,2019-02-11,OXLC,2019-02-11 13:08:00+00:00,12505.0,69154310,0.0268123596906662,852722.0,-0.0038684681057929,-0.0108055602759122,-0.0145631618797779,-0.0068292384967207,-0.0049260333180427,-0.0009746811701916,0.0099009331315755,0.0058823940344154,0.002941150451079,0.0019645877182483,-0.0034212237223982,-0.0135658327490091,0.0019880221225321,-0.0086455475538969,0.0119047509506344,0.0,-0.0127451093867421,0.0156097412109375,0.0029792143031954,-0.0019474641885608,-0.0079207839444279,-0.0058082737959921,-0.0009980268077924,0.0087890774011611,-0.0009990237886086,-0.0071770367212593,0.0,0.0106382649391889,0.0060000419616699,0.0127326259389519,-0.0079523734748363,-0.0135266026481986,0.0,0.0197045095264911,-0.0190380346029996,-0.0126459253951907,0.001021473784931,0.01380664575845,0.009183689020574,0.0019763298332691,0.0091000199317932,0.0,-0.0030059854034334,0.0099799819290637,0.0050251446664333,-0.0029850481078028,-0.002000045729801,0.0120845800265669,0.0020040539093315,0.0122324032709002,-0.0010000228649005,-0.0090908287093043,0.0045044897124171,0.020618537440896,-0.0202020015567541,0.0178384128957986,0.0041237073019146,0.0073995450511574,-0.0020533371716737,0.0372807197272777,0.0092592751607298,0.0742049589753151,-0.0010193912312388,0.0077150836586952,0.0040816287510097,0.0426309555768966,0.0020324699580669,-0.0584862641990184,-0.0060851387679576,-0.0364640802145004,-0.0010204315185546,-0.04736839979887,0.0,-0.0031479259487241,0.0030643241479992,-0.0315041057765483,0.0488798879086971,-0.0110552422702312,-0.0019417919684201,0.0300207007676363,0.009727663360536,0.010460190474987,0.001926734461449,-0.0184804275631904,0.0067308316938579,-0.0131712378934025,0.0124164381995797,-0.006042337976396,0.0037735812366008,-0.0079920003190636,0.0018796526128426,0.0010000228649005,0.0046904496848583,0.0,0.0154061382636427,0.0,-0.013035325333476,0.0080645084381103,-0.0075471624732017,-0.0079999919980764,0.0123573336750268,0.0060362596996128,0.0028169660363346,-0.0079841194674372,0.0037453146651387,0.0044511184096336,0.0149253588169813,-0.0068762912414968,-0.0147058684378862,-0.0048875110223889,0.0037313397042453,-0.0153994988650083,0.0065055475570261,-0.0076408712193369,0.0101569397374987,0.0047984826378524,-0.0036563037429004,-0.0076190405525267,-0.0192660596221685,-0.0009514965349808,-0.0038684681057929,-0.0108055602759122,-0.0183752928583195,-0.0175610050244181,-0.0232108088715133,-0.0185185698136828,-0.010638356204325,-0.010805560470823,-0.0101028022860406,-0.0194742696498821,-0.0343557377910225,0.1187235325893962,0.075359210840969,-0.0003891987780567,2019-02-12,2019-02-13,2019-02-14,2019-02-15,2019-02-19,2019-02-20,2019-02-21,2019-02-22,2019-02-25,2019-02-26,12505.0,2019-02-11,252.0,2.6812%,0.0006,0.4497,0.2631,0.2421,1.1645%,1.2500%,13.2060%,0.023892,OXLC,12505.0,2019-02-12,252.0,-0.3868%,0.0006,0.4583,0.2445,0.2498,1.1565%,1.2446%,13.6561%,-0.009725,OXLC,12505.0,2019-02-13,252.0,-1.4563%,0.0006,0.4631,0.2297,0.2431,1.1571%,1.2462%,13.8013%,-0.016268,OXLC,12505.0,2019-02-14,252.0,-0.4926%,0.0006,0.4637,0.227,0.2468,1.1565%,1.2457%,13.8047%,-0.003838,OXLC,12505.0,2019-02-15,252.0,0.9901%,0.0006,0.473,0.2356,0.2623,1.1550%,1.2470%,14.2160%,0.00281,OXLC,12505.0,2019-02-19,252.0,0.2941%,0.0007,0.4747,0.2331,0.2594,1.1545%,1.2470%,14.2966%,0.000472,OXLC,12505.0,2019-02-20,252.0,-0.3421%,0.0006,0.4728,0.2292,0.2527,1.1553%,1.2473%,14.2092%,-0.006363,OXLC,12505.0,2019-02-21,252.0,0.1988%,0.0006,0.4722,0.2288,0.2516,1.1555%,1.2471%,14.1484%,0.004379,OXLC,12505.0,2019-02-22,252.0,1.1905%,0.0007,0.4704,0.238,0.2386,1.1569%,1.2487%,14.1619%,0.011175,OXLC,12505.0,2019-02-25,252.0,-1.2745%,0.0006,0.4712,0.2453,0.2452,1.1593%,1.2512%,14.1550%,-0.012503,OXLC,12505.0,2019-02-26,252.0,0.2979%,0.0006,0.4663,0.2425,0.2402,1.1591%,1.2489%,13.8650%,0.006012,OXLC,0.014167,-0.0021009999999999,-0.0059389999999999,-0.0026569999999999,4.300000000000224e-05
25083,PACIFIC BIOSCIENCES CALIF INC,"Pacific Biosciences Q4 EPS $(0.21) Misses $(0.13) Estimate, Sales $19.53M Miss $21.14M Estimate",6,decrease,0.8,0.7,"the company reported a larger-than-expected loss and lower sales than anticipated, which typically leads to a negative reaction in stock prices.",0,2019-02-11,PACB,2019-02-11 21:04:00+00:00,12360.0,69404D10,-0.0027816384099423,1303110.0,-0.0125523228198289,0.0155367422848939,-0.00141239434015,-0.009790233336389,0.0014143920270726,0.0228898897767067,0.0070621739141643,-0.0042735342867672,0.0070125823840498,0.02631576359272,0.0125348400324583,-0.0115606822073459,0.0,0.0176470410078764,0.0137551454827189,-0.0215826798230409,-0.0027137016877532,-0.0141844507306814,0.0013605753192678,-0.0167363863438367,-0.0095108924433588,-0.008298747241497,0.0027434816583991,-0.0068681580014526,0.0054719508625566,-0.0041039306670427,0.0013605753192678,-0.0040872218087315,0.0027173885609954,0.0082417502999305,-0.0108400974422693,0.0055249226279556,0.0013698290567845,0.0168539173901081,-0.0027359754312783,-0.0124826841056346,0.0068587367422878,-0.0013850072864443,0.0013623640406876,0.0,-0.0068026822991669,-0.0123119223862886,0.0,-0.0081411050632596,0.008219170384109,0.0137551454827189,-0.0013587267603725,-0.0027434816583991,0.0013605753192678,0.0,0.0,-0.014864882454276,-0.0013587267603725,0.0,-0.0068026822991669,0.0095498189330101,0.0,-0.0134589374065399,-0.0041096177883446,-0.0013441167538985,-0.0027510290965437,0.0108695542439818,0.0068965782411396,-0.0040595037862658,-0.0095890639349818,-0.002699052914977,0.0110649960115551,-0.0106808980926871,-0.0041039306670427,0.0053691226057708,0.0082417502999305,-0.0026773735880851,0.0013623640406876,0.0,-0.0122448541224002,-0.0053262901492416,0.0082644550129771,-0.0026560397818684,0.0027322378009557,0.004000028129667,0.0081743793562054,-0.0026595718227326,-0.0121621824800968,-0.0013280515559017,0.0082079265266656,-0.0220778714865446,-0.0054274033755064,0.0026041641831398,-0.0013642226113006,-0.002597400220111,-0.0081967134028673,-0.0153453145176172,0.0179062858223915,0.0289474036544561,-0.0108254300430417,-0.0013140904484316,0.0082079265266656,0.0052840108983218,-0.0094979237765073,0.0026490041054785,0.008219170384109,0.0053262263536453,-0.0013587267603725,0.0053548114374279,0.0081632575020194,0.001340449322015,-0.002699052914977,-0.0066578146070241,0.0,-0.0039787446148693,0.0027063575107604,-0.0091984458267688,0.0,-0.0013123034732416,-0.002699052914977,-0.0039215958677232,-0.0054127150215208,0.0,-0.0054421718232333,-0.011627865023911,-0.0125523228198289,0.0155367422848939,-0.0139469883302726,0.0055944006162484,-0.012552322812296,0.0286123456064277,0.0013946650355485,0.0511695756951247,0.0264993096611572,0.0027893965426275,0.0139469878639257,-0.0336021496941925,0.0195257834037769,-0.0710593967033842,2019-02-12,2019-02-13,2019-02-14,2019-02-15,2019-02-19,2019-02-20,2019-02-21,2019-02-22,2019-02-25,2019-02-26,12360.0,2019-02-11,252.0,-0.2782%,0.005,0.6532,2.8032,0.4494,5.0390%,5.2751%,8.7509%,-0.023382,PACB,12360.0,2019-02-12,252.0,-1.2552%,0.0051,0.6616,2.7731,0.4591,5.0360%,5.2687%,8.6377%,-0.021332,PACB,12360.0,2019-02-13,252.0,-0.1412%,0.0049,0.6391,2.8068,0.4626,5.0282%,5.2628%,8.7163%,-0.00535,PACB,12360.0,2019-02-14,252.0,0.1414%,0.005,0.6448,2.8004,0.4656,5.0240%,5.2588%,8.7313%,-0.009256,PACB,12360.0,2019-02-15,252.0,0.7062%,0.005,0.6555,2.8084,0.4808,5.0225%,5.2587%,8.7835%,-0.0095599999999999,PACB,12360.0,2019-02-19,252.0,0.7013%,0.0049,0.6466,2.8128,0.4865,5.0208%,5.2567%,8.7751%,-0.003919,PACB,12360.0,2019-02-20,252.0,1.2535%,0.0049,0.6463,2.814,0.4859,5.0207%,5.2568%,8.7780%,0.002343,PACB,12360.0,2019-02-21,252.0,0.0000%,0.005,0.6372,2.7957,0.4693,5.0183%,5.2507%,8.6564%,0.005379,PACB,12360.0,2019-02-22,252.0,1.3755%,0.0049,0.6382,2.7855,0.4711,5.0182%,5.2482%,8.5744%,0.001036,PACB,12360.0,2019-02-25,252.0,-0.2714%,0.0051,0.634,2.7817,0.4536,5.0131%,5.2434%,8.5922%,0.004319,PACB,12360.0,2019-02-26,252.0,0.1361%,0.0052,0.6377,2.7552,0.4429,5.0136%,5.2428%,8.5520%,0.021575,PACB,-0.044714,-0.050064,-0.05932,-0.072799,-0.038147
25091,P G & E CORP,PG&E Says it Expects the Majority of its Board Will be New Independent Board Members,6,increase,0.7,0.6,"the expectation of new independent board members may signal a shift towards improved governance and accountability, which could positively influence investor sentiment and stock price.",2,2019-02-11,PCG,2019-02-11 11:34:00+00:00,13688.0,69331C10,0.0091549381613731,7368347.0,0.0767620652914047,0.0099572818726301,-0.0142579562962055,0.0285296514630317,0.0170940328389406,-0.0291193071752786,0.0006463655736297,0.0594431869685649,0.1459948569536209,0.0160550493746995,0.0264937616884708,0.0061538401059806,0.065348744392395,-0.049012441188097,-0.0324741825461387,-0.0228734593838453,-0.0063932249322533,0.1648625731468201,-0.0069704647175967,0.0203908029943704,-0.0388769544661045,-0.1562723517417908,-0.0432583466172218,0.7459324598312378,0.0516734644770622,0.0376623347401619,0.0078168278560042,0.0650068894028663,0.0144044458866119,0.1367924362421036,0.0027308107819408,-0.0953058376908302,0.0386709719896316,0.0173661895096302,0.0167802665382623,-0.1754176914691925,-0.0005157415871508,-0.5235929489135742,-0.0082559268921613,-0.0095720766112208,0.0124869812279939,-0.0039259502664208,0.0025694319047033,0.0153758805245161,0.0071757757104933,-0.0733509883284568,-0.0111958943307399,-0.223360612988472,-0.0185280796140432,0.0187890958040952,0.0005243958439677,0.0063025853596627,-0.0015723630785942,0.0021052309311926,0.0194226168096065,-0.0058601670898497,-0.0623069517314434,0.0122880935668945,-0.014277777634561,0.0115731013938784,-0.0150418076664209,0.0077753914520144,-0.0243212841451168,0.0175824016332626,0.0318840146064758,-0.0461216084659099,0.0117978090420365,0.0042105424217879,-0.019433669745922,0.031711533665657,0.0458663366734981,-0.0581014752388,0.0211153924465179,-0.0603613853454589,0.0270413681864738,-0.0188608076423406,0.0160041023045778,0.0045472090132534,-0.0436992160975933,0.0126630822196602,0.002656809054315,0.0065662451088428,0.0137783950194716,0.0038774125277996,0.206482008099556,-0.0092201214283704,0.0277296099811792,-0.0269158612936735,-0.0615513958036899,-0.0132792545482516,-0.0184186808764934,0.0276725348085165,-0.0389016196131706,-0.0142003390938043,0.0190476011484861,-0.0254915840923786,0.0060748164542019,0.0181683264672756,0.0650255233049392,0.0736464336514473,0.0069777518510818,0.0536913052201271,0.0138587998226285,-0.0189300049096345,0.0004271776706445,0.0336026810109615,-0.0384286753833293,0.0107480650767684,-0.036412063986063,-0.0467212870717048,-0.0341014601290226,0.3754227757453918,0.0252862926572561,-0.3067604601383209,-0.0069799730554223,-0.2179095596075058,-0.0159325283020734,-0.0078835152089595,-0.0352380834519863,-0.1738476753234863,0.0767620652914047,0.0099572818726301,0.0614096388230678,0.0387710111170072,0.0795534100446775,0.0085227189595162,0.2379623150675802,0.0856269026250498,0.2923936326150704,0.2064570297606069,0.2526169575426367,-0.3913416121656586,0.4138171947745552,-0.6442885542381025,2019-02-12,2019-02-13,2019-02-14,2019-02-15,2019-02-19,2019-02-20,2019-02-21,2019-02-22,2019-02-25,2019-02-26,13688.0,2019-02-11,252.0,0.9155%,-0.0011,0.5453,0.1133,0.2647,7.5372%,7.5563%,0.5043%,0.0070909999999999,PCG,13688.0,2019-02-12,252.0,7.6762%,-0.0009,0.5813,0.1191,0.282,7.5503%,7.5719%,0.5702%,0.069673,PCG,13688.0,2019-02-13,252.0,-1.4258%,-0.001,0.5724,0.1279,0.2798,7.5504%,7.5713%,0.5508%,-0.016254,PCG,13688.0,2019-02-14,252.0,1.7094%,-0.001,0.5668,0.1384,0.2697,7.5511%,7.5717%,0.5431%,0.019154,PCG,13688.0,2019-02-15,252.0,0.0646%,-0.0009,0.586,0.1549,0.2998,7.5490%,7.5708%,0.5741%,-0.007499,PCG,13688.0,2019-02-19,252.0,14.5995%,-0.0003,0.6097,0.2515,0.4066,7.6025%,7.6257%,0.6086%,0.143433,PCG,13688.0,2019-02-20,252.0,2.6494%,-0.0003,0.6152,0.2593,0.4248,7.6036%,7.6272%,0.6195%,0.022446,PCG,13688.0,2019-02-21,252.0,6.5349%,0.0,0.5978,0.2393,0.3925,7.6159%,7.6382%,0.5822%,0.068683,PCG,13688.0,2019-02-22,252.0,-3.2474%,-0.0001,0.6022,0.24,0.4451,7.6184%,7.6408%,0.5860%,-0.032006,PCG,13688.0,2019-02-25,252.0,-0.6393%,-0.0001,0.6033,0.244,0.4513,7.6183%,7.6408%,0.5882%,-0.005971,PCG,13688.0,2019-02-26,252.0,-0.6970%,-0.0002,0.5927,0.2583,0.4506,7.6174%,7.6391%,0.5675%,-0.003055,PCG,0.076764,0.0605099999999999,0.079664,0.215598,0.265695
25099,P D C ENERGY INC,PDC Energy Announces 2018 Full-Year Production And Year-End Proved Reserves; Issues 2019 Production & Capital Guidance,6,increase,0.7,0.6,"the announcement of full-year production and year-end proved reserves typically indicates positive operational performance, which can boost investor confidence and lead to an increase in stock price.",2,2019-02-11,PDCE,2019-02-11 21:42:00+00:00,62341.0,69327R10,0.0087605603039264,1610183.0,0.082019917666912,-0.0341585762798786,0.0511296465992927,-0.0327372476458549,0.0330881811678409,-0.0063252733089029,0.0468109212815761,-0.0119046941399574,-0.0039226338267326,0.0138804791495204,0.0307166762650013,0.0175007581710815,-0.012990279123187,-0.0451480746269226,0.0085161766037344,0.075346827507019,-0.0386387445032596,-0.0087500214576721,-0.0141069674864411,-0.042775958776474,0.0026997427921742,-0.0032796841114759,-0.0018847521860152,-0.0076922583393752,0.0523333884775638,0.0086541604250669,0.0056396112777292,-0.0011922776466235,-0.0017843409441411,0.0197567678987979,-0.0342185944318771,-0.0069423341192305,0.0079322904348373,-0.0110447444021701,-0.027282191440463,-0.0020851860754191,0.0455770902335643,0.0,0.0038689118809998,-0.0123566333204507,0.0380268096923828,-0.0014688377268612,0.003712814534083,0.0005879029049538,-0.0041923099197447,-0.0067153149284422,0.0554729513823986,0.0470804311335086,0.0021116882562637,0.0565245486795902,0.0419105812907218,0.017751445993781,0.0105618247762322,0.0221774149686098,-0.0533689446747303,0.0262069050222635,-0.0065773734822869,-0.023897647857666,0.0085126645863056,0.0160738471895456,-0.0140680484473705,0.0971857458353042,-0.0121283791959285,-0.0389469861984252,-0.020702950656414,-0.0197950284928083,0.0233530178666114,-0.0331510342657566,-0.0129714366048574,-0.0249916687607765,-0.0019469902617856,-0.0131535558030009,0.0441356115043163,-0.0164941865950822,0.007706721778959,-0.0635978281497955,0.0166859179735183,-0.0146224377676844,-0.0075221797451376,0.0050989254377782,0.0146991126239299,-0.0005995340761728,-0.0176550205796957,-0.0242760479450225,0.0193548407405614,0.0064762257970869,-0.0155967995524406,-0.020755186676979,0.0298507288098335,-0.055540457367897,-0.0136008206754922,0.0822039172053337,0.0002260018372908,-0.0420548021793365,0.0544632747769355,0.0071063102222979,-0.0012859273701906,0.0022792546078562,-0.0139484489336609,-0.037301167845726,-0.0015233883168548,0.0170153602957725,-0.0281168464571237,-0.0505826249718666,-0.0206324737519025,0.0373625494539737,-0.0041217426769435,-0.0491117388010025,-0.0413888953626155,-0.018209870904684,-0.0863516107201576,-0.0099034886807203,0.0183775462210178,0.0175710674375295,-0.0146945007145404,-0.0276381522417068,-0.0240712184458971,-0.0119165731593966,-0.0091152861714363,-0.1046899929642677,0.082019917666912,-0.0341585762798786,0.1373432136706172,-0.0657775661548293,0.1749758319745651,-0.0716867783802085,0.2251527816752143,-0.0700060281633471,0.1913798882716211,-0.0780736033749738,0.3718237781754798,0.0540355624212964,0.1888066448214083,-0.3149589137608123,2019-02-12,2019-02-13,2019-02-14,2019-02-15,2019-02-19,2019-02-20,2019-02-21,2019-02-22,2019-02-25,2019-02-26,62341.0,2019-02-11,252.0,0.8761%,-0.0014,1.6751,1.1315,0.6978,2.2242%,2.8267%,38.0849%,-0.002728,PDCE,62341.0,2019-02-12,252.0,8.2020%,-0.0011,1.7141,1.1266,0.7186,2.2563%,2.8746%,38.3921%,0.060098,PDCE,62341.0,2019-02-13,252.0,5.1130%,-0.0011,1.7082,1.1553,0.7349,2.2681%,2.8800%,37.9786%,0.0450509999999999,PDCE,62341.0,2019-02-14,252.0,3.3088%,-0.0009,1.7003,1.1751,0.7124,2.2788%,2.8878%,37.7342%,0.03483,PDCE,62341.0,2019-02-15,252.0,4.6811%,-0.0009,1.6939,1.1718,0.7053,2.2774%,2.8807%,37.4957%,0.021141,PDCE,62341.0,2019-02-19,252.0,-0.3923%,-0.0009,1.6933,1.1621,0.6944,2.2784%,2.8802%,37.4235%,-0.012755,PDCE,62341.0,2019-02-20,252.0,3.0717%,-0.0009,1.6992,1.1743,0.7152,2.2825%,2.8866%,37.4748%,0.0210239999999999,PDCE,62341.0,2019-02-21,252.0,-1.2990%,-0.0009,1.7068,1.1892,0.7293,2.2794%,2.8876%,37.6873%,-0.004336,PDCE,62341.0,2019-02-22,252.0,0.8516%,-0.0008,1.7049,1.2316,0.7446,2.2711%,2.8831%,37.9494%,0.001502,PDCE,62341.0,2019-02-25,252.0,-3.8639%,-0.0011,1.7095,1.2538,0.7733,2.2696%,2.8842%,38.0816%,-0.0367539999999999,PDCE,62341.0,2019-02-26,252.0,-1.4107%,-0.0012,1.6915,1.271,0.7685,2.2616%,2.8680%,37.8139%,-0.000895,PDCE,0.05737,0.102421,0.137251,0.145637,0.1261779999999999
25107,PFIZER INC,FDA Accepts Pfeizer's sBLA And Grants Priority Review For BAVENCIO Plus INLYTA For The Treatment Of Advanced Renal Cell Carcinoma,6,increase,0.8,0.6,"the fda's acceptance of pfizer's supplemental biologics license application (sbla) and granting of priority review for a cancer treatment is likely to be viewed positively by investors, potentially leading to an increase in stock price.",2,2019-02-11,PFE,2019-02-11 22:51:00+00:00,21936.0,71708110,-0.0130238989368081,25713635.0,0.0045585082843899,0.0127098029479384,-0.004060142673552,-0.0148830860853195,0.0064748311415314,0.005224441178143,0.0102454200387001,-0.0077756368555128,0.0047169090248644,-0.0102612506598234,-0.0093896184116601,0.0101295709609985,-0.0014218334108591,0.0295815020799636,0.0194589402526617,0.0198675822466611,0.0027933600358664,0.0313686244189739,-0.0013927895342931,-0.0273130070418119,-0.0020920536480844,-0.007570241112262,0.0097833257168531,-0.0287001673132181,0.0002307297982042,-0.0026023327372968,-0.0066882129758596,-0.0061132926493883,-0.0041792499832808,0.0014127044705674,-0.0240148939192295,0.0085490522906184,-0.0112279318273067,-0.0145096872001886,-0.0120802130550146,0.0084965927526354,0.0149180879816412,-0.0118937063962221,0.0055421576835215,0.0134719852358102,0.0067097716964781,-0.0237655472010374,-0.019519155845046,-0.0020723037887364,0.0143238687887787,0.0046264347620308,0.000718109018635,0.0053488267585635,0.0117196328938007,0.0228353720158338,-0.0030733114108443,-0.0279768574982881,0.0042684446088969,-0.0091638378798961,-0.0118063762784004,0.0160615090280771,0.0009558164165355,0.0025671089533716,0.0126521550118923,0.0156435146927833,-0.0094294603914022,0.0404438823461532,0.0064255222678184,-0.0329120196402072,0.0042563322931528,-0.0004767689388245,0.0087120067328214,-0.0004765417543239,0.001633979845792,-0.0101415161043405,-0.0016313142841681,-0.0164694748818874,-0.0023342315107584,-0.0157533939927816,0.005849321372807,-0.0172762051224708,0.0034891301766037,0.0092844171449542,-0.006954085547477,0.0034083509817719,-0.0025677080266177,-0.0087838554754853,-0.0107652489095926,0.0109290387481451,-0.0132481986656785,-0.0235660597681999,0.0091105513274669,-0.0035445247776806,-0.0277976244688034,-0.0184823274612426,-0.0254153758287429,-0.0051913880743086,-0.0125376125797629,0.0158207267522811,-0.0101574789732694,0.0135856745764613,0.0112878046929836,0.0188337154686451,-0.0012683724053204,0.0168435517698526,0.0060960547998547,0.0046360865235328,0.009088628925383,0.0009280955418944,-0.0095071569085121,-0.0098782526329159,0.0257640928030014,-0.0147125739604234,0.0039399126544594,0.0153988050296902,0.0058866287581622,0.0069428198039531,0.0092660589143633,0.0069913594052195,0.0062817623838782,-0.0140165584161877,-0.0196878667920827,-0.0133756548166275,0.0029389890842139,-0.003839163808152,0.0045585082843899,0.0127098029479384,0.0004798574168247,-0.0023624442287827,0.0069577955541022,0.0028496544984504,0.0220728924059459,-0.0151586167881719,0.0321497156983223,0.0479363786990614,0.0177542654058684,0.0094367185550692,-0.0175143882217442,-0.0382083312420852,2019-02-12,2019-02-13,2019-02-14,2019-02-15,2019-02-19,2019-02-20,2019-02-21,2019-02-22,2019-02-25,2019-02-26,21936.0,2019-02-11,252.0,-1.3024%,0.0009,0.7243,-0.4521,0.0559,0.9273%,1.2169%,41.9309%,-0.011343,PFE,21936.0,2019-02-12,252.0,0.4559%,0.0008,0.7197,-0.4507,0.0534,0.9280%,1.2136%,41.5255%,-0.005206,PFE,21936.0,2019-02-13,252.0,-0.4060%,0.0008,0.7178,-0.4502,0.0518,0.9289%,1.2109%,41.1570%,-0.0059419999999999,PFE,21936.0,2019-02-14,252.0,0.6475%,0.0008,0.7151,-0.4451,0.0469,0.9303%,1.2106%,40.9498%,0.010523,PFE,21936.0,2019-02-15,252.0,1.0245%,0.0008,0.7196,-0.4408,0.0544,0.9301%,1.2114%,41.0515%,0.002952,PFE,21936.0,2019-02-19,252.0,0.4717%,0.0008,0.7188,-0.4365,0.0594,0.9298%,1.2084%,40.7976%,0.004365,PFE,21936.0,2019-02-20,252.0,-0.9390%,0.0007,0.7142,-0.4535,0.0413,0.9270%,1.2067%,40.9880%,-0.010222,PFE,21936.0,2019-02-21,252.0,-0.1422%,0.0007,0.7124,-0.4571,0.0381,0.9265%,1.2058%,40.9636%,0.000898,PFE,21936.0,2019-02-22,252.0,1.9459%,0.0008,0.7099,-0.4517,0.0127,0.9325%,1.2104%,40.6510%,0.017802,PFE,21936.0,2019-02-25,252.0,0.2793%,0.0008,0.7098,-0.4517,0.0122,0.9325%,1.2105%,40.6566%,0.000477,PFE,21936.0,2019-02-26,252.0,-0.1393%,0.0008,0.7099,-0.4463,0.0151,0.9328%,1.2075%,40.3233%,-0.003208,PFE,-0.016549,-0.022491,-0.011968,-0.004651,0.0010959999999999
25115,PFIZER INC,Pfizer Reports Results From Phase 3 ARCHES Trial In Men With mHSPC: Showed XTANDI Plus ADT Met Primary Endpoint 'by significantly reducing the risk of radiographic progression or death by 61% versus ADT alone',6,increase,0.8,0.7,"the positive results from the phase 3 arches trial indicating a significant reduction in the risk of progression or death are likely to boost investor confidence in pfizer's product pipeline, potentially leading to an increase in stock price.",2,2019-02-11,PFE,2019-02-11 22:01:00+00:00,21936.0,71708110,-0.0130238989368081,25713635.0,0.0045585082843899,0.0127098029479384,-0.004060142673552,-0.0148830860853195,0.0064748311415314,0.005224441178143,0.0102454200387001,-0.0077756368555128,0.0047169090248644,-0.0102612506598234,-0.0093896184116601,0.0101295709609985,-0.0014218334108591,0.0295815020799636,0.0194589402526617,0.0198675822466611,0.0027933600358664,0.0313686244189739,-0.0013927895342931,-0.0273130070418119,-0.0020920536480844,-0.007570241112262,0.0097833257168531,-0.0287001673132181,0.0002307297982042,-0.0026023327372968,-0.0066882129758596,-0.0061132926493883,-0.0041792499832808,0.0014127044705674,-0.0240148939192295,0.0085490522906184,-0.0112279318273067,-0.0145096872001886,-0.0120802130550146,0.0084965927526354,0.0149180879816412,-0.0118937063962221,0.0055421576835215,0.0134719852358102,0.0067097716964781,-0.0237655472010374,-0.019519155845046,-0.0020723037887364,0.0143238687887787,0.0046264347620308,0.000718109018635,0.0053488267585635,0.0117196328938007,0.0228353720158338,-0.0030733114108443,-0.0279768574982881,0.0042684446088969,-0.0091638378798961,-0.0118063762784004,0.0160615090280771,0.0009558164165355,0.0025671089533716,0.0126521550118923,0.0156435146927833,-0.0094294603914022,0.0404438823461532,0.0064255222678184,-0.0329120196402072,0.0042563322931528,-0.0004767689388245,0.0087120067328214,-0.0004765417543239,0.001633979845792,-0.0101415161043405,-0.0016313142841681,-0.0164694748818874,-0.0023342315107584,-0.0157533939927816,0.005849321372807,-0.0172762051224708,0.0034891301766037,0.0092844171449542,-0.006954085547477,0.0034083509817719,-0.0025677080266177,-0.0087838554754853,-0.0107652489095926,0.0109290387481451,-0.0132481986656785,-0.0235660597681999,0.0091105513274669,-0.0035445247776806,-0.0277976244688034,-0.0184823274612426,-0.0254153758287429,-0.0051913880743086,-0.0125376125797629,0.0158207267522811,-0.0101574789732694,0.0135856745764613,0.0112878046929836,0.0188337154686451,-0.0012683724053204,0.0168435517698526,0.0060960547998547,0.0046360865235328,0.009088628925383,0.0009280955418944,-0.0095071569085121,-0.0098782526329159,0.0257640928030014,-0.0147125739604234,0.0039399126544594,0.0153988050296902,0.0058866287581622,0.0069428198039531,0.0092660589143633,0.0069913594052195,0.0062817623838782,-0.0140165584161877,-0.0196878667920827,-0.0133756548166275,0.0029389890842139,-0.003839163808152,0.0045585082843899,0.0127098029479384,0.0004798574168247,-0.0023624442287827,0.0069577955541022,0.0028496544984504,0.0220728924059459,-0.0151586167881719,0.0321497156983223,0.0479363786990614,0.0177542654058684,0.0094367185550692,-0.0175143882217442,-0.0382083312420852,2019-02-12,2019-02-13,2019-02-14,2019-02-15,2019-02-19,2019-02-20,2019-02-21,2019-02-22,2019-02-25,2019-02-26,21936.0,2019-02-11,252.0,-1.3024%,0.0009,0.7243,-0.4521,0.0559,0.9273%,1.2169%,41.9309%,-0.011343,PFE,21936.0,2019-02-12,252.0,0.4559%,0.0008,0.7197,-0.4507,0.0534,0.9280%,1.2136%,41.5255%,-0.005206,PFE,21936.0,2019-02-13,252.0,-0.4060%,0.0008,0.7178,-0.4502,0.0518,0.9289%,1.2109%,41.1570%,-0.0059419999999999,PFE,21936.0,2019-02-14,252.0,0.6475%,0.0008,0.7151,-0.4451,0.0469,0.9303%,1.2106%,40.9498%,0.010523,PFE,21936.0,2019-02-15,252.0,1.0245%,0.0008,0.7196,-0.4408,0.0544,0.9301%,1.2114%,41.0515%,0.002952,PFE,21936.0,2019-02-19,252.0,0.4717%,0.0008,0.7188,-0.4365,0.0594,0.9298%,1.2084%,40.7976%,0.004365,PFE,21936.0,2019-02-20,252.0,-0.9390%,0.0007,0.7142,-0.4535,0.0413,0.9270%,1.2067%,40.9880%,-0.010222,PFE,21936.0,2019-02-21,252.0,-0.1422%,0.0007,0.7124,-0.4571,0.0381,0.9265%,1.2058%,40.9636%,0.000898,PFE,21936.0,2019-02-22,252.0,1.9459%,0.0008,0.7099,-0.4517,0.0127,0.9325%,1.2104%,40.6510%,0.017802,PFE,21936.0,2019-02-25,252.0,0.2793%,0.0008,0.7098,-0.4517,0.0122,0.9325%,1.2105%,40.6566%,0.000477,PFE,21936.0,2019-02-26,252.0,-0.1393%,0.0008,0.7099,-0.4463,0.0151,0.9328%,1.2075%,40.3233%,-0.003208,PFE,-0.016549,-0.022491,-0.011968,-0.004651,0.0010959999999999
25123,PROGRESSIVE CORP OH,Progressive Option Alert: Fri $70 Calls Sweep (2) near the Ask: 3150 @ $0.465 vs 1064 OI; Earnings 2/28 Before Open [est] Ref=$68.97,6,increase,0.7,0.6,"the significant call option activity suggests bullish sentiment ahead of the earnings report, indicating potential upward pressure on the stock price.",2,2019-02-11,PGR,2019-02-11 20:41:00+00:00,64390.0,74331510,0.0117027945816516,3861622.0,0.0020242824684828,0.0094506703317165,0.0216450206935405,0.0022199426311999,-0.0012712423922494,0.0156320594251155,0.0077782925218343,0.0075723156332969,0.0077181505039334,0.0034953756257891,0.0093302577733993,0.0152177447453141,-0.0051048942841589,0.0080899009481072,0.0022187773138284,0.0142835807055234,0.0063651134259998,0.0093558384105563,-0.0056373388506472,-0.0015314869815483,0.005392690654844,0.0009197607287205,0.0026131542399525,0.003846745705232,0.0016460234764963,0.0268604345619678,-0.0042453790083527,-0.0175410937517881,-0.0028881733305752,0.0184979941695928,-0.0081378808245062,0.0103834113106131,0.0043109101243317,0.0091890972107648,0.000692265573889,0.0073075178079307,0.0080254860222339,-0.0016212463378906,0.0100206369534134,-0.0046796984970569,-0.0171242468059063,0.0109298853203654,0.0074668270535767,0.0093858009204268,0.0102937137708067,0.0114923156797885,-0.0074718524701893,0.0080590918660163,-0.0090336166322231,0.022840492427349,-0.0053867315873503,-0.016883336007595,0.0155533272773027,-0.0182330887764692,-0.0047859768383204,0.0113998372107744,-0.0008243687916547,-0.0091361999511718,0.0063256197609007,0.0146637270227074,-0.0064225364476442,0.0396005287766456,-0.0039884597063064,-0.0395489484071731,-0.0045567778870463,-0.0063545331358909,0.0092940190806984,-0.0175784416496753,-0.0009620628552511,-0.0034381612204015,0.0046773464418947,0.000163781500305,-0.005477201193571,-0.0150000052526593,0.0023438325151801,-0.0182106327265501,-0.0094909882172942,-0.014205371029675,-0.0066657871939241,0.0092956721782684,0.0075492928735911,-0.002827970078215,-0.0041626621969044,0.0036266692914068,0.0117041105404496,-0.0217492468655109,-0.0048202518373727,0.0030946091283112,0.0691945701837539,-0.0326298512518405,-0.0142376190051436,0.0078442692756652,-0.0152311399579048,0.0168737303465604,-0.005866699386388,0.0146303884685039,0.0151556450873613,0.0381321795284748,-0.0081913424655795,-0.0211924742907285,0.0070600612089037,0.0044479551725089,0.0078042852692306,-0.0116187455132603,0.0120750507339835,-0.0107175931334495,0.0134872375056147,-0.0096908919513225,-0.01586689427495,-0.0200481507927179,-0.0175530631095171,0.0006032169330865,-0.0149549664929509,0.0231481473892927,-0.0025527668185532,-0.094845563173294,-0.0195312090218067,-0.0043116160668432,0.0100287916138768,-0.0176253709942102,0.0020242824684828,0.0094506703317165,0.0237131187979433,0.0116915929088792,0.0224117312838254,0.0275064160091207,0.03831685592549,0.0389057359179609,0.0456910909146783,0.0868576750591443,0.0581260338092928,0.1962212594262316,0.0645077725272762,-0.03030732601723,2019-02-12,2019-02-13,2019-02-14,2019-02-15,2019-02-19,2019-02-20,2019-02-21,2019-02-22,2019-02-25,2019-02-26,64390.0,2019-02-11,252.0,1.1703%,0.0012,0.9537,-0.1028,0.1902,1.1317%,1.4942%,42.6336%,0.010661,PGR,64390.0,2019-02-12,252.0,0.2024%,0.0012,0.943,-0.0979,0.1839,1.1332%,1.4882%,42.0226%,-0.010701,PGR,64390.0,2019-02-13,252.0,2.1645%,0.0013,0.9507,-0.1038,0.1872,1.1365%,1.4936%,42.1064%,0.018835,PGR,64390.0,2019-02-14,252.0,-0.1271%,0.0012,0.9497,-0.1037,0.1885,1.1338%,1.4909%,42.1615%,0.00225,PGR,64390.0,2019-02-15,252.0,0.7778%,0.001,0.9118,-0.1382,0.1262,1.1026%,1.4480%,42.0146%,-0.003698,PGR,64390.0,2019-02-19,252.0,0.7718%,0.0011,0.9137,-0.1366,0.1279,1.1029%,1.4478%,41.9744%,0.005908,PGR,64390.0,2019-02-20,252.0,0.9330%,0.0011,0.9146,-0.1386,0.1299,1.1021%,1.4477%,42.0430%,0.0070909999999999,PGR,64390.0,2019-02-21,252.0,-0.5105%,0.0011,0.9117,-0.1452,0.1246,1.1005%,1.4450%,41.9975%,-0.0016189999999999,PGR,64390.0,2019-02-22,252.0,0.2219%,0.001,0.9128,-0.1658,0.1189,1.0966%,1.4436%,42.3036%,-0.001178,PGR,64390.0,2019-02-25,252.0,0.6365%,0.0011,0.912,-0.1683,0.1148,1.0961%,1.4434%,42.3307%,0.004679,PGR,64390.0,2019-02-26,252.0,-0.5637%,0.001,0.9136,-0.1614,0.1194,1.0967%,1.4413%,42.0988%,-0.0049759999999999,PGR,-4.0000000000000105e-05,0.018795,0.021045,0.023255,0.027252
25131,PENNYMAC MORTGAGE INV TR,PennyMac Mortgage Investment Trust Reports 7M Share Common Stock Offering,6,decrease,0.7,0.6,"the announcement of a common stock offering typically dilutes existing shareholders' equity, which can lead to a decrease in stock price.",0,2019-02-11,PMT,2019-02-11 21:13:00+00:00,92976.0,70931T10,0.0,441031.0,-0.0370543636381626,0.0544016025960445,-0.0014613096136599,-0.0093091884627938,-0.0243902429938316,-0.0019560349173843,-0.0010000228649005,-0.0009769687894731,0.0060060480609536,0.0123639963567256,-0.0144279059022665,-0.0009881649166345,0.0070672035217285,0.0114942295476794,0.0105262696743011,0.0055276690982282,0.0094246296212077,-0.0005022716941311,0.0009828234324231,-0.0025049718096852,0.0024545525666326,0.0126839177682995,-0.001958908746019,0.0097335362806916,0.0019627534784376,0.0067045423202216,-0.0004897271865047,-0.0010304203024134,0.000979934236966,-0.0010293596424162,-0.0058737560175359,-0.0015415612142533,0.0009847591863945,0.0109090432524681,0.0054107531905174,-0.005167978350073,0.0151663143187761,-0.0030911625362932,-0.0072288974188268,0.0025826052296906,0.0111650265753269,0.0,-0.0067210462875664,0.007808513008058,0.0019332531373947,0.003133131423965,0.0014472111361101,-0.0010433207498863,-0.009152241051197,0.0164368748664856,0.0029168433975428,0.001061595394276,0.007755781058222,0.0118152154609561,-0.0177970565855503,-0.0158561971038579,0.0004897271865047,0.0125326607376337,0.0029368314426392,0.001045502256602,0.0092728417366743,0.0522551611065864,0.0048356084153056,-0.012493185698986,-0.0033687006216496,-0.009682641364634,0.0067600822076201,-0.0342857055366039,0.0028776722028851,-0.0188583489507436,0.0043041678145527,0.0056381653994321,0.0090476442128419,-0.0547480247914791,0.0014157044934108,0.0053579495288431,0.0047125536948442,-0.001944531337358,0.0,-0.0053191785700619,0.0014071617042645,-0.0052910344675183,0.0009367895545437,-0.0234852042049169,0.000935855670832,0.0023541029077023,-0.0033460657577961,0.017241409048438,0.0,-0.0113637149333953,-0.0028776722028851,0.0033254919108003,0.0004809197271242,0.00669533200562,0.0009615605231374,0.001436814549379,0.003842455567792,0.0091831134632229,0.0043062274344265,-0.0019295228412374,-0.0038113351911306,-0.0004821711045224,0.0076518338173627,0.0112140197306871,0.0,0.0098474035039544,-0.0033222446218132,-0.0092683183029294,0.0,-0.0029182620346546,-0.0057143256999552,-0.0019417919684201,0.0287356507033109,-0.0072288974188268,0.0162942446768283,0.0019314783858135,-0.0467247106134891,0.0033914581872522,0.0038443021476268,-0.0076923007145524,-0.0370543636381626,0.0544016025960445,-0.03846152535401,0.044585979362006,-0.061913682398544,0.0425427327121636,-0.0572232329768924,0.0544016024272251,-0.0445590460704511,0.0681363052508874,-0.0389305763422367,0.1421651896780777,0.0018445457526705,0.0504624946445255,2019-02-12,2019-02-13,2019-02-14,2019-02-15,2019-02-19,2019-02-20,2019-02-21,2019-02-22,2019-02-25,2019-02-26,92976.0,2019-02-11,252.0,0.0000%,0.0015,0.5487,0.4264,0.3987,1.0223%,1.1658%,23.0950%,-0.004732,PMT,92976.0,2019-02-12,252.0,-3.7054%,0.0012,0.5023,0.4524,0.3704,1.0333%,1.1587%,20.4812%,-0.044024,PMT,92976.0,2019-02-13,252.0,-0.1461%,0.0012,0.5031,0.4493,0.3687,1.0335%,1.1588%,20.4625%,-0.003499,PMT,92976.0,2019-02-14,252.0,-2.4390%,0.0011,0.5084,0.4355,0.3845,1.0443%,1.1690%,20.1991%,-0.023631,PMT,92976.0,2019-02-15,252.0,-0.1000%,0.001,0.5017,0.4283,0.372,1.0465%,1.1673%,19.6315%,-0.00978,PMT,92976.0,2019-02-19,252.0,0.6006%,0.001,0.4984,0.4344,0.3792,1.0440%,1.1640%,19.5655%,0.002595,PMT,92976.0,2019-02-20,252.0,-1.4428%,0.0009,0.4919,0.4152,0.3549,1.0488%,1.1650%,18.9663%,-0.0185159999999999,PMT,92976.0,2019-02-21,252.0,0.7067%,0.001,0.4839,0.4007,0.34,1.0450%,1.1574%,18.4794%,0.009894,PMT,92976.0,2019-02-22,252.0,1.0526%,0.0011,0.4817,0.4257,0.3365,1.0410%,1.1550%,18.7675%,0.010076,PMT,92976.0,2019-02-25,252.0,0.9425%,0.0011,0.4819,0.4213,0.3351,1.0426%,1.1562%,18.6913%,0.010315,PMT,92976.0,2019-02-26,252.0,0.0983%,0.0011,0.4714,0.4254,0.3294,1.0381%,1.1484%,18.2971%,0.005456,PMT,-0.048756,-0.052255,-0.075886,-0.083071,-0.065846
25139,QUALCOMM INC,"Qualcomm to Sell Qualcomm Life to Francisco Partners, Terms Not Disclosed",6,uncertain,0.6,0.3,"the sale of qualcomm life could be seen as a strategic move to streamline operations, but without disclosed terms, the market reaction is unpredictable.",1,2019-02-11,QCOM,2019-02-11 11:13:00+00:00,77178.0,74752510,0.0107377395033836,9964980.0,0.0163288991898298,-0.0051433891057968,-0.0013550076400861,-0.010763194411993,-0.0003876808914355,0.0072934934869408,0.0079503562301397,0.0209297835826873,0.000577121565584,0.001612538122572,0.0084599591791629,0.0018174505094066,-0.0019066212698817,-0.0129559049382805,0.0147087005898356,0.0155869759619236,-0.0024472374934703,-0.0244865305721759,0.0007548046996816,-0.012865494005382,0.0001886128011392,0.0096437288448214,0.0065987645648419,-0.0185435395687818,0.0151714058592915,-0.0464173965156078,-0.0077491141855716,-0.0177311301231384,0.0029750808607786,0.0091290855780243,0.0274379067122936,-0.0090464986860752,-0.0140511030331254,-0.0082540661096572,-0.0092541184276342,-0.0273996461182832,0.0153185073286294,-0.0034782742150127,0.0090156700462102,0.0123239569365978,0.0100291622802615,0.0033562732860445,0.0001805765787139,0.0117962434887886,0.0216605942696332,-0.0086817480623722,0.0040636635385453,-0.0028268524911254,0.0024634767323732,0.0161579474806785,0.0033350645098835,-0.0296167377382516,0.0106718093156814,0.0086101153865456,-0.0164445340633392,0.0017602265579625,-0.0031679039821028,0.0128365345299243,0.0240113101899623,0.0023231070954352,-0.0187931060791015,0.0430568046867847,-0.0063257883302867,-0.0218777935951948,0.0084880553185939,-0.0269647054374218,0.0136770578101277,-0.005644729360938,0.0048434315249323,-0.0188646614551544,-0.0070580109022557,0.0136841889470815,0.0031206710264086,-0.0107601340860128,0.0022468210663646,-0.0080909142270684,-0.0039662588387727,0.0064102378673851,-0.0055401609279215,0.0064516607671976,-0.0193244572728872,0.0019216770306229,-0.0076335929334163,0.0223254151642322,0.0187835283577442,-0.01961125805974,0.0040386221371591,1.858450815461765e-08,0.2320740967988968,-0.0238417293876409,0.1224983036518097,0.0151047222316265,0.0102427611127495,0.0025812718085944,0.0260358229279518,0.0257722698152065,0.0579480305314064,0.019434979185462,0.0012684571556746,-0.002870982280001,-0.0202695168554782,0.0086877746507525,0.0184553861618042,-0.0003618682385422,0.0070406347513198,0.0063729477114975,-0.0128367077559232,0.0003642375813797,0.0027865495067089,-0.0175375714898109,0.0089150937274098,0.0088463928550481,0.024672957137227,0.0268817357718944,-0.0116474507376551,-0.0040620607323944,-0.0345609411597251,-0.0060561904683709,-0.007746432442218,-0.039315927773714,0.0163288991898298,-0.0051433891057968,0.0149517657665871,-0.0158512242209076,0.0145582883612707,-0.0086733415345821,0.0232145667578889,0.0137069202635513,0.0432814650754835,-0.0196880771904487,0.1539681743005774,-0.1013223438942864,0.6820081264130089,-0.1037383558017296,2019-02-12,2019-02-13,2019-02-14,2019-02-15,2019-02-19,2019-02-20,2019-02-21,2019-02-22,2019-02-25,2019-02-26,77178.0,2019-02-11,252.0,1.0738%,-0.0009,0.9879,0.0196,-0.1441,1.4587%,1.8223%,35.9276%,0.009574,QCOM,77178.0,2019-02-12,252.0,1.6329%,-0.0009,0.9821,0.0295,-0.1488,1.4565%,1.8182%,35.8244%,0.002545,QCOM,77178.0,2019-02-13,252.0,-0.1355%,-0.001,0.9755,0.0393,-0.1478,1.4542%,1.8104%,35.4749%,-0.004118,QCOM,77178.0,2019-02-14,252.0,-0.0388%,-0.001,0.9753,0.0402,-0.149,1.4542%,1.8103%,35.4755%,0.000499,QCOM,77178.0,2019-02-15,252.0,0.7950%,-0.001,0.974,0.0389,-0.1513,1.4542%,1.8089%,35.3716%,-0.002556,QCOM,77178.0,2019-02-19,252.0,0.0577%,-0.0009,0.9839,0.025,-0.1678,1.4405%,1.8050%,36.3094%,-0.001033,QCOM,77178.0,2019-02-20,252.0,0.8460%,-0.0008,0.9868,0.0339,-0.157,1.4409%,1.8055%,36.3066%,0.007359,QCOM,77178.0,2019-02-21,252.0,-0.1907%,-0.0008,0.9839,0.0284,-0.1624,1.4403%,1.8037%,36.2313%,0.001307,QCOM,77178.0,2019-02-22,252.0,1.4709%,-0.0007,0.9827,0.0355,-0.1697,1.4407%,1.8054%,36.3216%,0.00567,QCOM,77178.0,2019-02-25,252.0,-0.2447%,-0.0007,0.9805,0.035,-0.1783,1.4356%,1.8015%,36.4950%,-0.004234,QCOM,77178.0,2019-02-26,252.0,0.0755%,-0.0007,0.9777,0.0341,-0.1808,1.4355%,1.7976%,36.2313%,0.001859,QCOM,0.012119,0.008001,0.0085,0.004911,0.016872
25147,RESTAURANT BRANDS INTL INC,Restaurant Brands shares are trading higher after the company reported Q4 EPS of $0.68 versus the $0.50 estimate and revenue of $1.39B versus the $1.15B estimate.,6,increase,0.85,0.7,"the company exceeded both earnings and revenue estimates, which typically boosts investor confidence and can lead to a rise in stock price.",2,2019-02-11,QSR,2019-02-11 13:48:00+00:00,15113.0,76131D10,0.0162679497152566,4493991.0,0.0084745902568101,0.0062590176239609,0.0031123084481805,-0.0044735386036336,-0.0097734602168202,0.0077282167039811,0.0134732974693179,-0.0094098905101418,0.0038645847234874,0.001437472528778,-0.0041577494703233,-0.0006384822772815,0.0012370779877528,0.0036847703158855,-0.0199227947741746,-0.0063674231059849,-0.0152851780876517,-0.0031736078672111,0.0011201743036508,-0.0011095212539657,-0.0004795810964424,-0.0087981363758444,0.0108747854828834,0.0166107788681983,-0.0020565930753946,0.0978432744741439,-0.0101458970457315,-0.0074834721162915,-0.000960883393418,0.0036681063938885,-0.0091375391930341,0.0130950575694441,-0.008736465126276,0.0069493832997977,0.0261138975620269,0.0050143050029873,-0.0074757025577127,-0.0122058847919106,0.0028846201021224,0.0203970614820718,0.0073505765758454,0.0115026663988828,0.0025380686856806,0.0042170798406004,0.0066985352896153,-0.0192411374300718,0.0042775738984346,0.0271518509835004,0.0050481101498007,0.0385574176907539,-0.0127138216048479,0.013807913288474,0.0090619977563619,-0.0168260242789983,-0.0004727051127701,0.0055758687667548,0.0053593972697854,-0.0085779791697859,0.0079962704330682,0.0024841821286827,0.0101104602217674,0.0339854024350643,0.0101631665602326,-0.0207043290138244,-0.0074694799259305,-0.0040470049716532,0.0082936706021428,-0.0198337603360414,-0.0031987673137336,0.0058901300653815,0.0064180647023022,0.005156616680324,0.0006073628319427,-0.017267232760787,-0.000303554959828,-0.0150320893153548,0.0004554706974886,0.0105594610795378,-0.0100137097761035,0.0188750475645065,0.0061302916146814,-0.0152416303753852,0.0070068403147161,-0.0159136448055505,0.0071093817241489,-0.0430597402155399,-0.0019526116084307,0.0143821267411112,-0.0013543467503041,-0.0186443571001291,0.0018083596369251,-0.0161152482032775,0.0192538909614086,-0.0076556135900318,-0.0271547213196754,0.0099656013771891,-0.0007584257400594,0.0365093350410461,-0.0036436235532164,-0.0068977605551481,0.0004572056932374,0.0218687690794467,0.0121839074417948,0.0054516275413334,-0.0144447656348347,0.0459988228976726,-0.0039694984443485,-0.0219371691346168,-0.0001531960006104,-0.0302866455167532,0.0065920632332563,0.0181718375533819,0.0169051624834537,-0.016428954899311,0.0055414522066712,-0.0050296173430979,0.0026809696573764,-0.0051822895184159,-0.0117350108921527,-0.0149621944874525,0.0084745902568101,0.0062590176239609,0.0116132742438419,0.0017574790633656,0.0017263121532125,0.0094992779464011,0.0191462835291622,0.0014374728000254,-0.0182046429967616,-0.0061816352558458,0.0169911973205296,0.1981654565475783,0.052425292817372,0.1130005218735457,2019-02-12,2019-02-13,2019-02-14,2019-02-15,2019-02-19,2019-02-20,2019-02-21,2019-02-22,2019-02-25,2019-02-26,15113.0,2019-02-11,252.0,1.6268%,0.0004,0.5804,-0.2354,-0.3078,1.4437%,1.6097%,19.5681%,0.017926,QSR,15113.0,2019-02-12,252.0,0.8475%,0.0004,0.5848,-0.2413,-0.3045,1.4428%,1.6104%,19.7364%,5e-06,QSR,15113.0,2019-02-13,252.0,0.3112%,0.0002,0.5617,-0.2018,-0.2972,1.4068%,1.5650%,19.1993%,0.001733,QSR,15113.0,2019-02-14,252.0,-0.9773%,0.0004,0.5665,-0.2056,-0.2973,1.3866%,1.5491%,19.8820%,-0.009368,QSR,15113.0,2019-02-15,252.0,1.3473%,0.0004,0.5791,-0.1934,-0.2757,1.3865%,1.5511%,20.0966%,0.0089129999999999,QSR,15113.0,2019-02-19,252.0,0.3865%,0.0004,0.5797,-0.1909,-0.2729,1.3867%,1.5501%,19.9721%,0.004052,QSR,15113.0,2019-02-20,252.0,-0.4158%,0.0004,0.5774,-0.2017,-0.2826,1.3845%,1.5486%,20.0730%,-0.003438,QSR,15113.0,2019-02-21,252.0,0.1237%,0.0004,0.5788,-0.1984,-0.28,1.3841%,1.5485%,20.1014%,0.002482,QSR,15113.0,2019-02-22,252.0,-1.9923%,0.0003,0.5825,-0.1972,-0.2351,1.3940%,1.5526%,19.3793%,-0.02681,QSR,15113.0,2019-02-25,252.0,-1.5285%,0.0002,0.582,-0.1891,-0.2328,1.3980%,1.5556%,19.2282%,-0.017195,QSR,15113.0,2019-02-26,252.0,0.1120%,0.0002,0.5777,-0.1846,-0.2337,1.3973%,1.5519%,18.9280%,-2.7e-05,QSR,0.017931,0.019664,0.010296,0.023261,-0.021727
25155,RESTAURANT BRANDS INTL INC,"Restaurant Brands International Inc. Common Shares Q4 EPS $0.68 Beats $0.56 Estimate, Sales $1.385B Beat $1.15B Estimate",6,increase,0.85,0.7,"the company reported better-than-expected earnings and sales, which typically leads to positive investor sentiment and an increase in stock price.",2,2019-02-11,QSR,2019-02-11 11:33:00+00:00,15113.0,76131D10,0.0162679497152566,4493991.0,0.0084745902568101,0.0062590176239609,0.0031123084481805,-0.0044735386036336,-0.0097734602168202,0.0077282167039811,0.0134732974693179,-0.0094098905101418,0.0038645847234874,0.001437472528778,-0.0041577494703233,-0.0006384822772815,0.0012370779877528,0.0036847703158855,-0.0199227947741746,-0.0063674231059849,-0.0152851780876517,-0.0031736078672111,0.0011201743036508,-0.0011095212539657,-0.0004795810964424,-0.0087981363758444,0.0108747854828834,0.0166107788681983,-0.0020565930753946,0.0978432744741439,-0.0101458970457315,-0.0074834721162915,-0.000960883393418,0.0036681063938885,-0.0091375391930341,0.0130950575694441,-0.008736465126276,0.0069493832997977,0.0261138975620269,0.0050143050029873,-0.0074757025577127,-0.0122058847919106,0.0028846201021224,0.0203970614820718,0.0073505765758454,0.0115026663988828,0.0025380686856806,0.0042170798406004,0.0066985352896153,-0.0192411374300718,0.0042775738984346,0.0271518509835004,0.0050481101498007,0.0385574176907539,-0.0127138216048479,0.013807913288474,0.0090619977563619,-0.0168260242789983,-0.0004727051127701,0.0055758687667548,0.0053593972697854,-0.0085779791697859,0.0079962704330682,0.0024841821286827,0.0101104602217674,0.0339854024350643,0.0101631665602326,-0.0207043290138244,-0.0074694799259305,-0.0040470049716532,0.0082936706021428,-0.0198337603360414,-0.0031987673137336,0.0058901300653815,0.0064180647023022,0.005156616680324,0.0006073628319427,-0.017267232760787,-0.000303554959828,-0.0150320893153548,0.0004554706974886,0.0105594610795378,-0.0100137097761035,0.0188750475645065,0.0061302916146814,-0.0152416303753852,0.0070068403147161,-0.0159136448055505,0.0071093817241489,-0.0430597402155399,-0.0019526116084307,0.0143821267411112,-0.0013543467503041,-0.0186443571001291,0.0018083596369251,-0.0161152482032775,0.0192538909614086,-0.0076556135900318,-0.0271547213196754,0.0099656013771891,-0.0007584257400594,0.0365093350410461,-0.0036436235532164,-0.0068977605551481,0.0004572056932374,0.0218687690794467,0.0121839074417948,0.0054516275413334,-0.0144447656348347,0.0459988228976726,-0.0039694984443485,-0.0219371691346168,-0.0001531960006104,-0.0302866455167532,0.0065920632332563,0.0181718375533819,0.0169051624834537,-0.016428954899311,0.0055414522066712,-0.0050296173430979,0.0026809696573764,-0.0051822895184159,-0.0117350108921527,-0.0149621944874525,0.0084745902568101,0.0062590176239609,0.0116132742438419,0.0017574790633656,0.0017263121532125,0.0094992779464011,0.0191462835291622,0.0014374728000254,-0.0182046429967616,-0.0061816352558458,0.0169911973205296,0.1981654565475783,0.052425292817372,0.1130005218735457,2019-02-12,2019-02-13,2019-02-14,2019-02-15,2019-02-19,2019-02-20,2019-02-21,2019-02-22,2019-02-25,2019-02-26,15113.0,2019-02-11,252.0,1.6268%,0.0004,0.5804,-0.2354,-0.3078,1.4437%,1.6097%,19.5681%,0.017926,QSR,15113.0,2019-02-12,252.0,0.8475%,0.0004,0.5848,-0.2413,-0.3045,1.4428%,1.6104%,19.7364%,5e-06,QSR,15113.0,2019-02-13,252.0,0.3112%,0.0002,0.5617,-0.2018,-0.2972,1.4068%,1.5650%,19.1993%,0.001733,QSR,15113.0,2019-02-14,252.0,-0.9773%,0.0004,0.5665,-0.2056,-0.2973,1.3866%,1.5491%,19.8820%,-0.009368,QSR,15113.0,2019-02-15,252.0,1.3473%,0.0004,0.5791,-0.1934,-0.2757,1.3865%,1.5511%,20.0966%,0.0089129999999999,QSR,15113.0,2019-02-19,252.0,0.3865%,0.0004,0.5797,-0.1909,-0.2729,1.3867%,1.5501%,19.9721%,0.004052,QSR,15113.0,2019-02-20,252.0,-0.4158%,0.0004,0.5774,-0.2017,-0.2826,1.3845%,1.5486%,20.0730%,-0.003438,QSR,15113.0,2019-02-21,252.0,0.1237%,0.0004,0.5788,-0.1984,-0.28,1.3841%,1.5485%,20.1014%,0.002482,QSR,15113.0,2019-02-22,252.0,-1.9923%,0.0003,0.5825,-0.1972,-0.2351,1.3940%,1.5526%,19.3793%,-0.02681,QSR,15113.0,2019-02-25,252.0,-1.5285%,0.0002,0.582,-0.1891,-0.2328,1.3980%,1.5556%,19.2282%,-0.017195,QSR,15113.0,2019-02-26,252.0,0.1120%,0.0002,0.5777,-0.1846,-0.2337,1.3973%,1.5519%,18.9280%,-2.7e-05,QSR,0.017931,0.019664,0.010296,0.023261,-0.021727
25163,RADNET INC,"RadNet to Acquire Imaging Operations From Kern Radiology, Terms Not Disclosed",6,increase,0.7,0.6,"the acquisition of imaging operations typically signals growth and expansion for radnet, which could positively influence investor sentiment and stock price.",2,2019-02-11,RDNT,2019-02-11 11:23:00+00:00,76672.0,75049110,-0.0089086769148707,186403.0,0.0172284301370382,-0.0274368301033973,0.0073637985624372,0.0213864278048276,0.0226607788354158,0.0,0.016440350562334,-0.0209386255592107,-0.0147679345682263,-0.0071684177964925,-0.0149892959743738,0.0219780374318361,0.0115941921249032,0.024774769321084,0.0035816754680126,0.0365758202970027,-0.0092790946364402,-0.0100153442472219,-0.0036023191642016,0.0,-0.0144613021984696,0.0252764374017715,0.00073369249003,0.0079617379233241,0.0505864769220352,0.0170040503144264,-0.0020934916101396,-0.0064360355027019,-0.0104895504191517,-0.0016063859220594,-0.0487632229924202,0.00241543748416,-0.0014859180664643,0.0,0.0029761877376586,0.0633561462163925,0.0022255703806877,-0.0110076302662491,0.0214655771851539,0.0479148142039775,0.0072463350370526,0.0162308663129806,0.141007199883461,-0.0018001354765146,-0.0378309860825538,0.0164683759212493,-0.0353866294026374,0.0370019301772117,-0.0326087288558483,0.0508474819362163,-0.0245786122977733,-0.0411090143024921,-0.0230382028967142,0.0285152364522218,-0.0567427799105644,-0.0154888527467846,-0.0085937976837158,0.0,-0.0015760051319375,-0.029135376214981,-0.0378848053514957,0.02801931835711,0.0090238405391573,-0.0057636373676359,0.0073170852847397,0.0,0.002421285957098,-0.046703316271305,0.0249596983194351,-0.0674637034535408,0.0094266179949045,-0.0084674321115016,0.0015563815832138,-0.038273561745882,-0.0124320005998015,-0.0300158075988292,0.0094413757324218,0.0071599166840314,0.0,0.0023923232220113,0.002338248770684,0.0,0.0202177483588457,-0.0047619380056858,-0.0007622125558555,0.0080000301823019,-0.0114416191354394,-0.0118576772511005,-0.0192901231348514,-0.0328746400773525,-0.0393391028046608,0.0147400759160518,0.0024569805245846,-0.0160305369645357,-0.0147058293223381,-0.0030441370327025,0.0306799225509166,0.0281690619885921,-0.0144811179488897,-0.0054475213401019,0.0057142609730362,0.004691198002547,0.007305207196623,-0.0023400727659463,-0.0072522284463047,0.029718866571784,-0.0170454587787389,-0.036377727985382,0.0066061043180525,-0.0300300028175115,0.0155865903943777,-0.0118694249540567,0.0169628467410802,0.0353301912546157,0.0484511256217956,-0.0180995296686887,-0.0386363826692104,-0.0592408664524555,0.0181245468556881,0.0518657229840755,0.0172284301370382,-0.0274368301033973,0.0247190953885516,-0.0066371780847692,0.047940028177579,-0.0066371780847692,0.0494381904597194,-0.03440856939149,0.0359550218986315,0.0377504424975554,-0.050936354533668,0.2659774351227384,-0.0322097629772903,0.0052239393790403,2019-02-12,2019-02-13,2019-02-14,2019-02-15,2019-02-19,2019-02-20,2019-02-21,2019-02-22,2019-02-25,2019-02-26,76672.0,2019-02-11,252.0,-0.8909%,0.0012,0.7491,0.9401,0.0797,2.0783%,2.2789%,16.8302%,-0.016638,RDNT,76672.0,2019-02-12,252.0,1.7228%,0.0013,0.7557,0.9358,0.0838,2.0782%,2.2810%,16.9907%,0.006888,RDNT,76672.0,2019-02-13,252.0,0.7364%,0.0012,0.7524,0.9427,0.0859,2.0776%,2.2796%,16.9359%,0.004528,RDNT,76672.0,2019-02-14,252.0,2.2661%,0.0012,0.747,0.9522,0.0773,2.0785%,2.2805%,16.9330%,0.019737,RDNT,76672.0,2019-02-15,252.0,1.6440%,0.0014,0.7748,0.9776,0.123,2.0695%,2.2801%,17.6155%,0.005147,RDNT,76672.0,2019-02-19,252.0,-1.4768%,0.0013,0.7733,0.961,0.1044,2.0730%,2.2824%,17.5093%,-0.019544,RDNT,76672.0,2019-02-20,252.0,-1.4989%,0.0012,0.7676,0.9484,0.0842,2.0770%,2.2847%,17.3552%,-0.019247,RDNT,76672.0,2019-02-21,252.0,1.1594%,0.0013,0.7651,0.9465,0.0795,2.0788%,2.2852%,17.2473%,0.015192,RDNT,76672.0,2019-02-22,252.0,0.3582%,0.0012,0.7666,0.9323,0.0842,2.0784%,2.2837%,17.1678%,-0.005528,RDNT,76672.0,2019-02-25,252.0,-0.9279%,0.0012,0.7659,0.9361,0.0836,2.0788%,2.2843%,17.1829%,-0.007953,RDNT,76672.0,2019-02-26,252.0,-0.3602%,0.0012,0.7651,0.9334,0.0816,2.0789%,2.2839%,17.1498%,0.00379,RDNT,-0.00975,-0.005222,0.014515,0.000118,-0.013628
25171,DR REDDYS LABORATORIES LTD,Celgene Shares Up ~1.5% Following Report that Co Celgene Prevailed in Revlimid Patent Challenge From Dr. Reddy's,6,decrease,0.8,0.6,"the news indicates that celgene has successfully defended its patent against dr. reddy's, which could negatively impact dr. reddy's ability to compete in the market for revlimid, likely leading to a decrease in its stock price.",0,2019-02-11,RDY,2019-02-11 18:16:00+00:00,88957.0,25613520,-0.0554123148322105,283171.0,0.0390177406370639,-0.0197069868445396,-0.0173320285975933,0.0053340843878686,0.0077498913742601,-0.012045158073306,-0.0458764135837554,0.0037782797589898,0.0116732073947787,0.0171663332730531,-0.0173077210783958,0.0219952911138534,0.0064299562945961,0.0159616507589817,0.0244444739073514,0.0132075930014252,0.0132862757891416,-0.0040268865413963,0.0024083531461656,-0.0061365938745439,-0.0072077005170285,-0.0105597022920846,0.0131756300106644,0.0061088851653039,0.0002653482370078,0.0045358054339885,-0.0095515204593539,0.0118790119886398,0.0192873664200305,-0.0069704647175967,0.0120893325656652,0.0059330472722649,-0.0160996876657009,0.0081566898152232,-0.0097650811076164,0.0126651730388402,0.0194562766700983,-0.0157182067632675,0.002352945273742,0.0040816743858158,0.0067813852801918,-0.0070250835269689,0.0033679034095257,0.0029809428378939,0.0036147532518953,0.0101287364959716,0.0054026986472308,-0.0201180260628461,0.0120265455916523,0.0135943451896309,0.0240202471613884,-0.0210274402052164,-0.0046913241967558,-0.003448304021731,-0.0285289380699396,0.0002653790579643,0.0219612009823322,0.0029270034283399,0.0137431090697646,-0.0071333330124616,-0.0157751888036727,0.021041240543127,-0.0047582928091287,0.0062432014383375,0.0191242657601833,-0.0120675982907414,0.0017283875495195,0.0180180128663778,0.0133103504776954,-0.0184887088835239,-0.0150814624503254,0.0317943468689918,-0.0118548609316349,-0.012018640525639,-0.0014995641540735,0.0002732824359554,-0.0067584593780338,0.0192146655172109,0.0103326570242643,-0.0346774421632289,-0.0014966668095439,0.0116943242028355,0.0049962718039751,-0.025702204555273,0.0156599823385477,-0.0086681907996535,-0.0119922095909714,-0.00962536316365,-0.0091651957482099,0.0052300454117357,0.0060000419616699,-0.0052028344944119,0.013170943595469,0.0039174119010567,-0.0066225277259945,0.0357046164572238,0.0096296146512031,0.0035288019571453,-0.0009782566921785,0.012922772206366,0.0146879386156797,-0.0170270558446645,-0.0084439637139439,0.009825344197452,0.0019465166842564,0.003835599636659,0.0172413568943738,0.0354609936475753,-0.0033420717809349,0.0094502251595258,0.0110179418697953,0.0124672790989279,-0.0002368709247093,0.0078901359811425,0.0132700838148593,0.0052879052236676,-0.0098222214728593,0.0185518488287925,-0.0139348171651363,0.0039049938786774,0.0390177406370639,-0.0197069868445396,0.0210094554429356,-0.0144780211875303,0.0289221678147109,-0.0263487892070439,-0.0068212826745024,-0.005892891120904,0.0221008865257206,0.0352187752373642,0.1069576522394517,0.0250990939125128,0.1391541107615381,0.1655151115057802,2019-02-12,2019-02-13,2019-02-14,2019-02-15,2019-02-19,2019-02-20,2019-02-21,2019-02-22,2019-02-25,2019-02-26,88957.0,2019-02-11,252.0,-5.5412%,0.0004,0.2754,-0.0467,-0.1638,1.7326%,1.7665%,3.7979%,-0.0558079999999999,RDY,88957.0,2019-02-12,252.0,3.9018%,0.0004,0.277,-0.0236,-0.1671,1.7371%,1.7717%,3.8634%,0.0349029999999999,RDY,88957.0,2019-02-13,252.0,-1.7332%,0.0004,0.2777,-0.0322,-0.1731,1.7404%,1.7752%,3.8825%,-0.018077,RDY,88957.0,2019-02-14,252.0,0.7750%,0.0004,0.2762,-0.0283,-0.1776,1.7409%,1.7757%,3.8876%,0.007397,RDY,88957.0,2019-02-15,252.0,-4.5876%,0.0001,0.2325,-0.0728,-0.2554,1.7647%,1.7966%,3.5161%,-0.048174,RDY,88957.0,2019-02-19,252.0,1.1673%,0.0002,0.2352,-0.0657,-0.2477,1.7663%,1.7978%,3.4765%,0.012109,RDY,88957.0,2019-02-20,252.0,-1.7308%,0.0001,0.2306,-0.0763,-0.2643,1.7693%,1.8013%,3.5159%,-0.016348,RDY,88957.0,2019-02-21,252.0,0.6430%,0.0002,0.222,-0.0924,-0.28,1.7654%,1.7972%,3.4995%,0.006522,RDY,88957.0,2019-02-22,252.0,2.4444%,0.0003,0.2186,-0.0713,-0.3016,1.7677%,1.8010%,3.6717%,0.019293,RDY,88957.0,2019-02-25,252.0,1.3286%,0.0004,0.2172,-0.0785,-0.3104,1.7678%,1.8017%,3.7240%,0.01213,RDY,88957.0,2019-02-26,252.0,0.2408%,0.0004,0.2135,-0.0758,-0.3118,1.7674%,1.8006%,3.6551%,0.00113,RDY,-0.020905,-0.038982,-0.031585,-0.0676499999999999,-0.0449229999999999
25179,EVEREST RE GROUP LTD,"Everest Re Group Q4 EPS $(5.89) Beats $(6.31) Estimate, Sales $1.851B Beat $1.83B Estimate",6,increase,0.7,0.6,"the company reported a smaller loss per share than expected and higher sales than anticipated, which typically signals better-than-expected performance and can positively influence investor sentiment.",2,2019-02-11,RE,2019-02-11 21:29:00+00:00,82303.0,G3223R10,-0.0064021558500826,266689.0,-0.0362555831670761,-0.0031460537575185,0.0097933132201433,0.0008996713440865,-0.00200497941114,0.0083919530734419,0.0135021470487117,0.0035964366979897,0.0121698919683694,-0.0118313450366258,0.0094729997217655,0.0147910984233021,0.0052334927022457,-0.0010033347643911,0.0049369693733751,0.0240997783839702,-0.0031709468457847,-0.0007933459710329,-0.0017473091138526,0.0040296157822012,0.0066424114629626,-0.0106619829311966,0.0081145279109478,-0.0086397277191281,-0.0031842961907386,0.0136488936841487,-0.0022627201396971,-0.0093220928683876,-0.00200109439902,0.0063158902339637,-0.0041249976493418,0.0122696533799171,-0.0178740322589874,-0.0128085883334279,-0.0062345312908291,0.008423825725913,0.0053048892877995,0.0023924310225993,0.0013766029151156,-0.0059224222786724,0.0003665941185317,0.0115571338683366,0.0032064355909824,-0.006607255898416,0.0001826790830818,0.0096040060743689,0.0061173080466687,-0.0164720509201288,-0.0068061165511608,0.0292624551802873,-0.0317054353654384,-0.0227464213967323,0.0166548658162355,-0.0188280269503593,-0.0022739476989954,0.0080081271007657,-0.0008837733766995,0.0055390172637999,0.0031657014042139,0.0218797121196985,-0.0038518742658197,0.0217729937285184,0.0033543035387992,-0.0352136231958866,0.0027395254001021,-0.0137347448617219,0.0063437446951866,-0.0178052242845296,-0.0112271774560213,0.0022762450389564,0.0058169295080006,0.0086325872689485,-0.0039326646365225,0.0114718368276953,0.0047378153540194,-0.0111146755516529,0.0075355041772127,-0.0104081835597753,-0.0149123612791299,-0.0120340939611196,0.0098746800795197,-0.032454278320074,0.0235229283571243,0.0056800940074026,0.019963014870882,0.0152146583423018,-0.0005743112997151,0.013213493861258,0.0136598572134971,-0.0085112228989601,-0.0026602731086313,0.0104917231947183,0.0015304160770028,0.0089042643085122,-0.0023140010889619,0.0164388511329889,0.0055140247568488,0.0092273075133562,0.0065717650577425,-0.0056169205345213,-0.012020057067275,0.0138162402436137,0.009671801701188,-0.0012120956089347,0.0026006277184933,-0.0046403710730373,0.0181142296642065,-0.0014364374801516,0.0040764617733657,-0.002864645095542,0.0013955280883237,0.0089976349845528,0.0078973369672894,0.0110293943434953,-0.0036453965585678,-0.0095237782225012,0.0382690876722335,0.0017303236527368,-0.0202519334852695,-0.0334056578576564,-0.0362555831670761,-0.0031460537575185,-0.0268173322288669,-0.0022492128278446,-0.0287685434410264,0.0061238649570938,-0.0036754591602951,-0.0022042841062579,0.0110263749227093,0.0392653204543045,-0.0160967529222408,0.0549847655388098,0.1044939689790975,0.0091633089041867,2019-02-12,2019-02-13,2019-02-14,2019-02-15,2019-02-19,2019-02-20,2019-02-21,2019-02-22,2019-02-25,2019-02-26,82303.0,2019-02-11,252.0,-0.6402%,-0.0002,0.6273,-0.1097,0.4696,1.1912%,1.3422%,21.2357%,-0.007803,RE,82303.0,2019-02-12,252.0,-3.6256%,-0.0003,0.613,-0.1235,0.4647,1.2191%,1.3609%,19.7622%,-0.0440669999999999,RE,82303.0,2019-02-13,252.0,0.9793%,-0.0002,0.6182,-0.1289,0.4657,1.2189%,1.3624%,19.9566%,0.0077259999999999,RE,82303.0,2019-02-14,252.0,-0.2005%,-0.0002,0.6179,-0.1272,0.4632,1.2184%,1.3620%,19.9762%,0.002565,RE,82303.0,2019-02-15,252.0,1.3502%,-0.0002,0.6149,-0.1294,0.4589,1.2179%,1.3596%,19.7627%,0.004515,RE,82303.0,2019-02-19,252.0,1.2170%,-0.0002,0.6187,-0.1256,0.4629,1.2191%,1.3619%,19.8722%,0.0098999999999999,RE,82303.0,2019-02-20,252.0,0.9473%,-0.0001,0.6201,-0.1239,0.4675,1.2195%,1.3630%,19.9504%,0.005928,RE,82303.0,2019-02-21,252.0,0.5233%,-0.0001,0.6198,-0.1227,0.4668,1.2204%,1.3635%,19.8888%,0.008416,RE,82303.0,2019-02-22,252.0,0.4937%,-0.0001,0.618,-0.1058,0.4607,1.2195%,1.3612%,19.7347%,0.008346,RE,82303.0,2019-02-25,252.0,-0.3171%,-0.0001,0.6179,-0.104,0.4615,1.2197%,1.3612%,19.7161%,-0.003644,RE,82303.0,2019-02-26,252.0,-0.1747%,-0.0001,0.6145,-0.1008,0.4606,1.2192%,1.3580%,19.4022%,-1e-06,RE,-0.0518699999999999,-0.0441439999999999,-0.041579,-0.027164,-0.008119
25187,REGIONS FINANCIAL CORP NEW,Credit Suisse Initiates Coverage On Regions Financial with Neutral Rating,6,uncertain,0.5,0.5,"the initiation of coverage with a neutral rating suggests neither a strong positive nor negative outlook, leading to uncertainty in the stock price movement.",1,2019-02-11,RF,2019-02-11 11:35:00+00:00,35044.0,7591EP10,-0.0051813423633575,12147954.0,0.0071614980697631,-0.0045132590457797,0.00775694148615,0.0064893173985183,-0.0051314895972609,0.0,0.0315925069153308,-0.0038785014767199,0.0087499618530273,0.0091324429959058,0.0136308073997497,0.0105471219867467,-0.0067237536422908,-0.0168503057211637,-0.0006153986905701,-0.0064391135238111,0.0080049922689795,-0.0095663629472255,-0.0103848548606038,0.0019169768784195,0.0228394400328397,0.0090263951569795,-0.0102595100179314,0.0091086756438016,-0.0054878140799701,-0.0141116268932819,-0.0091967890039086,-0.0070063476450741,-0.0030940121505409,0.0057655447162687,-0.0211049132049083,0.0136363664641976,-0.0133164469152689,0.0191925857216119,0.0032425546087324,0.0100267129018902,0.0064640869386494,0.0121786408126354,0.0032113161869347,0.0047586467117071,0.012163926847279,0.0006802876596339,-0.0012650510761886,0.0110041163861751,-0.0031665731221437,0.0104238791391253,0.0146124837920069,0.0169611815363168,-0.0212899278849363,0.0366300381720066,-0.0428662858903408,-0.0014630912337452,-0.0354277901351451,0.0216741375625133,-0.0623700991272926,0.002247171010822,0.0,-0.0007484487723559,0.0295639745891094,-0.0022405292838811,0.0028714975342154,0.0652347356081008,0.0143163781613111,-0.0225505419075489,-0.0014114648802205,-0.0038729815278202,0.0367491506040096,0.0054516894742846,0.0115882800891995,-0.0294784121215343,0.002021545311436,-0.0119492756202817,0.0154674174264073,-0.0059391180984675,0.0026490041054785,-0.0224963333457708,0.0066049820743501,-0.0336606241762638,-0.0157480165362358,0.0070621739141643,0.0079999919980764,-0.0159833561629056,0.005952391307801,-0.0342281386256218,0.0256410483270883,-0.0261438284069299,-0.0217948816716671,-0.0096215493977069,0.0196592528373003,-0.0625375285744667,0.0128534575924277,0.0109421517699956,-0.0323604196310043,0.0148057797923684,-0.0006557527231052,-0.0133902141824364,0.0085301911458373,0.0104551091790199,0.0006506330100819,-0.0048959562554955,0.0058517656289041,0.0238095317035913,0.0051712943241,0.0088495798408985,0.0083601363003253,-0.0006317264051176,-0.0095663629472255,-0.0185988377779722,-0.0231809187680482,-0.0043210862204432,0.0171391051262617,-0.015197567641735,0.009721296839416,0.0048869834281504,-0.0121950954198837,-0.0302131716161966,-0.0181936770677566,-0.0029534047935158,-0.0105890044942498,-0.0179814081639051,0.0071614980697631,-0.0045132590457797,0.0149739908773935,0.0019467703822888,0.0097656624017157,0.0019467703822888,0.0507812348844722,0.007175450970585,0.0546875741993799,-0.0134185329787375,-0.0848650529627129,0.153099268460197,-0.017855924684754,-0.0962134109123136,2019-02-12,2019-02-13,2019-02-14,2019-02-15,2019-02-19,2019-02-20,2019-02-21,2019-02-22,2019-02-25,2019-02-26,35044.0,2019-02-11,252.0,-0.5181%,-0.0001,1.2818,0.4633,1.5281,0.9792%,1.6139%,63.1871%,-0.0136549999999999,RF,35044.0,2019-02-12,252.0,0.7161%,-0.0002,1.2756,0.4656,1.5245,0.9801%,1.6091%,62.8983%,-0.007866,RF,35044.0,2019-02-13,252.0,0.7757%,-0.0002,1.2759,0.4663,1.5253,0.9803%,1.6083%,62.8494%,0.0027389999999999,RF,35044.0,2019-02-14,252.0,-0.5131%,-0.0002,1.2736,0.4678,1.5259,0.9724%,1.6031%,63.2028%,0.00387,RF,35044.0,2019-02-15,252.0,3.1593%,-0.0002,1.2796,0.4741,1.5369,0.9740%,1.6061%,63.2208%,0.008607,RF,35044.0,2019-02-19,252.0,0.8750%,-0.0002,1.2795,0.4746,1.5376,0.9740%,1.6066%,63.2478%,0.000233,RF,35044.0,2019-02-20,252.0,1.3631%,-0.0001,1.2805,0.4796,1.542,0.9733%,1.6091%,63.4103%,0.001599,RF,35044.0,2019-02-21,252.0,-0.6724%,-0.0002,1.284,0.4871,1.5484,0.9710%,1.6095%,63.6079%,0.001797,RF,35044.0,2019-02-22,252.0,-0.0615%,-0.0002,1.2829,0.4766,1.5253,0.9716%,1.6078%,63.4836%,0.01102,RF,35044.0,2019-02-25,252.0,0.8005%,-0.0001,1.2817,0.4705,1.5177,0.9717%,1.6058%,63.3837%,0.009965,RF,35044.0,2019-02-26,252.0,-1.0385%,-0.0001,1.2806,0.472,1.5176,0.9716%,1.6029%,63.2596%,-0.000415,RF,-0.021521,-0.018782,-0.014912,-0.006072,0.017894
25195,RCI HOSPITALITY HOLDINGS INC,"RCI Hospitality Holdings Q1 EPS $0.61 Beats $0.47 Estimate, Sales $44.023M Beat $42.8M Estimate",6,increase,0.8,0.6,"the company reported better-than-expected earnings and sales, which typically boosts investor confidence and can lead to an increase in stock price.",2,2019-02-11,RICK,2019-02-11 21:13:00+00:00,82518.0,74934Q10,-0.0008822433883324,53276.0,0.0525386556982994,-0.0008814657339826,0.0570470057427883,-0.0104666277766227,-0.0535714402794838,-0.0043421788141131,0.0062892921268939,-0.0038927400019019,-0.0070833363570272,0.0230088699609041,0.0004196487134322,0.0129986964166164,-0.0083892941474914,0.0090456288307905,0.0126904044300317,0.0086679076775908,-0.0025063229259103,-0.0054446840658783,-0.0012562302872538,-0.0036166328936815,-0.0079664792865514,0.0170115325599908,-0.0114116845652461,0.0116279069334268,-0.0064129810780286,-0.0182648226618766,-0.0120482221245765,0.0,-0.0039197844453155,-0.0090498076751828,-0.0013117920607328,0.0072926091961562,-0.0017513536149635,0.0082720723003149,-0.0021929792128503,0.0135072628036141,-0.0088027669116854,0.0042095487006008,0.004440514370799,0.0323515273630619,0.0013262059073895,-0.0086165778338909,-0.0203090105205774,-0.0047641918063163,-0.0072104479186236,-0.0061553535051643,-0.0027236209716647,0.0134357335045933,0.000455176574178,0.0250860918313264,-0.0122839156538248,-0.0699908807873725,0.0184247605502605,-0.0210478864610195,-0.0312076210975647,0.0813559517264366,0.010737607255578,0.0063352417200803,0.0180139169096946,0.0726608112454414,0.0158801469951868,0.0329372957348823,0.0151853580027818,-0.0409113951027393,0.0105587234720587,-0.015298374928534,0.0104484008625149,-0.0387254431843757,0.0034468693193048,-0.0404515787959098,0.0120222745463252,0.0085389139130711,0.0063640060834586,-0.0508779473602771,0.0130691984668374,0.0009012415539473,-0.0095714293420314,-0.0076028653420507,-0.0130251878872513,-0.0577327832579612,0.014899973757565,-0.0454545877873897,0.0037751742638647,0.0775899812579155,-0.0079398462548851,-0.0366972424089908,-0.0151643054559826,-0.0066279973834753,-0.0008553700172342,-0.0409217588603496,0.0115581564605236,0.0059951883740723,-0.0093101700767874,0.0056270621716976,-0.0196496825665235,-0.0079745119437575,-0.0130719449371099,0.0056134476326406,0.012803572230041,0.0024116309359669,-0.0082824993878602,0.0020136623643338,0.0123077221214771,-0.0056067039258778,0.0073816790245473,0.003617369569838,-0.0185344945639371,-0.0087649887427687,0.0065875984728336,-0.0256211124360561,-0.011343814432621,0.002334609394893,0.0260370764881372,0.0102201346307992,-0.0060214791446924,-0.0219146367162466,-0.0082215722650289,-0.0053537050262093,0.0069807958789169,-0.0068363198079168,0.0525386556982994,-0.0008814657339826,0.112582834434427,-0.0113388675368699,0.0529801695635443,-0.0156318109605885,0.0520971473412108,0.0030973318230873,0.052980169765153,0.0248643409207285,-0.0256466448384634,0.1850497202890233,0.0203300557711472,-0.1378853008819893,2019-02-12,2019-02-13,2019-02-14,2019-02-15,2019-02-19,2019-02-20,2019-02-21,2019-02-22,2019-02-25,2019-02-26,82518.0,2019-02-11,252.0,-0.0882%,-0.001,0.848,0.5075,-0.384,1.8016%,2.1026%,26.5820%,-0.004768,RICK,82518.0,2019-02-12,252.0,5.2539%,-0.0009,0.8643,0.5167,-0.3773,1.8192%,2.1264%,26.8070%,0.040151,RICK,82518.0,2019-02-13,252.0,5.7047%,-0.0006,0.8864,0.5019,-0.3665,1.8426%,2.1534%,26.7787%,0.054481,RICK,82518.0,2019-02-14,252.0,-5.3571%,-0.0007,0.9002,0.4719,-0.3349,1.8746%,2.1791%,25.9951%,-0.056546,RICK,82518.0,2019-02-15,252.0,0.6289%,-0.0008,0.8903,0.4626,-0.3515,1.8736%,2.1748%,25.7773%,-0.003556,RICK,82518.0,2019-02-19,252.0,-0.7083%,-0.001,0.8747,0.477,-0.3341,1.8535%,2.1462%,25.4194%,-0.009162,RICK,82518.0,2019-02-20,252.0,0.0420%,-0.001,0.8752,0.48,-0.3317,1.8533%,2.1461%,25.4294%,-0.000554,RICK,82518.0,2019-02-21,252.0,-0.8389%,-0.0009,0.8697,0.4677,-0.3418,1.8499%,2.1409%,25.3381%,-0.005678,RICK,82518.0,2019-02-22,252.0,1.2690%,-0.001,0.8703,0.4502,-0.3502,1.8481%,2.1412%,25.5081%,-0.00066,RICK,82518.0,2019-02-25,252.0,-0.2506%,-0.0009,0.8677,0.4488,-0.3606,1.8427%,2.1372%,25.6557%,-0.003372,RICK,82518.0,2019-02-26,252.0,-0.1256%,-0.0009,0.8715,0.4416,-0.3614,1.8422%,2.1370%,25.6812%,0.001715,RICK,0.035383,0.089864,0.0333179999999999,0.0205999999999999,0.0120509999999999
25203,RADIANT LOGISTICS INC,"Radiant Logistics Inc shares are trading higher after the company reported Q2 EPS of $0.16, beating the $0.11 estimate and Q2 sales of $260.938 million, beating the $230.01 million estimate.",6,increase,0.8,0.7,"the company reported better-than-expected earnings and sales, which typically leads to positive investor sentiment and an increase in stock price.",2,2019-02-11,RLGT,2019-02-11 22:12:00+00:00,13196.0,75025X10,0.0037037001457065,274791.0,0.0848708525300026,0.0384615957736969,0.0204081442207098,-0.0188679955899715,-0.0016667047748342,0.0095238462090492,-0.0016694077057763,0.027397233992815,0.0,0.0344129689037799,0.0033444783184677,0.0,-0.008333365432918,0.0040650367736816,0.0016807108186185,0.0144330253824591,0.0302013140171766,-0.0020576601382344,0.0179153308272361,-0.0040983567014336,0.0223999787122011,-0.0020449392031878,0.0,-0.012121201492846,0.0,0.0102040227502584,0.0046948688104748,-0.0576922558248043,-0.0109034534543752,0.01960782520473,-0.0047243675217032,0.0714285001158714,-0.0617089122533798,-0.0041840961202979,-0.0067453561350703,0.0042016762308776,0.0407470725476741,0.0021053112577646,0.0375203937292099,-0.0041928682476282,-0.0283019337803125,0.0623608529567718,-0.0210355408489704,0.0274599287658929,0.0082644149661064,0.0355450473725795,-0.0098360562697052,0.00237523810938,0.0049669221043586,0.0243308767676353,-0.0263591967523098,-0.0352112874388694,-0.0118442801758647,0.0023529950994998,-0.0359589084982872,0.0167464539408683,-0.0106571828946471,0.0048076878301799,0.0412926413118839,0.0,-0.0086207222193479,0.0024095787666738,0.05565220490098,0.0097323507070541,0.0378912724554538,-0.0886918157339096,0.0174602624028921,-0.0195651464164257,0.0,0.0244989171624183,-0.0015600237529724,-0.0088301189243793,0.0062499940395355,-0.04228325933218,-0.0170807652175426,-0.0186722297221422,-0.0063191093504428,-0.0511810556054115,0.001589861465618,0.001972337719053,-0.0047619380056858,0.0201208014041185,0.0382775515317916,-0.0158416628837585,0.016897028312087,-0.023210808634758,0.0574018321931362,-0.0038535608910024,0.0385714247822761,-0.047706376761198,-0.0371389240026474,0.0018381896661594,0.0071428841911256,0.007407400291413,-0.0156028550118207,-0.0270270425826311,-0.0259365737438201,0.007259520702064,0.0,-0.0143112558871507,-0.0340236686170101,-0.0141093339771032,0.0214394889771938,-0.0139130298048257,0.0089954938739538,0.0176990982145071,-0.0282318070530891,-0.0292096342891454,0.016819592565298,-0.0267558265477418,0.0240601263940334,-0.0196721125394105,-0.0102790268138051,0.0321489088237285,0.0,-0.0182724483311176,-0.0133530683815479,0.0379309952259063,0.0240601263940334,0.0193321853876113,0.0848708525300026,0.0384615957736969,0.1070110533492791,0.0188679069642838,0.1051659927408676,0.0285714482175476,0.103321020116424,0.0931174160243843,0.1531365135385503,0.1065573712268244,0.0701107228712294,0.2980769954675921,0.2564575449286943,-0.0509666050532778,2019-02-12,2019-02-13,2019-02-14,2019-02-15,2019-02-19,2019-02-20,2019-02-21,2019-02-22,2019-02-25,2019-02-26,13196.0,2019-02-11,252.0,0.3704%,0.0009,0.818,1.3953,0.0952,2.7227%,2.9508%,14.8615%,-0.007019,RLGT,13196.0,2019-02-12,252.0,8.4871%,0.0017,0.9414,1.2906,0.1769,2.6021%,2.8608%,17.2722%,0.073529,RLGT,13196.0,2019-02-13,252.0,2.0408%,0.0021,0.976,1.2381,0.1713,2.5653%,2.8343%,18.0836%,0.016774,RLGT,13196.0,2019-02-14,252.0,-0.1667%,0.0021,0.9785,1.2346,0.1739,2.5647%,2.8340%,18.1020%,-0.005162,RLGT,13196.0,2019-02-15,252.0,-0.1669%,0.002,0.9581,1.2143,0.1381,2.5666%,2.8285%,17.6617%,-0.016748,RLGT,13196.0,2019-02-19,252.0,0.0000%,0.0019,0.9524,1.2153,0.1398,2.5657%,2.8251%,17.5225%,-0.005856,RLGT,13196.0,2019-02-20,252.0,0.3344%,0.002,0.9557,1.2429,0.1567,2.5491%,2.8129%,17.8765%,-0.002008,RLGT,13196.0,2019-02-21,252.0,-0.8333%,0.0021,0.9542,1.2386,0.1541,2.5489%,2.8112%,17.7923%,-0.003667,RLGT,13196.0,2019-02-22,252.0,0.1681%,0.0019,0.9574,1.1943,0.1522,2.5423%,2.8017%,17.6597%,-0.009169,RLGT,13196.0,2019-02-25,252.0,3.0201%,0.002,0.9561,1.1781,0.1389,2.5486%,2.8065%,17.5343%,0.032044,RLGT,13196.0,2019-02-26,252.0,1.7915%,0.002,0.9257,1.1724,0.1132,2.5398%,2.7893%,17.0890%,0.027343,RLGT,0.06651,0.083284,0.078122,0.055518,0.100061
25211,RADIANT LOGISTICS INC,"Radiant Logistics Q2 EPS $0.16 Beats $0.11 Estimate, Sales $260.938M Beat $230.01M Estimate",6,increase,0.8,0.7,"the company reported better-than-expected earnings and sales, which typically leads to positive investor sentiment and an increase in stock price.",2,2019-02-11,RLGT,2019-02-11 21:46:00+00:00,13196.0,75025X10,0.0037037001457065,274791.0,0.0848708525300026,0.0384615957736969,0.0204081442207098,-0.0188679955899715,-0.0016667047748342,0.0095238462090492,-0.0016694077057763,0.027397233992815,0.0,0.0344129689037799,0.0033444783184677,0.0,-0.008333365432918,0.0040650367736816,0.0016807108186185,0.0144330253824591,0.0302013140171766,-0.0020576601382344,0.0179153308272361,-0.0040983567014336,0.0223999787122011,-0.0020449392031878,0.0,-0.012121201492846,0.0,0.0102040227502584,0.0046948688104748,-0.0576922558248043,-0.0109034534543752,0.01960782520473,-0.0047243675217032,0.0714285001158714,-0.0617089122533798,-0.0041840961202979,-0.0067453561350703,0.0042016762308776,0.0407470725476741,0.0021053112577646,0.0375203937292099,-0.0041928682476282,-0.0283019337803125,0.0623608529567718,-0.0210355408489704,0.0274599287658929,0.0082644149661064,0.0355450473725795,-0.0098360562697052,0.00237523810938,0.0049669221043586,0.0243308767676353,-0.0263591967523098,-0.0352112874388694,-0.0118442801758647,0.0023529950994998,-0.0359589084982872,0.0167464539408683,-0.0106571828946471,0.0048076878301799,0.0412926413118839,0.0,-0.0086207222193479,0.0024095787666738,0.05565220490098,0.0097323507070541,0.0378912724554538,-0.0886918157339096,0.0174602624028921,-0.0195651464164257,0.0,0.0244989171624183,-0.0015600237529724,-0.0088301189243793,0.0062499940395355,-0.04228325933218,-0.0170807652175426,-0.0186722297221422,-0.0063191093504428,-0.0511810556054115,0.001589861465618,0.001972337719053,-0.0047619380056858,0.0201208014041185,0.0382775515317916,-0.0158416628837585,0.016897028312087,-0.023210808634758,0.0574018321931362,-0.0038535608910024,0.0385714247822761,-0.047706376761198,-0.0371389240026474,0.0018381896661594,0.0071428841911256,0.007407400291413,-0.0156028550118207,-0.0270270425826311,-0.0259365737438201,0.007259520702064,0.0,-0.0143112558871507,-0.0340236686170101,-0.0141093339771032,0.0214394889771938,-0.0139130298048257,0.0089954938739538,0.0176990982145071,-0.0282318070530891,-0.0292096342891454,0.016819592565298,-0.0267558265477418,0.0240601263940334,-0.0196721125394105,-0.0102790268138051,0.0321489088237285,0.0,-0.0182724483311176,-0.0133530683815479,0.0379309952259063,0.0240601263940334,0.0193321853876113,0.0848708525300026,0.0384615957736969,0.1070110533492791,0.0188679069642838,0.1051659927408676,0.0285714482175476,0.103321020116424,0.0931174160243843,0.1531365135385503,0.1065573712268244,0.0701107228712294,0.2980769954675921,0.2564575449286943,-0.0509666050532778,2019-02-12,2019-02-13,2019-02-14,2019-02-15,2019-02-19,2019-02-20,2019-02-21,2019-02-22,2019-02-25,2019-02-26,13196.0,2019-02-11,252.0,0.3704%,0.0009,0.818,1.3953,0.0952,2.7227%,2.9508%,14.8615%,-0.007019,RLGT,13196.0,2019-02-12,252.0,8.4871%,0.0017,0.9414,1.2906,0.1769,2.6021%,2.8608%,17.2722%,0.073529,RLGT,13196.0,2019-02-13,252.0,2.0408%,0.0021,0.976,1.2381,0.1713,2.5653%,2.8343%,18.0836%,0.016774,RLGT,13196.0,2019-02-14,252.0,-0.1667%,0.0021,0.9785,1.2346,0.1739,2.5647%,2.8340%,18.1020%,-0.005162,RLGT,13196.0,2019-02-15,252.0,-0.1669%,0.002,0.9581,1.2143,0.1381,2.5666%,2.8285%,17.6617%,-0.016748,RLGT,13196.0,2019-02-19,252.0,0.0000%,0.0019,0.9524,1.2153,0.1398,2.5657%,2.8251%,17.5225%,-0.005856,RLGT,13196.0,2019-02-20,252.0,0.3344%,0.002,0.9557,1.2429,0.1567,2.5491%,2.8129%,17.8765%,-0.002008,RLGT,13196.0,2019-02-21,252.0,-0.8333%,0.0021,0.9542,1.2386,0.1541,2.5489%,2.8112%,17.7923%,-0.003667,RLGT,13196.0,2019-02-22,252.0,0.1681%,0.0019,0.9574,1.1943,0.1522,2.5423%,2.8017%,17.6597%,-0.009169,RLGT,13196.0,2019-02-25,252.0,3.0201%,0.002,0.9561,1.1781,0.1389,2.5486%,2.8065%,17.5343%,0.032044,RLGT,13196.0,2019-02-26,252.0,1.7915%,0.002,0.9257,1.1724,0.1132,2.5398%,2.7893%,17.0890%,0.027343,RLGT,0.06651,0.083284,0.078122,0.055518,0.100061
25219,RINGCENTRAL INC,"RingCentral Reports Signing Of Cloud Communications Provider Contract With Columbia University To Support 44K Faculty, Students, No Terms Disclosed",6,increase,0.7,0.6,"the contract with columbia university to support a large number of faculty and students indicates a significant expansion of ringcentral's customer base, which is likely to positively impact investor sentiment and stock price.",2,2019-02-11,RNG,2019-02-11 21:49:00+00:00,14136.0,76680R20,-0.0102081149816513,1808841.0,0.0604786314070224,0.0406353399157524,-0.0264375694096088,0.0059134732000529,0.0070797763764858,-0.0009328768937848,0.0079930843785405,0.0043723275884985,-0.006401052698493,0.017369195818901,-0.0009615237941034,0.0214192513376474,0.0018286315025761,0.0350465215742588,0.0177731402218341,0.0304603613913059,-0.0027374071069061,-0.0225555431097745,-0.0027449210174381,-0.0309289824217557,0.0018982245819643,0.0249804351478815,-0.0025577552150934,0.0055192369036376,0.0043688770383596,0.0,-0.0207092426717281,-0.0270685069262981,0.0073387618176639,0.0352847799658775,-0.0198427885770797,0.0119403088465333,-0.0065525495447218,0.0004594637721311,0.0030517578125,0.0248381476849317,0.0262047126889228,-0.022552141919732,0.0043993792496621,-0.0030970021616667,0.0073319775983691,-0.0025171763263642,0.00699496967718,-0.0109765892848372,-0.0031915549188852,0.0203210040926933,0.0013183858245611,0.0540343485772609,0.0132605666294693,0.047819435596466,-0.0006497094291262,-0.0316128060221672,0.0362218022346496,-0.0177098382264375,-0.0446356832981109,0.0380257405340671,-0.0027206426020711,0.0091486815363168,0.0177798625081777,0.0130003150552511,-0.0200573597103357,0.1033943817019463,0.0138653200119733,-0.0153824426233768,0.002884037559852,-0.045132827013731,0.0141929378733038,-0.0679526999592781,0.006494091823697,0.003371586324647,0.0049981409683823,0.0334237180650234,-0.0528980791568756,-0.0603856332600116,0.0153714017942547,-0.0317012667655944,-0.0283967722207307,-0.0163991022855043,-0.000580714084208,0.0155992750078439,0.0001937084598466,0.0210778694599866,0.022364193573594,0.0466282442212104,0.0012311068130657,-0.0306197348982095,0.005012756679207,0.0237592197954654,-0.0101637663319706,-0.0488641448318958,-0.0092222969979047,0.0195415578782558,0.0123788593336939,0.0376768335700035,0.0272985529154539,0.0117781199514865,0.0270345117896795,0.0547688826918602,0.0026053446345031,-0.0146110383793711,0.0139785408973693,0.0594059713184833,0.019441470503807,0.0042010280303657,0.0056345486082136,0.0362792015075683,0.0031031859107315,0.000726155238226,-0.0128899198025465,-0.0986911058425903,0.0053973631002008,-0.0085647031664848,0.0343752801418304,0.0374259389936924,0.0133935920894146,-0.0115768825635314,-0.0240376349538564,-0.0039760824292898,-0.0008463687845505,-0.0983508974313736,0.0604786314070224,0.0406353399157524,0.0324421539817922,0.0467891091093721,0.0397516135536406,0.0458125837368184,0.0413537330497773,0.0686295655022959,0.0549714418878863,0.1027322562768979,0.0833082985981019,0.2987514213705942,0.1820366471304637,0.205783951838387,2019-02-12,2019-02-13,2019-02-14,2019-02-15,2019-02-19,2019-02-20,2019-02-21,2019-02-22,2019-02-25,2019-02-26,14136.0,2019-02-11,252.0,-1.0208%,0.0016,1.4038,0.3833,-2.072,1.6914%,2.9088%,66.1887%,-0.01046,RNG,14136.0,2019-02-12,252.0,6.0479%,0.0019,1.4348,0.37,-2.0538,1.7014%,2.9308%,66.2990%,0.037688,RNG,14136.0,2019-02-13,252.0,-2.6438%,0.0017,1.4304,0.3648,-2.0623,1.7127%,2.9335%,65.9129%,-0.029339,RNG,14136.0,2019-02-14,252.0,0.7080%,0.0015,1.4277,0.3596,-2.0499,1.6708%,2.9017%,66.8463%,-0.003875,RNG,14136.0,2019-02-15,252.0,0.7993%,0.0015,1.4289,0.3606,-2.048,1.6707%,2.9013%,66.8382%,0.0007009999999999,RNG,14136.0,2019-02-19,252.0,-0.6401%,0.0013,1.4164,0.3732,-2.0328,1.6553%,2.8729%,66.8033%,-0.004118,RNG,14136.0,2019-02-20,252.0,-0.0962%,0.0013,1.4158,0.3622,-2.0375,1.6498%,2.8703%,66.9650%,0.0066069999999999,RNG,14136.0,2019-02-21,252.0,0.1829%,0.0012,1.4266,0.3846,-2.0176,1.6382%,2.8661%,67.3319%,0.002534,RNG,14136.0,2019-02-22,252.0,1.7773%,0.0012,1.4285,0.4238,-1.9597,1.6320%,2.8556%,67.3387%,-0.023374,RNG,14136.0,2019-02-25,252.0,-0.2737%,0.0012,1.4275,0.427,-1.9617,1.6319%,2.8558%,67.3448%,-0.007406,RNG,14136.0,2019-02-26,252.0,-0.2745%,0.0012,1.4338,0.4286,-1.9562,1.6314%,2.8547%,67.3407%,-0.004302,RNG,0.027228,-0.002111,-0.005986,-0.009403,-0.035344
25227,RINGCENTRAL INC,"RingCentral Sees FY19 Adj. EPS $0.69-$0.73 vs $0.71 Estimate, Sales $847M-$859M vs $823M Est.",6,increase,0.75,0.6,"the company's adjusted eps and sales guidance both exceed analyst estimates, which is likely to be viewed positively by investors.",2,2019-02-11,RNG,2019-02-11 21:04:00+00:00,14136.0,76680R20,-0.0102081149816513,1808841.0,0.0604786314070224,0.0406353399157524,-0.0264375694096088,0.0059134732000529,0.0070797763764858,-0.0009328768937848,0.0079930843785405,0.0043723275884985,-0.006401052698493,0.017369195818901,-0.0009615237941034,0.0214192513376474,0.0018286315025761,0.0350465215742588,0.0177731402218341,0.0304603613913059,-0.0027374071069061,-0.0225555431097745,-0.0027449210174381,-0.0309289824217557,0.0018982245819643,0.0249804351478815,-0.0025577552150934,0.0055192369036376,0.0043688770383596,0.0,-0.0207092426717281,-0.0270685069262981,0.0073387618176639,0.0352847799658775,-0.0198427885770797,0.0119403088465333,-0.0065525495447218,0.0004594637721311,0.0030517578125,0.0248381476849317,0.0262047126889228,-0.022552141919732,0.0043993792496621,-0.0030970021616667,0.0073319775983691,-0.0025171763263642,0.00699496967718,-0.0109765892848372,-0.0031915549188852,0.0203210040926933,0.0013183858245611,0.0540343485772609,0.0132605666294693,0.047819435596466,-0.0006497094291262,-0.0316128060221672,0.0362218022346496,-0.0177098382264375,-0.0446356832981109,0.0380257405340671,-0.0027206426020711,0.0091486815363168,0.0177798625081777,0.0130003150552511,-0.0200573597103357,0.1033943817019463,0.0138653200119733,-0.0153824426233768,0.002884037559852,-0.045132827013731,0.0141929378733038,-0.0679526999592781,0.006494091823697,0.003371586324647,0.0049981409683823,0.0334237180650234,-0.0528980791568756,-0.0603856332600116,0.0153714017942547,-0.0317012667655944,-0.0283967722207307,-0.0163991022855043,-0.000580714084208,0.0155992750078439,0.0001937084598466,0.0210778694599866,0.022364193573594,0.0466282442212104,0.0012311068130657,-0.0306197348982095,0.005012756679207,0.0237592197954654,-0.0101637663319706,-0.0488641448318958,-0.0092222969979047,0.0195415578782558,0.0123788593336939,0.0376768335700035,0.0272985529154539,0.0117781199514865,0.0270345117896795,0.0547688826918602,0.0026053446345031,-0.0146110383793711,0.0139785408973693,0.0594059713184833,0.019441470503807,0.0042010280303657,0.0056345486082136,0.0362792015075683,0.0031031859107315,0.000726155238226,-0.0128899198025465,-0.0986911058425903,0.0053973631002008,-0.0085647031664848,0.0343752801418304,0.0374259389936924,0.0133935920894146,-0.0115768825635314,-0.0240376349538564,-0.0039760824292898,-0.0008463687845505,-0.0983508974313736,0.0604786314070224,0.0406353399157524,0.0324421539817922,0.0467891091093721,0.0397516135536406,0.0458125837368184,0.0413537330497773,0.0686295655022959,0.0549714418878863,0.1027322562768979,0.0833082985981019,0.2987514213705942,0.1820366471304637,0.205783951838387,2019-02-12,2019-02-13,2019-02-14,2019-02-15,2019-02-19,2019-02-20,2019-02-21,2019-02-22,2019-02-25,2019-02-26,14136.0,2019-02-11,252.0,-1.0208%,0.0016,1.4038,0.3833,-2.072,1.6914%,2.9088%,66.1887%,-0.01046,RNG,14136.0,2019-02-12,252.0,6.0479%,0.0019,1.4348,0.37,-2.0538,1.7014%,2.9308%,66.2990%,0.037688,RNG,14136.0,2019-02-13,252.0,-2.6438%,0.0017,1.4304,0.3648,-2.0623,1.7127%,2.9335%,65.9129%,-0.029339,RNG,14136.0,2019-02-14,252.0,0.7080%,0.0015,1.4277,0.3596,-2.0499,1.6708%,2.9017%,66.8463%,-0.003875,RNG,14136.0,2019-02-15,252.0,0.7993%,0.0015,1.4289,0.3606,-2.048,1.6707%,2.9013%,66.8382%,0.0007009999999999,RNG,14136.0,2019-02-19,252.0,-0.6401%,0.0013,1.4164,0.3732,-2.0328,1.6553%,2.8729%,66.8033%,-0.004118,RNG,14136.0,2019-02-20,252.0,-0.0962%,0.0013,1.4158,0.3622,-2.0375,1.6498%,2.8703%,66.9650%,0.0066069999999999,RNG,14136.0,2019-02-21,252.0,0.1829%,0.0012,1.4266,0.3846,-2.0176,1.6382%,2.8661%,67.3319%,0.002534,RNG,14136.0,2019-02-22,252.0,1.7773%,0.0012,1.4285,0.4238,-1.9597,1.6320%,2.8556%,67.3387%,-0.023374,RNG,14136.0,2019-02-25,252.0,-0.2737%,0.0012,1.4275,0.427,-1.9617,1.6319%,2.8558%,67.3448%,-0.007406,RNG,14136.0,2019-02-26,252.0,-0.2745%,0.0012,1.4338,0.4286,-1.9562,1.6314%,2.8547%,67.3407%,-0.004302,RNG,0.027228,-0.002111,-0.005986,-0.009403,-0.035344
25235,RINGCENTRAL INC,"RingCentral Sees Q1 Adj. EPS $0.14-$0.16 vs $0.15 Estimate, Sales $191.5M-$194.5M vs $188.9M Est.",6,increase,0.7,0.6,"the company's adjusted eps and sales guidance both exceed analyst estimates, which is likely to positively influence investor sentiment and drive the stock price higher.",2,2019-02-11,RNG,2019-02-11 21:04:00+00:00,14136.0,76680R20,-0.0102081149816513,1808841.0,0.0604786314070224,0.0406353399157524,-0.0264375694096088,0.0059134732000529,0.0070797763764858,-0.0009328768937848,0.0079930843785405,0.0043723275884985,-0.006401052698493,0.017369195818901,-0.0009615237941034,0.0214192513376474,0.0018286315025761,0.0350465215742588,0.0177731402218341,0.0304603613913059,-0.0027374071069061,-0.0225555431097745,-0.0027449210174381,-0.0309289824217557,0.0018982245819643,0.0249804351478815,-0.0025577552150934,0.0055192369036376,0.0043688770383596,0.0,-0.0207092426717281,-0.0270685069262981,0.0073387618176639,0.0352847799658775,-0.0198427885770797,0.0119403088465333,-0.0065525495447218,0.0004594637721311,0.0030517578125,0.0248381476849317,0.0262047126889228,-0.022552141919732,0.0043993792496621,-0.0030970021616667,0.0073319775983691,-0.0025171763263642,0.00699496967718,-0.0109765892848372,-0.0031915549188852,0.0203210040926933,0.0013183858245611,0.0540343485772609,0.0132605666294693,0.047819435596466,-0.0006497094291262,-0.0316128060221672,0.0362218022346496,-0.0177098382264375,-0.0446356832981109,0.0380257405340671,-0.0027206426020711,0.0091486815363168,0.0177798625081777,0.0130003150552511,-0.0200573597103357,0.1033943817019463,0.0138653200119733,-0.0153824426233768,0.002884037559852,-0.045132827013731,0.0141929378733038,-0.0679526999592781,0.006494091823697,0.003371586324647,0.0049981409683823,0.0334237180650234,-0.0528980791568756,-0.0603856332600116,0.0153714017942547,-0.0317012667655944,-0.0283967722207307,-0.0163991022855043,-0.000580714084208,0.0155992750078439,0.0001937084598466,0.0210778694599866,0.022364193573594,0.0466282442212104,0.0012311068130657,-0.0306197348982095,0.005012756679207,0.0237592197954654,-0.0101637663319706,-0.0488641448318958,-0.0092222969979047,0.0195415578782558,0.0123788593336939,0.0376768335700035,0.0272985529154539,0.0117781199514865,0.0270345117896795,0.0547688826918602,0.0026053446345031,-0.0146110383793711,0.0139785408973693,0.0594059713184833,0.019441470503807,0.0042010280303657,0.0056345486082136,0.0362792015075683,0.0031031859107315,0.000726155238226,-0.0128899198025465,-0.0986911058425903,0.0053973631002008,-0.0085647031664848,0.0343752801418304,0.0374259389936924,0.0133935920894146,-0.0115768825635314,-0.0240376349538564,-0.0039760824292898,-0.0008463687845505,-0.0983508974313736,0.0604786314070224,0.0406353399157524,0.0324421539817922,0.0467891091093721,0.0397516135536406,0.0458125837368184,0.0413537330497773,0.0686295655022959,0.0549714418878863,0.1027322562768979,0.0833082985981019,0.2987514213705942,0.1820366471304637,0.205783951838387,2019-02-12,2019-02-13,2019-02-14,2019-02-15,2019-02-19,2019-02-20,2019-02-21,2019-02-22,2019-02-25,2019-02-26,14136.0,2019-02-11,252.0,-1.0208%,0.0016,1.4038,0.3833,-2.072,1.6914%,2.9088%,66.1887%,-0.01046,RNG,14136.0,2019-02-12,252.0,6.0479%,0.0019,1.4348,0.37,-2.0538,1.7014%,2.9308%,66.2990%,0.037688,RNG,14136.0,2019-02-13,252.0,-2.6438%,0.0017,1.4304,0.3648,-2.0623,1.7127%,2.9335%,65.9129%,-0.029339,RNG,14136.0,2019-02-14,252.0,0.7080%,0.0015,1.4277,0.3596,-2.0499,1.6708%,2.9017%,66.8463%,-0.003875,RNG,14136.0,2019-02-15,252.0,0.7993%,0.0015,1.4289,0.3606,-2.048,1.6707%,2.9013%,66.8382%,0.0007009999999999,RNG,14136.0,2019-02-19,252.0,-0.6401%,0.0013,1.4164,0.3732,-2.0328,1.6553%,2.8729%,66.8033%,-0.004118,RNG,14136.0,2019-02-20,252.0,-0.0962%,0.0013,1.4158,0.3622,-2.0375,1.6498%,2.8703%,66.9650%,0.0066069999999999,RNG,14136.0,2019-02-21,252.0,0.1829%,0.0012,1.4266,0.3846,-2.0176,1.6382%,2.8661%,67.3319%,0.002534,RNG,14136.0,2019-02-22,252.0,1.7773%,0.0012,1.4285,0.4238,-1.9597,1.6320%,2.8556%,67.3387%,-0.023374,RNG,14136.0,2019-02-25,252.0,-0.2737%,0.0012,1.4275,0.427,-1.9617,1.6319%,2.8558%,67.3448%,-0.007406,RNG,14136.0,2019-02-26,252.0,-0.2745%,0.0012,1.4338,0.4286,-1.9562,1.6314%,2.8547%,67.3407%,-0.004302,RNG,0.027228,-0.002111,-0.005986,-0.009403,-0.035344
25243,RINGCENTRAL INC,"RingCentral Q4 EPS $0.23 Beats $0.18 Estimate, Sales $189M Beat $181.05M Estimate",6,increase,0.8,0.7,"the earnings per share and sales both exceeded analysts' estimates, which typically signals positive performance and can lead to an increase in stock price.",2,2019-02-11,RNG,2019-02-11 21:03:00+00:00,14136.0,76680R20,-0.0102081149816513,1808841.0,0.0604786314070224,0.0406353399157524,-0.0264375694096088,0.0059134732000529,0.0070797763764858,-0.0009328768937848,0.0079930843785405,0.0043723275884985,-0.006401052698493,0.017369195818901,-0.0009615237941034,0.0214192513376474,0.0018286315025761,0.0350465215742588,0.0177731402218341,0.0304603613913059,-0.0027374071069061,-0.0225555431097745,-0.0027449210174381,-0.0309289824217557,0.0018982245819643,0.0249804351478815,-0.0025577552150934,0.0055192369036376,0.0043688770383596,0.0,-0.0207092426717281,-0.0270685069262981,0.0073387618176639,0.0352847799658775,-0.0198427885770797,0.0119403088465333,-0.0065525495447218,0.0004594637721311,0.0030517578125,0.0248381476849317,0.0262047126889228,-0.022552141919732,0.0043993792496621,-0.0030970021616667,0.0073319775983691,-0.0025171763263642,0.00699496967718,-0.0109765892848372,-0.0031915549188852,0.0203210040926933,0.0013183858245611,0.0540343485772609,0.0132605666294693,0.047819435596466,-0.0006497094291262,-0.0316128060221672,0.0362218022346496,-0.0177098382264375,-0.0446356832981109,0.0380257405340671,-0.0027206426020711,0.0091486815363168,0.0177798625081777,0.0130003150552511,-0.0200573597103357,0.1033943817019463,0.0138653200119733,-0.0153824426233768,0.002884037559852,-0.045132827013731,0.0141929378733038,-0.0679526999592781,0.006494091823697,0.003371586324647,0.0049981409683823,0.0334237180650234,-0.0528980791568756,-0.0603856332600116,0.0153714017942547,-0.0317012667655944,-0.0283967722207307,-0.0163991022855043,-0.000580714084208,0.0155992750078439,0.0001937084598466,0.0210778694599866,0.022364193573594,0.0466282442212104,0.0012311068130657,-0.0306197348982095,0.005012756679207,0.0237592197954654,-0.0101637663319706,-0.0488641448318958,-0.0092222969979047,0.0195415578782558,0.0123788593336939,0.0376768335700035,0.0272985529154539,0.0117781199514865,0.0270345117896795,0.0547688826918602,0.0026053446345031,-0.0146110383793711,0.0139785408973693,0.0594059713184833,0.019441470503807,0.0042010280303657,0.0056345486082136,0.0362792015075683,0.0031031859107315,0.000726155238226,-0.0128899198025465,-0.0986911058425903,0.0053973631002008,-0.0085647031664848,0.0343752801418304,0.0374259389936924,0.0133935920894146,-0.0115768825635314,-0.0240376349538564,-0.0039760824292898,-0.0008463687845505,-0.0983508974313736,0.0604786314070224,0.0406353399157524,0.0324421539817922,0.0467891091093721,0.0397516135536406,0.0458125837368184,0.0413537330497773,0.0686295655022959,0.0549714418878863,0.1027322562768979,0.0833082985981019,0.2987514213705942,0.1820366471304637,0.205783951838387,2019-02-12,2019-02-13,2019-02-14,2019-02-15,2019-02-19,2019-02-20,2019-02-21,2019-02-22,2019-02-25,2019-02-26,14136.0,2019-02-11,252.0,-1.0208%,0.0016,1.4038,0.3833,-2.072,1.6914%,2.9088%,66.1887%,-0.01046,RNG,14136.0,2019-02-12,252.0,6.0479%,0.0019,1.4348,0.37,-2.0538,1.7014%,2.9308%,66.2990%,0.037688,RNG,14136.0,2019-02-13,252.0,-2.6438%,0.0017,1.4304,0.3648,-2.0623,1.7127%,2.9335%,65.9129%,-0.029339,RNG,14136.0,2019-02-14,252.0,0.7080%,0.0015,1.4277,0.3596,-2.0499,1.6708%,2.9017%,66.8463%,-0.003875,RNG,14136.0,2019-02-15,252.0,0.7993%,0.0015,1.4289,0.3606,-2.048,1.6707%,2.9013%,66.8382%,0.0007009999999999,RNG,14136.0,2019-02-19,252.0,-0.6401%,0.0013,1.4164,0.3732,-2.0328,1.6553%,2.8729%,66.8033%,-0.004118,RNG,14136.0,2019-02-20,252.0,-0.0962%,0.0013,1.4158,0.3622,-2.0375,1.6498%,2.8703%,66.9650%,0.0066069999999999,RNG,14136.0,2019-02-21,252.0,0.1829%,0.0012,1.4266,0.3846,-2.0176,1.6382%,2.8661%,67.3319%,0.002534,RNG,14136.0,2019-02-22,252.0,1.7773%,0.0012,1.4285,0.4238,-1.9597,1.6320%,2.8556%,67.3387%,-0.023374,RNG,14136.0,2019-02-25,252.0,-0.2737%,0.0012,1.4275,0.427,-1.9617,1.6319%,2.8558%,67.3448%,-0.007406,RNG,14136.0,2019-02-26,252.0,-0.2745%,0.0012,1.4338,0.4286,-1.9562,1.6314%,2.8547%,67.3407%,-0.004302,RNG,0.027228,-0.002111,-0.005986,-0.009403,-0.035344
25251,SPIRIT AIRLINES INC,"Spirit Airlines Shares At Session High, Up 1.6%, Hearing CEO Highlighted Mgmt. Currently Seeing Strong Demand",6,increase,0.8,0.6,"the news highlights strong demand and a positive performance in share price, which typically suggests investor confidence and potential for further gains.",2,2019-02-11,SAVE,2019-02-11 15:29:00+00:00,12796.0,84857710,0.0263672322034835,1193698.0,-0.0223596543073654,-0.0202519614249467,-0.0116788512095809,0.0297208130359649,0.0080419806763529,-0.0325655154883861,0.0040703355334699,0.0027079004794359,0.0108643099665641,0.026991618797183,-0.0694578438997268,0.039272379130125,0.0270643606781959,-0.0102641861885786,0.0090633947402238,0.0310548394918441,0.0078177182003855,-0.0145324375480413,0.0069318069145083,0.0091442819684743,-0.0399934239685535,0.0087017053738236,-0.0396107174456119,0.0006966373766772,0.0064000110141932,-0.0110231349244713,0.0079491389915347,-0.0219002570956945,-0.0148966396227479,-0.0157519597560167,-0.0517701469361782,-0.0074061383493244,-0.0095684491097927,0.0375682525336742,-0.0210267212241888,-0.0045895026996731,0.0268962737172842,-0.0212942734360694,-0.004899158142507,-0.0105349691584706,0.0371141657233238,0.0218671020120382,0.0069381240755319,0.0418857224285602,-0.0172257609665393,-0.01057736761868,-0.0249077901244163,0.0279857348650693,0.0160832982510328,0.03965899720788,-0.0204842127859592,-0.0670816227793693,0.0264259167015552,-0.0013811812968924,-0.0174106769263744,0.0069540631957352,-0.0282752122730016,0.007355551701039,0.0174588076770305,-0.0114265903830528,0.0144899580627679,0.0641120076179504,-0.0274384338408708,-0.0093083065003156,0.0214492864906787,-0.0217817798256874,0.0069996011443436,-0.0308012217283248,0.011083978228271,-0.0129803298041224,0.0085469912737607,0.0070519410073757,0.0003684682887978,-0.0147432461380958,0.0025782575830817,-0.0272008161991834,0.0047759395092725,-0.0050844904035329,0.0020109801553189,-0.0074881832115352,0.0370370149612426,0.0167163554579019,0.0014074246864765,0.012569130398333,-0.0122979087755084,-0.076172761619091,-0.0186766814440488,0.0231268052011728,-0.0034438758157193,-0.0221498850733041,0.0105493236333131,0.0068620522506535,0.0113390432670712,0.0341935940086841,-0.0096101993694901,-0.0068877190351486,0.0330637916922569,0.0624574907124042,0.0140893636271357,0.1526088416576385,-0.0929673761129379,-0.0112490653991699,-0.0034039390739053,0.0139626925811171,0.0206831153482198,0.0347985178232193,0.0109685845673084,-0.0400468707084655,-0.0334681794047355,-0.0238367673009634,-0.0007610524189658,-0.0124293761327862,-0.0003808160254266,0.0066350423730909,-0.0179047361016273,-0.0123572340235114,-0.0153219727799296,0.0084969932213425,-0.0171360820531845,-0.0005661934847012,-0.0223596543073654,-0.0202519614249467,-0.0337773704411928,0.0088669468518958,-0.026007026725226,-0.0239873253315304,-0.0114177156297305,0.0050711192830714,-0.0325087717022561,0.0600413997466684,-0.1682524663684034,0.0637119177457941,-0.2086901275255875,0.1594639831557127,2019-02-12,2019-02-13,2019-02-14,2019-02-15,2019-02-19,2019-02-20,2019-02-21,2019-02-22,2019-02-25,2019-02-26,12796.0,2019-02-11,252.0,2.6367%,0.0018,0.9139,0.5912,-0.1284,2.3172%,2.5544%,17.7109%,0.0215919999999999,SAVE,12796.0,2019-02-12,252.0,-2.2360%,0.0017,0.8978,0.5848,-0.1355,2.3286%,2.5590%,17.2007%,-0.035226,SAVE,12796.0,2019-02-13,252.0,-1.1679%,0.0016,0.893,0.5864,-0.1392,2.3306%,2.5588%,17.0428%,-0.014549,SAVE,12796.0,2019-02-14,252.0,0.8042%,0.0017,0.8937,0.5897,-0.1457,2.3250%,2.5551%,17.1998%,0.0059609999999999,SAVE,12796.0,2019-02-15,252.0,0.4070%,0.0017,0.8923,0.5875,-0.1492,2.3254%,2.5545%,17.1327%,-0.006903,SAVE,12796.0,2019-02-19,252.0,1.0864%,0.0018,0.8965,0.587,-0.1501,2.3249%,2.5551%,17.2061%,0.007813,SAVE,12796.0,2019-02-20,252.0,-6.9458%,0.0015,0.8763,0.5429,-0.2219,2.3702%,2.5946%,16.5478%,-0.071727,SAVE,12796.0,2019-02-21,252.0,2.7064%,0.0017,0.8641,0.5244,-0.2444,2.3750%,2.5955%,16.2714%,0.030076,SAVE,12796.0,2019-02-22,252.0,0.9063%,0.0015,0.8661,0.4901,-0.2522,2.3701%,2.5915%,16.3559%,-0.003131,SAVE,12796.0,2019-02-25,252.0,0.7818%,0.0016,0.8645,0.4857,-0.2606,2.3688%,2.5905%,16.3858%,0.007239,SAVE,12796.0,2019-02-26,252.0,0.6932%,0.0017,0.8707,0.4674,-0.2652,2.3679%,2.5907%,16.4572%,0.010463,SAVE,-0.013634,-0.028183,-0.022222,-0.021312,-0.048392
25259,STAR BULK CARRIERS CORP,"Star Bulk Carriers Q4 Adj. EPS $0.33 Misses $0.37 Estimate, Sales $209.43M Beat $147.13M Estimate",6,uncertain,0.6,0.3,"while the sales beat expectations, the earnings miss could lead to mixed reactions from investors, making the overall impact on the stock price uncertain.",1,2019-02-11,SBLK,2019-02-11 21:34:00+00:00,92470.0,Y8162K20,0.0256739165633916,540378.0,0.025031266734004,-0.0063775754533708,-0.0244200024753809,-0.0224439278244972,0.0150187592953443,0.0100756175816059,0.0110974302515387,0.0338541977107524,-0.0195121765136718,-0.0303030610084533,-0.0049751196056604,0.0688259452581405,-0.0174999833106994,-0.0237154550850391,-0.0050890534184873,-0.0026281182654201,-0.0012788015883415,-0.0487499833106994,-0.0217669755220413,-0.0877993628382682,-0.024869117885828,-0.0352034866809845,-0.0080536836758255,0.0133779132738709,0.0054127150215208,-0.0185995697975158,0.0242261514067649,-0.1245210021734238,0.0262811835855245,0.0796276628971099,-0.0486555844545364,0.0287234541028738,-0.0699865370988845,0.0151187246665358,-0.057887066155672,-0.0414078272879123,0.0675882622599601,-0.0252270437777042,0.0086331544443964,-0.0188119336962699,-0.0285307094454765,-0.0362594649195671,0.0249633006751537,-0.005692639388144,0.0214899852871894,0.0124880038201808,-0.0378681607544422,0.0266271699219942,-0.0160350054502487,0.0844919681549072,0.0281481575220823,-0.0105819506570696,-0.002881841501221,0.0339167900383472,-0.0491329692304134,0.0316027887165546,-0.0167173463851213,0.0033974782563745,0.0092736352235078,-0.0134078087285161,0.0030627842061221,0.0783132016658783,-0.0015267524868249,0.0060606291517615,0.0061162021011114,-0.0316901914775371,0.0212765764445066,-0.0501672029495239,0.0193452555686235,-0.0207423120737075,0.0145985260605812,-0.008658000268042,0.0330935306847095,-0.057142898440361,0.0222841687500476,0.0071943118236958,0.0395095311105251,0.0114344758912921,-0.0157273765653371,0.0062760943546891,0.0519307404756546,0.010570865124464,0.0050632860511541,-0.001055990345776,-0.0151133360341191,0.0128342118114233,0.0242966823279857,-0.0209423881024122,0.0287140496075153,-0.0506958439946174,0.0024272401351481,0.0512017495930194,-0.037530317902565,-0.0103413006290793,0.0050314418040215,0.0041536823846399,0.0037547794636338,-0.0446428395807743,-0.014962637796998,0.0956521853804588,0.0063290777616202,0.0372040495276451,0.0314465425908565,0.0325960107147693,0.0756097435951232,0.0526961162686348,-0.0147392423823475,-0.0663615465164184,0.0069045363925397,-0.0551351606845855,0.0079999649897217,0.0,0.0226758234202861,-0.0106952274218201,-0.0376940295100212,-0.0330920070409774,-0.078341044485569,-0.0528893209993839,0.03125,-0.0303893350064754,0.025031266734004,-0.0063775754533708,6.630167526111562e-10,-0.0286783654346972,0.0150187599683186,-0.0188917000960768,0.0062578475465053,-0.0164141554947606,-0.0438047440295166,-0.1117446322799928,-0.1827283546334167,-0.1296089196691857,0.0325407156472752,-0.2602089109904202,2019-02-12,2019-02-13,2019-02-14,2019-02-15,2019-02-19,2019-02-20,2019-02-21,2019-02-22,2019-02-25,2019-02-26,92470.0,2019-02-11,252.0,2.5674%,-0.0009,1.2717,0.5164,0.3899,2.6777%,2.9777%,19.1387%,0.0195429999999999,SBLK,92470.0,2019-02-12,252.0,2.5031%,-0.0009,1.2621,0.5352,0.3817,2.6738%,2.9719%,19.0545%,0.008196,SBLK,92470.0,2019-02-13,252.0,-2.4420%,-0.0011,1.2476,0.5485,0.3773,2.6757%,2.9670%,18.6732%,-0.0286419999999999,SBLK,92470.0,2019-02-14,252.0,1.5019%,-0.001,1.2436,0.5584,0.366,2.6779%,2.9687%,18.6286%,0.016875,SBLK,92470.0,2019-02-15,252.0,1.1097%,-0.0011,1.2339,0.5492,0.3495,2.6777%,2.9638%,18.3745%,-0.006208,SBLK,92470.0,2019-02-19,252.0,-1.9512%,-0.0012,1.2243,0.5415,0.3417,2.6800%,2.9612%,18.0867%,-0.024598,SBLK,92470.0,2019-02-20,252.0,-0.4975%,-0.0013,1.2222,0.5385,0.3344,2.6805%,2.9613%,18.0613%,-0.0104719999999999,SBLK,92470.0,2019-02-21,252.0,-1.7500%,-0.0015,1.2405,0.5736,0.3681,2.6669%,2.9555%,18.5782%,-0.011932,SBLK,92470.0,2019-02-22,252.0,-0.5089%,-0.0015,1.242,0.5684,0.3814,2.6675%,2.9556%,18.5439%,-0.010995,SBLK,92470.0,2019-02-25,252.0,-0.1279%,-0.0016,1.2448,0.571,0.3931,2.6632%,2.9521%,18.6157%,-0.001077,SBLK,92470.0,2019-02-26,252.0,-2.1767%,-0.0015,1.2721,0.5631,0.4096,2.6519%,2.9509%,19.2339%,-0.014924,SBLK,0.027739,-0.0009029999999999,0.015972,-0.0148339999999999,-0.0642339999999999
25267,SEACHANGE INTERNATIONAL INC,SeaChange Acquires Xstream for $5.5M Including $4.6M Cash,6,increase,0.7,0.6,"the acquisition of xstream for $5.5m, particularly with a significant cash component, suggests strategic growth potential for seachange, which may positively influence investor sentiment.",2,2019-02-11,SEAC,2019-02-11 12:03:00+00:00,84255.0,81169940,0.0,63569.0,0.0493827424943447,-0.029940091073513,0.0352940820157527,-0.0059523754753172,0.0,0.0243902206420898,-0.0284090638160705,0.0,0.0409356318414211,0.0649350807070732,-0.0112359449267387,-0.0314465835690498,0.0056818127632141,-0.0031347931362688,-0.0169491358101368,-0.027438998222351,0.0402298457920551,-0.0060606002807617,-0.1049723476171494,0.012269927188754,-0.0555555745959281,0.0251572076231241,-0.05228753387928,0.0192308276891708,0.0068965447135269,0.0,-0.0068493084982037,-0.0714285746216774,-0.0344828069210052,0.0370370000600814,0.0,0.0062111741863191,0.0,-0.0182926654815673,-0.0071428506635129,-0.0060606002807617,0.0287769511342048,-0.029411805793643,-0.003496500197798,0.0303030740469694,0.003508768742904,0.0,-0.013986000791192,0.0185185000300407,-0.007092191837728,0.0872483178973198,0.0,0.0492958128452301,0.0071428506635129,0.0215827133506536,-0.0212765764445066,-0.0279720015823841,0.0,0.134920597076416,-0.0072463699616491,-0.023255793377757,0.0072992630302906,0.0403225421905517,0.0,-0.0079999919980764,-0.0072463699616491,0.0245901402086019,-0.0218977890908718,0.0338983759284019,-0.0074626794084906,-0.0247934628278017,0.037593949586153,-0.0081967134028673,-0.0434782207012176,-0.0081300735473632,-0.0151515901088714,-0.0238095019012689,0.0384615957736969,-0.0597015246748924,0.0370370000600814,-0.007407400291413,0.0,-0.0073529342189431,-0.0071428506635129,-0.0144927399232983,0.0287769511342048,-0.2247190922498703,-0.0559440031647682,0.0113636255264282,-0.0222222004085779,0.0232557915151119,0.0530302487313747,-0.017142841592431,0.0143884755671024,-0.0331491418182849,-0.007092191837728,0.0773809552192688,0.0142857013270258,0.0,-0.0316901132464408,0.0434782207012176,0.003636360168457,0.0,0.0072463699616491,0.012578603811562,0.0143884755671024,-0.0363636016845703,-0.0212765764445066,0.0,-0.0144927399232983,0.0185185000300407,-0.0220588017255067,-0.035714253783226,0.0,0.0181818008422851,0.0,0.0,0.0,0.0060975551605224,0.007518789730966,0.0123456669971346,0.0,-0.0526315979659557,-0.0223134867846965,0.0058823470026254,0.0493827424943447,-0.029940091073513,0.0864197430738558,-0.0357142518849955,0.0864197430738558,-0.0121951097264478,0.0987654096789096,0.0519480805463068,-4.908148221183239e-09,-0.006134961750093,-0.1481481579216781,0.2959999993624493,-0.1912963277423405,-0.0470588541659815,2019-02-12,2019-02-13,2019-02-14,2019-02-15,2019-02-19,2019-02-20,2019-02-21,2019-02-22,2019-02-25,2019-02-26,84255.0,2019-02-11,252.0,0.0000%,-0.0018,0.6105,-0.0216,0.2508,4.0616%,4.1063%,2.1699%,-0.001376,SEAC,84255.0,2019-02-12,252.0,4.9383%,-0.0016,0.6264,-0.0104,0.2569,4.0700%,4.1169%,2.2674%,0.0414109999999999,SEAC,84255.0,2019-02-13,252.0,3.5294%,-0.0013,0.6559,-0.0462,0.259,4.0621%,4.1136%,2.4897%,0.033267,SEAC,84255.0,2019-02-14,252.0,0.0000%,-0.0014,0.6525,-0.0451,0.2618,4.0560%,4.1070%,2.4702%,0.00302,SEAC,84255.0,2019-02-15,252.0,-2.8409%,-0.0015,0.6343,-0.0653,0.2272,4.0619%,4.1105%,2.3482%,-0.037027,SEAC,84255.0,2019-02-19,252.0,4.0936%,-0.0014,0.6432,-0.0411,0.2537,4.0700%,4.1190%,2.3694%,0.039138,SEAC,84255.0,2019-02-20,252.0,-1.1236%,-0.0014,0.6394,-0.0514,0.2396,4.0706%,4.1194%,2.3550%,-0.013863,SEAC,84255.0,2019-02-21,252.0,0.5682%,-0.0014,0.638,-0.0519,0.237,4.0711%,4.1196%,2.3443%,0.0084619999999999,SEAC,84255.0,2019-02-22,252.0,-1.6949%,-0.0013,0.6381,0.0025,0.2879,4.0633%,4.1109%,2.3047%,-0.017426,SEAC,84255.0,2019-02-25,252.0,4.0230%,-0.0012,0.6405,-0.0154,0.2874,4.0691%,4.1171%,2.3180%,0.039697,SEAC,84255.0,2019-02-26,252.0,-10.4972%,-0.0016,0.6626,0.105,0.3649,4.1190%,4.1685%,2.3590%,-0.103198,SEAC,0.0400349999999999,0.073302,0.076322,0.078433,-0.007895
25275,SEAGEN INC,Seattle Genetics Receives $30M Milestone Payment From Takeda For European Commission Approval of ADCETRIS,6,increase,0.8,0.6,"the $30m milestone payment from takeda for the approval of adcetris indicates positive progress and validation of seagen inc's product, likely boosting investor confidence and stock price.",2,2019-02-11,SGEN,2019-02-11 13:01:00+00:00,88949.0,81181C10,0.0232236571609973,1068377.0,-0.001052152365446,-0.1183729246258736,0.0278362706303596,-0.0255021173506975,0.0038062091916799,0.0,0.0424384362995624,-0.0100718988105654,-0.0186066273599863,-0.0075295576825737,-0.0055595063604414,0.0078503005206584,-0.0086008952930569,0.0173033829778432,0.0299305897206068,0.0263661257922649,0.0206372812390327,0.0131487464532256,-0.0174690056592226,-0.0067362920381128,0.0299593918025493,0.0239301361143589,0.0096506606787443,0.0072309961542487,0.0053850500844419,-0.0031095577869564,-0.0360203869640827,-0.0388534255325794,-0.0016668303869664,0.0335579812526702,-0.034506794065237,-0.0062787351198494,-0.0072056492790579,-0.0047216215170919,0.0047902720980346,0.0237419083714485,0.0251372121274471,-0.0149839976802468,-0.0009864669991657,0.0057746996171772,0.0304697938263416,0.0233497098088264,0.0075290268287062,0.0319796800613403,0.0138587541878223,0.0684997662901878,-0.0156795196235179,0.0567685104906559,-0.0080326255410909,0.0562356226146221,-0.0012353000929579,-0.0194816961884498,0.0349045060575008,0.0146488146856427,-0.0175275485962629,0.0146848084405064,-0.0016217748634517,-0.0125552443787455,0.0192229337990284,-0.0044014086015522,-0.0014610254438593,0.0796426236629486,-0.0446927435696125,0.0038160802796483,0.0197716262191534,-0.0348066203296184,0.0050519220530986,-0.0138031626120209,0.0129058137536048,-0.0167856905609369,-0.0112660452723503,-0.0448575988411903,0.0009495346457697,-0.030588598921895,0.075620025396347,-0.0085245976224541,0.0091973757371306,-0.0153349600732326,-0.0087390383705496,0.0165737140923738,0.0190176591277122,0.0047814855352044,-0.0321345441043376,0.011001830920577,-0.0033200678881257,-0.0330431833863258,-0.0052530895918607,0.0157170761376619,-0.0121071925386786,-0.0448787957429885,-0.0769229978322982,0.0218919608741998,-0.022881394252181,-0.0047709802165627,-0.006071092095226,0.0249389186501503,0.0285049304366111,0.0480013228952884,-0.0200791601091623,0.0168490745127201,0.0258296281099319,-0.0121825514361262,-0.0350259952247142,0.0181690622121095,-0.000728796236217,0.0186866540461778,-0.0112327383831143,-0.0152471559122204,-0.0115078017115593,-0.0064426073804497,-0.0011940571712329,0.0558926463127136,0.0049312887713313,0.0246796812862157,0.0176952034235,-0.0320933312177658,-0.0125657599419355,-0.0025463693309575,0.0085824476554989,-0.0530485995113849,-0.001052152365446,-0.1183729246258735,0.0267548302669247,-0.1408562817616168,0.0306628739394885,-0.1408562817616168,0.0544115859480245,-0.155913307706297,0.073651009038216,-0.1061314429697883,0.1316699560149925,0.1447182715774326,0.0245003018343088,0.1198759090966441,2019-02-12,2019-02-13,2019-02-14,2019-02-15,2019-02-19,2019-02-20,2019-02-21,2019-02-22,2019-02-25,2019-02-26,88949.0,2019-02-11,252.0,2.3224%,0.0008,1.3852,0.3946,-0.4018,2.0773%,2.6364%,37.9157%,0.019547,SGEN,88949.0,2019-02-12,252.0,-0.1052%,0.0008,1.3884,0.3747,-0.3966,2.0759%,2.6358%,37.9730%,-0.020752,SGEN,88949.0,2019-02-13,252.0,2.7836%,0.0008,1.3807,0.3969,-0.3871,2.0753%,2.6278%,37.6257%,0.023902,SGEN,88949.0,2019-02-14,252.0,0.3806%,0.0009,1.381,0.3981,-0.3894,2.0745%,2.6277%,37.6716%,0.002297,SGEN,88949.0,2019-02-15,252.0,4.2438%,0.0009,1.3859,0.4053,-0.3778,2.0790%,2.6310%,37.5580%,0.027607,SGEN,88949.0,2019-02-19,252.0,-1.8607%,0.0009,1.3829,0.3894,-0.3954,2.0835%,2.6327%,37.3693%,-0.0213819999999999,SGEN,88949.0,2019-02-20,252.0,-0.5560%,0.0009,1.3815,0.3903,-0.3991,2.0833%,2.6326%,37.3730%,-0.0069689999999999,SGEN,88949.0,2019-02-21,252.0,-0.8601%,0.0008,1.3835,0.3932,-0.3955,2.0835%,2.6329%,37.3781%,-0.004234,SGEN,88949.0,2019-02-22,252.0,2.9931%,0.0009,1.3819,0.3933,-0.4151,2.0849%,2.6390%,37.5893%,0.012862,SGEN,88949.0,2019-02-25,252.0,2.0637%,0.001,1.3807,0.3834,-0.4245,2.0871%,2.6414%,37.5657%,0.01874,SGEN,88949.0,2019-02-26,252.0,-1.7469%,0.0009,1.3792,0.4061,-0.4141,2.0887%,2.6383%,37.3226%,-0.014307,SGEN,-0.001205,0.022697,0.024994,0.0312189999999999,0.037311
25283,SMITH & NEPHEW PLC,Smith & Nephew shares are trading lower amid media rumors the company is in talks to acquire NuVasive for over $3B.,6,decrease,0.7,0.6,"the rumors of an acquisition can create uncertainty and concern among investors, leading to a decrease in stock price as they may fear the financial implications of such a large purchase.",0,2019-02-11,SNN,2019-02-11 13:42:00+00:00,87444.0,83175M20,-0.0435431711375713,1854916.0,0.0,-0.0032242329325526,-0.0033818224910646,0.051643181592226,-0.0088749714195728,-0.0013024026993662,0.0031603614334017,0.0097316922619938,0.0026253208052366,0.0074191512539982,0.0031422558240592,-0.0084077687934041,-0.0101801929995417,0.0015789835015311,0.0065928273834288,0.0125233475118875,0.0018339930102229,-0.0007987910648807,0.0005229247617535,-0.0076617468148469,0.0081024933606386,0.0026489661540836,0.0018148741219192,-0.0091863116249442,0.0059523694217205,0.0111464485526084,-0.0054026008583605,-0.0076376325450837,0.0126746427267789,-0.0041961669921875,-0.0084291649982333,0.0116742495447397,-0.0066975355148315,0.0031940094195306,-0.00181534467265,0.0118502182886004,0.0077942120842635,-0.0138114327564835,0.0074761770665645,0.0058776708319783,0.006652976386249,0.0118950689211487,0.0012709515867754,0.0112083060666918,0.0068545434623956,0.0077135702595114,0.0002521009009797,-0.0117070600390434,0.0075624668970704,0.0343565568327903,0.0035026115365326,-0.0244506355375051,0.0052355793304741,-0.0262172147631645,-0.0106646902859211,0.003759381826967,-0.0012534278212115,0.0097614042460918,0.0080321207642555,0.0043572941794991,-0.0007469815318472,0.023126270622015,-0.0002492433704901,-0.0005569607019424,-0.000249210424954,-0.0247148256748914,0.0087259653955698,-0.0016269352054223,-0.0034601925872266,0.0131868002936244,-0.0019840777385979,-0.0175437983125448,-0.0024851120542734,-0.0159363150596618,0.0,-0.0187645927071571,0.0005037898663431,-0.0059585375711321,0.0015105125494301,0.0171277392655611,0.0017596705583855,0.0160643197596073,-0.0075282119214534,-0.0152913741767406,-0.0073325140401721,0.0193496700376272,-0.001018774928525,0.0024245730601251,-0.0071392804384231,-0.0048257457092404,-0.0141242742538452,0.0010735619580373,-0.0104193203151226,0.0053965714760124,-0.004474913701415,0.0016216586809605,0.0148070165887475,0.0136986300349235,-0.0023449752479791,0.0021966455969959,0.0099241901189088,0.0057994779199361,0.0077580311335623,-0.0013789089862257,0.0002565645554568,0.0069425161927938,0.0017957849195227,-0.0060723493807017,-0.0071702632121741,-0.0119988722726702,0.0430744960904121,0.0032831446733325,0.0435213185846805,-0.0019115154864266,-0.0021327049471437,0.0005464606219902,-0.0121111879125237,0.0049423482269048,-0.0048076189123094,-0.0132755804806947,0.0,-0.0032242329325526,-0.0033818224910646,0.0482524390128418,-0.0122267803326832,0.0468871922066542,-0.0065036428423675,0.0649177768132642,-0.0046826309753965,0.0618229933748433,0.0447450907726407,0.0944988417349457,0.0889397604257551,0.0888647791435568,2019-02-12,2019-02-13,2019-02-14,2019-02-15,2019-02-19,2019-02-20,2019-02-21,2019-02-22,2019-02-25,2019-02-26,87444.0,2019-02-11,252.0,-4.3543%,0.0004,0.4761,0.086,-0.101,1.1603%,1.2801%,17.8468%,-0.045091,SNN,87444.0,2019-02-12,252.0,0.0000%,0.0003,0.468,0.0911,-0.106,1.1602%,1.2775%,17.5224%,-0.006763,SNN,87444.0,2019-02-13,252.0,-0.3382%,0.0003,0.463,0.0975,-0.1061,1.1592%,1.2741%,17.2258%,-0.004773,SNN,87444.0,2019-02-14,252.0,-0.8875%,0.0002,0.4649,0.0923,-0.1,1.1604%,1.2750%,17.1655%,-0.009126,SNN,87444.0,2019-02-15,252.0,0.3160%,0.0002,0.4576,0.0855,-0.1121,1.1596%,1.2721%,16.9106%,-0.001944,SNN,87444.0,2019-02-19,252.0,0.2625%,0.0001,0.4538,0.0923,-0.1042,1.1566%,1.2664%,16.5905%,0.0017439999999999,SNN,87444.0,2019-02-20,252.0,0.3142%,0.0002,0.4549,0.0969,-0.0996,1.1563%,1.2662%,16.6064%,0.00255,SNN,87444.0,2019-02-21,252.0,-1.0180%,0.0002,0.4527,0.0904,-0.1036,1.1552%,1.2645%,16.5294%,-0.008758,SNN,87444.0,2019-02-22,252.0,0.6593%,0.0002,0.4525,0.0906,-0.1057,1.1553%,1.2650%,16.5996%,0.00153,SNN,87444.0,2019-02-25,252.0,0.1834%,0.0002,0.452,0.0896,-0.1083,1.1549%,1.2648%,16.6180%,0.0011,SNN,87444.0,2019-02-26,252.0,0.0523%,0.0002,0.4475,0.0923,-0.1103,1.1541%,1.2618%,16.3502%,0.001362,SNN,-0.051854,-0.056627,-0.0657529999999999,-0.065953,-0.068169
25291,SYNOPSYS INC,Synopsys Reports Launch Of Its Simpleware ScanIP Medical; Recently Obtained CE Marking As Medical Device,6,increase,0.8,0.6,"the launch of a new medical device with ce marking indicates regulatory approval and potential for new revenue streams, which is likely to positively impact synopsys inc's stock price.",2,2019-02-11,SNPS,2019-02-11 14:07:00+00:00,77357.0,87160710,-0.0055320402607321,856958.0,0.0275108069181442,0.0098527297377586,-0.0091543728485703,-0.0129336370155215,-0.0004967519198544,0.0104345940053463,0.010336953215301,0.0117876334115862,0.002065903507173,0.0292224567383527,0.0109955109655857,0.0154258431866765,-0.0146630620583891,0.0099534587934613,0.0081797754392027,0.0231348685920238,0.0057673151604831,-0.0142935644835233,-0.003110114717856,-0.0203100107610225,0.000584942579735,0.0232991129159927,-0.0092565231025218,0.0160034988075494,0.0148505326360464,0.0021160757169127,-0.0018412873614579,-0.0185812320560216,0.0036892937496304,0.0263630077242851,0.002901944797486,0.0021360591053962,-0.0040509081445634,0.0054255197755992,-0.0005811077426187,0.0121267307549715,0.0214147940278053,-0.0034203103277832,0.0141352601349353,-0.0012525690253824,0.0068287719041109,0.0098896119743585,0.0034377288538962,0.0099883927032351,0.0108333164826035,0.0039645093493163,0.0012823980068787,0.0221692565828561,-0.0010977506171911,0.0343977436423301,0.0007326147169806,-0.0349792055785656,0.0333120450377464,-0.0022553990129381,-0.0230272430926561,0.0071735829114913,0.0095186568796634,0.0048054005019366,0.0093390885740518,0.0054354020394384,0.0008006791467778,0.0448006466031074,0.0128011601045727,-0.0193069949746131,0.0107083404436707,-0.0346474796533584,0.0210160501301288,-0.0049929362721741,-0.00051031348994,-0.0179780628532171,-0.0007659260299988,0.0003504193446133,-0.0183954704552888,-0.0230462551116943,0.0115390783175826,-0.0183671116828918,-0.0013722963631153,-0.0052361986599862,0.0022331196814775,0.0077467435039579,0.0050560999661684,-0.0030221249908208,0.004092798102647,0.0173080917447805,0.0036514971870929,-0.0369558371603488,-0.0052458136342465,0.0194522701203823,-0.0071446485817432,-0.0371367558836937,-0.0059110973961651,0.0104415817186236,-0.0005170420627109,0.0270331315696239,0.0087083503603935,-0.010281927883625,0.0247884560376405,0.0401333719491958,-0.0001667915785219,-0.0151755819097161,-0.0014182514278218,0.0316626578569412,0.0035088204313069,-0.012347187846899,-0.0021645198576152,0.0174944885075092,0.0101785520091652,-0.0063003259710967,-0.0081764571368694,-0.0491457767784595,0.0050795287825167,-0.0155089367181062,0.0078707924112677,0.0221030991524457,-0.0009864590829238,-0.0035595071967691,-0.016127698123455,0.0017829693388193,-0.0017562857829034,-0.0386716723442077,0.0275108069181442,0.0098527297377586,0.0181045898856802,-0.0032083389078031,0.0175988444760419,0.0071927773836086,0.0302417081188612,0.0488447852399405,0.0374228453047336,0.0627471389244702,0.1368463459453748,0.2008696399761134,0.2072418029501934,0.0650241032097493,2019-02-12,2019-02-13,2019-02-14,2019-02-15,2019-02-19,2019-02-20,2019-02-21,2019-02-22,2019-02-25,2019-02-26,77357.0,2019-02-11,252.0,-0.5532%,0.0002,0.9588,0.0095,-0.7242,0.9348%,1.5758%,64.8067%,-0.005433,SNPS,77357.0,2019-02-12,252.0,2.7511%,0.0002,0.9606,0.0167,-0.7246,0.9368%,1.5798%,64.8344%,0.013138,SNPS,77357.0,2019-02-13,252.0,-0.9154%,0.0002,0.9605,0.0122,-0.7283,0.9394%,1.5795%,64.6277%,-0.011447,SNPS,77357.0,2019-02-14,252.0,-0.0497%,0.0002,0.9614,0.0106,-0.7269,0.9394%,1.5795%,64.6273%,-0.002867,SNPS,77357.0,2019-02-15,252.0,1.0337%,0.0002,0.9617,0.0112,-0.726,0.9395%,1.5787%,64.5860%,0.002836,SNPS,77357.0,2019-02-19,252.0,0.2066%,0.0002,0.9589,0.017,-0.7192,0.9374%,1.5702%,64.3645%,0.002284,SNPS,77357.0,2019-02-20,252.0,1.0996%,0.0002,0.9623,0.0235,-0.7075,0.9407%,1.5716%,64.1694%,0.0129919999999999,SNPS,77357.0,2019-02-21,252.0,-1.4663%,0.0001,0.9696,0.0355,-0.694,0.9412%,1.5739%,64.2356%,-0.012813,SNPS,77357.0,2019-02-22,252.0,0.8180%,0.0001,0.9704,0.046,-0.675,0.9410%,1.5717%,64.1537%,-0.00862,SNPS,77357.0,2019-02-25,252.0,0.5767%,0.0003,0.9646,0.0389,-0.7001,0.8882%,1.5439%,66.9058%,0.003116,SNPS,77357.0,2019-02-26,252.0,-0.3110%,0.0003,0.969,0.0402,-0.6961,0.8877%,1.5430%,66.8990%,-0.003728,SNPS,0.007705,-0.003742,-0.006609,-0.001489,-0.010542
25299,SANOFI,Unum Therapeutics 13G Shows Sanofi Holds 5.91% Stake In Co.,6,increase,0.7,0.6,"the news of sanofi holding a 5.91% stake in unum therapeutics may be perceived positively by investors, suggesting confidence in unum's potential, which could lead to an increase in sanofi's stock price.",2,2019-02-11,SNY,2019-02-11 13:50:00+00:00,89475.0,80105N10,-0.0072701117023825,562713.0,0.0092133088037371,0.0030581292230635,-0.0257491171360015,-0.0202811956405639,-0.0014415560290217,-0.0048164930194616,0.0238209292292594,-0.0034286063164472,-0.0077555351890623,0.0113268997520208,-0.001657974673435,-0.0043728984892368,-0.0194543227553367,0.0099953580647706,-0.00362936174497,0.0089118452742695,-0.008499233983457,0.0171756017953157,0.0134704681113362,0.0035910392180085,-0.0016916310414671,0.0133430184796452,0.0070200217887759,-0.009610709734261,0.0132212275639176,0.0031332187354564,0.008303640410304,0.0002411315363133,0.0145882098004221,-0.013555284589529,0.004406364634633,-0.0037905673962086,-0.0080813271924853,-0.0007102886447682,-0.0011638556607067,0.0141656696796417,0.0132836094126105,-0.0186144467443227,0.0016099285567179,-0.0091058416292071,0.0123995617032051,0.0018713878234848,0.0054434491321444,-0.0004676281823776,0.0171441081911325,0.0130269825458526,-0.0039920229464769,-0.0140121085569262,0.005121343769133,0.0089538423344492,0.0059814015403389,-0.0097993928939104,0.0004404417122714,-0.0126698743551969,-0.0257539507001638,0.0107101062312722,-0.0070040118880569,0.0072702011093497,0.0054607023485004,0.0049493066035211,-0.0090517699718475,0.0229026228189468,0.0107329841703176,-0.0198487751185894,0.0004518856294453,-0.0205970704555511,0.0004516815242823,-0.0039189020171761,-0.003385952906683,0.0039343205280601,-0.0009060229640454,-0.0084901954978704,0.000680090219248,-0.0106696346774697,-0.0033982263412326,-0.0187124125659465,0.0054557365365326,-0.0057586296461522,-0.0042956960387527,0.0187274776399135,-0.0047683715820312,0.0033960049040615,-0.0120922327041626,0.0158693343400955,-0.0159353036433458,-0.0052619432099163,0.0004693841328844,-0.0097417375072836,-0.020642764866352,-0.0092031396925449,-0.0158083792775869,-0.0176405571401119,0.0053541306406259,0.0066592507064342,0.0009682183153927,-0.010976948775351,0.0087061822414398,0.019471775740385,-0.0055142543278634,-0.001787265879102,-0.0065091722644865,-0.0035618846304714,0.0342149920761585,0.0033504066523164,0.0171280987560749,0.0022386901546269,0.0087658846750855,-0.0060080210678279,-0.0073176240548491,-0.0035476686898618,-0.0011517907259985,0.0118913790211081,0.0073800664395093,-0.0113132679834961,-0.0061813290230929,0.0040089152753353,-0.0130771463736891,0.0065008047968149,0.0002432426117593,-0.0214959327131509,0.0092133088037371,0.0030581292230635,-0.016773042899862,-0.0172850889345674,-0.0181904196477664,-0.022018328443835,-0.0025986453499552,-0.0143319226149525,-0.0224427307978783,0.0208283191411413,0.0439403873441062,0.0049493037808074,0.0123491610632273,-0.0647071933195182,2019-02-12,2019-02-13,2019-02-14,2019-02-15,2019-02-19,2019-02-20,2019-02-21,2019-02-22,2019-02-25,2019-02-26,89475.0,2019-02-11,252.0,-0.7270%,0.0003,0.5125,-0.0151,-0.1037,0.9993%,1.1526%,24.8278%,-0.00781,SNY,89475.0,2019-02-12,252.0,0.9213%,0.0004,0.5254,-0.0304,-0.0944,0.9909%,1.1506%,25.8389%,0.00197,SNY,89475.0,2019-02-13,252.0,-2.5749%,0.0002,0.5177,-0.0286,-0.1007,1.0048%,1.1586%,24.7888%,-0.0272359999999999,SNY,89475.0,2019-02-14,252.0,-0.1442%,0.0003,0.5184,-0.0289,-0.1011,1.0039%,1.1582%,24.8745%,-0.00089,SNY,89475.0,2019-02-15,252.0,2.3821%,0.0003,0.5271,-0.0192,-0.0844,1.0100%,1.1653%,24.8857%,0.01842,SNY,89475.0,2019-02-19,252.0,-0.7756%,0.0003,0.5287,-0.0294,-0.096,1.0092%,1.1662%,25.1198%,-0.008548,SNY,89475.0,2019-02-20,252.0,-0.1658%,0.0003,0.5276,-0.0338,-0.1005,1.0089%,1.1660%,25.1316%,-0.00217,SNY,89475.0,2019-02-21,252.0,-1.9454%,0.0003,0.5295,-0.034,-0.097,1.0146%,1.1713%,24.9674%,-0.017857,SNY,89475.0,2019-02-22,252.0,-0.3629%,0.0002,0.5308,-0.038,-0.0846,1.0159%,1.1715%,24.7936%,-0.008409,SNY,89475.0,2019-02-25,252.0,-0.8499%,0.0001,0.5318,-0.0321,-0.078,1.0166%,1.1717%,24.7249%,-0.009646,SNY,89475.0,2019-02-26,252.0,1.3470%,0.0002,0.53,-0.0493,-0.088,1.0201%,1.1738%,24.4807%,0.013758,SNY,-0.00584,-0.0330759999999999,-0.0339659999999999,-0.0240939999999999,-0.0484179999999999
25307,SIMON PROPERTY GROUP INC NEW,Green Growth Brands To Open CBD Shops In Simon Property Group Malls,6,increase,0.7,0.6,"the opening of cbd shops in simon property group malls could attract more foot traffic and enhance the shopping experience, potentially leading to increased sales and a positive impact on stock price.",2,2019-02-11,SPG,2019-02-11 19:15:00+00:00,80100.0,82880610,0.0065181800164282,1124642.0,-0.0037776413373649,-0.0094161955639719,0.0078547876328229,0.0108784334734082,-0.001304377685301,-0.0008151842048391,-0.0021767192520201,0.0117116896435618,-0.006162766367197,0.0148428566753864,-0.0165175572037696,-0.0159784127026796,0.0163485798984766,0.0047999732196331,0.0081252325326204,0.0114397490397095,-0.0017971019260585,0.0039215516299009,-0.0001091340527636,0.0078482264652848,-0.0111304745078086,0.0104980673640966,-0.0004414137511048,0.0063157035037875,-0.030856680124998,0.0052522434853017,-0.0014809463173151,-0.0040239836089313,0.0062175365164875,0.003982238471508,-0.0001133164114435,0.0021979575976729,-0.0056129121221601,0.0096945846453309,-0.006670837290585,0.0028698032256215,0.0095282038673758,-0.0093414597213268,0.0115987788885831,-0.0057686758227646,0.0012365176808089,-0.0004035985912196,0.0092623438686132,0.0013858730671927,-0.0205795485526323,0.0238854996860027,-0.0099948579445481,0.0105149624869227,-0.0053347554057836,0.0152241755276918,0.00311423628591,-0.0008484297432005,0.0243761651217937,-0.0177392158657312,-0.0032550599426031,-0.0006543759955093,0.0021395811345428,0.0046017109416425,0.0183167196810245,0.0040201498195528,-0.0007173078483901,0.0373459458351135,0.012423388659954,-0.0255943778902292,-0.0062717818655073,-0.0189802013337612,0.0039514075033366,-0.0225646384060382,0.0019679693505167,-0.0174285881221294,-0.0017458240035921,0.0001143232002505,0.004809558391571,-0.0420453734695911,0.0051672393456101,-0.0076061822474002,-0.0071969795972108,0.0085479319095611,-0.0049054007977247,-0.0264070257544517,0.0129264676943421,0.0072541148401796,-0.0038932892493903,-0.012312876060605,0.007111435290426,-0.0113856876268982,-0.0054980823770165,0.030049167573452,-0.0402167923748493,-0.0102701159194111,0.0020329828839749,0.0067854728549718,0.0034941113553941,0.0059046386741101,-0.0244299154728651,0.0016277973772957,0.0166944544762373,0.0141418995335698,0.008719740435481,0.0055331159383058,-0.0016839057207107,-0.0093186264857649,0.0042732330039143,-0.0032237546984106,-0.0160125438123941,-0.0008188780630007,-0.0116643132641911,-0.0195375718176364,0.023316079750657,0.0094558810815215,0.0002813111350405,0.0145269660279154,0.0090551218017935,-0.015901792794466,-0.0072459899820387,-0.0077306297607719,-0.0229072030633688,0.0050021414645016,-0.0068379156291484,-0.0040807900950312,-0.0037776413373649,-0.0094161955639719,0.004047473725,0.001359804452421,0.0027378166052902,0.0005435117564704,-0.0056110496571895,0.0272864201956655,0.0001185858915251,0.0394670293995675,-0.0110132076347126,0.1046441993572464,-0.0568502072598156,-0.0136285846627385,2019-02-12,2019-02-13,2019-02-14,2019-02-15,2019-02-19,2019-02-20,2019-02-21,2019-02-22,2019-02-25,2019-02-26,80100.0,2019-02-11,252.0,0.6518%,0.0009,0.507,-0.0538,0.0193,1.1229%,1.2440%,18.5124%,0.006065,SPG,80100.0,2019-02-12,252.0,-0.3778%,0.0007,0.4862,-0.0357,0.0055,1.1140%,1.2278%,17.6756%,-0.0107289999999999,SPG,80100.0,2019-02-13,252.0,0.7855%,0.0008,0.4917,-0.0427,0.0056,1.1127%,1.2284%,17.9415%,0.006411,SPG,80100.0,2019-02-14,252.0,-0.1304%,0.0008,0.4918,-0.0432,0.0064,1.1127%,1.2283%,17.9371%,-0.000117,SPG,80100.0,2019-02-15,252.0,-0.2177%,0.0008,0.5005,-0.0363,0.0193,1.1086%,1.2269%,18.3440%,-0.0077569999999999,SPG,80100.0,2019-02-19,252.0,-0.6163%,0.0007,0.4968,-0.0383,0.0174,1.1090%,1.2252%,18.0632%,-0.007166,SPG,80100.0,2019-02-20,252.0,-1.6518%,0.0007,0.4918,-0.0489,-0.0001,1.1149%,1.2300%,17.8414%,-0.017573,SPG,80100.0,2019-02-21,252.0,1.6349%,0.0007,0.4874,-0.054,-0.0084,1.1202%,1.2336%,17.5411%,0.0180339999999999,SPG,80100.0,2019-02-22,252.0,0.8125%,0.0009,0.4855,-0.0179,0.0011,1.1084%,1.2213%,17.6289%,0.005031,SPG,80100.0,2019-02-25,252.0,-0.1797%,0.0008,0.4875,-0.0142,0.0105,1.1033%,1.2166%,17.7583%,-0.00267,SPG,80100.0,2019-02-26,252.0,-0.0109%,0.0007,0.4823,-0.0088,0.0093,1.1020%,1.2124%,17.3847%,0.0005149999999999,SPG,-0.0046639999999999,0.001747,0.00163,-0.013293,-0.009956
25315,SPIRIT AEROSYSTEMS HOLDINGS INC,"Triumph Group Identifies Strategic Solutions For Cash Requirements, BofA Says",6,uncertain,0.5,0.5,"the news about triumph group's cash requirements does not directly indicate a positive or negative impact on spirit aerosystems' stock price, leading to uncertainty.",1,2019-02-11,SPR,2019-02-11 20:24:00+00:00,91594.0,84857410,0.0067321783863008,1549796.0,-0.0043519376777112,0.0055878390558063,-0.0017057958757504,0.0116316964849829,0.0001068147830665,-0.002602249616757,0.0219967700541019,0.0342005267739296,0.0059554874897003,0.0156018994748592,0.0176568813621997,0.0528776496648788,-0.0189834721386432,0.000599916675128,0.0195588562637567,0.0201958585530519,-0.005918385926634,0.0194659046828746,-0.0016423325287178,0.005520733539015,0.0049351812340319,0.006059022154659,0.0108451526612043,0.0181211121380329,0.0055667553097009,-0.0081580551341176,-0.0071464427746832,-0.0128350853919982,-0.0142943635582923,0.0184544716030359,-0.0052453163079917,0.0074887261725962,-0.0065136980265378,-0.0075602764263749,0.0038505855482071,0.0123233180493116,-0.0375285372138023,-0.0072119147516787,-0.010124891065061,-0.0007720700232312,0.0163220893591642,0.0172797441482543,-0.015952868387103,0.0111184157431125,-0.0053313090465962,0.0312585420906543,0.0131434490904212,0.0106222135946154,-0.0162162166088819,0.0342417135834693,0.0050549348816275,-0.0321734584867954,0.0114804618060588,0.00457763671875,-0.0336179919540882,0.0187958478927612,0.0121923526749014,-0.0035206307657063,-0.0014365925453603,0.0499778948724269,-0.0015493513783439,0.0290626287460327,0.0075371349230408,-0.0263703521341085,0.0069306627847254,-0.0332282967865467,0.0231618359684944,-0.0181409213691949,-0.0123865846544504,-0.0277549736201763,-0.0472483001649379,0.0046702791005373,0.0301860645413398,-0.0051926379092037,-0.0125578260049223,-0.0050223683938384,-0.0509817004203796,-0.0054003177210688,-0.0119900861755013,0.0033866160083562,0.0088042570278048,-0.0109860626980662,0.0057789580896496,-0.0103420680388808,0.0266182497143745,-0.0270897652953863,-0.0130211235955357,-0.0300300493836402,0.0105311423540115,-0.0248902011662721,-0.0179798416793346,0.0009770619217306,-0.0023323260247707,0.007877885363996,0.0018702049273997,-0.0091474568471312,0.0186675824224948,0.0261576510965824,-0.0089336708188056,-0.0043613514862954,0.0068184905685484,0.0249041747301816,0.0027547962963581,-0.0103639997541904,-0.0021749364677816,0.01124750636518,-0.0030973574612289,-0.0436376929283142,0.0054085296578705,-0.0197699684649705,-0.0025180405937135,-0.0111374696716666,0.0190475732088089,-0.0029533372726291,-0.0156513843685388,-0.0148958312347531,-0.033058788627386,-0.0041719852015376,0.014551087282598,-0.0330568924546241,-0.0043519376777112,0.0055878390558063,-0.0060503100361195,0.0172845315886933,-0.005944141515607,0.0146373033062339,0.0219721866511564,0.065710106319355,0.0323745147044585,0.1741531437370689,-0.0396054978027397,0.3837055402896721,-0.088496743702271,0.0503524887123374,2019-02-12,2019-02-13,2019-02-14,2019-02-15,2019-02-19,2019-02-20,2019-02-21,2019-02-22,2019-02-25,2019-02-26,91594.0,2019-02-11,252.0,0.6732%,0.0003,1.0232,0.078,0.2843,1.2724%,1.6385%,39.6991%,0.004157,SPR,91594.0,2019-02-12,252.0,-0.4352%,0.0003,1.0152,0.0749,0.2808,1.2774%,1.6373%,39.1324%,-0.0179,SPR,91594.0,2019-02-13,252.0,-0.1706%,0.0002,1.0063,0.0878,0.2818,1.2729%,1.6263%,38.7359%,-0.00489,SPR,91594.0,2019-02-14,252.0,0.0107%,0.0001,1.0049,0.0891,0.2816,1.2713%,1.6242%,38.7351%,0.0032979999999999,SPR,91594.0,2019-02-15,252.0,2.1997%,0.0002,1.0122,0.0967,0.2947,1.2724%,1.6271%,38.8503%,0.008967,SPR,91594.0,2019-02-19,252.0,0.5955%,0.0002,1.0141,0.0962,0.2941,1.2722%,1.6271%,38.8710%,0.002768,SPR,91594.0,2019-02-20,252.0,1.7657%,0.0003,1.0183,0.1075,0.3095,1.2747%,1.6306%,38.8927%,0.013801,SPR,91594.0,2019-02-21,252.0,-1.8983%,0.0003,1.0177,0.103,0.3085,1.2762%,1.6310%,38.7774%,-0.014528,SPR,91594.0,2019-02-22,252.0,1.9559%,0.0003,1.0162,0.0827,0.2723,1.2754%,1.6328%,38.9862%,0.016813,SPR,91594.0,2019-02-25,252.0,-0.5918%,0.0003,1.0154,0.0854,0.2706,1.2753%,1.6324%,38.9645%,-0.0068379999999999,SPR,91594.0,2019-02-26,252.0,-0.1642%,0.0003,1.0171,0.0823,0.2703,1.2752%,1.6308%,38.8573%,0.001322,SPR,-0.0137429999999999,-0.0186329999999999,-0.0153349999999999,-0.0035999999999999,0.00697
25323,SPIRE INC,S&P Dow Jones Indices Late Friday Announced Atmos Energy Will Join S&P 500; Spire To Join S&P MidCap 400; NorthStar Realty Europe To Join S&P SmallCap 600,6,decrease,0.7,0.5,being moved to the s&p midcap 400 from the s&p 500 may lead to decreased investor interest and lower stock price due to the perceived reduction in prestige and visibility.,0,2019-02-11,SR,2019-02-11 14:15:00+00:00,12781.0,84857L10,-0.0174411553889513,795766.0,-0.0031095861922949,0.0066641583107411,-0.0036391834728419,0.0011546873720362,-0.0172189828008413,-0.0104113724082708,0.0168569721281528,-0.0029117069207131,0.0032632814254611,0.0038123701233416,0.0053343223407864,-0.0085674719884991,0.0072473818436264,0.0207047406584024,0.0068096974864602,0.0150111149996519,-0.0114854713901877,-0.0044184061698615,0.0020656294655054,-0.0010385802015662,0.015459893271327,-0.0077289515174925,0.0063435677438974,0.0097554633393883,-0.0005042979610152,-0.0036289060954004,0.0055499803274869,-0.002585276030004,-0.0031359759159386,0.0082105724141001,0.0017616633558645,0.0142762959003448,-0.0027634871657937,0.0146191520616412,0.004943985491991,0.0078398780897259,0.0074503892101347,-0.0036363184917718,0.0056405686773359,-0.0058910488151013,0.0034899509046226,0.0141208535060286,-0.0059620337560772,-0.0095481313765048,0.0028739643748849,0.0173758976161479,0.00573136145249,-0.0093521615490317,-0.0097869290038943,0.0147159909829497,0.0062554734759032,0.0041430108249187,0.0133034894242882,-0.0225431714206934,-0.0035582934506237,0.0059750466607511,0.015392193570733,0.0054615172557532,0.0043657603673636,0.0114624248817563,-0.005312755703926,0.017709095031023,-0.003763019805774,-0.0539821498095989,0.0026806534733623,-0.0083069261163473,-0.0037671350874006,0.0021141124889254,-0.0114662405103445,-0.0023727959487587,0.0115992398932576,-0.0077174147590994,-0.0070749181322753,-0.0361825861036777,0.0162162128835916,-0.0071348068304359,-0.0080995913594961,0.0042739952914416,-0.0060938447713851,0.0034057048615068,0.0020845881663262,-0.0021396875381469,0.0029368314426392,0.0072039221413433,0.0008540714625269,0.0029026169795542,0.0041448734700679,0.0243019293993711,-0.0138399824500083,-0.0224917717278003,-0.0043088276870548,0.0029146587476134,0.0075420453213155,0.0210921969264745,-0.0071173668839037,-0.0202839579433202,0.0118650235235691,-0.00854701269418,0.0057407300919294,0.0006287941359914,0.0037649404257535,0.0078590791672468,0.0019358261488378,0.0043284064158797,0.0004830445104744,-0.0121981091797351,0.0161738563328981,-0.0105761615559458,0.0100961923599243,0.0188895221799612,-0.0057619693689048,0.0298994779586792,0.0118273207917809,0.00855930801481,-0.0026885254774242,-0.0038042883388698,-0.0076183956116437,0.0014450947055593,-0.0135821606963872,0.0,-0.0031095861922949,0.0066641583107411,-0.0067374533104586,0.0078265407022242,-0.0238404240186256,-0.0026663167359659,-0.0041461482359913,-0.0017791258937197,0.0057009891710237,0.0197326283430043,0.081104675326795,0.0847949045915616,0.0902422031118261,0.0396188712511464,2019-02-12,2019-02-13,2019-02-14,2019-02-15,2019-02-19,2019-02-20,2019-02-21,2019-02-22,2019-02-25,2019-02-26,12781.0,2019-02-11,252.0,-1.7441%,0.0009,0.3185,-0.1784,0.1436,1.1524%,1.1991%,7.6264%,-0.017461,SR,12781.0,2019-02-12,252.0,-0.3110%,0.0007,0.2986,-0.1589,0.13,1.1411%,1.1820%,6.8097%,-0.0072619999999999,SR,12781.0,2019-02-13,252.0,-0.3639%,0.0007,0.2995,-0.1626,0.128,1.1413%,1.1824%,6.8203%,-0.004571,SR,12781.0,2019-02-14,252.0,-1.7219%,0.0007,0.3041,-0.1707,0.1355,1.1429%,1.1854%,7.0370%,-0.0151019999999999,SR,12781.0,2019-02-15,252.0,1.6857%,0.0009,0.3278,-0.148,0.1759,1.1391%,1.1864%,7.8206%,0.013097,SR,12781.0,2019-02-19,252.0,0.3263%,0.0008,0.3223,-0.1388,0.1868,1.1330%,1.1785%,7.5814%,0.002442,SR,12781.0,2019-02-20,252.0,0.5334%,0.0008,0.3225,-0.1418,0.1864,1.1321%,1.1779%,7.6222%,0.0039,SR,12781.0,2019-02-21,252.0,0.7247%,0.0008,0.3194,-0.1464,0.1807,1.1330%,1.1781%,7.5127%,0.00867,SR,12781.0,2019-02-22,252.0,0.6810%,0.0009,0.3181,-0.1381,0.1726,1.1335%,1.1779%,7.3989%,0.008095,SR,12781.0,2019-02-25,252.0,-1.1485%,0.0008,0.3195,-0.1304,0.1817,1.1342%,1.1786%,7.3958%,-0.012111,SR,12781.0,2019-02-26,252.0,0.2066%,0.0007,0.3045,-0.118,0.1769,1.1237%,1.1639%,6.7812%,0.002242,SR,-0.024723,-0.029294,-0.044396,-0.0288569999999999,-0.0180609999999999
25331,STERIS PLC NEW,STERIS Reaffirms FY19 Reported Sales Growth ~5% Year Over Year,6,increase,0.7,0.6,"the reaffirmation of sales growth indicates stability and positive performance, which is likely to boost investor confidence and lead to an increase in stock price.",2,2019-02-11,STE,2019-02-11 21:33:00+00:00,77649.0,G8473T10,0.0107092028483748,789419.0,0.0078425034880638,-0.0047000013291835,-0.0050496738404035,0.0047221956774592,0.0070721227675676,0.0040639718063175,0.0102445296943187,0.0229516848921775,0.001880956464447,0.0063627273775637,0.0027752537280321,0.0058741522952914,-0.0038258137647062,0.0036958656273782,8.17301552160643e-05,-0.0029830140992999,-0.0035133615601807,-0.0086971642449498,-0.0086913863196969,-0.0099026430398225,0.0004977205535396,0.0120261199772357,0.0028187392745167,0.0114588197320699,0.0135581959038972,0.0066548362374305,-0.0046492633409798,-0.0008865789277479,-0.0061460295692086,0.0013315714895725,-0.0100593771785497,0.012584283016622,-0.0021655382588505,0.0144993280991911,-0.0052588051185011,0.0169711746275425,0.0151884304359555,-0.0197272561490535,0.0103322863578796,0.0088966451585292,0.0047451048158109,0.0137610016390681,0.0060256128199398,0.0078718392178416,-0.0013760080328211,0.0246783141046762,-0.0012157068122178,0.002213412662968,0.0006491455133073,0.0239456072449684,-0.0007298381533473,-0.0255425013601779,0.0157442167401313,-0.0253626499325037,-0.017098169773817,0.0155878663063049,-0.0047146333381533,0.0041038393974304,0.0065337750129401,0.0139346085488796,0.0164719149470329,0.0377585291862487,0.0111758727580308,-0.0315113589167594,0.0107365641742944,-0.0210415981709957,-0.0046863895840942,-0.0287590213119983,-0.0069057308137416,-0.0086175510659813,-0.004504146054387,-0.0132971610873937,-0.0013494665035977,-0.0229783337563276,-0.0027024587616324,-0.0112722897902131,0.0004781825118698,-0.021963931620121,0.0013542433734983,0.0213862136006355,0.0057279332540929,-0.0046915807761251,0.0132890995591878,0.0101807620376348,0.0043715653009712,-0.0353877432644367,0.0001553630718262,-0.0089772604405879,-0.0270437970757484,-0.0093092443421483,-0.0376198031008243,0.0103291543200612,0.0194207318127155,-0.0038480765651911,0.0034193452447652,0.0045378226786851,0.0200405772775411,0.0364951007068157,0.015033402480185,0.009733397513628,0.0029778014868497,0.0059985914267599,0.0087507050484418,0.000971307803411,0.009449316188693,0.0050585702992975,0.0049872929230332,-0.0265226755291223,0.0039701047353446,-0.0221340097486972,0.0034981498029083,0.0018620500341057,0.0096240444108843,0.0149471508339047,0.0058545283973217,-0.0179685950279235,-0.0226848255842924,-0.0116725154221057,-0.0058028134517371,-0.0034066974185407,0.0078425034880638,-0.0047000013291835,0.0027532275629533,2.2315038705755796e-11,0.0098448214938533,0.0040639718287232,0.0221091401186612,0.0336441458413303,0.0086767646997643,0.0211831494741643,0.0310992443724711,0.1475711276105609,0.0894144882401315,-0.0117059275683807,2019-02-12,2019-02-13,2019-02-14,2019-02-15,2019-02-19,2019-02-20,2019-02-21,2019-02-22,2019-02-25,2019-02-26,77649.0,2019-02-11,252.0,1.0709%,0.0012,0.8134,0.1737,-0.1515,0.8759%,1.2700%,52.4359%,0.008715,STE,77649.0,2019-02-12,252.0,0.7843%,0.0011,0.8077,0.1774,-0.1551,0.8757%,1.2671%,52.2375%,-0.003612,STE,77649.0,2019-02-13,252.0,-0.5050%,0.0011,0.8103,0.1696,-0.1585,0.8757%,1.2677%,52.2807%,-0.007409,STE,77649.0,2019-02-14,252.0,0.7072%,0.0012,0.8094,0.1729,-0.163,0.8755%,1.2680%,52.3303%,0.006872,STE,77649.0,2019-02-15,252.0,1.0245%,0.0011,0.7945,0.1595,-0.1872,0.8678%,1.2551%,52.1957%,0.001348,STE,77649.0,2019-02-19,252.0,0.1881%,0.0011,0.7939,0.1597,-0.187,0.8678%,1.2529%,52.0320%,0.00037,STE,77649.0,2019-02-20,252.0,0.2775%,0.0011,0.7936,0.1567,-0.1886,0.8672%,1.2525%,52.0655%,0.001844,STE,77649.0,2019-02-21,252.0,-0.3826%,0.0011,0.7932,0.1553,-0.1894,0.8671%,1.2519%,52.0255%,-0.0013139999999999,STE,77649.0,2019-02-22,252.0,0.0082%,0.001,0.795,0.1418,-0.1794,0.8677%,1.2514%,51.9270%,-0.008812,STE,77649.0,2019-02-25,252.0,-0.3513%,0.001,0.7955,0.1451,-0.1759,0.8681%,1.2515%,51.8848%,-0.0047599999999999,STE,77649.0,2019-02-26,252.0,-0.8691%,0.001,0.7974,0.1546,-0.1697,0.8696%,1.2510%,51.6831%,-0.0071699999999999,STE,0.005103,-0.002306,0.004566,0.006284,-0.013928
25339,STERIS PLC NEW,"STERIS plc Ordinary Shares Q3 EPS $1.26 Beats $1.25 Estimate, Sales $696.2M Beat $688.4M Estimate",6,increase,0.8,0.7,"the company reported better-than-expected earnings and sales, which typically leads to positive investor sentiment and an increase in stock price.",2,2019-02-11,STE,2019-02-11 21:33:00+00:00,77649.0,G8473T10,0.0107092028483748,789419.0,0.0078425034880638,-0.0047000013291835,-0.0050496738404035,0.0047221956774592,0.0070721227675676,0.0040639718063175,0.0102445296943187,0.0229516848921775,0.001880956464447,0.0063627273775637,0.0027752537280321,0.0058741522952914,-0.0038258137647062,0.0036958656273782,8.17301552160643e-05,-0.0029830140992999,-0.0035133615601807,-0.0086971642449498,-0.0086913863196969,-0.0099026430398225,0.0004977205535396,0.0120261199772357,0.0028187392745167,0.0114588197320699,0.0135581959038972,0.0066548362374305,-0.0046492633409798,-0.0008865789277479,-0.0061460295692086,0.0013315714895725,-0.0100593771785497,0.012584283016622,-0.0021655382588505,0.0144993280991911,-0.0052588051185011,0.0169711746275425,0.0151884304359555,-0.0197272561490535,0.0103322863578796,0.0088966451585292,0.0047451048158109,0.0137610016390681,0.0060256128199398,0.0078718392178416,-0.0013760080328211,0.0246783141046762,-0.0012157068122178,0.002213412662968,0.0006491455133073,0.0239456072449684,-0.0007298381533473,-0.0255425013601779,0.0157442167401313,-0.0253626499325037,-0.017098169773817,0.0155878663063049,-0.0047146333381533,0.0041038393974304,0.0065337750129401,0.0139346085488796,0.0164719149470329,0.0377585291862487,0.0111758727580308,-0.0315113589167594,0.0107365641742944,-0.0210415981709957,-0.0046863895840942,-0.0287590213119983,-0.0069057308137416,-0.0086175510659813,-0.004504146054387,-0.0132971610873937,-0.0013494665035977,-0.0229783337563276,-0.0027024587616324,-0.0112722897902131,0.0004781825118698,-0.021963931620121,0.0013542433734983,0.0213862136006355,0.0057279332540929,-0.0046915807761251,0.0132890995591878,0.0101807620376348,0.0043715653009712,-0.0353877432644367,0.0001553630718262,-0.0089772604405879,-0.0270437970757484,-0.0093092443421483,-0.0376198031008243,0.0103291543200612,0.0194207318127155,-0.0038480765651911,0.0034193452447652,0.0045378226786851,0.0200405772775411,0.0364951007068157,0.015033402480185,0.009733397513628,0.0029778014868497,0.0059985914267599,0.0087507050484418,0.000971307803411,0.009449316188693,0.0050585702992975,0.0049872929230332,-0.0265226755291223,0.0039701047353446,-0.0221340097486972,0.0034981498029083,0.0018620500341057,0.0096240444108843,0.0149471508339047,0.0058545283973217,-0.0179685950279235,-0.0226848255842924,-0.0116725154221057,-0.0058028134517371,-0.0034066974185407,0.0078425034880638,-0.0047000013291835,0.0027532275629533,2.2315038705755796e-11,0.0098448214938533,0.0040639718287232,0.0221091401186612,0.0336441458413303,0.0086767646997643,0.0211831494741643,0.0310992443724711,0.1475711276105609,0.0894144882401315,-0.0117059275683807,2019-02-12,2019-02-13,2019-02-14,2019-02-15,2019-02-19,2019-02-20,2019-02-21,2019-02-22,2019-02-25,2019-02-26,77649.0,2019-02-11,252.0,1.0709%,0.0012,0.8134,0.1737,-0.1515,0.8759%,1.2700%,52.4359%,0.008715,STE,77649.0,2019-02-12,252.0,0.7843%,0.0011,0.8077,0.1774,-0.1551,0.8757%,1.2671%,52.2375%,-0.003612,STE,77649.0,2019-02-13,252.0,-0.5050%,0.0011,0.8103,0.1696,-0.1585,0.8757%,1.2677%,52.2807%,-0.007409,STE,77649.0,2019-02-14,252.0,0.7072%,0.0012,0.8094,0.1729,-0.163,0.8755%,1.2680%,52.3303%,0.006872,STE,77649.0,2019-02-15,252.0,1.0245%,0.0011,0.7945,0.1595,-0.1872,0.8678%,1.2551%,52.1957%,0.001348,STE,77649.0,2019-02-19,252.0,0.1881%,0.0011,0.7939,0.1597,-0.187,0.8678%,1.2529%,52.0320%,0.00037,STE,77649.0,2019-02-20,252.0,0.2775%,0.0011,0.7936,0.1567,-0.1886,0.8672%,1.2525%,52.0655%,0.001844,STE,77649.0,2019-02-21,252.0,-0.3826%,0.0011,0.7932,0.1553,-0.1894,0.8671%,1.2519%,52.0255%,-0.0013139999999999,STE,77649.0,2019-02-22,252.0,0.0082%,0.001,0.795,0.1418,-0.1794,0.8677%,1.2514%,51.9270%,-0.008812,STE,77649.0,2019-02-25,252.0,-0.3513%,0.001,0.7955,0.1451,-0.1759,0.8681%,1.2515%,51.8848%,-0.0047599999999999,STE,77649.0,2019-02-26,252.0,-0.8691%,0.001,0.7974,0.1546,-0.1697,0.8696%,1.2510%,51.6831%,-0.0071699999999999,STE,0.005103,-0.002306,0.004566,0.006284,-0.013928
25347,MOLSON COORS BEVERAGE CO,Molson Coors Brewing Q4 Earnings Preview,6,uncertain,0.5,0.5,the impact on molson coors beverage co's stock price is uncertain as it depends on the actual earnings results and market expectations.,1,2019-02-11,TAP,2019-02-11 18:23:00+00:00,59248.0,60871R20,0.00646748021245,2507376.0,-0.0944002717733383,-0.0096080107614398,0.0082784537225961,-0.0015227420954033,0.002680962672457,-0.0126297390088439,0.0178810115903616,0.0100228348746895,0.0032835456077009,-0.0022727504838258,0.004581881687045,-0.0091577935963869,0.011239655315876,0.0195928178727626,-0.0024162617046386,0.0089575573801994,-0.0143710542470216,0.0093530546873807,0.0,-0.0038819874171167,0.0011467839358374,0.015933146700263,0.0090001514181494,-0.0159888043999671,0.0025948751717805,0.0049921949394047,-0.0026054363697767,0.0075447903946042,-0.002612242475152,0.0297831036150455,-0.0152234453707933,0.0084884176030755,-0.001994663150981,-0.0187410209327936,-0.0098267849534749,0.0011225094785913,0.0109335193410515,-0.0154720479622483,0.0018302930984646,0.0076360092498362,0.0063112620264291,0.0304918140172958,-0.0016504122177138,-0.0027791103348135,0.0054554142989218,0.0266867447644472,0.0021374723874032,-0.0021771437022835,-0.0031173492316156,0.0317954085767269,-0.0162935797125101,0.0136626167222857,0.0174000486731529,0.0165598336607217,-0.0223647523671388,0.0039328071288764,-0.0117746135219931,-0.0106119960546493,0.0124255241826176,0.0067664007656276,-0.0031943279318511,0.0183136593550443,-0.0003373327199369,-0.0063062789849936,0.0064113559201359,-0.0303983520716428,0.0120703671127557,-0.0091742910444736,-0.0036441511474549,-0.0258009918034076,-0.0051538050174713,-0.0209674835205078,0.0153743010014295,-0.0230645202100276,-0.0021395203657448,-0.0189873538911342,0.0026389551348984,0.0020612187217921,-0.0203981194645166,0.0084745567291975,-0.0025188531726598,-0.0031877711880952,0.0112794302403926,-0.0099415695294737,-0.0014982545981183,-0.0169097147881984,0.00783596560359,-0.0063203889876604,-0.0152192218229174,-0.0192016419023275,-0.0018478181445971,0.0056257070973515,0.0333221703767776,0.0227025207132101,-0.0039088218472898,-0.0180550143122673,0.0019620491657406,0.0113550024107098,0.0200717952102422,0.002923896536231,0.0046392725780606,0.0137286260724067,0.0164013151079416,-0.0004677807737607,0.000783318770118,-0.0115598030388355,0.0048528704792261,-0.022744420915842,-0.0754012092947959,0.0254865866154432,0.009604038670659,0.0007728462223894,0.0241989456117153,-0.0009266032138839,-0.006354886572808,0.0040316660888493,-0.0147588998079299,-0.0154198799282312,-0.0149800516664981,0.0155038759112358,-0.0944002717733383,-0.0096080107614398,-0.0869033063320182,-0.0111161223344036,-0.0844553281799503,-0.0236054676193736,-0.0650244761243352,-0.0160605692790011,-0.0660954629467949,0.0083851074800131,-0.0838874897787176,0.1563390815033689,-0.0885080833509439,0.0132406082572713,2019-02-12,2019-02-13,2019-02-14,2019-02-15,2019-02-19,2019-02-20,2019-02-21,2019-02-22,2019-02-25,2019-02-26,59248.0,2019-02-11,252.0,0.6467%,-0.0003,0.6949,-0.3515,0.3742,1.7890%,1.9264%,13.7520%,0.006893,TAP,59248.0,2019-02-12,252.0,-9.4400%,-0.0006,0.6498,-0.369,0.3543,1.8999%,2.0156%,11.1478%,-0.103244,TAP,59248.0,2019-02-13,252.0,0.8278%,-0.0007,0.6453,-0.3585,0.3579,1.8989%,2.0117%,10.9040%,0.006332,TAP,59248.0,2019-02-14,252.0,0.2681%,-0.0006,0.6434,-0.3538,0.3526,1.8996%,2.0118%,10.8441%,0.007876,TAP,59248.0,2019-02-15,252.0,1.7881%,-0.0008,0.6063,-0.386,0.2938,1.8708%,1.9750%,10.2719%,0.009703,TAP,59248.0,2019-02-19,252.0,0.3284%,-0.0008,0.6035,-0.3794,0.3016,1.8696%,1.9723%,10.1354%,0.00227,TAP,59248.0,2019-02-20,252.0,0.4582%,-0.0008,0.6046,-0.3762,0.3057,1.8697%,1.9725%,10.1490%,0.0025109999999999,TAP,59248.0,2019-02-21,252.0,1.1240%,-0.0007,0.595,-0.3926,0.2879,1.8688%,1.9698%,9.9936%,0.013817,TAP,59248.0,2019-02-22,252.0,-0.2416%,-0.0007,0.5945,-0.383,0.2911,1.8682%,1.9684%,9.9162%,8e-06,TAP,59248.0,2019-02-25,252.0,-1.4371%,-0.0007,0.5944,-0.3757,0.2944,1.8706%,1.9702%,9.8494%,-0.015835,TAP,59248.0,2019-02-26,252.0,0.0000%,-0.0007,0.5985,-0.3798,0.2954,1.8701%,1.9701%,9.8875%,-0.000582,TAP,-0.096351,-0.090019,-0.082143,-0.07017,-0.070251
25355,MOLSON COORS BEVERAGE CO,Molson Coors Brewing Q4 Earnings Preview,6,uncertain,0.5,0.5,the impact on molson coors beverage co's stock price is uncertain as it depends on the actual earnings results and market expectations.,1,2019-02-11,TAP,2019-02-11 18:23:00+00:00,59248.0,60871R20,0.00646748021245,2507376.0,-0.0944002717733383,-0.0096080107614398,0.0082784537225961,-0.0015227420954033,0.002680962672457,-0.0126297390088439,0.0178810115903616,0.0100228348746895,0.0032835456077009,-0.0022727504838258,0.004581881687045,-0.0091577935963869,0.011239655315876,0.0195928178727626,-0.0024162617046386,0.0089575573801994,-0.0143710542470216,0.0093530546873807,0.0,-0.0038819874171167,0.0011467839358374,0.015933146700263,0.0090001514181494,-0.0159888043999671,0.0025948751717805,0.0049921949394047,-0.0026054363697767,0.0075447903946042,-0.002612242475152,0.0297831036150455,-0.0152234453707933,0.0084884176030755,-0.001994663150981,-0.0187410209327936,-0.0098267849534749,0.0011225094785913,0.0109335193410515,-0.0154720479622483,0.0018302930984646,0.0076360092498362,0.0063112620264291,0.0304918140172958,-0.0016504122177138,-0.0027791103348135,0.0054554142989218,0.0266867447644472,0.0021374723874032,-0.0021771437022835,-0.0031173492316156,0.0317954085767269,-0.0162935797125101,0.0136626167222857,0.0174000486731529,0.0165598336607217,-0.0223647523671388,0.0039328071288764,-0.0117746135219931,-0.0106119960546493,0.0124255241826176,0.0067664007656276,-0.0031943279318511,0.0183136593550443,-0.0003373327199369,-0.0063062789849936,0.0064113559201359,-0.0303983520716428,0.0120703671127557,-0.0091742910444736,-0.0036441511474549,-0.0258009918034076,-0.0051538050174713,-0.0209674835205078,0.0153743010014295,-0.0230645202100276,-0.0021395203657448,-0.0189873538911342,0.0026389551348984,0.0020612187217921,-0.0203981194645166,0.0084745567291975,-0.0025188531726598,-0.0031877711880952,0.0112794302403926,-0.0099415695294737,-0.0014982545981183,-0.0169097147881984,0.00783596560359,-0.0063203889876604,-0.0152192218229174,-0.0192016419023275,-0.0018478181445971,0.0056257070973515,0.0333221703767776,0.0227025207132101,-0.0039088218472898,-0.0180550143122673,0.0019620491657406,0.0113550024107098,0.0200717952102422,0.002923896536231,0.0046392725780606,0.0137286260724067,0.0164013151079416,-0.0004677807737607,0.000783318770118,-0.0115598030388355,0.0048528704792261,-0.022744420915842,-0.0754012092947959,0.0254865866154432,0.009604038670659,0.0007728462223894,0.0241989456117153,-0.0009266032138839,-0.006354886572808,0.0040316660888493,-0.0147588998079299,-0.0154198799282312,-0.0149800516664981,0.0155038759112358,-0.0944002717733383,-0.0096080107614398,-0.0869033063320182,-0.0111161223344036,-0.0844553281799503,-0.0236054676193736,-0.0650244761243352,-0.0160605692790011,-0.0660954629467949,0.0083851074800131,-0.0838874897787176,0.1563390815033689,-0.0885080833509439,0.0132406082572713,2019-02-12,2019-02-13,2019-02-14,2019-02-15,2019-02-19,2019-02-20,2019-02-21,2019-02-22,2019-02-25,2019-02-26,59248.0,2019-02-11,252.0,0.6467%,-0.0003,0.6949,-0.3515,0.3742,1.7890%,1.9264%,13.7520%,0.006893,TAP,59248.0,2019-02-12,252.0,-9.4400%,-0.0006,0.6498,-0.369,0.3543,1.8999%,2.0156%,11.1478%,-0.103244,TAP,59248.0,2019-02-13,252.0,0.8278%,-0.0007,0.6453,-0.3585,0.3579,1.8989%,2.0117%,10.9040%,0.006332,TAP,59248.0,2019-02-14,252.0,0.2681%,-0.0006,0.6434,-0.3538,0.3526,1.8996%,2.0118%,10.8441%,0.007876,TAP,59248.0,2019-02-15,252.0,1.7881%,-0.0008,0.6063,-0.386,0.2938,1.8708%,1.9750%,10.2719%,0.009703,TAP,59248.0,2019-02-19,252.0,0.3284%,-0.0008,0.6035,-0.3794,0.3016,1.8696%,1.9723%,10.1354%,0.00227,TAP,59248.0,2019-02-20,252.0,0.4582%,-0.0008,0.6046,-0.3762,0.3057,1.8697%,1.9725%,10.1490%,0.0025109999999999,TAP,59248.0,2019-02-21,252.0,1.1240%,-0.0007,0.595,-0.3926,0.2879,1.8688%,1.9698%,9.9936%,0.013817,TAP,59248.0,2019-02-22,252.0,-0.2416%,-0.0007,0.5945,-0.383,0.2911,1.8682%,1.9684%,9.9162%,8e-06,TAP,59248.0,2019-02-25,252.0,-1.4371%,-0.0007,0.5944,-0.3757,0.2944,1.8706%,1.9702%,9.8494%,-0.015835,TAP,59248.0,2019-02-26,252.0,0.0000%,-0.0007,0.5985,-0.3798,0.2954,1.8701%,1.9701%,9.8875%,-0.000582,TAP,-0.096351,-0.090019,-0.082143,-0.07017,-0.070251
25363,TEVA PHARMACEUTICAL INDS LTD,CTI BioPharma Recieves a $10M Milestone Payment from Teva Pharma for TRISENOX,6,increase,0.7,0.5,"the milestone payment indicates progress in collaboration with cti biopharma, which could positively impact investor sentiment and future revenue potential for teva.",2,2019-02-11,TEVA,2019-02-11 12:06:00+00:00,75652.0,88162420,0.0329308658838272,8726864.0,0.0159405507147312,-0.0070845265872776,-0.0779289528727531,-0.0427751541137695,-0.0198524389415979,-0.0395791120827198,0.0405091904103756,0.0147432135418057,0.0022247449960559,-0.0015228774864226,-0.0344062596559524,-0.007556655909866,-0.0086206682026386,-0.0079959938302636,0.0,0.0131645686924457,0.0202898774296045,-0.0015167181845754,-0.0374999903142452,0.01124750636518,0.0035418809857219,0.0113753518089652,-0.0100000044330954,-0.0061664409004151,0.0148544264957308,0.0378666184842586,-0.0193208381533622,-0.003719431348145,-0.0011940571712329,0.0031982657965272,-0.0454273335635662,0.0058981562033295,0.0018785054562613,-0.0095592299476265,-0.015625,0.0194911006838083,0.0019047450041398,0.0010839322349056,-0.0063370992429554,0.015410054475069,0.035076480358839,0.0116927064955234,0.0147874169051647,0.0158370342105627,0.0024287139531224,0.0005659438902512,0.0078739644959568,0.0172711126506328,0.0162259899079799,0.0533657409250736,-0.002956785261631,0.0403785109519958,0.0130485948175191,0.0278858821839094,-0.0439110063016414,-0.017208382487297,-0.0263319239020347,0.003196882084012,0.0018868356710299,-0.0113779613748192,0.0043942052870988,0.0843042880296707,-0.0262500047683715,-0.0337748490273952,0.0064185098744928,-0.0497168004512786,0.0025510180275887,-0.0245549753308296,-0.0438931621611118,-0.0423280000686645,-0.0106453662738204,-0.0362605899572372,0.0215198174118995,-0.0438786298036575,0.0032916518393903,-0.0294427629560232,-0.0131233474239707,0.0015798150561749,-0.0325797721743583,0.025931904092431,0.0075601139105856,0.0037960787303745,-0.0115961851552128,-0.0499742068350315,-0.0075914189219474,-0.0419546104967594,0.0132127664983272,-0.0141118746250867,0.0082360934466123,-0.0481704920530319,-0.0319945067167282,0.0023212272208184,0.009845245629549,-0.0164382979273796,0.0236768908798694,0.0027472283691167,0.0142857171595096,0.0018349044257774,0.006036227568984,-0.0027448020409792,0.009333356283605,-0.0036463045980781,0.0145309977233409,-0.0045372219756245,0.0162760429084301,0.0124024096876382,-0.0249839462339878,-0.010454524308443,0.0006569825927726,-0.011235955171287,-0.021667756140232,-0.0163572430610656,0.0187919922173023,-0.002205524360761,-0.0191040821373462,-0.0365491099655628,-0.0188046116381883,-0.0067538982257246,-0.0006844131276011,0.0102345319464802,0.0159405507147312,-0.0070845265872776,-0.0632306325834359,-0.0495566389844532,-0.0818277892524326,-0.0871743432983644,-0.0425079292223523,-0.0751269762170045,-0.0998936845844317,-0.0685071688908641,-0.1535600097495526,0.1517066787446142,-0.2242295063047559,-0.2230277743046633,2019-02-12,2019-02-13,2019-02-14,2019-02-15,2019-02-19,2019-02-20,2019-02-21,2019-02-22,2019-02-25,2019-02-26,75652.0,2019-02-11,252.0,3.2931%,0.0003,1.325,0.8271,0.8094,2.2406%,2.6082%,26.1973%,0.024306,TEVA,75652.0,2019-02-12,252.0,1.5941%,0.0003,1.334,0.8147,0.8162,2.2382%,2.6100%,26.4580%,-0.000969,TEVA,75652.0,2019-02-13,252.0,-7.7929%,-0.0001,1.3108,0.8202,0.797,2.2939%,2.6469%,24.8950%,-0.082824,TEVA,75652.0,2019-02-14,252.0,-1.9852%,0.0,1.3175,0.8126,0.8006,2.2811%,2.6384%,25.2507%,-0.016842,TEVA,75652.0,2019-02-15,252.0,4.0509%,0.0,1.3159,0.8132,0.8007,2.2818%,2.6363%,25.0912%,0.0196469999999999,TEVA,75652.0,2019-02-19,252.0,0.2225%,-0.0002,1.2938,0.8396,0.8323,2.2423%,2.5916%,25.1390%,-0.0051359999999999,TEVA,75652.0,2019-02-20,252.0,-3.4406%,-0.0004,1.2818,0.8132,0.7898,2.2586%,2.6004%,24.5589%,-0.043389,TEVA,75652.0,2019-02-21,252.0,-0.8621%,-0.0003,1.2709,0.7907,0.7698,2.2501%,2.5862%,24.3053%,-0.001592,TEVA,75652.0,2019-02-22,252.0,0.0000%,-0.0003,1.2712,0.7861,0.7694,2.2500%,2.5860%,24.2958%,-0.001394,TEVA,75652.0,2019-02-25,252.0,2.0290%,-0.0002,1.2698,0.7738,0.7576,2.2531%,2.5876%,24.1871%,0.021712,TEVA,75652.0,2019-02-26,252.0,-3.7500%,-0.0003,1.2774,0.8051,0.7793,2.2598%,2.5971%,24.2930%,-0.028116,TEVA,0.023337,-0.059487,-0.076329,-0.061818,-0.114597
25371,TOLL BROTHERS INC,"Analyst: Toll Brothers Holds 'Strong And Flexible Position,' Can Navigate Economic Challenges",6,increase,0.8,0.6,"the positive assessment of toll brothers' strong and flexible position suggests resilience against economic challenges, likely boosting investor confidence and stock price.",2,2019-02-11,TOL,2019-02-11 19:28:00+00:00,70228.0,88947810,-0.0110040642321109,1590060.0,0.0420027337968349,-0.0084561202675104,-0.0224239230155944,0.0093612382188439,0.0024576776195317,-0.0265344846993684,0.0038136581424623,0.0127579048275947,0.0065129357390105,-0.0035163934808224,-0.0097061367705464,0.0008121980354189,0.0155186410993337,0.0341544598340988,0.0101876966655254,0.0159272290766239,-0.0098195048049092,0.0086058303713798,-0.0010721231810748,-0.0034305013250559,-0.0252213198691606,-0.0124223222956061,-0.0200936775654554,0.0169393140822649,-0.0039325673133134,0.0098579339683055,0.0115623194724321,-0.0131616331636905,-0.0234179031103849,-0.006820058915764,-0.0059948354028165,-0.0162147562950849,0.0198161583393812,-0.009415678679943,0.0022529382258653,0.0114845894277095,0.0221972726285457,-0.0055710515007376,-0.007421672809869,-0.0066407821141183,-0.0105234300717711,-0.0016524919774383,0.0117548834532499,0.0365401841700077,-0.0060857874341309,-0.0084914527833461,0.0019482241477817,0.0123209254816174,-0.019444465637207,0.0512048415839672,-0.0118979653343558,-0.0077704223804175,0.0246559791266918,0.016094708815217,-0.0078344317153096,-0.0081325434148311,0.0282007902860641,0.0134310889989137,-0.0002742271462921,-0.0015240185894072,0.0194787122309207,0.0519397519528865,-0.0201829932630062,0.0016056887106969,-0.0057676210999488,-0.0394817665219306,-0.0002763021038845,0.0137585559859871,-0.0049737584777176,-0.0105198072269558,0.0144404461607337,0.0112640997394919,0.0191623531281948,-0.0080695878714323,0.0115498341619968,-0.0128675913438201,0.0053106946870684,-0.0085054310038685,-0.0161120072007179,0.0322984866797924,0.0053691482171416,-0.0068514859303832,0.0080106444656848,-0.0310802292078733,-0.0039850613102316,-0.0018072702223435,0.0032008248381316,0.0063655371777713,0.0194097198545932,-0.0161048956215381,0.0099113471806049,0.0169850625097751,0.0129132224246859,-0.019041933119297,-0.0260071493685245,0.0008933524950407,0.0107329804450273,0.0148081500083208,-0.0059569939039647,0.0009074040572158,-0.0213652867823839,0.0141105186194181,-0.0034611572045832,0.0009210555581375,0.0040075215511024,0.0280934143811464,0.0138370571658015,0.0196331068873405,0.0015748392324894,0.0223757922649383,0.0036687471438199,0.0150300217792391,0.0167101677507162,-0.0593779273331165,-0.0059065110981464,-0.0154655696824193,-0.0183414909988641,0.0109444120898842,-0.0097368136048316,-0.0123533513396978,0.0420027337968349,-0.0084561202675104,0.0186369447121357,0.0008259581951022,0.021140425933583,-0.0257304428793565,0.0317106916067992,-0.0167704272114497,0.0367176534608075,0.0391652068366616,0.0139082047590102,0.1112659603040528,0.049790570821214,0.1260233591683637,2019-02-12,2019-02-13,2019-02-14,2019-02-15,2019-02-19,2019-02-20,2019-02-21,2019-02-22,2019-02-25,2019-02-26,70228.0,2019-02-11,252.0,-1.1004%,-0.0007,0.8591,0.8608,0.4159,1.9497%,2.1650%,18.8962%,-0.0189599999999999,TOL,70228.0,2019-02-12,252.0,4.2003%,-0.0006,0.8691,0.8709,0.4193,1.9585%,2.1784%,19.1735%,0.030754,TOL,70228.0,2019-02-13,252.0,-2.2424%,-0.0007,0.8601,0.8761,0.4141,1.9635%,2.1799%,18.8642%,-0.025774,TOL,70228.0,2019-02-14,252.0,0.2458%,-0.0007,0.8591,0.8774,0.4131,1.9634%,2.1795%,18.8497%,0.00201,TOL,70228.0,2019-02-15,252.0,0.3814%,-0.0008,0.8503,0.8684,0.3974,1.9642%,2.1759%,18.5155%,-0.010171,TOL,70228.0,2019-02-19,252.0,0.6513%,-0.0008,0.8518,0.8679,0.3967,1.9641%,2.1763%,18.5535%,0.001087,TOL,70228.0,2019-02-20,252.0,-0.9706%,-0.0009,0.8471,0.8543,0.379,1.9657%,2.1760%,18.3890%,-0.015516,TOL,70228.0,2019-02-21,252.0,1.5519%,-0.0008,0.8436,0.8519,0.3725,1.9700%,2.1781%,18.1952%,0.020022,TOL,70228.0,2019-02-22,252.0,1.0188%,-0.0007,0.8424,0.8606,0.3664,1.9701%,2.1791%,18.2664%,0.005395,TOL,70228.0,2019-02-25,252.0,-0.9820%,-0.0007,0.8416,0.8634,0.3647,1.9700%,2.1792%,18.2746%,-0.008286,TOL,70228.0,2019-02-26,252.0,-0.1072%,-0.0007,0.8411,0.8533,0.3591,1.9706%,2.1787%,18.1925%,0.006904,TOL,0.011794,-0.0139799999999999,-0.0119699999999999,-0.0210539999999999,-0.0125349999999999
25379,TRIMBLE INC,Infrastructure Business Segment Leads Trimble Revenue,6,increase,0.75,0.6,"the news highlights strong performance in the infrastructure business segment, which is likely to positively influence investor sentiment and drive up trimble inc's stock price.",2,2019-02-11,TRMB,2019-02-11 17:00:00+00:00,76230.0,89623910,0.0112624494358897,844369.0,0.009582981467247,-0.003133131423965,0.0007695941603742,-0.0144107397645711,-0.0051268124952912,0.0135628702118992,0.0103065622970461,0.0100105656310915,0.0045906733721494,0.0013188930461183,0.0149784246459603,0.0066383429802954,-0.0015007847687229,0.0115498341619968,0.0020040539093315,0.0273178201168775,0.0137499812990427,0.0111607564613223,-0.0113439969718456,-0.0370768681168556,0.003242730628699,0.0138927306979894,-0.0052213547751307,0.0285794474184513,0.0114971986040473,0.0036557156126946,-0.0054361554794013,-0.0281497333198785,-0.0064595858566462,0.026079649105668,-0.0150038078427314,0.0139323770999908,-0.0258949100971221,0.0045701186172664,-0.0059942547231912,-0.0096181090921163,0.016255872324109,0.0039761257357895,0.0036120540462434,-0.0025495793670415,0.0174807272851467,0.0279557108879089,0.0050529795698821,0.0214158613234758,-0.0005027767037972,0.0287637282162904,0.0098089342936873,0.0180685929954052,0.0042340764775872,0.037827294319868,-0.0022321466822177,-0.0474284216761589,0.0136713711544871,-0.0133697548881173,-0.0331044271588325,0.030369421467185,0.0005072396015748,-0.0040536066517233,0.0172370169311761,0.0187420640140771,-0.0069773881696164,0.0437665693461895,0.0110414670780301,-0.0111475456506013,0.0027302210219204,-0.0354206450283527,0.0143563859164714,-0.0264777932316064,-0.0070766452699899,-0.0181379150599241,0.0039321663789451,-0.0140088647603988,-0.0070990724489092,-0.0300665199756622,-0.0014793237205594,-0.0091664195060729,0.0083950655534863,-0.009364410303533,-0.0195886194705963,0.0037026791833341,0.0049950238317251,-0.0151472901925444,0.0114313885569572,0.0045083076693117,0.0071253296919167,-0.0387323014438152,-0.0014638050924986,-0.0037777442485094,0.0100170988589525,-0.055555559694767,-0.0079826274886727,0.0318170636892318,0.0031699847895652,0.0168448463082313,-0.0145843094214797,-0.0095338141545653,0.0140601797029376,0.0227519012987613,-0.0009730215533636,-0.0069930641911923,-0.018748490139842,0.0217092856764793,0.0081886313855648,0.0091513590887188,-0.0044302311725914,0.0157746858894825,0.0091470684856176,0.0151558127254247,-0.0088192215189337,-0.0160382576286792,0.0410281717777252,-0.0055959918536245,0.0292022693902254,0.0078962948173284,-0.0106112826615572,-0.0128062115982174,-0.005595660302788,0.0002784272364806,-0.0107855303213,-0.0244499184191227,0.009582981467247,-0.003133131423965,0.0103599506341973,-0.0174987204469373,0.0051800246145441,-0.0041731831093342,0.0202019874802914,0.0071221434297097,0.0383320253789989,0.0257925583868017,0.0393680505182181,0.2128335761168724,0.0927220394592494,0.0372181222741829,2019-02-12,2019-02-13,2019-02-14,2019-02-15,2019-02-19,2019-02-20,2019-02-21,2019-02-22,2019-02-25,2019-02-26,76230.0,2019-02-11,252.0,1.1262%,-0.0005,1.1884,0.2153,-0.5925,1.4806%,2.0858%,49.6141%,0.009481,TRMB,76230.0,2019-02-12,252.0,0.9583%,-0.0003,1.2117,0.1803,-0.5744,1.4523%,2.0765%,51.0859%,-0.00773,TRMB,76230.0,2019-02-13,252.0,0.0770%,-0.0005,1.1958,0.2062,-0.5703,1.4365%,2.0519%,50.9892%,-0.002429,TRMB,76230.0,2019-02-14,252.0,-0.5127%,-0.0004,1.1989,0.2035,-0.5699,1.4297%,2.0489%,51.3102%,-0.007096,TRMB,76230.0,2019-02-15,252.0,1.0307%,-0.0004,1.1958,0.2006,-0.575,1.4295%,2.0465%,51.2051%,-0.001114,TRMB,76230.0,2019-02-19,252.0,0.4591%,-0.0003,1.2036,0.193,-0.5843,1.4226%,2.0464%,51.6731%,0.003362,TRMB,76230.0,2019-02-20,252.0,1.4978%,-0.0002,1.2088,0.2081,-0.565,1.4250%,2.0478%,51.5754%,0.01538,TRMB,76230.0,2019-02-21,252.0,-0.1501%,-0.0002,1.2062,0.2033,-0.5697,1.4246%,2.0461%,51.5264%,0.001718,TRMB,76230.0,2019-02-22,252.0,0.2004%,-0.0002,1.2078,0.2168,-0.5387,1.4256%,2.0431%,51.3148%,-0.015429,TRMB,76230.0,2019-02-25,252.0,1.3750%,-0.0001,1.2071,0.2104,-0.5444,1.4271%,2.0447%,51.2883%,0.011432,TRMB,76230.0,2019-02-26,252.0,-1.1344%,-0.0001,1.2126,0.2188,-0.536,1.4280%,2.0446%,51.2206%,-0.009962,TRMB,0.001751,-0.000678,-0.007774,-0.005526,-0.002387
25387,TAIWAN SEMICONDUCTOR MFG CO LTD,Taiwan Semiconductor to Remain Sole iPhone Chip Supplier,6,increase,0.8,0.7,"being the sole supplier of iphone chips positions taiwan semiconductor mfg co ltd favorably in terms of revenue stability and growth potential, likely leading to an increase in stock price.",2,2019-02-11,TSM,2019-02-11 09:25:00+00:00,85442.0,87403910,0.0132310129702091,8860663.0,0.0091407280415296,-0.0086568212136626,-0.0131987147033214,-0.0160042010247707,-0.0018358167726546,0.0128105012699961,0.0007881970377638,0.0081708328798413,0.0097138071432709,0.0098482547327876,0.0140405856072902,-0.0013290600618347,-0.000512832251843,0.0064204884693026,0.010518210940063,0.0289017111063003,0.0048236213624477,-0.0296473521739244,0.0005052209016866,-0.0183534547686576,-0.0037878211587667,0.0132837407290935,-0.0101394550874829,0.0315154194831848,0.008706790395081,0.0032994982320815,-0.0060928626917302,-0.0127579048275947,-0.0033205891959369,0.0151556693017482,-0.0058944011107087,0.0182379782199859,-0.0041247704066336,-0.0110988216474652,-0.011131253093481,0.0078300507739186,0.0115182884037494,-0.0232177618891,0.0067288340069353,0.0052169812843203,0.0079690888524055,0.0227463506162166,-0.0099464273080229,0.019175786525011,0.02138077840209,-0.0082316473126411,0.0050440588966012,0.0074348961934447,-0.0022584730759263,0.0177532192319631,0.002263585338369,-0.0591456703841686,0.0298620443791151,-0.0105662252753973,-0.0148635618388652,-0.0061927717179059,-0.0126144476234912,0.0097879450768232,0.0120241325348615,0.00054408214055,-0.0049505135975778,0.041654784232378,0.0034825718030333,-0.0117613608017563,0.0153693342581391,-0.0047380705364048,0.0100097618997097,-0.0096604600548744,-0.0024171737022697,-0.0144178131595253,0.0125999627634882,0.0149088092148304,0.0059822923503816,-0.008486108854413,0.0045194723643362,-0.0214305650442838,0.003788772271946,-0.0013375933049246,-0.0042462917044758,0.0185286179184913,0.0037905673962086,0.0074114864692091,-0.0063724443316459,-0.0024644071236252,0.0114015052095055,-0.0092240953817963,0.000704527425114,-0.0154914008453488,0.009387413971126,-0.0333075374364852,0.0320855863392353,0.0303271990269422,0.022752920165658,-0.0089638847857713,-0.0055066077038645,-0.0021046572364866,0.0059799919836223,0.0328804105520248,-0.0002201303868787,-0.0010858011664822,-0.0204800777137279,0.0244716648012399,-0.0121403085067868,-0.0058058914728462,-0.0025033408310264,0.0148708978667855,-0.0002282029599882,-0.0113730886951088,0.0,-0.0222402960062027,0.0132360076531767,-0.0428349301218986,0.0069819269701838,0.0179704092442989,-0.021248061209917,0.0117646688595414,0.0,0.0091743152588605,-0.0013710594503208,-0.0265300329774618,0.0091407280415296,-0.0086568212136626,-0.0041786325233925,-0.0245224767314944,-0.006006778092374,-0.0120261206808105,0.0044397532837761,0.005855767929997,0.0342125234197205,-0.0091766790968973,0.0551057861436117,0.0280196555927905,0.1412901446624621,-0.0073548452807921,2019-02-12,2019-02-13,2019-02-14,2019-02-15,2019-02-19,2019-02-20,2019-02-21,2019-02-22,2019-02-25,2019-02-26,85442.0,2019-02-11,252.0,1.3231%,-0.0003,1.0136,-0.0288,-0.2388,1.2409%,1.6893%,46.0394%,0.012559,TSM,85442.0,2019-02-12,252.0,0.9141%,-0.0004,1.0027,-0.0183,-0.2462,1.2379%,1.6813%,45.7868%,-0.0051449999999999,TSM,85442.0,2019-02-13,252.0,-1.3199%,-0.0005,0.9951,-0.0117,-0.2488,1.2396%,1.6755%,45.2668%,-0.015923,TSM,85442.0,2019-02-14,252.0,-0.1836%,-0.0005,0.9957,-0.0118,-0.2494,1.2389%,1.6754%,45.3241%,-0.001228,TSM,85442.0,2019-02-15,252.0,0.0788%,-0.0006,0.9879,-0.0198,-0.2634,1.2400%,1.6724%,45.0259%,-0.009336,TSM,85442.0,2019-02-19,252.0,0.9714%,-0.0005,0.9904,-0.0152,-0.2584,1.2413%,1.6721%,44.8946%,0.008584,TSM,85442.0,2019-02-20,252.0,1.4041%,-0.0004,0.9944,-0.0064,-0.2444,1.2444%,1.6745%,44.7759%,0.0135129999999999,TSM,85442.0,2019-02-21,252.0,-0.0513%,-0.0005,0.998,0.0017,-0.2378,1.2422%,1.6740%,44.9375%,0.0025,TSM,85442.0,2019-02-22,252.0,1.0518%,-0.0004,0.9971,0.0212,-0.2304,1.2389%,1.6709%,45.0240%,0.000427,TSM,85442.0,2019-02-25,252.0,0.4824%,-0.0004,0.9957,0.0181,-0.2374,1.2366%,1.6696%,45.1405%,0.002868,TSM,85442.0,2019-02-26,252.0,0.0505%,-0.0004,0.983,0.028,-0.2419,1.2299%,1.6543%,44.7277%,0.001331,TSM,0.007414,-0.008509,-0.0097369999999999,-0.0104889999999999,0.01015
25395,TEXAS ROADHOUSE INC,Texas Roadhouse Option Alert: Mar 15 $75 Calls Sweep (13) near the Ask: 564 @ $0.401 vs 1218 OI; Earnings 2/19 After Close Ref=$64.13,6,increase,0.7,0.6,"the purchase of call options suggests bullish sentiment among investors, indicating they expect the stock price to rise, especially ahead of the upcoming earnings report.",2,2019-02-11,TXRH,2019-02-11 18:42:00+00:00,90427.0,88268110,0.0178116876631975,881582.0,0.0068750381469726,-0.0071056489832699,0.0026380843482911,0.0012648510746657,0.014239253476262,0.0089328661561012,0.0007630558684468,0.0145654268562793,-0.0003050361701752,0.0166173446923494,-0.0427089594304561,-0.0009862158913165,0.0129063315689563,-0.0144176157191395,-0.0144722070544958,-0.005317464005202,-0.0020750369876623,-0.0177271123975515,0.0167946126312017,0.0063714804127812,-0.0072361035272479,-0.0257604531943798,0.0031690818723291,-0.0089202439412474,-0.0036329100839793,-0.0148485358804464,-0.0147431874647736,-0.0149253727868199,-0.0022526660468429,0.0090361209586262,-0.0179002881050109,0.010654560290277,-0.0075534135103225,-0.0072529972530901,-0.0104235149919986,0.0022717178799211,-0.0016719994600862,-0.0141834057867527,0.0056942040100693,0.0411938652396202,-0.0003347356978338,0.0194929223507642,-0.0097103305160999,-0.0168277006596326,0.0094674136489629,0.0375040359795093,0.0184224136173725,0.0341023206710815,-0.0055911880917847,0.029958639293909,-0.0067802187986671,-0.0209035370498895,0.0154845202341675,-0.0063651767559349,-0.0063945432193577,0.0075949495658278,0.0072607663460075,0.0088540855795145,0.0052424590103328,-0.00474493810907,-0.0016297635156661,0.038725521415472,0.0093046613037586,-0.0164473168551921,0.0058223642408847,-0.0354041866958141,0.0030551929958164,-0.009756906889379,-0.0012824916047975,-0.0257773231714963,-0.0030497373081743,0.0198003444820642,-0.0028980888891965,-0.0156250186264514,0.0146940071135759,-0.0124085070565342,-0.0097072022035717,-0.0039613372646272,-0.0165514834225177,0.0210321824997663,0.0026143766008317,-0.0316465683281421,-0.006681874860078,0.0050386320799589,0.0237900037318468,-0.0217190366238355,-0.0200320500880479,0.0023159107659012,-0.011610840447247,-0.0227821692824363,-0.0215089228004217,0.0037861578166484,0.0120053952559828,-0.0042225727811455,0.0063492241315543,-0.0108890710398554,-0.0086335791274905,0.0356866605579853,0.0080388467758893,0.020495081320405,0.0093038938939571,-0.0162841659039259,-0.0019752911757677,0.0046744011342525,0.0075869876891374,0.0053258170373737,-0.1158946081995964,-0.0054525979794561,-0.0301795471459627,0.0164687391370534,0.0143184419721365,-0.0254629850387573,0.029926598072052,-0.0075049451552331,0.0034721971023827,0.0127190891653299,0.0078310016542673,-0.0188707634806633,-0.0166245382279157,0.0081313094124197,0.0068750381469726,-0.0071056489832699,0.0095312594257932,-0.0058497854963568,0.0239062309209672,0.0030308253088635,0.0243749618198665,0.0345508786864388,-0.0067187570610803,0.0015929009373065,-0.0364361858171919,0.0655821496808708,-0.1454181768931441,-0.0314013038047882,2019-02-12,2019-02-13,2019-02-14,2019-02-15,2019-02-19,2019-02-20,2019-02-21,2019-02-22,2019-02-25,2019-02-26,90427.0,2019-02-11,252.0,1.7812%,0.0006,0.6458,0.4319,0.0898,1.4783%,1.6399%,18.7395%,0.01395,TXRH,90427.0,2019-02-12,252.0,0.6875%,0.0006,0.6521,0.4221,0.0948,1.4761%,1.6398%,18.9697%,-0.001942,TXRH,90427.0,2019-02-13,252.0,0.2638%,0.0005,0.6405,0.4416,0.0982,1.4674%,1.6276%,18.7133%,0.000393,TXRH,90427.0,2019-02-14,252.0,1.4239%,0.0006,0.6374,0.4488,0.0901,1.4698%,1.6298%,18.6753%,0.0137569999999999,TXRH,90427.0,2019-02-15,252.0,0.0763%,0.0005,0.6258,0.4374,0.07,1.4701%,1.6258%,18.2377%,-0.008095,TXRH,90427.0,2019-02-19,252.0,-0.0305%,0.0004,0.6181,0.445,0.0792,1.4635%,1.6158%,17.9565%,-0.003073,TXRH,90427.0,2019-02-20,252.0,-4.2709%,0.0003,0.6076,0.432,0.0446,1.4843%,1.6330%,17.3841%,-0.0453979999999999,TXRH,90427.0,2019-02-21,252.0,1.2906%,0.0004,0.5992,0.4183,0.0291,1.4849%,1.6304%,17.0588%,0.015459,TXRH,90427.0,2019-02-22,252.0,-1.4472%,0.0004,0.602,0.4213,0.0644,1.4901%,1.6329%,16.7316%,-0.0203399999999999,TXRH,90427.0,2019-02-25,252.0,-0.2075%,0.0004,0.6014,0.4219,0.0627,1.4898%,1.6327%,16.7370%,-0.001867,TXRH,90427.0,2019-02-26,252.0,1.6795%,0.0004,0.5929,0.4021,0.0463,1.4945%,1.6333%,16.2722%,0.020564,TXRH,0.012008,0.012401,0.026158,0.01499,-0.0165919999999999
25403,UNDER ARMOUR INC,Under Armour Q4 Earnings Preview,6,uncertain,0.5,0.5,the impact on under armour's stock price is uncertain as it depends on the actual earnings results and market expectations.,1,2019-02-11,UA,2019-02-11 18:38:00+00:00,15980.0,90431120,0.0057772425934672,2392094.0,0.0449086502194404,0.0220076106488704,-0.0064968047663569,-0.0158479213714599,-0.0050301044248044,-0.0089005278423428,-0.0374115146696567,0.0089804586023092,0.0183822717517614,0.0037115425802767,-0.0108302775770425,-0.0042238608002662,0.0119916340336203,-0.003682256443426,0.0128799593076109,0.004226092249155,-0.001525975880213,-0.0227155666798353,-0.013244948349893,-0.0061569488607347,0.0366545729339122,0.0334039852023124,0.0,0.0250000543892383,0.016434259712696,-0.0102205770090222,-0.0274375043809413,0.0021563835907727,-0.0010075797326862,0.022038547322154,-0.0201714374125003,0.0213843081146478,-0.0036026604939252,-0.0083705140277743,-0.0129132224246859,0.0022371876984834,0.0303505975753068,0.0011197396088391,0.0,0.0176638960838317,0.0005078836111351,-0.0039728488773107,0.010152225382626,0.0220418255776166,-0.0050251446664333,0.0075978464446961,0.0025253104977309,0.0307229049503803,-0.0060453820042312,0.040100272744894,-0.0369994714856147,-0.0297872759401798,0.0147368786856532,0.0173160601407289,-0.0451245233416557,0.0112570552155375,0.0092341164126992,-0.0160000137984752,0.0005382254603318,0.0012323141563683,0.0069929617457091,0.0684660971164703,0.012286402285099,-0.0142764616757631,-0.0042216316796839,-0.0416666716337204,-0.001589861465618,-0.0336538143455982,0.0100849540904164,-0.0436781756579875,0.0057802782393991,0.0223266240209341,0.0329154171049594,-0.0400450713932514,-0.0065756733529269,-0.0044918544590473,-0.0071282787248492,-0.0631247088313102,-0.0405128672719001,-0.0891231670975685,0.032602921128273,-0.006663464475423,0.0010352204553782,-0.0480289757251739,0.0180972274392843,-0.0225863698869943,0.0040629720315337,0.0277651622891426,-0.013657079078257,-0.0248558074235916,0.0082051204517483,0.0089565953239798,0.0040691723115742,0.0266666635870933,-0.0101316543295979,0.0083449380472302,0.0204708091914653,0.0573529452085495,0.0180540960282087,-0.0125847160816192,-0.0098521606996655,0.0288844592869281,0.0149253346025943,0.0024962173774838,0.0078431302681565,0.0335398130118846,0.0077820941805839,-0.002059779362753,-0.050193004310131,-0.0390895120799541,0.0360771901905536,-0.0330143794417381,-0.0073565286584198,-0.0023866894189268,-0.0187746621668338,-0.0075793387368321,-0.0176233816891908,0.013928959146142,0.0148641215637326,0.0038572768680751,0.0449086502194404,0.0220076106488704,0.0381200827202872,0.0058109143942735,0.0328982302987175,-0.003141333653425,0.012532625938731,0.009544024368304,0.0114883160684924,-0.0230887055709271,-0.0292427873588908,0.1731362614458493,0.0339425478918906,-0.0819671491757071,2019-02-12,2019-02-13,2019-02-14,2019-02-15,2019-02-19,2019-02-20,2019-02-21,2019-02-22,2019-02-25,2019-02-26,15980.0,2019-02-11,252.0,0.5777%,0.002,1.3742,1.4057,0.2859,2.7623%,3.1880%,24.9253%,-0.00638,UA,15980.0,2019-02-12,252.0,4.4909%,0.002,1.3696,1.4294,0.2793,2.7601%,3.1891%,25.0935%,0.026324,UA,15980.0,2019-02-13,252.0,-0.6497%,0.0017,1.347,1.4621,0.2818,2.7469%,3.1703%,24.9274%,-0.011485,UA,15980.0,2019-02-14,252.0,-0.5030%,0.0011,1.3391,1.4512,0.311,2.5698%,3.0090%,27.0577%,-0.00827,UA,15980.0,2019-02-15,252.0,-3.7412%,0.0007,1.276,1.3881,0.2001,2.5889%,2.9993%,25.4935%,-0.0577639999999999,UA,15980.0,2019-02-19,252.0,1.8382%,0.0007,1.2744,1.3997,0.2133,2.5887%,2.9976%,25.4196%,0.0112319999999999,UA,15980.0,2019-02-20,252.0,-1.0830%,0.0009,1.2743,1.4224,0.2189,2.5699%,2.9838%,25.8146%,-0.0176039999999999,UA,15980.0,2019-02-21,252.0,1.1992%,0.001,1.2663,1.4101,0.2042,2.5713%,2.9804%,25.5711%,0.018106,UA,15980.0,2019-02-22,252.0,1.2880%,0.001,1.2658,1.4276,0.2141,2.5700%,2.9810%,25.6744%,-0.000205,UA,15980.0,2019-02-25,252.0,-0.1526%,0.0011,1.263,1.425,0.2024,2.5655%,2.9771%,25.7380%,0.000572,UA,15980.0,2019-02-26,252.0,-1.3245%,0.0011,1.2593,1.4323,0.2033,2.5652%,2.9757%,25.6884%,-0.0015359999999999,UA,0.019944,0.008459,0.0001889999999999,-0.0463429999999999,-0.0470099999999999
25411,VALE S A,Internal Report Obtained By Reuters Indicates Vale Knew In October That Failed Brumadinho Dam Was At Heightened Risk Of Rupture; Vale Classified Risk Of Brumadinho Dam Break As Twice Its 'Maximum Level Of Individual Risk' For Dams,6,decrease,0.85,0.7,"the revelation that vale was aware of the heightened risk of the brumadinho dam's failure is likely to lead to negative investor sentiment and potential legal repercussions, which would decrease the stock price.",0,2019-02-11,VALE,2019-02-11 20:00:00+00:00,89330.0,91912E10,-0.0149253793060779,39647275.0,0.0561497397720813,0.0196956377476453,0.0126581955701112,-0.0167253147810697,0.011666695587337,-0.0619322881102562,0.0156507063657045,-0.003292178036645,-0.0113544482737779,-0.0334128960967063,0.0032813751604408,0.0104501703754067,-0.0163532141596078,-0.011914262548089,0.039069015532732,0.0966899544000625,0.0040000150911509,0.024999976158142,-0.0023904170375317,-0.1800878494977951,-0.002396220806986,-0.0807536914944648,-0.0008006588323041,0.007457603700459,-0.0072114747017621,0.0207612589001655,0.002421285957098,-0.0109513932839036,0.0193236526101827,0.0096751479431986,-0.0134281264618039,0.0255138631910085,0.0088070947676897,0.0035561334807425,-0.0007936689071357,-0.0049539767205715,0.0317712165415287,0.001417466904968,0.0046189702115952,-0.0201388876885175,0.0176244862377643,-0.0075810207054018,-0.0097891651093959,0.032005675137043,0.003802296007052,0.0166305489838123,0.0060606002807617,-0.0135521059855818,0.0316265113651752,0.0927514061331749,-0.0153284696862101,-0.0475130155682563,-0.0022238497622311,0.0212282557040453,-0.0475483164191246,0.013056768104434,0.0031201220117509,0.0023095216602087,0.012441742233932,-0.0061208819970488,-0.0268817488104105,0.0373015329241752,-0.0031570608261972,-0.023255756124854,0.0340459458529949,-0.0030911872163414,0.0398161932826042,0.01649646833539,-0.0081001222133636,-0.0348749086260795,-0.0096510844305157,0.012279343791306,0.0097451359033584,0.0054012108594179,-0.0059391180984675,-0.006134963594377,0.0321134701371192,0.0015360601246356,-0.0180897247046232,0.0007686570752412,-0.0007368662627413,0.0116641195490956,-0.0117994686588645,-0.0213090311735868,-0.011940287426114,-0.0288247894495725,0.0030211452394723,-0.0051471064798533,0.0218373462557792,-0.0340908765792846,-0.0221075341105461,0.0277372356504201,0.003767839865759,0.0170749463140964,-0.0195194650441408,-0.0036982388701289,0.0084226382896304,0.0488751046359539,-0.0463173612952232,0.010980418883264,0.0095541309565305,-0.0384615547955036,0.011040961369872,-0.0759581997990608,-0.0031201220117509,0.0199005473405122,0.0,-0.0441576465964317,-0.0312988758087158,-0.0167000666260719,-0.0016155458288267,0.0026791668497025,0.0347896702587604,0.02752928994596,-0.0211102031171321,-0.0047945650294423,-0.002396220806986,0.0096819046884775,-0.0048038004897534,-0.0095890639349818,0.0561497397720813,0.0196956377476453,0.0695186897294384,0.0026409072254323,0.0819964387074794,-0.0594549383119817,0.0864526983385527,-0.0938742534390468,0.115864539065301,-0.1661785836513879,0.1604278183257488,-0.1285385882097424,0.1078431406875206,-0.2198630085162385,2019-02-12,2019-02-13,2019-02-14,2019-02-15,2019-02-19,2019-02-20,2019-02-21,2019-02-22,2019-02-25,2019-02-26,89330.0,2019-02-11,252.0,-1.4925%,-0.0001,1.2574,-0.2246,0.2798,2.4188%,2.7388%,21.9994%,-0.01622,VALE,89330.0,2019-02-12,252.0,5.6150%,-0.0,1.2632,-0.2031,0.2789,2.4262%,2.7472%,22.0044%,0.039469,VALE,89330.0,2019-02-13,252.0,1.2658%,0.0,1.2668,-0.2056,0.2806,2.4267%,2.7473%,21.9775%,0.008948,VALE,89330.0,2019-02-14,252.0,1.1667%,0.0,1.262,-0.1969,0.2724,2.4278%,2.7466%,21.8649%,0.0169239999999999,VALE,89330.0,2019-02-15,252.0,1.5651%,-0.0001,1.2332,-0.2227,0.2257,2.4175%,2.7264%,21.3732%,0.000474,VALE,89330.0,2019-02-19,252.0,-1.1354%,-0.0002,1.2318,-0.2331,0.2141,2.4189%,2.7267%,21.3019%,-0.013829,VALE,89330.0,2019-02-20,252.0,0.3281%,-0.0002,1.232,-0.2326,0.2146,2.4189%,2.7267%,21.3064%,0.000176,VALE,89330.0,2019-02-21,252.0,-1.6353%,-0.0002,1.2337,-0.2316,0.2179,2.4199%,2.7280%,21.3117%,-0.011564,VALE,89330.0,2019-02-22,252.0,3.9069%,-0.0,1.2277,-0.2017,0.1734,2.4279%,2.7352%,21.2123%,0.035427,VALE,89330.0,2019-02-25,252.0,0.4000%,-0.0001,1.2305,-0.1998,0.1848,2.4231%,2.7314%,21.2991%,0.0018459999999999,VALE,89330.0,2019-02-26,252.0,-0.2390%,-0.0001,1.233,-0.2006,0.1862,2.4230%,2.7296%,21.2048%,-0.0011899999999999,VALE,0.0232489999999999,0.0321969999999999,0.049121,0.035766,0.060461
25419,VEECO INSTRUMENTS INC DEL,"Veeco Sees Q1 Adj. EPS $(0.30)-$(0.10) vs $(0.11) Estimate, Sales $85M-$105M vs $98M Est.",6,decrease,0.75,0.6,"the adjusted eps guidance is worse than the estimate, which typically signals weaker financial performance and can lead to a decrease in stock price.",0,2019-02-11,VECO,2019-02-11 21:09:00+00:00,81116.0,92241710,0.0101102627813816,863989.0,0.0254777707159519,0.0177736710757017,0.001774578820914,-0.0201650112867355,0.0141718201339244,0.0440191440284252,0.0165939331054687,0.0125969108194112,0.0017181703587993,0.0207715183496475,0.0008576525724492,0.030580960214138,-0.0257069561630487,0.0010204315185546,0.0299032684415578,0.001021473784931,0.0170794036239385,0.0,-0.0386230088770389,0.0041025602258741,-0.0148471686989069,0.0655738115310669,0.0124113783240318,0.0879904627799987,0.015761848539114,-0.0105882529169321,0.0301723629236221,-0.0395480655133724,0.0167363863438367,0.0207612812519073,-0.101234532892704,-0.0023014389444142,-0.0265567731112241,0.0308421421796083,-0.0159924812614917,0.0305623468011617,0.0430210158228874,-0.0084848115220665,0.0009166112868115,-0.0060241194441914,-0.0045787720009684,0.0036275370512157,0.0239190645515918,0.0468354895710945,0.0494160093367099,-0.0025252501945942,-0.0077054924331605,0.0166880767792463,0.0060396627523005,0.0414438433945179,-0.0051457518711686,-0.0373230315744876,0.0327585488557815,0.0485830157995224,-0.0559264719486236,0.0027063575107604,-0.0335985943675041,-0.0013513822341337,-0.0128088146448135,0.0378681607544422,-0.0139017254114151,0.0594353787600994,-0.0150376688688993,0.03379413112998,0.0343512035906314,-0.0983378887176513,0.0405903682112693,0.0571010075509548,-0.0008864605915732,-0.1024967432022095,0.0488020591437816,0.031165312975645,0.0076142260804772,-0.0013531463919207,0.0134340766817331,-0.0415045619010925,-0.0091134766116738,-0.0178343784064054,-0.0133779132738709,0.0328947380185127,0.0211864411830902,0.0256410334259271,-0.0116182854399085,-0.0500000417232513,0.0083963377401232,-0.0334571897983551,-0.0083264261484146,-0.0638051256537437,0.0453400462865829,-0.0701187178492546,0.0265060178935527,0.058219201862812,-0.0101721528917551,0.0080553106963634,-0.0181817822158336,0.0092915128916502,0.0096618263050913,0.0411123558878898,0.003189789596945,0.0073082116432487,-0.0310016181319952,0.0405576899647712,0.0180476028472185,-0.007547162938863,-0.0072522284463047,-0.0197287127375602,-0.0113635873422026,-0.0049079707823693,-0.0106732435524463,-0.0133172646164894,0.0224065966904163,-0.0036187856458127,0.0438311658799648,0.0587484091520309,0.0085537023842334,0.0077220005914568,0.1102543845772743,0.0025806427001953,-0.0006943941116333,-0.0554539822041988,0.0254777707159519,0.0177736710757017,0.0272975618491826,-0.002749746488882,0.0418562381197284,0.0411483560528074,0.0609645219228114,0.0761622649443998,0.0418562407264526,0.1158974486379222,-0.0181983381569682,0.5259467002875076,0.3093722250504007,0.3260207598232403,2019-02-12,2019-02-13,2019-02-14,2019-02-15,2019-02-19,2019-02-20,2019-02-21,2019-02-22,2019-02-25,2019-02-26,81116.0,2019-02-11,252.0,1.0110%,-0.0006,1.7788,1.0638,1.0436,3.1124%,3.5905%,24.8598%,-0.002496,VECO,81116.0,2019-02-12,252.0,2.5478%,-0.0006,1.7778,1.0676,1.0424,3.1123%,3.5910%,24.8831%,0.002747,VECO,81116.0,2019-02-13,252.0,0.1775%,-0.0006,1.7844,1.0547,1.0391,3.1108%,3.5910%,24.9559%,-0.004674,VECO,81116.0,2019-02-14,252.0,1.4172%,-0.001,1.771,1.0602,1.0484,2.9925%,3.4821%,26.1437%,0.018361,VECO,81116.0,2019-02-15,252.0,1.6594%,-0.0013,1.7197,1.013,0.9636,2.9734%,3.4390%,25.2416%,-0.011201,VECO,81116.0,2019-02-19,252.0,0.1718%,-0.0013,1.7188,1.0086,0.9587,2.9737%,3.4382%,25.1955%,-0.007478,VECO,81116.0,2019-02-20,252.0,0.0858%,-0.0014,1.7168,1.0061,0.9522,2.9741%,3.4382%,25.1776%,-0.01,VECO,81116.0,2019-02-21,252.0,-2.5707%,-0.0014,1.7163,1.0016,0.9513,2.9748%,3.4372%,25.0982%,-0.01656,VECO,81116.0,2019-02-22,252.0,2.9903%,-0.0013,1.7121,1.0099,0.9085,2.9800%,3.4428%,25.0764%,0.027122,VECO,81116.0,2019-02-25,252.0,1.7079%,-0.0013,1.7138,1.0017,0.9105,2.9811%,3.4439%,25.0670%,0.018672,VECO,81116.0,2019-02-26,252.0,-3.8623%,-0.0013,1.7262,1.0249,0.9315,2.9844%,3.4515%,25.2317%,-0.026565,VECO,0.0002509999999999,-0.004423,0.013938,-0.0047409999999999,-0.0120719999999999
25427,VEECO INSTRUMENTS INC DEL,"Veeco Instruments Q4 EPS $(0.16), Inline, Sales $99M Beat $95.88M Estimate",6,uncertain,0.6,0.2,"while the sales beat expectations, the negative eps may lead to mixed reactions from investors, resulting in uncertainty about the stock's movement.",1,2019-02-11,VECO,2019-02-11 21:08:00+00:00,81116.0,92241710,0.0101102627813816,863989.0,0.0254777707159519,0.0177736710757017,0.001774578820914,-0.0201650112867355,0.0141718201339244,0.0440191440284252,0.0165939331054687,0.0125969108194112,0.0017181703587993,0.0207715183496475,0.0008576525724492,0.030580960214138,-0.0257069561630487,0.0010204315185546,0.0299032684415578,0.001021473784931,0.0170794036239385,0.0,-0.0386230088770389,0.0041025602258741,-0.0148471686989069,0.0655738115310669,0.0124113783240318,0.0879904627799987,0.015761848539114,-0.0105882529169321,0.0301723629236221,-0.0395480655133724,0.0167363863438367,0.0207612812519073,-0.101234532892704,-0.0023014389444142,-0.0265567731112241,0.0308421421796083,-0.0159924812614917,0.0305623468011617,0.0430210158228874,-0.0084848115220665,0.0009166112868115,-0.0060241194441914,-0.0045787720009684,0.0036275370512157,0.0239190645515918,0.0468354895710945,0.0494160093367099,-0.0025252501945942,-0.0077054924331605,0.0166880767792463,0.0060396627523005,0.0414438433945179,-0.0051457518711686,-0.0373230315744876,0.0327585488557815,0.0485830157995224,-0.0559264719486236,0.0027063575107604,-0.0335985943675041,-0.0013513822341337,-0.0128088146448135,0.0378681607544422,-0.0139017254114151,0.0594353787600994,-0.0150376688688993,0.03379413112998,0.0343512035906314,-0.0983378887176513,0.0405903682112693,0.0571010075509548,-0.0008864605915732,-0.1024967432022095,0.0488020591437816,0.031165312975645,0.0076142260804772,-0.0013531463919207,0.0134340766817331,-0.0415045619010925,-0.0091134766116738,-0.0178343784064054,-0.0133779132738709,0.0328947380185127,0.0211864411830902,0.0256410334259271,-0.0116182854399085,-0.0500000417232513,0.0083963377401232,-0.0334571897983551,-0.0083264261484146,-0.0638051256537437,0.0453400462865829,-0.0701187178492546,0.0265060178935527,0.058219201862812,-0.0101721528917551,0.0080553106963634,-0.0181817822158336,0.0092915128916502,0.0096618263050913,0.0411123558878898,0.003189789596945,0.0073082116432487,-0.0310016181319952,0.0405576899647712,0.0180476028472185,-0.007547162938863,-0.0072522284463047,-0.0197287127375602,-0.0113635873422026,-0.0049079707823693,-0.0106732435524463,-0.0133172646164894,0.0224065966904163,-0.0036187856458127,0.0438311658799648,0.0587484091520309,0.0085537023842334,0.0077220005914568,0.1102543845772743,0.0025806427001953,-0.0006943941116333,-0.0554539822041988,0.0254777707159519,0.0177736710757017,0.0272975618491826,-0.002749746488882,0.0418562381197284,0.0411483560528074,0.0609645219228114,0.0761622649443998,0.0418562407264526,0.1158974486379222,-0.0181983381569682,0.5259467002875076,0.3093722250504007,0.3260207598232403,2019-02-12,2019-02-13,2019-02-14,2019-02-15,2019-02-19,2019-02-20,2019-02-21,2019-02-22,2019-02-25,2019-02-26,81116.0,2019-02-11,252.0,1.0110%,-0.0006,1.7788,1.0638,1.0436,3.1124%,3.5905%,24.8598%,-0.002496,VECO,81116.0,2019-02-12,252.0,2.5478%,-0.0006,1.7778,1.0676,1.0424,3.1123%,3.5910%,24.8831%,0.002747,VECO,81116.0,2019-02-13,252.0,0.1775%,-0.0006,1.7844,1.0547,1.0391,3.1108%,3.5910%,24.9559%,-0.004674,VECO,81116.0,2019-02-14,252.0,1.4172%,-0.001,1.771,1.0602,1.0484,2.9925%,3.4821%,26.1437%,0.018361,VECO,81116.0,2019-02-15,252.0,1.6594%,-0.0013,1.7197,1.013,0.9636,2.9734%,3.4390%,25.2416%,-0.011201,VECO,81116.0,2019-02-19,252.0,0.1718%,-0.0013,1.7188,1.0086,0.9587,2.9737%,3.4382%,25.1955%,-0.007478,VECO,81116.0,2019-02-20,252.0,0.0858%,-0.0014,1.7168,1.0061,0.9522,2.9741%,3.4382%,25.1776%,-0.01,VECO,81116.0,2019-02-21,252.0,-2.5707%,-0.0014,1.7163,1.0016,0.9513,2.9748%,3.4372%,25.0982%,-0.01656,VECO,81116.0,2019-02-22,252.0,2.9903%,-0.0013,1.7121,1.0099,0.9085,2.9800%,3.4428%,25.0764%,0.027122,VECO,81116.0,2019-02-25,252.0,1.7079%,-0.0013,1.7138,1.0017,0.9105,2.9811%,3.4439%,25.0670%,0.018672,VECO,81116.0,2019-02-26,252.0,-3.8623%,-0.0013,1.7262,1.0249,0.9315,2.9844%,3.4515%,25.2317%,-0.026565,VECO,0.0002509999999999,-0.004423,0.013938,-0.0047409999999999,-0.0120719999999999
25435,VANDA PHARMACEUTICALS INC,"Vanda Pharma Shares Fall To Session Low, Down 4%, As Traders Circulate Word Of Short Call From Aurelius Value",6,decrease,0.8,0.6,"the news indicates a decline in vanda pharmaceuticals' stock price due to negative sentiment from traders regarding a short call, suggesting a bearish outlook.",0,2019-02-11,VNDA,2019-02-11 15:02:00+00:00,91186.0,92165910,-0.0501319654285907,4494379.0,0.0227777697145938,-0.0021063196472823,0.0005431954632513,-0.0533399656414985,0.0922910273075103,-0.1995211541652679,0.0492047592997551,-0.0094861574470996,-0.0459498427808284,-0.0343512035906314,0.010923596099019,-0.0342793390154838,-0.0162082463502883,-0.0379433184862136,0.0384422615170478,-0.0115667693316936,-0.0076923007145524,-0.0128027312457561,-0.023255793377757,-0.0302013307809829,0.0228175092488527,0.0322133153676986,-0.018428761512041,0.0024306112900376,-0.0009881649166345,-0.0409590899944305,-0.0187932327389717,-0.032850194722414,-0.0045362981036305,0.00746267195791,-0.0303797665983438,0.0215445682406425,-0.0208877082914114,0.0300443544983863,-0.0090666711330413,0.0438346937298774,0.0215285047888755,-0.0270457938313484,-0.0057955062948167,-0.0017306762747466,0.0100688189268112,0.0172535125166177,-0.0220356807112693,-0.0210272520780563,-0.0187767427414655,0.0108013749122619,-0.0038273152895271,0.0342342630028724,0.0071350755169987,0.066897340118885,-0.024523202329874,-0.0373797267675399,0.0301676504313945,0.0340605191886425,-0.0460954643785953,0.0183164197951555,0.0096645867452025,0.0015612414572387,0.0225225016474723,-0.0127167599275708,0.0104625849053263,0.0912531539797782,0.0234332587569952,-0.009166638366878,-0.0202343482524156,-0.0163934268057346,-0.0021738591603934,-0.0093381870537996,-0.0103486124426126,-0.0179426148533821,0.0071546044200658,-0.0267753396183252,0.0163935050368309,-0.0179115589708089,0.013440859504044,0.0034416883718222,-0.0228116866201162,-0.0161775890737772,-0.0266015082597732,-0.0213549304753541,-0.0016732116928324,-0.0526683032512664,-0.0195530951023101,0.0387681052088737,0.0068376548588275,-0.0618626661598682,-0.0147142177447676,0.0165860243141651,0.0005743957008235,-0.0803939923644065,-0.0447761602699756,0.2567890584468842,0.000600975297857,0.0166464373469352,0.0084084868431091,0.0241164211183786,0.0309707280248403,0.031303584575653,-0.0283073242753744,-0.0271172150969505,-0.0118905389681458,-0.0196319613605737,0.0324909128248691,0.0157873313874006,0.0017482917755842,0.0143278613686561,-0.0523559972643852,0.0055084391497075,-0.0178023874759674,-0.0117252422496676,-0.0131250023841857,0.0020981635898351,0.0063331462442874,0.0662192180752754,0.0383889004588127,-0.0097474223002791,-0.0260606240481138,-0.0022104836534708,0.0031114588491618,-0.0499789454042911,0.0227777697145938,-0.0021063196472823,0.0233333379590172,-0.0553339342711648,0.1177778229972785,-0.2438147980061449,0.118888855662697,-0.2767175505073729,0.1199999905865254,-0.3640939207467184,0.0088888804618663,-0.2697495083397047,-0.1044444018551086,-0.2041158720783223,2019-02-12,2019-02-13,2019-02-14,2019-02-15,2019-02-19,2019-02-20,2019-02-21,2019-02-22,2019-02-25,2019-02-26,91186.0,2019-02-11,252.0,-5.0132%,0.0005,1.0225,0.7305,-0.7924,3.2389%,3.5551%,17.0009%,-0.055243,VNDA,91186.0,2019-02-12,252.0,2.2778%,0.0005,1.0189,0.74,-0.7959,3.2382%,3.5555%,17.0498%,0.007279,VNDA,91186.0,2019-02-13,252.0,0.0543%,0.0006,1.0253,0.7279,-0.7987,3.2369%,3.5554%,17.1166%,-0.002296,VNDA,91186.0,2019-02-14,252.0,9.2291%,0.0008,1.0047,0.774,-0.848,3.2804%,3.6002%,16.9749%,0.0859259999999999,VNDA,91186.0,2019-02-15,252.0,4.9205%,0.0011,1.0424,0.8121,-0.7812,3.2881%,3.6126%,17.1597%,0.039888,VNDA,91186.0,2019-02-19,252.0,-4.5950%,0.0007,1.017,0.8035,-0.7887,3.2880%,3.6020%,16.6738%,-0.048042,VNDA,91186.0,2019-02-20,252.0,1.0924%,0.0007,1.0191,0.8043,-0.7822,3.2882%,3.6019%,16.6591%,0.0114609999999999,VNDA,91186.0,2019-02-21,252.0,-1.6208%,0.0006,1.0291,0.8214,-0.7638,3.2874%,3.6030%,16.7504%,-0.013773,VNDA,91186.0,2019-02-22,252.0,3.8442%,0.0006,1.0271,0.8182,-0.7902,3.2887%,3.6105%,17.0333%,0.015908,VNDA,91186.0,2019-02-25,252.0,-0.7692%,0.0005,1.0283,0.824,-0.7828,3.2886%,3.6100%,17.0154%,-0.008628,VNDA,91186.0,2019-02-26,252.0,-2.3256%,0.0003,1.0051,0.8735,-0.775,3.2783%,3.5944%,16.8163%,-0.01902,VNDA,-0.047964,-0.05026,0.0356659999999999,0.0275119999999999,0.0134599999999999
25443,VORNADO REALTY TRUST,"Vornado Q4 EPS $0.27 Misses $0.37 Estimate, Sales $543.417M Miss $546.96M Estimate",6,decrease,0.8,0.7,"the earnings per share and sales figures both missed analyst estimates, which typically leads to a negative reaction in stock prices.",0,2019-02-11,VNO,2019-02-11 21:34:00+00:00,28388.0,92904210,0.0024320194497704,1569551.0,-0.0209790393710136,0.0007158633088693,0.0042274189181625,0.0012900850269943,-0.0089998943731188,-0.0104964235797524,0.0077633871696889,0.0041304789483547,-0.000145379875903,0.0093444734811782,-0.0117749320343136,-0.0050065238028764,0.0064724152907729,0.0168727803975343,0.0068693542852997,0.015209668315947,-0.0092901643365621,0.0087889768183231,-0.0098168225958943,0.0140483435243368,-0.0103581612929701,0.0171914435923099,0.0064294305630028,0.0015237864572554,-0.0071311206556856,-0.0066596404649317,0.0113720558583736,-0.0048199985176324,0.0044385716319084,0.0154481828212738,0.0013257323298603,0.0032223276793956,-0.0057370844297111,0.011485300026834,0.0007397995796054,0.0064043062739074,0.0134536316618323,-0.017193779349327,0.0083150938153266,0.0016915363958105,-0.0005787169211544,0.0143503062427043,-0.0089751407504081,0.0014058727538213,-0.0170902460813522,0.0262904055416584,-0.0069847111590206,0.0191145557910203,-0.0037413947284221,0.0167773813009262,-0.000450635125162,-0.0026507596485316,0.0153290750458836,-0.0269224271178245,-0.0109531953930854,-0.0012880668509751,-0.0049386685714125,0.0042037535458803,0.0109791457653045,-0.0056270463392138,-0.0068431878462433,0.0333942882716655,0.0113839795812964,-0.0341784507036209,-0.0011847482528537,-0.0174996145069599,0.0026690436061471,-0.0170463118702173,0.0141969686374068,-0.0264031384140253,0.003936958964914,0.0072947675362229,0.0045026172883808,-0.037448763847351,0.0059282244183123,-0.0068284352310001,-0.0145177822560071,0.005698412656784,-0.0103558795526623,-0.0220062993466854,0.000589549250435,-0.0024233523290604,-0.002062150510028,-0.007217691745609,0.0087084332481026,-0.0182019937783479,-0.0062919622287154,0.0163819193840026,-0.0203210841864347,-0.0196595005691051,-0.0048098554834723,0.0037521438207477,0.0120828133076429,0.0195522420108318,0.0150722945109009,0.0,0.0251397639513015,0.017882976680994,0.0012906400952488,-0.0017276526195928,-0.0073045277968049,0.0008645181078463,0.0077910968102514,-0.0041612987406551,-0.0164638739079237,-0.0062739886343479,0.0064046937040984,-0.0170988254249095,0.0002893299388233,0.0029519130475819,-0.0173511356115341,0.0103677846491336,-0.0001471180585213,-0.0126208653673529,-0.0029722778126597,0.0101997628808021,-0.0070054200477898,0.0059854378923773,-0.0093065556138753,0.0015700915828347,-0.0209790393710136,0.0007158633088693,-0.0168403076407729,0.0020068718603998,-0.0256886410239139,-0.0085106166964696,-0.0182674296318444,0.0048879242433721,-0.0355358630085838,0.0558913107111003,-0.0406735909904633,0.1349982153638587,-0.0488461906999883,0.007663327932605,2019-02-12,2019-02-13,2019-02-14,2019-02-15,2019-02-19,2019-02-20,2019-02-21,2019-02-22,2019-02-25,2019-02-26,28388.0,2019-02-11,252.0,0.2432%,0.0003,0.5488,-0.1167,0.0469,1.0807%,1.2242%,22.0765%,0.002221,VNO,28388.0,2019-02-12,252.0,-2.0979%,0.0001,0.5252,-0.1075,0.0332,1.0917%,1.2235%,20.3822%,-0.02844,VNO,28388.0,2019-02-13,252.0,0.4227%,0.0001,0.5298,-0.1141,0.0327,1.0903%,1.2237%,20.6118%,0.002698,VNO,28388.0,2019-02-14,252.0,-0.9000%,0.0001,0.5318,-0.118,0.0365,1.0910%,1.2250%,20.6778%,-0.007204,VNO,28388.0,2019-02-15,252.0,0.7763%,0.0003,0.5567,-0.0954,0.0772,1.0756%,1.2189%,22.1248%,0.001774,VNO,28388.0,2019-02-19,252.0,-0.0145%,0.0002,0.5534,-0.0921,0.0811,1.0740%,1.2147%,21.8363%,-0.001258,VNO,28388.0,2019-02-20,252.0,-1.1775%,0.0001,0.549,-0.1052,0.0646,1.0762%,1.2162%,21.7039%,-0.01317,VNO,28388.0,2019-02-21,252.0,0.6472%,0.0002,0.5461,-0.1091,0.0593,1.0774%,1.2163%,21.5468%,0.008479,VNO,28388.0,2019-02-22,252.0,0.6869%,0.0003,0.544,-0.0695,0.07,1.0625%,1.2006%,21.6865%,0.004692,VNO,28388.0,2019-02-25,252.0,-0.9290%,0.0002,0.5464,-0.0619,0.083,1.0566%,1.1954%,21.8712%,-0.010261,VNO,28388.0,2019-02-26,252.0,-0.9817%,0.0001,0.5433,-0.0459,0.0888,1.0569%,1.1923%,21.4307%,-0.009165,VNO,-0.026219,-0.023521,-0.030725,-0.030209,-0.049634
25451,VARONIS SYSTEMS INC,"Varonis Systems shares are trading lower after the company issued Q1 EPS guidance of $(0.38) to $(0.36), versus the $(0.23) estimate and Q1 sales guidance of $58.5 million to $60 million, versus the $62.8 million estimate.",6,decrease,0.8,0.7,"the company's q1 eps and sales guidance are both significantly below analyst estimates, which is likely to lead to a negative reaction in the stock price.",0,2019-02-11,VRNS,2019-02-11 22:07:00+00:00,14472.0,92228010,0.0194452889263629,735974.0,-0.1364915519952774,0.0290306769311428,-0.0105015030130744,-0.03006680496037,0.015919467434287,-0.0022222124971449,-0.0192723292857408,0.0063898009248077,-0.0075298408046364,0.0157390460371971,-0.008882300928235,0.0431618019938468,0.0184839032590389,0.0274782925844192,-0.0097158346325159,0.0033152787946164,-0.0118474522605538,0.0296442955732345,-0.0114275123924017,0.009796823374927,0.0236877016723156,0.0249163284897804,0.0544242598116397,0.0243809297680854,0.0298455189913511,0.0070976200513541,0.0093760527670383,-0.000383517879527,0.0172268282622098,0.0275862365961074,-0.0361945927143096,0.0081446133553981,0.0005168405477888,-0.0360015518963336,-0.0029270313680171,0.0307935532182455,0.0590571910142898,-0.0387096926569938,0.0125549752265214,-0.0075329137034714,-0.0272141490131616,-0.0294279046356678,-0.0046349740587174,0.0012811071937903,-0.0113088358193635,0.0332828722894191,0.0077375792898237,0.0269955210387706,0.0253713987767696,0.050601989030838,0.0055347573943436,-0.0464981161057949,0.02169338054955,-0.02835538610816,-0.0467437915503978,-0.0024513909593224,0.0029920262750238,-0.001506342086941,0.0195558555424213,-0.0039384672418236,-0.032022126019001,0.0512617975473403,-0.0083963060751557,-0.0039276699535548,0.0098222158849239,-0.0478683896362781,0.024316631257534,0.0001869893603725,0.0001636922243051,-0.0141961732879281,-0.0021280252840369,0.021084388718009,-0.0114829521626234,-0.0599893741309642,0.0137736778706312,-0.0190939474850893,0.0060566202737391,-0.0094566578045487,-0.0027659968473017,0.012006239965558,0.005221074912697,-0.0093086902052164,-0.0056809331290423,0.0249116588383913,0.0231799222528934,-0.0146239586174488,0.0011167788179591,0.014840992167592,-0.0087649282068014,-0.0406779907643795,-0.0127009795978665,0.0188223123550415,-0.0231232400983572,0.0032917293719947,0.0236705802381038,0.005224713589996,0.0460836663842201,0.0405943803489208,0.0062266741879284,-0.020241467282176,0.025526013225317,0.0383480452001094,0.0248906556516885,0.0022173456382006,-0.0164851732552051,0.0249999947845935,0.0648009851574897,-0.0043371589854359,-0.0125087751075625,-0.103314183652401,0.0247651264071464,-0.0013509258860722,0.0086111491546034,0.0173510070890188,-0.0052327853627502,0.0005156201077625,-0.0181339643895626,-0.0122241294011473,-0.000281920802081,-0.022568816319108,-0.1364915519952774,0.0290306769311428,-0.1455596885638141,-0.0019089877303833,-0.1319574538513637,-0.0041269580511369,-0.1550969095927059,0.0180107184130848,-0.1749530768349526,0.1382438845417439,-0.0381488223032063,0.1766692089493138,0.1086617343972002,0.0411550466352654,2019-02-12,2019-02-13,2019-02-14,2019-02-15,2019-02-19,2019-02-20,2019-02-21,2019-02-22,2019-02-25,2019-02-26,14472.0,2019-02-11,252.0,1.9445%,0.0002,0.8683,0.8836,-1.3483,2.1280%,2.6776%,36.8372%,0.015581,VRNS,14472.0,2019-02-12,252.0,-13.6492%,-0.0004,0.7874,0.8767,-1.3884,2.3298%,2.8143%,31.4663%,-0.15087,VRNS,14472.0,2019-02-13,252.0,-1.0502%,-0.0005,0.7772,0.8891,-1.3891,2.3282%,2.8096%,31.3340%,-0.01236,VRNS,14472.0,2019-02-14,252.0,1.5919%,-0.0005,0.7761,0.892,-1.3924,2.3284%,2.8112%,31.3975%,0.004771,VRNS,14472.0,2019-02-15,252.0,-1.9272%,-0.0003,0.8003,0.9113,-1.3563,2.3134%,2.8019%,31.8338%,-0.0236879999999999,VRNS,14472.0,2019-02-19,252.0,-0.7530%,-0.0003,0.8041,0.8994,-1.37,2.3114%,2.8024%,31.9715%,-0.007724,VRNS,14472.0,2019-02-20,252.0,-0.8882%,-0.0007,0.795,0.843,-1.4119,2.2514%,2.7532%,33.1292%,-0.004954,VRNS,14472.0,2019-02-21,252.0,1.8484%,-0.0006,0.7898,0.8367,-1.4215,2.2546%,2.7552%,33.0340%,0.018668,VRNS,14472.0,2019-02-22,252.0,-0.9716%,-0.0009,0.7974,0.7808,-1.3819,2.2575%,2.7476%,32.4926%,-0.040448,VRNS,14472.0,2019-02-25,252.0,-1.1847%,-0.0008,0.7936,0.7833,-1.3947,2.2493%,2.7431%,32.7607%,-0.013601,VRNS,14472.0,2019-02-26,252.0,-1.1428%,-0.0009,0.7841,0.805,-1.3908,2.2468%,2.7378%,32.6498%,-0.009847,VRNS,-0.135289,-0.147649,-0.142878,-0.17429,-0.224472
25459,VARONIS SYSTEMS INC,"Varonis Sees FY19 Adj. EPS $0.04-$0.16 vs $0.32 Estimate, Sales $297M-$305M vs $318.5M Est.",6,decrease,0.8,0.7,"the company's adjusted eps and sales guidance are both significantly below analyst estimates, which is likely to lead to a negative reaction in the stock price.",0,2019-02-11,VRNS,2019-02-11 22:04:00+00:00,14472.0,92228010,0.0194452889263629,735974.0,-0.1364915519952774,0.0290306769311428,-0.0105015030130744,-0.03006680496037,0.015919467434287,-0.0022222124971449,-0.0192723292857408,0.0063898009248077,-0.0075298408046364,0.0157390460371971,-0.008882300928235,0.0431618019938468,0.0184839032590389,0.0274782925844192,-0.0097158346325159,0.0033152787946164,-0.0118474522605538,0.0296442955732345,-0.0114275123924017,0.009796823374927,0.0236877016723156,0.0249163284897804,0.0544242598116397,0.0243809297680854,0.0298455189913511,0.0070976200513541,0.0093760527670383,-0.000383517879527,0.0172268282622098,0.0275862365961074,-0.0361945927143096,0.0081446133553981,0.0005168405477888,-0.0360015518963336,-0.0029270313680171,0.0307935532182455,0.0590571910142898,-0.0387096926569938,0.0125549752265214,-0.0075329137034714,-0.0272141490131616,-0.0294279046356678,-0.0046349740587174,0.0012811071937903,-0.0113088358193635,0.0332828722894191,0.0077375792898237,0.0269955210387706,0.0253713987767696,0.050601989030838,0.0055347573943436,-0.0464981161057949,0.02169338054955,-0.02835538610816,-0.0467437915503978,-0.0024513909593224,0.0029920262750238,-0.001506342086941,0.0195558555424213,-0.0039384672418236,-0.032022126019001,0.0512617975473403,-0.0083963060751557,-0.0039276699535548,0.0098222158849239,-0.0478683896362781,0.024316631257534,0.0001869893603725,0.0001636922243051,-0.0141961732879281,-0.0021280252840369,0.021084388718009,-0.0114829521626234,-0.0599893741309642,0.0137736778706312,-0.0190939474850893,0.0060566202737391,-0.0094566578045487,-0.0027659968473017,0.012006239965558,0.005221074912697,-0.0093086902052164,-0.0056809331290423,0.0249116588383913,0.0231799222528934,-0.0146239586174488,0.0011167788179591,0.014840992167592,-0.0087649282068014,-0.0406779907643795,-0.0127009795978665,0.0188223123550415,-0.0231232400983572,0.0032917293719947,0.0236705802381038,0.005224713589996,0.0460836663842201,0.0405943803489208,0.0062266741879284,-0.020241467282176,0.025526013225317,0.0383480452001094,0.0248906556516885,0.0022173456382006,-0.0164851732552051,0.0249999947845935,0.0648009851574897,-0.0043371589854359,-0.0125087751075625,-0.103314183652401,0.0247651264071464,-0.0013509258860722,0.0086111491546034,0.0173510070890188,-0.0052327853627502,0.0005156201077625,-0.0181339643895626,-0.0122241294011473,-0.000281920802081,-0.022568816319108,-0.1364915519952774,0.0290306769311428,-0.1455596885638141,-0.0019089877303833,-0.1319574538513637,-0.0041269580511369,-0.1550969095927059,0.0180107184130848,-0.1749530768349526,0.1382438845417439,-0.0381488223032063,0.1766692089493138,0.1086617343972002,0.0411550466352654,2019-02-12,2019-02-13,2019-02-14,2019-02-15,2019-02-19,2019-02-20,2019-02-21,2019-02-22,2019-02-25,2019-02-26,14472.0,2019-02-11,252.0,1.9445%,0.0002,0.8683,0.8836,-1.3483,2.1280%,2.6776%,36.8372%,0.015581,VRNS,14472.0,2019-02-12,252.0,-13.6492%,-0.0004,0.7874,0.8767,-1.3884,2.3298%,2.8143%,31.4663%,-0.15087,VRNS,14472.0,2019-02-13,252.0,-1.0502%,-0.0005,0.7772,0.8891,-1.3891,2.3282%,2.8096%,31.3340%,-0.01236,VRNS,14472.0,2019-02-14,252.0,1.5919%,-0.0005,0.7761,0.892,-1.3924,2.3284%,2.8112%,31.3975%,0.004771,VRNS,14472.0,2019-02-15,252.0,-1.9272%,-0.0003,0.8003,0.9113,-1.3563,2.3134%,2.8019%,31.8338%,-0.0236879999999999,VRNS,14472.0,2019-02-19,252.0,-0.7530%,-0.0003,0.8041,0.8994,-1.37,2.3114%,2.8024%,31.9715%,-0.007724,VRNS,14472.0,2019-02-20,252.0,-0.8882%,-0.0007,0.795,0.843,-1.4119,2.2514%,2.7532%,33.1292%,-0.004954,VRNS,14472.0,2019-02-21,252.0,1.8484%,-0.0006,0.7898,0.8367,-1.4215,2.2546%,2.7552%,33.0340%,0.018668,VRNS,14472.0,2019-02-22,252.0,-0.9716%,-0.0009,0.7974,0.7808,-1.3819,2.2575%,2.7476%,32.4926%,-0.040448,VRNS,14472.0,2019-02-25,252.0,-1.1847%,-0.0008,0.7936,0.7833,-1.3947,2.2493%,2.7431%,32.7607%,-0.013601,VRNS,14472.0,2019-02-26,252.0,-1.1428%,-0.0009,0.7841,0.805,-1.3908,2.2468%,2.7378%,32.6498%,-0.009847,VRNS,-0.135289,-0.147649,-0.142878,-0.17429,-0.224472
25467,VARONIS SYSTEMS INC,"Varonis Systems Sees Q1 Adj. EPS $(0.38)-$(0.36) vs $(0.23) Estimate, Sales $58.5M-$60M vs $62.8M Est.",6,decrease,0.8,0.7,"the company reported a larger-than-expected loss and lower sales guidance compared to estimates, which typically leads to a decline in stock price.",0,2019-02-11,VRNS,2019-02-11 22:04:00+00:00,14472.0,92228010,0.0194452889263629,735974.0,-0.1364915519952774,0.0290306769311428,-0.0105015030130744,-0.03006680496037,0.015919467434287,-0.0022222124971449,-0.0192723292857408,0.0063898009248077,-0.0075298408046364,0.0157390460371971,-0.008882300928235,0.0431618019938468,0.0184839032590389,0.0274782925844192,-0.0097158346325159,0.0033152787946164,-0.0118474522605538,0.0296442955732345,-0.0114275123924017,0.009796823374927,0.0236877016723156,0.0249163284897804,0.0544242598116397,0.0243809297680854,0.0298455189913511,0.0070976200513541,0.0093760527670383,-0.000383517879527,0.0172268282622098,0.0275862365961074,-0.0361945927143096,0.0081446133553981,0.0005168405477888,-0.0360015518963336,-0.0029270313680171,0.0307935532182455,0.0590571910142898,-0.0387096926569938,0.0125549752265214,-0.0075329137034714,-0.0272141490131616,-0.0294279046356678,-0.0046349740587174,0.0012811071937903,-0.0113088358193635,0.0332828722894191,0.0077375792898237,0.0269955210387706,0.0253713987767696,0.050601989030838,0.0055347573943436,-0.0464981161057949,0.02169338054955,-0.02835538610816,-0.0467437915503978,-0.0024513909593224,0.0029920262750238,-0.001506342086941,0.0195558555424213,-0.0039384672418236,-0.032022126019001,0.0512617975473403,-0.0083963060751557,-0.0039276699535548,0.0098222158849239,-0.0478683896362781,0.024316631257534,0.0001869893603725,0.0001636922243051,-0.0141961732879281,-0.0021280252840369,0.021084388718009,-0.0114829521626234,-0.0599893741309642,0.0137736778706312,-0.0190939474850893,0.0060566202737391,-0.0094566578045487,-0.0027659968473017,0.012006239965558,0.005221074912697,-0.0093086902052164,-0.0056809331290423,0.0249116588383913,0.0231799222528934,-0.0146239586174488,0.0011167788179591,0.014840992167592,-0.0087649282068014,-0.0406779907643795,-0.0127009795978665,0.0188223123550415,-0.0231232400983572,0.0032917293719947,0.0236705802381038,0.005224713589996,0.0460836663842201,0.0405943803489208,0.0062266741879284,-0.020241467282176,0.025526013225317,0.0383480452001094,0.0248906556516885,0.0022173456382006,-0.0164851732552051,0.0249999947845935,0.0648009851574897,-0.0043371589854359,-0.0125087751075625,-0.103314183652401,0.0247651264071464,-0.0013509258860722,0.0086111491546034,0.0173510070890188,-0.0052327853627502,0.0005156201077625,-0.0181339643895626,-0.0122241294011473,-0.000281920802081,-0.022568816319108,-0.1364915519952774,0.0290306769311428,-0.1455596885638141,-0.0019089877303833,-0.1319574538513637,-0.0041269580511369,-0.1550969095927059,0.0180107184130848,-0.1749530768349526,0.1382438845417439,-0.0381488223032063,0.1766692089493138,0.1086617343972002,0.0411550466352654,2019-02-12,2019-02-13,2019-02-14,2019-02-15,2019-02-19,2019-02-20,2019-02-21,2019-02-22,2019-02-25,2019-02-26,14472.0,2019-02-11,252.0,1.9445%,0.0002,0.8683,0.8836,-1.3483,2.1280%,2.6776%,36.8372%,0.015581,VRNS,14472.0,2019-02-12,252.0,-13.6492%,-0.0004,0.7874,0.8767,-1.3884,2.3298%,2.8143%,31.4663%,-0.15087,VRNS,14472.0,2019-02-13,252.0,-1.0502%,-0.0005,0.7772,0.8891,-1.3891,2.3282%,2.8096%,31.3340%,-0.01236,VRNS,14472.0,2019-02-14,252.0,1.5919%,-0.0005,0.7761,0.892,-1.3924,2.3284%,2.8112%,31.3975%,0.004771,VRNS,14472.0,2019-02-15,252.0,-1.9272%,-0.0003,0.8003,0.9113,-1.3563,2.3134%,2.8019%,31.8338%,-0.0236879999999999,VRNS,14472.0,2019-02-19,252.0,-0.7530%,-0.0003,0.8041,0.8994,-1.37,2.3114%,2.8024%,31.9715%,-0.007724,VRNS,14472.0,2019-02-20,252.0,-0.8882%,-0.0007,0.795,0.843,-1.4119,2.2514%,2.7532%,33.1292%,-0.004954,VRNS,14472.0,2019-02-21,252.0,1.8484%,-0.0006,0.7898,0.8367,-1.4215,2.2546%,2.7552%,33.0340%,0.018668,VRNS,14472.0,2019-02-22,252.0,-0.9716%,-0.0009,0.7974,0.7808,-1.3819,2.2575%,2.7476%,32.4926%,-0.040448,VRNS,14472.0,2019-02-25,252.0,-1.1847%,-0.0008,0.7936,0.7833,-1.3947,2.2493%,2.7431%,32.7607%,-0.013601,VRNS,14472.0,2019-02-26,252.0,-1.1428%,-0.0009,0.7841,0.805,-1.3908,2.2468%,2.7378%,32.6498%,-0.009847,VRNS,-0.135289,-0.147649,-0.142878,-0.17429,-0.224472
25475,VARONIS SYSTEMS INC,"Varonis Systems Q4 EPS $0.54 Beats $0.34 Estimate, Sales $87.518M Beat $87.34M Estimate",6,increase,0.8,0.7,"the company reported better-than-expected earnings and sales, which typically leads to positive investor sentiment and an increase in stock price.",2,2019-02-11,VRNS,2019-02-11 22:03:00+00:00,14472.0,92228010,0.0194452889263629,735974.0,-0.1364915519952774,0.0290306769311428,-0.0105015030130744,-0.03006680496037,0.015919467434287,-0.0022222124971449,-0.0192723292857408,0.0063898009248077,-0.0075298408046364,0.0157390460371971,-0.008882300928235,0.0431618019938468,0.0184839032590389,0.0274782925844192,-0.0097158346325159,0.0033152787946164,-0.0118474522605538,0.0296442955732345,-0.0114275123924017,0.009796823374927,0.0236877016723156,0.0249163284897804,0.0544242598116397,0.0243809297680854,0.0298455189913511,0.0070976200513541,0.0093760527670383,-0.000383517879527,0.0172268282622098,0.0275862365961074,-0.0361945927143096,0.0081446133553981,0.0005168405477888,-0.0360015518963336,-0.0029270313680171,0.0307935532182455,0.0590571910142898,-0.0387096926569938,0.0125549752265214,-0.0075329137034714,-0.0272141490131616,-0.0294279046356678,-0.0046349740587174,0.0012811071937903,-0.0113088358193635,0.0332828722894191,0.0077375792898237,0.0269955210387706,0.0253713987767696,0.050601989030838,0.0055347573943436,-0.0464981161057949,0.02169338054955,-0.02835538610816,-0.0467437915503978,-0.0024513909593224,0.0029920262750238,-0.001506342086941,0.0195558555424213,-0.0039384672418236,-0.032022126019001,0.0512617975473403,-0.0083963060751557,-0.0039276699535548,0.0098222158849239,-0.0478683896362781,0.024316631257534,0.0001869893603725,0.0001636922243051,-0.0141961732879281,-0.0021280252840369,0.021084388718009,-0.0114829521626234,-0.0599893741309642,0.0137736778706312,-0.0190939474850893,0.0060566202737391,-0.0094566578045487,-0.0027659968473017,0.012006239965558,0.005221074912697,-0.0093086902052164,-0.0056809331290423,0.0249116588383913,0.0231799222528934,-0.0146239586174488,0.0011167788179591,0.014840992167592,-0.0087649282068014,-0.0406779907643795,-0.0127009795978665,0.0188223123550415,-0.0231232400983572,0.0032917293719947,0.0236705802381038,0.005224713589996,0.0460836663842201,0.0405943803489208,0.0062266741879284,-0.020241467282176,0.025526013225317,0.0383480452001094,0.0248906556516885,0.0022173456382006,-0.0164851732552051,0.0249999947845935,0.0648009851574897,-0.0043371589854359,-0.0125087751075625,-0.103314183652401,0.0247651264071464,-0.0013509258860722,0.0086111491546034,0.0173510070890188,-0.0052327853627502,0.0005156201077625,-0.0181339643895626,-0.0122241294011473,-0.000281920802081,-0.022568816319108,-0.1364915519952774,0.0290306769311428,-0.1455596885638141,-0.0019089877303833,-0.1319574538513637,-0.0041269580511369,-0.1550969095927059,0.0180107184130848,-0.1749530768349526,0.1382438845417439,-0.0381488223032063,0.1766692089493138,0.1086617343972002,0.0411550466352654,2019-02-12,2019-02-13,2019-02-14,2019-02-15,2019-02-19,2019-02-20,2019-02-21,2019-02-22,2019-02-25,2019-02-26,14472.0,2019-02-11,252.0,1.9445%,0.0002,0.8683,0.8836,-1.3483,2.1280%,2.6776%,36.8372%,0.015581,VRNS,14472.0,2019-02-12,252.0,-13.6492%,-0.0004,0.7874,0.8767,-1.3884,2.3298%,2.8143%,31.4663%,-0.15087,VRNS,14472.0,2019-02-13,252.0,-1.0502%,-0.0005,0.7772,0.8891,-1.3891,2.3282%,2.8096%,31.3340%,-0.01236,VRNS,14472.0,2019-02-14,252.0,1.5919%,-0.0005,0.7761,0.892,-1.3924,2.3284%,2.8112%,31.3975%,0.004771,VRNS,14472.0,2019-02-15,252.0,-1.9272%,-0.0003,0.8003,0.9113,-1.3563,2.3134%,2.8019%,31.8338%,-0.0236879999999999,VRNS,14472.0,2019-02-19,252.0,-0.7530%,-0.0003,0.8041,0.8994,-1.37,2.3114%,2.8024%,31.9715%,-0.007724,VRNS,14472.0,2019-02-20,252.0,-0.8882%,-0.0007,0.795,0.843,-1.4119,2.2514%,2.7532%,33.1292%,-0.004954,VRNS,14472.0,2019-02-21,252.0,1.8484%,-0.0006,0.7898,0.8367,-1.4215,2.2546%,2.7552%,33.0340%,0.018668,VRNS,14472.0,2019-02-22,252.0,-0.9716%,-0.0009,0.7974,0.7808,-1.3819,2.2575%,2.7476%,32.4926%,-0.040448,VRNS,14472.0,2019-02-25,252.0,-1.1847%,-0.0008,0.7936,0.7833,-1.3947,2.2493%,2.7431%,32.7607%,-0.013601,VRNS,14472.0,2019-02-26,252.0,-1.1428%,-0.0009,0.7841,0.805,-1.3908,2.2468%,2.7378%,32.6498%,-0.009847,VRNS,-0.135289,-0.147649,-0.142878,-0.17429,-0.224472
25483,VENTAS INC,"BMO Capital Maintains Market Perform on Ventas, Raises Price Target to $62",6,increase,0.7,0.6,"the maintenance of a 'market perform' rating combined with a raised price target suggests a positive outlook for ventas inc, likely leading to an increase in stock price.",2,2019-02-11,VTR,2019-02-11 13:36:00+00:00,75819.0,92276F10,-0.0080908145755529,2504269.0,-0.0048627667129039,-0.0027928675990551,0.0122951231896877,0.0090809147804975,0.008097113110125,-0.006841838825494,0.0072598275728523,0.0121182976290583,-0.007360768970102,0.0020501667167991,-0.0216283239424228,-0.0167467519640922,0.0102636618539691,0.0095491046085953,0.004220075905323,0.0053509622812271,-0.0121400589123368,0.0053797489963471,-0.0055144522339105,0.0123338215053081,0.0001584622368682,0.007748176343739,-0.0060193422250449,0.0004845380317419,-0.0073306625708937,0.0032403911463916,0.0057794284075498,0.0111402403563261,-0.0030327604617923,0.0084256092086434,-0.0091258361935615,-0.0021431101486086,-0.0008078726241365,0.0009901217417791,0.0024256391916424,0.0086550703272223,0.0191966220736503,-0.0006652877782471,0.0042735114693641,0.0139989545568823,0.0012608040124177,0.0183785576373338,0.0009444573079235,-0.0047863037325441,-0.0157257430255413,0.0100138438865542,-0.0172551814466714,0.0055555505678057,-0.006990676280111,-0.0048376396298408,0.0098231574520468,0.0168658271431922,0.0329117812216281,-0.0285031907260417,0.0081620514392852,0.0003790357441175,0.0073173525743186,0.0028721403796225,0.0078825680539011,-0.0058784396387636,-0.0142616210505366,0.035298254340887,0.0150902494788169,-0.0457939617335796,-0.0099233500659465,-0.0126146860420703,-0.0086193867027759,-0.0060250600799918,0.0055327583104372,-0.003731335978955,-0.0125766266137361,0.0126499170437455,-0.0065276203677058,-0.0270141046494245,0.0124999796971678,0.0025641000829637,-0.0153529793024063,-0.0115634333342313,-0.0016074341256171,-0.0265227053314447,0.0078891944140195,0.0009260311489924,-0.0113418390974402,-0.0103864409029483,0.0022620679810643,0.0007643389399163,0.0011284813517704,0.0357821136713028,-0.0378421656787395,-0.0067620743066072,-0.0244351308792829,0.0015750271268188,0.0126951085403561,0.016653336584568,-0.0213450510054826,0.0062842308543622,0.0107321953400969,0.0009677640628069,0.0193526465445756,0.0089503536000847,-0.0006720583769492,0.0003255812625866,0.0181573946028947,0.0011408033315092,-0.0108982799574732,-0.0158780738711357,0.0202003177255392,0.0079210773110389,0.0001636118686292,0.007655989844352,0.0067081130109727,0.0158861335366964,0.0154396360740065,-0.0019818155560642,-0.007042231503874,-0.001648842357099,-0.0172469317913055,0.0068061063066124,0.0016401258762925,0.0028300646226853,-0.0048627667129039,-0.0027928675990551,0.0073725681610059,0.0062626853887821,0.0155293777894427,-0.0006220017207566,0.0153726010640264,0.0135624788930197,-0.0098823695602089,0.0294729514562952,0.0229019446677509,0.0940430694424474,-0.0301416524427119,0.0843903033401378,2019-02-12,2019-02-13,2019-02-14,2019-02-15,2019-02-19,2019-02-20,2019-02-21,2019-02-22,2019-02-25,2019-02-26,75819.0,2019-02-11,252.0,-0.8091%,0.0011,0.1859,-0.1557,-0.0085,1.3956%,1.4117%,2.2662%,-0.007292,VTR,75819.0,2019-02-12,252.0,-0.4863%,0.001,0.1763,-0.1497,-0.0145,1.3956%,1.4102%,2.0641%,-0.007474,VTR,75819.0,2019-02-13,252.0,1.2295%,0.0012,0.19,-0.1684,-0.0152,1.3873%,1.4044%,2.4207%,0.0118009999999999,VTR,75819.0,2019-02-14,252.0,0.8097%,0.0012,0.1879,-0.1642,-0.0194,1.3880%,1.4048%,2.3770%,0.009184,VTR,75819.0,2019-02-15,252.0,0.7260%,0.0013,0.2118,-0.1422,0.0201,1.3788%,1.3978%,2.6992%,0.00554,VTR,75819.0,2019-02-19,252.0,-0.7361%,0.0012,0.2048,-0.1403,0.0228,1.3759%,1.3936%,2.5238%,-0.007511,VTR,75819.0,2019-02-20,252.0,-2.1628%,0.0011,0.1971,-0.1636,-0.0063,1.3807%,1.3984%,2.5246%,-0.021934,VTR,75819.0,2019-02-21,252.0,1.0264%,0.0012,0.1868,-0.1825,-0.0253,1.3747%,1.3921%,2.4762%,0.010764,VTR,75819.0,2019-02-22,252.0,0.4220%,0.0013,0.1855,-0.1583,-0.0181,1.3703%,1.3865%,2.3307%,0.003538,VTR,75819.0,2019-02-25,252.0,-1.2140%,0.0012,0.1862,-0.1506,-0.0115,1.3728%,1.3887%,2.2845%,-0.012962,VTR,75819.0,2019-02-26,252.0,-0.5514%,0.0011,0.1804,-0.1345,-0.0077,1.3714%,1.3859%,2.0799%,-0.006318,VTR,-0.014766,-0.002965,0.0062189999999999,0.0042479999999999,-0.022664
25491,WORKDAY INC,"KeyBanc Maintains Overweight on Workday, Raises Price Target to $216",6,increase,0.8,0.7,"an 'overweight' rating and a raised price target typically indicate positive sentiment and expectations for future growth, which can lead to an increase in stock price.",2,2019-02-11,WDAY,2019-02-11 13:20:00+00:00,13628.0,98138H10,0.0046987980604171,1610893.0,-0.0040987851098179,0.0150045715272426,-0.0093394061550498,-0.0099214510992169,0.0042076874524354,-0.0042791357263922,0.0119338072836399,0.0134382406249642,0.0102207260206341,0.0038697260897606,-0.0212203562259674,0.0249545462429523,0.0043467124924063,0.0516162887215614,0.0276032909750938,0.0355749763548374,0.0078582372516393,-0.033681146800518,-0.005656630732119,-0.0175418723374605,0.0119413789361715,0.025584140792489,0.0024309735745191,-0.0026797547470778,-0.0444096066057682,0.0052116843871772,-0.0524479113519191,-0.0076127238571643,0.0152885029092431,0.0330171696841716,0.002582908142358,0.0074997311457991,-0.0037274172063916,0.005289688706398,-0.0007702854927629,0.0069797304458916,0.021419521421194,-0.02466263435781,0.0099191181361675,-0.0029768990352749,-0.0062986691482365,0.0107113616541028,0.0047270604409277,-0.0046121850609779,-0.0018712086603045,0.0211008992046117,0.0043922653421759,0.0009182362700812,0.02143887989223,0.0605765581130981,0.0061609563417732,-0.0358081944286823,0.0252711065113544,0.000375831790734,-0.0328980647027492,0.0007520376238971,-0.001988721312955,0.0067511643283069,0.0101730599999427,0.0304272025823593,-0.0153654832392931,0.0800505131483078,0.0027414818760007,-0.0173876285552978,0.0139327505603432,-0.046889416873455,-0.0005185693735256,-0.0233155936002731,0.0053437030874192,-0.000128471336211,-0.0014449312584474,0.0126821817830205,-0.041498702019453,-0.0510399565100669,0.0044211572967469,-0.0159125123172998,0.0044017788022756,-0.0052562248893082,0.0197210330516099,0.0158340595662593,0.0225367024540901,0.0204158946871757,0.0039466377347707,-0.0046749361790716,-0.0006126263178884,-0.0457979664206504,-0.0145082827657461,0.0188462045043706,0.0149291874840855,-0.0165673345327377,-0.0243627820163965,0.0231707505881786,-0.0166998337954282,0.1286992132663727,0.0081988675519824,-0.0036343603860586,0.0307863019406795,0.0510270409286022,0.00087089225417,-0.0105540594086051,0.0176588650792837,0.0367440581321716,0.0281158648431301,0.016228312626481,0.000489168043714,0.0496018342673778,0.0054765557870268,0.0220842901617288,-0.021640870720148,-0.0756909474730491,-0.0125757968053221,-0.0143192615360021,0.0225018952041864,0.0286274887621402,-0.0006892447709105,-0.0197689775377512,-0.021874088793993,0.0147257056087255,-0.0081595405936241,-0.04881002753973,-0.0040987851098179,0.0150045715272426,-0.0133999110459849,0.0049342533053535,-0.0092486062311213,0.0006340032393592,0.0128218726204021,0.0180049785410281,0.0253283854394317,0.0787675215525849,0.0122963573832308,0.2314544345806732,0.0347871567452828,0.3536054750068758,2019-02-12,2019-02-13,2019-02-14,2019-02-15,2019-02-19,2019-02-20,2019-02-21,2019-02-22,2019-02-25,2019-02-26,13628.0,2019-02-11,252.0,0.4699%,0.0014,1.2206,0.2754,-1.5959,1.6246%,2.5368%,58.9897%,0.0048259999999999,WDAY,13628.0,2019-02-12,252.0,-0.4099%,0.0013,1.2052,0.277,-1.6041,1.6319%,2.5353%,58.5689%,-0.023568,WDAY,13628.0,2019-02-13,252.0,-0.9339%,0.0012,1.202,0.277,-1.6072,1.6339%,2.5328%,58.3847%,-0.011857,WDAY,13628.0,2019-02-14,252.0,0.4208%,0.0012,1.2033,0.2742,-1.6041,1.6342%,2.5325%,58.3577%,-0.004131,WDAY,13628.0,2019-02-15,252.0,1.1934%,0.0011,1.1873,0.2602,-1.6295,1.6282%,2.5247%,58.4122%,0.005251,WDAY,13628.0,2019-02-19,252.0,1.0221%,0.0011,1.1881,0.2689,-1.6199,1.6294%,2.5192%,58.1665%,0.011999,WDAY,13628.0,2019-02-20,252.0,-2.1220%,0.0011,1.1838,0.2603,-1.635,1.6325%,2.5233%,58.1401%,-0.01526,WDAY,13628.0,2019-02-21,252.0,0.4347%,0.001,1.1899,0.2736,-1.6239,1.6281%,2.5217%,58.3167%,0.005048,WDAY,13628.0,2019-02-22,252.0,2.7603%,0.001,1.191,0.2683,-1.6155,1.6285%,2.5267%,58.4598%,-0.005607,WDAY,13628.0,2019-02-25,252.0,0.7858%,0.0011,1.1889,0.2647,-1.6253,1.6245%,2.5257%,58.6343%,0.003761,WDAY,13628.0,2019-02-26,252.0,-0.5657%,0.001,1.1888,0.2767,-1.6193,1.6252%,2.5224%,58.4871%,-0.0075239999999999,WDAY,-0.0187419999999999,-0.0305989999999999,-0.03473,-0.01748,-0.037062
25499,WATTS WATER TECHNOLOGIES INC,"Janney Capital Downgrades Watts Water Technologies to Neutral, Raises Price Target to $83",6,decrease,0.7,0.5,"a downgrade to 'neutral' typically signals a less favorable outlook, which may lead to a decrease in stock price despite the raised price target.",0,2019-02-11,WTS,2019-02-11 13:39:00+00:00,10606.0,94274910,-0.037779726088047,178016.0,0.0128335729241371,0.1286049336194992,-0.0015054917894303,-0.0375830233097076,0.001005174475722,-0.0013262396678328,0.0138069344684481,0.0033266798127442,-0.0063141579739749,0.0098092360422015,0.0148267475888133,-0.0060104788281023,-0.0009821265703067,0.0108006354421377,0.005407334305346,0.0139629924669861,-0.0084341140463948,0.0135979373008012,-0.0070266230031847,-0.0127397300675511,0.00695217307657,0.0161470454186201,-0.0044384133070707,0.0165557973086834,0.0008691295515745,-0.0196975748986005,-0.0052102487534284,-0.0205163341015577,-0.0011223838664591,0.032402828335762,-0.0054930690675973,0.0130737265571951,-0.0105448644608259,-0.0019855252467095,-0.0078660584986209,0.0058488398790359,0.0164961759001016,-0.0079253492876887,-0.0054094893857836,0.0014173201052472,0.003162155393511,0.0236471388489007,-0.0055477847345173,0.0177173614501953,0.0016482471255585,0.0206450074911117,0.0179746598005294,0.0201383158564567,-0.0012434527743607,0.0286211464554071,-0.0053535895422101,-0.0215069726109504,0.0145200109109282,0.0015496432315558,-0.0510795712471008,0.005453388672322,0.0067611052654683,-0.0003114741994068,0.0170476511120796,0.006111825350672,0.0083809988573193,0.0355404503643512,0.0002518151595722,-0.025462606921792,0.0174996778368949,-0.0164878107607364,0.0175698865205049,-0.0207159258425235,-0.0117947626858949,-0.0242270696908235,0.0196875371038913,-0.0056163887493312,-0.0049475519917905,-0.0359076187014579,0.0111569026485085,-0.0073549742810428,0.0076756947673857,-0.0059055932797491,-0.0248749870806932,0.0080793714150786,0.0206273943185806,0.0062758871354162,-0.0013154820771887,-0.0018507582135498,0.0039515532553195,-0.0102860834449529,-0.000715619768016,-0.0115599138662219,0.0109811192378401,-0.0402351915836334,0.002833595033735,0.0142352953553199,0.0093006929382681,0.0211823154240846,-0.0129476329311728,-0.0095706321299076,0.0089812632650136,0.0268144868314266,0.0117123452946543,-0.0225058235228061,-0.0186385810375213,0.0051034861244261,0.0031851395033299,-0.0028881733305752,0.0084666181355714,0.0097208293154835,-0.001982343615964,-0.0123440064489841,-0.0099310493096709,-0.0173853542655706,-0.0044842725619673,-0.0036256783641874,0.0252489000558853,0.0186021141707897,0.0117933209985494,-0.0036794310435652,-0.0266255494207143,-0.0069021806120872,-0.0072787362150847,-0.0142742758616805,0.0128335729241371,0.1286049336194992,0.0113087602960404,0.0861885480918265,0.0123253020489642,0.0847480017526014,0.0198221756020016,0.0990325579276494,0.023507066061281,0.1204109720939909,0.0032444174745769,0.2817740056984501,0.0772615301438472,0.0942875721237157,2019-02-12,2019-02-13,2019-02-14,2019-02-15,2019-02-19,2019-02-20,2019-02-21,2019-02-22,2019-02-25,2019-02-26,10606.0,2019-02-11,252.0,-3.7780%,0.0002,1.0414,0.5449,0.1573,1.2429%,1.6710%,44.6796%,-0.043747,WTS,10606.0,2019-02-12,252.0,1.2834%,0.0002,1.0445,0.5398,0.1598,1.2422%,1.6726%,44.8451%,-0.001271,WTS,10606.0,2019-02-13,252.0,-0.1505%,0.0002,1.0415,0.5429,0.1591,1.2422%,1.6696%,44.6437%,-0.004966,WTS,10606.0,2019-02-14,252.0,0.1005%,0.0001,1.04,0.5428,0.1613,1.2370%,1.6642%,44.7567%,0.001192,WTS,10606.0,2019-02-15,252.0,1.3807%,0.0002,1.0522,0.5537,0.181,1.2333%,1.6663%,45.2169%,-0.000176,WTS,10606.0,2019-02-19,252.0,-0.6314%,0.0001,1.0475,0.5507,0.178,1.2341%,1.6626%,44.9043%,-0.010562,WTS,10606.0,2019-02-20,252.0,1.4827%,0.0002,1.0508,0.5601,0.1904,1.2355%,1.6650%,44.9439%,0.010546,WTS,10606.0,2019-02-21,252.0,-0.0982%,0.0002,1.0506,0.5605,0.19,1.2356%,1.6644%,44.8874%,0.003636,WTS,10606.0,2019-02-22,252.0,0.5407%,0.0002,1.0511,0.5537,0.1902,1.2353%,1.6644%,44.9143%,-0.001811,WTS,10606.0,2019-02-25,252.0,-0.8434%,0.0001,1.0525,0.5592,0.1981,1.2344%,1.6640%,44.9660%,-0.008329,WTS,10606.0,2019-02-26,252.0,-0.7027%,0.0001,1.0585,0.5553,0.2006,1.2330%,1.6644%,45.1225%,-0.00121,WTS,-0.045018,-0.049984,-0.048792,-0.05953,-0.056698
25507,WILLIS TOWERS WATSON PUB LTD CO,"Sidoti & Co. Maintains Buy on Weight Watchers Intl, Lowers Price Target to $99",6,uncertain,0.3,0.1,"the news pertains to weight watchers intl and does not directly impact willis towers watson pub ltd co, making the effect on its stock price uncertain.",1,2019-02-11,WTW,2019-02-11 14:19:00+00:00,89017.0,G9662910,0.0131092648953199,765529.0,0.0071756332181394,0.0310253910720348,-0.0015767592703923,-0.021579684689641,-0.0144469859078526,-0.0009008101769722,0.0062907868996262,0.0069544864818453,0.0068412576802074,-0.0045150802470743,0.0021087196655571,0.0203944183886051,-0.0040332148782908,0.0108668655157089,0.0041082045063376,0.0136589556932449,0.0021041592117398,0.003917820751667,-0.0062408405356109,-0.0027727168053388,0.000939009245485,0.0057038418017327,0.0086783803999423,-0.0024655419401824,0.0031391307711601,-0.0034650228917598,0.0028396239504218,0.0004411449772305,0.0519502460956573,0.0108307646587491,-0.061305146664381,0.0002549614291638,-0.0039794472977519,0.0148095013573765,-0.0057579069398343,0.0069023733958601,0.007032279856503,-0.0027274377644062,0.0018191277049481,0.0041734552942216,0.0062675261870026,0.0111433630809187,0.0026777270250022,-0.0060296119190752,0.0081276856362819,0.0063980030827224,0.002476291032508,0.007375419139862,-0.0067785382270812,0.0270233862102031,-0.0027183415368199,-0.020978083834052,0.0109610548242926,-0.0143553791567683,0.0016635685460641,0.0061618499457836,0.0067578759044408,0.0045076999813318,0.0099550606682896,0.0133683020249009,-0.0041117253713309,0.0153468381613493,-0.0064475615508854,-0.0031278077512979,0.0035995291545987,-0.0152001408860087,0.0026188825722783,-0.0131501052528619,0.0061892927624285,-0.0039491271600127,0.0034989300183951,0.0042966282926499,0.0038802560884505,-0.0161290057003498,-0.0024087876081466,-0.0171940084546804,0.0020776903256773,0.004429908003658,-0.002353590214625,0.0055519733577966,0.0056731705553829,0.0018756437348201,0.0040773628279566,-0.0120766730979085,0.0052845133468508,0.002562420675531,0.0001106920753954,-0.0076917642727494,0.0026004272513091,-0.023768164217472,-0.0237846300005912,0.0105989491567015,0.0026568751782178,0.0060571101494133,-0.0006201759679242,-0.0062699853442609,0.0154575519263744,0.0156658384948968,-0.0024444579612463,-0.0019068394321948,0.0033971965312957,0.0086549948900938,0.007659459952265,-0.0047852997668087,-0.00016523701197,0.0024303779937326,0.0155354337766766,-0.0243977811187505,-0.0486600920557975,0.0088127525523304,0.0178480073809623,-0.0100946854799985,0.0071148700080811,0.0043181832879781,-0.0063414326868951,-0.0011252606054767,-0.0236242581158876,0.0092108184471726,0.0063069253228604,-0.0088788736611604,0.0071756332181394,0.0310253910720348,0.0055875597015493,0.0087761882256864,-0.0089401496025708,0.0078674723690455,0.0041171446720507,0.0102944234612825,0.0021174016301439,0.0575335853041889,0.0442300234776413,0.1318497267966654,0.0361240417980204,0.0535056491774839,2019-02-12,2019-02-13,2019-02-14,2019-02-15,2019-02-19,2019-02-20,2019-02-21,2019-02-22,2019-02-25,2019-02-26,89017.0,2019-02-11,252.0,1.3109%,0.0005,0.7506,-0.139,0.4792,1.0110%,1.2528%,34.8789%,0.0119219999999999,WLTW,89017.0,2019-02-12,252.0,0.7176%,0.0006,0.7572,-0.1496,0.4845,1.0073%,1.2534%,35.4104%,-0.002289,WLTW,89017.0,2019-02-13,252.0,-0.1577%,0.0006,0.7551,-0.1479,0.4836,1.0076%,1.2510%,35.1243%,-0.004046,WLTW,89017.0,2019-02-14,252.0,-1.4447%,0.0005,0.757,-0.1535,0.4904,1.0088%,1.2537%,35.2526%,-0.009387,WLTW,89017.0,2019-02-15,252.0,0.6291%,0.0004,0.7444,-0.1655,0.4692,1.0066%,1.2443%,34.5592%,-0.004334,WLTW,89017.0,2019-02-19,252.0,0.6841%,0.0005,0.7466,-0.165,0.4695,1.0065%,1.2449%,34.6334%,0.004399,WLTW,89017.0,2019-02-20,252.0,0.2109%,0.0005,0.7463,-0.1641,0.469,1.0064%,1.2449%,34.6420%,-0.0016289999999999,WLTW,89017.0,2019-02-21,252.0,-0.4033%,0.0004,0.7492,-0.1585,0.4742,1.0054%,1.2451%,34.8029%,-0.000408,WLTW,89017.0,2019-02-22,252.0,0.4108%,0.0005,0.7477,-0.1433,0.4704,1.0041%,1.2424%,34.6836%,0.006981,WLTW,89017.0,2019-02-25,252.0,0.2104%,0.0005,0.7471,-0.1443,0.4676,1.0036%,1.2417%,34.6729%,0.001357,WLTW,89017.0,2019-02-26,252.0,-0.6241%,0.0005,0.7421,-0.1325,0.4699,1.0020%,1.2350%,34.1626%,-0.004526,WLTW,0.009633,0.0055869999999999,-0.0038,-0.003735,-0.00196
25515,WESTERN UNION CO,"Western Union Faces Macro Headwinds, Guggenheim Says After Q4 Print",6,decrease,0.75,0.6,"the mention of 'macro headwinds' suggests challenges ahead for western union, which could negatively impact investor sentiment and lead to a decrease in stock price.",0,2019-02-11,WU,2019-02-11 15:05:00+00:00,91461.0,95980210,-0.008328684605658,9727330.0,0.0072787883691489,-0.0169213693588972,-0.002223402261734,-0.0150538003072142,-0.0111421030014753,0.0048622447066009,0.0028168584685772,0.0054318513721227,0.0022472424898296,-0.0037878623697906,0.0,0.0126027148216962,-0.0117713557556271,-0.0032768687233328,0.0113443434238433,0.0099283130839467,-0.0067302770912647,-0.0022014812566339,0.0011293314164504,-0.0032912488095462,0.0039480933919548,0.0027502330485731,0.0039326744154095,0.006087471731007,0.0190262012183666,-0.0011056085349991,0.0010983227984979,-0.0093099707737565,-0.0087767336517572,0.0184049028903245,0.0038738071452826,0.0101408623158931,-0.0237045381218195,0.0028248154558241,0.0124224293977022,0.01142861507833,0.012827637605369,-0.0011415786575526,0.0011013468028977,0.0063182432204484,0.0121011724695563,0.0051963138394057,-0.0005434283521026,0.0146455774083733,0.0087960334494709,0.0017604916356503,-0.0092643089592456,-0.0029256427660584,-0.0060506383888423,0.0130408592522144,-0.0038738071452826,-0.0157525409013032,0.0177777614444494,0.0046893274411559,-0.0038209441117942,0.0011736238375306,-0.0027396841906011,-0.0029256427660584,0.0203296113759279,0.0047031114809215,0.0,0.0277946237474679,0.0032309889793396,-0.0166369993239641,-0.0085882907733321,-0.0117440251633524,0.0102869812399148,-0.0263006910681724,0.0144694782793521,-0.0090651474893093,0.0073956358246505,-0.0095398472622036,-0.0026218793354928,-0.0198020134121179,0.0194531511515379,-0.0176470819860696,0.0046415757387876,0.0086299804970622,-0.0051334900781512,0.0092542227357625,-0.0005159092834219,0.0038252242375165,-0.0103252837434411,0.008264441974461,-0.0031298624817281,-0.0183883272111415,0.0031396893318742,0.0070805642753839,0.0036515230312943,-0.0192307010293006,0.003118475433439,-0.0005339150666259,0.0,0.0026766187511384,-0.0015543409390375,-0.0090185711160302,0.0072651472873985,0.01072390191257,0.0015456303954124,0.0064759268425405,-0.0133744971826672,0.0037920696195214,0.026590209454298,0.0016277144895866,-0.0142204510048031,-0.0102041102945804,0.0015456303954124,-0.0048101684078574,-0.0061728823930025,-0.0095288679003715,-0.0025879521854221,0.0069295926950871,0.0015567607479169,-0.0058293910697102,-0.0041450737044215,-0.0010586845455691,-0.0010405073408037,0.0177801679819822,0.0,-0.0138151030987501,0.0072787883691489,-0.0169213693588972,0.0050392024328922,-0.031720438750858,-0.0061590478811356,-0.0270124265796646,-0.0011198457867513,-0.0254328650314422,-0.007278894018078,-0.0120679829906652,0.0511857334883982,0.0587889472603375,0.0868479934902055,-0.033038053926451,2019-02-12,2019-02-13,2019-02-14,2019-02-15,2019-02-19,2019-02-20,2019-02-21,2019-02-22,2019-02-25,2019-02-26,91461.0,2019-02-11,252.0,-0.8329%,-0.0002,0.6443,0.018,-0.0168,0.9278%,1.1570%,35.7000%,-0.009433,WU,91461.0,2019-02-12,252.0,0.7279%,-0.0003,0.6313,0.0336,-0.0262,0.9183%,1.1431%,35.4570%,-0.001616,WU,91461.0,2019-02-13,252.0,-0.2223%,-0.0004,0.6248,0.0431,-0.0254,0.9150%,1.1352%,35.0412%,-0.004093,WU,91461.0,2019-02-14,252.0,-1.1142%,-0.0004,0.6273,0.0378,-0.0199,0.9169%,1.1373%,35.0033%,-0.010302,WU,91461.0,2019-02-15,252.0,0.2817%,-0.0005,0.6091,0.021,-0.05,0.9094%,1.1236%,34.4888%,-0.00437,WU,91461.0,2019-02-19,252.0,0.2247%,-0.0005,0.6132,0.0166,-0.0553,0.9062%,1.1233%,34.9205%,0.0010789999999999,WU,91461.0,2019-02-20,252.0,0.0000%,-0.0005,0.6128,0.0142,-0.0573,0.9060%,1.1231%,34.9306%,-0.000997,WU,91461.0,2019-02-21,252.0,-1.1771%,-0.0005,0.6163,0.0192,-0.0509,0.9075%,1.1254%,34.9758%,-0.009726,WU,91461.0,2019-02-22,252.0,1.1344%,-0.0005,0.615,0.0273,-0.0585,0.9080%,1.1268%,35.0627%,0.0063849999999999,WU,91461.0,2019-02-25,252.0,-0.6730%,-0.0005,0.615,0.031,-0.0564,0.9092%,1.1275%,34.9816%,-0.007787,WU,91461.0,2019-02-26,252.0,0.1129%,-0.0005,0.6155,0.0271,-0.0581,0.9093%,1.1265%,34.8499%,0.002026,WU,-0.011049,-0.015142,-0.025444,-0.028735,-0.038834
25523,UNITED STATES STEEL CORP NEW,United States Steel Announces Restart Of Construction Of Electric Arc Furnace,6,increase,0.8,0.6,"the restart of construction of an electric arc furnace suggests a commitment to modernizing production and potentially increasing efficiency, which is likely to be viewed positively by investors.",2,2019-02-11,X,2019-02-11 14:00:00+00:00,76644.0,91290910,0.0282459631562233,10005624.0,0.0128489043563604,-0.0274700466543436,-0.0026304018683731,-0.0258955713361501,-0.0043956213630735,0.0034646999556571,0.0119205499067902,0.0185266900807619,0.0047993287444114,0.0285843536257743,0.0421189442276954,-0.022182784974575,0.0050000348128378,0.0144015131518244,-0.0008292063721455,0.0427029505372047,-0.0066389977000653,-0.0184246730059385,-0.001670881989412,0.0032347363885492,-0.0066945543512701,0.0449058599770069,-0.0560235865414142,0.0038778441958129,-0.0049085500650107,-0.0114998407661914,-0.0026905590202659,-0.0293022859841585,-0.0152877764776349,0.0131951319053769,-0.0602739602327346,0.0285991355776786,-0.0281826984137296,0.0217928979545831,-0.0375000014901161,-0.0302593261003494,0.0394805297255516,-0.0104563310742378,0.0204897467046976,0.0023821413051337,-0.002938269637525,0.0071976785548031,-0.0284872259944677,0.0067632552236318,-0.0060667763464152,0.0122249387204647,0.0066124652512371,0.005408092867583,0.0096007389947772,0.1006493866443634,-0.0100099528208375,-0.0016207826556637,0.0262891072779893,0.0148026570677757,-0.0596058666706085,-0.0005479577230289,0.000523846480064,-0.0059913182631134,0.0062826666980981,-0.0021738591603934,-0.0036420237738639,0.0654313340783119,0.0120104197412729,-0.0505772419273853,0.0056759864091873,-0.0156925879418849,0.0338635109364986,-0.0180658958852291,-0.0109180798754096,-0.061814546585083,0.0055193481966853,0.011598564684391,-0.0044910255819559,-0.0094905355945229,-0.0055138147436082,-0.0094012189656496,-0.0050403419882059,-0.0236715786159038,-0.0997973307967186,0.0087719447910785,-0.0292628277093172,-0.0144091853871941,-0.0324637368321418,-0.0229938887059688,0.0029957599472254,-0.031803760677576,-0.00179215578828,-0.0248116739094257,0.0029922889079898,-0.0500841960310936,-0.0059666098095476,0.0303556285798549,-0.0144057488068938,-0.0038876957260072,-0.0188793819397687,-0.0111063746735453,0.0024828682653605,0.0213786978274583,-0.0030959281139075,-0.0832000002264976,-0.0260869599878788,-0.0279937535524368,-0.0006377696990966,-0.0220532305538654,0.0082961143925786,0.0229482762515544,-0.0126582160592079,-0.0575513765215873,-0.0211538411676883,-0.0158729664981365,-0.0576293431222438,0.0061706020496785,0.1730367392301559,0.0151068484410643,-0.0148104270920157,-0.0029390126001089,-0.0132290637120604,0.0014716337900608,-0.0615478530526161,-0.0184182096272707,0.0128489043563604,-0.0274700466543436,0.0101847047059617,-0.0526542654377488,0.005744315237306,-0.0493719967132191,0.022617777415965,-0.0040834919400998,0.0612489690968018,0.0143253869239938,-0.1465604711510705,0.1929348504142816,-0.3161826837334296,-0.2072950408454469,2019-02-12,2019-02-13,2019-02-14,2019-02-15,2019-02-19,2019-02-20,2019-02-21,2019-02-22,2019-02-25,2019-02-26,76644.0,2019-02-11,252.0,2.8246%,-0.0013,1.6353,0.6541,0.919,2.5047%,2.9802%,29.3629%,0.019544,X,76644.0,2019-02-12,252.0,1.2849%,-0.0012,1.6376,0.6461,0.9216,2.5043%,2.9808%,29.4201%,-0.008059,X,76644.0,2019-02-13,252.0,-0.2630%,-0.0014,1.617,0.6781,0.9256,2.4901%,2.9574%,29.1063%,-0.008349,X,76644.0,2019-02-14,252.0,-0.4396%,-0.0015,1.6156,0.6788,0.9264,2.4885%,2.9554%,29.0991%,0.000742,X,76644.0,2019-02-15,252.0,1.1921%,-0.0016,1.5898,0.6545,0.8831,2.4854%,2.9377%,28.4207%,-0.012579,X,76644.0,2019-02-19,252.0,0.4799%,-0.0016,1.5907,0.6522,0.8804,2.4854%,2.9374%,28.4098%,-0.002869,X,76644.0,2019-02-20,252.0,4.2119%,-0.0021,1.5866,0.5794,0.8491,2.3200%,2.7953%,31.1170%,0.032719,X,76644.0,2019-02-21,252.0,0.5000%,-0.0021,1.5895,0.5887,0.8543,2.3193%,2.7956%,31.1725%,0.013129,X,76644.0,2019-02-22,252.0,-0.0829%,-0.0019,1.5873,0.6455,0.8799,2.3040%,2.7830%,31.4585%,-0.001941,X,76644.0,2019-02-25,252.0,-0.6639%,-0.002,1.5882,0.6483,0.8848,2.3036%,2.7830%,31.4822%,-0.0058579999999999,X,76644.0,2019-02-26,252.0,-0.1671%,-0.0019,1.59,0.6331,0.8784,2.3041%,2.7815%,31.3799%,0.00784,X,0.0114849999999999,0.0031359999999999,0.0038779999999999,-0.01157,0.034319
25531,YELP INC,Benchmark Continues To See IAC As Core Long-Term Holding,6,uncertain,0.6,0.3,"while benchmark's view of iac as a core long-term holding may reflect positively on iac's overall strategy, it does not directly indicate a clear impact on yelp inc's stock price.",1,2019-02-11,YELP,2019-02-11 20:07:00+00:00,13318.0,98581710,-0.0021063196472823,2497920.0,0.0261213146150112,0.0477241240441799,-0.0110568348318338,-0.0239633657038211,-0.0070202928036451,-0.0077478201128542,0.0458235144615173,-0.0105736590921878,-0.0060089603066444,0.0177563540637493,-0.0239294897764921,0.0205930825322866,-0.0196128599345684,-0.0008231163956224,0.0144774736836552,0.0063500697724521,-0.003113719401881,-0.0130790062248706,-0.0135345309972763,-0.0097139934077858,-0.0050132567994296,0.0340402126312255,-0.0119331944733858,0.0104313204064965,-0.0034889227245002,0.0028273195493966,-0.0105036189779639,-0.024813937023282,-0.005443678703159,0.001104082679376,-0.0166940502822399,0.0134265609085559,-0.0314500704407692,0.0223047975450754,-0.0017240678425878,0.0142111862078309,0.0279216282069683,-0.0005797233898192,-0.0184822138398885,0.0055377036333084,-0.0142653351649642,-0.0389355570077896,0.0026049248408526,0.0053506745025515,0.0132794193923473,0.0195232983678579,-0.0062677324749529,0.007812513038516,-0.0051605589687824,0.0273484550416469,-0.0028819101862609,-0.0269019473344087,0.0083815297111868,-0.0120034860447049,-0.0151905640959739,0.0165602415800094,0.0101862186565995,-0.0151645950973033,0.0048977811820805,0.0237258747220039,-0.0126147484406828,0.0589329302310943,0.0069686900824308,0.004361470695585,-0.0051903203129768,-0.0345865115523338,0.0153622832149267,-0.0180153753608465,0.0094205494970083,0.001182759180665,0.0090497648343443,-0.0041224793531,-0.0137332305312156,-0.036322433501482,0.0059676868841052,-0.0172894280403852,-0.0028249232564121,0.0002789996215142,0.0056657441891729,-0.0025041778571903,0.0112676490098238,0.0084174871444702,-0.0050139357335865,0.0303555727005004,-0.0039193555712699,0.0052310465835034,-0.0044970111921429,0.0204625912010669,0.0047996044158935,-0.0447591505944728,0.0016859053866937,0.0484110824763774,0.0098176281899213,-0.0050236992537975,0.0263889096677303,0.0431566461920738,0.0316643603146076,0.0341089516878128,-0.0020985838491469,-0.0190743803977966,0.0386434644460678,0.0403383150696754,0.0002531545469537,0.0022823505569249,0.0136639904230833,-0.0176168885082006,0.0,-0.0015990132233127,-0.0104843229055404,-0.0457735732197761,0.0138748548924922,-0.0072704595513641,0.0196566544473171,0.0210329871624708,-0.006100536789745,-0.0397979319095611,-0.0201325733214616,-0.0117405792698264,0.0165372043848037,0.0670215934514999,0.0261213146150112,0.0477241240441799,0.0147756607218887,0.0226171277029936,0.0076516384536087,0.014694074153227,0.0474933806110569,0.0217918037356774,-1.0768327340926476e-09,0.0248245573056149,-0.0796833851055498,0.1124780376498642,0.0704484969878811,0.189476967950753,2019-02-12,2019-02-13,2019-02-14,2019-02-15,2019-02-19,2019-02-20,2019-02-21,2019-02-22,2019-02-25,2019-02-26,13318.0,2019-02-11,252.0,-0.2106%,-0.0002,1.0402,1.2145,-0.5323,2.9250%,3.2837%,20.6510%,-0.009882,YELP,13318.0,2019-02-12,252.0,2.6121%,-0.0001,1.0548,1.2037,-0.523,2.9243%,3.2871%,20.8590%,0.010727,YELP,13318.0,2019-02-13,252.0,-1.1057%,-0.0002,1.0492,1.2074,-0.5258,2.9253%,3.2861%,20.7569%,-0.014466,YELP,13318.0,2019-02-14,252.0,-0.7020%,-0.0002,1.0534,1.2002,-0.5194,2.9255%,3.2861%,20.7442%,-0.014245,YELP,13318.0,2019-02-15,252.0,4.5824%,-0.0002,1.0312,1.1839,-0.5506,2.9136%,3.2693%,20.5756%,0.033313,YELP,13318.0,2019-02-19,252.0,-0.6009%,-0.0003,1.0291,1.1782,-0.5569,2.9143%,3.2683%,20.4942%,-0.00985,YELP,13318.0,2019-02-20,252.0,-2.3929%,-0.0004,1.023,1.1686,-0.5777,2.9180%,3.2717%,20.4532%,-0.025514,YELP,13318.0,2019-02-21,252.0,-1.9613%,-0.0006,1.0444,1.2086,-0.5384,2.9033%,3.2647%,20.9186%,-0.0164379999999999,YELP,13318.0,2019-02-22,252.0,1.4477%,-0.0006,1.0451,1.2123,-0.5263,2.9034%,3.2660%,20.9704%,-0.006973,YELP,13318.0,2019-02-25,252.0,-0.3114%,-0.0006,1.0455,1.2137,-0.524,2.9034%,3.2658%,20.9666%,-0.002577,YELP,13318.0,2019-02-26,252.0,-1.3535%,-0.0007,1.0451,1.2214,-0.5203,2.9035%,3.2657%,20.9529%,-0.005923,YELP,0.000845,-0.013621,-0.027866,-0.0044029999999999,-0.0618279999999999
25539,YELP INC,"Yelp Shares Spike To Session High, Up 1.3%, As Traders Circulate Word Dealreporter Saying IAC Could Be Considering Purchase The Co.",6,increase,0.8,0.6,"the news of a potential acquisition by iac typically generates positive sentiment and interest in the stock, leading to an increase in yelp inc's stock price.",2,2019-02-11,YELP,2019-02-11 14:47:00+00:00,13318.0,98581710,-0.0021063196472823,2497920.0,0.0261213146150112,0.0477241240441799,-0.0110568348318338,-0.0239633657038211,-0.0070202928036451,-0.0077478201128542,0.0458235144615173,-0.0105736590921878,-0.0060089603066444,0.0177563540637493,-0.0239294897764921,0.0205930825322866,-0.0196128599345684,-0.0008231163956224,0.0144774736836552,0.0063500697724521,-0.003113719401881,-0.0130790062248706,-0.0135345309972763,-0.0097139934077858,-0.0050132567994296,0.0340402126312255,-0.0119331944733858,0.0104313204064965,-0.0034889227245002,0.0028273195493966,-0.0105036189779639,-0.024813937023282,-0.005443678703159,0.001104082679376,-0.0166940502822399,0.0134265609085559,-0.0314500704407692,0.0223047975450754,-0.0017240678425878,0.0142111862078309,0.0279216282069683,-0.0005797233898192,-0.0184822138398885,0.0055377036333084,-0.0142653351649642,-0.0389355570077896,0.0026049248408526,0.0053506745025515,0.0132794193923473,0.0195232983678579,-0.0062677324749529,0.007812513038516,-0.0051605589687824,0.0273484550416469,-0.0028819101862609,-0.0269019473344087,0.0083815297111868,-0.0120034860447049,-0.0151905640959739,0.0165602415800094,0.0101862186565995,-0.0151645950973033,0.0048977811820805,0.0237258747220039,-0.0126147484406828,0.0589329302310943,0.0069686900824308,0.004361470695585,-0.0051903203129768,-0.0345865115523338,0.0153622832149267,-0.0180153753608465,0.0094205494970083,0.001182759180665,0.0090497648343443,-0.0041224793531,-0.0137332305312156,-0.036322433501482,0.0059676868841052,-0.0172894280403852,-0.0028249232564121,0.0002789996215142,0.0056657441891729,-0.0025041778571903,0.0112676490098238,0.0084174871444702,-0.0050139357335865,0.0303555727005004,-0.0039193555712699,0.0052310465835034,-0.0044970111921429,0.0204625912010669,0.0047996044158935,-0.0447591505944728,0.0016859053866937,0.0484110824763774,0.0098176281899213,-0.0050236992537975,0.0263889096677303,0.0431566461920738,0.0316643603146076,0.0341089516878128,-0.0020985838491469,-0.0190743803977966,0.0386434644460678,0.0403383150696754,0.0002531545469537,0.0022823505569249,0.0136639904230833,-0.0176168885082006,0.0,-0.0015990132233127,-0.0104843229055404,-0.0457735732197761,0.0138748548924922,-0.0072704595513641,0.0196566544473171,0.0210329871624708,-0.006100536789745,-0.0397979319095611,-0.0201325733214616,-0.0117405792698264,0.0165372043848037,0.0670215934514999,0.0261213146150112,0.0477241240441799,0.0147756607218887,0.0226171277029936,0.0076516384536087,0.014694074153227,0.0474933806110569,0.0217918037356774,-1.0768327340926476e-09,0.0248245573056149,-0.0796833851055498,0.1124780376498642,0.0704484969878811,0.189476967950753,2019-02-12,2019-02-13,2019-02-14,2019-02-15,2019-02-19,2019-02-20,2019-02-21,2019-02-22,2019-02-25,2019-02-26,13318.0,2019-02-11,252.0,-0.2106%,-0.0002,1.0402,1.2145,-0.5323,2.9250%,3.2837%,20.6510%,-0.009882,YELP,13318.0,2019-02-12,252.0,2.6121%,-0.0001,1.0548,1.2037,-0.523,2.9243%,3.2871%,20.8590%,0.010727,YELP,13318.0,2019-02-13,252.0,-1.1057%,-0.0002,1.0492,1.2074,-0.5258,2.9253%,3.2861%,20.7569%,-0.014466,YELP,13318.0,2019-02-14,252.0,-0.7020%,-0.0002,1.0534,1.2002,-0.5194,2.9255%,3.2861%,20.7442%,-0.014245,YELP,13318.0,2019-02-15,252.0,4.5824%,-0.0002,1.0312,1.1839,-0.5506,2.9136%,3.2693%,20.5756%,0.033313,YELP,13318.0,2019-02-19,252.0,-0.6009%,-0.0003,1.0291,1.1782,-0.5569,2.9143%,3.2683%,20.4942%,-0.00985,YELP,13318.0,2019-02-20,252.0,-2.3929%,-0.0004,1.023,1.1686,-0.5777,2.9180%,3.2717%,20.4532%,-0.025514,YELP,13318.0,2019-02-21,252.0,-1.9613%,-0.0006,1.0444,1.2086,-0.5384,2.9033%,3.2647%,20.9186%,-0.0164379999999999,YELP,13318.0,2019-02-22,252.0,1.4477%,-0.0006,1.0451,1.2123,-0.5263,2.9034%,3.2660%,20.9704%,-0.006973,YELP,13318.0,2019-02-25,252.0,-0.3114%,-0.0006,1.0455,1.2137,-0.524,2.9034%,3.2658%,20.9666%,-0.002577,YELP,13318.0,2019-02-26,252.0,-1.3535%,-0.0007,1.0451,1.2214,-0.5203,2.9035%,3.2657%,20.9529%,-0.005923,YELP,0.000845,-0.013621,-0.027866,-0.0044029999999999,-0.0618279999999999
25547,ASBURY AUTOMOTIVE GROUP INC,"Asbury Automotive Group Q4 Adj. EPS $2.20 Beats $2.05 Estimate, Sales $1.784B Beat $1.73B Estimate",6,increase,0.8,0.7,"the company reported better-than-expected earnings and sales, which typically leads to positive investor sentiment and an increase in stock price.",2,2019-02-06,ABG,2019-02-06 12:20:00+00:00,89327.0,04343610,0.0161468144506216,333953.0,-0.0604372844099998,0.0042965705506503,-0.0023128599859774,0.0232591032981872,0.0,-0.0019815906416624,0.0139091098681092,0.0061236158944666,0.0091454610228538,0.0162084344774484,-0.0089210541918873,-0.0066129830665886,0.0272896662354469,-0.0045792744494974,-0.0152990045025944,0.0139291808009147,0.0303671434521675,-0.0057703624479472,-0.0267305970191955,-0.0170164071023464,-0.0088732009753584,-0.0290513653308153,0.0058262897655367,0.0216626953333616,0.0084769492968916,0.0152813447639346,0.0026618442498147,0.0090790782123804,0.0030739307403564,0.0039062013383954,-0.0083576887845993,-0.007466924842447,-0.0341340117156505,0.0098607931286096,-0.0104712219908833,-0.0230910517275333,-0.0154321435838937,0.0108834952116012,-0.0089565385133028,-0.0117464167997241,0.0096399970352649,0.0319848470389843,0.008951193653047,0.0092866290360689,0.0054709855467081,-0.004110487177968,0.0147058824077248,0.0219021756201982,-0.0166666880249977,0.0144575340673327,0.006484929472208,0.014043147675693,0.0095182536169886,-0.0009250317234545,-0.0073977680876851,0.0410915166139602,-0.005114693660289,-0.0032000122591853,0.0180669166147708,-0.0304064396768808,-0.0349155701696872,0.0004656026430893,0.0156974587589502,-0.0293762739747762,0.0092728473246097,-0.0083657782524824,0.0153128635138273,0.0095009030774235,-0.0149382483214139,0.0187432989478111,0.0113735599443316,0.0066500566899776,0.0229238215833902,0.0115770576521754,-0.0102888764813542,0.0069312951527535,0.0162346828728914,-0.0135197974741458,0.0205997936427593,-0.0242607817053794,-0.016751354560256,-0.0060286591760814,0.0076805339194834,-0.054034799337387,-0.0058204792439937,0.0147568956017494,0.0125453239306807,0.0007239474798552,0.0063325865194201,-0.0249858368188142,0.03077975474298,0.0105563178658485,0.0005308681866154,-0.0197175722569227,0.01339703053236,0.0230329129844903,-0.0069371564313769,0.0216311514377594,-0.002899712882936,0.0180032607167959,-0.0310640893876552,-0.0276331529021263,0.0481582358479499,0.0013038384495303,0.0339711122214794,-0.0061906175687909,-0.0052870819345116,0.011651549488306,0.0256897807121276,0.0002914375509135,-0.0170265864580869,0.0104519221931695,0.0064014326781034,-0.000441418174887,-0.0124719385057687,-0.0150724770501256,-0.0013892473652958,0.0172489769756794,0.0174528546631336,0.0084745716303586,-0.0604372844099998,0.0042965705506503,-0.0626103614192042,0.0276556082271031,-0.0626103614192042,0.0256192154909882,-0.0408800046868615,0.0486251925161571,-0.0357191021229722,0.0275099641242173,-0.0586717383761705,0.124107979854771,0.0926252865265182,0.0773118847722247,2019-02-07,2019-02-08,2019-02-11,2019-02-12,2019-02-13,2019-02-14,2019-02-15,2019-02-19,2019-02-20,2019-02-21,89327.0,2019-02-06,252.0,1.6147%,0.0006,0.9289,0.8642,0.6852,1.5042%,1.7979%,29.9960%,0.01772,ABG,89327.0,2019-02-07,252.0,-6.0437%,0.0003,0.9298,0.8864,0.67,1.5356%,1.8271%,29.3646%,-0.0534469999999999,ABG,89327.0,2019-02-08,252.0,-0.2313%,0.0003,0.9299,0.8788,0.6655,1.5347%,1.8259%,29.3501%,0.0009299999999999,ABG,89327.0,2019-02-11,252.0,0.0000%,0.0002,0.9447,0.8526,0.659,1.5336%,1.8245%,29.3473%,-0.008733,ABG,89327.0,2019-02-12,252.0,1.3909%,0.0001,0.9388,0.8614,0.6545,1.5319%,1.8220%,29.3093%,0.001912,ABG,89327.0,2019-02-13,252.0,0.9145%,0.0002,0.9428,0.8566,0.6549,1.5316%,1.8229%,29.4042%,0.005442,ABG,89327.0,2019-02-14,252.0,-0.8921%,0.0002,0.946,0.8531,0.6565,1.5270%,1.8201%,29.6157%,-0.007697,ABG,89327.0,2019-02-15,252.0,2.7290%,0.0003,0.9639,0.8703,0.6871,1.5263%,1.8275%,30.2460%,0.011215,ABG,89327.0,2019-02-19,252.0,-1.5299%,0.0003,0.9607,0.8548,0.6699,1.5324%,1.8301%,29.8898%,-0.021816,ABG,89327.0,2019-02-20,252.0,3.0367%,0.0004,0.9671,0.8695,0.6928,1.5390%,1.8398%,30.0299%,0.022877,ABG,89327.0,2019-02-21,252.0,-2.6731%,0.0003,0.9714,0.8734,0.7007,1.5448%,1.8460%,29.9710%,-0.02105,ABG,-0.0357269999999999,-0.0347969999999999,-0.0435299999999999,-0.0361759999999999,-0.0526469999999999
25555,AXCELIS TECHNOLOGIES INC,Axcelis Technologies Sees Q1 EPS $0.10-0.13 vs $0.23 Est; Sees Sales $90.0M-95.0M vs $101.45M Est,6,decrease,0.8,0.7,"the company's earnings per share and sales projections are both significantly below analyst estimates, which is likely to negatively impact investor sentiment and lead to a decrease in stock price.",0,2019-02-06,ACLS,2019-02-06 22:02:00+00:00,88417.0,05454020,0.0343546755611896,280091.0,0.0017952875932678,-0.0009275765623897,-0.02105731703341,0.0074766282923519,0.006407294422388,0.0273643638938665,0.0154615808278322,0.006280152592808,0.0022391059901565,0.014208766631782,0.011170688085258,-0.0173327196389436,-0.0083958739414811,0.0359102860093116,-0.006238916888833,0.0664893612265586,0.0103139663115143,0.0485219694674015,-0.0177541729062795,-0.0292365476489067,-0.0049705696292221,-0.0542755424976348,-0.0090826861560344,0.0156006840988993,-0.0164986532181501,-0.0015576680889353,-0.0097856055945158,0.0399567894637584,-0.0108235077932477,0.0,0.0042816437780857,0.0226394161581993,0.0028422295581549,0.0016593299806118,-0.0075578577816486,0.0005534160882234,-0.0304616559296846,0.0163104049861431,-0.0270005464553833,-0.0039215516299009,-0.0126135218888521,0.0136286066845059,0.0260603092610836,0.0627640858292579,-0.0054781180806458,-0.0685779154300689,0.0105158239603042,-0.0005617034621536,0.0074330829083919,0.0022521964274346,0.012788993306458,0.0453208051621913,0.0038853774312883,0.0216476619243621,0.0019351236987859,0.0701415166258812,-0.0101399850100278,-0.019558385014534,0.0190243609249591,-0.0446051694452762,-0.0440402142703533,-0.0083681643009185,0.0080120107159018,-0.0467236302793026,-0.0144063103944063,-0.0034072329290211,0.0,-0.0101180607452988,0.00100808753632,-0.0230641514062881,0.0130916526541113,-0.0151433581486344,0.0109343593940138,0.0159340109676122,-0.0083579188212752,-0.0010976153425872,0.0228061024099588,-0.0172600634396076,0.0082404306158423,-0.0252365674823522,0.0076923007145524,-0.0139969130977988,0.0014313305728137,-0.0398207679390907,-0.0114340055733919,0.0085341399535536,0.0081927748396992,0.0137404818087816,-0.0014340672641992,0.0218408778309822,0.0268071517348289,0.053698606789112,-0.0023310557007789,0.0060639809817075,0.0093458304181694,0.0134078087285161,0.0106481267139315,0.0039259502664208,-0.0073293563909828,0.0253019295632839,-0.0119981644675135,0.0211390890181064,-0.0065389717929065,-0.0301821641623973,0.0084626376628875,0.0317273214459419,-0.0181818772107362,0.0499692410230636,0.0109212463721633,0.0024736553896218,-0.0014091444900259,-0.0018518941942602,0.001411132980138,-0.0498532839119434,-0.0079849725589156,-0.0328984670341014,0.0071022543124854,-0.0084365308284759,0.0324399918317794,0.0301274880766868,0.0017952875932678,-0.0009275765623897,-0.0192998333801598,0.0065421165847925,-0.0130161986725414,0.0340855013375214,0.0044882619850956,0.0553650704274772,-0.0067325642065735,0.1662155740086186,-0.0623878472293407,0.2983725507096288,-0.0143627238276874,0.2479722234545158,2019-02-07,2019-02-08,2019-02-11,2019-02-12,2019-02-13,2019-02-14,2019-02-15,2019-02-19,2019-02-20,2019-02-21,88417.0,2019-02-06,252.0,3.4355%,-0.0003,1.6577,0.9294,0.1031,2.0842%,2.7919%,44.2702%,0.037948,ACLS,88417.0,2019-02-07,252.0,0.1795%,-0.0002,1.6551,0.9249,0.1078,2.0872%,2.7894%,44.0088%,0.017918,ACLS,88417.0,2019-02-08,252.0,-2.1057%,-0.0002,1.6585,0.944,0.1347,2.0897%,2.7906%,43.9280%,-0.022365,ACLS,88417.0,2019-02-11,252.0,0.6407%,-0.0002,1.6476,0.9511,0.1329,2.0891%,2.7644%,42.8889%,-0.002555,ACLS,88417.0,2019-02-12,252.0,1.5462%,-0.0002,1.6383,0.9581,0.1268,2.0886%,2.7610%,42.7757%,-0.007011,ACLS,88417.0,2019-02-13,252.0,0.2239%,-0.0003,1.6358,0.9611,0.1267,2.0885%,2.7577%,42.6443%,-0.0031119999999999,ACLS,88417.0,2019-02-14,252.0,1.1171%,-0.0002,1.6343,0.9673,0.1183,2.0877%,2.7580%,42.7014%,0.010243,ACLS,88417.0,2019-02-15,252.0,-0.8396%,-0.0004,1.602,0.935,0.0616,2.0936%,2.7453%,41.8452%,-0.029949,ACLS,88417.0,2019-02-19,252.0,-0.6239%,-0.0004,1.6005,0.9264,0.052,2.0948%,2.7441%,41.7241%,-0.012279,ACLS,88417.0,2019-02-20,252.0,1.0314%,-0.0004,1.6027,0.9346,0.0606,2.0945%,2.7448%,41.7683%,0.004849,ACLS,88417.0,2019-02-21,252.0,-1.7754%,-0.0005,1.6168,0.9609,0.0866,2.0857%,2.7446%,42.2516%,-0.011131,ACLS,0.055866,0.033501,0.030946,0.020823,-0.0174439999999999
25563,AXCELIS TECHNOLOGIES INC,"Axcelis Technologies Q4 EPS $0.25 Beats $0.20 Estimate, Sales $105.7M Beat $99.83M Estimate",6,increase,0.8,0.7,"the company reported better-than-expected earnings and sales, which typically leads to positive investor sentiment and an increase in stock price.",2,2019-02-06,ACLS,2019-02-06 22:02:00+00:00,88417.0,05454020,0.0343546755611896,280091.0,0.0017952875932678,-0.0009275765623897,-0.02105731703341,0.0074766282923519,0.006407294422388,0.0273643638938665,0.0154615808278322,0.006280152592808,0.0022391059901565,0.014208766631782,0.011170688085258,-0.0173327196389436,-0.0083958739414811,0.0359102860093116,-0.006238916888833,0.0664893612265586,0.0103139663115143,0.0485219694674015,-0.0177541729062795,-0.0292365476489067,-0.0049705696292221,-0.0542755424976348,-0.0090826861560344,0.0156006840988993,-0.0164986532181501,-0.0015576680889353,-0.0097856055945158,0.0399567894637584,-0.0108235077932477,0.0,0.0042816437780857,0.0226394161581993,0.0028422295581549,0.0016593299806118,-0.0075578577816486,0.0005534160882234,-0.0304616559296846,0.0163104049861431,-0.0270005464553833,-0.0039215516299009,-0.0126135218888521,0.0136286066845059,0.0260603092610836,0.0627640858292579,-0.0054781180806458,-0.0685779154300689,0.0105158239603042,-0.0005617034621536,0.0074330829083919,0.0022521964274346,0.012788993306458,0.0453208051621913,0.0038853774312883,0.0216476619243621,0.0019351236987859,0.0701415166258812,-0.0101399850100278,-0.019558385014534,0.0190243609249591,-0.0446051694452762,-0.0440402142703533,-0.0083681643009185,0.0080120107159018,-0.0467236302793026,-0.0144063103944063,-0.0034072329290211,0.0,-0.0101180607452988,0.00100808753632,-0.0230641514062881,0.0130916526541113,-0.0151433581486344,0.0109343593940138,0.0159340109676122,-0.0083579188212752,-0.0010976153425872,0.0228061024099588,-0.0172600634396076,0.0082404306158423,-0.0252365674823522,0.0076923007145524,-0.0139969130977988,0.0014313305728137,-0.0398207679390907,-0.0114340055733919,0.0085341399535536,0.0081927748396992,0.0137404818087816,-0.0014340672641992,0.0218408778309822,0.0268071517348289,0.053698606789112,-0.0023310557007789,0.0060639809817075,0.0093458304181694,0.0134078087285161,0.0106481267139315,0.0039259502664208,-0.0073293563909828,0.0253019295632839,-0.0119981644675135,0.0211390890181064,-0.0065389717929065,-0.0301821641623973,0.0084626376628875,0.0317273214459419,-0.0181818772107362,0.0499692410230636,0.0109212463721633,0.0024736553896218,-0.0014091444900259,-0.0018518941942602,0.001411132980138,-0.0498532839119434,-0.0079849725589156,-0.0328984670341014,0.0071022543124854,-0.0084365308284759,0.0324399918317794,0.0301274880766868,0.0017952875932678,-0.0009275765623897,-0.0192998333801598,0.0065421165847925,-0.0130161986725414,0.0340855013375214,0.0044882619850956,0.0553650704274772,-0.0067325642065735,0.1662155740086186,-0.0623878472293407,0.2983725507096288,-0.0143627238276874,0.2479722234545158,2019-02-07,2019-02-08,2019-02-11,2019-02-12,2019-02-13,2019-02-14,2019-02-15,2019-02-19,2019-02-20,2019-02-21,88417.0,2019-02-06,252.0,3.4355%,-0.0003,1.6577,0.9294,0.1031,2.0842%,2.7919%,44.2702%,0.037948,ACLS,88417.0,2019-02-07,252.0,0.1795%,-0.0002,1.6551,0.9249,0.1078,2.0872%,2.7894%,44.0088%,0.017918,ACLS,88417.0,2019-02-08,252.0,-2.1057%,-0.0002,1.6585,0.944,0.1347,2.0897%,2.7906%,43.9280%,-0.022365,ACLS,88417.0,2019-02-11,252.0,0.6407%,-0.0002,1.6476,0.9511,0.1329,2.0891%,2.7644%,42.8889%,-0.002555,ACLS,88417.0,2019-02-12,252.0,1.5462%,-0.0002,1.6383,0.9581,0.1268,2.0886%,2.7610%,42.7757%,-0.007011,ACLS,88417.0,2019-02-13,252.0,0.2239%,-0.0003,1.6358,0.9611,0.1267,2.0885%,2.7577%,42.6443%,-0.0031119999999999,ACLS,88417.0,2019-02-14,252.0,1.1171%,-0.0002,1.6343,0.9673,0.1183,2.0877%,2.7580%,42.7014%,0.010243,ACLS,88417.0,2019-02-15,252.0,-0.8396%,-0.0004,1.602,0.935,0.0616,2.0936%,2.7453%,41.8452%,-0.029949,ACLS,88417.0,2019-02-19,252.0,-0.6239%,-0.0004,1.6005,0.9264,0.052,2.0948%,2.7441%,41.7241%,-0.012279,ACLS,88417.0,2019-02-20,252.0,1.0314%,-0.0004,1.6027,0.9346,0.0606,2.0945%,2.7448%,41.7683%,0.004849,ACLS,88417.0,2019-02-21,252.0,-1.7754%,-0.0005,1.6168,0.9609,0.0866,2.0857%,2.7446%,42.2516%,-0.011131,ACLS,0.055866,0.033501,0.030946,0.020823,-0.0174439999999999
25571,AMERICAN EQUITY INVT LIFE HLDG C,American Equity Investmen Q4 EPS $0.99 Beats $0.90 Estimate,6,increase,0.8,0.6,"beating earnings estimates typically signals strong performance, which can positively influence investor sentiment and drive the stock price higher.",2,2019-02-06,AEL,2019-02-06 21:46:00+00:00,89946.0,02567620,-0.0022222124971449,372076.0,-0.0066815461032092,-0.0063091721385717,-0.0253042615950107,0.009875800460577,0.0049293334595859,0.0022349839564412,0.0199476983398199,0.023529389873147,0.0131452335044741,0.0006540372269228,-0.0123418131843209,-0.0116354431957006,0.0499840267002582,-0.0041840733028948,-0.0036618532612919,0.0143650192767381,0.0064318245276808,0.0088932327926158,-0.0009129269164986,-0.0146056106314063,0.0018275222973898,-0.0032352113630622,-0.0152021897956728,0.0038973344489932,-0.0126582235097885,0.0058804410509765,-0.0193870831280946,0.0254606436938047,0.0092474175617098,0.0187713708728551,0.0101105747744441,0.0013670200714841,-0.0046918867155909,-0.0003416545514483,-0.0069138691760599,-0.0074601327069103,-0.0240506399422884,0.0207684449851512,-0.0304799135774374,-0.0051653417758643,0.0020066711585968,-0.0017187774647027,0.0056742350570857,0.0498015545308589,-0.007633572909981,-0.0078768786042928,0.0,-0.0003579180047381,-0.004347797948867,0.0148928379639983,0.0178031157702207,0.0021842510905116,0.0009901217417791,0.019294936209917,-0.0046158717013895,0.047415517270565,-0.0308049116283655,-0.0319789461791515,-0.023581700399518,-0.0327510796487331,-0.063003122806549,0.0257558263838291,-0.0067239562049508,-0.0411596149206161,0.0203083492815494,0.0075730616226792,0.0033173665869981,-0.0509924627840519,0.0044085541740059,-0.0154986856505274,-0.0117044514045119,-0.0020174668170511,0.011472962796688,0.010533451102674,-0.0032930900342762,-0.0037237850483506,0.0084434486925601,-0.038411408662796,0.013833312317729,-0.0096712168306112,0.0100538162514567,-0.008312027901411,0.0088873095810413,-0.0837726667523384,-0.0295982472598552,0.0002929481852333,0.0283223949372768,0.0130603285506367,0.0,-0.0194994751363992,0.0151836266741156,0.0244484096765518,-0.0229565165936946,-0.0137066198512911,0.0306158997118473,0.0132978949695825,-0.0134715465828776,0.0017762396018952,-0.0003501480678096,0.0227066315710544,0.0003502707113511,-0.0344928465783596,0.0119047677144408,0.0026377537287771,0.006920441519469,-0.0064065586775541,-0.0092783663421869,0.0046810954809188,0.0169961769133806,-0.012994535267353,0.0167121347039938,0.0158404484391212,-0.0134183038026094,-0.0215269811451435,-0.0139408316463232,-0.0259994491934776,0.0041379597969353,0.0234620794653892,0.0408653356134891,0.0343296788632869,-0.0066815461032092,-0.0063091721385717,-0.0318167361077652,0.0035043201968933,-0.0270442379500501,0.005747136252753,0.0054088464604675,0.0300850263435659,0.0445434783894231,0.0223953445565685,-0.0909958826941532,0.1462882255925579,-0.0356347683011779,-0.0599890946835417,2019-02-07,2019-02-08,2019-02-11,2019-02-12,2019-02-13,2019-02-14,2019-02-15,2019-02-19,2019-02-20,2019-02-21,89946.0,2019-02-06,252.0,-0.2222%,0.0005,1.3127,0.532,1.2878,1.4793%,1.9758%,43.9393%,-0.000258,AEL,89946.0,2019-02-07,252.0,-0.6682%,0.0006,1.3292,0.5107,1.2905,1.4682%,1.9750%,44.7320%,0.001096,AEL,89946.0,2019-02-08,252.0,-2.5304%,0.0005,1.3323,0.5166,1.3076,1.4728%,1.9816%,44.7556%,-0.017952,AEL,89946.0,2019-02-11,252.0,0.4929%,0.0004,1.367,0.4782,1.305,1.4628%,1.9806%,45.4515%,-0.003453,AEL,89946.0,2019-02-12,252.0,1.9948%,0.0005,1.3819,0.4614,1.3156,1.4558%,1.9842%,46.1681%,0.0033789999999999,AEL,89946.0,2019-02-13,252.0,1.3145%,0.0006,1.3861,0.4572,1.3167,1.4559%,1.9854%,46.2265%,0.0079779999999999,AEL,89946.0,2019-02-14,252.0,-1.2342%,0.0006,1.3876,0.4548,1.3187,1.4558%,1.9869%,46.3136%,-0.004272,AEL,89946.0,2019-02-15,252.0,4.9984%,0.0007,1.3973,0.4663,1.3382,1.4640%,1.9970%,46.2596%,0.026737,AEL,89946.0,2019-02-19,252.0,-0.3662%,0.0006,1.3962,0.4568,1.3276,1.4658%,1.9970%,46.1270%,-0.011784,AEL,89946.0,2019-02-20,252.0,0.6432%,0.0006,1.3941,0.4497,1.3197,1.4657%,1.9963%,46.0967%,-0.004627,AEL,89946.0,2019-02-21,252.0,-0.0913%,0.0005,1.4013,0.4657,1.3327,1.4583%,1.9951%,46.5706%,0.007495,AEL,0.000838,-0.017114,-0.020567,-0.00921,0.0043389999999999
25579,ALLSTATE CORP,"Allstate shares are trading higher after the company reported Q4 EPS of $1.23, beating the $1.16 estimate and Q4 sales of $9.48 billion, beating the $8.23 billion estimate.",6,increase,0.85,0.7,the positive earnings surprise and higher sales than expected are likely to boost investor confidence and drive the stock price up.,2,2019-02-06,ALL,2019-02-06 17:58:00+00:00,79323.0,02000210,0.0404676087200641,4553461.0,-0.0024848284665495,0.0018017570255324,0.0014079633401706,-0.0002251367113785,0.000757080852054,0.0108113912865519,0.0041068289428949,0.0060683125630021,0.011731743812561,0.0064530717208981,-0.0081914532929658,0.0033529994543641,0.0123350191861391,0.0039465622976422,0.0025429700035601,-0.0011594025418162,0.0046501248143613,0.0041914149187505,-0.0045234621502459,0.0003493917756713,-0.000634022639133,0.0018670206191018,0.0034894980490207,0.0133616793900728,-0.0085353543981909,0.0003548471722751,0.0041450425051152,0.0036803698167204,0.0042561595328152,0.0051312684081494,0.0066751949489116,0.0041942014358937,-0.0085254730656743,-0.0010773757239803,-0.0021231099963188,0.004569471348077,-0.0050000129267573,0.0076336469501256,-0.0031006191857159,-0.0001211792623507,0.000643556297291,-0.0015724840341135,0.008681645616889,0.0295142587274313,-0.0004250442725606,-0.0164134781807661,-0.0055277626961469,-0.011981095187366,0.0032067922875285,0.0074372179806232,0.0105487257242202,0.002812027465552,0.0018979366868734,0.0122524481266737,-0.0085244961082935,0.0456840507686138,-0.0124190440401434,-0.0323106050491333,0.0166594516485929,0.0005012018373236,-0.0044401963241398,-0.0144480830058455,-0.0019114400492981,-0.0065022544004023,0.0011703438358381,0.016841297969222,0.0005313820438459,0.0108449002727866,-0.0022304735612124,-0.0160068664699792,0.0025547994300723,-0.0219660811126232,0.0096623068675398,-0.001090997015126,-0.0029445660766214,-0.0094860820099711,0.0087543707340955,-0.0063238134607672,0.0044960300438106,-0.015042882412672,0.0024981561582535,-0.0151620963588357,-0.0149516649544239,-0.0265885591506958,-0.0053757997229695,-0.0048211715184152,0.0067825284786522,0.0080244019627571,0.0085262898355722,-0.0024674774613231,0.0125248366966843,0.0189714711159467,-0.0062880176119506,-0.010404865257442,0.0185684747993946,0.0078649809584021,-0.0077401171438395,-0.0038605239242315,-0.0072872736491262,-0.0002270024269819,0.0036186773795634,-0.0040701031684875,0.0022664181888103,-0.0117318779230117,-0.0090450942516326,0.0023518768139183,0.0006223167292773,0.0073330495506525,0.0097439866513013,-0.0299846567213535,0.0035930443555116,-0.0019659274257719,0.0132978251203894,-0.0230474136769771,-0.0107005611062049,0.0002134927781298,0.002959192963317,0.0127540025860071,0.0029504620470106,0.016368206590414,-0.0024848284665495,0.0018017570255324,-0.0010803636737662,0.0015762146725024,-0.0003241007443628,0.0124046470326304,0.0155575033676536,0.0251209996818773,0.0223638701733885,0.0361052701818644,0.0273686723108483,0.1146473102644687,0.0707052507041043,-0.0176590580877591,2019-02-07,2019-02-08,2019-02-11,2019-02-12,2019-02-13,2019-02-14,2019-02-15,2019-02-19,2019-02-20,2019-02-21,79323.0,2019-02-06,252.0,4.0468%,0.0001,0.8975,-0.2403,0.5771,0.9473%,1.3198%,48.4873%,0.041894,ALL,79323.0,2019-02-07,252.0,-0.2485%,0.0001,0.8959,-0.2397,0.5777,0.9474%,1.3157%,48.1492%,0.003198,ALL,79323.0,2019-02-08,252.0,0.1408%,0.0001,0.8953,-0.2463,0.5708,0.9471%,1.3156%,48.1820%,0.004608,ALL,79323.0,2019-02-11,252.0,0.0757%,0.0002,0.8441,-0.1981,0.57,0.9134%,1.2383%,45.5966%,-0.000284,ALL,79323.0,2019-02-12,252.0,0.4107%,0.0002,0.8432,-0.2019,0.5703,0.9139%,1.2372%,45.4409%,-0.006464,ALL,79323.0,2019-02-13,252.0,1.1732%,0.0003,0.8504,-0.2106,0.5708,0.9119%,1.2393%,45.8562%,0.008993,ALL,79323.0,2019-02-14,252.0,-0.8191%,0.0003,0.8501,-0.2124,0.5744,0.9077%,1.2367%,46.1264%,-0.002099,ALL,79323.0,2019-02-15,252.0,1.2335%,0.0002,0.8368,-0.2243,0.5529,0.9019%,1.2232%,45.6315%,0.000403,ALL,79323.0,2019-02-19,252.0,0.2543%,0.0002,0.8407,-0.2301,0.546,0.8984%,1.2228%,46.0217%,-0.000155,ALL,79323.0,2019-02-20,252.0,0.4650%,0.0002,0.8403,-0.2331,0.544,0.8979%,1.2227%,46.0735%,0.000456,ALL,79323.0,2019-02-21,252.0,-0.4523%,0.0003,0.8371,-0.2398,0.5382,0.8960%,1.2195%,46.0191%,-0.000426,ALL,0.045092,0.0497,0.049416,0.051945,0.0501239999999999
25587,ALLEGION PLC,Allegion Raises Qtr Dividend From $0.21 to $0.27/Share,6,increase,0.8,0.6,"raising the quarterly dividend typically signals financial strength and can attract investors, likely leading to an increase in stock price.",2,2019-02-06,ALLE,2019-02-06 22:01:00+00:00,14297.0,G0176J10,0.0060606165789067,735685.0,0.0122712906450033,0.0208524260669946,0.007163340691477,0.0061094961129128,0.0013130840379744,0.0103657040745019,0.0167194698005914,-0.0005820399383082,0.0078460415825247,0.0103493463248014,-0.0222885403782129,0.0088989082723855,-0.001308930455707,0.0010689670452848,-0.0386631824076175,0.0143373785540461,-0.0007952703745104,0.0069149546325206,0.0031837001442909,0.0030421027913689,0.0166609268635511,-0.0159262586385011,-0.0111482720822095,0.0214041098952293,-0.0006764099234715,0.0092581156641244,0.0201940536499023,-0.0090519618242979,-0.0051974039524793,-0.0002445474383421,0.0137838805094361,-0.0036554532125592,-0.0110745010897517,-0.0015814751386642,-0.0027719258796423,-0.0018215122399851,-0.0055592614226043,0.011173821054399,-0.0164356119930744,0.0138180078938603,0.0001136993960244,0.0104402741417288,0.0068197143264114,-0.0022590400185436,0.0025964747183024,-0.0169031787663698,0.0093458155170083,0.0168109890073537,-0.0066934712231159,0.0147676132619381,-0.0040553454309701,-0.0094577549025416,0.0055423351004719,0.0087775401771068,-0.0021372602786868,0.0424346476793289,-0.0109345195814967,-0.0398522689938545,0.0132209220901131,-0.0232558473944664,-0.0188976414501667,-0.0191510077565908,0.0026369609404355,-0.0276360362768173,0.0110920667648315,0.0076490906067192,-0.0024881386198103,-0.0310364831238985,0.0183673780411481,-0.0100640887394547,0.0099086994305253,-0.0045536649413406,0.0212765987962484,0.0060703102499246,-0.0023747973609715,0.0009170491830445,0.011577577330172,-0.0162399336695671,0.0067387409508228,-0.011923330835998,0.0084997387602925,-0.0059814015403389,-0.0054782624356448,-0.0302900075912475,-0.0096398694440722,0.0164865404367446,-0.0017113705398514,-0.0017439090879634,0.0047143981792032,-0.0048806611448526,0.0085315462201833,0.0216066148132085,-0.0052870889194309,0.0053470353595912,-0.0018071454251185,0.0074065313674509,0.0,-0.007683768402785,-0.0015974603593349,0.0118310200050473,0.0022399902809411,-0.0077146962285041,0.0216049253940582,0.0019044001819565,-0.0051046763546764,0.0091566536575555,0.0110994512215256,0.0154976285994052,0.01812344789505,-0.0198042318224906,0.0010172526817768,0.0031606999691575,0.0083324834704399,-0.0089495815336704,-0.0019147680141031,-0.0113912718370556,-0.0012116594007238,0.0072407433763146,0.0330570600926876,0.0074065313674509,0.0122712906450033,0.0208524260669946,0.0195225347720946,0.0270893199959085,0.0208612535388592,0.0377358239450675,0.0460731505523144,0.0478654566423584,-0.0157295413120436,0.0842053802766562,-0.0052387584756331,0.1080710649243614,0.1434718998083841,0.0023194443785758,2019-02-07,2019-02-08,2019-02-11,2019-02-12,2019-02-13,2019-02-14,2019-02-15,2019-02-19,2019-02-20,2019-02-21,14297.0,2019-02-06,252.0,0.6061%,0.0005,0.9066,0.0532,0.1873,1.0198%,1.3944%,46.5159%,0.007823,ALLE,14297.0,2019-02-07,252.0,1.2271%,0.0006,0.9031,0.0494,0.1923,1.0270%,1.3943%,45.7465%,0.019942,ALLE,14297.0,2019-02-08,252.0,0.7163%,0.0006,0.9019,0.0475,0.186,1.0279%,1.3948%,45.6873%,0.007553,ALLE,14297.0,2019-02-11,252.0,0.1313%,0.0006,0.8992,0.0482,0.185,1.0279%,1.3785%,44.3951%,-0.000791,ALLE,14297.0,2019-02-12,252.0,1.6719%,0.0006,0.9,0.0502,0.1851,1.0281%,1.3791%,44.4250%,0.004696,ALLE,14297.0,2019-02-13,252.0,0.7846%,0.0006,0.8989,0.0539,0.1868,1.0282%,1.3765%,44.2007%,0.005066,ALLE,14297.0,2019-02-14,252.0,-2.2289%,0.0005,0.9039,0.043,0.1982,1.0357%,1.3841%,44.0017%,-0.019698,ALLE,14297.0,2019-02-15,252.0,-0.1309%,0.0005,0.9046,0.0422,0.1975,1.0366%,1.3840%,43.8995%,-0.012682,ALLE,14297.0,2019-02-19,252.0,-3.8663%,0.0003,0.8903,0.0248,0.1791,1.0628%,1.3947%,41.9288%,-0.041197,ALLE,14297.0,2019-02-20,252.0,-0.0795%,0.0003,0.8888,0.0194,0.1731,1.0627%,1.3944%,41.9114%,-0.003626,ALLE,14297.0,2019-02-21,252.0,0.3184%,0.0001,0.9022,0.0482,0.1977,1.0309%,1.3766%,43.9167%,0.006784,ALLE,0.027765,0.035318,0.034527,0.044289,-0.0261299999999999
25595,ALNYLAM PHARMACEUTICALS INC,UPDATE: Alnylam Sees Topline Phase 3 Readout Data Early 2019,6,uncertain,0.6,0.3,"the announcement of a phase 3 readout can be seen as positive, but the actual impact on stock price will depend on the results of the trial, which are not yet known.",1,2019-02-06,ALNY,2019-02-06 22:03:00+00:00,90178.0,02043Q10,-0.0065613719634711,955706.0,-0.0117416717112064,-0.0343775674700737,-0.038490105420351,0.0076850499026477,0.0401595458388328,0.0125703709200024,0.0373716652393341,0.0223990436643362,0.0066801570355892,0.0326086208224296,-0.0161156617105007,0.0320897325873374,0.0060219196602702,-0.0769415944814682,-0.0377110205590724,0.027973785996437,-0.0327195487916469,0.0097487661987543,-0.0198070853948593,-0.0080585358664393,0.0258496422320604,-0.0295957531780004,0.0440010540187358,0.0302429646253585,0.0009800808038562,-0.0024727615527808,0.0403917171061039,0.0053449389524757,0.0,-0.0424898825585842,0.0043529733084142,-0.0572262778878212,-0.0043341070413589,-0.0004486419202294,0.0389411486685276,0.0516631864011287,-0.040312509983778,-0.0065619591623544,-0.0162831526249647,0.0435313954949379,-0.0011995454551652,0.0875000283122062,0.055001825094223,0.0271820500493049,0.001365995965898,0.0061846747994422,0.0430828779935836,-0.0020573518704622,-0.0372712053358554,0.0356534384191036,0.0349785387516021,0.0263887625187635,-0.013015448115766,0.0071952696889638,-0.0178413186222314,0.0866443365812301,0.0005641775205731,-0.0099526233971118,0.0232295617461204,-0.0381400771439075,-0.0685475170612335,-0.0375840850174427,-0.0041410136036574,-0.0573477186262607,0.0352857448160648,-0.0236877799034118,-0.0090658813714981,-0.0366912260651588,0.04933413118124,0.019428938627243,0.031343076378107,-0.0483018420636653,-0.0173354223370552,0.0352910421788692,0.0080583449453115,0.0013039309997111,-0.0055093672126531,0.0310568064451217,-0.0066261203028261,-0.0671015381813049,0.0146528594195842,0.017613336443901,-0.0282358303666114,-0.0704710185527801,-0.0139735443517565,0.0385657586157321,0.0222696624696254,0.0068230126053094,-0.0306964572519063,0.0331966690719127,0.0194097515195608,0.0014117953833192,-0.0142522975802421,-0.0056157601065933,0.0003388543846085,0.0683120042085647,-0.0414408110082149,0.0090808477252721,-0.0332194566726684,0.0002752083819359,0.0132813937962055,0.0165081173181533,0.0511063002049922,-0.0229633711278438,-0.0233383011072874,0.05463457852602,0.0294013638049364,0.0660827308893203,-0.0093309022486209,-0.033278826624155,0.016884921118617,-0.0089811636134982,0.0091494135558605,-0.0620080828666687,-0.0706290304660797,-0.0086253732442855,-0.0059014558792114,-0.0395792499184608,-0.0636055245995521,-0.1185674071311951,-0.0117416717112064,-0.0343775674700737,-0.0497798389495819,-0.0269567108889651,-0.0116194288348945,-0.0147251958236201,0.032167284244484,0.0401921166420875,-0.0678816407861636,0.0203322478476926,0.1098336035180265,0.2505699092103288,-0.0546722293061094,-0.046128827516323,2019-02-07,2019-02-08,2019-02-11,2019-02-12,2019-02-13,2019-02-14,2019-02-15,2019-02-19,2019-02-20,2019-02-21,90178.0,2019-02-06,252.0,-0.6561%,-0.0016,1.3342,1.0425,-0.5495,2.8422%,3.3406%,27.6106%,-0.003254,ALNY,90178.0,2019-02-07,252.0,-1.1742%,-0.0016,1.3314,1.0437,-0.5483,2.8424%,3.3389%,27.5299%,0.004065,ALNY,90178.0,2019-02-08,252.0,-3.8490%,-0.0017,1.3387,1.0523,-0.5117,2.8549%,3.3472%,27.2532%,-0.0440939999999999,ALNY,90178.0,2019-02-11,252.0,4.0160%,-0.0016,1.3422,1.0952,-0.4866,2.8629%,3.3446%,26.7333%,0.032417,ALNY,90178.0,2019-02-12,252.0,3.7372%,-0.0014,1.3603,1.0864,-0.4758,2.8643%,3.3533%,27.0394%,0.017971,ALNY,90178.0,2019-02-13,252.0,0.6680%,-0.0014,1.3616,1.0857,-0.475,2.8643%,3.3526%,27.0077%,0.002453,ALNY,90178.0,2019-02-14,252.0,-1.6116%,-0.0015,1.3656,1.0742,-0.4611,2.8662%,3.3522%,26.8945%,-0.021757,ALNY,90178.0,2019-02-15,252.0,0.6022%,-0.0015,1.3715,1.0786,-0.4527,2.8654%,3.3522%,26.9371%,-0.009981,ALNY,90178.0,2019-02-19,252.0,-3.7711%,-0.0017,1.3637,1.0529,-0.4811,2.8767%,3.3588%,26.6442%,-0.042187,ALNY,90178.0,2019-02-20,252.0,-3.2720%,-0.0018,1.3537,1.0274,-0.5175,2.8839%,3.3640%,26.5063%,-0.035081,ALNY,90178.0,2019-02-21,252.0,-1.9807%,-0.0019,1.3554,1.0278,-0.5143,2.8851%,3.3647%,26.4757%,-0.0153689999999999,ALNY,0.0008109999999999,-0.0432829999999999,-0.0108659999999999,0.009558,-0.1148169999999999
25603,ALNYLAM PHARMACEUTICALS INC,Alnylam Highlights Publication Of Phase 1 Givosiran In New England Journal Of Medicine,6,increase,0.8,0.7,"the publication of positive phase 1 trial results in a prestigious journal like the new england journal of medicine is likely to boost investor confidence and interest in alnylam pharmaceuticals, potentially leading to an increase in stock price.",2,2019-02-06,ALNY,2019-02-06 22:03:00+00:00,90178.0,02043Q10,-0.0065613719634711,955706.0,-0.0117416717112064,-0.0343775674700737,-0.038490105420351,0.0076850499026477,0.0401595458388328,0.0125703709200024,0.0373716652393341,0.0223990436643362,0.0066801570355892,0.0326086208224296,-0.0161156617105007,0.0320897325873374,0.0060219196602702,-0.0769415944814682,-0.0377110205590724,0.027973785996437,-0.0327195487916469,0.0097487661987543,-0.0198070853948593,-0.0080585358664393,0.0258496422320604,-0.0295957531780004,0.0440010540187358,0.0302429646253585,0.0009800808038562,-0.0024727615527808,0.0403917171061039,0.0053449389524757,0.0,-0.0424898825585842,0.0043529733084142,-0.0572262778878212,-0.0043341070413589,-0.0004486419202294,0.0389411486685276,0.0516631864011287,-0.040312509983778,-0.0065619591623544,-0.0162831526249647,0.0435313954949379,-0.0011995454551652,0.0875000283122062,0.055001825094223,0.0271820500493049,0.001365995965898,0.0061846747994422,0.0430828779935836,-0.0020573518704622,-0.0372712053358554,0.0356534384191036,0.0349785387516021,0.0263887625187635,-0.013015448115766,0.0071952696889638,-0.0178413186222314,0.0866443365812301,0.0005641775205731,-0.0099526233971118,0.0232295617461204,-0.0381400771439075,-0.0685475170612335,-0.0375840850174427,-0.0041410136036574,-0.0573477186262607,0.0352857448160648,-0.0236877799034118,-0.0090658813714981,-0.0366912260651588,0.04933413118124,0.019428938627243,0.031343076378107,-0.0483018420636653,-0.0173354223370552,0.0352910421788692,0.0080583449453115,0.0013039309997111,-0.0055093672126531,0.0310568064451217,-0.0066261203028261,-0.0671015381813049,0.0146528594195842,0.017613336443901,-0.0282358303666114,-0.0704710185527801,-0.0139735443517565,0.0385657586157321,0.0222696624696254,0.0068230126053094,-0.0306964572519063,0.0331966690719127,0.0194097515195608,0.0014117953833192,-0.0142522975802421,-0.0056157601065933,0.0003388543846085,0.0683120042085647,-0.0414408110082149,0.0090808477252721,-0.0332194566726684,0.0002752083819359,0.0132813937962055,0.0165081173181533,0.0511063002049922,-0.0229633711278438,-0.0233383011072874,0.05463457852602,0.0294013638049364,0.0660827308893203,-0.0093309022486209,-0.033278826624155,0.016884921118617,-0.0089811636134982,0.0091494135558605,-0.0620080828666687,-0.0706290304660797,-0.0086253732442855,-0.0059014558792114,-0.0395792499184608,-0.0636055245995521,-0.1185674071311951,-0.0117416717112064,-0.0343775674700737,-0.0497798389495819,-0.0269567108889651,-0.0116194288348945,-0.0147251958236201,0.032167284244484,0.0401921166420875,-0.0678816407861636,0.0203322478476926,0.1098336035180265,0.2505699092103288,-0.0546722293061094,-0.046128827516323,2019-02-07,2019-02-08,2019-02-11,2019-02-12,2019-02-13,2019-02-14,2019-02-15,2019-02-19,2019-02-20,2019-02-21,90178.0,2019-02-06,252.0,-0.6561%,-0.0016,1.3342,1.0425,-0.5495,2.8422%,3.3406%,27.6106%,-0.003254,ALNY,90178.0,2019-02-07,252.0,-1.1742%,-0.0016,1.3314,1.0437,-0.5483,2.8424%,3.3389%,27.5299%,0.004065,ALNY,90178.0,2019-02-08,252.0,-3.8490%,-0.0017,1.3387,1.0523,-0.5117,2.8549%,3.3472%,27.2532%,-0.0440939999999999,ALNY,90178.0,2019-02-11,252.0,4.0160%,-0.0016,1.3422,1.0952,-0.4866,2.8629%,3.3446%,26.7333%,0.032417,ALNY,90178.0,2019-02-12,252.0,3.7372%,-0.0014,1.3603,1.0864,-0.4758,2.8643%,3.3533%,27.0394%,0.017971,ALNY,90178.0,2019-02-13,252.0,0.6680%,-0.0014,1.3616,1.0857,-0.475,2.8643%,3.3526%,27.0077%,0.002453,ALNY,90178.0,2019-02-14,252.0,-1.6116%,-0.0015,1.3656,1.0742,-0.4611,2.8662%,3.3522%,26.8945%,-0.021757,ALNY,90178.0,2019-02-15,252.0,0.6022%,-0.0015,1.3715,1.0786,-0.4527,2.8654%,3.3522%,26.9371%,-0.009981,ALNY,90178.0,2019-02-19,252.0,-3.7711%,-0.0017,1.3637,1.0529,-0.4811,2.8767%,3.3588%,26.6442%,-0.042187,ALNY,90178.0,2019-02-20,252.0,-3.2720%,-0.0018,1.3537,1.0274,-0.5175,2.8839%,3.3640%,26.5063%,-0.035081,ALNY,90178.0,2019-02-21,252.0,-1.9807%,-0.0019,1.3554,1.0278,-0.5143,2.8851%,3.3647%,26.4757%,-0.0153689999999999,ALNY,0.0008109999999999,-0.0432829999999999,-0.0108659999999999,0.009558,-0.1148169999999999
25611,AMPIO PHARMACEUTICALS INC,Ampio Receives Initial Response From FDA Regarding Co.'s Proposed Trial,6,uncertain,0.6,0.3,"the initial response from the fda could be interpreted positively or negatively depending on the content of the response, leading to uncertainty in the stock price movement.",1,2019-02-06,AMPE,2019-02-06 13:36:00+00:00,12789.0,03209T20,-0.0886953771114349,2030899.0,-0.0042471075430512,0.0227610506117343,0.0623778998851776,0.1502560526132584,0.028604844585061,0.0542000532150268,-0.0230931416153907,0.0,-0.0098219159990549,0.0488776825368404,-0.0280766133219003,-0.0091456770896911,0.0537968762218952,-0.0239399895071983,0.0341431312263011,0.0121150417253375,0.0630159229040145,-0.030073694884777,-0.0453935153782367,0.0035978427622467,0.0014078369131311,-0.0190196093171834,0.0098406318575143,0.0199999809265136,-0.0023202018346637,0.0,-0.0370542220771312,0.044059332460165,0.0103042814880609,-0.0224535781890153,0.0517928749322891,-0.0130942901596427,0.0372726805508136,0.0097640193998813,-0.0461583398282527,0.0209761317819356,0.0260337200015783,-0.0702838227152824,-0.0447761639952659,0.1113733947277069,-0.0428124330937862,0.0829653590917587,0.0122428871691227,0.000697651586961,0.0095145385712385,-0.0227272510528564,0.0188498273491859,0.1144883185625076,0.026967691257596,-0.0129999965429306,0.0381679944694042,0.0078105512075126,-0.0082353455945849,-0.0440751388669014,-0.0821470320224762,0.053807109594345,-0.0024232801515609,-0.0830812081694603,-0.0184615124017,0.0267622005194425,-0.0595611743628978,-0.0456099919974803,-0.0280701275914907,-0.0067950645461678,0.0135378930717706,-0.0054065803997218,0.0357969664037227,0.1094726249575615,-0.0079091964289546,-0.0966358333826065,-0.0259966105222702,-0.0888705775141716,-0.0101423356682062,-0.1024741530418396,-0.0309185571968555,0.0168982408940792,-0.053978856652975,-0.1547373831272125,0.0705882608890533,-0.0001587061124155,-0.0305861346423625,-0.0306106209754943,-0.0211599320173263,-0.0699570924043655,-0.0092646619305014,0.0987110808491706,0.0050652916543185,-0.0145601145923137,-0.0244233459234237,0.0242742113769054,0.013312098570168,0.0084799770265817,-0.01960782520473,-0.0530303418636322,0.0226000547409057,0.1377349197864532,0.0009778285166248,0.0036332020536065,0.0447440110146999,0.0683918669819831,0.0675145536661148,-0.0597844757139682,0.0113875363022089,-0.0031185043044388,0.0249437130987644,0.0144112296402454,-0.0263647548854351,0.0142602790147066,-0.0414858050644397,-0.0398767627775669,0.0244476180523634,-0.0261667352169752,0.0072477012872695,0.0526316352188587,0.0301860179752111,-0.0496832244098186,-0.0528109334409236,0.1219602823257446,0.0187050309032201,0.0919118002057075,-0.0042471075430512,0.0227610506117343,0.0578658666930043,0.1764370888432425,0.0881259554015987,0.2402000416626775,0.0525570344168921,0.3008181455812422,0.1313041468332481,0.2394563907659974,0.0725535442062985,0.4817204469284193,0.002300436403237,0.2665441378040771,2019-02-07,2019-02-08,2019-02-11,2019-02-12,2019-02-13,2019-02-14,2019-02-15,2019-02-19,2019-02-20,2019-02-21,12789.0,2019-02-06,252.0,-8.8695%,-0.0012,1.444,1.6253,1.6869,7.9139%,8.0690%,3.8068%,-0.086669,AMPE,12789.0,2019-02-07,252.0,-0.4247%,-0.0011,1.4572,1.6058,1.6906,7.9124%,8.0686%,3.8360%,0.004616,AMPE,12789.0,2019-02-08,252.0,6.2378%,-0.001,1.4459,1.5457,1.6036,7.9200%,8.0715%,3.7179%,0.071829,AMPE,12789.0,2019-02-11,252.0,2.8605%,-0.0011,1.4884,1.5238,1.6141,7.9181%,8.0737%,3.8172%,0.0125899999999999,AMPE,12789.0,2019-02-12,252.0,-2.3093%,-0.0011,1.4886,1.4944,1.6195,7.9188%,8.0737%,3.7996%,-0.040996,AMPE,12789.0,2019-02-13,252.0,-0.9822%,-0.0013,1.4678,1.5235,1.621,7.9153%,8.0679%,3.7481%,-0.01612,AMPE,12789.0,2019-02-14,252.0,-2.8077%,-0.0017,1.4683,1.5089,1.645,7.9037%,8.0563%,3.7531%,-0.023615,AMPE,12789.0,2019-02-15,252.0,5.3797%,-0.0015,1.4982,1.5387,1.6974,7.9049%,8.0630%,3.8813%,0.0254369999999999,AMPE,12789.0,2019-02-19,252.0,3.4143%,-0.0015,1.4938,1.5657,1.7283,7.9041%,8.0632%,3.9060%,0.021642,AMPE,12789.0,2019-02-20,252.0,6.3016%,-0.0007,1.5216,1.6941,1.8448,7.8510%,8.0227%,4.2344%,0.0471279999999999,AMPE,12789.0,2019-02-21,252.0,-4.5394%,-0.0003,1.4818,1.6056,1.7722,7.8096%,7.9706%,3.9992%,-0.034435,AMPE,-0.082053,-0.0102239999999999,0.002366,-0.05475,-0.018593
25619,ALPHA & OMEGA SEMICONDUCTOR LTD,Alpha & Omega Sees Q3 Sales $109.0M-113.0M vs $112.14M Est,6,uncertain,0.6,0.3,"while the sales forecast is slightly below estimates, the overall range is close enough that market reaction could vary based on investor sentiment and broader market conditions.",1,2019-02-06,AOSL,2019-02-06 21:33:00+00:00,93340.0,G6331P10,-0.0050000348128378,88700.0,-0.0988274216651916,-0.0163934268057346,-0.002788167912513,0.0057707908563315,-0.0102515993639826,0.0184718947857618,0.0141243478283286,0.0231958329677581,-0.0092850858345627,-0.0025706712622195,0.0646672546863555,-0.0101781077682972,0.0255281664431095,-0.0484261810779571,-0.0266093965619802,0.0736568793654441,0.004409187939018,-0.022033916786313,0.0,0.142304003238678,-0.0017559663392603,-0.0180608872324228,0.0167106892913579,0.0253411531448364,-0.0285467877984046,-0.0162991434335708,-0.0284950770437717,0.0215475279837846,-0.0137488199397921,-0.0077745309099555,0.0185873433947563,-0.0436803214251995,0.0246349908411502,0.0131827071309089,0.0258237682282924,0.0037807147018611,-0.0416667088866233,0.0,-0.0045290025882422,0.0212355479598045,0.0,-0.0076628280803561,0.010009154677391,0.0503018125891685,-0.0027027644682675,-0.0569260343909263,0.0036133660469204,0.0343474373221397,-0.0045003816485404,-0.0295238494873046,0.0108498986810445,0.0616784244775772,-0.0044722887687385,-0.020792081952095,-0.0026953937485814,0.024340845644474,-0.0243243649601936,0.0144032286480069,0.0184672027826309,-0.0328358113765716,-0.060743436217308,0.0255102030932903,0.0086872735992074,-0.0363815017044544,0.0354066900908947,0.0119402864947915,0.0018484712345525,-0.0117993988096714,-0.0018450606148689,-0.0039177238941192,0.0637708455324173,-0.0377002470195293,0.0347523540258407,0.0143403075635433,-0.0142737263813614,0.0662588775157928,0.0477002076804637,-0.0130783868953585,0.0065040588378906,-0.0129096442833542,-0.0008077729144133,-0.0317307636141777,0.0016168518923223,-0.0739091709256172,-0.015334989875555,0.0190561767667532,0.0081967525184154,-0.0045166430063545,0.0,-0.0194862950593233,-0.0081301117315888,0.0310502424836158,-0.0073770619928836,0.0339943021535873,0.0545004792511463,-0.0381471440196037,0.0446358397603035,0.0922619327902793,-0.0187406297773122,0.0039840601384639,-0.0206264667212963,-0.0492424666881561,-0.0078002675436437,-0.0240295082330703,0.0102201346307992,0.0027803273405879,-0.0295719932764768,0.0112464744597673,-0.0304731447249651,0.0359223186969757,0.0248139109462499,0.0038986317813396,0.0008070439798757,-0.0284091085195541,-0.0201612915843725,-0.0231267344206571,0.0181070175021886,0.0102804312482476,-0.0331446938216686,-0.0083410702645778,-0.0988274216651916,-0.0163934268057346,-0.1013400421317414,-0.0107172389869175,-0.1105527439842604,0.0075566880878841,-0.1063651229386515,0.0282776282492749,-0.0460635877050338,0.1616650679699864,-0.0762143966497935,0.1940298316162663,0.0016750733411645,0.1121408716346732,2019-02-07,2019-02-08,2019-02-11,2019-02-12,2019-02-13,2019-02-14,2019-02-15,2019-02-19,2019-02-20,2019-02-21,93340.0,2019-02-06,252.0,-0.5000%,-0.0008,0.8238,2.0658,0.4165,2.5491%,2.8723%,21.2404%,-0.003328,AOSL,93340.0,2019-02-07,252.0,-9.8827%,-0.0011,0.8559,2.0632,0.396,2.6084%,2.9370%,21.1274%,-0.090205,AOSL,93340.0,2019-02-08,252.0,-0.2788%,-0.0011,0.856,2.0648,0.3975,2.6084%,2.9367%,21.1120%,-0.001958,AOSL,93340.0,2019-02-11,252.0,-1.0252%,-0.0011,0.8112,2.0736,0.3787,2.6058%,2.9247%,20.6214%,-0.026092,AOSL,93340.0,2019-02-12,252.0,1.4124%,-0.001,0.8175,2.0687,0.3828,2.6056%,2.9259%,20.6967%,0.003221,AOSL,93340.0,2019-02-13,252.0,-0.9285%,-0.001,0.8209,2.0581,0.3779,2.6057%,2.9256%,20.6702%,-0.013183,AOSL,93340.0,2019-02-14,252.0,6.4667%,-0.0007,0.8089,2.091,0.3389,2.6262%,2.9505%,20.7765%,0.057781,AOSL,93340.0,2019-02-15,252.0,2.5528%,-0.0007,0.8037,2.0875,0.3319,2.6254%,2.9475%,20.6615%,0.009434,AOSL,93340.0,2019-02-19,252.0,-2.6609%,-0.0008,0.8031,2.0571,0.2978,2.6311%,2.9504%,20.4709%,-0.035286,AOSL,93340.0,2019-02-20,252.0,0.4409%,-0.0009,0.8004,2.0416,0.2856,2.6276%,2.9447%,20.3749%,-0.00338,AOSL,93340.0,2019-02-21,252.0,0.0000%,-0.0009,0.8028,2.0478,0.2899,2.6270%,2.9446%,20.4062%,0.004947,AOSL,-0.093533,-0.095491,-0.121583,-0.131545,-0.098049
25627,ALPHA & OMEGA SEMICONDUCTOR LTD,"Alpha & Omega Q2 EPS $0.30 Beats $0.29 Estimate, Sales $114.9M Beat $113.4M Estimate",6,increase,0.8,0.6,"the company reported better-than-expected earnings per share and sales, which typically signals positive performance and can lead to an increase in stock price.",2,2019-02-06,AOSL,2019-02-06 21:33:00+00:00,93340.0,G6331P10,-0.0050000348128378,88700.0,-0.0988274216651916,-0.0163934268057346,-0.002788167912513,0.0057707908563315,-0.0102515993639826,0.0184718947857618,0.0141243478283286,0.0231958329677581,-0.0092850858345627,-0.0025706712622195,0.0646672546863555,-0.0101781077682972,0.0255281664431095,-0.0484261810779571,-0.0266093965619802,0.0736568793654441,0.004409187939018,-0.022033916786313,0.0,0.142304003238678,-0.0017559663392603,-0.0180608872324228,0.0167106892913579,0.0253411531448364,-0.0285467877984046,-0.0162991434335708,-0.0284950770437717,0.0215475279837846,-0.0137488199397921,-0.0077745309099555,0.0185873433947563,-0.0436803214251995,0.0246349908411502,0.0131827071309089,0.0258237682282924,0.0037807147018611,-0.0416667088866233,0.0,-0.0045290025882422,0.0212355479598045,0.0,-0.0076628280803561,0.010009154677391,0.0503018125891685,-0.0027027644682675,-0.0569260343909263,0.0036133660469204,0.0343474373221397,-0.0045003816485404,-0.0295238494873046,0.0108498986810445,0.0616784244775772,-0.0044722887687385,-0.020792081952095,-0.0026953937485814,0.024340845644474,-0.0243243649601936,0.0144032286480069,0.0184672027826309,-0.0328358113765716,-0.060743436217308,0.0255102030932903,0.0086872735992074,-0.0363815017044544,0.0354066900908947,0.0119402864947915,0.0018484712345525,-0.0117993988096714,-0.0018450606148689,-0.0039177238941192,0.0637708455324173,-0.0377002470195293,0.0347523540258407,0.0143403075635433,-0.0142737263813614,0.0662588775157928,0.0477002076804637,-0.0130783868953585,0.0065040588378906,-0.0129096442833542,-0.0008077729144133,-0.0317307636141777,0.0016168518923223,-0.0739091709256172,-0.015334989875555,0.0190561767667532,0.0081967525184154,-0.0045166430063545,0.0,-0.0194862950593233,-0.0081301117315888,0.0310502424836158,-0.0073770619928836,0.0339943021535873,0.0545004792511463,-0.0381471440196037,0.0446358397603035,0.0922619327902793,-0.0187406297773122,0.0039840601384639,-0.0206264667212963,-0.0492424666881561,-0.0078002675436437,-0.0240295082330703,0.0102201346307992,0.0027803273405879,-0.0295719932764768,0.0112464744597673,-0.0304731447249651,0.0359223186969757,0.0248139109462499,0.0038986317813396,0.0008070439798757,-0.0284091085195541,-0.0201612915843725,-0.0231267344206571,0.0181070175021886,0.0102804312482476,-0.0331446938216686,-0.0083410702645778,-0.0988274216651916,-0.0163934268057346,-0.1013400421317414,-0.0107172389869175,-0.1105527439842604,0.0075566880878841,-0.1063651229386515,0.0282776282492749,-0.0460635877050338,0.1616650679699864,-0.0762143966497935,0.1940298316162663,0.0016750733411645,0.1121408716346732,2019-02-07,2019-02-08,2019-02-11,2019-02-12,2019-02-13,2019-02-14,2019-02-15,2019-02-19,2019-02-20,2019-02-21,93340.0,2019-02-06,252.0,-0.5000%,-0.0008,0.8238,2.0658,0.4165,2.5491%,2.8723%,21.2404%,-0.003328,AOSL,93340.0,2019-02-07,252.0,-9.8827%,-0.0011,0.8559,2.0632,0.396,2.6084%,2.9370%,21.1274%,-0.090205,AOSL,93340.0,2019-02-08,252.0,-0.2788%,-0.0011,0.856,2.0648,0.3975,2.6084%,2.9367%,21.1120%,-0.001958,AOSL,93340.0,2019-02-11,252.0,-1.0252%,-0.0011,0.8112,2.0736,0.3787,2.6058%,2.9247%,20.6214%,-0.026092,AOSL,93340.0,2019-02-12,252.0,1.4124%,-0.001,0.8175,2.0687,0.3828,2.6056%,2.9259%,20.6967%,0.003221,AOSL,93340.0,2019-02-13,252.0,-0.9285%,-0.001,0.8209,2.0581,0.3779,2.6057%,2.9256%,20.6702%,-0.013183,AOSL,93340.0,2019-02-14,252.0,6.4667%,-0.0007,0.8089,2.091,0.3389,2.6262%,2.9505%,20.7765%,0.057781,AOSL,93340.0,2019-02-15,252.0,2.5528%,-0.0007,0.8037,2.0875,0.3319,2.6254%,2.9475%,20.6615%,0.009434,AOSL,93340.0,2019-02-19,252.0,-2.6609%,-0.0008,0.8031,2.0571,0.2978,2.6311%,2.9504%,20.4709%,-0.035286,AOSL,93340.0,2019-02-20,252.0,0.4409%,-0.0009,0.8004,2.0416,0.2856,2.6276%,2.9447%,20.3749%,-0.00338,AOSL,93340.0,2019-02-21,252.0,0.0000%,-0.0009,0.8028,2.0478,0.2899,2.6270%,2.9446%,20.4062%,0.004947,AOSL,-0.093533,-0.095491,-0.121583,-0.131545,-0.098049
25635,ASSOCIATED BANC CORP,Associated Banc-Corp Late Tuesday Reported $100M Buyback,6,increase,0.8,0.6,a $100 million buyback typically signals confidence in the company's financial health and can lead to an increase in stock price due to reduced share supply and positive investor sentiment.,2,2019-02-06,ASB,2019-02-06 12:53:00+00:00,15318.0,04548710,0.0127215208485722,1336613.0,0.0148048410192132,-0.0076645659282803,-0.0097259599715471,0.0164986532181501,0.008035727776587,0.0078521976247429,0.0084145497530698,-0.0105118621140718,-0.0008783687953837,-0.0144144864752888,-0.0026373390574008,-0.008928520604968,0.0242397189140319,0.0167952310293912,0.0043029426597058,0.0337870121002197,0.0141388140618801,0.000939340039622,-0.0063371192663908,-0.0074591999873518,0.0059523549862205,-0.0096952486783266,-0.002535903127864,0.0255681332200765,-0.0152542628347873,0.0085960030555725,0.0107573149725794,0.0219619702547788,-0.0017028131987899,0.0024461464490741,0.0073024085722863,0.0024522386956959,-0.0119403274729847,0.0024581728503108,-0.0012948074145242,-0.0058650504797697,-0.0237683337181806,-0.0009765848517417,-0.0123948948457837,0.012357885017991,0.011653977446258,-0.0009876769036054,0.0115197263658046,0.024279186502099,0.0008760603377595,-0.0090225711464881,0.0061268876306712,0.0080848829820752,0.0073945228941738,0.0076375524513423,0.000863577646669,0.0118495384231209,0.012079325504601,-0.0041046650148928,-0.0315430425107479,0.0411325059831142,-0.0396126620471477,-0.0219435784965753,-0.0036663576029241,-0.0123838894069194,-0.0496780090034008,-0.0015456303954124,-0.0004840381734538,-0.0256024207919836,0.0213075317442417,-0.0230504814535379,0.0014225076884031,-0.0101942224428057,0.0080492459237575,-0.0148254167288541,0.002818199340254,-0.0183098316192627,0.031850129365921,0.0240384619683027,0.00226959772408,-0.0202543716877698,0.0009058178402483,-0.0184928178787231,0.010407218709588,0.0013888323446735,0.0022391059901565,-0.000462759315269,-0.0022341036237776,-0.053023625165224,-0.0165696740150451,-0.0151057569310069,0.0095628872513771,0.0117035275325179,0.0108254291117191,-0.001730891992338,0.0178491584956646,0.0118213864043355,-0.0206049680709838,-0.0095402998849749,0.0152193438261747,0.0105170803144574,-0.0004409271932672,0.0017558826366439,-0.0185266900807619,-0.0017528049647808,-0.0058426586911082,-0.0095486640930175,0.0248643402010202,-0.0090322187170386,-0.0119100334122777,-0.0034290580078959,-0.0075892894528806,0.0214535798877477,0.0044984426349401,-0.0268427431583404,0.0219435635954141,0.0064322305843234,-0.0056967204436659,-0.0080816904082894,-0.0083737559616565,-0.0050782454200088,0.0133332991972565,0.008105743676424,0.0127193387597799,-0.0008524531731382,0.0148048410192132,-0.0076645659282803,0.004934889756528,0.0087076322745514,0.0130102729638059,0.0166282039487577,0.0206370144549845,-0.0085585823974566,0.0551816728152132,0.0261072005477507,-0.0175525730966686,0.1357069766198724,0.0434549902263952,-0.054923697328421,2019-02-07,2019-02-08,2019-02-11,2019-02-12,2019-02-13,2019-02-14,2019-02-15,2019-02-19,2019-02-20,2019-02-21,15318.0,2019-02-06,252.0,1.2722%,0.0,1.0414,0.9125,1.3137,1.0849%,1.5456%,50.7303%,0.01407,ASB,15318.0,2019-02-07,252.0,1.4805%,0.0002,1.0505,0.892,1.3209,1.0812%,1.5459%,51.0879%,0.0204519999999999,ASB,15318.0,2019-02-08,252.0,-0.9726%,0.0002,1.0512,0.8828,1.3178,1.0792%,1.5444%,51.1727%,-0.002103,ASB,15318.0,2019-02-11,252.0,0.8036%,0.0002,1.0292,0.9003,1.3156,1.0741%,1.5238%,50.3145%,-0.002393,ASB,15318.0,2019-02-12,252.0,0.8415%,0.0002,1.0262,0.9013,1.3139,1.0743%,1.5226%,50.2163%,-0.003626,ASB,15318.0,2019-02-13,252.0,-0.0878%,0.0002,1.0253,0.9005,1.3124,1.0749%,1.5221%,50.1309%,-0.005312,ASB,15318.0,2019-02-14,252.0,-0.2637%,0.0002,1.0247,0.9016,1.3113,1.0750%,1.5222%,50.1272%,0.002345,ASB,15318.0,2019-02-15,252.0,2.4240%,0.0002,1.0252,0.9025,1.3126,1.0751%,1.5203%,49.9907%,0.004012,ASB,15318.0,2019-02-19,252.0,0.4303%,0.0002,1.024,0.9001,1.31,1.0755%,1.5203%,49.9592%,-0.0043,ASB,15318.0,2019-02-20,252.0,1.4139%,0.0002,1.0251,0.9043,1.3145,1.0753%,1.5229%,50.1407%,0.002908,ASB,15318.0,2019-02-21,252.0,-0.6337%,0.0002,1.0251,0.9044,1.3144,1.0753%,1.5215%,50.0503%,0.0010119999999999,ASB,0.034522,0.0324189999999999,0.0300259999999999,0.0210879999999999,0.027065
25643,ARDMORE SHIPPING CORP,"Ardmore Shipping Q4 EPS $(0.26) Misses $(0.25) Estimate, Sales $58.42M May Not Compare To $29.58M Estimate",6,decrease,0.8,0.7,"the company reported a larger-than-expected loss and significantly missed revenue estimates, which typically leads to a decline in stock price.",0,2019-02-06,ASC,2019-02-06 13:34:00+00:00,14092.0,Y0207T10,-0.0166666507720947,156596.0,-0.0135593088343739,0.0291595328599214,-0.0962199196219444,0.0336879529058933,0.0931558459997177,-0.0052910423837602,-0.0365217439830303,0.0143112558871507,-0.0415162481367588,0.0200730171054601,0.0338982716202735,-0.0249110087752342,0.0036430708132684,-0.0105633707717061,-0.0181488879024982,0.0124776633456349,0.0073937084525823,0.010810799896717,-0.0073394426144659,0.0,0.01663588732481,0.0090909441933035,0.0054545835591852,0.1178861632943153,-0.0126582579687237,0.0207468681037426,0.0054944567382335,0.02771857380867,0.0255009736865758,-0.0229166932404041,0.028419155627489,-0.0733590051531791,-0.0034542281646281,0.0038759654853492,-0.0641247630119323,-0.02824860624969,-0.0296296887099742,-0.0074766282923519,-0.0267175324261188,0.0075329495593905,0.0254902187734842,0.0371093861758709,0.0611855015158653,0.0448979139328002,0.0252251997590065,0.0560345351696014,0.0035149350296705,-0.0064240274950861,-0.0035026236437261,0.0424107275903224,0.036906860768795,-0.0239651706069707,-0.0406780056655407,-0.0555555485188961,-0.008833872154355,0.0231579225510358,0.0196077823638916,0.014957302249968,0.0,-0.067729115486145,-0.0419580042362213,-0.0364683419466018,0.0218977890908718,-0.0369685441255569,0.0142857013270258,-0.0287253707647323,0.0281690713018178,-0.0245183650404214,0.0410958491265773,-0.0467445328831672,0.0131578827276825,-0.029173469170928,0.0584415830671787,-0.0032310145907104,-0.0444785207509994,0.0065040588378906,-0.0385233126580715,0.0032626395113766,0.0250417534261941,0.0016340243164449,-0.0016286241589114,-0.0223642718046903,-0.0097879189997911,-0.0094936611130833,-0.008237263187766,0.0730051472783088,0.0581395179033279,0.0190310813486576,0.0722135081887245,-0.0102739622816443,0.0263543650507926,0.0281690713018178,-0.0057061966508626,-0.006993000395596,0.0301291309297084,0.0196077823638916,-0.0013927231775596,0.0,-0.0404463000595569,0.0505617931485176,0.0116278957575559,-0.0949152410030365,0.025862043723464,-0.0559999831020832,-0.0014005255652591,0.0064412178471684,-0.0154277887195348,-0.0127185890451073,0.0185185354202985,0.0096308095380663,-0.009790233336389,-0.0971014574170112,-0.0141242807731032,-0.0416666269302368,0.0530085787177085,0.0069929668679833,0.0530612058937549,0.0070422803983092,-0.0103359073400497,0.0014104022411629,-0.0135593088343739,0.0291595328599214,-0.1084745528501458,0.0638298107355577,-0.0254237455906245,0.0582010421178482,-0.1000000225138759,0.0948905051335882,-0.0830508867103704,0.0810810410958695,-0.0305085207714612,0.1952191281212418,0.2983050428764604,-0.1537376731849378,2019-02-07,2019-02-08,2019-02-11,2019-02-12,2019-02-13,2019-02-14,2019-02-15,2019-02-19,2019-02-20,2019-02-21,14092.0,2019-02-06,252.0,-1.6667%,-0.0002,0.951,1.4361,0.5617,2.4249%,2.6900%,18.7389%,-0.014896,ASC,14092.0,2019-02-07,252.0,-1.3559%,-0.0002,0.9609,1.4256,0.5618,2.4232%,2.6909%,18.9053%,-0.005139,ASC,14092.0,2019-02-08,252.0,-9.6220%,-0.0005,0.9774,1.4381,0.6392,2.4931%,2.7564%,18.1947%,-0.094021,ASC,14092.0,2019-02-11,252.0,9.3156%,-0.0004,1.0412,1.4876,0.6995,2.5340%,2.8172%,19.0995%,0.0807249999999999,ASC,14092.0,2019-02-12,252.0,-3.6522%,-0.0007,0.9881,1.5193,0.6667,2.5360%,2.8071%,18.3814%,-0.04989,ASC,14092.0,2019-02-13,252.0,-4.1516%,-0.0008,0.9896,1.4986,0.6521,2.5493%,2.8177%,18.1399%,-0.045761,ASC,14092.0,2019-02-14,252.0,3.3898%,-0.0007,0.9821,1.5164,0.6324,2.5576%,2.8261%,18.0997%,0.031866,ASC,14092.0,2019-02-15,252.0,0.3643%,-0.0008,0.9669,1.5013,0.6058,2.5585%,2.8202%,17.6954%,-0.014381,ASC,14092.0,2019-02-19,252.0,-1.8149%,-0.001,0.9589,1.4897,0.5933,2.5629%,2.8208%,17.4512%,-0.026257,ASC,14092.0,2019-02-20,252.0,0.7394%,-0.001,0.9575,1.48,0.5865,2.5612%,2.8181%,17.4009%,-0.0010689999999999,ASC,14092.0,2019-02-21,252.0,-0.7339%,-0.0011,0.9649,1.4951,0.6002,2.5579%,2.8180%,17.6040%,-0.001512,ASC,-0.020035,-0.114056,-0.033331,-0.128982,-0.140335
25651,ACTINIUM PHARMACEUTICALS INC,Actinium Offers Update On Patent Portfolio For its Iomab-ACT Next-Generation CAR-T Lymphodepletion Program,6,increase,0.7,0.6,"an update on the patent portfolio for a next-generation car-t program suggests progress and potential value creation, which could positively influence investor sentiment and stock price.",2,2019-02-06,ATNM,2019-02-06 13:13:00+00:00,14497.0,00507W20,0.0088271992281079,338613.0,-0.0274999868124723,-0.0427659973502159,-0.0429673306643962,0.0539804473519325,0.0141979586333036,-0.0086486879736185,0.0429436489939689,-0.0089285625144839,-0.0023580216802656,0.0372291132807731,-0.0363637097179889,0.0089703267440199,0.0209434982389211,-0.0313179045915603,0.0349288061261177,0.1025948226451874,0.1607142388820648,-0.0365384519100189,-0.0461538024246692,0.0473313108086586,-0.0012903444003313,0.0237112808972597,0.0012920115841552,0.0631302297115325,0.0,0.0606835857033729,-0.0269355308264493,-0.0225000083446502,-0.03033316321671,0.0232557915151119,0.0085470005869865,-0.0280289351940155,0.0506779924035072,0.0170115083456039,0.0001613431086298,-0.0224718898534774,-0.0483871474862098,-0.0180935990065336,-0.0169491376727819,-0.0152107756584882,-0.0344827249646186,0.0006523591582663,-0.0051785791292786,0.057484496384859,0.0287201087921857,-0.0032088556326925,-0.0029662959277629,0.1273902207612991,-0.001050018123351,-0.0069284089840948,0.0686755552887916,0.0391999892890453,-0.0491803772747516,-0.0625000149011612,-0.036206841468811,-0.0116135533899068,-0.0161001849919557,0.0376923754811286,-0.0636364072561264,-0.0252437070012092,-0.0233009029179811,0.0002499669790267,-0.0656064003705978,0.0,0.0212765745818615,0.0,-0.0227083154022693,-0.0423748791217804,-0.0204646848142147,-0.0286046843975782,0.0446136519312858,-0.0271493084728717,0.2500000894069672,0.0045454637147486,0.0,0.0149942468851804,-0.0266667194664478,-0.0514223091304302,-0.0410958714783191,-0.027659598737955,-0.0223214067518711,-0.0963276252150535,0.022648349404335,-0.0593235976994037,0.0332201942801475,-0.047545202076435,-0.0278305802494287,0.0267067607492208,-0.0398292355239391,0.1538775414228439,0.0,0.1395348906517029,-0.116666704416275,-0.0334906689822673,0.0484277121722698,0.0081577189266681,-0.0943811684846878,-0.0013577961362898,-0.315522164106369,0.0648193359375,-0.0483871474862098,-0.0249060168862342,0.037288162857294,-0.0697268173098564,-0.0392156690359115,-0.0374500378966331,-0.0272108372300863,-0.0095853060483932,0.0227271877229213,-0.06030935049057,0.0017094817012548,-0.069084994494915,0.0409556105732917,-0.0572262965142726,-0.0222950670868158,0.0010321354493498,0.0026827086694538,-0.0350425764918327,-0.0264214035123586,-0.0180765781551599,-0.0274999868124723,-0.0427659973502159,-0.0692857164502306,0.0089059223333003,-0.0560714735529661,0.0001802098163037,-0.0178571263105122,0.0281533982521744,0.107142862746747,0.1180262609065525,-0.0803571683352765,0.387403237470544,-0.4801785654505239,-0.0951914674424947,2019-02-07,2019-02-08,2019-02-11,2019-02-12,2019-02-13,2019-02-14,2019-02-15,2019-02-19,2019-02-20,2019-02-21,14497.0,2019-02-06,252.0,0.8827%,0.0002,1.0138,1.7477,0.0791,4.4113%,4.6378%,9.5294%,0.011014,ATNM,14497.0,2019-02-07,252.0,-2.7500%,0.0002,1.0163,1.7516,0.0748,4.4125%,4.6407%,9.5945%,-0.016208,ATNM,14497.0,2019-02-08,252.0,-4.2967%,-0.0001,1.0244,1.7485,0.1067,4.4203%,4.6470%,9.5177%,-0.044342,ATNM,14497.0,2019-02-11,252.0,1.4198%,0.0002,0.9321,1.8374,0.1064,4.3971%,4.6107%,9.0505%,0.000879,ATNM,14497.0,2019-02-12,252.0,4.2944%,0.0007,0.9995,1.773,0.1524,4.3654%,4.5864%,9.4055%,0.02998,ATNM,14497.0,2019-02-13,252.0,-0.2358%,0.0005,0.9837,1.7968,0.1548,4.3609%,4.5806%,9.3633%,-0.006427,ATNM,14497.0,2019-02-14,252.0,-3.6364%,0.0001,0.9895,1.7708,0.1907,4.3491%,4.5651%,9.2389%,-0.042843,ATNM,14497.0,2019-02-15,252.0,2.0943%,0.0001,0.988,1.7699,0.1889,4.3491%,4.5641%,9.2013%,0.00432,ATNM,14497.0,2019-02-19,252.0,3.4929%,0.0004,1.0077,1.7668,0.1837,4.3431%,4.5633%,9.4171%,0.027252,ATNM,14497.0,2019-02-20,252.0,16.0714%,0.0011,1.052,1.8734,0.3436,4.4467%,4.6725%,9.4286%,0.153802,ATNM,14497.0,2019-02-21,252.0,-4.6154%,0.001,1.0562,1.8727,0.3515,4.4534%,4.6785%,9.3901%,-0.04026,ATNM,-0.005194,-0.049536,-0.048657,-0.0251039999999999,0.077167
25659,ACTIVISION BLIZZARD INC,Activision Blizzard shares are trading lower in sympathy with peers EA and Take-Two after both companies reported weak earnings and issued soft guidance estimates.,6,decrease,0.8,0.7,"activision blizzard's stock is likely to decrease as it is trading lower in sympathy with peers that reported weak earnings, indicating a negative sentiment in the gaming sector.",0,2019-02-06,ATVI,2019-02-06 14:32:00+00:00,79678.0,00507V10,-0.1011705696582794,34593712.0,0.0223255604505538,0.0226592868566513,-0.0125113567337393,0.016735503450036,-0.0760193318128585,-0.0260373260825872,0.0388929843902587,0.0200820621103048,0.0695944726467132,0.0126831801608204,0.0192955043166875,-0.0216089449822902,-0.0182699058204889,-0.0221756808459758,-0.0026905590202659,0.011212158948183,-0.0382194407284259,0.0271621029824018,-0.0205702967941761,-0.0220994669944047,-0.0095465751364827,-0.0326824262738227,0.011084315367043,0.0268045682460069,0.0028599321376532,0.005304476711899,-0.006891656666994,0.0061913090758025,0.0083751725032925,-0.0095157697796821,0.0166113134473562,0.0161151699721813,-0.0245097856968641,-0.0936708450317382,0.0021536289714276,0.0102301128208637,0.0162368733435869,0.0172103382647037,-0.0267857890576124,0.0303093027323484,0.0147272003814578,0.0281959269195795,0.0211753379553556,0.0399029441177845,-0.0067566893994808,-0.0355092100799083,0.0250996872782707,0.0098775839433074,-0.0086956769227981,-0.0049145203083753,0.0302401054650545,-0.0051020765677094,0.0076181972399353,0.01335637178272,0.032243650406599,0.0552397444844245,-0.0056009981781244,-0.0405669994652271,0.0528595894575119,-0.0255047995597124,-0.0355966985225677,0.0155406296253204,0.0023469300940632,-0.020921342074871,-0.0117070935666561,0.0050976602360606,-0.0116304075345397,-0.0140313748270273,0.002196802990511,-0.015666838735342,-0.0019728222396224,0.0012383396970108,0.0349220335483551,0.0051867216825485,0.0072156232781708,0.0066833687014877,0.0040034228004515,0.0137624712660908,-0.0144806383177638,-0.0191069971770048,0.0070272963494062,0.0350387170910835,0.0059208874590694,-0.0017166957259178,-0.0117721538990736,-0.0657578706741333,0.018081309273839,-0.0509893484413623,-0.0144171006977558,0.0301842596381902,0.0023320037871599,0.005320206284523,-0.0323603823781013,-0.0031427980866283,-0.0150819374248385,0.0171828288584947,-0.0017754511209204,-0.0157325323671102,0.0073366346769034,0.0322777144610881,0.0006620785570703,0.0024419806431978,0.0258049890398979,-0.0353356748819351,0.0051602167077362,-0.0489171519875526,0.0141176441684365,0.0379845537245273,0.0156085565686225,-0.0180780366063118,0.0051921079866588,-0.0248654689639806,-0.0039256699383258,-0.0203599166125059,0.0072599523700773,-0.1239051222801208,0.0203871056437492,-0.0353356190025806,-0.048435878008604,0.0130738727748394,0.0223255604505538,0.0226592868566513,0.0095348806657369,0.0397740048800521,-0.0672092864042462,0.0127010700627925,0.0365116249550914,0.0461404054019525,-0.025581354689444,0.016574561112908,0.1302325290827046,0.016790665603408,0.1054244422795323,-0.255408559787493,2019-02-07,2019-02-08,2019-02-11,2019-02-12,2019-02-13,2019-02-14,2019-02-15,2019-02-19,2019-02-20,2019-02-21,79678.0,2019-02-06,252.0,-10.1171%,-0.0022,1.0425,0.1171,-1.0794,1.9801%,2.5099%,37.7603%,-0.0982,ATVI,79678.0,2019-02-07,252.0,2.2326%,-0.0021,1.0276,0.1196,-1.0708,1.9941%,2.5087%,36.8189%,0.0362829999999999,ATVI,79678.0,2019-02-08,252.0,-1.2511%,-0.0022,1.031,0.1203,-1.0561,1.9974%,2.5096%,36.6526%,-0.020984,ATVI,79678.0,2019-02-11,252.0,-7.6019%,-0.0024,1.0069,0.0432,-1.1105,2.0498%,2.5332%,34.5235%,-0.075928,ATVI,79678.0,2019-02-12,252.0,3.8893%,-0.0024,1.0148,0.0518,-1.108,2.0552%,2.5427%,34.6663%,0.0232019999999999,ATVI,79678.0,2019-02-13,252.0,6.9594%,-0.0021,1.0235,0.0654,-1.0887,2.1015%,2.5788%,33.5905%,0.067397,ATVI,79678.0,2019-02-14,252.0,1.9296%,-0.002,1.0201,0.0748,-1.0999,2.1035%,2.5820%,33.6277%,0.014691,ATVI,79678.0,2019-02-15,252.0,-1.8270%,-0.0022,0.9922,0.0472,-1.1485,2.1059%,2.5793%,33.3392%,-0.024805,ATVI,79678.0,2019-02-19,252.0,-0.2691%,-0.0022,0.9871,0.055,-1.1393,2.1033%,2.5698%,33.0110%,-0.001367,ATVI,79678.0,2019-02-20,252.0,-3.8219%,-0.0023,0.9803,0.0493,-1.161,2.1085%,2.5760%,33.0033%,-0.03405,ATVI,79678.0,2019-02-21,252.0,-2.0570%,-0.0024,0.9898,0.0648,-1.1436,2.1092%,2.5778%,33.0564%,-0.019679,ATVI,-0.061917,-0.082901,-0.158829,-0.06823,-0.13344
25667,AVISTA CORP,Avista Board Increases Quarterly Common Stock Dividend 4% to $0.3875/Share,6,increase,0.8,0.6,"an increase in the quarterly dividend typically signals financial health and can attract investors, likely leading to a rise in stock price.",2,2019-02-06,AVA,2019-02-06 08:55:00+00:00,24969.0,05379B10,-0.0055528623051941,842275.0,0.0077688689343631,-0.0036084081511944,-0.0105998227372765,0.0060503389686346,-0.0024348301813006,-0.0126642482355237,0.0029289461672306,0.0067355972714722,-0.0021903177257627,0.0084909861907362,0.000243861504714,0.0056111132726073,0.0053645754233002,-0.0004876040911767,0.0084890201687812,0.0051470366306602,-0.0002405516133876,-0.0065741529688239,0.0045104455202817,-0.0024289160501211,0.0087019726634025,-0.0031477257143706,-0.0167745221406221,-0.0002421238459646,-0.0070679285563528,0.0097775980830192,-0.0125184617936611,0.0049128169193863,0.0044742804020643,0.0034508106764405,-0.0086611844599246,-0.0174376647919416,0.0024962173774838,-0.0112547278404235,-0.0039840601384639,0.0036048477049916,0.0012499808799475,-0.0026366396341472,0.0112359747290611,-0.0004791676183231,0.0145679051056504,-0.0097271613776683,-0.0019469902617856,0.0042887846939265,0.0107291508466005,-0.0193924773484468,0.0009650401771068,0.0075329495593905,-0.0091588590294122,-0.0007056876202113,0.0082704974338412,-0.0035162102431058,0.0004825200885534,-0.0009367895545437,-0.0192911271005868,-0.0074383937753736,-0.0054093291983008,-0.0191518496721983,0.0103831440210342,0.0002280988992424,-0.0029361129272729,0.0052728001028299,-0.002944759093225,0.0108921760693192,0.0019689395558089,-0.0186490714550018,0.0002456923830322,-0.0228888615965843,-0.0081041706725955,0.0015579722821712,0.0056944675743579,-0.0072911628521978,0.0054160812869668,0.0182226672768592,-0.0056317225098609,0.0211348962038755,0.0009850015630945,-0.0082023376598954,0.0044280514121055,-0.0176813099533319,0.0061229486018419,-0.1305701285600662,-0.0026777167804539,-0.0005834068288095,-0.0019526928663253,-0.0115340696647763,0.0078258672729134,-0.0015354705974459,0.0002427113940939,0.0006197530892677,0.0058223642408847,0.0003815425152424,0.0062711564823985,0.0013371480163186,0.0028762926813215,-0.0009542566840536,-0.0126672750338912,-0.0003814697265625,0.0118614826351404,-0.0001907712430693,-0.0026315934956073,0.0005724957445636,0.0086351791396737,0.0019120896467939,-0.0026159479748457,-0.0017178880516439,-0.0035764833446592,0.0015293062897399,0.0083751725032925,-0.0001910994178615,-0.0002372643939452,-0.0015267524868249,0.0239733755588531,-0.0034233606420457,-0.0201668739318847,0.0028609866276383,0.0070972139947116,0.002869195304811,0.0234907213598489,0.0053845918737351,0.0077688689343631,-0.0036084081511944,-0.0029133024364867,0.0024200987249882,-0.0053410392210878,-0.0102747982415432,-0.0046127368813133,0.0048519393762438,0.0137776237952302,0.0060723832533522,0.0015250526858887,-0.0554161999073928,0.0676889498788149,-0.1977665475867225,2019-02-07,2019-02-08,2019-02-11,2019-02-12,2019-02-13,2019-02-14,2019-02-15,2019-02-19,2019-02-20,2019-02-21,24969.0,2019-02-06,252.0,-0.5553%,-0.0006,0.184,0.221,0.2527,1.1139%,1.1328%,3.3161%,-0.005391,AVA,24969.0,2019-02-07,252.0,0.7769%,-0.0006,0.1728,0.2314,0.2537,1.1112%,1.1292%,3.1474%,0.008682,AVA,24969.0,2019-02-08,252.0,-1.0600%,-0.0006,0.1741,0.2395,0.2645,1.1118%,1.1304%,3.2700%,-0.009221,AVA,24969.0,2019-02-11,252.0,-0.2435%,-0.0006,0.1755,0.2323,0.2613,1.1120%,1.1304%,3.2259%,-0.004967,AVA,24969.0,2019-02-12,252.0,0.2929%,-0.0007,0.1734,0.2361,0.2595,1.1116%,1.1299%,3.2088%,0.00084,AVA,24969.0,2019-02-13,252.0,-0.2190%,-0.0007,0.1734,0.235,0.2587,1.1117%,1.1300%,3.2000%,-0.003099,AVA,24969.0,2019-02-14,252.0,0.0244%,-0.0006,0.174,0.2363,0.2559,1.1086%,1.1270%,3.2265%,0.000787,AVA,24969.0,2019-02-15,252.0,0.5365%,-0.0006,0.1746,0.2371,0.2572,1.1087%,1.1271%,3.2326%,0.00148,AVA,24969.0,2019-02-19,252.0,0.8489%,-0.0006,0.1738,0.2447,0.2658,1.1087%,1.1275%,3.3166%,0.006598,AVA,24969.0,2019-02-20,252.0,-0.0241%,-0.0006,0.1735,0.2449,0.2649,1.1086%,1.1275%,3.3187%,-0.002671,AVA,24969.0,2019-02-21,252.0,0.4510%,-0.0005,0.1697,0.2387,0.258,1.1087%,1.1266%,3.1563%,0.005833,AVA,0.003291,-0.0059299999999999,-0.010897,-0.013156,-0.001129
25675,BRINKS CO,"Brink's Sees FY19 Adj. EPS $4.10-$4.30 vs $4.31 Estimate, Adj. EBITDA $590M-$610M, Sales ~$3.75B vs $3.79B Est.",6,decrease,0.75,0.6,"brink's guidance for adjusted eps and sales fell short of analyst estimates, which is likely to negatively impact investor sentiment and lead to a decrease in stock price.",0,2019-02-06,BCO,2019-02-06 12:36:00+00:00,18649.0,10969610,-0.0161246564239263,743296.0,0.0275880228728056,0.0049965577200055,0.0065255761146545,-0.0083031356334686,0.021169601008296,0.0083726551383733,0.0139932865276932,0.0070720016956329,-0.0076667321845889,0.0252369977533817,-0.0079835532233119,-0.0022258770186454,0.0164848994463682,-0.0001391311234328,-0.0090665193274617,0.0149653749540448,0.0215205959975719,0.0045383586548268,-0.000126081838971,-0.0138461235910654,0.0058036725968122,-0.0122945075854659,0.0005017676157876,0.0227465480566024,-0.0194333381950855,-0.0026772217825055,-0.0040915445424616,0.008669706992805,0.0132237616926431,0.0068689663894474,-0.0044348514638841,0.0028702202253043,-0.010691056959331,0.0054833656176924,-0.0176251474767923,0.0055137099698185,-0.0138815809041261,0.0045182560570538,-0.0252324230968952,0.0174996331334114,-0.0096730114892125,0.0065681813284754,0.0370063930749893,0.0442711822688579,0.0114088701084256,-0.0043457825668156,0.0044596535153687,-0.0034029576927423,0.0113606043159961,0.0189125407487154,0.0063267336226999,0.0039556962437927,-0.0075699761509895,0.0042904885485768,-0.0076276194304227,0.0648054480552673,-0.0029963958077132,-0.0349445305764675,0.0186854880303144,-0.0343739613890647,-0.0269368719309568,-0.0202379897236824,-0.0130503280088305,0.0118806017562747,-0.0013357299612835,0.0029790285043418,0.002808703109622,-0.0514574535191059,0.001066873781383,0.0028336287941783,0.004663017578423,0.0081190932542085,0.032223742455244,0.0232308022677898,0.0087358728051185,0.0495720915496349,0.016174279153347,-0.0019339070422574,-0.0161674506962299,-0.0257497169077396,0.0117197223007679,-0.042111586779356,-0.0045328708365559,-0.0624647550284862,-0.0207437314093112,0.0014120090054348,0.0200207065790891,0.0163604971021413,0.0107635613530874,-0.0021480957511812,-0.0083938632160425,0.0281213745474815,0.0050537148490548,0.0198198165744543,-0.0037712513003498,0.0191277731209993,0.0092113986611366,-0.0025945997331291,0.0011252354597672,0.0129869561642408,-0.000874231220223,-0.0138740064576268,0.0133749963715672,-0.0297337602823972,0.0553842112421989,-0.0029499197844415,-0.0833333060145378,0.0233962722122669,0.0138976965099573,-0.0097160162404179,0.0059104785323143,-0.0043161320500075,-0.0007500632782466,-0.0226908735930919,-0.0138871585950255,0.0005821702070534,0.0059629692696034,-0.0005805868422612,0.0234581995755434,-0.0041913702152669,0.0275880228728055,0.0049965577200055,0.0342936267305695,-0.0033480650099128,0.0561892101338792,0.0049965579347517,0.0627579376535216,0.03764635902836,0.084653521274435,0.0408391345732148,0.0668633018723172,0.1734468678604817,0.1105176957870941,0.0779369988573979,2019-02-07,2019-02-08,2019-02-11,2019-02-12,2019-02-13,2019-02-14,2019-02-15,2019-02-19,2019-02-20,2019-02-21,18649.0,2019-02-06,252.0,-1.6125%,-0.0004,0.8738,0.4389,-0.1006,1.8082%,2.0748%,24.0441%,-0.014225,BCO,18649.0,2019-02-07,252.0,2.7588%,-0.0003,0.8674,0.4312,-0.0911,1.8228%,2.0816%,23.3203%,0.036578,BCO,18649.0,2019-02-08,252.0,0.6526%,0.0,0.8645,0.4979,-0.0595,1.7612%,2.0264%,24.4599%,0.004801,BCO,18649.0,2019-02-11,252.0,2.1170%,0.0001,0.8711,0.5142,-0.0472,1.7642%,2.0242%,24.0334%,0.01671,BCO,18649.0,2019-02-12,252.0,1.3993%,-0.0,0.8543,0.5369,-0.0598,1.7539%,2.0113%,23.9552%,0.0018629999999999,BCO,18649.0,2019-02-13,252.0,-0.7667%,0.0001,0.8707,0.505,-0.068,1.7376%,2.0030%,24.7453%,-0.010439,BCO,18649.0,2019-02-14,252.0,-0.7984%,0.0001,0.8741,0.5005,-0.065,1.7353%,2.0018%,24.8526%,-0.009276,BCO,18649.0,2019-02-15,252.0,1.6485%,0.0001,0.8697,0.4971,-0.0714,1.7346%,1.9987%,24.6890%,0.0055689999999999,BCO,18649.0,2019-02-19,252.0,-0.9067%,0.0001,0.8728,0.4818,-0.0889,1.7325%,1.9990%,24.8854%,-0.012046,BCO,18649.0,2019-02-20,252.0,2.1521%,0.0001,0.8761,0.4795,-0.0799,1.7313%,1.9981%,24.9176%,0.019192,BCO,18649.0,2019-02-21,252.0,-0.0126%,0.0002,0.8723,0.4726,-0.0868,1.7306%,1.9956%,24.7973%,0.0031669999999999,BCO,0.0223529999999999,0.0271539999999999,0.043864,0.035288,0.041894
25683,BRINKS CO,"Brink's Q4 EPS $1.05 Beats $1.02 Estimate, Sales $908M Miss $925.72M Estimate",6,uncertain,0.6,0.3,"while brink's beat earnings expectations, the miss on sales could raise concerns among investors, leading to uncertainty about the overall market reaction.",1,2019-02-06,BCO,2019-02-06 12:35:00+00:00,18649.0,10969610,-0.0161246564239263,743296.0,0.0275880228728056,0.0049965577200055,0.0065255761146545,-0.0083031356334686,0.021169601008296,0.0083726551383733,0.0139932865276932,0.0070720016956329,-0.0076667321845889,0.0252369977533817,-0.0079835532233119,-0.0022258770186454,0.0164848994463682,-0.0001391311234328,-0.0090665193274617,0.0149653749540448,0.0215205959975719,0.0045383586548268,-0.000126081838971,-0.0138461235910654,0.0058036725968122,-0.0122945075854659,0.0005017676157876,0.0227465480566024,-0.0194333381950855,-0.0026772217825055,-0.0040915445424616,0.008669706992805,0.0132237616926431,0.0068689663894474,-0.0044348514638841,0.0028702202253043,-0.010691056959331,0.0054833656176924,-0.0176251474767923,0.0055137099698185,-0.0138815809041261,0.0045182560570538,-0.0252324230968952,0.0174996331334114,-0.0096730114892125,0.0065681813284754,0.0370063930749893,0.0442711822688579,0.0114088701084256,-0.0043457825668156,0.0044596535153687,-0.0034029576927423,0.0113606043159961,0.0189125407487154,0.0063267336226999,0.0039556962437927,-0.0075699761509895,0.0042904885485768,-0.0076276194304227,0.0648054480552673,-0.0029963958077132,-0.0349445305764675,0.0186854880303144,-0.0343739613890647,-0.0269368719309568,-0.0202379897236824,-0.0130503280088305,0.0118806017562747,-0.0013357299612835,0.0029790285043418,0.002808703109622,-0.0514574535191059,0.001066873781383,0.0028336287941783,0.004663017578423,0.0081190932542085,0.032223742455244,0.0232308022677898,0.0087358728051185,0.0495720915496349,0.016174279153347,-0.0019339070422574,-0.0161674506962299,-0.0257497169077396,0.0117197223007679,-0.042111586779356,-0.0045328708365559,-0.0624647550284862,-0.0207437314093112,0.0014120090054348,0.0200207065790891,0.0163604971021413,0.0107635613530874,-0.0021480957511812,-0.0083938632160425,0.0281213745474815,0.0050537148490548,0.0198198165744543,-0.0037712513003498,0.0191277731209993,0.0092113986611366,-0.0025945997331291,0.0011252354597672,0.0129869561642408,-0.000874231220223,-0.0138740064576268,0.0133749963715672,-0.0297337602823972,0.0553842112421989,-0.0029499197844415,-0.0833333060145378,0.0233962722122669,0.0138976965099573,-0.0097160162404179,0.0059104785323143,-0.0043161320500075,-0.0007500632782466,-0.0226908735930919,-0.0138871585950255,0.0005821702070534,0.0059629692696034,-0.0005805868422612,0.0234581995755434,-0.0041913702152669,0.0275880228728055,0.0049965577200055,0.0342936267305695,-0.0033480650099128,0.0561892101338792,0.0049965579347517,0.0627579376535216,0.03764635902836,0.084653521274435,0.0408391345732148,0.0668633018723172,0.1734468678604817,0.1105176957870941,0.0779369988573979,2019-02-07,2019-02-08,2019-02-11,2019-02-12,2019-02-13,2019-02-14,2019-02-15,2019-02-19,2019-02-20,2019-02-21,18649.0,2019-02-06,252.0,-1.6125%,-0.0004,0.8738,0.4389,-0.1006,1.8082%,2.0748%,24.0441%,-0.014225,BCO,18649.0,2019-02-07,252.0,2.7588%,-0.0003,0.8674,0.4312,-0.0911,1.8228%,2.0816%,23.3203%,0.036578,BCO,18649.0,2019-02-08,252.0,0.6526%,0.0,0.8645,0.4979,-0.0595,1.7612%,2.0264%,24.4599%,0.004801,BCO,18649.0,2019-02-11,252.0,2.1170%,0.0001,0.8711,0.5142,-0.0472,1.7642%,2.0242%,24.0334%,0.01671,BCO,18649.0,2019-02-12,252.0,1.3993%,-0.0,0.8543,0.5369,-0.0598,1.7539%,2.0113%,23.9552%,0.0018629999999999,BCO,18649.0,2019-02-13,252.0,-0.7667%,0.0001,0.8707,0.505,-0.068,1.7376%,2.0030%,24.7453%,-0.010439,BCO,18649.0,2019-02-14,252.0,-0.7984%,0.0001,0.8741,0.5005,-0.065,1.7353%,2.0018%,24.8526%,-0.009276,BCO,18649.0,2019-02-15,252.0,1.6485%,0.0001,0.8697,0.4971,-0.0714,1.7346%,1.9987%,24.6890%,0.0055689999999999,BCO,18649.0,2019-02-19,252.0,-0.9067%,0.0001,0.8728,0.4818,-0.0889,1.7325%,1.9990%,24.8854%,-0.012046,BCO,18649.0,2019-02-20,252.0,2.1521%,0.0001,0.8761,0.4795,-0.0799,1.7313%,1.9981%,24.9176%,0.019192,BCO,18649.0,2019-02-21,252.0,-0.0126%,0.0002,0.8723,0.4726,-0.0868,1.7306%,1.9956%,24.7973%,0.0031669999999999,BCO,0.0223529999999999,0.0271539999999999,0.043864,0.035288,0.041894
25691,BROOKFIELD INFRASTRUC PARTNER LP,"Brookfield Infrastructure Partners LP Q4 EPS $0.06 May Not Compare To $0.32 Estimate, Sales $1.428B Beat $867.78M Estimate, FFO $0.82/Share Up From $0.80/Share YoY",6,uncertain,0.6,0.3,"while the sales beat expectations significantly, the lower-than-expected eps may create mixed reactions among investors, leading to uncertainty in the stock price movement.",1,2019-02-06,BIP,2019-02-06 12:28:00+00:00,92550.0,G1625210,0.0218978133052587,471584.0,-0.0012754907365888,-0.0038950329180806,0.0066410806030035,-0.0150895183905959,0.0086272554472088,-0.0015322107356041,0.0100629311054945,0.0121478736400604,0.0067246980033814,0.0096555044874548,-0.0064324177801609,-0.0005216603749431,0.0047310413792729,-0.0166709795594215,0.0064436714164912,0.0172188840806484,0.0162521507591009,-0.0015628434484824,-0.0179307404905557,-0.0049248947761952,0.007895378395915,-0.0150624550879001,0.001958429114893,0.0137163251638412,0.0002442785480525,0.0238473154604435,-0.0114190867170691,-0.0091887237504124,0.0012509190710261,0.0316901952028274,-0.0002499284455552,-0.0085930051282048,0.0027493280358612,-0.0024109336081892,-0.0082252752035856,0.0061995517462491,0.0120633207261562,0.0010792525717988,0.0022349180653691,0.0078868893906474,0.000247728487011,0.0191241297870874,0.0274956803768873,0.0192090477794408,0.0002411315363133,0.0125858820974826,0.0036152736283838,0.0124529488384723,0.0019212735351175,0.0215976200997829,-0.0337967351078987,-0.0041249087080359,0.0228230748325586,0.0029550376348197,-0.0060635460540652,0.0405903942883014,-0.0109809851273894,-0.0178193934261798,0.0009869459317997,-0.0006036962731741,-0.0059156487695872,-0.0366385094821453,0.0032233386300504,-0.029079582542181,0.0044488459825515,-0.0193798672407865,0.0130413090810179,-0.0368000268936157,0.0012145506916567,-0.0100317066535353,0.015768988057971,-0.0145680950954556,-0.0124194044619798,0.0286325849592685,0.0048367781564593,0.0160413309931755,-0.0069795646704733,-0.028782682493329,0.0101793985813856,-0.0168743897229433,-0.00119959784206,-0.0125608276575803,0.0014412095770239,-0.0030667707324028,-0.0098344897851347,0.0251507181674242,0.0009690144797787,-0.0113960746675729,-0.0031462020706385,-0.0028067880775779,0.0060694343410432,0.0028146568220108,-0.0016891818959265,-0.0128819989040494,0.0101523324847221,-0.0075206630863249,-0.0047858520410954,0.0085967173799872,-0.0057706581428647,0.0227566882967948,-0.0002417973882984,-0.0261899009346962,0.0070150196552276,-0.0136611834168434,0.0002401710662525,-0.0029718361329287,-0.0031220237724483,0.0017365341773256,-0.0019271987257525,0.0019886111840605,0.0012068365467712,0.0019924785010516,-0.0024107636418193,-0.0042162244208157,0.0002416220668237,0.0022371402010321,-0.0070065455511212,0.0029917459469288,0.0145985968410968,0.0007484725210815,-0.0012754907365888,-0.0038950329180806,0.0053571192296246,-0.0189257771378272,0.0140305919128886,-0.0204289895945212,0.0311223810202674,0.001043865201737,0.033928519277445,-0.0057024677436721,0.0479602542421422,0.1578629438946437,0.0771492169919914,-0.031263584098687,2019-02-07,2019-02-08,2019-02-11,2019-02-12,2019-02-13,2019-02-14,2019-02-15,2019-02-19,2019-02-20,2019-02-21,92550.0,2019-02-06,252.0,2.1898%,-0.0002,0.4089,0.1665,-0.1431,1.0900%,1.2005%,17.5698%,0.022781,BIP,92550.0,2019-02-07,252.0,-0.1275%,-0.0001,0.4162,0.1556,-0.1411,1.0865%,1.1995%,17.9553%,0.003202,BIP,92550.0,2019-02-08,252.0,0.6641%,-0.0001,0.4152,0.1603,-0.1425,1.0862%,1.1992%,17.9614%,0.005115,BIP,92550.0,2019-02-11,252.0,0.8627%,-0.0001,0.4263,0.1596,-0.1371,1.0861%,1.1994%,18.0061%,0.007216,BIP,92550.0,2019-02-12,252.0,1.0063%,-0.0,0.4295,0.1583,-0.1352,1.0863%,1.2009%,18.1788%,0.003901,BIP,92550.0,2019-02-13,252.0,0.6725%,0.0,0.4314,0.1573,-0.134,1.0868%,1.2015%,18.1869%,0.005422,BIP,92550.0,2019-02-14,252.0,-0.6432%,-0.0,0.4328,0.1532,-0.1291,1.0873%,1.2016%,18.1164%,-0.0072219999999999,BIP,92550.0,2019-02-15,252.0,0.4731%,0.0,0.4428,0.1622,-0.1128,1.0846%,1.2014%,18.4932%,-2.3e-05,BIP,92550.0,2019-02-19,252.0,0.6444%,-0.0,0.4387,0.1728,-0.1005,1.0801%,1.1938%,18.1452%,0.00537,BIP,92550.0,2019-02-20,252.0,1.6252%,0.0,0.4424,0.1778,-0.0884,1.0836%,1.1972%,18.0751%,0.015491,BIP,92550.0,2019-02-21,252.0,-1.7931%,-0.0001,0.4475,0.1846,-0.0789,1.0883%,1.2026%,18.1100%,-0.016473,BIP,0.025983,0.031098,0.038314,0.047637,0.0447799999999999
25699,BOSTON SCIENTIFIC CORP,Boston Scientific shares are trading higher after the company reported Q4 EPS of $0.39 beating the $0.37 estimate and reported sales of $2.56 billion inline with estimates.,6,increase,0.8,0.6,"the positive earnings surprise typically boosts investor confidence, likely leading to an increase in stock price.",2,2019-02-06,BSX,2019-02-06 17:56:00+00:00,77605.0,10113710,0.0270198788493871,11376577.0,0.0020633998792618,-0.0047455918975174,0.0087516130879521,0.0,0.0030620757024735,-0.0057667419314384,0.0185703262686729,0.0195083748549222,-0.0109890718013048,0.0110780829563736,0.0080808009952306,0.0043419227004051,0.0022545128595083,-0.0160214230418205,-0.0037490057293325,0.0059092459268867,0.0062719518318772,0.0010755825787782,0.0002492725325282,-0.0018786821747198,0.0099701276049017,-0.0114088701084256,-0.0130799300968647,0.0239064712077379,-0.0032508391886949,0.0051884884014725,0.0017561388667672,-0.0027233737055212,0.0047582928091287,0.0399320237338542,0.0157029181718826,-0.0070303711108863,-0.0110429637134075,-0.0108483834192156,-0.002729543717578,0.001950939069502,-0.0102015389129519,0.0141322780400514,-0.00477623520419,0.0278908461332321,-0.0020207585766911,0.0061385291628539,0.0098710004240274,0.0395016483962535,0.0090224761515855,-0.0449796654284,-0.0007451262208633,-0.0249009914696216,-0.0044742804020643,0.0193251222372055,0.0039950027130544,0.0055104009807109,-0.0557074844837188,0.0237529464066028,0.0052672359161078,0.061456061899662,-0.0081214979290962,-0.0335060060024261,0.0076598231680691,-0.0129283377900719,-0.0222805310040712,-0.0211889706552028,0.0091152861714363,-0.0096182404085993,0.0053135165944695,0.007635892368853,-0.0092494310811162,-0.0488826818764209,0.0114696314558386,-0.0319091491401195,0.0121308788657188,-0.0032344725914299,0.0072954343631863,0.0147701604291796,-0.003621298354119,0.0113416276872158,-0.0049324668943881,0.0188839342445135,-0.0044352198019623,-0.0350829735398292,0.0,0.0068455641157925,-0.0002620105224195,-0.051674835383892,0.0015726750716567,0.0222989171743392,0.0039257137104868,0.0170085653662681,-0.0114703448489308,0.0106411837041378,-0.0050105126574635,0.0394215323030948,0.0021203772630542,0.0071408171206712,-0.0433748513460159,0.0060344566591084,-0.0348354540765285,0.0057803690433502,0.0057290391996502,0.0161526948213577,-0.0051267528906464,-0.035137478262186,0.0274835117161274,-0.051598984748125,-0.0125383334234356,0.0202905908226966,0.0420429371297359,0.0071803960017859,0.0121852355077862,-0.0122749796137213,-0.0173890180885791,-0.0073111415840685,0.0106180068105459,-0.043264202773571,-0.0199352875351905,0.0041623269207775,0.0140186445787549,0.0129116689786315,0.008403399027884,0.0298508089035749,0.0020633998792618,-0.0047455918975174,0.0108330710446029,-0.0047455918975174,0.0139283184307053,-0.010484967225171,0.0214082540146809,0.0199946420105929,0.0348206982387624,0.0131508768581358,-0.0159917184481577,0.1349970513992704,-0.04049522054357,0.0244233815639176,2019-02-07,2019-02-08,2019-02-11,2019-02-12,2019-02-13,2019-02-14,2019-02-15,2019-02-19,2019-02-20,2019-02-21,77605.0,2019-02-06,252.0,2.7020%,0.0012,1.0587,-0.2111,-0.6467,1.1708%,1.7961%,57.5068%,0.029678,BSX,77605.0,2019-02-07,252.0,0.2063%,0.0013,1.0607,-0.2192,-0.6428,1.1722%,1.7949%,57.3486%,0.014057,BSX,77605.0,2019-02-08,252.0,0.8752%,0.0013,1.0601,-0.2108,-0.6399,1.1706%,1.7923%,57.3418%,0.003371,BSX,77605.0,2019-02-11,252.0,0.3062%,0.0013,1.0608,-0.2074,-0.6377,1.1708%,1.7703%,56.2636%,0.004341,BSX,77605.0,2019-02-12,252.0,1.8570%,0.0013,1.0543,-0.1979,-0.6427,1.1681%,1.7654%,56.2199%,0.0030009999999999,BSX,77605.0,2019-02-13,252.0,-1.0989%,0.0013,1.056,-0.2066,-0.6478,1.1706%,1.7665%,56.0885%,-0.0134729999999999,BSX,77605.0,2019-02-14,252.0,0.8081%,0.0013,1.0551,-0.2029,-0.6529,1.1700%,1.7667%,56.1460%,0.0075149999999999,BSX,77605.0,2019-02-15,252.0,0.2255%,0.0012,1.0393,-0.2179,-0.6796,1.1678%,1.7597%,55.9536%,-0.006127,BSX,77605.0,2019-02-19,252.0,-0.3749%,0.0012,1.0409,-0.2242,-0.6868,1.1671%,1.7591%,55.9860%,-0.003153,BSX,77605.0,2019-02-20,252.0,0.6272%,0.0012,1.0425,-0.2225,-0.6816,1.1676%,1.7593%,55.9520%,0.008465,BSX,77605.0,2019-02-21,252.0,0.0249%,0.0013,1.0383,-0.2308,-0.6893,1.1656%,1.7567%,55.9732%,0.002283,BSX,0.0437349999999999,0.0471059999999999,0.0514469999999999,0.0409749999999999,0.0499579999999999
25707,BOSTON SCIENTIFIC CORP,"Boston Scientific Q4 Adj. EPS $0.39 Beats $0.37 Estimate, Sales $2.56B Inline",6,increase,0.7,0.6,"the adjusted eps beating estimates typically indicates stronger-than-expected performance, which can positively influence investor sentiment and lead to an increase in stock price.",2,2019-02-06,BSX,2019-02-06 11:54:00+00:00,77605.0,10113710,0.0270198788493871,11376577.0,0.0020633998792618,-0.0047455918975174,0.0087516130879521,0.0,0.0030620757024735,-0.0057667419314384,0.0185703262686729,0.0195083748549222,-0.0109890718013048,0.0110780829563736,0.0080808009952306,0.0043419227004051,0.0022545128595083,-0.0160214230418205,-0.0037490057293325,0.0059092459268867,0.0062719518318772,0.0010755825787782,0.0002492725325282,-0.0018786821747198,0.0099701276049017,-0.0114088701084256,-0.0130799300968647,0.0239064712077379,-0.0032508391886949,0.0051884884014725,0.0017561388667672,-0.0027233737055212,0.0047582928091287,0.0399320237338542,0.0157029181718826,-0.0070303711108863,-0.0110429637134075,-0.0108483834192156,-0.002729543717578,0.001950939069502,-0.0102015389129519,0.0141322780400514,-0.00477623520419,0.0278908461332321,-0.0020207585766911,0.0061385291628539,0.0098710004240274,0.0395016483962535,0.0090224761515855,-0.0449796654284,-0.0007451262208633,-0.0249009914696216,-0.0044742804020643,0.0193251222372055,0.0039950027130544,0.0055104009807109,-0.0557074844837188,0.0237529464066028,0.0052672359161078,0.061456061899662,-0.0081214979290962,-0.0335060060024261,0.0076598231680691,-0.0129283377900719,-0.0222805310040712,-0.0211889706552028,0.0091152861714363,-0.0096182404085993,0.0053135165944695,0.007635892368853,-0.0092494310811162,-0.0488826818764209,0.0114696314558386,-0.0319091491401195,0.0121308788657188,-0.0032344725914299,0.0072954343631863,0.0147701604291796,-0.003621298354119,0.0113416276872158,-0.0049324668943881,0.0188839342445135,-0.0044352198019623,-0.0350829735398292,0.0,0.0068455641157925,-0.0002620105224195,-0.051674835383892,0.0015726750716567,0.0222989171743392,0.0039257137104868,0.0170085653662681,-0.0114703448489308,0.0106411837041378,-0.0050105126574635,0.0394215323030948,0.0021203772630542,0.0071408171206712,-0.0433748513460159,0.0060344566591084,-0.0348354540765285,0.0057803690433502,0.0057290391996502,0.0161526948213577,-0.0051267528906464,-0.035137478262186,0.0274835117161274,-0.051598984748125,-0.0125383334234356,0.0202905908226966,0.0420429371297359,0.0071803960017859,0.0121852355077862,-0.0122749796137213,-0.0173890180885791,-0.0073111415840685,0.0106180068105459,-0.043264202773571,-0.0199352875351905,0.0041623269207775,0.0140186445787549,0.0129116689786315,0.008403399027884,0.0298508089035749,0.0020633998792618,-0.0047455918975174,0.0108330710446029,-0.0047455918975174,0.0139283184307053,-0.010484967225171,0.0214082540146809,0.0199946420105929,0.0348206982387624,0.0131508768581358,-0.0159917184481577,0.1349970513992704,-0.04049522054357,0.0244233815639176,2019-02-07,2019-02-08,2019-02-11,2019-02-12,2019-02-13,2019-02-14,2019-02-15,2019-02-19,2019-02-20,2019-02-21,77605.0,2019-02-06,252.0,2.7020%,0.0012,1.0587,-0.2111,-0.6467,1.1708%,1.7961%,57.5068%,0.029678,BSX,77605.0,2019-02-07,252.0,0.2063%,0.0013,1.0607,-0.2192,-0.6428,1.1722%,1.7949%,57.3486%,0.014057,BSX,77605.0,2019-02-08,252.0,0.8752%,0.0013,1.0601,-0.2108,-0.6399,1.1706%,1.7923%,57.3418%,0.003371,BSX,77605.0,2019-02-11,252.0,0.3062%,0.0013,1.0608,-0.2074,-0.6377,1.1708%,1.7703%,56.2636%,0.004341,BSX,77605.0,2019-02-12,252.0,1.8570%,0.0013,1.0543,-0.1979,-0.6427,1.1681%,1.7654%,56.2199%,0.0030009999999999,BSX,77605.0,2019-02-13,252.0,-1.0989%,0.0013,1.056,-0.2066,-0.6478,1.1706%,1.7665%,56.0885%,-0.0134729999999999,BSX,77605.0,2019-02-14,252.0,0.8081%,0.0013,1.0551,-0.2029,-0.6529,1.1700%,1.7667%,56.1460%,0.0075149999999999,BSX,77605.0,2019-02-15,252.0,0.2255%,0.0012,1.0393,-0.2179,-0.6796,1.1678%,1.7597%,55.9536%,-0.006127,BSX,77605.0,2019-02-19,252.0,-0.3749%,0.0012,1.0409,-0.2242,-0.6868,1.1671%,1.7591%,55.9860%,-0.003153,BSX,77605.0,2019-02-20,252.0,0.6272%,0.0012,1.0425,-0.2225,-0.6816,1.1676%,1.7593%,55.9520%,0.008465,BSX,77605.0,2019-02-21,252.0,0.0249%,0.0013,1.0383,-0.2308,-0.6893,1.1656%,1.7567%,55.9732%,0.002283,BSX,0.0437349999999999,0.0471059999999999,0.0514469999999999,0.0409749999999999,0.0499579999999999
25715,PEABODY ENERGY CORP NEW,"Peabody Energy shares are trading lower; despite strong Q4 earnings, the company reported its Q4 revenue fell year over year as well as 43% lower metallurgical volume due to the lack of production from its North Goonyella mine.",6,decrease,0.8,0.6,"despite strong q4 earnings, the significant drop in revenue and metallurgical volume due to production issues is likely to negatively impact investor sentiment and stock price.",0,2019-02-06,BTU,2019-02-06 16:49:00+00:00,16689.0,70455110,-0.105997197329998,2333871.0,-0.0361934453248977,0.0104283802211284,-0.0375526025891304,-0.0081073781475424,-0.0030272502917796,0.0019607758149504,0.0236167609691619,-0.0135395936667919,0.0247198417782783,0.0252124480903148,-0.0073978621512651,-0.0106502538546919,0.0100453486666083,0.0067720566876232,0.0022457661107182,0.013440016657114,-0.0022500704508274,0.0136232236400246,-0.0399485081434249,0.0123238889500498,0.0406040623784065,-0.0173009932041168,-0.0132215367630124,0.0158172510564327,-0.0022875717841088,0.0475605763494968,0.0432361513376236,0.0332910344004631,-0.0313971750438213,-0.0232270043343305,0.0440842360258102,0.0115915052592754,-0.0301148500293493,-0.0021881742868572,0.0182458292692899,0.0075590480118989,-0.0066016688942909,0.0166506711393594,-0.004746823105961,0.0246062986552715,-0.0254372376948595,-0.0317662023007869,0.004894002340734,0.0345053970813751,0.0072538540698587,-0.0231139436364173,0.0130315870046615,0.0219816304743289,-0.0199729222804307,0.0,0.016580294817686,-0.0013106459518894,0.0159700755029916,-0.0022883196361362,0.0030100385192781,0.031355369836092,-0.013337766751647,-0.008689846843481,0.0141939865425229,-0.0164365544915199,-0.0353215411305427,-0.0218649618327617,-0.0179620180279016,-0.001284489640966,-0.0017587458714842,-0.0035200195852667,-0.008104283362627,0.0252624824643135,0.0074600707739591,-0.0618652515113353,-0.0010578520596027,0.0281645972281694,0.0120014175772666,0.0115237068384885,-0.0195325929671526,0.0019242933485656,-0.0309498682618141,0.0067807878367602,0.0293686185032129,0.0097815208137035,-0.0017832076409831,-0.0623662211000919,0.0032154396176338,-0.005472797434777,-0.0195868667215108,0.0561978183686733,0.0148928379639983,-0.0003210346330888,0.0046527972444891,-0.0082776257768273,0.0313502326607704,0.0438683852553367,-0.0317789316177368,-0.004960305057466,0.0021405445877462,-0.0304585043340921,0.0060519785620272,-0.0346642136573791,0.0127388751134276,0.0062286127358675,0.0129279848188161,-0.0681949630379676,0.0265608988702297,-0.0232426226139068,0.0030241985805332,0.0011349914129823,-0.0150754023343324,-0.0128851281479001,0.0326530970633029,-0.0165288839489221,-0.015151547268033,0.0248447526246309,-0.0377926155924797,0.005678504705429,-0.0559610910713672,-0.0145495366305112,0.0158321168273687,-0.0022333338856697,0.0514679253101348,0.014730891212821,-0.0361934453248977,0.0104283802211284,-0.0723868898454108,0.0022364552516669,-0.075195006903785,0.0042016162539861,-0.0299531717792926,0.0155807149396922,-0.0663174500314125,0.051936517642579,0.0003480662665003,0.1785009301704561,-0.0329857567439193,0.0155807175123403,2019-02-07,2019-02-08,2019-02-11,2019-02-12,2019-02-13,2019-02-14,2019-02-15,2019-02-19,2019-02-20,2019-02-21,16689.0,2019-02-06,252.0,-10.5997%,-0.0006,0.9256,0.1733,0.3143,2.0710%,2.2789%,17.4139%,-0.1043099999999999,BTU,16689.0,2019-02-07,252.0,-3.6193%,-0.0008,0.9174,0.1958,0.3051,2.0718%,2.2758%,17.1210%,-0.028686,BTU,16689.0,2019-02-08,252.0,-3.7553%,-0.0009,0.9235,0.2071,0.338,2.0838%,2.2873%,17.0063%,-0.036471,BTU,16689.0,2019-02-11,252.0,-0.3027%,-0.0008,0.8751,0.2454,0.3333,2.0712%,2.2489%,15.1763%,-0.0065639999999999,BTU,16689.0,2019-02-12,252.0,2.3617%,-0.0008,0.8786,0.2504,0.3342,2.0725%,2.2517%,15.2785%,0.012133,BTU,16689.0,2019-02-13,252.0,2.4720%,-0.0007,0.8798,0.2574,0.3409,2.0772%,2.2555%,15.1846%,0.021776,BTU,16689.0,2019-02-14,252.0,-0.7398%,-0.0008,0.8788,0.254,0.348,2.0689%,2.2470%,15.2217%,-0.005011,BTU,16689.0,2019-02-15,252.0,1.0045%,-0.0009,0.8609,0.2377,0.3186,2.0648%,2.2365%,14.7595%,-0.002291,BTU,16689.0,2019-02-19,252.0,0.2246%,-0.0009,0.8616,0.2365,0.3172,2.0648%,2.2363%,14.7498%,-0.001135,BTU,16689.0,2019-02-20,252.0,-0.2250%,-0.0008,0.8622,0.2475,0.3218,2.0604%,2.2326%,14.8326%,-0.006252,BTU,16689.0,2019-02-21,252.0,-3.9949%,-0.0009,0.8672,0.2499,0.3312,2.0715%,2.2440%,14.7888%,-0.035945,BTU,-0.1329959999999999,-0.1694669999999999,-0.1760309999999999,-0.1421219999999999,-0.1927559999999999
25723,PEABODY ENERGY CORP NEW,"Peabody Energy Q4 EPS $1.97, Adj. EBITDA $273.7M, Sales $1.4B Beat $1.36B Estimate",6,increase,0.8,0.7,"the company's q4 earnings per share and adjusted ebitda exceeded estimates, which typically signals strong performance and can lead to a positive reaction in the stock price.",2,2019-02-06,BTU,2019-02-06 13:00:00+00:00,16689.0,70455110,-0.105997197329998,2333871.0,-0.0361934453248977,0.0104283802211284,-0.0375526025891304,-0.0081073781475424,-0.0030272502917796,0.0019607758149504,0.0236167609691619,-0.0135395936667919,0.0247198417782783,0.0252124480903148,-0.0073978621512651,-0.0106502538546919,0.0100453486666083,0.0067720566876232,0.0022457661107182,0.013440016657114,-0.0022500704508274,0.0136232236400246,-0.0399485081434249,0.0123238889500498,0.0406040623784065,-0.0173009932041168,-0.0132215367630124,0.0158172510564327,-0.0022875717841088,0.0475605763494968,0.0432361513376236,0.0332910344004631,-0.0313971750438213,-0.0232270043343305,0.0440842360258102,0.0115915052592754,-0.0301148500293493,-0.0021881742868572,0.0182458292692899,0.0075590480118989,-0.0066016688942909,0.0166506711393594,-0.004746823105961,0.0246062986552715,-0.0254372376948595,-0.0317662023007869,0.004894002340734,0.0345053970813751,0.0072538540698587,-0.0231139436364173,0.0130315870046615,0.0219816304743289,-0.0199729222804307,0.0,0.016580294817686,-0.0013106459518894,0.0159700755029916,-0.0022883196361362,0.0030100385192781,0.031355369836092,-0.013337766751647,-0.008689846843481,0.0141939865425229,-0.0164365544915199,-0.0353215411305427,-0.0218649618327617,-0.0179620180279016,-0.001284489640966,-0.0017587458714842,-0.0035200195852667,-0.008104283362627,0.0252624824643135,0.0074600707739591,-0.0618652515113353,-0.0010578520596027,0.0281645972281694,0.0120014175772666,0.0115237068384885,-0.0195325929671526,0.0019242933485656,-0.0309498682618141,0.0067807878367602,0.0293686185032129,0.0097815208137035,-0.0017832076409831,-0.0623662211000919,0.0032154396176338,-0.005472797434777,-0.0195868667215108,0.0561978183686733,0.0148928379639983,-0.0003210346330888,0.0046527972444891,-0.0082776257768273,0.0313502326607704,0.0438683852553367,-0.0317789316177368,-0.004960305057466,0.0021405445877462,-0.0304585043340921,0.0060519785620272,-0.0346642136573791,0.0127388751134276,0.0062286127358675,0.0129279848188161,-0.0681949630379676,0.0265608988702297,-0.0232426226139068,0.0030241985805332,0.0011349914129823,-0.0150754023343324,-0.0128851281479001,0.0326530970633029,-0.0165288839489221,-0.015151547268033,0.0248447526246309,-0.0377926155924797,0.005678504705429,-0.0559610910713672,-0.0145495366305112,0.0158321168273687,-0.0022333338856697,0.0514679253101348,0.014730891212821,-0.0361934453248977,0.0104283802211284,-0.0723868898454108,0.0022364552516669,-0.075195006903785,0.0042016162539861,-0.0299531717792926,0.0155807149396922,-0.0663174500314125,0.051936517642579,0.0003480662665003,0.1785009301704561,-0.0329857567439193,0.0155807175123403,2019-02-07,2019-02-08,2019-02-11,2019-02-12,2019-02-13,2019-02-14,2019-02-15,2019-02-19,2019-02-20,2019-02-21,16689.0,2019-02-06,252.0,-10.5997%,-0.0006,0.9256,0.1733,0.3143,2.0710%,2.2789%,17.4139%,-0.1043099999999999,BTU,16689.0,2019-02-07,252.0,-3.6193%,-0.0008,0.9174,0.1958,0.3051,2.0718%,2.2758%,17.1210%,-0.028686,BTU,16689.0,2019-02-08,252.0,-3.7553%,-0.0009,0.9235,0.2071,0.338,2.0838%,2.2873%,17.0063%,-0.036471,BTU,16689.0,2019-02-11,252.0,-0.3027%,-0.0008,0.8751,0.2454,0.3333,2.0712%,2.2489%,15.1763%,-0.0065639999999999,BTU,16689.0,2019-02-12,252.0,2.3617%,-0.0008,0.8786,0.2504,0.3342,2.0725%,2.2517%,15.2785%,0.012133,BTU,16689.0,2019-02-13,252.0,2.4720%,-0.0007,0.8798,0.2574,0.3409,2.0772%,2.2555%,15.1846%,0.021776,BTU,16689.0,2019-02-14,252.0,-0.7398%,-0.0008,0.8788,0.254,0.348,2.0689%,2.2470%,15.2217%,-0.005011,BTU,16689.0,2019-02-15,252.0,1.0045%,-0.0009,0.8609,0.2377,0.3186,2.0648%,2.2365%,14.7595%,-0.002291,BTU,16689.0,2019-02-19,252.0,0.2246%,-0.0009,0.8616,0.2365,0.3172,2.0648%,2.2363%,14.7498%,-0.001135,BTU,16689.0,2019-02-20,252.0,-0.2250%,-0.0008,0.8622,0.2475,0.3218,2.0604%,2.2326%,14.8326%,-0.006252,BTU,16689.0,2019-02-21,252.0,-3.9949%,-0.0009,0.8672,0.2499,0.3312,2.0715%,2.2440%,14.7888%,-0.035945,BTU,-0.1329959999999999,-0.1694669999999999,-0.1760309999999999,-0.1421219999999999,-0.1927559999999999
25731,CALIX INC,"Calix shares are trading lower after the company reported Q4 sales of $115.5, million missing the $124.73 million estimate.",6,decrease,0.9,0.8,"the company's q4 sales missed analyst estimates, which typically leads to a negative reaction in stock prices.",0,2019-02-06,CALX,2019-02-06 18:30:00+00:00,93272.0,13100M50,-0.2702205777168274,2847184.0,-0.0528967343270778,-0.0153846219182014,-0.0159574318677187,0.0,0.010810799896717,0.0156250074505806,0.0374331846833229,0.0149253588169813,0.009020579047501,-0.0055658132769167,0.0255427602678537,-0.0146252149716019,0.0211706198751926,-0.0153015376999974,0.0085366647690534,0.0334883406758308,-0.0181379150599241,0.0189573280513286,0.0431034974753856,0.0353288166224956,0.0023612163495272,0.0,-0.0023556542582809,0.0139302872121334,-0.0271547213196754,0.0276074092835187,0.0097087286412715,0.02623294852674,-0.014423063956201,0.0731981545686721,-0.0048780441284179,-0.0155211016535759,-0.0024509197100996,-0.0248648151755332,0.0012284121476113,-0.0364583730697631,-0.0294478256255388,-0.0092878434807062,-0.0126422131434083,-0.0081884209066629,-0.005121633876115,0.0041110911406576,0.0257400013506412,0.0462364889681339,-0.0037640819791704,-0.0302398279309272,-0.008816142566502,-0.0164102409034967,-0.0025412936229258,0.0483870767056942,0.0242038294672966,0.0652921721339225,0.0136815495789051,0.0046029877848923,-0.020858846604824,0.0382317453622818,-0.0087719513103365,-0.0301274880766868,0.0101137701421976,-0.0259593166410923,-0.0362953655421733,-0.0067265043035149,0.0064935316331684,-0.0132743241265416,-0.0129032135009765,0.0157303754240274,0.0091502871364355,-0.0430108122527599,0.0,-0.0032154053915292,-0.0025906711816787,-0.0063898209482431,0.0194805320352315,0.0129449712112546,-0.0089171584695577,-0.0021527991630136,0.0115680815652012,-0.013800436630845,0.0,-0.0348360799252986,-0.0165184400975704,0.0156088005751371,0.002584038535133,-0.0143590094521641,0.0180412195622921,0.0103627340868115,-0.1050632819533348,-0.0122825829312205,-0.0325318276882171,-0.0278606694191694,0.0073098996654152,0.0255102030932903,-0.0304789617657661,-0.0080971578136086,0.0,-0.0070351455360651,0.0464071780443191,-0.0069860923103988,-0.0214591734111309,-0.0166829377412796,0.0058479476720094,-0.0386793203651905,0.0348836854100227,-0.0009424387826584,0.0042135128751397,-0.0102612506598234,-0.0349650345742702,0.0209524072706699,0.0260869320482015,0.0125361727550625,0.0014124617446213,0.0206692945212125,-0.0338505282998085,-0.0097466260194778,0.0802920013666153,0.0260000228881835,-0.0540540665388107,0.0214504636824131,0.0214285850524902,0.0448239147663116,-0.0528967343270778,-0.0153846219182014,-0.0680100701607474,-0.0153846219182014,-0.0579345135234998,7.002829427449341e-10,-0.0138539196836512,0.0092764744865774,0.0667506593563111,0.0677135034859064,0.0062971977186392,0.2279910364615758,-0.0994962153911049,0.1611526433640986,2019-02-07,2019-02-08,2019-02-11,2019-02-12,2019-02-13,2019-02-14,2019-02-15,2019-02-19,2019-02-20,2019-02-21,93272.0,2019-02-06,252.0,-27.0221%,0.0012,0.8843,0.6101,-0.3154,2.9873%,3.1937%,12.5082%,-0.268187,CALX,93272.0,2019-02-07,252.0,-5.2897%,0.001,0.8938,0.6169,-0.3264,2.9999%,3.2106%,12.6952%,-0.0427489999999999,CALX,93272.0,2019-02-08,252.0,-1.5957%,0.0009,0.8976,0.6145,-0.3123,3.0023%,3.2122%,12.6446%,-0.019422,CALX,93272.0,2019-02-11,252.0,1.0811%,0.0008,0.9155,0.6045,-0.3082,3.0013%,3.2109%,12.6308%,0.006117,CALX,93272.0,2019-02-12,252.0,3.7433%,0.001,0.9382,0.5926,-0.2945,3.0028%,3.2184%,12.9512%,0.024237,CALX,93272.0,2019-02-13,252.0,0.9021%,0.001,0.937,0.5968,-0.2925,3.0028%,3.2174%,12.8929%,0.0061439999999999,CALX,93272.0,2019-02-14,252.0,2.5543%,0.0008,0.9279,0.6065,-0.2964,2.9824%,3.1962%,12.9319%,0.02261,CALX,93272.0,2019-02-15,252.0,2.1171%,0.0012,0.9848,0.6586,-0.2025,2.9576%,3.1849%,13.7680%,0.0104909999999999,CALX,93272.0,2019-02-19,252.0,0.8537%,0.0009,0.9599,0.6974,-0.1568,2.9118%,3.1297%,13.4384%,0.005263,CALX,93272.0,2019-02-20,252.0,-1.8138%,0.0008,0.9549,0.691,-0.1733,2.9142%,3.1316%,13.4034%,-0.020733,CALX,93272.0,2019-02-21,252.0,4.3103%,0.001,0.9442,0.6793,-0.1933,2.9284%,3.1422%,13.1467%,0.046622,CALX,-0.310936,-0.330358,-0.324241,-0.29386,-0.229607
25739,CYMABAY THERAPEUTICS INC,"B. Riley FBR Initiates Coverage On CymaBay Therapeutics with Neutral Rating, Announces $9 Price Target",6,uncertain,0.6,0.2,"the initiation of coverage with a neutral rating suggests a lack of strong positive or negative sentiment, leading to uncertainty in the stock's price movement.",1,2019-02-06,CBAY,2019-02-06 13:11:00+00:00,14691.0,23257D10,-0.0054466435685753,612732.0,-0.0076669980771839,0.029148006811738,0.0231788102537393,0.042056031525135,-0.0291262622922658,-0.0160918850451707,0.0533332824707031,0.001150774420239,0.0042195059359073,0.0308421421796083,0.0262605026364326,-0.0082352580502629,0.0184236783534288,-0.0318906307220459,0.0341708697378635,0.0565582774579525,-0.031098123639822,-0.0154027445241808,0.0210631936788559,-0.0527497492730617,0.1139489039778709,-0.0022396929562091,-0.0097002303227782,-0.0240436419844627,-0.0169189311563968,-0.0054348036646842,0.0398550331592559,-0.0315789692103862,0.0287457220256328,0.0031678704544901,0.0745130479335784,-0.0083769550547003,0.0575256533920764,-0.0205128006637096,-0.0104322163388133,-0.0030674573499709,-0.0519578009843826,0.010330518707633,0.0500397235155105,0.0114943170920014,-0.0650529935956001,0.0962199568748474,0.0315534248948097,0.0698529034852981,0.0486274436116218,-0.0121065834537148,-0.005983539391309,0.0495553165674209,-0.0218209158629179,0.0063938251696527,-0.0115384319797158,0.0169050861150026,0.0389105044305324,0.0785413682460784,-0.0037453325930982,0.0754147768020629,-0.0263158176094293,0.0137614915147423,-0.0023165817838162,-0.0238805748522281,-0.0766253694891929,-0.0871935039758682,0.0075440192595124,-0.0239361468702554,0.039933405816555,-0.0693069249391555,0.0344000235199928,-0.0669745877385139,0.0131477238610386,0.001156095881015,0.0137404082342982,-0.0125571470707655,0.0233434047549963,0.0034365048632025,-0.0206033643335104,-0.0022857666481286,0.0165288727730512,0.0174418147653341,-0.0066518960520625,-0.0057802586816251,0.0163690671324729,-0.01142861507833,-0.0117130195721983,-0.0520042851567268,-0.03999999538064,0.033594537526369,0.0138889122754335,-0.0088790142908692,-0.0038051893934607,-0.0131434705108404,-0.0450725853443145,0.048220444470644,-0.0240000151097774,-0.0322222188115119,0.027868865057826,-0.0353697687387466,-0.0342902950942516,0.0506756529211998,-0.0033030521590262,0.0325581058859825,-0.0016569597646594,-0.036954078823328,0.0348547771573066,-0.0755693092942237,0.0200481154024601,0.0200633127242326,0.0172955431044101,0.037808246910572,0.0061824480071663,0.0127635700628161,0.0238094814121723,-0.14190474152565,-0.039009716361761,-0.0916955322027206,-0.0413739793002605,-0.0153321428224444,0.0138436546549201,0.0059982598759233,0.0538152679800987,0.0696608871221542,-0.0076669980771839,0.029148006811738,0.0153341002829086,0.0724298878302422,-0.0142387870362131,0.0551724693562727,0.0427163552768155,0.0889679647156267,0.1150054940025222,0.0303030804925805,0.4151149942606404,0.3701493337222763,0.4370207754035449,-0.1585700810741982,2019-02-07,2019-02-08,2019-02-11,2019-02-12,2019-02-13,2019-02-14,2019-02-15,2019-02-19,2019-02-20,2019-02-21,14691.0,2019-02-06,252.0,-0.5447%,-0.001,1.3096,2.0007,-1.0038,3.3626%,4.0003%,29.3412%,-0.0017349999999999,CBAY,14691.0,2019-02-07,252.0,-0.7667%,-0.001,1.299,2.009,-1.002,3.3624%,3.9973%,29.2442%,0.010928,CBAY,14691.0,2019-02-08,252.0,2.3179%,-0.0012,1.2981,1.9528,-1.0432,3.3439%,3.9818%,29.4743%,0.013991,CBAY,14691.0,2019-02-11,252.0,-2.9126%,-0.0013,1.2885,1.9073,-1.0729,3.3534%,3.9781%,28.9386%,-0.041533,CBAY,14691.0,2019-02-12,252.0,5.3333%,-0.0011,1.3233,1.8882,-1.0517,3.3558%,3.9895%,29.2467%,0.033504,CBAY,14691.0,2019-02-13,252.0,0.4220%,-0.0012,1.3074,1.9155,-1.0466,3.3485%,3.9789%,29.1773%,1.8e-05,CBAY,14691.0,2019-02-14,252.0,2.6261%,-0.0015,1.2978,1.9197,-1.0406,3.2953%,3.9296%,29.6796%,0.012875,CBAY,14691.0,2019-02-15,252.0,1.8424%,-0.0014,1.319,1.9394,-1.0053,3.2926%,3.9314%,29.8559%,0.003854,CBAY,14691.0,2019-02-19,252.0,3.4171%,-0.0016,1.298,1.9964,-0.9394,3.2521%,3.8809%,29.7801%,0.028956,CBAY,14691.0,2019-02-20,252.0,-3.1098%,-0.0018,1.289,1.9752,-0.9716,3.2580%,3.8853%,29.6857%,-0.03289,CBAY,14691.0,2019-02-21,252.0,2.1063%,-0.0017,1.2881,1.9792,-0.9735,3.2610%,3.8878%,29.6425%,0.02488,CBAY,0.009193,0.023184,-0.018349,0.0151729999999999,0.0528479999999999
25747,CROWN HOLDINGS INC,"Crown Holdings Q4 EPS $1, Inline, Sales $2.734B Miss $2.81B Estimate; Reaffirms FY19 Free Cash Flow Target $775M",6,decrease,0.7,0.6,"the earnings per share (eps) met expectations, but the sales figure missed estimates significantly, which could lead to negative sentiment among investors.",0,2019-02-06,CCK,2019-02-06 22:04:00+00:00,17726.0,22836810,0.0075817108154296,3032099.0,0.0129268402233719,0.0100137116387486,0.0053333099931478,-0.0041063567623496,0.0100417314097285,0.0027450860943645,0.0018757920479401,0.0296790078282356,0.0175996739417314,0.0075264223851263,-0.0220790617167949,0.0030606312211602,0.0024458561092615,-0.0082962336018681,0.0090090008452534,0.0124973729252815,0.0093005951493978,0.0249895527958869,0.0005529412883333,-0.0043906103819608,0.0034996983595192,-0.0091153644025325,0.0078928107395768,0.0140756722539663,-0.0076488466002047,-0.0054325559176504,0.0003669782017823,0.0063078054226934,-0.0040359091944992,0.0116997035220265,0.0038680988363921,0.0098818279802799,0.0051375920884311,0.0188225135207176,0.0140562336891889,0.0128574157133698,-0.0007200884865596,-0.0074807512573897,-0.026481669396162,0.0138300005346536,0.0107327532023191,0.0408637598156929,0.0023801000788807,0.0296437442302703,-0.0018264561658725,0.0145525662228465,0.0023787235841155,-0.0081789791584014,-0.012048190459609,0.0191223043948411,0.0048041786067187,-0.0113911153748631,0.0101139983162283,0.0167569350451231,0.0072820228524506,0.0239717569202184,-0.0113862473517656,-0.0334146097302436,0.0221206415444612,-0.0422798730432987,-0.0332677625119686,-0.0532949976623058,0.0064755282364785,0.0022163628600537,-0.0001838627940742,-0.0019907134119421,-0.000735446170438,-0.0158902816474437,0.0103036137297749,0.0101143158972263,-0.0061919530853629,-0.0132349878549575,0.019607838243246,0.00457713752985,-0.0091660376638174,-0.0283778086304664,0.0036278027109801,-0.0162499751895666,0.0059641785919666,-0.0006245842087082,0.0050305207259953,-0.0403596498072147,0.0014301365008577,-0.0262646358460187,-0.0032131436746567,0.0023401472717523,0.0077005783095955,0.006872147321701,0.0071085430681705,0.0137340482324361,0.0010587854776531,0.0215535052120685,0.0,0.0096489675343036,-0.0133967623114585,0.0218166764825582,0.0094693368300795,-0.0144717963412404,-0.0012389326002448,0.0039435164071619,0.0226829480379819,-0.0177369806915521,0.0268584173172712,-0.0086903860792517,-0.0126560917124152,0.0004043764201924,-0.0153819471597671,0.0289161521941423,0.0116298934444785,0.0062800762243568,0.0008579796412959,0.0207265224307775,-0.003428780240938,0.0220571812242269,-0.0068811546079814,-0.0209535919129848,0.0188810005784034,0.0032175360247492,0.0277116801589727,0.0286848898977041,0.0129268402233719,0.0100137116387486,0.0183290930626629,0.0058662350038949,0.0285548803019106,0.008627424418395,0.0486204219118091,0.0463791455837812,0.0474628377760755,0.075475573892223,0.078718844697764,0.2015883409527723,0.1663129180454174,0.1350396944912457,2019-02-07,2019-02-08,2019-02-11,2019-02-12,2019-02-13,2019-02-14,2019-02-15,2019-02-19,2019-02-20,2019-02-21,17726.0,2019-02-06,252.0,0.7582%,-0.0001,0.9113,0.2301,0.4207,1.4524%,1.7205%,28.7346%,0.009226,CCK,17726.0,2019-02-07,252.0,1.2927%,0.0,0.9136,0.2184,0.4268,1.4556%,1.7224%,28.5813%,0.01996,CCK,17726.0,2019-02-08,252.0,0.5333%,-0.0,0.9127,0.2056,0.4145,1.4543%,1.7214%,28.6265%,0.007247,CCK,17726.0,2019-02-11,252.0,1.0042%,0.0001,0.8825,0.2429,0.4189,1.4466%,1.6892%,26.6572%,0.0063539999999999,CCK,17726.0,2019-02-12,252.0,0.1876%,0.0002,0.8963,0.2182,0.4303,1.4335%,1.6841%,27.5383%,-0.009563,CCK,17726.0,2019-02-13,252.0,1.7600%,0.0003,0.904,0.211,0.4325,1.4344%,1.6875%,27.7525%,0.014558,CCK,17726.0,2019-02-14,252.0,-2.2079%,0.0003,0.9092,0.201,0.4424,1.4379%,1.6926%,27.8297%,-0.018869,CCK,17726.0,2019-02-15,252.0,0.2446%,0.0003,0.9155,0.2055,0.4511,1.4359%,1.6927%,28.0378%,-0.010554,CCK,17726.0,2019-02-19,252.0,0.9009%,0.0003,0.914,0.212,0.4585,1.4354%,1.6906%,27.9141%,0.005221,CCK,17726.0,2019-02-20,252.0,0.9301%,0.0003,0.9153,0.2155,0.4634,1.4356%,1.6915%,27.9736%,0.004476,CCK,17726.0,2019-02-21,252.0,0.0553%,0.0004,0.9104,0.2065,0.4542,1.4343%,1.6876%,27.7693%,0.005056,CCK,0.0291859999999999,0.0364329999999999,0.0427869999999999,0.0477819999999999,0.0331119999999999
25755,CROWN HOLDINGS INC,Q4 Earnings Preview For Crown Holdings,6,uncertain,0.5,0.5,the impact on crown holdings inc's stock price is uncertain as it depends on the actual earnings results compared to market expectations.,1,2019-02-06,CCK,2019-02-06 13:33:00+00:00,17726.0,22836810,0.0075817108154296,3032099.0,0.0129268402233719,0.0100137116387486,0.0053333099931478,-0.0041063567623496,0.0100417314097285,0.0027450860943645,0.0018757920479401,0.0296790078282356,0.0175996739417314,0.0075264223851263,-0.0220790617167949,0.0030606312211602,0.0024458561092615,-0.0082962336018681,0.0090090008452534,0.0124973729252815,0.0093005951493978,0.0249895527958869,0.0005529412883333,-0.0043906103819608,0.0034996983595192,-0.0091153644025325,0.0078928107395768,0.0140756722539663,-0.0076488466002047,-0.0054325559176504,0.0003669782017823,0.0063078054226934,-0.0040359091944992,0.0116997035220265,0.0038680988363921,0.0098818279802799,0.0051375920884311,0.0188225135207176,0.0140562336891889,0.0128574157133698,-0.0007200884865596,-0.0074807512573897,-0.026481669396162,0.0138300005346536,0.0107327532023191,0.0408637598156929,0.0023801000788807,0.0296437442302703,-0.0018264561658725,0.0145525662228465,0.0023787235841155,-0.0081789791584014,-0.012048190459609,0.0191223043948411,0.0048041786067187,-0.0113911153748631,0.0101139983162283,0.0167569350451231,0.0072820228524506,0.0239717569202184,-0.0113862473517656,-0.0334146097302436,0.0221206415444612,-0.0422798730432987,-0.0332677625119686,-0.0532949976623058,0.0064755282364785,0.0022163628600537,-0.0001838627940742,-0.0019907134119421,-0.000735446170438,-0.0158902816474437,0.0103036137297749,0.0101143158972263,-0.0061919530853629,-0.0132349878549575,0.019607838243246,0.00457713752985,-0.0091660376638174,-0.0283778086304664,0.0036278027109801,-0.0162499751895666,0.0059641785919666,-0.0006245842087082,0.0050305207259953,-0.0403596498072147,0.0014301365008577,-0.0262646358460187,-0.0032131436746567,0.0023401472717523,0.0077005783095955,0.006872147321701,0.0071085430681705,0.0137340482324361,0.0010587854776531,0.0215535052120685,0.0,0.0096489675343036,-0.0133967623114585,0.0218166764825582,0.0094693368300795,-0.0144717963412404,-0.0012389326002448,0.0039435164071619,0.0226829480379819,-0.0177369806915521,0.0268584173172712,-0.0086903860792517,-0.0126560917124152,0.0004043764201924,-0.0153819471597671,0.0289161521941423,0.0116298934444785,0.0062800762243568,0.0008579796412959,0.0207265224307775,-0.003428780240938,0.0220571812242269,-0.0068811546079814,-0.0209535919129848,0.0188810005784034,0.0032175360247492,0.0277116801589727,0.0286848898977041,0.0129268402233719,0.0100137116387486,0.0183290930626629,0.0058662350038949,0.0285548803019106,0.008627424418395,0.0486204219118091,0.0463791455837812,0.0474628377760755,0.075475573892223,0.078718844697764,0.2015883409527723,0.1663129180454174,0.1350396944912457,2019-02-07,2019-02-08,2019-02-11,2019-02-12,2019-02-13,2019-02-14,2019-02-15,2019-02-19,2019-02-20,2019-02-21,17726.0,2019-02-06,252.0,0.7582%,-0.0001,0.9113,0.2301,0.4207,1.4524%,1.7205%,28.7346%,0.009226,CCK,17726.0,2019-02-07,252.0,1.2927%,0.0,0.9136,0.2184,0.4268,1.4556%,1.7224%,28.5813%,0.01996,CCK,17726.0,2019-02-08,252.0,0.5333%,-0.0,0.9127,0.2056,0.4145,1.4543%,1.7214%,28.6265%,0.007247,CCK,17726.0,2019-02-11,252.0,1.0042%,0.0001,0.8825,0.2429,0.4189,1.4466%,1.6892%,26.6572%,0.0063539999999999,CCK,17726.0,2019-02-12,252.0,0.1876%,0.0002,0.8963,0.2182,0.4303,1.4335%,1.6841%,27.5383%,-0.009563,CCK,17726.0,2019-02-13,252.0,1.7600%,0.0003,0.904,0.211,0.4325,1.4344%,1.6875%,27.7525%,0.014558,CCK,17726.0,2019-02-14,252.0,-2.2079%,0.0003,0.9092,0.201,0.4424,1.4379%,1.6926%,27.8297%,-0.018869,CCK,17726.0,2019-02-15,252.0,0.2446%,0.0003,0.9155,0.2055,0.4511,1.4359%,1.6927%,28.0378%,-0.010554,CCK,17726.0,2019-02-19,252.0,0.9009%,0.0003,0.914,0.212,0.4585,1.4354%,1.6906%,27.9141%,0.005221,CCK,17726.0,2019-02-20,252.0,0.9301%,0.0003,0.9153,0.2155,0.4634,1.4356%,1.6915%,27.9736%,0.004476,CCK,17726.0,2019-02-21,252.0,0.0553%,0.0004,0.9104,0.2065,0.4542,1.4343%,1.6876%,27.7693%,0.005056,CCK,0.0291859999999999,0.0364329999999999,0.0427869999999999,0.0477819999999999,0.0331119999999999
25763,CODEXIS INC,Codexis Announces Enzyme Supply Agreement With KYORIN Pharmaceutical For Overactive Bladder Drug Sold In Japan,6,increase,0.75,0.6,"the enzyme supply agreement with kyorin pharmaceutical suggests a positive business development for codexis, likely leading to increased revenue and investor confidence.",2,2019-02-06,CDXS,2019-02-06 12:23:00+00:00,93345.0,19200510,0.0381090641021728,801401.0,0.0009293892653658,0.0609006434679031,-0.0009285263367928,0.0087764617055654,0.007434937171638,0.0292242914438247,0.0216789357364177,0.0638778507709503,-0.0316026583313942,0.041200753301382,0.0158508215099573,0.0029515486676245,0.0059660007245838,-0.0145433386787772,-0.0054744910448789,0.0147579684853553,0.0,0.010137153789401,0.0077981688082218,0.0182150062173605,-0.0045515918172895,-0.0311765111982822,0.0096021527424454,-0.0224266480654478,-0.005887642968446,0.0603658407926559,-0.010022833943367,0.0269254446029663,-0.0050620664842426,0.0217530485242605,-0.0328400060534477,-0.0303970649838447,-0.0516499243676662,-0.0049382667057216,-0.0297529082745313,-0.0018483536550775,0.0322245769202709,-0.0345032699406147,0.0065457783639431,0.0194056816399097,-0.0305152889341116,0.0280547905713319,0.048503641039133,0.0328397415578365,0.0162401534616947,-0.0360025353729724,0.0072639039717614,-0.0353293493390083,-0.0091345496475696,0.0096735088154673,0.0237748548388481,0.0134804667904973,-0.0132701741531491,0.0168224591761827,0.0043227737769484,0.0354838222265243,0.0076518338173627,-0.0269931126385927,-0.0090175857767462,-0.0876288041472435,-0.060344748198986,-0.082501396536827,0.0188582520931959,-0.0041862856596708,0.0130065148696303,0.0068493713624775,-0.0167901311069726,-0.0271655917167663,0.0241084657609462,-0.0176233816891908,0.00686617475003,-0.0307466648519039,0.0194836631417274,-0.0009751563775353,0.0348781421780586,-0.0325471945106983,0.0101569397374987,-0.0004713966045528,-0.0201096273958683,-0.0467416159808635,0.0121268760412931,0.0159817524254322,-0.0147466175258159,-0.0296854265034198,-0.010757696814835,0.0296532679349184,0.0056737987324595,0.0503114126622676,-0.0126939564943313,0.0285855047404766,-0.0176190882921218,0.0718436688184738,0.0072710388340055,0.0117584839463233,-0.0091434326022863,0.0365650914609432,-0.0529383271932601,0.0361652784049511,0.0051282248459756,0.030769258737564,0.0321428142488002,0.0211480595171451,0.0039545195177197,-0.0207100827246904,-0.0531757734715938,0.0432098023593425,-0.001040065428242,0.0311903711408376,-0.0036439197137951,0.0194678902626037,0.0245559681206941,0.0138157922774553,0.0045895026996731,-0.0324634127318859,-0.0071066645905375,-0.0604066587984561,0.0143149634823203,-0.0124040748924017,0.0297379102557897,0.0634422227740287,0.0009293892653658,0.0609006434679031,-3.383693325531567e-11,0.0702115973387089,0.0074349371375495,0.1014877729658967,-0.0032527734748026,0.2201294832240932,0.0209107262288474,0.2586521243543676,-0.0297398356224474,0.1872852585182094,-0.0506505651491382,0.3021356358260769,2019-02-07,2019-02-08,2019-02-11,2019-02-12,2019-02-13,2019-02-14,2019-02-15,2019-02-19,2019-02-20,2019-02-21,93345.0,2019-02-06,252.0,3.8109%,0.0037,1.343,1.3623,-0.5988,2.8891%,3.4330%,29.1763%,0.0414109999999999,CDXS,93345.0,2019-02-07,252.0,0.0929%,0.0038,1.353,1.3436,-0.5934,2.8866%,3.4328%,29.2876%,0.017426,CDXS,93345.0,2019-02-08,252.0,-0.0929%,0.0039,1.3545,1.3587,-0.5772,2.8862%,3.4319%,29.2756%,-0.007013,CDXS,93345.0,2019-02-11,252.0,0.7435%,0.0037,1.3797,1.3266,-0.5814,2.8835%,3.4290%,29.2842%,-0.002201,CDXS,93345.0,2019-02-12,252.0,2.1679%,0.0036,1.3576,1.3531,-0.5974,2.8747%,3.4190%,29.3014%,0.001562,CDXS,93345.0,2019-02-13,252.0,-3.1603%,0.0036,1.3707,1.3151,-0.6138,2.8737%,3.4220%,29.4773%,-0.035898,CDXS,93345.0,2019-02-14,252.0,1.5851%,0.0036,1.3695,1.3176,-0.6163,2.8738%,3.4224%,29.4882%,0.008231,CDXS,93345.0,2019-02-15,252.0,0.5966%,0.0035,1.3564,1.3044,-0.6393,2.8749%,3.4186%,29.2808%,-0.009945,CDXS,93345.0,2019-02-19,252.0,-0.5474%,0.0035,1.3552,1.294,-0.651,2.8760%,3.4182%,29.2082%,-0.010017,CDXS,93345.0,2019-02-20,252.0,0.0000%,0.0032,1.3485,1.2551,-0.6811,2.8550%,3.3983%,29.4177%,-0.001941,CDXS,93345.0,2019-02-21,252.0,0.7798%,0.0034,1.3339,1.2271,-0.708,2.8470%,3.3855%,29.2850%,0.012,CDXS,0.058837,0.051824,0.049623,0.015287,0.013615
25771,CODEXIS INC,"Codexis Reports Enzyme Supply Deal With KYORIN Pharma For Overactive Bladder Drug Sold In Japan, No Terms Disclosed",6,increase,0.7,0.6,"the enzyme supply deal with kyorin pharma suggests a positive business development for codexis, which could lead to increased revenue potential, thus likely boosting investor confidence.",2,2019-02-06,CDXS,2019-02-06 12:05:00+00:00,93345.0,19200510,0.0381090641021728,801401.0,0.0009293892653658,0.0609006434679031,-0.0009285263367928,0.0087764617055654,0.007434937171638,0.0292242914438247,0.0216789357364177,0.0638778507709503,-0.0316026583313942,0.041200753301382,0.0158508215099573,0.0029515486676245,0.0059660007245838,-0.0145433386787772,-0.0054744910448789,0.0147579684853553,0.0,0.010137153789401,0.0077981688082218,0.0182150062173605,-0.0045515918172895,-0.0311765111982822,0.0096021527424454,-0.0224266480654478,-0.005887642968446,0.0603658407926559,-0.010022833943367,0.0269254446029663,-0.0050620664842426,0.0217530485242605,-0.0328400060534477,-0.0303970649838447,-0.0516499243676662,-0.0049382667057216,-0.0297529082745313,-0.0018483536550775,0.0322245769202709,-0.0345032699406147,0.0065457783639431,0.0194056816399097,-0.0305152889341116,0.0280547905713319,0.048503641039133,0.0328397415578365,0.0162401534616947,-0.0360025353729724,0.0072639039717614,-0.0353293493390083,-0.0091345496475696,0.0096735088154673,0.0237748548388481,0.0134804667904973,-0.0132701741531491,0.0168224591761827,0.0043227737769484,0.0354838222265243,0.0076518338173627,-0.0269931126385927,-0.0090175857767462,-0.0876288041472435,-0.060344748198986,-0.082501396536827,0.0188582520931959,-0.0041862856596708,0.0130065148696303,0.0068493713624775,-0.0167901311069726,-0.0271655917167663,0.0241084657609462,-0.0176233816891908,0.00686617475003,-0.0307466648519039,0.0194836631417274,-0.0009751563775353,0.0348781421780586,-0.0325471945106983,0.0101569397374987,-0.0004713966045528,-0.0201096273958683,-0.0467416159808635,0.0121268760412931,0.0159817524254322,-0.0147466175258159,-0.0296854265034198,-0.010757696814835,0.0296532679349184,0.0056737987324595,0.0503114126622676,-0.0126939564943313,0.0285855047404766,-0.0176190882921218,0.0718436688184738,0.0072710388340055,0.0117584839463233,-0.0091434326022863,0.0365650914609432,-0.0529383271932601,0.0361652784049511,0.0051282248459756,0.030769258737564,0.0321428142488002,0.0211480595171451,0.0039545195177197,-0.0207100827246904,-0.0531757734715938,0.0432098023593425,-0.001040065428242,0.0311903711408376,-0.0036439197137951,0.0194678902626037,0.0245559681206941,0.0138157922774553,0.0045895026996731,-0.0324634127318859,-0.0071066645905375,-0.0604066587984561,0.0143149634823203,-0.0124040748924017,0.0297379102557897,0.0634422227740287,0.0009293892653658,0.0609006434679031,-3.383693325531567e-11,0.0702115973387089,0.0074349371375495,0.1014877729658967,-0.0032527734748026,0.2201294832240932,0.0209107262288474,0.2586521243543676,-0.0297398356224474,0.1872852585182094,-0.0506505651491382,0.3021356358260769,2019-02-07,2019-02-08,2019-02-11,2019-02-12,2019-02-13,2019-02-14,2019-02-15,2019-02-19,2019-02-20,2019-02-21,93345.0,2019-02-06,252.0,3.8109%,0.0037,1.343,1.3623,-0.5988,2.8891%,3.4330%,29.1763%,0.0414109999999999,CDXS,93345.0,2019-02-07,252.0,0.0929%,0.0038,1.353,1.3436,-0.5934,2.8866%,3.4328%,29.2876%,0.017426,CDXS,93345.0,2019-02-08,252.0,-0.0929%,0.0039,1.3545,1.3587,-0.5772,2.8862%,3.4319%,29.2756%,-0.007013,CDXS,93345.0,2019-02-11,252.0,0.7435%,0.0037,1.3797,1.3266,-0.5814,2.8835%,3.4290%,29.2842%,-0.002201,CDXS,93345.0,2019-02-12,252.0,2.1679%,0.0036,1.3576,1.3531,-0.5974,2.8747%,3.4190%,29.3014%,0.001562,CDXS,93345.0,2019-02-13,252.0,-3.1603%,0.0036,1.3707,1.3151,-0.6138,2.8737%,3.4220%,29.4773%,-0.035898,CDXS,93345.0,2019-02-14,252.0,1.5851%,0.0036,1.3695,1.3176,-0.6163,2.8738%,3.4224%,29.4882%,0.008231,CDXS,93345.0,2019-02-15,252.0,0.5966%,0.0035,1.3564,1.3044,-0.6393,2.8749%,3.4186%,29.2808%,-0.009945,CDXS,93345.0,2019-02-19,252.0,-0.5474%,0.0035,1.3552,1.294,-0.651,2.8760%,3.4182%,29.2082%,-0.010017,CDXS,93345.0,2019-02-20,252.0,0.0000%,0.0032,1.3485,1.2551,-0.6811,2.8550%,3.3983%,29.4177%,-0.001941,CDXS,93345.0,2019-02-21,252.0,0.7798%,0.0034,1.3339,1.2271,-0.708,2.8470%,3.3855%,29.2850%,0.012,CDXS,0.058837,0.051824,0.049623,0.015287,0.013615
25779,CARLYLE GROUP L P,The Carlyle Group Q4 EPS $(0.15) Misses $(0.05) Estimate,6,decrease,0.8,0.7,"the reported q4 eps of $(0.15) missed the estimate by $(0.05), indicating weaker-than-expected financial performance, which is likely to negatively impact investor sentiment and lead to a decrease in stock price.",0,2019-02-06,CG,2019-02-06 11:45:00+00:00,13405.0,14316J10,-0.0568627379834651,1576992.0,-0.0129937632009387,0.0350076407194137,-0.0126382187008857,0.017027860507369,-0.0122666424140334,0.0259396396577358,0.0075593623332679,0.0476982071995735,0.0085744829848408,0.0157746858894825,-0.007970224134624,0.007377931382507,0.0117835570126771,-0.0123317996039986,-0.0021667936816811,0.0119115710258483,0.0076004010625183,-0.0178273860365152,-0.018857778981328,-0.0191256012767553,-0.000549056683667,-0.0302067603915929,-0.0082418415695428,0.046008862555027,-0.0005539236590266,0.0,-0.006651930976659,0.0220963917672634,-0.0117188049480319,0.0214119739830493,0.0073405462317168,0.0064065586775541,0.0106502538546919,-0.004637676756829,0.0022184695117175,-0.0086206682026386,-0.0055340556427836,0.023529389873147,-0.0211463086307048,0.0278113093227148,-0.0028424807824194,0.0209876634180545,0.0193841643631458,0.0411311276257038,0.0055928626097738,-0.0287141092121601,0.0339266210794448,0.0171428862959146,-0.0016138077480718,-0.025974029675126,0.0242457315325737,0.0106250047683715,0.0110467690974474,0.0037641418166458,-0.0093651618808507,0.0133502893149852,0.0021007880568504,-0.0241936277598142,0.0125786047428846,0.0075000524520874,-0.0445134900510311,0.0443864427506923,-0.0119176227599382,-0.0370836034417152,0.007675405126065,0.0012586220400407,-0.0097931670024991,-0.0239557940512895,0.0027472106739878,-0.0468383617699146,0.0016438732855021,-0.0240000039339065,0.0027351879980415,0.0330578200519084,-0.0049099917523562,-0.0151162920519709,0.0208333916962146,-0.0205010659992694,-0.0091299712657928,-0.0129286926239728,0.0027099857106804,0.0125214131549,0.0081080878153443,-0.0599251352250576,-0.0187667775899171,0.0207537449896335,0.0213115476071834,-0.0065111685544252,0.0107008479535579,-0.0112660452723503,0.0074113975279033,0.0102980276569724,-0.0078823706135153,-0.0390625,0.01694923825562,0.011591212823987,0.0036458172835409,0.0209789872169494,0.0612350963056087,0.077056773006916,0.0215158239006996,-0.0182024855166673,0.0105314133688807,-0.0217028055340051,-0.0085267787799239,-0.0323101989924907,-0.0033444669097661,-0.0096000162884593,0.0033556900452822,-0.0162644013762474,0.026278031989932,-0.0185376219451427,-0.0246740598231554,-0.0265664495527744,-0.0214797500520944,-0.0345971398055553,0.0102438582107424,0.0047619231045246,0.0140029415488243,0.0248902011662721,-0.0129937632009387,0.0350076407194137,-0.0254677638807434,0.052631606449645,-0.0374220023421667,0.0799364910132924,-0.0218295258029035,0.1492957548395985,-0.0314877377956436,0.1147541251924932,0.0275484674327475,0.2749999820300537,0.1169005244534822,0.0165677667118251,2019-02-07,2019-02-08,2019-02-11,2019-02-12,2019-02-13,2019-02-14,2019-02-15,2019-02-19,2019-02-20,2019-02-21,13405.0,2019-02-06,252.0,-5.6863%,-0.0007,1.077,0.6334,0.1111,1.5400%,1.9520%,37.7568%,-0.054563,CG,13405.0,2019-02-07,252.0,-1.2994%,-0.0007,1.0758,0.6358,0.1103,1.5400%,1.9506%,37.6699%,-0.002687,CG,13405.0,2019-02-08,252.0,-1.2638%,-0.0007,1.0777,0.647,0.1258,1.5409%,1.9511%,37.6288%,-0.013263,CG,13405.0,2019-02-11,252.0,-1.2267%,-0.0008,1.0596,0.6404,0.1126,1.5432%,1.9316%,36.1741%,-0.018435,CG,13405.0,2019-02-12,252.0,0.7559%,-0.0007,1.0649,0.6291,0.1173,1.5409%,1.9321%,36.3935%,-0.006887,CG,13405.0,2019-02-13,252.0,0.8574%,-0.0008,1.0575,0.6439,0.1214,1.5372%,1.9244%,36.1891%,0.0050329999999999,CG,13405.0,2019-02-14,252.0,-0.7970%,-0.0008,1.0598,0.6399,0.1249,1.5374%,1.9248%,36.2077%,-0.008494,CG,13405.0,2019-02-15,252.0,1.1784%,-0.0008,1.0663,0.6455,0.1351,1.5363%,1.9255%,36.3424%,-0.0024909999999999,CG,13405.0,2019-02-19,252.0,-0.2167%,-0.0008,1.0637,0.6439,0.1335,1.5365%,1.9231%,36.1676%,-0.00657,CG,13405.0,2019-02-20,252.0,0.7600%,-0.0007,1.0665,0.6578,0.1455,1.5327%,1.9215%,36.3770%,0.003328,CG,13405.0,2019-02-21,252.0,-1.8858%,-0.0008,1.0725,0.667,0.1565,1.5342%,1.9250%,36.4796%,-0.014217,CG,-0.05725,-0.070513,-0.088948,-0.090802,-0.119246
25787,CHURCH & DWIGHT INC,Church & Dwight shares are trading higher after Goldman Sachs upgraded the company's stock from Sell to Neutral; Deutsche Bank also upgraded the stock from Sell to Hold.,6,increase,0.8,0.6,"upgrades from major financial institutions like goldman sachs and deutsche bank typically signal improved investor sentiment, which is likely to drive the stock price higher.",2,2019-02-06,CHD,2019-02-06 18:00:00+00:00,23393.0,17134010,0.0383724719285965,4122228.0,-0.0031856794375926,-0.0751109570264816,0.0121444277465343,0.0108242556452751,0.0132617643103003,0.0009286110289394,-0.0004674163064919,0.0223101247102022,0.0104442425072193,-0.0081607103347778,-0.0037411479279398,0.0015718687791377,0.0052836672402918,0.0004717530973721,0.0041736997663974,-0.0110420351848006,-0.0003078301087953,-0.0184704475104808,0.0186325684189796,-0.0110204676166176,0.0019651888869702,-0.0310123283416032,-0.0147856930270791,0.0143938455730676,0.004594110418111,0.0002968182088807,0.0021341370884329,-0.0001483304658904,0.0009127652738243,0.0103463008999824,-0.0033434834331274,-0.0068503213115036,0.0047270134091377,0.001790284179151,-0.0039460030384361,0.0183834563940763,-0.0041139214299619,0.0015215835301205,0.0041309157386422,-0.0024285980034619,0.0003048038051929,0.0126037457957863,0.012185763567686,0.011976926587522,-0.0007523765671066,-0.0021728912834078,0.0081325434148311,-0.0202250871807336,-0.0001494194148108,0.0001521237427368,0.0070222802460193,0.000608749280218,-0.0080118831247091,0.0131051260977983,-0.0071792304515838,0.035110130906105,-0.00843623932451,-0.0345146618783474,0.0144332563504576,0.0037116894964128,0.0049423668533563,-0.0015441394643858,0.0135619025677442,-0.0115994280204176,0.0111747458577156,0.0007636386435478,0.0084339370951056,-0.0474320091307163,0.0374909676611423,-0.0065047261305153,-0.0100068608298897,0.0197524186223745,0.0103888502344489,-0.0081872101873159,0.0005557998665608,0.0273355301469564,0.0018052665982395,-0.0034425344783812,0.0070696165785193,0.0013488659169524,-0.0046800267882645,0.0018018430564552,0.0006915095145814,0.0028609365690499,0.0089828846976161,0.0033237831667065,0.0028763057198375,0.0034870128147304,0.0065555274486541,-0.0058779111132025,0.002578052226454,0.0021144750062376,-0.0016240729019045,0.0086837252601981,-0.0027110879309475,-0.0045496365055441,0.0010874246945604,0.0062567321583628,0.0024439960252493,0.0172306839376688,-0.0010835950961336,-0.0061709582805633,-0.0042033568024635,-0.0088685294613242,-0.0021786990109831,-0.006229996215552,0.001637592096813,0.0050396178849041,0.0098092807456851,0.0024031498469412,-0.0044522639364004,-0.0071201515384018,0.0157202333211898,0.0070175295695662,-0.0174782872200012,0.017383249476552,0.0138512263074517,-0.0254121962934732,-0.0042861946858465,-0.0260753780603408,-0.0031856794375926,-0.0751109570264816,0.0089200600551881,-0.0650997215818224,0.0223001200995742,-0.0642315628723246,0.0324944400486009,-0.0511613595476423,0.0574046900090452,-0.0872584346781043,0.0673152820115794,-0.0649552112437529,0.188321374914695,-0.106351982331417,2019-02-07,2019-02-08,2019-02-11,2019-02-12,2019-02-13,2019-02-14,2019-02-15,2019-02-19,2019-02-20,2019-02-21,23393.0,2019-02-06,252.0,3.8372%,0.0011,0.4194,-0.1442,-0.1578,1.5057%,1.5887%,10.1726%,0.039205,CHD,23393.0,2019-02-07,252.0,-0.3186%,0.0011,0.4193,-0.144,-0.1578,1.5057%,1.5881%,10.1053%,0.001043,CHD,23393.0,2019-02-08,252.0,1.2144%,0.0012,0.4174,-0.1381,-0.1619,1.5058%,1.5878%,10.0606%,0.01065,CHD,23393.0,2019-02-11,252.0,1.3262%,0.0012,0.4414,-0.1438,-0.1524,1.5042%,1.5896%,10.4467%,0.013861,CHD,23393.0,2019-02-12,252.0,-0.0467%,0.0011,0.4272,-0.1313,-0.1619,1.5011%,1.5826%,10.0370%,-0.006801,CHD,23393.0,2019-02-13,252.0,1.0444%,0.0011,0.4314,-0.1352,-0.1605,1.5014%,1.5837%,10.1170%,0.00934,CHD,23393.0,2019-02-14,252.0,-0.3741%,0.0011,0.4326,-0.1374,-0.1584,1.5016%,1.5840%,10.1339%,-0.003163,CHD,23393.0,2019-02-15,252.0,0.5284%,0.0011,0.4305,-0.1393,-0.1618,1.5015%,1.5833%,10.0746%,0.001399,CHD,23393.0,2019-02-19,252.0,0.4174%,0.0011,0.4282,-0.1333,-0.1548,1.5004%,1.5803%,9.8596%,0.0041449999999999,CHD,23393.0,2019-02-20,252.0,-0.0308%,0.0011,0.4278,-0.1345,-0.1563,1.5004%,1.5804%,9.8623%,-7.7e-05,CHD,23393.0,2019-02-21,252.0,1.8633%,0.0012,0.4135,-0.1595,-0.1826,1.4947%,1.5732%,9.7222%,0.019662,CHD,0.040248,0.050898,0.064759,0.067298,0.089264
25795,CHURCH & DWIGHT INC,"Goldman Sachs Upgrades Church & Dwight, Says Recent Sell-Off Presents Opportunity",6,increase,0.8,0.7,"an upgrade from goldman sachs typically signals positive sentiment and can attract investors, potentially leading to an increase in stock price.",2,2019-02-06,CHD,2019-02-06 17:28:00+00:00,23393.0,17134010,0.0383724719285965,4122228.0,-0.0031856794375926,-0.0751109570264816,0.0121444277465343,0.0108242556452751,0.0132617643103003,0.0009286110289394,-0.0004674163064919,0.0223101247102022,0.0104442425072193,-0.0081607103347778,-0.0037411479279398,0.0015718687791377,0.0052836672402918,0.0004717530973721,0.0041736997663974,-0.0110420351848006,-0.0003078301087953,-0.0184704475104808,0.0186325684189796,-0.0110204676166176,0.0019651888869702,-0.0310123283416032,-0.0147856930270791,0.0143938455730676,0.004594110418111,0.0002968182088807,0.0021341370884329,-0.0001483304658904,0.0009127652738243,0.0103463008999824,-0.0033434834331274,-0.0068503213115036,0.0047270134091377,0.001790284179151,-0.0039460030384361,0.0183834563940763,-0.0041139214299619,0.0015215835301205,0.0041309157386422,-0.0024285980034619,0.0003048038051929,0.0126037457957863,0.012185763567686,0.011976926587522,-0.0007523765671066,-0.0021728912834078,0.0081325434148311,-0.0202250871807336,-0.0001494194148108,0.0001521237427368,0.0070222802460193,0.000608749280218,-0.0080118831247091,0.0131051260977983,-0.0071792304515838,0.035110130906105,-0.00843623932451,-0.0345146618783474,0.0144332563504576,0.0037116894964128,0.0049423668533563,-0.0015441394643858,0.0135619025677442,-0.0115994280204176,0.0111747458577156,0.0007636386435478,0.0084339370951056,-0.0474320091307163,0.0374909676611423,-0.0065047261305153,-0.0100068608298897,0.0197524186223745,0.0103888502344489,-0.0081872101873159,0.0005557998665608,0.0273355301469564,0.0018052665982395,-0.0034425344783812,0.0070696165785193,0.0013488659169524,-0.0046800267882645,0.0018018430564552,0.0006915095145814,0.0028609365690499,0.0089828846976161,0.0033237831667065,0.0028763057198375,0.0034870128147304,0.0065555274486541,-0.0058779111132025,0.002578052226454,0.0021144750062376,-0.0016240729019045,0.0086837252601981,-0.0027110879309475,-0.0045496365055441,0.0010874246945604,0.0062567321583628,0.0024439960252493,0.0172306839376688,-0.0010835950961336,-0.0061709582805633,-0.0042033568024635,-0.0088685294613242,-0.0021786990109831,-0.006229996215552,0.001637592096813,0.0050396178849041,0.0098092807456851,0.0024031498469412,-0.0044522639364004,-0.0071201515384018,0.0157202333211898,0.0070175295695662,-0.0174782872200012,0.017383249476552,0.0138512263074517,-0.0254121962934732,-0.0042861946858465,-0.0260753780603408,-0.0031856794375926,-0.0751109570264816,0.0089200600551881,-0.0650997215818224,0.0223001200995742,-0.0642315628723246,0.0324944400486009,-0.0511613595476423,0.0574046900090452,-0.0872584346781043,0.0673152820115794,-0.0649552112437529,0.188321374914695,-0.106351982331417,2019-02-07,2019-02-08,2019-02-11,2019-02-12,2019-02-13,2019-02-14,2019-02-15,2019-02-19,2019-02-20,2019-02-21,23393.0,2019-02-06,252.0,3.8372%,0.0011,0.4194,-0.1442,-0.1578,1.5057%,1.5887%,10.1726%,0.039205,CHD,23393.0,2019-02-07,252.0,-0.3186%,0.0011,0.4193,-0.144,-0.1578,1.5057%,1.5881%,10.1053%,0.001043,CHD,23393.0,2019-02-08,252.0,1.2144%,0.0012,0.4174,-0.1381,-0.1619,1.5058%,1.5878%,10.0606%,0.01065,CHD,23393.0,2019-02-11,252.0,1.3262%,0.0012,0.4414,-0.1438,-0.1524,1.5042%,1.5896%,10.4467%,0.013861,CHD,23393.0,2019-02-12,252.0,-0.0467%,0.0011,0.4272,-0.1313,-0.1619,1.5011%,1.5826%,10.0370%,-0.006801,CHD,23393.0,2019-02-13,252.0,1.0444%,0.0011,0.4314,-0.1352,-0.1605,1.5014%,1.5837%,10.1170%,0.00934,CHD,23393.0,2019-02-14,252.0,-0.3741%,0.0011,0.4326,-0.1374,-0.1584,1.5016%,1.5840%,10.1339%,-0.003163,CHD,23393.0,2019-02-15,252.0,0.5284%,0.0011,0.4305,-0.1393,-0.1618,1.5015%,1.5833%,10.0746%,0.001399,CHD,23393.0,2019-02-19,252.0,0.4174%,0.0011,0.4282,-0.1333,-0.1548,1.5004%,1.5803%,9.8596%,0.0041449999999999,CHD,23393.0,2019-02-20,252.0,-0.0308%,0.0011,0.4278,-0.1345,-0.1563,1.5004%,1.5804%,9.8623%,-7.7e-05,CHD,23393.0,2019-02-21,252.0,1.8633%,0.0012,0.4135,-0.1595,-0.1826,1.4947%,1.5732%,9.7222%,0.019662,CHD,0.040248,0.050898,0.064759,0.067298,0.089264
25803,CHURCH & DWIGHT INC,Deutsche Bank Upgrades Church & Dwight Co to Hold,6,increase,0.7,0.5,"an upgrade from deutsche bank typically signals positive sentiment and may lead to increased investor interest, potentially raising the stock price.",2,2019-02-06,CHD,2019-02-06 12:10:00+00:00,23393.0,17134010,0.0383724719285965,4122228.0,-0.0031856794375926,-0.0751109570264816,0.0121444277465343,0.0108242556452751,0.0132617643103003,0.0009286110289394,-0.0004674163064919,0.0223101247102022,0.0104442425072193,-0.0081607103347778,-0.0037411479279398,0.0015718687791377,0.0052836672402918,0.0004717530973721,0.0041736997663974,-0.0110420351848006,-0.0003078301087953,-0.0184704475104808,0.0186325684189796,-0.0110204676166176,0.0019651888869702,-0.0310123283416032,-0.0147856930270791,0.0143938455730676,0.004594110418111,0.0002968182088807,0.0021341370884329,-0.0001483304658904,0.0009127652738243,0.0103463008999824,-0.0033434834331274,-0.0068503213115036,0.0047270134091377,0.001790284179151,-0.0039460030384361,0.0183834563940763,-0.0041139214299619,0.0015215835301205,0.0041309157386422,-0.0024285980034619,0.0003048038051929,0.0126037457957863,0.012185763567686,0.011976926587522,-0.0007523765671066,-0.0021728912834078,0.0081325434148311,-0.0202250871807336,-0.0001494194148108,0.0001521237427368,0.0070222802460193,0.000608749280218,-0.0080118831247091,0.0131051260977983,-0.0071792304515838,0.035110130906105,-0.00843623932451,-0.0345146618783474,0.0144332563504576,0.0037116894964128,0.0049423668533563,-0.0015441394643858,0.0135619025677442,-0.0115994280204176,0.0111747458577156,0.0007636386435478,0.0084339370951056,-0.0474320091307163,0.0374909676611423,-0.0065047261305153,-0.0100068608298897,0.0197524186223745,0.0103888502344489,-0.0081872101873159,0.0005557998665608,0.0273355301469564,0.0018052665982395,-0.0034425344783812,0.0070696165785193,0.0013488659169524,-0.0046800267882645,0.0018018430564552,0.0006915095145814,0.0028609365690499,0.0089828846976161,0.0033237831667065,0.0028763057198375,0.0034870128147304,0.0065555274486541,-0.0058779111132025,0.002578052226454,0.0021144750062376,-0.0016240729019045,0.0086837252601981,-0.0027110879309475,-0.0045496365055441,0.0010874246945604,0.0062567321583628,0.0024439960252493,0.0172306839376688,-0.0010835950961336,-0.0061709582805633,-0.0042033568024635,-0.0088685294613242,-0.0021786990109831,-0.006229996215552,0.001637592096813,0.0050396178849041,0.0098092807456851,0.0024031498469412,-0.0044522639364004,-0.0071201515384018,0.0157202333211898,0.0070175295695662,-0.0174782872200012,0.017383249476552,0.0138512263074517,-0.0254121962934732,-0.0042861946858465,-0.0260753780603408,-0.0031856794375926,-0.0751109570264816,0.0089200600551881,-0.0650997215818224,0.0223001200995742,-0.0642315628723246,0.0324944400486009,-0.0511613595476423,0.0574046900090452,-0.0872584346781043,0.0673152820115794,-0.0649552112437529,0.188321374914695,-0.106351982331417,2019-02-07,2019-02-08,2019-02-11,2019-02-12,2019-02-13,2019-02-14,2019-02-15,2019-02-19,2019-02-20,2019-02-21,23393.0,2019-02-06,252.0,3.8372%,0.0011,0.4194,-0.1442,-0.1578,1.5057%,1.5887%,10.1726%,0.039205,CHD,23393.0,2019-02-07,252.0,-0.3186%,0.0011,0.4193,-0.144,-0.1578,1.5057%,1.5881%,10.1053%,0.001043,CHD,23393.0,2019-02-08,252.0,1.2144%,0.0012,0.4174,-0.1381,-0.1619,1.5058%,1.5878%,10.0606%,0.01065,CHD,23393.0,2019-02-11,252.0,1.3262%,0.0012,0.4414,-0.1438,-0.1524,1.5042%,1.5896%,10.4467%,0.013861,CHD,23393.0,2019-02-12,252.0,-0.0467%,0.0011,0.4272,-0.1313,-0.1619,1.5011%,1.5826%,10.0370%,-0.006801,CHD,23393.0,2019-02-13,252.0,1.0444%,0.0011,0.4314,-0.1352,-0.1605,1.5014%,1.5837%,10.1170%,0.00934,CHD,23393.0,2019-02-14,252.0,-0.3741%,0.0011,0.4326,-0.1374,-0.1584,1.5016%,1.5840%,10.1339%,-0.003163,CHD,23393.0,2019-02-15,252.0,0.5284%,0.0011,0.4305,-0.1393,-0.1618,1.5015%,1.5833%,10.0746%,0.001399,CHD,23393.0,2019-02-19,252.0,0.4174%,0.0011,0.4282,-0.1333,-0.1548,1.5004%,1.5803%,9.8596%,0.0041449999999999,CHD,23393.0,2019-02-20,252.0,-0.0308%,0.0011,0.4278,-0.1345,-0.1563,1.5004%,1.5804%,9.8623%,-7.7e-05,CHD,23393.0,2019-02-21,252.0,1.8633%,0.0012,0.4135,-0.1595,-0.1826,1.4947%,1.5732%,9.7222%,0.019662,CHD,0.040248,0.050898,0.064759,0.067298,0.089264
25811,CHURCH & DWIGHT INC,"Goldman Sachs Upgrades Church & Dwight Co to Neutral, Announces $61 Price Target",6,increase,0.7,0.5,"an upgrade to 'neutral' from goldman sachs, along with a price target of $61, suggests a more favorable outlook for church & dwight inc, which could lead to a positive reaction in the stock price.",2,2019-02-06,CHD,2019-02-06 11:17:00+00:00,23393.0,17134010,0.0383724719285965,4122228.0,-0.0031856794375926,-0.0751109570264816,0.0121444277465343,0.0108242556452751,0.0132617643103003,0.0009286110289394,-0.0004674163064919,0.0223101247102022,0.0104442425072193,-0.0081607103347778,-0.0037411479279398,0.0015718687791377,0.0052836672402918,0.0004717530973721,0.0041736997663974,-0.0110420351848006,-0.0003078301087953,-0.0184704475104808,0.0186325684189796,-0.0110204676166176,0.0019651888869702,-0.0310123283416032,-0.0147856930270791,0.0143938455730676,0.004594110418111,0.0002968182088807,0.0021341370884329,-0.0001483304658904,0.0009127652738243,0.0103463008999824,-0.0033434834331274,-0.0068503213115036,0.0047270134091377,0.001790284179151,-0.0039460030384361,0.0183834563940763,-0.0041139214299619,0.0015215835301205,0.0041309157386422,-0.0024285980034619,0.0003048038051929,0.0126037457957863,0.012185763567686,0.011976926587522,-0.0007523765671066,-0.0021728912834078,0.0081325434148311,-0.0202250871807336,-0.0001494194148108,0.0001521237427368,0.0070222802460193,0.000608749280218,-0.0080118831247091,0.0131051260977983,-0.0071792304515838,0.035110130906105,-0.00843623932451,-0.0345146618783474,0.0144332563504576,0.0037116894964128,0.0049423668533563,-0.0015441394643858,0.0135619025677442,-0.0115994280204176,0.0111747458577156,0.0007636386435478,0.0084339370951056,-0.0474320091307163,0.0374909676611423,-0.0065047261305153,-0.0100068608298897,0.0197524186223745,0.0103888502344489,-0.0081872101873159,0.0005557998665608,0.0273355301469564,0.0018052665982395,-0.0034425344783812,0.0070696165785193,0.0013488659169524,-0.0046800267882645,0.0018018430564552,0.0006915095145814,0.0028609365690499,0.0089828846976161,0.0033237831667065,0.0028763057198375,0.0034870128147304,0.0065555274486541,-0.0058779111132025,0.002578052226454,0.0021144750062376,-0.0016240729019045,0.0086837252601981,-0.0027110879309475,-0.0045496365055441,0.0010874246945604,0.0062567321583628,0.0024439960252493,0.0172306839376688,-0.0010835950961336,-0.0061709582805633,-0.0042033568024635,-0.0088685294613242,-0.0021786990109831,-0.006229996215552,0.001637592096813,0.0050396178849041,0.0098092807456851,0.0024031498469412,-0.0044522639364004,-0.0071201515384018,0.0157202333211898,0.0070175295695662,-0.0174782872200012,0.017383249476552,0.0138512263074517,-0.0254121962934732,-0.0042861946858465,-0.0260753780603408,-0.0031856794375926,-0.0751109570264816,0.0089200600551881,-0.0650997215818224,0.0223001200995742,-0.0642315628723246,0.0324944400486009,-0.0511613595476423,0.0574046900090452,-0.0872584346781043,0.0673152820115794,-0.0649552112437529,0.188321374914695,-0.106351982331417,2019-02-07,2019-02-08,2019-02-11,2019-02-12,2019-02-13,2019-02-14,2019-02-15,2019-02-19,2019-02-20,2019-02-21,23393.0,2019-02-06,252.0,3.8372%,0.0011,0.4194,-0.1442,-0.1578,1.5057%,1.5887%,10.1726%,0.039205,CHD,23393.0,2019-02-07,252.0,-0.3186%,0.0011,0.4193,-0.144,-0.1578,1.5057%,1.5881%,10.1053%,0.001043,CHD,23393.0,2019-02-08,252.0,1.2144%,0.0012,0.4174,-0.1381,-0.1619,1.5058%,1.5878%,10.0606%,0.01065,CHD,23393.0,2019-02-11,252.0,1.3262%,0.0012,0.4414,-0.1438,-0.1524,1.5042%,1.5896%,10.4467%,0.013861,CHD,23393.0,2019-02-12,252.0,-0.0467%,0.0011,0.4272,-0.1313,-0.1619,1.5011%,1.5826%,10.0370%,-0.006801,CHD,23393.0,2019-02-13,252.0,1.0444%,0.0011,0.4314,-0.1352,-0.1605,1.5014%,1.5837%,10.1170%,0.00934,CHD,23393.0,2019-02-14,252.0,-0.3741%,0.0011,0.4326,-0.1374,-0.1584,1.5016%,1.5840%,10.1339%,-0.003163,CHD,23393.0,2019-02-15,252.0,0.5284%,0.0011,0.4305,-0.1393,-0.1618,1.5015%,1.5833%,10.0746%,0.001399,CHD,23393.0,2019-02-19,252.0,0.4174%,0.0011,0.4282,-0.1333,-0.1548,1.5004%,1.5803%,9.8596%,0.0041449999999999,CHD,23393.0,2019-02-20,252.0,-0.0308%,0.0011,0.4278,-0.1345,-0.1563,1.5004%,1.5804%,9.8623%,-7.7e-05,CHD,23393.0,2019-02-21,252.0,1.8633%,0.0012,0.4135,-0.1595,-0.1826,1.4947%,1.5732%,9.7222%,0.019662,CHD,0.040248,0.050898,0.064759,0.067298,0.089264
25819,C M E GROUP INC,CME Group Raises Qtr. Dividend From $0.70 To $0.75/Share,6,increase,0.8,0.6,"raising the quarterly dividend typically signals financial strength and can attract investors, likely leading to an increase in stock price.",2,2019-02-06,CME,2019-02-06 22:11:00+00:00,89626.0,12572Q10,-0.0057053603231906,1643281.0,-0.0029815414454787,-0.0152032310143113,0.0054731210693717,-0.010357660241425,-0.0049382136203348,0.0063638561405241,0.0090795466676354,0.0105893649160862,0.0082155102863907,-0.004525676369667,-0.0166297126561403,-0.0203828085213899,-0.0112739577889442,-0.0052704941481351,-0.0062713278457522,-0.0020395279861986,0.0074009941890835,-0.0079863695427775,0.0051256287842988,0.0079965945333242,0.0088956430554389,0.0158098954707384,-0.0032011235598474,0.0119717437773942,0.0034931269474327,-0.005650330800563,0.0098253889009356,0.0018135115969926,0.0113977706059813,0.018413882702589,0.0037380720023065,-0.010412654839456,-0.0125417234376072,0.003892115317285,-0.0239045899361372,0.007224510423839,-0.0098869558423757,-0.0224461071193218,-0.0057388809509575,-0.0059319529682397,-0.0055652563460171,-0.0050356979481875,-0.0041971900500357,0.0175206214189529,-0.0026344233192503,-0.021985137835145,-0.0039912699721753,-0.0135019849985837,-0.0074253622442483,0.010800034739077,0.0101526258513331,0.0097113344818353,-0.0014693781267851,0.0205682311207056,-0.0068279691040515,0.03227274492383,-0.0233509298413991,-0.0330139547586441,-0.0027913798112422,-0.0121687399223446,-0.0061461357399821,-0.0033957036212086,0.0052044503390789,0.0149899097159504,-0.0001218509642058,-0.0150870364159345,-0.0095643745735287,-0.0109251923859119,0.0011071021435782,-0.0015962703619152,0.0111821535974741,-0.0033409602474421,0.0119698699563741,-0.004960092715919,0.0091264136135578,-0.0044129844754934,0.0022014344576746,0.0173160471022129,0.0054618744179606,-0.0064014582894742,0.0043103196658194,0.004357106052339,0.013522271066904,0.0004784239863511,-0.0094553334638476,-0.010364064015448,-0.0040993029251694,0.0061934157274663,0.0028225081041455,0.0096200257539749,0.0139556992799043,-0.0362605899572372,0.0027758253272622,0.0137321930378675,0.0029988712631165,0.0116740092635154,0.0172493103891611,-0.0036840005777776,-0.0031652585603296,-0.0111886402592063,-0.0089589580893516,-0.0176371186971664,5.718335523852147e-05,0.0,0.0081241121515631,0.021142216399312,0.010215014219284,0.0186110809445381,0.005617662332952,0.0038968436419963,-0.0082676708698272,0.004719790071249,0.0077169779688119,-0.0173395611345768,-0.0201229229569435,0.001636556116864,-0.0142612662166357,0.0039217248558998,0.0064236144535243,0.012285454198718,-0.0029815414454787,-0.0152032310143113,0.0024752612865883,-0.0254034213543181,-0.0024751757027458,-0.0192012289327699,0.0148514814245228,-0.0133009744964421,-0.0071444042601701,-0.0405195245203879,-0.0715319236688342,-0.0239188437501441,-0.0174047061259733,-0.0281513282159693,2019-02-07,2019-02-08,2019-02-11,2019-02-12,2019-02-13,2019-02-14,2019-02-15,2019-02-19,2019-02-20,2019-02-21,89626.0,2019-02-06,252.0,-0.5705%,0.0007,0.6336,-0.6989,0.1889,1.0242%,1.2780%,35.7785%,-0.004612,CME,89626.0,2019-02-07,252.0,-0.2982%,0.0007,0.628,-0.692,0.1882,1.0225%,1.2698%,35.1586%,0.001165,CME,89626.0,2019-02-08,252.0,0.5473%,0.0006,0.6276,-0.7111,0.1737,1.0157%,1.2671%,35.7477%,0.0064529999999999,CME,89626.0,2019-02-11,252.0,-0.4938%,0.0007,0.6061,-0.6938,0.1718,1.0106%,1.2372%,33.2752%,-0.001623,CME,89626.0,2019-02-12,252.0,0.9080%,0.0006,0.5995,-0.6849,0.1669,1.0079%,1.2288%,32.7311%,0.001167,CME,89626.0,2019-02-13,252.0,0.8216%,0.0006,0.5961,-0.6767,0.1698,1.0068%,1.2231%,32.2364%,0.006731,CME,89626.0,2019-02-14,252.0,-1.6630%,0.0006,0.5989,-0.6829,0.1765,1.0094%,1.2279%,32.4243%,-0.010974,CME,89626.0,2019-02-15,252.0,-1.1274%,0.0005,0.584,-0.6982,0.1498,1.0152%,1.2279%,31.6392%,-0.017282,CME,89626.0,2019-02-19,252.0,-0.6271%,0.0004,0.5794,-0.6974,0.1511,1.0138%,1.2235%,31.3402%,-0.005906,CME,89626.0,2019-02-20,252.0,0.7401%,0.0005,0.5826,-0.6838,0.1642,1.0102%,1.2196%,31.3916%,0.006904,CME,89626.0,2019-02-21,252.0,0.5126%,0.0005,0.5836,-0.6803,0.166,1.0101%,1.2194%,31.3891%,0.0070799999999999,CME,-0.0034469999999999,0.003006,0.001383,0.009281,-0.010897
25827,CHIPOTLE MEXICAN GRILL INC,Investors Eat Up Chipotle's Big Q4 Earnings Beat,6,increase,0.85,0.7,"a big earnings beat typically signals strong financial performance, which is likely to boost investor confidence and drive the stock price up.",2,2019-02-06,CMG,2019-02-06 21:23:00+00:00,91068.0,16965610,-0.0011203396134078,1259010.0,0.1135232299566269,-0.0024055889807641,-0.0051384642720222,0.0013656499795615,0.0353312045335769,-0.004550467710942,-0.0160766579210758,-0.0063229301013052,0.0100394543260335,0.0055087781511247,0.0080217430368065,-0.0036466210149228,0.0024155352730304,-0.0209249593317508,-0.0106124747544527,0.0187104754149913,-0.0028693019412457,0.0230546817183494,0.005771760828793,0.0024803453125059,-0.0016135193873196,0.0133271506056189,-0.0059311548247933,-0.0085383905097842,0.004759875126183,0.0055164247751235,-0.0003669236029963,0.0006414451054297,0.0137665187940001,0.0249008946120739,0.0067485976032912,-0.0097840456292033,0.011804474517703,-0.0052391644567251,-0.004589102230966,0.022347904741764,-0.0042207702063024,0.0022317708935588,-0.0063252048566937,0.0251880884170532,0.0113365594297647,0.0662637203931808,0.0007137798238545,0.035385113209486,0.0228731445968151,-0.0088189579546451,0.009635679423809,0.0267953779548406,0.0083507420495152,0.0179165136069059,-0.0052771908231079,0.0232541672885417,0.0262910611927509,0.0217637456953525,0.0153400395065546,0.0515239611268043,-0.0001051382059813,-0.0217535030096769,0.0069992556236684,-0.0158444382250309,0.0015064654871821,-0.0615384615957737,0.0079081365838646,-0.0377422273159027,0.0178051441907882,0.0006764099234715,0.0131383929401636,-0.0312997996807098,0.0066488236188888,-0.0315191000699996,0.0111030275002121,0.0030129074584692,-0.0064338208176195,-0.0022017753217369,-0.0013319387799128,-0.0058928504586219,0.0011918655363842,0.0165158454328775,-0.003202780149877,-0.0053411279805004,0.0070943022146821,0.0033948891796171,0.0089077707380056,-0.0147881666198372,-0.0056109162978827,0.0045857303775846,0.0115102548152208,-0.019375842064619,-0.0157472994178533,-0.0162276588380336,0.0069395969621837,0.0360544435679912,-0.0002385925909038,0.0159435719251632,-0.0081289941444993,-0.0114548048004508,-0.025860546156764,0.0003395231033209,0.0171313658356666,0.0208608731627464,0.0023856898769736,-0.0091012306511402,0.0011259410530328,-0.0145740220323205,0.0103777833282947,0.0009740037494339,-0.0446354262530803,-0.0146457888185977,-0.0018877538386732,-0.0113444160670042,0.0016401637112721,-0.0099046416580677,0.01495788898319,-0.0022210374008864,0.0007557984208688,0.026050642132759,0.0280440300703048,0.0016963655361905,0.0023309709504246,0.0070441765710711,0.1135232299566268,-0.0024055889807641,0.1078014306234278,-0.001043224193745,0.1469413895513733,-0.0055889447466781,0.1398319535296164,-0.0064331833937917,0.1428164181663345,0.0126326858492971,0.2744744255769344,0.3140954614111271,0.3487435331484605,0.110724517188147,2019-02-07,2019-02-08,2019-02-11,2019-02-12,2019-02-13,2019-02-14,2019-02-15,2019-02-19,2019-02-20,2019-02-21,91068.0,2019-02-06,252.0,-0.1120%,0.0024,0.8401,0.4335,0.0476,2.5969%,2.7610%,11.5304%,0.0006569999999999,CMG,91068.0,2019-02-07,252.0,11.3523%,0.0028,0.8099,0.4207,0.0769,2.7030%,2.8473%,9.8735%,0.121614,CMG,91068.0,2019-02-08,252.0,-0.5138%,0.0033,0.8084,0.5214,0.1367,2.6157%,2.7638%,10.4302%,-0.005647,CMG,91068.0,2019-02-11,252.0,3.5331%,0.0034,0.8117,0.5549,0.1566,2.6212%,2.7662%,10.2050%,0.030344,CMG,91068.0,2019-02-12,252.0,-1.6077%,0.0035,0.8258,0.5147,0.171,2.6082%,2.7554%,10.4026%,-0.027061,CMG,91068.0,2019-02-13,252.0,1.0039%,0.0035,0.8337,0.5029,0.1698,2.6063%,2.7553%,10.5201%,0.007199,CMG,91068.0,2019-02-14,252.0,0.8022%,0.0036,0.8339,0.506,0.1644,2.6039%,2.7536%,10.5767%,0.008043,CMG,91068.0,2019-02-15,252.0,0.2416%,0.003,0.7129,0.3959,-0.034,2.4574%,2.5857%,9.6841%,-0.009161,CMG,91068.0,2019-02-19,252.0,-1.0612%,0.003,0.7167,0.376,-0.0567,2.4553%,2.5856%,9.8285%,-0.013113,CMG,91068.0,2019-02-20,252.0,-0.2869%,0.0027,0.7087,0.3312,-0.0922,2.4244%,2.5550%,9.9610%,-0.004846,CMG,91068.0,2019-02-21,252.0,0.5772%,0.0026,0.7225,0.3605,-0.067,2.4103%,2.5449%,10.2976%,0.008314,CMG,0.122271,0.116624,0.146968,0.127106,0.116343
25835,CHIPOTLE MEXICAN GRILL INC,Chipotle Adds $100M To Buyback,6,increase,0.75,0.6,the announcement of a $100 million buyback typically signals confidence in the company's financial health and can lead to an increase in stock price due to reduced share supply and positive investor sentiment.,2,2019-02-06,CMG,2019-02-06 21:11:00+00:00,91068.0,16965610,-0.0011203396134078,1259010.0,0.1135232299566269,-0.0024055889807641,-0.0051384642720222,0.0013656499795615,0.0353312045335769,-0.004550467710942,-0.0160766579210758,-0.0063229301013052,0.0100394543260335,0.0055087781511247,0.0080217430368065,-0.0036466210149228,0.0024155352730304,-0.0209249593317508,-0.0106124747544527,0.0187104754149913,-0.0028693019412457,0.0230546817183494,0.005771760828793,0.0024803453125059,-0.0016135193873196,0.0133271506056189,-0.0059311548247933,-0.0085383905097842,0.004759875126183,0.0055164247751235,-0.0003669236029963,0.0006414451054297,0.0137665187940001,0.0249008946120739,0.0067485976032912,-0.0097840456292033,0.011804474517703,-0.0052391644567251,-0.004589102230966,0.022347904741764,-0.0042207702063024,0.0022317708935588,-0.0063252048566937,0.0251880884170532,0.0113365594297647,0.0662637203931808,0.0007137798238545,0.035385113209486,0.0228731445968151,-0.0088189579546451,0.009635679423809,0.0267953779548406,0.0083507420495152,0.0179165136069059,-0.0052771908231079,0.0232541672885417,0.0262910611927509,0.0217637456953525,0.0153400395065546,0.0515239611268043,-0.0001051382059813,-0.0217535030096769,0.0069992556236684,-0.0158444382250309,0.0015064654871821,-0.0615384615957737,0.0079081365838646,-0.0377422273159027,0.0178051441907882,0.0006764099234715,0.0131383929401636,-0.0312997996807098,0.0066488236188888,-0.0315191000699996,0.0111030275002121,0.0030129074584692,-0.0064338208176195,-0.0022017753217369,-0.0013319387799128,-0.0058928504586219,0.0011918655363842,0.0165158454328775,-0.003202780149877,-0.0053411279805004,0.0070943022146821,0.0033948891796171,0.0089077707380056,-0.0147881666198372,-0.0056109162978827,0.0045857303775846,0.0115102548152208,-0.019375842064619,-0.0157472994178533,-0.0162276588380336,0.0069395969621837,0.0360544435679912,-0.0002385925909038,0.0159435719251632,-0.0081289941444993,-0.0114548048004508,-0.025860546156764,0.0003395231033209,0.0171313658356666,0.0208608731627464,0.0023856898769736,-0.0091012306511402,0.0011259410530328,-0.0145740220323205,0.0103777833282947,0.0009740037494339,-0.0446354262530803,-0.0146457888185977,-0.0018877538386732,-0.0113444160670042,0.0016401637112721,-0.0099046416580677,0.01495788898319,-0.0022210374008864,0.0007557984208688,0.026050642132759,0.0280440300703048,0.0016963655361905,0.0023309709504246,0.0070441765710711,0.1135232299566268,-0.0024055889807641,0.1078014306234278,-0.001043224193745,0.1469413895513733,-0.0055889447466781,0.1398319535296164,-0.0064331833937917,0.1428164181663345,0.0126326858492971,0.2744744255769344,0.3140954614111271,0.3487435331484605,0.110724517188147,2019-02-07,2019-02-08,2019-02-11,2019-02-12,2019-02-13,2019-02-14,2019-02-15,2019-02-19,2019-02-20,2019-02-21,91068.0,2019-02-06,252.0,-0.1120%,0.0024,0.8401,0.4335,0.0476,2.5969%,2.7610%,11.5304%,0.0006569999999999,CMG,91068.0,2019-02-07,252.0,11.3523%,0.0028,0.8099,0.4207,0.0769,2.7030%,2.8473%,9.8735%,0.121614,CMG,91068.0,2019-02-08,252.0,-0.5138%,0.0033,0.8084,0.5214,0.1367,2.6157%,2.7638%,10.4302%,-0.005647,CMG,91068.0,2019-02-11,252.0,3.5331%,0.0034,0.8117,0.5549,0.1566,2.6212%,2.7662%,10.2050%,0.030344,CMG,91068.0,2019-02-12,252.0,-1.6077%,0.0035,0.8258,0.5147,0.171,2.6082%,2.7554%,10.4026%,-0.027061,CMG,91068.0,2019-02-13,252.0,1.0039%,0.0035,0.8337,0.5029,0.1698,2.6063%,2.7553%,10.5201%,0.007199,CMG,91068.0,2019-02-14,252.0,0.8022%,0.0036,0.8339,0.506,0.1644,2.6039%,2.7536%,10.5767%,0.008043,CMG,91068.0,2019-02-15,252.0,0.2416%,0.003,0.7129,0.3959,-0.034,2.4574%,2.5857%,9.6841%,-0.009161,CMG,91068.0,2019-02-19,252.0,-1.0612%,0.003,0.7167,0.376,-0.0567,2.4553%,2.5856%,9.8285%,-0.013113,CMG,91068.0,2019-02-20,252.0,-0.2869%,0.0027,0.7087,0.3312,-0.0922,2.4244%,2.5550%,9.9610%,-0.004846,CMG,91068.0,2019-02-21,252.0,0.5772%,0.0026,0.7225,0.3605,-0.067,2.4103%,2.5449%,10.2976%,0.008314,CMG,0.122271,0.116624,0.146968,0.127106,0.116343
25843,CHIPOTLE MEXICAN GRILL INC,Chipotle Q4 Comps Up 6.1% Year Over Year,6,increase,0.8,0.6,"a 6.1% year-over-year increase in comparable sales typically indicates strong performance and positive consumer demand, which is likely to boost investor confidence and the stock price.",2,2019-02-06,CMG,2019-02-06 21:11:00+00:00,91068.0,16965610,-0.0011203396134078,1259010.0,0.1135232299566269,-0.0024055889807641,-0.0051384642720222,0.0013656499795615,0.0353312045335769,-0.004550467710942,-0.0160766579210758,-0.0063229301013052,0.0100394543260335,0.0055087781511247,0.0080217430368065,-0.0036466210149228,0.0024155352730304,-0.0209249593317508,-0.0106124747544527,0.0187104754149913,-0.0028693019412457,0.0230546817183494,0.005771760828793,0.0024803453125059,-0.0016135193873196,0.0133271506056189,-0.0059311548247933,-0.0085383905097842,0.004759875126183,0.0055164247751235,-0.0003669236029963,0.0006414451054297,0.0137665187940001,0.0249008946120739,0.0067485976032912,-0.0097840456292033,0.011804474517703,-0.0052391644567251,-0.004589102230966,0.022347904741764,-0.0042207702063024,0.0022317708935588,-0.0063252048566937,0.0251880884170532,0.0113365594297647,0.0662637203931808,0.0007137798238545,0.035385113209486,0.0228731445968151,-0.0088189579546451,0.009635679423809,0.0267953779548406,0.0083507420495152,0.0179165136069059,-0.0052771908231079,0.0232541672885417,0.0262910611927509,0.0217637456953525,0.0153400395065546,0.0515239611268043,-0.0001051382059813,-0.0217535030096769,0.0069992556236684,-0.0158444382250309,0.0015064654871821,-0.0615384615957737,0.0079081365838646,-0.0377422273159027,0.0178051441907882,0.0006764099234715,0.0131383929401636,-0.0312997996807098,0.0066488236188888,-0.0315191000699996,0.0111030275002121,0.0030129074584692,-0.0064338208176195,-0.0022017753217369,-0.0013319387799128,-0.0058928504586219,0.0011918655363842,0.0165158454328775,-0.003202780149877,-0.0053411279805004,0.0070943022146821,0.0033948891796171,0.0089077707380056,-0.0147881666198372,-0.0056109162978827,0.0045857303775846,0.0115102548152208,-0.019375842064619,-0.0157472994178533,-0.0162276588380336,0.0069395969621837,0.0360544435679912,-0.0002385925909038,0.0159435719251632,-0.0081289941444993,-0.0114548048004508,-0.025860546156764,0.0003395231033209,0.0171313658356666,0.0208608731627464,0.0023856898769736,-0.0091012306511402,0.0011259410530328,-0.0145740220323205,0.0103777833282947,0.0009740037494339,-0.0446354262530803,-0.0146457888185977,-0.0018877538386732,-0.0113444160670042,0.0016401637112721,-0.0099046416580677,0.01495788898319,-0.0022210374008864,0.0007557984208688,0.026050642132759,0.0280440300703048,0.0016963655361905,0.0023309709504246,0.0070441765710711,0.1135232299566268,-0.0024055889807641,0.1078014306234278,-0.001043224193745,0.1469413895513733,-0.0055889447466781,0.1398319535296164,-0.0064331833937917,0.1428164181663345,0.0126326858492971,0.2744744255769344,0.3140954614111271,0.3487435331484605,0.110724517188147,2019-02-07,2019-02-08,2019-02-11,2019-02-12,2019-02-13,2019-02-14,2019-02-15,2019-02-19,2019-02-20,2019-02-21,91068.0,2019-02-06,252.0,-0.1120%,0.0024,0.8401,0.4335,0.0476,2.5969%,2.7610%,11.5304%,0.0006569999999999,CMG,91068.0,2019-02-07,252.0,11.3523%,0.0028,0.8099,0.4207,0.0769,2.7030%,2.8473%,9.8735%,0.121614,CMG,91068.0,2019-02-08,252.0,-0.5138%,0.0033,0.8084,0.5214,0.1367,2.6157%,2.7638%,10.4302%,-0.005647,CMG,91068.0,2019-02-11,252.0,3.5331%,0.0034,0.8117,0.5549,0.1566,2.6212%,2.7662%,10.2050%,0.030344,CMG,91068.0,2019-02-12,252.0,-1.6077%,0.0035,0.8258,0.5147,0.171,2.6082%,2.7554%,10.4026%,-0.027061,CMG,91068.0,2019-02-13,252.0,1.0039%,0.0035,0.8337,0.5029,0.1698,2.6063%,2.7553%,10.5201%,0.007199,CMG,91068.0,2019-02-14,252.0,0.8022%,0.0036,0.8339,0.506,0.1644,2.6039%,2.7536%,10.5767%,0.008043,CMG,91068.0,2019-02-15,252.0,0.2416%,0.003,0.7129,0.3959,-0.034,2.4574%,2.5857%,9.6841%,-0.009161,CMG,91068.0,2019-02-19,252.0,-1.0612%,0.003,0.7167,0.376,-0.0567,2.4553%,2.5856%,9.8285%,-0.013113,CMG,91068.0,2019-02-20,252.0,-0.2869%,0.0027,0.7087,0.3312,-0.0922,2.4244%,2.5550%,9.9610%,-0.004846,CMG,91068.0,2019-02-21,252.0,0.5772%,0.0026,0.7225,0.3605,-0.067,2.4103%,2.5449%,10.2976%,0.008314,CMG,0.122271,0.116624,0.146968,0.127106,0.116343
25851,CHIPOTLE MEXICAN GRILL INC,"Chipotle Sees FY19 Comps Growth In Mid-Single Digit Range, Sees 140-155 New Restaurant Openings",6,increase,0.75,0.6,"the forecast of mid-single digit comps growth and plans for new restaurant openings typically signals positive growth potential, which can boost investor confidence and stock price.",2,2019-02-06,CMG,2019-02-06 21:11:00+00:00,91068.0,16965610,-0.0011203396134078,1259010.0,0.1135232299566269,-0.0024055889807641,-0.0051384642720222,0.0013656499795615,0.0353312045335769,-0.004550467710942,-0.0160766579210758,-0.0063229301013052,0.0100394543260335,0.0055087781511247,0.0080217430368065,-0.0036466210149228,0.0024155352730304,-0.0209249593317508,-0.0106124747544527,0.0187104754149913,-0.0028693019412457,0.0230546817183494,0.005771760828793,0.0024803453125059,-0.0016135193873196,0.0133271506056189,-0.0059311548247933,-0.0085383905097842,0.004759875126183,0.0055164247751235,-0.0003669236029963,0.0006414451054297,0.0137665187940001,0.0249008946120739,0.0067485976032912,-0.0097840456292033,0.011804474517703,-0.0052391644567251,-0.004589102230966,0.022347904741764,-0.0042207702063024,0.0022317708935588,-0.0063252048566937,0.0251880884170532,0.0113365594297647,0.0662637203931808,0.0007137798238545,0.035385113209486,0.0228731445968151,-0.0088189579546451,0.009635679423809,0.0267953779548406,0.0083507420495152,0.0179165136069059,-0.0052771908231079,0.0232541672885417,0.0262910611927509,0.0217637456953525,0.0153400395065546,0.0515239611268043,-0.0001051382059813,-0.0217535030096769,0.0069992556236684,-0.0158444382250309,0.0015064654871821,-0.0615384615957737,0.0079081365838646,-0.0377422273159027,0.0178051441907882,0.0006764099234715,0.0131383929401636,-0.0312997996807098,0.0066488236188888,-0.0315191000699996,0.0111030275002121,0.0030129074584692,-0.0064338208176195,-0.0022017753217369,-0.0013319387799128,-0.0058928504586219,0.0011918655363842,0.0165158454328775,-0.003202780149877,-0.0053411279805004,0.0070943022146821,0.0033948891796171,0.0089077707380056,-0.0147881666198372,-0.0056109162978827,0.0045857303775846,0.0115102548152208,-0.019375842064619,-0.0157472994178533,-0.0162276588380336,0.0069395969621837,0.0360544435679912,-0.0002385925909038,0.0159435719251632,-0.0081289941444993,-0.0114548048004508,-0.025860546156764,0.0003395231033209,0.0171313658356666,0.0208608731627464,0.0023856898769736,-0.0091012306511402,0.0011259410530328,-0.0145740220323205,0.0103777833282947,0.0009740037494339,-0.0446354262530803,-0.0146457888185977,-0.0018877538386732,-0.0113444160670042,0.0016401637112721,-0.0099046416580677,0.01495788898319,-0.0022210374008864,0.0007557984208688,0.026050642132759,0.0280440300703048,0.0016963655361905,0.0023309709504246,0.0070441765710711,0.1135232299566268,-0.0024055889807641,0.1078014306234278,-0.001043224193745,0.1469413895513733,-0.0055889447466781,0.1398319535296164,-0.0064331833937917,0.1428164181663345,0.0126326858492971,0.2744744255769344,0.3140954614111271,0.3487435331484605,0.110724517188147,2019-02-07,2019-02-08,2019-02-11,2019-02-12,2019-02-13,2019-02-14,2019-02-15,2019-02-19,2019-02-20,2019-02-21,91068.0,2019-02-06,252.0,-0.1120%,0.0024,0.8401,0.4335,0.0476,2.5969%,2.7610%,11.5304%,0.0006569999999999,CMG,91068.0,2019-02-07,252.0,11.3523%,0.0028,0.8099,0.4207,0.0769,2.7030%,2.8473%,9.8735%,0.121614,CMG,91068.0,2019-02-08,252.0,-0.5138%,0.0033,0.8084,0.5214,0.1367,2.6157%,2.7638%,10.4302%,-0.005647,CMG,91068.0,2019-02-11,252.0,3.5331%,0.0034,0.8117,0.5549,0.1566,2.6212%,2.7662%,10.2050%,0.030344,CMG,91068.0,2019-02-12,252.0,-1.6077%,0.0035,0.8258,0.5147,0.171,2.6082%,2.7554%,10.4026%,-0.027061,CMG,91068.0,2019-02-13,252.0,1.0039%,0.0035,0.8337,0.5029,0.1698,2.6063%,2.7553%,10.5201%,0.007199,CMG,91068.0,2019-02-14,252.0,0.8022%,0.0036,0.8339,0.506,0.1644,2.6039%,2.7536%,10.5767%,0.008043,CMG,91068.0,2019-02-15,252.0,0.2416%,0.003,0.7129,0.3959,-0.034,2.4574%,2.5857%,9.6841%,-0.009161,CMG,91068.0,2019-02-19,252.0,-1.0612%,0.003,0.7167,0.376,-0.0567,2.4553%,2.5856%,9.8285%,-0.013113,CMG,91068.0,2019-02-20,252.0,-0.2869%,0.0027,0.7087,0.3312,-0.0922,2.4244%,2.5550%,9.9610%,-0.004846,CMG,91068.0,2019-02-21,252.0,0.5772%,0.0026,0.7225,0.3605,-0.067,2.4103%,2.5449%,10.2976%,0.008314,CMG,0.122271,0.116624,0.146968,0.127106,0.116343
25859,CHIPOTLE MEXICAN GRILL INC,"Chipotle Mexican Grill Q4 EPS $1.72 Beats $1.33 Estimate, Sales $1.2B Beat $1.19B Estimate",6,increase,0.85,0.7,"the earnings per share and sales figures both exceeded analyst estimates, which typically signals strong financial performance and can lead to a positive reaction in the stock price.",2,2019-02-06,CMG,2019-02-06 21:10:00+00:00,91068.0,16965610,-0.0011203396134078,1259010.0,0.1135232299566269,-0.0024055889807641,-0.0051384642720222,0.0013656499795615,0.0353312045335769,-0.004550467710942,-0.0160766579210758,-0.0063229301013052,0.0100394543260335,0.0055087781511247,0.0080217430368065,-0.0036466210149228,0.0024155352730304,-0.0209249593317508,-0.0106124747544527,0.0187104754149913,-0.0028693019412457,0.0230546817183494,0.005771760828793,0.0024803453125059,-0.0016135193873196,0.0133271506056189,-0.0059311548247933,-0.0085383905097842,0.004759875126183,0.0055164247751235,-0.0003669236029963,0.0006414451054297,0.0137665187940001,0.0249008946120739,0.0067485976032912,-0.0097840456292033,0.011804474517703,-0.0052391644567251,-0.004589102230966,0.022347904741764,-0.0042207702063024,0.0022317708935588,-0.0063252048566937,0.0251880884170532,0.0113365594297647,0.0662637203931808,0.0007137798238545,0.035385113209486,0.0228731445968151,-0.0088189579546451,0.009635679423809,0.0267953779548406,0.0083507420495152,0.0179165136069059,-0.0052771908231079,0.0232541672885417,0.0262910611927509,0.0217637456953525,0.0153400395065546,0.0515239611268043,-0.0001051382059813,-0.0217535030096769,0.0069992556236684,-0.0158444382250309,0.0015064654871821,-0.0615384615957737,0.0079081365838646,-0.0377422273159027,0.0178051441907882,0.0006764099234715,0.0131383929401636,-0.0312997996807098,0.0066488236188888,-0.0315191000699996,0.0111030275002121,0.0030129074584692,-0.0064338208176195,-0.0022017753217369,-0.0013319387799128,-0.0058928504586219,0.0011918655363842,0.0165158454328775,-0.003202780149877,-0.0053411279805004,0.0070943022146821,0.0033948891796171,0.0089077707380056,-0.0147881666198372,-0.0056109162978827,0.0045857303775846,0.0115102548152208,-0.019375842064619,-0.0157472994178533,-0.0162276588380336,0.0069395969621837,0.0360544435679912,-0.0002385925909038,0.0159435719251632,-0.0081289941444993,-0.0114548048004508,-0.025860546156764,0.0003395231033209,0.0171313658356666,0.0208608731627464,0.0023856898769736,-0.0091012306511402,0.0011259410530328,-0.0145740220323205,0.0103777833282947,0.0009740037494339,-0.0446354262530803,-0.0146457888185977,-0.0018877538386732,-0.0113444160670042,0.0016401637112721,-0.0099046416580677,0.01495788898319,-0.0022210374008864,0.0007557984208688,0.026050642132759,0.0280440300703048,0.0016963655361905,0.0023309709504246,0.0070441765710711,0.1135232299566268,-0.0024055889807641,0.1078014306234278,-0.001043224193745,0.1469413895513733,-0.0055889447466781,0.1398319535296164,-0.0064331833937917,0.1428164181663345,0.0126326858492971,0.2744744255769344,0.3140954614111271,0.3487435331484605,0.110724517188147,2019-02-07,2019-02-08,2019-02-11,2019-02-12,2019-02-13,2019-02-14,2019-02-15,2019-02-19,2019-02-20,2019-02-21,91068.0,2019-02-06,252.0,-0.1120%,0.0024,0.8401,0.4335,0.0476,2.5969%,2.7610%,11.5304%,0.0006569999999999,CMG,91068.0,2019-02-07,252.0,11.3523%,0.0028,0.8099,0.4207,0.0769,2.7030%,2.8473%,9.8735%,0.121614,CMG,91068.0,2019-02-08,252.0,-0.5138%,0.0033,0.8084,0.5214,0.1367,2.6157%,2.7638%,10.4302%,-0.005647,CMG,91068.0,2019-02-11,252.0,3.5331%,0.0034,0.8117,0.5549,0.1566,2.6212%,2.7662%,10.2050%,0.030344,CMG,91068.0,2019-02-12,252.0,-1.6077%,0.0035,0.8258,0.5147,0.171,2.6082%,2.7554%,10.4026%,-0.027061,CMG,91068.0,2019-02-13,252.0,1.0039%,0.0035,0.8337,0.5029,0.1698,2.6063%,2.7553%,10.5201%,0.007199,CMG,91068.0,2019-02-14,252.0,0.8022%,0.0036,0.8339,0.506,0.1644,2.6039%,2.7536%,10.5767%,0.008043,CMG,91068.0,2019-02-15,252.0,0.2416%,0.003,0.7129,0.3959,-0.034,2.4574%,2.5857%,9.6841%,-0.009161,CMG,91068.0,2019-02-19,252.0,-1.0612%,0.003,0.7167,0.376,-0.0567,2.4553%,2.5856%,9.8285%,-0.013113,CMG,91068.0,2019-02-20,252.0,-0.2869%,0.0027,0.7087,0.3312,-0.0922,2.4244%,2.5550%,9.9610%,-0.004846,CMG,91068.0,2019-02-21,252.0,0.5772%,0.0026,0.7225,0.3605,-0.067,2.4103%,2.5449%,10.2976%,0.008314,CMG,0.122271,0.116624,0.146968,0.127106,0.116343
25867,CHIPOTLE MEXICAN GRILL INC,Chipotle Mexican Grill To Report Q4 Earnings After The Closing Bell; Co. Historically Issues Its Report At Or Just After 4:10 p.m. ET,6,uncertain,0.6,0.5,"the impact on chipotle's stock price will depend on the actual earnings results and market expectations, making it uncertain until the report is released.",1,2019-02-06,CMG,2019-02-06 20:44:00+00:00,91068.0,16965610,-0.0011203396134078,1259010.0,0.1135232299566269,-0.0024055889807641,-0.0051384642720222,0.0013656499795615,0.0353312045335769,-0.004550467710942,-0.0160766579210758,-0.0063229301013052,0.0100394543260335,0.0055087781511247,0.0080217430368065,-0.0036466210149228,0.0024155352730304,-0.0209249593317508,-0.0106124747544527,0.0187104754149913,-0.0028693019412457,0.0230546817183494,0.005771760828793,0.0024803453125059,-0.0016135193873196,0.0133271506056189,-0.0059311548247933,-0.0085383905097842,0.004759875126183,0.0055164247751235,-0.0003669236029963,0.0006414451054297,0.0137665187940001,0.0249008946120739,0.0067485976032912,-0.0097840456292033,0.011804474517703,-0.0052391644567251,-0.004589102230966,0.022347904741764,-0.0042207702063024,0.0022317708935588,-0.0063252048566937,0.0251880884170532,0.0113365594297647,0.0662637203931808,0.0007137798238545,0.035385113209486,0.0228731445968151,-0.0088189579546451,0.009635679423809,0.0267953779548406,0.0083507420495152,0.0179165136069059,-0.0052771908231079,0.0232541672885417,0.0262910611927509,0.0217637456953525,0.0153400395065546,0.0515239611268043,-0.0001051382059813,-0.0217535030096769,0.0069992556236684,-0.0158444382250309,0.0015064654871821,-0.0615384615957737,0.0079081365838646,-0.0377422273159027,0.0178051441907882,0.0006764099234715,0.0131383929401636,-0.0312997996807098,0.0066488236188888,-0.0315191000699996,0.0111030275002121,0.0030129074584692,-0.0064338208176195,-0.0022017753217369,-0.0013319387799128,-0.0058928504586219,0.0011918655363842,0.0165158454328775,-0.003202780149877,-0.0053411279805004,0.0070943022146821,0.0033948891796171,0.0089077707380056,-0.0147881666198372,-0.0056109162978827,0.0045857303775846,0.0115102548152208,-0.019375842064619,-0.0157472994178533,-0.0162276588380336,0.0069395969621837,0.0360544435679912,-0.0002385925909038,0.0159435719251632,-0.0081289941444993,-0.0114548048004508,-0.025860546156764,0.0003395231033209,0.0171313658356666,0.0208608731627464,0.0023856898769736,-0.0091012306511402,0.0011259410530328,-0.0145740220323205,0.0103777833282947,0.0009740037494339,-0.0446354262530803,-0.0146457888185977,-0.0018877538386732,-0.0113444160670042,0.0016401637112721,-0.0099046416580677,0.01495788898319,-0.0022210374008864,0.0007557984208688,0.026050642132759,0.0280440300703048,0.0016963655361905,0.0023309709504246,0.0070441765710711,0.1135232299566268,-0.0024055889807641,0.1078014306234278,-0.001043224193745,0.1469413895513733,-0.0055889447466781,0.1398319535296164,-0.0064331833937917,0.1428164181663345,0.0126326858492971,0.2744744255769344,0.3140954614111271,0.3487435331484605,0.110724517188147,2019-02-07,2019-02-08,2019-02-11,2019-02-12,2019-02-13,2019-02-14,2019-02-15,2019-02-19,2019-02-20,2019-02-21,91068.0,2019-02-06,252.0,-0.1120%,0.0024,0.8401,0.4335,0.0476,2.5969%,2.7610%,11.5304%,0.0006569999999999,CMG,91068.0,2019-02-07,252.0,11.3523%,0.0028,0.8099,0.4207,0.0769,2.7030%,2.8473%,9.8735%,0.121614,CMG,91068.0,2019-02-08,252.0,-0.5138%,0.0033,0.8084,0.5214,0.1367,2.6157%,2.7638%,10.4302%,-0.005647,CMG,91068.0,2019-02-11,252.0,3.5331%,0.0034,0.8117,0.5549,0.1566,2.6212%,2.7662%,10.2050%,0.030344,CMG,91068.0,2019-02-12,252.0,-1.6077%,0.0035,0.8258,0.5147,0.171,2.6082%,2.7554%,10.4026%,-0.027061,CMG,91068.0,2019-02-13,252.0,1.0039%,0.0035,0.8337,0.5029,0.1698,2.6063%,2.7553%,10.5201%,0.007199,CMG,91068.0,2019-02-14,252.0,0.8022%,0.0036,0.8339,0.506,0.1644,2.6039%,2.7536%,10.5767%,0.008043,CMG,91068.0,2019-02-15,252.0,0.2416%,0.003,0.7129,0.3959,-0.034,2.4574%,2.5857%,9.6841%,-0.009161,CMG,91068.0,2019-02-19,252.0,-1.0612%,0.003,0.7167,0.376,-0.0567,2.4553%,2.5856%,9.8285%,-0.013113,CMG,91068.0,2019-02-20,252.0,-0.2869%,0.0027,0.7087,0.3312,-0.0922,2.4244%,2.5550%,9.9610%,-0.004846,CMG,91068.0,2019-02-21,252.0,0.5772%,0.0026,0.7225,0.3605,-0.067,2.4103%,2.5449%,10.2976%,0.008314,CMG,0.122271,0.116624,0.146968,0.127106,0.116343
25875,CUMMINS INC,"Cummins Sees FY19 Sales Flat To Up 4% Year Over Year, EBITDA Growth 15.75-16.25%",6,increase,0.8,0.6,"the forecast of flat to 4% sales growth combined with a strong ebitda growth projection suggests positive financial performance, likely leading to an increase in stock price.",2,2019-02-06,CMI,2019-02-06 12:31:00+00:00,41080.0,23102110,-0.0031371058430522,2116542.0,0.0018077603308483,0.0071933264844119,-0.0089559974148869,0.0139049366116523,-0.0006744409329257,-0.0027190123219043,0.0243622679263353,0.0051243510097265,0.0060610938817262,-0.000136659873533,-0.0086438823491334,0.0249264631420373,0.0269502736628055,-0.0273766629397869,-0.0116421012207865,0.0205017514526844,0.0112585946917533,0.0030672878492623,-0.0011583247687667,-0.0186755768954753,0.0088920295238494,-0.0290914252400398,0.0041173403151333,0.037629161030054,-0.0049333949573338,0.0263847429305315,0.0003219564387109,0.017782587558031,-0.0081745898351073,-0.0094844317063689,0.0020767559763044,0.0049448362551629,0.00407997937873,0.0015071517555043,-0.0035473930183798,0.0135302292183041,0.0001941794180311,0.0019679612014442,-0.0014885514974594,0.002630814211443,0.0018148554954677,0.0049203066155314,0.0224492829293012,0.0415327548980712,0.0024044855963438,-0.0197930671274662,-0.0092159546911716,-0.0019454841967672,0.000955618568696,0.0150387035682797,0.0019095095340162,-0.0069391927681863,0.0199479032307863,0.0115205189213156,-0.0027405943255871,0.0444657690823078,-0.0146774472668767,-0.0212915558367967,0.0054513225331902,-0.0145261650905013,-0.0188500210642814,-0.0059591932222247,0.0052688559517264,-0.0034261988475918,-0.0011504805879667,-0.0008368247654289,-0.0046074180863797,-0.0178571380674839,0.00282868812792,-0.0046850959770381,0.0120519874617457,-0.0110318455845117,0.0282511357218027,0.0116816023364663,-0.0030801454558968,-0.0138674844056367,-0.0023481731768697,-0.0166667588055133,0.0122638326138258,-0.025932865217328,-0.0009789415635168,-0.0278745777904987,-0.0004899970954284,-0.0400079116225242,-0.009069156832993,0.0093340640887618,0.0051325615495443,0.0192982498556375,0.0124277370050549,-0.0024232675787061,0.009176043793559,0.0232814792543649,-0.0066237491555511,-0.0136558851227164,0.0136388437822461,0.0164353623986244,-0.0075349509716033,-0.0013103616656735,0.0113279679790139,0.0127820204943418,-0.0112010827288031,-0.0174993351101875,0.0051216608844697,-0.0094487080350518,-0.0038366967346519,-0.0023735663853585,-0.024252263829112,0.0111081348732113,0.0074009927920997,0.0171626042574644,0.0048977779224514,0.0009697934729047,0.0130985369905829,0.0090165175497531,-0.0049310969188809,-0.0217435397207737,0.0042303558439016,-0.0032712856773287,0.0181741844862699,0.0111639108508825,0.0018077603308483,0.0071933264844119,-0.0071644273808884,0.0211982858448569,-0.0078340363307275,0.0184216351225372,0.0224974929592816,0.0235004944912395,0.0392367002381828,0.0249009097491059,0.0699273858876552,0.1514872542476293,0.1412244523961749,0.0405286820787869,2019-02-07,2019-02-08,2019-02-11,2019-02-12,2019-02-13,2019-02-14,2019-02-15,2019-02-19,2019-02-20,2019-02-21,41080.0,2019-02-06,252.0,-0.3137%,-0.0005,1.0739,0.1162,0.6221,1.1641%,1.5834%,45.9483%,-0.00134,CMI,41080.0,2019-02-07,252.0,0.1808%,-0.0003,1.0943,0.086,0.6279,1.1388%,1.5768%,47.8383%,0.00942,CMI,41080.0,2019-02-08,252.0,-0.8956%,-0.0003,1.0949,0.0958,0.6373,1.1378%,1.5760%,47.8821%,-0.0057509999999999,CMI,41080.0,2019-02-11,252.0,-0.0674%,-0.0003,1.0886,0.0962,0.6342,1.1378%,1.5554%,46.4917%,-0.004405,CMI,41080.0,2019-02-12,252.0,2.4362%,-0.0001,1.1091,0.0779,0.648,1.1284%,1.5618%,47.7986%,0.010516,CMI,41080.0,2019-02-13,252.0,0.6061%,-0.0001,1.1106,0.0764,0.6483,1.1284%,1.5608%,47.7337%,0.002355,CMI,41080.0,2019-02-14,252.0,-0.8644%,-0.0001,1.1114,0.0749,0.6496,1.1284%,1.5618%,47.7942%,-0.003049,CMI,41080.0,2019-02-15,252.0,2.6950%,0.0,1.1337,0.0962,0.6875,1.1246%,1.5710%,48.7550%,0.010985,CMI,41080.0,2019-02-19,252.0,-1.1642%,0.0,1.1352,0.0795,0.6685,1.1251%,1.5722%,48.7933%,-0.016238,CMI,41080.0,2019-02-20,252.0,1.1259%,0.0,1.1365,0.0815,0.6728,1.1255%,1.5737%,48.8501%,0.00515,CMI,41080.0,2019-02-21,252.0,-0.1158%,-0.0,1.1413,0.0924,0.6816,1.1211%,1.5730%,49.2004%,0.004551,CMI,0.00808,0.002329,-0.0020759999999999,0.010795,0.012194
25883,CUMMINS INC,"Cummins Q4 EPS $3.48 Misses $3.81 Estimate, Sales $6.1B Beat $6.08B Estimate",6,decrease,0.7,0.6,"the earnings per share (eps) miss indicates weaker profitability than expected, which is likely to negatively impact investor sentiment despite the sales beat.",0,2019-02-06,CMI,2019-02-06 12:31:00+00:00,41080.0,23102110,-0.0031371058430522,2116542.0,0.0018077603308483,0.0071933264844119,-0.0089559974148869,0.0139049366116523,-0.0006744409329257,-0.0027190123219043,0.0243622679263353,0.0051243510097265,0.0060610938817262,-0.000136659873533,-0.0086438823491334,0.0249264631420373,0.0269502736628055,-0.0273766629397869,-0.0116421012207865,0.0205017514526844,0.0112585946917533,0.0030672878492623,-0.0011583247687667,-0.0186755768954753,0.0088920295238494,-0.0290914252400398,0.0041173403151333,0.037629161030054,-0.0049333949573338,0.0263847429305315,0.0003219564387109,0.017782587558031,-0.0081745898351073,-0.0094844317063689,0.0020767559763044,0.0049448362551629,0.00407997937873,0.0015071517555043,-0.0035473930183798,0.0135302292183041,0.0001941794180311,0.0019679612014442,-0.0014885514974594,0.002630814211443,0.0018148554954677,0.0049203066155314,0.0224492829293012,0.0415327548980712,0.0024044855963438,-0.0197930671274662,-0.0092159546911716,-0.0019454841967672,0.000955618568696,0.0150387035682797,0.0019095095340162,-0.0069391927681863,0.0199479032307863,0.0115205189213156,-0.0027405943255871,0.0444657690823078,-0.0146774472668767,-0.0212915558367967,0.0054513225331902,-0.0145261650905013,-0.0188500210642814,-0.0059591932222247,0.0052688559517264,-0.0034261988475918,-0.0011504805879667,-0.0008368247654289,-0.0046074180863797,-0.0178571380674839,0.00282868812792,-0.0046850959770381,0.0120519874617457,-0.0110318455845117,0.0282511357218027,0.0116816023364663,-0.0030801454558968,-0.0138674844056367,-0.0023481731768697,-0.0166667588055133,0.0122638326138258,-0.025932865217328,-0.0009789415635168,-0.0278745777904987,-0.0004899970954284,-0.0400079116225242,-0.009069156832993,0.0093340640887618,0.0051325615495443,0.0192982498556375,0.0124277370050549,-0.0024232675787061,0.009176043793559,0.0232814792543649,-0.0066237491555511,-0.0136558851227164,0.0136388437822461,0.0164353623986244,-0.0075349509716033,-0.0013103616656735,0.0113279679790139,0.0127820204943418,-0.0112010827288031,-0.0174993351101875,0.0051216608844697,-0.0094487080350518,-0.0038366967346519,-0.0023735663853585,-0.024252263829112,0.0111081348732113,0.0074009927920997,0.0171626042574644,0.0048977779224514,0.0009697934729047,0.0130985369905829,0.0090165175497531,-0.0049310969188809,-0.0217435397207737,0.0042303558439016,-0.0032712856773287,0.0181741844862699,0.0111639108508825,0.0018077603308483,0.0071933264844119,-0.0071644273808884,0.0211982858448569,-0.0078340363307275,0.0184216351225372,0.0224974929592816,0.0235004944912395,0.0392367002381828,0.0249009097491059,0.0699273858876552,0.1514872542476293,0.1412244523961749,0.0405286820787869,2019-02-07,2019-02-08,2019-02-11,2019-02-12,2019-02-13,2019-02-14,2019-02-15,2019-02-19,2019-02-20,2019-02-21,41080.0,2019-02-06,252.0,-0.3137%,-0.0005,1.0739,0.1162,0.6221,1.1641%,1.5834%,45.9483%,-0.00134,CMI,41080.0,2019-02-07,252.0,0.1808%,-0.0003,1.0943,0.086,0.6279,1.1388%,1.5768%,47.8383%,0.00942,CMI,41080.0,2019-02-08,252.0,-0.8956%,-0.0003,1.0949,0.0958,0.6373,1.1378%,1.5760%,47.8821%,-0.0057509999999999,CMI,41080.0,2019-02-11,252.0,-0.0674%,-0.0003,1.0886,0.0962,0.6342,1.1378%,1.5554%,46.4917%,-0.004405,CMI,41080.0,2019-02-12,252.0,2.4362%,-0.0001,1.1091,0.0779,0.648,1.1284%,1.5618%,47.7986%,0.010516,CMI,41080.0,2019-02-13,252.0,0.6061%,-0.0001,1.1106,0.0764,0.6483,1.1284%,1.5608%,47.7337%,0.002355,CMI,41080.0,2019-02-14,252.0,-0.8644%,-0.0001,1.1114,0.0749,0.6496,1.1284%,1.5618%,47.7942%,-0.003049,CMI,41080.0,2019-02-15,252.0,2.6950%,0.0,1.1337,0.0962,0.6875,1.1246%,1.5710%,48.7550%,0.010985,CMI,41080.0,2019-02-19,252.0,-1.1642%,0.0,1.1352,0.0795,0.6685,1.1251%,1.5722%,48.7933%,-0.016238,CMI,41080.0,2019-02-20,252.0,1.1259%,0.0,1.1365,0.0815,0.6728,1.1255%,1.5737%,48.8501%,0.00515,CMI,41080.0,2019-02-21,252.0,-0.1158%,-0.0,1.1413,0.0924,0.6816,1.1211%,1.5730%,49.2004%,0.004551,CMI,0.00808,0.002329,-0.0020759999999999,0.010795,0.012194
25891,CHIMERIX INC,"Chimerix Reports Pres, CEO M. Michelle Berrey To Step Down; W. Garrett Nichols, Timothy Trost, Michael Alrutz Named To Newly-Created Office Of The CEO On Interim Basis",6,decrease,0.7,0.6,"the departure of a key executive like the president and ceo often creates uncertainty about the company's direction, which can negatively impact investor confidence and lead to a decrease in stock price.",0,2019-02-06,CMRX,2019-02-06 13:08:00+00:00,13870.0,16934W10,-0.0042918417602777,110938.0,-0.0862069204449653,-0.0450820215046405,0.037735927850008,0.042735107243061,0.0227272510528564,0.0042918417602777,-0.0533332824707031,-0.0251046773046255,-0.0046949428506195,0.1168224215507507,-0.0707546547055244,-0.0138248708099126,0.0101522747427225,-0.0606060028076171,-0.0402010269463062,-0.0722891837358474,0.0314136445522308,0.0331949889659881,-0.0253807473927736,-0.0730768591165542,0.0,-0.0370370894670486,0.0312500335276126,-0.0657439604401588,0.010101000778377,-0.0136518636718392,0.0700000524520874,-0.0330032706260681,-0.0514019280672073,0.0167785082012414,0.128078818321228,-0.0293159335851669,0.0043668081052601,0.0233333110809326,-0.1608695685863495,-0.0099009806290268,-0.0207253694534301,-0.0288461279124021,-0.0423280671238899,0.0576270632445812,-0.0110497139394283,0.0350877717137336,0.0502793490886688,0.0714285001158714,-0.0212765745818615,-0.0074626794084906,0.0054347771219909,0.0428016111254692,0.0702702701091766,0.0039062462747097,0.0353535003960132,0.0448979139328002,-0.0146341323852539,0.0652174353599548,0.0049504903145134,0.0267856884747743,-0.0098522072657942,-0.0303030014038085,-0.0049751196056604,-0.0647773593664169,0.0,-0.111510768532753,0.0099999904632568,-0.0511945709586143,0.0742574706673622,-0.0233333110809326,-0.0230415612459182,-0.0769230797886848,-0.0141509305685758,-0.0327380634844303,0.0047846846282482,-0.0088496189564466,0.0142858149483799,-0.0116617958992719,-0.0046949428506195,0.0147928847000002,-0.0047169770114123,0.0273556690663099,-0.0047393320128321,0.0217391103506088,-0.0238095019012689,-0.0092307608574628,0.0195121765136718,0.0061919447034597,0.3110048472881317,-0.0182370655238628,0.0218977890908718,-0.0179104320704937,0.0357143357396125,-0.0317919440567493,-0.0724138021469116,0.0359281823039054,-0.0185873433947563,-0.0147493183612823,0.0265151243656873,0.0366972871124744,-0.0369004197418689,-0.0180180016905069,0.003831414040178,0.0090909004211425,0.0229008328169584,-0.0060240905731916,0.0149253588169813,-0.0235294587910175,-0.0661764964461326,0.0,0.0,0.0271903797984123,0.0157480165362358,0.0441639944911003,0.0620155371725559,-0.0093749910593032,-0.0145985260605812,-0.0361445434391498,0.0037037001457065,-0.0487106218934059,-0.0405904538929462,-0.0278551280498504,0.0384615957736969,-0.0191257297992706,-0.0862069204449653,-0.0450820215046405,-0.0517240907250399,-0.0042734992853142,-0.0301723860675722,1.2922682923743878e-09,-0.0862069197247498,0.0887849564581511,-0.172413790855345,-0.1038461522171951,-0.137931005574921,-0.0566802004028982,0.1637931609892537,-0.3633880077495347,2019-02-07,2019-02-08,2019-02-11,2019-02-12,2019-02-13,2019-02-14,2019-02-15,2019-02-19,2019-02-20,2019-02-21,13870.0,2019-02-06,252.0,-0.4292%,-0.0026,1.0519,1.5906,0.161,2.5331%,2.8893%,23.1334%,-0.002085,CMRX,13870.0,2019-02-07,252.0,-8.6207%,-0.003,1.0566,1.6158,0.1412,2.5693%,2.9299%,23.0972%,-0.075084,CMRX,13870.0,2019-02-08,252.0,3.7736%,-0.003,1.0505,1.5814,0.0928,2.5757%,2.9341%,22.9350%,0.0368509999999999,CMRX,13870.0,2019-02-11,252.0,2.2727%,-0.0031,1.0907,1.5615,0.1031,2.5706%,2.9384%,23.4688%,0.010506,CMRX,13870.0,2019-02-12,252.0,-5.3333%,-0.0033,1.0615,1.5512,0.0901,2.6026%,2.9556%,22.4639%,-0.0684039999999999,CMRX,13870.0,2019-02-13,252.0,-0.4695%,-0.0033,1.0643,1.5442,0.0875,2.6023%,2.9556%,22.4797%,-0.008761,CMRX,13870.0,2019-02-14,252.0,-7.0755%,-0.0036,1.0808,1.5043,0.1322,2.6415%,2.9852%,21.7013%,-0.076142,CMRX,13870.0,2019-02-15,252.0,1.0152%,-0.0035,1.0933,1.5153,0.1522,2.6393%,2.9863%,21.8942%,-0.0065559999999999,CMRX,13870.0,2019-02-19,252.0,-4.0201%,-0.0037,1.0852,1.4873,0.1214,2.6535%,2.9951%,21.5119%,-0.047229,CMRX,13870.0,2019-02-20,252.0,3.1414%,-0.0036,1.0922,1.4975,0.1447,2.6587%,3.0011%,21.5165%,0.025312,CMRX,13870.0,2019-02-21,252.0,-2.5381%,-0.0037,1.0982,1.5061,0.1559,2.6604%,3.0040%,21.5694%,-0.020059,CMRX,-0.077169,-0.040318,-0.029812,-0.106977,-0.231651
25899,CAMPBELL SOUP CO,Campbell Soup Company Sells Habit To Viome; Terms Not Disclosed,6,uncertain,0.6,0.3,"the sale of habit to viome could be seen as a strategic move to streamline operations, but without knowing the financial impact or strategic rationale, the effect on stock price remains unclear.",1,2019-02-06,CPB,2019-02-06 13:09:00+00:00,25320.0,13442910,-0.0220251847058534,2612721.0,0.0002925456792581,-0.0014281416079029,0.002631583251059,0.0,-0.0037912237457931,-0.0118544166907668,0.0117096463218331,0.0154772410169243,0.0028934741858392,0.0115974973887205,-0.0060588312335312,-0.0034671751782298,0.0098693799227476,0.0108060427010059,0.0063235815614461,-0.0138248708099126,0.0048558125272393,-0.0186546016484499,0.007390514947474,-0.0002825182746164,-0.0736455097794532,-0.0028177595231682,-0.0173622742295265,-0.0081050060689449,0.0201488398015499,0.0141723360866308,0.1002734526991844,-0.0070363073609769,-0.0052471314556896,0.0139839565381407,0.009161521680653,0.0,-0.0096285687759518,0.0162413399666547,0.0027777354698628,0.0087770400568842,0.0011080586118623,0.0175647567957639,-0.006087471731007,0.0074206450954079,0.0027840281836688,0.0258830226957798,-0.0033314528409391,0.0055113383568823,-0.0236769430339336,0.0123993037268519,0.0062767826020717,-0.0221280176192522,0.010490471497178,-0.0134568475186824,0.0103815635666251,-0.0017910858150571,0.0152736203745007,-0.0218978095799684,-0.0071116555482149,0.0248354841023683,0.0005509768379852,-0.0651748776435852,0.0424009077250957,-0.0509688928723335,0.0100370068103075,-0.0253558419644832,0.0010459492914378,0.0041569196619093,0.0062696365639567,-0.0087561197578907,-0.0147974994033575,-0.0084269158542156,0.0092226210981607,-0.0060914130881428,-0.0044385944493114,0.0138960601761937,-0.0073433672077953,0.0010304203024134,-0.0060766064561903,0.0291622076183557,-0.0098351659253239,-0.0013237817911431,0.0053691482171416,-0.0117739597335457,0.0216287728399038,-0.0095879482105374,0.0070569906383752,-0.0043859179131686,0.0249157268553972,-0.0112245520576834,-0.000253244274063,-0.0108503736555576,0.01354456320405,0.0032911663874983,0.0037821866571903,-0.0002530580095481,0.0007535488111898,0.0125576080754399,-0.0102911610156297,-0.0372563116252422,-0.007608400657773,0.0255566369742155,0.0066444752737879,-0.0254007093608379,-0.0017770930426195,0.054616343230009,-0.0106815407052636,-0.0051746638491749,0.0025706547312438,-0.0120142493396997,-0.0210256334394216,-0.001021473784931,0.0120481690391898,-0.0022929974365979,-0.0077639557421207,0.0020424262620508,0.0091288071125745,0.0051320744678378,-0.009563167579472,0.0201570801436901,-0.010699369944632,-0.0039112833328545,0.0094961915165185,-0.0005212525138631,0.0002925456792581,-0.0014281416079029,0.002924898788627,-0.0014281416079029,-0.0008774139029076,-0.0132656285129562,0.0137467454550119,0.0136270625891916,0.0365603986262814,-0.0121503331351521,0.107341394811897,-0.0622703486578755,0.1293451261273948,-0.0793777607785061,2019-02-07,2019-02-08,2019-02-11,2019-02-12,2019-02-13,2019-02-14,2019-02-15,2019-02-19,2019-02-20,2019-02-21,25320.0,2019-02-06,252.0,-2.2025%,-0.0007,0.2257,-0.434,0.1104,1.8958%,1.9252%,3.0358%,-0.021766,CPB,25320.0,2019-02-07,252.0,0.0293%,-0.0008,0.216,-0.4226,0.1096,1.8932%,1.9204%,2.8151%,0.001297,CPB,25320.0,2019-02-08,252.0,0.2632%,-0.0007,0.2152,-0.4199,0.1079,1.8932%,1.9201%,2.7783%,0.003304,CPB,25320.0,2019-02-11,252.0,-0.3791%,-0.0008,0.2312,-0.4363,0.1074,1.8916%,1.9201%,2.9542%,-0.00167,CPB,25320.0,2019-02-12,252.0,1.1710%,-0.0008,0.2274,-0.4245,0.1034,1.8901%,1.9172%,2.8062%,0.008736,CPB,25320.0,2019-02-13,252.0,0.2893%,-0.0008,0.2238,-0.4172,0.1054,1.8894%,1.9155%,2.7004%,0.002339,CPB,25320.0,2019-02-14,252.0,-0.6059%,-0.0009,0.2238,-0.4186,0.1079,1.8888%,1.9151%,2.7241%,-0.002908,CPB,25320.0,2019-02-15,252.0,0.9869%,-0.0009,0.2257,-0.416,0.1122,1.8893%,1.9157%,2.7278%,0.007769,CPB,25320.0,2019-02-19,252.0,0.6324%,-0.0009,0.2228,-0.4052,0.1246,1.8879%,1.9133%,2.6417%,0.006665,CPB,25320.0,2019-02-20,252.0,0.4856%,-0.0007,0.2272,-0.3824,0.1435,1.8785%,1.9035%,2.6025%,0.004539,CPB,25320.0,2019-02-21,252.0,0.7391%,-0.0007,0.2248,-0.3853,0.139,1.8794%,1.9041%,2.5848%,0.008193,CPB,-0.020469,-0.017165,-0.018835,-0.00776,0.016498
25907,CISCO SYSTEMS INC,"'$FNJN $CSCO Markman opinion issued in the Finjan vs Cisco Systems patent infringement lawsuit.  The court adopted all of Finjans proposed claim constructions, nice win for $FNJN.' -TradeHawk Tweets",6,decrease,0.8,0.6,"the court's adoption of all of finjan's proposed claim constructions in the patent infringement lawsuit is likely to negatively impact cisco systems inc., as it suggests a stronger position for finjan in the ongoing legal battle.",0,2019-02-06,CSCO,2019-02-06 15:45:00+00:00,76076.0,17275R10,0.0046551255509257,18142785.0,-0.016427943482995,-0.0019007424125447,0.0104924598708748,0.0002112023939844,0.0082645313814282,0.0010572897735983,0.0065152910538017,0.0124170808121562,-0.008143650367856,0.0163185372948646,0.0189474001526832,0.0045901439152657,0.0212809666991233,-0.0082376124337315,0.0044507631100714,0.011401018127799,-0.0004028289404232,0.003299637697637,-0.0044328272342681,0.0151853580027818,0.0141671877354383,-0.0055518546141684,0.0135701512917876,0.0185478329658508,0.0076786647550761,0.0056869881227612,0.0080109387636184,-0.0013630479807034,0.0034890542738139,0.0187456924468278,-0.0069538461975753,-0.0064383209683001,-0.004862867295742,0.0057816836051642,0.002736500930041,-0.0018466763431206,0.0072124549187719,-0.0055096801370382,-0.0073543111793696,0.0081000300124287,-0.0042893588542938,0.0067567783407866,0.0166437923908233,0.045045007020235,0.0044299568980932,-0.0360885001718998,0.0084371734410524,-0.0087699294090271,0.0028522822540253,0.0130933215841651,0.0087220147252082,-0.0032626285683363,0.0058270217850804,0.0103602213785052,-0.0037375623360276,0.0543694756925106,-0.0009379675611853,-0.037514928728342,0.0127675617113709,-0.0150624420493841,-0.0222468841820955,-0.0150671703740954,-0.0001896499015856,-0.0208806619048118,0.009482268244028,-0.0031674068886786,-0.001690778764896,-0.0353557169437408,0.0041400305926799,-0.0347588248550891,0.0118066165596246,0.0010544718243181,0.0183366890996694,0.0070078149437904,0.0056384392082691,0.0049082273617386,0.0061493967659771,0.0090439710766077,-0.0025166580453515,-0.0402975976467132,0.0012694903416559,0.0219641178846359,0.0050715920515358,-0.0285187344998121,-0.0055866166949272,0.0181742794811725,0.0115983942523598,0.0111955804750323,-0.0039412616752088,0.0010572897735983,0.0124101163819432,0.0253686476498842,0.0047965971753001,0.0120693268254399,0.0068953214213252,0.0231252536177635,-0.0112379174679517,-0.0077968030236661,0.0015982978511601,0.0089907329529523,-0.0010638540843501,-0.0275409463793039,0.0062122554518282,-0.0129449516534805,0.0033516043331474,-0.0089801577851176,-0.0096694659441709,0.0550417006015777,-0.0079886512830853,-0.0175088010728359,0.0044738724827766,-0.0109601058065891,-0.0032068465370684,-0.0316281393170356,-0.0066130282357335,-0.0274566076695919,-0.0115149905905127,0.0112734260037541,0.0,0.0301075596362352,-0.016427943482995,-0.0019007424125447,-0.0061078531498764,-0.0016899414599081,0.0021061996875213,-0.0006344384441334,0.0004212407199271,0.0282854487229995,0.0406487026416482,0.0553818571234823,0.1360572695732254,0.1211987111786063,0.1644635588242757,0.0245104387925423,2019-02-07,2019-02-08,2019-02-11,2019-02-12,2019-02-13,2019-02-14,2019-02-15,2019-02-19,2019-02-20,2019-02-21,76076.0,2019-02-06,252.0,0.4655%,0.0007,1.1907,-0.5377,-0.3558,0.8615%,1.6595%,73.0503%,0.007379,CSCO,76076.0,2019-02-07,252.0,-1.6428%,0.0006,1.1852,-0.5283,-0.3581,0.8589%,1.6485%,72.8533%,-0.004766,CSCO,76076.0,2019-02-08,252.0,1.0492%,0.0006,1.1844,-0.5405,-0.3695,0.8567%,1.6495%,73.0235%,0.0071189999999999,CSCO,76076.0,2019-02-11,252.0,0.8265%,0.0006,1.2001,-0.5414,-0.3618,0.8566%,1.6308%,72.4107%,0.010924,CSCO,76076.0,2019-02-12,252.0,0.6515%,0.0005,1.1943,-0.542,-0.3647,0.8594%,1.6270%,72.0999%,-0.0104129999999999,CSCO,76076.0,2019-02-13,252.0,-0.8144%,0.0005,1.1894,-0.5385,-0.3668,0.8614%,1.6196%,71.7142%,-0.011007,CSCO,76076.0,2019-02-14,252.0,1.8947%,0.0005,1.1837,-0.5271,-0.378,0.8693%,1.6210%,71.2406%,0.022018,CSCO,76076.0,2019-02-15,252.0,2.1281%,0.0005,1.186,-0.5239,-0.3727,0.8711%,1.6211%,71.1284%,0.010938,CSCO,76076.0,2019-02-19,252.0,0.4451%,0.0004,1.1777,-0.5083,-0.3545,0.8515%,1.5945%,71.4862%,0.004735,CSCO,76076.0,2019-02-20,252.0,-0.0403%,0.0004,1.177,-0.5131,-0.3578,0.8502%,1.5942%,71.5583%,0.000328,CSCO,76076.0,2019-02-21,252.0,-0.4433%,0.0004,1.1767,-0.5141,-0.3584,0.8502%,1.5940%,71.5508%,-0.00136,CSCO,0.002613,0.009732,0.020656,-0.0007639999999999,0.035895
25915,CANADIAN SOLAR INC,Canadian Solar Raises Q4 Sales Guidance From $690M-$800M To $850M-$900M vs $890.21M Est.,6,increase,0.8,0.7,"the upward revision of sales guidance suggests stronger-than-expected performance, which is likely to positively influence investor sentiment and drive the stock price higher.",2,2019-02-06,CSIQ,2019-02-06 12:08:00+00:00,91607.0,13663510,0.0586154535412788,2194767.0,-0.0200477354228496,-0.0090134404599666,0.0019483198411762,0.0106274839490652,0.0369470231235027,-0.0839128196239471,0.0,0.0325514748692512,-0.0103140790015459,0.0150631424039602,0.0014210696099326,0.0024354229681193,-0.0283821430057287,0.0522809028625488,0.0856863781809806,0.0755237564444542,-0.0336322896182537,0.0461360588669776,0.0292343888431787,0.0034721912816166,0.096483290195465,-0.0415973365306854,-0.0296052359044551,-0.0082508036866784,0.0105932205915451,0.0005503703141584,0.0142557714134454,0.0027593397535383,0.019429488107562,0.0237288177013397,0.0133819924667477,0.0022650575265288,-0.0224089417606592,0.0022700910922139,-0.0090053714811801,0.0238234624266624,-0.0272614564746618,0.0046701650135219,-0.010615712031722,0.0196428541094064,-0.0098712248727679,0.0262674633413553,0.0212396960705518,0.0812417715787887,0.0029711246024817,0.0484765097498893,0.0012696016347035,0.0069734607823193,-0.007607789710164,-0.008298747241497,-0.0080919349566102,0.0027739224024116,0.0017174326349049,-0.0006930165109224,0.0064294734038412,0.0366379469633102,0.0059625767171382,-0.0279329344630241,-0.1837425976991653,-0.0689207017421722,-0.027489660307765,-0.0447205118834972,-0.0122666424140334,-0.0224650241434574,-0.0172786004841327,0.0287319850176572,0.0054944213479757,-0.0390155836939811,0.0262295883148908,-0.0112759955227375,-0.0079873017966747,0.0023795906454324,0.0246914122253656,0.0453979820013046,-0.0052383644506335,-0.0207064654678106,0.0078988745808601,0.0092193987220525,0.0,-0.0121432216838002,0.0094044050201773,-0.0012128840899094,0.0067288340069353,-0.0473714470863342,-0.0272493921220302,0.0242603458464145,-0.0058139855973422,-0.0214244835078716,-0.0186071451753377,-0.0270422268658876,0.0195016600191593,0.0131278270855546,0.0005313617875799,0.0497303716838359,0.0154010048136115,0.0084592932835221,0.0010459492914378,0.0030302568338811,-0.0067920149303972,0.0197774842381477,0.0299842022359371,-0.0085783945396542,0.0347293317317962,0.0199999809265136,-0.0039486633613705,0.0505581423640251,-0.0059465230442583,0.110867939889431,0.0104686440899968,0.0231343600898981,-0.0118401460349559,-0.0331890359520912,-0.002496312605217,-0.0287316590547561,0.032532513141632,-0.0034915669821202,-0.0111487908288836,-0.0198494158685207,0.0514706447720527,0.0602322146296501,-0.0200477354228496,-0.0090134404599666,-0.0181384749823684,0.0015182532952844,0.0181383854865355,-0.0825219672435734,0.007637225744121,-0.0383867371458931,0.0587111907337947,0.1452546383753883,-0.0797136120169449,0.2867360744130289,0.0238663397269065,0.4361394284495536,2019-02-07,2019-02-08,2019-02-11,2019-02-12,2019-02-13,2019-02-14,2019-02-15,2019-02-19,2019-02-20,2019-02-21,91607.0,2019-02-06,252.0,5.8615%,0.0013,0.9228,0.6421,0.0178,2.5295%,2.7445%,15.0578%,0.060545,CSIQ,91607.0,2019-02-07,252.0,-2.0048%,0.0013,0.93,0.6382,0.0154,2.5302%,2.7477%,15.2051%,-0.0108,CSIQ,91607.0,2019-02-08,252.0,0.1948%,0.0013,0.93,0.6401,0.0168,2.5302%,2.7477%,15.2049%,0.000799,CSIQ,91607.0,2019-02-11,252.0,3.6947%,0.0014,0.9482,0.6634,0.039,2.5365%,2.7539%,15.1673%,0.031282,CSIQ,91607.0,2019-02-12,252.0,0.0000%,0.0015,0.9569,0.6417,0.0473,2.5320%,2.7513%,15.3070%,-0.013061,CSIQ,91607.0,2019-02-13,252.0,-1.0314%,0.0013,0.9407,0.663,0.0474,2.5265%,2.7408%,15.0293%,-0.013511,CSIQ,91607.0,2019-02-14,252.0,0.1421%,0.0012,0.9399,0.6618,0.0505,2.5245%,2.7382%,15.0001%,0.000124,CSIQ,91607.0,2019-02-15,252.0,-2.8382%,0.0011,0.929,0.6475,0.0269,2.5351%,2.7445%,14.6791%,-0.0409999999999999,CSIQ,91607.0,2019-02-19,252.0,8.5686%,0.0015,0.9473,0.6945,0.0783,2.5851%,2.7952%,14.4684%,0.0818619999999999,CSIQ,91607.0,2019-02-20,252.0,-3.3632%,0.0014,0.9378,0.6791,0.0458,2.5954%,2.8033%,14.2870%,-0.037491,CSIQ,91607.0,2019-02-21,252.0,2.9234%,0.0015,0.9329,0.6762,0.0366,2.6027%,2.8087%,14.1282%,0.033185,CSIQ,0.049745,0.050544,0.081826,0.055254,0.0919339999999999
25923,CARLISLE COMPANIES,Carlisle Companies Authorizes Additional 5M Share Buyback,6,increase,0.8,0.6,"the authorization of an additional share buyback typically signals confidence from the company in its own financial health, which can lead to an increase in stock price as it reduces the number of shares outstanding and may indicate that the stock is undervalued.",2,2019-02-06,CSL,2019-02-06 08:56:00+00:00,27334.0,14233910,0.0141709512099623,406852.0,0.0026700163725763,0.0052626971155405,0.0590271055698394,0.0131458016112446,-0.0031849574297666,0.0097465459257364,0.0060539916157722,0.0004643671272788,0.0077726729214191,-0.0008350778371095,0.0019903620705008,-0.0053530395962297,0.0049660527147352,0.0010162658290937,0.0064240233041346,0.0050139361992478,0.0005747101386077,0.0056022265926003,0.0023795922752469,-0.0052939509041607,0.008104108273983,-0.0096578644588589,0.0013804155169054,0.0175011958926916,0.0016217721858993,0.0133724957704544,-0.0001618899259483,0.0084162671118974,-0.0034007949288934,-0.0143288485705852,0.0083685303106904,-0.0016939610941335,-0.0036257912870496,0.0061547346413135,-8.088416507234797e-05,0.0153831215575337,-0.0053376760333776,0.0138415619730949,-0.0092690410092473,0.0153404138982296,-0.0031185660045593,0.0,0.0017288143280893,0.0201938617974519,-0.0036981997545808,-0.0191145911812782,0.0093211019411683,0.0044767665676772,0.0094801895320415,0.0143289426341652,0.0030764644034206,-0.0027171608526259,0.0091202361509203,0.0212744046002626,-0.0097576677799224,0.0442155264317989,-0.0156691297888755,-0.0130283161997795,0.0120619805529713,-0.0072554661892354,-0.0238365083932876,-0.0037712194025516,0.0087208924815058,-0.0009419567068107,-0.0107039557769894,-0.0015673344023525,-0.0053266696631908,-0.0089063858613371,0.0205003507435321,-0.0174010284245014,0.0054116402752697,-0.0167100839316844,0.021774573251605,-0.0023956664372235,-0.0079814828932285,-0.0052626230753958,0.0029769309330731,0.0119574200361967,-0.0045724958181381,-0.0161147285252809,0.0091063333675265,-0.0091105047613382,0.0022360547445714,-0.0336078330874443,-0.009641426615417,0.0010424621868878,0.0099766505882143,0.0088918665423989,0.0081255817785859,-0.0017180520808324,0.0027656932361423,0.0168882645666599,0.004412904381752,-0.0134061239659786,-0.000627662288025,0.0054881540127098,-0.0040822471491992,0.0028969009872525,0.0084344921633601,0.0114268790930509,-0.009536474943161,-0.0088093280792236,0.0135742528364062,-0.017126502469182,0.0752940401434898,0.0046661873348057,-0.0044170934706926,0.0162585917860269,0.0178921483457088,-0.0028948704712092,-0.0016434135613963,0.0234050471335649,0.0121671697124838,-0.0073522203601896,-0.0089803729206323,-0.000195987871848,-0.0024259460624307,0.0037382906302809,0.0047207185998559,0.0011819436913356,0.0026700163725763,0.0052626971155405,0.0618547252807131,0.0184776810990061,0.0584727631840975,0.0284043205921751,0.0731577181757061,0.0280226812990951,0.0907901863065108,0.0289774569544505,0.1013265670630287,0.1649842554646505,0.2542836761556584,0.0953576093246824,2019-02-07,2019-02-08,2019-02-11,2019-02-12,2019-02-13,2019-02-14,2019-02-15,2019-02-19,2019-02-20,2019-02-21,27334.0,2019-02-06,252.0,1.4171%,0.0001,0.7535,0.4705,0.124,1.2976%,1.5411%,29.1063%,0.015708,CSL,27334.0,2019-02-07,252.0,0.2670%,0.0002,0.7654,0.451,0.1286,1.2894%,1.5383%,29.7367%,0.009705,CSL,27334.0,2019-02-08,252.0,5.9027%,0.0003,0.7559,0.4184,0.067,1.3348%,1.5770%,28.3558%,0.0588999999999999,CSL,27334.0,2019-02-11,252.0,-0.3185%,0.0002,0.7765,0.3885,0.0616,1.3312%,1.5764%,28.6873%,-0.007259,CSL,27334.0,2019-02-12,252.0,0.6054%,0.0003,0.7915,0.3659,0.0733,1.3181%,1.5709%,29.5962%,-0.004579,CSL,27334.0,2019-02-13,252.0,0.7773%,0.0005,0.8093,0.3378,0.0695,1.2973%,1.5613%,30.9584%,0.005186,CSL,27334.0,2019-02-14,252.0,0.1990%,0.0005,0.8085,0.3385,0.0693,1.2968%,1.5605%,30.9333%,0.002237,CSL,27334.0,2019-02-15,252.0,0.4966%,0.0005,0.8153,0.344,0.0796,1.2948%,1.5607%,31.1706%,-0.005449,CSL,27334.0,2019-02-19,252.0,0.6424%,0.0005,0.8148,0.3474,0.0835,1.2947%,1.5592%,31.0417%,0.003539,CSL,27334.0,2019-02-20,252.0,0.0575%,0.0005,0.8139,0.3451,0.0803,1.2948%,1.5591%,31.0237%,-0.002297,CSL,27334.0,2019-02-21,252.0,0.2380%,0.0005,0.8089,0.336,0.0711,1.2935%,1.5554%,30.8331%,0.005717,CSL,0.0254129999999999,0.084313,0.077054,0.077661,0.081408
25931,CAESARSTONE SDOT YAM LTD,"Caesarstone Sees FY19 Adj EBITDA $72M-$80M, Sales $580M-$600M",6,uncertain,0.6,0.3,"while the projected ebitda and sales figures provide a positive outlook, the uncertainty in market conditions and investor sentiment could lead to mixed reactions in the stock price.",1,2019-02-06,CSTE,2019-02-06 12:19:00+00:00,13321.0,M2059810,-0.0450221933424472,961107.0,0.0245683845132589,-0.0031605081167072,0.0162022039294242,0.0232858769595623,0.0408162884414196,0.0052015553228557,-0.0006127591477707,0.031522486358881,0.0208461172878742,-0.0132362553849816,-0.0150150153785944,0.0013253481592983,0.0512195229530334,0.0182186551392078,-0.002900187857449,0.0006751705077476,-0.0063991043716669,0.0095433089882135,-0.0093676727265119,-0.0047489618882536,0.008274195715785,-0.0409889481961727,-0.0175849497318267,0.0105193853378295,-0.0095465304329991,0.0099601335823535,0.0108433915302157,0.0308008734136819,0.0011918087257072,0.0458124093711376,0.0125000597909092,-0.0099219977855682,-0.0035273053217679,0.0057020615786314,-0.0005899840034544,-0.0283933412283659,-0.0242030601948499,0.0277579631656408,-0.0054446551948785,-0.0133426673710346,-0.0024331456515938,0.0042312741279602,0.0164634436368942,0.0230880696326494,-0.0071986108087003,0.0036205095238983,-0.01631411164999,0.0169367082417011,-0.0221130587160587,0.0249056555330753,-0.0031407154165208,-0.0356622822582721,-0.0088216979056596,0.0784929394721984,-0.0120788039639592,-0.0077881915494799,0.0070784850977361,-0.0190985482186079,0.0019169768784195,-0.0332348458468914,-0.0325255244970321,-0.036984384059906,0.0224126670509576,0.0071633509360253,-0.0070922379381954,-0.0264993105083704,0.0032467658165842,-0.0224948823451995,0.0213592182844877,0.0075549213215708,-0.0107731353491544,-0.0241286624222993,0.0102498913183808,-0.0203545279800891,-0.0057070483453571,-0.0110389664769172,-0.0044643268920481,0.0252995435148477,0.0070468042977154,0.0259562917053699,0.0152671607211232,-0.018766738474369,-0.0325814820826053,-0.0466453395783901,-0.0168393310159444,0.0,0.0039525339379906,-0.0094937067478895,-0.0039369729347527,-0.024691391736269,-0.0131752807646989,0.0279188156127929,-0.0053404490463435,0.0006349351606331,0.0221476461738348,0.0128617240116,0.0111621851101517,0.0216819923371076,0.005194800440222,0.0262980684638023,-0.0193797964602708,-0.0170603580772876,0.0177865289151668,-0.0078124925494194,-0.0012944663176313,0.0045781359076499,-0.0194426570087671,0.0373134464025497,0.011896913871169,-0.0087424423545598,-0.0091443723067641,0.015710350126028,-0.0026367804966866,0.0013680204283446,-0.0112359598278999,-0.0104906763881444,0.0548128150403499,-0.000338302750606,0.0437262095510959,-0.1197141781449318,0.0245683845132589,-0.0031605081167072,0.0411686504187835,0.0200517736397196,0.0836652903704402,0.0253576293724837,0.1055776359343829,0.0436797359250629,0.1235059529736672,0.069877930828675,0.0411686542247902,0.1646972328795819,0.0936254279108796,-0.0512503021298862,2019-02-07,2019-02-08,2019-02-11,2019-02-12,2019-02-13,2019-02-14,2019-02-15,2019-02-19,2019-02-20,2019-02-21,13321.0,2019-02-06,252.0,-4.5022%,-0.0005,0.8322,1.3004,0.7136,3.3282%,3.4765%,8.3523%,-0.043695,CSTE,13321.0,2019-02-07,252.0,2.4568%,-0.0004,0.8145,1.3095,0.7199,3.3324%,3.4772%,8.1542%,0.031116,CSTE,13321.0,2019-02-08,252.0,1.6202%,-0.0005,0.8121,1.2677,0.6826,3.3249%,3.4667%,8.0100%,0.0196819999999999,CSTE,13321.0,2019-02-11,252.0,4.0816%,-0.0004,0.8154,1.3055,0.7047,3.3303%,3.4746%,8.1352%,0.0296419999999999,CSTE,13321.0,2019-02-12,252.0,-0.0613%,-0.0004,0.8124,1.3017,0.7038,3.3308%,3.4746%,8.1051%,-0.010865,CSTE,13321.0,2019-02-13,252.0,2.0846%,-0.0003,0.8141,1.3059,0.7088,3.3326%,3.4770%,8.1323%,0.017198,CSTE,13321.0,2019-02-14,252.0,-1.5015%,-0.0004,0.8173,1.297,0.7194,3.3337%,3.4777%,8.1090%,-0.016085,CSTE,13321.0,2019-02-15,252.0,5.1220%,-0.0002,0.8548,1.3346,0.7853,3.3393%,3.4928%,8.5963%,0.035189,CSTE,13321.0,2019-02-19,252.0,-0.2900%,-0.0002,0.8522,1.3286,0.7788,3.3400%,3.4927%,8.5555%,-0.010851,CSTE,13321.0,2019-02-20,252.0,-0.6399%,-0.0003,0.848,1.3188,0.7636,3.3413%,3.4927%,8.4788%,-0.015325,CSTE,13321.0,2019-02-21,252.0,-0.9368%,-0.0003,0.8505,1.3232,0.7682,3.3412%,3.4929%,8.4933%,-0.0036509999999999,CSTE,-0.012579,0.0071029999999999,0.0367449999999999,0.0430779999999999,0.0323549999999999
25939,CAESARSTONE SDOT YAM LTD,"Caesarstone Sdot-Yam Q4 EPS $0.20 Beats $0.19 Estimate, Sales $142.9M Beat $141.16M Estimate",6,increase,0.8,0.6,"the company reported better-than-expected earnings and sales, which typically boosts investor confidence and can lead to an increase in stock price.",2,2019-02-06,CSTE,2019-02-06 12:19:00+00:00,13321.0,M2059810,-0.0450221933424472,961107.0,0.0245683845132589,-0.0031605081167072,0.0162022039294242,0.0232858769595623,0.0408162884414196,0.0052015553228557,-0.0006127591477707,0.031522486358881,0.0208461172878742,-0.0132362553849816,-0.0150150153785944,0.0013253481592983,0.0512195229530334,0.0182186551392078,-0.002900187857449,0.0006751705077476,-0.0063991043716669,0.0095433089882135,-0.0093676727265119,-0.0047489618882536,0.008274195715785,-0.0409889481961727,-0.0175849497318267,0.0105193853378295,-0.0095465304329991,0.0099601335823535,0.0108433915302157,0.0308008734136819,0.0011918087257072,0.0458124093711376,0.0125000597909092,-0.0099219977855682,-0.0035273053217679,0.0057020615786314,-0.0005899840034544,-0.0283933412283659,-0.0242030601948499,0.0277579631656408,-0.0054446551948785,-0.0133426673710346,-0.0024331456515938,0.0042312741279602,0.0164634436368942,0.0230880696326494,-0.0071986108087003,0.0036205095238983,-0.01631411164999,0.0169367082417011,-0.0221130587160587,0.0249056555330753,-0.0031407154165208,-0.0356622822582721,-0.0088216979056596,0.0784929394721984,-0.0120788039639592,-0.0077881915494799,0.0070784850977361,-0.0190985482186079,0.0019169768784195,-0.0332348458468914,-0.0325255244970321,-0.036984384059906,0.0224126670509576,0.0071633509360253,-0.0070922379381954,-0.0264993105083704,0.0032467658165842,-0.0224948823451995,0.0213592182844877,0.0075549213215708,-0.0107731353491544,-0.0241286624222993,0.0102498913183808,-0.0203545279800891,-0.0057070483453571,-0.0110389664769172,-0.0044643268920481,0.0252995435148477,0.0070468042977154,0.0259562917053699,0.0152671607211232,-0.018766738474369,-0.0325814820826053,-0.0466453395783901,-0.0168393310159444,0.0,0.0039525339379906,-0.0094937067478895,-0.0039369729347527,-0.024691391736269,-0.0131752807646989,0.0279188156127929,-0.0053404490463435,0.0006349351606331,0.0221476461738348,0.0128617240116,0.0111621851101517,0.0216819923371076,0.005194800440222,0.0262980684638023,-0.0193797964602708,-0.0170603580772876,0.0177865289151668,-0.0078124925494194,-0.0012944663176313,0.0045781359076499,-0.0194426570087671,0.0373134464025497,0.011896913871169,-0.0087424423545598,-0.0091443723067641,0.015710350126028,-0.0026367804966866,0.0013680204283446,-0.0112359598278999,-0.0104906763881444,0.0548128150403499,-0.000338302750606,0.0437262095510959,-0.1197141781449318,0.0245683845132589,-0.0031605081167072,0.0411686504187835,0.0200517736397196,0.0836652903704402,0.0253576293724837,0.1055776359343829,0.0436797359250629,0.1235059529736672,0.069877930828675,0.0411686542247902,0.1646972328795819,0.0936254279108796,-0.0512503021298862,2019-02-07,2019-02-08,2019-02-11,2019-02-12,2019-02-13,2019-02-14,2019-02-15,2019-02-19,2019-02-20,2019-02-21,13321.0,2019-02-06,252.0,-4.5022%,-0.0005,0.8322,1.3004,0.7136,3.3282%,3.4765%,8.3523%,-0.043695,CSTE,13321.0,2019-02-07,252.0,2.4568%,-0.0004,0.8145,1.3095,0.7199,3.3324%,3.4772%,8.1542%,0.031116,CSTE,13321.0,2019-02-08,252.0,1.6202%,-0.0005,0.8121,1.2677,0.6826,3.3249%,3.4667%,8.0100%,0.0196819999999999,CSTE,13321.0,2019-02-11,252.0,4.0816%,-0.0004,0.8154,1.3055,0.7047,3.3303%,3.4746%,8.1352%,0.0296419999999999,CSTE,13321.0,2019-02-12,252.0,-0.0613%,-0.0004,0.8124,1.3017,0.7038,3.3308%,3.4746%,8.1051%,-0.010865,CSTE,13321.0,2019-02-13,252.0,2.0846%,-0.0003,0.8141,1.3059,0.7088,3.3326%,3.4770%,8.1323%,0.017198,CSTE,13321.0,2019-02-14,252.0,-1.5015%,-0.0004,0.8173,1.297,0.7194,3.3337%,3.4777%,8.1090%,-0.016085,CSTE,13321.0,2019-02-15,252.0,5.1220%,-0.0002,0.8548,1.3346,0.7853,3.3393%,3.4928%,8.5963%,0.035189,CSTE,13321.0,2019-02-19,252.0,-0.2900%,-0.0002,0.8522,1.3286,0.7788,3.3400%,3.4927%,8.5555%,-0.010851,CSTE,13321.0,2019-02-20,252.0,-0.6399%,-0.0003,0.848,1.3188,0.7636,3.3413%,3.4927%,8.4788%,-0.015325,CSTE,13321.0,2019-02-21,252.0,-0.9368%,-0.0003,0.8505,1.3232,0.7682,3.3412%,3.4929%,8.4933%,-0.0036509999999999,CSTE,-0.012579,0.0071029999999999,0.0367449999999999,0.0430779999999999,0.0323549999999999
25947,C S X CORP,CSX Raises Qtr. Dividend From $0.22 To $0.24/Share,6,increase,0.8,0.6,"raising the quarterly dividend typically signals financial strength and can attract investors, likely leading to an increase in stock price.",2,2019-02-06,CSX,2019-02-06 21:03:00+00:00,62148.0,12640810,-0.002636594697833,5379106.0,0.001762413769029,0.0126075129956007,0.0079167410731315,0.0184290222823619,0.0066908956505358,0.0076103503815829,0.0275972206145525,-0.0090498654171824,0.0001405301736667,0.0134516190737485,0.0070293829776346,-0.0028959373012185,0.0127042261883616,-0.0089123314246535,-0.0004135480849072,0.017678614705801,0.0102054588496685,-0.0004609523457475,-0.0092832809314131,-0.0113929817453026,0.010197021998465,-0.0227137580513954,-0.0066839158535003,0.0348748564720153,-0.0008239159360527,-0.004435621201992,0.001924154930748,0.0041467766277492,0.0001375517022097,-0.0024512952659279,-0.003027400933206,0.0007665657903999,0.0052450643852353,0.0081929005682468,-0.0050803618505597,0.0110972635447979,-0.0056582395918667,0.0099447686225175,-0.0004164664424024,0.0144114922732114,-0.0034712580963969,-0.0054148775525391,0.0164414159953594,0.0296818856149911,-0.003975233528763,-0.0156578086316585,0.0180291421711444,-0.0028971559368073,-0.0131134409457445,0.0008054000791162,-0.0026027732528746,0.0003222761442884,0.0145585117861628,0.0055087516084313,-0.0124543895944953,0.0503744557499885,-0.0017820049542933,-0.0319605022668838,0.0112606389448046,-0.0147703271359205,-0.0153448842465877,-0.0070910337381064,0.0034478001762181,-0.0287995021790266,0.0038482514210045,-0.0122139910236001,0.0049288142472505,-0.017469260841608,0.0140326805412769,-0.0437244996428489,0.0052398145198822,-0.0005807334091514,0.0251269340515136,0.0116023048758506,-0.0067796176299452,-0.0030747686978429,-0.0126017211005091,0.0039689000695943,-0.005583596881479,-0.0256373658776283,-0.0050802789628505,-0.0110481418669223,0.0161247588694095,-0.0348599180579185,-0.0122983371838927,0.0071596349589526,0.0050876587629318,0.0119827315211296,0.0043959217146039,-0.0104467812925577,0.0167109034955501,0.0332338623702526,-0.010305255651474,-0.0001419271138729,0.0002635645505506,0.0091716740280389,0.0401897877454757,-0.0061244880780577,0.0003800200065597,0.0143021941184997,-0.0018994747661054,-0.0396781414747238,0.0025373883545398,-0.0072992532514035,0.0037965460214763,0.005400157533586,-0.0098335705697536,0.0243971813470125,0.0080213556066155,0.003130353288725,0.0025262671988457,0.0091901123523712,0.0032757276203483,-0.014435383491218,-0.0062790405936539,-0.0140922917053103,-0.002780154114589,-0.0088507728651165,0.0204029008746147,0.0275684911757707,0.001762413769029,0.0126075129956007,0.0096931074156336,0.0312688794158837,0.0164488586364168,0.039117196925861,0.0446468058011071,0.0435646375594134,0.0657953223419476,0.0370650893790176,0.0850821022593009,0.1080992691748079,0.1864585508842255,-0.0268684718360412,2019-02-07,2019-02-08,2019-02-11,2019-02-12,2019-02-13,2019-02-14,2019-02-15,2019-02-19,2019-02-20,2019-02-21,62148.0,2019-02-06,252.0,-0.2637%,0.0011,1.1919,0.1847,0.4348,1.1065%,1.6465%,54.8320%,-0.000374,CSX,62148.0,2019-02-07,252.0,0.1762%,0.0011,1.1801,0.1955,0.4359,1.1038%,1.6324%,54.2792%,0.011292,CSX,62148.0,2019-02-08,252.0,0.7917%,0.0012,1.1782,0.2067,0.4354,1.1013%,1.6294%,54.3209%,0.009665,CSX,62148.0,2019-02-11,252.0,0.6691%,0.0013,1.1664,0.2197,0.4363,1.0997%,1.6008%,52.8029%,0.002576,CSX,62148.0,2019-02-12,252.0,2.7597%,0.0013,1.1771,0.2141,0.4428,1.1006%,1.6086%,53.1861%,0.012332,CSX,62148.0,2019-02-13,252.0,0.0141%,0.0012,1.1628,0.2363,0.4455,1.0850%,1.5854%,53.1615%,-0.003694,CSX,62148.0,2019-02-14,252.0,0.7029%,0.0012,1.1603,0.2414,0.4404,1.0864%,1.5853%,53.0338%,0.010726,CSX,62148.0,2019-02-15,252.0,1.2704%,0.0012,1.1507,0.2322,0.4241,1.0856%,1.5768%,52.6016%,-0.003225,CSX,62148.0,2019-02-19,252.0,-0.0414%,0.0012,1.151,0.2266,0.4177,1.0858%,1.5763%,52.5568%,-0.004646,CSX,62148.0,2019-02-20,252.0,1.0205%,0.0011,1.1514,0.2247,0.4186,1.0852%,1.5764%,52.6090%,0.005123,CSX,62148.0,2019-02-21,252.0,-0.9283%,0.0012,1.1457,0.2119,0.4081,1.0789%,1.5678%,52.6422%,-0.004003,CSX,0.010918,0.020583,0.023159,0.031797,0.035772
25955,C T O REALTY GROWTH INC NEW,Consolidated-Tomoka Land Sees FY19 EPS $6.75-$7.50 May Not Compare To $10.34 Est.,6,decrease,0.8,0.7,"the forecasted eps range of $6.75-$7.50 is significantly lower than the $10.34 estimate, likely leading to negative investor sentiment and a decrease in stock price.",0,2019-02-06,CTO,2019-02-06 11:51:00+00:00,26650.0,22948Q10,-0.012408135458827,6512.0,-0.0046288818120956,0.0040983604267239,0.0186324883252382,0.0104356650263071,-0.0053894827142357,-0.0114622693508863,0.0106731969863176,0.0217500291764736,-0.0097481478005647,0.0118503598496317,-0.0114848362281918,-0.0075604966841638,-0.0036514725070446,-0.0078346589580178,0.0119940238073468,-0.0095756649971008,-0.0041152262128889,0.0113541549071669,0.0082644624635577,-0.0157764852046966,0.0,-0.0424862429499626,-0.0155737828463316,0.023844039067626,0.0274771284312009,-0.0003221204387955,-0.0115072783082723,0.0284909922629594,-0.0309887379407882,0.0187310259789228,0.0236886888742446,-0.0072038918733596,-0.0082644624635577,0.0156542137265205,0.0006666819099336,0.0211989786475896,-0.0156562700867652,-0.0065596592612564,0.0,0.0298666711896657,-0.0076141618192195,0.0309750474989414,0.0104006268084049,0.0150697929784655,0.0091124018654227,0.0080645214766263,-0.0088628558441996,0.0156190413981676,-0.0231145415455102,-0.0024700942449271,0.0096718054264783,0.0309500861912965,-0.0042764283716678,-0.006422767881304,-0.0058409236371517,0.0327638387680053,0.0136513030156493,-0.0065894932486116,0.002045668894425,-0.0065462808124721,-0.001190876122564,-0.0303904935717582,0.0095384325832128,-0.0104681998491287,0.0123165100812912,-0.0020892804022878,0.0038333258125931,-0.0246387179940938,0.0044828234240412,-0.0115363681688904,-0.0239669550210237,-0.0160360243171453,0.0060965386219322,-0.0347826071083545,0.0065645412541925,-0.0038115249481052,0.034280925989151,-0.0101183354854583,0.0025869014207273,-0.0085019553080201,-0.009998369961977,0.0408849790692329,0.0047239111736416,-0.0287089254707098,-0.0273994579911232,0.002585276030004,-0.044340718537569,0.0143356584012508,0.0450025796890258,-0.0093522844836115,0.0138541450724005,0.0085589811205863,-0.007244030945003,0.0130950575694441,0.017247112467885,-0.0170464999973774,0.0076622306369245,0.0008705267100594,0.0069568078033626,0.0134085798636078,0.007551372051239,-0.0073554846458137,0.0071759014390408,-0.0052265338599681,-0.0015832564095035,-0.0111972047016024,-0.0136378146708011,-0.0017197297420352,-0.0112540312111377,-0.0187309626489877,0.0056910319253802,0.019965574145317,0.0024252471048384,0.0039744176901876,-0.0040322579443454,-0.0492853634059429,-0.0050202650018036,0.0348047092556953,0.0069987028837203,0.0056343148462474,-0.0046288818120956,0.0040983604267239,0.0139173589268197,0.0145767945696013,0.00845286884722,0.0029474420730857,0.0092808139812345,0.0369053716623992,0.0101087591587252,0.0065735667490536,-0.0266525963166937,0.2150366981218818,0.0245152133366477,0.0471316310019132,2019-02-07,2019-02-08,2019-02-11,2019-02-12,2019-02-13,2019-02-14,2019-02-15,2019-02-19,2019-02-20,2019-02-21,26650.0,2019-02-06,252.0,-1.2408%,-0.0003,0.6134,0.716,0.1,1.5889%,1.7558%,18.1080%,-0.011161,CTO,26650.0,2019-02-07,252.0,-0.4629%,-0.0002,0.6155,0.7126,0.1008,1.5887%,1.7560%,18.1460%,0.001517,CTO,26650.0,2019-02-08,252.0,1.8632%,-0.0001,0.612,0.7181,0.0897,1.5915%,1.7590%,18.1349%,0.018318,CTO,26650.0,2019-02-11,252.0,-0.5389%,-0.0003,0.6585,0.6588,0.082,1.5751%,1.7546%,19.4184%,-0.011292,CTO,26650.0,2019-02-12,252.0,1.0673%,-0.0003,0.6666,0.6498,0.0878,1.5733%,1.7554%,19.6738%,0.0016259999999999,CTO,26650.0,2019-02-13,252.0,-0.9748%,-0.0003,0.6642,0.6491,0.0848,1.5750%,1.7559%,19.5412%,-0.012166,CTO,26650.0,2019-02-14,252.0,-1.1485%,-0.0003,0.6676,0.6424,0.0914,1.5766%,1.7572%,19.5006%,-0.0130739999999999,CTO,26650.0,2019-02-15,252.0,-0.3651%,-0.0003,0.6692,0.6424,0.0922,1.5768%,1.7573%,19.4905%,-0.01334,CTO,26650.0,2019-02-19,252.0,1.1994%,-0.0003,0.6695,0.65,0.1006,1.5775%,1.7576%,19.4406%,0.008483,CTO,26650.0,2019-02-20,252.0,-0.4115%,-0.0003,0.6683,0.6509,0.0973,1.5773%,1.7574%,19.4459%,-0.007471,CTO,26650.0,2019-02-21,252.0,0.8264%,-0.0003,0.6638,0.6443,0.0889,1.5787%,1.7566%,19.2303%,0.011316,CTO,-0.009644,0.008674,-0.0026179999999999,-0.013158,-0.0272439999999999
25963,COGNIZANT TECHNOLOGY SOLS CORP,"Cognizant Technology Solutions shares are trading higher after the company reported Q4 EPS of $1.13, beating the $1.07 estimate and Q4 sales of $4.13 billion, beating the $4.12 estimate.",6,increase,0.8,0.7,the positive earnings surprise and revenue beat are likely to boost investor confidence and drive the stock price higher.,2,2019-02-06,CTSH,2019-02-06 18:02:00+00:00,86158.0,19244610,0.0462013892829418,7238531.0,-0.0202684849500656,-0.0011222027242183,0.0023291655816137,0.0163958016782999,-0.0025970807764679,0.0066015943884849,0.0065779872238636,-0.0017192369559779,0.0017699780873954,0.0166035443544387,-0.0062516862526535,-0.0042058490216732,0.0060174344107508,-0.0152813447639346,-0.0051658139564096,0.0278918650001287,-0.0099754072725772,0.0158068183809518,-0.0125952064990997,0.0038921332452446,0.0145780900493264,-0.0150397615507245,-0.0017960383556783,0.0190833453088998,-0.0029065618291497,0.011551939882338,-0.0101333055645227,-0.0030307159759104,-0.0046276007778942,0.0210428703576326,0.0162016600370407,-0.0044670505449175,-0.005129559431225,0.0016972784651443,-0.0051561137661337,0.008558907546103,0.0009805252775549,-0.0009327978477813,0.0121746817603707,0.0113207744434475,-0.0163141191005706,-0.0015698946081101,0.0168657340109348,0.0425532311201095,-0.0078783649951219,-0.0315422676503658,-0.0079409265890717,-0.0061436579562723,-0.0039320150390267,0.0087398579344153,0.0169180445373058,-0.0023779568728059,-0.0034659644588828,0.0115458825603127,0.0019476822344586,0.0389870069921016,-0.0043043261393904,-0.0011649142252281,0.0068330480717122,-0.0428480207920074,-0.0181440114974975,-0.0225751902908086,-0.0019748820923268,-0.0060352734290063,0.004805602133274,-0.0007730852812528,-0.0008439662633463,-0.0457429327070713,0.0077432501129806,-0.0189635958522558,0.0121541647240519,0.0154344122856855,0.019323693588376,0.011448061093688,-0.0037914528511464,0.0025339962448924,0.0082914317026734,-0.0133824069052934,-0.0052574733272194,-0.0201729331165552,0.0055562546476721,-0.0088545437902212,0.0028302792925387,-0.0265536438673734,-0.0005375744076445,0.0098272766917943,0.0030925872270017,0.0132290218025445,-0.0054959254339337,-0.0065008345991373,0.0013478699838742,0.0123032992705702,0.0004038064216729,0.0167272947728633,-0.0325618684291839,0.0113268112763762,0.0034770513884723,-0.0100479805842042,-0.0112266829237341,0.0156781170517206,0.0019625318236649,-0.0231180246919393,0.0191661305725574,-0.0130812274292111,-0.0024708346463739,0.0241736378520727,0.003577847033739,0.0162793919444084,0.006033216137439,-0.0293061472475528,-0.0132206780835986,0.0008626536000519,0.0077347727492451,-0.011231068521738,-0.0106907729059457,-0.0126333739608526,-0.0771681889891624,-0.0018215619493275,-0.110493928194046,0.0246949195861816,-0.0202684849500656,-0.0011222027242183,-0.0179865280259889,0.0152551995407723,-0.0205368963362851,0.0219575025689409,-0.0123489685388885,0.0371394599719978,-0.0397654053946047,0.0660179027891452,-0.0281898177639265,0.1342784447325176,-0.2024964587966818,0.0253521502720419,2019-02-07,2019-02-08,2019-02-11,2019-02-12,2019-02-13,2019-02-14,2019-02-15,2019-02-19,2019-02-20,2019-02-21,86158.0,2019-02-06,252.0,4.6201%,-0.0001,0.8594,-0.2254,-0.2537,1.1395%,1.5253%,44.1892%,0.048149,CTSH,86158.0,2019-02-07,252.0,-2.0268%,-0.0001,0.8668,-0.2299,-0.2559,1.1408%,1.5299%,44.3973%,-0.01168,CTSH,86158.0,2019-02-08,252.0,0.2329%,-0.0003,0.8679,-0.267,-0.2755,1.1114%,1.5135%,46.0775%,-0.000202,CTSH,86158.0,2019-02-11,252.0,-0.2597%,-0.0004,0.8916,-0.2912,-0.2762,1.1053%,1.5095%,46.3855%,-0.001516,CTSH,86158.0,2019-02-12,252.0,0.6578%,-0.0004,0.8875,-0.2901,-0.2785,1.1058%,1.5070%,46.1638%,-0.006059,CTSH,86158.0,2019-02-13,252.0,0.1770%,-0.0004,0.887,-0.2892,-0.2784,1.1057%,1.5041%,45.9560%,-0.000446,CTSH,86158.0,2019-02-14,252.0,-0.6252%,-0.0004,0.8876,-0.2917,-0.275,1.1054%,1.5036%,45.9493%,-0.0046,CTSH,86158.0,2019-02-15,252.0,0.6017%,-0.0005,0.8774,-0.301,-0.2917,1.1033%,1.4976%,45.7299%,-0.002063,CTSH,86158.0,2019-02-19,252.0,-0.5166%,-0.0005,0.8743,-0.3008,-0.2912,1.1028%,1.4928%,45.4279%,-0.0051849999999999,CTSH,86158.0,2019-02-20,252.0,-0.9975%,-0.0006,0.8721,-0.3041,-0.2985,1.1040%,1.4938%,45.3757%,-0.009473,CTSH,86158.0,2019-02-21,252.0,-1.2595%,-0.0006,0.8785,-0.2933,-0.2867,1.1033%,1.4950%,45.5314%,-0.0103679999999999,CTSH,0.036469,0.036267,0.034751,0.0282459999999999,-0.003443
25971,COGNIZANT TECHNOLOGY SOLS CORP,Cognizant Names Brian Humphries As CEO,6,increase,0.7,0.6,the appointment of a new ceo can often lead to positive market sentiment and potential strategic changes that investors may view favorably.,2,2019-02-06,CTSH,2019-02-06 12:11:00+00:00,86158.0,19244610,0.0462013892829418,7238531.0,-0.0202684849500656,-0.0011222027242183,0.0023291655816137,0.0163958016782999,-0.0025970807764679,0.0066015943884849,0.0065779872238636,-0.0017192369559779,0.0017699780873954,0.0166035443544387,-0.0062516862526535,-0.0042058490216732,0.0060174344107508,-0.0152813447639346,-0.0051658139564096,0.0278918650001287,-0.0099754072725772,0.0158068183809518,-0.0125952064990997,0.0038921332452446,0.0145780900493264,-0.0150397615507245,-0.0017960383556783,0.0190833453088998,-0.0029065618291497,0.011551939882338,-0.0101333055645227,-0.0030307159759104,-0.0046276007778942,0.0210428703576326,0.0162016600370407,-0.0044670505449175,-0.005129559431225,0.0016972784651443,-0.0051561137661337,0.008558907546103,0.0009805252775549,-0.0009327978477813,0.0121746817603707,0.0113207744434475,-0.0163141191005706,-0.0015698946081101,0.0168657340109348,0.0425532311201095,-0.0078783649951219,-0.0315422676503658,-0.0079409265890717,-0.0061436579562723,-0.0039320150390267,0.0087398579344153,0.0169180445373058,-0.0023779568728059,-0.0034659644588828,0.0115458825603127,0.0019476822344586,0.0389870069921016,-0.0043043261393904,-0.0011649142252281,0.0068330480717122,-0.0428480207920074,-0.0181440114974975,-0.0225751902908086,-0.0019748820923268,-0.0060352734290063,0.004805602133274,-0.0007730852812528,-0.0008439662633463,-0.0457429327070713,0.0077432501129806,-0.0189635958522558,0.0121541647240519,0.0154344122856855,0.019323693588376,0.011448061093688,-0.0037914528511464,0.0025339962448924,0.0082914317026734,-0.0133824069052934,-0.0052574733272194,-0.0201729331165552,0.0055562546476721,-0.0088545437902212,0.0028302792925387,-0.0265536438673734,-0.0005375744076445,0.0098272766917943,0.0030925872270017,0.0132290218025445,-0.0054959254339337,-0.0065008345991373,0.0013478699838742,0.0123032992705702,0.0004038064216729,0.0167272947728633,-0.0325618684291839,0.0113268112763762,0.0034770513884723,-0.0100479805842042,-0.0112266829237341,0.0156781170517206,0.0019625318236649,-0.0231180246919393,0.0191661305725574,-0.0130812274292111,-0.0024708346463739,0.0241736378520727,0.003577847033739,0.0162793919444084,0.006033216137439,-0.0293061472475528,-0.0132206780835986,0.0008626536000519,0.0077347727492451,-0.011231068521738,-0.0106907729059457,-0.0126333739608526,-0.0771681889891624,-0.0018215619493275,-0.110493928194046,0.0246949195861816,-0.0202684849500656,-0.0011222027242183,-0.0179865280259889,0.0152551995407723,-0.0205368963362851,0.0219575025689409,-0.0123489685388885,0.0371394599719978,-0.0397654053946047,0.0660179027891452,-0.0281898177639265,0.1342784447325176,-0.2024964587966818,0.0253521502720419,2019-02-07,2019-02-08,2019-02-11,2019-02-12,2019-02-13,2019-02-14,2019-02-15,2019-02-19,2019-02-20,2019-02-21,86158.0,2019-02-06,252.0,4.6201%,-0.0001,0.8594,-0.2254,-0.2537,1.1395%,1.5253%,44.1892%,0.048149,CTSH,86158.0,2019-02-07,252.0,-2.0268%,-0.0001,0.8668,-0.2299,-0.2559,1.1408%,1.5299%,44.3973%,-0.01168,CTSH,86158.0,2019-02-08,252.0,0.2329%,-0.0003,0.8679,-0.267,-0.2755,1.1114%,1.5135%,46.0775%,-0.000202,CTSH,86158.0,2019-02-11,252.0,-0.2597%,-0.0004,0.8916,-0.2912,-0.2762,1.1053%,1.5095%,46.3855%,-0.001516,CTSH,86158.0,2019-02-12,252.0,0.6578%,-0.0004,0.8875,-0.2901,-0.2785,1.1058%,1.5070%,46.1638%,-0.006059,CTSH,86158.0,2019-02-13,252.0,0.1770%,-0.0004,0.887,-0.2892,-0.2784,1.1057%,1.5041%,45.9560%,-0.000446,CTSH,86158.0,2019-02-14,252.0,-0.6252%,-0.0004,0.8876,-0.2917,-0.275,1.1054%,1.5036%,45.9493%,-0.0046,CTSH,86158.0,2019-02-15,252.0,0.6017%,-0.0005,0.8774,-0.301,-0.2917,1.1033%,1.4976%,45.7299%,-0.002063,CTSH,86158.0,2019-02-19,252.0,-0.5166%,-0.0005,0.8743,-0.3008,-0.2912,1.1028%,1.4928%,45.4279%,-0.0051849999999999,CTSH,86158.0,2019-02-20,252.0,-0.9975%,-0.0006,0.8721,-0.3041,-0.2985,1.1040%,1.4938%,45.3757%,-0.009473,CTSH,86158.0,2019-02-21,252.0,-1.2595%,-0.0006,0.8785,-0.2933,-0.2867,1.1033%,1.4950%,45.5314%,-0.0103679999999999,CTSH,0.036469,0.036267,0.034751,0.0282459999999999,-0.003443
25979,COGNIZANT TECHNOLOGY SOLS CORP,"Cognizant Sees Q1 Sales Growth 7.5-8.5% Year Over Year; Sees FY19 Adj. EPS At Least $4.40, Sales Growth 7-9%",6,increase,0.8,0.6,"the projected sales growth and adjusted eps guidance indicate strong performance expectations, which are likely to positively influence investor sentiment and drive the stock price up.",2,2019-02-06,CTSH,2019-02-06 12:02:00+00:00,86158.0,19244610,0.0462013892829418,7238531.0,-0.0202684849500656,-0.0011222027242183,0.0023291655816137,0.0163958016782999,-0.0025970807764679,0.0066015943884849,0.0065779872238636,-0.0017192369559779,0.0017699780873954,0.0166035443544387,-0.0062516862526535,-0.0042058490216732,0.0060174344107508,-0.0152813447639346,-0.0051658139564096,0.0278918650001287,-0.0099754072725772,0.0158068183809518,-0.0125952064990997,0.0038921332452446,0.0145780900493264,-0.0150397615507245,-0.0017960383556783,0.0190833453088998,-0.0029065618291497,0.011551939882338,-0.0101333055645227,-0.0030307159759104,-0.0046276007778942,0.0210428703576326,0.0162016600370407,-0.0044670505449175,-0.005129559431225,0.0016972784651443,-0.0051561137661337,0.008558907546103,0.0009805252775549,-0.0009327978477813,0.0121746817603707,0.0113207744434475,-0.0163141191005706,-0.0015698946081101,0.0168657340109348,0.0425532311201095,-0.0078783649951219,-0.0315422676503658,-0.0079409265890717,-0.0061436579562723,-0.0039320150390267,0.0087398579344153,0.0169180445373058,-0.0023779568728059,-0.0034659644588828,0.0115458825603127,0.0019476822344586,0.0389870069921016,-0.0043043261393904,-0.0011649142252281,0.0068330480717122,-0.0428480207920074,-0.0181440114974975,-0.0225751902908086,-0.0019748820923268,-0.0060352734290063,0.004805602133274,-0.0007730852812528,-0.0008439662633463,-0.0457429327070713,0.0077432501129806,-0.0189635958522558,0.0121541647240519,0.0154344122856855,0.019323693588376,0.011448061093688,-0.0037914528511464,0.0025339962448924,0.0082914317026734,-0.0133824069052934,-0.0052574733272194,-0.0201729331165552,0.0055562546476721,-0.0088545437902212,0.0028302792925387,-0.0265536438673734,-0.0005375744076445,0.0098272766917943,0.0030925872270017,0.0132290218025445,-0.0054959254339337,-0.0065008345991373,0.0013478699838742,0.0123032992705702,0.0004038064216729,0.0167272947728633,-0.0325618684291839,0.0113268112763762,0.0034770513884723,-0.0100479805842042,-0.0112266829237341,0.0156781170517206,0.0019625318236649,-0.0231180246919393,0.0191661305725574,-0.0130812274292111,-0.0024708346463739,0.0241736378520727,0.003577847033739,0.0162793919444084,0.006033216137439,-0.0293061472475528,-0.0132206780835986,0.0008626536000519,0.0077347727492451,-0.011231068521738,-0.0106907729059457,-0.0126333739608526,-0.0771681889891624,-0.0018215619493275,-0.110493928194046,0.0246949195861816,-0.0202684849500656,-0.0011222027242183,-0.0179865280259889,0.0152551995407723,-0.0205368963362851,0.0219575025689409,-0.0123489685388885,0.0371394599719978,-0.0397654053946047,0.0660179027891452,-0.0281898177639265,0.1342784447325176,-0.2024964587966818,0.0253521502720419,2019-02-07,2019-02-08,2019-02-11,2019-02-12,2019-02-13,2019-02-14,2019-02-15,2019-02-19,2019-02-20,2019-02-21,86158.0,2019-02-06,252.0,4.6201%,-0.0001,0.8594,-0.2254,-0.2537,1.1395%,1.5253%,44.1892%,0.048149,CTSH,86158.0,2019-02-07,252.0,-2.0268%,-0.0001,0.8668,-0.2299,-0.2559,1.1408%,1.5299%,44.3973%,-0.01168,CTSH,86158.0,2019-02-08,252.0,0.2329%,-0.0003,0.8679,-0.267,-0.2755,1.1114%,1.5135%,46.0775%,-0.000202,CTSH,86158.0,2019-02-11,252.0,-0.2597%,-0.0004,0.8916,-0.2912,-0.2762,1.1053%,1.5095%,46.3855%,-0.001516,CTSH,86158.0,2019-02-12,252.0,0.6578%,-0.0004,0.8875,-0.2901,-0.2785,1.1058%,1.5070%,46.1638%,-0.006059,CTSH,86158.0,2019-02-13,252.0,0.1770%,-0.0004,0.887,-0.2892,-0.2784,1.1057%,1.5041%,45.9560%,-0.000446,CTSH,86158.0,2019-02-14,252.0,-0.6252%,-0.0004,0.8876,-0.2917,-0.275,1.1054%,1.5036%,45.9493%,-0.0046,CTSH,86158.0,2019-02-15,252.0,0.6017%,-0.0005,0.8774,-0.301,-0.2917,1.1033%,1.4976%,45.7299%,-0.002063,CTSH,86158.0,2019-02-19,252.0,-0.5166%,-0.0005,0.8743,-0.3008,-0.2912,1.1028%,1.4928%,45.4279%,-0.0051849999999999,CTSH,86158.0,2019-02-20,252.0,-0.9975%,-0.0006,0.8721,-0.3041,-0.2985,1.1040%,1.4938%,45.3757%,-0.009473,CTSH,86158.0,2019-02-21,252.0,-1.2595%,-0.0006,0.8785,-0.2933,-0.2867,1.1033%,1.4950%,45.5314%,-0.0103679999999999,CTSH,0.036469,0.036267,0.034751,0.0282459999999999,-0.003443
25987,COGNIZANT TECHNOLOGY SOLS CORP,"Cognizant Technology Q4 EPS $1.13 Beats $1.07 Estimate, Sales $4.13B Beat $4.12B Estimate",6,increase,0.8,0.6,"the earnings per share and sales figures both exceeded estimates, which typically signals strong performance and can lead to a positive reaction in the stock price.",2,2019-02-06,CTSH,2019-02-06 12:02:00+00:00,86158.0,19244610,0.0462013892829418,7238531.0,-0.0202684849500656,-0.0011222027242183,0.0023291655816137,0.0163958016782999,-0.0025970807764679,0.0066015943884849,0.0065779872238636,-0.0017192369559779,0.0017699780873954,0.0166035443544387,-0.0062516862526535,-0.0042058490216732,0.0060174344107508,-0.0152813447639346,-0.0051658139564096,0.0278918650001287,-0.0099754072725772,0.0158068183809518,-0.0125952064990997,0.0038921332452446,0.0145780900493264,-0.0150397615507245,-0.0017960383556783,0.0190833453088998,-0.0029065618291497,0.011551939882338,-0.0101333055645227,-0.0030307159759104,-0.0046276007778942,0.0210428703576326,0.0162016600370407,-0.0044670505449175,-0.005129559431225,0.0016972784651443,-0.0051561137661337,0.008558907546103,0.0009805252775549,-0.0009327978477813,0.0121746817603707,0.0113207744434475,-0.0163141191005706,-0.0015698946081101,0.0168657340109348,0.0425532311201095,-0.0078783649951219,-0.0315422676503658,-0.0079409265890717,-0.0061436579562723,-0.0039320150390267,0.0087398579344153,0.0169180445373058,-0.0023779568728059,-0.0034659644588828,0.0115458825603127,0.0019476822344586,0.0389870069921016,-0.0043043261393904,-0.0011649142252281,0.0068330480717122,-0.0428480207920074,-0.0181440114974975,-0.0225751902908086,-0.0019748820923268,-0.0060352734290063,0.004805602133274,-0.0007730852812528,-0.0008439662633463,-0.0457429327070713,0.0077432501129806,-0.0189635958522558,0.0121541647240519,0.0154344122856855,0.019323693588376,0.011448061093688,-0.0037914528511464,0.0025339962448924,0.0082914317026734,-0.0133824069052934,-0.0052574733272194,-0.0201729331165552,0.0055562546476721,-0.0088545437902212,0.0028302792925387,-0.0265536438673734,-0.0005375744076445,0.0098272766917943,0.0030925872270017,0.0132290218025445,-0.0054959254339337,-0.0065008345991373,0.0013478699838742,0.0123032992705702,0.0004038064216729,0.0167272947728633,-0.0325618684291839,0.0113268112763762,0.0034770513884723,-0.0100479805842042,-0.0112266829237341,0.0156781170517206,0.0019625318236649,-0.0231180246919393,0.0191661305725574,-0.0130812274292111,-0.0024708346463739,0.0241736378520727,0.003577847033739,0.0162793919444084,0.006033216137439,-0.0293061472475528,-0.0132206780835986,0.0008626536000519,0.0077347727492451,-0.011231068521738,-0.0106907729059457,-0.0126333739608526,-0.0771681889891624,-0.0018215619493275,-0.110493928194046,0.0246949195861816,-0.0202684849500656,-0.0011222027242183,-0.0179865280259889,0.0152551995407723,-0.0205368963362851,0.0219575025689409,-0.0123489685388885,0.0371394599719978,-0.0397654053946047,0.0660179027891452,-0.0281898177639265,0.1342784447325176,-0.2024964587966818,0.0253521502720419,2019-02-07,2019-02-08,2019-02-11,2019-02-12,2019-02-13,2019-02-14,2019-02-15,2019-02-19,2019-02-20,2019-02-21,86158.0,2019-02-06,252.0,4.6201%,-0.0001,0.8594,-0.2254,-0.2537,1.1395%,1.5253%,44.1892%,0.048149,CTSH,86158.0,2019-02-07,252.0,-2.0268%,-0.0001,0.8668,-0.2299,-0.2559,1.1408%,1.5299%,44.3973%,-0.01168,CTSH,86158.0,2019-02-08,252.0,0.2329%,-0.0003,0.8679,-0.267,-0.2755,1.1114%,1.5135%,46.0775%,-0.000202,CTSH,86158.0,2019-02-11,252.0,-0.2597%,-0.0004,0.8916,-0.2912,-0.2762,1.1053%,1.5095%,46.3855%,-0.001516,CTSH,86158.0,2019-02-12,252.0,0.6578%,-0.0004,0.8875,-0.2901,-0.2785,1.1058%,1.5070%,46.1638%,-0.006059,CTSH,86158.0,2019-02-13,252.0,0.1770%,-0.0004,0.887,-0.2892,-0.2784,1.1057%,1.5041%,45.9560%,-0.000446,CTSH,86158.0,2019-02-14,252.0,-0.6252%,-0.0004,0.8876,-0.2917,-0.275,1.1054%,1.5036%,45.9493%,-0.0046,CTSH,86158.0,2019-02-15,252.0,0.6017%,-0.0005,0.8774,-0.301,-0.2917,1.1033%,1.4976%,45.7299%,-0.002063,CTSH,86158.0,2019-02-19,252.0,-0.5166%,-0.0005,0.8743,-0.3008,-0.2912,1.1028%,1.4928%,45.4279%,-0.0051849999999999,CTSH,86158.0,2019-02-20,252.0,-0.9975%,-0.0006,0.8721,-0.3041,-0.2985,1.1040%,1.4938%,45.3757%,-0.009473,CTSH,86158.0,2019-02-21,252.0,-1.2595%,-0.0006,0.8785,-0.2933,-0.2867,1.1033%,1.4950%,45.5314%,-0.0103679999999999,CTSH,0.036469,0.036267,0.034751,0.0282459999999999,-0.003443
25995,COUSINS PROPERTIES INC,"Cousins Properties Q4 EPS $0.04 Beats $0.02 Estimate, Sales $117.2M Miss $118.3M Estimate",6,uncertain,0.6,0.3,"while the earnings per share (eps) beat estimates, the sales miss could create mixed reactions among investors, leading to uncertainty in the stock price movement.",1,2019-02-06,CUZ,2019-02-06 21:26:00+00:00,27511.0,22279550,0.0011123724980279,4868193.0,0.0333333536982536,0.0089786676689982,-0.005376364570111,0.0033783481922,0.0,0.0033898002002388,0.0054054260253906,0.0034014384727925,0.0032257777638733,0.0068492540158331,0.0021436717361211,0.0080553106963634,0.0139036532491445,0.0092915128916502,0.0052742818370461,0.0153302028775215,0.0,-0.0058616874739527,0.0,0.0023501180112361,0.0020986839663237,-0.008158472366631,-0.0094240996986627,0.0129869719967246,0.001057106652297,0.0047449539415538,-0.001055990345776,0.0071685090661048,0.0063425390981137,0.0011961996788159,-0.0147059177979826,-0.0187794361263513,0.0095948986709117,0.0023529950994998,0.0337908864021301,0.0167464539408683,-0.0112359197810292,0.008443871513009,-0.0041322275064885,0.0259901043027639,0.0041493736207485,0.0266836136579513,0.0061982916668057,0.0194300655275583,0.0071869250386953,0.0006426192703656,0.0030580766033381,-0.0151898590847849,0.0071137901395559,0.0063694510608911,0.0010091048898175,0.00127547851298,0.0,0.0038412560243159,-0.0100806839764118,0.0330687835812568,0.0040733157657086,-0.0514428913593292,0.0182556100189685,-0.0111663304269313,-0.0159362405538559,-0.0024751862511038,-0.0597166121006012,-0.0134309725835919,0.0204520542174577,0.0098643563687801,0.0094936871901154,-0.0275779962539672,0.01358412951231,0.0145985260605812,-0.0041237073019146,0.0073529928922653,0.0010352204553782,-0.0156815573573112,0.0043950635008513,0.0048484802246093,0.0020746372174471,-0.0012106813956052,0.0031055624131113,-0.0178358647972345,0.0,0.0144752580672502,-0.0020639323629438,-0.0269953627139329,-0.0144778015092015,0.008284100331366,0.0178384128957986,0.0071513066068291,0.0030927560292184,0.0047904145903885,0.0092497589066624,0.01953611895442,-0.0203665792942047,-0.0120627721771597,-0.0270270518958568,0.0024183196946978,-0.0106836995109915,-0.0048134727403521,0.01079907361418,0.0072727780789136,-0.0149572007358074,-0.010791384615004,0.0173535626381635,-0.0011976321693509,0.0095948986709117,0.0,-0.0021119806915521,-0.0153300901874899,0.0095238257199525,-0.0081872101873159,-0.0083857364952564,-0.0011682510375976,0.0116278706118464,-0.0023309446405619,-0.0052245808765292,-0.0023256344720721,-0.011554685421288,-0.0023201280273497,0.0085015865042805,0.0093676727265119,0.0333333536982536,0.0089786676689982,0.0277777768663163,0.0123873489268862,0.0277777768663163,0.0158191397649978,0.0366666573644505,0.0262556552504082,0.0588888584266789,0.056404174839078,0.1155555509177006,0.1247757235872286,0.0623746282581536,0.0615565415251211,2019-02-07,2019-02-08,2019-02-11,2019-02-12,2019-02-13,2019-02-14,2019-02-15,2019-02-19,2019-02-20,2019-02-21,27511.0,2019-02-06,252.0,0.1112%,0.0003,0.6495,0.1814,0.2231,1.0453%,1.2412%,29.0787%,0.002329,CUZ,27511.0,2019-02-07,252.0,3.3333%,0.0005,0.6475,0.1674,0.2336,1.0693%,1.2581%,27.7618%,0.038639,CUZ,27511.0,2019-02-08,252.0,-0.5376%,0.0005,0.6485,0.166,0.2367,1.0696%,1.2586%,27.7775%,-0.004531,CUZ,27511.0,2019-02-11,252.0,0.0000%,0.0005,0.6488,0.1614,0.2344,1.0698%,1.2519%,26.9790%,-0.0026479999999999,CUZ,27511.0,2019-02-12,252.0,0.5405%,0.0004,0.6379,0.1727,0.2268,1.0656%,1.2435%,26.5660%,-0.003153,CUZ,27511.0,2019-02-13,252.0,0.3226%,0.0005,0.6454,0.1604,0.2248,1.0608%,1.2424%,27.0938%,0.001077,CUZ,27511.0,2019-02-14,252.0,0.2144%,0.0005,0.6448,0.1623,0.2223,1.0608%,1.2424%,27.0912%,0.003869,CUZ,27511.0,2019-02-15,252.0,1.3904%,0.0006,0.6597,0.1762,0.2471,1.0572%,1.2450%,27.8902%,0.0050449999999999,CUZ,27511.0,2019-02-19,252.0,0.5274%,0.0005,0.6574,0.1813,0.253,1.0559%,1.2419%,27.7045%,0.002669,CUZ,27511.0,2019-02-20,252.0,0.0000%,0.0005,0.6554,0.1727,0.2449,1.0543%,1.2399%,27.6930%,-0.003139,CUZ,27511.0,2019-02-21,252.0,0.0000%,0.0005,0.6507,0.1636,0.2362,1.0519%,1.2354%,27.4936%,0.003009,CUZ,0.040968,0.036437,0.033789,0.031713,0.0431659999999999
26003,D H T HOLDINGS INC,"DHT Holdings Q4 EPS $0.08, Inline, Sales $85.2M Beat $80.3M Estimate",6,increase,0.7,0.5,"the earnings per share (eps) being inline with expectations and sales exceeding estimates typically indicate positive performance, which can lead to an increase in stock price.",2,2019-02-06,DHT,2019-02-06 21:28:00+00:00,90943.0,Y2065G12,-0.0098765334114432,1032698.0,-0.054862905293703,-0.0024629931431263,0.0290237814188003,0.0175438430160284,0.0102564003318548,-0.0148148592561483,0.0279188156127929,0.0049627739936113,0.0049382667057216,0.010025112889707,-0.0024570585228502,-0.0099256075918674,0.0566502064466476,-0.0242130514234304,-0.0094339540228247,-0.0236406400799751,-0.0142857013270258,-0.0208333674818277,0.0265700817108154,0.0,0.0070588728412985,-0.0114415828138589,-0.0070093944668769,0.0022935210727155,0.0047058779746294,-0.0068336525000631,0.0117096463218331,0.0185614675283432,0.0,0.0165094751864671,0.0231481250375509,-0.0093458965420722,0.0022623871918767,0.0070588728412985,0.0112867252901196,-0.0406320169568061,-0.0223214067518711,0.004535143263638,-0.0136986169964075,0.0114678237587213,0.0092592500150203,0.0234741549938917,0.0045871515758335,0.0364963710308075,0.0182648226618766,0.0148147996515035,0.0313901044428348,0.0331632941961288,-0.0217391103506088,-0.0025445267092436,0.0133333206176757,-0.0343980602920055,0.0175438430160284,-0.0239807926118373,-0.0129310227930545,0.0347394198179245,0.0065502640791237,-0.0146699119359254,0.0108459247276186,0.0148883229121565,-0.0278969183564186,-0.021844582632184,0.0066224574111402,0.0248755980283021,-0.0021929282229393,-0.0049504903145134,-0.0065934523008763,-0.0357995443046093,-0.0199115388095378,-0.0255814250558614,0.0067720566876232,-0.0092165805399417,0.029148006811738,0.0116550559177994,0.0152504779398441,-0.0069444929249584,-0.030042890459299,-0.0091743031516671,-0.0022123344242572,0.016317056491971,0.0266075115650892,-0.0160550847649574,0.0561554543673992,-0.0501089356839656,0.0143149634823203,0.0154867637902498,0.038306463509798,-0.0661157369613647,0.0058251908048987,-0.0061601097695529,-0.0231660027056932,0.0339702442288398,0.0019763298332691,0.1056337505578995,-0.003944769501686,-0.0046728923916816,-0.0217822045087814,-0.0160918850451707,-0.006072917021811,0.0583941042423248,0.0366599410772323,-0.0846324414014816,0.0157170761376619,-0.0153509154915809,0.0077369362115859,-0.008695644326508,-0.0095969652757048,0.0021691475994884,0.0077519309706985,0.0,0.0307692941278219,-0.0455486103892326,-0.0055970540270209,-0.0473373271524906,0.016885582357645,-0.0268713757395744,0.0036900332197546,-0.0057251402176916,0.0477940700948238,-0.0402930900454521,-0.054862905293703,-0.0024629931431263,-0.0274314528461474,0.0150376395078495,-0.017456400476367,-2.6115232198975486e-10,0.0149625792886469,0.0150376389877711,0.0723485517654118,-0.0624999940944509,0.1757986085152991,0.0049627702746133,0.4382085936118989,-0.2550167006367887,2019-02-07,2019-02-08,2019-02-11,2019-02-12,2019-02-13,2019-02-14,2019-02-15,2019-02-19,2019-02-20,2019-02-21,90943.0,2019-02-06,252.0,-0.9877%,0.001,0.9044,1.0295,0.5376,2.2727%,2.4887%,16.6011%,-0.008227,DHT,90943.0,2019-02-07,252.0,-5.4863%,0.0008,0.919,1.0315,0.5261,2.2928%,2.5133%,16.7779%,-0.047311,DHT,90943.0,2019-02-08,252.0,2.9024%,0.0007,0.9151,0.9822,0.477,2.2821%,2.5004%,16.6944%,0.031211,DHT,90943.0,2019-02-11,252.0,1.0256%,0.0007,0.919,0.9793,0.4774,2.2821%,2.4978%,16.5259%,0.0012959999999999,DHT,90943.0,2019-02-12,252.0,2.7919%,0.0007,0.9134,0.9976,0.4713,2.2794%,2.4961%,16.6128%,0.015937,DHT,90943.0,2019-02-13,252.0,0.4938%,0.0006,0.8989,1.0223,0.4759,2.2705%,2.4847%,16.4965%,0.001352,DHT,90943.0,2019-02-14,252.0,-0.2457%,0.0005,0.8989,1.0198,0.4801,2.2692%,2.4829%,16.4745%,-0.003225,DHT,90943.0,2019-02-15,252.0,5.6650%,0.0007,0.9269,1.0493,0.5313,2.2836%,2.5054%,16.9188%,0.041539,DHT,90943.0,2019-02-19,252.0,-0.9434%,0.0006,0.9233,1.0394,0.5205,2.2860%,2.5058%,16.7748%,-0.0159319999999999,DHT,90943.0,2019-02-20,252.0,-1.4286%,0.0006,0.9187,1.0361,0.5059,2.2880%,2.5067%,16.6853%,-0.021289,DHT,90943.0,2019-02-21,252.0,2.6570%,0.0008,0.9047,1.0146,0.4801,2.2933%,2.5051%,16.1917%,0.031758,DHT,-0.055538,-0.0243269999999999,-0.0230309999999999,-0.0057419999999999,0.027109
26011,DELTA APPAREL INC,"Roth Capital Downgrades Delta Apparel, Inc. Common Stock to Neutral",6,decrease,0.8,0.7,"a downgrade from roth capital typically signals reduced expectations for the company's performance, which can lead to a decline in stock price.",0,2019-02-06,DLA,2019-02-06 13:57:00+00:00,88287.0,24736810,-0.0082987863570451,22987.0,-0.0083681531250476,0.0177364889532327,0.0274261441081762,0.0076595875434577,0.0098562529310584,-0.0021231099963188,0.0073200613260269,-0.0075853480957448,0.0048445267602801,0.0321878977119922,-0.0136601105332374,0.0127752861008048,-0.0085539342835545,0.0206834971904754,-0.0016434229910373,0.040711224079132,-0.0078188739717006,0.0323671512305736,0.0082952650263905,0.0298507642000913,0.0057590003125369,-0.0049505135975778,0.0032719804439693,0.0100000379607081,-0.0167142208665609,0.0095911426469683,-0.0029022220987826,-0.0095000267028808,-0.0170478112995624,0.0643959045410156,-0.0211505927145481,0.0178765896707773,0.0440795384347438,0.0198894310742616,-0.0086920149624347,-0.0136239780113101,-0.0183716285973787,0.0349690280854702,0.0038281646557152,-0.0061659533530473,-0.0016949540004134,0.0,-0.0076400809921324,0.0,-0.0047048204578459,-0.0011198464781045,0.0098839504644274,0.0365641936659812,0.0,-0.0154285980388522,0.037872314453125,0.086281768977642,-0.0065600597299635,-0.0660869181156158,-0.0198101345449686,0.0454545468091964,-0.0004210622573737,-0.0848586037755012,-0.0282224137336015,-0.0125958127900958,-0.0034677037037909,-0.0364116355776786,-0.0126141374930739,0.0139111941680312,0.0127752861008048,-0.0240208394825458,-0.0247933752834796,-0.0179487373679876,-0.0138269159942865,0.0263157896697521,0.0049750655889511,-0.0170719046145677,0.0027003318537026,-0.0036082316655665,0.056104127317667,-0.0102041205391287,0.0106247337535023,0.0,-0.0155593287199735,0.0181818380951881,0.0239213779568672,-0.0336345434188842,-0.0033375020138919,0.0299896541982889,-0.0125575242564082,0.0178947448730468,-0.0237388499081134,-0.0052356221713125,0.0251845382153987,0.0529217757284641,-0.0088945776224136,-0.0071155480109155,-0.023504240438342,0.0010959154460579,0.0052515943534672,-0.0333686023950576,-0.0117543991655111,-0.0166667494922876,0.0145374415442347,0.0191083122044801,-0.0017369046108797,-0.0044913650490343,-0.0173988528549671,0.0229729320853948,0.0385125689208507,0.0443127192556858,-0.0174765493720769,-0.0163797922432422,0.034707210958004,-0.026486475020647,0.0,0.0422535203397274,0.0092242900282144,-0.0044868155382573,0.0049854940734803,0.0011229903902858,-0.0016536136390641,-0.0660723745822906,-0.0066252527758479,-0.0046972939744591,-0.0083681531250476,0.0177364889532327,0.0188284848096016,0.0255319306865413,0.028870316049252,0.0233546135929565,0.0414225856770744,0.0482818876616977,0.0171548059628725,0.1990049650837457,-0.0347280299234525,0.3198247537174254,0.003765700906988,0.2578288365588987,2019-02-07,2019-02-08,2019-02-11,2019-02-12,2019-02-13,2019-02-14,2019-02-15,2019-02-19,2019-02-20,2019-02-21,88287.0,2019-02-06,252.0,-0.8299%,0.0016,0.4503,0.3753,0.664,2.3497%,2.3998%,4.1281%,-0.00798,DLA,88287.0,2019-02-07,252.0,-0.8368%,0.0013,0.4154,0.4233,0.6565,2.3155%,2.3620%,3.8939%,-0.006382,DLA,88287.0,2019-02-08,252.0,2.7426%,0.0014,0.4103,0.414,0.629,2.3231%,2.3676%,3.7188%,0.031271,DLA,88287.0,2019-02-11,252.0,0.9856%,0.0013,0.4245,0.4054,0.6318,2.3223%,2.3682%,3.8352%,0.005003,DLA,88287.0,2019-02-12,252.0,0.7320%,0.0014,0.4313,0.3976,0.6366,2.3213%,2.3682%,3.9140%,0.002439,DLA,88287.0,2019-02-13,252.0,0.4845%,0.0014,0.4293,0.4015,0.6377,2.3212%,2.3678%,3.9027%,0.002853,DLA,88287.0,2019-02-14,252.0,-1.3660%,0.0014,0.433,0.3951,0.6435,2.3215%,2.3688%,3.9507%,-0.011248,DLA,88287.0,2019-02-15,252.0,-0.8554%,0.0013,0.4301,0.3903,0.636,2.3234%,2.3696%,3.8564%,-0.017624,DLA,88287.0,2019-02-19,252.0,-0.1643%,0.0013,0.4268,0.3887,0.6344,2.3236%,2.3693%,3.8224%,-0.005601,DLA,88287.0,2019-02-20,252.0,-0.7819%,0.0013,0.4235,0.3843,0.6234,2.3249%,2.3698%,3.7548%,-0.0130739999999999,DLA,88287.0,2019-02-21,252.0,0.8295%,0.0013,0.4198,0.3791,0.6165,2.3257%,2.3695%,3.6694%,0.011465,DLA,-0.014362,0.016909,0.021912,0.027204,-0.0088779999999999
26019,ELECTRONIC ARTS INC,Is It Time To Hit Restart On EA's Stock After Tough Quarter? The Street Debates What's Next,6,uncertain,0.6,0.5,"the mention of a 'tough quarter' suggests potential challenges for ea's stock, but the phrase 'is it time to hit restart' indicates a possibility for recovery, leading to uncertainty in the stock's immediate direction.",1,2019-02-06,EA,2019-02-06 16:29:00+00:00,75828.0,28551210,-0.1330522894859314,30180266.0,0.0484976880252361,0.0462512299418449,0.1605231910943985,-0.0305854082107543,-0.0036885309964418,-0.011058073490858,0.0523447543382644,0.0337329879403114,-0.0007818022859282,0.0228107012808322,0.0293398536741733,-0.0357024781405925,0.0151068540289998,-0.0138434348627924,-0.0363159626722335,0.0028420910239219,-0.0420551858842372,0.0263660512864589,-0.0179458241909742,-0.0238747168332338,-0.0097047537565231,-0.013078243471682,-0.0006254957988858,0.0359422154724597,0.0275401566177606,-0.0067838146351277,-0.0067005446180701,0.0048050098121166,-0.0210547596216201,0.0102731548249721,0.0170182175934314,-0.0233737062662839,-0.0012319345260038,-0.0034062759950757,-0.0161373186856508,0.0236193723976612,-0.0099248280748724,-0.001235598581843,0.0484330914914608,0.016326067969203,-0.0100644119083881,0.0375503227114677,0.0069133825600147,0.0725447759032249,-0.0045436648651957,-0.0206545181572437,0.0156202549114823,0.0185020789504051,-0.0129830762743949,-0.0049180248752236,0.0015177731402218,-0.0016366266645491,0.0068700774572789,0.019771484658122,-0.0215733647346496,0.0424250289797782,-0.0049226065166294,-0.0241608787328004,0.0809027999639511,-0.0112345395609736,-0.0242181625217199,-0.0117406602948904,-0.0059604551643133,-0.0204999931156635,0.0057996297255158,0.0097184982150793,-0.0161258950829505,-0.0116018000990152,0.0151981599628925,-0.0086569003760814,-0.0055772964842617,-0.0256657097488641,0.0102332085371017,-0.0053931516595184,-0.0178241152316331,-0.0034635243937373,-0.0068424716591835,0.0146631943061947,-0.0220668893307447,-0.016213646158576,0.0152133740484714,0.0332593843340873,-0.0148848770186305,-0.0335714258253574,0.0030628184322267,-0.0008326358511112,0.0140457740053534,-0.0268549565225839,0.0095353266224265,0.0057042823173105,0.0124279176816344,0.0101128946989774,-0.0390847809612751,0.0012951914686709,-0.0410832576453685,0.0273376330733299,-0.0200362876057624,-0.0160675849765539,0.0129418428987264,0.0120452903211116,-0.0066566755995154,-0.0002408992295386,0.0228058863431215,-0.0340816602110862,-0.0050723422318696,-0.0258356798440218,-0.0124269584193825,0.0290344897657632,0.0160249285399913,-0.0186519883573055,0.0027522190939635,-0.0030801307875663,-0.0008445247076451,-0.0138372788205742,0.002218690700829,-0.0530521273612976,-0.0048492420464754,0.000746265402995,-0.0201271343976259,0.017022656276822,0.0484976880252361,0.0462512299418449,0.2168058827621461,0.0142512089830697,0.2123176565469251,0.0030355445759433,0.274778721766816,0.0605226835673515,0.2075801249017563,0.0132515511523134,0.3075676158049671,0.1947313294441937,0.1532228043290036,0.0031442416001885,2019-02-07,2019-02-08,2019-02-11,2019-02-12,2019-02-13,2019-02-14,2019-02-15,2019-02-19,2019-02-20,2019-02-21,75828.0,2019-02-06,252.0,-13.3052%,-0.0019,1.0393,0.2082,-0.6557,1.7373%,2.2103%,38.2199%,-0.130444,EA,75828.0,2019-02-07,252.0,4.8498%,-0.0017,1.0251,0.1993,-0.64,1.7815%,2.2309%,36.2269%,0.060891,EA,75828.0,2019-02-08,252.0,16.0523%,-0.0011,0.9982,0.1579,-0.7802,2.0351%,2.4526%,31.1490%,0.154985,EA,75828.0,2019-02-11,252.0,-0.3689%,-0.0011,0.9812,0.1695,-0.7828,2.0336%,2.4303%,29.9812%,-0.004433,EA,75828.0,2019-02-12,252.0,5.2345%,-0.001,0.9868,0.1905,-0.7837,2.0420%,2.4426%,30.1133%,0.037536,EA,75828.0,2019-02-13,252.0,-0.0782%,-0.001,0.9869,0.1896,-0.7843,2.0420%,2.4412%,30.0255%,-0.003211,EA,75828.0,2019-02-14,252.0,2.9340%,-0.0009,0.9808,0.2043,-0.8008,2.0488%,2.4483%,29.9706%,0.025777,EA,75828.0,2019-02-15,252.0,1.5107%,-0.0009,0.985,0.209,-0.7928,2.0495%,2.4490%,29.9654%,0.007257,EA,75828.0,2019-02-19,252.0,-3.6316%,-0.0011,0.9758,0.1899,-0.8136,2.0613%,2.4554%,29.5273%,-0.036515,EA,75828.0,2019-02-20,252.0,-4.2055%,-0.0012,0.9652,0.1674,-0.8509,2.0756%,2.4693%,29.3421%,-0.039952,EA,75828.0,2019-02-21,252.0,-1.7946%,-0.0013,0.9717,0.1773,-0.8389,2.0771%,2.4716%,29.3731%,-0.016314,EA,-0.069553,0.085432,0.080999,0.115324,0.055577
26027,ELECTRONIC ARTS INC,Electronic Arts shares are trading lower after the company reported weaker-than-expected Q3 earnings missing the sales and lowered its yearly revenue guidance.,6,decrease,0.9,0.8,"the report of weaker-than-expected earnings and a lowered revenue guidance typically leads to negative investor sentiment, resulting in a decrease in stock price.",0,2019-02-06,EA,2019-02-06 13:23:00+00:00,75828.0,28551210,-0.1330522894859314,30180266.0,0.0484976880252361,0.0462512299418449,0.1605231910943985,-0.0305854082107543,-0.0036885309964418,-0.011058073490858,0.0523447543382644,0.0337329879403114,-0.0007818022859282,0.0228107012808322,0.0293398536741733,-0.0357024781405925,0.0151068540289998,-0.0138434348627924,-0.0363159626722335,0.0028420910239219,-0.0420551858842372,0.0263660512864589,-0.0179458241909742,-0.0238747168332338,-0.0097047537565231,-0.013078243471682,-0.0006254957988858,0.0359422154724597,0.0275401566177606,-0.0067838146351277,-0.0067005446180701,0.0048050098121166,-0.0210547596216201,0.0102731548249721,0.0170182175934314,-0.0233737062662839,-0.0012319345260038,-0.0034062759950757,-0.0161373186856508,0.0236193723976612,-0.0099248280748724,-0.001235598581843,0.0484330914914608,0.016326067969203,-0.0100644119083881,0.0375503227114677,0.0069133825600147,0.0725447759032249,-0.0045436648651957,-0.0206545181572437,0.0156202549114823,0.0185020789504051,-0.0129830762743949,-0.0049180248752236,0.0015177731402218,-0.0016366266645491,0.0068700774572789,0.019771484658122,-0.0215733647346496,0.0424250289797782,-0.0049226065166294,-0.0241608787328004,0.0809027999639511,-0.0112345395609736,-0.0242181625217199,-0.0117406602948904,-0.0059604551643133,-0.0204999931156635,0.0057996297255158,0.0097184982150793,-0.0161258950829505,-0.0116018000990152,0.0151981599628925,-0.0086569003760814,-0.0055772964842617,-0.0256657097488641,0.0102332085371017,-0.0053931516595184,-0.0178241152316331,-0.0034635243937373,-0.0068424716591835,0.0146631943061947,-0.0220668893307447,-0.016213646158576,0.0152133740484714,0.0332593843340873,-0.0148848770186305,-0.0335714258253574,0.0030628184322267,-0.0008326358511112,0.0140457740053534,-0.0268549565225839,0.0095353266224265,0.0057042823173105,0.0124279176816344,0.0101128946989774,-0.0390847809612751,0.0012951914686709,-0.0410832576453685,0.0273376330733299,-0.0200362876057624,-0.0160675849765539,0.0129418428987264,0.0120452903211116,-0.0066566755995154,-0.0002408992295386,0.0228058863431215,-0.0340816602110862,-0.0050723422318696,-0.0258356798440218,-0.0124269584193825,0.0290344897657632,0.0160249285399913,-0.0186519883573055,0.0027522190939635,-0.0030801307875663,-0.0008445247076451,-0.0138372788205742,0.002218690700829,-0.0530521273612976,-0.0048492420464754,0.000746265402995,-0.0201271343976259,0.017022656276822,0.0484976880252361,0.0462512299418449,0.2168058827621461,0.0142512089830697,0.2123176565469251,0.0030355445759433,0.274778721766816,0.0605226835673515,0.2075801249017563,0.0132515511523134,0.3075676158049671,0.1947313294441937,0.1532228043290036,0.0031442416001885,2019-02-07,2019-02-08,2019-02-11,2019-02-12,2019-02-13,2019-02-14,2019-02-15,2019-02-19,2019-02-20,2019-02-21,75828.0,2019-02-06,252.0,-13.3052%,-0.0019,1.0393,0.2082,-0.6557,1.7373%,2.2103%,38.2199%,-0.130444,EA,75828.0,2019-02-07,252.0,4.8498%,-0.0017,1.0251,0.1993,-0.64,1.7815%,2.2309%,36.2269%,0.060891,EA,75828.0,2019-02-08,252.0,16.0523%,-0.0011,0.9982,0.1579,-0.7802,2.0351%,2.4526%,31.1490%,0.154985,EA,75828.0,2019-02-11,252.0,-0.3689%,-0.0011,0.9812,0.1695,-0.7828,2.0336%,2.4303%,29.9812%,-0.004433,EA,75828.0,2019-02-12,252.0,5.2345%,-0.001,0.9868,0.1905,-0.7837,2.0420%,2.4426%,30.1133%,0.037536,EA,75828.0,2019-02-13,252.0,-0.0782%,-0.001,0.9869,0.1896,-0.7843,2.0420%,2.4412%,30.0255%,-0.003211,EA,75828.0,2019-02-14,252.0,2.9340%,-0.0009,0.9808,0.2043,-0.8008,2.0488%,2.4483%,29.9706%,0.025777,EA,75828.0,2019-02-15,252.0,1.5107%,-0.0009,0.985,0.209,-0.7928,2.0495%,2.4490%,29.9654%,0.007257,EA,75828.0,2019-02-19,252.0,-3.6316%,-0.0011,0.9758,0.1899,-0.8136,2.0613%,2.4554%,29.5273%,-0.036515,EA,75828.0,2019-02-20,252.0,-4.2055%,-0.0012,0.9652,0.1674,-0.8509,2.0756%,2.4693%,29.3421%,-0.039952,EA,75828.0,2019-02-21,252.0,-1.7946%,-0.0013,0.9717,0.1773,-0.8389,2.0771%,2.4716%,29.3731%,-0.016314,EA,-0.069553,0.085432,0.080999,0.115324,0.055577
26035,EBAY INC,"Guggenheim Downgrades PayPal On Likely Headwinds From Brexit, Payments Competition",6,decrease,0.7,0.6,"the downgrade of paypal, a major competitor in the payments space, suggests potential challenges for ebay, which could negatively impact investor sentiment and lead to a decrease in ebay's stock price.",0,2019-02-06,EBAY,2019-02-06 15:33:00+00:00,86356.0,27864210,0.0042456183582544,11305952.0,-0.0064825126901268,0.0079886615276336,0.000283640314592,0.0215679928660392,0.0093590999022126,0.0196136645972728,0.0168586242944002,-0.0126173794269561,0.0019342276500537,0.0115762306377291,0.0016547539271414,-0.0097002303227782,0.0071586491540074,0.0088967746123671,0.0128484796732664,0.032771810889244,-0.0083670057356357,0.0012266456615179,0.0065323314629495,-0.0088146170601248,0.0137912966310977,0.0612903721630573,-0.004001107532531,0.0204081907868385,0.0010712618241086,0.0029712195973843,0.0053504751995205,-0.0123899299651384,-0.0077168783172965,0.0152267795056104,0.00538349756971,-0.0065768091008067,-0.0026773354038596,-0.0052338843233883,-0.0034899616148322,0.0092439344152808,-0.0083512272685766,0.0096666971221566,-0.0162999797612428,0.017984414473176,-0.008837329223752,0.0172592345625162,0.0100306663662195,0.0229519642889499,0.000827552517876,-0.0183709077537059,0.0049614198505878,0.0277876984328031,-0.0030170218087732,-0.0060198325663805,-0.0013754948740825,0.0074919401668012,-0.00082641269546,0.0064632063731551,0.0165425557643175,0.0654170215129852,-0.0046107452362775,-0.0165538191795349,0.0136239780113101,-0.0503751300275325,-0.0147849256172776,-0.0109540447592735,0.0019099506316706,-0.0070175705477595,0.0049019688740372,0.0007022632635198,-0.0018970106029883,-0.0148737570270896,-0.0013576716883108,-0.0037905103527009,0.0097879450768232,-0.00068872096017,0.0145396050065755,-0.0003441763110458,0.0063693700358271,0.0024154484272003,0.0018460842547938,-0.0027529224753379,0.0015792986378073,-0.0139124486595392,-0.005519030150026,0.007177002262324,-0.0007927795522846,-0.031125845387578,-0.0015869180206209,0.0117253055796027,-0.0007946696714498,0.0111788585782051,-0.0371156260371208,-0.0080645084381103,-0.0041299979202449,0.035490620881319,0.0016588713042438,-0.0020833148155361,0.004416225478053,0.0126581816002726,-0.0115415826439857,0.0035285949707031,0.0002779627684503,0.0063920561224222,0.004724902100861,0.0071531031280756,0.0143844159319996,-0.0056899627670645,0.0504500232636928,-0.0017749108374118,-0.0106438174843788,0.0100394655019044,0.0065599577501416,-0.0074733449146151,-0.0028675862122327,-0.029696088284254,0.0130718955770134,-0.0226122196763753,-0.0245161484926939,-0.0070375665090978,-0.0055555314756929,-0.0006698076613247,0.0183559097349643,-0.0030050133354961,-0.0064825126901268,0.0079886615276336,-0.0062007110774736,0.0297289537885101,0.0031003557503002,0.0499257121142187,0.0219841817362906,0.0486792293018822,0.0422773396100495,0.0738601866941122,0.0524292483209285,0.2622365830630353,0.0829835904011129,0.1796327450002759,2019-02-07,2019-02-08,2019-02-11,2019-02-12,2019-02-13,2019-02-14,2019-02-15,2019-02-19,2019-02-20,2019-02-21,86356.0,2019-02-06,252.0,0.4246%,-0.0008,0.945,0.3639,0.1534,1.4382%,1.7605%,33.2655%,0.0061709999999999,EBAY,86356.0,2019-02-07,252.0,-0.6483%,-0.0007,0.946,0.3613,0.1544,1.4382%,1.7597%,33.2024%,0.00208,EBAY,86356.0,2019-02-08,252.0,0.0284%,-0.0007,0.9456,0.3691,0.1578,1.4371%,1.7585%,33.2125%,0.000217,EBAY,86356.0,2019-02-11,252.0,0.9359%,-0.0007,0.9476,0.3751,0.1621,1.4376%,1.7491%,32.4473%,0.0051359999999999,EBAY,86356.0,2019-02-12,252.0,1.6859%,-0.0007,0.947,0.3793,0.161,1.4375%,1.7496%,32.4898%,0.004072,EBAY,86356.0,2019-02-13,252.0,0.1934%,-0.0007,0.9442,0.3837,0.1617,1.4370%,1.7466%,32.3047%,-0.001158,EBAY,86356.0,2019-02-14,252.0,0.1655%,-0.0007,0.9439,0.3857,0.1589,1.4366%,1.7465%,32.3355%,0.00248,EBAY,86356.0,2019-02-15,252.0,0.7159%,-0.0006,0.948,0.3889,0.1648,1.4359%,1.7465%,32.4082%,-0.005334,EBAY,86356.0,2019-02-19,252.0,1.2848%,-0.0006,0.9487,0.3968,0.1737,1.4370%,1.7463%,32.2869%,0.009325,EBAY,86356.0,2019-02-20,252.0,-0.8367%,-0.0007,0.9449,0.3857,0.1595,1.4383%,1.7463%,32.1659%,-0.012098,EBAY,86356.0,2019-02-21,252.0,0.6532%,-0.0007,0.9457,0.3898,0.1609,1.4388%,1.7468%,32.1574%,0.0105659999999999,EBAY,0.008251,0.008468,0.0136039999999999,0.0165179999999999,0.0214569999999999
26043,ELDORADO GOLD CORP NEW,"TD Securities Upgrades Eldorado Gold to Hold, Raises Price Target to $4.50",6,increase,0.7,0.6,"upgrading a stock to 'hold' and raising the price target typically signals positive sentiment, which can lead to an increase in the stock price.",2,2019-02-06,EGO,2019-02-06 13:19:00+00:00,89648.0,28490250,-0.0599520355463028,3677669.0,-0.0255102403461933,0.0556962080299854,0.0575916320085525,-0.0075376811437308,-0.0049504903145134,0.0613333396613597,-0.0124377990141511,0.2755101919174194,0.0075566680170595,0.0425532348453998,0.0025000572204589,0.0107526779174804,0.0423939116299152,0.0371746867895126,0.062201015651226,0.0074906293302774,-0.0202703047543764,0.0113636255264282,-0.0114941876381635,-0.0185873433947563,0.0209301561117172,0.0112781841307878,-0.0205010659992694,-0.0600706152617931,0.0,-0.0104895010590553,-0.0093023162335157,-0.0272109396755695,0.0211266838014125,0.0,-0.0344827808439731,-0.03921565040946,0.0071429074741899,0.0065789413638412,0.0070922481827437,-0.064615398645401,-0.0187794361263513,-0.0151515007019043,0.031100507825613,-0.0030211452394723,0.0348028056323528,0.0122324042022228,-0.0067265043035149,-0.0549133121967315,0.0677201375365257,0.0914826393127441,0.0084566511213779,0.1006944254040718,-0.0503144189715385,-0.0068965428508818,-0.0066225626505911,-0.0169491376727819,-0.0244444739073514,-0.0145315071567893,0.0296127833425998,0.0068953330628573,0.042035412043333,-0.001175872515887,-0.0339702442288398,-0.0266513470560312,0.0153845474123954,0.009574132040143,0.0649351105093956,-0.0712862610816955,0.0223577506840229,0.0160435829311609,-0.0178926736116409,0.1116883754730225,-0.0485830456018447,-0.0128205008804798,-0.014893552288413,-0.0564516559243202,-0.0453563779592514,0.0125755779445171,0.0067872698418796,0.0037704333662986,0.0314607508480548,0.0,0.0152504779398441,0.0701754763722419,-0.0171673670411109,0.0,0.0131004247814416,-0.0088680433109402,0.0193965844810009,0.013392087072134,-0.010570865124464,0.0044247745536267,-0.0256410017609596,-0.0462525598704814,-0.0109648499637842,0.0213793646544218,-0.006651930976659,-0.0139408195391297,-0.0468750074505806,-0.030652679502964,0.0117096463218331,-0.0368253588676452,-0.0092592500150203,0.0260585863143205,-0.0303738564252853,-0.0199520960450172,-0.0024096935521811,-0.0200218651443719,0.0048309136182069,0.0240268874913454,-0.0096153756603598,0.0303680710494518,0.0461165197193622,-0.0117436023429036,-0.0324825681746006,-0.0111290523782372,-0.0023981363046914,-0.0583232007920742,-0.0120191620662808,-0.0594285577535629,0.0,-0.0395170301198959,-0.1678832173347473,-0.0016438633901998,-0.0255102403461933,0.0556962080299854,0.0306122152878915,0.0477387066292096,0.0255101794980896,0.1120000205992528,0.0204081439962326,0.4787234790405266,0.0969388030823557,0.5501858840742484,0.160714311856454,0.3636363551636863,-0.127551012666108,0.1424656766570937,2019-02-07,2019-02-08,2019-02-11,2019-02-12,2019-02-13,2019-02-14,2019-02-15,2019-02-19,2019-02-20,2019-02-21,89648.0,2019-02-06,252.0,-5.9952%,-0.001,0.4775,1.2775,0.6576,3.9785%,4.0495%,3.4773%,-0.059397,EGO,89648.0,2019-02-07,252.0,-2.5510%,-0.0009,0.5014,1.256,0.6552,3.9756%,4.0476%,3.5277%,-0.0220739999999999,EGO,89648.0,2019-02-08,252.0,5.7592%,-0.0008,0.4911,1.2309,0.5952,3.9939%,4.0629%,3.3673%,0.060933,EGO,89648.0,2019-02-11,252.0,-0.4950%,-0.0009,0.5179,1.1858,0.5849,3.9923%,4.0615%,3.3793%,-0.015231,EGO,89648.0,2019-02-12,252.0,-1.2438%,-0.0007,0.5517,1.1295,0.6122,3.9666%,4.0364%,3.4275%,-0.018824,EGO,89648.0,2019-02-13,252.0,0.7557%,-0.0007,0.5444,1.1441,0.6161,3.9652%,4.0351%,3.4345%,0.004806,EGO,89648.0,2019-02-14,252.0,0.2500%,-0.0006,0.5457,1.146,0.611,3.9617%,4.0320%,3.4561%,0.001168,EGO,89648.0,2019-02-15,252.0,4.2394%,-0.0005,0.5556,1.1582,0.6314,3.9656%,4.0374%,3.5251%,0.030329,EGO,89648.0,2019-02-19,252.0,6.2201%,-0.0003,0.5673,1.1925,0.6689,3.9814%,4.0567%,3.6776%,0.055793,EGO,89648.0,2019-02-20,252.0,-2.0270%,-0.0003,0.5634,1.2013,0.6597,3.9772%,4.0529%,3.6994%,-0.027751,EGO,89648.0,2019-02-21,252.0,-1.1494%,-0.0002,0.5588,1.1903,0.6513,3.9760%,4.0501%,3.6247%,-0.0071509999999999,EGO,-0.081471,-0.020538,-0.035769,-0.049787,0.002601
26051,EASTGROUP PROPERTIES INC,"EastGroup Properties Sees Q1 EPS $0.51-$.53 vs $0.52 Est., FFO $1.17-$1.19/Share",6,uncertain,0.6,0.2,"while the eps is in line with estimates, the ffo range is slightly below expectations, leading to uncertainty about the stock's immediate reaction.",1,2019-02-06,EGP,2019-02-06 21:43:00+00:00,85082.0,27727610,-0.000849655130878,153019.0,0.0096372291445732,0.0031250172760337,0.0067377989180386,0.01940343901515,0.0023238519206643,0.001256497693248,-0.0113141164183616,0.0074982629157602,-0.0021574276033788,0.0096352705731987,0.0093063125386834,0.0111343348398804,0.002328397007659,0.0091291740536689,-0.0044601685367524,0.0172466821968555,-0.0118536185473203,-0.0062874224968254,-0.003683757269755,0.0095208873972296,0.0110921328887343,0.004938306286931,-0.0034693176858127,-0.0073529537767171,-0.0035754351411014,0.0113612730056047,-0.0073654274456202,0.0143530936911702,0.0051369946449995,0.0155335580930113,0.0039749965071678,-0.0104233045130968,0.0059388880617916,0.0095663424581289,0.0010308369528502,0.007064907811582,-0.0023403856903314,-0.0004280003777239,-0.0056300880387425,0.0278235878795385,0.0085872989147901,0.0036424044519662,0.0193675123155117,0.0205001085996627,0.0018357465742155,0.0010147292632609,0.0018323127878829,-0.0331407487392425,0.0076817921362817,0.0096863498911261,0.0074416887946426,-0.0041326638311147,-0.0114404493942856,0.0011977418325841,-0.0122106466442346,0.0336521975696086,0.0061807949095964,-0.0413250103592872,0.0176033563911914,-0.0248316563665866,-0.0098206717520952,-0.0092775914818048,0.0003639755595941,-0.0191206820309162,0.0116427028551697,0.0072091100737452,0.0045855254866182,-0.026956632733345,0.0115456879138946,-0.0010010859696194,-0.0058771474286913,0.0079717552289366,0.0012540253810584,-0.0170601196587085,0.0061728614382445,0.0021868909243494,-0.0020450195297598,0.0016927031101658,-0.0039201248437166,-0.0123906191438436,0.0008944406872615,0.0272755287587642,-0.0062556262128055,-0.0228036046028137,-8.987866021925583e-05,0.0127975046634674,0.0177174303680658,-0.0020952480845153,0.0028278515674173,0.0005990335484966,0.0019386110361665,0.0125340931117534,-0.0087071051821112,0.0036522329319268,-0.0258184373378753,-0.0058497409336268,-0.005646654870361,-0.0019125711405649,0.013830391690135,0.0087326662614941,-0.0112025067210197,-0.0089564193040132,0.0190955139696598,-0.00440832413733,0.012820515781641,0.0195096638053655,-0.000442622374976,-0.0068979538045823,8.8577187852934e-05,0.0003044016193598,0.0002656404685694,-0.0012161256745457,0.0121282115578651,-0.0020229045767337,0.0058602131903171,-0.0068307411856949,-0.0202608853578567,-0.0024050292558968,0.0079879434779286,0.0154676334932446,0.0096372291445732,0.0031250172760337,0.016439961774715,0.0225890923733207,0.0188020177321253,0.0238739732090285,0.0051020498336062,0.0414905248513524,-0.0034012944808691,0.0844594582839277,0.048658367368614,0.1234165616713278,0.0799144572792087,0.0864914493955162,2019-02-07,2019-02-08,2019-02-11,2019-02-12,2019-02-13,2019-02-14,2019-02-15,2019-02-19,2019-02-20,2019-02-21,85082.0,2019-02-06,252.0,-0.0850%,0.001,0.4954,-0.0209,-0.0395,1.0732%,1.2070%,20.9353%,0.000224,EGP,85082.0,2019-02-07,252.0,0.9637%,0.0012,0.5035,-0.0371,-0.0345,1.0690%,1.2060%,21.4202%,0.014271,EGP,85082.0,2019-02-08,252.0,0.6738%,0.0012,0.5027,-0.0385,-0.0389,1.0694%,1.2064%,21.4132%,0.005965,EGP,85082.0,2019-02-11,252.0,0.2324%,0.0013,0.4838,-0.0196,-0.0386,1.0654%,1.1878%,19.5456%,0.0018629999999999,EGP,85082.0,2019-02-12,252.0,-1.1314%,0.0011,0.4622,-0.0061,-0.052,1.0650%,1.1792%,18.4274%,-0.018056,EGP,85082.0,2019-02-13,252.0,-0.2157%,0.0011,0.4664,-0.0151,-0.0547,1.0633%,1.1791%,18.6786%,-0.003512,EGP,85082.0,2019-02-14,252.0,0.9306%,0.0011,0.4641,-0.0104,-0.0593,1.0644%,1.1797%,18.5814%,0.009947,EGP,85082.0,2019-02-15,252.0,0.2328%,0.0012,0.4704,-0.0052,-0.0496,1.0626%,1.1794%,18.8332%,-0.002705,EGP,85082.0,2019-02-19,252.0,-0.4460%,0.0011,0.4655,-0.004,-0.0479,1.0608%,1.1748%,18.4640%,-0.00529,EGP,85082.0,2019-02-20,252.0,-1.1854%,0.001,0.4615,-0.0133,-0.062,1.0642%,1.1777%,18.3376%,-0.0125659999999999,EGP,85082.0,2019-02-21,252.0,-0.3684%,0.0011,0.4582,-0.0209,-0.0681,1.0620%,1.1747%,18.2686%,-0.002228,EGP,0.014495,0.02046,0.022323,0.000755,-0.012087
26059,EASTGROUP PROPERTIES INC,"EastGroup Properties Q4 EPS $0.51 Misses $0.54 Estimate, Sales $77.978M Beat $76.56M Estimate, FFO $1.18, Up From $1.14 YoY",6,uncertain,0.6,0.3,"while the sales beat expectations, the earnings per share (eps) miss could lead to mixed reactions from investors, making the overall impact on the stock price uncertain.",1,2019-02-06,EGP,2019-02-06 21:42:00+00:00,85082.0,27727610,-0.000849655130878,153019.0,0.0096372291445732,0.0031250172760337,0.0067377989180386,0.01940343901515,0.0023238519206643,0.001256497693248,-0.0113141164183616,0.0074982629157602,-0.0021574276033788,0.0096352705731987,0.0093063125386834,0.0111343348398804,0.002328397007659,0.0091291740536689,-0.0044601685367524,0.0172466821968555,-0.0118536185473203,-0.0062874224968254,-0.003683757269755,0.0095208873972296,0.0110921328887343,0.004938306286931,-0.0034693176858127,-0.0073529537767171,-0.0035754351411014,0.0113612730056047,-0.0073654274456202,0.0143530936911702,0.0051369946449995,0.0155335580930113,0.0039749965071678,-0.0104233045130968,0.0059388880617916,0.0095663424581289,0.0010308369528502,0.007064907811582,-0.0023403856903314,-0.0004280003777239,-0.0056300880387425,0.0278235878795385,0.0085872989147901,0.0036424044519662,0.0193675123155117,0.0205001085996627,0.0018357465742155,0.0010147292632609,0.0018323127878829,-0.0331407487392425,0.0076817921362817,0.0096863498911261,0.0074416887946426,-0.0041326638311147,-0.0114404493942856,0.0011977418325841,-0.0122106466442346,0.0336521975696086,0.0061807949095964,-0.0413250103592872,0.0176033563911914,-0.0248316563665866,-0.0098206717520952,-0.0092775914818048,0.0003639755595941,-0.0191206820309162,0.0116427028551697,0.0072091100737452,0.0045855254866182,-0.026956632733345,0.0115456879138946,-0.0010010859696194,-0.0058771474286913,0.0079717552289366,0.0012540253810584,-0.0170601196587085,0.0061728614382445,0.0021868909243494,-0.0020450195297598,0.0016927031101658,-0.0039201248437166,-0.0123906191438436,0.0008944406872615,0.0272755287587642,-0.0062556262128055,-0.0228036046028137,-8.987866021925583e-05,0.0127975046634674,0.0177174303680658,-0.0020952480845153,0.0028278515674173,0.0005990335484966,0.0019386110361665,0.0125340931117534,-0.0087071051821112,0.0036522329319268,-0.0258184373378753,-0.0058497409336268,-0.005646654870361,-0.0019125711405649,0.013830391690135,0.0087326662614941,-0.0112025067210197,-0.0089564193040132,0.0190955139696598,-0.00440832413733,0.012820515781641,0.0195096638053655,-0.000442622374976,-0.0068979538045823,8.8577187852934e-05,0.0003044016193598,0.0002656404685694,-0.0012161256745457,0.0121282115578651,-0.0020229045767337,0.0058602131903171,-0.0068307411856949,-0.0202608853578567,-0.0024050292558968,0.0079879434779286,0.0154676334932446,0.0096372291445732,0.0031250172760337,0.016439961774715,0.0225890923733207,0.0188020177321253,0.0238739732090285,0.0051020498336062,0.0414905248513524,-0.0034012944808691,0.0844594582839277,0.048658367368614,0.1234165616713278,0.0799144572792087,0.0864914493955162,2019-02-07,2019-02-08,2019-02-11,2019-02-12,2019-02-13,2019-02-14,2019-02-15,2019-02-19,2019-02-20,2019-02-21,85082.0,2019-02-06,252.0,-0.0850%,0.001,0.4954,-0.0209,-0.0395,1.0732%,1.2070%,20.9353%,0.000224,EGP,85082.0,2019-02-07,252.0,0.9637%,0.0012,0.5035,-0.0371,-0.0345,1.0690%,1.2060%,21.4202%,0.014271,EGP,85082.0,2019-02-08,252.0,0.6738%,0.0012,0.5027,-0.0385,-0.0389,1.0694%,1.2064%,21.4132%,0.005965,EGP,85082.0,2019-02-11,252.0,0.2324%,0.0013,0.4838,-0.0196,-0.0386,1.0654%,1.1878%,19.5456%,0.0018629999999999,EGP,85082.0,2019-02-12,252.0,-1.1314%,0.0011,0.4622,-0.0061,-0.052,1.0650%,1.1792%,18.4274%,-0.018056,EGP,85082.0,2019-02-13,252.0,-0.2157%,0.0011,0.4664,-0.0151,-0.0547,1.0633%,1.1791%,18.6786%,-0.003512,EGP,85082.0,2019-02-14,252.0,0.9306%,0.0011,0.4641,-0.0104,-0.0593,1.0644%,1.1797%,18.5814%,0.009947,EGP,85082.0,2019-02-15,252.0,0.2328%,0.0012,0.4704,-0.0052,-0.0496,1.0626%,1.1794%,18.8332%,-0.002705,EGP,85082.0,2019-02-19,252.0,-0.4460%,0.0011,0.4655,-0.004,-0.0479,1.0608%,1.1748%,18.4640%,-0.00529,EGP,85082.0,2019-02-20,252.0,-1.1854%,0.001,0.4615,-0.0133,-0.062,1.0642%,1.1777%,18.3376%,-0.0125659999999999,EGP,85082.0,2019-02-21,252.0,-0.3684%,0.0011,0.4582,-0.0209,-0.0681,1.0620%,1.1747%,18.2686%,-0.002228,EGP,0.014495,0.02046,0.022323,0.000755,-0.012087
26067,LAUDER ESTEE COS INC,"Estee Lauder: Analysts Mostly Bullish On Q2 Results, Despite Weak Guidance",6,uncertain,0.7,0.3,"while analysts are mostly bullish on the q2 results, the weak guidance may create uncertainty among investors, leading to mixed reactions in the stock price.",1,2019-02-06,EL,2019-02-06 20:57:00+00:00,82642.0,51843910,-0.0116432327777147,3704969.0,0.0137104662135243,0.1163986623287201,0.0157573968172073,-0.0040228427387773,-0.006593007594347,0.002199113368988,-0.005010113120079,0.015180779621005,0.0148443914949894,0.0305215585976839,-0.0116631062701344,-0.0119715249165892,0.0106271328404545,0.030530085787177,0.0025159628130495,0.0226783026009798,0.0081724859774112,-0.0130821662023663,-0.0008935941150411,0.0089853471145033,0.0156519319862127,-0.0139563959091901,-0.0108189787715673,0.0168221369385719,-0.0052142445929348,0.0020771920680999,0.0066479197703301,0.0007195101934485,-0.0007004177314229,0.0013609651941806,-0.0001274644600925,-0.008178487420082,-0.0040148156695067,0.0051077362149953,-0.0019834768027067,-0.0197919011116027,-0.0134632065892219,-0.0369170047342777,0.0098777553066611,0.0093535799533128,0.0041184001602232,0.0121613442897796,0.0094206696376204,0.0337364561855793,0.0108564961701631,-0.047445822507143,0.0013817435828968,0.0141429379582405,0.003449592506513,0.0119789093732833,0.0171885732561349,0.0013240764383226,0.0022121211513876,0.0117415115237236,-0.0147149544209241,0.0362567566335201,-0.0062849689275026,-0.0267048217356205,0.0131504219025373,0.0072852135635912,-0.014154109172523,-0.0282401572912931,0.0030093775130808,-0.0180290360003709,0.0114389415830373,0.0046046879142522,0.006736272946,-0.0360999405384063,0.0093309041112661,-0.035324428230524,0.0068726730532944,0.0100916111841797,-0.0047115599736571,-0.0027316862251609,-0.0094070704653859,0.0081896279007196,0.0064942869357764,0.0062718833796679,-0.0073654213920235,-0.0302001852542161,0.0026368594262748,-0.018738267943263,0.0080734388902783,-0.0560759752988815,-0.0058852154761552,0.0700265690684318,0.0162953808903694,0.0081979054957628,0.0091279661282897,0.0123395370319485,-0.003094436135143,0.0015000459970906,-0.002507152268663,-0.0066698873415589,0.0163973085582256,0.0058524878695607,-0.001825232990086,-0.0039809308946132,0.0047189467586576,-0.0095057459548115,-0.0024071135558187,-0.0059494008310139,0.007003310136497,-0.007985065691173,-0.0040325080044567,-0.0057300780899822,-0.0001760285085765,6.910912634339184e-05,0.0123833594843745,0.0101122595369815,-0.0002318451297469,0.0162295754998922,-0.0037690429016947,0.0062041673809289,-0.0087887467816472,-0.0103042321279645,-0.0002936174569185,-0.0045664878562092,0.0245520863682031,-0.0004213311767671,0.0137104662135243,0.11639866232872,0.029683904287407,0.1119075660763901,0.0228951904866634,0.1143527768700276,0.0328785516947256,0.1657976297644878,0.0417969973681249,0.2088104410376685,0.0797535518079053,0.2170362613990901,0.164110340297813,0.0708004185466719,2019-02-07,2019-02-08,2019-02-11,2019-02-12,2019-02-13,2019-02-14,2019-02-15,2019-02-19,2019-02-20,2019-02-21,82642.0,2019-02-06,252.0,-1.1643%,0.0003,0.8934,-0.1124,-0.2468,1.5370%,1.8596%,31.6893%,-0.009699,EL,82642.0,2019-02-07,252.0,1.3710%,0.0004,0.8845,-0.1107,-0.2418,1.5430%,1.8566%,30.9304%,0.022735,EL,82642.0,2019-02-08,252.0,1.5757%,0.0005,0.8819,-0.1006,-0.2462,1.5425%,1.8552%,30.8738%,0.013248,EL,82642.0,2019-02-11,252.0,-0.6593%,0.0004,0.8936,-0.1216,-0.2513,1.5418%,1.8491%,30.4807%,-0.006697,EL,82642.0,2019-02-12,252.0,-0.5010%,0.0003,0.8769,-0.1135,-0.2613,1.5440%,1.8431%,29.8266%,-0.017666,EL,82642.0,2019-02-13,252.0,1.4844%,0.0004,0.8772,-0.109,-0.2575,1.5458%,1.8424%,29.6121%,0.01254,EL,82642.0,2019-02-14,252.0,-1.1663%,0.0003,0.8799,-0.1151,-0.2509,1.5474%,1.8440%,29.5864%,-0.010848,EL,82642.0,2019-02-15,252.0,1.0627%,0.0003,0.8778,-0.1169,-0.2541,1.5472%,1.8425%,29.4824%,0.002076,EL,82642.0,2019-02-19,252.0,0.2516%,0.0004,0.8823,-0.1219,-0.2602,1.5449%,1.8425%,29.6964%,0.001849,EL,82642.0,2019-02-20,252.0,0.8172%,0.0004,0.8835,-0.1237,-0.2571,1.5443%,1.8421%,29.7225%,0.008095,EL,82642.0,2019-02-21,252.0,-0.0894%,0.0004,0.8803,-0.1299,-0.263,1.5435%,1.8404%,29.6670%,0.001597,EL,0.0130359999999999,0.026284,0.019587,0.014461,0.01723
26075,LAUDER ESTEE COS INC,The Estee Lauder Cos shares are trading lower after Berenberg downgraded the company's stock from Buy to Hold.,6,decrease,0.8,0.7,"a downgrade from buy to hold typically signals reduced investor confidence, which is likely to lead to a decrease in the stock price.",0,2019-02-06,EL,2019-02-06 15:18:00+00:00,82642.0,51843910,-0.0116432327777147,3704969.0,0.0137104662135243,0.1163986623287201,0.0157573968172073,-0.0040228427387773,-0.006593007594347,0.002199113368988,-0.005010113120079,0.015180779621005,0.0148443914949894,0.0305215585976839,-0.0116631062701344,-0.0119715249165892,0.0106271328404545,0.030530085787177,0.0025159628130495,0.0226783026009798,0.0081724859774112,-0.0130821662023663,-0.0008935941150411,0.0089853471145033,0.0156519319862127,-0.0139563959091901,-0.0108189787715673,0.0168221369385719,-0.0052142445929348,0.0020771920680999,0.0066479197703301,0.0007195101934485,-0.0007004177314229,0.0013609651941806,-0.0001274644600925,-0.008178487420082,-0.0040148156695067,0.0051077362149953,-0.0019834768027067,-0.0197919011116027,-0.0134632065892219,-0.0369170047342777,0.0098777553066611,0.0093535799533128,0.0041184001602232,0.0121613442897796,0.0094206696376204,0.0337364561855793,0.0108564961701631,-0.047445822507143,0.0013817435828968,0.0141429379582405,0.003449592506513,0.0119789093732833,0.0171885732561349,0.0013240764383226,0.0022121211513876,0.0117415115237236,-0.0147149544209241,0.0362567566335201,-0.0062849689275026,-0.0267048217356205,0.0131504219025373,0.0072852135635912,-0.014154109172523,-0.0282401572912931,0.0030093775130808,-0.0180290360003709,0.0114389415830373,0.0046046879142522,0.006736272946,-0.0360999405384063,0.0093309041112661,-0.035324428230524,0.0068726730532944,0.0100916111841797,-0.0047115599736571,-0.0027316862251609,-0.0094070704653859,0.0081896279007196,0.0064942869357764,0.0062718833796679,-0.0073654213920235,-0.0302001852542161,0.0026368594262748,-0.018738267943263,0.0080734388902783,-0.0560759752988815,-0.0058852154761552,0.0700265690684318,0.0162953808903694,0.0081979054957628,0.0091279661282897,0.0123395370319485,-0.003094436135143,0.0015000459970906,-0.002507152268663,-0.0066698873415589,0.0163973085582256,0.0058524878695607,-0.001825232990086,-0.0039809308946132,0.0047189467586576,-0.0095057459548115,-0.0024071135558187,-0.0059494008310139,0.007003310136497,-0.007985065691173,-0.0040325080044567,-0.0057300780899822,-0.0001760285085765,6.910912634339184e-05,0.0123833594843745,0.0101122595369815,-0.0002318451297469,0.0162295754998922,-0.0037690429016947,0.0062041673809289,-0.0087887467816472,-0.0103042321279645,-0.0002936174569185,-0.0045664878562092,0.0245520863682031,-0.0004213311767671,0.0137104662135243,0.11639866232872,0.029683904287407,0.1119075660763901,0.0228951904866634,0.1143527768700276,0.0328785516947256,0.1657976297644878,0.0417969973681249,0.2088104410376685,0.0797535518079053,0.2170362613990901,0.164110340297813,0.0708004185466719,2019-02-07,2019-02-08,2019-02-11,2019-02-12,2019-02-13,2019-02-14,2019-02-15,2019-02-19,2019-02-20,2019-02-21,82642.0,2019-02-06,252.0,-1.1643%,0.0003,0.8934,-0.1124,-0.2468,1.5370%,1.8596%,31.6893%,-0.009699,EL,82642.0,2019-02-07,252.0,1.3710%,0.0004,0.8845,-0.1107,-0.2418,1.5430%,1.8566%,30.9304%,0.022735,EL,82642.0,2019-02-08,252.0,1.5757%,0.0005,0.8819,-0.1006,-0.2462,1.5425%,1.8552%,30.8738%,0.013248,EL,82642.0,2019-02-11,252.0,-0.6593%,0.0004,0.8936,-0.1216,-0.2513,1.5418%,1.8491%,30.4807%,-0.006697,EL,82642.0,2019-02-12,252.0,-0.5010%,0.0003,0.8769,-0.1135,-0.2613,1.5440%,1.8431%,29.8266%,-0.017666,EL,82642.0,2019-02-13,252.0,1.4844%,0.0004,0.8772,-0.109,-0.2575,1.5458%,1.8424%,29.6121%,0.01254,EL,82642.0,2019-02-14,252.0,-1.1663%,0.0003,0.8799,-0.1151,-0.2509,1.5474%,1.8440%,29.5864%,-0.010848,EL,82642.0,2019-02-15,252.0,1.0627%,0.0003,0.8778,-0.1169,-0.2541,1.5472%,1.8425%,29.4824%,0.002076,EL,82642.0,2019-02-19,252.0,0.2516%,0.0004,0.8823,-0.1219,-0.2602,1.5449%,1.8425%,29.6964%,0.001849,EL,82642.0,2019-02-20,252.0,0.8172%,0.0004,0.8835,-0.1237,-0.2571,1.5443%,1.8421%,29.7225%,0.008095,EL,82642.0,2019-02-21,252.0,-0.0894%,0.0004,0.8803,-0.1299,-0.263,1.5435%,1.8404%,29.6670%,0.001597,EL,0.0130359999999999,0.026284,0.019587,0.014461,0.01723
26083,LAUDER ESTEE COS INC,"BMO Capital Maintains Market Perform on The Estee Lauder Cos, Raises Price Target to $155",6,increase,0.7,0.6,"maintaining a 'market perform' rating while raising the price target suggests a positive outlook for the stock, which could lead to an increase in its price.",2,2019-02-06,EL,2019-02-06 13:14:00+00:00,82642.0,51843910,-0.0116432327777147,3704969.0,0.0137104662135243,0.1163986623287201,0.0157573968172073,-0.0040228427387773,-0.006593007594347,0.002199113368988,-0.005010113120079,0.015180779621005,0.0148443914949894,0.0305215585976839,-0.0116631062701344,-0.0119715249165892,0.0106271328404545,0.030530085787177,0.0025159628130495,0.0226783026009798,0.0081724859774112,-0.0130821662023663,-0.0008935941150411,0.0089853471145033,0.0156519319862127,-0.0139563959091901,-0.0108189787715673,0.0168221369385719,-0.0052142445929348,0.0020771920680999,0.0066479197703301,0.0007195101934485,-0.0007004177314229,0.0013609651941806,-0.0001274644600925,-0.008178487420082,-0.0040148156695067,0.0051077362149953,-0.0019834768027067,-0.0197919011116027,-0.0134632065892219,-0.0369170047342777,0.0098777553066611,0.0093535799533128,0.0041184001602232,0.0121613442897796,0.0094206696376204,0.0337364561855793,0.0108564961701631,-0.047445822507143,0.0013817435828968,0.0141429379582405,0.003449592506513,0.0119789093732833,0.0171885732561349,0.0013240764383226,0.0022121211513876,0.0117415115237236,-0.0147149544209241,0.0362567566335201,-0.0062849689275026,-0.0267048217356205,0.0131504219025373,0.0072852135635912,-0.014154109172523,-0.0282401572912931,0.0030093775130808,-0.0180290360003709,0.0114389415830373,0.0046046879142522,0.006736272946,-0.0360999405384063,0.0093309041112661,-0.035324428230524,0.0068726730532944,0.0100916111841797,-0.0047115599736571,-0.0027316862251609,-0.0094070704653859,0.0081896279007196,0.0064942869357764,0.0062718833796679,-0.0073654213920235,-0.0302001852542161,0.0026368594262748,-0.018738267943263,0.0080734388902783,-0.0560759752988815,-0.0058852154761552,0.0700265690684318,0.0162953808903694,0.0081979054957628,0.0091279661282897,0.0123395370319485,-0.003094436135143,0.0015000459970906,-0.002507152268663,-0.0066698873415589,0.0163973085582256,0.0058524878695607,-0.001825232990086,-0.0039809308946132,0.0047189467586576,-0.0095057459548115,-0.0024071135558187,-0.0059494008310139,0.007003310136497,-0.007985065691173,-0.0040325080044567,-0.0057300780899822,-0.0001760285085765,6.910912634339184e-05,0.0123833594843745,0.0101122595369815,-0.0002318451297469,0.0162295754998922,-0.0037690429016947,0.0062041673809289,-0.0087887467816472,-0.0103042321279645,-0.0002936174569185,-0.0045664878562092,0.0245520863682031,-0.0004213311767671,0.0137104662135243,0.11639866232872,0.029683904287407,0.1119075660763901,0.0228951904866634,0.1143527768700276,0.0328785516947256,0.1657976297644878,0.0417969973681249,0.2088104410376685,0.0797535518079053,0.2170362613990901,0.164110340297813,0.0708004185466719,2019-02-07,2019-02-08,2019-02-11,2019-02-12,2019-02-13,2019-02-14,2019-02-15,2019-02-19,2019-02-20,2019-02-21,82642.0,2019-02-06,252.0,-1.1643%,0.0003,0.8934,-0.1124,-0.2468,1.5370%,1.8596%,31.6893%,-0.009699,EL,82642.0,2019-02-07,252.0,1.3710%,0.0004,0.8845,-0.1107,-0.2418,1.5430%,1.8566%,30.9304%,0.022735,EL,82642.0,2019-02-08,252.0,1.5757%,0.0005,0.8819,-0.1006,-0.2462,1.5425%,1.8552%,30.8738%,0.013248,EL,82642.0,2019-02-11,252.0,-0.6593%,0.0004,0.8936,-0.1216,-0.2513,1.5418%,1.8491%,30.4807%,-0.006697,EL,82642.0,2019-02-12,252.0,-0.5010%,0.0003,0.8769,-0.1135,-0.2613,1.5440%,1.8431%,29.8266%,-0.017666,EL,82642.0,2019-02-13,252.0,1.4844%,0.0004,0.8772,-0.109,-0.2575,1.5458%,1.8424%,29.6121%,0.01254,EL,82642.0,2019-02-14,252.0,-1.1663%,0.0003,0.8799,-0.1151,-0.2509,1.5474%,1.8440%,29.5864%,-0.010848,EL,82642.0,2019-02-15,252.0,1.0627%,0.0003,0.8778,-0.1169,-0.2541,1.5472%,1.8425%,29.4824%,0.002076,EL,82642.0,2019-02-19,252.0,0.2516%,0.0004,0.8823,-0.1219,-0.2602,1.5449%,1.8425%,29.6964%,0.001849,EL,82642.0,2019-02-20,252.0,0.8172%,0.0004,0.8835,-0.1237,-0.2571,1.5443%,1.8421%,29.7225%,0.008095,EL,82642.0,2019-02-21,252.0,-0.0894%,0.0004,0.8803,-0.1299,-0.263,1.5435%,1.8404%,29.6670%,0.001597,EL,0.0130359999999999,0.026284,0.019587,0.014461,0.01723
26091,LAUDER ESTEE COS INC,Berenberg Downgrades The Estee Lauder Cos to Hold,6,decrease,0.75,0.6,"a downgrade from an analyst typically signals reduced expectations for the company's performance, which can lead to a decline in stock price.",0,2019-02-06,EL,2019-02-06 12:44:00+00:00,82642.0,51843910,-0.0116432327777147,3704969.0,0.0137104662135243,0.1163986623287201,0.0157573968172073,-0.0040228427387773,-0.006593007594347,0.002199113368988,-0.005010113120079,0.015180779621005,0.0148443914949894,0.0305215585976839,-0.0116631062701344,-0.0119715249165892,0.0106271328404545,0.030530085787177,0.0025159628130495,0.0226783026009798,0.0081724859774112,-0.0130821662023663,-0.0008935941150411,0.0089853471145033,0.0156519319862127,-0.0139563959091901,-0.0108189787715673,0.0168221369385719,-0.0052142445929348,0.0020771920680999,0.0066479197703301,0.0007195101934485,-0.0007004177314229,0.0013609651941806,-0.0001274644600925,-0.008178487420082,-0.0040148156695067,0.0051077362149953,-0.0019834768027067,-0.0197919011116027,-0.0134632065892219,-0.0369170047342777,0.0098777553066611,0.0093535799533128,0.0041184001602232,0.0121613442897796,0.0094206696376204,0.0337364561855793,0.0108564961701631,-0.047445822507143,0.0013817435828968,0.0141429379582405,0.003449592506513,0.0119789093732833,0.0171885732561349,0.0013240764383226,0.0022121211513876,0.0117415115237236,-0.0147149544209241,0.0362567566335201,-0.0062849689275026,-0.0267048217356205,0.0131504219025373,0.0072852135635912,-0.014154109172523,-0.0282401572912931,0.0030093775130808,-0.0180290360003709,0.0114389415830373,0.0046046879142522,0.006736272946,-0.0360999405384063,0.0093309041112661,-0.035324428230524,0.0068726730532944,0.0100916111841797,-0.0047115599736571,-0.0027316862251609,-0.0094070704653859,0.0081896279007196,0.0064942869357764,0.0062718833796679,-0.0073654213920235,-0.0302001852542161,0.0026368594262748,-0.018738267943263,0.0080734388902783,-0.0560759752988815,-0.0058852154761552,0.0700265690684318,0.0162953808903694,0.0081979054957628,0.0091279661282897,0.0123395370319485,-0.003094436135143,0.0015000459970906,-0.002507152268663,-0.0066698873415589,0.0163973085582256,0.0058524878695607,-0.001825232990086,-0.0039809308946132,0.0047189467586576,-0.0095057459548115,-0.0024071135558187,-0.0059494008310139,0.007003310136497,-0.007985065691173,-0.0040325080044567,-0.0057300780899822,-0.0001760285085765,6.910912634339184e-05,0.0123833594843745,0.0101122595369815,-0.0002318451297469,0.0162295754998922,-0.0037690429016947,0.0062041673809289,-0.0087887467816472,-0.0103042321279645,-0.0002936174569185,-0.0045664878562092,0.0245520863682031,-0.0004213311767671,0.0137104662135243,0.11639866232872,0.029683904287407,0.1119075660763901,0.0228951904866634,0.1143527768700276,0.0328785516947256,0.1657976297644878,0.0417969973681249,0.2088104410376685,0.0797535518079053,0.2170362613990901,0.164110340297813,0.0708004185466719,2019-02-07,2019-02-08,2019-02-11,2019-02-12,2019-02-13,2019-02-14,2019-02-15,2019-02-19,2019-02-20,2019-02-21,82642.0,2019-02-06,252.0,-1.1643%,0.0003,0.8934,-0.1124,-0.2468,1.5370%,1.8596%,31.6893%,-0.009699,EL,82642.0,2019-02-07,252.0,1.3710%,0.0004,0.8845,-0.1107,-0.2418,1.5430%,1.8566%,30.9304%,0.022735,EL,82642.0,2019-02-08,252.0,1.5757%,0.0005,0.8819,-0.1006,-0.2462,1.5425%,1.8552%,30.8738%,0.013248,EL,82642.0,2019-02-11,252.0,-0.6593%,0.0004,0.8936,-0.1216,-0.2513,1.5418%,1.8491%,30.4807%,-0.006697,EL,82642.0,2019-02-12,252.0,-0.5010%,0.0003,0.8769,-0.1135,-0.2613,1.5440%,1.8431%,29.8266%,-0.017666,EL,82642.0,2019-02-13,252.0,1.4844%,0.0004,0.8772,-0.109,-0.2575,1.5458%,1.8424%,29.6121%,0.01254,EL,82642.0,2019-02-14,252.0,-1.1663%,0.0003,0.8799,-0.1151,-0.2509,1.5474%,1.8440%,29.5864%,-0.010848,EL,82642.0,2019-02-15,252.0,1.0627%,0.0003,0.8778,-0.1169,-0.2541,1.5472%,1.8425%,29.4824%,0.002076,EL,82642.0,2019-02-19,252.0,0.2516%,0.0004,0.8823,-0.1219,-0.2602,1.5449%,1.8425%,29.6964%,0.001849,EL,82642.0,2019-02-20,252.0,0.8172%,0.0004,0.8835,-0.1237,-0.2571,1.5443%,1.8421%,29.7225%,0.008095,EL,82642.0,2019-02-21,252.0,-0.0894%,0.0004,0.8803,-0.1299,-0.263,1.5435%,1.8404%,29.6670%,0.001597,EL,0.0130359999999999,0.026284,0.019587,0.014461,0.01723
26099,EASTMAN CHEMICAL CO,"Cowen & Co. Downgrades Eastman Chemical to Market Perform, Announces $88 Price Target",6,decrease,0.8,0.7,"a downgrade from an analyst typically signals reduced expectations for the company's performance, which can lead to a decrease in stock price.",0,2019-02-06,EMN,2019-02-06 12:30:00+00:00,80080.0,27743210,-0.00906971283257,1274468.0,-0.0249844975769519,-0.0094695445150136,0.0034250493627041,0.0086945760995149,0.0032870054710656,0.0129000358283519,0.0249495431780815,-0.0211267340928316,-0.0022128433920443,0.0181728433817625,0.0073927850462496,-0.0009880427969619,0.0116193359717726,0.0013603834668174,0.0019345141481608,0.0358698852360248,0.0208760183304548,0.0054095592349767,-0.0107564544305205,-0.0160943381488323,0.0090810665860772,-0.0282018892467021,0.0003553156857378,0.0262891072779893,-0.0081676421687006,0.0304767396301031,0.0001193714779219,0.0139989107847213,-0.0132458303123712,-0.0092895338311791,0.0062885070219635,-0.0061118490993976,-0.0013219638494774,0.005886260420084,-0.0068592024035751,0.0013097376795485,0.0018175394507125,0.012062513269484,-0.03338173776865,0.0080171851441264,-0.0117616970092058,0.0001335628330707,0.0221575070172548,0.0480392202734947,0.0058217956684529,-0.0231221076101064,0.0081281242892146,-0.0002736188180278,-0.0196677669882774,0.0112032853066921,-0.0124324737116694,-0.00550197949633,-0.0022889154497534,0.0236553139984607,0.0007646897574886,0.0491947717964649,0.0015283081447705,-0.0212550777941942,0.0047050197608768,-0.0078897634521126,-0.048981174826622,-0.0124663170427084,-0.0113121969625353,-0.0116214202716946,0.0082110725343227,0.0133370431140065,0.0022696685045957,-0.0142656872048974,0.0111896097660064,0.0023627944756299,-0.0003952892438974,-0.0079967165365815,0.0347917713224887,-0.0002757308247964,0.0044575408101081,-0.0023377086035907,0.0258653592318296,-0.0065573188476264,0.0098874727264046,-0.0334082432091236,0.0081997085362672,-0.0249774027615785,-0.0069191516377031,-0.0405188240110874,-0.0083119459450244,0.0270235631614923,0.0061629484407603,-0.0027834163047373,0.0007350874948315,-0.0005058284732513,0.0275431498885154,0.014887111261487,0.0,-0.0181451924145221,0.006790560670197,0.0221535451710224,-0.0088746892288327,-0.0328848958015441,0.0032234555110335,0.0037508802488446,-0.0091633545234799,-0.0224883444607257,0.0009607758838683,-0.0163500905036926,-0.0172785557806491,0.0043467837385833,-0.0145299443975091,0.0097537562251091,-0.0061950194649398,0.0173653420060873,0.0007480059866793,-0.0123728355392813,-0.0173165500164032,-0.0143685396760702,-0.0041834968142211,-0.010277253575623,-0.0117123583331704,-0.0061757322400808,0.02473278157413,0.0178916305303573,-0.0249844975769519,-0.0094695445150136,-0.0216450213517512,-0.0008573020909122,-0.0184291631842902,0.0120316745097512,0.0038343262829887,0.0086536913624297,0.0351268281631291,0.0339626510489341,-0.0151493338919037,0.170420283095432,-0.0084182825454742,-0.0051077182142036,2019-02-07,2019-02-08,2019-02-11,2019-02-12,2019-02-13,2019-02-14,2019-02-15,2019-02-19,2019-02-20,2019-02-21,80080.0,2019-02-06,252.0,-0.9070%,-0.0006,1.1927,0.3188,0.472,1.0461%,1.6059%,57.5675%,-0.0069099999999999,EMN,80080.0,2019-02-07,252.0,-2.4984%,-0.0007,1.1948,0.3224,0.4681,1.0501%,1.6082%,57.3659%,-0.015419,EMN,80080.0,2019-02-08,252.0,0.3425%,-0.0007,1.1938,0.3191,0.4619,1.0507%,1.6084%,57.3284%,0.005319,EMN,80080.0,2019-02-11,252.0,0.3287%,-0.0006,1.1736,0.3371,0.4609,1.0461%,1.5720%,55.7140%,-0.001653,EMN,80080.0,2019-02-12,252.0,2.4950%,-0.0006,1.1796,0.3369,0.464,1.0480%,1.5777%,55.8751%,0.009605,EMN,80080.0,2019-02-13,252.0,-0.2213%,-0.0007,1.1713,0.3485,0.4647,1.0436%,1.5670%,55.6440%,-0.0061429999999999,EMN,80080.0,2019-02-14,252.0,0.7393%,-0.0006,1.1685,0.3546,0.4583,1.0460%,1.5676%,55.4745%,0.010636,EMN,80080.0,2019-02-15,252.0,1.1619%,-0.0006,1.1674,0.3531,0.4558,1.0462%,1.5649%,55.2997%,-0.004772,EMN,80080.0,2019-02-19,252.0,0.1935%,-0.0006,1.1689,0.3491,0.4512,1.0456%,1.5647%,55.3417%,-0.002775,EMN,80080.0,2019-02-20,252.0,2.0876%,-0.0005,1.1734,0.36,0.4676,1.0503%,1.5704%,55.2700%,0.015305,EMN,80080.0,2019-02-21,252.0,-1.0756%,-0.0006,1.1788,0.3698,0.4775,1.0481%,1.5717%,55.5359%,-0.005187,EMN,-0.022329,-0.01701,-0.018663,-0.0152009999999999,-0.0019939999999999
26107,ENERSYS,"EnerSys Q3 EPS $1.17 Misses $1.25 Estimate, Sales $680M Miss $685.85M Estimate",6,decrease,0.75,0.6,"the earnings per share and sales figures both missed analyst estimates, which typically leads to a negative reaction in stock prices.",0,2019-02-06,ENS,2019-02-06 21:34:00+00:00,90249.0,29275Y10,0.0005643048207275,243176.0,-0.1085044220089912,0.0118762236088514,-0.0551619492471218,0.0147160673514008,-0.0553025864064693,0.0121979927644133,0.0283486880362033,0.0183946602046489,0.0288076680153608,-0.0067623644135892,0.0018756616627797,0.0019018622115254,0.0274137873202562,0.0002377439377596,-0.0261616818606853,0.0156986247748136,0.0109596326947212,0.0097548514604568,-0.0050237607210874,-0.0084632690995931,0.0244485288858413,-0.024531215429306,0.0036316313780844,0.0316339991986751,-0.0239079669117927,0.0160712450742721,0.0029127660673111,0.005719247739762,-0.0254785511642694,0.0007465168018825,0.0135464640334248,-0.00099433446303,-0.0133654102683067,-0.0047012851573526,-0.0090761063620448,0.0150697557255625,-0.0289815813302993,0.0147826690226793,-0.0181613527238369,0.0084822475910186,-0.0139088220894336,-0.0076521625742316,0.0027628683019429,0.0437966026365757,-0.001305051264353,-0.0317091904580593,-0.0015972208930179,-0.0003865323960781,-0.0170884002000093,0.0207812953740358,-0.0007417749729938,-0.0010511343134567,0.0063836150802671,-0.0079509988427162,-0.0044254763051867,0.0655555725097656,-0.0161504875868558,-0.0353697687387466,0.0138553939759731,0.0399888940155506,-0.0600118972361087,-0.008427751250565,-0.0075853280723094,-0.0382674038410186,0.014968192204833,0.0260395873337984,-0.0040791048668324,-0.0365164689719677,0.0053560202941298,-0.039853747934103,0.0209966152906417,-0.0064391400665044,0.017802270129323,0.038971159607172,0.0066345361992716,-0.0113023025915026,0.0046434625983238,-0.0169191472232341,0.0125242872163653,-0.0224635861814022,0.0079516014084219,-0.0369666069746017,0.013440553098917,-0.052803449332714,-0.0223439950495958,0.0165960509330034,0.008699556812644,0.0102913891896605,0.0016078493790701,0.0066348467953503,0.0115294940769672,0.0283696763217449,0.0111095700412988,-0.0054761795327067,0.0092751355841755,0.0175650753080844,0.0079173976555466,-0.0003632692969404,0.0049095028080046,0.0187515951693058,-0.0195421762764453,-0.0359182246029377,0.0066913617774844,-0.0201607719063758,0.0113138603046536,-0.001977271400392,-0.0377570204436779,0.019928827881813,0.0034879450686275,-0.0035460451617836,0.0259231459349393,-0.0080900741741061,-0.0232918411493301,-0.0289195142686367,-0.0036132386885583,-0.0102546317502856,0.002610970288515,0.0061224596574902,0.0266203172504901,0.0408307649195194,-0.1085044220089912,0.0118762236088514,-0.1576810558361647,0.0267670622667604,-0.2042634720275913,0.0392915594630283,-0.1581322258420039,0.0512516273683703,-0.1511391879431078,0.0713335941728778,-0.2387236187952341,0.2346384942894881,-0.1975613253846577,0.047977021153172,2019-02-07,2019-02-08,2019-02-11,2019-02-12,2019-02-13,2019-02-14,2019-02-15,2019-02-19,2019-02-20,2019-02-21,90249.0,2019-02-06,252.0,0.0564%,0.0014,1.2541,0.8413,0.7101,1.3998%,1.9093%,46.2448%,0.002869,ENS,90249.0,2019-02-07,252.0,-10.8504%,0.001,1.2755,0.857,0.6849,1.5340%,2.0259%,42.6698%,-0.098617,ENS,90249.0,2019-02-08,252.0,-5.5162%,0.0008,1.2847,0.8665,0.73,1.5697%,2.0563%,41.7334%,-0.052112,ENS,90249.0,2019-02-11,252.0,-5.5303%,0.0001,1.404,0.6646,0.6833,1.4875%,2.0484%,47.2676%,-0.064599,ENS,90249.0,2019-02-12,252.0,2.8349%,0.0001,1.4133,0.6601,0.6889,1.4882%,2.0552%,47.5657%,0.010183,ENS,90249.0,2019-02-13,252.0,2.8808%,0.0003,1.4291,0.643,0.6916,1.4861%,2.0615%,48.0312%,0.023872,ENS,90249.0,2019-02-14,252.0,0.1876%,0.0004,1.4278,0.6457,0.6889,1.4864%,2.0612%,47.9980%,0.005444,ENS,90249.0,2019-02-15,252.0,2.7414%,0.0004,1.4419,0.6591,0.7128,1.4847%,2.0662%,48.3654%,0.006259,ENS,90249.0,2019-02-19,252.0,-2.6162%,0.0003,1.4323,0.6425,0.6949,1.4985%,2.0688%,47.5332%,-0.033051,ENS,90249.0,2019-02-20,252.0,1.0960%,0.0003,1.4342,0.6522,0.7031,1.4965%,2.0691%,47.6914%,0.002903,ENS,90249.0,2019-02-21,252.0,-0.5024%,0.0003,1.4352,0.6547,0.705,1.4963%,2.0687%,47.6791%,0.0022559999999999,ENS,-0.095748,-0.14786,-0.212459,-0.178404,-0.194593
26115,ENSIGN GROUP INC,"Ensign Group Sees FY19 EPS $2.17-$2.26 vs $2.11 Est., Sales $2.29B-$2.35B vs $2.15B Est.",6,increase,0.8,0.6,"the ensign group's earnings per share (eps) and sales projections exceed analyst estimates, which typically signals positive performance and can lead to an increase in stock price.",2,2019-02-06,ENSG,2019-02-06 21:10:00+00:00,92432.0,29358P10,0.0038618394173681,269335.0,0.108395591378212,-0.0067689358256757,-0.0408329926431179,0.0141876181587576,0.0302256699651479,0.0029837288893759,0.0485536865890026,0.0251764636486768,-0.006699510384351,0.0131108276546001,0.0001983400434255,-0.0085086412727832,0.0351051278412342,-0.0054066651500761,0.0235677249729633,0.0189221780747175,0.0022464012727141,-0.0144003918394446,0.0003735610225703,0.0286546945571899,0.0080283852294087,0.0117936003953218,-0.0529727824032306,-0.0441522076725959,-0.0244474858045578,0.0176864638924598,-0.0096230860799551,0.0038387679960578,0.0010121302912011,0.0375902950763702,0.0135490018874406,0.0019954605959355,0.0099760573357343,-0.0088998917490243,-0.009679926559329,-0.0373631529510021,-0.0361061505973339,0.0301544368267059,-0.0031043363269418,0.028492210432887,0.0068507753312587,0.0164018291980028,0.0173195898532867,0.0341903232038021,0.0093230456113815,-0.0125621445477008,0.0156627036631107,-0.0149523541331291,0.0124554615467786,0.0106826433911919,-0.0144502613693475,0.0028053594287484,0.0095105906948447,-0.0128799593076109,-0.0035328813828527,0.0653128772974014,-0.0175300259143114,-0.0193757060915231,0.0158379524946212,-0.0483994744718074,-0.0303926803171634,-0.0166204944252967,0.009769988246262,-0.0298070162534713,-0.0014109996845945,0.0068880384787917,-0.0058538736775517,-0.0506772100925445,0.0105076385661959,-0.0619934648275375,0.0295655149966478,-0.0309912767261266,-0.0052744769491255,0.0131182931363582,-0.0031421808525919,0.0183968488126993,-0.0029550376348197,0.0008768285042606,0.011657778173685,-0.0052333553321659,0.0246093422174453,0.0081336321309208,-0.0310712400823831,-0.0043772589415311,0.0074758459813892,0.0070531121455132,0.0089826025068759,-0.0074382009916007,-0.0119992056861519,0.0043946555815637,0.0139079159125685,0.0167560335248708,0.0003864076279569,-0.0079787373542785,-0.0631518065929412,0.0137048000469803,-0.0197897162288427,0.0115908710286021,0.0147213619202375,0.0002272862329846,0.0095336595550179,-0.0289182681590318,0.0318209677934646,-0.0087527688592672,0.0049741347320377,0.0013146663550287,0.0007919405470602,0.0139969140291214,0.0197823941707611,-0.0098988292738795,-0.0042676511220633,-0.0113092754036188,0.0037015122361481,-0.025641007348895,-0.0124223483726382,-0.0166702028363943,-0.0015723629621788,0.0344902426004409,0.012204703874886,0.0329547896981239,0.1083955913782119,-0.0067689358256757,0.063136482349801,0.0073226472562462,0.0952704947932145,0.0103282249397873,0.1407558629952818,0.04934444946048,0.2120389961838602,0.0689655212835778,0.1466395079412836,0.1286678968313352,0.1647233341029004,-0.0186042985633606,2019-02-07,2019-02-08,2019-02-11,2019-02-12,2019-02-13,2019-02-14,2019-02-15,2019-02-19,2019-02-20,2019-02-21,92432.0,2019-02-06,252.0,0.3862%,0.0026,0.8353,1.2658,-0.147,1.9028%,2.2437%,28.0747%,0.005805,ENSG,92432.0,2019-02-07,252.0,10.8396%,0.003,0.7941,1.2686,-0.1204,2.0332%,2.3338%,24.0961%,0.118283,ENSG,92432.0,2019-02-08,252.0,-4.0833%,0.0027,0.8027,1.2594,-0.0905,2.0491%,2.3449%,23.6362%,-0.043113,ENSG,92432.0,2019-02-11,252.0,3.0226%,0.0028,0.8253,1.2625,-0.0769,2.0501%,2.3508%,23.9458%,0.020898,ENSG,92432.0,2019-02-12,252.0,4.8554%,0.0026,0.8012,1.3182,-0.0992,2.0110%,2.3205%,24.8952%,0.036846,ENSG,92432.0,2019-02-13,252.0,-0.6700%,0.0025,0.7959,1.3223,-0.1015,2.0119%,2.3200%,24.7934%,-0.009764,ENSG,92432.0,2019-02-14,252.0,0.0198%,0.0025,0.7985,1.3182,-0.0983,2.0114%,2.3196%,24.8056%,-0.005695,ENSG,92432.0,2019-02-15,252.0,3.5105%,0.0027,0.8318,1.3504,-0.0413,2.0097%,2.3277%,25.4561%,0.0231579999999999,ENSG,92432.0,2019-02-19,252.0,2.3568%,0.0028,0.833,1.3626,-0.0275,2.0116%,2.3294%,25.4271%,0.018095,ENSG,92432.0,2019-02-20,252.0,0.2246%,0.0027,0.8303,1.3509,-0.0385,2.0101%,2.3267%,25.3604%,-0.002283,ENSG,92432.0,2019-02-21,252.0,0.0374%,0.0026,0.8383,1.3675,-0.0239,2.0048%,2.3253%,25.6659%,0.004203,ENSG,0.124088,0.080975,0.101873,0.128955,0.166433
26123,ENSIGN GROUP INC,"Ensign Group Q4 EPS $0.54 Beats $0.51 Estimate, Sales $537.58M Beat $522.78M Estimate",6,increase,0.8,0.6,"the company reported better-than-expected earnings and sales, which typically boosts investor confidence and can lead to an increase in stock price.",2,2019-02-06,ENSG,2019-02-06 21:09:00+00:00,92432.0,29358P10,0.0038618394173681,269335.0,0.108395591378212,-0.0067689358256757,-0.0408329926431179,0.0141876181587576,0.0302256699651479,0.0029837288893759,0.0485536865890026,0.0251764636486768,-0.006699510384351,0.0131108276546001,0.0001983400434255,-0.0085086412727832,0.0351051278412342,-0.0054066651500761,0.0235677249729633,0.0189221780747175,0.0022464012727141,-0.0144003918394446,0.0003735610225703,0.0286546945571899,0.0080283852294087,0.0117936003953218,-0.0529727824032306,-0.0441522076725959,-0.0244474858045578,0.0176864638924598,-0.0096230860799551,0.0038387679960578,0.0010121302912011,0.0375902950763702,0.0135490018874406,0.0019954605959355,0.0099760573357343,-0.0088998917490243,-0.009679926559329,-0.0373631529510021,-0.0361061505973339,0.0301544368267059,-0.0031043363269418,0.028492210432887,0.0068507753312587,0.0164018291980028,0.0173195898532867,0.0341903232038021,0.0093230456113815,-0.0125621445477008,0.0156627036631107,-0.0149523541331291,0.0124554615467786,0.0106826433911919,-0.0144502613693475,0.0028053594287484,0.0095105906948447,-0.0128799593076109,-0.0035328813828527,0.0653128772974014,-0.0175300259143114,-0.0193757060915231,0.0158379524946212,-0.0483994744718074,-0.0303926803171634,-0.0166204944252967,0.009769988246262,-0.0298070162534713,-0.0014109996845945,0.0068880384787917,-0.0058538736775517,-0.0506772100925445,0.0105076385661959,-0.0619934648275375,0.0295655149966478,-0.0309912767261266,-0.0052744769491255,0.0131182931363582,-0.0031421808525919,0.0183968488126993,-0.0029550376348197,0.0008768285042606,0.011657778173685,-0.0052333553321659,0.0246093422174453,0.0081336321309208,-0.0310712400823831,-0.0043772589415311,0.0074758459813892,0.0070531121455132,0.0089826025068759,-0.0074382009916007,-0.0119992056861519,0.0043946555815637,0.0139079159125685,0.0167560335248708,0.0003864076279569,-0.0079787373542785,-0.0631518065929412,0.0137048000469803,-0.0197897162288427,0.0115908710286021,0.0147213619202375,0.0002272862329846,0.0095336595550179,-0.0289182681590318,0.0318209677934646,-0.0087527688592672,0.0049741347320377,0.0013146663550287,0.0007919405470602,0.0139969140291214,0.0197823941707611,-0.0098988292738795,-0.0042676511220633,-0.0113092754036188,0.0037015122361481,-0.025641007348895,-0.0124223483726382,-0.0166702028363943,-0.0015723629621788,0.0344902426004409,0.012204703874886,0.0329547896981239,0.1083955913782119,-0.0067689358256757,0.063136482349801,0.0073226472562462,0.0952704947932145,0.0103282249397873,0.1407558629952818,0.04934444946048,0.2120389961838602,0.0689655212835778,0.1466395079412836,0.1286678968313352,0.1647233341029004,-0.0186042985633606,2019-02-07,2019-02-08,2019-02-11,2019-02-12,2019-02-13,2019-02-14,2019-02-15,2019-02-19,2019-02-20,2019-02-21,92432.0,2019-02-06,252.0,0.3862%,0.0026,0.8353,1.2658,-0.147,1.9028%,2.2437%,28.0747%,0.005805,ENSG,92432.0,2019-02-07,252.0,10.8396%,0.003,0.7941,1.2686,-0.1204,2.0332%,2.3338%,24.0961%,0.118283,ENSG,92432.0,2019-02-08,252.0,-4.0833%,0.0027,0.8027,1.2594,-0.0905,2.0491%,2.3449%,23.6362%,-0.043113,ENSG,92432.0,2019-02-11,252.0,3.0226%,0.0028,0.8253,1.2625,-0.0769,2.0501%,2.3508%,23.9458%,0.020898,ENSG,92432.0,2019-02-12,252.0,4.8554%,0.0026,0.8012,1.3182,-0.0992,2.0110%,2.3205%,24.8952%,0.036846,ENSG,92432.0,2019-02-13,252.0,-0.6700%,0.0025,0.7959,1.3223,-0.1015,2.0119%,2.3200%,24.7934%,-0.009764,ENSG,92432.0,2019-02-14,252.0,0.0198%,0.0025,0.7985,1.3182,-0.0983,2.0114%,2.3196%,24.8056%,-0.005695,ENSG,92432.0,2019-02-15,252.0,3.5105%,0.0027,0.8318,1.3504,-0.0413,2.0097%,2.3277%,25.4561%,0.0231579999999999,ENSG,92432.0,2019-02-19,252.0,2.3568%,0.0028,0.833,1.3626,-0.0275,2.0116%,2.3294%,25.4271%,0.018095,ENSG,92432.0,2019-02-20,252.0,0.2246%,0.0027,0.8303,1.3509,-0.0385,2.0101%,2.3267%,25.3604%,-0.002283,ENSG,92432.0,2019-02-21,252.0,0.0374%,0.0026,0.8383,1.3675,-0.0239,2.0048%,2.3253%,25.6659%,0.004203,ENSG,0.124088,0.080975,0.101873,0.128955,0.166433
26131,ENANTA PHARMACEUTICALS INC,"Enanta Pharmaceuticals Q1 EPS $1.25 Misses $1.47 Estimate, Sales $69.886M Miss $73.02M Estimate",6,decrease,0.8,0.7,"the company's earnings per share and sales both missed analyst estimates, which typically leads to a negative reaction in stock prices.",0,2019-02-06,ENTA,2019-02-06 21:13:00+00:00,13825.0,29251M10,0.0371287129819393,267533.0,0.0761336162686348,-0.0208433549851179,0.004989986307919,0.0080624977126717,-0.0081650437787175,0.0305929780006408,0.0057848957367241,0.0051886062137782,0.0612763315439224,0.0266336929053068,0.0109432321041822,-0.0158547237515449,0.0634020790457725,-0.0490029044449329,-0.0187106188386678,0.089127205312252,-0.0076072341762483,-0.022524245083332,-0.0241911429911851,0.0042901956476271,0.0165272671729326,0.0002600343723315,0.0101365130394697,0.0322147868573665,0.0148037541657686,0.01236586086452,0.009203078225255,-0.0290276370942592,-0.0052386582829058,0.040785513818264,0.0304271765053272,-0.0298427641391754,-0.0171304661780595,0.0063011292368173,-0.0073182680644094,0.0051205665804445,-0.0500533133745193,-0.0165650676935911,-0.0004084643733222,0.0099036116153001,0.0144039606675505,0.0299103800207376,0.0279959589242935,0.0502316318452358,0.0092084128409624,-0.0453288927674293,-0.0160162486135959,0.0216009989380836,-0.0043405587784945,0.0099815288558602,0.0030714115127921,-0.0146129122003912,0.0131371179595589,0.0135288657620549,0.011699297465384,0.0735361129045486,-0.0644694492220878,-0.0083383172750473,0.0265760384500026,-0.0174288433045148,-0.0426449924707412,-0.0464489236474037,-0.0049261208623647,-0.0260099228471517,0.0143248429521918,0.0045865438878536,-0.0252336468547582,-0.0245391149073839,0.0149141773581504,0.0136045832186937,0.0026241210289299,-0.0267486963421106,-0.0083751613274216,0.0099959187209606,0.0129855964332819,-0.0129333492368459,-0.0048983180895447,0.0269752331078052,-0.0180142559111118,-0.0190731789916753,0.0007465837406925,-0.0206524562090635,-0.0139614744111895,-0.0742816105484962,-0.0007565898704342,0.0376548320055007,0.0258518066257238,-0.0421205908060073,-0.0323703065514564,-0.0224798154085874,0.0046856305561959,0.0545227080583572,-0.0075921579264104,-0.0214870236814022,0.0009835665114223,0.0369667783379554,-0.0704225078225135,0.000633334449958,0.0077519812621176,-0.0141126168891787,-0.0257576536387205,0.0231280028820037,0.066993735730648,-0.0362068340182304,-0.0219755470752716,0.0231854375451803,0.0174251589924097,0.0529388040304184,0.0073239607736468,-0.0207872986793518,-0.0190157108008861,0.0031278228852897,-0.0058152168057858,0.0094724539667367,-0.0203005410730838,-0.0281293559819459,0.0113556692376732,-0.0760779976844787,0.0289385356009006,0.0280544720590114,0.0761336162686348,-0.0208433549851179,0.0815035082793067,-0.012948906774338,0.0726729847873697,0.0172479256062232,0.1449879897224872,0.0497596686385661,0.1696896582370399,0.0504420765881343,0.1892601524332358,0.2036348249184605,0.0607398167612542,-0.0187028640893187,2019-02-07,2019-02-08,2019-02-11,2019-02-12,2019-02-13,2019-02-14,2019-02-15,2019-02-19,2019-02-20,2019-02-21,13825.0,2019-02-06,252.0,3.7129%,-0.0001,1.5592,1.3093,-0.0127,2.7741%,3.3370%,30.8923%,0.040425,ENTA,13825.0,2019-02-07,252.0,7.6134%,0.0002,1.5287,1.3086,0.0089,2.8333%,3.3655%,29.1260%,0.092286,ENTA,13825.0,2019-02-08,252.0,0.4990%,0.0004,1.5272,1.3399,0.0235,2.8247%,3.3587%,29.2728%,0.002921,ENTA,13825.0,2019-02-11,252.0,-0.8165%,0.0008,1.3681,1.4645,0.0075,2.7234%,3.1985%,27.5003%,-0.019301,ENTA,13825.0,2019-02-12,252.0,0.5785%,0.0008,1.3769,1.443,0.0158,2.7193%,3.1967%,27.6379%,-0.013201,ENTA,13825.0,2019-02-13,252.0,6.1276%,0.0009,1.3704,1.4765,0.0353,2.7342%,3.2070%,27.3141%,0.056444,ENTA,13825.0,2019-02-14,252.0,1.0943%,0.0009,1.3679,1.4787,0.0349,2.7318%,3.2041%,27.3068%,0.006248,ENTA,13825.0,2019-02-15,252.0,6.3402%,0.0011,1.4071,1.5186,0.1047,2.7437%,3.2270%,27.7098%,0.04398,ENTA,13825.0,2019-02-19,252.0,-1.8711%,0.001,1.3998,1.5042,0.0892,2.7489%,3.2272%,27.4477%,-0.026202,ENTA,13825.0,2019-02-20,252.0,-0.7607%,0.0009,1.396,1.4975,0.0761,2.7504%,3.2277%,27.3888%,-0.014167,ENTA,13825.0,2019-02-21,252.0,-2.4191%,0.001,1.3891,1.4793,0.0636,2.7459%,3.2188%,27.2252%,-0.017903,ENTA,0.132711,0.135632,0.116331,0.159574,0.15153
26139,EMBRAER S A,Azul SA Expects To Add 21 Next-Generation Aircraft In 2019,6,increase,0.7,0.6,"the addition of 21 next-generation aircraft by azul sa suggests a strong demand for new aircraft, which could positively impact embraer s a's stock price as they are a key manufacturer of such aircraft.",2,2019-02-06,ERJ,2019-02-06 11:23:00+00:00,88392.0,29082A10,-0.0369503758847713,733389.0,-0.0325400717556476,0.0118315191939473,0.0070280819199979,0.0076299402862787,-0.0094715170562267,-0.0145677328109741,0.0095620844513177,0.0157517865300178,-0.0029910004232078,0.0145279010757803,0.0300000198185443,0.0083007849752902,0.0097086820751428,-0.0106280781328678,-0.0067307399585843,0.0097561348229646,-0.0067763500846922,-0.0120481923222541,0.0077972635626792,0.0146698886528611,0.0082205068320035,-0.0271170157939195,-0.0028776722028851,-0.0353373289108276,0.0129869431257247,-0.0442981719970703,-0.0109211560338735,-0.0256410427391529,-0.014882355928421,-0.0021322448737919,-0.0136452568694949,0.0094705652445554,-0.0024703179951757,0.0256070606410503,0.0128776729106903,-0.0199048463255167,-0.0234719533473253,0.0034737265668809,-0.0070104855112731,0.009202498011291,0.0035299896262586,0.0307136550545692,0.0100502893328666,-0.0242398027330637,-0.0194030497223138,-0.0056967204436659,-0.0040588495321571,0.0311794206500053,-0.0081507824361324,0.0063665024936199,0.0482794344425201,0.0009227129048667,0.0195982176810503,-0.0009091116953641,-0.010091258212924,0.0406812019646167,-0.0043689394369721,-0.0203892737627029,-0.0141394883394241,0.0203309841454029,-0.0514341779053211,-0.0061090723611414,0.0062564616091549,-0.0314064025878906,-0.0005180477746762,0.0050319624133408,-0.0321410484611988,0.0350378677248954,0.0171397794038057,-0.009845245629549,0.0010532099986448,-0.0184077136218547,0.0163071788847446,0.0182755105197429,0.0041407826356589,-0.0046641966328024,-0.014948402531445,0.0180437359958887,0.02197802439332,-0.0245484337210655,0.0245775487273931,-0.0257220081984996,-0.0014992846408858,-0.0207688603550195,-0.018017953261733,0.0080177458003163,-0.0020387824624776,-0.0044345222413539,-0.0148109812289476,-0.0026537536177784,-0.0082945432513952,0.0281946714967489,-0.0125457281246781,0.0232666358351707,0.0164108723402023,-0.0060129999183118,0.0088541703298687,-0.0013856249861419,0.0216830186545848,0.0250946376472711,-0.0005053172353655,-0.0112359439954161,-0.014661319553852,-0.0152143808081746,-0.0118009001016616,-0.0082304663956165,0.0041536823846399,0.0195804219692945,0.0180972274392843,0.0127478968352079,0.0066022933460772,-0.0189902652055025,0.0095863034948706,-0.0132540687918663,-0.0129935145378112,-0.0022800338920205,0.0070885769091546,-0.0481771081686019,0.0035193411167711,-0.0064682886004447,-0.0325400717556476,0.0118315191939473,-0.025740684125631,0.0195517332651717,-0.0349683978531228,0.0046991760279992,-0.02865469420115,0.0353510689737102,0.0043710619818568,0.0454766934223334,-0.0179699276739754,0.0113473018346355,-0.0305974295382486,-0.0776198976305483,2019-02-07,2019-02-08,2019-02-11,2019-02-12,2019-02-13,2019-02-14,2019-02-15,2019-02-19,2019-02-20,2019-02-21,88392.0,2019-02-06,252.0,-3.6950%,-0.0006,0.8237,0.3957,0.5257,2.1308%,2.2865%,13.1611%,-0.035554,ERJ,88392.0,2019-02-07,252.0,-3.2540%,-0.0009,0.7966,0.4416,0.5143,2.1049%,2.2537%,12.7690%,-0.026515,ERJ,88392.0,2019-02-08,252.0,0.7028%,-0.0007,0.7939,0.4685,0.5207,2.0961%,2.2455%,12.8567%,0.0095389999999999,ERJ,88392.0,2019-02-11,252.0,-0.9472%,-0.0008,0.8051,0.4386,0.5103,2.0969%,2.2448%,12.7433%,-0.014972,ERJ,88392.0,2019-02-12,252.0,0.9562%,-0.0009,0.8003,0.4448,0.5068,2.0963%,2.2431%,12.6620%,-0.000707,ERJ,88392.0,2019-02-13,252.0,-0.2991%,-0.001,0.7938,0.4537,0.5072,2.0950%,2.2396%,12.4966%,-0.005953,ERJ,88392.0,2019-02-14,252.0,3.0000%,-0.0008,0.7858,0.4715,0.4881,2.1051%,2.2477%,12.2870%,0.032149,ERJ,88392.0,2019-02-15,252.0,0.9709%,-0.0008,0.7918,0.4768,0.4976,2.1044%,2.2483%,12.3903%,-0.002792,ERJ,88392.0,2019-02-19,252.0,-0.6731%,-0.0009,0.7896,0.4704,0.4907,2.1054%,2.2483%,12.3057%,-0.011211,ERJ,88392.0,2019-02-20,252.0,-0.6776%,-0.0009,0.7867,0.4647,0.4804,2.1066%,2.2486%,12.2338%,-0.01211,ERJ,88392.0,2019-02-21,252.0,0.7797%,-0.0009,0.7914,0.4773,0.489,2.1038%,2.2476%,12.3851%,0.012038,ERJ,-0.062069,-0.05253,-0.067502,-0.074162,-0.056088
26147,ISHARES INC,'Huawei needs 3-5 years to resolve British security fears' -Reuters,6,uncertain,0.6,0.2,"the news about huawei's timeline to address security concerns may create uncertainty in the market, affecting investor sentiment towards ishares inc, but the overall impact on stock price is unclear.",1,2019-02-06,EWC,2019-02-06 12:47:00+00:00,83211.0,46428650,-0.0058479476720094,1688152.0,-0.0069853137247264,0.0058823470026254,-0.0022213796619325,0.0025802287273108,-0.0092764375731349,0.0029574832879006,0.0116104669868946,0.0033382847905159,-0.00185120862443,0.008604547008872,0.0033382847905159,0.0060218232683837,0.0133087104186415,-0.001878329901956,0.007296634837985,0.0137090859934687,0.0101412087678909,0.0057449107989668,-0.0050196987576782,-0.0019112857989966,0.0054053915664553,-0.0098410379141569,-0.0007168622687458,0.0064761932007968,0.001793441362679,0.0080644804984331,0.0025062547065317,0.0030817347578704,-0.0053571290336549,0.0054221297614276,-0.0046679018996655,0.0038880398496985,-0.0025252415798604,-0.001940284972079,-0.0007233438664115,0.0042868517339229,-0.0054288678802549,0.0186581704765558,-0.0054585016332566,0.0108346892520785,-0.0003659066569525,0.0109533658251166,0.0087847644463181,0.0258010365068912,0.005079872906208,-0.0062034581787884,0.0054151485674083,0.0091820210218429,-0.0043088272213935,0.0046121049672365,0.0010818855371326,0.0059047364629805,0.007204569876194,-0.0046179937198758,-0.0007152557373046,0.0311688017100095,-0.001073753926903,-0.0140845039859414,-0.0017914453055709,-0.0208942741155624,-0.0154343247413635,-0.0095198489725589,-0.0003645726828835,-0.0118609778583049,0.0072939740493893,-2.485364893800579e-05,-0.0039826431311666,-0.0201024916023016,0.0025445180945098,-0.0116867637261748,0.0021754701156169,-0.0019439827883616,0.0130246244370937,0.0110062407329678,0.0,-0.0039154416881501,0.0010714530944824,-0.0100774550810456,0.0007134695188142,-0.0053971200250089,0.003565076040104,-0.0189107414335012,0.0074600707739591,-0.0174656007438898,-0.0059943608939647,0.0101351523771882,0.0042567905038595,0.0003755249490495,-0.001766133471392,0.0015042875893414,0.008138695731759,0.0168260242789983,0.0,-0.0079666534438729,0.0010530251311138,0.0076452889479696,0.0042075361125171,-0.0135746831074357,0.0006983400089666,0.0227535720914602,0.0,-0.023352125659585,0.0,-0.007476664148271,-0.0097697377204895,0.0022480129264295,-0.0010570394806563,0.0048946184106171,0.0038800246547907,0.0030211452394723,0.0021082703024148,-0.0011316742748022,0.0010518506169319,-0.0100821675732731,-0.0070052142255008,-0.008515347726643,-0.006349217146635,-0.0044231084175407,0.0074547063559293,0.00630564102903,-0.0069853137247264,0.0058823470026254,-0.0091911763528187,0.0084777535306566,-0.018382352552293,0.011460309632943,-0.0088235906151217,0.0235690636018988,0.0202205595460978,0.0458715884806981,0.024264699346481,0.1433347379065985,0.0433822923115008,0.031828912932073,2019-02-07,2019-02-08,2019-02-11,2019-02-12,2019-02-13,2019-02-14,2019-02-15,2019-02-19,2019-02-20,2019-02-21,83211.0,2019-02-06,252.0,-0.5848%,-0.0001,0.6996,0.2096,0.2478,0.5661%,0.9163%,61.8311%,-0.004562,EWC,83211.0,2019-02-07,252.0,-0.6985%,-0.0001,0.7033,0.2054,0.2481,0.5649%,0.9169%,62.0440%,-0.001273,EWC,83211.0,2019-02-08,252.0,-0.2221%,-0.0001,0.7034,0.2115,0.2522,0.5635%,0.9158%,62.1397%,-0.001345,EWC,83211.0,2019-02-11,252.0,-0.9276%,-0.0001,0.7012,0.197,0.2432,0.5687%,0.9064%,60.6245%,-0.012337,EWC,83211.0,2019-02-12,252.0,1.1610%,-0.0001,0.7065,0.1919,0.2469,0.5673%,0.9092%,61.0755%,0.002349,EWC,83211.0,2019-02-13,252.0,-0.1851%,-0.0001,0.7039,0.1947,0.2464,0.5672%,0.9060%,60.8072%,-0.004217,EWC,83211.0,2019-02-14,252.0,0.3338%,-0.0001,0.7027,0.1976,0.2431,0.5681%,0.9062%,60.6995%,0.0051329999999999,EWC,83211.0,2019-02-15,252.0,1.3309%,-0.0001,0.7038,0.199,0.2453,0.5685%,0.9057%,60.6083%,0.003607,EWC,83211.0,2019-02-19,252.0,0.7297%,-0.0001,0.7048,0.2017,0.2483,0.5692%,0.9060%,60.5285%,0.004547,EWC,83211.0,2019-02-20,252.0,1.0141%,-0.0,0.7073,0.2098,0.2578,0.5696%,0.9078%,60.6231%,0.006893,EWC,83211.0,2019-02-21,252.0,-0.5020%,-0.0,0.7078,0.2105,0.2589,0.5697%,0.9077%,60.6042%,-0.001763,EWC,-0.005835,-0.00718,-0.019517,-0.021385,-0.002968
26155,ISHARES TRUST,EU's Tusk Says Many Wish For Brexit To Be Reversed,6,uncertain,0.6,0.3,"the statement about brexit reflects political sentiment, which could influence market perceptions, but its direct impact on ishares trust's stock price is unclear without additional context on how brexit developments affect the fund's holdings.",1,2019-02-06,EWU,2019-02-06 11:40:00+00:00,14907.0,46435G33,-0.0037534856237471,1544029.0,-0.0043956451117992,0.0088355559855699,-0.0006306701689027,0.0028481059707701,-0.0059955990873277,0.0034931919071823,0.0073015727102756,0.0060703046619892,0.002206104574725,0.0132728992030024,0.0,0.0068448199890553,0.0132076097652316,-0.0071197189390659,0.0052761686965823,0.0068425899371504,0.0055572804994881,-0.0042180130258202,-0.0064476230181753,0.0071895201690495,0.0030901876743882,-0.011627865023911,0.0006161570781841,0.0091264266520738,0.0086206523701548,0.0082155764102935,-0.0012209127889946,-0.0029488909058272,-0.0045843985863029,0.0049390718340873,0.0018422282300889,-0.0065423245541751,-0.0024517874699085,0.0003272326139267,0.0055299634113907,0.004272072110325,0.0012221484212204,0.0096217952668666,-0.0106805702671408,0.0060080210678279,-0.0040097860619425,0.0,0.0086713768541812,0.0277872886508703,-0.0018422282300889,-0.0061370716430246,0.013841918669641,-0.0006814465741626,0.0033373972401022,-0.0010210613254457,0.0105835646390914,0.013103418983519,0.0053860056214034,-0.0092244772240519,0.0020833243615925,0.0248599797487258,-0.0038609225302934,-0.009021520614624,-0.0017889497103169,-0.0082587674260139,-0.0155316749587655,0.0006886553019285,-0.0015169671969488,-0.0037735404912382,0.0045579313300549,-0.0021023366134613,0.0027223275974392,-0.0092930234968662,-0.0063349287956953,-0.0134250735864043,0.002125066705048,-0.0003272773174103,0.0133293690159916,0.0173159688711166,0.0056800781749188,0.0030060170684009,0.0059453258290886,-0.0118811456486582,-0.0035460677463561,-0.0081833060830831,0.0023724203929305,-0.016103059053421,0.0017751886043697,-0.0214308332651853,-0.005611412692815,0.0095449965447187,0.0032670216169208,-0.0078914137557148,-0.0011840468505397,-0.0084507185965776,0.0059275915846228,0.0129993604496121,-0.0005892887129448,-0.0078641083091497,-0.0014740341575816,0.0163043551146984,0.0017715197755023,-0.012314474210143,-0.0035366616211831,0.0166934337466955,0.0011829960858449,-0.0142405303195118,0.0002954840892925,-0.0034688964951783,-0.0079740239307284,-0.0050204503349959,-0.0035724600311368,-0.0059264046140015,0.0014938522363081,0.002188233891502,0.0020882964599877,0.0062912502326071,0.0050609754398465,-0.018221128731966,-0.0112558435648679,-0.0079656345769763,-0.0011983497533947,-0.0079028001055121,0.0158967841416597,0.0148057797923684,-0.0043956451117992,0.0088355559855699,-0.0050235430784568,0.0117088265560976,-0.0109890230154882,0.0152429196414483,-0.0015698947935823,0.0349627690807681,0.0160125657308023,0.0447712063460199,0.0511773661553833,0.1001376417221955,0.0634222443066003,0.0076772028080358,2019-02-07,2019-02-08,2019-02-11,2019-02-12,2019-02-13,2019-02-14,2019-02-15,2019-02-19,2019-02-20,2019-02-21,14907.0,2019-02-06,252.0,-0.3753%,-0.0002,0.6611,0.0869,0.2855,0.5869%,0.8907%,56.5806%,-0.002544,EWU,14907.0,2019-02-07,252.0,-0.4396%,-0.0002,0.6538,0.0958,0.2847,0.5819%,0.8800%,56.2797%,0.0006519999999999,EWU,14907.0,2019-02-08,252.0,-0.0631%,-0.0002,0.6534,0.1035,0.2881,0.5793%,0.8778%,56.4420%,0.000597,EWU,14907.0,2019-02-11,252.0,-0.5996%,-0.0002,0.6562,0.0898,0.2822,0.5812%,0.8708%,55.4583%,-0.008357,EWU,14907.0,2019-02-12,252.0,0.7302%,-0.0002,0.6609,0.083,0.2858,0.5784%,0.8720%,56.0050%,-0.001261,EWU,14907.0,2019-02-13,252.0,0.2206%,-0.0002,0.6592,0.086,0.2864,0.5779%,0.8691%,55.7849%,5.999999999999999e-06,EWU,14907.0,2019-02-14,252.0,0.0000%,-0.0002,0.6586,0.0875,0.2848,0.5782%,0.8691%,55.7393%,0.002498,EWU,14907.0,2019-02-15,252.0,1.3208%,-0.0002,0.6568,0.0863,0.2826,0.5777%,0.8664%,55.5311%,0.0040799999999999,EWU,14907.0,2019-02-19,252.0,0.5276%,-0.0002,0.6564,0.0897,0.2865,0.5777%,0.8650%,55.4010%,0.0028299999999999,EWU,14907.0,2019-02-20,252.0,0.5557%,-0.0002,0.6573,0.0924,0.2898,0.5778%,0.8657%,55.4548%,0.002437,EWU,14907.0,2019-02-21,252.0,-0.6448%,-0.0002,0.656,0.0892,0.2876,0.5771%,0.8641%,55.3909%,-0.003384,EWU,-0.001892,-0.001295,-0.009652,-0.010907,-0.002446
26163,FATE THERAPEUTICS INC,Fate Therapeutics Announces FDA Clearance Of IND Application For Cell Therapy Derived From Engineered Pluripotent Stem Cell,6,increase,0.8,0.7,"fda clearance of an ind application is a significant milestone for a biotech company, likely leading to increased investor confidence and a positive impact on stock price.",2,2019-02-06,FATE,2019-02-06 13:01:00+00:00,14245.0,31189P10,0.02454867772758,838368.0,-0.0606060400605201,-0.0142348613590002,0.0555138625204563,-0.0732189789414405,0.0824449062347412,0.0013209711760282,-0.0151017429307103,0.0257452651858329,-0.0193333309143781,0.0278551932424306,-0.0027192360721528,0.0405796691775322,0.012951573356986,-0.0476190187036991,-0.0296096634119749,0.024028280749917,-0.0055478448048233,-0.0221147648990154,-0.0174337513744831,-0.0262449122965335,0.0234208609908819,-0.073566161096096,0.1282940655946732,-0.031985443085432,-0.0202827826142311,-0.0042067123576998,0.0156838744878768,0.017736941576004,-0.0296479612588882,-0.0096910865977406,0.0534690767526626,-0.0311033241450786,-0.021147945895791,-0.0312677212059497,-0.0104938317090272,0.015588941052556,-0.0205864552408456,0.0087361456826329,0.0261147003620863,0.0374622866511344,0.0043451082892715,0.119756393134594,0.024103794246912,0.1239543855190277,0.0223295614123344,-0.0280857440084219,0.0519479997456073,0.0545596107840538,0.0218854881823062,0.0629660487174987,0.0274574421346187,0.0316239222884178,-0.0181720070540905,-0.0632506012916565,-0.0195972025394439,0.0851433128118515,-0.0199889279901981,0.0008695851429365,0.0062323291786015,-0.0763052031397819,-0.0912162587046623,-0.0452454090118408,-0.0117719694972038,-0.060518741607666,0.0539184734225273,-0.0789648070931434,-0.005948862992227,-0.0510075837373733,0.0239378549158573,-0.0105918459594249,0.0268848072737455,-0.0435042567551136,-0.0005691649857908,0.0262997113168239,0.0484054908156395,-0.0296735893934965,0.0021727818530052,0.0187424086034297,-0.0168022420257329,0.0508259944617748,0.0027564028277993,-0.0730270817875862,-0.0291369259357452,0.0005892887129448,-0.0526614002883434,0.1048176884651184,0.0322774015367031,0.0893616452813148,-0.0260567888617515,0.0254545733332634,-0.0404280796647071,0.0117733515799045,0.0111524360254406,0.0074129267595708,0.0110294306650757,0.080929510295391,-0.0539394132792949,0.0008018664666451,0.0262652672827243,0.012997549958527,0.0131085570901632,0.0016273765359073,0.0437462106347084,-0.0322834514081478,-0.0059032100252807,0.0087370658293366,0.0385985523462295,-0.0102201346307992,-0.0085763074457645,-0.0275229103863239,0.0086504966020584,0.0061538401059806,-0.0394511446356773,0.0140405856072902,-0.0285714026540517,-0.0566593408584594,0.0251225400716066,-0.1000000089406967,0.0251046083867549,0.0399448983371257,-0.0606060400605201,-0.0142348613590002,-0.0084566529158928,-0.0864115782863618,0.0732910453621378,-0.0852047543145249,0.0366455545174457,-0.0355152741219622,-0.007047180122484,-0.0679676549863754,0.2515856708219164,0.1124498362589405,0.2085976155203797,-0.0461432634773892,2019-02-07,2019-02-08,2019-02-11,2019-02-12,2019-02-13,2019-02-14,2019-02-15,2019-02-19,2019-02-20,2019-02-21,14245.0,2019-02-06,252.0,2.4549%,0.003,1.8789,2.9769,0.1587,4.3505%,5.0488%,25.7495%,0.028884,FATE,14245.0,2019-02-07,252.0,-6.0606%,0.0028,1.8897,2.9816,0.1481,4.3589%,5.0640%,25.9097%,-0.039981,FATE,14245.0,2019-02-08,252.0,5.5514%,0.0031,1.8806,2.9817,0.1102,4.3696%,5.0746%,25.8563%,0.053244,FATE,14245.0,2019-02-11,252.0,8.2445%,0.0031,1.9562,2.9868,0.1525,4.3728%,5.0989%,26.4530%,0.059779,FATE,14245.0,2019-02-12,252.0,-1.5102%,0.003,1.947,2.9655,0.1517,4.3792%,5.0993%,26.2473%,-0.042144,FATE,14245.0,2019-02-13,252.0,-1.9333%,0.0031,1.9612,2.9294,0.138,4.3757%,5.0981%,26.3320%,-0.02677,FATE,14245.0,2019-02-14,252.0,-0.2719%,0.003,1.9653,2.9208,0.147,4.3768%,5.0983%,26.2996%,-0.0131329999999999,FATE,14245.0,2019-02-15,252.0,1.2952%,0.0031,1.9713,2.924,0.1537,4.3762%,5.0978%,26.3072%,-0.017364,FATE,14245.0,2019-02-19,252.0,-2.9610%,0.0029,1.9641,2.893,0.1195,4.3853%,5.1016%,26.1113%,-0.042396,FATE,14245.0,2019-02-20,252.0,-0.5548%,0.0025,1.9526,2.8384,0.0708,4.3669%,5.0789%,26.0720%,-0.016402,FATE,14245.0,2019-02-21,252.0,-1.7434%,0.0022,1.9792,2.8903,0.1196,4.3468%,5.0730%,26.5814%,-0.0081599999999999,FATE,-0.011097,0.042147,0.1019259999999999,0.0330119999999999,-0.064443
26171,FIRSTENERGY CORP,FirstEnergy Sees FY19 Operating EPS $2.45-$2.75; Reaffirms FY18-FY21 Operating EPS Growth Rate 6-8%,6,increase,0.7,0.6,"the reaffirmation of a positive operating eps growth rate suggests strong future performance, which is likely to boost investor confidence and increase the stock price.",2,2019-02-06,FE,2019-02-06 13:40:00+00:00,23026.0,33793210,0.0090462965890765,6429353.0,0.0168132837861776,0.0038920007646083,0.004578995052725,-0.0061887023039162,-0.003545282408595,-0.0107143362984061,0.0043202540837228,0.0116129228845238,-0.0002530904894229,0.0049273502081632,-0.0015185411320999,-0.0007773718098178,0.0035487804561853,-0.0051559875719249,0.0002525466261431,-0.0124744875356555,-0.0002524828887544,-0.0022860085591673,0.011619072407484,0.0159999728202819,0.0167291387915611,-0.0030871864873915,-0.0071218297816812,0.0041332952678203,0.0086569003760814,0.0059771193191409,-0.0014712496194988,0.0094438781961798,0.0007367086946032,0.0031578666530549,0.0036810189485549,-0.0096429223194718,-0.0039119767025113,-0.0054433098994195,-0.0078547736629843,0.0166008174419403,0.0074221440590918,-0.0060240845195949,0.0014734173892065,0.0143464645370841,0.0026974156498909,0.0126446392387151,0.0114942826330661,0.0125306211411953,0.0053191785700619,-0.0002723893267102,0.0009619311895221,-0.0221038088202476,-0.0098510300740599,0.0077831703238189,0.0004853302089031,0.0062111681327223,0.0002425936545478,0.0117486426606774,-0.0201261341571807,0.0212053097784519,0.0044543505646288,-0.0363000407814979,0.0160138346254825,-0.0056150504387915,0.0128515698015689,0.001070688245818,0.0021546601783484,-0.007175138220191,0.0033444669097661,-0.0023860060609877,-0.0066666374914348,-0.0357872620224952,-0.0076701748184859,-0.0081135826185345,0.0050724414177238,0.0053530228324234,-0.0038452257867902,-0.0095935640856623,-0.0026538143865764,0.0017703513149172,-0.0060474118217825,0.0079021509736776,-0.0401557944715023,0.0038382217753678,0.0387931689620018,0.0137484464794397,-0.0134245306253433,-0.001036561676301,0.0106383059173822,0.0200898312032222,-0.0004895139136351,0.0183041803538799,0.0093068145215511,-0.0119680045172572,0.0038825492374598,-0.0076537588611245,-0.0021754931658506,0.0053064678795635,-0.0198643337935209,0.0050666299648582,-0.0056846155785024,0.005361950956285,0.0067114210687577,-0.0171278398483991,0.0022222260013222,-0.0153087740764021,0.0036955291870981,-0.0059324102476239,0.0029454817995429,-0.0012879762798547,0.0070974281989037,0.012783664278686,0.0080193923786282,-0.0090485643595457,-0.0028929347172379,-0.0028357980772852,0.0161991827189922,0.020789498463273,-0.0019033552380278,0.0079575395211577,0.0004767689388245,-0.0013244830770418,0.0126280384138226,0.0077416156418621,0.0168132837861776,0.0038920007646083,0.0214692667821796,-0.0023207879734066,0.0178478697597361,-0.0130102585689884,0.0219865106298058,0.0033712977727546,0.0359544597748238,-0.0015484221242173,0.0667356936776835,0.0344919003473915,0.0993274748441739,0.0328350169009628,2019-02-07,2019-02-08,2019-02-11,2019-02-12,2019-02-13,2019-02-14,2019-02-15,2019-02-19,2019-02-20,2019-02-21,23026.0,2019-02-06,252.0,0.9046%,0.0009,0.1702,-0.3742,-0.2268,1.0872%,1.1310%,7.5933%,0.009463,FE,23026.0,2019-02-07,252.0,1.6813%,0.001,0.1757,-0.3889,-0.2209,1.0874%,1.1327%,7.8330%,0.018695,FE,23026.0,2019-02-08,252.0,0.4579%,0.001,0.1754,-0.3889,-0.2224,1.0875%,1.1326%,7.8137%,0.0029909999999999,FE,23026.0,2019-02-11,252.0,-0.3545%,0.001,0.1805,-0.3963,-0.2237,1.0872%,1.1322%,7.7965%,-0.0008129999999999,FE,23026.0,2019-02-12,252.0,0.4320%,0.001,0.1715,-0.3844,-0.2305,1.0826%,1.1253%,7.4477%,0.001464,FE,23026.0,2019-02-13,252.0,-0.0253%,0.001,0.1709,-0.3839,-0.2307,1.0826%,1.1248%,7.3589%,-0.000441,FE,23026.0,2019-02-14,252.0,-0.1519%,0.0009,0.1701,-0.3854,-0.2272,1.0771%,1.1192%,7.3713%,-0.000602,FE,23026.0,2019-02-15,252.0,0.3549%,0.0009,0.177,-0.3789,-0.2156,1.0765%,1.1187%,7.3942%,0.0035809999999999,FE,23026.0,2019-02-19,252.0,0.0253%,0.0008,0.1704,-0.3691,-0.204,1.0680%,1.1073%,6.9594%,0.001562,FE,23026.0,2019-02-20,252.0,-0.0252%,0.0008,0.1698,-0.374,-0.2072,1.0668%,1.1065%,7.0509%,0.001258,FE,23026.0,2019-02-21,252.0,1.1619%,0.0009,0.1642,-0.383,-0.2175,1.0675%,1.1074%,7.0874%,0.011409,FE,0.028158,0.031149,0.030336,0.031359,0.048567
26179,FLOWERS FOODS INC,"Flowers Foods Sees FY19 EPS $0.94-$1.02, Sales $4.03B-$4.109B vs $4.03B Estimate",6,uncertain,0.6,0.3,"while the earnings per share (eps) guidance is within a reasonable range, the sales estimate matches the lower end of expectations, leading to uncertainty about investor sentiment.",1,2019-02-06,FLO,2019-02-06 21:28:00+00:00,88924.0,34349810,-0.0069930716417729,1985507.0,0.0221328251063823,0.0167597718536853,-0.0241141617298126,0.0040795472450554,0.0161371510475873,-0.0025431963149458,0.02282883413136,0.0255607608705759,0.0009703323594294,-0.0026014172472059,0.005332070402801,-0.0010395247954875,-0.0004821711045224,-0.0005194924306124,0.0096478899940848,-0.0056818495504558,0.0023888789582997,-0.0177574064582586,0.0009533106931485,0.0005075290100648,0.0028571174480021,0.0045895026996731,-0.0142449783161282,0.004610663279891,-0.0115606822073459,0.0129735339432954,0.005360560491681,-0.0102721555158495,0.0009694697218947,0.0130072841420769,0.0073278713971376,-0.0036289060954004,-0.0169738288968801,0.0099476715549826,0.0034533641301095,0.0181236751377582,-0.0034414795227348,-0.0079322904348373,-0.0009867023909464,0.0074586779810488,0.0044444520026445,0.003206914756447,0.0019665195140987,0.0080818766728043,-0.0053973849862813,0.0108931837603449,0.0009867023909464,-0.0059555335901677,-0.0093642445281147,0.0098413554951548,0.0124378111213445,-0.0021821607369929,-0.0019656468648463,0.007696502842009,0.0,0.0128063177689909,-0.0083702653646469,-0.0131869046017527,0.0188679788261652,-0.0183387342840433,0.0112085547298193,0.002162211574614,0.0067469584755599,0.0136986300349235,0.0076591600663959,-0.011375899426639,0.0066508930176496,-0.0304622799158096,0.0042472933419048,-0.025588534772396,0.0018796526128426,0.0015377082163468,-0.0060975216329097,0.0108808809891343,-0.0089665185660123,0.0131233604624867,0.0033333187457174,-0.0072955335490405,0.0,-0.0087809953838586,0.0052207219414412,-0.0207384843379259,0.003304990241304,0.0174987204372882,-0.0065882066264748,-0.018191035836935,0.0137375174090266,0.0025329859927296,-0.0028037133160978,0.0091185411438345,0.0023429819848388,-0.0050403419882059,0.006545175332576,0.0143149634823203,0.0023223054595291,-0.0030581739265471,0.0004634026263374,0.0025549894198775,0.0004631879855878,-0.0297471676021814,-0.0078703733161091,0.0095095364376902,0.0009332924382761,0.0188678689301013,0.0004661222046706,-0.0120906680822372,-0.0083876233547925,0.0127551015466451,0.013627772219479,-0.0130916526541113,0.0032452340237796,-0.0114484587684273,0.0046210899017751,0.0131114590913057,-0.012879516929388,0.0525477565824985,0.0023299695458263,-0.017726806923747,0.0041841072961688,0.0073529086075723,0.0221328251063823,0.0167597718536853,-0.0025150511475832,0.0209076913798342,0.0135815141397432,0.0183113227012172,0.0377263617549048,0.0416233704736719,0.0563380743311434,0.0162436395848279,0.041269672339163,0.0798273737801245,0.096073333895702,0.0610584380085621,2019-02-07,2019-02-08,2019-02-11,2019-02-12,2019-02-13,2019-02-14,2019-02-15,2019-02-19,2019-02-20,2019-02-21,88924.0,2019-02-06,252.0,-0.6993%,0.0005,0.1603,-0.1944,0.0865,1.5712%,1.5836%,1.5677%,-0.006769,FLO,88924.0,2019-02-07,252.0,2.2133%,0.0005,0.1471,-0.1873,0.0909,1.5755%,1.5862%,1.3498%,0.022933,FLO,88924.0,2019-02-08,252.0,-2.4114%,0.0004,0.1514,-0.1848,0.1104,1.5826%,1.5938%,1.3950%,-0.023626,FLO,88924.0,2019-02-11,252.0,1.6137%,0.0002,0.2334,-0.2405,0.1233,1.5385%,1.5615%,2.9256%,0.016791,FLO,88924.0,2019-02-12,252.0,2.2829%,0.0003,0.2346,-0.2277,0.1216,1.5403%,1.5627%,2.8464%,0.019813,FLO,88924.0,2019-02-13,252.0,0.0970%,0.0003,0.2358,-0.2299,0.1212,1.5402%,1.5627%,2.8571%,0.000265,FLO,88924.0,2019-02-14,252.0,0.5332%,0.0002,0.2333,-0.2263,0.1188,1.5388%,1.5609%,2.8042%,0.0076259999999999,FLO,88924.0,2019-02-15,252.0,-0.0482%,0.0002,0.2265,-0.2328,0.1073,1.5386%,1.5599%,2.7080%,-0.003222,FLO,88924.0,2019-02-19,252.0,0.9648%,0.0002,0.2285,-0.2272,0.1134,1.5397%,1.5609%,2.7011%,0.009471,FLO,88924.0,2019-02-20,252.0,0.2389%,0.0002,0.2269,-0.2401,0.1052,1.5338%,1.5554%,2.7619%,0.001731,FLO,88924.0,2019-02-21,252.0,0.0953%,0.0002,0.221,-0.2518,0.0944,1.5307%,1.5521%,2.7342%,0.001767,FLO,0.0161639999999999,-0.007462,0.0093289999999999,0.029407,0.0467799999999999
26187,FLOWERS FOODS INC,"Flowers Foods Q4 EPS $0.16 Beats $0.15 Estimate, Sales $880.7M Beat $869.33M Estimate",6,increase,0.8,0.6,"the company reported better-than-expected earnings per share and sales, which typically leads to positive investor sentiment and an increase in stock price.",2,2019-02-06,FLO,2019-02-06 21:27:00+00:00,88924.0,34349810,-0.0069930716417729,1985507.0,0.0221328251063823,0.0167597718536853,-0.0241141617298126,0.0040795472450554,0.0161371510475873,-0.0025431963149458,0.02282883413136,0.0255607608705759,0.0009703323594294,-0.0026014172472059,0.005332070402801,-0.0010395247954875,-0.0004821711045224,-0.0005194924306124,0.0096478899940848,-0.0056818495504558,0.0023888789582997,-0.0177574064582586,0.0009533106931485,0.0005075290100648,0.0028571174480021,0.0045895026996731,-0.0142449783161282,0.004610663279891,-0.0115606822073459,0.0129735339432954,0.005360560491681,-0.0102721555158495,0.0009694697218947,0.0130072841420769,0.0073278713971376,-0.0036289060954004,-0.0169738288968801,0.0099476715549826,0.0034533641301095,0.0181236751377582,-0.0034414795227348,-0.0079322904348373,-0.0009867023909464,0.0074586779810488,0.0044444520026445,0.003206914756447,0.0019665195140987,0.0080818766728043,-0.0053973849862813,0.0108931837603449,0.0009867023909464,-0.0059555335901677,-0.0093642445281147,0.0098413554951548,0.0124378111213445,-0.0021821607369929,-0.0019656468648463,0.007696502842009,0.0,0.0128063177689909,-0.0083702653646469,-0.0131869046017527,0.0188679788261652,-0.0183387342840433,0.0112085547298193,0.002162211574614,0.0067469584755599,0.0136986300349235,0.0076591600663959,-0.011375899426639,0.0066508930176496,-0.0304622799158096,0.0042472933419048,-0.025588534772396,0.0018796526128426,0.0015377082163468,-0.0060975216329097,0.0108808809891343,-0.0089665185660123,0.0131233604624867,0.0033333187457174,-0.0072955335490405,0.0,-0.0087809953838586,0.0052207219414412,-0.0207384843379259,0.003304990241304,0.0174987204372882,-0.0065882066264748,-0.018191035836935,0.0137375174090266,0.0025329859927296,-0.0028037133160978,0.0091185411438345,0.0023429819848388,-0.0050403419882059,0.006545175332576,0.0143149634823203,0.0023223054595291,-0.0030581739265471,0.0004634026263374,0.0025549894198775,0.0004631879855878,-0.0297471676021814,-0.0078703733161091,0.0095095364376902,0.0009332924382761,0.0188678689301013,0.0004661222046706,-0.0120906680822372,-0.0083876233547925,0.0127551015466451,0.013627772219479,-0.0130916526541113,0.0032452340237796,-0.0114484587684273,0.0046210899017751,0.0131114590913057,-0.012879516929388,0.0525477565824985,0.0023299695458263,-0.017726806923747,0.0041841072961688,0.0073529086075723,0.0221328251063823,0.0167597718536853,-0.0025150511475832,0.0209076913798342,0.0135815141397432,0.0183113227012172,0.0377263617549048,0.0416233704736719,0.0563380743311434,0.0162436395848279,0.041269672339163,0.0798273737801245,0.096073333895702,0.0610584380085621,2019-02-07,2019-02-08,2019-02-11,2019-02-12,2019-02-13,2019-02-14,2019-02-15,2019-02-19,2019-02-20,2019-02-21,88924.0,2019-02-06,252.0,-0.6993%,0.0005,0.1603,-0.1944,0.0865,1.5712%,1.5836%,1.5677%,-0.006769,FLO,88924.0,2019-02-07,252.0,2.2133%,0.0005,0.1471,-0.1873,0.0909,1.5755%,1.5862%,1.3498%,0.022933,FLO,88924.0,2019-02-08,252.0,-2.4114%,0.0004,0.1514,-0.1848,0.1104,1.5826%,1.5938%,1.3950%,-0.023626,FLO,88924.0,2019-02-11,252.0,1.6137%,0.0002,0.2334,-0.2405,0.1233,1.5385%,1.5615%,2.9256%,0.016791,FLO,88924.0,2019-02-12,252.0,2.2829%,0.0003,0.2346,-0.2277,0.1216,1.5403%,1.5627%,2.8464%,0.019813,FLO,88924.0,2019-02-13,252.0,0.0970%,0.0003,0.2358,-0.2299,0.1212,1.5402%,1.5627%,2.8571%,0.000265,FLO,88924.0,2019-02-14,252.0,0.5332%,0.0002,0.2333,-0.2263,0.1188,1.5388%,1.5609%,2.8042%,0.0076259999999999,FLO,88924.0,2019-02-15,252.0,-0.0482%,0.0002,0.2265,-0.2328,0.1073,1.5386%,1.5599%,2.7080%,-0.003222,FLO,88924.0,2019-02-19,252.0,0.9648%,0.0002,0.2285,-0.2272,0.1134,1.5397%,1.5609%,2.7011%,0.009471,FLO,88924.0,2019-02-20,252.0,0.2389%,0.0002,0.2269,-0.2401,0.1052,1.5338%,1.5554%,2.7619%,0.001731,FLO,88924.0,2019-02-21,252.0,0.0953%,0.0002,0.221,-0.2518,0.0944,1.5307%,1.5521%,2.7342%,0.001767,FLO,0.0161639999999999,-0.007462,0.0093289999999999,0.029407,0.0467799999999999
26195,FLUOR CORP NEW,"Fluor Corporation's Stork Was Awarded A Five-year Maintenance Contract By Ecopetrol's Wholly-owned Subsidiary, Cenit Transportation And Logistics, In Colombia; Financial Terms Not Disclosed",6,increase,0.7,0.6,"the award of a five-year maintenance contract suggests a stable revenue stream for fluor corporation, which is likely to positively impact investor sentiment and stock price.",2,2019-02-06,FLR,2019-02-06 11:26:00+00:00,88853.0,34341210,0.0123145431280136,1897653.0,-0.0389825813472271,-0.0129834590479731,-0.0080552008002996,-0.0033039352856576,-0.0023201280273497,-0.0068362047895789,0.065116211771965,0.0082712778821587,-0.0141921527683734,0.0008277808665297,-0.0119047705084085,-0.0052154441364109,0.017371891066432,-0.0238477867096662,0.019002990797162,0.0135795762762427,0.018918938934803,0.0090435184538364,0.0031829953659325,-0.0137837380170822,0.0150713827461004,-0.0397092886269092,-0.0112008415162563,0.0315930470824241,0.0089568011462688,0.0249725542962551,0.0026110259350389,-0.0016438732855021,-0.0208334121853113,-0.0051784855313599,0.0013297911500558,0.0013646080624312,0.0064103016629815,0.0143964691087603,-0.0066348193213343,0.0089385388419032,-0.0168314464390277,0.0144516378641128,-0.0116847911849618,0.0108851641416549,0.0041243201121687,0.0231536030769348,0.0180722847580909,0.0540624037384986,0.002689576940611,-0.0173041801899671,0.0139485104009509,0.0229812990874052,-0.0058200373314321,0.0116242803633213,0.0042575793340802,-0.0099533926695585,0.00953886564821,-0.0049520223401486,-0.0107611510902643,0.0773591771721839,-0.0156540237367153,-0.0079391254112124,0.011859904974699,-0.0264090076088905,-0.0519446097314357,-0.0278647858649492,-0.0028097352478653,-0.0135886510834097,0.0132430931553244,-0.0061387582682073,0.0027809313032776,-0.0097264340147376,0.0171935353428125,-0.0187890622764825,0.0032715084962546,-0.0170038640499115,0.0500000044703483,0.0091716386377811,-0.0036231726408004,-0.0534864142537117,0.0114285359159112,-0.022447295486927,0.0243965275585651,-0.0216925907880067,0.0160441063344478,-0.0366356596350669,-0.0074019059538841,-0.0628627240657806,-0.0253542251884937,0.015636458992958,0.0135170267894864,-0.003651448758319,0.0284347552806139,-0.0172248184680938,0.0075850593857467,0.0267747528851032,-0.0162700824439525,-0.0123726865276694,0.0012343385023996,0.0251181833446025,0.0036981683224439,-0.0348055884242057,0.0083517599850893,0.006280152592808,0.0073081422597169,-0.0515463910996913,0.0050786677747964,-0.0228340420871973,-0.0098652513697743,-0.0240332596004009,-0.0311057735234499,0.0227933060377836,-0.0032605282030999,0.0056179775856435,-0.0035229793284088,-0.0115504320710897,0.0032828554976731,-0.0339055396616458,-0.0145984906703233,-0.033796414732933,-0.2408685088157654,-0.0199146419763565,-0.0134589374065399,0.0215902216732502,-0.0389825813472271,-0.0129834590479731,-0.0467237696270608,-0.0162444978251523,-0.0489354925269553,-0.0229696519008946,-0.0013823434491949,-0.0140729058274572,0.0456179563001628,-0.0343243368460964,0.0436981937348672,0.1507246514470441,-0.1848367177319456,-0.2544858749797218,2019-02-07,2019-02-08,2019-02-11,2019-02-12,2019-02-13,2019-02-14,2019-02-15,2019-02-19,2019-02-20,2019-02-21,88853.0,2019-02-06,252.0,1.2315%,-0.0013,1.4296,0.4298,0.989,2.1509%,2.5778%,30.3786%,0.01467,FLR,88853.0,2019-02-07,252.0,-3.8983%,-0.0014,1.4381,0.4308,0.9824,2.1579%,2.5863%,30.3815%,-0.0290859999999999,FLR,88853.0,2019-02-08,252.0,-0.8055%,-0.0014,1.4384,0.4309,0.9836,2.1579%,2.5866%,30.3977%,-0.002886,FLR,88853.0,2019-02-11,252.0,-0.2320%,-0.0015,1.4573,0.4019,0.9778,2.1562%,2.5802%,30.1644%,-0.00954,FLR,88853.0,2019-02-12,252.0,6.5116%,-0.0012,1.4963,0.3872,1.0004,2.1723%,2.6139%,30.9369%,0.046779,FLR,88853.0,2019-02-13,252.0,-1.4192%,-0.0013,1.4894,0.3916,0.9967,2.1745%,2.6104%,30.6113%,-0.019414,FLR,88853.0,2019-02-14,252.0,-1.1905%,-0.0013,1.4909,0.3899,0.9975,2.1737%,2.6109%,30.6848%,-0.0051329999999999,FLR,88853.0,2019-02-15,252.0,1.7372%,-0.0013,1.4878,0.3866,0.9918,2.1739%,2.6071%,30.4727%,-0.005338,FLR,88853.0,2019-02-19,252.0,1.9003%,-0.0012,1.491,0.3941,0.9999,2.1754%,2.6095%,30.5015%,0.01198,FLR,88853.0,2019-02-20,252.0,1.8919%,-0.0012,1.4946,0.4047,1.0134,2.1762%,2.6126%,30.6187%,0.00962,FLR,88853.0,2019-02-21,252.0,0.3183%,-0.0012,1.4995,0.4174,1.0222,2.1734%,2.6122%,30.7764%,0.011227,FLR,-0.0144159999999999,-0.0173019999999999,-0.0268419999999999,0.000523,0.022879
26203,FLEETCOR TECHNOLOGIES INC,Fleetcor Technologies Sees Q1 EPS $2.55-2.65 vs $2.72 Est,6,decrease,0.75,0.6,"the company's q1 eps guidance is below the analyst estimate, which typically signals weaker performance and can lead to a decrease in stock price.",0,2019-02-06,FLT,2019-02-06 21:51:00+00:00,12449.0,33904110,0.0017086893785744,677739.0,0.0628229603171348,0.0139095019549131,-0.0038061256054788,-0.0047785663045942,9.20134989428334e-05,0.0058471234515309,0.0074565517716109,-0.0039484873414039,0.0023300186730921,0.0255099106580019,0.0050594857893884,-0.0046851015649735,0.0160997863858938,-0.0063573322258889,0.0090158637613058,0.0162275023758411,0.0063254418782889,-0.002131970366463,-0.0076923076994717,0.0054098069667816,0.011871506460011,-0.0120008308440446,0.0080112153664231,0.0296454317867755,0.0064709698781371,0.0067952699027955,-0.0002157628914574,0.0013608714798465,0.0068191708996891,0.0122390454635024,0.000214347790461,-0.0013756323605775,-0.0054429532028734,-0.0055771735496819,-0.003102651098743,0.0025847456417977,-0.002161320997402,0.0113097382709384,-0.0144688803702592,0.007633167784661,0.0014066256117075,0.0058937836438417,0.0132121602073311,0.0183920487761497,0.0042022322304546,-0.0212880466133356,0.0136755742132663,-0.0009153466089628,0.0069370763376355,0.0121532268822193,0.0112848607823252,-0.0086980042979121,0.0061854626983404,0.0125820729881525,0.0005399995134212,0.041595458984375,-0.0110013661906123,-0.005102006252855,0.0138941258192062,-0.0097120692953467,-0.0168915577232837,-0.0101689361035823,0.0010106554254889,0.0049140322953462,0.0144720338284969,0.0045436560176312,0.0042299255728721,0.0076875281520187,0.005863883998245,-0.0153614655137062,0.0123573141172528,-0.0095915626734495,0.0100166322663426,-0.0061903675086796,0.0041757351718842,-0.0179157573729753,-0.0005198115832172,-0.0056705591268837,-0.0066007678396999,-0.0107430880889296,0.0080138137564063,-0.0048451554030179,0.0022772056981921,-0.032014675438404,-0.0023916058707982,0.0142709920182824,-0.0005194377736188,0.0089732958003878,-0.0009194312733598,-0.0065305782482028,0.0058418964035809,0.0274789836257696,0.0007558375364169,-0.0064550330862402,0.0020669754594564,0.0265602059662342,-0.0036494829691946,-0.0212641544640064,0.0009953418048098,-0.0010620623361319,0.0042956084944307,-0.0148059111088514,0.0165149047970771,-0.0355719402432441,-0.0012857641559094,-0.0001009246334433,0.0034329597838222,0.037966065108776,0.0025269959587603,-0.0184023175388574,0.0091131431981921,0.0043884082697331,0.0028053608257323,-0.0306776333600282,-0.0129526909440755,-0.0232671536505222,-0.0028342236764729,0.00166469020769,0.0035430761054158,0.033603236079216,0.0628229603171348,0.0139095019549131,0.0587777226337808,0.0090644681729634,0.0588751444766431,0.0149645926889241,0.0692562974662327,0.0367464410469664,0.1002534740802718,0.0453710291216249,0.1772102617782085,0.1498905060386193,0.2562141001478188,0.0365890468851255,2019-02-07,2019-02-08,2019-02-11,2019-02-12,2019-02-13,2019-02-14,2019-02-15,2019-02-19,2019-02-20,2019-02-21,12449.0,2019-02-06,252.0,0.1709%,-0.0002,0.8539,0.1402,-0.4569,1.1407%,1.5763%,47.6368%,0.0038309999999999,FLT,12449.0,2019-02-07,252.0,6.2823%,0.0001,0.8345,0.1337,-0.4392,1.2291%,1.6221%,42.5793%,0.072629,FLT,12449.0,2019-02-08,252.0,-0.3806%,0.0,0.8359,0.1332,-0.4336,1.2300%,1.6223%,42.5122%,-0.007755,FLT,12449.0,2019-02-11,252.0,0.0092%,0.0001,0.8211,0.1458,-0.4345,1.2280%,1.5991%,41.0314%,-0.00106,FLT,12449.0,2019-02-12,252.0,0.7457%,0.0002,0.8386,0.12,-0.421,1.2092%,1.5920%,42.3081%,-0.004578,FLT,12449.0,2019-02-13,252.0,0.2330%,0.0002,0.8375,0.1217,-0.4207,1.2092%,1.5896%,42.1419%,0.000105,FLT,12449.0,2019-02-14,252.0,0.5059%,0.0002,0.8365,0.1234,-0.4221,1.2091%,1.5892%,42.1171%,0.003646,FLT,12449.0,2019-02-15,252.0,1.6100%,0.0003,0.8488,0.1354,-0.401,1.2089%,1.5921%,42.3448%,0.008265,FLT,12449.0,2019-02-19,252.0,0.9016%,0.0003,0.8519,0.1381,-0.3982,1.2096%,1.5923%,42.2969%,0.008114,FLT,12449.0,2019-02-20,252.0,0.6325%,0.0003,0.8526,0.1348,-0.3971,1.2082%,1.5913%,42.3485%,0.006493,FLT,12449.0,2019-02-21,252.0,-0.7692%,0.0002,0.8571,0.1427,-0.3888,1.2075%,1.5920%,42.4702%,-0.005457,FLT,0.07646,0.068705,0.067645,0.0631719999999999,0.0842329999999999
26211,FLEETCOR TECHNOLOGIES INC,Fleetcor Technologies Sees FY2019 EPS $11.40-11.70 vs $11.71 Est; Sees Sales $2.57B-2.63B vs $2.57B Est,6,decrease,0.7,0.5,"the company's eps guidance is slightly below analyst estimates, which may lead to a negative reaction in the stock price despite sales guidance being in line with expectations.",0,2019-02-06,FLT,2019-02-06 21:51:00+00:00,12449.0,33904110,0.0017086893785744,677739.0,0.0628229603171348,0.0139095019549131,-0.0038061256054788,-0.0047785663045942,9.20134989428334e-05,0.0058471234515309,0.0074565517716109,-0.0039484873414039,0.0023300186730921,0.0255099106580019,0.0050594857893884,-0.0046851015649735,0.0160997863858938,-0.0063573322258889,0.0090158637613058,0.0162275023758411,0.0063254418782889,-0.002131970366463,-0.0076923076994717,0.0054098069667816,0.011871506460011,-0.0120008308440446,0.0080112153664231,0.0296454317867755,0.0064709698781371,0.0067952699027955,-0.0002157628914574,0.0013608714798465,0.0068191708996891,0.0122390454635024,0.000214347790461,-0.0013756323605775,-0.0054429532028734,-0.0055771735496819,-0.003102651098743,0.0025847456417977,-0.002161320997402,0.0113097382709384,-0.0144688803702592,0.007633167784661,0.0014066256117075,0.0058937836438417,0.0132121602073311,0.0183920487761497,0.0042022322304546,-0.0212880466133356,0.0136755742132663,-0.0009153466089628,0.0069370763376355,0.0121532268822193,0.0112848607823252,-0.0086980042979121,0.0061854626983404,0.0125820729881525,0.0005399995134212,0.041595458984375,-0.0110013661906123,-0.005102006252855,0.0138941258192062,-0.0097120692953467,-0.0168915577232837,-0.0101689361035823,0.0010106554254889,0.0049140322953462,0.0144720338284969,0.0045436560176312,0.0042299255728721,0.0076875281520187,0.005863883998245,-0.0153614655137062,0.0123573141172528,-0.0095915626734495,0.0100166322663426,-0.0061903675086796,0.0041757351718842,-0.0179157573729753,-0.0005198115832172,-0.0056705591268837,-0.0066007678396999,-0.0107430880889296,0.0080138137564063,-0.0048451554030179,0.0022772056981921,-0.032014675438404,-0.0023916058707982,0.0142709920182824,-0.0005194377736188,0.0089732958003878,-0.0009194312733598,-0.0065305782482028,0.0058418964035809,0.0274789836257696,0.0007558375364169,-0.0064550330862402,0.0020669754594564,0.0265602059662342,-0.0036494829691946,-0.0212641544640064,0.0009953418048098,-0.0010620623361319,0.0042956084944307,-0.0148059111088514,0.0165149047970771,-0.0355719402432441,-0.0012857641559094,-0.0001009246334433,0.0034329597838222,0.037966065108776,0.0025269959587603,-0.0184023175388574,0.0091131431981921,0.0043884082697331,0.0028053608257323,-0.0306776333600282,-0.0129526909440755,-0.0232671536505222,-0.0028342236764729,0.00166469020769,0.0035430761054158,0.033603236079216,0.0628229603171348,0.0139095019549131,0.0587777226337808,0.0090644681729634,0.0588751444766431,0.0149645926889241,0.0692562974662327,0.0367464410469664,0.1002534740802718,0.0453710291216249,0.1772102617782085,0.1498905060386193,0.2562141001478188,0.0365890468851255,2019-02-07,2019-02-08,2019-02-11,2019-02-12,2019-02-13,2019-02-14,2019-02-15,2019-02-19,2019-02-20,2019-02-21,12449.0,2019-02-06,252.0,0.1709%,-0.0002,0.8539,0.1402,-0.4569,1.1407%,1.5763%,47.6368%,0.0038309999999999,FLT,12449.0,2019-02-07,252.0,6.2823%,0.0001,0.8345,0.1337,-0.4392,1.2291%,1.6221%,42.5793%,0.072629,FLT,12449.0,2019-02-08,252.0,-0.3806%,0.0,0.8359,0.1332,-0.4336,1.2300%,1.6223%,42.5122%,-0.007755,FLT,12449.0,2019-02-11,252.0,0.0092%,0.0001,0.8211,0.1458,-0.4345,1.2280%,1.5991%,41.0314%,-0.00106,FLT,12449.0,2019-02-12,252.0,0.7457%,0.0002,0.8386,0.12,-0.421,1.2092%,1.5920%,42.3081%,-0.004578,FLT,12449.0,2019-02-13,252.0,0.2330%,0.0002,0.8375,0.1217,-0.4207,1.2092%,1.5896%,42.1419%,0.000105,FLT,12449.0,2019-02-14,252.0,0.5059%,0.0002,0.8365,0.1234,-0.4221,1.2091%,1.5892%,42.1171%,0.003646,FLT,12449.0,2019-02-15,252.0,1.6100%,0.0003,0.8488,0.1354,-0.401,1.2089%,1.5921%,42.3448%,0.008265,FLT,12449.0,2019-02-19,252.0,0.9016%,0.0003,0.8519,0.1381,-0.3982,1.2096%,1.5923%,42.2969%,0.008114,FLT,12449.0,2019-02-20,252.0,0.6325%,0.0003,0.8526,0.1348,-0.3971,1.2082%,1.5913%,42.3485%,0.006493,FLT,12449.0,2019-02-21,252.0,-0.7692%,0.0002,0.8571,0.1427,-0.3888,1.2075%,1.5920%,42.4702%,-0.005457,FLT,0.07646,0.068705,0.067645,0.0631719999999999,0.0842329999999999
26219,FLEETCOR TECHNOLOGIES INC,"Fleetcor Technologies Q4 GAAP EPS $3.33, Adj. EPS $2.78 Beats $2.72 Estimate, Sales $643.4M Beat $620.11M Estimate",6,increase,0.85,0.7,"the company reported better-than-expected earnings and sales, which typically leads to a positive reaction in stock prices.",2,2019-02-06,FLT,2019-02-06 21:50:00+00:00,12449.0,33904110,0.0017086893785744,677739.0,0.0628229603171348,0.0139095019549131,-0.0038061256054788,-0.0047785663045942,9.20134989428334e-05,0.0058471234515309,0.0074565517716109,-0.0039484873414039,0.0023300186730921,0.0255099106580019,0.0050594857893884,-0.0046851015649735,0.0160997863858938,-0.0063573322258889,0.0090158637613058,0.0162275023758411,0.0063254418782889,-0.002131970366463,-0.0076923076994717,0.0054098069667816,0.011871506460011,-0.0120008308440446,0.0080112153664231,0.0296454317867755,0.0064709698781371,0.0067952699027955,-0.0002157628914574,0.0013608714798465,0.0068191708996891,0.0122390454635024,0.000214347790461,-0.0013756323605775,-0.0054429532028734,-0.0055771735496819,-0.003102651098743,0.0025847456417977,-0.002161320997402,0.0113097382709384,-0.0144688803702592,0.007633167784661,0.0014066256117075,0.0058937836438417,0.0132121602073311,0.0183920487761497,0.0042022322304546,-0.0212880466133356,0.0136755742132663,-0.0009153466089628,0.0069370763376355,0.0121532268822193,0.0112848607823252,-0.0086980042979121,0.0061854626983404,0.0125820729881525,0.0005399995134212,0.041595458984375,-0.0110013661906123,-0.005102006252855,0.0138941258192062,-0.0097120692953467,-0.0168915577232837,-0.0101689361035823,0.0010106554254889,0.0049140322953462,0.0144720338284969,0.0045436560176312,0.0042299255728721,0.0076875281520187,0.005863883998245,-0.0153614655137062,0.0123573141172528,-0.0095915626734495,0.0100166322663426,-0.0061903675086796,0.0041757351718842,-0.0179157573729753,-0.0005198115832172,-0.0056705591268837,-0.0066007678396999,-0.0107430880889296,0.0080138137564063,-0.0048451554030179,0.0022772056981921,-0.032014675438404,-0.0023916058707982,0.0142709920182824,-0.0005194377736188,0.0089732958003878,-0.0009194312733598,-0.0065305782482028,0.0058418964035809,0.0274789836257696,0.0007558375364169,-0.0064550330862402,0.0020669754594564,0.0265602059662342,-0.0036494829691946,-0.0212641544640064,0.0009953418048098,-0.0010620623361319,0.0042956084944307,-0.0148059111088514,0.0165149047970771,-0.0355719402432441,-0.0012857641559094,-0.0001009246334433,0.0034329597838222,0.037966065108776,0.0025269959587603,-0.0184023175388574,0.0091131431981921,0.0043884082697331,0.0028053608257323,-0.0306776333600282,-0.0129526909440755,-0.0232671536505222,-0.0028342236764729,0.00166469020769,0.0035430761054158,0.033603236079216,0.0628229603171348,0.0139095019549131,0.0587777226337808,0.0090644681729634,0.0588751444766431,0.0149645926889241,0.0692562974662327,0.0367464410469664,0.1002534740802718,0.0453710291216249,0.1772102617782085,0.1498905060386193,0.2562141001478188,0.0365890468851255,2019-02-07,2019-02-08,2019-02-11,2019-02-12,2019-02-13,2019-02-14,2019-02-15,2019-02-19,2019-02-20,2019-02-21,12449.0,2019-02-06,252.0,0.1709%,-0.0002,0.8539,0.1402,-0.4569,1.1407%,1.5763%,47.6368%,0.0038309999999999,FLT,12449.0,2019-02-07,252.0,6.2823%,0.0001,0.8345,0.1337,-0.4392,1.2291%,1.6221%,42.5793%,0.072629,FLT,12449.0,2019-02-08,252.0,-0.3806%,0.0,0.8359,0.1332,-0.4336,1.2300%,1.6223%,42.5122%,-0.007755,FLT,12449.0,2019-02-11,252.0,0.0092%,0.0001,0.8211,0.1458,-0.4345,1.2280%,1.5991%,41.0314%,-0.00106,FLT,12449.0,2019-02-12,252.0,0.7457%,0.0002,0.8386,0.12,-0.421,1.2092%,1.5920%,42.3081%,-0.004578,FLT,12449.0,2019-02-13,252.0,0.2330%,0.0002,0.8375,0.1217,-0.4207,1.2092%,1.5896%,42.1419%,0.000105,FLT,12449.0,2019-02-14,252.0,0.5059%,0.0002,0.8365,0.1234,-0.4221,1.2091%,1.5892%,42.1171%,0.003646,FLT,12449.0,2019-02-15,252.0,1.6100%,0.0003,0.8488,0.1354,-0.401,1.2089%,1.5921%,42.3448%,0.008265,FLT,12449.0,2019-02-19,252.0,0.9016%,0.0003,0.8519,0.1381,-0.3982,1.2096%,1.5923%,42.2969%,0.008114,FLT,12449.0,2019-02-20,252.0,0.6325%,0.0003,0.8526,0.1348,-0.3971,1.2082%,1.5913%,42.3485%,0.006493,FLT,12449.0,2019-02-21,252.0,-0.7692%,0.0002,0.8571,0.1427,-0.3888,1.2075%,1.5920%,42.4702%,-0.005457,FLT,0.07646,0.068705,0.067645,0.0631719999999999,0.0842329999999999
26227,FLEETCOR TECHNOLOGIES INC,Fleetcor Technologies Q4 Earnings Preview,6,uncertain,0.5,0.5,"the earnings preview does not provide specific information about expected performance, making the impact on stock price unclear.",1,2019-02-06,FLT,2019-02-06 13:36:00+00:00,12449.0,33904110,0.0017086893785744,677739.0,0.0628229603171348,0.0139095019549131,-0.0038061256054788,-0.0047785663045942,9.20134989428334e-05,0.0058471234515309,0.0074565517716109,-0.0039484873414039,0.0023300186730921,0.0255099106580019,0.0050594857893884,-0.0046851015649735,0.0160997863858938,-0.0063573322258889,0.0090158637613058,0.0162275023758411,0.0063254418782889,-0.002131970366463,-0.0076923076994717,0.0054098069667816,0.011871506460011,-0.0120008308440446,0.0080112153664231,0.0296454317867755,0.0064709698781371,0.0067952699027955,-0.0002157628914574,0.0013608714798465,0.0068191708996891,0.0122390454635024,0.000214347790461,-0.0013756323605775,-0.0054429532028734,-0.0055771735496819,-0.003102651098743,0.0025847456417977,-0.002161320997402,0.0113097382709384,-0.0144688803702592,0.007633167784661,0.0014066256117075,0.0058937836438417,0.0132121602073311,0.0183920487761497,0.0042022322304546,-0.0212880466133356,0.0136755742132663,-0.0009153466089628,0.0069370763376355,0.0121532268822193,0.0112848607823252,-0.0086980042979121,0.0061854626983404,0.0125820729881525,0.0005399995134212,0.041595458984375,-0.0110013661906123,-0.005102006252855,0.0138941258192062,-0.0097120692953467,-0.0168915577232837,-0.0101689361035823,0.0010106554254889,0.0049140322953462,0.0144720338284969,0.0045436560176312,0.0042299255728721,0.0076875281520187,0.005863883998245,-0.0153614655137062,0.0123573141172528,-0.0095915626734495,0.0100166322663426,-0.0061903675086796,0.0041757351718842,-0.0179157573729753,-0.0005198115832172,-0.0056705591268837,-0.0066007678396999,-0.0107430880889296,0.0080138137564063,-0.0048451554030179,0.0022772056981921,-0.032014675438404,-0.0023916058707982,0.0142709920182824,-0.0005194377736188,0.0089732958003878,-0.0009194312733598,-0.0065305782482028,0.0058418964035809,0.0274789836257696,0.0007558375364169,-0.0064550330862402,0.0020669754594564,0.0265602059662342,-0.0036494829691946,-0.0212641544640064,0.0009953418048098,-0.0010620623361319,0.0042956084944307,-0.0148059111088514,0.0165149047970771,-0.0355719402432441,-0.0012857641559094,-0.0001009246334433,0.0034329597838222,0.037966065108776,0.0025269959587603,-0.0184023175388574,0.0091131431981921,0.0043884082697331,0.0028053608257323,-0.0306776333600282,-0.0129526909440755,-0.0232671536505222,-0.0028342236764729,0.00166469020769,0.0035430761054158,0.033603236079216,0.0628229603171348,0.0139095019549131,0.0587777226337808,0.0090644681729634,0.0588751444766431,0.0149645926889241,0.0692562974662327,0.0367464410469664,0.1002534740802718,0.0453710291216249,0.1772102617782085,0.1498905060386193,0.2562141001478188,0.0365890468851255,2019-02-07,2019-02-08,2019-02-11,2019-02-12,2019-02-13,2019-02-14,2019-02-15,2019-02-19,2019-02-20,2019-02-21,12449.0,2019-02-06,252.0,0.1709%,-0.0002,0.8539,0.1402,-0.4569,1.1407%,1.5763%,47.6368%,0.0038309999999999,FLT,12449.0,2019-02-07,252.0,6.2823%,0.0001,0.8345,0.1337,-0.4392,1.2291%,1.6221%,42.5793%,0.072629,FLT,12449.0,2019-02-08,252.0,-0.3806%,0.0,0.8359,0.1332,-0.4336,1.2300%,1.6223%,42.5122%,-0.007755,FLT,12449.0,2019-02-11,252.0,0.0092%,0.0001,0.8211,0.1458,-0.4345,1.2280%,1.5991%,41.0314%,-0.00106,FLT,12449.0,2019-02-12,252.0,0.7457%,0.0002,0.8386,0.12,-0.421,1.2092%,1.5920%,42.3081%,-0.004578,FLT,12449.0,2019-02-13,252.0,0.2330%,0.0002,0.8375,0.1217,-0.4207,1.2092%,1.5896%,42.1419%,0.000105,FLT,12449.0,2019-02-14,252.0,0.5059%,0.0002,0.8365,0.1234,-0.4221,1.2091%,1.5892%,42.1171%,0.003646,FLT,12449.0,2019-02-15,252.0,1.6100%,0.0003,0.8488,0.1354,-0.401,1.2089%,1.5921%,42.3448%,0.008265,FLT,12449.0,2019-02-19,252.0,0.9016%,0.0003,0.8519,0.1381,-0.3982,1.2096%,1.5923%,42.2969%,0.008114,FLT,12449.0,2019-02-20,252.0,0.6325%,0.0003,0.8526,0.1348,-0.3971,1.2082%,1.5913%,42.3485%,0.006493,FLT,12449.0,2019-02-21,252.0,-0.7692%,0.0002,0.8571,0.1427,-0.3888,1.2075%,1.5920%,42.4702%,-0.005457,FLT,0.07646,0.068705,0.067645,0.0631719999999999,0.0842329999999999
26235,FORMFACTOR INC,"FormFactor Sees Q1 Adj. EPS $0.15-$0.21 vs $0.24 Est., Sales $127M-$135M vs $132.31M Est.",6,decrease,0.75,0.6,"the company's adjusted eps and sales guidance are both below analyst estimates, which typically leads to a negative reaction in stock prices.",0,2019-02-06,FORM,2019-02-06 21:46:00+00:00,89753.0,34637510,0.0,495661.0,-0.001963333459571,0.0006548313540406,0.0006557527231052,0.0046053058467805,0.0013105834368616,0.0119839776307344,0.022905783727765,0.0196877755224704,0.0063979160040616,0.0222067795693874,0.0076287887059152,-0.0150376120582222,0.0050473138689994,-0.0013651539338752,-0.0050219660624861,0.0531991198658943,0.0220820419490337,0.0537878833711147,-0.008024756796658,-0.0141897331923246,0.0161792300641536,-0.034607034176588,0.0128598278388381,0.0206033643335104,-0.0108827268704772,0.0059215337969362,-0.0195598825812339,-0.0036873295903205,-0.0118454191833734,-0.0216449666768312,0.0031545259989798,-0.0184136144816875,-0.0062892725691199,0.0092923603951931,-0.0037974948063492,0.0196792632341384,-0.0152477622032165,0.0073421718552708,-0.0238709598779678,0.0014705517096444,-0.0033047052565962,0.0096510844305157,0.023209573701024,0.0458074659109115,-0.0038885560352355,-0.0845770835876464,0.0032531027682125,-0.0014194789109751,-0.0025940311606973,0.0057102013379335,0.0201560128480196,0.0226277690380811,-0.0050987843424081,0.0231515653431415,0.0172966346144676,0.0493730492889881,-0.0075566680170595,-0.0108526665717363,0.0387056209146976,-0.0437361113727092,-0.0366524346172809,-0.0146091906353831,-0.0019023896893486,-0.0479833483695983,0.0063532646745443,0.0184136144816875,-0.0170454829931259,-0.0241880007088184,0.00449586706236,-0.0359760113060474,0.0287723653018474,-0.0111989509314298,0.0515848286449909,0.0093085337430238,0.0035460677463561,-0.0150622455403208,0.030035350471735,0.0214047264307737,-0.0011435367632657,-0.0323624610900878,0.0188895221799612,-0.0083440383896231,0.0112359980121254,-0.0511571355164051,-0.0022222730331122,-0.0042449785396456,0.0217149946838617,0.0254975035786628,0.0070844227448105,-0.009242121130228,0.0021645517554134,0.0532121807336807,-0.0037796811666339,-0.0019429879030212,0.0054199714213609,0.0348525121808052,-0.0123988976702094,0.008789730258286,-0.0010917281033471,0.0144032947719097,-0.0027321989182382,0.0282087177038192,0.0147945452481508,-0.0540359877049922,0.0091792698949575,0.0033467330504208,-0.0176564957946538,0.0425680167973041,0.0016339203575626,0.0091549381613731,0.0,0.011396000161767,0.0304514076560735,-0.035714317113161,-0.0126649960875511,-0.0267379414290189,-0.0951362326741218,-0.0020013165194541,0.0738334283232688,0.0026755826547741,-0.001963333459571,0.0006548313540406,-0.0013088681977282,0.0052631528994846,-1.4184753371893066e-10,0.0173102040368335,0.0294502488660992,0.0603747325740076,0.0517015683419501,0.1411500624099941,0.071335149599482,0.1326908857134192,0.1897906064351928,0.0220735781513887,2019-02-07,2019-02-08,2019-02-11,2019-02-12,2019-02-13,2019-02-14,2019-02-15,2019-02-19,2019-02-20,2019-02-21,89753.0,2019-02-06,252.0,0.0000%,0.0005,1.4955,1.8557,-0.4538,2.8264%,3.5052%,34.9829%,0.003678,FORM,89753.0,2019-02-07,252.0,-0.1963%,0.0005,1.4903,1.8557,-0.4502,2.8280%,3.5035%,34.8424%,0.016027,FORM,89753.0,2019-02-08,252.0,0.0656%,0.0006,1.4903,1.8873,-0.4293,2.8204%,3.4982%,34.9986%,-0.00482,FORM,89753.0,2019-02-11,252.0,0.1311%,0.0007,1.4468,1.9111,-0.4393,2.8144%,3.4675%,34.1206%,-0.012345,FORM,89753.0,2019-02-12,252.0,2.2906%,0.0007,1.443,1.9169,-0.4423,2.8140%,3.4689%,34.1913%,0.002,FORM,89753.0,2019-02-13,252.0,0.6398%,0.0008,1.4509,1.9039,-0.4444,2.8120%,3.4688%,34.2851%,0.0014169999999999,FORM,89753.0,2019-02-14,252.0,0.7629%,0.0008,1.4523,1.9028,-0.4447,2.8110%,3.4689%,34.3313%,-0.001902,FORM,89753.0,2019-02-15,252.0,0.5047%,0.0006,1.4268,1.8783,-0.4883,2.8099%,3.4583%,33.9809%,-0.014087,FORM,89753.0,2019-02-19,252.0,-0.5022%,0.0006,1.4264,1.8676,-0.5002,2.8107%,3.4579%,33.9310%,-0.0118149999999999,FORM,89753.0,2019-02-20,252.0,2.2082%,0.0008,1.4333,1.8928,-0.4731,2.8092%,3.4587%,34.0343%,0.017914,FORM,89753.0,2019-02-21,252.0,-0.8025%,0.0006,1.4489,1.9239,-0.4444,2.7972%,3.4554%,34.4698%,-0.002585,FORM,0.019705,0.014885,0.00254,0.005957,-0.0065179999999999
26243,FORMFACTOR INC,"FormFactor Q4 Adj. EPS $0.31 Beats $0.26 Estimate, Sales $140.9M Beat $135.93M Estimate",6,increase,0.8,0.7,the positive earnings surprise and higher-than-expected sales are likely to boost investor confidence and lead to an increase in formfactor inc's stock price.,2,2019-02-06,FORM,2019-02-06 21:45:00+00:00,89753.0,34637510,0.0,495661.0,-0.001963333459571,0.0006548313540406,0.0006557527231052,0.0046053058467805,0.0013105834368616,0.0119839776307344,0.022905783727765,0.0196877755224704,0.0063979160040616,0.0222067795693874,0.0076287887059152,-0.0150376120582222,0.0050473138689994,-0.0013651539338752,-0.0050219660624861,0.0531991198658943,0.0220820419490337,0.0537878833711147,-0.008024756796658,-0.0141897331923246,0.0161792300641536,-0.034607034176588,0.0128598278388381,0.0206033643335104,-0.0108827268704772,0.0059215337969362,-0.0195598825812339,-0.0036873295903205,-0.0118454191833734,-0.0216449666768312,0.0031545259989798,-0.0184136144816875,-0.0062892725691199,0.0092923603951931,-0.0037974948063492,0.0196792632341384,-0.0152477622032165,0.0073421718552708,-0.0238709598779678,0.0014705517096444,-0.0033047052565962,0.0096510844305157,0.023209573701024,0.0458074659109115,-0.0038885560352355,-0.0845770835876464,0.0032531027682125,-0.0014194789109751,-0.0025940311606973,0.0057102013379335,0.0201560128480196,0.0226277690380811,-0.0050987843424081,0.0231515653431415,0.0172966346144676,0.0493730492889881,-0.0075566680170595,-0.0108526665717363,0.0387056209146976,-0.0437361113727092,-0.0366524346172809,-0.0146091906353831,-0.0019023896893486,-0.0479833483695983,0.0063532646745443,0.0184136144816875,-0.0170454829931259,-0.0241880007088184,0.00449586706236,-0.0359760113060474,0.0287723653018474,-0.0111989509314298,0.0515848286449909,0.0093085337430238,0.0035460677463561,-0.0150622455403208,0.030035350471735,0.0214047264307737,-0.0011435367632657,-0.0323624610900878,0.0188895221799612,-0.0083440383896231,0.0112359980121254,-0.0511571355164051,-0.0022222730331122,-0.0042449785396456,0.0217149946838617,0.0254975035786628,0.0070844227448105,-0.009242121130228,0.0021645517554134,0.0532121807336807,-0.0037796811666339,-0.0019429879030212,0.0054199714213609,0.0348525121808052,-0.0123988976702094,0.008789730258286,-0.0010917281033471,0.0144032947719097,-0.0027321989182382,0.0282087177038192,0.0147945452481508,-0.0540359877049922,0.0091792698949575,0.0033467330504208,-0.0176564957946538,0.0425680167973041,0.0016339203575626,0.0091549381613731,0.0,0.011396000161767,0.0304514076560735,-0.035714317113161,-0.0126649960875511,-0.0267379414290189,-0.0951362326741218,-0.0020013165194541,0.0738334283232688,0.0026755826547741,-0.001963333459571,0.0006548313540406,-0.0013088681977282,0.0052631528994846,-1.4184753371893066e-10,0.0173102040368335,0.0294502488660992,0.0603747325740076,0.0517015683419501,0.1411500624099941,0.071335149599482,0.1326908857134192,0.1897906064351928,0.0220735781513887,2019-02-07,2019-02-08,2019-02-11,2019-02-12,2019-02-13,2019-02-14,2019-02-15,2019-02-19,2019-02-20,2019-02-21,89753.0,2019-02-06,252.0,0.0000%,0.0005,1.4955,1.8557,-0.4538,2.8264%,3.5052%,34.9829%,0.003678,FORM,89753.0,2019-02-07,252.0,-0.1963%,0.0005,1.4903,1.8557,-0.4502,2.8280%,3.5035%,34.8424%,0.016027,FORM,89753.0,2019-02-08,252.0,0.0656%,0.0006,1.4903,1.8873,-0.4293,2.8204%,3.4982%,34.9986%,-0.00482,FORM,89753.0,2019-02-11,252.0,0.1311%,0.0007,1.4468,1.9111,-0.4393,2.8144%,3.4675%,34.1206%,-0.012345,FORM,89753.0,2019-02-12,252.0,2.2906%,0.0007,1.443,1.9169,-0.4423,2.8140%,3.4689%,34.1913%,0.002,FORM,89753.0,2019-02-13,252.0,0.6398%,0.0008,1.4509,1.9039,-0.4444,2.8120%,3.4688%,34.2851%,0.0014169999999999,FORM,89753.0,2019-02-14,252.0,0.7629%,0.0008,1.4523,1.9028,-0.4447,2.8110%,3.4689%,34.3313%,-0.001902,FORM,89753.0,2019-02-15,252.0,0.5047%,0.0006,1.4268,1.8783,-0.4883,2.8099%,3.4583%,33.9809%,-0.014087,FORM,89753.0,2019-02-19,252.0,-0.5022%,0.0006,1.4264,1.8676,-0.5002,2.8107%,3.4579%,33.9310%,-0.0118149999999999,FORM,89753.0,2019-02-20,252.0,2.2082%,0.0008,1.4333,1.8928,-0.4731,2.8092%,3.4587%,34.0343%,0.017914,FORM,89753.0,2019-02-21,252.0,-0.8025%,0.0006,1.4489,1.9239,-0.4444,2.7972%,3.4554%,34.4698%,-0.002585,FORM,0.019705,0.014885,0.00254,0.005957,-0.0065179999999999
26251,FOSSIL GROUP INC,Fossil Group Option Alert: Fri $15 Puts Sweep (39) near the Bid: 1089 @ $0.301 vs 38 OI; Earnings 2/12 After Close [est] Ref=$15.64,6,decrease,0.7,0.6,the significant put option activity suggests that investors are anticipating a decline in fossil group's stock price ahead of the earnings report.,0,2019-02-06,FOSL,2019-02-06 17:55:00+00:00,79089.0,34988V10,-0.0966212823987007,3781680.0,0.010498677380383,0.0,-0.005194800440222,0.0047647361643612,0.0365535542368888,-0.010023477487266,0.0207807905972003,-0.0213503073900938,-0.0271436553448438,-0.0057372562587261,-0.0329740308225154,-0.0034305013250559,-0.02426228672266,0.0,-0.0080645084381103,0.0145011600106954,0.0081300735473632,0.0040768603794276,0.0181451272219419,0.01597635820508,0.0528052933514118,-0.0611111335456371,0.0294671021401882,0.0,-0.0456760041415691,0.0332950577139854,0.012125052511692,0.0127906575798988,-0.0138713316991925,0.0,0.0223784800618886,-0.0282485857605934,-0.0200124885886907,0.0308678317815065,-0.022335696965456,-0.0977404415607452,-0.046997345983982,0.0181915536522865,0.0068492759019136,0.0482333488762378,-0.0013605104759335,0.0806060582399368,0.0061308005824685,0.0735198482871055,-0.0081246336922049,-0.0740964114665985,0.013651929795742,0.0553083829581737,0.0127945840358734,-0.0308071486651897,-0.0259308740496635,0.0175548419356346,0.044368639588356,0.0363872274756431,-0.0254902187734842,0.1274725794792175,-0.0335345417261123,-0.1019736975431442,0.0111033897846937,0.0013174903579056,-0.0473575554788112,-0.0931899324059486,0.0136887300759553,0.0102595100179314,0.0135039472952485,0.0474083460867404,0.0,-0.0037783640436828,-0.0105189736932516,-0.0068792779929935,-0.0276399292051792,-0.0599647536873817,0.0174926947802305,0.0047253351658582,-0.0042980243451893,0.0101432027295231,0.0230216309428215,-0.0466438978910446,0.0218002442270517,-0.0624000057578086,-0.0543702654540538,-0.0573152042925357,-0.0101891839876771,-0.0386660769581794,0.003676414489746,0.0703569874167442,-0.0212454181164503,0.0168332289904356,-0.0104789966717362,0.0173936728388071,0.0022692687343806,-0.0199318677186965,-0.0158490594476461,-0.1091121062636375,0.0053680748678743,0.0667996108531951,-0.00305110309273,0.0297741238027811,0.0,0.03727363422513,-0.0145370764657855,-0.0471840910613536,0.0077639305964112,0.0406546220183372,0.0392912365496158,-0.0109660094603896,-0.0081541631370782,0.0251605622470378,-0.0171898733824491,-0.0255607608705759,0.0326996445655822,-0.0249236915260553,-0.037555243819952,0.0463011637330055,-0.0153022045269608,-0.1400457322597504,0.0097125098109245,0.0575992502272129,0.0380915664136409,-0.1271651983261108,0.010498677380383,0.0,0.0052493384062837,0.0047647361643612,0.0419947746193145,-0.005306500548581,0.0347769483324136,-0.0321284818461846,-0.0059055232188764,-0.0017750757489635,-0.043963264270153,0.111330719334814,-0.1148293947782439,-0.2872834520881587,2019-02-07,2019-02-08,2019-02-11,2019-02-12,2019-02-13,2019-02-14,2019-02-15,2019-02-19,2019-02-20,2019-02-21,79089.0,2019-02-06,252.0,-9.6621%,0.005,2.4428,3.1531,2.0477,6.5766%,7.1348%,15.0370%,-0.092629,FOSL,79089.0,2019-02-07,252.0,1.0499%,0.0048,2.3825,3.2198,2.0455,6.5518%,7.0986%,14.8143%,0.02923,FOSL,79089.0,2019-02-08,252.0,-0.5195%,0.0045,2.3841,3.1663,2.0168,6.5413%,7.0847%,14.7510%,0.0050649999999999,FOSL,79089.0,2019-02-11,252.0,3.6554%,0.0047,2.3448,3.2078,2.0187,6.5384%,7.0689%,14.4467%,0.00758,FOSL,79089.0,2019-02-12,252.0,2.0781%,0.0046,2.3336,3.2125,2.0122,6.5388%,7.0681%,14.4173%,-0.008418,FOSL,79089.0,2019-02-13,252.0,-2.7144%,0.0045,2.334,3.1949,1.9989,6.5434%,7.0709%,14.3639%,-0.037114,FOSL,79089.0,2019-02-14,252.0,-3.2974%,0.0041,2.3383,3.172,2.0316,6.5334%,7.0597%,14.3524%,-0.033193,FOSL,79089.0,2019-02-15,252.0,-2.4262%,0.0002,1.6075,2.5073,0.8338,3.9174%,4.4006%,20.7556%,-0.068467,FOSL,79089.0,2019-02-19,252.0,-0.8065%,0.0005,1.6335,2.4516,0.7689,3.8716%,4.3673%,21.4110%,-0.020991,FOSL,79089.0,2019-02-20,252.0,0.8130%,0.0007,1.6392,2.4976,0.798,3.8419%,4.3478%,21.9190%,-0.004696,FOSL,79089.0,2019-02-21,252.0,1.8145%,0.001,1.6192,2.4628,0.7611,3.8380%,4.3330%,21.5404%,0.027694,FOSL,-0.063399,-0.058334,-0.050754,-0.096286,-0.195939
26259,FORTINET INC,"Fortinet Sees FY19 Adj. EPS $2.05-$2.10 vs $2.01 Estimate, Sales $2.06B-$2.1B vs $2.06B Est.",6,increase,0.8,0.6,"fortinet's adjusted eps and sales guidance both exceed estimates, which is likely to positively influence investor sentiment and drive the stock price higher.",2,2019-02-06,FTNT,2019-02-06 21:17:00+00:00,93132.0,34959E10,-0.0091496892273426,2785465.0,-0.0229007713496685,0.0228350609540939,0.0209172889590263,0.0157160684466362,0.0082696350291371,0.0304296966642141,0.0176275521516799,0.0187599249184131,-0.0085408287122845,0.026635767892003,0.0093424450606107,-0.0069180973805487,-0.0009616760071367,0.0017666107742115,0.0098664378747344,0.0147545468062162,-0.0007148523582145,0.0145494295284152,0.0073923347517848,0.0233357902616262,0.0272221937775611,-0.0092198802158236,0.0031109186820685,-0.029593963176012,-0.0009188399417325,0.0042853914201259,0.0105771226808428,-0.0306847244501113,-0.0126279927790164,0.0327981598675251,0.0016130820149555,-0.0137845575809478,-0.0357759185135364,0.0008195268455892,-0.0023860288783907,0.0017788348486647,-0.008610394783318,0.0213836301118135,-0.0050663226284086,0.0208304580301046,-0.0219447761774063,0.0475264154374599,0.0234287772327661,-0.0097675900906324,-0.0019379365257918,-0.0302812941372394,0.0152912875637412,-0.0106488708406686,0.0086061861366033,0.0012795560760423,-0.0132732298225164,-0.0007103715324774,0.0150132114067673,0.0265422146767377,0.0095846354961395,0.0467103868722915,0.0032817483879625,-0.0050120628438889,0.0315421111881732,-0.0576786361634731,-0.035220842808485,-0.0021421581041067,-0.001995607279241,-0.0007136156782507,-0.0021171525586396,0.0268171429634094,-0.0354784838855266,-0.0640516504645347,0.006354596465826,-0.0214736070483923,0.0196721646934747,-0.0090437596663832,0.0148862684145569,0.0100752282887697,0.0048110308125615,-0.0034805156756192,0.0217213667929172,0.0431503467261791,-0.0456051900982856,-0.0507688447833061,0.007305396720767,0.0280731152743101,0.023421723395586,-0.0230329297482967,0.0142889833077788,0.017199408262968,0.0264575108885765,-0.0008119781850837,0.0006694661569781,0.0051687280647456,0.0337867848575115,0.0398868434131145,0.0270736943930387,-0.0019762760493904,-0.0122873149812221,0.0423778295516967,-0.0178628414869308,-0.008462238125503,-0.0139655824750661,0.0223747007548809,0.00537986215204,-0.0109176430851221,0.0045866351574659,-0.0771953463554382,0.0029351480770856,0.0096219507977366,0.0069369105622172,-0.0080446740612387,0.0012916589621454,-0.0019053757423534,0.0001075267282431,-0.003525827312842,0.0041921897791326,-0.0132477646693587,-0.0163776371628046,-0.0408163294196128,-0.0041353492997586,0.0006422174628823,-0.0606491416692733,0.0416053608059883,-0.0229007713496685,0.0228350609540939,-0.0024625044423477,0.0389100067816676,0.0057867665737936,0.0705237231494504,0.0147746476368124,0.1196558138846151,0.0402609770929978,0.1735147157236105,0.0871706702676893,0.173178729418588,0.058359984928773,0.0965886402088771,2019-02-07,2019-02-08,2019-02-11,2019-02-12,2019-02-13,2019-02-14,2019-02-15,2019-02-19,2019-02-20,2019-02-21,93132.0,2019-02-06,252.0,-0.9150%,0.0019,0.8818,-0.0933,-1.55,1.7576%,2.3732%,45.1496%,-0.006237,FTNT,93132.0,2019-02-07,252.0,-2.2901%,0.0017,0.8601,-0.0609,-1.5562,1.7385%,2.3490%,45.2224%,-0.008876,FTNT,93132.0,2019-02-08,252.0,2.0917%,0.0018,0.8583,-0.0472,-1.5547,1.7359%,2.3467%,45.2857%,0.009336,FTNT,93132.0,2019-02-11,252.0,0.8270%,0.0017,0.8813,-0.0568,-1.5478,1.7337%,2.3418%,45.1910%,0.0108549999999999,FTNT,93132.0,2019-02-12,252.0,1.7628%,0.0016,0.8619,-0.031,-1.5624,1.7201%,2.3278%,45.3946%,0.002921,FTNT,93132.0,2019-02-13,252.0,-0.8541%,0.0016,0.8691,-0.0478,-1.5681,1.7173%,2.3287%,45.6181%,-0.009942,FTNT,93132.0,2019-02-14,252.0,0.9342%,0.0015,0.8671,-0.0485,-1.5644,1.7086%,2.3199%,45.7530%,0.002221,FTNT,93132.0,2019-02-15,252.0,-0.0962%,0.0015,0.8654,-0.0505,-1.5679,1.7089%,2.3199%,45.7397%,-0.00323,FTNT,93132.0,2019-02-19,252.0,0.9866%,0.0016,0.8688,-0.045,-1.5619,1.7103%,2.3181%,45.5680%,0.012972,FTNT,93132.0,2019-02-20,252.0,-0.0715%,0.0016,0.8706,-0.0383,-1.5546,1.7101%,2.3175%,45.5492%,0.0062239999999999,FTNT,93132.0,2019-02-21,252.0,0.7392%,0.0016,0.8702,-0.038,-1.5555,1.7104%,2.3177%,45.5416%,0.006911,FTNT,-0.015113,-0.005777,0.0050779999999999,-0.001943,0.023155
26267,FORTINET INC,"Fortinet Sees Q1 Adj. EPS $0.37-$0.39 vs $0.41 Estimate, Sales $465M-$475M vs $470.4M Est.",6,decrease,0.75,0.6,"fortinet's adjusted eps and sales guidance both fell short of analyst estimates, which typically leads to a negative reaction in stock prices.",0,2019-02-06,FTNT,2019-02-06 21:16:00+00:00,93132.0,34959E10,-0.0091496892273426,2785465.0,-0.0229007713496685,0.0228350609540939,0.0209172889590263,0.0157160684466362,0.0082696350291371,0.0304296966642141,0.0176275521516799,0.0187599249184131,-0.0085408287122845,0.026635767892003,0.0093424450606107,-0.0069180973805487,-0.0009616760071367,0.0017666107742115,0.0098664378747344,0.0147545468062162,-0.0007148523582145,0.0145494295284152,0.0073923347517848,0.0233357902616262,0.0272221937775611,-0.0092198802158236,0.0031109186820685,-0.029593963176012,-0.0009188399417325,0.0042853914201259,0.0105771226808428,-0.0306847244501113,-0.0126279927790164,0.0327981598675251,0.0016130820149555,-0.0137845575809478,-0.0357759185135364,0.0008195268455892,-0.0023860288783907,0.0017788348486647,-0.008610394783318,0.0213836301118135,-0.0050663226284086,0.0208304580301046,-0.0219447761774063,0.0475264154374599,0.0234287772327661,-0.0097675900906324,-0.0019379365257918,-0.0302812941372394,0.0152912875637412,-0.0106488708406686,0.0086061861366033,0.0012795560760423,-0.0132732298225164,-0.0007103715324774,0.0150132114067673,0.0265422146767377,0.0095846354961395,0.0467103868722915,0.0032817483879625,-0.0050120628438889,0.0315421111881732,-0.0576786361634731,-0.035220842808485,-0.0021421581041067,-0.001995607279241,-0.0007136156782507,-0.0021171525586396,0.0268171429634094,-0.0354784838855266,-0.0640516504645347,0.006354596465826,-0.0214736070483923,0.0196721646934747,-0.0090437596663832,0.0148862684145569,0.0100752282887697,0.0048110308125615,-0.0034805156756192,0.0217213667929172,0.0431503467261791,-0.0456051900982856,-0.0507688447833061,0.007305396720767,0.0280731152743101,0.023421723395586,-0.0230329297482967,0.0142889833077788,0.017199408262968,0.0264575108885765,-0.0008119781850837,0.0006694661569781,0.0051687280647456,0.0337867848575115,0.0398868434131145,0.0270736943930387,-0.0019762760493904,-0.0122873149812221,0.0423778295516967,-0.0178628414869308,-0.008462238125503,-0.0139655824750661,0.0223747007548809,0.00537986215204,-0.0109176430851221,0.0045866351574659,-0.0771953463554382,0.0029351480770856,0.0096219507977366,0.0069369105622172,-0.0080446740612387,0.0012916589621454,-0.0019053757423534,0.0001075267282431,-0.003525827312842,0.0041921897791326,-0.0132477646693587,-0.0163776371628046,-0.0408163294196128,-0.0041353492997586,0.0006422174628823,-0.0606491416692733,0.0416053608059883,-0.0229007713496685,0.0228350609540939,-0.0024625044423477,0.0389100067816676,0.0057867665737936,0.0705237231494504,0.0147746476368124,0.1196558138846151,0.0402609770929978,0.1735147157236105,0.0871706702676893,0.173178729418588,0.058359984928773,0.0965886402088771,2019-02-07,2019-02-08,2019-02-11,2019-02-12,2019-02-13,2019-02-14,2019-02-15,2019-02-19,2019-02-20,2019-02-21,93132.0,2019-02-06,252.0,-0.9150%,0.0019,0.8818,-0.0933,-1.55,1.7576%,2.3732%,45.1496%,-0.006237,FTNT,93132.0,2019-02-07,252.0,-2.2901%,0.0017,0.8601,-0.0609,-1.5562,1.7385%,2.3490%,45.2224%,-0.008876,FTNT,93132.0,2019-02-08,252.0,2.0917%,0.0018,0.8583,-0.0472,-1.5547,1.7359%,2.3467%,45.2857%,0.009336,FTNT,93132.0,2019-02-11,252.0,0.8270%,0.0017,0.8813,-0.0568,-1.5478,1.7337%,2.3418%,45.1910%,0.0108549999999999,FTNT,93132.0,2019-02-12,252.0,1.7628%,0.0016,0.8619,-0.031,-1.5624,1.7201%,2.3278%,45.3946%,0.002921,FTNT,93132.0,2019-02-13,252.0,-0.8541%,0.0016,0.8691,-0.0478,-1.5681,1.7173%,2.3287%,45.6181%,-0.009942,FTNT,93132.0,2019-02-14,252.0,0.9342%,0.0015,0.8671,-0.0485,-1.5644,1.7086%,2.3199%,45.7530%,0.002221,FTNT,93132.0,2019-02-15,252.0,-0.0962%,0.0015,0.8654,-0.0505,-1.5679,1.7089%,2.3199%,45.7397%,-0.00323,FTNT,93132.0,2019-02-19,252.0,0.9866%,0.0016,0.8688,-0.045,-1.5619,1.7103%,2.3181%,45.5680%,0.012972,FTNT,93132.0,2019-02-20,252.0,-0.0715%,0.0016,0.8706,-0.0383,-1.5546,1.7101%,2.3175%,45.5492%,0.0062239999999999,FTNT,93132.0,2019-02-21,252.0,0.7392%,0.0016,0.8702,-0.038,-1.5555,1.7104%,2.3177%,45.5416%,0.006911,FTNT,-0.015113,-0.005777,0.0050779999999999,-0.001943,0.023155
26275,FORTINET INC,"Fortinet Q4 EPS $0.59 Beats $0.52 Estimate, Sales $507M Beat $496.35M Estimate",6,increase,0.8,0.7,"the earnings per share and sales both exceeded estimates, which typically signals strong performance and can lead to a positive reaction in the stock price.",2,2019-02-06,FTNT,2019-02-06 21:16:00+00:00,93132.0,34959E10,-0.0091496892273426,2785465.0,-0.0229007713496685,0.0228350609540939,0.0209172889590263,0.0157160684466362,0.0082696350291371,0.0304296966642141,0.0176275521516799,0.0187599249184131,-0.0085408287122845,0.026635767892003,0.0093424450606107,-0.0069180973805487,-0.0009616760071367,0.0017666107742115,0.0098664378747344,0.0147545468062162,-0.0007148523582145,0.0145494295284152,0.0073923347517848,0.0233357902616262,0.0272221937775611,-0.0092198802158236,0.0031109186820685,-0.029593963176012,-0.0009188399417325,0.0042853914201259,0.0105771226808428,-0.0306847244501113,-0.0126279927790164,0.0327981598675251,0.0016130820149555,-0.0137845575809478,-0.0357759185135364,0.0008195268455892,-0.0023860288783907,0.0017788348486647,-0.008610394783318,0.0213836301118135,-0.0050663226284086,0.0208304580301046,-0.0219447761774063,0.0475264154374599,0.0234287772327661,-0.0097675900906324,-0.0019379365257918,-0.0302812941372394,0.0152912875637412,-0.0106488708406686,0.0086061861366033,0.0012795560760423,-0.0132732298225164,-0.0007103715324774,0.0150132114067673,0.0265422146767377,0.0095846354961395,0.0467103868722915,0.0032817483879625,-0.0050120628438889,0.0315421111881732,-0.0576786361634731,-0.035220842808485,-0.0021421581041067,-0.001995607279241,-0.0007136156782507,-0.0021171525586396,0.0268171429634094,-0.0354784838855266,-0.0640516504645347,0.006354596465826,-0.0214736070483923,0.0196721646934747,-0.0090437596663832,0.0148862684145569,0.0100752282887697,0.0048110308125615,-0.0034805156756192,0.0217213667929172,0.0431503467261791,-0.0456051900982856,-0.0507688447833061,0.007305396720767,0.0280731152743101,0.023421723395586,-0.0230329297482967,0.0142889833077788,0.017199408262968,0.0264575108885765,-0.0008119781850837,0.0006694661569781,0.0051687280647456,0.0337867848575115,0.0398868434131145,0.0270736943930387,-0.0019762760493904,-0.0122873149812221,0.0423778295516967,-0.0178628414869308,-0.008462238125503,-0.0139655824750661,0.0223747007548809,0.00537986215204,-0.0109176430851221,0.0045866351574659,-0.0771953463554382,0.0029351480770856,0.0096219507977366,0.0069369105622172,-0.0080446740612387,0.0012916589621454,-0.0019053757423534,0.0001075267282431,-0.003525827312842,0.0041921897791326,-0.0132477646693587,-0.0163776371628046,-0.0408163294196128,-0.0041353492997586,0.0006422174628823,-0.0606491416692733,0.0416053608059883,-0.0229007713496685,0.0228350609540939,-0.0024625044423477,0.0389100067816676,0.0057867665737936,0.0705237231494504,0.0147746476368124,0.1196558138846151,0.0402609770929978,0.1735147157236105,0.0871706702676893,0.173178729418588,0.058359984928773,0.0965886402088771,2019-02-07,2019-02-08,2019-02-11,2019-02-12,2019-02-13,2019-02-14,2019-02-15,2019-02-19,2019-02-20,2019-02-21,93132.0,2019-02-06,252.0,-0.9150%,0.0019,0.8818,-0.0933,-1.55,1.7576%,2.3732%,45.1496%,-0.006237,FTNT,93132.0,2019-02-07,252.0,-2.2901%,0.0017,0.8601,-0.0609,-1.5562,1.7385%,2.3490%,45.2224%,-0.008876,FTNT,93132.0,2019-02-08,252.0,2.0917%,0.0018,0.8583,-0.0472,-1.5547,1.7359%,2.3467%,45.2857%,0.009336,FTNT,93132.0,2019-02-11,252.0,0.8270%,0.0017,0.8813,-0.0568,-1.5478,1.7337%,2.3418%,45.1910%,0.0108549999999999,FTNT,93132.0,2019-02-12,252.0,1.7628%,0.0016,0.8619,-0.031,-1.5624,1.7201%,2.3278%,45.3946%,0.002921,FTNT,93132.0,2019-02-13,252.0,-0.8541%,0.0016,0.8691,-0.0478,-1.5681,1.7173%,2.3287%,45.6181%,-0.009942,FTNT,93132.0,2019-02-14,252.0,0.9342%,0.0015,0.8671,-0.0485,-1.5644,1.7086%,2.3199%,45.7530%,0.002221,FTNT,93132.0,2019-02-15,252.0,-0.0962%,0.0015,0.8654,-0.0505,-1.5679,1.7089%,2.3199%,45.7397%,-0.00323,FTNT,93132.0,2019-02-19,252.0,0.9866%,0.0016,0.8688,-0.045,-1.5619,1.7103%,2.3181%,45.5680%,0.012972,FTNT,93132.0,2019-02-20,252.0,-0.0715%,0.0016,0.8706,-0.0383,-1.5546,1.7101%,2.3175%,45.5492%,0.0062239999999999,FTNT,93132.0,2019-02-21,252.0,0.7392%,0.0016,0.8702,-0.038,-1.5555,1.7104%,2.3177%,45.5416%,0.006911,FTNT,-0.015113,-0.005777,0.0050779999999999,-0.001943,0.023155
26283,GENPACT LTD,"Bank of America Upgrades Genpact to Buy, Announces $36 Price Target",6,increase,0.8,0.7,upgrades from major financial institutions like bank of america typically signal positive sentiment and can lead to an increase in stock price.,2,2019-02-06,G,2019-02-06 12:16:00+00:00,92261.0,G3922B10,0.014020225033164,994061.0,-0.0122186839580535,0.0013059391640126,0.0657552853226661,0.0169322155416011,-0.0045815980993211,0.0097217876464128,0.0009204903035424,0.0070897731930017,-0.005518096499145,0.0129959322512149,0.0073983259499073,0.0,0.0079558845609426,-0.0044263214804232,0.0024287139531224,0.0110155455768108,0.0060569583438336,0.0041479063220322,-0.0006020606961101,-0.0013807044597342,0.0039156945422291,-0.0085557838901877,0.0036003277637064,0.0135275544598698,-0.003587411949411,0.0098073799163103,-0.0048005897551774,0.0084775621071457,0.001507478300482,0.0183453317731618,0.0096327420324087,-0.0067881578579545,-0.0020870510488748,0.0104692783206701,-0.0011951273772865,-0.0043134051375091,-0.0017948361346498,0.0010794810950756,-0.001048814272508,0.0172035582363605,0.0054135429672896,0.0077461851760745,0.0083756735548377,0.0257283505052328,0.0,-0.0134378718212246,0.0029665466863662,-0.0074101095087826,0.0029576595406979,0.0097269071266055,0.0058979876339435,0.0,0.00175894331187,0.0167363490909338,-0.0023411770816892,0.0158424172550439,0.0002932919305749,-0.0122138010337948,0.0170088522136211,-0.0299888737499713,-0.0161476749926805,-0.0106226745992898,0.0041031474247574,0.005154616665095,0.0128430370241403,-0.0025706829037517,-0.0043228105641901,-0.0062043825164437,0.0138928955420851,-0.0294013433158397,0.0042820875532925,-0.0063358079642057,0.0065377922728657,0.009236242622137,0.0016944754170253,-0.0028338620904833,0.0062023513019084,-0.0066854516044259,-0.0058839758858084,-0.0054101063869893,0.0011274215066805,-0.0151254907250404,0.001970712095499,-0.0383471027016639,-0.0005619684816338,-0.0042791035957634,0.0042170798406004,0.0049619455821812,0.0011197396088391,0.0069953058846294,0.0053132674656808,0.0252732150256633,-0.0036161630414426,-0.0101419622078537,0.005025134421885,0.0112820491194725,-0.0030555725097656,-0.0010246136225759,0.0025076665915548,0.0075705857016146,0.0025013939011842,-0.0112283062189817,0.0105351004749536,-0.014750269241631,-0.0041152681224048,0.0163543280214071,-0.0035812966525554,0.0082445815205574,0.0011059142416343,-0.0247906111180782,-0.0046947854571044,-0.0006695834454149,0.0072141597047448,-0.0083001321181654,-0.0162534471601247,0.0379049070179462,0.0070008402690291,-0.0132607752457261,0.0102892871946096,0.0733576714992523,-0.0122186839580535,0.0013059391640126,0.0527331583146832,0.018260267149023,0.0479099580774564,0.0281595772350253,0.0430867580557918,0.0489056204382107,0.0675241254987761,0.0586814228256424,0.117963197652364,0.13550536161326,0.1711535367855252,0.1222970152374947,2019-02-07,2019-02-08,2019-02-11,2019-02-12,2019-02-13,2019-02-14,2019-02-15,2019-02-19,2019-02-20,2019-02-21,92261.0,2019-02-06,252.0,1.4020%,-0.0002,0.6922,0.071,-0.0781,1.1239%,1.3682%,32.5279%,0.01552,G,92261.0,2019-02-07,252.0,-1.2219%,-0.0002,0.7016,0.0612,-0.0782,1.1209%,1.3703%,33.0923%,-0.005485,G,92261.0,2019-02-08,252.0,6.5755%,-0.0,0.6907,0.0404,-0.138,1.1916%,1.4314%,30.7024%,0.064454,G,92261.0,2019-02-11,252.0,-0.4582%,-0.0,0.6905,0.0331,-0.1421,1.1921%,1.4228%,29.7993%,-0.005598,G,92261.0,2019-02-12,252.0,0.0920%,-0.0001,0.6818,0.0378,-0.1473,1.1926%,1.4194%,29.4060%,-0.008818,G,92261.0,2019-02-13,252.0,-0.5518%,-0.0001,0.68,0.0378,-0.1491,1.1934%,1.4182%,29.1872%,-0.007447,G,92261.0,2019-02-14,252.0,0.7398%,0.0002,0.6824,0.0443,-0.1634,1.1242%,1.3646%,32.1292%,0.007665,G,92261.0,2019-02-15,252.0,0.7956%,0.0001,0.6771,0.0396,-0.1719,1.1234%,1.3615%,31.9219%,0.0008179999999999,G,92261.0,2019-02-19,252.0,0.2429%,0.0001,0.674,0.0452,-0.1654,1.1213%,1.3558%,31.5990%,0.001443,G,92261.0,2019-02-20,252.0,0.6057%,0.0001,0.6751,0.0458,-0.162,1.1215%,1.3561%,31.5972%,0.005487,G,92261.0,2019-02-21,252.0,-0.0602%,0.0001,0.6724,0.0405,-0.167,1.1208%,1.3544%,31.5190%,0.001455,G,0.010035,0.074489,0.068891,0.0526259999999999,0.069494
26291,GENERAL AMERICAN INVESTORS INC,General American Investors Adds 1M Shares To Buyback,6,increase,0.8,0.6,"the announcement of a buyback typically signals confidence from the company in its own stock, which can lead to an increase in stock price due to reduced supply and positive investor sentiment.",2,2019-02-06,GAM,2019-02-06 21:30:00+00:00,18622.0,36880210,0.0050361929461359,36585.0,-0.010335105471313,0.0053797489963471,-0.0031645689159631,0.007492447271943,0.0019047450041398,0.0062560057267546,0.0082382839173078,0.0077594495378434,0.0025141397491097,0.0134338084608316,0.0,0.002298840554431,0.0100313983857631,-0.0052270446904003,0.0074487230740487,0.0079025272279977,0.0024646283127367,0.0003293883055448,-0.0033804734703153,0.0013192914193496,0.003391939913854,-0.0101207792758941,0.0073754717595875,0.0149104986339807,-0.000610142131336,0.0036581512540578,0.0006105146021582,0.0016655308427289,-0.0021354393102228,0.0124789495021104,0.0036686868406832,-0.0053172977641224,-0.0024368511512875,-0.000720738666132,0.0,0.0013426991645246,-0.0042747906409204,0.0050607803277671,-0.009046365506947,0.0085062952712178,-0.0088194292038679,0.0183644760400056,0.0137371979653835,0.0205091908574104,0.0092392740771174,-0.0177144911140203,0.0079340348020195,0.012306623160839,0.0006055240519344,0.0124599635601043,0.0072617754340171,0.0064493124373257,0.0042054485529661,-0.0027620035689324,0.0020939183887094,0.0331229493021965,-0.0041790860705077,-0.019189016893506,0.0074940044432878,-0.0209145080298185,-0.0166617482900619,-0.0322470180690288,-0.0018153573619201,0.0006865931209176,0.0045467629097402,-0.0013713032240048,-0.0034700622782111,-0.0244147013872861,0.0040877610445022,-0.0251059811562299,0.0045235683210194,0.0003261653182562,0.0087060071527957,0.0039292378351092,-0.0002975691168103,-0.0068292384967207,0.0011908578453585,-0.0035645044408738,0.0029734901618212,-0.0203174408525228,0.0035576322115957,-0.0069356658495962,0.0029542774427682,-0.0287814009934663,-0.0032400768250226,0.0080246394500136,0.0035460677463561,0.0115517564117908,0.0055948896333575,0.0043900720775127,0.0008784414967522,0.0257317218929529,0.0052662463858723,-0.0035256606061011,0.0034924019128084,0.0162866450846195,0.0020301535259932,0.0006519053713418,0.00231553777121,-0.0022764129098504,0.0011549841146916,-0.0210124123841524,0.0046150465495884,-0.0150517262518405,0.0002870605967473,-0.0011703000636771,-0.0008610441582277,0.0076651577837765,0.0034472544211894,-0.0130928363651037,0.0060119978152215,-0.0017427061684429,0.003130353288725,-0.017969224601984,-0.0053900321945548,-0.0129504241049289,-0.007415919099003,0.0039570205844938,0.0126437488943338,0.0204788856208324,-0.010335105471313,0.0053797489963471,-0.0134669682337584,0.0129125037539816,-0.0115878743700827,0.019249290178168,-0.000939576251562,0.0409567488347,0.0156592552358381,0.0478232442699082,0.0526151046954184,0.1261964382024307,0.1036643081127972,-0.0189923329274264,2019-02-07,2019-02-08,2019-02-11,2019-02-12,2019-02-13,2019-02-14,2019-02-15,2019-02-19,2019-02-20,2019-02-21,18622.0,2019-02-06,252.0,0.5036%,-0.0001,0.8211,0.0148,0.045,0.3877%,0.9689%,83.9872%,0.006719,GAM,18622.0,2019-02-07,252.0,-1.0335%,-0.0001,0.8273,0.0081,0.0451,0.3835%,0.9708%,84.3923%,-0.0029549999999999,GAM,18622.0,2019-02-08,252.0,-0.3165%,-0.0001,0.8281,0.0062,0.0468,0.3837%,0.9710%,84.3827%,-0.0037019999999999,GAM,18622.0,2019-02-11,252.0,0.1905%,-0.0001,0.8361,-0.0006,0.0473,0.3818%,0.9588%,84.1448%,0.000497,GAM,18622.0,2019-02-12,252.0,0.8238%,-0.0001,0.8389,-0.0064,0.0498,0.3793%,0.9599%,84.3817%,-0.003152,GAM,18622.0,2019-02-13,252.0,0.2514%,-0.0001,0.8406,-0.0093,0.0493,0.3786%,0.9588%,84.4084%,3.4e-05,GAM,18622.0,2019-02-14,252.0,0.0000%,-0.0001,0.8401,-0.0082,0.0481,0.3788%,0.9587%,84.3856%,0.001999,GAM,18622.0,2019-02-15,252.0,1.0031%,-0.0001,0.8376,-0.0103,0.0442,0.3783%,0.9554%,84.3216%,0.000228,GAM,18622.0,2019-02-19,252.0,0.7449%,-0.0001,0.8392,-0.0074,0.0473,0.3799%,0.9550%,84.1743%,0.005655,GAM,18622.0,2019-02-20,252.0,0.2465%,-0.0001,0.8389,-0.01,0.0458,0.3788%,0.9546%,84.2555%,0.000526,GAM,18622.0,2019-02-21,252.0,-0.3380%,-0.0001,0.8393,-0.0093,0.0465,0.3787%,0.9545%,84.2540%,-0.000278,GAM,0.003764,6.200000000000086e-05,0.000559,-0.0025589999999999,0.005571
26299,GOLUB CAPITAL B D C INC,"Golub Capital BDC Q1 EPS $0.32, Inline",6,uncertain,0.5,0.5,"the eps of $0.32 is inline with expectations, which may not significantly impact the stock price in either direction.",1,2019-02-06,GBDC,2019-02-06 21:18:00+00:00,93352.0,38173M10,-0.0086300838738679,179881.0,-0.0070728599093854,0.0076087662018835,-0.0071232416667044,0.0093252919614315,-0.0077263405546545,-0.0027352923061698,0.0038931977469474,0.0055005708709359,-0.0099722109735012,0.006087471731007,0.0145494295284152,-0.001657496439293,0.0038610924966633,-0.007675405126065,0.0016482844948768,-0.0065359934233129,0.0060340436175465,0.0027308107819408,-0.0010905375238507,0.004939635284245,0.0043668081052601,0.0022001655306667,0.0005434906925074,0.0055309943854808,0.0130363805219531,0.0111857252195477,-0.0042895404621958,0.0159090217202901,-0.0064619779586791,0.0161663219332695,-0.003252106718719,0.002895149635151,0.0010875725420191,0.0087616592645645,-0.0010863909265026,-0.0011667766375467,-0.0065252115018665,-0.0063768471591174,0.0050139357335865,0.0070053031668066,0.004988816101104,0.0130100129172205,-0.00110306404531,0.0083482041954994,-0.0055218320339918,0.0090252477675676,-0.0005552597576752,0.0078836306929588,-0.000555568258278,-0.020783869549632,-0.0050027878023684,-0.0140515090897679,-0.0055866134352982,0.00411520851776,0.0005618106224574,0.025316460058093,0.0,0.009124063886702,0.0056148446165025,0.0036630877293646,-0.0044667739421129,-0.0273159723728895,0.0033650849945843,-0.0117371333763003,0.0016769529320299,0.007687821984291,0.0011160969734191,-0.0231080092489719,0.0044593042694032,-0.0203735493123531,-0.007769217249006,-0.0039458679966628,0.0027964846231043,-0.0105967950075864,0.0011154745006933,0.006575359031558,0.0022283568978309,-0.00922910310328,0.0055586649104952,0.0148760583251714,0.0044223284348845,-0.0183883272111415,0.0022013762500137,-0.0032344725914299,-0.0021965408232063,0.0021609405521303,0.0,-0.0096308346837759,-0.0055035981349647,-0.0142404306679964,0.006087471731007,0.0221024192869663,-0.0022002703044563,-0.0010770305525511,0.0077178226783871,-0.001075871870853,-0.0054704803042113,0.0010770305525511,0.000550067576114,0.0026997427921742,-0.0027488258201628,-0.002155119087547,0.0060639809817075,-0.0021505868062376,0.0,0.0010764509206637,-0.0016438732855021,-0.0069481115788221,0.0032931601162999,-0.0010678301332518,0.0071115512400865,0.0048283343203365,0.0010863909265026,-0.0194634851068258,-0.0070537747815251,0.0052882274612784,-0.0005463563720695,0.0005291126435622,0.0010934143792837,0.0128617240116,-0.0070728599093854,0.0076087662018835,-0.0141457198856805,0.0170050121296139,-0.0217627657911076,0.0142232061445994,-0.0277474617528316,0.0260100286929008,-0.0032643891106244,0.0175632053158962,-0.0081998065219237,0.1318682460187419,0.0139509305907437,0.0179512522948861,2019-02-07,2019-02-08,2019-02-11,2019-02-12,2019-02-13,2019-02-14,2019-02-15,2019-02-19,2019-02-20,2019-02-21,93352.0,2019-02-06,252.0,-0.8630%,0.0004,0.2924,0.0804,0.064,0.6893%,0.7550%,16.6478%,-0.008078,GBDC,93352.0,2019-02-07,252.0,-0.7073%,0.0003,0.2796,0.0989,0.0607,0.6726%,0.7347%,16.1822%,-0.004599,GBDC,93352.0,2019-02-08,252.0,-0.7123%,0.0002,0.2809,0.0991,0.0663,0.6742%,0.7362%,16.1423%,-0.007106,GBDC,93352.0,2019-02-11,252.0,-0.7726%,0.0002,0.2705,0.0964,0.0594,0.6754%,0.7312%,14.7006%,-0.009026,GBDC,93352.0,2019-02-12,252.0,0.3893%,0.0002,0.2715,0.095,0.0602,0.6753%,0.7315%,14.7927%,0.000197,GBDC,93352.0,2019-02-13,252.0,-0.9972%,0.0001,0.2624,0.106,0.0594,0.6710%,0.7243%,14.1615%,-0.0109319999999999,GBDC,93352.0,2019-02-14,252.0,1.4549%,0.0002,0.2588,0.1139,0.0509,0.6773%,0.7297%,13.8610%,0.014794,GBDC,93352.0,2019-02-15,252.0,0.3861%,0.0002,0.2597,0.1146,0.0523,0.6773%,0.7297%,13.8668%,0.000307,GBDC,93352.0,2019-02-19,252.0,0.1648%,0.0002,0.2626,0.1109,0.0478,0.6749%,0.7287%,14.2210%,0.000566,GBDC,93352.0,2019-02-20,252.0,0.6034%,0.0002,0.2639,0.114,0.0526,0.6756%,0.7296%,14.2642%,0.004928,GBDC,93352.0,2019-02-21,252.0,-0.1091%,0.0003,0.2615,0.109,0.0482,0.6741%,0.7274%,14.1034%,-1.3e-05,GBDC,-0.012677,-0.019783,-0.028809,-0.039544,-0.018962
26307,GLADSTONE CAPITAL CORP,"Gladstone Capital Q1 EPS $0.21, Inline, Sales $11.91M Beat $11.5M Estimate",6,increase,0.7,0.5,"the earnings per share (eps) being inline with expectations and sales beating estimates typically indicates positive performance, which can lead to an increase in stock price.",2,2019-02-06,GLAD,2019-02-06 21:14:00+00:00,89103.0,37653510,0.0022623871918767,66011.0,0.0101580312475562,0.0126002999022603,-0.0055866134352982,-0.0034247357398271,-0.0202246475964784,0.0103806406259536,0.0057339668273925,0.0200000088661909,0.0091219972819089,0.0095011787489056,0.0316383875906467,0.0023810069542378,0.0131434705108404,0.0096153756603598,-0.0194594599306583,0.0097087286412715,0.0277777779847383,-0.0036276523023843,0.0108108520507812,-0.0072028171271085,0.0213903523981571,-0.0336426869034767,-0.0073299105279147,-0.0011587750632315,-0.0094935866072773,-0.007981794886291,-0.0170394890010356,0.0221445839852094,-0.0173347629606723,0.0250896103680133,0.0077178226783871,0.0072201518341898,0.0010940125212073,0.0158924348652362,-0.0043715806677937,0.0086313998326659,-0.0065861106850206,-0.0097680008038878,-0.0066298805177211,0.0123608680441975,0.0011123724980279,0.0411840640008449,0.0088888807222247,0.0318724773824214,-0.0033039352856576,0.0203252155333757,0.00441988511011,0.0109588932245969,0.0077007361687719,-0.0266666412353515,0.0054585360921919,0.0026737942826002,0.0032573000062257,0.03314920514822,-0.0086579676717519,0.0462427288293838,-0.0033003005664795,-0.0114285601302981,0.0022074505686759,0.0233917906880378,-0.00440528197214,-0.1275510191917419,0.003318554488942,-0.0161691308021545,-0.0055125951766967,-0.0147058684378862,-0.0022173456382006,-0.0250896103680133,0.0011111365165561,-0.0059382650069892,0.0,0.0011890878668054,0.0166481267660856,-0.005910187959671,0.0076418882235884,0.0011834590695798,0.0010834484128281,-0.0058823754079639,0.0032468277495354,0.0119048077613115,-0.0010787732899189,-0.0152403423562645,0.0010799382580444,-0.0115875294432044,-0.0043150931596755,0.0129107572138309,0.0021668968256562,-0.0081489747390151,-0.0032432144507765,0.0046783578582108,0.0075921574607491,0.0070671872235834,0.0010764509206637,-0.0196304935961961,0.0032257777638733,-0.0114155681803822,-0.0010718358680605,0.0162413399666547,0.005364860408008,0.0011614668183028,-0.0010752934031188,-0.0336700566112995,0.0021529018413275,-0.0207197628915309,0.0010740360012277,0.0065862154588103,-0.0042918417602777,-0.0130010712891817,0.0150862447917461,-0.0053879516199231,-0.0053078760392963,0.0076004010625183,0.013874078169465,-0.0043243202380836,0.0,0.0032537670340389,-0.0147368786856532,-0.0086021423339843,0.0138889020308852,-0.0021458696573972,0.0101580312475562,0.0126002999022603,0.0045146688184143,0.0091324114650253,-0.0158012863639314,0.0196078523724456,-0.0011285868578337,0.0498812445341854,0.0635127512695044,0.0612245182244957,0.0407550029546825,0.3028805990063552,0.0959367916040334,-0.0276919455110328,2019-02-07,2019-02-08,2019-02-11,2019-02-12,2019-02-13,2019-02-14,2019-02-15,2019-02-19,2019-02-20,2019-02-21,89103.0,2019-02-06,252.0,0.2262%,0.0005,0.4602,0.2724,0.1785,1.3034%,1.3903%,12.1140%,0.003183,GLAD,89103.0,2019-02-07,252.0,1.0158%,0.0007,0.4688,0.2556,0.1836,1.2995%,1.3885%,12.4023%,0.013996,GLAD,89103.0,2019-02-08,252.0,-0.5587%,0.0003,0.4717,0.1922,0.1542,1.2203%,1.3152%,13.9156%,-0.004969,GLAD,89103.0,2019-02-11,252.0,-2.0225%,0.0002,0.4869,0.1468,0.1375,1.2249%,1.3216%,14.0981%,-0.022608,GLAD,89103.0,2019-02-12,252.0,0.5734%,0.0002,0.4874,0.1454,0.1381,1.2249%,1.3218%,14.1266%,-0.000783,GLAD,89103.0,2019-02-13,252.0,0.9122%,0.0003,0.4948,0.1359,0.1381,1.2227%,1.3220%,14.4537%,0.007473,GLAD,89103.0,2019-02-14,252.0,3.1638%,0.0004,0.4879,0.1539,0.1173,1.2376%,1.3352%,14.0746%,0.032672,GLAD,89103.0,2019-02-15,252.0,1.3143%,0.0005,0.5003,0.1657,0.1383,1.2365%,1.3375%,14.5211%,0.006583,GLAD,89103.0,2019-02-19,252.0,-1.9459%,0.0004,0.4965,0.1513,0.1224,1.2441%,1.3433%,14.2243%,-0.0214049999999999,GLAD,89103.0,2019-02-20,252.0,2.7778%,0.0005,0.5034,0.1664,0.1471,1.2542%,1.3542%,14.2207%,0.025728,GLAD,89103.0,2019-02-21,252.0,1.0811%,0.0006,0.4997,0.1616,0.1402,1.2566%,1.3551%,14.0118%,0.013028,GLAD,0.017179,0.0122099999999999,-0.010398,-0.003708,0.052898
26315,GENERAC HOLDINGS INC,William Blair Downgrades Generac Holdings to Market Perform,6,decrease,0.8,0.7,"a downgrade from an investment firm typically signals reduced confidence in the stock's performance, which can lead to a decrease in its price.",0,2019-02-06,GNRC,2019-02-06 12:33:00+00:00,93246.0,36873610,-0.0388037674129009,600813.0,-0.0191019587218761,0.0007577366195619,0.0036137381102889,-0.0035862331278622,0.0044008279219269,0.0009446294279769,0.0240987669676542,-0.000188861391507,-0.0050563658587634,0.0036018698010593,0.0199374593794345,-0.0060297660529613,0.0086240088567137,-0.0102573530748486,0.0020900743547827,0.0029928891453891,0.021046582609415,0.0115421125665307,-0.0135561665520072,-0.0227441433817148,-0.0033885601442307,-0.0120569933205843,-0.0026444918476045,0.0112691782414913,-0.0157196596264839,0.010453637689352,-0.0015393848298117,0.0024326548445969,-0.0063595687970519,0.0103989271447062,0.0182311590760946,-0.0121404835954308,0.0030476162210106,0.0052572777494788,-0.0098746763542294,0.009285538457334,-0.0205216668546199,0.0153934815898537,0.0039162086322903,0.0176229011267423,0.0048761456273496,-0.0013687856262549,0.0246506296098232,0.0404882580041885,-0.0022732098586857,-0.0360855087637901,0.004366876091808,0.0259557515382766,-0.0013232455821707,0.0120138498023152,0.001135672093369,-0.0010170715395361,0.0030251436401158,0.0157024450600147,-0.00923652946949,0.0630354210734367,-0.0192161742597818,-0.0353813990950584,0.0067895692773163,-0.0327868536114692,-0.0418112128973007,-0.0278884768486022,-0.0030162420589476,-0.0239159930497407,0.0173456389456987,-0.0013592173345386,0.0007930395659059,-0.0118956053629517,0.0055467272177338,-0.0261584743857383,0.009259283542633,0.0062042083591222,0.027913337573409,0.0320139229297637,-0.009684738703072,-0.0218257308006286,0.0046020681038498,0.0032368272077292,0.01164345536381,-0.0058679040521383,0.0156604126095771,0.0080137755721807,0.0124465562403202,-0.0674377381801605,-0.0198165476322174,-0.012649287469685,0.0119805922731757,0.0026422003284096,0.0101738665252924,-0.0071703367866575,0.0058597270399332,0.0176188237965107,-0.0103768380358815,0.0173818413168191,-0.0069904536940157,0.0126512395218014,0.009262690320611,-0.0357142947614193,0.0099119115620851,0.0179985594004392,-0.0125408694148063,-0.0112119112163782,0.0217190589755773,-0.0107394475489854,0.013691266067326,0.0085227191448211,-0.0264795031398534,0.0138613944873213,0.010222733952105,0.01183966640383,-0.0063245114870369,0.0246360525488853,0.0,-0.0170610267668962,-0.0030915071256458,-0.0043835924006998,0.0488872714340686,-0.0245858021080493,0.0433043763041496,0.0373313687741756,-0.0191019587218761,0.0007577366195619,-0.0155572500878016,-0.0028312139284675,-0.0112248869464494,-0.0018892589484843,0.0074832809572444,0.0015166224354226,0.0460811367467643,-0.0231139034973163,0.0220559787328629,0.0825820243489923,0.1813706732348567,-0.0236555003448734,2019-02-07,2019-02-08,2019-02-11,2019-02-12,2019-02-13,2019-02-14,2019-02-15,2019-02-19,2019-02-20,2019-02-21,93246.0,2019-02-06,252.0,-3.8804%,0.0003,1.2214,0.5835,0.5695,1.3295%,1.8271%,47.0494%,-0.036631,GNRC,93246.0,2019-02-07,252.0,-1.9102%,0.0003,1.2295,0.5773,0.568,1.3294%,1.8307%,47.2626%,-0.009305,GNRC,93246.0,2019-02-08,252.0,0.3614%,0.0003,1.2283,0.5802,0.5652,1.3296%,1.8305%,47.2406%,0.006038,GNRC,93246.0,2019-02-11,252.0,0.4401%,0.0003,1.2259,0.5787,0.563,1.3297%,1.8141%,46.2721%,-0.002548,GNRC,93246.0,2019-02-12,252.0,2.4099%,0.0004,1.2394,0.5672,0.572,1.3268%,1.8201%,46.8643%,0.008168,GNRC,93246.0,2019-02-13,252.0,-0.5056%,0.0003,1.2288,0.5811,0.5721,1.3223%,1.8091%,46.5761%,-0.009367,GNRC,93246.0,2019-02-14,252.0,1.9937%,0.0006,1.2279,0.5956,0.5489,1.2645%,1.7701%,48.9669%,0.0227139999999999,GNRC,93246.0,2019-02-15,252.0,0.8624%,0.0005,1.2121,0.5803,0.5218,1.2641%,1.7579%,48.2932%,-0.009475,GNRC,93246.0,2019-02-19,252.0,0.2090%,0.0006,1.2204,0.565,0.5039,1.2509%,1.7541%,49.1434%,-0.003561,GNRC,93246.0,2019-02-20,252.0,2.1047%,0.0007,1.2248,0.577,0.52,1.2535%,1.7587%,49.1968%,0.014614,GNRC,93246.0,2019-02-21,252.0,-1.3556%,0.0007,1.2257,0.5772,0.5219,1.2545%,1.7590%,49.1346%,-0.007525,GNRC,-0.045936,-0.0398979999999999,-0.042446,-0.0436449999999999,-0.0268779999999999
26323,ALPHABET INC,"After Blowout Q3, Twitter Earnings Ahead With Focus On User Growth",6,uncertain,0.6,0.2,"while twitter's focus on user growth may indicate positive trends in social media engagement, it does not directly correlate with alphabet inc.'s performance, leading to uncertainty in stock price movement.",1,2019-02-06,GOOG,2019-02-06 15:22:00+00:00,14542.0,02079K10,-0.0268414299935102,2105592.0,-0.0148131055757403,0.0116436621174216,-0.0033219889737665,0.0198514964431524,-4.570418604998849e-05,-0.00503416871652,0.0240728259086608,0.025076612830162,-0.0010790023952722,0.0268145650625228,0.0013480304041877,-0.0088404240086674,-0.0071500702761113,-0.0191661100834608,0.0044089560396969,0.0159139260649681,-0.0042554796673357,-0.0015525924973189,-0.0151105020195245,0.0047172652557492,0.0122154885903,-0.0252581257373094,-0.0008735563023947,0.0076704150997102,0.0051649361848831,0.0082611488178372,0.0008250553510151,0.0035463457461446,0.0034675821661949,0.0310714989900589,0.018813794478774,-0.0118237975984811,0.0059685525484383,-0.0122766019776463,0.0123976124450564,-0.004029253963381,-0.003588585415855,-0.0015051799127832,-0.0125748682767152,0.0073849572800099,-0.0008572575170546,-0.0021667364053428,0.0292738154530525,0.0537861585617065,0.0148329092189669,-0.0284839887171983,0.0001005658050416,0.0098878825083374,-0.006511160172522,-0.0014174131210893,-0.0009194785961881,-0.006514205597341,-0.0001688120973994,0.0042522503063082,0.0123199010267853,0.0647804737091064,0.0209534093737602,-0.0033893536310642,0.0061848480254411,-0.0295915398746728,-0.0211442895233631,-0.0132941380143165,-0.0103691415861249,-0.0055408729240298,-0.0070243123918771,0.0119818709790706,-0.009792149066925,-0.0245369412004947,-0.0038618517573922,-0.0186458695679903,0.0041250404901802,-0.0016734630335122,0.0180003531277179,0.0113430507481098,0.0050734961405396,0.0117357997223734,0.0045231976546347,0.0028652809560298,0.0075294841080904,-0.030082456767559,-0.0064608850516378,0.0170438662171363,-0.0027420441620051,-0.050260841846466,-0.0054741213098168,0.0109646115452051,0.0041010933928191,0.0056326421909034,0.0020462840329855,0.0019057367462664,0.0109993191435933,0.0400416925549507,0.0026521554682403,-0.0040147630497813,0.004938194528222,0.0241629779338836,0.0075052855536341,-0.0132323130965232,2.428886728012003e-05,0.0115523859858512,0.0100859533995389,0.0056470683775842,0.0125797409564256,-0.0390865579247474,-0.0067613366991281,-0.0030242702923715,0.0059314896352589,0.0201693326234817,0.0069097336381673,0.0073451907373964,0.0121051277965307,-0.0024839991237968,-0.0769660770893096,-0.0258125215768814,-0.0171648021787405,-0.0150129338726401,-0.0046828733757138,-0.0100512988865375,0.0196024794131517,0.0355934835970401,-0.0148131055757403,0.0116436621174216,-0.018085885576117,0.0317263026776832,-0.0181307631614877,0.0265324184007322,0.0044206610867745,0.0804906540909424,-0.0163733130124484,0.0704984228847356,0.1042924407121581,0.1353067876531404,0.0629197920590196,0.0854130332913032,2019-02-07,2019-02-08,2019-02-11,2019-02-12,2019-02-13,2019-02-14,2019-02-15,2019-02-19,2019-02-20,2019-02-21,14542.0,2019-02-06,252.0,-2.6841%,-0.0002,1.2024,-0.3441,-0.7198,0.9243%,1.7975%,73.5583%,-0.0238229999999999,GOOG,14542.0,2019-02-07,252.0,-1.4813%,-0.0002,1.2025,-0.3437,-0.7201,0.9244%,1.7941%,73.4557%,-0.001371,GOOG,14542.0,2019-02-08,252.0,-0.3322%,-0.0001,1.2034,-0.3218,-0.7016,0.9159%,1.7843%,73.6494%,-0.009301,GOOG,14542.0,2019-02-11,252.0,-0.0046%,-0.0001,1.2115,-0.3266,-0.7,0.9153%,1.7613%,72.9948%,0.001907,GOOG,14542.0,2019-02-12,252.0,2.4073%,-0.0002,1.2037,-0.312,-0.7066,0.9083%,1.7531%,73.1586%,0.006372,GOOG,14542.0,2019-02-13,252.0,-0.1079%,-0.0002,1.206,-0.3172,-0.7084,0.9077%,1.7511%,73.1293%,-0.003868,GOOG,14542.0,2019-02-14,252.0,0.1348%,-0.0002,1.2059,-0.3162,-0.7101,0.9072%,1.7511%,73.1581%,0.001321,GOOG,14542.0,2019-02-15,252.0,-0.7150%,-0.0002,1.1927,-0.3299,-0.734,0.9129%,1.7487%,72.7484%,-0.016678,GOOG,14542.0,2019-02-19,252.0,0.4409%,-0.0002,1.194,-0.3269,-0.7307,0.9135%,1.7451%,72.5978%,0.005202,GOOG,14542.0,2019-02-20,252.0,-0.4255%,-0.0003,1.1929,-0.3325,-0.7355,0.9125%,1.7451%,72.6587%,-0.0018859999999999,GOOG,14542.0,2019-02-21,252.0,-1.5111%,-0.0004,1.2,-0.3208,-0.7224,0.9128%,1.7472%,72.7052%,-0.012721,GOOG,-0.0251939999999999,-0.034495,-0.032588,-0.030084,-0.0548459999999999
26331,GOPRO INC,From GoPro Q4 Earnings Conference Call: Sees 1H'19 Sales $510M-$550M,6,uncertain,0.6,0.3,"while the projected sales range of $510m-$550m for q1 could indicate positive growth, the uncertainty in meeting these expectations and overall market conditions makes the impact on stock price unclear.",1,2019-02-06,GPRO,2019-02-06 22:22:00+00:00,14694.0,38268T10,0.0078277811408042,15096315.0,-0.0019417919684201,-0.0038986317813396,0.0350195169448852,0.0178571734577417,0.0319548100233078,0.0223124008625745,0.0382513739168644,0.0123203173279762,-0.0157894175499677,0.0103733846917748,0.0320855304598808,-0.0163265150040388,0.0345422811806201,-0.0060851387679576,0.003338974667713,-0.0060484292916953,0.0149749871343374,0.0247933641076088,-0.0049179890193045,0.0104384534060955,0.0230642277747392,-0.0244398955255746,0.0177133865654468,-0.0020325668156147,-0.0047468687407672,0.0,-0.0095389420166611,0.0020367065444588,-0.0642054751515388,0.0102880066260695,0.0428816489875316,-0.0260520335286855,-0.0131578827276825,0.0204498786479234,0.0016667047748342,-0.0060976035892963,0.023294486105442,0.0401691459119319,-0.03902443125844,0.0215982515364885,0.0152284521609544,0.0266075115650892,0.0416666679084301,0.0562061481177806,-0.0016000366304069,-0.0206422358751297,-0.0160256270319223,0.0283019728958606,0.0,-0.0162413399666547,0.0195440333336591,-0.015981774777174,-0.0015974806156009,0.0379147715866565,0.0016000366304069,0.0445544123649597,0.0287539642304182,-0.0217918045818805,0.013975178822875,-0.035046748816967,-0.0137825654819607,-0.0675381124019622,0.0155279356986284,-0.0086393002420663,0.0045871878974139,0.0131290899589657,0.0030441370327025,-0.027659498155117,-0.0106221809983253,-0.0187891758978366,-0.0030674817971885,-0.0224490072578191,0.0092307608574628,-0.0020366094540804,0.0106707578524947,-0.0020325668156147,0.004524846561253,-0.010060304775834,0.0015015358803793,-0.040540549904108,0.0014992131618782,0.0298209972679615,-0.0149700455367565,-0.0326922312378883,0.0121580436825752,0.0236220248043537,0.0105105368420481,-0.0469043143093586,0.0059435307048261,-0.0184161886572837,-0.0029542068950831,0.0206766258925199,-0.0074074356816709,0.0056711169891059,0.0014925715513527,0.0311890542507171,-0.0417287945747375,-0.0357142947614193,-0.0077760056592524,0.0152672529220581,-0.0156739652156829,-0.0296296887099742,0.0127388406544923,-0.0217391103506088,-0.004717013798654,0.0165746137499809,-0.0442337654531002,0.0130596440285444,0.0033057818654924,0.0037453146651387,-0.0148270428180694,-0.0219780001789331,-0.0117057142779231,-0.0090744439512491,-0.0084601882845163,0.0073126945644617,0.0017064423300325,-0.0486956872045993,0.0272572953253984,0.0159010868519544,-0.0019417919684201,-0.0038986317813396,0.0330097243597236,0.0138889231324348,0.066019353853868,0.0365112192154897,0.0893203936463145,0.0601659656132942,0.1786407876797673,0.0668058824456441,0.2679611758616489,0.1939252056072558,0.1708738004399486,-0.0971730938753102,2019-02-07,2019-02-08,2019-02-11,2019-02-12,2019-02-13,2019-02-14,2019-02-15,2019-02-19,2019-02-20,2019-02-21,14694.0,2019-02-06,252.0,0.7828%,0.0,1.1935,0.5501,-0.2171,3.4146%,3.6936%,14.5367%,0.010474,GPRO,14694.0,2019-02-07,252.0,-0.1942%,0.0,1.1893,0.5508,-0.2147,3.4152%,3.6916%,14.4115%,0.010619,GPRO,14694.0,2019-02-08,252.0,3.5020%,0.0002,1.1838,0.5448,-0.2421,3.4212%,3.6980%,14.4102%,0.032092,GPRO,14694.0,2019-02-11,252.0,3.1955%,0.0001,1.2351,0.5325,-0.2218,3.4179%,3.7031%,14.8065%,0.027159,GPRO,14694.0,2019-02-12,252.0,3.8251%,0.0004,1.2668,0.5072,-0.2011,3.4130%,3.7080%,15.2749%,0.02087,GPRO,14694.0,2019-02-13,252.0,-1.5789%,0.0005,1.288,0.4633,-0.2137,3.3990%,3.7019%,15.6923%,-0.0196,GPRO,14694.0,2019-02-14,252.0,3.2086%,0.0006,1.2808,0.4799,-0.2319,3.4045%,3.7070%,15.6546%,0.031042,GPRO,14694.0,2019-02-15,252.0,3.4542%,0.0005,1.2507,0.4549,-0.2781,3.3909%,3.6860%,15.3708%,0.019882,GPRO,14694.0,2019-02-19,252.0,0.3339%,0.0005,1.2587,0.4435,-0.2916,3.3870%,3.6855%,15.5427%,0.000378,GPRO,14694.0,2019-02-20,252.0,1.4975%,0.0007,1.2646,0.4676,-0.2678,3.3841%,3.6834%,15.5903%,0.013111,GPRO,14694.0,2019-02-21,252.0,-0.4918%,0.0006,1.2731,0.4847,-0.2522,3.3810%,3.6826%,15.7064%,-0.000628,GPRO,0.021093,0.053185,0.080344,0.0816139999999999,0.145399
26339,GOPRO INC,"GoPro Skates Higher After Q4 Earnings, Revenue Beats",6,increase,0.8,0.7,"the news indicates that gopro's q4 earnings and revenue have exceeded expectations, which typically leads to a positive reaction in stock prices.",2,2019-02-06,GPRO,2019-02-06 21:18:00+00:00,14694.0,38268T10,0.0078277811408042,15096315.0,-0.0019417919684201,-0.0038986317813396,0.0350195169448852,0.0178571734577417,0.0319548100233078,0.0223124008625745,0.0382513739168644,0.0123203173279762,-0.0157894175499677,0.0103733846917748,0.0320855304598808,-0.0163265150040388,0.0345422811806201,-0.0060851387679576,0.003338974667713,-0.0060484292916953,0.0149749871343374,0.0247933641076088,-0.0049179890193045,0.0104384534060955,0.0230642277747392,-0.0244398955255746,0.0177133865654468,-0.0020325668156147,-0.0047468687407672,0.0,-0.0095389420166611,0.0020367065444588,-0.0642054751515388,0.0102880066260695,0.0428816489875316,-0.0260520335286855,-0.0131578827276825,0.0204498786479234,0.0016667047748342,-0.0060976035892963,0.023294486105442,0.0401691459119319,-0.03902443125844,0.0215982515364885,0.0152284521609544,0.0266075115650892,0.0416666679084301,0.0562061481177806,-0.0016000366304069,-0.0206422358751297,-0.0160256270319223,0.0283019728958606,0.0,-0.0162413399666547,0.0195440333336591,-0.015981774777174,-0.0015974806156009,0.0379147715866565,0.0016000366304069,0.0445544123649597,0.0287539642304182,-0.0217918045818805,0.013975178822875,-0.035046748816967,-0.0137825654819607,-0.0675381124019622,0.0155279356986284,-0.0086393002420663,0.0045871878974139,0.0131290899589657,0.0030441370327025,-0.027659498155117,-0.0106221809983253,-0.0187891758978366,-0.0030674817971885,-0.0224490072578191,0.0092307608574628,-0.0020366094540804,0.0106707578524947,-0.0020325668156147,0.004524846561253,-0.010060304775834,0.0015015358803793,-0.040540549904108,0.0014992131618782,0.0298209972679615,-0.0149700455367565,-0.0326922312378883,0.0121580436825752,0.0236220248043537,0.0105105368420481,-0.0469043143093586,0.0059435307048261,-0.0184161886572837,-0.0029542068950831,0.0206766258925199,-0.0074074356816709,0.0056711169891059,0.0014925715513527,0.0311890542507171,-0.0417287945747375,-0.0357142947614193,-0.0077760056592524,0.0152672529220581,-0.0156739652156829,-0.0296296887099742,0.0127388406544923,-0.0217391103506088,-0.004717013798654,0.0165746137499809,-0.0442337654531002,0.0130596440285444,0.0033057818654924,0.0037453146651387,-0.0148270428180694,-0.0219780001789331,-0.0117057142779231,-0.0090744439512491,-0.0084601882845163,0.0073126945644617,0.0017064423300325,-0.0486956872045993,0.0272572953253984,0.0159010868519544,-0.0019417919684201,-0.0038986317813396,0.0330097243597236,0.0138889231324348,0.066019353853868,0.0365112192154897,0.0893203936463145,0.0601659656132942,0.1786407876797673,0.0668058824456441,0.2679611758616489,0.1939252056072558,0.1708738004399486,-0.0971730938753102,2019-02-07,2019-02-08,2019-02-11,2019-02-12,2019-02-13,2019-02-14,2019-02-15,2019-02-19,2019-02-20,2019-02-21,14694.0,2019-02-06,252.0,0.7828%,0.0,1.1935,0.5501,-0.2171,3.4146%,3.6936%,14.5367%,0.010474,GPRO,14694.0,2019-02-07,252.0,-0.1942%,0.0,1.1893,0.5508,-0.2147,3.4152%,3.6916%,14.4115%,0.010619,GPRO,14694.0,2019-02-08,252.0,3.5020%,0.0002,1.1838,0.5448,-0.2421,3.4212%,3.6980%,14.4102%,0.032092,GPRO,14694.0,2019-02-11,252.0,3.1955%,0.0001,1.2351,0.5325,-0.2218,3.4179%,3.7031%,14.8065%,0.027159,GPRO,14694.0,2019-02-12,252.0,3.8251%,0.0004,1.2668,0.5072,-0.2011,3.4130%,3.7080%,15.2749%,0.02087,GPRO,14694.0,2019-02-13,252.0,-1.5789%,0.0005,1.288,0.4633,-0.2137,3.3990%,3.7019%,15.6923%,-0.0196,GPRO,14694.0,2019-02-14,252.0,3.2086%,0.0006,1.2808,0.4799,-0.2319,3.4045%,3.7070%,15.6546%,0.031042,GPRO,14694.0,2019-02-15,252.0,3.4542%,0.0005,1.2507,0.4549,-0.2781,3.3909%,3.6860%,15.3708%,0.019882,GPRO,14694.0,2019-02-19,252.0,0.3339%,0.0005,1.2587,0.4435,-0.2916,3.3870%,3.6855%,15.5427%,0.000378,GPRO,14694.0,2019-02-20,252.0,1.4975%,0.0007,1.2646,0.4676,-0.2678,3.3841%,3.6834%,15.5903%,0.013111,GPRO,14694.0,2019-02-21,252.0,-0.4918%,0.0006,1.2731,0.4847,-0.2522,3.3810%,3.6826%,15.7064%,-0.000628,GPRO,0.021093,0.053185,0.080344,0.0816139999999999,0.145399
26347,GOPRO INC,"GoPro Q4 EPS $0.30 Beats $0.25 Estimate, Sales $377M Beat $368.87M Estimate",6,increase,0.8,0.6,"the earnings per share and sales figures both exceeded estimates, which typically signals positive performance and can lead to an increase in stock price.",2,2019-02-06,GPRO,2019-02-06 21:05:00+00:00,14694.0,38268T10,0.0078277811408042,15096315.0,-0.0019417919684201,-0.0038986317813396,0.0350195169448852,0.0178571734577417,0.0319548100233078,0.0223124008625745,0.0382513739168644,0.0123203173279762,-0.0157894175499677,0.0103733846917748,0.0320855304598808,-0.0163265150040388,0.0345422811806201,-0.0060851387679576,0.003338974667713,-0.0060484292916953,0.0149749871343374,0.0247933641076088,-0.0049179890193045,0.0104384534060955,0.0230642277747392,-0.0244398955255746,0.0177133865654468,-0.0020325668156147,-0.0047468687407672,0.0,-0.0095389420166611,0.0020367065444588,-0.0642054751515388,0.0102880066260695,0.0428816489875316,-0.0260520335286855,-0.0131578827276825,0.0204498786479234,0.0016667047748342,-0.0060976035892963,0.023294486105442,0.0401691459119319,-0.03902443125844,0.0215982515364885,0.0152284521609544,0.0266075115650892,0.0416666679084301,0.0562061481177806,-0.0016000366304069,-0.0206422358751297,-0.0160256270319223,0.0283019728958606,0.0,-0.0162413399666547,0.0195440333336591,-0.015981774777174,-0.0015974806156009,0.0379147715866565,0.0016000366304069,0.0445544123649597,0.0287539642304182,-0.0217918045818805,0.013975178822875,-0.035046748816967,-0.0137825654819607,-0.0675381124019622,0.0155279356986284,-0.0086393002420663,0.0045871878974139,0.0131290899589657,0.0030441370327025,-0.027659498155117,-0.0106221809983253,-0.0187891758978366,-0.0030674817971885,-0.0224490072578191,0.0092307608574628,-0.0020366094540804,0.0106707578524947,-0.0020325668156147,0.004524846561253,-0.010060304775834,0.0015015358803793,-0.040540549904108,0.0014992131618782,0.0298209972679615,-0.0149700455367565,-0.0326922312378883,0.0121580436825752,0.0236220248043537,0.0105105368420481,-0.0469043143093586,0.0059435307048261,-0.0184161886572837,-0.0029542068950831,0.0206766258925199,-0.0074074356816709,0.0056711169891059,0.0014925715513527,0.0311890542507171,-0.0417287945747375,-0.0357142947614193,-0.0077760056592524,0.0152672529220581,-0.0156739652156829,-0.0296296887099742,0.0127388406544923,-0.0217391103506088,-0.004717013798654,0.0165746137499809,-0.0442337654531002,0.0130596440285444,0.0033057818654924,0.0037453146651387,-0.0148270428180694,-0.0219780001789331,-0.0117057142779231,-0.0090744439512491,-0.0084601882845163,0.0073126945644617,0.0017064423300325,-0.0486956872045993,0.0272572953253984,0.0159010868519544,-0.0019417919684201,-0.0038986317813396,0.0330097243597236,0.0138889231324348,0.066019353853868,0.0365112192154897,0.0893203936463145,0.0601659656132942,0.1786407876797673,0.0668058824456441,0.2679611758616489,0.1939252056072558,0.1708738004399486,-0.0971730938753102,2019-02-07,2019-02-08,2019-02-11,2019-02-12,2019-02-13,2019-02-14,2019-02-15,2019-02-19,2019-02-20,2019-02-21,14694.0,2019-02-06,252.0,0.7828%,0.0,1.1935,0.5501,-0.2171,3.4146%,3.6936%,14.5367%,0.010474,GPRO,14694.0,2019-02-07,252.0,-0.1942%,0.0,1.1893,0.5508,-0.2147,3.4152%,3.6916%,14.4115%,0.010619,GPRO,14694.0,2019-02-08,252.0,3.5020%,0.0002,1.1838,0.5448,-0.2421,3.4212%,3.6980%,14.4102%,0.032092,GPRO,14694.0,2019-02-11,252.0,3.1955%,0.0001,1.2351,0.5325,-0.2218,3.4179%,3.7031%,14.8065%,0.027159,GPRO,14694.0,2019-02-12,252.0,3.8251%,0.0004,1.2668,0.5072,-0.2011,3.4130%,3.7080%,15.2749%,0.02087,GPRO,14694.0,2019-02-13,252.0,-1.5789%,0.0005,1.288,0.4633,-0.2137,3.3990%,3.7019%,15.6923%,-0.0196,GPRO,14694.0,2019-02-14,252.0,3.2086%,0.0006,1.2808,0.4799,-0.2319,3.4045%,3.7070%,15.6546%,0.031042,GPRO,14694.0,2019-02-15,252.0,3.4542%,0.0005,1.2507,0.4549,-0.2781,3.3909%,3.6860%,15.3708%,0.019882,GPRO,14694.0,2019-02-19,252.0,0.3339%,0.0005,1.2587,0.4435,-0.2916,3.3870%,3.6855%,15.5427%,0.000378,GPRO,14694.0,2019-02-20,252.0,1.4975%,0.0007,1.2646,0.4676,-0.2678,3.3841%,3.6834%,15.5903%,0.013111,GPRO,14694.0,2019-02-21,252.0,-0.4918%,0.0006,1.2731,0.4847,-0.2522,3.3810%,3.6826%,15.7064%,-0.000628,GPRO,0.021093,0.053185,0.080344,0.0816139999999999,0.145399
26355,GOPRO INC,GoPro To Report Q4 Earnings After The Closing Bell; Co. Historically Issues Its Report Just After 4:05 p.m. ET,6,uncertain,0.6,0.5,"the announcement of earnings reports can lead to volatility in stock prices, and without additional context on expected performance, the impact remains uncertain.",1,2019-02-06,GPRO,2019-02-06 20:39:00+00:00,14694.0,38268T10,0.0078277811408042,15096315.0,-0.0019417919684201,-0.0038986317813396,0.0350195169448852,0.0178571734577417,0.0319548100233078,0.0223124008625745,0.0382513739168644,0.0123203173279762,-0.0157894175499677,0.0103733846917748,0.0320855304598808,-0.0163265150040388,0.0345422811806201,-0.0060851387679576,0.003338974667713,-0.0060484292916953,0.0149749871343374,0.0247933641076088,-0.0049179890193045,0.0104384534060955,0.0230642277747392,-0.0244398955255746,0.0177133865654468,-0.0020325668156147,-0.0047468687407672,0.0,-0.0095389420166611,0.0020367065444588,-0.0642054751515388,0.0102880066260695,0.0428816489875316,-0.0260520335286855,-0.0131578827276825,0.0204498786479234,0.0016667047748342,-0.0060976035892963,0.023294486105442,0.0401691459119319,-0.03902443125844,0.0215982515364885,0.0152284521609544,0.0266075115650892,0.0416666679084301,0.0562061481177806,-0.0016000366304069,-0.0206422358751297,-0.0160256270319223,0.0283019728958606,0.0,-0.0162413399666547,0.0195440333336591,-0.015981774777174,-0.0015974806156009,0.0379147715866565,0.0016000366304069,0.0445544123649597,0.0287539642304182,-0.0217918045818805,0.013975178822875,-0.035046748816967,-0.0137825654819607,-0.0675381124019622,0.0155279356986284,-0.0086393002420663,0.0045871878974139,0.0131290899589657,0.0030441370327025,-0.027659498155117,-0.0106221809983253,-0.0187891758978366,-0.0030674817971885,-0.0224490072578191,0.0092307608574628,-0.0020366094540804,0.0106707578524947,-0.0020325668156147,0.004524846561253,-0.010060304775834,0.0015015358803793,-0.040540549904108,0.0014992131618782,0.0298209972679615,-0.0149700455367565,-0.0326922312378883,0.0121580436825752,0.0236220248043537,0.0105105368420481,-0.0469043143093586,0.0059435307048261,-0.0184161886572837,-0.0029542068950831,0.0206766258925199,-0.0074074356816709,0.0056711169891059,0.0014925715513527,0.0311890542507171,-0.0417287945747375,-0.0357142947614193,-0.0077760056592524,0.0152672529220581,-0.0156739652156829,-0.0296296887099742,0.0127388406544923,-0.0217391103506088,-0.004717013798654,0.0165746137499809,-0.0442337654531002,0.0130596440285444,0.0033057818654924,0.0037453146651387,-0.0148270428180694,-0.0219780001789331,-0.0117057142779231,-0.0090744439512491,-0.0084601882845163,0.0073126945644617,0.0017064423300325,-0.0486956872045993,0.0272572953253984,0.0159010868519544,-0.0019417919684201,-0.0038986317813396,0.0330097243597236,0.0138889231324348,0.066019353853868,0.0365112192154897,0.0893203936463145,0.0601659656132942,0.1786407876797673,0.0668058824456441,0.2679611758616489,0.1939252056072558,0.1708738004399486,-0.0971730938753102,2019-02-07,2019-02-08,2019-02-11,2019-02-12,2019-02-13,2019-02-14,2019-02-15,2019-02-19,2019-02-20,2019-02-21,14694.0,2019-02-06,252.0,0.7828%,0.0,1.1935,0.5501,-0.2171,3.4146%,3.6936%,14.5367%,0.010474,GPRO,14694.0,2019-02-07,252.0,-0.1942%,0.0,1.1893,0.5508,-0.2147,3.4152%,3.6916%,14.4115%,0.010619,GPRO,14694.0,2019-02-08,252.0,3.5020%,0.0002,1.1838,0.5448,-0.2421,3.4212%,3.6980%,14.4102%,0.032092,GPRO,14694.0,2019-02-11,252.0,3.1955%,0.0001,1.2351,0.5325,-0.2218,3.4179%,3.7031%,14.8065%,0.027159,GPRO,14694.0,2019-02-12,252.0,3.8251%,0.0004,1.2668,0.5072,-0.2011,3.4130%,3.7080%,15.2749%,0.02087,GPRO,14694.0,2019-02-13,252.0,-1.5789%,0.0005,1.288,0.4633,-0.2137,3.3990%,3.7019%,15.6923%,-0.0196,GPRO,14694.0,2019-02-14,252.0,3.2086%,0.0006,1.2808,0.4799,-0.2319,3.4045%,3.7070%,15.6546%,0.031042,GPRO,14694.0,2019-02-15,252.0,3.4542%,0.0005,1.2507,0.4549,-0.2781,3.3909%,3.6860%,15.3708%,0.019882,GPRO,14694.0,2019-02-19,252.0,0.3339%,0.0005,1.2587,0.4435,-0.2916,3.3870%,3.6855%,15.5427%,0.000378,GPRO,14694.0,2019-02-20,252.0,1.4975%,0.0007,1.2646,0.4676,-0.2678,3.3841%,3.6834%,15.5903%,0.013111,GPRO,14694.0,2019-02-21,252.0,-0.4918%,0.0006,1.2731,0.4847,-0.2522,3.3810%,3.6826%,15.7064%,-0.000628,GPRO,0.021093,0.053185,0.080344,0.0816139999999999,0.145399
26363,G S K PLC,GlaxoSmithKline Q4 EPS 24.7 Pence; Sees FY19 Adj. EPS Down 5-9% Year Over Year; Sees 80 Pence Dividend For 2019,6,decrease,0.8,0.7,"the forecast of a 5-9% decline in adjusted eps year over year is likely to negatively impact investor sentiment, leading to a decrease in stock price.",0,2019-02-06,GSK,2019-02-06 12:09:00+00:00,75064.0,37733W20,0.0311786942183971,5727891.0,-0.0027040464337915,0.0079203210771083,0.0128173641860485,-0.001530647277832,-0.0209296811372041,0.0,0.0074571026489138,0.0126582719385623,-0.0039476891979575,-0.0002583196328487,0.0121377678588032,0.007284146733582,0.0093000745400786,0.0005205741617828,0.0012123965425416,0.0013030815171077,0.0016953182639554,-0.0179165787994861,-0.0053908536210656,0.0025660372339189,0.0002466285368427,-0.0023041511885821,-0.0014795946190133,0.0020523816347122,0.0002469331084284,0.0148398773744702,-0.0009876769036054,-0.0163892284035682,-0.0024715391919016,0.01139597594738,0.0007432799320667,-0.0195530839264392,-0.0027234614826738,0.0005081417039036,0.0019861429464071,0.0040816287510097,-0.0042121401056647,0.0035842135548591,-0.0017417193157598,0.0064416383393108,0.0,0.0049197939224541,-0.0009969366947188,0.0208828188478946,-0.0007485676906071,-0.001319937640801,0.0074906176887452,-0.0086364308372139,0.0019826972857117,0.0015726750716567,0.0049468404613435,0.0039474084042012,-0.0034457147121429,0.0,-0.0009879207937046,0.0204081181436777,0.0088998917490243,-0.0090473694726824,0.0105366399511694,-0.0084432633593678,0.0002424423146294,0.0133689837530255,-0.0009697191417217,0.0083580845966935,0.0094637079164385,0.0005395321641117,0.0031250258907675,-0.0143579076975584,0.003354885848239,-0.0086978925392031,-0.0019106285180896,0.0069001675583422,0.0004785943310707,0.0085653020069003,0.0016742332372814,-0.0084925610572099,-0.0028653950430452,0.0101876966655254,-0.0016762380255386,-0.0032068127766251,-0.0021587947849184,-0.023995878174901,0.001682684989646,-0.0069930185563862,-0.004319570492953,-0.0778600051999092,-0.0053025116212666,0.0140469362959265,-0.0079961670562624,0.0024278294295072,-0.0083048399537801,0.0193021222949028,0.0041872411966323,-0.0036982623860239,-0.0122639192268252,-0.0024593821726739,-0.0072014131583273,0.0037028272636234,-0.0032516524661332,-0.0029535500798374,-0.004265951924026,-0.0048983776941895,0.0136088943108916,0.0121467942371964,-0.0072103654965758,-0.001732236938551,0.0072627328336238,0.0002652596158441,0.0044753928668797,-0.0123188914731144,0.0012376048834994,0.0090178586542606,0.0168108846992254,-0.0065375412814319,-0.0175055004656314,0.0014548389008268,0.0012372985947877,0.0105366399511694,0.0071675959043204,0.0253769382834434,-0.0027040464337915,0.0079203210771083,0.0100786590043391,0.0063775505813801,-0.0110619652521164,0.0063775505813801,-0.0076204854886725,0.0188532934761442,0.0112348719506432,0.012317155847852,0.0286957790758508,0.0408970771886605,0.0164731168060343,0.0032458980794884,2019-02-07,2019-02-08,2019-02-11,2019-02-12,2019-02-13,2019-02-14,2019-02-15,2019-02-19,2019-02-20,2019-02-21,75064.0,2019-02-06,252.0,3.1179%,0.0008,0.3487,-0.0033,0.1559,1.1465%,1.1998%,8.6841%,0.031811,GSK,75064.0,2019-02-07,252.0,-0.2704%,0.0007,0.3444,0.0025,0.155,1.1455%,1.1971%,8.4319%,-0.000174,GSK,75064.0,2019-02-08,252.0,1.2817%,0.0008,0.3422,-0.0017,0.1432,1.1483%,1.1995%,8.3556%,0.0134759999999999,GSK,75064.0,2019-02-11,252.0,-2.0930%,0.0006,0.3579,-0.0471,0.1268,1.1528%,1.2071%,8.8034%,-0.021827,GSK,75064.0,2019-02-12,252.0,0.7457%,0.0006,0.3573,-0.0448,0.1261,1.1527%,1.2068%,8.7605%,0.002715,GSK,75064.0,2019-02-13,252.0,-0.3948%,0.0006,0.3617,-0.0546,0.123,1.1510%,1.2064%,8.9722%,-0.005109,GSK,75064.0,2019-02-14,252.0,1.2138%,0.0007,0.3584,-0.0476,0.1157,1.1537%,1.2082%,8.8127%,0.0137939999999999,GSK,75064.0,2019-02-15,252.0,0.9300%,0.0007,0.3583,-0.0471,0.1162,1.1538%,1.2080%,8.7701%,0.0047139999999999,GSK,75064.0,2019-02-19,252.0,0.1212%,0.0006,0.3554,-0.0435,0.1206,1.1524%,1.2054%,8.5929%,0.0002199999999999,GSK,75064.0,2019-02-20,252.0,0.1695%,0.0006,0.3544,-0.0499,0.116,1.1508%,1.2038%,8.6106%,0.000352,GSK,75064.0,2019-02-21,252.0,-0.5391%,0.0006,0.3525,-0.0548,0.1125,1.1500%,1.2026%,8.5558%,-0.003947,GSK,0.031637,0.045113,0.023286,0.020892,0.036025
26371,HAWAIIAN HOLDINGS INC,"Hawaiian Airlines Reports January RPMs p 4.8% YoY, ASMs Up 4.6% YoY",6,increase,0.7,0.6,"the increase in revenue passenger miles (rpms) and available seat miles (asms) suggests improved operational performance, which is likely to positively influence investor sentiment and stock price.",2,2019-02-06,HA,2019-02-06 21:01:00+00:00,81666.0,41987910,0.014191429130733,496631.0,0.0048812460154294,0.0043088882230222,-0.0035760926548391,-0.0267741903662681,0.0022838399745523,-0.0318551026284694,-0.0055338568054139,0.0399480201303958,0.0058919903822243,-0.0669696703553199,0.0178978573530912,0.0119595024734735,0.0105498693883419,0.0536348894238472,0.026257449761033,-0.0174602940678596,-0.0511713325977325,0.0112359672784805,0.029889540746808,-0.0479829311370849,-0.0078864349052309,-0.0238663256168365,-0.0019078337354585,0.0008957532700151,-0.0293087009340524,0.0706522017717361,-0.0324909687042236,0.0152548272162675,0.0091587677597999,0.0065337750129401,-0.0043697198852896,-0.0009790724143385,-0.1093856021761894,0.0386440455913543,-0.0072023742832243,0.0034013735130429,0.0003818338445853,0.0240334570407867,-0.0122138010337948,0.0466641895473003,-0.0100463032722473,0.027340805158019,0.000780583533924,0.0433763414621353,-0.0027300973888486,-0.0458612814545631,0.0551427416503429,0.0155244171619415,-0.0151964360848069,0.0126533713191747,-0.0225818734616041,-0.0011490113101899,0.0,-0.0072242827154695,-0.0030804746784269,0.050319418311119,-0.0216299537569284,-0.0275727808475494,0.0082906037569046,-0.0402534455060958,-0.0411120243370533,-0.0300072282552719,0.0048999935388565,-0.0250264704227447,0.0146281467750668,0.0143010914325714,0.0348418429493904,-0.0434336699545383,0.0127708949148654,0.0003421221044845,0.0030569324735552,-0.0289036817848682,0.025142852216959,0.0273037943989038,0.0081753740087151,-0.0418574474751949,0.0154810203239321,0.001801811857149,0.0047187320888042,-0.0794632136821746,0.019508633762598,-0.1275979727506638,-0.0237420294433832,-0.0333164148032665,0.0642468407750129,-0.0204284936189651,-0.0214870106428861,0.0364058837294578,0.0327639803290367,-0.0033453695941716,-0.0013499497435987,0.0446236506104469,-0.0003379597328603,-0.0130007397383451,0.0111561836674809,0.0026602414436638,0.0237379129976034,0.0088567323982715,-0.0052253999747335,0.0219418331980705,-0.0252790078520774,0.0013732281513512,0.0252610296010971,0.0058010793291032,-0.0689881816506385,0.0075146243907511,-0.0483415946364402,-0.0123287588357925,0.0092695588245987,-0.0174966752529144,0.0260837990790605,0.0417835563421249,0.010025018826127,-0.0299237892031669,-0.0145338485017418,0.0043715806677937,-0.0287769511342048,-0.008130163885653,0.0388888604938983,0.0313024818897247,0.0048812460154294,0.0043088882230222,0.0012876975725681,-0.0225806691367961,0.0035744784423119,-0.0537164622324934,0.0039011701813875,-0.081818202783416,0.0355895968816872,-0.0739609353091556,-0.1656479914165167,0.1293328021946387,-0.0836502588280465,-0.1503298919193109,2019-02-07,2019-02-08,2019-02-11,2019-02-12,2019-02-13,2019-02-14,2019-02-15,2019-02-19,2019-02-20,2019-02-21,81666.0,2019-02-06,252.0,1.4191%,-0.0003,1.2133,0.829,0.5981,2.3395%,2.6622%,22.7703%,0.016433,HA,81666.0,2019-02-07,252.0,0.4881%,-0.0002,1.2122,0.8239,0.6022,2.3413%,2.6616%,22.6239%,0.01481,HA,81666.0,2019-02-08,252.0,-0.3576%,-0.0004,1.2137,0.7816,0.5804,2.3227%,2.6447%,22.8684%,-0.001024,HA,81666.0,2019-02-11,252.0,0.2284%,-0.0005,1.2283,0.7601,0.5764,2.3217%,2.6406%,22.6940%,-0.006009,HA,81666.0,2019-02-12,252.0,-0.5534%,-0.0005,1.2255,0.7483,0.5771,2.3238%,2.6408%,22.5673%,-0.0215099999999999,HA,81666.0,2019-02-13,252.0,0.5892%,-0.0006,1.2127,0.7708,0.5816,2.3168%,2.6290%,22.3426%,0.0015079999999999,HA,81666.0,2019-02-14,252.0,1.7898%,-0.0006,1.2068,0.7812,0.572,2.3180%,2.6287%,22.2447%,0.01971,HA,81666.0,2019-02-15,252.0,1.0550%,-0.0005,1.2294,0.8007,0.6076,2.3090%,2.6289%,22.8588%,-0.0078859999999999,HA,81666.0,2019-02-19,252.0,2.6257%,-0.0003,1.239,0.8054,0.6121,2.3098%,2.6338%,23.0898%,0.019677,HA,81666.0,2019-02-20,252.0,-5.1171%,-0.0006,1.2216,0.7617,0.549,2.3374%,2.6513%,22.2745%,-0.058764,HA,81666.0,2019-02-21,252.0,2.9890%,-0.0004,1.2053,0.7366,0.5189,2.3448%,2.6499%,21.6997%,0.036105,HA,0.031243,0.030219,0.02421,0.004208,0.0130499999999999
26379,HANESBRANDS INC,Hanesbrands Q4 Earnings Outlook,6,uncertain,0.5,0.5,"the outlook for q4 earnings could be influenced by various factors such as market conditions and company performance, making the impact on stock price uncertain.",1,2019-02-06,HBI,2019-02-06 18:25:00+00:00,91416.0,41034510,-0.0019231209298595,6784084.0,0.201669842004776,0.0149642480537295,-0.0464991442859172,0.0118499221280217,0.0308295525610446,0.0133422156795859,0.011419303715229,0.0026755826547741,0.0118279196321964,-0.0183847490698099,-0.0058448784984648,-0.0084635494276881,0.0112240184098482,0.0105263059958815,0.0010655544465407,0.0333106555044651,0.0090472679585218,-0.0060810912400484,0.0094936871901154,0.0150891812518239,-0.000522478017956,-0.0175202302634716,-0.0047045610845088,0.0363128818571567,-0.0183823723345994,0.0369297079741954,0.0048154173418879,0.0021771180909127,-0.0101171741262078,-0.0021723886020481,-0.0037654489278793,0.0080292420461773,-0.0053995884954929,0.0058737094514071,0.0054289023391902,-0.014471766538918,-0.0134989200159907,0.0050908867269754,0.0032840429339557,0.0330578200519084,-0.0021821607369929,0.0317830070853233,-0.021869957447052,0.0303513687103986,-0.0083845509216189,-0.0118389595299959,-0.0028184463735669,0.0111732119694352,0.003391716396436,0.0278917271643877,-0.0067606107331812,-0.0081367278471589,0.0011344560189172,-0.0080710556358098,0.0113314883783459,0.0662650987505912,-0.0140056023374199,-0.0227081961929798,0.01022728998214,-0.0165425818413496,-0.0483689866960048,-0.0024752255994826,-0.0017730902181938,-0.0509005896747112,0.0130255315452814,-0.0154201854020357,0.0035066897980868,-0.0442151390016078,0.0320325717329978,-0.0166667029261589,0.0090293372049927,-0.066305786371231,0.0167785882949829,-0.0067204558290541,-0.0148515105247497,-0.0046822540462017,-0.0044667739421129,-0.0138522451743483,0.0314077101647853,-0.0343949012458324,0.0038064001128077,0.0161812305450439,-0.0065004839561879,-0.0439356453716754,-0.0196292586624622,0.0157133881002664,0.0022247449960559,0.0159642398357391,0.0166481267660856,-0.0107391076162457,0.0109170721843838,0.0180064141750335,-0.0016199074452742,-0.0082908235490322,0.0140616679564118,0.0241672024130821,0.0031999715138226,-0.0260814148932695,0.0042530531063675,0.0657627284526825,-0.013763909228146,-0.0120562827214598,0.0101986331865191,0.0013414123095571,0.00743886269629,-0.048500332981348,-0.011603339575231,-0.0119797969236969,0.002134520560503,0.0044331662356853,-0.0117146549746394,-0.0235003158450126,-0.026400851085782,-0.0235506892204284,0.0038738071452826,2.3185529940406013e-08,-0.0501653738319873,-0.0118273664265871,0.0342426113784313,0.0242277178913354,0.201669842004776,0.0149642480537295,0.1457932226373604,0.0269914953558922,0.1811175150187476,0.040693837388031,0.2087347472246932,0.0242942130672452,0.239110889753962,0.0699588782450766,0.1510654722399149,0.290322589837594,0.15365498414845,-0.0465593851986385,2019-02-07,2019-02-08,2019-02-11,2019-02-12,2019-02-13,2019-02-14,2019-02-15,2019-02-19,2019-02-20,2019-02-21,91416.0,2019-02-06,252.0,-0.1923%,-0.0007,1.2294,0.8812,0.8778,2.1523%,2.4953%,25.6029%,5.7e-05,HBI,91416.0,2019-02-07,252.0,20.1670%,0.0001,1.1614,0.8771,0.9275,2.5253%,2.7921%,18.1986%,0.210725,HBI,91416.0,2019-02-08,252.0,-4.6499%,-0.0001,1.1689,0.875,0.9579,2.5375%,2.8057%,18.2012%,-0.041683,HBI,91416.0,2019-02-11,252.0,3.0830%,0.0003,1.0694,0.9984,0.9725,2.4897%,2.7273%,16.6605%,0.021115,HBI,91416.0,2019-02-12,252.0,1.1419%,0.0004,1.0839,0.9783,0.9835,2.4841%,2.7263%,16.9761%,-0.001771,HBI,91416.0,2019-02-13,252.0,1.1828%,0.0004,1.0782,0.9907,0.9874,2.4828%,2.7237%,16.9064%,0.007418,HBI,91416.0,2019-02-14,252.0,-0.5845%,0.0003,1.0784,0.9884,0.9909,2.4821%,2.7229%,16.9077%,-0.003105,HBI,91416.0,2019-02-15,252.0,1.1224%,0.0001,1.0422,0.955,0.9309,2.4715%,2.6968%,16.0147%,-0.008289,HBI,91416.0,2019-02-19,252.0,0.1066%,0.0002,1.0488,0.9396,0.913,2.4666%,2.6939%,16.1666%,-0.0065769999999999,HBI,91416.0,2019-02-20,252.0,0.9047%,0.0002,1.0496,0.9454,0.9169,2.4659%,2.6944%,16.2426%,-0.000134,HBI,91416.0,2019-02-21,252.0,0.9494%,0.0003,1.0403,0.93,0.8997,2.4659%,2.6894%,15.9291%,0.016048,HBI,0.210782,0.169099,0.190214,0.195861,0.193804
26387,HEALTHCARE SERVICES GROUP INC,"Healthcare Service shares are trading lower after the company reported Q4 sales of $496.41 million, missing the $508.89 million analyst estimate",6,decrease,0.85,0.7,"the company's q4 sales missed analyst estimates, which typically leads to a negative reaction in stock prices.",0,2019-02-06,HCSG,2019-02-06 18:20:00+00:00,41292.0,42190610,-0.0751718804240226,2954142.0,0.0097436169162392,0.015166038647294,-0.0159979946911335,-0.0012021936709061,-0.0002580212021712,-0.0465382598340511,0.0307175684720277,0.0048375739715993,0.0072627328336238,-0.0036722479853779,-0.0105358706787228,-0.0117940679192543,0.0164141803979873,0.012167097069323,0.0009938115254044,-0.005025066435337,-0.0079424092546105,-0.0043211835436522,0.0087565286085009,-0.0020426725968718,-0.0009920862503349,0.0063956738449633,-0.004965167492628,0.0120203532278537,-0.0274451654404401,0.0116931712254881,-0.0164186600595712,-0.0018674563616514,-0.0041731833480298,0.0178189594298601,-0.0115243224427104,-0.0117398453876376,-0.1314256191253662,0.0097202425822615,0.0216596368700265,-0.0049539771862328,-0.0113467015326023,0.0229247286915779,0.0172153338789939,0.0196850206702947,-0.0175178200006485,0.0037045618519186,-0.0148081500083208,0.0355499573051929,-0.0122698694467544,-0.0096251536160707,-0.0102484449744224,-0.0174216218292713,-0.0229055993258953,0.0182463563978672,-0.0073859840631484,-0.0152233745902776,0.0045292587019503,0.0060255550779402,0.0186795461922884,0.0321327187120914,0.0041100559756159,-0.0041290284134447,0.0135389920324087,-0.058780625462532,-0.0015532537363469,-0.0081908013671636,0.0115121016278863,-0.0165837667882442,0.0101507799699902,0.0035662793088704,0.0237514860928058,-0.0156798083335161,-0.0270672179758548,0.0032871423754841,0.0085601527243852,-0.0028096213936805,0.0090936413034796,0.0171468779444694,0.0081105576828122,0.0067130806855857,0.0146006513386964,0.0008398283971473,0.0052863527089357,0.0013214874779805,0.002044980879873,-0.0993291512131691,0.00262391124852,-0.0380932912230491,-0.0305321104824543,0.0177966132760047,0.0251949653029441,0.0094098048284649,0.0040959445759654,0.0055913617834448,-0.0067016184329986,0.0273972991853952,0.0117336912080645,-0.0085433339700102,-0.0156567376106977,0.0203397367149591,-0.004123693332076,-0.0026749649550765,0.022182784974575,0.0152095425873994,-0.0289351847022771,0.0072628161869943,0.0128128807991743,-0.0004537308705039,0.0020594201050698,0.0201342925429344,-0.0058720125816762,0.0224799048155546,-0.0047253351658582,-0.0009456481202505,-0.0029674267861992,-0.0206066090613603,0.0074404766783118,-0.0208569932729005,-0.0558345504105091,-0.0006796279922127,0.0416145771741867,-0.0022604495752602,0.0234304219484329,0.0212373491376638,0.0097436169162392,0.015166038647294,-0.0064102561065926,0.0139456124607133,-0.006666623326777,-0.0332416519095793,0.0312820838290579,-0.0321322375250816,0.0389696908252124,-0.0428961238371653,-0.1705249779780906,0.0242895264178601,-0.1220809276658708,-0.02231520382667,2019-02-07,2019-02-08,2019-02-11,2019-02-12,2019-02-13,2019-02-14,2019-02-15,2019-02-19,2019-02-20,2019-02-21,41292.0,2019-02-06,252.0,-7.5172%,-0.0009,0.7064,0.5311,0.2897,1.7924%,1.9456%,15.1318%,-0.073807,HCSG,41292.0,2019-02-07,252.0,0.9744%,-0.0008,0.6984,0.5341,0.2932,1.7950%,1.9445%,14.7863%,0.015774,HCSG,41292.0,2019-02-08,252.0,-1.5998%,-0.0008,0.7,0.5633,0.3193,1.7882%,1.9391%,14.9593%,-0.014971,HCSG,41292.0,2019-02-11,252.0,-0.0258%,-0.0008,0.7134,0.5438,0.3158,1.7871%,1.9383%,14.9952%,-0.0057909999999999,HCSG,41292.0,2019-02-12,252.0,3.0718%,-0.0006,0.7421,0.5233,0.3341,1.7829%,1.9434%,15.8334%,0.021344,HCSG,41292.0,2019-02-13,252.0,0.7263%,-0.0006,0.7462,0.5184,0.3345,1.7826%,1.9440%,15.9135%,0.004537,HCSG,41292.0,2019-02-14,252.0,-1.0536%,-0.0005,0.7495,0.514,0.3375,1.7805%,1.9428%,16.0133%,-0.009824,HCSG,41292.0,2019-02-15,252.0,1.6414%,-0.0006,0.7377,0.504,0.3191,1.7769%,1.9346%,15.6397%,0.00494,HCSG,41292.0,2019-02-19,252.0,0.0994%,-0.0006,0.735,0.5057,0.3213,1.7764%,1.9328%,15.5316%,-0.002927,HCSG,41292.0,2019-02-20,252.0,-0.7942%,-0.0007,0.7315,0.4968,0.3086,1.7778%,1.9331%,15.4215%,-0.012318,HCSG,41292.0,2019-02-21,252.0,0.8757%,-0.0006,0.7217,0.4798,0.2906,1.7758%,1.9272%,15.0915%,0.012421,HCSG,-0.058033,-0.073004,-0.078795,-0.052914,-0.0606219999999999
26395,HARLEY DAVIDSON INC,Morgan Stanley: Harley-Davidson Has Better Odds In SUVs Than Electric Bikes,6,uncertain,0.6,0.3,"the news suggests a shift in focus towards suvs, which may not be well-received by investors who are optimistic about electric bikes, leading to mixed reactions in the stock price.",1,2019-02-06,HOG,2019-02-06 17:37:00+00:00,70033.0,41282210,-0.0057361125946044,1376104.0,-0.0219781044870615,0.0010938177583739,-0.0098314182832837,-0.0021828601602464,0.0124822305515408,-0.0056972079910337,0.0081255510449409,0.0104166958481073,0.0144524862989783,0.049482200294733,0.0049315150827169,-0.0505327023565769,0.0169029142707586,-0.0073210531845688,-0.0050937971100211,0.0104109877720475,0.0043115019798278,0.0124826841056346,0.0042929928749799,-0.0077072000131011,-0.0085492841899394,-0.0293881502002477,0.0129345068708062,0.004023646004498,-0.0194200463593006,0.0056649334728717,0.0130222337320447,0.0024337521754205,-0.005891837645322,0.0038002005312591,0.0204741954803466,0.0079343616962432,-0.0089757163077592,-0.0013660994591191,0.0335641540586948,0.0032894443720579,-0.01597935333848,0.001372474245727,-0.0188580732792615,0.0201624538749456,0.0053390488028526,0.0297000799328088,-0.0084970714524388,0.0464695505797863,-0.0141938608139753,-0.0275822300463914,0.0012224441161379,-0.0011722480412572,-0.0010965163819491,0.0047114207409322,0.0043907752260565,0.0017698394367471,-0.0131147420033812,0.002661938779056,0.0060908421874046,0.0595425106585025,-0.0374243408441543,-0.0099286288022995,0.0051458063535392,-0.023629168048501,-0.0375426523387432,-0.0072180954739451,0.0047281277365982,-0.0171445999294519,0.0244118180125951,-0.0032409192062914,0.020671758800745,-0.0224655121564865,0.0022504031658172,-0.0060119978152215,0.0008419528021477,-0.0199888981878757,0.0364553928375244,-0.0024923884775489,0.0221861395984888,-0.023262120783329,0.0047644339501857,-0.0334640219807624,0.028977932408452,-0.0304182693362236,0.0320020467042923,-0.0575728565454483,-0.0004961661179549,-0.0352615527808666,-0.0362372547388076,0.0260108411312103,0.0128766410052776,-0.0047070076689124,0.0022882362827658,-0.0072429338470101,0.0202943459153175,0.0278578251600265,-0.0037295257207006,0.0057970494963228,0.0172198303043842,0.03785415366292,0.0068695438094437,-0.0044921464286744,-0.0036550078075379,-0.0002495542867109,-0.0286133084446191,-0.0027369195595383,-0.0201410632580518,-0.0287579130381345,-0.0292908381670713,0.0,-0.0341449752449989,-0.0033718543127179,0.0169909261167049,-0.0019230293110013,0.0115871811285615,0.020107889547944,-0.0082578947767615,0.0012275776825845,-0.0196078307926654,-0.0031816218979656,0.0156164299696683,-0.002441368997097,0.0037766224704682,0.0366995893418788,-0.0219781044870615,0.0010938177583739,-0.0315934468320592,-0.0010914300530798,-0.0195055729677939,-0.0067824199400936,0.002747210610839,0.0532221618280011,0.0282966672318656,0.0077070945590904,-0.0241365567661424,0.1090579317909954,0.0327610380494498,-0.0635839641350044,2019-02-07,2019-02-08,2019-02-11,2019-02-12,2019-02-13,2019-02-14,2019-02-15,2019-02-19,2019-02-20,2019-02-21,70033.0,2019-02-06,252.0,-0.5736%,-0.0008,0.9616,0.0085,0.3192,1.4600%,1.7632%,31.4364%,-0.003987,HOG,70033.0,2019-02-07,252.0,-2.1978%,-0.001,0.9458,0.0346,0.313,1.4472%,1.7414%,30.9336%,-0.014369,HOG,70033.0,2019-02-08,252.0,-0.9831%,-0.001,0.9471,0.0357,0.3193,1.4480%,1.7423%,30.9264%,-0.00864,HOG,70033.0,2019-02-11,252.0,1.2482%,-0.001,0.9684,0.0305,0.3277,1.4467%,1.7404%,30.9072%,0.010086,HOG,70033.0,2019-02-12,252.0,0.8126%,-0.001,0.9703,0.0255,0.3296,1.4463%,1.7408%,30.9739%,-0.004594,HOG,70033.0,2019-02-13,252.0,1.4452%,-0.001,0.9723,0.0271,0.3329,1.4484%,1.7419%,30.8599%,0.01139,HOG,70033.0,2019-02-14,252.0,0.4932%,-0.0009,0.9712,0.0329,0.3247,1.4459%,1.7399%,30.9425%,0.0086629999999999,HOG,70033.0,2019-02-15,252.0,1.6903%,-0.0008,0.9753,0.0372,0.3322,1.4462%,1.7407%,30.9791%,0.004188,HOG,70033.0,2019-02-19,252.0,-0.5094%,-0.0008,0.9786,0.0261,0.3194,1.4438%,1.7406%,31.1975%,-0.008151,HOG,70033.0,2019-02-20,252.0,0.4312%,-0.0008,0.9799,0.0337,0.3254,1.4423%,1.7399%,31.2797%,0.000538,HOG,70033.0,2019-02-21,252.0,0.4293%,-0.0007,0.9765,0.0289,0.3192,1.4434%,1.7389%,31.1056%,0.008591,HOG,-0.018356,-0.026996,-0.01691,-0.010114,0.0037149999999999
26403,HEALTHEQUITY INC,HealthEquity Raises FY2019 EPS Guidance from $1.06-1.13 to $1.13-1.17 vs $1.13 Est; Raises FY2019 Sales Guidance from $281.0M-285.0M to $284.0M-287.0M vs $284.17M Est,6,increase,0.8,0.6,"the upward revision of both eps and sales guidance suggests stronger-than-expected financial performance, which is likely to positively influence investor sentiment and increase the stock price.",2,2019-02-06,HQY,2019-02-06 21:53:00+00:00,14803.0,42226A10,0.022150358185172,1186097.0,0.0860797837376594,0.014513112604618,-0.0070665720850229,0.006913929246366,0.011861546896398,0.0208533722907304,0.0053785596974194,-0.0143873495981097,0.0275720451027154,0.0228007733821868,0.0116138709709048,-0.0218285508453846,0.0174188409000635,-0.0158779062330722,0.0083009004592895,0.0258703120052814,0.0291999522596597,0.023369837552309,-0.0079989926889538,0.0120740914717316,0.0128511609509587,-0.0124142784625291,0.0151760326698422,0.052251648157835,-0.0268349759280681,0.0037957422900944,0.0207756422460079,0.0272953025996685,-0.0072776162996888,0.0089413449168205,0.0347911939024925,0.0073860539123415,-0.0531940497457981,-0.0092807505279779,0.0065948544070124,0.040289606899023,-0.0469951257109642,0.0189178958535194,-0.0076679247431457,-0.0117779215797781,-0.0029310048557817,-0.0777585953474044,0.0428915955126285,0.0564662739634513,0.0208840128034353,-0.0712231248617172,0.0131777487695217,-0.0090528232976794,0.0120152803137898,0.0268549043685197,0.005630437284708,-0.0061591207049787,0.0086416630074381,0.000856151280459,0.0197900254279375,0.0737268254160881,-0.057744700461626,-0.0169890187680721,0.0389301292598247,-0.058533240109682,-0.1081832945346832,-0.038606259971857,-0.0028462875634431,-0.0132364761084318,0.0005437123472802,0.0389065854251384,-0.0131775736808776,-0.039619892835617,0.0028909565880894,-0.0552343428134918,0.0155113916844129,-0.0569665804505348,0.0043254890479147,0.0280277542769908,0.0020187601912766,0.0017733522690832,0.0073875496163964,-0.0103831402957439,0.0151999918743968,-0.076320432126522,0.02088263630867,-0.1144736856222153,-0.0074617499485611,-0.068108357489109,-0.0016850924585014,0.0115006947889924,0.0166191440075635,0.0160385090857744,-0.0306513588875532,0.0257344599813222,-0.0284585449844598,0.0570115037262439,0.0183075461536645,-0.0014882192481309,-0.0561991445720195,0.0420005172491073,-0.1168336719274521,0.0091288071125745,0.0335517227649688,0.0056393481791019,0.0214870814234018,-0.0018326926510781,0.0444914475083351,-0.104454904794693,0.0226022209972143,0.0088704908266663,-0.0144517458975315,0.0018960026791319,0.0435594990849494,-0.051691185683012,0.0046838955022394,-0.0257280338555574,-0.0710270181298255,-0.0586416833102703,0.023173427209258,-0.0179150216281414,0.0025966577231884,-0.0163281504064798,0.0253237709403038,0.053051009774208,0.0860797837376594,0.014513112604618,0.0784049226557912,0.021527384484677,0.0911964732191794,0.0428296753385122,0.1273138791026957,0.0512613506717478,0.1944320023959207,0.0752564196148593,0.244996353371024,0.1061766487742035,0.0723853401736074,-0.3184105322434668,2019-02-07,2019-02-08,2019-02-11,2019-02-12,2019-02-13,2019-02-14,2019-02-15,2019-02-19,2019-02-20,2019-02-21,14803.0,2019-02-06,252.0,2.2150%,0.0009,1.3905,0.6421,-0.5118,2.2404%,2.8309%,37.3651%,0.025408,HQY,14803.0,2019-02-07,252.0,8.6080%,0.0013,1.3628,0.634,-0.4874,2.3283%,2.8768%,34.5007%,0.101742,HQY,14803.0,2019-02-08,252.0,-0.7067%,0.0014,1.3644,0.6629,-0.462,2.3230%,2.8706%,34.5139%,-0.012073,HQY,14803.0,2019-02-11,252.0,1.1862%,0.0011,1.4545,0.5842,-0.4573,2.2820%,2.8687%,36.7212%,0.006539,HQY,14803.0,2019-02-12,252.0,0.5379%,0.0011,1.4522,0.575,-0.4568,2.2833%,2.8686%,36.6468%,-0.015396,HQY,14803.0,2019-02-13,252.0,2.7572%,0.0012,1.4524,0.5837,-0.4498,2.2872%,2.8690%,36.4466%,0.023381,HQY,14803.0,2019-02-14,252.0,1.1614%,0.0012,1.4502,0.5877,-0.4535,2.2874%,2.8687%,36.4237%,0.00892,HQY,14803.0,2019-02-15,252.0,1.7419%,0.0012,1.4486,0.5863,-0.456,2.2873%,2.8667%,36.3361%,0.0016389999999999,HQY,14803.0,2019-02-19,252.0,0.8301%,0.0013,1.4558,0.5796,-0.4641,2.2838%,2.8670%,36.5464%,0.005116,HQY,14803.0,2019-02-20,252.0,2.9200%,0.0014,1.4632,0.5961,-0.4379,2.2897%,2.8721%,36.4439%,0.027611,HQY,14803.0,2019-02-21,252.0,-0.7999%,0.0013,1.4744,0.618,-0.4173,2.2830%,2.8707%,36.7544%,-0.003275,HQY,0.12715,0.115077,0.121616,0.129601,0.169612
26411,HUMANA INC,Humana Raises Quarterly Dividend From $0.50 To $0.55/Share,6,increase,0.8,0.6,"raising the quarterly dividend typically signals financial strength and can attract investors, likely leading to an increase in stock price.",2,2019-02-06,HUM,2019-02-06 11:57:00+00:00,48653.0,44485910,-0.0054052756167948,1224420.0,0.0072903609834611,-0.0083343833684921,-0.0167121309787035,-0.0011100108968093,-0.0171635206788778,-0.0087057910859584,0.0087485592812299,0.0084858369082212,0.0101914070546627,0.0185160804539918,0.0073826336301863,-0.002685401123017,0.0289825908839702,0.0031595458276569,-0.0157911516726017,0.0004990979214198,0.0113949282094836,0.0041766907088458,-0.0042735277675092,0.0016734721139073,0.0068929479457437,0.0108945770189166,-0.0155321545898914,0.0156003320589661,-0.0082657821476459,-0.0077736065723001,-0.0475607886910438,0.0162503123283386,-0.0101746451109647,0.0231494586914777,0.0209794417023658,-0.0049035688862204,-0.0459074489772319,0.0307250842452049,-0.0015486301854252,-0.0044525284320116,-0.0185045078396797,0.004801248665899,-0.01345095038414,-0.0059657022356987,-0.0006333386409096,-0.0001446335954824,0.0180043131113052,0.0256580747663974,0.0049432665109634,-0.0422244556248188,0.0312624759972095,-0.0170693043619394,-0.0113415233790874,0.0148788867518305,0.0011436184868216,-0.005801054649055,0.0072463722899556,0.0064399964176118,0.0159123577177524,0.0338381640613079,-0.0395939648151397,-0.0046607530675828,0.0052668345160782,-0.0124059896916151,-0.0150310862809419,-0.0183557905256748,-0.0089508527889847,-0.0298951473087072,-0.026835948228836,-0.036936916410923,-7.602987170685083e-05,0.0109692551195621,0.0010269341291859,-0.0402240231633186,0.0129089327529072,0.006376436445862,0.0087593477219343,0.0145390974357724,-0.0223977174609899,-0.0040674214251339,0.0054894876666367,0.0043137492612004,0.028851930052042,-0.0324722193181514,0.0188304372131824,-0.0252720192074775,-0.0105613907799124,-0.0270181410014629,0.0039114174433052,0.0121710924431681,-0.0296034831553697,-0.0024826887529343,-0.0216135457158088,0.0042262533679604,-0.028495792299509,0.0622355341911315,0.0027239448390901,-0.0125019391998648,-0.0744094252586364,0.0249410755932331,-0.0094002839177846,0.0026876672636717,0.0334922187030315,-0.0069005764089524,0.0079355342313647,-0.0102448221296072,0.024113729596138,-0.0291809234768152,0.005795944482088,0.0054086386226117,0.0078834732994437,-0.007490383926779,0.0243786200881004,-0.0408896431326866,-0.0044961380772292,-0.0106026558205485,-0.0055676400661468,-0.003835427807644,-0.036216277629137,-0.001884578843601,0.0049561308696866,-0.0406520552933216,0.0085697919130325,0.0668153837323188,0.0072903609834611,-0.0083343833684921,-0.0095436074628799,-0.0094351430089443,-0.0265433262377176,-0.0180587937110008,-0.0080192960848185,0.0086097885568494,0.0191868255098903,0.0154963693091549,-0.0828776227268988,0.0929822564244819,-0.171479762962586,-0.0839714486806296,2019-02-07,2019-02-08,2019-02-11,2019-02-12,2019-02-13,2019-02-14,2019-02-15,2019-02-19,2019-02-20,2019-02-21,48653.0,2019-02-06,252.0,-0.5405%,0.0004,0.6858,-0.1115,-0.0663,1.1948%,1.4207%,29.2731%,-0.003947,HUM,48653.0,2019-02-07,252.0,0.7290%,0.0005,0.6854,-0.1166,-0.0626,1.1973%,1.4206%,28.9724%,0.013682,HUM,48653.0,2019-02-08,252.0,-1.6712%,0.0005,0.6882,-0.1005,-0.0403,1.2000%,1.4211%,28.6987%,-0.017803,HUM,48653.0,2019-02-11,252.0,-1.7164%,0.0003,0.7065,-0.1422,-0.0533,1.2005%,1.4241%,28.9409%,-0.017471,HUM,48653.0,2019-02-12,252.0,0.8749%,0.0003,0.7055,-0.1419,-0.0539,1.2005%,1.4235%,28.8713%,-0.001022,HUM,48653.0,2019-02-13,252.0,1.0191%,0.0004,0.7086,-0.144,-0.0523,1.2012%,1.4243%,28.8638%,0.008239,HUM,48653.0,2019-02-14,252.0,0.7383%,0.0004,0.7065,-0.1393,-0.0574,1.2025%,1.4247%,28.7633%,0.009216,HUM,48653.0,2019-02-15,252.0,2.8983%,0.0005,0.7312,-0.1148,-0.0143,1.2068%,1.4358%,29.3547%,0.021523,HUM,48653.0,2019-02-19,252.0,-1.5791%,0.0005,0.7307,-0.1298,-0.0311,1.2102%,1.4396%,29.3287%,-0.016905,HUM,48653.0,2019-02-20,252.0,1.1395%,0.0005,0.7329,-0.1273,-0.0239,1.2113%,1.4408%,29.3210%,0.010363,HUM,48653.0,2019-02-21,252.0,-0.4274%,0.0005,0.7324,-0.1287,-0.0247,1.2112%,1.4405%,29.2948%,-0.001806,HUM,0.009735,-0.0080679999999999,-0.025539,-0.0183219999999999,0.004069
26419,HUMANA INC,"Humana Q4 Adj. EPS $2.65 Beats $2.53 Estimate, Sales $14.17B Beat $13.98B Estimate",6,increase,0.8,0.7,"the positive earnings per share and sales results beating estimates typically indicate strong financial performance, which is likely to boost investor confidence and increase the stock price.",2,2019-02-06,HUM,2019-02-06 11:57:00+00:00,48653.0,44485910,-0.0054052756167948,1224420.0,0.0072903609834611,-0.0083343833684921,-0.0167121309787035,-0.0011100108968093,-0.0171635206788778,-0.0087057910859584,0.0087485592812299,0.0084858369082212,0.0101914070546627,0.0185160804539918,0.0073826336301863,-0.002685401123017,0.0289825908839702,0.0031595458276569,-0.0157911516726017,0.0004990979214198,0.0113949282094836,0.0041766907088458,-0.0042735277675092,0.0016734721139073,0.0068929479457437,0.0108945770189166,-0.0155321545898914,0.0156003320589661,-0.0082657821476459,-0.0077736065723001,-0.0475607886910438,0.0162503123283386,-0.0101746451109647,0.0231494586914777,0.0209794417023658,-0.0049035688862204,-0.0459074489772319,0.0307250842452049,-0.0015486301854252,-0.0044525284320116,-0.0185045078396797,0.004801248665899,-0.01345095038414,-0.0059657022356987,-0.0006333386409096,-0.0001446335954824,0.0180043131113052,0.0256580747663974,0.0049432665109634,-0.0422244556248188,0.0312624759972095,-0.0170693043619394,-0.0113415233790874,0.0148788867518305,0.0011436184868216,-0.005801054649055,0.0072463722899556,0.0064399964176118,0.0159123577177524,0.0338381640613079,-0.0395939648151397,-0.0046607530675828,0.0052668345160782,-0.0124059896916151,-0.0150310862809419,-0.0183557905256748,-0.0089508527889847,-0.0298951473087072,-0.026835948228836,-0.036936916410923,-7.602987170685083e-05,0.0109692551195621,0.0010269341291859,-0.0402240231633186,0.0129089327529072,0.006376436445862,0.0087593477219343,0.0145390974357724,-0.0223977174609899,-0.0040674214251339,0.0054894876666367,0.0043137492612004,0.028851930052042,-0.0324722193181514,0.0188304372131824,-0.0252720192074775,-0.0105613907799124,-0.0270181410014629,0.0039114174433052,0.0121710924431681,-0.0296034831553697,-0.0024826887529343,-0.0216135457158088,0.0042262533679604,-0.028495792299509,0.0622355341911315,0.0027239448390901,-0.0125019391998648,-0.0744094252586364,0.0249410755932331,-0.0094002839177846,0.0026876672636717,0.0334922187030315,-0.0069005764089524,0.0079355342313647,-0.0102448221296072,0.024113729596138,-0.0291809234768152,0.005795944482088,0.0054086386226117,0.0078834732994437,-0.007490383926779,0.0243786200881004,-0.0408896431326866,-0.0044961380772292,-0.0106026558205485,-0.0055676400661468,-0.003835427807644,-0.036216277629137,-0.001884578843601,0.0049561308696866,-0.0406520552933216,0.0085697919130325,0.0668153837323188,0.0072903609834611,-0.0083343833684921,-0.0095436074628799,-0.0094351430089443,-0.0265433262377176,-0.0180587937110008,-0.0080192960848185,0.0086097885568494,0.0191868255098903,0.0154963693091549,-0.0828776227268988,0.0929822564244819,-0.171479762962586,-0.0839714486806296,2019-02-07,2019-02-08,2019-02-11,2019-02-12,2019-02-13,2019-02-14,2019-02-15,2019-02-19,2019-02-20,2019-02-21,48653.0,2019-02-06,252.0,-0.5405%,0.0004,0.6858,-0.1115,-0.0663,1.1948%,1.4207%,29.2731%,-0.003947,HUM,48653.0,2019-02-07,252.0,0.7290%,0.0005,0.6854,-0.1166,-0.0626,1.1973%,1.4206%,28.9724%,0.013682,HUM,48653.0,2019-02-08,252.0,-1.6712%,0.0005,0.6882,-0.1005,-0.0403,1.2000%,1.4211%,28.6987%,-0.017803,HUM,48653.0,2019-02-11,252.0,-1.7164%,0.0003,0.7065,-0.1422,-0.0533,1.2005%,1.4241%,28.9409%,-0.017471,HUM,48653.0,2019-02-12,252.0,0.8749%,0.0003,0.7055,-0.1419,-0.0539,1.2005%,1.4235%,28.8713%,-0.001022,HUM,48653.0,2019-02-13,252.0,1.0191%,0.0004,0.7086,-0.144,-0.0523,1.2012%,1.4243%,28.8638%,0.008239,HUM,48653.0,2019-02-14,252.0,0.7383%,0.0004,0.7065,-0.1393,-0.0574,1.2025%,1.4247%,28.7633%,0.009216,HUM,48653.0,2019-02-15,252.0,2.8983%,0.0005,0.7312,-0.1148,-0.0143,1.2068%,1.4358%,29.3547%,0.021523,HUM,48653.0,2019-02-19,252.0,-1.5791%,0.0005,0.7307,-0.1298,-0.0311,1.2102%,1.4396%,29.3287%,-0.016905,HUM,48653.0,2019-02-20,252.0,1.1395%,0.0005,0.7329,-0.1273,-0.0239,1.2113%,1.4408%,29.3210%,0.010363,HUM,48653.0,2019-02-21,252.0,-0.4274%,0.0005,0.7324,-0.1287,-0.0247,1.2112%,1.4405%,29.2948%,-0.001806,HUM,0.009735,-0.0080679999999999,-0.025539,-0.0183219999999999,0.004069
26427,HAWKINS INC,"Hawkins Q3 EPS $0.39 Up From $0.27 YoY, Sales $118.1M Up From $118.053M YoY",6,increase,0.8,0.6,"the increase in eps from $0.27 to $0.39 indicates improved profitability, which is likely to positively influence investor sentiment and drive the stock price higher.",2,2019-02-06,HWKN,2019-02-06 21:53:00+00:00,41241.0,42026110,-0.0203987266868352,17793.0,-0.081874094903469,0.0266539491713047,-0.0018041158327832,-0.0166159402579069,-0.0441517978906631,0.0298866666853427,0.0764451101422309,-0.0050359494052827,0.0035132549237459,0.0168252252042293,0.0075018559582531,-0.0021897847764194,0.0359890982508659,-0.0050835846923291,0.0270722862333059,0.016486270353198,0.0130627797916531,-0.0014742352068424,-0.013815376907587,-0.0152431903406977,-0.003051578765735,-0.0334423892199993,-0.0204851124435663,-0.0106432875618338,-0.0026441537775099,0.0119410473853349,0.011086986400187,0.0009374482324346,-0.0174016579985618,0.0113770933821797,0.0206210203468799,-0.024959597736597,-0.0240075662732124,-0.0084784356877207,-0.0090112695470452,0.005066817626357,-0.0049151377752423,0.0069573107175529,-0.0116078341379761,0.0230129864066839,-0.0022488792892545,-0.0014214062830433,0.0185323785990476,0.0404239445924758,-0.0066387178376317,-0.0305853951722383,-0.0042079696431756,0.0219779647886753,-0.0198856387287378,-0.0014629983343183,-0.0010144792031496,0.0019545080140233,-0.0066006174311041,0.0151289831846952,0.000255515507888,0.0130653381347656,0.0084313191473484,-0.0391115173697471,0.0007600400131195,0.0191928837448358,-0.0653165057301521,0.0159999839961528,0.0178765896707773,-0.0291262324899435,-0.0061203655786812,-0.0004852124548051,0.0,-0.0280593875795602,0.0074967229738831,-0.022811098024249,-0.0212596114724874,-0.000230322999414,0.0111322244629263,0.0472858622670173,0.007518763653934,0.0267525855451822,0.0090618375688791,0.0120330797508359,0.0229793693870306,0.0012550009414553,0.0183320194482803,-0.0017539387336,-0.0098884226754307,-0.0573925450444221,-0.0281689763069152,0.0143746631219983,0.0379446260631084,0.0180488210171461,-0.0038080150261521,-0.0233444385230541,-0.0117228049784898,0.052394088357687,-0.0067044436000287,-0.0189375411719083,0.0197299662977457,0.0142180016264319,-0.0142565574496984,-0.0084096007049083,0.0074895941652357,0.0240628365427255,-0.0187131389975547,-0.0139860482886433,0.0104493610560894,-0.013307069428265,-0.0082730017602443,0.0160241164267063,-0.0312826037406921,0.0089172879233956,0.0150700043886899,0.0012576220324262,-0.000795402796939,0.0247422456741333,-0.020695112645626,0.0234766397625207,0.0018964967457577,-0.036839447915554,0.0289345514029264,0.0231348928064107,0.0646517500281333,0.0126348910853266,-0.081874094903469,0.0266539491713047,-0.0835305003853422,0.00959512848633,-0.1239942765052858,0.0397685615785468,-0.0537150211932319,0.0519385793058997,0.013487935464622,0.0437937935563585,-0.0602634995904313,0.0615157482134622,-0.0362348369677552,0.1419590523712746,2019-02-07,2019-02-08,2019-02-11,2019-02-12,2019-02-13,2019-02-14,2019-02-15,2019-02-19,2019-02-20,2019-02-21,41241.0,2019-02-06,252.0,-2.0399%,0.001,1.1514,1.3548,0.3713,2.0055%,2.4232%,31.5054%,-0.018124,HWKN,41241.0,2019-02-07,252.0,-8.1874%,0.0008,1.1806,1.3485,0.3553,2.0525%,2.4788%,31.4337%,-0.070953,HWKN,41241.0,2019-02-08,252.0,-0.1804%,0.0009,1.1802,1.373,0.3698,2.0458%,2.4746%,31.6517%,-0.001189,HWKN,41241.0,2019-02-11,252.0,-4.4152%,0.0006,1.1809,1.2955,0.3282,2.0756%,2.4871%,30.3523%,-0.055816,HWKN,41241.0,2019-02-12,252.0,7.6445%,0.0007,1.1867,1.3318,0.3247,2.0915%,2.5105%,30.5900%,0.060584,HWKN,41241.0,2019-02-13,252.0,0.3513%,0.0006,1.1823,1.3386,0.3255,2.0908%,2.5080%,30.5030%,-0.000936,HWKN,41241.0,2019-02-14,252.0,0.7502%,0.0006,1.1813,1.3409,0.3232,2.0909%,2.5081%,30.5014%,0.004812,HWKN,41241.0,2019-02-15,252.0,3.5989%,0.0007,1.2005,1.36,0.3569,2.0927%,2.5165%,30.8448%,0.017637,HWKN,41241.0,2019-02-19,252.0,2.7072%,0.0009,1.2092,1.3648,0.3615,2.0938%,2.5216%,31.0522%,0.019677,HWKN,41241.0,2019-02-20,252.0,1.3063%,0.0009,1.2117,1.3758,0.3719,2.0925%,2.5223%,31.1764%,0.005674,HWKN,41241.0,2019-02-21,252.0,-1.3815%,0.001,1.2095,1.3694,0.3678,2.0919%,2.5191%,31.0394%,-0.0076139999999999,HWKN,-0.089077,-0.090266,-0.146082,-0.086434,-0.046248
26435,INTERACTIVE BROKERS GROUP INC,Benzinga And Interactive Brokers Announce Alliance To Streamline News And Data,6,increase,0.7,0.6,"the alliance with benzinga to streamline news and data is likely to enhance interactive brokers' service offerings, potentially attracting more customers and positively impacting its stock price.",2,2019-02-06,IBKR,2019-02-06 15:10:00+00:00,92043.0,45841N10,-0.0041160150431096,497829.0,-0.011808743700385,0.016537195071578,0.0049790879711508,0.0116911511868238,0.0122870141640305,-0.0156746208667755,0.0066561535932123,-0.006309141870588,0.0266433842480182,-0.005490172188729,0.0022731374483555,0.0197960752993822,0.0049139731563627,-0.0108782248571515,0.0267068278044462,0.0183282941579818,-0.0031141596846282,-0.0135108344256877,0.0203969255089759,-0.0311838090419769,0.0136863347142934,-0.0490572974085807,0.0172321442514658,0.0249531306326389,-0.0249737426638603,0.0183415953069925,-0.0046570324338972,0.0104247285053134,-0.0043188799172639,0.0115211904048919,0.0057939472608268,-0.0044712196104228,-0.0192619208246469,-0.0126679437234997,-0.0148678664118051,0.0071525019593536,0.0022359371650964,-0.0146666755899786,-0.0033463526051491,0.0005717320018447,-0.0298452209681272,-0.037247683852911,0.0321092493832111,0.0388867892324924,0.0061475038528442,-0.0133533775806427,-0.0009257404017262,-0.0270814877003431,0.006300966721028,0.0255207475274801,-0.0033149227965623,0.0102369841188192,0.0147819519042968,-0.0222428310662508,-0.0162053797394037,0.0483871288597583,-0.020173979923129,-0.0179389771074056,-0.0264449901878833,-0.0298092365264892,-0.0267753396183252,0.0011120955459773,-0.0061802505515515,-0.0129893720149993,0.0164493415504694,0.0284101273864507,0.0015788796590641,0.0213297568261623,0.0210837386548519,-0.0003841808938886,0.0011578806443139,-0.0136414822191,0.0370084457099437,0.0074441572651267,0.0109665459021925,-0.0022852586116641,-0.0310718640685081,-0.0103656807914376,0.0180265791714191,-0.0531762950122356,0.0018639044137671,-0.0109424451366066,0.0024186244700104,-0.0257909223437309,-0.0092798806726932,0.0053587099537253,-0.0071187908761203,0.0359956733882427,0.0,-0.0028520200867205,0.0215094219893217,0.0533233247697353,0.0055411756038665,0.0069956313818693,0.0163483321666717,0.0188788194209337,-0.0211458876729011,0.0036736004985868,0.0132939666509628,0.0103536359965801,-0.0005466945003718,-0.0447845049202442,0.0025524741504341,-0.0094269560649991,-0.0136388428509235,-0.0040500960312783,0.0064527741633355,0.006112206261605,-0.0075105302967131,-0.0228054001927375,0.0092284977436065,0.0191846694797277,-0.008046792820096,-0.0209499709308147,0.0189896523952484,-0.0172169189900159,0.0113986078649759,-0.0179536137729883,0.0144901173189282,0.0346257537603378,-0.011808743700385,0.016537195071578,-0.0068884525029472,0.0284216851061895,0.0053139231476113,0.0123015651009796,0.0389686970157705,0.0003921653918452,0.0928950467445546,-0.0179018347449696,0.0162038662454839,-0.0553600782025368,0.1181396841609996,-0.0782440433945698,2019-02-07,2019-02-08,2019-02-11,2019-02-12,2019-02-13,2019-02-14,2019-02-15,2019-02-19,2019-02-20,2019-02-21,92043.0,2019-02-06,252.0,-0.4116%,-0.0007,1.3542,0.0503,0.4856,1.5225%,2.0591%,45.3321%,-0.001591,IBKR,92043.0,2019-02-07,252.0,-1.1809%,-0.0007,1.355,0.0495,0.4856,1.5225%,2.0563%,45.1827%,-0.001143,IBKR,92043.0,2019-02-08,252.0,0.4979%,-0.0008,1.3544,0.024,0.4662,1.5143%,2.0518%,45.5315%,0.006985,IBKR,92043.0,2019-02-11,252.0,1.2287%,-0.0007,1.3581,0.0337,0.4735,1.5155%,2.0330%,44.4261%,0.00906,IBKR,92043.0,2019-02-12,252.0,0.6656%,-0.0007,1.3608,0.0228,0.4768,1.5144%,2.0332%,44.5200%,-0.011116,IBKR,92043.0,2019-02-13,252.0,2.6643%,-0.0007,1.3595,0.0343,0.4844,1.5200%,2.0331%,44.1073%,0.022386,IBKR,92043.0,2019-02-14,252.0,0.2273%,-0.0006,1.3575,0.0388,0.4796,1.5209%,2.0331%,44.0390%,0.007659,IBKR,92043.0,2019-02-15,252.0,0.4914%,-0.0008,1.332,0.0146,0.4365,1.5169%,2.0145%,43.2990%,-0.0129249999999999,IBKR,92043.0,2019-02-19,252.0,2.6707%,-0.0007,1.3349,0.0317,0.4555,1.5236%,2.0181%,43.0054%,0.022724,IBKR,92043.0,2019-02-20,252.0,-0.3114%,-0.0007,1.3336,0.0323,0.4516,1.5235%,2.0177%,42.9903%,-0.008325,IBKR,92043.0,2019-02-21,252.0,2.0397%,-0.0007,1.3336,0.0384,0.4516,1.5290%,2.0214%,42.7888%,0.026292,IBKR,-0.002734,0.004251,0.013311,0.024581,0.060006
26443,I C L GROUP LTD,"Israel Chemicals Limited Earlier Reported Q4 EPS $0.10 Beats $0.09 Estimate, Sales $1.41B Beat $1.4B Estimate",6,increase,0.8,0.6,"the company reported better-than-expected earnings and sales, which typically boosts investor confidence and can lead to an increase in stock price.",2,2019-02-06,ICL,2019-02-06 12:48:00+00:00,14919.0,M5321310,-0.0323129333555698,162545.0,-0.0351494364440441,0.0103092677891254,-0.0018214485608041,0.0017212098464369,-0.0054744910448789,-0.0017182523151859,0.0091743469238281,-0.0135593088343739,0.003636360168457,0.0243055317550897,-0.0036231849808245,-0.0103092677891254,0.0127273043617606,-0.0034246542491018,0.0089766094461083,0.0156522002071142,-0.0106761464849114,-0.0034662012476474,-0.0017985166050493,0.0034782574512064,0.0090089570730924,-0.0086207222193479,-0.0017856700578704,0.0051993429660797,0.0071556279435753,0.0176366679370403,0.0245114881545305,-0.0017605198081582,-0.0262237098067998,-0.0017575094243511,0.0017952875932678,-0.0104347728192806,0.0071684522554278,-0.0034662012476474,-0.0106761464849114,0.0122807323932647,-0.0143884755671024,-0.0104167386889457,-0.0273722801357507,-0.0051813009195029,-0.0056284680031239,0.0193662215024232,-0.0150944143533706,0.0124776633456349,-0.0114942425861954,0.0035778139717876,0.0426357127726078,-0.0123674375936389,-0.0092937154695391,0.001769867609255,0.0150093669071793,-0.0122377090156078,-0.016635799780488,0.0287769511342048,-0.0093985321000218,0.0733590945601463,-0.0113851884379982,-0.0170778278261423,0.0095969652757048,-0.0037807147018611,-0.0247148498892784,-0.0018868355546146,-0.0116958953440189,-0.0111940186470747,0.0098618762567639,0.0113207437098026,0.0253906473517417,-0.0398550331592559,0.0019048055401071,-0.0125223919749259,-0.0038023681845515,-0.0035650588106364,0.0190840438008308,-0.007079639006406,-0.009363330900669,-0.0035273334942758,-0.0132325468584895,0.0106951771304011,0.003831414040178,-0.0140597401186823,0.0076336716301739,0.0215439647436142,0.0170453917235136,-0.0559321902692318,-0.0037243913393467,0.0155290029942989,-0.0037383141461759,-0.0050933333113789,-0.0075046834535896,-0.0312500111758709,0.009451831690967,0.0066225104965269,0.0224718879908323,0.0100334351882338,-0.0018315437482669,0.041811890900135,0.0055046258494257,-0.0352941267192363,0.0,0.0101867476478219,0.0109488945454359,-0.0360065884888172,-0.014440419152379,-0.0301587376743555,0.0036630001850426,0.0112359821796417,0.0018247722182422,0.004838743712753,0.0036430708132684,-0.0220820717513561,-0.0108893681317567,0.0031645537819713,-0.0311925876885652,-0.018633522093296,-0.0227273404598236,-0.0061728334985673,-0.0058139017783105,0.0220819972455501,0.0116958953440189,0.0275526866316795,-0.0351494364440441,0.0103092677891254,-0.0369068621144241,0.0120482220487905,-0.0421793068731631,0.0103092678481753,-0.0298769924504066,0.0208333126615385,-0.0246045470255067,0.0226087155623779,-0.0678137003278526,0.111531218461685,-0.0802192516237423,-0.0387638320979094,2019-02-07,2019-02-08,2019-02-11,2019-02-12,2019-02-13,2019-02-14,2019-02-15,2019-02-19,2019-02-20,2019-02-21,14919.0,2019-02-06,252.0,-3.2313%,0.0015,0.9726,-0.157,0.0256,1.5281%,1.8601%,32.5140%,-0.030347,ICL,14919.0,2019-02-07,252.0,-3.5149%,0.0014,0.976,-0.1494,0.0182,1.5377%,1.8687%,32.2932%,-0.026509,ICL,14919.0,2019-02-08,252.0,-0.1821%,0.0014,0.9763,-0.1356,0.0285,1.5353%,1.8652%,32.2442%,-0.0026,ICL,14919.0,2019-02-11,252.0,-0.5474%,0.0013,0.9989,-0.1672,0.0232,1.5315%,1.8619%,32.3418%,-0.0061119999999999,ICL,14919.0,2019-02-12,252.0,0.9174%,0.0014,1.0127,-0.1891,0.0341,1.5211%,1.8603%,33.1418%,-0.004437,ICL,14919.0,2019-02-13,252.0,0.3636%,0.0014,1.0141,-0.1917,0.0335,1.5210%,1.8590%,33.0606%,0.00079,ICL,14919.0,2019-02-14,252.0,-0.3623%,0.0014,1.0148,-0.1925,0.034,1.5208%,1.8593%,33.0983%,-0.000402,ICL,14919.0,2019-02-15,252.0,1.2727%,0.0013,0.9908,-0.2141,-0.0051,1.5095%,1.8399%,32.6858%,0.001478,ICL,14919.0,2019-02-19,252.0,0.8977%,0.0014,0.9987,-0.2194,-0.0118,1.5042%,1.8396%,33.1427%,0.00763,ICL,14919.0,2019-02-20,252.0,-1.0676%,0.0014,0.9957,-0.2224,-0.0214,1.5057%,1.8404%,33.0653%,-0.012126,ICL,14919.0,2019-02-21,252.0,-0.1799%,0.0012,1.013,-0.1871,0.0103,1.4746%,1.8207%,34.4080%,0.00158,ICL,-0.056856,-0.059456,-0.065568,-0.069215,-0.071055
26451,IROBOT CORP,"iRobot Sees FY19 EPS $3-$3.25 vs $2.88 Estimate, Sales $1.28B-$1.31B vs $1.28B Est.",6,increase,0.8,0.6,"the company's earnings per share (eps) guidance exceeds estimates, which is likely to positively influence investor sentiment and drive the stock price higher.",2,2019-02-06,IRBT,2019-02-06 21:03:00+00:00,90971.0,46272610,0.0035914669279009,1697245.0,0.0963990464806556,-0.0172072034329175,0.0625254735350608,0.0185372605919838,0.0199673790484666,-0.0086869224905967,0.0776470601558685,-0.0135134672746062,0.0051528066396713,0.0835713893175125,0.001650903141126,-0.0252958964556455,0.0356523320078849,0.0018600751645863,0.0093810427933931,0.0052588167600333,0.0167620666325092,0.0048144198954105,-0.0249734558165073,0.0047192252241075,0.0086214011535048,-0.0534896776080131,0.0098755387589335,0.0174980219453573,-0.0068206246942281,0.0354117900133132,0.0265596471726894,0.0008242045878432,0.00797934923321,0.0181012004613876,0.0359827280044555,-0.0349375791847705,0.0094164963811635,-0.0001734936085995,-0.0108579155057668,-0.0169982388615608,-0.0357143059372901,-0.0040765553712844,-0.02445082180202,0.0318999253213405,0.0041909320279955,0.0271243657916784,0.0063011809252202,0.0643842741847038,0.0082134027034044,-0.0121150817722082,0.0084690703079104,-0.0537377595901489,0.0035191748756915,0.0297589544206857,-0.0060572419315576,-0.0129870092496275,0.0250180643051862,0.0073358411900699,-0.0508487820625305,0.0764674544334411,0.0117860408499836,0.0070246048271656,0.0227272789925336,-0.051659133285284,-0.0501792356371879,-0.0198349226266145,0.0102306185290217,-0.0091552734375,0.0066406191326677,-0.0089524006471037,-0.0458480902016162,-0.0429547168314456,0.0063952803611755,-0.015053023584187,0.0106483940035104,-0.0410104990005493,0.0106211230158805,0.0329869613051414,0.0213553123176097,-0.0273596905171871,0.0094665279611945,0.0019817273132503,-0.0084808031097054,-0.0095954341813921,0.0227815154939889,-0.0252949018031358,-0.0040205852128565,-0.0672152861952781,-0.0145325614139437,0.057337537407875,0.0322792269289493,0.0159744415432214,0.0151587594300508,0.0207631662487983,0.0010162584949284,0.0532402321696281,-0.0039830873720347,-0.0609612464904785,0.0168587304651737,0.0119682131335139,-0.0040097860619425,0.0186190865933895,-0.0026323655620217,0.020239720121026,-0.0006987392553128,-0.0049504367634654,0.0142935728654265,-0.042757149785757,-0.2309106737375259,0.0318959206342697,-0.0154351266101002,0.0118070738390088,0.0118337022140622,-0.0261716973036527,0.0190923232585191,-0.0039267083629965,0.0155959194526076,-0.0450994856655597,-0.009658102877438,-0.0381686799228191,0.0128730218857526,-0.0031955232843756,0.0098208803683519,0.0322646871209144,0.0963990464806556,-0.0172072034329175,0.1649519160452479,0.0010110827449709,0.1882129525261608,-0.0076846229430629,0.2870722310635301,0.0607142696963265,0.3360546197023022,0.0512033546614423,0.4040483780861188,0.1199095208400344,0.1728919732663745,-0.0815380141333538,2019-02-07,2019-02-08,2019-02-11,2019-02-12,2019-02-13,2019-02-14,2019-02-15,2019-02-19,2019-02-20,2019-02-21,90971.0,2019-02-06,252.0,0.3591%,0.0003,1.8153,0.5608,-0.9196,3.0018%,3.7930%,37.3653%,0.008216,IRBT,90971.0,2019-02-07,252.0,9.6399%,0.0006,1.7656,0.5739,-0.8938,3.0835%,3.8203%,34.8531%,0.117497,IRBT,90971.0,2019-02-08,252.0,6.2525%,0.0008,1.7568,0.5469,-0.9487,3.1003%,3.8393%,34.7894%,0.054382,IRBT,90971.0,2019-02-11,252.0,1.9967%,0.0019,1.4184,0.8889,-0.941,2.6138%,3.2556%,35.5445%,0.015981,IRBT,90971.0,2019-02-12,252.0,7.7647%,0.0023,1.4747,0.8568,-0.9066,2.6190%,3.2822%,36.3269%,0.056479,IRBT,90971.0,2019-02-13,252.0,0.5153%,0.0022,1.4549,0.8897,-0.901,2.6051%,3.2600%,36.1398%,0.001044,IRBT,90971.0,2019-02-14,252.0,0.1651%,0.002,1.4541,0.8843,-0.8908,2.5942%,3.2476%,36.1891%,-0.005246,IRBT,90971.0,2019-02-15,252.0,3.5652%,0.0022,1.4875,0.9164,-0.8338,2.5920%,3.2539%,36.5479%,0.0211859999999999,IRBT,90971.0,2019-02-19,252.0,0.9381%,0.0022,1.4882,0.9191,-0.8307,2.5921%,3.2513%,36.4381%,0.006299,IRBT,90971.0,2019-02-20,252.0,1.6762%,0.0022,1.492,0.9266,-0.8176,2.5936%,3.2524%,36.4066%,0.016381,IRBT,90971.0,2019-02-21,252.0,-2.4973%,0.0022,1.4942,0.9262,-0.8132,2.5971%,3.2548%,36.3286%,-0.020785,IRBT,0.125713,0.180095,0.196076,0.2535989999999999,0.2714339999999999
26459,IROBOT CORP,"iRobot Q4 EPS $0.84 Beats $0.50 Estimate, Sales $384.7M Beat $381.51M Estimate",6,increase,0.8,0.7,"the company reported better-than-expected earnings and sales, which typically boosts investor confidence and can lead to an increase in stock price.",2,2019-02-06,IRBT,2019-02-06 21:02:00+00:00,90971.0,46272610,0.0035914669279009,1697245.0,0.0963990464806556,-0.0172072034329175,0.0625254735350608,0.0185372605919838,0.0199673790484666,-0.0086869224905967,0.0776470601558685,-0.0135134672746062,0.0051528066396713,0.0835713893175125,0.001650903141126,-0.0252958964556455,0.0356523320078849,0.0018600751645863,0.0093810427933931,0.0052588167600333,0.0167620666325092,0.0048144198954105,-0.0249734558165073,0.0047192252241075,0.0086214011535048,-0.0534896776080131,0.0098755387589335,0.0174980219453573,-0.0068206246942281,0.0354117900133132,0.0265596471726894,0.0008242045878432,0.00797934923321,0.0181012004613876,0.0359827280044555,-0.0349375791847705,0.0094164963811635,-0.0001734936085995,-0.0108579155057668,-0.0169982388615608,-0.0357143059372901,-0.0040765553712844,-0.02445082180202,0.0318999253213405,0.0041909320279955,0.0271243657916784,0.0063011809252202,0.0643842741847038,0.0082134027034044,-0.0121150817722082,0.0084690703079104,-0.0537377595901489,0.0035191748756915,0.0297589544206857,-0.0060572419315576,-0.0129870092496275,0.0250180643051862,0.0073358411900699,-0.0508487820625305,0.0764674544334411,0.0117860408499836,0.0070246048271656,0.0227272789925336,-0.051659133285284,-0.0501792356371879,-0.0198349226266145,0.0102306185290217,-0.0091552734375,0.0066406191326677,-0.0089524006471037,-0.0458480902016162,-0.0429547168314456,0.0063952803611755,-0.015053023584187,0.0106483940035104,-0.0410104990005493,0.0106211230158805,0.0329869613051414,0.0213553123176097,-0.0273596905171871,0.0094665279611945,0.0019817273132503,-0.0084808031097054,-0.0095954341813921,0.0227815154939889,-0.0252949018031358,-0.0040205852128565,-0.0672152861952781,-0.0145325614139437,0.057337537407875,0.0322792269289493,0.0159744415432214,0.0151587594300508,0.0207631662487983,0.0010162584949284,0.0532402321696281,-0.0039830873720347,-0.0609612464904785,0.0168587304651737,0.0119682131335139,-0.0040097860619425,0.0186190865933895,-0.0026323655620217,0.020239720121026,-0.0006987392553128,-0.0049504367634654,0.0142935728654265,-0.042757149785757,-0.2309106737375259,0.0318959206342697,-0.0154351266101002,0.0118070738390088,0.0118337022140622,-0.0261716973036527,0.0190923232585191,-0.0039267083629965,0.0155959194526076,-0.0450994856655597,-0.009658102877438,-0.0381686799228191,0.0128730218857526,-0.0031955232843756,0.0098208803683519,0.0322646871209144,0.0963990464806556,-0.0172072034329175,0.1649519160452479,0.0010110827449709,0.1882129525261608,-0.0076846229430629,0.2870722310635301,0.0607142696963265,0.3360546197023022,0.0512033546614423,0.4040483780861188,0.1199095208400344,0.1728919732663745,-0.0815380141333538,2019-02-07,2019-02-08,2019-02-11,2019-02-12,2019-02-13,2019-02-14,2019-02-15,2019-02-19,2019-02-20,2019-02-21,90971.0,2019-02-06,252.0,0.3591%,0.0003,1.8153,0.5608,-0.9196,3.0018%,3.7930%,37.3653%,0.008216,IRBT,90971.0,2019-02-07,252.0,9.6399%,0.0006,1.7656,0.5739,-0.8938,3.0835%,3.8203%,34.8531%,0.117497,IRBT,90971.0,2019-02-08,252.0,6.2525%,0.0008,1.7568,0.5469,-0.9487,3.1003%,3.8393%,34.7894%,0.054382,IRBT,90971.0,2019-02-11,252.0,1.9967%,0.0019,1.4184,0.8889,-0.941,2.6138%,3.2556%,35.5445%,0.015981,IRBT,90971.0,2019-02-12,252.0,7.7647%,0.0023,1.4747,0.8568,-0.9066,2.6190%,3.2822%,36.3269%,0.056479,IRBT,90971.0,2019-02-13,252.0,0.5153%,0.0022,1.4549,0.8897,-0.901,2.6051%,3.2600%,36.1398%,0.001044,IRBT,90971.0,2019-02-14,252.0,0.1651%,0.002,1.4541,0.8843,-0.8908,2.5942%,3.2476%,36.1891%,-0.005246,IRBT,90971.0,2019-02-15,252.0,3.5652%,0.0022,1.4875,0.9164,-0.8338,2.5920%,3.2539%,36.5479%,0.0211859999999999,IRBT,90971.0,2019-02-19,252.0,0.9381%,0.0022,1.4882,0.9191,-0.8307,2.5921%,3.2513%,36.4381%,0.006299,IRBT,90971.0,2019-02-20,252.0,1.6762%,0.0022,1.492,0.9266,-0.8176,2.5936%,3.2524%,36.4066%,0.016381,IRBT,90971.0,2019-02-21,252.0,-2.4973%,0.0022,1.4942,0.9262,-0.8132,2.5971%,3.2548%,36.3286%,-0.020785,IRBT,0.125713,0.180095,0.196076,0.2535989999999999,0.2714339999999999
26467,IRADIMED CORP,"IRadimed Corporation Sees Q1 Adj. EPS $0.12-$0.13 vs $0.15 Est., Sales $8.3M-$8.5M vs $9.1M Est.; Sees FY19 Adj. EPS $0.69-$0.73 vs $0.73 Est., Sales $38.5M-$39.5M vs $40.2M Est.",6,decrease,0.75,0.6,"the company's adjusted eps and sales projections for q1 and fy19 are below analyst estimates, which is likely to negatively impact investor sentiment and lead to a decrease in stock price.",0,2019-02-06,IRMD,2019-02-06 12:05:00+00:00,14807.0,46266A10,0.0176068916916847,94581.0,-0.0208333395421505,0.0127365496009588,0.0144247971475124,-0.0010905375238507,-0.0199075527489185,0.0032822813373059,-0.0398984551429748,0.0285071358084678,0.0272006504237651,0.0187237206846475,0.0334681794047355,0.0127708949148654,-0.055515993386507,0.0031055870931595,-0.0222306009382009,0.0374547056853771,0.0296723898500204,0.0494505539536476,0.000374260067474,0.000422842655098,-0.0243172328919172,-0.083333320915699,0.0049846302717924,0.012956416234374,-0.0206027869135141,-0.029344530776143,-0.0120763331651687,-0.0131628578528761,-0.0141956070438027,0.0060537210665643,0.0299999993294477,-0.0026414978783577,0.0062135863117873,0.0076045920141041,-0.0328058823943138,-0.0015186376404017,-0.0283319670706987,0.0309198014438152,-0.0028747308533638,-0.0108401346951723,0.0041185533627867,0.0625257268548011,0.025430716574192,0.0309584196656942,-0.0291999820619821,-0.0256198681890964,0.0061804540455341,-0.0106295309960842,0.046683020889759,0.0588744021952152,0.0285603068768978,-0.0128204803913831,-0.0281476471573114,0.0025706712622195,0.0015655936440452,0.1313621401786804,0.0257913190871477,-0.101872019469738,0.0567618943750858,-0.0295733325183391,-0.0050468416884541,-0.025524940341711,0.0192028544843196,0.0257601607590913,-0.0046213711611926,0.0050934143364429,0.0064285821281373,-0.1280533224344254,0.0088715404272079,-0.0088041005656123,-0.0119592035189271,-0.0047462270595133,-0.0131719773635268,0.0331949889659881,0.0075757936574518,0.0030268605332821,-0.0232724528759717,0.0405512079596519,-0.0142962345853447,-0.0208173058927059,-0.0078095607459545,-0.0313666947185993,-0.0063718170858919,-0.0600210279226303,0.0169746838510036,-0.0100764734670519,0.0148368524387478,0.0094703771173954,0.0105993784964084,-0.0124697126448154,0.0057866130955517,0.0087351500988006,-0.0046745473518967,0.0073917983099818,0.0018063307506963,-0.026721503585577,-0.056617371737957,0.0303565338253974,-0.0026758292224258,0.0392516404390335,0.0237638540565967,0.0164056867361068,0.0239611119031906,-0.0183016099035739,0.0244972594082355,-0.0186781771481037,0.0317630022764205,0.0799068808555603,0.0138360299170017,-0.0141490986570715,-0.0078471358865499,0.0299330540001392,-0.1399587243795395,0.0333740226924419,-0.0695721581578254,-0.044712271541357,0.0528577342629432,-0.0667634308338165,0.0081632966175675,0.0173495505005121,-0.0208333395421504,0.0127365496009588,-0.0067090590914388,0.0116321223918438,-0.0264830508925989,0.0149525836273898,-0.0399011018340867,0.0634314041861885,-0.0561440758415667,0.1767442047863223,-0.0204802300428468,0.1757498737320901,-0.1278248277444628,0.0273163449219848,2019-02-07,2019-02-08,2019-02-11,2019-02-12,2019-02-13,2019-02-14,2019-02-15,2019-02-19,2019-02-20,2019-02-21,14807.0,2019-02-06,252.0,1.7607%,0.0026,0.8324,0.7988,-0.1037,2.8558%,3.0401%,11.7576%,0.019429,IRMD,14807.0,2019-02-07,252.0,-2.0833%,0.0028,0.8648,0.7636,-0.1029,2.8400%,3.0335%,12.3548%,-0.011749,IRMD,14807.0,2019-02-08,252.0,1.4425%,0.003,0.8623,0.7897,-0.0964,2.8338%,3.0282%,12.4259%,0.012454,IRMD,14807.0,2019-02-11,252.0,-1.9908%,0.0028,0.8707,0.7422,-0.1177,2.8388%,3.0301%,12.2259%,-0.026205,IRMD,14807.0,2019-02-12,252.0,-3.9898%,0.0026,0.8466,0.7329,-0.1283,2.8593%,3.0422%,11.6638%,-0.052188,IRMD,14807.0,2019-02-13,252.0,2.7201%,0.0028,0.8583,0.7219,-0.125,2.8602%,3.0454%,11.7900%,0.02438,IRMD,14807.0,2019-02-14,252.0,3.3468%,0.0029,0.8532,0.7378,-0.1447,2.8625%,3.0493%,11.8748%,0.030692,IRMD,14807.0,2019-02-15,252.0,-5.5516%,0.0027,0.8214,0.7017,-0.2062,2.8934%,3.0717%,11.2703%,-0.066407,IRMD,14807.0,2019-02-19,252.0,-2.2231%,0.0027,0.825,0.6715,-0.2406,2.8927%,3.0734%,11.4097%,-0.025308,IRMD,14807.0,2019-02-20,252.0,2.9672%,0.0028,0.8319,0.6866,-0.216,2.8970%,3.0779%,11.4067%,0.027851,IRMD,14807.0,2019-02-21,252.0,0.0374%,0.0029,0.8266,0.676,-0.2257,2.8956%,3.0749%,11.3204%,0.003336,IRMD,0.00768,0.020134,-0.006071,-0.0338789999999999,-0.0637149999999999
26475,IRADIMED CORP,"iRadimed Q4 Adj. EPS $0.16 Beats $0.13 Estimate, Sales $8.3M Beat $8.15M Estimate",6,increase,0.8,0.6,"the company reported better-than-expected earnings and sales, which typically leads to positive investor sentiment and an increase in stock price.",2,2019-02-06,IRMD,2019-02-06 12:04:00+00:00,14807.0,46266A10,0.0176068916916847,94581.0,-0.0208333395421505,0.0127365496009588,0.0144247971475124,-0.0010905375238507,-0.0199075527489185,0.0032822813373059,-0.0398984551429748,0.0285071358084678,0.0272006504237651,0.0187237206846475,0.0334681794047355,0.0127708949148654,-0.055515993386507,0.0031055870931595,-0.0222306009382009,0.0374547056853771,0.0296723898500204,0.0494505539536476,0.000374260067474,0.000422842655098,-0.0243172328919172,-0.083333320915699,0.0049846302717924,0.012956416234374,-0.0206027869135141,-0.029344530776143,-0.0120763331651687,-0.0131628578528761,-0.0141956070438027,0.0060537210665643,0.0299999993294477,-0.0026414978783577,0.0062135863117873,0.0076045920141041,-0.0328058823943138,-0.0015186376404017,-0.0283319670706987,0.0309198014438152,-0.0028747308533638,-0.0108401346951723,0.0041185533627867,0.0625257268548011,0.025430716574192,0.0309584196656942,-0.0291999820619821,-0.0256198681890964,0.0061804540455341,-0.0106295309960842,0.046683020889759,0.0588744021952152,0.0285603068768978,-0.0128204803913831,-0.0281476471573114,0.0025706712622195,0.0015655936440452,0.1313621401786804,0.0257913190871477,-0.101872019469738,0.0567618943750858,-0.0295733325183391,-0.0050468416884541,-0.025524940341711,0.0192028544843196,0.0257601607590913,-0.0046213711611926,0.0050934143364429,0.0064285821281373,-0.1280533224344254,0.0088715404272079,-0.0088041005656123,-0.0119592035189271,-0.0047462270595133,-0.0131719773635268,0.0331949889659881,0.0075757936574518,0.0030268605332821,-0.0232724528759717,0.0405512079596519,-0.0142962345853447,-0.0208173058927059,-0.0078095607459545,-0.0313666947185993,-0.0063718170858919,-0.0600210279226303,0.0169746838510036,-0.0100764734670519,0.0148368524387478,0.0094703771173954,0.0105993784964084,-0.0124697126448154,0.0057866130955517,0.0087351500988006,-0.0046745473518967,0.0073917983099818,0.0018063307506963,-0.026721503585577,-0.056617371737957,0.0303565338253974,-0.0026758292224258,0.0392516404390335,0.0237638540565967,0.0164056867361068,0.0239611119031906,-0.0183016099035739,0.0244972594082355,-0.0186781771481037,0.0317630022764205,0.0799068808555603,0.0138360299170017,-0.0141490986570715,-0.0078471358865499,0.0299330540001392,-0.1399587243795395,0.0333740226924419,-0.0695721581578254,-0.044712271541357,0.0528577342629432,-0.0667634308338165,0.0081632966175675,0.0173495505005121,-0.0208333395421504,0.0127365496009588,-0.0067090590914388,0.0116321223918438,-0.0264830508925989,0.0149525836273898,-0.0399011018340867,0.0634314041861885,-0.0561440758415667,0.1767442047863223,-0.0204802300428468,0.1757498737320901,-0.1278248277444628,0.0273163449219848,2019-02-07,2019-02-08,2019-02-11,2019-02-12,2019-02-13,2019-02-14,2019-02-15,2019-02-19,2019-02-20,2019-02-21,14807.0,2019-02-06,252.0,1.7607%,0.0026,0.8324,0.7988,-0.1037,2.8558%,3.0401%,11.7576%,0.019429,IRMD,14807.0,2019-02-07,252.0,-2.0833%,0.0028,0.8648,0.7636,-0.1029,2.8400%,3.0335%,12.3548%,-0.011749,IRMD,14807.0,2019-02-08,252.0,1.4425%,0.003,0.8623,0.7897,-0.0964,2.8338%,3.0282%,12.4259%,0.012454,IRMD,14807.0,2019-02-11,252.0,-1.9908%,0.0028,0.8707,0.7422,-0.1177,2.8388%,3.0301%,12.2259%,-0.026205,IRMD,14807.0,2019-02-12,252.0,-3.9898%,0.0026,0.8466,0.7329,-0.1283,2.8593%,3.0422%,11.6638%,-0.052188,IRMD,14807.0,2019-02-13,252.0,2.7201%,0.0028,0.8583,0.7219,-0.125,2.8602%,3.0454%,11.7900%,0.02438,IRMD,14807.0,2019-02-14,252.0,3.3468%,0.0029,0.8532,0.7378,-0.1447,2.8625%,3.0493%,11.8748%,0.030692,IRMD,14807.0,2019-02-15,252.0,-5.5516%,0.0027,0.8214,0.7017,-0.2062,2.8934%,3.0717%,11.2703%,-0.066407,IRMD,14807.0,2019-02-19,252.0,-2.2231%,0.0027,0.825,0.6715,-0.2406,2.8927%,3.0734%,11.4097%,-0.025308,IRMD,14807.0,2019-02-20,252.0,2.9672%,0.0028,0.8319,0.6866,-0.216,2.8970%,3.0779%,11.4067%,0.027851,IRMD,14807.0,2019-02-21,252.0,0.0374%,0.0029,0.8266,0.676,-0.2257,2.8956%,3.0749%,11.3204%,0.003336,IRMD,0.00768,0.020134,-0.006071,-0.0338789999999999,-0.0637149999999999
26483,INDEPENDENCE REALTY TRUST INC,"B. Riley FBR Downgrades Independence Realty Trust to Neutral, Announces $10.50",6,decrease,0.8,0.7,"a downgrade to 'neutral' typically signals reduced confidence in the stock's performance, which can lead to a decrease in its price.",0,2019-02-06,IRT,2019-02-06 13:49:00+00:00,14071.0,45378A10,-0.0198863670229911,416738.0,0.0067632552236318,0.0047573917545378,0.0047984826378524,0.0154589219018816,0.0105061754584312,-0.0095693236216902,-0.0066162282600998,0.003842455567792,-0.0009514965349808,0.0048262733034789,0.0019048055401071,0.002904136897996,0.0076045552268624,0.0078048706054687,0.0113207437098026,0.0088582830503582,-0.0018657143227756,0.0059405411593616,-0.0392523445188999,0.0029792143031954,0.0,0.0,0.0,-0.0098328795284032,-0.0038910470902919,0.0109343593940138,0.0039062462747097,0.0223577506840229,0.0077820941805839,0.0092307850718498,0.0009652730659581,-0.0030674573499709,-0.0106074884533882,0.0010234671644866,0.0,0.0030801526736468,0.0009746811701916,0.0051599787548184,-0.0038949283771216,0.0286623667925596,0.0068426835350692,0.0053361998870968,0.0097086820751428,0.0195865407586097,0.0067308316938579,0.007675405126065,0.0114613063633441,-0.0065359934233129,-0.0028328360058367,-0.0054170358926057,-0.0066288490779697,0.004352553281933,-0.0038131517358124,-0.0021716023329645,-0.00191382819321,0.0375690422952175,0.0095876725390553,-0.052356019616127,0.0085470229387283,-0.0072764754295349,-0.0103577831760048,-0.0203665792942047,0.0066602942533791,-0.0090817511081695,0.0170132610946893,-0.00100808753632,0.0083643263205885,-0.0387596525251865,0.0119815496727824,0.0078124925494194,-0.0009259470971301,0.0168818347156047,-0.0009268052526749,-0.0175610054284334,0.0102041382342577,-0.0019474641885608,-0.0045913853682577,-0.0029125954024493,-0.011070099659264,-0.0038684681057929,0.0037313397042453,0.0278329737484455,-0.0083643263205885,-0.0078895390033721,-0.0168697573244571,0.0039603919722139,0.0181125402450561,0.030612263828516,-0.0084269801154732,-0.0030518549028784,-0.0018886172911152,0.0051124938763678,-0.0075685833580791,-0.0020408630371093,-0.0162059180438518,-0.0091001158580183,-0.0193798262625932,0.0050813201814889,0.0177865922451019,0.0051072719506919,-0.0145631618797779,-0.012108969502151,0.0187192652374506,-0.0090000154450535,0.0125725446268916,0.0224949158728122,0.0019101722864434,-0.0040733157657086,0.0104862358421087,-0.0248262174427509,-0.0047169988974928,-0.0039564752951264,0.0037914654240012,0.0120120011270046,0.0056656720116734,0.0,-0.0103286067023873,0.0050302003510296,0.0246679540723562,0.0321910120546817,0.0067632552236318,0.0047573917545378,0.0115941912242503,0.0202898578040096,0.0222221772899822,0.0105263739667547,0.014492716386766,0.0193050930695437,-0.0067633472513576,0.048659457773504,0.0260869070734417,0.1191668304323085,0.0608695477963603,0.1180046362660234,2019-02-07,2019-02-08,2019-02-11,2019-02-12,2019-02-13,2019-02-14,2019-02-15,2019-02-19,2019-02-20,2019-02-21,14071.0,2019-02-06,252.0,-1.9886%,0.001,0.4958,0.0675,0.0864,1.1905%,1.3007%,16.2258%,-0.018896,IRT,14071.0,2019-02-07,252.0,0.6763%,0.0011,0.4957,0.0634,0.0892,1.1919%,1.3010%,16.0702%,0.011025,IRT,14071.0,2019-02-08,252.0,0.4798%,0.0011,0.4951,0.0602,0.0846,1.1920%,1.3012%,16.0757%,0.004836,IRT,14071.0,2019-02-11,252.0,1.0506%,0.0012,0.4901,0.0758,0.0905,1.1926%,1.2949%,15.1677%,0.009121,IRT,14071.0,2019-02-12,252.0,-0.6616%,0.0011,0.4778,0.081,0.0833,1.1949%,1.2927%,14.5529%,-0.013242,IRT,14071.0,2019-02-13,252.0,-0.0951%,0.001,0.4723,0.0888,0.0838,1.1932%,1.2886%,14.2520%,-0.002496,IRT,14071.0,2019-02-14,252.0,0.1905%,0.001,0.4714,0.0895,0.0839,1.1922%,1.2873%,14.2219%,0.002821,IRT,14071.0,2019-02-15,252.0,0.7605%,0.0011,0.4953,0.1111,0.1229,1.1784%,1.2813%,15.4166%,0.001552,IRT,14071.0,2019-02-19,252.0,1.1321%,0.0011,0.4953,0.1187,0.1315,1.1791%,1.2812%,15.2993%,0.009589,IRT,14071.0,2019-02-20,252.0,-0.1866%,0.0011,0.4929,0.1087,0.1217,1.1776%,1.2793%,15.2691%,-0.003891,IRT,14071.0,2019-02-21,252.0,-3.9252%,0.001,0.4953,0.1051,0.1264,1.1967%,1.2973%,14.9082%,-0.037173,IRT,-0.007871,-0.0030349999999999,0.006086,-0.0096519999999999,-0.0367539999999999
26491,INNOVATIVE SOLUTIONS & SUPRT INC,"Innovative Solutions Q1 EPS $0.01 Up From $(0.05) YoY, Sales $4M Up From $3.088M YoY",6,increase,0.8,0.6,"the positive earnings per share (eps) growth from a loss to a profit, along with an increase in sales, suggests improved financial performance, which is likely to boost investor confidence and increase the stock price.",2,2019-02-06,ISSC,2019-02-06 21:40:00+00:00,88534.0,45769N10,0.0654204934835434,37046.0,0.0065789935179054,0.0,0.0413943454623222,-0.0228310283273458,0.0041840961202979,0.0,0.0958333387970924,0.0186046324670314,0.0266159437596797,0.0096267592161893,0.0166666060686111,-0.0046739848330616,-0.0346083045005798,0.0188095234334468,0.0679244622588157,-0.041095957159996,-0.0070671313442289,0.0092165805399417,0.03718863427639,0.0187793243676424,0.0670783668756485,-0.0138888750225305,0.0128618013113737,0.0140844928100705,-0.0444444753229618,0.0,0.0431894063949585,-0.0575220696628093,-0.04140130802989,0.0044444403611123,0.0398671515285968,0.027397233992815,0.0031948850955814,-0.0045454502105712,-0.0127389170229435,0.037735927850008,0.0,-0.0046949428506195,-0.0141289932653307,-0.0093023162335157,-0.0085727553814649,-0.0271492954343557,0.0561056360602378,0.0012685699621215,0.0031249970197677,0.0078538777306675,-0.0467290021479129,-0.0309734214097261,-0.01307188346982,0.0403719022870063,-0.0662251785397529,0.0150934550911188,0.1170213371515274,0.0,-0.0444444753229618,-0.0446428135037422,0.0398671515285968,0.0566038340330123,-0.0383386947214603,0.0,0.0398671515285968,0.0047393320128321,0.0095846550539135,-0.0231482349336147,-0.0331645533442497,0.0588235929608345,-0.0017020645318552,-0.0641343593597412,0.0163934268057346,0.0737931355834007,-0.0290322303771972,-0.033701479434967,0.0099667683243751,0.0348768793046474,0.0361842550337314,0.0,0.079365074634552,-0.0097560882568359,0.00544113246724,0.0098522072657942,0.0121398540213704,-0.0097560882568359,-0.0289017744362354,-0.0330188386142253,0.0059524462558329,0.0341463088989257,-0.0059172245673835,-0.0681818574666976,0.0,0.0148069383576512,0.0059524462558329,0.0523787103593349,-0.0029586474411189,-0.0321823097765445,-0.0029673562385141,-0.0053738877177238,-0.0089285634458065,0.0338165089488029,0.0150150721892714,0.0,0.0014792531728744,-0.0048076878301799,0.0132939666509628,-0.0188679080456495,0.0,-0.0275230184197425,-0.0116617958992719,-0.0045206882059574,0.0973451063036918,0.0378673113882541,-0.0080645084381103,-0.0826087221503257,-0.0162601470947265,-0.0152845326811075,0.0082644550129771,-0.0144725115969777,-0.0399454049766063,-0.0042017768137156,0.0188400074839592,-0.0041840961202979,0.0065789935179054,0.0,0.0482456721107023,-0.0228310283273458,0.0526316327604998,-0.0228310283273458,0.18421056297398,0.0049308248796262,0.2782894921394634,0.0046948323942623,0.3201754660611695,0.0094340666976564,0.5701754342053069,-0.1046025120613279,2019-02-07,2019-02-08,2019-02-11,2019-02-12,2019-02-13,2019-02-14,2019-02-15,2019-02-19,2019-02-20,2019-02-21,88534.0,2019-02-06,252.0,6.5420%,-0.0009,-0.0263,0.5515,-0.1987,2.6921%,2.7141%,1.6128%,0.065574,ISSC,88534.0,2019-02-07,252.0,0.6579%,-0.0009,-0.0307,0.5534,-0.1969,2.6926%,2.7145%,1.6084%,0.0077259999999999,ISSC,88534.0,2019-02-08,252.0,4.1394%,-0.0007,-0.0377,0.5456,-0.2317,2.7046%,2.7274%,1.6651%,0.039687,ISSC,88534.0,2019-02-11,252.0,0.4184%,-0.0007,-0.0337,0.5442,-0.2303,2.7045%,2.7271%,1.6517%,0.0010689999999999,ISSC,88534.0,2019-02-12,252.0,9.5833%,-0.0003,0.0243,0.5403,-0.2,2.7702%,2.7919%,1.5484%,0.095692,ISSC,88534.0,2019-02-13,252.0,2.6616%,-0.0002,0.0306,0.5404,-0.1935,2.7750%,2.7966%,1.5361%,0.026264,ISSC,88534.0,2019-02-14,252.0,1.6667%,-0.0001,0.0279,0.5476,-0.2018,2.7761%,2.7984%,1.5935%,0.012698,ISSC,88534.0,2019-02-15,252.0,-3.4608%,-0.0007,-0.089,0.4387,-0.3968,2.6896%,2.7145%,1.8202%,-0.035424,ISSC,88534.0,2019-02-19,252.0,6.7924%,-0.0005,-0.0827,0.4916,-0.3377,2.7196%,2.7439%,1.7614%,0.067912,ISSC,88534.0,2019-02-20,252.0,-0.7067%,-0.0004,-0.08,0.5177,-0.3228,2.7044%,2.7296%,1.8390%,-0.006234,ISSC,88534.0,2019-02-21,252.0,3.7189%,-0.0002,-0.095,0.4952,-0.3506,2.7119%,2.7371%,1.8373%,0.036413,ISSC,0.0733,0.112987,0.114056,0.236012,0.3113769999999999
26499,GARTNER INC,BMO Capital Downgrades Gartner to Market Perform,6,decrease,0.8,0.6,"a downgrade from bmo capital typically signals reduced expectations for the company's performance, which can lead to a decline in stock price.",0,2019-02-06,IT,2019-02-06 12:43:00+00:00,79698.0,36665110,0.0142552806064486,2048185.0,-0.0269911251962184,-0.015706805512309,-0.002946377499029,0.035492293536663,0.0136225987225771,0.0180292651057243,0.0054042129777371,0.0147860180586576,0.000707306782715,0.0147003289312124,0.007562315557152,-0.0015886781038716,0.0055415863171219,0.0023507815785706,-0.0119986124336719,0.0115057146176695,-0.0037421362940222,0.002769022481516,0.0049609988927841,0.0010008440585806,0.0035260929726064,0.0010790764354169,0.0002108136250171,0.0048795980401337,0.0055504338815808,7.74167783674784e-05,0.0051705250516533,0.0007752411183901,-0.0108438590541482,0.0133542567491531,0.0185523498803377,-0.0140190348029136,-0.0073133539408445,0.0067841163836419,-0.0026411237195134,0.0101615488529205,-0.0054355314932763,-0.0117547074332833,-0.0072169196791946,0.0167801994830369,-0.0031053880229592,-0.0001583117409609,0.0206017959862947,0.0257325936108827,0.0006242808885872,-0.0211362428963184,0.0047139874659478,-0.0155663164332509,-0.0055198222398757,0.0169437378644943,0.0063136639073491,0.0012743610423058,0.0149614829570055,-0.0221961922943592,-0.0006793431239202,0.0433934368193149,-0.0044864634983241,-0.0268859844654798,0.0132468584924936,-0.0205251444131135,-0.0167126879096031,-0.0122408848255872,0.0013021893100813,-0.014253388158977,0.0132784880697727,-0.0055496492423117,0.003039801493287,-0.0416158139705658,0.0104383304715156,-0.0357612371444702,0.0109304152429103,-0.0033844832796603,0.0217563509941101,0.0069550704210996,-0.0121305305510759,0.0036998169962316,0.0009144310024566,-0.0045169834047555,0.0020881758537143,-0.027045302093029,0.0099635245278477,-0.0135396439582109,0.0094783753156661,-0.0249724369496107,0.0002555476967245,0.0037861599121242,0.0043422263115644,0.0002612376410979,0.0073754047043621,-0.0037080883048474,0.0059328605420887,0.0393509641289711,0.0034507955424487,0.0055751432664692,-0.0073156896978616,0.0065010394901037,-0.013794326223433,0.0008219326264224,0.004023693036288,0.0138879250735044,0.0057252491824328,-0.0091509688645601,0.0087285870686173,-0.012300357222557,6.276502244872972e-05,0.0105761503800749,-0.0090915551409125,0.0193209275603294,0.0053151836618781,-0.0179430805146694,-0.0070494106039404,-0.0004122976679354,0.0076699210330843,-0.0143592189997434,-0.0156633667647838,0.0058591132983565,0.0094581479206681,0.0083120930939912,0.012787977233529,0.02362703345716,-0.0269911251962184,-0.015706805512309,-0.0298579766512959,0.0192280174725878,-0.0166421211633075,0.0376039496027829,-0.0106285512321575,0.0684246325971305,-0.0084608871498405,0.085617452324856,0.0376197827987154,0.0920920081371536,0.1186630451834951,-0.0085085906557722,2019-02-07,2019-02-08,2019-02-11,2019-02-12,2019-02-13,2019-02-14,2019-02-15,2019-02-19,2019-02-20,2019-02-21,79698.0,2019-02-06,252.0,1.4255%,0.0002,0.8645,0.0479,-0.1875,1.1117%,1.4952%,44.7252%,0.016239,IT,79698.0,2019-02-07,252.0,-2.6991%,0.0004,0.8972,0.0141,-0.1878,1.0755%,1.4904%,47.9269%,-0.018257,IT,79698.0,2019-02-08,252.0,-0.2946%,0.0005,0.8972,0.0461,-0.1667,1.0548%,1.4717%,48.6277%,-0.005157,IT,79698.0,2019-02-11,252.0,1.3623%,0.0006,0.8855,0.0733,-0.1581,1.0552%,1.4472%,46.8362%,0.012346,IT,79698.0,2019-02-12,252.0,0.5404%,0.0005,0.8822,0.072,-0.1595,1.0562%,1.4461%,46.6519%,-0.007022,IT,79698.0,2019-02-13,252.0,0.0707%,0.0005,0.8767,0.0803,-0.1586,1.0540%,1.4388%,46.3402%,-0.001794,IT,79698.0,2019-02-14,252.0,0.7562%,0.0005,0.8749,0.0843,-0.1629,1.0550%,1.4392%,46.2646%,0.0079659999999999,IT,79698.0,2019-02-15,252.0,0.5542%,0.0005,0.8718,0.081,-0.1685,1.0553%,1.4372%,46.0829%,-0.003874,IT,79698.0,2019-02-19,252.0,-1.1999%,0.0006,0.8793,0.0578,-0.1953,1.0380%,1.4329%,47.5233%,-0.013484,IT,79698.0,2019-02-20,252.0,-0.3742%,0.0005,0.8779,0.0545,-0.2004,1.0385%,1.4332%,47.4945%,-0.004566,IT,79698.0,2019-02-21,252.0,0.4961%,0.0006,0.8715,0.0432,-0.2121,1.0362%,1.4288%,47.4007%,0.0076859999999999,IT,-0.002018,-0.007175,0.0051709999999999,-0.003645,-0.009917
26507,KELLOGG CO,Kellogg Q4 Earnings Preview,6,uncertain,0.5,0.5,the impact on kellogg's stock price is uncertain as it depends on the actual earnings results and market expectations.,1,2019-02-06,K,2019-02-06 18:22:00+00:00,26825.0,48783610,0.0003381883434485,2682222.0,-0.0561189949512481,0.0037338973488658,-0.0085959807038307,0.0037478262092918,0.005599666852504,-0.005253305658698,0.0154481884092092,0.0204045735299587,0.0076065859757363,-0.0068692723289132,-0.0066713001579046,0.0018926464254036,0.0037115425802767,0.005884391721338,0.0110934535041451,0.002081146929413,0.017938045784831,-0.0248604975640773,-0.0020530184265226,0.0073253884911537,-0.0274301767349243,-0.0122833512723445,-0.0188612677156925,0.0025303901638835,0.0046711880713701,0.0027063575107604,-0.0028612276073545,-0.0032035480253398,0.0089670019224286,0.0131534067913889,0.0103093115612864,-0.0006828425102867,-0.0293807089328765,0.004975140094757,0.0029298635199666,0.0058671291917562,-0.0054774372838437,0.0010364721529185,-0.0031210202723741,0.0055584451183676,0.0047882529906928,0.0047120498493313,-0.0075146597810089,0.0098695373162627,0.0001846412051236,0.001765577122569,-0.0101550817489624,-0.0064900708384811,0.0037306614685803,-0.0041921688243746,0.008548580110073,0.0019251069752499,0.0,-0.0001750155061017,0.0025796827394515,0.0238266177475452,-0.005513678304851,-0.0315752886235714,0.0437996461987495,0.0055826883763074,0.0046034371480345,-0.0233429707586765,-0.0012337593361735,-0.0027187741361558,0.0158814452588558,-0.0064156856387853,-0.0109432181343436,-0.0187210254371166,0.000526915944647,-0.0113021889701485,0.0071967672556638,0.0008196596172638,-0.023701649159193,0.0021357166115194,0.0058907177299261,0.0094527313485741,0.005501355510205,-0.008875754661858,-0.00370630226098,-0.0070181214250624,0.0062001501210033,-0.0076125883497297,0.0123239569365978,-0.0218630749732255,-0.0059130461886525,-0.0083268275484442,0.0068229422904551,0.015177889727056,-0.0034752523060888,0.0103834113106131,0.0038361155893653,0.0056224656291306,0.0135487020015716,0.0121951214969158,0.0006855341489426,-0.0038872961886227,-0.005137852858752,-0.0024236179888248,0.006197290495038,0.0029168741311877,-0.0015397801762446,0.0003242090751882,0.0011994463857263,-0.00064799800748,0.002396018942818,-0.0126359714195132,-0.0107563780620694,0.0009606367675587,0.0251985322684049,-0.0151371667161583,0.0040403679013252,-0.0136859230697155,0.0110663957893848,-0.0109213823452591,-0.0150912078097462,-0.0026081339456141,-0.0338440537452697,0.0141590740531683,-0.015859181061387,-0.0018636861350387,-0.0561189949512481,0.0037338973488658,-0.0642325778573595,0.0074957175565044,-0.0589925920419343,0.0022030346023507,-0.0371873026835253,0.0156276811805597,-0.0140297181785191,0.007495717381097,-0.0355108920059457,0.031751565054332,-0.0356816313223464,-0.0734536366837966,2019-02-07,2019-02-08,2019-02-11,2019-02-12,2019-02-13,2019-02-14,2019-02-15,2019-02-19,2019-02-20,2019-02-21,26825.0,2019-02-06,252.0,0.0338%,-0.0002,0.3215,-0.3393,0.0548,1.3442%,1.3987%,7.6446%,0.000883,K,26825.0,2019-02-07,252.0,-5.6119%,-0.0004,0.33,-0.3269,0.0409,1.3848%,1.4389%,7.3816%,-0.053884,K,26825.0,2019-02-08,252.0,-0.8596%,-0.0004,0.331,-0.3147,0.0535,1.3838%,1.4370%,7.2660%,-0.008547,K,26825.0,2019-02-11,252.0,0.5600%,-0.0006,0.3888,-0.3595,0.0595,1.3570%,1.4266%,9.5281%,0.00699,K,26825.0,2019-02-12,252.0,1.5448%,-0.0006,0.3865,-0.3488,0.0564,1.3560%,1.4240%,9.3289%,0.010234,K,26825.0,2019-02-13,252.0,0.7607%,-0.0005,0.3923,-0.3555,0.057,1.3552%,1.4248%,9.5245%,0.006594,K,26825.0,2019-02-14,252.0,-0.6671%,-0.0005,0.3926,-0.3575,0.0598,1.3549%,1.4247%,9.5624%,-0.003768,K,26825.0,2019-02-15,252.0,0.3712%,-0.0005,0.3938,-0.3564,0.0618,1.3548%,1.4247%,9.5644%,-0.0002189999999999,K,26825.0,2019-02-19,252.0,1.1093%,-0.0006,0.3879,-0.3377,0.0834,1.3465%,1.4129%,9.1736%,0.011094,K,26825.0,2019-02-20,252.0,1.7938%,-0.0005,0.393,-0.326,0.1015,1.3512%,1.4176%,9.1477%,0.0173849999999999,K,26825.0,2019-02-21,252.0,-0.2053%,-0.0005,0.3938,-0.3243,0.1031,1.3511%,1.4176%,9.1613%,-0.000694,K,-0.053001,-0.061548,-0.0545579999999999,-0.0377299999999999,-0.0139319999999999
26515,KIMBALL ELECTRONICS INC,"Kimball Electronics, Inc. Q2 EPS $0.26 Down From $0.31 YoY, Sales $284.15M Up From $258.151M YoY",6,uncertain,0.6,0.3,"while sales increased year-over-year, the decline in eps may raise concerns among investors, leading to uncertainty about the stock's immediate reaction.",1,2019-02-06,KE,2019-02-06 21:06:00+00:00,14942.0,49428J10,0.0139902392402291,51367.0,-0.0437912717461586,0.0116923404857516,-0.0075282240286469,0.0018496108241379,0.0,0.0030920987483114,0.0214917920529842,0.0131578966975212,0.0167079493403434,0.0006269736331887,-0.012172901071608,-0.0018773300107568,0.0098582776263356,-0.0147965336218476,-0.0128126349300146,-0.0085575357079505,0.0067985542118549,0.009253641590476,-0.0006138875614851,-0.0187652166932821,0.0104422643780708,0.0012121489271521,-0.015805484727025,0.0191475879400968,-0.007412034086883,0.0093515962362289,-0.0199128631502389,0.0321750938892364,-0.0158730167895555,0.0045248670503497,0.0038709947839379,-0.0239747706800699,0.0141387730836868,-0.0018891519866883,0.0139417154714465,0.0082539757713675,-0.0024999976158142,0.0057471361942589,0.0,0.0019193687476217,0.0031328441109508,0.0051446896977722,0.0281073618680238,0.0339095890522003,-0.0024300734512507,-0.0395913086831569,0.0091351773589849,0.010974827222526,-0.0048279981128871,0.0058441660366952,0.006670746486634,0.0111621851101517,0.0120481234043836,-0.0293180402368307,-0.0029761451296508,0.0487967617809772,-0.0023881143424659,0.0020093591883778,0.0095752105116844,-0.0216251593083143,-0.0450503975152969,-0.026164636015892,0.0043451082892715,-0.0057106693275272,-0.0061804931610822,0.0031826982740312,-0.0136816082522273,-0.0314426198601722,-0.0214375294744968,-0.005518096499145,-0.0019330339273437,-0.0115151843056082,0.0574563853442668,0.0135134709998965,-0.0183149725198745,-0.0233952850103378,0.011194048449397,0.0072508063167333,0.0098400888964533,-0.0195497591048479,-0.0018270820146426,-0.0070588728412985,-0.003050594124943,-0.0481523275375366,-0.0091799031943082,0.0124717252328991,0.0111179929226636,-0.0128708137199282,-0.0067196460440754,0.0147643508389592,-0.0104551091790199,0.0328446552157402,-0.0087010776624083,-0.0115942470729351,0.0075235040858387,0.0,0.0161792300641536,0.0081823132932186,-0.0177586656063795,0.0214925743639469,-0.0417706370353698,-0.0152851399034261,0.011060512624681,-0.0224137585610151,0.0141570316627621,-0.002293630503118,-0.0279188156127929,0.0139534743502736,-0.0026109635364264,-0.0126291224732995,0.0019633958581835,-0.001146815251559,-0.0117570413276553,-0.027328485623002,-0.0059484569355845,-0.0049944589845836,-0.0192819125950336,0.0033408338204026,0.0223728753626346,-0.0542391091585159,-0.0437912717461586,0.0116923404857516,-0.0509898252706011,0.0135635775894114,-0.0509898252706011,0.0166976162590095,-0.0143971078622822,0.0307210484685414,-0.0233952856934623,-0.0048426110459824,0.011997643135053,0.0773263592743258,-0.0953809385223359,-0.1342811640718946,2019-02-07,2019-02-08,2019-02-11,2019-02-12,2019-02-13,2019-02-14,2019-02-15,2019-02-19,2019-02-20,2019-02-21,14942.0,2019-02-06,252.0,1.3990%,-0.0003,0.8127,0.9903,0.1793,1.5552%,1.8429%,28.7892%,0.015688,KE,14942.0,2019-02-07,252.0,-4.3791%,-0.0004,0.828,0.9859,0.1716,1.5696%,1.8634%,29.0429%,-0.035745,KE,14942.0,2019-02-08,252.0,-0.7528%,-0.0004,0.829,0.9947,0.1817,1.5695%,1.8636%,29.0719%,-0.007683,KE,14942.0,2019-02-11,252.0,0.0000%,-0.0004,0.8075,1.0046,0.1758,1.5672%,1.8491%,28.1649%,-0.008244,KE,14942.0,2019-02-12,252.0,2.1492%,-0.0003,0.8128,1.0058,0.1782,1.5687%,1.8537%,28.3864%,0.010508,KE,14942.0,2019-02-13,252.0,1.6708%,-0.0002,0.8202,0.9989,0.1804,1.5695%,1.8564%,28.5224%,0.013604,KE,14942.0,2019-02-14,252.0,-1.2173%,-0.0004,0.8222,0.9902,0.1922,1.5665%,1.8520%,28.4513%,-0.014698,KE,14942.0,2019-02-15,252.0,0.9858%,-0.0003,0.8336,1.0002,0.2103,1.5634%,1.8530%,28.8165%,-0.002931,KE,14942.0,2019-02-19,252.0,-1.2813%,-0.0004,0.8295,0.99,0.1991,1.5673%,1.8539%,28.5285%,-0.018028,KE,14942.0,2019-02-20,252.0,0.6799%,-0.0003,0.8307,0.9957,0.2043,1.5668%,1.8544%,28.6083%,0.001849,KE,14942.0,2019-02-21,252.0,-0.0614%,-0.0005,0.8426,1.0208,0.2261,1.5509%,1.8471%,29.4967%,0.003527,KE,-0.020057,-0.0277399999999999,-0.0359839999999999,-0.0118719999999999,-0.0421529999999999
26523,KAMADA LTD,UPDATE: Kamada Sees Top-Line Results For Phase 2 Intravenous Alpha-1 Antitrypsin Trial In 2H'2019,6,uncertain,0.6,0.5,"the announcement of top-line results for a clinical trial can lead to varying investor reactions depending on the results' nature and market expectations, making the impact on stock price uncertain.",1,2019-02-06,KMDA,2019-02-06 12:25:00+00:00,13930.0,M6240T10,-0.016120545566082,4061.0,0.0250000227242708,0.0203089378774166,-0.0056284680031239,-0.0389610454440116,0.0264150686562061,0.0266470592468977,0.0404411368072032,0.0067305816337466,-0.014858616515994,-0.0028680432587862,0.0114958640187978,-0.0019083496881648,0.0372340492904186,-0.020560773089528,-0.0034188001882284,0.0408560410141944,0.0034305285662412,-0.0209524072706699,0.0153846414759755,-0.0037950628902763,0.0134680001065135,-0.0112570254132151,0.0132890241220593,0.0075614294037222,-0.0147540457546711,-0.0075046834535896,0.0249583385884761,0.0,0.0016234138747677,-0.0037383141461759,0.00162070535589,0.0075329495593905,-0.0040452457033097,0.0018867455655708,-0.0235580783337354,1.889390478027053e-05,0.0016638521337881,-1.889354643935803e-05,-0.0166112799197435,0.0172745008021593,0.001689147320576,0.0096899596974253,-0.0118043329566717,0.0,0.01023889798671,0.0078124925494194,0.0,0.0239999778568744,0.0304053761065006,0.0288065560162067,0.0065573710016906,0.0124999871477484,-0.0374592877924442,0.0,-0.0041624414734542,-0.0163934268057346,0.0041798399761319,0.0,-0.0050760968588292,0.0,-0.008503433316946,-0.0081300735473632,-0.0394511185586452,0.0292886737734079,0.0089286053553223,0.0,0.0247787367552518,0.0208222810178995,0.0,-0.0089947134256362,-0.010362684726715,-0.0156250596046447,-0.0209423881024122,-0.0103092193603515,0.0071301176212728,-0.0221774466335773,0.0176990982145071,-0.0264965184032917,0.0017391702858731,-0.0183044821023941,0.0192707609385252,-0.0019230293110013,0.0270823370665311,-0.035250473767519,-0.0016584127442911,0.0325472578406333,-0.0116279358044266,0.0085980128496885,-0.0067226830869913,0.0030232954304665,0.0050761778838932,-0.0057803872041404,0.0303030014038085,-0.0114285601302981,0.0016340243164449,-0.0056818574666976,0.021207196637988,-0.001890312298201,-0.0143770202994346,0.0291828978806734,0.0097244642674922,-0.0172084420919418,-0.0176565218716859,-0.0169173218309879,-0.003267970867455,0.0037735812366008,0.0049180672504007,-0.0102707426995039,-0.0055628148838877,-0.0156250074505806,-0.0469003953039646,-0.0198198426514864,-0.0120482221245765,0.0391117855906486,0.0156794693320989,-0.0181801170110702,-0.0205831713974475,-0.0034805005416274,0.0044483644887804,0.0128015298396349,0.0250000227242708,0.0203089378774166,0.0192308428931657,-0.0194433650181566,0.0461538955847116,0.0066855857291432,0.0722885156573989,0.0105545147803913,0.14230774393076,0.0028842793477763,0.130769294402768,0.0830327874653173,0.102961617787161,-0.0194433659893529,2019-02-07,2019-02-08,2019-02-11,2019-02-12,2019-02-13,2019-02-14,2019-02-15,2019-02-19,2019-02-20,2019-02-21,13930.0,2019-02-06,252.0,-1.6121%,0.0004,0.5364,0.1642,0.0371,1.9250%,2.0119%,8.4504%,-0.014896,KMDA,13930.0,2019-02-07,252.0,2.5000%,0.0005,0.5337,0.1548,0.045,1.9332%,2.0177%,8.2049%,0.0299569999999999,KMDA,13930.0,2019-02-08,252.0,-0.5628%,0.0002,0.5372,0.0788,0.0096,1.8574%,1.9477%,9.0502%,-0.005975,KMDA,13930.0,2019-02-11,252.0,2.6415%,0.0005,0.4765,0.1701,0.0272,1.8360%,1.9062%,7.2224%,0.025021,KMDA,13930.0,2019-02-12,252.0,4.0441%,0.0005,0.4732,0.1987,0.0203,1.8343%,1.9051%,7.2925%,0.033872,KMDA,13930.0,2019-02-13,252.0,-1.4859%,0.0003,0.4596,0.2149,0.0191,1.8310%,1.8985%,6.9861%,-0.016417,KMDA,13930.0,2019-02-14,252.0,1.1496%,0.0003,0.4558,0.2203,0.0152,1.8290%,1.8960%,6.9453%,0.011354,KMDA,13930.0,2019-02-15,252.0,3.7234%,0.0005,0.491,0.2553,0.0768,1.8356%,1.9090%,7.5412%,0.03136,KMDA,13930.0,2019-02-19,252.0,-0.3419%,0.0004,0.4855,0.2577,0.0799,1.8340%,1.9056%,7.3719%,-0.005422,KMDA,13930.0,2019-02-20,252.0,0.3431%,0.0005,0.4868,0.2655,0.0859,1.8327%,1.9046%,7.4140%,0.0014019999999999,KMDA,13930.0,2019-02-21,252.0,1.5385%,0.0006,0.4808,0.2569,0.0747,1.8354%,1.9058%,7.2532%,0.017469,KMDA,0.0150609999999999,0.0090859999999999,0.034107,0.051562,0.107725
26531,KAMADA LTD,"UPDATE: Kamada Reports 'IV-AAT demonstrated a trend towards improvements in multiple clinical outcomes, including days on mechanical ventilation post-transplant, pulmonary function at week 4 and week 48 post-transplant and six-minute walk test'",6,increase,0.8,0.7,"the reported improvements in clinical outcomes for iv-aat suggest positive developments for kamada ltd's product, likely leading to increased investor confidence and a potential rise in stock price.",2,2019-02-06,KMDA,2019-02-06 12:25:00+00:00,13930.0,M6240T10,-0.016120545566082,4061.0,0.0250000227242708,0.0203089378774166,-0.0056284680031239,-0.0389610454440116,0.0264150686562061,0.0266470592468977,0.0404411368072032,0.0067305816337466,-0.014858616515994,-0.0028680432587862,0.0114958640187978,-0.0019083496881648,0.0372340492904186,-0.020560773089528,-0.0034188001882284,0.0408560410141944,0.0034305285662412,-0.0209524072706699,0.0153846414759755,-0.0037950628902763,0.0134680001065135,-0.0112570254132151,0.0132890241220593,0.0075614294037222,-0.0147540457546711,-0.0075046834535896,0.0249583385884761,0.0,0.0016234138747677,-0.0037383141461759,0.00162070535589,0.0075329495593905,-0.0040452457033097,0.0018867455655708,-0.0235580783337354,1.889390478027053e-05,0.0016638521337881,-1.889354643935803e-05,-0.0166112799197435,0.0172745008021593,0.001689147320576,0.0096899596974253,-0.0118043329566717,0.0,0.01023889798671,0.0078124925494194,0.0,0.0239999778568744,0.0304053761065006,0.0288065560162067,0.0065573710016906,0.0124999871477484,-0.0374592877924442,0.0,-0.0041624414734542,-0.0163934268057346,0.0041798399761319,0.0,-0.0050760968588292,0.0,-0.008503433316946,-0.0081300735473632,-0.0394511185586452,0.0292886737734079,0.0089286053553223,0.0,0.0247787367552518,0.0208222810178995,0.0,-0.0089947134256362,-0.010362684726715,-0.0156250596046447,-0.0209423881024122,-0.0103092193603515,0.0071301176212728,-0.0221774466335773,0.0176990982145071,-0.0264965184032917,0.0017391702858731,-0.0183044821023941,0.0192707609385252,-0.0019230293110013,0.0270823370665311,-0.035250473767519,-0.0016584127442911,0.0325472578406333,-0.0116279358044266,0.0085980128496885,-0.0067226830869913,0.0030232954304665,0.0050761778838932,-0.0057803872041404,0.0303030014038085,-0.0114285601302981,0.0016340243164449,-0.0056818574666976,0.021207196637988,-0.001890312298201,-0.0143770202994346,0.0291828978806734,0.0097244642674922,-0.0172084420919418,-0.0176565218716859,-0.0169173218309879,-0.003267970867455,0.0037735812366008,0.0049180672504007,-0.0102707426995039,-0.0055628148838877,-0.0156250074505806,-0.0469003953039646,-0.0198198426514864,-0.0120482221245765,0.0391117855906486,0.0156794693320989,-0.0181801170110702,-0.0205831713974475,-0.0034805005416274,0.0044483644887804,0.0128015298396349,0.0250000227242708,0.0203089378774166,0.0192308428931657,-0.0194433650181566,0.0461538955847116,0.0066855857291432,0.0722885156573989,0.0105545147803913,0.14230774393076,0.0028842793477763,0.130769294402768,0.0830327874653173,0.102961617787161,-0.0194433659893529,2019-02-07,2019-02-08,2019-02-11,2019-02-12,2019-02-13,2019-02-14,2019-02-15,2019-02-19,2019-02-20,2019-02-21,13930.0,2019-02-06,252.0,-1.6121%,0.0004,0.5364,0.1642,0.0371,1.9250%,2.0119%,8.4504%,-0.014896,KMDA,13930.0,2019-02-07,252.0,2.5000%,0.0005,0.5337,0.1548,0.045,1.9332%,2.0177%,8.2049%,0.0299569999999999,KMDA,13930.0,2019-02-08,252.0,-0.5628%,0.0002,0.5372,0.0788,0.0096,1.8574%,1.9477%,9.0502%,-0.005975,KMDA,13930.0,2019-02-11,252.0,2.6415%,0.0005,0.4765,0.1701,0.0272,1.8360%,1.9062%,7.2224%,0.025021,KMDA,13930.0,2019-02-12,252.0,4.0441%,0.0005,0.4732,0.1987,0.0203,1.8343%,1.9051%,7.2925%,0.033872,KMDA,13930.0,2019-02-13,252.0,-1.4859%,0.0003,0.4596,0.2149,0.0191,1.8310%,1.8985%,6.9861%,-0.016417,KMDA,13930.0,2019-02-14,252.0,1.1496%,0.0003,0.4558,0.2203,0.0152,1.8290%,1.8960%,6.9453%,0.011354,KMDA,13930.0,2019-02-15,252.0,3.7234%,0.0005,0.491,0.2553,0.0768,1.8356%,1.9090%,7.5412%,0.03136,KMDA,13930.0,2019-02-19,252.0,-0.3419%,0.0004,0.4855,0.2577,0.0799,1.8340%,1.9056%,7.3719%,-0.005422,KMDA,13930.0,2019-02-20,252.0,0.3431%,0.0005,0.4868,0.2655,0.0859,1.8327%,1.9046%,7.4140%,0.0014019999999999,KMDA,13930.0,2019-02-21,252.0,1.5385%,0.0006,0.4808,0.2569,0.0747,1.8354%,1.9058%,7.2532%,0.017469,KMDA,0.0150609999999999,0.0090859999999999,0.034107,0.051562,0.107725
26539,KAMADA LTD,Kamada Reports Added Interim Results From Phase 2 Proof-Of-Concept Trial Of Intravenous Alpha-1 Antitrypsin Treatment for Prevention of Lung Transplant Rejection,6,increase,0.75,0.6,"the announcement of positive interim results from a phase 2 trial suggests potential efficacy of the treatment, which could boost investor confidence and lead to an increase in stock price.",2,2019-02-06,KMDA,2019-02-06 12:25:00+00:00,13930.0,M6240T10,-0.016120545566082,4061.0,0.0250000227242708,0.0203089378774166,-0.0056284680031239,-0.0389610454440116,0.0264150686562061,0.0266470592468977,0.0404411368072032,0.0067305816337466,-0.014858616515994,-0.0028680432587862,0.0114958640187978,-0.0019083496881648,0.0372340492904186,-0.020560773089528,-0.0034188001882284,0.0408560410141944,0.0034305285662412,-0.0209524072706699,0.0153846414759755,-0.0037950628902763,0.0134680001065135,-0.0112570254132151,0.0132890241220593,0.0075614294037222,-0.0147540457546711,-0.0075046834535896,0.0249583385884761,0.0,0.0016234138747677,-0.0037383141461759,0.00162070535589,0.0075329495593905,-0.0040452457033097,0.0018867455655708,-0.0235580783337354,1.889390478027053e-05,0.0016638521337881,-1.889354643935803e-05,-0.0166112799197435,0.0172745008021593,0.001689147320576,0.0096899596974253,-0.0118043329566717,0.0,0.01023889798671,0.0078124925494194,0.0,0.0239999778568744,0.0304053761065006,0.0288065560162067,0.0065573710016906,0.0124999871477484,-0.0374592877924442,0.0,-0.0041624414734542,-0.0163934268057346,0.0041798399761319,0.0,-0.0050760968588292,0.0,-0.008503433316946,-0.0081300735473632,-0.0394511185586452,0.0292886737734079,0.0089286053553223,0.0,0.0247787367552518,0.0208222810178995,0.0,-0.0089947134256362,-0.010362684726715,-0.0156250596046447,-0.0209423881024122,-0.0103092193603515,0.0071301176212728,-0.0221774466335773,0.0176990982145071,-0.0264965184032917,0.0017391702858731,-0.0183044821023941,0.0192707609385252,-0.0019230293110013,0.0270823370665311,-0.035250473767519,-0.0016584127442911,0.0325472578406333,-0.0116279358044266,0.0085980128496885,-0.0067226830869913,0.0030232954304665,0.0050761778838932,-0.0057803872041404,0.0303030014038085,-0.0114285601302981,0.0016340243164449,-0.0056818574666976,0.021207196637988,-0.001890312298201,-0.0143770202994346,0.0291828978806734,0.0097244642674922,-0.0172084420919418,-0.0176565218716859,-0.0169173218309879,-0.003267970867455,0.0037735812366008,0.0049180672504007,-0.0102707426995039,-0.0055628148838877,-0.0156250074505806,-0.0469003953039646,-0.0198198426514864,-0.0120482221245765,0.0391117855906486,0.0156794693320989,-0.0181801170110702,-0.0205831713974475,-0.0034805005416274,0.0044483644887804,0.0128015298396349,0.0250000227242708,0.0203089378774166,0.0192308428931657,-0.0194433650181566,0.0461538955847116,0.0066855857291432,0.0722885156573989,0.0105545147803913,0.14230774393076,0.0028842793477763,0.130769294402768,0.0830327874653173,0.102961617787161,-0.0194433659893529,2019-02-07,2019-02-08,2019-02-11,2019-02-12,2019-02-13,2019-02-14,2019-02-15,2019-02-19,2019-02-20,2019-02-21,13930.0,2019-02-06,252.0,-1.6121%,0.0004,0.5364,0.1642,0.0371,1.9250%,2.0119%,8.4504%,-0.014896,KMDA,13930.0,2019-02-07,252.0,2.5000%,0.0005,0.5337,0.1548,0.045,1.9332%,2.0177%,8.2049%,0.0299569999999999,KMDA,13930.0,2019-02-08,252.0,-0.5628%,0.0002,0.5372,0.0788,0.0096,1.8574%,1.9477%,9.0502%,-0.005975,KMDA,13930.0,2019-02-11,252.0,2.6415%,0.0005,0.4765,0.1701,0.0272,1.8360%,1.9062%,7.2224%,0.025021,KMDA,13930.0,2019-02-12,252.0,4.0441%,0.0005,0.4732,0.1987,0.0203,1.8343%,1.9051%,7.2925%,0.033872,KMDA,13930.0,2019-02-13,252.0,-1.4859%,0.0003,0.4596,0.2149,0.0191,1.8310%,1.8985%,6.9861%,-0.016417,KMDA,13930.0,2019-02-14,252.0,1.1496%,0.0003,0.4558,0.2203,0.0152,1.8290%,1.8960%,6.9453%,0.011354,KMDA,13930.0,2019-02-15,252.0,3.7234%,0.0005,0.491,0.2553,0.0768,1.8356%,1.9090%,7.5412%,0.03136,KMDA,13930.0,2019-02-19,252.0,-0.3419%,0.0004,0.4855,0.2577,0.0799,1.8340%,1.9056%,7.3719%,-0.005422,KMDA,13930.0,2019-02-20,252.0,0.3431%,0.0005,0.4868,0.2655,0.0859,1.8327%,1.9046%,7.4140%,0.0014019999999999,KMDA,13930.0,2019-02-21,252.0,1.5385%,0.0006,0.4808,0.2569,0.0747,1.8354%,1.9058%,7.2532%,0.017469,KMDA,0.0150609999999999,0.0090859999999999,0.034107,0.051562,0.107725
26547,KEMPER CORP DE,Kemper Raises Qtr Dividend From $0.24 to $0.25/Share,6,increase,0.8,0.6,"raising the quarterly dividend typically signals financial strength and can attract investors, likely leading to an increase in stock price.",2,2019-02-06,KMPR,2019-02-06 21:56:00+00:00,76136.0,48840110,-0.004196717403829,137918.0,0.0009218977065756,-0.0045691709965467,-0.0074999961070716,0.0086910193786025,0.0310220904648304,0.0101090995594859,0.0101581709459424,0.0087213404476642,0.0266039203852415,0.0077068647369742,-0.015251126140356,-0.0083132572472095,0.0225384160876274,0.0048504527658224,0.0077815866097807,-0.0088140498846769,0.0072313272394239,0.0082132844254374,0.0004867475654464,-0.0021497199777513,0.0092435190454125,-0.0021450065542012,-0.0039768838323652,0.0178766045719385,-0.0154869779944419,0.0115957520902156,0.0213837753981351,0.0214326605200767,-0.0001203481660922,0.0019779512658715,0.0216606874018907,-0.0039403149858117,-0.0167255382984876,0.0019740466959774,-0.008864464238286,0.0053869755938649,-0.0216340459883213,0.0146720986813306,-0.0240889061242342,0.0366835556924343,0.0007594627677462,0.0020920410752296,0.0135340215638279,0.0290635004639625,-0.0032446589320898,-0.0143983708694577,0.0025040307082235,-0.0060258195735514,0.0009991485858336,0.0108116203919053,-0.0114784548059105,-0.0092033892869949,0.001388274366036,0.0171883832663297,-0.0281068291515111,0.0442308038473129,-0.0040201991796493,-0.0277344770729541,0.0032552082557231,-0.0194040741771459,-0.0188190080225467,0.0128442300483584,0.0185185391455888,0.0027933006640523,0.0128571148961782,-0.0043263100087642,0.0,-0.0210255533456802,-0.0156430471688509,0.0037959306500852,-0.0082062948495149,-0.0177479851990938,0.0212766323238611,0.0046449685469269,-0.003086490323767,-0.014616941101849,0.0132869770750403,-0.0296561550348997,0.0006364789442159,-0.0259559098631143,0.0052163316868245,-0.0138983698561787,-0.0036704328376799,-0.0417985022068023,0.0047001410275697,-0.0034165852703154,0.0208623297512531,0.0177879072725772,0.0193213429301977,-0.0017357126343995,0.0077764200977981,0.0278578121215105,0.0,-0.0112617937847971,0.0248372014611959,0.0043608574196696,-0.0069411331787705,-0.0021757364738732,0.0138608943670988,0.0008165154722519,-0.0128534520044922,-0.022742373868823,0.0138494092971086,-0.0109181040897965,0.0096906227990984,0.0217041429132223,-0.0089038414880633,0.0375312305986881,0.0091004408895969,-0.0461415499448776,0.0301769077777862,-0.0019849347881972,0.0087541956454515,-0.0073558068834245,-0.0199154540896415,-0.0165354125201702,0.0118061183020472,0.0075491582974791,0.0175025835633277,0.0011728429235517,0.0009218977065756,-0.0045691709965467,-0.0065850126297063,0.0040821376283806,0.0242327969776132,0.0142325039235673,0.0621625326204349,0.0309626944203478,0.0861832167922109,0.0244525007416103,0.0178839577519294,0.1650115162518324,0.1980778092632438,-0.003248262249418,2019-02-07,2019-02-08,2019-02-11,2019-02-12,2019-02-13,2019-02-14,2019-02-15,2019-02-19,2019-02-20,2019-02-21,76136.0,2019-02-06,252.0,-0.4197%,0.0013,1.0044,0.696,0.8996,1.6733%,1.9603%,27.1306%,-0.002636,KMPR,76136.0,2019-02-07,252.0,0.0922%,0.0013,1.0093,0.687,0.9022,1.6723%,1.9603%,27.2215%,0.007559,KMPR,76136.0,2019-02-08,252.0,-0.7500%,0.0014,1.0096,0.7,0.912,1.6704%,1.9598%,27.3479%,-0.002627,KMPR,76136.0,2019-02-11,252.0,3.1022%,0.0016,0.979,0.7581,0.9274,1.6671%,1.9404%,26.1854%,0.022791,KMPR,76136.0,2019-02-12,252.0,1.0158%,0.0015,0.9701,0.7669,0.9213,1.6654%,1.9359%,25.9925%,-0.001831,KMPR,76136.0,2019-02-13,252.0,2.6604%,0.0016,0.9769,0.7641,0.9259,1.6700%,1.9424%,26.0767%,0.022683,KMPR,76136.0,2019-02-14,252.0,-1.5251%,0.0016,0.9805,0.757,0.933,1.6717%,1.9450%,26.1316%,-0.0119029999999999,KMPR,76136.0,2019-02-15,252.0,2.2538%,0.002,1.0598,0.8287,1.0623,1.5636%,1.8970%,32.0598%,0.004988,KMPR,76136.0,2019-02-19,252.0,0.7782%,0.0019,1.0501,0.8405,1.0764,1.5525%,1.8847%,32.1490%,7.8e-05,KMPR,76136.0,2019-02-20,252.0,0.7231%,0.0016,1.0435,0.8003,1.046,1.5091%,1.8426%,32.9206%,-0.002633,KMPR,76136.0,2019-02-21,252.0,0.0487%,0.0018,1.0305,0.7751,1.0221,1.4955%,1.8215%,32.5891%,0.007214,KMPR,0.004923,0.002296,0.025087,0.045939,0.043683
26555,KARYOPHARM THERAPEUTICS INC,Karyopharm Therapeutics Option Alert: Mar 15 $7.5 Puts Sweep (18) near the Bid: 675 @ $0.401 vs 5 OI; Earnings 3/14 Before Open [est] Ref=$9.0,6,decrease,0.7,0.6,the significant put option activity suggests that investors are anticipating a decline in karyopharm therapeutics' stock price ahead of the earnings report.,0,2019-02-06,KPTI,2019-02-06 17:53:00+00:00,14316.0,48576U10,0.0078300507739186,1022025.0,-0.0088790142908692,-0.0055617564357817,-0.0145576829090714,0.0502335652709007,-0.0204545799642801,0.0106257554143667,0.0162413399666547,-0.010514035820961,0.0456620566546917,0.0388350300490856,-0.0382095463573932,-0.0119904531165957,0.0454029068350791,-0.0825082510709762,-0.0043431012891232,0.0088790142908692,0.0174481831490993,0.0078300507739186,-0.0385851711034774,-0.0240174960345029,-0.4347825944423676,-0.0709939002990722,-0.0019724315498024,0.0154479527845978,-0.0375494174659252,-0.0132113937288522,-0.0965091958642005,-0.0090634590014815,-0.0613636299967765,0.0247678775340318,0.0121064679697156,-0.0396432690322399,0.0741626694798469,-0.0078662661835551,-0.040089052170515,-0.0058650504797697,-0.0162413399666547,-0.0019512642174959,-0.023584883660078,0.0019550791475921,0.0193236544728279,0.0168985202908515,-0.0236966609954834,0.0770878195762634,0.0825243145227432,-0.0230125784873962,-0.0089686010032892,0.020277539268136,-0.0045248824171721,0.0262869410216808,0.0704545304179191,-0.0119047248736023,0.1273885071277618,0.0076335542835295,0.0075329495593905,0.1074879691004753,0.0093458304181694,0.0097560882568359,0.0777777880430221,-0.0755355209112167,-0.0652921125292778,-0.0033707567490637,0.0110294008627533,-0.0283843055367469,0.0018182233907282,-0.0368034057319164,0.0217785630375146,-0.0114344758912921,0.0124333379790186,-0.0193680450320243,0.0245614647865295,-0.061243962496519,-0.0530821792781353,0.014563069678843,0.0090415393933653,0.0198019612580537,0.0125448340550065,0.0089910244569182,0.0194690506905317,-0.0176643133163452,-0.0347222723066806,-0.0350379571318626,-0.0197841972112655,-0.036496315151453,-0.0605504475533962,0.0538461953401565,0.0410156324505806,0.0878660231828689,-0.0075046834535896,-0.0860420316457748,-0.0283554065972566,0.032576497644186,0.0,-0.0559179373085498,-0.0058365240693092,0.0209323801100254,-0.0567514598369598,0.0105769820511341,-0.0394190959632396,0.0176124610006809,0.0475161522626876,-0.043071161955595,0.0268041472882032,-0.0430107116699218,-0.0240963622927665,0.0145454406738281,-0.0123456669971346,0.0638297721743583,0.0104166064411401,-0.0582877434790134,0.0020619030110538,0.0242536626756191,-0.0390946604311466,-0.0758620798587799,0.0064239255152642,0.0043290206231176,0.025531992316246,-0.031040258705616,-0.0020747361704707,0.0623885728418827,-0.0088790142908692,-0.0055617564357817,-0.023307439325349,0.0443924219801812,-0.0432852754081862,0.0554898804127608,0.016648127705076,0.0849514330929022,-0.004439505135386,-0.0240174999601697,-0.3540510358489913,0.0078917305578252,-0.4661487307794425,-0.2032086218175817,2019-02-07,2019-02-08,2019-02-11,2019-02-12,2019-02-13,2019-02-14,2019-02-15,2019-02-19,2019-02-20,2019-02-21,14316.0,2019-02-06,252.0,0.7830%,-0.0008,1.9106,1.9219,-0.3886,3.1597%,4.0070%,37.8188%,0.01235,KPTI,14316.0,2019-02-07,252.0,-0.8879%,-0.0011,1.8527,1.9901,-0.3934,3.1046%,3.9405%,37.9269%,0.012804,KPTI,14316.0,2019-02-08,252.0,-1.4558%,-0.0013,1.8573,1.9506,-0.4001,3.0919%,3.9287%,38.0611%,-0.0200349999999999,KPTI,14316.0,2019-02-11,252.0,-2.0455%,-0.0019,1.9832,1.7853,-0.4236,3.0304%,3.9206%,40.2557%,-0.035109,KPTI,14316.0,2019-02-12,252.0,1.6241%,-0.0017,2.013,1.7399,-0.4002,3.0074%,3.9121%,40.9019%,-0.011907,KPTI,14316.0,2019-02-13,252.0,4.5662%,-0.0015,2.0229,1.7397,-0.3904,3.0179%,3.9223%,40.7988%,0.039162,KPTI,14316.0,2019-02-14,252.0,-3.8210%,-0.0019,2.0288,1.7135,-0.3542,3.0011%,3.9013%,40.8232%,-0.045372,KPTI,14316.0,2019-02-15,252.0,4.5403%,-0.0018,2.0514,1.7361,-0.3143,3.0034%,3.9096%,40.9824%,0.019794,KPTI,14316.0,2019-02-19,252.0,-0.4343%,-0.0018,2.0501,1.7285,-0.3229,3.0041%,3.9074%,40.8880%,-0.012433,KPTI,14316.0,2019-02-20,252.0,1.7448%,-0.0018,2.0529,1.7304,-0.3141,3.0047%,3.9079%,40.8833%,0.011426,KPTI,14316.0,2019-02-21,252.0,-3.8585%,-0.0019,2.0573,1.7331,-0.3057,3.0099%,3.9119%,40.7987%,-0.030601,KPTI,0.025154,0.005119,-0.0299899999999999,-0.0027349999999999,-0.059921
26563,LILLY ELI & CO,Eli Lilly Guides FY19 EPS Of $5.55-5.65 vs $5.77 Est; Lowers FY19 Revenue Guidance From $25.3-25.8 Bln To $25.1-25.6 Bln vs $25.27 Bln Est,6,decrease,0.8,0.7,the lowered earnings per share and revenue guidance compared to estimates are likely to negatively impact investor sentiment and lead to a decrease in stock price.,0,2019-02-06,LLY,2019-02-06 11:34:00+00:00,50876.0,53245710,-0.0096321813762187,7421020.0,-0.0148402508348226,0.0021636192686855,0.0178723279386758,-0.0059558376669883,-0.0132942842319607,0.0085933487862348,0.0125412736088037,0.0249700546264648,0.0013390548992902,0.010630052536726,0.0145841911435127,0.0059115039184689,0.0143271498382091,0.000521854031831,-0.0028576592449098,-0.000173898981302,0.004339690785855,-0.031989250332117,0.0004891370772384,0.0145187862217426,0.0104302372783422,0.0042885327711701,-0.0008871016907505,-0.0215677004307508,0.0062958979979157,0.0202054847031831,0.0081014046445488,-0.0024766700807958,0.0048536011017858,0.0210149642080068,0.0201915856450796,-0.0129110002890229,-0.0107109379023313,0.002070017857477,0.0080810170620679,-0.0108352247625589,-0.0140867391601204,0.0074781053699553,-0.0026839592028409,0.0091949822381138,0.0028494587168097,0.0054072481580078,-0.0252564884722232,0.0300961825996637,0.0,-0.0310759041458368,0.0065586846321821,-0.0072589349001646,-0.0098945843055844,0.0133100198581814,0.0069873300381004,0.0116041945293545,0.0104889087378978,0.0162031073123216,0.0107792913913726,0.0406557023525238,0.0124023016542196,-0.0244013722985982,0.0011703643249347,0.0011894706403836,-7.789344090269879e-05,0.0016497140750288,0.0122368829324841,0.0245070476084947,0.0088550793007016,-0.0171650107949972,-0.0171729493886232,-0.0318949297070503,0.0013977842172607,-0.0255093183368444,0.0062814857810735,0.0045478772372007,-0.0054715741425752,-0.0013974119210615,0.0020922452677041,0.0035936862695962,-0.017553387209773,0.0044901785440742,-0.0113341389223933,-0.0195096209645271,0.0109863644465804,-0.0058359107933938,0.0013387338258326,-0.0168747901916503,0.0006290830206125,-0.0010114863980561,-0.0003929222293663,0.0140170883387327,-0.0160390045493841,0.0127239786088466,-0.0166999921202659,0.0114690735936164,0.0082886749878525,0.0163730550557375,-0.0332044064998626,-0.004341326188296,-0.0288429409265518,0.0057025696150958,-0.0111588248983025,-0.0217050015926361,0.0023437871132045,-0.0094119366258382,0.0174936912953853,0.0173943229019641,0.0043408130295574,0.0145276729017496,0.0019491809653118,0.0217648614197969,0.0138712618499994,-0.017950901761651,-0.002252475824207,-0.007155455648899,-0.0214046612381935,0.0088227242231369,0.0097402548417449,0.0191644020378589,0.0023692569229751,0.0034633362665772,-0.013084546662867,0.0360717624425888,-0.0148402508348226,0.0021636192686855,0.002766847274241,-0.0038051045634402,-0.0105642202118099,0.0047555456321128,0.0031860894934365,0.0407916460006587,0.0344221320355089,0.0285251018675281,0.0815409031404883,0.1019306366451668,-0.01455106150349,0.1430302130549967,2019-02-07,2019-02-08,2019-02-11,2019-02-12,2019-02-13,2019-02-14,2019-02-15,2019-02-19,2019-02-20,2019-02-21,50876.0,2019-02-06,252.0,-0.9632%,0.0018,0.74,-0.5877,0.1983,1.1078%,1.3893%,36.4180%,-0.008276,LLY,50876.0,2019-02-07,252.0,-1.4840%,0.0018,0.749,-0.5943,0.1964,1.1081%,1.3930%,36.7198%,-0.009596,LLY,50876.0,2019-02-08,252.0,1.7872%,0.0019,0.7457,-0.5868,0.1876,1.1103%,1.3919%,36.3683%,0.018751,LLY,50876.0,2019-02-11,252.0,-1.3294%,0.0019,0.7387,-0.5976,0.1781,1.1131%,1.3780%,34.7532%,-0.010997,LLY,50876.0,2019-02-12,252.0,1.2541%,0.0019,0.7324,-0.5889,0.1733,1.1107%,1.3704%,34.3073%,0.002817,LLY,50876.0,2019-02-13,252.0,0.1339%,0.0019,0.7384,-0.6,0.1708,1.1073%,1.3703%,34.7016%,-0.00058,LLY,50876.0,2019-02-14,252.0,1.4584%,0.002,0.7344,-0.59,0.1593,1.1130%,1.3725%,34.2469%,0.020145,LLY,50876.0,2019-02-15,252.0,1.4327%,0.002,0.7327,-0.5909,0.1573,1.1128%,1.3709%,34.1176%,0.006639,LLY,50876.0,2019-02-19,252.0,-0.2858%,0.0019,0.731,-0.5931,0.155,1.1131%,1.3696%,33.9407%,-0.003108,LLY,50876.0,2019-02-20,252.0,0.4340%,0.0019,0.7303,-0.6,0.151,1.1106%,1.3681%,34.0970%,0.003303,LLY,50876.0,2019-02-21,252.0,0.0489%,0.002,0.7238,-0.6129,0.1391,1.1053%,1.3623%,34.1787%,0.003018,LLY,-0.017872,0.000879,-0.0101179999999999,-0.0078809999999999,0.022116
26571,LILLY ELI & CO,"Lilly Q4 EPS $1.33 Misses $1.34 Est, Sales $6.438B Beat $6.28B Est.",6,uncertain,0.6,0.2,"while lilly's sales beat expectations, the slight miss on eps could lead to mixed reactions from investors, making the overall impact on stock price uncertain.",1,2019-02-06,LLY,2019-02-06 11:30:00+00:00,50876.0,53245710,-0.0096321813762187,7421020.0,-0.0148402508348226,0.0021636192686855,0.0178723279386758,-0.0059558376669883,-0.0132942842319607,0.0085933487862348,0.0125412736088037,0.0249700546264648,0.0013390548992902,0.010630052536726,0.0145841911435127,0.0059115039184689,0.0143271498382091,0.000521854031831,-0.0028576592449098,-0.000173898981302,0.004339690785855,-0.031989250332117,0.0004891370772384,0.0145187862217426,0.0104302372783422,0.0042885327711701,-0.0008871016907505,-0.0215677004307508,0.0062958979979157,0.0202054847031831,0.0081014046445488,-0.0024766700807958,0.0048536011017858,0.0210149642080068,0.0201915856450796,-0.0129110002890229,-0.0107109379023313,0.002070017857477,0.0080810170620679,-0.0108352247625589,-0.0140867391601204,0.0074781053699553,-0.0026839592028409,0.0091949822381138,0.0028494587168097,0.0054072481580078,-0.0252564884722232,0.0300961825996637,0.0,-0.0310759041458368,0.0065586846321821,-0.0072589349001646,-0.0098945843055844,0.0133100198581814,0.0069873300381004,0.0116041945293545,0.0104889087378978,0.0162031073123216,0.0107792913913726,0.0406557023525238,0.0124023016542196,-0.0244013722985982,0.0011703643249347,0.0011894706403836,-7.789344090269879e-05,0.0016497140750288,0.0122368829324841,0.0245070476084947,0.0088550793007016,-0.0171650107949972,-0.0171729493886232,-0.0318949297070503,0.0013977842172607,-0.0255093183368444,0.0062814857810735,0.0045478772372007,-0.0054715741425752,-0.0013974119210615,0.0020922452677041,0.0035936862695962,-0.017553387209773,0.0044901785440742,-0.0113341389223933,-0.0195096209645271,0.0109863644465804,-0.0058359107933938,0.0013387338258326,-0.0168747901916503,0.0006290830206125,-0.0010114863980561,-0.0003929222293663,0.0140170883387327,-0.0160390045493841,0.0127239786088466,-0.0166999921202659,0.0114690735936164,0.0082886749878525,0.0163730550557375,-0.0332044064998626,-0.004341326188296,-0.0288429409265518,0.0057025696150958,-0.0111588248983025,-0.0217050015926361,0.0023437871132045,-0.0094119366258382,0.0174936912953853,0.0173943229019641,0.0043408130295574,0.0145276729017496,0.0019491809653118,0.0217648614197969,0.0138712618499994,-0.017950901761651,-0.002252475824207,-0.007155455648899,-0.0214046612381935,0.0088227242231369,0.0097402548417449,0.0191644020378589,0.0023692569229751,0.0034633362665772,-0.013084546662867,0.0360717624425888,-0.0148402508348226,0.0021636192686855,0.002766847274241,-0.0038051045634402,-0.0105642202118099,0.0047555456321128,0.0031860894934365,0.0407916460006587,0.0344221320355089,0.0285251018675281,0.0815409031404883,0.1019306366451668,-0.01455106150349,0.1430302130549967,2019-02-07,2019-02-08,2019-02-11,2019-02-12,2019-02-13,2019-02-14,2019-02-15,2019-02-19,2019-02-20,2019-02-21,50876.0,2019-02-06,252.0,-0.9632%,0.0018,0.74,-0.5877,0.1983,1.1078%,1.3893%,36.4180%,-0.008276,LLY,50876.0,2019-02-07,252.0,-1.4840%,0.0018,0.749,-0.5943,0.1964,1.1081%,1.3930%,36.7198%,-0.009596,LLY,50876.0,2019-02-08,252.0,1.7872%,0.0019,0.7457,-0.5868,0.1876,1.1103%,1.3919%,36.3683%,0.018751,LLY,50876.0,2019-02-11,252.0,-1.3294%,0.0019,0.7387,-0.5976,0.1781,1.1131%,1.3780%,34.7532%,-0.010997,LLY,50876.0,2019-02-12,252.0,1.2541%,0.0019,0.7324,-0.5889,0.1733,1.1107%,1.3704%,34.3073%,0.002817,LLY,50876.0,2019-02-13,252.0,0.1339%,0.0019,0.7384,-0.6,0.1708,1.1073%,1.3703%,34.7016%,-0.00058,LLY,50876.0,2019-02-14,252.0,1.4584%,0.002,0.7344,-0.59,0.1593,1.1130%,1.3725%,34.2469%,0.020145,LLY,50876.0,2019-02-15,252.0,1.4327%,0.002,0.7327,-0.5909,0.1573,1.1128%,1.3709%,34.1176%,0.006639,LLY,50876.0,2019-02-19,252.0,-0.2858%,0.0019,0.731,-0.5931,0.155,1.1131%,1.3696%,33.9407%,-0.003108,LLY,50876.0,2019-02-20,252.0,0.4340%,0.0019,0.7303,-0.6,0.151,1.1106%,1.3681%,34.0970%,0.003303,LLY,50876.0,2019-02-21,252.0,0.0489%,0.002,0.7238,-0.6129,0.1391,1.1053%,1.3623%,34.1787%,0.003018,LLY,-0.017872,0.000879,-0.0101179999999999,-0.0078809999999999,0.022116
26579,LOCKHEED MARTIN CORP,Lockheed Martin Wins $90M Navy Deal To Support F-35 Program,6,increase,0.8,0.6,"the $90m deal to support the f-35 program is likely to be viewed positively by investors, indicating strong demand and ongoing government contracts, which can boost lockheed martin's stock price.",2,2019-02-06,LMT,2019-02-06 19:46:00+00:00,21178.0,53983010,0.001235541072674,1114284.0,0.0010006281081587,0.0023094771895557,0.00456467224285,0.0281850192695856,-0.004842426162213,0.0030721947550773,0.0135647803544998,-0.0067885313183069,0.00101946038194,-0.0013010593829676,-0.0112345218658447,0.0145204178988933,0.0206977110356092,0.0028915361035615,-0.0066725849173963,0.0062752272933721,0.0066191088408231,0.0061373151838779,-0.0087565183639526,0.0140205780044198,0.0086039705201983,-0.0115954279899597,-0.0037769142072647,0.014598305337131,-0.0002941345155704,0.0235323347151279,0.0055576749145984,-0.0130796572193503,0.0131023386493325,-0.0054412805475294,0.0001939095673151,-0.0007921406067907,-0.0154457576572895,0.0008288684184662,0.0035117899533361,0.0257262922823429,-0.0079801231622695,0.0024827267043292,-0.0010220148833468,0.006677143741399,-0.0067984471097588,0.0114698838442564,0.0114636365324258,0.0269684679806232,-0.0081471111625432,-0.0251200255006551,0.005067563150078,0.0110373310744762,-0.0162794608622789,0.0022199591621756,-0.0079059861600399,0.0056584207341074,0.0050313044339418,0.0324696525931358,-0.003494182601571,0.0260989889502525,-0.0020903409458696,-0.044162880629301,0.0102371741086244,-0.0329451560974121,-0.016721848398447,-0.0316468961536884,0.0003740871034096,-0.0197159256786108,0.0027200405020266,0.0008594715036451,-0.0032890315633267,-0.0294403918087482,0.0056131784804165,-0.0155014833435416,0.015426242724061,-0.0009230393916368,0.0137593448162078,0.0011980356648564,-0.0039107510820031,-0.0209450405091047,-0.0192346312105655,0.0455501042306423,0.0080735506489872,-0.0033176608849316,0.0097105912864208,-0.0013253055512905,0.0101791834458708,-0.0338960103690624,-0.00974943023175,-0.0121159143745899,-0.0117615889757871,0.0006943300249986,0.0216301195323467,0.0082683572545647,0.0134494453668594,0.0157472100108861,-0.0031967088580131,3.389923222130165e-05,0.0043730558827519,-0.000338567624567,0.0014190881047397,0.0037038170266896,0.012109532020986,0.0014633608516305,0.0031820784788578,-0.0024780575186014,0.0565881989896297,-0.0220754016190767,-0.0089462948963046,-0.0138798635452985,-0.0037865019403398,0.006888810545206,-0.0016420121537521,-0.007686189841479,0.0007919159834273,0.0020319714676588,0.0144252423197031,-0.0255493111908435,-0.0044399858452379,0.0147783169522881,0.0021093315444886,-0.0040669091977179,0.004570800345391,0.0106341652572155,0.0010006281081587,0.0023094771895557,0.0055698678903595,0.0305595891182317,0.0007004700541541,0.0337256688827154,0.0153087650572831,0.0253723814810518,0.0156089232504084,0.071068333501618,0.0043560542029787,0.1288023754827938,0.1221204091857206,-0.0160070121484945,2019-02-07,2019-02-08,2019-02-11,2019-02-12,2019-02-13,2019-02-14,2019-02-15,2019-02-19,2019-02-20,2019-02-21,21178.0,2019-02-06,252.0,0.1236%,-0.0005,0.7563,-0.1632,-0.1038,1.2229%,1.4933%,32.9360%,0.0028899999999999,LMT,21178.0,2019-02-07,252.0,0.1001%,-0.0004,0.7598,-0.1715,-0.1009,1.2225%,1.4931%,32.9682%,0.008127,LMT,21178.0,2019-02-08,252.0,0.4565%,-0.0005,0.76,-0.1976,-0.1174,1.2101%,1.4860%,33.6897%,0.0031709999999999,LMT,21178.0,2019-02-11,252.0,-0.4842%,-0.0005,0.7572,-0.2002,-0.1203,1.2103%,1.4726%,32.4500%,-0.004432,LMT,21178.0,2019-02-12,252.0,1.3565%,-0.0005,0.7528,-0.1921,-0.124,1.2087%,1.4689%,32.2896%,0.003003,LMT,21178.0,2019-02-13,252.0,0.1019%,-0.0006,0.7519,-0.1907,-0.1238,1.2086%,1.4665%,32.0810%,-0.000986,LMT,21178.0,2019-02-14,252.0,-1.1235%,-0.0006,0.7533,-0.1959,-0.1169,1.2080%,1.4658%,32.0864%,-0.009482,LMT,21178.0,2019-02-15,252.0,2.0698%,-0.0006,0.7601,-0.1884,-0.1039,1.2109%,1.4695%,32.0976%,0.013137,LMT,21178.0,2019-02-19,252.0,-0.6673%,-0.0006,0.7561,-0.1888,-0.1041,1.2105%,1.4655%,31.7702%,-0.007359,LMT,21178.0,2019-02-20,252.0,0.6619%,-0.0006,0.7579,-0.1846,-0.0974,1.2113%,1.4662%,31.7494%,0.006071,LMT,21178.0,2019-02-21,252.0,-0.8757%,-0.0006,0.759,-0.1837,-0.0954,1.2118%,1.4668%,31.7493%,-0.0064049999999999,LMT,0.011017,0.014188,0.009756,0.011773,0.007735
26587,LINCOLN NATIONAL CORP,Lincoln National Q4 EPS $2.15 Beats $2.12 Estimate,6,increase,0.8,0.6,"beating earnings estimates typically signals strong performance, which can positively influence investor sentiment and lead to an increase in stock price.",2,2019-02-06,LNC,2019-02-06 21:46:00+00:00,49015.0,53418710,0.0027210859116166,1574904.0,0.0044098054058849,-0.0022060251794755,-0.0151975937187671,0.0047740624286234,0.0147462384775281,0.0027355076745152,0.0223048273473978,0.0101899849250912,0.0024793641641736,-0.0036138200666755,-0.0120363291352987,-0.0175824332982301,0.0282043144106864,-0.0057152486406266,0.0071416753344237,0.0179671980440616,0.0093473298475146,0.0107229147106409,-0.0012773723574355,-0.0061877039261162,0.0041567087173461,-0.0165652390569448,0.0085973106324672,0.0196483861654996,-0.0025256488006561,0.0125654665753245,-0.0028485569637268,0.0266976859420537,-0.0077765095047652,0.0003584953956305,0.005918089300394,0.0099565386772155,-0.0023850805591791,0.0050946613773703,-0.0006375663797371,0.0086253881454467,-0.0105263134464621,0.0244631636887788,-0.0265957694500684,-0.0085169244557619,-0.0036430074833333,0.0052112187258899,0.0127970827743411,0.0568449907004833,0.0052510616369545,-0.0133902318775653,0.0088149029761552,0.0042876126244664,-0.0009708342840895,0.0060784583911299,0.0158730074763298,-0.0039062649011611,0.0086096478626132,0.0114579582586884,-0.0101169683039188,0.0375076457858085,-0.0399233475327491,-0.0111471265554428,0.0058217281475663,-0.0314094722270965,-0.0461385957896709,-0.0127906948328018,-0.004334257915616,-0.0105465585365891,0.011143990792334,-0.0078006056137382,-0.0015498562715947,-0.0181206315755844,0.0060366038233041,-0.0165350269526243,0.0063432012684643,-0.013770580291748,0.0546848215162754,0.0128463376313448,-0.0127604734152555,-0.0176671985536813,0.0157068539410829,-0.016489366069436,0.0093427514657378,-0.0225303154438734,0.0118097942322492,-0.0302520878612995,0.0012617983156815,-0.0688576102256774,-0.019533721730113,0.014768942259252,0.0174559857696294,0.0076812212355434,0.0150913540273904,-0.0088818008080124,0.0158059801906347,0.0208873208612203,-0.0063164941966533,-0.011207184754312,0.0249612499028444,0.0244382135570049,0.0007563614053651,-0.0037581624928861,0.0004534277250058,0.0037723395507782,-0.0071007888764142,-0.0311457030475139,0.0063907206058502,-0.0014281204203143,-0.0095252078026533,-0.0100533990189433,-0.0058007156476378,-0.0068642534315586,0.0139721129089593,-0.0165695287287235,0.0116595495492219,0.0200312789529562,-0.0013470489066094,-0.018131535500288,-0.0100419390946626,-0.0136405192315578,0.0046933768317103,0.0022786194458603,0.0119047751650214,0.0199876185506582,0.0044098054058849,-0.0022060251794755,-0.0108548067438196,0.002557505547222,0.0037313641648366,0.0053000092977892,0.028663542661198,0.011874007947463,0.0608887413727645,0.0106565630081807,0.0256106192085978,0.1621371539623997,0.1457187646818853,-0.0827507836832611,2019-02-07,2019-02-08,2019-02-11,2019-02-12,2019-02-13,2019-02-14,2019-02-15,2019-02-19,2019-02-20,2019-02-21,49015.0,2019-02-06,252.0,0.2721%,-0.0006,1.4677,0.1528,1.3943,0.9353%,1.7399%,71.1012%,0.004874,LNC,49015.0,2019-02-07,252.0,0.4410%,-0.0005,1.4728,0.1406,1.3988,0.9346%,1.7397%,71.1403%,0.012721,LNC,49015.0,2019-02-08,252.0,-1.5198%,-0.0006,1.4739,0.1406,1.4038,0.9354%,1.7420%,71.1662%,-0.0070409999999999,LNC,49015.0,2019-02-11,252.0,1.4746%,-0.0005,1.4584,0.1675,1.4102,0.9333%,1.7054%,70.0511%,0.008426,LNC,49015.0,2019-02-12,252.0,2.2305%,-0.0004,1.4612,0.1678,1.4115,0.9338%,1.7062%,70.0449%,0.0047339999999999,LNC,49015.0,2019-02-13,252.0,0.2479%,-0.0004,1.467,0.157,1.409,0.9301%,1.7063%,70.2896%,-0.002801,LNC,49015.0,2019-02-14,252.0,-1.2036%,-0.0003,1.4684,0.1569,1.4074,0.9246%,1.7054%,70.6054%,-0.0017,LNC,49015.0,2019-02-15,252.0,2.8204%,-0.0004,1.4626,0.1523,1.3988,0.9227%,1.6960%,70.4036%,0.004364,LNC,49015.0,2019-02-19,252.0,0.7142%,-0.0003,1.4658,0.1479,1.3936,0.9205%,1.6967%,70.5656%,-0.000375,LNC,49015.0,2019-02-20,252.0,0.9347%,-0.0004,1.4652,0.1457,1.3914,0.9204%,1.6974%,70.5973%,-0.0015279999999999,LNC,49015.0,2019-02-21,252.0,-0.1277%,-0.0004,1.4703,0.1578,1.4007,0.9138%,1.6970%,71.0028%,0.007346,LNC,0.017595,0.010554,0.01898,0.0209129999999999,0.0290199999999999
26595,LOGITECH INTERNATIONAL SA,GlassHouse: Natus Medical Has 'Major Accounting Concerns',6,uncertain,0.4,0.2,"the news about natus medical's accounting concerns does not directly relate to logitech international sa, making the impact on its stock price uncertain.",1,2019-02-06,LOGI,2019-02-06 15:14:00+00:00,84621.0,H5043023,0.0044432063587009,195101.0,-0.0176942050457,0.0019476822344586,-0.0061918776482343,0.0016721726860851,-0.0070801470428705,-0.0142857264727354,0.0365088060498237,0.0044150068424642,0.0044028577394783,0.0016584127442911,0.0021918308921158,-0.0084955152124166,0.0109348744153976,0.0091261565685272,-0.0064899367280304,0.0171589478850364,0.0059879529289901,-0.0072606010362505,0.000270620570518,0.0626112893223762,0.0132539318874478,0.0077751837670803,0.0064068790525197,0.0164132844656705,0.0071618156507611,-0.0063424669206142,-0.0044772708788514,0.0094512617215514,-0.0060846442356705,-0.0051562627777457,0.0109129585325717,-0.0108010973781347,-0.0028962772339582,0.0054298732429742,-0.0031687070149928,-0.0027075856924057,0.0148344738408923,0.0319777280092239,-0.0143566438928246,0.0109855141490697,-0.0185380559414625,0.0290698166936636,0.0191580969840288,0.05918575450778,-0.0045009790919721,-0.0634411945939064,0.0074468776583671,-0.0022379027213901,0.0105596017092466,0.0041733891703188,0.0096656940877437,0.0123496642336249,-0.0121604446321725,0.0091833611950278,0.0036668253596872,0.0402593091130256,-0.0125260837376117,-0.0184193272143602,0.0068709915503859,-0.0148465475067496,-0.0280839819461107,-0.0275906510651111,-0.0027004720177501,-0.0213500875979661,0.0083942962810397,0.0091888755559921,0.0077872471883893,-0.0198758170008659,0.0189182758331298,-0.0221682209521532,0.0287656486034393,-0.0205234568566083,0.0081342067569494,0.0123456744477152,0.0035299896262586,0.0237361434847116,0.0143216010183095,-0.0082543706521391,-0.0029724780470132,-0.0293769035488367,0.003726745955646,0.0080765914171934,0.0081682670861482,-0.05538285151124,-0.0117849139496684,0.0467316769063472,0.0171428229659795,-0.0139982365071773,-0.0026867806445807,0.0035119331441819,0.0173891521990299,0.0261260941624641,-0.0072219362482428,-0.0086335493251681,0.0077594490721821,0.0364085249602794,0.001684304443188,-0.0064377402886748,-0.0012010385980829,0.0052387723699212,-0.0002405516133876,-0.0193411726504564,-0.0038489259313791,-0.0439179539680481,-0.0019318526610732,-0.0097281876951456,-0.004839118104428,0.0005725868395529,0.008266475982964,-0.0110418852418661,0.0113334311172366,0.0022700910922139,-0.0767762884497642,-0.040304996073246,-0.0069731520488858,-0.0051476191729307,0.0392717383801937,-0.0136290313675999,0.0097597446292638,0.0135427955538034,-0.0176942050457,0.0019476822344586,-0.0237765223412087,0.0036231117815772,-0.0306883281097354,-0.0107143734750498,0.0091236352606027,-0.0046987833200139,0.0221178641096446,0.0685459160301193,0.0533591527641936,0.1880567078401713,0.1155654046673724,-0.0246478858302963,2019-02-07,2019-02-08,2019-02-11,2019-02-12,2019-02-13,2019-02-14,2019-02-15,2019-02-19,2019-02-20,2019-02-21,84621.0,2019-02-06,252.0,0.4443%,-0.0005,1.0977,0.2631,-0.2317,1.4488%,1.9331%,43.8276%,0.0069489999999999,LOGI,84621.0,2019-02-07,252.0,-1.7694%,-0.0005,1.109,0.2512,-0.2317,1.4454%,1.9363%,44.2770%,-0.00634,LOGI,84621.0,2019-02-08,252.0,-0.6192%,-0.0004,1.1102,0.2618,-0.2196,1.4452%,1.9350%,44.2162%,-0.009014,LOGI,84621.0,2019-02-11,252.0,-0.7080%,-0.0006,1.1286,0.2314,-0.2264,1.4430%,1.9291%,44.0450%,-0.009957,LOGI,84621.0,2019-02-12,252.0,3.6509%,-0.0004,1.1507,0.2187,-0.2128,1.4442%,1.9425%,44.7208%,0.0206289999999999,LOGI,84621.0,2019-02-13,252.0,0.4403%,-0.0004,1.1545,0.2128,-0.2135,1.4434%,1.9422%,44.7656%,0.001099,LOGI,84621.0,2019-02-14,252.0,0.2192%,-0.0004,1.1535,0.2139,-0.214,1.4429%,1.9410%,44.7431%,0.0021709999999999,LOGI,84621.0,2019-02-15,252.0,1.0935%,-0.0004,1.1413,0.2028,-0.234,1.4403%,1.9328%,44.4713%,-0.001707,LOGI,84621.0,2019-02-19,252.0,-0.6490%,-0.0005,1.1336,0.2062,-0.2295,1.4361%,1.9214%,44.1353%,-0.008645,LOGI,84621.0,2019-02-20,252.0,0.5988%,-0.0005,1.1349,0.2087,-0.2249,1.4364%,1.9218%,44.1303%,0.004543,LOGI,84621.0,2019-02-21,252.0,0.0271%,-0.0004,1.1276,0.1948,-0.2383,1.4325%,1.9153%,44.0629%,0.003999,LOGI,0.0006089999999999,-0.008405,-0.018362,0.0033659999999999,0.0037269999999999
26603,LIGHTBRIDGE CORP,Lightbridge Wins Patent In China For CANDU Metallic Nuclear Fuel Assembly,6,increase,0.7,0.6,"winning a patent in china for a specialized nuclear fuel assembly could enhance lightbridge corp's market position and potential revenue, likely leading to an increase in stock price.",2,2019-02-06,LTBR,2019-02-06 14:05:00+00:00,93083.0,53224K30,0.0163934268057346,222325.0,-0.03258066624403,-0.0615384057164192,-0.0103368051350116,-0.0298508051782846,0.0107817538082599,0.0001493007875978,0.0176666174083948,-0.0244648121297359,0.0417720600962638,-0.0076589388772845,-0.0394682846963405,0.0028985133394598,0.0266776140779256,-0.023354560136795,0.0011158885899931,0.049465212970972,-0.0296179074794054,0.0237226672470569,-0.0369215272367,-0.0853963792324066,0.008689746260643,-0.0257452502846717,0.0037162287626415,0.0040815798565745,-0.0104342233389616,0.002496066968888,0.018537450581789,0.0374557040631771,0.0058440216816961,0.0623872987926006,0.0179282929748296,-0.0495784804224968,0.0094585921615362,0.0282062105834484,0.0117931496351957,-0.0233859717845916,-0.0161264687776565,0.0130813997238874,-0.0056799496524035,0.0268656816333532,-0.020727863535285,0.0653522461652755,0.0,0.0102048860862851,0.0248332805931568,0.0919960737228393,-0.0182143617421388,0.0460550300776958,0.0102700274437665,-0.0271330960094928,-0.0044269082136452,0.018545389175415,-0.0288208872079849,-0.0001818152813939,-0.0171273648738861,-0.0310022886842489,0.0182885285466909,-0.0616528764367103,0.0403253398835659,0.0004960974911227,-0.0358306430280208,-0.0086885001510381,-0.0204391572624445,-0.0172385815531015,-0.0601828023791313,-0.0538109987974166,0.0089907860383391,0.0015267889248207,0.0001818814198486,0.0076923007145524,0.0010908733820542,-0.0793201103806495,0.1875408291816711,0.0012763729318976,0.1317407935857773,-0.0139840450137853,0.0314864739775657,-0.0509621687233448,0.0842394903302192,0.0033288917038589,0.0346785821020603,-0.0183006525039672,0.0249912124127149,-0.0437500327825546,0.0380312539637088,0.0167767982929945,-0.0706633776426315,-0.0403707176446914,0.0157080441713333,0.0248749554157257,-0.0232558604329824,0.0069226161576807,0.0476190745830535,0.0247645638883113,-0.0077272681519389,0.0337333679199218,-0.0108795538544654,-0.0131578827276825,-0.0043996470049023,0.0,-0.0118618719279766,0.0160427335649728,0.0943862795829773,0.0108108324930071,0.0537692345678806,-0.0572047382593154,-0.0305133331567049,-0.076588250696659,0.0525263100862503,-0.0229884833097457,0.0401039905846118,-0.0114759765565395,-0.0576922558248043,-0.0477169305086135,0.0002040546678472,0.0156043646857142,-0.0029585843440145,-0.0165351517498493,-0.0125857098028063,0.0164780672639608,-0.03258066624403,-0.0615384057164192,-0.0425806913809082,-0.0895522399346807,-0.0322580321041027,-0.0894163093670362,0.025977436145125,-0.1184970529515636,-0.0533871090538691,-0.1515994018732711,-0.0096773886476784,0.0087646534563183,0.5564515500676324,-0.3298912426307806,2019-02-07,2019-02-08,2019-02-11,2019-02-12,2019-02-13,2019-02-14,2019-02-15,2019-02-19,2019-02-20,2019-02-21,93083.0,2019-02-06,252.0,1.6393%,-0.0037,0.4853,1.0792,0.412,3.1989%,3.2741%,4.5410%,0.017349,LTBR,93083.0,2019-02-07,252.0,-3.2581%,-0.004,0.4612,1.1207,0.4014,3.1854%,3.2613%,4.6025%,-0.028371,LTBR,93083.0,2019-02-08,252.0,-1.0337%,-0.0038,0.4603,1.1763,0.4344,3.1630%,3.2433%,4.8893%,-0.008643,LTBR,93083.0,2019-02-11,252.0,1.0782%,-0.0035,0.3603,1.2782,0.4371,3.1244%,3.2039%,4.9035%,0.001274,LTBR,93083.0,2019-02-12,252.0,1.7667%,-0.0032,0.3951,1.2458,0.4607,3.1134%,3.1934%,4.9503%,0.013153,LTBR,93083.0,2019-02-13,252.0,4.1772%,-0.0031,0.4024,1.251,0.472,3.1250%,3.2059%,4.9828%,0.039496,LTBR,93083.0,2019-02-14,252.0,-3.9468%,-0.0033,0.4093,1.2283,0.5006,3.1271%,3.2061%,4.8715%,-0.042491,LTBR,93083.0,2019-02-15,252.0,2.6678%,-0.003,0.4612,1.2771,0.5878,3.1151%,3.2041%,5.4787%,0.016479,LTBR,93083.0,2019-02-19,252.0,0.1116%,-0.0029,0.4702,1.2624,0.5705,3.1093%,3.1986%,5.5070%,-0.0053269999999999,LTBR,93083.0,2019-02-20,252.0,-2.9618%,-0.003,0.4618,1.2478,0.5416,3.1159%,3.2030%,5.3642%,-0.036526,LTBR,93083.0,2019-02-21,252.0,-3.6922%,-0.0033,0.4829,1.2842,0.5806,3.1117%,3.2043%,5.6972%,-0.033194,LTBR,-0.011022,-0.019665,-0.018391,0.034258,-0.066801
26611,MALIBU BOATS INC,"Malibu Boats Q2 Adj. EPS $0.86 Beats $0.74 Estimate, Sales $165.8M Beat $149.83M Estimate",6,increase,0.85,0.7,"the company's adjusted eps and sales both exceeded analyst estimates, which typically signals strong performance and can lead to a positive reaction in the stock price.",2,2019-02-06,MBUU,2019-02-06 12:12:00+00:00,14434.0,56117J10,0.0543071068823337,765924.0,-0.0059946812689304,0.031136879697442,-0.0071476367302238,0.0104878125712275,0.0047243889421224,0.0110974293202161,-0.0373935997486114,0.0109697990119457,-0.0141893597319722,0.0167300347238779,-0.0176970269531011,0.0074055390432477,0.030747028067708,0.0118862809613347,0.0274994242936372,0.0112359626218676,0.0052165919914841,0.0332073308527469,0.0236913189291954,-0.0336551219224929,0.0138858519494533,-0.0149061428382992,0.0091303950175642,0.0059462133795022,-0.0051701394841074,-0.0028357980772852,-0.00151580106467,0.0149136492982506,0.002168693812564,0.0178429298102855,0.0054100845009088,-0.0342078655958175,0.0019371535163372,0.0172684416174888,0.0075188460759818,0.0005235722055658,-0.0113006941974163,0.0482986345887184,-0.0194090511649847,0.0204424411058425,-0.0391467474400997,0.0326777659356594,0.032043982297182,0.0462935753166675,-0.0141938207671046,-0.051649909466505,-0.0013498621992766,0.0014367597177624,-0.0168956983834505,-0.0005743957008235,-0.0380384922027587,0.0208149831742048,0.0,0.0035304185003042,-0.0314435362815856,0.0435984656214714,-0.0435317382216453,-0.0106317894533276,0.0205708220601081,-0.0283353850245475,-0.063240073621273,0.0026635143440216,0.0486821234226226,-0.032913502305746,0.0025647210422903,-0.0448333285748958,0.0204655732959508,-0.0528222993016243,0.0092754811048507,0.023588640615344,-0.0168901272118091,-0.0418994799256324,0.0133905699476599,0.0094848182052373,0.0017451930325478,-0.0061146924272179,-0.0119462301954627,-0.0236318595707416,0.0178841073065996,-0.0561164431273937,0.0111358761787414,-0.0267367046326398,-0.0004894874291494,-0.1019905880093575,-0.036728698760271,0.0064023416489362,0.0162684135138988,0.0243282783776521,0.003751914249733,0.0115557657554745,-0.0024919582065194,0.0229859724640846,0.0069948188029229,-0.0370994582772254,0.0270404387265443,0.0349039807915687,-0.0149759110063314,0.0046022152528166,-0.0009808018803596,0.0413053706288337,0.0054000341333448,-0.0132852997630834,0.0224609859287738,-0.0412348844110965,0.0506207942962646,-0.0382059849798679,-0.0522727109491825,-0.0074196332134306,0.0282973684370517,-0.0039006082806736,0.0009327681618742,0.0066129304468631,-0.0302888937294483,0.0249947123229503,0.0019221968250349,-0.0601234436035156,0.0290167648345232,0.0274084713310003,-0.0018643210642039,-0.0008175130933523,-0.0059946812689304,0.031136879697442,-0.0130994701951305,0.0419512500269891,-0.0084369682451456,0.0535142303792746,-0.0590586092775249,0.082889745722954,0.0073267773292533,0.1145316799572704,-0.1187833489242303,0.2609208987582607,-0.0490674775764513,-0.1269159834761982,2019-02-07,2019-02-08,2019-02-11,2019-02-12,2019-02-13,2019-02-14,2019-02-15,2019-02-19,2019-02-20,2019-02-21,14434.0,2019-02-06,252.0,5.4307%,0.0017,1.1255,1.6794,0.302,2.6689%,3.0355%,22.6974%,0.056624,MBUU,14434.0,2019-02-07,252.0,-0.5995%,0.0017,1.1315,1.6702,0.3039,2.6679%,3.0359%,22.7730%,0.0053779999999999,MBUU,14434.0,2019-02-08,252.0,-0.7148%,0.0017,1.1331,1.6712,0.311,2.6685%,3.0362%,22.7552%,-0.007004,MBUU,14434.0,2019-02-11,252.0,0.4724%,0.0017,1.1203,1.6692,0.3033,2.6687%,3.0282%,22.3341%,-0.008707,MBUU,14434.0,2019-02-12,252.0,-3.7394%,0.0011,1.0294,1.7458,0.2431,2.6041%,2.9555%,22.3629%,-0.052549,MBUU,14434.0,2019-02-13,252.0,-1.4189%,0.001,1.0285,1.7396,0.2373,2.6069%,2.9571%,22.2855%,-0.018389,MBUU,14434.0,2019-02-14,252.0,-1.7697%,0.0008,1.0329,1.7256,0.2547,2.6084%,2.9559%,22.1307%,-0.023307,MBUU,14434.0,2019-02-15,252.0,3.0747%,0.0009,1.0494,1.7418,0.2833,2.6088%,2.9609%,22.3691%,0.013439,MBUU,14434.0,2019-02-19,252.0,2.7499%,0.0011,1.0628,1.7397,0.2798,2.6042%,2.9621%,22.7053%,0.019504,MBUU,14434.0,2019-02-20,252.0,0.5217%,0.0011,1.0612,1.7329,0.2731,2.6039%,2.9609%,22.6597%,-0.0022689999999999,MBUU,14434.0,2019-02-21,252.0,2.3691%,0.0012,1.0526,1.7216,0.2572,2.6097%,2.9616%,22.3539%,0.029359,MBUU,0.062002,0.054998,0.046291,-0.0246469999999999,0.012079
26619,MOELIS & CO,"Moelis & Company Q4 EPS $0.77 Beats $0.67 Estimate, Sales $238.3M Beat $226.54M Estimate",6,increase,0.8,0.6,"the company reported better-than-expected earnings and sales, which typically leads to positive investor sentiment and an increase in stock price.",2,2019-02-06,MC,2019-02-06 21:18:00+00:00,14574.0,60786M10,-0.0051802555099129,602899.0,0.0649762898683548,-0.0069335172884166,-0.0172194167971611,0.0058492310345172,0.0021631470881402,0.0160000175237655,0.0166198275983333,-0.0052296393550932,-0.0021231099963188,0.0343367606401443,-0.0176596138626337,-0.0388788692653179,0.021875724196434,0.0100457184016704,-0.0044023939408361,0.0183678437024354,0.0141498874872922,0.0204032454639673,-0.0189666226506233,0.0074092107824981,-0.004666646476835,-0.0290090516209602,0.0008930768817663,0.0313547477126121,-0.0028998674824833,0.0103990407660603,0.0111856823787093,0.0436648055911064,-0.0130531005561351,0.026956895366311,0.0165881607681512,0.0139291090890765,-0.004851100500673,0.0039577232673764,-0.0077554238960146,0.0218388065695762,-0.0185350161045789,0.0192360747605562,-0.0104664182290434,0.0144968070089817,0.0006897856364957,-0.0093896761536598,0.0110294008627533,0.0474399589002132,-0.0013636675430461,-0.0250986870378255,-0.001820619450882,0.0314135551452636,-0.022343810647726,0.0002910135663114,-0.0163246449083089,0.0129678342491388,0.0189663171768188,-0.023877965286374,-0.0044206287711858,0.0546116270124912,-0.0207992382347583,-0.0155316749587655,0.0059665869921445,-0.0094674471765756,-0.044602632522583,-0.0208575092256069,0.0047181183472275,-0.0435023456811904,0.0486900955438613,-0.0011071384651586,0.0082488441839814,-0.0098657328635454,-0.0163627155125141,-0.0095005016773939,-0.0111692296341061,-0.0292490273714065,0.037971593439579,-0.001315769390203,-0.0041676387190818,-0.0101588796824216,-0.0192977916449308,-0.0074974382296204,-0.0056899399496614,-0.007950791157782,-0.008106823079288,0.0067131975665688,-0.0502403900027275,-0.0723353400826454,-0.0124018704518675,0.0329045504331588,-0.0007688052137382,0.0077286851592361,-0.0407796874642372,-0.0054550264030694,0.0262031946331262,0.0262087173759937,-0.0015633499715477,-0.0262636616826057,0.0232254546135664,0.0138156041502952,0.0081611759960651,-0.0059924563392996,0.0096129793673753,0.0240347385406494,-0.0005011390312574,-0.0321702361106872,0.0177989248186349,-0.0172665156424045,-0.0088669164106249,-0.0079614436253905,0.018886636942625,0.0323785617947578,0.0075610089115798,-0.0071710464544594,0.0237230584025383,-0.0129363574087619,-0.0316859818994998,-0.0337264202535152,-0.0649572610855102,-0.0201062839478254,-0.0169757511466741,0.0018523230683058,0.003719431348145,-0.0039207097142934,0.0649762898683548,-0.0069335172884166,0.0466380192540172,-0.0011248419984011,0.0489020512377034,0.0148571780336785,0.0640706768003684,0.0442145122401975,0.0580357212413713,0.0611855024700314,-0.008973172455416,0.3136095340969029,-0.1117202595762476,0.0239852575922048,2019-02-07,2019-02-08,2019-02-11,2019-02-12,2019-02-13,2019-02-14,2019-02-15,2019-02-19,2019-02-20,2019-02-21,14574.0,2019-02-06,252.0,-0.5180%,0.0001,1.1774,0.9908,0.7585,1.7037%,2.1069%,34.6168%,-0.0031609999999999,MC,14574.0,2019-02-07,252.0,6.4976%,0.0004,1.165,0.9747,0.7777,1.7647%,2.1461%,32.3850%,0.074155,MC,14574.0,2019-02-08,252.0,-1.7219%,0.0004,1.1674,0.9769,0.7893,1.7669%,2.1488%,32.3927%,-0.013489,MC,14574.0,2019-02-11,252.0,0.2163%,0.0,1.2666,0.8715,0.7843,1.6974%,2.1300%,36.4983%,-0.007834,MC,14574.0,2019-02-12,252.0,1.6620%,0.0001,1.2742,0.8622,0.7899,1.6955%,2.1325%,36.7869%,0.000453,MC,14574.0,2019-02-13,252.0,-0.2123%,0.0001,1.277,0.8546,0.7868,1.6952%,2.1325%,36.8050%,-0.006861,MC,14574.0,2019-02-14,252.0,-1.7660%,-0.0,1.2799,0.8461,0.7972,1.6968%,2.1340%,36.7809%,-0.014958,MC,14574.0,2019-02-15,252.0,2.1876%,0.0,1.2887,0.8542,0.8117,1.6957%,2.1361%,36.9799%,0.001371,MC,14574.0,2019-02-19,252.0,-0.4402%,-0.0,1.2857,0.8476,0.8046,1.6973%,2.1351%,36.8024%,-0.0118629999999999,MC,14574.0,2019-02-20,252.0,1.4150%,0.0,1.2869,0.849,0.8086,1.6976%,2.1364%,36.8622%,0.005317,MC,14574.0,2019-02-21,252.0,-1.8967%,-0.0001,1.2957,0.8643,0.8248,1.6959%,2.1396%,37.1786%,-0.011851,MC,0.070994,0.057505,0.049671,0.043263,0.011279
26627,MCDONALDS CORP,"""These are extraordinary times for @McDonalds, and it appears the current CEO is in denial of the realities of the business.  Until changes are made at the top, $MCD 's operating performance will continue to disappoint..."" -Hedgeye Tweets",6,decrease,0.8,0.7,"the negative sentiment expressed about the ceo's performance and the company's operating results is likely to lead to a decrease in investor confidence, which can negatively impact the stock price.",0,2019-02-06,MCD,2019-02-06 16:39:00+00:00,43449.0,58013510,-0.0078279813751578,3965233.0,-0.005108377430588,0.0001126683855545,-0.0030237263999879,0.0046967058442533,-0.0028040371835231,-0.0115225277841091,-0.0016641415422782,-0.0164493881165981,0.0010346190538257,-0.0021957177668809,0.0098765501752495,-0.0077887140214443,0.0233127102255821,-0.0021738798823207,-0.0040006735362112,-0.0179857779294252,0.0069177434779703,0.0068783857859671,0.0128538534045219,0.0082352980971336,0.0019692610949277,0.0109547022730112,-0.0030572558753192,0.0080614360049366,0.0032857242040336,0.0098131829872727,0.0008186992490664,-0.0092254895716905,0.0089441305026412,-0.0011036141077056,0.006581847090274,-0.0063058282248675,-0.0241016298532486,0.0045166183263063,0.0042084818705916,0.0069887950085103,0.0037496148142963,-0.0017165715107694,-0.0082953060045838,0.0021085611078888,-0.0056503671221435,0.0108817731961607,0.0088022388517856,0.0193253569304943,0.0041418159380555,-0.0065886839292943,0.0012648942647501,-0.0085037434473633,0.003735075937584,0.0114491330459713,0.0141731221228838,-0.0008537314133718,-0.0074462033808231,0.009653553366661,-0.0045664384961128,0.0220225509256124,0.0101578319445252,-0.0222221948206424,0.0075687617063522,0.0027061332948505,0.002360908081755,-0.0305872447788715,-0.0058347857557237,-0.0030605031643062,0.0094766020774841,-0.00597370788455,0.0001600105606485,-0.0136395879089832,0.0100261578336358,-0.0168427806347608,0.0026928270235657,0.0160780306905508,-0.0079515250399708,-0.0005991645157337,-0.0002122898586094,-0.0057405773550271,0.0,0.0092369215562939,0.0080700237303972,-0.0134267471730709,0.0044241407886147,0.0022157570347189,-0.0045094676315784,-0.0017802332295104,0.0012114602141082,-0.0166569389402866,-0.0045244139619171,0.0021663319785147,-0.0017968309111893,0.0075059267692267,0.0144006833434104,0.0174402929842472,0.0013048016699031,0.004024174530059,-0.0007819085149094,0.0107734119519591,-0.0004694644594565,-0.0043236017227172,0.017222499474883,-0.0053889579139649,-0.0050792954862117,-0.0161203648895025,0.0069100470282137,-0.0046377480030059,0.012137715704739,0.0219546686857938,0.0015179263427853,-0.0015774192288517,-0.0025766408070921,-0.0008694549906067,-0.0015196183230727,-0.00195259868633,0.0022829354275017,-0.0084436228498816,-0.0172091368585825,0.0024800880346447,0.0022660680115222,0.0066756890155375,0.0149530014023184,0.0084286201745271,-0.005108377430588,0.0001126683855545,-0.0081166574948779,0.0048099034000728,-0.0108979352689796,-0.0067680466296025,-0.0115223002511026,-0.0252510878030611,0.0376319971440233,-0.0379259873702498,0.064513378344551,0.0223975987888074,0.1282003120273054,-0.0221515966409452,2019-02-07,2019-02-08,2019-02-11,2019-02-12,2019-02-13,2019-02-14,2019-02-15,2019-02-19,2019-02-20,2019-02-21,43449.0,2019-02-06,252.0,-0.7828%,0.0004,0.4767,-0.4897,0.1656,1.1628%,1.2925%,19.0634%,-0.007024,MCD,43449.0,2019-02-07,252.0,-0.5108%,0.0004,0.4788,-0.4914,0.1653,1.1628%,1.2921%,19.0108%,-0.002058,MCD,43449.0,2019-02-08,252.0,-0.3024%,0.0004,0.4794,-0.497,0.1642,1.1621%,1.2922%,19.1146%,-0.002169,MCD,43449.0,2019-02-11,252.0,-0.2804%,0.0005,0.4522,-0.4726,0.1632,1.1546%,1.2660%,16.8209%,-0.000673,MCD,43449.0,2019-02-12,252.0,-0.1664%,0.0004,0.4469,-0.4716,0.1603,1.1556%,1.2642%,16.4312%,-0.0075429999999999,MCD,43449.0,2019-02-13,252.0,0.1035%,0.0004,0.4417,-0.4631,0.1617,1.1535%,1.2586%,15.9947%,-0.000146,MCD,43449.0,2019-02-14,252.0,0.9877%,0.0005,0.4392,-0.4553,0.152,1.1549%,1.2585%,15.7875%,0.01405,MCD,43449.0,2019-02-15,252.0,2.3313%,0.0006,0.4693,-0.4263,0.2034,1.1519%,1.2629%,16.8012%,0.0186579999999999,MCD,43449.0,2019-02-19,252.0,-0.4001%,0.0006,0.4685,-0.4297,0.1997,1.1524%,1.2630%,16.7467%,-0.004366,MCD,43449.0,2019-02-20,252.0,0.6918%,0.0007,0.4716,-0.4147,0.2129,1.1470%,1.2577%,16.8288%,0.005775,MCD,43449.0,2019-02-21,252.0,1.2854%,0.0008,0.4674,-0.4203,0.205,1.1502%,1.2597%,16.6210%,0.014698,MCD,-0.009082,-0.011251,-0.011924,-0.019613,0.029202
26635,ISHARES TRUST,'A Look Inside Can Prove Meaningful': Queries Warranted With China ETFs,6,uncertain,0.6,0.3,"the mention of queries regarding china etfs suggests potential concerns or scrutiny, which could lead to mixed investor sentiment affecting ishares trust's stock price.",1,2019-02-06,MCHI,2019-02-06 16:55:00+00:00,12628.0,46429B67,-0.0102989850565791,4376790.0,-0.0146022615954279,0.0182679612189531,0.001021995791234,0.0028837686404585,0.0030627923551946,-0.0060698129236698,0.0037319322582334,0.0126344831660389,0.005577181931585,0.0209168698638677,-0.0048739649355411,-0.0003485007619019,-0.0069245034828782,-0.0077800960280001,0.012585062533617,0.0179514344781637,0.0062142917886376,0.0131953964009881,-0.0021699394565075,0.0073648942634463,0.0192372296005487,-0.0258968211710453,0.0183817315846681,0.0124003672972321,-0.0033843526616692,0.0065080090425908,-0.011804649606347,0.0147457681596279,-0.0065455986186861,0.0119004305452108,0.0082358755171298,-0.0119392164051532,0.0106192054226994,-0.0066487463191151,0.0161655340343713,0.0081521878018975,-0.0074769523926079,0.0224115401506424,-0.0274082235991954,0.0076521057635545,-0.0176334828138351,0.0096099898219108,0.0256668142974376,0.040588229894638,0.0085050780326128,-0.0254156664013862,-0.0038923399988561,-0.0055111576803028,-0.0061868652701377,-0.0030314484611153,0.0129423476755619,0.002469083527103,0.0135855786502361,-0.0056657078675925,0.0031913318671286,0.0255665238946676,-0.0028630555607378,-0.0082597061991691,0.0014356381725519,-0.0068675470538437,-0.0307422801852226,-0.00133365415968,0.0016434229910373,-0.0203434135764837,-0.0001641039561945,-0.0067084156908094,-0.0008204666664823,-0.019794825464487,0.0060765137895941,-0.0140170492231845,0.0190989561378955,0.0044555338099598,0.0147364754229784,0.0119026117026805,-0.0036306164693087,0.0081818317994475,0.0066540241241455,-0.0065029012039303,0.0102298008278012,-0.0177430808544158,0.0113724209368228,-0.0184604246169328,-0.0010782454628497,-0.0191322639584541,-0.0004625871952157,0.0184412207454443,0.0021598178427666,0.0159066393971443,-0.013238925486803,-0.0192407146096229,0.0145085854455828,0.027060717344284,-0.0159157291054725,0.0019621262326836,0.0113290464505553,0.0235530566424131,0.0023176996037364,-0.0113718602806329,0.0003082571784034,0.0238403417170047,-0.0078594870865345,-0.0206334739923477,0.0004660827980842,-0.0212577637284994,-0.0130415139719843,0.0008865112904459,-0.0048765358515083,0.0239651352167129,0.0047423816286027,0.0095308003947138,0.002517303917557,0.0246009640395641,-0.0031387438066303,-0.0127919660881161,-0.0017317476449534,-0.0281081330031156,0.0011039220262318,-0.0303983520716428,0.0173283293843269,0.0247046370059251,-0.0146022615954279,0.0182679612189531,-0.0135951892540869,0.0212044104330999,-0.0105740361406071,0.0150058907049444,-0.0013427632799559,0.0493289511759642,0.0033567796281457,0.0813724235324624,0.0537092456692007,0.1484166882020634,0.0839207792015472,0.0882457381468464,2019-02-07,2019-02-08,2019-02-11,2019-02-12,2019-02-13,2019-02-14,2019-02-15,2019-02-19,2019-02-20,2019-02-21,12628.0,2019-02-06,252.0,-1.0299%,-0.0008,1.0559,-0.0271,-0.2258,1.1129%,1.6498%,54.4975%,-0.007951,MCHI,12628.0,2019-02-07,252.0,-1.4602%,-0.0008,1.0548,-0.0244,-0.2268,1.1129%,1.6468%,54.3306%,-0.004037,MCHI,12628.0,2019-02-08,252.0,0.1022%,-0.0007,1.0541,0.0061,-0.2101,1.0929%,1.6293%,55.0038%,-0.00158,MCHI,12628.0,2019-02-11,252.0,0.3063%,-0.0006,1.0518,0.0117,-0.2082,1.0930%,1.6076%,53.7768%,0.00193,MCHI,12628.0,2019-02-12,252.0,0.3732%,-0.0007,1.0503,0.0062,-0.208,1.0941%,1.6072%,53.6548%,-0.011029,MCHI,12628.0,2019-02-13,252.0,0.5577%,-0.0007,1.0492,0.0093,-0.2066,1.0941%,1.6036%,53.4495%,0.002678,MCHI,12628.0,2019-02-14,252.0,-0.4874%,-0.0007,1.0495,0.0072,-0.2035,1.0933%,1.6024%,53.4468%,-0.004017,MCHI,12628.0,2019-02-15,252.0,-0.6925%,-0.0009,1.0238,-0.0178,-0.2477,1.0929%,1.5903%,52.7671%,-0.017925,MCHI,12628.0,2019-02-19,252.0,1.2585%,-0.0008,1.0225,-0.005,-0.2333,1.0930%,1.5842%,52.3961%,0.011335,MCHI,12628.0,2019-02-20,252.0,0.6214%,-0.0008,1.0247,0.0013,-0.2254,1.0935%,1.5845%,52.3782%,0.0054659999999999,MCHI,12628.0,2019-02-21,252.0,-0.2170%,-0.0008,1.0235,-0.0006,-0.2275,1.0934%,1.5838%,52.3327%,0.001004,MCHI,-0.0119879999999999,-0.0135679999999999,-0.0116379999999999,-0.019989,-0.0241259999999999
26643,MICROCHIP TECHNOLOGY INC,Microchip Technology shares are trading higher after the company reported Q3 EPS of $1.66 versus the $1.57 estimate and in-line revenue.,6,increase,0.8,0.6,the better-than-expected eps report is likely to boost investor confidence and drive the stock price higher.,2,2019-02-06,MCHP,2019-02-06 13:57:00+00:00,78987.0,59501710,0.0729216709733009,10135983.0,-0.0138841997832059,0.0079922014847397,-0.0074939937330782,0.0086722737178206,0.0177324712276458,0.0186636801809072,0.0286646038293838,-0.001490807859227,-0.0034968822728842,0.0125801991671323,-0.0064700511284172,-0.0094704320654273,0.0055187637917697,-0.0047128521837294,-0.0045005055144429,0.0279193613678216,-0.0074429474771022,0.0548682324588298,-0.0072504351846873,-0.010907151736319,0.0004494484746828,-0.031684685498476,0.0086477613076567,0.0195666160434484,-0.008350963704288,0.0142514603212475,-0.0223444625735282,0.0009332048357464,-0.0022969674319028,0.0103718247264623,0.0203752350062131,-0.0374692007899284,-0.0007897077593952,0.0066561535932123,-0.0146776903420686,0.0101516712456941,-0.0090522896498441,0.0396107360720634,-0.0234737079590559,0.0271716229617595,0.0071048680692911,0.0292710699141025,0.0205761305987834,0.0405609533190727,-0.005760368425399,-0.0704975351691246,-0.0143685452640056,-0.0079254684969782,-0.0124617628753185,0.0039084139280021,0.0249999817460775,0.0020982169080525,-0.0089430501684546,0.0157715361565351,0.0090237502008676,0.0707438588142395,-0.0211382079869508,-0.0332401022315025,0.0367821380496025,-0.0104788420721888,-0.0224307533353567,0.001457491191104,-0.0187309589236974,-0.0489326156675815,0.0051300441846251,0.0130599681288003,-0.0341839455068111,-0.0060022375546395,-0.0027037139516323,-0.010907094925642,0.0223043449223041,-0.0156292673200368,0.0542430095374584,0.0191136412322521,0.0029728119261562,0.0041723977774381,0.0294117853045463,0.0233418643474578,0.0107418997213244,-0.0427792817354202,0.0180782470852136,-0.0145005611702799,0.0122686121612787,-0.0421810522675514,-0.0123325120657682,0.0368000268936157,0.0145317381247878,0.0077936286106705,-0.0029708093497902,-0.0193701572716236,0.0147919477894902,0.0295753665268421,0.0025167560670524,-0.0268022026866674,0.0226987265050411,0.0189694073051214,0.0153421303257346,0.0182192027568817,-0.0056411563418805,0.0,-0.0112450672313571,-0.0069774943403899,0.0057377582415938,-0.0228806156665086,0.0069273905828595,0.0034505925141274,-0.0137595413252711,0.0462371855974197,0.0095404209569096,0.0163702517747879,0.0031500614713877,0.0172264836728572,0.0118516832590103,-0.0342436395585537,-0.0093102445825934,-0.0311618503183126,0.0117219453677535,0.0590326264500618,0.0062924213707447,0.0038555515930056,-0.0138841997832059,0.0079922014847397,-0.02127414541012,0.016733785761444,-0.0039189173538518,0.0357097799680186,0.0210503300564124,0.0471757466149449,0.0005862281426696,0.1072093300464771,-0.017626716822388,0.2114684728843414,0.1326860985781259,0.1945684543987578,2019-02-07,2019-02-08,2019-02-11,2019-02-12,2019-02-13,2019-02-14,2019-02-15,2019-02-19,2019-02-20,2019-02-21,78987.0,2019-02-06,252.0,7.2922%,-0.0001,1.2883,0.4618,-0.2938,1.8006%,2.3589%,41.7313%,0.075907,MCHP,78987.0,2019-02-07,252.0,-1.3884%,-0.0001,1.284,0.4673,-0.2945,1.8000%,2.3545%,41.5554%,-0.000257,MCHP,78987.0,2019-02-08,252.0,-0.7494%,0.0002,1.2832,0.5568,-0.2388,1.6977%,2.2717%,44.1504%,-0.0110149999999999,MCHP,78987.0,2019-02-11,252.0,1.7732%,0.0002,1.2954,0.5622,-0.2295,1.6989%,2.2623%,43.6075%,0.0127099999999999,MCHP,78987.0,2019-02-12,252.0,2.8665%,0.0003,1.3008,0.5627,-0.2268,1.7001%,2.2675%,43.7869%,0.010445,MCHP,78987.0,2019-02-13,252.0,-0.3497%,0.0002,1.2958,0.5681,-0.2277,1.6999%,2.2627%,43.5590%,-0.007418,MCHP,78987.0,2019-02-14,252.0,-0.6470%,0.0003,1.2999,0.5647,-0.2276,1.6888%,2.2566%,43.9961%,-0.008123,MCHP,78987.0,2019-02-15,252.0,0.5519%,0.0003,1.2959,0.5601,-0.2354,1.6898%,2.2544%,43.8170%,-0.009589,MCHP,78987.0,2019-02-19,252.0,-0.4501%,0.0003,1.2985,0.5491,-0.2479,1.6885%,2.2546%,43.9130%,-0.007981,MCHP,78987.0,2019-02-20,252.0,-0.7443%,0.0002,1.2948,0.5371,-0.2619,1.6887%,2.2542%,43.8768%,-0.009855,MCHP,78987.0,2019-02-21,252.0,-0.7250%,0.0001,1.3067,0.5606,-0.2402,1.6775%,2.2507%,44.4539%,-0.002786,MCHP,0.07565,0.064635,0.077345,0.080372,0.042038
26651,METLIFE INC,"MetLife Q4 Adj. EPS $1.35 Beats $1.29 Estimate, Sales $15.66M Miss $15.93B Estimate",6,uncertain,0.6,0.3,"while metlife's adjusted eps beat estimates, the significant miss in sales could lead to mixed investor reactions, making the overall impact on stock price uncertain.",1,2019-02-06,MET,2019-02-06 21:16:00+00:00,87842.0,59156R10,0.0,6372761.0,-0.0371681489050388,0.0008857598877511,-0.0186121631413698,0.000878324965015,0.0133458133786916,-0.0028464475180953,0.023798581212759,0.0097280265763401,-0.0020311474800109,0.0082478579133749,-0.0094980094581842,-0.0059827268123626,0.0242009442299604,-0.0074774608947336,-0.0026749649550765,0.009995574131608,0.0069288676604628,0.0121403085067868,-0.0064373123459517,-0.008691762574017,-0.0004467525286599,-0.0097109340131282,0.0116226337850093,0.0057714125141501,-0.0134776141494512,0.0040115960873663,0.0078387111425399,0.018383964896202,0.0042221918702125,0.0020468535367399,0.0079663777723908,0.0057182065211236,0.0024149420205503,0.0080701475962996,-0.0024091242812573,-0.0029885303229093,-0.0133918905630707,0.017068026587367,-0.0137961497530341,0.0051704165525734,-0.0036101047880947,0.0063860090449452,0.0092844171449542,0.0344996303319931,0.0,-0.0191984474658966,0.0029167840257287,0.0148562295362353,0.0031319772824645,0.0108321625739336,0.010481740348041,-0.0080586522817611,0.0090487711131572,0.0189102310687303,-0.0148731470108032,0.0509936399757862,-0.0368561223149299,-0.0100957639515399,-0.0036883319262415,-0.0182972662150859,-0.0330865383148193,0.0028031801339238,0.0019142860546708,-0.0095910467207431,0.0140912383794784,0.0190328657627105,0.000942084705457,-0.0002570923534221,-0.0007058536284603,-0.015941321849823,0.0023545671720057,-0.0012635642196983,0.03664555773139,0.0086668403819203,-0.0045320815406739,-0.0095935640856623,0.0059184683486819,-0.0251046139746904,0.0124463243409991,-0.0131162768229842,0.0071524293161928,-0.0294672343879938,-0.0011096992529928,-0.0535475574433803,-0.0157742518931627,0.0042571951635181,0.0119639411568641,0.0054066609591245,0.0100378524512052,-0.015524523332715,0.0128092281520366,0.0245399195700883,-0.0133013650774955,0.0050239185802638,0.0207734499126672,0.0231308806687593,-0.0082268295809626,-0.004419689066708,-0.0106963906437158,0.0035014362074434,-0.0024271979928016,-0.0190061386674642,0.0048662070184946,-0.0065969270654022,-0.0110059427097439,-0.0187500044703483,-0.0048965327441692,-0.0053286338225007,0.008722866885364,-0.0092388512566685,0.013747289776802,0.0163201335817575,0.0089676259085536,-0.0101792234927415,-0.0091047473251819,-0.0055017606355249,0.0371910035610199,0.0057547213509678,0.0124446349218487,0.0127773974090814,-0.0371681489050388,0.0008857598877511,-0.0550885323953252,0.0017648628377886,-0.0424779202892876,-0.0010866082697511,-0.0216814069838973,0.016949891671772,-0.0097345697280484,0.0167232858624126,-0.0438052998860546,0.1593487778386428,0.0619468849737776,0.0226490000173411,2019-02-07,2019-02-08,2019-02-11,2019-02-12,2019-02-13,2019-02-14,2019-02-15,2019-02-19,2019-02-20,2019-02-21,87842.0,2019-02-06,252.0,0.0000%,0.0004,1.2702,0.1188,1.2747,0.8988%,1.5606%,66.8320%,0.001762,MET,87842.0,2019-02-07,252.0,-3.7168%,0.0004,1.2851,0.113,1.2682,0.9161%,1.5777%,66.2862%,-0.0302729999999999,MET,87842.0,2019-02-08,252.0,-1.8612%,0.0003,1.2871,0.1134,1.2771,0.9188%,1.5821%,66.2722%,-0.011175,MET,87842.0,2019-02-11,252.0,1.3346%,0.0003,1.284,0.1264,1.2826,0.9197%,1.5610%,65.2873%,0.007758,MET,87842.0,2019-02-12,252.0,2.3799%,0.0004,1.2951,0.1181,1.2897,0.9181%,1.5674%,65.6921%,0.008391,MET,87842.0,2019-02-13,252.0,-0.2031%,0.0005,1.3003,0.1064,1.2859,0.9151%,1.5675%,65.9147%,-0.006731,MET,87842.0,2019-02-14,252.0,-0.9498%,0.0004,1.2997,0.1058,1.2879,0.9123%,1.5666%,66.0898%,3.8e-05,MET,87842.0,2019-02-15,252.0,2.4201%,0.0004,1.2959,0.1027,1.2822,0.9115%,1.5600%,65.8630%,0.002968,MET,87842.0,2019-02-19,252.0,-0.2675%,0.0004,1.2962,0.0935,1.2718,0.9124%,1.5601%,65.7993%,-0.009382,MET,87842.0,2019-02-20,252.0,0.6929%,0.0004,1.2958,0.0948,1.271,0.9120%,1.5607%,65.8489%,-0.002835,MET,87842.0,2019-02-21,252.0,-0.6437%,0.0003,1.3015,0.1067,1.2814,0.9061%,1.5609%,66.2973%,0.001247,MET,-0.0285109999999999,-0.039686,-0.031928,-0.030268,-0.038232
26659,MACROGENICS INC,Hearing Raymond James Upgraded Macrogenics From Underperform To Market Perform; Unconfirmed,6,increase,0.7,0.6,"an upgrade from underperform to market perform by a reputable firm like raymond james generally signals improved outlook and can lead to increased investor confidence, potentially raising the stock price.",2,2019-02-06,MGNX,2019-02-06 19:19:00+00:00,14257.0,55609910,1.304230570793152,25956295.0,-0.1066406071186066,-0.021145436912775,-0.018801936879754,-0.0069991182535886,-0.0476826950907707,-0.0255753826349973,-0.0177819859236478,0.0262466520071029,0.0142925744876265,-0.00953203253448,-0.0079849725589156,0.0167400501668453,0.0340908765792846,-0.0299144815653562,0.0141941150650382,0.0227272938936948,0.0036117348354309,0.003508768742904,-0.0157445073127746,-0.0112749449908733,-0.0306215770542621,-0.0633631721138954,0.0245167594403028,-0.0183412712067365,-0.0409571751952171,-0.0226032715290784,0.0139154996722936,-0.051736868917942,-0.0534784272313118,0.0014803481753915,0.0234999656677246,-0.0552447512745857,-0.0107474019750952,0.031746070832014,-0.0079012271016836,0.0021691781003028,-0.0428073965013027,-0.0308339539915323,-0.0083203250542283,0.0156583823263645,0.0136339925229549,0.0563909783959388,0.022245230153203,0.0555555373430252,-0.006072917021811,-0.0047392942942678,0.0274949558079242,-0.003149603260681,-0.0460852459073066,0.0071372049860656,-0.0062338099814951,0.0015885229222476,-0.0026136559899896,0.0072000119835138,-0.0099580995738506,0.0638297870755195,0.0185283422470092,-0.0033927024342119,0.030145525932312,-0.0552884303033351,-0.0423814430832862,-0.0234741941094398,0.0337197743356227,-0.0281368736177682,0.0163098722696304,-0.0186567176133394,-0.0646941289305687,-0.021183343604207,-0.0611259751021862,-0.0724932700395584,0.0268417652696371,0.0307262949645519,0.0305896084755659,0.0084506962448358,0.0140313124284148,0.0573342889547348,0.0133049488067627,-0.1815965622663498,0.0099789192900061,-0.011445814743638,0.0249609760940074,0.0593490935862064,-0.0172500386834144,-0.0793184712529182,-0.0387196689844131,-0.0110400142148137,-0.0150376297533512,0.0274626314640045,-0.0321701280772686,-0.0423098802566528,-0.0191549379378557,0.0710348933935165,0.0045950561761856,-0.0455874130129814,-0.0348771065473556,-0.0058104870840907,-0.0313980318605899,0.0,-0.0085627706721425,0.0299222040921449,0.0061690551228821,-0.0100710950791835,0.0306560397148132,-0.0359795019030571,-0.0184413734823465,0.0017162864096462,0.0090908855199813,0.0523780174553394,0.0138137862086296,-0.0118976123631,0.0219194814562797,0.0114319268614053,-0.0278260596096515,-0.0426267124712467,0.0005963165313005,-0.04876708984375,0.0333730317652225,0.09939756244421,0.0322952382266521,-0.0113162910565733,-0.1066406071186065,-0.021145436912775,-0.123437494034498,-0.0279965557528873,-0.1652343567344529,-0.0528559157620426,-0.1683593535038371,-0.0372617230478095,-0.1453125461271852,-0.0364267183832874,-0.2257812729756732,-0.1097756343051941,-0.3007812772224688,-0.3382966692305595,2019-02-07,2019-02-08,2019-02-11,2019-02-12,2019-02-13,2019-02-14,2019-02-15,2019-02-19,2019-02-20,2019-02-21,14257.0,2019-02-06,252.0,130.423%,0.0029,1.3323,1.3906,0.1093,8.7951%,8.9414%,3.2455%,1.3073400000000002,MGNX,14257.0,2019-02-07,252.0,-10.6641%,0.0024,1.3488,1.4109,0.0846,8.8153%,8.9663%,3.3402%,-0.092968,MGNX,14257.0,2019-02-08,252.0,-1.8802%,0.0022,1.3536,1.386,0.0885,8.8139%,8.9645%,3.3313%,-0.0202369999999999,MGNX,14257.0,2019-02-11,252.0,-4.7683%,0.0019,1.3745,1.2831,0.0438,8.8208%,8.9697%,3.2919%,-0.059029,MGNX,14257.0,2019-02-12,252.0,-1.7782%,0.0017,1.354,1.2811,0.0336,8.8241%,8.9703%,3.2321%,-0.036758,MGNX,14257.0,2019-02-13,252.0,1.4293%,0.0018,1.3606,1.2733,0.0342,8.8240%,8.9706%,3.2427%,0.009609,MGNX,14257.0,2019-02-14,252.0,-0.7985%,0.0016,1.3621,1.2651,0.0458,8.8230%,8.9690%,3.2277%,-0.011651,MGNX,14257.0,2019-02-15,252.0,3.4091%,0.0017,1.3778,1.2807,0.0732,8.8233%,8.9707%,3.2592%,0.015216,MGNX,14257.0,2019-02-19,252.0,1.4194%,0.0019,1.3882,1.2713,0.0618,8.8214%,8.9705%,3.2960%,0.0075429999999999,MGNX,14257.0,2019-02-20,252.0,0.3612%,0.0019,1.3886,1.2799,0.0655,8.8208%,8.9701%,3.3025%,-0.002263,MGNX,14257.0,2019-02-21,252.0,-1.5745%,0.0019,1.3939,1.2881,0.0752,8.8210%,8.9708%,3.3121%,-0.00966,MGNX,1.2143720000000002,1.1941350000000002,1.1351060000000002,1.107957,1.107142
26667,MACROGENICS INC,Macrogenics Option Alert: Jul 19 $30 Calls Sweep (2) near the Bid: 1857 @ $3.3 vs 24 OI; Earnings 2/26 After Close [est] Ref=$25.095,6,uncertain,0.6,0.3,"the option alert indicates interest in bullish calls, but the upcoming earnings report introduces uncertainty that could affect the stock price in either direction.",1,2019-02-06,MGNX,2019-02-06 18:58:00+00:00,14257.0,55609910,1.304230570793152,25956295.0,-0.1066406071186066,-0.021145436912775,-0.018801936879754,-0.0069991182535886,-0.0476826950907707,-0.0255753826349973,-0.0177819859236478,0.0262466520071029,0.0142925744876265,-0.00953203253448,-0.0079849725589156,0.0167400501668453,0.0340908765792846,-0.0299144815653562,0.0141941150650382,0.0227272938936948,0.0036117348354309,0.003508768742904,-0.0157445073127746,-0.0112749449908733,-0.0306215770542621,-0.0633631721138954,0.0245167594403028,-0.0183412712067365,-0.0409571751952171,-0.0226032715290784,0.0139154996722936,-0.051736868917942,-0.0534784272313118,0.0014803481753915,0.0234999656677246,-0.0552447512745857,-0.0107474019750952,0.031746070832014,-0.0079012271016836,0.0021691781003028,-0.0428073965013027,-0.0308339539915323,-0.0083203250542283,0.0156583823263645,0.0136339925229549,0.0563909783959388,0.022245230153203,0.0555555373430252,-0.006072917021811,-0.0047392942942678,0.0274949558079242,-0.003149603260681,-0.0460852459073066,0.0071372049860656,-0.0062338099814951,0.0015885229222476,-0.0026136559899896,0.0072000119835138,-0.0099580995738506,0.0638297870755195,0.0185283422470092,-0.0033927024342119,0.030145525932312,-0.0552884303033351,-0.0423814430832862,-0.0234741941094398,0.0337197743356227,-0.0281368736177682,0.0163098722696304,-0.0186567176133394,-0.0646941289305687,-0.021183343604207,-0.0611259751021862,-0.0724932700395584,0.0268417652696371,0.0307262949645519,0.0305896084755659,0.0084506962448358,0.0140313124284148,0.0573342889547348,0.0133049488067627,-0.1815965622663498,0.0099789192900061,-0.011445814743638,0.0249609760940074,0.0593490935862064,-0.0172500386834144,-0.0793184712529182,-0.0387196689844131,-0.0110400142148137,-0.0150376297533512,0.0274626314640045,-0.0321701280772686,-0.0423098802566528,-0.0191549379378557,0.0710348933935165,0.0045950561761856,-0.0455874130129814,-0.0348771065473556,-0.0058104870840907,-0.0313980318605899,0.0,-0.0085627706721425,0.0299222040921449,0.0061690551228821,-0.0100710950791835,0.0306560397148132,-0.0359795019030571,-0.0184413734823465,0.0017162864096462,0.0090908855199813,0.0523780174553394,0.0138137862086296,-0.0118976123631,0.0219194814562797,0.0114319268614053,-0.0278260596096515,-0.0426267124712467,0.0005963165313005,-0.04876708984375,0.0333730317652225,0.09939756244421,0.0322952382266521,-0.0113162910565733,-0.1066406071186065,-0.021145436912775,-0.123437494034498,-0.0279965557528873,-0.1652343567344529,-0.0528559157620426,-0.1683593535038371,-0.0372617230478095,-0.1453125461271852,-0.0364267183832874,-0.2257812729756732,-0.1097756343051941,-0.3007812772224688,-0.3382966692305595,2019-02-07,2019-02-08,2019-02-11,2019-02-12,2019-02-13,2019-02-14,2019-02-15,2019-02-19,2019-02-20,2019-02-21,14257.0,2019-02-06,252.0,130.423%,0.0029,1.3323,1.3906,0.1093,8.7951%,8.9414%,3.2455%,1.3073400000000002,MGNX,14257.0,2019-02-07,252.0,-10.6641%,0.0024,1.3488,1.4109,0.0846,8.8153%,8.9663%,3.3402%,-0.092968,MGNX,14257.0,2019-02-08,252.0,-1.8802%,0.0022,1.3536,1.386,0.0885,8.8139%,8.9645%,3.3313%,-0.0202369999999999,MGNX,14257.0,2019-02-11,252.0,-4.7683%,0.0019,1.3745,1.2831,0.0438,8.8208%,8.9697%,3.2919%,-0.059029,MGNX,14257.0,2019-02-12,252.0,-1.7782%,0.0017,1.354,1.2811,0.0336,8.8241%,8.9703%,3.2321%,-0.036758,MGNX,14257.0,2019-02-13,252.0,1.4293%,0.0018,1.3606,1.2733,0.0342,8.8240%,8.9706%,3.2427%,0.009609,MGNX,14257.0,2019-02-14,252.0,-0.7985%,0.0016,1.3621,1.2651,0.0458,8.8230%,8.9690%,3.2277%,-0.011651,MGNX,14257.0,2019-02-15,252.0,3.4091%,0.0017,1.3778,1.2807,0.0732,8.8233%,8.9707%,3.2592%,0.015216,MGNX,14257.0,2019-02-19,252.0,1.4194%,0.0019,1.3882,1.2713,0.0618,8.8214%,8.9705%,3.2960%,0.0075429999999999,MGNX,14257.0,2019-02-20,252.0,0.3612%,0.0019,1.3886,1.2799,0.0655,8.8208%,8.9701%,3.3025%,-0.002263,MGNX,14257.0,2019-02-21,252.0,-1.5745%,0.0019,1.3939,1.2881,0.0752,8.8210%,8.9708%,3.3121%,-0.00966,MGNX,1.2143720000000002,1.1941350000000002,1.1351060000000002,1.107957,1.107142
26675,MACROGENICS INC,"H.C. Wainwright Raises MacroGenics Price Target From $34 To $39 Reiterates Buy As Firm Notes 'With a PFS win and OS trending positive, we anticipate BLA approval during 2H20'",6,increase,0.8,0.7,"the raised price target and positive outlook for bla approval suggest strong investor confidence, likely leading to an increase in stock price.",2,2019-02-06,MGNX,2019-02-06 16:26:00+00:00,14257.0,55609910,1.304230570793152,25956295.0,-0.1066406071186066,-0.021145436912775,-0.018801936879754,-0.0069991182535886,-0.0476826950907707,-0.0255753826349973,-0.0177819859236478,0.0262466520071029,0.0142925744876265,-0.00953203253448,-0.0079849725589156,0.0167400501668453,0.0340908765792846,-0.0299144815653562,0.0141941150650382,0.0227272938936948,0.0036117348354309,0.003508768742904,-0.0157445073127746,-0.0112749449908733,-0.0306215770542621,-0.0633631721138954,0.0245167594403028,-0.0183412712067365,-0.0409571751952171,-0.0226032715290784,0.0139154996722936,-0.051736868917942,-0.0534784272313118,0.0014803481753915,0.0234999656677246,-0.0552447512745857,-0.0107474019750952,0.031746070832014,-0.0079012271016836,0.0021691781003028,-0.0428073965013027,-0.0308339539915323,-0.0083203250542283,0.0156583823263645,0.0136339925229549,0.0563909783959388,0.022245230153203,0.0555555373430252,-0.006072917021811,-0.0047392942942678,0.0274949558079242,-0.003149603260681,-0.0460852459073066,0.0071372049860656,-0.0062338099814951,0.0015885229222476,-0.0026136559899896,0.0072000119835138,-0.0099580995738506,0.0638297870755195,0.0185283422470092,-0.0033927024342119,0.030145525932312,-0.0552884303033351,-0.0423814430832862,-0.0234741941094398,0.0337197743356227,-0.0281368736177682,0.0163098722696304,-0.0186567176133394,-0.0646941289305687,-0.021183343604207,-0.0611259751021862,-0.0724932700395584,0.0268417652696371,0.0307262949645519,0.0305896084755659,0.0084506962448358,0.0140313124284148,0.0573342889547348,0.0133049488067627,-0.1815965622663498,0.0099789192900061,-0.011445814743638,0.0249609760940074,0.0593490935862064,-0.0172500386834144,-0.0793184712529182,-0.0387196689844131,-0.0110400142148137,-0.0150376297533512,0.0274626314640045,-0.0321701280772686,-0.0423098802566528,-0.0191549379378557,0.0710348933935165,0.0045950561761856,-0.0455874130129814,-0.0348771065473556,-0.0058104870840907,-0.0313980318605899,0.0,-0.0085627706721425,0.0299222040921449,0.0061690551228821,-0.0100710950791835,0.0306560397148132,-0.0359795019030571,-0.0184413734823465,0.0017162864096462,0.0090908855199813,0.0523780174553394,0.0138137862086296,-0.0118976123631,0.0219194814562797,0.0114319268614053,-0.0278260596096515,-0.0426267124712467,0.0005963165313005,-0.04876708984375,0.0333730317652225,0.09939756244421,0.0322952382266521,-0.0113162910565733,-0.1066406071186065,-0.021145436912775,-0.123437494034498,-0.0279965557528873,-0.1652343567344529,-0.0528559157620426,-0.1683593535038371,-0.0372617230478095,-0.1453125461271852,-0.0364267183832874,-0.2257812729756732,-0.1097756343051941,-0.3007812772224688,-0.3382966692305595,2019-02-07,2019-02-08,2019-02-11,2019-02-12,2019-02-13,2019-02-14,2019-02-15,2019-02-19,2019-02-20,2019-02-21,14257.0,2019-02-06,252.0,130.423%,0.0029,1.3323,1.3906,0.1093,8.7951%,8.9414%,3.2455%,1.3073400000000002,MGNX,14257.0,2019-02-07,252.0,-10.6641%,0.0024,1.3488,1.4109,0.0846,8.8153%,8.9663%,3.3402%,-0.092968,MGNX,14257.0,2019-02-08,252.0,-1.8802%,0.0022,1.3536,1.386,0.0885,8.8139%,8.9645%,3.3313%,-0.0202369999999999,MGNX,14257.0,2019-02-11,252.0,-4.7683%,0.0019,1.3745,1.2831,0.0438,8.8208%,8.9697%,3.2919%,-0.059029,MGNX,14257.0,2019-02-12,252.0,-1.7782%,0.0017,1.354,1.2811,0.0336,8.8241%,8.9703%,3.2321%,-0.036758,MGNX,14257.0,2019-02-13,252.0,1.4293%,0.0018,1.3606,1.2733,0.0342,8.8240%,8.9706%,3.2427%,0.009609,MGNX,14257.0,2019-02-14,252.0,-0.7985%,0.0016,1.3621,1.2651,0.0458,8.8230%,8.9690%,3.2277%,-0.011651,MGNX,14257.0,2019-02-15,252.0,3.4091%,0.0017,1.3778,1.2807,0.0732,8.8233%,8.9707%,3.2592%,0.015216,MGNX,14257.0,2019-02-19,252.0,1.4194%,0.0019,1.3882,1.2713,0.0618,8.8214%,8.9705%,3.2960%,0.0075429999999999,MGNX,14257.0,2019-02-20,252.0,0.3612%,0.0019,1.3886,1.2799,0.0655,8.8208%,8.9701%,3.3025%,-0.002263,MGNX,14257.0,2019-02-21,252.0,-1.5745%,0.0019,1.3939,1.2881,0.0752,8.8210%,8.9708%,3.3121%,-0.00966,MGNX,1.2143720000000002,1.1941350000000002,1.1351060000000002,1.107957,1.107142
26683,MACROGENICS INC,MacroGenics shares are trading higher after the company announced positive results from its phase 3 SOPHIA study of margetuximab.,6,increase,0.85,0.7,positive results from a phase 3 study typically boost investor confidence and can lead to an increase in stock price.,2,2019-02-06,MGNX,2019-02-06 13:51:00+00:00,14257.0,55609910,1.304230570793152,25956295.0,-0.1066406071186066,-0.021145436912775,-0.018801936879754,-0.0069991182535886,-0.0476826950907707,-0.0255753826349973,-0.0177819859236478,0.0262466520071029,0.0142925744876265,-0.00953203253448,-0.0079849725589156,0.0167400501668453,0.0340908765792846,-0.0299144815653562,0.0141941150650382,0.0227272938936948,0.0036117348354309,0.003508768742904,-0.0157445073127746,-0.0112749449908733,-0.0306215770542621,-0.0633631721138954,0.0245167594403028,-0.0183412712067365,-0.0409571751952171,-0.0226032715290784,0.0139154996722936,-0.051736868917942,-0.0534784272313118,0.0014803481753915,0.0234999656677246,-0.0552447512745857,-0.0107474019750952,0.031746070832014,-0.0079012271016836,0.0021691781003028,-0.0428073965013027,-0.0308339539915323,-0.0083203250542283,0.0156583823263645,0.0136339925229549,0.0563909783959388,0.022245230153203,0.0555555373430252,-0.006072917021811,-0.0047392942942678,0.0274949558079242,-0.003149603260681,-0.0460852459073066,0.0071372049860656,-0.0062338099814951,0.0015885229222476,-0.0026136559899896,0.0072000119835138,-0.0099580995738506,0.0638297870755195,0.0185283422470092,-0.0033927024342119,0.030145525932312,-0.0552884303033351,-0.0423814430832862,-0.0234741941094398,0.0337197743356227,-0.0281368736177682,0.0163098722696304,-0.0186567176133394,-0.0646941289305687,-0.021183343604207,-0.0611259751021862,-0.0724932700395584,0.0268417652696371,0.0307262949645519,0.0305896084755659,0.0084506962448358,0.0140313124284148,0.0573342889547348,0.0133049488067627,-0.1815965622663498,0.0099789192900061,-0.011445814743638,0.0249609760940074,0.0593490935862064,-0.0172500386834144,-0.0793184712529182,-0.0387196689844131,-0.0110400142148137,-0.0150376297533512,0.0274626314640045,-0.0321701280772686,-0.0423098802566528,-0.0191549379378557,0.0710348933935165,0.0045950561761856,-0.0455874130129814,-0.0348771065473556,-0.0058104870840907,-0.0313980318605899,0.0,-0.0085627706721425,0.0299222040921449,0.0061690551228821,-0.0100710950791835,0.0306560397148132,-0.0359795019030571,-0.0184413734823465,0.0017162864096462,0.0090908855199813,0.0523780174553394,0.0138137862086296,-0.0118976123631,0.0219194814562797,0.0114319268614053,-0.0278260596096515,-0.0426267124712467,0.0005963165313005,-0.04876708984375,0.0333730317652225,0.09939756244421,0.0322952382266521,-0.0113162910565733,-0.1066406071186065,-0.021145436912775,-0.123437494034498,-0.0279965557528873,-0.1652343567344529,-0.0528559157620426,-0.1683593535038371,-0.0372617230478095,-0.1453125461271852,-0.0364267183832874,-0.2257812729756732,-0.1097756343051941,-0.3007812772224688,-0.3382966692305595,2019-02-07,2019-02-08,2019-02-11,2019-02-12,2019-02-13,2019-02-14,2019-02-15,2019-02-19,2019-02-20,2019-02-21,14257.0,2019-02-06,252.0,130.423%,0.0029,1.3323,1.3906,0.1093,8.7951%,8.9414%,3.2455%,1.3073400000000002,MGNX,14257.0,2019-02-07,252.0,-10.6641%,0.0024,1.3488,1.4109,0.0846,8.8153%,8.9663%,3.3402%,-0.092968,MGNX,14257.0,2019-02-08,252.0,-1.8802%,0.0022,1.3536,1.386,0.0885,8.8139%,8.9645%,3.3313%,-0.0202369999999999,MGNX,14257.0,2019-02-11,252.0,-4.7683%,0.0019,1.3745,1.2831,0.0438,8.8208%,8.9697%,3.2919%,-0.059029,MGNX,14257.0,2019-02-12,252.0,-1.7782%,0.0017,1.354,1.2811,0.0336,8.8241%,8.9703%,3.2321%,-0.036758,MGNX,14257.0,2019-02-13,252.0,1.4293%,0.0018,1.3606,1.2733,0.0342,8.8240%,8.9706%,3.2427%,0.009609,MGNX,14257.0,2019-02-14,252.0,-0.7985%,0.0016,1.3621,1.2651,0.0458,8.8230%,8.9690%,3.2277%,-0.011651,MGNX,14257.0,2019-02-15,252.0,3.4091%,0.0017,1.3778,1.2807,0.0732,8.8233%,8.9707%,3.2592%,0.015216,MGNX,14257.0,2019-02-19,252.0,1.4194%,0.0019,1.3882,1.2713,0.0618,8.8214%,8.9705%,3.2960%,0.0075429999999999,MGNX,14257.0,2019-02-20,252.0,0.3612%,0.0019,1.3886,1.2799,0.0655,8.8208%,8.9701%,3.3025%,-0.002263,MGNX,14257.0,2019-02-21,252.0,-1.5745%,0.0019,1.3939,1.2881,0.0752,8.8210%,8.9708%,3.3121%,-0.00966,MGNX,1.2143720000000002,1.1941350000000002,1.1351060000000002,1.107957,1.107142
26691,MACROGENICS INC,MacroGenics Announces Positive Results from Pivotal Phase 3 SOPHIA Study of Margetuximab,6,increase,0.85,0.7,"positive results from a pivotal phase 3 study typically indicate strong potential for a drug's approval and market success, which can lead to an increase in stock price.",2,2019-02-06,MGNX,2019-02-06 11:06:00+00:00,14257.0,55609910,1.304230570793152,25956295.0,-0.1066406071186066,-0.021145436912775,-0.018801936879754,-0.0069991182535886,-0.0476826950907707,-0.0255753826349973,-0.0177819859236478,0.0262466520071029,0.0142925744876265,-0.00953203253448,-0.0079849725589156,0.0167400501668453,0.0340908765792846,-0.0299144815653562,0.0141941150650382,0.0227272938936948,0.0036117348354309,0.003508768742904,-0.0157445073127746,-0.0112749449908733,-0.0306215770542621,-0.0633631721138954,0.0245167594403028,-0.0183412712067365,-0.0409571751952171,-0.0226032715290784,0.0139154996722936,-0.051736868917942,-0.0534784272313118,0.0014803481753915,0.0234999656677246,-0.0552447512745857,-0.0107474019750952,0.031746070832014,-0.0079012271016836,0.0021691781003028,-0.0428073965013027,-0.0308339539915323,-0.0083203250542283,0.0156583823263645,0.0136339925229549,0.0563909783959388,0.022245230153203,0.0555555373430252,-0.006072917021811,-0.0047392942942678,0.0274949558079242,-0.003149603260681,-0.0460852459073066,0.0071372049860656,-0.0062338099814951,0.0015885229222476,-0.0026136559899896,0.0072000119835138,-0.0099580995738506,0.0638297870755195,0.0185283422470092,-0.0033927024342119,0.030145525932312,-0.0552884303033351,-0.0423814430832862,-0.0234741941094398,0.0337197743356227,-0.0281368736177682,0.0163098722696304,-0.0186567176133394,-0.0646941289305687,-0.021183343604207,-0.0611259751021862,-0.0724932700395584,0.0268417652696371,0.0307262949645519,0.0305896084755659,0.0084506962448358,0.0140313124284148,0.0573342889547348,0.0133049488067627,-0.1815965622663498,0.0099789192900061,-0.011445814743638,0.0249609760940074,0.0593490935862064,-0.0172500386834144,-0.0793184712529182,-0.0387196689844131,-0.0110400142148137,-0.0150376297533512,0.0274626314640045,-0.0321701280772686,-0.0423098802566528,-0.0191549379378557,0.0710348933935165,0.0045950561761856,-0.0455874130129814,-0.0348771065473556,-0.0058104870840907,-0.0313980318605899,0.0,-0.0085627706721425,0.0299222040921449,0.0061690551228821,-0.0100710950791835,0.0306560397148132,-0.0359795019030571,-0.0184413734823465,0.0017162864096462,0.0090908855199813,0.0523780174553394,0.0138137862086296,-0.0118976123631,0.0219194814562797,0.0114319268614053,-0.0278260596096515,-0.0426267124712467,0.0005963165313005,-0.04876708984375,0.0333730317652225,0.09939756244421,0.0322952382266521,-0.0113162910565733,-0.1066406071186065,-0.021145436912775,-0.123437494034498,-0.0279965557528873,-0.1652343567344529,-0.0528559157620426,-0.1683593535038371,-0.0372617230478095,-0.1453125461271852,-0.0364267183832874,-0.2257812729756732,-0.1097756343051941,-0.3007812772224688,-0.3382966692305595,2019-02-07,2019-02-08,2019-02-11,2019-02-12,2019-02-13,2019-02-14,2019-02-15,2019-02-19,2019-02-20,2019-02-21,14257.0,2019-02-06,252.0,130.423%,0.0029,1.3323,1.3906,0.1093,8.7951%,8.9414%,3.2455%,1.3073400000000002,MGNX,14257.0,2019-02-07,252.0,-10.6641%,0.0024,1.3488,1.4109,0.0846,8.8153%,8.9663%,3.3402%,-0.092968,MGNX,14257.0,2019-02-08,252.0,-1.8802%,0.0022,1.3536,1.386,0.0885,8.8139%,8.9645%,3.3313%,-0.0202369999999999,MGNX,14257.0,2019-02-11,252.0,-4.7683%,0.0019,1.3745,1.2831,0.0438,8.8208%,8.9697%,3.2919%,-0.059029,MGNX,14257.0,2019-02-12,252.0,-1.7782%,0.0017,1.354,1.2811,0.0336,8.8241%,8.9703%,3.2321%,-0.036758,MGNX,14257.0,2019-02-13,252.0,1.4293%,0.0018,1.3606,1.2733,0.0342,8.8240%,8.9706%,3.2427%,0.009609,MGNX,14257.0,2019-02-14,252.0,-0.7985%,0.0016,1.3621,1.2651,0.0458,8.8230%,8.9690%,3.2277%,-0.011651,MGNX,14257.0,2019-02-15,252.0,3.4091%,0.0017,1.3778,1.2807,0.0732,8.8233%,8.9707%,3.2592%,0.015216,MGNX,14257.0,2019-02-19,252.0,1.4194%,0.0019,1.3882,1.2713,0.0618,8.8214%,8.9705%,3.2960%,0.0075429999999999,MGNX,14257.0,2019-02-20,252.0,0.3612%,0.0019,1.3886,1.2799,0.0655,8.8208%,8.9701%,3.3025%,-0.002263,MGNX,14257.0,2019-02-21,252.0,-1.5745%,0.0019,1.3939,1.2881,0.0752,8.8210%,8.9708%,3.3121%,-0.00966,MGNX,1.2143720000000002,1.1941350000000002,1.1351060000000002,1.107957,1.107142
26699,M I HOMES INC,"Wedbush Downgrades M/I Homes to Neutral, Announces $29 Price Target",6,decrease,0.8,0.6,"a downgrade to 'neutral' typically signals a less favorable outlook, which can lead to a decrease in stock price as investors may sell off shares in response to the lowered expectations.",0,2019-02-06,MHO,2019-02-06 12:26:00+00:00,79909.0,55305B10,-0.0397688671946525,305567.0,-0.0205309707671403,0.1411947011947632,-0.0122876819223165,-0.0322822332382202,-0.0139041040092706,0.0056624999269843,0.0575138852000236,0.0392310731112957,-0.0126316007226705,0.0075099025852978,-0.0202558524906635,0.0140279941260814,-0.0101559227332472,-0.0087405368685722,0.0120923379436135,-0.0031683137640357,-0.0097755417227745,0.0260056629776954,0.0073125720955431,0.0190476607531309,-0.0014518696116283,-0.0210782513022422,-0.023627758026123,-0.0139888236299157,-0.0044676410034298,0.0113177318125963,-0.0071054799482226,-0.0056269853375852,-0.0192089769989252,0.0036304253153502,-0.0042242938652634,-0.0083999633789062,0.0084843542426824,0.0060362019576132,-0.0252390000969171,-0.0193370077759027,-0.0160847324877977,0.0140056172385811,0.0267145168036222,0.0377906896173954,0.0116504561156034,0.053829301148653,0.0207294020801782,0.0448102205991745,-0.0026325571816414,0.0064427657052874,-0.0018854126101359,0.0337773114442825,-0.0102001717314124,-0.0186741184443235,-0.0072519285604357,0.0080000031739473,0.0049980455078184,-0.0216390118002891,-0.0175975169986486,0.0482625514268875,-0.0070093576796352,-0.0416281893849372,0.0360784344375133,-0.0348213762044906,0.0,-0.0106006972491741,0.0283875856548547,-0.0087566003203392,-0.0121457464993,0.0228392407298088,0.03055140376091,-0.0079964594915509,-0.0220535285770893,-0.0135845514014363,-0.0158964283764362,-0.011265174485743,0.0015025923494249,0.0158450976014137,-0.0015003378503024,-0.0227957293391227,-0.0097671011462807,-0.0210526324808597,0.0197268035262823,0.0175664033740758,0.0189732238650322,0.0259340722113847,0.0098576294258236,-0.036425270140171,-0.0065076034516096,0.0029736487194895,0.0189228691160678,-0.0042300540953874,0.021071434020996,-0.0174563620239496,-0.0143406735733151,0.0255754645913839,-0.0024840203113853,-0.0055108550004661,0.002134452573955,-0.0264135114848613,0.0046148085966706,0.0197811163961887,0.0113074770197272,0.033942587673664,-0.0258561018854379,0.0127809168770909,0.0143472570925951,0.0022085311356931,-0.0169731769710779,0.0262919291853904,0.0,-0.0491379834711551,0.0,0.0008628325304016,-0.0017985337181016,0.0056399595923721,0.0151351382955908,-0.025781936943531,0.0141994897276163,-0.0112829273566603,0.0164508651942014,-0.0299959369003772,0.0010330157820135,0.0016240729019045,-0.0205309707671403,0.1411947011947631,-0.0325663746511138,0.1043543876805728,-0.0460176724000306,0.1106077943201788,-0.0038938271293551,0.1628458952187375,-0.0247787889288959,0.2182194913651809,-0.0647787583153429,0.3133928914115163,0.029026538079917,0.1944783300291299,2019-02-07,2019-02-08,2019-02-11,2019-02-12,2019-02-13,2019-02-14,2019-02-15,2019-02-19,2019-02-20,2019-02-21,79909.0,2019-02-06,252.0,-3.9769%,-0.0004,0.8247,0.9794,0.1759,1.9415%,2.1830%,20.9059%,-0.038124,MHO,79909.0,2019-02-07,252.0,-2.0531%,-0.0005,0.8261,0.9827,0.1727,1.9428%,2.1857%,20.9850%,-0.012374,MHO,79909.0,2019-02-08,252.0,-1.2288%,-0.0005,0.8279,0.9943,0.1878,1.9434%,2.1865%,21.0041%,-0.012431,MHO,79909.0,2019-02-11,252.0,-1.3904%,-0.0006,0.8277,0.9651,0.1719,1.9480%,2.1850%,20.5187%,-0.022157,MHO,79909.0,2019-02-12,252.0,5.7514%,-0.0004,0.8497,0.9711,0.1821,1.9699%,2.2142%,20.8523%,0.046257,MHO,79909.0,2019-02-13,252.0,-1.2632%,-0.0005,0.8485,0.967,0.1776,1.9722%,2.2155%,20.7548%,-0.015821,MHO,79909.0,2019-02-14,252.0,-2.0256%,-0.0005,0.8541,0.9552,0.1898,1.9767%,2.2190%,20.6453%,-0.022572,MHO,79909.0,2019-02-15,252.0,-1.0156%,-0.0006,0.8429,0.9427,0.1685,1.9816%,2.2187%,20.2295%,-0.023206,MHO,79909.0,2019-02-19,252.0,1.2092%,-0.0006,0.8441,0.948,0.1744,1.9822%,2.2194%,20.2310%,0.0071509999999999,MHO,79909.0,2019-02-20,252.0,-0.9776%,-0.0007,0.8393,0.9325,0.1558,1.9829%,2.2183%,20.0916%,-0.0145239999999999,MHO,79909.0,2019-02-21,252.0,0.7313%,-0.0007,0.8405,0.9377,0.158,1.9831%,2.2188%,20.1106%,0.011329,MHO,-0.050498,-0.062929,-0.085086,-0.05465,-0.0964719999999999
26707,M I HOMES INC,"JMP Securities Downgrades M/I Homes to Market Perform, Announces $30 Price Target",6,decrease,0.8,0.7,"a downgrade from jmp securities typically signals reduced confidence in the stock's performance, likely leading to a decrease in its price.",0,2019-02-06,MHO,2019-02-06 11:27:00+00:00,79909.0,55305B10,-0.0397688671946525,305567.0,-0.0205309707671403,0.1411947011947632,-0.0122876819223165,-0.0322822332382202,-0.0139041040092706,0.0056624999269843,0.0575138852000236,0.0392310731112957,-0.0126316007226705,0.0075099025852978,-0.0202558524906635,0.0140279941260814,-0.0101559227332472,-0.0087405368685722,0.0120923379436135,-0.0031683137640357,-0.0097755417227745,0.0260056629776954,0.0073125720955431,0.0190476607531309,-0.0014518696116283,-0.0210782513022422,-0.023627758026123,-0.0139888236299157,-0.0044676410034298,0.0113177318125963,-0.0071054799482226,-0.0056269853375852,-0.0192089769989252,0.0036304253153502,-0.0042242938652634,-0.0083999633789062,0.0084843542426824,0.0060362019576132,-0.0252390000969171,-0.0193370077759027,-0.0160847324877977,0.0140056172385811,0.0267145168036222,0.0377906896173954,0.0116504561156034,0.053829301148653,0.0207294020801782,0.0448102205991745,-0.0026325571816414,0.0064427657052874,-0.0018854126101359,0.0337773114442825,-0.0102001717314124,-0.0186741184443235,-0.0072519285604357,0.0080000031739473,0.0049980455078184,-0.0216390118002891,-0.0175975169986486,0.0482625514268875,-0.0070093576796352,-0.0416281893849372,0.0360784344375133,-0.0348213762044906,0.0,-0.0106006972491741,0.0283875856548547,-0.0087566003203392,-0.0121457464993,0.0228392407298088,0.03055140376091,-0.0079964594915509,-0.0220535285770893,-0.0135845514014363,-0.0158964283764362,-0.011265174485743,0.0015025923494249,0.0158450976014137,-0.0015003378503024,-0.0227957293391227,-0.0097671011462807,-0.0210526324808597,0.0197268035262823,0.0175664033740758,0.0189732238650322,0.0259340722113847,0.0098576294258236,-0.036425270140171,-0.0065076034516096,0.0029736487194895,0.0189228691160678,-0.0042300540953874,0.021071434020996,-0.0174563620239496,-0.0143406735733151,0.0255754645913839,-0.0024840203113853,-0.0055108550004661,0.002134452573955,-0.0264135114848613,0.0046148085966706,0.0197811163961887,0.0113074770197272,0.033942587673664,-0.0258561018854379,0.0127809168770909,0.0143472570925951,0.0022085311356931,-0.0169731769710779,0.0262919291853904,0.0,-0.0491379834711551,0.0,0.0008628325304016,-0.0017985337181016,0.0056399595923721,0.0151351382955908,-0.025781936943531,0.0141994897276163,-0.0112829273566603,0.0164508651942014,-0.0299959369003772,0.0010330157820135,0.0016240729019045,-0.0205309707671403,0.1411947011947631,-0.0325663746511138,0.1043543876805728,-0.0460176724000306,0.1106077943201788,-0.0038938271293551,0.1628458952187375,-0.0247787889288959,0.2182194913651809,-0.0647787583153429,0.3133928914115163,0.029026538079917,0.1944783300291299,2019-02-07,2019-02-08,2019-02-11,2019-02-12,2019-02-13,2019-02-14,2019-02-15,2019-02-19,2019-02-20,2019-02-21,79909.0,2019-02-06,252.0,-3.9769%,-0.0004,0.8247,0.9794,0.1759,1.9415%,2.1830%,20.9059%,-0.038124,MHO,79909.0,2019-02-07,252.0,-2.0531%,-0.0005,0.8261,0.9827,0.1727,1.9428%,2.1857%,20.9850%,-0.012374,MHO,79909.0,2019-02-08,252.0,-1.2288%,-0.0005,0.8279,0.9943,0.1878,1.9434%,2.1865%,21.0041%,-0.012431,MHO,79909.0,2019-02-11,252.0,-1.3904%,-0.0006,0.8277,0.9651,0.1719,1.9480%,2.1850%,20.5187%,-0.022157,MHO,79909.0,2019-02-12,252.0,5.7514%,-0.0004,0.8497,0.9711,0.1821,1.9699%,2.2142%,20.8523%,0.046257,MHO,79909.0,2019-02-13,252.0,-1.2632%,-0.0005,0.8485,0.967,0.1776,1.9722%,2.2155%,20.7548%,-0.015821,MHO,79909.0,2019-02-14,252.0,-2.0256%,-0.0005,0.8541,0.9552,0.1898,1.9767%,2.2190%,20.6453%,-0.022572,MHO,79909.0,2019-02-15,252.0,-1.0156%,-0.0006,0.8429,0.9427,0.1685,1.9816%,2.2187%,20.2295%,-0.023206,MHO,79909.0,2019-02-19,252.0,1.2092%,-0.0006,0.8441,0.948,0.1744,1.9822%,2.2194%,20.2310%,0.0071509999999999,MHO,79909.0,2019-02-20,252.0,-0.9776%,-0.0007,0.8393,0.9325,0.1558,1.9829%,2.2183%,20.0916%,-0.0145239999999999,MHO,79909.0,2019-02-21,252.0,0.7313%,-0.0007,0.8405,0.9377,0.158,1.9831%,2.2188%,20.1106%,0.011329,MHO,-0.050498,-0.062929,-0.085086,-0.05465,-0.0964719999999999
26715,3M CO,3M Chair Inge Thulin Will Not Stand For Reelection; Board Nominated CEO Mike Roman To Serve As Chair,6,uncertain,0.6,0.3,"the change in leadership could be seen as a positive move for strategic direction or a negative signal of instability, leading to uncertainty in investor sentiment.",1,2019-02-06,MMM,2019-02-06 14:00:00+00:00,22592.0,88579Y10,0.0072096870280802,1672422.0,-0.0134768765419721,0.004545169416815,-0.0001000250922515,0.005272158421576,0.0054548908956348,-0.0056914598681032,0.0281718354672193,0.0051688603125512,0.0152490381151437,0.0117796771228313,-0.0159737188369035,0.0194099377840757,0.0191773194819688,-0.0137825272977352,-0.0021545386407524,0.0175565630197525,0.0005757646868005,0.0011961671989411,-0.0036445332225412,0.0001560323580633,0.0076045715250074,-0.0183805078268051,0.0058753076009452,0.0216472465544939,-0.0056985323317348,0.0117691103368997,-0.0016716310055926,0.002858014544472,-0.0078457612544298,-0.0168080125004053,0.0004822127521038,-0.000208150173421,-0.003036314388737,-0.0071797487325966,-0.014599266462028,0.0067602861672639,-0.0051020081155002,0.0032346118241548,-0.0144970528781414,0.0041910507716238,0.0051536015234887,-0.0022998244967311,0.0309124737977981,0.0411406904458999,-0.0062771751545369,-0.037653848528862,0.0041788173839449,0.0021517984569072,0.0034839892759919,0.0061783716082572,0.0033754312898963,-0.0069743148051202,0.0019704136066138,0.0238376595079898,0.0025420824531465,0.0427723638713359,-0.0034446523059159,-0.0279183946549892,0.0062889945693314,-0.0193724241107702,-0.0236152708530426,-0.0135818161070346,-0.0070849061012268,-0.0236430447548627,0.0198316946625709,0.0090239094570279,-0.0003860346914734,-0.0167261529713869,0.006613221950829,-0.0298322793096303,-0.0035966048017144,0.0116110676899552,0.0200211945921182,0.0119010973721742,0.0008964916341938,-0.0043364288285374,0.0047140903770923,0.0004035604652017,0.0089147184044122,-0.0219063907861709,0.0017672179965302,0.0023738660383969,-0.0018104980699718,-0.031423632055521,-0.0142312226817011,0.0040399977006018,0.0007076518959365,0.0164255015552043,0.0066946307197213,0.0010766430059447,0.0182175785303115,0.0181872230023145,-0.0073130177333951,0.0041529163718223,0.0049575688317418,0.0155487675219774,0.0034117358736693,-0.0095123024657368,0.0056975074112415,-0.0022941103670746,-0.0015534155536443,-0.0246619675308466,0.0043928194791078,-0.0163636282086372,-0.0019134313333779,0.0199599638581275,-0.1294504255056381,0.0345855094492435,0.0049811080098152,-0.0015627240063622,-0.0076172142289578,0.0067499079741537,-0.0036802070681005,-0.0201890245079994,-0.0181520096957683,-0.0145538346841931,-0.0070941434241831,0.013810989446938,0.0025439849123358,0.0306707117706537,-0.0134768765419721,0.004545169416815,-0.0135755536084043,0.0098412906916094,-0.0081947158765511,0.0040938195124844,0.0352964089807095,0.0211728779691613,0.0328772919487179,0.0460834326265771,0.0420243805842301,0.073326874005752,-0.0792244742590231,0.0368490752265404,2019-02-07,2019-02-08,2019-02-11,2019-02-12,2019-02-13,2019-02-14,2019-02-15,2019-02-19,2019-02-20,2019-02-21,22592.0,2019-02-06,252.0,0.7210%,-0.0005,1.117,-0.2411,0.1905,0.9208%,1.5036%,62.4957%,0.009429,MMM,22592.0,2019-02-07,252.0,-1.3477%,-0.0005,1.1237,-0.248,0.1904,0.9190%,1.5046%,62.6889%,-0.004245,MMM,22592.0,2019-02-08,252.0,-0.0100%,-0.0005,1.1236,-0.2515,0.188,0.9187%,1.5045%,62.7111%,0.000226,MMM,22592.0,2019-02-11,252.0,0.5455%,-0.0004,1.1229,-0.2434,0.192,0.9193%,1.4793%,61.3773%,0.00501,MMM,22592.0,2019-02-12,252.0,2.8172%,-0.0004,1.1337,-0.2473,0.1982,0.9224%,1.4885%,61.5991%,0.013176,MMM,22592.0,2019-02-13,252.0,1.5249%,-0.0003,1.1347,-0.2439,0.2018,0.9256%,1.4875%,61.2761%,0.011984,MMM,22592.0,2019-02-14,252.0,-1.5974%,-0.0004,1.1368,-0.2501,0.2094,0.9271%,1.4895%,61.2597%,-0.011252,MMM,22592.0,2019-02-15,252.0,1.9177%,-0.0003,1.153,-0.2348,0.2367,0.9232%,1.4944%,61.8380%,0.005852,MMM,22592.0,2019-02-19,252.0,-0.2155%,-0.0003,1.1504,-0.2348,0.2368,0.9229%,1.4899%,61.6350%,-0.004474,MMM,22592.0,2019-02-20,252.0,0.0576%,-0.0004,1.149,-0.2414,0.2311,0.9215%,1.4891%,61.7019%,-0.002496,MMM,22592.0,2019-02-21,252.0,-0.3645%,-0.0004,1.1489,-0.2414,0.2308,0.9216%,1.4887%,61.6784%,0.000869,MMM,0.005184,0.00541,0.0104199999999999,0.03558,0.024079
26723,MARATHON PETROLEUM CORP,Macquarie Initiates Coverage On Marathon Petroleum with Outperform Rating,6,increase,0.75,0.6,"initiating coverage with an 'outperform' rating typically signals positive sentiment and can attract investor interest, likely leading to an increase in stock price.",2,2019-02-06,MPC,2019-02-06 12:56:00+00:00,12872.0,56585A10,-0.0046144323423504,5484156.0,-0.0474054403603076,0.0192686468362808,-0.0153846079483628,0.0067206723615527,-0.0159438773989677,-0.0119227422401309,0.002430293476209,0.0142354248091578,0.0287700444459915,0.018553202971816,0.0061272485181689,0.0065913083963096,0.0173329263925552,-0.0056179868988692,0.0059861945919692,0.0153700085356831,0.00153820135165,-0.0268311165273189,-0.0069113336503505,0.0004628012829925,0.0055674752220511,-0.0192161705344915,-0.0041525168344378,0.004559894092381,-0.0024710991419851,0.0225365962833166,-0.0184238255023956,0.0001553630718262,-0.0219243410974741,-0.0084771187976002,0.0108047416433692,0.0001540697703603,-0.0106892464682459,0.0194876883178949,-0.0193516686558723,-0.0091871712356805,-0.0144713213667273,0.021472917869687,-0.0181878879666328,0.0097976326942443,-0.0227736253291368,0.0098945135250687,0.02956523001194,0.0490046106278896,-0.0057432455942034,-0.0145875075832009,0.0120625058189034,0.0106761753559112,0.002014418831095,0.0132210962474346,0.0127324871718883,-0.0145515538752079,0.0269644502550363,0.0128534706309437,-0.0008054614881984,0.0741899609565734,0.0025793947279453,-0.0426507219672203,0.0096478899940848,-0.0118425032123923,-0.023729920387268,-0.0206379480659961,-0.0021207351237535,-0.0055969813838601,0.0129148429259657,0.0020394108723849,0.003712065052241,-0.0172039214521646,-0.0199388638138771,-0.0362202189862728,-0.0180476177483797,0.0012894587125629,0.0200501382350921,0.0114118158817291,-0.0185094363987445,0.0059035848826169,0.0076769511215388,-0.009421732276678,0.016064878553152,-0.0313138924539089,0.0345558710396289,0.0033154259435832,-0.0017331117996945,-0.0204145293682813,-0.0189394056797027,-0.0076734186150133,0.0231660008430481,0.0040061962790787,-0.0077043692581355,-0.0058210366405546,-0.0240849386900663,0.0241606067866087,-0.0170482099056243,-0.0068556969054043,-0.008589370176196,0.0396889820694923,0.0036654651630669,-0.031382393091917,-0.0071381190791726,0.0297301691025495,0.0220698826014995,-0.0167166125029325,-0.0011450955644249,-0.0310208201408386,-0.0255486629903316,0.0012240181677043,0.0193277560174465,0.0238095317035913,-0.0042869271710515,-0.0051425592973828,0.0099354581907391,-0.0262519475072622,-0.0019675807561725,-0.0190532710403204,-0.0151141481474041,-0.0076808962039649,-0.0210175495594739,-0.0303638316690921,0.0216391291469335,0.0212080869823694,-0.0474054403603076,0.0192686468362808,-0.0620607341941077,0.0261188174600706,-0.0770151228557947,0.0138846672917463,-0.0481531480110244,0.0473963341036125,-0.0251660287419118,0.0364085248804666,-0.0533587619187952,0.1699756528792921,-0.0960247397885446,-0.0101021540660307,2019-02-07,2019-02-08,2019-02-11,2019-02-12,2019-02-13,2019-02-14,2019-02-15,2019-02-19,2019-02-20,2019-02-21,12872.0,2019-02-06,252.0,-0.4614%,0.0002,1.1421,0.3768,0.1987,1.5849%,1.9993%,37.1608%,-0.002308,MPC,12872.0,2019-02-07,252.0,-4.7405%,0.0001,1.1516,0.3808,0.1895,1.6022%,2.0191%,37.0296%,-0.037169,MPC,12872.0,2019-02-08,252.0,-1.5385%,0.0,1.154,0.3911,0.2066,1.6045%,2.0206%,36.9467%,-0.015404,MPC,12872.0,2019-02-11,252.0,-1.5944%,-0.0001,1.1539,0.3631,0.1914,1.6096%,2.0107%,35.9159%,-0.020716,MPC,12872.0,2019-02-12,252.0,0.2430%,-0.0001,1.1453,0.3646,0.1868,1.6116%,2.0081%,35.5884%,-0.0131089999999999,MPC,12872.0,2019-02-13,252.0,2.8770%,-0.0,1.1485,0.3693,0.1938,1.6194%,2.0141%,35.3517%,0.025114,MPC,12872.0,2019-02-14,252.0,0.6127%,-0.0001,1.1456,0.3729,0.1917,1.6166%,2.0105%,35.3390%,0.0076419999999999,MPC,12872.0,2019-02-15,252.0,1.7333%,-0.0001,1.1371,0.3655,0.1783,1.6149%,2.0036%,35.0410%,0.002435,MPC,12872.0,2019-02-19,252.0,0.5986%,-0.0,1.143,0.3592,0.1707,1.6112%,2.0037%,35.3418%,0.002131,MPC,12872.0,2019-02-20,252.0,0.1538%,-0.0,1.1424,0.3577,0.1683,1.6112%,2.0037%,35.3351%,-0.002463,MPC,12872.0,2019-02-21,252.0,-0.6911%,-0.0,1.1395,0.3515,0.1631,1.6102%,2.0009%,35.2367%,-0.002147,MPC,-0.039477,-0.054881,-0.075597,-0.063592,-0.055994
26731,MARINUS PHARMACEUTICALS INC,"Leerink Swann Initiates Coverage On Marinus Pharmaceuticals with Outperform Rating, Announces $10 Price Target",6,increase,0.75,0.6,"the initiation of coverage with an 'outperform' rating and a price target of $10 suggests positive sentiment towards marinus pharmaceuticals, likely leading to an increase in stock price.",2,2019-02-06,MRNS,2019-02-06 12:54:00+00:00,14815.0,56854Q20,0.0355190895497798,945513.0,-0.0791556611657142,-0.0239999778568744,-0.0372493155300617,0.0053619253449141,0.0476190745830535,0.1234940066933632,0.0,0.0440251156687736,-0.0227272510528564,0.0460526682436466,0.0581395477056503,-0.0440251901745796,0.0494505017995834,-0.0304877758026123,-0.0209423881024122,0.0512820817530155,-0.0106951771304011,0.0097087286412715,-0.0189188998192548,0.0131147420033812,0.1790633797645569,-0.0527950525283813,-0.0327103585004806,-0.012269927188754,-0.0434782207012176,-0.0355029925704002,-0.0858586207032203,0.0029674270190298,-0.0524861402809619,0.021212100982666,0.0174926947802305,-0.0651558116078376,0.0200572870671749,0.0056980000808835,0.0674157366156578,-0.0112675949931144,0.0131578827276825,0.0471975952386856,-0.0207792017608881,-0.0173912867903709,0.0318302735686302,0.0615384764969348,0.0128534575924277,0.0450161136686801,-0.0482233650982379,0.0264026150107383,-0.0159999839961528,0.0557491593062877,0.0271002445369958,-0.0496689043939113,0.0105540798977017,0.0785714387893676,0.0052219270728528,-0.0209790021181106,0.0103896623477339,0.1000000014901161,0.005141383036971,0.0833332538604736,0.051150906831026,-0.205297976732254,-0.0656934827566146,0.0237287897616624,-0.0052083283662796,-0.0694006383419036,0.0418848395347595,-0.0838150158524513,-0.0301507841795682,-0.0441988557577133,0.0207254309207201,-0.0242588017135858,0.060913648456335,-0.1187648475170135,-0.0215310230851173,-0.1745097786188126,0.0293398238718509,-0.0267175324261188,0.0570070706307888,0.0135395927354693,-0.0202246475964784,-0.0263653229922056,0.0550458170473575,0.1747787594795227,-0.0239130724221468,-0.0813008323311805,0.0044544450938701,0.0535331889986991,0.0,0.0108225522562861,-0.024390272796154,0.1000000238418579,-0.052272729575634,0.0194174572825431,-0.0023981363046914,-0.030588261783123,-0.0120191620662808,-0.0229884851723909,-0.0316301956772804,-0.0091116093099117,-0.0402010269463062,0.0115206707268953,0.0523560345172882,-0.0068649277091026,0.0696517974138259,-0.0201794058084487,0.0348836295306682,-0.0197802521288394,0.0269663743674755,0.053240742534399,0.0678336843848228,-0.0669546276330947,0.0655737072229385,-0.0344108343124389,-0.0499999523162841,-0.0969867929816246,-0.1599190235137939,-0.0037523417267948,0.1156626492738724,0.0056603266857564,0.0064794239588081,-0.0074906293302774,-0.0791556611657142,-0.0239999778568744,-0.1134564824970236,-0.0187667386015084,-0.0712401006159267,0.1024096883493874,-0.0923482600170543,0.2039474170709807,-0.0422163162051522,0.2000000526218546,0.0844327724813274,0.211920584611823,0.2295514332306325,-0.3146067305252127,2019-02-07,2019-02-08,2019-02-11,2019-02-12,2019-02-13,2019-02-14,2019-02-15,2019-02-19,2019-02-20,2019-02-21,14815.0,2019-02-06,252.0,3.5519%,-0.0014,1.6206,1.8688,-0.0831,4.8108%,5.2369%,15.6094%,0.039207,MRNS,14815.0,2019-02-07,252.0,-7.9156%,-0.0013,1.6841,1.8135,-0.0906,4.7971%,5.2440%,16.3193%,-0.06143,MRNS,14815.0,2019-02-08,252.0,-3.7249%,-0.0017,1.6924,1.7727,-0.0828,4.7908%,5.2364%,16.2948%,-0.0403969999999999,MRNS,14815.0,2019-02-11,252.0,4.7619%,-0.0015,1.6843,1.8282,-0.057,4.7954%,5.2318%,15.9871%,0.0336399999999999,MRNS,14815.0,2019-02-12,252.0,0.0000%,-0.0014,1.6934,1.8005,-0.0474,4.7922%,5.2297%,16.0303%,-0.023469,MRNS,14815.0,2019-02-13,252.0,-2.2727%,-0.0016,1.6794,1.8131,-0.0517,4.7933%,5.2266%,15.8930%,-0.028616,MRNS,14815.0,2019-02-14,252.0,5.8140%,-0.0012,1.6712,1.8445,-0.0933,4.7874%,5.2267%,16.1012%,0.0518379999999999,MRNS,14815.0,2019-02-15,252.0,4.9451%,-0.0011,1.6806,1.8559,-0.0742,4.7901%,5.2301%,16.1193%,0.026302,MRNS,14815.0,2019-02-19,252.0,-2.0942%,-0.0013,1.6631,1.855,-0.0738,4.7876%,5.2202%,15.8881%,-0.0293949999999999,MRNS,14815.0,2019-02-20,252.0,-1.0695%,-0.0013,1.6619,1.8678,-0.0739,4.7835%,5.2174%,15.9427%,-0.01763,MRNS,14815.0,2019-02-21,252.0,-1.8919%,-0.0012,1.6557,1.853,-0.0851,4.7815%,5.2122%,15.8424%,-0.011732,MRNS,-0.022223,-0.06262,-0.02898,-0.081065,-0.061682
26739,MARVELL TECHNOLOGY INC,UPDATE: Marvell Cuts Q4 Sales Guidance From $790M-$830M To $735M-$745M,6,decrease,0.8,0.7,"lowering sales guidance typically signals weaker performance expectations, which can lead to a decrease in stock price.",0,2019-02-06,MRVL,2019-02-06 21:33:00+00:00,88360.0,57387410,0.0203644726425409,18211772.0,-0.0372899658977985,0.0048465351574122,0.0032732933759689,0.0086909206584095,0.0358890630304813,-0.0064760297536849,0.0183727238327264,0.0087098442018032,-0.005670036189258,0.0132378209382295,-0.0051840525120496,-0.0125273112207651,-0.0187598019838333,-0.0113085126504302,0.0254912134259939,0.0611428394913673,0.0253754425793886,0.0491606518626213,-0.0095958905294537,0.0012005076278001,0.0020397249609231,-0.0130331348627805,0.0025445874780416,0.0217916890978813,0.0091369738802313,-0.0072114747017621,-0.0085513116791844,-0.0118765300139784,0.0121766459196806,-0.0117371333763003,0.0040100212208926,-0.0167339295148849,0.0054916972294449,0.0128579372540116,-0.0044687264598906,0.0011703018099069,-0.0224438346922397,0.0239664241671562,-0.0219387914985418,0.0048163710162043,-0.0255607608705759,0.0227833036333322,0.0374731719493866,0.02980338037014,0.02115592174232,-0.0442423969507217,-0.0050530759617686,0.0191475879400968,-0.0142204510048031,0.0345048531889915,0.0376094579696655,-0.0031847255304455,-0.0094338944181799,0.0148674556985497,0.0140350256115198,0.0735600590705871,-0.010874904692173,-0.0282068829983472,0.0389805436134338,0.0026936000213027,-0.0519481375813484,0.0060975709930062,0.0010147365974262,-0.0440414100885391,-0.002027319278568,0.0124589884653687,0.0066022933460772,-0.0084525430575013,-0.0201816149055957,-0.0172523651272058,0.0242018178105354,0.0195439234375953,0.0180995780974626,0.0032679862342774,-0.0004938121419399,-0.0032573414500802,0.0222992487251758,-0.0058289635926485,0.0164808612316846,-0.0403977967798709,0.0157367642968893,0.0380645245313644,0.0065728309564292,-0.053724005818367,0.0125932153314352,0.0167596861720085,0.029018934816122,0.002489167265594,0.0134287932887673,-0.0018633966101333,0.0485865920782089,0.004993753042072,-0.001263718935661,0.002503186231479,0.0126529382541775,0.0210862569510936,0.0358184352517128,-0.0012763533741235,-0.0008042001281864,0.0295663475990295,-0.0004024236986879,0.0019750287756323,0.0112721696496009,-0.0446540899574756,0.013933059759438,-0.0124224070459604,-0.0027483194135129,0.0235219858586788,-0.0133858332410454,0.0006360862171277,0.0031923353672027,-0.0044331662356853,-0.0047732274979352,-0.0366076529026031,-0.013589134439826,-0.0191501919180154,0.0012155097210779,-0.0100710950791835,-0.0008093302603811,0.0011861536186188,-0.0372899658977985,0.0048465351574122,-0.034138733520193,0.013579576668343,0.0005251223512012,0.0070156051721115,0.0131302517467442,0.0292333547179319,0.0299369587490314,0.1200480211616765,0.0919117605173169,0.2617976781137698,0.3005991970746817,0.1113698304900925,2019-02-07,2019-02-08,2019-02-11,2019-02-12,2019-02-13,2019-02-14,2019-02-15,2019-02-19,2019-02-20,2019-02-21,88360.0,2019-02-06,252.0,2.0364%,-0.0007,1.2201,0.3327,-0.5081,1.7124%,2.2846%,43.8217%,0.023351,MRVL,88360.0,2019-02-07,252.0,-3.7290%,-0.0008,1.2274,0.3331,-0.5135,1.7183%,2.2941%,43.8969%,-0.0236289999999999,MRVL,88360.0,2019-02-08,252.0,0.3273%,-0.0007,1.2272,0.3447,-0.5067,1.7166%,2.2918%,43.9002%,-0.0016409999999999,MRVL,88360.0,2019-02-11,252.0,3.5889%,-0.0006,1.2575,0.3616,-0.4817,1.7257%,2.2965%,43.5354%,0.032961,MRVL,88360.0,2019-02-12,252.0,1.8373%,-0.0007,1.2501,0.3716,-0.4873,1.7236%,2.2931%,43.5023%,0.00028,MRVL,88360.0,2019-02-13,252.0,-0.5670%,-0.0008,1.2428,0.3805,-0.4878,1.7224%,2.2859%,43.2249%,-0.009152,MRVL,88360.0,2019-02-14,252.0,-0.5184%,-0.0009,1.2435,0.3764,-0.4817,1.7208%,2.2831%,43.1963%,-0.007482,MRVL,88360.0,2019-02-15,252.0,-1.8760%,-0.0009,1.2393,0.3693,-0.4929,1.7273%,2.2861%,42.9136%,-0.03154,MRVL,88360.0,2019-02-19,252.0,2.5491%,-0.0008,1.2427,0.3864,-0.474,1.7338%,2.2877%,42.5645%,0.023444,MRVL,88360.0,2019-02-20,252.0,2.5375%,-0.0007,1.2501,0.404,-0.4475,1.7410%,2.2934%,42.3688%,0.024671,MRVL,88360.0,2019-02-21,252.0,-0.9596%,-0.0008,1.2628,0.4287,-0.4242,1.7296%,2.2894%,42.9240%,-0.005817,MRVL,-0.0002779999999999,-0.0019189999999999,0.031042,0.02217,0.025446
26747,MARVELL TECHNOLOGY INC,Marvell Sees Q4 Sales $735M-$745M vs $810.4M Estimate,6,decrease,0.8,0.7,"the company's q4 sales forecast is significantly below analyst estimates, which is likely to lead to a negative reaction in the stock price.",0,2019-02-06,MRVL,2019-02-06 21:33:00+00:00,88360.0,57387410,0.0203644726425409,18211772.0,-0.0372899658977985,0.0048465351574122,0.0032732933759689,0.0086909206584095,0.0358890630304813,-0.0064760297536849,0.0183727238327264,0.0087098442018032,-0.005670036189258,0.0132378209382295,-0.0051840525120496,-0.0125273112207651,-0.0187598019838333,-0.0113085126504302,0.0254912134259939,0.0611428394913673,0.0253754425793886,0.0491606518626213,-0.0095958905294537,0.0012005076278001,0.0020397249609231,-0.0130331348627805,0.0025445874780416,0.0217916890978813,0.0091369738802313,-0.0072114747017621,-0.0085513116791844,-0.0118765300139784,0.0121766459196806,-0.0117371333763003,0.0040100212208926,-0.0167339295148849,0.0054916972294449,0.0128579372540116,-0.0044687264598906,0.0011703018099069,-0.0224438346922397,0.0239664241671562,-0.0219387914985418,0.0048163710162043,-0.0255607608705759,0.0227833036333322,0.0374731719493866,0.02980338037014,0.02115592174232,-0.0442423969507217,-0.0050530759617686,0.0191475879400968,-0.0142204510048031,0.0345048531889915,0.0376094579696655,-0.0031847255304455,-0.0094338944181799,0.0148674556985497,0.0140350256115198,0.0735600590705871,-0.010874904692173,-0.0282068829983472,0.0389805436134338,0.0026936000213027,-0.0519481375813484,0.0060975709930062,0.0010147365974262,-0.0440414100885391,-0.002027319278568,0.0124589884653687,0.0066022933460772,-0.0084525430575013,-0.0201816149055957,-0.0172523651272058,0.0242018178105354,0.0195439234375953,0.0180995780974626,0.0032679862342774,-0.0004938121419399,-0.0032573414500802,0.0222992487251758,-0.0058289635926485,0.0164808612316846,-0.0403977967798709,0.0157367642968893,0.0380645245313644,0.0065728309564292,-0.053724005818367,0.0125932153314352,0.0167596861720085,0.029018934816122,0.002489167265594,0.0134287932887673,-0.0018633966101333,0.0485865920782089,0.004993753042072,-0.001263718935661,0.002503186231479,0.0126529382541775,0.0210862569510936,0.0358184352517128,-0.0012763533741235,-0.0008042001281864,0.0295663475990295,-0.0004024236986879,0.0019750287756323,0.0112721696496009,-0.0446540899574756,0.013933059759438,-0.0124224070459604,-0.0027483194135129,0.0235219858586788,-0.0133858332410454,0.0006360862171277,0.0031923353672027,-0.0044331662356853,-0.0047732274979352,-0.0366076529026031,-0.013589134439826,-0.0191501919180154,0.0012155097210779,-0.0100710950791835,-0.0008093302603811,0.0011861536186188,-0.0372899658977985,0.0048465351574122,-0.034138733520193,0.013579576668343,0.0005251223512012,0.0070156051721115,0.0131302517467442,0.0292333547179319,0.0299369587490314,0.1200480211616765,0.0919117605173169,0.2617976781137698,0.3005991970746817,0.1113698304900925,2019-02-07,2019-02-08,2019-02-11,2019-02-12,2019-02-13,2019-02-14,2019-02-15,2019-02-19,2019-02-20,2019-02-21,88360.0,2019-02-06,252.0,2.0364%,-0.0007,1.2201,0.3327,-0.5081,1.7124%,2.2846%,43.8217%,0.023351,MRVL,88360.0,2019-02-07,252.0,-3.7290%,-0.0008,1.2274,0.3331,-0.5135,1.7183%,2.2941%,43.8969%,-0.0236289999999999,MRVL,88360.0,2019-02-08,252.0,0.3273%,-0.0007,1.2272,0.3447,-0.5067,1.7166%,2.2918%,43.9002%,-0.0016409999999999,MRVL,88360.0,2019-02-11,252.0,3.5889%,-0.0006,1.2575,0.3616,-0.4817,1.7257%,2.2965%,43.5354%,0.032961,MRVL,88360.0,2019-02-12,252.0,1.8373%,-0.0007,1.2501,0.3716,-0.4873,1.7236%,2.2931%,43.5023%,0.00028,MRVL,88360.0,2019-02-13,252.0,-0.5670%,-0.0008,1.2428,0.3805,-0.4878,1.7224%,2.2859%,43.2249%,-0.009152,MRVL,88360.0,2019-02-14,252.0,-0.5184%,-0.0009,1.2435,0.3764,-0.4817,1.7208%,2.2831%,43.1963%,-0.007482,MRVL,88360.0,2019-02-15,252.0,-1.8760%,-0.0009,1.2393,0.3693,-0.4929,1.7273%,2.2861%,42.9136%,-0.03154,MRVL,88360.0,2019-02-19,252.0,2.5491%,-0.0008,1.2427,0.3864,-0.474,1.7338%,2.2877%,42.5645%,0.023444,MRVL,88360.0,2019-02-20,252.0,2.5375%,-0.0007,1.2501,0.404,-0.4475,1.7410%,2.2934%,42.3688%,0.024671,MRVL,88360.0,2019-02-21,252.0,-0.9596%,-0.0008,1.2628,0.4287,-0.4242,1.7296%,2.2894%,42.9240%,-0.005817,MRVL,-0.0002779999999999,-0.0019189999999999,0.031042,0.02217,0.025446
26755,MATRIX SERVICE CO,"Matrix Service Raises FY19 Sales Guidance From $1.25B-$1.35B To $1.35B-$1.425B vs $1.29B Est., Reaffirms EPS Guidance Of $0.85-$1.15",6,increase,0.8,0.7,"the upward revision of sales guidance typically signals positive performance expectations, which can lead to an increase in stock price.",2,2019-02-06,MTRX,2019-02-06 21:40:00+00:00,76279.0,57685310,-0.0053932960145175,130360.0,-0.1197469383478165,-0.0013465299271047,0.0261807106435298,0.0253106839954853,0.0310155507177114,0.0130535559728741,-0.0106744887307286,-0.0023255459964275,0.0147131513804197,0.0238095242530107,-0.0024166817311197,-0.0023752606939524,0.0150194466114044,-0.0075436048209667,-0.0081145614385604,0.0458579063415527,0.0178055297583341,0.0145072992891073,-0.0278959888964891,-0.0094152893871068,-0.0058365240693092,-0.015129305422306,-0.0019569918513298,0.0250125061720609,0.0049019795842468,0.022506421431899,0.0258536916226148,0.0124287819489836,-0.0066572180949151,-0.0010346848284825,0.0014361267676576,-0.0071905185468494,0.0047801327891647,-0.0035824768710881,-0.0176023226231336,0.0051440522074699,-0.0106537202373147,0.0046511706896126,-0.0044052936136722,0.0031103920191526,-0.0226155836135149,0.0211753062903881,0.0311871655285358,0.0494444109499454,0.0112194903194904,-0.0049751326441764,0.0091654863208532,0.0083611821755766,-0.0105162197723984,0.0357968173921108,-0.0125603973865509,0.0272834561765193,0.0376711599528789,-0.0088183199986815,-0.0070721181109547,0.0637898966670036,0.0166192017495632,0.0126662319526076,0.0032694858964532,0.0089457090944051,-0.0414338633418083,-0.056091696023941,0.0029140100814402,-0.0752928256988525,-0.0193704422563314,-0.0082964394241571,-0.029629647731781,-0.00440528197214,0.0081424862146377,-0.0241805873811245,-0.0116102751344442,-0.0276906378567218,0.0214504636824131,0.0306946523487567,-0.0369999893009662,-0.0190174654126167,0.0031152369920164,-0.0015822141431272,0.0103520061820745,0.0063693700358271,0.0128073766827583,-0.0556391254067421,-0.0075872340239584,-0.0567375347018241,-0.0137614905834198,0.0347357653081417,0.0304909627884626,0.0159045569598674,-0.0085255801677703,-0.0039603919722139,-0.019726924598217,0.0227848496288061,-0.0139318145811557,-0.0222772639244794,0.0225013233721256,0.0181451924145221,0.0204708091914653,-0.0345498360693454,-0.0115346759557724,0.0138134565204381,0.0162354949861764,-0.0315336771309375,0.0089864395558834,-0.0061727999709546,-0.0178129002451896,-0.0014225076884031,-0.0141058275476098,0.0384047627449035,0.0122636575251817,0.0019733107183128,0.0116103710606694,-0.0343020148575305,-0.0214571002870798,-0.0295885074883699,-0.0020398222841322,-0.0708763524889946,0.0132856527343392,0.0458221212029457,0.0151285547763109,0.031988900154829,-0.1197469383478164,-0.0013465299271047,-0.0967012876476194,0.0239300724749051,-0.0686849806214107,0.0372960009882654,-0.0650699814612048,0.0595238104903965,-0.0709444091257576,0.102576790769777,-0.0293718798621795,0.4217252704792287,-0.0903750632440157,0.0315252787936664,2019-02-07,2019-02-08,2019-02-11,2019-02-12,2019-02-13,2019-02-14,2019-02-15,2019-02-19,2019-02-20,2019-02-21,76279.0,2019-02-06,252.0,-0.5393%,0.0013,1.4879,1.5053,0.8473,2.0249%,2.5997%,39.3319%,-0.00266,MTRX,76279.0,2019-02-07,252.0,-11.9747%,0.0009,1.5239,1.5061,0.8219,2.1352%,2.7094%,37.8928%,-0.107357,MTRX,76279.0,2019-02-08,252.0,2.6181%,0.0011,1.5185,1.5147,0.8048,2.1402%,2.7129%,37.7622%,0.029627,MTRX,76279.0,2019-02-11,252.0,3.1016%,0.0016,1.3897,1.6585,0.8151,2.0429%,2.5745%,37.0336%,0.016942,MTRX,76279.0,2019-02-12,252.0,-1.0674%,0.0013,1.3554,1.6803,0.7937,2.0419%,2.5622%,36.4919%,-0.02862,MTRX,76279.0,2019-02-13,252.0,1.4713%,0.0015,1.368,1.6623,0.7924,2.0364%,2.5615%,36.7928%,0.009254,MTRX,76279.0,2019-02-14,252.0,-0.2417%,0.0015,1.37,1.6599,0.7936,2.0353%,2.5610%,36.8427%,-0.0036919999999999,MTRX,76279.0,2019-02-15,252.0,1.5019%,0.0013,1.3351,1.6274,0.7355,2.0245%,2.5315%,36.0434%,-0.0085209999999999,MTRX,76279.0,2019-02-19,252.0,-0.8115%,0.0013,1.3386,1.6055,0.7105,2.0227%,2.5307%,36.1198%,-0.017677,MTRX,76279.0,2019-02-20,252.0,1.7806%,0.0014,1.3412,1.615,0.7207,2.0223%,2.5327%,36.2463%,0.007723,MTRX,76279.0,2019-02-21,252.0,-2.7896%,0.0012,1.3502,1.6287,0.7375,2.0256%,2.5394%,36.3721%,-0.020246,MTRX,-0.1100169999999999,-0.0803899999999999,-0.0634479999999999,-0.0828139999999999,-0.1252269999999999
26763,MATRIX SERVICE CO,"Matrix Service Q2 EPS $0.14 Misses $0.21 Estimate, Sales $340.568M Beat $317.23M Estimate",6,decrease,0.7,0.5,"the earnings per share (eps) miss is likely to weigh more heavily on investor sentiment than the sales beat, leading to a potential decrease in stock price.",0,2019-02-06,MTRX,2019-02-06 21:39:00+00:00,76279.0,57685310,-0.0053932960145175,130360.0,-0.1197469383478165,-0.0013465299271047,0.0261807106435298,0.0253106839954853,0.0310155507177114,0.0130535559728741,-0.0106744887307286,-0.0023255459964275,0.0147131513804197,0.0238095242530107,-0.0024166817311197,-0.0023752606939524,0.0150194466114044,-0.0075436048209667,-0.0081145614385604,0.0458579063415527,0.0178055297583341,0.0145072992891073,-0.0278959888964891,-0.0094152893871068,-0.0058365240693092,-0.015129305422306,-0.0019569918513298,0.0250125061720609,0.0049019795842468,0.022506421431899,0.0258536916226148,0.0124287819489836,-0.0066572180949151,-0.0010346848284825,0.0014361267676576,-0.0071905185468494,0.0047801327891647,-0.0035824768710881,-0.0176023226231336,0.0051440522074699,-0.0106537202373147,0.0046511706896126,-0.0044052936136722,0.0031103920191526,-0.0226155836135149,0.0211753062903881,0.0311871655285358,0.0494444109499454,0.0112194903194904,-0.0049751326441764,0.0091654863208532,0.0083611821755766,-0.0105162197723984,0.0357968173921108,-0.0125603973865509,0.0272834561765193,0.0376711599528789,-0.0088183199986815,-0.0070721181109547,0.0637898966670036,0.0166192017495632,0.0126662319526076,0.0032694858964532,0.0089457090944051,-0.0414338633418083,-0.056091696023941,0.0029140100814402,-0.0752928256988525,-0.0193704422563314,-0.0082964394241571,-0.029629647731781,-0.00440528197214,0.0081424862146377,-0.0241805873811245,-0.0116102751344442,-0.0276906378567218,0.0214504636824131,0.0306946523487567,-0.0369999893009662,-0.0190174654126167,0.0031152369920164,-0.0015822141431272,0.0103520061820745,0.0063693700358271,0.0128073766827583,-0.0556391254067421,-0.0075872340239584,-0.0567375347018241,-0.0137614905834198,0.0347357653081417,0.0304909627884626,0.0159045569598674,-0.0085255801677703,-0.0039603919722139,-0.019726924598217,0.0227848496288061,-0.0139318145811557,-0.0222772639244794,0.0225013233721256,0.0181451924145221,0.0204708091914653,-0.0345498360693454,-0.0115346759557724,0.0138134565204381,0.0162354949861764,-0.0315336771309375,0.0089864395558834,-0.0061727999709546,-0.0178129002451896,-0.0014225076884031,-0.0141058275476098,0.0384047627449035,0.0122636575251817,0.0019733107183128,0.0116103710606694,-0.0343020148575305,-0.0214571002870798,-0.0295885074883699,-0.0020398222841322,-0.0708763524889946,0.0132856527343392,0.0458221212029457,0.0151285547763109,0.031988900154829,-0.1197469383478164,-0.0013465299271047,-0.0967012876476194,0.0239300724749051,-0.0686849806214107,0.0372960009882654,-0.0650699814612048,0.0595238104903965,-0.0709444091257576,0.102576790769777,-0.0293718798621795,0.4217252704792287,-0.0903750632440157,0.0315252787936664,2019-02-07,2019-02-08,2019-02-11,2019-02-12,2019-02-13,2019-02-14,2019-02-15,2019-02-19,2019-02-20,2019-02-21,76279.0,2019-02-06,252.0,-0.5393%,0.0013,1.4879,1.5053,0.8473,2.0249%,2.5997%,39.3319%,-0.00266,MTRX,76279.0,2019-02-07,252.0,-11.9747%,0.0009,1.5239,1.5061,0.8219,2.1352%,2.7094%,37.8928%,-0.107357,MTRX,76279.0,2019-02-08,252.0,2.6181%,0.0011,1.5185,1.5147,0.8048,2.1402%,2.7129%,37.7622%,0.029627,MTRX,76279.0,2019-02-11,252.0,3.1016%,0.0016,1.3897,1.6585,0.8151,2.0429%,2.5745%,37.0336%,0.016942,MTRX,76279.0,2019-02-12,252.0,-1.0674%,0.0013,1.3554,1.6803,0.7937,2.0419%,2.5622%,36.4919%,-0.02862,MTRX,76279.0,2019-02-13,252.0,1.4713%,0.0015,1.368,1.6623,0.7924,2.0364%,2.5615%,36.7928%,0.009254,MTRX,76279.0,2019-02-14,252.0,-0.2417%,0.0015,1.37,1.6599,0.7936,2.0353%,2.5610%,36.8427%,-0.0036919999999999,MTRX,76279.0,2019-02-15,252.0,1.5019%,0.0013,1.3351,1.6274,0.7355,2.0245%,2.5315%,36.0434%,-0.0085209999999999,MTRX,76279.0,2019-02-19,252.0,-0.8115%,0.0013,1.3386,1.6055,0.7105,2.0227%,2.5307%,36.1198%,-0.017677,MTRX,76279.0,2019-02-20,252.0,1.7806%,0.0014,1.3412,1.615,0.7207,2.0223%,2.5327%,36.2463%,0.007723,MTRX,76279.0,2019-02-21,252.0,-2.7896%,0.0012,1.3502,1.6287,0.7375,2.0256%,2.5394%,36.3721%,-0.020246,MTRX,-0.1100169999999999,-0.0803899999999999,-0.0634479999999999,-0.0828139999999999,-0.1252269999999999
26771,MACOM TECHNOLOGY SOLS HLDS INC,MACOM Technology Solutions shares are  trading lower after the trade tension weighed down the company's guidance; Craig-Hallum downgraded the stock from buy to hold and lowered price target to $19 from $23.,6,decrease,0.8,0.7,"the downgrade from buy to hold and the lowered price target indicate negative sentiment, likely leading to a decrease in stock price.",0,2019-02-06,MTSI,2019-02-06 18:34:00+00:00,13326.0,55405Y10,-0.1629182398319244,2967377.0,0.0242463871836662,-0.0359598249197006,0.0531029403209686,0.0482261031866073,0.0303766727447509,0.0005546438624151,0.0188680198043584,0.02501424215734,0.0034721912816166,0.0161756612360477,0.0017301434418186,-0.0091585488989949,0.0230281855911016,-0.025111649185419,-0.0196961387991905,0.0370370000600814,0.0200918707996606,0.0800000429153442,-0.0033765544649213,0.0,0.0338791869580745,-0.0401919670403003,0.049153447151184,0.0084694121032953,0.0031234449706971,0.0141105186194181,0.0005189532530494,-0.0174804646521806,-0.0098547991365194,0.029156282544136,0.0230487436056137,-0.039332527667284,-0.015873085707426,0.0213025175034999,-0.0306971985846757,0.0192307345569133,-0.0563606694340705,0.0453956387937068,0.0011376824695616,0.0131405917927622,-0.007386424113065,0.0367847383022308,0.0475100129842758,0.0381895303726196,-0.0005463563720695,-0.0490921027958393,0.0169491227716207,0.0248104520142078,-0.0021505868062376,-0.0326666496694088,0.042025901377201,0.0094212880358099,-0.0134436516091227,-0.0086724562570452,0.0052411099895834,0.0776419788599014,-0.0156413521617651,-0.0113717019557952,0.0100635876879096,-0.0336538963019847,-0.0576822459697723,-0.0088495006784796,-0.0261546652764082,-0.0667090341448783,0.0171428136527538,0.0227420032024383,-0.0758426114916801,-0.0109254540875554,0.0018236339092254,-0.0182965267449617,0.0139562832191586,-0.0136900637298822,0.0371035821735858,0.0056320498697459,-0.0023080790415406,0.0056638889946043,0.0375939607620239,0.0159846544265747,0.0033444517757743,-0.019435703754425,-0.0022222730331122,-0.0927190035581588,-0.001113505102694,-0.0308709740638732,0.0005574263632297,0.0208215489983558,0.0150417014956474,0.0154285980388522,-0.1130625456571579,-0.0410958901047706,-0.00061882607406,0.0641399621963501,0.0142414579167962,-0.0316205248236656,0.0189256034791469,0.0338587239384651,-0.008388333953917,-0.0143843507394194,-0.0084591777995228,0.0122305816039443,-0.012797019444406,0.0275284871459007,0.0006171803106553,-0.072182185947895,-0.0222084335982799,0.0163657404482364,-0.0940063521265983,-0.0128134507685899,-0.0006963283522054,0.1856010854244232,-0.0209059361368417,0.0167897921055555,-0.0113878892734646,-0.0734287127852439,-0.0215982850641012,0.0126023823395371,0.0066225277259945,-0.0031407154165208,-0.0109649542719125,-0.0087172724306583,0.0242463871836662,-0.0359598249197006,0.0786368819562481,0.0105320760397569,0.1114022815298516,0.011092561453506,0.1363040548138485,0.0531484765821337,0.1605503788963811,0.1393749735365201,0.249672302937788,0.2520603696081165,-0.1133683181270365,0.1351183148431853,2019-02-07,2019-02-08,2019-02-11,2019-02-12,2019-02-13,2019-02-14,2019-02-15,2019-02-19,2019-02-20,2019-02-21,13326.0,2019-02-06,252.0,-16.2918%,-0.002,1.6291,1.5654,-0.6437,4.1874%,4.7287%,21.5839%,-0.158826,MTSI,13326.0,2019-02-07,252.0,2.4246%,-0.002,1.5914,1.5938,-0.6363,4.1878%,4.7141%,21.0847%,0.043842,MTSI,13326.0,2019-02-08,252.0,5.3103%,-0.0003,1.5728,1.9179,-0.5007,3.4967%,4.1210%,28.0031%,0.046383,MTSI,13326.0,2019-02-11,252.0,3.0377%,-0.0002,1.5419,1.9701,-0.4886,3.4943%,4.1007%,27.3910%,0.016568,MTSI,13326.0,2019-02-12,252.0,1.8868%,-0.0004,1.51,2.0086,-0.5118,3.4791%,4.0852%,27.4730%,-0.003427,MTSI,13326.0,2019-02-13,252.0,0.3472%,-0.0004,1.5109,2.0065,-0.5125,3.4790%,4.0848%,27.4596%,-0.001703,MTSI,13326.0,2019-02-14,252.0,0.1730%,-0.0004,1.5133,2.0023,-0.5088,3.4791%,4.0848%,27.4579%,-0.008603,MTSI,13326.0,2019-02-15,252.0,2.3028%,-0.0003,1.52,2.0086,-0.4975,3.4790%,4.0853%,27.4801%,0.003264,MTSI,13326.0,2019-02-19,252.0,-1.9696%,-0.0005,1.5077,2.0019,-0.5041,3.4803%,4.0796%,27.2207%,-0.027017,MTSI,13326.0,2019-02-20,252.0,2.0092%,-0.0005,1.5122,2.0124,-0.4879,3.4818%,4.0814%,27.2239%,0.015496,MTSI,13326.0,2019-02-21,252.0,-0.3377%,-0.0007,1.5308,2.0509,-0.4538,3.4655%,4.0747%,27.6680%,0.002405,MTSI,-0.114984,-0.068601,-0.0520329999999999,-0.057163,-0.0716179999999999
26779,MACOM TECHNOLOGY SOLS HLDS INC,"Craig-Hallum Downgrades MACOM Technology to Hold, Lowers Price Target to $19",6,decrease,0.8,0.7,"a downgrade to 'hold' and a lower price target typically signal reduced investor confidence, which is likely to lead to a decrease in stock price.",0,2019-02-06,MTSI,2019-02-06 13:14:00+00:00,13326.0,55405Y10,-0.1629182398319244,2967377.0,0.0242463871836662,-0.0359598249197006,0.0531029403209686,0.0482261031866073,0.0303766727447509,0.0005546438624151,0.0188680198043584,0.02501424215734,0.0034721912816166,0.0161756612360477,0.0017301434418186,-0.0091585488989949,0.0230281855911016,-0.025111649185419,-0.0196961387991905,0.0370370000600814,0.0200918707996606,0.0800000429153442,-0.0033765544649213,0.0,0.0338791869580745,-0.0401919670403003,0.049153447151184,0.0084694121032953,0.0031234449706971,0.0141105186194181,0.0005189532530494,-0.0174804646521806,-0.0098547991365194,0.029156282544136,0.0230487436056137,-0.039332527667284,-0.015873085707426,0.0213025175034999,-0.0306971985846757,0.0192307345569133,-0.0563606694340705,0.0453956387937068,0.0011376824695616,0.0131405917927622,-0.007386424113065,0.0367847383022308,0.0475100129842758,0.0381895303726196,-0.0005463563720695,-0.0490921027958393,0.0169491227716207,0.0248104520142078,-0.0021505868062376,-0.0326666496694088,0.042025901377201,0.0094212880358099,-0.0134436516091227,-0.0086724562570452,0.0052411099895834,0.0776419788599014,-0.0156413521617651,-0.0113717019557952,0.0100635876879096,-0.0336538963019847,-0.0576822459697723,-0.0088495006784796,-0.0261546652764082,-0.0667090341448783,0.0171428136527538,0.0227420032024383,-0.0758426114916801,-0.0109254540875554,0.0018236339092254,-0.0182965267449617,0.0139562832191586,-0.0136900637298822,0.0371035821735858,0.0056320498697459,-0.0023080790415406,0.0056638889946043,0.0375939607620239,0.0159846544265747,0.0033444517757743,-0.019435703754425,-0.0022222730331122,-0.0927190035581588,-0.001113505102694,-0.0308709740638732,0.0005574263632297,0.0208215489983558,0.0150417014956474,0.0154285980388522,-0.1130625456571579,-0.0410958901047706,-0.00061882607406,0.0641399621963501,0.0142414579167962,-0.0316205248236656,0.0189256034791469,0.0338587239384651,-0.008388333953917,-0.0143843507394194,-0.0084591777995228,0.0122305816039443,-0.012797019444406,0.0275284871459007,0.0006171803106553,-0.072182185947895,-0.0222084335982799,0.0163657404482364,-0.0940063521265983,-0.0128134507685899,-0.0006963283522054,0.1856010854244232,-0.0209059361368417,0.0167897921055555,-0.0113878892734646,-0.0734287127852439,-0.0215982850641012,0.0126023823395371,0.0066225277259945,-0.0031407154165208,-0.0109649542719125,-0.0087172724306583,0.0242463871836662,-0.0359598249197006,0.0786368819562481,0.0105320760397569,0.1114022815298516,0.011092561453506,0.1363040548138485,0.0531484765821337,0.1605503788963811,0.1393749735365201,0.249672302937788,0.2520603696081165,-0.1133683181270365,0.1351183148431853,2019-02-07,2019-02-08,2019-02-11,2019-02-12,2019-02-13,2019-02-14,2019-02-15,2019-02-19,2019-02-20,2019-02-21,13326.0,2019-02-06,252.0,-16.2918%,-0.002,1.6291,1.5654,-0.6437,4.1874%,4.7287%,21.5839%,-0.158826,MTSI,13326.0,2019-02-07,252.0,2.4246%,-0.002,1.5914,1.5938,-0.6363,4.1878%,4.7141%,21.0847%,0.043842,MTSI,13326.0,2019-02-08,252.0,5.3103%,-0.0003,1.5728,1.9179,-0.5007,3.4967%,4.1210%,28.0031%,0.046383,MTSI,13326.0,2019-02-11,252.0,3.0377%,-0.0002,1.5419,1.9701,-0.4886,3.4943%,4.1007%,27.3910%,0.016568,MTSI,13326.0,2019-02-12,252.0,1.8868%,-0.0004,1.51,2.0086,-0.5118,3.4791%,4.0852%,27.4730%,-0.003427,MTSI,13326.0,2019-02-13,252.0,0.3472%,-0.0004,1.5109,2.0065,-0.5125,3.4790%,4.0848%,27.4596%,-0.001703,MTSI,13326.0,2019-02-14,252.0,0.1730%,-0.0004,1.5133,2.0023,-0.5088,3.4791%,4.0848%,27.4579%,-0.008603,MTSI,13326.0,2019-02-15,252.0,2.3028%,-0.0003,1.52,2.0086,-0.4975,3.4790%,4.0853%,27.4801%,0.003264,MTSI,13326.0,2019-02-19,252.0,-1.9696%,-0.0005,1.5077,2.0019,-0.5041,3.4803%,4.0796%,27.2207%,-0.027017,MTSI,13326.0,2019-02-20,252.0,2.0092%,-0.0005,1.5122,2.0124,-0.4879,3.4818%,4.0814%,27.2239%,0.015496,MTSI,13326.0,2019-02-21,252.0,-0.3377%,-0.0007,1.5308,2.0509,-0.4538,3.4655%,4.0747%,27.6680%,0.002405,MTSI,-0.114984,-0.068601,-0.0520329999999999,-0.057163,-0.0716179999999999
26787,MYRIAD GENETICS INC,"Myriad Genetics shares are trading higher after the company reported Q2 sales of $216.8M, beating the $216.73M estimate. The company also issued Q3 EPS and sales guidance in the higher range of analyst estimates.",6,increase,0.8,0.7,"the positive earnings report and higher guidance typically lead to increased investor confidence, likely resulting in a rise in stock price.",2,2019-02-06,MYGN,2019-02-06 18:10:00+00:00,82508.0,62855J10,0.0272694043815136,1982005.0,-0.0174641981720924,0.0057741524651646,0.0447920449078083,0.0289639346301555,-0.0047635044902563,-0.04469670727849,0.0434188172221183,-0.0245674420148134,-0.0111402403563261,0.0478607565164566,0.0241881888359785,0.0069368579424917,0.0177935697138309,-0.0111913848668336,0.00063574250089,-0.0078796315938234,0.0158831011503934,-0.0169013924896717,-0.0087554343044757,-0.0169608779251575,0.0223974473774433,-0.0262892041355371,-0.0191298648715019,0.0366876050829887,-0.0424661934375762,0.0141743989661335,0.0144546199589967,-0.038173172622919,0.004857562482357,0.0145228244364261,-0.0061231236904859,-0.0442828871309757,-0.0132944174110889,-0.0133681073784828,-0.0262898821383714,0.0059035848826169,-0.0388120040297508,0.0531951300799846,0.0143960621207952,0.0346676632761955,0.009691959246993,-0.1066411286592484,0.0274254102259874,0.0693068876862526,0.0640640705823898,0.0100000314414501,0.0194417983293533,-0.0024079703725874,0.0501384548842907,0.0164335425943136,-0.0143526028841733,0.0042135128751397,0.0077265473082661,-0.0045439028181135,-0.0153347235172987,0.050679437816143,-0.0104821352288126,-0.0065669575706124,0.0145278312265873,-0.0429469123482704,-0.0125298919156193,-0.0151306921616196,0.0018127304501831,-0.0142372911795973,0.0319662652909755,-0.0499194599688053,0.0128579372540116,-0.0032102852128446,0.0011540944688022,-0.0032000122591853,-0.0432276651263237,-0.0015974197303876,-0.003012116998434,0.0165637638419866,-0.0090634217485785,-0.0131410202011466,-0.0329268276691436,-0.0098381293937563,0.0138713913038373,-0.019296633079648,0.0208333954215049,0.0170940458774566,-0.0003046645142603,-0.030684258788824,-0.00365627463907,0.0108560314401984,0.0192660875618457,0.0059283133596181,0.0069006760604679,0.0194019936025142,-0.0256257615983486,0.011583031155169,0.0168195478618145,0.0016113192541524,-0.0075187971815466,0.0104201110079884,-0.0287879016250371,0.0006516308058053,0.0,-0.0318612046539783,-0.004056136123836,-0.0152220530435442,0.0166040323674678,0.0248328167945146,-0.0123267034068703,0.0132258012890815,-0.0143525460734963,0.0490694008767604,0.0050648893229663,-0.0146715752780437,0.0028346504550427,0.0111260935664176,-0.0113065522164106,-0.0385737605392932,0.0139771457761526,-0.0099486354738473,0.0394736900925636,-0.050578910857439,0.034960813820362,-0.1049904227256775,-0.0174641981720924,0.0057741524651646,0.0265455895869126,0.0349053292698657,0.0216556350614625,-0.0113515312934587,0.0541390542029693,0.0105148993753989,0.1072302353093916,-0.0353062838441363,0.170799915447402,-0.0268854211974227,0.1994411885264997,-0.2399781231262227,2019-02-07,2019-02-08,2019-02-11,2019-02-12,2019-02-13,2019-02-14,2019-02-15,2019-02-19,2019-02-20,2019-02-21,82508.0,2019-02-06,252.0,2.7269%,-0.0005,0.7797,0.6346,0.1454,2.9111%,3.0417%,8.4028%,0.028901,MYGN,82508.0,2019-02-07,252.0,-1.7464%,-0.0006,0.7635,0.6594,0.1403,2.9047%,3.0324%,8.2492%,-0.010055,MYGN,82508.0,2019-02-08,252.0,4.4792%,-0.0002,0.7541,0.6998,0.1276,2.8971%,3.0259%,8.3315%,0.0446429999999999,MYGN,82508.0,2019-02-11,252.0,-0.4764%,-0.0002,0.7333,0.7052,0.1196,2.8964%,3.0176%,7.8727%,-0.010831,MYGN,82508.0,2019-02-12,252.0,4.3419%,-0.0001,0.7484,0.7104,0.1264,2.9040%,3.0293%,8.1017%,0.033408,MYGN,82508.0,2019-02-13,252.0,-1.1140%,-0.0002,0.7457,0.7095,0.1228,2.9053%,3.0297%,8.0477%,-0.013851,MYGN,82508.0,2019-02-14,252.0,2.4188%,-0.0001,0.7409,0.7222,0.1081,2.9084%,3.0334%,8.0687%,0.0226779999999999,MYGN,82508.0,2019-02-15,252.0,1.7794%,-0.0001,0.7405,0.7226,0.1086,2.9085%,3.0329%,8.0345%,0.006998,MYGN,82508.0,2019-02-19,252.0,0.0636%,-0.0,0.7452,0.7132,0.0976,2.9066%,3.0323%,8.1159%,-0.003293,MYGN,82508.0,2019-02-20,252.0,1.5883%,0.0001,0.7505,0.7338,0.1188,2.9048%,3.0319%,8.2058%,0.012261,MYGN,82508.0,2019-02-21,252.0,-0.8755%,0.0001,0.7515,0.7348,0.1208,2.9050%,3.0320%,8.1993%,-0.005292,MYGN,0.0188459999999999,0.0634889999999999,0.0526579999999999,0.0722149999999999,0.1055669999999999
26795,NORWEGIAN CRUISE LINE HLDGS LTD,"Morgan Stanley Upgrades Norwegian Cruise Line to Overweight, Raises Price Target to $62",6,increase,0.8,0.7,"the upgrade to 'overweight' and the raised price target typically indicate positive sentiment and expectations for future performance, likely leading to an increase in stock price.",2,2019-02-06,NCLH,2019-02-06 12:06:00+00:00,13760.0,G6672110,0.015634000301361,1910956.0,-0.0241353195160627,-0.0051843402907252,-0.0007789114606566,0.0118515752255916,0.0111089395359158,0.0007777739665471,-0.001156541518867,0.0114061329513788,0.013894272968173,0.0437191538512706,-0.0066616344265639,0.0072359372861683,0.0160950403660535,0.0091800251975655,0.0066000809893012,0.0200042258948087,0.005994748789817,0.005779119208455,0.03389198705554,0.0025751662906259,-0.0030619953759014,-0.0195665955543518,0.0106594432145357,0.0158152990043163,-0.0066142105497419,0.0205016899853944,-0.0116969859227538,-0.0039105000905692,0.011107075959444,0.01075972430408,-0.0046821236610412,-0.0140722608193755,-0.012122344225645,0.0004331916570663,0.0155678074806928,0.0094008846208453,-0.0059513403102755,0.0157673303037881,-0.0083454120904207,0.0301990322768688,0.0064031919464468,0.0158029366284608,0.0081803454086184,0.0569884479045867,-0.0019834225531667,-0.0394054241478443,-0.0048779882490634,-0.0002358650963287,0.0014523967402055,0.0097665516659617,0.0070703299716115,0.0101058268919587,0.0109811089932918,-0.0090604973956942,-0.0008902997942641,0.060429822653532,-0.0042773424647748,-0.0303996484726667,0.011276195757091,-0.0356973595917224,-0.0155752403661608,-0.0635377243161201,-0.008090628311038,-0.0342100113630294,-0.0125067727640271,-0.0078489379957318,-0.0099119115620851,-0.0100797889754176,0.0072303153574466,0.0074042407795786,0.0115957520902156,-0.008390974253416,0.020924337208271,0.0093160839751362,0.006950621958822,-0.0104755917564034,0.0046017402783036,0.0029417816549539,-0.0005285197403281,-0.035859003663063,0.0070509701035916,0.0120976036414504,0.0028006273787468,-0.0537446737289428,-0.024611622095108,0.0042868517339229,0.0110951848328113,-0.0046548037789762,0.0173451248556375,-0.0005814844043925,0.019485019147396,0.0123626589775085,0.0011945341248065,-0.0116369714960455,0.0151696475222706,0.0161608140915632,-0.0288784615695476,0.0117647089064121,-0.0159059818834066,0.0133360242471098,-0.0056219203397631,0.0044652163051068,0.0123675046488642,-0.0230021774768829,-0.0055846371687948,-0.0001982220856007,-0.0031590084545314,0.0146851651370525,0.0082746697589755,0.0044452897273004,-0.0033175942953675,0.0189417749643325,-0.0120883397758007,-0.0036923140287399,0.0285511724650859,-0.0105540985241532,-0.0189654901623725,0.0264583434909582,0.0237258076667785,0.0307064708322286,-0.0241353195160627,-0.0051843402907252,-0.0248954316997417,0.0066057923359157,-0.0140630540092988,0.00738870411577,-0.0015202972853987,0.0634236463323336,0.0551121548035145,0.111802639338256,0.0737362432908508,0.2248227512838991,0.1069935605522405,0.1125188325597392,2019-02-07,2019-02-08,2019-02-11,2019-02-12,2019-02-13,2019-02-14,2019-02-15,2019-02-19,2019-02-20,2019-02-21,13760.0,2019-02-06,252.0,1.5634%,-0.0004,1.1398,0.3034,0.0458,1.3469%,1.8361%,46.1850%,0.018021,NCLH,13760.0,2019-02-07,252.0,-2.4135%,-0.0005,1.1402,0.3085,0.0422,1.3490%,1.8370%,46.0668%,-0.01342,NCLH,13760.0,2019-02-08,252.0,-0.0779%,-0.0005,1.1403,0.3132,0.0457,1.3487%,1.8363%,46.0567%,-0.001768,NCLH,13760.0,2019-02-11,252.0,1.1109%,-0.0005,1.1546,0.3101,0.0515,1.3481%,1.8281%,45.6165%,0.00724,NCLH,13760.0,2019-02-12,252.0,-0.1157%,-0.0005,1.1518,0.3017,0.0516,1.3507%,1.8280%,45.4057%,-0.016934,NCLH,13760.0,2019-02-13,252.0,1.3894%,-0.0005,1.1496,0.3099,0.0557,1.3513%,1.8247%,45.1549%,0.0103519999999999,NCLH,13760.0,2019-02-14,252.0,-0.6662%,-0.0005,1.1509,0.3071,0.0584,1.3516%,1.8252%,45.1570%,-0.0056359999999999,NCLH,13760.0,2019-02-15,252.0,1.6095%,-0.0005,1.1477,0.3045,0.0534,1.3512%,1.8217%,44.9796%,0.001942,NCLH,13760.0,2019-02-19,252.0,0.6600%,-0.0005,1.1499,0.3048,0.0536,1.3511%,1.8214%,44.9710%,0.003276,NCLH,13760.0,2019-02-20,252.0,0.5995%,-0.0005,1.1513,0.3102,0.0592,1.3509%,1.8216%,45.0080%,0.002745,NCLH,13760.0,2019-02-21,252.0,3.3892%,-0.0003,1.1445,0.305,0.0464,1.3723%,1.8342%,44.0192%,0.038405,NCLH,0.0046009999999999,0.0028329999999999,0.0100729999999999,0.0034909999999999,0.044223
26803,NEWMARKET CORP,"NewMarket Q4 EPS $5.58 Up From $3.05 YoY, Sales $538.312M Miss $563.17M Estimate",6,uncertain,0.6,0.3,"while the significant increase in eps is a positive indicator, the miss on sales estimates may raise concerns among investors, leading to uncertainty in stock price movement.",1,2019-02-06,NEU,2019-02-06 22:02:00+00:00,42550.0,65158710,0.0086763845756649,94358.0,0.0594952851533889,0.000698582327459,0.0112681649625301,-0.0003492072573862,-0.0086742099374532,-0.0003490092931315,0.0107980147004127,0.0077891559340059,0.0091170519590377,-0.0039791692979633,-0.0183888059109449,0.0063719907775521,0.0014642763417214,-0.0044381413608789,-0.0009515495039522,0.0063842101953923,0.0146351382136344,-0.0039460533298552,0.009020771831274,-0.0094607835635542,0.0001588512241141,0.0027712292503565,-0.0012251203879714,0.0013749694917351,-0.0024759138468652,0.0075566750019788,0.0062165795825421,-0.0079712197184562,-0.0065176174975931,-0.0041060969233512,0.0092482855543494,-0.0065269349142909,0.0104500632733106,-0.003841979894787,0.0044003692455589,-0.0051453080959618,-0.0075390618294477,0.0112487822771072,-0.0030250197742134,-0.0008664589258842,-0.0010114451870322,-0.0181566309183836,0.0125992894172668,0.0315156243741512,-0.0267291720956563,-0.0156712885946035,-0.0001826707302825,-0.0167196094989776,-0.0038359500467777,0.0151750398799777,0.0020711892284452,0.0047274981625378,0.0127460630610585,0.0182211752980947,-0.018844386562705,0.0471879988908767,-0.0032588429749011,-0.0124579705297946,0.0133098131045699,-0.0155231384560465,-0.0198855884373188,0.0050284476019442,0.0096892295405268,0.0029484408441931,0.0050409822724759,0.0125438868999481,-0.0062810853123664,-0.0310826934874057,0.0078257154673337,0.003829033114016,-0.0039743869565427,-0.0133356349542737,-0.008903001435101,0.0116432271897792,0.0005585064645856,-0.0011124657467007,-0.0025585107505321,-0.0229973029345274,0.0039874813519418,-0.0082558197900652,0.0020904063712805,0.0017178213456645,-0.0018310546875,-0.0331917479634285,-0.0006269191508181,0.0024019673001021,-0.0015800162218511,0.0103078121319413,-0.0057014771737158,-0.0074644777923822,0.0081683052703738,0.0300425235182046,-0.004573421087116,-0.0108611164614558,-0.0003965050273109,0.0116513203829526,-0.0012831893982365,0.0079781990498304,-0.0041115959174931,0.0069860736839473,-0.0047853109426796,-0.0159587524831295,0.0219440851360559,-0.02067806199193,-0.0219111088663339,0.0197876747697591,-0.0270238909870386,0.010781142860651,0.0126027297228574,-0.0020528470631688,0.0052655804902315,0.0009903045138344,-0.0010238403920084,-0.0083230650052428,-0.0181132946163415,-0.0188616029918193,0.0125734079629182,-0.0065808366052806,0.0180266294628381,0.0230622664093971,0.0594952851533889,0.000698582327459,0.0714338528035203,0.000349131120054,0.0621400106302081,-2.3082868949586555e-11,0.0833971632439383,0.0037789922427227,0.0893293730223019,-0.0014191291205083,0.084509331728255,0.0291219937410456,0.053934589888656,-0.0136831073997267,2019-02-07,2019-02-08,2019-02-11,2019-02-12,2019-02-13,2019-02-14,2019-02-15,2019-02-19,2019-02-20,2019-02-21,42550.0,2019-02-06,252.0,0.8676%,0.0002,0.7893,0.4359,0.263,1.1065%,1.3856%,36.2257%,0.010147,NEU,42550.0,2019-02-07,252.0,5.9495%,0.0006,0.7854,0.4125,0.2811,1.1734%,1.4327%,32.9235%,0.066277,NEU,42550.0,2019-02-08,252.0,1.1268%,0.0005,0.7845,0.3742,0.2519,1.1495%,1.4133%,33.8457%,0.012194,NEU,42550.0,2019-02-11,252.0,-0.8674%,0.0004,0.7902,0.3507,0.2422,1.1518%,1.4097%,33.2408%,-0.012922,NEU,42550.0,2019-02-12,252.0,1.0798%,0.0004,0.7898,0.3511,0.2419,1.1518%,1.4099%,33.2594%,0.000293,NEU,42550.0,2019-02-13,252.0,0.9117%,0.0003,0.7804,0.3694,0.2466,1.1436%,1.3975%,33.0325%,0.0064259999999999,NEU,42550.0,2019-02-14,252.0,-1.8389%,0.0002,0.7841,0.3596,0.2581,1.1483%,1.4015%,32.8766%,-0.01734,NEU,42550.0,2019-02-15,252.0,0.1464%,0.0002,0.7747,0.3501,0.2414,1.1497%,1.3972%,32.2924%,-0.009634,NEU,42550.0,2019-02-19,252.0,-0.0952%,0.0001,0.7701,0.3525,0.2445,1.1476%,1.3921%,32.0351%,-0.004263,NEU,42550.0,2019-02-20,252.0,1.4635%,0.0002,0.7733,0.3605,0.2561,1.1496%,1.3950%,32.0923%,0.0109509999999999,NEU,42550.0,2019-02-21,252.0,0.9021%,0.0002,0.7703,0.3571,0.2506,1.1523%,1.3954%,31.8120%,0.012623,NEU,0.076424,0.088618,0.075696,0.082415,0.0747519999999999
26811,NETFLIX INC,"Mighty Mouse: Disney's Streaming Strength, Theme Park Spending, Box Office Hopes Make Street Bullish",6,decrease,0.7,0.6,"the positive outlook for disney's streaming and other ventures may lead investors to favor disney over netflix, potentially causing a decrease in netflix's stock price.",0,2019-02-06,NFLX,2019-02-06 17:50:00+00:00,89393.0,64110L10,-0.0101739559322595,6716764.0,-0.0212385673075914,0.0127227222546935,0.008296875283122,0.0338090024888515,-0.0052938871085643,0.0010309458011761,0.0411881804466247,-0.0034051653929054,-0.0227797105908393,0.0357555784285068,0.0207522492855787,-0.020139455795288,-0.0061269728466868,-0.0070699132047593,0.0141508625820279,0.0348362997174263,-0.0055537400767207,0.0145346857607364,-0.0081687159836292,-0.0097490875050425,0.0169481690973043,-0.0411088243126869,0.0024516959674656,-0.0398935303092002,0.002912801457569,0.0051224785856902,-0.0057539143599569,-0.0091642225161194,-0.0131451729685068,0.0651769414544105,-0.0021781590767204,-0.0137740867212414,-0.0175752788782119,0.0398262552917003,0.0092866318300366,0.0146893747150898,0.0149872926995158,-0.0009679257054813,-0.0194932837039232,0.0156338959932327,-0.0085082240402698,0.0597170032560825,0.0264873541891574,0.0972344875335693,-0.0072172894142568,0.0132257658988237,0.0138658955693244,0.0,-0.0066166059114038,0.0452203117311,0.0073574050329625,0.002015080768615,0.0054778149351477,0.0074703525751829,-0.0128219341859221,0.0846160128712654,0.0458219572901725,-0.0507731437683105,0.0070625068619847,-0.0544553995132446,-0.0446184799075126,-0.0232035182416439,0.0144594358280301,-0.0153909111395478,-0.0170931089669466,0.030974181368947,-0.0183348786085844,-0.0151401907205581,0.0035090423189103,-0.0332584343850612,0.0054990337230265,0.0041472064331173,0.0291675850749015,0.0360319502651691,0.0020710970275104,-0.0162402838468551,0.0055205011740326,0.0171984508633613,-0.0050574578344821,-0.0627120658755302,-0.0064967232756316,0.0274217072874307,-0.0111630596220493,-0.0515673495829105,0.0091308699920773,0.0145737351849675,-0.0021660444326698,-0.0090735759586095,0.0102494517341256,0.0215814840048551,-0.0449067838490009,0.0600832179188728,-0.0064647132530808,0.0198906492441892,0.0303551368415355,0.0100841717794537,-0.0131308110430836,-0.012627312913537,0.0158144440501928,-0.0181661769747734,0.0471485778689384,-0.0133776608854532,0.0120581397786736,-0.0545403212308883,-0.0200581401586532,-0.0132731366902589,-0.0157657712697982,0.0116136660799384,0.0177015718072652,-0.0260529313236475,-0.0080566080287098,0.0011221361346542,-0.0034692683257162,-0.0309750344604253,0.0223187487572431,-0.0454517230391502,0.0006599614862352,-0.0292518679052591,0.0157494880259037,0.0535967163741588,-0.0212385673075914,0.0127227222546935,-0.0131179057686126,0.0469618672919189,-0.0183423481649371,0.0480412282329951,-0.0011925779060023,0.0818181919911182,0.0135722145362664,0.0942612656718073,0.072915163183038,0.365454034714421,0.0932451138494854,0.1446724986122662,2019-02-07,2019-02-08,2019-02-11,2019-02-12,2019-02-13,2019-02-14,2019-02-15,2019-02-19,2019-02-20,2019-02-21,89393.0,2019-02-06,252.0,-1.0174%,0.0009,1.6635,0.1844,-1.1693,1.9232%,2.9392%,57.1851%,-0.0057989999999999,NFLX,89393.0,2019-02-07,252.0,-2.1239%,0.0008,1.6551,0.196,-1.1711,1.9208%,2.9299%,57.0208%,-0.001068,NFLX,89393.0,2019-02-08,252.0,0.8297%,0.0008,1.6555,0.1942,-1.1704,1.9208%,2.9300%,57.0238%,-0.001471,NFLX,89393.0,2019-02-11,252.0,-0.5294%,0.0007,1.6675,0.1733,-1.1754,1.9202%,2.9087%,56.4202%,-0.0063019999999999,NFLX,89393.0,2019-02-12,252.0,4.1188%,0.0009,1.6894,0.1567,-1.1612,1.9170%,2.9192%,56.8781%,0.016378,NFLX,89393.0,2019-02-13,252.0,-2.2780%,0.0007,1.6818,0.1583,-1.1677,1.9243%,2.9162%,56.4584%,-0.0268909999999999,NFLX,89393.0,2019-02-14,252.0,2.0752%,0.0008,1.6786,0.1673,-1.1783,1.9262%,2.9187%,56.4437%,0.016588,NFLX,89393.0,2019-02-15,252.0,-0.6127%,0.0007,1.6575,0.146,-1.2155,1.9297%,2.9136%,56.1352%,-0.019957,NFLX,89393.0,2019-02-19,252.0,1.4151%,0.0006,1.6522,0.1655,-1.1931,1.9248%,2.8961%,55.8260%,0.014125,NFLX,89393.0,2019-02-20,252.0,-0.5554%,0.0006,1.6519,0.1675,-1.1935,1.9246%,2.8960%,55.8369%,-0.002595,NFLX,89393.0,2019-02-21,252.0,-0.8169%,0.0006,1.6558,0.1743,-1.1863,1.9243%,2.8966%,55.8684%,-0.004785,NFLX,-0.006867,-0.008338,-0.01464,-0.025153,-0.0217769999999999
26819,NATIONAL GRID PLC,RBC Capital Upgrades National Grid to Outperform,6,increase,0.8,0.6,"upgrades from analysts typically signal positive sentiment and can lead to increased investor interest, likely boosting the stock price.",2,2019-02-06,NGG,2019-02-06 13:31:00+00:00,87280.0,63627440,-0.0047316127456724,485451.0,0.0060340436175465,0.0062259687110781,-0.0043620807118713,-0.0031032890547066,-0.0047462270595133,0.0053220242261886,-0.000366846245015,0.0094479834660887,-0.0018348343437537,0.0123780919238925,-0.0007353109540417,0.0175572168081998,-0.0009197799372486,0.0026789745315909,0.0149143347516655,-0.0130312070250511,0.0076197749003767,0.009725441224873,0.0072019752115011,0.0111839184537529,0.0048266081139445,-0.0026922959368675,-0.0026685236953198,0.0108864968642592,0.0153406485915184,-0.0017465583514422,-0.0029866157565265,0.0068385791964828,-0.0044052861630916,0.0132647398859262,-0.0003539904137142,-0.0194137059152126,-0.0030098825227469,0.0040935496799647,-0.0037294067442417,0.0146360332146287,-0.0048127747140824,0.0051690284162759,0.0159412380307912,0.0106489602476358,0.0088152326643466,-0.0002008501760428,0.0022718848194926,0.0161256808787584,0.0061029172502458,0.0049231112934648,0.0048526651225984,0.0160483624786138,-0.0018972164252772,-0.0101093808189034,0.0070848427712917,0.0121111264452338,0.0058339079841971,-0.0049865297041833,-0.0037529410328716,0.0062721977010369,0.0010273554362356,-0.0192741155624389,-0.0056448513641953,-0.0198954567313194,0.0012041921727359,0.029801296070218,-0.0003436504630371,0.0342465415596962,0.0128910280764102,-0.0980694591999054,-0.0059392238035798,-0.018567631021142,-0.0406282171607017,-0.0138266384601593,-0.0064057046547532,0.0056369639933109,-0.0078796315938234,0.0228714682161808,0.0,0.0075522731058299,0.0005414941697381,-0.0267621930688619,-0.0046906392090022,0.0020774430595338,-0.0112379724159836,-0.0007548766443505,-0.0018331526080146,-0.0018835650989785,-0.00495868595317,-0.0067352778278291,0.0049833972007036,0.003944385331124,-0.0091827362775802,-0.006531040649861,-0.0031511024571955,-0.0020484284032136,0.0005578764248639,0.0052415314130485,-0.0100353257730603,0.0153962662443518,0.0015017461264505,-0.0136857805773615,-0.0029990600887686,0.0015022170264273,-0.0007519665523432,0.013811083510518,-0.0013170215534046,0.0084698051214218,0.008289348334074,-0.009507798589766,0.0029895338229835,-0.0387096740305423,0.0031668809242546,0.0028756263200193,0.0009285617852583,-0.0007184072164818,0.0152133516967296,0.0046914857812225,-0.0146199380978941,0.0012646738905459,-0.0038946419954299,-0.0053908904083073,0.0134053481742739,0.0079696150496602,0.0060340436175465,0.0062259687110781,0.0016456419203965,0.0031033586758153,-0.0031083957293296,0.0084418990520591,-0.0053025616137373,0.0305701632383004,0.0228560984485219,0.0595834973358491,0.06290002728383,0.1043006964156856,-0.0047540360935274,0.01509952815481,2019-02-07,2019-02-08,2019-02-11,2019-02-12,2019-02-13,2019-02-14,2019-02-15,2019-02-19,2019-02-20,2019-02-21,87280.0,2019-02-06,252.0,-0.4732%,0.0003,0.2365,0.1351,0.2288,1.2703%,1.2924%,3.3865%,-0.004383,NGG,87280.0,2019-02-07,252.0,0.6034%,0.0004,0.2367,0.1318,0.2309,1.2709%,1.2929%,3.3687%,0.007416,NGG,87280.0,2019-02-08,252.0,-0.4362%,0.0004,0.2371,0.1385,0.2371,1.2705%,1.2927%,3.4058%,-0.003148,NGG,87280.0,2019-02-11,252.0,-0.4746%,0.0004,0.2212,0.144,0.2317,1.2693%,1.2885%,2.9618%,-0.006637,NGG,87280.0,2019-02-12,252.0,-0.0367%,0.0004,0.2201,0.1428,0.2314,1.2694%,1.2885%,2.9339%,-0.00311,NGG,87280.0,2019-02-13,252.0,-0.1835%,0.0004,0.2198,0.142,0.2304,1.2696%,1.2885%,2.9182%,-0.002799,NGG,87280.0,2019-02-14,252.0,-0.0735%,0.0005,0.2208,0.1424,0.2285,1.2667%,1.2858%,2.9529%,0.000224,NGG,87280.0,2019-02-15,252.0,-0.0920%,0.0004,0.2152,0.1368,0.2187,1.2670%,1.2850%,2.7804%,-0.004967,NGG,87280.0,2019-02-19,252.0,1.4914%,0.0004,0.2145,0.1494,0.2329,1.2679%,1.2862%,2.8227%,0.0133529999999999,NGG,87280.0,2019-02-20,252.0,0.7620%,0.0004,0.2155,0.1492,0.2356,1.2679%,1.2864%,2.8548%,0.005502,NGG,87280.0,2019-02-21,252.0,0.7202%,0.0005,0.2125,0.1449,0.23,1.2687%,1.2866%,2.7550%,0.008546,NGG,0.003033,-0.000115,-0.0067519999999999,-0.0126609999999999,0.0099969999999999
26827,NEW JERSEY RES,New Jersey Resources Reaffirms FY19 Adj. EPS $1.95-$2.05,6,increase,0.7,0.6,"reaffirming the adjusted eps guidance suggests stability and confidence in the company's financial performance, which is likely to positively influence investor sentiment and increase the stock price.",2,2019-02-06,NJR,2019-02-06 12:17:00+00:00,64450.0,64602510,-0.0561001561582088,1120126.0,0.0181176215410232,0.0008349178824573,-0.0028212035540491,-0.0039500757120549,-0.0130577208474278,-0.0082474537193775,0.0059537040069699,0.0189075954258441,0.0118369339033961,0.0119047099724412,0.0038994867354631,-0.0016977507621049,0.0084160417318344,0.0004246381868142,0.0055639231577515,-0.0160852409899234,0.0072355852462351,0.0054610022343695,0.0166912544518709,0.0093280151486396,0.0108063276857137,0.005756857804954,-0.0086348308250308,0.012959012761712,-0.0045624473132193,0.0184777863323688,0.0066666603088378,0.0136009063571691,0.0016556670889258,0.016776192933321,0.0095041133463382,-0.0167186800390481,0.0059353439137339,-0.0070827733725309,-0.006917601916939,0.0189445223659277,-0.0016390458913519,-0.0282708946615457,0.0077980929054319,0.0318860188126564,0.0069232364185154,-0.0229782834649086,0.0139534603804349,0.021209355443716,0.001396084902808,-0.0040449504740536,0.003784155473113,-0.0256185289472341,-0.0076884981244802,0.0070562227629125,0.0026145866140723,0.0004411348490975,0.0002006446593441,0.015229569748044,-0.0110308714210987,0.0097241131588816,-0.0032447746489197,-0.0725670978426933,0.0113936429843306,-0.0144688040018081,0.0,0.0100208669900894,0.0084490440785884,0.0037720096297562,0.002194307046011,-0.0072810165584087,-0.0053742127493023,-0.0426209792494773,-0.0032019179780036,-0.0065295179374516,-0.000401534984121,0.0008367786649614,-0.0060252910479903,0.0023683195468038,-0.0103051550686359,0.0101674310863018,0.002041696337983,0.0088495295494794,0.0018336661159992,0.0105691151693463,0.0103722224012017,0.0158992446959018,-0.0150966178625822,-0.0106230936944484,-0.0063356095924973,0.0086544817313551,0.0028794610407203,0.0260042194277048,0.0061526470817625,-0.0056758555583655,0.0038727805949747,-0.0126608675345778,0.0028426272328943,-0.0012438094709068,-0.0078963227570056,0.0064677940681576,-0.0048979935236275,0.0016719296108931,0.0008203633478842,-0.0240669045597314,-0.0061475252732634,-0.0229175277054309,0.0032989659812301,0.0082378908991813,0.0110974293202161,0.0247066244482994,0.0063007632270455,0.0122967939823865,0.0020198402926325,0.0,0.0020156919490545,0.0056592007167637,0.007443225942552,0.0044210334308445,-0.0103833954781293,0.0082784844562411,-0.0014124232111498,-0.0025407352950423,0.023843128234148,0.0098353447392582,0.0181176215410232,0.0008349178824573,0.0152453044886917,-0.0031184558184466,0.0019885147110165,-0.0113401902177855,0.0198851433051885,0.0193452346589921,0.0631904713853039,0.0165359897889383,0.1047821947210112,-0.0088879810791241,0.1261177392316643,0.0311633641079491,2019-02-07,2019-02-08,2019-02-11,2019-02-12,2019-02-13,2019-02-14,2019-02-15,2019-02-19,2019-02-20,2019-02-21,64450.0,2019-02-06,252.0,-5.6100%,0.001,0.4431,-0.0869,0.2932,1.3621%,1.4345%,9.8395%,-0.055408,NJR,64450.0,2019-02-07,252.0,1.8118%,0.0011,0.4453,-0.0983,0.2992,1.3655%,1.4382%,9.8449%,0.020882,NJR,64450.0,2019-02-08,252.0,-0.2821%,0.0011,0.4457,-0.0968,0.3017,1.3656%,1.4383%,9.8530%,-0.001209,NJR,64450.0,2019-02-11,252.0,-1.3058%,0.001,0.4458,-0.1172,0.2907,1.3687%,1.4386%,9.4795%,-0.013836,NJR,64450.0,2019-02-12,252.0,0.5954%,0.0009,0.4234,-0.0892,0.2743,1.3481%,1.4113%,8.7555%,0.000309,NJR,64450.0,2019-02-13,252.0,1.1837%,0.0009,0.4235,-0.0855,0.2773,1.3493%,1.4120%,8.6814%,0.0104129999999999,NJR,64450.0,2019-02-14,252.0,0.3899%,0.001,0.4223,-0.0822,0.2734,1.3496%,1.4120%,8.6374%,0.006741,NJR,64450.0,2019-02-15,252.0,0.8416%,0.001,0.4304,-0.0748,0.2867,1.3486%,1.4128%,8.8814%,0.002437,NJR,64450.0,2019-02-19,252.0,0.5564%,0.001,0.4288,-0.0697,0.2925,1.3479%,1.4114%,8.7937%,0.004003,NJR,64450.0,2019-02-20,252.0,0.7236%,0.0009,0.4285,-0.0765,0.29,1.3452%,1.4090%,8.8485%,0.0048649999999999,NJR,64450.0,2019-02-21,252.0,1.6691%,0.0011,0.4164,-0.0973,0.2676,1.3425%,1.4034%,8.4987%,0.01879,NJR,-0.034526,-0.035735,-0.049571,-0.038849,-0.002013
26835,NEW JERSEY RES,"New Jersey Resources Q1 EPS $0.61 Misses $0.69 Estimate, Sales $811.767M Beat $711.5M Estimate",6,decrease,0.7,0.5,"the earnings per share (eps) miss the estimate, which is likely to negatively impact investor sentiment despite the sales beat.",0,2019-02-06,NJR,2019-02-06 12:17:00+00:00,64450.0,64602510,-0.0561001561582088,1120126.0,0.0181176215410232,0.0008349178824573,-0.0028212035540491,-0.0039500757120549,-0.0130577208474278,-0.0082474537193775,0.0059537040069699,0.0189075954258441,0.0118369339033961,0.0119047099724412,0.0038994867354631,-0.0016977507621049,0.0084160417318344,0.0004246381868142,0.0055639231577515,-0.0160852409899234,0.0072355852462351,0.0054610022343695,0.0166912544518709,0.0093280151486396,0.0108063276857137,0.005756857804954,-0.0086348308250308,0.012959012761712,-0.0045624473132193,0.0184777863323688,0.0066666603088378,0.0136009063571691,0.0016556670889258,0.016776192933321,0.0095041133463382,-0.0167186800390481,0.0059353439137339,-0.0070827733725309,-0.006917601916939,0.0189445223659277,-0.0016390458913519,-0.0282708946615457,0.0077980929054319,0.0318860188126564,0.0069232364185154,-0.0229782834649086,0.0139534603804349,0.021209355443716,0.001396084902808,-0.0040449504740536,0.003784155473113,-0.0256185289472341,-0.0076884981244802,0.0070562227629125,0.0026145866140723,0.0004411348490975,0.0002006446593441,0.015229569748044,-0.0110308714210987,0.0097241131588816,-0.0032447746489197,-0.0725670978426933,0.0113936429843306,-0.0144688040018081,0.0,0.0100208669900894,0.0084490440785884,0.0037720096297562,0.002194307046011,-0.0072810165584087,-0.0053742127493023,-0.0426209792494773,-0.0032019179780036,-0.0065295179374516,-0.000401534984121,0.0008367786649614,-0.0060252910479903,0.0023683195468038,-0.0103051550686359,0.0101674310863018,0.002041696337983,0.0088495295494794,0.0018336661159992,0.0105691151693463,0.0103722224012017,0.0158992446959018,-0.0150966178625822,-0.0106230936944484,-0.0063356095924973,0.0086544817313551,0.0028794610407203,0.0260042194277048,0.0061526470817625,-0.0056758555583655,0.0038727805949747,-0.0126608675345778,0.0028426272328943,-0.0012438094709068,-0.0078963227570056,0.0064677940681576,-0.0048979935236275,0.0016719296108931,0.0008203633478842,-0.0240669045597314,-0.0061475252732634,-0.0229175277054309,0.0032989659812301,0.0082378908991813,0.0110974293202161,0.0247066244482994,0.0063007632270455,0.0122967939823865,0.0020198402926325,0.0,0.0020156919490545,0.0056592007167637,0.007443225942552,0.0044210334308445,-0.0103833954781293,0.0082784844562411,-0.0014124232111498,-0.0025407352950423,0.023843128234148,0.0098353447392582,0.0181176215410232,0.0008349178824573,0.0152453044886917,-0.0031184558184466,0.0019885147110165,-0.0113401902177855,0.0198851433051885,0.0193452346589921,0.0631904713853039,0.0165359897889383,0.1047821947210112,-0.0088879810791241,0.1261177392316643,0.0311633641079491,2019-02-07,2019-02-08,2019-02-11,2019-02-12,2019-02-13,2019-02-14,2019-02-15,2019-02-19,2019-02-20,2019-02-21,64450.0,2019-02-06,252.0,-5.6100%,0.001,0.4431,-0.0869,0.2932,1.3621%,1.4345%,9.8395%,-0.055408,NJR,64450.0,2019-02-07,252.0,1.8118%,0.0011,0.4453,-0.0983,0.2992,1.3655%,1.4382%,9.8449%,0.020882,NJR,64450.0,2019-02-08,252.0,-0.2821%,0.0011,0.4457,-0.0968,0.3017,1.3656%,1.4383%,9.8530%,-0.001209,NJR,64450.0,2019-02-11,252.0,-1.3058%,0.001,0.4458,-0.1172,0.2907,1.3687%,1.4386%,9.4795%,-0.013836,NJR,64450.0,2019-02-12,252.0,0.5954%,0.0009,0.4234,-0.0892,0.2743,1.3481%,1.4113%,8.7555%,0.000309,NJR,64450.0,2019-02-13,252.0,1.1837%,0.0009,0.4235,-0.0855,0.2773,1.3493%,1.4120%,8.6814%,0.0104129999999999,NJR,64450.0,2019-02-14,252.0,0.3899%,0.001,0.4223,-0.0822,0.2734,1.3496%,1.4120%,8.6374%,0.006741,NJR,64450.0,2019-02-15,252.0,0.8416%,0.001,0.4304,-0.0748,0.2867,1.3486%,1.4128%,8.8814%,0.002437,NJR,64450.0,2019-02-19,252.0,0.5564%,0.001,0.4288,-0.0697,0.2925,1.3479%,1.4114%,8.7937%,0.004003,NJR,64450.0,2019-02-20,252.0,0.7236%,0.0009,0.4285,-0.0765,0.29,1.3452%,1.4090%,8.8485%,0.0048649999999999,NJR,64450.0,2019-02-21,252.0,1.6691%,0.0011,0.4164,-0.0973,0.2676,1.3425%,1.4034%,8.4987%,0.01879,NJR,-0.034526,-0.035735,-0.049571,-0.038849,-0.002013
26843,N O V INC,"National Oilwell Varco Q4 EPS $0.03 Misses $0.08 Estimate, Sales $2.398B Beat $2.19B Estimate",6,uncertain,0.6,0.3,"while the earnings per share (eps) missed estimates, the sales beat expectations, leading to mixed signals that could result in an uncertain market reaction.",1,2019-02-06,NOV,2019-02-06 22:00:00+00:00,84032.0,62955J10,0.0125827537849545,3255868.0,-0.0634401738643646,0.0016584127442911,-0.010125664062798,0.0080240648239851,0.0169312003999948,0.0145861711353063,-0.0006937377038411,-0.0137169575318694,0.0242971461266279,0.0036937105469405,-0.0162656567990779,-0.0056761293672025,0.0268687140196561,-0.0160972326993942,-0.0194565560668706,0.0360790118575096,0.0198426246643066,0.0222685933113098,-0.0352230556309223,-0.027081960812211,-0.0097357677295804,-0.0298850517719984,0.0024578545708209,0.0221550799906253,-0.0021015575621277,0.0146457869559526,0.0080729918554425,0.001705941511318,-0.0201949831098318,0.002051263814792,0.0230988468974828,0.0048093227669596,-0.0149357514455914,0.012169693596661,-0.0063469782471656,0.0137468939647078,-0.0308729894459247,0.0146638685837388,-0.0267301183193922,0.0082942498847842,-0.0267117787152528,0.0374111495912075,0.0243524983525276,0.0400777719914913,0.0162264257669448,-0.0061871553771197,0.0063126650638878,0.0062256748788058,-0.0003689839504659,-0.0027163249906152,-0.0207101088017225,-0.0122652240097522,0.06193358451128,0.0019200935494154,0.0014224398182705,0.0659026056528091,0.0074574216268956,-0.0320918969810009,-0.016566839069128,-0.0159843992441892,-0.0455197319388389,-0.0213658716529607,0.0,-0.009073787368834,0.0056328023783862,0.0037950808182358,-0.0175504554063081,-0.012368812225759,0.0072216093540191,-0.0298181716352701,0.0052829957567155,-0.0303244218230247,0.0225225370377302,0.0103313475847244,-0.0029368547257035,-0.0373799763619899,0.0036818992812186,-0.0218047518283128,0.0044020148925483,-0.0151965972036123,0.0299489274621009,-0.0429292879998683,0.0042552812956273,-0.0364963710308075,-0.0102400779724121,0.0239800829440355,0.0231894254684448,-0.0189428329467773,0.0226638633757829,0.004295777529478,-0.0838731378316879,0.0190744400024414,0.0245627034455537,-0.0065237367525696,-0.0127134174108505,0.0180264953523874,0.0025754119269549,-0.0285713803023099,-0.0102752549573779,0.0229415316134691,0.0285502579063177,-0.0301737766712904,0.0057678390294313,-0.024962855502963,-0.0505376309156417,0.0044776573777198,-0.0018874759553,0.0257195401936769,0.0363085865974426,-0.007596475072205,0.0127737363800406,-0.0360281057655811,-0.0580180399119854,-0.0317640081048011,-0.0466717407107353,-0.0117713557556271,0.0012038798304274,-0.0146368071436882,0.018436836078763,-0.0179007295519113,-0.0634401738643646,0.0016584127442911,-0.0729234640385265,0.0096957847796412,-0.0572269454220297,0.0244233802910345,-0.0349901792025916,0.0141034278160523,-0.0595160142967898,0.022342578733101,-0.0859519319722259,0.1773879641499438,-0.1675282632897691,-0.1795528548841919,2019-02-07,2019-02-08,2019-02-11,2019-02-12,2019-02-13,2019-02-14,2019-02-15,2019-02-19,2019-02-20,2019-02-21,84032.0,2019-02-06,252.0,1.2583%,-0.0001,1.2447,0.4933,0.9187,1.6200%,2.0396%,36.9105%,0.01463,NOV,84032.0,2019-02-07,252.0,-6.3440%,-0.0005,1.2418,0.5206,0.9027,1.6459%,2.0578%,36.0233%,-0.0549059999999999,NOV,84032.0,2019-02-08,252.0,-1.0126%,-0.0003,1.2416,0.556,0.9252,1.6291%,2.0452%,36.5541%,-0.005375,NOV,84032.0,2019-02-11,252.0,1.6931%,-0.0003,1.2371,0.5734,0.9322,1.6299%,2.0317%,35.6432%,0.009295,NOV,84032.0,2019-02-12,252.0,-0.0694%,-0.0003,1.2292,0.5718,0.9285,1.6329%,2.0297%,35.2789%,-0.016148,NOV,84032.0,2019-02-13,252.0,2.4297%,-0.0003,1.2287,0.5807,0.9349,1.6371%,2.0321%,35.0971%,0.019762,NOV,84032.0,2019-02-14,252.0,-1.6266%,-0.0003,1.2316,0.5748,0.9411,1.6385%,2.0346%,35.1481%,-0.011382,NOV,84032.0,2019-02-15,252.0,2.6869%,-0.0004,1.2201,0.5653,0.9235,1.6344%,2.0225%,34.6962%,0.006898,NOV,84032.0,2019-02-19,252.0,-1.9457%,-0.0004,1.2174,0.5458,0.9018,1.6417%,2.0261%,34.3428%,-0.026285,NOV,84032.0,2019-02-20,252.0,1.9843%,-0.0004,1.2197,0.5464,0.9087,1.6421%,2.0282%,34.4472%,0.011269,NOV,84032.0,2019-02-21,252.0,-3.5223%,-0.0006,1.2282,0.5576,0.9245,1.6511%,2.0396%,34.4726%,-0.028338,NOV,-0.0402759999999999,-0.0456509999999999,-0.0363559999999999,-0.0327419999999999,-0.08058
26851,NETGEAR INC,"NETGEAR, Inc. Q4 EPS $0.68 Beats $0.49 Estimate, Sales $288.93M MAy Not Compare To $379.84M Estimate",6,decrease,0.8,0.7,"while netgear beat eps estimates, the significant miss on sales compared to expectations is likely to negatively impact investor sentiment and stock price.",0,2019-02-06,NTGR,2019-02-06 21:04:00+00:00,89800.0,64111Q10,-0.0335943885147571,838961.0,-0.0041819093748927,0.0135688362643122,0.0322835557162761,0.0051466999575495,0.0015254908939823,-0.0189346130937337,-0.1497841477394104,0.0274967942386865,0.0483726151287555,0.0015587829984724,0.00655082706362,-0.0115561624988913,0.0073570548556745,-0.0038373374845832,-0.013483134098351,0.0241027511656284,0.0048406030982732,0.0175953041762113,-0.0187021773308515,-0.011073081754148,0.0372508540749549,-0.0140369348227977,-0.013919822871685,0.0196130853146314,-0.0033878865651786,0.0,-0.0045325737446546,-0.0002650274545885,0.0202048681676387,0.0131544070318341,0.0181311443448066,-0.0124602653086185,0.0139725571498274,0.0247215386480093,-0.0145905734971165,0.0060126050375401,-0.0372909381985664,0.0130122154951095,0.0059811756946146,0.0083751883357763,-0.0016987931448966,0.0260670259594917,0.0363018326461315,0.0270667299628257,-0.0131362760439515,0.0167514625936746,-0.0044370451942086,0.0276875905692577,-0.0144846914336085,-0.0001922009250847,0.0245901327580213,0.0286618061363697,-0.0027585786301642,0.0396629720926284,-0.0290457271039485,0.0473525784909725,-0.0062677324749529,-0.0204512160271406,0.0057339668273925,-0.0344055108726024,-0.0390536673367023,-0.0064724860712885,-0.0195787567645311,0.0087737264111638,0.0018154727295041,0.0071927346289157,-0.0039263386279344,-0.0244587250053882,-0.0018193260766565,-0.0128636006265878,0.0060753575526177,-0.0209262128919363,0.0326087512075901,-0.0152642484754324,0.0020467746071517,0.0104106599465012,0.0061277817003428,-0.0120000205934047,-0.0017401790246367,0.0206065587699413,0.0092970225960016,0.0381432771682739,-0.0308003295212984,-0.0941499322652816,-0.0044549368321895,-0.0126353921368718,0.0187947805970907,0.0270671658217907,-0.0032211011275649,-0.0091844238340854,-0.0061691855080425,0.0204311180859804,0.0041383206844329,-0.0140455020591616,0.0185456946492195,0.0263656936585903,-0.0092485463246703,-0.0011367480037733,-0.0067094382829964,0.0109174428507685,0.003524197731167,-0.0134164607152342,0.0295581556856632,-0.0343065895140171,-0.0031267940066754,0.0077233938500285,-0.1536926031112671,0.0137957064434886,0.0417789667844772,-0.0224166139960289,0.0097024329006671,0.0263748578727245,-0.0060857986100018,-0.0264068618416786,-0.0090235471725463,-0.0217352788895368,0.0009756321087479,-0.0076025510206818,0.0019493002910166,0.0516921281814575,-0.0041819093748927,0.0135688362643122,0.0279666394370787,0.0187853709508873,0.0295347931848577,-0.0005049358736237,-0.0823313518937771,0.0285788100533042,-0.0948770810116405,0.0437648236499141,-0.0831154308227998,0.2891566767581075,-0.1939361864175623,0.1774521378141902,2019-02-07,2019-02-08,2019-02-11,2019-02-12,2019-02-13,2019-02-14,2019-02-15,2019-02-19,2019-02-20,2019-02-21,89800.0,2019-02-06,252.0,-3.3594%,-0.0003,1.0085,0.7778,-0.0385,2.2068%,2.5096%,22.6728%,-0.031392,NTGR,89800.0,2019-02-07,252.0,-0.4182%,-0.0003,1.0027,0.7824,-0.0375,2.2068%,2.5066%,22.4958%,0.006258,NTGR,89800.0,2019-02-08,252.0,3.2284%,0.0004,0.993,0.9158,0.01,1.9895%,2.3197%,26.4457%,0.030631,NTGR,89800.0,2019-02-11,252.0,0.1525%,0.0004,1.0007,0.8998,0.0053,1.9894%,2.3153%,26.1719%,-0.0060319999999999,NTGR,89800.0,2019-02-12,252.0,-14.9784%,-0.0005,0.887,0.9254,-0.0573,2.2196%,2.4782%,19.7812%,-0.1636639999999999,NTGR,89800.0,2019-02-13,252.0,4.8373%,-0.0002,0.8962,0.9283,-0.0457,2.2380%,2.4968%,19.6623%,0.045274,NTGR,89800.0,2019-02-14,252.0,0.6551%,-0.0002,0.8955,0.9303,-0.0482,2.2380%,2.4972%,19.6797%,0.00324,NTGR,89800.0,2019-02-15,252.0,0.7357%,-0.0003,0.8814,0.9172,-0.0717,2.2366%,2.4910%,19.3835%,-0.004957,NTGR,89800.0,2019-02-19,252.0,-1.3483%,-0.0004,0.8754,0.9099,-0.0794,2.2387%,2.4901%,19.1689%,-0.017702,NTGR,89800.0,2019-02-20,252.0,0.4841%,-0.0004,0.877,0.9183,-0.0725,2.2376%,2.4897%,19.2260%,0.001512,NTGR,89800.0,2019-02-21,252.0,-1.8702%,-0.0004,0.8772,0.9153,-0.0721,2.2388%,2.4900%,19.1549%,-0.015081,NTGR,-0.025134,0.0054969999999999,-0.000535,-0.1189249999999999,-0.1519129999999999
26859,NOVARTIS A G,"Novartis Ag CEO Says Trying To Limit Our Net Price Increases To Medical Inflation, Or Less",6,decrease,0.7,0.6,"limiting net price increases to medical inflation or less may signal to investors that novartis is facing pricing pressures, which could negatively impact revenue growth and investor sentiment.",0,2019-02-06,NVS,2019-02-06 16:00:00+00:00,88233.0,66987V10,0.0005621478776447,1024148.0,-0.0076404530555009,0.0064494195394217,0.0060008917935192,0.0082134790718555,-0.0082160467281937,0.0015997146256268,0.0082841096445918,0.0215944722294807,-0.0002250607067253,-0.0106247626245021,0.0021388586610555,0.0109748374670743,0.0096607580780982,-0.0034903483465313,0.0010013793362304,-0.0052083861082792,0.0085583711043,-0.0198525246232748,-0.0025346674956381,-0.0019247981254011,0.0029830585699528,-0.0075289155356585,0.0035250021610409,0.0040618372149765,0.0042810030281543,0.0077316695824265,-0.002185998018831,0.0009103698539547,-0.0006572193815372,0.012094022706151,0.0018634019652381,-0.0108237098902463,0.0075944038107991,-0.0038588577881455,0.0060497522354125,0.0132244890555739,0.0001112973986892,0.0027675030287355,-0.0042311241850256,0.0216777101159095,0.002795482520014,-0.0117592522874474,0.0043487888760864,0.0135709410533309,0.0,0.0080894641578197,0.0173198357224464,-0.0203938949853181,0.0042562414892017,0.0064508025534451,0.0138013940304517,0.0141548998653888,-0.0012863408774137,-0.0082576023414731,-0.001931955688633,0.0276397000998258,0.0052694431506097,-0.0103179439902305,0.0019255487713962,-0.0104476418346166,-0.0025625184644013,-0.0026050158776342,-0.0011774846352636,-0.0110083436593413,0.0183260012418031,-0.0043143974617123,0.000947210821323,-0.0186519883573055,0.0054673184640705,-0.0114253628998994,0.0053330771625041,0.0030637045856565,-0.0044726473279297,0.0104333413764834,-0.0086720492690801,0.0036823900882154,0.0008431896567344,-0.0020670681260526,-0.0077927322126924,-0.0221224166452884,-0.0024411308113485,-0.0189489219337701,0.0100010903552174,-0.0080866077914834,0.0009270255686715,-0.0002184709155699,-0.0177437160164117,0.0052717817015945,-0.0007323026657104,0.0140327671542763,-0.0199096724390983,0.010124891065061,0.0089730964973568,-0.0012359619140625,-0.0200099162757396,0.0110189849510788,-0.0257120411843061,-0.0112321693450212,-0.0115135749801993,0.0239218156784772,-0.0132181923836469,-0.0154003016650676,0.0066312993876636,0.0063817384652793,0.0252964179962873,0.0058459667488932,0.0357234477996826,-0.001030619139783,0.0085608242079615,-0.0110972225666046,-0.0019683067221194,0.0009066553320735,0.0135585619136691,-0.011096142232418,-0.0038915199693292,-0.0002240771282231,0.0002441294345771,0.0038244805764406,0.0082997716963291,0.0111465351656079,-0.0076404530555009,0.0064494195394217,-0.0016854107940212,0.01471587078369,-0.0098876101083751,0.0163391266030383,-0.0019100918970889,0.0272548867544493,0.0169663168469076,0.007133119880607,0.0857734574341779,0.056036961209408,0.0909514720773074,0.0117151816081875,2019-02-07,2019-02-08,2019-02-11,2019-02-12,2019-02-13,2019-02-14,2019-02-15,2019-02-19,2019-02-20,2019-02-21,88233.0,2019-02-06,252.0,0.0562%,0.0002,0.6146,-0.0903,0.0742,0.8846%,1.1022%,35.5841%,0.0017879999999999,NVS,88233.0,2019-02-07,252.0,-0.7640%,0.0002,0.612,-0.0859,0.0731,0.8840%,1.0986%,35.2460%,-0.002432,NVS,88233.0,2019-02-08,252.0,0.6001%,0.0003,0.6106,-0.0744,0.0749,0.8803%,1.0941%,35.2679%,0.005897,NVS,88233.0,2019-02-11,252.0,-0.8216%,0.0003,0.6028,-0.0794,0.0681,0.8817%,1.0818%,33.5836%,-0.008852,NVS,88233.0,2019-02-12,252.0,0.8284%,0.0003,0.6031,-0.0798,0.0683,0.8817%,1.0817%,33.5715%,0.000117,NVS,88233.0,2019-02-13,252.0,-0.0225%,0.0003,0.6025,-0.0798,0.0677,0.8818%,1.0803%,33.3836%,-0.002014,NVS,88233.0,2019-02-14,252.0,0.2139%,0.0003,0.6021,-0.0775,0.0644,0.8810%,1.0799%,33.4377%,0.004112,NVS,88233.0,2019-02-15,252.0,0.9661%,0.0003,0.5925,-0.0858,0.0492,0.8770%,1.0720%,33.0688%,0.002642,NVS,88233.0,2019-02-19,252.0,0.1001%,0.0002,0.5905,-0.0833,0.0522,0.8761%,1.0688%,32.8005%,-0.000123,NVS,88233.0,2019-02-20,252.0,0.8558%,0.0003,0.5922,-0.0805,0.0581,0.8771%,1.0699%,32.7950%,0.007232,NVS,88233.0,2019-02-21,252.0,-0.2535%,0.0003,0.5871,-0.091,0.0487,0.8723%,1.0640%,32.7874%,-0.000366,NVS,-0.000644,0.005253,-0.003599,-0.005496,0.008001
26867,NEW YORK COMMUNITY BANCORP INC,"UBS Upgrades New York Community Banc to Buy, Raises Price Target to $15",6,increase,0.8,0.7,the upgrade to 'buy' and the increase in price target typically signal positive sentiment and can lead to an increase in stock price.,2,2019-02-06,NYCB,2019-02-06 11:28:00+00:00,79859.0,64944510,0.0177665017545223,10675812.0,-0.0033250176347792,-0.0025317033287137,-0.000834047445096,-0.0100250532850623,0.0008347374387085,0.0301205143332481,0.0109983179718256,0.0166228841990232,0.0092050721868872,0.051517978310585,-0.0124378576874733,0.0009208314004354,0.0117548564448952,0.0149532565847039,0.016597494482994,0.0094339083880186,0.0,0.0009443086455576,-0.0008163452148437,0.0028408837970346,0.0081699658185243,-0.0009460052242502,-0.0040518790483474,0.0173242874443531,-0.0040683639235794,0.0216322783380746,0.0163398534059524,0.0039486633613705,0.0056270621716976,-0.0039331330917775,0.0111909983679652,0.0059347599744796,-0.0031620524823665,-0.0049212789162993,-0.0031720825936645,0.0059405411593616,-0.0151153206825256,0.0059761372394859,-0.0129240583628416,0.0151667958125472,0.0,-0.0050301044248044,-0.0163665954023599,0.0268594287335872,-0.0008319657645188,0.0125522883608937,0.0,0.0159405507147312,0.0016652375925332,0.0217155050486326,0.0,0.0221975371241569,0.0149626191705465,-0.0131434705108404,-0.0204750206321477,0.042237427085638,-0.0309364460408687,-0.0022778478451073,0.0112165752798318,-0.0178970750421285,-0.0187713541090488,-0.0011173440143466,-0.0095651876181364,-0.031385276466608,0.0254609268158674,-0.0053821518085896,-0.0017123678699135,-0.013800436630845,0.0102915856987237,-0.0084210447967052,-0.0178268291056156,-0.0384615510702133,0.0190147161483764,0.0291666369885206,-0.0110263032838702,-0.0153845762833952,0.0060034045018255,-0.0298507642000913,0.0068201944231987,-0.023323593661189,0.0016934380400925,0.0058651440776884,0.0008453279151581,-0.0229227039963007,-0.0084459781646728,-0.0150517262518405,0.01107326336205,0.00662875873968,0.0058971941471099,0.0332681164145469,0.0050251609645783,0.0365112200379371,-0.0075000128708779,-0.0030334363691508,0.0025188692379742,0.0280665755271911,-0.0443885885179042,0.0105041414499282,-0.0026292491238564,-0.0103949513286352,-0.0061511155217885,0.0031282308045774,0.0008841091766953,0.0180467162281274,0.0053003905341029,-0.0084210447967052,-0.0149384951218962,0.0074230851605534,0.0124888801947236,-0.016684029251337,0.0061673736199736,0.0148148518055677,0.018388794735074,-0.0156250596046447,-0.0214961301535368,-0.0184048414230346,0.0096660507842898,-0.0050864894874393,0.0087032532319426,0.0102775320410728,-0.0033250176347792,-0.0025317033287137,-0.004156291857412,-0.0125313761530038,-0.003325023831123,0.0172116866852125,0.0169120932582613,0.0873964854577009,0.0320898305564101,0.1193181064028923,-0.0117570824945724,0.322147675719725,-0.0227188319890901,0.2147996124381195,2019-02-07,2019-02-08,2019-02-11,2019-02-12,2019-02-13,2019-02-14,2019-02-15,2019-02-19,2019-02-20,2019-02-21,79859.0,2019-02-06,252.0,1.7767%,0.0002,0.9628,0.7854,1.378,1.2294%,1.6062%,41.4170%,0.018874,NYCB,79859.0,2019-02-07,252.0,-0.3325%,0.0002,0.9643,0.783,1.3786,1.2292%,1.6057%,41.3983%,0.0011749999999999,NYCB,79859.0,2019-02-08,252.0,-0.0834%,0.0002,0.9631,0.7826,1.373,1.2300%,1.6057%,41.3192%,0.007319,NYCB,79859.0,2019-02-11,252.0,0.0835%,0.0002,0.9521,0.7806,1.3662,1.2305%,1.5956%,40.5226%,-0.008937,NYCB,79859.0,2019-02-12,252.0,1.0998%,0.0002,0.9433,0.7918,1.3596,1.2269%,1.5888%,40.3722%,0.0001159999999999,NYCB,79859.0,2019-02-13,252.0,0.9205%,0.0002,0.9459,0.7894,1.3604,1.2270%,1.5899%,40.4387%,0.005037,NYCB,79859.0,2019-02-14,252.0,-1.2438%,0.0001,0.947,0.7854,1.3656,1.2270%,1.5911%,40.5290%,-0.0067659999999999,NYCB,79859.0,2019-02-15,252.0,1.1755%,0.0001,0.9422,0.7802,1.3566,1.2279%,1.5862%,40.0688%,-0.007565,NYCB,79859.0,2019-02-19,252.0,1.6597%,0.0001,0.9404,0.7902,1.3679,1.2270%,1.5875%,40.2581%,0.008375,NYCB,79859.0,2019-02-20,252.0,0.0000%,0.0,0.9368,0.7803,1.3548,1.2287%,1.5862%,39.9958%,-0.011149,NYCB,79859.0,2019-02-21,252.0,-0.0816%,0.0,0.9376,0.7833,1.3562,1.2287%,1.5858%,39.9673%,0.006212,NYCB,0.0200489999999999,0.0273679999999999,0.0184309999999999,0.0235839999999999,0.012691
26875,NEW YORK TIMES CO,"New York Times shares are trading higher after the company reported Q4 EPS $0.33 that  beat the $0.28 estimate, sales of $502.74 million beating $479.63 million estimates.",6,increase,0.85,0.7,the positive earnings surprise and higher-than-expected sales are likely to boost investor confidence and drive the stock price higher.,2,2019-02-06,NYT,2019-02-06 18:13:00+00:00,47466.0,65011110,0.103307344019413,10842802.0,0.030650045722723,0.0007437879685312,0.0248366091400384,0.0208807606250047,-0.0035076723434031,0.0245041269809007,0.0054400023072957,-0.0107734007760882,-0.0015913187526166,-0.0072574685327708,0.0188077222555875,0.0061491099186241,0.0021902283187955,-0.0030651311390101,-0.0021854417864233,0.0131987631320953,-0.0028159650973975,0.0391286499798297,0.0081581491976976,0.0012116594007238,0.0099595291540026,-0.0166799072176218,-0.0003082322364207,-0.0125490073114633,-0.0006165369413793,0.0139165166765451,0.0268353726714849,0.0219422597438097,-0.0132172554731369,0.0024440479464828,0.014307496137917,0.0111202038824558,-0.0027010850608348,0.0214556250721216,0.0117363650351762,0.0008421245147474,-0.0071385446935892,0.0149572817608714,-0.0038945795968174,0.0253717843443155,0.0027067714836448,0.0173565335571765,0.0191961415112018,0.0504908822476863,0.0064744325354695,-0.0210526771843433,0.0084795588627457,-0.0197398159652948,-0.0089881522580981,-0.0049106562510132,0.0020479722879827,-0.0088495910167694,-0.0037956517189741,-0.0035273334942758,-0.0041031474247574,0.0370370112359523,-0.0185403488576412,-0.0117486817762255,0.0110945357009768,-0.0181899610906839,-0.0332147888839244,-0.0267702471464872,-0.0006133939605206,-0.0173949878662824,0.0009207727853208,0.0120222745463252,0.0039865397848188,-0.0489995442330837,0.0018325459677726,-0.0196156837046146,0.0015243670204654,-0.0103011187165975,0.0203957986086607,-0.0178988706320524,0.0011932536726817,0.0054773590527474,-0.0017904374981299,0.0179211013019084,0.0032885083928704,-0.0308760795742273,0.0,-0.0207860637456178,0.0002979237469844,-0.0228951573371887,-0.0092344768345355,0.009317927993834,0.0162357464432716,0.0003728646261151,0.0029586476739495,0.0026168110780417,0.0032447429839521,0.0171102955937385,-0.0094089889898896,0.0003803089202847,0.0077174874022603,0.0170212965458631,-0.002061846666038,0.0185185670852661,-0.0070838746614754,0.0233870949596166,-0.0208085849881172,-0.0323839224874973,0.0024287139531224,-0.0254752896726131,0.0024227139074355,-0.0075471987947821,-0.0172205362468957,0.0211945753544569,0.0169075652956962,-0.0046029509976506,0.002116072922945,-0.0110015515238046,0.0,-0.0411058254539966,0.0027149366214871,-0.0036245153751224,-0.0111312493681907,-0.0025307193864136,0.0228171590715646,0.0267260316759347,0.030650045722723,0.0007437879685312,0.056247898068501,0.0216400794520625,0.0525429265286685,0.0466744776877334,0.0565847195504736,0.0278838639549419,0.0821825716120083,0.0868335848426737,0.1357359596291543,0.1959183149319505,0.1340573394874584,0.0005938929718412,2019-02-07,2019-02-08,2019-02-11,2019-02-12,2019-02-13,2019-02-14,2019-02-15,2019-02-19,2019-02-20,2019-02-21,47466.0,2019-02-06,252.0,10.3307%,0.0012,0.6827,0.7221,0.0619,1.9197%,2.0899%,15.6218%,0.104799,NYT,47466.0,2019-02-07,252.0,3.0650%,0.0013,0.6705,0.7219,0.0704,1.9331%,2.0966%,14.9892%,0.037596,NYT,47466.0,2019-02-08,252.0,2.4837%,0.0015,0.6662,0.7294,0.057,1.9364%,2.1002%,14.9888%,0.024258,NYT,47466.0,2019-02-11,252.0,-0.3508%,0.0009,0.8216,0.5669,0.0506,1.7776%,2.0030%,21.2421%,-0.009485,NYT,47466.0,2019-02-12,252.0,0.5440%,0.001,0.8305,0.5505,0.0581,1.7730%,2.0013%,21.5203%,-0.005861,NYT,47466.0,2019-02-13,252.0,-0.1591%,0.001,0.8342,0.5422,0.0553,1.7722%,2.0014%,21.5902%,-0.004388,NYT,47466.0,2019-02-14,252.0,1.8808%,0.0011,0.8303,0.5515,0.0449,1.7754%,2.0044%,21.5486%,0.017961,NYT,47466.0,2019-02-15,252.0,0.2190%,0.001,0.8158,0.5374,0.02,1.7754%,1.9989%,21.1133%,-0.008887,NYT,47466.0,2019-02-19,252.0,-0.2185%,0.0009,0.8119,0.5371,0.0199,1.7751%,1.9962%,20.9211%,-0.005454,NYT,47466.0,2019-02-20,252.0,-0.2816%,0.0009,0.811,0.5389,0.0175,1.7747%,1.9958%,20.9331%,-0.00575,NYT,47466.0,2019-02-21,252.0,0.8158%,0.0009,0.8136,0.5465,0.0222,1.7737%,1.9958%,21.0200%,0.011476,NYT,0.142395,0.166653,0.157168,0.146919,0.156265
26883,NEW YORK TIMES CO,"'New York Times' online subscribers accelerated in the fourth quarter, prompting the newspaper company to set an ambitious new goal: to hit 10 million subscriptions by 2025 @business @TheTerminal' -Tweets Daniele Lepido",6,increase,0.8,0.7,"the acceleration in online subscribers and the ambitious goal of reaching 10 million subscriptions by 2025 suggests strong growth potential, which is likely to positively impact investor sentiment and the stock price.",2,2019-02-06,NYT,2019-02-06 16:34:00+00:00,47466.0,65011110,0.103307344019413,10842802.0,0.030650045722723,0.0007437879685312,0.0248366091400384,0.0208807606250047,-0.0035076723434031,0.0245041269809007,0.0054400023072957,-0.0107734007760882,-0.0015913187526166,-0.0072574685327708,0.0188077222555875,0.0061491099186241,0.0021902283187955,-0.0030651311390101,-0.0021854417864233,0.0131987631320953,-0.0028159650973975,0.0391286499798297,0.0081581491976976,0.0012116594007238,0.0099595291540026,-0.0166799072176218,-0.0003082322364207,-0.0125490073114633,-0.0006165369413793,0.0139165166765451,0.0268353726714849,0.0219422597438097,-0.0132172554731369,0.0024440479464828,0.014307496137917,0.0111202038824558,-0.0027010850608348,0.0214556250721216,0.0117363650351762,0.0008421245147474,-0.0071385446935892,0.0149572817608714,-0.0038945795968174,0.0253717843443155,0.0027067714836448,0.0173565335571765,0.0191961415112018,0.0504908822476863,0.0064744325354695,-0.0210526771843433,0.0084795588627457,-0.0197398159652948,-0.0089881522580981,-0.0049106562510132,0.0020479722879827,-0.0088495910167694,-0.0037956517189741,-0.0035273334942758,-0.0041031474247574,0.0370370112359523,-0.0185403488576412,-0.0117486817762255,0.0110945357009768,-0.0181899610906839,-0.0332147888839244,-0.0267702471464872,-0.0006133939605206,-0.0173949878662824,0.0009207727853208,0.0120222745463252,0.0039865397848188,-0.0489995442330837,0.0018325459677726,-0.0196156837046146,0.0015243670204654,-0.0103011187165975,0.0203957986086607,-0.0178988706320524,0.0011932536726817,0.0054773590527474,-0.0017904374981299,0.0179211013019084,0.0032885083928704,-0.0308760795742273,0.0,-0.0207860637456178,0.0002979237469844,-0.0228951573371887,-0.0092344768345355,0.009317927993834,0.0162357464432716,0.0003728646261151,0.0029586476739495,0.0026168110780417,0.0032447429839521,0.0171102955937385,-0.0094089889898896,0.0003803089202847,0.0077174874022603,0.0170212965458631,-0.002061846666038,0.0185185670852661,-0.0070838746614754,0.0233870949596166,-0.0208085849881172,-0.0323839224874973,0.0024287139531224,-0.0254752896726131,0.0024227139074355,-0.0075471987947821,-0.0172205362468957,0.0211945753544569,0.0169075652956962,-0.0046029509976506,0.002116072922945,-0.0110015515238046,0.0,-0.0411058254539966,0.0027149366214871,-0.0036245153751224,-0.0111312493681907,-0.0025307193864136,0.0228171590715646,0.0267260316759347,0.030650045722723,0.0007437879685312,0.056247898068501,0.0216400794520625,0.0525429265286685,0.0466744776877334,0.0565847195504736,0.0278838639549419,0.0821825716120083,0.0868335848426737,0.1357359596291543,0.1959183149319505,0.1340573394874584,0.0005938929718412,2019-02-07,2019-02-08,2019-02-11,2019-02-12,2019-02-13,2019-02-14,2019-02-15,2019-02-19,2019-02-20,2019-02-21,47466.0,2019-02-06,252.0,10.3307%,0.0012,0.6827,0.7221,0.0619,1.9197%,2.0899%,15.6218%,0.104799,NYT,47466.0,2019-02-07,252.0,3.0650%,0.0013,0.6705,0.7219,0.0704,1.9331%,2.0966%,14.9892%,0.037596,NYT,47466.0,2019-02-08,252.0,2.4837%,0.0015,0.6662,0.7294,0.057,1.9364%,2.1002%,14.9888%,0.024258,NYT,47466.0,2019-02-11,252.0,-0.3508%,0.0009,0.8216,0.5669,0.0506,1.7776%,2.0030%,21.2421%,-0.009485,NYT,47466.0,2019-02-12,252.0,0.5440%,0.001,0.8305,0.5505,0.0581,1.7730%,2.0013%,21.5203%,-0.005861,NYT,47466.0,2019-02-13,252.0,-0.1591%,0.001,0.8342,0.5422,0.0553,1.7722%,2.0014%,21.5902%,-0.004388,NYT,47466.0,2019-02-14,252.0,1.8808%,0.0011,0.8303,0.5515,0.0449,1.7754%,2.0044%,21.5486%,0.017961,NYT,47466.0,2019-02-15,252.0,0.2190%,0.001,0.8158,0.5374,0.02,1.7754%,1.9989%,21.1133%,-0.008887,NYT,47466.0,2019-02-19,252.0,-0.2185%,0.0009,0.8119,0.5371,0.0199,1.7751%,1.9962%,20.9211%,-0.005454,NYT,47466.0,2019-02-20,252.0,-0.2816%,0.0009,0.811,0.5389,0.0175,1.7747%,1.9958%,20.9331%,-0.00575,NYT,47466.0,2019-02-21,252.0,0.8158%,0.0009,0.8136,0.5465,0.0222,1.7737%,1.9958%,21.0200%,0.011476,NYT,0.142395,0.166653,0.157168,0.146919,0.156265
26891,NEW YORK TIMES CO,"New York Times Q4 EPS $0.33 Beats $0.28 Estimate, Sales $502.74M Beat $479.63M Estimate",6,increase,0.8,0.6,"the new york times co. reported better-than-expected earnings and sales, which typically leads to positive investor sentiment and an increase in stock price.",2,2019-02-06,NYT,2019-02-06 13:37:00+00:00,47466.0,65011110,0.103307344019413,10842802.0,0.030650045722723,0.0007437879685312,0.0248366091400384,0.0208807606250047,-0.0035076723434031,0.0245041269809007,0.0054400023072957,-0.0107734007760882,-0.0015913187526166,-0.0072574685327708,0.0188077222555875,0.0061491099186241,0.0021902283187955,-0.0030651311390101,-0.0021854417864233,0.0131987631320953,-0.0028159650973975,0.0391286499798297,0.0081581491976976,0.0012116594007238,0.0099595291540026,-0.0166799072176218,-0.0003082322364207,-0.0125490073114633,-0.0006165369413793,0.0139165166765451,0.0268353726714849,0.0219422597438097,-0.0132172554731369,0.0024440479464828,0.014307496137917,0.0111202038824558,-0.0027010850608348,0.0214556250721216,0.0117363650351762,0.0008421245147474,-0.0071385446935892,0.0149572817608714,-0.0038945795968174,0.0253717843443155,0.0027067714836448,0.0173565335571765,0.0191961415112018,0.0504908822476863,0.0064744325354695,-0.0210526771843433,0.0084795588627457,-0.0197398159652948,-0.0089881522580981,-0.0049106562510132,0.0020479722879827,-0.0088495910167694,-0.0037956517189741,-0.0035273334942758,-0.0041031474247574,0.0370370112359523,-0.0185403488576412,-0.0117486817762255,0.0110945357009768,-0.0181899610906839,-0.0332147888839244,-0.0267702471464872,-0.0006133939605206,-0.0173949878662824,0.0009207727853208,0.0120222745463252,0.0039865397848188,-0.0489995442330837,0.0018325459677726,-0.0196156837046146,0.0015243670204654,-0.0103011187165975,0.0203957986086607,-0.0178988706320524,0.0011932536726817,0.0054773590527474,-0.0017904374981299,0.0179211013019084,0.0032885083928704,-0.0308760795742273,0.0,-0.0207860637456178,0.0002979237469844,-0.0228951573371887,-0.0092344768345355,0.009317927993834,0.0162357464432716,0.0003728646261151,0.0029586476739495,0.0026168110780417,0.0032447429839521,0.0171102955937385,-0.0094089889898896,0.0003803089202847,0.0077174874022603,0.0170212965458631,-0.002061846666038,0.0185185670852661,-0.0070838746614754,0.0233870949596166,-0.0208085849881172,-0.0323839224874973,0.0024287139531224,-0.0254752896726131,0.0024227139074355,-0.0075471987947821,-0.0172205362468957,0.0211945753544569,0.0169075652956962,-0.0046029509976506,0.002116072922945,-0.0110015515238046,0.0,-0.0411058254539966,0.0027149366214871,-0.0036245153751224,-0.0111312493681907,-0.0025307193864136,0.0228171590715646,0.0267260316759347,0.030650045722723,0.0007437879685312,0.056247898068501,0.0216400794520625,0.0525429265286685,0.0466744776877334,0.0565847195504736,0.0278838639549419,0.0821825716120083,0.0868335848426737,0.1357359596291543,0.1959183149319505,0.1340573394874584,0.0005938929718412,2019-02-07,2019-02-08,2019-02-11,2019-02-12,2019-02-13,2019-02-14,2019-02-15,2019-02-19,2019-02-20,2019-02-21,47466.0,2019-02-06,252.0,10.3307%,0.0012,0.6827,0.7221,0.0619,1.9197%,2.0899%,15.6218%,0.104799,NYT,47466.0,2019-02-07,252.0,3.0650%,0.0013,0.6705,0.7219,0.0704,1.9331%,2.0966%,14.9892%,0.037596,NYT,47466.0,2019-02-08,252.0,2.4837%,0.0015,0.6662,0.7294,0.057,1.9364%,2.1002%,14.9888%,0.024258,NYT,47466.0,2019-02-11,252.0,-0.3508%,0.0009,0.8216,0.5669,0.0506,1.7776%,2.0030%,21.2421%,-0.009485,NYT,47466.0,2019-02-12,252.0,0.5440%,0.001,0.8305,0.5505,0.0581,1.7730%,2.0013%,21.5203%,-0.005861,NYT,47466.0,2019-02-13,252.0,-0.1591%,0.001,0.8342,0.5422,0.0553,1.7722%,2.0014%,21.5902%,-0.004388,NYT,47466.0,2019-02-14,252.0,1.8808%,0.0011,0.8303,0.5515,0.0449,1.7754%,2.0044%,21.5486%,0.017961,NYT,47466.0,2019-02-15,252.0,0.2190%,0.001,0.8158,0.5374,0.02,1.7754%,1.9989%,21.1133%,-0.008887,NYT,47466.0,2019-02-19,252.0,-0.2185%,0.0009,0.8119,0.5371,0.0199,1.7751%,1.9962%,20.9211%,-0.005454,NYT,47466.0,2019-02-20,252.0,-0.2816%,0.0009,0.811,0.5389,0.0175,1.7747%,1.9958%,20.9331%,-0.00575,NYT,47466.0,2019-02-21,252.0,0.8158%,0.0009,0.8136,0.5465,0.0222,1.7737%,1.9958%,21.0200%,0.011476,NYT,0.142395,0.166653,0.157168,0.146919,0.156265
26899,O REILLY AUTOMOTIVE INC NEW,"O'Reilly Automotive Sees Q1 EPS $3.92-$4.02 vs $4.07 Est; Sees FY19 EPS $17.37-$17.47 vs $17.81 Est, Sales $10B-$10.3B vs $10.09B Est.",6,decrease,0.75,0.6,"the company's q1 and fy19 eps guidance is below analyst estimates, which is likely to negatively impact investor sentiment and lead to a decrease in stock price.",0,2019-02-06,ORLY,2019-02-06 21:32:00+00:00,79103.0,67103H10,-0.0128137031570076,893529.0,0.0334822610020637,0.0057275402359664,-0.0143106784671545,0.0271665845066309,0.0179051756858825,0.0060639362782239,0.0322079136967659,-0.002950674155727,-0.0028269619215279,0.0189836174249649,0.0149170001968741,0.0106353759765625,0.0129226269200444,-0.0052453442476689,-0.0089175039902329,-0.0073542390018701,-0.0024965463671833,-0.0228801146149635,-0.0080295810475945,0.0070921452715992,0.0091721164062619,-0.0172119140625,-0.0229953564703464,0.0094193294644355,0.007676737383008,0.0122674452140927,-0.0266638901084661,-0.0004358387377578,0.0108707472681999,0.0087937861680984,-0.0023389481939375,0.0071442825719714,-0.0016437666490674,-0.0137141607701778,0.0116604855284094,-0.0002911046904046,-0.006510145496577,0.0222275145351886,-0.0079223914071917,-0.0106567610055208,-0.0143742654472589,-0.0062313638627529,0.006152129266411,-0.0124519616365432,-0.0022656181827187,0.0145977167412638,0.0049792802892625,-0.009235305711627,0.0022595953196287,0.0065185045823454,0.0050521115772426,-0.0029726889915764,0.0156207745894789,-0.003861277597025,-0.0042309644632041,0.0520448610186576,0.003393868682906,-0.0095592569559812,0.0243154745548963,-0.0063722836785018,-0.021606296300888,-0.0226211454719305,0.0254850573837757,-0.0107817240059375,-0.0031356653198599,0.0092685036361217,0.0057450919412076,-0.0207657478749752,0.0040838131681084,-0.0180222932249307,-0.0004376487922854,0.002629846567288,0.008344117552042,0.0322853662073612,0.0071256523951888,0.013340855948627,0.0052494290284812,0.019942631945014,0.004238124936819,-0.0263211764395237,0.0076618227176368,-0.0173772163689136,0.0021439068950712,0.0002598496794234,-0.005174224730581,-0.0012688230490311,0.0127528849989175,-0.022742023691535,0.0070121632888913,-0.0112017970532178,-0.0037513761781156,0.0163985751569271,0.0057836337946355,0.0059545752592384,-0.0004405099025461,0.0010266815079376,-0.0103307338431477,0.0146131673827767,-0.0118979830294847,0.0282976143062114,-0.015395768918097,-0.0512928627431392,0.005974946077913,0.0046511176042258,0.0026537626981735,0.0190751627087593,-0.0421214289963245,-0.0247477274388074,-0.0001052856459864,-0.0076638800092041,-0.0130539834499359,0.0232105124741792,0.0095200194045901,-0.0150250513106584,-0.0132604790851473,0.0036781004164367,0.0200241226702928,0.0330576002597808,-0.0137521727010607,0.0257540214806795,0.0334822610020637,0.0057275402359664,0.0186924286633554,0.0330497224484329,0.0369322955684512,0.0393140701375971,0.0673039400874804,0.0559191170369404,0.0760138163653854,0.0369372643918568,0.0876364222556347,0.0767080090753771,0.062694457926576,0.073964087808489,2019-02-07,2019-02-08,2019-02-11,2019-02-12,2019-02-13,2019-02-14,2019-02-15,2019-02-19,2019-02-20,2019-02-21,79103.0,2019-02-06,252.0,-1.2814%,0.0014,0.7578,0.1525,0.1712,1.5859%,1.7738%,20.0631%,-0.011364,ORLY,79103.0,2019-02-07,252.0,3.3482%,0.0015,0.7356,0.1643,0.1788,1.5986%,1.7733%,18.7254%,0.03996,ORLY,79103.0,2019-02-08,252.0,-1.4311%,0.0015,0.738,0.178,0.1978,1.6000%,1.7743%,18.6799%,-0.013921,ORLY,79103.0,2019-02-11,252.0,1.7905%,0.0015,0.772,0.1642,0.2081,1.5950%,1.7773%,19.4624%,0.015142,ORLY,79103.0,2019-02-12,252.0,3.2208%,0.0016,0.7952,0.1495,0.2225,1.5945%,1.7862%,20.3164%,0.0219289999999999,ORLY,79103.0,2019-02-13,252.0,-0.2827%,0.0017,0.8022,0.1349,0.2182,1.5913%,1.7858%,20.5973%,-0.005399,ORLY,79103.0,2019-02-14,252.0,1.4917%,0.0018,0.7996,0.1438,0.2067,1.5911%,1.7856%,20.5958%,0.0170659999999999,ORLY,79103.0,2019-02-15,252.0,1.2923%,0.0018,0.8052,0.1489,0.2159,1.5906%,1.7863%,20.7129%,0.002436,ORLY,79103.0,2019-02-19,252.0,-0.8918%,0.0017,0.7996,0.1447,0.2117,1.5918%,1.7843%,20.4141%,-0.011627,ORLY,79103.0,2019-02-20,252.0,-0.2497%,0.0017,0.7983,0.1451,0.2078,1.5917%,1.7840%,20.3958%,-0.005598,ORLY,79103.0,2019-02-21,252.0,-0.8030%,0.0017,0.8031,0.1536,0.2167,1.5911%,1.7850%,20.5422%,-0.004596,ORLY,0.028596,0.014675,0.029817,0.046347,0.0440279999999999
26907,O REILLY AUTOMOTIVE INC NEW,"O'Reilly Automotive Q4 EPS $3.76 Beats $3.75 Estimate, Sales $2.31B Miss $2.33B Estimate",6,uncertain,0.6,0.3,"while o'reilly automotive beat eps estimates, the miss on sales could raise concerns among investors, leading to uncertainty in stock price movement.",1,2019-02-06,ORLY,2019-02-06 21:31:00+00:00,79103.0,67103H10,-0.0128137031570076,893529.0,0.0334822610020637,0.0057275402359664,-0.0143106784671545,0.0271665845066309,0.0179051756858825,0.0060639362782239,0.0322079136967659,-0.002950674155727,-0.0028269619215279,0.0189836174249649,0.0149170001968741,0.0106353759765625,0.0129226269200444,-0.0052453442476689,-0.0089175039902329,-0.0073542390018701,-0.0024965463671833,-0.0228801146149635,-0.0080295810475945,0.0070921452715992,0.0091721164062619,-0.0172119140625,-0.0229953564703464,0.0094193294644355,0.007676737383008,0.0122674452140927,-0.0266638901084661,-0.0004358387377578,0.0108707472681999,0.0087937861680984,-0.0023389481939375,0.0071442825719714,-0.0016437666490674,-0.0137141607701778,0.0116604855284094,-0.0002911046904046,-0.006510145496577,0.0222275145351886,-0.0079223914071917,-0.0106567610055208,-0.0143742654472589,-0.0062313638627529,0.006152129266411,-0.0124519616365432,-0.0022656181827187,0.0145977167412638,0.0049792802892625,-0.009235305711627,0.0022595953196287,0.0065185045823454,0.0050521115772426,-0.0029726889915764,0.0156207745894789,-0.003861277597025,-0.0042309644632041,0.0520448610186576,0.003393868682906,-0.0095592569559812,0.0243154745548963,-0.0063722836785018,-0.021606296300888,-0.0226211454719305,0.0254850573837757,-0.0107817240059375,-0.0031356653198599,0.0092685036361217,0.0057450919412076,-0.0207657478749752,0.0040838131681084,-0.0180222932249307,-0.0004376487922854,0.002629846567288,0.008344117552042,0.0322853662073612,0.0071256523951888,0.013340855948627,0.0052494290284812,0.019942631945014,0.004238124936819,-0.0263211764395237,0.0076618227176368,-0.0173772163689136,0.0021439068950712,0.0002598496794234,-0.005174224730581,-0.0012688230490311,0.0127528849989175,-0.022742023691535,0.0070121632888913,-0.0112017970532178,-0.0037513761781156,0.0163985751569271,0.0057836337946355,0.0059545752592384,-0.0004405099025461,0.0010266815079376,-0.0103307338431477,0.0146131673827767,-0.0118979830294847,0.0282976143062114,-0.015395768918097,-0.0512928627431392,0.005974946077913,0.0046511176042258,0.0026537626981735,0.0190751627087593,-0.0421214289963245,-0.0247477274388074,-0.0001052856459864,-0.0076638800092041,-0.0130539834499359,0.0232105124741792,0.0095200194045901,-0.0150250513106584,-0.0132604790851473,0.0036781004164367,0.0200241226702928,0.0330576002597808,-0.0137521727010607,0.0257540214806795,0.0334822610020637,0.0057275402359664,0.0186924286633554,0.0330497224484329,0.0369322955684512,0.0393140701375971,0.0673039400874804,0.0559191170369404,0.0760138163653854,0.0369372643918568,0.0876364222556347,0.0767080090753771,0.062694457926576,0.073964087808489,2019-02-07,2019-02-08,2019-02-11,2019-02-12,2019-02-13,2019-02-14,2019-02-15,2019-02-19,2019-02-20,2019-02-21,79103.0,2019-02-06,252.0,-1.2814%,0.0014,0.7578,0.1525,0.1712,1.5859%,1.7738%,20.0631%,-0.011364,ORLY,79103.0,2019-02-07,252.0,3.3482%,0.0015,0.7356,0.1643,0.1788,1.5986%,1.7733%,18.7254%,0.03996,ORLY,79103.0,2019-02-08,252.0,-1.4311%,0.0015,0.738,0.178,0.1978,1.6000%,1.7743%,18.6799%,-0.013921,ORLY,79103.0,2019-02-11,252.0,1.7905%,0.0015,0.772,0.1642,0.2081,1.5950%,1.7773%,19.4624%,0.015142,ORLY,79103.0,2019-02-12,252.0,3.2208%,0.0016,0.7952,0.1495,0.2225,1.5945%,1.7862%,20.3164%,0.0219289999999999,ORLY,79103.0,2019-02-13,252.0,-0.2827%,0.0017,0.8022,0.1349,0.2182,1.5913%,1.7858%,20.5973%,-0.005399,ORLY,79103.0,2019-02-14,252.0,1.4917%,0.0018,0.7996,0.1438,0.2067,1.5911%,1.7856%,20.5958%,0.0170659999999999,ORLY,79103.0,2019-02-15,252.0,1.2923%,0.0018,0.8052,0.1489,0.2159,1.5906%,1.7863%,20.7129%,0.002436,ORLY,79103.0,2019-02-19,252.0,-0.8918%,0.0017,0.7996,0.1447,0.2117,1.5918%,1.7843%,20.4141%,-0.011627,ORLY,79103.0,2019-02-20,252.0,-0.2497%,0.0017,0.7983,0.1451,0.2078,1.5917%,1.7840%,20.3958%,-0.005598,ORLY,79103.0,2019-02-21,252.0,-0.8030%,0.0017,0.8031,0.1536,0.2167,1.5911%,1.7850%,20.5422%,-0.004596,ORLY,0.028596,0.014675,0.029817,0.046347,0.0440279999999999
26915,ORASURE TECHNOLOGIES INC,"OraSure Technologies Q4 EPS $0.16 Beats $0.11 Estimate, Sales $50.2M Beat $47.8M Estimate",6,increase,0.8,0.6,"the company reported better-than-expected earnings and sales, which typically leads to positive investor sentiment and an increase in stock price.",2,2019-02-06,OSUR,2019-02-06 21:01:00+00:00,10860.0,68554V10,-0.0092807337641716,807145.0,-0.2482435703277588,-0.0053845918737351,0.1266874670982361,-0.0068754889070987,-0.026728106662631,0.0186770241707563,0.0160984005779027,0.0182250794023275,0.0624417625367641,0.0218623075634241,0.0122807323932647,-0.0040321964770555,-0.0051993429660797,-0.0024135708808898,0.0043554175645112,0.0349708646535873,0.0190806835889816,-0.0016624692361801,-0.0204255115240812,-0.0024876189418137,0.0078193005174398,-0.0106644108891487,-0.0198276285082101,0.0091059319674968,-0.0351802669465541,0.0431778915226459,-0.0091158049181103,-0.0017241773894056,-0.0110395476222038,-0.0276613514870405,0.0344185940921306,-0.0197206046432256,0.0305755529552698,0.022689115256071,-0.0270506478846073,0.0093299113214015,-0.0098654404282569,0.004258960019797,-0.0027173671405762,-0.0216666851192712,0.0,0.0126581955701112,0.0172570012509822,0.0394737534224987,0.0053571802563965,-0.0231362860649824,0.0106571828946471,-0.0008561839349567,-0.0043936898000538,0.0254609268158674,0.032656654715538,0.0061838030815124,-0.0034188001882284,0.0161579307168722,-0.0085762804374098,0.0499529391527175,-0.0112456837669014,0.0075973337516188,0.0113735878840088,-0.0383561737835407,-0.0683390945196151,-0.0161725338548421,0.0102135241031646,-0.0193832833319902,0.0128676788881421,-0.0139009421691298,0.0,0.0052402112632989,0.0108892815187573,-0.0353833250701427,0.0008976009557954,-0.0270491745322942,-0.0071748811751604,0.0200668703764677,-0.0234868358820676,-0.0284321997314691,-0.0037002738099545,0.0024430525954812,-0.0083565600216388,-0.0277118273079395,0.0074906293302774,-0.0007911573047749,0.0102230161428451,-0.0148090086877346,-0.0294387955218553,0.0102362297475338,-0.0132701741531491,-0.0386071316897869,-0.0163304582238197,-0.003018865128979,-0.0107421539723873,0.0408484265208244,-0.0049358527176082,0.0047355536371469,-0.0178571734577417,-0.0444947332143783,-0.0353534780442714,-0.0022573163732886,0.0020941889379173,0.0390930399298667,-0.015673941001296,0.0289621595293283,0.0084925610572099,-0.0142743345350027,0.0105263562873005,-0.0374046340584754,-0.0072917337529361,0.0413354896008968,-0.0619097761809825,-0.0285714194178581,0.042505607008934,-0.0400296486914157,0.0150214964523911,0.0368946604430675,0.0190275162458419,-0.0140204224735498,0.006224010605365,-0.1036005839705467,0.0278350990265607,0.0186851527541875,-0.2482435703277588,-0.0053845918737351,-0.1530054523777693,-0.0122230590791367,-0.1756440129892832,0.0062256747217579,-0.1100703063572818,0.0469635555825658,-0.1014832156194497,0.072139293605385,-0.097580001095175,0.1808219650295903,-0.2217017874944575,-0.1051902851163321,2019-02-07,2019-02-08,2019-02-11,2019-02-12,2019-02-13,2019-02-14,2019-02-15,2019-02-19,2019-02-20,2019-02-21,10860.0,2019-02-06,252.0,-0.9281%,-0.0018,1.0412,0.8554,0.1069,2.1606%,2.4723%,23.6262%,-0.007035,OSUR,10860.0,2019-02-07,252.0,-24.8244%,-0.0027,1.113,0.8653,0.0507,2.6188%,2.9201%,19.5700%,-0.237965,OSUR,10860.0,2019-02-08,252.0,12.6687%,-0.0023,1.0912,0.8256,-0.0671,2.7391%,3.0306%,18.3141%,0.125503,OSUR,10860.0,2019-02-11,252.0,-2.6728%,-0.002,0.9533,0.9141,-0.0915,2.6696%,2.9154%,16.1552%,-0.03365,OSUR,10860.0,2019-02-12,252.0,1.6098%,-0.002,0.945,0.9281,-0.0982,2.6672%,2.9131%,16.1707%,0.002695,OSUR,10860.0,2019-02-13,252.0,6.2442%,-0.0016,0.9713,0.9085,-0.0869,2.6845%,2.9353%,16.3561%,0.059208,OSUR,10860.0,2019-02-14,252.0,1.2281%,-0.0016,0.9696,0.9147,-0.0951,2.6842%,2.9360%,16.4174%,0.008992,OSUR,10860.0,2019-02-15,252.0,-0.5199%,-0.0017,0.9433,0.8893,-0.1402,2.6835%,2.9278%,15.9961%,-0.018086,OSUR,10860.0,2019-02-19,252.0,0.4355%,-0.0017,0.944,0.8901,-0.1394,2.6835%,2.9274%,15.9703%,0.000305,OSUR,10860.0,2019-02-20,252.0,1.9081%,-0.0017,0.9477,0.8923,-0.1279,2.6845%,2.9284%,15.9663%,0.015996,OSUR,10860.0,2019-02-21,252.0,-2.0426%,-0.0017,0.9466,0.8868,-0.1298,2.6850%,2.9277%,15.8952%,-0.016689,OSUR,-0.245,-0.119497,-0.153147,-0.091244,-0.100726
26923,PENSKE AUTOMOTIVE GROUP INC,Penske Automotive Group's Q4 Earnings Preview,6,uncertain,0.5,0.5,the impact on penske automotive group's stock price is uncertain as it depends on the actual earnings results and market expectations.,1,2019-02-06,PAG,2019-02-06 18:29:00+00:00,84042.0,70959W10,-0.0101807946339249,479464.0,-0.0791351944208145,0.010285509750247,-0.0328242480754852,0.0042158677242696,-0.00190244987607,0.0119453398510813,0.0376458875834941,0.0062245312146842,-0.0082663744688034,0.0088782990351319,0.0018523230683058,-0.0066681299358606,0.0203374400734901,-0.0019321629079058,-0.0074745598249137,0.012828879058361,0.0180283188819885,0.0034911595284938,-0.0197265427559614,-0.0177882127463817,0.0002287248207721,-0.018304206430912,-0.0050297486595809,0.0210526213049888,0.0130974194034934,0.0148245114833116,0.0020412825979292,0.0125827752053737,0.0058849779888987,-0.0057068071328103,-0.0056255627423524,-0.0010962340747937,-0.0190088301897049,0.0108599662780761,0.0099192690104246,-0.0066050034947693,-0.0114207407459616,0.0145185999572277,-0.023798493668437,0.0191213320940733,-0.0047337459400296,0.0259224809706211,0.0045184884220361,0.0330518446862697,0.00331437936984,0.0102364607155323,0.0002359207428526,0.017609104514122,0.0056617525406181,0.0087565286085009,0.0056297876872122,-0.0019974536262452,0.0111966310068965,0.0017508678138256,-0.0078431414440274,0.0259173288941383,-0.0090676452964544,-0.0025594695471227,0.0229938887059688,-0.0098834112286567,-0.0231650993227958,0.0162244979292154,0.0009392090723849,-0.0182047393172979,0.0147782601416111,-0.0020187189802527,0.0159501265734434,0.0198147315531969,0.0052332091145217,0.0023213864769786,0.0106383254751563,-0.0197218414396047,0.0017916688229888,0.0084140235558152,0.0073776398785412,-0.0050734896212816,0.0073235244490206,-0.0235323458909988,0.0077110002748668,-0.0369751751422882,-0.0288588423281908,-0.0042755417525768,0.0157586857676506,-0.0388128049671649,-0.0093084704130887,0.004587173461914,0.0178970750421285,0.0050714015960693,-0.0065933899022638,-0.0297472160309553,0.0174778960645198,0.0099389795213937,-0.0071755126118659,-0.0085106622427701,0.0205869171768426,0.0108671812340617,-0.0184548683464527,0.0219804923981428,0.0032793551217764,0.0215079132467508,-0.0278927609324455,-0.0169609561562538,0.0197265427559614,0.0020954634528607,0.0129698859527707,-0.0149082047864794,0.0019530454883351,-0.0106648793444037,0.0099632423371076,0.0077749863266944,-0.0087926192209124,-0.0059104827232658,-0.0064907623454928,-0.0029464473482221,-0.0121950693428516,-0.018901539966464,0.0037477549631148,0.0059907152317464,0.0131781753152608,0.0040098084136843,-0.0791351944208145,0.010285509750247,-0.1093618892431291,0.0145447398231004,-0.1110562836065618,0.0266638215344143,-0.085216184875916,0.0422260877335751,-0.0737787204599755,0.0315045272135292,-0.0765322042376369,0.2197162250817523,-0.0229455972637954,0.0809980201613136,2019-02-07,2019-02-08,2019-02-11,2019-02-12,2019-02-13,2019-02-14,2019-02-15,2019-02-19,2019-02-20,2019-02-21,84042.0,2019-02-06,252.0,-1.0181%,0.0002,0.8429,0.775,0.5971,1.2663%,1.5500%,33.2590%,-0.008698,PAG,84042.0,2019-02-07,252.0,-7.9135%,-0.0002,0.8534,0.793,0.578,1.3438%,1.6220%,31.3634%,-0.072718,PAG,84042.0,2019-02-08,252.0,-3.2824%,-0.0002,0.8584,0.8047,0.6069,1.3565%,1.6349%,31.1589%,-0.0301,PAG,84042.0,2019-02-11,252.0,-0.1902%,-0.0003,0.8727,0.7781,0.5999,1.3555%,1.6338%,31.1608%,-0.009911,PAG,84042.0,2019-02-12,252.0,3.7646%,-0.0002,0.8851,0.7818,0.6056,1.3659%,1.6496%,31.4410%,0.026542,PAG,84042.0,2019-02-13,252.0,-0.8266%,-0.0003,0.8793,0.7869,0.6037,1.3667%,1.6475%,31.1881%,-0.011738,PAG,84042.0,2019-02-14,252.0,0.1852%,-0.0002,0.8801,0.7896,0.5981,1.3582%,1.6415%,31.5395%,0.003008,PAG,84042.0,2019-02-15,252.0,2.0337%,-0.0001,0.8949,0.8035,0.6228,1.3560%,1.6463%,32.1526%,0.005447,PAG,84042.0,2019-02-19,252.0,-0.7475%,-0.0001,0.8959,0.7899,0.6074,1.3564%,1.6464%,32.1261%,-0.0134729999999999,PAG,84042.0,2019-02-20,252.0,1.8028%,-0.0001,0.8992,0.7977,0.6192,1.3583%,1.6503%,32.2610%,0.011147,PAG,84042.0,2019-02-21,252.0,-1.9727%,-0.0001,0.8988,0.7937,0.6185,1.3597%,1.6500%,32.0914%,-0.014517,PAG,-0.081416,-0.111516,-0.121427,-0.106623,-0.115011
26931,PHIBRO ANIMAL HEALTH CORP,Phibro Animal Health Expects Annual Performance o Be At Lower End Of Guidance,6,decrease,0.8,0.7,"expecting annual performance to be at the lower end of guidance typically signals weaker financial results, which can lead to a decline in stock price.",0,2019-02-06,PAHC,2019-02-06 21:27:00+00:00,14603.0,71742Q10,0.0290520098060369,174716.0,-0.0906389579176902,0.031545739620924,-0.0088235447183251,0.0041178674437105,-0.033630084246397,0.0112107750028371,-0.001023499877192,0.0028911067638546,-0.0163934919983148,0.0009645909885875,0.0229166615754365,-0.0032051403541117,0.0332654938101768,-0.0142179736867547,0.0,-0.0006315269274637,-0.0091984458267688,-0.0173751004040241,0.011604786850512,0.0336754098534584,-0.0003277688811067,-0.0274485666304826,-0.0052458965219557,-0.0012460156576707,-0.024390235543251,-0.0095649911090731,-0.0104729551821947,0.0198237616568803,0.0003413561498746,-0.0040739318355917,-0.0017064586281776,-0.0362428501248359,-0.0147008653730154,-0.0074940044432878,0.015267165377736,0.0093797696754336,-0.004804371856153,0.0107033168897032,-0.0100000314414501,0.0105068031698465,0.0048763952217996,0.0043451082892715,0.0246100202202796,0.0280791651457548,0.0240189787000417,-0.0178627297282218,0.0356788858771324,-0.0077736317180097,-0.0063796094618737,0.0138713913038373,0.0121990712359547,0.0025284425355494,0.0171265136450529,-0.0176963582634925,-0.0024945407640188,0.0330339558422565,-0.0015629646368324,-0.0139152603223919,0.0125234695151448,-0.0065975207835435,-0.0188621096312999,-0.0015683575766161,-0.008509311825037,-0.0265649110078811,0.0060394322499632,0.0058353384956717,0.0246445722877979,-0.0118360966444015,0.0,0.0012154638534411,0.0175763089209795,0.0058068037033081,0.0051514594815671,0.0,-0.0114560527727007,-0.0102843353524804,0.0076242755167186,0.0057804211974143,-0.0042372695170342,-0.0042411210015416,0.0185409355908632,0.0006061425083316,0.0092510115355253,-0.0242531690746545,-0.01034886110574,-0.0026548716705292,0.0086643891409039,0.02324178814888,-0.0041469014249742,-0.0209810603410005,-0.0044615622609853,0.0380368642508983,0.0008962885476648,-0.0200659167021513,0.00298502901569,-0.0074316291138529,-0.0104166213423013,0.0029814690351486,0.0027067714836448,-0.0192982405424118,0.0008997833938337,0.0070671872235834,-0.0083907339721918,-0.0272128544747829,0.0024175888393074,-0.0132843758910894,0.0078384727239608,-0.0185852479189634,0.0023930007591843,-0.013949729502201,0.0077589419670403,0.0206588972359895,0.027835315093398,-0.0345013178884983,0.0014404851244762,-0.0403518192470073,0.0227272994816303,-0.0010336153209209,0.0151898991316556,-0.082503542304039,-0.0906389579176902,0.0315457396209239,-0.0986627457376062,0.0357935082388072,-0.1289747935328666,0.0474055562090718,-0.1441308177743658,0.0514469563951329,-0.0933135562075239,0.0487492129265587,-0.0349724689065105,0.0273327291431593,0.0769277532961965,-0.2218973760003688,2019-02-07,2019-02-08,2019-02-11,2019-02-12,2019-02-13,2019-02-14,2019-02-15,2019-02-19,2019-02-20,2019-02-21,14603.0,2019-02-06,252.0,2.9052%,0.0002,0.6538,0.5791,0.0413,1.8062%,1.9636%,15.3911%,0.030501,PAHC,14603.0,2019-02-07,252.0,-9.0639%,-0.0006,0.6048,0.6779,0.0101,1.7180%,1.8764%,16.1680%,-0.084067,PAHC,14603.0,2019-02-08,252.0,-0.8824%,-0.0007,0.6066,0.6744,0.0151,1.7185%,1.8765%,16.1329%,-0.009737,PAHC,14603.0,2019-02-11,252.0,-3.3630%,-0.0008,0.5771,0.6504,-0.0133,1.7320%,1.8762%,14.7809%,-0.0390649999999999,PAHC,14603.0,2019-02-12,252.0,-0.1023%,-0.0008,0.5714,0.6517,-0.0165,1.7327%,1.8758%,14.6728%,-0.009125,PAHC,14603.0,2019-02-13,252.0,-1.6393%,-0.0009,0.5719,0.6438,-0.0222,1.7357%,1.8784%,14.6127%,-0.018473,PAHC,14603.0,2019-02-14,252.0,2.2917%,-0.0007,0.5677,0.6559,-0.0369,1.7390%,1.8830%,14.7071%,0.020541,PAHC,14603.0,2019-02-15,252.0,3.3265%,-0.0007,0.5786,0.6685,-0.0154,1.7460%,1.8917%,14.8081%,0.0252879999999999,PAHC,14603.0,2019-02-19,252.0,0.0000%,-0.0007,0.5763,0.6695,-0.014,1.7457%,1.8903%,14.7087%,-0.0030919999999999,PAHC,14603.0,2019-02-20,252.0,-0.9198%,-0.0007,0.5741,0.6684,-0.021,1.7462%,1.8907%,14.6928%,-0.011789,PAHC,14603.0,2019-02-21,252.0,1.1605%,-0.0006,0.5675,0.6582,-0.0332,1.7478%,1.8898%,14.4649%,0.014049,PAHC,-0.053566,-0.063303,-0.1023679999999999,-0.1299659999999999,-0.0849689999999999
26939,PHIBRO ANIMAL HEALTH CORP,"Phibro Animal Health Q2 Adj. EPS $0.41 Misses $0.43 Estimate, Sales $218M Beat $211.46M Estimate",6,uncertain,0.6,0.2,"while the sales beat expectations, the earnings miss could lead to mixed reactions from investors, making the overall impact on the stock price uncertain.",1,2019-02-06,PAHC,2019-02-06 21:27:00+00:00,14603.0,71742Q10,0.0290520098060369,174716.0,-0.0906389579176902,0.031545739620924,-0.0088235447183251,0.0041178674437105,-0.033630084246397,0.0112107750028371,-0.001023499877192,0.0028911067638546,-0.0163934919983148,0.0009645909885875,0.0229166615754365,-0.0032051403541117,0.0332654938101768,-0.0142179736867547,0.0,-0.0006315269274637,-0.0091984458267688,-0.0173751004040241,0.011604786850512,0.0336754098534584,-0.0003277688811067,-0.0274485666304826,-0.0052458965219557,-0.0012460156576707,-0.024390235543251,-0.0095649911090731,-0.0104729551821947,0.0198237616568803,0.0003413561498746,-0.0040739318355917,-0.0017064586281776,-0.0362428501248359,-0.0147008653730154,-0.0074940044432878,0.015267165377736,0.0093797696754336,-0.004804371856153,0.0107033168897032,-0.0100000314414501,0.0105068031698465,0.0048763952217996,0.0043451082892715,0.0246100202202796,0.0280791651457548,0.0240189787000417,-0.0178627297282218,0.0356788858771324,-0.0077736317180097,-0.0063796094618737,0.0138713913038373,0.0121990712359547,0.0025284425355494,0.0171265136450529,-0.0176963582634925,-0.0024945407640188,0.0330339558422565,-0.0015629646368324,-0.0139152603223919,0.0125234695151448,-0.0065975207835435,-0.0188621096312999,-0.0015683575766161,-0.008509311825037,-0.0265649110078811,0.0060394322499632,0.0058353384956717,0.0246445722877979,-0.0118360966444015,0.0,0.0012154638534411,0.0175763089209795,0.0058068037033081,0.0051514594815671,0.0,-0.0114560527727007,-0.0102843353524804,0.0076242755167186,0.0057804211974143,-0.0042372695170342,-0.0042411210015416,0.0185409355908632,0.0006061425083316,0.0092510115355253,-0.0242531690746545,-0.01034886110574,-0.0026548716705292,0.0086643891409039,0.02324178814888,-0.0041469014249742,-0.0209810603410005,-0.0044615622609853,0.0380368642508983,0.0008962885476648,-0.0200659167021513,0.00298502901569,-0.0074316291138529,-0.0104166213423013,0.0029814690351486,0.0027067714836448,-0.0192982405424118,0.0008997833938337,0.0070671872235834,-0.0083907339721918,-0.0272128544747829,0.0024175888393074,-0.0132843758910894,0.0078384727239608,-0.0185852479189634,0.0023930007591843,-0.013949729502201,0.0077589419670403,0.0206588972359895,0.027835315093398,-0.0345013178884983,0.0014404851244762,-0.0403518192470073,0.0227272994816303,-0.0010336153209209,0.0151898991316556,-0.082503542304039,-0.0906389579176902,0.0315457396209239,-0.0986627457376062,0.0357935082388072,-0.1289747935328666,0.0474055562090718,-0.1441308177743658,0.0514469563951329,-0.0933135562075239,0.0487492129265587,-0.0349724689065105,0.0273327291431593,0.0769277532961965,-0.2218973760003688,2019-02-07,2019-02-08,2019-02-11,2019-02-12,2019-02-13,2019-02-14,2019-02-15,2019-02-19,2019-02-20,2019-02-21,14603.0,2019-02-06,252.0,2.9052%,0.0002,0.6538,0.5791,0.0413,1.8062%,1.9636%,15.3911%,0.030501,PAHC,14603.0,2019-02-07,252.0,-9.0639%,-0.0006,0.6048,0.6779,0.0101,1.7180%,1.8764%,16.1680%,-0.084067,PAHC,14603.0,2019-02-08,252.0,-0.8824%,-0.0007,0.6066,0.6744,0.0151,1.7185%,1.8765%,16.1329%,-0.009737,PAHC,14603.0,2019-02-11,252.0,-3.3630%,-0.0008,0.5771,0.6504,-0.0133,1.7320%,1.8762%,14.7809%,-0.0390649999999999,PAHC,14603.0,2019-02-12,252.0,-0.1023%,-0.0008,0.5714,0.6517,-0.0165,1.7327%,1.8758%,14.6728%,-0.009125,PAHC,14603.0,2019-02-13,252.0,-1.6393%,-0.0009,0.5719,0.6438,-0.0222,1.7357%,1.8784%,14.6127%,-0.018473,PAHC,14603.0,2019-02-14,252.0,2.2917%,-0.0007,0.5677,0.6559,-0.0369,1.7390%,1.8830%,14.7071%,0.020541,PAHC,14603.0,2019-02-15,252.0,3.3265%,-0.0007,0.5786,0.6685,-0.0154,1.7460%,1.8917%,14.8081%,0.0252879999999999,PAHC,14603.0,2019-02-19,252.0,0.0000%,-0.0007,0.5763,0.6695,-0.014,1.7457%,1.8903%,14.7087%,-0.0030919999999999,PAHC,14603.0,2019-02-20,252.0,-0.9198%,-0.0007,0.5741,0.6684,-0.021,1.7462%,1.8907%,14.6928%,-0.011789,PAHC,14603.0,2019-02-21,252.0,1.1605%,-0.0006,0.5675,0.6582,-0.0332,1.7478%,1.8898%,14.4649%,0.014049,PAHC,-0.053566,-0.063303,-0.1023679999999999,-0.1299659999999999,-0.0849689999999999
26947,PAR PACIFIC HOLDINGS INC,Par Pacific S-3 Shows Registration For $750M Mixed Securities Offering,6,uncertain,0.6,0.3,"the registration for a $750m mixed securities offering could indicate the company is seeking to raise capital, which may be viewed positively or negatively by investors depending on the context and use of the funds.",1,2019-02-06,PARR,2019-02-06 20:43:00+00:00,14773.0,69888T20,-0.00960383284837,602352.0,-0.0230302512645721,0.0208333432674408,-0.0037221694365143,0.0030730937141925,0.0174346640706062,0.0006150202243588,0.013463850133121,-0.018115896731615,0.0253623239696025,0.0279328878968954,0.0005889416206628,0.0068750381469726,0.0141259431838989,-0.0055935457348823,-0.000580396328587,0.0068836431019008,-0.0011613561073318,0.0146031454205513,-0.0058139753527939,-0.0301724001765251,0.012865456752479,-0.001843926613219,-0.0121246585622429,-0.0055012316443026,-0.0064290245063602,-0.0138637460768222,0.0029411315917968,0.0342892259359359,-0.008797631599009,0.013906524516642,0.0094674471765756,0.0504647567868232,-0.0234466381371021,-0.0370843932032585,-0.0186074115335941,-0.0101265721023082,0.0036696919705718,0.0031746153254061,0.0237659588456153,0.0521041899919509,-0.0232142508029937,-0.0138339940458536,0.0152346128597855,0.0263691917061805,0.004201662261039,0.0459688529372215,0.0155409583821892,-0.0028208717703819,-0.002354267751798,0.0135811679065227,0.0100295022130012,-0.0099080214276909,0.024532712996006,-0.0007072297739796,-0.0182441044598817,0.0298616755753755,0.0069686900824308,-0.012940352782607,0.0351788140833377,-0.0224876813590526,-0.021169975399971,-0.0131761813536286,0.0051223766058683,-0.0217096135020256,0.015288813970983,-0.0060687898658216,-0.0050195287913084,-0.0382620058953762,0.0011211019009351,-0.0283553749322891,-0.0027996159624308,-0.0179455429315567,0.0151600483804941,-0.0067609469406306,-0.0320796407759189,-0.003063678741455,0.0051428657025098,-0.0331753268837928,0.0227401722222566,-0.0047169770114123,0.0105614531785249,0.005931107327342,-0.0011001351522281,-0.0214741118252277,-0.0159691087901592,0.0183214806020259,0.035254567861557,-0.001769951893948,-0.0043243202380836,-0.0156793594360351,0.0010858011664822,0.0141342626884579,-0.002711558714509,0.0235080998390913,0.0413268208503723,0.0097382739186286,-0.0010444103972986,-0.011432041414082,-0.0062728142365813,0.0165137890726327,0.0142030753195285,-0.0084899570792913,0.0010372691322118,-0.0231042299419641,0.0103627340868115,0.0180940441787242,-0.0010256645036861,-0.0018061822047457,-0.0118069583550095,0.0183936934918165,0.0124675203114748,0.0,0.0025654768105596,0.0,-0.0112590175122022,-0.021008426323533,0.0072463452816009,-0.0419781245291233,0.032374158501625,-0.0257703624665737,-0.0230302512645721,0.0208333432674407,-0.0266666982037142,0.023970459797874,-0.009696959058162,0.0246002223397958,0.02909088248833,0.0341402359242946,0.0363636606513861,0.02586207316345,0.0878788334924574,0.1707660082980757,0.2175757679842314,-0.0666667024693722,2019-02-07,2019-02-08,2019-02-11,2019-02-12,2019-02-13,2019-02-14,2019-02-15,2019-02-19,2019-02-20,2019-02-21,14773.0,2019-02-06,252.0,-0.9604%,-0.0,0.7184,0.8805,0.323,1.8212%,2.0052%,17.5038%,-0.008312,PARR,14773.0,2019-02-07,252.0,-2.3030%,-0.0001,0.7243,0.8801,0.3192,1.8241%,2.0103%,17.6642%,-0.016564,PARR,14773.0,2019-02-08,252.0,-0.3722%,-0.0,0.7244,0.8907,0.3268,1.8229%,2.0098%,17.7307%,-0.002712,PARR,14773.0,2019-02-11,252.0,1.7435%,-0.0001,0.757,0.873,0.3343,1.8178%,2.0125%,18.4129%,0.0096899999999999,PARR,14773.0,2019-02-12,252.0,1.3464%,-0.0001,0.752,0.8819,0.3302,1.8164%,2.0113%,18.4392%,0.003463,PARR,14773.0,2019-02-13,252.0,2.5362%,-0.0001,0.7484,0.8972,0.3384,1.8194%,2.0135%,18.3517%,0.022396,PARR,14773.0,2019-02-14,252.0,0.0589%,-0.0001,0.7485,0.8969,0.3386,1.8194%,2.0135%,18.3496%,-0.0006419999999999,PARR,14773.0,2019-02-15,252.0,1.4126%,-0.0001,0.7496,0.898,0.3406,1.8194%,2.0131%,18.3145%,0.0017,PARR,14773.0,2019-02-19,252.0,-0.0580%,-0.0001,0.7469,0.8968,0.3395,1.8195%,2.0119%,18.2177%,-0.005731,PARR,14773.0,2019-02-20,252.0,-0.1161%,-0.0001,0.7459,0.8987,0.3372,1.8190%,2.0117%,18.2372%,-0.00652,PARR,14773.0,2019-02-21,252.0,-0.5814%,-0.0001,0.7413,0.889,0.3288,1.8170%,2.0071%,18.0413%,-0.0017499999999999,PARR,-0.024876,-0.027588,-0.017898,0.0079609999999999,-0.004982
26955,PAYCOM SOFTWARE INC,Paycom Surges But These Analysts Remain Sidelined,6,uncertain,0.6,0.3,"while paycom's surge suggests positive momentum, the analysts remaining sidelined indicates a lack of consensus on its future performance, leading to uncertainty in stock price movement.",1,2019-02-06,PAYC,2019-02-06 22:11:00+00:00,14579.0,70432V10,0.0775993391871452,2739351.0,-0.0057349014095962,0.0064119002781808,0.046322226524353,0.0338747128844261,-0.0213116612285375,0.0176065880805254,0.0065616955980658,0.0184117071330547,-0.0016153154429048,0.0274581741541624,0.030740825459361,-0.0161805674433708,0.0229285582900047,0.0066410130821168,-0.0159478466957807,0.0329265445470809,-0.0140343299135565,0.0107283694669604,0.0106755504384636,0.003515533870086,0.0298999957740306,0.0022019068710505,-0.0160082317888736,0.0304039046168327,-0.0049633770249783,0.0063936389051377,0.0126919504255056,0.0046646827831864,-0.005418156273663,0.049771249294281,0.0003852271183859,-0.0214454308152198,-0.0240924358367919,-0.0101858144626021,0.0064818463288247,0.0010897438041865,-0.0164081752300262,0.0104609234258532,0.0033591229002922,0.0244138166308403,0.0104976799339056,0.025533003732562,0.0172956082969903,0.0387982539832592,0.0062375226989388,-0.0267334748059511,-0.0069120335392653,-0.0224581472575664,0.0128155956044793,0.0099801970645785,-0.0076902299188077,-0.0041889292187988,-0.0013740793801844,0.0127266570925712,0.0078705083578825,0.0778196156024932,-0.0062800017185509,-0.0301712993532419,0.0444029346108436,-0.0380561687052249,-0.0467771589756012,-0.0330772660672664,0.0146279195323586,-0.0097701707854866,0.0103368107229471,0.0123226940631866,-0.0147542152553796,-0.055657610297203,0.0203312076628208,-0.020545931532979,0.0130698075518012,-0.0091388346627354,0.0060804411768913,0.0225649699568748,0.0023123945575207,-0.0007592324982397,-0.0021497674752026,0.016044445335865,-0.0347853265702724,-0.0294228326529264,-0.001143267028965,0.0196183770895004,0.0041966661810874,-0.0276849679648876,0.0004884469090029,0.0147623065859079,0.0176304653286933,0.0106569929048419,0.0052774962969124,0.0101498812437057,0.0009544632048346,0.0704585164785385,0.0074168741703033,-0.0109094195067882,-0.0066786087118089,0.0308854412287473,-0.0103234527632594,-0.0074141900986433,0.0107520837336778,0.0529824644327163,0.0065626120194792,0.0072450935840606,0.0232924576848745,-0.0844523683190345,-0.0103791439905762,-0.008660739287734,0.020456837490201,0.014480953104794,0.0179607924073934,-0.0063055683858692,-0.0101465182378888,0.0090545769780874,0.0226722154766321,-0.0344963744282722,-0.0052831289358437,-0.0028273039497435,4.961037848261185e-05,-0.00701859081164,0.0269022583961486,0.0411658957600593,-0.0057349014095962,0.0064119002781808,0.0403216717125667,0.0405038144435738,0.0181506886763227,0.0588235365006972,0.0231760574465946,0.1079269366333752,0.0578810064370194,0.149553351949125,0.1236254220865433,0.3128137295538256,0.2231878897491943,0.2744397704479531,2019-02-07,2019-02-08,2019-02-11,2019-02-12,2019-02-13,2019-02-14,2019-02-15,2019-02-19,2019-02-20,2019-02-21,14579.0,2019-02-06,252.0,7.7599%,0.0022,1.2293,0.6638,-1.3424,1.9625%,2.7455%,48.9052%,0.081262,PAYC,14579.0,2019-02-07,252.0,-0.5735%,0.0023,1.2219,0.6691,-1.3408,1.9626%,2.7407%,48.7178%,0.011695,PAYC,14579.0,2019-02-08,252.0,4.6322%,0.0025,1.2155,0.6821,-1.359,1.9684%,2.7487%,48.7154%,0.035536,PAYC,14579.0,2019-02-11,252.0,-2.1312%,0.0023,1.2435,0.619,-1.3784,1.9689%,2.7495%,48.7207%,-0.0244899999999999,PAYC,14579.0,2019-02-12,252.0,0.6562%,0.0022,1.2403,0.6121,-1.3788,1.9706%,2.7496%,48.6364%,-0.012917,PAYC,14579.0,2019-02-13,252.0,-0.1615%,0.0022,1.2422,0.6061,-1.3816,1.9706%,2.7489%,48.6094%,-0.00459,PAYC,14579.0,2019-02-14,252.0,3.0741%,0.0021,1.2348,0.6153,-1.387,1.9567%,2.7371%,48.8971%,0.022085,PAYC,14579.0,2019-02-15,252.0,2.2929%,0.0021,1.2261,0.6088,-1.3994,1.9541%,2.7322%,48.8496%,0.013995,PAYC,14579.0,2019-02-19,252.0,-1.5948%,0.002,1.2203,0.6008,-1.4079,1.9569%,2.7288%,48.5732%,-0.015945,PAYC,14579.0,2019-02-20,252.0,-1.4034%,0.002,1.2172,0.5957,-1.4183,1.9582%,2.7307%,48.5773%,-0.010031,PAYC,14579.0,2019-02-21,252.0,1.0676%,0.0019,1.2197,0.6029,-1.4139,1.9575%,2.7309%,48.6221%,0.012234,PAYC,0.092957,0.128493,0.104003,0.086496,0.108834
26963,PAYCOM SOFTWARE INC,Paycom Software shares are trading higher after the company announced Q4 EPS of $0.61 versus the $0.56 analyst estimate and sales of $150.3M versus the $143.8M estimate.,6,increase,0.8,0.7,the positive earnings per share and sales results exceeding analyst estimates are likely to boost investor confidence and drive the stock price higher.,2,2019-02-06,PAYC,2019-02-06 14:12:00+00:00,14579.0,70432V10,0.0775993391871452,2739351.0,-0.0057349014095962,0.0064119002781808,0.046322226524353,0.0338747128844261,-0.0213116612285375,0.0176065880805254,0.0065616955980658,0.0184117071330547,-0.0016153154429048,0.0274581741541624,0.030740825459361,-0.0161805674433708,0.0229285582900047,0.0066410130821168,-0.0159478466957807,0.0329265445470809,-0.0140343299135565,0.0107283694669604,0.0106755504384636,0.003515533870086,0.0298999957740306,0.0022019068710505,-0.0160082317888736,0.0304039046168327,-0.0049633770249783,0.0063936389051377,0.0126919504255056,0.0046646827831864,-0.005418156273663,0.049771249294281,0.0003852271183859,-0.0214454308152198,-0.0240924358367919,-0.0101858144626021,0.0064818463288247,0.0010897438041865,-0.0164081752300262,0.0104609234258532,0.0033591229002922,0.0244138166308403,0.0104976799339056,0.025533003732562,0.0172956082969903,0.0387982539832592,0.0062375226989388,-0.0267334748059511,-0.0069120335392653,-0.0224581472575664,0.0128155956044793,0.0099801970645785,-0.0076902299188077,-0.0041889292187988,-0.0013740793801844,0.0127266570925712,0.0078705083578825,0.0778196156024932,-0.0062800017185509,-0.0301712993532419,0.0444029346108436,-0.0380561687052249,-0.0467771589756012,-0.0330772660672664,0.0146279195323586,-0.0097701707854866,0.0103368107229471,0.0123226940631866,-0.0147542152553796,-0.055657610297203,0.0203312076628208,-0.020545931532979,0.0130698075518012,-0.0091388346627354,0.0060804411768913,0.0225649699568748,0.0023123945575207,-0.0007592324982397,-0.0021497674752026,0.016044445335865,-0.0347853265702724,-0.0294228326529264,-0.001143267028965,0.0196183770895004,0.0041966661810874,-0.0276849679648876,0.0004884469090029,0.0147623065859079,0.0176304653286933,0.0106569929048419,0.0052774962969124,0.0101498812437057,0.0009544632048346,0.0704585164785385,0.0074168741703033,-0.0109094195067882,-0.0066786087118089,0.0308854412287473,-0.0103234527632594,-0.0074141900986433,0.0107520837336778,0.0529824644327163,0.0065626120194792,0.0072450935840606,0.0232924576848745,-0.0844523683190345,-0.0103791439905762,-0.008660739287734,0.020456837490201,0.014480953104794,0.0179607924073934,-0.0063055683858692,-0.0101465182378888,0.0090545769780874,0.0226722154766321,-0.0344963744282722,-0.0052831289358437,-0.0028273039497435,4.961037848261185e-05,-0.00701859081164,0.0269022583961486,0.0411658957600593,-0.0057349014095962,0.0064119002781808,0.0403216717125667,0.0405038144435738,0.0181506886763227,0.0588235365006972,0.0231760574465946,0.1079269366333752,0.0578810064370194,0.149553351949125,0.1236254220865433,0.3128137295538256,0.2231878897491943,0.2744397704479531,2019-02-07,2019-02-08,2019-02-11,2019-02-12,2019-02-13,2019-02-14,2019-02-15,2019-02-19,2019-02-20,2019-02-21,14579.0,2019-02-06,252.0,7.7599%,0.0022,1.2293,0.6638,-1.3424,1.9625%,2.7455%,48.9052%,0.081262,PAYC,14579.0,2019-02-07,252.0,-0.5735%,0.0023,1.2219,0.6691,-1.3408,1.9626%,2.7407%,48.7178%,0.011695,PAYC,14579.0,2019-02-08,252.0,4.6322%,0.0025,1.2155,0.6821,-1.359,1.9684%,2.7487%,48.7154%,0.035536,PAYC,14579.0,2019-02-11,252.0,-2.1312%,0.0023,1.2435,0.619,-1.3784,1.9689%,2.7495%,48.7207%,-0.0244899999999999,PAYC,14579.0,2019-02-12,252.0,0.6562%,0.0022,1.2403,0.6121,-1.3788,1.9706%,2.7496%,48.6364%,-0.012917,PAYC,14579.0,2019-02-13,252.0,-0.1615%,0.0022,1.2422,0.6061,-1.3816,1.9706%,2.7489%,48.6094%,-0.00459,PAYC,14579.0,2019-02-14,252.0,3.0741%,0.0021,1.2348,0.6153,-1.387,1.9567%,2.7371%,48.8971%,0.022085,PAYC,14579.0,2019-02-15,252.0,2.2929%,0.0021,1.2261,0.6088,-1.3994,1.9541%,2.7322%,48.8496%,0.013995,PAYC,14579.0,2019-02-19,252.0,-1.5948%,0.002,1.2203,0.6008,-1.4079,1.9569%,2.7288%,48.5732%,-0.015945,PAYC,14579.0,2019-02-20,252.0,-1.4034%,0.002,1.2172,0.5957,-1.4183,1.9582%,2.7307%,48.5773%,-0.010031,PAYC,14579.0,2019-02-21,252.0,1.0676%,0.0019,1.2197,0.6029,-1.4139,1.9575%,2.7309%,48.6221%,0.012234,PAYC,0.092957,0.128493,0.104003,0.086496,0.108834
26971,PAYCOM SOFTWARE INC,"Canaccord Genuity Maintains Hold on Paycom Software, Raises Price Target to $160",6,uncertain,0.6,0.2,"while maintaining a 'hold' rating suggests a lack of strong bullish sentiment, the raised price target could indicate a more favorable outlook, leading to uncertainty in the stock's immediate reaction.",1,2019-02-06,PAYC,2019-02-06 13:10:00+00:00,14579.0,70432V10,0.0775993391871452,2739351.0,-0.0057349014095962,0.0064119002781808,0.046322226524353,0.0338747128844261,-0.0213116612285375,0.0176065880805254,0.0065616955980658,0.0184117071330547,-0.0016153154429048,0.0274581741541624,0.030740825459361,-0.0161805674433708,0.0229285582900047,0.0066410130821168,-0.0159478466957807,0.0329265445470809,-0.0140343299135565,0.0107283694669604,0.0106755504384636,0.003515533870086,0.0298999957740306,0.0022019068710505,-0.0160082317888736,0.0304039046168327,-0.0049633770249783,0.0063936389051377,0.0126919504255056,0.0046646827831864,-0.005418156273663,0.049771249294281,0.0003852271183859,-0.0214454308152198,-0.0240924358367919,-0.0101858144626021,0.0064818463288247,0.0010897438041865,-0.0164081752300262,0.0104609234258532,0.0033591229002922,0.0244138166308403,0.0104976799339056,0.025533003732562,0.0172956082969903,0.0387982539832592,0.0062375226989388,-0.0267334748059511,-0.0069120335392653,-0.0224581472575664,0.0128155956044793,0.0099801970645785,-0.0076902299188077,-0.0041889292187988,-0.0013740793801844,0.0127266570925712,0.0078705083578825,0.0778196156024932,-0.0062800017185509,-0.0301712993532419,0.0444029346108436,-0.0380561687052249,-0.0467771589756012,-0.0330772660672664,0.0146279195323586,-0.0097701707854866,0.0103368107229471,0.0123226940631866,-0.0147542152553796,-0.055657610297203,0.0203312076628208,-0.020545931532979,0.0130698075518012,-0.0091388346627354,0.0060804411768913,0.0225649699568748,0.0023123945575207,-0.0007592324982397,-0.0021497674752026,0.016044445335865,-0.0347853265702724,-0.0294228326529264,-0.001143267028965,0.0196183770895004,0.0041966661810874,-0.0276849679648876,0.0004884469090029,0.0147623065859079,0.0176304653286933,0.0106569929048419,0.0052774962969124,0.0101498812437057,0.0009544632048346,0.0704585164785385,0.0074168741703033,-0.0109094195067882,-0.0066786087118089,0.0308854412287473,-0.0103234527632594,-0.0074141900986433,0.0107520837336778,0.0529824644327163,0.0065626120194792,0.0072450935840606,0.0232924576848745,-0.0844523683190345,-0.0103791439905762,-0.008660739287734,0.020456837490201,0.014480953104794,0.0179607924073934,-0.0063055683858692,-0.0101465182378888,0.0090545769780874,0.0226722154766321,-0.0344963744282722,-0.0052831289358437,-0.0028273039497435,4.961037848261185e-05,-0.00701859081164,0.0269022583961486,0.0411658957600593,-0.0057349014095962,0.0064119002781808,0.0403216717125667,0.0405038144435738,0.0181506886763227,0.0588235365006972,0.0231760574465946,0.1079269366333752,0.0578810064370194,0.149553351949125,0.1236254220865433,0.3128137295538256,0.2231878897491943,0.2744397704479531,2019-02-07,2019-02-08,2019-02-11,2019-02-12,2019-02-13,2019-02-14,2019-02-15,2019-02-19,2019-02-20,2019-02-21,14579.0,2019-02-06,252.0,7.7599%,0.0022,1.2293,0.6638,-1.3424,1.9625%,2.7455%,48.9052%,0.081262,PAYC,14579.0,2019-02-07,252.0,-0.5735%,0.0023,1.2219,0.6691,-1.3408,1.9626%,2.7407%,48.7178%,0.011695,PAYC,14579.0,2019-02-08,252.0,4.6322%,0.0025,1.2155,0.6821,-1.359,1.9684%,2.7487%,48.7154%,0.035536,PAYC,14579.0,2019-02-11,252.0,-2.1312%,0.0023,1.2435,0.619,-1.3784,1.9689%,2.7495%,48.7207%,-0.0244899999999999,PAYC,14579.0,2019-02-12,252.0,0.6562%,0.0022,1.2403,0.6121,-1.3788,1.9706%,2.7496%,48.6364%,-0.012917,PAYC,14579.0,2019-02-13,252.0,-0.1615%,0.0022,1.2422,0.6061,-1.3816,1.9706%,2.7489%,48.6094%,-0.00459,PAYC,14579.0,2019-02-14,252.0,3.0741%,0.0021,1.2348,0.6153,-1.387,1.9567%,2.7371%,48.8971%,0.022085,PAYC,14579.0,2019-02-15,252.0,2.2929%,0.0021,1.2261,0.6088,-1.3994,1.9541%,2.7322%,48.8496%,0.013995,PAYC,14579.0,2019-02-19,252.0,-1.5948%,0.002,1.2203,0.6008,-1.4079,1.9569%,2.7288%,48.5732%,-0.015945,PAYC,14579.0,2019-02-20,252.0,-1.4034%,0.002,1.2172,0.5957,-1.4183,1.9582%,2.7307%,48.5773%,-0.010031,PAYC,14579.0,2019-02-21,252.0,1.0676%,0.0019,1.2197,0.6029,-1.4139,1.9575%,2.7309%,48.6221%,0.012234,PAYC,0.092957,0.128493,0.104003,0.086496,0.108834
26979,PAYCOM SOFTWARE INC,"KeyBanc Maintains Overweight on Paycom Software, Raises Price Target to $182",6,increase,0.8,0.6,the maintenance of an overweight rating and an increase in the price target typically signals positive sentiment and potential for stock price appreciation.,2,2019-02-06,PAYC,2019-02-06 11:44:00+00:00,14579.0,70432V10,0.0775993391871452,2739351.0,-0.0057349014095962,0.0064119002781808,0.046322226524353,0.0338747128844261,-0.0213116612285375,0.0176065880805254,0.0065616955980658,0.0184117071330547,-0.0016153154429048,0.0274581741541624,0.030740825459361,-0.0161805674433708,0.0229285582900047,0.0066410130821168,-0.0159478466957807,0.0329265445470809,-0.0140343299135565,0.0107283694669604,0.0106755504384636,0.003515533870086,0.0298999957740306,0.0022019068710505,-0.0160082317888736,0.0304039046168327,-0.0049633770249783,0.0063936389051377,0.0126919504255056,0.0046646827831864,-0.005418156273663,0.049771249294281,0.0003852271183859,-0.0214454308152198,-0.0240924358367919,-0.0101858144626021,0.0064818463288247,0.0010897438041865,-0.0164081752300262,0.0104609234258532,0.0033591229002922,0.0244138166308403,0.0104976799339056,0.025533003732562,0.0172956082969903,0.0387982539832592,0.0062375226989388,-0.0267334748059511,-0.0069120335392653,-0.0224581472575664,0.0128155956044793,0.0099801970645785,-0.0076902299188077,-0.0041889292187988,-0.0013740793801844,0.0127266570925712,0.0078705083578825,0.0778196156024932,-0.0062800017185509,-0.0301712993532419,0.0444029346108436,-0.0380561687052249,-0.0467771589756012,-0.0330772660672664,0.0146279195323586,-0.0097701707854866,0.0103368107229471,0.0123226940631866,-0.0147542152553796,-0.055657610297203,0.0203312076628208,-0.020545931532979,0.0130698075518012,-0.0091388346627354,0.0060804411768913,0.0225649699568748,0.0023123945575207,-0.0007592324982397,-0.0021497674752026,0.016044445335865,-0.0347853265702724,-0.0294228326529264,-0.001143267028965,0.0196183770895004,0.0041966661810874,-0.0276849679648876,0.0004884469090029,0.0147623065859079,0.0176304653286933,0.0106569929048419,0.0052774962969124,0.0101498812437057,0.0009544632048346,0.0704585164785385,0.0074168741703033,-0.0109094195067882,-0.0066786087118089,0.0308854412287473,-0.0103234527632594,-0.0074141900986433,0.0107520837336778,0.0529824644327163,0.0065626120194792,0.0072450935840606,0.0232924576848745,-0.0844523683190345,-0.0103791439905762,-0.008660739287734,0.020456837490201,0.014480953104794,0.0179607924073934,-0.0063055683858692,-0.0101465182378888,0.0090545769780874,0.0226722154766321,-0.0344963744282722,-0.0052831289358437,-0.0028273039497435,4.961037848261185e-05,-0.00701859081164,0.0269022583961486,0.0411658957600593,-0.0057349014095962,0.0064119002781808,0.0403216717125667,0.0405038144435738,0.0181506886763227,0.0588235365006972,0.0231760574465946,0.1079269366333752,0.0578810064370194,0.149553351949125,0.1236254220865433,0.3128137295538256,0.2231878897491943,0.2744397704479531,2019-02-07,2019-02-08,2019-02-11,2019-02-12,2019-02-13,2019-02-14,2019-02-15,2019-02-19,2019-02-20,2019-02-21,14579.0,2019-02-06,252.0,7.7599%,0.0022,1.2293,0.6638,-1.3424,1.9625%,2.7455%,48.9052%,0.081262,PAYC,14579.0,2019-02-07,252.0,-0.5735%,0.0023,1.2219,0.6691,-1.3408,1.9626%,2.7407%,48.7178%,0.011695,PAYC,14579.0,2019-02-08,252.0,4.6322%,0.0025,1.2155,0.6821,-1.359,1.9684%,2.7487%,48.7154%,0.035536,PAYC,14579.0,2019-02-11,252.0,-2.1312%,0.0023,1.2435,0.619,-1.3784,1.9689%,2.7495%,48.7207%,-0.0244899999999999,PAYC,14579.0,2019-02-12,252.0,0.6562%,0.0022,1.2403,0.6121,-1.3788,1.9706%,2.7496%,48.6364%,-0.012917,PAYC,14579.0,2019-02-13,252.0,-0.1615%,0.0022,1.2422,0.6061,-1.3816,1.9706%,2.7489%,48.6094%,-0.00459,PAYC,14579.0,2019-02-14,252.0,3.0741%,0.0021,1.2348,0.6153,-1.387,1.9567%,2.7371%,48.8971%,0.022085,PAYC,14579.0,2019-02-15,252.0,2.2929%,0.0021,1.2261,0.6088,-1.3994,1.9541%,2.7322%,48.8496%,0.013995,PAYC,14579.0,2019-02-19,252.0,-1.5948%,0.002,1.2203,0.6008,-1.4079,1.9569%,2.7288%,48.5732%,-0.015945,PAYC,14579.0,2019-02-20,252.0,-1.4034%,0.002,1.2172,0.5957,-1.4183,1.9582%,2.7307%,48.5773%,-0.010031,PAYC,14579.0,2019-02-21,252.0,1.0676%,0.0019,1.2197,0.6029,-1.4139,1.9575%,2.7309%,48.6221%,0.012234,PAYC,0.092957,0.128493,0.104003,0.086496,0.108834
26987,PITNEY BOWES INC,Northcoast Research Downgrades Pitney Bowes to Neutral,6,decrease,0.8,0.6,"a downgrade from an analyst typically signals reduced expectations for the company's performance, which can lead to a decline in stock price.",0,2019-02-06,PBI,2019-02-06 13:18:00+00:00,24459.0,72447910,0.0348484888672828,8251702.0,0.0248902011662721,-0.0222222357988357,-0.0157143045216798,-0.0425532162189483,0.0449927374720573,-0.0221913792192935,-0.0208332818001508,-0.0027662490028887,-0.004255348816514,0.0,0.002848973032087,0.0083681931719183,0.0085837515071034,0.0056100925430655,-0.004255348816514,0.0229555703699588,0.0085470005869865,0.0057720001786947,-0.0070621063932776,-0.0128205344080925,0.1180654168128967,-0.0181818343698978,-0.0445292480289936,-0.0192043706774711,-0.0292943082749843,0.0,0.0246913339942693,0.008298747241497,-0.0374832302331924,0.0358166173100471,-0.0097357677295804,0.0189781188964843,-0.0028089862316846,-0.0072464044205844,-0.0183098763227462,0.0267857611179351,-0.0143471891060471,0.0059880185872316,-0.0407568775117397,0.0261136088520288,-0.0045523839071393,0.0046296617947518,0.0198170915246009,0.0854271799325943,0.0284006055444479,-0.0261011943221092,0.0145348692312836,0.0372250899672508,-0.0200572870671749,-0.0083892941474914,0.0014619519934058,0.0016807108186185,0.0043795928359031,-0.0066777900792658,-0.015988390892744,0.0583038739860057,-0.0221565868705511,-0.0535117350518703,0.0211480893194675,-0.0582676976919174,-0.0621301867067813,-0.0031397144775837,-0.006309141870588,0.0015722879907116,0.0142856622114777,0.009523800574243,0.051643181592226,-0.0366972126066684,0.020833384245634,-0.0452554672956466,0.001457689795643,-0.0352112688124179,0.0262009184807539,0.011396000161767,-0.0326241143047809,0.0173912867903709,-0.0234604571014642,-0.026798315346241,0.0195195376873016,-0.0392953865230083,0.0103093041107058,-0.0340313799679279,-0.0102041065692901,-0.0990565717220306,-0.0103093041107058,0.0047393320128321,0.0297619476914405,0.011990338563919,-0.0028901705518364,-0.0023922852706164,-0.0086956433951854,0.0245097801089286,-0.0058479476720094,0.0061652520671486,0.0338235311210155,0.0201257672160863,-0.0028449473902583,0.0050568850710988,0.0099856909364461,0.0219638347625732,-0.0240113101899623,-0.0127551509067416,0.0376266613602638,-0.0210365448147058,-0.0027893974911421,-0.014423063956201,-0.0181818343698978,0.0158730298280715,0.017094001173973,0.0327868536114692,0.0042017102241516,0.0166666191071271,-0.0083681931719183,-0.0274314526468515,-0.24472576379776,-0.014742000028491,-0.014897565357387,0.0124378586187958,0.0812854096293449,-0.0049504903145134,0.0248902011662721,-0.0222222357988357,0.0087847644438596,-0.0638298244129678,0.0541727525162933,-0.0846047317932122,0.0278184571738968,-0.0871369430411383,0.0366451570071968,-0.0598290690994988,-0.003169091549836,0.0393700842676525,-0.1565277488097706,-0.1636331255158858,2019-02-07,2019-02-08,2019-02-11,2019-02-12,2019-02-13,2019-02-14,2019-02-15,2019-02-19,2019-02-20,2019-02-21,24459.0,2019-02-06,252.0,3.4848%,-0.0019,1.2997,1.3243,0.7737,2.1312%,2.5617%,30.7902%,0.037155,PBI,24459.0,2019-02-07,252.0,2.4890%,-0.0017,1.2918,1.3182,0.7831,2.1441%,2.5664%,30.2043%,0.0355819999999999,PBI,24459.0,2019-02-08,252.0,-1.5714%,-0.0017,1.2933,1.3319,0.7983,2.1437%,2.5674%,30.2823%,-0.012233,PBI,24459.0,2019-02-11,252.0,4.4993%,-0.0016,1.301,1.3709,0.8234,2.1543%,2.5764%,30.0798%,0.032455,PBI,24459.0,2019-02-12,252.0,-2.0833%,-0.0016,1.2886,1.3605,0.8189,2.1650%,2.5793%,29.5414%,-0.037501,PBI,24459.0,2019-02-13,252.0,-0.4255%,-0.0017,1.2862,1.3614,0.8172,2.1655%,2.5783%,29.4583%,-0.009353,PBI,24459.0,2019-02-14,252.0,0.2849%,-0.0017,1.2854,1.3642,0.8136,2.1655%,2.5785%,29.4652%,0.003111,PBI,24459.0,2019-02-15,252.0,0.8584%,-0.0016,1.2947,1.3712,0.8271,2.1629%,2.5789%,29.6621%,-0.013357,PBI,24459.0,2019-02-19,252.0,-0.4255%,-0.0017,1.2908,1.3663,0.8218,2.1639%,2.5776%,29.5222%,-0.013273,PBI,24459.0,2019-02-20,252.0,0.8547%,-0.0017,1.2908,1.3665,0.822,2.1639%,2.5780%,29.5476%,-0.001532,PBI,24459.0,2019-02-21,252.0,-0.7062%,-0.0017,1.2969,1.3793,0.8332,2.1609%,2.5782%,29.7520%,0.000461,PBI,0.072737,0.0605039999999999,0.0929589999999999,0.0461049999999999,0.0215149999999999
26995,P G & E CORP,'We are aware that a gas incident has occurred in the #SanFrancisco #Richmond area (3300 block of Geary Blvd). PLEASE AVOID THE AREA. We are working closely w/ first responders...' -Tweet From PG&E,6,decrease,0.8,0.6,"gas incidents can lead to safety concerns and regulatory scrutiny, which may negatively impact investor confidence and the stock price of pg&e corp.",0,2019-02-06,PCG,2019-02-06 21:53:00+00:00,13688.0,69331C10,-0.0291193071752786,5999724.0,0.0285296514630317,0.0594431869685649,0.0099572818726301,0.0160550493746995,0.0091549381613731,0.0061538401059806,0.0767620652914047,-0.049012441188097,-0.0142579562962055,-0.0228734593838453,0.0170940328389406,0.1648625731468201,0.0006463655736297,0.0203908029943704,0.1459948569536209,-0.1562723517417908,0.0264937616884708,0.7459324598312378,0.065348744392395,0.0376623347401619,-0.0324741825461387,0.0650068894028663,-0.0063932249322533,0.1367924362421036,-0.0069704647175967,-0.0953058376908302,-0.0388769544661045,0.0173661895096302,-0.0432583466172218,-0.1754176914691925,0.0516734644770622,-0.5235929489135742,0.0078168278560042,-0.0095720766112208,0.0144044458866119,-0.0039259502664208,0.0027308107819408,0.0153758805245161,0.0386709719896316,-0.0733509883284568,0.0167802665382623,-0.223360612988472,-0.0005157415871508,0.0187890958040952,-0.0082559268921613,0.0063025853596627,0.0124869812279939,0.0021052309311926,0.0025694319047033,-0.0058601670898497,0.0071757757104933,0.0122880935668945,-0.0111958943307399,0.0115731013938784,-0.0185280796140432,0.0077753914520144,0.0005243958439677,0.0175824016332626,-0.0015723630785942,-0.0461216084659099,0.0194226168096065,0.0042105424217879,-0.0623069517314434,0.031711533665657,-0.014277777634561,-0.0581014752388,-0.0150418076664209,-0.0603613853454589,-0.0243212841451168,-0.0188608076423406,0.0318840146064758,0.0045472090132534,0.0117978090420365,0.0126630822196602,-0.019433669745922,0.0065662451088428,0.0458663366734981,0.0038774125277996,0.0211153924465179,-0.0092201214283704,0.0270413681864738,-0.0269158612936735,0.0160041023045778,-0.0132792545482516,-0.0436992160975933,0.0276725348085165,0.002656809054315,-0.0142003390938043,0.0137783950194716,-0.0254915840923786,0.206482008099556,0.0181683264672756,0.0277296099811792,0.0736464336514473,-0.0615513958036899,0.0536913052201271,-0.0184186808764934,-0.0189300049096345,-0.0389016196131706,0.0336026810109615,0.0190476011484861,0.0107480650767684,0.0060748164542019,-0.0467212870717048,0.0650255233049392,0.3754227757453918,0.0069777518510818,-0.3067604601383209,0.0138587998226285,-0.2179095596075058,0.0004271776706445,-0.0078835152089595,-0.0384286753833293,-0.1738476753234863,-0.036412063986063,-0.1648535877466202,-0.0341014601290226,-0.0204918030649423,0.0252862926572561,0.0045285588130354,0.0285296514630317,0.0594431869685649,0.0387710111170072,0.0764525996450344,0.0482808954876103,0.0830769168249172,0.1126554466646265,0.0064331775621964,0.4191660337858935,0.8285714947681073,0.3935624941692055,-0.409643603927058,0.5720555743102627,-0.7101687989852066,2019-02-07,2019-02-08,2019-02-11,2019-02-12,2019-02-13,2019-02-14,2019-02-15,2019-02-19,2019-02-20,2019-02-21,13688.0,2019-02-06,252.0,-2.9119%,-0.0015,0.5601,0.1019,0.2562,7.5349%,7.5562%,0.5614%,-0.028154,PCG,13688.0,2019-02-07,252.0,2.8530%,-0.0013,0.5617,0.0851,0.2662,7.5372%,7.5583%,0.5582%,0.032772,PCG,13688.0,2019-02-08,252.0,0.9957%,-0.0012,0.5594,0.0887,0.2587,7.5374%,7.5584%,0.5550%,0.011146,PCG,13688.0,2019-02-11,252.0,0.9155%,-0.0011,0.5453,0.1133,0.2647,7.5372%,7.5563%,0.5043%,0.0070909999999999,PCG,13688.0,2019-02-12,252.0,7.6762%,-0.0009,0.5813,0.1191,0.282,7.5503%,7.5719%,0.5702%,0.069673,PCG,13688.0,2019-02-13,252.0,-1.4258%,-0.001,0.5724,0.1279,0.2798,7.5504%,7.5713%,0.5508%,-0.016254,PCG,13688.0,2019-02-14,252.0,1.7094%,-0.001,0.5668,0.1384,0.2697,7.5511%,7.5717%,0.5431%,0.019154,PCG,13688.0,2019-02-15,252.0,0.0646%,-0.0009,0.586,0.1549,0.2998,7.5490%,7.5708%,0.5741%,-0.007499,PCG,13688.0,2019-02-19,252.0,14.5995%,-0.0003,0.6097,0.2515,0.4066,7.6025%,7.6257%,0.6086%,0.143433,PCG,13688.0,2019-02-20,252.0,2.6494%,-0.0003,0.6152,0.2593,0.4248,7.6036%,7.6272%,0.6195%,0.022446,PCG,13688.0,2019-02-21,252.0,6.5349%,0.0,0.5978,0.2393,0.3925,7.6159%,7.6382%,0.5822%,0.068683,PCG,0.004618,0.015764,0.022855,0.076274,0.322491
27003,PENN ENTERTAINMENT INC,Penn National Gaming's Q4 Earnings Outlook,6,uncertain,0.5,0.5,the impact on penn entertainment inc's stock price is uncertain as it depends on the specifics of the q4 earnings report and market expectations.,1,2019-02-06,PENN,2019-02-06 18:39:00+00:00,80563.0,70756910,0.0169224832206964,2637827.0,-0.0034829780925065,0.0213022790849208,-0.0271844957023859,0.0016102660447359,0.0051896637305617,0.0247524920850992,-0.0103256646543741,-0.0008244211785495,-0.0148475458845496,0.0275306906551122,-0.0028513115830719,-0.021549878641963,-0.0028594646137207,-0.0024804205168038,0.0057353293523192,0.0,-0.0118125872686505,0.0129816327244043,-0.0074196332134306,-0.0103605473414063,0.0440199114382267,-0.019105739891529,0.0019889080431312,0.0102669401094317,-0.0011909760069102,0.0188284832984209,0.0087440107017755,0.0131411384791135,-0.0208825375884771,-0.0054805716499686,0.0080482438206672,-0.0458568483591079,-0.0459081679582595,0.0122150303795933,-0.0192468240857124,0.031066320836544,-0.0093857171013951,0.0271668452769517,-0.0137812104076147,0.0302088093012571,-0.0056768194772303,0.0627950876951217,0.0219587180763483,0.0621865466237068,-0.0283626914024353,0.0251927897334098,0.000442292279331,0.0329262278974056,-0.0335985943675041,0.0107354149222374,0.0118938805535435,-0.0058698300272226,0.0045207263901829,-0.0126448776572942,-0.0009000247810035,0.0735293701291084,-0.0346847027540206,-0.0144927660003304,-0.0181987583637237,-0.0512955747544765,-0.0403992570936679,-0.0430162139236927,-0.0089153191074728,-0.0762037932872772,-0.0009995230939239,-0.0179063957184553,-0.0135067766532301,-0.0319999679923057,0.0035497772041708,-0.0039840703830122,0.0156644489616155,-0.0169712528586387,0.0174129530787468,0.0445454344153404,0.0171148385852575,-0.0342405922710895,0.0091346418485045,0.0088574299588799,-0.0052406201139092,-0.013543008826673,0.0234675146639347,0.0338753387331962,-0.0060833441093564,-0.0272408090531826,-0.0258945021778345,0.0293984450399875,0.0198163278400898,-0.0120642790570855,-0.0004739444993901,-0.0132275633513927,0.0061640189960598,0.0299727451056242,-0.014137570746243,0.0110192727297544,0.0105162197723984,0.0501446910202503,0.0070956256240606,-0.0147268157452344,-0.0032880036160349,0.0258284006267786,0.0028275859076529,-0.0228571202605962,0.0352443605661392,-0.0186915714293718,0.0036314080934971,0.0014037799555808,-0.0108548058196902,0.0023452695459127,0.0109739257022738,0.0789473429322242,-0.0040705632418394,-0.0149550968781113,-0.0158946588635444,-0.0411090143024921,-0.0290724113583564,-0.0355002507567405,-0.0475285165011882,-0.0316963866353035,-0.0019960536155849,0.0076473271474242,-0.0034829780925065,0.0213022790849208,-0.0305727907919052,0.0229468474663427,-0.0255417895648583,0.0482673312117305,-0.0499226363094549,0.0762388486400735,-0.0681114640888836,0.053046032336429,-0.185758480605283,0.3437334871945181,-0.2260061966925214,0.1430499695301592,2019-02-07,2019-02-08,2019-02-11,2019-02-12,2019-02-13,2019-02-14,2019-02-15,2019-02-19,2019-02-20,2019-02-21,80563.0,2019-02-06,252.0,1.6922%,-0.0007,1.1959,0.4124,-0.3677,2.2160%,2.6455%,29.8363%,0.019737,PENN,80563.0,2019-02-07,252.0,-0.3483%,-0.0007,1.1901,0.4155,-0.3657,2.2166%,2.6414%,29.5745%,0.00951,PENN,80563.0,2019-02-08,252.0,-2.7184%,-0.0007,1.1943,0.4553,-0.3216,2.2133%,2.6352%,29.4619%,-0.0310869999999999,PENN,80563.0,2019-02-11,252.0,0.5190%,-0.0005,1.1456,0.5041,-0.3208,2.2002%,2.5875%,27.6952%,0.001152,PENN,80563.0,2019-02-12,252.0,-1.0326%,-0.0006,1.1289,0.5064,-0.3297,2.2061%,2.5862%,27.2346%,-0.0266509999999999,PENN,80563.0,2019-02-13,252.0,-1.4848%,-0.0007,1.1279,0.5009,-0.335,2.2087%,2.5871%,27.1109%,-0.018181,PENN,80563.0,2019-02-14,252.0,-0.2851%,-0.0007,1.1292,0.4986,-0.3328,2.2088%,2.5871%,27.1087%,-0.00513,PENN,80563.0,2019-02-15,252.0,-0.2859%,-0.0008,1.115,0.4843,-0.3579,2.2104%,2.5835%,26.7980%,-0.015368,PENN,80563.0,2019-02-19,252.0,0.5735%,-0.0007,1.1233,0.4761,-0.3678,2.2054%,2.5832%,27.1112%,0.003186,PENN,80563.0,2019-02-20,252.0,-1.1813%,-0.0007,1.1203,0.4718,-0.3778,2.2065%,2.5841%,27.0870%,-0.013071,PENN,80563.0,2019-02-21,252.0,-0.7420%,-0.0008,1.1291,0.489,-0.3616,2.2021%,2.5829%,27.3148%,-0.003913,PENN,0.029247,-0.0018399999999999,-0.0006879999999999,-0.0455199999999999,-0.079816
27011,PENNANTPARK FLOATING RT CAP LTD,"PennantPark Floating Rate Capital Ltd. - Common Stock Q1 EPS $0.30 Beats $0.29 Estimate, Sales $23.184M Beat $22.28M Estimate",6,increase,0.8,0.6,"the company reported better-than-expected earnings and sales, which typically boosts investor confidence and can lead to an increase in stock price.",2,2019-02-06,PFLT,2019-02-06 21:39:00+00:00,12693.0,70806A10,-0.0015290140872821,87757.0,-0.0053599271923303,0.0038373132701963,0.0053888107649981,0.0061776004731655,0.0061255684122443,-0.0007716225809417,0.0038051169831305,0.0062111741863191,0.0072024264372885,0.0046802200376987,-0.0037906928919255,0.0023455615155398,-0.0030441370327025,0.001566131832078,0.0076335440389811,0.0031422558240592,-0.00075759307947,0.0087162964046001,0.0022745025344192,0.0071827736683189,0.0121028628200292,-0.0047657201066613,-0.0007474012672901,0.0039872559718787,-0.0082273492589592,0.0040032179094851,-0.0064102592878043,-0.0003971708356402,-0.0056925849057734,0.0100280782207846,-0.0145038571208715,0.0020096923690289,0.0,0.0040354509837925,-0.0046475185081362,0.0008077729144133,0.0038909912109375,0.0081433532759547,0.0015504230977967,0.0016312808729708,-0.0007740115397609,0.0225188042968511,0.006196741014719,0.0118142943829298,-0.0084680262953042,0.0042373044416308,0.000776415283326,0.0198790412396192,0.0015515518607571,-0.0252738166600465,0.0054221297614276,0.0097830519080162,0.0053929621353745,0.0064212162978947,0.0011494309874251,0.0308914724737405,-0.0030840369872748,0.0026548434980213,-0.0046404036693274,0.0089286053553223,-0.0015539630549028,-0.0353143736720085,-0.0031128374394029,0.0008620064472779,0.0078063565306365,0.0116781974211335,-0.0085204998031258,-0.0430463179945945,0.0046874582767486,-0.0114566562697291,-0.0038879655767232,-0.0200481154024601,0.0015612414572387,0.0064568137750029,0.002338248770684,-0.0087999729439616,-0.0007775486446917,-0.0110759763047099,-0.0031128374394029,0.0007917837356217,0.0132708130404353,-0.0047280904836952,0.0015408673789352,-0.013219291344285,-0.0046154167503118,-0.0015528305666521,0.0046368176117539,-0.003866990795359,-0.0015384966973215,0.0109460782259702,0.0053929621353745,-0.0100619280710816,0.000766301061958,-0.013740480877459,0.0011484778951853,-0.0030441370327025,0.0015408673789352,0.0030534320976585,-0.0015384966973215,0.0139319123700261,0.0007704336894676,-0.0241691619157791,0.0061585777439177,-0.0003748410090338,0.0022953853476792,0.0198776926845312,0.0015266796108335,-0.0045662419870495,0.0045732026919722,0.0146718565374612,0.0015174130676314,-0.0007716225809417,-0.00075759307947,-0.0076569966040551,-0.0015162626514211,-0.0015290140872821,0.0045557678677141,0.0069284182973206,0.0090703582391142,0.0007704336894676,-0.0053599271923303,0.0038373132701963,-6.068578972673322e-11,0.0100386191316355,0.0061255683511867,0.0092592505254902,0.0172281131841489,0.0202808297223668,0.0195418012608024,0.043894669233039,-0.0001806132665994,0.176739976590563,0.0446992759293962,0.0310295578088073,2019-02-07,2019-02-08,2019-02-11,2019-02-12,2019-02-13,2019-02-14,2019-02-15,2019-02-19,2019-02-20,2019-02-21,12693.0,2019-02-06,252.0,-0.1529%,0.0002,0.3125,0.3195,0.0454,0.9426%,1.0129%,13.4000%,-0.000889,PFLT,12693.0,2019-02-07,252.0,-0.5360%,0.0002,0.3135,0.3192,0.0448,0.9427%,1.0133%,13.4624%,-0.002316,PFLT,12693.0,2019-02-08,252.0,0.5389%,0.0002,0.3128,0.3133,0.038,0.9426%,1.0132%,13.4480%,0.0051559999999999,PFLT,12693.0,2019-02-11,252.0,0.6126%,0.0003,0.2969,0.3328,0.0402,0.9393%,1.0049%,12.6226%,0.003432,PFLT,12693.0,2019-02-12,252.0,0.3805%,0.0005,0.3382,0.2797,0.0708,0.8251%,0.9071%,17.2609%,-0.0003309999999999,PFLT,12693.0,2019-02-13,252.0,0.7202%,0.0005,0.3305,0.2948,0.0748,0.8175%,0.8978%,17.1003%,0.005938,PFLT,12693.0,2019-02-14,252.0,-0.3791%,0.0004,0.3296,0.2912,0.0821,0.7962%,0.8770%,17.5902%,-0.0042959999999999,PFLT,12693.0,2019-02-15,252.0,-0.3044%,0.0003,0.3257,0.2867,0.0745,0.7978%,0.8769%,17.2299%,-0.007991,PFLT,12693.0,2019-02-19,252.0,0.7634%,0.0004,0.3292,0.2867,0.0742,0.7971%,0.8776%,17.5074%,0.00586,PFLT,12693.0,2019-02-20,252.0,-0.0758%,0.0003,0.3271,0.2758,0.065,0.7923%,0.8723%,17.5050%,-0.002522,PFLT,12693.0,2019-02-21,252.0,0.2275%,0.0004,0.3206,0.2633,0.0531,0.7863%,0.8641%,17.2057%,0.003727,PFLT,-0.003205,0.0019509999999999,0.0053829999999999,0.01099,0.005768
27019,EPLUS INC,"Eplus Q3 Adj. EPS $1.29 Beats $1.14 Estimate, Sales $345.7M Beat $338.7M Estimate",6,increase,0.8,0.7,the positive earnings surprise and higher sales than expected are likely to boost investor confidence and drive the stock price up.,2,2019-02-06,PLUS,2019-02-06 21:41:00+00:00,84234.0,29426810,0.0083039253950119,61978.0,0.0405540317296981,-0.0006286360439844,0.0077947177924215,0.0150606296956539,-0.0092812804505229,-0.0109821101650595,0.02498191408813,0.0348791368305683,0.0205062106251716,-0.0048101288266479,0.0143529688939452,0.0028683340642601,0.0272810030728578,-0.0132510792464017,0.006391204893589,0.0178080480545759,0.0096353581175208,0.0201710145920515,-0.0073744747787714,0.0057772444561123,0.0062274630181491,-0.009185335598886,-0.0077090021222829,0.0036072714719921,-0.0097384769469499,0.0125811733305454,-0.0056353826075792,-0.0063180699944496,-0.0061117396689951,0.0121088353917002,0.0053666783496737,-0.0206529386341571,-0.024243775755167,-0.0014635524712502,0.0031912331469357,0.0203638318926096,-0.0249942857772111,0.0083504533395171,0.0060591544024646,0.009256781078875,0.0185314584523439,0.0135834412649273,0.016261089593172,0.0388421006500721,-0.0067137302830815,-0.0191210601478815,0.0016897773602977,-0.0153153911232948,0.0086595173925161,0.0132403234019875,-0.0013379723532125,-0.0086097475141286,0.0070335743948817,0.0284511409699916,-0.0012195189483463,0.012195149436593,-0.0056609450839459,-0.0064233932644128,0.0162982698529958,-0.0189057532697916,-0.0539323762059211,-0.0164811685681343,0.0112620601430535,0.002825214760378,0.0045924400910735,0.0018397571984678,-0.0045714462175965,-0.0263193603605032,0.0132032325491309,-0.0227579101920127,0.0032861293293535,-0.0181144401431083,0.0254122428596019,0.0153040597215294,-0.0048463754355907,-0.0138999605551362,0.0079690227285027,0.0109743000939488,0.0010980396764352,-0.0245430450886488,0.0037293406203389,-0.0024743122048676,0.0092885857447981,-0.062393169850111,-0.0178648922592401,0.0018348810262978,0.0253555625677108,-0.0036563442554324,0.0,-0.0004871883138548,-0.0029029594734311,0.0416190698742866,-0.0010782669996842,0.0024166218936443,0.0,0.0106697753071785,-0.0147884581238031,0.005168646108359,0.0044922064989805,-0.0032199898269027,-0.0098167704418301,-0.0230275802314281,0.0167438238859176,-0.0191310234367847,0.0128926839679479,0.0116119412705302,-0.0173280052840709,-0.0049695805646479,0.0139327170327305,-0.0083774831146001,0.0076221050694584,-0.002703049685806,0.0045812944881618,-0.0023290321696549,-0.0060451766476035,0.0004905679961666,-0.00565512990579,-0.0729876980185508,0.0170618761330843,0.0236238650977611,0.0405540317296981,-0.0006286360439844,0.0486648567547975,0.0144225259969976,0.0389319041206488,0.0032820260625805,0.0867231967428643,0.0332813975571053,0.1421262733546076,0.0678490252572472,0.1360119982851884,0.1383558248982337,0.1826803026411176,-0.075061055643976,2019-02-07,2019-02-08,2019-02-11,2019-02-12,2019-02-13,2019-02-14,2019-02-15,2019-02-19,2019-02-20,2019-02-21,84234.0,2019-02-06,252.0,0.8304%,0.0,0.8424,0.7151,-0.2355,1.3067%,1.6946%,40.5420%,0.010293,PLUS,84234.0,2019-02-07,252.0,4.0554%,0.0002,0.8265,0.7137,-0.2237,1.3437%,1.7105%,38.2908%,0.050136,PLUS,84234.0,2019-02-08,252.0,0.7795%,0.0002,0.8257,0.713,-0.2277,1.3440%,1.7111%,38.3036%,0.00505,PLUS,84234.0,2019-02-11,252.0,-0.9281%,0.0004,0.7465,0.768,-0.2395,1.2947%,1.6290%,36.8292%,-0.01472,PLUS,84234.0,2019-02-12,252.0,2.4982%,0.0004,0.7352,0.7924,-0.2497,1.2822%,1.6198%,37.3419%,0.014168,PLUS,84234.0,2019-02-13,252.0,2.0506%,0.0005,0.7471,0.7796,-0.2477,1.2807%,1.6224%,37.6834%,0.018047,PLUS,84234.0,2019-02-14,252.0,1.4353%,0.0004,0.7431,0.784,-0.2498,1.2727%,1.6151%,37.8978%,0.010332,PLUS,84234.0,2019-02-15,252.0,2.7281%,0.0006,0.7665,0.8069,-0.2094,1.2742%,1.6235%,38.4063%,0.018022,PLUS,84234.0,2019-02-19,252.0,0.6391%,0.0005,0.7616,0.8161,-0.1986,1.2696%,1.6154%,38.2262%,0.003123,PLUS,84234.0,2019-02-20,252.0,0.9635%,0.0005,0.763,0.8169,-0.1942,1.2699%,1.6156%,38.2108%,0.007385,PLUS,84234.0,2019-02-21,252.0,-0.7374%,0.0004,0.7771,0.8444,-0.1684,1.2501%,1.6066%,39.4569%,-0.004526,PLUS,0.060429,0.065479,0.050759,0.082974,0.11731
27027,PERRIGO CO PLC,Perrigo Reports FDA Approval Of AB-Rated Generic Version Of Zovirax Cream 5%,6,increase,0.8,0.6,the fda approval of an ab-rated generic version of zovirax cream 5% is likely to boost perrigo's stock price due to the potential for increased sales and market share in the generic pharmaceutical sector.,2,2019-02-06,PRGO,2019-02-06 13:45:00+00:00,77182.0,G9782210,0.0121716782450676,1449443.0,-0.0181434713304042,0.0136363869532942,0.0234207157045602,-0.0025906504597514,-0.013226980343461,-0.0027987312059849,0.0302127264440059,0.0075922408141195,-0.0020652308594435,0.007870502769947,0.005794676952064,0.0066021801903843,0.0072016934864223,-0.0100218495354056,0.0122573738917708,0.0229552630335092,-0.0123108094558119,-0.0022237554658204,-0.012668551877141,0.0006676145130768,0.0128311039879918,-0.0224059727042913,-0.0026562577113509,0.0245153177529573,-0.0106535637751221,0.0078616011887788,-0.0254711024463176,-0.0150442542508244,0.0388865135610103,-0.0113735878840088,0.0293634552508592,0.0083811441436409,0.0017953350907191,0.0328017883002758,-0.0101553592830896,-0.0067873131483793,-0.0484811887145042,-0.0160284377634525,-0.0158562362194061,0.0202134773135185,-0.0010740974685177,0.0404064059257507,0.0212903581559658,0.0614497326314449,-0.0065277186222374,-0.0155555820092558,0.0125053022056818,0.0451612919569015,-0.0085827894508838,-0.0293085724115371,0.0166807621717453,0.0075719142332673,0.0107995141297578,-0.0265356712043285,0.0117115993052721,0.1150685176253319,-0.0180748011916875,-0.0143126873299479,0.0047570499591529,-0.2927807867527008,-0.0273775588721036,-0.0256792157888412,-0.0101587204262614,-0.0290875677019357,0.0143253831192851,-0.0182689353823661,0.0082209780812263,-0.0107036428526043,-0.008990179747343,-0.0259784087538719,0.0160337202250957,-0.0059463521465659,0.0191030316054821,0.0063258493319153,-0.0313773602247238,-0.0059483083896338,-0.0006311020697467,-0.0181878879666328,0.0393601953983306,-0.0429574996232986,0.0218711625784635,-0.0035009742714464,0.022195853292942,-0.0096138790249824,-0.015122190117836,0.01878616027534,0.0088582830503582,-0.0285447165369987,-0.020878043025732,0.0143555961549282,0.0037863417528569,0.0053925481624901,0.0007941416697576,0.0243704300373792,0.0037690661847591,0.0090163806453347,-0.0146244643256068,-0.0001638800458749,-0.02085842192173,0.0095978491008281,0.0030725426040589,-0.037585612386465,0.0120481960475444,-0.007586526684463,-0.0072639347054064,-0.0037788988556712,0.0189024452120065,0.0007878858596086,0.0167564358562231,-0.0295152217149734,0.0086325015872716,-0.0028972618747502,-0.0678856596350669,0.0235680062323808,0.012729562819004,0.0189249143004417,0.0113332588225603,-0.1631620824337006,0.0128361294046044,0.0174678526818752,-0.0181434713304042,0.0136363869532942,0.0048523112902327,0.0110104093814129,-0.0084388504792844,0.0081808629991015,0.0194092428963397,0.0238303487678199,0.0194092435676995,0.0420561490436854,0.0288930804156601,-0.1056149524129647,0.0528256935594215,-0.3639974237094677,2019-02-07,2019-02-08,2019-02-11,2019-02-12,2019-02-13,2019-02-14,2019-02-15,2019-02-19,2019-02-20,2019-02-21,77182.0,2019-02-06,252.0,1.2172%,-0.002,1.2449,0.4956,0.4562,2.5745%,2.8787%,20.0160%,0.014515,PRGO,77182.0,2019-02-07,252.0,-1.8143%,-0.0021,1.2476,0.4946,0.4549,2.5747%,2.8789%,20.0145%,-0.007801,PRGO,77182.0,2019-02-08,252.0,2.3421%,-0.0019,1.2428,0.4907,0.4324,2.5803%,2.8832%,19.9091%,0.0250899999999999,PRGO,77182.0,2019-02-11,252.0,-1.3227%,-0.002,1.2479,0.4625,0.4197,2.5823%,2.8764%,19.4089%,-0.0192999999999999,PRGO,77182.0,2019-02-12,252.0,3.0213%,-0.002,1.2578,0.4613,0.425,2.5841%,2.8825%,19.6326%,0.013763,PRGO,77182.0,2019-02-13,252.0,-0.2065%,-0.0019,1.2626,0.4514,0.4222,2.5831%,2.8825%,19.6922%,-0.006261,PRGO,77182.0,2019-02-14,252.0,0.5795%,-0.0019,1.2599,0.4569,0.4167,2.5838%,2.8825%,19.6496%,0.008448,PRGO,77182.0,2019-02-15,252.0,0.7202%,-0.0019,1.2631,0.4589,0.4208,2.5835%,2.8821%,19.6480%,-0.010277,PRGO,77182.0,2019-02-19,252.0,1.2257%,-0.002,1.2573,0.4752,0.4397,2.5795%,2.8743%,19.4630%,0.007164,PRGO,77182.0,2019-02-20,252.0,-1.2311%,-0.002,1.253,0.4665,0.4245,2.5815%,2.8751%,19.3804%,-0.018264,PRGO,77182.0,2019-02-21,252.0,-1.2669%,-0.002,1.2484,0.4562,0.4162,2.5798%,2.8711%,19.2668%,-0.00683,PRGO,0.006714,0.031804,0.012504,0.020006,0.000247
27035,PRIMORIS SERVICES CORP,"KeyBanc Upgrades Primoris Services to Overweight, Announces $28 Price Target",6,increase,0.8,0.6,"upgrades from analysts, especially with a price target increase, typically signal positive sentiment and can lead to an increase in stock price.",2,2019-02-06,PRIM,2019-02-06 11:06:00+00:00,92773.0,74164F10,0.0270811934024095,145598.0,-0.0385741703212261,0.0010040390770882,0.0025393213145434,0.0116810323670506,0.0227963905781507,-0.0130325928330421,0.0277364756911993,0.0075758351013064,0.0154216717928648,-0.0090090241283178,0.0042714835144579,-0.0079443817958235,0.0075614294037222,-0.0004962892853654,0.0098499525338411,0.0014909929595887,0.0130050517618656,0.0024913374800235,0.0142137268558144,-0.0039702197536826,-0.0153707116842269,-0.0044466480612754,0.0032139436807483,0.0034704855643212,-0.0004576763603836,0.0054835798218846,0.0045787720009684,0.0019979523494839,0.0651777684688568,-0.0084200138226151,0.0038510158192366,-0.0107789961621165,-0.0034100564662367,0.0059141907840967,-0.0132591733708977,-0.0049042901955544,-0.0255743451416492,0.002951277187094,-0.0071174311451613,0.0019713654182851,-0.0058243353851139,0.0257836300879716,0.0094636809080839,0.0510096177458763,-0.0008928775787353,-0.0223376788198947,-0.0058087203651666,0.0062729138880968,0.0026966051664203,0.0180946364998817,0.0134469363838434,-0.0084165865555405,0.0106147620826959,0.0095592299476265,-0.0266958680003881,0.0323464982211589,-0.0026978177484124,0.0094078630208969,-0.0121731497347354,-0.0699948817491531,-0.0556823052465915,-0.0428570918738842,0.0043499348685145,-0.0374585539102554,-0.0009624859085306,-0.0249652806669473,0.0028901477344334,-0.0212670229375362,0.0028818442951887,-0.0142729571089148,-0.00672427425161,-0.0031124809756875,0.0338490754365921,0.019492307677865,-0.0018708610441535,-0.0243255700916051,-0.0032802105415612,-0.0044032796286046,0.0155148059129715,-0.0299017839133739,0.0157407466322183,-0.0046768966130912,-0.0118505116552114,-0.0500807650387287,-0.0119926305487752,0.0252588242292404,0.0051354160532355,0.0091934520751237,0.0078959623351693,-0.007053944747895,0.001843272242695,0.0237892717123031,-0.0101195638999342,-0.0100925052538514,0.0060408529825508,0.0201630722731351,-0.0004619043320417,0.0030120350420475,0.0101664150133729,0.0064963023178279,0.0054894294589757,-0.0115582384169101,0.010009154677391,-0.0110076302662491,0.0148648610338568,-0.0012684473767876,-0.0102086747065186,0.0296038445085287,-0.0121075585484504,-0.0077753914520144,0.0081706037744879,-0.0119505198672413,-0.0130571369081735,-0.0259821247309446,-0.0123175391927361,-0.0047579547390341,-0.0101616317406296,-0.000826806819532,0.0130657386034727,0.0236987471580505,-0.0385741703212261,0.0010040390770882,-0.0361328012195701,0.0126967996570961,-0.0141601080907034,-0.0005012653961596,0.0288086013001578,-0.0020019526845206,0.0800781890741717,-0.0104217913428737,0.0698242343119579,0.0295250819081855,0.0631134973600597,-0.1534628298860658,2019-02-07,2019-02-08,2019-02-11,2019-02-12,2019-02-13,2019-02-14,2019-02-15,2019-02-19,2019-02-20,2019-02-21,92773.0,2019-02-06,252.0,2.7081%,-0.0007,0.8903,1.0333,0.4095,1.3453%,1.6900%,36.6335%,0.028825,PRIM,92773.0,2019-02-07,252.0,-3.8574%,-0.0008,0.8975,1.037,0.4021,1.3584%,1.7058%,36.5846%,-0.0306479999999999,PRIM,92773.0,2019-02-08,252.0,0.2539%,-0.0008,0.8965,1.0412,0.4008,1.3582%,1.7058%,36.6032%,0.003888,PRIM,92773.0,2019-02-11,252.0,2.2796%,-0.0006,0.8731,1.083,0.4111,1.3551%,1.6913%,35.8044%,0.013647,PRIM,92773.0,2019-02-12,252.0,2.7736%,-0.0006,0.8726,1.0959,0.4086,1.3556%,1.6950%,36.0368%,0.016245,PRIM,92773.0,2019-02-13,252.0,1.5422%,-0.0005,0.8794,1.0896,0.4105,1.3562%,1.6976%,36.1730%,0.011935,PRIM,92773.0,2019-02-14,252.0,0.4271%,-0.0005,0.8786,1.0914,0.4086,1.3564%,1.6977%,36.1699%,0.0027329999999999,PRIM,92773.0,2019-02-15,252.0,0.7561%,-0.0005,0.8837,1.0953,0.4161,1.3551%,1.6980%,36.3088%,-0.007156,PRIM,92773.0,2019-02-19,252.0,0.9850%,-0.0005,0.8847,1.0977,0.4187,1.3553%,1.6987%,36.3433%,0.003646,PRIM,92773.0,2019-02-20,252.0,1.3005%,-0.0004,0.8871,1.1054,0.428,1.3556%,1.7008%,36.4704%,0.006507,PRIM,92773.0,2019-02-21,252.0,1.4214%,-0.0004,0.8838,1.1031,0.4218,1.3610%,1.7026%,36.0987%,0.019154,PRIM,-0.0018229999999999,0.002065,0.015712,0.043892,0.068776
27043,PARATEK PHARMACEUTICALS INC,Paratek Pharma Highlights Publication Of Results from Pivotal Phase 3 Studies of Paratek's NUZYRA™ (Omadacycline) For Pneumonia and Skin Infections In New England Journal Of Medicine,6,increase,0.8,0.7,"the publication of positive results from pivotal phase 3 studies in a reputable journal like the new england journal of medicine is likely to boost investor confidence and interest in paratek pharmaceuticals, potentially leading to an increase in stock price.",2,2019-02-06,PRTK,2019-02-06 22:06:00+00:00,91279.0,69937430,0.0267458874732255,407408.0,-0.0274963900446891,-0.0274566560983657,-0.0059523754753172,0.0312965773046016,0.050898227840662,-0.005189006216824,0.009971534833312,0.0173453651368618,0.0211565047502517,0.0200000181794166,-0.0082872854545712,0.0172144193202257,0.006963815074414,-0.0712209641933441,-0.0013831575633957,0.0345864668488502,-0.011080321855843,0.0152671607211232,-0.0238095354288816,0.0030627842061221,0.0272596925497055,-0.0282737482339143,0.0097765605896711,0.0322579964995384,0.0,-0.0151285780593752,-0.0041494066826999,0.0376766473054885,-0.0999999716877937,0.0095087075605988,0.0185185000300407,0.0112179769203066,0.0287878885865211,0.0179444793611764,-0.0235640425235033,0.0016340243164449,-0.0648567602038383,0.0132450209930539,-0.0032258033752441,0.020270250737667,-0.0550161302089691,0.0533808171749115,0.05479446798563,0.0035714253317564,0.0259740799665451,0.0053859483450651,0.0221518762409687,0.0857699885964393,0.0,-0.009652454406023,-0.0092879170551896,-0.0189394652843475,-0.0234375149011611,0.0954356864094734,-0.0048000337556004,0.0041666626930236,0.0032154312357306,-0.01437365449965,0.006410326808691,-0.0897196307778358,-0.0812102258205413,-0.0711806118488311,-0.0103986039757728,-0.0136986169964075,-0.0315236113965511,0.005163547117263,-0.0271247904747724,-0.0332779176533222,0.0018586899386718,-0.0399360992014408,-0.0055658132769167,-0.0457316637039184,0.0541044697165489,-0.0478954911231994,0.01238932646811,0.0014534522779285,0.0314685851335525,0.0014556373935192,0.0135593088343739,-0.037815123796463,0.0501672551035881,-0.0041841296479105,-0.011146523989737,-0.0375838577747345,-0.0450886003673076,-0.0158520955592393,0.0354131609201431,0.0313351526856422,0.0065146517008543,-0.0160857755690813,0.0226537771522998,0.055162638425827,-0.0632911548018455,-0.0341530032455921,0.001689147320576,0.0138504691421985,-0.0607082061469554,-0.013661254197359,0.0,0.0068776053376495,-0.0251347105950117,0.0013773762620985,0.0497237555682659,-0.0135869430378079,-0.0192981865257024,0.0013605753192678,-0.0322004109621048,0.0236768908798694,0.0240295957773923,0.0481751710176467,0.0126354098320007,-0.073698453605175,-0.0178252942860126,-0.0073825274594128,-0.0163339655846357,-0.0424165017902851,-0.018450167030096,0.0058177215978503,0.007518789730966,0.1081662029027939,-0.0274963900446891,-0.0274566560983657,-0.0332850966822446,0.0029806218461274,0.0159189787237858,-0.0022238508359861,0.0477568660439697,0.0353846180656536,0.0086830613149548,0.03062784105273,-0.091172164480742,0.2579439480326797,-0.2243125583022841,-0.0358166229959788,2019-02-07,2019-02-08,2019-02-11,2019-02-12,2019-02-13,2019-02-14,2019-02-15,2019-02-19,2019-02-20,2019-02-21,91279.0,2019-02-06,252.0,2.6746%,-0.0027,1.2129,0.725,-0.3718,3.0973%,3.4447%,19.1516%,0.029663,PRTK,91279.0,2019-02-07,252.0,-2.7496%,-0.0027,1.2179,0.7234,-0.3742,3.0981%,3.4474%,19.2409%,-0.013924,PRTK,91279.0,2019-02-08,252.0,-0.5952%,-0.0027,1.2188,0.7377,-0.3611,3.0972%,3.4461%,19.2239%,-0.010092,PRTK,91279.0,2019-02-11,252.0,5.0898%,-0.0023,1.1838,0.8355,-0.3264,3.1040%,3.4303%,18.1213%,0.045054,PRTK,91279.0,2019-02-12,252.0,0.9972%,-0.0023,1.1887,0.8259,-0.3222,3.1031%,3.4310%,18.2034%,-0.00695,PRTK,91279.0,2019-02-13,252.0,2.1157%,-0.0025,1.153,0.8941,-0.3053,3.0597%,3.3794%,18.0273%,0.017458,PRTK,91279.0,2019-02-14,252.0,-0.8287%,-0.0025,1.1567,0.8895,-0.3026,3.0575%,3.3781%,18.0796%,-0.012386,PRTK,91279.0,2019-02-15,252.0,0.6964%,-0.0026,1.1334,0.8681,-0.3411,3.0536%,3.3679%,17.7932%,-0.006979,PRTK,91279.0,2019-02-19,252.0,-0.1383%,-0.0025,1.1411,0.8549,-0.3566,3.0491%,3.3671%,17.9935%,-0.005131,PRTK,91279.0,2019-02-20,252.0,-1.1080%,-0.0026,1.138,0.8474,-0.3678,3.0499%,3.3675%,17.9734%,-0.013268,PRTK,91279.0,2019-02-21,252.0,-2.3810%,-0.0026,1.1366,0.8406,-0.3703,3.0503%,3.3667%,17.9075%,-0.019952,PRTK,0.0157389999999999,0.0056469999999999,0.0507009999999999,0.061209,0.0034929999999999
27051,PRUDENTIAL FINANCIAL INC,Prudential Financial Q4 EPS $2.44 Misses $2.82 Estimate,6,decrease,0.8,0.7,"the earnings per share (eps) miss compared to estimates typically signals weaker financial performance, which can lead to a decline in stock price.",0,2019-02-06,PRU,2019-02-06 21:20:00+00:00,89258.0,74432010,0.0045166769996285,2060189.0,-0.0228027496486902,-0.0021462021395564,-0.0031770477071404,0.0024742186069488,0.005605034995824,0.0088994977995753,0.0203278753906488,0.0089794099330902,0.0054627479985356,0.0026350226253271,-0.0233301632106304,-0.0163083970546722,0.0269415490329265,-0.0034442720934748,0.0084970304742455,0.0167433395981788,0.0113890338689088,0.0081641422584652,-0.0055777602829039,-0.0014321610797196,0.0055032731033861,-0.0161500703543424,0.0057888161391019,0.0119557306170463,0.0001046686520567,0.0076259369961917,0.0052317674271762,0.0168577209115028,-0.0022900095209479,0.0050830743275582,0.0078247264027595,0.0090038860216736,0.0013458062894642,0.0049249837175011,0.0013439186150208,0.0049493592232465,-0.0140408901497721,0.0161403194069862,-0.0145549671724438,0.0058823530562222,-0.0086069237440824,-0.0004703776503447,0.0135047640651464,0.0463886372745037,0.0019035565201193,-0.0169348195195198,0.0041165230795741,0.0137338452041149,0.0014716639416292,0.0095321154221892,0.0074525740928947,-0.0076167411170899,0.0132318874821066,0.010301623493433,-0.004627218004316,0.0486788712441921,-0.0298553649336099,-0.0206500347703695,0.0035139408428221,-0.0242537874728441,-0.0454159490764141,-0.0024813518393784,-0.0001111842648242,-0.0156326182186603,0.0167871285229921,0.0030625995714217,0.0007653585635125,-0.0089839193969964,0.0017481007380411,-0.004471780732274,0.0020721431355923,-0.001327708014287,0.0434262678027153,0.0086437677964568,-0.0081360843032598,-0.0139256138354539,0.0144074326381087,-0.029928958043456,0.0066348682157695,-0.0168307032436132,0.014109194278717,-0.0206324737519025,0.0042652399279177,-0.0538935028016567,-0.0164829324930906,0.0053327642381191,0.0116183143109083,0.009148621931672,0.01189143396914,-0.0145311318337917,0.0190839860588312,0.026009352877736,-0.001182759180665,0.0006533546256832,0.0265443306416273,0.0240883659571409,0.0012496864655986,-0.0051625962369143,-0.0031682201661169,0.0130187841132283,-0.0035635437816381,-0.0194216985255479,0.0019331584917381,0.0009830053895711,-0.0086822444573044,-0.0113379014655947,-0.0001946698321262,-0.0025847912766039,0.0111933182924985,-0.0187064483761787,0.0135720828548073,0.0101420367136597,0.0038935993798077,-0.0227438732981681,-0.0105004319921135,-0.0115499924868345,-0.0263862535357475,-0.0369450896978378,0.0126669378951191,0.0234804358333349,-0.0228027496486902,-0.0021462021395564,-0.0259073519323428,0.0003227062941244,-0.0204475285507486,0.0092250760176542,0.004924515773454,0.0209705318217077,0.0223288920381581,0.0244574344294501,0.0196240312788607,0.1565919928622092,0.1158088465918534,-0.0453006372215474,2019-02-07,2019-02-08,2019-02-11,2019-02-12,2019-02-13,2019-02-14,2019-02-15,2019-02-19,2019-02-20,2019-02-21,89258.0,2019-02-06,252.0,0.4517%,-0.0002,1.3964,0.0642,1.3418,0.8300%,1.6293%,74.0507%,0.006538,PRU,89258.0,2019-02-07,252.0,-2.2803%,-0.0002,1.4111,0.0518,1.3398,0.8267%,1.6353%,74.4419%,-0.015066,PRU,89258.0,2019-02-08,252.0,-0.3177%,-0.0002,1.4104,0.047,1.3336,0.8269%,1.6353%,74.4325%,0.004672,PRU,89258.0,2019-02-11,252.0,0.5605%,-0.0,1.3767,0.0795,1.3335,0.8102%,1.5755%,73.5545%,0.000153,PRU,89258.0,2019-02-12,252.0,2.0328%,-0.0001,1.3755,0.0838,1.3321,0.8098%,1.5723%,73.4716%,0.003756,PRU,89258.0,2019-02-13,252.0,0.5463%,-0.0001,1.3743,0.086,1.3327,0.8097%,1.5689%,73.3663%,0.000529,PRU,89258.0,2019-02-14,252.0,-2.3330%,-0.0001,1.3781,0.0792,1.339,0.8114%,1.5746%,73.4476%,-0.013262,PRU,89258.0,2019-02-15,252.0,2.6942%,-0.0001,1.3701,0.0724,1.3266,0.8075%,1.5624%,73.2895%,0.004644,PRU,89258.0,2019-02-19,252.0,0.8497%,-0.0,1.3773,0.0638,1.3162,0.7955%,1.5611%,74.0337%,0.001604,PRU,89258.0,2019-02-20,252.0,1.1389%,0.0,1.3782,0.0682,1.32,0.7947%,1.5627%,74.1363%,0.0012929999999999,PRU,89258.0,2019-02-21,252.0,-0.5578%,-0.0,1.3818,0.076,1.3265,0.7916%,1.5631%,74.3528%,0.002505,PRU,-0.0085279999999999,-0.0038559999999999,-0.0037029999999999,0.000582,-0.002634
27059,PROSPECT ENERGY CORP,"Prospect Capital Q2 EPS $0.22, Inline",6,uncertain,0.5,0.5,"the eps of $0.22 is inline with expectations, which may not significantly impact the stock price in either direction.",1,2019-02-06,PSEC,2019-02-06 22:02:00+00:00,90291.0,74348T10,-0.008658000268042,1783822.0,-0.0378456711769104,0.0043477872386574,-0.0287443343549966,0.0087719215080142,-0.0062305238097906,0.0058823470026254,0.0047021522186696,0.0029498497024178,0.0124804880470037,0.0088495574891567,-0.0046224552206695,0.0014771387213841,0.0139319123700261,-0.0044117956422269,0.0030534320976585,0.0179641265422105,0.021308958530426,0.0151975536718964,-0.0014903470873832,0.0015220321947708,0.028358219191432,-0.0281065162271261,-0.001451342832297,0.0074515934102237,0.0043604262173175,-0.0088626211509108,0.0028943615034222,0.0134730767458677,-0.0029112054035067,0.0030030002817511,-0.0204379372298717,-0.0118694249540567,0.0014902759576216,0.0074737989343702,-0.0119047509506344,-0.0029806231614202,-0.0120481811463832,0.0044910493306815,-0.0015243524685502,0.0198472719639539,-0.0015267524868249,0.0234375149011611,0.0076452889479696,0.0207336712628603,0.0045523112639784,-0.0141509668901562,0.0015106085920706,0.0079239606857299,-0.0030165882781147,-0.018489958718419,-0.0060514314100146,0.0285261217504739,0.0076103061437606,0.0344262346625328,0.0,0.0481099188327789,-0.0015105365309864,0.0017212098464369,0.0090771466493606,0.0069324024952948,-0.0089954938739538,-0.0383333377540111,-0.0045386096462607,-0.0016639315290376,0.0045593022368848,-0.0131362760439515,-0.0015128939412534,-0.0439560040831565,0.0060606086626648,-0.0259938947856426,-0.0091185327619314,-0.0150602273643016,0.0046012592501938,0.0075872098095715,0.0030534320976585,-0.0105104651302099,-0.0015221048379316,-0.0014992846408858,0.0030487775802612,-0.0074404338374733,0.0045593022368848,-0.0146628124639391,-0.0030257157050073,-0.0058308979496359,-0.0030348983127623,0.0,0.0015220321947708,-0.0057970960624516,0.0,-0.0028653186745941,0.0060790218412876,0.0189781188964843,-0.0015105365309864,0.0043987878598272,0.0136156845837831,-0.0072779790498316,-0.0014925003051757,0.0073313363827764,-0.005979067645967,0.0073855523951351,0.0015037220437079,-0.0174165293574333,0.0105105368420481,0.0117474189028143,-0.0014859180664643,-0.0158959720283746,-0.0029761877376586,-0.002881841501221,0.0089552868157625,-0.0014388132840394,0.0044378382153809,0.0072463350370526,0.002971765352413,-0.017094001173973,-0.0044444757513701,0.0028571400325745,0.0029761877376586,0.0071942722424864,0.0074184262193739,0.019061530008912,-0.0378456711769104,0.0043477872386574,-0.0655021569057087,0.0131578471950626,-0.0713245679673056,0.019117593220697,-0.0553129726338539,0.0311691806059126,-0.0247452815678973,0.064128930557729,-0.0206326842073024,0.2231899179443175,0.015047660256138,0.0438677166428174,2019-02-07,2019-02-08,2019-02-11,2019-02-12,2019-02-13,2019-02-14,2019-02-15,2019-02-19,2019-02-20,2019-02-21,90291.0,2019-02-06,252.0,-0.8658%,0.0007,0.3888,0.2664,0.0499,1.0896%,1.1737%,13.8248%,-0.007877,PSEC,90291.0,2019-02-07,252.0,-3.7846%,0.0006,0.3937,0.2752,0.0407,1.1106%,1.1964%,13.8294%,-0.034178,PSEC,90291.0,2019-02-08,252.0,-2.8744%,0.0005,0.3985,0.293,0.0725,1.1236%,1.2085%,13.5484%,-0.029055,PSEC,90291.0,2019-02-11,252.0,-0.6231%,0.0002,0.4716,0.2106,0.0663,1.0635%,1.1761%,18.2302%,-0.008989,PSEC,90291.0,2019-02-12,252.0,0.4702%,0.0001,0.4494,0.2376,0.0501,1.0387%,1.1473%,18.0441%,-0.0017419999999999,PSEC,90291.0,2019-02-13,252.0,1.2480%,0.0001,0.4499,0.241,0.0533,1.0408%,1.1490%,17.9476%,0.010945,PSEC,90291.0,2019-02-14,252.0,-0.4622%,0.0001,0.4509,0.2383,0.0566,1.0411%,1.1491%,17.9184%,-0.004722,PSEC,90291.0,2019-02-15,252.0,1.3932%,0.0001,0.4541,0.2421,0.063,1.0421%,1.1506%,17.9685%,0.007869,PSEC,90291.0,2019-02-19,252.0,0.3053%,0.0002,0.4641,0.229,0.0475,1.0235%,1.1387%,19.2139%,0.0012,PSEC,90291.0,2019-02-20,252.0,2.1309%,0.0003,0.4685,0.2341,0.0618,1.0285%,1.1440%,19.1684%,0.019562,PSEC,90291.0,2019-02-21,252.0,-0.1490%,0.0003,0.466,0.2291,0.0573,1.0277%,1.1421%,19.0346%,0.000449,PSEC,-0.042055,-0.07111,-0.080099,-0.070896,-0.046538
27067,RAVE RESTAURANT GROUP INC,"Rave Restaurant Group, Inc. Q2 EPS $0.02 Up From $(0.04) YoY, Sales $3.2M Down From $4.197M YoY",6,uncertain,0.6,0.3,"while the improvement in eps suggests better profitability, the decline in sales may raise concerns among investors, leading to an uncertain impact on the stock price.",1,2019-02-06,RAVE,2019-02-06 13:09:00+00:00,79618.0,75419810,0.0281905010342598,15204.0,-0.0088921124115586,-0.0276878159493207,-0.0373832508921623,-0.0092660607770085,-0.0291261859238147,0.0686275064945221,0.0700000524520874,-0.0285714026540517,0.02803735435009,-0.0186916813254356,0.0090909004211425,-0.0775861367583274,-0.0090089999139308,0.0740740001201629,-0.0454546101391315,-0.0608695074915885,0.0,0.1322240829467773,0.0476191192865371,-0.1011504530906677,-0.0181818008422851,-0.0087719215080142,0.0185185000300407,0.0961538702249527,0.0454545021057128,-0.0630631074309349,0.0165217854082584,0.0277777500450611,-0.0076989415101706,0.0188680198043584,0.0086206812411546,0.009523800574243,0.02512819878757,0.0194174572825431,-0.0203435029834508,-0.0462963618338108,-0.0029787104576826,0.0335918329656124,0.057447787374258,-0.0048571545630693,0.0090409675613045,0.0489509515464305,-0.0012000084389001,0.0066371904686093,0.0332398675382137,-0.0250979978591203,0.1920155882835388,0.1623931378126144,0.1640761494636536,0.1546052694320679,-0.1061452180147171,0.04827581346035,-0.1250000298023224,-0.1470588147640228,0.0642857402563095,-0.0449437797069549,0.0067114029079675,-0.0219780653715133,0.0399999618530273,-0.1415093690156937,-0.0192307513207197,-0.0185186099261045,0.0653594955801963,0.0,-0.0552147440612316,-0.0270270016044378,-0.0064935004338622,-0.0176990982145071,-0.01960782520473,-0.0583333745598793,0.0266666412353515,0.0175528693944215,0.0389610789716243,-0.0367557592689991,0.0,0.0202499814331531,-0.0874999910593032,-0.0624999403953552,0.027397233992815,0.0666666030883789,0.0333333015441894,-0.0163934268057346,0.0967742577195167,-0.0393700413405895,0.0469999425113201,-0.0378788411617279,0.0169110558927059,0.0967098698019981,-0.1270717680454254,0.0466087609529495,0.0158227700740099,-0.0254237055778503,0.0093457857146859,-0.032786950469017,-0.0617284104228019,0.042735107243061,-0.0065789413638412,-0.0084745688363909,0.0132450209930539,0.0050250454805791,0.005032735876739,-0.0296694170683622,-0.0570332370698452,-0.0162601470947265,0.0206896346062421,-0.039062462747097,-0.2297297567129135,-0.0229007434099912,0.0438597127795219,-0.0366939157247543,0.0252100583165884,0.0380916483700275,0.1311475038528442,-0.0223881267011165,0.1449275761842728,-0.0546070039272308,0.0063291075639426,0.0345985367894172,0.0251572076231241,-0.0214285515248775,-0.0088921124115586,-0.0276878159493207,-0.0459429472344783,-0.0366973197409602,-0.0737309903352536,0.0294117412047074,0.0188959320070101,-0.0186916775474582,0.0188959332614415,-0.0707964905588418,0.4449796094525626,-0.0094339608533315,0.5098184724058634,-0.2500000207909679,2019-02-07,2019-02-08,2019-02-11,2019-02-12,2019-02-13,2019-02-14,2019-02-15,2019-02-19,2019-02-20,2019-02-21,79618.0,2019-02-06,252.0,2.8191%,-0.0003,0.6202,0.996,0.6331,4.6673%,4.7272%,2.5202%,0.029096,RAVE,79618.0,2019-02-07,252.0,-0.8892%,-0.0004,0.6083,1.0129,0.6302,4.6652%,4.7246%,2.4984%,-0.004399,RAVE,79618.0,2019-02-08,252.0,-3.7383%,-0.0005,0.6139,1.0302,0.6649,4.6696%,4.7302%,2.5467%,-0.034189,RAVE,79618.0,2019-02-11,252.0,-2.9126%,-0.0007,0.6302,0.9634,0.6372,4.6742%,4.7334%,2.4878%,-0.038414,RAVE,79618.0,2019-02-12,252.0,7.0000%,-0.0006,0.6542,0.9786,0.6468,4.6899%,4.7528%,2.6278%,0.06222,RAVE,79618.0,2019-02-13,252.0,2.8037%,-0.0006,0.6363,1.0193,0.6603,4.6830%,4.7457%,2.6233%,0.025066,RAVE,79618.0,2019-02-14,252.0,0.9091%,-0.0006,0.6333,1.0241,0.6563,4.6829%,4.7455%,2.6190%,0.008856,RAVE,79618.0,2019-02-15,252.0,-0.9009%,-0.0004,0.6751,1.0593,0.7212,4.6653%,4.7345%,2.8996%,-0.0219749999999999,RAVE,79618.0,2019-02-19,252.0,-4.5455%,-0.0007,0.6592,1.035,0.6952,4.6754%,4.7415%,2.7661%,-0.052073,RAVE,79618.0,2019-02-20,252.0,0.0000%,-0.0008,0.6572,1.0298,0.6878,4.6756%,4.7413%,2.7509%,-0.0074529999999999,RAVE,79618.0,2019-02-21,252.0,4.7619%,-0.0006,0.6507,1.0282,0.6754,4.6864%,4.7509%,2.6931%,0.0522539999999999,RAVE,0.024697,-0.0094919999999999,-0.047906,0.03938,0.018989
27075,RAVE RESTAURANT GROUP INC,"Rave Restaurant Group, Inc. - Common Stock Q2 EPS $0.02 Up From $(0.04) YoY, Sales $3.2M Down From $4.197M YoY",6,uncertain,0.6,0.3,"while the improvement in eps suggests positive momentum, the decline in sales may raise concerns among investors, leading to uncertainty about the overall impact on the stock price.",1,2019-02-06,RAVE,2019-02-06 12:38:00+00:00,79618.0,75419810,0.0281905010342598,15204.0,-0.0088921124115586,-0.0276878159493207,-0.0373832508921623,-0.0092660607770085,-0.0291261859238147,0.0686275064945221,0.0700000524520874,-0.0285714026540517,0.02803735435009,-0.0186916813254356,0.0090909004211425,-0.0775861367583274,-0.0090089999139308,0.0740740001201629,-0.0454546101391315,-0.0608695074915885,0.0,0.1322240829467773,0.0476191192865371,-0.1011504530906677,-0.0181818008422851,-0.0087719215080142,0.0185185000300407,0.0961538702249527,0.0454545021057128,-0.0630631074309349,0.0165217854082584,0.0277777500450611,-0.0076989415101706,0.0188680198043584,0.0086206812411546,0.009523800574243,0.02512819878757,0.0194174572825431,-0.0203435029834508,-0.0462963618338108,-0.0029787104576826,0.0335918329656124,0.057447787374258,-0.0048571545630693,0.0090409675613045,0.0489509515464305,-0.0012000084389001,0.0066371904686093,0.0332398675382137,-0.0250979978591203,0.1920155882835388,0.1623931378126144,0.1640761494636536,0.1546052694320679,-0.1061452180147171,0.04827581346035,-0.1250000298023224,-0.1470588147640228,0.0642857402563095,-0.0449437797069549,0.0067114029079675,-0.0219780653715133,0.0399999618530273,-0.1415093690156937,-0.0192307513207197,-0.0185186099261045,0.0653594955801963,0.0,-0.0552147440612316,-0.0270270016044378,-0.0064935004338622,-0.0176990982145071,-0.01960782520473,-0.0583333745598793,0.0266666412353515,0.0175528693944215,0.0389610789716243,-0.0367557592689991,0.0,0.0202499814331531,-0.0874999910593032,-0.0624999403953552,0.027397233992815,0.0666666030883789,0.0333333015441894,-0.0163934268057346,0.0967742577195167,-0.0393700413405895,0.0469999425113201,-0.0378788411617279,0.0169110558927059,0.0967098698019981,-0.1270717680454254,0.0466087609529495,0.0158227700740099,-0.0254237055778503,0.0093457857146859,-0.032786950469017,-0.0617284104228019,0.042735107243061,-0.0065789413638412,-0.0084745688363909,0.0132450209930539,0.0050250454805791,0.005032735876739,-0.0296694170683622,-0.0570332370698452,-0.0162601470947265,0.0206896346062421,-0.039062462747097,-0.2297297567129135,-0.0229007434099912,0.0438597127795219,-0.0366939157247543,0.0252100583165884,0.0380916483700275,0.1311475038528442,-0.0223881267011165,0.1449275761842728,-0.0546070039272308,0.0063291075639426,0.0345985367894172,0.0251572076231241,-0.0214285515248775,-0.0088921124115586,-0.0276878159493207,-0.0459429472344783,-0.0366973197409602,-0.0737309903352536,0.0294117412047074,0.0188959320070101,-0.0186916775474582,0.0188959332614415,-0.0707964905588418,0.4449796094525626,-0.0094339608533315,0.5098184724058634,-0.2500000207909679,2019-02-07,2019-02-08,2019-02-11,2019-02-12,2019-02-13,2019-02-14,2019-02-15,2019-02-19,2019-02-20,2019-02-21,79618.0,2019-02-06,252.0,2.8191%,-0.0003,0.6202,0.996,0.6331,4.6673%,4.7272%,2.5202%,0.029096,RAVE,79618.0,2019-02-07,252.0,-0.8892%,-0.0004,0.6083,1.0129,0.6302,4.6652%,4.7246%,2.4984%,-0.004399,RAVE,79618.0,2019-02-08,252.0,-3.7383%,-0.0005,0.6139,1.0302,0.6649,4.6696%,4.7302%,2.5467%,-0.034189,RAVE,79618.0,2019-02-11,252.0,-2.9126%,-0.0007,0.6302,0.9634,0.6372,4.6742%,4.7334%,2.4878%,-0.038414,RAVE,79618.0,2019-02-12,252.0,7.0000%,-0.0006,0.6542,0.9786,0.6468,4.6899%,4.7528%,2.6278%,0.06222,RAVE,79618.0,2019-02-13,252.0,2.8037%,-0.0006,0.6363,1.0193,0.6603,4.6830%,4.7457%,2.6233%,0.025066,RAVE,79618.0,2019-02-14,252.0,0.9091%,-0.0006,0.6333,1.0241,0.6563,4.6829%,4.7455%,2.6190%,0.008856,RAVE,79618.0,2019-02-15,252.0,-0.9009%,-0.0004,0.6751,1.0593,0.7212,4.6653%,4.7345%,2.8996%,-0.0219749999999999,RAVE,79618.0,2019-02-19,252.0,-4.5455%,-0.0007,0.6592,1.035,0.6952,4.6754%,4.7415%,2.7661%,-0.052073,RAVE,79618.0,2019-02-20,252.0,0.0000%,-0.0008,0.6572,1.0298,0.6878,4.6756%,4.7413%,2.7509%,-0.0074529999999999,RAVE,79618.0,2019-02-21,252.0,4.7619%,-0.0006,0.6507,1.0282,0.6754,4.6864%,4.7509%,2.6931%,0.0522539999999999,RAVE,0.024697,-0.0094919999999999,-0.047906,0.03938,0.018989
27083,RADWARE LTD,Radware Q4 EPS $0.24 vs $0.17 Est; Revenue $63.8M vs $63.47M Est,6,increase,0.8,0.6,"the company reported better-than-expected earnings per share and revenue, which typically signals positive performance and can lead to an increase in stock price.",2,2019-02-06,RDWR,2019-02-06 11:14:00+00:00,87251.0,M8187310,-0.0205977465957403,616159.0,-0.0008247611694969,0.0065040588378906,0.0,0.0123457266017794,-0.005365215241909,0.0037174785975366,0.0120331533253192,0.0117007428780198,-0.0086100483313202,0.012695774435997,0.0086848251521587,0.0021204086951911,-0.0012299623340368,-0.007993291132152,-0.0045156241394579,0.0166809801012277,0.0070103122852742,0.0165217034518718,0.0045045292936265,-0.0004346036002971,0.041174080222845,0.0026143556460738,-0.0137040084227919,0.0096788927912712,-0.0067487126216292,-0.0039439154788851,0.006794567219913,-0.0129758277907967,-0.0031758602708578,0.0171579979360103,0.0023894649930298,-0.0078568439930677,-0.0043703061528503,-0.0039130500517785,0.0015962057514116,-0.0056203701533377,-0.0119522362947464,-0.0025873812846839,-0.0016128632705658,0.0113388672471046,-0.0100969308987259,0.0070267827250063,0.00938390661031,0.0345297679305076,0.0024252007715404,-0.0230803564190864,0.0125000560656189,-0.0079259537160396,0.0258860848844051,0.0088848890736699,0.013975178822875,0.0062583540566265,-0.0034456413704901,0.0031390853691846,-0.0034575548488646,0.0386585928499698,0.0030840369872748,-0.0087719541043043,0.0061491099186241,-0.020352816209197,-0.0187165681272745,-0.0182060319930315,0.0019462528871372,-0.0066166571341454,0.005827491171658,0.0017676056595519,-0.0027037349063903,-0.0074561438523232,0.0050348979420959,0.0,0.0069363540969789,-0.0039318548515439,0.0042097442783415,0.0035072304308414,0.0041920966468751,-0.0069656008854508,-0.0045541115105152,0.0291218478232622,-0.0156309511512517,-0.0171730257570743,0.0,0.0147453052923083,-0.001161842723377,-0.0239860936999321,0.0042651686817407,0.005260887555778,0.0069498186931014,0.0101859848946332,-0.0007668887265026,-0.0074725309386849,0.0069071492180228,0.0303442068397998,0.0003811062779277,-0.0063006025739014,0.0,0.0031602571252733,-0.0015238444320857,0.0009037712588906,-0.0041968221776187,0.0013574108015745,0.0080459415912628,-0.0260026510804891,0.0095020905137062,-0.0377438254654407,0.0041415891610085,-0.0084104603156447,0.0029996221419423,0.0008417700883001,-0.0071028238162398,0.0033783752005547,-0.0139306830242276,0.0008453279151581,-0.0038182656280696,-0.0382114015519619,-0.0436948798596859,-0.0210902821272611,-0.008817683905363,0.0282323490828275,0.0068742451258003,0.0325306504964828,-0.0008247611694969,0.0065040588378906,-0.0008247611694969,0.0189300827718845,-0.0061855513902083,0.0227179335469753,-0.0028865853593396,0.0478206140612764,0.0115464194254577,0.0760538899695277,0.0795876399952817,0.1198552503501086,0.0268041053060799,0.0460498642232851,2019-02-07,2019-02-08,2019-02-11,2019-02-12,2019-02-13,2019-02-14,2019-02-15,2019-02-19,2019-02-20,2019-02-21,87251.0,2019-02-06,252.0,-2.0598%,0.0005,0.5923,0.5298,-0.6276,0.9616%,1.3569%,49.7799%,-0.018862,RDWR,87251.0,2019-02-07,252.0,-0.0825%,0.0005,0.5962,0.5217,-0.625,0.9606%,1.3569%,49.8781%,0.00772,RDWR,87251.0,2019-02-08,252.0,0.0000%,0.0003,0.5988,0.469,-0.6486,0.8853%,1.3066%,54.0860%,-0.00521,RDWR,87251.0,2019-02-11,252.0,-0.5365%,0.0002,0.6224,0.4355,-0.6544,0.8782%,1.3070%,54.8521%,-0.0079069999999999,RDWR,87251.0,2019-02-12,252.0,1.2033%,0.0001,0.6206,0.4394,-0.656,0.8777%,1.3076%,54.9403%,0.0022689999999999,RDWR,87251.0,2019-02-13,252.0,-0.8610%,0.0001,0.6238,0.4297,-0.6602,0.8777%,1.3088%,55.0291%,-0.0102519999999999,RDWR,87251.0,2019-02-14,252.0,0.8685%,0.0001,0.6226,0.4315,-0.6617,0.8774%,1.3087%,55.0489%,0.0038309999999999,RDWR,87251.0,2019-02-15,252.0,-0.1230%,0.0001,0.6152,0.4242,-0.6747,0.8780%,1.3070%,54.8743%,-0.006268,RDWR,87251.0,2019-02-19,252.0,-0.4516%,0.0001,0.6172,0.4167,-0.6833,0.8763%,1.3073%,55.0698%,-0.004991,RDWR,87251.0,2019-02-20,252.0,0.7010%,0.0001,0.6194,0.4206,-0.6758,0.8778%,1.3079%,54.9513%,0.008579,RDWR,87251.0,2019-02-21,252.0,0.4505%,0.0002,0.6152,0.4132,-0.6835,0.8769%,1.3058%,54.9002%,0.005436,RDWR,-0.0111419999999999,-0.016352,-0.0242589999999999,-0.0322419999999999,-0.0256549999999999
27091,REGENERON PHARMACEUTICALS INC,Regeneron Pharmaceuticals Sees FY19 Sanofi Collaboration Revenue Of $510M-$560M,6,increase,0.7,0.6,"the announcement of significant collaboration revenue from sanofi suggests strong financial performance, which is likely to positively impact investor sentiment and increase the stock price.",2,2019-02-06,REGN,2019-02-06 11:40:00+00:00,76614.0,75886F10,-0.0343910567462444,1330775.0,-0.0002459811803419,-0.0102491425350308,0.0009840916609391,-0.0110426601022481,0.0040555093437433,0.0020500032696872,0.0191671848297119,0.0222904551774263,-0.0102080032229423,0.006616348400712,0.0069887763820588,0.0077303578145802,0.0216883141547441,-0.0103755677118897,-0.0079486640170216,0.02539655379951,0.0045411405153572,0.0167493373155593,-0.0092069171369075,-0.0087461611256003,0.0093163102865219,-0.0336405225098133,-0.0050648115575313,0.0034979907795786,0.0137256504967808,0.0317397452890873,0.0168485101312398,-0.0011850785231217,-0.0059769609943032,0.0107054077088832,0.0204996448010206,-0.0193328782916069,-0.0130582628771662,0.0013968714047223,0.0076067084446549,0.0212223120033741,-0.0307460073381662,0.005839945282787,-0.0333026871085166,0.0015883943997323,-0.0169441178441047,-0.0023141314741224,0.0233706850558519,0.0684530287981033,0.0135177951306104,-0.0009666412370279,-0.0206167940050363,-0.0028380122967064,-0.0036918651312589,0.0300038754940033,0.017104297876358,-0.0059486646205186,-0.0165753737092018,0.0041289324872195,-0.0014966041781008,0.066492460668087,-0.0036609997041523,-0.011491559445858,-0.007176334504038,-0.0326474606990814,-0.0268014818429946,-0.0123925730586051,0.0081674633547663,-0.022493191063404,0.0268860626965761,-0.0173102524131536,-0.0067797447554767,-0.0148752871900796,0.0048650717362761,0.007027565035969,0.0143023217096924,0.0014552288921549,-0.0013881626073271,0.0059618605300784,0.0116327758878469,-0.0049524488858878,-0.0188515670597553,0.0127672394737601,-0.0011547941248863,-0.0232125967741012,0.0059282309375703,0.0238466057926416,-0.0187802426517009,-0.0256396792829036,-0.0137815847992897,0.0463831312954425,0.0315871909260749,0.016909047961235,-0.0361315906047821,-0.0111924074590206,-0.0267866421490907,0.0284228008240461,-0.0194286368787288,0.0011608914937824,-0.0207989290356636,0.0361438952386379,-0.0672305524349212,-0.0067314393818378,-0.0280782710760831,0.0174330826848745,0.0020699659362435,-0.0050148433074355,0.0302667897194623,-0.0183592401444912,-0.0106933889910578,0.0107712354511022,0.0279915388673543,0.0129265179857611,-0.0180861931294202,-0.0140602085739374,0.0014257994480431,-0.0128693198785185,-0.0029347066301852,-0.0283183027058839,-0.0068485341034829,-0.018384963274002,-0.015786862000823,-0.0024982942268252,0.0044125425629317,0.018567755818367,-0.0002459811803419,-0.0102491425350308,0.0007378684125689,-0.0211786248399251,0.0047963701885538,-0.0191720378204072,0.0136019262108979,0.0093252173244149,0.02966351273461,0.0402470871586733,-0.0097648592895677,0.1819330073223484,-0.1713645796073866,0.1773720711442716,2019-02-07,2019-02-08,2019-02-11,2019-02-12,2019-02-13,2019-02-14,2019-02-15,2019-02-19,2019-02-20,2019-02-21,76614.0,2019-02-06,252.0,-3.4391%,0.0006,1.0556,0.2225,-0.3416,1.5449%,1.9985%,40.2435%,-0.031895,REGN,76614.0,2019-02-07,252.0,-0.0246%,0.0006,1.0513,0.2235,-0.3393,1.5462%,1.9947%,39.9129%,0.0110929999999999,REGN,76614.0,2019-02-08,252.0,0.0984%,0.0006,1.0516,0.233,-0.3319,1.5451%,1.9929%,39.8883%,-0.002515,REGN,76614.0,2019-02-11,252.0,0.4056%,0.0006,1.0544,0.2317,-0.3311,1.5451%,1.9794%,39.0660%,0.001709,REGN,76614.0,2019-02-12,252.0,1.9167%,0.0005,1.0389,0.2541,-0.3431,1.5339%,1.9652%,39.0795%,0.004117,REGN,76614.0,2019-02-13,252.0,-1.0208%,0.0005,1.0349,0.2553,-0.3462,1.5360%,1.9633%,38.7872%,-0.013129,REGN,76614.0,2019-02-14,252.0,0.6989%,0.0007,1.0375,0.2602,-0.358,1.4925%,1.9340%,40.4414%,0.0057269999999999,REGN,76614.0,2019-02-15,252.0,2.1688%,0.0007,1.0415,0.2649,-0.3501,1.4938%,1.9351%,40.4106%,0.0109319999999999,REGN,76614.0,2019-02-19,252.0,-0.7949%,0.0007,1.0418,0.2551,-0.3612,1.4944%,1.9355%,40.3850%,-0.009746,REGN,76614.0,2019-02-20,252.0,0.4541%,0.0008,1.0431,0.26,-0.356,1.4943%,1.9355%,40.3927%,0.003887,REGN,76614.0,2019-02-21,252.0,-0.9207%,0.0008,1.0369,0.2457,-0.3674,1.4886%,1.9282%,40.3972%,-0.006084,REGN,-0.020802,-0.023317,-0.021608,-0.03062,-0.025904
27099,REGENERON PHARMACEUTICALS INC,"Regeneron Pharmaceuticals Q4 Adj. EPS $6.84 Beats $5.72 Estimate, Sales $1.93B Beat $1.71B Estimate",6,increase,0.85,0.7,"the company's better-than-expected earnings and sales figures typically indicate strong performance, which is likely to boost investor confidence and increase the stock price.",2,2019-02-06,REGN,2019-02-06 11:39:00+00:00,76614.0,75886F10,-0.0343910567462444,1330775.0,-0.0002459811803419,-0.0102491425350308,0.0009840916609391,-0.0110426601022481,0.0040555093437433,0.0020500032696872,0.0191671848297119,0.0222904551774263,-0.0102080032229423,0.006616348400712,0.0069887763820588,0.0077303578145802,0.0216883141547441,-0.0103755677118897,-0.0079486640170216,0.02539655379951,0.0045411405153572,0.0167493373155593,-0.0092069171369075,-0.0087461611256003,0.0093163102865219,-0.0336405225098133,-0.0050648115575313,0.0034979907795786,0.0137256504967808,0.0317397452890873,0.0168485101312398,-0.0011850785231217,-0.0059769609943032,0.0107054077088832,0.0204996448010206,-0.0193328782916069,-0.0130582628771662,0.0013968714047223,0.0076067084446549,0.0212223120033741,-0.0307460073381662,0.005839945282787,-0.0333026871085166,0.0015883943997323,-0.0169441178441047,-0.0023141314741224,0.0233706850558519,0.0684530287981033,0.0135177951306104,-0.0009666412370279,-0.0206167940050363,-0.0028380122967064,-0.0036918651312589,0.0300038754940033,0.017104297876358,-0.0059486646205186,-0.0165753737092018,0.0041289324872195,-0.0014966041781008,0.066492460668087,-0.0036609997041523,-0.011491559445858,-0.007176334504038,-0.0326474606990814,-0.0268014818429946,-0.0123925730586051,0.0081674633547663,-0.022493191063404,0.0268860626965761,-0.0173102524131536,-0.0067797447554767,-0.0148752871900796,0.0048650717362761,0.007027565035969,0.0143023217096924,0.0014552288921549,-0.0013881626073271,0.0059618605300784,0.0116327758878469,-0.0049524488858878,-0.0188515670597553,0.0127672394737601,-0.0011547941248863,-0.0232125967741012,0.0059282309375703,0.0238466057926416,-0.0187802426517009,-0.0256396792829036,-0.0137815847992897,0.0463831312954425,0.0315871909260749,0.016909047961235,-0.0361315906047821,-0.0111924074590206,-0.0267866421490907,0.0284228008240461,-0.0194286368787288,0.0011608914937824,-0.0207989290356636,0.0361438952386379,-0.0672305524349212,-0.0067314393818378,-0.0280782710760831,0.0174330826848745,0.0020699659362435,-0.0050148433074355,0.0302667897194623,-0.0183592401444912,-0.0106933889910578,0.0107712354511022,0.0279915388673543,0.0129265179857611,-0.0180861931294202,-0.0140602085739374,0.0014257994480431,-0.0128693198785185,-0.0029347066301852,-0.0283183027058839,-0.0068485341034829,-0.018384963274002,-0.015786862000823,-0.0024982942268252,0.0044125425629317,0.018567755818367,-0.0002459811803419,-0.0102491425350308,0.0007378684125689,-0.0211786248399251,0.0047963701885538,-0.0191720378204072,0.0136019262108979,0.0093252173244149,0.02966351273461,0.0402470871586733,-0.0097648592895677,0.1819330073223484,-0.1713645796073866,0.1773720711442716,2019-02-07,2019-02-08,2019-02-11,2019-02-12,2019-02-13,2019-02-14,2019-02-15,2019-02-19,2019-02-20,2019-02-21,76614.0,2019-02-06,252.0,-3.4391%,0.0006,1.0556,0.2225,-0.3416,1.5449%,1.9985%,40.2435%,-0.031895,REGN,76614.0,2019-02-07,252.0,-0.0246%,0.0006,1.0513,0.2235,-0.3393,1.5462%,1.9947%,39.9129%,0.0110929999999999,REGN,76614.0,2019-02-08,252.0,0.0984%,0.0006,1.0516,0.233,-0.3319,1.5451%,1.9929%,39.8883%,-0.002515,REGN,76614.0,2019-02-11,252.0,0.4056%,0.0006,1.0544,0.2317,-0.3311,1.5451%,1.9794%,39.0660%,0.001709,REGN,76614.0,2019-02-12,252.0,1.9167%,0.0005,1.0389,0.2541,-0.3431,1.5339%,1.9652%,39.0795%,0.004117,REGN,76614.0,2019-02-13,252.0,-1.0208%,0.0005,1.0349,0.2553,-0.3462,1.5360%,1.9633%,38.7872%,-0.013129,REGN,76614.0,2019-02-14,252.0,0.6989%,0.0007,1.0375,0.2602,-0.358,1.4925%,1.9340%,40.4414%,0.0057269999999999,REGN,76614.0,2019-02-15,252.0,2.1688%,0.0007,1.0415,0.2649,-0.3501,1.4938%,1.9351%,40.4106%,0.0109319999999999,REGN,76614.0,2019-02-19,252.0,-0.7949%,0.0007,1.0418,0.2551,-0.3612,1.4944%,1.9355%,40.3850%,-0.009746,REGN,76614.0,2019-02-20,252.0,0.4541%,0.0008,1.0431,0.26,-0.356,1.4943%,1.9355%,40.3927%,0.003887,REGN,76614.0,2019-02-21,252.0,-0.9207%,0.0008,1.0369,0.2457,-0.3674,1.4886%,1.9282%,40.3972%,-0.006084,REGN,-0.020802,-0.023317,-0.021608,-0.03062,-0.025904
27107,ROYAL GOLD INC,"Royal Gold Q2 EPS $0.36, Inline, Sales $97.592M Miss $98.5M Estimate",6,decrease,0.7,0.5,"the earnings per share (eps) met expectations, but the sales figure missed estimates, which could lead to a negative reaction from investors.",0,2019-02-06,RGLD,2019-02-06 21:24:00+00:00,67847.0,78028710,-0.0011375964386388,620506.0,-0.0285843815654516,0.0044562048278748,0.0184056237339973,0.0074823745526373,-0.0056406753137707,-0.0057227881625294,0.0130817890167236,0.0188921596854925,-0.0060564368031919,0.0101307649165391,0.0056334543041884,0.0224015489220619,-0.0032010835129767,-0.0020432472229003,0.0242000296711921,0.0271604564040899,0.0021276012994349,-0.0090530691668391,0.0044697904959321,-0.0021972693502902,0.0010012678103521,-0.0054632094688713,-0.0074461633339524,-0.0055535323917865,0.0015675668837502,0.0058288206346333,-0.0026830392889678,0.0119194062426686,-0.0089675532653927,-0.0282985400408506,-0.0117633854970336,-0.0054625235497951,0.0030902670696377,0.0101967183873057,0.0039935926906764,-0.0124393198639154,-0.0101147787645459,-0.0055371536873281,0.0019517586333677,0.0066413371823728,0.022802859544754,-0.0047214534133672,0.0023526672739535,-0.0022376920096576,0.0158712211996316,0.0063209389336407,0.0080317240208387,-0.0117922024801373,-0.0156079484149813,0.0311823263764381,0.005100333597511,-0.0178550574928522,-0.008714847266674,0.0221174992620945,0.0051190638914704,-0.0138260265812277,0.0128432642668485,0.0164768677204847,0.0083077661693096,0.0069537595845758,-0.0019514344166964,0.0678738802671432,0.0129263792186975,-0.0507049039006233,0.0116889690980315,0.0236739180982112,-0.0168538950383663,0.030931806191802,-0.0106738312169909,-0.0369531773030757,-0.0090453550219535,0.0039116409607231,0.0003299106901977,0.0148547021672129,0.0054969219490885,0.0003843041195068,0.0034987940452992,-0.0048445290885865,0.0128023931756615,0.0280471723526716,0.0031287183519452,0.0089923338964581,0.0096794348210096,0.0059864916838705,-0.0038346892688423,0.0276144444942474,-0.0028870471287518,-0.0034059945028275,-0.0078284544870257,-0.006227986421436,0.0004323488683439,0.0295511968433857,0.002484911121428,-0.0263301096856594,-0.0141178742051124,-0.0094110909849405,-0.0131176710128784,-0.0178265683352947,-0.0063136876560747,0.0112165035679936,-0.0279790684580802,-0.0039899325929582,-0.004587085917592,-0.0106578627601265,0.0016128960996866,0.0210936404764652,-0.00230048969388,0.0264790803194046,0.0216740258038044,0.0165428332984447,-0.0201986096799373,-0.0041881254874169,0.0026488048024475,-0.0279550161212682,-0.029979333281517,-0.0091434754431247,-0.0337477624416351,0.0128013407811522,-0.0034313576761633,-0.0135680027306079,-0.0285843815654516,0.0044562048278748,-0.0107048712032169,0.0119719223741177,-0.0162851638142546,0.006180621435943,-0.0094521593831183,0.0355755006981175,0.0236875305285673,0.0731201855241912,0.050449841600884,0.0758126770202403,-0.0712618682271647,0.1846368029280769,2019-02-07,2019-02-08,2019-02-11,2019-02-12,2019-02-13,2019-02-14,2019-02-15,2019-02-19,2019-02-20,2019-02-21,67847.0,2019-02-06,252.0,-0.1138%,0.0002,0.0303,0.426,-0.0242,1.5856%,1.6029%,2.1381%,-0.001041,RGLD,67847.0,2019-02-07,252.0,-2.8584%,0.0002,0.0564,0.4047,-0.0282,1.5819%,1.5988%,2.0961%,-0.0277539999999999,RGLD,67847.0,2019-02-08,252.0,1.8406%,0.0003,0.0529,0.4168,-0.0351,1.5818%,1.5996%,2.2149%,0.017858,RGLD,67847.0,2019-02-11,252.0,-0.5641%,0.0002,0.0728,0.386,-0.0414,1.5792%,1.5963%,2.1272%,-0.008485,RGLD,67847.0,2019-02-12,252.0,1.3082%,0.0003,0.0867,0.3766,-0.0326,1.5786%,1.5956%,2.1179%,0.011845,RGLD,67847.0,2019-02-13,252.0,-0.6056%,0.0002,0.0726,0.3977,-0.0305,1.5689%,1.5864%,2.1953%,-0.006602,RGLD,67847.0,2019-02-14,252.0,0.5633%,0.0002,0.0723,0.3997,-0.0335,1.5684%,1.5862%,2.2346%,0.003441,RGLD,67847.0,2019-02-15,252.0,-0.3201%,0.0001,0.0472,0.3766,-0.0751,1.5598%,1.5765%,2.1075%,-0.0049559999999999,RGLD,67847.0,2019-02-19,252.0,2.4200%,0.0002,0.0502,0.393,-0.0568,1.5662%,1.5833%,2.1516%,0.023144,RGLD,67847.0,2019-02-20,252.0,0.2128%,0.0002,0.0514,0.3993,-0.0517,1.5652%,1.5826%,2.1884%,0.00138,RGLD,67847.0,2019-02-21,252.0,0.4470%,0.0004,0.0372,0.3714,-0.0777,1.5484%,1.5645%,2.0410%,0.0047199999999999,RGLD,-0.0287949999999999,-0.0109369999999999,-0.019422,-0.0141789999999999,0.01355
27115,RINGCENTRAL INC,"RingCentral Reports Secured 2 New Gov't. Contracting Vehicles For State, Local, Education Clients, No Terms Disclosed",6,increase,0.7,0.6,"securing new government contracting vehicles can enhance ringcentral's revenue potential and market position, likely leading to a positive reaction in the stock price.",2,2019-02-06,RNG,2019-02-06 13:10:00+00:00,14136.0,76680R20,-0.0009328768937848,1026326.0,0.0059134732000529,0.0043723275884985,0.0406353399157524,0.017369195818901,-0.0102081149816513,0.0214192513376474,0.0604786314070224,0.0350465215742588,-0.0264375694096088,0.0304603613913059,0.0070797763764858,-0.0225555431097745,0.0079930843785405,-0.0309289824217557,-0.006401052698493,0.0249804351478815,-0.0009615237941034,0.0055192369036376,0.0018286315025761,0.0,0.0177731402218341,-0.0270685069262981,-0.0027374071069061,0.0352847799658775,-0.0027449210174381,0.0119403088465333,0.0018982245819643,0.0004594637721311,-0.0025577552150934,0.0248381476849317,0.0043688770383596,-0.022552141919732,-0.0207092426717281,-0.0030970021616667,0.0073387618176639,-0.0025171763263642,-0.0198427885770797,-0.0109765892848372,-0.0065525495447218,0.0203210040926933,0.0030517578125,0.0540343485772609,0.0262047126889228,0.047819435596466,0.0043993792496621,-0.0316128060221672,0.0073319775983691,-0.0177098382264375,0.00699496967718,0.0380257405340671,-0.0031915549188852,0.0091486815363168,0.0013183858245611,0.0130003150552511,0.0132605666294693,0.1033943817019463,-0.0006497094291262,-0.0153824426233768,0.0362218022346496,-0.045132827013731,-0.0446356832981109,-0.0679526999592781,-0.0027206426020711,0.003371586324647,0.0177798625081777,0.0334237180650234,-0.0200573597103357,-0.0603856332600116,0.0138653200119733,-0.0317012667655944,0.002884037559852,-0.0163991022855043,0.0141929378733038,0.0155992750078439,0.006494091823697,0.0210778694599866,0.0049981409683823,0.0466282442212104,-0.0528980791568756,-0.0306197348982095,0.0153714017942547,0.0237592197954654,-0.0283967722207307,-0.0488641448318958,-0.000580714084208,0.0195415578782558,0.0001937084598466,0.0376768335700035,0.022364193573594,0.0117781199514865,0.0012311068130657,0.0547688826918602,0.005012756679207,-0.0146110383793711,-0.0101637663319706,0.0594059713184833,-0.0092222969979047,0.0042010280303657,0.0123788593336939,0.0362792015075683,0.0272985529154539,0.000726155238226,0.0270345117896795,-0.0986911058425903,0.0026053446345031,-0.0085647031664848,0.0139785408973693,0.0374259389936924,0.019441470503807,-0.0115768825635314,0.0056345486082136,-0.0039760824292898,0.0031031859107315,-0.0983508974313736,-0.0128899198025465,-0.0294595323503017,0.0053973631002008,0.0205965656787157,0.0343752801418304,0.1139241456985474,0.0059134732000529,0.0043723275884985,0.0467891091093721,0.0218174672214686,0.0361033655220432,0.0437040323730835,0.0697167904473627,0.1131880153382165,0.0798837763785795,0.0867312968550757,0.1574852215686422,0.2882895375590639,0.2393401803664845,0.272152000449235,2019-02-07,2019-02-08,2019-02-11,2019-02-12,2019-02-13,2019-02-14,2019-02-15,2019-02-19,2019-02-20,2019-02-21,14136.0,2019-02-06,252.0,-0.0933%,0.0018,1.3495,0.4924,-2.0382,1.7110%,2.9021%,65.2386%,0.003432,RNG,14136.0,2019-02-07,252.0,0.5913%,0.0019,1.347,0.4847,-2.0314,1.7178%,2.9004%,64.9230%,0.026953,RNG,14136.0,2019-02-08,252.0,4.0635%,0.0019,1.3436,0.4572,-2.0636,1.7171%,2.9083%,65.1403%,0.025064,RNG,14136.0,2019-02-11,252.0,-1.0208%,0.0016,1.4038,0.3833,-2.072,1.6914%,2.9088%,66.1887%,-0.01046,RNG,14136.0,2019-02-12,252.0,6.0479%,0.0019,1.4348,0.37,-2.0538,1.7014%,2.9308%,66.2990%,0.037688,RNG,14136.0,2019-02-13,252.0,-2.6438%,0.0017,1.4304,0.3648,-2.0623,1.7127%,2.9335%,65.9129%,-0.029339,RNG,14136.0,2019-02-14,252.0,0.7080%,0.0015,1.4277,0.3596,-2.0499,1.6708%,2.9017%,66.8463%,-0.003875,RNG,14136.0,2019-02-15,252.0,0.7993%,0.0015,1.4289,0.3606,-2.048,1.6707%,2.9013%,66.8382%,0.0007009999999999,RNG,14136.0,2019-02-19,252.0,-0.6401%,0.0013,1.4164,0.3732,-2.0328,1.6553%,2.8729%,66.8033%,-0.004118,RNG,14136.0,2019-02-20,252.0,-0.0962%,0.0013,1.4158,0.3622,-2.0375,1.6498%,2.8703%,66.9650%,0.0066069999999999,RNG,14136.0,2019-02-21,252.0,0.1829%,0.0012,1.4266,0.3846,-2.0176,1.6382%,2.8661%,67.3319%,0.002534,RNG,0.030385,0.055449,0.044989,0.0533379999999999,0.0551869999999999
27123,SAIA INC,"Saia Reports Raised Size Of Credit Facility From $250M To $300M, Extended Maturity Until Feb. 5, 2024",6,increase,0.7,0.6,"the increase in the credit facility and extension of maturity suggests improved financial flexibility for saia inc., which is likely to be viewed positively by investors.",2,2019-02-06,SAIA,2019-02-06 12:37:00+00:00,89506.0,78709Y10,-0.0346881337463855,314534.0,0.0183529071509838,0.0231530331075191,-0.0139330336824059,0.0799473673105239,0.004607634153217,0.0136734982952475,0.0386790819466114,-0.0259866565465927,-0.001324756653048,0.0093442574143409,0.0159174930304288,0.0212623551487922,0.0085593545809388,0.0008377888007089,0.0146720986813306,0.0417175665497779,-0.0025517479516565,0.0105839176103472,-0.0177657753229141,-0.0149435382336378,-0.0027492756489664,-0.0265561528503894,-0.0044979332014918,0.0506486296653747,-0.016032624989748,0.0146051459014415,-0.0038513129111379,0.0059858155436813,-0.0162081234157085,-0.0016298469854518,0.0175331924110651,-0.0240367725491523,-0.0414438657462596,-0.0098004471510648,-0.0185959544032812,0.0,-0.0192641913890838,0.014739797450602,-0.0138464113697409,0.0260568559169769,-0.0039183949120342,-0.0034501294139772,0.0299951136112213,0.0198148097842931,-0.0133672840893268,-0.0099010067060589,0.0227419324219226,-0.0229308269917964,0.0070966845378279,0.0073993834666907,-0.0181647334247827,0.0021703550592064,0.0073365084826946,0.0091257523745298,-0.0452818349003791,0.0446139201521873,-0.0092868581414222,-0.0056871892884373,0.0194174721837043,0.0068715522065758,-0.0302134659141302,-0.0351749509572982,-0.0071114455349743,-0.0180831830948591,0.0349590592086315,0.0184162072837352,0.0047783972695469,0.008918609470129,0.0168907642364502,-0.0124770700931549,-0.0146750500425696,-0.0146447541192174,0.0363338999450206,0.0012671920703724,-0.0241629630327224,0.0032691664528101,0.01521279476583,0.005845810752362,0.0167383905500173,-0.0094100013375282,0.0089369658380746,0.003267910098657,0.0073038265109062,-0.06006820499897,-0.0180499572306871,-0.0283535551279783,-0.0081696845591068,0.0355425775051116,0.0438777208328247,-0.0653185620903968,0.0194233506917953,0.0496967770159244,0.0001488856214564,-0.0419625341892242,0.0077391965314745,0.0179070178419351,0.0178703162819147,-0.0044161016121506,-0.0066743921488523,0.0254948083311319,0.0016067866235971,-0.0466901510953903,-0.0035000417847186,-0.0091888150200247,0.0301477760076522,-0.0137500166893005,-0.0727376416325569,0.0191082917153835,0.0131760481745004,-0.0049120802432298,-0.0148192308843135,0.0041368678212165,-0.0116654196754097,-0.0134986760094761,-0.0010871206177398,-0.0301416236907243,0.0216106865555048,-0.0025812049861997,0.0389590263366699,0.0180862285196781,0.0183529071509838,0.0231530331075191,0.0041641617950731,0.1049514244602427,0.0087909828823966,0.1200599758789311,0.0464219985858309,0.101147511015508,0.0658544824030704,0.1671589763200291,-0.0607648839021264,0.2821148859541251,0.0528994580547306,0.0383366087808256,2019-02-07,2019-02-08,2019-02-11,2019-02-12,2019-02-13,2019-02-14,2019-02-15,2019-02-19,2019-02-20,2019-02-21,89506.0,2019-02-06,252.0,-3.4688%,-0.0005,1.1021,0.9974,0.1054,1.7952%,2.2125%,34.1621%,-0.032303,SAIA,89506.0,2019-02-07,252.0,1.8353%,-0.0004,1.0975,0.9904,0.1131,1.8047%,2.2151%,33.6192%,0.029388,SAIA,89506.0,2019-02-08,252.0,-1.3933%,-0.0004,1.1,0.9928,0.1253,1.8070%,2.2168%,33.5535%,-0.014735,SAIA,89506.0,2019-02-11,252.0,0.4608%,-0.0004,1.0942,0.9936,0.1227,1.8069%,2.2054%,32.8683%,-0.0038729999999999,SAIA,89506.0,2019-02-12,252.0,3.8679%,-0.0002,1.1193,0.9792,0.1381,1.8083%,2.2175%,33.5050%,0.023708,SAIA,89506.0,2019-02-13,252.0,-0.1325%,-0.0002,1.1219,0.9728,0.1357,1.8079%,2.2175%,33.5252%,-0.005243,SAIA,89506.0,2019-02-14,252.0,1.5917%,-0.0002,1.1176,0.9799,0.1295,1.8077%,2.2166%,33.4920%,0.013902,SAIA,89506.0,2019-02-15,252.0,0.8559%,-0.0003,1.1005,0.9637,0.1007,1.8057%,2.2063%,33.0199%,-0.007241,SAIA,89506.0,2019-02-19,252.0,1.4672%,-0.0002,1.1087,0.9609,0.0968,1.8023%,2.2075%,33.3436%,0.009384,SAIA,89506.0,2019-02-20,252.0,-0.2552%,-0.0003,1.1062,0.9528,0.0871,1.8025%,2.2068%,33.2844%,-0.007405,SAIA,89506.0,2019-02-21,252.0,-1.7766%,-0.0003,1.1035,0.9444,0.0822,1.8015%,2.2034%,33.1478%,-0.0129059999999999,SAIA,-0.0029149999999999,-0.01765,-0.021523,-0.003058,-0.007324
27131,STAR GROUP LP,"CORRECTION: Star Group Q1 EPS $0.04, Sales $535M vs $436.8M In Same Qtr. Last Year; Initial headline published Tuesday evening mixed up another company",6,increase,0.7,0.5,"the positive earnings per share (eps) and significant increase in sales compared to the same quarter last year suggest improved financial performance, which is likely to boost investor confidence and increase the stock price.",2,2019-02-06,SGU,2019-02-06 13:20:00+00:00,82743.0,85512C10,0.0424835905432701,150246.0,-0.0083594489842653,0.0010905375238507,-0.0126448776572942,0.0,-0.0010672602802515,0.002185842487961,0.0053419009782373,0.0155382230877876,-0.0010627235751599,-0.007709217723459,-0.0053190682083368,-0.0098146293312311,0.0363635495305061,-0.0139785064384341,0.0082560246810317,0.0192100033164024,0.0010234671644866,0.0109408563002944,-0.0020449392031878,-0.0032715084962546,-0.0081967134028673,-0.0160943809896707,-0.00206616288051,-0.002141376491636,0.0031055624131113,-0.0042643882334232,0.0134159047156572,0.0042826510034501,0.0030550598166882,-0.0021366991568356,-0.0081218192353844,-0.013698642142117,-0.0030706943944096,-0.011458396911621,-0.0082135442644357,0.0062893521972,0.0124223483726382,0.0073917312547564,-0.0061349146999418,0.0074468776583671,-0.0051440522074699,-0.0052910256199538,0.0072388513945043,0.0106951259076595,0.0061602075584232,0.0064586028456687,-0.006122491788119,-0.0053533394820988,-0.0051334900781512,0.0130151715129613,0.0,-0.0212314017117023,0.0061919940635561,0.0272628124803304,0.0041025602258741,0.0043811569921672,-0.0040857978165149,-0.0021857381798326,0.0020513290073722,-0.0054348036646842,-0.0081884209066629,0.0065644928254187,0.0082560246810317,0.0043955999426543,-0.0040942593477666,-0.0256959069520235,-0.0020554475486278,-0.0280956830829381,-0.0061792400665581,-0.0082559268921613,-0.0051812683232128,-0.0041109933517873,0.0052082538604736,0.0041279634460806,-0.0041450737044215,0.0093749165534973,0.0083246538415551,-0.0041493736207485,-0.0061918958090245,-0.002070341957733,0.0010384453926235,0.0010362932225689,0.0,0.003118475433439,-0.0072614778764545,-0.0010384453926235,-0.0020898124203085,0.0020812130533158,0.0,-0.0041450737044215,-0.0010471444111317,0.0083594489842653,0.0073374942876398,-0.0123838894069194,0.0145681947469711,-0.0061538890004158,-0.0030768956057727,0.0020555455703288,-0.0041152224875986,0.0041279634460806,-0.007231471594423,0.0041450737044215,0.0124869812279939,0.0115303620696067,0.0,-0.0062500433996319,-0.0087357750162482,-0.0123456669971346,0.0063024647533893,-0.0051177265122532,-0.0052192267030477,-0.0040774680674076,-0.0041972678154706,0.0061538890004158,-0.0073761534877121,0.0010267175966873,-0.0106157520785927,0.0,0.0128755243495106,0.0,-0.0083594489842653,0.0010905375238507,-0.0208986224318711,0.0010905375238507,-0.0219435784424891,0.0032787637550661,-0.017763853895624,0.0110132582785418,0.0198537657243877,0.0137387257254797,0.0208987220074561,0.010433084479257,-0.0006322417873151,-0.0455868174638689,2019-02-07,2019-02-08,2019-02-11,2019-02-12,2019-02-13,2019-02-14,2019-02-15,2019-02-19,2019-02-20,2019-02-21,82743.0,2019-02-06,252.0,4.2484%,-0.0001,0.0399,0.0005,-0.0796,1.2032%,1.2056%,0.4130%,0.0425549999999999,SGU,82743.0,2019-02-07,252.0,-0.8359%,-0.0002,0.0337,0.0117,-0.0827,1.2008%,1.2032%,0.3907%,-0.0077769999999999,SGU,82743.0,2019-02-08,252.0,-1.2645%,-0.0001,0.0355,0.0314,-0.0624,1.1982%,1.2002%,0.3358%,-0.013352,SGU,82743.0,2019-02-11,252.0,-0.1067%,-0.0002,0.0543,0.0119,-0.063,1.1946%,1.1975%,0.4783%,-0.00128,SGU,82743.0,2019-02-12,252.0,0.5342%,0.0001,0.0967,-0.0389,-0.0322,1.1141%,1.1198%,1.0082%,0.004394,SGU,82743.0,2019-02-13,252.0,-0.1063%,0.0001,0.0978,-0.0413,-0.033,1.1140%,1.1198%,1.0266%,-0.001388,SGU,82743.0,2019-02-14,252.0,-0.5319%,0.0001,0.0995,-0.044,-0.0309,1.1137%,1.1196%,1.0498%,-0.00519,SGU,82743.0,2019-02-15,252.0,3.6364%,0.0002,0.1189,-0.0227,0.0056,1.1350%,1.1419%,1.1928%,0.035398,SGU,82743.0,2019-02-19,252.0,0.8256%,0.0003,0.1223,-0.0206,0.0077,1.1355%,1.1426%,1.2455%,0.007979,SGU,82743.0,2019-02-20,252.0,0.1023%,0.0003,0.1225,-0.0195,0.0087,1.1354%,1.1426%,1.2460%,0.000694,SGU,82743.0,2019-02-21,252.0,-0.2045%,0.0003,0.122,-0.021,0.0077,1.1354%,1.1425%,1.2387%,-0.001685,SGU,0.0347779999999999,0.0214259999999999,0.0201459999999999,0.023152,0.060348
27139,SKYWEST INC,SkyWest 8-K Shows Board Authorized $250M Buyback Plan,6,increase,0.75,0.6,"a $250 million buyback plan typically signals confidence from the board in the company's future performance, which can lead to an increase in stock price.",2,2019-02-06,SKYW,2019-02-06 21:04:00+00:00,10421.0,83087910,0.0028527521062642,177581.0,0.0354636646807193,0.0043935696594417,-0.0150183094665408,0.0102276876568794,0.0098550133407115,0.0170755423605442,0.0075492514297366,-0.0003923966432921,0.0045687132515013,0.0230831298977136,0.0214662589132785,-0.0006017809500917,-0.0083704581484198,0.0263536907732486,0.0104166306555271,0.0070495572872459,-0.0072875907644629,0.0111110853031277,-0.0096687041223049,-0.0160890836268663,0.0084975119680166,-0.0223835576325655,0.0046612070873379,0.0226850565522909,-0.0153461918234825,0.0169882830232381,-0.0183037724345922,0.0179333928972482,-0.0023998017422854,-0.0122310845181345,-0.0212805606424808,-0.0129059683531522,-0.0028360316064208,-0.0263477750122547,-0.0151688093319535,0.0234391428530216,-0.0225259568542242,0.0292484834790229,-0.0196966715157032,0.0351381264626979,0.0048221391625702,0.0066740652546286,0.0107978591695427,0.035953015089035,-0.0098911970853805,-0.0446939431130886,0.020779239013791,0.0213626474142074,0.0076335757039487,-0.006256956141442,0.0019425464561209,0.0011160884751006,0.0029080593958497,0.001564938458614,0.0011598950950428,0.0431436188519001,-0.000965422601439,-0.0096997264772653,0.0245457403361797,-0.0075636450201272,-0.0265987534075975,0.0055312672629952,0.0017441890668123,-0.057353887706995,0.0042561660520732,0.0247106105089187,0.0321711041033268,-0.004653288051486,-0.0011198265710845,-0.0113910278305411,0.016666654497385,-0.0788942649960517,0.0163934305310249,0.0214344784617424,0.0097861709073185,0.0002061871055047,0.0102297142148017,-0.0257080253213644,0.0143897235393524,-0.05772140994668,0.0173380337655544,-0.0180264115333557,-0.0046479678712785,-0.0649869292974472,-0.0112418113276362,-0.0022538327611982,0.0237887110561132,0.0390920937061309,0.0039296010509133,-0.0089269774034619,-0.0010210613254457,0.027706392109394,-0.0081771640107035,0.0001834891008911,0.0173479616641998,-0.0045670438557863,0.0069221653975546,0.0268242415040731,-0.0065392251126468,0.016590442508459,-0.0075949495658278,-0.0270872507244348,0.0183673780411481,-0.0153452707454562,-0.0026720080059021,0.0020135568920522,-0.0214333981275558,0.008119624108076,0.0330253317952156,-0.0132920537143945,0.0207056496292352,-0.0005459980457089,-0.0004868351097684,-0.0291519034653902,-0.0237051323056221,-0.0236329603940248,0.000332620285917,0.0043312544003129,0.027098873630166,-0.0036250490229576,0.0354636646807193,0.0043935696594417,0.0199127509231857,0.0146661933744967,0.0299640046898956,0.0319921689412749,0.04248059595618,0.0553994804478505,0.0489285399882133,0.0845710038241378,0.0053100471201914,0.2078271267913067,0.174261916521722,-0.0903245505405592,2019-02-07,2019-02-08,2019-02-11,2019-02-12,2019-02-13,2019-02-14,2019-02-15,2019-02-19,2019-02-20,2019-02-21,10421.0,2019-02-06,252.0,0.2853%,0.0002,1.1865,0.7963,0.409,1.8419%,2.2376%,32.2397%,0.005141,SKYW,10421.0,2019-02-07,252.0,3.5464%,0.0003,1.1758,0.7903,0.4203,1.8641%,2.2470%,31.1738%,0.045839,SKYW,10421.0,2019-02-08,252.0,-1.5018%,0.0002,1.1789,0.772,0.4212,1.8602%,2.2439%,31.2729%,-0.013672,SKYW,10421.0,2019-02-11,252.0,0.9855%,0.0001,1.2045,0.7501,0.4228,1.8561%,2.2424%,31.4836%,0.002041,SKYW,10421.0,2019-02-12,252.0,0.7549%,0.0001,1.2054,0.7428,0.4245,1.8560%,2.2427%,31.5140%,-0.008364,SKYW,10421.0,2019-02-13,252.0,0.4569%,0.0001,1.1967,0.7576,0.4272,1.8521%,2.2346%,31.3033%,0.0003509999999999,SKYW,10421.0,2019-02-14,252.0,2.1466%,0.0001,1.1902,0.7691,0.4167,1.8538%,2.2345%,31.1675%,0.022418,SKYW,10421.0,2019-02-15,252.0,-0.8370%,0.0,1.1864,0.7628,0.4067,1.8583%,2.2348%,30.8586%,-0.0258429999999999,SKYW,10421.0,2019-02-19,252.0,1.0417%,0.0,1.1846,0.7694,0.4143,1.8577%,2.2325%,30.7545%,0.00463,SKYW,10421.0,2019-02-20,252.0,-0.7288%,0.0001,1.1831,0.777,0.4119,1.8532%,2.2290%,30.8804%,-0.01361,SKYW,10421.0,2019-02-21,252.0,-0.9669%,0.0,1.1848,0.7796,0.4151,1.8533%,2.2292%,30.8811%,-0.0039,SKYW,0.05098,0.0373079999999999,0.0393489999999999,0.0313359999999999,0.015031
27147,SKYWEST INC,SkyWest Raises Qtr. Dividend From $0.10 To $0.12/Share,6,increase,0.8,0.6,"raising the quarterly dividend typically signals financial strength and can attract investors, likely leading to an increase in stock price.",2,2019-02-06,SKYW,2019-02-06 13:05:00+00:00,10421.0,83087910,0.0028527521062642,177581.0,0.0354636646807193,0.0043935696594417,-0.0150183094665408,0.0102276876568794,0.0098550133407115,0.0170755423605442,0.0075492514297366,-0.0003923966432921,0.0045687132515013,0.0230831298977136,0.0214662589132785,-0.0006017809500917,-0.0083704581484198,0.0263536907732486,0.0104166306555271,0.0070495572872459,-0.0072875907644629,0.0111110853031277,-0.0096687041223049,-0.0160890836268663,0.0084975119680166,-0.0223835576325655,0.0046612070873379,0.0226850565522909,-0.0153461918234825,0.0169882830232381,-0.0183037724345922,0.0179333928972482,-0.0023998017422854,-0.0122310845181345,-0.0212805606424808,-0.0129059683531522,-0.0028360316064208,-0.0263477750122547,-0.0151688093319535,0.0234391428530216,-0.0225259568542242,0.0292484834790229,-0.0196966715157032,0.0351381264626979,0.0048221391625702,0.0066740652546286,0.0107978591695427,0.035953015089035,-0.0098911970853805,-0.0446939431130886,0.020779239013791,0.0213626474142074,0.0076335757039487,-0.006256956141442,0.0019425464561209,0.0011160884751006,0.0029080593958497,0.001564938458614,0.0011598950950428,0.0431436188519001,-0.000965422601439,-0.0096997264772653,0.0245457403361797,-0.0075636450201272,-0.0265987534075975,0.0055312672629952,0.0017441890668123,-0.057353887706995,0.0042561660520732,0.0247106105089187,0.0321711041033268,-0.004653288051486,-0.0011198265710845,-0.0113910278305411,0.016666654497385,-0.0788942649960517,0.0163934305310249,0.0214344784617424,0.0097861709073185,0.0002061871055047,0.0102297142148017,-0.0257080253213644,0.0143897235393524,-0.05772140994668,0.0173380337655544,-0.0180264115333557,-0.0046479678712785,-0.0649869292974472,-0.0112418113276362,-0.0022538327611982,0.0237887110561132,0.0390920937061309,0.0039296010509133,-0.0089269774034619,-0.0010210613254457,0.027706392109394,-0.0081771640107035,0.0001834891008911,0.0173479616641998,-0.0045670438557863,0.0069221653975546,0.0268242415040731,-0.0065392251126468,0.016590442508459,-0.0075949495658278,-0.0270872507244348,0.0183673780411481,-0.0153452707454562,-0.0026720080059021,0.0020135568920522,-0.0214333981275558,0.008119624108076,0.0330253317952156,-0.0132920537143945,0.0207056496292352,-0.0005459980457089,-0.0004868351097684,-0.0291519034653902,-0.0237051323056221,-0.0236329603940248,0.000332620285917,0.0043312544003129,0.027098873630166,-0.0036250490229576,0.0354636646807193,0.0043935696594417,0.0199127509231857,0.0146661933744967,0.0299640046898956,0.0319921689412749,0.04248059595618,0.0553994804478505,0.0489285399882133,0.0845710038241378,0.0053100471201914,0.2078271267913067,0.174261916521722,-0.0903245505405592,2019-02-07,2019-02-08,2019-02-11,2019-02-12,2019-02-13,2019-02-14,2019-02-15,2019-02-19,2019-02-20,2019-02-21,10421.0,2019-02-06,252.0,0.2853%,0.0002,1.1865,0.7963,0.409,1.8419%,2.2376%,32.2397%,0.005141,SKYW,10421.0,2019-02-07,252.0,3.5464%,0.0003,1.1758,0.7903,0.4203,1.8641%,2.2470%,31.1738%,0.045839,SKYW,10421.0,2019-02-08,252.0,-1.5018%,0.0002,1.1789,0.772,0.4212,1.8602%,2.2439%,31.2729%,-0.013672,SKYW,10421.0,2019-02-11,252.0,0.9855%,0.0001,1.2045,0.7501,0.4228,1.8561%,2.2424%,31.4836%,0.002041,SKYW,10421.0,2019-02-12,252.0,0.7549%,0.0001,1.2054,0.7428,0.4245,1.8560%,2.2427%,31.5140%,-0.008364,SKYW,10421.0,2019-02-13,252.0,0.4569%,0.0001,1.1967,0.7576,0.4272,1.8521%,2.2346%,31.3033%,0.0003509999999999,SKYW,10421.0,2019-02-14,252.0,2.1466%,0.0001,1.1902,0.7691,0.4167,1.8538%,2.2345%,31.1675%,0.022418,SKYW,10421.0,2019-02-15,252.0,-0.8370%,0.0,1.1864,0.7628,0.4067,1.8583%,2.2348%,30.8586%,-0.0258429999999999,SKYW,10421.0,2019-02-19,252.0,1.0417%,0.0,1.1846,0.7694,0.4143,1.8577%,2.2325%,30.7545%,0.00463,SKYW,10421.0,2019-02-20,252.0,-0.7288%,0.0001,1.1831,0.777,0.4119,1.8532%,2.2290%,30.8804%,-0.01361,SKYW,10421.0,2019-02-21,252.0,-0.9669%,0.0,1.1848,0.7796,0.4151,1.8533%,2.2292%,30.8811%,-0.0039,SKYW,0.05098,0.0373079999999999,0.0393489999999999,0.0313359999999999,0.015031
27155,SUN LIFE FINANCIAL INC,Scotiabank Downgrades Sun Life Financial to Sector Perform,6,decrease,0.8,0.6,"a downgrade from a major financial institution like scotiabank typically signals reduced expectations for the company's performance, which can lead to a decline in stock price.",0,2019-02-06,SLF,2019-02-06 13:22:00+00:00,87666.0,86679610,-0.0090585183352231,443190.0,-0.0094182873144745,0.0069098947569727,-0.0022370810620486,-0.0049505033530294,-0.0165358781814575,0.0074813095852732,0.0116842361167073,-0.0016597890062257,-0.0152112934738397,0.0041667092591524,0.0082952212542295,-0.0030462644062936,0.049929030239582,0.0050097494386136,0.0024317794013768,0.0087030148133635,0.0140161858871579,-0.0097303939983248,-0.0007974157342687,0.0019498520996421,0.0058526527136564,-0.0244564600288868,0.0111081236973404,0.0112668275833129,0.0047083524987101,0.0091513590887188,0.0122364284470677,0.0120684895664453,-0.0180021040141582,0.0096344612538814,0.002116450574249,-0.0045133945532143,0.0068637360818684,0.0019785102922469,-0.0007865437655709,0.0091272015124559,-0.0049856319092214,0.0320871397852897,-0.0079113729298114,0.0005891150794923,-0.0018607042729854,0.0074183973483741,0.0053262519650161,0.0205935891717672,0.005562889855355,-0.006319563370198,0.0079030357301235,0.0012052098754793,-0.0073183164931833,0.0187230445444583,0.0089520839974284,0.0,0.0083507224917411,-0.0127272168174386,0.0090580303221941,0.033834584057331,-0.0123109342530369,-0.0049875853583216,-0.002596688689664,-0.0165541730821132,-0.0249934680759906,0.0009204903035424,0.0008010354940779,-0.0115256616845727,0.008004249073565,0.0085653904825448,0.0092642214149236,-0.023596204817295,0.0015735001070424,-0.0080000134184956,0.005760702304542,-0.0035429268609732,0.0192658603191375,0.0074360501021146,-0.0005108673358336,-0.0076742069795727,0.0079222479835152,-0.010514035820961,-0.0032960765529423,-0.0078237224370241,0.0035614192020148,-0.0408560670912265,0.0070975609123706,-0.0299272201955318,-0.0088094258680939,0.0081543689593672,0.0035550885368138,0.0068418169394135,0.007338079623878,-0.0100243547931313,0.0090428730472922,0.0281336568295955,0.0009957908187061,-0.0128394141793251,0.0149217182770371,0.0090610058978199,0.0007350840023718,-0.0027382883708924,0.003183180000633,0.018973222002387,0.0007322132587432,-0.0250271540135145,0.0046341130509972,-0.0056803594343364,-0.011653303168714,-0.0061827832832932,0.0061409976333379,0.0161158200353384,0.000732485204935,-0.0059734242968261,0.0082947090268135,0.0043633398599922,0.0048390259034931,-0.0002726863604038,-0.0048157223500311,-0.0086486404761672,0.0,-0.0177859887480735,-0.0016937698237597,0.009378308430314,-0.0094182873144745,0.0069098947569727,-0.011634298904335,0.0019251839467797,-0.0279777937363838,0.0094208964291675,-0.0315789315959936,0.0119444531063488,0.0412742873320419,0.0147631968360708,0.0746873986330642,0.116799558498571,0.1544285451763318,-0.0135655583489323,2019-02-07,2019-02-08,2019-02-11,2019-02-12,2019-02-13,2019-02-14,2019-02-15,2019-02-19,2019-02-20,2019-02-21,87666.0,2019-02-06,252.0,-0.9059%,-0.0003,0.7912,0.1829,0.5132,0.8173%,1.1346%,48.1145%,-0.007762,SLF,87666.0,2019-02-07,252.0,-0.9418%,-0.0003,0.7949,0.1797,0.5127,0.8170%,1.1353%,48.2073%,-0.003924,SLF,87666.0,2019-02-08,252.0,-0.2237%,-0.0003,0.7948,0.1778,0.5111,0.8170%,1.1353%,48.2216%,0.000395,SLF,87666.0,2019-02-11,252.0,-1.6536%,-0.0004,0.7996,0.1465,0.4967,0.8252%,1.1338%,47.0269%,-0.020097,SLF,87666.0,2019-02-12,252.0,1.1684%,-0.0004,0.8062,0.1395,0.5013,0.8231%,1.1363%,47.5274%,0.0015249999999999,SLF,87666.0,2019-02-13,252.0,-1.5211%,-0.0005,0.8035,0.1369,0.4965,0.8306%,1.1388%,46.8037%,-0.018003,SLF,87666.0,2019-02-14,252.0,0.8295%,-0.0004,0.8009,0.1439,0.4883,0.8335%,1.1398%,46.5178%,0.01205,SLF,87666.0,2019-02-15,252.0,4.9929%,-0.0002,0.8284,0.1728,0.5384,0.8673%,1.1804%,46.0097%,0.038075,SLF,87666.0,2019-02-19,252.0,0.2432%,-0.0003,0.8211,0.1821,0.5495,0.8554%,1.1661%,46.1871%,-0.001358,SLF,87666.0,2019-02-20,252.0,1.4016%,-0.0003,0.8231,0.1842,0.5561,0.8567%,1.1687%,46.2638%,0.008933,SLF,87666.0,2019-02-21,252.0,-0.0797%,-0.0003,0.8223,0.1835,0.5547,0.8570%,1.1679%,46.1512%,0.003556,SLF,-0.011686,-0.011291,-0.031388,-0.047866,0.0133899999999999
27163,SANOFI,"FDA Approves Sanofi's Cablivi Injection, Indicated For Treatment Of Adult Patients With Acquired Thrombotic Thrombocytopenic Purpura; FDA Grants Approval Of Cablivi To Ablynx",6,increase,0.8,0.6,the fda approval of cablivi for a specific treatment can positively impact sanofi's stock price due to potential revenue growth from the new product.,2,2019-02-06,SNY,2019-02-06 16:30:00+00:00,89475.0,80105N10,-0.0048164930194616,1152232.0,-0.0202811956405639,-0.0034286063164472,0.0030581292230635,0.0113268997520208,-0.0072701117023825,-0.0043728984892368,0.0092133088037371,0.0099953580647706,-0.0257491171360015,0.0089118452742695,-0.0014415560290217,0.0171756017953157,0.0238209292292594,0.0035910392180085,-0.0077555351890623,0.0133430184796452,-0.001657974673435,-0.009610709734261,-0.0194543227553367,0.0031332187354564,-0.00362936174497,0.0002411315363133,-0.008499233983457,-0.013555284589529,0.0134704681113362,-0.0037905673962086,-0.0016916310414671,-0.0007102886447682,0.0070200217887759,0.0141656696796417,0.0132212275639176,-0.0186144467443227,0.008303640410304,-0.0091058416292071,0.0145882098004221,0.0018713878234848,0.004406364634633,-0.0004676281823776,-0.0080813271924853,0.0130269825458526,-0.0011638556607067,-0.0140121085569262,0.0132836094126105,0.0089538423344492,0.0016099285567179,-0.0097993928939104,0.0123995617032051,-0.0126698743551969,0.0054434491321444,0.0107101062312722,0.0171441081911325,0.0072702011093497,-0.0039920229464769,0.0049493066035211,0.005121343769133,0.0229026228189468,0.0059814015403389,-0.0198487751185894,0.0004404417122714,-0.0205970704555511,-0.0257539507001638,-0.0039189020171761,-0.0070040118880569,0.0039343205280601,0.0054607023485004,-0.0084901954978704,-0.0090517699718475,-0.0106696346774697,0.0107329841703176,-0.0187124125659465,0.0004518856294453,-0.0057586296461522,0.0004516815242823,0.0187274776399135,-0.003385952906683,0.0033960049040615,-0.0009060229640454,0.0158693343400955,0.000680090219248,-0.0052619432099163,-0.0033982263412326,-0.0097417375072836,0.0054557365365326,-0.0092031396925449,-0.0042956960387527,-0.0176405571401119,-0.0047683715820312,0.0066592507064342,-0.0120922327041626,-0.010976948775351,-0.0159353036433458,0.019471775740385,0.0004693841328844,-0.001787265879102,-0.020642764866352,-0.0035618846304714,-0.0158083792775869,0.0033504066523164,0.0053541306406259,0.0022386901546269,0.0009682183153927,-0.0060080210678279,0.0087061822414398,-0.0035476686898618,-0.0055142543278634,0.0118913790211081,-0.0065091722644865,-0.0113132679834961,0.0342149920761585,0.0040089152753353,0.0171280987560749,0.0065008047968149,0.0087658846750855,-0.0214959327131509,-0.0073176240548491,0.0135615970939397,-0.0011517907259985,-0.0077212061733007,0.0073800664395093,0.0159122124314308,-0.0202811956405639,-0.0034286063164472,-0.0172850889345674,0.0078594579555379,-0.02442953610961,0.0034521908544811,-0.0407928213522817,0.0225140500636029,-0.0474763234345824,0.0508555473417251,0.0470154601351358,0.0090256719451682,0.0066835849776829,-0.0228597188162242,2019-02-07,2019-02-08,2019-02-11,2019-02-12,2019-02-13,2019-02-14,2019-02-15,2019-02-19,2019-02-20,2019-02-21,89475.0,2019-02-06,252.0,-0.4816%,0.0002,0.5175,-0.0487,-0.111,1.0235%,1.1847%,25.3645%,-0.003663,SNY,89475.0,2019-02-07,252.0,-2.0281%,0.0001,0.519,-0.0441,-0.1151,1.0277%,1.1890%,25.2837%,-0.015199,SNY,89475.0,2019-02-08,252.0,0.3058%,0.0003,0.5177,-0.0091,-0.0977,0.9982%,1.1603%,25.9907%,0.001719,SNY,89475.0,2019-02-11,252.0,-0.7270%,0.0003,0.5125,-0.0151,-0.1037,0.9993%,1.1526%,24.8278%,-0.00781,SNY,89475.0,2019-02-12,252.0,0.9213%,0.0004,0.5254,-0.0304,-0.0944,0.9909%,1.1506%,25.8389%,0.00197,SNY,89475.0,2019-02-13,252.0,-2.5749%,0.0002,0.5177,-0.0286,-0.1007,1.0048%,1.1586%,24.7888%,-0.0272359999999999,SNY,89475.0,2019-02-14,252.0,-0.1442%,0.0003,0.5184,-0.0289,-0.1011,1.0039%,1.1582%,24.8745%,-0.00089,SNY,89475.0,2019-02-15,252.0,2.3821%,0.0003,0.5271,-0.0192,-0.0844,1.0100%,1.1653%,24.8857%,0.01842,SNY,89475.0,2019-02-19,252.0,-0.7756%,0.0003,0.5287,-0.0294,-0.096,1.0092%,1.1662%,25.1198%,-0.008548,SNY,89475.0,2019-02-20,252.0,-0.1658%,0.0003,0.5276,-0.0338,-0.1005,1.0089%,1.1660%,25.1316%,-0.00217,SNY,89475.0,2019-02-21,252.0,-1.9454%,0.0003,0.5295,-0.034,-0.097,1.0146%,1.1713%,24.9674%,-0.017857,SNY,-0.018862,-0.017143,-0.024953,-0.050219,-0.061264
27171,SPIRE INC,"Spire Inc. Common Stock Q1 EPS $1.30, Inline, Sales $602M Miss $602.32M Estimate",6,decrease,0.7,0.6,"the earnings per share (eps) met expectations, but the sales figure missed estimates, which is likely to lead to a negative reaction from investors.",0,2019-02-06,SR,2019-02-06 11:58:00+00:00,12781.0,84857L10,-0.0104113724082708,437958.0,0.0011546873720362,-0.0029117069207131,0.0066641583107411,0.0038123701233416,-0.0174411553889513,-0.0085674719884991,-0.0031095861922949,0.0207047406584024,-0.0036391834728419,0.0150111149996519,-0.0172189828008413,-0.0044184061698615,0.0168569721281528,-0.0010385802015662,0.0032632814254611,-0.0077289515174925,0.0053343223407864,0.0097554633393883,0.0072473818436264,-0.0036289060954004,0.0068096974864602,-0.002585276030004,-0.0114854713901877,0.0082105724141001,0.0020656294655054,0.0142762959003448,0.015459893271327,0.0146191520616412,0.0063435677438974,0.0078398780897259,-0.0005042979610152,-0.0036363184917718,0.0055499803274869,-0.0058910488151013,-0.0031359759159386,0.0141208535060286,0.0017616633558645,-0.0095481313765048,-0.0027634871657937,0.0173758976161479,0.004943985491991,-0.0093521615490317,0.0074503892101347,0.0147159909829497,0.0056405686773359,0.0041430108249187,0.0034899509046226,-0.0225431714206934,-0.0059620337560772,0.0059750466607511,0.0028739643748849,0.0054615172557532,0.00573136145249,0.0114624248817563,-0.0097869290038943,0.017709095031023,0.0062554734759032,-0.0539821498095989,0.0133034894242882,-0.0083069261163473,-0.0035582934506237,0.0021141124889254,0.015392193570733,-0.0023727959487587,0.0043657603673636,-0.0077174147590994,-0.005312755703926,-0.0361825861036777,-0.003763019805774,-0.0071348068304359,0.0026806534733623,0.0042739952914416,-0.0037671350874006,0.0034057048615068,-0.0114662405103445,-0.0021396875381469,0.0115992398932576,0.0072039221413433,-0.0070749181322753,0.0029026169795542,0.0162162128835916,0.0243019293993711,-0.0080995913594961,-0.0224917717278003,-0.0060938447713851,0.0029146587476134,0.0020845881663262,0.0210921969264745,0.0029368314426392,-0.0202839579433202,0.0008540714625269,-0.00854701269418,0.0041448734700679,0.0006287941359914,-0.0138399824500083,0.0078590791672468,-0.0043088276870548,0.0043284064158797,0.0075420453213155,-0.0121981091797351,-0.0071173668839037,-0.0105761615559458,0.0118650235235691,0.0188895221799612,0.0057407300919294,0.0298994779586792,0.0037649404257535,0.00855930801481,0.0019358261488378,-0.0038042883388698,0.0004830445104744,0.0014450947055593,0.0161738563328981,0.0,0.0100961923599243,0.0032951098401099,-0.0057619693689048,0.0046346150338649,0.0118273207917809,0.0124681638553738,0.0011546873720362,-0.0029117069207131,0.0078265407022242,0.0008895626981559,-0.0097511185992725,-0.0076855305938416,-0.0164228742034437,0.0280642423334667,-0.0014113515275673,0.0207361129478906,0.0534998790978302,0.0385021897776127,0.1058517539138768,0.0637801368416095,2019-02-07,2019-02-08,2019-02-11,2019-02-12,2019-02-13,2019-02-14,2019-02-15,2019-02-19,2019-02-20,2019-02-21,12781.0,2019-02-06,252.0,-1.0411%,0.0011,0.2846,-0.0923,0.1731,1.1702%,1.2065%,5.9262%,-0.009945,SR,12781.0,2019-02-07,252.0,0.1155%,0.0011,0.2933,-0.1043,0.1749,1.1660%,1.2046%,6.3073%,0.002906,SR,12781.0,2019-02-08,252.0,0.6664%,0.0011,0.2929,-0.129,0.157,1.1555%,1.1954%,6.5596%,0.007559,SR,12781.0,2019-02-11,252.0,-1.7441%,0.0009,0.3185,-0.1784,0.1436,1.1524%,1.1991%,7.6264%,-0.017461,SR,12781.0,2019-02-12,252.0,-0.3110%,0.0007,0.2986,-0.1589,0.13,1.1411%,1.1820%,6.8097%,-0.0072619999999999,SR,12781.0,2019-02-13,252.0,-0.3639%,0.0007,0.2995,-0.1626,0.128,1.1413%,1.1824%,6.8203%,-0.004571,SR,12781.0,2019-02-14,252.0,-1.7219%,0.0007,0.3041,-0.1707,0.1355,1.1429%,1.1854%,7.0370%,-0.0151019999999999,SR,12781.0,2019-02-15,252.0,1.6857%,0.0009,0.3278,-0.148,0.1759,1.1391%,1.1864%,7.8206%,0.013097,SR,12781.0,2019-02-19,252.0,0.3263%,0.0008,0.3223,-0.1388,0.1868,1.1330%,1.1785%,7.5814%,0.002442,SR,12781.0,2019-02-20,252.0,0.5334%,0.0008,0.3225,-0.1418,0.1864,1.1321%,1.1779%,7.6222%,0.0039,SR,12781.0,2019-02-21,252.0,0.7247%,0.0008,0.3194,-0.1464,0.1807,1.1330%,1.1781%,7.5127%,0.00867,SR,-0.007039,0.0005199999999999,-0.016941,-0.028774,-0.0157669999999999
27179,SENSATA TECHNOLOGIES HOLDING PLC,"Sensata Technologies Sees Q1 Adj. EPS $0.83-$0.87 vs $0.99 Est., Sales $840M-$864M vs $903.95M Est.; Sees FY19 Adj. EPS $3.94-$4.20 vs $4.07 Est., Sales $3.58M-$3.68B vs $3.64B Est.",6,decrease,0.75,0.6,"the company's guidance for both q1 and fy19 falls short of analyst estimates, which is likely to lead to a negative reaction in the stock price.",0,2019-02-06,ST,2019-02-06 11:49:00+00:00,93296.0,G8060N10,0.0158399771898984,1504111.0,-0.0408289209008216,0.0052377958782017,-0.004705908242613,-0.0078985877335071,0.0042983186431229,0.0128421178087592,0.0192596092820167,0.0035917633213102,0.0218349173665046,0.007021315395832,-0.0113005805760622,0.0,0.0238986182957887,-0.0061323940753936,0.0036533449310809,0.0202805288136005,0.0066733672283589,0.0076086623594164,0.0058256513439118,-0.0152001520618796,0.019173139706254,-0.0153878489509224,-0.0005878655938431,0.0145423505455255,-0.0092157097533345,0.0075414450839161,0.0039580599404871,0.0128764761611819,0.0,0.0128204682841897,0.005322303622961,-0.0008833282045088,0.0019607543945312,0.004659398458898,-0.0088062025606632,0.0037861505988985,-0.0165844056755304,0.0158371217548847,-0.0180686917155981,0.0020403570961207,-0.0171744059771299,-0.0054114516824483,0.0137299736961722,0.0193059109151363,-0.0061563560739159,-0.0335406959056854,0.0035101831890642,0.004014279693365,-0.0172839537262916,0.0188593920320272,-0.0014656552812084,0.0114916115999221,0.0023065761197358,0.0165887642651796,0.0004184196295682,0.033067800104618,-0.0303220562636852,-0.0214926749467849,0.0140177169814705,0.0028422295581549,-0.0280731543898582,-0.0051837279461324,-0.0015317219076678,-0.0143985766917467,0.0041638971306383,0.025726580992341,-0.0209515299648046,-0.0180117059499025,-0.0095853833481669,-0.0248631425201892,0.0132793188095092,-0.0099367350339889,0.0424255840480327,0.0179310068488121,0.0121457427740097,-0.0138290775939822,0.0229473710060119,-0.0027130665257573,-0.0082321781665086,-0.034701008349657,0.0029052335303276,0.0035041577648371,0.0080695087090134,-0.0443700067698955,-0.0236042998731136,0.032857771962881,0.0130334021523594,0.009823115542531,0.0072629651986062,-0.0129282157868146,0.0022661846596747,0.0086937956511974,0.0094552738592028,-0.0334033668041229,0.020362451672554,0.0251991841942071,0.0077828653156757,-0.0015053697861731,0.0148514853790402,0.0115292314440012,-0.013463388197124,-0.007127386983484,0.010482570156455,-0.0188599154353141,0.0,-0.0012698703212663,-0.0138970268890261,0.0278442185372114,-0.0057562706060707,-0.0079844398424029,-0.0003992904385086,0.0058606569655239,-0.0025963864754885,-0.0147561728954315,0.0010012625716626,-0.0209380239248275,0.0154030127450823,-0.0016722790896892,0.0202916208654642,0.0044089667499065,-0.0408289209008216,0.0052377958782017,-0.0453426919880305,-0.0027021630455795,-0.0412392706832092,0.0101052532670098,-0.0014362627975985,0.0208510535790407,0.0272876075666665,0.0271890490455537,-0.0352893130839397,0.1364281890376519,0.062576918850125,0.0073482773826607,2019-02-07,2019-02-08,2019-02-11,2019-02-12,2019-02-13,2019-02-14,2019-02-15,2019-02-19,2019-02-20,2019-02-21,93296.0,2019-02-06,252.0,1.5840%,-0.0002,1.1351,0.5025,0.5537,1.2454%,1.7004%,46.3593%,0.017913,ST,93296.0,2019-02-07,252.0,-4.0829%,-0.0004,1.1392,0.5108,0.5454,1.2605%,1.7139%,45.9110%,-0.031879,ST,93296.0,2019-02-08,252.0,-0.4706%,-0.0004,1.1397,0.508,0.5454,1.2603%,1.7140%,45.9298%,-0.002324,ST,93296.0,2019-02-11,252.0,0.4298%,-0.0003,1.1244,0.5203,0.544,1.2582%,1.6892%,44.5150%,-0.002004,ST,93296.0,2019-02-12,252.0,1.9260%,-0.0003,1.1315,0.5149,0.5486,1.2577%,1.6933%,44.8284%,0.004688,ST,93296.0,2019-02-13,252.0,2.1835%,-0.0002,1.1329,0.52,0.5539,1.2628%,1.6965%,44.5955%,0.017874,ST,93296.0,2019-02-14,252.0,-1.1301%,-0.0003,1.135,0.5156,0.5584,1.2637%,1.6980%,44.6096%,-0.008513,ST,93296.0,2019-02-15,252.0,2.3899%,-0.0002,1.1426,0.5233,0.5718,1.2643%,1.7010%,44.7526%,0.007004,ST,93296.0,2019-02-19,252.0,0.3653%,-0.0002,1.1406,0.5246,0.5735,1.2639%,1.6985%,44.6308%,-0.0018509999999999,ST,93296.0,2019-02-20,252.0,0.6673%,-0.0002,1.1406,0.5244,0.5735,1.2639%,1.6989%,44.6553%,9.8e-05,ST,93296.0,2019-02-21,252.0,0.5826%,-0.0002,1.1393,0.5242,0.5709,1.2659%,1.6988%,44.4760%,0.011632,ST,-0.013966,-0.01629,-0.0182939999999999,0.004268,0.012638
27187,SENSATA TECHNOLOGIES HOLDING PLC,"Sensata Technologies Q4 EPS $0.95 Misses $0.99 Estimate, Sales $847.922M Miss $867.04M Estimate",6,decrease,0.8,0.7,"the company's earnings per share and sales both missed analyst estimates, which typically leads to a negative reaction in stock prices.",0,2019-02-06,ST,2019-02-06 11:47:00+00:00,93296.0,G8060N10,0.0158399771898984,1504111.0,-0.0408289209008216,0.0052377958782017,-0.004705908242613,-0.0078985877335071,0.0042983186431229,0.0128421178087592,0.0192596092820167,0.0035917633213102,0.0218349173665046,0.007021315395832,-0.0113005805760622,0.0,0.0238986182957887,-0.0061323940753936,0.0036533449310809,0.0202805288136005,0.0066733672283589,0.0076086623594164,0.0058256513439118,-0.0152001520618796,0.019173139706254,-0.0153878489509224,-0.0005878655938431,0.0145423505455255,-0.0092157097533345,0.0075414450839161,0.0039580599404871,0.0128764761611819,0.0,0.0128204682841897,0.005322303622961,-0.0008833282045088,0.0019607543945312,0.004659398458898,-0.0088062025606632,0.0037861505988985,-0.0165844056755304,0.0158371217548847,-0.0180686917155981,0.0020403570961207,-0.0171744059771299,-0.0054114516824483,0.0137299736961722,0.0193059109151363,-0.0061563560739159,-0.0335406959056854,0.0035101831890642,0.004014279693365,-0.0172839537262916,0.0188593920320272,-0.0014656552812084,0.0114916115999221,0.0023065761197358,0.0165887642651796,0.0004184196295682,0.033067800104618,-0.0303220562636852,-0.0214926749467849,0.0140177169814705,0.0028422295581549,-0.0280731543898582,-0.0051837279461324,-0.0015317219076678,-0.0143985766917467,0.0041638971306383,0.025726580992341,-0.0209515299648046,-0.0180117059499025,-0.0095853833481669,-0.0248631425201892,0.0132793188095092,-0.0099367350339889,0.0424255840480327,0.0179310068488121,0.0121457427740097,-0.0138290775939822,0.0229473710060119,-0.0027130665257573,-0.0082321781665086,-0.034701008349657,0.0029052335303276,0.0035041577648371,0.0080695087090134,-0.0443700067698955,-0.0236042998731136,0.032857771962881,0.0130334021523594,0.009823115542531,0.0072629651986062,-0.0129282157868146,0.0022661846596747,0.0086937956511974,0.0094552738592028,-0.0334033668041229,0.020362451672554,0.0251991841942071,0.0077828653156757,-0.0015053697861731,0.0148514853790402,0.0115292314440012,-0.013463388197124,-0.007127386983484,0.010482570156455,-0.0188599154353141,0.0,-0.0012698703212663,-0.0138970268890261,0.0278442185372114,-0.0057562706060707,-0.0079844398424029,-0.0003992904385086,0.0058606569655239,-0.0025963864754885,-0.0147561728954315,0.0010012625716626,-0.0209380239248275,0.0154030127450823,-0.0016722790896892,0.0202916208654642,0.0044089667499065,-0.0408289209008216,0.0052377958782017,-0.0453426919880305,-0.0027021630455795,-0.0412392706832092,0.0101052532670098,-0.0014362627975985,0.0208510535790407,0.0272876075666665,0.0271890490455537,-0.0352893130839397,0.1364281890376519,0.062576918850125,0.0073482773826607,2019-02-07,2019-02-08,2019-02-11,2019-02-12,2019-02-13,2019-02-14,2019-02-15,2019-02-19,2019-02-20,2019-02-21,93296.0,2019-02-06,252.0,1.5840%,-0.0002,1.1351,0.5025,0.5537,1.2454%,1.7004%,46.3593%,0.017913,ST,93296.0,2019-02-07,252.0,-4.0829%,-0.0004,1.1392,0.5108,0.5454,1.2605%,1.7139%,45.9110%,-0.031879,ST,93296.0,2019-02-08,252.0,-0.4706%,-0.0004,1.1397,0.508,0.5454,1.2603%,1.7140%,45.9298%,-0.002324,ST,93296.0,2019-02-11,252.0,0.4298%,-0.0003,1.1244,0.5203,0.544,1.2582%,1.6892%,44.5150%,-0.002004,ST,93296.0,2019-02-12,252.0,1.9260%,-0.0003,1.1315,0.5149,0.5486,1.2577%,1.6933%,44.8284%,0.004688,ST,93296.0,2019-02-13,252.0,2.1835%,-0.0002,1.1329,0.52,0.5539,1.2628%,1.6965%,44.5955%,0.017874,ST,93296.0,2019-02-14,252.0,-1.1301%,-0.0003,1.135,0.5156,0.5584,1.2637%,1.6980%,44.6096%,-0.008513,ST,93296.0,2019-02-15,252.0,2.3899%,-0.0002,1.1426,0.5233,0.5718,1.2643%,1.7010%,44.7526%,0.007004,ST,93296.0,2019-02-19,252.0,0.3653%,-0.0002,1.1406,0.5246,0.5735,1.2639%,1.6985%,44.6308%,-0.0018509999999999,ST,93296.0,2019-02-20,252.0,0.6673%,-0.0002,1.1406,0.5244,0.5735,1.2639%,1.6989%,44.6553%,9.8e-05,ST,93296.0,2019-02-21,252.0,0.5826%,-0.0002,1.1393,0.5242,0.5709,1.2659%,1.6988%,44.4760%,0.011632,ST,-0.013966,-0.01629,-0.0182939999999999,0.004268,0.012638
27195,STMICROELECTRONICS NV,STMicro To Purchase Majority Stake In Norstel AB For $137.5M In Cash,6,increase,0.7,0.6,"the acquisition of a majority stake in norstel ab for $137.5m suggests strategic growth and potential for future revenue, which is likely to be viewed positively by investors.",2,2019-02-06,STM,2019-02-06 22:31:00+00:00,81132.0,86101210,0.03939014300704,4794101.0,-0.0372860990464687,-0.0168644879013299,-0.0133333355188369,0.0050219660624861,0.011583031155169,0.0056818276643753,0.0527989156544208,-0.0204081591218709,-0.0072506912983953,0.0266666710376739,0.001217313343659,-0.0174672901630401,0.0054711336269974,-0.0243456847965717,-0.0102781178429722,0.0518566220998764,0.0109956255182623,0.1078013777732849,-0.0006041282322257,0.0042735342867672,0.0163239743560552,-0.0350515618920326,0.0214158613234758,0.029723996296525,-0.0064065586775541,-0.0007072297739796,-0.0222742781043052,0.012168938294053,-0.0191846340894699,0.0108538763597607,0.0244498532265424,-0.0170697513967752,0.0011933447094634,-0.0028368765488266,-0.0101311122998595,0.0151187926530838,-0.0385310240089893,0.0578827299177646,-0.026925504207611,0.0030557648278772,0.0064350310713052,0.0388888679444789,0.0159846544265747,0.0439105816185474,-0.0062932902947068,-0.1215429455041885,-0.0069664125330746,-0.0100864795967936,-0.0076530538499355,0.0014430345036089,0.0578405298292636,0.009468326345086,-0.0157958511263132,0.0080763334408402,0.0068154036998748,0.0373190976679325,0.0006153986905701,-0.0172155350446701,0.0436653792858123,0.0014992131618782,-0.0406599082052707,0.0136778345331549,-0.0325553230941295,-0.0380117297172546,0.0114285908639431,0.0208955742418766,-0.0703075900673866,-0.0160819217562675,-0.0324105657637119,-0.0144092077389359,0.0362875424325466,0.0,0.0451178476214408,0.0220913253724575,0.0199741926044225,0.0149476686492562,0.046114943921566,0.0014970402698963,0.0235508028417825,-0.04160688072443,0.0265486035495996,-0.0536320433020591,0.0126437488943338,-0.0587859489023685,-0.0102156810462474,0.053872000426054,0.0045871515758335,0.0054163793101906,0.0011415786575526,0.003396752057597,0.0359178520739078,0.0286512821912765,-0.0159604251384735,-0.0158184003084898,0.0274050161242485,0.0326704569160938,0.0146977975964546,-0.0007097394554875,-0.0032188554760068,0.0360293947160244,-0.0091496277600526,-0.0159189086407423,-0.012493185698986,-0.0149679286405444,0.0236523821949958,-0.0188811514526605,-0.0091348774731159,0.0134656652808189,-0.0113883400335907,0.0078571187332272,-0.0142622180283069,0.0204081442207098,0.0211464148014783,-0.0735989287495613,-0.0010899432236328,-0.0053727282211184,0.0027277271728962,-0.0178099945187568,0.0038085747510194,-0.0168612338602542,-0.0372860990464687,-0.0168644879013299,-0.0501222864965305,-0.0119272147247455,-0.0391198233474191,-0.0063131554389522,0.0042787100684125,-0.0006349364167609,0.011002463460823,0.1210826063786367,0.0411420643558937,0.1799100170626408,0.1319429940505394,0.0253227838468095,2019-02-07,2019-02-08,2019-02-11,2019-02-12,2019-02-13,2019-02-14,2019-02-15,2019-02-19,2019-02-20,2019-02-21,81132.0,2019-02-06,252.0,3.9390%,-0.0011,1.5635,0.636,0.098,2.1437%,2.7497%,39.2219%,0.042647,STM,81132.0,2019-02-07,252.0,-3.7286%,-0.0013,1.5664,0.6415,0.0924,2.1476%,2.7540%,39.1881%,-0.022401,STM,81132.0,2019-02-08,252.0,-1.3333%,-0.0012,1.5679,0.671,0.1181,2.1415%,2.7480%,39.2716%,-0.0145259999999999,STM,81132.0,2019-02-11,252.0,1.1583%,-0.0011,1.558,0.6882,0.1222,2.1411%,2.7228%,38.1620%,0.004588,STM,81132.0,2019-02-12,252.0,5.2799%,-0.001,1.5727,0.6933,0.1288,2.1508%,2.7402%,38.3953%,0.03158,STM,81132.0,2019-02-13,252.0,-0.7251%,-0.001,1.5722,0.6895,0.1254,2.1519%,2.7390%,38.2757%,-0.01226,STM,81132.0,2019-02-14,252.0,0.1217%,-0.001,1.5715,0.6908,0.1242,2.1519%,2.7386%,38.2593%,0.0015609999999999,STM,81132.0,2019-02-15,252.0,0.5471%,-0.0012,1.5534,0.6731,0.093,2.1524%,2.7290%,37.7943%,-0.01471,STM,81132.0,2019-02-19,252.0,-1.0278%,-0.0012,1.5518,0.6625,0.0811,2.1542%,2.7285%,37.6680%,-0.015561,STM,81132.0,2019-02-20,252.0,1.0996%,-0.0011,1.5555,0.6787,0.0964,2.1516%,2.7278%,37.7854%,0.006044,STM,81132.0,2019-02-21,252.0,-0.0604%,-0.0012,1.5653,0.7,0.1142,2.1429%,2.7252%,38.1715%,0.005748,STM,0.020246,0.00572,0.010308,0.029628,0.01271
27203,SUNCOR ENERGY INC NEW,"Suncor Energy Late Tuesday Reported Q4 EPS $0.27 Misses $0.50 Estimate, Sales $6.798B Miss $7.54B Estimate",6,decrease,0.8,0.7,"the reported q4 eps and sales both missed analyst estimates significantly, which is likely to negatively impact investor sentiment and lead to a decrease in stock price.",0,2019-02-06,SU,2019-02-06 12:56:00+00:00,80070.0,86722410,0.0015087277861312,4763596.0,-0.0174750834703445,0.0015110074309632,-0.0113461799919605,0.0212962534278631,0.0024813278578221,0.0024753042962402,0.0064974962733685,0.0018599310424178,-0.0058407206088304,0.0068663358688354,0.0064934780821204,0.0065975808538496,0.0411674417555332,-0.0059338081628084,0.0153437731787562,0.0104133766144514,-0.0031967628747224,0.0183161851018667,-0.0058309263549745,-0.0133164254948496,0.0026393008884042,-0.0143749713897705,-0.0070195342414081,0.0223642420023679,0.0047128084115684,0.0182172898203134,0.0149515774101018,-0.0141116268932819,-0.0046216016635298,0.0206219665706157,0.0017124686855822,0.0042734765447676,-0.0084795588627457,-0.0084745837375521,0.0041285576298832,-0.0006514806882478,-0.0120411114767193,0.0267558917403221,-0.0095124766230583,0.0067339679226279,-0.020408172160387,0.012960473075509,0.0119485110044479,0.0397162735462188,0.0051468964666128,-0.0024761122185736,0.0126505466178059,0.0107258185744285,0.0002975055540446,0.0097472397610545,0.0038655144162476,0.0047153090126812,0.0159952882677316,-0.0010869813850149,0.0014577037654817,0.0542398802936077,0.011062623001635,-0.0205761026591062,-0.0046069636009633,-0.0294118132442235,-0.0266126170754432,-0.0340231247246265,-0.0199109055101871,-0.0145178036764264,0.0090963989496231,-0.0078875012695789,-0.0252403896301984,-0.0145319467410445,0.0003083272604271,-0.0352135598659515,-0.0006163468933664,-0.0100064389407634,0.015726126730442,0.0157376900315284,0.0,-0.021180996671319,-0.0100181549787521,-0.0111075965687632,0.0042931428179144,0.0240493901073932,0.0149618834257125,-0.0420298427343368,0.0114319268614053,-0.0113882031291723,-0.0148721002042293,0.0061938916333019,-0.0006038785795681,-0.0072828754782676,-0.0081569990143179,0.0076804915443062,0.0109654823318123,-0.0006140760960988,-0.0063271797262132,0.0003070737584494,-0.0027289313729852,-0.0036719378549605,0.0106416018679738,-0.0273808985948562,-0.0015043035382404,0.0444513633847236,0.0231997743248939,-0.0189082864671945,0.0067726606503129,-0.0123493922874331,-0.0374378114938736,-0.0095465304329991,0.0063810115680098,0.0032924457918852,-0.0045289164409041,0.0270519852638244,0.0048528918996453,-0.0289552602916955,-0.0039239679463207,-0.0041616940870881,-0.014242460951209,-0.0137789864093065,-0.0267445109784603,-0.0298634599894285,0.023057471960783,0.023580826818943,-0.0174750834703445,0.0015110074309632,-0.028622988019876,0.0228394396560074,-0.0262126831796016,0.0253712785153519,-0.0256100786549581,0.0343320369003858,0.0274178947368559,0.0507291832270868,0.0512944395120942,0.2033405360479294,-0.0150006740836946,-0.0271249520193543,2019-02-07,2019-02-08,2019-02-11,2019-02-12,2019-02-13,2019-02-14,2019-02-15,2019-02-19,2019-02-20,2019-02-21,80070.0,2019-02-06,252.0,0.1509%,0.0001,0.9433,0.2717,0.543,1.3799%,1.6721%,31.9004%,0.003132,SU,80070.0,2019-02-07,252.0,-1.7475%,0.0001,0.9483,0.2699,0.5407,1.3813%,1.6747%,31.9706%,-0.010567,SU,80070.0,2019-02-08,252.0,-1.1346%,0.0001,0.9495,0.2819,0.5537,1.3807%,1.6746%,32.0223%,-0.008704,SU,80070.0,2019-02-11,252.0,0.2481%,0.0001,0.9479,0.2804,0.5521,1.3808%,1.6635%,31.1061%,-0.002082,SU,80070.0,2019-02-12,252.0,0.6497%,0.0,0.9359,0.2916,0.5439,1.3778%,1.6550%,30.6951%,-0.005612,SU,80070.0,2019-02-13,252.0,-0.5841%,0.0001,0.9434,0.2753,0.5388,1.3737%,1.6544%,31.0592%,-0.009117,SU,80070.0,2019-02-14,252.0,0.6493%,0.0001,0.9409,0.2807,0.5332,1.3751%,1.6547%,30.9464%,0.0100679999999999,SU,80070.0,2019-02-15,252.0,4.1167%,0.0002,0.9615,0.3021,0.5705,1.3852%,1.6723%,31.3866%,0.027174,SU,80070.0,2019-02-19,252.0,1.5344%,0.0003,0.9664,0.3048,0.5732,1.3858%,1.6750%,31.5525%,0.010829,SU,80070.0,2019-02-20,252.0,-0.3197%,0.0002,0.9625,0.2902,0.5578,1.3842%,1.6720%,31.4632%,-0.0089559999999999,SU,80070.0,2019-02-21,252.0,-0.5831%,0.0002,0.967,0.2992,0.5661,1.3822%,1.6723%,31.6870%,-0.000884,SU,-0.007435,-0.016139,-0.018221,-0.03295,0.005281
27211,CONTAINER STORE GROUP INC,"The Container Store shares are trading lower after the company reported Q3 EPS $0.07, missing the $0.12 estimate and sales of $221.6 million, missing the $230.55 million estimate; the company expects FY18 sales and EPS to fall near the low end of guidance",6,decrease,0.85,0.7,"the company's earnings and sales missed expectations, and it lowered its guidance, which typically leads to a decline in stock price.",0,2019-02-06,TCS,2019-02-06 18:28:00+00:00,14274.0,21075110,-0.2326478660106659,2267195.0,-0.0351758077740669,0.0556309819221496,-0.0243056137114763,0.0278939753770828,0.0284698083996772,0.0013966800179332,0.0311418380588293,0.0170454382896423,0.0553691126406192,0.005714280065149,0.0174880977720022,0.0248902011662721,0.0499999523162841,-0.0172661710530519,-0.0223213732242584,0.0482654124498367,-0.0015221048379316,0.0279070250689983,0.0121951103210449,0.040322583168745,-0.0150602273643016,0.0247933249920606,0.0076452889479696,0.0202361494302749,0.0182093903422355,-0.0100166853517293,-0.0119224926456809,-0.0180328097194433,0.0301658827811479,0.0374149307608604,-0.0043923472985625,0.0034129659179598,-0.0058823470026254,0.026269719004631,-0.0162722077220678,0.0306859351694583,-0.0195488892495632,-0.0018018429400399,0.0214723721146583,0.0315985269844532,-0.0015014642849564,0.0507812947034835,0.0105262696743011,0.0385395660996437,0.022321444004774,-0.0040404004976153,-0.011644821614027,0.0377358123660087,-0.0147275263443589,0.0170575529336929,-0.0074738701805472,0.0539326407015323,0.0271084811538457,0.0045146686024963,0.0102638844400644,0.0497630462050437,0.0551524125039577,-0.016317056491971,-0.0151306921616196,-0.0250000301748514,-0.013966467231512,-0.028697595000267,0.0155807556584477,-0.0022025885991752,0.0585774146020412,0.0044247745536267,0.054018422961235,-0.0258620455861091,0.056249976158142,-0.0432989783585071,0.0414201654493808,-0.0221774466335773,0.0136363506317138,0.0143149634823203,-0.0067265043035149,-0.0081135826185345,0.0045146686024963,-0.0352251082658767,-0.0022471353877335,-0.0210727322846651,-0.0236486531794071,-0.0224719773977994,0.0080737825483083,-0.0290908813476562,-0.0274599287658929,0.0128913763910532,-0.0058823754079639,-0.0456942394375801,-0.0201183520257473,-0.0017543425783514,0.0289855953305959,0.0160427223891019,-0.0046949428506195,-0.0192307103425264,0.0247641559690237,0.01238932646811,-0.0023014389444142,-0.017391288653016,0.0034601767547428,0.034172672778368,-0.0448275171220302,-0.014184383675456,0.0036100759170949,-0.0157068334519863,-0.0011990681523457,-0.0434056371450424,-0.00960383284837,0.0118242725729942,0.0133332917466759,-0.0016862988704815,0.0370813906192779,-0.0342019610106945,-0.0034601767547428,0.00986841134727,0.0219906903803348,-0.0500000268220901,0.009060014039278,0.0648918226361274,0.0,-0.0179738011211156,-0.0351758077740669,0.0556309819221496,-0.0586264518897976,0.0850767265391718,-0.0318257273425758,0.0865922315210534,0.0536013683946579,0.1114286013770804,0.1122278199780799,0.2548387822571245,0.1993299984162493,0.7681818262398421,0.492462331053531,0.2712418809293464,2019-02-07,2019-02-08,2019-02-11,2019-02-12,2019-02-13,2019-02-14,2019-02-15,2019-02-19,2019-02-20,2019-02-21,14274.0,2019-02-06,252.0,-23.2648%,0.0025,0.8945,1.6606,0.908,4.9879%,5.1197%,5.0805%,-0.23126,TCS,14274.0,2019-02-07,252.0,-3.5176%,0.0022,0.8756,1.6981,0.8964,4.9831%,5.1151%,5.0928%,-0.028339,TCS,14274.0,2019-02-08,252.0,-2.4306%,0.0022,0.879,1.7161,0.9226,4.9843%,5.1176%,5.1447%,-0.019858,TCS,14274.0,2019-02-11,252.0,2.8470%,0.0021,0.9329,1.6805,0.9316,4.9784%,5.1178%,5.3752%,0.013691,TCS,14274.0,2019-02-12,252.0,3.1142%,0.0023,0.9691,1.6471,0.956,4.9711%,5.1145%,5.5280%,0.0196019999999999,TCS,14274.0,2019-02-13,252.0,5.5369%,0.0024,0.9689,1.667,0.9713,4.9795%,5.1240%,5.5607%,0.050898,TCS,14274.0,2019-02-14,252.0,1.7488%,0.0023,0.9627,1.673,0.9697,4.9726%,5.1167%,5.5533%,0.016388,TCS,14274.0,2019-02-15,252.0,5.0000%,0.0025,0.9879,1.6987,1.0146,4.9753%,5.1245%,5.7387%,0.030184,TCS,14274.0,2019-02-19,252.0,-2.2321%,0.0024,0.9845,1.6722,0.9851,4.9796%,5.1266%,5.6556%,-0.032268,TCS,14274.0,2019-02-20,252.0,-0.1522%,0.0024,0.9826,1.6786,0.9812,4.9781%,5.1257%,5.6748%,-0.012589,TCS,14274.0,2019-02-21,252.0,1.2195%,0.0025,0.9729,1.6626,0.9633,4.9782%,5.1224%,5.5519%,0.019162,TCS,-0.259599,-0.279457,-0.265766,-0.195266,-0.1743889999999999
27219,TEVA PHARMACEUTICAL INDS LTD,Teva Announces U.S. Launch Of A Generic Version Of Sabril (Vigabatrin),6,increase,0.7,0.6,"the launch of a generic version of sabril (vigabatrin) may increase teva's revenue potential and market share, positively impacting investor sentiment.",2,2019-02-06,TEVA,2019-02-06 16:13:00+00:00,75652.0,88162420,-0.0395791120827198,9914624.0,-0.0427751541137695,0.0147432135418057,-0.0070845265872776,-0.0015228774864226,0.0329308658838272,-0.007556655909866,0.0159405507147312,-0.0079959938302636,-0.0779289528727531,0.0131645686924457,-0.0198524389415979,-0.0015167181845754,0.0405091904103756,0.01124750636518,0.0022247449960559,0.0113753518089652,-0.0344062596559524,-0.0061664409004151,-0.0086206682026386,0.0378666184842586,0.0,-0.003719431348145,0.0202898774296045,0.0031982657965272,-0.0374999903142452,0.0058981562033295,0.0035418809857219,-0.0095592299476265,-0.0100000044330954,0.0194911006838083,0.0148544264957308,0.0010839322349056,-0.0193208381533622,0.015410054475069,-0.0011940571712329,0.0116927064955234,-0.0454273335635662,0.0158370342105627,0.0018785054562613,0.0005659438902512,-0.015625,0.0172711126506328,0.0019047450041398,0.0533657409250736,-0.0063370992429554,0.0403785109519958,0.035076480358839,0.0278858821839094,0.0147874169051647,-0.017208382487297,0.0024287139531224,0.003196882084012,0.0078739644959568,-0.0113779613748192,0.0162259899079799,0.0843042880296707,-0.002956785261631,-0.0337748490273952,0.0130485948175191,-0.0497168004512786,-0.0439110063016414,-0.0245549753308296,-0.0263319239020347,-0.0423280000686645,0.0018868356710299,-0.0362605899572372,0.0043942052870988,-0.0438786298036575,-0.0262500047683715,-0.0294427629560232,0.0064185098744928,0.0015798150561749,0.0025510180275887,0.025931904092431,-0.0438931621611118,0.0037960787303745,-0.0106453662738204,-0.0499742068350315,0.0215198174118995,-0.0419546104967594,0.0032916518393903,-0.0141118746250867,-0.0131233474239707,-0.0481704920530319,-0.0325797721743583,0.0023212272208184,0.0075601139105856,-0.0164382979273796,-0.0115961851552128,0.0027472283691167,-0.0075914189219474,0.0018349044257774,0.0132127664983272,-0.0027448020409792,0.0082360934466123,-0.0036463045980781,-0.0319945067167282,-0.0045372219756245,0.009845245629549,0.0124024096876382,0.0236768908798694,-0.010454524308443,0.0142857171595096,-0.011235955171287,0.006036227568984,-0.0163572430610656,0.009333356283605,-0.002205524360761,0.0145309977233409,-0.0365491099655628,0.0162760429084301,-0.0067538982257246,-0.0249839462339878,0.0102345319464802,0.0006569825927726,-0.0163590349256992,-0.021667756140232,0.004635508172214,0.0187919922173023,0.027717599645257,-0.0427751541137695,0.0147432135418057,-0.0495566389844532,0.0131978839474027,-0.0182577161326763,0.0055414961698077,-0.0803339017755143,0.0106328655407488,-0.1001564978175971,0.0645332850280151,-0.1090245241218477,0.2561358532025888,-0.2081377001568822,-0.1355565633861166,2019-02-07,2019-02-08,2019-02-11,2019-02-12,2019-02-13,2019-02-14,2019-02-15,2019-02-19,2019-02-20,2019-02-21,75652.0,2019-02-06,252.0,-3.9579%,0.0002,1.4051,0.722,0.8091,2.2714%,2.6827%,28.3095%,-0.037124,TEVA,75652.0,2019-02-07,252.0,-4.2775%,0.0,1.4046,0.7365,0.8,2.2785%,2.6881%,28.1532%,-0.032025,TEVA,75652.0,2019-02-08,252.0,-0.7085%,-0.0001,1.4058,0.7173,0.7923,2.2744%,2.6848%,28.2350%,-0.003297,TEVA,75652.0,2019-02-11,252.0,3.2931%,0.0003,1.325,0.8271,0.8094,2.2406%,2.6082%,26.1973%,0.024306,TEVA,75652.0,2019-02-12,252.0,1.5941%,0.0003,1.334,0.8147,0.8162,2.2382%,2.6100%,26.4580%,-0.000969,TEVA,75652.0,2019-02-13,252.0,-7.7929%,-0.0001,1.3108,0.8202,0.797,2.2939%,2.6469%,24.8950%,-0.082824,TEVA,75652.0,2019-02-14,252.0,-1.9852%,0.0,1.3175,0.8126,0.8006,2.2811%,2.6384%,25.2507%,-0.016842,TEVA,75652.0,2019-02-15,252.0,4.0509%,0.0,1.3159,0.8132,0.8007,2.2818%,2.6363%,25.0912%,0.0196469999999999,TEVA,75652.0,2019-02-19,252.0,0.2225%,-0.0002,1.2938,0.8396,0.8323,2.2423%,2.5916%,25.1390%,-0.0051359999999999,TEVA,75652.0,2019-02-20,252.0,-3.4406%,-0.0004,1.2818,0.8132,0.7898,2.2586%,2.6004%,24.5589%,-0.043389,TEVA,75652.0,2019-02-21,252.0,-0.8621%,-0.0003,1.2709,0.7907,0.7698,2.2501%,2.5862%,24.3053%,-0.001592,TEVA,-0.069149,-0.072446,-0.0481399999999999,-0.131933,-0.179245
27227,TEVA PHARMACEUTICAL INDS LTD,"Teva Announces Launch of ALYQ, a Generic Version of ADCIRCA in the U.S.",6,increase,0.7,0.6,"the launch of a generic version of a drug can lead to increased revenue opportunities for teva, positively impacting its stock price.",2,2019-02-06,TEVA,2019-02-06 08:57:00+00:00,75652.0,88162420,-0.0395791120827198,9914624.0,-0.0427751541137695,0.0147432135418057,-0.0070845265872776,-0.0015228774864226,0.0329308658838272,-0.007556655909866,0.0159405507147312,-0.0079959938302636,-0.0779289528727531,0.0131645686924457,-0.0198524389415979,-0.0015167181845754,0.0405091904103756,0.01124750636518,0.0022247449960559,0.0113753518089652,-0.0344062596559524,-0.0061664409004151,-0.0086206682026386,0.0378666184842586,0.0,-0.003719431348145,0.0202898774296045,0.0031982657965272,-0.0374999903142452,0.0058981562033295,0.0035418809857219,-0.0095592299476265,-0.0100000044330954,0.0194911006838083,0.0148544264957308,0.0010839322349056,-0.0193208381533622,0.015410054475069,-0.0011940571712329,0.0116927064955234,-0.0454273335635662,0.0158370342105627,0.0018785054562613,0.0005659438902512,-0.015625,0.0172711126506328,0.0019047450041398,0.0533657409250736,-0.0063370992429554,0.0403785109519958,0.035076480358839,0.0278858821839094,0.0147874169051647,-0.017208382487297,0.0024287139531224,0.003196882084012,0.0078739644959568,-0.0113779613748192,0.0162259899079799,0.0843042880296707,-0.002956785261631,-0.0337748490273952,0.0130485948175191,-0.0497168004512786,-0.0439110063016414,-0.0245549753308296,-0.0263319239020347,-0.0423280000686645,0.0018868356710299,-0.0362605899572372,0.0043942052870988,-0.0438786298036575,-0.0262500047683715,-0.0294427629560232,0.0064185098744928,0.0015798150561749,0.0025510180275887,0.025931904092431,-0.0438931621611118,0.0037960787303745,-0.0106453662738204,-0.0499742068350315,0.0215198174118995,-0.0419546104967594,0.0032916518393903,-0.0141118746250867,-0.0131233474239707,-0.0481704920530319,-0.0325797721743583,0.0023212272208184,0.0075601139105856,-0.0164382979273796,-0.0115961851552128,0.0027472283691167,-0.0075914189219474,0.0018349044257774,0.0132127664983272,-0.0027448020409792,0.0082360934466123,-0.0036463045980781,-0.0319945067167282,-0.0045372219756245,0.009845245629549,0.0124024096876382,0.0236768908798694,-0.010454524308443,0.0142857171595096,-0.011235955171287,0.006036227568984,-0.0163572430610656,0.009333356283605,-0.002205524360761,0.0145309977233409,-0.0365491099655628,0.0162760429084301,-0.0067538982257246,-0.0249839462339878,0.0102345319464802,0.0006569825927726,-0.0163590349256992,-0.021667756140232,0.004635508172214,0.0187919922173023,0.027717599645257,-0.0427751541137695,0.0147432135418057,-0.0495566389844532,0.0131978839474027,-0.0182577161326763,0.0055414961698077,-0.0803339017755143,0.0106328655407488,-0.1001564978175971,0.0645332850280151,-0.1090245241218477,0.2561358532025888,-0.2081377001568822,-0.1355565633861166,2019-02-07,2019-02-08,2019-02-11,2019-02-12,2019-02-13,2019-02-14,2019-02-15,2019-02-19,2019-02-20,2019-02-21,75652.0,2019-02-06,252.0,-3.9579%,0.0002,1.4051,0.722,0.8091,2.2714%,2.6827%,28.3095%,-0.037124,TEVA,75652.0,2019-02-07,252.0,-4.2775%,0.0,1.4046,0.7365,0.8,2.2785%,2.6881%,28.1532%,-0.032025,TEVA,75652.0,2019-02-08,252.0,-0.7085%,-0.0001,1.4058,0.7173,0.7923,2.2744%,2.6848%,28.2350%,-0.003297,TEVA,75652.0,2019-02-11,252.0,3.2931%,0.0003,1.325,0.8271,0.8094,2.2406%,2.6082%,26.1973%,0.024306,TEVA,75652.0,2019-02-12,252.0,1.5941%,0.0003,1.334,0.8147,0.8162,2.2382%,2.6100%,26.4580%,-0.000969,TEVA,75652.0,2019-02-13,252.0,-7.7929%,-0.0001,1.3108,0.8202,0.797,2.2939%,2.6469%,24.8950%,-0.082824,TEVA,75652.0,2019-02-14,252.0,-1.9852%,0.0,1.3175,0.8126,0.8006,2.2811%,2.6384%,25.2507%,-0.016842,TEVA,75652.0,2019-02-15,252.0,4.0509%,0.0,1.3159,0.8132,0.8007,2.2818%,2.6363%,25.0912%,0.0196469999999999,TEVA,75652.0,2019-02-19,252.0,0.2225%,-0.0002,1.2938,0.8396,0.8323,2.2423%,2.5916%,25.1390%,-0.0051359999999999,TEVA,75652.0,2019-02-20,252.0,-3.4406%,-0.0004,1.2818,0.8132,0.7898,2.2586%,2.6004%,24.5589%,-0.043389,TEVA,75652.0,2019-02-21,252.0,-0.8621%,-0.0003,1.2709,0.7907,0.7698,2.2501%,2.5862%,24.3053%,-0.001592,TEVA,-0.069149,-0.072446,-0.0481399999999999,-0.131933,-0.179245
27235,TRIMBLE INC,"Trimble Sees Q1 Adj. EPS $0.44-$0.48 vs $0.49 Estimate, Sales $795M-$820M vs $821.9M Est.",6,decrease,0.75,0.6,"the company's adjusted eps and sales guidance both fell short of analyst estimates, which is likely to negatively impact investor sentiment and lead to a decrease in stock price.",0,2019-02-06,TRMB,2019-02-06 21:37:00+00:00,76230.0,89623910,0.0135628702118992,907319.0,-0.0144107397645711,0.0100105656310915,-0.003133131423965,0.0013188930461183,0.0112624494358897,0.0066383429802954,0.009582981467247,0.0115498341619968,0.0007695941603742,0.0273178201168775,-0.0051268124952912,0.0111607564613223,0.0103065622970461,-0.0370768681168556,0.0045906733721494,0.0138927306979894,0.0149784246459603,0.0285794474184513,-0.0015007847687229,0.0036557156126946,0.0020040539093315,-0.0281497333198785,0.0137499812990427,0.026079649105668,-0.0113439969718456,0.0139323770999908,0.003242730628699,0.0045701186172664,-0.0052213547751307,-0.0096181090921163,0.0114971986040473,0.0039761257357895,-0.0054361554794013,-0.0025495793670415,-0.0064595858566462,0.0279557108879089,-0.0150038078427314,0.0214158613234758,-0.0258949100971221,0.0287637282162904,-0.0059942547231912,0.0180685929954052,0.016255872324109,0.037827294319868,0.0036120540462434,-0.0474284216761589,0.0174807272851467,-0.0133697548881173,0.0050529795698821,0.030369421467185,-0.0005027767037972,-0.0040536066517233,0.0098089342936873,0.0187420640140771,0.0042340764775872,0.0437665693461895,-0.0022321466822177,-0.0111475456506013,0.0136713711544871,-0.0354206450283527,-0.0331044271588325,-0.0264777932316064,0.0005072396015748,-0.0181379150599241,0.0172370169311761,-0.0140088647603988,-0.0069773881696164,-0.0300665199756622,0.0110414670780301,-0.0091664195060729,0.0027302210219204,-0.009364410303533,0.0143563859164714,0.0037026791833341,-0.0070766452699899,-0.0151472901925444,0.0039321663789451,0.0045083076693117,-0.0070990724489092,-0.0387323014438152,-0.0014793237205594,-0.0037777442485094,0.0083950655534863,-0.055555559694767,-0.0195886194705963,0.0318170636892318,0.0049950238317251,0.0168448463082313,0.0114313885569572,-0.0095338141545653,0.0071253296919167,0.0227519012987613,-0.0014638050924986,-0.0069930641911923,0.0100170988589525,0.0217092856764793,-0.0079826274886727,0.0091513590887188,0.0031699847895652,0.0157746858894825,-0.0145843094214797,0.0151558127254247,0.0140601797029376,-0.0160382576286792,-0.0009730215533636,-0.0055959918536245,-0.018748490139842,0.0078962948173284,0.0081886313855648,-0.0128062115982174,-0.0044302311725914,0.0002784272364806,0.0091470684856176,-0.0244499184191227,-0.0088192215189337,-0.0259327739477157,0.0410281717777252,0.0029193367809057,0.0292022693902254,0.034028586000204,-0.0144107397645711,0.0100105656310915,-0.0174987204469373,0.0113426615426084,-0.006433349465274,0.018056301000533,0.0038599519860507,0.0579469746934078,0.027277342570114,0.0781776886849667,0.0494080847409275,0.2125236973957736,0.1155429183711389,0.0521405524398341,2019-02-07,2019-02-08,2019-02-11,2019-02-12,2019-02-13,2019-02-14,2019-02-15,2019-02-19,2019-02-20,2019-02-21,76230.0,2019-02-06,252.0,1.3563%,-0.0005,1.158,0.2474,-0.6008,1.4922%,2.0970%,49.3599%,0.016505,TRMB,76230.0,2019-02-07,252.0,-1.4411%,-0.0004,1.173,0.2285,-0.5988,1.4835%,2.0985%,50.0263%,-0.001076,TRMB,76230.0,2019-02-08,252.0,-0.3133%,-0.0005,1.1749,0.2146,-0.6,1.4803%,2.0971%,50.1740%,-0.008535,TRMB,76230.0,2019-02-11,252.0,1.1262%,-0.0005,1.1884,0.2153,-0.5925,1.4806%,2.0858%,49.6141%,0.009481,TRMB,76230.0,2019-02-12,252.0,0.9583%,-0.0003,1.2117,0.1803,-0.5744,1.4523%,2.0765%,51.0859%,-0.00773,TRMB,76230.0,2019-02-13,252.0,0.0770%,-0.0005,1.1958,0.2062,-0.5703,1.4365%,2.0519%,50.9892%,-0.002429,TRMB,76230.0,2019-02-14,252.0,-0.5127%,-0.0004,1.1989,0.2035,-0.5699,1.4297%,2.0489%,51.3102%,-0.007096,TRMB,76230.0,2019-02-15,252.0,1.0307%,-0.0004,1.1958,0.2006,-0.575,1.4295%,2.0465%,51.2051%,-0.001114,TRMB,76230.0,2019-02-19,252.0,0.4591%,-0.0003,1.2036,0.193,-0.5843,1.4226%,2.0464%,51.6731%,0.003362,TRMB,76230.0,2019-02-20,252.0,1.4978%,-0.0002,1.2088,0.2081,-0.565,1.4250%,2.0478%,51.5754%,0.01538,TRMB,76230.0,2019-02-21,252.0,-0.1501%,-0.0002,1.2062,0.2033,-0.5697,1.4246%,2.0461%,51.5264%,0.001718,TRMB,0.015429,0.006894,0.016375,0.0062159999999999,0.018466
27243,TRIMBLE INC,"Trimble Navigation Q4 EPS $0.48 Beats $0.46 Estimate, Sales $792.9M Miss $809.82M Estimate",6,uncertain,0.6,0.3,"while trimble's eps beat estimates, the significant miss in sales could lead to mixed reactions from investors, creating uncertainty about the stock's direction.",1,2019-02-06,TRMB,2019-02-06 21:34:00+00:00,76230.0,89623910,0.0135628702118992,907319.0,-0.0144107397645711,0.0100105656310915,-0.003133131423965,0.0013188930461183,0.0112624494358897,0.0066383429802954,0.009582981467247,0.0115498341619968,0.0007695941603742,0.0273178201168775,-0.0051268124952912,0.0111607564613223,0.0103065622970461,-0.0370768681168556,0.0045906733721494,0.0138927306979894,0.0149784246459603,0.0285794474184513,-0.0015007847687229,0.0036557156126946,0.0020040539093315,-0.0281497333198785,0.0137499812990427,0.026079649105668,-0.0113439969718456,0.0139323770999908,0.003242730628699,0.0045701186172664,-0.0052213547751307,-0.0096181090921163,0.0114971986040473,0.0039761257357895,-0.0054361554794013,-0.0025495793670415,-0.0064595858566462,0.0279557108879089,-0.0150038078427314,0.0214158613234758,-0.0258949100971221,0.0287637282162904,-0.0059942547231912,0.0180685929954052,0.016255872324109,0.037827294319868,0.0036120540462434,-0.0474284216761589,0.0174807272851467,-0.0133697548881173,0.0050529795698821,0.030369421467185,-0.0005027767037972,-0.0040536066517233,0.0098089342936873,0.0187420640140771,0.0042340764775872,0.0437665693461895,-0.0022321466822177,-0.0111475456506013,0.0136713711544871,-0.0354206450283527,-0.0331044271588325,-0.0264777932316064,0.0005072396015748,-0.0181379150599241,0.0172370169311761,-0.0140088647603988,-0.0069773881696164,-0.0300665199756622,0.0110414670780301,-0.0091664195060729,0.0027302210219204,-0.009364410303533,0.0143563859164714,0.0037026791833341,-0.0070766452699899,-0.0151472901925444,0.0039321663789451,0.0045083076693117,-0.0070990724489092,-0.0387323014438152,-0.0014793237205594,-0.0037777442485094,0.0083950655534863,-0.055555559694767,-0.0195886194705963,0.0318170636892318,0.0049950238317251,0.0168448463082313,0.0114313885569572,-0.0095338141545653,0.0071253296919167,0.0227519012987613,-0.0014638050924986,-0.0069930641911923,0.0100170988589525,0.0217092856764793,-0.0079826274886727,0.0091513590887188,0.0031699847895652,0.0157746858894825,-0.0145843094214797,0.0151558127254247,0.0140601797029376,-0.0160382576286792,-0.0009730215533636,-0.0055959918536245,-0.018748490139842,0.0078962948173284,0.0081886313855648,-0.0128062115982174,-0.0044302311725914,0.0002784272364806,0.0091470684856176,-0.0244499184191227,-0.0088192215189337,-0.0259327739477157,0.0410281717777252,0.0029193367809057,0.0292022693902254,0.034028586000204,-0.0144107397645711,0.0100105656310915,-0.0174987204469373,0.0113426615426084,-0.006433349465274,0.018056301000533,0.0038599519860507,0.0579469746934078,0.027277342570114,0.0781776886849667,0.0494080847409275,0.2125236973957736,0.1155429183711389,0.0521405524398341,2019-02-07,2019-02-08,2019-02-11,2019-02-12,2019-02-13,2019-02-14,2019-02-15,2019-02-19,2019-02-20,2019-02-21,76230.0,2019-02-06,252.0,1.3563%,-0.0005,1.158,0.2474,-0.6008,1.4922%,2.0970%,49.3599%,0.016505,TRMB,76230.0,2019-02-07,252.0,-1.4411%,-0.0004,1.173,0.2285,-0.5988,1.4835%,2.0985%,50.0263%,-0.001076,TRMB,76230.0,2019-02-08,252.0,-0.3133%,-0.0005,1.1749,0.2146,-0.6,1.4803%,2.0971%,50.1740%,-0.008535,TRMB,76230.0,2019-02-11,252.0,1.1262%,-0.0005,1.1884,0.2153,-0.5925,1.4806%,2.0858%,49.6141%,0.009481,TRMB,76230.0,2019-02-12,252.0,0.9583%,-0.0003,1.2117,0.1803,-0.5744,1.4523%,2.0765%,51.0859%,-0.00773,TRMB,76230.0,2019-02-13,252.0,0.0770%,-0.0005,1.1958,0.2062,-0.5703,1.4365%,2.0519%,50.9892%,-0.002429,TRMB,76230.0,2019-02-14,252.0,-0.5127%,-0.0004,1.1989,0.2035,-0.5699,1.4297%,2.0489%,51.3102%,-0.007096,TRMB,76230.0,2019-02-15,252.0,1.0307%,-0.0004,1.1958,0.2006,-0.575,1.4295%,2.0465%,51.2051%,-0.001114,TRMB,76230.0,2019-02-19,252.0,0.4591%,-0.0003,1.2036,0.193,-0.5843,1.4226%,2.0464%,51.6731%,0.003362,TRMB,76230.0,2019-02-20,252.0,1.4978%,-0.0002,1.2088,0.2081,-0.565,1.4250%,2.0478%,51.5754%,0.01538,TRMB,76230.0,2019-02-21,252.0,-0.1501%,-0.0002,1.2062,0.2033,-0.5697,1.4246%,2.0461%,51.5264%,0.001718,TRMB,0.015429,0.006894,0.016375,0.0062159999999999,0.018466
27251,TTM TECHNOLOGIES INC,TTM Technologies Sees FY2019 EPS $0.14-0.20 vs $0.29 Est; Sees Sales $610.0M-650.0M vs $670.63M Est,6,decrease,0.85,0.7,"the company's earnings per share and sales guidance are both significantly below analyst estimates, which is likely to lead to a negative reaction in the stock price.",0,2019-02-06,TTMI,2019-02-06 21:45:00+00:00,88648.0,87305R10,0.0351027250289917,1916354.0,-0.0239867623895406,0.0068965447135269,-0.0084746088832616,0.0078193005174398,0.0239316020160913,0.0026133002247661,0.0166945550590753,-0.002606488764286,-0.0279146265238523,0.0267618373036384,0.0109797390177846,0.0017873510951176,0.0142021784558892,-0.0035618846304714,0.0008236634894274,0.0265082251280546,0.0172839537262916,0.0359847657382488,-0.0080905687063932,-0.0065851076506078,0.0089722396805882,-0.0184672027826309,0.0113177318125963,0.0188146568834781,0.0023980601690709,-0.0102420542389154,-0.0079745119437575,0.0132074886932969,-0.0257234498858451,0.0037878749426454,0.0354785732924938,0.0095602655783295,-0.0462151318788528,0.0057692714035511,-0.0033416843507438,0.01960782520473,-0.0209555737674236,0.0240963622927665,-0.0325342565774917,0.0111674778163433,0.0159291457384824,0.0303347222507,0.0348432585597038,0.0575221739709377,0.0058922301977872,-0.0766087844967842,0.0259414575994014,0.0061665386892855,-0.0285481549799442,0.0093360161408782,0.0226700641214847,0.0083681922405958,-0.0287356618791818,0.0042016762308776,0.002535903127864,0.0347826816141605,-0.0143339019268751,-0.0086206812411546,0.0307956058531999,-0.0200634133070707,-0.0257261749356985,0.0085196932777762,-0.01107326336205,-0.0339506082236766,0.0129199465736746,0.0188679564744234,0.004251716658473,-0.0245398543775081,-0.0008467594161629,-0.0170854348689317,-0.0059322584420442,-0.023552481085062,0.0451833494007587,-0.0009804145665839,-0.0032626395113766,-0.0135396849364042,0.0032733192201703,-0.0095784896984696,-0.0024470379576087,-0.0342276431620121,0.0343417897820472,-0.0348213762044906,0.0063241049647331,-0.0500424206256866,-0.0086409784853458,-0.0084104603156447,0.0087162964046001,0.0127768805250525,0.0007855639560148,-0.0109519893303513,-0.0007849473622627,0.0102127557620406,-0.0164963938295841,-0.0159128624945879,0.0391373597085475,0.0025188692379742,0.0392006300389766,0.0059121362864971,0.0066567454487085,-0.0033670000266283,-0.0117560504004359,-0.0099999904632568,0.011152459308505,-0.0139687815681099,0.010294072329998,0.0192630235105752,-0.0167394131422042,0.0205128006637096,-0.0066617433913052,-0.0159798599779605,0.0029806231614202,-0.0066833687014877,-0.0163447447121143,-0.0164338387548923,-0.0075528267771005,-0.0217041410505771,-0.0829528272151947,-0.0243137590587139,0.0257260967046022,0.011102327145636,-0.0239867623895406,0.0068965447135269,-0.0322580928431752,0.0147697713866137,-0.0090984786668049,0.0174216694582642,-0.0206782467264986,0.0419268748286827,0.0140612128147761,0.0987770620297967,-0.0033085152636009,0.2333685294510719,0.0223324631977734,-0.0737509434423204,2019-02-07,2019-02-08,2019-02-11,2019-02-12,2019-02-13,2019-02-14,2019-02-15,2019-02-19,2019-02-20,2019-02-21,88648.0,2019-02-06,252.0,3.5103%,-0.001,1.022,1.1593,0.0982,2.0374%,2.3928%,27.4995%,0.037338,TTMI,88648.0,2019-02-07,252.0,-2.3987%,-0.001,1.023,1.1634,0.0948,2.0388%,2.3956%,27.5694%,-0.013458,TTMI,88648.0,2019-02-08,252.0,-0.8475%,-0.001,1.0243,1.1714,0.1054,2.0390%,2.3959%,27.5722%,-0.009423,TTMI,88648.0,2019-02-11,252.0,2.3932%,-0.001,1.036,1.1812,0.1169,2.0409%,2.3972%,27.5191%,0.014424,TTMI,88648.0,2019-02-12,252.0,1.6695%,-0.0009,1.0475,1.169,0.1249,2.0383%,2.3990%,27.8070%,0.002467,TTMI,88648.0,2019-02-13,252.0,-2.7915%,-0.0011,1.0366,1.1751,0.1185,2.0456%,2.4011%,27.4182%,-0.031737,TTMI,88648.0,2019-02-14,252.0,1.0980%,-0.0011,1.0347,1.1799,0.113,2.0463%,2.4022%,27.4368%,0.0076339999999999,TTMI,88648.0,2019-02-15,252.0,1.4202%,-0.001,1.0369,1.1819,0.1166,2.0462%,2.4018%,27.4184%,-0.001082,TTMI,88648.0,2019-02-19,252.0,0.0824%,-0.0011,1.0357,1.1799,0.1145,2.0464%,2.4009%,27.3486%,-0.005024,TTMI,88648.0,2019-02-20,252.0,1.7284%,-0.001,1.0392,1.1871,0.1268,2.0480%,2.4033%,27.3785%,0.01199,TTMI,88648.0,2019-02-21,252.0,-0.8091%,-0.0011,1.0473,1.203,0.1416,2.0438%,2.4029%,27.6593%,-0.0032229999999999,TTMI,0.02388,0.014457,0.028881,-0.000389,0.0099059999999999
27259,TTM TECHNOLOGIES INC,"TTM Technologies Q4 EPS $0.52 Beats $0.47 Estimate, Sales $711M Miss $715.71M Estimate",6,uncertain,0.6,0.3,"while ttm technologies beat eps estimates, the miss on sales could lead to mixed reactions from investors, making the overall impact on stock price uncertain.",1,2019-02-06,TTMI,2019-02-06 21:43:00+00:00,88648.0,87305R10,0.0351027250289917,1916354.0,-0.0239867623895406,0.0068965447135269,-0.0084746088832616,0.0078193005174398,0.0239316020160913,0.0026133002247661,0.0166945550590753,-0.002606488764286,-0.0279146265238523,0.0267618373036384,0.0109797390177846,0.0017873510951176,0.0142021784558892,-0.0035618846304714,0.0008236634894274,0.0265082251280546,0.0172839537262916,0.0359847657382488,-0.0080905687063932,-0.0065851076506078,0.0089722396805882,-0.0184672027826309,0.0113177318125963,0.0188146568834781,0.0023980601690709,-0.0102420542389154,-0.0079745119437575,0.0132074886932969,-0.0257234498858451,0.0037878749426454,0.0354785732924938,0.0095602655783295,-0.0462151318788528,0.0057692714035511,-0.0033416843507438,0.01960782520473,-0.0209555737674236,0.0240963622927665,-0.0325342565774917,0.0111674778163433,0.0159291457384824,0.0303347222507,0.0348432585597038,0.0575221739709377,0.0058922301977872,-0.0766087844967842,0.0259414575994014,0.0061665386892855,-0.0285481549799442,0.0093360161408782,0.0226700641214847,0.0083681922405958,-0.0287356618791818,0.0042016762308776,0.002535903127864,0.0347826816141605,-0.0143339019268751,-0.0086206812411546,0.0307956058531999,-0.0200634133070707,-0.0257261749356985,0.0085196932777762,-0.01107326336205,-0.0339506082236766,0.0129199465736746,0.0188679564744234,0.004251716658473,-0.0245398543775081,-0.0008467594161629,-0.0170854348689317,-0.0059322584420442,-0.023552481085062,0.0451833494007587,-0.0009804145665839,-0.0032626395113766,-0.0135396849364042,0.0032733192201703,-0.0095784896984696,-0.0024470379576087,-0.0342276431620121,0.0343417897820472,-0.0348213762044906,0.0063241049647331,-0.0500424206256866,-0.0086409784853458,-0.0084104603156447,0.0087162964046001,0.0127768805250525,0.0007855639560148,-0.0109519893303513,-0.0007849473622627,0.0102127557620406,-0.0164963938295841,-0.0159128624945879,0.0391373597085475,0.0025188692379742,0.0392006300389766,0.0059121362864971,0.0066567454487085,-0.0033670000266283,-0.0117560504004359,-0.0099999904632568,0.011152459308505,-0.0139687815681099,0.010294072329998,0.0192630235105752,-0.0167394131422042,0.0205128006637096,-0.0066617433913052,-0.0159798599779605,0.0029806231614202,-0.0066833687014877,-0.0163447447121143,-0.0164338387548923,-0.0075528267771005,-0.0217041410505771,-0.0829528272151947,-0.0243137590587139,0.0257260967046022,0.011102327145636,-0.0239867623895406,0.0068965447135269,-0.0322580928431752,0.0147697713866137,-0.0090984786668049,0.0174216694582642,-0.0206782467264986,0.0419268748286827,0.0140612128147761,0.0987770620297967,-0.0033085152636009,0.2333685294510719,0.0223324631977734,-0.0737509434423204,2019-02-07,2019-02-08,2019-02-11,2019-02-12,2019-02-13,2019-02-14,2019-02-15,2019-02-19,2019-02-20,2019-02-21,88648.0,2019-02-06,252.0,3.5103%,-0.001,1.022,1.1593,0.0982,2.0374%,2.3928%,27.4995%,0.037338,TTMI,88648.0,2019-02-07,252.0,-2.3987%,-0.001,1.023,1.1634,0.0948,2.0388%,2.3956%,27.5694%,-0.013458,TTMI,88648.0,2019-02-08,252.0,-0.8475%,-0.001,1.0243,1.1714,0.1054,2.0390%,2.3959%,27.5722%,-0.009423,TTMI,88648.0,2019-02-11,252.0,2.3932%,-0.001,1.036,1.1812,0.1169,2.0409%,2.3972%,27.5191%,0.014424,TTMI,88648.0,2019-02-12,252.0,1.6695%,-0.0009,1.0475,1.169,0.1249,2.0383%,2.3990%,27.8070%,0.002467,TTMI,88648.0,2019-02-13,252.0,-2.7915%,-0.0011,1.0366,1.1751,0.1185,2.0456%,2.4011%,27.4182%,-0.031737,TTMI,88648.0,2019-02-14,252.0,1.0980%,-0.0011,1.0347,1.1799,0.113,2.0463%,2.4022%,27.4368%,0.0076339999999999,TTMI,88648.0,2019-02-15,252.0,1.4202%,-0.001,1.0369,1.1819,0.1166,2.0462%,2.4018%,27.4184%,-0.001082,TTMI,88648.0,2019-02-19,252.0,0.0824%,-0.0011,1.0357,1.1799,0.1145,2.0464%,2.4009%,27.3486%,-0.005024,TTMI,88648.0,2019-02-20,252.0,1.7284%,-0.001,1.0392,1.1871,0.1268,2.0480%,2.4033%,27.3785%,0.01199,TTMI,88648.0,2019-02-21,252.0,-0.8091%,-0.0011,1.0473,1.203,0.1416,2.0438%,2.4029%,27.6593%,-0.0032229999999999,TTMI,0.02388,0.014457,0.028881,-0.000389,0.0099059999999999
27267,TWO HARBORS INVESTMENT CORP,Two Harbors Investment Q4 EPS $4.90 Beats $0.47 Estimate,6,increase,0.8,0.7,"the significant earnings per share (eps) beat the estimate by a large margin, which typically indicates strong financial performance and can lead to an increase in stock price.",2,2019-02-06,TWO,2019-02-06 21:43:00+00:00,93070.0,90187B80,-0.0013624290004372,3086926.0,-0.0347885563969612,-0.0027173885609954,-0.0007066625985316,0.0054644756019115,-0.0091937845572829,0.0034270179457962,-0.0014275844441726,0.0048209154047071,-0.0057183648459613,-0.0006881813751533,-0.0057512526400387,0.0090277856215834,0.0043384251184761,-0.0062111909501254,-0.0014399177161976,0.0069492305628955,-0.0043258448131382,0.0084092421457171,-0.0014482589904218,0.0056378352455794,0.0087019493803381,0.004246246535331,0.0,0.0035511499736458,-0.0021567025687545,0.0,-0.0021613640710711,0.0071531031280756,0.0014440075028687,0.0021505185868591,0.0007209970499388,0.0021551533136516,0.0,0.0108932182192802,-0.0021613640710711,0.0029133951757103,0.0007219692924991,0.0043891342356801,0.0014430345036089,0.0014652350218966,0.0014408864080905,0.0156250037252903,0.0079137133434414,0.0151057261973619,0.0014275163412094,0.0192455742508173,0.0035638054832816,0.0116822132840752,0.0035511499736458,-0.0183486063033342,0.004246246535331,0.0149812381714582,0.0049330973997712,0.0037594127934426,-0.0217391587793827,0.0472441241145134,0.0,-0.0386071316897869,-0.0014336562016978,-0.003018865128979,-0.0093323839828372,-0.0398550853133201,-0.000724654237274,-0.0050468416884541,0.0065264794975519,0.0058012995868921,-0.0021613640710711,-0.0281888395547866,0.0108302775770425,-0.0021097529679536,0.0,0.0035285949707031,0.0096082864329218,-0.0077030574902892,-0.0014640925219282,0.0021052444353699,-0.0087976455688476,-0.012474033050239,0.0036981683224439,-0.0006924705812707,-0.0022107393015176,0.0197739917784929,-0.0014770682901144,-0.0166666507720947,-0.0014793237205594,0.0013907861430197,0.0029629601631313,0.0034891967661678,0.0036927761975675,0.0105782523751258,0.0,0.0085348421707749,-0.0036791898310184,-0.0042492537759244,0.0051698447205126,0.002840906381607,0.0066127958707511,0.0007107483106665,0.0,-0.0035410900600254,0.0029197053518146,-0.0098176961764693,0.0065502296201884,-0.0048848357982933,0.003615342779085,0.0042045875452458,-0.0158501639962196,-0.0076494892127811,0.0087847644463181,0.0041899736970663,0.0014514120994135,0.002099351491779,0.0043477872386574,-0.0117565747350454,-0.0036074486561119,0.0126050636172294,-0.0137581843882799,-0.0027932934463024,0.0022026235237717,-0.0317782461643219,-0.0347885563969612,-0.0027173885609954,-0.0354706352238303,0.0027322379374237,-0.0443383104027553,0.0061686193116636,-0.0511596188799633,0.0103235084745618,-0.059345150079922,0.0345314124892146,-0.0497953306828341,0.1477352973641086,-0.0365505962431481,0.0282280419030405,2019-02-07,2019-02-08,2019-02-11,2019-02-12,2019-02-13,2019-02-14,2019-02-15,2019-02-19,2019-02-20,2019-02-21,93070.0,2019-02-06,252.0,-0.1362%,0.0006,0.382,0.2934,0.2501,0.8907%,0.9753%,16.5822%,-0.000735,TWO,93070.0,2019-02-07,252.0,-3.4789%,0.0005,0.3879,0.2998,0.2418,0.9136%,0.9991%,16.3815%,-0.03193,TWO,93070.0,2019-02-08,252.0,-0.0707%,0.0004,0.3882,0.2925,0.238,0.9122%,0.9976%,16.3923%,0.000363,TWO,93070.0,2019-02-11,252.0,-0.9194%,0.0003,0.4076,0.2568,0.2289,0.9093%,0.9988%,17.1121%,-0.012315,TWO,93070.0,2019-02-12,252.0,-0.1428%,0.0002,0.3982,0.2637,0.2228,0.9083%,0.9949%,16.6531%,-0.006734,TWO,93070.0,2019-02-13,252.0,-0.5718%,0.0002,0.3917,0.2717,0.2224,0.9064%,0.9909%,16.3269%,-0.007248,TWO,93070.0,2019-02-14,252.0,-0.5751%,0.0001,0.3926,0.2687,0.2263,0.9065%,0.9910%,16.3200%,-0.005152,TWO,93070.0,2019-02-15,252.0,0.4338%,0.0001,0.389,0.2652,0.2202,0.9065%,0.9891%,16.0207%,-0.001956,TWO,93070.0,2019-02-19,252.0,-0.1440%,0.0,0.3828,0.2705,0.2267,0.9002%,0.9809%,15.7918%,-0.003709,TWO,93070.0,2019-02-20,252.0,-0.4326%,-0.0,0.3803,0.2621,0.217,0.9004%,0.9801%,15.6154%,-0.006995,TWO,93070.0,2019-02-21,252.0,-0.1448%,0.0,0.3736,0.2488,0.2048,0.8932%,0.9705%,15.3025%,0.000541,TWO,-0.032665,-0.032302,-0.044617,-0.0585989999999999,-0.0758699999999999
27275,2 U INC,"2U Reports Strategic Partnership With Keypath Education, 'will expand 2U's ability to deliver degree programs across a broader spectrum of disciplines and sizes'; No Terms Disclosed",6,increase,0.7,0.6,"the strategic partnership with keypath education is likely to enhance 2u's market position and growth potential, which could positively influence investor sentiment and stock price.",2,2019-02-06,TWOU,2019-02-06 14:05:00+00:00,14554.0,90214J10,-0.0024896517861634,479919.0,-0.0039933091029524,0.0179084539413452,0.0101904543116688,0.0461293160915374,0.0200099069625139,-0.0047492813318967,0.0369649603962898,0.0049495985731482,0.0300187338143587,0.0083779189735651,0.0127505157142877,-0.0090090464800596,0.0287769511342048,0.0005302011268213,0.0090326741337776,0.0343693047761917,-0.0153047237545251,-0.0202400330454111,0.0073313787579536,-0.009227979928255,0.0200874079018831,-0.0014177180128172,0.0159816648811101,0.021912332624197,0.0403090305626392,-0.0016271949280053,0.0062103290110826,0.0208564233034849,-0.0111364796757698,0.0431267172098159,-0.0002713248832151,-0.0220297873020172,-0.0525244660675525,0.0016974755562841,-0.0054433071054518,-0.0121110063046217,-0.0272216536104679,-0.0055587003007531,0.003109254874289,0.0125703942030668,-0.0039851902984082,0.0281635615974664,0.0312684178352356,0.0638210698962211,-0.0070412112399935,-0.0183319877833128,0.0001447487156838,-0.0016090472927317,-0.0005788006819784,0.029186500236392,-0.0001448115799576,-0.0014468724839389,-0.006660861428827,0.0166001450270414,-0.0020408073905855,0.0406735315918922,-0.0138766719028353,-0.0093154311180114,0.025181408971548,-0.0936579704284668,-0.0455136783421039,-0.015274572186172,0.0089313350617885,-0.0350745767354965,0.0240059774369001,0.0117025095969438,-0.0017582819564267,-0.043509654700756,0.0532805658876895,-0.0319818556308746,-0.0126812104135751,-0.0439431481063365,0.0165137350559234,0.0126903560012579,0.0051375003531575,0.0226682387292385,0.0138140628114342,0.0192239880561828,-0.0378798022866249,-0.0152831021696329,-0.0076476549729704,0.0144468555226922,-0.0342514850199222,-0.0102877095341682,-0.0214274711906909,-0.0178112853318452,0.0084566222503781,0.0095089767128229,-0.0190176200121641,0.0147368451580405,-0.0007632888155058,0.079136699438095,-0.0085548050701618,-0.0093773445114493,0.0,0.0416097119450569,-0.0417565926909446,-0.0052468026988208,-0.027978740632534,0.0178005862981081,0.0195202697068452,0.0061691817827522,0.0056790276430547,-0.0640714988112449,-0.0020974681247025,-0.0130515238270163,-0.0135812480002641,0.0508016422390937,0.0136043578386306,-0.010890326462686,-0.0037192681338638,-0.0032374437432736,-0.0180165655910968,-0.0313595421612262,-0.0170247741043567,-0.0149009581655263,0.0178240723907947,-0.034900065511465,0.0320502631366252,0.067390538752079,-0.0039933091029524,0.0179084539413452,0.0061564515747503,0.0648638747654537,0.0262895485604941,0.0598065366440188,0.0961730271284637,0.0739750742107989,0.1430948205059194,0.0692103205755862,0.1515807148134376,0.1829962582685493,0.0394343207924268,0.1278547741662727,2019-02-07,2019-02-08,2019-02-11,2019-02-12,2019-02-13,2019-02-14,2019-02-15,2019-02-19,2019-02-20,2019-02-21,14554.0,2019-02-06,252.0,-0.2490%,-0.001,1.0616,0.9411,-1.2001,2.1770%,2.7927%,39.2339%,0.000722,TWOU,14554.0,2019-02-07,252.0,-0.3993%,-0.0009,1.0638,0.9329,-1.1962,2.1776%,2.7926%,39.1943%,0.011684,TWOU,14554.0,2019-02-08,252.0,1.0190%,-0.0009,1.0638,0.926,-1.2008,2.1772%,2.7932%,39.2458%,0.000413,TWOU,14554.0,2019-02-11,252.0,2.0010%,-0.0009,1.0859,0.9266,-1.1889,2.1775%,2.7919%,39.1690%,0.015071,TWOU,14554.0,2019-02-12,252.0,3.6965%,-0.0009,1.0915,0.9346,-1.1874,2.1807%,2.7998%,39.3354%,0.01989,TWOU,14554.0,2019-02-13,252.0,3.0019%,-0.0008,1.0933,0.9429,-1.1791,2.1876%,2.8038%,39.1240%,0.0271329999999999,TWOU,14554.0,2019-02-14,252.0,1.2751%,-0.0009,1.0907,0.9442,-1.1776,2.1817%,2.7977%,39.1869%,0.003204,TWOU,14554.0,2019-02-15,252.0,2.8777%,-0.0008,1.1024,0.957,-1.1557,2.1855%,2.8020%,39.1654%,0.019645,TWOU,14554.0,2019-02-19,252.0,0.9033%,-0.0008,1.1003,0.9673,-1.1438,2.1848%,2.7960%,38.9411%,0.00753,TWOU,14554.0,2019-02-20,252.0,-1.5305%,-0.0008,1.097,0.9608,-1.1553,2.1862%,2.7977%,38.9366%,-0.013333,TWOU,14554.0,2019-02-21,252.0,0.7331%,-0.0008,1.0986,0.9663,-1.1525,2.1860%,2.7980%,38.9593%,0.009306,TWOU,0.012406,0.012819,0.02789,0.074913,0.101265
27283,TRAVELZOO,"Travelzoo Q4 EPS $0.13 Beats $0.07 Estimate, Sales $27.1M Miss $27.7M Estimate",6,uncertain,0.6,0.3,"while travelzoo's earnings per share beat estimates, the sales miss could create mixed reactions among investors, leading to uncertainty in the stock price movement.",1,2019-02-06,TZOO,2019-02-06 13:06:00+00:00,89941.0,89421Q20,0.1445874273777008,243381.0,0.0304232835769653,0.0272162053734064,0.0667523071169853,0.0182105731219053,0.0595667697489261,0.0268292613327503,0.0329358279705047,-0.0024330683518201,-0.0555250234901905,0.016488030552864,-0.0692666172981262,-0.0934230163693428,0.0293933283537626,0.0,-0.1075333878397942,0.0485893301665782,0.00204225233756,0.0257235262542963,-0.0312500037252903,0.0113820638507604,0.0378681607544422,-0.0191387385129928,-0.1412162184715271,0.044999998062849,0.0692368298768997,0.027397233992815,0.0095658656209707,-0.021775484085083,-0.0327988192439079,0.0547703094780445,0.003767839865759,0.0244343429803848,-0.0210210010409355,0.0,0.029908001422882,-0.0203900299966335,-0.0253164656460285,0.034862395375967,-0.0206264667212963,0.1449578851461411,0.0023401472717523,-0.0335025303065776,0.0319066010415554,0.1104848384857178,0.0067873415537178,-0.01988953538239,0.0082396743819117,-0.0793489068746566,0.0133729791268706,0.2380352467298508,0.0366568900644779,0.0153452539816498,0.0530410185456275,-0.0038216221146285,-0.0436534956097602,0.0064102197065949,-0.0301965847611427,-0.0382243506610393,0.001448189956136,-0.0470035895705223,0.0007230823393911,-0.0307516530156135,-0.0252890437841415,-0.0079096769914031,-0.0214974023401737,0.0314685851335525,-0.0136363143101334,0.0792452991008758,-0.0023042000830173,-0.0269278176128864,0.0315627306699752,-0.0108959022909402,-0.0589552223682403,-0.0559999756515026,0.0483743548393249,-0.0234375037252903,0.059757936745882,0.0193401686847209,-0.0349749997258186,-0.0233333371579647,0.0658283531665802,0.0440835393965244,-0.0215128008276224,-0.054824560880661,0.007092157844454,0.0110864108428359,0.0380281656980514,-0.0077007361687719,-0.0067842216230928,-0.0032894443720579,-0.0280055180191993,0.0580046400427818,-0.0028109601698815,-0.0325476936995983,0.0232558771967887,0.0276816338300705,-0.0309917870908975,-0.0170067604631185,-0.0227434039115905,0.0475058928132057,0.0152727300301194,0.0193704403936862,0.0085959807038307,-0.1021738722920418,0.0291193071752786,0.0121011724695563,0.2028985917568207,0.0448276251554489,0.0476190410554409,-0.0147225502878427,-0.0115006016567349,-0.0022599387448281,-0.0265927743166685,-0.0285399872809648,-0.0836653038859367,-0.0520291365683078,-0.0018633966101333,-0.063352882862091,0.0833851993083953,0.0437436737120151,0.0304232835769653,0.0272162053734064,0.0992064150627873,0.0459224011933649,0.164682590495375,0.0739837266287595,0.1362434197526221,0.089035442837178,-0.0568782782408396,0.0739837283307489,-0.0853174441194196,0.5522913846205628,0.1514550392878453,0.3438453784137074,2019-02-07,2019-02-08,2019-02-11,2019-02-12,2019-02-13,2019-02-14,2019-02-15,2019-02-19,2019-02-20,2019-02-21,89941.0,2019-02-06,252.0,14.4587%,0.0044,1.2849,1.9731,-0.4085,4.7401%,5.1071%,13.8564%,0.14781,TZOO,89941.0,2019-02-07,252.0,3.0423%,0.0046,1.2838,1.9565,-0.3968,4.7463%,5.1095%,13.7117%,0.046432,TZOO,89941.0,2019-02-08,252.0,6.6752%,0.0049,1.2734,1.9591,-0.4385,4.7585%,5.1235%,13.7390%,0.0617809999999999,TZOO,89941.0,2019-02-11,252.0,5.9567%,0.0046,1.4406,1.8556,-0.4068,4.7015%,5.1059%,15.2150%,0.045762,TZOO,89941.0,2019-02-12,252.0,3.2936%,0.0047,1.4613,1.8348,-0.3926,4.6983%,5.1072%,15.3727%,0.01218,TZOO,89941.0,2019-02-13,252.0,-5.5525%,0.0043,1.4308,1.8599,-0.404,4.7075%,5.1091%,15.0998%,-0.0605429999999999,TZOO,89941.0,2019-02-14,252.0,-6.9267%,0.0039,1.448,1.8138,-0.3499,4.7315%,5.1245%,14.7505%,-0.078376,TZOO,89941.0,2019-02-15,252.0,2.9393%,0.004,1.4821,1.8451,-0.2936,4.7260%,5.1263%,15.0087%,0.010076,TZOO,89941.0,2019-02-19,252.0,-10.7533%,0.0035,1.4578,1.7721,-0.3738,4.7848%,5.1738%,14.4723%,-0.114919,TZOO,89941.0,2019-02-20,252.0,0.2042%,0.0037,1.4602,1.7969,-0.36,4.7767%,5.1680%,14.5700%,-0.00267,TZOO,89941.0,2019-02-21,252.0,-3.1250%,0.0035,1.4761,1.8229,-0.3306,4.7776%,5.1725%,14.6885%,-0.0255169999999999,TZOO,0.194242,0.256023,0.3017849999999999,0.253422,0.0420159999999999
27291,UNIVERSAL ELECTRONICS INC,Universal Electronics Announces Corporate Restructuring,6,uncertain,0.6,0.5,corporate restructuring can lead to both positive and negative market reactions depending on the perceived effectiveness and potential outcomes of the changes.,1,2019-02-06,UEIC,2019-02-06 12:23:00+00:00,78915.0,91348310,-0.0053003402426838,86206.0,-0.0188276655972003,0.0067591113038361,-0.0130340550094842,-0.0024840203113853,0.0223771315068006,0.000354995689122,-0.0430570766329765,0.0213923193514347,0.0483689159154892,0.0095168463885784,0.028254684060812,-0.0058224108070135,-0.0052173780277371,-0.021715935319662,-0.0059440587647259,0.0068100551143288,0.0193457342684269,0.0032362514175474,0.0131125282496213,0.0079738786444067,0.0582424737513065,-0.025088308379054,0.0952687188982963,0.0114367296919226,-0.0088157290592789,-0.0213361531496048,0.0174918510019779,-0.0038327737711369,-0.0270979106426239,-0.0251358617097139,0.0146751031279563,-0.0248426627367734,-0.015348301269114,0.0230430457741022,-0.0098921414464712,0.0054514426738023,-0.0093853333964943,0.0047929235734045,-0.0146699119359254,0.0020583006553351,-0.0105459690093994,0.0512080825865268,0.0169278681278228,0.0452317669987678,-0.0073982081376016,0.003024571808055,0.0021739033982157,0.0462816469371318,0.004028542432934,0.0301548391580581,0.0382715389132499,0.019526433199644,0.0109987789765,-0.0207485854625701,0.0070567978546023,0.0224625207483768,0.0043796068057417,-0.0175724737346172,0.0406976044178009,-0.0152917932718992,-0.018435750156641,-0.0201104190200567,0.0233352221548557,-0.0412098355591297,0.0158509369939565,0.0208414085209369,0.0134136788547039,-0.0652958005666732,0.0091842291876673,-0.0641459003090858,-0.00562096061185,-0.0234091356396675,0.0193808171898126,0.0157400965690612,-0.0250858403742313,-0.0059920204803347,-0.0165221244096756,-0.0272020157426595,0.0115670105442404,-0.0346983633935451,0.0353933908045291,-0.015692314133048,-0.000262906163698,-0.0682339742779731,-0.006312511395663,0.0116009721532464,0.0174695570021867,-0.0063400925137102,0.0044225282035768,-0.0088545437902212,0.0266769938170909,0.0291004665195941,-0.0244702640920877,-0.0087412362918257,0.001810279674828,0.005566909443587,-0.02116684243083,0.0053019234910607,-0.0060653891414403,0.0170760843902826,-0.0257362015545368,-0.0103764738887548,0.0196077711880207,-0.0183353051543235,-0.0058759991079568,-0.0040579531341791,-0.0110155781731009,0.035724963992834,0.0130399223417043,0.0018045526230707,0.0316438786685466,-0.0564699657261371,-0.0109176496043801,-0.0423912405967712,0.0244415327906608,0.161982923746109,-0.0007695941603742,-0.0347455441951751,0.1145057529211044,0.0039780009537935,-0.0188276655972003,0.0067591113038361,-0.0316163197775906,0.0042583012226851,-0.0099466708162141,0.0046148085903841,-0.0067495755931525,0.0358711411481005,0.0429840496806919,0.0257339284656155,0.2717584236296273,0.1388329466984348,0.5420959230095328,-0.1340269719592609,2019-02-07,2019-02-08,2019-02-11,2019-02-12,2019-02-13,2019-02-14,2019-02-15,2019-02-19,2019-02-20,2019-02-21,78915.0,2019-02-06,252.0,-0.5300%,-0.0011,1.0079,0.3536,0.2316,3.8358%,3.9809%,7.1573%,-0.003347,UEIC,78915.0,2019-02-07,252.0,-1.8828%,-0.0012,1.0074,0.3581,0.229,3.8361%,3.9806%,7.1311%,-0.009998,UEIC,78915.0,2019-02-08,252.0,-1.3034%,-0.0013,1.0098,0.3482,0.2324,3.8357%,3.9806%,7.1442%,-0.01264,UEIC,78915.0,2019-02-11,252.0,2.2377%,-0.0011,1.0045,0.3793,0.2465,3.8374%,3.9753%,6.8192%,0.018031,UEIC,78915.0,2019-02-12,252.0,-4.3057%,-0.0014,0.9748,0.3769,0.2318,3.8531%,3.9834%,6.4361%,-0.056476,UEIC,78915.0,2019-02-13,252.0,4.8369%,-0.0011,0.99,0.3702,0.2419,3.8625%,3.9953%,6.5359%,0.045151,UEIC,78915.0,2019-02-14,252.0,2.8255%,-0.0009,0.9837,0.3874,0.2214,3.8663%,3.9988%,6.5186%,0.029712,UEIC,78915.0,2019-02-15,252.0,-0.5217%,-0.001,0.9719,0.3749,0.1997,3.8679%,3.9975%,6.3799%,-0.018464,UEIC,78915.0,2019-02-19,252.0,-0.5944%,-0.0011,0.9665,0.3749,0.2001,3.8675%,3.9953%,6.2937%,-0.009577,UEIC,78915.0,2019-02-20,252.0,1.9346%,-0.0011,0.9704,0.3806,0.2133,3.8687%,3.9969%,6.3151%,0.015484,UEIC,78915.0,2019-02-21,252.0,1.3113%,-0.001,0.971,0.3858,0.2142,3.8695%,3.9978%,6.3139%,0.01736,UEIC,-0.013345,-0.025985,-0.007954,-0.0192789999999999,0.015236
27299,UNIVERSAL ELECTRONICS INC,UPDATE: Universal Electronics Reports COO Lou Hughes To Step Down; Co. Does Not Mention Replacement,6,decrease,0.7,0.6,"the departure of a coo can create uncertainty about the company's leadership and strategic direction, which may negatively impact investor confidence and lead to a decrease in stock price.",0,2019-02-06,UEIC,2019-02-06 12:15:00+00:00,78915.0,91348310,-0.0053003402426838,86206.0,-0.0188276655972003,0.0067591113038361,-0.0130340550094842,-0.0024840203113853,0.0223771315068006,0.000354995689122,-0.0430570766329765,0.0213923193514347,0.0483689159154892,0.0095168463885784,0.028254684060812,-0.0058224108070135,-0.0052173780277371,-0.021715935319662,-0.0059440587647259,0.0068100551143288,0.0193457342684269,0.0032362514175474,0.0131125282496213,0.0079738786444067,0.0582424737513065,-0.025088308379054,0.0952687188982963,0.0114367296919226,-0.0088157290592789,-0.0213361531496048,0.0174918510019779,-0.0038327737711369,-0.0270979106426239,-0.0251358617097139,0.0146751031279563,-0.0248426627367734,-0.015348301269114,0.0230430457741022,-0.0098921414464712,0.0054514426738023,-0.0093853333964943,0.0047929235734045,-0.0146699119359254,0.0020583006553351,-0.0105459690093994,0.0512080825865268,0.0169278681278228,0.0452317669987678,-0.0073982081376016,0.003024571808055,0.0021739033982157,0.0462816469371318,0.004028542432934,0.0301548391580581,0.0382715389132499,0.019526433199644,0.0109987789765,-0.0207485854625701,0.0070567978546023,0.0224625207483768,0.0043796068057417,-0.0175724737346172,0.0406976044178009,-0.0152917932718992,-0.018435750156641,-0.0201104190200567,0.0233352221548557,-0.0412098355591297,0.0158509369939565,0.0208414085209369,0.0134136788547039,-0.0652958005666732,0.0091842291876673,-0.0641459003090858,-0.00562096061185,-0.0234091356396675,0.0193808171898126,0.0157400965690612,-0.0250858403742313,-0.0059920204803347,-0.0165221244096756,-0.0272020157426595,0.0115670105442404,-0.0346983633935451,0.0353933908045291,-0.015692314133048,-0.000262906163698,-0.0682339742779731,-0.006312511395663,0.0116009721532464,0.0174695570021867,-0.0063400925137102,0.0044225282035768,-0.0088545437902212,0.0266769938170909,0.0291004665195941,-0.0244702640920877,-0.0087412362918257,0.001810279674828,0.005566909443587,-0.02116684243083,0.0053019234910607,-0.0060653891414403,0.0170760843902826,-0.0257362015545368,-0.0103764738887548,0.0196077711880207,-0.0183353051543235,-0.0058759991079568,-0.0040579531341791,-0.0110155781731009,0.035724963992834,0.0130399223417043,0.0018045526230707,0.0316438786685466,-0.0564699657261371,-0.0109176496043801,-0.0423912405967712,0.0244415327906608,0.161982923746109,-0.0007695941603742,-0.0347455441951751,0.1145057529211044,0.0039780009537935,-0.0188276655972003,0.0067591113038361,-0.0316163197775906,0.0042583012226851,-0.0099466708162141,0.0046148085903841,-0.0067495755931525,0.0358711411481005,0.0429840496806919,0.0257339284656155,0.2717584236296273,0.1388329466984348,0.5420959230095328,-0.1340269719592609,2019-02-07,2019-02-08,2019-02-11,2019-02-12,2019-02-13,2019-02-14,2019-02-15,2019-02-19,2019-02-20,2019-02-21,78915.0,2019-02-06,252.0,-0.5300%,-0.0011,1.0079,0.3536,0.2316,3.8358%,3.9809%,7.1573%,-0.003347,UEIC,78915.0,2019-02-07,252.0,-1.8828%,-0.0012,1.0074,0.3581,0.229,3.8361%,3.9806%,7.1311%,-0.009998,UEIC,78915.0,2019-02-08,252.0,-1.3034%,-0.0013,1.0098,0.3482,0.2324,3.8357%,3.9806%,7.1442%,-0.01264,UEIC,78915.0,2019-02-11,252.0,2.2377%,-0.0011,1.0045,0.3793,0.2465,3.8374%,3.9753%,6.8192%,0.018031,UEIC,78915.0,2019-02-12,252.0,-4.3057%,-0.0014,0.9748,0.3769,0.2318,3.8531%,3.9834%,6.4361%,-0.056476,UEIC,78915.0,2019-02-13,252.0,4.8369%,-0.0011,0.99,0.3702,0.2419,3.8625%,3.9953%,6.5359%,0.045151,UEIC,78915.0,2019-02-14,252.0,2.8255%,-0.0009,0.9837,0.3874,0.2214,3.8663%,3.9988%,6.5186%,0.029712,UEIC,78915.0,2019-02-15,252.0,-0.5217%,-0.001,0.9719,0.3749,0.1997,3.8679%,3.9975%,6.3799%,-0.018464,UEIC,78915.0,2019-02-19,252.0,-0.5944%,-0.0011,0.9665,0.3749,0.2001,3.8675%,3.9953%,6.2937%,-0.009577,UEIC,78915.0,2019-02-20,252.0,1.9346%,-0.0011,0.9704,0.3806,0.2133,3.8687%,3.9969%,6.3151%,0.015484,UEIC,78915.0,2019-02-21,252.0,1.3113%,-0.001,0.971,0.3858,0.2142,3.8695%,3.9978%,6.3139%,0.01736,UEIC,-0.013345,-0.025985,-0.007954,-0.0192789999999999,0.015236
27307,UNIVERSAL ELECTRONICS INC,Universal Electronics Outlines 4 Steps In Corporate Restructuring,6,uncertain,0.6,0.3,"corporate restructuring can lead to positive outcomes if executed well, but it also carries risks that may negatively impact investor sentiment.",1,2019-02-06,UEIC,2019-02-06 12:14:00+00:00,78915.0,91348310,-0.0053003402426838,86206.0,-0.0188276655972003,0.0067591113038361,-0.0130340550094842,-0.0024840203113853,0.0223771315068006,0.000354995689122,-0.0430570766329765,0.0213923193514347,0.0483689159154892,0.0095168463885784,0.028254684060812,-0.0058224108070135,-0.0052173780277371,-0.021715935319662,-0.0059440587647259,0.0068100551143288,0.0193457342684269,0.0032362514175474,0.0131125282496213,0.0079738786444067,0.0582424737513065,-0.025088308379054,0.0952687188982963,0.0114367296919226,-0.0088157290592789,-0.0213361531496048,0.0174918510019779,-0.0038327737711369,-0.0270979106426239,-0.0251358617097139,0.0146751031279563,-0.0248426627367734,-0.015348301269114,0.0230430457741022,-0.0098921414464712,0.0054514426738023,-0.0093853333964943,0.0047929235734045,-0.0146699119359254,0.0020583006553351,-0.0105459690093994,0.0512080825865268,0.0169278681278228,0.0452317669987678,-0.0073982081376016,0.003024571808055,0.0021739033982157,0.0462816469371318,0.004028542432934,0.0301548391580581,0.0382715389132499,0.019526433199644,0.0109987789765,-0.0207485854625701,0.0070567978546023,0.0224625207483768,0.0043796068057417,-0.0175724737346172,0.0406976044178009,-0.0152917932718992,-0.018435750156641,-0.0201104190200567,0.0233352221548557,-0.0412098355591297,0.0158509369939565,0.0208414085209369,0.0134136788547039,-0.0652958005666732,0.0091842291876673,-0.0641459003090858,-0.00562096061185,-0.0234091356396675,0.0193808171898126,0.0157400965690612,-0.0250858403742313,-0.0059920204803347,-0.0165221244096756,-0.0272020157426595,0.0115670105442404,-0.0346983633935451,0.0353933908045291,-0.015692314133048,-0.000262906163698,-0.0682339742779731,-0.006312511395663,0.0116009721532464,0.0174695570021867,-0.0063400925137102,0.0044225282035768,-0.0088545437902212,0.0266769938170909,0.0291004665195941,-0.0244702640920877,-0.0087412362918257,0.001810279674828,0.005566909443587,-0.02116684243083,0.0053019234910607,-0.0060653891414403,0.0170760843902826,-0.0257362015545368,-0.0103764738887548,0.0196077711880207,-0.0183353051543235,-0.0058759991079568,-0.0040579531341791,-0.0110155781731009,0.035724963992834,0.0130399223417043,0.0018045526230707,0.0316438786685466,-0.0564699657261371,-0.0109176496043801,-0.0423912405967712,0.0244415327906608,0.161982923746109,-0.0007695941603742,-0.0347455441951751,0.1145057529211044,0.0039780009537935,-0.0188276655972003,0.0067591113038361,-0.0316163197775906,0.0042583012226851,-0.0099466708162141,0.0046148085903841,-0.0067495755931525,0.0358711411481005,0.0429840496806919,0.0257339284656155,0.2717584236296273,0.1388329466984348,0.5420959230095328,-0.1340269719592609,2019-02-07,2019-02-08,2019-02-11,2019-02-12,2019-02-13,2019-02-14,2019-02-15,2019-02-19,2019-02-20,2019-02-21,78915.0,2019-02-06,252.0,-0.5300%,-0.0011,1.0079,0.3536,0.2316,3.8358%,3.9809%,7.1573%,-0.003347,UEIC,78915.0,2019-02-07,252.0,-1.8828%,-0.0012,1.0074,0.3581,0.229,3.8361%,3.9806%,7.1311%,-0.009998,UEIC,78915.0,2019-02-08,252.0,-1.3034%,-0.0013,1.0098,0.3482,0.2324,3.8357%,3.9806%,7.1442%,-0.01264,UEIC,78915.0,2019-02-11,252.0,2.2377%,-0.0011,1.0045,0.3793,0.2465,3.8374%,3.9753%,6.8192%,0.018031,UEIC,78915.0,2019-02-12,252.0,-4.3057%,-0.0014,0.9748,0.3769,0.2318,3.8531%,3.9834%,6.4361%,-0.056476,UEIC,78915.0,2019-02-13,252.0,4.8369%,-0.0011,0.99,0.3702,0.2419,3.8625%,3.9953%,6.5359%,0.045151,UEIC,78915.0,2019-02-14,252.0,2.8255%,-0.0009,0.9837,0.3874,0.2214,3.8663%,3.9988%,6.5186%,0.029712,UEIC,78915.0,2019-02-15,252.0,-0.5217%,-0.001,0.9719,0.3749,0.1997,3.8679%,3.9975%,6.3799%,-0.018464,UEIC,78915.0,2019-02-19,252.0,-0.5944%,-0.0011,0.9665,0.3749,0.2001,3.8675%,3.9953%,6.2937%,-0.009577,UEIC,78915.0,2019-02-20,252.0,1.9346%,-0.0011,0.9704,0.3806,0.2133,3.8687%,3.9969%,6.3151%,0.015484,UEIC,78915.0,2019-02-21,252.0,1.3113%,-0.001,0.971,0.3858,0.2142,3.8695%,3.9978%,6.3139%,0.01736,UEIC,-0.013345,-0.025985,-0.007954,-0.0192789999999999,0.015236
27315,U G I CORP NEW,"UGI Group shares are trading lower after the company reported Q1 EPS $1.01, missing $1.09 estimate and sales of $2.2 billion, missing the $2.21 billion analyst estimate.",6,decrease,0.8,0.7,"the company missed both eps and sales estimates, which typically leads to negative investor sentiment and a decline in stock price.",0,2019-02-06,UGI,2019-02-06 18:23:00+00:00,17929.0,90268110,-0.0825429782271385,2078056.0,0.0061255684122443,0.0049417363479733,0.0123667754232883,-0.0070101912133395,-0.0086449747905135,0.0005260844482108,-0.0096682142466306,0.013866645283997,0.0145482067018747,0.0142445173114538,0.0005660147289745,-0.0035932583268731,0.0077314702793955,-0.0051832157187163,0.0018713003955781,-0.0104350931942462,-0.0014942440902814,0.0163580775260925,0.0056116580963134,0.0,0.0111607573926448,0.0072424681857228,0.0068064555525779,-0.002168002538383,-0.0025580008514225,0.0113283200189471,0.0095255626365542,0.009033883921802,-0.0038105440326035,0.0121291568502783,-0.0072860019281506,-0.0136204976588487,0.0073394775390625,-0.0127202793955802,-0.0065573877654969,0.0186967477202415,-0.0089842621237039,-0.0102601936087012,0.0090657109394669,0.0075688329525291,0.0009167443495243,0.0020347167737782,0.0051291221752762,0.0217350497841835,-0.0034627050627022,0.0124378409236669,0.006035076919943,-0.0204311180859804,0.0009089421364478,0.0167714357376098,0.0036496489774435,0.0003813242656178,0.0029090880416333,0.0055598337203264,-0.0072516594082117,0.0040423306636512,-0.0049305451102554,-0.0694967061281204,0.0222058910876512,0.0012554432032629,-0.0001795715652406,0.0075894137844443,0.0048482753336429,0.0105917062610387,0.0078628025949001,-0.0081507116556167,-0.0023049833253026,-0.0359699912369251,-0.0143949063494801,-0.0130966454744339,-0.0007212570635601,-0.0025667326990514,-0.0005412988248281,-0.0020492272451519,-0.0734789595007896,-0.0034036240540444,0.0189010370522737,-0.0033921431750059,0.0040160468779504,0.0068305619060993,0.0100952144712209,0.0065314723178744,-0.0001885408564703,0.0102448370307683,0.001508827204816,0.0024368909653276,-0.0043314415961503,0.0119781624525785,0.0001891835854621,-0.0043844264000654,0.0058622835204005,0.0014050198951736,-0.0022560432553291,0.0017592975636944,-0.0054644979536533,0.0069087580777704,-0.0083364648744463,-0.0047602336853742,0.0032479588408023,0.0035385838709771,0.0038088129367679,-0.0124060651287436,0.008916737511754,0.0052696159109473,0.0110943987965583,-0.001052840379998,-0.0005579092539846,0.001405760529451,0.0007442705682478,-0.0177769903093576,-0.0050204624421894,0.025123817846179,0.0186880957335233,0.0087453452870249,-0.0080718882381916,0.0121025675907731,-0.0025892248377203,-0.0048535042442381,0.0144631704315543,0.0092525789514184,0.0061255684122443,0.0049417363479733,0.0185680973644268,-0.0021030973820914,0.00976260184029,-0.0015781193407063,0.0145482073790481,0.0266858924382407,0.0290964140005498,0.0235484011296436,0.0712915218127836,0.0211621270453172,0.0522505837354374,0.0376472391895661,2019-02-07,2019-02-08,2019-02-11,2019-02-12,2019-02-13,2019-02-14,2019-02-15,2019-02-19,2019-02-20,2019-02-21,17929.0,2019-02-06,252.0,-8.2543%,0.0007,0.292,-0.2316,0.0528,1.1660%,1.2127%,7.5553%,-0.0820589999999999,UGI,17929.0,2019-02-07,252.0,0.6126%,0.0008,0.3015,-0.2471,0.0564,1.1602%,1.2100%,8.0685%,0.008234,UGI,17929.0,2019-02-08,252.0,1.2367%,0.0009,0.299,-0.2348,0.054,1.1579%,1.2064%,7.8834%,0.0125079999999999,UGI,17929.0,2019-02-11,252.0,-0.8645%,0.0009,0.2857,-0.2338,0.0475,1.1577%,1.2003%,6.9684%,-0.007738,UGI,17929.0,2019-02-12,252.0,-0.9668%,0.0007,0.2612,-0.2131,0.0314,1.1468%,1.1830%,6.0206%,-0.013526,UGI,17929.0,2019-02-13,252.0,1.4548%,0.0009,0.2732,-0.228,0.0319,1.1415%,1.1811%,6.5915%,0.013823,UGI,17929.0,2019-02-14,252.0,0.0566%,0.0009,0.2728,-0.2272,0.0311,1.1415%,1.1811%,6.5813%,0.00241,UGI,17929.0,2019-02-15,252.0,0.7731%,0.0009,0.2822,-0.2182,0.0471,1.1406%,1.1815%,6.7989%,0.004968,UGI,17929.0,2019-02-19,252.0,0.1871%,0.0009,0.2799,-0.2143,0.0518,1.1396%,1.1794%,6.6369%,0.001727,UGI,17929.0,2019-02-20,252.0,-0.1494%,0.0009,0.2793,-0.2146,0.0499,1.1396%,1.1793%,6.6234%,-0.001939,UGI,17929.0,2019-02-21,252.0,0.5612%,0.001,0.2741,-0.224,0.0403,1.1381%,1.1773%,6.5512%,0.00651,UGI,-0.0738249999999999,-0.0613169999999999,-0.0690549999999999,-0.0687579999999999,-0.0550819999999999
27323,USANA HEALTH SCIENCES INC,"Usana Health Science shares are trading lower after the company reported Q4 EPS $1.32 missing $1.33 estimate, sales of $299 million missing $307.69 million estimates, and issued FY19 guidance below consensus estimates.",6,decrease,0.8,0.7,"the company's earnings and sales missed estimates, and the guidance for fy19 is below consensus, which typically leads to a decline in stock price.",0,2019-02-06,USNA,2019-02-06 18:21:00+00:00,84010.0,90328M10,-0.1227067559957504,518001.0,0.0091431038454175,0.0097363851964473,0.0458795391023159,0.0161982178688049,0.0192608628422021,-0.0246797557920217,0.02531648427248,0.0190583486109972,-0.0386243797838687,-0.0047635147348046,-0.0198128428310155,0.0071528237313032,-0.0170316267758607,0.0016601349925622,0.0066640987060964,-0.0033960239961743,-0.0592963583767414,-0.0087181888520717,0.0394088476896286,0.0027698406483978,0.001644241856411,-0.0289148725569248,-0.025685554370284,0.0200634822249412,-0.0101090613752603,-0.0031624166294932,-0.0156187182292342,-0.0085586151108145,0.0018307598074898,0.0342682190239429,-0.004162473604083,-0.0072218030691146,0.0176368989050388,-0.0026900169905275,-0.0080144563689827,0.0038327074144035,-0.0157543681561946,0.0059586423449218,-0.0252411160618066,-0.0183225572109222,-0.0001052856459864,-0.0012886729091405,0.0064217350445687,0.0360480919480323,-0.0172594301402568,-0.0360360741615295,0.0005322304787114,-0.0100229363888502,-0.0172340720891952,0.0240953750908374,-0.0038969540037214,-0.0029488634318113,-0.0077157043851912,0.0177420973777771,0.0010952372103929,0.0303774811327457,-0.0456187017261982,-0.0353571362793445,0.0132966954261064,-0.0094724632799625,-0.0248869284987449,0.0075299940072,0.008584750816226,-0.0436275266110897,-0.0029905927367508,0.0199863016605377,-0.0294185858219862,-0.0303933601826429,-0.009865615516901,-0.0177336726337671,0.0068427333608269,-0.0139568289741873,0.0072731678374111,0.0280366260558366,-0.0039062714204192,0.0090696979314088,-0.0344622880220413,0.0007494709570892,0.0174769014120101,-0.0053834812715649,0.0185073036700487,0.0120703671127557,0.0165083073079586,-0.0139680542051792,-0.0008178490097634,-0.0113580599427223,0.0230355616658926,0.0092363115400075,-0.0088009675964713,0.0024801839608699,-0.0189114324748516,0.0059880344197154,-0.0042313188314437,0.0026684431359171,-0.0040132668800652,0.0031788293272256,-0.012562190182507,0.0009210467105731,-0.0115218320861458,-0.0029220110736787,-0.0069208317436277,-0.0015837495448067,0.0073358411900699,-0.0026602351572364,-0.0093457540497183,-0.0039744619280099,-0.0094340145587921,0.009444979019463,0.0256029646843671,-0.0050727701745927,0.0072358716279268,0.0040077096782624,-0.0007183615816757,0.0017564326990395,0.0944164544343948,0.0242439322173595,-0.04926647990942,-0.0189931467175483,-0.0173882376402616,0.012594636529684,0.0091431038454175,0.0097363851964473,0.0554421243381257,0.0260923151539189,0.0757708503328848,0.0007686073958499,0.0604026794830929,0.014983573884842,0.0056414927779342,0.014368594612359,-0.140161425330063,0.0184235921267705,-0.1700223339625279,-0.0027231702520221,2019-02-07,2019-02-08,2019-02-11,2019-02-12,2019-02-13,2019-02-14,2019-02-15,2019-02-19,2019-02-20,2019-02-21,84010.0,2019-02-06,252.0,-12.2707%,0.0014,0.5367,0.0066,-0.3866,2.4157%,2.5199%,8.0998%,-0.1213369999999999,USNA,84010.0,2019-02-07,252.0,0.9143%,0.0016,0.542,-0.0063,-0.3818,2.4154%,2.5201%,8.1362%,0.01555,USNA,84010.0,2019-02-08,252.0,4.5880%,0.0015,0.5367,-0.0728,-0.4481,2.3971%,2.5079%,8.6403%,0.042661,USNA,84010.0,2019-02-11,252.0,1.9261%,0.0015,0.5532,-0.0634,-0.4344,2.3991%,2.5089%,8.5656%,0.01992,USNA,84010.0,2019-02-12,252.0,2.5316%,0.0015,0.5522,-0.0509,-0.4371,2.3990%,2.5093%,8.5932%,0.016967,USNA,84010.0,2019-02-13,252.0,-3.8624%,0.0014,0.5539,-0.0705,-0.4506,2.4108%,2.5217%,8.6038%,-0.039934,USNA,84010.0,2019-02-14,252.0,-1.9813%,0.0013,0.5594,-0.0825,-0.4378,2.4148%,2.5254%,8.5661%,-0.020997,USNA,84010.0,2019-02-15,252.0,-1.7032%,0.0012,0.5485,-0.0947,-0.4586,2.4187%,2.5281%,8.4688%,-0.021145,USNA,84010.0,2019-02-19,252.0,0.6664%,0.0013,0.5486,-0.0895,-0.4528,2.4189%,2.5270%,8.3738%,0.0071719999999999,USNA,84010.0,2019-02-20,252.0,-5.9296%,0.001,0.5319,-0.1281,-0.5126,2.4469%,2.5559%,8.3445%,-0.057752,USNA,84010.0,2019-02-21,252.0,3.9409%,0.0012,0.5198,-0.1442,-0.5352,2.4586%,2.5662%,8.2146%,0.040008,USNA,-0.1057869999999999,-0.0631259999999999,-0.0432059999999999,-0.0661729999999999,-0.1188869999999999
27331,VALE S A,Vale's Dam's Drainage Systems Found To Be Faulty In Places,6,decrease,0.8,0.7,"the discovery of faulty drainage systems in vale's dams raises concerns about safety and regulatory compliance, likely leading to a negative impact on investor confidence and stock price.",0,2019-02-06,VALE,2019-02-06 20:37:00+00:00,89330.0,91912E10,-0.0619322881102562,67720761.0,-0.0167253147810697,-0.003292178036645,0.0196956377476453,-0.0334128960967063,-0.0149253793060779,0.0104501703754067,0.0561497397720813,-0.011914262548089,0.0126581955701112,0.0966899544000625,0.011666695587337,0.024999976158142,0.0156507063657045,-0.1800878494977951,-0.0113544482737779,-0.0807536914944648,0.0032813751604408,0.007457603700459,-0.0163532141596078,0.0207612589001655,0.039069015532732,-0.0109513932839036,0.0040000150911509,0.0096751479431986,-0.0023904170375317,0.0255138631910085,-0.002396220806986,0.0035561334807425,-0.0008006588323041,-0.0049539767205715,-0.0072114747017621,0.001417466904968,0.002421285957098,-0.0201388876885175,0.0193236526101827,-0.0075810207054018,-0.0134281264618039,0.032005675137043,0.0088070947676897,0.0166305489838123,-0.0007936689071357,-0.0135521059855818,0.0317712165415287,0.0927514061331749,0.0046189702115952,-0.0475130155682563,0.0176244862377643,0.0212282557040453,-0.0097891651093959,0.013056768104434,0.003802296007052,0.0023095216602087,0.0060606002807617,-0.0061208819970488,0.0316265113651752,0.0373015329241752,-0.0153284696862101,-0.023255756124854,-0.0022238497622311,-0.0030911872163414,-0.0475483164191246,0.01649646833539,0.0031201220117509,-0.0348749086260795,0.012441742233932,0.012279343791306,-0.0268817488104105,0.0054012108594179,-0.0031570608261972,-0.006134963594377,0.0340459458529949,0.0015360601246356,0.0398161932826042,0.0007686570752412,-0.0081001222133636,0.0116641195490956,-0.0096510844305157,-0.0213090311735868,0.0097451359033584,-0.0288247894495725,-0.0059391180984675,-0.0051471064798533,0.0321134701371192,-0.0340908765792846,-0.0180897247046232,0.0277372356504201,-0.0007368662627413,0.0170749463140964,-0.0117994686588645,-0.0036982388701289,-0.011940287426114,0.0488751046359539,0.0030211452394723,0.010980418883264,0.0218373462557792,-0.0384615547955036,-0.0221075341105461,-0.0759581997990608,0.003767839865759,0.0199005473405122,-0.0195194650441408,-0.0441576465964317,0.0084226382896304,-0.0167000666260719,-0.0463173612952232,0.0026791668497025,0.0095541309565305,0.02752928994596,0.011040961369872,-0.0047945650294423,-0.0031201220117509,0.0096819046884775,0.0,-0.0095890639349818,-0.0312988758087158,-0.0375741384923458,-0.0016155458288267,-0.0097910976037383,0.0347896702587604,0.0019620491657406,-0.0167253147810697,-0.003292178036645,0.0026409072254323,-0.0365950729306812,-0.0123238886226973,-0.0265273273023005,0.0563380605173196,0.0548780617247328,0.0589788829128108,-0.1619377270428106,0.1848591933860388,-0.0641421893745736,0.1258803162906794,-0.2079790909707763,2019-02-07,2019-02-08,2019-02-11,2019-02-12,2019-02-13,2019-02-14,2019-02-15,2019-02-19,2019-02-20,2019-02-21,89330.0,2019-02-06,252.0,-6.1932%,0.0,1.2581,-0.2227,0.3037,2.4283%,2.7642%,22.8255%,-0.0596089999999999,VALE,89330.0,2019-02-07,252.0,-1.6725%,-0.0001,1.2409,-0.1979,0.2993,2.4199%,2.7451%,22.2893%,-0.006599,VALE,89330.0,2019-02-08,252.0,1.9696%,0.0001,1.2368,-0.183,0.2915,2.4195%,2.7427%,22.1774%,0.0206429999999999,VALE,89330.0,2019-02-11,252.0,-1.4925%,-0.0001,1.2574,-0.2246,0.2798,2.4188%,2.7388%,21.9994%,-0.01622,VALE,89330.0,2019-02-12,252.0,5.6150%,-0.0,1.2632,-0.2031,0.2789,2.4262%,2.7472%,22.0044%,0.039469,VALE,89330.0,2019-02-13,252.0,1.2658%,0.0,1.2668,-0.2056,0.2806,2.4267%,2.7473%,21.9775%,0.008948,VALE,89330.0,2019-02-14,252.0,1.1667%,0.0,1.262,-0.1969,0.2724,2.4278%,2.7466%,21.8649%,0.0169239999999999,VALE,89330.0,2019-02-15,252.0,1.5651%,-0.0001,1.2332,-0.2227,0.2257,2.4175%,2.7264%,21.3732%,0.000474,VALE,89330.0,2019-02-19,252.0,-1.1354%,-0.0002,1.2318,-0.2331,0.2141,2.4189%,2.7267%,21.3019%,-0.013829,VALE,89330.0,2019-02-20,252.0,0.3281%,-0.0002,1.232,-0.2326,0.2146,2.4189%,2.7267%,21.3064%,0.000176,VALE,89330.0,2019-02-21,252.0,-1.6353%,-0.0002,1.2337,-0.2316,0.2179,2.4199%,2.7280%,21.3117%,-0.011564,VALE,-0.0662079999999999,-0.0455649999999999,-0.0617849999999999,-0.0133679999999999,-0.0211869999999999
27339,VANDA PHARMACEUTICALS INC,Vanda Pharmaceuticals shares are trading lower after Cantor Fitzgerald downgraded the stock from overweight to neutral.,6,decrease,0.8,0.7,"a downgrade from overweight to neutral typically signals reduced confidence in the stock's performance, likely leading to a decrease in its price.",0,2019-02-06,VNDA,2019-02-06 14:40:00+00:00,91186.0,92165910,-0.1995211541652679,3055365.0,-0.0533399656414985,-0.0094861574470996,-0.0021063196472823,-0.0343512035906314,-0.0501319654285907,-0.0342793390154838,0.0227777697145938,-0.0379433184862136,0.0005431954632513,-0.0115667693316936,0.0922910273075103,-0.0128027312457561,0.0492047592997551,-0.0302013307809829,-0.0459498427808284,0.0322133153676986,0.010923596099019,0.0024306112900376,-0.0162082463502883,-0.0409590899944305,0.0384422615170478,-0.032850194722414,-0.0076923007145524,0.00746267195791,-0.023255793377757,0.0215445682406425,0.0228175092488527,0.0300443544983863,-0.018428761512041,0.0438346937298774,-0.0009881649166345,-0.0270457938313484,-0.0187932327389717,-0.0017306762747466,-0.0045362981036305,0.0172535125166177,-0.0303797665983438,-0.0210272520780563,-0.0208877082914114,0.0108013749122619,-0.0090666711330413,0.0342342630028724,0.0215285047888755,0.066897340118885,-0.0057955062948167,-0.0373797267675399,0.0100688189268112,0.0340605191886425,-0.0220356807112693,0.0183164197951555,-0.0187767427414655,0.0015612414572387,-0.0038273152895271,-0.0127167599275708,0.0071350755169987,0.0912531539797782,-0.024523202329874,-0.009166638366878,0.0301676504313945,-0.0163934268057346,-0.0460954643785953,-0.0093381870537996,0.0096645867452025,-0.0179426148533821,0.0225225016474723,-0.0267753396183252,0.0104625849053263,-0.0179115589708089,0.0234332587569952,0.0034416883718222,-0.0202343482524156,-0.0161775890737772,-0.0021738591603934,-0.0213549304753541,-0.0103486124426126,-0.0526683032512664,0.0071546044200658,0.0387681052088737,0.0163935050368309,-0.0618626661598682,0.013440859504044,0.0165860243141651,-0.0228116866201162,-0.0803939923644065,-0.0266015082597732,0.2567890584468842,-0.0016732116928324,0.0166464373469352,-0.0195530951023101,0.0241164211183786,0.0068376548588275,0.031303584575653,-0.0147142177447676,-0.0271172150969505,0.0005743957008235,-0.0196319613605737,-0.0447761602699756,0.0157873313874006,0.000600975297857,0.0143278613686561,0.0084084868431091,0.0055084391497075,0.0309707280248403,-0.0117252422496676,-0.0283073242753744,0.0020981635898351,-0.0118905389681458,0.0662192180752754,0.0324909128248691,-0.0097474223002791,0.0017482917755842,-0.0022104836534708,-0.0523559972643852,-0.0499789454042911,-0.0178023874759674,0.014919027686119,-0.0131250023841857,0.1471881717443466,0.0063331462442874,0.0169070176780223,-0.0533399656414985,-0.0094861574470996,-0.0553339342711648,-0.043511500111973,-0.1026919008198457,-0.0762992936640463,-0.0817547076883118,-0.1216264014966376,-0.0014954517654823,-0.1655012061754137,-0.0807576769586452,0.0270491772814016,-0.2078763362796014,0.2461461186712414,2019-02-07,2019-02-08,2019-02-11,2019-02-12,2019-02-13,2019-02-14,2019-02-15,2019-02-19,2019-02-20,2019-02-21,91186.0,2019-02-06,252.0,-19.9521%,0.001,1.0098,0.8073,-0.7469,3.2095%,3.5288%,17.2756%,-0.1968039999999999,VNDA,91186.0,2019-02-07,252.0,-5.3340%,0.0009,1.0235,0.8075,-0.7564,3.2197%,3.5454%,17.5257%,-0.040086,VNDA,91186.0,2019-02-08,252.0,-0.2106%,0.0008,1.0254,0.8036,-0.7512,3.2200%,3.5453%,17.5075%,-0.008751,VNDA,91186.0,2019-02-11,252.0,-5.0132%,0.0005,1.0225,0.7305,-0.7924,3.2389%,3.5551%,17.0009%,-0.055243,VNDA,91186.0,2019-02-12,252.0,2.2778%,0.0005,1.0189,0.74,-0.7959,3.2382%,3.5555%,17.0498%,0.007279,VNDA,91186.0,2019-02-13,252.0,0.0543%,0.0006,1.0253,0.7279,-0.7987,3.2369%,3.5554%,17.1166%,-0.002296,VNDA,91186.0,2019-02-14,252.0,9.2291%,0.0008,1.0047,0.774,-0.848,3.2804%,3.6002%,16.9749%,0.0859259999999999,VNDA,91186.0,2019-02-15,252.0,4.9205%,0.0011,1.0424,0.8121,-0.7812,3.2881%,3.6126%,17.1597%,0.039888,VNDA,91186.0,2019-02-19,252.0,-4.5950%,0.0007,1.017,0.8035,-0.7887,3.2880%,3.6020%,16.6738%,-0.048042,VNDA,91186.0,2019-02-20,252.0,1.0924%,0.0007,1.0191,0.8043,-0.7822,3.2882%,3.6019%,16.6591%,0.0114609999999999,VNDA,91186.0,2019-02-21,252.0,-1.6208%,0.0006,1.0291,0.8214,-0.7638,3.2874%,3.6030%,16.7504%,-0.013773,VNDA,-0.23689,-0.245641,-0.300884,-0.295901,-0.220441
27347,VANDA PHARMACEUTICALS INC,Cantor Fitzgerald Downgrades Vanda Pharmaceuticals to Neutral,6,decrease,0.8,0.7,"a downgrade from a financial analyst typically signals reduced expectations for a company's performance, which can lead to a decrease in stock price.",0,2019-02-06,VNDA,2019-02-06 12:41:00+00:00,91186.0,92165910,-0.1995211541652679,3055365.0,-0.0533399656414985,-0.0094861574470996,-0.0021063196472823,-0.0343512035906314,-0.0501319654285907,-0.0342793390154838,0.0227777697145938,-0.0379433184862136,0.0005431954632513,-0.0115667693316936,0.0922910273075103,-0.0128027312457561,0.0492047592997551,-0.0302013307809829,-0.0459498427808284,0.0322133153676986,0.010923596099019,0.0024306112900376,-0.0162082463502883,-0.0409590899944305,0.0384422615170478,-0.032850194722414,-0.0076923007145524,0.00746267195791,-0.023255793377757,0.0215445682406425,0.0228175092488527,0.0300443544983863,-0.018428761512041,0.0438346937298774,-0.0009881649166345,-0.0270457938313484,-0.0187932327389717,-0.0017306762747466,-0.0045362981036305,0.0172535125166177,-0.0303797665983438,-0.0210272520780563,-0.0208877082914114,0.0108013749122619,-0.0090666711330413,0.0342342630028724,0.0215285047888755,0.066897340118885,-0.0057955062948167,-0.0373797267675399,0.0100688189268112,0.0340605191886425,-0.0220356807112693,0.0183164197951555,-0.0187767427414655,0.0015612414572387,-0.0038273152895271,-0.0127167599275708,0.0071350755169987,0.0912531539797782,-0.024523202329874,-0.009166638366878,0.0301676504313945,-0.0163934268057346,-0.0460954643785953,-0.0093381870537996,0.0096645867452025,-0.0179426148533821,0.0225225016474723,-0.0267753396183252,0.0104625849053263,-0.0179115589708089,0.0234332587569952,0.0034416883718222,-0.0202343482524156,-0.0161775890737772,-0.0021738591603934,-0.0213549304753541,-0.0103486124426126,-0.0526683032512664,0.0071546044200658,0.0387681052088737,0.0163935050368309,-0.0618626661598682,0.013440859504044,0.0165860243141651,-0.0228116866201162,-0.0803939923644065,-0.0266015082597732,0.2567890584468842,-0.0016732116928324,0.0166464373469352,-0.0195530951023101,0.0241164211183786,0.0068376548588275,0.031303584575653,-0.0147142177447676,-0.0271172150969505,0.0005743957008235,-0.0196319613605737,-0.0447761602699756,0.0157873313874006,0.000600975297857,0.0143278613686561,0.0084084868431091,0.0055084391497075,0.0309707280248403,-0.0117252422496676,-0.0283073242753744,0.0020981635898351,-0.0118905389681458,0.0662192180752754,0.0324909128248691,-0.0097474223002791,0.0017482917755842,-0.0022104836534708,-0.0523559972643852,-0.0499789454042911,-0.0178023874759674,0.014919027686119,-0.0131250023841857,0.1471881717443466,0.0063331462442874,0.0169070176780223,-0.0533399656414985,-0.0094861574470996,-0.0553339342711648,-0.043511500111973,-0.1026919008198457,-0.0762992936640463,-0.0817547076883118,-0.1216264014966376,-0.0014954517654823,-0.1655012061754137,-0.0807576769586452,0.0270491772814016,-0.2078763362796014,0.2461461186712414,2019-02-07,2019-02-08,2019-02-11,2019-02-12,2019-02-13,2019-02-14,2019-02-15,2019-02-19,2019-02-20,2019-02-21,91186.0,2019-02-06,252.0,-19.9521%,0.001,1.0098,0.8073,-0.7469,3.2095%,3.5288%,17.2756%,-0.1968039999999999,VNDA,91186.0,2019-02-07,252.0,-5.3340%,0.0009,1.0235,0.8075,-0.7564,3.2197%,3.5454%,17.5257%,-0.040086,VNDA,91186.0,2019-02-08,252.0,-0.2106%,0.0008,1.0254,0.8036,-0.7512,3.2200%,3.5453%,17.5075%,-0.008751,VNDA,91186.0,2019-02-11,252.0,-5.0132%,0.0005,1.0225,0.7305,-0.7924,3.2389%,3.5551%,17.0009%,-0.055243,VNDA,91186.0,2019-02-12,252.0,2.2778%,0.0005,1.0189,0.74,-0.7959,3.2382%,3.5555%,17.0498%,0.007279,VNDA,91186.0,2019-02-13,252.0,0.0543%,0.0006,1.0253,0.7279,-0.7987,3.2369%,3.5554%,17.1166%,-0.002296,VNDA,91186.0,2019-02-14,252.0,9.2291%,0.0008,1.0047,0.774,-0.848,3.2804%,3.6002%,16.9749%,0.0859259999999999,VNDA,91186.0,2019-02-15,252.0,4.9205%,0.0011,1.0424,0.8121,-0.7812,3.2881%,3.6126%,17.1597%,0.039888,VNDA,91186.0,2019-02-19,252.0,-4.5950%,0.0007,1.017,0.8035,-0.7887,3.2880%,3.6020%,16.6738%,-0.048042,VNDA,91186.0,2019-02-20,252.0,1.0924%,0.0007,1.0191,0.8043,-0.7822,3.2882%,3.6019%,16.6591%,0.0114609999999999,VNDA,91186.0,2019-02-21,252.0,-1.6208%,0.0006,1.0291,0.8214,-0.7638,3.2874%,3.6030%,16.7504%,-0.013773,VNDA,-0.23689,-0.245641,-0.300884,-0.295901,-0.220441
27355,VISHAY INTERTECHNOLOGY INC,Bank of America Downgrades Vishay Intertechnology to Neutral,6,decrease,0.8,0.7,"a downgrade from a major financial institution like bank of america typically signals reduced confidence in the company's future performance, which can lead to a decrease in stock price.",0,2019-02-06,VSH,2019-02-06 12:41:00+00:00,57808.0,92829810,0.0083333477377891,3957333.0,-0.0022957366891205,0.1003566607832909,0.0004602038243319,0.0192107446491718,-0.002299872925505,-0.0123076802119612,0.0133701702579855,0.0077519179321825,-0.0040946383960545,0.0243515614420175,-0.002284113317728,-0.0120293637737631,0.0297618862241506,-0.023991797119379,-0.0248999316245317,0.0381557643413543,0.0136798555031418,0.0607082545757293,0.000449852872407,-0.0203743912279605,0.0161870773881673,-0.0411827154457569,0.0030973316170275,0.0177323967218399,-0.0101455468684434,-0.0137784956023097,-0.0200535096228122,0.0233188886195421,-0.0031832512468099,-0.0032432144507765,0.0027372019831091,-0.0128068178892135,-0.0090991295874118,0.0048257457092404,-0.0211203396320343,0.0471645258367061,-0.0281426068395376,0.0206302981823682,-0.0304053667932748,0.0086706085130572,-0.0084619252011179,0.012880521826446,0.0356425233185291,0.0258258450776338,-0.0082404306158423,-0.0603837333619594,0.0021994621492922,-0.0161022152751684,-0.0293829757720232,0.0078343246132135,0.0216952729970216,-0.0033463169820606,-0.0108641637489199,0.0090039307251572,-0.0014977876562625,0.055225670337677,-0.0090000154450535,-0.0288350638002157,0.0191726069897413,-0.0393351316452026,-0.0613862201571464,0.0140449441969394,-0.011603339575231,-0.032082661986351,0.008004249073565,0.0115511044859886,-0.0280571095645427,-0.0157010834664106,0.0027232698630541,-0.0562085025012493,0.0032590692862868,-0.0302279777824878,0.0330265648663044,0.0306435339152813,0.0120544834062457,0.0082389209419488,0.0248576626181602,-0.0035915698390454,0.0171803049743175,-0.0361028462648391,0.0109290229156613,0.0056958287023007,0.0063881650567054,-0.0503292419016361,-0.0249023549258709,0.0196642614901065,0.0175263099372386,0.0200587008148431,-0.0118110124021768,0.0029441302176564,0.0109561411663889,0.0456644110381603,-0.0068965218961238,0.007235110271722,0.0109126642346382,-0.0036045156884938,0.0,0.0104058673605322,0.0044161020778119,0.0142479436472058,-0.0346848629415035,-0.0052492637187242,-0.006072917021811,-0.0225757081061601,0.0096741616725921,0.0087991757318377,-0.0242057256400585,0.02114162966609,0.0067183026112616,0.0243638753890991,0.0020534351933747,0.0181918367743492,0.0148565061390399,-0.0517511665821075,-0.0131246959790587,-0.0128998970612883,0.0005115206586197,-0.0102145439013838,0.0245399512350559,0.0150336436927318,-0.0022957366891205,0.1003566607832908,-0.0018365893715925,0.121495331616614,-0.0041322383749266,0.1076923257158692,0.0050504449893704,0.1434622039742197,0.0211202502080378,0.189427339383033,-0.0686829994374809,0.1966759715275574,-0.0760597602742788,0.1244582974827055,2019-02-07,2019-02-08,2019-02-11,2019-02-12,2019-02-13,2019-02-14,2019-02-15,2019-02-19,2019-02-20,2019-02-21,57808.0,2019-02-06,252.0,0.8333%,0.0001,1.2513,1.0606,0.0209,1.9714%,2.4659%,36.0838%,0.011107,VSH,57808.0,2019-02-07,252.0,-0.2296%,0.0005,1.3034,0.9895,0.0316,1.8801%,2.4152%,39.4065%,0.010539,VSH,57808.0,2019-02-08,252.0,0.0460%,0.0006,1.303,1.012,0.0448,1.8739%,2.4105%,39.5684%,-0.001089,VSH,57808.0,2019-02-11,252.0,-0.2300%,0.0006,1.2859,1.0124,0.0361,1.8739%,2.3890%,38.4750%,-0.011006,VSH,57808.0,2019-02-12,252.0,1.3370%,0.0008,1.3037,0.9861,0.0498,1.8613%,2.3858%,39.1343%,-0.00436,VSH,57808.0,2019-02-13,252.0,-0.4095%,0.0008,1.3087,0.9739,0.0454,1.8601%,2.3860%,39.2221%,-0.008471,VSH,57808.0,2019-02-14,252.0,-0.2284%,0.0008,1.3103,0.9713,0.0477,1.8601%,2.3861%,39.2295%,-0.004437,VSH,57808.0,2019-02-15,252.0,2.9762%,0.001,1.3469,1.0054,0.1088,1.8479%,2.3915%,40.2956%,0.012199,VSH,57808.0,2019-02-19,252.0,-2.4900%,0.0008,1.3397,0.9868,0.0884,1.8586%,2.3951%,39.7819%,-0.030801,VSH,57808.0,2019-02-20,252.0,1.3680%,0.0009,1.3415,0.9892,0.0943,1.8591%,2.3960%,39.7938%,0.008377,VSH,57808.0,2019-02-21,252.0,0.0450%,0.0008,1.3514,1.0106,0.1124,1.8492%,2.3931%,40.2949%,0.0062229999999999,VSH,0.021646,0.020557,0.0095509999999999,-0.00328,-0.011719
27363,WALKER & DUNLOP INC,Walker & Dunlop Q4 EPS $1.44 vs $1.36 Est; Revenue $214.9M vs $204.2M Est,6,increase,0.8,0.6,"the company reported better-than-expected earnings per share and revenue, which typically signals positive performance and can lead to an increase in stock price.",2,2019-02-06,WD,2019-02-06 11:15:00+00:00,12477.0,93148P10,0.0686031728982925,342216.0,-0.0127241155132651,-0.0008234029519371,-0.0082014873623847,0.0053808391094207,0.0214609205722808,0.005200748797506,0.0090593174099922,0.0016669725300744,0.0011461580870673,0.0,0.0007632306078448,-0.0018718832870945,0.0388942025601863,-0.0033167463261634,0.0053220242261886,0.0018691619625315,0.0220884066075086,-0.0106841307133436,0.0169672612100839,-0.015574443154037,0.0112399579957127,0.01644735224545,-0.0055575324222445,-0.0049100178293883,-0.0182584431022405,0.020672408863902,-0.0067953732796013,0.0023022312670946,0.0046812803484499,0.0118593294173479,-0.0116487042978406,-0.0046373819932341,-0.0077969226986169,0.0186815317720174,0.003106691641733,0.0143759492784738,-0.0262342616915702,0.0063568814657628,-0.0037418289575725,0.0265526622533798,-0.006384979467839,0.0033867172896862,-0.0088830320164561,0.0338468886911869,-0.0114416191354394,-0.0113086001947522,-0.0067515135742723,0.0018497533164918,0.0219459552317857,0.003713154932484,-0.001900389092043,0.0323430374264717,0.0129474541172385,0.0377921536564827,-0.0043232995085418,0.0482148118317127,-0.0381348021328449,-0.0069875894114375,0.0094209918752312,-0.0175439212471246,-0.0219716317951679,-0.041900061070919,0.0019881171174347,-0.0228516813367605,0.0077380826696753,0.0311732105910778,-0.007284952327609,-0.0341393686830997,0.0091234212741255,-0.0376454815268516,0.0005895986105315,0.0064294510520994,0.0080534247681498,0.0283353198319673,-0.0105222314596176,0.0163187030702829,0.0084679070860147,-0.0225194208323955,0.0009763569105416,-0.042237639427185,0.0019508835393935,0.0061029978096485,0.0019470107508823,-0.0686315447092056,-0.0180722959339618,0.0057167150080204,0.0108846835792064,0.0137368403375148,0.0054815732873976,-0.0145938796922564,0.0136292977258563,0.0544156692922115,0.0082597061991691,-0.0057649295777082,0.0171460788697004,0.0026678286958485,0.000936490658205,0.0146627044305205,-0.0056137582287192,0.015113434754312,0.0073390929028391,-0.0448382124304771,0.021670090034604,-0.0230768807232379,-0.025050263851881,0.0017122862627729,0.0020630271174013,0.0177681408822536,0.0175930857658386,-0.012200335972011,0.0110355401411652,0.0027903213631361,-0.0003638431371655,-0.0021417536772787,0.0436760261654853,-0.044803649187088,-0.0331298634409904,0.006589779164642,0.0091974446550011,0.0197396576404571,-0.0127241155132651,-0.0008234029519371,-0.0208212462030703,0.0045530055586771,0.0001928312582304,0.0097774333943674,0.0104106601021296,0.0114607046373249,0.0977443586932804,-0.0182038371632236,-0.003260540796941,0.234172348937995,0.0845331318689062,0.0247740567256922,2019-02-07,2019-02-08,2019-02-11,2019-02-12,2019-02-13,2019-02-14,2019-02-15,2019-02-19,2019-02-20,2019-02-21,12477.0,2019-02-06,252.0,6.8603%,0.0007,0.8625,1.4004,0.5285,1.8477%,2.1422%,25.6008%,0.07019,WD,12477.0,2019-02-07,252.0,-1.2724%,0.0007,0.8697,1.3937,0.5279,1.8470%,2.1438%,25.7671%,-0.005043,WD,12477.0,2019-02-08,252.0,-0.8201%,0.0006,0.8719,1.3634,0.517,1.8343%,2.1295%,25.8039%,-0.006138,WD,12477.0,2019-02-11,252.0,2.1461%,0.0005,0.9144,1.3358,0.5244,1.8244%,2.1321%,26.7808%,0.0099519999999999,WD,12477.0,2019-02-12,252.0,0.9059%,0.0005,0.9126,1.3356,0.5235,1.8246%,2.1325%,26.7974%,-0.002852,WD,12477.0,2019-02-13,252.0,0.1146%,0.0004,0.9068,1.3442,0.5242,1.8232%,2.1301%,26.7387%,-0.002677,WD,12477.0,2019-02-14,252.0,0.0763%,0.0004,0.9068,1.3429,0.5263,1.8227%,2.1293%,26.7206%,-0.001382,WD,12477.0,2019-02-15,252.0,3.8894%,0.0005,0.9185,1.3559,0.5486,1.8279%,2.1379%,26.8938%,0.022664,WD,12477.0,2019-02-19,252.0,0.5322%,0.0004,0.9147,1.359,0.5524,1.8268%,2.1356%,26.8320%,-0.002101,WD,12477.0,2019-02-20,252.0,2.2088%,0.0005,0.9199,1.3771,0.5727,1.8264%,2.1392%,27.1036%,0.0142219999999999,WD,12477.0,2019-02-21,252.0,1.6967%,0.0006,0.913,1.3678,0.5598,1.8314%,2.1389%,26.6859%,0.022552,WD,0.065147,0.059009,0.068961,0.063432,0.119387
27371,WERNER ENTERPRISES INC,"Werner Enterprises Q4 EPS $0.75 Beats $0.69 Estimate, Sales $646.4M Miss $650.92M Estimate",6,uncertain,0.6,0.3,"while the earnings per share (eps) beat estimates, the sales miss could lead to mixed investor reactions, making the overall impact on the stock price uncertain.",1,2019-02-06,WERN,2019-02-06 21:05:00+00:00,10397.0,95075510,-0.0174607913941144,821900.0,0.0403614491224288,0.002373237395659,-0.0107122967019677,0.0212057195603847,-0.0076089650392532,0.0027339051011949,0.0147449132055044,-0.0216940063983202,0.0162743795663118,0.0089955944567918,0.0025736389216035,0.0133697548881173,-0.0171135850250721,0.0138632403686642,0.011897848919034,0.014058131724596,0.0057356115430593,-0.0153798842802643,-0.0054176966659724,-0.0085392678156495,0.0034403363242745,-0.0093654859811067,-0.004571424331516,0.0369673669338226,0.0011481319088488,0.0257069151848554,-0.0106078768149018,0.005168015602976,0.0005795554607175,-0.0080102533102035,0.0,-0.0028754041995853,-0.0217202436178922,0.0,-0.0115452753379941,-0.0110584637150168,0.0041928538121283,0.0236092992126941,0.0035789667163044,0.0224867835640907,0.0092124082148075,0.002320175524801,0.0341578274965286,0.0342817977070808,-0.0082573210820555,-0.0331455096602439,0.0086132418364286,0.0213269852101802,-0.0113863227888941,-0.0139766503125429,-0.0089260404929518,0.0,0.0116211958229541,-0.0006651299772784,-0.0427914373576641,0.0329783260822296,-0.0117012653499841,-0.009863912127912,0.0118398061022162,-0.0226063933223485,-0.0141014456748962,-0.0049619455821812,-0.0009129269164986,-0.0137031022459268,0.0265001188963651,-0.006160847377032,-0.0023739414755254,0.0266311317682266,0.0237953383475542,-0.0312802083790302,-0.0078441798686981,-0.0285087674856185,0.0184479430317878,-0.0015639424091205,-0.008050569333136,0.0072463625110685,-0.0005797233898192,0.022222239524126,0.0153711941093206,-0.042257834225893,0.0059983693063259,0.0185359176248312,0.0005678721354342,-0.0441441237926483,-0.007378039881587,-0.0165387298911809,-0.0068610026501119,0.0155968945473432,0.01381691172719,-0.0202761869877576,-0.0034072371199727,0.0274758413434028,-0.017709195613861,-0.021565718576312,0.0101774437353014,0.0122607611119747,0.0014392411103472,-0.007715196814388,0.015521727502346,0.0172049403190612,0.000565996102523,-0.0298682413995266,0.0028289190959185,0.0212321449071168,0.0191819537431001,-0.0026841680519282,-0.0365347266197204,0.0154451336711645,0.0270036943256855,0.0100948866456747,-0.0335664562880992,-0.0072882380336523,-0.0303907170891761,-0.0090279635041952,-0.0364179462194442,-0.003896914422512,0.0198264997452497,-0.0014965351438149,0.0170109774917364,0.0069318730384111,0.0403614491224288,0.002373237395659,0.0292167886021403,0.0236292831627062,0.0213855140398542,0.0264277884816774,0.0533132664071371,0.0131934777158975,0.0506024186422193,0.030497102647502,0.0039156944434401,0.1267602904402189,0.0110260705118787,0.0214873162760718,2019-02-07,2019-02-08,2019-02-11,2019-02-12,2019-02-13,2019-02-14,2019-02-15,2019-02-19,2019-02-20,2019-02-21,10397.0,2019-02-06,252.0,-1.7461%,-0.0004,0.9461,0.9756,0.3856,1.7298%,2.0324%,27.5568%,-0.015599,WERN,10397.0,2019-02-07,252.0,4.0361%,-0.0002,0.9298,0.9752,0.3971,1.7569%,2.0459%,26.2586%,0.048825,WERN,10397.0,2019-02-08,252.0,-1.0712%,-0.0003,0.9314,0.9782,0.4056,1.7578%,2.0470%,26.2569%,-0.0093969999999999,WERN,10397.0,2019-02-11,252.0,-0.7609%,-0.0002,0.8897,0.996,0.3933,1.7506%,2.0196%,24.8617%,-0.016402,WERN,10397.0,2019-02-12,252.0,1.4745%,-0.0002,0.8937,0.9931,0.3959,1.7505%,2.0216%,25.0210%,0.003015,WERN,10397.0,2019-02-13,252.0,1.6274%,-0.0001,0.9005,0.9869,0.398,1.7512%,2.0240%,25.1453%,0.012799,WERN,10397.0,2019-02-14,252.0,0.2574%,-0.0003,0.8955,0.9853,0.4075,1.6956%,1.9726%,26.1154%,0.0015409999999999,WERN,10397.0,2019-02-15,252.0,-1.7114%,-0.0004,0.8949,0.9813,0.402,1.7002%,1.9751%,25.8983%,-0.0317519999999999,WERN,10397.0,2019-02-19,252.0,1.1898%,-0.0003,0.8995,0.9806,0.4008,1.6994%,1.9765%,26.0700%,0.006046,WERN,10397.0,2019-02-20,252.0,0.5736%,-0.0003,0.8995,0.9807,0.4008,1.6994%,1.9766%,26.0835%,-0.0004349999999999,WERN,10397.0,2019-02-21,252.0,-0.5418%,-0.0003,0.8995,0.9808,0.4009,1.6994%,1.9759%,26.0257%,-0.000581,WERN,0.033226,0.023829,0.007427,0.0232409999999999,-0.0019399999999999
27379,WHITE MOUNTAINS INS GROUP INC,White Mountain Q4 Adj. Book Value $887.85/Share vs $914.75/Share In Same Qtr. Last Year,6,decrease,0.8,0.6,"the decline in adjusted book value per share from $914.75 to $887.85 suggests a decrease in the company's financial strength, which is likely to negatively impact investor sentiment and lead to a decrease in stock price.",0,2019-02-06,WTM,2019-02-06 13:04:00+00:00,68419.0,G9618E10,-0.0003692788304761,16465.0,0.011205025948584,-0.0079591311514377,0.0031438483856618,0.00653628539294,0.0185941029340028,0.0015890942886471,-0.0083527015522122,0.0046997894532978,-0.0129241775721311,-2.243990093120374e-05,-0.0033757099881768,-0.0106563037261366,0.0061523863114416,0.0027103212196379,-0.0012913718819618,0.0049430979415774,0.007802567910403,-0.0016226455336436,0.0023138595279306,0.0100026847794652,0.0077352379448711,-0.0081165805459022,0.0038976036012172,0.0127962259575724,-0.0002595443220343,-0.0084437588229775,0.011120518669486,0.0023359295446425,0.0050176554359495,-0.0035196673125028,-0.0015329122543334,0.0093409987166523,0.0075163790024816,0.0069257114082574,0.0095132170245051,-0.0044147153384983,0.0005136220133863,0.0015041789738461,-0.0176011938601732,0.0240982417017221,-0.0188550390303134,0.0029024970717728,-0.0126086687669158,0.0043255863711237,-0.0002862282563,-0.0049707600846886,0.0052744927816092,-0.0031363342422991,0.0071746879257261,0.004167980980128,0.0005655583227053,-0.002964943414554,0.0077149365097284,0.0133909126743674,-0.001058257301338,0.0134511059150099,-0.0120093673467636,-0.0146364104002714,0.0040481532923877,0.0043423986062407,0.0090770591050386,-0.0141988471150398,-0.0079911276698112,-0.0144546395167708,0.0033745637629181,-0.0161826461553573,0.0027448702603578,-0.0144400913268327,0.0004760591546073,-0.0035305088385939,0.0008434824994765,-0.0153417522087693,-0.0005186286871321,-0.0044868835248053,-0.0007783467299304,-0.0073043224401772,-0.0002272276469739,-0.0017741780029609,-0.0066661983728408,0.0004112606984563,-0.0008932752534747,-0.0063554248772561,0.0045905644074082,-0.0015890673967078,-0.0085748005658388,0.0028425459749996,-0.0016860510222613,0.0119858346879482,0.0011624564649537,0.004410573747009,-0.0002957088290713,0.0096353264525532,-0.0003835387178696,0.0004200712719466,2.194402259192429e-05,0.0051333280280232,0.0001972911704797,-0.0105323521420359,0.0010301396250724,-0.003167176619172,-0.0025726654566824,0.0065080062486231,0.015904014930129,0.0090041263028979,0.0052615604363381,0.0010138185461983,-0.0036218981258571,0.0138711938634514,0.0177438966929912,0.002559311222285,-0.0059139793738722,0.0048248744569718,0.001162072410807,-0.0053761010058224,-0.0192643199115991,-0.0152910323813557,0.0033551938831806,0.0113732730969786,0.0184516347944736,0.0023387272376567,0.011205025948584,-0.0079591311514377,0.0143841012369856,-0.0014748689111833,0.033245663630002,0.0001118816717005,0.0113729612664292,0.004789649059145,0.023115268951144,0.0100818103330648,0.0283747958197086,0.0602947210472573,0.0545856478467343,0.0096938398726962,2019-02-07,2019-02-08,2019-02-11,2019-02-12,2019-02-13,2019-02-14,2019-02-15,2019-02-19,2019-02-20,2019-02-21,68419.0,2019-02-06,252.0,-0.0369%,0.0004,0.4242,0.1531,0.2838,0.7861%,0.8927%,22.4532%,0.000313,WTM,68419.0,2019-02-07,252.0,1.1205%,0.0005,0.4224,0.1495,0.2874,0.7907%,0.8951%,21.9748%,0.0141419999999999,WTM,68419.0,2019-02-08,252.0,0.3144%,0.0005,0.4215,0.1539,0.2866,0.7902%,0.8944%,21.9508%,0.004572,WTM,68419.0,2019-02-11,252.0,1.8594%,0.0006,0.4076,0.1884,0.298,0.7919%,0.8872%,20.3180%,0.016229,WTM,68419.0,2019-02-12,252.0,-0.8353%,0.0005,0.3929,0.1968,0.2891,0.7930%,0.8824%,19.2294%,-0.013527,WTM,68419.0,2019-02-13,252.0,-1.2924%,0.0004,0.3859,0.2027,0.2865,0.7958%,0.8820%,18.5888%,-0.014445,WTM,68419.0,2019-02-14,252.0,-0.3376%,0.0004,0.3874,0.2018,0.2859,0.7913%,0.8786%,18.8764%,-0.002058,WTM,68419.0,2019-02-15,252.0,0.6152%,0.0004,0.3847,0.1994,0.2814,0.7911%,0.8768%,18.5803%,-0.000202,WTM,68419.0,2019-02-19,252.0,-0.1291%,0.0004,0.3857,0.1943,0.2756,0.7906%,0.8766%,18.6514%,-0.003545,WTM,68419.0,2019-02-20,252.0,0.7803%,0.0004,0.3859,0.1896,0.2749,0.7877%,0.8740%,18.7661%,0.005026,WTM,68419.0,2019-02-21,252.0,0.2314%,0.0005,0.3814,0.1814,0.2667,0.7857%,0.8699%,18.4278%,0.0044069999999999,WTM,0.0144549999999999,0.019027,0.0352559999999999,0.0072839999999999,0.0109119999999999
27387,WHITE MOUNTAINS INS GROUP INC,"White Mountains Insurance Q4 EPS $(43.24) Down From $6 YoY, Sales $38.4M Down From $114M YoY",6,decrease,0.85,0.75,"the significant drop in eps from $6 to $(43.24) and a decline in sales from $114m to $38.4m indicates poor financial performance, likely leading to a decrease in stock price.",0,2019-02-06,WTM,2019-02-06 13:04:00+00:00,68419.0,G9618E10,-0.0003692788304761,16465.0,0.011205025948584,-0.0079591311514377,0.0031438483856618,0.00653628539294,0.0185941029340028,0.0015890942886471,-0.0083527015522122,0.0046997894532978,-0.0129241775721311,-2.243990093120374e-05,-0.0033757099881768,-0.0106563037261366,0.0061523863114416,0.0027103212196379,-0.0012913718819618,0.0049430979415774,0.007802567910403,-0.0016226455336436,0.0023138595279306,0.0100026847794652,0.0077352379448711,-0.0081165805459022,0.0038976036012172,0.0127962259575724,-0.0002595443220343,-0.0084437588229775,0.011120518669486,0.0023359295446425,0.0050176554359495,-0.0035196673125028,-0.0015329122543334,0.0093409987166523,0.0075163790024816,0.0069257114082574,0.0095132170245051,-0.0044147153384983,0.0005136220133863,0.0015041789738461,-0.0176011938601732,0.0240982417017221,-0.0188550390303134,0.0029024970717728,-0.0126086687669158,0.0043255863711237,-0.0002862282563,-0.0049707600846886,0.0052744927816092,-0.0031363342422991,0.0071746879257261,0.004167980980128,0.0005655583227053,-0.002964943414554,0.0077149365097284,0.0133909126743674,-0.001058257301338,0.0134511059150099,-0.0120093673467636,-0.0146364104002714,0.0040481532923877,0.0043423986062407,0.0090770591050386,-0.0141988471150398,-0.0079911276698112,-0.0144546395167708,0.0033745637629181,-0.0161826461553573,0.0027448702603578,-0.0144400913268327,0.0004760591546073,-0.0035305088385939,0.0008434824994765,-0.0153417522087693,-0.0005186286871321,-0.0044868835248053,-0.0007783467299304,-0.0073043224401772,-0.0002272276469739,-0.0017741780029609,-0.0066661983728408,0.0004112606984563,-0.0008932752534747,-0.0063554248772561,0.0045905644074082,-0.0015890673967078,-0.0085748005658388,0.0028425459749996,-0.0016860510222613,0.0119858346879482,0.0011624564649537,0.004410573747009,-0.0002957088290713,0.0096353264525532,-0.0003835387178696,0.0004200712719466,2.194402259192429e-05,0.0051333280280232,0.0001972911704797,-0.0105323521420359,0.0010301396250724,-0.003167176619172,-0.0025726654566824,0.0065080062486231,0.015904014930129,0.0090041263028979,0.0052615604363381,0.0010138185461983,-0.0036218981258571,0.0138711938634514,0.0177438966929912,0.002559311222285,-0.0059139793738722,0.0048248744569718,0.001162072410807,-0.0053761010058224,-0.0192643199115991,-0.0152910323813557,0.0033551938831806,0.0113732730969786,0.0184516347944736,0.0023387272376567,0.011205025948584,-0.0079591311514377,0.0143841012369856,-0.0014748689111833,0.033245663630002,0.0001118816717005,0.0113729612664292,0.004789649059145,0.023115268951144,0.0100818103330648,0.0283747958197086,0.0602947210472573,0.0545856478467343,0.0096938398726962,2019-02-07,2019-02-08,2019-02-11,2019-02-12,2019-02-13,2019-02-14,2019-02-15,2019-02-19,2019-02-20,2019-02-21,68419.0,2019-02-06,252.0,-0.0369%,0.0004,0.4242,0.1531,0.2838,0.7861%,0.8927%,22.4532%,0.000313,WTM,68419.0,2019-02-07,252.0,1.1205%,0.0005,0.4224,0.1495,0.2874,0.7907%,0.8951%,21.9748%,0.0141419999999999,WTM,68419.0,2019-02-08,252.0,0.3144%,0.0005,0.4215,0.1539,0.2866,0.7902%,0.8944%,21.9508%,0.004572,WTM,68419.0,2019-02-11,252.0,1.8594%,0.0006,0.4076,0.1884,0.298,0.7919%,0.8872%,20.3180%,0.016229,WTM,68419.0,2019-02-12,252.0,-0.8353%,0.0005,0.3929,0.1968,0.2891,0.7930%,0.8824%,19.2294%,-0.013527,WTM,68419.0,2019-02-13,252.0,-1.2924%,0.0004,0.3859,0.2027,0.2865,0.7958%,0.8820%,18.5888%,-0.014445,WTM,68419.0,2019-02-14,252.0,-0.3376%,0.0004,0.3874,0.2018,0.2859,0.7913%,0.8786%,18.8764%,-0.002058,WTM,68419.0,2019-02-15,252.0,0.6152%,0.0004,0.3847,0.1994,0.2814,0.7911%,0.8768%,18.5803%,-0.000202,WTM,68419.0,2019-02-19,252.0,-0.1291%,0.0004,0.3857,0.1943,0.2756,0.7906%,0.8766%,18.6514%,-0.003545,WTM,68419.0,2019-02-20,252.0,0.7803%,0.0004,0.3859,0.1896,0.2749,0.7877%,0.8740%,18.7661%,0.005026,WTM,68419.0,2019-02-21,252.0,0.2314%,0.0005,0.3814,0.1814,0.2667,0.7857%,0.8699%,18.4278%,0.0044069999999999,WTM,0.0144549999999999,0.019027,0.0352559999999999,0.0072839999999999,0.0109119999999999
27395,SELECT SECTOR SPDR TRUST,Mnuchin On CNBC Says US Needs To Raise Debt Limit,6,uncertain,0.6,0.3,"while raising the debt limit can alleviate immediate concerns about government default, the overall impact on the stock market and specific sectors like the select sector spdr trust is uncertain and depends on broader economic reactions and investor sentiment.",1,2019-02-06,XLF,2019-02-06 13:24:00+00:00,86455.0,81369Y60,-0.0011498921085149,51542815.0,-0.0099769849330186,-0.0026758292224258,-0.0050387275405228,0.004222672432661,0.00311647541821,0.0042405049316585,0.0147572485730052,-0.001539607765153,0.0026789745315909,0.0058071860112249,-0.0122138010337948,-0.0034722280688583,0.0212519764900207,-0.0030769200529903,0.0015133941778913,0.0081426547840237,0.0064223678782582,0.0023319616448134,-0.0052552325651049,0.0011672676773741,-0.0015094685368239,-0.0115384319797158,0.0041572414338588,0.0172144193202257,-0.0030109116341918,0.0055074505507946,0.0037750238552689,0.0212937202304601,-0.0026325571816414,0.0089176855981349,0.0064102592878043,0.0069387787953019,-0.0063694296404719,0.002454969799146,-0.003770753275603,0.0004093421448487,-0.0064345221035182,0.0049362750723958,-0.0102857314050197,0.0008233243715949,-0.0003849202767014,0.0012366317678242,0.0103966295719146,0.0332197919487953,0.0022865650244057,-0.0224813036620616,0.0068441182374954,0.0083963377401232,0.0037764494773,0.0097498744726181,0.0069472244940698,-0.0004237385001033,0.0101389586925506,0.0120068909600377,-0.0078066573478281,0.0452711917459964,-0.0206070113927125,-0.0210619326680898,-0.0030604409985244,-0.0198740046471357,-0.0276285242289304,-0.0088945776224136,-0.0043409871868789,-0.0125470198690891,0.0118906516581773,-0.0037500064354389,-0.0043086800724267,-0.0099009806290268,0.0086545757949352,-0.009803912602365,0.0027300973888486,-0.0072992825880646,0.0245041269809007,0.0057095997035503,-0.0007593188202008,-0.0096930442377924,0.0030395109206438,-0.0139386849477887,0.0060606002807617,-0.0191406160593032,0.0015060586156323,-0.0138674387708306,0.001127773663029,-0.0434782728552818,-0.0082613341510295,0.0063033029437065,0.0030291527509689,0.0052180169150233,0.0060400092042982,-0.0084996139630675,0.0183864831924438,0.019209049642086,-0.0062638199888169,0.0007538088830187,0.0140897696837782,0.0203846413642168,0.0025594038888812,-0.0080121746286749,-0.0029175756499171,0.0007635948713868,-0.0029261128511279,-0.0220313724130392,0.0062362463213503,-0.0003732821496669,-0.0010937181068584,0.0011211019009351,0.001824859296903,0.0147895095869898,0.0091074677184224,-0.0134679647162556,0.010108258575201,0.0056433263234794,0.0014296253211796,-0.0199115369468927,-0.0082084061577916,-0.0091340877115726,0.0010794810950756,0.0029314737766981,0.0089863408356904,0.0129918474704027,-0.0099769849330186,-0.0026758292224258,-0.0149654411647881,0.0015355440599431,-0.0118956051760908,0.0057825604737606,0.0053722675114327,0.0100658237597892,0.0168841337080267,0.0151750727142385,0.0050566275087404,0.1220485467110876,0.0825763540817861,-0.0253921663797447,2019-02-07,2019-02-08,2019-02-11,2019-02-12,2019-02-13,2019-02-14,2019-02-15,2019-02-19,2019-02-20,2019-02-21,86455.0,2019-02-06,252.0,-0.1150%,-0.0,1.1437,-0.147,0.9015,0.3676%,1.2119%,90.7976%,0.000616,XLF,86455.0,2019-02-07,252.0,-0.9977%,-0.0,1.1445,-0.1467,0.9007,0.3682%,1.2079%,90.7093%,-0.0031469999999999,XLF,86455.0,2019-02-08,252.0,-0.5039%,-0.0,1.1446,-0.1503,0.8987,0.3673%,1.2083%,90.7569%,0.000119,XLF,86455.0,2019-02-11,252.0,0.3116%,-0.0,1.1376,-0.1431,0.8989,0.3657%,1.1764%,90.3362%,0.000339,XLF,86455.0,2019-02-12,252.0,1.4757%,-0.0,1.1371,-0.142,0.8984,0.3656%,1.1738%,90.2985%,0.000743,XLF,86455.0,2019-02-13,252.0,0.2679%,-0.0,1.1367,-0.1417,0.8982,0.3657%,1.1705%,90.2408%,-0.001149,XLF,86455.0,2019-02-14,252.0,-1.2214%,-0.0001,1.1374,-0.144,0.901,0.3660%,1.1726%,90.2579%,-0.00398,XLF,86455.0,2019-02-15,252.0,2.1252%,-0.0,1.1383,-0.1428,0.903,0.3667%,1.1707%,90.1877%,0.004334,XLF,86455.0,2019-02-19,252.0,0.1513%,-0.0,1.1385,-0.1458,0.8995,0.3668%,1.1701%,90.1753%,-0.003044,XLF,86455.0,2019-02-20,252.0,0.6422%,-0.0,1.1386,-0.1444,0.9003,0.3664%,1.1709%,90.2073%,-0.0004669999999999,XLF,86455.0,2019-02-21,252.0,-0.5255%,-0.0001,1.1405,-0.1405,0.9036,0.3647%,1.1712%,90.3010%,0.0008269999999999,XLF,-0.0025309999999999,-0.0024119999999999,-0.0020729999999999,-0.0024789999999999,-0.0048089999999999
27403,EXXON MOBIL CORP,ExxonMobil Highlights 2 New Discoveries Offshore Guyana,6,increase,0.8,0.7,"the announcement of new discoveries offshore guyana is likely to boost investor confidence and expectations for future revenue, leading to an increase in exxonmobil's stock price.",2,2019-02-06,XOM,2019-02-06 13:01:00+00:00,11850.0,30231G10,-0.0043655801564455,10866901.0,-0.0077066412195563,0.0102913212031126,0.0016068966360762,-0.0144889159128069,0.0016219939570873,0.036026194691658,0.017543900758028,0.013694810681045,0.0112731894478201,0.0109075475484132,0.0002622510655783,0.0037900656461715,0.0188803263008594,-0.0066927406005561,0.0066916006617248,0.0044817882589995,0.0038347872905433,0.001402503112331,-0.0090411193668842,-0.0082069318741559,0.0077100805938243,-0.0150705371052026,0.0010201713303104,0.0119229257106781,0.0020382632501423,0.0068397247232496,0.0102974511682987,-0.000418568146415,-0.0055367113091051,0.000558438070584,0.0122738359495997,-0.0012549353996291,0.0038749694358557,-0.0045801778323948,-0.0014941492117941,-0.0051090186461806,-0.0113480938598513,0.0052748089656233,0.0110999606549739,0.0072707533836364,-0.0143463257700204,0.0052002123557031,0.0097455587238073,0.0368696972727775,0.0027575986459851,-0.0153537048026919,0.0088749881833791,0.0219973586499691,-0.0033452687785029,0.0002934468793682,-0.0036051827482879,-0.0111691942438483,0.0116032473742961,0.0043706740252673,-0.0025900232139974,0.0477789230644702,0.0055644484236836,-0.0383147448301315,0.0057796509936451,-0.0074310726486146,-0.016016598790884,-0.0303758345544338,-0.0069583146832883,-0.0169444605708122,0.0130130248144269,-0.0275526866316795,-0.0076581370085477,-0.0203757733106613,0.0049788593314588,-0.0181865617632865,0.0007431903504766,0.0126283448189497,0.0115099046379327,-0.0086072469130158,-0.0042824675329029,0.0018291010055691,-0.0058982027694582,-0.0141679346561431,0.0142150986939668,-0.0095675466582179,0.0053625204600393,-0.0130933010950684,0.0061825937591493,-0.0220389179885387,-0.0128915626555681,0.0216352362185716,-0.0045160837471485,0.0055654244497418,0.0047817486338317,0.007775661535561,-0.012568624690175,0.0181699395179748,-0.0033365874551236,0.0009093231055885,0.0068195341154932,0.0197377875447273,0.0028325538150966,-0.0266890116035938,-0.0036841833498328,0.0076652765274047,0.0218168906867504,-0.0284019187092781,0.0057900571264326,0.0032928336877375,-0.0194290615618228,0.0098477629944682,0.0056262118741869,0.0103372922167182,-0.0210411492735147,-0.0078205205500125,-0.0064603881910443,-0.0229237359017133,0.003876422997564,-0.0128601565957069,-0.0200548153370618,-0.0002447233418934,-0.0175415948033332,-0.0158978644758462,0.0023288950324058,0.0126844849437475,-0.0077066412195563,0.0102913212031126,-0.0061121283593311,-0.0043467047972379,-0.0045000482375076,0.0315228946611276,0.0243842493889825,0.0570548760252278,0.0454764846943993,0.0514674791960629,0.0988116534661807,0.1014133690249645,0.0407744147980821,-0.0687100791908192,2019-02-07,2019-02-08,2019-02-11,2019-02-12,2019-02-13,2019-02-14,2019-02-15,2019-02-19,2019-02-20,2019-02-21,11850.0,2019-02-06,252.0,-0.4366%,0.0,0.8978,-0.0305,0.5319,0.9767%,1.3290%,45.9935%,-0.002825,XOM,11850.0,2019-02-07,252.0,-0.7707%,0.0001,0.9166,-0.0538,0.5342,0.9560%,1.3255%,47.9814%,-0.001571,XOM,11850.0,2019-02-08,252.0,0.1607%,0.0002,0.9154,-0.0406,0.538,0.9513%,1.3206%,48.1121%,0.004395,XOM,11850.0,2019-02-11,252.0,0.1622%,0.0001,0.9413,-0.0665,0.5376,0.9427%,1.3187%,48.8973%,-0.000729,XOM,11850.0,2019-02-12,252.0,1.7544%,0.0002,0.9489,-0.0721,0.5424,0.9419%,1.3226%,49.2813%,0.0055689999999999,XOM,11850.0,2019-02-13,252.0,1.1273%,0.0002,0.9517,-0.0736,0.5441,0.9430%,1.3234%,49.2263%,0.00818,XOM,11850.0,2019-02-14,252.0,0.0262%,0.0003,0.9506,-0.0705,0.5403,0.9434%,1.3234%,49.1825%,0.0056999999999999,XOM,11850.0,2019-02-15,252.0,1.8880%,0.0003,0.9667,-0.0555,0.5673,0.9390%,1.3285%,50.0451%,0.005621,XOM,11850.0,2019-02-19,252.0,0.6692%,0.0004,0.9711,-0.059,0.563,0.9361%,1.3289%,50.3794%,0.003214,XOM,11850.0,2019-02-20,252.0,0.3835%,0.0004,0.9704,-0.0617,0.5602,0.9360%,1.3289%,50.3892%,-0.001077,XOM,11850.0,2019-02-21,252.0,-0.9041%,0.0004,0.9702,-0.0632,0.5599,0.9362%,1.3285%,50.3414%,-0.004305,XOM,-0.004396,-1.0000000000001327e-06,-0.00073,0.013019,0.022172
27411,XEROX HOLDINGS CORP,"Xerox Secures A Contract Renewal With American Electric Power, Bringing Added Efficiencies And Security To American Electric Power's Document Management Infrastructure From Xerox's Managed Print Services And Connectkey Technology",6,increase,0.7,0.6,"the renewal of a contract with a major client like american electric power suggests stability and potential growth in revenue for xerox, which is likely to positively impact its stock price.",2,2019-02-06,XRX,2019-02-06 15:01:00+00:00,27983.0,98421M10,0.0155279766768217,3613948.0,-0.0152905452996492,0.0104602240025997,0.0037957422900944,0.0056100925430655,0.0068752411752939,0.0109890596941113,0.0273130498826503,0.0017755411099642,-0.0029910320881754,0.0402659848332405,-0.0056666689924895,0.1139917895197868,0.021119650453329,-0.0097800195217132,0.0062377066351473,0.0259197670966386,0.0071778539568185,0.0148494010791182,0.0149011686444282,0.0081266267225146,0.0051069213077425,-0.002134065143764,-0.0003175683959852,0.0134082809090614,-0.0003176692698616,0.0004327229980845,-0.0015887905610725,0.0131521765142679,-0.0165499821305275,0.0228699669241905,0.0126214018091559,0.0072267320938408,0.0022371266968548,-0.0004514776228461,-0.0086097083985805,0.0118775805458426,-0.0077195167541503,0.0143651282414794,-0.0197731144726276,0.0330301858484745,0.0019841094035655,0.0215158239006996,0.0280528180301189,0.038598284125328,-0.0006420692661777,-0.0218578558415174,0.0134918112307786,0.0187246426939964,-0.0148969674482941,0.0055979955941438,0.0170527882874012,0.0111788269132375,0.0126541508361697,-0.0010152516188099,-0.0040612048469483,0.041226252913475,0.0040777656249701,-0.0212105456739664,0.028116263449192,-0.0117586683481931,-0.0559100620448589,-0.0537010468542575,0.0022529673296958,-0.0189843196421861,0.0285805854946374,-0.010333546437323,-0.0084295524284243,-0.1292433440685272,0.0157430134713649,-0.0121211810037493,-0.0009371690102852,-0.0166865345090627,0.0322075933218002,0.0051916595548391,-0.0018175571458414,0.0016000366304069,0.004248843062669,-0.0199921689927578,-0.001208852045238,-0.0424173884093761,0.009984927251935,-0.0022472424898296,0.0110844494774937,-0.0290908813476562,-0.0151110617443919,0.0215453170239925,0.0180504955351352,0.0014881293755024,0.0121158342808485,-0.0044444757513701,0.0040875733830034,0.0336906239390373,0.0040709329769015,0.0108359400182962,0.0136113883927464,0.0185257904231548,-0.0094286240637302,0.0071457047015428,-0.0031726795714348,-0.0039541469886898,-0.0217013880610466,-0.0467395298182964,0.0112391961738467,-0.0188609547913074,-0.0146241597831249,-0.0036845421418547,-0.0439299382269382,0.0051851626485586,0.0031046969816088,-0.0120746409520506,0.0222840420901775,0.0007323492318391,0.0099909733980894,-0.0393950343132019,-0.0029976705554872,-0.0243651028722524,-0.0093204323202371,0.0037891387473791,0.0,0.0010345064802095,-0.0152905452996492,0.0104602240025997,-0.0115528419789872,0.016128999370341,-0.0047570293785589,0.0272953016013393,0.0193679822758474,0.0705578090342236,0.0645599611368021,0.239520979736157,0.1182466732880982,0.5004449212787134,0.1283500532077468,0.012024198286229,2019-02-07,2019-02-08,2019-02-11,2019-02-12,2019-02-13,2019-02-14,2019-02-15,2019-02-19,2019-02-20,2019-02-21,27983.0,2019-02-06,252.0,1.5528%,-0.0,1.0862,0.1739,0.3112,1.7754%,2.1019%,28.6495%,0.017534,XRX,27983.0,2019-02-07,252.0,-1.5291%,0.0001,1.1075,0.1495,0.3126,1.7629%,2.1014%,29.6186%,-0.006276,XRX,27983.0,2019-02-08,252.0,0.3796%,0.0001,1.107,0.1362,0.302,1.7611%,2.1004%,29.6975%,0.004781,XRX,27983.0,2019-02-11,252.0,0.6875%,0.0001,1.0993,0.1484,0.3046,1.7608%,2.0820%,28.4768%,0.003632,XRX,27983.0,2019-02-12,252.0,2.7313%,0.0002,1.1184,0.1332,0.3171,1.7574%,2.0885%,29.1937%,0.0127509999999999,XRX,27983.0,2019-02-13,252.0,-0.2991%,0.0002,1.1186,0.1302,0.3149,1.7579%,2.0875%,29.0859%,-0.0065239999999999,XRX,27983.0,2019-02-14,252.0,-0.5667%,0.0003,1.1211,0.1299,0.312,1.7482%,2.0811%,29.4317%,-0.0022689999999999,XRX,27983.0,2019-02-15,252.0,2.1120%,0.0003,1.1235,0.1328,0.3169,1.7486%,2.0811%,29.3954%,0.006529,XRX,27983.0,2019-02-19,252.0,0.6238%,0.0003,1.1202,0.1396,0.3247,1.7470%,2.0761%,29.1895%,0.002667,XRX,27983.0,2019-02-20,252.0,0.7178%,0.0003,1.1209,0.1412,0.3273,1.7471%,2.0765%,29.2123%,0.002856,XRX,27983.0,2019-02-21,252.0,1.4901%,0.0003,1.125,0.1537,0.3345,1.7451%,2.0763%,29.3600%,0.0197999999999999,XRX,0.011258,0.016039,0.019671,0.025898,0.0554809999999999
27419,YELP INC,CNBC Reports Yelp Has Hired Evercore For Activist Defense After Fund Called For Sale And Management Overhaul,6,decrease,0.7,0.6,"the hiring of evercore for activist defense suggests that there is significant pressure on yelp's management, which may lead to investor concerns about the company's stability and future direction, potentially driving the stock price down.",0,2019-02-06,YELP,2019-02-06 19:40:00+00:00,13318.0,98581710,-0.0077478201128542,3723406.0,-0.0239633657038211,-0.0105736590921878,0.0477241240441799,0.0177563540637493,-0.0021063196472823,0.0205930825322866,0.0261213146150112,-0.0008231163956224,-0.0110568348318338,0.0063500697724521,-0.0070202928036451,-0.0130790062248706,0.0458235144615173,-0.0097139934077858,-0.0060089603066444,0.0340402126312255,-0.0239294897764921,0.0104313204064965,-0.0196128599345684,0.0028273195493966,0.0144774736836552,-0.024813937023282,-0.003113719401881,0.001104082679376,-0.0135345309972763,0.0134265609085559,-0.0050132567994296,0.0223047975450754,-0.0119331944733858,0.0142111862078309,-0.0034889227245002,-0.0005797233898192,-0.0105036189779639,0.0055377036333084,-0.005443678703159,-0.0389355570077896,-0.0166940502822399,0.0053506745025515,-0.0314500704407692,0.0195232983678579,-0.0017240678425878,0.007812513038516,0.0279216282069683,0.0273484550416469,-0.0184822138398885,-0.0269019473344087,-0.0142653351649642,-0.0120034860447049,0.0026049248408526,0.0165602415800094,0.0132794193923473,-0.0151645950973033,-0.0062677324749529,0.0237258747220039,-0.0051605589687824,0.0589329302310943,-0.0028819101862609,0.004361470695585,0.0083815297111868,-0.0345865115523338,-0.0151905640959739,-0.0180153753608465,0.0101862186565995,0.001182759180665,0.0048977811820805,-0.0041224793531,-0.0126147484406828,-0.036322433501482,0.0069686900824308,-0.0172894280403852,-0.0051903203129768,0.0002789996215142,0.0153622832149267,-0.0025041778571903,0.0094205494970083,0.0084174871444702,0.0090497648343443,0.0303555727005004,-0.0137332305312156,0.0052310465835034,0.0059676868841052,0.0204625912010669,-0.0028249232564121,-0.0447591505944728,0.0056657441891729,0.0484110824763774,0.0112676490098238,-0.0050236992537975,-0.0050139357335865,0.0431566461920738,-0.0039193555712699,0.0341089516878128,-0.0044970111921429,-0.0190743803977966,0.0047996044158935,0.0403383150696754,0.0016859053866937,0.0022823505569249,0.0098176281899213,-0.0176168885082006,0.0263889096677303,-0.0015990132233127,0.0316643603146076,-0.0457735732197761,-0.0020985838491469,-0.0072704595513641,0.0386434644460678,0.0210329871624708,0.0002531545469537,-0.0397979319095611,0.0136639904230833,-0.0117405792698264,0.0,0.0670215934514999,-0.0104843229055404,-0.2659769952297211,0.0138748548924922,-0.0298840347677469,0.0196566544473171,0.0069616297259926,-0.0239633657038211,-0.0105736590921878,0.0226171277029936,0.006994945336971,0.0204631691552652,0.0277320753558907,0.0355411867218868,0.0334069308224098,0.0228864356021383,0.0582414886553166,-0.0605815844949685,0.125714297974008,0.1033925731098419,-0.1594430213909268,2019-02-07,2019-02-08,2019-02-11,2019-02-12,2019-02-13,2019-02-14,2019-02-15,2019-02-19,2019-02-20,2019-02-21,13318.0,2019-02-06,252.0,-0.7748%,-0.0007,1.1778,1.1256,-0.4772,2.9889%,3.3862%,22.0872%,-0.00486,YELP,13318.0,2019-02-07,252.0,-2.3963%,-0.0007,1.1856,1.1196,-0.4787,2.9889%,3.3894%,22.2361%,-0.009785,YELP,13318.0,2019-02-08,252.0,4.7724%,-0.0006,1.1785,1.0956,-0.5241,2.9997%,3.4015%,22.2258%,0.042694,YELP,13318.0,2019-02-11,252.0,-0.2106%,-0.0002,1.0402,1.2145,-0.5323,2.9250%,3.2837%,20.6510%,-0.009882,YELP,13318.0,2019-02-12,252.0,2.6121%,-0.0001,1.0548,1.2037,-0.523,2.9243%,3.2871%,20.8590%,0.010727,YELP,13318.0,2019-02-13,252.0,-1.1057%,-0.0002,1.0492,1.2074,-0.5258,2.9253%,3.2861%,20.7569%,-0.014466,YELP,13318.0,2019-02-14,252.0,-0.7020%,-0.0002,1.0534,1.2002,-0.5194,2.9255%,3.2861%,20.7442%,-0.014245,YELP,13318.0,2019-02-15,252.0,4.5824%,-0.0002,1.0312,1.1839,-0.5506,2.9136%,3.2693%,20.5756%,0.033313,YELP,13318.0,2019-02-19,252.0,-0.6009%,-0.0003,1.0291,1.1782,-0.5569,2.9143%,3.2683%,20.4942%,-0.00985,YELP,13318.0,2019-02-20,252.0,-2.3929%,-0.0004,1.023,1.1686,-0.5777,2.9180%,3.2717%,20.4532%,-0.025514,YELP,13318.0,2019-02-21,252.0,-1.9613%,-0.0006,1.0444,1.2086,-0.5384,2.9033%,3.2647%,20.9186%,-0.0164379999999999,YELP,-0.014645,0.028049,0.018167,0.014428,-0.0183059999999999
27427,YELP INC,"Seeing Sharp Spike Up In Yelp Shares, Net Yet Seeing News To Explain Price Action",6,uncertain,0.6,0.5,the sharp spike in yelp shares without any news to explain the price action creates uncertainty about the sustainability of the increase.,1,2019-02-06,YELP,2019-02-06 19:39:00+00:00,13318.0,98581710,-0.0077478201128542,3723406.0,-0.0239633657038211,-0.0105736590921878,0.0477241240441799,0.0177563540637493,-0.0021063196472823,0.0205930825322866,0.0261213146150112,-0.0008231163956224,-0.0110568348318338,0.0063500697724521,-0.0070202928036451,-0.0130790062248706,0.0458235144615173,-0.0097139934077858,-0.0060089603066444,0.0340402126312255,-0.0239294897764921,0.0104313204064965,-0.0196128599345684,0.0028273195493966,0.0144774736836552,-0.024813937023282,-0.003113719401881,0.001104082679376,-0.0135345309972763,0.0134265609085559,-0.0050132567994296,0.0223047975450754,-0.0119331944733858,0.0142111862078309,-0.0034889227245002,-0.0005797233898192,-0.0105036189779639,0.0055377036333084,-0.005443678703159,-0.0389355570077896,-0.0166940502822399,0.0053506745025515,-0.0314500704407692,0.0195232983678579,-0.0017240678425878,0.007812513038516,0.0279216282069683,0.0273484550416469,-0.0184822138398885,-0.0269019473344087,-0.0142653351649642,-0.0120034860447049,0.0026049248408526,0.0165602415800094,0.0132794193923473,-0.0151645950973033,-0.0062677324749529,0.0237258747220039,-0.0051605589687824,0.0589329302310943,-0.0028819101862609,0.004361470695585,0.0083815297111868,-0.0345865115523338,-0.0151905640959739,-0.0180153753608465,0.0101862186565995,0.001182759180665,0.0048977811820805,-0.0041224793531,-0.0126147484406828,-0.036322433501482,0.0069686900824308,-0.0172894280403852,-0.0051903203129768,0.0002789996215142,0.0153622832149267,-0.0025041778571903,0.0094205494970083,0.0084174871444702,0.0090497648343443,0.0303555727005004,-0.0137332305312156,0.0052310465835034,0.0059676868841052,0.0204625912010669,-0.0028249232564121,-0.0447591505944728,0.0056657441891729,0.0484110824763774,0.0112676490098238,-0.0050236992537975,-0.0050139357335865,0.0431566461920738,-0.0039193555712699,0.0341089516878128,-0.0044970111921429,-0.0190743803977966,0.0047996044158935,0.0403383150696754,0.0016859053866937,0.0022823505569249,0.0098176281899213,-0.0176168885082006,0.0263889096677303,-0.0015990132233127,0.0316643603146076,-0.0457735732197761,-0.0020985838491469,-0.0072704595513641,0.0386434644460678,0.0210329871624708,0.0002531545469537,-0.0397979319095611,0.0136639904230833,-0.0117405792698264,0.0,0.0670215934514999,-0.0104843229055404,-0.2659769952297211,0.0138748548924922,-0.0298840347677469,0.0196566544473171,0.0069616297259926,-0.0239633657038211,-0.0105736590921878,0.0226171277029936,0.006994945336971,0.0204631691552652,0.0277320753558907,0.0355411867218868,0.0334069308224098,0.0228864356021383,0.0582414886553166,-0.0605815844949685,0.125714297974008,0.1033925731098419,-0.1594430213909268,2019-02-07,2019-02-08,2019-02-11,2019-02-12,2019-02-13,2019-02-14,2019-02-15,2019-02-19,2019-02-20,2019-02-21,13318.0,2019-02-06,252.0,-0.7748%,-0.0007,1.1778,1.1256,-0.4772,2.9889%,3.3862%,22.0872%,-0.00486,YELP,13318.0,2019-02-07,252.0,-2.3963%,-0.0007,1.1856,1.1196,-0.4787,2.9889%,3.3894%,22.2361%,-0.009785,YELP,13318.0,2019-02-08,252.0,4.7724%,-0.0006,1.1785,1.0956,-0.5241,2.9997%,3.4015%,22.2258%,0.042694,YELP,13318.0,2019-02-11,252.0,-0.2106%,-0.0002,1.0402,1.2145,-0.5323,2.9250%,3.2837%,20.6510%,-0.009882,YELP,13318.0,2019-02-12,252.0,2.6121%,-0.0001,1.0548,1.2037,-0.523,2.9243%,3.2871%,20.8590%,0.010727,YELP,13318.0,2019-02-13,252.0,-1.1057%,-0.0002,1.0492,1.2074,-0.5258,2.9253%,3.2861%,20.7569%,-0.014466,YELP,13318.0,2019-02-14,252.0,-0.7020%,-0.0002,1.0534,1.2002,-0.5194,2.9255%,3.2861%,20.7442%,-0.014245,YELP,13318.0,2019-02-15,252.0,4.5824%,-0.0002,1.0312,1.1839,-0.5506,2.9136%,3.2693%,20.5756%,0.033313,YELP,13318.0,2019-02-19,252.0,-0.6009%,-0.0003,1.0291,1.1782,-0.5569,2.9143%,3.2683%,20.4942%,-0.00985,YELP,13318.0,2019-02-20,252.0,-2.3929%,-0.0004,1.023,1.1686,-0.5777,2.9180%,3.2717%,20.4532%,-0.025514,YELP,13318.0,2019-02-21,252.0,-1.9613%,-0.0006,1.0444,1.2086,-0.5384,2.9033%,3.2647%,20.9186%,-0.0164379999999999,YELP,-0.014645,0.028049,0.018167,0.014428,-0.0183059999999999
27435,DIREXION SHARES E T F TRUST,"US Markets Are Rebounding, Here's What's Happening In The Rest Of The World",6,uncertain,0.5,0.5,"while us markets are rebounding, the impact on direxion shares e t f trust's stock price is uncertain as it depends on various factors including the specific etfs involved and their correlation with global market trends.",1,2019-02-06,YINN,2019-02-06 17:51:00+00:00,93158.0,25460G19,-0.0345858000218868,1716337.0,-0.0349403321743011,0.0441373065114021,0.0,0.001339316368103,0.0077910209074616,-0.0269331373274326,0.0045475391671061,0.0411578379571437,0.0276143327355384,0.0513552017509937,-0.0092511447146534,-0.0023718802258372,-0.016451708972454,-0.0231696013361215,0.0429475046694278,0.0578431524336338,0.016471654176712,0.0323886312544345,-0.0055437553673982,0.0307772643864154,0.0501715317368507,-0.0616740174591541,0.0563495755195617,0.0281831622123718,-0.0235794577747583,0.0101678073406219,-0.0463182926177978,0.0396405905485153,-0.0195101406425237,0.0265870727598667,0.0338695682585239,-0.0340670645236969,0.0151515491306781,-0.0124223483726382,0.0363049432635307,0.015239043161273,-0.0284157823771238,0.0525442920625209,-0.0661057531833648,0.0134529015049338,-0.0536250546574592,0.0067720566876232,0.0589302442967891,0.1006210520863533,0.0308218877762556,-0.048463337123394,-0.0058139283210039,-0.0270269885659217,-0.0104427738115191,-0.001148791401647,0.0401012599468231,-0.0040045594796538,0.0361201837658882,-0.0248959250748157,0.0107167679816484,0.0589275211095809,-0.0147629827260971,-0.0258324202150106,-0.0015773231862112,-0.0207982473075389,-0.0868877917528152,-0.0033613145351409,-0.0056228833273053,-0.0490143857896328,0.0030447889585047,-0.0115850083529949,-0.0052037700079381,-0.0413932204246521,0.0222319196909666,-0.0322422981262207,0.0311300437897443,0.0219669807702302,0.0446650087833404,0.045953057706356,-0.0158352982252836,0.0207888800650835,0.022928386926651,-0.0157397296279668,0.029492724686861,-0.0615460388362407,0.0213903542608022,-0.0442353188991546,-0.0086013292893767,-0.0475123040378093,-0.0082987295463681,0.0493884868919849,-0.0038037421181797,0.0406265258789062,-0.0439098738133907,-0.0497674271464347,0.0383386202156543,0.0707171335816383,-0.0326923206448555,0.0029969762545078,0.0397614315152168,0.0575805678963661,0.0061185411177575,-0.040547352284193,0.0011402770178392,0.052828162908554,-0.022779056802392,-0.0472801364958286,-0.0015539630549028,-0.0502172410488128,-0.0439689122140407,0.009751284494996,-0.0219779815524816,0.0599483102560043,0.0153973754495382,0.0146827837452292,0.0143442777916789,0.0618040449917316,-0.0185858216136694,-0.0328487157821655,-0.0164677444845438,-0.0784119069576263,-0.0071159512735903,-0.0649651810526847,0.0489038750529289,0.0579282455146312,-0.0349403321743011,0.0441373065114021,-0.0349403321743011,0.0455357366965598,-0.0274215321253231,0.0173761791193729,0.0039805457125601,0.1136471385406734,0.0314019914591297,0.2217005717442159,0.1226254461377751,0.3196797086106608,0.1031169285840989,0.1525332494108728,2019-02-07,2019-02-08,2019-02-11,2019-02-12,2019-02-13,2019-02-14,2019-02-15,2019-02-19,2019-02-20,2019-02-21,93158.0,2019-02-06,252.0,-3.4586%,-0.002,2.8107,-0.2094,-0.0523,3.2340%,4.4726%,47.7194%,-0.0285939999999999,YINN,93158.0,2019-02-07,252.0,-3.4940%,-0.0021,2.8091,-0.2043,-0.0545,3.2340%,4.4648%,47.5328%,-0.008969,YINN,93158.0,2019-02-08,252.0,0.0000%,-0.0015,2.8055,-0.0805,0.0119,3.1185%,4.3668%,48.9994%,-0.002902,YINN,93158.0,2019-02-11,252.0,0.7791%,-0.0014,2.771,-0.0399,0.0158,3.1138%,4.2880%,47.2667%,0.004267,YINN,93158.0,2019-02-12,252.0,0.4548%,-0.0013,2.7759,-0.0694,0.0236,3.1115%,4.2881%,47.3475%,-0.033203,YINN,93158.0,2019-02-13,252.0,2.7614%,-0.0013,2.7776,-0.0637,0.0298,3.1143%,4.2841%,47.1554%,0.019767,YINN,93158.0,2019-02-14,252.0,-0.9251%,-0.0012,2.7785,-0.0644,0.0296,3.1140%,4.2845%,47.1757%,-0.003014,YINN,93158.0,2019-02-15,252.0,-1.6452%,-0.0017,2.7085,-0.1324,-0.0908,3.1126%,4.2488%,46.3314%,-0.04793,YINN,93158.0,2019-02-19,252.0,4.2948%,-0.0017,2.7016,-0.0867,-0.0388,3.1081%,4.2272%,45.9403%,0.0383579999999999,YINN,93158.0,2019-02-20,252.0,1.6472%,-0.0016,2.7051,-0.0801,-0.0267,3.1091%,4.2286%,45.9393%,0.0116429999999999,YINN,93158.0,2019-02-21,252.0,-0.5544%,-0.0014,2.6884,-0.1127,-0.0573,3.0978%,4.2122%,45.9154%,0.004247,YINN,-0.037563,-0.040465,-0.036198,-0.049634,-0.04633
27443,YANDEX N V,'Yandex launches production of original TV series;  is in talks with production companies' -Russian Newspaper Vedemosti Reports,6,increase,0.7,0.6,"the launch of original tv series could enhance yandex's content offerings and attract more users, potentially leading to increased revenue and a positive impact on stock price.",2,2019-02-06,YNDX,2019-02-06 16:17:00+00:00,12799.0,N9728410,-0.0188843049108982,1516345.0,-0.0219129901379346,0.0046701650135219,0.0060551245696842,0.0172208435833454,0.0081252017989754,0.0029779174365103,0.0152238309383392,-0.0062148291617631,-0.0044104005210101,0.0467782579362392,0.0162433329969644,-0.0235935430973768,-0.0854402929544448,-0.016071343794465,0.0432158410549163,0.0493440963327884,0.0009137611486949,0.0230032335966825,-0.0325623750686645,0.0252210460603237,0.0597671493887901,-0.0094094425439834,-0.0029681946616619,-0.0067676762118935,-0.0062518334016203,0.0409259051084518,-0.0089873941615223,0.0091400993987917,0.0399032533168792,-0.0003383526927791,0.0069766817614436,-0.0113750472664833,0.0103926276788115,0.0063972598873078,0.0331428535282611,-0.0026863641105592,-0.0049778847023844,0.023719510063529,-0.0214007906615734,0.002412118948996,-0.0031241299584507,0.0161064770072698,0.0256410706788301,0.0656716525554657,-0.0116666154935956,-0.0258088335394859,0.003934777341783,0.0058500855229794,-0.0008399382350035,-0.0200644731521606,0.0081255510449409,0.0126995788887143,-0.0002778855268843,-0.0082764104008674,-0.0011120631825178,0.0262186489999294,-0.0047314772382378,0.0242057256400585,0.0033557815477252,-0.0307917930185794,-0.015886278823018,0.00073369249003,0.0118945948779583,0.0022058626636862,-0.0039182589389383,-0.0101891839876771,-0.0210733357816934,-0.0189218372106552,0.0218139588832855,0.0039426744915544,-0.0353932119905948,-0.0275357589125633,-0.0107745761051774,0.0685288682579994,0.028260201215744,-0.0379792004823684,-0.0045805852860212,-0.0268479939550161,-0.0037388859782367,0.0027972001116722,0.0164549574255943,-0.0034843338653445,0.0153365787118673,-0.0436520986258983,0.0064335535280406,0.0172881428152322,0.0408560670912265,0.0116598131135106,0.0093457531183958,-0.0257267113775014,0.029100589454174,0.0295837838202714,0.0025706547312438,0.0037983637303113,-0.0043589272536337,0.0229600723832845,-0.0162245947867631,-0.0364193245768547,-0.0225131046026945,0.054937120527029,0.0026780522894114,-0.0426263250410556,0.0098825525492429,-0.0054700803011655,-0.0050251898355782,-0.0054403212852776,-0.0132908029481768,0.0172950532287359,-0.0115840602666139,0.0310270655900239,0.0171709209680557,0.010814749635756,0.0029474976472556,-0.0166607350111007,0.0173657909035682,-0.0305842366069555,-0.0414916425943374,-0.0205317642539739,0.0202740188688039,-0.0145937157794833,-0.0219129901379346,0.0046701650135219,-0.0159905514532299,0.0219714327780735,-0.0079952761116888,0.0250147793273587,0.0026650915801953,0.066294902171162,-0.0586319048790199,0.1274155687038365,0.0624815153081657,0.2617301040967934,0.1027539672776813,0.1416251548758997,2019-02-07,2019-02-08,2019-02-11,2019-02-12,2019-02-13,2019-02-14,2019-02-15,2019-02-19,2019-02-20,2019-02-21,12799.0,2019-02-06,252.0,-1.8884%,-0.0003,1.1616,0.8606,-0.1686,2.4368%,2.8148%,25.0561%,-0.016214,YNDX,12799.0,2019-02-07,252.0,-2.1913%,-0.0004,1.1543,0.8739,-0.1723,2.4352%,2.8112%,24.9612%,-0.009434,YNDX,12799.0,2019-02-08,252.0,0.6055%,-0.0003,1.1535,0.8805,-0.1715,2.4348%,2.8110%,24.9748%,0.003291,YNDX,12799.0,2019-02-11,252.0,0.8125%,-0.0003,1.1382,0.8967,-0.1707,2.4336%,2.7949%,24.1829%,0.000994,YNDX,12799.0,2019-02-12,252.0,1.5224%,-0.0003,1.1321,0.9041,-0.1751,2.4328%,2.7938%,24.1738%,-0.000825,YNDX,12799.0,2019-02-13,252.0,-0.4410%,-0.0004,1.1284,0.9072,-0.1765,2.4331%,2.7920%,24.0568%,-0.0081,YNDX,12799.0,2019-02-14,252.0,1.6243%,-0.0004,1.124,0.9136,-0.1811,2.4309%,2.7893%,24.0475%,0.0127719999999999,YNDX,12799.0,2019-02-15,252.0,-8.5440%,-0.0009,1.0404,0.8279,-0.3309,2.5044%,2.8298%,21.6736%,-0.099656,YNDX,12799.0,2019-02-19,252.0,4.3216%,-0.001,1.0279,0.8822,-0.2687,2.4821%,2.7986%,21.3420%,0.039731,YNDX,12799.0,2019-02-20,252.0,0.0914%,-0.001,1.0276,0.881,-0.2698,2.4821%,2.7985%,21.3373%,-0.001602,YNDX,12799.0,2019-02-21,252.0,-3.2562%,-0.0013,1.0458,0.9119,-0.2363,2.4796%,2.8019%,21.6816%,-0.028864,YNDX,-0.0256479999999999,-0.022357,-0.021363,-0.030288,-0.107907
27451,ZUMIEZ INC,"Zumiez Reports January Sales $53.9M, Down From $66 YoY",6,decrease,0.8,0.7,"the significant drop in sales from $66 million to $53.9 million year-over-year suggests declining performance, which is likely to negatively impact investor sentiment and lead to a decrease in stock price.",0,2019-02-06,ZUMZ,2019-02-06 21:00:00+00:00,90715.0,98981710,-0.0220282115042209,443608.0,0.0004249991034157,-0.0356713943183422,-0.0076465718448162,-0.0075576226226985,0.0214041098952293,-0.0106257563456893,-0.0033528886269778,0.005142371635884,-0.0075693987309932,0.020177561789751,-0.0042373044416308,-0.006016831845045,0.0306382682174444,0.0444071814417839,0.0284888744354248,0.0249033868312835,0.0353272221982479,0.0126087358221411,-0.0271423310041427,-0.0060501033440232,-0.0035870925057679,-0.0256842356175184,-0.0127999875694513,0.025474963709712,-0.0081037580966949,0.0357781387865543,0.0138888955116272,0.0289922263473272,-0.0048347674310207,-0.0162969939410686,0.0251011699438095,-0.0040577165782451,-0.030410761013627,-0.0310178734362125,0.0073319883085787,0.0761635601520538,0.0097048031166195,0.0085348654538393,0.0136163458228111,0.0144299771636724,-0.0276570077985525,0.0473551899194717,0.0,0.0253099054098129,-0.0012190445559099,-0.0132517954334616,0.0305126123130321,0.0234742183238267,-0.0651401355862617,0.0084166144952178,0.0135135008022189,-0.0005257743760012,0.0225000381469726,-0.0020985838491469,-0.0101874489337205,0.0659955441951751,-0.0366406440734863,-0.0044543389230966,-0.0102564003318548,-0.0291892383247613,-0.0280656144022941,-0.0064447280019521,0.0426476709544658,-0.0189672652631998,-0.0012781755067408,-0.0093945879489183,0.0153583064675331,0.0068312748335301,0.0155462538823485,0.039322841912508,0.0297889653593301,-0.0260638184845447,0.0188831351697444,0.0048102703876793,-0.018533170223236,0.0005346695543266,-0.0024105852935463,0.0207424163818359,0.045912180095911,-0.0488058440387249,0.0127069670706987,0.0026028708089143,0.0022814210969954,-0.0337022170424461,-0.0049317548982799,0.0081135826185345,0.0186808910220861,0.0265486855059862,-0.0123502966016531,-0.001040065428242,0.0181887634098529,0.0,-0.0141422050073742,-0.0113111166283488,0.0018875478999689,0.0226077958941459,-0.003014386864379,-0.0330452285706996,0.0045351791195571,0.0271540712565183,-0.0060195578262209,-0.0410615801811218,0.0147615214809775,-0.0444976240396499,0.0298396553844213,-0.0009560448233969,-0.0079681714996695,0.0023957467637956,0.010222733952105,-0.0085509931668639,0.0025298045948147,-0.0089454110711812,-0.0400144420564174,0.0080683473497629,-0.0443108677864074,-0.0254394598305225,0.0133595336228609,0.0112255234271287,0.0445909090340137,-0.0308250375092029,0.0004249991034157,-0.0356713943183422,-0.0072248225275787,-0.0429594260043572,0.0140246464722968,-0.0531287059565734,0.0029749131828038,-0.0290557399695529,0.066298319465039,0.0397579967692021,-0.0157246390684133,0.3005405083386125,0.1449213707154351,0.0906618247439683,2019-02-07,2019-02-08,2019-02-11,2019-02-12,2019-02-13,2019-02-14,2019-02-15,2019-02-19,2019-02-20,2019-02-21,90715.0,2019-02-06,252.0,-2.2028%,0.0009,0.8492,1.4848,0.7634,2.3557%,2.5881%,17.1561%,-0.020712,ZUMZ,90715.0,2019-02-07,252.0,0.0425%,0.0009,0.8511,1.4796,0.7654,2.3557%,2.5881%,17.1541%,0.007175,ZUMZ,90715.0,2019-02-08,252.0,-0.7647%,0.0009,0.8516,1.4918,0.7756,2.3547%,2.5884%,17.2469%,-0.003971,ZUMZ,90715.0,2019-02-11,252.0,2.1404%,0.001,0.8459,1.5074,0.7811,2.3549%,2.5884%,17.2311%,0.008482,ZUMZ,90715.0,2019-02-12,252.0,-0.3353%,0.0011,0.8615,1.4765,0.7946,2.3431%,2.5786%,17.4289%,-0.01393,ZUMZ,90715.0,2019-02-13,252.0,-0.7569%,0.0011,0.8709,1.4556,0.7878,2.3394%,2.5755%,17.4978%,-0.011524,ZUMZ,90715.0,2019-02-14,252.0,-0.4237%,0.0011,0.8718,1.4516,0.7933,2.3389%,2.5746%,17.4752%,-0.005508,ZUMZ,90715.0,2019-02-15,252.0,3.0638%,0.001,0.8526,1.4357,0.7639,2.3309%,2.5591%,17.0383%,0.01325,ZUMZ,90715.0,2019-02-19,252.0,2.8489%,0.0011,0.8603,1.4423,0.7706,2.3328%,2.5643%,17.2417%,0.020314,ZUMZ,90715.0,2019-02-20,252.0,3.5327%,0.0012,0.868,1.4628,0.7989,2.3376%,2.5733%,17.4839%,0.026181,ZUMZ,90715.0,2019-02-21,252.0,-2.7142%,0.0013,0.8629,1.4474,0.7897,2.3349%,2.5665%,17.2354%,-0.0211689999999999,ZUMZ,-0.013537,-0.017508,-0.009026,-0.03448,-0.0014119999999999
27459,A B M INDUSTRIES INC,Maxim Group Initiates Coverage On ABM Industries with Buy Rating,6,increase,0.8,0.6,"initiating coverage with a 'buy' rating typically signals positive sentiment and can attract investor interest, likely leading to an increase in stock price.",2,2019-02-14,ABM,2019-02-14 13:40:00+00:00,47730.0,00095710,-0.001665779389441,349119.0,0.006674129050225,-0.0035961566027253,0.0041435831226408,0.0255319587886333,0.0101788928732276,0.0184917468577623,-0.0010893495054915,-0.002018445637077,0.0081788236275315,0.0,-0.01162791531533,-0.0114025510847568,-0.013406234793365,0.0168116465210914,-0.0091514643281698,0.0114335790276527,-0.0019591294694691,-0.0023398075718432,0.0098148761317133,0.0202924609184265,-0.0097194807603955,0.0047975969500839,0.0100953616201877,-0.0150620825588703,0.0147140137851238,-0.0044104005210101,-0.081532135605812,0.0014722979394719,-0.02621391415596,-0.0176453758031129,0.0247782617807388,-0.0187340285629034,-0.0068656578660011,-0.0208449140191078,0.0174330621957778,0.0291762147098779,0.0017725664656609,-0.0002860204840544,0.0150397615507245,0.0121563533321023,0.0069727394729852,0.0128994025290012,0.0020196102559566,-0.0049591064453125,-0.0046069636009633,-0.0258596166968345,0.0112814400345087,0.0077319722622632,-0.0308923926204443,-0.0017153051448985,0.018890181556344,0.0448028668761253,0.0101390052586793,0.0459231883287429,0.0143389739096164,0.0342487096786499,0.0158326663076877,-0.0105498693883419,0.0116893453523516,-0.0202429126948118,0.0176066905260086,0.0328079909086227,0.0105433734133839,0.0090879807248711,-0.0061530186794698,-0.0093247881159186,-0.0037868376821279,0.0806115269660949,0.0078739365562796,-0.0467041991651058,-0.0016163135878741,-0.0283231139183044,-0.0153804551810026,0.0094216698780655,0.014250386506319,0.1374723315238953,-0.0002701519115362,0.0431765206158161,0.0113513022661209,0.001544436905533,0.001870751264505,-0.0155834229663014,-0.0088023953139781,-0.0359106436371803,-0.0067276642657816,0.0103665562346577,0.0124627221375703,-0.020311914384365,0.0034787550102919,-0.0223404634743928,0.0114666745066642,-0.0312607288360595,-0.0058001903817057,-0.0182124450802803,-0.0172367468476295,-0.0441650822758674,0.0059362491592764,-0.0208333283662796,0.0152896922081708,0.0114942723885178,0.00317048211582,0.0215264130383729,-0.0352910235524177,0.0162412915378809,0.0215669423341751,-0.0088699227198958,0.025120323523879,0.0069467746652662,0.0013034212170168,-0.0032970781903713,-0.0117157185450196,0.0109999971464276,-0.0007902734214439,-0.0421455837786197,0.006591088604182,-0.0047664321027696,0.0036668253596872,0.0164728760719299,-0.0268788821995258,0.0258448906242847,0.006674129050225,-0.0035961566027253,0.0108453669813566,0.0218439852637297,0.0211346536832583,0.0407396655673537,0.0283648634869329,0.0386389891300562,0.0013904132858728,0.0749030819124887,0.0108453657268305,0.1282241023947345,0.0420344781181902,0.2003736380081231,2019-02-15,2019-02-19,2019-02-20,2019-02-21,2019-02-22,2019-02-25,2019-02-26,2019-02-27,2019-02-28,2019-03-01,47730.0,2019-02-14,252.0,-0.1666%,0.0004,1.0814,0.5417,0.6372,1.9350%,2.2133%,23.5617%,0.001398,ABM,47730.0,2019-02-15,252.0,0.6674%,0.0003,1.0679,0.5285,0.6138,1.9354%,2.2061%,23.0339%,-0.010058,ABM,47730.0,2019-02-19,252.0,0.4144%,0.0003,1.0691,0.5252,0.6101,1.9352%,2.2062%,23.0553%,-0.00136,ABM,47730.0,2019-02-20,252.0,1.0179%,0.0003,1.0699,0.5265,0.6128,1.9353%,2.2069%,23.0966%,0.003537,ABM,47730.0,2019-02-21,252.0,-0.1089%,0.0003,1.0733,0.5344,0.619,1.9340%,2.2068%,23.2008%,0.004547,ABM,47730.0,2019-02-22,252.0,0.8179%,0.0003,1.0715,0.5563,0.6175,1.9321%,2.2056%,23.2642%,0.0072619999999999,ABM,47730.0,2019-02-25,252.0,-1.1628%,0.0003,1.0716,0.5618,0.6205,1.9334%,2.2069%,23.2512%,-0.010777,ABM,47730.0,2019-02-26,252.0,-1.3406%,0.0003,1.071,0.5713,0.6249,1.9337%,2.2061%,23.1715%,-0.006148,ABM,47730.0,2019-02-27,252.0,-0.9151%,0.0002,1.0704,0.5692,0.6248,1.9349%,2.2061%,23.0741%,-0.010551,ABM,47730.0,2019-02-28,252.0,-0.1959%,0.0003,1.0591,0.5616,0.616,1.9308%,2.1955%,22.6632%,0.0027069999999999,ABM,47730.0,2019-03-01,252.0,0.9815%,0.0003,1.0575,0.5591,0.6123,1.9307%,2.1929%,22.4796%,0.0029349999999999,ABM,-0.00866,-0.01002,-0.006483,0.0053259999999999,-0.016508
27467,ACASTI PHARMA INC,"Acasti Pharma, Inc. Q3 EPS $(0.07) Beats $(0.16) Estimate",6,increase,0.7,0.6,"the earnings per share (eps) beating estimates typically indicates better-than-expected financial performance, which can positively influence investor sentiment and lead to an increase in stock price.",2,2019-02-14,ACST,2019-02-14 13:30:00+00:00,13750.0,00430K87,0.0502386912703514,625055.0,-0.0151515128090977,-0.0331868156790733,0.0120878871530294,0.0112234773114323,0.031596090644598,-0.0760779902338981,-0.0106304669752717,0.0135275246575474,0.0744680762290954,-0.0578430965542793,0.0693069845438003,-0.0285714026540517,0.0,0.0194174572825431,-0.0185186099261045,-0.0373832508921623,0.0188680198043584,0.0,0.0185185000300407,0.0190477147698402,-0.0181818008422851,0.0,-0.0185186099261045,-0.0277778599411249,-0.0094339540228247,-0.0091743031516671,-0.0190476011484861,0.0582524873316288,-0.0194174572825431,-0.0373832508921623,0.0198019612580537,-0.0272727012634277,0.0097087286412715,-0.0090089999139308,0.0384616181254386,0.0090909004211425,-0.0277778599411249,0.0091743031516671,0.0190477147698402,0.0092592500150203,-0.0093458965420722,-0.0608695074915885,0.0094340657815337,0.0,0.0,0.0454545021057128,0.0,0.0476191192865371,-0.0186916813254356,0.1413042694330215,0.0,0.0,-0.0285714026540517,0.0222222674638032,0.0,0.031045900657773,0.01960782520473,-0.0301110744476318,-0.0192307513207197,0.0818607732653617,0.009803912602365,0.1318367123603821,-0.0194174572825431,0.065217413008213,-0.0099009806290268,-0.0142857013270258,-0.010200023651123,-0.0015689684078097,-0.0422307178378105,-0.0773785784840583,0.0242616049945354,0.000922019185964,-0.0422245189547538,0.0845714136958122,0.0215053558349609,0.018922870978713,0.0074736694805324,0.0387057103216648,-0.0001044373566401,0.0021212028805166,-0.0073145548813045,-0.0152192842215299,0.0241052471101284,-0.0692959278821945,-0.0225100200623273,0.1063143014907837,-0.0062039601616561,0.0058724069967865,-0.0276161041110754,-0.0280865188688039,-0.0435255914926528,-0.0171243250370025,0.0238907486200332,0.0341985076665878,-0.004666646476835,-0.0646865740418434,0.0045769419521093,-0.04068498685956,-0.0221135951578617,0.0735294297337532,-0.0147727401927113,-0.0144927399232983,-0.0138407899066805,0.1129032149910927,-0.0116958953440189,-0.0913087651133537,0.0105325281620025,-0.0114459572359919,-0.0197915472090244,-0.0140000246465206,-0.038231786340475,0.0606059990823268,-0.0049689542502164,-0.0193164218217134,0.0,-0.0780822485685348,0.0068589244037866,-0.0266666412353515,-0.0142517872154712,0.0961707308888435,-0.0151515128090977,-0.0331868156790733,-0.0032467754331023,-0.0223358098404536,0.0282467298006086,-0.0967145365514435,0.0930735513583578,-0.1374509457630339,0.1904761838383977,-0.1620951823776734,0.1038960544923837,0.0575790576236507,-0.1396103947479479,0.2858813684210728,2019-02-15,2019-02-19,2019-02-20,2019-02-21,2019-02-22,2019-02-25,2019-02-26,2019-02-27,2019-02-28,2019-03-01,13750.0,2019-02-14,252.0,5.0239%,0.0006,0.8231,-0.6803,-1.3771,6.2706%,6.4267%,4.7985%,0.0476959999999999,ACST,13750.0,2019-02-15,252.0,-1.5152%,0.0006,0.8314,-0.6746,-1.3659,6.2697%,6.4263%,4.8128%,-0.016241,ACST,13750.0,2019-02-19,252.0,1.2088%,0.0008,0.8441,-0.6781,-1.3709,6.2676%,6.4262%,4.8752%,0.016462,ACST,13750.0,2019-02-20,252.0,3.1596%,0.001,0.8543,-0.6568,-1.3349,6.2722%,6.4290%,4.8204%,0.038924,ACST,13750.0,2019-02-21,252.0,-1.0630%,0.001,0.8462,-0.676,-1.3496,6.2697%,6.4266%,4.8231%,-0.011099,ACST,13750.0,2019-02-22,252.0,7.4468%,0.0013,0.8381,-0.6471,-1.4209,6.2775%,6.4409%,5.0108%,0.052746,ACST,13750.0,2019-02-25,252.0,6.9307%,0.0016,0.8351,-0.6808,-1.4496,6.2880%,6.4538%,5.0703%,0.06371,ACST,13750.0,2019-02-26,252.0,0.0000%,0.0016,0.8467,-0.6788,-1.4399,6.2875%,6.4538%,5.0868%,-0.007905,ACST,13750.0,2019-02-27,252.0,-1.8519%,0.0014,0.8271,-0.6504,-1.4433,6.2831%,6.4454%,4.9732%,-0.019819,ACST,13750.0,2019-02-28,252.0,1.8868%,0.0014,0.8229,-0.6528,-1.4502,6.2839%,6.4458%,4.9602%,0.017854,ACST,13750.0,2019-03-01,252.0,1.8519%,0.0015,0.8121,-0.6688,-1.4702,6.2828%,6.4450%,4.9716%,0.008596,ACST,0.031455,0.047917,0.086841,0.128488,0.1909239999999999
27475,ADOBE INC,Cooperman's Omega 13F Shows Liquidated 109K Share Stake In Adobe,6,decrease,0.7,0.6,"the liquidation of a significant share stake by a notable investor like cooperman may signal a lack of confidence in adobe's future performance, potentially leading to a decrease in stock price.",0,2019-02-14,ADBE,2019-02-14 18:27:00+00:00,75510.0,00724F10,-0.0003458338032942,1885137.0,-0.0026524271816015,-0.0043615722097456,-0.0063211200758814,0.0115328775718808,0.0011248925002291,0.0054086172021925,-0.0013173046754673,0.0128477746620774,0.0044226571917533,-0.0023982725106179,-0.0010814939159899,-0.0018444439629092,0.0100533841177821,0.0003140528860967,0.0064313323237001,0.0297518000006675,-0.0015214679297059,-0.0017754919826984,0.0057524181902408,0.0212222747504711,-0.0221582744270563,0.0184664204716682,-0.0030213773716241,-0.0148025704547762,-0.0038076422642916,-0.0126556064933538,-0.0036660968326032,0.0098532298579812,-0.0028184498660266,-0.0105246054008603,0.02441699616611,0.0052901096642017,0.0097716832533478,-0.01478723436594,0.003301563905552,0.012725044041872,0.0125198485329747,0.0101260468363761,-0.0395980663597583,-0.001691713463515,0.0026061434764415,0.0332537665963172,0.0103196911513805,-0.0125868469476699,-0.0026112555060535,-0.0009252690360881,0.0170940272510051,0.0099393092095851,-0.0169959515333175,0.0118188075721263,0.0099348705261945,0.0149175534024834,0.0126587385311722,0.0135726248845458,-0.0122369062155485,0.0486323870718479,0.004536107648164,-0.0394977517426013,0.0112320855259895,-0.0073815332725644,0.0213142093271017,0.0139380656182766,-0.0030128497164696,-0.0089277541264891,0.0005527691100724,0.009822841733694,-0.013296446762979,0.0867127776145935,-0.0016424742061644,-0.0174329467117786,0.0050850077532231,-0.0450491234660148,0.0006695907213725,-0.0267082136124372,0.0096285976469516,-0.0067645185627043,0.0011783170048147,0.0216821189969778,-0.0001471443392802,-0.0374782383441925,0.0013242694549262,-0.0728797242045402,-0.0029020959045737,0.0103033958002924,-0.0072946269065141,0.000855982361827,0.0041565969586372,0.0051210620440542,0.0060612191446125,0.0255882199853658,0.0230704192072153,-0.0503930263221263,-0.0109159331768751,0.0195671524852514,0.0080232033506035,-0.036981850862503,0.015486522577703,0.0174179729074239,0.0148248802870512,0.0072263162583112,0.0108687533065676,-0.0004815632419195,-0.0203975588083267,0.0730247870087623,-0.0130933169275522,0.0012501865858212,0.021241495385766,0.0283738654106855,-0.0067231003195047,-0.0018585635116323,-0.0232320260256528,0.0284439995884895,-0.0010828248923644,0.0001820441830204,-0.0035407757386565,-0.0803717076778411,0.0097538065165281,-0.0044175768271088,-0.0387101359665393,0.0201088152825832,-0.0026524271816015,-0.0043615722097456,-0.0089567809467755,0.0071210038838191,-0.0078419638622595,0.0125681358701146,-0.004766743708003,0.02311776906435,0.0148765852625625,0.0723616962145152,0.0244098352194426,0.1502387104864941,0.0290612592551275,0.1063260435408457,2019-02-15,2019-02-19,2019-02-20,2019-02-21,2019-02-22,2019-02-25,2019-02-26,2019-02-27,2019-02-28,2019-03-01,75510.0,2019-02-14,252.0,-0.0346%,0.0005,1.322,-0.2332,-1.482,1.1230%,2.2402%,74.8714%,-0.00509,ADBE,75510.0,2019-02-15,252.0,-0.2652%,0.0004,1.3101,-0.245,-1.5029,1.1242%,2.2376%,74.7591%,-0.009994,ADBE,75510.0,2019-02-19,252.0,-0.6321%,0.0004,1.3081,-0.246,-1.5038,1.1242%,2.2309%,74.6049%,-0.003691,ADBE,75510.0,2019-02-20,252.0,0.1125%,0.0004,1.3105,-0.2387,-1.4949,1.1247%,2.2303%,74.5694%,0.007352,ADBE,75510.0,2019-02-21,252.0,-0.1317%,0.0004,1.3143,-0.231,-1.4878,1.1229%,2.2301%,74.6485%,-0.000174,ADBE,75510.0,2019-02-22,252.0,0.4423%,0.0003,1.3183,-0.2449,-1.4531,1.1331%,2.2299%,74.1793%,-0.024821,ADBE,75510.0,2019-02-25,252.0,-0.1081%,0.0003,1.3179,-0.2421,-1.453,1.1336%,2.2299%,74.1555%,-0.006411,ADBE,75510.0,2019-02-26,252.0,1.0053%,0.0002,1.3098,-0.2419,-1.459,1.1318%,2.2203%,74.0136%,0.005718,ADBE,75510.0,2019-02-27,252.0,0.6431%,0.0003,1.3125,-0.2455,-1.4585,1.1315%,2.2196%,74.0131%,0.003861,ADBE,75510.0,2019-02-28,252.0,-0.1521%,0.0003,1.313,-0.2452,-1.4578,1.1315%,2.2171%,73.9536%,-0.00115,ADBE,75510.0,2019-03-01,252.0,0.5752%,0.0002,1.3172,-0.2388,-1.447,1.1311%,2.2173%,73.9759%,-0.008911,ADBE,-0.015084,-0.018775,-0.0114229999999999,-0.036418,-0.043311
27483,AMEREN CORP,"Ameren Q4 EPS $0.28 Misses $0.32 Estimate, Sales $1.419B Miss $1.53B Estimate",6,decrease,0.8,0.6,"the earnings per share and sales figures both missed analyst estimates, which typically leads to a negative reaction in stock prices.",0,2019-02-14,AEE,2019-02-14 13:00:00+00:00,24985.0,02360810,-0.0147016672417521,2081010.0,0.0094162179157137,-0.0018521852325648,0.0058839842677116,-0.0080553935840725,0.0044229589402675,0.004115239251405,0.0113635715097188,0.0107573149725794,0.0137640926986932,0.0120482193306088,-0.0180105715990066,0.0007263662992045,-0.0093114571645855,-0.0021742503158748,0.0028481478802859,0.0020333970896899,0.0116444155573844,-0.0070665976963937,-0.0043514538556337,0.0206063259392976,0.0052164490334689,0.0069660767912864,-0.0032258534338325,-0.0028081943746656,0.0,-0.004121265374124,0.0021106167696416,-0.0117817828431725,0.0067396196536719,0.0095448093488812,0.0121339298784732,0.0076945344917476,0.0037894865963608,0.0050565730780363,0.0078761875629425,0.0026841680519282,-0.0045242914929986,0.0058496985584497,0.0059220534749329,0.0095396311953663,-0.0072562810964882,0.0166256446391344,-0.0070335417985916,-0.0090008229017257,0.0031944911461323,-0.0039506838656961,0.0142599856480956,0.0222118720412254,0.0066884774714708,-0.0074006067588925,0.0074576684273779,0.0158183574676513,0.0060564861632883,-0.011456849053502,-0.0048160618171095,0.0141309108585119,-0.0125016849488019,0.0025184927508234,0.0012252106098458,-0.0260616969317197,-0.0103331357240676,0.0044656745158135,-0.0031598208006471,-0.0055130259133875,-0.0044101392850279,0.0147630861029028,-0.0094130719080567,0.0175521317869424,0.0115986848250031,-0.05527338758111,-0.0099461423233151,-0.0013426278019323,0.0048834728077054,-0.0026781775522977,-0.0072201704606413,-0.0025229768361896,0.0047551933676004,0.0010399598395451,0.0019488728139549,-0.0358114913105964,0.0006945737986825,-0.0089438511058688,-0.0163820683956146,0.0085911527276039,-0.0033874080982059,-0.0064021134749054,-0.0018410601187497,0.0007778507424518,0.0005674416315741,0.0041181612759828,0.0089337052777409,0.0037057367153465,0.0118059916421771,0.0017133458750322,0.0037505803629755,0.003438364714384,-0.0011071384651586,0.0171961560845375,-0.0113604832440614,0.0117959752678871,0.0197589136660099,-0.0042578317224979,-0.0072832047007977,-0.0082993544638156,0.0013842536136507,0.0126806339249014,0.0084324115887284,0.0010332057718187,-0.0027415622025728,0.0034064480569213,-0.0006873271777294,-0.0214493237435817,-0.0184318628162145,-0.0106108095496892,0.0075672771781682,0.0063491309992969,0.0193323977291584,-0.0012969641247764,0.017874164506793,0.009455943480134,0.0094162179157137,-0.0018521852325648,0.0153556070615028,-0.0098926587355985,0.0198464832213063,-0.005818130141723,0.0456323566210579,0.0169835710177088,0.027524287119268,0.031203930111904,0.0724721026756678,0.0740455900301619,0.0877826490216096,0.0260902716769912,2019-02-15,2019-02-19,2019-02-20,2019-02-21,2019-02-22,2019-02-25,2019-02-26,2019-02-27,2019-02-28,2019-03-01,24985.0,2019-02-14,252.0,-1.4702%,0.001,0.1741,-0.5887,-0.1337,1.0484%,1.1076%,10.3987%,-0.012242,AEE,24985.0,2019-02-15,252.0,0.9416%,0.0011,0.1896,-0.5738,-0.1073,1.0470%,1.1065%,10.4706%,0.009462,AEE,24985.0,2019-02-19,252.0,0.5884%,0.001,0.1833,-0.5593,-0.0904,1.0366%,1.0929%,10.0369%,0.00741,AEE,24985.0,2019-02-20,252.0,0.4423%,0.001,0.1844,-0.5578,-0.0867,1.0369%,1.0931%,10.0118%,0.005703,AEE,24985.0,2019-02-21,252.0,1.1364%,0.0011,0.1733,-0.5782,-0.1072,1.0275%,1.0852%,10.3467%,0.011356,AEE,24985.0,2019-02-22,252.0,1.3764%,0.0012,0.171,-0.5644,-0.1222,1.0295%,1.0847%,9.9242%,0.0141409999999999,AEE,24985.0,2019-02-25,252.0,-1.8011%,0.0011,0.1713,-0.5536,-0.1153,1.0380%,1.0914%,9.5403%,-0.020055,AEE,24985.0,2019-02-26,252.0,-0.9311%,0.001,0.1584,-0.5215,-0.1087,1.0284%,1.0756%,8.5863%,-0.013061,AEE,24985.0,2019-02-27,252.0,0.2848%,0.001,0.1657,-0.5337,-0.1074,1.0234%,1.0731%,9.0596%,0.003466,AEE,24985.0,2019-02-28,252.0,1.1644%,0.0011,0.1552,-0.5405,-0.1176,1.0209%,1.0701%,8.9758%,0.011896,AEE,24985.0,2019-03-01,252.0,-0.4351%,0.0012,0.1461,-0.554,-0.129,1.0182%,1.0680%,9.0995%,-0.004462,AEE,-0.0027799999999999,0.00463,0.010333,0.03583,0.013614
27491,AEGON N V,"Aegon shares are trading lower after the company reported 2018 revenue fell 12% from 2017 citing market weakness which 'impacted the value of our customers' investments, and thereby the results of our administration and services business.",6,decrease,0.85,0.7,the reported 12% decline in revenue due to market weakness is likely to negatively impact investor sentiment and lead to a decrease in aegon n v's stock price.,0,2019-02-14,AEG,2019-02-14 14:02:00+00:00,85172.0,00792410,-0.0425532422959804,4227227.0,0.0424242503941059,-0.0019304541638121,0.0213178563863039,0.015686260536313,0.0075901257805526,0.0139164393767714,-0.0112994248047471,-0.0156555622816085,-0.0038095202762633,-0.0229445286095142,0.0114722643047571,0.0077071217820048,0.0056711169891059,0.0077669825404882,0.003759394865483,-0.0038684681057929,0.0037453146651387,0.0,0.0,-0.0133587205782532,-0.0018657143227756,0.0174756646156311,-0.0056074266321957,-0.0038684681057929,-0.0093985321000218,-0.0038535608910024,-0.0303605031222105,0.0116958953440189,-0.0156555622816085,0.0078585380688309,0.0119284177199006,-0.0019607357680797,0.0,-0.0173410698771476,0.0078585380688309,0.0297619234770536,0.0155945271253585,-0.0098232198506593,0.0172745008021593,0.0241449438035488,0.0150943249464035,-0.0079841194674372,-0.007434937171638,0.0141700748354196,-0.0374532341957092,0.0,-0.0077820941805839,0.0185567326843738,-0.0529411733150482,-0.0081799514591693,0.0020704409107565,0.0,-0.0082644550129771,0.0166320018470287,0.0,0.0456521846354007,-0.0083333253860473,-0.0021692470181733,0.0063024647533893,-0.0086021423339843,0.0334028899669647,0.0130718825384974,0.0020202484447509,0.0110132582485675,0.0120967626571655,-0.015184418298304,0.0,0.0290178824216127,-0.0019919825717806,-0.0110375694930553,0.0,-0.0173535626381635,-0.0119761312380433,-0.0107295522466301,0.0,-0.0085106305778026,0.0161616969853639,0.0042735002934932,0.0139164393767714,-0.0147368786856532,-0.0019607357680797,-0.020618537440896,0.0176816638559103,-0.0202020015567541,0.0193050932139158,0.0248446967452764,-0.0170454829931259,-0.0262097008526325,-0.001926826313138,-0.0236220248043537,-0.0154440011829137,-0.0135922664776444,-0.0039215651340782,-0.0373831428587436,0.0019685490988194,-0.0446428582072258,0.0137523952871561,0.0144927399232983,0.0038759654853492,-0.0125223919749259,0.0038610002957284,-0.0071047889068722,-0.0076923007145524,0.0017794001614674,0.013565924949944,-0.0070671313442289,0.0,0.0272231604903936,-0.0172084420919418,-0.0230495817959308,-0.0369649939239025,-0.0070422468706965,0.0040404004976153,-0.0642504692077636,-0.0261568706482648,0.011666695587337,0.0082644550129771,-0.01960782520473,-0.0471311509609222,-0.0032573258504271,0.0424242503941059,-0.0019304541638121,0.064646500857608,0.0137255247655339,0.0727273017109424,0.0278329745756191,0.0565656997853083,-0.0114722642984363,0.0828283499337947,-0.0133587204998543,-0.0323232038648145,0.1118279524031704,-0.0606060121485836,-0.1579804280151877,2019-02-15,2019-02-19,2019-02-20,2019-02-21,2019-02-22,2019-02-25,2019-02-26,2019-02-27,2019-02-28,2019-03-01,85172.0,2019-02-14,252.0,-4.2553%,-0.0006,1.0557,0.0482,1.1039,1.2342%,1.6158%,41.6559%,-0.03452,AEG,85172.0,2019-02-15,252.0,4.2424%,-0.0005,1.0686,0.0626,1.1286,1.2442%,1.6300%,41.7361%,0.0249759999999999,AEG,85172.0,2019-02-19,252.0,2.1318%,-0.0005,1.0666,0.08,1.1483,1.2437%,1.6295%,41.7456%,0.01562,AEG,85172.0,2019-02-20,252.0,0.7590%,-0.0004,1.0674,0.0866,1.1526,1.2419%,1.6296%,41.9227%,-0.001028,AEG,85172.0,2019-02-21,252.0,-1.1299%,-0.0005,1.0768,0.1048,1.1699,1.2334%,1.6286%,42.6452%,-0.004738,AEG,85172.0,2019-02-22,252.0,-0.3810%,-0.0005,1.0759,0.1079,1.1611,1.2340%,1.6287%,42.5948%,0.005712,AEG,85172.0,2019-02-25,252.0,1.1472%,-0.0004,1.0745,0.1004,1.1522,1.2346%,1.6277%,42.4645%,0.012129,AEG,85172.0,2019-02-26,252.0,0.5671%,-0.0004,1.069,0.0888,1.1422,1.2366%,1.6233%,41.9754%,0.011735,AEG,85172.0,2019-02-27,252.0,0.3759%,-0.0004,1.0724,0.084,1.1428,1.2359%,1.6234%,42.0397%,0.003899,AEG,85172.0,2019-02-28,252.0,0.3745%,-0.0004,1.0753,0.0863,1.1425,1.2362%,1.6235%,42.0180%,0.00981,AEG,85172.0,2019-03-01,252.0,0.0000%,-0.0004,1.0836,0.0987,1.1568,1.2328%,1.6235%,42.3349%,-0.003513,AEG,-0.009544,0.0060759999999999,0.0050479999999999,0.0060219999999999,0.0400819999999999
27499,AGNICO EAGLE MINES LTD,Agnico Eagle Mines Q4 EPS $0.14 May Not Compare To $0.02 Estimate,6,increase,0.7,0.6,"the reported eps of $0.14 significantly exceeds the estimate of $0.02, which is likely to be viewed positively by investors, potentially driving the stock price up.",2,2019-02-14,AEM,2019-02-14 22:01:00+00:00,78223.0,00847410,0.0057664988562464,1072126.0,0.0305780880153179,-0.0092834895476698,0.0037088512908667,-0.0126909734681248,0.0101617192849516,-0.018454423174262,-0.0084591386839747,0.0116686122491955,0.0043809646740555,-0.0030246875248849,-0.0075757992453873,-0.0171506982296705,0.000693934271112,0.0039026208687573,-0.0173370316624641,0.0067021241411566,0.0017643087776377,-0.0071133859455585,-0.0051812860183417,0.0160877238959074,0.00662875873968,0.0113180745393037,0.002351798582822,0.0214354377239942,-0.0234631635248661,0.0053269062191247,0.0160980783402919,0.0429293140769004,0.0314494669437408,0.0109777972102165,-0.0064190458506345,-0.0025465313810855,0.0251499805599451,0.0071812970563769,0.0054017072543501,-0.0119107300415635,-0.0235056933015584,0.004582492634654,0.0020632771775126,0.0035768877714872,-0.0114390300586819,-0.0178167913109064,0.0011571219656616,0.0012562623014673,0.0263523627072572,0.0040363231673836,-0.0004504607350099,-0.0200247559696435,-0.0020279439631849,0.0209490619599819,0.0191916562616825,-0.0045226207002997,0.0093044303357601,-0.0170413050800561,-0.0210711788386106,-0.0188998971134424,-0.0239910259842872,0.022293820977211,-0.0006891518714837,-0.0007426384254358,-0.0140230022370815,0.0029792143031954,0.0074609396979212,-0.0149180879816412,-0.0099514070898294,0.0276450980454683,0.0215054228901863,-0.0233186241239309,-0.0057208235375583,0.0264551043510437,0.0071345809847116,-0.0175743289291858,-0.0015996274305507,0.0575916431844234,-0.0141908666118979,-0.0525793395936489,-0.015323887579143,0.0225716307759285,-0.0037726915907114,0.0162371415644884,0.0156212979927659,-0.0304847881197929,-0.0281985346227884,0.0136778345331549,-0.0201438888907432,0.0110115315765142,-0.0112579315900802,-0.0038265695329755,-0.0056931520812213,-0.0180360078811645,-0.0009956958238035,0.0409387163817882,0.0117118712514638,0.0452439337968826,0.0004926221445202,0.0234309677034616,0.0406204238533973,0.0207858644425869,-0.0224745869636535,0.0063036503270268,0.0021781257819384,-0.0135249402374029,-0.0111084058880806,0.0157413594424724,-0.0158730521798133,-0.0210142899304628,0.0191067121922969,-0.0069560380652546,-0.0046262145042419,-0.0359442122280597,0.0193247813731432,0.0393086113035678,-0.0203983318060636,0.0041992641054093,-0.0022048053797334,-0.008328684605658,-0.008102087303996,0.0203966349363327,0.027970228344202,0.0120412316173315,0.0305780880153179,-0.0092834895476698,0.0344003488873925,-0.0218566464962536,0.0449116348610423,-0.0399077178669036,0.040611579812634,-0.0316426378584172,0.0120485772399192,-0.0296106417421031,0.0422374812971926,0.0301979541743018,-0.0049627273488933,0.1969947877384619,2019-02-15,2019-02-19,2019-02-20,2019-02-21,2019-02-22,2019-02-25,2019-02-26,2019-02-27,2019-02-28,2019-03-01,78223.0,2019-02-14,252.0,0.5766%,-0.0001,-0.1357,0.3705,-0.1692,1.9959%,2.0125%,1.6456%,0.002494,AEM,78223.0,2019-02-15,252.0,3.0578%,-0.0001,-0.1458,0.3648,-0.1811,1.9919%,2.0091%,1.7058%,0.031897,AEM,78223.0,2019-02-19,252.0,0.3709%,-0.0001,-0.1428,0.3637,-0.1826,1.9915%,2.0085%,1.6885%,0.003371,AEM,78223.0,2019-02-20,252.0,1.0162%,0.0001,-0.1356,0.3996,-0.1517,1.9718%,1.9898%,1.7984%,0.010537,AEM,78223.0,2019-02-21,252.0,-0.8459%,0.0002,-0.1453,0.3777,-0.1696,1.9616%,1.9794%,1.7912%,-0.00913,AEM,78223.0,2019-02-22,252.0,0.4381%,0.0004,-0.1471,0.423,-0.1496,1.9502%,1.9704%,2.0402%,0.000656,AEM,78223.0,2019-02-25,252.0,-0.7576%,0.0004,-0.1478,0.4258,-0.1506,1.9503%,1.9708%,2.0654%,-0.006625,AEM,78223.0,2019-02-26,252.0,0.0694%,0.0003,-0.1549,0.4295,-0.154,1.9491%,1.9702%,2.1330%,0.0025859999999999,AEM,78223.0,2019-02-27,252.0,-1.7337%,0.0002,-0.1555,0.4252,-0.1542,1.9526%,1.9733%,2.0869%,-0.018299,AEM,78223.0,2019-02-28,252.0,0.1764%,0.0004,-0.1809,0.4078,-0.1727,1.9298%,1.9519%,2.2455%,0.000712,AEM,78223.0,2019-03-01,252.0,-0.5181%,0.0004,-0.1893,0.3952,-0.1829,1.9288%,1.9510%,2.2612%,-0.005843,AEM,0.034391,0.037762,0.048299,0.039825,0.012356
27507,AERCAP HOLDINGS N V,"AerCap Holdings Q4 EPS $1.62 Misses $1.64 Estimate, Sales $1.153B Miss $1.22B Estimate",6,decrease,0.75,0.6,"the earnings per share and sales figures both missed analyst estimates, which typically leads to a negative reaction in stock prices.",0,2019-02-14,AER,2019-02-14 12:50:00+00:00,91602.0,N0098510,0.0035782358609139,1567104.0,0.0081795174628496,0.0078489379957318,0.0045766844414174,0.0205672401934862,-0.013253248296678,0.0118290707468986,-0.0241343434900045,-0.0131862694397568,-0.0027957218699157,-0.0184596385806798,0.0015095901908352,-0.0088327694684267,0.0010767237981781,0.0031645086128264,-0.0120456302538514,-0.0002108905609929,-0.017200106754899,0.0031739638652652,-0.0015507242642343,-0.0170549806207418,-0.0210783388465642,0.0262540746480226,-0.0160924550145864,-0.0002134472015313,-0.0442293994128704,-0.0027665686793625,-0.0156664624810218,0.0284526832401752,0.002938269637525,0.0148822339251637,0.0163574703037738,-0.0055224210955202,0.0461205393075943,-0.0293739046901464,-0.010792133398354,0.020568897947669,-0.0041782800108194,0.0066079124808311,0.0135197667405009,-0.0032930343877524,0.0165593661367893,0.0068522887304425,0.005656108725816,-0.0188679005950689,-0.0096737975254654,0.0382796823978424,0.0381644777953624,0.0068011614494025,-0.0175054538995027,0.0265301223844289,-0.014253968372941,-0.0146755184978246,0.0094894263893365,0.0433014705777168,0.0114144654944539,0.0798243433237075,0.0148263331502676,-0.0505273826420307,0.0148277431726455,0.0295455064624548,0.0236355494707822,0.0035478812642395,-0.0008396498160436,0.0185853727161884,0.0067226830869913,-0.002574625890702,0.0118948984891176,0.0537167526781559,0.0105175971984863,-0.0592138767242431,-0.0122448671609163,-0.0706830993294715,-0.0268595665693283,-0.0568232871592044,0.0063694915734231,-0.0284720193594694,0.0221518818289041,0.0059028561227023,0.0156862400472164,-0.0216042418032884,-0.0056898756884038,-0.0182696133852005,0.0067442879080772,-0.0112126432359218,0.0109622599557042,0.0043795430101454,-0.0078313127160072,-0.0149958822876215,-0.015179113484919,-0.0215075314044952,0.0131524745374918,-0.0111310146749019,-0.0010141832754015,-0.0231067687273025,-0.0117766866460442,-0.0361220352351665,0.003082012059167,0.0105920443311333,0.0163867119699716,0.0045600961893796,0.0004030725103802,-0.0005696691805496,0.0433118753135204,0.0231202375143766,-0.0071442890912294,0.008622427470982,0.0071956971660256,0.0267605222761631,-0.0065649766474962,-0.0061987116932868,-0.0231292992830276,0.023746158927679,0.0061679542995989,-0.0247554741799831,-0.0158196408301591,-0.0089038535952568,0.0208961404860019,-0.0119257206097245,-0.0316866859793663,-0.0135004241019487,0.0081795174628496,0.0078489379957318,0.0127936369745775,0.02857760918224,-0.000629168569542,0.0407447264899325,-0.0274748599186865,0.0080627461981674,-0.0547399441743076,-0.0118553141391296,-0.0239093843701952,0.1997474834233648,0.0318792038535984,-0.0837029931517342,2019-02-15,2019-02-19,2019-02-20,2019-02-21,2019-02-22,2019-02-25,2019-02-26,2019-02-27,2019-02-28,2019-03-01,91602.0,2019-02-14,252.0,0.3578%,-0.0003,1.0849,0.483,0.5062,1.0386%,1.5031%,52.2550%,0.0062309999999999,AER,91602.0,2019-02-15,252.0,0.8180%,-0.0003,1.0802,0.478,0.4975,1.0396%,1.4988%,51.8847%,-0.007817,AER,91602.0,2019-02-19,252.0,0.4577%,-0.0003,1.0872,0.4681,0.4858,1.0300%,1.4968%,52.6509%,-0.000455,AER,91602.0,2019-02-20,252.0,-1.3253%,-0.0003,1.0822,0.4582,0.4684,1.0366%,1.4991%,52.1830%,-0.0191199999999999,AER,91602.0,2019-02-21,252.0,-2.4134%,-0.0004,1.0874,0.4647,0.478,1.0430%,1.5060%,52.0344%,-0.018832,AER,91602.0,2019-02-22,252.0,-0.2796%,-0.0004,1.088,0.4656,0.4867,1.0435%,1.5061%,51.9977%,-0.005493,AER,91602.0,2019-02-25,252.0,0.1510%,-0.0004,1.0876,0.464,0.4843,1.0433%,1.5057%,51.9907%,0.001864,AER,91602.0,2019-02-26,252.0,0.1077%,-0.0003,1.0978,0.4436,0.4815,1.0371%,1.5054%,52.5420%,0.007285,AER,91602.0,2019-02-27,252.0,-1.2046%,-0.0004,1.0959,0.443,0.4812,1.0401%,1.5049%,52.2316%,-0.013399,AER,91602.0,2019-02-28,252.0,-1.7200%,-0.0004,1.0942,0.4415,0.4829,1.0419%,1.5022%,51.8936%,-0.012789,AER,91602.0,2019-03-01,252.0,-0.1551%,-0.0004,1.0923,0.4385,0.4838,1.0433%,1.4989%,51.5563%,-0.008868,AER,-0.0015859999999999,-0.002041,-0.021161,-0.045486,-0.071393
27515,AGIOS PHARMACEUTICALS INC,"Agios Pharmaceuticals shares are trading higher after the company reported Q4 EPS of $(1.58), beating the $(1.62) estimate and sales of $30.013 million, beating the $22.04 million estimate.",6,increase,0.8,0.6,"the company beat both earnings and sales estimates, which typically signals positive performance and can lead to an increase in stock price.",2,2019-02-14,AGIO,2019-02-14 16:27:00+00:00,14044.0,00847X10,0.0627429112792015,860834.0,0.032567098736763,-0.0138711826875805,-0.0266487058252096,0.0131286811083555,0.0029457977507263,0.0134932762011885,-0.0302349682897329,0.0081239426508545,0.0486370846629142,-0.0485349744558334,0.0592932030558586,0.0196114312857389,0.0133119784295558,0.0049732998013496,0.0310224611312151,0.0077965841628611,-0.0041448669508099,0.0050373221747577,0.043163176625967,0.0381560586392879,-0.0025121644139289,0.0268496889621019,-0.0031110974960029,-0.0043564597144722,-0.0610789209604263,-0.0329375937581062,-0.0022158813662827,0.0055844583548605,-0.0188769418746233,-0.0019219388486817,0.0404203720390796,-0.0045915758237242,0.0024864594452083,-0.0647700652480125,0.02185701392591,-0.0056929318234324,-0.0365594662725925,0.0001779060694389,0.0236183889210224,0.0033922949805855,-0.0026150713674724,0.029974203556776,0.0050894794985651,-0.0047583882696926,-0.0139634199440479,-0.0153181161731481,0.0206970777362585,0.0296901520341634,-0.0503124818205833,0.0167924407869577,0.0073847980238497,0.039215687662363,0.0506772957742214,0.0869565606117248,-0.031851939857006,0.0217770040035247,0.025223258882761,-0.0281481873244047,0.0305623468011617,0.0247234739363193,-0.0441874749958515,0.0178808253258466,0.0341297648847103,0.0100334621965885,-0.0009001677972264,-0.0008910874603316,-0.0021020930726081,0.0248858481645584,0.02467648871243,0.0250409487634897,-0.0264316517859697,-0.0487533099949359,-0.0268477573990821,-0.0927085503935813,-0.0075945118442177,-0.0070197009481489,-0.0327971018850803,-0.0194689854979515,-0.0098498398438096,-0.0131962029263377,-0.0239726230502128,-0.0323004908859729,-0.0021720509976148,-0.0499553829431533,-0.0565974712371826,0.0278745740652084,-0.0065672509372234,0.034332275390625,0.0116133233532309,-0.0084633622318506,0.0363829284906387,-0.0537462271749973,-0.0315269008278846,0.0395929589867591,0.0058067571371793,-0.0485830307006835,-0.0062981210649013,-0.1366261541843414,0.0052816770039498,0.0331292897462844,-0.020665505900979,-0.0689958333969116,-0.0488197356462478,0.0685724318027496,-0.0317728631198406,-0.0436212383210659,0.0662135928869247,0.0420299619436264,-0.0187579449266195,0.0327973812818527,-0.0632887855172157,-0.054567564278841,0.0233802311122417,-0.0102301836013793,-0.0104550030082464,-0.0455197915434837,-0.0279788747429847,0.0352311991155147,-0.060185220092535,0.0552156344056129,0.032567098736763,-0.0138711826875805,0.0050505218777368,-0.000924611913326,0.0080111974444505,0.0125561882439371,0.0250784153008072,-0.0287614982791829,0.1785092402996317,0.0464845579640142,0.1745037409409577,0.1717631322739208,-0.1868686790713614,-0.1524706020064871,2019-02-15,2019-02-19,2019-02-20,2019-02-21,2019-02-22,2019-02-25,2019-02-26,2019-02-27,2019-02-28,2019-03-01,14044.0,2019-02-14,252.0,6.2743%,-0.0014,1.4008,1.1544,-0.633,2.6521%,3.2368%,32.8659%,0.056312,AGIO,14044.0,2019-02-15,252.0,3.2567%,-0.0013,1.4138,1.1681,-0.6093,2.6545%,3.2413%,32.9276%,0.01679,AGIO,14044.0,2019-02-19,252.0,-2.6649%,-0.0014,1.4101,1.1465,-0.6333,2.6607%,3.2447%,32.7585%,-0.0309949999999999,AGIO,14044.0,2019-02-20,252.0,0.2946%,-0.0013,1.4124,1.1584,-0.6235,2.6588%,3.2437%,32.8140%,0.001127,AGIO,14044.0,2019-02-21,252.0,-3.0235%,-0.0014,1.4218,1.1723,-0.606,2.6623%,3.2490%,32.8545%,-0.025733,AGIO,14044.0,2019-02-22,252.0,4.8637%,-0.0014,1.4189,1.1582,-0.6539,2.6654%,3.2624%,33.2492%,0.023939,AGIO,14044.0,2019-02-25,252.0,5.9293%,-0.0013,1.423,1.1325,-0.652,2.6819%,3.2744%,32.9121%,0.058899,AGIO,14044.0,2019-02-26,252.0,1.3312%,-0.0012,1.4215,1.1036,-0.6679,2.6853%,3.2745%,32.7511%,0.020585,AGIO,14044.0,2019-02-27,252.0,3.1022%,-0.001,1.4304,1.0959,-0.6663,2.6884%,3.2801%,32.8225%,0.026745,AGIO,14044.0,2019-02-28,252.0,-0.4145%,-0.0011,1.4363,1.0999,-0.6619,2.6876%,3.2795%,32.8431%,-0.001696,AGIO,14044.0,2019-03-01,252.0,4.3163%,-0.001,1.4479,1.1173,-0.6568,2.6927%,3.2904%,33.0303%,0.026895,AGIO,0.073102,0.042107,0.043234,0.04144,0.172868
27523,AGIOS PHARMACEUTICALS INC,"Agios Pharmaceuticals Earlier Reported Q4 EPS $(1.58) Beats $(1.62) Estimate, Sales $30.013M Beat $22.04M Estimate",6,increase,0.75,0.6,"the company reported better-than-expected earnings and sales, which typically boosts investor confidence and can lead to an increase in stock price.",2,2019-02-14,AGIO,2019-02-14 13:01:00+00:00,14044.0,00847X10,0.0627429112792015,860834.0,0.032567098736763,-0.0138711826875805,-0.0266487058252096,0.0131286811083555,0.0029457977507263,0.0134932762011885,-0.0302349682897329,0.0081239426508545,0.0486370846629142,-0.0485349744558334,0.0592932030558586,0.0196114312857389,0.0133119784295558,0.0049732998013496,0.0310224611312151,0.0077965841628611,-0.0041448669508099,0.0050373221747577,0.043163176625967,0.0381560586392879,-0.0025121644139289,0.0268496889621019,-0.0031110974960029,-0.0043564597144722,-0.0610789209604263,-0.0329375937581062,-0.0022158813662827,0.0055844583548605,-0.0188769418746233,-0.0019219388486817,0.0404203720390796,-0.0045915758237242,0.0024864594452083,-0.0647700652480125,0.02185701392591,-0.0056929318234324,-0.0365594662725925,0.0001779060694389,0.0236183889210224,0.0033922949805855,-0.0026150713674724,0.029974203556776,0.0050894794985651,-0.0047583882696926,-0.0139634199440479,-0.0153181161731481,0.0206970777362585,0.0296901520341634,-0.0503124818205833,0.0167924407869577,0.0073847980238497,0.039215687662363,0.0506772957742214,0.0869565606117248,-0.031851939857006,0.0217770040035247,0.025223258882761,-0.0281481873244047,0.0305623468011617,0.0247234739363193,-0.0441874749958515,0.0178808253258466,0.0341297648847103,0.0100334621965885,-0.0009001677972264,-0.0008910874603316,-0.0021020930726081,0.0248858481645584,0.02467648871243,0.0250409487634897,-0.0264316517859697,-0.0487533099949359,-0.0268477573990821,-0.0927085503935813,-0.0075945118442177,-0.0070197009481489,-0.0327971018850803,-0.0194689854979515,-0.0098498398438096,-0.0131962029263377,-0.0239726230502128,-0.0323004908859729,-0.0021720509976148,-0.0499553829431533,-0.0565974712371826,0.0278745740652084,-0.0065672509372234,0.034332275390625,0.0116133233532309,-0.0084633622318506,0.0363829284906387,-0.0537462271749973,-0.0315269008278846,0.0395929589867591,0.0058067571371793,-0.0485830307006835,-0.0062981210649013,-0.1366261541843414,0.0052816770039498,0.0331292897462844,-0.020665505900979,-0.0689958333969116,-0.0488197356462478,0.0685724318027496,-0.0317728631198406,-0.0436212383210659,0.0662135928869247,0.0420299619436264,-0.0187579449266195,0.0327973812818527,-0.0632887855172157,-0.054567564278841,0.0233802311122417,-0.0102301836013793,-0.0104550030082464,-0.0455197915434837,-0.0279788747429847,0.0352311991155147,-0.060185220092535,0.0552156344056129,0.032567098736763,-0.0138711826875805,0.0050505218777368,-0.000924611913326,0.0080111974444505,0.0125561882439371,0.0250784153008072,-0.0287614982791829,0.1785092402996317,0.0464845579640142,0.1745037409409577,0.1717631322739208,-0.1868686790713614,-0.1524706020064871,2019-02-15,2019-02-19,2019-02-20,2019-02-21,2019-02-22,2019-02-25,2019-02-26,2019-02-27,2019-02-28,2019-03-01,14044.0,2019-02-14,252.0,6.2743%,-0.0014,1.4008,1.1544,-0.633,2.6521%,3.2368%,32.8659%,0.056312,AGIO,14044.0,2019-02-15,252.0,3.2567%,-0.0013,1.4138,1.1681,-0.6093,2.6545%,3.2413%,32.9276%,0.01679,AGIO,14044.0,2019-02-19,252.0,-2.6649%,-0.0014,1.4101,1.1465,-0.6333,2.6607%,3.2447%,32.7585%,-0.0309949999999999,AGIO,14044.0,2019-02-20,252.0,0.2946%,-0.0013,1.4124,1.1584,-0.6235,2.6588%,3.2437%,32.8140%,0.001127,AGIO,14044.0,2019-02-21,252.0,-3.0235%,-0.0014,1.4218,1.1723,-0.606,2.6623%,3.2490%,32.8545%,-0.025733,AGIO,14044.0,2019-02-22,252.0,4.8637%,-0.0014,1.4189,1.1582,-0.6539,2.6654%,3.2624%,33.2492%,0.023939,AGIO,14044.0,2019-02-25,252.0,5.9293%,-0.0013,1.423,1.1325,-0.652,2.6819%,3.2744%,32.9121%,0.058899,AGIO,14044.0,2019-02-26,252.0,1.3312%,-0.0012,1.4215,1.1036,-0.6679,2.6853%,3.2745%,32.7511%,0.020585,AGIO,14044.0,2019-02-27,252.0,3.1022%,-0.001,1.4304,1.0959,-0.6663,2.6884%,3.2801%,32.8225%,0.026745,AGIO,14044.0,2019-02-28,252.0,-0.4145%,-0.0011,1.4363,1.0999,-0.6619,2.6876%,3.2795%,32.8431%,-0.001696,AGIO,14044.0,2019-03-01,252.0,4.3163%,-0.001,1.4479,1.1173,-0.6568,2.6927%,3.2904%,33.0303%,0.026895,AGIO,0.073102,0.042107,0.043234,0.04144,0.172868
27531,AMERICAN INTERNATIONAL GROUP INC,American International Group shares are trading lower after the company reported Q4 EPS of $(0.63) versus the positive $0.57 EPS  last year; the company reported larger catastrophe losses and weaker market performace.,6,decrease,0.85,0.7,"the significant drop in eps from a positive figure to a negative one, along with larger catastrophe losses and weaker market performance, is likely to lead to a decrease in investor confidence and stock price.",0,2019-02-14,AIG,2019-02-14 15:39:00+00:00,66800.0,02687478,-0.0903123989701271,22229242.0,0.0529982857406139,0.0079853627830743,0.0158318057656288,0.0181185267865657,0.0069783488288521,0.0141342394053936,-0.0064680664800107,-0.0088723106309771,-0.0032550429459661,-0.0187857877463102,0.022393349558115,-0.0002290041593369,0.0006844348390586,-0.0077272760681807,-0.0088919149711728,0.0041077202185988,-0.0062111904844641,0.0136479334905743,0.0006944161723367,0.0098107485100626,0.0064769554883241,0.0130147440358996,-0.0078142993152141,-0.0130780329927802,-0.0155199952423572,-0.0083372071385383,-0.0162352621555328,0.0055892337113618,0.0093278968706727,0.0028024038765579,0.0146919172257185,-0.0124538950622081,0.0053713112138211,-0.0181159246712923,0.0171893537044525,0.0200969949364662,0.0063941325061023,0.0037097111344337,0.0066285924986004,0.0160188525915145,0.0054495427757501,0.010714303702116,-0.0094850538298487,0.0081613091751933,-0.0205198712646961,0.005794343072921,0.0109404381364584,0.0063167717307806,-0.0186507329344749,0.0145427696406841,-0.0039886948652565,0.0039594122208654,0.0141342394053936,0.0057242293842136,0.0020905958954244,0.0369032323360443,-0.0009272349416278,-0.0219585802406072,-0.0009280070080421,0.0053285737521946,0.0215977765619754,0.0204557459801435,-0.0100023280829191,-0.0180524494498968,0.007347869221121,0.0191759951412677,0.0166400633752346,0.033752966672182,0.0100897038355469,-0.0018716495251283,-0.0039955675601959,-0.0196592397987842,-0.0053487378172576,-0.0302490759640932,0.0056016133166849,0.0473908074200153,0.018493715673685,0.0026695753913372,0.0105009749531745,-0.0008002825197763,-0.0084433732554316,0.0053633884526789,0.0205240715295076,-0.010350301861763,-0.0164741221815347,0.029789563268423,0.0015227255644276,-0.0159956868737936,-0.0008688296074979,-0.01029032189399,-0.0004347925714682,-0.0383151061832904,-0.0052196141332387,-0.0333578772842884,-0.0120245525613427,-0.0558128729462623,0.0190307740122079,-0.001618490088731,0.0204126480966806,-0.0043738177046179,0.0123430090025067,-0.0198556203395128,-0.0147151723504066,0.0204927325248718,-0.001493486110121,-0.0095780659466981,0.0066239610314369,0.0110675478354096,0.0,-0.011171949096024,0.0677138343453407,0.0185787081718444,-0.0067594465799629,-0.0055426759645342,0.0174139868468046,0.0083838058635592,0.0159354228526353,0.0058561726473271,-0.0178156122565269,0.017882689833641,0.0529982857406139,0.0079853627830743,0.0696691500719994,0.0262485725791257,0.0771336745326636,0.0407538155934026,0.06668326374254,0.0121420100942553,0.0756407305136428,0.0320018421146144,0.0792474716069397,0.121035281379219,0.2712362174561906,0.0626223212958345,2019-02-15,2019-02-19,2019-02-20,2019-02-21,2019-02-22,2019-02-25,2019-02-26,2019-02-27,2019-02-28,2019-03-01,66800.0,2019-02-14,252.0,-9.0312%,-0.0013,0.9717,0.3514,0.8028,1.2655%,1.5789%,35.7601%,-0.086116,AIG,66800.0,2019-02-15,252.0,5.2998%,-0.001,1.0128,0.3925,0.8751,1.2820%,1.6155%,37.0223%,0.037186,AIG,66800.0,2019-02-19,252.0,1.5832%,-0.0009,1.0177,0.3956,0.8782,1.2828%,1.6189%,37.2132%,0.0100439999999999,AIG,66800.0,2019-02-20,252.0,0.6978%,-0.0009,1.0175,0.3946,0.8776,1.2828%,1.6194%,37.2540%,-0.000756,AIG,66800.0,2019-02-21,252.0,-0.6468%,-0.001,1.0248,0.4094,0.8908,1.2763%,1.6184%,37.8064%,-0.000509,AIG,66800.0,2019-02-22,252.0,-0.3255%,-0.001,1.0246,0.4066,0.8865,1.2763%,1.6183%,37.8036%,0.0008269999999999,AIG,66800.0,2019-02-25,252.0,2.2393%,-0.0009,1.0246,0.3945,0.8801,1.2855%,1.6250%,37.4178%,0.023409,AIG,66800.0,2019-02-26,252.0,0.0684%,-0.0008,1.0291,0.3783,0.8752,1.2849%,1.6249%,37.4663%,0.007653,AIG,66800.0,2019-02-27,252.0,-0.8892%,-0.0008,1.0404,0.3556,0.877,1.2756%,1.6223%,38.1708%,-0.009587,AIG,66800.0,2019-02-28,252.0,-0.6211%,-0.0008,1.0409,0.356,0.8775,1.2756%,1.6208%,38.0576%,-0.000965,AIG,66800.0,2019-03-01,252.0,0.0694%,-0.0008,1.0409,0.3559,0.8791,1.2758%,1.6183%,37.8483%,-0.004413,AIG,-0.04893,-0.038886,-0.039642,-0.039324,-0.023227
27539,AIR T INC,"Air T Q3 EPS $(1.34) Down From $(0.33) YoY, Sales $63.623M Up From $44.501M YoY",6,decrease,0.7,0.6,"the significant drop in eps from $(0.33) to $(1.34) suggests worsening profitability, which is likely to negatively impact investor sentiment despite the increase in sales.",0,2019-02-14,AIRT,2019-02-14 21:41:00+00:00,11368.0,00920710,0.0103951133787632,1671.0,6.543220365529123e-08,-0.0509835556149482,0.029159465804696,0.0580905191600322,-0.0216666534543037,-0.0210902709513902,0.0562180429697036,0.0459728762507438,-0.0080645158886909,-0.0324137471616268,0.0081300809979438,0.0,-0.0080645158886909,0.0,0.0406504049897193,-0.0304246023297309,0.0106250047683715,-0.0031661796383559,0.003401379333809,-0.0136423083022236,0.0283512528985738,0.0368098132312297,-0.0184296630322933,-0.0380327813327312,-0.0293085314333438,-0.0032679862342774,-0.0250039342790842,-0.0058479630388319,-0.0373516082763671,-0.0621286295354366,0.0522047542035579,0.0707667395472526,0.0033439951948821,0.0213262047618627,-0.0350738428533077,0.0259829144924879,-0.0131578827276825,-0.0340158753097057,0.0206666942685842,0.009333356283605,-0.0101241460070014,0.0413050539791584,0.0062685757875442,0.0003472964162938,0.0459016263484954,0.014084493741393,-0.0548589341342449,-0.0169370584189891,0.0422885455191135,0.0136596281081438,-0.0287986882030963,0.0618479810655117,0.0009829220362007,-0.0239999946206808,0.0,0.0767423287034034,-0.0075286268256604,0.0731093138456344,-0.0042875711806118,-0.0285714603960514,-0.0023186383768916,0.0195588562637567,-0.0435259230434894,-0.0231707189232111,0.006536123342812,-0.0542099140584468,-0.0326685570180416,0.0003846241743303,0.0160428080707788,-0.0710968151688575,-0.0161754544824361,-0.0304815042763948,0.0023182188160717,0.053649678826332,0.009820632636547,-0.0551724284887313,-0.0151514587923884,0.0258224103599786,-0.0089409947395324,0.0594641752541065,0.007216568570584,-0.0395955704152584,0.0035842431243509,-0.0265102069824934,0.0014286041259765,0.0378144718706607,0.0001782187318895,0.0338383018970489,-0.0123015660792589,-0.0666634067893028,0.0195848196744918,-0.0136940767988562,0.0,-0.0138020440936088,-0.0107108671218156,0.0103448014706373,0.0044738729484379,-0.0371846221387386,-0.0379475727677345,-0.0059405411593616,0.0105555495247244,0.009999974630773,0.000549730262719,-0.0049751116894185,-0.0082417028024792,0.0657475665211677,0.0247829928994178,-0.0822384357452392,-0.0445469617843627,0.0629310607910156,0.0373443886637687,0.0342367701232433,0.0109090628102421,-0.1372281014919281,-0.0314748212695121,-0.0225593745708465,-0.0001856698509072,-0.0220588240772485,-0.0005572547088377,0.0302999336272478,6.543220365529123e-08,-0.0509835556149482,0.0291595331448677,0.0041453023307873,0.0068610901910248,-0.0170323941699346,0.0548885210422116,-0.0051689818226928,0.1132075856434604,-0.0516075135578882,0.0356775626734748,0.1775550817250843,-0.0770154637487819,-0.1257571881154502,2019-02-15,2019-02-19,2019-02-20,2019-02-21,2019-02-22,2019-02-25,2019-02-26,2019-02-27,2019-02-28,2019-03-01,11368.0,2019-02-14,252.0,1.0395%,0.0009,0.3463,-0.472,0.126,3.5834%,3.6087%,1.3962%,0.0143,AIRT,11368.0,2019-02-15,252.0,0.0000%,0.0009,0.3481,-0.4709,0.1283,3.5833%,3.6087%,1.4001%,-0.003438,AIRT,11368.0,2019-02-19,252.0,2.9159%,0.0011,0.3554,-0.4555,0.145,3.5877%,3.6130%,1.4001%,0.029379,AIRT,11368.0,2019-02-20,252.0,-2.1667%,0.0009,0.3474,-0.4803,0.1147,3.5892%,3.6147%,1.4052%,-0.022237,AIRT,11368.0,2019-02-21,252.0,5.6218%,0.0013,0.3225,-0.5187,0.0686,3.6005%,3.6252%,1.3533%,0.057331,AIRT,11368.0,2019-02-22,252.0,-0.8065%,0.0011,0.3247,-0.5491,0.0672,3.5984%,3.6242%,1.4239%,-0.0064,AIRT,11368.0,2019-02-25,252.0,0.8130%,0.001,0.329,-0.5473,0.0842,3.5908%,3.6170%,1.4478%,0.006236,AIRT,11368.0,2019-02-26,252.0,-0.8065%,0.0013,0.3757,-0.5759,0.1047,3.5613%,3.5932%,1.7718%,-0.010863,AIRT,11368.0,2019-02-27,252.0,4.0650%,0.0016,0.399,-0.6055,0.1087,3.5559%,3.5914%,1.9670%,0.041432,AIRT,11368.0,2019-02-28,252.0,1.0625%,0.0015,0.4253,-0.5871,0.1253,3.5408%,3.5785%,2.0947%,0.012155,AIRT,11368.0,2019-03-01,252.0,0.3401%,0.0017,0.3931,-0.6349,0.0751,3.5247%,3.5613%,2.0405%,0.002453,AIRT,0.010862,0.040241,0.018004,0.068935,0.120348
27547,ALLETE INC,"ALLETE Q4 EPS $1.18 Beats $1.12 Estimate, Sales $448.3M Beat $413M Estimate",6,increase,0.8,0.6,"the earnings per share and sales figures both exceeded estimates, which typically signals strong performance and can lead to a positive reaction in the stock price.",2,2019-02-14,ALE,2019-02-14 11:42:00+00:00,24248.0,01852230,0.0177206005901098,361397.0,0.0184734128415584,0.0027286782860755,0.0061720348894596,-0.00246276659891,0.0042564342729747,-0.0271122511476278,0.0138369556516408,0.0276014637202024,0.0120496209710836,0.0168665014207363,-0.008868858218193,-0.0032834252342581,-0.000858049665112,0.0044854395091533,0.0003680380177684,0.0050385161302983,-0.0060092941857874,-0.019755708053708,0.0077729453332722,0.0197482518851757,0.0166503507643938,0.0076121757738292,-0.0168593637645244,0.0067222374491393,0.0045321257784962,-0.0066773504950106,0.0074381246231496,-0.0253807697445154,-0.0012104344787076,0.0069462484680116,0.0115124164149165,0.0167910736054182,0.0043129338882863,-0.0031880694441497,-0.0071573238819837,-0.0002656609867699,-0.0055269338190555,0.0095187928527593,0.0079739484935998,0.0029580958653241,-0.0033560923766344,0.0165390782058239,-0.0159952118992805,-0.0224477928131818,-0.0045221555046737,-0.0025323529262095,0.0109269423410296,0.0162535142153501,-0.00133583904244,-0.0244450122117996,0.0054724179208278,0.0229791421443224,0.0077406796626746,-0.0069798207841813,-0.0062409583479166,0.0137433959171176,-0.010024175979197,0.0001360166934318,0.0031719182152301,-0.0359485410153865,-0.0049860593862831,0.0064703267998993,-0.0025665983557701,0.0045099346898496,0.0035534973721951,0.0149434655904769,0.0036629477981477,0.0080064637586474,0.0142336478456854,-0.049774345010519,-0.0117548676207661,-0.0075505035929381,-0.0030343488324433,0.0128321172669529,-0.0124177820980548,0.000648548011668,0.0028352530207484,-0.0119184972718358,0.0023356170859187,-0.0340430811047554,0.0033112170640379,-0.0025929014664143,-0.0199241824448108,0.0038423098158091,-0.0048640482127666,-0.0024727615527808,-0.0032585803419351,0.0014858236536383,-0.0008801671792753,-0.0033320577349513,0.0033979897852987,0.0019784348551183,0.0040135416202247,0.0093609578907489,0.0,-0.0267249383032321,0.0042472993955016,0.0115507803857326,-0.0026122538838535,0.0158531591296196,0.0158393196761608,-0.0011221489403396,-0.0128912888467311,0.0124983955174684,-0.0012437620898708,0.0046930843964219,0.0217932742089033,-0.0022779083810746,0.0114563656970858,0.0002531220670789,-0.0095192305743694,-0.0160667691379785,-0.0167882889509201,0.0022469141986221,0.0039594122208654,0.0016253719804808,0.0125709176063537,0.0187237448990345,0.0101021686568856,0.0093854898586869,0.0184734128415584,0.0027286782860755,0.0247594662796035,0.0002591915894234,0.0291212875934314,-0.0268600868256722,0.0559333001241395,0.0168665005894377,0.0478512315337957,0.0227965714930513,0.0549070755117888,0.0124638805990375,0.0646568441011035,-0.0078426401361494,2019-02-15,2019-02-19,2019-02-20,2019-02-21,2019-02-22,2019-02-25,2019-02-26,2019-02-27,2019-02-28,2019-03-01,24248.0,2019-02-14,252.0,1.7721%,0.0005,0.1879,-0.0862,-0.1515,1.2041%,1.2296%,4.1001%,0.017706,ALE,24248.0,2019-02-15,252.0,1.8473%,0.0007,0.2111,-0.0635,-0.1114,1.2048%,1.2320%,4.3596%,0.017193,ALE,24248.0,2019-02-19,252.0,0.6172%,0.0007,0.2115,-0.0591,-0.1065,1.2052%,1.2320%,4.2881%,0.006189,ALE,24248.0,2019-02-20,252.0,0.4256%,0.0006,0.2114,-0.0646,-0.1082,1.2030%,1.2299%,4.3199%,0.00447,ALE,24248.0,2019-02-21,252.0,1.3837%,0.0007,0.2052,-0.0743,-0.1198,1.2048%,1.2312%,4.2348%,0.014225,ALE,24248.0,2019-02-22,252.0,1.2050%,0.0008,0.2033,-0.0551,-0.125,1.2033%,1.2297%,4.2573%,0.009264,ALE,24248.0,2019-02-25,252.0,-0.8869%,0.0007,0.2039,-0.0494,-0.1199,1.2048%,1.2309%,4.2086%,-0.009642,ALE,24248.0,2019-02-26,252.0,-0.0858%,0.0006,0.191,-0.0341,-0.1217,1.1967%,1.2205%,3.8587%,-0.001344,ALE,24248.0,2019-02-27,252.0,0.0368%,0.0007,0.1958,-0.0429,-0.1209,1.1947%,1.2193%,3.9892%,1.5e-05,ALE,24248.0,2019-02-28,252.0,-0.6009%,0.0007,0.1888,-0.0479,-0.1245,1.1914%,1.2148%,3.8128%,-0.005796,ALE,24248.0,2019-03-01,252.0,0.7773%,0.0007,0.1895,-0.0469,-0.1259,1.1919%,1.2155%,3.8489%,0.005964,ALE,0.034899,0.041088,0.045558,0.069047,0.058244
27555,ALIGN TECHNOLOGY INC,UBS Downgrades Align Technology to Neutral,6,decrease,0.8,0.6,"a downgrade from ubs typically signals a negative outlook, which can lead to a decrease in investor confidence and subsequently lower stock prices.",0,2019-02-14,ALGN,2019-02-14 12:11:00+00:00,88860.0,01625510,-0.0043677031062543,1120699.0,0.0167896579951047,-0.0097121782600879,0.0010982066160067,0.0398658849298954,-0.0056809755042195,0.0137196918949484,-0.0140273366123437,0.0075589790940284,0.0150262154638767,-0.0188083779066801,0.0329146832227706,0.002176497131586,-0.0097579471766948,-0.004211985040456,-0.0059278975240886,0.0022130871657282,0.0027880007401108,-0.0198834985494613,0.0169131755828857,0.0692350417375564,-0.0267325174063444,0.0486420877277851,-0.0666770562529563,0.0024380029644817,-0.0324805788695812,-0.0252178311347961,-0.0030243981163948,0.029682345688343,0.0003900166193488,0.0158825013786554,0.0542367212474346,0.0049037635326385,0.0307363402098417,-0.0178562980145216,0.0051427544094622,0.0348897278308868,-0.0180066172033548,0.0284346677362918,0.0191445760428905,0.0601896457374095,0.0055482657626271,0.005723422858864,0.021913107484579,-0.0217402148991823,0.0246441587805748,-0.0216640327125787,0.0566471628844738,0.0115814292803406,-0.0395754463970661,0.0381964780390262,0.0051924707368016,0.01595407910645,0.0119917355477809,0.0171923916786909,-0.0193604752421379,0.0104448962956666,0.0184042695909738,-0.085790604352951,0.03804162889719,-0.0349042527377605,0.0028839986771345,0.0054731355048716,0.0241276696324348,-0.0143851255998015,-0.0094511173665523,0.0016114333411678,-0.0045286328531801,0.0891493111848831,0.0275038667023181,-0.0273635443300008,-0.010713848285377,0.0070280078798532,-0.025485947728157,-0.0187537148594856,0.0170727260410785,-0.0378997735679149,-0.0015855213860049,0.012223987840116,0.0118068866431713,-0.0398942604660987,-0.0018083759350702,-0.0076416167430579,-0.0142539162188768,-0.0093939425423741,-0.0509744510054588,-0.0044491351582109,0.0285369697958231,0.0166620537638664,0.0324701219797134,0.0303405225276947,0.0187523029744625,-0.0413057245314121,0.0033774657640606,-0.0072867195121943,-0.0011444606352597,-0.0625795498490333,0.0715778842568397,0.0252729468047618,-0.0015095634153112,0.0052033336833119,0.0226141493767499,-0.0292457211762666,-0.0102870408445596,0.0674187391996383,0.0141283646225929,-0.0119527177885174,0.015956737101078,0.0206058844923973,-0.0048930626362562,0.0146022336557507,-0.0119892610237002,0.0267491433769464,-0.0081103947013616,0.0277357213199138,0.0011769593693315,-0.0930748879909515,-0.0040835491381585,0.0118507845327258,-0.0365918017923831,0.0126369325444102,0.0167896579951047,-0.0097121782600879,0.0179063031246022,0.029766522088872,0.0121236023509607,0.043894601495664,0.0129212580441477,0.0320030020804493,0.0502492772420943,0.0816905189739995,0.133918194901679,0.2025498463395374,0.2368893067654816,0.1448247699354474,2019-02-15,2019-02-19,2019-02-20,2019-02-21,2019-02-22,2019-02-25,2019-02-26,2019-02-27,2019-02-28,2019-03-01,88860.0,2019-02-14,252.0,-0.4368%,-0.0003,1.3317,0.1296,-1.5901,2.2018%,2.9948%,45.9458%,-0.01164,ALGN,88860.0,2019-02-15,252.0,1.6790%,-0.0004,1.3034,0.1052,-1.6346,2.1869%,2.9776%,46.0575%,0.008951,ALGN,88860.0,2019-02-19,252.0,0.1098%,-0.0004,1.304,0.1077,-1.6319,2.1870%,2.9732%,45.8931%,0.00312,ALGN,88860.0,2019-02-20,252.0,-0.5681%,-0.0004,1.3045,0.1101,-1.6298,2.1869%,2.9732%,45.8983%,0.00048,ALGN,88860.0,2019-02-21,252.0,-1.4027%,-0.0005,1.3149,0.1284,-1.6106,2.1844%,2.9731%,46.0175%,-0.012972,ALGN,88860.0,2019-02-22,252.0,1.5026%,-0.0006,1.3172,0.1302,-1.5814,2.1870%,2.9733%,45.8996%,-0.018003,ALGN,88860.0,2019-02-25,252.0,3.2915%,-0.0006,1.3199,0.1185,-1.5776,2.1894%,2.9745%,45.8224%,0.028331,ALGN,88860.0,2019-02-26,252.0,-0.9758%,-0.0006,1.3228,0.1318,-1.5687,2.1906%,2.9725%,45.6872%,-0.012194,ALGN,88860.0,2019-02-27,252.0,-0.5928%,-0.0006,1.3266,0.1225,-1.5681,2.1906%,2.9725%,45.6923%,-0.009351,ALGN,88860.0,2019-02-28,252.0,0.2788%,-0.0006,1.3301,0.1249,-1.5664,2.1902%,2.9718%,45.6880%,0.002856,ALGN,88860.0,2019-03-01,252.0,1.6913%,-0.0006,1.3339,0.1307,-1.561,2.1898%,2.9735%,45.7621%,0.000619,ALGN,-0.0026889999999999,0.000431,0.000911,-0.030064,-0.0198029999999999
27563,ALKERMES PLC,Alkermes Sees FY19 Sales Of Proprietary Products Up ~24% Year Over Year,6,increase,0.8,0.6,the reported 24% year-over-year increase in sales of proprietary products is likely to positively influence investor sentiment and drive the stock price up.,2,2019-02-14,ALKS,2019-02-14 12:05:00+00:00,76736.0,G0176710,-0.0127581469714641,1164595.0,0.0012307973811402,0.0195105988532304,0.0476336553692817,0.0289994198828935,-0.0217072945088148,0.0171798635274171,-0.0233882702887058,-0.0070807631127536,0.0264046862721443,-0.0437058135867118,0.0248279385268688,-0.0361909642815589,-0.0099241146817803,0.0159734413027763,0.0085495561361312,0.0030229282565414,-0.0274773072451353,0.0063888928852975,0.0351667627692222,0.0021341370884329,-0.0171312484890222,0.0042865704745054,-0.0144755654036998,0.0033794350456446,-0.0266786385327577,-0.0446140430867672,0.0049276207573711,0.0299273822456598,-0.02145267277956,0.0197288300842046,0.0385217517614364,-0.0184569023549556,0.0,-0.0319273620843887,0.0111579895019531,0.009461848065257,-0.0107366722077131,0.0071470472030341,0.0256256349384784,0.0163438525050878,0.0173427443951368,0.0241786316037178,0.0115572866052389,-0.0076899421401321,-0.0131390774622559,0.000923607731238,0.0112879713997244,0.0083825048059225,-0.0280480701476335,0.0313800685107708,-0.0170788578689098,0.0205882079899311,0.0299580581486225,0.0200000125914812,-0.0235602483153343,0.0563380420207977,0.0622579753398895,-0.0243902783840894,0.0232754293829202,-0.0135547146201133,-0.0147985992953181,0.0358020514249801,-0.0058414209634065,-0.0148686133325099,0.0,-0.0196610148996114,0.0041969139128923,0.0558339096605777,0.0353859141469001,-0.0179261937737464,0.0045748651027679,-0.0440187975764274,-0.0348246172070503,-0.0043492526747286,-0.0058284508995711,-0.0606536865234375,0.0025125672109425,-0.0342944152653217,-0.0470620617270469,0.0039610317908227,-0.0230859406292438,-0.0281314998865127,0.0239305775612592,-0.0487323813140392,-0.0312591195106506,0.0298810191452503,0.0126659227535128,0.0055426619946956,0.0026800576597452,0.0079388553276658,0.0166320577263832,-0.0218579843640327,0.0151913659647107,-0.0096838548779487,-0.12776979804039,-0.0354395844042301,0.0069284392520785,-0.0010976153425872,-0.0078636882826685,0.0193006601184606,0.0013209711760282,-0.0306399408727884,-0.0600263774394989,0.0429864376783371,0.0056140297092497,-0.0106323743239045,-0.0041869832202792,0.0407688282430172,0.0003503265907056,-0.0002910719776991,-0.0332749187946319,0.0278276596218347,-0.0105072790756821,-0.0179253779351711,-0.0175759624689817,-0.0133372824639082,-0.0197540316730737,0.0117336912080645,-0.0437262207269668,0.0330303087830543,0.0012307973811402,0.0195105988532304,0.0489230801287046,0.0490758147844356,0.0261537979112576,0.0670987941123462,0.0286153931514681,0.0132347349701227,0.0596922646748658,0.003658507572829,0.1227692847016144,0.1155539831363532,-0.2261538546089666,-0.0024242876400832,2019-02-15,2019-02-19,2019-02-20,2019-02-21,2019-02-22,2019-02-25,2019-02-26,2019-02-27,2019-02-28,2019-03-01,76736.0,2019-02-14,251.0,-1.2758%,-0.002,1.4389,0.7791,0.062,2.5324%,2.9899%,28.2610%,-0.013592,ALKS,76736.0,2019-02-15,251.0,0.1231%,-0.0023,1.3772,0.7219,-0.0405,2.5028%,2.9402%,27.5432%,-0.017374,ALKS,76736.0,2019-02-19,251.0,4.7634%,-0.0024,1.367,0.7769,0.0223,2.4884%,2.9163%,27.1936%,0.042945,ALKS,76736.0,2019-02-20,251.0,-2.1707%,-0.0027,1.3553,0.7272,-0.0256,2.4689%,2.8963%,27.3374%,-0.026237,ALKS,76736.0,2019-02-21,251.0,-2.3388%,-0.0027,1.3503,0.7135,-0.0347,2.4662%,2.8909%,27.2243%,-0.018024,ALKS,76736.0,2019-02-22,251.0,2.6405%,-0.0025,1.3469,0.7459,-0.0457,2.4645%,2.8933%,27.4454%,0.0130929999999999,ALKS,76736.0,2019-02-25,251.0,2.4828%,-0.002,1.3346,0.7205,-0.1043,2.3817%,2.8237%,28.8554%,0.024565,ALKS,76736.0,2019-02-26,251.0,-0.9924%,-0.0021,1.3227,0.7342,-0.1063,2.3782%,2.8140%,28.5724%,-0.003622,ALKS,76736.0,2019-02-27,251.0,0.8550%,-0.002,1.3306,0.7225,-0.1049,2.3762%,2.8144%,28.7171%,0.005737,ALKS,76736.0,2019-02-28,251.0,-2.7477%,-0.0021,1.3395,0.7279,-0.0934,2.3796%,2.8184%,28.7149%,-0.0238589999999999,ALKS,76736.0,2019-03-01,251.0,3.5167%,-0.0021,1.3531,0.7482,-0.0839,2.3833%,2.8279%,28.9730%,0.022948,ALKS,-0.030966,0.011979,-0.0142579999999999,-0.0191889999999999,0.00658
27571,ALKERMES PLC,"Alkermes Q4 EPS $0.34 Up From $0.31 YoY, Sales $315.8M Beat $255.09M Estimate",6,increase,0.8,0.6,the positive earnings per share (eps) growth and sales exceeding estimates are likely to boost investor confidence and drive the stock price up.,2,2019-02-14,ALKS,2019-02-14 12:05:00+00:00,76736.0,G0176710,-0.0127581469714641,1164595.0,0.0012307973811402,0.0195105988532304,0.0476336553692817,0.0289994198828935,-0.0217072945088148,0.0171798635274171,-0.0233882702887058,-0.0070807631127536,0.0264046862721443,-0.0437058135867118,0.0248279385268688,-0.0361909642815589,-0.0099241146817803,0.0159734413027763,0.0085495561361312,0.0030229282565414,-0.0274773072451353,0.0063888928852975,0.0351667627692222,0.0021341370884329,-0.0171312484890222,0.0042865704745054,-0.0144755654036998,0.0033794350456446,-0.0266786385327577,-0.0446140430867672,0.0049276207573711,0.0299273822456598,-0.02145267277956,0.0197288300842046,0.0385217517614364,-0.0184569023549556,0.0,-0.0319273620843887,0.0111579895019531,0.009461848065257,-0.0107366722077131,0.0071470472030341,0.0256256349384784,0.0163438525050878,0.0173427443951368,0.0241786316037178,0.0115572866052389,-0.0076899421401321,-0.0131390774622559,0.000923607731238,0.0112879713997244,0.0083825048059225,-0.0280480701476335,0.0313800685107708,-0.0170788578689098,0.0205882079899311,0.0299580581486225,0.0200000125914812,-0.0235602483153343,0.0563380420207977,0.0622579753398895,-0.0243902783840894,0.0232754293829202,-0.0135547146201133,-0.0147985992953181,0.0358020514249801,-0.0058414209634065,-0.0148686133325099,0.0,-0.0196610148996114,0.0041969139128923,0.0558339096605777,0.0353859141469001,-0.0179261937737464,0.0045748651027679,-0.0440187975764274,-0.0348246172070503,-0.0043492526747286,-0.0058284508995711,-0.0606536865234375,0.0025125672109425,-0.0342944152653217,-0.0470620617270469,0.0039610317908227,-0.0230859406292438,-0.0281314998865127,0.0239305775612592,-0.0487323813140392,-0.0312591195106506,0.0298810191452503,0.0126659227535128,0.0055426619946956,0.0026800576597452,0.0079388553276658,0.0166320577263832,-0.0218579843640327,0.0151913659647107,-0.0096838548779487,-0.12776979804039,-0.0354395844042301,0.0069284392520785,-0.0010976153425872,-0.0078636882826685,0.0193006601184606,0.0013209711760282,-0.0306399408727884,-0.0600263774394989,0.0429864376783371,0.0056140297092497,-0.0106323743239045,-0.0041869832202792,0.0407688282430172,0.0003503265907056,-0.0002910719776991,-0.0332749187946319,0.0278276596218347,-0.0105072790756821,-0.0179253779351711,-0.0175759624689817,-0.0133372824639082,-0.0197540316730737,0.0117336912080645,-0.0437262207269668,0.0330303087830543,0.0012307973811402,0.0195105988532304,0.0489230801287046,0.0490758147844356,0.0261537979112576,0.0670987941123462,0.0286153931514681,0.0132347349701227,0.0596922646748658,0.003658507572829,0.1227692847016144,0.1155539831363532,-0.2261538546089666,-0.0024242876400832,2019-02-15,2019-02-19,2019-02-20,2019-02-21,2019-02-22,2019-02-25,2019-02-26,2019-02-27,2019-02-28,2019-03-01,76736.0,2019-02-14,251.0,-1.2758%,-0.002,1.4389,0.7791,0.062,2.5324%,2.9899%,28.2610%,-0.013592,ALKS,76736.0,2019-02-15,251.0,0.1231%,-0.0023,1.3772,0.7219,-0.0405,2.5028%,2.9402%,27.5432%,-0.017374,ALKS,76736.0,2019-02-19,251.0,4.7634%,-0.0024,1.367,0.7769,0.0223,2.4884%,2.9163%,27.1936%,0.042945,ALKS,76736.0,2019-02-20,251.0,-2.1707%,-0.0027,1.3553,0.7272,-0.0256,2.4689%,2.8963%,27.3374%,-0.026237,ALKS,76736.0,2019-02-21,251.0,-2.3388%,-0.0027,1.3503,0.7135,-0.0347,2.4662%,2.8909%,27.2243%,-0.018024,ALKS,76736.0,2019-02-22,251.0,2.6405%,-0.0025,1.3469,0.7459,-0.0457,2.4645%,2.8933%,27.4454%,0.0130929999999999,ALKS,76736.0,2019-02-25,251.0,2.4828%,-0.002,1.3346,0.7205,-0.1043,2.3817%,2.8237%,28.8554%,0.024565,ALKS,76736.0,2019-02-26,251.0,-0.9924%,-0.0021,1.3227,0.7342,-0.1063,2.3782%,2.8140%,28.5724%,-0.003622,ALKS,76736.0,2019-02-27,251.0,0.8550%,-0.002,1.3306,0.7225,-0.1049,2.3762%,2.8144%,28.7171%,0.005737,ALKS,76736.0,2019-02-28,251.0,-2.7477%,-0.0021,1.3395,0.7279,-0.0934,2.3796%,2.8184%,28.7149%,-0.0238589999999999,ALKS,76736.0,2019-03-01,251.0,3.5167%,-0.0021,1.3531,0.7482,-0.0839,2.3833%,2.8279%,28.9730%,0.022948,ALKS,-0.030966,0.011979,-0.0142579999999999,-0.0191889999999999,0.00658
27579,APPLIED MATERIALS INC,"From Applied Materials Q1 Earnings Conference Call: CEO Notes More Negative Than Positive News Facing Industry, Says Mgmt. Has Become Cautious About Near-Term Macro Risks",6,decrease,0.8,0.7,"the ceo's comments about more negative than positive news and increased caution regarding near-term macro risks suggest a bearish outlook, likely leading to a decrease in investor confidence and stock price.",0,2019-02-14,AMAT,2019-02-14 21:47:00+00:00,14702.0,03822210,-0.003427157877013,13927247.0,-0.0395480394363403,0.0039321663789451,0.0051151090301573,0.0197994261980056,-0.0025445097126066,0.0030166604556143,-0.0043589272536337,-0.0035069989971816,0.015451930463314,-0.0089374529197812,0.0058331103064119,0.0296523477882146,-0.0020170956850051,0.0056554600596427,-0.0202123038470745,-0.0104299122467637,-0.0113460198044776,0.0058853514492511,0.0057381642982363,-0.0131312292069196,0.0134854884818196,0.036649152636528,-0.0038383193314075,-0.0129198962822556,-0.0220909472554922,-0.0125031359493732,-0.0131337009370327,0.0362241938710212,0.0045249396935105,0.1023024842143059,0.0204026661813259,-0.00377460103482,0.0051934760995209,-0.0355642810463905,-0.0028416588902473,0.0338737145066261,0.0085492702201008,0.0267539098858833,0.0375031866133213,-0.0032592774368822,-0.0096558406949043,-0.0032486889977008,0.0092499731108546,-0.0264519322663545,-0.0198166780173778,0.0005753872101195,0.0444781929254531,0.0134110525250434,-0.0355674140155315,0.0422363840043544,-0.0115403681993484,-0.0405247658491134,0.0058375517837703,0.0178041085600853,-0.0176634043455123,0.0684844553470611,-0.0107886455953121,-0.0579450018703937,0.0298624150454998,0.022602254524827,0.0370650850236415,0.0111179929226636,-0.0034038266167044,0.0263075064867734,0.0351304858922958,0.0296997353434562,0.0044779311865568,0.0569161660969257,0.0098545756191015,-0.0435499735176563,-0.002788167912513,-0.0190938562154769,-0.0212022345513105,-0.0199810042977333,0.0038086134009063,-0.0525840781629085,0.0071141347289085,0.0186715833842754,0.0122439470142126,0.0006124546052888,-0.0065132025629282,-0.0314446054399013,0.0236479081213474,-0.0143275344744324,0.0038883385714143,0.0052910139784216,0.0013670852640643,-0.0043897489085793,-0.0036404971033334,0.0157550182193517,0.0009134714491665,-0.0302680674940347,0.0143736535683274,-0.0208863019943237,-0.0002248835371574,-0.0758998394012451,0.0047243889421224,0.0284335147589445,-0.0094043482095003,0.0202517192810773,-0.0038427209947258,-0.0153597332537174,-0.015656879171729,0.0308333504945039,0.007376663852483,-0.0002776540350168,0.005949618294835,0.0273894183337688,-0.01933572627604,-0.0039783855900168,-0.024588294327259,-0.0106234783306717,-0.0111771086230874,0.0392214506864547,-0.0153920920565724,-0.0276837088167667,-0.003419623710215,0.0108509724959731,-0.041911743581295,0.0428826250135898,-0.0395480394363403,0.0039321663789451,-0.0346352229398287,0.023809447214969,-0.0370916029912667,0.0268979326884668,-0.026474912631515,0.0141509374590003,-0.0479551499959528,0.031565657392091,-0.0207962351166179,0.2477091086186322,-0.0348695057089907,0.2234116834416581,2019-02-15,2019-02-19,2019-02-20,2019-02-21,2019-02-22,2019-02-25,2019-02-26,2019-02-27,2019-02-28,2019-03-01,14702.0,2019-02-14,252.0,-0.3427%,-0.0008,1.5804,0.2446,-0.008,1.9288%,2.5663%,43.5103%,-0.001529,AMAT,14702.0,2019-02-15,252.0,-3.9548%,-0.0011,1.5217,0.1857,-0.1115,1.9548%,2.5593%,41.6627%,-0.05808,AMAT,14702.0,2019-02-19,252.0,0.5115%,-0.0012,1.5157,0.197,-0.0983,1.9502%,2.5472%,41.3808%,0.00192,AMAT,14702.0,2019-02-20,252.0,-0.2545%,-0.0013,1.5127,0.1818,-0.1112,1.9465%,2.5440%,41.4580%,-0.005417,AMAT,14702.0,2019-02-21,252.0,-0.4359%,-0.0015,1.5275,0.2126,-0.084,1.9278%,2.5358%,42.2029%,0.00101,AMAT,14702.0,2019-02-22,252.0,1.5452%,-0.0014,1.5267,0.2175,-0.0891,1.9280%,2.5374%,42.2686%,0.003019,AMAT,14702.0,2019-02-25,252.0,0.5833%,-0.0014,1.5266,0.2148,-0.0907,1.9282%,2.5378%,42.2681%,0.003848,AMAT,14702.0,2019-02-26,252.0,-0.2017%,-0.0014,1.5289,0.2087,-0.0921,1.9281%,2.5353%,42.1644%,0.001401,AMAT,14702.0,2019-02-27,252.0,-2.0212%,-0.0015,1.521,0.2167,-0.0935,1.9296%,2.5297%,41.8195%,-0.022195,AMAT,14702.0,2019-02-28,252.0,-1.1346%,-0.0016,1.5226,0.2177,-0.091,1.9299%,2.5278%,41.7128%,-0.0070079999999999,AMAT,14702.0,2019-03-01,252.0,0.5738%,-0.0016,1.5327,0.2327,-0.0731,1.9266%,2.5282%,41.9253%,-0.00631,AMAT,-0.059609,-0.057689,-0.063106,-0.059077,-0.089341
27587,APPLIED MATERIALS INC,"Applied Materials Sees Q2 Adj. EPS $0.62-$0.70 vs $0.78 Estimate, Sales $3.33B-$3.63B vs $3.69B Est.",6,decrease,0.8,0.7,"the company's adjusted eps and sales guidance are both below analyst estimates, which typically leads to a negative reaction in stock prices.",0,2019-02-14,AMAT,2019-02-14 21:02:00+00:00,14702.0,03822210,-0.003427157877013,13927247.0,-0.0395480394363403,0.0039321663789451,0.0051151090301573,0.0197994261980056,-0.0025445097126066,0.0030166604556143,-0.0043589272536337,-0.0035069989971816,0.015451930463314,-0.0089374529197812,0.0058331103064119,0.0296523477882146,-0.0020170956850051,0.0056554600596427,-0.0202123038470745,-0.0104299122467637,-0.0113460198044776,0.0058853514492511,0.0057381642982363,-0.0131312292069196,0.0134854884818196,0.036649152636528,-0.0038383193314075,-0.0129198962822556,-0.0220909472554922,-0.0125031359493732,-0.0131337009370327,0.0362241938710212,0.0045249396935105,0.1023024842143059,0.0204026661813259,-0.00377460103482,0.0051934760995209,-0.0355642810463905,-0.0028416588902473,0.0338737145066261,0.0085492702201008,0.0267539098858833,0.0375031866133213,-0.0032592774368822,-0.0096558406949043,-0.0032486889977008,0.0092499731108546,-0.0264519322663545,-0.0198166780173778,0.0005753872101195,0.0444781929254531,0.0134110525250434,-0.0355674140155315,0.0422363840043544,-0.0115403681993484,-0.0405247658491134,0.0058375517837703,0.0178041085600853,-0.0176634043455123,0.0684844553470611,-0.0107886455953121,-0.0579450018703937,0.0298624150454998,0.022602254524827,0.0370650850236415,0.0111179929226636,-0.0034038266167044,0.0263075064867734,0.0351304858922958,0.0296997353434562,0.0044779311865568,0.0569161660969257,0.0098545756191015,-0.0435499735176563,-0.002788167912513,-0.0190938562154769,-0.0212022345513105,-0.0199810042977333,0.0038086134009063,-0.0525840781629085,0.0071141347289085,0.0186715833842754,0.0122439470142126,0.0006124546052888,-0.0065132025629282,-0.0314446054399013,0.0236479081213474,-0.0143275344744324,0.0038883385714143,0.0052910139784216,0.0013670852640643,-0.0043897489085793,-0.0036404971033334,0.0157550182193517,0.0009134714491665,-0.0302680674940347,0.0143736535683274,-0.0208863019943237,-0.0002248835371574,-0.0758998394012451,0.0047243889421224,0.0284335147589445,-0.0094043482095003,0.0202517192810773,-0.0038427209947258,-0.0153597332537174,-0.015656879171729,0.0308333504945039,0.007376663852483,-0.0002776540350168,0.005949618294835,0.0273894183337688,-0.01933572627604,-0.0039783855900168,-0.024588294327259,-0.0106234783306717,-0.0111771086230874,0.0392214506864547,-0.0153920920565724,-0.0276837088167667,-0.003419623710215,0.0108509724959731,-0.041911743581295,0.0428826250135898,-0.0395480394363403,0.0039321663789451,-0.0346352229398287,0.023809447214969,-0.0370916029912667,0.0268979326884668,-0.026474912631515,0.0141509374590003,-0.0479551499959528,0.031565657392091,-0.0207962351166179,0.2477091086186322,-0.0348695057089907,0.2234116834416581,2019-02-15,2019-02-19,2019-02-20,2019-02-21,2019-02-22,2019-02-25,2019-02-26,2019-02-27,2019-02-28,2019-03-01,14702.0,2019-02-14,252.0,-0.3427%,-0.0008,1.5804,0.2446,-0.008,1.9288%,2.5663%,43.5103%,-0.001529,AMAT,14702.0,2019-02-15,252.0,-3.9548%,-0.0011,1.5217,0.1857,-0.1115,1.9548%,2.5593%,41.6627%,-0.05808,AMAT,14702.0,2019-02-19,252.0,0.5115%,-0.0012,1.5157,0.197,-0.0983,1.9502%,2.5472%,41.3808%,0.00192,AMAT,14702.0,2019-02-20,252.0,-0.2545%,-0.0013,1.5127,0.1818,-0.1112,1.9465%,2.5440%,41.4580%,-0.005417,AMAT,14702.0,2019-02-21,252.0,-0.4359%,-0.0015,1.5275,0.2126,-0.084,1.9278%,2.5358%,42.2029%,0.00101,AMAT,14702.0,2019-02-22,252.0,1.5452%,-0.0014,1.5267,0.2175,-0.0891,1.9280%,2.5374%,42.2686%,0.003019,AMAT,14702.0,2019-02-25,252.0,0.5833%,-0.0014,1.5266,0.2148,-0.0907,1.9282%,2.5378%,42.2681%,0.003848,AMAT,14702.0,2019-02-26,252.0,-0.2017%,-0.0014,1.5289,0.2087,-0.0921,1.9281%,2.5353%,42.1644%,0.001401,AMAT,14702.0,2019-02-27,252.0,-2.0212%,-0.0015,1.521,0.2167,-0.0935,1.9296%,2.5297%,41.8195%,-0.022195,AMAT,14702.0,2019-02-28,252.0,-1.1346%,-0.0016,1.5226,0.2177,-0.091,1.9299%,2.5278%,41.7128%,-0.0070079999999999,AMAT,14702.0,2019-03-01,252.0,0.5738%,-0.0016,1.5327,0.2327,-0.0731,1.9266%,2.5282%,41.9253%,-0.00631,AMAT,-0.059609,-0.057689,-0.063106,-0.059077,-0.089341
27595,APPLIED MATERIALS INC,"Applied Materials Q1 EPS $0.81 Beats $0.79 Estimate, Sales $3.75B Beat $3.71B Estimate",6,increase,0.8,0.7,"the company reported better-than-expected earnings and sales, which typically leads to positive investor sentiment and an increase in stock price.",2,2019-02-14,AMAT,2019-02-14 21:01:00+00:00,14702.0,03822210,-0.003427157877013,13927247.0,-0.0395480394363403,0.0039321663789451,0.0051151090301573,0.0197994261980056,-0.0025445097126066,0.0030166604556143,-0.0043589272536337,-0.0035069989971816,0.015451930463314,-0.0089374529197812,0.0058331103064119,0.0296523477882146,-0.0020170956850051,0.0056554600596427,-0.0202123038470745,-0.0104299122467637,-0.0113460198044776,0.0058853514492511,0.0057381642982363,-0.0131312292069196,0.0134854884818196,0.036649152636528,-0.0038383193314075,-0.0129198962822556,-0.0220909472554922,-0.0125031359493732,-0.0131337009370327,0.0362241938710212,0.0045249396935105,0.1023024842143059,0.0204026661813259,-0.00377460103482,0.0051934760995209,-0.0355642810463905,-0.0028416588902473,0.0338737145066261,0.0085492702201008,0.0267539098858833,0.0375031866133213,-0.0032592774368822,-0.0096558406949043,-0.0032486889977008,0.0092499731108546,-0.0264519322663545,-0.0198166780173778,0.0005753872101195,0.0444781929254531,0.0134110525250434,-0.0355674140155315,0.0422363840043544,-0.0115403681993484,-0.0405247658491134,0.0058375517837703,0.0178041085600853,-0.0176634043455123,0.0684844553470611,-0.0107886455953121,-0.0579450018703937,0.0298624150454998,0.022602254524827,0.0370650850236415,0.0111179929226636,-0.0034038266167044,0.0263075064867734,0.0351304858922958,0.0296997353434562,0.0044779311865568,0.0569161660969257,0.0098545756191015,-0.0435499735176563,-0.002788167912513,-0.0190938562154769,-0.0212022345513105,-0.0199810042977333,0.0038086134009063,-0.0525840781629085,0.0071141347289085,0.0186715833842754,0.0122439470142126,0.0006124546052888,-0.0065132025629282,-0.0314446054399013,0.0236479081213474,-0.0143275344744324,0.0038883385714143,0.0052910139784216,0.0013670852640643,-0.0043897489085793,-0.0036404971033334,0.0157550182193517,0.0009134714491665,-0.0302680674940347,0.0143736535683274,-0.0208863019943237,-0.0002248835371574,-0.0758998394012451,0.0047243889421224,0.0284335147589445,-0.0094043482095003,0.0202517192810773,-0.0038427209947258,-0.0153597332537174,-0.015656879171729,0.0308333504945039,0.007376663852483,-0.0002776540350168,0.005949618294835,0.0273894183337688,-0.01933572627604,-0.0039783855900168,-0.024588294327259,-0.0106234783306717,-0.0111771086230874,0.0392214506864547,-0.0153920920565724,-0.0276837088167667,-0.003419623710215,0.0108509724959731,-0.041911743581295,0.0428826250135898,-0.0395480394363403,0.0039321663789451,-0.0346352229398287,0.023809447214969,-0.0370916029912667,0.0268979326884668,-0.026474912631515,0.0141509374590003,-0.0479551499959528,0.031565657392091,-0.0207962351166179,0.2477091086186322,-0.0348695057089907,0.2234116834416581,2019-02-15,2019-02-19,2019-02-20,2019-02-21,2019-02-22,2019-02-25,2019-02-26,2019-02-27,2019-02-28,2019-03-01,14702.0,2019-02-14,252.0,-0.3427%,-0.0008,1.5804,0.2446,-0.008,1.9288%,2.5663%,43.5103%,-0.001529,AMAT,14702.0,2019-02-15,252.0,-3.9548%,-0.0011,1.5217,0.1857,-0.1115,1.9548%,2.5593%,41.6627%,-0.05808,AMAT,14702.0,2019-02-19,252.0,0.5115%,-0.0012,1.5157,0.197,-0.0983,1.9502%,2.5472%,41.3808%,0.00192,AMAT,14702.0,2019-02-20,252.0,-0.2545%,-0.0013,1.5127,0.1818,-0.1112,1.9465%,2.5440%,41.4580%,-0.005417,AMAT,14702.0,2019-02-21,252.0,-0.4359%,-0.0015,1.5275,0.2126,-0.084,1.9278%,2.5358%,42.2029%,0.00101,AMAT,14702.0,2019-02-22,252.0,1.5452%,-0.0014,1.5267,0.2175,-0.0891,1.9280%,2.5374%,42.2686%,0.003019,AMAT,14702.0,2019-02-25,252.0,0.5833%,-0.0014,1.5266,0.2148,-0.0907,1.9282%,2.5378%,42.2681%,0.003848,AMAT,14702.0,2019-02-26,252.0,-0.2017%,-0.0014,1.5289,0.2087,-0.0921,1.9281%,2.5353%,42.1644%,0.001401,AMAT,14702.0,2019-02-27,252.0,-2.0212%,-0.0015,1.521,0.2167,-0.0935,1.9296%,2.5297%,41.8195%,-0.022195,AMAT,14702.0,2019-02-28,252.0,-1.1346%,-0.0016,1.5226,0.2177,-0.091,1.9299%,2.5278%,41.7128%,-0.0070079999999999,AMAT,14702.0,2019-03-01,252.0,0.5738%,-0.0016,1.5327,0.2327,-0.0731,1.9266%,2.5282%,41.9253%,-0.00631,AMAT,-0.059609,-0.057689,-0.063106,-0.059077,-0.089341
27603,A M C NETWORKS INC,Cooperman's Omega 13F Shows Cut Stake In AMC Networks From ~2.48M Shares To ~806K Shares,6,decrease,0.8,0.7,"a significant reduction in stake by a notable investor like cooperman's omega typically signals a lack of confidence in the company's future prospects, which may lead to a decrease in stock price.",0,2019-02-14,AMCX,2019-02-14 18:36:00+00:00,12880.0,00164V10,0.0046215285547077,429543.0,0.0225253514945507,0.0259973872452974,-0.0054297004826366,-0.0077871438115835,0.0062393001280725,-0.0082059875130653,-0.0119361402466893,0.0,0.0003137220337521,-0.0105078779160976,-0.008312402293086,-0.0170579049736261,-0.0123358974233269,0.0142857385799288,0.0180944930762052,0.0092919236049056,0.0335010550916194,-0.0082618445158004,0.0103485053405165,0.0148338945582509,-0.0604006387293338,-0.0400866754353046,0.0073741436935961,0.004196522757411,0.0041374652646481,-0.0064855744130909,-0.0167986936867237,0.0093515962362289,0.0056414967402815,0.0153506100177764,-0.0182721503078937,0.0269787069410085,0.0112652834504842,-0.0361842326819896,-0.047788169234991,0.0050377785228192,0.0130552807822823,0.0082539757713675,-0.0043514361605048,0.0014306176453828,-0.0072281104512512,0.0140231931582093,-0.0215035621076822,-0.0017699212767183,-0.0183422975242137,-0.0041659721173346,0.0130442744120955,0.0336203835904598,-0.0200104657560586,0.0031567111145704,-0.0062144617550075,0.0287130456417799,0.0184026937931776,0.0234388690441846,-0.0015789500903338,0.013652422465384,0.0,-0.0042372504249215,-0.0026357674505561,0.0320699401199817,0.0100423451513052,0.0029239738360047,-0.0066283107735216,0.0031164432875812,0.0091308243572711,0.0126229869201779,0.0080041596665978,0.0407650843262672,0.0055239028297364,-0.0089986836537718,0.0090986918658018,-0.0141562856733799,0.0030622712802141,-0.0199778359383344,0.0110244490206241,-0.0051527195610105,0.0005032508051954,-0.0164705850183963,0.006874578539282,-0.0233339164406061,0.0036636339500546,0.0103589566424489,-0.0031524577643722,-0.0495671071112155,0.0108188698068261,0.0128954611718654,-0.0039518834091722,0.0084966477006673,-0.0310795344412326,-0.0067172441631555,0.0006824930314905,-0.0020625460892915,0.0115942079573869,0.0196284428238868,-0.011292802169919,-0.0207653865218162,0.0189226157963275,-0.0265619810670614,0.0093692718073725,-0.0046557830646634,-0.0318249948322773,-0.0028188026044517,0.0083890035748481,0.0065087317489087,-0.0261460244655609,0.0147332586348056,-0.0191771667450666,0.0144305126741528,0.0158194676041603,-0.0044467612169682,-0.016272971406579,0.0222028046846389,-0.0046247267164289,-0.0252215322107076,-0.0060757710598409,-0.0035659549757838,0.003595842514187,-0.0180090349167585,-0.0256180632859468,-0.0043167578987777,0.0225253514945507,0.0259973872452974,0.0169733451000324,0.0180077980405093,0.0233185470223613,0.0096540387615857,0.0114212789542835,-0.0009552826152159,0.0531408371144133,0.0117703900017582,-0.0996193309397797,0.1434037655428859,-0.1372144907216377,0.0418396189200303,2019-02-15,2019-02-19,2019-02-20,2019-02-21,2019-02-22,2019-02-25,2019-02-26,2019-02-27,2019-02-28,2019-03-01,12880.0,2019-02-14,252.0,0.4622%,0.0008,0.8933,0.4624,0.3673,1.6631%,1.8956%,23.0255%,0.006153,AMCX,12880.0,2019-02-15,252.0,2.2525%,0.0009,0.8981,0.4677,0.3765,1.6639%,1.8973%,23.0817%,0.009412,AMCX,12880.0,2019-02-19,252.0,-0.5430%,0.0008,0.8933,0.4649,0.3737,1.6644%,1.8949%,22.8476%,-0.009722,AMCX,12880.0,2019-02-20,252.0,0.6239%,0.0009,0.8953,0.4779,0.3831,1.6598%,1.8922%,23.0485%,0.001364,AMCX,12880.0,2019-02-21,252.0,-1.1936%,0.0008,0.906,0.4979,0.4027,1.6536%,1.8912%,23.5541%,-0.007508,AMCX,12880.0,2019-02-22,252.0,0.0314%,0.0009,0.9052,0.5314,0.4233,1.6459%,1.8850%,23.7585%,-0.002493,AMCX,12880.0,2019-02-25,252.0,-0.8312%,0.0009,0.9036,0.534,0.4188,1.6444%,1.8834%,23.7683%,-0.007627,AMCX,12880.0,2019-02-26,252.0,-1.2336%,0.0009,0.9063,0.5412,0.4245,1.6450%,1.8844%,23.7974%,-0.0061909999999999,AMCX,12880.0,2019-02-27,252.0,1.8094%,0.0008,0.8977,0.561,0.4231,1.6431%,1.8797%,23.5926%,0.0166599999999999,AMCX,12880.0,2019-02-28,252.0,3.3501%,0.001,0.8906,0.5574,0.4094,1.6589%,1.8895%,22.9178%,0.0371289999999999,AMCX,12880.0,2019-03-01,252.0,1.0349%,0.001,0.8953,0.5643,0.4153,1.6585%,1.8899%,22.9906%,0.0038669999999999,AMCX,0.0155649999999999,0.0058429999999999,0.0072069999999999,-0.002794,0.0410439999999999
27611,ARISTA NETWORKS INC,Arista Networks Sees Q1 Sales $588M-$598M vs $589.7M Estimate,6,uncertain,0.6,0.2,"while arista networks' sales forecast is slightly below the estimate, the range is close enough that investor sentiment could vary, leading to uncertainty in stock price movement.",1,2019-02-14,ANET,2019-02-14 21:05:00+00:00,14714.0,04041310,0.018527939915657,1586327.0,0.0962289795279502,-0.0085972035303711,0.0213296990841627,0.0404485762119293,0.0042288550175726,0.0125474790111184,-0.0008126522880047,0.027510430663824,0.0165249574929475,-0.0195397660136222,0.0157471243292093,0.002856757491827,0.0044039064086973,0.0256375335156917,0.0123337665572762,-0.009387788362801,0.0044368105009198,0.0266319084912538,0.0045223785564303,0.0215943362563848,-0.0074684671126306,0.0185059942305088,-0.0232770573347806,-0.041333869099617,-0.0096478965133428,-0.0525388866662979,0.0041076149791479,0.0035769378300756,-0.0060819718055427,0.0187143087387085,0.0264068488031625,-0.0031392090022563,0.011674977838993,-0.0391675122082233,0.0260269157588481,0.0499932281672954,0.0003417851694393,-0.0009492257959209,0.0141827845945954,-0.0072245928458869,0.0082221403717994,0.0337230004370212,-0.0134358936920762,-0.0115543520078063,0.0110780531540513,0.0006423168815672,0.0555201061069965,0.0046554957516491,-0.0471715629100799,0.0124603239819407,0.0035647898912429,0.0207698196172714,0.0284499432891607,0.0367955602705478,0.0049386662431061,0.0143787330016493,0.003115669125691,-0.0520066358149051,0.0069164386950433,-0.0007118837093003,0.0124021945521235,0.0240085665136575,0.0002198998845415,0.0045403148978948,0.0104261767119169,0.0214941035956144,-0.0267288461327552,0.0615140870213508,-0.0066741062328219,-0.0221049040555954,0.018774501979351,-0.0204858183860778,0.0009151421836577,-0.0239544473588466,0.0159525759518146,-0.0473383627831935,-6.202952499734238e-05,0.009135453030467,0.0078825000673532,-0.0464588962495327,0.0079133156687021,-0.0362905114889144,0.0036659503821283,-0.0141385346651077,-0.0015218846965581,0.0125262327492237,-0.0142055954784154,-0.0028289556503295,0.0130496667698025,0.0207917187362909,-0.0199633948504924,-0.0559493228793144,0.0129882683977484,0.037870530039072,-0.0218922775238752,-0.0580589771270752,0.0071987947449088,0.0226853564381599,-0.0109862331300973,0.0091828452423214,-0.0144849671050906,0.003865776117891,-0.0058599924668669,0.0474325343966484,0.0012562477495521,-0.0072005549445748,-0.1043590232729912,0.0325213894248008,-0.0183183290064334,0.0010044800583273,-0.0279535483568906,-0.001640990958549,0.0021831088233739,-0.0162331610918045,0.0044318973086774,-0.0683878287672996,-0.0120031097903847,-0.0197788774967193,-0.0769056379795074,0.0640986114740371,0.0962289795279502,-0.0085972035303711,0.1196112137886202,0.0315036280393503,0.1243458872877809,0.0444463981620666,0.1419968541337972,0.0522098907240242,0.19004904964743,0.1244291682713487,0.3060054540272336,0.1219743631177112,0.0129578643099872,0.0301101992500383,2019-02-15,2019-02-19,2019-02-20,2019-02-21,2019-02-22,2019-02-25,2019-02-26,2019-02-27,2019-02-28,2019-03-01,14714.0,2019-02-14,252.0,1.8528%,-0.0012,1.3493,0.3822,-1.1818,2.3781%,3.0390%,38.7631%,0.012491,ANET,14714.0,2019-02-15,252.0,9.6229%,-0.0009,1.392,0.4301,-1.1,2.4371%,3.0924%,37.8891%,0.0856,ANET,14714.0,2019-02-19,252.0,2.1330%,-0.0008,1.3974,0.4419,-1.0871,2.4408%,3.0929%,37.7220%,0.020638,ANET,14714.0,2019-02-20,252.0,0.4229%,-0.0,1.4172,0.5691,-0.9946,2.1259%,2.8505%,44.3787%,0.00648,ANET,14714.0,2019-02-21,252.0,-0.0813%,-0.0,1.4199,0.5752,-0.9896,2.1252%,2.8505%,44.4167%,0.002442,ANET,14714.0,2019-02-22,252.0,1.6525%,0.0001,1.4192,0.631,-0.9471,2.1087%,2.8365%,44.7317%,-0.010515,ANET,14714.0,2019-02-25,252.0,1.5747%,0.0001,1.4219,0.627,-0.9393,2.1053%,2.8330%,44.7754%,0.0134539999999999,ANET,14714.0,2019-02-26,252.0,0.4404%,0.0002,1.43,0.6089,-0.9424,2.1033%,2.8329%,44.8750%,0.0074919999999999,ANET,14714.0,2019-02-27,252.0,1.2334%,0.0,1.4111,0.645,-0.9455,2.0863%,2.8118%,44.9459%,0.008659,ANET,14714.0,2019-02-28,252.0,0.4437%,-0.0,1.4186,0.6504,-0.9415,2.0841%,2.8119%,45.0623%,0.006218,ANET,14714.0,2019-03-01,252.0,0.4522%,-0.0003,1.4507,0.698,-0.8866,2.0542%,2.8005%,46.1946%,-0.011434,ANET,0.098091,0.118729,0.125209,0.117136,0.141525
27619,ARISTA NETWORKS INC,"Arista Networks Q4 EPS $2.25 Beats $2.07 Estimate, Sales $595.7M Beat $591.6M Estimate",6,increase,0.8,0.7,"the company reported better-than-expected earnings and sales, which typically leads to positive investor sentiment and an increase in stock price.",2,2019-02-14,ANET,2019-02-14 21:05:00+00:00,14714.0,04041310,0.018527939915657,1586327.0,0.0962289795279502,-0.0085972035303711,0.0213296990841627,0.0404485762119293,0.0042288550175726,0.0125474790111184,-0.0008126522880047,0.027510430663824,0.0165249574929475,-0.0195397660136222,0.0157471243292093,0.002856757491827,0.0044039064086973,0.0256375335156917,0.0123337665572762,-0.009387788362801,0.0044368105009198,0.0266319084912538,0.0045223785564303,0.0215943362563848,-0.0074684671126306,0.0185059942305088,-0.0232770573347806,-0.041333869099617,-0.0096478965133428,-0.0525388866662979,0.0041076149791479,0.0035769378300756,-0.0060819718055427,0.0187143087387085,0.0264068488031625,-0.0031392090022563,0.011674977838993,-0.0391675122082233,0.0260269157588481,0.0499932281672954,0.0003417851694393,-0.0009492257959209,0.0141827845945954,-0.0072245928458869,0.0082221403717994,0.0337230004370212,-0.0134358936920762,-0.0115543520078063,0.0110780531540513,0.0006423168815672,0.0555201061069965,0.0046554957516491,-0.0471715629100799,0.0124603239819407,0.0035647898912429,0.0207698196172714,0.0284499432891607,0.0367955602705478,0.0049386662431061,0.0143787330016493,0.003115669125691,-0.0520066358149051,0.0069164386950433,-0.0007118837093003,0.0124021945521235,0.0240085665136575,0.0002198998845415,0.0045403148978948,0.0104261767119169,0.0214941035956144,-0.0267288461327552,0.0615140870213508,-0.0066741062328219,-0.0221049040555954,0.018774501979351,-0.0204858183860778,0.0009151421836577,-0.0239544473588466,0.0159525759518146,-0.0473383627831935,-6.202952499734238e-05,0.009135453030467,0.0078825000673532,-0.0464588962495327,0.0079133156687021,-0.0362905114889144,0.0036659503821283,-0.0141385346651077,-0.0015218846965581,0.0125262327492237,-0.0142055954784154,-0.0028289556503295,0.0130496667698025,0.0207917187362909,-0.0199633948504924,-0.0559493228793144,0.0129882683977484,0.037870530039072,-0.0218922775238752,-0.0580589771270752,0.0071987947449088,0.0226853564381599,-0.0109862331300973,0.0091828452423214,-0.0144849671050906,0.003865776117891,-0.0058599924668669,0.0474325343966484,0.0012562477495521,-0.0072005549445748,-0.1043590232729912,0.0325213894248008,-0.0183183290064334,0.0010044800583273,-0.0279535483568906,-0.001640990958549,0.0021831088233739,-0.0162331610918045,0.0044318973086774,-0.0683878287672996,-0.0120031097903847,-0.0197788774967193,-0.0769056379795074,0.0640986114740371,0.0962289795279502,-0.0085972035303711,0.1196112137886202,0.0315036280393503,0.1243458872877809,0.0444463981620666,0.1419968541337972,0.0522098907240242,0.19004904964743,0.1244291682713487,0.3060054540272336,0.1219743631177112,0.0129578643099872,0.0301101992500383,2019-02-15,2019-02-19,2019-02-20,2019-02-21,2019-02-22,2019-02-25,2019-02-26,2019-02-27,2019-02-28,2019-03-01,14714.0,2019-02-14,252.0,1.8528%,-0.0012,1.3493,0.3822,-1.1818,2.3781%,3.0390%,38.7631%,0.012491,ANET,14714.0,2019-02-15,252.0,9.6229%,-0.0009,1.392,0.4301,-1.1,2.4371%,3.0924%,37.8891%,0.0856,ANET,14714.0,2019-02-19,252.0,2.1330%,-0.0008,1.3974,0.4419,-1.0871,2.4408%,3.0929%,37.7220%,0.020638,ANET,14714.0,2019-02-20,252.0,0.4229%,-0.0,1.4172,0.5691,-0.9946,2.1259%,2.8505%,44.3787%,0.00648,ANET,14714.0,2019-02-21,252.0,-0.0813%,-0.0,1.4199,0.5752,-0.9896,2.1252%,2.8505%,44.4167%,0.002442,ANET,14714.0,2019-02-22,252.0,1.6525%,0.0001,1.4192,0.631,-0.9471,2.1087%,2.8365%,44.7317%,-0.010515,ANET,14714.0,2019-02-25,252.0,1.5747%,0.0001,1.4219,0.627,-0.9393,2.1053%,2.8330%,44.7754%,0.0134539999999999,ANET,14714.0,2019-02-26,252.0,0.4404%,0.0002,1.43,0.6089,-0.9424,2.1033%,2.8329%,44.8750%,0.0074919999999999,ANET,14714.0,2019-02-27,252.0,1.2334%,0.0,1.4111,0.645,-0.9455,2.0863%,2.8118%,44.9459%,0.008659,ANET,14714.0,2019-02-28,252.0,0.4437%,-0.0,1.4186,0.6504,-0.9415,2.0841%,2.8119%,45.0623%,0.006218,ANET,14714.0,2019-03-01,252.0,0.4522%,-0.0003,1.4507,0.698,-0.8866,2.0542%,2.8005%,46.1946%,-0.011434,ANET,0.098091,0.118729,0.125209,0.117136,0.141525
27627,APOLLO COMMERCIAL RL EST FIN INC,Deutsche Bank Downgrades Apollo Commercial Real to Hold,6,decrease,0.8,0.6,"a downgrade from a major financial institution like deutsche bank typically signals reduced confidence in the stock's future performance, which can lead to a decrease in its stock price.",0,2019-02-14,ARI,2019-02-14 12:18:00+00:00,93014.0,03762U10,-0.0271739140152931,2538023.0,0.0,-0.0010858011664822,0.0044692694209516,-0.0016260533593595,0.0038931977469474,0.0,0.0,-0.0005416208878159,0.004986158106476,0.004352553281933,-0.0027562975883483,-0.0010869813850149,-0.0005528042674995,0.0027247539255768,0.0027654445730149,0.0132523337379097,0.0016547539271414,-0.0049450630322098,-0.0038546088617295,0.0105497241020202,0.0049751326441764,0.0072707533836364,0.0022001655306667,0.0061901351436972,-0.0082326903939247,0.0005630759405903,-0.0033203910570591,0.0028233283665031,-0.001665779389441,0.0039682369679212,0.0127919660881161,0.0039840466342866,0.0005491613992489,-0.0106982281431555,0.0093304105103015,-0.0005627590580843,0.0010875725420191,0.0050905062817037,0.0016295864479616,0.0091324113309383,0.0070498459972441,0.0057405498810112,-0.00700049335137,-0.0005737366154789,-0.0081344693899154,0.0051903203129768,0.0076544224284589,-0.009142848663032,-0.0037981385830789,0.0086455112323164,-0.0010893495054915,0.0134345516562461,0.0103598982095718,0.0076516228727996,-0.0005396777414716,0.0155409583821892,0.0097191855311393,-0.004166648723185,-0.0021929282229393,0.008403324522078,0.0082417372614145,-0.0101010147482156,-0.003814697265625,-5.688123749791885e-08,-0.001094116945751,-0.0097364364191889,0.0049288142472505,0.0473904609680175,0.0049046403728425,-0.0118554094806313,0.0010845200158655,-0.0005923176649957,-0.0081256572157144,-0.0554002039134502,0.0071000037714838,-0.0121613768860697,0.0043383906595408,0.0022161172237247,0.0043196501210331,-0.0326902791857719,-0.0043010711669921,0.0,-0.0059395576827228,-0.0026723269838839,0.0048886556178331,0.0048334179446101,-0.001081105787307,0.0059427665546536,-0.0021644486114382,-0.0096308346837759,-0.0005423117545433,-0.0100634871050715,0.0075962771661579,-0.0036940157879143,0.0037695043720304,-0.0078533831983804,0.0118026407435536,0.0084477216005325,-0.0053022471256554,-0.0052521205507218,-0.0010661224368959,-0.001049241865985,0.002134520560503,0.0143692679703235,0.0090521872043609,0.0064274687319993,0.005276964046061,0.0086439680308103,0.0020997857209295,0.0021657238248735,-0.0020953859202563,0.0065394514240324,-0.0020996856037527,-0.0081080878153443,-0.0252498444169759,-0.005376364570111,0.0053965714760124,0.0026954796630889,-0.0091250715777277,-0.0005388054414652,0.0,-0.0010858011664822,0.0044692694209516,-0.0027100889552074,0.0083798669175392,-0.0027100889552074,0.0134078083653774,0.0010881644282019,0.0106145548309142,0.0216546024132873,0.0424018113302619,0.1044417638568091,0.057293167583351,0.0184758411110428,2019-02-15,2019-02-19,2019-02-20,2019-02-21,2019-02-22,2019-02-25,2019-02-26,2019-02-27,2019-02-28,2019-03-01,93014.0,2019-02-14,252.0,-2.7174%,0.0003,0.4523,0.2492,0.0939,0.6805%,0.8331%,33.2768%,-0.027263,ARI,93014.0,2019-02-15,252.0,0.0000%,0.0003,0.4506,0.247,0.0903,0.6814%,0.8326%,33.0111%,-0.006284,ARI,93014.0,2019-02-19,252.0,0.4469%,0.0002,0.4472,0.2539,0.0983,0.6771%,0.8261%,32.8360%,0.002526,ARI,93014.0,2019-02-20,252.0,0.3893%,0.0002,0.4459,0.2427,0.0915,0.6667%,0.8169%,33.3845%,0.001844,ARI,93014.0,2019-02-21,252.0,0.0000%,0.0002,0.4422,0.2355,0.0846,0.6642%,0.8126%,33.1900%,0.00193,ARI,93014.0,2019-02-22,252.0,0.4986%,0.0002,0.4419,0.235,0.0815,0.6643%,0.8131%,33.2579%,0.001961,ARI,93014.0,2019-02-25,252.0,-0.2756%,0.0002,0.441,0.2355,0.0783,0.6625%,0.8116%,33.3643%,-0.002761,ARI,93014.0,2019-02-26,252.0,-0.0553%,0.0002,0.44,0.2342,0.0769,0.6626%,0.8105%,33.1754%,0.001819,ARI,93014.0,2019-02-27,252.0,0.2765%,0.0002,0.4406,0.2337,0.077,0.6626%,0.8105%,33.1685%,0.001917,ARI,93014.0,2019-02-28,252.0,0.1655%,0.0003,0.439,0.2326,0.0752,0.6627%,0.8090%,32.8950%,0.003067,ARI,93014.0,2019-03-01,252.0,-0.3855%,0.0002,0.4376,0.2305,0.0765,0.6645%,0.8086%,32.4685%,-0.007479,ARI,-0.033547,-0.031021,-0.029177,-0.025286,-0.028723
27635,ARMOUR RESIDENTIAL REIT INC,ARMOUR Residential REIT Q4 EPS $0.64 Beats $0.62 Estimate,6,increase,0.75,0.6,beating earnings estimates typically signals positive performance and can lead to an increase in stock price as investor sentiment improves.,2,2019-02-14,ARR,2019-02-14 21:30:00+00:00,92477.0,04231550,-0.0028129396960139,722110.0,-0.0014231824316084,-0.0009367895545437,-0.0042755417525768,-0.0032679596915841,-0.0362594649195671,0.0089496253058314,0.0064356019720435,0.0009429730707779,0.0044269626960158,-0.0046926504001021,-0.0088149020448327,0.002351798582822,-0.0064228833653032,0.0004705990140791,-0.0049726692959666,0.0018859461415559,0.0019989509601145,0.0090389447286725,-0.0094762407243251,0.0,0.0005035361973568,0.0009524027700535,-0.008052428252995,-0.0056818574666976,-0.0060882261022925,-0.0009460052242502,-0.0107198059558868,0.0028462745249271,0.0020640308503061,0.00190109340474,0.0190525669604539,0.0149542391300201,-0.0025265861768275,0.0043604727834463,0.0040526809170842,-0.0114942425861954,-0.0020181406289339,0.001438790350221,0.0020418073982,0.0096852667629718,0.0056036990135908,-0.0185361821204423,-0.0121580436825752,-0.0056205838918685,-0.0046153925359249,0.0075507243163883,0.0051520033739507,-0.0028235043864697,-0.0066633042879402,0.0004708205815404,0.0082560246810317,-0.0042194165289402,0.0030705968383699,0.007082134950906,-0.006122491788119,0.0172910951077938,0.0025667939335107,0.0024072814267128,0.0,0.0131707536056637,0.0061443382874131,-0.0186691917479038,-0.0035623256117105,0.0062620020471513,0.0025535870809108,0.0024143480695784,0.0066225710324943,0.0370555743575096,0.0035424947272986,-0.0191552694886922,0.0025213938206434,-0.004400985315442,-0.0015089929802343,-0.0224665068089962,0.0015112734399735,-0.0085308197885751,-0.0005029336898587,0.0052406201139092,0.0010065385140478,-0.0331644117832183,0.0005075290100648,-0.0018232201691716,0.0071030594408512,0.0059606176801025,-0.0020151594653725,-0.0045641432516276,-0.0025239393580704,-0.0013673967914655,0.0086032422259449,-0.0076888320036232,0.0040140454657375,0.0031760295387357,0.0064967097714543,0.0073126945644617,-0.0456802435219287,-0.0095066092908382,0.021331937983632,-0.0022583215031772,-0.020376956090331,-0.0009025477338582,-0.0078002922236919,0.011872156523168,-0.0015723630785942,0.0004568400618154,-0.0041994713246822,0.0027484868187457,0.0063258218578994,-0.0031963330693542,-0.0041906717233359,0.0027472283691167,-0.0047343582846224,0.0,-0.0116278706118464,-0.0099727706983685,-0.0032086295541375,0.0013617239892482,0.0150214964523911,0.0077767646871507,-0.0158561971038579,-0.0139828352257609,-0.0014231824316084,-0.0009367895545437,-0.0056926393082773,-0.0042016878556241,-0.0417456921725462,0.0047103339182474,-0.0313092919573281,0.0009385484702288,-0.0578747308780687,0.0147478337942601,-0.0645436999445693,0.0498838399759207,-0.0995294839761814,-0.0207046138600989,2019-02-15,2019-02-19,2019-02-20,2019-02-21,2019-02-22,2019-02-25,2019-02-26,2019-02-27,2019-02-28,2019-03-01,92477.0,2019-02-14,252.0,-0.2813%,0.0001,0.3675,0.4128,0.3507,0.8103%,0.9024%,19.3645%,-0.002277,ARR,92477.0,2019-02-15,252.0,-0.1423%,0.0001,0.3685,0.4128,0.3512,0.8105%,0.9025%,19.3397%,-0.008391,ARR,92477.0,2019-02-19,252.0,-0.4276%,0.0,0.3633,0.4135,0.3524,0.8084%,0.8988%,19.1118%,-0.007327,ARR,92477.0,2019-02-20,252.0,-3.6259%,-0.0002,0.3517,0.3853,0.3105,0.8455%,0.9262%,16.6621%,-0.0398979999999999,ARR,92477.0,2019-02-21,252.0,0.6436%,-0.0,0.3402,0.3638,0.2893,0.8309%,0.9069%,16.0636%,0.008621,ARR,92477.0,2019-02-22,252.0,0.4427%,0.0,0.3393,0.3712,0.2856,0.8308%,0.9071%,16.1326%,0.004368,ARR,92477.0,2019-02-25,252.0,-0.8815%,-0.0,0.3396,0.3754,0.2886,0.8322%,0.9089%,16.1615%,-0.007945,ARR,92477.0,2019-02-26,252.0,-0.6423%,-0.0001,0.3327,0.3856,0.2887,0.8287%,0.9044%,16.0381%,-0.002625,ARR,92477.0,2019-02-27,252.0,-0.4973%,-0.0001,0.3354,0.3791,0.2891,0.8285%,0.9045%,16.0876%,-0.005758,ARR,92477.0,2019-02-28,252.0,0.1999%,0.0,0.3207,0.3691,0.2776,0.8123%,0.8834%,15.4580%,0.0035859999999999,ARR,92477.0,2019-03-01,252.0,-0.9476%,0.0001,0.3048,0.3455,0.2585,0.8038%,0.8680%,14.2380%,-0.011835,ARR,-0.0106679999999999,-0.0179949999999999,-0.0578929999999999,-0.044904,-0.069481
27643,ASHLAND INC 2022,Cooperman's Omega 13F Shows Cut Stake In Ashland Global From ~1.09M Shares To ~767K Shares,6,decrease,0.7,0.6,"a significant reduction in stake by a notable investor like cooperman's omega may signal a lack of confidence in ashland global, potentially leading to a decrease in stock price.",0,2019-02-14,ASH,2019-02-14 18:36:00+00:00,24272.0,04418610,-0.0075481003150343,533312.0,-0.0029153977520763,-0.0001258130359929,0.0068649030290544,0.0140305925160646,0.0006313516641966,0.007064907811582,-0.0150158032774925,-0.0012828541221097,-0.0001280362193938,-0.0054860976524651,0.0074310591444373,0.0139714637771248,-0.0054686549119651,0.0124427583068609,-0.00025571155129,0.007787702139467,-0.0070350863970816,-0.001844524173066,0.0153786828741431,-0.0092677073553204,0.0096729304641485,0.0067017367109656,-0.0090760271996259,0.001315769390203,-0.0064877513796091,0.001053764950484,-0.0044814147986471,0.0034363532904535,-0.004115751478821,-0.0124004296958446,0.020405551418662,-0.0075139501132071,-0.0032907496206462,-0.0130417672917246,0.0041904994286596,0.0211516227573156,-0.0039201462641358,0.0072329747490584,-0.0059666573069989,0.0201234240084886,0.0093230614438653,0.0,-0.0124003002420067,0.0043115019798278,-0.0014093607896938,0.0044661229476332,0.0193738061934709,0.0058535300195217,-0.0346129648387432,0.0079583134502172,0.0013038605684414,0.0102578029036521,0.0093749165534973,-0.0042787794955074,0.0033540008589625,0.045454453676939,0.0145282195881009,-0.0311756711453199,-0.0098847597837448,0.0080326907336711,0.0058876117691397,0.0101067489013075,-0.0049624559469521,-0.0060837622731924,0.006266055162996,0.0360597930848598,0.009531071409583,0.0450368039309978,0.0017623286694288,-0.0274136457592248,-0.0041467933915555,-0.0229984614998102,-0.0066876816563308,-0.0224815290421247,0.0073679094202816,-0.0105589190497994,-0.0041614351794123,0.0052362736314535,0.0081043355166912,-0.0316568128764629,-0.0002512783976271,-0.0204053781926631,0.0036436854861676,-0.021670626476407,-0.0066349375993013,0.01115532964468,0.0037807568442076,0.0003986503288615,-0.0198368076235055,-0.0138871371746063,0.0172921549528837,-0.0341642051935195,0.0015109890373423,-0.0251634512096643,-0.0155896134674549,-0.0207754708826541,0.0180076118558645,0.0109903719276189,0.0026345388032495,-0.0062908814288675,0.0076326406560838,0.0048626489005982,-0.0608469098806381,0.0228799302130937,-0.0056855785660445,-0.0125246103852987,0.0103724263608455,-0.0026941122487187,0.0003948246594518,0.0054174149408936,0.0094724539667367,0.0088187688961625,-0.0028672125190496,0.0023655681870877,-0.0065350933000445,-0.0240583624690771,-0.0011841069208458,-0.0004857091116718,-0.0243677366524934,0.0183031875640153,-0.0029153977520763,-0.0001258130359929,0.0039294913541187,0.0139030142486304,0.0045633239092213,0.0210661455741822,-0.0106476904925412,0.0141617841997736,-0.0008385729308179,0.0375929673888963,-0.0064340082636289,0.1202085530333425,-0.0580643101870305,-0.0139417481630822,2019-02-15,2019-02-19,2019-02-20,2019-02-21,2019-02-22,2019-02-25,2019-02-26,2019-02-27,2019-02-28,2019-03-01,24272.0,2019-02-14,252.0,-0.7548%,0.0004,0.9647,0.3688,0.1598,1.0790%,1.4798%,46.8305%,-0.00666,ASH,24272.0,2019-02-15,252.0,-0.2915%,0.0003,0.9519,0.3556,0.1367,1.0835%,1.4751%,46.0516%,-0.015606,ASH,24272.0,2019-02-19,252.0,0.6865%,0.0003,0.9499,0.3613,0.1433,1.0823%,1.4711%,45.8660%,0.003515,ASH,24272.0,2019-02-20,252.0,0.0631%,0.0003,0.9504,0.3687,0.1467,1.0787%,1.4688%,46.0724%,-0.002856,ASH,24272.0,2019-02-21,252.0,-1.5016%,0.0003,0.9493,0.364,0.1448,1.0791%,1.4678%,45.9500%,-0.011004,ASH,24272.0,2019-02-22,252.0,-0.0128%,0.0003,0.95,0.368,0.1574,1.0796%,1.4674%,45.8769%,-0.006272,ASH,24272.0,2019-02-25,252.0,0.7431%,0.0004,0.9495,0.3641,0.1533,1.0800%,1.4677%,45.8502%,0.007146,ASH,24272.0,2019-02-26,252.0,-0.5469%,0.0004,0.9487,0.367,0.1542,1.0800%,1.4653%,45.6721%,-0.001213,ASH,24272.0,2019-02-27,252.0,-0.0256%,0.0004,0.9525,0.3598,0.1548,1.0788%,1.4653%,45.8003%,-0.001722,ASH,24272.0,2019-02-28,252.0,-0.7035%,0.0003,0.9664,0.3692,0.1659,1.0681%,1.4643%,46.7865%,-0.0038669999999999,ASH,24272.0,2019-03-01,252.0,1.5379%,0.0003,0.9648,0.3669,0.16,1.0687%,1.4628%,46.6226%,0.007924,ASH,-0.022266,-0.018751,-0.021607,-0.038883,-0.030615
27651,A T I INC,Macquarie Initiates Coverage On Allegheny Technologies with Outperform Rating,6,increase,0.8,0.6,"an 'outperform' rating from macquarie suggests positive expectations for a t i inc's performance, likely leading to an increase in stock price.",2,2019-02-14,ATI,2019-02-14 12:24:00+00:00,43123.0,01741R10,-0.0071839354932308,1156004.0,0.0101302713155746,0.0021598078310489,0.0196991134434938,0.0201983526349067,0.0242360569536685,0.016423987224698,-0.0161179471760988,-0.0183217283338308,0.0069710300303995,-0.0101559227332472,0.0128072286024689,0.0025454433634877,-0.0041011907160282,-0.0082942498847842,0.0034317220561206,0.0061683626845479,-0.02086185477674,0.0062066474929451,0.0125742442905902,0.0044004009105265,0.0062090479768812,0.0472350046038627,-0.016112420707941,-0.0188394878059625,-0.02473871037364,-0.0033795812632888,-0.0535905696451664,0.0386115349829196,-0.0294451005756855,-0.0302572287619113,-0.0015557763399556,0.0328125059604644,0.0089598577469587,0.0051040858961641,-0.0235520731657743,0.0196156837046146,-0.0035587246529757,0.0137987080961465,0.0107142282649874,0.0094223488122224,0.0212014503777027,-0.0036734757013618,-0.0023067845031619,-0.0116983018815517,0.0019267528550699,0.0184881165623664,0.0057692159898579,-0.0169628467410802,-0.0485659837722778,0.0626609921455383,0.0068328008055686,0.0309734009206295,0.0107784615829587,-0.000442292279331,0.0059241554699838,0.0550630092620849,-0.0058892667293548,-0.0411633141338825,0.0098736174404621,0.0266421642154455,0.0363707579672336,-0.0077484082430601,-0.0105660632252693,-0.0161434393376112,-0.0114416191354394,0.0058637419715523,0.0258487686514854,0.0452617183327674,0.0323430076241493,-0.0243790559470653,-0.0174863915890455,-0.0118181919679045,-0.0077863954938948,-0.0152193438261747,0.0093423016369342,-0.0316428057849407,0.0070344512350857,0.0109553029760718,-0.0566176809370517,-0.0239520743489265,0.0187061391770839,-0.0499797388911247,-0.0049731889739632,-0.0206923428922891,0.0015378318494185,0.0182333402335643,-0.0126679437234997,0.0036600306630134,-0.0089424392208457,-0.012846234254539,-0.0200078561902046,-0.0382239297032356,-0.0292233601212501,0.0062160002999007,-0.0070103122852742,-0.0438335910439491,0.0344684347510337,0.0251332763582468,0.0136491432785987,0.0019077125471085,-0.0130693037062883,-0.0098224496468901,-0.0272873323410749,0.048316802829504,0.0107260821387171,-0.0280985198915004,0.0465305857360363,0.0156372021883726,-0.0183307062834501,-0.0184190161526203,-0.0476758331060409,0.0349483378231525,-0.0079265180975198,-0.031165812164545,0.0012615129817277,-0.0363366529345512,0.002100006211549,-0.0146145969629287,-0.0569991841912269,0.0189873501658439,0.0101302713155746,0.0021598078310489,0.0300289421229273,0.0224017850261508,0.0549927822281457,0.0391936988819288,0.0452243130488221,0.0097932703219323,0.0488422703753468,0.0209020783022519,-0.0748914555204866,0.2788240512945987,-0.1859623609762263,0.0364854702562014,2019-02-15,2019-02-19,2019-02-20,2019-02-21,2019-02-22,2019-02-25,2019-02-26,2019-02-27,2019-02-28,2019-03-01,43123.0,2019-02-14,252.0,-0.7184%,0.0002,1.4921,0.777,0.6036,1.7397%,2.3112%,43.3419%,-0.00473,ATI,43123.0,2019-02-15,252.0,1.0130%,0.0001,1.4743,0.7597,0.573,1.7395%,2.2986%,42.7277%,-0.01167,ATI,43123.0,2019-02-19,252.0,1.9699%,0.0002,1.4797,0.7636,0.5768,1.7404%,2.3017%,42.8234%,0.012876,ATI,43123.0,2019-02-20,252.0,2.4236%,0.0003,1.4856,0.7831,0.5995,1.7409%,2.3056%,42.9869%,0.016472,ATI,43123.0,2019-02-21,252.0,-1.6118%,0.0005,1.4661,0.7412,0.5637,1.7000%,2.2609%,43.4620%,-0.008794,ATI,43123.0,2019-02-22,252.0,0.6971%,0.0005,1.4661,0.7376,0.5604,1.6999%,2.2611%,43.4792%,0.001552,ATI,43123.0,2019-02-25,252.0,1.2807%,0.0004,1.4694,0.7346,0.5713,1.6917%,2.2557%,43.7563%,0.0134349999999999,ATI,43123.0,2019-02-26,252.0,-0.4101%,0.0004,1.466,0.7319,0.5674,1.6917%,2.2512%,43.5295%,0.004737,ATI,43123.0,2019-02-27,252.0,0.3432%,0.0005,1.4762,0.7142,0.5691,1.6856%,2.2503%,43.8949%,0.001303,ATI,43123.0,2019-02-28,252.0,-2.0862%,0.0004,1.4904,0.7234,0.5831,1.6834%,2.2544%,44.2424%,-0.015106,ATI,43123.0,2019-03-01,252.0,1.2574%,0.0005,1.4783,0.7053,0.5635,1.6783%,2.2400%,43.8623%,0.001988,ATI,-0.0163999999999999,-0.0035239999999999,0.012948,0.005706,0.012063
27659,AMERICAN AXLE & MFG HLGDS INC,American Axle & Mfg's Q4 Earnings Preview,6,uncertain,0.5,0.5,the impact on american axle & mfg's stock price is uncertain as it depends on the actual earnings results and market expectations.,1,2019-02-14,AXL,2019-02-14 18:53:00+00:00,86547.0,02406110,0.0173010379076004,2726979.0,0.1448979675769806,0.0076708267442882,-0.0130718545988202,0.0235545989125967,0.0192654840648174,0.0189091078937053,-0.0242173559963703,-0.0178571436554193,0.0175544191151857,-0.0404386669397354,-0.0083283400163054,-0.0188298411667347,-0.0065987170673906,-0.0217105224728584,-0.0078501915559172,0.018766738474369,-0.0200852043926715,0.0094722835347056,-0.0012422644067555,0.0130225894972682,0.0037313101347535,0.0181437712162733,-0.0247831251472234,-0.0069300332106649,-0.0457432866096496,-0.0190346520394086,-0.0146471541374921,0.022948533296585,-0.0209459736943244,0.0141043588519096,0.0151829030364751,-0.0234159883111715,-0.012236594222486,-0.0061601097695529,-0.0061940918676555,0.0317796468734741,-0.0283933412283659,0.017972681671381,0.0035638054832816,0.0028839195147156,0.0191761683672666,0.0571646355092525,0.0097560547292232,0.0154798617586493,-0.0276052188128233,0.0133333392441272,0.017033340409398,-0.0062353797256946,-0.0600139312446117,0.0094413757324218,0.0044543030671775,0.0358597859740257,0.0155210671946406,0.0415959879755973,0.0080058667808771,0.0527256652712822,0.02454867772758,-0.0132275633513927,0.0084567191079258,0.0216215997934341,0.0503144152462482,-0.0026953937485814,0.0079840244725346,0.0008993011433631,0.0151815516874194,0.02488474547863,0.0136540988460183,0.048309177160263,-0.0173188224434852,-0.0254236832261085,0.0241514295339584,-0.0380434840917587,-0.0254939217120409,-0.0160428080707788,0.0235447790473699,-0.0183727070689201,-0.0089456485584378,0.0160000268369913,0.0380399823188781,-0.0017746634548529,-0.0136646125465631,-0.0217013880610466,0.0214105285704135,0.0,-0.035141784697771,0.0176679119467735,0.0172524265944957,-0.0052724443376064,-0.0270100701600313,0.004413079470396,-0.0032279014121741,-0.0542570650577545,0.0148964058607816,-0.0236349552869796,-0.0638162121176719,-0.0261904690414667,0.0463531203567981,0.0120482388883829,-0.0104235047474503,0.0213289782404899,-0.028966398909688,-0.0193081833422184,-0.0325423404574394,0.0471777953207492,0.005606161430478,-0.0141196073964238,-0.0515679940581321,0.0290598422288894,-0.0271858852356672,0.0017122862627729,-0.0294561479240655,0.0183086339384317,-0.0171206425875425,-0.0417710952460765,-0.0348377302289009,0.0025126202963292,-0.0073830354958772,-0.0516283214092254,-0.046281024813652,0.0269167963415384,0.1448979675769806,0.0076708267442882,0.1299320278143294,0.0314061089041746,0.1517007152905132,0.0509090782996703,0.1435373932481076,-0.0095956367798106,0.0938775596450653,-0.0095956370000361,-0.0265305701853234,0.3018017426881159,-0.2149659831138194,0.1786296527670665,2019-02-15,2019-02-19,2019-02-20,2019-02-21,2019-02-22,2019-02-25,2019-02-26,2019-02-27,2019-02-28,2019-03-01,86547.0,2019-02-14,252.0,1.7301%,0.0001,1.5031,0.099,0.4339,2.5666%,2.9774%,25.6909%,0.022545,AXL,86547.0,2019-02-15,252.0,14.4898%,0.0007,1.587,0.188,0.588,2.6835%,3.1099%,25.5450%,0.1254829999999999,AXL,86547.0,2019-02-19,252.0,-1.3072%,0.0007,1.5883,0.1689,0.5664,2.6841%,3.1111%,25.5675%,-0.018497,AXL,86547.0,2019-02-20,252.0,1.9265%,0.0009,1.5953,0.2011,0.5955,2.6742%,3.1049%,25.8179%,0.012661,AXL,86547.0,2019-02-21,252.0,-2.4217%,0.0007,1.6079,0.223,0.6188,2.6723%,3.1080%,26.0746%,-0.016905,AXL,86547.0,2019-02-22,252.0,1.7554%,0.0006,1.6072,0.1903,0.5808,2.6685%,3.1066%,26.2139%,0.014874,AXL,86547.0,2019-02-25,252.0,-0.8328%,0.0006,1.6071,0.195,0.5827,2.6692%,3.1070%,26.1951%,-0.009299,AXL,86547.0,2019-02-26,252.0,-0.6599%,0.0007,1.6226,0.1823,0.5878,2.6645%,3.1073%,26.4725%,-0.000956,AXL,86547.0,2019-02-27,252.0,-0.7850%,0.0007,1.6225,0.1795,0.5878,2.6652%,3.1060%,26.3726%,-0.009051,AXL,86547.0,2019-02-28,252.0,-2.0085%,0.0007,1.6064,0.1679,0.5795,2.6573%,3.0888%,25.9890%,-0.013722,AXL,86547.0,2019-03-01,252.0,-0.1242%,0.0007,1.6024,0.1621,0.5788,2.6583%,3.0855%,25.7756%,-0.011067,AXL,0.148028,0.129531,0.142192,0.140161,0.0960659999999999
27667,ASTRAZENECA PLC,AstraZeneca shares are trading higher after the company reported Q4 revenue of $6.42B versus the $6.27B estimate and announced better than expected 2019 guidance.,6,increase,0.8,0.7,"the better-than-expected q4 revenue and positive 2019 guidance are likely to boost investor confidence, leading to an increase in astrazeneca's stock price.",2,2019-02-14,AZN,2019-02-14 13:17:00+00:00,79363.0,04635310,0.0929469019174575,12341326.0,0.0235117226839065,-0.0166666377335786,-0.0112414248287677,0.0141766751185059,0.0017300962936133,-0.0089164562523365,-0.0024672707077115,0.0018949565710499,0.0126143535599112,0.0018985542701557,0.0136785879731178,-0.0035135424695909,0.0115662543103098,0.0065288818441331,0.0097665516659617,0.0030012766364961,0.0033027231693267,0.0019136056071147,0.0043289195746183,0.0175243690609931,-0.0016762380255386,0.0112518016248941,0.0148717379197478,0.0016905481461435,-0.0066178818233311,-0.0072726802900433,-0.0088032102212309,-0.0011176561238244,0.0026404371019452,-0.0245297830551862,0.0100550195202231,0.0115797678008675,-0.0080587854608893,-0.0076607055962085,0.0143369724974036,0.0071644615381956,-0.0042402897961437,0.0139703825116157,0.0056777349673211,-0.0088618025183677,0.0016467539826408,0.01575249992311,0.0068106409162282,-0.037889078259468,0.0034989858977496,-0.0342393517494201,-0.0016271430067718,0.0121692884713411,-0.0083818538114428,-0.0086546503007411,-0.0009392090723849,-0.0167611595243215,0.0091656735166907,-0.0102093294262886,-0.0067535424605011,0.0221758000552654,0.0077373506501317,0.0140212327241897,-0.059329904615879,-0.0047393445856869,0.0207766555249691,0.0055599440820515,0.0077538089826703,0.0126005690544843,-0.0120221208781004,-0.0082425251603126,-0.0136286532506346,0.0203472599387168,0.0041944729164242,-0.0173286516219377,0.0039312001317739,-0.0139327701181173,-0.0041605965234339,0.00184355257079,-0.0036863533314317,-0.0068008978851139,-0.0172669161111116,-0.0031290466431528,-0.0080321207642555,-0.0204343050718307,0.007338079623878,-0.0022935818415135,-0.0128109045326709,0.0084811570122838,-0.0134859746322035,0.0064666322432458,0.0007737627020105,0.0065087215043604,-0.0012886401964351,0.0060240845195949,-0.0015484225004911,-0.0177514441311359,0.0007754612597636,-0.0250815153121948,0.0087809953838586,0.0078361360356211,-0.0273937452584505,-0.0065293400548398,0.0050012799911201,-0.0096990652382373,-0.0136197078973054,0.0022432741243392,-0.0082315821200609,0.0055137192830443,0.0072289281524717,-0.0047393022105097,0.0209994930773973,-0.0027363335248082,-0.0015621290076524,-0.0007456818129867,-0.0096479514613747,-0.0027268370613455,0.0084254788234829,-0.0112744877114892,0.0044386941008269,0.0031964858062565,-0.0213153026998043,-0.0176329314708709,-0.0098274294286966,0.0,0.0235117226839065,-0.0166666377335786,0.0120059925919928,-0.0027262401235395,0.0137568604088906,-0.011618387975081,0.0240119840832995,-0.0078653957359439,0.0683869759126134,0.0175243682750567,0.0343603315977514,-0.0368614454992831,-0.04622924668173,-0.1164251090052964,2019-02-15,2019-02-19,2019-02-20,2019-02-21,2019-02-22,2019-02-25,2019-02-26,2019-02-27,2019-02-28,2019-03-01,79363.0,2019-02-14,252.0,9.2947%,0.0007,0.3983,-0.0617,-0.1526,1.2219%,1.3079%,12.7250%,0.093754,AZN,79363.0,2019-02-15,252.0,2.3512%,0.0007,0.4067,-0.0521,-0.1363,1.2273%,1.3141%,12.7674%,0.019797,AZN,79363.0,2019-02-19,252.0,-1.1241%,0.0006,0.4014,-0.0558,-0.14,1.2285%,1.3131%,12.4726%,-0.011554,AZN,79363.0,2019-02-20,252.0,0.1730%,0.0007,0.402,-0.0531,-0.1375,1.2284%,1.3129%,12.4688%,0.0017599999999999,AZN,79363.0,2019-02-21,252.0,-0.2467%,0.0007,0.3999,-0.058,-0.1415,1.2276%,1.3118%,12.4271%,-0.001433,AZN,79363.0,2019-02-22,252.0,1.2614%,0.0007,0.3992,-0.0664,-0.1575,1.2275%,1.3135%,12.6610%,0.008155,AZN,79363.0,2019-02-25,252.0,1.3679%,0.0007,0.3984,-0.0729,-0.1635,1.2293%,1.3156%,12.6865%,0.012524,AZN,79363.0,2019-02-26,252.0,1.1566%,0.0008,0.3951,-0.0841,-0.1717,1.2309%,1.3162%,12.5303%,0.011097,AZN,79363.0,2019-02-27,252.0,0.9767%,0.0008,0.3955,-0.0823,-0.1716,1.2321%,1.3170%,12.4828%,0.009265,AZN,79363.0,2019-02-28,252.0,0.3303%,0.0008,0.3916,-0.0849,-0.1751,1.2317%,1.3153%,12.3121%,0.004016,AZN,79363.0,2019-03-01,252.0,0.4329%,0.0009,0.3813,-0.1003,-0.1912,1.2269%,1.3091%,12.1510%,0.000965,AZN,0.113551,0.101997,0.103757,0.110479,0.1483459999999999
27675,ASTRAZENECA PLC,AstraZeneca Q4 Adj EPS $1.58; Revenue $6.42B vs $6.27B Est,6,increase,0.8,0.6,"astrazeneca's reported adjusted eps and revenue exceeded estimates, which typically signals positive performance and can lead to an increase in stock price.",2,2019-02-14,AZN,2019-02-14 09:02:00+00:00,79363.0,04635310,0.0929469019174575,12341326.0,0.0235117226839065,-0.0166666377335786,-0.0112414248287677,0.0141766751185059,0.0017300962936133,-0.0089164562523365,-0.0024672707077115,0.0018949565710499,0.0126143535599112,0.0018985542701557,0.0136785879731178,-0.0035135424695909,0.0115662543103098,0.0065288818441331,0.0097665516659617,0.0030012766364961,0.0033027231693267,0.0019136056071147,0.0043289195746183,0.0175243690609931,-0.0016762380255386,0.0112518016248941,0.0148717379197478,0.0016905481461435,-0.0066178818233311,-0.0072726802900433,-0.0088032102212309,-0.0011176561238244,0.0026404371019452,-0.0245297830551862,0.0100550195202231,0.0115797678008675,-0.0080587854608893,-0.0076607055962085,0.0143369724974036,0.0071644615381956,-0.0042402897961437,0.0139703825116157,0.0056777349673211,-0.0088618025183677,0.0016467539826408,0.01575249992311,0.0068106409162282,-0.037889078259468,0.0034989858977496,-0.0342393517494201,-0.0016271430067718,0.0121692884713411,-0.0083818538114428,-0.0086546503007411,-0.0009392090723849,-0.0167611595243215,0.0091656735166907,-0.0102093294262886,-0.0067535424605011,0.0221758000552654,0.0077373506501317,0.0140212327241897,-0.059329904615879,-0.0047393445856869,0.0207766555249691,0.0055599440820515,0.0077538089826703,0.0126005690544843,-0.0120221208781004,-0.0082425251603126,-0.0136286532506346,0.0203472599387168,0.0041944729164242,-0.0173286516219377,0.0039312001317739,-0.0139327701181173,-0.0041605965234339,0.00184355257079,-0.0036863533314317,-0.0068008978851139,-0.0172669161111116,-0.0031290466431528,-0.0080321207642555,-0.0204343050718307,0.007338079623878,-0.0022935818415135,-0.0128109045326709,0.0084811570122838,-0.0134859746322035,0.0064666322432458,0.0007737627020105,0.0065087215043604,-0.0012886401964351,0.0060240845195949,-0.0015484225004911,-0.0177514441311359,0.0007754612597636,-0.0250815153121948,0.0087809953838586,0.0078361360356211,-0.0273937452584505,-0.0065293400548398,0.0050012799911201,-0.0096990652382373,-0.0136197078973054,0.0022432741243392,-0.0082315821200609,0.0055137192830443,0.0072289281524717,-0.0047393022105097,0.0209994930773973,-0.0027363335248082,-0.0015621290076524,-0.0007456818129867,-0.0096479514613747,-0.0027268370613455,0.0084254788234829,-0.0112744877114892,0.0044386941008269,0.0031964858062565,-0.0213153026998043,-0.0176329314708709,-0.0098274294286966,0.0,0.0235117226839065,-0.0166666377335786,0.0120059925919928,-0.0027262401235395,0.0137568604088906,-0.011618387975081,0.0240119840832995,-0.0078653957359439,0.0683869759126134,0.0175243682750567,0.0343603315977514,-0.0368614454992831,-0.04622924668173,-0.1164251090052964,2019-02-15,2019-02-19,2019-02-20,2019-02-21,2019-02-22,2019-02-25,2019-02-26,2019-02-27,2019-02-28,2019-03-01,79363.0,2019-02-14,252.0,9.2947%,0.0007,0.3983,-0.0617,-0.1526,1.2219%,1.3079%,12.7250%,0.093754,AZN,79363.0,2019-02-15,252.0,2.3512%,0.0007,0.4067,-0.0521,-0.1363,1.2273%,1.3141%,12.7674%,0.019797,AZN,79363.0,2019-02-19,252.0,-1.1241%,0.0006,0.4014,-0.0558,-0.14,1.2285%,1.3131%,12.4726%,-0.011554,AZN,79363.0,2019-02-20,252.0,0.1730%,0.0007,0.402,-0.0531,-0.1375,1.2284%,1.3129%,12.4688%,0.0017599999999999,AZN,79363.0,2019-02-21,252.0,-0.2467%,0.0007,0.3999,-0.058,-0.1415,1.2276%,1.3118%,12.4271%,-0.001433,AZN,79363.0,2019-02-22,252.0,1.2614%,0.0007,0.3992,-0.0664,-0.1575,1.2275%,1.3135%,12.6610%,0.008155,AZN,79363.0,2019-02-25,252.0,1.3679%,0.0007,0.3984,-0.0729,-0.1635,1.2293%,1.3156%,12.6865%,0.012524,AZN,79363.0,2019-02-26,252.0,1.1566%,0.0008,0.3951,-0.0841,-0.1717,1.2309%,1.3162%,12.5303%,0.011097,AZN,79363.0,2019-02-27,252.0,0.9767%,0.0008,0.3955,-0.0823,-0.1716,1.2321%,1.3170%,12.4828%,0.009265,AZN,79363.0,2019-02-28,252.0,0.3303%,0.0008,0.3916,-0.0849,-0.1751,1.2317%,1.3153%,12.3121%,0.004016,AZN,79363.0,2019-03-01,252.0,0.4329%,0.0009,0.3813,-0.1003,-0.1912,1.2269%,1.3091%,12.1510%,0.000965,AZN,0.113551,0.101997,0.103757,0.110479,0.1483459999999999
27683,ALIBABA GROUP HOLDING LTD,Bilibili Shares Up 3.7%; Alibaba Earlier 13G Showed 10.8% Stake In Co.,6,increase,0.7,0.5,"the news of alibaba holding a significant stake in bilibili may positively influence investor sentiment towards alibaba, suggesting potential growth and value in its investments.",2,2019-02-14,BABA,2019-02-14 16:45:00+00:00,14888.0,01609W10,-0.0060211867094039,8722094.0,-0.0132439183071255,0.0040897820144891,0.024255184456706,0.007524692453444,0.0031144320964813,0.0005377409979701,0.0055649750865995,0.0023957467637956,0.0306419339030981,-0.0265858061611652,0.0357788950204849,-0.0018040945287793,0.0015825008740648,0.0307738743722438,0.0056663863360881,-0.0075608994811773,-0.0083974590525031,-0.0030862619169056,0.0046440809965133,0.0100107789039611,0.0183271430432796,0.0633605420589447,-0.0120160216465592,-0.01283660531044,-0.0044864965602755,-0.0018215471645817,-0.0371938459575176,0.021493686363101,-0.0129145523533225,0.0251924078911542,0.0307376161217689,-0.0007886632811278,0.0012194513110443,-0.0310152228921651,0.0003874885733239,0.0067320833913981,-0.0018815514631569,0.0072978874668478,0.0033821279648691,0.026245966553688,0.0047521721571683,0.0107858283445239,0.0017048757290467,-0.0135474689304828,-0.0047216461971402,-0.0024391529150307,0.0012135989964008,-0.0015139266615733,-0.028870552778244,0.0349479205906391,0.0142403822392225,0.0257860720157623,-0.0038597215898334,0.0239714216440916,-0.0058962432667613,0.0700612068176269,0.003954114858061,-0.0446231961250305,0.026557145640254,-0.0026994261424988,-0.0085502741858363,-0.0145228924229741,0.0046990220434963,0.0046226033009588,-0.0188180804252624,0.0032608474139124,0.015421712771058,0.0463264882564544,0.0236372593790292,-0.0008333379519172,0.0062044449150562,-0.0230182856321334,0.0036997450515627,-0.0148023832589387,-0.0053421654738485,-0.0261327065527439,-0.0064987740479409,-0.0219474136829376,0.0212455838918685,-0.0336913056671619,-0.0309141725301742,-0.0163717698305845,0.0148030333220958,-0.0001320414012297,0.0095274206250905,-0.002173495478928,-0.0032524692360311,0.0026415451429784,-0.008344910107553,-0.0106494510546326,0.0103030987083911,-0.017775809392333,-0.0086496621370315,-0.0158519297838211,0.0119028743356466,-0.032979167997837,-0.0042048571631312,0.0179037973284721,-0.0008017205400392,0.0293063856661319,-0.007328528445214,-0.0192042030394077,0.0201540663838386,0.0184071939438581,0.0057049379684031,0.0028845088090747,0.0253164935857057,0.0377834923565387,-0.0357051417231559,0.0061575407162308,-0.0361772887408733,0.0234964247792959,-0.0101416325196623,-0.0237410757690668,-0.0030625483486801,-0.0296561140567064,-0.0058087203651666,-0.0135705741122365,-0.0448876731097698,0.0384206250309944,-0.0132439183071255,0.0040897820144891,0.0106900324681116,0.0116452488197937,0.0138377579448241,0.0121892519454858,0.0507185706124357,-0.0123601354078345,0.0920536862031118,0.0154656889802737,0.0835609475536962,0.2358647735081789,0.0096804239154972,0.1260302453894088,2019-02-15,2019-02-19,2019-02-20,2019-02-21,2019-02-22,2019-02-25,2019-02-26,2019-02-27,2019-02-28,2019-03-01,14888.0,2019-02-14,252.0,-0.6021%,-0.0007,1.2785,0.19,-0.7899,1.5847%,2.2754%,51.4949%,-0.009068,BABA,14888.0,2019-02-15,252.0,-1.3244%,-0.0009,1.2407,0.1535,-0.8547,1.5824%,2.2614%,51.0383%,-0.024474,BABA,14888.0,2019-02-19,252.0,2.4255%,-0.0007,1.2507,0.1618,-0.8462,1.5869%,2.2665%,50.9784%,0.023917,BABA,14888.0,2019-02-20,252.0,0.3114%,-0.0006,1.254,0.1776,-0.8321,1.5827%,2.2631%,51.0902%,0.004937,BABA,14888.0,2019-02-21,252.0,0.5565%,-0.0007,1.2614,0.1946,-0.8186,1.5751%,2.2601%,51.4338%,0.008315,BABA,14888.0,2019-02-22,252.0,3.0642%,-0.0007,1.2608,0.1763,-0.8432,1.5734%,2.2677%,51.8635%,0.009239,BABA,14888.0,2019-02-25,252.0,3.5779%,-0.0006,1.2602,0.1592,-0.8541,1.5872%,2.2789%,51.4896%,0.032728,BABA,14888.0,2019-02-26,252.0,0.1583%,-0.0006,1.257,0.1591,-0.8566,1.5870%,2.2739%,51.2873%,0.001699,BABA,14888.0,2019-02-27,252.0,0.5666%,-0.0005,1.261,0.1532,-0.8559,1.5863%,2.2740%,51.3395%,0.003105,BABA,14888.0,2019-02-28,252.0,-0.8397%,-0.0005,1.2548,0.1488,-0.8589,1.5844%,2.2664%,51.1305%,-0.0067589999999999,BABA,14888.0,2019-03-01,252.0,0.4644%,-0.0005,1.2538,0.1473,-0.8568,1.5851%,2.2654%,51.0422%,-0.008348,BABA,-0.033542,-0.009625,-0.004688,0.0128659999999999,0.0352909999999999
27691,ALIBABA GROUP HOLDING LTD,Alibaba In Talks About Taking A Stake In German Retailer Metro's Chinese Operations,6,increase,0.7,0.6,"taking a stake in a well-known retailer like metro could enhance alibaba's market presence in china, potentially leading to positive investor sentiment and an increase in stock price.",2,2019-02-14,BABA,2019-02-14 13:52:00+00:00,14888.0,01609W10,-0.0060211867094039,8722094.0,-0.0132439183071255,0.0040897820144891,0.024255184456706,0.007524692453444,0.0031144320964813,0.0005377409979701,0.0055649750865995,0.0023957467637956,0.0306419339030981,-0.0265858061611652,0.0357788950204849,-0.0018040945287793,0.0015825008740648,0.0307738743722438,0.0056663863360881,-0.0075608994811773,-0.0083974590525031,-0.0030862619169056,0.0046440809965133,0.0100107789039611,0.0183271430432796,0.0633605420589447,-0.0120160216465592,-0.01283660531044,-0.0044864965602755,-0.0018215471645817,-0.0371938459575176,0.021493686363101,-0.0129145523533225,0.0251924078911542,0.0307376161217689,-0.0007886632811278,0.0012194513110443,-0.0310152228921651,0.0003874885733239,0.0067320833913981,-0.0018815514631569,0.0072978874668478,0.0033821279648691,0.026245966553688,0.0047521721571683,0.0107858283445239,0.0017048757290467,-0.0135474689304828,-0.0047216461971402,-0.0024391529150307,0.0012135989964008,-0.0015139266615733,-0.028870552778244,0.0349479205906391,0.0142403822392225,0.0257860720157623,-0.0038597215898334,0.0239714216440916,-0.0058962432667613,0.0700612068176269,0.003954114858061,-0.0446231961250305,0.026557145640254,-0.0026994261424988,-0.0085502741858363,-0.0145228924229741,0.0046990220434963,0.0046226033009588,-0.0188180804252624,0.0032608474139124,0.015421712771058,0.0463264882564544,0.0236372593790292,-0.0008333379519172,0.0062044449150562,-0.0230182856321334,0.0036997450515627,-0.0148023832589387,-0.0053421654738485,-0.0261327065527439,-0.0064987740479409,-0.0219474136829376,0.0212455838918685,-0.0336913056671619,-0.0309141725301742,-0.0163717698305845,0.0148030333220958,-0.0001320414012297,0.0095274206250905,-0.002173495478928,-0.0032524692360311,0.0026415451429784,-0.008344910107553,-0.0106494510546326,0.0103030987083911,-0.017775809392333,-0.0086496621370315,-0.0158519297838211,0.0119028743356466,-0.032979167997837,-0.0042048571631312,0.0179037973284721,-0.0008017205400392,0.0293063856661319,-0.007328528445214,-0.0192042030394077,0.0201540663838386,0.0184071939438581,0.0057049379684031,0.0028845088090747,0.0253164935857057,0.0377834923565387,-0.0357051417231559,0.0061575407162308,-0.0361772887408733,0.0234964247792959,-0.0101416325196623,-0.0237410757690668,-0.0030625483486801,-0.0296561140567064,-0.0058087203651666,-0.0135705741122365,-0.0448876731097698,0.0384206250309944,-0.0132439183071255,0.0040897820144891,0.0106900324681116,0.0116452488197937,0.0138377579448241,0.0121892519454858,0.0507185706124357,-0.0123601354078345,0.0920536862031118,0.0154656889802737,0.0835609475536962,0.2358647735081789,0.0096804239154972,0.1260302453894088,2019-02-15,2019-02-19,2019-02-20,2019-02-21,2019-02-22,2019-02-25,2019-02-26,2019-02-27,2019-02-28,2019-03-01,14888.0,2019-02-14,252.0,-0.6021%,-0.0007,1.2785,0.19,-0.7899,1.5847%,2.2754%,51.4949%,-0.009068,BABA,14888.0,2019-02-15,252.0,-1.3244%,-0.0009,1.2407,0.1535,-0.8547,1.5824%,2.2614%,51.0383%,-0.024474,BABA,14888.0,2019-02-19,252.0,2.4255%,-0.0007,1.2507,0.1618,-0.8462,1.5869%,2.2665%,50.9784%,0.023917,BABA,14888.0,2019-02-20,252.0,0.3114%,-0.0006,1.254,0.1776,-0.8321,1.5827%,2.2631%,51.0902%,0.004937,BABA,14888.0,2019-02-21,252.0,0.5565%,-0.0007,1.2614,0.1946,-0.8186,1.5751%,2.2601%,51.4338%,0.008315,BABA,14888.0,2019-02-22,252.0,3.0642%,-0.0007,1.2608,0.1763,-0.8432,1.5734%,2.2677%,51.8635%,0.009239,BABA,14888.0,2019-02-25,252.0,3.5779%,-0.0006,1.2602,0.1592,-0.8541,1.5872%,2.2789%,51.4896%,0.032728,BABA,14888.0,2019-02-26,252.0,0.1583%,-0.0006,1.257,0.1591,-0.8566,1.5870%,2.2739%,51.2873%,0.001699,BABA,14888.0,2019-02-27,252.0,0.5666%,-0.0005,1.261,0.1532,-0.8559,1.5863%,2.2740%,51.3395%,0.003105,BABA,14888.0,2019-02-28,252.0,-0.8397%,-0.0005,1.2548,0.1488,-0.8589,1.5844%,2.2664%,51.1305%,-0.0067589999999999,BABA,14888.0,2019-03-01,252.0,0.4644%,-0.0005,1.2538,0.1473,-0.8568,1.5851%,2.2654%,51.0422%,-0.008348,BABA,-0.033542,-0.009625,-0.004688,0.0128659999999999,0.0352909999999999
27699,ALIBABA GROUP HOLDING LTD,Ant Financial Says It Has Agreed To Acquire UK Currency Exchange Worldfirst,6,increase,0.7,0.6,"the acquisition of a currency exchange like worldfirst by ant financial could enhance alibaba's financial services and international reach, potentially boosting investor confidence and stock price.",2,2019-02-14,BABA,2019-02-14 09:32:00+00:00,14888.0,01609W10,-0.0060211867094039,8722094.0,-0.0132439183071255,0.0040897820144891,0.024255184456706,0.007524692453444,0.0031144320964813,0.0005377409979701,0.0055649750865995,0.0023957467637956,0.0306419339030981,-0.0265858061611652,0.0357788950204849,-0.0018040945287793,0.0015825008740648,0.0307738743722438,0.0056663863360881,-0.0075608994811773,-0.0083974590525031,-0.0030862619169056,0.0046440809965133,0.0100107789039611,0.0183271430432796,0.0633605420589447,-0.0120160216465592,-0.01283660531044,-0.0044864965602755,-0.0018215471645817,-0.0371938459575176,0.021493686363101,-0.0129145523533225,0.0251924078911542,0.0307376161217689,-0.0007886632811278,0.0012194513110443,-0.0310152228921651,0.0003874885733239,0.0067320833913981,-0.0018815514631569,0.0072978874668478,0.0033821279648691,0.026245966553688,0.0047521721571683,0.0107858283445239,0.0017048757290467,-0.0135474689304828,-0.0047216461971402,-0.0024391529150307,0.0012135989964008,-0.0015139266615733,-0.028870552778244,0.0349479205906391,0.0142403822392225,0.0257860720157623,-0.0038597215898334,0.0239714216440916,-0.0058962432667613,0.0700612068176269,0.003954114858061,-0.0446231961250305,0.026557145640254,-0.0026994261424988,-0.0085502741858363,-0.0145228924229741,0.0046990220434963,0.0046226033009588,-0.0188180804252624,0.0032608474139124,0.015421712771058,0.0463264882564544,0.0236372593790292,-0.0008333379519172,0.0062044449150562,-0.0230182856321334,0.0036997450515627,-0.0148023832589387,-0.0053421654738485,-0.0261327065527439,-0.0064987740479409,-0.0219474136829376,0.0212455838918685,-0.0336913056671619,-0.0309141725301742,-0.0163717698305845,0.0148030333220958,-0.0001320414012297,0.0095274206250905,-0.002173495478928,-0.0032524692360311,0.0026415451429784,-0.008344910107553,-0.0106494510546326,0.0103030987083911,-0.017775809392333,-0.0086496621370315,-0.0158519297838211,0.0119028743356466,-0.032979167997837,-0.0042048571631312,0.0179037973284721,-0.0008017205400392,0.0293063856661319,-0.007328528445214,-0.0192042030394077,0.0201540663838386,0.0184071939438581,0.0057049379684031,0.0028845088090747,0.0253164935857057,0.0377834923565387,-0.0357051417231559,0.0061575407162308,-0.0361772887408733,0.0234964247792959,-0.0101416325196623,-0.0237410757690668,-0.0030625483486801,-0.0296561140567064,-0.0058087203651666,-0.0135705741122365,-0.0448876731097698,0.0384206250309944,-0.0132439183071255,0.0040897820144891,0.0106900324681116,0.0116452488197937,0.0138377579448241,0.0121892519454858,0.0507185706124357,-0.0123601354078345,0.0920536862031118,0.0154656889802737,0.0835609475536962,0.2358647735081789,0.0096804239154972,0.1260302453894088,2019-02-15,2019-02-19,2019-02-20,2019-02-21,2019-02-22,2019-02-25,2019-02-26,2019-02-27,2019-02-28,2019-03-01,14888.0,2019-02-14,252.0,-0.6021%,-0.0007,1.2785,0.19,-0.7899,1.5847%,2.2754%,51.4949%,-0.009068,BABA,14888.0,2019-02-15,252.0,-1.3244%,-0.0009,1.2407,0.1535,-0.8547,1.5824%,2.2614%,51.0383%,-0.024474,BABA,14888.0,2019-02-19,252.0,2.4255%,-0.0007,1.2507,0.1618,-0.8462,1.5869%,2.2665%,50.9784%,0.023917,BABA,14888.0,2019-02-20,252.0,0.3114%,-0.0006,1.254,0.1776,-0.8321,1.5827%,2.2631%,51.0902%,0.004937,BABA,14888.0,2019-02-21,252.0,0.5565%,-0.0007,1.2614,0.1946,-0.8186,1.5751%,2.2601%,51.4338%,0.008315,BABA,14888.0,2019-02-22,252.0,3.0642%,-0.0007,1.2608,0.1763,-0.8432,1.5734%,2.2677%,51.8635%,0.009239,BABA,14888.0,2019-02-25,252.0,3.5779%,-0.0006,1.2602,0.1592,-0.8541,1.5872%,2.2789%,51.4896%,0.032728,BABA,14888.0,2019-02-26,252.0,0.1583%,-0.0006,1.257,0.1591,-0.8566,1.5870%,2.2739%,51.2873%,0.001699,BABA,14888.0,2019-02-27,252.0,0.5666%,-0.0005,1.261,0.1532,-0.8559,1.5863%,2.2740%,51.3395%,0.003105,BABA,14888.0,2019-02-28,252.0,-0.8397%,-0.0005,1.2548,0.1488,-0.8589,1.5844%,2.2664%,51.1305%,-0.0067589999999999,BABA,14888.0,2019-03-01,252.0,0.4644%,-0.0005,1.2538,0.1473,-0.8568,1.5851%,2.2654%,51.0422%,-0.008348,BABA,-0.033542,-0.009625,-0.004688,0.0128659999999999,0.0352909999999999
27707,BRUNSWICK CORP,Cooperman's Omega 13F Shows Liquidated Stake In Brunswick,6,decrease,0.7,0.6,"the liquidation of a stake by a notable investor like cooperman's omega may signal a lack of confidence in brunswick corp's future performance, potentially leading to a decrease in stock price.",0,2019-02-14,BC,2019-02-14 18:37:00+00:00,10874.0,11704310,0.0201875586062669,1249948.0,0.0279832407832145,0.007602275814861,0.0091386586427688,0.008077866397798,0.0075144390575587,-0.01670060493052,-0.0036336285993456,-0.0044606896117329,0.0180422738194465,0.0010148008586838,0.0177224650979042,-0.0110397273674607,-0.0174818411469459,-0.0037992128636687,-0.0085179014131426,0.0362619161605835,0.0068728639744222,-0.0409380234777927,0.016306348145008,-0.0076907789334654,-0.0145522160455584,0.0277664959430694,-0.0018931933445855,-0.0126075856387615,0.0036039191763848,0.0008011399186216,-0.0154980095103383,0.0166972037404775,-0.0049913288094103,0.0117428861558437,0.0104186199605464,-0.0091855637729167,0.0103112645447254,-0.0268176104873418,0.0020790137350559,0.0114526757970452,-0.0011316742748022,0.0132329305633902,-0.0075528267771005,0.0069700730964541,0.0072297803126275,-0.001841623801738,-0.0051001221872866,0.0012292062165215,-0.0241123344749212,-0.0046900394372642,0.0103112598881125,0.0006121729384176,-0.0423647351562976,0.0227462481707334,0.0002011288161156,0.0239316020160913,0.0022114352323114,0.0034305285662412,-0.0050150454044342,0.036444429308176,0.0078629683703184,-0.0374331548810005,0.0068013630807399,0.0064585409127175,0.0119212884455919,0.0065005249343812,-0.007657557260245,0.0063236132264137,0.0021765059791505,0.0204717852175235,0.0193484611809253,0.0546819530427455,0.0133642964065074,-0.0132005484774708,-0.0003822717408183,-0.0582333318889141,-0.0217973124235868,0.0166297126561403,0.0179828386753797,0.0004435812297742,-0.0059524071402847,-0.0090129664167761,0.0195093359798193,-0.0234006028622388,0.0085259713232517,-0.0125078726559877,0.0071388515643775,-0.0564113520085811,0.0,0.0170905422419309,-0.0076478240080177,0.0129843587055802,-0.0131579088047146,-0.0211821515113115,0.0177142918109893,-0.030510488897562,0.0196518674492836,-0.0100677721202373,-0.1097650453448296,-0.0542025081813335,0.0402062013745307,0.0296002961695194,0.0067393486388027,0.0087485555559396,0.0082693081349134,-0.0159086361527442,-0.0029290707316249,0.0249376408755779,0.0129259657114744,-0.0506282784044742,0.0204949248582124,0.0325310193002224,0.0125047340989112,0.0102583765983581,-0.040980514138937,0.0307421125471591,-0.0142438933253288,-0.0184508766978979,0.0132620381191372,-0.0202550813555717,0.0052744769491255,-0.0103934919461607,-0.0272055529057979,0.0229732859879732,0.0279832407832145,0.007602275814861,0.0373776287112197,0.0157415523810107,0.0451729396818449,-0.0012219459968176,0.0601639453519873,-0.0046681452401505,0.0755413935818216,-0.0329323230004457,0.0099254103146293,0.0557588827760828,0.0045075620104322,-0.065161667869383,2019-02-15,2019-02-19,2019-02-20,2019-02-21,2019-02-22,2019-02-25,2019-02-26,2019-02-27,2019-02-28,2019-03-01,10874.0,2019-02-14,252.0,2.0188%,-0.0006,1.0684,0.8614,0.2198,1.4037%,1.8373%,41.6266%,0.019267,BC,10874.0,2019-02-15,252.0,2.7983%,-0.0006,1.0642,0.859,0.2147,1.4027%,1.8327%,41.4170%,0.012601,BC,10874.0,2019-02-19,252.0,0.9139%,-0.0005,1.07,0.8548,0.2095,1.3995%,1.8333%,41.7281%,0.003882,BC,10874.0,2019-02-20,252.0,0.7514%,-0.0005,1.0711,0.8586,0.2137,1.3995%,1.8340%,41.7714%,0.002349,BC,10874.0,2019-02-21,252.0,-0.3634%,-0.0005,1.0665,0.8495,0.2052,1.3975%,1.8288%,41.6004%,0.001322,BC,10874.0,2019-02-22,252.0,1.8042%,-0.0005,1.0658,0.8321,0.1812,1.3959%,1.8293%,41.7735%,0.009354,BC,10874.0,2019-02-25,252.0,1.7722%,-0.0004,1.0644,0.8213,0.1703,1.3991%,1.8312%,41.6272%,0.018514,BC,10874.0,2019-02-26,252.0,-1.7482%,-0.0004,1.0631,0.836,0.1768,1.4000%,1.8308%,41.5311%,-0.01006,BC,10874.0,2019-02-27,252.0,-0.8518%,-0.0004,1.0656,0.8284,0.1772,1.4010%,1.8316%,41.4947%,-0.0109509999999999,BC,10874.0,2019-02-28,252.0,0.6873%,-0.0003,1.0566,0.8226,0.1681,1.4003%,1.8238%,41.0496%,0.010354,BC,10874.0,2019-03-01,252.0,1.6306%,-0.0004,1.0675,0.8388,0.1816,1.3976%,1.8267%,41.4596%,0.006896,BC,0.031868,0.03575,0.038099,0.048775,0.063528
27715,B G C PARTNERS INC,"BGC Partners Q4 Adj. EPS $0.14 Misses $0.16 Estimate, Sales $466.4M Beat $425.2M Estimate",6,uncertain,0.6,0.2,"while bgc partners missed earnings estimates, they exceeded sales expectations, leading to mixed signals that could result in an uncertain market reaction.",1,2019-02-14,BGCP,2019-02-14 13:28:00+00:00,87487.0,05541T10,0.0276422891765832,3411494.0,-0.0079114222899079,-0.0112539706751704,-0.0015948568470776,0.0146818393841385,0.0031948850955814,0.0149006871506571,-0.0159236267209053,-0.0114566562697291,0.0129450494423508,-0.014516077004373,-0.0031949612312018,-0.0048154429532587,-0.0096153756603598,0.004838743712753,-0.0161812156438827,-0.0016103427624329,0.0082237152382731,0.0032310145907104,0.0114191994071006,0.0097879189997911,0.0064516067504882,-0.0032520294189453,-0.019230730831623,-0.0112539706751704,-0.0351170636713504,0.0,-0.0207972079515457,0.0032258033752441,0.001769867609255,0.0114191994071006,0.0123675214126706,-0.014469401910901,0.0157068334519863,-0.018927501514554,-0.0103092677891254,0.0127795403823256,0.0086805056780576,0.0129450494423508,-0.0103270122781395,0.0147782713174819,0.0069565149024128,0.0066115637309849,-0.0086356112733483,-0.0098199574276804,-0.0278745386749506,-0.0097244642674922,-0.0053762961179018,0.0283333454281091,-0.0360360853374004,0.0050251609645783,-0.0186915714293718,0.0473684184253215,0.0095238462090492,0.0124333379790186,-0.0113208331167697,0.068311221897602,0.0,-0.0112570254132151,0.0133588118478655,0.0309477448463439,0.0395480319857597,-0.0057691796682775,0.0126811908558011,-0.0076335808262228,0.0071556279435753,-0.033210389316082,0.0177619718015193,0.0483558997511863,-0.0069807958789169,0.0058366167359054,-0.0281194802373647,-0.0190839525312185,0.0054249064996838,-0.0075758402235805,0.0071942377835512,-0.0382512882351875,-0.008928520604968,-0.0108108865097165,0.0288287997245788,-0.008928520604968,-0.0227670948952436,-0.0175438430160284,0.0035842261277139,-0.027303809300065,0.0142857013270258,0.0017094408394768,-0.0176056176424026,-0.0298507958650589,-0.0179211292415857,-0.0195121765136718,-0.0036496315151453,-0.0420560725033283,0.0109890000894665,0.0126182837411761,-0.0217391103506088,-0.0246153604239225,0.0277777947485446,-0.000390294502722,-0.0072071999311447,0.0066857393831014,-0.019963726401329,-0.0085227414965629,0.0018518059514462,0.0085960030555725,-0.0018483831081539,0.0145349400117993,0.0314814932644367,-0.0038610002957284,-0.0053860340267419,0.0058251908048987,-0.0108303148299455,0.0198019612580537,-0.0565693341195583,-0.0288460813462734,-0.0386847741901874,-0.0449954755604267,-0.0160965640097856,0.0225352793931961,-0.0081799514591693,0.0210929345339536,-0.0079114222899079,-0.0112539706751704,-0.0094936615509763,0.0032626397190815,-0.0063291076131866,0.0182119424434781,-0.0094936606583482,-0.0080644702995672,-0.0189873990638135,0.0032626398324155,-0.1401401616574016,0.1895551245433149,-0.2146289688793317,-0.0442407375648387,2019-02-15,2019-02-19,2019-02-20,2019-02-21,2019-02-22,2019-02-25,2019-02-26,2019-02-27,2019-02-28,2019-03-01,87487.0,2019-02-14,252.0,2.7642%,-0.001,1.0194,0.6894,0.1318,1.4137%,1.8062%,38.7381%,0.027049,BGCP,87487.0,2019-02-15,252.0,-0.7911%,-0.001,1.0264,0.6934,0.1402,1.4110%,1.8062%,38.9714%,-0.021887,BGCP,87487.0,2019-02-19,252.0,-0.1595%,-0.001,1.0235,0.6929,0.1399,1.4109%,1.8033%,38.7851%,-0.006076,BGCP,87487.0,2019-02-20,252.0,0.3195%,-0.001,1.0239,0.696,0.142,1.4105%,1.8034%,38.8238%,-0.001144,BGCP,87487.0,2019-02-21,252.0,-1.5924%,-0.001,1.0184,0.6825,0.132,1.4052%,1.7951%,38.7202%,-0.0114209999999999,BGCP,87487.0,2019-02-22,252.0,1.2945%,-0.001,1.0174,0.6883,0.1258,1.4055%,1.7971%,38.8358%,0.004412,BGCP,87487.0,2019-02-25,252.0,-0.3195%,-0.001,1.0182,0.6899,0.1294,1.4049%,1.7968%,38.8582%,-0.002805,BGCP,87487.0,2019-02-26,252.0,-0.9615%,-0.0009,1.0254,0.6861,0.1329,1.4032%,1.7976%,39.0669%,-0.003244,BGCP,87487.0,2019-02-27,252.0,-1.6181%,-0.001,1.0265,0.6791,0.133,1.4073%,1.8000%,38.8719%,-0.018348,BGCP,87487.0,2019-02-28,252.0,0.8224%,-0.001,1.0263,0.6794,0.13,1.4093%,1.7998%,38.6915%,0.0115019999999999,BGCP,87487.0,2019-03-01,252.0,1.1419%,-0.0011,1.0454,0.7079,0.158,1.3963%,1.7989%,39.7483%,0.00249,BGCP,0.005162,-0.000914,-0.002058,-0.0090669999999999,-0.019472
27723,BRIDGELINE DIGITAL INC,"Bridgeline Digital Q1 EPS $(0.46) Down From $(0.05) YoY, Adj. EBITDA Loss $0.08/Share, Sales $2.375M Miss $3.71M Estimate",6,decrease,0.85,0.7,the significant loss in eps and the sales miss compared to estimates are likely to negatively impact investor sentiment and lead to a decrease in stock price.,0,2019-02-14,BLIN,2019-02-14 21:12:00+00:00,92091.0,10807Q70,0.0764035210013389,1034814.0,-0.0588235333561897,-0.028301877900958,0.0416666902601718,0.0405462943017482,-0.019599974155426,-0.0134736616164445,0.0159118380397558,0.0106382872909307,-0.0682731121778488,-0.0600000023841857,-0.0094827264547348,-0.0380915887653827,-0.0156658012419939,-0.037050724029541,0.0167993139475584,0.0052141300402581,-0.0097609078511595,0.0209125038236379,0.0318105183541774,-0.0244806837290525,-0.0221276544034481,0.0369231291115284,-0.0043516186997294,0.0404161363840103,-0.0205419808626174,-0.0004000067710876,0.066644363105297,0.0309278052300214,0.2341288626194,-0.0571539476513862,-0.0813558995723724,0.0279776155948638,-0.0793357640504837,-0.0558489933609962,-0.0941884145140647,0.0034078015014529,-0.0207964163273572,0.0208734907209873,-0.0736557021737098,0.0066148401238024,0.029268279671669,-0.055147111415863,0.0190995465964078,-0.0285713803023099,0.0035809078253805,-0.0427350029349327,-0.0264133773744106,0.0914178416132927,-0.0050832750275731,0.0307692941278219,-0.0121130030602216,-0.0370371118187904,-0.030024217441678,0.0931174829602241,-0.0514228455722332,0.0291666649281978,-0.0284210629761219,-0.0045624375343322,-0.1332610994577408,0.0437229089438915,0.038124993443489,-0.2012448161840439,0.0030102857854217,0.041036769747734,0.071008414030075,-0.0420689582824707,-0.0304321739822626,0.0,0.082687921822071,0.0541621185839176,-0.0277889296412468,0.1274589747190475,0.0678473338484764,-0.0538968481123447,0.0280013550072908,-0.1103829070925713,0.1955977529287338,0.0721154510974884,-0.2092050164937973,-0.0739726349711418,0.0052910163067281,-0.0266667194664478,0.0789473727345466,-0.0066224317997694,-0.0341463387012481,0.0378006100654602,-0.0398989878594875,-0.0618955418467521,-0.0110468473285436,-0.1162393242120743,-0.074468083679676,0.0477612018585205,-0.0149425249546766,-0.0337467677891254,0.0040839961729943,-0.0122507065534591,-0.0615920163691043,0.0028571912553161,0.1021671518683434,0.0416666641831398,-0.0898876562714576,-0.03999999538064,-0.1358024626970291,-0.0266963653266429,-0.1257151365280151,0.069919653236866,-0.1323529332876205,-0.0123419975861907,0.1638417840003967,0.0002939059049822,0.1650485396385193,-0.0550000183284282,-0.0819443985819816,0.0256410334259271,-0.1225415915250778,-0.0435967370867729,0.0293102748692035,-0.0342104770243167,-0.0452261306345462,0.0066225104965269,-0.0588235333561897,-0.028301877900958,-0.019607825040379,0.0110968801301258,-0.0388234863317695,-0.0025262970941902,-0.0901960880408055,-0.05239999456434,-0.0784313552095513,-0.1212908093309526,-0.3725490167884611,0.0255411086044801,-0.5529416116103445,-0.3724503200077613,2019-02-15,2019-02-19,2019-02-20,2019-02-21,2019-02-22,2019-02-25,2019-02-26,2019-02-27,2019-02-28,2019-03-01,92091.0,2019-02-14,252.0,7.6404%,-0.0061,0.3716,0.2517,0.0802,8.1016%,8.1116%,0.2456%,0.076798,BLIN,92091.0,2019-02-15,252.0,-5.8824%,-0.0062,0.3631,0.2378,0.0582,8.1067%,8.1163%,0.2373%,-0.064136,BLIN,92091.0,2019-02-19,252.0,4.1667%,-0.0056,0.4032,0.2231,0.0382,8.0884%,8.1003%,0.2924%,0.0400129999999999,BLIN,92091.0,2019-02-20,252.0,-1.9600%,-0.0055,0.4026,0.2392,0.0408,8.0851%,8.0970%,0.2946%,-0.021167,BLIN,92091.0,2019-02-21,252.0,1.5912%,-0.0054,0.3971,0.2332,0.0306,8.0864%,8.0981%,0.2888%,0.017563,BLIN,92091.0,2019-02-22,252.0,-6.8273%,-0.0056,0.4065,0.2249,0.1351,8.0969%,8.1078%,0.2681%,-0.071787,BLIN,92091.0,2019-02-25,252.0,-0.9483%,-0.0056,0.4042,0.2245,0.1264,8.0960%,8.1068%,0.2673%,-0.009364,BLIN,92091.0,2019-02-26,252.0,-1.5666%,-0.0057,0.396,0.2431,0.1297,8.0955%,8.1060%,0.2586%,-0.013265,BLIN,92091.0,2019-02-27,252.0,1.6799%,-0.0056,0.4003,0.2419,0.1305,8.0964%,8.1071%,0.2629%,0.016037,BLIN,92091.0,2019-02-28,252.0,-0.9761%,-0.0057,0.4127,0.2503,0.1402,8.0953%,8.1065%,0.2766%,-0.008342,BLIN,92091.0,2019-03-01,252.0,3.1811%,-0.0054,0.3986,0.2294,0.1025,8.0951%,8.1057%,0.2625%,0.028584,BLIN,0.012662,0.052675,0.031508,-0.022716,-0.0090659999999999
27731,BRIDGELINE DIGITAL INC,Bridgeline Digital Acquires Natural Language Site Search And Analytics Products From SeeVolution; Terms Not Disclosed,6,increase,0.7,0.6,"the acquisition of natural language site search and analytics products could enhance bridgeline digital's offerings, potentially leading to increased revenue and investor interest.",2,2019-02-14,BLIN,2019-02-14 20:18:00+00:00,92091.0,10807Q70,0.0764035210013389,1034814.0,-0.0588235333561897,-0.028301877900958,0.0416666902601718,0.0405462943017482,-0.019599974155426,-0.0134736616164445,0.0159118380397558,0.0106382872909307,-0.0682731121778488,-0.0600000023841857,-0.0094827264547348,-0.0380915887653827,-0.0156658012419939,-0.037050724029541,0.0167993139475584,0.0052141300402581,-0.0097609078511595,0.0209125038236379,0.0318105183541774,-0.0244806837290525,-0.0221276544034481,0.0369231291115284,-0.0043516186997294,0.0404161363840103,-0.0205419808626174,-0.0004000067710876,0.066644363105297,0.0309278052300214,0.2341288626194,-0.0571539476513862,-0.0813558995723724,0.0279776155948638,-0.0793357640504837,-0.0558489933609962,-0.0941884145140647,0.0034078015014529,-0.0207964163273572,0.0208734907209873,-0.0736557021737098,0.0066148401238024,0.029268279671669,-0.055147111415863,0.0190995465964078,-0.0285713803023099,0.0035809078253805,-0.0427350029349327,-0.0264133773744106,0.0914178416132927,-0.0050832750275731,0.0307692941278219,-0.0121130030602216,-0.0370371118187904,-0.030024217441678,0.0931174829602241,-0.0514228455722332,0.0291666649281978,-0.0284210629761219,-0.0045624375343322,-0.1332610994577408,0.0437229089438915,0.038124993443489,-0.2012448161840439,0.0030102857854217,0.041036769747734,0.071008414030075,-0.0420689582824707,-0.0304321739822626,0.0,0.082687921822071,0.0541621185839176,-0.0277889296412468,0.1274589747190475,0.0678473338484764,-0.0538968481123447,0.0280013550072908,-0.1103829070925713,0.1955977529287338,0.0721154510974884,-0.2092050164937973,-0.0739726349711418,0.0052910163067281,-0.0266667194664478,0.0789473727345466,-0.0066224317997694,-0.0341463387012481,0.0378006100654602,-0.0398989878594875,-0.0618955418467521,-0.0110468473285436,-0.1162393242120743,-0.074468083679676,0.0477612018585205,-0.0149425249546766,-0.0337467677891254,0.0040839961729943,-0.0122507065534591,-0.0615920163691043,0.0028571912553161,0.1021671518683434,0.0416666641831398,-0.0898876562714576,-0.03999999538064,-0.1358024626970291,-0.0266963653266429,-0.1257151365280151,0.069919653236866,-0.1323529332876205,-0.0123419975861907,0.1638417840003967,0.0002939059049822,0.1650485396385193,-0.0550000183284282,-0.0819443985819816,0.0256410334259271,-0.1225415915250778,-0.0435967370867729,0.0293102748692035,-0.0342104770243167,-0.0452261306345462,0.0066225104965269,-0.0588235333561897,-0.028301877900958,-0.019607825040379,0.0110968801301258,-0.0388234863317695,-0.0025262970941902,-0.0901960880408055,-0.05239999456434,-0.0784313552095513,-0.1212908093309526,-0.3725490167884611,0.0255411086044801,-0.5529416116103445,-0.3724503200077613,2019-02-15,2019-02-19,2019-02-20,2019-02-21,2019-02-22,2019-02-25,2019-02-26,2019-02-27,2019-02-28,2019-03-01,92091.0,2019-02-14,252.0,7.6404%,-0.0061,0.3716,0.2517,0.0802,8.1016%,8.1116%,0.2456%,0.076798,BLIN,92091.0,2019-02-15,252.0,-5.8824%,-0.0062,0.3631,0.2378,0.0582,8.1067%,8.1163%,0.2373%,-0.064136,BLIN,92091.0,2019-02-19,252.0,4.1667%,-0.0056,0.4032,0.2231,0.0382,8.0884%,8.1003%,0.2924%,0.0400129999999999,BLIN,92091.0,2019-02-20,252.0,-1.9600%,-0.0055,0.4026,0.2392,0.0408,8.0851%,8.0970%,0.2946%,-0.021167,BLIN,92091.0,2019-02-21,252.0,1.5912%,-0.0054,0.3971,0.2332,0.0306,8.0864%,8.0981%,0.2888%,0.017563,BLIN,92091.0,2019-02-22,252.0,-6.8273%,-0.0056,0.4065,0.2249,0.1351,8.0969%,8.1078%,0.2681%,-0.071787,BLIN,92091.0,2019-02-25,252.0,-0.9483%,-0.0056,0.4042,0.2245,0.1264,8.0960%,8.1068%,0.2673%,-0.009364,BLIN,92091.0,2019-02-26,252.0,-1.5666%,-0.0057,0.396,0.2431,0.1297,8.0955%,8.1060%,0.2586%,-0.013265,BLIN,92091.0,2019-02-27,252.0,1.6799%,-0.0056,0.4003,0.2419,0.1305,8.0964%,8.1071%,0.2629%,0.016037,BLIN,92091.0,2019-02-28,252.0,-0.9761%,-0.0057,0.4127,0.2503,0.1402,8.0953%,8.1065%,0.2766%,-0.008342,BLIN,92091.0,2019-03-01,252.0,3.1811%,-0.0054,0.3986,0.2294,0.1025,8.0951%,8.1057%,0.2625%,0.028584,BLIN,0.012662,0.052675,0.031508,-0.022716,-0.0090659999999999
27739,BRISTOL MYERS SQUIBB CO,Bristol-Myers Reports Opdivo Plus Yervoy Showed Response in Pre-Treated Patients with Metastatic Castration-Resistant Prostate Cancer,6,increase,0.8,0.6,"the positive results of opdivo plus yervoy in treating metastatic castration-resistant prostate cancer may boost investor confidence and interest in bristol-myers squibb's oncology portfolio, likely leading to an increase in stock price.",2,2019-02-14,BMY,2019-02-14 21:00:00+00:00,19393.0,11012210,-0.0029422855004668,17855336.0,0.0165256019681692,0.0255481898784637,-0.0059995660558342,-0.0077844192273914,-0.0011682510375976,-0.0023895408958196,-0.0228069815784692,0.0033966430928558,0.0169558841735124,-0.0213140435516834,-0.0064730877056717,0.0197407342493534,-0.0096742678433656,-0.0137659190222621,0.0159489475190639,0.0192423146218061,0.0137362787500023,0.010532721877098,0.0301974713802337,0.0104379514232277,-0.0031943251378834,0.0111755160614848,0.0141376061365008,0.0,-0.0169144961982965,-0.0124668013304472,-0.0260919090360403,-0.001835988368839,-0.0023296240251511,-0.0188150256872177,-0.0095348879694938,0.0048269880935549,-0.0102161187678575,-0.0079808002337813,0.011710999533534,0.0104838805273175,-0.0211889706552028,0.0095664029940962,0.0014030806487426,-0.0118664549663662,-0.0020015707705169,0.0364811345934867,-0.005214643664658,-0.0004167630104348,-0.0082661258056759,0.0056580146774649,-0.0054889298044145,0.0114455474540591,-0.0155355343595147,-0.0168785452842712,-0.0139119224622845,-0.0086758555844426,0.0178984720259904,0.0324163027107715,-0.0074472613632678,0.0392287336289882,-0.00291786971502,-0.1316040754318237,-0.0027174137067049,0.0086571909487247,-0.0129951573908329,0.0204161945730447,-0.0082820001989603,0.0105137629434466,0.0038543962873518,0.0075954641215503,0.0042661493644118,0.0260459501296281,-0.0006427851039916,-0.0212766230106353,0.0032161562703549,-0.0047942805103957,-0.0173114202916622,-0.0065488792024552,-0.0019573760218918,-0.0226920470595359,0.0043582646176218,0.0125687988474965,-0.0112822838127613,-0.0230238065123558,0.0204081702977418,-0.0283370707184076,-0.0103225708007812,0.0037425293121486,-0.0047805565409362,0.0192637480795383,-0.0061135105788707,-0.002852824749425,-0.0061511155217885,-0.0094197439029812,0.0017683026380836,-0.0031924538780003,-0.0154457362368702,0.023448035120964,0.0228597149252891,-0.0234609618782997,0.0054776514880359,-0.0033670091070234,0.0093702403828501,0.031648002564907,0.0023747973609715,-0.0034615444019436,0.0032307025976479,0.0166177600622177,0.0064405156299471,-0.0299639292061328,0.0371159948408603,-0.0037785898894071,-0.0106951966881752,-0.0050751962698996,-0.0182951614260673,-0.005979067645967,0.0048708077520132,0.0007479602936655,-0.0046364851295948,-0.0109117841348052,-0.0046580820344388,0.0150178195908665,-0.0236119292676448,0.0129302209243178,0.0165256019681692,0.0255481898784637,0.0104268894717145,0.0175648928305574,0.0092464572096726,0.0151333799049884,0.0029509696240042,-0.0031286631798834,0.0470194637534018,0.0433892524976242,-0.061381126399243,-0.010326112601866,-0.0890569457975464,-0.0218055101801333,2019-02-15,2019-02-19,2019-02-20,2019-02-21,2019-02-22,2019-02-25,2019-02-26,2019-02-27,2019-02-28,2019-03-01,19393.0,2019-02-14,252.0,-0.2942%,-0.0008,0.9153,-0.2103,0.0925,1.5775%,1.8431%,26.7425%,0.0005099999999999,BMY,19393.0,2019-02-15,252.0,1.6526%,-0.0008,0.9116,-0.2129,0.0874,1.5768%,1.8401%,26.5699%,0.0061639999999999,BMY,19393.0,2019-02-19,252.0,-0.6000%,-0.001,0.8958,-0.1969,0.1068,1.5507%,1.8057%,26.2551%,-0.007476,BMY,19393.0,2019-02-20,252.0,-0.1168%,-0.001,0.8952,-0.1988,0.1043,1.5507%,1.8057%,26.2505%,-0.003125,BMY,19393.0,2019-02-21,252.0,-2.2807%,-0.001,0.8932,-0.2069,0.1008,1.5513%,1.8055%,26.1798%,-0.019494,BMY,19393.0,2019-02-22,252.0,1.6956%,-0.0009,0.8907,-0.1955,0.082,1.5535%,1.8076%,26.1368%,0.01367,BMY,19393.0,2019-02-25,252.0,-0.6473%,-0.0009,0.8899,-0.1927,0.0803,1.5534%,1.8072%,26.1133%,-0.00827,BMY,19393.0,2019-02-26,252.0,-0.9674%,-0.001,0.8813,-0.1728,0.0839,1.5505%,1.7972%,25.5706%,-0.009319,BMY,19393.0,2019-02-27,252.0,1.5949%,-0.001,0.8815,-0.1684,0.084,1.5540%,1.7990%,25.3859%,0.015485,BMY,19393.0,2019-02-28,252.0,1.3736%,-0.0009,0.878,-0.1702,0.0773,1.5579%,1.8001%,25.0979%,0.016613,BMY,19393.0,2019-03-01,252.0,3.0197%,-0.0008,0.8748,-0.1749,0.0606,1.5636%,1.8046%,24.9225%,0.024589,BMY,0.0066739999999999,-0.000802,-0.003927,-0.009751,0.0293469999999999
27747,BORGWARNER INC,"BorgWarner Beats Revenue Consensus, Misses Guidance",6,uncertain,0.6,0.3,"while beating revenue consensus may indicate strong performance, missing guidance can raise concerns about future growth, leading to uncertainty in stock price movement.",1,2019-02-14,BWA,2019-02-14 21:11:00+00:00,79545.0,09972410,0.0089153191074728,3236306.0,0.0289640761911869,0.0059791151434183,-0.003101079724729,0.0340030826628208,0.0016750345239415,0.0141066070646047,-0.02484474144876,-0.0239674244076013,0.0210681185126304,-0.0478270798921585,0.0067178211174905,0.0061064977198839,-0.0066729928366839,-0.0009761082474142,-0.0074376529082655,-0.0055811586789786,-0.014261501841247,0.0075794020667672,0.0071411207318305,0.0103755434975028,-0.0039119767025113,0.0019801489543169,-0.0058910571970045,-0.0044356901198625,-0.0232098419219255,-0.0097608035430312,-0.023761436343193,0.0216903239488601,-0.0132055496796965,0.0239980202168226,0.0136447241529822,-0.0212394371628761,0.0056949881836771,-0.0147710116580128,-0.0056627392768859,0.0134729808196425,-0.0256277937442064,0.0113550527021288,0.0045165247283875,0.0032911663874983,0.016662186011672,0.002792602404952,-0.0072840475477278,0.0048469034954905,-0.0241089668124914,-0.0022906630765646,0.0145004587247967,0.0152454813942313,-0.0407622344791889,0.0344827845692634,0.0052427873015403,0.0314309187233448,0.0101564349606633,0.0260255169123411,0.008695644326508,0.0375696755945682,0.0185884274542331,-0.0301736798137426,0.0158687774091959,0.0112262340262532,0.054933626204729,0.0066648325882852,0.0046890084631741,-0.0074777719564735,0.0225989185273647,0.0107557820156216,0.0177755914628505,0.0361445993185043,-0.0051922919228672,-0.0168788768351078,0.0111505901440978,-0.0055947769433259,-0.0187705121934413,0.0017698394367471,0.0229555014520883,-0.0142482658848166,-0.0002337148616788,0.011173216626048,0.0341360531747341,-0.0179036296904087,-0.0079131470993161,0.0049333134666085,-0.000227942931815,-0.0193511750549078,-0.0084339855238795,0.0074540800414979,0.0114942528307437,0.0,-0.006590929813683,-0.0240626912564039,-0.0018301995005458,-0.0413089357316494,-0.0018336426001042,-0.0098274294286966,-0.0454649738967418,-0.0749385580420494,0.0228530373424291,0.0282970909029245,-0.0112887946888804,0.009652093052864,-0.0064224656671285,-0.016241917386651,-0.0172372814267873,0.0232677031308412,-0.0051156901754438,-0.0217608548700809,0.0110186282545328,0.0126646403223276,-0.0133203975856304,0.0007604252896271,-0.0238095521926879,0.0327225141227245,-0.0095549672842025,-0.0307028442621231,-0.0205635335296392,-0.0093011297285556,-0.0025920758489519,0.0,-0.0485966466367244,0.0153138963505625,0.0289640761911869,0.0059791151434183,0.0257731765570359,0.0401855061527112,0.0274913820415021,0.0548589943623045,0.0230731126962409,-0.0196649079000448,0.0081299426876388,-0.0024703169457237,-0.0532452465068074,0.1623488538066475,-0.0976128068932788,0.0350545389763741,2019-02-15,2019-02-19,2019-02-20,2019-02-21,2019-02-22,2019-02-25,2019-02-26,2019-02-27,2019-02-28,2019-03-01,79545.0,2019-02-14,252.0,0.8915%,-0.0007,1.3079,0.4713,0.8069,1.4713%,1.9499%,43.0685%,0.013904,BWA,79545.0,2019-02-15,252.0,2.8964%,-0.0007,1.3159,0.4795,0.8212,1.4725%,1.9534%,43.1751%,0.009033,BWA,79545.0,2019-02-19,252.0,-0.3101%,-0.0006,1.3219,0.4631,0.8023,1.4651%,1.9512%,43.6188%,-0.009556,BWA,79545.0,2019-02-20,252.0,0.1675%,-0.0006,1.3214,0.4669,0.8017,1.4638%,1.9507%,43.6851%,-0.006368,BWA,79545.0,2019-02-21,252.0,-2.4845%,-0.0007,1.3301,0.4809,0.8179,1.4655%,1.9566%,43.9028%,-0.0178849999999999,BWA,79545.0,2019-02-22,252.0,2.1068%,-0.0007,1.3267,0.4894,0.7851,1.4720%,1.9613%,43.6725%,0.0217,BWA,79545.0,2019-02-25,252.0,0.6718%,-0.0006,1.3274,0.4862,0.786,1.4723%,1.9618%,43.6722%,0.0073129999999999,BWA,79545.0,2019-02-26,252.0,-0.6673%,-0.0006,1.3363,0.4752,0.7871,1.4691%,1.9621%,43.9342%,0.001056,BWA,79545.0,2019-02-27,252.0,-0.7438%,-0.0005,1.3447,0.4579,0.7885,1.4649%,1.9620%,44.2534%,-0.008699,BWA,79545.0,2019-02-28,252.0,-1.4262%,-0.0005,1.3371,0.4524,0.7848,1.4617%,1.9519%,43.9173%,-0.008313,BWA,79545.0,2019-03-01,252.0,0.7141%,-0.0005,1.3388,0.4549,0.7875,1.4616%,1.9498%,43.8053%,-0.000749,BWA,0.022937,0.0133809999999999,0.0070129999999999,0.010828,0.001436
27755,BORGWARNER INC,BorgWarner Highlights 3-Year Net New Business Backlog $2B-$2.4B,6,increase,0.75,0.6,"the announcement of a significant net new business backlog of $2b-$2.4b suggests strong future revenue potential, which is likely to positively impact investor sentiment and stock price.",2,2019-02-14,BWA,2019-02-14 11:40:00+00:00,79545.0,09972410,0.0089153191074728,3236306.0,0.0289640761911869,0.0059791151434183,-0.003101079724729,0.0340030826628208,0.0016750345239415,0.0141066070646047,-0.02484474144876,-0.0239674244076013,0.0210681185126304,-0.0478270798921585,0.0067178211174905,0.0061064977198839,-0.0066729928366839,-0.0009761082474142,-0.0074376529082655,-0.0055811586789786,-0.014261501841247,0.0075794020667672,0.0071411207318305,0.0103755434975028,-0.0039119767025113,0.0019801489543169,-0.0058910571970045,-0.0044356901198625,-0.0232098419219255,-0.0097608035430312,-0.023761436343193,0.0216903239488601,-0.0132055496796965,0.0239980202168226,0.0136447241529822,-0.0212394371628761,0.0056949881836771,-0.0147710116580128,-0.0056627392768859,0.0134729808196425,-0.0256277937442064,0.0113550527021288,0.0045165247283875,0.0032911663874983,0.016662186011672,0.002792602404952,-0.0072840475477278,0.0048469034954905,-0.0241089668124914,-0.0022906630765646,0.0145004587247967,0.0152454813942313,-0.0407622344791889,0.0344827845692634,0.0052427873015403,0.0314309187233448,0.0101564349606633,0.0260255169123411,0.008695644326508,0.0375696755945682,0.0185884274542331,-0.0301736798137426,0.0158687774091959,0.0112262340262532,0.054933626204729,0.0066648325882852,0.0046890084631741,-0.0074777719564735,0.0225989185273647,0.0107557820156216,0.0177755914628505,0.0361445993185043,-0.0051922919228672,-0.0168788768351078,0.0111505901440978,-0.0055947769433259,-0.0187705121934413,0.0017698394367471,0.0229555014520883,-0.0142482658848166,-0.0002337148616788,0.011173216626048,0.0341360531747341,-0.0179036296904087,-0.0079131470993161,0.0049333134666085,-0.000227942931815,-0.0193511750549078,-0.0084339855238795,0.0074540800414979,0.0114942528307437,0.0,-0.006590929813683,-0.0240626912564039,-0.0018301995005458,-0.0413089357316494,-0.0018336426001042,-0.0098274294286966,-0.0454649738967418,-0.0749385580420494,0.0228530373424291,0.0282970909029245,-0.0112887946888804,0.009652093052864,-0.0064224656671285,-0.016241917386651,-0.0172372814267873,0.0232677031308412,-0.0051156901754438,-0.0217608548700809,0.0110186282545328,0.0126646403223276,-0.0133203975856304,0.0007604252896271,-0.0238095521926879,0.0327225141227245,-0.0095549672842025,-0.0307028442621231,-0.0205635335296392,-0.0093011297285556,-0.0025920758489519,0.0,-0.0485966466367244,0.0153138963505625,0.0289640761911869,0.0059791151434183,0.0257731765570359,0.0401855061527112,0.0274913820415021,0.0548589943623045,0.0230731126962409,-0.0196649079000448,0.0081299426876388,-0.0024703169457237,-0.0532452465068074,0.1623488538066475,-0.0976128068932788,0.0350545389763741,2019-02-15,2019-02-19,2019-02-20,2019-02-21,2019-02-22,2019-02-25,2019-02-26,2019-02-27,2019-02-28,2019-03-01,79545.0,2019-02-14,252.0,0.8915%,-0.0007,1.3079,0.4713,0.8069,1.4713%,1.9499%,43.0685%,0.013904,BWA,79545.0,2019-02-15,252.0,2.8964%,-0.0007,1.3159,0.4795,0.8212,1.4725%,1.9534%,43.1751%,0.009033,BWA,79545.0,2019-02-19,252.0,-0.3101%,-0.0006,1.3219,0.4631,0.8023,1.4651%,1.9512%,43.6188%,-0.009556,BWA,79545.0,2019-02-20,252.0,0.1675%,-0.0006,1.3214,0.4669,0.8017,1.4638%,1.9507%,43.6851%,-0.006368,BWA,79545.0,2019-02-21,252.0,-2.4845%,-0.0007,1.3301,0.4809,0.8179,1.4655%,1.9566%,43.9028%,-0.0178849999999999,BWA,79545.0,2019-02-22,252.0,2.1068%,-0.0007,1.3267,0.4894,0.7851,1.4720%,1.9613%,43.6725%,0.0217,BWA,79545.0,2019-02-25,252.0,0.6718%,-0.0006,1.3274,0.4862,0.786,1.4723%,1.9618%,43.6722%,0.0073129999999999,BWA,79545.0,2019-02-26,252.0,-0.6673%,-0.0006,1.3363,0.4752,0.7871,1.4691%,1.9621%,43.9342%,0.001056,BWA,79545.0,2019-02-27,252.0,-0.7438%,-0.0005,1.3447,0.4579,0.7885,1.4649%,1.9620%,44.2534%,-0.008699,BWA,79545.0,2019-02-28,252.0,-1.4262%,-0.0005,1.3371,0.4524,0.7848,1.4617%,1.9519%,43.9173%,-0.008313,BWA,79545.0,2019-03-01,252.0,0.7141%,-0.0005,1.3388,0.4549,0.7875,1.4616%,1.9498%,43.8053%,-0.000749,BWA,0.022937,0.0133809999999999,0.0070129999999999,0.010828,0.001436
27763,BORGWARNER INC,"BorgWarner Sees FY19 EPS $4-$4.35 vs $4.57 Estimate, Sales $9.9B-$10.37B vs $10.83B Estimate",6,decrease,0.8,0.7,"borgwarner's earnings per share and sales guidance are both below analyst estimates, which typically leads to a negative reaction in stock prices.",0,2019-02-14,BWA,2019-02-14 11:33:00+00:00,79545.0,09972410,0.0089153191074728,3236306.0,0.0289640761911869,0.0059791151434183,-0.003101079724729,0.0340030826628208,0.0016750345239415,0.0141066070646047,-0.02484474144876,-0.0239674244076013,0.0210681185126304,-0.0478270798921585,0.0067178211174905,0.0061064977198839,-0.0066729928366839,-0.0009761082474142,-0.0074376529082655,-0.0055811586789786,-0.014261501841247,0.0075794020667672,0.0071411207318305,0.0103755434975028,-0.0039119767025113,0.0019801489543169,-0.0058910571970045,-0.0044356901198625,-0.0232098419219255,-0.0097608035430312,-0.023761436343193,0.0216903239488601,-0.0132055496796965,0.0239980202168226,0.0136447241529822,-0.0212394371628761,0.0056949881836771,-0.0147710116580128,-0.0056627392768859,0.0134729808196425,-0.0256277937442064,0.0113550527021288,0.0045165247283875,0.0032911663874983,0.016662186011672,0.002792602404952,-0.0072840475477278,0.0048469034954905,-0.0241089668124914,-0.0022906630765646,0.0145004587247967,0.0152454813942313,-0.0407622344791889,0.0344827845692634,0.0052427873015403,0.0314309187233448,0.0101564349606633,0.0260255169123411,0.008695644326508,0.0375696755945682,0.0185884274542331,-0.0301736798137426,0.0158687774091959,0.0112262340262532,0.054933626204729,0.0066648325882852,0.0046890084631741,-0.0074777719564735,0.0225989185273647,0.0107557820156216,0.0177755914628505,0.0361445993185043,-0.0051922919228672,-0.0168788768351078,0.0111505901440978,-0.0055947769433259,-0.0187705121934413,0.0017698394367471,0.0229555014520883,-0.0142482658848166,-0.0002337148616788,0.011173216626048,0.0341360531747341,-0.0179036296904087,-0.0079131470993161,0.0049333134666085,-0.000227942931815,-0.0193511750549078,-0.0084339855238795,0.0074540800414979,0.0114942528307437,0.0,-0.006590929813683,-0.0240626912564039,-0.0018301995005458,-0.0413089357316494,-0.0018336426001042,-0.0098274294286966,-0.0454649738967418,-0.0749385580420494,0.0228530373424291,0.0282970909029245,-0.0112887946888804,0.009652093052864,-0.0064224656671285,-0.016241917386651,-0.0172372814267873,0.0232677031308412,-0.0051156901754438,-0.0217608548700809,0.0110186282545328,0.0126646403223276,-0.0133203975856304,0.0007604252896271,-0.0238095521926879,0.0327225141227245,-0.0095549672842025,-0.0307028442621231,-0.0205635335296392,-0.0093011297285556,-0.0025920758489519,0.0,-0.0485966466367244,0.0153138963505625,0.0289640761911869,0.0059791151434183,0.0257731765570359,0.0401855061527112,0.0274913820415021,0.0548589943623045,0.0230731126962409,-0.0196649079000448,0.0081299426876388,-0.0024703169457237,-0.0532452465068074,0.1623488538066475,-0.0976128068932788,0.0350545389763741,2019-02-15,2019-02-19,2019-02-20,2019-02-21,2019-02-22,2019-02-25,2019-02-26,2019-02-27,2019-02-28,2019-03-01,79545.0,2019-02-14,252.0,0.8915%,-0.0007,1.3079,0.4713,0.8069,1.4713%,1.9499%,43.0685%,0.013904,BWA,79545.0,2019-02-15,252.0,2.8964%,-0.0007,1.3159,0.4795,0.8212,1.4725%,1.9534%,43.1751%,0.009033,BWA,79545.0,2019-02-19,252.0,-0.3101%,-0.0006,1.3219,0.4631,0.8023,1.4651%,1.9512%,43.6188%,-0.009556,BWA,79545.0,2019-02-20,252.0,0.1675%,-0.0006,1.3214,0.4669,0.8017,1.4638%,1.9507%,43.6851%,-0.006368,BWA,79545.0,2019-02-21,252.0,-2.4845%,-0.0007,1.3301,0.4809,0.8179,1.4655%,1.9566%,43.9028%,-0.0178849999999999,BWA,79545.0,2019-02-22,252.0,2.1068%,-0.0007,1.3267,0.4894,0.7851,1.4720%,1.9613%,43.6725%,0.0217,BWA,79545.0,2019-02-25,252.0,0.6718%,-0.0006,1.3274,0.4862,0.786,1.4723%,1.9618%,43.6722%,0.0073129999999999,BWA,79545.0,2019-02-26,252.0,-0.6673%,-0.0006,1.3363,0.4752,0.7871,1.4691%,1.9621%,43.9342%,0.001056,BWA,79545.0,2019-02-27,252.0,-0.7438%,-0.0005,1.3447,0.4579,0.7885,1.4649%,1.9620%,44.2534%,-0.008699,BWA,79545.0,2019-02-28,252.0,-1.4262%,-0.0005,1.3371,0.4524,0.7848,1.4617%,1.9519%,43.9173%,-0.008313,BWA,79545.0,2019-03-01,252.0,0.7141%,-0.0005,1.3388,0.4549,0.7875,1.4616%,1.9498%,43.8053%,-0.000749,BWA,0.022937,0.0133809999999999,0.0070129999999999,0.010828,0.001436
27771,BORGWARNER INC,"BorgWarner Sees Q1 EPS $0.92-$0.96 vs $1.13 Estimate, Organic Sales Down 5.5-7.5% Year Over Year",6,decrease,0.8,0.7,"the lower-than-expected eps guidance and decline in organic sales suggest weaker financial performance, likely leading to a decrease in stock price.",0,2019-02-14,BWA,2019-02-14 11:32:00+00:00,79545.0,09972410,0.0089153191074728,3236306.0,0.0289640761911869,0.0059791151434183,-0.003101079724729,0.0340030826628208,0.0016750345239415,0.0141066070646047,-0.02484474144876,-0.0239674244076013,0.0210681185126304,-0.0478270798921585,0.0067178211174905,0.0061064977198839,-0.0066729928366839,-0.0009761082474142,-0.0074376529082655,-0.0055811586789786,-0.014261501841247,0.0075794020667672,0.0071411207318305,0.0103755434975028,-0.0039119767025113,0.0019801489543169,-0.0058910571970045,-0.0044356901198625,-0.0232098419219255,-0.0097608035430312,-0.023761436343193,0.0216903239488601,-0.0132055496796965,0.0239980202168226,0.0136447241529822,-0.0212394371628761,0.0056949881836771,-0.0147710116580128,-0.0056627392768859,0.0134729808196425,-0.0256277937442064,0.0113550527021288,0.0045165247283875,0.0032911663874983,0.016662186011672,0.002792602404952,-0.0072840475477278,0.0048469034954905,-0.0241089668124914,-0.0022906630765646,0.0145004587247967,0.0152454813942313,-0.0407622344791889,0.0344827845692634,0.0052427873015403,0.0314309187233448,0.0101564349606633,0.0260255169123411,0.008695644326508,0.0375696755945682,0.0185884274542331,-0.0301736798137426,0.0158687774091959,0.0112262340262532,0.054933626204729,0.0066648325882852,0.0046890084631741,-0.0074777719564735,0.0225989185273647,0.0107557820156216,0.0177755914628505,0.0361445993185043,-0.0051922919228672,-0.0168788768351078,0.0111505901440978,-0.0055947769433259,-0.0187705121934413,0.0017698394367471,0.0229555014520883,-0.0142482658848166,-0.0002337148616788,0.011173216626048,0.0341360531747341,-0.0179036296904087,-0.0079131470993161,0.0049333134666085,-0.000227942931815,-0.0193511750549078,-0.0084339855238795,0.0074540800414979,0.0114942528307437,0.0,-0.006590929813683,-0.0240626912564039,-0.0018301995005458,-0.0413089357316494,-0.0018336426001042,-0.0098274294286966,-0.0454649738967418,-0.0749385580420494,0.0228530373424291,0.0282970909029245,-0.0112887946888804,0.009652093052864,-0.0064224656671285,-0.016241917386651,-0.0172372814267873,0.0232677031308412,-0.0051156901754438,-0.0217608548700809,0.0110186282545328,0.0126646403223276,-0.0133203975856304,0.0007604252896271,-0.0238095521926879,0.0327225141227245,-0.0095549672842025,-0.0307028442621231,-0.0205635335296392,-0.0093011297285556,-0.0025920758489519,0.0,-0.0485966466367244,0.0153138963505625,0.0289640761911869,0.0059791151434183,0.0257731765570359,0.0401855061527112,0.0274913820415021,0.0548589943623045,0.0230731126962409,-0.0196649079000448,0.0081299426876388,-0.0024703169457237,-0.0532452465068074,0.1623488538066475,-0.0976128068932788,0.0350545389763741,2019-02-15,2019-02-19,2019-02-20,2019-02-21,2019-02-22,2019-02-25,2019-02-26,2019-02-27,2019-02-28,2019-03-01,79545.0,2019-02-14,252.0,0.8915%,-0.0007,1.3079,0.4713,0.8069,1.4713%,1.9499%,43.0685%,0.013904,BWA,79545.0,2019-02-15,252.0,2.8964%,-0.0007,1.3159,0.4795,0.8212,1.4725%,1.9534%,43.1751%,0.009033,BWA,79545.0,2019-02-19,252.0,-0.3101%,-0.0006,1.3219,0.4631,0.8023,1.4651%,1.9512%,43.6188%,-0.009556,BWA,79545.0,2019-02-20,252.0,0.1675%,-0.0006,1.3214,0.4669,0.8017,1.4638%,1.9507%,43.6851%,-0.006368,BWA,79545.0,2019-02-21,252.0,-2.4845%,-0.0007,1.3301,0.4809,0.8179,1.4655%,1.9566%,43.9028%,-0.0178849999999999,BWA,79545.0,2019-02-22,252.0,2.1068%,-0.0007,1.3267,0.4894,0.7851,1.4720%,1.9613%,43.6725%,0.0217,BWA,79545.0,2019-02-25,252.0,0.6718%,-0.0006,1.3274,0.4862,0.786,1.4723%,1.9618%,43.6722%,0.0073129999999999,BWA,79545.0,2019-02-26,252.0,-0.6673%,-0.0006,1.3363,0.4752,0.7871,1.4691%,1.9621%,43.9342%,0.001056,BWA,79545.0,2019-02-27,252.0,-0.7438%,-0.0005,1.3447,0.4579,0.7885,1.4649%,1.9620%,44.2534%,-0.008699,BWA,79545.0,2019-02-28,252.0,-1.4262%,-0.0005,1.3371,0.4524,0.7848,1.4617%,1.9519%,43.9173%,-0.008313,BWA,79545.0,2019-03-01,252.0,0.7141%,-0.0005,1.3388,0.4549,0.7875,1.4616%,1.9498%,43.8053%,-0.000749,BWA,0.022937,0.0133809999999999,0.0070129999999999,0.010828,0.001436
27779,BORGWARNER INC,"BorgWarner Q4 EPS $1.21 Beats $1.08 Estimate, Sales $2.573B Down From $2.586B YoY",6,increase,0.7,0.5,"the earnings per share (eps) beat estimates, which is generally a positive indicator for stock performance, despite a slight decline in sales year-over-year.",2,2019-02-14,BWA,2019-02-14 11:32:00+00:00,79545.0,09972410,0.0089153191074728,3236306.0,0.0289640761911869,0.0059791151434183,-0.003101079724729,0.0340030826628208,0.0016750345239415,0.0141066070646047,-0.02484474144876,-0.0239674244076013,0.0210681185126304,-0.0478270798921585,0.0067178211174905,0.0061064977198839,-0.0066729928366839,-0.0009761082474142,-0.0074376529082655,-0.0055811586789786,-0.014261501841247,0.0075794020667672,0.0071411207318305,0.0103755434975028,-0.0039119767025113,0.0019801489543169,-0.0058910571970045,-0.0044356901198625,-0.0232098419219255,-0.0097608035430312,-0.023761436343193,0.0216903239488601,-0.0132055496796965,0.0239980202168226,0.0136447241529822,-0.0212394371628761,0.0056949881836771,-0.0147710116580128,-0.0056627392768859,0.0134729808196425,-0.0256277937442064,0.0113550527021288,0.0045165247283875,0.0032911663874983,0.016662186011672,0.002792602404952,-0.0072840475477278,0.0048469034954905,-0.0241089668124914,-0.0022906630765646,0.0145004587247967,0.0152454813942313,-0.0407622344791889,0.0344827845692634,0.0052427873015403,0.0314309187233448,0.0101564349606633,0.0260255169123411,0.008695644326508,0.0375696755945682,0.0185884274542331,-0.0301736798137426,0.0158687774091959,0.0112262340262532,0.054933626204729,0.0066648325882852,0.0046890084631741,-0.0074777719564735,0.0225989185273647,0.0107557820156216,0.0177755914628505,0.0361445993185043,-0.0051922919228672,-0.0168788768351078,0.0111505901440978,-0.0055947769433259,-0.0187705121934413,0.0017698394367471,0.0229555014520883,-0.0142482658848166,-0.0002337148616788,0.011173216626048,0.0341360531747341,-0.0179036296904087,-0.0079131470993161,0.0049333134666085,-0.000227942931815,-0.0193511750549078,-0.0084339855238795,0.0074540800414979,0.0114942528307437,0.0,-0.006590929813683,-0.0240626912564039,-0.0018301995005458,-0.0413089357316494,-0.0018336426001042,-0.0098274294286966,-0.0454649738967418,-0.0749385580420494,0.0228530373424291,0.0282970909029245,-0.0112887946888804,0.009652093052864,-0.0064224656671285,-0.016241917386651,-0.0172372814267873,0.0232677031308412,-0.0051156901754438,-0.0217608548700809,0.0110186282545328,0.0126646403223276,-0.0133203975856304,0.0007604252896271,-0.0238095521926879,0.0327225141227245,-0.0095549672842025,-0.0307028442621231,-0.0205635335296392,-0.0093011297285556,-0.0025920758489519,0.0,-0.0485966466367244,0.0153138963505625,0.0289640761911869,0.0059791151434183,0.0257731765570359,0.0401855061527112,0.0274913820415021,0.0548589943623045,0.0230731126962409,-0.0196649079000448,0.0081299426876388,-0.0024703169457237,-0.0532452465068074,0.1623488538066475,-0.0976128068932788,0.0350545389763741,2019-02-15,2019-02-19,2019-02-20,2019-02-21,2019-02-22,2019-02-25,2019-02-26,2019-02-27,2019-02-28,2019-03-01,79545.0,2019-02-14,252.0,0.8915%,-0.0007,1.3079,0.4713,0.8069,1.4713%,1.9499%,43.0685%,0.013904,BWA,79545.0,2019-02-15,252.0,2.8964%,-0.0007,1.3159,0.4795,0.8212,1.4725%,1.9534%,43.1751%,0.009033,BWA,79545.0,2019-02-19,252.0,-0.3101%,-0.0006,1.3219,0.4631,0.8023,1.4651%,1.9512%,43.6188%,-0.009556,BWA,79545.0,2019-02-20,252.0,0.1675%,-0.0006,1.3214,0.4669,0.8017,1.4638%,1.9507%,43.6851%,-0.006368,BWA,79545.0,2019-02-21,252.0,-2.4845%,-0.0007,1.3301,0.4809,0.8179,1.4655%,1.9566%,43.9028%,-0.0178849999999999,BWA,79545.0,2019-02-22,252.0,2.1068%,-0.0007,1.3267,0.4894,0.7851,1.4720%,1.9613%,43.6725%,0.0217,BWA,79545.0,2019-02-25,252.0,0.6718%,-0.0006,1.3274,0.4862,0.786,1.4723%,1.9618%,43.6722%,0.0073129999999999,BWA,79545.0,2019-02-26,252.0,-0.6673%,-0.0006,1.3363,0.4752,0.7871,1.4691%,1.9621%,43.9342%,0.001056,BWA,79545.0,2019-02-27,252.0,-0.7438%,-0.0005,1.3447,0.4579,0.7885,1.4649%,1.9620%,44.2534%,-0.008699,BWA,79545.0,2019-02-28,252.0,-1.4262%,-0.0005,1.3371,0.4524,0.7848,1.4617%,1.9519%,43.9173%,-0.008313,BWA,79545.0,2019-03-01,252.0,0.7141%,-0.0005,1.3388,0.4549,0.7875,1.4616%,1.9498%,43.8053%,-0.000749,BWA,0.022937,0.0133809999999999,0.0070129999999999,0.010828,0.001436
27787,BLACKSTONE INC,"Taubman Reports Will Sell 50% Interest In 3 Asia Shopping Centers To Blackstone, Interests Valued At $480M",6,increase,0.7,0.6,"the acquisition of a 50% interest in three shopping centers valued at $480 million suggests a strategic expansion for blackstone, which could positively impact investor sentiment and stock price.",2,2019-02-14,BX,2019-02-14 12:42:00+00:00,92108.0,09260D10,-0.0168788768351078,3351735.0,0.0045180032029747,0.0050595831125974,0.0044977972283959,0.0090089859440922,0.0274626314640045,-0.0136255659162998,-0.0119116753339767,-0.0049261092208325,-0.0105850286781787,-0.0017356486059725,0.0074294200167059,-0.0014442298561334,-0.0053097433410584,0.0075668892823159,-0.0056347101926803,0.0105882529169321,-0.0041753472760319,0.0089020542800426,0.0044924085959792,0.0168980509042739,0.0047704186290502,-0.0006031501106917,-0.0068249120377004,-0.0009038499556481,0.0074693751521408,0.0060623502358794,-0.0145314848050475,0.014764791354537,-0.0087270811200141,0.0046352813951671,0.0166971180588007,-0.0070573654957115,0.0041803340427577,-0.0097234789282083,0.017543863505125,0.0082720732316374,0.0061367349699139,0.0018415455706417,0.0130700189620256,0.0108595192432403,0.0169151406735181,0.0078173857182264,-0.0115590589120984,0.000312800402753,-0.0068454556167125,0.0075638126581907,0.0123492330312728,-0.0003150670672766,-0.0263829864561557,0.01082803029567,-0.0052447640337049,0.0086733205243945,0.0108376955613493,0.0297717377543449,-0.0028976667672395,0.0342114269733429,0.0058122859336435,-0.0279348231852054,0.0104016354307532,0.0087219132110476,0.0122962621971964,-0.009305439889431,-0.0217514242976903,-0.0121470438316464,0.0054865325801074,-0.0058746836148202,-0.002871868899092,0.0572808794677257,0.0025921701453626,0.0164854191243648,0.0005745606613345,0.0288704857230186,-0.0109101654961705,0.0039854603819549,0.0089984778314828,-0.0383275374770164,0.0031645747367292,-0.0034721693955361,0.0189274419099092,-0.0322580970823764,0.000281512417132,-0.0210526119917631,0.0070343273691833,-0.0032787011004984,0.0039116898551583,-0.0006553229759447,0.0748677626252174,0.0009839517297223,0.0103573678061366,-0.0295989904552698,0.0181957725435495,-0.0211837515234947,0.0050339987501502,-0.0186487510800361,0.0052591804414987,-0.0614060126245021,0.0104633597657084,0.0332048311829567,0.0079621719196438,-0.0005926061421632,-0.0259195081889629,-0.010263885371387,0.0098834112286567,0.008279088884592,-0.0070263184607028,-0.0160023067146539,0.0123831611126661,0.0358649380505085,-0.0237144473940134,0.0231267344206571,-0.0066479705274105,0.0464666187763214,0.0061776498332619,-0.025471681728959,0.0102328350767493,-0.0203327126801013,0.0081033091992139,-0.0012307973811402,-0.0253705624490976,-0.0127581469714641,0.0045180032029747,0.0050595831125974,0.0090361214936549,0.0141141507698341,0.0367469086321037,0.0002962715618672,0.0135542389676983,-0.0063589074266117,0.0102409674866283,0.0365169858502676,0.0533132638747966,0.1523036871006584,0.1794337855063708,0.0434439302652769,2019-02-15,2019-02-19,2019-02-20,2019-02-21,2019-02-22,2019-02-25,2019-02-26,2019-02-27,2019-02-28,2019-03-01,92108.0,2019-02-14,252.0,-1.6879%,0.0001,1.0215,0.404,0.1925,1.1957%,1.6036%,44.4023%,-0.0159319999999999,BX,92108.0,2019-02-15,252.0,0.4518%,0.0001,1.0244,0.4056,0.1959,1.1952%,1.6033%,44.4319%,-0.009059,BX,92108.0,2019-02-19,252.0,0.4498%,0.0001,1.0198,0.4126,0.2041,1.1914%,1.5954%,44.2368%,0.000687,BX,92108.0,2019-02-20,252.0,2.7463%,0.0002,1.0269,0.431,0.23,1.1996%,1.6044%,44.0891%,0.023395,BX,92108.0,2019-02-21,252.0,-1.1912%,0.0002,1.0281,0.4317,0.2322,1.2005%,1.6050%,44.0456%,-0.0073809999999999,BX,92108.0,2019-02-22,252.0,-1.0585%,0.0001,1.0303,0.4329,0.2597,1.2047%,1.6062%,43.7445%,-0.016329,BX,92108.0,2019-02-25,252.0,0.7429%,0.0002,1.0302,0.4293,0.2576,1.2056%,1.6068%,43.7064%,0.007377,BX,92108.0,2019-02-26,252.0,-0.5310%,0.0002,1.0345,0.4256,0.259,1.2048%,1.6067%,43.7721%,-0.000164,BX,92108.0,2019-02-27,252.0,-0.5635%,0.0002,1.0361,0.4206,0.2592,1.2054%,1.6068%,43.7198%,-0.007164,BX,92108.0,2019-02-28,252.0,-0.4175%,0.0002,1.0396,0.4229,0.2619,1.2048%,1.6063%,43.7470%,-0.000499,BX,92108.0,2019-03-01,252.0,0.4492%,0.0001,1.0438,0.4292,0.27,1.2039%,1.6061%,43.8138%,-0.0032619999999999,BX,-0.024991,-0.024304,-0.0009089999999999,-0.0246189999999999,-0.0283309999999999
27795,BOSTON PROPERTIES INC,"Boston Properties Reports Long-Term Lease Deal With Google For Kendall Square Redevelopment, No Terms Disclosed",6,increase,0.7,0.6,"the long-term lease deal with google for the redevelopment in kendall square suggests strong demand for boston properties' real estate, which is likely to positively impact investor sentiment and stock price.",2,2019-02-14,BXP,2019-02-14 21:56:00+00:00,85058.0,10112110,-0.0044873687438666,516984.0,0.0038313763216137,0.0076871220953762,0.0074091120623052,-0.0047255088575184,-0.0054974034428596,0.0069487420842051,0.0051542725414037,-0.0015836416278034,0.0082491133362054,0.0076747299171984,-0.0069285947829484,-0.0034077768214046,-0.0053440304473042,-0.0030953015666455,-0.012014034204185,0.009757692925632,0.0021903968881815,-0.0052324444986879,-0.0064812768250703,0.0108078205958008,0.0035652068909257,0.0322019718587398,0.0074829193763434,0.0121726328507065,-0.0059268763288855,0.0112568782642483,-0.000301836116705,0.0199058707803487,-0.0002265894290758,0.0024010674096643,0.0058144251815974,-0.0035475646145641,0.0135135371237993,-0.0025510003324598,0.0002962465514428,0.0091346828266978,0.0017032804898917,0.0049236114136874,-0.0187033247202634,0.0063828178681433,0.0011299826437607,0.0079573560506105,-0.0048912176862359,-0.0085606733337044,-0.002646748907864,-0.0005871472530998,0.0077337496913969,0.0151566648855805,-0.0105335125699639,0.0165325347334146,-0.0030415474902838,0.0295873787254095,0.0126611525192856,0.0062774363905191,-0.0034646885469555,0.0173341985791921,0.0169300027191638,0.0042143752798438,0.0020957991946488,-0.0302088093012571,0.0118016265332698,0.0055392007343471,0.0158717986196279,0.0017749377293512,0.005522814579308,-0.0005321763455867,-0.0032521281391382,0.0334586277604103,0.0033353155013173,-0.0386005528271198,-0.0026015362236648,-0.0133901480585336,-0.0053615812212228,-0.0255041066557169,0.0080856690183281,-0.0209871940314769,0.0004335397097747,0.0041649313643574,-0.0040447637438774,-0.0452520661056041,-0.0060917856171727,-0.0008740612538531,-0.0203575957566499,0.0118999416008591,-0.0183971505612134,-0.0213251411914825,0.0091054877266287,0.0007875135634094,-0.0108278999105095,-0.0162689685821533,0.0246293433010578,-0.0256642065942287,0.0085318582132458,0.0176678691059351,-0.0003678317589219,-0.0152799114584922,0.007800409104675,0.0076219514012336,-0.0114639801904559,0.0106300227344036,0.0165459457784891,-0.001154065481387,0.0021799379028379,0.0225806664675474,-0.0194315016269683,0.0115399677306413,-0.0037711455952376,0.0003184532688464,-0.0068284585140645,-0.0001591709296917,-0.0166653897613287,0.0015146270161494,-0.0076758968643844,-0.0015123363118618,0.0022975245956331,0.0004778016882482,0.0102392574772238,0.0112748779356479,-0.0094546545296907,-0.0023300731554627,0.0038313763216137,0.0076871220953762,0.0112688754804386,0.0029252876743073,0.0057095224827157,0.0098943568280833,0.0192321962301926,0.0160334382404776,-0.009616097562775,0.0249118488469619,0.0129366344122088,0.1880053590511374,-0.0091560838362158,0.0834393770328747,2019-02-15,2019-02-19,2019-02-20,2019-02-21,2019-02-22,2019-02-25,2019-02-26,2019-02-27,2019-02-28,2019-03-01,85058.0,2019-02-14,252.0,-0.4487%,0.0006,0.5853,-0.2035,-0.0041,1.0949%,1.2613%,24.6428%,-0.0023499999999999,BXP,85058.0,2019-02-15,252.0,0.3831%,0.0006,0.596,-0.1941,0.013,1.0908%,1.2607%,25.1404%,-0.002354,BXP,85058.0,2019-02-19,252.0,0.7409%,0.0006,0.5945,-0.1866,0.0216,1.0900%,1.2573%,24.8374%,0.006701,BXP,85058.0,2019-02-20,252.0,-0.5497%,0.0005,0.5908,-0.2031,0.0062,1.0843%,1.2525%,25.0539%,-0.006436,BXP,85058.0,2019-02-21,252.0,0.5154%,0.0005,0.5894,-0.2046,0.0035,1.0851%,1.2527%,24.9682%,0.007112,BXP,85058.0,2019-02-22,252.0,0.8249%,0.0007,0.5873,-0.1679,0.0121,1.0728%,1.2389%,25.0181%,0.005495,BXP,85058.0,2019-02-25,252.0,-0.6929%,0.0005,0.5899,-0.1609,0.0254,1.0652%,1.2321%,25.2615%,-0.008324,BXP,85058.0,2019-02-26,252.0,-0.5344%,0.0005,0.5846,-0.1475,0.0283,1.0636%,1.2259%,24.7274%,-0.0054459999999999,BXP,85058.0,2019-02-27,252.0,-1.2014%,0.0004,0.5861,-0.1539,0.0285,1.0663%,1.2283%,24.6333%,-0.0123259999999999,BXP,85058.0,2019-02-28,252.0,0.2190%,0.0005,0.5804,-0.1577,0.0235,1.0649%,1.2240%,24.3015%,0.0040089999999999,BXP,85058.0,2019-03-01,252.0,-0.6481%,0.0005,0.5781,-0.1612,0.0249,1.0671%,1.2243%,24.0299%,-0.010199,BXP,-0.004704,0.001997,-0.0044389999999999,0.008168,-0.0241179999999999
27803,CITIGROUP INC,Cooperman's Omega 13F Shows Cut Stake In Citi From 909.5K Shares To 765.6K Shares,6,decrease,0.7,0.5,"a significant reduction in a major investor's stake in citigroup may signal a lack of confidence in the company's future performance, potentially leading to a decrease in stock price.",0,2019-02-14,C,2019-02-14 18:38:00+00:00,70519.0,17296742,-0.0098350690677762,12855299.0,0.0296379122883081,0.005903985351324,0.0017115391092374,0.0172049589455127,0.0040385546162724,-0.0064505357295274,-0.0049504903145134,-0.0127368737012147,-0.0027985121123492,-0.0169040225446224,0.0060804397799074,0.0012536909198388,-0.0063535724766552,-0.0039025319274514,0.0043667932040989,0.0061253244057297,-0.006521769799292,-0.0052746031433343,0.0076586697250604,0.0037371201906353,-0.0111680040135979,0.0159785188734531,-0.0128627400845289,-0.0100234830752015,-0.0066741136834025,-0.0026553918141871,-0.0097583876922726,0.0208897721022367,0.0025848117657005,0.0093352328985929,0.0040283594280481,0.004527123644948,0.0080243935808539,-0.0201204139739275,0.0133736683055758,0.0104049574583768,0.0072270082309842,0.0045023732818663,0.0168460737913847,0.0131964413449168,0.0113514009863138,0.0415747612714767,-0.0045503270812332,0.0395131707191467,-0.0202650353312492,0.0044294828549027,-0.0060653681866824,0.0010641638655215,-0.0458457246422767,0.0165885686874389,-0.0106591954827308,-0.0026973839849233,0.0147521859034895,0.0087066851556301,-0.0080039473250508,0.0488964915275573,0.0205829087644815,-0.0181206315755844,0.0038722439203411,0.0282365996390581,0.0343940742313861,0.0044375755824148,0.0009322180994786,0.0011589989298954,0.0099347932264208,0.0064152767881751,0.0116815576329827,0.0442549809813499,-0.0041020456701517,-0.0195064358413219,0.0079328240826725,-0.0388367846608161,-0.0131678935140371,-0.0104127079248428,0.0049079707823693,-0.0205822475254535,0.0059524881653487,-0.0058986120857298,0.0229099448770284,-0.0139949191361665,-0.0005933093489147,-0.0134480902925133,0.0286435205489397,-0.0037513233255594,0.015005063265562,-0.004268973134458,-0.0096659604460001,-0.0148939630016684,-0.0083249872550368,-0.0219365693628788,0.0015921351732686,-0.0284715760499239,-0.0053467503748834,-0.0353356413543224,-0.0014528325991705,-0.044505912810564,0.0113487374037504,0.005710800178349,0.0218673087656498,-0.0016949246637523,-0.0046459501609206,-0.0103690195828676,-0.0104667311534285,0.033406913280487,0.0057175746187567,-0.0042366306297481,0.010801556520164,0.0320647694170475,-0.0036789940204471,-0.0178145207464695,-0.0319556854665279,0.0054373927414417,0.0008802458178251,-0.0323429889976978,-0.0086485482752323,-0.0050807422958314,0.0039923745207488,0.0054179332219064,-0.0518410056829452,0.0173228103667497,0.0296379122883081,0.005903985351324,0.0314001778435433,0.0232105221224212,0.0355655437929975,0.0166102660906422,0.027555290613374,-0.0133040926654325,0.0328420878239659,-0.0114365136850437,-0.003204052359145,0.219468815749579,0.0379677458328198,-0.0002275912984035,2019-02-15,2019-02-19,2019-02-20,2019-02-21,2019-02-22,2019-02-25,2019-02-26,2019-02-27,2019-02-28,2019-03-01,70519.0,2019-02-14,252.0,-0.9835%,-0.0003,1.2617,-0.1242,1.0156,0.9253%,1.5420%,63.9957%,-0.000756,C,70519.0,2019-02-15,252.0,2.9638%,-0.0003,1.2716,-0.1141,1.0333,0.9276%,1.5481%,64.0971%,0.010717,C,70519.0,2019-02-19,252.0,0.1712%,-0.0003,1.2722,-0.1179,1.029,0.9275%,1.5478%,64.0918%,-0.003573,C,70519.0,2019-02-20,252.0,0.4039%,-0.0003,1.2716,-0.117,1.0276,0.9273%,1.5479%,64.1151%,-0.003879,C,70519.0,2019-02-21,252.0,-0.4950%,-0.0003,1.2731,-0.1136,1.0302,0.9267%,1.5480%,64.1584%,0.001936,C,70519.0,2019-02-22,252.0,-0.2799%,-0.0003,1.273,-0.1278,1.0158,0.9244%,1.5473%,64.3043%,0.004595,C,70519.0,2019-02-25,252.0,0.6080%,-0.0003,1.2723,-0.1314,1.0116,0.9246%,1.5468%,64.2685%,0.005567,C,70519.0,2019-02-26,252.0,-0.6354%,-0.0003,1.2774,-0.1339,1.014,0.9234%,1.5457%,64.3121%,-0.00192,C,70519.0,2019-02-27,252.0,0.4367%,-0.0002,1.2804,-0.138,1.0146,0.9229%,1.5452%,64.3256%,0.004588,C,70519.0,2019-02-28,252.0,-0.6522%,-0.0002,1.28,-0.1383,1.0142,0.9229%,1.5424%,64.1986%,-8.800000000000001e-05,C,70519.0,2019-03-01,252.0,0.7659%,-0.0002,1.2839,-0.1325,1.0188,0.9225%,1.5416%,64.1950%,0.002811,C,0.009961,0.006388,0.002509,0.00904,0.019998
27811,CITIGROUP INC,"Fiverr Picked Citi, JP Morgan To Manage Its US IPO; BZ NOTE: The Co. Valuation For IPO Had been Around $1B In Aug. 2018",6,increase,0.7,0.6,"citi's role in managing fiverr's ipo could enhance its reputation and revenue potential, positively impacting investor sentiment and stock price.",2,2019-02-14,C,2019-02-14 16:34:00+00:00,70519.0,17296742,-0.0098350690677762,12855299.0,0.0296379122883081,0.005903985351324,0.0017115391092374,0.0172049589455127,0.0040385546162724,-0.0064505357295274,-0.0049504903145134,-0.0127368737012147,-0.0027985121123492,-0.0169040225446224,0.0060804397799074,0.0012536909198388,-0.0063535724766552,-0.0039025319274514,0.0043667932040989,0.0061253244057297,-0.006521769799292,-0.0052746031433343,0.0076586697250604,0.0037371201906353,-0.0111680040135979,0.0159785188734531,-0.0128627400845289,-0.0100234830752015,-0.0066741136834025,-0.0026553918141871,-0.0097583876922726,0.0208897721022367,0.0025848117657005,0.0093352328985929,0.0040283594280481,0.004527123644948,0.0080243935808539,-0.0201204139739275,0.0133736683055758,0.0104049574583768,0.0072270082309842,0.0045023732818663,0.0168460737913847,0.0131964413449168,0.0113514009863138,0.0415747612714767,-0.0045503270812332,0.0395131707191467,-0.0202650353312492,0.0044294828549027,-0.0060653681866824,0.0010641638655215,-0.0458457246422767,0.0165885686874389,-0.0106591954827308,-0.0026973839849233,0.0147521859034895,0.0087066851556301,-0.0080039473250508,0.0488964915275573,0.0205829087644815,-0.0181206315755844,0.0038722439203411,0.0282365996390581,0.0343940742313861,0.0044375755824148,0.0009322180994786,0.0011589989298954,0.0099347932264208,0.0064152767881751,0.0116815576329827,0.0442549809813499,-0.0041020456701517,-0.0195064358413219,0.0079328240826725,-0.0388367846608161,-0.0131678935140371,-0.0104127079248428,0.0049079707823693,-0.0205822475254535,0.0059524881653487,-0.0058986120857298,0.0229099448770284,-0.0139949191361665,-0.0005933093489147,-0.0134480902925133,0.0286435205489397,-0.0037513233255594,0.015005063265562,-0.004268973134458,-0.0096659604460001,-0.0148939630016684,-0.0083249872550368,-0.0219365693628788,0.0015921351732686,-0.0284715760499239,-0.0053467503748834,-0.0353356413543224,-0.0014528325991705,-0.044505912810564,0.0113487374037504,0.005710800178349,0.0218673087656498,-0.0016949246637523,-0.0046459501609206,-0.0103690195828676,-0.0104667311534285,0.033406913280487,0.0057175746187567,-0.0042366306297481,0.010801556520164,0.0320647694170475,-0.0036789940204471,-0.0178145207464695,-0.0319556854665279,0.0054373927414417,0.0008802458178251,-0.0323429889976978,-0.0086485482752323,-0.0050807422958314,0.0039923745207488,0.0054179332219064,-0.0518410056829452,0.0173228103667497,0.0296379122883081,0.005903985351324,0.0314001778435433,0.0232105221224212,0.0355655437929975,0.0166102660906422,0.027555290613374,-0.0133040926654325,0.0328420878239659,-0.0114365136850437,-0.003204052359145,0.219468815749579,0.0379677458328198,-0.0002275912984035,2019-02-15,2019-02-19,2019-02-20,2019-02-21,2019-02-22,2019-02-25,2019-02-26,2019-02-27,2019-02-28,2019-03-01,70519.0,2019-02-14,252.0,-0.9835%,-0.0003,1.2617,-0.1242,1.0156,0.9253%,1.5420%,63.9957%,-0.000756,C,70519.0,2019-02-15,252.0,2.9638%,-0.0003,1.2716,-0.1141,1.0333,0.9276%,1.5481%,64.0971%,0.010717,C,70519.0,2019-02-19,252.0,0.1712%,-0.0003,1.2722,-0.1179,1.029,0.9275%,1.5478%,64.0918%,-0.003573,C,70519.0,2019-02-20,252.0,0.4039%,-0.0003,1.2716,-0.117,1.0276,0.9273%,1.5479%,64.1151%,-0.003879,C,70519.0,2019-02-21,252.0,-0.4950%,-0.0003,1.2731,-0.1136,1.0302,0.9267%,1.5480%,64.1584%,0.001936,C,70519.0,2019-02-22,252.0,-0.2799%,-0.0003,1.273,-0.1278,1.0158,0.9244%,1.5473%,64.3043%,0.004595,C,70519.0,2019-02-25,252.0,0.6080%,-0.0003,1.2723,-0.1314,1.0116,0.9246%,1.5468%,64.2685%,0.005567,C,70519.0,2019-02-26,252.0,-0.6354%,-0.0003,1.2774,-0.1339,1.014,0.9234%,1.5457%,64.3121%,-0.00192,C,70519.0,2019-02-27,252.0,0.4367%,-0.0002,1.2804,-0.138,1.0146,0.9229%,1.5452%,64.3256%,0.004588,C,70519.0,2019-02-28,252.0,-0.6522%,-0.0002,1.28,-0.1383,1.0142,0.9229%,1.5424%,64.1986%,-8.800000000000001e-05,C,70519.0,2019-03-01,252.0,0.7659%,-0.0002,1.2839,-0.1325,1.0188,0.9225%,1.5416%,64.1950%,0.002811,C,0.009961,0.006388,0.002509,0.00904,0.019998
27819,CONAGRA BRANDS INC,JANA 13F Shows Raised Stake In ConAgra,6,increase,0.7,0.6,"a raised stake by jana, a notable investment firm, typically signals confidence in the company's future performance, which can positively influence investor sentiment and drive the stock price up.",2,2019-02-14,CAG,2019-02-14 14:39:00+00:00,56274.0,20588710,0.0072186873294413,11768999.0,0.0328836739063262,-0.0075853480957448,-0.0199999902397394,0.040333192795515,0.000833005295135,0.0279404651373624,0.0016645445721223,-0.0013500801287591,-0.0286664124578237,0.0136860962957143,-0.0029939990490674,-0.0076957931742072,0.0021450512576848,0.0193816367536783,-0.0115582384169101,0.0126168439164757,0.0121264914050698,-0.0110905626788735,-0.0047069150023162,0.0093283047899603,-0.0038693100214004,0.0023375945165753,-0.0129477446898818,0.0146781802177429,0.0008744446677155,0.0133270192891359,-0.0227172803133726,-0.006619356572628,0.0044702044688165,-0.0149045046418905,0.0191366411745548,0.0009323332924395,-0.004803436808288,-0.0055632330477237,0.0109697235748171,0.0155367199331522,0.0021701056975871,0.0033065513707697,0.0,0.0023673879913985,-0.0008661956526339,0.0129496622830629,-0.0112700574100017,-0.0351689122617244,0.0039456444792449,0.0065207872539758,0.1275109201669693,0.0042095487006008,0.0243997313082218,-0.0027985714841634,0.0344045311212539,-0.0389959178864955,-0.0087719215080142,0.0205854922533035,0.0,0.0139147099107503,0.0228613168001174,0.0107829133048653,0.0,-0.0014045265270397,-0.0039654150605201,0.0084985978901386,-0.0086862025782465,-0.0018849674379453,0.0029207712505012,-0.0097993928939104,0.0116491299122571,0.0224237237125635,0.0179920829832553,-0.0537246316671371,0.0003534224524628,-0.0877265632152557,-0.0268550645560026,-0.1653489023447037,0.0671749636530876,0.0185574479401111,0.0132698640227317,-0.0155119188129901,-0.0010074105812236,-0.0294412579387426,0.0110924346372485,-0.0161290243268013,0.0003324544231873,-0.00686502084136,0.0009970318060368,-0.0006533961859531,0.0132801998406648,0.0065768091008067,0.0117955012246966,-0.0139429410919547,0.0003238416102249,-0.024667952209711,0.0126254875212907,-0.0143391825258731,-0.0105498693883419,-0.0107924286276102,0.00129237503279,0.0027829359751194,-0.0134720606729388,0.0021691878791898,0.0138339940458536,-0.0049336985684931,-0.0207927636802196,0.0049581606872379,-0.0063038696534931,-0.0101226391270756,0.0020033209584653,-0.0177764445543289,-0.0069977003149688,0.0091212904080748,-0.0201341770589351,-0.0102317230775952,0.0133561426773667,-0.0056851776316761,-0.0121662933379411,0.0105835646390914,-0.0174478348344564,0.020049400627613,-0.0212395098060369,-0.0067402333952486,0.0328836739063262,-0.0075853480957448,0.0122260105094136,0.0324419033926033,0.0130692001360415,0.0612888104006965,-0.01433390070313,0.0743612765435892,-0.0193928775530515,0.0984141174304036,0.1694772605578371,0.1134811440382725,0.1933707036074401,-0.2713248075118566,2019-02-15,2019-02-19,2019-02-20,2019-02-21,2019-02-22,2019-02-25,2019-02-26,2019-02-27,2019-02-28,2019-03-01,56274.0,2019-02-14,252.0,0.7219%,-0.0014,0.5392,0.2107,0.1294,1.8699%,1.9513%,8.1706%,0.007976,CAG,56274.0,2019-02-15,252.0,3.2884%,-0.0013,0.5622,0.2343,0.1705,1.8770%,1.9630%,8.5724%,0.025543,CAG,56274.0,2019-02-19,252.0,-2.0000%,-0.0014,0.5519,0.2297,0.1663,1.8778%,1.9606%,8.2642%,-0.022359,CAG,56274.0,2019-02-20,252.0,0.0833%,-0.0014,0.5521,0.2314,0.1673,1.8778%,1.9606%,8.2745%,-0.001736,CAG,56274.0,2019-02-21,252.0,0.1665%,-0.0014,0.5513,0.231,0.1658,1.8781%,1.9606%,8.2416%,0.004154,CAG,56274.0,2019-02-22,252.0,-2.8666%,-0.0015,0.5551,0.237,0.2171,1.8863%,1.9673%,8.0648%,-0.031183,CAG,56274.0,2019-02-25,252.0,-0.2994%,-0.0015,0.5562,0.2387,0.222,1.8854%,1.9666%,8.0849%,-0.00292,CAG,56274.0,2019-02-26,252.0,0.2145%,-0.0015,0.5526,0.2328,0.2163,1.8857%,1.9655%,7.9516%,0.005195,CAG,56274.0,2019-02-27,252.0,-1.1558%,-0.0016,0.5508,0.2329,0.216,1.8869%,1.9658%,7.8744%,-0.012338,CAG,56274.0,2019-02-28,252.0,1.2126%,-0.0015,0.5475,0.2311,0.2099,1.8895%,1.9671%,7.7398%,0.014228,CAG,56274.0,2019-03-01,252.0,-0.4707%,-0.0016,0.5504,0.2354,0.2176,1.8894%,1.9672%,7.7532%,-0.008569,CAG,0.033519,0.01116,0.009424,-0.017605,-0.022009
27827,CATERPILLAR INC,"Caterpillar Says Have About 104,000 Employees At Dec 31, 2018, Up About 5.7 Percent From At Dec 31, 2017",6,increase,0.7,0.6,"the increase in employee count suggests growth and potential expansion for caterpillar inc., which could positively influence investor sentiment and stock price.",2,2019-02-14,CAT,2019-02-14 18:52:00+00:00,18542.0,14912310,-0.0036063934676349,2877504.0,0.0269944351166486,0.0032411844003945,-0.0029368128161877,0.0290080327540636,0.033210564404726,0.0025659918319433,-0.0101916659623384,-0.0013976757181808,-0.0014401799999177,-0.0134824160486459,0.0196856874972581,-0.01106065697968,-0.0242557656019926,0.0085574192926287,0.0115959281101822,-0.0002291557466378,-0.0160481836646795,-0.0168969649821519,0.0009465915500186,0.0234417263418436,0.0064014322124421,0.0282937008887529,-0.008745982311666,0.0173675008118152,-0.0168440826237201,-0.091261126101017,-0.0150559870526194,0.0311158373951911,-0.0109186517074704,0.0069032646715641,0.0133992722257971,-0.0031760295387357,-0.0047329640947282,-0.0319180116057395,0.0076993079856038,0.0217036791145801,0.0014232392422854,0.0218744464218616,-0.0076296227052807,0.0074221533723175,0.0107786832377314,-0.0084218559786677,0.0003727650328073,-0.0022710298653692,-0.0084979459643363,-0.0064681149087846,0.0078941667452454,0.0206494387239217,-0.032000545412302,0.0038529704324901,0.012406569905579,0.0120097370818257,0.0035012287553399,0.0006242827512323,-0.0048543643206357,0.0546456389129161,0.0089176688343286,-0.038534540683031,0.0235703755170106,-0.0054300972260534,0.0351317003369331,0.0116232708096504,-0.000427790073445,-0.0083681819960474,-0.0066339103505015,0.0153093617409467,0.006247382145375,0.0667807236313819,0.0016413024859502,-0.0259848646819591,-0.0038472020532935,-0.0121760861948132,-0.0248176306486129,-0.0063761854544281,0.0086541445925831,-0.0156111279502511,0.009743302129209,-0.0016068496042862,0.0167782958596944,-0.0181430578231811,-0.0067280237562954,0.0069102072156965,0.0126916132867336,0.0042274766601622,0.0049989912658929,0.0172833893448114,0.0103684673085808,-0.0012156700249761,-0.0068359076976776,-0.0012950518867,-0.0024582531768828,-0.0375476516783237,-0.0302753150463104,-0.0073462119325995,-0.0116168651729822,-0.0693054348230362,0.0213031210005283,0.0241763014346361,-7.18874143785797e-05,0.0417722687125206,0.0028772398363798,-0.0041294526308774,-0.0091091971844434,0.0495185069739818,-0.0215707272291183,-0.0016026007942855,0.0287785716354847,0.0202747173607349,-0.0165396463125944,-0.0125131430104374,-0.0225942991673946,0.0130858439952135,-0.0128675187006592,-0.0294491723179817,-0.0056839711032807,-0.0306248310953378,0.0010670685442164,0.0041725276969373,-0.0459874644875526,0.0345323719084262,0.0269944351166486,0.0032411844003945,0.0239783446974446,0.0323432375377068,0.0579852434630638,0.0349922218529905,0.0456944510119943,0.0196109460544215,0.0365707029597326,0.0229805967315761,0.0216408629629558,0.0540487263113045,-0.0495274587196618,0.0706472672972688,2019-02-15,2019-02-19,2019-02-20,2019-02-21,2019-02-22,2019-02-25,2019-02-26,2019-02-27,2019-02-28,2019-03-01,18542.0,2019-02-14,252.0,-0.3606%,-0.0005,1.6027,0.0,0.2771,1.3653%,2.1345%,59.0856%,0.001271,CAT,18542.0,2019-02-15,252.0,2.6994%,-0.0005,1.6068,0.0047,0.285,1.3662%,2.1347%,59.0400%,0.007454,CAT,18542.0,2019-02-19,252.0,-0.2937%,-0.0005,1.6071,-0.0016,0.278,1.3664%,2.1333%,58.9731%,-0.006958,CAT,18542.0,2019-02-20,252.0,3.3211%,-0.0003,1.6174,0.0316,0.3173,1.3702%,2.1388%,58.9573%,0.028531,CAT,18542.0,2019-02-21,252.0,-1.0192%,-0.0003,1.6205,0.0372,0.323,1.3698%,2.1396%,59.0137%,-0.003555,CAT,18542.0,2019-02-22,252.0,-0.1440%,-0.0003,1.6217,0.0301,0.3315,1.3703%,2.1396%,58.9834%,-0.00753,CAT,18542.0,2019-02-25,252.0,1.9686%,-0.0004,1.6246,0.0239,0.3388,1.3661%,2.1381%,59.1768%,0.017828,CAT,18542.0,2019-02-26,252.0,-2.4256%,-0.0004,1.6298,0.0468,0.3543,1.3718%,2.1387%,58.8558%,-0.020485,CAT,18542.0,2019-02-27,252.0,1.1596%,-0.0004,1.6342,0.0421,0.3551,1.3722%,2.1394%,58.8614%,0.010365,CAT,18542.0,2019-02-28,252.0,-1.6048%,-0.0004,1.6394,0.0453,0.3611,1.3731%,2.1397%,58.8217%,-0.010203,CAT,18542.0,2019-03-01,252.0,0.0947%,-0.0004,1.6245,0.023,0.3423,1.3676%,2.1241%,58.5459%,-0.009634,CAT,0.008725,0.001767,0.030298,0.019213,0.007084
27835,CODEXIS INC,Codexis Reports Nestle Health Science Exercised Option For Exclusive Global License For CDX-6114 For Mgmt. Of Phenylketonuria; Option Triggers $3M Milestone Payment,6,increase,0.8,0.6,"the news of nestle health science exercising an option for an exclusive global license and triggering a $3m milestone payment is likely to be viewed positively by investors, suggesting potential revenue growth for codexis inc.",2,2019-02-14,CDXS,2019-02-14 12:25:00+00:00,93345.0,19200510,0.0158508215099573,334503.0,0.0059660007245838,-0.0316026583313942,-0.0054744910448789,0.0216789357364177,0.0,0.007434937171638,0.0077981688082218,-0.0009285263367928,-0.0045515918172895,0.0009293892653658,0.0096021527424454,0.0381090641021728,-0.005887642968446,0.0609006434679031,-0.010022833943367,0.0087764617055654,-0.0050620664842426,0.0292242914438247,-0.0328400060534477,0.0638778507709503,-0.0516499243676662,0.041200753301382,-0.0297529082745313,0.0029515486676245,0.0322245769202709,-0.0145433386787772,0.0065457783639431,0.0147579684853553,-0.0305152889341116,0.010137153789401,0.048503641039133,0.0182150062173605,0.0162401534616947,-0.0311765111982822,0.0072639039717614,-0.0224266480654478,-0.0091345496475696,0.0603658407926559,0.0237748548388481,0.0269254446029663,-0.0132701741531491,0.0217530485242605,0.0043227737769484,-0.0303970649838447,0.0076518338173627,-0.0049382667057216,-0.0090175857767462,-0.0018483536550775,-0.060344748198986,-0.0345032699406147,0.0188582520931959,0.0194056816399097,0.0130065148696303,0.0280547905713319,-0.0167901311069726,0.0328397415578365,0.0241084657609462,-0.0360025353729724,0.00686617475003,-0.0353293493390083,0.0194836631417274,0.0096735088154673,0.0348781421780586,0.0134804667904973,0.0101569397374987,0.0168224591761827,-0.0201096273958683,0.0354838222265243,0.0121268760412931,-0.0269931126385927,-0.0147466175258159,-0.0876288041472435,-0.010757696814835,-0.082501396536827,0.0056737987324595,-0.0041862856596708,-0.0126939564943313,0.0068493713624775,-0.0176190882921218,-0.0271655917167663,0.0072710388340055,-0.0176233816891908,-0.0091434326022863,-0.0307466648519039,-0.0529383271932601,-0.0009751563775353,0.0051282248459756,-0.0325471945106983,0.0321428142488002,-0.0004713966045528,0.0039545195177197,-0.0467416159808635,-0.0531757734715938,0.0159817524254322,-0.001040065428242,-0.0296854265034198,-0.0036439197137951,0.0296532679349184,0.0245559681206941,0.0503114126622676,0.0045895026996731,0.0285855047404766,-0.0071066645905375,0.0718436688184738,0.0143149634823203,0.0117584839463233,0.0297379102557897,0.0365650914609432,0.0093000745400786,0.0361652784049511,-0.0654704347252845,0.030769258737564,0.0015567607479169,0.0211480595171451,0.0238342490047216,-0.0207100827246904,0.0,0.0432098023593425,-0.0652834475040435,0.0311903711408376,0.0059660007245838,-0.0316026583313941,0.0004588488621644,-0.0106088345940427,0.0004588488621644,-0.0032527734410756,0.0036714051734987,-0.0032527734748025,-0.0403855430424984,0.2125494719957079,-0.0578246955949472,0.2844311262932628,-0.1523635406831116,0.3653724135888476,2019-02-15,2019-02-19,2019-02-20,2019-02-21,2019-02-22,2019-02-25,2019-02-26,2019-02-27,2019-02-28,2019-03-01,93345.0,2019-02-14,252.0,1.5851%,0.0036,1.3695,1.3176,-0.6163,2.8738%,3.4224%,29.4882%,0.008231,CDXS,93345.0,2019-02-15,252.0,0.5966%,0.0035,1.3564,1.3044,-0.6393,2.8749%,3.4186%,29.2808%,-0.009945,CDXS,93345.0,2019-02-19,252.0,-0.5474%,0.0035,1.3552,1.294,-0.651,2.8760%,3.4182%,29.2082%,-0.010017,CDXS,93345.0,2019-02-20,252.0,0.0000%,0.0032,1.3485,1.2551,-0.6811,2.8550%,3.3983%,29.4177%,-0.001941,CDXS,93345.0,2019-02-21,252.0,0.7798%,0.0034,1.3339,1.2271,-0.708,2.8470%,3.3855%,29.2850%,0.012,CDXS,93345.0,2019-02-22,252.0,-0.4552%,0.0033,1.3391,1.2123,-0.6595,2.8546%,3.3857%,28.9128%,-0.030479,CDXS,93345.0,2019-02-25,252.0,0.9602%,0.0034,1.3373,1.2074,-0.6687,2.8532%,3.3849%,28.9489%,0.009458,CDXS,93345.0,2019-02-26,252.0,-0.5888%,0.0034,1.3416,1.2057,-0.6664,2.8530%,3.3850%,28.9637%,0.001673,CDXS,93345.0,2019-02-27,252.0,-1.0023%,0.0033,1.3444,1.1954,-0.6659,2.8548%,3.3861%,28.9209%,-0.014421,CDXS,93345.0,2019-02-28,252.0,-0.5062%,0.0032,1.366,1.21,-0.6488,2.8450%,3.3847%,29.3500%,-0.002898,CDXS,93345.0,2019-03-01,252.0,-3.2840%,0.0028,1.3772,1.2266,-0.6074,2.8543%,3.3908%,29.1384%,-0.04887,CDXS,-0.001714,-0.011731,-0.013672,-0.032151,-0.087209
27843,CEVA INC,Northland Securities Downgrades CEVA to Market Perform,6,decrease,0.8,0.6,"a downgrade from an analyst typically signals reduced expectations for the company's performance, which can lead to a decline in stock price.",0,2019-02-14,CEVA,2019-02-14 13:14:00+00:00,89572.0,15721010,-0.0325288660824298,168938.0,0.0459146946668624,-0.0798197463154792,-0.0124438507482409,0.0440187975764274,0.0021000863052904,0.0125893447548151,0.0024450437631458,-0.0027146225329488,0.0181184150278568,-0.0173391290009021,0.0010267175966873,0.0291695408523082,-0.0256410259753465,0.0188810843974351,-0.01929821819067,0.0084626153111457,-0.0046512009575963,-0.0028129369020462,0.0168943647295236,0.0049470425583422,-0.006009193137288,0.0212919581681489,0.0032005065586417,-0.0135279837995767,-0.0244593638926744,0.0053686331957578,-0.0069040888920426,0.0386617444455623,0.0095133632421493,0.0466925613582134,0.0177600495517253,-0.013435642234981,-0.0046295998618006,-0.0258040595799684,-0.0042934110388159,0.0276709962636232,-0.0025152603629976,0.0183953512459993,0.0273775290697813,0.0066981907002627,-0.0227910093963146,0.0958548933267593,-0.0053821858018636,-0.0321772024035453,-0.0216449666768312,-0.0091097028926014,0.0224925763905048,0.0285349264740943,-0.0512080825865268,0.0090244552120566,0.0026605736929923,0.0210618488490581,0.0117513788864016,0.0192307829856872,-0.0191082879900932,0.038550853729248,0.0183345880359411,-0.0396966710686683,0.0112527851015329,0.0149388825520873,0.0122404247522354,-0.00135626969859,0.0043971757404506,-0.0027051155921071,0.0138635924085974,0.0109389135614037,0.0025188806466758,0.0629845559597015,0.0010767688509076,-0.0072150803171098,0.0351380966603756,-0.0104711716994643,-0.0335989333689212,-0.011294106952846,0.0215053912252187,-0.0563943348824977,0.0066666854545474,0.0171635542064905,0.0031369868665933,-0.0164371766149997,-0.0163308270275592,-0.0289042312651872,-0.0187212564051151,-0.0089781573042273,-0.1360691338777542,0.0038626675959676,-0.0291666984558105,-0.0046988725662231,0.0206009205430746,-0.0159731414169073,0.0096719739958643,-0.0529458560049533,0.024989603087306,0.0015949328662827,-0.0199105963110923,-0.0564334094524383,0.0199004784226417,0.0227010454982519,0.0036585426423698,-0.0019201667746528,0.0202511139214038,-0.0210526119917631,-0.0115125412121415,0.0137195354327559,0.0036144640762358,-0.0015221048379316,0.012404941022396,0.013107175938785,-0.0003951905819121,0.0054264068603515,-0.0371688604354858,0.0058479383587837,0.0188911333680152,-0.0198700968176126,-0.0189439468085765,-0.0399853326380252,-0.0053410464897751,0.0183040630072355,-0.0623708553612232,0.0384018532931804,0.0459146946668624,-0.0798197463154792,0.032899488311036,-0.0393145179947147,0.0350686663811796,-0.0272201172608045,0.0563991121188898,-0.0466822153649765,0.0227766105544862,0.0102473834307497,-0.0253073334275399,0.2942507904503832,-0.1793202836359632,0.1089992023166634,2019-02-15,2019-02-19,2019-02-20,2019-02-21,2019-02-22,2019-02-25,2019-02-26,2019-02-27,2019-02-28,2019-03-01,89572.0,2019-02-14,252.0,-3.2529%,-0.0012,1.2858,0.9839,-0.3626,2.4295%,2.9117%,30.3811%,-0.037386,CEVA,89572.0,2019-02-15,252.0,4.5915%,-0.0009,1.3241,1.0218,-0.2958,2.4337%,2.9264%,30.8348%,0.030566,CEVA,89572.0,2019-02-19,252.0,-1.2444%,-0.001,1.3212,1.0112,-0.3075,2.4359%,2.9259%,30.6937%,-0.017135,CEVA,89572.0,2019-02-20,252.0,0.2100%,-0.0009,1.3232,1.0245,-0.2983,2.4324%,2.9239%,30.7957%,-0.001043,CEVA,89572.0,2019-02-21,252.0,0.2445%,-0.001,1.3353,1.0511,-0.2761,2.4204%,2.9189%,31.2369%,0.007272,CEVA,89572.0,2019-02-22,252.0,1.8118%,-0.001,1.3351,1.0562,-0.2746,2.4203%,2.9212%,31.3523%,-0.0005,CEVA,89572.0,2019-02-25,252.0,0.1027%,-0.001,1.3341,1.0543,-0.279,2.4199%,2.9209%,31.3653%,0.001176,CEVA,89572.0,2019-02-26,252.0,-2.5641%,-0.0011,1.3297,1.0819,-0.2684,2.4207%,2.9192%,31.2390%,-0.01778,CEVA,89572.0,2019-02-27,252.0,-1.9298%,-0.0012,1.3288,1.0771,-0.2686,2.4246%,2.9209%,31.0959%,-0.022973,CEVA,89572.0,2019-02-28,252.0,-0.4651%,-0.0013,1.3367,1.0825,-0.2628,2.4228%,2.9209%,31.1938%,-0.001519,CEVA,89572.0,2019-03-01,252.0,1.6894%,-0.0013,1.3414,1.0896,-0.2573,2.4227%,2.9219%,31.2513%,0.00299,CEVA,-0.00682,-0.023955,-0.024998,-0.018226,-0.056332
27851,COMSTOCK HOLDING COMPANIES INC,"Comstock Holding shares are trading higher; The company is said to be a key home builder in Arlington, VA where Amazon is planning to add a second headquarters.",6,increase,0.8,0.7,"the news highlights comstock holding companies inc as a key player in a region where amazon is expanding, which is likely to boost investor confidence and demand for the stock.",2,2019-02-14,CHCI,2019-02-14 17:31:00+00:00,90476.0,20568420,0.0485437586903572,79902.0,-0.0462963618338108,0.009803912602365,-0.0194174572825431,0.0149253588169813,0.0099009806290268,0.0151515007019043,0.03921565040946,-0.0526315309107303,-0.0094339540228247,0.0346534326672554,0.0549524202942848,-0.0334927923977375,0.0193192884325981,0.0346534326672554,0.018510328605771,-0.0648581087589263,-0.004347822163254,-0.0603766627609729,-0.0043668081052601,0.1789229959249496,0.25434210896492,-0.024999976158142,-0.1223469376564026,-0.0338163934648037,0.0695219114422798,-0.0048076878301799,0.0001490282593294,0.0253376457840204,0.0018995164427906,0.0403076559305191,-0.029739836230874,-0.066985584795475,0.0153257474303245,0.0398009568452835,-0.0150944143533706,-0.0280464626848697,-0.0766282826662063,0.0288557652384042,-0.0124481208622455,-0.0049504903145134,0.03781508654356,-0.031175086274743,0.0,-0.0040125935338437,-0.0040485789068043,0.0626395791769027,-0.0081300735473632,-0.0247524511069059,0.0,0.0466321446001529,0.1270491480827332,0.0211640018969774,-0.0909090936183929,0.0053191436454653,-0.1039999946951866,0.0715303272008895,-0.0401785336434841,-0.0412568375468254,0.0139534743502736,0.0892857760190963,0.1009174436330795,-0.0117647647857666,0.0039582448080182,0.0152891045436263,-0.0080928737297654,-0.0845771357417106,0.0041840961202979,0.0452000088989734,-0.0187500305473804,-5.714907456422225e-05,-0.04458599537611,5.715233783121221e-05,-0.0088888807222247,0.0,0.0,-0.0168539173901081,0.0179372020065784,0.0113636255264282,0.0088105639442801,-0.0329670645296573,0.0262008495628833,0.03409094363451,0.0382979400455951,-0.0084506962448358,0.0512295067310333,0.0142857003957033,-0.0058479937724769,0.0115606822073459,0.0,-0.0114285601302981,0.015686260536313,-0.0223463475704193,0.0231660939753055,0.0228571202605962,-0.033962320536375,0.0,-0.0039062462747097,-0.0540540665388107,-0.0745098292827606,-0.0414507389068603,0.0254238061606884,0.0,0.0702478662133216,0.0842696502804756,-0.002509654732421,-0.0055865868926048,0.025740347802639,0.0529411248862743,-0.033962320536375,0.0,0.0585937872529029,0.0,-0.0626937076449394,-0.0502792820334434,0.0501160509884357,0.0406976342201232,-0.0140210585668683,-0.1269035488367081,-0.0561217367649078,0.0824175700545311,-0.0462963618338108,0.009803912602365,-0.0648148614881087,0.0248755983327468,-0.0555556115471487,0.04040400168025,-0.0277778608804669,0.0198019617402425,0.0555555016380129,0.0564102083776307,0.0092592365571033,0.2261904940534485,0.1492591676020391,0.1318680881517333,2019-02-15,2019-02-19,2019-02-20,2019-02-21,2019-02-22,2019-02-25,2019-02-26,2019-02-27,2019-02-28,2019-03-01,90476.0,2019-02-14,252.0,4.8544%,0.0045,0.5552,0.6366,-0.0575,10.9540%,10.9771%,0.4204%,0.046226,CHCI,90476.0,2019-02-15,252.0,-4.6296%,0.0044,0.5487,0.6245,-0.0763,10.9575%,10.9803%,0.4152%,-0.053985,CHCI,90476.0,2019-02-19,252.0,-1.9417%,0.0042,0.5348,0.6201,-0.08,10.9574%,10.9794%,0.3993%,-0.022142,CHCI,90476.0,2019-02-20,252.0,0.9901%,0.0042,0.5347,0.6148,-0.0816,10.9572%,10.9791%,0.3981%,0.007861,CHCI,90476.0,2019-02-21,252.0,3.9216%,0.0042,0.5372,0.6282,-0.0772,10.9580%,10.9801%,0.4026%,0.041337,CHCI,90476.0,2019-02-22,252.0,-0.9434%,0.0042,0.5394,0.6483,-0.0325,10.9582%,10.9800%,0.3964%,-0.017617,CHCI,90476.0,2019-02-25,252.0,5.4952%,0.0046,0.5325,0.616,-0.0752,10.9569%,10.9786%,0.3948%,0.05567,CHCI,90476.0,2019-02-26,252.0,1.9319%,0.0048,0.535,0.587,-0.088,10.9573%,10.9789%,0.3927%,0.023766,CHCI,90476.0,2019-02-27,252.0,1.8510%,0.0048,0.536,0.5887,-0.0878,10.9576%,10.9792%,0.3940%,0.016708,CHCI,90476.0,2019-02-28,252.0,-0.4348%,0.0042,0.6253,0.6497,-0.0211,10.9090%,10.9358%,0.4895%,-0.003123,CHCI,90476.0,2019-03-01,252.0,-0.4367%,0.0045,0.5575,0.5488,-0.1191,10.8887%,10.9116%,0.4192%,-0.010927,CHCI,-0.007759,-0.029901,-0.02204,0.0016799999999999,0.0837739999999999
27859,CIGNA GROUP,Cooperman's Omega 13F Shows Raised Cigna Stake From 107.5K Shares To 247.7K Shares,6,increase,0.8,0.6,"the significant increase in cigna's stake by cooperman's omega suggests strong confidence in the company's future performance, which is likely to positively influence investor sentiment and drive the stock price up.",2,2019-02-14,CI,2019-02-14 18:38:00+00:00,64186.0,12552310,0.0181143973022699,2363103.0,0.029393371194601,0.0198790412396192,0.0020720860920846,0.0121930986642837,-0.0209804493933916,0.0083806822076439,-0.0115907685831189,-0.0246827881783247,0.0099025862291455,-0.008107473142445,-0.0110956756398081,0.0055242627859115,-0.0181087646633386,-0.0292602181434631,-0.0394897311925888,-0.0102545106783509,-0.0347498841583728,-0.0287773385643959,0.0218413062393665,5.002255420549773e-05,-0.0368583872914314,0.0071072317659854,-0.0091448752209544,0.0169673860073089,-0.0305684376507997,-0.0061136996373534,-0.0066703418269753,0.0166260488331317,-0.0038459079805761,-0.0195510406047105,0.0030035888776183,0.0198881104588508,0.004094592295587,-0.0089821899309754,0.0225197616964578,0.0016966675175353,0.0092856995761394,-0.0113353114575147,-0.0183415934443473,0.0009157602326013,0.003965176641941,0.0234313979744911,0.0339297354221344,-0.0134079959243536,-0.0284176617860794,0.0150172328576445,0.0059569906443357,0.0075124381110072,-0.0164623614400625,0.0022114117164164,-0.0139682833105325,0.0183913819491863,-0.0185015499591827,-0.0116063514724373,-0.0059102410450577,0.0168130360543727,-0.0006257641362026,-0.0085483295843005,0.0070762406103312,-0.0144797815009951,0.0065289624035358,-0.0038289837539196,-0.0200778413563966,-0.0111001580953598,0.0023956934455782,0.027500869706273,0.0155974570661783,0.0540419667959213,0.0287961941212415,-0.0181467644870281,0.0076445494778454,0.0083426022902131,0.0103345941752195,-0.0698396265506744,-0.0054987757466733,0.0064563443884253,-0.0249108355492353,-0.0332226231694221,-0.0207913443446159,-0.0326726958155632,0.0200498197227716,-0.0310450661927461,-0.0780125334858894,0.0205113124102354,-0.0367451533675193,0.0084976209327578,0.0241253301501274,-0.00067934487015,-0.0067784865386784,-0.0001455474266549,0.0393945649266243,-0.038172535598278,0.0026004023384302,-0.0162963792681694,0.0167941655963659,-0.0311332512646913,0.0263376384973526,0.0065359091386199,-0.0016776703996583,0.0038648238405585,-0.0113898171111941,0.0036081681028008,0.0198942571878433,0.0226937178522348,-0.0233333259820938,0.0024043105076998,-0.0340664871037006,0.0242469925433397,0.0390630178153514,0.0069142952561378,-0.0229219105094671,0.009288708679378,0.0087006371468305,-0.0161466151475906,-0.0041530504822731,-0.011837912723422,0.0165533293038606,0.0043232995085418,-0.0070688910782337,0.0021191285923123,0.029393371194601,0.0198790412396192,0.0315263628823374,0.032314527015089,0.0098844762279353,0.0409660270043368,0.0080636939640608,0.0070407919132817,-0.0726771483422976,-0.0550550524820238,-0.1631493255201894,-0.0058971917464462,-0.1813620925253436,-0.1109018245174646,2019-02-15,2019-02-19,2019-02-20,2019-02-21,2019-02-22,2019-02-25,2019-02-26,2019-02-27,2019-02-28,2019-03-01,64186.0,2019-02-14,252.0,1.8114%,-0.0001,0.7814,-0.0998,0.0334,1.4307%,1.6496%,24.7801%,0.0204999999999999,CI,64186.0,2019-02-15,252.0,2.9393%,0.0,0.8044,-0.0768,0.0737,1.4346%,1.6599%,25.3035%,0.020553,CI,64186.0,2019-02-19,252.0,0.2072%,0.0001,0.8133,-0.0889,0.0593,1.4236%,1.6558%,26.0742%,0.000445,CI,64186.0,2019-02-20,252.0,-2.0980%,-0.0,0.806,-0.1092,0.0324,1.4295%,1.6601%,25.8466%,-0.022756,CI,64186.0,2019-02-21,252.0,-1.1591%,-0.0,0.8075,-0.1082,0.0351,1.4306%,1.6613%,25.8459%,-0.00871,CI,64186.0,2019-02-22,252.0,0.9903%,-0.0,0.8066,-0.106,0.0269,1.4310%,1.6621%,25.8746%,0.005666,CI,64186.0,2019-02-25,252.0,-1.1096%,-0.0001,0.8068,-0.0996,0.031,1.4332%,1.6636%,25.7838%,-0.012633,CI,64186.0,2019-02-26,252.0,-1.8109%,-0.0001,0.809,-0.0775,0.0438,1.4372%,1.6649%,25.4771%,-0.017453,CI,64186.0,2019-02-27,252.0,-3.9490%,-0.0003,0.8097,-0.0906,0.0438,1.4589%,1.6830%,24.8533%,-0.040118,CI,64186.0,2019-02-28,252.0,-3.4750%,-0.0005,0.8244,-0.0816,0.062,1.4695%,1.6967%,24.9892%,-0.032212,CI,64186.0,2019-03-01,252.0,2.1841%,-0.0004,0.8308,-0.0722,0.064,1.4730%,1.7022%,25.1164%,0.0163,CI,0.0410529999999999,0.0414979999999999,0.0187419999999999,0.0156979999999999,-0.070418
27867,CIGNA GROUP,"UPDATE: Bank Of America Sees 'a number of drivers to upside at CI – capital deployment (repo or M&A – Medicare Advantage a focus), higher/faster synergy realization, core growth and prior period development'",6,increase,0.8,0.6,the positive outlook from bank of america regarding multiple growth drivers for cigna group suggests potential for stock price appreciation.,2,2019-02-14,CI,2019-02-14 15:51:00+00:00,64186.0,12552310,0.0181143973022699,2363103.0,0.029393371194601,0.0198790412396192,0.0020720860920846,0.0121930986642837,-0.0209804493933916,0.0083806822076439,-0.0115907685831189,-0.0246827881783247,0.0099025862291455,-0.008107473142445,-0.0110956756398081,0.0055242627859115,-0.0181087646633386,-0.0292602181434631,-0.0394897311925888,-0.0102545106783509,-0.0347498841583728,-0.0287773385643959,0.0218413062393665,5.002255420549773e-05,-0.0368583872914314,0.0071072317659854,-0.0091448752209544,0.0169673860073089,-0.0305684376507997,-0.0061136996373534,-0.0066703418269753,0.0166260488331317,-0.0038459079805761,-0.0195510406047105,0.0030035888776183,0.0198881104588508,0.004094592295587,-0.0089821899309754,0.0225197616964578,0.0016966675175353,0.0092856995761394,-0.0113353114575147,-0.0183415934443473,0.0009157602326013,0.003965176641941,0.0234313979744911,0.0339297354221344,-0.0134079959243536,-0.0284176617860794,0.0150172328576445,0.0059569906443357,0.0075124381110072,-0.0164623614400625,0.0022114117164164,-0.0139682833105325,0.0183913819491863,-0.0185015499591827,-0.0116063514724373,-0.0059102410450577,0.0168130360543727,-0.0006257641362026,-0.0085483295843005,0.0070762406103312,-0.0144797815009951,0.0065289624035358,-0.0038289837539196,-0.0200778413563966,-0.0111001580953598,0.0023956934455782,0.027500869706273,0.0155974570661783,0.0540419667959213,0.0287961941212415,-0.0181467644870281,0.0076445494778454,0.0083426022902131,0.0103345941752195,-0.0698396265506744,-0.0054987757466733,0.0064563443884253,-0.0249108355492353,-0.0332226231694221,-0.0207913443446159,-0.0326726958155632,0.0200498197227716,-0.0310450661927461,-0.0780125334858894,0.0205113124102354,-0.0367451533675193,0.0084976209327578,0.0241253301501274,-0.00067934487015,-0.0067784865386784,-0.0001455474266549,0.0393945649266243,-0.038172535598278,0.0026004023384302,-0.0162963792681694,0.0167941655963659,-0.0311332512646913,0.0263376384973526,0.0065359091386199,-0.0016776703996583,0.0038648238405585,-0.0113898171111941,0.0036081681028008,0.0198942571878433,0.0226937178522348,-0.0233333259820938,0.0024043105076998,-0.0340664871037006,0.0242469925433397,0.0390630178153514,0.0069142952561378,-0.0229219105094671,0.009288708679378,0.0087006371468305,-0.0161466151475906,-0.0041530504822731,-0.011837912723422,0.0165533293038606,0.0043232995085418,-0.0070688910782337,0.0021191285923123,0.029393371194601,0.0198790412396192,0.0315263628823374,0.032314527015089,0.0098844762279353,0.0409660270043368,0.0080636939640608,0.0070407919132817,-0.0726771483422976,-0.0550550524820238,-0.1631493255201894,-0.0058971917464462,-0.1813620925253436,-0.1109018245174646,2019-02-15,2019-02-19,2019-02-20,2019-02-21,2019-02-22,2019-02-25,2019-02-26,2019-02-27,2019-02-28,2019-03-01,64186.0,2019-02-14,252.0,1.8114%,-0.0001,0.7814,-0.0998,0.0334,1.4307%,1.6496%,24.7801%,0.0204999999999999,CI,64186.0,2019-02-15,252.0,2.9393%,0.0,0.8044,-0.0768,0.0737,1.4346%,1.6599%,25.3035%,0.020553,CI,64186.0,2019-02-19,252.0,0.2072%,0.0001,0.8133,-0.0889,0.0593,1.4236%,1.6558%,26.0742%,0.000445,CI,64186.0,2019-02-20,252.0,-2.0980%,-0.0,0.806,-0.1092,0.0324,1.4295%,1.6601%,25.8466%,-0.022756,CI,64186.0,2019-02-21,252.0,-1.1591%,-0.0,0.8075,-0.1082,0.0351,1.4306%,1.6613%,25.8459%,-0.00871,CI,64186.0,2019-02-22,252.0,0.9903%,-0.0,0.8066,-0.106,0.0269,1.4310%,1.6621%,25.8746%,0.005666,CI,64186.0,2019-02-25,252.0,-1.1096%,-0.0001,0.8068,-0.0996,0.031,1.4332%,1.6636%,25.7838%,-0.012633,CI,64186.0,2019-02-26,252.0,-1.8109%,-0.0001,0.809,-0.0775,0.0438,1.4372%,1.6649%,25.4771%,-0.017453,CI,64186.0,2019-02-27,252.0,-3.9490%,-0.0003,0.8097,-0.0906,0.0438,1.4589%,1.6830%,24.8533%,-0.040118,CI,64186.0,2019-02-28,252.0,-3.4750%,-0.0005,0.8244,-0.0816,0.062,1.4695%,1.6967%,24.9892%,-0.032212,CI,64186.0,2019-03-01,252.0,2.1841%,-0.0004,0.8308,-0.0722,0.064,1.4730%,1.7022%,25.1164%,0.0163,CI,0.0410529999999999,0.0414979999999999,0.0187419999999999,0.0156979999999999,-0.070418
27875,CIGNA GROUP,Bank Of America Reiterates Buy And $258 Target On Cigna As Firm Notes 'CI remains our top pick' As Firm Continues 'to believe that CI's 2019 and 2021 EPS guidance is conservative given the number of earnings drivers at the combined company',6,increase,0.8,0.7,"the reiteration of a 'buy' rating and a target price of $258 by bank of america, along with the assertion that cigna's earnings guidance is conservative, suggests positive sentiment that is likely to drive the stock price higher.",2,2019-02-14,CI,2019-02-14 15:49:00+00:00,64186.0,12552310,0.0181143973022699,2363103.0,0.029393371194601,0.0198790412396192,0.0020720860920846,0.0121930986642837,-0.0209804493933916,0.0083806822076439,-0.0115907685831189,-0.0246827881783247,0.0099025862291455,-0.008107473142445,-0.0110956756398081,0.0055242627859115,-0.0181087646633386,-0.0292602181434631,-0.0394897311925888,-0.0102545106783509,-0.0347498841583728,-0.0287773385643959,0.0218413062393665,5.002255420549773e-05,-0.0368583872914314,0.0071072317659854,-0.0091448752209544,0.0169673860073089,-0.0305684376507997,-0.0061136996373534,-0.0066703418269753,0.0166260488331317,-0.0038459079805761,-0.0195510406047105,0.0030035888776183,0.0198881104588508,0.004094592295587,-0.0089821899309754,0.0225197616964578,0.0016966675175353,0.0092856995761394,-0.0113353114575147,-0.0183415934443473,0.0009157602326013,0.003965176641941,0.0234313979744911,0.0339297354221344,-0.0134079959243536,-0.0284176617860794,0.0150172328576445,0.0059569906443357,0.0075124381110072,-0.0164623614400625,0.0022114117164164,-0.0139682833105325,0.0183913819491863,-0.0185015499591827,-0.0116063514724373,-0.0059102410450577,0.0168130360543727,-0.0006257641362026,-0.0085483295843005,0.0070762406103312,-0.0144797815009951,0.0065289624035358,-0.0038289837539196,-0.0200778413563966,-0.0111001580953598,0.0023956934455782,0.027500869706273,0.0155974570661783,0.0540419667959213,0.0287961941212415,-0.0181467644870281,0.0076445494778454,0.0083426022902131,0.0103345941752195,-0.0698396265506744,-0.0054987757466733,0.0064563443884253,-0.0249108355492353,-0.0332226231694221,-0.0207913443446159,-0.0326726958155632,0.0200498197227716,-0.0310450661927461,-0.0780125334858894,0.0205113124102354,-0.0367451533675193,0.0084976209327578,0.0241253301501274,-0.00067934487015,-0.0067784865386784,-0.0001455474266549,0.0393945649266243,-0.038172535598278,0.0026004023384302,-0.0162963792681694,0.0167941655963659,-0.0311332512646913,0.0263376384973526,0.0065359091386199,-0.0016776703996583,0.0038648238405585,-0.0113898171111941,0.0036081681028008,0.0198942571878433,0.0226937178522348,-0.0233333259820938,0.0024043105076998,-0.0340664871037006,0.0242469925433397,0.0390630178153514,0.0069142952561378,-0.0229219105094671,0.009288708679378,0.0087006371468305,-0.0161466151475906,-0.0041530504822731,-0.011837912723422,0.0165533293038606,0.0043232995085418,-0.0070688910782337,0.0021191285923123,0.029393371194601,0.0198790412396192,0.0315263628823374,0.032314527015089,0.0098844762279353,0.0409660270043368,0.0080636939640608,0.0070407919132817,-0.0726771483422976,-0.0550550524820238,-0.1631493255201894,-0.0058971917464462,-0.1813620925253436,-0.1109018245174646,2019-02-15,2019-02-19,2019-02-20,2019-02-21,2019-02-22,2019-02-25,2019-02-26,2019-02-27,2019-02-28,2019-03-01,64186.0,2019-02-14,252.0,1.8114%,-0.0001,0.7814,-0.0998,0.0334,1.4307%,1.6496%,24.7801%,0.0204999999999999,CI,64186.0,2019-02-15,252.0,2.9393%,0.0,0.8044,-0.0768,0.0737,1.4346%,1.6599%,25.3035%,0.020553,CI,64186.0,2019-02-19,252.0,0.2072%,0.0001,0.8133,-0.0889,0.0593,1.4236%,1.6558%,26.0742%,0.000445,CI,64186.0,2019-02-20,252.0,-2.0980%,-0.0,0.806,-0.1092,0.0324,1.4295%,1.6601%,25.8466%,-0.022756,CI,64186.0,2019-02-21,252.0,-1.1591%,-0.0,0.8075,-0.1082,0.0351,1.4306%,1.6613%,25.8459%,-0.00871,CI,64186.0,2019-02-22,252.0,0.9903%,-0.0,0.8066,-0.106,0.0269,1.4310%,1.6621%,25.8746%,0.005666,CI,64186.0,2019-02-25,252.0,-1.1096%,-0.0001,0.8068,-0.0996,0.031,1.4332%,1.6636%,25.7838%,-0.012633,CI,64186.0,2019-02-26,252.0,-1.8109%,-0.0001,0.809,-0.0775,0.0438,1.4372%,1.6649%,25.4771%,-0.017453,CI,64186.0,2019-02-27,252.0,-3.9490%,-0.0003,0.8097,-0.0906,0.0438,1.4589%,1.6830%,24.8533%,-0.040118,CI,64186.0,2019-02-28,252.0,-3.4750%,-0.0005,0.8244,-0.0816,0.062,1.4695%,1.6967%,24.9892%,-0.032212,CI,64186.0,2019-03-01,252.0,2.1841%,-0.0004,0.8308,-0.0722,0.064,1.4730%,1.7022%,25.1164%,0.0163,CI,0.0410529999999999,0.0414979999999999,0.0187419999999999,0.0156979999999999,-0.070418
27883,CHINA JO JO DRUGSTORES INC,"China Jo-Jo Drugstores Q3 EPS $(0.06) Up From $(0.08) YoY, Sales $30.92M Up From $26.812M YoY",6,increase,0.7,0.6,"the improvement in eps and significant increase in sales year-over-year suggests positive financial performance, which is likely to boost investor confidence and increase the stock price.",2,2019-02-14,CJJD,2019-02-14 13:40:00+00:00,93347.0,G2124G11,0.0192307513207197,498955.0,0.0,-0.0588235817849636,0.0235849972814321,-0.0432900041341781,-0.0230415612459182,0.0266210604459047,0.0235849972814321,0.0274428483098745,-0.0092165805399417,-0.0090497648343443,0.0418604239821434,-0.0089686010032892,0.0669643282890319,0.0182648226618766,-0.0083682918921113,0.0428572185337543,0.1139241456985474,-0.0094339540228247,-0.0075758402235805,0.0047393320128321,0.0,-0.0093897739425301,-0.0305343233048915,0.024038553237915,-0.0157480165362358,-0.0370371118187904,0.0520000457763671,-0.0136986169964075,0.0380227752029895,0.0138888750225305,-0.0329670011997222,0.0285715162754058,-0.0075758402235805,0.0047846846282482,-0.0152671616524457,0.0048076878301799,0.0,0.0,0.0116278966888785,-0.0047846846282482,0.0,-0.0047619002871215,-0.0076628280803561,-0.0277778599411249,0.0038610002957284,-0.0181818008422851,0.0038461503572762,0.0185185000300407,0.003831414040178,0.0046511581167578,-0.0076335808262228,-0.052863385528326,0.023076994344592,0.0365296453237533,-0.003759394865483,0.0092165805399417,-0.0226415768265724,0.0046296250075101,0.0115830013528466,0.0800000429153442,0.0839694812893867,0.0,-0.0070422468706965,0.0,0.007092191837728,-0.0147783113643527,0.0,0.0049504903145134,-0.0105633707717061,-0.0941704213619232,0.0747331082820892,-0.0176211278885603,0.0662251785397529,0.0271492954343557,-0.0403727069497108,-0.0515020973980426,-0.4368931949138641,0.008658000268042,-0.0459770374000072,0.0131578827276825,-0.0421686358749866,-0.0010953153250738,0.0188679061830043,0.0055066291242837,-0.0493827424943447,0.0607476010918617,-0.0129870008677244,0.0388350300490856,-0.0789473727345466,-0.0328639298677444,-0.0214285515248775,0.0094787776470184,0.0656934529542923,0.0047619002871215,-0.0205480065196752,0.0194174572825431,-0.0979020893573761,-0.0190476011484861,0.0542636066675186,-0.0094339540228247,-0.0294117368757724,-0.1129707992076874,-0.0606060922145843,0.0669643282890319,-0.0322580337524414,0.0926829576492309,0.0333333015441894,-0.0465116910636425,0.024193525314331,0.0386474207043647,-0.0472440496087074,0.0097560882568359,0.0413222722709178,-0.0048543643206357,-0.0634920969605445,-0.0096153756603598,-0.0593219809234142,0.01960782520473,-0.0090089999139308,-0.0192307513207197,0.0,-0.0588235817849636,0.0235849972814321,-0.0995671128204835,8.761689151981501e-10,-0.0755966345033971,0.0141510446030792,-0.0588235830361083,0.2358490695264465,-0.0142179984502197,0.2358490717136234,0.0399999587908073,-0.4811320493840241,-6.014919229357929e-09,2019-02-15,2019-02-19,2019-02-20,2019-02-21,2019-02-22,2019-02-25,2019-02-26,2019-02-27,2019-02-28,2019-03-01,93347.0,2019-02-14,252.0,1.9231%,0.0024,0.1672,0.3577,0.3542,3.3169%,3.3261%,0.5512%,0.019811,CJJD,93347.0,2019-02-15,252.0,0.0000%,0.0023,0.1436,0.3357,0.3149,3.3140%,3.3214%,0.4472%,-0.0045839999999999,CJJD,93347.0,2019-02-19,252.0,2.3585%,0.0025,0.155,0.3368,0.3152,3.3127%,3.3205%,0.4703%,0.021294,CJJD,93347.0,2019-02-20,252.0,-2.3042%,0.0023,0.1447,0.3026,0.2755,3.3134%,3.3198%,0.3853%,-0.025911,CJJD,93347.0,2019-02-21,252.0,2.3585%,0.0023,0.1396,0.2972,0.266,3.3165%,3.3225%,0.3621%,0.024866,CJJD,93347.0,2019-02-22,252.0,-0.9217%,0.0023,0.1408,0.3014,0.2846,3.3169%,3.3232%,0.3795%,-0.007949,CJJD,93347.0,2019-02-25,252.0,4.1860%,0.0024,0.1439,0.2844,0.2872,3.3221%,3.3283%,0.3682%,0.042845,CJJD,93347.0,2019-02-26,252.0,6.6964%,0.0026,0.1191,0.2146,0.2332,3.3470%,3.3509%,0.2323%,0.069863,CJJD,93347.0,2019-02-27,252.0,-0.8368%,0.0026,0.1324,0.1877,0.2354,3.3422%,3.3462%,0.2369%,-0.0087029999999999,CJJD,93347.0,2019-02-28,252.0,11.3924%,0.003,0.1206,0.1833,0.2006,3.4136%,3.4168%,0.1876%,0.114786,CJJD,93347.0,2019-03-01,252.0,-0.7576%,0.0029,0.118,0.1794,0.2018,3.4143%,3.4174%,0.1799%,-0.008263,CJJD,0.015227,0.036521,0.01061,0.027527,0.238055
27891,COMERICA INC,"BMO Capital Downgrades Comerica to Market Perform, Announces $83 Target",6,decrease,0.8,0.6,"a downgrade from bmo capital typically signals reduced expectations for the company's performance, which is likely to lead to a decrease in stock price.",0,2019-02-14,CMA,2019-02-14 12:13:00+00:00,25081.0,20034010,-0.0095891738310456,1589850.0,0.0323930084705352,0.0024922748561948,0.0123885571956634,0.0144474431872367,0.009949623607099,0.0087442463263869,-0.0064545320346951,-0.0133013855665922,0.0041030389256775,0.0483668148517608,-0.0111236749216914,0.0002512772334739,-0.0086088152602314,0.0006287319702096,0.016788201406598,0.0072188409976661,-0.0080847078934311,0.0027940212748944,-0.0028699345421046,-0.0269401930272579,-0.0039143906906247,-0.0132911102846264,-0.0016181159298866,-0.0036447020247578,-0.0213011857122182,0.0029243067838251,-0.0205819476395845,0.0046516982838511,0.0080917654559016,0.0069025661796331,-0.0117407850921154,0.0119745433330535,-0.0031518307514488,-0.0125631755217909,0.0025538012851029,0.0186951756477356,0.0047307279892265,0.0200947113335132,0.0013387654908001,0.0552403591573238,0.0076577719300985,0.0012170922709628,-0.0253317058086395,0.0087300427258014,-0.0439356788992881,0.0031471773982048,-0.024466011673212,-0.0019120374927297,-0.0436571240425109,0.0124447112902998,-0.0038850947748869,0.002634166739881,0.0146259283646941,0.0088111506775021,-0.0079625789076089,0.0320438966155052,0.0116246379911899,-0.0065959147177636,0.0030095926485955,0.0152860004454851,0.0376432389020919,0.0119328992441296,0.0111724296584725,-0.0005889416206628,-0.000519965076819,0.0011792723089456,0.0074131838046014,0.0525989085435867,0.0021946574561297,-0.0169310662895441,0.0077290497720241,-0.0145799070596694,-0.0139333242550492,-0.0096755214035511,0.0042779599316418,-0.0135095184668898,0.007874023169279,-0.0204257518053054,0.0288165975362062,0.0078282579779624,-0.0171791967004537,-0.0093349693343043,0.005573178641498,-0.0315774902701377,-0.0016374512342736,0.016398012638092,-0.0127428984269499,-0.011499055661261,0.0007667419849894,-0.0249898489564657,0.0089388918131589,-0.014903562143445,-0.0224022809416055,-0.0163612570613622,0.0005178782739676,-0.042366474866867,0.0060817962512373,0.0075776516459882,0.0133762173354625,0.0024053987581282,-0.0025384512264281,-0.0121310809627175,-0.0203588064759969,0.0079414751380682,0.0155865000560879,-0.0096129421144723,-0.0006395069649443,0.0220747180283069,-0.0029433802701532,-0.0086021544411778,-0.0182262323796749,0.0021552459802478,-0.0081055713817477,-0.0220680180937051,0.0046131336130201,-0.0090908827260136,0.0065599577501416,-0.0068325717002153,-0.0430135950446128,0.0154875479638576,0.0323930084705352,0.0024922748561948,0.0451828683043755,0.0169757250428235,0.0555820444445922,0.0258684112905538,0.0530718953547051,0.0611809395396265,0.0382500241606478,0.0438705264715368,-0.1164486243181809,0.2297277320120212,-0.1152435820446838,0.0556049737249739,2019-02-15,2019-02-19,2019-02-20,2019-02-21,2019-02-22,2019-02-25,2019-02-26,2019-02-27,2019-02-28,2019-03-01,25081.0,2019-02-14,252.0,-0.9589%,0.0001,1.1897,0.3758,1.452,0.9456%,1.5232%,61.4639%,-0.000734,CMA,25081.0,2019-02-15,252.0,3.2393%,0.0001,1.1871,0.3746,1.4493,0.9451%,1.5180%,61.2361%,0.010941,CMA,25081.0,2019-02-19,252.0,1.2389%,0.0001,1.1887,0.3765,1.4513,0.9455%,1.5200%,61.3087%,0.004599,CMA,25081.0,2019-02-20,252.0,0.9950%,0.0001,1.1885,0.3774,1.4512,0.9454%,1.5213%,61.3843%,-0.001219,CMA,25081.0,2019-02-21,252.0,-0.6455%,0.0001,1.1903,0.3813,1.4544,0.9447%,1.5213%,61.4391%,0.0014449999999999,CMA,25081.0,2019-02-22,252.0,0.4103%,0.0001,1.1886,0.3697,1.4239,0.9470%,1.5194%,61.1558%,0.015549,CMA,25081.0,2019-02-25,252.0,-1.1124%,0.0001,1.1872,0.373,1.4205,0.9457%,1.5170%,61.1350%,-0.009482,CMA,25081.0,2019-02-26,252.0,-0.8609%,0.0001,1.1836,0.3763,1.4194,0.9450%,1.5121%,60.9431%,0.0002659999999999,CMA,25081.0,2019-02-27,252.0,1.6788%,0.0001,1.1842,0.3801,1.4195,0.9507%,1.5145%,60.5952%,0.016611,CMA,25081.0,2019-02-28,252.0,-0.8085%,0.0001,1.1868,0.3818,1.4217,0.9504%,1.5139%,60.5938%,-0.001041,CMA,25081.0,2019-03-01,252.0,-0.2870%,0.0001,1.1883,0.3841,1.4273,0.9509%,1.5115%,60.4246%,-0.006925,CMA,0.010207,0.014806,0.013587,0.030581,0.0300099999999999
27899,C M E GROUP INC,"CME Group Q4 EPS $1.77 Beats $1.72 Estimate, Sales $1.237B Beat $1.2B Estimate",6,increase,0.8,0.6,"the company reported better-than-expected earnings and sales, which typically leads to positive investor sentiment and an increase in stock price.",2,2019-02-14,CME,2019-02-14 12:26:00+00:00,89626.0,12572Q10,-0.0166297126561403,2897920.0,-0.0112739577889442,0.0082155102863907,-0.0062713278457522,0.0090795466676354,0.0074009941890835,-0.0049382136203348,0.0051256287842988,0.0054731210693717,0.0088956430554389,-0.0029815414454787,-0.0032011235598474,-0.0057053603231906,0.0034931269474327,-0.0152032310143113,0.0098253889009356,-0.010357660241425,0.0113977706059813,0.0063638561405241,0.0037380720023065,0.0105893649160862,-0.0125417234376072,-0.004525676369667,-0.0239045899361372,-0.0203828085213899,-0.0098869558423757,-0.0052704941481351,-0.0057388809509575,-0.0020395279861986,-0.0055652563460171,-0.0079863695427775,-0.0041971900500357,0.0079965945333242,-0.0026344233192503,0.0158098954707384,-0.0039912699721753,0.0119717437773942,-0.0074253622442483,-0.005650330800563,0.0101526258513331,0.0018135115969926,-0.0014693781267851,0.018413882702589,-0.0068279691040515,-0.010412654839456,-0.0233509298413991,0.003892115317285,-0.0027913798112422,0.007224510423839,-0.0061461357399821,-0.0224461071193218,0.0052044503390789,-0.0059319529682397,-0.0001218509642058,-0.0050356979481875,-0.0095643745735287,0.0175206214189529,0.0011071021435782,-0.021985137835145,0.0111821535974741,-0.0135019849985837,0.0119698699563741,0.010800034739077,0.0091264136135578,0.0097113344818353,0.0022014344576746,0.0205682311207056,0.0054618744179606,0.03227274492383,0.0043103196658194,-0.0330139547586441,0.013522271066904,-0.0121687399223446,-0.0094553334638476,-0.0033957036212086,-0.0040993029251694,0.0149899097159504,0.0028225081041455,-0.0150870364159345,0.0139556992799043,-0.0109251923859119,0.0027758253272622,-0.0015962703619152,0.0029988712631165,-0.0033409602474421,0.0172493103891611,-0.004960092715919,-0.0031652585603296,-0.0044129844754934,-0.0089589580893516,0.0173160471022129,5.718335523852147e-05,-0.0064014582894742,0.0081241121515631,0.004357106052339,0.010215014219284,0.0004784239863511,0.005617662332952,-0.010364064015448,-0.0082676708698272,0.0061934157274663,0.0077169779688119,0.0096200257539749,-0.0201229229569435,-0.0362605899572372,-0.0142612662166357,0.0137321930378675,0.0064236144535243,0.0116740092635154,0.0243803691118955,-0.0036840005777776,-0.0002244922070531,-0.0111886402592063,0.0006175992893986,-0.0176371186971664,0.0100437281653285,0.0,0.0162769183516502,0.021142216399312,-0.0034984115045517,0.0186110809445381,-0.0112739577889442,0.0082155102863907,-0.0174745829492828,0.01736965006307,-0.0102029180470635,0.0123456614002133,0.0037204264594332,0.014851481424523,0.0292559335988797,0.0001663173287667,-0.0682323958943231,-0.0410376448329854,0.0320891658134843,-0.0280012624135235,2019-02-15,2019-02-19,2019-02-20,2019-02-21,2019-02-22,2019-02-25,2019-02-26,2019-02-27,2019-02-28,2019-03-01,89626.0,2019-02-14,252.0,-1.6630%,0.0006,0.5989,-0.6829,0.1765,1.0094%,1.2279%,32.4243%,-0.010974,CME,89626.0,2019-02-15,252.0,-1.1274%,0.0005,0.584,-0.6982,0.1498,1.0152%,1.2279%,31.6392%,-0.017282,CME,89626.0,2019-02-19,252.0,-0.6271%,0.0004,0.5794,-0.6974,0.1511,1.0138%,1.2235%,31.3402%,-0.005906,CME,89626.0,2019-02-20,252.0,0.7401%,0.0005,0.5826,-0.6838,0.1642,1.0102%,1.2196%,31.3916%,0.006904,CME,89626.0,2019-02-21,252.0,0.5126%,0.0005,0.5836,-0.6803,0.166,1.0101%,1.2194%,31.3891%,0.0070799999999999,CME,89626.0,2019-02-22,252.0,0.8896%,0.0005,0.5819,-0.6743,0.1513,1.0121%,1.2189%,31.0503%,0.011184,CME,89626.0,2019-02-25,252.0,-0.3201%,0.0005,0.581,-0.6721,0.1493,1.0118%,1.2180%,30.9954%,-0.005655,CME,89626.0,2019-02-26,252.0,0.3493%,0.0005,0.5751,-0.6663,0.1478,1.0098%,1.2108%,30.4354%,0.000514,CME,89626.0,2019-02-27,252.0,0.9825%,0.0005,0.5721,-0.658,0.1473,1.0108%,1.2074%,29.9097%,0.0106509999999999,CME,89626.0,2019-02-28,252.0,1.1398%,0.0005,0.5716,-0.6579,0.1439,1.0138%,1.2093%,29.7106%,0.013571,CME,89626.0,2019-03-01,252.0,0.3738%,0.0005,0.572,-0.6572,0.144,1.0139%,1.2092%,29.6983%,0.002016,CME,-0.0282559999999999,-0.034162,-0.0272579999999999,-0.0089939999999999,0.012103
27907,COMTECH TELECOMMUNICATIONS CORP,Comtech Telecom Was Named Awardee On $10B US Navy SeaPort-NxG Contract,6,increase,0.8,0.7,being awarded a significant contract like the $10b us navy seaport-nxg contract is likely to positively impact comtech telecommunications corp's stock price due to increased revenue potential and investor confidence.,2,2019-02-14,CMTL,2019-02-14 14:03:00+00:00,26201.0,20582620,0.0185185819864273,156133.0,0.0092764375731349,0.0026525084394961,-0.0099264867603778,0.0248543452471494,-0.0037133449222892,0.0157790780067443,0.0119269359856843,0.0079523166641592,-0.0040515176951885,-0.0259488802403211,-0.0022189856972545,0.0011631941888481,-0.0114899734035134,0.0153543818742036,-0.0033745837863534,0.021721601486206,-0.0030097789131104,-0.0044052344746887,0.013584928587079,0.0,-0.0059568071737885,0.0,-0.0116105377674102,-0.000400329416152,-0.0049260766245424,-0.0230739209800958,-0.0959634557366371,0.0195374712347984,-0.0033698368351906,0.0040032179094851,-0.0511411279439926,-0.0142068117856979,0.0080177458003163,-0.0120857497677207,0.0172338187694549,0.0194753482937812,-0.0321459509432315,0.003189789596945,0.014811486005783,0.0056134476326406,-0.0088456766679883,0.0060265627689659,-0.0191878769546747,-0.0020048574078828,0.0104640377685427,-0.0055821128189563,0.0,0.0023980601690709,-0.046825710684061,0.0113177318125963,0.0165328476577997,0.0131040001288056,0.0013939952477812,0.0032867675181478,-0.0023201503790915,0.0167084205895662,0.0553488619625568,-0.0058139283210039,0.0233582537621259,-0.0106820138171315,0.016365248709917,0.0167084205895662,-0.0088983466848731,-0.0008346640970557,-0.0119708757847547,0.0046121049672365,-0.000865445996169,0.0374075956642627,0.003897797781974,-0.0472440719604492,0.0159619897603988,-0.0390283316373825,-0.0131634594872593,-0.0156801100820303,0.0124785248190164,-0.0169557034969329,0.0106247337535023,0.0367558933794498,0.0,-0.0234100073575973,-0.0113540980964899,-0.0115696545690298,0.0119098387658596,-0.0065134125761687,0.002532691694796,0.0279638040810823,-0.0042105424217879,-0.0124465078115463,-0.0160676185041666,-0.0959916114807128,0.0167597495019435,0.1196850761771202,-0.0008453279151581,0.0155937382951378,-0.0329948738217353,-0.0413951687514782,0.0013122825184836,0.0215348172932863,0.0567934103310108,0.0130901169031858,-0.0272839944809675,-0.0125343361869454,-0.0097748171538114,0.0130952345207333,0.0214592274278402,-0.0315142087638378,0.0214285813271999,0.010878037661314,-0.0139860203489661,0.0098077682778239,-0.0237797126173973,0.0079082185402512,-0.0076923207379877,-0.0351010374724865,0.0008613461977802,0.0019112857989966,-0.0064543727785348,-0.0117113515734672,-0.0454741977155208,0.0126243280246853,0.0092764375731349,0.0026525084394961,-0.0007421316219962,0.0275727800471718,-0.0044527207535952,0.0437869311011434,0.0033395234714679,0.0247869639270605,-0.0033395233933134,0.0596715995229242,-0.138404499294349,0.0914582379570259,-0.1787370930289445,0.0163004643401585,2019-02-15,2019-02-19,2019-02-20,2019-02-21,2019-02-22,2019-02-25,2019-02-26,2019-02-27,2019-02-28,2019-03-01,26201.0,2019-02-14,252.0,1.8519%,0.001,0.8242,0.7236,0.1415,2.4738%,2.6444%,12.4827%,0.017315,CMTL,26201.0,2019-02-15,252.0,0.9276%,0.0011,0.8368,0.7345,0.1614,2.4713%,2.6448%,12.6898%,-0.002625,CMTL,26201.0,2019-02-19,252.0,-0.9926%,0.001,0.8322,0.7272,0.1535,2.4730%,2.6445%,12.5533%,-0.014231,CMTL,26201.0,2019-02-20,252.0,-0.3713%,0.001,0.8304,0.7265,0.1481,2.4731%,2.6445%,12.5425%,-0.007839,CMTL,26201.0,2019-02-21,252.0,1.1927%,0.001,0.8297,0.7284,0.1467,2.4744%,2.6454%,12.5073%,0.015749,CMTL,26201.0,2019-02-22,252.0,-0.4052%,0.0007,0.8349,0.6379,0.1258,2.4414%,2.6116%,12.6113%,-0.011394,CMTL,26201.0,2019-02-25,252.0,-0.2219%,0.0008,0.8315,0.6357,0.112,2.4344%,2.6050%,12.6690%,-0.001686,CMTL,26201.0,2019-02-26,252.0,-1.1490%,0.0008,0.8446,0.6322,0.12,2.4316%,2.6055%,12.9035%,-0.005822,CMTL,26201.0,2019-02-27,252.0,-0.3375%,0.0008,0.8383,0.6416,0.1189,2.4303%,2.6026%,12.8026%,-0.005292,CMTL,26201.0,2019-02-28,252.0,-0.3010%,0.0008,0.8373,0.6409,0.1185,2.4303%,2.6012%,12.7124%,-0.000342,CMTL,26201.0,2019-03-01,252.0,1.3585%,0.0008,0.8296,0.6294,0.1041,2.4288%,2.5968%,12.5252%,0.006082,CMTL,0.01469,0.0004589999999999,-0.00738,-0.003025,-0.010085
27915,CENTENE CORP DEL,"JANA 13F Shows New Stake In Centene, Worldpay",6,increase,0.7,0.6,"the news of jana's new stake in centene suggests institutional interest, which often positively influences stock prices.",2,2019-02-14,CNC,2019-02-14 14:38:00+00:00,89269.0,15135B10,0.0042392914183437,1796274.0,0.0157911535352468,0.010150664485991,-0.008619325235486,0.0177562292665243,0.013507142663002,-0.0151033503934741,-0.0271139778196811,-0.0158034469932317,0.007872836664319,0.0131578631699085,0.0001561397657496,-0.0102769089862704,-0.0035925607662647,-0.0192352086305618,-0.029785256832838,-0.0137349944561719,-0.0161576997488737,0.0092669939622282,0.0073903887532651,0.0039213420823216,-0.0453211404383182,0.0169676914811134,-0.0081967134028673,-0.0082972031086683,-0.0206611696630716,-0.0003100254689343,-0.0079114055261015,0.0179120693355798,0.0023037581704556,0.0094790700823068,0.0157354902476072,-7.966655539348722e-05,0.0144473109394311,-0.0084504792466759,0.0291695408523082,0.0107767712324857,-0.0100033087655901,-0.0094101093709468,-0.0038733503315597,0.0107096889987587,0.0035502803511917,0.0264151040464639,0.0102762905880808,0.0160026513040065,-0.0215107705444097,0.0131734944880008,0.0039195558056235,0.0016069932607933,-0.0300458408892154,0.0185217224061489,-0.0015750814927741,0.0137991430237889,-0.0385626778006553,0.0085440082475543,-0.049772098660469,0.0328420735895633,0.0134305600076913,-0.0272566527128219,0.0053009991534054,-0.019947987049818,0.0199623610824346,0.0221631191670894,-0.008678013458848,-0.0084388107061386,-0.0059601361863315,-0.0140405194833874,0.0035600983537733,0.0576588250696659,0.0425690561532974,-0.0303973481059074,0.0143266338855028,-0.0271508805453777,0.0218926854431629,-0.027497449889779,-0.0101935062557458,-0.009742678143084,-0.0377029106020927,-0.0109537299722433,-0.0400871187448501,-0.0479102991521358,0.0056689921766519,-0.0401896312832832,-0.0591883026063442,-0.0105741173028945,-0.0611144676804542,0.0109914280474185,0.0253138151019811,0.0027932589873671,-0.0024896042887121,-0.0057048080489039,0.0463810190558433,-0.0163910314440727,-0.0021864562295377,-0.0474046319723129,0.0005975852254778,-0.0316693410277366,0.0477802418172359,0.0321968495845794,-0.0070302630774676,0.0021840042900294,-0.0133945075795054,0.0076672001741826,-0.0354926660656929,0.0350503660738468,0.0380052179098129,-0.0170458704233169,0.018791189417243,0.016594422981143,0.0656018406152725,0.0199206452816724,-0.003390478901565,0.0246316082775592,0.0137869380414485,-0.0079926000908017,-0.0332037657499313,-0.0340441539883613,0.0056630899198353,0.000956832896918,-0.0027247541584074,-0.0023497121874243,0.0157911535352468,0.010150664485991,0.007035719211597,0.0280871312783361,0.020637894337727,0.0125595710996178,0.0007817871797699,0.009670208652911,-0.0409630859192703,-0.0206058782355639,-0.1697936325979783,0.104770111907553,-0.1416509965559761,-0.0646890753344295,2019-02-15,2019-02-19,2019-02-20,2019-02-21,2019-02-22,2019-02-25,2019-02-26,2019-02-27,2019-02-28,2019-03-01,89269.0,2019-02-14,252.0,0.4239%,0.0006,0.943,0.2218,-0.2609,1.3361%,1.7268%,40.1349%,0.003477,CNC,89269.0,2019-02-15,252.0,1.5791%,0.0007,0.9654,0.2425,-0.2238,1.3284%,1.7283%,40.9184%,0.005733,CNC,89269.0,2019-02-19,252.0,-0.8619%,0.0008,0.9746,0.2193,-0.2508,1.3097%,1.7226%,42.1873%,-0.010585,CNC,89269.0,2019-02-20,252.0,1.3507%,0.0009,0.9776,0.2245,-0.2407,1.3116%,1.7242%,42.1282%,0.012452,CNC,89269.0,2019-02-21,252.0,-2.7114%,0.0007,0.9854,0.235,-0.2261,1.3204%,1.7334%,41.9741%,-0.023993,CNC,89269.0,2019-02-22,252.0,0.7873%,0.0007,0.9861,0.232,-0.2209,1.3206%,1.7339%,41.9893%,-0.0032479999999999,CNC,89269.0,2019-02-25,252.0,0.0156%,0.0008,0.985,0.232,-0.2248,1.3194%,1.7331%,42.0410%,-0.001217,CNC,89269.0,2019-02-26,252.0,-0.3593%,0.0008,0.989,0.2311,-0.2223,1.3190%,1.7325%,42.0412%,-0.001374,CNC,89269.0,2019-02-27,252.0,-2.9785%,0.0006,0.9832,0.2319,-0.2233,1.3326%,1.7382%,41.2303%,-0.031481,CNC,89269.0,2019-02-28,252.0,-1.6158%,0.0005,0.9911,0.2368,-0.2142,1.3344%,1.7414%,41.2845%,-0.013814,CNC,89269.0,2019-03-01,252.0,0.7390%,0.0005,0.9916,0.2376,-0.2126,1.3344%,1.7407%,41.2361%,-0.001379,CNC,0.00921,-0.001375,0.011077,-0.016164,-0.065429
27923,COPA HOLDINGS SA,"Copa Holdings Late Wednesday Reported January ASMs Up 7.5% YoY, RPMs Up 6.2% YoY, Load Factor Down 1 point",6,uncertain,0.6,0.2,"while the increase in asms and rpms suggests growth, the decrease in load factor may raise concerns about efficiency and profitability, leading to uncertainty in stock price movement.",1,2019-02-14,CPA,2019-02-14 14:18:00+00:00,91065.0,P3107610,-0.0055930642411112,992736.0,-0.0307757761329412,0.012501398101449,-0.0067885988391935,-0.021741421893239,-0.0089295292273163,-0.0057160989381372,-0.0063403747044503,-0.0064022629521787,-0.0005597565323114,-0.0071765896864235,0.0144489351660013,-0.0116526652127504,-0.0104890903457999,0.019314220175147,-0.0139477960765361,0.0180862378329038,0.005129924044013,0.0026357406750321,-0.0205284971743822,0.0051928558386862,-0.0151690309867262,-0.0269155465066433,-0.0052910591475665,-0.0247410144656896,0.0017730677500367,0.0191677194088697,-0.0224188975989818,0.0192226953804493,-0.0006034450489096,0.0531411804258823,0.0137681076303124,0.0286328513175249,-0.0090541113168001,-0.0403996631503105,0.0123827699571847,0.0385743081569671,-0.002731216372922,0.0211933199316263,-0.00535847293213,0.0279422290623188,-0.0106548471376299,-0.019616974517703,-0.005203295033425,-0.0095424437895417,-0.0038924668915569,0.0028825087938457,0.0085480147972702,-0.0086866440251469,-0.0439520217478275,0.034894686192274,-0.0094984807074069,0.014520569704473,0.0158547237515449,0.0057936436496675,-0.0015103224432095,0.0470112636685371,-0.0079415710642933,-0.0262122172862291,0.0242694243788719,0.032397449016571,0.0333705805242061,0.0301007106900215,-0.003001200268045,-0.0050781168974936,0.0079469718039035,-0.0020789506379514,0.0133795570582151,0.051078911870718,0.0137922689318656,-0.0005460130050778,-0.0205813571810722,-0.0336366631090641,-0.0294432304799556,-0.0127621218562126,0.0248317886143922,-0.0105656450614333,0.0082358848303556,0.0334221348166465,-0.020599003881216,-0.0352003835141658,-0.02405421808362,0.0056846872903406,-0.0122615545988082,-0.0318948775529861,0.0095298076048493,0.0040185824036598,0.0124208172783255,0.0268213301897049,-0.0320206172764301,-0.0209568999707698,0.0160962808877229,-0.0442808680236339,-0.0068603646941483,-0.0092050721868872,-0.020472303032875,-0.0457449443638324,0.0210283305495977,0.0309303179383277,0.0011302771745249,0.0243343766778707,0.0444054305553436,0.0043104109354317,-0.0208984557539224,0.0276854932308197,0.0147203709930181,-0.0267066266387701,0.0336073338985443,0.0187896657735109,-0.0285380408167839,0.0587778724730014,-0.011557899415493,0.0232650637626647,-0.0088915433734655,-0.0034251366741955,0.1963868141174316,0.0124033112078905,-0.0319465920329093,-0.106103889644146,-0.0284380335360765,0.0303401723504066,-0.0307757761329412,0.012501398101449,-0.0373554505740034,-0.0095118219621689,-0.0459514132136197,-0.0151735503848885,-0.0525310876871403,-0.0285011143747695,-0.0767280056199287,0.0042391010763915,-0.1382010714906759,0.2039131485248351,-0.0211350077436244,0.1761840916785515,2019-02-15,2019-02-19,2019-02-20,2019-02-21,2019-02-22,2019-02-25,2019-02-26,2019-02-27,2019-02-28,2019-03-01,91065.0,2019-02-14,252.0,-0.5593%,-0.0009,1.1004,0.8165,0.5002,2.1307%,2.4220%,22.6079%,-0.004753,CPA,91065.0,2019-02-15,252.0,-3.0776%,-0.0011,1.0716,0.7856,0.4468,2.1506%,2.4265%,21.4455%,-0.047753,CPA,91065.0,2019-02-19,252.0,-0.6789%,-0.0011,1.0711,0.7761,0.4362,2.1515%,2.4267%,21.3921%,-0.012544,CPA,91065.0,2019-02-20,252.0,-0.8930%,-0.0012,1.0675,0.7694,0.4237,2.1533%,2.4272%,21.2996%,-0.0151709999999999,CPA,91065.0,2019-02-21,252.0,-0.6340%,-0.0013,1.0741,0.7828,0.4357,2.1501%,2.4269%,21.5101%,-0.000978,CPA,91065.0,2019-02-22,252.0,-0.0560%,-0.0013,1.075,0.7739,0.4386,2.1500%,2.4264%,21.4848%,-0.005542,CPA,91065.0,2019-02-25,252.0,1.4449%,-0.0014,1.0791,0.7697,0.4518,2.1405%,2.4185%,21.6657%,0.015538,CPA,91065.0,2019-02-26,252.0,-1.0489%,-0.0014,1.0748,0.7754,0.4514,2.1400%,2.4157%,21.5254%,-0.002445,CPA,91065.0,2019-02-27,252.0,-1.3948%,-0.0014,1.0792,0.7633,0.4521,2.1409%,2.4170%,21.5398%,-0.015947,CPA,91065.0,2019-02-28,252.0,0.5130%,-0.0014,1.0765,0.7618,0.4476,2.1420%,2.4153%,21.3501%,0.009353,CPA,91065.0,2019-03-01,252.0,-2.0528%,-0.0015,1.0788,0.7652,0.4638,2.1472%,2.4182%,21.1559%,-0.028788,CPA,-0.052506,-0.06505,-0.080221,-0.086741,-0.10903
27931,CORMEDIX INC,CorMedix 8-K Shows 'Cleared to Request Approval under LPAD; FDA to Review LOCK-IT-100 Clinical Data',6,increase,0.8,0.7,"the news indicates that cormedix has received clearance to request approval under the lpad, which is a positive development likely to boost investor confidence and potentially increase the stock price.",2,2019-02-14,CRMD,2019-02-14 14:19:00+00:00,93371.0,21900C30,-0.2793522477149963,13954157.0,-0.0505617521703243,-0.0679245516657829,0.1242603063583374,0.2441314309835434,-0.0210526119917631,0.0812183171510696,-0.0268817581236362,0.0368421338498592,0.0497237779200077,-0.0256410613656044,-0.0052631529979407,-0.0201004836708307,-0.0423280671238899,0.0050505003891885,-0.0165745709091424,0.0,-0.0786516815423965,-0.0149253588169813,0.0365854054689407,0.0691489353775978,-0.0470588468015193,0.0561797879636287,0.0061728334985673,0.0289017055183649,0.0858895629644393,0.0116958953440189,0.0621469020843505,-0.0172413624823093,-0.0531915016472339,0.0057803411036729,0.0168539173901081,-0.0698924735188484,0.03314920514822,0.0877192839980125,-0.0106951771304011,-0.0999999716877937,-0.0270270649343729,-0.0155440270900726,0.0111111672595143,0.0211640018969774,-0.076923131942749,0.1595091968774796,-0.0595237538218498,-0.0060975551605224,-0.0316456146538257,-0.0120481811463832,0.0915032625198364,-0.0404624566435813,-0.0119760371744632,-0.0057471208274364,0.0060606002807617,0.0116278957575559,-0.0819277614355087,0.0177514608949422,0.2165355086326599,0.2158273905515671,-0.0226537249982357,0.0,0.0430462881922721,0.0775194019079208,0.064550332725048,0.0157480165362358,0.05069575086236,-0.0305343233048915,-0.0160832628607749,-0.0075758402235805,-0.0548076666891574,0.031250063329935,0.0122075164690613,0.122807003557682,-0.0150753390043973,-0.088000014424324,-0.0428571514785289,-0.0530303418636322,0.0309168398380279,0.0393701344728469,-0.0310238040983676,0.0,-0.018143018707633,-0.0928571373224258,-0.0728260949254036,-0.0410959310829639,0.0011723597999662,-0.0266666412353515,-0.0105386599898338,-0.0625000149011612,-0.0189348943531513,-0.0419161282479763,0.0591073296964168,0.030864167958498,-0.0341685861349105,-0.0181818008422851,-0.0589622110128402,0.2222221791744232,0.0062656281515955,0.0150375794619321,-0.0049813156947493,0.0075757498852908,-0.0037546600215137,-0.0769230052828788,0.0175879821181297,0.0671641156077385,-0.0222222581505775,0.1166666522622108,0.0,-0.0769230052828788,0.003787845140323,-0.0298508051782846,-0.0264151003211736,0.1260503977537155,-0.0271317269653081,0.0347826816141605,-0.0146082509309053,-0.0416667237877845,0.0080862455070018,0.2197601646184921,-0.0160427652299404,0.0577356927096843,-0.0339673906564712,-0.176902636885643,-0.0505617521703243,-0.0679245516657829,0.0674157353733142,0.1596243613206773,0.0449438460625972,0.2538071004745268,0.067415736752586,0.2666666489606184,-0.0449437797185644,0.3138298061595006,0.0617976846282144,0.9147287501777324,-0.2011236170782548,1.1858407137364062,2019-02-15,2019-02-19,2019-02-20,2019-02-21,2019-02-22,2019-02-25,2019-02-26,2019-02-27,2019-02-28,2019-03-01,93371.0,2019-02-14,252.0,-27.9352%,0.009,1.3473,0.1304,0.8133,9.0526%,9.1465%,2.0426%,-0.274484,CRMD,93371.0,2019-02-15,252.0,-5.0562%,0.0084,1.2543,0.0382,0.6509,9.0604%,9.1423%,1.7843%,-0.070116,CRMD,93371.0,2019-02-19,252.0,12.4260%,0.009,1.2809,0.101,0.7194,9.0870%,9.1714%,1.8313%,0.1197139999999999,CRMD,93371.0,2019-02-20,252.0,-2.1053%,0.0088,1.2707,0.0785,0.6832,9.0900%,9.1733%,1.8096%,-0.0277649999999999,CRMD,93371.0,2019-02-21,252.0,-2.6882%,0.0099,1.1613,-0.1509,0.4829,8.8611%,8.9348%,1.6417%,-0.020654,CRMD,93371.0,2019-02-22,252.0,4.9724%,0.0106,1.1488,0.033,0.5012,8.8268%,8.8982%,1.5986%,0.0500049999999999,CRMD,93371.0,2019-02-25,252.0,-0.5263%,0.0109,1.1383,0.0308,0.4611,8.8088%,8.8795%,1.5870%,-0.006098,CRMD,93371.0,2019-02-26,252.0,-4.2328%,0.0107,1.15,0.0885,0.4992,8.8143%,8.8854%,1.5943%,-0.038888,CRMD,93371.0,2019-02-27,252.0,-1.6575%,0.0109,1.1858,0.0167,0.505,8.8008%,8.8762%,1.6924%,-0.017279,CRMD,93371.0,2019-02-28,252.0,-7.8652%,0.0106,1.1962,0.021,0.5324,8.8166%,8.8924%,1.6992%,-0.0738159999999999,CRMD,93371.0,2019-03-01,252.0,3.6585%,0.0107,1.1926,0.0157,0.5178,8.8170%,8.8922%,1.6841%,0.029951,CRMD,-0.3446,-0.224886,-0.252651,-0.2233,-0.32943
27939,CORMEDIX INC,Cormedix shares are trading lower after the FDA requested additional data from the company's LOCK-IT-100 study to support Cormedix's new drug application.,6,decrease,0.8,0.7,"the fda's request for additional data typically indicates regulatory concerns, which can negatively impact investor sentiment and lead to a decline in stock price.",0,2019-02-14,CRMD,2019-02-14 13:56:00+00:00,93371.0,21900C30,-0.2793522477149963,13954157.0,-0.0505617521703243,-0.0679245516657829,0.1242603063583374,0.2441314309835434,-0.0210526119917631,0.0812183171510696,-0.0268817581236362,0.0368421338498592,0.0497237779200077,-0.0256410613656044,-0.0052631529979407,-0.0201004836708307,-0.0423280671238899,0.0050505003891885,-0.0165745709091424,0.0,-0.0786516815423965,-0.0149253588169813,0.0365854054689407,0.0691489353775978,-0.0470588468015193,0.0561797879636287,0.0061728334985673,0.0289017055183649,0.0858895629644393,0.0116958953440189,0.0621469020843505,-0.0172413624823093,-0.0531915016472339,0.0057803411036729,0.0168539173901081,-0.0698924735188484,0.03314920514822,0.0877192839980125,-0.0106951771304011,-0.0999999716877937,-0.0270270649343729,-0.0155440270900726,0.0111111672595143,0.0211640018969774,-0.076923131942749,0.1595091968774796,-0.0595237538218498,-0.0060975551605224,-0.0316456146538257,-0.0120481811463832,0.0915032625198364,-0.0404624566435813,-0.0119760371744632,-0.0057471208274364,0.0060606002807617,0.0116278957575559,-0.0819277614355087,0.0177514608949422,0.2165355086326599,0.2158273905515671,-0.0226537249982357,0.0,0.0430462881922721,0.0775194019079208,0.064550332725048,0.0157480165362358,0.05069575086236,-0.0305343233048915,-0.0160832628607749,-0.0075758402235805,-0.0548076666891574,0.031250063329935,0.0122075164690613,0.122807003557682,-0.0150753390043973,-0.088000014424324,-0.0428571514785289,-0.0530303418636322,0.0309168398380279,0.0393701344728469,-0.0310238040983676,0.0,-0.018143018707633,-0.0928571373224258,-0.0728260949254036,-0.0410959310829639,0.0011723597999662,-0.0266666412353515,-0.0105386599898338,-0.0625000149011612,-0.0189348943531513,-0.0419161282479763,0.0591073296964168,0.030864167958498,-0.0341685861349105,-0.0181818008422851,-0.0589622110128402,0.2222221791744232,0.0062656281515955,0.0150375794619321,-0.0049813156947493,0.0075757498852908,-0.0037546600215137,-0.0769230052828788,0.0175879821181297,0.0671641156077385,-0.0222222581505775,0.1166666522622108,0.0,-0.0769230052828788,0.003787845140323,-0.0298508051782846,-0.0264151003211736,0.1260503977537155,-0.0271317269653081,0.0347826816141605,-0.0146082509309053,-0.0416667237877845,0.0080862455070018,0.2197601646184921,-0.0160427652299404,0.0577356927096843,-0.0339673906564712,-0.176902636885643,-0.0505617521703243,-0.0679245516657829,0.0674157353733142,0.1596243613206773,0.0449438460625972,0.2538071004745268,0.067415736752586,0.2666666489606184,-0.0449437797185644,0.3138298061595006,0.0617976846282144,0.9147287501777324,-0.2011236170782548,1.1858407137364062,2019-02-15,2019-02-19,2019-02-20,2019-02-21,2019-02-22,2019-02-25,2019-02-26,2019-02-27,2019-02-28,2019-03-01,93371.0,2019-02-14,252.0,-27.9352%,0.009,1.3473,0.1304,0.8133,9.0526%,9.1465%,2.0426%,-0.274484,CRMD,93371.0,2019-02-15,252.0,-5.0562%,0.0084,1.2543,0.0382,0.6509,9.0604%,9.1423%,1.7843%,-0.070116,CRMD,93371.0,2019-02-19,252.0,12.4260%,0.009,1.2809,0.101,0.7194,9.0870%,9.1714%,1.8313%,0.1197139999999999,CRMD,93371.0,2019-02-20,252.0,-2.1053%,0.0088,1.2707,0.0785,0.6832,9.0900%,9.1733%,1.8096%,-0.0277649999999999,CRMD,93371.0,2019-02-21,252.0,-2.6882%,0.0099,1.1613,-0.1509,0.4829,8.8611%,8.9348%,1.6417%,-0.020654,CRMD,93371.0,2019-02-22,252.0,4.9724%,0.0106,1.1488,0.033,0.5012,8.8268%,8.8982%,1.5986%,0.0500049999999999,CRMD,93371.0,2019-02-25,252.0,-0.5263%,0.0109,1.1383,0.0308,0.4611,8.8088%,8.8795%,1.5870%,-0.006098,CRMD,93371.0,2019-02-26,252.0,-4.2328%,0.0107,1.15,0.0885,0.4992,8.8143%,8.8854%,1.5943%,-0.038888,CRMD,93371.0,2019-02-27,252.0,-1.6575%,0.0109,1.1858,0.0167,0.505,8.8008%,8.8762%,1.6924%,-0.017279,CRMD,93371.0,2019-02-28,252.0,-7.8652%,0.0106,1.1962,0.021,0.5324,8.8166%,8.8924%,1.6992%,-0.0738159999999999,CRMD,93371.0,2019-03-01,252.0,3.6585%,0.0107,1.1926,0.0157,0.5178,8.8170%,8.8922%,1.6841%,0.029951,CRMD,-0.3446,-0.224886,-0.252651,-0.2233,-0.32943
27947,CISCO SYSTEMS INC,Analysts Say Cisco Has Limited Upside Following Earnings Beat,6,decrease,0.7,0.6,"analysts indicating limited upside following an earnings beat suggests that the stock may not sustain its current price levels, leading to a potential decrease in investor sentiment.",0,2019-02-14,CSCO,2019-02-14 16:38:00+00:00,76076.0,17275R10,0.0189474001526832,47584331.0,0.0212809666991233,-0.008143650367856,0.0044507631100714,0.0065152910538017,-0.0004028289404232,0.0082645313814282,-0.0044328272342681,0.0104924598708748,0.0141671877354383,-0.016427943482995,0.0135701512917876,0.0046551255509257,0.0076786647550761,-0.0019007424125447,0.0080109387636184,0.0002112023939844,0.0034890542738139,0.0010572897735983,-0.0069538461975753,0.0124170808121562,-0.004862867295742,0.0163185372948646,0.002736500930041,0.0045901439152657,0.0072124549187719,-0.0082376124337315,-0.0073543111793696,0.011401018127799,-0.0042893588542938,0.003299637697637,0.0166437923908233,0.0151853580027818,0.0044299568980932,-0.0055518546141684,0.0084371734410524,0.0185478329658508,0.0028522822540253,0.0056869881227612,0.0087220147252082,-0.0013630479807034,0.0058270217850804,0.0187456924468278,-0.0037375623360276,-0.0064383209683001,-0.0009379675611853,0.0057816836051642,0.0127675617113709,-0.0018466763431206,-0.0222468841820955,-0.0055096801370382,-0.0001896499015856,0.0081000300124287,0.009482268244028,0.0067567783407866,-0.001690778764896,0.045045007020235,0.0041400305926799,-0.0360885001718998,0.0118066165596246,-0.0087699294090271,0.0183366890996694,0.0130933215841651,0.0056384392082691,-0.0032626285683363,0.0061493967659771,0.0103602213785052,-0.0025166580453515,0.0543694756925106,0.0012694903416559,-0.037514928728342,0.0050715920515358,-0.0150624420493841,-0.0055866166949272,-0.0150671703740954,0.0115983942523598,-0.0208806619048118,-0.0039412616752088,-0.0031674068886786,0.0124101163819432,-0.0353557169437408,0.0047965971753001,-0.0347588248550891,0.0068953214213252,0.0010544718243181,-0.0112379174679517,0.0070078149437904,0.0015982978511601,0.0049082273617386,-0.0010638540843501,0.0090439710766077,0.0062122554518282,-0.0402975976467132,0.0033516043331474,0.0219641178846359,-0.0096694659441709,-0.0285187344998121,-0.0079886512830853,0.0181742794811725,0.0044738724827766,0.0111955804750323,-0.0032068465370684,0.0010572897735983,-0.0066130282357335,0.0253686476498842,-0.0115149905905127,0.0120693268254399,0.0,0.0231252536177635,-0.0063705584034323,-0.0077968030236661,-0.0208829343318939,0.0089907329529523,0.000374190043658,-0.0275409463793039,-0.0102861989289522,-0.0129449516534805,0.0083144828677177,-0.0089801577851176,-0.038605723530054,0.0550417006015777,0.0212809666991233,-0.008143650367856,0.0258264463507258,-0.0016814175664412,0.0254132137702842,0.0065692176867437,0.035330558992658,0.0004212407199271,0.0621900461193838,0.016912887800681,0.1154958677594886,0.1050464645202837,0.0666451088097899,0.0801187362083966,2019-02-15,2019-02-19,2019-02-20,2019-02-21,2019-02-22,2019-02-25,2019-02-26,2019-02-27,2019-02-28,2019-03-01,76076.0,2019-02-14,252.0,1.8947%,0.0005,1.1837,-0.5271,-0.378,0.8693%,1.6210%,71.2406%,0.022018,CSCO,76076.0,2019-02-15,252.0,2.1281%,0.0005,1.186,-0.5239,-0.3727,0.8711%,1.6211%,71.1284%,0.010938,CSCO,76076.0,2019-02-19,252.0,0.4451%,0.0004,1.1777,-0.5083,-0.3545,0.8515%,1.5945%,71.4862%,0.004735,CSCO,76076.0,2019-02-20,252.0,-0.0403%,0.0004,1.177,-0.5131,-0.3578,0.8502%,1.5942%,71.5583%,0.000328,CSCO,76076.0,2019-02-21,252.0,-0.4433%,0.0004,1.1767,-0.5141,-0.3584,0.8502%,1.5940%,71.5508%,-0.00136,CSCO,76076.0,2019-02-22,252.0,1.4167%,0.0004,1.1758,-0.503,-0.3592,0.8491%,1.5923%,71.5608%,0.003978,CSCO,76076.0,2019-02-25,252.0,1.3570%,0.0005,1.1745,-0.5089,-0.3669,0.8486%,1.5932%,71.6293%,0.009752,CSCO,76076.0,2019-02-26,252.0,0.7679%,0.0005,1.1714,-0.5121,-0.3708,0.8488%,1.5867%,71.3836%,0.00499,CSCO,76076.0,2019-02-27,252.0,0.8011%,0.0005,1.1652,-0.499,-0.3719,0.8450%,1.5759%,71.2487%,0.007385,CSCO,76076.0,2019-02-28,252.0,0.3489%,0.0005,1.1673,-0.4974,-0.3716,0.8449%,1.5752%,71.2325%,0.0061709999999999,CSCO,76076.0,2019-03-01,252.0,-0.6954%,0.0004,1.166,-0.4993,-0.3663,0.8505%,1.5754%,70.8527%,-0.015493,CSCO,0.032956,0.037691,0.038019,0.040637,0.0534419999999999
27955,CISCO SYSTEMS INC,"UPDATE: Credit Suisse Reiterates Neutral On Cisco As Firm Believes 'the company is fairly valued at current levels of ~16x our FY19 EPS estimate of $3.08, at a premium compared to direct networking peers'",6,uncertain,0.6,0.2,"while credit suisse's reiteration of a neutral stance suggests stability, the assessment of cisco being fairly valued indicates that there may not be significant upward momentum in the stock price.",1,2019-02-14,CSCO,2019-02-14 16:15:00+00:00,76076.0,17275R10,0.0189474001526832,47584331.0,0.0212809666991233,-0.008143650367856,0.0044507631100714,0.0065152910538017,-0.0004028289404232,0.0082645313814282,-0.0044328272342681,0.0104924598708748,0.0141671877354383,-0.016427943482995,0.0135701512917876,0.0046551255509257,0.0076786647550761,-0.0019007424125447,0.0080109387636184,0.0002112023939844,0.0034890542738139,0.0010572897735983,-0.0069538461975753,0.0124170808121562,-0.004862867295742,0.0163185372948646,0.002736500930041,0.0045901439152657,0.0072124549187719,-0.0082376124337315,-0.0073543111793696,0.011401018127799,-0.0042893588542938,0.003299637697637,0.0166437923908233,0.0151853580027818,0.0044299568980932,-0.0055518546141684,0.0084371734410524,0.0185478329658508,0.0028522822540253,0.0056869881227612,0.0087220147252082,-0.0013630479807034,0.0058270217850804,0.0187456924468278,-0.0037375623360276,-0.0064383209683001,-0.0009379675611853,0.0057816836051642,0.0127675617113709,-0.0018466763431206,-0.0222468841820955,-0.0055096801370382,-0.0001896499015856,0.0081000300124287,0.009482268244028,0.0067567783407866,-0.001690778764896,0.045045007020235,0.0041400305926799,-0.0360885001718998,0.0118066165596246,-0.0087699294090271,0.0183366890996694,0.0130933215841651,0.0056384392082691,-0.0032626285683363,0.0061493967659771,0.0103602213785052,-0.0025166580453515,0.0543694756925106,0.0012694903416559,-0.037514928728342,0.0050715920515358,-0.0150624420493841,-0.0055866166949272,-0.0150671703740954,0.0115983942523598,-0.0208806619048118,-0.0039412616752088,-0.0031674068886786,0.0124101163819432,-0.0353557169437408,0.0047965971753001,-0.0347588248550891,0.0068953214213252,0.0010544718243181,-0.0112379174679517,0.0070078149437904,0.0015982978511601,0.0049082273617386,-0.0010638540843501,0.0090439710766077,0.0062122554518282,-0.0402975976467132,0.0033516043331474,0.0219641178846359,-0.0096694659441709,-0.0285187344998121,-0.0079886512830853,0.0181742794811725,0.0044738724827766,0.0111955804750323,-0.0032068465370684,0.0010572897735983,-0.0066130282357335,0.0253686476498842,-0.0115149905905127,0.0120693268254399,0.0,0.0231252536177635,-0.0063705584034323,-0.0077968030236661,-0.0208829343318939,0.0089907329529523,0.000374190043658,-0.0275409463793039,-0.0102861989289522,-0.0129449516534805,0.0083144828677177,-0.0089801577851176,-0.038605723530054,0.0550417006015777,0.0212809666991233,-0.008143650367856,0.0258264463507258,-0.0016814175664412,0.0254132137702842,0.0065692176867437,0.035330558992658,0.0004212407199271,0.0621900461193838,0.016912887800681,0.1154958677594886,0.1050464645202837,0.0666451088097899,0.0801187362083966,2019-02-15,2019-02-19,2019-02-20,2019-02-21,2019-02-22,2019-02-25,2019-02-26,2019-02-27,2019-02-28,2019-03-01,76076.0,2019-02-14,252.0,1.8947%,0.0005,1.1837,-0.5271,-0.378,0.8693%,1.6210%,71.2406%,0.022018,CSCO,76076.0,2019-02-15,252.0,2.1281%,0.0005,1.186,-0.5239,-0.3727,0.8711%,1.6211%,71.1284%,0.010938,CSCO,76076.0,2019-02-19,252.0,0.4451%,0.0004,1.1777,-0.5083,-0.3545,0.8515%,1.5945%,71.4862%,0.004735,CSCO,76076.0,2019-02-20,252.0,-0.0403%,0.0004,1.177,-0.5131,-0.3578,0.8502%,1.5942%,71.5583%,0.000328,CSCO,76076.0,2019-02-21,252.0,-0.4433%,0.0004,1.1767,-0.5141,-0.3584,0.8502%,1.5940%,71.5508%,-0.00136,CSCO,76076.0,2019-02-22,252.0,1.4167%,0.0004,1.1758,-0.503,-0.3592,0.8491%,1.5923%,71.5608%,0.003978,CSCO,76076.0,2019-02-25,252.0,1.3570%,0.0005,1.1745,-0.5089,-0.3669,0.8486%,1.5932%,71.6293%,0.009752,CSCO,76076.0,2019-02-26,252.0,0.7679%,0.0005,1.1714,-0.5121,-0.3708,0.8488%,1.5867%,71.3836%,0.00499,CSCO,76076.0,2019-02-27,252.0,0.8011%,0.0005,1.1652,-0.499,-0.3719,0.8450%,1.5759%,71.2487%,0.007385,CSCO,76076.0,2019-02-28,252.0,0.3489%,0.0005,1.1673,-0.4974,-0.3716,0.8449%,1.5752%,71.2325%,0.0061709999999999,CSCO,76076.0,2019-03-01,252.0,-0.6954%,0.0004,1.166,-0.4993,-0.3663,0.8505%,1.5754%,70.8527%,-0.015493,CSCO,0.032956,0.037691,0.038019,0.040637,0.0534419999999999
27963,CISCO SYSTEMS INC,"Credit Suisse Earlier Reiterated Neutral on Cisco Systems, Raised Price Target to $47",6,increase,0.7,0.6,"the reiteration of a neutral rating combined with a raised price target typically suggests a positive outlook, which may lead to an increase in stock price.",2,2019-02-14,CSCO,2019-02-14 16:12:00+00:00,76076.0,17275R10,0.0189474001526832,47584331.0,0.0212809666991233,-0.008143650367856,0.0044507631100714,0.0065152910538017,-0.0004028289404232,0.0082645313814282,-0.0044328272342681,0.0104924598708748,0.0141671877354383,-0.016427943482995,0.0135701512917876,0.0046551255509257,0.0076786647550761,-0.0019007424125447,0.0080109387636184,0.0002112023939844,0.0034890542738139,0.0010572897735983,-0.0069538461975753,0.0124170808121562,-0.004862867295742,0.0163185372948646,0.002736500930041,0.0045901439152657,0.0072124549187719,-0.0082376124337315,-0.0073543111793696,0.011401018127799,-0.0042893588542938,0.003299637697637,0.0166437923908233,0.0151853580027818,0.0044299568980932,-0.0055518546141684,0.0084371734410524,0.0185478329658508,0.0028522822540253,0.0056869881227612,0.0087220147252082,-0.0013630479807034,0.0058270217850804,0.0187456924468278,-0.0037375623360276,-0.0064383209683001,-0.0009379675611853,0.0057816836051642,0.0127675617113709,-0.0018466763431206,-0.0222468841820955,-0.0055096801370382,-0.0001896499015856,0.0081000300124287,0.009482268244028,0.0067567783407866,-0.001690778764896,0.045045007020235,0.0041400305926799,-0.0360885001718998,0.0118066165596246,-0.0087699294090271,0.0183366890996694,0.0130933215841651,0.0056384392082691,-0.0032626285683363,0.0061493967659771,0.0103602213785052,-0.0025166580453515,0.0543694756925106,0.0012694903416559,-0.037514928728342,0.0050715920515358,-0.0150624420493841,-0.0055866166949272,-0.0150671703740954,0.0115983942523598,-0.0208806619048118,-0.0039412616752088,-0.0031674068886786,0.0124101163819432,-0.0353557169437408,0.0047965971753001,-0.0347588248550891,0.0068953214213252,0.0010544718243181,-0.0112379174679517,0.0070078149437904,0.0015982978511601,0.0049082273617386,-0.0010638540843501,0.0090439710766077,0.0062122554518282,-0.0402975976467132,0.0033516043331474,0.0219641178846359,-0.0096694659441709,-0.0285187344998121,-0.0079886512830853,0.0181742794811725,0.0044738724827766,0.0111955804750323,-0.0032068465370684,0.0010572897735983,-0.0066130282357335,0.0253686476498842,-0.0115149905905127,0.0120693268254399,0.0,0.0231252536177635,-0.0063705584034323,-0.0077968030236661,-0.0208829343318939,0.0089907329529523,0.000374190043658,-0.0275409463793039,-0.0102861989289522,-0.0129449516534805,0.0083144828677177,-0.0089801577851176,-0.038605723530054,0.0550417006015777,0.0212809666991233,-0.008143650367856,0.0258264463507258,-0.0016814175664412,0.0254132137702842,0.0065692176867437,0.035330558992658,0.0004212407199271,0.0621900461193838,0.016912887800681,0.1154958677594886,0.1050464645202837,0.0666451088097899,0.0801187362083966,2019-02-15,2019-02-19,2019-02-20,2019-02-21,2019-02-22,2019-02-25,2019-02-26,2019-02-27,2019-02-28,2019-03-01,76076.0,2019-02-14,252.0,1.8947%,0.0005,1.1837,-0.5271,-0.378,0.8693%,1.6210%,71.2406%,0.022018,CSCO,76076.0,2019-02-15,252.0,2.1281%,0.0005,1.186,-0.5239,-0.3727,0.8711%,1.6211%,71.1284%,0.010938,CSCO,76076.0,2019-02-19,252.0,0.4451%,0.0004,1.1777,-0.5083,-0.3545,0.8515%,1.5945%,71.4862%,0.004735,CSCO,76076.0,2019-02-20,252.0,-0.0403%,0.0004,1.177,-0.5131,-0.3578,0.8502%,1.5942%,71.5583%,0.000328,CSCO,76076.0,2019-02-21,252.0,-0.4433%,0.0004,1.1767,-0.5141,-0.3584,0.8502%,1.5940%,71.5508%,-0.00136,CSCO,76076.0,2019-02-22,252.0,1.4167%,0.0004,1.1758,-0.503,-0.3592,0.8491%,1.5923%,71.5608%,0.003978,CSCO,76076.0,2019-02-25,252.0,1.3570%,0.0005,1.1745,-0.5089,-0.3669,0.8486%,1.5932%,71.6293%,0.009752,CSCO,76076.0,2019-02-26,252.0,0.7679%,0.0005,1.1714,-0.5121,-0.3708,0.8488%,1.5867%,71.3836%,0.00499,CSCO,76076.0,2019-02-27,252.0,0.8011%,0.0005,1.1652,-0.499,-0.3719,0.8450%,1.5759%,71.2487%,0.007385,CSCO,76076.0,2019-02-28,252.0,0.3489%,0.0005,1.1673,-0.4974,-0.3716,0.8449%,1.5752%,71.2325%,0.0061709999999999,CSCO,76076.0,2019-03-01,252.0,-0.6954%,0.0004,1.166,-0.4993,-0.3663,0.8505%,1.5754%,70.8527%,-0.015493,CSCO,0.032956,0.037691,0.038019,0.040637,0.0534419999999999
27971,CISCO SYSTEMS INC,UPDATE: Citi Encourages 'investors to Buy Cisco stock as the company has transitioned to a higher profitable model with strong cash flows and returning cash to shareholders all evidenced by this quarter's better than expected results and outlook',6,increase,0.8,0.7,"the positive recommendation from citi, highlighting cisco's transition to a more profitable model and strong cash flows, is likely to boost investor confidence and demand for the stock.",2,2019-02-14,CSCO,2019-02-14 15:25:00+00:00,76076.0,17275R10,0.0189474001526832,47584331.0,0.0212809666991233,-0.008143650367856,0.0044507631100714,0.0065152910538017,-0.0004028289404232,0.0082645313814282,-0.0044328272342681,0.0104924598708748,0.0141671877354383,-0.016427943482995,0.0135701512917876,0.0046551255509257,0.0076786647550761,-0.0019007424125447,0.0080109387636184,0.0002112023939844,0.0034890542738139,0.0010572897735983,-0.0069538461975753,0.0124170808121562,-0.004862867295742,0.0163185372948646,0.002736500930041,0.0045901439152657,0.0072124549187719,-0.0082376124337315,-0.0073543111793696,0.011401018127799,-0.0042893588542938,0.003299637697637,0.0166437923908233,0.0151853580027818,0.0044299568980932,-0.0055518546141684,0.0084371734410524,0.0185478329658508,0.0028522822540253,0.0056869881227612,0.0087220147252082,-0.0013630479807034,0.0058270217850804,0.0187456924468278,-0.0037375623360276,-0.0064383209683001,-0.0009379675611853,0.0057816836051642,0.0127675617113709,-0.0018466763431206,-0.0222468841820955,-0.0055096801370382,-0.0001896499015856,0.0081000300124287,0.009482268244028,0.0067567783407866,-0.001690778764896,0.045045007020235,0.0041400305926799,-0.0360885001718998,0.0118066165596246,-0.0087699294090271,0.0183366890996694,0.0130933215841651,0.0056384392082691,-0.0032626285683363,0.0061493967659771,0.0103602213785052,-0.0025166580453515,0.0543694756925106,0.0012694903416559,-0.037514928728342,0.0050715920515358,-0.0150624420493841,-0.0055866166949272,-0.0150671703740954,0.0115983942523598,-0.0208806619048118,-0.0039412616752088,-0.0031674068886786,0.0124101163819432,-0.0353557169437408,0.0047965971753001,-0.0347588248550891,0.0068953214213252,0.0010544718243181,-0.0112379174679517,0.0070078149437904,0.0015982978511601,0.0049082273617386,-0.0010638540843501,0.0090439710766077,0.0062122554518282,-0.0402975976467132,0.0033516043331474,0.0219641178846359,-0.0096694659441709,-0.0285187344998121,-0.0079886512830853,0.0181742794811725,0.0044738724827766,0.0111955804750323,-0.0032068465370684,0.0010572897735983,-0.0066130282357335,0.0253686476498842,-0.0115149905905127,0.0120693268254399,0.0,0.0231252536177635,-0.0063705584034323,-0.0077968030236661,-0.0208829343318939,0.0089907329529523,0.000374190043658,-0.0275409463793039,-0.0102861989289522,-0.0129449516534805,0.0083144828677177,-0.0089801577851176,-0.038605723530054,0.0550417006015777,0.0212809666991233,-0.008143650367856,0.0258264463507258,-0.0016814175664412,0.0254132137702842,0.0065692176867437,0.035330558992658,0.0004212407199271,0.0621900461193838,0.016912887800681,0.1154958677594886,0.1050464645202837,0.0666451088097899,0.0801187362083966,2019-02-15,2019-02-19,2019-02-20,2019-02-21,2019-02-22,2019-02-25,2019-02-26,2019-02-27,2019-02-28,2019-03-01,76076.0,2019-02-14,252.0,1.8947%,0.0005,1.1837,-0.5271,-0.378,0.8693%,1.6210%,71.2406%,0.022018,CSCO,76076.0,2019-02-15,252.0,2.1281%,0.0005,1.186,-0.5239,-0.3727,0.8711%,1.6211%,71.1284%,0.010938,CSCO,76076.0,2019-02-19,252.0,0.4451%,0.0004,1.1777,-0.5083,-0.3545,0.8515%,1.5945%,71.4862%,0.004735,CSCO,76076.0,2019-02-20,252.0,-0.0403%,0.0004,1.177,-0.5131,-0.3578,0.8502%,1.5942%,71.5583%,0.000328,CSCO,76076.0,2019-02-21,252.0,-0.4433%,0.0004,1.1767,-0.5141,-0.3584,0.8502%,1.5940%,71.5508%,-0.00136,CSCO,76076.0,2019-02-22,252.0,1.4167%,0.0004,1.1758,-0.503,-0.3592,0.8491%,1.5923%,71.5608%,0.003978,CSCO,76076.0,2019-02-25,252.0,1.3570%,0.0005,1.1745,-0.5089,-0.3669,0.8486%,1.5932%,71.6293%,0.009752,CSCO,76076.0,2019-02-26,252.0,0.7679%,0.0005,1.1714,-0.5121,-0.3708,0.8488%,1.5867%,71.3836%,0.00499,CSCO,76076.0,2019-02-27,252.0,0.8011%,0.0005,1.1652,-0.499,-0.3719,0.8450%,1.5759%,71.2487%,0.007385,CSCO,76076.0,2019-02-28,252.0,0.3489%,0.0005,1.1673,-0.4974,-0.3716,0.8449%,1.5752%,71.2325%,0.0061709999999999,CSCO,76076.0,2019-03-01,252.0,-0.6954%,0.0004,1.166,-0.4993,-0.3663,0.8505%,1.5754%,70.8527%,-0.015493,CSCO,0.032956,0.037691,0.038019,0.040637,0.0534419999999999
27979,CISCO SYSTEMS INC,"KeyBanc Maintains Overweight on Cisco Systems, Raises Price Target to $55",6,increase,0.8,0.6,maintaining an overweight rating and raising the price target typically signals positive sentiment and potential for stock price appreciation.,2,2019-02-14,CSCO,2019-02-14 14:19:00+00:00,76076.0,17275R10,0.0189474001526832,47584331.0,0.0212809666991233,-0.008143650367856,0.0044507631100714,0.0065152910538017,-0.0004028289404232,0.0082645313814282,-0.0044328272342681,0.0104924598708748,0.0141671877354383,-0.016427943482995,0.0135701512917876,0.0046551255509257,0.0076786647550761,-0.0019007424125447,0.0080109387636184,0.0002112023939844,0.0034890542738139,0.0010572897735983,-0.0069538461975753,0.0124170808121562,-0.004862867295742,0.0163185372948646,0.002736500930041,0.0045901439152657,0.0072124549187719,-0.0082376124337315,-0.0073543111793696,0.011401018127799,-0.0042893588542938,0.003299637697637,0.0166437923908233,0.0151853580027818,0.0044299568980932,-0.0055518546141684,0.0084371734410524,0.0185478329658508,0.0028522822540253,0.0056869881227612,0.0087220147252082,-0.0013630479807034,0.0058270217850804,0.0187456924468278,-0.0037375623360276,-0.0064383209683001,-0.0009379675611853,0.0057816836051642,0.0127675617113709,-0.0018466763431206,-0.0222468841820955,-0.0055096801370382,-0.0001896499015856,0.0081000300124287,0.009482268244028,0.0067567783407866,-0.001690778764896,0.045045007020235,0.0041400305926799,-0.0360885001718998,0.0118066165596246,-0.0087699294090271,0.0183366890996694,0.0130933215841651,0.0056384392082691,-0.0032626285683363,0.0061493967659771,0.0103602213785052,-0.0025166580453515,0.0543694756925106,0.0012694903416559,-0.037514928728342,0.0050715920515358,-0.0150624420493841,-0.0055866166949272,-0.0150671703740954,0.0115983942523598,-0.0208806619048118,-0.0039412616752088,-0.0031674068886786,0.0124101163819432,-0.0353557169437408,0.0047965971753001,-0.0347588248550891,0.0068953214213252,0.0010544718243181,-0.0112379174679517,0.0070078149437904,0.0015982978511601,0.0049082273617386,-0.0010638540843501,0.0090439710766077,0.0062122554518282,-0.0402975976467132,0.0033516043331474,0.0219641178846359,-0.0096694659441709,-0.0285187344998121,-0.0079886512830853,0.0181742794811725,0.0044738724827766,0.0111955804750323,-0.0032068465370684,0.0010572897735983,-0.0066130282357335,0.0253686476498842,-0.0115149905905127,0.0120693268254399,0.0,0.0231252536177635,-0.0063705584034323,-0.0077968030236661,-0.0208829343318939,0.0089907329529523,0.000374190043658,-0.0275409463793039,-0.0102861989289522,-0.0129449516534805,0.0083144828677177,-0.0089801577851176,-0.038605723530054,0.0550417006015777,0.0212809666991233,-0.008143650367856,0.0258264463507258,-0.0016814175664412,0.0254132137702842,0.0065692176867437,0.035330558992658,0.0004212407199271,0.0621900461193838,0.016912887800681,0.1154958677594886,0.1050464645202837,0.0666451088097899,0.0801187362083966,2019-02-15,2019-02-19,2019-02-20,2019-02-21,2019-02-22,2019-02-25,2019-02-26,2019-02-27,2019-02-28,2019-03-01,76076.0,2019-02-14,252.0,1.8947%,0.0005,1.1837,-0.5271,-0.378,0.8693%,1.6210%,71.2406%,0.022018,CSCO,76076.0,2019-02-15,252.0,2.1281%,0.0005,1.186,-0.5239,-0.3727,0.8711%,1.6211%,71.1284%,0.010938,CSCO,76076.0,2019-02-19,252.0,0.4451%,0.0004,1.1777,-0.5083,-0.3545,0.8515%,1.5945%,71.4862%,0.004735,CSCO,76076.0,2019-02-20,252.0,-0.0403%,0.0004,1.177,-0.5131,-0.3578,0.8502%,1.5942%,71.5583%,0.000328,CSCO,76076.0,2019-02-21,252.0,-0.4433%,0.0004,1.1767,-0.5141,-0.3584,0.8502%,1.5940%,71.5508%,-0.00136,CSCO,76076.0,2019-02-22,252.0,1.4167%,0.0004,1.1758,-0.503,-0.3592,0.8491%,1.5923%,71.5608%,0.003978,CSCO,76076.0,2019-02-25,252.0,1.3570%,0.0005,1.1745,-0.5089,-0.3669,0.8486%,1.5932%,71.6293%,0.009752,CSCO,76076.0,2019-02-26,252.0,0.7679%,0.0005,1.1714,-0.5121,-0.3708,0.8488%,1.5867%,71.3836%,0.00499,CSCO,76076.0,2019-02-27,252.0,0.8011%,0.0005,1.1652,-0.499,-0.3719,0.8450%,1.5759%,71.2487%,0.007385,CSCO,76076.0,2019-02-28,252.0,0.3489%,0.0005,1.1673,-0.4974,-0.3716,0.8449%,1.5752%,71.2325%,0.0061709999999999,CSCO,76076.0,2019-03-01,252.0,-0.6954%,0.0004,1.166,-0.4993,-0.3663,0.8505%,1.5754%,70.8527%,-0.015493,CSCO,0.032956,0.037691,0.038019,0.040637,0.0534419999999999
27987,CISCO SYSTEMS INC,"Citigroup Maintains Buy on Cisco Systems, Raises Price Target to $56",6,increase,0.8,0.6,maintaining a 'buy' rating and raising the price target typically signals positive sentiment and potential for stock price appreciation.,2,2019-02-14,CSCO,2019-02-14 14:10:00+00:00,76076.0,17275R10,0.0189474001526832,47584331.0,0.0212809666991233,-0.008143650367856,0.0044507631100714,0.0065152910538017,-0.0004028289404232,0.0082645313814282,-0.0044328272342681,0.0104924598708748,0.0141671877354383,-0.016427943482995,0.0135701512917876,0.0046551255509257,0.0076786647550761,-0.0019007424125447,0.0080109387636184,0.0002112023939844,0.0034890542738139,0.0010572897735983,-0.0069538461975753,0.0124170808121562,-0.004862867295742,0.0163185372948646,0.002736500930041,0.0045901439152657,0.0072124549187719,-0.0082376124337315,-0.0073543111793696,0.011401018127799,-0.0042893588542938,0.003299637697637,0.0166437923908233,0.0151853580027818,0.0044299568980932,-0.0055518546141684,0.0084371734410524,0.0185478329658508,0.0028522822540253,0.0056869881227612,0.0087220147252082,-0.0013630479807034,0.0058270217850804,0.0187456924468278,-0.0037375623360276,-0.0064383209683001,-0.0009379675611853,0.0057816836051642,0.0127675617113709,-0.0018466763431206,-0.0222468841820955,-0.0055096801370382,-0.0001896499015856,0.0081000300124287,0.009482268244028,0.0067567783407866,-0.001690778764896,0.045045007020235,0.0041400305926799,-0.0360885001718998,0.0118066165596246,-0.0087699294090271,0.0183366890996694,0.0130933215841651,0.0056384392082691,-0.0032626285683363,0.0061493967659771,0.0103602213785052,-0.0025166580453515,0.0543694756925106,0.0012694903416559,-0.037514928728342,0.0050715920515358,-0.0150624420493841,-0.0055866166949272,-0.0150671703740954,0.0115983942523598,-0.0208806619048118,-0.0039412616752088,-0.0031674068886786,0.0124101163819432,-0.0353557169437408,0.0047965971753001,-0.0347588248550891,0.0068953214213252,0.0010544718243181,-0.0112379174679517,0.0070078149437904,0.0015982978511601,0.0049082273617386,-0.0010638540843501,0.0090439710766077,0.0062122554518282,-0.0402975976467132,0.0033516043331474,0.0219641178846359,-0.0096694659441709,-0.0285187344998121,-0.0079886512830853,0.0181742794811725,0.0044738724827766,0.0111955804750323,-0.0032068465370684,0.0010572897735983,-0.0066130282357335,0.0253686476498842,-0.0115149905905127,0.0120693268254399,0.0,0.0231252536177635,-0.0063705584034323,-0.0077968030236661,-0.0208829343318939,0.0089907329529523,0.000374190043658,-0.0275409463793039,-0.0102861989289522,-0.0129449516534805,0.0083144828677177,-0.0089801577851176,-0.038605723530054,0.0550417006015777,0.0212809666991233,-0.008143650367856,0.0258264463507258,-0.0016814175664412,0.0254132137702842,0.0065692176867437,0.035330558992658,0.0004212407199271,0.0621900461193838,0.016912887800681,0.1154958677594886,0.1050464645202837,0.0666451088097899,0.0801187362083966,2019-02-15,2019-02-19,2019-02-20,2019-02-21,2019-02-22,2019-02-25,2019-02-26,2019-02-27,2019-02-28,2019-03-01,76076.0,2019-02-14,252.0,1.8947%,0.0005,1.1837,-0.5271,-0.378,0.8693%,1.6210%,71.2406%,0.022018,CSCO,76076.0,2019-02-15,252.0,2.1281%,0.0005,1.186,-0.5239,-0.3727,0.8711%,1.6211%,71.1284%,0.010938,CSCO,76076.0,2019-02-19,252.0,0.4451%,0.0004,1.1777,-0.5083,-0.3545,0.8515%,1.5945%,71.4862%,0.004735,CSCO,76076.0,2019-02-20,252.0,-0.0403%,0.0004,1.177,-0.5131,-0.3578,0.8502%,1.5942%,71.5583%,0.000328,CSCO,76076.0,2019-02-21,252.0,-0.4433%,0.0004,1.1767,-0.5141,-0.3584,0.8502%,1.5940%,71.5508%,-0.00136,CSCO,76076.0,2019-02-22,252.0,1.4167%,0.0004,1.1758,-0.503,-0.3592,0.8491%,1.5923%,71.5608%,0.003978,CSCO,76076.0,2019-02-25,252.0,1.3570%,0.0005,1.1745,-0.5089,-0.3669,0.8486%,1.5932%,71.6293%,0.009752,CSCO,76076.0,2019-02-26,252.0,0.7679%,0.0005,1.1714,-0.5121,-0.3708,0.8488%,1.5867%,71.3836%,0.00499,CSCO,76076.0,2019-02-27,252.0,0.8011%,0.0005,1.1652,-0.499,-0.3719,0.8450%,1.5759%,71.2487%,0.007385,CSCO,76076.0,2019-02-28,252.0,0.3489%,0.0005,1.1673,-0.4974,-0.3716,0.8449%,1.5752%,71.2325%,0.0061709999999999,CSCO,76076.0,2019-03-01,252.0,-0.6954%,0.0004,1.166,-0.4993,-0.3663,0.8505%,1.5754%,70.8527%,-0.015493,CSCO,0.032956,0.037691,0.038019,0.040637,0.0534419999999999
27995,CISCO SYSTEMS INC,"Wells Fargo Maintains Outperform on Cisco Systems, Raises Price Target to $57",6,increase,0.8,0.6,wells fargo's decision to maintain an 'outperform' rating and raise the price target typically signals positive sentiment and potential for stock price appreciation.,2,2019-02-14,CSCO,2019-02-14 13:46:00+00:00,76076.0,17275R10,0.0189474001526832,47584331.0,0.0212809666991233,-0.008143650367856,0.0044507631100714,0.0065152910538017,-0.0004028289404232,0.0082645313814282,-0.0044328272342681,0.0104924598708748,0.0141671877354383,-0.016427943482995,0.0135701512917876,0.0046551255509257,0.0076786647550761,-0.0019007424125447,0.0080109387636184,0.0002112023939844,0.0034890542738139,0.0010572897735983,-0.0069538461975753,0.0124170808121562,-0.004862867295742,0.0163185372948646,0.002736500930041,0.0045901439152657,0.0072124549187719,-0.0082376124337315,-0.0073543111793696,0.011401018127799,-0.0042893588542938,0.003299637697637,0.0166437923908233,0.0151853580027818,0.0044299568980932,-0.0055518546141684,0.0084371734410524,0.0185478329658508,0.0028522822540253,0.0056869881227612,0.0087220147252082,-0.0013630479807034,0.0058270217850804,0.0187456924468278,-0.0037375623360276,-0.0064383209683001,-0.0009379675611853,0.0057816836051642,0.0127675617113709,-0.0018466763431206,-0.0222468841820955,-0.0055096801370382,-0.0001896499015856,0.0081000300124287,0.009482268244028,0.0067567783407866,-0.001690778764896,0.045045007020235,0.0041400305926799,-0.0360885001718998,0.0118066165596246,-0.0087699294090271,0.0183366890996694,0.0130933215841651,0.0056384392082691,-0.0032626285683363,0.0061493967659771,0.0103602213785052,-0.0025166580453515,0.0543694756925106,0.0012694903416559,-0.037514928728342,0.0050715920515358,-0.0150624420493841,-0.0055866166949272,-0.0150671703740954,0.0115983942523598,-0.0208806619048118,-0.0039412616752088,-0.0031674068886786,0.0124101163819432,-0.0353557169437408,0.0047965971753001,-0.0347588248550891,0.0068953214213252,0.0010544718243181,-0.0112379174679517,0.0070078149437904,0.0015982978511601,0.0049082273617386,-0.0010638540843501,0.0090439710766077,0.0062122554518282,-0.0402975976467132,0.0033516043331474,0.0219641178846359,-0.0096694659441709,-0.0285187344998121,-0.0079886512830853,0.0181742794811725,0.0044738724827766,0.0111955804750323,-0.0032068465370684,0.0010572897735983,-0.0066130282357335,0.0253686476498842,-0.0115149905905127,0.0120693268254399,0.0,0.0231252536177635,-0.0063705584034323,-0.0077968030236661,-0.0208829343318939,0.0089907329529523,0.000374190043658,-0.0275409463793039,-0.0102861989289522,-0.0129449516534805,0.0083144828677177,-0.0089801577851176,-0.038605723530054,0.0550417006015777,0.0212809666991233,-0.008143650367856,0.0258264463507258,-0.0016814175664412,0.0254132137702842,0.0065692176867437,0.035330558992658,0.0004212407199271,0.0621900461193838,0.016912887800681,0.1154958677594886,0.1050464645202837,0.0666451088097899,0.0801187362083966,2019-02-15,2019-02-19,2019-02-20,2019-02-21,2019-02-22,2019-02-25,2019-02-26,2019-02-27,2019-02-28,2019-03-01,76076.0,2019-02-14,252.0,1.8947%,0.0005,1.1837,-0.5271,-0.378,0.8693%,1.6210%,71.2406%,0.022018,CSCO,76076.0,2019-02-15,252.0,2.1281%,0.0005,1.186,-0.5239,-0.3727,0.8711%,1.6211%,71.1284%,0.010938,CSCO,76076.0,2019-02-19,252.0,0.4451%,0.0004,1.1777,-0.5083,-0.3545,0.8515%,1.5945%,71.4862%,0.004735,CSCO,76076.0,2019-02-20,252.0,-0.0403%,0.0004,1.177,-0.5131,-0.3578,0.8502%,1.5942%,71.5583%,0.000328,CSCO,76076.0,2019-02-21,252.0,-0.4433%,0.0004,1.1767,-0.5141,-0.3584,0.8502%,1.5940%,71.5508%,-0.00136,CSCO,76076.0,2019-02-22,252.0,1.4167%,0.0004,1.1758,-0.503,-0.3592,0.8491%,1.5923%,71.5608%,0.003978,CSCO,76076.0,2019-02-25,252.0,1.3570%,0.0005,1.1745,-0.5089,-0.3669,0.8486%,1.5932%,71.6293%,0.009752,CSCO,76076.0,2019-02-26,252.0,0.7679%,0.0005,1.1714,-0.5121,-0.3708,0.8488%,1.5867%,71.3836%,0.00499,CSCO,76076.0,2019-02-27,252.0,0.8011%,0.0005,1.1652,-0.499,-0.3719,0.8450%,1.5759%,71.2487%,0.007385,CSCO,76076.0,2019-02-28,252.0,0.3489%,0.0005,1.1673,-0.4974,-0.3716,0.8449%,1.5752%,71.2325%,0.0061709999999999,CSCO,76076.0,2019-03-01,252.0,-0.6954%,0.0004,1.166,-0.4993,-0.3663,0.8505%,1.5754%,70.8527%,-0.015493,CSCO,0.032956,0.037691,0.038019,0.040637,0.0534419999999999
28003,CISCO SYSTEMS INC,"Cisco Systems shares are trading higher after the company announced mixed earnings, better than expected Q3 EPS guidance, increased its buyback by $15B and raised its quarterly dividend.",6,increase,0.8,0.7,"the combination of better-than-expected earnings guidance, a significant increase in share buyback, and a raised dividend typically signals positive sentiment and financial health, likely leading to an increase in stock price.",2,2019-02-14,CSCO,2019-02-14 13:19:00+00:00,76076.0,17275R10,0.0189474001526832,47584331.0,0.0212809666991233,-0.008143650367856,0.0044507631100714,0.0065152910538017,-0.0004028289404232,0.0082645313814282,-0.0044328272342681,0.0104924598708748,0.0141671877354383,-0.016427943482995,0.0135701512917876,0.0046551255509257,0.0076786647550761,-0.0019007424125447,0.0080109387636184,0.0002112023939844,0.0034890542738139,0.0010572897735983,-0.0069538461975753,0.0124170808121562,-0.004862867295742,0.0163185372948646,0.002736500930041,0.0045901439152657,0.0072124549187719,-0.0082376124337315,-0.0073543111793696,0.011401018127799,-0.0042893588542938,0.003299637697637,0.0166437923908233,0.0151853580027818,0.0044299568980932,-0.0055518546141684,0.0084371734410524,0.0185478329658508,0.0028522822540253,0.0056869881227612,0.0087220147252082,-0.0013630479807034,0.0058270217850804,0.0187456924468278,-0.0037375623360276,-0.0064383209683001,-0.0009379675611853,0.0057816836051642,0.0127675617113709,-0.0018466763431206,-0.0222468841820955,-0.0055096801370382,-0.0001896499015856,0.0081000300124287,0.009482268244028,0.0067567783407866,-0.001690778764896,0.045045007020235,0.0041400305926799,-0.0360885001718998,0.0118066165596246,-0.0087699294090271,0.0183366890996694,0.0130933215841651,0.0056384392082691,-0.0032626285683363,0.0061493967659771,0.0103602213785052,-0.0025166580453515,0.0543694756925106,0.0012694903416559,-0.037514928728342,0.0050715920515358,-0.0150624420493841,-0.0055866166949272,-0.0150671703740954,0.0115983942523598,-0.0208806619048118,-0.0039412616752088,-0.0031674068886786,0.0124101163819432,-0.0353557169437408,0.0047965971753001,-0.0347588248550891,0.0068953214213252,0.0010544718243181,-0.0112379174679517,0.0070078149437904,0.0015982978511601,0.0049082273617386,-0.0010638540843501,0.0090439710766077,0.0062122554518282,-0.0402975976467132,0.0033516043331474,0.0219641178846359,-0.0096694659441709,-0.0285187344998121,-0.0079886512830853,0.0181742794811725,0.0044738724827766,0.0111955804750323,-0.0032068465370684,0.0010572897735983,-0.0066130282357335,0.0253686476498842,-0.0115149905905127,0.0120693268254399,0.0,0.0231252536177635,-0.0063705584034323,-0.0077968030236661,-0.0208829343318939,0.0089907329529523,0.000374190043658,-0.0275409463793039,-0.0102861989289522,-0.0129449516534805,0.0083144828677177,-0.0089801577851176,-0.038605723530054,0.0550417006015777,0.0212809666991233,-0.008143650367856,0.0258264463507258,-0.0016814175664412,0.0254132137702842,0.0065692176867437,0.035330558992658,0.0004212407199271,0.0621900461193838,0.016912887800681,0.1154958677594886,0.1050464645202837,0.0666451088097899,0.0801187362083966,2019-02-15,2019-02-19,2019-02-20,2019-02-21,2019-02-22,2019-02-25,2019-02-26,2019-02-27,2019-02-28,2019-03-01,76076.0,2019-02-14,252.0,1.8947%,0.0005,1.1837,-0.5271,-0.378,0.8693%,1.6210%,71.2406%,0.022018,CSCO,76076.0,2019-02-15,252.0,2.1281%,0.0005,1.186,-0.5239,-0.3727,0.8711%,1.6211%,71.1284%,0.010938,CSCO,76076.0,2019-02-19,252.0,0.4451%,0.0004,1.1777,-0.5083,-0.3545,0.8515%,1.5945%,71.4862%,0.004735,CSCO,76076.0,2019-02-20,252.0,-0.0403%,0.0004,1.177,-0.5131,-0.3578,0.8502%,1.5942%,71.5583%,0.000328,CSCO,76076.0,2019-02-21,252.0,-0.4433%,0.0004,1.1767,-0.5141,-0.3584,0.8502%,1.5940%,71.5508%,-0.00136,CSCO,76076.0,2019-02-22,252.0,1.4167%,0.0004,1.1758,-0.503,-0.3592,0.8491%,1.5923%,71.5608%,0.003978,CSCO,76076.0,2019-02-25,252.0,1.3570%,0.0005,1.1745,-0.5089,-0.3669,0.8486%,1.5932%,71.6293%,0.009752,CSCO,76076.0,2019-02-26,252.0,0.7679%,0.0005,1.1714,-0.5121,-0.3708,0.8488%,1.5867%,71.3836%,0.00499,CSCO,76076.0,2019-02-27,252.0,0.8011%,0.0005,1.1652,-0.499,-0.3719,0.8450%,1.5759%,71.2487%,0.007385,CSCO,76076.0,2019-02-28,252.0,0.3489%,0.0005,1.1673,-0.4974,-0.3716,0.8449%,1.5752%,71.2325%,0.0061709999999999,CSCO,76076.0,2019-03-01,252.0,-0.6954%,0.0004,1.166,-0.4993,-0.3663,0.8505%,1.5754%,70.8527%,-0.015493,CSCO,0.032956,0.037691,0.038019,0.040637,0.0534419999999999
28011,COSTAR GROUP INC,"CoStar Group Reports Expanded Deal With Oxford Economics, No Terms Disclosed",6,uncertain,0.6,0.3,"the news about an expanded deal with oxford economics could be seen as a positive development for costar group, but the lack of disclosed terms makes it difficult to assess the potential financial impact on the stock price.",1,2019-02-14,CSGP,2019-02-14 14:05:00+00:00,86288.0,22160N10,0.0020395296160131,145185.0,0.0079699838533997,0.0041454420424997,-0.0030411405023187,0.0202658176422119,-0.0004392422270029,-0.0156125789508223,-0.0127441436052322,0.0134873669594526,0.0183985419571399,0.0052769691683351,-0.0013598114019259,-0.011555079370737,-0.0115012666210532,0.0055460534058511,0.1175804659724236,0.0125013049691915,0.0070433653891086,0.0072170943021774,0.0422923229634761,0.0175255332142114,-0.0227730572223663,0.0107122370973229,-0.0045491508208215,-0.0065109701827168,-0.0114248497411608,-0.0041145207360386,-0.0036197199951857,0.0236991215497255,0.0066529707983136,0.0097714746370911,0.0119570409879088,-0.0144323948770761,8.588559285271913e-05,-0.0083399461582303,0.0067236744798719,0.0227364785969257,-0.0063586481846868,0.0118982661515474,0.0074301357381045,0.0136616136878728,-0.0021316052880138,0.0107679450884461,-0.0024779520463198,-0.0022267035674303,-0.0043899775482714,-0.0009732665494084,0.0188634358346462,0.0177156720310449,-0.0181764774024486,0.0244397204369306,0.0020642082672566,0.0089803058654069,-0.0045060641132295,0.0095980633050203,-0.009139091707766,0.0346186347305774,0.004872721619904,-0.0222275406122207,0.0096982531249523,-0.007766630500555,0.028000509366393,0.0004448349354788,-0.0015433818334713,-0.0028095231391489,0.0105276526883244,0.0033828327432274,-0.0126090496778488,0.0515804886817932,0.0131887840107083,0.0002496537636034,-0.0082235028967261,-0.023350017145276,-0.0096666971221566,-0.0253142565488815,0.0069632031954824,-0.0007125389529392,0.0060792886652052,-0.0237391367554664,0.0120437275618314,-0.034911073744297,0.0033033471554517,-0.0206831973046064,-0.0101638101041317,-0.0168336573988199,-0.0070657883770763,0.0251538921147584,0.0023304100614041,-0.0024788440205156,0.011168323457241,-0.0103039350360631,0.0163826327770948,-0.0228798110038042,-0.0418316088616848,0.0262970719486475,0.0247275568544864,-0.0395147651433944,0.0041760927997529,0.0310782101005315,0.0023968673776835,-0.0028074886649847,0.0142039898782968,-0.0123183447867631,-0.0005037783412262,0.0425874292850494,0.0111894914880394,-0.035498809069395,-0.0053633786737918,0.0453781113028526,0.0147536704316735,-0.0061838473193347,-0.021551901474595,-0.0061458423733711,0.0029476317577064,0.0317918397486209,-0.0040662460960447,-0.0350065119564533,0.0069327796809375,0.0188155025243759,-0.019350403919816,0.0287752896547317,0.0079699838533997,0.0041454420424997,0.0049046055103816,0.0244952704571912,0.0044632089735316,0.0085002571624341,0.0099073239211278,0.027495872376267,0.1694541306083947,0.0597380336158406,0.1438030651578008,0.2063497261169915,0.1980479868464151,0.1757143430491674,2019-02-15,2019-02-19,2019-02-20,2019-02-21,2019-02-22,2019-02-25,2019-02-26,2019-02-27,2019-02-28,2019-03-01,86288.0,2019-02-14,252.0,0.2040%,0.0003,0.8319,0.3315,-0.6485,1.1790%,1.6440%,48.5713%,-0.001834,CSGP,86288.0,2019-02-15,252.0,0.7970%,0.0003,0.8348,0.3342,-0.6437,1.1788%,1.6441%,48.5884%,0.000753,CSGP,86288.0,2019-02-19,252.0,-0.3041%,0.0003,0.8362,0.3285,-0.6502,1.1782%,1.6438%,48.6253%,-0.003765,CSGP,86288.0,2019-02-20,252.0,-0.0439%,0.0003,0.8359,0.3252,-0.6523,1.1777%,1.6435%,48.6478%,0.000726,CSGP,86288.0,2019-02-21,252.0,-1.2744%,0.0002,0.8418,0.335,-0.6412,1.1784%,1.6455%,48.7171%,-0.011024,CSGP,86288.0,2019-02-22,252.0,1.8399%,0.0002,0.8418,0.3312,-0.6451,1.1783%,1.6493%,48.9615%,0.001559,CSGP,86288.0,2019-02-25,252.0,-0.1360%,0.0002,0.8413,0.3323,-0.6465,1.1781%,1.6493%,48.9778%,-0.003023,CSGP,86288.0,2019-02-26,252.0,-1.1501%,0.0002,0.8455,0.3427,-0.6381,1.1797%,1.6501%,48.8916%,-0.010262,CSGP,86288.0,2019-02-27,252.0,11.7580%,0.0007,0.8537,0.3619,-0.6364,1.3823%,1.8066%,41.4590%,0.115303,CSGP,86288.0,2019-02-28,252.0,0.7043%,0.0008,0.8437,0.3553,-0.6453,1.3794%,1.7985%,41.1728%,0.007927,CSGP,86288.0,2019-03-01,252.0,4.2292%,0.0009,0.8521,0.3677,-0.6471,1.3937%,1.8164%,41.1261%,0.0325159999999999,CSGP,-0.001081,-0.004846,-0.0041199999999999,-0.013585,0.128876
28019,CANADIAN SOLAR INC,Canadian Solar Highlights First Solar Power Project Of 68 MW In Mexico Started Commercial Operations In Jan. 2019,6,increase,0.7,0.6,"the announcement of a successful solar power project in mexico indicates growth and operational success for canadian solar inc., which is likely to positively influence investor sentiment and stock price.",2,2019-02-14,CSIQ,2019-02-14 12:27:00+00:00,91607.0,13663510,0.0014210696099326,610193.0,-0.0283821430057287,-0.0103140790015459,0.0856863781809806,0.0,-0.0336322896182537,0.0369470231235027,0.0292343888431787,0.0019483198411762,0.096483290195465,-0.0200477354228496,-0.0296052359044551,0.0586154535412788,0.0105932205915451,-0.0090134404599666,0.0142557714134454,0.0106274839490652,0.019429488107562,-0.0839128196239471,0.0133819924667477,0.0325514748692512,-0.0224089417606592,0.0150631424039602,-0.0090053714811801,0.0024354229681193,-0.0272614564746618,0.0522809028625488,-0.010615712031722,0.0755237564444542,-0.0098712248727679,0.0461360588669776,0.0212396960705518,0.0034721912816166,0.0029711246024817,-0.0415973365306854,0.0012696016347035,-0.0082508036866784,-0.007607789710164,0.0005503703141584,-0.0080919349566102,0.0027593397535383,0.0017174326349049,0.0237288177013397,0.0064294734038412,0.0022650575265288,0.0059625767171382,0.0022700910922139,-0.1837425976991653,0.0238234624266624,-0.027489660307765,0.0046701650135219,-0.0122666424140334,0.0196428541094064,-0.0172786004841327,0.0262674633413553,0.0054944213479757,0.0812417715787887,0.0262295883148908,0.0484765097498893,-0.0079873017966747,0.0069734607823193,0.0246914122253656,-0.008298747241497,-0.0052383644506335,0.0027739224024116,0.0078988745808601,-0.0006930165109224,0.0,0.0366379469633102,0.0094044050201773,-0.0279329344630241,0.0067288340069353,-0.0689207017421722,-0.0272493921220302,-0.0447205118834972,-0.0058139855973422,-0.0224650241434574,-0.0186071451753377,0.0287319850176572,0.0195016600191593,-0.0390155836939811,0.0005313617875799,-0.0112759955227375,0.0154010048136115,0.0023795906454324,0.0010459492914378,0.0453979820013046,-0.0067920149303972,-0.0207064654678106,0.0299842022359371,0.0092193987220525,0.0347293317317962,-0.0121432216838002,-0.0039486633613705,-0.0012128840899094,-0.0059465230442583,-0.0473714470863342,0.0104686440899968,0.0242603458464145,-0.0118401460349559,-0.0214244835078716,-0.002496312605217,-0.0270422268658876,0.032532513141632,0.0131278270855546,-0.0111487908288836,0.0497303716838359,0.0514706447720527,0.0084592932835221,-0.0662004649639129,0.0030302568338811,0.0054916972294449,0.0197774842381477,-0.0238331463187933,-0.0085783945396542,-0.040183063596487,0.0199999809265136,0.0132485423237085,0.0505581423640251,-0.0674686655402183,0.110867939889431,-0.0283821430057287,-0.0103140790015459,0.0548722721360763,-0.0103140790015459,0.0193945023693304,0.0262518696065889,0.1504257479700528,0.0076372257441212,0.1821192253689816,0.0105314146176269,-0.1187322837651136,0.472106031075993,-0.1565752002736625,0.5397520528608453,2019-02-15,2019-02-19,2019-02-20,2019-02-21,2019-02-22,2019-02-25,2019-02-26,2019-02-27,2019-02-28,2019-03-01,91607.0,2019-02-14,252.0,0.1421%,0.0012,0.9399,0.6618,0.0505,2.5245%,2.7382%,15.0001%,0.000124,CSIQ,91607.0,2019-02-15,252.0,-2.8382%,0.0011,0.929,0.6475,0.0269,2.5351%,2.7445%,14.6791%,-0.0409999999999999,CSIQ,91607.0,2019-02-19,252.0,8.5686%,0.0015,0.9473,0.6945,0.0783,2.5851%,2.7952%,14.4684%,0.0818619999999999,CSIQ,91607.0,2019-02-20,252.0,-3.3632%,0.0014,0.9378,0.6791,0.0458,2.5954%,2.8033%,14.2870%,-0.037491,CSIQ,91607.0,2019-02-21,252.0,2.9234%,0.0015,0.9329,0.6762,0.0366,2.6027%,2.8087%,14.1282%,0.033185,CSIQ,91607.0,2019-02-22,252.0,9.6483%,0.0018,0.9201,0.7072,-0.0891,2.6563%,2.8709%,14.3933%,0.087139,CSIQ,91607.0,2019-02-25,252.0,-2.9605%,0.0017,0.9192,0.7217,-0.0846,2.6630%,2.8775%,14.3507%,-0.029407,CSIQ,91607.0,2019-02-26,252.0,1.0593%,0.0018,0.9278,0.6931,-0.0927,2.6618%,2.8775%,14.4329%,0.016304,CSIQ,91607.0,2019-02-27,252.0,1.4256%,0.0018,0.9224,0.7056,-0.0935,2.6614%,2.8760%,14.3685%,0.011893,CSIQ,91607.0,2019-02-28,252.0,1.9429%,0.0019,0.915,0.7012,-0.1036,2.6640%,2.8755%,14.1649%,0.021814,CSIQ,91607.0,2019-03-01,252.0,1.3382%,0.0018,0.9292,0.7223,-0.0827,2.6603%,2.8757%,14.4232%,0.0042559999999999,CSIQ,-0.0408759999999999,0.0409859999999999,0.0034949999999999,0.123819,0.148679
28027,CEL SCI CORP,"CEL-SCI Q1 EPS $0.02 Up From $(0.53) YoY, Sales $126.41K Up From $113.897K YoY",6,increase,0.8,0.6,"the significant improvement in eps from a loss to a profit, along with a slight increase in sales, is likely to positively influence investor sentiment and drive the stock price up.",2,2019-02-14,CVM,2019-02-14 21:39:00+00:00,44813.0,15083760,-0.0104529522359371,158494.0,-0.0281689874827861,0.0177304800599813,0.0,-0.013986000791192,0.0036231849808245,0.014184383675456,0.0252707339823246,-0.0070422468706965,0.0140845775604248,-0.0273973159492015,-0.0173611771315336,0.0174216702580452,-0.0141342626884579,0.003496500197798,-0.0215053558349609,-0.0069445203989744,-0.0256410017609596,-0.0136986169964075,0.0225563682615757,0.0245614647865295,-0.0330882035195827,0.0401459485292434,0.0608364418148994,-0.003636360168457,0.0179211292415857,0.0,0.0176057014614343,0.0185185000300407,-0.0069204908795654,-0.0181818008422851,0.006968718022108,0.0299625173211097,0.0207612253725528,-0.0183823350816965,0.0305084455758333,-0.0684931650757789,0.0065789413638412,-0.0101694818586111,-0.05228753387928,-0.0033783752005547,0.0413792692124843,0.112781934440136,0.029801296070218,-0.0362318493425846,0.0321543887257576,0.0072992630302906,-0.0155763085931539,0.0378787517547607,-0.0379747226834297,0.0232558846473693,-0.0065789413638412,-0.033707920461893,0.0132450209930539,0.0152091104537248,-0.0228757951408624,0.0038168814498931,0.0702341273427009,-0.0934256762266159,0.1062499731779099,0.006968718022108,0.1468926519155502,-0.0069204908795654,0.0714285597205162,0.0104895839467644,0.0620689615607261,-0.0653594955801963,-0.019480450078845,0.037288099527359,0.2141279727220535,0.0387324430048465,0.1181818321347237,0.036496315151453,0.0195121765136718,-0.003636360168457,-0.0622009374201297,0.0147601328790187,-0.0391156487166881,-0.035587154328823,0.0159291457384824,-0.0786885321140289,-0.0679442286491394,0.026936000213027,0.1121495142579079,-0.0747663602232933,-0.0285713616758585,0.0,0.029411694034934,0.0158227700740099,0.0336134955286979,0.0259740799665451,0.0731706991791725,-0.0064516067504882,0.0151515007019043,-0.037267118692398,0.0388060063123703,-0.0747126415371894,-0.0402299165725708,0.0609756261110305,0.0179641265422105,0.0,-0.0617647171020507,0.0,0.051724124699831,0.041269801557064,-0.0119224926456809,-0.0186915714293718,0.0120663531124591,-0.0031055870931595,0.0223547089844942,0.0627062916755676,0.0422740466892719,0.0706713944673538,0.1090908721089363,-0.0035211234353482,0.0,-0.0564784295856952,0.0201765857636928,0.0905797109007835,-0.0593325123190879,0.0415093936026096,-0.0281689874827861,0.0177304800599813,-0.0281689874827861,0.0034965007606422,-0.0246478639543342,0.0177304801444087,0.0140845779810343,-0.0171233531026163,-0.0422534836448472,0.0070175369141716,0.24647889851906,6.2455438598618684e-09,1.6795775497586267,0.0830187874988839,2019-02-15,2019-02-19,2019-02-20,2019-02-21,2019-02-22,2019-02-25,2019-02-26,2019-02-27,2019-02-28,2019-03-01,44813.0,2019-02-14,252.0,-1.0453%,0.0044,1.4933,1.5035,0.2734,7.4560%,7.6550%,5.1323%,-0.013743,CVM,44813.0,2019-02-15,252.0,-2.8169%,0.0042,1.4506,1.4593,0.1963,7.4636%,7.6546%,4.9278%,-0.050214,CVM,44813.0,2019-02-19,252.0,0.0000%,0.0043,1.4592,1.4366,0.17,7.4607%,7.6535%,4.9751%,-0.007677,CVM,44813.0,2019-02-20,252.0,0.3623%,0.0043,1.4581,1.4385,0.1671,7.4606%,7.6535%,4.9770%,-0.003345,CVM,44813.0,2019-02-21,252.0,2.5271%,0.0044,1.4452,1.4185,0.1434,7.4618%,7.6518%,4.9050%,0.031957,CVM,44813.0,2019-02-22,252.0,1.4085%,0.0044,1.4468,1.3989,0.1435,7.4613%,7.6511%,4.8990%,-0.001104,CVM,44813.0,2019-02-25,252.0,-1.7361%,0.0043,1.4476,1.4097,0.1522,7.4623%,7.6523%,4.9038%,-0.015736,CVM,44813.0,2019-02-26,252.0,-1.4134%,0.0043,1.4617,1.4053,0.1605,7.4612%,7.6532%,4.9528%,-0.002394,CVM,44813.0,2019-02-27,252.0,-2.1505%,0.0042,1.462,1.3959,0.1605,7.4636%,7.6548%,4.9347%,-0.025398,CVM,44813.0,2019-02-28,252.0,-2.5641%,0.0041,1.4732,1.4027,0.1745,7.4649%,7.6569%,4.9525%,-0.0210869999999999,CVM,44813.0,2019-03-01,252.0,2.2556%,0.0041,1.4788,1.411,0.1811,7.4648%,7.6571%,4.9605%,0.008489,CVM,-0.063957,-0.071634,-0.074979,-0.044126,-0.100252
28035,C V S HEALTH CORP,Cooperman's Omega 13F Shows Raised Stake In CVS From 394.6K Shares To 795.9K Shares,6,increase,0.8,0.6,"the increase in stake by cooperman's omega indicates positive sentiment and confidence in cvs health corp, which is likely to drive the stock price up.",2,2019-02-14,CVS,2019-02-14 18:40:00+00:00,17005.0,12665010,-0.0014751212438568,6988150.0,0.0271826889365911,0.011640035547316,0.0050337766297161,0.0293395351618528,-0.0809959396719932,0.0013843460474163,-0.0291186962276697,-0.0112547203898429,-0.0064153606072068,-0.0042404783889651,-0.0116222957149148,0.0054819649085402,-0.0089825121685862,-0.003641412127763,-0.0359261743724346,0.0105796139687299,-0.0114529598504304,-0.0050343526527285,0.0051876055076718,-0.0062158284708857,-0.0373301543295383,0.0064082723110914,-0.0178699064999818,0.0045984527096152,-0.0174672324210405,-0.0032085422426462,-0.030370358377695,0.0072328955866396,0.0108861662447452,-0.0095295300707221,0.0154921533539891,0.0183302909135818,0.016744215041399,-0.0091574862599372,0.0351326279342174,0.0339276902377605,-0.0121972532942891,-0.0086044939234852,-0.0050107836723327,0.0028239171952009,0.0192446000874042,-0.0244872160255909,0.0074113640002906,-0.0071417903527617,-0.0162900742143392,0.0039663538336753,0.0220798011869192,-0.007419713307172,-0.0236933901906013,-0.0363344214856624,-0.019450394436717,-0.0011660375166684,0.0080072544515132,0.0267884004861116,-0.0241920948028564,0.0243752300739288,-0.0127659318968653,-0.0053369696252048,0.0106821535155177,0.000915830140002,0.0048210332170128,0.0050620371475815,-0.0380143485963344,-0.0007663308642804,0.0126606533303856,-0.002599079394713,0.0115552302449941,0.0395741499960422,0.0123595474287867,-0.0122449388727545,0.0016648196615278,-0.0418171249330043,-0.0079409107565879,-0.0307624004781246,0.0027922135777771,-0.0139448139816522,-0.0219045914709568,-0.0159853566437959,0.0022775242105126,-0.0165552981197834,0.0266994852572679,-0.0203081015497446,-0.0059018754400312,-0.015167748555541,-0.02523192204535,0.0148480627685785,0.0017129834741353,0.0009545586071908,0.005700156558305,-0.010122824460268,0.0101086935028433,-0.0323887094855308,-0.0005664422060362,-0.0296540856361389,0.0056678489781916,-0.0076709380373358,0.0056359050795435,-0.008478807285428,0.0085933664813637,0.002499961759895,0.0072235483676195,-0.0033636060543358,0.05424789711833,0.0096854921430349,-0.0104657644405961,0.0213258452713489,-0.001233909628354,0.0353816971182823,-0.0010589723242446,0.0011986145982518,-0.0220848061144352,-0.0056938603520393,0.0070461286231875,-0.0385742373764514,-0.0069968281313776,-0.0098323300480842,-0.0034326761960983,-0.0063877068459987,-0.0242929682135582,-0.0010010239202529,0.0271826889365911,0.011640035547316,0.032353297150609,0.0413210839413946,-0.0512631282255849,0.0427626326680401,-0.0847983675197979,0.0266545846580112,-0.1412321020852915,0.0277441164461937,-0.2032796776293347,0.042607242920795,-0.1973222954779352,-0.1452499447306352,2019-02-15,2019-02-19,2019-02-20,2019-02-21,2019-02-22,2019-02-25,2019-02-26,2019-02-27,2019-02-28,2019-03-01,17005.0,2019-02-14,252.0,-0.1475%,0.0002,0.9295,-0.3027,0.6077,1.5142%,1.7751%,27.2323%,0.0055089999999999,CVS,17005.0,2019-02-15,252.0,2.7183%,0.0004,0.9565,-0.2768,0.6536,1.5107%,1.7830%,28.2145%,0.014419,CVS,17005.0,2019-02-19,252.0,0.5034%,0.0004,0.9562,-0.2751,0.6556,1.5107%,1.7822%,28.1493%,0.001958,CVS,17005.0,2019-02-20,252.0,-8.0996%,-0.0001,0.9305,-0.3408,0.5617,1.5998%,1.8499%,25.2122%,-0.085914,CVS,17005.0,2019-02-21,252.0,-2.9119%,-0.0001,0.9321,-0.3429,0.5648,1.6057%,1.8558%,25.1337%,-0.024723,CVS,17005.0,2019-02-22,252.0,-0.6415%,-0.0001,0.9313,-0.3143,0.5815,1.6000%,1.8485%,25.0819%,-0.002385,CVS,17005.0,2019-02-25,252.0,-1.1622%,-0.0001,0.9303,-0.3089,0.5808,1.6011%,1.8487%,24.9886%,-0.0128899999999999,CVS,17005.0,2019-02-26,252.0,-0.8983%,-0.0001,0.9393,-0.3071,0.5885,1.5999%,1.8494%,25.1621%,-0.0076539999999999,CVS,17005.0,2019-02-27,252.0,-3.5926%,-0.0001,0.9432,-0.3245,0.589,1.6141%,1.8631%,24.9427%,-0.0355819999999999,CVS,17005.0,2019-02-28,252.0,-1.1453%,-0.0002,0.9508,-0.3195,0.5962,1.6131%,1.8644%,25.1453%,-0.0070909999999999,CVS,17005.0,2019-03-01,252.0,0.5188%,-0.0002,0.9534,-0.3157,0.5993,1.6129%,1.8642%,25.1376%,0.001563,CVS,0.0199279999999999,0.021886,-0.064028,-0.091136,-0.1527899999999999
28043,CYBERARK SOFTWARE LTD,CyberArk Software shares are trading higher after the company announced 2019 EPS guidance of $1.94 to $2.00 versus the $1.94 analyst estimate with revenue of $411M to $415M versus the $393M analyst estimate.,6,increase,0.8,0.7,the positive eps and revenue guidance exceeding analyst estimates is likely to boost investor confidence and drive the stock price higher.,2,2019-02-14,CYBR,2019-02-14 13:32:00+00:00,14928.0,M2682V10,0.204677015542984,5521071.0,-0.0289255678653717,-0.012574371881783,0.0075209746137261,-0.0197220370173454,0.0003928977239411,0.0030346929561346,0.0219931062310934,0.0239383336156606,0.0172927565872669,-0.0119399931281805,0.0118991611525416,-0.018526742234826,-0.0040130685083568,0.0131161920726299,0.0268927570432424,-0.0004520899092312,0.001642488525249,0.0082042068243026,0.0014576265821233,0.0101289702579379,-0.0387519523501396,0.0401053354144096,0.0118292802944779,-0.0071318019181489,-0.0113168638199567,0.0496568381786346,0.0099328644573688,0.0349948219954967,0.0006556733860634,0.005714317318052,0.0366001687943935,0.0181145425885915,-9.02520041563548e-05,-0.0368059016764164,-0.0073151374235749,0.0066666235215961,0.0298398733139038,0.010100994259119,-0.0178444944322109,-0.0302649270743131,0.0101636741310358,0.0330824516713619,0.0191434565931558,-0.0107802404090762,-0.0068145971745252,-0.0083991298452019,0.0343068391084671,0.0162959415465593,-0.0373362749814987,-0.0052747158333659,-0.0031804982572793,0.0680132508277893,0.0283612236380577,0.0484010465443134,-0.0200810302048921,-0.007009089924395,0.0197889190167188,-0.0454668812453746,0.0267357155680656,-0.0121392169967293,0.002435894915834,0.0118739288300275,0.001927294768393,0.011318146251142,0.0051852702163159,0.0355917364358902,-0.0496713630855083,0.057116936892271,0.0017509800381958,-0.0202813129872083,0.0228107031434774,-0.0262361206114292,0.0115354908630251,-0.0239200368523597,0.0223010592162609,-0.0019660075195133,-0.0122293485328555,0.019178420305252,0.0156433228403329,-0.0554278530180454,0.0039535104297101,-0.0374755673110485,0.0148494346067309,-0.0099201779812574,-0.0197250992059707,0.0105455694720149,-0.0291109904646873,0.0142611134797334,0.03558986261487,0.0162373427301645,0.0336285978555679,-0.0216620918363332,-0.0030947420746088,0.0461475178599357,-0.0071638454683125,-0.0282931104302406,0.0227691512554884,0.0106555288657546,0.0132475877180695,0.0311543513089418,-0.0025530082639306,0.0155367013067007,-0.0148917287588119,0.0509128719568252,0.0072435094043612,-0.0197875816375017,0.0082075772807002,0.0350903868675231,0.0018607962410897,0.0063655371777713,-0.0123046273365616,0.0200989954173564,0.0057979933917522,-0.0423452854156494,-0.013632409274578,-0.0962130650877952,-0.006949967239052,0.0022801207378506,-0.0357881337404251,-0.0062641771510243,-0.0289255678653717,-0.012574371881783,-0.0216221417132486,-0.032048416671406,-0.0212377392795733,-0.0291109808195992,0.0175860248921004,-0.0177394267272303,0.0564097900499687,-0.0057550651804705,0.1440515658065162,0.1650930373864045,0.1650970692789644,0.1512728000525762,2019-02-15,2019-02-19,2019-02-20,2019-02-21,2019-02-22,2019-02-25,2019-02-26,2019-02-27,2019-02-28,2019-03-01,14928.0,2019-02-14,252.0,20.4677%,0.0028,0.8105,0.3909,-1.3432,2.2318%,2.6714%,30.2005%,0.197763,CYBR,14928.0,2019-02-15,252.0,-2.8926%,0.0027,0.7825,0.362,-1.3937,2.2425%,2.6783%,29.8935%,-0.032714,CYBR,14928.0,2019-02-19,252.0,0.7521%,0.0025,0.766,0.391,-1.3596,2.2138%,2.6376%,29.5534%,0.009066,CYBR,14928.0,2019-02-20,252.0,0.0393%,0.0026,0.7688,0.4067,-1.347,2.2097%,2.6338%,29.6091%,0.005455,CYBR,14928.0,2019-02-21,252.0,2.1993%,0.0025,0.775,0.4237,-1.3357,2.2052%,2.6313%,29.7680%,0.021924,CYBR,14928.0,2019-02-22,252.0,1.7293%,0.0025,0.7767,0.4242,-1.3154,2.2065%,2.6325%,29.7490%,-0.009811,CYBR,14928.0,2019-02-25,252.0,1.1899%,0.0025,0.7772,0.4213,-1.3151,2.2067%,2.6324%,29.7275%,0.0093689999999999,CYBR,14928.0,2019-02-26,252.0,-0.4013%,0.0025,0.7854,0.423,-1.3081,2.2060%,2.6328%,29.7955%,-0.004513,CYBR,14928.0,2019-02-27,252.0,2.6893%,0.0027,0.7926,0.4166,-1.3068,2.2080%,2.6365%,29.8643%,0.023712,CYBR,14928.0,2019-02-28,252.0,0.1642%,0.0027,0.785,0.4113,-1.3118,2.2060%,2.6311%,29.7036%,0.000649,CYBR,14928.0,2019-03-01,252.0,0.1458%,0.0026,0.7962,0.4279,-1.2883,2.2028%,2.6293%,29.8095%,-0.010725,CYBR,0.165049,0.174115,0.1795699999999999,0.191683,0.210175
28051,CYBERARK SOFTWARE LTD,"CyberArk Sees Q1 Adj. EPS $0.39-$0.42 vs $0.36 Estimate, Sales $91M-$93M vs $86.6M Est.; FY19 Adj. EPS $1.94-$2 vs $1.94 Est., Sales $411M-$415M vs $393.4M Est.",6,increase,0.8,0.6,"the company has reported better-than-expected earnings and sales guidance, which typically leads to positive investor sentiment and an increase in stock price.",2,2019-02-14,CYBR,2019-02-14 12:14:00+00:00,14928.0,M2682V10,0.204677015542984,5521071.0,-0.0289255678653717,-0.012574371881783,0.0075209746137261,-0.0197220370173454,0.0003928977239411,0.0030346929561346,0.0219931062310934,0.0239383336156606,0.0172927565872669,-0.0119399931281805,0.0118991611525416,-0.018526742234826,-0.0040130685083568,0.0131161920726299,0.0268927570432424,-0.0004520899092312,0.001642488525249,0.0082042068243026,0.0014576265821233,0.0101289702579379,-0.0387519523501396,0.0401053354144096,0.0118292802944779,-0.0071318019181489,-0.0113168638199567,0.0496568381786346,0.0099328644573688,0.0349948219954967,0.0006556733860634,0.005714317318052,0.0366001687943935,0.0181145425885915,-9.02520041563548e-05,-0.0368059016764164,-0.0073151374235749,0.0066666235215961,0.0298398733139038,0.010100994259119,-0.0178444944322109,-0.0302649270743131,0.0101636741310358,0.0330824516713619,0.0191434565931558,-0.0107802404090762,-0.0068145971745252,-0.0083991298452019,0.0343068391084671,0.0162959415465593,-0.0373362749814987,-0.0052747158333659,-0.0031804982572793,0.0680132508277893,0.0283612236380577,0.0484010465443134,-0.0200810302048921,-0.007009089924395,0.0197889190167188,-0.0454668812453746,0.0267357155680656,-0.0121392169967293,0.002435894915834,0.0118739288300275,0.001927294768393,0.011318146251142,0.0051852702163159,0.0355917364358902,-0.0496713630855083,0.057116936892271,0.0017509800381958,-0.0202813129872083,0.0228107031434774,-0.0262361206114292,0.0115354908630251,-0.0239200368523597,0.0223010592162609,-0.0019660075195133,-0.0122293485328555,0.019178420305252,0.0156433228403329,-0.0554278530180454,0.0039535104297101,-0.0374755673110485,0.0148494346067309,-0.0099201779812574,-0.0197250992059707,0.0105455694720149,-0.0291109904646873,0.0142611134797334,0.03558986261487,0.0162373427301645,0.0336285978555679,-0.0216620918363332,-0.0030947420746088,0.0461475178599357,-0.0071638454683125,-0.0282931104302406,0.0227691512554884,0.0106555288657546,0.0132475877180695,0.0311543513089418,-0.0025530082639306,0.0155367013067007,-0.0148917287588119,0.0509128719568252,0.0072435094043612,-0.0197875816375017,0.0082075772807002,0.0350903868675231,0.0018607962410897,0.0063655371777713,-0.0123046273365616,0.0200989954173564,0.0057979933917522,-0.0423452854156494,-0.013632409274578,-0.0962130650877952,-0.006949967239052,0.0022801207378506,-0.0357881337404251,-0.0062641771510243,-0.0289255678653717,-0.012574371881783,-0.0216221417132486,-0.032048416671406,-0.0212377392795733,-0.0291109808195992,0.0175860248921004,-0.0177394267272303,0.0564097900499687,-0.0057550651804705,0.1440515658065162,0.1650930373864045,0.1650970692789644,0.1512728000525762,2019-02-15,2019-02-19,2019-02-20,2019-02-21,2019-02-22,2019-02-25,2019-02-26,2019-02-27,2019-02-28,2019-03-01,14928.0,2019-02-14,252.0,20.4677%,0.0028,0.8105,0.3909,-1.3432,2.2318%,2.6714%,30.2005%,0.197763,CYBR,14928.0,2019-02-15,252.0,-2.8926%,0.0027,0.7825,0.362,-1.3937,2.2425%,2.6783%,29.8935%,-0.032714,CYBR,14928.0,2019-02-19,252.0,0.7521%,0.0025,0.766,0.391,-1.3596,2.2138%,2.6376%,29.5534%,0.009066,CYBR,14928.0,2019-02-20,252.0,0.0393%,0.0026,0.7688,0.4067,-1.347,2.2097%,2.6338%,29.6091%,0.005455,CYBR,14928.0,2019-02-21,252.0,2.1993%,0.0025,0.775,0.4237,-1.3357,2.2052%,2.6313%,29.7680%,0.021924,CYBR,14928.0,2019-02-22,252.0,1.7293%,0.0025,0.7767,0.4242,-1.3154,2.2065%,2.6325%,29.7490%,-0.009811,CYBR,14928.0,2019-02-25,252.0,1.1899%,0.0025,0.7772,0.4213,-1.3151,2.2067%,2.6324%,29.7275%,0.0093689999999999,CYBR,14928.0,2019-02-26,252.0,-0.4013%,0.0025,0.7854,0.423,-1.3081,2.2060%,2.6328%,29.7955%,-0.004513,CYBR,14928.0,2019-02-27,252.0,2.6893%,0.0027,0.7926,0.4166,-1.3068,2.2080%,2.6365%,29.8643%,0.023712,CYBR,14928.0,2019-02-28,252.0,0.1642%,0.0027,0.785,0.4113,-1.3118,2.2060%,2.6311%,29.7036%,0.000649,CYBR,14928.0,2019-03-01,252.0,0.1458%,0.0026,0.7962,0.4279,-1.2883,2.2028%,2.6293%,29.8095%,-0.010725,CYBR,0.165049,0.174115,0.1795699999999999,0.191683,0.210175
28059,CYBERARK SOFTWARE LTD,"CyberArk Software Q4 EPS $0.89 Beats $0.59 Estimate, Sales $109.1M Beat $95.76M Estimate",6,increase,0.85,0.7,"the company reported better-than-expected earnings and sales, which typically leads to positive investor sentiment and an increase in stock price.",2,2019-02-14,CYBR,2019-02-14 12:13:00+00:00,14928.0,M2682V10,0.204677015542984,5521071.0,-0.0289255678653717,-0.012574371881783,0.0075209746137261,-0.0197220370173454,0.0003928977239411,0.0030346929561346,0.0219931062310934,0.0239383336156606,0.0172927565872669,-0.0119399931281805,0.0118991611525416,-0.018526742234826,-0.0040130685083568,0.0131161920726299,0.0268927570432424,-0.0004520899092312,0.001642488525249,0.0082042068243026,0.0014576265821233,0.0101289702579379,-0.0387519523501396,0.0401053354144096,0.0118292802944779,-0.0071318019181489,-0.0113168638199567,0.0496568381786346,0.0099328644573688,0.0349948219954967,0.0006556733860634,0.005714317318052,0.0366001687943935,0.0181145425885915,-9.02520041563548e-05,-0.0368059016764164,-0.0073151374235749,0.0066666235215961,0.0298398733139038,0.010100994259119,-0.0178444944322109,-0.0302649270743131,0.0101636741310358,0.0330824516713619,0.0191434565931558,-0.0107802404090762,-0.0068145971745252,-0.0083991298452019,0.0343068391084671,0.0162959415465593,-0.0373362749814987,-0.0052747158333659,-0.0031804982572793,0.0680132508277893,0.0283612236380577,0.0484010465443134,-0.0200810302048921,-0.007009089924395,0.0197889190167188,-0.0454668812453746,0.0267357155680656,-0.0121392169967293,0.002435894915834,0.0118739288300275,0.001927294768393,0.011318146251142,0.0051852702163159,0.0355917364358902,-0.0496713630855083,0.057116936892271,0.0017509800381958,-0.0202813129872083,0.0228107031434774,-0.0262361206114292,0.0115354908630251,-0.0239200368523597,0.0223010592162609,-0.0019660075195133,-0.0122293485328555,0.019178420305252,0.0156433228403329,-0.0554278530180454,0.0039535104297101,-0.0374755673110485,0.0148494346067309,-0.0099201779812574,-0.0197250992059707,0.0105455694720149,-0.0291109904646873,0.0142611134797334,0.03558986261487,0.0162373427301645,0.0336285978555679,-0.0216620918363332,-0.0030947420746088,0.0461475178599357,-0.0071638454683125,-0.0282931104302406,0.0227691512554884,0.0106555288657546,0.0132475877180695,0.0311543513089418,-0.0025530082639306,0.0155367013067007,-0.0148917287588119,0.0509128719568252,0.0072435094043612,-0.0197875816375017,0.0082075772807002,0.0350903868675231,0.0018607962410897,0.0063655371777713,-0.0123046273365616,0.0200989954173564,0.0057979933917522,-0.0423452854156494,-0.013632409274578,-0.0962130650877952,-0.006949967239052,0.0022801207378506,-0.0357881337404251,-0.0062641771510243,-0.0289255678653717,-0.012574371881783,-0.0216221417132486,-0.032048416671406,-0.0212377392795733,-0.0291109808195992,0.0175860248921004,-0.0177394267272303,0.0564097900499687,-0.0057550651804705,0.1440515658065162,0.1650930373864045,0.1650970692789644,0.1512728000525762,2019-02-15,2019-02-19,2019-02-20,2019-02-21,2019-02-22,2019-02-25,2019-02-26,2019-02-27,2019-02-28,2019-03-01,14928.0,2019-02-14,252.0,20.4677%,0.0028,0.8105,0.3909,-1.3432,2.2318%,2.6714%,30.2005%,0.197763,CYBR,14928.0,2019-02-15,252.0,-2.8926%,0.0027,0.7825,0.362,-1.3937,2.2425%,2.6783%,29.8935%,-0.032714,CYBR,14928.0,2019-02-19,252.0,0.7521%,0.0025,0.766,0.391,-1.3596,2.2138%,2.6376%,29.5534%,0.009066,CYBR,14928.0,2019-02-20,252.0,0.0393%,0.0026,0.7688,0.4067,-1.347,2.2097%,2.6338%,29.6091%,0.005455,CYBR,14928.0,2019-02-21,252.0,2.1993%,0.0025,0.775,0.4237,-1.3357,2.2052%,2.6313%,29.7680%,0.021924,CYBR,14928.0,2019-02-22,252.0,1.7293%,0.0025,0.7767,0.4242,-1.3154,2.2065%,2.6325%,29.7490%,-0.009811,CYBR,14928.0,2019-02-25,252.0,1.1899%,0.0025,0.7772,0.4213,-1.3151,2.2067%,2.6324%,29.7275%,0.0093689999999999,CYBR,14928.0,2019-02-26,252.0,-0.4013%,0.0025,0.7854,0.423,-1.3081,2.2060%,2.6328%,29.7955%,-0.004513,CYBR,14928.0,2019-02-27,252.0,2.6893%,0.0027,0.7926,0.4166,-1.3068,2.2080%,2.6365%,29.8643%,0.023712,CYBR,14928.0,2019-02-28,252.0,0.1642%,0.0027,0.785,0.4113,-1.3118,2.2060%,2.6311%,29.7036%,0.000649,CYBR,14928.0,2019-03-01,252.0,0.1458%,0.0026,0.7962,0.4279,-1.2883,2.2028%,2.6293%,29.8095%,-0.010725,CYBR,0.165049,0.174115,0.1795699999999999,0.191683,0.210175
28067,D B V TECHNOLOGIES S A,DBV shares are continuing higher after the company announced plans to resubmit its biologics license application for the treatment of peanut allergy in children.,6,increase,0.8,0.7,"the announcement of resubmitting a biologics license application for a treatment related to a significant health issue like peanut allergy is likely to be viewed positively by investors, potentially driving the stock price higher.",2,2019-02-14,DBVT,2019-02-14 13:48:00+00:00,15002.0,23306J10,0.1148936077952385,1515602.0,-0.0368956699967384,-0.0084388107061386,0.0013209711760282,0.0113797895610332,0.0949868410825729,0.0173661895096302,-0.0397590845823288,-0.0128571642562747,-0.0225846711546182,-0.0084985755383968,0.0166880767792463,-0.0014144595479592,-0.0416666567325592,0.0042613935656845,0.04347825050354,0.005714280065149,0.027777811512351,0.0370370373129844,0.0429974719882011,0.0089686010032892,0.0647821202874183,0.0404354967176914,0.0365044176578521,0.0404530763626098,-0.1035219058394432,-0.0127796158194541,0.0119048077613115,0.0574324578046798,-0.0164706278592348,0.0189328975975513,0.0263158231973648,-0.1156773492693901,-0.0069929449819028,-0.072033867239952,0.0129107572138309,-0.0274725668132305,-0.0475086718797683,-0.0148849338293075,0.0024330297019332,-0.0669192150235176,-0.007281488738954,0.0,0.0354523174464702,-0.0062734899111092,-0.0354191474616527,-0.0037500262260437,0.0,0.0430247597396373,-0.0648715049028396,0.0550206452608108,-0.024869117885828,-0.014905166812241,0.0255033634603023,-0.0477419197559356,-0.0222513191401958,0.043068666011095,-0.0040160287171602,0.062947079539299,0.0362903214991092,0.0887850001454353,-0.0168612338602542,0.1165217533707619,0.0158311203122139,-0.0604574978351593,0.018181862309575,0.0115701975300908,0.1173469498753548,0.0467127971351146,0.0057077840901911,-0.1373133808374405,0.0476729981601238,0.1631943583488464,-0.0238352455198764,-0.5929328203201294,0.0088790142908692,-0.0367597006261348,-0.0055005708709359,-0.004742591176182,0.0232300925999879,-0.0327653996646404,-0.022702706977725,-0.0078023332171142,0.0,-0.0115681430324912,-0.0088495491072535,0.0813064649701118,-0.0223214067518711,0.0308023132383823,-0.0091324113309383,-0.0230930671095848,0.0483871027827262,-0.0165175348520278,0.0274725258350372,-0.0027453645598143,0.0213903523981571,-0.0389182157814502,0.0471203997731208,0.0039734742604196,-0.005000018980354,-0.0245477501302957,-0.0201004836708307,-0.0102302301675081,-0.0194871369749307,0.0337078794836998,0.0146442865952849,-0.0111111160367727,0.0092783663421869,0.0247823093086481,-0.0071501219645142,-0.0305194370448589,-0.0216049421578645,-0.0032362584024667,-0.0126182837411761,-0.0391791127622127,-0.0191693603992462,-0.0353929288685321,-0.0238871090114116,0.0195718463510274,-0.051167968660593,-0.001221774960868,-0.0368956699967384,-0.0084388107061386,-0.035623436937296,0.0028449469649134,0.0559796464020989,0.0202605423626811,-0.0089058781944703,-0.0014163949006783,0.0801526221517463,0.0538116791899363,-0.0190839749578556,0.0981308683384349,0.0852416898049539,-0.5693341445295094,2019-02-15,2019-02-19,2019-02-20,2019-02-21,2019-02-22,2019-02-25,2019-02-26,2019-02-27,2019-02-28,2019-03-01,15002.0,2019-02-14,252.0,11.4894%,-0.0024,1.2324,1.1675,0.1349,4.9550%,5.1592%,7.7599%,0.112882,DBVT,15002.0,2019-02-15,252.0,-3.6896%,-0.0037,1.0001,0.9531,-0.25,4.7258%,4.8958%,6.8237%,-0.054489,DBVT,15002.0,2019-02-19,252.0,0.1321%,-0.0036,1.004,0.9485,-0.2555,4.7252%,4.8959%,6.8500%,-0.0026929999999999,DBVT,15002.0,2019-02-20,252.0,9.4987%,-0.0032,1.0317,1.0147,-0.1558,4.7629%,4.9345%,6.8358%,0.0922979999999999,DBVT,15002.0,2019-02-21,252.0,-3.9759%,-0.0032,1.0322,1.0086,-0.1545,4.7657%,4.9366%,6.8019%,-0.03569,DBVT,15002.0,2019-02-22,252.0,-2.2585%,-0.0033,1.0361,1.0293,-0.0897,4.7686%,4.9369%,6.7000%,-0.0372129999999999,DBVT,15002.0,2019-02-25,252.0,1.6688%,-0.003,1.031,1.014,-0.1166,4.7627%,4.9312%,6.7161%,0.017549,DBVT,15002.0,2019-02-26,252.0,-4.1667%,-0.003,1.053,1.0358,-0.0891,4.7639%,4.9366%,6.8738%,-0.034012,DBVT,15002.0,2019-02-27,252.0,4.3478%,-0.0028,1.0666,1.0244,-0.0867,4.7683%,4.9431%,6.9484%,0.0403559999999999,DBVT,15002.0,2019-02-28,252.0,2.7778%,-0.0025,1.0483,1.0129,-0.1077,4.7710%,4.9412%,6.7739%,0.0305629999999999,DBVT,15002.0,2019-03-01,252.0,4.2997%,-0.0024,1.0607,1.0314,-0.1045,4.7756%,4.9492%,6.8910%,0.031991,DBVT,0.0583929999999999,0.0556999999999999,0.147998,0.075095,0.161542
28075,QUEST DIAGNOSTICS INC,"Quest Diagnostics shares are trading lower after the company reported Q4 EPS of $1.36, missing the $1.37 estimate and sales of $1.84 billion missing the $1.88 billion estimate; the company also issued weak FY19 guidance.",6,decrease,0.85,0.7,"the company's earnings and sales missed estimates, and the issuance of weak guidance typically leads to a decline in stock price.",0,2019-02-14,DGX,2019-02-14 15:43:00+00:00,84373.0,74834L10,-0.0487316139042377,3758293.0,0.0270175151526927,0.0069459457881748,0.002733236644417,0.0114447837695479,0.0101078860461711,-0.0094286268576979,-0.0127052487805485,-0.007243163883686,-0.0001138196894316,0.0237279739230871,-0.0069476147182285,0.001943145529367,-0.0028673012275248,-0.0050040083006024,-0.0102369375526905,0.0028512773569673,0.005810575094074,0.0037779260892421,-0.0016175550408661,0.004947081208229,-0.007985214702785,0.0089378599077463,-0.0072328830137848,0.0077202441170811,-0.0206815768033266,0.0009365905425511,-0.0013198102824389,-0.0022195656783878,0.013696976006031,-0.0082261515781283,0.0126822292804718,0.0015084387268871,0.0160345863550901,-0.0098805213347077,0.0172791164368391,0.0227967388927936,-0.0046426909975707,0.0098493164405226,0.0062570581212639,-0.0089380471035838,0.0028264557477086,0.0185672659426927,0.0080045852810144,-0.0119957132264971,-0.0087239276617765,0.0035406043753027,0.0111700948327779,0.003434401936829,-0.0042401794344186,0.0024931624066084,-0.0088525433093309,0.0192401260137558,0.0023742986377328,-0.0008463268750347,-0.0016918736509978,0.0251611154526472,0.0061010159552097,-0.0181331131607294,0.0097697367891669,-0.0132100218906998,0.0024466328322887,0.0153639130294323,0.0086531927809119,-0.0059393681585788,-0.003849521279335,0.0026738117448985,0.0049684988334774,0.0317241214215755,0.0030762467067688,-0.0238677728921175,-0.0031948143150657,-0.0043870415538549,-0.005857718642801,-0.0240247882902622,0.0046693254262208,0.0055010649375617,-0.0071926689706742,-0.0203842297196388,0.0017832816811278,-0.0014038692461326,0.0123498067259788,-0.0323748365044593,-0.0208814330399036,0.0006796279922127,-0.0380514040589332,0.002043136395514,0.0005834662006236,0.0073176240548491,-0.0066472268663346,-0.001142056658864,0.0927447900176048,-0.0142970196902751,0.0180489923804998,-0.010140361264348,-0.0054875924251973,-0.0116740651428699,0.0116723095998168,0.025177864357829,0.0090203545987606,0.0071639441885054,0.0018711050506681,-0.0927473232150077,-0.0014525771839544,0.023980526253581,0.0199501849710941,-0.0017926623113453,0.0064180647023022,0.0081863095983862,-0.0013158948859199,0.009119177237153,-0.0100345173850655,-0.0151098938658833,0.0029691914096474,0.0040313731878995,0.0079624215140938,-0.0165883805602788,0.0043548746034502,0.0013580991653725,-0.0210748855024576,0.0106641557067632,0.0270175151526927,0.0069459457881748,0.0298245970595663,0.0184702244053434,0.0402339467341885,0.0088674486937494,0.0269006208362865,0.0253250473272248,0.0106433183798473,0.0340542944923649,0.051695884948459,0.0862331385833914,0.1420683616105313,-0.0449727512856772,2019-02-15,2019-02-19,2019-02-20,2019-02-21,2019-02-22,2019-02-25,2019-02-26,2019-02-27,2019-02-28,2019-03-01,84373.0,2019-02-14,252.0,-4.8732%,-0.0007,0.6899,-0.0004,0.0531,1.2822%,1.4706%,23.9849%,-0.047411,DGX,84373.0,2019-02-15,252.0,2.7018%,-0.0005,0.7103,0.0201,0.089,1.2866%,1.4807%,24.5043%,0.018869,DGX,84373.0,2019-02-19,252.0,0.2733%,-0.0006,0.7081,0.0245,0.0943,1.2856%,1.4774%,24.2805%,0.000958,DGX,84373.0,2019-02-20,252.0,1.0108%,-0.0006,0.7092,0.0208,0.0965,1.2837%,1.4761%,24.3687%,0.00809,DGX,84373.0,2019-02-21,252.0,-1.2705%,-0.0006,0.7054,0.011,0.0896,1.2808%,1.4720%,24.2909%,-0.009945,DGX,84373.0,2019-02-22,252.0,-0.0114%,-0.0006,0.7058,0.0106,0.0943,1.2810%,1.4719%,24.2625%,-0.003542,DGX,84373.0,2019-02-25,252.0,-0.6948%,-0.0006,0.7047,0.0131,0.0916,1.2804%,1.4711%,24.2538%,-0.007909,DGX,84373.0,2019-02-26,252.0,-0.2867%,-0.0006,0.7005,0.0184,0.0912,1.2796%,1.4669%,23.9139%,-0.001454,DGX,84373.0,2019-02-27,252.0,-1.0237%,-0.0007,0.697,0.0216,0.0905,1.2803%,1.4651%,23.6344%,-0.010893,DGX,84373.0,2019-02-28,252.0,0.5811%,-0.0007,0.7039,0.0266,0.0935,1.2775%,1.4650%,23.9546%,0.008093,DGX,84373.0,2019-03-01,252.0,-0.1618%,-0.0007,0.6979,0.0177,0.0869,1.2771%,1.4615%,23.6431%,-0.006479,DGX,-0.028542,-0.027584,-0.019494,-0.0329809999999999,-0.0516229999999999
28083,QUEST DIAGNOSTICS INC,"Quest Diagnostics Sees FY19 Adj. EPS Greater Than $6.40 vs $6.56 Estimate, Sales $7.6B-$7.75B vs $7.76B Est.",6,decrease,0.7,0.5,"the adjusted eps guidance is below the estimate, and sales projections are also slightly lower than expected, which may lead to a negative reaction from investors.",0,2019-02-14,DGX,2019-02-14 11:53:00+00:00,84373.0,74834L10,-0.0487316139042377,3758293.0,0.0270175151526927,0.0069459457881748,0.002733236644417,0.0114447837695479,0.0101078860461711,-0.0094286268576979,-0.0127052487805485,-0.007243163883686,-0.0001138196894316,0.0237279739230871,-0.0069476147182285,0.001943145529367,-0.0028673012275248,-0.0050040083006024,-0.0102369375526905,0.0028512773569673,0.005810575094074,0.0037779260892421,-0.0016175550408661,0.004947081208229,-0.007985214702785,0.0089378599077463,-0.0072328830137848,0.0077202441170811,-0.0206815768033266,0.0009365905425511,-0.0013198102824389,-0.0022195656783878,0.013696976006031,-0.0082261515781283,0.0126822292804718,0.0015084387268871,0.0160345863550901,-0.0098805213347077,0.0172791164368391,0.0227967388927936,-0.0046426909975707,0.0098493164405226,0.0062570581212639,-0.0089380471035838,0.0028264557477086,0.0185672659426927,0.0080045852810144,-0.0119957132264971,-0.0087239276617765,0.0035406043753027,0.0111700948327779,0.003434401936829,-0.0042401794344186,0.0024931624066084,-0.0088525433093309,0.0192401260137558,0.0023742986377328,-0.0008463268750347,-0.0016918736509978,0.0251611154526472,0.0061010159552097,-0.0181331131607294,0.0097697367891669,-0.0132100218906998,0.0024466328322887,0.0153639130294323,0.0086531927809119,-0.0059393681585788,-0.003849521279335,0.0026738117448985,0.0049684988334774,0.0317241214215755,0.0030762467067688,-0.0238677728921175,-0.0031948143150657,-0.0043870415538549,-0.005857718642801,-0.0240247882902622,0.0046693254262208,0.0055010649375617,-0.0071926689706742,-0.0203842297196388,0.0017832816811278,-0.0014038692461326,0.0123498067259788,-0.0323748365044593,-0.0208814330399036,0.0006796279922127,-0.0380514040589332,0.002043136395514,0.0005834662006236,0.0073176240548491,-0.0066472268663346,-0.001142056658864,0.0927447900176048,-0.0142970196902751,0.0180489923804998,-0.010140361264348,-0.0054875924251973,-0.0116740651428699,0.0116723095998168,0.025177864357829,0.0090203545987606,0.0071639441885054,0.0018711050506681,-0.0927473232150077,-0.0014525771839544,0.023980526253581,0.0199501849710941,-0.0017926623113453,0.0064180647023022,0.0081863095983862,-0.0013158948859199,0.009119177237153,-0.0100345173850655,-0.0151098938658833,0.0029691914096474,0.0040313731878995,0.0079624215140938,-0.0165883805602788,0.0043548746034502,0.0013580991653725,-0.0210748855024576,0.0106641557067632,0.0270175151526927,0.0069459457881748,0.0298245970595663,0.0184702244053434,0.0402339467341885,0.0088674486937494,0.0269006208362865,0.0253250473272248,0.0106433183798473,0.0340542944923649,0.051695884948459,0.0862331385833914,0.1420683616105313,-0.0449727512856772,2019-02-15,2019-02-19,2019-02-20,2019-02-21,2019-02-22,2019-02-25,2019-02-26,2019-02-27,2019-02-28,2019-03-01,84373.0,2019-02-14,252.0,-4.8732%,-0.0007,0.6899,-0.0004,0.0531,1.2822%,1.4706%,23.9849%,-0.047411,DGX,84373.0,2019-02-15,252.0,2.7018%,-0.0005,0.7103,0.0201,0.089,1.2866%,1.4807%,24.5043%,0.018869,DGX,84373.0,2019-02-19,252.0,0.2733%,-0.0006,0.7081,0.0245,0.0943,1.2856%,1.4774%,24.2805%,0.000958,DGX,84373.0,2019-02-20,252.0,1.0108%,-0.0006,0.7092,0.0208,0.0965,1.2837%,1.4761%,24.3687%,0.00809,DGX,84373.0,2019-02-21,252.0,-1.2705%,-0.0006,0.7054,0.011,0.0896,1.2808%,1.4720%,24.2909%,-0.009945,DGX,84373.0,2019-02-22,252.0,-0.0114%,-0.0006,0.7058,0.0106,0.0943,1.2810%,1.4719%,24.2625%,-0.003542,DGX,84373.0,2019-02-25,252.0,-0.6948%,-0.0006,0.7047,0.0131,0.0916,1.2804%,1.4711%,24.2538%,-0.007909,DGX,84373.0,2019-02-26,252.0,-0.2867%,-0.0006,0.7005,0.0184,0.0912,1.2796%,1.4669%,23.9139%,-0.001454,DGX,84373.0,2019-02-27,252.0,-1.0237%,-0.0007,0.697,0.0216,0.0905,1.2803%,1.4651%,23.6344%,-0.010893,DGX,84373.0,2019-02-28,252.0,0.5811%,-0.0007,0.7039,0.0266,0.0935,1.2775%,1.4650%,23.9546%,0.008093,DGX,84373.0,2019-03-01,252.0,-0.1618%,-0.0007,0.6979,0.0177,0.0869,1.2771%,1.4615%,23.6431%,-0.006479,DGX,-0.028542,-0.027584,-0.019494,-0.0329809999999999,-0.0516229999999999
28091,QUEST DIAGNOSTICS INC,"Quest Diagnostics Q4 EPS $1.36 Misses $1.37 Estimate, Sales $1.839B Miss $1.88B Estimate",6,decrease,0.8,0.6,"the earnings per share and sales figures both missed analyst estimates, which typically leads to a negative reaction in stock prices.",0,2019-02-14,DGX,2019-02-14 11:52:00+00:00,84373.0,74834L10,-0.0487316139042377,3758293.0,0.0270175151526927,0.0069459457881748,0.002733236644417,0.0114447837695479,0.0101078860461711,-0.0094286268576979,-0.0127052487805485,-0.007243163883686,-0.0001138196894316,0.0237279739230871,-0.0069476147182285,0.001943145529367,-0.0028673012275248,-0.0050040083006024,-0.0102369375526905,0.0028512773569673,0.005810575094074,0.0037779260892421,-0.0016175550408661,0.004947081208229,-0.007985214702785,0.0089378599077463,-0.0072328830137848,0.0077202441170811,-0.0206815768033266,0.0009365905425511,-0.0013198102824389,-0.0022195656783878,0.013696976006031,-0.0082261515781283,0.0126822292804718,0.0015084387268871,0.0160345863550901,-0.0098805213347077,0.0172791164368391,0.0227967388927936,-0.0046426909975707,0.0098493164405226,0.0062570581212639,-0.0089380471035838,0.0028264557477086,0.0185672659426927,0.0080045852810144,-0.0119957132264971,-0.0087239276617765,0.0035406043753027,0.0111700948327779,0.003434401936829,-0.0042401794344186,0.0024931624066084,-0.0088525433093309,0.0192401260137558,0.0023742986377328,-0.0008463268750347,-0.0016918736509978,0.0251611154526472,0.0061010159552097,-0.0181331131607294,0.0097697367891669,-0.0132100218906998,0.0024466328322887,0.0153639130294323,0.0086531927809119,-0.0059393681585788,-0.003849521279335,0.0026738117448985,0.0049684988334774,0.0317241214215755,0.0030762467067688,-0.0238677728921175,-0.0031948143150657,-0.0043870415538549,-0.005857718642801,-0.0240247882902622,0.0046693254262208,0.0055010649375617,-0.0071926689706742,-0.0203842297196388,0.0017832816811278,-0.0014038692461326,0.0123498067259788,-0.0323748365044593,-0.0208814330399036,0.0006796279922127,-0.0380514040589332,0.002043136395514,0.0005834662006236,0.0073176240548491,-0.0066472268663346,-0.001142056658864,0.0927447900176048,-0.0142970196902751,0.0180489923804998,-0.010140361264348,-0.0054875924251973,-0.0116740651428699,0.0116723095998168,0.025177864357829,0.0090203545987606,0.0071639441885054,0.0018711050506681,-0.0927473232150077,-0.0014525771839544,0.023980526253581,0.0199501849710941,-0.0017926623113453,0.0064180647023022,0.0081863095983862,-0.0013158948859199,0.009119177237153,-0.0100345173850655,-0.0151098938658833,0.0029691914096474,0.0040313731878995,0.0079624215140938,-0.0165883805602788,0.0043548746034502,0.0013580991653725,-0.0210748855024576,0.0106641557067632,0.0270175151526927,0.0069459457881748,0.0298245970595663,0.0184702244053434,0.0402339467341885,0.0088674486937494,0.0269006208362865,0.0253250473272248,0.0106433183798473,0.0340542944923649,0.051695884948459,0.0862331385833914,0.1420683616105313,-0.0449727512856772,2019-02-15,2019-02-19,2019-02-20,2019-02-21,2019-02-22,2019-02-25,2019-02-26,2019-02-27,2019-02-28,2019-03-01,84373.0,2019-02-14,252.0,-4.8732%,-0.0007,0.6899,-0.0004,0.0531,1.2822%,1.4706%,23.9849%,-0.047411,DGX,84373.0,2019-02-15,252.0,2.7018%,-0.0005,0.7103,0.0201,0.089,1.2866%,1.4807%,24.5043%,0.018869,DGX,84373.0,2019-02-19,252.0,0.2733%,-0.0006,0.7081,0.0245,0.0943,1.2856%,1.4774%,24.2805%,0.000958,DGX,84373.0,2019-02-20,252.0,1.0108%,-0.0006,0.7092,0.0208,0.0965,1.2837%,1.4761%,24.3687%,0.00809,DGX,84373.0,2019-02-21,252.0,-1.2705%,-0.0006,0.7054,0.011,0.0896,1.2808%,1.4720%,24.2909%,-0.009945,DGX,84373.0,2019-02-22,252.0,-0.0114%,-0.0006,0.7058,0.0106,0.0943,1.2810%,1.4719%,24.2625%,-0.003542,DGX,84373.0,2019-02-25,252.0,-0.6948%,-0.0006,0.7047,0.0131,0.0916,1.2804%,1.4711%,24.2538%,-0.007909,DGX,84373.0,2019-02-26,252.0,-0.2867%,-0.0006,0.7005,0.0184,0.0912,1.2796%,1.4669%,23.9139%,-0.001454,DGX,84373.0,2019-02-27,252.0,-1.0237%,-0.0007,0.697,0.0216,0.0905,1.2803%,1.4651%,23.6344%,-0.010893,DGX,84373.0,2019-02-28,252.0,0.5811%,-0.0007,0.7039,0.0266,0.0935,1.2775%,1.4650%,23.9546%,0.008093,DGX,84373.0,2019-03-01,252.0,-0.1618%,-0.0007,0.6979,0.0177,0.0869,1.2771%,1.4615%,23.6431%,-0.006479,DGX,-0.028542,-0.027584,-0.019494,-0.0329809999999999,-0.0516229999999999
28099,D R HORTON INC,"CORRECTION: An Earlier Headline Had Indicated Raymond James Cut Price Target On D.R. Horton, PT Change Has Not Been Confirmed",6,uncertain,0.6,0.2,"the correction indicates that there was a misunderstanding regarding the price target change, which may lead to uncertainty among investors about the stock's future performance.",1,2019-02-14,DHI,2019-02-14 13:23:00+00:00,77661.0,23331A10,-0.0092108277603983,7735985.0,0.0042714066803455,-0.0108348298817873,0.0115086082369089,0.0754767581820488,-0.0138511341065168,0.0010603684931993,0.010032644495368,-0.0150845134630799,0.0141544500365853,0.0245137754827737,-0.0012242712546139,-0.0213820002973079,-0.0046580643393099,0.0164325181394815,-0.0137930437922477,-0.0068439622409641,-0.0287213157862424,-0.011963564902544,-0.0028285062871873,0.0228784419596195,0.0312017258256673,0.0248091556131839,-0.0210052542388439,0.0079692471772432,0.0,-0.0243967790156602,0.0360153205692768,-0.0261096619069576,-0.003944769501686,0.0268096514046192,0.0173266567289829,0.0241625793278217,0.0072993445210158,-0.0204411540180444,-0.0108695831149816,-0.0114331375807523,-0.0036630409304052,-0.0063407630659639,-0.0009804145665839,-0.0163721684366464,-0.007360138464719,0.0015617224853485,-0.021749809384346,-0.029797988012433,-0.0093482248485088,0.0125287100672721,0.0339199677109718,-0.0118747148662805,0.0096201132982969,0.062550388276577,0.0251648854464292,-0.0040107360109686,-0.00881789624691,0.0176871158182621,0.0228420477360487,0.0461144000291824,-0.0204514041543006,-0.0039693615399301,-0.0069593740627169,0.017599556595087,0.0079748192802071,0.0020236973650753,-0.0002397104253759,0.0008680201717652,0.004556322004646,0.0111176436766982,0.0219623297452926,0.0370145998895168,0.0172856301069259,-0.0196311678737402,0.0034443519543856,-0.0410725139081478,-0.0068649710156023,-0.0162737946957349,0.0122119532898068,-0.0110988216474652,0.0209423657506704,0.0209632199257612,0.0111482720822095,-0.0056338245049119,0.0015435435343533,-0.016075437888503,0.0059445281513035,0.0030581208411604,0.0017509702593088,0.006435353308916,0.0142013914883136,-0.0050110383890569,-0.0163722187280654,-0.0148107772693038,0.0162067823112011,-0.0135281383991241,0.0058188932016491,0.0187431182712316,-0.0475679785013198,-0.0450119189918041,-0.0101237511262297,0.0206878148019313,-0.0011363462544977,-0.0034805156756192,0.0081911403685808,0.0008038257947191,0.0009026653133332,0.0280991867184639,0.0006764959543943,0.0049833972007036,-0.0056331679224967,0.0086567308753728,0.0,0.0044693336822092,-0.0086109461262822,0.0269649624824523,-0.0118857249617576,-0.0028603682294487,0.0090214991942048,0.0051753972657024,0.0011462983675301,0.0357354655861854,-0.0066636237315833,-0.0261020213365554,0.0042714066803455,-0.0108348298817873,0.015829172863359,0.0638241504653303,0.0017587867607165,0.0649521960767882,0.0261306775588243,0.0746001130781415,-0.0256281516560753,0.0728848307003373,0.0396985420179152,0.1635816865416155,0.0899246448595463,0.1745555058656185,2019-02-15,2019-02-19,2019-02-20,2019-02-21,2019-02-22,2019-02-25,2019-02-26,2019-02-27,2019-02-28,2019-03-01,77661.0,2019-02-14,252.0,-0.9211%,-0.0004,0.91,0.8254,0.2456,1.8353%,2.0978%,23.4575%,-0.010333,DHI,77661.0,2019-02-15,252.0,0.4271%,-0.0004,0.9075,0.8222,0.2402,1.8360%,2.0964%,23.2984%,-0.009354,DHI,77661.0,2019-02-19,252.0,1.1509%,-0.0004,0.9135,0.82,0.2372,1.8342%,2.0973%,23.5181%,0.006579,DHI,77661.0,2019-02-20,252.0,-1.3851%,-0.0005,0.9078,0.8041,0.2159,1.8373%,2.0980%,23.3136%,-0.018795,DHI,77661.0,2019-02-21,252.0,1.0033%,-0.0004,0.9045,0.8007,0.2097,1.8396%,2.0983%,23.1353%,0.014351,DHI,77661.0,2019-02-22,252.0,1.4154%,-0.0004,0.9031,0.8128,0.2034,1.8395%,2.1000%,23.2673%,0.006854,DHI,77661.0,2019-02-25,252.0,-0.1224%,-0.0003,0.9017,0.8114,0.1976,1.8381%,2.0986%,23.2880%,-0.0002,DHI,77661.0,2019-02-26,252.0,-0.4658%,-0.0003,0.9045,0.8048,0.1964,1.8378%,2.0986%,23.3074%,0.00253,DHI,77661.0,2019-02-27,252.0,-1.3793%,-0.0003,0.9083,0.7933,0.1969,1.8395%,2.1003%,23.2875%,-0.016,DHI,77661.0,2019-02-28,252.0,-2.8721%,-0.0004,0.909,0.7929,0.2034,1.8457%,2.1037%,23.0250%,-0.025672,DHI,77661.0,2019-03-01,252.0,-0.2829%,-0.0003,0.8951,0.7722,0.1867,1.8429%,2.0932%,22.4883%,-0.010949,DHI,-0.019687,-0.013108,-0.031903,-0.010698,-0.060989
28107,SPDR DOW JONES IND AVG ETF TRUST,This Day In Market History: The Department Of Commerce And Labor Is Born,6,uncertain,0.3,0.2,the establishment of the department of commerce and labor is a historical event that may not have a direct impact on the current stock price of spdr dow jones ind avg etf trust.,1,2019-02-14,DIA,2019-02-14 12:42:00+00:00,85765.0,78467X10,-0.0025019522290676,3810979.0,0.0164131131023168,0.004989605396986,0.0006186107057146,0.0143061941489577,0.0026660580188035,-0.0015120359603315,-0.0037379623390734,-0.0023024477995932,0.0063436143100261,-0.0077598821371793,0.0027674259617924,-0.0003544321807567,-0.0013415849534794,0.006499680224806,-0.0025716335512697,0.0073459423147141,-0.0022703518625348,0.0014393116580322,0.004396847449243,-0.0002398175711277,-0.0082175508141517,0.0181921198964119,-0.0003484448534436,0.0024887826293706,-0.0051125423051416,-0.009256612509489,-0.0080196112394332,0.0078217219561338,-0.0003924133488908,-0.0010174182243645,0.0080483807250857,0.0070491852238774,-0.0035052543971687,-0.0123456912115216,0.005823518615216,0.0140436831861734,0.0007383036427199,0.0080211795866489,0.0052210441790521,0.0050698188133537,0.0025160405784845,0.0071147438138723,-0.0004246702883392,-0.003918636124581,-0.0061418274417519,-0.0004999796510674,0.0089003769680857,0.0045203492045402,-0.0177979040890932,0.0042030937038362,0.0004314426041673,0.0108769442886114,0.0054494221694767,0.0046098763123154,-0.0013647590531036,0.0333450846374034,0.003787440015003,-0.0284538883715868,0.0079742427915334,0.0006861220463179,0.0125805959105491,0.0118014635518193,-0.002667831024155,-0.0033728219568729,0.0011845984263345,0.0111494371667504,0.0067938882857561,0.0486474111676216,0.0014406129484996,-0.0267302878201007,-0.0035584585275501,-0.0182797983288765,-0.0064964345656335,-0.0194070730358362,0.000344141095411,-0.0165992695838213,-0.0007645726436749,0.0039335447363555,0.0102142831310629,-0.0206693951040506,-0.0009846243774518,-0.0196938570588827,0.0027292415034025,0.0015861371066421,0.0,0.0067559643648564,0.0044893538579344,-0.0019615502096712,-0.001845120685175,0.001637301640585,0.0053193634375929,-0.0216642785817384,-0.0021014618687331,-0.0040282155387103,-0.0052271909080445,-0.0309203211218118,0.0030620254110544,0.0126023115590214,0.0003768979513552,0.0075712692923843,0.001318588387221,-0.0009848723420873,-0.0061703398823738,0.0256161466240882,-0.0048078326508402,0.0045050554908812,0.0079503813758492,0.0147440461441874,-0.0026418545749038,-0.0075209336355328,-0.017974043264985,0.0006134719587862,0.0005395139451138,-0.0214520152658224,-0.0046984562650322,-0.0164928250014782,0.0057267099618911,0.00565074570477,-0.0248153731226921,0.0092064784839749,0.0164131131023168,0.004989605396986,0.0170418771355107,0.0193671818094796,0.0197533697875069,0.0178258619738018,0.02238631157831,0.0076023475457411,0.0233687328494127,0.0224638681277684,0.0204462147429129,0.0976844498151754,-0.0012504541765566,0.0254302733875899,2019-02-15,2019-02-19,2019-02-20,2019-02-21,2019-02-22,2019-02-25,2019-02-26,2019-02-27,2019-02-28,2019-03-01,85765.0,2019-02-14,252.0,-0.2502%,0.0001,1.0086,-0.2693,0.1162,0.2458%,1.0776%,94.7963%,0.001602,DIA,85765.0,2019-02-15,252.0,1.6413%,0.0001,1.0154,-0.2626,0.128,0.2462%,1.0803%,94.8078%,0.005032,DIA,85765.0,2019-02-19,252.0,0.0619%,0.0001,1.0149,-0.263,0.1276,0.2462%,1.0774%,94.7770%,-0.001033,DIA,85765.0,2019-02-20,252.0,0.2666%,0.0001,1.015,-0.2632,0.1277,0.2462%,1.0775%,94.7790%,0.000514,DIA,85765.0,2019-02-21,252.0,-0.3738%,0.0002,1.0132,-0.2668,0.1245,0.2442%,1.0757%,94.8453%,2.7e-05,DIA,85765.0,2019-02-22,252.0,0.6344%,0.0002,1.0128,-0.2654,0.1206,0.2448%,1.0755%,94.8183%,0.002956,DIA,85765.0,2019-02-25,252.0,0.2767%,0.0001,1.0136,-0.2648,0.1241,0.2403%,1.0747%,95.0022%,0.000675,DIA,85765.0,2019-02-26,252.0,-0.1342%,0.0001,1.0157,-0.265,0.1255,0.2397%,1.0714%,94.9960%,-0.001105,DIA,85765.0,2019-02-27,252.0,-0.2572%,0.0001,1.0143,-0.2634,0.1253,0.2397%,1.0670%,94.9537%,-0.002932,DIA,85765.0,2019-02-28,252.0,-0.2270%,0.0001,1.0143,-0.2634,0.1251,0.2398%,1.0646%,94.9276%,0.00114,DIA,85765.0,2019-03-01,252.0,0.4397%,0.0001,1.0112,-0.268,0.1211,0.2384%,1.0606%,94.9492%,-0.001732,DIA,0.006634,0.005601,0.006115,0.009098,0.005144
28115,DISH NETWORK CORP,"Cooperman's Omega 13F Shows Liquidated Stakes In Ditech, DISH",6,decrease,0.7,0.6,"the liquidation of stakes by a notable investor like cooperman may signal a lack of confidence in dish network corp, potentially leading to a decrease in stock price.",0,2019-02-14,DISH,2019-02-14 18:40:00+00:00,81696.0,25470M10,0.0291060339659452,5459602.0,0.0404039993882179,-0.0767754167318344,-0.0051779886707663,0.0035313197877258,0.0169160850346088,-0.0123652908951044,0.0015994637506082,0.0151271717622876,0.0482274107635021,-0.008931441232562,-0.026508193463087,0.0038424860686063,-0.0009389885817654,0.0344484597444534,0.001253101741895,-0.0082128774374723,0.0172089878469705,-0.0074991700239479,-0.0086126970127224,0.0326599068939685,0.0384735241532325,-0.0016806466737762,-0.0696146339178085,-0.0181517899036407,0.0256904680281877,0.007313807029277,0.0072009279392659,-0.0013280515559017,-0.0130555853247642,0.0346959866583347,0.0154331233352422,-0.0135547146201133,-0.0024814461357891,-0.0097315106540918,0.0059079173952341,0.0156782232224941,0.0068006562069058,0.0276707857847213,0.0,0.0106194419786334,-0.0049124914221465,0.0231799837201833,-0.0107990894466638,-0.019182913005352,-0.0162196010351181,-0.0171089302748441,0.0218769367784261,0.0134465377777814,-0.0297858864068985,-0.0146443536505103,-0.0204669423401355,0.0027972001116722,0.029709493741393,0.0113154063001275,-0.0066582430154085,0.0704012364149093,-0.0031918410677462,0.0208655688911676,0.0147294588387012,0.0364437289535999,0.0457557216286659,0.0004006501985713,0.0024140565656125,0.0237899888306856,-0.0087297083809971,-0.0204901657998561,0.0267233848571777,0.0379482842981815,0.0263235531747341,-0.0415667816996574,-0.0204610675573349,-0.0551359169185161,-0.0076493709348142,-0.0529327467083931,0.0260895658284425,-0.0375215224921703,0.0031782898586243,-0.0297261625528335,-0.0120968306437134,-0.0231647342443466,-0.0020408073905855,-0.0048701176419854,-0.0032135732471942,-0.0434783063828945,0.0167057365179061,0.0183428172022104,0.0057653724215924,-0.0112569956108927,-0.0326741002500057,0.0015659015625715,-0.0026666712947189,-0.0021874904632568,0.0145573876798152,0.0021922860760241,-0.0084919733926653,-0.0437256395816803,0.027466045692563,0.0192308034747839,0.018396072089672,-0.0060679842717945,-0.0087496861815452,-0.0178784932941198,-0.01281323377043,0.037082839757204,-0.0308624096214771,0.0077857365831732,0.0440477207303047,0.0469514355063438,-0.0105473985895514,-0.019187731668353,-0.0034571862779557,0.0412920340895652,0.0098294345661997,-0.046666644513607,-0.0045805852860212,-0.041095845401287,0.0198446530848741,-0.0081521878018975,-0.0400450713932514,0.0317757166922092,0.0404039993882179,-0.0767754167318344,0.0350167992663656,-0.0735152154924246,0.0525252314550042,-0.084971469362749,0.1050504637720068,-0.0794258263273443,0.0851851407977566,-0.0282828311307895,0.0670033547189521,0.1557870051953669,0.1461279432483968,-0.1009345130833264,2019-02-15,2019-02-19,2019-02-20,2019-02-21,2019-02-22,2019-02-25,2019-02-26,2019-02-27,2019-02-28,2019-03-01,81696.0,2019-02-14,252.0,2.9106%,-0.0014,1.359,0.2991,0.4731,2.2403%,2.6205%,26.9140%,0.033279,DISH,81696.0,2019-02-15,252.0,4.0404%,-0.0012,1.3818,0.3221,0.5135,2.2442%,2.6320%,27.2938%,0.0219289999999999,DISH,81696.0,2019-02-19,252.0,-0.5178%,-0.0013,1.3784,0.3188,0.5101,2.2447%,2.6296%,27.1305%,-0.010378,DISH,81696.0,2019-02-20,252.0,1.6916%,-0.0013,1.3818,0.3269,0.5224,2.2460%,2.6321%,27.1860%,0.0106909999999999,DISH,81696.0,2019-02-21,252.0,0.1599%,-0.0012,1.3752,0.3155,0.5102,2.2453%,2.6280%,26.9992%,0.008043,DISH,81696.0,2019-02-22,252.0,4.8227%,-0.0009,1.3671,0.3637,0.4569,2.2567%,2.6393%,26.8918%,0.044954,DISH,81696.0,2019-02-25,252.0,-2.6508%,-0.0011,1.3694,0.3787,0.4732,2.2596%,2.6421%,26.8627%,-0.0268909999999999,DISH,81696.0,2019-02-26,252.0,-0.0939%,-0.001,1.3705,0.369,0.4691,2.2597%,2.6405%,26.7583%,0.005137,DISH,81696.0,2019-02-27,252.0,0.1253%,-0.001,1.3712,0.3679,0.4692,2.2597%,2.6395%,26.7053%,-0.0002179999999999,DISH,81696.0,2019-02-28,252.0,1.7209%,-0.0009,1.3608,0.3615,0.4561,2.2635%,2.6359%,26.2595%,0.0224589999999999,DISH,81696.0,2019-03-01,252.0,-0.8613%,-0.0009,1.3414,0.3327,0.434,2.2601%,2.6218%,25.6912%,-0.017724,DISH,0.055208,0.04483,0.055521,0.108518,0.091281
28123,DISH NETWORK CORP,"Subscriber Weakness Could Continue At DISH Network, Guggenheim Says",6,decrease,0.8,0.7,"the mention of continued subscriber weakness suggests ongoing challenges for dish network, likely leading to a decrease in stock price.",0,2019-02-14,DISH,2019-02-14 14:19:00+00:00,81696.0,25470M10,0.0291060339659452,5459602.0,0.0404039993882179,-0.0767754167318344,-0.0051779886707663,0.0035313197877258,0.0169160850346088,-0.0123652908951044,0.0015994637506082,0.0151271717622876,0.0482274107635021,-0.008931441232562,-0.026508193463087,0.0038424860686063,-0.0009389885817654,0.0344484597444534,0.001253101741895,-0.0082128774374723,0.0172089878469705,-0.0074991700239479,-0.0086126970127224,0.0326599068939685,0.0384735241532325,-0.0016806466737762,-0.0696146339178085,-0.0181517899036407,0.0256904680281877,0.007313807029277,0.0072009279392659,-0.0013280515559017,-0.0130555853247642,0.0346959866583347,0.0154331233352422,-0.0135547146201133,-0.0024814461357891,-0.0097315106540918,0.0059079173952341,0.0156782232224941,0.0068006562069058,0.0276707857847213,0.0,0.0106194419786334,-0.0049124914221465,0.0231799837201833,-0.0107990894466638,-0.019182913005352,-0.0162196010351181,-0.0171089302748441,0.0218769367784261,0.0134465377777814,-0.0297858864068985,-0.0146443536505103,-0.0204669423401355,0.0027972001116722,0.029709493741393,0.0113154063001275,-0.0066582430154085,0.0704012364149093,-0.0031918410677462,0.0208655688911676,0.0147294588387012,0.0364437289535999,0.0457557216286659,0.0004006501985713,0.0024140565656125,0.0237899888306856,-0.0087297083809971,-0.0204901657998561,0.0267233848571777,0.0379482842981815,0.0263235531747341,-0.0415667816996574,-0.0204610675573349,-0.0551359169185161,-0.0076493709348142,-0.0529327467083931,0.0260895658284425,-0.0375215224921703,0.0031782898586243,-0.0297261625528335,-0.0120968306437134,-0.0231647342443466,-0.0020408073905855,-0.0048701176419854,-0.0032135732471942,-0.0434783063828945,0.0167057365179061,0.0183428172022104,0.0057653724215924,-0.0112569956108927,-0.0326741002500057,0.0015659015625715,-0.0026666712947189,-0.0021874904632568,0.0145573876798152,0.0021922860760241,-0.0084919733926653,-0.0437256395816803,0.027466045692563,0.0192308034747839,0.018396072089672,-0.0060679842717945,-0.0087496861815452,-0.0178784932941198,-0.01281323377043,0.037082839757204,-0.0308624096214771,0.0077857365831732,0.0440477207303047,0.0469514355063438,-0.0105473985895514,-0.019187731668353,-0.0034571862779557,0.0412920340895652,0.0098294345661997,-0.046666644513607,-0.0045805852860212,-0.041095845401287,0.0198446530848741,-0.0081521878018975,-0.0400450713932514,0.0317757166922092,0.0404039993882179,-0.0767754167318344,0.0350167992663656,-0.0735152154924246,0.0525252314550042,-0.084971469362749,0.1050504637720068,-0.0794258263273443,0.0851851407977566,-0.0282828311307895,0.0670033547189521,0.1557870051953669,0.1461279432483968,-0.1009345130833264,2019-02-15,2019-02-19,2019-02-20,2019-02-21,2019-02-22,2019-02-25,2019-02-26,2019-02-27,2019-02-28,2019-03-01,81696.0,2019-02-14,252.0,2.9106%,-0.0014,1.359,0.2991,0.4731,2.2403%,2.6205%,26.9140%,0.033279,DISH,81696.0,2019-02-15,252.0,4.0404%,-0.0012,1.3818,0.3221,0.5135,2.2442%,2.6320%,27.2938%,0.0219289999999999,DISH,81696.0,2019-02-19,252.0,-0.5178%,-0.0013,1.3784,0.3188,0.5101,2.2447%,2.6296%,27.1305%,-0.010378,DISH,81696.0,2019-02-20,252.0,1.6916%,-0.0013,1.3818,0.3269,0.5224,2.2460%,2.6321%,27.1860%,0.0106909999999999,DISH,81696.0,2019-02-21,252.0,0.1599%,-0.0012,1.3752,0.3155,0.5102,2.2453%,2.6280%,26.9992%,0.008043,DISH,81696.0,2019-02-22,252.0,4.8227%,-0.0009,1.3671,0.3637,0.4569,2.2567%,2.6393%,26.8918%,0.044954,DISH,81696.0,2019-02-25,252.0,-2.6508%,-0.0011,1.3694,0.3787,0.4732,2.2596%,2.6421%,26.8627%,-0.0268909999999999,DISH,81696.0,2019-02-26,252.0,-0.0939%,-0.001,1.3705,0.369,0.4691,2.2597%,2.6405%,26.7583%,0.005137,DISH,81696.0,2019-02-27,252.0,0.1253%,-0.001,1.3712,0.3679,0.4692,2.2597%,2.6395%,26.7053%,-0.0002179999999999,DISH,81696.0,2019-02-28,252.0,1.7209%,-0.0009,1.3608,0.3615,0.4561,2.2635%,2.6359%,26.2595%,0.0224589999999999,DISH,81696.0,2019-03-01,252.0,-0.8613%,-0.0009,1.3414,0.3327,0.434,2.2601%,2.6218%,25.6912%,-0.017724,DISH,0.055208,0.04483,0.055521,0.108518,0.091281
28131,DISH NETWORK CORP,Barclays Downgrades DISH Network to Equal-Weight,6,decrease,0.8,0.7,"a downgrade from barclays typically signals a negative outlook, which can lead to a decrease in investor confidence and subsequently lower stock prices.",0,2019-02-14,DISH,2019-02-14 13:46:00+00:00,81696.0,25470M10,0.0291060339659452,5459602.0,0.0404039993882179,-0.0767754167318344,-0.0051779886707663,0.0035313197877258,0.0169160850346088,-0.0123652908951044,0.0015994637506082,0.0151271717622876,0.0482274107635021,-0.008931441232562,-0.026508193463087,0.0038424860686063,-0.0009389885817654,0.0344484597444534,0.001253101741895,-0.0082128774374723,0.0172089878469705,-0.0074991700239479,-0.0086126970127224,0.0326599068939685,0.0384735241532325,-0.0016806466737762,-0.0696146339178085,-0.0181517899036407,0.0256904680281877,0.007313807029277,0.0072009279392659,-0.0013280515559017,-0.0130555853247642,0.0346959866583347,0.0154331233352422,-0.0135547146201133,-0.0024814461357891,-0.0097315106540918,0.0059079173952341,0.0156782232224941,0.0068006562069058,0.0276707857847213,0.0,0.0106194419786334,-0.0049124914221465,0.0231799837201833,-0.0107990894466638,-0.019182913005352,-0.0162196010351181,-0.0171089302748441,0.0218769367784261,0.0134465377777814,-0.0297858864068985,-0.0146443536505103,-0.0204669423401355,0.0027972001116722,0.029709493741393,0.0113154063001275,-0.0066582430154085,0.0704012364149093,-0.0031918410677462,0.0208655688911676,0.0147294588387012,0.0364437289535999,0.0457557216286659,0.0004006501985713,0.0024140565656125,0.0237899888306856,-0.0087297083809971,-0.0204901657998561,0.0267233848571777,0.0379482842981815,0.0263235531747341,-0.0415667816996574,-0.0204610675573349,-0.0551359169185161,-0.0076493709348142,-0.0529327467083931,0.0260895658284425,-0.0375215224921703,0.0031782898586243,-0.0297261625528335,-0.0120968306437134,-0.0231647342443466,-0.0020408073905855,-0.0048701176419854,-0.0032135732471942,-0.0434783063828945,0.0167057365179061,0.0183428172022104,0.0057653724215924,-0.0112569956108927,-0.0326741002500057,0.0015659015625715,-0.0026666712947189,-0.0021874904632568,0.0145573876798152,0.0021922860760241,-0.0084919733926653,-0.0437256395816803,0.027466045692563,0.0192308034747839,0.018396072089672,-0.0060679842717945,-0.0087496861815452,-0.0178784932941198,-0.01281323377043,0.037082839757204,-0.0308624096214771,0.0077857365831732,0.0440477207303047,0.0469514355063438,-0.0105473985895514,-0.019187731668353,-0.0034571862779557,0.0412920340895652,0.0098294345661997,-0.046666644513607,-0.0045805852860212,-0.041095845401287,0.0198446530848741,-0.0081521878018975,-0.0400450713932514,0.0317757166922092,0.0404039993882179,-0.0767754167318344,0.0350167992663656,-0.0735152154924246,0.0525252314550042,-0.084971469362749,0.1050504637720068,-0.0794258263273443,0.0851851407977566,-0.0282828311307895,0.0670033547189521,0.1557870051953669,0.1461279432483968,-0.1009345130833264,2019-02-15,2019-02-19,2019-02-20,2019-02-21,2019-02-22,2019-02-25,2019-02-26,2019-02-27,2019-02-28,2019-03-01,81696.0,2019-02-14,252.0,2.9106%,-0.0014,1.359,0.2991,0.4731,2.2403%,2.6205%,26.9140%,0.033279,DISH,81696.0,2019-02-15,252.0,4.0404%,-0.0012,1.3818,0.3221,0.5135,2.2442%,2.6320%,27.2938%,0.0219289999999999,DISH,81696.0,2019-02-19,252.0,-0.5178%,-0.0013,1.3784,0.3188,0.5101,2.2447%,2.6296%,27.1305%,-0.010378,DISH,81696.0,2019-02-20,252.0,1.6916%,-0.0013,1.3818,0.3269,0.5224,2.2460%,2.6321%,27.1860%,0.0106909999999999,DISH,81696.0,2019-02-21,252.0,0.1599%,-0.0012,1.3752,0.3155,0.5102,2.2453%,2.6280%,26.9992%,0.008043,DISH,81696.0,2019-02-22,252.0,4.8227%,-0.0009,1.3671,0.3637,0.4569,2.2567%,2.6393%,26.8918%,0.044954,DISH,81696.0,2019-02-25,252.0,-2.6508%,-0.0011,1.3694,0.3787,0.4732,2.2596%,2.6421%,26.8627%,-0.0268909999999999,DISH,81696.0,2019-02-26,252.0,-0.0939%,-0.001,1.3705,0.369,0.4691,2.2597%,2.6405%,26.7583%,0.005137,DISH,81696.0,2019-02-27,252.0,0.1253%,-0.001,1.3712,0.3679,0.4692,2.2597%,2.6395%,26.7053%,-0.0002179999999999,DISH,81696.0,2019-02-28,252.0,1.7209%,-0.0009,1.3608,0.3615,0.4561,2.2635%,2.6359%,26.2595%,0.0224589999999999,DISH,81696.0,2019-03-01,252.0,-0.8613%,-0.0009,1.3414,0.3327,0.434,2.2601%,2.6218%,25.6912%,-0.017724,DISH,0.055208,0.04483,0.055521,0.108518,0.091281
28139,D L H HOLDINGS CORP,"DLH Holdings Q1 EPS $0.13 Beats $0.07 Estimate, Sales $33.752M Beat $32.12M Estimate",6,increase,0.8,0.7,"the company reported better-than-expected earnings and sales, which typically boosts investor confidence and can lead to an increase in stock price.",2,2019-02-14,DLHC,2019-02-14 13:18:00+00:00,10257.0,23335Q10,0.0479573681950569,88773.0,0.0084745278581976,0.0292505174875259,0.0470588617026805,-0.001824859296903,-0.0208667926490306,-0.0072463699616491,0.0573770329356193,0.0395480319857597,-0.0139534389600157,-0.0432432852685451,-0.0267295707017183,0.0551330707967281,0.0323101468384265,-0.0204841084778308,0.0172144193202257,0.042718406766653,0.0,0.0404040999710559,-0.0307692009955644,-0.0080160247161984,0.0222222004085779,0.0227295868098735,-0.0217391103506088,-0.0670937225222587,-0.0079365381971001,0.0565657019615173,-0.0080000301823019,-0.0319931097328662,-0.0354838371276855,-0.0387970656156539,0.0117057142779231,0.0133333662524819,-0.011570275761187,0.0355029217898845,0.0,0.0140000339597463,0.0066889566369354,-0.0291262324899435,0.0016611675964668,-0.0337710753083229,0.0862354859709739,0.0269749257713556,0.0259541366249322,-0.0114285601302981,-0.0044642463326454,-0.0140844713896513,-0.0358744747936725,-0.0088044852018356,0.0217054802924394,0.0079362522810697,-0.013657079078257,-0.0220183283090591,-0.0076923370361328,0.0205991864204406,0.0077519677579402,0.0113636255264282,-0.0046154167503118,-0.0486486442387104,-0.0108191184699535,0.193548396229744,0.0156249850988388,0.0643168091773986,-0.0153846004977822,0.0279999896883964,-0.0234375149011611,-0.0362811461091041,0.0080000301823019,-0.060702845454216,-0.0158730763942003,0.0444938391447067,-0.008112845942378,0.0101123768836259,-0.0162121690809726,-0.0219565797597169,0.0148759791627526,-0.0338479131460189,-0.0114006018266081,0.0465111210942268,-0.0164745263755321,-0.046610128134489,-0.0201004836708307,-0.0166667494922876,0.0034188001882284,0.0126583166420459,-0.011924990452826,-0.0144096175208687,0.0672413557767868,-0.0476634129881858,-0.0549273267388343,-0.0543071068823337,0.0461538434028625,-0.0308530069887638,0.0163398534059524,0.0467922240495681,0.0112540470436215,-0.0011954407673329,0.0095389420166611,0.0095785809680819,-0.009448810480535,-0.0937500745058059,-0.0063592945225536,0.0472727678716182,0.0080000301823019,0.0338345542550087,-0.0158730763942003,0.0310078151524066,0.0161290951073169,0.0,0.0158730000257492,0.0117646949365735,0.0,-0.0431519746780395,-0.0312500447034835,0.0289575476199388,-0.0225806236267089,0.0380761660635471,-0.0099009806290268,-0.0440613068640232,-0.0216666851192712,0.0096711246296763,0.0084745278581976,0.0292505174875259,0.0559321911953527,0.0273722801118465,0.0338982731102426,0.0199275604818129,0.0779661058148277,0.0144144031352999,0.0677966260156577,0.1282565930411248,0.0847457671428504,0.2107526872939376,-0.0050847749261769,0.0889748618030408,2019-02-15,2019-02-19,2019-02-20,2019-02-21,2019-02-22,2019-02-25,2019-02-26,2019-02-27,2019-02-28,2019-03-01,10257.0,2019-02-14,252.0,4.7957%,0.0002,-0.0503,0.052,-0.2513,3.1267%,3.1304%,0.2333%,0.046325,DLHC,10257.0,2019-02-15,252.0,0.8475%,0.0004,-0.0304,0.0709,-0.2177,3.1256%,3.1287%,0.1990%,0.010018,DLHC,10257.0,2019-02-19,252.0,4.7059%,0.0006,-0.0139,0.0901,-0.1974,3.1365%,3.1396%,0.1922%,0.047464,DLHC,10257.0,2019-02-20,252.0,-2.0867%,0.0005,-0.0201,0.0745,-0.2199,3.1391%,3.1424%,0.2109%,-0.020053,DLHC,10257.0,2019-02-21,252.0,5.7377%,0.0007,-0.0266,0.0736,-0.2322,3.1570%,3.1605%,0.2244%,0.056749,DLHC,10257.0,2019-02-22,252.0,-1.3953%,0.0006,-0.0241,0.0754,-0.2015,3.1589%,3.1618%,0.1808%,-0.017699,DLHC,10257.0,2019-02-25,252.0,-2.6730%,0.0006,-0.0264,0.0867,-0.2038,3.1611%,3.1642%,0.1924%,-0.02696,DLHC,10257.0,2019-02-26,252.0,3.2310%,0.0007,-0.0348,0.0511,-0.2282,3.1672%,3.1703%,0.1982%,0.03205,DLHC,10257.0,2019-02-27,252.0,1.7214%,0.0008,-0.0337,0.0538,-0.2279,3.1688%,3.1720%,0.2000%,0.0167749999999999,DLHC,10257.0,2019-02-28,252.0,0.0000%,0.0008,-0.0359,0.0522,-0.2292,3.1687%,3.1718%,0.2000%,-0.000785,DLHC,10257.0,2019-03-01,252.0,-3.0769%,0.0006,-0.0333,0.0562,-0.2101,3.1737%,3.1764%,0.1730%,-0.031669,DLHC,0.056343,0.103807,0.083754,0.122804,0.112215
28147,NOW INC,"Now Q4 EPS $0.11 Beats $0.06 Estimate, Sales $764M Miss $773.9M Estimate",6,uncertain,0.6,0.3,"while the earnings per share (eps) beat estimates, the sales miss could lead to mixed investor reactions, making the overall impact on the stock price uncertain.",1,2019-02-14,DNOW,2019-02-14 12:24:00+00:00,14632.0,67011P10,0.0592972487211227,2566115.0,0.043538361787796,0.0022010074462741,0.0132450200617313,0.0171642173081636,0.0366012714803218,0.0113207260146737,-0.0208070576190948,-0.0060014948248863,-0.0038634557276964,-0.037545159459114,-0.0019392815884202,-0.0021613640710711,-0.0297927502542734,0.0043415646068751,0.0113484701141715,0.0065550003200769,-0.0475247092545032,0.0147819519042968,0.0311850178986787,-0.0167151521891355,-0.0161290168762207,0.0207715649157762,-0.017076501622796,0.0,-0.0361362360417842,-0.0029586474411189,-0.0129776718094945,0.0289193373173475,0.0014609538484364,0.0193948801606893,0.0204230286180973,-0.0279034599661827,0.0078628025949001,-0.034231562167406,0.0120567427948117,0.0132840843871235,-0.0147161902859807,0.011194072663784,-0.0291607957333326,0.0060060005635023,0.0344322547316551,-0.0067114210687577,0.0169971510767936,0.0044943420216441,0.0146239586174488,0.0060286298394203,0.0041180797852575,0.0015094685368239,-0.0492139607667923,0.0030280062928795,-0.0021567025687545,0.0368917025625705,0.0064841606654226,0.0459769666194915,0.0064423871226608,0.0304569043219089,0.0220483262091875,-0.019087178632617,-0.028531651943922,0.0352233536541461,0.0451289489865303,0.0157068334519863,0.0027416010852903,-0.0017421171069145,-0.0150376120582222,0.0070175374858081,0.0111033897846937,0.0982658490538597,0.0253946390002965,-0.0415512286126613,-0.000669295550324,0.014044907875359,-0.0241125654429197,-0.0183823350816965,0.0226492751389741,-0.0764006450772285,0.0120805576443672,-0.0067453561350703,0.0125995045527815,-0.0008424792904406,-0.0013097876217216,-0.0270491745322942,0.0144262472167611,-0.037854928523302,-0.0045249285176396,0.0359477549791336,0.0032467658165842,-0.0392464697360992,-0.0012944663176313,-0.0548961274325847,0.0123136471956968,-0.0357653796672821,-0.0166453421115875,-0.0284920632839202,-0.0247395914047956,-0.0075861830264329,-0.0006675084005109,0.0748702958226203,0.0120240049436688,-0.0452937260270118,-0.0349834822118282,0.0150862094014883,-0.024623779579997,0.0341753363609314,0.0413744859397411,-0.0095658656209707,0.0457912012934684,0.0104089472442865,-0.0289761628955602,-0.0281792152673006,-0.0318302102386951,0.0094821378588676,-0.0232876818627119,-0.0577319674193859,-0.01472651027143,-0.0013726495672017,0.0135231018066406,0.0006867633783258,-0.0519662760198116,0.0527838394045829,0.043538361787796,0.0022010074462741,0.0573600483248615,0.0194030033245424,0.0960607705060461,0.0309433854237151,0.0691084978354947,-0.0137184503048261,0.0283344716389175,-0.0072674704613281,-0.0352453502223552,0.1735394670732204,-0.0670352613237466,-0.0122921215858932,2019-02-15,2019-02-19,2019-02-20,2019-02-21,2019-02-22,2019-02-25,2019-02-26,2019-02-27,2019-02-28,2019-03-01,14632.0,2019-02-14,252.0,5.9297%,0.0018,1.6158,1.935,0.8996,2.3028%,2.9431%,38.7810%,0.058146,DNOW,14632.0,2019-02-15,252.0,4.3538%,0.002,1.6508,1.968,0.9584,2.2960%,2.9547%,39.6155%,0.016024,DNOW,14632.0,2019-02-19,252.0,1.3245%,0.0019,1.6407,1.9816,0.9747,2.2872%,2.9431%,39.6070%,0.001426,DNOW,14632.0,2019-02-20,252.0,3.6601%,0.0022,1.6523,2.0333,1.0228,2.2604%,2.9342%,40.6507%,0.023664,DNOW,14632.0,2019-02-21,252.0,-2.0807%,0.002,1.6674,2.0611,1.0505,2.2521%,2.9366%,41.1857%,-0.0110179999999999,DNOW,14632.0,2019-02-22,252.0,-0.3863%,0.0021,1.6675,2.1015,1.0896,2.2444%,2.9340%,41.4842%,-0.010695,DNOW,14632.0,2019-02-25,252.0,-0.1939%,0.002,1.6717,2.1051,1.1067,2.2334%,2.9273%,41.7880%,0.002884,DNOW,14632.0,2019-02-26,252.0,-2.9793%,0.002,1.6785,2.1153,1.117,2.2343%,2.9337%,41.9973%,-0.010093,DNOW,14632.0,2019-02-27,252.0,1.1348%,0.002,1.677,2.1194,1.1168,2.2344%,2.9335%,41.9831%,0.0070589999999999,DNOW,14632.0,2019-02-28,252.0,-4.7525%,0.0019,1.6669,2.1111,1.1192,2.2393%,2.9262%,41.4368%,-0.0400579999999999,DNOW,14632.0,2019-03-01,252.0,3.1185%,0.002,1.6746,2.1225,1.1239,2.2410%,2.9281%,41.4269%,0.0174479999999999,DNOW,0.07417,0.075596,0.09926,0.077547,0.0547869999999999
28155,DOMINOS PIZZA INC,"Tiger Global 13F Shows Cut Stakes In Pinduoduo, Domino's, Despegar; Raised Stake In FCA",6,decrease,0.7,0.6,"the news indicates that tiger global has cut its stake in domino's pizza, which may signal a lack of confidence in the company's future performance, potentially leading to a decrease in stock price.",0,2019-02-14,DPZ,2019-02-14 18:07:00+00:00,90248.0,25754A20,-0.0056094015017151,871877.0,-0.0192562118172645,0.0055360062979161,-0.0085921641439199,-0.025944497436285,-0.0026502192486077,0.0161978956311941,-0.0914933979511261,0.004396098665893,0.0304335691034793,0.0034735486842691,-0.0182961504906415,-0.0048394133336842,-0.0122294481843709,0.0292453877627849,-0.0011866739951074,0.009626755490899,-0.0062175444327294,-0.0188206955790519,-0.000836880179122,0.0240742564201355,-0.0086147990077734,0.0080407178029418,0.0030574665870517,-0.0176561065018177,-0.0029278295114636,-0.0153786428272724,-0.0026548819150775,0.0262929741293191,0.0104057509452104,0.0136183965951204,-0.0140906861051917,0.0369358509778976,-0.0283007621765136,-0.0150676695629954,0.0223749801516532,0.0329033322632312,0.010310978628695,0.0489770956337451,-0.0120525611564517,-0.0041953823529183,-0.0035206966567784,0.0152352917939424,0.0219793375581502,-0.0193582363426685,-0.0193760748952627,0.0113733420148491,0.0045503019355237,-0.0016221010591834,-0.0236686505377292,0.0180834382772445,0.0138348909094929,-0.0171244814991951,0.0117084281519055,0.0116173503920435,0.0088834883645176,0.0163127519190311,0.0256078690290451,-0.0148376515135169,0.0164619088172912,-0.018912062048912,-0.0335141755640506,-0.0078415339812636,-0.0169572886079549,0.0059564360417425,0.0321751870214939,-0.0017677169525995,-0.0164750423282384,0.0621292814612388,0.0225757006555795,-0.021462270990014,-0.0277341194450855,0.0174179282039403,0.0013333407696336,-0.0166680812835693,0.0044788792729377,-0.0215409323573112,0.0265525858849287,0.0101572787389159,0.0080609750002622,-0.0273884274065494,0.0050076032057404,-0.0045970943756401,-0.0137504739686846,0.0041253245435655,0.0388110131025314,-0.0092063779011368,0.0088972114026546,-0.0125779034569859,-0.0060161631554365,-0.0120393326506018,0.0157895199954509,-0.030330279842019,0.0489267222583293,0.0014284824719652,-0.0245924815535545,-0.0374149531126022,-0.0109242880716919,-0.003461783984676,-0.0166770201176405,-0.0102076716721057,0.0063599194400012,0.0233016982674598,0.0032522911205887,0.0194355547428131,0.0105356806889176,0.0083345901221036,0.0197943728417158,0.0147047061473131,0.0081143481656908,0.0112099992111325,-0.016417184844613,0.0171224642544984,0.0207649115473032,0.0124965040013194,-0.0034963455982506,-0.0474264547228813,-0.0134321255609393,0.0192589163780212,-0.0161295775324106,-0.0244250725954771,-0.0192562118172645,0.0055360062979161,-0.0276829234284604,-0.0205521200395724,-0.0302597768605403,-0.004687125503779,-0.092172162100657,0.0031608343116187,-0.1269238731337043,0.0423734571413914,-0.0988977772948562,0.1645630114090774,-0.0438052094023128,0.087610650141283,2019-02-15,2019-02-19,2019-02-20,2019-02-21,2019-02-22,2019-02-25,2019-02-26,2019-02-27,2019-02-28,2019-03-01,90248.0,2019-02-14,252.0,-0.5609%,0.0011,0.672,0.0846,-0.4332,1.5073%,1.7374%,24.7283%,-0.007286,DPZ,90248.0,2019-02-15,252.0,-1.9256%,0.001,0.6554,0.0669,-0.4639,1.5162%,1.7417%,24.2203%,-0.025082,DPZ,90248.0,2019-02-19,252.0,-0.8592%,0.0008,0.6452,0.0724,-0.4568,1.5084%,1.7275%,23.7589%,-0.00874,DPZ,90248.0,2019-02-20,252.0,-0.2650%,0.0007,0.6433,0.0623,-0.4652,1.5061%,1.7258%,23.8390%,-0.001623,DPZ,90248.0,2019-02-21,252.0,-9.1493%,0.0004,0.6664,0.0894,-0.4221,1.6108%,1.8217%,21.8126%,-0.0902399999999999,DPZ,90248.0,2019-02-22,252.0,3.0434%,0.0003,0.666,0.0344,-0.478,1.5912%,1.8137%,23.0271%,0.019306,DPZ,90248.0,2019-02-25,252.0,-1.8296%,0.0002,0.664,0.0425,-0.4811,1.5925%,1.8149%,22.9996%,-0.020166,DPZ,90248.0,2019-02-26,252.0,-1.2229%,0.0002,0.6684,0.0561,-0.4709,1.5945%,1.8161%,22.9154%,-0.012583,DPZ,90248.0,2019-02-27,252.0,-0.1187%,0.0002,0.6734,0.0463,-0.4701,1.5929%,1.8159%,23.0523%,-0.00256,DPZ,90248.0,2019-02-28,252.0,-0.6218%,0.0002,0.6754,0.0475,-0.4673,1.5933%,1.8158%,23.0097%,-0.0054139999999999,DPZ,90248.0,2019-03-01,252.0,-0.0837%,0.0002,0.6664,0.0341,-0.4775,1.5922%,1.8121%,22.7893%,-0.0077969999999999,DPZ,-0.032368,-0.041108,-0.042731,-0.1136649999999999,-0.162185
28163,DOMINOS PIZZA INC,"Wells Fargo Maintains Market Perform on Domino's Pizza, Raises Price Target to $263",6,increase,0.7,0.6,"maintaining a 'market perform' rating while raising the price target suggests a positive outlook for domino's pizza, which could lead to an increase in stock price.",2,2019-02-14,DPZ,2019-02-14 13:51:00+00:00,90248.0,25754A20,-0.0056094015017151,871877.0,-0.0192562118172645,0.0055360062979161,-0.0085921641439199,-0.025944497436285,-0.0026502192486077,0.0161978956311941,-0.0914933979511261,0.004396098665893,0.0304335691034793,0.0034735486842691,-0.0182961504906415,-0.0048394133336842,-0.0122294481843709,0.0292453877627849,-0.0011866739951074,0.009626755490899,-0.0062175444327294,-0.0188206955790519,-0.000836880179122,0.0240742564201355,-0.0086147990077734,0.0080407178029418,0.0030574665870517,-0.0176561065018177,-0.0029278295114636,-0.0153786428272724,-0.0026548819150775,0.0262929741293191,0.0104057509452104,0.0136183965951204,-0.0140906861051917,0.0369358509778976,-0.0283007621765136,-0.0150676695629954,0.0223749801516532,0.0329033322632312,0.010310978628695,0.0489770956337451,-0.0120525611564517,-0.0041953823529183,-0.0035206966567784,0.0152352917939424,0.0219793375581502,-0.0193582363426685,-0.0193760748952627,0.0113733420148491,0.0045503019355237,-0.0016221010591834,-0.0236686505377292,0.0180834382772445,0.0138348909094929,-0.0171244814991951,0.0117084281519055,0.0116173503920435,0.0088834883645176,0.0163127519190311,0.0256078690290451,-0.0148376515135169,0.0164619088172912,-0.018912062048912,-0.0335141755640506,-0.0078415339812636,-0.0169572886079549,0.0059564360417425,0.0321751870214939,-0.0017677169525995,-0.0164750423282384,0.0621292814612388,0.0225757006555795,-0.021462270990014,-0.0277341194450855,0.0174179282039403,0.0013333407696336,-0.0166680812835693,0.0044788792729377,-0.0215409323573112,0.0265525858849287,0.0101572787389159,0.0080609750002622,-0.0273884274065494,0.0050076032057404,-0.0045970943756401,-0.0137504739686846,0.0041253245435655,0.0388110131025314,-0.0092063779011368,0.0088972114026546,-0.0125779034569859,-0.0060161631554365,-0.0120393326506018,0.0157895199954509,-0.030330279842019,0.0489267222583293,0.0014284824719652,-0.0245924815535545,-0.0374149531126022,-0.0109242880716919,-0.003461783984676,-0.0166770201176405,-0.0102076716721057,0.0063599194400012,0.0233016982674598,0.0032522911205887,0.0194355547428131,0.0105356806889176,0.0083345901221036,0.0197943728417158,0.0147047061473131,0.0081143481656908,0.0112099992111325,-0.016417184844613,0.0171224642544984,0.0207649115473032,0.0124965040013194,-0.0034963455982506,-0.0474264547228813,-0.0134321255609393,0.0192589163780212,-0.0161295775324106,-0.0244250725954771,-0.0192562118172645,0.0055360062979161,-0.0276829234284604,-0.0205521200395724,-0.0302597768605403,-0.004687125503779,-0.092172162100657,0.0031608343116187,-0.1269238731337043,0.0423734571413914,-0.0988977772948562,0.1645630114090774,-0.0438052094023128,0.087610650141283,2019-02-15,2019-02-19,2019-02-20,2019-02-21,2019-02-22,2019-02-25,2019-02-26,2019-02-27,2019-02-28,2019-03-01,90248.0,2019-02-14,252.0,-0.5609%,0.0011,0.672,0.0846,-0.4332,1.5073%,1.7374%,24.7283%,-0.007286,DPZ,90248.0,2019-02-15,252.0,-1.9256%,0.001,0.6554,0.0669,-0.4639,1.5162%,1.7417%,24.2203%,-0.025082,DPZ,90248.0,2019-02-19,252.0,-0.8592%,0.0008,0.6452,0.0724,-0.4568,1.5084%,1.7275%,23.7589%,-0.00874,DPZ,90248.0,2019-02-20,252.0,-0.2650%,0.0007,0.6433,0.0623,-0.4652,1.5061%,1.7258%,23.8390%,-0.001623,DPZ,90248.0,2019-02-21,252.0,-9.1493%,0.0004,0.6664,0.0894,-0.4221,1.6108%,1.8217%,21.8126%,-0.0902399999999999,DPZ,90248.0,2019-02-22,252.0,3.0434%,0.0003,0.666,0.0344,-0.478,1.5912%,1.8137%,23.0271%,0.019306,DPZ,90248.0,2019-02-25,252.0,-1.8296%,0.0002,0.664,0.0425,-0.4811,1.5925%,1.8149%,22.9996%,-0.020166,DPZ,90248.0,2019-02-26,252.0,-1.2229%,0.0002,0.6684,0.0561,-0.4709,1.5945%,1.8161%,22.9154%,-0.012583,DPZ,90248.0,2019-02-27,252.0,-0.1187%,0.0002,0.6734,0.0463,-0.4701,1.5929%,1.8159%,23.0523%,-0.00256,DPZ,90248.0,2019-02-28,252.0,-0.6218%,0.0002,0.6754,0.0475,-0.4673,1.5933%,1.8158%,23.0097%,-0.0054139999999999,DPZ,90248.0,2019-03-01,252.0,-0.0837%,0.0002,0.6664,0.0341,-0.4775,1.5922%,1.8121%,22.7893%,-0.0077969999999999,DPZ,-0.032368,-0.041108,-0.042731,-0.1136649999999999,-0.162185
28171,DUKE ENERGY CORP NEW,"Duke Energy Q4 EPS $0.84 Misses $0.89 Estimate, Sales $6.115B Beat $5.8B Estimate",6,decrease,0.7,0.5,"the earnings per share (eps) miss indicates weaker profitability than expected, which is likely to negatively impact investor sentiment despite the sales beat.",0,2019-02-14,DUK,2019-02-14 13:00:00+00:00,27959.0,26441C20,-0.0094039142131805,3987400.0,-0.0035299197770655,-0.007093062158674,0.004913727287203,0.000665467348881,0.0103479195386171,-0.0014396996702998,0.0083286203444004,0.009164054878056,0.0035719091538339,0.011530683375895,-0.0047825635410845,-0.0004519877547863,-0.0067054769024252,0.0077431146055459,0.0045004673302173,0.0004556950880214,0.0042563271708786,0.0,-0.0014499763492494,0.0201045405119657,0.0039092870429158,0.0049048908986151,-0.0038940641097724,-0.0002335583412786,0.0004467878607101,-0.0023296091239899,0.0001116683706641,-0.0098039042204618,0.0069211330264806,0.0066178999841213,0.0017738766036927,0.0060740173794329,0.0016600434901192,0.0001168473900179,0.0005523745785467,-0.0004670821654144,-0.0022084468510001,0.0043391901999711,0.0032093948684632,0.0015268645947799,-0.0065085929818451,0.0176906008273363,-0.0104374289512634,-0.0112279513850808,0.0029173530638217,-0.0077400733716785,0.0059298099949955,0.0054238778539001,0.0087864892557263,-0.0147537663578987,0.0007717717671766,0.0125867510214448,0.0083728339523077,-0.0042169452644884,-0.0114715984091162,0.0082674454897642,-0.0121574494987726,-0.0003541768528521,0.0069367056712508,-0.018540047109127,-0.0080000134184956,0.0020901102107018,-0.0016801246674731,0.0018613734282553,-0.0031414651311933,0.008328435011208,0.0056274621747434,0.0159694459289312,0.0132064949721097,-0.0428880415856838,-0.0046393261291086,-0.0053324396722018,0.0015536498976871,0.010432144626975,-0.0034348759800195,-0.0049053193069994,0.0035579239483922,-0.0048812883906066,0.0021049724891781,-0.0293113347142934,-0.0001104975890484,-0.0016501818317919,-0.0149270901456475,0.0145089626312255,-0.0003367244498804,-0.0131071973592042,0.0008982914150692,0.0030935672111809,-0.0045994617976248,0.0057784672826528,0.003155626822263,0.001781097962521,0.0075272233225405,-0.0024431005585938,0.0085860462859272,0.0047980393283069,-0.0014372278237715,0.0118550639599561,-0.0081930672749876,0.0110730733722448,0.0171913467347621,0.0,-0.0077919126488268,-0.0026187333278357,-0.0066365012899041,0.0097723435610532,0.003897184273228,0.0026513354387134,-0.0075421505607664,0.0034702494740486,-0.0024586634244769,-0.0233845431357622,-0.0163566991686821,0.0100410459563136,-0.0110478494316339,0.0110752088949084,0.0133593920618295,0.0062688752077519,0.0006819546688348,0.0074924929067492,-0.0035299197770655,-0.007093062158674,0.0013664624470073,-0.0064323150110631,0.0117285220290785,-0.0078627540795622,0.0237987251376221,0.0127741035119499,0.0194716370141678,0.0411387931807532,0.0248235072400098,0.0381227482827075,0.0026190337880598,0.0478436175782144,2019-02-15,2019-02-19,2019-02-20,2019-02-21,2019-02-22,2019-02-25,2019-02-26,2019-02-27,2019-02-28,2019-03-01,27959.0,2019-02-14,252.0,-0.9404%,0.0007,0.073,-0.5471,-0.149,1.0063%,1.0474%,7.7036%,-0.007428,DUK,27959.0,2019-02-15,252.0,-0.3530%,0.0008,0.088,-0.5339,-0.1251,0.9979%,1.0389%,7.7294%,-0.002372,DUK,27959.0,2019-02-19,252.0,0.4914%,0.0007,0.0836,-0.5224,-0.1118,0.9921%,1.0311%,7.4182%,0.00657,DUK,27959.0,2019-02-20,252.0,1.0348%,0.0008,0.0859,-0.5206,-0.1043,0.9934%,1.0322%,7.3836%,0.011853,DUK,27959.0,2019-02-21,252.0,0.8329%,0.0008,0.0786,-0.5339,-0.1177,0.9894%,1.0295%,7.6281%,0.007942,DUK,27959.0,2019-02-22,252.0,0.3572%,0.0009,0.0781,-0.5321,-0.1223,0.9896%,1.0290%,7.5033%,0.004167,DUK,27959.0,2019-02-25,252.0,-0.4783%,0.0008,0.0783,-0.5282,-0.1194,0.9907%,1.0296%,7.4072%,-0.006603,DUK,27959.0,2019-02-26,252.0,-0.6705%,0.0007,0.0698,-0.5042,-0.1137,0.9866%,1.0218%,6.7717%,-0.010454,DUK,27959.0,2019-02-27,252.0,0.4500%,0.0007,0.0677,-0.4993,-0.114,0.9865%,1.0207%,6.5904%,0.005159,DUK,27959.0,2019-02-28,252.0,0.4256%,0.0008,0.0555,-0.5075,-0.1237,0.9775%,1.0121%,6.7301%,0.004181,DUK,27959.0,2019-03-01,252.0,-0.1450%,0.0009,0.0455,-0.5223,-0.1383,0.9724%,1.0084%,7.0241%,-0.000963,DUK,-0.0098,-0.0032299999999999,0.008623,0.020732,0.012052
28179,EPAM SYSTEMS INC,"EPAM Solutions shares are trading higher after the company reported Q4 EPS of $1.27, beating the $1.22 estimate and sales of $504.931 million, beating the $501.15 million estimate; the company also issued Q1 sales guidance above analyst estimates.",6,increase,0.8,0.7,the positive earnings report and higher sales guidance are likely to boost investor confidence and drive the stock price up.,2,2019-02-14,EPAM,2019-02-14 16:31:00+00:00,13210.0,29414B10,0.0301510524004697,1410446.0,0.0038938680663704,0.0093798460438847,0.0069170086644589,-0.0068360310979187,0.0008346487302333,0.0191243980079889,0.0007056297035887,0.0139197362586855,0.016730772331357,-0.0130544984713196,0.0054851216264069,0.0072977454401552,0.00125405669678,0.0053990362212061,0.001189895090647,0.0023589560296386,0.0119472304359078,0.0187306273728609,0.0109408106654882,0.0026930517051368,-0.0064200735650956,0.0164974331855773,-0.0050461990758776,-0.0038036371115595,-0.0061231460422277,-0.0103693660348653,-0.0079034427180886,0.0362847447395324,0.0104127693921327,0.0038418101612478,0.0154581917449832,-0.0081342561170458,0.0121048828586936,-0.0153689999133348,0.0056175938807427,0.017398290336132,0.0091302515938878,0.0077680186368525,0.0087500074878335,0.0144089916720986,-0.0024783038534224,0.0260260645300149,0.0045548905618488,-0.0046750507317483,-0.0085973776876926,0.0073341848328709,0.02833217009902,0.0079371593892574,-0.051233235746622,0.0250457972288131,0.0174114257097244,0.016458623111248,0.018190573900938,0.0511334612965583,-0.030618280172348,0.0449727959930896,0.0184904709458351,-0.017757162451744,0.0067262193188071,-0.0145677300170064,0.0117660388350486,0.0172746516764164,-0.000934948620852,-0.0086926287040114,0.023748230189085,0.0205819699913263,-0.0327391773462295,0.0605946779251098,-0.0055525265634059,-0.0112568531185388,0.0054647945798933,-0.0169196873903274,-0.0020677384454756,-0.0480585433542728,0.0134975062683224,-0.0219686795026063,0.007651855237782,0.0279212463647127,0.0060866214334964,-0.0419287197291851,-0.0073749641887843,-0.036752849817276,0.0099837547168135,-0.0021761637181043,-0.0243103206157684,0.0053479946218431,0.0097189955413341,0.0094887828454375,0.0076420344412326,-0.004883992485702,0.0258206836879253,-0.0395591035485267,-0.0034426355268806,-0.0184175726026296,-0.0024352017790079,-0.030647886916995,0.0024978851433843,0.0320920757949352,0.0037940889596939,0.0280189663171768,0.0118470387533307,0.0028494587168097,-0.0074709877371788,0.0182140115648508,-0.0165150109678506,-0.0026525345165282,0.0127370096743106,0.0335631854832172,-0.0029327408410608,-0.0012445560423657,-0.0367667861282825,0.0212693363428115,0.0007634322973899,-0.0255160722881555,-0.00369677785784,-0.0336738042533397,0.007951034232974,-0.0066582430154085,-0.0418955124914646,0.0011109905317425,0.0038938680663704,0.0093798460438847,0.0108378106499829,0.0024796940267162,0.0116815051451137,0.02165151469021,0.0293335342387588,0.0223498366017331,0.0613927377150609,0.0600991885111945,0.0976053557184848,0.2893716019363161,0.0641184086893342,0.1869545032565234,2019-02-15,2019-02-19,2019-02-20,2019-02-21,2019-02-22,2019-02-25,2019-02-26,2019-02-27,2019-02-28,2019-03-01,13210.0,2019-02-14,252.0,3.0151%,0.0009,1.2011,0.3802,-0.5225,1.2548%,1.9347%,57.9357%,0.02775,EPAM,13210.0,2019-02-15,252.0,0.3894%,0.001,1.2077,0.3852,-0.513,1.2524%,1.9348%,58.0987%,-0.008221,EPAM,13210.0,2019-02-19,252.0,0.6917%,0.001,1.21,0.3855,-0.5128,1.2523%,1.9336%,58.0546%,0.004944,EPAM,13210.0,2019-02-20,252.0,0.0835%,0.0009,1.2078,0.3708,-0.5234,1.2443%,1.9282%,58.3551%,0.000408,EPAM,13210.0,2019-02-21,252.0,0.0706%,0.0009,1.206,0.3678,-0.5268,1.2444%,1.9270%,58.3002%,0.00413,EPAM,13210.0,2019-02-22,252.0,1.6731%,0.0009,1.206,0.3736,-0.521,1.2441%,1.9286%,58.3902%,-0.000974,EPAM,13210.0,2019-02-25,252.0,0.5485%,0.0009,1.2072,0.3735,-0.5164,1.2423%,1.9271%,58.4426%,0.00361,EPAM,13210.0,2019-02-26,252.0,0.1254%,0.0009,1.2075,0.3693,-0.5184,1.2424%,1.9244%,58.3203%,0.0037719999999999,EPAM,13210.0,2019-02-27,252.0,0.1190%,0.001,1.2146,0.3559,-0.5172,1.2382%,1.9242%,58.5899%,-0.001321,EPAM,13210.0,2019-02-28,252.0,1.1947%,0.001,1.2122,0.3547,-0.5221,1.2410%,1.9227%,58.3367%,0.014248,EPAM,13210.0,2019-03-01,252.0,1.0941%,0.001,1.2113,0.3534,-0.5225,1.2411%,1.9214%,58.2765%,-0.000994,EPAM,0.0195289999999999,0.0244729999999999,0.0248809999999999,0.0280369999999999,0.0473519999999999
28187,EPAM SYSTEMS INC,"EPAM Sees Q1 Adj. EPS At Least $1.16 vs $1.18 Estimate, Sales At Least $518M vs $517M Est.; FY19 ADj. EPS At Least $5.06 vs $5.21 Estimate, Sales Growth At Least 22% Year Over Year",6,decrease,0.7,0.5,"the adjusted eps for q1 is below the estimate, which may lead to negative investor sentiment despite slightly better sales figures.",0,2019-02-14,EPAM,2019-02-14 11:13:00+00:00,13210.0,29414B10,0.0301510524004697,1410446.0,0.0038938680663704,0.0093798460438847,0.0069170086644589,-0.0068360310979187,0.0008346487302333,0.0191243980079889,0.0007056297035887,0.0139197362586855,0.016730772331357,-0.0130544984713196,0.0054851216264069,0.0072977454401552,0.00125405669678,0.0053990362212061,0.001189895090647,0.0023589560296386,0.0119472304359078,0.0187306273728609,0.0109408106654882,0.0026930517051368,-0.0064200735650956,0.0164974331855773,-0.0050461990758776,-0.0038036371115595,-0.0061231460422277,-0.0103693660348653,-0.0079034427180886,0.0362847447395324,0.0104127693921327,0.0038418101612478,0.0154581917449832,-0.0081342561170458,0.0121048828586936,-0.0153689999133348,0.0056175938807427,0.017398290336132,0.0091302515938878,0.0077680186368525,0.0087500074878335,0.0144089916720986,-0.0024783038534224,0.0260260645300149,0.0045548905618488,-0.0046750507317483,-0.0085973776876926,0.0073341848328709,0.02833217009902,0.0079371593892574,-0.051233235746622,0.0250457972288131,0.0174114257097244,0.016458623111248,0.018190573900938,0.0511334612965583,-0.030618280172348,0.0449727959930896,0.0184904709458351,-0.017757162451744,0.0067262193188071,-0.0145677300170064,0.0117660388350486,0.0172746516764164,-0.000934948620852,-0.0086926287040114,0.023748230189085,0.0205819699913263,-0.0327391773462295,0.0605946779251098,-0.0055525265634059,-0.0112568531185388,0.0054647945798933,-0.0169196873903274,-0.0020677384454756,-0.0480585433542728,0.0134975062683224,-0.0219686795026063,0.007651855237782,0.0279212463647127,0.0060866214334964,-0.0419287197291851,-0.0073749641887843,-0.036752849817276,0.0099837547168135,-0.0021761637181043,-0.0243103206157684,0.0053479946218431,0.0097189955413341,0.0094887828454375,0.0076420344412326,-0.004883992485702,0.0258206836879253,-0.0395591035485267,-0.0034426355268806,-0.0184175726026296,-0.0024352017790079,-0.030647886916995,0.0024978851433843,0.0320920757949352,0.0037940889596939,0.0280189663171768,0.0118470387533307,0.0028494587168097,-0.0074709877371788,0.0182140115648508,-0.0165150109678506,-0.0026525345165282,0.0127370096743106,0.0335631854832172,-0.0029327408410608,-0.0012445560423657,-0.0367667861282825,0.0212693363428115,0.0007634322973899,-0.0255160722881555,-0.00369677785784,-0.0336738042533397,0.007951034232974,-0.0066582430154085,-0.0418955124914646,0.0011109905317425,0.0038938680663704,0.0093798460438847,0.0108378106499829,0.0024796940267162,0.0116815051451137,0.02165151469021,0.0293335342387588,0.0223498366017331,0.0613927377150609,0.0600991885111945,0.0976053557184848,0.2893716019363161,0.0641184086893342,0.1869545032565234,2019-02-15,2019-02-19,2019-02-20,2019-02-21,2019-02-22,2019-02-25,2019-02-26,2019-02-27,2019-02-28,2019-03-01,13210.0,2019-02-14,252.0,3.0151%,0.0009,1.2011,0.3802,-0.5225,1.2548%,1.9347%,57.9357%,0.02775,EPAM,13210.0,2019-02-15,252.0,0.3894%,0.001,1.2077,0.3852,-0.513,1.2524%,1.9348%,58.0987%,-0.008221,EPAM,13210.0,2019-02-19,252.0,0.6917%,0.001,1.21,0.3855,-0.5128,1.2523%,1.9336%,58.0546%,0.004944,EPAM,13210.0,2019-02-20,252.0,0.0835%,0.0009,1.2078,0.3708,-0.5234,1.2443%,1.9282%,58.3551%,0.000408,EPAM,13210.0,2019-02-21,252.0,0.0706%,0.0009,1.206,0.3678,-0.5268,1.2444%,1.9270%,58.3002%,0.00413,EPAM,13210.0,2019-02-22,252.0,1.6731%,0.0009,1.206,0.3736,-0.521,1.2441%,1.9286%,58.3902%,-0.000974,EPAM,13210.0,2019-02-25,252.0,0.5485%,0.0009,1.2072,0.3735,-0.5164,1.2423%,1.9271%,58.4426%,0.00361,EPAM,13210.0,2019-02-26,252.0,0.1254%,0.0009,1.2075,0.3693,-0.5184,1.2424%,1.9244%,58.3203%,0.0037719999999999,EPAM,13210.0,2019-02-27,252.0,0.1190%,0.001,1.2146,0.3559,-0.5172,1.2382%,1.9242%,58.5899%,-0.001321,EPAM,13210.0,2019-02-28,252.0,1.1947%,0.001,1.2122,0.3547,-0.5221,1.2410%,1.9227%,58.3367%,0.014248,EPAM,13210.0,2019-03-01,252.0,1.0941%,0.001,1.2113,0.3534,-0.5225,1.2411%,1.9214%,58.2765%,-0.000994,EPAM,0.0195289999999999,0.0244729999999999,0.0248809999999999,0.0280369999999999,0.0473519999999999
28195,EPAM SYSTEMS INC,"EPAM Systems Q4 EPS $1.27 Beats $1.22 Estimate, Sales $504.931M Beat $501.15M Estimate",6,increase,0.8,0.6,"the earnings per share and sales figures both exceeded estimates, which typically signals positive performance and can lead to an increase in stock price.",2,2019-02-14,EPAM,2019-02-14 11:12:00+00:00,13210.0,29414B10,0.0301510524004697,1410446.0,0.0038938680663704,0.0093798460438847,0.0069170086644589,-0.0068360310979187,0.0008346487302333,0.0191243980079889,0.0007056297035887,0.0139197362586855,0.016730772331357,-0.0130544984713196,0.0054851216264069,0.0072977454401552,0.00125405669678,0.0053990362212061,0.001189895090647,0.0023589560296386,0.0119472304359078,0.0187306273728609,0.0109408106654882,0.0026930517051368,-0.0064200735650956,0.0164974331855773,-0.0050461990758776,-0.0038036371115595,-0.0061231460422277,-0.0103693660348653,-0.0079034427180886,0.0362847447395324,0.0104127693921327,0.0038418101612478,0.0154581917449832,-0.0081342561170458,0.0121048828586936,-0.0153689999133348,0.0056175938807427,0.017398290336132,0.0091302515938878,0.0077680186368525,0.0087500074878335,0.0144089916720986,-0.0024783038534224,0.0260260645300149,0.0045548905618488,-0.0046750507317483,-0.0085973776876926,0.0073341848328709,0.02833217009902,0.0079371593892574,-0.051233235746622,0.0250457972288131,0.0174114257097244,0.016458623111248,0.018190573900938,0.0511334612965583,-0.030618280172348,0.0449727959930896,0.0184904709458351,-0.017757162451744,0.0067262193188071,-0.0145677300170064,0.0117660388350486,0.0172746516764164,-0.000934948620852,-0.0086926287040114,0.023748230189085,0.0205819699913263,-0.0327391773462295,0.0605946779251098,-0.0055525265634059,-0.0112568531185388,0.0054647945798933,-0.0169196873903274,-0.0020677384454756,-0.0480585433542728,0.0134975062683224,-0.0219686795026063,0.007651855237782,0.0279212463647127,0.0060866214334964,-0.0419287197291851,-0.0073749641887843,-0.036752849817276,0.0099837547168135,-0.0021761637181043,-0.0243103206157684,0.0053479946218431,0.0097189955413341,0.0094887828454375,0.0076420344412326,-0.004883992485702,0.0258206836879253,-0.0395591035485267,-0.0034426355268806,-0.0184175726026296,-0.0024352017790079,-0.030647886916995,0.0024978851433843,0.0320920757949352,0.0037940889596939,0.0280189663171768,0.0118470387533307,0.0028494587168097,-0.0074709877371788,0.0182140115648508,-0.0165150109678506,-0.0026525345165282,0.0127370096743106,0.0335631854832172,-0.0029327408410608,-0.0012445560423657,-0.0367667861282825,0.0212693363428115,0.0007634322973899,-0.0255160722881555,-0.00369677785784,-0.0336738042533397,0.007951034232974,-0.0066582430154085,-0.0418955124914646,0.0011109905317425,0.0038938680663704,0.0093798460438847,0.0108378106499829,0.0024796940267162,0.0116815051451137,0.02165151469021,0.0293335342387588,0.0223498366017331,0.0613927377150609,0.0600991885111945,0.0976053557184848,0.2893716019363161,0.0641184086893342,0.1869545032565234,2019-02-15,2019-02-19,2019-02-20,2019-02-21,2019-02-22,2019-02-25,2019-02-26,2019-02-27,2019-02-28,2019-03-01,13210.0,2019-02-14,252.0,3.0151%,0.0009,1.2011,0.3802,-0.5225,1.2548%,1.9347%,57.9357%,0.02775,EPAM,13210.0,2019-02-15,252.0,0.3894%,0.001,1.2077,0.3852,-0.513,1.2524%,1.9348%,58.0987%,-0.008221,EPAM,13210.0,2019-02-19,252.0,0.6917%,0.001,1.21,0.3855,-0.5128,1.2523%,1.9336%,58.0546%,0.004944,EPAM,13210.0,2019-02-20,252.0,0.0835%,0.0009,1.2078,0.3708,-0.5234,1.2443%,1.9282%,58.3551%,0.000408,EPAM,13210.0,2019-02-21,252.0,0.0706%,0.0009,1.206,0.3678,-0.5268,1.2444%,1.9270%,58.3002%,0.00413,EPAM,13210.0,2019-02-22,252.0,1.6731%,0.0009,1.206,0.3736,-0.521,1.2441%,1.9286%,58.3902%,-0.000974,EPAM,13210.0,2019-02-25,252.0,0.5485%,0.0009,1.2072,0.3735,-0.5164,1.2423%,1.9271%,58.4426%,0.00361,EPAM,13210.0,2019-02-26,252.0,0.1254%,0.0009,1.2075,0.3693,-0.5184,1.2424%,1.9244%,58.3203%,0.0037719999999999,EPAM,13210.0,2019-02-27,252.0,0.1190%,0.001,1.2146,0.3559,-0.5172,1.2382%,1.9242%,58.5899%,-0.001321,EPAM,13210.0,2019-02-28,252.0,1.1947%,0.001,1.2122,0.3547,-0.5221,1.2410%,1.9227%,58.3367%,0.014248,EPAM,13210.0,2019-03-01,252.0,1.0941%,0.001,1.2113,0.3534,-0.5225,1.2411%,1.9214%,58.2765%,-0.000994,EPAM,0.0195289999999999,0.0244729999999999,0.0248809999999999,0.0280369999999999,0.0473519999999999
28203,EQUINIX INC,"Equinix shares are trading higher after the company reported Q4 EPS of $1.36, beating the $1.23 estimate; the company also issued Q1 sales guidance of $1.342-$1.352 billion, above the $1.34 billion estimate.",6,increase,0.8,0.7,"the positive earnings report and higher sales guidance suggest strong financial performance, likely leading to an increase in stock price.",2,2019-02-14,EQIX,2019-02-14 15:38:00+00:00,89617.0,29444U70,0.0731800496578216,1551741.0,0.0019021334592252,-0.0140133015811443,0.0218324624001979,-0.0064738579094409,0.0021830569021403,0.0107372039929032,-0.0131393261253833,0.0154698649421334,0.0062932027503848,-0.0007946617552079,0.0010267476318404,-0.0143763162195682,-0.0015851894859224,0.0012648941483348,-0.0180584322661161,-0.0027498772833496,0.012794466689229,0.006040621548891,0.0219362657517194,0.0286937411874532,-0.0134245185181498,0.0098078018054366,-0.0001405160874128,0.0057808682322502,-0.0052937543950974,0.0207611061632633,0.0049215755425393,-0.0049558184109628,0.0085061630234122,0.0164813809096813,0.0184720046818256,-0.0154982339590787,0.0003878662828356,-0.0097686061635613,0.0008437744691036,-0.0187517311424017,0.0036685485392808,0.0018892216030508,0.0025653250049799,-0.0048828283324837,0.0056385062634944,0.0169951263815164,-0.0012385010486468,0.0138653153553605,0.0102130509912967,0.0020233085379004,0.022786159068346,0.0373894125223159,-0.0148159647360444,-0.0125462282449007,-0.011782961897552,0.0207615941762924,0.0033395059872418,0.0020068159792572,0.0009157931781373,0.0226918142288923,0.0041956901550292,-0.0115999933332204,0.0071117705665528,-0.0072611686773598,0.0069290846586227,-0.000821903173346,0.0090730106458067,0.018649473786354,0.0034097977913916,-0.0082456963136792,-0.0012337553780525,0.0302342046052217,0.0112257124856114,-0.032228622585535,-0.0068792412057518,-0.0220540855079889,-0.0071211634203791,-0.0277657452970743,0.0023907460272312,-0.006819955073297,-0.0011707856319844,0.00517532043159,0.0058827172033488,-0.0461100973188877,-0.0072942399419844,-0.006216000765562,-0.0159565135836601,0.0056830239482223,-0.0113551327958703,-0.0068753021769225,-0.0024132700636982,0.0070269745774567,0.0017695737769827,0.001578351133503,0.0066631943918764,-0.0159146469086408,0.0072188535705208,0.0198135636746883,0.0009483156027272,-0.0153920613229274,-0.0018507278291508,0.0151318171992898,-0.0093587692826986,0.0030460376292467,0.0131236258894205,0.0001301562151638,-0.0103144980967044,0.0051032747142016,0.0333325937390327,-0.0001570716558489,0.0257628448307514,0.004653048235923,0.0032285971101373,-0.0065032271668314,-0.0075230519287288,0.0169721506536006,0.0085276113823056,-0.0181761309504509,-0.0049898005090653,-0.0132774198427796,0.00677733682096,0.0086949905380606,-0.0074611669406294,-0.0001038319969666,0.0019021334592252,-0.0140133015811443,0.0237761241166518,-0.0203964393673068,0.0260110856506512,-0.0098782361046192,0.0189020479146788,0.0046398300865337,0.0349512854691413,0.0232369750932985,0.0836630205198096,0.1116122268095916,0.1388552897755768,0.0171026586366833,2019-02-15,2019-02-19,2019-02-20,2019-02-21,2019-02-22,2019-02-25,2019-02-26,2019-02-27,2019-02-28,2019-03-01,89617.0,2019-02-14,252.0,7.3180%,-0.0002,0.4399,-0.0787,-0.3251,1.4461%,1.5554%,13.5659%,0.073016,EQIX,89617.0,2019-02-15,252.0,0.1902%,-0.0002,0.4439,-0.0752,-0.3188,1.4456%,1.5554%,13.6216%,-0.0014119999999999,EQIX,89617.0,2019-02-19,252.0,2.1832%,0.0002,0.4714,-0.0938,-0.3421,1.3769%,1.5054%,16.3410%,0.022064,EQIX,89617.0,2019-02-20,252.0,0.2183%,0.0002,0.4732,-0.0859,-0.3348,1.3757%,1.5040%,16.3278%,0.003275,EQIX,89617.0,2019-02-21,252.0,-1.3139%,0.0002,0.4705,-0.0941,-0.3397,1.3745%,1.5024%,16.2976%,-0.012319,EQIX,89617.0,2019-02-22,252.0,0.6293%,0.0003,0.4693,-0.0594,-0.3213,1.3647%,1.4912%,16.2398%,-0.00134,EQIX,89617.0,2019-02-25,252.0,0.1027%,0.0003,0.4708,-0.0575,-0.3148,1.3624%,1.4887%,16.2422%,-0.0005099999999999,EQIX,89617.0,2019-02-26,252.0,-0.1585%,0.0002,0.466,-0.0492,-0.3142,1.3613%,1.4850%,15.9648%,-0.002339,EQIX,89617.0,2019-02-27,252.0,-1.8058%,0.0002,0.469,-0.0601,-0.3138,1.3658%,1.4896%,15.9307%,-0.018861,EQIX,89617.0,2019-02-28,252.0,1.2794%,0.0002,0.4653,-0.0623,-0.3196,1.3683%,1.4908%,15.7594%,0.0133759999999999,EQIX,89617.0,2019-03-01,252.0,2.1936%,0.0003,0.4725,-0.0515,-0.3163,1.3720%,1.4968%,15.9814%,0.017399,EQIX,0.071604,0.093668,0.096943,0.083284,0.092349
28211,EQUINIX INC,"Credit Suisse Maintains Outperform on Equinix, Raises Price Target to $474",6,increase,0.8,0.6,the maintenance of an 'outperform' rating and an increase in the price target typically signals positive sentiment and potential for stock price appreciation.,2,2019-02-14,EQIX,2019-02-14 14:13:00+00:00,89617.0,29444U70,0.0731800496578216,1551741.0,0.0019021334592252,-0.0140133015811443,0.0218324624001979,-0.0064738579094409,0.0021830569021403,0.0107372039929032,-0.0131393261253833,0.0154698649421334,0.0062932027503848,-0.0007946617552079,0.0010267476318404,-0.0143763162195682,-0.0015851894859224,0.0012648941483348,-0.0180584322661161,-0.0027498772833496,0.012794466689229,0.006040621548891,0.0219362657517194,0.0286937411874532,-0.0134245185181498,0.0098078018054366,-0.0001405160874128,0.0057808682322502,-0.0052937543950974,0.0207611061632633,0.0049215755425393,-0.0049558184109628,0.0085061630234122,0.0164813809096813,0.0184720046818256,-0.0154982339590787,0.0003878662828356,-0.0097686061635613,0.0008437744691036,-0.0187517311424017,0.0036685485392808,0.0018892216030508,0.0025653250049799,-0.0048828283324837,0.0056385062634944,0.0169951263815164,-0.0012385010486468,0.0138653153553605,0.0102130509912967,0.0020233085379004,0.022786159068346,0.0373894125223159,-0.0148159647360444,-0.0125462282449007,-0.011782961897552,0.0207615941762924,0.0033395059872418,0.0020068159792572,0.0009157931781373,0.0226918142288923,0.0041956901550292,-0.0115999933332204,0.0071117705665528,-0.0072611686773598,0.0069290846586227,-0.000821903173346,0.0090730106458067,0.018649473786354,0.0034097977913916,-0.0082456963136792,-0.0012337553780525,0.0302342046052217,0.0112257124856114,-0.032228622585535,-0.0068792412057518,-0.0220540855079889,-0.0071211634203791,-0.0277657452970743,0.0023907460272312,-0.006819955073297,-0.0011707856319844,0.00517532043159,0.0058827172033488,-0.0461100973188877,-0.0072942399419844,-0.006216000765562,-0.0159565135836601,0.0056830239482223,-0.0113551327958703,-0.0068753021769225,-0.0024132700636982,0.0070269745774567,0.0017695737769827,0.001578351133503,0.0066631943918764,-0.0159146469086408,0.0072188535705208,0.0198135636746883,0.0009483156027272,-0.0153920613229274,-0.0018507278291508,0.0151318171992898,-0.0093587692826986,0.0030460376292467,0.0131236258894205,0.0001301562151638,-0.0103144980967044,0.0051032747142016,0.0333325937390327,-0.0001570716558489,0.0257628448307514,0.004653048235923,0.0032285971101373,-0.0065032271668314,-0.0075230519287288,0.0169721506536006,0.0085276113823056,-0.0181761309504509,-0.0049898005090653,-0.0132774198427796,0.00677733682096,0.0086949905380606,-0.0074611669406294,-0.0001038319969666,0.0019021334592252,-0.0140133015811443,0.0237761241166518,-0.0203964393673068,0.0260110856506512,-0.0098782361046192,0.0189020479146788,0.0046398300865337,0.0349512854691413,0.0232369750932985,0.0836630205198096,0.1116122268095916,0.1388552897755768,0.0171026586366833,2019-02-15,2019-02-19,2019-02-20,2019-02-21,2019-02-22,2019-02-25,2019-02-26,2019-02-27,2019-02-28,2019-03-01,89617.0,2019-02-14,252.0,7.3180%,-0.0002,0.4399,-0.0787,-0.3251,1.4461%,1.5554%,13.5659%,0.073016,EQIX,89617.0,2019-02-15,252.0,0.1902%,-0.0002,0.4439,-0.0752,-0.3188,1.4456%,1.5554%,13.6216%,-0.0014119999999999,EQIX,89617.0,2019-02-19,252.0,2.1832%,0.0002,0.4714,-0.0938,-0.3421,1.3769%,1.5054%,16.3410%,0.022064,EQIX,89617.0,2019-02-20,252.0,0.2183%,0.0002,0.4732,-0.0859,-0.3348,1.3757%,1.5040%,16.3278%,0.003275,EQIX,89617.0,2019-02-21,252.0,-1.3139%,0.0002,0.4705,-0.0941,-0.3397,1.3745%,1.5024%,16.2976%,-0.012319,EQIX,89617.0,2019-02-22,252.0,0.6293%,0.0003,0.4693,-0.0594,-0.3213,1.3647%,1.4912%,16.2398%,-0.00134,EQIX,89617.0,2019-02-25,252.0,0.1027%,0.0003,0.4708,-0.0575,-0.3148,1.3624%,1.4887%,16.2422%,-0.0005099999999999,EQIX,89617.0,2019-02-26,252.0,-0.1585%,0.0002,0.466,-0.0492,-0.3142,1.3613%,1.4850%,15.9648%,-0.002339,EQIX,89617.0,2019-02-27,252.0,-1.8058%,0.0002,0.469,-0.0601,-0.3138,1.3658%,1.4896%,15.9307%,-0.018861,EQIX,89617.0,2019-02-28,252.0,1.2794%,0.0002,0.4653,-0.0623,-0.3196,1.3683%,1.4908%,15.7594%,0.0133759999999999,EQIX,89617.0,2019-03-01,252.0,2.1936%,0.0003,0.4725,-0.0515,-0.3163,1.3720%,1.4968%,15.9814%,0.017399,EQIX,0.071604,0.093668,0.096943,0.083284,0.092349
28219,E Q T CORP,"EQT Q4 Sales $1.245B Miss $1.26B Estimate, EPS $(2.50) vs $5.83 In Same Qtr. Last Year",6,decrease,0.8,0.7,the significant miss in sales estimates and a drastic decline in eps compared to the same quarter last year are likely to negatively impact investor sentiment and lead to a decrease in stock price.,0,2019-02-14,EQT,2019-02-14 11:44:00+00:00,24328.0,26884L10,-0.0510150119662284,6704327.0,0.0401098616421222,0.0174788106232881,0.0021129956003278,0.0272034835070371,0.0200316850095987,0.0331645980477333,-0.0165374521166086,-0.0028026478830724,0.0147135453298687,-0.0449678860604763,0.0258933193981647,-0.0214772056788206,-0.0388691872358322,-0.0348837450146675,-0.0383404120802879,0.0061038066633045,-0.0103767681866884,0.0097586307674646,0.0756070017814636,-0.0191436298191547,0.0174448508769273,0.004046531394124,-0.021684331819415,0.0217054300010204,-0.0283504761755466,-0.0310465171933174,0.001061032176949,0.0571731068193912,-0.0270270388573408,-0.0083989426493644,0.0185185261070728,-0.0470235385000705,0.0508020743727684,-0.0561851039528846,-0.0005089174956083,0.0104962419718504,0.0112016918137669,0.0224389806389808,-0.0226586479693651,-0.0214797500520944,0.0324575528502464,0.0076959999278187,0.0004989182343706,0.0206185597926378,0.0389027781784534,0.0293077267706394,-0.0273643638938665,-0.0085169430822134,-0.0370187573134899,-0.0191646832972765,0.0251153130084276,0.0309017542749643,0.0064999582245945,0.0112704560160636,0.0099354581907391,0.0103520061820745,0.0157402697950601,-0.0291457250714302,0.0043583610095083,0.0534674562513828,-0.0091610671952366,-0.015633201226592,0.0034064040519297,-0.0322743020951747,-0.0252182558178901,0.0237480159848928,0.039303433150053,0.1011938974261284,0.0344663113355636,-0.0578468069434166,-0.004627504851669,0.0064690480940043,-0.0269641987979412,-0.0179989505559206,0.0062111397273838,0.0010598065564408,-0.0047483565285801,-0.0010586845455691,0.0176527127623558,-0.0262886714190244,0.0117205809801816,-0.0391283258795738,0.0069508627057075,0.0100050410255789,-0.0216290522366762,-0.0142998471856117,-0.0385700687766075,0.0331126637756824,0.0298433806747198,0.0662682950496673,-0.001900190487504,0.0233463086187839,-0.0123750707134604,-0.0142465876415371,-0.0284337420016527,-0.0349021591246128,0.0411706306040287,0.0106895118951797,0.0038113351911306,-0.0047872425056993,-0.029425673186779,-0.0141583885997533,-0.0180929508060216,0.021424725651741,-0.0179283171892166,-0.000535344122909,0.0334685519337654,0.0314743071794509,-0.0009812831413,0.0179876144975423,0.0162082463502883,0.0646320730447769,-0.0120831318199634,-0.0210527069866657,0.0004892479628324,0.0282622519880533,0.0293397773057222,-0.0331396274268627,-0.0090260636061429,-0.0160182379186153,0.0401098616421222,0.0174788106232881,0.0423076092036296,0.0451577786668384,0.0631867869143045,0.079820016292786,0.0609889338701434,0.0283725263510818,0.0708790563979964,-0.0322418757613441,0.1395603673851726,0.0169401696840563,0.1461538181258768,0.1009432571057773,2019-02-15,2019-02-19,2019-02-20,2019-02-21,2019-02-22,2019-02-25,2019-02-26,2019-02-27,2019-02-28,2019-03-01,24328.0,2019-02-14,252.0,-5.1015%,-0.0009,1.3358,0.2236,0.7114,2.4686%,2.7916%,21.8028%,-0.0456419999999999,EQT,24328.0,2019-02-15,252.0,4.0110%,-0.0008,1.3498,0.2386,0.7373,2.4724%,2.7991%,21.9843%,0.020942,EQT,24328.0,2019-02-19,252.0,0.2113%,-0.0011,1.3212,0.2763,0.7822,2.4071%,2.7263%,22.0439%,-0.0034549999999999,EQT,24328.0,2019-02-20,252.0,2.0032%,-0.001,1.3266,0.2954,0.8031,2.4064%,2.7282%,22.2001%,0.012511,EQT,24328.0,2019-02-21,252.0,-1.6537%,-0.001,1.325,0.2904,0.8004,2.4062%,2.7268%,22.1300%,-0.009675,EQT,24328.0,2019-02-22,252.0,1.4714%,-0.0008,1.3211,0.3329,0.7917,2.4017%,2.7220%,22.1441%,0.016169,EQT,24328.0,2019-02-25,252.0,2.5893%,-0.0008,1.3238,0.3223,0.7961,2.4030%,2.7239%,22.1759%,0.026102,EQT,24328.0,2019-02-26,252.0,-3.8869%,-0.001,1.3256,0.3641,0.8187,2.4105%,2.7296%,22.0144%,-0.032161,EQT,24328.0,2019-02-27,252.0,-3.8340%,-0.0011,1.3263,0.3516,0.8187,2.4225%,2.7391%,21.7796%,-0.0393429999999999,EQT,24328.0,2019-02-28,252.0,-1.0377%,-0.0011,1.3251,0.3507,0.8186,2.4225%,2.7367%,21.6441%,-0.004389,EQT,24328.0,2019-03-01,252.0,7.5607%,-0.0008,1.3392,0.3718,0.8084,2.4614%,2.7763%,21.3980%,0.068234,EQT,-0.0246999999999999,-0.0281549999999999,-0.0156439999999999,-0.0091499999999999,0.009293
28227,ISHARES TRUST,"'Government motion defeated' -Guardian's Dan Sabbagh Tweets, Regarding Brexit",6,uncertain,0.5,0.5,"the news about a government motion being defeated related to brexit introduces uncertainty, which could lead to volatility in ishares trust's stock price without a clear direction.",1,2019-02-14,EWU,2019-02-14 17:51:00+00:00,14907.0,46435G33,0.0,2959244.0,0.0132076097652316,0.002206104574725,0.0052761686965823,0.0073015727102756,0.0055572804994881,-0.0059955990873277,-0.0064476230181753,-0.0006306701689027,0.0030901876743882,-0.0043956451117992,0.0006161570781841,-0.0037534856237471,0.0086206523701548,0.0088355559855699,-0.0012209127889946,0.0028481059707701,-0.0045843985863029,0.0034931919071823,0.0018422282300889,0.0060703046619892,-0.0024517874699085,0.0132728992030024,0.0055299634113907,0.0068448199890553,0.0012221484212204,-0.0071197189390659,-0.0106805702671408,0.0068425899371504,-0.0040097860619425,-0.0042180130258202,0.0086713768541812,0.0071895201690495,-0.0018422282300889,-0.011627865023911,0.013841918669641,0.0091264266520738,0.0033373972401022,0.0082155764102935,0.0105835646390914,-0.0029488909058272,0.0053860056214034,0.0049390718340873,0.0020833243615925,-0.0065423245541751,-0.0038609225302934,0.0003272326139267,-0.0017889497103169,0.004272072110325,-0.0155316749587655,0.0096217952668666,-0.0015169671969488,0.0060080210678279,0.0045579313300549,0.0,0.0027223275974392,0.0277872886508703,-0.0063349287956953,-0.0061370716430246,0.002125066705048,-0.0006814465741626,0.0133293690159916,-0.0010210613254457,0.0056800781749188,0.013103418983519,0.0059453258290886,-0.0092244772240519,-0.0035460677463561,0.0248599797487258,0.0023724203929305,-0.009021520614624,0.0017751886043697,-0.0082587674260139,-0.005611412692815,0.0006886553019285,0.0032670216169208,-0.0037735404912382,-0.0011840468505397,-0.0021023366134613,0.0059275915846228,-0.0092930234968662,-0.0005892887129448,-0.0134250735864043,-0.0014740341575816,-0.0003272773174103,0.0017715197755023,0.0173159688711166,-0.0035366616211831,0.0030060170684009,0.0011829960858449,-0.0118811456486582,0.0002954840892925,-0.0081833060830831,-0.0079740239307284,-0.016103059053421,-0.0035724600311368,-0.0214308332651853,0.0014938522363081,0.0095449965447187,0.0020882964599877,-0.0078914137557148,0.0050609754398465,-0.0084507185965776,-0.0112558435648679,0.0129993604496121,-0.0011983497533947,-0.0078641083091497,0.0158967841416597,0.0163043551146984,-0.0082668671384453,-0.012314474210143,-0.0196487009525299,0.0166934337466955,0.0006073628319427,-0.0142405303195118,-0.0021244215313345,-0.0034688964951783,0.0036496024113148,-0.0050204503349959,-0.0193939208984375,-0.0059264046140015,0.0132076097652316,0.002206104574725,0.0185534640390139,0.0095237853179594,0.0242138513424039,0.0034710854320714,0.0207547127475142,-0.0015698947935823,0.0261006873365166,0.015974440796032,0.0380502852713686,0.0834752563014096,0.0176101047357184,0.0135737756082217,2019-02-15,2019-02-19,2019-02-20,2019-02-21,2019-02-22,2019-02-25,2019-02-26,2019-02-27,2019-02-28,2019-03-01,14907.0,2019-02-14,252.0,0.0000%,-0.0002,0.6586,0.0875,0.2848,0.5782%,0.8691%,55.7393%,0.002498,EWU,14907.0,2019-02-15,252.0,1.3208%,-0.0002,0.6568,0.0863,0.2826,0.5777%,0.8664%,55.5311%,0.0040799999999999,EWU,14907.0,2019-02-19,252.0,0.5276%,-0.0002,0.6564,0.0897,0.2865,0.5777%,0.8650%,55.4010%,0.0028299999999999,EWU,14907.0,2019-02-20,252.0,0.5557%,-0.0002,0.6573,0.0924,0.2898,0.5778%,0.8657%,55.4548%,0.002437,EWU,14907.0,2019-02-21,252.0,-0.6448%,-0.0002,0.656,0.0892,0.2876,0.5771%,0.8641%,55.3909%,-0.003384,EWU,14907.0,2019-02-22,252.0,0.3090%,-0.0002,0.6556,0.0915,0.2843,0.5773%,0.8641%,55.3695%,0.002463,EWU,14907.0,2019-02-25,252.0,0.0616%,-0.0002,0.6559,0.0917,0.2858,0.5770%,0.8641%,55.4125%,0.000283,EWU,14907.0,2019-02-26,252.0,0.8621%,-0.0001,0.654,0.0778,0.2773,0.5813%,0.8641%,54.7481%,0.0111,EWU,14907.0,2019-02-27,252.0,-0.1221%,-0.0001,0.6542,0.0771,0.2773,0.5813%,0.8632%,54.6419%,-0.001725,EWU,14907.0,2019-02-28,252.0,-0.4584%,-0.0001,0.6509,0.0748,0.2754,0.5799%,0.8585%,54.3739%,-0.001978,EWU,14907.0,2019-03-01,252.0,0.1842%,-0.0001,0.6467,0.0684,0.2697,0.5786%,0.8535%,54.0455%,-0.0020499999999999,EWU,0.0065779999999999,0.0094079999999999,0.0118449999999999,0.0109239999999999,0.016554
28235,ISHARES TRUST,'UK PM May's Spokeswoman Says Calls Were Constructive || Says Government Has No Intention Of Withdrawing Motion Ahead Of Votes Later Today' -FirstSquawk Tweets,6,uncertain,0.5,0.1,"the news indicates constructive calls but does not provide clear positive or negative implications for ishares trust's stock price, leading to uncertainty.",1,2019-02-14,EWU,2019-02-14 16:07:00+00:00,14907.0,46435G33,0.0,2959244.0,0.0132076097652316,0.002206104574725,0.0052761686965823,0.0073015727102756,0.0055572804994881,-0.0059955990873277,-0.0064476230181753,-0.0006306701689027,0.0030901876743882,-0.0043956451117992,0.0006161570781841,-0.0037534856237471,0.0086206523701548,0.0088355559855699,-0.0012209127889946,0.0028481059707701,-0.0045843985863029,0.0034931919071823,0.0018422282300889,0.0060703046619892,-0.0024517874699085,0.0132728992030024,0.0055299634113907,0.0068448199890553,0.0012221484212204,-0.0071197189390659,-0.0106805702671408,0.0068425899371504,-0.0040097860619425,-0.0042180130258202,0.0086713768541812,0.0071895201690495,-0.0018422282300889,-0.011627865023911,0.013841918669641,0.0091264266520738,0.0033373972401022,0.0082155764102935,0.0105835646390914,-0.0029488909058272,0.0053860056214034,0.0049390718340873,0.0020833243615925,-0.0065423245541751,-0.0038609225302934,0.0003272326139267,-0.0017889497103169,0.004272072110325,-0.0155316749587655,0.0096217952668666,-0.0015169671969488,0.0060080210678279,0.0045579313300549,0.0,0.0027223275974392,0.0277872886508703,-0.0063349287956953,-0.0061370716430246,0.002125066705048,-0.0006814465741626,0.0133293690159916,-0.0010210613254457,0.0056800781749188,0.013103418983519,0.0059453258290886,-0.0092244772240519,-0.0035460677463561,0.0248599797487258,0.0023724203929305,-0.009021520614624,0.0017751886043697,-0.0082587674260139,-0.005611412692815,0.0006886553019285,0.0032670216169208,-0.0037735404912382,-0.0011840468505397,-0.0021023366134613,0.0059275915846228,-0.0092930234968662,-0.0005892887129448,-0.0134250735864043,-0.0014740341575816,-0.0003272773174103,0.0017715197755023,0.0173159688711166,-0.0035366616211831,0.0030060170684009,0.0011829960858449,-0.0118811456486582,0.0002954840892925,-0.0081833060830831,-0.0079740239307284,-0.016103059053421,-0.0035724600311368,-0.0214308332651853,0.0014938522363081,0.0095449965447187,0.0020882964599877,-0.0078914137557148,0.0050609754398465,-0.0084507185965776,-0.0112558435648679,0.0129993604496121,-0.0011983497533947,-0.0078641083091497,0.0158967841416597,0.0163043551146984,-0.0082668671384453,-0.012314474210143,-0.0196487009525299,0.0166934337466955,0.0006073628319427,-0.0142405303195118,-0.0021244215313345,-0.0034688964951783,0.0036496024113148,-0.0050204503349959,-0.0193939208984375,-0.0059264046140015,0.0132076097652316,0.002206104574725,0.0185534640390139,0.0095237853179594,0.0242138513424039,0.0034710854320714,0.0207547127475142,-0.0015698947935823,0.0261006873365166,0.015974440796032,0.0380502852713686,0.0834752563014096,0.0176101047357184,0.0135737756082217,2019-02-15,2019-02-19,2019-02-20,2019-02-21,2019-02-22,2019-02-25,2019-02-26,2019-02-27,2019-02-28,2019-03-01,14907.0,2019-02-14,252.0,0.0000%,-0.0002,0.6586,0.0875,0.2848,0.5782%,0.8691%,55.7393%,0.002498,EWU,14907.0,2019-02-15,252.0,1.3208%,-0.0002,0.6568,0.0863,0.2826,0.5777%,0.8664%,55.5311%,0.0040799999999999,EWU,14907.0,2019-02-19,252.0,0.5276%,-0.0002,0.6564,0.0897,0.2865,0.5777%,0.8650%,55.4010%,0.0028299999999999,EWU,14907.0,2019-02-20,252.0,0.5557%,-0.0002,0.6573,0.0924,0.2898,0.5778%,0.8657%,55.4548%,0.002437,EWU,14907.0,2019-02-21,252.0,-0.6448%,-0.0002,0.656,0.0892,0.2876,0.5771%,0.8641%,55.3909%,-0.003384,EWU,14907.0,2019-02-22,252.0,0.3090%,-0.0002,0.6556,0.0915,0.2843,0.5773%,0.8641%,55.3695%,0.002463,EWU,14907.0,2019-02-25,252.0,0.0616%,-0.0002,0.6559,0.0917,0.2858,0.5770%,0.8641%,55.4125%,0.000283,EWU,14907.0,2019-02-26,252.0,0.8621%,-0.0001,0.654,0.0778,0.2773,0.5813%,0.8641%,54.7481%,0.0111,EWU,14907.0,2019-02-27,252.0,-0.1221%,-0.0001,0.6542,0.0771,0.2773,0.5813%,0.8632%,54.6419%,-0.001725,EWU,14907.0,2019-02-28,252.0,-0.4584%,-0.0001,0.6509,0.0748,0.2754,0.5799%,0.8585%,54.3739%,-0.001978,EWU,14907.0,2019-03-01,252.0,0.1842%,-0.0001,0.6467,0.0684,0.2697,0.5786%,0.8535%,54.0455%,-0.0020499999999999,EWU,0.0065779999999999,0.0094079999999999,0.0118449999999999,0.0109239999999999,0.016554
28243,ISHARES INC,White House Has Identified $2.7B In Funds That Could Be Redirected To Barrier Funding As Part Of A National Emergency; WH Lawyers Believe Redirected Funding Would Withstand Legal Challenge,6,uncertain,0.5,0.2,"the news about redirected funding for barrier projects may have mixed implications for ishares inc, depending on how investors perceive the impact on related sectors and overall market sentiment.",1,2019-02-14,EWW,2019-02-14 20:20:00+00:00,83223.0,46428682,0.0171240791678428,6294305.0,0.0099169807508587,-0.0306957364082336,0.0038821229245513,0.0011381569784134,-0.0011373802553862,-0.0112536577507853,0.0059211640618741,-0.0126666594296693,0.0108671812340617,-0.0050851101987063,0.0026875459589064,-0.0076788566075265,-0.0058075077831745,0.01086719147861,-0.0094360411167144,0.0053512081503868,-0.0120208384469151,-0.0033333671744912,-0.0061983573250472,0.0087424209341406,-0.0053129945881664,-0.0044633061625063,-0.0046446993947029,0.0044833165593445,-0.0118992561474442,-0.0044633061625063,-0.0136953489854931,0.0044833165593445,0.0047881435602903,-0.0015666896943002,0.0114367296919226,0.0076680234633386,0.0025912981946021,-0.0161970164626836,0.0025845111813396,-0.0004435674927663,-0.0030465726740658,-0.0026542565319687,0.0145744923502206,0.0109570184722542,0.0169137977063655,0.0056217671371996,-0.0015948894433677,0.0047447560355067,0.0255590807646513,-0.0042745205573737,0.0028927696403115,0.002254843013361,-0.0392722524702549,0.011171861551702,0.0143186822533607,0.0164542067795991,0.0013661514967679,0.0117233293130993,-0.0111413793638348,0.0205790996551513,-0.0020694446284323,-0.0125236008316278,0.0043778484687209,0.0276833269745111,0.0227116700261831,0.0009723120019771,-0.0094213094562292,0.0024366099387407,0.0015851380303502,0.0009756321087479,0.0156002407893538,0.0098522547632455,0.0249332766979932,0.004453248810023,0.0154213523492217,-0.0141463857144117,-0.0038502740208059,0.0219342242926359,0.0008589416975155,0.0032507439609616,-0.005792757961899,0.017695078626275,0.0036684973165392,-0.0151477679610252,-0.0051601347513496,-0.0022299343254417,0.0079965190961956,-0.0078662661835551,0.0115780644118785,0.0149700213223695,-0.0010597548680379,-0.0022403867915272,-0.0012731036404147,-0.0105911409482359,-0.0091353366151452,-0.0004923795931972,-0.0102915856987237,0.0183003153651952,0.0054159443825483,-0.0167611613869667,0.00237019197084,0.0059508518315851,-0.0064488225616514,-0.0100638149306178,-0.0015144892968237,0.0159601811319589,-0.0099675599485635,0.0445428267121315,-0.0052527440711855,0.0166843514889478,0.0121011929586529,-0.04934548959136,-0.006521722767502,-0.0158572699874639,-0.0161925964057445,0.0014888677978888,-0.011788229458034,-0.0213696230202913,-0.0065271416679024,-0.0048332712613046,0.0101948520168662,0.0283300038427114,-0.0148015217855572,-0.0117878075689077,0.0099169807508587,-0.0306957364082336,0.0138376026137254,-0.0295925159964207,0.0126844837423445,-0.0405131497001977,0.0297509430946196,-0.0574839373761578,-0.0016143837663912,-0.0443846560996713,0.0053044182711694,0.035211285652088,0.013145750151793,0.0566387211809122,2019-02-15,2019-02-19,2019-02-20,2019-02-21,2019-02-22,2019-02-25,2019-02-26,2019-02-27,2019-02-28,2019-03-01,83223.0,2019-02-14,252.0,1.7124%,-0.0006,0.606,0.1137,0.0608,1.4381%,1.5719%,16.2951%,0.018184,EWW,83223.0,2019-02-15,252.0,0.9917%,-0.0006,0.6031,0.1114,0.0565,1.4378%,1.5701%,16.1517%,0.002393,EWW,83223.0,2019-02-19,252.0,0.3882%,-0.0006,0.6016,0.1159,0.0617,1.4373%,1.5682%,15.9987%,0.002144,EWW,83223.0,2019-02-20,252.0,-0.1137%,-0.0006,0.6011,0.1154,0.06,1.4373%,1.5682%,15.9929%,-0.0029749999999999,EWW,83223.0,2019-02-21,252.0,0.5921%,-0.0005,0.5963,0.1075,0.0511,1.4376%,1.5669%,15.8203%,0.008264,EWW,83223.0,2019-02-22,252.0,1.0867%,-0.0005,0.5947,0.1217,0.0451,1.4372%,1.5670%,15.8774%,0.0070509999999999,EWW,83223.0,2019-02-25,252.0,0.2688%,-0.0006,0.5971,0.1228,0.0546,1.4314%,1.5618%,15.9991%,0.002093,EWW,83223.0,2019-02-26,252.0,-0.5808%,-0.0005,0.604,0.1209,0.0588,1.4301%,1.5621%,16.1910%,-0.003986,EWW,83223.0,2019-02-27,252.0,-0.9436%,-0.0005,0.6075,0.1118,0.0593,1.4304%,1.5631%,16.2570%,-0.010239,EWW,83223.0,2019-02-28,252.0,-1.2021%,-0.0005,0.6025,0.1081,0.058,1.4294%,1.5594%,15.9770%,-0.010112,EWW,83223.0,2019-03-01,252.0,-0.6198%,-0.0005,0.5974,0.1005,0.0547,1.4305%,1.5579%,15.6866%,-0.010708,EWW,0.0205769999999999,0.0227209999999999,0.019746,0.035061,0.002109
28251,ISHARES INC,Schumer Says He Expects Senate To Pass Border Deal Today,6,uncertain,0.5,0.1,"the news about a border deal may have mixed implications for ishares inc, depending on the specifics of the deal and its impact on the broader economy and market sentiment.",1,2019-02-14,EWW,2019-02-14 15:57:00+00:00,83223.0,46428682,0.0171240791678428,6294305.0,0.0099169807508587,-0.0306957364082336,0.0038821229245513,0.0011381569784134,-0.0011373802553862,-0.0112536577507853,0.0059211640618741,-0.0126666594296693,0.0108671812340617,-0.0050851101987063,0.0026875459589064,-0.0076788566075265,-0.0058075077831745,0.01086719147861,-0.0094360411167144,0.0053512081503868,-0.0120208384469151,-0.0033333671744912,-0.0061983573250472,0.0087424209341406,-0.0053129945881664,-0.0044633061625063,-0.0046446993947029,0.0044833165593445,-0.0118992561474442,-0.0044633061625063,-0.0136953489854931,0.0044833165593445,0.0047881435602903,-0.0015666896943002,0.0114367296919226,0.0076680234633386,0.0025912981946021,-0.0161970164626836,0.0025845111813396,-0.0004435674927663,-0.0030465726740658,-0.0026542565319687,0.0145744923502206,0.0109570184722542,0.0169137977063655,0.0056217671371996,-0.0015948894433677,0.0047447560355067,0.0255590807646513,-0.0042745205573737,0.0028927696403115,0.002254843013361,-0.0392722524702549,0.011171861551702,0.0143186822533607,0.0164542067795991,0.0013661514967679,0.0117233293130993,-0.0111413793638348,0.0205790996551513,-0.0020694446284323,-0.0125236008316278,0.0043778484687209,0.0276833269745111,0.0227116700261831,0.0009723120019771,-0.0094213094562292,0.0024366099387407,0.0015851380303502,0.0009756321087479,0.0156002407893538,0.0098522547632455,0.0249332766979932,0.004453248810023,0.0154213523492217,-0.0141463857144117,-0.0038502740208059,0.0219342242926359,0.0008589416975155,0.0032507439609616,-0.005792757961899,0.017695078626275,0.0036684973165392,-0.0151477679610252,-0.0051601347513496,-0.0022299343254417,0.0079965190961956,-0.0078662661835551,0.0115780644118785,0.0149700213223695,-0.0010597548680379,-0.0022403867915272,-0.0012731036404147,-0.0105911409482359,-0.0091353366151452,-0.0004923795931972,-0.0102915856987237,0.0183003153651952,0.0054159443825483,-0.0167611613869667,0.00237019197084,0.0059508518315851,-0.0064488225616514,-0.0100638149306178,-0.0015144892968237,0.0159601811319589,-0.0099675599485635,0.0445428267121315,-0.0052527440711855,0.0166843514889478,0.0121011929586529,-0.04934548959136,-0.006521722767502,-0.0158572699874639,-0.0161925964057445,0.0014888677978888,-0.011788229458034,-0.0213696230202913,-0.0065271416679024,-0.0048332712613046,0.0101948520168662,0.0283300038427114,-0.0148015217855572,-0.0117878075689077,0.0099169807508587,-0.0306957364082336,0.0138376026137254,-0.0295925159964207,0.0126844837423445,-0.0405131497001977,0.0297509430946196,-0.0574839373761578,-0.0016143837663912,-0.0443846560996713,0.0053044182711694,0.035211285652088,0.013145750151793,0.0566387211809122,2019-02-15,2019-02-19,2019-02-20,2019-02-21,2019-02-22,2019-02-25,2019-02-26,2019-02-27,2019-02-28,2019-03-01,83223.0,2019-02-14,252.0,1.7124%,-0.0006,0.606,0.1137,0.0608,1.4381%,1.5719%,16.2951%,0.018184,EWW,83223.0,2019-02-15,252.0,0.9917%,-0.0006,0.6031,0.1114,0.0565,1.4378%,1.5701%,16.1517%,0.002393,EWW,83223.0,2019-02-19,252.0,0.3882%,-0.0006,0.6016,0.1159,0.0617,1.4373%,1.5682%,15.9987%,0.002144,EWW,83223.0,2019-02-20,252.0,-0.1137%,-0.0006,0.6011,0.1154,0.06,1.4373%,1.5682%,15.9929%,-0.0029749999999999,EWW,83223.0,2019-02-21,252.0,0.5921%,-0.0005,0.5963,0.1075,0.0511,1.4376%,1.5669%,15.8203%,0.008264,EWW,83223.0,2019-02-22,252.0,1.0867%,-0.0005,0.5947,0.1217,0.0451,1.4372%,1.5670%,15.8774%,0.0070509999999999,EWW,83223.0,2019-02-25,252.0,0.2688%,-0.0006,0.5971,0.1228,0.0546,1.4314%,1.5618%,15.9991%,0.002093,EWW,83223.0,2019-02-26,252.0,-0.5808%,-0.0005,0.604,0.1209,0.0588,1.4301%,1.5621%,16.1910%,-0.003986,EWW,83223.0,2019-02-27,252.0,-0.9436%,-0.0005,0.6075,0.1118,0.0593,1.4304%,1.5631%,16.2570%,-0.010239,EWW,83223.0,2019-02-28,252.0,-1.2021%,-0.0005,0.6025,0.1081,0.058,1.4294%,1.5594%,15.9770%,-0.010112,EWW,83223.0,2019-03-01,252.0,-0.6198%,-0.0005,0.5974,0.1005,0.0547,1.4305%,1.5579%,15.6866%,-0.010708,EWW,0.0205769999999999,0.0227209999999999,0.019746,0.035061,0.002109
28259,ISHARES INC,Bond Woes Plague Mexico ETFs,6,decrease,0.7,0.6,"the mention of 'bond woes' suggests financial instability, which could negatively impact investor sentiment towards mexico etfs, including those managed by ishares inc.",0,2019-02-14,EWW,2019-02-14 15:52:00+00:00,83223.0,46428682,0.0171240791678428,6294305.0,0.0099169807508587,-0.0306957364082336,0.0038821229245513,0.0011381569784134,-0.0011373802553862,-0.0112536577507853,0.0059211640618741,-0.0126666594296693,0.0108671812340617,-0.0050851101987063,0.0026875459589064,-0.0076788566075265,-0.0058075077831745,0.01086719147861,-0.0094360411167144,0.0053512081503868,-0.0120208384469151,-0.0033333671744912,-0.0061983573250472,0.0087424209341406,-0.0053129945881664,-0.0044633061625063,-0.0046446993947029,0.0044833165593445,-0.0118992561474442,-0.0044633061625063,-0.0136953489854931,0.0044833165593445,0.0047881435602903,-0.0015666896943002,0.0114367296919226,0.0076680234633386,0.0025912981946021,-0.0161970164626836,0.0025845111813396,-0.0004435674927663,-0.0030465726740658,-0.0026542565319687,0.0145744923502206,0.0109570184722542,0.0169137977063655,0.0056217671371996,-0.0015948894433677,0.0047447560355067,0.0255590807646513,-0.0042745205573737,0.0028927696403115,0.002254843013361,-0.0392722524702549,0.011171861551702,0.0143186822533607,0.0164542067795991,0.0013661514967679,0.0117233293130993,-0.0111413793638348,0.0205790996551513,-0.0020694446284323,-0.0125236008316278,0.0043778484687209,0.0276833269745111,0.0227116700261831,0.0009723120019771,-0.0094213094562292,0.0024366099387407,0.0015851380303502,0.0009756321087479,0.0156002407893538,0.0098522547632455,0.0249332766979932,0.004453248810023,0.0154213523492217,-0.0141463857144117,-0.0038502740208059,0.0219342242926359,0.0008589416975155,0.0032507439609616,-0.005792757961899,0.017695078626275,0.0036684973165392,-0.0151477679610252,-0.0051601347513496,-0.0022299343254417,0.0079965190961956,-0.0078662661835551,0.0115780644118785,0.0149700213223695,-0.0010597548680379,-0.0022403867915272,-0.0012731036404147,-0.0105911409482359,-0.0091353366151452,-0.0004923795931972,-0.0102915856987237,0.0183003153651952,0.0054159443825483,-0.0167611613869667,0.00237019197084,0.0059508518315851,-0.0064488225616514,-0.0100638149306178,-0.0015144892968237,0.0159601811319589,-0.0099675599485635,0.0445428267121315,-0.0052527440711855,0.0166843514889478,0.0121011929586529,-0.04934548959136,-0.006521722767502,-0.0158572699874639,-0.0161925964057445,0.0014888677978888,-0.011788229458034,-0.0213696230202913,-0.0065271416679024,-0.0048332712613046,0.0101948520168662,0.0283300038427114,-0.0148015217855572,-0.0117878075689077,0.0099169807508587,-0.0306957364082336,0.0138376026137254,-0.0295925159964207,0.0126844837423445,-0.0405131497001977,0.0297509430946196,-0.0574839373761578,-0.0016143837663912,-0.0443846560996713,0.0053044182711694,0.035211285652088,0.013145750151793,0.0566387211809122,2019-02-15,2019-02-19,2019-02-20,2019-02-21,2019-02-22,2019-02-25,2019-02-26,2019-02-27,2019-02-28,2019-03-01,83223.0,2019-02-14,252.0,1.7124%,-0.0006,0.606,0.1137,0.0608,1.4381%,1.5719%,16.2951%,0.018184,EWW,83223.0,2019-02-15,252.0,0.9917%,-0.0006,0.6031,0.1114,0.0565,1.4378%,1.5701%,16.1517%,0.002393,EWW,83223.0,2019-02-19,252.0,0.3882%,-0.0006,0.6016,0.1159,0.0617,1.4373%,1.5682%,15.9987%,0.002144,EWW,83223.0,2019-02-20,252.0,-0.1137%,-0.0006,0.6011,0.1154,0.06,1.4373%,1.5682%,15.9929%,-0.0029749999999999,EWW,83223.0,2019-02-21,252.0,0.5921%,-0.0005,0.5963,0.1075,0.0511,1.4376%,1.5669%,15.8203%,0.008264,EWW,83223.0,2019-02-22,252.0,1.0867%,-0.0005,0.5947,0.1217,0.0451,1.4372%,1.5670%,15.8774%,0.0070509999999999,EWW,83223.0,2019-02-25,252.0,0.2688%,-0.0006,0.5971,0.1228,0.0546,1.4314%,1.5618%,15.9991%,0.002093,EWW,83223.0,2019-02-26,252.0,-0.5808%,-0.0005,0.604,0.1209,0.0588,1.4301%,1.5621%,16.1910%,-0.003986,EWW,83223.0,2019-02-27,252.0,-0.9436%,-0.0005,0.6075,0.1118,0.0593,1.4304%,1.5631%,16.2570%,-0.010239,EWW,83223.0,2019-02-28,252.0,-1.2021%,-0.0005,0.6025,0.1081,0.058,1.4294%,1.5594%,15.9770%,-0.010112,EWW,83223.0,2019-03-01,252.0,-0.6198%,-0.0005,0.5974,0.1005,0.0547,1.4305%,1.5579%,15.6866%,-0.010708,EWW,0.0205769999999999,0.0227209999999999,0.019746,0.035061,0.002109
28267,FIRST AMERICAN FINL CORP NEW,"First American Financial Q4 EPS $0.81 vs $1.96 In Same Qtr. Last Year, Sales $1.417B Miss $1.45B Estimate",6,decrease,0.8,0.7,"the significant drop in eps and sales missing estimates typically signals poor performance, which is likely to lead to a decrease in stock price.",0,2019-02-14,FAF,2019-02-14 12:22:00+00:00,93374.0,31847R10,-0.0057736574672162,1000406.0,-0.0106465201824903,0.0050289807841181,-0.0103697665035724,0.0103576825931668,0.0142348241060972,0.0056996284984052,-0.0054580657742917,0.0071259029209613,0.0115640955045819,0.0011890878668054,-0.006394145078957,0.00138915842399,-0.0056551699526607,-0.0035594287328422,-0.0029417830519378,-0.001973524224013,-0.00098346255254,0.0117810769006609,-0.0023627239279448,0.0111044431105256,-0.0035523287951946,0.0128833791241049,0.0029708398506045,-0.0002044228458544,-0.0025671618059277,-0.0014291484840214,0.0023757820017635,0.0084414212033152,0.0007966723060235,0.0076763262040913,0.0049751242622733,0.0115424813702702,-0.0017821812070906,-0.0012575468281283,0.0005950958002358,0.0056914095766842,-0.0035686024930328,0.0044463071972131,-0.0041782548651099,0.0087569383904337,0.0025974239688366,0.0019259608816355,-0.0245117489248514,-0.0072232875972986,-0.0012257685884833,-0.0107188336551189,0.0141133656725287,0.0241068173199892,0.0127066811546683,0.0067171733826398,0.0163314025849103,0.0156250651925802,0.0019596763886511,0.0019845678471028,0.0140817016363143,0.0246272068470716,0.0032787269446998,0.0031731503549963,-0.0099961636587977,-0.0116487555205822,0.0479611903429031,-0.0068965819664299,-0.0157495327293872,-0.0086016627028584,0.0033885601442307,0.010474732145667,0.005065674893558,0.0545240826904773,0.0031734548974782,-0.0260929148644208,-0.005396369844675,-0.0004575716739054,-0.0106641659513115,-0.0068166153505444,0.0164523236453533,-0.0022671115584671,0.0096744270995259,-0.0018103194888681,0.0079233516007661,-0.0087483888491988,-0.0007312781526707,-0.031711533665657,0.0193926338106393,0.0058990702964365,-0.0021536746062338,0.0088164322078228,-0.0008992668590508,0.0095683205872774,-0.0025202410761266,-0.0129584921523928,0.0104674575850367,-0.0145829357206821,0.0035720118321478,-0.0029933587647974,0.0242036059498786,-0.0308743864297866,0.0057341759093105,-0.0014484482817351,-0.0269523374736309,0.0018656747415661,0.013139234855771,-0.0067942766472697,-0.0077112237922847,0.043394211679697,-0.0075944950804114,-0.0316205620765686,0.0,0.0330969467759132,-0.004093247000128,0.0025856266729533,-0.0146533185616135,0.0142045794054865,-0.0025389806833118,-0.0050011598505079,-0.0003636446781456,0.0087738875299692,0.0063659930601716,0.0088515495881438,-0.0182541497051715,0.0096067991107702,-0.0106465201824903,0.0050289807841181,-0.0209058847576948,0.015438751964014,-0.0069686522439057,0.021226375613093,-0.0009678510607188,0.0297265167012166,-0.0191637947872268,0.0490611828313907,0.0052417903928505,0.1639784914487021,0.0602860933257838,0.171566488713011,2019-02-15,2019-02-19,2019-02-20,2019-02-21,2019-02-22,2019-02-25,2019-02-26,2019-02-27,2019-02-28,2019-03-01,93374.0,2019-02-14,252.0,-0.5774%,-0.0002,0.8903,0.2516,0.5172,1.1652%,1.4538%,35.7533%,-0.002341,FAF,93374.0,2019-02-15,252.0,-1.0647%,-0.0003,0.8767,0.2368,0.4916,1.1746%,1.4525%,34.6047%,-0.023919,FAF,93374.0,2019-02-19,252.0,-1.0370%,-0.0003,0.8762,0.2248,0.4781,1.1769%,1.4539%,34.4746%,-0.0142969999999999,FAF,93374.0,2019-02-20,252.0,1.4235%,-0.0002,0.8805,0.2421,0.4956,1.1732%,1.4534%,34.8421%,0.009346,FAF,93374.0,2019-02-21,252.0,-0.5458%,-0.0002,0.8815,0.2439,0.4974,1.1731%,1.4534%,34.8510%,-0.000991,FAF,93374.0,2019-02-22,252.0,1.1564%,-0.0002,0.8803,0.2319,0.4724,1.1734%,1.4539%,34.8551%,0.011704,FAF,93374.0,2019-02-25,252.0,-0.6394%,-0.0002,0.8803,0.2349,0.4737,1.1741%,1.4543%,34.8254%,-0.006361,FAF,93374.0,2019-02-26,252.0,-0.5655%,-0.0003,0.8759,0.2405,0.4733,1.1731%,1.4495%,34.4965%,-0.00128,FAF,93374.0,2019-02-27,252.0,-0.2942%,-0.0003,0.8745,0.242,0.4731,1.1731%,1.4478%,34.3396%,-0.003719,FAF,93374.0,2019-02-28,252.0,-0.0983%,-0.0003,0.8808,0.2464,0.4769,1.1705%,1.4477%,34.6354%,0.002762,FAF,93374.0,2019-03-01,252.0,-0.2363%,-0.0004,0.8791,0.2438,0.4776,1.1714%,1.4456%,34.3440%,-0.007602,FAF,-0.02626,-0.040557,-0.031211,-0.020498,-0.0366979999999999
28275,FEDEX CORP,FedEx Corporation Names Raj Subramaniam President And CEO,6,increase,0.7,0.6,"the appointment of a new president and ceo can signal a positive change in leadership, potentially leading to increased investor confidence and a rise in stock price.",2,2019-02-14,FDX,2019-02-14 21:49:00+00:00,60628.0,31428X10,-0.0091584799811244,1557238.0,-0.0251195915043354,0.0009166792733594,0.0052983653731644,0.0240764301270246,0.0092094512656331,0.0217219069600105,0.002033945871517,-0.0227710735052824,-0.0098200198262929,-0.0132745904847979,0.003213484538719,0.0004354315169621,0.0035345412325114,0.0054725552909076,0.0005502770654857,0.0190731044858694,-0.0044551868923008,0.0097988974303007,0.0099447686225175,0.0005635098787024,-0.0090809827670454,0.0224104113876819,-0.0062382956966757,-0.0021844382863491,-0.0101661123335361,-0.007983542047441,-0.0298574045300483,0.007237188052386,-0.0024875728413462,0.0024183178320527,0.0271859243512153,-0.0126208150759339,0.0040804832242429,-0.0057091726921498,0.013320542871952,0.0210076719522476,-0.0025065278168767,0.0111461468040943,-0.0061425403691828,0.0042782379314303,0.0248342417180538,-0.0053628571331501,-0.0054275779984891,0.0032750309910625,-0.0349484384059906,0.0051140980795025,0.0223910324275493,-0.002755151130259,-0.0279345214366912,0.021374637261033,-0.0110351061448454,0.0017393903108313,0.0178996138274669,0.0139877339825034,0.0053668427281081,0.0460588485002517,0.0102788209915161,-0.0367669574916362,0.0197302419692277,0.0115291671827435,0.0277823340147733,0.0147817721590399,-0.0129793416708707,-0.0126692866906523,0.0063033401966094,0.0054324720986187,0.0133916288614273,0.0487884543836116,0.0118825370445847,-0.0335443243384361,0.0077936337329447,-0.0107688531279563,-0.0074720862321555,-0.0171681344509124,0.0055277864448726,-0.1216150522232056,0.0045549483038485,0.0154783027246594,0.0264762695878744,-0.0104285385459661,-0.0039096432738006,-0.016401283442974,0.0053522433154284,-0.0057896189391613,0.0042082942090928,-0.0072765075601637,0.0004543892573565,-0.0170009788125753,-0.0109512908384203,-0.0420080758631229,-0.0043371305800974,-0.0605412349104881,0.0139906508848071,-0.0021344036795198,-0.0454361960291862,-0.0631194114685058,-0.025573156774044,0.0045414553023874,0.014073091559112,0.0065934066660702,0.0151637019589543,-0.0187621563673019,-0.020268190652132,0.0293922238051891,0.0076500279828906,0.0008443052065558,0.0054534021764993,0.0073410896584391,-0.0130808865651488,0.0038193252403289,-0.0266163907945156,0.0054667331278324,-0.0068084299564361,-0.0219178367406129,0.0007245437591336,-0.0017204084433615,-0.0086878901347517,-0.0049163564108312,-0.0320224538445472,0.0117693813517689,-0.0251195915043354,0.0009166792733594,-0.0199543189049855,0.0250151797648581,-0.0109286359668467,0.0472804641323088,-0.0186493738606489,0.0098471128760246,-0.0060895776297049,0.0459232224238197,-0.0099149380519714,0.1505609217419543,-0.0596347734035139,-0.1729477091072986,2019-02-15,2019-02-19,2019-02-20,2019-02-21,2019-02-22,2019-02-25,2019-02-26,2019-02-27,2019-02-28,2019-03-01,60628.0,2019-02-14,252.0,-0.9158%,-0.0009,1.351,0.1824,0.5672,1.2311%,1.8146%,53.9706%,-0.004101,FDX,60628.0,2019-02-15,252.0,-2.5120%,-0.001,1.3398,0.1678,0.5431,1.2533%,1.8209%,52.6241%,-0.0436639999999999,FDX,60628.0,2019-02-19,252.0,0.5298%,-0.001,1.3383,0.1714,0.5473,1.2528%,1.8176%,52.4908%,0.0005369999999999,FDX,60628.0,2019-02-20,252.0,0.9209%,-0.001,1.3399,0.1768,0.5534,1.2528%,1.8187%,52.5485%,0.003179,FDX,60628.0,2019-02-21,252.0,0.2034%,-0.001,1.337,0.173,0.5481,1.2541%,1.8172%,52.3693%,0.008288,FDX,60628.0,2019-02-22,252.0,-0.9820%,-0.0011,1.3393,0.1521,0.5558,1.2528%,1.8168%,52.4496%,-0.011505,FDX,60628.0,2019-02-25,252.0,0.3213%,-0.0011,1.3406,0.1517,0.5607,1.2508%,1.8159%,52.5590%,0.0025,FDX,60628.0,2019-02-26,252.0,0.3535%,-0.0011,1.333,0.1459,0.552,1.2508%,1.8071%,52.0947%,0.0084009999999999,FDX,60628.0,2019-02-27,252.0,0.0550%,-0.0011,1.3346,0.1432,0.5523,1.2505%,1.8060%,52.0515%,-0.000364,FDX,60628.0,2019-02-28,252.0,-0.4455%,-0.001,1.3316,0.1412,0.5496,1.2502%,1.8010%,51.8091%,0.0009339999999999,FDX,60628.0,2019-03-01,252.0,0.9945%,-0.0011,1.3376,0.1501,0.5574,1.2492%,1.8015%,51.9216%,0.002056,FDX,-0.0477649999999999,-0.0472279999999999,-0.0440489999999999,-0.0472659999999999,-0.0337389999999999
28283,FLUOR CORP NEW,"Fluor Wins Contract To Design, Build New Valvoline Lubricants Facility In China, No Terms Disclosed",6,increase,0.7,0.6,"winning a contract to design and build a new facility indicates business growth and potential revenue, which is likely to positively impact fluor's stock price.",2,2019-02-14,FLR,2019-02-14 21:32:00+00:00,88853.0,34341210,-0.0119047705084085,1895701.0,0.017371891066432,-0.0141921527683734,0.019002990797162,0.065116211771965,0.018918938934803,-0.0023201280273497,0.0031829953659325,-0.0080552008002996,0.0150713827461004,-0.0389825813472271,-0.0112008415162563,0.0123145431280136,0.0089568011462688,-0.0129834590479731,0.0026110259350389,-0.0033039352856576,-0.0208334121853113,-0.0068362047895789,0.0013297911500558,0.0082712778821587,0.0064103016629815,0.0008277808665297,-0.0066348193213343,-0.0052154441364109,-0.0168314464390277,-0.0238477867096662,-0.0116847911849618,0.0135795762762427,0.0041243201121687,0.0090435184538364,0.0180722847580909,-0.0137837380170822,0.002689576940611,-0.0397092886269092,0.0139485104009509,0.0315930470824241,-0.0058200373314321,0.0249725542962551,0.0042575793340802,-0.0016438732855021,0.00953886564821,-0.0051784855313599,-0.0107611510902643,0.0013646080624312,-0.0156540237367153,0.0143964691087603,0.011859904974699,0.0089385388419032,-0.0519446097314357,0.0144516378641128,-0.0028097352478653,0.0108851641416549,0.0132430931553244,0.0231536030769348,0.0027809313032776,0.0540624037384986,0.0171935353428125,-0.0173041801899671,0.0032715084962546,0.0229812990874052,0.0500000044703483,0.0116242803633213,-0.0036231726408004,-0.0099533926695585,0.0114285359159112,-0.0049520223401486,0.0243965275585651,0.0773591771721839,0.0160441063344478,-0.0079391254112124,-0.0074019059538841,-0.0264090076088905,-0.0253542251884937,-0.0278647858649492,0.0135170267894864,-0.0135886510834097,0.0284347552806139,-0.0061387582682073,0.0075850593857467,-0.0097264340147376,-0.0162700824439525,-0.0187890622764825,0.0012343385023996,-0.0170038640499115,0.0036981683224439,0.0091716386377811,0.0083517599850893,-0.0534864142537117,0.0073081422597169,-0.022447295486927,0.0050786677747964,-0.0216925907880067,-0.0098652513697743,-0.0366356596350669,-0.0311057735234499,-0.0628627240657806,-0.0032605282030999,0.015636458992958,-0.0035229793284088,-0.003651448758319,0.0032828554976731,-0.0172248184680938,-0.0145984906703233,0.0267747528851032,-0.2408685088157654,-0.0123726865276694,-0.0134589374065399,0.0251181833446025,-0.0105729699134826,-0.0348055884242057,0.0179248694330453,0.006280152592808,-0.0091432593762874,-0.0515463910996913,0.0222146138548851,-0.0228340420871973,0.027415569871664,-0.0240332596004009,-0.0390497520565986,0.0227933060377836,0.017371891066432,-0.0141921527683734,0.0367049997496586,0.0499999197784259,0.0563183583333275,0.047563785535833,0.0756514669067167,-0.0013823434491949,0.0549173456584797,-0.0041356947487124,0.0368845896048701,0.1217390611912405,-0.1679564437479815,-0.1887509834332962,2019-02-15,2019-02-19,2019-02-20,2019-02-21,2019-02-22,2019-02-25,2019-02-26,2019-02-27,2019-02-28,2019-03-01,88853.0,2019-02-14,252.0,-1.1905%,-0.0013,1.4909,0.3899,0.9975,2.1737%,2.6109%,30.6848%,-0.0051329999999999,FLR,88853.0,2019-02-15,252.0,1.7372%,-0.0013,1.4878,0.3866,0.9918,2.1739%,2.6071%,30.4727%,-0.005338,FLR,88853.0,2019-02-19,252.0,1.9003%,-0.0012,1.491,0.3941,0.9999,2.1754%,2.6095%,30.5015%,0.01198,FLR,88853.0,2019-02-20,252.0,1.8919%,-0.0012,1.4946,0.4047,1.0134,2.1762%,2.6126%,30.6187%,0.00962,FLR,88853.0,2019-02-21,252.0,0.3183%,-0.0012,1.4995,0.4174,1.0222,2.1734%,2.6122%,30.7764%,0.011227,FLR,88853.0,2019-02-22,252.0,1.5071%,-0.0011,1.4963,0.4333,0.9982,2.1759%,2.6135%,30.6837%,0.017956,FLR,88853.0,2019-02-25,252.0,-1.1201%,-0.0012,1.4983,0.44,1.009,2.1742%,2.6130%,30.7656%,-0.010622,FLR,88853.0,2019-02-26,252.0,0.8957%,-0.0011,1.5054,0.4073,0.9978,2.1743%,2.6138%,30.8022%,0.0174,FLR,88853.0,2019-02-27,252.0,0.2611%,-0.001,1.5079,0.4034,0.9982,2.1740%,2.6133%,30.7929%,0.00158,FLR,88853.0,2019-02-28,252.0,-2.0833%,-0.0011,1.5143,0.4074,1.0058,2.1751%,2.6151%,30.8236%,-0.013844,FLR,88853.0,2019-03-01,252.0,0.1330%,-0.0012,1.5197,0.4153,1.0168,2.1743%,2.6143%,30.8300%,-0.006821,FLR,-0.010471,0.0015089999999999,0.0111289999999999,0.040312,0.0280049999999999
28291,FLEETCOR TECHNOLOGIES INC,Tiger Global 13F Shows Raised Stake In Fleetcor Technologies,6,increase,0.7,0.6,"an increase in stake by a prominent investor like tiger global typically signals confidence in the company's future performance, which can positively influence the stock price.",2,2019-02-14,FLT,2019-02-14 18:17:00+00:00,12449.0,33904110,0.0050594857893884,875958.0,0.0160997863858938,0.0023300186730921,0.0090158637613058,0.0074565517716109,0.0063254418782889,9.20134989428334e-05,-0.0076923076994717,-0.0038061256054788,0.011871506460011,0.0628229603171348,0.0080112153664231,0.0017086893785744,0.0064709698781371,0.0139095019549131,-0.0002157628914574,-0.0047785663045942,0.0068191708996891,0.0058471234515309,0.000214347790461,-0.0039484873414039,-0.0054429532028734,0.0255099106580019,-0.003102651098743,-0.0046851015649735,-0.002161320997402,-0.0063573322258889,-0.0144688803702592,0.0162275023758411,0.0014066256117075,-0.002131970366463,0.0132121602073311,0.0054098069667816,0.0042022322304546,-0.0120008308440446,0.0136755742132663,0.0296454317867755,0.0069370763376355,0.0067952699027955,0.0112848607823252,0.0013608714798465,0.0061854626983404,0.0122390454635024,0.0005399995134212,-0.0013756323605775,-0.0110013661906123,-0.0055771735496819,0.0138941258192062,0.0025847456417977,-0.0168915577232837,0.0113097382709384,0.0010106554254889,0.007633167784661,0.0144720338284969,0.0058937836438417,0.0042299255728721,0.0183920487761497,0.005863883998245,-0.0212880466133356,0.0123573141172528,-0.0009153466089628,0.0100166322663426,0.0121532268822193,0.0041757351718842,-0.0086980042979121,-0.0005198115832172,0.0125820729881525,-0.0066007678396999,0.041595458984375,0.0080138137564063,-0.005102006252855,0.0022772056981921,-0.0097120692953467,-0.0023916058707982,-0.0101689361035823,-0.0005194377736188,0.0049140322953462,-0.0009194312733598,0.0045436560176312,0.0058418964035809,0.0076875281520187,0.0007558375364169,-0.0153614655137062,0.0020669754594564,-0.0095915626734495,-0.0036494829691946,-0.0061903675086796,0.0009953418048098,-0.0179157573729753,0.0042956084944307,-0.0056705591268837,0.0165149047970771,-0.0107430880889296,-0.0012857641559094,-0.0048451554030179,0.0034329597838222,-0.032014675438404,0.0025269959587603,0.0142709920182824,0.0091131431981921,0.0089732958003878,0.0028053608257323,-0.0065305782482028,-0.0129526909440755,0.0274789836257696,-0.0028342236764729,-0.0064550330862402,0.0035430761054158,0.0265602059662342,-0.0043452768586575,-0.0212641544640064,-0.0310563892126083,-0.0010620623361319,0.0704978629946708,-0.0148059111088514,0.0,-0.0355719402432441,-0.009617181494832,-0.0001009246334433,-0.0248075276613235,0.037966065108776,0.0160997863858938,0.0023300186730921,0.025260803627841,0.0098039443495678,0.0317460312512767,0.0098968599437336,0.0359636846809927,0.0692562974662329,0.0581859487672844,0.0828192034405705,0.1183219770566703,0.181294408619159,0.1659410261148399,0.14887930216865,2019-02-15,2019-02-19,2019-02-20,2019-02-21,2019-02-22,2019-02-25,2019-02-26,2019-02-27,2019-02-28,2019-03-01,12449.0,2019-02-14,252.0,0.5059%,0.0002,0.8365,0.1234,-0.4221,1.2091%,1.5892%,42.1171%,0.003646,FLT,12449.0,2019-02-15,252.0,1.6100%,0.0003,0.8488,0.1354,-0.401,1.2089%,1.5921%,42.3448%,0.008265,FLT,12449.0,2019-02-19,252.0,0.9016%,0.0003,0.8519,0.1381,-0.3982,1.2096%,1.5923%,42.2969%,0.008114,FLT,12449.0,2019-02-20,252.0,0.6325%,0.0003,0.8526,0.1348,-0.3971,1.2082%,1.5913%,42.3485%,0.006493,FLT,12449.0,2019-02-21,252.0,-0.7692%,0.0002,0.8571,0.1427,-0.3888,1.2075%,1.5920%,42.4702%,-0.005457,FLT,12449.0,2019-02-22,252.0,1.1872%,0.0001,0.8584,0.1097,-0.4029,1.1977%,1.5883%,43.1425%,-0.000299,FLT,12449.0,2019-02-25,252.0,0.8011%,0.0002,0.8584,0.1067,-0.4045,1.1983%,1.5890%,43.1322%,0.0061839999999999,FLT,12449.0,2019-02-26,252.0,0.6471%,0.0002,0.859,0.0965,-0.4092,1.1989%,1.5882%,43.0207%,0.007093,FLT,12449.0,2019-02-27,252.0,-0.0216%,0.0003,0.868,0.0798,-0.4077,1.1919%,1.5866%,43.5689%,-0.001763,FLT,12449.0,2019-02-28,252.0,0.6819%,0.0003,0.8652,0.0782,-0.4117,1.1929%,1.5848%,43.3416%,0.008375,FLT,12449.0,2019-03-01,252.0,0.0214%,0.0003,0.8643,0.0768,-0.4093,1.1940%,1.5840%,43.1841%,-0.007979,FLT,0.011911,0.020025,0.026518,0.020762,0.032672
28299,FORWARD INDUSTRIES INC NY,"Forward Industries Q1 EPS $(0.06) Down From $0.01 YoY, Sales $10.2M Up From $6.336M YoY",6,uncertain,0.6,0.3,"while sales increased significantly, the negative eps indicates underlying profitability issues, leading to uncertainty about the stock's immediate reaction.",1,2019-02-14,FORD,2019-02-14 21:13:00+00:00,37381.0,34986230,0.0182926654815673,40120.0,-0.0359281115233898,0.0275689419358968,0.0124223483726382,0.0296774227172136,0.006134963594377,0.0,-0.0131707368418574,-0.0189873985946178,0.0318833291530609,-0.012499988079071,0.0059880185872316,0.0389610789716243,-0.017857126891613,0.0131578827276825,-0.0060606002807617,0.0133333206176757,-0.0243902206420898,0.027397233992815,0.012499988079071,0.0206935293972492,0.0185185000300407,-0.0066666966304183,0.0,-0.0335570164024829,0.0181818008422851,0.0205479245632886,-0.035714253783226,0.0354610458016395,-0.030864167958498,-0.0342466235160827,0.0,0.0138888750225305,-0.0127389170229435,-0.0068965447135269,0.0,0.0139860846102237,-0.0193548202514648,-0.0272109396755695,-0.0131578827276825,0.0,0.0266666412353515,0.0068493084982037,-0.0194805022329092,0.0209790859371423,0.0066225104965269,0.0070422468706965,-0.0065789413638412,0.0179211292415857,0.0132450209930539,0.0410447344183921,-0.0359476804733276,-0.007407400291413,-0.0101694818586111,0.0065613104961812,0.0342465415596962,0.0316129736602306,-0.019867530092597,-0.0297761671245098,0.0,0.0307692941278219,0.0,0.0116731412708759,0.0270270016044378,0.0198412518948316,0.01973682269454,0.0161290168762207,-0.0193548202514648,-0.0461538024246692,-0.01973682269454,0.0833332538604736,0.0134228058159351,-0.1111110895872116,0.0,-0.035714253783226,0.0,-0.007092191837728,0.0066225104965269,0.0,0.0394737273454666,0.0,-0.0316456146538257,0.0,0.0457516685128212,-0.0033223046921193,-0.0187499821186065,-0.0106992423534393,0.0127388406544923,0.0362318493425846,-0.0220126323401927,-0.0281689874827861,-0.0160771552473306,0.0441176034510135,-0.01960782520473,-0.0145641602575779,0.0066666603088378,-0.0415972508490085,-0.0187417529523372,0.0746268779039383,0.0258487127721309,-0.0289854798465967,-0.01973682269454,-0.0071942377835512,0.0017449359875172,0.0530302487313747,0.0049578160978853,-0.0571428053081035,-0.0129333334043622,0.0071942377835512,-0.007159240078181,0.0296296011656522,0.0272108577191829,-0.0287769511342048,0.0264900419861078,0.0296296011656522,-0.0347741954028606,-0.0073529342189431,-0.0124991675838828,-0.0144927399232983,-0.0163801033049821,-0.0212765764445066,-0.0359281115233898,0.0275689419358968,-0.0239520746684661,0.0580645397968084,-0.0179640561801899,0.0580645397968084,-1.2753548217503408e-09,0.0249999759314667,-0.0299400930540368,0.1465324176041491,-0.1137724252036905,0.2615384931006383,-0.1298203488689211,0.1631205817568484,2019-02-15,2019-02-19,2019-02-20,2019-02-21,2019-02-22,2019-02-25,2019-02-26,2019-02-27,2019-02-28,2019-03-01,37381.0,2019-02-14,252.0,1.8293%,0.0,0.3557,1.621,-0.1584,4.8496%,4.9511%,4.0589%,0.009697,FORD,37381.0,2019-02-15,252.0,-3.5928%,-0.0002,0.3216,1.5856,-0.22,4.8569%,4.9555%,3.9385%,-0.04334,FORD,37381.0,2019-02-19,252.0,1.2422%,0.0003,0.3606,1.538,-0.2769,4.7986%,4.9016%,4.1614%,0.0077729999999999,FORD,37381.0,2019-02-20,252.0,0.6135%,0.0004,0.3641,1.5583,-0.2611,4.7953%,4.8995%,4.2102%,0.003489,FORD,37381.0,2019-02-21,252.0,-1.3171%,0.0004,0.3609,1.5491,-0.2669,4.7947%,4.8979%,4.1711%,-0.011433,FORD,37381.0,2019-02-22,252.0,3.1883%,0.0007,0.3564,1.6077,-0.2672,4.7889%,4.8980%,4.4025%,0.016995,FORD,37381.0,2019-02-25,252.0,0.5988%,0.0006,0.3589,1.6061,-0.2587,4.7872%,4.8958%,4.3870%,0.009052,FORD,37381.0,2019-02-26,252.0,-1.7857%,0.0005,0.3465,1.63,-0.2559,4.7852%,4.8951%,4.4411%,-0.007958,FORD,37381.0,2019-02-27,252.0,-0.6061%,0.0005,0.3472,1.6256,-0.2558,4.7856%,4.8951%,4.4246%,-0.009876,FORD,37381.0,2019-02-28,252.0,-2.4390%,0.0006,0.3212,1.6069,-0.2689,4.7742%,4.8802%,4.2959%,-0.0243789999999999,FORD,37381.0,2019-03-01,252.0,1.2500%,0.0006,0.3197,1.6047,-0.273,4.7742%,4.8799%,4.2866%,0.0043619999999999,FORD,-0.0336429999999999,-0.0258699999999999,-0.0223809999999999,-0.0168189999999999,-0.045618
28307,FOSSIL GROUP INC,Wells Fargo: Weak Guidance Reignites Fossil Group Bear Case,6,decrease,0.8,0.7,"weak guidance typically signals potential future challenges for a company, which can lead to a decline in investor confidence and a decrease in stock price.",0,2019-02-14,FOSL,2019-02-14 19:18:00+00:00,79089.0,34988V10,-0.0329740308225154,12272908.0,-0.02426228672266,-0.0271436553448438,-0.0080645084381103,0.0207807905972003,0.0081300735473632,0.0365535542368888,0.0181451272219419,-0.005194800440222,0.0528052933514118,0.010498677380383,0.0294671021401882,-0.0966212823987007,-0.0456760041415691,0.0,0.012125052511692,0.0047647361643612,-0.0138713316991925,-0.010023477487266,0.0223784800618886,-0.0213503073900938,-0.0200124885886907,-0.0057372562587261,-0.022335696965456,-0.0034305013250559,-0.046997345983982,0.0,0.0068492759019136,0.0145011600106954,-0.0013605104759335,0.0040768603794276,0.0061308005824685,0.01597635820508,-0.0081246336922049,-0.0611111335456371,0.013651929795742,0.0,0.0127945840358734,0.0332950577139854,-0.0259308740496635,0.0127906575798988,0.044368639588356,0.0,-0.0254902187734842,-0.0282485857605934,-0.0335345417261123,0.0308678317815065,0.0111033897846937,-0.0977404415607452,-0.0473575554788112,0.0181915536522865,0.0136887300759553,0.0482333488762378,0.0135039472952485,0.0806060582399368,0.0,0.0735198482871055,-0.0105189736932516,-0.0740964114665985,-0.0276399292051792,0.0553083829581737,0.0174926947802305,-0.0308071486651897,-0.0042980243451893,0.0175548419356346,0.0230216309428215,0.0363872274756431,0.0218002442270517,0.1274725794792175,-0.0543702654540538,-0.1019736975431442,-0.0101891839876771,0.0013174903579056,0.003676414489746,-0.0931899324059486,-0.0212454181164503,0.0102595100179314,-0.0104789966717362,0.0474083460867404,0.0022692687343806,-0.0037783640436828,-0.0158490594476461,-0.0068792779929935,0.0053680748678743,-0.0599647536873817,-0.00305110309273,0.0047253351658582,0.0,0.0101432027295231,-0.0145370764657855,-0.0466438978910446,0.0077639305964112,-0.0624000057578086,0.0392912365496158,-0.0573152042925357,-0.0081541631370782,-0.0386660769581794,-0.0171898733824491,0.0703569874167442,0.0326996445655822,0.0168332289904356,-0.037555243819952,0.0173936728388071,-0.0153022045269608,-0.0199318677186965,0.0097125098109245,-0.1091121062636375,0.0380915664136409,0.0667996108531951,0.0051890769973397,0.0297741238027811,-0.0855457782745361,0.03727363422513,0.0338709764182567,-0.0471840910613536,0.1318253129720688,0.0406546220183372,-0.0041351080872118,-0.0109660094603896,-0.0636678263545036,0.0251605622470378,-0.02426228672266,-0.0271436553448438,-0.0321311317447676,-0.0069269313654072,-0.0242622866616494,0.0293734189101211,0.0459016261121978,0.0347769483324136,0.0485245753277281,-0.0900172827431001,-0.1003278530140875,0.0025429619823715,-0.1127868998782614,-0.15578158461041,2019-02-15,2019-02-19,2019-02-20,2019-02-21,2019-02-22,2019-02-25,2019-02-26,2019-02-27,2019-02-28,2019-03-01,79089.0,2019-02-14,252.0,-3.2974%,0.0041,2.3383,3.172,2.0316,6.5334%,7.0597%,14.3524%,-0.033193,FOSL,79089.0,2019-02-15,252.0,-2.4262%,0.0002,1.6075,2.5073,0.8338,3.9174%,4.4006%,20.7556%,-0.068467,FOSL,79089.0,2019-02-19,252.0,-0.8065%,0.0005,1.6335,2.4516,0.7689,3.8716%,4.3673%,21.4110%,-0.020991,FOSL,79089.0,2019-02-20,252.0,0.8130%,0.0007,1.6392,2.4976,0.798,3.8419%,4.3478%,21.9190%,-0.004696,FOSL,79089.0,2019-02-21,252.0,1.8145%,0.001,1.6192,2.4628,0.7611,3.8380%,4.3330%,21.5404%,0.027694,FOSL,79089.0,2019-02-22,252.0,5.2805%,0.0011,1.6134,2.4764,0.7039,3.8456%,4.3446%,21.6524%,0.039824,FOSL,79089.0,2019-02-25,252.0,2.9467%,0.0014,1.6091,2.4556,0.6773,3.8449%,4.3418%,21.5816%,0.034653,FOSL,79089.0,2019-02-26,252.0,-4.5676%,0.0013,1.6088,2.493,0.6959,3.8480%,4.3495%,21.7305%,-0.0252499999999999,FOSL,79089.0,2019-02-27,252.0,1.2125%,0.0012,1.6038,2.5034,0.6951,3.8475%,4.3488%,21.7280%,0.006676,FOSL,79089.0,2019-02-28,252.0,-1.3871%,0.0012,1.5993,2.5,0.6939,3.8471%,4.3437%,21.5576%,-0.007762,FOSL,79089.0,2019-03-01,252.0,2.2378%,0.0012,1.6158,2.5246,0.7172,3.8439%,4.3456%,21.7570%,0.0063,FOSL,-0.10166,-0.122651,-0.127347,-0.0598289999999999,-0.0452119999999999
28315,FOSSIL GROUP INC,Fossil shares are trading lower after the company reported Q4 EPS of $1.01 versus the $1.11 analyst estimate and revenue of $787M versus the $810M analyst estimate.,6,decrease,0.85,0.7,"the company's earnings and revenue fell short of analyst estimates, which typically leads to a negative reaction in stock prices.",0,2019-02-14,FOSL,2019-02-14 13:45:00+00:00,79089.0,34988V10,-0.0329740308225154,12272908.0,-0.02426228672266,-0.0271436553448438,-0.0080645084381103,0.0207807905972003,0.0081300735473632,0.0365535542368888,0.0181451272219419,-0.005194800440222,0.0528052933514118,0.010498677380383,0.0294671021401882,-0.0966212823987007,-0.0456760041415691,0.0,0.012125052511692,0.0047647361643612,-0.0138713316991925,-0.010023477487266,0.0223784800618886,-0.0213503073900938,-0.0200124885886907,-0.0057372562587261,-0.022335696965456,-0.0034305013250559,-0.046997345983982,0.0,0.0068492759019136,0.0145011600106954,-0.0013605104759335,0.0040768603794276,0.0061308005824685,0.01597635820508,-0.0081246336922049,-0.0611111335456371,0.013651929795742,0.0,0.0127945840358734,0.0332950577139854,-0.0259308740496635,0.0127906575798988,0.044368639588356,0.0,-0.0254902187734842,-0.0282485857605934,-0.0335345417261123,0.0308678317815065,0.0111033897846937,-0.0977404415607452,-0.0473575554788112,0.0181915536522865,0.0136887300759553,0.0482333488762378,0.0135039472952485,0.0806060582399368,0.0,0.0735198482871055,-0.0105189736932516,-0.0740964114665985,-0.0276399292051792,0.0553083829581737,0.0174926947802305,-0.0308071486651897,-0.0042980243451893,0.0175548419356346,0.0230216309428215,0.0363872274756431,0.0218002442270517,0.1274725794792175,-0.0543702654540538,-0.1019736975431442,-0.0101891839876771,0.0013174903579056,0.003676414489746,-0.0931899324059486,-0.0212454181164503,0.0102595100179314,-0.0104789966717362,0.0474083460867404,0.0022692687343806,-0.0037783640436828,-0.0158490594476461,-0.0068792779929935,0.0053680748678743,-0.0599647536873817,-0.00305110309273,0.0047253351658582,0.0,0.0101432027295231,-0.0145370764657855,-0.0466438978910446,0.0077639305964112,-0.0624000057578086,0.0392912365496158,-0.0573152042925357,-0.0081541631370782,-0.0386660769581794,-0.0171898733824491,0.0703569874167442,0.0326996445655822,0.0168332289904356,-0.037555243819952,0.0173936728388071,-0.0153022045269608,-0.0199318677186965,0.0097125098109245,-0.1091121062636375,0.0380915664136409,0.0667996108531951,0.0051890769973397,0.0297741238027811,-0.0855457782745361,0.03727363422513,0.0338709764182567,-0.0471840910613536,0.1318253129720688,0.0406546220183372,-0.0041351080872118,-0.0109660094603896,-0.0636678263545036,0.0251605622470378,-0.02426228672266,-0.0271436553448438,-0.0321311317447676,-0.0069269313654072,-0.0242622866616494,0.0293734189101211,0.0459016261121978,0.0347769483324136,0.0485245753277281,-0.0900172827431001,-0.1003278530140875,0.0025429619823715,-0.1127868998782614,-0.15578158461041,2019-02-15,2019-02-19,2019-02-20,2019-02-21,2019-02-22,2019-02-25,2019-02-26,2019-02-27,2019-02-28,2019-03-01,79089.0,2019-02-14,252.0,-3.2974%,0.0041,2.3383,3.172,2.0316,6.5334%,7.0597%,14.3524%,-0.033193,FOSL,79089.0,2019-02-15,252.0,-2.4262%,0.0002,1.6075,2.5073,0.8338,3.9174%,4.4006%,20.7556%,-0.068467,FOSL,79089.0,2019-02-19,252.0,-0.8065%,0.0005,1.6335,2.4516,0.7689,3.8716%,4.3673%,21.4110%,-0.020991,FOSL,79089.0,2019-02-20,252.0,0.8130%,0.0007,1.6392,2.4976,0.798,3.8419%,4.3478%,21.9190%,-0.004696,FOSL,79089.0,2019-02-21,252.0,1.8145%,0.001,1.6192,2.4628,0.7611,3.8380%,4.3330%,21.5404%,0.027694,FOSL,79089.0,2019-02-22,252.0,5.2805%,0.0011,1.6134,2.4764,0.7039,3.8456%,4.3446%,21.6524%,0.039824,FOSL,79089.0,2019-02-25,252.0,2.9467%,0.0014,1.6091,2.4556,0.6773,3.8449%,4.3418%,21.5816%,0.034653,FOSL,79089.0,2019-02-26,252.0,-4.5676%,0.0013,1.6088,2.493,0.6959,3.8480%,4.3495%,21.7305%,-0.0252499999999999,FOSL,79089.0,2019-02-27,252.0,1.2125%,0.0012,1.6038,2.5034,0.6951,3.8475%,4.3488%,21.7280%,0.006676,FOSL,79089.0,2019-02-28,252.0,-1.3871%,0.0012,1.5993,2.5,0.6939,3.8471%,4.3437%,21.5576%,-0.007762,FOSL,79089.0,2019-03-01,252.0,2.2378%,0.0012,1.6158,2.5246,0.7172,3.8439%,4.3456%,21.7570%,0.0063,FOSL,-0.10166,-0.122651,-0.127347,-0.0598289999999999,-0.0452119999999999
28323,CEDAR FAIR L P,"Wells Fargo Reiterates Outperform On Cedar Fair As Firm Views 'Q418 results as solid, setup for 2019 positive and secure 7% unit distribution yield attractive'",6,increase,0.8,0.6,"the reiteration of an 'outperform' rating by wells fargo, along with positive commentary on cedar fair's results and attractive distribution yield, suggests investor confidence, likely leading to an increase in stock price.",2,2019-02-14,FUN,2019-02-14 14:57:00+00:00,75041.0,15018510,-0.00712914718315,377742.0,-0.0151367904618382,-0.014245013706386,0.0153694339096546,-0.0026520057581365,0.0294973906129598,-0.018773203715682,-0.0233741346746683,0.015285856090486,0.0144759695976972,-0.0187036730349063,0.0064688003621995,-0.0235081240534782,-0.0054820585064589,-0.0007228210452012,-0.0049420669674873,-0.0080659752711653,0.0124164577573537,0.0088607901707291,-0.0054717152379453,0.001267421641387,-0.0077784075401723,-0.0077254814095795,0.0038241064175963,0.0077856294810771,-0.0095238098874688,0.0014505533035844,0.0125000290572643,-0.0061272326856851,0.0141500411555171,-0.0096376426517963,0.0028587328270077,0.00737144658342,0.0125427572056651,-0.0021529018413275,0.0322823077440261,0.0028787304181605,0.0099999858066439,-0.0060800490900874,-0.0140413828194141,0.0191361270844936,0.0052948859520256,0.0225493684411048,-0.0136215034872293,0.0007460073684342,0.0044190362095832,0.0016813031397759,-0.003849662374705,0.0096189798787236,-0.0266838558018207,0.0009439160930924,-0.0009453438688069,0.0347724668681621,0.0022709865588694,0.0496206320822238,0.0033987974748015,0.0343584083020687,-0.0039518079720437,-0.0016937967156991,-0.0058568180538713,-0.0014799090567976,0.0005701747140847,-0.0186722297221422,-0.0157645158469677,-0.0024834217038005,0.013122352771461,0.0100334351882338,-0.009142848663032,0.0220038183033466,0.0017301067709922,-0.0149410581216216,0.0082517806440591,-0.0171664543449878,0.000190299222595,-0.0110452221706509,0.0106565440073609,-0.0274517815560102,0.0084729949012398,-0.0328972525894641,-0.0044809873215854,0.0032811844721436,0.0001875869493233,0.0083690211176872,-0.0045003127306699,0.0126133104786276,0.0016952373553067,0.0005916504305787,0.0118465786799788,-0.0277990940958261,-0.0096636395901441,0.0134058408439159,0.0082566831260919,0.0013618617085739,0.0016750447684898,-0.0124879488721489,-0.0040877223946154,-0.0229022186249494,0.0001866070233518,-0.0095943119376897,0.0052228835411369,0.0088495491072535,0.0014845394762232,-0.0029411735013127,0.0035204489249736,-0.012345683760941,0.0094165122136473,0.0084218764677643,0.0261569488793611,0.0220808442682027,-0.0122994408011436,0.0050780600868165,-0.0126331122592091,0.0242727473378181,-0.0148052927106618,-0.0376343876123428,0.0103895645588636,0.0108695281669497,-0.0023870225995779,0.0018776246579363,-0.0246640909463167,0.0254139341413974,-0.0151367904618382,-0.014245013706386,-4.5279113791707454e-10,-0.0168592416061484,0.0294973901468125,-0.0353159433446663,0.0199884083268746,-0.0388888616272621,0.022899290279152,-0.0602932843775857,0.0391547582339535,0.0972516377267296,0.0464616811734464,0.0165809354616648,2019-02-15,2019-02-19,2019-02-20,2019-02-21,2019-02-22,2019-02-25,2019-02-26,2019-02-27,2019-02-28,2019-03-01,75041.0,2019-02-14,252.0,-0.7129%,-0.0007,0.5482,0.0208,0.2994,1.5419%,1.6317%,10.7096%,-0.00448,FUN,75041.0,2019-02-15,252.0,-1.5137%,-0.0008,0.5323,0.0041,0.2704,1.5481%,1.6328%,10.1011%,-0.02292,FUN,75041.0,2019-02-19,252.0,1.5369%,-0.0008,0.5311,0.0187,0.287,1.5484%,1.6320%,9.9777%,0.0134349999999999,FUN,75041.0,2019-02-20,252.0,2.9497%,-0.0007,0.5385,0.0345,0.3134,1.5580%,1.6430%,10.0757%,0.0267689999999999,FUN,75041.0,2019-02-21,252.0,-2.3374%,-0.0009,0.5541,0.0617,0.342,1.5513%,1.6410%,10.6307%,-0.020737,FUN,75041.0,2019-02-22,252.0,1.4476%,-0.0008,0.5512,0.0792,0.3233,1.5533%,1.6423%,10.5421%,0.015462,FUN,75041.0,2019-02-25,252.0,0.6469%,-0.0006,0.5472,0.0718,0.3048,1.5394%,1.6282%,10.6080%,0.00633,FUN,75041.0,2019-02-26,252.0,-0.5482%,-0.0007,0.5422,0.0803,0.3053,1.5384%,1.6250%,10.3734%,-0.003241,FUN,75041.0,2019-02-27,252.0,-0.4942%,-0.0006,0.5457,0.0727,0.3059,1.5378%,1.6252%,10.4565%,-0.0053159999999999,FUN,75041.0,2019-02-28,252.0,1.2416%,-0.0006,0.5405,0.0696,0.2985,1.5407%,1.6258%,10.1983%,0.014758,FUN,75041.0,2019-03-01,252.0,-0.5472%,-0.0006,0.5405,0.0697,0.3022,1.5414%,1.6259%,10.1247%,-0.008461,FUN,-0.0274,-0.013965,0.0128039999999999,0.0075289999999999,0.0115989999999999
28331,GEO GROUP INC NEW,"GEO Sees FY19 Adj. EPS $1.27-$1.37 vs $1.44 Estimate, Adj. FFO $2.50-$2.60, Adj. EBITDA $464M-$476M",6,decrease,0.75,0.6,"the adjusted eps guidance is below the analyst estimate, which is likely to lead to a negative reaction in the stock price.",0,2019-02-14,GEO,2019-02-14 12:06:00+00:00,80774.0,36162J10,-0.0072094839997589,1021947.0,-0.0165722221136093,0.0098500875756144,0.0079822754487395,-0.0122673017904162,0.003519574413076,-0.000422842655098,0.0026304854545742,0.0093896416947245,0.0249234661459922,0.0055794450454413,-0.008105824701488,0.0043102786876261,-0.0055913617834448,0.0193321853876113,-0.0108131486922502,0.0066342153586447,-0.0065588769502937,0.0026608149055391,-0.0017605198081582,0.0053499299101531,0.0110229272395372,-0.0048802397213876,-0.0034888759255409,0.0094044329598546,-0.0621444210410118,0.0085817771032452,-0.0261315666139125,-0.00494384765625,-0.0249161683022975,0.0063319485634565,0.0058967531658709,-0.0040540606714785,-0.041035670787096,-0.004037691745907,-0.0045847301371395,0.005866474006325,-0.0056295087561011,0.0027149079833179,-0.0046320199035108,0.0231481473892927,-0.0098242256790399,0.014084561727941,0.0015666155377402,-0.0309372302144765,-0.0093847913667559,0.0082568954676389,0.0168420895934104,0.0297590531408786,-0.0170807410031557,0.0197495110332965,-0.0289625711739063,0.0390390753746032,0.014099795371294,0.0106221083551645,-0.0192513689398765,0.0302240699529647,0.021264960989356,-0.0067287352867424,0.0250934995710849,-0.0192893929779529,0.011979142203927,0.0196687933057546,0.0072053209878504,0.0184502061456441,-0.0045988839119672,-0.0306591913104057,0.0066735660657286,0.0332628898322582,0.0239673275500536,-0.0341662429273128,-0.0039840601384639,-0.0480582416057586,-0.01099996548146,-0.0062710642814636,0.0176945626735687,-0.0577272921800613,-0.005464416462928,0.0138248493894934,0.0064934869296848,-0.0346974544227123,-0.0010168000590056,-0.0140350749716162,-0.0249363761395216,0.008403300307691,0.0052192267030477,-0.0078982142731547,0.0067496965639293,-0.0099912919104099,-0.0206291712820529,-0.0004342261527199,0.0152712436392903,-0.0162323433905839,0.005705326795578,0.0353825390338897,-0.0092831514775753,-0.0499999448657035,0.0114524327218532,0.0240963622927665,-0.0025733991060405,0.0021560688037425,0.0330238044261932,0.0017279013991355,0.0489510260522365,0.0266075562685728,-0.0128571642562747,-0.0238095726817846,0.01640135794878,0.0203180648386478,0.0047461027279496,0.0170709416270256,-0.0292867664247751,0.0118181919679045,-0.0063259936869144,-0.0165400449186563,0.0068559935316443,-0.0057777403853833,0.0214008055627346,0.0089686447754502,-0.0038095202762633,0.014097292907536,-0.0165722221136093,0.0098500875756144,-0.0087222307065782,-0.0025380482117538,-0.005233354833522,-0.0029598176718073,0.0222416148734185,0.0120171972288682,-0.0109027472654332,0.0512706018749997,-0.1626689669567984,0.1969542667260297,-0.0653945412722019,0.0723056068257494,2019-02-15,2019-02-19,2019-02-20,2019-02-21,2019-02-22,2019-02-25,2019-02-26,2019-02-27,2019-02-28,2019-03-01,80774.0,2019-02-14,252.0,-0.7209%,0.0008,0.5961,0.5944,0.1213,1.5827%,1.7256%,15.8857%,-0.0085209999999999,GEO,80774.0,2019-02-15,252.0,-1.6572%,0.0008,0.5965,0.5919,0.1181,1.5856%,1.7280%,15.8042%,-0.025476,GEO,80774.0,2019-02-19,252.0,0.7982%,0.0008,0.5934,0.5997,0.1273,1.5838%,1.7248%,15.6840%,0.004678,GEO,80774.0,2019-02-20,252.0,0.3520%,0.0008,0.5929,0.5974,0.1253,1.5837%,1.7245%,15.6691%,0.000273,GEO,80774.0,2019-02-21,252.0,0.2630%,0.0006,0.6058,0.6247,0.1489,1.5649%,1.7124%,16.4805%,0.005431,GEO,80774.0,2019-02-22,252.0,2.4923%,0.0007,0.6036,0.6165,0.1142,1.5683%,1.7175%,16.6177%,0.019639,GEO,80774.0,2019-02-25,252.0,-0.8106%,0.0006,0.6052,0.6221,0.1232,1.5667%,1.7164%,16.6736%,-0.007303,GEO,80774.0,2019-02-26,252.0,-0.5591%,0.0005,0.5915,0.6366,0.1203,1.5599%,1.7065%,16.4474%,-0.000335,GEO,80774.0,2019-02-27,252.0,-1.0813%,0.0004,0.5907,0.6342,0.1201,1.5620%,1.7078%,16.3474%,-0.012511,GEO,80774.0,2019-02-28,252.0,-0.6559%,0.0005,0.5785,0.6257,0.1125,1.5546%,1.6955%,15.9343%,-0.004654,GEO,80774.0,2019-03-01,252.0,-0.1761%,0.0005,0.5799,0.6278,0.1183,1.5550%,1.6954%,15.8692%,-0.00738,GEO,-0.033997,-0.0293189999999999,-0.029046,-0.0039759999999999,-0.036159
28339,GEO GROUP INC NEW,"GEO Group Q4 EPS $0.51 Beats $0.33 Estimate, Sales $599.43M Beat $588.94M Estimate",6,increase,0.8,0.6,"the company's earnings per share and sales both exceeded analyst estimates, which typically signals positive performance and can lead to an increase in stock price.",2,2019-02-14,GEO,2019-02-14 12:06:00+00:00,80774.0,36162J10,-0.0072094839997589,1021947.0,-0.0165722221136093,0.0098500875756144,0.0079822754487395,-0.0122673017904162,0.003519574413076,-0.000422842655098,0.0026304854545742,0.0093896416947245,0.0249234661459922,0.0055794450454413,-0.008105824701488,0.0043102786876261,-0.0055913617834448,0.0193321853876113,-0.0108131486922502,0.0066342153586447,-0.0065588769502937,0.0026608149055391,-0.0017605198081582,0.0053499299101531,0.0110229272395372,-0.0048802397213876,-0.0034888759255409,0.0094044329598546,-0.0621444210410118,0.0085817771032452,-0.0261315666139125,-0.00494384765625,-0.0249161683022975,0.0063319485634565,0.0058967531658709,-0.0040540606714785,-0.041035670787096,-0.004037691745907,-0.0045847301371395,0.005866474006325,-0.0056295087561011,0.0027149079833179,-0.0046320199035108,0.0231481473892927,-0.0098242256790399,0.014084561727941,0.0015666155377402,-0.0309372302144765,-0.0093847913667559,0.0082568954676389,0.0168420895934104,0.0297590531408786,-0.0170807410031557,0.0197495110332965,-0.0289625711739063,0.0390390753746032,0.014099795371294,0.0106221083551645,-0.0192513689398765,0.0302240699529647,0.021264960989356,-0.0067287352867424,0.0250934995710849,-0.0192893929779529,0.011979142203927,0.0196687933057546,0.0072053209878504,0.0184502061456441,-0.0045988839119672,-0.0306591913104057,0.0066735660657286,0.0332628898322582,0.0239673275500536,-0.0341662429273128,-0.0039840601384639,-0.0480582416057586,-0.01099996548146,-0.0062710642814636,0.0176945626735687,-0.0577272921800613,-0.005464416462928,0.0138248493894934,0.0064934869296848,-0.0346974544227123,-0.0010168000590056,-0.0140350749716162,-0.0249363761395216,0.008403300307691,0.0052192267030477,-0.0078982142731547,0.0067496965639293,-0.0099912919104099,-0.0206291712820529,-0.0004342261527199,0.0152712436392903,-0.0162323433905839,0.005705326795578,0.0353825390338897,-0.0092831514775753,-0.0499999448657035,0.0114524327218532,0.0240963622927665,-0.0025733991060405,0.0021560688037425,0.0330238044261932,0.0017279013991355,0.0489510260522365,0.0266075562685728,-0.0128571642562747,-0.0238095726817846,0.01640135794878,0.0203180648386478,0.0047461027279496,0.0170709416270256,-0.0292867664247751,0.0118181919679045,-0.0063259936869144,-0.0165400449186563,0.0068559935316443,-0.0057777403853833,0.0214008055627346,0.0089686447754502,-0.0038095202762633,0.014097292907536,-0.0165722221136093,0.0098500875756144,-0.0087222307065782,-0.0025380482117538,-0.005233354833522,-0.0029598176718073,0.0222416148734185,0.0120171972288682,-0.0109027472654332,0.0512706018749997,-0.1626689669567984,0.1969542667260297,-0.0653945412722019,0.0723056068257494,2019-02-15,2019-02-19,2019-02-20,2019-02-21,2019-02-22,2019-02-25,2019-02-26,2019-02-27,2019-02-28,2019-03-01,80774.0,2019-02-14,252.0,-0.7209%,0.0008,0.5961,0.5944,0.1213,1.5827%,1.7256%,15.8857%,-0.0085209999999999,GEO,80774.0,2019-02-15,252.0,-1.6572%,0.0008,0.5965,0.5919,0.1181,1.5856%,1.7280%,15.8042%,-0.025476,GEO,80774.0,2019-02-19,252.0,0.7982%,0.0008,0.5934,0.5997,0.1273,1.5838%,1.7248%,15.6840%,0.004678,GEO,80774.0,2019-02-20,252.0,0.3520%,0.0008,0.5929,0.5974,0.1253,1.5837%,1.7245%,15.6691%,0.000273,GEO,80774.0,2019-02-21,252.0,0.2630%,0.0006,0.6058,0.6247,0.1489,1.5649%,1.7124%,16.4805%,0.005431,GEO,80774.0,2019-02-22,252.0,2.4923%,0.0007,0.6036,0.6165,0.1142,1.5683%,1.7175%,16.6177%,0.019639,GEO,80774.0,2019-02-25,252.0,-0.8106%,0.0006,0.6052,0.6221,0.1232,1.5667%,1.7164%,16.6736%,-0.007303,GEO,80774.0,2019-02-26,252.0,-0.5591%,0.0005,0.5915,0.6366,0.1203,1.5599%,1.7065%,16.4474%,-0.000335,GEO,80774.0,2019-02-27,252.0,-1.0813%,0.0004,0.5907,0.6342,0.1201,1.5620%,1.7078%,16.3474%,-0.012511,GEO,80774.0,2019-02-28,252.0,-0.6559%,0.0005,0.5785,0.6257,0.1125,1.5546%,1.6955%,15.9343%,-0.004654,GEO,80774.0,2019-03-01,252.0,-0.1761%,0.0005,0.5799,0.6278,0.1183,1.5550%,1.6954%,15.8692%,-0.00738,GEO,-0.033997,-0.0293189999999999,-0.029046,-0.0039759999999999,-0.036159
28347,GLOBANT S A,"Globant Q4 EPS $0.50 Beats $0.48 Estimate, Sales $140.138M Beat $139.76M Estimate",6,increase,0.8,0.6,"the company reported better-than-expected earnings per share and sales, which typically signals positive performance and can lead to an increase in stock price.",2,2019-02-14,GLOB,2019-02-14 21:59:00+00:00,14785.0,L4438510,-0.0020467746071517,400031.0,0.0369176156818866,0.0058823754079639,0.0063577927649021,0.0072581521235406,-0.0254107136279344,0.0116888768970966,0.004753699991852,0.0034586971160024,0.0321146659553051,-0.0110053224489092,-0.0016668303869664,-0.0059136832132935,-0.023514712229371,-0.0115446578711271,-0.0109717389568686,0.0134775433689355,-0.0074917771853506,-0.0011834590695798,0.0245318971574306,-0.0063207452185451,0.0100594935938715,-0.0119099449366331,-0.0023846004623919,0.0082002859562635,-0.0282621216028928,0.0036743092350661,0.0013022187631577,0.0521107614040374,-0.0080924509093165,0.0226122140884399,0.0177739113569259,-0.0118749737739563,0.0061551718972623,-0.0153846153989434,0.0183525513857603,0.0137242237105965,-0.0093601308763027,-0.0112566808238625,0.0198843032121658,0.0206168945878744,-0.0199115388095378,0.0348534099757671,0.0079007502645254,0.0190871618688106,-0.0037794550880789,-0.0132656628265976,0.0255725681781768,0.0037810215726494,-0.0421974845230579,0.0599408000707626,-0.0005721772904507,0.0024454041849821,0.0194647274911403,0.0635333061218261,-0.0294820442795753,0.0332054384052753,0.0295096337795257,-0.0435102395713329,0.0032317459117621,-0.032847985625267,-0.0228291992098093,-0.0081014279276132,0.041135199368,-0.0050814948044717,0.0257434304803609,0.0211129058152437,-0.0334184058010578,0.0603301152586937,0.0358234085142612,-0.0324889943003654,-0.009249260649085,-0.010174443013966,0.0332837104797363,-0.00181353779044,0.0316878110170364,-0.0207778718322515,0.0130727095529437,0.0326426289975643,0.0221748519688844,-0.0126742850989103,-0.0104179251939058,-0.0197018217295408,0.0028486915398389,-0.0098418518900871,-0.0321106389164924,0.0467255488038063,0.0029347417876124,0.0111607573926448,0.0189567171037197,0.0001860152842709,0.0444500595331192,-0.0624455213546752,-0.010041887871921,-0.0100155072286725,-0.0237894132733345,-0.0294955316931009,0.0267194919288158,0.0173912458121776,-0.0116867618635296,0.0235602501779794,0.0238936860114336,0.0141592789441347,-0.0127396089956164,0.0361269265413284,-0.0002411558525636,0.0034964783117175,0.017490915954113,0.0350476205348968,-0.01849433965981,-0.0030383563134819,-0.0207754708826541,0.0438057295978069,0.0261502750217914,-0.017909251153469,-0.0383459851145744,-0.0360293090343475,0.0686249732971191,0.0075628953054547,-0.0687799453735351,0.0413466915488243,0.0369176156818866,0.0058823754079639,0.0435101229966685,0.0131832227070634,0.0169937860933495,0.0250261966714899,0.0546439429829612,0.0172516913327034,0.0339876867806947,0.0054388179695579,0.0460005675314219,0.214488663003588,0.1662759630980095,0.3467217928118715,2019-02-15,2019-02-19,2019-02-20,2019-02-21,2019-02-22,2019-02-25,2019-02-26,2019-02-27,2019-02-28,2019-03-01,14785.0,2019-02-14,252.0,-0.2047%,0.0013,1.0471,0.1723,-0.6786,1.8661%,2.3043%,34.4160%,-0.004843,GLOB,14785.0,2019-02-15,252.0,3.6918%,0.0014,1.0607,0.1874,-0.6528,1.8733%,2.3122%,34.3651%,0.027812,GLOB,14785.0,2019-02-19,252.0,0.6358%,0.0014,1.0621,0.1893,-0.6508,1.8734%,2.3106%,34.2607%,0.005657,GLOB,14785.0,2019-02-20,252.0,-2.5411%,0.0009,1.0466,0.1159,-0.7162,1.7940%,2.2486%,36.3458%,-0.024366,GLOB,14785.0,2019-02-21,252.0,0.4754%,0.0009,1.0542,0.1327,-0.7024,1.7875%,2.2454%,36.6270%,0.0069599999999999,GLOB,14785.0,2019-02-22,252.0,3.2115%,0.0009,1.0517,0.1512,-0.7156,1.7879%,2.2511%,36.9193%,0.014108,GLOB,14785.0,2019-02-25,252.0,-0.1667%,0.001,1.0509,0.153,-0.7174,1.7877%,2.2510%,36.9299%,-0.004239,GLOB,14785.0,2019-02-26,252.0,-2.3515%,0.0009,1.0581,0.1798,-0.6984,1.7940%,2.2552%,36.7175%,-0.023321,GLOB,14785.0,2019-02-27,252.0,-1.0972%,0.0009,1.0677,0.1587,-0.6969,1.7907%,2.2555%,36.9645%,-0.013204,GLOB,14785.0,2019-02-28,252.0,-0.7492%,0.0008,1.0749,0.1634,-0.69,1.7900%,2.2561%,37.0523%,-0.006056,GLOB,14785.0,2019-03-01,252.0,2.4532%,0.0008,1.0891,0.1846,-0.6739,1.7877%,2.2602%,37.4425%,0.013469,GLOB,0.022969,0.028626,0.00426,0.025328,-0.008023
28355,GENERAC HOLDINGS INC,Generac Reports Q4 Adj EPS Of $1.42 vs $1.39 Estimate; Reports Q4 Revenues Of $563.4 Mln vs $552.69 Mln; Guides FY19 Revenue Of +3-7 Percent To Approx. $2.084-$2.165 Bln vs $2.04 Bln Estimate,6,increase,0.75,0.6,"the company exceeded earnings and revenue estimates, which typically signals positive performance and can lead to an increase in stock price.",2,2019-02-14,GNRC,2019-02-14 11:13:00+00:00,93246.0,36873610,0.0199374593794345,1578675.0,0.0086240088567137,-0.0050563658587634,0.0020900743547827,0.0240987669676542,0.021046582609415,0.0044008279219269,-0.0135561665520072,0.0036137381102889,-0.0033885601442307,-0.0191019587218761,-0.0026444918476045,-0.0388037674129009,-0.0157196596264839,0.0007577366195619,-0.0015393848298117,-0.0035862331278622,-0.0063595687970519,0.0009446294279769,0.0182311590760946,-0.000188861391507,0.0030476162210106,0.0036018698010593,-0.0098746763542294,-0.0060297660529613,-0.0205216668546199,-0.0102573530748486,0.0039162086322903,0.0029928891453891,0.0048761456273496,0.0115421125665307,0.0246506296098232,-0.0227441433817148,-0.0022732098586857,-0.0120569933205843,0.004366876091808,0.0112691782414913,-0.0013232455821707,0.010453637689352,0.001135672093369,0.0024326548445969,0.0030251436401158,0.0103989271447062,-0.00923652946949,-0.0121404835954308,-0.0192161742597818,0.0052572777494788,0.0067895692773163,0.009285538457334,-0.0418112128973007,0.0153934815898537,-0.0030162420589476,0.0176229011267423,0.0173456389456987,-0.0013687856262549,0.0007930395659059,0.0404882580041885,0.0055467272177338,-0.0360855087637901,0.009259283542633,0.0259557515382766,0.027913337573409,0.0120138498023152,-0.009684738703072,-0.0010170715395361,0.0046020681038498,0.0157024450600147,0.01164345536381,0.0630354210734367,0.0156604126095771,-0.0353813990950584,0.0124465562403202,-0.0327868536114692,-0.0198165476322174,-0.0278884768486022,0.0119805922731757,-0.0239159930497407,0.0101738665252924,-0.0013592173345386,0.0058597270399332,-0.0118956053629517,-0.0103768380358815,-0.0261584743857383,-0.0069904536940157,0.0062042083591222,0.009262690320611,0.0320139229297637,0.0099119115620851,-0.0218257308006286,-0.0125408694148063,0.0032368272077292,0.0217190589755773,-0.0058679040521383,0.013691266067326,0.0080137755721807,-0.0264795031398534,-0.0674377381801605,0.010222733952105,-0.012649287469685,-0.0063245114870369,0.0026422003284096,0.0,-0.0071703367866575,-0.0030915071256458,0.0176188237965107,0.0488872714340686,0.0173818413168191,0.0433043763041496,0.0126512395218014,-0.0100017050281167,-0.0357142947614193,-0.0107762152329087,0.0179985594004392,-0.0120850903913378,-0.0112119112163782,0.0006891956436447,-0.0107394475489854,0.0,0.0085227191448211,-0.0172176305204629,0.0138613944873213,0.0086240088567137,-0.0050563658587634,0.0107321080312432,0.0189205489263573,0.0320045648389111,0.0234046429282974,0.0145649355821644,0.0074832809572447,0.006132611430893,-0.0336229495768419,-0.0182062253107011,0.0293762405285062,0.0939057354264485,-0.0790278993676731,2019-02-15,2019-02-19,2019-02-20,2019-02-21,2019-02-22,2019-02-25,2019-02-26,2019-02-27,2019-02-28,2019-03-01,93246.0,2019-02-14,252.0,1.9937%,0.0006,1.2279,0.5956,0.5489,1.2645%,1.7701%,48.9669%,0.0227139999999999,GNRC,93246.0,2019-02-15,252.0,0.8624%,0.0005,1.2121,0.5803,0.5218,1.2641%,1.7579%,48.2932%,-0.009475,GNRC,93246.0,2019-02-19,252.0,0.2090%,0.0006,1.2204,0.565,0.5039,1.2509%,1.7541%,49.1434%,-0.003561,GNRC,93246.0,2019-02-20,252.0,2.1047%,0.0007,1.2248,0.577,0.52,1.2535%,1.7587%,49.1968%,0.014614,GNRC,93246.0,2019-02-21,252.0,-1.3556%,0.0007,1.2257,0.5772,0.5219,1.2545%,1.7590%,49.1346%,-0.007525,GNRC,93246.0,2019-02-22,252.0,-0.3389%,0.0007,1.2268,0.5777,0.5346,1.2554%,1.7592%,49.0757%,-0.006959,GNRC,93246.0,2019-02-25,252.0,-0.2644%,0.0006,1.2284,0.5807,0.5421,1.2526%,1.7577%,49.2201%,-0.00212,GNRC,93246.0,2019-02-26,252.0,-1.5720%,0.0007,1.2436,0.5784,0.5523,1.2459%,1.7604%,49.9118%,-0.008349,GNRC,93246.0,2019-02-27,252.0,-0.1539%,0.0006,1.2406,0.5826,0.5518,1.2454%,1.7571%,49.7606%,-0.003195,GNRC,93246.0,2019-02-28,252.0,-0.6360%,0.0006,1.2485,0.5879,0.558,1.2424%,1.7575%,50.0330%,-0.001351,GNRC,93246.0,2019-03-01,252.0,1.8231%,0.0007,1.2395,0.5745,0.5398,1.2384%,1.7463%,49.7037%,0.009679,GNRC,0.0132389999999999,0.0096779999999999,0.0242919999999999,0.0098079999999999,0.0044719999999999
28363,ALPHABET INC,How Truck Stops Could Drive The Electric Revolution,6,uncertain,0.6,0.3,"the news about truck stops driving the electric revolution may have mixed implications for alphabet inc, as it could suggest opportunities in electric vehicle infrastructure but does not directly relate to alphabet's core business.",1,2019-02-14,GOOGL,2019-02-14 16:39:00+00:00,90319.0,02079K30,0.0005049894680269,1055297.0,-0.0084749795496463,0.0009312411420978,0.0061448914930224,0.0231008976697921,-0.0052552074193954,-0.0002358621859457,-0.0146173043176531,-0.003191967960447,0.011184555478394,-0.0151216769590973,0.0006895262631587,-0.0251590721309185,0.0041886046528816,0.0091552194207906,0.0007843110943213,0.0203823000192642,0.0032594769727438,-0.0064571313560009,0.019501993432641,0.0254100896418094,0.0042663812637329,0.0261012744158506,0.013672293163836,-0.0090751824900507,-0.0036349953152239,-0.0196548588573932,-0.0120950145646929,0.0161531455814838,-0.0007646564627066,-0.000378117285436,0.0254702642560005,0.0053586764261126,0.0152553208172321,-0.0258918479084968,0.0015118467854335,0.0074423663318157,-0.0054459567181766,0.0088204657658934,-0.0018699575448408,0.002761134179309,-0.0014702174812555,0.0332854650914669,0.0117032611742615,-0.0121750365942716,0.0199342127889394,-0.0133107034489512,0.0079090949147939,-0.0026071912143379,-0.0230396315455436,-0.0034273755736649,-0.0085041355341672,0.0087831355631351,-0.0062971147708594,-0.0019942142535001,-0.0099424766376614,0.0512935295701026,-0.0048726159147918,-0.027695681899786,0.003941067494452,0.0093018803745508,0.0187697801738977,-0.0016433796845376,0.0054713664576411,-0.0059074657037854,0.0043715010397136,0.0048194387927651,0.0071356301195919,0.0641636252403259,-0.0065603349357843,-0.0066381003707647,-0.0026166345924139,-0.0315852351486682,-0.004626483656466,-0.0114731080830097,0.0031263334676623,-0.0076193185523152,0.0026026894338428,0.0173158571124076,0.0108631970360875,-0.0247786343097686,0.0031078397296369,-0.0203346665948629,0.0043863621540367,-0.0001768986694514,0.0066806669346988,0.0113784726709127,0.0010724241146817,0.0080422814935445,0.0098995864391326,0.0063063483685255,0.0134235862642526,-0.0292186122387647,-0.0082952938973903,0.0146921658888459,0.0057854186743497,-0.0482729710638523,0.0079537285491824,0.0060469163581728,0.0147014344111084,0.0137679008767008,-0.075019285082817,0.0025553603190928,-0.0213852133601903,0.0375470481812953,-0.0058039892464876,-0.0034660228993743,0.0197512563318014,0.0250849109143018,0.0032868832349777,-0.0127752488479018,-0.0122333187609911,0.0125965382903814,-0.0068540419451892,0.0029490443412214,-0.0024001593701541,-0.0382393710315227,-0.0002825038973242,-0.0025956109166145,-0.0265921410173177,0.0156176807358861,-0.0084749795496463,0.0009312411420978,-0.002382165886362,0.0240536513182194,-0.0076248545299173,0.0238121157854938,-0.0111936706371178,0.005111801502055,0.0171095201339994,0.0279055496989508,0.0422334983043848,0.0800700934708769,0.006544467672924,0.0702175795342123,2019-02-15,2019-02-19,2019-02-20,2019-02-21,2019-02-22,2019-02-25,2019-02-26,2019-02-27,2019-02-28,2019-03-01,90319.0,2019-02-14,252.0,0.0505%,-0.0002,1.1906,-0.2938,-0.7327,0.9142%,1.7487%,72.6735%,0.0001909999999999,GOOGL,90319.0,2019-02-15,252.0,-0.8475%,-0.0003,1.1756,-0.3091,-0.7595,0.9204%,1.7463%,72.2219%,-0.017777,GOOGL,90319.0,2019-02-19,252.0,0.6145%,-0.0002,1.1777,-0.3055,-0.7556,0.9214%,1.7433%,72.0642%,0.006986,GOOGL,90319.0,2019-02-20,252.0,-0.5255%,-0.0002,1.1764,-0.3109,-0.7607,0.9208%,1.7435%,72.1087%,-0.002765,GOOGL,90319.0,2019-02-21,252.0,-1.4617%,-0.0003,1.1836,-0.299,-0.7476,0.9208%,1.7454%,72.1708%,-0.012332,GOOGL,90319.0,2019-02-22,252.0,1.1185%,-0.0004,1.1853,-0.3257,-0.7506,0.9137%,1.7459%,72.6080%,-0.005954,GOOGL,90319.0,2019-02-25,252.0,0.0690%,-0.0004,1.1846,-0.3249,-0.7528,0.9131%,1.7457%,72.6410%,-0.003386,GOOGL,90319.0,2019-02-26,252.0,0.4189%,-0.0004,1.1866,-0.3294,-0.7536,0.9129%,1.7429%,72.5675%,0.0014199999999999,GOOGL,90319.0,2019-02-27,252.0,0.0784%,-0.0004,1.1872,-0.3305,-0.7535,0.9128%,1.7407%,72.5017%,-0.0006619999999999,GOOGL,90319.0,2019-02-28,252.0,0.3259%,-0.0003,1.1817,-0.3341,-0.7587,0.9120%,1.7348%,72.3629%,0.0050219999999999,GOOGL,90319.0,2019-03-01,252.0,1.9502%,-0.0003,1.1821,-0.3335,-0.7623,0.9137%,1.7373%,72.3400%,0.008838,GOOGL,-0.017586,-0.0106,-0.013365,-0.031651,-0.020419
28371,GROUPON INC,Groupon's Transition Year Keep Analysts On The Sidelines,6,uncertain,0.6,0.3,"the phrase 'transition year' suggests potential changes that could either positively or negatively impact groupon's performance, leaving analysts cautious and the stock price uncertain.",1,2019-02-14,GRPN,2019-02-14 14:55:00+00:00,13108.0,39947320,0.0170454382896423,8527186.0,-0.0251396410167217,-0.1111111268401146,0.0,0.0560000091791153,-0.0200572870671749,0.0416666939854621,-0.0175439119338989,0.0,0.0,-0.0296496320515871,-0.0119047509506344,-0.0106666563078761,-0.0060240905731916,0.0107816606760025,0.0,-0.0185185018926858,-0.0090909004211425,0.0026525172870606,0.030581010505557,0.0134408473968505,0.0,0.0054053999483585,0.0148368524387478,-0.0026954151690006,-0.0204678867012262,-0.0159151051193475,-0.0208955034613609,0.0385674536228179,0.0243902206420898,0.0111421169713139,0.0119048217311501,-0.0082872854545712,-0.0029411735013127,-0.0448549017310142,0.0,0.0160857755690813,0.0,0.0053908303380012,0.0412978939712047,-0.0080213826149702,-0.0198300089687109,0.0,-0.0057803411036729,0.041782759130001,0.0058139478787779,0.0056022354401648,0.020231194794178,0.0,-0.0424928776919841,0.0113314343616366,0.0,0.0085714207962155,0.0118343075737357,0.0174418427050113,0.0116958953440189,0.0683229863643646,0.0057803411036729,-0.012269927188754,0.0201149228960275,0.0187499821186065,0.0028168987482786,0.0,-0.0168539173901081,0.0158730000257492,0.0,0.003184710163623,0.0228571202605962,0.0940767377614975,-0.0055865868926048,-0.0103448992595076,-0.0028089862316846,-0.0301003064960241,-0.0225351899862289,-0.0099337650462985,0.0259365737438201,-0.0226537007838487,-0.0112359449267387,0.0231787860393524,-0.0056818127632141,-0.0382165983319282,-0.0114285601302981,0.009646370075643,0.0289017055183649,-0.0489296913146972,-0.0308988466858863,0.0686274617910385,0.0115941921249032,-0.0032573258504271,-0.025787940248847,-0.0096774101257324,0.0147058675065636,0.0064935004338622,0.0144927399232983,-0.022222276777029,0.0028571400325745,0.0096154520288109,0.02849000133574,0.0162866301834583,-0.0221606437116861,-0.0128617249429225,-0.0028328585904091,-0.0220126323401927,0.03409094363451,0.0426229871809482,-0.0274725668132305,0.0,0.0141242807731032,0.026936000213027,0.0167131423950195,-0.0033557014539837,-0.0109589584171772,0.0170648302882909,0.0027700804639607,-0.0034013572148978,-0.0220994278788566,-0.0264900419861078,-0.0056497124023735,0.0596491508185863,-0.0340908765792846,-0.027303809300065,-0.0251396410167217,-0.1111111268401146,-0.0251396410167217,-0.0613333417839475,-0.0446926950872584,-0.0222222053817028,-0.0614525223144579,-0.0512129572203476,-0.0586592287904658,-0.0537634583291384,-0.0083798803936782,0.0999999667881823,-0.0502792853656228,0.2013651343029423,2019-02-15,2019-02-19,2019-02-20,2019-02-21,2019-02-22,2019-02-25,2019-02-26,2019-02-27,2019-02-28,2019-03-01,13108.0,2019-02-14,252.0,1.7045%,-0.0014,1.0498,0.9128,0.1087,2.7070%,2.9638%,16.5780%,0.015137,GRPN,13108.0,2019-02-15,252.0,-2.5140%,-0.0011,1.1173,0.9693,0.2128,2.6235%,2.9087%,18.6460%,-0.039906,GRPN,13108.0,2019-02-19,252.0,0.0000%,-0.0009,1.1288,0.9489,0.189,2.6117%,2.9029%,19.0606%,-0.005672,GRPN,13108.0,2019-02-20,252.0,-2.0057%,-0.001,1.1235,0.9444,0.1721,2.6142%,2.9045%,18.9888%,-0.025429,GRPN,13108.0,2019-02-21,252.0,-1.7544%,-0.0009,1.1119,0.9183,0.151,2.6033%,2.8890%,18.7990%,-0.01243,GRPN,13108.0,2019-02-22,252.0,0.0000%,-0.0009,1.1133,0.9158,0.165,2.6040%,2.8889%,18.7556%,-0.010159,GRPN,13108.0,2019-02-25,252.0,-1.1905%,-0.0008,1.1107,0.9182,0.1568,2.6009%,2.8862%,18.7959%,-0.010997,GRPN,13108.0,2019-02-26,252.0,-0.6024%,-0.001,1.0846,0.9394,0.148,2.5870%,2.8651%,18.4684%,0.0020469999999999,GRPN,13108.0,2019-02-27,252.0,0.0000%,-0.0009,1.0954,0.9197,0.1497,2.5824%,2.8630%,18.6411%,-0.0026829999999999,GRPN,13108.0,2019-02-28,252.0,-0.9091%,-0.001,1.1014,0.9236,0.1552,2.5819%,2.8632%,18.6863%,-0.005605,GRPN,13108.0,2019-03-01,252.0,3.0581%,-0.0009,1.1124,0.94,0.1623,2.5845%,2.8697%,18.8860%,0.020503,GRPN,-0.024769,-0.030441,-0.05587,-0.078459,-0.075194
28379,CHART INDUSTRIES INC,Chart Industries Reports Q4 Adj. EPS Of $0.56 vs $0.50 Estimate; Reports Q4 Sales Of $290.1 Mln vs $281.8 Mln Estimate; Guides FY19 Sales Of $1.26-1.31 Bln vs $1.28 Bln Estimate; Guides FY19 Adj. EPS Of $2.50-2.85 vs 2.7 $Estimate,6,increase,0.8,0.6,"the company exceeded earnings and sales estimates for q4 and provided a positive guidance for fy19, which is likely to boost investor confidence and increase the stock price.",2,2019-02-14,GTLS,2019-02-14 11:08:00+00:00,91402.0,16115Q30,0.0411158204078674,1296608.0,0.0270271133631467,0.0119046829640865,-0.0401542745530605,0.0165939088910818,0.0068541029468178,0.0518373325467109,0.0086855106055736,0.0157291442155838,0.0238537974655628,-0.0163891445845365,-0.0044323150068521,0.0031566205434501,-0.0021688905544579,-0.0092520080506801,0.0022880327887833,0.021701468154788,0.0076475078240036,0.0054886704310774,0.0079293679445981,0.0124694788828492,-0.0177568197250366,0.0179359186440706,-0.0012585881631821,0.0151260755956172,-0.0135181611403822,-0.0172057803720235,0.0073161916807293,-0.0016489641275256,-0.0004611588374245,0.0020654625259339,0.0224914029240608,-0.0047964705154299,0.0084602367132902,-0.0039585162885487,0.0070469491183757,0.0313952341675758,-0.0109963109716773,0.0142795946449041,0.0203279145061969,0.0212920978665351,0.0227848067879676,-0.0162122994661331,0.0,0.008829073049128,-0.0059190210886299,-0.01215336099267,0.0226263534277677,0.0045963758602738,-0.0606605522334575,0.0257845874875783,-0.0061986139044165,0.0090692918747663,0.0281243287026882,0.0059826732613146,-0.0110302222892642,0.0505971275269985,0.0037920624017715,-0.0350264981389045,0.0057777403853833,0.0141472890973091,0.0022095071617513,0.0024664101656526,-0.0299823768436908,0.0109085962176322,0.0123863220214843,0.0237715039402246,-0.0008979032863862,0.0696246027946472,-0.0059543731622397,-0.0449804775416851,-0.0103978952392935,0.0243739411234855,-0.0181589350104332,0.0211387947201728,0.0230312403291463,-0.0289687141776084,0.015349700115621,0.0197501368820667,-0.0098544778302311,-0.0329741537570953,-0.0152680221945047,0.0049212472513318,-0.0016078946646302,-0.0151858227327466,0.0126538416370749,0.0135909914970397,-0.0098829390481114,0.0090878922492265,-0.031321745365858,0.0041480008512735,0.0331636033952236,-0.0101822782307863,0.012839563190937,-0.0287127010524272,-0.0127900084480643,-0.0760501101613044,0.0124970916658639,0.0674952343106269,0.0103046502918005,0.0304799135774374,-0.0106478882953524,0.004396685399115,-0.0200520753860473,0.0131991291418671,0.0114450622349977,-0.0333333350718021,0.0244599319994449,0.0085250539705157,-0.0088140238076448,-0.003046863945201,-0.0138450674712657,0.0254892148077487,-0.0173496659845113,-0.0507336296141147,0.0821234509348869,-0.0375600978732109,-0.0228639412671327,0.0021077897399663,-0.0659123361110687,0.0154409790411591,0.0270271133631467,0.0119046829640865,-0.0142124153202742,0.0286961370796516,-0.0074557257311844,0.0820210008269666,0.0250466158991298,0.0810279353827845,0.0365797654325996,0.1175114986164675,0.0545200406725943,0.2678763490174012,-0.009436130926714,0.2605105141422106,2019-02-15,2019-02-19,2019-02-20,2019-02-21,2019-02-22,2019-02-25,2019-02-26,2019-02-27,2019-02-28,2019-03-01,91402.0,2019-02-14,252.0,4.1116%,0.0024,1.3036,0.919,0.4533,2.0206%,2.4470%,31.8129%,0.041863,GTLS,91402.0,2019-02-15,252.0,2.7027%,0.0025,1.3131,0.9281,0.4694,2.0204%,2.4495%,31.9669%,0.007723,GTLS,91402.0,2019-02-19,252.0,-4.0154%,0.0023,1.3033,0.8975,0.4358,2.0440%,2.4633%,31.1472%,-0.046849,GTLS,91402.0,2019-02-20,252.0,0.6854%,0.0022,1.3019,0.8909,0.4299,2.0434%,2.4623%,31.1273%,-9.4e-05,GTLS,91402.0,2019-02-21,252.0,0.8686%,0.0022,1.3022,0.8945,0.4305,2.0442%,2.4625%,31.0887%,0.015015,GTLS,91402.0,2019-02-22,252.0,2.3854%,0.0023,1.2996,0.9113,0.4145,2.0452%,2.4657%,31.2001%,0.016698,GTLS,91402.0,2019-02-25,252.0,-0.4432%,0.0018,1.314,0.9282,0.4766,1.8934%,2.3444%,34.7717%,-0.003366,GTLS,91402.0,2019-02-26,252.0,-0.2169%,0.0017,1.2927,0.9411,0.4672,1.8819%,2.3238%,34.4195%,0.007347,GTLS,91402.0,2019-02-27,252.0,0.2288%,0.0018,1.3024,0.9235,0.4688,1.8768%,2.3225%,34.6941%,-0.0002029999999999,GTLS,91402.0,2019-02-28,252.0,0.7648%,0.0019,1.2976,0.9206,0.4628,1.8778%,2.3184%,34.3936%,0.012572,GTLS,91402.0,2019-03-01,252.0,0.7929%,0.0019,1.2885,0.907,0.4506,1.8760%,2.3091%,33.9903%,-0.002322,GTLS,0.049586,0.002737,0.002643,0.034356,0.048384
28387,HAIN CELESTIAL GROUP INC,"JANA 13F Shows Liquidated Stakes In Farfetch, Hain Celestial",6,decrease,0.7,0.6,"the liquidation of stakes by a significant investor like jana may signal a lack of confidence in hain celestial's future performance, potentially leading to a decrease in stock price.",0,2019-02-14,HAIN,2019-02-14 14:40:00+00:00,80167.0,40521710,-0.01911186799407,1971845.0,0.0177650116384029,-0.0144043397158384,0.0090089999139308,0.0718526765704155,0.0312499701976776,0.0584538206458091,-0.0211038626730442,-0.0148606672883033,-0.0248756632208824,-0.092186689376831,-0.0232426226139068,0.0090755391865968,0.0063842493109405,-0.0334430150687694,0.0247981715947389,0.0027487210463732,0.1069217547774315,-0.0076377191580832,-0.0213523171842098,0.0149501916021108,0.0171428527683019,0.0,0.0393258668482303,-0.0082372119650244,0.0196560006588697,0.0122289778664708,0.0390361174941062,0.0055897366255521,-0.0027829066384583,-0.015410054475069,0.0181395057588815,0.0022063385695219,0.0009136801236309,-0.0231681205332279,0.0241898987442255,0.011444091796875,-0.0178252942860126,0.0177481807768344,0.0231396686285734,-0.0082508036866784,0.0079822754487395,0.021922392770648,-0.0008799145580269,-0.0011228832881897,-0.0110083669424057,-0.0061384267173707,0.0347284376621246,0.0011173440143466,0.0021515123080462,0.0193621963262558,0.0072991913184523,0.006880672648549,0.011508971452713,0.0234741549938917,-0.0037926740478724,0.0333536192774772,-0.0114212585613131,0.0166461449116468,-0.0106974747031927,0.0226985923945903,-0.0173011031001806,0.0192801561206579,-0.0294894408434629,-0.0051150843501091,-0.0331065580248832,-0.0094996588304638,0.0243902653455734,0.0193673465400934,-0.0009157718741334,-0.0019330339273437,0.0032080521341413,-0.0275688953697681,-0.0054819067008793,-0.0178461521863937,0.0179145336151123,-0.0429917275905609,0.0072202095761895,0.0095124766230583,-0.0112007167190313,-0.0883469358086586,0.0285455863922834,-0.0390625,-0.004405302926898,0.0041840961202979,-0.0044247955083847,0.0170213617384433,-0.0053333705291152,-0.0198123604059219,-0.0142984678968787,-0.0062175616621971,-0.0022665113210678,-0.0311245396733284,-0.0072694160044193,-0.0128840543329715,-0.0132723525166511,-0.0251207947731018,0.0162337850779295,0.0,0.0031948743853718,-0.0057636373676359,-0.0072793378494679,0.0019248799653723,-0.0032080521341413,-0.0128265349194407,0.0119540337473154,-0.0168146006762981,0.0213538985699415,-0.0522355139255523,0.022686842828989,0.0044464375823736,0.0308830365538597,0.0035698316060006,0.0021096724085509,-0.0053262687288224,-0.0349473655223846,-0.0066137397661805,-0.0017452406464144,0.0048737535253167,0.0314685851335525,0.0102954134345054,0.0177650116384029,-0.0144043397158384,0.0269340565406552,0.0564133464917644,0.0590257152025308,0.1181647427754331,0.010888174370583,-1.070410093895191e-09,0.1031518159227613,-0.0149500867946179,0.3249283566229977,0.1216898717189847,0.3524354924540303,-0.2036705043581451,2019-02-15,2019-02-19,2019-02-20,2019-02-21,2019-02-22,2019-02-25,2019-02-26,2019-02-27,2019-02-28,2019-03-01,80167.0,2019-02-14,252.0,-1.9112%,-0.0025,0.7558,0.4149,0.2517,2.1066%,2.2474%,12.1423%,-0.0184329999999999,HAIN,80167.0,2019-02-15,252.0,1.7765%,-0.0025,0.7417,0.4032,0.2301,2.1017%,2.2381%,11.8176%,0.00688,HAIN,80167.0,2019-02-19,252.0,0.9009%,-0.0025,0.7401,0.4128,0.241,2.1013%,2.2366%,11.7333%,0.0056399999999999,HAIN,80167.0,2019-02-20,252.0,3.1250%,-0.0025,0.747,0.4216,0.2639,2.1077%,2.2441%,11.7872%,0.02751,HAIN,80167.0,2019-02-21,252.0,-2.1104%,-0.0025,0.7457,0.4156,0.2616,2.1081%,2.2436%,11.7106%,-0.017538,HAIN,80167.0,2019-02-22,252.0,-2.4876%,-0.0025,0.7484,0.4357,0.3128,2.1108%,2.2451%,11.6065%,-0.0282629999999999,HAIN,80167.0,2019-02-25,252.0,-2.3243%,-0.0025,0.7481,0.4453,0.3165,2.1145%,2.2488%,11.5823%,-0.0227689999999999,HAIN,80167.0,2019-02-26,252.0,0.6384%,-0.0026,0.7289,0.4445,0.3018,2.1094%,2.2378%,11.1411%,0.0113759999999999,HAIN,80167.0,2019-02-27,252.0,2.4798%,-0.0025,0.7285,0.4529,0.3018,2.1158%,2.2438%,11.0842%,0.0235599999999999,HAIN,80167.0,2019-02-28,252.0,10.6922%,-0.0021,0.7109,0.4446,0.2628,2.2299%,2.3471%,9.7423%,0.109744,HAIN,80167.0,2019-03-01,252.0,-2.1352%,-0.0022,0.7102,0.4436,0.2732,2.2348%,2.3502%,9.5835%,-0.026799,HAIN,-0.0115529999999999,-0.0059129999999999,0.021597,-0.0242039999999999,0.0709079999999999
28395,HARMONIC INC,"Needham Initiates Coverage On Harmonic with Buy Rating, Announces $7 Price Target",6,increase,0.8,0.6,"initiating coverage with a buy rating and a price target typically signals positive sentiment, which can lead to an increase in stock price.",2,2019-02-14,HLIT,2019-02-14 12:27:00+00:00,81621.0,41316010,0.0150375794619321,508180.0,0.0166666060686111,0.0075757498852908,-0.025500888004899,-0.0149253588169813,-0.0037383141461759,0.0,0.0225140508264303,0.0018692016601562,0.0165137909352779,0.0171102043241262,-0.0072202095761895,0.0583501905202865,-0.003636360168457,-0.0796296820044517,0.0091241225600242,0.0169491823762655,-0.0018083596369251,0.0037807147018611,-0.0072463699616491,0.0251938216388225,0.0091241225600242,0.0038910470902919,0.0090415393933653,0.0058707892894744,-0.0017920703394338,-0.0019530765712261,-0.0089766941964626,0.0301811061799526,0.016304375603795,0.0247422456741333,0.0071301176212728,0.0020660643931478,0.001769867609255,-0.0472440496087074,0.0,0.024193525314331,0.0,0.0290456153452396,-0.008833872154355,0.0041666626930236,0.0089126043021678,0.0278372839093208,0.0017668249784037,-0.0270833559334278,-0.001763708773069,-0.0082644550129771,0.0035335656721144,-0.0358565412461757,-0.0246478654444217,0.0019959583878517,0.014440419152379,0.0266393665224313,0.0142348622903227,0.0082644550129771,-0.0087718795984983,0.0707964971661567,-0.0283186417073011,-0.060291051864624,-0.0127504002302885,0.0190678294748067,0.0313653275370597,0.0128755243495106,0.0053666783496737,0.0174672324210405,0.0053381156176328,-0.0171673670411109,-0.003539819503203,0.0196935832500457,0.0088809439912438,-0.0086767813190817,0.0,-0.0233050137758255,0.0017606037436053,-0.0386965498328208,0.0,-0.014056259766221,-0.0035149350296705,-0.0020039584487676,0.0017636247212067,-0.0310680232942104,-0.0052816434763371,-0.0498154945671558,0.0,-0.0018415750237181,0.0053096869960427,0.0111731737852096,-0.0035211234353482,0.0366795472800731,0.0017668249784037,0.0176816638559103,-0.0035273334942758,-0.0643382146954536,0.003539819503203,-0.0072992630302906,-0.0052910423837602,-0.0616438575088977,0.0,0.0391459539532661,0.0,-0.0017762396018952,0.003546095918864,-0.0376068018376827,-0.0141342626884579,0.0465115830302238,0.0179211292415857,-0.0035650588106364,0.0105633707717061,0.0017857551574707,0.0034844004549086,0.0053859483450651,0.0034722187556326,0.0220184158533811,0.0103806126862764,-0.0232975110411644,-0.0188356395810842,-0.066889651119709,-0.0069807958789169,-0.011570275761187,-0.0123023148626089,-0.0065681380219757,0.0166666060686111,0.0075757498852908,-0.0092592951910652,-0.0074626797170361,-0.0129629951830448,-0.0074626797170361,0.0259259016401927,0.0114068327869198,0.0148148016168214,0.0310078191557969,0.0037036998744064,0.127118734965173,0.0407406995700245,-0.1264367765226347,2019-02-15,2019-02-19,2019-02-20,2019-02-21,2019-02-22,2019-02-25,2019-02-26,2019-02-27,2019-02-28,2019-03-01,81621.0,2019-02-14,252.0,1.5038%,0.002,0.7137,0.9027,-0.086,2.8034%,2.9578%,10.1688%,0.011297,HLIT,81621.0,2019-02-15,252.0,1.6667%,0.0021,0.7292,0.9171,-0.0602,2.8019%,2.9591%,10.3441%,0.006658,HLIT,81621.0,2019-02-19,252.0,-2.5501%,0.0021,0.733,0.8832,-0.0987,2.8012%,2.9601%,10.4494%,-0.0294649999999999,HLIT,81621.0,2019-02-20,252.0,-0.3738%,0.0024,0.7391,0.9365,-0.0665,2.7423%,2.9080%,11.0699%,-0.006631,HLIT,81621.0,2019-02-21,252.0,2.2514%,0.0024,0.7418,0.9471,-0.0618,2.7426%,2.9093%,11.1280%,0.025651,HLIT,81621.0,2019-02-22,252.0,1.6514%,0.0025,0.741,0.9568,-0.0623,2.7424%,2.9105%,11.2198%,0.005475,HLIT,81621.0,2019-02-25,252.0,-0.7220%,0.0025,0.7387,0.9588,-0.0698,2.7400%,2.9086%,11.2581%,-0.006056,HLIT,81621.0,2019-02-26,252.0,-0.3636%,0.0026,0.7448,0.9517,-0.0688,2.7392%,2.9088%,11.3242%,0.003351,HLIT,81621.0,2019-02-27,252.0,0.9124%,0.0025,0.7401,0.9612,-0.0696,2.7385%,2.9078%,11.3056%,0.006463,HLIT,81621.0,2019-02-28,252.0,-0.1808%,0.0025,0.7407,0.9615,-0.0686,2.7385%,2.9070%,11.2596%,2e-05,HLIT,81621.0,2019-03-01,252.0,-0.7246%,0.0024,0.7529,0.9796,-0.0413,2.7358%,2.9064%,11.3952%,-0.015732,HLIT,0.017955,-0.01151,-0.018141,0.012985,0.001031
28403,HILTON WORLDWIDE HOLDINGS INC,13F From Ackman's Pershing Square Shows New ~10.95M Share Stake In Hilton,6,increase,0.75,0.6,"the news of a significant new stake by a well-known investor like ackman is likely to boost investor confidence and interest in hilton, potentially driving the stock price up.",2,2019-02-14,HLT,2019-02-14 21:51:00+00:00,14338.0,43300A20,0.0099533945322036,3729871.0,0.0198352821171283,0.0679494515061378,-0.004403677303344,-0.0010752934031188,0.0239586792886257,0.0066296556033194,-0.0010798696894198,-0.0103106135502457,0.0213813669979572,-0.0117771523073315,-0.0174055714160203,0.0127311302348971,-0.0007181949331425,-0.0014719738392159,0.0,0.0041656168177723,-0.0028745883610099,-0.000805655028671,0.0081829158589243,0.0047215176746249,-0.0047744275070726,0.0133970705792307,0.0075558274984359,0.0116167059168219,-0.0005952035426162,0.0076643731445074,-0.0123868621885776,0.0098508950322866,-0.0056681288406252,0.0046655475161969,0.0042450712062418,-0.0039430893957614,0.0073671569116413,-0.028325118124485,0.0031170663423836,0.0150000257417559,0.015895802527666,-0.0005552597576752,0.008941201493144,-0.0063448147848248,0.0052471659146249,0.0212706327438354,-0.0059158117510378,-0.0125191481783986,-0.009101502597332,-0.0024975759442895,0.0102449692785739,0.0144988568499684,-0.0142207853496074,-0.0114110726863145,-0.0065035242587327,0.0158326663076877,-0.0061889630742371,0.0114383101463317,-0.0125748869031667,0.0392273291945457,0.0092177335172891,-0.0513109564781189,-0.0012017602566629,-0.0119777237996459,0.0125135472044348,0.0119803547859191,0.0105763440951705,0.0088155139237642,0.0205785501748323,0.0117968590930104,0.0059914351440966,0.0451059974730014,0.0014890034217387,0.0006017889827489,0.0084629217162728,-0.0152592407539486,-0.0122476955875754,-0.0310078021138906,0.0102181332185864,-0.0117746377363801,0.0061370716430246,0.0031307986937463,0.0022591729648411,-0.0221264120191335,-0.0063113397918641,-0.0049847769550979,-0.0002267964591737,-0.0076943882741034,-0.0044242697767913,0.0052485805936157,-0.0060391835868358,-0.0037153798621147,0.0077954865992069,-0.0026077744551002,0.0,-0.0361158326268196,-0.0046639023348689,0.0058548874221742,0.0014856829075142,-0.0361677519977092,0.004336470272392,0.0321683920919895,-0.0086354063823819,-0.0120324110612273,-0.002979967277497,-0.0063677439466118,0.0644901767373085,0.0236796438694,-0.0147947641089558,0.0010654126526787,0.0230187270790338,0.0269419252872467,-0.0110360952094197,0.0075789312832057,-0.0196100231260061,0.0151070337742567,0.0023206884507089,0.0040730466134846,0.004851184785366,-0.0251917298883199,0.0042791245505213,0.0020579164847731,-0.0235987771302461,0.0254642311483621,0.0198352821171283,0.0679494515061378,0.0153442566321198,0.0668010925060689,0.0396705640443169,0.0738736163466291,0.0607534281546595,0.0502845474628694,0.0470461864269127,0.0706867110971236,0.0386728387474533,0.1054317513558642,0.1169076351591009,0.1166291700220376,2019-02-15,2019-02-19,2019-02-20,2019-02-21,2019-02-22,2019-02-25,2019-02-26,2019-02-27,2019-02-28,2019-03-01,14338.0,2019-02-14,252.0,0.9953%,-0.0004,0.9167,0.4561,-0.1693,1.2038%,1.6088%,44.0123%,0.008472,HLT,14338.0,2019-02-15,252.0,1.9835%,-0.0004,0.907,0.4484,-0.1838,1.1991%,1.6000%,43.8329%,0.009049,HLT,14338.0,2019-02-19,252.0,-0.4404%,-0.0003,0.9144,0.4322,-0.2027,1.1870%,1.5969%,44.7476%,-0.0069759999999999,HLT,14338.0,2019-02-20,252.0,2.3959%,-0.0002,0.9222,0.4568,-0.1729,1.1908%,1.6011%,44.6840%,0.022285,HLT,14338.0,2019-02-21,252.0,-0.1080%,-0.0002,0.9287,0.4706,-0.1609,1.1844%,1.5992%,45.1452%,0.002154,HLT,14338.0,2019-02-22,252.0,2.1381%,-0.0002,0.9272,0.4722,-0.1774,1.1862%,1.6048%,45.3604%,0.0102899999999999,HLT,14338.0,2019-02-25,252.0,-1.7406%,-0.0002,0.9259,0.4797,-0.1783,1.1892%,1.6071%,45.2450%,-0.017988,HLT,14338.0,2019-02-26,252.0,-0.0718%,-0.0002,0.9297,0.4713,-0.1797,1.1885%,1.6068%,45.2929%,0.003145,HLT,14338.0,2019-02-27,252.0,0.0000%,-0.0001,0.9421,0.4488,-0.1776,1.1752%,1.6018%,46.1719%,-0.002048,HLT,14338.0,2019-02-28,252.0,-0.2875%,-0.0,0.934,0.4432,-0.1834,1.1712%,1.5920%,45.8765%,-0.000588,HLT,14338.0,2019-03-01,252.0,0.8183%,-0.0001,0.9482,0.4643,-0.1611,1.1616%,1.5911%,46.6993%,-0.00065,HLT,0.017521,0.010545,0.03283,0.045274,0.027145
28411,HILTON WORLDWIDE HOLDINGS INC,"Wells Fargo Maintains Outperform on Hilton Worldwide Holdings, Raises Price Target to $88",6,increase,0.8,0.6,wells fargo's maintenance of an 'outperform' rating and an increased price target typically signals positive sentiment and potential for stock price appreciation.,2,2019-02-14,HLT,2019-02-14 13:47:00+00:00,14338.0,43300A20,0.0099533945322036,3729871.0,0.0198352821171283,0.0679494515061378,-0.004403677303344,-0.0010752934031188,0.0239586792886257,0.0066296556033194,-0.0010798696894198,-0.0103106135502457,0.0213813669979572,-0.0117771523073315,-0.0174055714160203,0.0127311302348971,-0.0007181949331425,-0.0014719738392159,0.0,0.0041656168177723,-0.0028745883610099,-0.000805655028671,0.0081829158589243,0.0047215176746249,-0.0047744275070726,0.0133970705792307,0.0075558274984359,0.0116167059168219,-0.0005952035426162,0.0076643731445074,-0.0123868621885776,0.0098508950322866,-0.0056681288406252,0.0046655475161969,0.0042450712062418,-0.0039430893957614,0.0073671569116413,-0.028325118124485,0.0031170663423836,0.0150000257417559,0.015895802527666,-0.0005552597576752,0.008941201493144,-0.0063448147848248,0.0052471659146249,0.0212706327438354,-0.0059158117510378,-0.0125191481783986,-0.009101502597332,-0.0024975759442895,0.0102449692785739,0.0144988568499684,-0.0142207853496074,-0.0114110726863145,-0.0065035242587327,0.0158326663076877,-0.0061889630742371,0.0114383101463317,-0.0125748869031667,0.0392273291945457,0.0092177335172891,-0.0513109564781189,-0.0012017602566629,-0.0119777237996459,0.0125135472044348,0.0119803547859191,0.0105763440951705,0.0088155139237642,0.0205785501748323,0.0117968590930104,0.0059914351440966,0.0451059974730014,0.0014890034217387,0.0006017889827489,0.0084629217162728,-0.0152592407539486,-0.0122476955875754,-0.0310078021138906,0.0102181332185864,-0.0117746377363801,0.0061370716430246,0.0031307986937463,0.0022591729648411,-0.0221264120191335,-0.0063113397918641,-0.0049847769550979,-0.0002267964591737,-0.0076943882741034,-0.0044242697767913,0.0052485805936157,-0.0060391835868358,-0.0037153798621147,0.0077954865992069,-0.0026077744551002,0.0,-0.0361158326268196,-0.0046639023348689,0.0058548874221742,0.0014856829075142,-0.0361677519977092,0.004336470272392,0.0321683920919895,-0.0086354063823819,-0.0120324110612273,-0.002979967277497,-0.0063677439466118,0.0644901767373085,0.0236796438694,-0.0147947641089558,0.0010654126526787,0.0230187270790338,0.0269419252872467,-0.0110360952094197,0.0075789312832057,-0.0196100231260061,0.0151070337742567,0.0023206884507089,0.0040730466134846,0.004851184785366,-0.0251917298883199,0.0042791245505213,0.0020579164847731,-0.0235987771302461,0.0254642311483621,0.0198352821171283,0.0679494515061378,0.0153442566321198,0.0668010925060689,0.0396705640443169,0.0738736163466291,0.0607534281546595,0.0502845474628694,0.0470461864269127,0.0706867110971236,0.0386728387474533,0.1054317513558642,0.1169076351591009,0.1166291700220376,2019-02-15,2019-02-19,2019-02-20,2019-02-21,2019-02-22,2019-02-25,2019-02-26,2019-02-27,2019-02-28,2019-03-01,14338.0,2019-02-14,252.0,0.9953%,-0.0004,0.9167,0.4561,-0.1693,1.2038%,1.6088%,44.0123%,0.008472,HLT,14338.0,2019-02-15,252.0,1.9835%,-0.0004,0.907,0.4484,-0.1838,1.1991%,1.6000%,43.8329%,0.009049,HLT,14338.0,2019-02-19,252.0,-0.4404%,-0.0003,0.9144,0.4322,-0.2027,1.1870%,1.5969%,44.7476%,-0.0069759999999999,HLT,14338.0,2019-02-20,252.0,2.3959%,-0.0002,0.9222,0.4568,-0.1729,1.1908%,1.6011%,44.6840%,0.022285,HLT,14338.0,2019-02-21,252.0,-0.1080%,-0.0002,0.9287,0.4706,-0.1609,1.1844%,1.5992%,45.1452%,0.002154,HLT,14338.0,2019-02-22,252.0,2.1381%,-0.0002,0.9272,0.4722,-0.1774,1.1862%,1.6048%,45.3604%,0.0102899999999999,HLT,14338.0,2019-02-25,252.0,-1.7406%,-0.0002,0.9259,0.4797,-0.1783,1.1892%,1.6071%,45.2450%,-0.017988,HLT,14338.0,2019-02-26,252.0,-0.0718%,-0.0002,0.9297,0.4713,-0.1797,1.1885%,1.6068%,45.2929%,0.003145,HLT,14338.0,2019-02-27,252.0,0.0000%,-0.0001,0.9421,0.4488,-0.1776,1.1752%,1.6018%,46.1719%,-0.002048,HLT,14338.0,2019-02-28,252.0,-0.2875%,-0.0,0.934,0.4432,-0.1834,1.1712%,1.5920%,45.8765%,-0.000588,HLT,14338.0,2019-03-01,252.0,0.8183%,-0.0001,0.9482,0.4643,-0.1611,1.1616%,1.5911%,46.6993%,-0.00065,HLT,0.017521,0.010545,0.03283,0.045274,0.027145
28419,HUDSON PACIFIC PROPERTIES INC,Hudson Pacific Properties Sees FY19 FFO $1.95-$2.03,6,uncertain,0.6,0.3,"while the forecasted ffo range provides some positive guidance, the actual impact on stock price will depend on market expectations and broader economic conditions.",1,2019-02-14,HPP,2019-02-14 14:04:00+00:00,93419.0,44409710,0.0021047357004135,1266535.0,0.0120011307299137,0.0021090598311275,0.0094870943576097,-0.0089579885825514,-0.0126284966245293,0.0117825744673609,-0.0050564594566822,-0.0086852628737688,0.0047832541167736,0.0201649814844131,-0.0014876297209411,-0.009382608346641,-0.0089393034577369,0.0163027569651603,-0.0078171472996473,0.0046352813951671,0.0066667036153376,-0.0033877613022923,0.001806067302823,0.0043303240090608,0.0039062821306288,0.0106283854693174,0.0005986368632875,0.0126622226089239,-0.0038887546397745,0.0092652048915624,-0.0051050502806901,0.0178861543536186,0.0042257588356733,-0.0042098173871636,0.0168320219963789,0.002597400220111,0.0076854364015161,0.0078533962368965,0.0064535411074757,0.0079155601561069,0.0046633589081466,0.0049718138761818,-0.0037714261561632,-0.0069124125875532,-0.0035200624261051,0.006960526574403,-0.003532609436661,0.0016600012313574,0.0062039261683821,0.0016628248849883,0.0190839022397995,0.0210525952279567,-0.0086430208757519,0.0176226757466793,-0.0023248479701578,0.0313614085316658,0.0113603081554174,0.00573476171121,-0.014400920830667,0.0134398443624377,0.0102278916165232,-0.0072123641148209,-0.0043390663340687,-0.0457673743367195,-0.0023241725284606,0.0228792540729045,0.0087361456826329,0.0,0.0023095216602087,0.002116383286193,0.0005760500207543,0.0339168608188629,0.0031662865076214,-0.0262784007936716,-0.0040171993896365,0.0078739905729889,-0.0051858341321349,-0.013069549575448,0.006371306721121,-0.0224447380751371,-0.0031654851045459,-0.0020675868727266,0.0115473885089159,-0.0352393426001071,-0.0011415786575526,-0.0049212472513318,-0.0271428786218166,0.0106100691482424,0.0,-0.0172694902867078,0.0091042993590235,-0.0166612807661294,-0.012514560483396,-0.0085768885910511,0.0215148702263832,-0.0085039511322975,0.0138488039374351,0.0278407447040081,0.0005691649857908,-0.0165552515536546,0.0036974137183278,0.0178223978728056,-0.0147350654006004,-0.0032299249432981,0.0025884427595883,0.0045424848794937,0.0068846200592815,0.0259653385728597,0.0048433616757392,0.004682317841798,0.0011341342469677,-0.0082918740808963,0.0008495830697938,0.0009959753369912,-0.0093379123136401,0.0029970079194754,-0.017709195613861,-0.0141168227419257,0.0020354664884507,-0.0065231821499764,0.0060939956456422,0.0006527564837597,-0.0129794338718056,-0.0013038107426837,0.0120011307299137,0.0021090598311275,0.0216020809471562,-0.006867821685311,0.0087007825163027,0.0048338321616141,0.008400803305635,0.0161930570517532,-0.0015002402810815,0.0287657404339589,0.0402765195051475,0.1445285285163222,0.0342320082672849,0.0931039002884124,2019-02-15,2019-02-19,2019-02-20,2019-02-21,2019-02-22,2019-02-25,2019-02-26,2019-02-27,2019-02-28,2019-03-01,93419.0,2019-02-14,252.0,0.2105%,0.0004,0.498,-0.1092,-0.21,1.0643%,1.2166%,23.4642%,0.002401,HPP,93419.0,2019-02-15,252.0,1.2001%,0.0005,0.507,-0.1004,-0.1945,1.0647%,1.2186%,23.6651%,0.0075549999999999,HPP,93419.0,2019-02-19,252.0,0.9487%,0.0005,0.5028,-0.0866,-0.1785,1.0593%,1.2084%,23.1611%,0.0092979999999999,HPP,93419.0,2019-02-20,252.0,-1.2628%,0.0003,0.4978,-0.1039,-0.1979,1.0584%,1.2081%,23.2509%,-0.012511,HPP,93419.0,2019-02-21,252.0,-0.5056%,0.0003,0.4992,-0.102,-0.1953,1.0587%,1.2086%,23.2707%,-0.003842,HPP,93419.0,2019-02-22,252.0,0.4783%,0.0004,0.4987,-0.0847,-0.1854,1.0555%,1.2044%,23.1963%,-0.0008709999999999,HPP,93419.0,2019-02-25,252.0,-0.1488%,0.0003,0.5002,-0.0816,-0.1782,1.0526%,1.2015%,23.2483%,-0.0028899999999999,HPP,93419.0,2019-02-26,252.0,-0.8939%,0.0002,0.4877,-0.0561,-0.1747,1.0433%,1.1858%,22.5919%,-0.009349,HPP,93419.0,2019-02-27,252.0,-0.7817%,0.0002,0.4888,-0.0606,-0.1745,1.0445%,1.1868%,22.5365%,-0.008459,HPP,93419.0,2019-02-28,252.0,0.6667%,0.0002,0.486,-0.0623,-0.1783,1.0455%,1.1862%,22.3207%,0.007658,HPP,93419.0,2019-03-01,252.0,0.1806%,0.0002,0.4895,-0.0571,-0.1718,1.0448%,1.1862%,22.4235%,-0.002316,HPP,0.009956,0.019254,0.0067429999999999,0.0020299999999999,-0.0133259999999999
28427,HUDSON PACIFIC PROPERTIES INC,"Hudson Pacific Properties Q4 FFO $0.49 Down From $0.52 YoY, Sales $176M Miss $183.65M Estimate",6,decrease,0.75,0.6,"the decline in ffo and the miss on sales estimates are likely to negatively impact investor sentiment, leading to a decrease in stock price.",0,2019-02-14,HPP,2019-02-14 14:04:00+00:00,93419.0,44409710,0.0021047357004135,1266535.0,0.0120011307299137,0.0021090598311275,0.0094870943576097,-0.0089579885825514,-0.0126284966245293,0.0117825744673609,-0.0050564594566822,-0.0086852628737688,0.0047832541167736,0.0201649814844131,-0.0014876297209411,-0.009382608346641,-0.0089393034577369,0.0163027569651603,-0.0078171472996473,0.0046352813951671,0.0066667036153376,-0.0033877613022923,0.001806067302823,0.0043303240090608,0.0039062821306288,0.0106283854693174,0.0005986368632875,0.0126622226089239,-0.0038887546397745,0.0092652048915624,-0.0051050502806901,0.0178861543536186,0.0042257588356733,-0.0042098173871636,0.0168320219963789,0.002597400220111,0.0076854364015161,0.0078533962368965,0.0064535411074757,0.0079155601561069,0.0046633589081466,0.0049718138761818,-0.0037714261561632,-0.0069124125875532,-0.0035200624261051,0.006960526574403,-0.003532609436661,0.0016600012313574,0.0062039261683821,0.0016628248849883,0.0190839022397995,0.0210525952279567,-0.0086430208757519,0.0176226757466793,-0.0023248479701578,0.0313614085316658,0.0113603081554174,0.00573476171121,-0.014400920830667,0.0134398443624377,0.0102278916165232,-0.0072123641148209,-0.0043390663340687,-0.0457673743367195,-0.0023241725284606,0.0228792540729045,0.0087361456826329,0.0,0.0023095216602087,0.002116383286193,0.0005760500207543,0.0339168608188629,0.0031662865076214,-0.0262784007936716,-0.0040171993896365,0.0078739905729889,-0.0051858341321349,-0.013069549575448,0.006371306721121,-0.0224447380751371,-0.0031654851045459,-0.0020675868727266,0.0115473885089159,-0.0352393426001071,-0.0011415786575526,-0.0049212472513318,-0.0271428786218166,0.0106100691482424,0.0,-0.0172694902867078,0.0091042993590235,-0.0166612807661294,-0.012514560483396,-0.0085768885910511,0.0215148702263832,-0.0085039511322975,0.0138488039374351,0.0278407447040081,0.0005691649857908,-0.0165552515536546,0.0036974137183278,0.0178223978728056,-0.0147350654006004,-0.0032299249432981,0.0025884427595883,0.0045424848794937,0.0068846200592815,0.0259653385728597,0.0048433616757392,0.004682317841798,0.0011341342469677,-0.0082918740808963,0.0008495830697938,0.0009959753369912,-0.0093379123136401,0.0029970079194754,-0.017709195613861,-0.0141168227419257,0.0020354664884507,-0.0065231821499764,0.0060939956456422,0.0006527564837597,-0.0129794338718056,-0.0013038107426837,0.0120011307299137,0.0021090598311275,0.0216020809471562,-0.006867821685311,0.0087007825163027,0.0048338321616141,0.008400803305635,0.0161930570517532,-0.0015002402810815,0.0287657404339589,0.0402765195051475,0.1445285285163222,0.0342320082672849,0.0931039002884124,2019-02-15,2019-02-19,2019-02-20,2019-02-21,2019-02-22,2019-02-25,2019-02-26,2019-02-27,2019-02-28,2019-03-01,93419.0,2019-02-14,252.0,0.2105%,0.0004,0.498,-0.1092,-0.21,1.0643%,1.2166%,23.4642%,0.002401,HPP,93419.0,2019-02-15,252.0,1.2001%,0.0005,0.507,-0.1004,-0.1945,1.0647%,1.2186%,23.6651%,0.0075549999999999,HPP,93419.0,2019-02-19,252.0,0.9487%,0.0005,0.5028,-0.0866,-0.1785,1.0593%,1.2084%,23.1611%,0.0092979999999999,HPP,93419.0,2019-02-20,252.0,-1.2628%,0.0003,0.4978,-0.1039,-0.1979,1.0584%,1.2081%,23.2509%,-0.012511,HPP,93419.0,2019-02-21,252.0,-0.5056%,0.0003,0.4992,-0.102,-0.1953,1.0587%,1.2086%,23.2707%,-0.003842,HPP,93419.0,2019-02-22,252.0,0.4783%,0.0004,0.4987,-0.0847,-0.1854,1.0555%,1.2044%,23.1963%,-0.0008709999999999,HPP,93419.0,2019-02-25,252.0,-0.1488%,0.0003,0.5002,-0.0816,-0.1782,1.0526%,1.2015%,23.2483%,-0.0028899999999999,HPP,93419.0,2019-02-26,252.0,-0.8939%,0.0002,0.4877,-0.0561,-0.1747,1.0433%,1.1858%,22.5919%,-0.009349,HPP,93419.0,2019-02-27,252.0,-0.7817%,0.0002,0.4888,-0.0606,-0.1745,1.0445%,1.1868%,22.5365%,-0.008459,HPP,93419.0,2019-02-28,252.0,0.6667%,0.0002,0.486,-0.0623,-0.1783,1.0455%,1.1862%,22.3207%,0.007658,HPP,93419.0,2019-03-01,252.0,0.1806%,0.0002,0.4895,-0.0571,-0.1718,1.0448%,1.1862%,22.4235%,-0.002316,HPP,0.009956,0.019254,0.0067429999999999,0.0020299999999999,-0.0133259999999999
28435,HUBSPOT INC,HubSpot Prices Offering Of Common Stock For Gross Proceeds $300M,6,decrease,0.7,0.5,"the offering of common stock typically dilutes existing shareholders' equity, which can lead to a decrease in stock price.",0,2019-02-14,HUBS,2019-02-14 13:01:00+00:00,14970.0,44357310,-0.0331645831465721,2823967.0,-0.0004814456915482,-0.0007558423676528,-0.0028297984972596,0.026069289073348,-0.0083927027881145,0.0132374418899416,0.0063326344825327,0.0314857736229896,0.0211169011890888,-0.0254587586969137,0.0075847287662327,0.004884619731456,-0.0138202244415879,0.0026323394849896,0.010793711990118,0.0227273032069206,-0.0066076410003006,0.0089065991342067,0.0210238341242075,0.0407599546015262,-0.0461260639131069,0.0378684699535369,0.0034757731482386,-0.0237794388085603,-0.0201749633997678,-0.00930439773947,0.0058918190188705,0.0108057307079434,0.0023429612629115,-0.0140085816383361,0.0213445648550987,0.0013830789830535,0.0050590918399393,-0.0220906026661396,-0.0003595251473598,0.0369999930262565,0.0086319809779524,0.0330481119453907,-0.0080232433974742,-0.0076001407578587,-0.0051524811424314,0.0369923785328865,0.0198132693767547,0.0059999739751219,-0.0040155467577278,0.0,0.0448238924145698,0.0114875826984643,-0.0600953139364719,0.0114733073860406,0.0094185685738921,0.0267106667160987,0.0029906095005571,0.0514357574284076,-0.0363169908523559,0.066733993589878,0.0112623265013098,-0.0514846518635749,0.0170726254582405,-0.0035791343543678,0.0031285060103982,0.0138698583468794,0.025010485202074,-0.0161840599030256,0.0052662915550172,0.016122531145811,-0.0430151298642158,0.0839741379022598,-0.0025545780081301,-0.0065971747972071,-0.0089030228555202,-0.0523978173732757,0.0036916637327522,-0.039731428027153,0.0121987992897629,-0.0128655089065432,0.0138687537983059,0.0215867385268211,-0.0084224576130509,-0.0518843196332454,-0.0048795035108923,-0.0189671590924263,0.0070222388021647,-0.008302753791213,-0.0215810723602771,0.0371104963123798,-0.0167731363326311,-0.003795642638579,0.0186840314418077,0.0266541838645935,0.0196907818317413,-0.0442458279430866,-0.006497033406049,0.0241836905479431,0.0351802185177803,-0.0633128508925437,0.0453906990587711,0.0065453764982521,0.026130249723792,0.036377228796482,0.0059981793165206,0.0267891325056552,-0.0159358363598585,0.0798412784934043,-0.010410351678729,-0.0226189754903316,0.0261605083942413,0.0504030771553516,0.0094380853697657,0.0079541597515344,-0.0224610846489667,0.0187331326305866,-0.0114336069673299,0.002007994800806,0.0115658463910222,-0.1442020088434219,-0.0013192914193496,-0.0003734636702574,-0.0420519560575485,0.0570819154381752,-0.0004814456915482,-0.0007558423676528,-0.0033098817945134,0.025293742432519,-0.0116748057284628,0.0388660087680903,0.015586426342895,0.0442945264421252,0.0346031181790409,0.1299059505080233,0.0002407711306073,0.3669767808411035,0.0473611097206529,0.3569397594921837,2019-02-15,2019-02-19,2019-02-20,2019-02-21,2019-02-22,2019-02-25,2019-02-26,2019-02-27,2019-02-28,2019-03-01,14970.0,2019-02-14,252.0,-3.3165%,0.0014,1.4408,0.8018,-1.595,1.7024%,2.8117%,63.3385%,-0.04396,HUBS,14970.0,2019-02-15,252.0,-0.0481%,0.0011,1.3944,0.7587,-1.6721,1.6788%,2.7852%,63.6692%,-0.011211,HUBS,14970.0,2019-02-19,252.0,-0.2830%,0.0012,1.4038,0.742,-1.6917,1.6664%,2.7851%,64.2015%,-0.002763,HUBS,14970.0,2019-02-20,252.0,-0.8393%,0.0011,1.3999,0.7206,-1.7092,1.6568%,2.7803%,64.4896%,-0.0034879999999999,HUBS,14970.0,2019-02-21,252.0,0.6333%,0.001,1.4112,0.7453,-1.6885,1.6417%,2.7749%,64.9956%,0.0079849999999999,HUBS,14970.0,2019-02-22,252.0,2.1117%,0.0009,1.4146,0.7222,-1.6695,1.6432%,2.7769%,64.9863%,-0.017076,HUBS,14970.0,2019-02-25,252.0,0.7585%,0.0009,1.4142,0.7202,-1.6719,1.6432%,2.7770%,64.9881%,0.004235,HUBS,14970.0,2019-02-26,252.0,-1.3820%,0.0009,1.4276,0.726,-1.6589,1.6416%,2.7788%,65.0996%,-0.0125659999999999,HUBS,14970.0,2019-02-27,252.0,1.0794%,0.001,1.4313,0.7208,-1.6583,1.6411%,2.7792%,65.1313%,0.006039,HUBS,14970.0,2019-02-28,252.0,-0.6608%,0.0009,1.4434,0.7289,-1.6477,1.6370%,2.7797%,65.3172%,-0.00656,HUBS,14970.0,2019-03-01,252.0,2.1024%,0.0009,1.4462,0.733,-1.6439,1.6368%,2.7814%,65.3683%,0.001836,HUBS,-0.055171,-0.057934,-0.061422,-0.0705129999999999,-0.0775289999999999
28443,INTERNATIONAL FLAVORS & FRAG INC,International Flavors & Fragrances shares are trading lower after the company missed Q4 EPS and sales estimates; the company also issued FY19 EPS guidance below analyst estimates.,6,decrease,0.9,0.8,"missing earnings and sales estimates, along with issuing lower guidance, typically leads to negative investor sentiment and a decline in stock price.",0,2019-02-14,IFF,2019-02-14 16:09:00+00:00,40272.0,45950610,-0.0864894464612007,4926124.0,-0.0048998123966157,-0.0045242914929986,-0.0295431707054376,0.0187862440943718,0.0145187778398394,0.0100162103772163,-0.009463689289987,-0.0035844426602125,-0.0039615482091903,-0.007325773127377,-0.0073305377736687,-0.0030604605562984,-0.0101343458518385,0.0099753998219966,0.0107142738997936,0.0051547167822718,0.0011778683401644,-0.0011285347864031,0.0029019822832196,0.0158342868089675,0.0007038111798465,0.0045343665406107,-0.008205653168261,0.0143827199935913,-0.0011031992034986,-0.0060232351534068,-0.0178275182843208,0.0042999512515962,0.0071480153128504,-0.0009464804898016,0.0074959713965654,-0.0052872523665428,-0.001266392529942,7.250301132444292e-05,-0.0058646206744015,0.0188929717987775,-0.0038265571929514,0.0084096519276499,-0.0029609694611281,0.0058387513272464,0.0027289828285574,0.0008240980678237,-0.0109661631286144,-0.0108929323032498,-0.0082550719380378,-0.00567347696051,0.0319895409047603,-0.0062966803088784,-0.0082239173352718,-0.0037201438099145,-0.007859518751502,-0.0043576592579483,0.0130143128335475,0.0114596160128712,0.0119693586602807,0.0371020175516605,0.0227882582694292,-0.0246693957597017,-0.0070928484201431,0.0023087626323103,0.0156844817101955,0.0154277291148901,-0.0021404998842626,-0.0014348470140248,0.0017620143480598,0.0219510719180107,0.0084124058485031,0.042737066745758,0.0027301730588078,-0.0254271086305379,-0.0020420835353434,-0.0008572366205044,-0.0057597160339355,-0.0231424570083618,-0.0053357491269707,-0.008229493163526,0.0049811778590083,0.0029531985055655,0.0180722512304782,-0.0253874715417623,0.0036701783537864,-0.0002213442057836,0.0099999727681279,-0.0087763983756303,-0.002807666780427,-0.0075488751754164,0.0077059366740286,0.0005084046861156,-0.0055147060193121,0.005109466612339,0.0083549348637461,-0.0126837315037846,-0.0006600058404728,0.0036889296025037,0.0010272169020026,-0.0249664541333913,0.0083560412749648,0.0011296222219243,-0.001163070788607,0.0003531787660904,0.0027653709985315,0.0071133873425424,0.0002178245194954,0.0039277514442801,0.0060222502797842,0.0012870408827438,0.0090877013280987,0.0007871804991737,-0.0156529359519481,0.0017922430997714,-0.0197502262890338,0.0092612598091363,0.0011110658524557,-0.0169285852462053,0.0063633047975599,-0.0173342488706111,0.0008823644020594,0.0042114555835723,-0.012120833620429,0.0073535218834877,-0.0048998123966157,-0.0045242914929986,-0.0342982271079955,0.0141769581570316,-0.0202774176078374,0.0243351679296579,-0.0333936953162528,0.0131863480350868,-0.0361073462020835,0.0404814331353668,-0.0234886647054705,0.0815520744439877,0.0196540663397228,0.032458266086621,2019-02-15,2019-02-19,2019-02-20,2019-02-21,2019-02-22,2019-02-25,2019-02-26,2019-02-27,2019-02-28,2019-03-01,40272.0,2019-02-14,252.0,-8.6489%,-0.0002,0.7374,-0.2135,0.0866,1.2983%,1.5084%,25.9108%,-0.084,IFF,40272.0,2019-02-15,252.0,-0.4900%,-0.0003,0.7275,-0.2239,0.0685,1.3008%,1.5066%,25.4489%,-0.013215,IFF,40272.0,2019-02-19,252.0,-2.9543%,-0.0004,0.7257,-0.2487,0.0407,1.3116%,1.5175%,25.2974%,-0.0305819999999999,IFF,40272.0,2019-02-20,252.0,1.4519%,-0.0003,0.7309,-0.231,0.0607,1.3113%,1.5174%,25.3243%,0.013363,IFF,40272.0,2019-02-21,252.0,-0.9464%,-0.0003,0.7353,-0.2235,0.0688,1.3110%,1.5183%,25.4505%,-0.006881,IFF,40272.0,2019-02-22,252.0,-0.3962%,-0.0003,0.7361,-0.2227,0.0794,1.3115%,1.5180%,25.3542%,-0.0066,IFF,40272.0,2019-02-25,252.0,-0.7331%,-0.0004,0.7372,-0.2174,0.0864,1.3113%,1.5176%,25.3406%,-0.008971,IFF,40272.0,2019-02-26,252.0,-1.0134%,-0.0005,0.7329,-0.1997,0.0922,1.3110%,1.5122%,24.8405%,-0.010161,IFF,40272.0,2019-02-27,252.0,1.0714%,-0.0004,0.7383,-0.2059,0.0931,1.3108%,1.5138%,25.0174%,0.010445,IFF,40272.0,2019-02-28,252.0,0.1178%,-0.0003,0.7318,-0.2102,0.0874,1.3094%,1.5089%,24.6979%,0.00364,IFF,40272.0,2019-03-01,252.0,0.2902%,-0.0003,0.7306,-0.212,0.0861,1.3094%,1.5079%,24.6035%,-0.001498,IFF,-0.097215,-0.127797,-0.114434,-0.127915,-0.13446
28451,INCYTE CORP,Incyte Corp Files For ~34.13M Share Common Stock Offering,6,decrease,0.7,0.6,"the filing for a large common stock offering typically dilutes existing shareholders' equity, which can lead to a decrease in stock price.",0,2019-02-14,INCY,2019-02-14 21:40:00+00:00,79906.0,45337C10,0.029114244505763,3009057.0,0.0087509397417306,-0.0041769528761506,-0.0008318442269228,0.0148360859602689,-0.0040438147261738,-0.0081612914800643,-0.0048960596323013,0.0130276950076222,0.018240688368678,-0.0195283275097608,0.0239245593547821,0.0002456590009387,-0.0135819558054208,-0.002450942993164,0.0151692312210798,-0.015918955206871,-0.0088505363091826,0.0289117991924285,0.022497909143567,0.0076268184930086,-0.0313031040132045,0.0087022632360458,-0.0043320772238075,-0.0169849079102277,-0.0196377951651811,0.008880634792149,-0.0110352141782641,0.0381767898797988,-0.004002355504781,0.0240692198276519,0.0249634124338626,-0.0275443531572818,0.0086729638278484,-0.0138994688168168,0.0018845233134925,-0.0031778314150869,-0.0088173057883977,0.0275600925087928,0.0058119501918554,-0.0279330182820558,0.0096698077395558,0.0709817931056022,0.0005839221994392,-0.0148693984374404,0.0074705192819237,-0.0062566720880568,0.0089213801547884,0.0192673802375793,-0.019981687888503,-0.0160214230418205,0.0079681314527988,0.0092979716137051,0.012787795625627,0.0268438160419464,-0.0126263322308659,0.0618571750819683,-0.0032550429459661,0.0707991868257522,0.0031491052359342,-0.0004717530973721,-0.0006976536242291,0.0210340619087219,0.0087260035797953,-0.0009624859085306,-0.0271049421280622,0.0051596211269497,-0.0133965294808149,0.0601709485054016,0.0185051783919334,-0.0028975314926356,-0.0038933674804866,-0.0495707355439662,-0.020134987309575,-0.0162549875676631,0.0082195121794939,-0.0234983209520578,-0.028174152597785,-0.0086392713710665,-0.0204786099493503,-0.0215849094092845,-0.0157430730760097,-0.0154555048793554,-0.0149711854755878,-0.005615446716547,-0.034554474055767,0.0315548740327358,-0.0048439265228807,0.0027514568064361,-0.0040561845526099,0.0141062783077359,0.023757804185152,-0.0090629244223237,-0.0250630807131528,-0.0064102290198206,0.0057128104381263,-0.0409836508333683,0.014741632156074,0.0633462965488433,-0.0086632221937179,-0.0083346338942646,0.0325357057154178,-0.0147506259381771,0.0274739656597375,-0.0212829336524009,0.0257254932075738,-0.0028197509236633,0.0261921808123588,0.041905041784048,0.0233566388487815,0.0093647334724664,-0.0208234898746013,0.007548349443823,-0.0045657199807465,-0.0102723715826869,-0.0100181270390749,-0.0339798852801322,-0.0163374338299036,0.0227587781846523,-0.0611056052148342,0.0137178059667348,0.0087509397417306,-0.0041769528761506,0.0079118160961035,0.0105971634521957,0.0038360074514895,0.0023493854323362,0.0171421762009214,-0.0044215263609311,0.0569407833365425,0.0135033009402738,0.0310477608120918,0.2747286935271287,-0.091944355681884,0.2636008600728872,2019-02-15,2019-02-19,2019-02-20,2019-02-21,2019-02-22,2019-02-25,2019-02-26,2019-02-27,2019-02-28,2019-03-01,79906.0,2019-02-14,252.0,2.9114%,-0.0002,1.3168,0.0714,-0.1992,2.3147%,2.7346%,28.3548%,0.0304599999999999,INCY,79906.0,2019-02-15,252.0,0.8751%,-0.0002,1.3279,0.0808,-0.1819,2.3122%,2.7351%,28.5323%,-0.005451,INCY,79906.0,2019-02-19,252.0,-0.0832%,-0.0,1.3419,0.0585,-0.2082,2.2936%,2.7288%,29.3523%,-0.003143,INCY,79906.0,2019-02-20,252.0,-0.4044%,-0.0001,1.3398,0.0519,-0.216,2.2937%,2.7288%,29.3464%,-0.005677,INCY,79906.0,2019-02-21,252.0,-0.4896%,-0.0001,1.3406,0.0534,-0.2145,2.2936%,2.7287%,29.3435%,-0.000499,INCY,79906.0,2019-02-22,252.0,1.8241%,-0.0,1.3396,0.0596,-0.2216,2.2938%,2.7303%,29.4165%,0.00598,INCY,79906.0,2019-02-25,252.0,2.3925%,0.0,1.34,0.0493,-0.2253,2.2977%,2.7341%,29.3766%,0.0215709999999999,INCY,79906.0,2019-02-26,252.0,-1.3582%,-0.0001,1.3366,0.0693,-0.2178,2.2981%,2.7289%,29.0808%,-0.011966,INCY,79906.0,2019-02-27,252.0,1.5169%,0.0001,1.3448,0.0586,-0.2164,2.2968%,2.7304%,29.2356%,0.0134729999999999,INCY,79906.0,2019-02-28,252.0,-0.8851%,0.0,1.3491,0.0614,-0.212,2.2968%,2.7301%,29.2228%,-0.005334,INCY,79906.0,2019-03-01,252.0,2.2498%,0.0001,1.3505,0.0634,-0.2152,2.2979%,2.7316%,29.2306%,0.011668,INCY,0.0250089999999999,0.0218659999999999,0.0161889999999999,0.0216699999999999,0.0510819999999999
28459,INCYTE CORP,"Incyte Q4 Adj. EPS $0.40 Misses $0.47 Estimate, Sales $528.402M Beat $485.8M Estimate",6,uncertain,0.6,0.3,"while incyte's sales beat expectations, the earnings miss could lead to mixed reactions from investors, resulting in uncertainty about the stock's direction.",1,2019-02-14,INCY,2019-02-14 12:49:00+00:00,79906.0,45337C10,0.029114244505763,3009057.0,0.0087509397417306,-0.0041769528761506,-0.0008318442269228,0.0148360859602689,-0.0040438147261738,-0.0081612914800643,-0.0048960596323013,0.0130276950076222,0.018240688368678,-0.0195283275097608,0.0239245593547821,0.0002456590009387,-0.0135819558054208,-0.002450942993164,0.0151692312210798,-0.015918955206871,-0.0088505363091826,0.0289117991924285,0.022497909143567,0.0076268184930086,-0.0313031040132045,0.0087022632360458,-0.0043320772238075,-0.0169849079102277,-0.0196377951651811,0.008880634792149,-0.0110352141782641,0.0381767898797988,-0.004002355504781,0.0240692198276519,0.0249634124338626,-0.0275443531572818,0.0086729638278484,-0.0138994688168168,0.0018845233134925,-0.0031778314150869,-0.0088173057883977,0.0275600925087928,0.0058119501918554,-0.0279330182820558,0.0096698077395558,0.0709817931056022,0.0005839221994392,-0.0148693984374404,0.0074705192819237,-0.0062566720880568,0.0089213801547884,0.0192673802375793,-0.019981687888503,-0.0160214230418205,0.0079681314527988,0.0092979716137051,0.012787795625627,0.0268438160419464,-0.0126263322308659,0.0618571750819683,-0.0032550429459661,0.0707991868257522,0.0031491052359342,-0.0004717530973721,-0.0006976536242291,0.0210340619087219,0.0087260035797953,-0.0009624859085306,-0.0271049421280622,0.0051596211269497,-0.0133965294808149,0.0601709485054016,0.0185051783919334,-0.0028975314926356,-0.0038933674804866,-0.0495707355439662,-0.020134987309575,-0.0162549875676631,0.0082195121794939,-0.0234983209520578,-0.028174152597785,-0.0086392713710665,-0.0204786099493503,-0.0215849094092845,-0.0157430730760097,-0.0154555048793554,-0.0149711854755878,-0.005615446716547,-0.034554474055767,0.0315548740327358,-0.0048439265228807,0.0027514568064361,-0.0040561845526099,0.0141062783077359,0.023757804185152,-0.0090629244223237,-0.0250630807131528,-0.0064102290198206,0.0057128104381263,-0.0409836508333683,0.014741632156074,0.0633462965488433,-0.0086632221937179,-0.0083346338942646,0.0325357057154178,-0.0147506259381771,0.0274739656597375,-0.0212829336524009,0.0257254932075738,-0.0028197509236633,0.0261921808123588,0.041905041784048,0.0233566388487815,0.0093647334724664,-0.0208234898746013,0.007548349443823,-0.0045657199807465,-0.0102723715826869,-0.0100181270390749,-0.0339798852801322,-0.0163374338299036,0.0227587781846523,-0.0611056052148342,0.0137178059667348,0.0087509397417306,-0.0041769528761506,0.0079118160961035,0.0105971634521957,0.0038360074514895,0.0023493854323362,0.0171421762009214,-0.0044215263609311,0.0569407833365425,0.0135033009402738,0.0310477608120918,0.2747286935271287,-0.091944355681884,0.2636008600728872,2019-02-15,2019-02-19,2019-02-20,2019-02-21,2019-02-22,2019-02-25,2019-02-26,2019-02-27,2019-02-28,2019-03-01,79906.0,2019-02-14,252.0,2.9114%,-0.0002,1.3168,0.0714,-0.1992,2.3147%,2.7346%,28.3548%,0.0304599999999999,INCY,79906.0,2019-02-15,252.0,0.8751%,-0.0002,1.3279,0.0808,-0.1819,2.3122%,2.7351%,28.5323%,-0.005451,INCY,79906.0,2019-02-19,252.0,-0.0832%,-0.0,1.3419,0.0585,-0.2082,2.2936%,2.7288%,29.3523%,-0.003143,INCY,79906.0,2019-02-20,252.0,-0.4044%,-0.0001,1.3398,0.0519,-0.216,2.2937%,2.7288%,29.3464%,-0.005677,INCY,79906.0,2019-02-21,252.0,-0.4896%,-0.0001,1.3406,0.0534,-0.2145,2.2936%,2.7287%,29.3435%,-0.000499,INCY,79906.0,2019-02-22,252.0,1.8241%,-0.0,1.3396,0.0596,-0.2216,2.2938%,2.7303%,29.4165%,0.00598,INCY,79906.0,2019-02-25,252.0,2.3925%,0.0,1.34,0.0493,-0.2253,2.2977%,2.7341%,29.3766%,0.0215709999999999,INCY,79906.0,2019-02-26,252.0,-1.3582%,-0.0001,1.3366,0.0693,-0.2178,2.2981%,2.7289%,29.0808%,-0.011966,INCY,79906.0,2019-02-27,252.0,1.5169%,0.0001,1.3448,0.0586,-0.2164,2.2968%,2.7304%,29.2356%,0.0134729999999999,INCY,79906.0,2019-02-28,252.0,-0.8851%,0.0,1.3491,0.0614,-0.212,2.2968%,2.7301%,29.2228%,-0.005334,INCY,79906.0,2019-03-01,252.0,2.2498%,0.0001,1.3505,0.0634,-0.2152,2.2979%,2.7316%,29.2306%,0.011668,INCY,0.0250089999999999,0.0218659999999999,0.0161889999999999,0.0216699999999999,0.0510819999999999
28467,INOVIO PHARMACEUTICALS INC,Inogen 13G Shows New 5.9% Stake From Steve Cohen's Point72 Asset Management,6,uncertain,0.5,0.5,"the news about a new stake from point72 asset management could indicate increased interest in inovio pharmaceuticals inc, but without additional context on the reasons behind the investment or market conditions, the impact on stock price remains unclear.",1,2019-02-14,INO,2019-02-14 20:08:00+00:00,86444.0,45773H20,-0.2115384191274643,9322184.0,0.0027100243605673,-0.0021322448737919,-0.0027026999741792,0.0129589503630995,0.0162601470947265,0.0043383906595408,-0.0106666563078761,-0.0149572007358074,0.0053908303380012,0.0,0.0134048126637935,-0.0021322448737919,-0.0105820009484887,-0.0329896584153175,-0.0026737942826002,-0.0221774466335773,-0.018766738474369,-0.0099800778552889,0.0355190895497798,-0.0059523279778659,-0.0316622406244278,0.0700636804103851,-0.016348822042346,-0.0207900013774633,-0.0526315309107303,-0.0568627379834651,0.0380116589367389,0.0179640054702758,-0.0591549426317215,0.0481171570718288,0.0538922362029552,-0.0439999587833881,0.0113636255264282,-0.0176817588508129,0.0252809412777423,0.0019685490988194,-0.0082192355766892,0.034623235464096,-0.0276242848485708,0.0380549319088459,0.0,0.0487804375588893,0.0227272510528564,-0.0681817978620529,0.0,0.0168067049235105,0.0333333685994148,0.0042195059359073,-0.0268817581236362,-0.0021053112577646,0.0,-0.0365111231803894,0.0303867775946855,0.0717391148209571,-0.0294906515628099,0.0747662782669067,0.0055249226279556,0.0142181096598506,0.0247252508997917,0.0549999475479126,-0.0107238506898284,0.0,0.0027100243605673,0.010101000778377,0.0432431995868682,-0.0270270593464374,0.0077720754779875,0.0382653288543224,0.0179948415607214,0.0077120745554566,0.0176768116652965,-0.0847058594226837,-0.0248139295727014,-0.0449437797069549,0.0279897954314947,-0.0154867637902498,0.0099009806290268,-0.0423728413879871,0.0049019563011825,-0.0288066547363996,-0.0268292427062988,-0.047058779746294,-0.0150375794619321,-0.0395480319857597,-0.0534351244568824,0.0231213644146919,0.0026881694793701,0.0,0.018766738474369,0.0058139944449067,0.015789458528161,-0.0190114788711071,-0.0155440270900726,0.0076629198156297,0.0105263059958815,-0.0351201593875885,0.0208333767950534,0.0112149426713585,-0.0255102403461933,0.0,-0.015706792473793,-0.014732951298356,-0.0212765745818615,0.0323193147778511,0.0163043327629566,-0.0075471624732017,0.0401069782674312,0.0251450892537832,0.0154241491109132,0.0077972635626792,-0.0607594959437847,0.0198806952685117,0.0512129515409469,0.003992011770606,-0.0076923612505197,-0.0214843079447746,-0.0361756756901741,0.0178925786167383,-0.0428954660892486,0.0244399923831224,0.0027100243605673,-0.0021322448737919,3.6186609264632352e-12,0.0107990738338261,0.016260147098404,0.0151843150944195,0.0108400982945995,-4.902909189752336e-10,0.0271002426066788,-0.0714285981908373,0.0108400912370982,0.1699999576678512,-0.032520363871158,-0.046843187818082,2019-02-15,2019-02-19,2019-02-20,2019-02-21,2019-02-22,2019-02-25,2019-02-26,2019-02-27,2019-02-28,2019-03-01,86444.0,2019-02-14,252.0,-21.1538%,-0.0003,1.212,1.3215,-0.0078,3.1277%,3.4679%,18.6606%,-0.217497,INO,86444.0,2019-02-15,252.0,0.2710%,-0.0003,1.2085,1.3168,-0.0155,3.1286%,3.4668%,18.5573%,-0.014351,INO,86444.0,2019-02-19,252.0,-0.2703%,-0.0002,1.216,1.2986,-0.0367,3.1235%,3.4652%,18.7476%,-0.008871,INO,86444.0,2019-02-20,252.0,1.6260%,-0.0003,1.2175,1.2945,-0.0331,3.1225%,3.4640%,18.7434%,0.011195,INO,86444.0,2019-02-21,252.0,-1.0667%,-0.0004,1.2249,1.3085,-0.0195,3.1208%,3.4645%,18.8588%,-0.005432,INO,86444.0,2019-02-22,252.0,0.5391%,-0.0004,1.2261,1.3127,-0.0016,3.1212%,3.4647%,18.8427%,-0.010154,INO,86444.0,2019-02-25,252.0,1.3405%,-0.0003,1.2249,1.304,-0.0107,3.1221%,3.4651%,18.8217%,0.014876,INO,86444.0,2019-02-26,252.0,-1.0582%,-0.0003,1.2245,1.3045,-0.0107,3.1221%,3.4647%,18.7987%,-0.000412,INO,86444.0,2019-02-27,252.0,-0.2674%,-0.0003,1.2232,1.305,-0.011,3.1223%,3.4642%,18.7671%,-0.006367,INO,86444.0,2019-02-28,252.0,-1.8767%,-0.0003,1.2171,1.3003,-0.0119,3.1218%,3.4591%,18.5513%,-0.015363,INO,86444.0,2019-03-01,252.0,3.5519%,-0.0003,1.2293,1.3185,-0.0037,3.1243%,3.4660%,18.7441%,0.022847,INO,-0.231848,-0.240719,-0.2295239999999999,-0.2451099999999999,-0.2295289999999999
28475,INOVIO PHARMACEUTICALS INC,Inovio Pharma shares are trading lower after the company announced a $65M convertible debt offering with an initial conversion rate of $5.38 per share.,6,decrease,0.8,0.6,"the announcement of a convertible debt offering typically signals potential dilution of existing shares, which can lead to a decrease in stock price.",0,2019-02-14,INO,2019-02-14 13:44:00+00:00,86444.0,45773H20,-0.2115384191274643,9322184.0,0.0027100243605673,-0.0021322448737919,-0.0027026999741792,0.0129589503630995,0.0162601470947265,0.0043383906595408,-0.0106666563078761,-0.0149572007358074,0.0053908303380012,0.0,0.0134048126637935,-0.0021322448737919,-0.0105820009484887,-0.0329896584153175,-0.0026737942826002,-0.0221774466335773,-0.018766738474369,-0.0099800778552889,0.0355190895497798,-0.0059523279778659,-0.0316622406244278,0.0700636804103851,-0.016348822042346,-0.0207900013774633,-0.0526315309107303,-0.0568627379834651,0.0380116589367389,0.0179640054702758,-0.0591549426317215,0.0481171570718288,0.0538922362029552,-0.0439999587833881,0.0113636255264282,-0.0176817588508129,0.0252809412777423,0.0019685490988194,-0.0082192355766892,0.034623235464096,-0.0276242848485708,0.0380549319088459,0.0,0.0487804375588893,0.0227272510528564,-0.0681817978620529,0.0,0.0168067049235105,0.0333333685994148,0.0042195059359073,-0.0268817581236362,-0.0021053112577646,0.0,-0.0365111231803894,0.0303867775946855,0.0717391148209571,-0.0294906515628099,0.0747662782669067,0.0055249226279556,0.0142181096598506,0.0247252508997917,0.0549999475479126,-0.0107238506898284,0.0,0.0027100243605673,0.010101000778377,0.0432431995868682,-0.0270270593464374,0.0077720754779875,0.0382653288543224,0.0179948415607214,0.0077120745554566,0.0176768116652965,-0.0847058594226837,-0.0248139295727014,-0.0449437797069549,0.0279897954314947,-0.0154867637902498,0.0099009806290268,-0.0423728413879871,0.0049019563011825,-0.0288066547363996,-0.0268292427062988,-0.047058779746294,-0.0150375794619321,-0.0395480319857597,-0.0534351244568824,0.0231213644146919,0.0026881694793701,0.0,0.018766738474369,0.0058139944449067,0.015789458528161,-0.0190114788711071,-0.0155440270900726,0.0076629198156297,0.0105263059958815,-0.0351201593875885,0.0208333767950534,0.0112149426713585,-0.0255102403461933,0.0,-0.015706792473793,-0.014732951298356,-0.0212765745818615,0.0323193147778511,0.0163043327629566,-0.0075471624732017,0.0401069782674312,0.0251450892537832,0.0154241491109132,0.0077972635626792,-0.0607594959437847,0.0198806952685117,0.0512129515409469,0.003992011770606,-0.0076923612505197,-0.0214843079447746,-0.0361756756901741,0.0178925786167383,-0.0428954660892486,0.0244399923831224,0.0027100243605673,-0.0021322448737919,3.6186609264632352e-12,0.0107990738338261,0.016260147098404,0.0151843150944195,0.0108400982945995,-4.902909189752336e-10,0.0271002426066788,-0.0714285981908373,0.0108400912370982,0.1699999576678512,-0.032520363871158,-0.046843187818082,2019-02-15,2019-02-19,2019-02-20,2019-02-21,2019-02-22,2019-02-25,2019-02-26,2019-02-27,2019-02-28,2019-03-01,86444.0,2019-02-14,252.0,-21.1538%,-0.0003,1.212,1.3215,-0.0078,3.1277%,3.4679%,18.6606%,-0.217497,INO,86444.0,2019-02-15,252.0,0.2710%,-0.0003,1.2085,1.3168,-0.0155,3.1286%,3.4668%,18.5573%,-0.014351,INO,86444.0,2019-02-19,252.0,-0.2703%,-0.0002,1.216,1.2986,-0.0367,3.1235%,3.4652%,18.7476%,-0.008871,INO,86444.0,2019-02-20,252.0,1.6260%,-0.0003,1.2175,1.2945,-0.0331,3.1225%,3.4640%,18.7434%,0.011195,INO,86444.0,2019-02-21,252.0,-1.0667%,-0.0004,1.2249,1.3085,-0.0195,3.1208%,3.4645%,18.8588%,-0.005432,INO,86444.0,2019-02-22,252.0,0.5391%,-0.0004,1.2261,1.3127,-0.0016,3.1212%,3.4647%,18.8427%,-0.010154,INO,86444.0,2019-02-25,252.0,1.3405%,-0.0003,1.2249,1.304,-0.0107,3.1221%,3.4651%,18.8217%,0.014876,INO,86444.0,2019-02-26,252.0,-1.0582%,-0.0003,1.2245,1.3045,-0.0107,3.1221%,3.4647%,18.7987%,-0.000412,INO,86444.0,2019-02-27,252.0,-0.2674%,-0.0003,1.2232,1.305,-0.011,3.1223%,3.4642%,18.7671%,-0.006367,INO,86444.0,2019-02-28,252.0,-1.8767%,-0.0003,1.2171,1.3003,-0.0119,3.1218%,3.4591%,18.5513%,-0.015363,INO,86444.0,2019-03-01,252.0,3.5519%,-0.0003,1.2293,1.3185,-0.0037,3.1243%,3.4660%,18.7441%,0.022847,INO,-0.231848,-0.240719,-0.2295239999999999,-0.2451099999999999,-0.2295289999999999
28483,JACK IN THE BOX INC,Jack In The Box shares are trading lower after vague and unconfirmed chatter that the company's auction is 'struggling'.,6,decrease,0.7,0.6,"vague and unconfirmed chatter about the company's auction struggling can create negative sentiment among investors, likely leading to a decrease in stock price.",0,2019-02-14,JACK,2019-02-14 18:28:00+00:00,77453.0,46636710,-0.0528257265686988,2095889.0,0.008290366269648,0.0098522128537297,0.0082222959026694,-0.0189768150448799,-0.0260719209909439,0.0229080524295568,0.0050748735666275,0.0012072200188413,0.0253724064677953,0.004973869305104,-0.0187123510986566,0.0054891062900424,-0.0027600203175097,0.0169954430311918,0.002390268491581,0.0082552060484886,0.0107931802049279,-0.0123533047735691,-0.0119195505976676,-0.0055283117108047,-0.0010103792883455,0.0040705790743231,-0.0021491551306098,-0.0270043201744556,-0.0125427320599556,0.0070099327713251,-0.0109059028327465,0.0024230305571109,-0.0028537241742014,0.023815406486392,0.0039026332087814,0.0039850519970059,-0.0129584036767482,-0.0103524317964911,0.0235000774264335,0.0229450296610593,-0.0098768165335059,0.0096741616725921,0.0054410952143371,-0.0007632305496372,0.012756060808897,-0.0299814958125352,-0.0091603212058544,-0.0036877125967293,-0.0137390820309519,0.0058110933750867,0.0026038873475044,-0.0039408830925822,0.0023373626172542,0.0037082252092659,0.0038864542730152,-0.0066306595690548,0.0172926057130098,0.0107980975881218,0.0208042543381452,0.0246725492179393,0.0043494277633726,0.0080768875777721,0.0029695355333387,0.0047662341967225,-0.0033308246638625,0.0066129988990724,0.0016090760473161,-0.0010361943859606,-0.0009886533953249,0.0042928867042064,0.0061850571073591,0.0177413467317819,0.0103270718827843,-0.0198546443134546,-0.0227549616247415,-0.0034915849100798,0.0036110188812017,-0.0381840765476226,-0.0110421758145093,-0.0190336462110281,-0.0087817963212728,-0.0008533426444046,-0.0037970263510942,0.0211626645177602,-0.0080040311440825,-0.0263030081987381,-0.0037141509819775,0.0025519393384456,-0.000771275954321,-0.0099855847656726,0.0034735188819468,-0.0028790531214326,-0.0065384889021515,0.0026461537927389,0.0,0.0015660432400181,0.0025810373481363,-0.0399028100073337,0.0007722687441855,-0.0091262208297848,-0.005530550610274,-0.0116134714335203,0.0062080104835331,0.0016941668000072,-0.008997487835586,0.0592176653444767,-0.0020751755218952,0.0005984609015285,0.0002598991850391,-0.0206330846995115,0.0127339316532015,-0.0263668242841959,0.00436228280887,0.0214527696371078,-0.0180122125893831,0.0137099167332053,-0.0002602351014502,0.0624058432877063,0.0033832418266683,-0.0124007938429713,0.0101154036819934,0.0185676552355289,-0.0029528273735195,-0.0127198435366153,0.008290366269648,0.0098522128537297,0.0165808280169279,-0.0093115658122582,-0.0099233870120377,0.01338317677947,0.0203492368813185,0.0196530736291393,-0.0003768417983569,0.0325553018942199,0.0233575460649426,0.0827000663707822,-0.0195663308432527,0.0529847933146687,2019-02-15,2019-02-19,2019-02-20,2019-02-21,2019-02-22,2019-02-25,2019-02-26,2019-02-27,2019-02-28,2019-03-01,77453.0,2019-02-14,252.0,-5.2826%,0.0,0.3566,0.591,0.2687,1.6551%,1.7138%,6.7317%,-0.0540449999999999,JACK,77453.0,2019-02-15,252.0,0.8290%,-0.0,0.3478,0.5833,0.2547,1.6534%,1.7100%,6.5010%,0.001394,JACK,77453.0,2019-02-19,252.0,0.8222%,-0.0001,0.3418,0.5964,0.2699,1.6476%,1.7039%,6.4965%,0.005006,JACK,77453.0,2019-02-20,252.0,-2.6072%,-0.0005,0.3273,0.5345,0.2104,1.6018%,1.6534%,6.1431%,-0.029618,JACK,77453.0,2019-02-21,252.0,0.5075%,-0.0003,0.3138,0.5087,0.1856,1.5892%,1.6371%,5.7735%,0.007044,JACK,77453.0,2019-02-22,252.0,2.5372%,-0.0002,0.3096,0.5348,0.1591,1.5929%,1.6432%,6.0252%,0.023163,JACK,77453.0,2019-02-25,252.0,-1.8712%,-0.0004,0.3132,0.5469,0.1788,1.5853%,1.6367%,6.1817%,-0.0176,JACK,77453.0,2019-02-26,252.0,-0.2760%,-0.0003,0.3168,0.5404,0.1782,1.5847%,1.6365%,6.2269%,0.001731,JACK,77453.0,2019-02-27,252.0,0.2390%,-0.0004,0.3129,0.5478,0.1776,1.5838%,1.6355%,6.2247%,0.001192,JACK,77453.0,2019-02-28,252.0,1.0793%,-0.0004,0.3143,0.5492,0.1757,1.5850%,1.6369%,6.2390%,0.011998,JACK,77453.0,2019-03-01,252.0,-1.1920%,-0.0004,0.3141,0.5488,0.1822,1.5875%,1.6385%,6.1361%,-0.015162,JACK,-0.0526509999999999,-0.0476449999999999,-0.077263,-0.047056,-0.064897
28491,JACK IN THE BOX INC,Jack In The Box Shares Down ~6.8% Over Last Few Mins.; Traders Circulate Word Of Unconfirmed And Vague 'Cautious Chatter' Co. Auction Struggling,6,decrease,0.8,0.7,"the news indicates a significant drop in shares and mentions unconfirmed negative chatter about the company's auction struggles, which likely contributes to investor concern and a decrease in stock price.",0,2019-02-14,JACK,2019-02-14 18:00:00+00:00,77453.0,46636710,-0.0528257265686988,2095889.0,0.008290366269648,0.0098522128537297,0.0082222959026694,-0.0189768150448799,-0.0260719209909439,0.0229080524295568,0.0050748735666275,0.0012072200188413,0.0253724064677953,0.004973869305104,-0.0187123510986566,0.0054891062900424,-0.0027600203175097,0.0169954430311918,0.002390268491581,0.0082552060484886,0.0107931802049279,-0.0123533047735691,-0.0119195505976676,-0.0055283117108047,-0.0010103792883455,0.0040705790743231,-0.0021491551306098,-0.0270043201744556,-0.0125427320599556,0.0070099327713251,-0.0109059028327465,0.0024230305571109,-0.0028537241742014,0.023815406486392,0.0039026332087814,0.0039850519970059,-0.0129584036767482,-0.0103524317964911,0.0235000774264335,0.0229450296610593,-0.0098768165335059,0.0096741616725921,0.0054410952143371,-0.0007632305496372,0.012756060808897,-0.0299814958125352,-0.0091603212058544,-0.0036877125967293,-0.0137390820309519,0.0058110933750867,0.0026038873475044,-0.0039408830925822,0.0023373626172542,0.0037082252092659,0.0038864542730152,-0.0066306595690548,0.0172926057130098,0.0107980975881218,0.0208042543381452,0.0246725492179393,0.0043494277633726,0.0080768875777721,0.0029695355333387,0.0047662341967225,-0.0033308246638625,0.0066129988990724,0.0016090760473161,-0.0010361943859606,-0.0009886533953249,0.0042928867042064,0.0061850571073591,0.0177413467317819,0.0103270718827843,-0.0198546443134546,-0.0227549616247415,-0.0034915849100798,0.0036110188812017,-0.0381840765476226,-0.0110421758145093,-0.0190336462110281,-0.0087817963212728,-0.0008533426444046,-0.0037970263510942,0.0211626645177602,-0.0080040311440825,-0.0263030081987381,-0.0037141509819775,0.0025519393384456,-0.000771275954321,-0.0099855847656726,0.0034735188819468,-0.0028790531214326,-0.0065384889021515,0.0026461537927389,0.0,0.0015660432400181,0.0025810373481363,-0.0399028100073337,0.0007722687441855,-0.0091262208297848,-0.005530550610274,-0.0116134714335203,0.0062080104835331,0.0016941668000072,-0.008997487835586,0.0592176653444767,-0.0020751755218952,0.0005984609015285,0.0002598991850391,-0.0206330846995115,0.0127339316532015,-0.0263668242841959,0.00436228280887,0.0214527696371078,-0.0180122125893831,0.0137099167332053,-0.0002602351014502,0.0624058432877063,0.0033832418266683,-0.0124007938429713,0.0101154036819934,0.0185676552355289,-0.0029528273735195,-0.0127198435366153,0.008290366269648,0.0098522128537297,0.0165808280169279,-0.0093115658122582,-0.0099233870120377,0.01338317677947,0.0203492368813185,0.0196530736291393,-0.0003768417983569,0.0325553018942199,0.0233575460649426,0.0827000663707822,-0.0195663308432527,0.0529847933146687,2019-02-15,2019-02-19,2019-02-20,2019-02-21,2019-02-22,2019-02-25,2019-02-26,2019-02-27,2019-02-28,2019-03-01,77453.0,2019-02-14,252.0,-5.2826%,0.0,0.3566,0.591,0.2687,1.6551%,1.7138%,6.7317%,-0.0540449999999999,JACK,77453.0,2019-02-15,252.0,0.8290%,-0.0,0.3478,0.5833,0.2547,1.6534%,1.7100%,6.5010%,0.001394,JACK,77453.0,2019-02-19,252.0,0.8222%,-0.0001,0.3418,0.5964,0.2699,1.6476%,1.7039%,6.4965%,0.005006,JACK,77453.0,2019-02-20,252.0,-2.6072%,-0.0005,0.3273,0.5345,0.2104,1.6018%,1.6534%,6.1431%,-0.029618,JACK,77453.0,2019-02-21,252.0,0.5075%,-0.0003,0.3138,0.5087,0.1856,1.5892%,1.6371%,5.7735%,0.007044,JACK,77453.0,2019-02-22,252.0,2.5372%,-0.0002,0.3096,0.5348,0.1591,1.5929%,1.6432%,6.0252%,0.023163,JACK,77453.0,2019-02-25,252.0,-1.8712%,-0.0004,0.3132,0.5469,0.1788,1.5853%,1.6367%,6.1817%,-0.0176,JACK,77453.0,2019-02-26,252.0,-0.2760%,-0.0003,0.3168,0.5404,0.1782,1.5847%,1.6365%,6.2269%,0.001731,JACK,77453.0,2019-02-27,252.0,0.2390%,-0.0004,0.3129,0.5478,0.1776,1.5838%,1.6355%,6.2247%,0.001192,JACK,77453.0,2019-02-28,252.0,1.0793%,-0.0004,0.3143,0.5492,0.1757,1.5850%,1.6369%,6.2390%,0.011998,JACK,77453.0,2019-03-01,252.0,-1.1920%,-0.0004,0.3141,0.5488,0.1822,1.5875%,1.6385%,6.1361%,-0.015162,JACK,-0.0526509999999999,-0.0476449999999999,-0.077263,-0.047056,-0.064897
28499,JACK IN THE BOX INC,'$JACK Trades Lower on Cautious Chatter: SI The fall appears tied to a rumor the company's auction is struggling' -Walter Bloomberg Tweets,6,decrease,0.8,0.7,"the news indicates that there are concerns about the company's auction struggling, which is likely to negatively impact investor sentiment and lead to a decrease in stock price.",0,2019-02-14,JACK,2019-02-14 17:48:00+00:00,77453.0,46636710,-0.0528257265686988,2095889.0,0.008290366269648,0.0098522128537297,0.0082222959026694,-0.0189768150448799,-0.0260719209909439,0.0229080524295568,0.0050748735666275,0.0012072200188413,0.0253724064677953,0.004973869305104,-0.0187123510986566,0.0054891062900424,-0.0027600203175097,0.0169954430311918,0.002390268491581,0.0082552060484886,0.0107931802049279,-0.0123533047735691,-0.0119195505976676,-0.0055283117108047,-0.0010103792883455,0.0040705790743231,-0.0021491551306098,-0.0270043201744556,-0.0125427320599556,0.0070099327713251,-0.0109059028327465,0.0024230305571109,-0.0028537241742014,0.023815406486392,0.0039026332087814,0.0039850519970059,-0.0129584036767482,-0.0103524317964911,0.0235000774264335,0.0229450296610593,-0.0098768165335059,0.0096741616725921,0.0054410952143371,-0.0007632305496372,0.012756060808897,-0.0299814958125352,-0.0091603212058544,-0.0036877125967293,-0.0137390820309519,0.0058110933750867,0.0026038873475044,-0.0039408830925822,0.0023373626172542,0.0037082252092659,0.0038864542730152,-0.0066306595690548,0.0172926057130098,0.0107980975881218,0.0208042543381452,0.0246725492179393,0.0043494277633726,0.0080768875777721,0.0029695355333387,0.0047662341967225,-0.0033308246638625,0.0066129988990724,0.0016090760473161,-0.0010361943859606,-0.0009886533953249,0.0042928867042064,0.0061850571073591,0.0177413467317819,0.0103270718827843,-0.0198546443134546,-0.0227549616247415,-0.0034915849100798,0.0036110188812017,-0.0381840765476226,-0.0110421758145093,-0.0190336462110281,-0.0087817963212728,-0.0008533426444046,-0.0037970263510942,0.0211626645177602,-0.0080040311440825,-0.0263030081987381,-0.0037141509819775,0.0025519393384456,-0.000771275954321,-0.0099855847656726,0.0034735188819468,-0.0028790531214326,-0.0065384889021515,0.0026461537927389,0.0,0.0015660432400181,0.0025810373481363,-0.0399028100073337,0.0007722687441855,-0.0091262208297848,-0.005530550610274,-0.0116134714335203,0.0062080104835331,0.0016941668000072,-0.008997487835586,0.0592176653444767,-0.0020751755218952,0.0005984609015285,0.0002598991850391,-0.0206330846995115,0.0127339316532015,-0.0263668242841959,0.00436228280887,0.0214527696371078,-0.0180122125893831,0.0137099167332053,-0.0002602351014502,0.0624058432877063,0.0033832418266683,-0.0124007938429713,0.0101154036819934,0.0185676552355289,-0.0029528273735195,-0.0127198435366153,0.008290366269648,0.0098522128537297,0.0165808280169279,-0.0093115658122582,-0.0099233870120377,0.01338317677947,0.0203492368813185,0.0196530736291393,-0.0003768417983569,0.0325553018942199,0.0233575460649426,0.0827000663707822,-0.0195663308432527,0.0529847933146687,2019-02-15,2019-02-19,2019-02-20,2019-02-21,2019-02-22,2019-02-25,2019-02-26,2019-02-27,2019-02-28,2019-03-01,77453.0,2019-02-14,252.0,-5.2826%,0.0,0.3566,0.591,0.2687,1.6551%,1.7138%,6.7317%,-0.0540449999999999,JACK,77453.0,2019-02-15,252.0,0.8290%,-0.0,0.3478,0.5833,0.2547,1.6534%,1.7100%,6.5010%,0.001394,JACK,77453.0,2019-02-19,252.0,0.8222%,-0.0001,0.3418,0.5964,0.2699,1.6476%,1.7039%,6.4965%,0.005006,JACK,77453.0,2019-02-20,252.0,-2.6072%,-0.0005,0.3273,0.5345,0.2104,1.6018%,1.6534%,6.1431%,-0.029618,JACK,77453.0,2019-02-21,252.0,0.5075%,-0.0003,0.3138,0.5087,0.1856,1.5892%,1.6371%,5.7735%,0.007044,JACK,77453.0,2019-02-22,252.0,2.5372%,-0.0002,0.3096,0.5348,0.1591,1.5929%,1.6432%,6.0252%,0.023163,JACK,77453.0,2019-02-25,252.0,-1.8712%,-0.0004,0.3132,0.5469,0.1788,1.5853%,1.6367%,6.1817%,-0.0176,JACK,77453.0,2019-02-26,252.0,-0.2760%,-0.0003,0.3168,0.5404,0.1782,1.5847%,1.6365%,6.2269%,0.001731,JACK,77453.0,2019-02-27,252.0,0.2390%,-0.0004,0.3129,0.5478,0.1776,1.5838%,1.6355%,6.2247%,0.001192,JACK,77453.0,2019-02-28,252.0,1.0793%,-0.0004,0.3143,0.5492,0.1757,1.5850%,1.6369%,6.2390%,0.011998,JACK,77453.0,2019-03-01,252.0,-1.1920%,-0.0004,0.3141,0.5488,0.1822,1.5875%,1.6385%,6.1361%,-0.015162,JACK,-0.0526509999999999,-0.0476449999999999,-0.077263,-0.047056,-0.064897
28507,G E E GROUP INC,"General Employment Q1 EPS $(0.32) Misses $(0.22) Estimate, Sales $38.543M Miss $40.3M Estimate",6,decrease,0.8,0.7,"the company reported a larger-than-expected loss and lower sales than estimated, which typically leads to a negative reaction in the stock market.",0,2019-02-14,JOB,2019-02-14 11:44:00+00:00,46834.0,36165A10,-0.1379310339689255,24296.0,-0.0333333015441894,0.0545454770326614,0.0137930894270539,0.0312499701976776,-0.108843594789505,-0.0303030014038085,0.0763358995318412,-0.0452493838965892,-0.007092191837728,0.0286904834210872,0.0,-0.0117647647857666,0.0,-0.0395479835569858,-0.0142857013270258,-0.0274725668132305,0.0,-0.0714285597205162,0.0,0.0246759112924337,0.065217413008213,0.1318342536687851,-0.0272109396755695,0.0460510440170764,-0.0005593667156063,0.0821890085935592,-0.0428211726248264,0.0796991735696792,-0.0423977226018905,0.0019565008115023,0.0,0.095238097012043,0.0229008328169584,-0.1655629128217697,-0.0895522385835647,0.0633803084492683,-0.0983606576919555,0.036496315151453,-0.0454546101391315,0.096000000834465,0.0571429170668125,0.0593220815062522,0.1711711138486862,0.1346153765916824,-0.0076923007145524,0.1063829436898232,0.0620155371725559,0.1823899149894714,-0.0046715247444808,0.0460526682436466,-0.0099735930562019,-0.0661095976829528,-0.1066667065024376,-0.0314211249351501,0.0,0.0655675306916236,-0.0049750604666769,-0.0494273751974105,0.0,0.1801110059022903,-0.0380833931267261,0.0813846439123153,-0.0297149531543254,-0.0972222909331321,-0.0136607456952333,-0.1262135654687881,-0.0160224102437496,-0.1743487119674683,0.1740570813417435,0.0505263544619083,0.0422347597777843,-0.2400000095367432,0.1427711546421051,-0.0157480165362358,-0.1176973730325699,-0.1533333510160446,-0.0228170547634363,0.0,-0.0312857739627361,0.0948905050754547,0.0082709370180964,-0.2034883797168732,-0.0082030892372131,0.0238095726817846,-0.0153603916987776,0.0,0.0239999778568744,-0.0918919295072555,-0.0234374776482582,0.075581394135952,0.0334400162100791,-0.0702702701091766,0.0357640795409679,-0.0364582985639572,-0.1462631076574326,-0.0051813423633575,0.025212300941348,0.0104711940512061,0.0075996303930878,0.0,0.110169492661953,-0.0255102403461933,0.0,0.0594594664871692,-0.0152671616524457,0.0054347771219909,-0.0310077238827943,-0.0212765745818615,-0.0399999618530273,0.0053475885652005,-0.025000074878335,-0.0053191436454653,0.0084616178646683,-0.0646766126155853,0.0170353390276432,0.0100502418354153,-0.0083333253860473,-0.0568719878792762,-0.0924369841814041,-0.0622222684323787,-0.0333333015441894,0.0545454770326614,-0.0199999813262334,0.0874999917620278,-0.1266667062524682,0.0545454779850211,-0.0666666838426435,0.0357143252738745,-0.0800000048358301,-0.0903387396376714,-0.1999999748167525,1.4754588655007497,-0.2799999732655029,-0.2266666596384038,2019-02-15,2019-02-19,2019-02-20,2019-02-21,2019-02-22,2019-02-25,2019-02-26,2019-02-27,2019-02-28,2019-03-01,46834.0,2019-02-14,252.0,-13.7931%,-0.0005,0.9516,-0.1034,0.3806,5.9119%,5.9866%,2.4800%,-0.134186,JOB,46834.0,2019-02-15,252.0,-3.3333%,-0.0005,0.9593,-0.1013,0.3868,5.9119%,5.9874%,2.5057%,-0.045754,JOB,46834.0,2019-02-19,252.0,1.3793%,-0.0005,0.9584,-0.0897,0.4,5.9120%,5.9868%,2.4829%,0.011004,JOB,46834.0,2019-02-20,252.0,-10.8844%,-0.0009,0.9301,-0.1393,0.3027,5.9509%,6.0227%,2.3716%,-0.112767,JOB,46834.0,2019-02-21,252.0,7.6336%,-0.0007,0.9222,-0.1374,0.2877,5.9698%,6.0404%,2.3238%,0.080276,JOB,46834.0,2019-02-22,252.0,-0.7092%,-0.0006,0.922,-0.1045,0.3149,5.9678%,6.0376%,2.2990%,-0.008202,JOB,46834.0,2019-02-25,252.0,0.0000%,-0.0009,0.9305,-0.0958,0.351,5.9500%,6.0206%,2.3331%,-0.001188,JOB,46834.0,2019-02-26,252.0,0.0000%,-0.0008,0.9471,-0.1157,0.3533,5.9473%,6.0200%,2.4004%,0.001934,JOB,46834.0,2019-02-27,252.0,-1.4286%,-0.0008,0.9513,-0.1274,0.354,5.9475%,6.0206%,2.4107%,-0.014594,JOB,46834.0,2019-02-28,252.0,0.0000%,-0.0008,0.951,-0.1274,0.3527,5.9476%,6.0202%,2.3971%,0.003759,JOB,46834.0,2019-03-01,252.0,0.0000%,-0.0008,0.9504,-0.1283,0.3538,5.9477%,6.0198%,2.3832%,-0.005157,JOB,-0.17994,-0.1689359999999999,-0.281703,-0.2096289999999999,-0.2248749999999999
28515,KELLOGG CO,Kellogg's Seeks Stake in Indian Snack Maker Haldiram's,6,increase,0.7,0.6,"kellogg's seeking a stake in a popular indian snack maker like haldiram's could enhance its market presence in a growing segment, likely boosting investor confidence and stock price.",2,2019-02-14,K,2019-02-14 09:36:00+00:00,26825.0,48783610,-0.0066713001579046,3394241.0,0.0037115425802767,0.0076065859757363,0.0110934535041451,0.0154481884092092,0.017938045784831,0.005599666852504,-0.0020530184265226,-0.0085959807038307,-0.0274301767349243,-0.0561189949512481,-0.0188612677156925,0.0003381883434485,0.0046711880713701,0.0037338973488658,-0.0028612276073545,0.0037478262092918,0.0089670019224286,-0.005253305658698,0.0103093115612864,0.0204045735299587,-0.0293807089328765,-0.0068692723289132,0.0029298635199666,0.0018926464254036,-0.0054774372838437,0.005884391721338,-0.0031210202723741,0.002081146929413,0.0047882529906928,-0.0248604975640773,-0.0075146597810089,0.0073253884911537,0.0001846412051236,-0.0122833512723445,-0.0101550817489624,0.0025303901638835,0.0037306614685803,0.0027063575107604,0.008548580110073,-0.0032035480253398,0.0,0.0131534067913889,0.0025796827394515,-0.0006828425102867,-0.005513678304851,0.004975140094757,0.0437996461987495,0.0058671291917562,0.0046034371480345,0.0010364721529185,-0.0012337593361735,0.0055584451183676,0.0158814452588558,0.0047120498493313,-0.0109432181343436,0.0098695373162627,0.000526915944647,0.001765577122569,0.0071967672556638,-0.0064900708384811,-0.023701649159193,-0.0041921688243746,0.0058907177299261,0.0019251069752499,0.005501355510205,-0.0001750155061017,-0.00370630226098,0.0238266177475452,0.0062001501210033,-0.0315752886235714,0.0123239569365978,0.0055826883763074,-0.0059130461886525,-0.0233429707586765,0.0068229422904551,-0.0027187741361558,-0.0034752523060888,-0.0064156856387853,0.0038361155893653,-0.0187210254371166,0.0135487020015716,-0.0113021889701485,0.0006855341489426,0.0008196596172638,-0.005137852858752,0.0021357166115194,0.006197290495038,0.0094527313485741,-0.0015397801762446,-0.008875754661858,0.0011994463857263,-0.0070181214250624,0.002396018942818,-0.0076125883497297,-0.0107563780620694,-0.0218630749732255,0.0251985322684049,-0.0083268275484442,0.0040403679013252,0.015177889727056,0.0110663957893848,0.0103834113106131,-0.0150912078097462,0.0056224656291306,-0.0338440537452697,0.0121951214969158,-0.015859181061387,-0.0038872961886227,0.0164689272642135,-0.0024236179888248,-0.0043554008007049,0.0029168741311877,0.0017497545341029,0.0003242090751882,0.0094323307275772,-0.00064799800748,0.0147084007039666,-0.0126359714195132,-0.0146657675504684,0.0009606367675587,0.0037115425802767,0.0076065859757363,0.0148461699094648,0.0231722823582496,0.0330505269698613,0.0289017062721719,0.0026510725589852,-0.0371873026835255,0.0045952336687842,-0.0150441422019271,0.0245387808186121,-0.0008770277312187,0.0316808722184398,-0.0800329747356756,2019-02-15,2019-02-19,2019-02-20,2019-02-21,2019-02-22,2019-02-25,2019-02-26,2019-02-27,2019-02-28,2019-03-01,26825.0,2019-02-14,252.0,-0.6671%,-0.0005,0.3926,-0.3575,0.0598,1.3549%,1.4247%,9.5624%,-0.003768,K,26825.0,2019-02-15,252.0,0.3712%,-0.0005,0.3938,-0.3564,0.0618,1.3548%,1.4247%,9.5644%,-0.0002189999999999,K,26825.0,2019-02-19,252.0,1.1093%,-0.0006,0.3879,-0.3377,0.0834,1.3465%,1.4129%,9.1736%,0.011094,K,26825.0,2019-02-20,252.0,1.7938%,-0.0005,0.393,-0.326,0.1015,1.3512%,1.4176%,9.1477%,0.0173849999999999,K,26825.0,2019-02-21,252.0,-0.2053%,-0.0005,0.3938,-0.3243,0.1031,1.3511%,1.4176%,9.1613%,-0.000694,K,26825.0,2019-02-22,252.0,-2.7430%,-0.0005,0.3968,-0.3096,0.1527,1.3576%,1.4227%,8.9398%,-0.026791,K,26825.0,2019-02-25,252.0,-1.8861%,-0.0006,0.397,-0.2998,0.1584,1.3632%,1.4274%,8.7967%,-0.020087,K,26825.0,2019-02-26,252.0,0.4671%,-0.0006,0.3975,-0.3064,0.1554,1.3634%,1.4275%,8.7796%,0.00381,K,26825.0,2019-02-27,252.0,-0.2861%,-0.0006,0.3972,-0.3065,0.1553,1.3634%,1.4269%,8.7047%,-0.00255,K,26825.0,2019-02-28,252.0,0.8967%,-0.0005,0.3833,-0.3156,0.1426,1.3583%,1.4188%,8.3490%,0.010548,K,26825.0,2019-03-01,252.0,1.0309%,-0.0004,0.3791,-0.3218,0.1318,1.3581%,1.4179%,8.2606%,0.008945,K,-0.003987,0.007107,0.0244919999999999,-0.002993,-0.002327
28523,COCA COLA CO,"Coca-Cola shares are trading lower despite a Q4 sales beat, after the company provided FY19 EPS guidance of $2.01-$2.10, below the $2.22 estimate.",6,decrease,0.8,0.7,"the lower-than-expected fy19 eps guidance suggests potential future earnings weakness, which is likely to negatively impact investor sentiment and lead to a decrease in stock price.",0,2019-02-14,KO,2019-02-14 14:53:00+00:00,11308.0,19121610,-0.0843543037772178,58905402.0,-0.0076770884916186,0.0026178224943578,-0.009062772616744,0.0010078459745272,0.0060226772911846,0.002222234616056,0.0168514885008335,0.0016188148874789,-0.0126472264528274,0.0032480685040354,-0.0075088376179337,0.0,-0.0055629732087254,0.0002030116011155,0.0055940928868949,0.0112936189398169,0.0089007904753088,0.0118429185822606,0.0008822433883324,0.0056414636783301,0.0059497677721083,0.0097046215087175,-0.0010953571181744,0.0048760520294308,-0.0032894236501306,-0.0042220978066325,-0.0037404175382107,-0.0067099956795573,-0.0097172847017645,-0.0120157822966575,0.0298840347677469,0.0115255499258637,-0.0028150945436209,0.00231045181863,0.0036916825920343,0.0116871912032365,-0.0025962884537875,0.0029838706832379,-0.0087527688592672,-0.0136641059070825,0.0024282694794237,0.0089077018201351,0.0033032707870006,-0.0040134903974831,-0.0006585292867384,0.005736147519201,-0.0004392808768898,0.0107365259900689,0.0092287845909595,-0.0191659610718488,0.0021771930623799,0.0112885786220431,0.0132522406056523,-0.0130334021523594,-0.000643198553007,0.0199399720877409,-0.0006436125258915,-0.0061794356442987,0.0060111372731626,-0.0088700773194432,-0.0029876097105443,0.0031779175624251,-0.0032106491271406,-0.0069429418072104,-0.0083744768053293,0.0125692412257194,0.0064963023178279,0.0213228799402713,-0.0002151101944036,-0.0338448733091354,0.0017214980907738,0.0006310218595899,0.0025778503622859,-0.0075156702660024,-0.0006427851039916,-0.0086920149624347,0.0015008511254563,-0.0002069550100713,0.0006423162994906,-0.0204701721668243,0.0055626509711146,-0.0026278768200427,-0.0010638135718181,0.005079235881567,0.0070287114940583,-0.0064594205468893,0.0042301346547901,0.0060925921425223,-0.0016848782543092,0.0030556432902812,0.0170885547995567,-0.0058728414587676,-0.0047707851044833,-0.0040338998660445,-0.00291786971502,-0.0022136606276035,0.0087792258709669,-0.0140873584896326,0.0033153719268739,0.0289914663881063,0.0132177453488111,-0.0068396613933146,-0.0095801306888461,0.0068867765367031,-0.0041160890832543,0.0102312257513403,0.0068196286447346,-0.0030600065365433,-0.0051313629373908,0.0059511782601475,-0.0096967443823814,-0.0131632545962929,-0.0031250317115336,-0.0223717540502548,-0.0094043249264359,0.0067769614979624,0.016666604205966,0.0086448825895786,-0.0029051543679088,-0.0004018618201371,-0.0076770884916186,0.0026178224943578,-0.0166702854010044,0.0036283068307481,-0.0107480078591419,0.005858604395841,-0.0067997671790265,0.0107592897581056,-0.0046062540518034,0.0403259565831806,0.0368535540613927,0.051531205581305,0.0631842029896123,0.0085701824407058,2019-02-15,2019-02-19,2019-02-20,2019-02-21,2019-02-22,2019-02-25,2019-02-26,2019-02-27,2019-02-28,2019-03-01,11308.0,2019-02-14,252.0,-8.4354%,0.0003,0.4126,-0.4851,0.1296,0.9289%,1.0481%,21.4512%,-0.080869,KO,11308.0,2019-02-15,252.0,-0.7677%,0.0003,0.4112,-0.4876,0.1256,0.9307%,1.0493%,21.3183%,-0.011849,KO,11308.0,2019-02-19,252.0,-0.9063%,0.0002,0.4061,-0.4887,0.1248,0.9302%,1.0465%,20.9891%,-0.008907,KO,11308.0,2019-02-20,252.0,0.6023%,0.0002,0.4071,-0.4891,0.1276,0.9302%,1.0468%,21.0454%,0.00554,KO,11308.0,2019-02-21,252.0,1.6851%,0.0003,0.3952,-0.5092,0.1057,0.9272%,1.0426%,20.9028%,0.018209,KO,11308.0,2019-02-22,252.0,-1.2647%,0.0003,0.3964,-0.4986,0.129,0.9279%,1.0414%,20.6243%,-0.010961,KO,11308.0,2019-02-25,252.0,-0.7509%,0.0003,0.3969,-0.4933,0.1339,0.9294%,1.0424%,20.5010%,-0.009267,KO,11308.0,2019-02-26,252.0,-0.5563%,0.0002,0.3963,-0.4815,0.1394,0.9304%,1.0404%,20.0240%,-0.007743,KO,11308.0,2019-02-27,252.0,0.5594%,0.0003,0.3997,-0.4858,0.14,0.9300%,1.0409%,20.1766%,0.00622,KO,11308.0,2019-02-28,252.0,0.8901%,0.0004,0.3946,-0.489,0.1339,0.9315%,1.0406%,19.8626%,0.010487,KO,11308.0,2019-03-01,252.0,0.0882%,0.0004,0.3903,-0.4953,0.1274,0.9305%,1.0388%,19.7708%,-9.5e-05,KO,-0.092718,-0.101625,-0.0960849999999999,-0.0888369999999999,-0.0892349999999999
28531,COCA COLA CO,Coca-Cola Sees FY19 Operating Income Growth 10-11% Year Over Year,6,increase,0.8,0.7,"the announcement of a 10-11% growth in operating income year over year is a positive indicator of the company's financial health, likely leading to an increase in stock price.",2,2019-02-14,KO,2019-02-14 11:56:00+00:00,11308.0,19121610,-0.0843543037772178,58905402.0,-0.0076770884916186,0.0026178224943578,-0.009062772616744,0.0010078459745272,0.0060226772911846,0.002222234616056,0.0168514885008335,0.0016188148874789,-0.0126472264528274,0.0032480685040354,-0.0075088376179337,0.0,-0.0055629732087254,0.0002030116011155,0.0055940928868949,0.0112936189398169,0.0089007904753088,0.0118429185822606,0.0008822433883324,0.0056414636783301,0.0059497677721083,0.0097046215087175,-0.0010953571181744,0.0048760520294308,-0.0032894236501306,-0.0042220978066325,-0.0037404175382107,-0.0067099956795573,-0.0097172847017645,-0.0120157822966575,0.0298840347677469,0.0115255499258637,-0.0028150945436209,0.00231045181863,0.0036916825920343,0.0116871912032365,-0.0025962884537875,0.0029838706832379,-0.0087527688592672,-0.0136641059070825,0.0024282694794237,0.0089077018201351,0.0033032707870006,-0.0040134903974831,-0.0006585292867384,0.005736147519201,-0.0004392808768898,0.0107365259900689,0.0092287845909595,-0.0191659610718488,0.0021771930623799,0.0112885786220431,0.0132522406056523,-0.0130334021523594,-0.000643198553007,0.0199399720877409,-0.0006436125258915,-0.0061794356442987,0.0060111372731626,-0.0088700773194432,-0.0029876097105443,0.0031779175624251,-0.0032106491271406,-0.0069429418072104,-0.0083744768053293,0.0125692412257194,0.0064963023178279,0.0213228799402713,-0.0002151101944036,-0.0338448733091354,0.0017214980907738,0.0006310218595899,0.0025778503622859,-0.0075156702660024,-0.0006427851039916,-0.0086920149624347,0.0015008511254563,-0.0002069550100713,0.0006423162994906,-0.0204701721668243,0.0055626509711146,-0.0026278768200427,-0.0010638135718181,0.005079235881567,0.0070287114940583,-0.0064594205468893,0.0042301346547901,0.0060925921425223,-0.0016848782543092,0.0030556432902812,0.0170885547995567,-0.0058728414587676,-0.0047707851044833,-0.0040338998660445,-0.00291786971502,-0.0022136606276035,0.0087792258709669,-0.0140873584896326,0.0033153719268739,0.0289914663881063,0.0132177453488111,-0.0068396613933146,-0.0095801306888461,0.0068867765367031,-0.0041160890832543,0.0102312257513403,0.0068196286447346,-0.0030600065365433,-0.0051313629373908,0.0059511782601475,-0.0096967443823814,-0.0131632545962929,-0.0031250317115336,-0.0223717540502548,-0.0094043249264359,0.0067769614979624,0.016666604205966,0.0086448825895786,-0.0029051543679088,-0.0004018618201371,-0.0076770884916186,0.0026178224943578,-0.0166702854010044,0.0036283068307481,-0.0107480078591419,0.005858604395841,-0.0067997671790265,0.0107592897581056,-0.0046062540518034,0.0403259565831806,0.0368535540613927,0.051531205581305,0.0631842029896123,0.0085701824407058,2019-02-15,2019-02-19,2019-02-20,2019-02-21,2019-02-22,2019-02-25,2019-02-26,2019-02-27,2019-02-28,2019-03-01,11308.0,2019-02-14,252.0,-8.4354%,0.0003,0.4126,-0.4851,0.1296,0.9289%,1.0481%,21.4512%,-0.080869,KO,11308.0,2019-02-15,252.0,-0.7677%,0.0003,0.4112,-0.4876,0.1256,0.9307%,1.0493%,21.3183%,-0.011849,KO,11308.0,2019-02-19,252.0,-0.9063%,0.0002,0.4061,-0.4887,0.1248,0.9302%,1.0465%,20.9891%,-0.008907,KO,11308.0,2019-02-20,252.0,0.6023%,0.0002,0.4071,-0.4891,0.1276,0.9302%,1.0468%,21.0454%,0.00554,KO,11308.0,2019-02-21,252.0,1.6851%,0.0003,0.3952,-0.5092,0.1057,0.9272%,1.0426%,20.9028%,0.018209,KO,11308.0,2019-02-22,252.0,-1.2647%,0.0003,0.3964,-0.4986,0.129,0.9279%,1.0414%,20.6243%,-0.010961,KO,11308.0,2019-02-25,252.0,-0.7509%,0.0003,0.3969,-0.4933,0.1339,0.9294%,1.0424%,20.5010%,-0.009267,KO,11308.0,2019-02-26,252.0,-0.5563%,0.0002,0.3963,-0.4815,0.1394,0.9304%,1.0404%,20.0240%,-0.007743,KO,11308.0,2019-02-27,252.0,0.5594%,0.0003,0.3997,-0.4858,0.14,0.9300%,1.0409%,20.1766%,0.00622,KO,11308.0,2019-02-28,252.0,0.8901%,0.0004,0.3946,-0.489,0.1339,0.9315%,1.0406%,19.8626%,0.010487,KO,11308.0,2019-03-01,252.0,0.0882%,0.0004,0.3903,-0.4953,0.1274,0.9305%,1.0388%,19.7708%,-9.5e-05,KO,-0.092718,-0.101625,-0.0960849999999999,-0.0888369999999999,-0.0892349999999999
28539,COCA COLA CO,Coca-Cola Sees FY19 Organic Sales Growth 4% Year Over Year,6,increase,0.8,0.6,"the reported 4% organic sales growth year over year is a positive indicator of coca-cola's performance, likely leading to increased investor confidence and a rise in stock price.",2,2019-02-14,KO,2019-02-14 11:56:00+00:00,11308.0,19121610,-0.0843543037772178,58905402.0,-0.0076770884916186,0.0026178224943578,-0.009062772616744,0.0010078459745272,0.0060226772911846,0.002222234616056,0.0168514885008335,0.0016188148874789,-0.0126472264528274,0.0032480685040354,-0.0075088376179337,0.0,-0.0055629732087254,0.0002030116011155,0.0055940928868949,0.0112936189398169,0.0089007904753088,0.0118429185822606,0.0008822433883324,0.0056414636783301,0.0059497677721083,0.0097046215087175,-0.0010953571181744,0.0048760520294308,-0.0032894236501306,-0.0042220978066325,-0.0037404175382107,-0.0067099956795573,-0.0097172847017645,-0.0120157822966575,0.0298840347677469,0.0115255499258637,-0.0028150945436209,0.00231045181863,0.0036916825920343,0.0116871912032365,-0.0025962884537875,0.0029838706832379,-0.0087527688592672,-0.0136641059070825,0.0024282694794237,0.0089077018201351,0.0033032707870006,-0.0040134903974831,-0.0006585292867384,0.005736147519201,-0.0004392808768898,0.0107365259900689,0.0092287845909595,-0.0191659610718488,0.0021771930623799,0.0112885786220431,0.0132522406056523,-0.0130334021523594,-0.000643198553007,0.0199399720877409,-0.0006436125258915,-0.0061794356442987,0.0060111372731626,-0.0088700773194432,-0.0029876097105443,0.0031779175624251,-0.0032106491271406,-0.0069429418072104,-0.0083744768053293,0.0125692412257194,0.0064963023178279,0.0213228799402713,-0.0002151101944036,-0.0338448733091354,0.0017214980907738,0.0006310218595899,0.0025778503622859,-0.0075156702660024,-0.0006427851039916,-0.0086920149624347,0.0015008511254563,-0.0002069550100713,0.0006423162994906,-0.0204701721668243,0.0055626509711146,-0.0026278768200427,-0.0010638135718181,0.005079235881567,0.0070287114940583,-0.0064594205468893,0.0042301346547901,0.0060925921425223,-0.0016848782543092,0.0030556432902812,0.0170885547995567,-0.0058728414587676,-0.0047707851044833,-0.0040338998660445,-0.00291786971502,-0.0022136606276035,0.0087792258709669,-0.0140873584896326,0.0033153719268739,0.0289914663881063,0.0132177453488111,-0.0068396613933146,-0.0095801306888461,0.0068867765367031,-0.0041160890832543,0.0102312257513403,0.0068196286447346,-0.0030600065365433,-0.0051313629373908,0.0059511782601475,-0.0096967443823814,-0.0131632545962929,-0.0031250317115336,-0.0223717540502548,-0.0094043249264359,0.0067769614979624,0.016666604205966,0.0086448825895786,-0.0029051543679088,-0.0004018618201371,-0.0076770884916186,0.0026178224943578,-0.0166702854010044,0.0036283068307481,-0.0107480078591419,0.005858604395841,-0.0067997671790265,0.0107592897581056,-0.0046062540518034,0.0403259565831806,0.0368535540613927,0.051531205581305,0.0631842029896123,0.0085701824407058,2019-02-15,2019-02-19,2019-02-20,2019-02-21,2019-02-22,2019-02-25,2019-02-26,2019-02-27,2019-02-28,2019-03-01,11308.0,2019-02-14,252.0,-8.4354%,0.0003,0.4126,-0.4851,0.1296,0.9289%,1.0481%,21.4512%,-0.080869,KO,11308.0,2019-02-15,252.0,-0.7677%,0.0003,0.4112,-0.4876,0.1256,0.9307%,1.0493%,21.3183%,-0.011849,KO,11308.0,2019-02-19,252.0,-0.9063%,0.0002,0.4061,-0.4887,0.1248,0.9302%,1.0465%,20.9891%,-0.008907,KO,11308.0,2019-02-20,252.0,0.6023%,0.0002,0.4071,-0.4891,0.1276,0.9302%,1.0468%,21.0454%,0.00554,KO,11308.0,2019-02-21,252.0,1.6851%,0.0003,0.3952,-0.5092,0.1057,0.9272%,1.0426%,20.9028%,0.018209,KO,11308.0,2019-02-22,252.0,-1.2647%,0.0003,0.3964,-0.4986,0.129,0.9279%,1.0414%,20.6243%,-0.010961,KO,11308.0,2019-02-25,252.0,-0.7509%,0.0003,0.3969,-0.4933,0.1339,0.9294%,1.0424%,20.5010%,-0.009267,KO,11308.0,2019-02-26,252.0,-0.5563%,0.0002,0.3963,-0.4815,0.1394,0.9304%,1.0404%,20.0240%,-0.007743,KO,11308.0,2019-02-27,252.0,0.5594%,0.0003,0.3997,-0.4858,0.14,0.9300%,1.0409%,20.1766%,0.00622,KO,11308.0,2019-02-28,252.0,0.8901%,0.0004,0.3946,-0.489,0.1339,0.9315%,1.0406%,19.8626%,0.010487,KO,11308.0,2019-03-01,252.0,0.0882%,0.0004,0.3903,-0.4953,0.1274,0.9305%,1.0388%,19.7708%,-9.5e-05,KO,-0.092718,-0.101625,-0.0960849999999999,-0.0888369999999999,-0.0892349999999999
28547,COCA COLA CO,"Coca-Cola Q4 EPS $0.43, Inline, Sales $7.1B Beat $7.03B Estimate",6,increase,0.7,0.5,"the sales beat expectations, which is generally viewed positively by investors, potentially leading to an increase in stock price.",2,2019-02-14,KO,2019-02-14 11:55:00+00:00,11308.0,19121610,-0.0843543037772178,58905402.0,-0.0076770884916186,0.0026178224943578,-0.009062772616744,0.0010078459745272,0.0060226772911846,0.002222234616056,0.0168514885008335,0.0016188148874789,-0.0126472264528274,0.0032480685040354,-0.0075088376179337,0.0,-0.0055629732087254,0.0002030116011155,0.0055940928868949,0.0112936189398169,0.0089007904753088,0.0118429185822606,0.0008822433883324,0.0056414636783301,0.0059497677721083,0.0097046215087175,-0.0010953571181744,0.0048760520294308,-0.0032894236501306,-0.0042220978066325,-0.0037404175382107,-0.0067099956795573,-0.0097172847017645,-0.0120157822966575,0.0298840347677469,0.0115255499258637,-0.0028150945436209,0.00231045181863,0.0036916825920343,0.0116871912032365,-0.0025962884537875,0.0029838706832379,-0.0087527688592672,-0.0136641059070825,0.0024282694794237,0.0089077018201351,0.0033032707870006,-0.0040134903974831,-0.0006585292867384,0.005736147519201,-0.0004392808768898,0.0107365259900689,0.0092287845909595,-0.0191659610718488,0.0021771930623799,0.0112885786220431,0.0132522406056523,-0.0130334021523594,-0.000643198553007,0.0199399720877409,-0.0006436125258915,-0.0061794356442987,0.0060111372731626,-0.0088700773194432,-0.0029876097105443,0.0031779175624251,-0.0032106491271406,-0.0069429418072104,-0.0083744768053293,0.0125692412257194,0.0064963023178279,0.0213228799402713,-0.0002151101944036,-0.0338448733091354,0.0017214980907738,0.0006310218595899,0.0025778503622859,-0.0075156702660024,-0.0006427851039916,-0.0086920149624347,0.0015008511254563,-0.0002069550100713,0.0006423162994906,-0.0204701721668243,0.0055626509711146,-0.0026278768200427,-0.0010638135718181,0.005079235881567,0.0070287114940583,-0.0064594205468893,0.0042301346547901,0.0060925921425223,-0.0016848782543092,0.0030556432902812,0.0170885547995567,-0.0058728414587676,-0.0047707851044833,-0.0040338998660445,-0.00291786971502,-0.0022136606276035,0.0087792258709669,-0.0140873584896326,0.0033153719268739,0.0289914663881063,0.0132177453488111,-0.0068396613933146,-0.0095801306888461,0.0068867765367031,-0.0041160890832543,0.0102312257513403,0.0068196286447346,-0.0030600065365433,-0.0051313629373908,0.0059511782601475,-0.0096967443823814,-0.0131632545962929,-0.0031250317115336,-0.0223717540502548,-0.0094043249264359,0.0067769614979624,0.016666604205966,0.0086448825895786,-0.0029051543679088,-0.0004018618201371,-0.0076770884916186,0.0026178224943578,-0.0166702854010044,0.0036283068307481,-0.0107480078591419,0.005858604395841,-0.0067997671790265,0.0107592897581056,-0.0046062540518034,0.0403259565831806,0.0368535540613927,0.051531205581305,0.0631842029896123,0.0085701824407058,2019-02-15,2019-02-19,2019-02-20,2019-02-21,2019-02-22,2019-02-25,2019-02-26,2019-02-27,2019-02-28,2019-03-01,11308.0,2019-02-14,252.0,-8.4354%,0.0003,0.4126,-0.4851,0.1296,0.9289%,1.0481%,21.4512%,-0.080869,KO,11308.0,2019-02-15,252.0,-0.7677%,0.0003,0.4112,-0.4876,0.1256,0.9307%,1.0493%,21.3183%,-0.011849,KO,11308.0,2019-02-19,252.0,-0.9063%,0.0002,0.4061,-0.4887,0.1248,0.9302%,1.0465%,20.9891%,-0.008907,KO,11308.0,2019-02-20,252.0,0.6023%,0.0002,0.4071,-0.4891,0.1276,0.9302%,1.0468%,21.0454%,0.00554,KO,11308.0,2019-02-21,252.0,1.6851%,0.0003,0.3952,-0.5092,0.1057,0.9272%,1.0426%,20.9028%,0.018209,KO,11308.0,2019-02-22,252.0,-1.2647%,0.0003,0.3964,-0.4986,0.129,0.9279%,1.0414%,20.6243%,-0.010961,KO,11308.0,2019-02-25,252.0,-0.7509%,0.0003,0.3969,-0.4933,0.1339,0.9294%,1.0424%,20.5010%,-0.009267,KO,11308.0,2019-02-26,252.0,-0.5563%,0.0002,0.3963,-0.4815,0.1394,0.9304%,1.0404%,20.0240%,-0.007743,KO,11308.0,2019-02-27,252.0,0.5594%,0.0003,0.3997,-0.4858,0.14,0.9300%,1.0409%,20.1766%,0.00622,KO,11308.0,2019-02-28,252.0,0.8901%,0.0004,0.3946,-0.489,0.1339,0.9315%,1.0406%,19.8626%,0.010487,KO,11308.0,2019-03-01,252.0,0.0882%,0.0004,0.3903,-0.4953,0.1274,0.9305%,1.0388%,19.7708%,-9.5e-05,KO,-0.092718,-0.101625,-0.0960849999999999,-0.0888369999999999,-0.0892349999999999
28555,LINCOLN ELECTRIC HOLDINGS INC,"Lincoln Electric Holdings Q4 EPS $1.29 Beats $1.20 Estimate, Sales $743.827M Miss $765.91M Estimate",6,uncertain,0.6,0.3,"while the earnings per share (eps) beat estimates, the significant miss in sales could lead to mixed reactions from investors, making the overall impact on the stock price uncertain.",1,2019-02-14,LECO,2019-02-14 12:39:00+00:00,81678.0,53390010,-0.0323653072118759,1113686.0,0.0130584118887782,0.0024444579612463,0.0006783984135836,0.0281014293432235,0.0056497175246477,0.0036688796244561,-0.0164044834673404,-0.002630025614053,0.0059401034377515,-0.0069271023385226,0.0062457765452563,-0.0019268479663878,-0.0206523165106773,0.0034118394833058,0.0049550621770322,0.0133687183260917,-0.0090586049482226,0.0038176097441464,0.0031243262346833,-0.0093972003087401,0.0072672422975301,0.0125319315120577,-0.0003435499384067,0.0236369855701923,-0.008133796043694,-0.0116224214434623,-0.0145530393347144,0.0334870442748069,-0.0110173746943473,0.0078258672729134,0.0122067602351307,-0.0071628498844802,-0.0024588070809841,-0.0219662599265575,-0.0003520983736962,0.0223355665802955,-0.0096277995035052,0.018797880038619,0.0011855183402076,0.0028525779489427,0.0149200968444347,-0.0065303891897201,0.0001166974252555,-0.0155264278873801,-0.0157489329576492,-0.0030233401339501,0.0075856270268559,0.0098925894126296,-0.0411716252565383,0.0134917236864566,0.0007360760355368,0.0207201428711414,0.0126271760091185,0.0045691155828535,0.0064164502546191,0.0364378355443477,0.0095031848177313,-0.0289948172867298,0.0050330236554145,-0.0071020615287125,0.0258733537048101,0.0196559764444828,0.0086006261408329,-0.0006422176375053,0.0140585526823997,0.0157880876213312,0.0075000417418777,0.0515916906297206,0.0107150562107563,-0.0382686927914619,0.0010043113725259,-0.004858867265284,-0.0056855576112866,-0.0114240851253271,-0.0047091129235923,-0.0366433262825012,0.0118283554911613,0.0113837784156203,0.004675998352468,-0.014337383210659,-0.0138519508764147,-0.0101197054609656,0.0094393072649836,-0.0084434952586889,-0.0014472323236986,0.0155337387695908,0.0201784316450357,0.0111837061122059,-0.0464430116117,-0.0048768213018774,0.0,-0.0331277698278427,0.0130643974989652,0.003640279173851,-0.0187783222645521,-0.0472831949591636,0.008185370825231,0.0063991048373281,0.0059463041834533,0.0183648746460676,-0.0079573104158043,-0.0049516409635543,-0.0131774256005883,0.0277474969625473,0.0047607528977096,-0.0156249711290001,0.0195308271795511,0.0231876224279403,-0.0146225448697805,-0.0075096311047673,-0.0230070166289806,0.0101553183048963,-0.0113034155219793,-0.010891854763031,-0.0004763714969158,-0.0173623394221067,-0.0044084684923291,0.0019063032232224,-0.0319530665874481,0.0153641011565923,0.0130584118887782,0.0024444579612463,0.0137456691082711,0.0306145800671504,0.0194730457805678,0.0343957809006263,0.0087055505330859,0.0245287731635768,-0.0069874052182458,0.0339216020580963,-0.0338789758034481,0.1441978797970331,-0.0682064334264652,0.0980926748906374,2019-02-15,2019-02-19,2019-02-20,2019-02-21,2019-02-22,2019-02-25,2019-02-26,2019-02-27,2019-02-28,2019-03-01,81678.0,2019-02-14,252.0,-3.2365%,-0.0001,1.2096,0.3486,0.3142,0.9997%,1.5885%,60.3942%,-0.030122,LECO,81678.0,2019-02-15,252.0,1.3058%,-0.0001,1.2116,0.35,0.3169,0.9994%,1.5874%,60.3605%,-0.00309,LECO,81678.0,2019-02-19,252.0,0.0678%,-0.0002,1.2046,0.3566,0.3249,0.9917%,1.5745%,60.3295%,-0.003689,LECO,81678.0,2019-02-20,252.0,0.5650%,-0.0,1.2072,0.3735,0.3371,0.9787%,1.5680%,61.0459%,0.000689,LECO,81678.0,2019-02-21,252.0,-1.6404%,-0.0001,1.2091,0.375,0.3408,0.9810%,1.5699%,60.9477%,-0.011001,LECO,81678.0,2019-02-22,252.0,0.5940%,-0.0001,1.2093,0.3659,0.335,0.9801%,1.5699%,61.0278%,0.0009279999999999,LECO,81678.0,2019-02-25,252.0,0.6246%,-0.0001,1.2104,0.364,0.3379,0.9790%,1.5696%,61.0938%,0.005886,LECO,81678.0,2019-02-26,252.0,-2.0652%,-0.0001,1.2228,0.3732,0.3519,0.9789%,1.5750%,61.3733%,-0.015371,LECO,81678.0,2019-02-27,252.0,0.4955%,-0.0,1.2293,0.3627,0.353,0.9748%,1.5752%,61.7020%,0.003468,LECO,81678.0,2019-02-28,252.0,-0.9059%,-0.0,1.2284,0.3619,0.3533,0.9750%,1.5715%,61.5074%,-0.0045379999999999,LECO,81678.0,2019-03-01,252.0,0.3124%,-0.0,1.2236,0.3547,0.3484,0.9748%,1.5652%,61.2134%,-0.0054459999999999,LECO,-0.033212,-0.0369009999999999,-0.0362119999999999,-0.0462849999999999,-0.0622859999999999
28563,LILLY ELI & CO,"Eli Lilly, Boehringer Ingelheim Report CAROLINA Trial Of Tradjenta Met Primary Endpoint, Showed 'no increased cardiovascular risk compared with glimepiride in adults with type 2 diabetes and cardiovascular risk'",6,increase,0.8,0.6,the positive results of the carolina trial indicating no increased cardiovascular risk for tradjenta compared to glimepiride may boost investor confidence in eli lilly's product portfolio and its market position in diabetes treatment.,2,2019-02-14,LLY,2019-02-14 11:31:00+00:00,50876.0,53245710,0.0145841911435127,17847187.0,0.0143271498382091,0.0013390548992902,-0.0028576592449098,0.0125412736088037,0.004339690785855,-0.0132942842319607,0.0004891370772384,0.0178723279386758,0.0104302372783422,-0.0148402508348226,-0.0008871016907505,-0.0096321813762187,0.0062958979979157,0.0021636192686855,0.0081014046445488,-0.0059558376669883,0.0048536011017858,0.0085933487862348,0.0201915856450796,0.0249700546264648,-0.0107109379023313,0.010630052536726,0.0080810170620679,0.0059115039184689,-0.0140867391601204,0.000521854031831,-0.0026839592028409,-0.000173898981302,0.0028494587168097,-0.031989250332117,-0.0252564884722232,0.0145187862217426,0.0,0.0042885327711701,0.0065586846321821,-0.0215677004307508,-0.0098945843055844,0.0202054847031831,0.0069873300381004,-0.0024766700807958,0.0104889087378978,0.0210149642080068,0.0107792913913726,-0.0129110002890229,0.0124023016542196,0.002070017857477,0.0011703643249347,-0.0108352247625589,-7.789344090269879e-05,0.0074781053699553,0.0122368829324841,0.0091949822381138,0.0088550793007016,0.0054072481580078,-0.0171729493886232,0.0300961825996637,0.0013977842172607,-0.0310759041458368,0.0062814857810735,-0.0072589349001646,-0.0054715741425752,0.0133100198581814,0.0020922452677041,0.0116041945293545,-0.017553387209773,0.0162031073123216,-0.0113341389223933,0.0406557023525238,0.0109863644465804,-0.0244013722985982,0.0013387338258326,0.0011894706403836,0.0006290830206125,0.0016497140750288,-0.0003929222293663,0.0245070476084947,-0.0160390045493841,-0.0171650107949972,-0.0166999921202659,-0.0318949297070503,0.0082886749878525,-0.0255093183368444,-0.0332044064998626,0.0045478772372007,-0.0288429409265518,-0.0013974119210615,-0.0111588248983025,0.0035936862695962,0.0023437871132045,0.0044901785440742,0.0174936912953853,-0.0195096209645271,0.0043408130295574,-0.0058359107933938,0.0019491809653118,-0.0168747901916503,0.0138712618499994,-0.0010114863980561,-0.002252475824207,0.0140170883387327,-0.0214046612381935,0.0127239786088466,0.0097402548417449,0.0114690735936164,0.0023692569229751,0.0163730550557375,-0.013084546662867,-0.004341326188296,-0.0022239510435611,0.0057025696150958,-0.014659228734672,-0.0217050015926361,0.0113972295075655,-0.0094119366258382,-0.0038709414657205,0.0173943229019641,0.0036269270349293,0.0145276729017496,-0.0159180723130703,0.0217648614197969,0.0143271498382091,0.0013390548992902,0.0114285484811109,0.0138971219619632,0.0158178356335052,0.0004180854406339,0.0269151133733238,0.0031860894934367,0.0669978980214311,0.023174270325545,0.074616930321443,0.0339612891085763,-0.0528364174023997,0.0896093652655154,2019-02-15,2019-02-19,2019-02-20,2019-02-21,2019-02-22,2019-02-25,2019-02-26,2019-02-27,2019-02-28,2019-03-01,50876.0,2019-02-14,252.0,1.4584%,0.002,0.7344,-0.59,0.1593,1.1130%,1.3725%,34.2469%,0.020145,LLY,50876.0,2019-02-15,252.0,1.4327%,0.002,0.7327,-0.5909,0.1573,1.1128%,1.3709%,34.1176%,0.006639,LLY,50876.0,2019-02-19,252.0,-0.2858%,0.0019,0.731,-0.5931,0.155,1.1131%,1.3696%,33.9407%,-0.003108,LLY,50876.0,2019-02-20,252.0,0.4340%,0.0019,0.7303,-0.6,0.151,1.1106%,1.3681%,34.0970%,0.003303,LLY,50876.0,2019-02-21,252.0,0.0489%,0.002,0.7238,-0.6129,0.1391,1.1053%,1.3623%,34.1787%,0.003018,LLY,50876.0,2019-02-22,252.0,1.0430%,0.002,0.7228,-0.6185,0.1217,1.1061%,1.3633%,34.1684%,0.011041,LLY,50876.0,2019-02-25,252.0,-0.0887%,0.002,0.7221,-0.6165,0.1203,1.1060%,1.3628%,34.1303%,-0.0034599999999999,LLY,50876.0,2019-02-26,252.0,0.6296%,0.002,0.7188,-0.6158,0.1182,1.1057%,1.3582%,33.7300%,0.003803,LLY,50876.0,2019-02-27,252.0,0.8101%,0.002,0.7167,-0.6102,0.1178,1.1060%,1.3549%,33.3646%,0.008666,LLY,50876.0,2019-02-28,252.0,0.4854%,0.002,0.7087,-0.6155,0.1108,1.1036%,1.3489%,33.0626%,0.0073919999999999,LLY,50876.0,2019-03-01,252.0,2.0192%,0.0022,0.701,-0.6269,0.0919,1.1019%,1.3455%,32.9388%,0.017227,LLY,0.026784,0.023676,0.026979,0.041038,0.074666
28571,LIPOCINE INC,Lipocine Inc. Rpoerts FDA Clearance Of IND to Commence Phase 2 Study Of LPCN 1144 In Biopsy Confirmed NASH Subjects,6,increase,0.8,0.6,the fda clearance for a phase 2 study is a positive development that typically boosts investor confidence and can lead to an increase in stock price.,2,2019-02-14,LPCN,2019-02-14 12:57:00+00:00,14545.0,53630X20,-0.0467836484313011,775388.0,0.036809854209423,-0.0115606822073459,0.0059171537868678,0.0297619476914405,-0.0117647647857666,0.0243902206420898,0.0238095726817846,0.006134963594377,-0.0107557969167828,0.0,-0.0008815812179818,0.0187499821186065,-0.0058823470026254,0.0126582151278853,0.0,-0.018633522093296,0.0295857694000005,0.0,0.0229884833097457,-0.0026018966455012,0.0168539173901081,-0.009693250991404,0.082872986793518,0.0124223483726382,0.0102040721103549,0.012578603811562,0.0404040031135082,-0.0124223483726382,0.0,0.0320513285696506,0.0582524873316288,0.0,0.0321100614964962,-0.0658682733774185,-0.0977777913212776,-0.1117021515965462,0.0788177773356437,0.1823899149894714,0.0228310283273458,0.0063291075639426,-0.0535714849829673,0.0,0.0330189503729343,0.0,0.0045662056654691,0.0,-0.0136363506317138,-0.0246913339942693,0.0138248708099126,0.0519480817019939,-0.0113636795431375,-0.0609756261110305,0.0068966001272201,0.0123456669971346,0.0182648226618766,0.0384615808725357,0.0448430068790912,0.0684930831193924,-0.0085836835205554,0.1230769902467728,-0.008658000268042,0.2149531692266464,0.0131004247814416,-0.0183486063033342,-0.0043103406205773,-0.0521738640964031,-0.0173160005360841,-0.0800000205636024,0.00440528197214,-0.0079365000128746,-0.0372807197272777,-0.0307692028582096,0.0022779565770179,-0.0099764131009578,-0.0409091599285602,0.0023664410691708,0.0094787776470184,-0.0296296887099742,-0.1220657750964165,-0.0287769511342048,-0.1122994869947433,0.0072463699616491,0.0361446179449558,-0.0416667088866233,0.1162790283560753,0.051094926893711,-0.0312499701976776,-0.048611145466566,0.0107526779174804,0.035971276462078,-0.0159574318677187,0.0,-0.0054053999483585,-0.0479452386498451,0.0380434431135654,0.0068965447135269,-0.015706792473793,0.0661764964461326,0.0053191436454653,-0.0354609601199626,-0.0264550019055604,0.0071428506635129,0.0054347771219909,0.0071942377835512,-0.0162161998450756,0.0296296011656522,-0.0054945657029747,-0.0425531528890132,0.0110497791320085,0.0,0.0163934268057346,0.0,-0.0053763389587402,0.0143884755671024,0.0216215997934341,-0.0347222723066806,-0.0158730000257492,0.0212766602635383,-0.0322580970823764,-0.0408163666725158,0.036809854209423,-0.0115606822073459,0.0429448175645201,0.0178571970649621,0.0306748171013393,0.0426829586835157,0.0438650685795825,0.0490797806755165,0.0920245241942798,0.0593483102701577,0.4171778860206709,0.3153846901325892,0.1042944555388636,0.1632653090784463,2019-02-15,2019-02-19,2019-02-20,2019-02-21,2019-02-22,2019-02-25,2019-02-26,2019-02-27,2019-02-28,2019-03-01,14545.0,2019-02-14,252.0,-4.6784%,0.0021,-0.2909,0.3251,-0.4457,5.0756%,5.0907%,0.5903%,-0.052121,LPCN,14545.0,2019-02-15,252.0,3.6810%,0.0021,-0.2874,0.3324,-0.4345,5.0788%,5.0935%,0.5794%,0.041323,LPCN,14545.0,2019-02-19,252.0,0.5917%,0.002,-0.2934,0.345,-0.4198,5.0769%,5.0919%,0.5883%,0.006703,LPCN,14545.0,2019-02-20,252.0,-1.1765%,0.002,-0.2965,0.3394,-0.4303,5.0774%,5.0927%,0.5976%,-0.009757,LPCN,14545.0,2019-02-21,252.0,2.3810%,0.0023,-0.3215,0.2928,-0.4763,5.0663%,5.0826%,0.6402%,0.02186,LPCN,14545.0,2019-02-22,252.0,-1.0756%,0.0023,-0.3189,0.2952,-0.4431,5.0677%,5.0833%,0.6120%,-0.017379,LPCN,14545.0,2019-02-25,252.0,-0.0882%,0.0025,-0.3268,0.2887,-0.4759,5.0495%,5.0662%,0.6543%,-0.000533,LPCN,14545.0,2019-02-26,252.0,-0.5882%,0.0023,-0.3575,0.3305,-0.4776,5.0383%,5.0573%,0.7514%,-0.006228,LPCN,14545.0,2019-02-27,252.0,0.0000%,0.002,-0.3841,0.3767,-0.4821,5.0241%,5.0458%,0.8586%,-0.000979,LPCN,14545.0,2019-02-28,252.0,2.9586%,0.0015,-0.306,0.4312,-0.4312,4.9304%,4.9490%,0.7487%,0.0270149999999999,LPCN,14545.0,2019-03-01,252.0,2.2988%,0.0006,-0.1516,0.6609,-0.2018,4.6779%,4.6955%,0.7474%,0.022126,LPCN,-0.010798,-0.004095,-0.013852,-0.009371,0.0320299999999999
28579,MASTERCARD INC,"Retail Activity Plunges, Raising Questions About The Strength Of The Economy",6,decrease,0.8,0.7,"a plunge in retail activity suggests weaker consumer spending, which could negatively impact mastercard's transaction volumes and revenue.",0,2019-02-14,MA,2019-02-14 20:30:00+00:00,91233.0,57636Q10,-0.0033100377768278,2875629.0,0.0104635963216424,0.0074459346942603,-0.0068434751592576,0.0083371605724096,0.0023573338985443,0.002400980098173,-0.0081407586112618,0.0121979741379618,0.0182846654206514,-0.0061774351634085,0.0,-0.0025942628271877,0.0030449249316006,0.0044204406440258,0.0025446754880249,0.0053328312933444,0.0008905772701837,0.0125041408464312,0.0110334819182753,0.0348495282232761,-0.0042244521901011,0.023991160094738,-0.0003093025297857,-0.0045963139273226,-0.0077358321286737,-0.0136986235156655,-0.0091771623119711,0.0157666020095348,-0.0024279868230223,0.0072598294354975,0.0169919524341821,-0.0055650286376476,0.0057614035904407,-0.0125742238014936,0.0068740528076887,0.0134965758770704,0.004420107230544,0.0077867889776825,0.0072328164242208,0.0063606756739318,-0.0033741348888725,0.0055775041691958,0.0026910677552223,-0.0023991896305233,-0.0048482539132237,-0.0053313178941607,0.026012422516942,0.0060274438001215,-0.0216644797474145,0.0181506425142288,-0.0014733764110133,0.0072691012173891,0.0124554950743913,0.0076939649879932,-0.0033005659934133,0.0473562330007553,0.0100636342540383,-0.0451144315302372,0.0025121192447841,0.0057779573835432,0.0152898961678147,0.0133755384013056,0.0008784415549598,-0.0134082287549972,-0.0013792603276669,0.0121225649490952,-0.0120118660852313,0.0674491822719574,0.0024146714713424,-0.003082416485995,-0.0001267827319679,-0.0411581397056579,-0.0015236830804497,-0.0235677026212215,0.0048747146502137,-0.0234330426901578,-0.0043027261272072,0.0060908566229045,0.0118200667202472,-0.0249833855777978,0.0013398319715633,-0.0182448979467153,0.0039305980317294,-0.0066403048112988,0.0037902605254203,0.0128956595435738,-0.0004564340633805,-0.0016156319761648,0.0089667635038495,0.0079389186576008,0.0018103370675817,-0.0319720432162284,0.007392450235784,0.0124694490805268,0.0013046081876382,-0.0446487888693809,0.0043564676307141,0.0437160842120647,0.0018242752412334,0.0224245078861713,0.0287702847272157,-0.0277832467108964,-0.0215937905013561,0.0481915399432182,-0.006271346937865,0.0058899638243019,0.0030745358671993,0.0506571717560291,0.002782829105854,-0.0269636437296867,-0.0143983345478773,0.0032075596973299,0.0011017884826287,-0.0117286620661616,-8.154025999829173e-05,-0.0490353442728519,0.0086421063169837,-0.0083205290138721,-0.0244513116776943,0.0158417094498872,0.0104635963216423,0.0074459346942603,0.003548513800881,0.0158451732198277,0.0059142127312976,0.0182841972635536,0.0159683813792472,0.0243380870116025,0.0338474257101859,0.0809723987530834,0.0711523574855457,0.1710495776741987,0.0996640042362384,0.1181217510771084,2019-02-15,2019-02-19,2019-02-20,2019-02-21,2019-02-22,2019-02-25,2019-02-26,2019-02-27,2019-02-28,2019-03-01,91233.0,2019-02-14,252.0,-0.3310%,0.0005,1.1862,-0.3415,-0.8986,0.8854%,1.7847%,75.3860%,-0.004394,MA,91233.0,2019-02-15,252.0,1.0464%,0.0006,1.1867,-0.3408,-0.8976,0.8855%,1.7838%,75.3583%,0.002126,MA,91233.0,2019-02-19,252.0,-0.6843%,0.0006,1.1881,-0.3483,-0.9062,0.8847%,1.7831%,75.3837%,-0.0055169999999999,MA,91233.0,2019-02-20,252.0,0.2357%,0.0006,1.1889,-0.3498,-0.9043,0.8841%,1.7829%,75.4099%,0.00575,MA,91233.0,2019-02-21,252.0,-0.8141%,0.0005,1.1911,-0.3469,-0.9003,0.8850%,1.7837%,75.3813%,-0.006167,MA,91233.0,2019-02-22,252.0,1.8285%,0.0005,1.1908,-0.3365,-0.8933,0.8836%,1.7832%,75.4448%,-0.000884,MA,91233.0,2019-02-25,252.0,0.0000%,0.0005,1.1908,-0.3341,-0.8922,0.8842%,1.7832%,75.4136%,-0.004369,MA,91233.0,2019-02-26,252.0,0.3045%,0.0005,1.1942,-0.3363,-0.8908,0.8836%,1.7807%,75.3792%,-0.0002319999999999,MA,91233.0,2019-02-27,252.0,0.2545%,0.0006,1.1961,-0.3396,-0.8904,0.8831%,1.7794%,75.3665%,0.00094,MA,91233.0,2019-02-28,252.0,0.0891%,0.0006,1.1974,-0.3386,-0.8899,0.8830%,1.7777%,75.3294%,0.00234,MA,91233.0,2019-03-01,252.0,1.1033%,0.0005,1.2018,-0.3321,-0.8827,0.8817%,1.7788%,75.4298%,-0.0002549999999999,MA,-0.002268,-0.0077849999999999,-0.0020349999999999,-0.009086,-0.010662
28587,MASTERCARD INC,JANA 13F Shows New 80K Share Stake In Mastercard,6,increase,0.7,0.6,"the news of jana acquiring an 80k share stake in mastercard suggests institutional confidence in the company's future, which could positively influence investor sentiment and drive the stock price up.",2,2019-02-14,MA,2019-02-14 14:35:00+00:00,91233.0,57636Q10,-0.0033100377768278,2875629.0,0.0104635963216424,0.0074459346942603,-0.0068434751592576,0.0083371605724096,0.0023573338985443,0.002400980098173,-0.0081407586112618,0.0121979741379618,0.0182846654206514,-0.0061774351634085,0.0,-0.0025942628271877,0.0030449249316006,0.0044204406440258,0.0025446754880249,0.0053328312933444,0.0008905772701837,0.0125041408464312,0.0110334819182753,0.0348495282232761,-0.0042244521901011,0.023991160094738,-0.0003093025297857,-0.0045963139273226,-0.0077358321286737,-0.0136986235156655,-0.0091771623119711,0.0157666020095348,-0.0024279868230223,0.0072598294354975,0.0169919524341821,-0.0055650286376476,0.0057614035904407,-0.0125742238014936,0.0068740528076887,0.0134965758770704,0.004420107230544,0.0077867889776825,0.0072328164242208,0.0063606756739318,-0.0033741348888725,0.0055775041691958,0.0026910677552223,-0.0023991896305233,-0.0048482539132237,-0.0053313178941607,0.026012422516942,0.0060274438001215,-0.0216644797474145,0.0181506425142288,-0.0014733764110133,0.0072691012173891,0.0124554950743913,0.0076939649879932,-0.0033005659934133,0.0473562330007553,0.0100636342540383,-0.0451144315302372,0.0025121192447841,0.0057779573835432,0.0152898961678147,0.0133755384013056,0.0008784415549598,-0.0134082287549972,-0.0013792603276669,0.0121225649490952,-0.0120118660852313,0.0674491822719574,0.0024146714713424,-0.003082416485995,-0.0001267827319679,-0.0411581397056579,-0.0015236830804497,-0.0235677026212215,0.0048747146502137,-0.0234330426901578,-0.0043027261272072,0.0060908566229045,0.0118200667202472,-0.0249833855777978,0.0013398319715633,-0.0182448979467153,0.0039305980317294,-0.0066403048112988,0.0037902605254203,0.0128956595435738,-0.0004564340633805,-0.0016156319761648,0.0089667635038495,0.0079389186576008,0.0018103370675817,-0.0319720432162284,0.007392450235784,0.0124694490805268,0.0013046081876382,-0.0446487888693809,0.0043564676307141,0.0437160842120647,0.0018242752412334,0.0224245078861713,0.0287702847272157,-0.0277832467108964,-0.0215937905013561,0.0481915399432182,-0.006271346937865,0.0058899638243019,0.0030745358671993,0.0506571717560291,0.002782829105854,-0.0269636437296867,-0.0143983345478773,0.0032075596973299,0.0011017884826287,-0.0117286620661616,-8.154025999829173e-05,-0.0490353442728519,0.0086421063169837,-0.0083205290138721,-0.0244513116776943,0.0158417094498872,0.0104635963216423,0.0074459346942603,0.003548513800881,0.0158451732198277,0.0059142127312976,0.0182841972635536,0.0159683813792472,0.0243380870116025,0.0338474257101859,0.0809723987530834,0.0711523574855457,0.1710495776741987,0.0996640042362384,0.1181217510771084,2019-02-15,2019-02-19,2019-02-20,2019-02-21,2019-02-22,2019-02-25,2019-02-26,2019-02-27,2019-02-28,2019-03-01,91233.0,2019-02-14,252.0,-0.3310%,0.0005,1.1862,-0.3415,-0.8986,0.8854%,1.7847%,75.3860%,-0.004394,MA,91233.0,2019-02-15,252.0,1.0464%,0.0006,1.1867,-0.3408,-0.8976,0.8855%,1.7838%,75.3583%,0.002126,MA,91233.0,2019-02-19,252.0,-0.6843%,0.0006,1.1881,-0.3483,-0.9062,0.8847%,1.7831%,75.3837%,-0.0055169999999999,MA,91233.0,2019-02-20,252.0,0.2357%,0.0006,1.1889,-0.3498,-0.9043,0.8841%,1.7829%,75.4099%,0.00575,MA,91233.0,2019-02-21,252.0,-0.8141%,0.0005,1.1911,-0.3469,-0.9003,0.8850%,1.7837%,75.3813%,-0.006167,MA,91233.0,2019-02-22,252.0,1.8285%,0.0005,1.1908,-0.3365,-0.8933,0.8836%,1.7832%,75.4448%,-0.000884,MA,91233.0,2019-02-25,252.0,0.0000%,0.0005,1.1908,-0.3341,-0.8922,0.8842%,1.7832%,75.4136%,-0.004369,MA,91233.0,2019-02-26,252.0,0.3045%,0.0005,1.1942,-0.3363,-0.8908,0.8836%,1.7807%,75.3792%,-0.0002319999999999,MA,91233.0,2019-02-27,252.0,0.2545%,0.0006,1.1961,-0.3396,-0.8904,0.8831%,1.7794%,75.3665%,0.00094,MA,91233.0,2019-02-28,252.0,0.0891%,0.0006,1.1974,-0.3386,-0.8899,0.8830%,1.7777%,75.3294%,0.00234,MA,91233.0,2019-03-01,252.0,1.1033%,0.0005,1.2018,-0.3321,-0.8827,0.8817%,1.7788%,75.4298%,-0.0002549999999999,MA,-0.002268,-0.0077849999999999,-0.0020349999999999,-0.009086,-0.010662
28595,MERCER INTERNATIONAL INC,"Mercer International Q4 EPS $0.68 Misses $0.77 Estimate, Sales $412.225M Beat $406.27M Estimate",6,decrease,0.7,0.6,"the earnings per share (eps) miss the estimate, which is likely to negatively impact investor sentiment despite the sales beat.",0,2019-02-14,MERC,2019-02-14 21:31:00+00:00,75578.0,58805610,-0.0241199396550655,932088.0,0.0006679542711935,0.0233489256352186,-0.0140186306089162,0.0431454330682754,0.0304671488702297,-0.018442653119564,-0.0328515097498893,-0.0167897921055555,-0.0047554788179695,0.0026936000213027,0.0238908119499683,0.013651929795742,-0.0173333492130041,0.0096484757959842,-0.0088195465505123,0.007638931274414,-0.0198494158685207,-0.0250508338212966,-0.0027932934463024,0.0335899591445922,0.0007002961356192,-0.0117565747350454,-0.0062981210649013,0.0126050636172294,-0.0366196855902671,-0.0027932934463024,-0.0146199380978941,0.0063246772624552,-0.0037091423291713,0.0128113413229584,0.023082610219717,-0.0383298769593238,-0.0050945919938385,-0.010832822881639,0.0036576583515852,0.0207325629889965,-0.0153061253949999,0.0372760184109211,0.0288674607872963,0.189258337020874,0.0071942722424864,0.0191137548536062,-0.0157143045216798,-0.0077586336992681,0.0014514120994135,0.0104530351236462,0.0239130370318889,0.0259159933775663,-0.0382165573537349,0.0389971323311328,0.0022074859589338,-0.0119265289977192,-0.0150513891130685,0.0130110951140523,0.0210684519261121,0.0296651124954223,0.00810616184026,-0.0187793262302875,-0.0124269062653183,0.0201149471104145,0.0318282283842563,0.010648563504219,-0.0064561837352812,0.004863831680268,0.0238267090171575,-0.0029098629020154,0.0035260391887277,0.0585216283798217,-0.0091355703771114,0.0061982916668057,-0.0056737530976533,-0.0319999679923057,-0.0114123253151774,-0.0521327182650566,0.0216450355947017,-0.0276497863233089,0.0331921093165874,-0.0154265034943819,0.0082023162394762,-0.0307827107608318,-0.0155931897461414,0.0115658463910222,0.0220385454595089,-0.0393162444233894,-0.0208895150572061,0.040017582476139,-0.015829287469387,-0.0306905098259449,-0.0230769179761409,-0.0208681151270866,0.0093056634068489,-0.0346495024859905,0.0021276406478136,0.0230832416564226,-0.0304317269474268,-0.0288230311125516,0.0153284696862101,0.0204248372465372,0.0158159788697958,-0.0032573258504271,0.0021231232676655,0.0090385908260941,-0.0077683376148343,0.022689115256071,0.0014234522823244,0.0059171342290937,0.2366737723350525,0.0,0.0126437488943338,-0.0198839921504259,-0.0124858804047107,0.0134340766817331,-0.0160918850451707,-0.0395161099731922,-0.0087617710232734,-0.0282132141292095,-0.0005892887129448,-0.013910305686295,-0.0324292033910751,-0.0122138010337948,0.0006679542711935,0.0233489256352186,-0.0133600401419141,0.0675017582117045,0.0167000663963996,0.0478141935804814,-0.0213761277565832,0.0329966160586339,-0.0460922186249498,0.073477971504319,-0.089040133284509,0.4693487256392519,0.1065026628795966,0.1835029381510093,2019-02-15,2019-02-19,2019-02-20,2019-02-21,2019-02-22,2019-02-25,2019-02-26,2019-02-27,2019-02-28,2019-03-01,75578.0,2019-02-14,252.0,-2.4120%,0.0011,1.1362,0.6865,0.7794,2.4619%,2.7105%,17.5013%,-0.021034,MERC,75578.0,2019-02-15,252.0,0.0668%,0.001,1.1077,0.6589,0.7304,2.4616%,2.6975%,16.7247%,-0.017728,MERC,75578.0,2019-02-19,252.0,-1.4019%,0.0009,1.1097,0.6369,0.7055,2.4619%,2.6980%,16.7380%,-0.020325,MERC,75578.0,2019-02-20,252.0,3.0467%,0.0009,1.1137,0.6363,0.7174,2.4619%,2.6996%,16.8301%,0.0229769999999999,MERC,75578.0,2019-02-21,252.0,-3.2852%,0.0009,1.1103,0.6233,0.7114,2.4622%,2.6974%,16.6785%,-0.026735,MERC,75578.0,2019-02-22,252.0,-0.4755%,0.0008,1.1133,0.5682,0.6961,2.4496%,2.6849%,16.7613%,-0.005043,MERC,75578.0,2019-02-25,252.0,2.3891%,0.0008,1.1146,0.5577,0.6957,2.4530%,2.6881%,16.7265%,0.024851,MERC,75578.0,2019-02-26,252.0,-1.7333%,0.0009,1.1324,0.5552,0.7077,2.4484%,2.6895%,17.1248%,-0.009785,MERC,75578.0,2019-02-27,252.0,-0.8820%,0.0009,1.1351,0.5472,0.7082,2.4490%,2.6901%,17.1209%,-0.010144,MERC,75578.0,2019-02-28,252.0,-1.9849%,0.0008,1.138,0.5487,0.7139,2.4510%,2.6915%,17.0727%,-0.01477,MERC,75578.0,2019-03-01,252.0,-0.2793%,0.0008,1.1366,0.5465,0.7166,2.4519%,2.6898%,16.9056%,-0.009812,MERC,-0.038762,-0.059087,-0.03611,-0.067888,-0.087548
28603,M R C GLOBAL INC,"MRC 8-K Shows FY19 Sales $4.07B-$4.47B vs $4.36B Estimate, EPS $0.80-$1.10 vs $1.01 Est.",6,uncertain,0.6,0.3,"while mrc global's sales guidance is slightly below estimates, the eps range is also below expectations, leading to uncertainty about the overall market reaction.",1,2019-02-14,MRC,2019-02-14 22:32:00+00:00,13343.0,55345K10,-0.0048899706453084,901307.0,0.0976658537983894,0.0199501048773527,0.0257414132356643,0.0151899186894297,0.0278232526034116,0.0219922475516796,-0.0217621996998786,0.0065104416571557,-0.0211611166596412,-0.0321361199021339,-0.0099778436124324,0.004430360160768,-0.0335946455597877,-0.0056639490649104,-0.0086905919015407,0.0146871330216527,-0.0146113382652401,0.0025608169380575,0.0207591019570827,-0.0063613471575081,0.0029053543694317,0.0214424896985292,-0.0127461943775415,0.0085190115496516,-0.020539928227663,-0.013574662618339,-0.0137807931751012,0.0157584194093942,-0.0036451681517064,0.0079417526721954,0.0225610267370939,-0.0282958541065454,0.0119259897619485,-0.0347610414028167,0.022981809452176,0.020912604406476,-0.0155530208721756,0.0246753320097923,-0.0040959445759654,-0.0032362584024667,0.0258518569171428,-0.0025823088362813,-0.0011453924234956,-0.0189993791282177,0.0137614542618393,0.0193673465400934,-0.0016968713607639,0.0258277729153633,-0.0453257374465465,0.0471567474305629,0.0059347404167056,0.0314735732972621,0.0176990684121847,0.058289136737585,0.0057971235364675,0.0409771837294101,0.0195965506136417,-0.007042265497148,-0.0118711693212389,0.0449713990092277,0.0400458127260208,-0.0008170121582224,-0.0011001351522281,0.0016366206109523,-0.0154185397550463,-0.0231814514845609,0.0106264287605881,0.0583756826817989,0.0121749434620142,-0.0581673681735992,0.0010934143792837,-0.0156862586736679,-0.0152921238914132,-0.0470852106809616,0.0210759378969669,-0.0161764901131391,0.0086909206584095,-0.0354609936475753,0.0075390087440609,0.0028449473902583,-0.0069481115788221,-0.0242886487394571,-0.0129171032458543,-0.026351373642683,-0.0087240915745496,0.0220994930714368,0.0060506383888423,-0.000690146931447,0.019682815298438,-0.0262097008526325,0.0042895404621958,-0.01129568554461,-0.0154831297695636,-0.0444444306194782,-0.0227765757590532,-0.0460327193140983,0.0044395071454346,0.049586821347475,-0.0027624941430985,-0.0361519716680049,-0.0398891605436801,-0.0048780441284179,-0.0386612862348556,0.0327455587685108,-0.0186074115335941,-0.0012578305322676,0.0978593453764915,0.03515625,-0.0144846914336085,-0.0266159754246473,-0.0390051156282424,0.028683153912425,-0.0105882529169321,-0.0525015667080879,-0.0077288444153964,-0.0061387582682073,-0.0095865689218044,0.0030788881704211,-0.0266183018684387,0.0291508268564939,0.0976658537983894,0.0199501048773527,0.125921324135692,0.035443064037715,0.157248117548687,0.0582147842277021,0.1081081176546441,0.0308759126027107,0.0571252051040089,0.0407124897982695,0.0737099956660938,0.3376942940684779,-0.0116707976555585,0.0367554447740361,2019-02-15,2019-02-19,2019-02-20,2019-02-21,2019-02-22,2019-02-25,2019-02-26,2019-02-27,2019-02-28,2019-03-01,13343.0,2019-02-14,252.0,-0.4890%,0.0001,1.4346,1.4729,0.9353,1.5661%,2.2014%,49.3911%,-0.004248,MRC,13343.0,2019-02-15,252.0,9.7666%,0.0004,1.4783,1.5201,1.0168,1.6311%,2.2743%,48.5640%,0.073183,MRC,13343.0,2019-02-19,252.0,2.5741%,0.0004,1.4761,1.5367,1.0357,1.6303%,2.2739%,48.5932%,0.015374,MRC,13343.0,2019-02-20,252.0,2.7823%,0.0007,1.4847,1.576,1.0717,1.6068%,2.2673%,49.7793%,0.015842,MRC,13343.0,2019-02-21,252.0,-2.1762%,0.0006,1.4891,1.5821,1.0799,1.6088%,2.2701%,49.7724%,-0.012801,MRC,13343.0,2019-02-22,252.0,-2.1161%,0.0006,1.4916,1.6032,1.1292,1.6112%,2.2732%,49.7626%,-0.0237679999999999,MRC,13343.0,2019-02-25,252.0,-0.9978%,0.0004,1.498,1.6128,1.1577,1.5753%,2.2519%,51.0637%,-0.006114,MRC,13343.0,2019-02-26,252.0,-3.3595%,0.0004,1.5117,1.6238,1.1736,1.5756%,2.2621%,51.4867%,-0.017156,MRC,13343.0,2019-02-27,252.0,-0.8691%,0.0004,1.5151,1.6142,1.1742,1.5766%,2.2628%,51.4551%,-0.011828,MRC,13343.0,2019-02-28,252.0,-1.4611%,0.0003,1.5194,1.6169,1.1791,1.5770%,2.2624%,51.4078%,-0.007402,MRC,13343.0,2019-03-01,252.0,2.0759%,0.0003,1.5255,1.626,1.1842,1.5776%,2.2623%,51.3744%,0.009757,MRC,0.068935,0.084309,0.1001509999999999,0.0635819999999999,0.0308389999999999
28611,M R C GLOBAL INC,"MRC Global Q4 Adj. EPS $0.07 Misses $0.10 Estimate, Sales $1.009B Miss $1.01B Estimate",6,decrease,0.8,0.6,"the company reported lower-than-expected earnings and sales, which typically leads to a negative reaction in stock prices.",0,2019-02-14,MRC,2019-02-14 21:59:00+00:00,13343.0,55345K10,-0.0048899706453084,901307.0,0.0976658537983894,0.0199501048773527,0.0257414132356643,0.0151899186894297,0.0278232526034116,0.0219922475516796,-0.0217621996998786,0.0065104416571557,-0.0211611166596412,-0.0321361199021339,-0.0099778436124324,0.004430360160768,-0.0335946455597877,-0.0056639490649104,-0.0086905919015407,0.0146871330216527,-0.0146113382652401,0.0025608169380575,0.0207591019570827,-0.0063613471575081,0.0029053543694317,0.0214424896985292,-0.0127461943775415,0.0085190115496516,-0.020539928227663,-0.013574662618339,-0.0137807931751012,0.0157584194093942,-0.0036451681517064,0.0079417526721954,0.0225610267370939,-0.0282958541065454,0.0119259897619485,-0.0347610414028167,0.022981809452176,0.020912604406476,-0.0155530208721756,0.0246753320097923,-0.0040959445759654,-0.0032362584024667,0.0258518569171428,-0.0025823088362813,-0.0011453924234956,-0.0189993791282177,0.0137614542618393,0.0193673465400934,-0.0016968713607639,0.0258277729153633,-0.0453257374465465,0.0471567474305629,0.0059347404167056,0.0314735732972621,0.0176990684121847,0.058289136737585,0.0057971235364675,0.0409771837294101,0.0195965506136417,-0.007042265497148,-0.0118711693212389,0.0449713990092277,0.0400458127260208,-0.0008170121582224,-0.0011001351522281,0.0016366206109523,-0.0154185397550463,-0.0231814514845609,0.0106264287605881,0.0583756826817989,0.0121749434620142,-0.0581673681735992,0.0010934143792837,-0.0156862586736679,-0.0152921238914132,-0.0470852106809616,0.0210759378969669,-0.0161764901131391,0.0086909206584095,-0.0354609936475753,0.0075390087440609,0.0028449473902583,-0.0069481115788221,-0.0242886487394571,-0.0129171032458543,-0.026351373642683,-0.0087240915745496,0.0220994930714368,0.0060506383888423,-0.000690146931447,0.019682815298438,-0.0262097008526325,0.0042895404621958,-0.01129568554461,-0.0154831297695636,-0.0444444306194782,-0.0227765757590532,-0.0460327193140983,0.0044395071454346,0.049586821347475,-0.0027624941430985,-0.0361519716680049,-0.0398891605436801,-0.0048780441284179,-0.0386612862348556,0.0327455587685108,-0.0186074115335941,-0.0012578305322676,0.0978593453764915,0.03515625,-0.0144846914336085,-0.0266159754246473,-0.0390051156282424,0.028683153912425,-0.0105882529169321,-0.0525015667080879,-0.0077288444153964,-0.0061387582682073,-0.0095865689218044,0.0030788881704211,-0.0266183018684387,0.0291508268564939,0.0976658537983894,0.0199501048773527,0.125921324135692,0.035443064037715,0.157248117548687,0.0582147842277021,0.1081081176546441,0.0308759126027107,0.0571252051040089,0.0407124897982695,0.0737099956660938,0.3376942940684779,-0.0116707976555585,0.0367554447740361,2019-02-15,2019-02-19,2019-02-20,2019-02-21,2019-02-22,2019-02-25,2019-02-26,2019-02-27,2019-02-28,2019-03-01,13343.0,2019-02-14,252.0,-0.4890%,0.0001,1.4346,1.4729,0.9353,1.5661%,2.2014%,49.3911%,-0.004248,MRC,13343.0,2019-02-15,252.0,9.7666%,0.0004,1.4783,1.5201,1.0168,1.6311%,2.2743%,48.5640%,0.073183,MRC,13343.0,2019-02-19,252.0,2.5741%,0.0004,1.4761,1.5367,1.0357,1.6303%,2.2739%,48.5932%,0.015374,MRC,13343.0,2019-02-20,252.0,2.7823%,0.0007,1.4847,1.576,1.0717,1.6068%,2.2673%,49.7793%,0.015842,MRC,13343.0,2019-02-21,252.0,-2.1762%,0.0006,1.4891,1.5821,1.0799,1.6088%,2.2701%,49.7724%,-0.012801,MRC,13343.0,2019-02-22,252.0,-2.1161%,0.0006,1.4916,1.6032,1.1292,1.6112%,2.2732%,49.7626%,-0.0237679999999999,MRC,13343.0,2019-02-25,252.0,-0.9978%,0.0004,1.498,1.6128,1.1577,1.5753%,2.2519%,51.0637%,-0.006114,MRC,13343.0,2019-02-26,252.0,-3.3595%,0.0004,1.5117,1.6238,1.1736,1.5756%,2.2621%,51.4867%,-0.017156,MRC,13343.0,2019-02-27,252.0,-0.8691%,0.0004,1.5151,1.6142,1.1742,1.5766%,2.2628%,51.4551%,-0.011828,MRC,13343.0,2019-02-28,252.0,-1.4611%,0.0003,1.5194,1.6169,1.1791,1.5770%,2.2624%,51.4078%,-0.007402,MRC,13343.0,2019-03-01,252.0,2.0759%,0.0003,1.5255,1.626,1.1842,1.5776%,2.2623%,51.3744%,0.009757,MRC,0.068935,0.084309,0.1001509999999999,0.0635819999999999,0.0308389999999999
28619,MARIN SOFTWARE INC,Marin Software shares are trading lower after the company reported a year-over-year decrease in sales.,6,decrease,0.85,0.7,"a year-over-year decrease in sales typically signals poor financial performance, which is likely to lead to a decline in stock price.",0,2019-02-14,MRIN,2019-02-14 22:13:00+00:00,13812.0,56804T20,0.0377358123660087,432167.0,-0.3333333134651184,-0.0108864223584532,0.0204544719308614,0.0404530763626098,-0.0913140028715133,0.0147782713174819,-0.0049019563011825,-0.0145630547776818,0.0960590839385986,-0.0535988323390483,-0.0449437797069549,0.0077160787768661,-0.0070588728412985,-0.0106870485469698,-0.0165876056998968,0.0650406628847122,-0.0096385451033711,0.0148515105247497,-0.0072993207722902,-0.0178282223641872,0.01960782520473,0.0232172235846519,0.0,0.0016611675964668,-0.0697115287184715,0.0117647349834442,-0.0051679536700248,0.0067681833170354,0.020779263228178,0.013722114264965,0.0254453290253877,-0.055105373263359,0.0173696503043174,-0.0763472691178321,0.0121951689943671,-0.0696378871798515,0.0216866675764322,0.158064529299736,-0.037735816091299,0.0097719775512814,0.0343136936426162,0.0233333110809326,0.0071090548299252,0.0830324962735176,0.023529389873147,-0.0212013944983482,-0.0045976969413459,-0.0156522002071142,-0.0092378668487071,-0.1314199268817902,0.037296000868082,0.2036363482475281,-0.0022471353877335,0.0476190485060215,-0.0112613039091229,-0.0131579264998436,0.0113895656540989,-0.0827586203813552,0.0292793046683073,0.0922787636518478,0.0153172193095088,-0.1323529332876205,0.0280172675848007,-0.1194244548678398,-0.0020963840652257,-0.0071428841911256,-0.0651261359453201,-0.1194968372583389,0.0247191321104764,-0.1846154034137726,0.054824560880661,0.3617318868637085,0.0436590537428855,0.0766916945576667,0.0258964374661445,0.7876344323158264,-0.0446601957082748,0.4531250298023224,-0.0243902206420898,-0.1578947454690933,-0.0166667494922876,0.1828793883323669,0.0190678294748067,0.0828347355127334,0.0124740004539489,0.0186266303062439,0.0047022802755236,-0.0411523208022117,0.0045167431235313,-0.1290322244167328,0.0213631782680749,-0.0761589482426643,0.0398406013846397,0.0134228058159351,0.003831414040178,0.1732283681631088,-0.0324426740407943,-0.1024734899401665,0.01380664575845,0.1319999694824219,-0.0369649939239025,0.1363120079040527,0.0909091532230377,-0.0221778023988008,-0.0240740943700075,0.0,0.0592029988765716,-0.0217391103506088,0.0175564400851726,-0.004329000134021,0.0035211234353482,0.004347822163254,-0.0140350749716162,0.0222222004085779,-0.012437729164958,-0.0217391103506088,-0.2162303328514099,-0.0688259378075599,-0.080459751188755,-0.1294540613889694,-0.3333333134651184,-0.0108864223584532,-0.3196969984381502,0.0291262647291743,-0.3818181886762681,0.0443349718892889,-0.3257575982620024,-0.0260337016185557,-0.3818181875333412,0.0307941724633993,-0.3075757234388402,0.1977401486111354,-0.3939393852828752,1.241567672580262,2019-02-15,2019-02-19,2019-02-20,2019-02-21,2019-02-22,2019-02-25,2019-02-26,2019-02-27,2019-02-28,2019-03-01,13812.0,2019-02-14,252.0,3.7736%,0.0015,-0.9641,-1.5678,-1.045,8.0344%,8.1192%,2.0792%,0.037966,MRIN,13812.0,2019-02-15,252.0,-33.3333%,-0.0002,-1.2456,-1.8549,-1.5472,8.2509%,8.3794%,3.0426%,-0.313604,MRIN,13812.0,2019-02-19,252.0,2.0454%,-0.0003,-1.2554,-1.8115,-1.4975,8.2468%,8.3746%,3.0269%,0.032742,MRIN,13812.0,2019-02-20,252.0,-9.1314%,-0.0007,-1.279,-1.875,-1.5845,8.2592%,8.3937%,3.1791%,-0.076807,MRIN,13812.0,2019-02-21,252.0,-0.4902%,-0.0003,-1.3121,-1.9456,-1.6451,8.2352%,8.3777%,3.3739%,-0.014691,MRIN,13812.0,2019-02-22,252.0,9.6059%,-0.0002,-1.3231,-1.9821,-1.8108,8.2505%,8.3977%,3.4745%,0.091006,MRIN,13812.0,2019-02-25,252.0,-4.4944%,-0.0004,-1.3243,-1.958,-1.8023,8.2565%,8.4025%,3.4434%,-0.051472,MRIN,13812.0,2019-02-26,252.0,-0.7059%,-0.0004,-1.3018,-1.9416,-1.7772,8.2564%,8.3991%,3.3676%,-0.027756,MRIN,13812.0,2019-02-27,252.0,-1.6588%,-0.0,-1.2605,-2.019,-1.7704,8.2355%,8.3772%,3.3534%,-0.013959,MRIN,13812.0,2019-02-28,252.0,-0.9639%,0.0002,-1.2945,-2.0429,-1.7909,8.2244%,8.3712%,3.4762%,-0.017668,MRIN,13812.0,2019-03-01,252.0,-0.7299%,0.0001,-1.2875,-2.0325,-1.7803,8.2241%,8.3676%,3.4013%,0.000692,MRIN,-0.275638,-0.242896,-0.319703,-0.243388,-0.353551
28627,MARIN SOFTWARE INC,"Marin Software Sees Q1 Sales $12.3M-$12.8M, Adj. Loss $3.7M-$4.2M",6,uncertain,0.6,0.3,"the projected sales and adjusted loss figures suggest mixed signals, as while sales are expected, the losses may concern investors, leading to uncertainty in stock price movement.",1,2019-02-14,MRIN,2019-02-14 21:42:00+00:00,13812.0,56804T20,0.0377358123660087,432167.0,-0.3333333134651184,-0.0108864223584532,0.0204544719308614,0.0404530763626098,-0.0913140028715133,0.0147782713174819,-0.0049019563011825,-0.0145630547776818,0.0960590839385986,-0.0535988323390483,-0.0449437797069549,0.0077160787768661,-0.0070588728412985,-0.0106870485469698,-0.0165876056998968,0.0650406628847122,-0.0096385451033711,0.0148515105247497,-0.0072993207722902,-0.0178282223641872,0.01960782520473,0.0232172235846519,0.0,0.0016611675964668,-0.0697115287184715,0.0117647349834442,-0.0051679536700248,0.0067681833170354,0.020779263228178,0.013722114264965,0.0254453290253877,-0.055105373263359,0.0173696503043174,-0.0763472691178321,0.0121951689943671,-0.0696378871798515,0.0216866675764322,0.158064529299736,-0.037735816091299,0.0097719775512814,0.0343136936426162,0.0233333110809326,0.0071090548299252,0.0830324962735176,0.023529389873147,-0.0212013944983482,-0.0045976969413459,-0.0156522002071142,-0.0092378668487071,-0.1314199268817902,0.037296000868082,0.2036363482475281,-0.0022471353877335,0.0476190485060215,-0.0112613039091229,-0.0131579264998436,0.0113895656540989,-0.0827586203813552,0.0292793046683073,0.0922787636518478,0.0153172193095088,-0.1323529332876205,0.0280172675848007,-0.1194244548678398,-0.0020963840652257,-0.0071428841911256,-0.0651261359453201,-0.1194968372583389,0.0247191321104764,-0.1846154034137726,0.054824560880661,0.3617318868637085,0.0436590537428855,0.0766916945576667,0.0258964374661445,0.7876344323158264,-0.0446601957082748,0.4531250298023224,-0.0243902206420898,-0.1578947454690933,-0.0166667494922876,0.1828793883323669,0.0190678294748067,0.0828347355127334,0.0124740004539489,0.0186266303062439,0.0047022802755236,-0.0411523208022117,0.0045167431235313,-0.1290322244167328,0.0213631782680749,-0.0761589482426643,0.0398406013846397,0.0134228058159351,0.003831414040178,0.1732283681631088,-0.0324426740407943,-0.1024734899401665,0.01380664575845,0.1319999694824219,-0.0369649939239025,0.1363120079040527,0.0909091532230377,-0.0221778023988008,-0.0240740943700075,0.0,0.0592029988765716,-0.0217391103506088,0.0175564400851726,-0.004329000134021,0.0035211234353482,0.004347822163254,-0.0140350749716162,0.0222222004085779,-0.012437729164958,-0.0217391103506088,-0.2162303328514099,-0.0688259378075599,-0.080459751188755,-0.1294540613889694,-0.3333333134651184,-0.0108864223584532,-0.3196969984381502,0.0291262647291743,-0.3818181886762681,0.0443349718892889,-0.3257575982620024,-0.0260337016185557,-0.3818181875333412,0.0307941724633993,-0.3075757234388402,0.1977401486111354,-0.3939393852828752,1.241567672580262,2019-02-15,2019-02-19,2019-02-20,2019-02-21,2019-02-22,2019-02-25,2019-02-26,2019-02-27,2019-02-28,2019-03-01,13812.0,2019-02-14,252.0,3.7736%,0.0015,-0.9641,-1.5678,-1.045,8.0344%,8.1192%,2.0792%,0.037966,MRIN,13812.0,2019-02-15,252.0,-33.3333%,-0.0002,-1.2456,-1.8549,-1.5472,8.2509%,8.3794%,3.0426%,-0.313604,MRIN,13812.0,2019-02-19,252.0,2.0454%,-0.0003,-1.2554,-1.8115,-1.4975,8.2468%,8.3746%,3.0269%,0.032742,MRIN,13812.0,2019-02-20,252.0,-9.1314%,-0.0007,-1.279,-1.875,-1.5845,8.2592%,8.3937%,3.1791%,-0.076807,MRIN,13812.0,2019-02-21,252.0,-0.4902%,-0.0003,-1.3121,-1.9456,-1.6451,8.2352%,8.3777%,3.3739%,-0.014691,MRIN,13812.0,2019-02-22,252.0,9.6059%,-0.0002,-1.3231,-1.9821,-1.8108,8.2505%,8.3977%,3.4745%,0.091006,MRIN,13812.0,2019-02-25,252.0,-4.4944%,-0.0004,-1.3243,-1.958,-1.8023,8.2565%,8.4025%,3.4434%,-0.051472,MRIN,13812.0,2019-02-26,252.0,-0.7059%,-0.0004,-1.3018,-1.9416,-1.7772,8.2564%,8.3991%,3.3676%,-0.027756,MRIN,13812.0,2019-02-27,252.0,-1.6588%,-0.0,-1.2605,-2.019,-1.7704,8.2355%,8.3772%,3.3534%,-0.013959,MRIN,13812.0,2019-02-28,252.0,-0.9639%,0.0002,-1.2945,-2.0429,-1.7909,8.2244%,8.3712%,3.4762%,-0.017668,MRIN,13812.0,2019-03-01,252.0,-0.7299%,0.0001,-1.2875,-2.0325,-1.7803,8.2241%,8.3676%,3.4013%,0.000692,MRIN,-0.275638,-0.242896,-0.319703,-0.243388,-0.353551
28635,MARIN SOFTWARE INC,"Marin Software Q4 EPS $(0.06) Up From $(0.92) YoY, Sales $15.825M Down From $17.692M YoY",6,increase,0.7,0.5,"the significant improvement in eps from $(0.92) to $(0.06) suggests a positive trend in profitability, which may outweigh the decline in sales.",2,2019-02-14,MRIN,2019-02-14 21:41:00+00:00,13812.0,56804T20,0.0377358123660087,432167.0,-0.3333333134651184,-0.0108864223584532,0.0204544719308614,0.0404530763626098,-0.0913140028715133,0.0147782713174819,-0.0049019563011825,-0.0145630547776818,0.0960590839385986,-0.0535988323390483,-0.0449437797069549,0.0077160787768661,-0.0070588728412985,-0.0106870485469698,-0.0165876056998968,0.0650406628847122,-0.0096385451033711,0.0148515105247497,-0.0072993207722902,-0.0178282223641872,0.01960782520473,0.0232172235846519,0.0,0.0016611675964668,-0.0697115287184715,0.0117647349834442,-0.0051679536700248,0.0067681833170354,0.020779263228178,0.013722114264965,0.0254453290253877,-0.055105373263359,0.0173696503043174,-0.0763472691178321,0.0121951689943671,-0.0696378871798515,0.0216866675764322,0.158064529299736,-0.037735816091299,0.0097719775512814,0.0343136936426162,0.0233333110809326,0.0071090548299252,0.0830324962735176,0.023529389873147,-0.0212013944983482,-0.0045976969413459,-0.0156522002071142,-0.0092378668487071,-0.1314199268817902,0.037296000868082,0.2036363482475281,-0.0022471353877335,0.0476190485060215,-0.0112613039091229,-0.0131579264998436,0.0113895656540989,-0.0827586203813552,0.0292793046683073,0.0922787636518478,0.0153172193095088,-0.1323529332876205,0.0280172675848007,-0.1194244548678398,-0.0020963840652257,-0.0071428841911256,-0.0651261359453201,-0.1194968372583389,0.0247191321104764,-0.1846154034137726,0.054824560880661,0.3617318868637085,0.0436590537428855,0.0766916945576667,0.0258964374661445,0.7876344323158264,-0.0446601957082748,0.4531250298023224,-0.0243902206420898,-0.1578947454690933,-0.0166667494922876,0.1828793883323669,0.0190678294748067,0.0828347355127334,0.0124740004539489,0.0186266303062439,0.0047022802755236,-0.0411523208022117,0.0045167431235313,-0.1290322244167328,0.0213631782680749,-0.0761589482426643,0.0398406013846397,0.0134228058159351,0.003831414040178,0.1732283681631088,-0.0324426740407943,-0.1024734899401665,0.01380664575845,0.1319999694824219,-0.0369649939239025,0.1363120079040527,0.0909091532230377,-0.0221778023988008,-0.0240740943700075,0.0,0.0592029988765716,-0.0217391103506088,0.0175564400851726,-0.004329000134021,0.0035211234353482,0.004347822163254,-0.0140350749716162,0.0222222004085779,-0.012437729164958,-0.0217391103506088,-0.2162303328514099,-0.0688259378075599,-0.080459751188755,-0.1294540613889694,-0.3333333134651184,-0.0108864223584532,-0.3196969984381502,0.0291262647291743,-0.3818181886762681,0.0443349718892889,-0.3257575982620024,-0.0260337016185557,-0.3818181875333412,0.0307941724633993,-0.3075757234388402,0.1977401486111354,-0.3939393852828752,1.241567672580262,2019-02-15,2019-02-19,2019-02-20,2019-02-21,2019-02-22,2019-02-25,2019-02-26,2019-02-27,2019-02-28,2019-03-01,13812.0,2019-02-14,252.0,3.7736%,0.0015,-0.9641,-1.5678,-1.045,8.0344%,8.1192%,2.0792%,0.037966,MRIN,13812.0,2019-02-15,252.0,-33.3333%,-0.0002,-1.2456,-1.8549,-1.5472,8.2509%,8.3794%,3.0426%,-0.313604,MRIN,13812.0,2019-02-19,252.0,2.0454%,-0.0003,-1.2554,-1.8115,-1.4975,8.2468%,8.3746%,3.0269%,0.032742,MRIN,13812.0,2019-02-20,252.0,-9.1314%,-0.0007,-1.279,-1.875,-1.5845,8.2592%,8.3937%,3.1791%,-0.076807,MRIN,13812.0,2019-02-21,252.0,-0.4902%,-0.0003,-1.3121,-1.9456,-1.6451,8.2352%,8.3777%,3.3739%,-0.014691,MRIN,13812.0,2019-02-22,252.0,9.6059%,-0.0002,-1.3231,-1.9821,-1.8108,8.2505%,8.3977%,3.4745%,0.091006,MRIN,13812.0,2019-02-25,252.0,-4.4944%,-0.0004,-1.3243,-1.958,-1.8023,8.2565%,8.4025%,3.4434%,-0.051472,MRIN,13812.0,2019-02-26,252.0,-0.7059%,-0.0004,-1.3018,-1.9416,-1.7772,8.2564%,8.3991%,3.3676%,-0.027756,MRIN,13812.0,2019-02-27,252.0,-1.6588%,-0.0,-1.2605,-2.019,-1.7704,8.2355%,8.3772%,3.3534%,-0.013959,MRIN,13812.0,2019-02-28,252.0,-0.9639%,0.0002,-1.2945,-2.0429,-1.7909,8.2244%,8.3712%,3.4762%,-0.017668,MRIN,13812.0,2019-03-01,252.0,-0.7299%,0.0001,-1.2875,-2.0325,-1.7803,8.2241%,8.3676%,3.4013%,0.000692,MRIN,-0.275638,-0.242896,-0.319703,-0.243388,-0.353551
28643,MERCK & CO INC NEW,Merck Highlights 3 New Phase 3 Trials,6,increase,0.8,0.7,"the announcement of new phase 3 trials typically indicates progress in drug development, which can positively influence investor sentiment and potentially increase the stock price.",2,2019-02-14,MRK,2019-02-14 11:55:00+00:00,22752.0,58933Y10,-0.0010123285464942,8184201.0,0.0110209668055176,0.0063678044825792,-0.0071419584564864,0.0235953275114297,0.002397809876129,-0.0104488851502537,0.0050359000451862,0.0091121708974242,0.0117749562487006,-0.0073652886785566,-0.004828518256545,0.0031107952818274,0.0044787339866161,0.0036424973513931,-0.0014861917588859,0.0054938630200922,0.0083105694502592,0.0271395482122898,0.0044285962358117,0.0144472876563668,-0.0034292563796043,0.0019117763731628,0.0040554772131145,0.0042513054795563,-0.0115054445341229,-0.0004112238530069,-0.003838598029688,-0.0030067134648561,-0.0080794766545295,-0.0300901941955089,0.0134085165336728,-0.0051430752500891,0.0044515961781144,-0.0005272296839393,0.0045549068599939,0.0035714851692318,0.0053921495564281,0.0132689699530601,0.0009817380923777,0.0014765182277187,-0.0026970850303769,0.0154013521969318,0.0068838992156088,-0.020427219569683,0.0020754262804985,0.0056390729732811,0.0105993552133441,-0.0123325856402516,-0.0079565532505512,-0.0076325070112943,0.000729099032469,0.0074240695685148,0.0069216722622513,-0.0110134575515985,-0.0075976513326168,0.0301187969744205,0.0041316845454275,-0.0205052979290485,0.0065351678058505,-0.0107316747307777,0.0015631223795935,0.0137986056506633,-0.0010804797057062,-0.0001325883204117,-0.0003605189267545,0.0186486113816499,-0.0159894432872533,0.0400561951100826,-0.00855219271034,-0.0240054856985807,-0.0024646280799061,-0.0080282539129257,-0.0018529203953221,-0.0037955644074827,0.0002474831999279,-0.0075340396724641,-0.0121257528662681,-0.0119633320719003,-0.0051352209411561,-0.0163441412150859,-0.0113307507708668,-0.0250601023435592,-0.0123519832268357,0.012818869203329,-0.0469314008951187,0.0116716576740145,-0.0098754838109016,-0.0040041017346084,0.0036889824550598,0.0091240480542182,0.0155186410993337,-0.0210539940744638,0.0017426927806809,0.0020458209328353,0.0215441305190324,-0.012749332934618,0.0037988070398569,-0.0015124165220186,0.0019574780017137,0.0183544158935546,0.0251367595046758,0.008804871700704,0.0001270758075406,0.0116584626957774,0.0101625435054302,0.0119299292564392,0.0060362596996128,0.0103120971471071,-0.0064999582245945,-0.0016045293305069,-0.0198792368173599,0.0001337541616521,0.0035943360999226,-0.0205631926655769,0.0019186687422916,0.0038127915468066,-0.0017873023170977,0.0163014605641365,-0.0130452010780572,0.010122824460268,0.0110209668055176,0.0063678044825792,0.0038002970619559,0.0301133824263042,0.0062072193279123,0.0193498460015923,0.0231820898692152,0.0210621177121324,0.0343298577887252,0.0770068642800525,0.0606958992804331,0.0341577381388662,-0.0158241871689173,0.0742106427454731,2019-02-15,2019-02-19,2019-02-20,2019-02-21,2019-02-22,2019-02-25,2019-02-26,2019-02-27,2019-02-28,2019-03-01,22752.0,2019-02-14,252.0,-0.1012%,0.0015,0.6708,-0.495,-0.0219,0.9439%,1.2052%,38.6632%,0.002764,MRK,22752.0,2019-02-15,252.0,1.1021%,0.0016,0.6815,-0.485,-0.004,0.9418%,1.2066%,39.0826%,0.004684,MRK,22752.0,2019-02-19,252.0,-0.7142%,0.0015,0.6768,-0.4862,-0.0049,0.9415%,1.2024%,38.6896%,-0.007118,MRK,22752.0,2019-02-20,252.0,0.2398%,0.0015,0.6765,-0.4893,-0.0067,0.9409%,1.2022%,38.7451%,0.002109,MRK,22752.0,2019-02-21,252.0,0.5036%,0.0016,0.6671,-0.5072,-0.024,0.9308%,1.1921%,39.0379%,0.007081,MRK,22752.0,2019-02-22,252.0,1.1775%,0.0016,0.6658,-0.502,-0.035,0.9320%,1.1923%,38.8899%,0.009776,MRK,22752.0,2019-02-25,252.0,-0.4829%,0.0016,0.6657,-0.4977,-0.0332,0.9337%,1.1930%,38.7447%,-0.007295,MRK,22752.0,2019-02-26,252.0,0.4479%,0.0016,0.6706,-0.5032,-0.0323,0.9322%,1.1928%,38.9294%,0.002149,MRK,22752.0,2019-02-27,252.0,-0.1486%,0.0016,0.6661,-0.4961,-0.033,0.9302%,1.1863%,38.5127%,-0.001272,MRK,22752.0,2019-02-28,252.0,0.8311%,0.0017,0.6545,-0.5037,-0.0435,0.9247%,1.1760%,38.1752%,0.0102919999999999,MRK,22752.0,2019-03-01,252.0,0.4429%,0.0017,0.6508,-0.5093,-0.0489,0.9239%,1.1741%,38.0737%,0.000913,MRK,0.007448,0.0003299999999999,0.0024389999999999,0.019296,0.024083
28651,MARATHON OIL CORP,"Marathon Oil Corp shares are trading higher after the company reported Q4 EPS inline with estimates and sales of $1.77 billion, beating the $1.44 billion estimate.",6,increase,0.8,0.6,"the positive earnings report, with sales exceeding estimates, is likely to boost investor confidence and drive the stock price higher.",2,2019-02-14,MRO,2019-02-14 15:36:00+00:00,15069.0,56584910,0.0874597802758216,35969990.0,0.0100532276555895,0.0064725168049335,4.47122090463381e-08,0.0117877768352627,0.0029359504114836,0.0092531619593501,-0.0234191808849573,-0.0091683259233832,0.0125898728147149,-0.0402262359857559,-0.0130254188552498,-0.0018820409895852,-0.0089981770142912,-0.0130030987784266,0.0163438525050878,0.009374976158142,-0.0113162910565733,0.0132995592430234,0.0289156343787908,-0.0143570844084024,0.0117096463218331,0.006913929246366,-0.0005787169211544,0.0050536906346678,-0.0237405803054571,-0.0044024968519806,0.0,0.0063290777616202,-0.034994076937437,0.0154241491109132,0.0184387974441051,-0.0082854786887764,0.0199155062437057,-0.0254658870398998,0.0248520765453577,0.0196327064186334,-0.0034641723614186,0.0160875152796506,0.0005793875316157,-0.0183196440339088,0.0069484035484492,0.0,-0.0155260814353823,-0.0173805505037307,0.02803735435009,-0.0146788842976093,0.00511364499107,0.0174238141626119,-0.0570944137871265,0.0381137058138847,0.0017984879668802,-0.0089628901332616,0.0239378549158573,0.0136275170370936,-0.0029223344754427,0.0540355667471885,-0.0140679823234677,-0.006793504115194,-0.0065398700535297,0.0264993105083704,0.0406942144036293,0.0184659250080585,-0.0149511350318789,-0.014695594087243,-0.0116753568872809,0.0084685878828167,0.0124039622023701,0.1192733198404312,0.0326721929013729,-0.0587360560894012,-0.0056497389450669,-0.0117560504004359,-0.01931818947196,-0.0180375184863805,0.0110081424936652,-0.0266854017972946,-0.0148997260257601,-0.0326087288558483,0.0331587940454483,-0.0212765745818615,-0.0213964562863111,-0.0371318757534027,0.0051783751696348,0.0064432621002197,0.0154550923034548,0.0123940333724021,-0.0067643141373991,0.0019607667345553,0.0658342689275741,-0.0467289164662361,-0.0053248335607349,-0.0104808928444981,-0.0283726267516613,-0.035671841353178,-0.0121211744844913,-0.0415954180061817,-0.03067491017282,0.0515277832746505,-0.0132335759699344,0.0084592932835221,-0.0064139184542,0.0036385364364832,-0.0299295894801616,0.0242235641926527,-0.0611010380089283,-0.0080098072066903,0.0103092677891254,0.0370607003569603,0.0057398057542741,-0.0463132373988628,-0.0164870154112577,0.0301317982375621,0.0032237388659268,-0.0665888115763664,-0.018637528643012,-0.0040721171535551,-0.0006548938108608,0.0023324149660766,-0.0150721156969666,0.0281774159520864,0.0100532276555895,0.0064725168049335,0.0100532728173006,0.0183365902238554,0.0130187391392488,0.027759423622329,0.0017497641196686,-0.0226272577368259,0.0130187392699034,-0.0293383437511024,-0.0089260932014594,0.084379361863432,-0.1085672403338767,-0.0648197049203395,2019-02-15,2019-02-19,2019-02-20,2019-02-21,2019-02-22,2019-02-25,2019-02-26,2019-02-27,2019-02-28,2019-03-01,15069.0,2019-02-14,252.0,8.7460%,0.0006,1.6986,0.5466,0.9089,2.1424%,2.7159%,37.7761%,0.094006,MRO,15069.0,2019-02-15,252.0,1.0053%,0.0004,1.6695,0.5188,0.8594,2.1396%,2.6949%,36.9662%,-0.01497,MRO,15069.0,2019-02-19,252.0,0.0000%,0.0006,1.6842,0.4911,0.827,2.1148%,2.6844%,37.9330%,-0.007355,MRO,15069.0,2019-02-20,252.0,0.2936%,0.0007,1.6867,0.5164,0.841,2.0958%,2.6715%,38.4583%,-0.005993,MRO,15069.0,2019-02-21,252.0,-2.3419%,0.0006,1.701,0.5421,0.8673,2.0896%,2.6741%,38.9351%,-0.014983,MRO,15069.0,2019-02-22,252.0,1.2590%,0.0007,1.6977,0.5911,0.8723,2.0793%,2.6658%,39.1633%,0.011202,MRO,15069.0,2019-02-25,252.0,-1.3025%,0.0007,1.6971,0.5971,0.8732,2.0807%,2.6667%,39.1216%,-0.012565,MRO,15069.0,2019-02-26,252.0,-0.8998%,0.0007,1.6969,0.5978,0.8734,2.0807%,2.6634%,38.9726%,0.00032,MRO,15069.0,2019-02-27,252.0,1.6344%,0.0009,1.7101,0.5784,0.8757,2.0743%,2.6639%,39.3634%,0.014629,MRO,15069.0,2019-02-28,252.0,-1.1316%,0.0009,1.7107,0.5786,0.8772,2.0746%,2.6610%,39.2211%,-0.004041,MRO,15069.0,2019-03-01,252.0,2.8916%,0.001,1.709,0.5761,0.8666,2.0767%,2.6588%,38.9917%,0.01834,MRO,0.079036,0.071681,0.065688,0.061907,0.07859
28659,MATERION CORP,"Materion Corp shares are trading higher after the company reported Q4 EPS of $0.65, beating the $0.53 estimate; the company also provided FY19 EPS guidance of $2.62-$2.74, above the $2.44 estimate.",6,increase,0.85,0.7,the positive earnings report and higher-than-expected guidance are likely to boost investor confidence and drive the stock price up.,2,2019-02-14,MTRN,2019-02-14 15:48:00+00:00,55597.0,57669010,0.1745830774307251,305216.0,0.0197699908167123,0.0012681791558861,-0.0019386783242225,0.0072386660613119,0.0249867122620344,0.0098904091864824,-0.0098377577960491,0.0036684973165392,0.0162105690687894,-0.0125719187781214,0.0077187097631394,-0.0004259948327671,-0.0159999765455722,-0.0092846304178237,0.0138384224846959,0.0100170765072107,-0.0141614368185401,-0.00021312883473,0.0131533779203891,-0.0061414847150444,0.0196446478366851,0.0117849381640553,-0.0021778733935207,0.0002142803568858,-0.018636679276824,-0.0154040837660431,-0.0114628225564956,0.0139066688716411,-0.0186915546655654,0.0055938498117029,0.0185185056179761,-0.016504418104887,-0.0017315753502771,-0.0133612351492047,-0.0036427215673029,0.0084210848435759,-0.0111420508474111,0.0112837720662355,0.0124999843537807,0.0092393700033426,-0.0064336452633142,0.0032334884162992,-0.0145256919786334,-0.0059995455667376,-0.001775924116373,0.0025778503622859,0.0204590205103159,-0.0085197342559695,-0.0413179732859134,0.0184382274746894,0.0036369692534208,0.0076502398587763,0.0101467911154031,0.0290148667991161,0.0016143524553626,0.0446428023278713,0.0191618856042623,-0.0527486950159072,0.0026357674505561,-0.0013336602132767,0.0105152204632759,0.0073892036452889,-0.0154352998360991,-0.00490198796615,0.0003523068153299,0.0206959247589111,0.0038738758303225,0.0124338222667574,0.0166637562215328,0.0050914422608911,0.005693613551557,-0.0057524163275957,-0.0145823005586862,-0.0162969939410686,0.0174094717949628,-0.0428942702710628,-0.0027378483209759,0.0203359443694353,0.0018874504603445,-0.0277239866554737,0.003596490714699,-0.0185615066438913,0.0049488213844597,-0.012291669845581,0.0229241345077753,0.0182435438036918,-0.0109561728313565,-0.0119471745565533,-0.018126918002963,-0.0160858444869518,0.0121367368847131,-0.0204040072858333,-0.0091200964525341,-0.0109889963641762,-0.0110788773745298,-0.0515444613993167,-0.0068942005746066,-0.002080193022266,0.0072891702875494,0.0116701852530241,-0.0001723317691357,-0.0135874915868043,0.0017232861137017,0.0074145100079476,0.1751246601343155,0.000951460271608,0.0305958725512027,-0.0086775906383991,0.007954510860145,-0.0097141880542039,-0.0043686241842806,-0.0076010357588529,-0.0263269711285829,-0.036269474774599,0.0018897695699706,-0.0120035354048013,-0.0120429750531911,0.012511184439063,-0.0237919688224792,0.0222912710160017,0.0197699908167123,0.0012681791558861,0.0177929848398232,0.0085160251426135,0.0432242852943332,0.0184906613023987,0.0497061879063287,0.0093756368496071,0.0540274792864492,0.0031765715397835,0.0273797137928706,0.0529005843259628,0.1968091403559322,-0.1344783565300429,2019-02-15,2019-02-19,2019-02-20,2019-02-21,2019-02-22,2019-02-25,2019-02-26,2019-02-27,2019-02-28,2019-03-01,55597.0,2019-02-14,252.0,17.4583%,0.0007,1.0437,0.9146,0.0185,1.9571%,2.3097%,28.2030%,0.173206,MTRN,55597.0,2019-02-15,252.0,1.9770%,0.0007,1.0456,0.9169,0.0223,1.9573%,2.3095%,28.1694%,0.005501,MTRN,55597.0,2019-02-19,252.0,-0.1939%,0.0003,1.0154,0.9527,0.0652,1.8705%,2.2175%,28.8476%,-0.006751,MTRN,55597.0,2019-02-20,252.0,2.4987%,0.0006,1.0249,0.9922,0.104,1.8558%,2.2095%,29.4532%,0.020503,MTRN,55597.0,2019-02-21,252.0,-0.9838%,0.0004,1.0366,1.0147,0.1255,1.8473%,2.2076%,29.9765%,-0.005212,MTRN,55597.0,2019-02-22,252.0,1.6211%,0.0004,1.0364,1.0004,0.1104,1.8462%,2.2077%,30.0703%,0.0056359999999999,MTRN,55597.0,2019-02-25,252.0,0.7719%,0.0004,1.0362,0.996,0.1073,1.8469%,2.2081%,30.0400%,0.008864,MTRN,55597.0,2019-02-26,252.0,-1.6000%,0.0004,1.0396,1.0041,0.1139,1.8475%,2.2099%,30.1070%,-0.0077139999999999,MTRN,55597.0,2019-02-27,252.0,1.3838%,0.0004,1.0373,1.0112,0.1136,1.8484%,2.2102%,30.0595%,0.011032,MTRN,55597.0,2019-02-28,252.0,-1.4161%,0.0004,1.0367,1.0103,0.1157,1.8495%,2.2084%,29.8628%,-0.010964,MTRN,55597.0,2019-03-01,252.0,1.3153%,0.0005,1.032,1.0034,0.1073,1.8487%,2.2041%,29.6473%,0.003132,MTRN,0.178707,0.171956,0.192459,0.192883,0.197233
28667,MATERION CORP,Materion Sees FY19 Adj. EPS $2.62-$2.74 vs $2.44 Estimate,6,increase,0.8,0.6,"the positive adjustment in earnings per share (eps) guidance above analyst estimates suggests strong financial performance, likely leading to an increase in stock price.",2,2019-02-14,MTRN,2019-02-14 12:55:00+00:00,55597.0,57669010,0.1745830774307251,305216.0,0.0197699908167123,0.0012681791558861,-0.0019386783242225,0.0072386660613119,0.0249867122620344,0.0098904091864824,-0.0098377577960491,0.0036684973165392,0.0162105690687894,-0.0125719187781214,0.0077187097631394,-0.0004259948327671,-0.0159999765455722,-0.0092846304178237,0.0138384224846959,0.0100170765072107,-0.0141614368185401,-0.00021312883473,0.0131533779203891,-0.0061414847150444,0.0196446478366851,0.0117849381640553,-0.0021778733935207,0.0002142803568858,-0.018636679276824,-0.0154040837660431,-0.0114628225564956,0.0139066688716411,-0.0186915546655654,0.0055938498117029,0.0185185056179761,-0.016504418104887,-0.0017315753502771,-0.0133612351492047,-0.0036427215673029,0.0084210848435759,-0.0111420508474111,0.0112837720662355,0.0124999843537807,0.0092393700033426,-0.0064336452633142,0.0032334884162992,-0.0145256919786334,-0.0059995455667376,-0.001775924116373,0.0025778503622859,0.0204590205103159,-0.0085197342559695,-0.0413179732859134,0.0184382274746894,0.0036369692534208,0.0076502398587763,0.0101467911154031,0.0290148667991161,0.0016143524553626,0.0446428023278713,0.0191618856042623,-0.0527486950159072,0.0026357674505561,-0.0013336602132767,0.0105152204632759,0.0073892036452889,-0.0154352998360991,-0.00490198796615,0.0003523068153299,0.0206959247589111,0.0038738758303225,0.0124338222667574,0.0166637562215328,0.0050914422608911,0.005693613551557,-0.0057524163275957,-0.0145823005586862,-0.0162969939410686,0.0174094717949628,-0.0428942702710628,-0.0027378483209759,0.0203359443694353,0.0018874504603445,-0.0277239866554737,0.003596490714699,-0.0185615066438913,0.0049488213844597,-0.012291669845581,0.0229241345077753,0.0182435438036918,-0.0109561728313565,-0.0119471745565533,-0.018126918002963,-0.0160858444869518,0.0121367368847131,-0.0204040072858333,-0.0091200964525341,-0.0109889963641762,-0.0110788773745298,-0.0515444613993167,-0.0068942005746066,-0.002080193022266,0.0072891702875494,0.0116701852530241,-0.0001723317691357,-0.0135874915868043,0.0017232861137017,0.0074145100079476,0.1751246601343155,0.000951460271608,0.0305958725512027,-0.0086775906383991,0.007954510860145,-0.0097141880542039,-0.0043686241842806,-0.0076010357588529,-0.0263269711285829,-0.036269474774599,0.0018897695699706,-0.0120035354048013,-0.0120429750531911,0.012511184439063,-0.0237919688224792,0.0222912710160017,0.0197699908167123,0.0012681791558861,0.0177929848398232,0.0085160251426135,0.0432242852943332,0.0184906613023987,0.0497061879063287,0.0093756368496071,0.0540274792864492,0.0031765715397835,0.0273797137928706,0.0529005843259628,0.1968091403559322,-0.1344783565300429,2019-02-15,2019-02-19,2019-02-20,2019-02-21,2019-02-22,2019-02-25,2019-02-26,2019-02-27,2019-02-28,2019-03-01,55597.0,2019-02-14,252.0,17.4583%,0.0007,1.0437,0.9146,0.0185,1.9571%,2.3097%,28.2030%,0.173206,MTRN,55597.0,2019-02-15,252.0,1.9770%,0.0007,1.0456,0.9169,0.0223,1.9573%,2.3095%,28.1694%,0.005501,MTRN,55597.0,2019-02-19,252.0,-0.1939%,0.0003,1.0154,0.9527,0.0652,1.8705%,2.2175%,28.8476%,-0.006751,MTRN,55597.0,2019-02-20,252.0,2.4987%,0.0006,1.0249,0.9922,0.104,1.8558%,2.2095%,29.4532%,0.020503,MTRN,55597.0,2019-02-21,252.0,-0.9838%,0.0004,1.0366,1.0147,0.1255,1.8473%,2.2076%,29.9765%,-0.005212,MTRN,55597.0,2019-02-22,252.0,1.6211%,0.0004,1.0364,1.0004,0.1104,1.8462%,2.2077%,30.0703%,0.0056359999999999,MTRN,55597.0,2019-02-25,252.0,0.7719%,0.0004,1.0362,0.996,0.1073,1.8469%,2.2081%,30.0400%,0.008864,MTRN,55597.0,2019-02-26,252.0,-1.6000%,0.0004,1.0396,1.0041,0.1139,1.8475%,2.2099%,30.1070%,-0.0077139999999999,MTRN,55597.0,2019-02-27,252.0,1.3838%,0.0004,1.0373,1.0112,0.1136,1.8484%,2.2102%,30.0595%,0.011032,MTRN,55597.0,2019-02-28,252.0,-1.4161%,0.0004,1.0367,1.0103,0.1157,1.8495%,2.2084%,29.8628%,-0.010964,MTRN,55597.0,2019-03-01,252.0,1.3153%,0.0005,1.032,1.0034,0.1073,1.8487%,2.2041%,29.6473%,0.003132,MTRN,0.178707,0.171956,0.192459,0.192883,0.197233
28675,MATERION CORP,"Materion Q4 EPS $0.65 Beats $0.53 Estimate, Sales $298.1M Miss $298.63M Estimate",6,uncertain,0.7,0.2,"while materion corp's eps beat estimates, the sales miss could create mixed reactions among investors, leading to uncertainty in stock price movement.",1,2019-02-14,MTRN,2019-02-14 12:55:00+00:00,55597.0,57669010,0.1745830774307251,305216.0,0.0197699908167123,0.0012681791558861,-0.0019386783242225,0.0072386660613119,0.0249867122620344,0.0098904091864824,-0.0098377577960491,0.0036684973165392,0.0162105690687894,-0.0125719187781214,0.0077187097631394,-0.0004259948327671,-0.0159999765455722,-0.0092846304178237,0.0138384224846959,0.0100170765072107,-0.0141614368185401,-0.00021312883473,0.0131533779203891,-0.0061414847150444,0.0196446478366851,0.0117849381640553,-0.0021778733935207,0.0002142803568858,-0.018636679276824,-0.0154040837660431,-0.0114628225564956,0.0139066688716411,-0.0186915546655654,0.0055938498117029,0.0185185056179761,-0.016504418104887,-0.0017315753502771,-0.0133612351492047,-0.0036427215673029,0.0084210848435759,-0.0111420508474111,0.0112837720662355,0.0124999843537807,0.0092393700033426,-0.0064336452633142,0.0032334884162992,-0.0145256919786334,-0.0059995455667376,-0.001775924116373,0.0025778503622859,0.0204590205103159,-0.0085197342559695,-0.0413179732859134,0.0184382274746894,0.0036369692534208,0.0076502398587763,0.0101467911154031,0.0290148667991161,0.0016143524553626,0.0446428023278713,0.0191618856042623,-0.0527486950159072,0.0026357674505561,-0.0013336602132767,0.0105152204632759,0.0073892036452889,-0.0154352998360991,-0.00490198796615,0.0003523068153299,0.0206959247589111,0.0038738758303225,0.0124338222667574,0.0166637562215328,0.0050914422608911,0.005693613551557,-0.0057524163275957,-0.0145823005586862,-0.0162969939410686,0.0174094717949628,-0.0428942702710628,-0.0027378483209759,0.0203359443694353,0.0018874504603445,-0.0277239866554737,0.003596490714699,-0.0185615066438913,0.0049488213844597,-0.012291669845581,0.0229241345077753,0.0182435438036918,-0.0109561728313565,-0.0119471745565533,-0.018126918002963,-0.0160858444869518,0.0121367368847131,-0.0204040072858333,-0.0091200964525341,-0.0109889963641762,-0.0110788773745298,-0.0515444613993167,-0.0068942005746066,-0.002080193022266,0.0072891702875494,0.0116701852530241,-0.0001723317691357,-0.0135874915868043,0.0017232861137017,0.0074145100079476,0.1751246601343155,0.000951460271608,0.0305958725512027,-0.0086775906383991,0.007954510860145,-0.0097141880542039,-0.0043686241842806,-0.0076010357588529,-0.0263269711285829,-0.036269474774599,0.0018897695699706,-0.0120035354048013,-0.0120429750531911,0.012511184439063,-0.0237919688224792,0.0222912710160017,0.0197699908167123,0.0012681791558861,0.0177929848398232,0.0085160251426135,0.0432242852943332,0.0184906613023987,0.0497061879063287,0.0093756368496071,0.0540274792864492,0.0031765715397835,0.0273797137928706,0.0529005843259628,0.1968091403559322,-0.1344783565300429,2019-02-15,2019-02-19,2019-02-20,2019-02-21,2019-02-22,2019-02-25,2019-02-26,2019-02-27,2019-02-28,2019-03-01,55597.0,2019-02-14,252.0,17.4583%,0.0007,1.0437,0.9146,0.0185,1.9571%,2.3097%,28.2030%,0.173206,MTRN,55597.0,2019-02-15,252.0,1.9770%,0.0007,1.0456,0.9169,0.0223,1.9573%,2.3095%,28.1694%,0.005501,MTRN,55597.0,2019-02-19,252.0,-0.1939%,0.0003,1.0154,0.9527,0.0652,1.8705%,2.2175%,28.8476%,-0.006751,MTRN,55597.0,2019-02-20,252.0,2.4987%,0.0006,1.0249,0.9922,0.104,1.8558%,2.2095%,29.4532%,0.020503,MTRN,55597.0,2019-02-21,252.0,-0.9838%,0.0004,1.0366,1.0147,0.1255,1.8473%,2.2076%,29.9765%,-0.005212,MTRN,55597.0,2019-02-22,252.0,1.6211%,0.0004,1.0364,1.0004,0.1104,1.8462%,2.2077%,30.0703%,0.0056359999999999,MTRN,55597.0,2019-02-25,252.0,0.7719%,0.0004,1.0362,0.996,0.1073,1.8469%,2.2081%,30.0400%,0.008864,MTRN,55597.0,2019-02-26,252.0,-1.6000%,0.0004,1.0396,1.0041,0.1139,1.8475%,2.2099%,30.1070%,-0.0077139999999999,MTRN,55597.0,2019-02-27,252.0,1.3838%,0.0004,1.0373,1.0112,0.1136,1.8484%,2.2102%,30.0595%,0.011032,MTRN,55597.0,2019-02-28,252.0,-1.4161%,0.0004,1.0367,1.0103,0.1157,1.8495%,2.2084%,29.8628%,-0.010964,MTRN,55597.0,2019-03-01,252.0,1.3153%,0.0005,1.032,1.0034,0.1073,1.8487%,2.2041%,29.6473%,0.003132,MTRN,0.178707,0.171956,0.192459,0.192883,0.197233
28683,MICRON TECHNOLOGY INC,Cooperman's Omega 13F Shows Liquidated 327.7K Share Stake In Micron,6,decrease,0.7,0.6,"the liquidation of a significant share stake by a notable investor may signal a lack of confidence in the stock, potentially leading to a decrease in its price.",0,2019-02-14,MU,2019-02-14 18:54:00+00:00,53613.0,59511210,0.0131957586854696,41739050.0,-0.0056831128895282,0.0316831357777118,-0.0007145175477489,0.0471746921539306,0.0059580556116998,0.0,-0.0161099340766668,-0.0203148610889911,0.0250421613454818,-0.0515414103865623,0.0042283372022211,0.0546101480722427,0.0049122590571641,-0.0025336276739835,-0.038175031542778,-0.0032827591057866,-0.010648563504219,0.0361066758632659,0.0171233061701059,-0.0005230244714766,-0.0125060230493545,0.0227334126830101,-0.0260594170540571,-0.0181198120117187,-0.0515129119157791,-0.0225871987640857,-0.002636395394802,0.0647717639803886,0.0216759089380502,0.0686331316828727,0.0098317526280879,0.0109242033213377,0.0056367213837802,-0.0528523325920105,-0.0107005899772048,0.0554898828268051,-0.0108164297416806,0.0089338663965463,0.0294194500893354,-0.0120623661205172,0.0017703513149172,-0.0196133982390165,0.0191870313137769,-0.0372118912637233,-0.0059449560940265,0.002784697106108,0.0961874052882194,0.0132618863135576,-0.0538759417831897,0.0503852069377899,-0.0257087871432304,-0.0076470095664262,-0.0056719984859228,0.0397553257644176,-0.0270337350666523,0.0548387356102466,0.0028039922472089,-0.0534351132810115,0.0505846887826919,0.0321462489664554,0.0222598146647214,0.0050680977292358,0.0044970088638365,-0.0112746823579073,0.0344015769660472,0.0336678847670555,-0.0230068806558847,0.0644382834434509,0.0100256539881229,-0.0428759641945362,-0.0096952486783266,-0.0306905675679445,-0.0275058336555957,-0.0041387826204299,0.0107861198484897,-0.0791556909680366,0.0026085041463375,0.0067886519245803,-0.0063860090449452,-0.0093567157164216,-0.0045227003283798,-0.0234151817858219,0.0224772505462169,-0.028032150119543,0.0091207483783364,0.0232888311147689,0.0057937423698604,0.0117816049605608,0.0,-0.0144435605034232,-0.0145161533728241,-0.0626492425799369,0.0060789878480136,0.0214207451790571,-0.0065070600248873,-0.0786909237504005,-0.0152047136798501,0.0381223373115062,0.000237580446992,0.017145911231637,-0.0011873482726514,-0.0206664744764566,-0.0038040855433791,0.0462161898612976,0.0157517865300178,0.0117582799866795,0.0180921163409948,0.0046702791005373,-0.0276944544166326,0.0005497651873156,-0.0443864874541759,0.0071982876397669,-0.0126676186919212,-0.0192778408527374,-0.0120754605159163,-0.0661763921380043,-0.0084034074097871,-0.011776527389884,-0.0400615707039833,0.0494346879422664,-0.0056831128895282,0.0316831357777118,-0.0063935697533918,0.0803524701084272,-0.00047360738584,0.0803524701084272,0.0080511530120315,0.0038535599029023,-0.0153918450821149,0.0899581151141706,-0.0213118092821027,0.3135833902954079,-0.1148472278797121,0.0959769146412747,2019-02-15,2019-02-19,2019-02-20,2019-02-21,2019-02-22,2019-02-25,2019-02-26,2019-02-27,2019-02-28,2019-03-01,53613.0,2019-02-14,252.0,1.3196%,-0.0001,1.8235,0.7917,-0.077,2.3496%,3.1019%,42.6216%,0.012443,MU,53613.0,2019-02-15,252.0,-0.5683%,-0.0002,1.8134,0.7796,-0.0974,2.3553%,3.0999%,42.2677%,-0.027998,MU,53613.0,2019-02-19,252.0,-0.0715%,-0.0001,1.8185,0.767,-0.1121,2.3521%,3.0999%,42.4238%,-0.006229,MU,53613.0,2019-02-20,252.0,0.5958%,-0.0002,1.8176,0.7593,-0.1166,2.3507%,3.0984%,42.4424%,0.001332,MU,53613.0,2019-02-21,252.0,-1.6110%,-0.0003,1.8304,0.7833,-0.0932,2.3439%,3.0986%,42.7809%,-0.009221,MU,53613.0,2019-02-22,252.0,2.5042%,-0.0003,1.829,0.793,-0.1013,2.3441%,3.1021%,42.9010%,0.007367,MU,53613.0,2019-02-25,252.0,0.4228%,-0.0002,1.8281,0.7904,-0.1059,2.3437%,3.1019%,42.9108%,0.003264,MU,53613.0,2019-02-26,252.0,0.4912%,-0.0003,1.8096,0.7907,-0.1196,2.3391%,3.0851%,42.5151%,0.0124459999999999,MU,53613.0,2019-02-27,252.0,-3.8175%,-0.0005,1.8019,0.7922,-0.121,2.3515%,3.0883%,42.0221%,-0.0415489999999999,MU,53613.0,2019-02-28,252.0,-1.0649%,-0.0007,1.8229,0.8064,-0.1045,2.3400%,3.0880%,42.5789%,-0.005623,MU,53613.0,2019-03-01,252.0,1.7123%,-0.0008,1.8408,0.833,-0.0777,2.3329%,3.0897%,42.9916%,0.001151,MU,-0.015555,-0.0217839999999999,-0.0204519999999999,-0.022306,-0.052617
28691,MAGNACHIP SEMICONDUCTOR CORP,MagnaChip Semiconductor Sees Q1 Sales $150M-$155M vs $171.75M Est.,6,decrease,0.8,0.7,"the company's projected sales for q1 are significantly lower than analyst estimates, which is likely to negatively impact investor sentiment and lead to a decrease in stock price.",0,2019-02-14,MX,2019-02-14 21:05:00+00:00,12629.0,55933J20,-0.0126939564943313,431799.0,-0.025714261457324,-0.0056100925430655,0.2683283686637878,0.0516224019229412,-0.0346819944679737,-0.0044052470475435,-0.0826347917318344,-0.0116110192611813,0.0052219270728528,-0.0377094969153404,0.0064935316331684,0.0998463258147239,-0.0038709947839379,-0.006106864195317,0.0090673798695206,-0.0015243524685502,-0.002567391609773,0.0969899520277977,0.0128700006753206,0.0222222413867712,0.0063532646745443,-0.0425532273948192,-0.0050505003891885,-0.0176848322153091,-0.0253807473927736,-0.0371517427265644,-0.0208333134651184,0.0237718056887388,-0.0013297542463988,0.0112179769203066,0.0013315249234437,0.0,-0.0026595718227326,-0.0204081814736127,0.0,-0.0215054284781217,0.0066666919738054,-0.0151285780593752,0.0066224783658981,0.0091602960601449,-0.0065789096988737,0.0202492382377386,0.0198674984276294,-0.0213414430618286,0.0,-0.0015221048379316,0.0584415346384048,-0.0436680801212787,-0.05644166842103,0.0456620566546917,-0.0117035312578082,-0.0090497648343443,-0.003947333432734,0.0200000181794166,-0.0118890553712844,0.0172144193202257,-0.0080213826149702,-0.0390977784991264,-0.0026954151690006,0.0708534717559814,0.0324323996901512,-0.0342145860195159,0.0157068539410829,-0.0153139932081103,0.0231958534568548,0.0583468601107597,0.0037783039733767,0.0300501361489296,0.0250941403210163,-0.0275974161922931,0.0159118864685297,-0.0344827994704246,-0.0108433915302157,-0.0477611497044563,0.0243605133146047,-0.0455840714275836,0.0107015641406178,0.0446428880095481,-0.0282352678477764,-0.0088496189564466,-0.0121065834537148,-0.0369317829608917,0.0,0.052316877990961,0.0085783945396542,0.0014970402698963,0.0157958827912807,0.0552922450006008,0.1100478619337082,-0.0093896621838212,0.0646552145481109,-0.0288753882050514,-0.0384615510702133,-0.0394160561263561,-0.0400000102818012,-0.031117433682084,0.0241228360682725,0.0216763149946928,-0.021413255482912,0.0028985480312258,-0.031728658825159,-0.0043289656750857,0.1254236847162247,0.010204036720097,0.0020079822279512,-0.0029069739393889,-0.0010019313776865,-0.0028985480312258,-0.0040120319463312,-0.0057636830024421,-0.0010070723947137,-0.0225351899862289,0.0060483333654701,-0.0083798803389072,-0.0130259683355689,-0.0615989863872528,0.0030456581152975,-0.0078023332171142,-0.0354251377284526,0.0577716752886772,-0.025714261457324,-0.0056100925430655,0.235714241378226,0.0457227029277926,0.19285720689475,0.0411160360781708,0.0999999801596445,-0.0097764960464523,0.1242857057425432,0.2119658502162755,0.0571428747828886,0.1417069379296833,0.3614285424543024,-0.0247592579851779,2019-02-15,2019-02-19,2019-02-20,2019-02-21,2019-02-22,2019-02-25,2019-02-26,2019-02-27,2019-02-28,2019-03-01,12629.0,2019-02-14,252.0,-1.2694%,-0.001,1.1043,0.2582,-0.1061,2.4176%,2.7070%,20.2418%,-0.012487,MX,12629.0,2019-02-15,252.0,-2.5714%,-0.0013,1.0511,0.2063,-0.1978,2.4187%,2.6926%,19.3100%,-0.038429,MX,12629.0,2019-02-19,252.0,26.8328%,-0.0002,1.1031,0.3742,-0.0132,2.9453%,3.1794%,14.1855%,0.2662259999999999,MX,12629.0,2019-02-20,252.0,-3.4682%,-0.0003,1.0948,0.3655,-0.0401,2.9514%,3.1843%,14.0938%,-0.037629,MX,12629.0,2019-02-21,252.0,-8.2635%,-0.0007,1.1178,0.3952,0.0027,2.9908%,3.2264%,14.0688%,-0.078521,MX,12629.0,2019-02-22,252.0,0.5222%,-0.0005,1.1168,0.4343,0.0264,2.9851%,3.2205%,14.0862%,-0.004278,MX,12629.0,2019-02-25,252.0,0.6494%,-0.0005,1.1162,0.4305,0.0221,2.9852%,3.2206%,14.0865%,0.005895,MX,12629.0,2019-02-26,252.0,-0.3871%,-0.0004,1.125,0.4203,0.0235,2.9837%,3.2207%,14.1793%,0.0006429999999999,MX,12629.0,2019-02-27,252.0,0.9067%,-0.0006,1.1005,0.4662,0.0195,2.9631%,3.1943%,13.9491%,0.007185,MX,12629.0,2019-02-28,252.0,-0.2567%,-0.0006,1.1029,0.4679,0.0209,2.9630%,3.1937%,13.9271%,0.0007,MX,12629.0,2019-03-01,252.0,1.2870%,-0.0006,1.1065,0.4733,0.0246,2.9630%,3.1942%,13.9530%,0.0035659999999999,MX,-0.050916,0.2153099999999999,0.1776809999999999,0.0948819999999999,0.1128709999999999
28699,MAGNACHIP SEMICONDUCTOR CORP,"Magnachip Semiconductor Q4 Adj. EPS $0.10 Beats $0.09 Estimate, Sales $179.4M Beat $179M Estimate",6,increase,0.75,0.6,"the company reported better-than-expected earnings and sales, which typically boosts investor confidence and can lead to an increase in stock price.",2,2019-02-14,MX,2019-02-14 21:04:00+00:00,12629.0,55933J20,-0.0126939564943313,431799.0,-0.025714261457324,-0.0056100925430655,0.2683283686637878,0.0516224019229412,-0.0346819944679737,-0.0044052470475435,-0.0826347917318344,-0.0116110192611813,0.0052219270728528,-0.0377094969153404,0.0064935316331684,0.0998463258147239,-0.0038709947839379,-0.006106864195317,0.0090673798695206,-0.0015243524685502,-0.002567391609773,0.0969899520277977,0.0128700006753206,0.0222222413867712,0.0063532646745443,-0.0425532273948192,-0.0050505003891885,-0.0176848322153091,-0.0253807473927736,-0.0371517427265644,-0.0208333134651184,0.0237718056887388,-0.0013297542463988,0.0112179769203066,0.0013315249234437,0.0,-0.0026595718227326,-0.0204081814736127,0.0,-0.0215054284781217,0.0066666919738054,-0.0151285780593752,0.0066224783658981,0.0091602960601449,-0.0065789096988737,0.0202492382377386,0.0198674984276294,-0.0213414430618286,0.0,-0.0015221048379316,0.0584415346384048,-0.0436680801212787,-0.05644166842103,0.0456620566546917,-0.0117035312578082,-0.0090497648343443,-0.003947333432734,0.0200000181794166,-0.0118890553712844,0.0172144193202257,-0.0080213826149702,-0.0390977784991264,-0.0026954151690006,0.0708534717559814,0.0324323996901512,-0.0342145860195159,0.0157068539410829,-0.0153139932081103,0.0231958534568548,0.0583468601107597,0.0037783039733767,0.0300501361489296,0.0250941403210163,-0.0275974161922931,0.0159118864685297,-0.0344827994704246,-0.0108433915302157,-0.0477611497044563,0.0243605133146047,-0.0455840714275836,0.0107015641406178,0.0446428880095481,-0.0282352678477764,-0.0088496189564466,-0.0121065834537148,-0.0369317829608917,0.0,0.052316877990961,0.0085783945396542,0.0014970402698963,0.0157958827912807,0.0552922450006008,0.1100478619337082,-0.0093896621838212,0.0646552145481109,-0.0288753882050514,-0.0384615510702133,-0.0394160561263561,-0.0400000102818012,-0.031117433682084,0.0241228360682725,0.0216763149946928,-0.021413255482912,0.0028985480312258,-0.031728658825159,-0.0043289656750857,0.1254236847162247,0.010204036720097,0.0020079822279512,-0.0029069739393889,-0.0010019313776865,-0.0028985480312258,-0.0040120319463312,-0.0057636830024421,-0.0010070723947137,-0.0225351899862289,0.0060483333654701,-0.0083798803389072,-0.0130259683355689,-0.0615989863872528,0.0030456581152975,-0.0078023332171142,-0.0354251377284526,0.0577716752886772,-0.025714261457324,-0.0056100925430655,0.235714241378226,0.0457227029277926,0.19285720689475,0.0411160360781708,0.0999999801596445,-0.0097764960464523,0.1242857057425432,0.2119658502162755,0.0571428747828886,0.1417069379296833,0.3614285424543024,-0.0247592579851779,2019-02-15,2019-02-19,2019-02-20,2019-02-21,2019-02-22,2019-02-25,2019-02-26,2019-02-27,2019-02-28,2019-03-01,12629.0,2019-02-14,252.0,-1.2694%,-0.001,1.1043,0.2582,-0.1061,2.4176%,2.7070%,20.2418%,-0.012487,MX,12629.0,2019-02-15,252.0,-2.5714%,-0.0013,1.0511,0.2063,-0.1978,2.4187%,2.6926%,19.3100%,-0.038429,MX,12629.0,2019-02-19,252.0,26.8328%,-0.0002,1.1031,0.3742,-0.0132,2.9453%,3.1794%,14.1855%,0.2662259999999999,MX,12629.0,2019-02-20,252.0,-3.4682%,-0.0003,1.0948,0.3655,-0.0401,2.9514%,3.1843%,14.0938%,-0.037629,MX,12629.0,2019-02-21,252.0,-8.2635%,-0.0007,1.1178,0.3952,0.0027,2.9908%,3.2264%,14.0688%,-0.078521,MX,12629.0,2019-02-22,252.0,0.5222%,-0.0005,1.1168,0.4343,0.0264,2.9851%,3.2205%,14.0862%,-0.004278,MX,12629.0,2019-02-25,252.0,0.6494%,-0.0005,1.1162,0.4305,0.0221,2.9852%,3.2206%,14.0865%,0.005895,MX,12629.0,2019-02-26,252.0,-0.3871%,-0.0004,1.125,0.4203,0.0235,2.9837%,3.2207%,14.1793%,0.0006429999999999,MX,12629.0,2019-02-27,252.0,0.9067%,-0.0006,1.1005,0.4662,0.0195,2.9631%,3.1943%,13.9491%,0.007185,MX,12629.0,2019-02-28,252.0,-0.2567%,-0.0006,1.1029,0.4679,0.0209,2.9630%,3.1937%,13.9271%,0.0007,MX,12629.0,2019-03-01,252.0,1.2870%,-0.0006,1.1065,0.4733,0.0246,2.9630%,3.1942%,13.9530%,0.0035659999999999,MX,-0.050916,0.2153099999999999,0.1776809999999999,0.0948819999999999,0.1128709999999999
28707,MAXLINEAR INC,Cooperman's Omega 13F Shows Liquidated ~739K Share Stake In MaxLinear,6,decrease,0.75,0.6,"the liquidation of a significant share stake by a notable investor like cooperman's omega may signal a lack of confidence in maxlinear's future performance, potentially leading to a decrease in stock price.",0,2019-02-14,MXL,2019-02-14 18:56:00+00:00,93289.0,57776J10,0.0111408196389675,558866.0,0.0096958708018064,0.0058270315639674,0.0021824198774993,0.0182564873248338,0.0104530351236462,0.0082834931090474,-0.0030173102859407,-0.0013787080533802,0.0216169487684965,-0.0082042068243026,-0.0025391227100044,0.1114488765597343,0.041578259319067,0.0,0.0065173055045306,0.0367646440863609,0.0174018740653991,-0.0295616667717695,0.0234685819596052,0.0160539299249649,0.0023319616448134,0.0254912134259939,-0.0155099462717771,-0.0026482648681849,-0.0208743121474981,0.009625582024455,-0.0225262008607387,0.058890201151371,0.0065843560732901,0.016110511496663,0.0245298612862825,-0.0085568465292453,-0.0011970782652497,-0.0389253906905651,0.0087894247844815,0.016155932098627,-0.0186138339340686,0.0027933600358664,0.0238095298409462,-0.0110497660934925,-0.0031533276196569,0.0117384567856788,0.0055357604287564,-0.0584210865199565,-0.0086512472480535,0.0106383385136723,0.0238000955432653,0.0352422557771205,-0.0565671883523464,0.057043045759201,0.0,-0.01264363899827,0.0184804461896419,0.0133954305201768,-0.000806393160019,0.0287597086280584,0.0189668796956539,-0.0538548119366169,0.0110891358926892,0.0022726708557456,0.0254602264612913,-0.0017015758203342,-0.0080214282497763,0.0085812136530876,0.0261840708553791,0.0300530493259429,0.0026266302447766,0.0514250285923481,-0.0007484487723559,-0.0140501791611313,-0.0022472424898296,-0.0404454059898853,-0.0052552325651049,-0.0273661017417907,0.0166037939488887,-0.0341409109532833,-0.0033407628070563,0.012827637605369,0.0216014869511127,-0.0406634658575058,-0.0040102298371493,-0.0084880553185939,0.0142752341926097,-0.0197607465088367,-0.0021652639843523,0.0190778318792581,0.0025316346436738,0.0058635720051825,-0.0057720001786947,-0.0063558761030435,0.0119738727807998,-0.0425963588058948,0.025815749540925,-0.0149850714951753,-0.035302348434925,-0.0356454588472843,-0.0021738936193287,0.0176470894366502,-0.0206972248852253,0.0104011427611112,-0.0022246744483709,-0.0019772124942392,-0.0107766259461641,0.0454779900610446,-0.0582269392907619,-0.0242057256400585,0.0426804833114147,0.0536663271486759,-0.0057383175007998,-0.0015915483236312,-0.0357830040156841,0.0183684583753347,0.0015962057514116,-0.0242487657815218,0.0043824184685945,-0.021660653874278,-0.005156650673598,0.0167802665382623,-0.0470494553446769,0.0105987731367349,0.0096958708018064,0.0058270315639674,0.0118994511404733,0.0241899000166903,0.0224768716448431,0.0326737699958346,0.0414278807174477,0.0227894259473129,0.1339796796215469,0.1620922429527902,0.1251652746003078,0.2749999987646716,0.0533274171506803,0.1891891689678182,2019-02-15,2019-02-19,2019-02-20,2019-02-21,2019-02-22,2019-02-25,2019-02-26,2019-02-27,2019-02-28,2019-03-01,93289.0,2019-02-14,252.0,1.1141%,-0.0006,0.9627,0.8361,-0.3988,2.5792%,2.8754%,19.5463%,0.006443,MXL,93289.0,2019-02-15,252.0,0.9696%,-0.0001,1.0492,0.9137,-0.2584,2.4912%,2.8191%,21.9083%,-0.001459,MXL,93289.0,2019-02-19,252.0,0.2182%,-0.0001,1.0551,0.9039,-0.27,2.4880%,2.8187%,22.0878%,-0.001786,MXL,93289.0,2019-02-20,252.0,1.0453%,0.0,1.0583,0.9156,-0.2575,2.4876%,2.8190%,22.1287%,0.007845,MXL,93289.0,2019-02-21,252.0,-0.3017%,-0.0001,1.0651,0.9296,-0.2451,2.4846%,2.8184%,22.2838%,0.000847,MXL,93289.0,2019-02-22,252.0,2.1617%,-0.0,1.0638,0.941,-0.2496,2.4845%,2.8214%,22.4559%,0.005879,MXL,93289.0,2019-02-25,252.0,-0.2539%,-0.0,1.0636,0.9419,-0.2498,2.4845%,2.8214%,22.4584%,-0.002238,MXL,93289.0,2019-02-26,252.0,4.1578%,0.0002,1.0507,0.8872,-0.2872,2.5028%,2.8311%,21.8492%,0.048384,MXL,93289.0,2019-02-27,252.0,0.6517%,0.0001,1.0469,0.8948,-0.2878,2.5022%,2.8296%,21.7989%,0.003441,MXL,93289.0,2019-02-28,252.0,1.7402%,0.0002,1.0398,0.8905,-0.2976,2.5050%,2.8284%,21.5627%,0.019649,MXL,93289.0,2019-03-01,252.0,2.3469%,0.0003,1.0357,0.8844,-0.3094,2.5051%,2.8274%,21.4952%,0.0121199999999999,MXL,0.004984,0.0031979999999999,0.0110429999999999,0.017769,0.0991249999999999
28715,NABORS INDUSTRIES LTD,Cooperman's Omega 13F Shows Cut Stake In Nabors Industries From ~10.4M Shares To ~8.78M Shares,6,decrease,0.7,0.6,"a significant reduction in stake by a notable investor like cooperman's omega may signal a lack of confidence in nabors industries, potentially leading to a decrease in stock price.",0,2019-02-14,NBR,2019-02-14 19:11:00+00:00,29102.0,G6359F13,0.0229507982730865,6549353.0,0.0256410781294107,0.0481099188327789,0.0062499940395355,0.050541553646326,0.0310558713972568,0.0036231849808245,-0.0542168170213699,-0.0612245127558708,-0.0127389170229435,-0.0841121450066566,0.0032258033752441,-0.0031055870931595,-0.0128617249429225,-0.0061728334985673,0.0716612488031387,0.0351437367498874,-0.0151975536718964,0.0574324578046798,0.0061728334985673,-0.0389610044658184,0.0797545984387397,0.0440677553415298,0.0170454382896423,0.0350877717137336,-0.0502792820334434,-0.0172414444386959,-0.0205882843583822,0.0175439268350601,-0.0390390008687973,0.0477940700948238,0.028124975040555,-0.0250895824283361,0.0579268485307693,-0.0882352888584137,0.0057636830024421,0.0624999366700649,-0.0085959807038307,0.0397112406790256,-0.0520231388509273,-0.0546075366437435,0.0792682915925979,0.0390071421861648,-0.0056497124023735,0.0,0.0113636255264282,-0.0505050830543041,0.0393258742988109,0.0033783752005547,-0.0567567646503448,0.1254752576351166,-0.0085959807038307,-0.0112781841307878,-0.0086705116555094,0.112970694899559,-0.0116617958992719,0.0213676039129495,0.0235987976193428,0.0684930831193924,-0.0086455252021551,0.0950000286102294,0.0988371819257736,-0.0049751196056604,0.0026455002371221,0.0468750186264514,-0.0079155601561069,-0.0679611563682556,0.0159574318677187,0.0899470672011375,0.0157068539410829,-0.050251267850399,0.0154639026150107,-0.0478468462824821,-0.0101522747427225,-0.0456621646881103,0.0128204999491572,-0.0600857809185981,-0.0506329238414764,-0.0331950858235359,-0.0079999919980764,-0.0511810556054115,-0.0107526779174804,-0.0486891791224479,0.0516303852200508,-0.0631578341126442,0.0284238085150718,0.0104165934026241,-0.0452261455357074,0.0397112406790256,0.0473684407770633,-0.1064515933394432,0.0075377412140369,0.01307188346982,-0.0423940904438495,0.0032786855008453,-0.0338541343808174,-0.0498442612588405,-0.0269542168825864,-0.0061919447034597,-0.0193905644118785,-0.0797720700502395,-0.0112994248047471,-0.0084745679050683,0.0371428914368152,-0.0301370229572057,-0.0137741565704345,-0.03947364538908,0.0418994687497615,-0.018087837845087,0.0294905882328748,-0.044444516301155,-0.0078124925494194,0.0125000476837158,0.0183727480471134,-0.0950226411223411,0.0025773169472813,0.0045454502105712,-0.0128535190597176,-0.0455531515181064,-0.0729166641831398,0.0359551310539245,0.0256410781294107,0.0481099188327789,0.0320513287544224,0.1010830225227121,0.0641025820955878,0.1050724499925574,-0.0064102505379454,-0.0498442671474173,0.0448718300197181,-0.0097402549481649,0.1059256474852019,0.5249999767918758,0.1445044112182383,-0.3001773802830982,2019-02-15,2019-02-19,2019-02-20,2019-02-21,2019-02-22,2019-02-25,2019-02-26,2019-02-27,2019-02-28,2019-03-01,29102.0,2019-02-14,252.0,2.2951%,-0.0019,1.8249,2.0784,1.8835,3.1125%,3.6877%,28.7626%,0.027,NBR,29102.0,2019-02-15,252.0,2.5641%,-0.0019,1.822,2.0749,1.8777,3.1128%,3.6832%,28.5733%,-0.0093169999999999,NBR,29102.0,2019-02-19,252.0,0.6250%,-0.0018,1.8324,2.054,1.8532,3.1040%,3.6787%,28.8040%,-0.008962,NBR,29102.0,2019-02-20,252.0,3.1056%,-0.0017,1.8373,2.0689,1.8717,3.1048%,3.6845%,28.9939%,0.012763,NBR,29102.0,2019-02-21,252.0,-5.4217%,-0.0019,1.8496,2.0851,1.8946,3.1145%,3.6981%,29.0728%,-0.041766,NBR,29102.0,2019-02-22,252.0,-1.2739%,-0.0018,1.8494,2.1133,1.9181,3.1117%,3.6984%,29.2090%,-0.008479,NBR,29102.0,2019-02-25,252.0,0.3226%,-0.002,1.8547,2.1131,1.9376,3.0991%,3.6901%,29.4699%,0.009299,NBR,29102.0,2019-02-26,252.0,-1.2862%,-0.002,1.8428,2.1081,1.9262,3.0984%,3.6846%,29.2902%,0.0099239999999999,NBR,29102.0,2019-02-27,252.0,7.1661%,-0.0017,1.8454,2.1241,1.9268,3.1297%,3.7137%,28.9798%,0.068209,NBR,29102.0,2019-02-28,252.0,-1.5198%,-0.0017,1.841,2.121,1.9245,3.1292%,3.7079%,28.7782%,-0.0051849999999999,NBR,29102.0,2019-03-01,252.0,0.6173%,-0.0017,1.8453,2.1273,1.9329,3.1289%,3.7045%,28.6617%,-0.005626,NBR,0.017683,0.008721,0.021484,-0.0287609999999999,0.04786
28723,NEW GOLD INC,"New Gold shares are trading lower after the company reported Q4 sales of $157.4 million, missing the $217.32 million estimate.",6,decrease,0.85,0.7,"the significant miss in sales estimates typically leads to negative investor sentiment, resulting in a decrease in stock price.",0,2019-02-14,NGD,2019-02-14 15:59:00+00:00,90433.0,64453510,-0.2576613128185272,21633007.0,-0.0788701921701431,-0.0387596525251865,0.0718245506286621,0.057376991957426,-0.0209066830575466,0.0517241917550563,-0.000337143370416,0.0357142500579357,0.0005620727897621,0.0090089999139308,0.0426966175436973,-0.0263157654553651,0.000215553009184,0.0270270016044378,-0.0593622326850891,-0.0263157654553651,0.0003435920225456,-0.0172413624823093,-0.0103044928982853,0.0,0.0004626876034308,0.0,0.006012984085828,-0.0169491376727819,-0.0089654978364706,0.0442477464675903,-0.0097425458952784,0.0761905238032341,0.0391192324459552,0.0294117368757724,-0.0424932353198528,0.0199999809265136,0.0123602282255888,0.0436234846711158,0.0286046154797077,-0.0605882406234741,-0.0281482711434364,-0.0285714026540517,0.045946255326271,0.0096153756603598,-0.049933273345232,-0.0370371118187904,0.0066721197217702,-0.0091743031516671,0.0111627718433737,-0.0180179998278617,-0.0033348717261105,-0.0901639461517334,-0.0021922432351857,0.1296296119689941,-0.0115633569657802,0.125000074505806,0.013687452301383,0.0741859376430511,0.0220426432788372,-0.0060060080140829,-0.0269873235374689,0.0894220620393753,-0.0008123441366478,0.0905126631259918,-0.0114982277154922,-0.0215902123600244,-0.023381533101201,-0.0147751346230506,0.01840709336102,-0.01071073487401,0.02220912091434,0.0183498635888099,0.0192996989935636,0.0688519924879074,0.0274375975131988,-0.0986525043845176,0.0461267083883285,0.036918357014656,-0.0188818462193012,-0.0356039181351661,-0.0155897447839379,-0.0135365780442953,-0.0050240154378116,0.0382375344634056,-0.0197585150599479,-0.0143516799435019,-0.0481522753834724,-0.0296682156622409,0.0352940820157527,-0.0184238776564598,-0.0267045069485902,0.0259756315499544,-0.0026853752788156,-0.048282254487276,0.0022243235725909,0.0946512073278427,0.0279172658920288,0.0425165854394435,0.0,-0.0227802228182554,0.0206817965954542,0.0152431251481175,-0.0475395172834396,-0.0278488006442785,0.0285213273018598,-0.0404510796070098,-0.0065916003659367,0.0153080457821488,-0.0638371109962463,-0.0286508686840534,0.0020774581935256,-0.0421491675078868,0.0048780585639178,-0.0379859581589698,0.0315534248948097,0.0294725149869918,-0.0363529436290264,-0.0404929853975772,-0.020632404834032,-0.0003299858944956,-0.0385190732777118,0.0072014243341982,0.0307273417711257,0.0618823133409023,-0.0788701921701431,-0.0387596525251865,-0.0127104576520977,0.0163934271610293,-0.0333514071999956,0.0689655556860853,-0.0331341626723579,0.1171171087652238,-0.0609450880323491,0.0689655538302773,-0.0646387657263085,0.638477819644724,-0.1363389176112488,0.4588235066113739,2019-02-15,2019-02-19,2019-02-20,2019-02-21,2019-02-22,2019-02-25,2019-02-26,2019-02-27,2019-02-28,2019-03-01,90433.0,2019-02-14,252.0,-25.7661%,-0.0028,0.3106,1.622,1.3434,4.4367%,4.5359%,4.3258%,-0.2594869999999999,NGD,90433.0,2019-02-15,252.0,-7.8870%,-0.0035,0.1981,1.5111,1.1478,4.4530%,4.5334%,3.5162%,-0.092983,NGD,90433.0,2019-02-19,252.0,7.1825%,-0.0031,0.2207,1.5397,1.178,4.4692%,4.5528%,3.6390%,0.063523,NGD,90433.0,2019-02-20,252.0,-2.0907%,-0.0031,0.2168,1.5489,1.1687,4.4652%,4.5493%,3.6628%,-0.031292,NGD,90433.0,2019-02-21,252.0,-0.0337%,-0.003,0.2128,1.5425,1.1614,4.4653%,4.5483%,3.6158%,0.004137,NGD,90433.0,2019-02-22,252.0,0.0562%,-0.003,0.2107,1.5598,1.1518,4.4652%,4.5483%,3.6186%,0.007667,NGD,90433.0,2019-02-25,252.0,4.2697%,-0.0028,0.2108,1.5346,1.139,4.4769%,4.5574%,3.5035%,0.048409,NGD,90433.0,2019-02-26,252.0,0.0216%,-0.0028,0.1867,1.5346,1.1209,4.4729%,4.5535%,3.5092%,0.014033,NGD,90433.0,2019-02-27,252.0,-5.9362%,-0.0031,0.1778,1.5331,1.1193,4.4866%,4.5667%,3.4777%,-0.061201,NGD,90433.0,2019-02-28,252.0,0.0344%,-0.0029,0.1503,1.5145,1.0978,4.4762%,4.5545%,3.4066%,0.003286,NGD,90433.0,2019-03-01,252.0,-1.0304%,-0.003,0.1597,1.5284,1.1163,4.4750%,4.5545%,3.4580%,-0.0114779999999999,NGD,-0.3524699999999999,-0.2889469999999999,-0.3202389999999999,-0.3084349999999999,-0.3153859999999999
28731,NEW GOLD INC,"New Gold Inc. Earlier Reported Q4 EPS $0.04 Beats $0.01 Estimate, Sales $157.4M Miss $217.32M Estimate",6,decrease,0.7,0.6,"while the eps beat expectations, the significant miss in sales suggests underlying issues that could negatively impact investor sentiment.",0,2019-02-14,NGD,2019-02-14 15:40:00+00:00,90433.0,64453510,-0.2576613128185272,21633007.0,-0.0788701921701431,-0.0387596525251865,0.0718245506286621,0.057376991957426,-0.0209066830575466,0.0517241917550563,-0.000337143370416,0.0357142500579357,0.0005620727897621,0.0090089999139308,0.0426966175436973,-0.0263157654553651,0.000215553009184,0.0270270016044378,-0.0593622326850891,-0.0263157654553651,0.0003435920225456,-0.0172413624823093,-0.0103044928982853,0.0,0.0004626876034308,0.0,0.006012984085828,-0.0169491376727819,-0.0089654978364706,0.0442477464675903,-0.0097425458952784,0.0761905238032341,0.0391192324459552,0.0294117368757724,-0.0424932353198528,0.0199999809265136,0.0123602282255888,0.0436234846711158,0.0286046154797077,-0.0605882406234741,-0.0281482711434364,-0.0285714026540517,0.045946255326271,0.0096153756603598,-0.049933273345232,-0.0370371118187904,0.0066721197217702,-0.0091743031516671,0.0111627718433737,-0.0180179998278617,-0.0033348717261105,-0.0901639461517334,-0.0021922432351857,0.1296296119689941,-0.0115633569657802,0.125000074505806,0.013687452301383,0.0741859376430511,0.0220426432788372,-0.0060060080140829,-0.0269873235374689,0.0894220620393753,-0.0008123441366478,0.0905126631259918,-0.0114982277154922,-0.0215902123600244,-0.023381533101201,-0.0147751346230506,0.01840709336102,-0.01071073487401,0.02220912091434,0.0183498635888099,0.0192996989935636,0.0688519924879074,0.0274375975131988,-0.0986525043845176,0.0461267083883285,0.036918357014656,-0.0188818462193012,-0.0356039181351661,-0.0155897447839379,-0.0135365780442953,-0.0050240154378116,0.0382375344634056,-0.0197585150599479,-0.0143516799435019,-0.0481522753834724,-0.0296682156622409,0.0352940820157527,-0.0184238776564598,-0.0267045069485902,0.0259756315499544,-0.0026853752788156,-0.048282254487276,0.0022243235725909,0.0946512073278427,0.0279172658920288,0.0425165854394435,0.0,-0.0227802228182554,0.0206817965954542,0.0152431251481175,-0.0475395172834396,-0.0278488006442785,0.0285213273018598,-0.0404510796070098,-0.0065916003659367,0.0153080457821488,-0.0638371109962463,-0.0286508686840534,0.0020774581935256,-0.0421491675078868,0.0048780585639178,-0.0379859581589698,0.0315534248948097,0.0294725149869918,-0.0363529436290264,-0.0404929853975772,-0.020632404834032,-0.0003299858944956,-0.0385190732777118,0.0072014243341982,0.0307273417711257,0.0618823133409023,-0.0788701921701431,-0.0387596525251865,-0.0127104576520977,0.0163934271610293,-0.0333514071999956,0.0689655556860853,-0.0331341626723579,0.1171171087652238,-0.0609450880323491,0.0689655538302773,-0.0646387657263085,0.638477819644724,-0.1363389176112488,0.4588235066113739,2019-02-15,2019-02-19,2019-02-20,2019-02-21,2019-02-22,2019-02-25,2019-02-26,2019-02-27,2019-02-28,2019-03-01,90433.0,2019-02-14,252.0,-25.7661%,-0.0028,0.3106,1.622,1.3434,4.4367%,4.5359%,4.3258%,-0.2594869999999999,NGD,90433.0,2019-02-15,252.0,-7.8870%,-0.0035,0.1981,1.5111,1.1478,4.4530%,4.5334%,3.5162%,-0.092983,NGD,90433.0,2019-02-19,252.0,7.1825%,-0.0031,0.2207,1.5397,1.178,4.4692%,4.5528%,3.6390%,0.063523,NGD,90433.0,2019-02-20,252.0,-2.0907%,-0.0031,0.2168,1.5489,1.1687,4.4652%,4.5493%,3.6628%,-0.031292,NGD,90433.0,2019-02-21,252.0,-0.0337%,-0.003,0.2128,1.5425,1.1614,4.4653%,4.5483%,3.6158%,0.004137,NGD,90433.0,2019-02-22,252.0,0.0562%,-0.003,0.2107,1.5598,1.1518,4.4652%,4.5483%,3.6186%,0.007667,NGD,90433.0,2019-02-25,252.0,4.2697%,-0.0028,0.2108,1.5346,1.139,4.4769%,4.5574%,3.5035%,0.048409,NGD,90433.0,2019-02-26,252.0,0.0216%,-0.0028,0.1867,1.5346,1.1209,4.4729%,4.5535%,3.5092%,0.014033,NGD,90433.0,2019-02-27,252.0,-5.9362%,-0.0031,0.1778,1.5331,1.1193,4.4866%,4.5667%,3.4777%,-0.061201,NGD,90433.0,2019-02-28,252.0,0.0344%,-0.0029,0.1503,1.5145,1.0978,4.4762%,4.5545%,3.4066%,0.003286,NGD,90433.0,2019-03-01,252.0,-1.0304%,-0.003,0.1597,1.5284,1.1163,4.4750%,4.5545%,3.4580%,-0.0114779999999999,NGD,-0.3524699999999999,-0.2889469999999999,-0.3202389999999999,-0.3084349999999999,-0.3153859999999999
28739,NEW GOLD INC,"New Gold Sees FY19 Rainy River Mine Gold Produced 245K-270K Oz., At Opex/Gold Equivalent Oz. $870-$950",6,increase,0.7,0.6,"the forecasted gold production range suggests strong operational performance, which may positively influence investor sentiment and stock price.",2,2019-02-14,NGD,2019-02-14 11:41:00+00:00,90433.0,64453510,-0.2576613128185272,21633007.0,-0.0788701921701431,-0.0387596525251865,0.0718245506286621,0.057376991957426,-0.0209066830575466,0.0517241917550563,-0.000337143370416,0.0357142500579357,0.0005620727897621,0.0090089999139308,0.0426966175436973,-0.0263157654553651,0.000215553009184,0.0270270016044378,-0.0593622326850891,-0.0263157654553651,0.0003435920225456,-0.0172413624823093,-0.0103044928982853,0.0,0.0004626876034308,0.0,0.006012984085828,-0.0169491376727819,-0.0089654978364706,0.0442477464675903,-0.0097425458952784,0.0761905238032341,0.0391192324459552,0.0294117368757724,-0.0424932353198528,0.0199999809265136,0.0123602282255888,0.0436234846711158,0.0286046154797077,-0.0605882406234741,-0.0281482711434364,-0.0285714026540517,0.045946255326271,0.0096153756603598,-0.049933273345232,-0.0370371118187904,0.0066721197217702,-0.0091743031516671,0.0111627718433737,-0.0180179998278617,-0.0033348717261105,-0.0901639461517334,-0.0021922432351857,0.1296296119689941,-0.0115633569657802,0.125000074505806,0.013687452301383,0.0741859376430511,0.0220426432788372,-0.0060060080140829,-0.0269873235374689,0.0894220620393753,-0.0008123441366478,0.0905126631259918,-0.0114982277154922,-0.0215902123600244,-0.023381533101201,-0.0147751346230506,0.01840709336102,-0.01071073487401,0.02220912091434,0.0183498635888099,0.0192996989935636,0.0688519924879074,0.0274375975131988,-0.0986525043845176,0.0461267083883285,0.036918357014656,-0.0188818462193012,-0.0356039181351661,-0.0155897447839379,-0.0135365780442953,-0.0050240154378116,0.0382375344634056,-0.0197585150599479,-0.0143516799435019,-0.0481522753834724,-0.0296682156622409,0.0352940820157527,-0.0184238776564598,-0.0267045069485902,0.0259756315499544,-0.0026853752788156,-0.048282254487276,0.0022243235725909,0.0946512073278427,0.0279172658920288,0.0425165854394435,0.0,-0.0227802228182554,0.0206817965954542,0.0152431251481175,-0.0475395172834396,-0.0278488006442785,0.0285213273018598,-0.0404510796070098,-0.0065916003659367,0.0153080457821488,-0.0638371109962463,-0.0286508686840534,0.0020774581935256,-0.0421491675078868,0.0048780585639178,-0.0379859581589698,0.0315534248948097,0.0294725149869918,-0.0363529436290264,-0.0404929853975772,-0.020632404834032,-0.0003299858944956,-0.0385190732777118,0.0072014243341982,0.0307273417711257,0.0618823133409023,-0.0788701921701431,-0.0387596525251865,-0.0127104576520977,0.0163934271610293,-0.0333514071999956,0.0689655556860853,-0.0331341626723579,0.1171171087652238,-0.0609450880323491,0.0689655538302773,-0.0646387657263085,0.638477819644724,-0.1363389176112488,0.4588235066113739,2019-02-15,2019-02-19,2019-02-20,2019-02-21,2019-02-22,2019-02-25,2019-02-26,2019-02-27,2019-02-28,2019-03-01,90433.0,2019-02-14,252.0,-25.7661%,-0.0028,0.3106,1.622,1.3434,4.4367%,4.5359%,4.3258%,-0.2594869999999999,NGD,90433.0,2019-02-15,252.0,-7.8870%,-0.0035,0.1981,1.5111,1.1478,4.4530%,4.5334%,3.5162%,-0.092983,NGD,90433.0,2019-02-19,252.0,7.1825%,-0.0031,0.2207,1.5397,1.178,4.4692%,4.5528%,3.6390%,0.063523,NGD,90433.0,2019-02-20,252.0,-2.0907%,-0.0031,0.2168,1.5489,1.1687,4.4652%,4.5493%,3.6628%,-0.031292,NGD,90433.0,2019-02-21,252.0,-0.0337%,-0.003,0.2128,1.5425,1.1614,4.4653%,4.5483%,3.6158%,0.004137,NGD,90433.0,2019-02-22,252.0,0.0562%,-0.003,0.2107,1.5598,1.1518,4.4652%,4.5483%,3.6186%,0.007667,NGD,90433.0,2019-02-25,252.0,4.2697%,-0.0028,0.2108,1.5346,1.139,4.4769%,4.5574%,3.5035%,0.048409,NGD,90433.0,2019-02-26,252.0,0.0216%,-0.0028,0.1867,1.5346,1.1209,4.4729%,4.5535%,3.5092%,0.014033,NGD,90433.0,2019-02-27,252.0,-5.9362%,-0.0031,0.1778,1.5331,1.1193,4.4866%,4.5667%,3.4777%,-0.061201,NGD,90433.0,2019-02-28,252.0,0.0344%,-0.0029,0.1503,1.5145,1.0978,4.4762%,4.5545%,3.4066%,0.003286,NGD,90433.0,2019-03-01,252.0,-1.0304%,-0.003,0.1597,1.5284,1.1163,4.4750%,4.5545%,3.4580%,-0.0114779999999999,NGD,-0.3524699999999999,-0.2889469999999999,-0.3202389999999999,-0.3084349999999999,-0.3153859999999999
28747,NICE LTD,"NICE-Systems Earlier Reported Q4 EPS $1.47 Beats $1.42 Estimate, Sales $419.89M Beat $417.04M Estimate",6,increase,0.8,0.6,"the reported earnings per share and sales both exceeded estimates, which typically signals strong performance and can lead to a positive reaction in the stock price.",2,2019-02-14,NICE,2019-02-14 14:12:00+00:00,82830.0,65365610,0.0411964729428291,362958.0,-0.0154825653880834,-0.0124701159074902,-0.0046304278075695,0.0100044915452599,0.0039497669786214,-0.0063022072426974,0.0048960060812532,0.0081432098522782,0.0100921876728534,0.0024219288025051,0.0164513662457466,-0.0073902076110243,-0.007372279651463,0.0085308635607361,0.0005121867870911,0.0088784508407115,0.004180934280157,0.0039108716882765,0.0032287980429828,0.0119649833068251,-0.0140594225376844,0.0072309146635234,-0.0035220654681324,0.0038154071662575,-0.0106896366924047,-0.0014867464778944,-0.0092367129400372,0.0078666787594556,0.0069481171667575,0.0047045540995895,0.006987536791712,0.0101701328530907,-0.0011275674914941,-0.008481778204441,0.0072941672988235,0.0053055193275213,0.0143103767186403,0.011402859352529,0.0113037070259451,-0.0092091634869575,0.011681648902595,0.0151310684159398,-0.0031566477846354,-0.035866942256689,-0.0019999821670353,0.0035434996243566,-0.0072645517066121,0.0077053159475326,-0.0158970430493354,-0.0123434048146009,-0.0065811676904559,0.0041002929210662,0.0116148879751563,-0.0038986892905086,0.0007654051296412,0.0263910461217165,0.0101130492985248,-0.0176883433014154,0.030708409845829,-0.0125681599602103,0.0155905317515134,0.0084808571264147,0.0002411089808447,-0.0038064806722104,0.0075532542541623,0.0088039943948388,-0.0177844781428575,0.0359984412789344,8.115058881230652e-05,-0.0184762142598629,0.0036535242106765,-0.0164855942130088,-0.0012943185865879,-0.0192007012665271,0.0120686693117022,-0.0050274501554667,0.0041616987437009,0.0004572752804961,0.0015939822187647,-0.0208631977438926,0.0071616261266171,-0.0092264097183942,0.017697699368,-0.0023895623162388,0.0156820453703403,0.0087491804733872,0.0219368264079093,-0.0016933584120124,0.0276738740503788,-0.0028439362067729,0.0056041069328784,-0.0127226859331131,-0.0007961251540109,-0.0132467430084943,-0.0014486234867945,-0.008583690971136,0.0028289523907005,0.0030997125431895,0.0037613329477608,0.0093864230439066,-0.0065576396882534,0.0001738233841024,-0.0160308051854372,0.0220327246934175,-0.0117213148623704,0.0066177593544125,0.0052215200848877,0.0119456984102726,-0.007346321363002,-0.0007234746590256,-0.0031397035345435,0.0007239984697662,0.0095987906679511,-0.0050422977656126,-0.0077991755679249,-0.0296199172735214,0.0047163115814328,0.0178761519491672,-0.0278668161481618,0.0188474245369434,-0.0154825653880834,-0.0124701159074902,-0.0200413022943474,-0.0025903815313952,-0.0161706937897366,-0.0088762636528442,-0.001376257131886,0.0016146432600883,0.0155685314186362,0.0277036569832529,0.0537588165239859,0.0318824956457128,0.1222260341226209,0.0117796609683635,2019-02-15,2019-02-19,2019-02-20,2019-02-21,2019-02-22,2019-02-25,2019-02-26,2019-02-27,2019-02-28,2019-03-01,82830.0,2019-02-14,252.0,4.1196%,0.0007,0.5402,-0.1526,-0.6542,1.0476%,1.3249%,37.4808%,0.039493,NICE,82830.0,2019-02-15,252.0,-1.5483%,0.0007,0.5341,-0.1601,-0.6669,1.0532%,1.3289%,37.1897%,-0.018166,NICE,82830.0,2019-02-19,252.0,-0.4630%,0.0006,0.5319,-0.1605,-0.6672,1.0531%,1.3260%,36.9254%,-0.00328,NICE,82830.0,2019-02-20,252.0,0.3950%,0.0006,0.5324,-0.165,-0.6668,1.0507%,1.3243%,37.0500%,0.006862,NICE,82830.0,2019-02-21,252.0,0.4896%,0.0005,0.5447,-0.139,-0.6443,1.0248%,1.3055%,38.3731%,0.005117,NICE,82830.0,2019-02-22,252.0,1.0092%,0.0004,0.546,-0.1636,-0.651,1.0188%,1.3044%,38.9981%,-0.002255,NICE,82830.0,2019-02-25,252.0,1.6451%,0.0005,0.5458,-0.1705,-0.6555,1.0223%,1.3081%,38.9217%,0.013935,NICE,82830.0,2019-02-26,252.0,-0.7372%,0.0004,0.5439,-0.1543,-0.6487,1.0235%,1.3050%,38.4988%,-0.0098529999999999,NICE,82830.0,2019-02-27,252.0,0.0512%,0.0004,0.5452,-0.1568,-0.6485,1.0233%,1.3048%,38.4913%,-0.000563,NICE,82830.0,2019-02-28,252.0,0.4181%,0.0004,0.5463,-0.156,-0.6486,1.0234%,1.3048%,38.4838%,0.004181,NICE,82830.0,2019-03-01,252.0,0.3229%,0.0004,0.5437,-0.1598,-0.651,1.0234%,1.3041%,38.4208%,-0.002936,NICE,0.021327,0.018047,0.024909,0.027771,0.032535
28755,N R G ENERGY INC,Cooperman's Omega 13F Shows Cut Stake In NRG Energy From ~1.2M Shares To ~1.03M Shares,6,decrease,0.7,0.5,"a reduction in stake by a notable investor like cooperman's omega may signal a lack of confidence in nrg energy, potentially leading to a decrease in stock price.",0,2019-02-14,NRG,2019-02-14 19:13:00+00:00,90071.0,62937750,0.0014101380947977,2409021.0,-0.003520336234942,0.0033010938204824,-0.0002354762546019,0.0037869785446673,-0.009187264367938,0.01004059612751,0.0095101688057184,0.0062545617111027,-0.0056523284874856,0.0173763837665319,-0.0090004988014698,0.0041779796592891,-0.0112332990393042,-0.0085283210501074,-0.0084602003917098,0.0058823940344154,0.0160897076129913,-0.0026888439897447,0.0124760186299681,0.018914870917797,-0.0116114141419529,0.0062609566375613,0.0007193142082542,-0.0052316663786768,-0.0086248349398374,-0.0193012673407793,-0.0033832620829343,-0.019170843064785,0.0053345635533332,0.0094339475035667,0.0079595232382416,0.0207407437264919,0.0275184903293848,0.0039662825874984,0.0027946610935032,-0.0175353437662124,-0.0278681069612503,0.0090932110324501,0.0026278214063495,0.0061819981783628,-0.0021443923469632,0.0194101464003324,0.0011938690440729,-0.0156327802687883,0.0138325309380888,-0.0027221136260777,0.0202305484563112,0.021744642406702,-0.0202904604375362,-0.0112500190734863,0.0150623526424169,0.0152283869683742,0.005332704167813,0.009221326559782,-0.0124538950622081,0.0341722108423709,-0.0014012464089319,-0.0094463555142283,-0.0065481476485729,-0.0376262106001377,-0.0164783615618944,0.0253754425793886,0.0138822849839925,0.0,-0.0004721543227788,0.0136483069509267,-0.0023617967963218,0.0513244122266769,-0.0040246681310236,-0.0260681919753551,-0.0028523635119199,-0.0264260098338127,0.0050059375353157,-0.0464072003960609,0.0023718802258372,-0.0198091845959425,0.0035494919866323,-0.0031692117918282,-0.0033010938204824,-0.0307183191180229,0.0004731596272904,-0.0084348786622285,-0.0061480761505663,0.0111348312348127,-0.0202236138284206,0.0129589857533574,-0.0043710614554584,0.0266074892133474,-0.0026829417329281,0.0014804188394919,0.0110051548108458,-0.0007397088920697,0.0002418558724457,0.0183278806507587,-0.011124525219202,0.0002511837228666,0.0007336458656936,0.0361696444451808,-0.0009774463251233,-0.0092807579785585,0.0078277178108692,-0.0147319799289107,-0.0150594841688871,0.0236609429121017,-0.0241676829755306,-0.0153610408306121,-0.0032853442244231,0.0161291044205427,-0.0276369210332632,0.0073374942876398,0.0078227659687399,0.0071259029209613,-0.0437258034944534,-0.0304504185914993,-0.0075757247395813,-0.0048382640816271,0.0171756017953157,0.0017857064958661,-0.0134012326598167,0.0040983567014336,-0.003520336234942,0.0033010938204824,-0.0037549835339525,0.0071005735366218,-0.0129077498754669,0.0172124636552868,-0.0091527663422763,0.0413607082668807,-0.0096221517385779,0.0597611112918017,-0.0030509522238438,0.0752829139117605,-0.1354887617089215,0.0907069860103135,2019-02-15,2019-02-19,2019-02-20,2019-02-21,2019-02-22,2019-02-25,2019-02-26,2019-02-27,2019-02-28,2019-03-01,90071.0,2019-02-14,252.0,0.1410%,0.002,0.5789,-0.2722,-0.4568,1.4448%,1.6341%,21.8211%,0.0012959999999999,NRG,90071.0,2019-02-15,252.0,-0.3520%,0.0019,0.5729,-0.2786,-0.4678,1.4460%,1.6341%,21.7010%,-0.007289,NRG,90071.0,2019-02-19,252.0,-0.0235%,0.0019,0.5707,-0.2765,-0.4653,1.4455%,1.6310%,21.4539%,0.000787,NRG,90071.0,2019-02-20,252.0,-0.9187%,0.0019,0.5684,-0.2809,-0.4734,1.4465%,1.6324%,21.4728%,-0.007204,NRG,90071.0,2019-02-21,252.0,0.9510%,0.0018,0.573,-0.2696,-0.465,1.4430%,1.6297%,21.6035%,0.010228,NRG,90071.0,2019-02-22,252.0,-0.5652%,0.0019,0.5742,-0.2419,-0.4252,1.4392%,1.6201%,21.0842%,-0.01483,NRG,90071.0,2019-02-25,252.0,-0.9000%,0.0018,0.575,-0.2346,-0.4182,1.4410%,1.6209%,20.9608%,-0.011356,NRG,90071.0,2019-02-26,252.0,-1.1233%,0.0016,0.5578,-0.1969,-0.412,1.4280%,1.5992%,20.2597%,-0.013295,NRG,90071.0,2019-02-27,252.0,-0.8460%,0.0016,0.5638,-0.2108,-0.4111,1.4268%,1.6000%,20.4691%,-0.009182,NRG,90071.0,2019-02-28,252.0,1.6090%,0.0017,0.5573,-0.2148,-0.4193,1.4294%,1.6002%,20.2053%,0.016752,NRG,90071.0,2019-03-01,252.0,1.2476%,0.0017,0.5568,-0.2156,-0.4227,1.4298%,1.6009%,20.2420%,0.007319,NRG,-0.005993,-0.005206,-0.01241,-0.017012,-0.026774
28763,INSIGHT ENTERPRISES INC,Insight Enterprises Sees FY19 EPS $4.75-$4.85 vs $4.55 Estimate,6,increase,0.8,0.6,"the company's earnings per share (eps) guidance for fy19 is higher than the analyst estimate, which is likely to be viewed positively by investors.",2,2019-02-14,NSIT,2019-02-14 13:02:00+00:00,81220.0,45765U10,0.1231913790106773,680121.0,0.0069930264726281,0.0098100863397121,0.0274122804403305,-0.0016670520417392,0.0245463754981756,0.015446538105607,-0.0097221797332167,0.0083208745345473,0.0045581753365695,0.0027812847401946,-0.0017451740568503,0.0002140410069841,-0.0127622298896312,-0.0084871957078576,-0.0061980215832591,0.0256800930947065,-0.0053456742316484,0.0006533666164614,0.0112862968817353,0.0083442525938153,-0.0042515797540545,0.0147058786824345,-0.0035580992698669,-0.0068598710931837,-0.0049990857951343,-0.009642831981182,-0.0132782682776451,0.024702500551939,0.0009092423133552,-0.0004489440761972,0.0207121986895799,0.0020242950413376,-0.0113919433206319,-0.0033625089563429,0.0133236916735768,0.0143247172236442,0.0163468737155199,0.017113734036684,-0.0059440587647259,-0.0073461821302771,0.0,0.013258890248835,-0.0084417788311839,-0.0053215995430946,-0.0015963134355843,0.0150305153802037,0.0147450342774391,0.0028262541163712,-0.0311624445021152,0.0104711716994643,0.0028912152629345,0.0071907774545252,0.0012612558202818,0.0145914955064654,-0.0062983348034322,0.0357682146131992,-0.0001811324909795,-0.0302881747484207,-0.0027168577071279,0.0046625430695712,0.0225208476185798,0.0124223604798317,-0.0113676628097891,0.0082665793597698,0.0010779980802908,0.0030150485690683,0.0052045420743525,0.0416121482849121,0.013033446855843,-0.0314322337508201,0.0096933245658874,-0.0347442664206028,-0.0120440293103456,0.001224871026352,0.0296819843351841,-0.010184334591031,0.0027453645598143,0.0014570512576028,0.0047912835143506,-0.0234763547778129,-0.0081743793562054,-0.0160989835858345,0.0096153421327471,-0.0023277113214135,-0.013605429790914,0.0170453917235136,-0.0151724321767687,-0.0160726439207792,-0.0068277204409241,0.0091678276658058,0.0206240434199571,-0.0276571214199066,-0.0082902135327458,-0.0020529231987893,-0.030302993953228,-0.0402802117168903,-0.0026939928065985,0.0246747061610221,0.0102647161111235,-0.0044662114232778,0.0085562095046043,0.0035858326591551,0.0302226766943931,0.0290590021759271,-0.0137244677171111,-0.0098196007311344,0.002957004122436,-0.0146264117211103,-0.0034686222206801,0.0079382732510566,-0.015837101265788,0.0103116584941744,0.0001768724323483,-0.020866060629487,-0.0070721628144383,-0.0242994874715805,-0.0110398670658469,-0.0030554209370166,-0.0397911258041858,0.0130444429814815,0.0069930264726281,0.0098100863397121,0.0345970017157528,0.0081266803735107,0.0599926082091544,0.0236987475571792,0.0544718277236486,0.0350877052767923,0.0388296035832307,0.0623627602507139,0.013249931752413,0.1872392921374208,-0.0185866476288827,0.0696440825115445,2019-02-15,2019-02-19,2019-02-20,2019-02-21,2019-02-22,2019-02-25,2019-02-26,2019-02-27,2019-02-28,2019-03-01,81220.0,2019-02-14,252.0,12.3191%,0.0017,0.9104,0.7118,-0.0646,1.9253%,2.2052%,23.7748%,0.121723,NSIT,81220.0,2019-02-15,252.0,0.6993%,0.0016,0.8972,0.6992,-0.087,1.9245%,2.1994%,23.4368%,-0.004863,NSIT,81220.0,2019-02-19,252.0,2.7412%,0.0017,0.9002,0.7148,-0.0696,1.9293%,2.2033%,23.3208%,0.023841,NSIT,81220.0,2019-02-20,252.0,2.4546%,0.0019,0.9071,0.7363,-0.0436,1.9312%,2.2065%,23.4019%,0.021546,NSIT,81220.0,2019-02-21,252.0,-0.9722%,0.0018,0.9101,0.7407,-0.0381,1.9317%,2.2076%,23.4310%,-0.006051,NSIT,81220.0,2019-02-22,252.0,0.4558%,0.0018,0.9115,0.7301,-0.03,1.9319%,2.2070%,23.3789%,-0.006091,NSIT,81220.0,2019-02-25,252.0,-0.1745%,0.0018,0.9097,0.7298,-0.0368,1.9295%,2.2051%,23.4331%,-0.001368,NSIT,81220.0,2019-02-26,252.0,-1.2762%,0.0018,0.9133,0.7384,-0.0298,1.9302%,2.2065%,23.4773%,-0.0068569999999999,NSIT,81220.0,2019-02-27,252.0,-0.6198%,0.0017,0.9091,0.7428,-0.0305,1.9304%,2.2050%,23.3539%,-0.008559,NSIT,81220.0,2019-02-28,252.0,-0.5346%,0.0017,0.909,0.7426,-0.0296,1.9306%,2.2035%,23.2331%,-0.002852,NSIT,81220.0,2019-03-01,252.0,1.1286%,0.0017,0.9029,0.7335,-0.0393,1.9295%,2.1992%,23.0206%,0.0023799999999999,NSIT,0.1168599999999999,0.140701,0.162247,0.150105,0.1328489999999999
28771,INSIGHT ENTERPRISES INC,"Insight Enterprises Q4 EPS $1.31 Beats $1.12 Estimate, Sales $1.75B Miss $1.76B Estimate",6,uncertain,0.6,0.3,"while the earnings per share (eps) beat estimates, the sales miss could lead to mixed reactions from investors, making the overall impact on the stock price uncertain.",1,2019-02-14,NSIT,2019-02-14 13:01:00+00:00,81220.0,45765U10,0.1231913790106773,680121.0,0.0069930264726281,0.0098100863397121,0.0274122804403305,-0.0016670520417392,0.0245463754981756,0.015446538105607,-0.0097221797332167,0.0083208745345473,0.0045581753365695,0.0027812847401946,-0.0017451740568503,0.0002140410069841,-0.0127622298896312,-0.0084871957078576,-0.0061980215832591,0.0256800930947065,-0.0053456742316484,0.0006533666164614,0.0112862968817353,0.0083442525938153,-0.0042515797540545,0.0147058786824345,-0.0035580992698669,-0.0068598710931837,-0.0049990857951343,-0.009642831981182,-0.0132782682776451,0.024702500551939,0.0009092423133552,-0.0004489440761972,0.0207121986895799,0.0020242950413376,-0.0113919433206319,-0.0033625089563429,0.0133236916735768,0.0143247172236442,0.0163468737155199,0.017113734036684,-0.0059440587647259,-0.0073461821302771,0.0,0.013258890248835,-0.0084417788311839,-0.0053215995430946,-0.0015963134355843,0.0150305153802037,0.0147450342774391,0.0028262541163712,-0.0311624445021152,0.0104711716994643,0.0028912152629345,0.0071907774545252,0.0012612558202818,0.0145914955064654,-0.0062983348034322,0.0357682146131992,-0.0001811324909795,-0.0302881747484207,-0.0027168577071279,0.0046625430695712,0.0225208476185798,0.0124223604798317,-0.0113676628097891,0.0082665793597698,0.0010779980802908,0.0030150485690683,0.0052045420743525,0.0416121482849121,0.013033446855843,-0.0314322337508201,0.0096933245658874,-0.0347442664206028,-0.0120440293103456,0.001224871026352,0.0296819843351841,-0.010184334591031,0.0027453645598143,0.0014570512576028,0.0047912835143506,-0.0234763547778129,-0.0081743793562054,-0.0160989835858345,0.0096153421327471,-0.0023277113214135,-0.013605429790914,0.0170453917235136,-0.0151724321767687,-0.0160726439207792,-0.0068277204409241,0.0091678276658058,0.0206240434199571,-0.0276571214199066,-0.0082902135327458,-0.0020529231987893,-0.030302993953228,-0.0402802117168903,-0.0026939928065985,0.0246747061610221,0.0102647161111235,-0.0044662114232778,0.0085562095046043,0.0035858326591551,0.0302226766943931,0.0290590021759271,-0.0137244677171111,-0.0098196007311344,0.002957004122436,-0.0146264117211103,-0.0034686222206801,0.0079382732510566,-0.015837101265788,0.0103116584941744,0.0001768724323483,-0.020866060629487,-0.0070721628144383,-0.0242994874715805,-0.0110398670658469,-0.0030554209370166,-0.0397911258041858,0.0130444429814815,0.0069930264726281,0.0098100863397121,0.0345970017157528,0.0081266803735107,0.0599926082091544,0.0236987475571792,0.0544718277236486,0.0350877052767923,0.0388296035832307,0.0623627602507139,0.013249931752413,0.1872392921374208,-0.0185866476288827,0.0696440825115445,2019-02-15,2019-02-19,2019-02-20,2019-02-21,2019-02-22,2019-02-25,2019-02-26,2019-02-27,2019-02-28,2019-03-01,81220.0,2019-02-14,252.0,12.3191%,0.0017,0.9104,0.7118,-0.0646,1.9253%,2.2052%,23.7748%,0.121723,NSIT,81220.0,2019-02-15,252.0,0.6993%,0.0016,0.8972,0.6992,-0.087,1.9245%,2.1994%,23.4368%,-0.004863,NSIT,81220.0,2019-02-19,252.0,2.7412%,0.0017,0.9002,0.7148,-0.0696,1.9293%,2.2033%,23.3208%,0.023841,NSIT,81220.0,2019-02-20,252.0,2.4546%,0.0019,0.9071,0.7363,-0.0436,1.9312%,2.2065%,23.4019%,0.021546,NSIT,81220.0,2019-02-21,252.0,-0.9722%,0.0018,0.9101,0.7407,-0.0381,1.9317%,2.2076%,23.4310%,-0.006051,NSIT,81220.0,2019-02-22,252.0,0.4558%,0.0018,0.9115,0.7301,-0.03,1.9319%,2.2070%,23.3789%,-0.006091,NSIT,81220.0,2019-02-25,252.0,-0.1745%,0.0018,0.9097,0.7298,-0.0368,1.9295%,2.2051%,23.4331%,-0.001368,NSIT,81220.0,2019-02-26,252.0,-1.2762%,0.0018,0.9133,0.7384,-0.0298,1.9302%,2.2065%,23.4773%,-0.0068569999999999,NSIT,81220.0,2019-02-27,252.0,-0.6198%,0.0017,0.9091,0.7428,-0.0305,1.9304%,2.2050%,23.3539%,-0.008559,NSIT,81220.0,2019-02-28,252.0,-0.5346%,0.0017,0.909,0.7426,-0.0296,1.9306%,2.2035%,23.2331%,-0.002852,NSIT,81220.0,2019-03-01,252.0,1.1286%,0.0017,0.9029,0.7335,-0.0393,1.9295%,2.1992%,23.0206%,0.0023799999999999,NSIT,0.1168599999999999,0.140701,0.162247,0.150105,0.1328489999999999
28779,NETAPP INC,"'A Negative Inflection': Wells Fargo, Morgan Stanley React To NetApp's Q3 Sales Miss, Weak Guidance",6,decrease,0.85,0.7,"the negative inflection and weak guidance from wells fargo and morgan stanley suggest a lack of confidence in netapp's future performance, likely leading to a decrease in stock price.",0,2019-02-14,NTAP,2019-02-14 20:03:00+00:00,82598.0,64110D10,-0.0547883994877338,10069247.0,0.0058121103793382,0.0031277791131287,0.0034359085839241,0.0183527842164039,0.0158754345029592,-0.0010606014402583,0.0026046545244753,-0.0147782936692237,0.0088629918172955,-0.0171655770391225,-0.0003028876672033,0.0075388341210782,0.0115151843056082,0.0077462280169129,-0.010185744613409,0.0202126763761043,-0.0133172646164894,0.0318331904709339,0.0156442373991012,0.0061533511616289,-0.0252189394086599,0.012621839530766,0.002323685446754,-0.0098085580393671,-0.0117464968934655,-0.0081594297662377,-0.0075070308521389,0.0284008122980594,-0.0042546559125185,0.0139071056619286,0.0327584035694599,-0.0056938715279102,0.0027582026086747,-0.0239758379757404,0.0019865105859935,0.0171188861131668,0.0025926211383193,-0.002898555714637,0.0352905355393886,-0.0057636988349258,-0.0168967675417661,0.0200881846249103,-0.0046331663616001,-0.006812684237957,0.0145645830780267,0.0030914812814444,0.0287110023200511,0.0210998579859733,-0.0384118221700191,0.0259076282382011,0.0004489289422053,-0.0077795176766812,0.0113652534782886,-0.0050479425117373,-0.0068017020821571,0.0339248552918434,0.0032752898987382,-0.0407689847052097,0.0289359986782074,0.0112284561619162,0.0149985719472169,0.0098155019804835,0.0053993305191397,-0.0052188783884048,0.0233182795345783,0.0264386143535375,-0.0071814083494246,0.0556366145610809,0.0092321122065186,-0.0340088158845901,0.0113652069121599,-0.019184248521924,-0.0026038431096822,-0.0254336930811405,0.0201978739351034,-0.0428824760019779,0.0167003087699413,0.0405971854925155,0.0018545422935858,-0.0296272132545709,0.0070078861899673,-0.0207237247377634,0.0166753754019737,-0.0305980462580919,0.0030995463021099,0.0079439589753746,0.0002575546968728,-0.0217888224869966,-0.0127430232241749,0.019257616251707,-0.0007822368061169,-0.0597255229949951,-0.0409707650542259,0.0075033414177596,0.0001360834867227,-0.0280280150473117,-0.0219017900526523,0.0457603931427002,0.0137690939009189,-0.0078634833917021,-0.0005487846792675,-0.0299366973340511,-0.0146877104416489,0.0328527837991714,-0.001393124461174,-0.0072314860299229,0.0066964752040803,0.0319829173386097,-0.0198170766234397,-0.0037930510006845,-0.0224799085408449,-0.026008490473032,-0.0031819674186408,0.0057966616004705,-0.0055135991424322,-0.0641908049583435,0.003209822345525,0.0437717698514461,-0.0404304638504982,-0.1172626093029976,0.0058121103793382,0.0031277791131287,0.0092679888432054,0.0215379667846726,0.025290556696019,0.0204545221458223,0.0370718950628077,-0.0118838783738547,0.040213656768663,0.062638013353292,0.0892239454860981,0.1365625162079717,0.0422427574228965,-0.1308639696497747,2019-02-15,2019-02-19,2019-02-20,2019-02-21,2019-02-22,2019-02-25,2019-02-26,2019-02-27,2019-02-28,2019-03-01,82598.0,2019-02-14,252.0,-5.4788%,0.0001,1.1684,-0.0598,-0.6314,1.6873%,2.2173%,42.0941%,-0.056179,NTAP,82598.0,2019-02-15,252.0,0.5812%,-0.0,1.1508,-0.0761,-0.6606,1.6837%,2.2084%,41.8772%,-0.004311,NTAP,82598.0,2019-02-19,252.0,0.3436%,0.0003,1.1727,-0.1038,-0.6937,1.6288%,2.1862%,44.4896%,0.003352,NTAP,82598.0,2019-02-20,252.0,1.5875%,0.0004,1.1793,-0.0806,-0.6679,1.6278%,2.1843%,44.4612%,0.017591,NTAP,82598.0,2019-02-21,252.0,0.2605%,0.0003,1.1901,-0.0577,-0.6482,1.6148%,2.1777%,45.0114%,0.0052759999999999,NTAP,82598.0,2019-02-22,252.0,0.8863%,0.0002,1.192,-0.0795,-0.6443,1.6130%,2.1778%,45.1419%,-0.008184,NTAP,82598.0,2019-02-25,252.0,-0.0303%,0.0002,1.1918,-0.0779,-0.6443,1.6131%,2.1778%,45.1344%,-0.003557,NTAP,82598.0,2019-02-26,252.0,1.1515%,0.0003,1.1911,-0.0917,-0.6519,1.6144%,2.1763%,44.9703%,0.010697,NTAP,82598.0,2019-02-27,252.0,-1.0186%,0.0002,1.1914,-0.0959,-0.6519,1.6162%,2.1759%,44.8291%,-0.011966,NTAP,82598.0,2019-02-28,252.0,-1.3317%,0.0001,1.2015,-0.0893,-0.6418,1.6152%,2.1777%,44.9877%,-0.011335,NTAP,82598.0,2019-03-01,252.0,1.5644%,0.0001,1.2106,-0.0758,-0.6299,1.6132%,2.1797%,45.2235%,0.004595,NTAP,-0.06049,-0.057138,-0.039547,-0.0424549999999999,-0.0540209999999999
28787,NETAPP INC,"Citigroup Maintains Neutral on NetApp, Lowers Price Target to $75",6,decrease,0.7,0.6,"a downgrade in price target typically signals reduced expectations for a company's future performance, which can lead to a decrease in stock price.",0,2019-02-14,NTAP,2019-02-14 14:06:00+00:00,82598.0,64110D10,-0.0547883994877338,10069247.0,0.0058121103793382,0.0031277791131287,0.0034359085839241,0.0183527842164039,0.0158754345029592,-0.0010606014402583,0.0026046545244753,-0.0147782936692237,0.0088629918172955,-0.0171655770391225,-0.0003028876672033,0.0075388341210782,0.0115151843056082,0.0077462280169129,-0.010185744613409,0.0202126763761043,-0.0133172646164894,0.0318331904709339,0.0156442373991012,0.0061533511616289,-0.0252189394086599,0.012621839530766,0.002323685446754,-0.0098085580393671,-0.0117464968934655,-0.0081594297662377,-0.0075070308521389,0.0284008122980594,-0.0042546559125185,0.0139071056619286,0.0327584035694599,-0.0056938715279102,0.0027582026086747,-0.0239758379757404,0.0019865105859935,0.0171188861131668,0.0025926211383193,-0.002898555714637,0.0352905355393886,-0.0057636988349258,-0.0168967675417661,0.0200881846249103,-0.0046331663616001,-0.006812684237957,0.0145645830780267,0.0030914812814444,0.0287110023200511,0.0210998579859733,-0.0384118221700191,0.0259076282382011,0.0004489289422053,-0.0077795176766812,0.0113652534782886,-0.0050479425117373,-0.0068017020821571,0.0339248552918434,0.0032752898987382,-0.0407689847052097,0.0289359986782074,0.0112284561619162,0.0149985719472169,0.0098155019804835,0.0053993305191397,-0.0052188783884048,0.0233182795345783,0.0264386143535375,-0.0071814083494246,0.0556366145610809,0.0092321122065186,-0.0340088158845901,0.0113652069121599,-0.019184248521924,-0.0026038431096822,-0.0254336930811405,0.0201978739351034,-0.0428824760019779,0.0167003087699413,0.0405971854925155,0.0018545422935858,-0.0296272132545709,0.0070078861899673,-0.0207237247377634,0.0166753754019737,-0.0305980462580919,0.0030995463021099,0.0079439589753746,0.0002575546968728,-0.0217888224869966,-0.0127430232241749,0.019257616251707,-0.0007822368061169,-0.0597255229949951,-0.0409707650542259,0.0075033414177596,0.0001360834867227,-0.0280280150473117,-0.0219017900526523,0.0457603931427002,0.0137690939009189,-0.0078634833917021,-0.0005487846792675,-0.0299366973340511,-0.0146877104416489,0.0328527837991714,-0.001393124461174,-0.0072314860299229,0.0066964752040803,0.0319829173386097,-0.0198170766234397,-0.0037930510006845,-0.0224799085408449,-0.026008490473032,-0.0031819674186408,0.0057966616004705,-0.0055135991424322,-0.0641908049583435,0.003209822345525,0.0437717698514461,-0.0404304638504982,-0.1172626093029976,0.0058121103793382,0.0031277791131287,0.0092679888432054,0.0215379667846726,0.025290556696019,0.0204545221458223,0.0370718950628077,-0.0118838783738547,0.040213656768663,0.062638013353292,0.0892239454860981,0.1365625162079717,0.0422427574228965,-0.1308639696497747,2019-02-15,2019-02-19,2019-02-20,2019-02-21,2019-02-22,2019-02-25,2019-02-26,2019-02-27,2019-02-28,2019-03-01,82598.0,2019-02-14,252.0,-5.4788%,0.0001,1.1684,-0.0598,-0.6314,1.6873%,2.2173%,42.0941%,-0.056179,NTAP,82598.0,2019-02-15,252.0,0.5812%,-0.0,1.1508,-0.0761,-0.6606,1.6837%,2.2084%,41.8772%,-0.004311,NTAP,82598.0,2019-02-19,252.0,0.3436%,0.0003,1.1727,-0.1038,-0.6937,1.6288%,2.1862%,44.4896%,0.003352,NTAP,82598.0,2019-02-20,252.0,1.5875%,0.0004,1.1793,-0.0806,-0.6679,1.6278%,2.1843%,44.4612%,0.017591,NTAP,82598.0,2019-02-21,252.0,0.2605%,0.0003,1.1901,-0.0577,-0.6482,1.6148%,2.1777%,45.0114%,0.0052759999999999,NTAP,82598.0,2019-02-22,252.0,0.8863%,0.0002,1.192,-0.0795,-0.6443,1.6130%,2.1778%,45.1419%,-0.008184,NTAP,82598.0,2019-02-25,252.0,-0.0303%,0.0002,1.1918,-0.0779,-0.6443,1.6131%,2.1778%,45.1344%,-0.003557,NTAP,82598.0,2019-02-26,252.0,1.1515%,0.0003,1.1911,-0.0917,-0.6519,1.6144%,2.1763%,44.9703%,0.010697,NTAP,82598.0,2019-02-27,252.0,-1.0186%,0.0002,1.1914,-0.0959,-0.6519,1.6162%,2.1759%,44.8291%,-0.011966,NTAP,82598.0,2019-02-28,252.0,-1.3317%,0.0001,1.2015,-0.0893,-0.6418,1.6152%,2.1777%,44.9877%,-0.011335,NTAP,82598.0,2019-03-01,252.0,1.5644%,0.0001,1.2106,-0.0758,-0.6299,1.6132%,2.1797%,45.2235%,0.004595,NTAP,-0.06049,-0.057138,-0.039547,-0.0424549999999999,-0.0540209999999999
28795,NETAPP INC,"Wells Fargo Maintains Market Perform on NetApp, Lowers Price Target to $70",6,decrease,0.7,0.6,"lowering the price target typically signals reduced expectations for the stock's future performance, which can lead to a decrease in stock price.",0,2019-02-14,NTAP,2019-02-14 13:50:00+00:00,82598.0,64110D10,-0.0547883994877338,10069247.0,0.0058121103793382,0.0031277791131287,0.0034359085839241,0.0183527842164039,0.0158754345029592,-0.0010606014402583,0.0026046545244753,-0.0147782936692237,0.0088629918172955,-0.0171655770391225,-0.0003028876672033,0.0075388341210782,0.0115151843056082,0.0077462280169129,-0.010185744613409,0.0202126763761043,-0.0133172646164894,0.0318331904709339,0.0156442373991012,0.0061533511616289,-0.0252189394086599,0.012621839530766,0.002323685446754,-0.0098085580393671,-0.0117464968934655,-0.0081594297662377,-0.0075070308521389,0.0284008122980594,-0.0042546559125185,0.0139071056619286,0.0327584035694599,-0.0056938715279102,0.0027582026086747,-0.0239758379757404,0.0019865105859935,0.0171188861131668,0.0025926211383193,-0.002898555714637,0.0352905355393886,-0.0057636988349258,-0.0168967675417661,0.0200881846249103,-0.0046331663616001,-0.006812684237957,0.0145645830780267,0.0030914812814444,0.0287110023200511,0.0210998579859733,-0.0384118221700191,0.0259076282382011,0.0004489289422053,-0.0077795176766812,0.0113652534782886,-0.0050479425117373,-0.0068017020821571,0.0339248552918434,0.0032752898987382,-0.0407689847052097,0.0289359986782074,0.0112284561619162,0.0149985719472169,0.0098155019804835,0.0053993305191397,-0.0052188783884048,0.0233182795345783,0.0264386143535375,-0.0071814083494246,0.0556366145610809,0.0092321122065186,-0.0340088158845901,0.0113652069121599,-0.019184248521924,-0.0026038431096822,-0.0254336930811405,0.0201978739351034,-0.0428824760019779,0.0167003087699413,0.0405971854925155,0.0018545422935858,-0.0296272132545709,0.0070078861899673,-0.0207237247377634,0.0166753754019737,-0.0305980462580919,0.0030995463021099,0.0079439589753746,0.0002575546968728,-0.0217888224869966,-0.0127430232241749,0.019257616251707,-0.0007822368061169,-0.0597255229949951,-0.0409707650542259,0.0075033414177596,0.0001360834867227,-0.0280280150473117,-0.0219017900526523,0.0457603931427002,0.0137690939009189,-0.0078634833917021,-0.0005487846792675,-0.0299366973340511,-0.0146877104416489,0.0328527837991714,-0.001393124461174,-0.0072314860299229,0.0066964752040803,0.0319829173386097,-0.0198170766234397,-0.0037930510006845,-0.0224799085408449,-0.026008490473032,-0.0031819674186408,0.0057966616004705,-0.0055135991424322,-0.0641908049583435,0.003209822345525,0.0437717698514461,-0.0404304638504982,-0.1172626093029976,0.0058121103793382,0.0031277791131287,0.0092679888432054,0.0215379667846726,0.025290556696019,0.0204545221458223,0.0370718950628077,-0.0118838783738547,0.040213656768663,0.062638013353292,0.0892239454860981,0.1365625162079717,0.0422427574228965,-0.1308639696497747,2019-02-15,2019-02-19,2019-02-20,2019-02-21,2019-02-22,2019-02-25,2019-02-26,2019-02-27,2019-02-28,2019-03-01,82598.0,2019-02-14,252.0,-5.4788%,0.0001,1.1684,-0.0598,-0.6314,1.6873%,2.2173%,42.0941%,-0.056179,NTAP,82598.0,2019-02-15,252.0,0.5812%,-0.0,1.1508,-0.0761,-0.6606,1.6837%,2.2084%,41.8772%,-0.004311,NTAP,82598.0,2019-02-19,252.0,0.3436%,0.0003,1.1727,-0.1038,-0.6937,1.6288%,2.1862%,44.4896%,0.003352,NTAP,82598.0,2019-02-20,252.0,1.5875%,0.0004,1.1793,-0.0806,-0.6679,1.6278%,2.1843%,44.4612%,0.017591,NTAP,82598.0,2019-02-21,252.0,0.2605%,0.0003,1.1901,-0.0577,-0.6482,1.6148%,2.1777%,45.0114%,0.0052759999999999,NTAP,82598.0,2019-02-22,252.0,0.8863%,0.0002,1.192,-0.0795,-0.6443,1.6130%,2.1778%,45.1419%,-0.008184,NTAP,82598.0,2019-02-25,252.0,-0.0303%,0.0002,1.1918,-0.0779,-0.6443,1.6131%,2.1778%,45.1344%,-0.003557,NTAP,82598.0,2019-02-26,252.0,1.1515%,0.0003,1.1911,-0.0917,-0.6519,1.6144%,2.1763%,44.9703%,0.010697,NTAP,82598.0,2019-02-27,252.0,-1.0186%,0.0002,1.1914,-0.0959,-0.6519,1.6162%,2.1759%,44.8291%,-0.011966,NTAP,82598.0,2019-02-28,252.0,-1.3317%,0.0001,1.2015,-0.0893,-0.6418,1.6152%,2.1777%,44.9877%,-0.011335,NTAP,82598.0,2019-03-01,252.0,1.5644%,0.0001,1.2106,-0.0758,-0.6299,1.6132%,2.1797%,45.2235%,0.004595,NTAP,-0.06049,-0.057138,-0.039547,-0.0424549999999999,-0.0540209999999999
28803,NETAPP INC,NetApp shares are trading lower after the company reported mixed Q3 earnings results and announced worse than expected Q4 revenue guidance.,6,decrease,0.8,0.7,"the mixed q3 earnings results and worse than expected q4 revenue guidance are likely to lead to negative investor sentiment, resulting in a decrease in netapp's stock price.",0,2019-02-14,NTAP,2019-02-14 13:24:00+00:00,82598.0,64110D10,-0.0547883994877338,10069247.0,0.0058121103793382,0.0031277791131287,0.0034359085839241,0.0183527842164039,0.0158754345029592,-0.0010606014402583,0.0026046545244753,-0.0147782936692237,0.0088629918172955,-0.0171655770391225,-0.0003028876672033,0.0075388341210782,0.0115151843056082,0.0077462280169129,-0.010185744613409,0.0202126763761043,-0.0133172646164894,0.0318331904709339,0.0156442373991012,0.0061533511616289,-0.0252189394086599,0.012621839530766,0.002323685446754,-0.0098085580393671,-0.0117464968934655,-0.0081594297662377,-0.0075070308521389,0.0284008122980594,-0.0042546559125185,0.0139071056619286,0.0327584035694599,-0.0056938715279102,0.0027582026086747,-0.0239758379757404,0.0019865105859935,0.0171188861131668,0.0025926211383193,-0.002898555714637,0.0352905355393886,-0.0057636988349258,-0.0168967675417661,0.0200881846249103,-0.0046331663616001,-0.006812684237957,0.0145645830780267,0.0030914812814444,0.0287110023200511,0.0210998579859733,-0.0384118221700191,0.0259076282382011,0.0004489289422053,-0.0077795176766812,0.0113652534782886,-0.0050479425117373,-0.0068017020821571,0.0339248552918434,0.0032752898987382,-0.0407689847052097,0.0289359986782074,0.0112284561619162,0.0149985719472169,0.0098155019804835,0.0053993305191397,-0.0052188783884048,0.0233182795345783,0.0264386143535375,-0.0071814083494246,0.0556366145610809,0.0092321122065186,-0.0340088158845901,0.0113652069121599,-0.019184248521924,-0.0026038431096822,-0.0254336930811405,0.0201978739351034,-0.0428824760019779,0.0167003087699413,0.0405971854925155,0.0018545422935858,-0.0296272132545709,0.0070078861899673,-0.0207237247377634,0.0166753754019737,-0.0305980462580919,0.0030995463021099,0.0079439589753746,0.0002575546968728,-0.0217888224869966,-0.0127430232241749,0.019257616251707,-0.0007822368061169,-0.0597255229949951,-0.0409707650542259,0.0075033414177596,0.0001360834867227,-0.0280280150473117,-0.0219017900526523,0.0457603931427002,0.0137690939009189,-0.0078634833917021,-0.0005487846792675,-0.0299366973340511,-0.0146877104416489,0.0328527837991714,-0.001393124461174,-0.0072314860299229,0.0066964752040803,0.0319829173386097,-0.0198170766234397,-0.0037930510006845,-0.0224799085408449,-0.026008490473032,-0.0031819674186408,0.0057966616004705,-0.0055135991424322,-0.0641908049583435,0.003209822345525,0.0437717698514461,-0.0404304638504982,-0.1172626093029976,0.0058121103793382,0.0031277791131287,0.0092679888432054,0.0215379667846726,0.025290556696019,0.0204545221458223,0.0370718950628077,-0.0118838783738547,0.040213656768663,0.062638013353292,0.0892239454860981,0.1365625162079717,0.0422427574228965,-0.1308639696497747,2019-02-15,2019-02-19,2019-02-20,2019-02-21,2019-02-22,2019-02-25,2019-02-26,2019-02-27,2019-02-28,2019-03-01,82598.0,2019-02-14,252.0,-5.4788%,0.0001,1.1684,-0.0598,-0.6314,1.6873%,2.2173%,42.0941%,-0.056179,NTAP,82598.0,2019-02-15,252.0,0.5812%,-0.0,1.1508,-0.0761,-0.6606,1.6837%,2.2084%,41.8772%,-0.004311,NTAP,82598.0,2019-02-19,252.0,0.3436%,0.0003,1.1727,-0.1038,-0.6937,1.6288%,2.1862%,44.4896%,0.003352,NTAP,82598.0,2019-02-20,252.0,1.5875%,0.0004,1.1793,-0.0806,-0.6679,1.6278%,2.1843%,44.4612%,0.017591,NTAP,82598.0,2019-02-21,252.0,0.2605%,0.0003,1.1901,-0.0577,-0.6482,1.6148%,2.1777%,45.0114%,0.0052759999999999,NTAP,82598.0,2019-02-22,252.0,0.8863%,0.0002,1.192,-0.0795,-0.6443,1.6130%,2.1778%,45.1419%,-0.008184,NTAP,82598.0,2019-02-25,252.0,-0.0303%,0.0002,1.1918,-0.0779,-0.6443,1.6131%,2.1778%,45.1344%,-0.003557,NTAP,82598.0,2019-02-26,252.0,1.1515%,0.0003,1.1911,-0.0917,-0.6519,1.6144%,2.1763%,44.9703%,0.010697,NTAP,82598.0,2019-02-27,252.0,-1.0186%,0.0002,1.1914,-0.0959,-0.6519,1.6162%,2.1759%,44.8291%,-0.011966,NTAP,82598.0,2019-02-28,252.0,-1.3317%,0.0001,1.2015,-0.0893,-0.6418,1.6152%,2.1777%,44.9877%,-0.011335,NTAP,82598.0,2019-03-01,252.0,1.5644%,0.0001,1.2106,-0.0758,-0.6299,1.6132%,2.1797%,45.2235%,0.004595,NTAP,-0.06049,-0.057138,-0.039547,-0.0424549999999999,-0.0540209999999999
28811,NETAPP INC,William Blair Downgrades NetApp to Market Perform,6,decrease,0.8,0.7,"a downgrade from an investment firm typically signals reduced confidence in the company's future performance, which can lead to a decrease in stock price.",0,2019-02-14,NTAP,2019-02-14 12:19:00+00:00,82598.0,64110D10,-0.0547883994877338,10069247.0,0.0058121103793382,0.0031277791131287,0.0034359085839241,0.0183527842164039,0.0158754345029592,-0.0010606014402583,0.0026046545244753,-0.0147782936692237,0.0088629918172955,-0.0171655770391225,-0.0003028876672033,0.0075388341210782,0.0115151843056082,0.0077462280169129,-0.010185744613409,0.0202126763761043,-0.0133172646164894,0.0318331904709339,0.0156442373991012,0.0061533511616289,-0.0252189394086599,0.012621839530766,0.002323685446754,-0.0098085580393671,-0.0117464968934655,-0.0081594297662377,-0.0075070308521389,0.0284008122980594,-0.0042546559125185,0.0139071056619286,0.0327584035694599,-0.0056938715279102,0.0027582026086747,-0.0239758379757404,0.0019865105859935,0.0171188861131668,0.0025926211383193,-0.002898555714637,0.0352905355393886,-0.0057636988349258,-0.0168967675417661,0.0200881846249103,-0.0046331663616001,-0.006812684237957,0.0145645830780267,0.0030914812814444,0.0287110023200511,0.0210998579859733,-0.0384118221700191,0.0259076282382011,0.0004489289422053,-0.0077795176766812,0.0113652534782886,-0.0050479425117373,-0.0068017020821571,0.0339248552918434,0.0032752898987382,-0.0407689847052097,0.0289359986782074,0.0112284561619162,0.0149985719472169,0.0098155019804835,0.0053993305191397,-0.0052188783884048,0.0233182795345783,0.0264386143535375,-0.0071814083494246,0.0556366145610809,0.0092321122065186,-0.0340088158845901,0.0113652069121599,-0.019184248521924,-0.0026038431096822,-0.0254336930811405,0.0201978739351034,-0.0428824760019779,0.0167003087699413,0.0405971854925155,0.0018545422935858,-0.0296272132545709,0.0070078861899673,-0.0207237247377634,0.0166753754019737,-0.0305980462580919,0.0030995463021099,0.0079439589753746,0.0002575546968728,-0.0217888224869966,-0.0127430232241749,0.019257616251707,-0.0007822368061169,-0.0597255229949951,-0.0409707650542259,0.0075033414177596,0.0001360834867227,-0.0280280150473117,-0.0219017900526523,0.0457603931427002,0.0137690939009189,-0.0078634833917021,-0.0005487846792675,-0.0299366973340511,-0.0146877104416489,0.0328527837991714,-0.001393124461174,-0.0072314860299229,0.0066964752040803,0.0319829173386097,-0.0198170766234397,-0.0037930510006845,-0.0224799085408449,-0.026008490473032,-0.0031819674186408,0.0057966616004705,-0.0055135991424322,-0.0641908049583435,0.003209822345525,0.0437717698514461,-0.0404304638504982,-0.1172626093029976,0.0058121103793382,0.0031277791131287,0.0092679888432054,0.0215379667846726,0.025290556696019,0.0204545221458223,0.0370718950628077,-0.0118838783738547,0.040213656768663,0.062638013353292,0.0892239454860981,0.1365625162079717,0.0422427574228965,-0.1308639696497747,2019-02-15,2019-02-19,2019-02-20,2019-02-21,2019-02-22,2019-02-25,2019-02-26,2019-02-27,2019-02-28,2019-03-01,82598.0,2019-02-14,252.0,-5.4788%,0.0001,1.1684,-0.0598,-0.6314,1.6873%,2.2173%,42.0941%,-0.056179,NTAP,82598.0,2019-02-15,252.0,0.5812%,-0.0,1.1508,-0.0761,-0.6606,1.6837%,2.2084%,41.8772%,-0.004311,NTAP,82598.0,2019-02-19,252.0,0.3436%,0.0003,1.1727,-0.1038,-0.6937,1.6288%,2.1862%,44.4896%,0.003352,NTAP,82598.0,2019-02-20,252.0,1.5875%,0.0004,1.1793,-0.0806,-0.6679,1.6278%,2.1843%,44.4612%,0.017591,NTAP,82598.0,2019-02-21,252.0,0.2605%,0.0003,1.1901,-0.0577,-0.6482,1.6148%,2.1777%,45.0114%,0.0052759999999999,NTAP,82598.0,2019-02-22,252.0,0.8863%,0.0002,1.192,-0.0795,-0.6443,1.6130%,2.1778%,45.1419%,-0.008184,NTAP,82598.0,2019-02-25,252.0,-0.0303%,0.0002,1.1918,-0.0779,-0.6443,1.6131%,2.1778%,45.1344%,-0.003557,NTAP,82598.0,2019-02-26,252.0,1.1515%,0.0003,1.1911,-0.0917,-0.6519,1.6144%,2.1763%,44.9703%,0.010697,NTAP,82598.0,2019-02-27,252.0,-1.0186%,0.0002,1.1914,-0.0959,-0.6519,1.6162%,2.1759%,44.8291%,-0.011966,NTAP,82598.0,2019-02-28,252.0,-1.3317%,0.0001,1.2015,-0.0893,-0.6418,1.6152%,2.1777%,44.9877%,-0.011335,NTAP,82598.0,2019-03-01,252.0,1.5644%,0.0001,1.2106,-0.0758,-0.6299,1.6132%,2.1797%,45.2235%,0.004595,NTAP,-0.06049,-0.057138,-0.039547,-0.0424549999999999,-0.0540209999999999
28819,NETAPP INC,"JP Morgan Downgrades NetApp to Neutral, Lowers Price Target to $75",6,decrease,0.8,0.6,"a downgrade from jp morgan typically signals reduced confidence in the stock's performance, likely leading to a decrease in its price.",0,2019-02-14,NTAP,2019-02-14 11:37:00+00:00,82598.0,64110D10,-0.0547883994877338,10069247.0,0.0058121103793382,0.0031277791131287,0.0034359085839241,0.0183527842164039,0.0158754345029592,-0.0010606014402583,0.0026046545244753,-0.0147782936692237,0.0088629918172955,-0.0171655770391225,-0.0003028876672033,0.0075388341210782,0.0115151843056082,0.0077462280169129,-0.010185744613409,0.0202126763761043,-0.0133172646164894,0.0318331904709339,0.0156442373991012,0.0061533511616289,-0.0252189394086599,0.012621839530766,0.002323685446754,-0.0098085580393671,-0.0117464968934655,-0.0081594297662377,-0.0075070308521389,0.0284008122980594,-0.0042546559125185,0.0139071056619286,0.0327584035694599,-0.0056938715279102,0.0027582026086747,-0.0239758379757404,0.0019865105859935,0.0171188861131668,0.0025926211383193,-0.002898555714637,0.0352905355393886,-0.0057636988349258,-0.0168967675417661,0.0200881846249103,-0.0046331663616001,-0.006812684237957,0.0145645830780267,0.0030914812814444,0.0287110023200511,0.0210998579859733,-0.0384118221700191,0.0259076282382011,0.0004489289422053,-0.0077795176766812,0.0113652534782886,-0.0050479425117373,-0.0068017020821571,0.0339248552918434,0.0032752898987382,-0.0407689847052097,0.0289359986782074,0.0112284561619162,0.0149985719472169,0.0098155019804835,0.0053993305191397,-0.0052188783884048,0.0233182795345783,0.0264386143535375,-0.0071814083494246,0.0556366145610809,0.0092321122065186,-0.0340088158845901,0.0113652069121599,-0.019184248521924,-0.0026038431096822,-0.0254336930811405,0.0201978739351034,-0.0428824760019779,0.0167003087699413,0.0405971854925155,0.0018545422935858,-0.0296272132545709,0.0070078861899673,-0.0207237247377634,0.0166753754019737,-0.0305980462580919,0.0030995463021099,0.0079439589753746,0.0002575546968728,-0.0217888224869966,-0.0127430232241749,0.019257616251707,-0.0007822368061169,-0.0597255229949951,-0.0409707650542259,0.0075033414177596,0.0001360834867227,-0.0280280150473117,-0.0219017900526523,0.0457603931427002,0.0137690939009189,-0.0078634833917021,-0.0005487846792675,-0.0299366973340511,-0.0146877104416489,0.0328527837991714,-0.001393124461174,-0.0072314860299229,0.0066964752040803,0.0319829173386097,-0.0198170766234397,-0.0037930510006845,-0.0224799085408449,-0.026008490473032,-0.0031819674186408,0.0057966616004705,-0.0055135991424322,-0.0641908049583435,0.003209822345525,0.0437717698514461,-0.0404304638504982,-0.1172626093029976,0.0058121103793382,0.0031277791131287,0.0092679888432054,0.0215379667846726,0.025290556696019,0.0204545221458223,0.0370718950628077,-0.0118838783738547,0.040213656768663,0.062638013353292,0.0892239454860981,0.1365625162079717,0.0422427574228965,-0.1308639696497747,2019-02-15,2019-02-19,2019-02-20,2019-02-21,2019-02-22,2019-02-25,2019-02-26,2019-02-27,2019-02-28,2019-03-01,82598.0,2019-02-14,252.0,-5.4788%,0.0001,1.1684,-0.0598,-0.6314,1.6873%,2.2173%,42.0941%,-0.056179,NTAP,82598.0,2019-02-15,252.0,0.5812%,-0.0,1.1508,-0.0761,-0.6606,1.6837%,2.2084%,41.8772%,-0.004311,NTAP,82598.0,2019-02-19,252.0,0.3436%,0.0003,1.1727,-0.1038,-0.6937,1.6288%,2.1862%,44.4896%,0.003352,NTAP,82598.0,2019-02-20,252.0,1.5875%,0.0004,1.1793,-0.0806,-0.6679,1.6278%,2.1843%,44.4612%,0.017591,NTAP,82598.0,2019-02-21,252.0,0.2605%,0.0003,1.1901,-0.0577,-0.6482,1.6148%,2.1777%,45.0114%,0.0052759999999999,NTAP,82598.0,2019-02-22,252.0,0.8863%,0.0002,1.192,-0.0795,-0.6443,1.6130%,2.1778%,45.1419%,-0.008184,NTAP,82598.0,2019-02-25,252.0,-0.0303%,0.0002,1.1918,-0.0779,-0.6443,1.6131%,2.1778%,45.1344%,-0.003557,NTAP,82598.0,2019-02-26,252.0,1.1515%,0.0003,1.1911,-0.0917,-0.6519,1.6144%,2.1763%,44.9703%,0.010697,NTAP,82598.0,2019-02-27,252.0,-1.0186%,0.0002,1.1914,-0.0959,-0.6519,1.6162%,2.1759%,44.8291%,-0.011966,NTAP,82598.0,2019-02-28,252.0,-1.3317%,0.0001,1.2015,-0.0893,-0.6418,1.6152%,2.1777%,44.9877%,-0.011335,NTAP,82598.0,2019-03-01,252.0,1.5644%,0.0001,1.2106,-0.0758,-0.6299,1.6132%,2.1797%,45.2235%,0.004595,NTAP,-0.06049,-0.057138,-0.039547,-0.0424549999999999,-0.0540209999999999
28827,NVIDIA CORP,Nvidia Shares Spike Higher Following Q4 Earnings Beat,6,increase,0.85,0.7,"a q4 earnings beat typically indicates strong financial performance, which generally leads to a positive reaction in stock prices.",2,2019-02-14,NVDA,2019-02-14 21:30:00+00:00,86580.0,67066G10,0.0107927387580275,20681074.0,0.0181841552257537,0.011311812326312,-0.0044489447027444,0.0322294384241104,0.012193588539958,-0.0116082960739731,-0.0175338927656412,0.005087505094707,0.0219554342329502,-0.0364705994725227,-0.0031409007497131,0.0203401334583759,-0.0100195119157433,0.0051615787670016,-0.0107574947178363,0.0307468883693218,-0.006370305083692,0.006817361805588,0.0141968270763754,0.0462915822863578,0.0021093117538839,0.0439969077706337,-0.0016583397518843,-0.0464458279311657,-0.0285586584359407,-0.1382454037666321,-0.0183492824435234,0.014635058119893,0.0092456443235278,0.0572711043059825,0.0697026029229164,0.0034952543210238,0.0085640121251344,-0.051997635513544,0.0375337861478328,0.0343395173549652,-0.0181472990661859,0.0193496700376272,0.0256704520434141,-0.0068726148456335,-0.0050644874572753,-0.0037889345549046,0.0400118976831436,0.0108177158981561,-0.007455538958311,0.0247883088886737,0.0547018870711326,0.0185860134661197,-0.0350114293396472,0.019666738808155,-0.0209577530622482,-0.0248953439295291,0.0177810806781053,0.0529406815767288,-0.0020919044036418,0.064067542552948,0.00424929196015,-0.0604169964790344,0.0130324261263012,0.0203745402395725,0.0151481470093131,-0.0011222888715565,0.003949973732233,0.0189067292958498,0.0307103563100099,-0.0145004345104098,-0.0019086025422438,0.0473717674612999,0.0142887625843286,-0.0192174520343542,0.0043990383855998,-0.0409326329827308,-0.0131915053352713,-0.0246190782636404,0.0150058735162019,-0.0573704093694686,-0.0029152149800211,0.0234015919268131,-0.0079878820106387,-0.0195971000939607,-0.0279458854347467,-0.0163879543542861,0.0190038438886404,-6.712228059768677e-05,-0.0048882281407713,0.0047910888679325,-0.0052858684211969,-0.0241669844835996,0.0116478698328137,0.0287920869886875,0.0116729289293289,-0.0674710571765899,0.0026223317254334,0.0075106145814061,-0.0222838018089532,-0.076040893793106,-0.0471885241568088,0.0404454544186592,0.0069628027267754,0.0385739207267761,0.009312430396676,-0.0159305725246667,-0.0029281701426953,0.0412412136793136,0.0150717636570334,0.0044429446570575,-0.0009826297173276,0.0555172637104988,-0.0172667540609836,0.002003961475566,-0.0374757051467895,-0.0293130874633789,0.0046790917403995,0.0302695576101541,-0.0214466173201799,-0.1199902519583702,-0.0080497981980443,-0.1875587105751038,-0.061426430940628,0.0263704899698495,0.0181841552257537,0.011311812326312,0.0136543102219437,0.0439058241092584,0.026014393802545,0.0317878562296531,0.0301559801502702,-0.0007842818583693,0.013474856417535,0.1127447806652652,0.1631802302026279,0.1451685621812739,0.0264307535748524,-0.2239188436379329,2019-02-15,2019-02-19,2019-02-20,2019-02-21,2019-02-22,2019-02-25,2019-02-26,2019-02-27,2019-02-28,2019-03-01,86580.0,2019-02-14,252.0,1.0793%,-0.002,1.7326,0.1635,-1.1465,2.3245%,3.2240%,48.0172%,0.0068779999999999,NVDA,86580.0,2019-02-15,252.0,1.8184%,-0.0021,1.7209,0.1537,-1.1646,2.3218%,3.2170%,47.9095%,0.0036,NVDA,86580.0,2019-02-19,252.0,-0.4449%,-0.002,1.7219,0.1498,-1.169,2.3217%,3.2139%,47.8186%,-0.00477,NVDA,86580.0,2019-02-20,252.0,1.2194%,-0.0019,1.7274,0.1655,-1.1487,2.3235%,3.2145%,47.7521%,0.014922,NVDA,86580.0,2019-02-21,252.0,-1.7534%,-0.0021,1.7417,0.192,-1.1224,2.3158%,3.2129%,48.0473%,-0.013769,NVDA,86580.0,2019-02-22,252.0,2.1955%,-0.002,1.7414,0.2178,-1.1026,2.3126%,3.2110%,48.1286%,-0.0070199999999999,NVDA,86580.0,2019-02-25,252.0,-0.3141%,-0.0021,1.7414,0.2205,-1.1009,2.3128%,3.2109%,48.1152%,-0.007271,NVDA,86580.0,2019-02-26,252.0,-1.0020%,-0.0021,1.749,0.2235,-1.0937,2.3124%,3.2096%,48.0918%,-0.009555,NVDA,86580.0,2019-02-27,252.0,-1.0757%,-0.002,1.7552,0.2089,-1.0927,2.3119%,3.2101%,48.1333%,-0.014169,NVDA,86580.0,2019-02-28,252.0,-0.6370%,-0.0021,1.7678,0.2175,-1.0832,2.3074%,3.2102%,48.3360%,-0.003803,NVDA,86580.0,2019-03-01,252.0,1.4197%,-0.0022,1.7691,0.2195,-1.0804,2.3074%,3.2103%,48.3394%,-0.003584,NVDA,0.010478,0.0057079999999999,0.02063,-0.000159,-0.038541
28835,NVIDIA CORP,"NVIDIA Q4 EPS $0.80 vs $0.75 Reuters Estimate, Sales $2.21B Beat $2.2B Reuters Estimate",6,increase,0.8,0.6,"nvidia's q4 eps exceeded estimates, indicating stronger-than-expected profitability, which is likely to positively influence investor sentiment and drive the stock price higher.",2,2019-02-14,NVDA,2019-02-14 21:20:00+00:00,86580.0,67066G10,0.0107927387580275,20681074.0,0.0181841552257537,0.011311812326312,-0.0044489447027444,0.0322294384241104,0.012193588539958,-0.0116082960739731,-0.0175338927656412,0.005087505094707,0.0219554342329502,-0.0364705994725227,-0.0031409007497131,0.0203401334583759,-0.0100195119157433,0.0051615787670016,-0.0107574947178363,0.0307468883693218,-0.006370305083692,0.006817361805588,0.0141968270763754,0.0462915822863578,0.0021093117538839,0.0439969077706337,-0.0016583397518843,-0.0464458279311657,-0.0285586584359407,-0.1382454037666321,-0.0183492824435234,0.014635058119893,0.0092456443235278,0.0572711043059825,0.0697026029229164,0.0034952543210238,0.0085640121251344,-0.051997635513544,0.0375337861478328,0.0343395173549652,-0.0181472990661859,0.0193496700376272,0.0256704520434141,-0.0068726148456335,-0.0050644874572753,-0.0037889345549046,0.0400118976831436,0.0108177158981561,-0.007455538958311,0.0247883088886737,0.0547018870711326,0.0185860134661197,-0.0350114293396472,0.019666738808155,-0.0209577530622482,-0.0248953439295291,0.0177810806781053,0.0529406815767288,-0.0020919044036418,0.064067542552948,0.00424929196015,-0.0604169964790344,0.0130324261263012,0.0203745402395725,0.0151481470093131,-0.0011222888715565,0.003949973732233,0.0189067292958498,0.0307103563100099,-0.0145004345104098,-0.0019086025422438,0.0473717674612999,0.0142887625843286,-0.0192174520343542,0.0043990383855998,-0.0409326329827308,-0.0131915053352713,-0.0246190782636404,0.0150058735162019,-0.0573704093694686,-0.0029152149800211,0.0234015919268131,-0.0079878820106387,-0.0195971000939607,-0.0279458854347467,-0.0163879543542861,0.0190038438886404,-6.712228059768677e-05,-0.0048882281407713,0.0047910888679325,-0.0052858684211969,-0.0241669844835996,0.0116478698328137,0.0287920869886875,0.0116729289293289,-0.0674710571765899,0.0026223317254334,0.0075106145814061,-0.0222838018089532,-0.076040893793106,-0.0471885241568088,0.0404454544186592,0.0069628027267754,0.0385739207267761,0.009312430396676,-0.0159305725246667,-0.0029281701426953,0.0412412136793136,0.0150717636570334,0.0044429446570575,-0.0009826297173276,0.0555172637104988,-0.0172667540609836,0.002003961475566,-0.0374757051467895,-0.0293130874633789,0.0046790917403995,0.0302695576101541,-0.0214466173201799,-0.1199902519583702,-0.0080497981980443,-0.1875587105751038,-0.061426430940628,0.0263704899698495,0.0181841552257537,0.011311812326312,0.0136543102219437,0.0439058241092584,0.026014393802545,0.0317878562296531,0.0301559801502702,-0.0007842818583693,0.013474856417535,0.1127447806652652,0.1631802302026279,0.1451685621812739,0.0264307535748524,-0.2239188436379329,2019-02-15,2019-02-19,2019-02-20,2019-02-21,2019-02-22,2019-02-25,2019-02-26,2019-02-27,2019-02-28,2019-03-01,86580.0,2019-02-14,252.0,1.0793%,-0.002,1.7326,0.1635,-1.1465,2.3245%,3.2240%,48.0172%,0.0068779999999999,NVDA,86580.0,2019-02-15,252.0,1.8184%,-0.0021,1.7209,0.1537,-1.1646,2.3218%,3.2170%,47.9095%,0.0036,NVDA,86580.0,2019-02-19,252.0,-0.4449%,-0.002,1.7219,0.1498,-1.169,2.3217%,3.2139%,47.8186%,-0.00477,NVDA,86580.0,2019-02-20,252.0,1.2194%,-0.0019,1.7274,0.1655,-1.1487,2.3235%,3.2145%,47.7521%,0.014922,NVDA,86580.0,2019-02-21,252.0,-1.7534%,-0.0021,1.7417,0.192,-1.1224,2.3158%,3.2129%,48.0473%,-0.013769,NVDA,86580.0,2019-02-22,252.0,2.1955%,-0.002,1.7414,0.2178,-1.1026,2.3126%,3.2110%,48.1286%,-0.0070199999999999,NVDA,86580.0,2019-02-25,252.0,-0.3141%,-0.0021,1.7414,0.2205,-1.1009,2.3128%,3.2109%,48.1152%,-0.007271,NVDA,86580.0,2019-02-26,252.0,-1.0020%,-0.0021,1.749,0.2235,-1.0937,2.3124%,3.2096%,48.0918%,-0.009555,NVDA,86580.0,2019-02-27,252.0,-1.0757%,-0.002,1.7552,0.2089,-1.0927,2.3119%,3.2101%,48.1333%,-0.014169,NVDA,86580.0,2019-02-28,252.0,-0.6370%,-0.0021,1.7678,0.2175,-1.0832,2.3074%,3.2102%,48.3360%,-0.003803,NVDA,86580.0,2019-03-01,252.0,1.4197%,-0.0022,1.7691,0.2195,-1.0804,2.3074%,3.2103%,48.3394%,-0.003584,NVDA,0.010478,0.0057079999999999,0.02063,-0.000159,-0.038541
28843,NVIDIA CORP,"Oppenheimer On Feb. 11 Previewed NVIDIA Earnings, Said Sees 'negative bias to Street Q1 sales/EPS,' Noted Q4 Guidance Cut Stemmed From 'lingering Pascal-crypto drag, though most of the incremental weakness came from DC and high-end Turing GPU demand'",6,decrease,0.8,0.7,"the negative outlook on q1 sales and eps, along with guidance cuts due to demand weaknesses, suggests a likely decline in investor confidence, which could lead to a decrease in nvidia's stock price.",0,2019-02-14,NVDA,2019-02-14 20:57:00+00:00,86580.0,67066G10,0.0107927387580275,20681074.0,0.0181841552257537,0.011311812326312,-0.0044489447027444,0.0322294384241104,0.012193588539958,-0.0116082960739731,-0.0175338927656412,0.005087505094707,0.0219554342329502,-0.0364705994725227,-0.0031409007497131,0.0203401334583759,-0.0100195119157433,0.0051615787670016,-0.0107574947178363,0.0307468883693218,-0.006370305083692,0.006817361805588,0.0141968270763754,0.0462915822863578,0.0021093117538839,0.0439969077706337,-0.0016583397518843,-0.0464458279311657,-0.0285586584359407,-0.1382454037666321,-0.0183492824435234,0.014635058119893,0.0092456443235278,0.0572711043059825,0.0697026029229164,0.0034952543210238,0.0085640121251344,-0.051997635513544,0.0375337861478328,0.0343395173549652,-0.0181472990661859,0.0193496700376272,0.0256704520434141,-0.0068726148456335,-0.0050644874572753,-0.0037889345549046,0.0400118976831436,0.0108177158981561,-0.007455538958311,0.0247883088886737,0.0547018870711326,0.0185860134661197,-0.0350114293396472,0.019666738808155,-0.0209577530622482,-0.0248953439295291,0.0177810806781053,0.0529406815767288,-0.0020919044036418,0.064067542552948,0.00424929196015,-0.0604169964790344,0.0130324261263012,0.0203745402395725,0.0151481470093131,-0.0011222888715565,0.003949973732233,0.0189067292958498,0.0307103563100099,-0.0145004345104098,-0.0019086025422438,0.0473717674612999,0.0142887625843286,-0.0192174520343542,0.0043990383855998,-0.0409326329827308,-0.0131915053352713,-0.0246190782636404,0.0150058735162019,-0.0573704093694686,-0.0029152149800211,0.0234015919268131,-0.0079878820106387,-0.0195971000939607,-0.0279458854347467,-0.0163879543542861,0.0190038438886404,-6.712228059768677e-05,-0.0048882281407713,0.0047910888679325,-0.0052858684211969,-0.0241669844835996,0.0116478698328137,0.0287920869886875,0.0116729289293289,-0.0674710571765899,0.0026223317254334,0.0075106145814061,-0.0222838018089532,-0.076040893793106,-0.0471885241568088,0.0404454544186592,0.0069628027267754,0.0385739207267761,0.009312430396676,-0.0159305725246667,-0.0029281701426953,0.0412412136793136,0.0150717636570334,0.0044429446570575,-0.0009826297173276,0.0555172637104988,-0.0172667540609836,0.002003961475566,-0.0374757051467895,-0.0293130874633789,0.0046790917403995,0.0302695576101541,-0.0214466173201799,-0.1199902519583702,-0.0080497981980443,-0.1875587105751038,-0.061426430940628,0.0263704899698495,0.0181841552257537,0.011311812326312,0.0136543102219437,0.0439058241092584,0.026014393802545,0.0317878562296531,0.0301559801502702,-0.0007842818583693,0.013474856417535,0.1127447806652652,0.1631802302026279,0.1451685621812739,0.0264307535748524,-0.2239188436379329,2019-02-15,2019-02-19,2019-02-20,2019-02-21,2019-02-22,2019-02-25,2019-02-26,2019-02-27,2019-02-28,2019-03-01,86580.0,2019-02-14,252.0,1.0793%,-0.002,1.7326,0.1635,-1.1465,2.3245%,3.2240%,48.0172%,0.0068779999999999,NVDA,86580.0,2019-02-15,252.0,1.8184%,-0.0021,1.7209,0.1537,-1.1646,2.3218%,3.2170%,47.9095%,0.0036,NVDA,86580.0,2019-02-19,252.0,-0.4449%,-0.002,1.7219,0.1498,-1.169,2.3217%,3.2139%,47.8186%,-0.00477,NVDA,86580.0,2019-02-20,252.0,1.2194%,-0.0019,1.7274,0.1655,-1.1487,2.3235%,3.2145%,47.7521%,0.014922,NVDA,86580.0,2019-02-21,252.0,-1.7534%,-0.0021,1.7417,0.192,-1.1224,2.3158%,3.2129%,48.0473%,-0.013769,NVDA,86580.0,2019-02-22,252.0,2.1955%,-0.002,1.7414,0.2178,-1.1026,2.3126%,3.2110%,48.1286%,-0.0070199999999999,NVDA,86580.0,2019-02-25,252.0,-0.3141%,-0.0021,1.7414,0.2205,-1.1009,2.3128%,3.2109%,48.1152%,-0.007271,NVDA,86580.0,2019-02-26,252.0,-1.0020%,-0.0021,1.749,0.2235,-1.0937,2.3124%,3.2096%,48.0918%,-0.009555,NVDA,86580.0,2019-02-27,252.0,-1.0757%,-0.002,1.7552,0.2089,-1.0927,2.3119%,3.2101%,48.1333%,-0.014169,NVDA,86580.0,2019-02-28,252.0,-0.6370%,-0.0021,1.7678,0.2175,-1.0832,2.3074%,3.2102%,48.3360%,-0.003803,NVDA,86580.0,2019-03-01,252.0,1.4197%,-0.0022,1.7691,0.2195,-1.0804,2.3074%,3.2103%,48.3394%,-0.003584,NVDA,0.010478,0.0057079999999999,0.02063,-0.000159,-0.038541
28851,NVIDIA CORP,"NVIDIA To Report Q4 Earnings After The Closing Bell, Co. Historically Issues Its Report At 4:20 p.m. ET; Things To Watch Include Gaming And Datacenter Revenue, For Which The Company Previously Guidance",6,uncertain,0.6,0.5,the upcoming earnings report could lead to either an increase or decrease in stock price depending on the actual performance of gaming and datacenter revenue compared to market expectations.,1,2019-02-14,NVDA,2019-02-14 20:30:00+00:00,86580.0,67066G10,0.0107927387580275,20681074.0,0.0181841552257537,0.011311812326312,-0.0044489447027444,0.0322294384241104,0.012193588539958,-0.0116082960739731,-0.0175338927656412,0.005087505094707,0.0219554342329502,-0.0364705994725227,-0.0031409007497131,0.0203401334583759,-0.0100195119157433,0.0051615787670016,-0.0107574947178363,0.0307468883693218,-0.006370305083692,0.006817361805588,0.0141968270763754,0.0462915822863578,0.0021093117538839,0.0439969077706337,-0.0016583397518843,-0.0464458279311657,-0.0285586584359407,-0.1382454037666321,-0.0183492824435234,0.014635058119893,0.0092456443235278,0.0572711043059825,0.0697026029229164,0.0034952543210238,0.0085640121251344,-0.051997635513544,0.0375337861478328,0.0343395173549652,-0.0181472990661859,0.0193496700376272,0.0256704520434141,-0.0068726148456335,-0.0050644874572753,-0.0037889345549046,0.0400118976831436,0.0108177158981561,-0.007455538958311,0.0247883088886737,0.0547018870711326,0.0185860134661197,-0.0350114293396472,0.019666738808155,-0.0209577530622482,-0.0248953439295291,0.0177810806781053,0.0529406815767288,-0.0020919044036418,0.064067542552948,0.00424929196015,-0.0604169964790344,0.0130324261263012,0.0203745402395725,0.0151481470093131,-0.0011222888715565,0.003949973732233,0.0189067292958498,0.0307103563100099,-0.0145004345104098,-0.0019086025422438,0.0473717674612999,0.0142887625843286,-0.0192174520343542,0.0043990383855998,-0.0409326329827308,-0.0131915053352713,-0.0246190782636404,0.0150058735162019,-0.0573704093694686,-0.0029152149800211,0.0234015919268131,-0.0079878820106387,-0.0195971000939607,-0.0279458854347467,-0.0163879543542861,0.0190038438886404,-6.712228059768677e-05,-0.0048882281407713,0.0047910888679325,-0.0052858684211969,-0.0241669844835996,0.0116478698328137,0.0287920869886875,0.0116729289293289,-0.0674710571765899,0.0026223317254334,0.0075106145814061,-0.0222838018089532,-0.076040893793106,-0.0471885241568088,0.0404454544186592,0.0069628027267754,0.0385739207267761,0.009312430396676,-0.0159305725246667,-0.0029281701426953,0.0412412136793136,0.0150717636570334,0.0044429446570575,-0.0009826297173276,0.0555172637104988,-0.0172667540609836,0.002003961475566,-0.0374757051467895,-0.0293130874633789,0.0046790917403995,0.0302695576101541,-0.0214466173201799,-0.1199902519583702,-0.0080497981980443,-0.1875587105751038,-0.061426430940628,0.0263704899698495,0.0181841552257537,0.011311812326312,0.0136543102219437,0.0439058241092584,0.026014393802545,0.0317878562296531,0.0301559801502702,-0.0007842818583693,0.013474856417535,0.1127447806652652,0.1631802302026279,0.1451685621812739,0.0264307535748524,-0.2239188436379329,2019-02-15,2019-02-19,2019-02-20,2019-02-21,2019-02-22,2019-02-25,2019-02-26,2019-02-27,2019-02-28,2019-03-01,86580.0,2019-02-14,252.0,1.0793%,-0.002,1.7326,0.1635,-1.1465,2.3245%,3.2240%,48.0172%,0.0068779999999999,NVDA,86580.0,2019-02-15,252.0,1.8184%,-0.0021,1.7209,0.1537,-1.1646,2.3218%,3.2170%,47.9095%,0.0036,NVDA,86580.0,2019-02-19,252.0,-0.4449%,-0.002,1.7219,0.1498,-1.169,2.3217%,3.2139%,47.8186%,-0.00477,NVDA,86580.0,2019-02-20,252.0,1.2194%,-0.0019,1.7274,0.1655,-1.1487,2.3235%,3.2145%,47.7521%,0.014922,NVDA,86580.0,2019-02-21,252.0,-1.7534%,-0.0021,1.7417,0.192,-1.1224,2.3158%,3.2129%,48.0473%,-0.013769,NVDA,86580.0,2019-02-22,252.0,2.1955%,-0.002,1.7414,0.2178,-1.1026,2.3126%,3.2110%,48.1286%,-0.0070199999999999,NVDA,86580.0,2019-02-25,252.0,-0.3141%,-0.0021,1.7414,0.2205,-1.1009,2.3128%,3.2109%,48.1152%,-0.007271,NVDA,86580.0,2019-02-26,252.0,-1.0020%,-0.0021,1.749,0.2235,-1.0937,2.3124%,3.2096%,48.0918%,-0.009555,NVDA,86580.0,2019-02-27,252.0,-1.0757%,-0.002,1.7552,0.2089,-1.0927,2.3119%,3.2101%,48.1333%,-0.014169,NVDA,86580.0,2019-02-28,252.0,-0.6370%,-0.0021,1.7678,0.2175,-1.0832,2.3074%,3.2102%,48.3360%,-0.003803,NVDA,86580.0,2019-03-01,252.0,1.4197%,-0.0022,1.7691,0.2195,-1.0804,2.3074%,3.2103%,48.3394%,-0.003584,NVDA,0.010478,0.0057079999999999,0.02063,-0.000159,-0.038541
28859,NEWELL BRANDS INC,Newell Brands Q4 Earnings Preview,6,uncertain,0.5,0.5,"the earnings preview does not provide specific information about expected performance, making the impact on stock price unclear.",1,2019-02-14,NWL,2019-02-14 18:54:00+00:00,60986.0,65122910,0.0018476173281669,5872211.0,-0.2088520377874374,0.0041744043119251,-0.0087412362918257,0.0093632424250245,0.00823041703552,0.037396814674139,0.0081633413210511,-0.0062740910798311,-0.0133025702089071,-0.0285982470959425,0.0041031474247574,-0.0018718256615102,-0.0005836731870658,-0.0174712259322404,-0.0233645476400852,0.0220864340662956,-0.0157671459019184,0.0033004058059304,-0.00369682488963,0.0138622848317027,-0.0037105421070009,-0.0099384328350424,-0.0068280948325991,-0.0149184893816709,-0.0193750262260437,0.0060976110398769,-0.0121095972135663,0.0162059180438518,-0.0038709947839379,0.032988678663969,0.0110103683546185,-0.0087847877293825,-0.001281198230572,-0.0284495204687118,-0.0076972343958914,0.0173661652952432,-0.0012928544310852,0.0087591391056776,0.0071197808720171,-0.0115440916270017,0.0269922316074371,0.0241380147635936,-0.0068835830315947,-0.0049019795842468,-0.0075614294037222,-0.0072992518544197,0.0031746153254061,0.041561059653759,-0.0506329238414764,0.0015227806288748,0.004666646476835,0.0102564496919512,0.0132714509963989,0.0177453104406595,0.0039292378351092,0.0487137027084827,0.0071754506789147,-0.0209002885967493,-0.0064766472205519,0.0037654489278793,0.0065188673324882,0.0114255165681242,-0.0064766472205519,-0.0010869813850149,-0.0013038107426837,-0.0269698686897754,0.0163185372948646,0.0534818395972251,0.0179833453148603,-0.0482502542436122,-0.0056782430037856,-0.0584123842418193,-0.0298223514109849,-0.0181372035294771,0.0124263949692249,-0.0471742302179336,-0.0077519309706985,-0.0041860537603497,0.0019531697034835,-0.0262681134045124,-0.0136452261358499,-0.030728742480278,0.0,-0.0331069082021713,-0.0013175532221794,0.0064075021073222,-0.0006596457096748,0.0240594577044248,-0.0488448701798915,0.0079365214332938,-0.0166550856083631,-0.0126251205801963,0.0042342599481344,-0.0242141708731651,-0.0421644039452076,-0.0260653346776962,0.0506235919892787,0.0329060032963752,0.0069832671433687,-0.0168067067861557,-0.0027739224024116,0.0190839413553476,-0.0020862123928964,0.0072618573904037,0.0209058690816164,-0.0046768966130912,0.1351535618305206,0.0818767547607421,-0.0390859693288803,-0.0013780746376141,-0.0012515335110947,0.0078703733161091,-0.0269423741847276,0.0084033757448196,-0.0109465597197413,-0.0119926305487752,-0.0026041641831398,0.0140318591147661,-0.0078328913077712,0.0373604334890842,-0.2088520377874374,0.0041744043119251,-0.2157676490669339,0.0135767326965023,-0.2093130897660085,0.0514812739271728,-0.2134624741729043,0.0150023285466733,-0.2440969918390911,0.0348948145214556,-0.2828972037541462,0.1646045914516973,-0.2894418347158259,0.0606123968692968,2019-02-15,2019-02-19,2019-02-20,2019-02-21,2019-02-22,2019-02-25,2019-02-26,2019-02-27,2019-02-28,2019-03-01,60986.0,2019-02-14,252.0,0.1848%,-0.0003,1.3462,0.7067,0.8423,2.2309%,2.6007%,26.4170%,0.005854,NWL,60986.0,2019-02-15,252.0,-20.8852%,-0.0013,1.1964,0.5473,0.5664,2.6529%,2.9099%,16.8830%,-0.2299739999999999,NWL,60986.0,2019-02-19,252.0,-0.8741%,-0.0014,1.1915,0.5425,0.5615,2.6537%,2.9081%,16.7309%,-0.0144009999999999,NWL,60986.0,2019-02-20,252.0,0.8230%,-0.0015,1.1905,0.5318,0.5556,2.6509%,2.9052%,16.7397%,0.001585,NWL,60986.0,2019-02-21,252.0,0.8163%,-0.0013,1.1804,0.5148,0.5371,2.6503%,2.9003%,16.4940%,0.0141179999999999,NWL,60986.0,2019-02-22,252.0,-1.3303%,-0.0013,1.1816,0.5379,0.5716,2.6491%,2.8988%,16.4872%,-0.016011,NWL,60986.0,2019-02-25,252.0,0.4103%,-0.0013,1.1814,0.5347,0.5693,2.6493%,2.8989%,16.4780%,0.004658,NWL,60986.0,2019-02-26,252.0,-0.0584%,-0.0012,1.1863,0.5192,0.5651,2.6489%,2.8988%,16.4972%,0.006508,NWL,60986.0,2019-02-27,252.0,-2.3365%,-0.0014,1.1728,0.5362,0.5628,2.6466%,2.8914%,16.2157%,-0.024841,NWL,60986.0,2019-02-28,252.0,-1.5767%,-0.0014,1.1716,0.535,0.5642,2.6471%,2.8897%,16.0913%,-0.0109319999999999,NWL,60986.0,2019-03-01,252.0,-0.3697%,-0.0014,1.152,0.5057,0.5383,2.6415%,2.8753%,15.6026%,-0.0115179999999999,NWL,-0.2241199999999999,-0.2385209999999999,-0.2369359999999999,-0.2388289999999999,-0.2749539999999999
28867,OCWEN FINANCIAL CORP,Cooperman's Omega 13F Shows Cut Stake In Ocwen Financial From ~14.4M Shares To ~12.67M Shares,6,decrease,0.7,0.6,"a significant reduction in stake by a notable investor like cooperman's omega may signal a lack of confidence in ocwen financial corp, potentially leading to a decrease in stock price.",0,2019-02-14,OCN,2019-02-14 19:13:00+00:00,84007.0,67574660,-0.0346534326672554,324663.0,0.0358974002301693,0.0687830671668052,0.1930693536996841,0.0327868536114692,-0.1244814023375511,0.0110497791320085,-0.0094786640256643,0.0284090638160705,-0.0430621616542339,0.005714280065149,-0.0400000214576721,-0.0112994248047471,-0.0052083283662796,-0.0056179724633693,0.1518325060606003,0.0056497124023735,-0.0272727012634277,0.0535714514553546,-0.0140187889337539,-0.0454545691609382,0.028436105698347,0.0414200760424137,-0.0184331610798835,0.0180723443627357,-0.0046949428506195,-0.0459770374000072,-0.023584883660078,0.0057803411036729,-0.0096618272364139,-0.0170454382896423,-0.0390243530273437,-0.0167597606778144,0.0,-0.0376344360411167,0.0050761373713612,-0.0053475885652005,0.0050505003891885,-0.0053191436454653,0.0100502418354153,-0.0208333134651184,0.0,0.0322580337524414,-0.0149253588169813,0.0391061753034591,-0.0151515007019043,0.0346820466220378,0.0,0.0236686151474714,-0.051282063126564,0.0180723443627357,0.0054053999483585,0.0374999642372131,-0.0215053558349609,0.0322581119835376,0.0,0.1567163467407227,-0.0109890652820467,-0.0147058684378862,0.0111111672595143,0.0149253588169813,0.0109890000894665,0.0,0.0163043327629566,0.0,0.0481283590197563,0.0468750484287738,0.015306107699871,0.0406503677368164,0.0050251209177076,-0.0080645084381103,0.0,-0.0461538024246692,-0.0049999952316284,-0.0076335808262228,0.0,-0.0965517908334732,0.0,-0.020270250737667,0.0050251209177076,0.0496454276144504,0.0,-0.0536913052201271,0.0099999904632568,-0.0569620430469512,-0.0544554516673088,-0.0813953354954719,-0.0418847762048244,0.0,-0.0218579676002264,-0.0391061082482338,0.0223464146256446,-0.0218579676002264,-0.0218579676002264,-0.0317460000514984,-0.0391061082482338,-0.05970149487257,0.0,-0.0473933219909668,0.0290697384625673,0.0047619002871215,-0.0451976992189884,-0.0140846045687794,0.0059171537868678,-0.0093023162335157,0.0411764308810234,0.0,-0.0338982716202735,-0.0444444008171558,0.0116958953440189,-0.0301723852753639,0.0924855321645736,0.0131004247814416,-0.0211640018969774,-0.0691057220101356,-0.0054053999483585,0.0081967134028673,0.0163043327629566,-0.0542635172605514,-0.0267379414290189,-0.033707920461893,0.0358974002301692,0.0687830671668052,0.2358974417917911,0.1038251011324205,0.0820511950921569,0.1160221247003008,0.0256409946175528,0.1542857035114533,0.0820511952226736,0.1477272703188517,-0.066666667171936,0.5074626267528874,-0.0666666604191583,-0.2434457178400308,2019-02-15,2019-02-19,2019-02-20,2019-02-21,2019-02-22,2019-02-25,2019-02-26,2019-02-27,2019-02-28,2019-03-01,84007.0,2019-02-14,252.0,-3.4653%,-0.0019,1.2208,0.9885,1.0113,2.8556%,3.1160%,16.0136%,-0.03172,OCN,84007.0,2019-02-15,252.0,3.5897%,-0.0019,1.2216,0.991,1.0149,2.8565%,3.1157%,15.9482%,0.014677,OCN,84007.0,2019-02-19,252.0,19.3069%,-0.001,1.264,1.0995,1.1335,3.0867%,3.3487%,15.0399%,0.184729,OCN,84007.0,2019-02-20,252.0,-12.4481%,-0.0016,1.2255,1.0092,0.9955,3.1992%,3.4359%,13.3019%,-0.1356359999999999,OCN,84007.0,2019-02-21,252.0,-0.9479%,-0.0015,1.2078,0.9731,0.963,3.1840%,3.4133%,12.9867%,-0.002048,OCN,84007.0,2019-02-22,252.0,-4.3062%,-0.0016,1.2143,0.949,1.0186,3.1933%,3.4219%,12.9144%,-0.0422079999999999,OCN,84007.0,2019-02-25,252.0,-4.0000%,-0.0017,1.2121,0.9645,1.0185,3.1988%,3.4272%,12.8832%,-0.037621,OCN,84007.0,2019-02-26,252.0,-0.5208%,-0.0016,1.2229,0.9432,1.0158,3.1965%,3.4270%,12.9977%,0.006165,OCN,84007.0,2019-02-27,252.0,15.1833%,-0.001,1.2254,0.9832,1.0166,3.3361%,3.5603%,12.1963%,0.150059,OCN,84007.0,2019-02-28,252.0,-2.7273%,-0.0011,1.2266,0.9834,1.0223,3.3384%,3.5614%,12.1319%,-0.021229,OCN,84007.0,2019-03-01,252.0,-1.4019%,-0.0015,1.2846,1.0696,1.1215,3.2772%,3.5250%,13.5665%,-0.021703,OCN,-0.0170429999999999,0.167686,0.03205,-0.0122059999999999,0.063465
28875,OMEROS CORP,Omeros Corporation Streamlines Path To Biologics License Application For OMS721 In HSCT-TMA Following Meeting With FDA,6,increase,0.8,0.7,"the news indicates progress in the regulatory process for oms721, which could positively impact investor sentiment and lead to an increase in stock price.",2,2019-02-14,OMER,2019-02-14 13:37:00+00:00,93085.0,68214310,0.0962567031383514,1870202.0,-0.0216028168797493,-0.0267657749354839,-0.009971534833312,-0.0044411858543753,0.0561151579022407,0.0044609978795051,-0.04972755163908,0.0112781664356589,0.0422939173877239,-0.0291970521211624,-0.0426409840583801,0.0118168275803327,0.0272988583892583,-0.0066030924208462,0.0286713168025016,0.0007342312019318,-0.0197144765406847,-0.0014663091860711,0.0520110949873924,0.0420168191194534,0.0692155063152313,0.0178849529474973,-0.0006165369413793,0.0182105731219053,-0.0283774901181459,-0.0446293614804744,0.0107936551794409,0.0161414314061403,-0.0062814308330416,-0.0045906249433755,0.0309734381735324,-0.0158132556825876,-0.02697728946805,-0.0111690666526556,0.0012602682691067,0.0378671362996101,0.0151037639006972,0.0015479492722079,-0.0055795568041503,-0.0771428495645523,0.0411471202969551,0.107594907283783,0.0514969266951084,0.0489626675844192,0.0,-0.0163265150040388,0.0091116093099117,0.0074013285338878,-0.0468397252261638,0.0041288351640105,0.0094730518758296,-0.0146460784599185,0.0129032982513308,-0.0104669975116848,-0.0023162080906331,0.0660944655537605,0.0029019818175584,-0.0168777015060186,0.0052083418704569,0.0637342929840087,-0.0074842292815446,-0.0379965081810951,0.0371229350566864,0.0202642753720283,0.0123043190687894,-0.0290846209973096,0.0138121545314788,0.090485006570816,0.0098092807456851,-0.0137994131073355,-0.0242849830538034,-0.0934111699461937,-0.0143805434927344,-0.0123558947816491,0.0056116939522325,-0.0433411560952663,0.007812466006726,-0.0320366211235523,0.0199335888028144,-0.0135440407320857,0.0021714987233281,-0.0074682882986962,0.0151679683476686,-0.0668989568948745,0.010138769634068,-0.0082930121570825,-0.0216587334871292,0.0447653345763683,0.0086393002420663,-0.0121255395933985,0.0144539857283234,-0.0182072333991527,0.0010553324827924,0.0484581403434276,-0.0100157428532838,-0.0299145355820655,0.0015973789850249,0.0064516239799559,0.0101010389626026,-0.0007163487607613,-0.0084210447967052,-0.0359115675091743,0.0159235261380672,0.0530908741056919,0.002089912071824,-0.01221264898777,0.0229405909776687,-0.0204081609845161,-0.0010193912312388,0.0186380092054605,-0.0877551659941673,0.0813953652977943,0.0285235047340393,0.0246226731687784,0.0092441588640213,-0.0039557111449539,0.0409482903778553,-0.0155763085931539,-0.0170807410031557,0.1049914211034775,-0.0216028168797492,-0.0267657749354839,-0.0313589384720472,-0.0310880890088344,0.0229965076461877,-0.0267657750284755,0.0132403871739372,-0.0445255233832116,0.0571428306281616,-2.034006407747313e-09,0.2104529865469933,0.1750448644602815,0.3233448946208384,0.1265060475244412,2019-02-15,2019-02-19,2019-02-20,2019-02-21,2019-02-22,2019-02-25,2019-02-26,2019-02-27,2019-02-28,2019-03-01,93085.0,2019-02-14,252.0,9.6257%,0.0012,0.8535,2.491,-1.1961,5.8782%,6.2355%,11.1338%,0.078607,OMER,93085.0,2019-02-15,252.0,-2.1603%,0.0019,0.9904,2.6105,-0.9782,5.7550%,6.1350%,12.0036%,-0.031834,OMER,93085.0,2019-02-19,252.0,-0.9972%,0.002,1.0019,2.5778,-1.0161,5.7480%,6.1315%,12.1208%,-0.016589,OMER,93085.0,2019-02-20,252.0,5.6115%,0.0022,1.0163,2.6092,-0.9651,5.7572%,6.1405%,12.0931%,0.054029,OMER,93085.0,2019-02-21,252.0,-4.9728%,0.0018,1.0434,2.6538,-0.915,5.7585%,6.1466%,12.2286%,-0.0464609999999999,OMER,93085.0,2019-02-22,252.0,4.2294%,0.0022,1.0381,2.7741,-0.8693,5.7317%,6.1337%,12.6804%,0.007365,OMER,93085.0,2019-02-25,252.0,-4.2641%,0.0026,1.0201,2.7765,-0.9346,5.6531%,6.0660%,13.1523%,-0.03865,OMER,93085.0,2019-02-26,252.0,2.7299%,0.0024,0.9502,2.7872,-0.9815,5.6219%,6.0297%,13.0719%,0.043516,OMER,93085.0,2019-02-27,252.0,2.8671%,0.002,0.9032,2.8762,-0.9893,5.5823%,5.9969%,13.3474%,0.0212429999999999,OMER,93085.0,2019-02-28,252.0,-1.9714%,0.0022,0.8768,2.8574,-1.0033,5.5722%,5.9797%,13.1630%,-0.020063,OMER,93085.0,2019-03-01,252.0,5.2011%,0.0023,0.8839,2.868,-1.0067,5.5757%,5.9863%,13.2493%,0.033309,OMER,0.0467729999999999,0.0301839999999999,0.084213,0.045117,0.084472
28883,ORACLE CORP,13F From Warren Buffett's Berkshire Hathaway Shows Liquidated Stake In Oracle,6,decrease,0.75,0.6,"warren buffett's berkshire hathaway liquidating its stake in oracle may signal a lack of confidence in the company's future prospects, potentially leading to a decrease in stock price.",0,2019-02-14,ORCL,2019-02-14 21:14:00+00:00,10104.0,68389X10,0.0011668879305943,11155293.0,0.0046620373614132,0.0039046651218086,0.0058004492893815,-0.0001951653684955,-0.0048058438114821,0.0039192782714962,0.0065675131045281,0.016128983348608,0.0071003441698849,-0.0202886685729026,0.001524425111711,0.0003902545431628,0.0007609798340126,0.004115283023566,-0.0041824602521955,0.0043298052623867,-0.0047728139907121,0.0115469209849834,0.0072894156910479,-0.0025814350228756,-0.0089506274089217,0.0151179200038313,0.0061491099186241,0.0018174505094066,-0.0001910262799356,-0.0056224656291306,0.0043935696594417,0.0121950907632708,0.0036135150585323,-0.000812366255559,-0.0020845292601734,0.0061300178058445,0.0026585527230054,-0.0066978246904909,0.0049242828972637,0.0142033472657203,-0.0001885061501525,0.010819817893207,-0.0020735270809382,-0.0066142971627414,0.0098224496468901,0.0080946609377861,0.0108492672443389,-0.0022779169958084,-0.0259067639708519,0.0098285488784313,0.0265957731753587,0.0008371895528398,-0.0235011186450719,-0.0020886023994535,-0.0005684816860593,0.0090621765702962,0.0102388523519039,0.015842467546463,-0.0088212732225656,0.0430996045470237,0.0071955546736717,-0.0097302617505192,0.0097762830555439,0.0015503808390349,0.0161981526762247,0.0073628253303468,-0.0078783491626381,-0.0033355909399688,-0.0016620525857433,0.0085221137851476,-0.0044395425356924,0.044506948441267,0.0020438611973077,-0.0297727584838867,-0.0038939195219427,-0.0484429411590099,0.0020476658828556,-0.0045209703966975,0.0070592490956187,0.0130862006917595,-0.0033351918682456,0.0026240746956318,0.0131994625553488,-0.0186695046722888,0.0023853406310081,-0.0133390026167035,-0.000732215179596,-0.001901947427541,-0.0020150323398411,0.0185105595737695,0.0007342312019318,-0.0044996589422225,0.0018341612303629,0.0145651772618293,0.0058586541563272,-0.0145672727376222,0.0043684323318302,-0.0424615330994129,-0.0030808623414486,-0.0216737259179353,0.0072714332491159,0.0219442900270223,-0.005955568049103,0.0179540030658245,0.0045388522557914,-0.0060177859850227,-0.0081330332905054,0.0158094447106123,-0.0051020882092416,-0.0169912911951541,0.0034798982087522,-0.0090349577367305,0.0010950458236038,0.0016454510623589,-0.0154967820271849,0.0060003534890711,-0.0001851541019277,-0.0246215425431728,0.0048156753182411,-0.0316591560840606,0.0073732999153435,0.0106655554845929,-0.0223239008337259,0.0366503037512302,0.0046620373614132,0.0039046651218086,0.0104895285620947,0.0037087376979056,0.0056332737146871,0.007642551544476,0.0194250200621883,0.0031213391989464,0.020007746820273,0.0210484022674273,0.0433177828304163,0.1433429703271302,0.0424941596013994,0.0569602093573233,2019-02-15,2019-02-19,2019-02-20,2019-02-21,2019-02-22,2019-02-25,2019-02-26,2019-02-27,2019-02-28,2019-03-01,10104.0,2019-02-14,252.0,0.1167%,0.0002,0.9588,-0.055,0.0959,1.1863%,1.5486%,41.3136%,0.003944,ORCL,10104.0,2019-02-15,252.0,0.4662%,0.0002,0.9504,-0.0633,0.0813,1.1867%,1.5440%,40.9240%,-0.006595,ORCL,10104.0,2019-02-19,252.0,0.5800%,0.0001,0.9471,-0.0554,0.0905,1.1842%,1.5371%,40.6463%,0.003834,ORCL,10104.0,2019-02-20,252.0,-0.4806%,0.0001,0.945,-0.0604,0.0829,1.1850%,1.5374%,40.5859%,-0.007081,ORCL,10104.0,2019-02-21,252.0,0.6568%,0.0002,0.9389,-0.0707,0.0716,1.1848%,1.5344%,40.3750%,0.010112,ORCL,10104.0,2019-02-22,252.0,0.7100%,0.0002,0.9383,-0.0634,0.0715,1.1844%,1.5338%,40.3634%,0.00234,ORCL,10104.0,2019-02-25,252.0,0.1524%,0.0002,0.9387,-0.0629,0.0731,1.1843%,1.5337%,40.3738%,-1.9e-05,ORCL,10104.0,2019-02-26,252.0,0.0761%,0.0002,0.9362,-0.063,0.0712,1.1841%,1.5295%,40.0609%,0.002002,ORCL,10104.0,2019-02-27,252.0,-0.4182%,0.0002,0.9351,-0.0625,0.071,1.1845%,1.5275%,39.8739%,-0.00492,ORCL,10104.0,2019-02-28,252.0,-0.4773%,0.0001,0.9369,-0.0613,0.0728,1.1844%,1.5268%,39.8262%,-0.001784,ORCL,10104.0,2019-03-01,252.0,0.7289%,0.0001,0.9426,-0.0529,0.0812,1.1830%,1.5275%,40.0129%,0.000922,ORCL,-0.002651,0.0011829999999999,-0.005898,0.006554,0.002755
28891,OVERSTOCK COM INC DEL,Overstock.com 13G Filing From Susquehanna Securities Shows New 5.6% Stake,6,increase,0.7,0.6,"the filing of a new 5.6% stake by susquehanna securities suggests increased institutional interest in overstock.com, which could positively influence investor sentiment and drive the stock price up.",2,2019-02-14,OSTK,2019-02-14 18:50:00+00:00,89394.0,69037010,0.0251336526125669,3728144.0,0.0292122829705476,-0.0168243795633316,0.1226558610796928,0.0331341996788978,-0.0040632123127579,-0.0957760661840438,-0.0933816656470298,0.0446383208036422,-0.0055000307038426,-0.0380059443414211,-0.0920060351490974,0.1004888862371445,-0.0155038088560104,0.0336889624595642,0.129358783364296,0.0148148285225033,-0.0134462378919124,0.0115273110568523,0.0630994439125061,-0.0377149358391761,0.0009496893617324,0.018068978562951,0.0436432659626007,-0.0751958489418029,-0.000454555847682,0.0418933890759944,-0.0286493487656116,0.1625552624464035,0.0032771392725408,0.0986796393990516,0.0219318382441997,0.0133803198114037,0.00136989436578,-0.0614673048257827,-0.0323757864534854,0.1116826236248016,-0.0598491318523883,-0.0354358628392219,0.0245613902807235,-0.0362022332847118,-0.0567514598369598,0.0324400588870048,-0.0025934202130883,-0.0713817998766899,0.0208008121699094,0.0146179581061005,-0.0066224741749465,-0.0377237945795059,-0.055897444486618,-0.0076142060570418,-0.0162954498082399,0.0314136445522308,-0.0110436640679836,0.0715287178754806,-0.0804020389914512,0.0762264356017112,-0.0157862920314073,-0.0622788481414318,0.0252931378781795,0.0405007489025592,-0.0240674801170826,-0.04901959374547,-0.0030825671274214,-0.0416107326745986,0.0445268601179122,-0.0093085337430238,0.0,0.0954115390777587,-0.0011840468505397,0.0488922372460365,0.0023710140958428,-0.0360824577510356,-0.0709639191627502,0.0382262989878654,0.0541056282818317,0.0266876108944416,-0.0271738450974226,-0.0569948516786098,0.0086902165785431,-0.2154471129179001,-0.0713846087455749,-0.0422692000865936,0.030483765527606,-0.0586387850344181,-0.0019292432116344,0.0164981074631214,-0.0347938723862171,-0.0037115425802767,-0.0747663527727127,0.0857800617814064,-0.0036074486561119,-0.0920020043849945,-0.0065170275047421,-0.0067497957497835,-0.0437318049371242,-0.0267812367528677,-0.0038109901361167,0.0117587652057409,0.0022953853476792,0.0338266044855117,0.006106864195317,0.0288200490176677,-0.0584218837320804,0.0250835474580526,0.0507655218243598,0.0216401517391204,-0.012269927188754,-0.1610129326581955,0.0085403462871909,0.2326266765594482,-0.0346420183777809,0.0059241936542093,-0.0374800860881805,-0.0214493237435817,0.1126761063933372,0.0034903702326118,0.0253164656460285,-0.0193953309208154,-0.0973130092024803,0.034218281507492,0.0292122829705476,-0.0168243795633316,0.1554512017720966,0.0157523577636413,0.1507563582222653,-0.0815324072801277,0.0375586482342822,-0.076998984487988,0.0985915107232686,0.0371602925874241,-0.1330203123590279,0.3770251060982572,-0.351591030722421,0.1032448413131459,2019-02-15,2019-02-19,2019-02-20,2019-02-21,2019-02-22,2019-02-25,2019-02-26,2019-02-27,2019-02-28,2019-03-01,89394.0,2019-02-14,252.0,2.5134%,-0.0041,1.4374,1.5459,-1.5383,4.7151%,5.2802%,20.2596%,0.011183,OSTK,89394.0,2019-02-15,252.0,2.9212%,-0.0042,1.4234,1.5355,-1.5582,4.7121%,5.2744%,20.1838%,0.016388,OSTK,89394.0,2019-02-19,252.0,12.2656%,-0.0041,1.4142,1.6603,-1.4169,4.7255%,5.2666%,19.4941%,0.120073,OSTK,89394.0,2019-02-20,252.0,-0.4063%,-0.0039,1.4187,1.6897,-1.3957,4.7172%,5.2602%,19.5808%,-0.00271,OSTK,89394.0,2019-02-21,252.0,-9.3382%,-0.0043,1.4488,1.732,-1.3399,4.7450%,5.2902%,19.5484%,-0.0902599999999999,OSTK,89394.0,2019-02-22,252.0,-0.5500%,-0.0044,1.4534,1.7546,-1.2644,4.7492%,5.2887%,19.3602%,-0.044239,OSTK,89394.0,2019-02-25,252.0,-9.2006%,-0.0046,1.4492,1.7935,-1.2597,4.7747%,5.3138%,19.2623%,-0.092,OSTK,89394.0,2019-02-26,252.0,-1.5504%,-0.0047,1.4305,1.8135,-1.2636,4.7705%,5.3058%,19.1590%,-0.005964,OSTK,89394.0,2019-02-27,252.0,12.9359%,-0.0042,1.4302,1.8515,-1.2633,4.8376%,5.3708%,18.8698%,0.123009,OSTK,89394.0,2019-02-28,252.0,-1.3446%,-0.0041,1.4166,1.8419,-1.2712,4.8346%,5.3615%,18.6897%,-0.012641,OSTK,89394.0,2019-03-01,252.0,6.3099%,-0.004,1.4359,1.8706,-1.2629,4.8424%,5.3775%,18.9106%,0.042384,OSTK,0.027571,0.147644,0.144934,0.010435,0.065223
28899,OVERSTOCK COM INC DEL,Overstock.Com shares are trading higher amid unconfirmed chatter indicating the company is in talks with WalMart to sell its retail business.,6,increase,0.7,0.6,"the news of potential talks with a major retailer like walmart could create positive sentiment and speculation about overstock's future, likely leading to an increase in stock price.",2,2019-02-14,OSTK,2019-02-14 18:47:00+00:00,89394.0,69037010,0.0251336526125669,3728144.0,0.0292122829705476,-0.0168243795633316,0.1226558610796928,0.0331341996788978,-0.0040632123127579,-0.0957760661840438,-0.0933816656470298,0.0446383208036422,-0.0055000307038426,-0.0380059443414211,-0.0920060351490974,0.1004888862371445,-0.0155038088560104,0.0336889624595642,0.129358783364296,0.0148148285225033,-0.0134462378919124,0.0115273110568523,0.0630994439125061,-0.0377149358391761,0.0009496893617324,0.018068978562951,0.0436432659626007,-0.0751958489418029,-0.000454555847682,0.0418933890759944,-0.0286493487656116,0.1625552624464035,0.0032771392725408,0.0986796393990516,0.0219318382441997,0.0133803198114037,0.00136989436578,-0.0614673048257827,-0.0323757864534854,0.1116826236248016,-0.0598491318523883,-0.0354358628392219,0.0245613902807235,-0.0362022332847118,-0.0567514598369598,0.0324400588870048,-0.0025934202130883,-0.0713817998766899,0.0208008121699094,0.0146179581061005,-0.0066224741749465,-0.0377237945795059,-0.055897444486618,-0.0076142060570418,-0.0162954498082399,0.0314136445522308,-0.0110436640679836,0.0715287178754806,-0.0804020389914512,0.0762264356017112,-0.0157862920314073,-0.0622788481414318,0.0252931378781795,0.0405007489025592,-0.0240674801170826,-0.04901959374547,-0.0030825671274214,-0.0416107326745986,0.0445268601179122,-0.0093085337430238,0.0,0.0954115390777587,-0.0011840468505397,0.0488922372460365,0.0023710140958428,-0.0360824577510356,-0.0709639191627502,0.0382262989878654,0.0541056282818317,0.0266876108944416,-0.0271738450974226,-0.0569948516786098,0.0086902165785431,-0.2154471129179001,-0.0713846087455749,-0.0422692000865936,0.030483765527606,-0.0586387850344181,-0.0019292432116344,0.0164981074631214,-0.0347938723862171,-0.0037115425802767,-0.0747663527727127,0.0857800617814064,-0.0036074486561119,-0.0920020043849945,-0.0065170275047421,-0.0067497957497835,-0.0437318049371242,-0.0267812367528677,-0.0038109901361167,0.0117587652057409,0.0022953853476792,0.0338266044855117,0.006106864195317,0.0288200490176677,-0.0584218837320804,0.0250835474580526,0.0507655218243598,0.0216401517391204,-0.012269927188754,-0.1610129326581955,0.0085403462871909,0.2326266765594482,-0.0346420183777809,0.0059241936542093,-0.0374800860881805,-0.0214493237435817,0.1126761063933372,0.0034903702326118,0.0253164656460285,-0.0193953309208154,-0.0973130092024803,0.034218281507492,0.0292122829705476,-0.0168243795633316,0.1554512017720966,0.0157523577636413,0.1507563582222653,-0.0815324072801277,0.0375586482342822,-0.076998984487988,0.0985915107232686,0.0371602925874241,-0.1330203123590279,0.3770251060982572,-0.351591030722421,0.1032448413131459,2019-02-15,2019-02-19,2019-02-20,2019-02-21,2019-02-22,2019-02-25,2019-02-26,2019-02-27,2019-02-28,2019-03-01,89394.0,2019-02-14,252.0,2.5134%,-0.0041,1.4374,1.5459,-1.5383,4.7151%,5.2802%,20.2596%,0.011183,OSTK,89394.0,2019-02-15,252.0,2.9212%,-0.0042,1.4234,1.5355,-1.5582,4.7121%,5.2744%,20.1838%,0.016388,OSTK,89394.0,2019-02-19,252.0,12.2656%,-0.0041,1.4142,1.6603,-1.4169,4.7255%,5.2666%,19.4941%,0.120073,OSTK,89394.0,2019-02-20,252.0,-0.4063%,-0.0039,1.4187,1.6897,-1.3957,4.7172%,5.2602%,19.5808%,-0.00271,OSTK,89394.0,2019-02-21,252.0,-9.3382%,-0.0043,1.4488,1.732,-1.3399,4.7450%,5.2902%,19.5484%,-0.0902599999999999,OSTK,89394.0,2019-02-22,252.0,-0.5500%,-0.0044,1.4534,1.7546,-1.2644,4.7492%,5.2887%,19.3602%,-0.044239,OSTK,89394.0,2019-02-25,252.0,-9.2006%,-0.0046,1.4492,1.7935,-1.2597,4.7747%,5.3138%,19.2623%,-0.092,OSTK,89394.0,2019-02-26,252.0,-1.5504%,-0.0047,1.4305,1.8135,-1.2636,4.7705%,5.3058%,19.1590%,-0.005964,OSTK,89394.0,2019-02-27,252.0,12.9359%,-0.0042,1.4302,1.8515,-1.2633,4.8376%,5.3708%,18.8698%,0.123009,OSTK,89394.0,2019-02-28,252.0,-1.3446%,-0.0041,1.4166,1.8419,-1.2712,4.8346%,5.3615%,18.6897%,-0.012641,OSTK,89394.0,2019-03-01,252.0,6.3099%,-0.004,1.4359,1.8706,-1.2629,4.8424%,5.3775%,18.9106%,0.042384,OSTK,0.027571,0.147644,0.144934,0.010435,0.065223
28907,OVERSTOCK COM INC DEL,"'OSTK Sources saying that Overstock.com is in late-stage talks with WalMart to sell its retail business, which will be implemented with Jet.Com. Price being mentioned is $900 million, which equates to $28' -Meech Tweets",6,increase,0.8,0.7,"the news of overstock.com potentially selling its retail business for $900 million suggests a significant strategic move that could enhance shareholder value, likely leading to an increase in stock price.",2,2019-02-14,OSTK,2019-02-14 18:41:00+00:00,89394.0,69037010,0.0251336526125669,3728144.0,0.0292122829705476,-0.0168243795633316,0.1226558610796928,0.0331341996788978,-0.0040632123127579,-0.0957760661840438,-0.0933816656470298,0.0446383208036422,-0.0055000307038426,-0.0380059443414211,-0.0920060351490974,0.1004888862371445,-0.0155038088560104,0.0336889624595642,0.129358783364296,0.0148148285225033,-0.0134462378919124,0.0115273110568523,0.0630994439125061,-0.0377149358391761,0.0009496893617324,0.018068978562951,0.0436432659626007,-0.0751958489418029,-0.000454555847682,0.0418933890759944,-0.0286493487656116,0.1625552624464035,0.0032771392725408,0.0986796393990516,0.0219318382441997,0.0133803198114037,0.00136989436578,-0.0614673048257827,-0.0323757864534854,0.1116826236248016,-0.0598491318523883,-0.0354358628392219,0.0245613902807235,-0.0362022332847118,-0.0567514598369598,0.0324400588870048,-0.0025934202130883,-0.0713817998766899,0.0208008121699094,0.0146179581061005,-0.0066224741749465,-0.0377237945795059,-0.055897444486618,-0.0076142060570418,-0.0162954498082399,0.0314136445522308,-0.0110436640679836,0.0715287178754806,-0.0804020389914512,0.0762264356017112,-0.0157862920314073,-0.0622788481414318,0.0252931378781795,0.0405007489025592,-0.0240674801170826,-0.04901959374547,-0.0030825671274214,-0.0416107326745986,0.0445268601179122,-0.0093085337430238,0.0,0.0954115390777587,-0.0011840468505397,0.0488922372460365,0.0023710140958428,-0.0360824577510356,-0.0709639191627502,0.0382262989878654,0.0541056282818317,0.0266876108944416,-0.0271738450974226,-0.0569948516786098,0.0086902165785431,-0.2154471129179001,-0.0713846087455749,-0.0422692000865936,0.030483765527606,-0.0586387850344181,-0.0019292432116344,0.0164981074631214,-0.0347938723862171,-0.0037115425802767,-0.0747663527727127,0.0857800617814064,-0.0036074486561119,-0.0920020043849945,-0.0065170275047421,-0.0067497957497835,-0.0437318049371242,-0.0267812367528677,-0.0038109901361167,0.0117587652057409,0.0022953853476792,0.0338266044855117,0.006106864195317,0.0288200490176677,-0.0584218837320804,0.0250835474580526,0.0507655218243598,0.0216401517391204,-0.012269927188754,-0.1610129326581955,0.0085403462871909,0.2326266765594482,-0.0346420183777809,0.0059241936542093,-0.0374800860881805,-0.0214493237435817,0.1126761063933372,0.0034903702326118,0.0253164656460285,-0.0193953309208154,-0.0973130092024803,0.034218281507492,0.0292122829705476,-0.0168243795633316,0.1554512017720966,0.0157523577636413,0.1507563582222653,-0.0815324072801277,0.0375586482342822,-0.076998984487988,0.0985915107232686,0.0371602925874241,-0.1330203123590279,0.3770251060982572,-0.351591030722421,0.1032448413131459,2019-02-15,2019-02-19,2019-02-20,2019-02-21,2019-02-22,2019-02-25,2019-02-26,2019-02-27,2019-02-28,2019-03-01,89394.0,2019-02-14,252.0,2.5134%,-0.0041,1.4374,1.5459,-1.5383,4.7151%,5.2802%,20.2596%,0.011183,OSTK,89394.0,2019-02-15,252.0,2.9212%,-0.0042,1.4234,1.5355,-1.5582,4.7121%,5.2744%,20.1838%,0.016388,OSTK,89394.0,2019-02-19,252.0,12.2656%,-0.0041,1.4142,1.6603,-1.4169,4.7255%,5.2666%,19.4941%,0.120073,OSTK,89394.0,2019-02-20,252.0,-0.4063%,-0.0039,1.4187,1.6897,-1.3957,4.7172%,5.2602%,19.5808%,-0.00271,OSTK,89394.0,2019-02-21,252.0,-9.3382%,-0.0043,1.4488,1.732,-1.3399,4.7450%,5.2902%,19.5484%,-0.0902599999999999,OSTK,89394.0,2019-02-22,252.0,-0.5500%,-0.0044,1.4534,1.7546,-1.2644,4.7492%,5.2887%,19.3602%,-0.044239,OSTK,89394.0,2019-02-25,252.0,-9.2006%,-0.0046,1.4492,1.7935,-1.2597,4.7747%,5.3138%,19.2623%,-0.092,OSTK,89394.0,2019-02-26,252.0,-1.5504%,-0.0047,1.4305,1.8135,-1.2636,4.7705%,5.3058%,19.1590%,-0.005964,OSTK,89394.0,2019-02-27,252.0,12.9359%,-0.0042,1.4302,1.8515,-1.2633,4.8376%,5.3708%,18.8698%,0.123009,OSTK,89394.0,2019-02-28,252.0,-1.3446%,-0.0041,1.4166,1.8419,-1.2712,4.8346%,5.3615%,18.6897%,-0.012641,OSTK,89394.0,2019-03-01,252.0,6.3099%,-0.004,1.4359,1.8706,-1.2629,4.8424%,5.3775%,18.9106%,0.042384,OSTK,0.027571,0.147644,0.144934,0.010435,0.065223
28915,OVERSTOCK COM INC DEL,"Overstock.com Shares Spike ~5% Over Last Few Mins. On Large Uptick In Volume; Shares Move Higher Over $19, See Resistance At $20 Level",6,increase,0.8,0.6,"the spike in shares and increased trading volume suggest positive market sentiment, likely leading to a further increase in overstock.com’s stock price.",2,2019-02-14,OSTK,2019-02-14 18:31:00+00:00,89394.0,69037010,0.0251336526125669,3728144.0,0.0292122829705476,-0.0168243795633316,0.1226558610796928,0.0331341996788978,-0.0040632123127579,-0.0957760661840438,-0.0933816656470298,0.0446383208036422,-0.0055000307038426,-0.0380059443414211,-0.0920060351490974,0.1004888862371445,-0.0155038088560104,0.0336889624595642,0.129358783364296,0.0148148285225033,-0.0134462378919124,0.0115273110568523,0.0630994439125061,-0.0377149358391761,0.0009496893617324,0.018068978562951,0.0436432659626007,-0.0751958489418029,-0.000454555847682,0.0418933890759944,-0.0286493487656116,0.1625552624464035,0.0032771392725408,0.0986796393990516,0.0219318382441997,0.0133803198114037,0.00136989436578,-0.0614673048257827,-0.0323757864534854,0.1116826236248016,-0.0598491318523883,-0.0354358628392219,0.0245613902807235,-0.0362022332847118,-0.0567514598369598,0.0324400588870048,-0.0025934202130883,-0.0713817998766899,0.0208008121699094,0.0146179581061005,-0.0066224741749465,-0.0377237945795059,-0.055897444486618,-0.0076142060570418,-0.0162954498082399,0.0314136445522308,-0.0110436640679836,0.0715287178754806,-0.0804020389914512,0.0762264356017112,-0.0157862920314073,-0.0622788481414318,0.0252931378781795,0.0405007489025592,-0.0240674801170826,-0.04901959374547,-0.0030825671274214,-0.0416107326745986,0.0445268601179122,-0.0093085337430238,0.0,0.0954115390777587,-0.0011840468505397,0.0488922372460365,0.0023710140958428,-0.0360824577510356,-0.0709639191627502,0.0382262989878654,0.0541056282818317,0.0266876108944416,-0.0271738450974226,-0.0569948516786098,0.0086902165785431,-0.2154471129179001,-0.0713846087455749,-0.0422692000865936,0.030483765527606,-0.0586387850344181,-0.0019292432116344,0.0164981074631214,-0.0347938723862171,-0.0037115425802767,-0.0747663527727127,0.0857800617814064,-0.0036074486561119,-0.0920020043849945,-0.0065170275047421,-0.0067497957497835,-0.0437318049371242,-0.0267812367528677,-0.0038109901361167,0.0117587652057409,0.0022953853476792,0.0338266044855117,0.006106864195317,0.0288200490176677,-0.0584218837320804,0.0250835474580526,0.0507655218243598,0.0216401517391204,-0.012269927188754,-0.1610129326581955,0.0085403462871909,0.2326266765594482,-0.0346420183777809,0.0059241936542093,-0.0374800860881805,-0.0214493237435817,0.1126761063933372,0.0034903702326118,0.0253164656460285,-0.0193953309208154,-0.0973130092024803,0.034218281507492,0.0292122829705476,-0.0168243795633316,0.1554512017720966,0.0157523577636413,0.1507563582222653,-0.0815324072801277,0.0375586482342822,-0.076998984487988,0.0985915107232686,0.0371602925874241,-0.1330203123590279,0.3770251060982572,-0.351591030722421,0.1032448413131459,2019-02-15,2019-02-19,2019-02-20,2019-02-21,2019-02-22,2019-02-25,2019-02-26,2019-02-27,2019-02-28,2019-03-01,89394.0,2019-02-14,252.0,2.5134%,-0.0041,1.4374,1.5459,-1.5383,4.7151%,5.2802%,20.2596%,0.011183,OSTK,89394.0,2019-02-15,252.0,2.9212%,-0.0042,1.4234,1.5355,-1.5582,4.7121%,5.2744%,20.1838%,0.016388,OSTK,89394.0,2019-02-19,252.0,12.2656%,-0.0041,1.4142,1.6603,-1.4169,4.7255%,5.2666%,19.4941%,0.120073,OSTK,89394.0,2019-02-20,252.0,-0.4063%,-0.0039,1.4187,1.6897,-1.3957,4.7172%,5.2602%,19.5808%,-0.00271,OSTK,89394.0,2019-02-21,252.0,-9.3382%,-0.0043,1.4488,1.732,-1.3399,4.7450%,5.2902%,19.5484%,-0.0902599999999999,OSTK,89394.0,2019-02-22,252.0,-0.5500%,-0.0044,1.4534,1.7546,-1.2644,4.7492%,5.2887%,19.3602%,-0.044239,OSTK,89394.0,2019-02-25,252.0,-9.2006%,-0.0046,1.4492,1.7935,-1.2597,4.7747%,5.3138%,19.2623%,-0.092,OSTK,89394.0,2019-02-26,252.0,-1.5504%,-0.0047,1.4305,1.8135,-1.2636,4.7705%,5.3058%,19.1590%,-0.005964,OSTK,89394.0,2019-02-27,252.0,12.9359%,-0.0042,1.4302,1.8515,-1.2633,4.8376%,5.3708%,18.8698%,0.123009,OSTK,89394.0,2019-02-28,252.0,-1.3446%,-0.0041,1.4166,1.8419,-1.2712,4.8346%,5.3615%,18.6897%,-0.012641,OSTK,89394.0,2019-03-01,252.0,6.3099%,-0.004,1.4359,1.8706,-1.2629,4.8424%,5.3775%,18.9106%,0.042384,OSTK,0.027571,0.147644,0.144934,0.010435,0.065223
28923,PATRICK INDUSTRIES INC,"Patrick Industries Q4 Adj. EPS $0.96 Beats $0.82 Estimate, Sales $531.211M Beat $527.49M Estimate",6,increase,0.8,0.7,"the company reported better-than-expected earnings and sales, which typically leads to positive investor sentiment and an increase in stock price.",2,2019-02-14,PATK,2019-02-14 13:14:00+00:00,61496.0,70334310,0.0581749826669693,759354.0,0.042562585324049,0.0218120757490396,0.0031894859857857,0.0270803123712539,-0.008054282516241,0.0198342222720384,0.0051282411441206,0.0197132732719183,0.012755068950355,-0.0225224662572145,-0.0155331203714013,-0.0069583146832883,-0.0206823274493217,0.0215791389346122,0.0089266244322061,-0.0095549672842025,-0.0243850033730268,-0.0032581719569861,0.0546339601278305,0.0152672342956066,-0.0113255223259329,-0.005063310265541,-0.0146372215822339,-0.009776871651411,-0.013132412917912,0.0126935774460434,-0.0185427237302064,0.010518210940063,0.0026672354433685,0.0101062292233109,0.0297051686793565,-0.0082240989431738,-0.0122712524607777,-0.0010269811609759,-0.0124237071722745,0.0431173183023929,-0.0112558398395776,0.032632753252983,0.0075892894528806,0.0243626236915588,0.0338945239782333,-0.0150669896975159,-0.0355688855051994,0.017892675474286,-0.0539879277348518,0.0042783142998814,0.0194926727563142,-0.0051078405231237,-0.0564386248588562,0.037997081875801,0.0300292856991291,0.0134328585118055,0.006873688660562,0.0508155860006809,0.0258945934474468,0.0655079931020736,0.0227167923003435,-0.0257244873791933,0.0168274622410535,0.0371495597064495,0.0163283683359623,-0.0080401934683322,-0.0297438707202673,0.0146159175783395,0.0149922128766775,0.0151829030364751,0.0249118395149707,0.0413223020732402,0.0103247910737991,-0.0190342236310243,0.0038322396576404,-0.0247507505118846,-0.0106044532731175,-0.026439057663083,0.0334404595196247,0.0006697438075207,0.0163866616785526,0.0268225818872451,0.0038775228895246,-0.0396301448345184,0.0581419132649898,-0.0213316045701503,0.0397694483399391,-0.0385332442820072,0.0264227706938982,-0.0137910125777125,-0.0075607229955494,-0.0450686924159526,-0.012334487400949,-0.0284333247691392,0.0146923642605543,-0.0260316375643014,0.0030768900178372,-0.0319034494459629,-0.0608083568513393,-0.0917945057153701,-0.0023054550401866,0.0339878760278224,-0.0379357077181339,-0.0102167911827564,-0.0018014442175626,-0.0183463785797357,-0.0378985255956649,0.0349367372691631,-0.0147978132590651,-0.0057890648022294,0.0433678701519966,-0.0290811024606227,-0.014801288023591,0.0309901628643274,-0.0269603077322244,0.0130168022587895,-0.0184009931981563,-0.0481049455702304,0.0137901185080409,-0.00097089598421,-0.0221041645854711,-0.0255439467728138,-0.0456422194838523,-0.0192531161010265,0.0425625853240489,0.0218120757490396,0.0458878240792446,0.0494830659450431,0.0374639480638137,0.0702987463457376,0.0560850991851715,0.0668168670351518,0.0569718439916746,0.0847328718234325,0.004655275091363,0.4397163286005709,-0.0266016505522995,-0.0111342925718049,2019-02-15,2019-02-19,2019-02-20,2019-02-21,2019-02-22,2019-02-25,2019-02-26,2019-02-27,2019-02-28,2019-03-01,61496.0,2019-02-14,252.0,5.8175%,-0.0012,1.1978,1.7433,0.6034,2.3067%,2.7299%,28.6016%,0.055381,PATK,61496.0,2019-02-15,252.0,4.2563%,-0.0011,1.2109,1.7575,0.6278,2.3111%,2.7379%,28.7502%,0.021673,PATK,61496.0,2019-02-19,252.0,0.3189%,-0.0013,1.1945,1.7759,0.6499,2.2906%,2.7144%,28.7925%,-0.0061909999999999,PATK,61496.0,2019-02-20,252.0,-0.8054%,-0.0012,1.1933,1.7889,0.6497,2.2817%,2.7089%,29.0546%,-0.017905,PATK,61496.0,2019-02-21,252.0,0.5128%,-0.0011,1.1827,1.7704,0.6303,2.2795%,2.6995%,28.6990%,0.01219,PATK,61496.0,2019-02-22,252.0,1.2755%,-0.0009,1.1801,1.8196,0.6436,2.2687%,2.6962%,29.1992%,0.004495,PATK,61496.0,2019-02-25,252.0,-1.5533%,-0.001,1.1799,1.8247,0.6457,2.2696%,2.6978%,29.2207%,-0.011514,PATK,61496.0,2019-02-26,252.0,-2.0682%,-0.001,1.1806,1.8298,0.6488,2.2698%,2.6999%,29.3222%,-0.0050849999999999,PATK,61496.0,2019-02-27,252.0,0.8927%,-0.001,1.1704,1.8497,0.6471,2.2653%,2.6954%,29.3632%,0.005066,PATK,61496.0,2019-02-28,252.0,-2.4385%,-0.0011,1.1646,1.8451,0.6472,2.2656%,2.6899%,29.0640%,-0.019609,PATK,61496.0,2019-03-01,252.0,5.4634%,-0.001,1.1875,1.8792,0.6621,2.2784%,2.7125%,29.4463%,0.043397,PATK,0.077054,0.070863,0.0529579999999999,0.069643,0.081898
28931,P G & E CORP,"Clearway Offers Update To Business, Capital Allocation Plan Given Impact From PG&E Bankruptcy",6,uncertain,0.6,0.3,"the news about clearway's update regarding pg&e's bankruptcy could have mixed implications for pg&e's stock price, depending on how investors interpret the impact on pg&e's financial stability and future operations.",1,2019-02-14,PCG,2019-02-14 11:36:00+00:00,13688.0,69331C10,0.0170940328389406,7240477.0,0.0006463655736297,-0.0142579562962055,0.1459948569536209,0.0767620652914047,0.0264937616884708,0.0091549381613731,0.065348744392395,0.0099572818726301,-0.0324741825461387,0.0285296514630317,-0.0063932249322533,-0.0291193071752786,-0.0069704647175967,0.0594431869685649,-0.0388769544661045,0.0160550493746995,-0.0432583466172218,0.0061538401059806,0.0516734644770622,-0.049012441188097,0.0078168278560042,-0.0228734593838453,0.0144044458866119,0.1648625731468201,0.0027308107819408,0.0203908029943704,0.0386709719896316,-0.1562723517417908,0.0167802665382623,0.7459324598312378,-0.0005157415871508,0.0376623347401619,-0.0082559268921613,0.0650068894028663,0.0124869812279939,0.1367924362421036,0.0025694319047033,-0.0953058376908302,0.0071757757104933,0.0173661895096302,-0.0111958943307399,-0.1754176914691925,-0.0185280796140432,-0.5235929489135742,0.0005243958439677,-0.0095720766112208,-0.0015723630785942,-0.0039259502664208,0.0194226168096065,0.0153758805245161,-0.0623069517314434,-0.0733509883284568,-0.014277777634561,-0.223360612988472,-0.0150418076664209,0.0187890958040952,-0.0243212841451168,0.0063025853596627,0.0318840146064758,0.0021052309311926,0.0117978090420365,-0.0058601670898497,-0.019433669745922,0.0122880935668945,0.0458663366734981,0.0115731013938784,0.0211153924465179,0.0077753914520144,0.0270413681864738,0.0175824016332626,0.0160041023045778,-0.0461216084659099,-0.0436992160975933,0.0042105424217879,0.002656809054315,0.031711533665657,0.0137783950194716,-0.0581014752388,0.206482008099556,-0.0603613853454589,0.0277296099811792,-0.0188608076423406,-0.0615513958036899,0.0045472090132534,-0.0184186808764934,0.0126630822196602,-0.0389016196131706,0.0065662451088428,0.0190476011484861,0.0038774125277996,0.0060748164542019,-0.0092201214283704,0.0650255233049392,-0.0269158612936735,0.0069777518510818,-0.0132792545482516,0.0138587998226285,0.0276725348085165,0.0004271776706445,-0.0142003390938043,-0.0384286753833293,-0.0254915840923786,-0.036412063986063,0.0181683264672756,-0.0341014601290226,0.0736464336514473,0.0252862926572561,0.0536913052201271,-0.0069799730554223,-0.0189300049096345,-0.0159325283020734,0.0336026810109615,-0.0352380834519863,0.0107480650767684,-0.0449160821735858,-0.0467212870717048,-0.0387596897780895,0.3754227757453918,-0.0198925174772739,-0.3067604601383209,0.0006463655736297,-0.0142579562962055,0.1467355885767125,0.0614096388230678,0.1771169279801523,0.0711267784303784,0.2133161160077257,0.1126554466646267,0.1577246093658757,0.1126554467753271,0.1506140310344632,-0.3595789303732873,0.1784097784347964,-0.4056271763054284,2019-02-15,2019-02-19,2019-02-20,2019-02-21,2019-02-22,2019-02-25,2019-02-26,2019-02-27,2019-02-28,2019-03-01,13688.0,2019-02-14,252.0,1.7094%,-0.001,0.5668,0.1384,0.2697,7.5511%,7.5717%,0.5431%,0.019154,PCG,13688.0,2019-02-15,252.0,0.0646%,-0.0009,0.586,0.1549,0.2998,7.5490%,7.5708%,0.5741%,-0.007499,PCG,13688.0,2019-02-19,252.0,14.5995%,-0.0003,0.6097,0.2515,0.4066,7.6025%,7.6257%,0.6086%,0.143433,PCG,13688.0,2019-02-20,252.0,2.6494%,-0.0003,0.6152,0.2593,0.4248,7.6036%,7.6272%,0.6195%,0.022446,PCG,13688.0,2019-02-21,252.0,6.5349%,0.0,0.5978,0.2393,0.3925,7.6159%,7.6382%,0.5822%,0.068683,PCG,13688.0,2019-02-22,252.0,-3.2474%,-0.0001,0.6022,0.24,0.4451,7.6184%,7.6408%,0.5860%,-0.032006,PCG,13688.0,2019-02-25,252.0,-0.6393%,-0.0001,0.6033,0.244,0.4513,7.6183%,7.6408%,0.5882%,-0.005971,PCG,13688.0,2019-02-26,252.0,-0.6970%,-0.0002,0.5927,0.2583,0.4506,7.6174%,7.6391%,0.5675%,-0.003055,PCG,13688.0,2019-02-27,252.0,-3.8877%,-0.0003,0.5948,0.243,0.4508,7.6213%,7.6430%,0.5667%,-0.03946,PCG,13688.0,2019-02-28,252.0,-4.3258%,-0.0005,0.5965,0.2428,0.4614,7.6251%,7.6467%,0.5655%,-0.040436,PCG,13688.0,2019-03-01,252.0,5.1673%,-0.0004,0.6257,0.2863,0.484,7.6288%,7.6526%,0.6210%,0.0484309999999999,PCG,0.011655,0.155088,0.177534,0.2142109999999999,0.1737199999999999
28939,P D F SOLUTIONS INC,"PDF Solutions Q4 Adj. EPS $(0.01) Beats $(0.03) Estimate, Sales $19.725M Beat $18.16M Estimate",6,increase,0.75,0.6,"the company reported better-than-expected earnings and sales, which typically leads to positive investor sentiment and an increase in stock price.",2,2019-02-14,PDFS,2019-02-14 21:34:00+00:00,89044.0,69328210,0.0209723804146051,370864.0,0.1204481720924377,-0.0009524027700535,0.0150000257417559,0.0144927166402339,0.0197044145315885,0.0107422471046447,-0.0088566550984978,-0.0191570706665515,-0.0073111411184072,0.0038461503572762,0.0065466384403407,0.0166177991777658,0.0073170852847397,-0.0009765848517417,-0.033091265708208,-0.0219675730913877,-0.0058430465869605,-0.0038058953359723,0.056255254894495,0.0086372504010796,-0.0246422477066516,0.026601031422615,0.003259980585426,0.0474716275930404,-0.0601137839257717,-0.013238301500678,0.006050185766071,0.0218522418290376,0.0154638616368174,-0.0292929261922836,0.0236887224018573,-0.0207715183496475,0.0148759791627526,0.0263958647847175,0.0285016596317291,0.021784234791994,0.0348376557230949,0.0115425614640116,0.0198929030448198,0.0438115671277046,-0.0345086306333541,0.0121950833126902,-0.0093240002170205,-0.0280171632766723,0.0164705906063318,0.0108931837603449,0.0123456669971346,-0.0010880604386329,-0.067073181271553,0.0087815504521131,0.009803912602365,-0.0076253428123891,-0.015372134745121,0.0121279619634151,-0.0180772617459297,0.0401375479996204,0.0217573419213295,0.0104287546128034,0.0114660393446683,0.0237247683107852,0.0089068543165922,0.0156626645475626,0.0264847446233034,-0.0036014085635542,0.0164190810173749,-0.0071514202281832,-0.0046154167503118,0.0674300491809845,0.0193199384957552,-0.0100755570456385,0.0015163349453359,-0.0456730350852012,-0.0113550052046775,0.01960782520473,0.0222052037715911,-0.0511628501117229,-0.0127340881153941,-0.0023201280273497,-0.0083460249006748,-0.0057670348323881,0.0084162671118974,-0.0068727913312613,0.0265553425997495,-0.0011441910173743,-0.0022172753233462,0.0294464081525802,-0.0222222357988357,0.0083135031163692,-0.0143939079716801,-0.0023696096614003,0.0122982198372483,-0.0516854003071785,0.0129081299528479,-0.0399137884378433,-0.0149924894794821,-0.0117270424962043,0.0007609798340126,0.0140540665015578,-0.0098858680576086,0.0535307824611663,-0.0030722669325768,0.0269005298614502,0.0084746237844228,0.0215054135769605,0.0488922372460365,-0.0094674471765756,-0.0014566282043233,-0.0116959512233734,0.0058351512998342,0.0035210952628403,-0.0362581573426723,0.0023529950994998,-0.0030097789131104,-0.0150637440383434,-0.0324528515338897,-0.0281531531363725,-0.0015600237529724,-0.0067113498225808,-0.0085937976837158,0.0359211415052413,0.1204481720924377,-0.0009524027700535,0.1372549235161277,0.0135265109667066,0.1596638659571796,0.0244140631946194,0.1409897477429422,0.008653861283197,0.1746031614177863,0.0067178210873313,0.1531279476322677,0.2443652899791337,0.1848739066272153,0.2155271830641756,2019-02-15,2019-02-19,2019-02-20,2019-02-21,2019-02-22,2019-02-25,2019-02-26,2019-02-27,2019-02-28,2019-03-01,89044.0,2019-02-14,252.0,2.0972%,-0.0007,0.7965,0.8141,-0.2554,2.6715%,2.8719%,13.4733%,0.016967,PDFS,89044.0,2019-02-15,252.0,12.0448%,-0.0003,0.8592,0.8825,-0.1377,2.7596%,2.9665%,13.4594%,0.110539,PDFS,89044.0,2019-02-19,252.0,1.5000%,-0.0003,0.8529,0.9017,-0.1155,2.7550%,2.9586%,13.2890%,0.011121,PDFS,89044.0,2019-02-20,252.0,1.9704%,0.0003,0.8713,1.0069,-0.0328,2.5963%,2.8190%,15.1734%,0.0166359999999999,PDFS,89044.0,2019-02-21,252.0,-0.8857%,0.0004,0.8645,0.9918,-0.0453,2.5927%,2.8126%,15.0247%,-0.005103,PDFS,89044.0,2019-02-22,252.0,-0.7311%,0.0002,0.8693,0.9369,-0.0384,2.5848%,2.8012%,14.8529%,-0.019151,PDFS,89044.0,2019-02-25,252.0,0.6547%,0.0003,0.8665,0.9305,-0.0522,2.5807%,2.7975%,14.8936%,0.00751,PDFS,89044.0,2019-02-26,252.0,0.7317%,0.0003,0.855,0.922,-0.0651,2.5807%,2.7938%,14.6701%,0.014386,PDFS,89044.0,2019-02-27,252.0,-3.3091%,0.0002,0.8573,0.9073,-0.0649,2.5903%,2.8018%,14.5251%,-0.0357909999999999,PDFS,89044.0,2019-02-28,252.0,-0.5843%,0.0002,0.8459,0.8993,-0.0723,2.5865%,2.7932%,14.2532%,-0.003629,PDFS,89044.0,2019-03-01,252.0,5.6255%,0.0004,0.8523,0.9089,-0.0841,2.6030%,2.8124%,14.3399%,0.047178,PDFS,0.127506,0.138627,0.1552629999999999,0.131009,0.160663
28947,PRECISION DRILLING CORP,"Precision Drilling Q4 EPS $0.00 vs $(0.05) Estimate, Sales $427.01M Up From $347.187M YoY",6,increase,0.75,0.6,"the company reported a positive earnings surprise by meeting expectations and showed significant revenue growth year-over-year, which is likely to boost investor confidence.",2,2019-02-14,PDS,2019-02-14 11:12:00+00:00,90999.0,74022D40,0.1462265104055405,5106143.0,0.0082304449751973,0.0241545662283897,0.0693876892328262,0.0147058684378862,-0.0038167904131114,0.0461538024246692,-0.0421455539762973,-0.0346534326672554,0.0279999729245901,-0.0776256024837493,-0.0038910470902919,0.0233644619584083,0.0,0.0,-0.0039062462747097,-0.031674176454544,-0.0117646949365735,0.0137614542618393,0.0158730000257492,0.0331754386425018,-0.0156249850988388,0.1405404657125473,-0.0238095019012689,-0.031413584947586,-0.0365854278206825,-0.010362684726715,-0.0210970267653465,0.0104711940512061,-0.0043103406205773,-0.0205128621309995,0.008658000268042,-0.0533980093896389,0.0128755243495106,-0.0506913028657436,0.008474669419229,0.0093023162335157,0.0,-0.0137614542618393,-0.037815187126398,-0.0267856884747743,0.0480349920690059,0.0566038340330123,0.0208333134651184,-0.0450451076030731,0.0122448857873678,-0.0044843005016446,0.0201612710952758,-0.0044642812572419,-0.0434782207012176,0.1089109033346176,-0.0041322275064885,-0.0049261036328971,-0.008298747241497,0.0149999856948852,-0.020920580253005,0.0416666902601718,0.0085470005869865,0.060773491859436,0.0127119543030858,0.0402298457920551,0.0543932504951953,0.0,-0.0079365000128746,0.0175438430160284,0.0079999919980764,-0.0338982716202735,-0.0039682500064373,0.0473372302949428,0.0398406013846397,-0.0058823470026254,0.0421456471085548,-0.0395479835569858,-0.0073529342189431,0.0056818127632141,0.0222222004085779,0.0,-0.0181159246712923,-0.0382513925433158,0.018450167030096,-0.0161290168762207,-0.0217391103506088,-0.0558375716209411,0.0296296011656522,-0.0050505003891885,0.0035971188917756,0.0476190671324729,0.0250895824283361,-0.0307692624628543,0.0104895839467644,-0.0758293122053146,0.0138408169150352,0.0047619002871215,-0.0409556739032268,-0.03225814178586,-0.0462633036077022,-0.0686694681644439,-0.0298508051782846,0.0130434660241007,-0.0230769012123346,-0.0086206812411546,-0.0393700413405895,-0.0607287846505641,-0.0450820215046405,-0.0080321207642555,-0.0429184138774871,0.0246913339942693,0.0313901044428348,0.0041322275064885,-0.008695644326508,-0.0546874478459358,-0.0350876860320568,0.0281124226748943,0.0,-0.0496182739734649,0.031818151473999,0.0607286877930164,-0.0176211278885603,-0.0040322542190551,-0.0538117140531539,0.0122448857873678,0.0082304449751973,0.0241545662283897,0.0781892257662104,0.0392156485394048,0.0740740034657858,0.0871794022587171,0.0576131153910106,-0.0319635464408496,0.0534978921301216,0.0047393341776098,-0.0164608876372375,0.2183907272239404,-0.1316873051689022,-0.1346939395742343,2019-02-15,2019-02-19,2019-02-20,2019-02-21,2019-02-22,2019-02-25,2019-02-26,2019-02-27,2019-02-28,2019-03-01,90999.0,2019-02-14,252.0,14.6227%,-0.0005,1.4603,1.3284,1.3556,3.1428%,3.4885%,18.8384%,0.151191,PDS,90999.0,2019-02-15,252.0,0.8230%,-0.0006,1.434,1.3029,1.3105,3.1427%,3.4748%,18.2009%,-0.018198,PDS,90999.0,2019-02-19,252.0,6.9388%,-0.0003,1.4529,1.3299,1.3393,3.1619%,3.5016%,18.4597%,0.058853,PDS,90999.0,2019-02-20,252.0,-0.3817%,-0.0004,1.4479,1.3166,1.3207,3.1635%,3.5008%,18.3409%,-0.016969,PDS,90999.0,2019-02-21,252.0,-4.2146%,-0.0007,1.4701,1.3548,1.3617,3.1595%,3.5073%,18.8509%,-0.032929,PDS,90999.0,2019-02-22,252.0,2.8000%,-0.0004,1.464,1.4024,1.3319,3.1599%,3.5091%,18.9152%,0.030911,PDS,90999.0,2019-02-25,252.0,-0.3891%,-0.0005,1.4649,1.4032,1.3357,3.1595%,3.5091%,18.9354%,-0.000143,PDS,90999.0,2019-02-26,252.0,0.0000%,-0.0004,1.4635,1.3822,1.324,3.1610%,3.5083%,18.8167%,0.015632,PDS,90999.0,2019-02-27,252.0,-0.3906%,-0.0004,1.4644,1.3789,1.3242,3.1612%,3.5081%,18.7991%,-0.006361,PDS,90999.0,2019-02-28,252.0,-1.1765%,-0.0004,1.4594,1.3753,1.3215,3.1606%,3.5034%,18.6116%,-0.0042899999999999,PDS,90999.0,2019-03-01,252.0,1.5873%,-0.0002,1.4371,1.3421,1.2837,3.1512%,3.4809%,18.0462%,0.006573,PDS,0.132993,0.191846,0.174877,0.172859,0.18427
28955,PROGRESSIVE CORP OH,"Citigroup Maintains Neutral on Progressive, Raises Price Target to $75",6,increase,0.7,0.6,"maintaining a neutral rating while raising the price target suggests a positive outlook, which could lead to an increase in investor confidence and stock price.",2,2019-02-14,PGR,2019-02-14 14:04:00+00:00,64390.0,74331510,-0.0012712423922494,5961959.0,0.0077782925218343,0.0216450206935405,0.0077181505039334,0.0020242824684828,0.0093302577733993,0.0117027945816516,-0.0051048942841589,0.0094506703317165,0.0022187773138284,0.0022199426311999,0.0063651134259998,0.0156320594251155,-0.0056373388506472,0.0075723156332969,0.005392690654844,0.0034953756257891,0.0026131542399525,0.0152177447453141,0.0016460234764963,0.0080899009481072,-0.0042453790083527,0.0142835807055234,-0.0028881733305752,0.0093558384105563,-0.0081378808245062,-0.0015314869815483,0.0043109101243317,0.0009197607287205,0.000692265573889,0.003846745705232,0.0080254860222339,0.0268604345619678,0.0100206369534134,-0.0175410937517881,-0.0171242468059063,0.0184979941695928,0.0074668270535767,0.0103834113106131,0.0102937137708067,0.0091890972107648,-0.0074718524701893,0.0073075178079307,-0.0090336166322231,-0.0016212463378906,-0.0053867315873503,-0.0046796984970569,0.0155533272773027,0.0109298853203654,-0.0047859768383204,0.0093858009204268,-0.0008243687916547,0.0114923156797885,0.0063256197609007,0.0080590918660163,-0.0064225364476442,0.022840492427349,-0.0039884597063064,-0.016883336007595,-0.0045567778870463,-0.0182330887764692,0.0092940190806984,0.0113998372107744,-0.0009620628552511,-0.0091361999511718,0.0046773464418947,0.0146637270227074,-0.005477201193571,0.0396005287766456,0.0023438325151801,-0.0395489484071731,-0.0094909882172942,-0.0063545331358909,-0.0066657871939241,-0.0175784416496753,0.0075492928735911,-0.0034381612204015,-0.0041626621969044,0.000163781500305,0.0117041105404496,-0.0150000052526593,-0.0048202518373727,-0.0182106327265501,0.0691945701837539,-0.014205371029675,-0.0142376190051436,0.0092956721782684,-0.0152311399579048,-0.002827970078215,-0.005866699386388,0.0036266692914068,0.0151556450873613,-0.0217492468655109,-0.0081913424655795,0.0030946091283112,0.0070600612089037,-0.0326298512518405,0.0078042852692306,0.0078442692756652,0.0120750507339835,0.0168737303465604,0.0134872375056147,0.0146303884685039,-0.01586689427495,0.0381321795284748,-0.0175530631095171,-0.0211924742907285,-0.0149549664929509,0.0044479551725089,-0.0025527668185532,-0.0116187455132603,-0.0195312090218067,-0.0107175931334495,0.0100287916138768,-0.0096908919513225,-0.0091131422668695,-0.0200481507927179,0.0079615898430347,0.0006032169330865,-0.01212037820369,0.0231481473892927,0.0077782925218343,0.0216450206935405,0.0155564770581149,0.0237131187979433,0.0250318807725125,0.0356934231377776,0.0220619087159656,0.0478023290195084,0.0326686122197124,0.1011990461617158,0.0195162967514028,0.2183827961515521,0.0272948024131798,0.1343369265624534,2019-02-15,2019-02-19,2019-02-20,2019-02-21,2019-02-22,2019-02-25,2019-02-26,2019-02-27,2019-02-28,2019-03-01,64390.0,2019-02-14,252.0,-0.1271%,0.0012,0.9497,-0.1037,0.1885,1.1338%,1.4909%,42.1615%,0.00225,PGR,64390.0,2019-02-15,252.0,0.7778%,0.001,0.9118,-0.1382,0.1262,1.1026%,1.4480%,42.0146%,-0.003698,PGR,64390.0,2019-02-19,252.0,0.7718%,0.0011,0.9137,-0.1366,0.1279,1.1029%,1.4478%,41.9744%,0.005908,PGR,64390.0,2019-02-20,252.0,0.9330%,0.0011,0.9146,-0.1386,0.1299,1.1021%,1.4477%,42.0430%,0.0070909999999999,PGR,64390.0,2019-02-21,252.0,-0.5105%,0.0011,0.9117,-0.1452,0.1246,1.1005%,1.4450%,41.9975%,-0.0016189999999999,PGR,64390.0,2019-02-22,252.0,0.2219%,0.001,0.9128,-0.1658,0.1189,1.0966%,1.4436%,42.3036%,-0.001178,PGR,64390.0,2019-02-25,252.0,0.6365%,0.0011,0.912,-0.1683,0.1148,1.0961%,1.4434%,42.3307%,0.004679,PGR,64390.0,2019-02-26,252.0,-0.5637%,0.001,0.9136,-0.1614,0.1194,1.0967%,1.4413%,42.0988%,-0.0049759999999999,PGR,64390.0,2019-02-27,252.0,0.5393%,0.001,0.9102,-0.1543,0.1189,1.0959%,1.4368%,41.8165%,0.004921,PGR,64390.0,2019-02-28,252.0,0.2613%,0.001,0.9117,-0.1532,0.1189,1.0959%,1.4362%,41.7692%,0.005663,PGR,64390.0,2019-03-01,252.0,0.1646%,0.001,0.9061,-0.1616,0.1125,1.0954%,1.4320%,41.4877%,-0.004089,PGR,-0.001448,0.00446,0.0115509999999999,0.008754,0.014952
28963,POOL CORP,Pool Corporation Sees FY19 EPS $6.05-$6.35 vs $6.21 Est.,6,uncertain,0.6,0.3,"while the eps guidance is within a reasonable range around the estimate, the uncertainty in the market and potential external factors could lead to mixed reactions from investors.",1,2019-02-14,POOL,2019-02-14 13:05:00+00:00,82515.0,73278L10,-0.0463790595531463,761487.0,0.0098997112363576,-0.0051685604266822,0.0164473690092563,0.0210451073944568,-0.0115210274234414,-0.007980590686202,0.0174175202846527,0.000766790471971,0.0215599872171878,0.0050086611881852,0.0089459978044033,-0.0082155680283904,0.0070559158921241,0.0145377004519105,-0.003844215767458,0.0207756850868463,-0.006971308030188,0.0114067867398262,-0.0020057170186191,-0.0045816893689334,0.0001256391988135,-0.0037705369759351,0.0031399144791066,-0.0028364637400954,-0.0120821828022599,0.0065733049996197,-0.0060198782011866,-0.0131699293851852,-0.0047176177613437,0.0025619089137762,0.0156931355595588,0.0021724940743297,0.002837843960151,-0.0049132001586258,0.0115079209208488,0.0123350396752357,-0.0081046624109148,0.0167902242392301,-0.013325017876923,-0.0086235264316201,0.0117849800735712,-0.0093377726152539,-0.0060442402027547,-0.0054011810570955,-0.0041172732599079,-0.0064785699360072,0.0161556620150804,-0.0041707358323037,-0.02215819619596,0.0241606831550598,0.01363464910537,-0.0021311494056135,-0.0056836698204278,0.0058279414661228,0.0215306412428617,0.034009862691164,0.0228799302130937,-0.01048662699759,0.0027352110482752,-0.0184998326003551,0.0173364896327257,0.0054788799025118,-0.0007149801240302,0.0153845474123954,0.0121042197570204,0.0103393625468015,-0.0014728407841175,0.0396796762943267,0.0049560228362679,-0.0067359544336795,-0.0024071135558187,-0.0349906459450721,-0.0443737842142581,0.0024262173101305,0.0089296521618962,-0.0083860410377383,0.0075077563524246,0.0013766309712082,0.018356954678893,-0.0106237921863794,0.0138616329059004,-0.0270986314862966,0.0011735532898455,0.0054626078344881,-0.0085569778457283,-0.0017290317919105,0.0516079179942607,-0.0017261485336348,0.0012367261806502,-0.011679015122354,0.0019651120528578,-0.0261963512748479,0.0053233043290674,-0.0208946596831083,-0.0148821035400033,-0.0297419968992471,0.0117120742797851,0.0137838013470172,0.0123035451397299,0.0134072955697774,0.0150821004062891,-0.0051492140628397,-0.0116468882188201,0.040203895419836,0.0185022056102752,0.0033021026756614,-0.0028114416636526,0.0017512276535853,0.007807430345565,0.0067254249006509,-0.0172692406922578,0.0092921331524848,0.0021349941380321,-0.0043306327424943,-0.0040423371829092,-0.0137837631627917,0.0101469438523054,0.0152420466765761,-0.0193299539387226,0.0064802686683833,0.0098997112363576,-0.0051685604266822,0.0265099044494034,0.0157677740585202,0.0146834556898076,0.0076613472215245,0.0546143231641644,0.0134849166400086,0.0578699575483145,0.0480079377144746,0.0991484184704218,0.0617558578765664,0.2033533076217246,0.0436421788507379,2019-02-15,2019-02-19,2019-02-20,2019-02-21,2019-02-22,2019-02-25,2019-02-26,2019-02-27,2019-02-28,2019-03-01,82515.0,2019-02-14,252.0,-4.6379%,0.0004,0.7091,0.4221,-0.0785,1.1783%,1.4358%,32.6458%,-0.04797,POOL,82515.0,2019-02-15,252.0,0.9900%,0.0004,0.695,0.4095,-0.1013,1.1731%,1.4254%,32.2745%,0.001109,POOL,82515.0,2019-02-19,252.0,1.6447%,0.0001,0.6707,0.456,-0.0469,1.0422%,1.2990%,35.6270%,0.014143,POOL,82515.0,2019-02-20,252.0,-1.1521%,-0.0,0.6656,0.4382,-0.0669,1.0417%,1.2972%,35.5084%,-0.013641,POOL,82515.0,2019-02-21,252.0,1.7418%,0.0001,0.6528,0.4167,-0.0904,1.0395%,1.2894%,35.0108%,0.019933,POOL,82515.0,2019-02-22,252.0,2.1560%,0.0002,0.6503,0.4353,-0.1039,1.0403%,1.2942%,35.3948%,0.013595,POOL,82515.0,2019-02-25,252.0,0.8946%,0.0003,0.6489,0.4298,-0.1118,1.0393%,1.2936%,35.4482%,0.008815,POOL,82515.0,2019-02-26,252.0,0.7056%,0.0003,0.6435,0.4211,-0.1203,1.0406%,1.2912%,35.0475%,0.010376,POOL,82515.0,2019-02-27,252.0,-0.3844%,0.0004,0.6511,0.4057,-0.119,1.0353%,1.2891%,35.4960%,-0.005468,POOL,82515.0,2019-02-28,252.0,-0.6971%,0.0004,0.6495,0.4044,-0.1189,1.0354%,1.2868%,35.2501%,-0.005432,POOL,82515.0,2019-03-01,252.0,-0.2006%,0.0004,0.6416,0.3926,-0.1271,1.0350%,1.2815%,34.7703%,-0.00842,POOL,-0.046861,-0.032718,-0.046359,-0.0128309999999999,-0.0129599999999999
28971,POOL CORP,"Pool Earlier Reported Q4 EPS $0.41 Misses $0.44 Estimate, Sales $543.082M Miss $551.34M Estimate",6,decrease,0.8,0.6,"the reported earnings per share and sales figures both missed analyst estimates, which typically leads to a negative reaction in stock prices.",0,2019-02-14,POOL,2019-02-14 13:05:00+00:00,82515.0,73278L10,-0.0463790595531463,761487.0,0.0098997112363576,-0.0051685604266822,0.0164473690092563,0.0210451073944568,-0.0115210274234414,-0.007980590686202,0.0174175202846527,0.000766790471971,0.0215599872171878,0.0050086611881852,0.0089459978044033,-0.0082155680283904,0.0070559158921241,0.0145377004519105,-0.003844215767458,0.0207756850868463,-0.006971308030188,0.0114067867398262,-0.0020057170186191,-0.0045816893689334,0.0001256391988135,-0.0037705369759351,0.0031399144791066,-0.0028364637400954,-0.0120821828022599,0.0065733049996197,-0.0060198782011866,-0.0131699293851852,-0.0047176177613437,0.0025619089137762,0.0156931355595588,0.0021724940743297,0.002837843960151,-0.0049132001586258,0.0115079209208488,0.0123350396752357,-0.0081046624109148,0.0167902242392301,-0.013325017876923,-0.0086235264316201,0.0117849800735712,-0.0093377726152539,-0.0060442402027547,-0.0054011810570955,-0.0041172732599079,-0.0064785699360072,0.0161556620150804,-0.0041707358323037,-0.02215819619596,0.0241606831550598,0.01363464910537,-0.0021311494056135,-0.0056836698204278,0.0058279414661228,0.0215306412428617,0.034009862691164,0.0228799302130937,-0.01048662699759,0.0027352110482752,-0.0184998326003551,0.0173364896327257,0.0054788799025118,-0.0007149801240302,0.0153845474123954,0.0121042197570204,0.0103393625468015,-0.0014728407841175,0.0396796762943267,0.0049560228362679,-0.0067359544336795,-0.0024071135558187,-0.0349906459450721,-0.0443737842142581,0.0024262173101305,0.0089296521618962,-0.0083860410377383,0.0075077563524246,0.0013766309712082,0.018356954678893,-0.0106237921863794,0.0138616329059004,-0.0270986314862966,0.0011735532898455,0.0054626078344881,-0.0085569778457283,-0.0017290317919105,0.0516079179942607,-0.0017261485336348,0.0012367261806502,-0.011679015122354,0.0019651120528578,-0.0261963512748479,0.0053233043290674,-0.0208946596831083,-0.0148821035400033,-0.0297419968992471,0.0117120742797851,0.0137838013470172,0.0123035451397299,0.0134072955697774,0.0150821004062891,-0.0051492140628397,-0.0116468882188201,0.040203895419836,0.0185022056102752,0.0033021026756614,-0.0028114416636526,0.0017512276535853,0.007807430345565,0.0067254249006509,-0.0172692406922578,0.0092921331524848,0.0021349941380321,-0.0043306327424943,-0.0040423371829092,-0.0137837631627917,0.0101469438523054,0.0152420466765761,-0.0193299539387226,0.0064802686683833,0.0098997112363576,-0.0051685604266822,0.0265099044494034,0.0157677740585202,0.0146834556898076,0.0076613472215245,0.0546143231641644,0.0134849166400086,0.0578699575483145,0.0480079377144746,0.0991484184704218,0.0617558578765664,0.2033533076217246,0.0436421788507379,2019-02-15,2019-02-19,2019-02-20,2019-02-21,2019-02-22,2019-02-25,2019-02-26,2019-02-27,2019-02-28,2019-03-01,82515.0,2019-02-14,252.0,-4.6379%,0.0004,0.7091,0.4221,-0.0785,1.1783%,1.4358%,32.6458%,-0.04797,POOL,82515.0,2019-02-15,252.0,0.9900%,0.0004,0.695,0.4095,-0.1013,1.1731%,1.4254%,32.2745%,0.001109,POOL,82515.0,2019-02-19,252.0,1.6447%,0.0001,0.6707,0.456,-0.0469,1.0422%,1.2990%,35.6270%,0.014143,POOL,82515.0,2019-02-20,252.0,-1.1521%,-0.0,0.6656,0.4382,-0.0669,1.0417%,1.2972%,35.5084%,-0.013641,POOL,82515.0,2019-02-21,252.0,1.7418%,0.0001,0.6528,0.4167,-0.0904,1.0395%,1.2894%,35.0108%,0.019933,POOL,82515.0,2019-02-22,252.0,2.1560%,0.0002,0.6503,0.4353,-0.1039,1.0403%,1.2942%,35.3948%,0.013595,POOL,82515.0,2019-02-25,252.0,0.8946%,0.0003,0.6489,0.4298,-0.1118,1.0393%,1.2936%,35.4482%,0.008815,POOL,82515.0,2019-02-26,252.0,0.7056%,0.0003,0.6435,0.4211,-0.1203,1.0406%,1.2912%,35.0475%,0.010376,POOL,82515.0,2019-02-27,252.0,-0.3844%,0.0004,0.6511,0.4057,-0.119,1.0353%,1.2891%,35.4960%,-0.005468,POOL,82515.0,2019-02-28,252.0,-0.6971%,0.0004,0.6495,0.4044,-0.1189,1.0354%,1.2868%,35.2501%,-0.005432,POOL,82515.0,2019-03-01,252.0,-0.2006%,0.0004,0.6416,0.3926,-0.1271,1.0350%,1.2815%,34.7703%,-0.00842,POOL,-0.046861,-0.032718,-0.046359,-0.0128309999999999,-0.0129599999999999
28979,P P L CORP,"PPL Q4 EPS $0.52 Beats $0.49 Estimate, Sales $1.939B Beat $1.86B Estimate",6,increase,0.8,0.7,"the earnings per share (eps) and sales both exceeded estimates, which typically signals positive performance and can lead to an increase in stock price.",2,2019-02-14,PPL,2019-02-14 12:33:00+00:00,22517.0,69351T10,-0.0116467364132404,5598264.0,-0.0029459951911121,-0.0032247784547507,0.0072226272895932,-0.003534723771736,0.0162972621619701,-0.0054330481216311,0.0076972343958914,0.007729522883892,0.0070018875412642,0.0055051841773092,0.0028445054776966,-0.0057952450588345,0.0063032070174813,0.0,0.0015659015625715,-0.0028892504051327,0.0059411702677607,-0.0054278438910841,0.0027976424898952,0.0168831329792738,0.0034098145551979,0.0065359100699424,0.0033982272725552,-0.0019569296855479,-0.003694548504427,-0.0003260589728597,0.0037855091504752,-0.0035737690050154,-0.002806365955621,0.009180350229144,0.0125078652054071,0.0207496937364339,0.0027794982306659,-0.0063186078332364,0.0009238921338692,0.005685621406883,0.0027692355215549,0.0074123758822679,0.0046026855707168,0.0095238331705331,-0.000610887480434,0.0151933887973427,-0.0189487393945455,-0.0183051154017448,0.0003115930303465,-0.0023672538809478,0.0059171169996261,0.0095595344901084,-0.003405591705814,0.0,0.0049704830162227,0.0131442779675126,0.0030912610236555,0.0013854869175702,-0.0033898493275046,0.0307033415883779,-0.0231910943984985,-0.0035574664361774,0.0047483257949352,-0.0077655953355133,-0.0031506107188761,-0.0007054834859445,0.0025284425355494,0.0003528662200551,0.0053593972697854,0.001059720525518,-0.0068986928090453,0.026096386834979,0.0151563454419374,-0.0285211075097322,-0.0068429615348577,-0.0104530015960335,0.0021922860760241,0.0166489984840154,-0.0081250071525573,0.0092956824228167,0.0072463625110685,-0.0664218887686729,-0.0034406851045787,-0.0205950010567903,0.0006277008797042,-0.0077846180647611,-0.017565855756402,0.0045617264695465,-0.0073435357771813,0.0062295258976519,-0.0038597888778895,-0.0094186719506978,-0.0041975835338234,-0.0096493801102042,0.0006485232734121,0.0277324803173542,0.0029164014849811,-0.0019537436310201,-0.0048465756699442,-0.0128576504066586,-0.0006493036053143,0.0169990342110395,-0.0068226442672312,-0.0026084096170961,0.0209355372935533,-0.0061568543314933,-0.003844887483865,-0.0083547625690698,-0.0112576512619853,0.0140110878273844,0.0156148197129368,-0.004863800946623,-0.0067264284007251,0.0065274401567876,-0.0016124199610203,-0.0254453290253877,-0.0190567914396524,0.0,-0.0036220154725015,0.0197859425097703,0.0257766246795654,0.0108196698129177,0.0099870963022112,-0.0522063486278057,-0.0029459951911121,-0.0032247784547507,0.0042553542732186,-0.0067481035254242,0.0206219670593714,-0.0121444888758719,0.0356792203989482,0.0009715251020077,0.0559737846018466,0.0035714497750822,0.0523160688748163,0.0910695360264728,0.0393859293189469,-0.0267984508786846,2019-02-15,2019-02-19,2019-02-20,2019-02-21,2019-02-22,2019-02-25,2019-02-26,2019-02-27,2019-02-28,2019-03-01,22517.0,2019-02-14,252.0,-1.1647%,0.0003,0.1774,-0.4568,0.0816,1.3299%,1.3636%,4.8752%,-0.008593,PPL,22517.0,2019-02-15,252.0,-0.2946%,0.0003,0.1879,-0.4479,0.098,1.3262%,1.3608%,5.0096%,-0.004301,PPL,22517.0,2019-02-19,252.0,0.7223%,0.0003,0.1816,-0.4324,0.116,1.3177%,1.3506%,4.8121%,0.00777,PPL,22517.0,2019-02-20,252.0,1.6297%,0.0003,0.1849,-0.4305,0.1262,1.3193%,1.3526%,4.8701%,0.016165,PPL,22517.0,2019-02-21,252.0,0.7697%,0.0004,0.1758,-0.4474,0.1094,1.3140%,1.3475%,4.9124%,0.00827,PPL,22517.0,2019-02-22,252.0,0.7002%,0.0005,0.1734,-0.4184,0.1072,1.3092%,1.3397%,4.4999%,0.009828,PPL,22517.0,2019-02-25,252.0,0.2845%,0.0006,0.1711,-0.4212,0.0972,1.3034%,1.3338%,4.5013%,0.00159,PPL,22517.0,2019-02-26,252.0,0.6303%,0.0005,0.1564,-0.4119,0.091,1.2953%,1.3231%,4.1567%,0.004102,PPL,22517.0,2019-02-27,252.0,0.1566%,0.0006,0.166,-0.4285,0.0926,1.2882%,1.3184%,4.5396%,0.002217,PPL,22517.0,2019-02-28,252.0,0.5941%,0.0007,0.1534,-0.437,0.0819,1.2816%,1.3112%,4.4637%,0.006673,PPL,22517.0,2019-03-01,252.0,0.2798%,0.0008,0.1426,-0.453,0.0641,1.2763%,1.3061%,4.5021%,0.003198,PPL,-0.012894,-0.0051239999999999,0.0110409999999999,0.0291389999999999,0.0469189999999999
28987,P V H CORP,Cooperman's Omega 13F Shows Liquidated ~260K Share Stake In PVH,6,decrease,0.7,0.6,"the liquidation of a significant share stake by a notable investor like cooperman's omega may signal a lack of confidence in pvh corp's future performance, potentially leading to a decrease in stock price.",0,2019-02-14,PVH,2019-02-14 19:14:00+00:00,13936.0,69365610,-0.0012441072613,846941.0,0.0045377891510725,-0.0157439261674881,-0.0015943339094519,0.0137435989454388,0.0118878306820988,0.0170439127832651,0.0091180158779025,-0.0027877478860318,0.0218940433114767,-0.0095305936411023,-0.0153035456314683,0.0041141142137348,-0.0008633955731056,0.0266274344176054,0.0054225400090217,0.0013791975798085,-0.0126386489719152,-0.0032077580690383,0.0024382306728512,-0.0112369544804096,-0.0262335315346717,0.0193995237350463,-0.0077608842402696,-0.0018441397696733,-0.0101591730490326,0.0007381581817753,0.0014532576315104,0.0224549956619739,0.00018135899154,0.0171785112470388,0.0155059769749641,-0.0080914432182908,0.0003571829292923,-0.0465601496398448,0.009729572571814,0.0243585240095853,-0.0035360814072191,0.0287899989634752,-0.0196060948073864,0.0012450190261006,0.0085059702396392,-0.0005743222427554,-0.0123822102323174,-0.0121962120756506,-0.027073711156845,0.0690316781401634,0.0149407619610428,-0.0357664749026298,-0.0136167388409376,0.0124321868643164,0.0184684582054615,0.0283076390624046,0.0083340601995587,0.0499626584351062,0.0071753035299479,0.0348363332450389,0.1476237922906876,-0.0297357887029647,-0.041725642979145,0.0058095850981771,0.0252562686800956,0.0066060279496014,-0.0066384216770529,0.0052252965979278,0.0022544800303876,-0.0032552413176745,0.0322140268981456,0.0613843351602554,-0.0095727555453777,-0.0213029682636261,0.0011001052334904,-0.0179322026669979,-0.0062794587574899,-0.0123538300395011,0.005766219459474,-0.0092070894315838,-0.0032985012512654,0.0107291806489229,0.0176502261310815,-0.0200622547417879,-0.0031745135784149,-0.0145892519503831,0.0093987211585044,-0.0404747948050499,0.0183147750794887,-0.0051467809826135,-0.0009824293665587,-0.016866797581315,-0.0096066892147064,-0.016107004135847,0.009165296331048,-0.0394749082624912,0.004389630164951,-0.005965135525912,-0.0201944671571254,-0.060919027775526,0.0076136700809001,0.0338430702686309,-0.0029003578238189,0.0067414185032248,-0.0126300817355513,-0.0102786673232913,-0.0051941866986453,0.0073569952510297,-0.003662786912173,-0.0215218476951122,-0.0052405018359422,0.0221575982868671,-0.025161163881421,-0.0140567608177661,-0.0174221936613321,0.0350291803479194,-0.0031193338800221,-0.0269612073898315,-0.0065052774734795,-0.0410722009837627,-0.0104434490203857,-0.0144865531474351,-0.0577100217342376,-0.0307260360568761,0.0045377891510725,-0.015743926167488,0.002936220490503,-0.0022167054291217,0.0148589564646381,0.0147894260201431,0.0465344190229006,0.0023158651232448,0.0246206924357124,0.019755327738347,0.0854107609786036,0.2106509178330129,0.0013014673104863,-0.0702211330557498,2019-02-15,2019-02-19,2019-02-20,2019-02-21,2019-02-22,2019-02-25,2019-02-26,2019-02-27,2019-02-28,2019-03-01,13936.0,2019-02-14,252.0,-0.1244%,-0.0011,1.1185,0.68,0.2248,1.5397%,1.9523%,37.8055%,-0.001227,PVH,13936.0,2019-02-15,252.0,0.4538%,-0.0012,1.1068,0.6684,0.2043,1.5403%,1.9457%,37.3286%,-0.010981,PVH,13936.0,2019-02-19,252.0,-0.1594%,-0.0012,1.107,0.6634,0.1986,1.5405%,1.9453%,37.2879%,-0.006348,PVH,13936.0,2019-02-20,252.0,1.1888%,-0.0011,1.1114,0.6826,0.2166,1.5352%,1.9433%,37.5910%,0.007133,PVH,13936.0,2019-02-21,252.0,0.9118%,-0.001,1.1072,0.6775,0.2089,1.5381%,1.9429%,37.3260%,0.014106,PVH,13936.0,2019-02-22,252.0,2.1894%,-0.001,1.1055,0.6682,0.1803,1.5398%,1.9471%,37.4573%,0.013942,PVH,13936.0,2019-02-25,252.0,-1.5304%,-0.0011,1.1068,0.6763,0.1891,1.5410%,1.9483%,37.4383%,-0.015,PVH,13936.0,2019-02-26,252.0,-0.0863%,-0.001,1.1153,0.6586,0.1864,1.5381%,1.9483%,37.6729%,0.0057599999999999,PVH,13936.0,2019-02-27,252.0,0.5423%,-0.001,1.1169,0.657,0.1867,1.5382%,1.9483%,37.6709%,0.003291,PVH,13936.0,2019-02-28,252.0,-1.2639%,-0.001,1.1206,0.6594,0.1913,1.5388%,1.9485%,37.6316%,-0.008941,PVH,13936.0,2019-03-01,252.0,0.2438%,-0.001,1.1154,0.6516,0.186,1.5387%,1.9434%,37.3146%,-0.006867,PVH,-0.012208,-0.018556,-0.011423,0.016625,-0.0051319999999999
28995,PIONEER NATURAL RESOURCES CO,"Pioneer Natural Resources shares are trading lower after the company late Wednesday reported mixed Q4 earnings, beating EPS estimates but missing on sales.",6,decrease,0.8,0.6,"the mixed q4 earnings report, with a beat on eps but a miss on sales, typically leads to negative sentiment and a decrease in stock price.",0,2019-02-14,PXD,2019-02-14 17:10:00+00:00,75241.0,72378710,-0.0196642354130744,4731506.0,0.0158652793616056,0.032251201570034,0.00144472962711,0.0271704010665416,-0.0294036753475666,0.0142950927838683,-0.0363109074532985,-0.007895216345787,0.0439222268760204,-0.0352634191513061,0.0056285639293491,-0.0125357136130332,-0.0011893806513398,-0.0067787985317409,-0.0083355791866779,0.0109084183350205,-0.0043795318342745,0.0048481388948857,0.0249025169759988,0.0057240677997469,-0.002838181098923,0.009343777783215,-0.0117320539429783,0.0035071950405836,-0.0253582503646612,-0.0037081155460327,-0.0175134614109993,0.0138818463310599,-0.0437207035720348,0.0064764912240207,0.0159558281302452,-0.0182883106172084,0.0195559971034526,-0.0339544415473938,0.0048136999830603,0.0113770477473735,0.0050855134613811,-0.0018809323664754,-0.0051330714486539,0.0035656471736729,0.0214491318911314,0.0009797704406082,-0.0026699027512222,0.0045696981251239,0.0450762994587421,-0.0206554662436246,0.0079617407172918,-0.0039091426879167,-0.0345490686595439,0.0253867842257022,-0.0044821063056588,-0.0008432432077825,0.0224398970603942,0.021753279492259,0.0285174138844013,0.0338454507291317,0.0413184501230716,0.0032017324119806,-0.0041201026178896,0.0211374592036008,-0.0084711927920579,0.0077389455400407,-0.0186105873435735,0.0033056016545742,-0.0143068917095661,0.0003845501341857,0.0099959382787346,0.0789975672960281,0.0214207451790571,-0.0365366153419017,0.0069684302434325,-0.0275228843092918,-0.0183878820389509,-0.0297956708818674,0.0104068955406546,0.0037858709692955,0.0028572839219123,-0.0101925013586878,0.1152929291129112,-0.0270526967942714,-0.003445828333497,-0.0105339586734771,0.0208656247705221,-0.0125391455367207,0.0102779399603605,0.0121872248128056,0.0119075002148747,-0.0134462108835578,0.0047412421554327,-0.0170629546046257,-0.0009665027610026,0.0026644573081284,-0.0190644543617963,-0.0210049264132976,-0.0252944286912679,-0.050202190876007,-0.0182726755738258,0.0381049402058124,0.0049108616076409,-0.0095193283632397,0.0042836000211536,0.0085869124159216,-0.0509432330727577,0.0053017861209809,-0.0285478830337524,-0.0207668412476778,0.017071709036827,0.0208602789789438,0.0012812925269827,-0.044102419167757,-0.0532343238592147,0.0186582468450069,0.0391971543431282,-0.0384272411465644,-0.0024062583688646,0.0044091455638408,-0.0114080840721726,0.0105256671085953,-0.0292119532823562,0.0277409628033638,0.0158652793616056,0.032251201570034,0.0173329300278517,0.0602978807181113,-0.0125803971670759,0.0754549373015156,-0.0066396231600573,0.0293391895766599,0.0096449848508348,0.031375891822702,0.0665269624112632,0.1097170904305986,0.0310881403749141,-0.031391006725552,2019-02-15,2019-02-19,2019-02-20,2019-02-21,2019-02-22,2019-02-25,2019-02-26,2019-02-27,2019-02-28,2019-03-01,75241.0,2019-02-14,252.0,-1.9664%,-0.0005,1.3499,0.4591,0.8127,1.5500%,2.0361%,42.0508%,-0.0147029999999999,PXD,75241.0,2019-02-15,252.0,1.5865%,-0.0006,1.3327,0.4432,0.7842,1.5461%,2.0205%,41.4411%,-0.0045379999999999,PXD,75241.0,2019-02-19,252.0,0.1445%,-0.0006,1.3349,0.4364,0.7764,1.5452%,2.0205%,41.5147%,-0.0048249999999999,PXD,75241.0,2019-02-20,252.0,-2.9404%,-0.0007,1.3254,0.4184,0.7434,1.5616%,2.0285%,40.7336%,-0.03727,PXD,75241.0,2019-02-21,252.0,-3.6311%,-0.0009,1.3353,0.4324,0.7619,1.5710%,2.0408%,40.7445%,-0.029504,PXD,75241.0,2019-02-22,252.0,4.3922%,-0.0007,1.3279,0.4674,0.7047,1.5913%,2.0567%,40.1358%,0.0439639999999999,PXD,75241.0,2019-02-25,252.0,0.5629%,-0.0007,1.33,0.4662,0.7119,1.5876%,2.0546%,40.2939%,0.00602,PXD,75241.0,2019-02-26,252.0,-0.1189%,-0.0007,1.3301,0.4566,0.7071,1.5881%,2.0523%,40.1238%,0.0061719999999999,PXD,75241.0,2019-02-27,252.0,-0.8336%,-0.0006,1.3357,0.4439,0.708,1.5869%,2.0529%,40.2463%,-0.0096519999999999,PXD,75241.0,2019-02-28,252.0,-0.4380%,-0.0006,1.3299,0.44,0.7033,1.5856%,2.0458%,39.9254%,0.001343,PXD,75241.0,2019-03-01,252.0,2.4903%,-0.0005,1.3299,0.44,0.6952,1.5889%,2.0461%,39.6922%,0.016774,PXD,-0.0192409999999999,-0.0240659999999999,-0.0613359999999999,-0.046876,-0.026219
29003,PIONEER NATURAL RESOURCES CO,"Credit Suisse Maintains Outperform on Pioneer Natural Resources, Lowers Price Target to $200",6,decrease,0.7,0.5,"the lowering of the price target to $200 may signal reduced expectations for the company's future performance, which could lead to a decrease in stock price.",0,2019-02-14,PXD,2019-02-14 14:16:00+00:00,75241.0,72378710,-0.0196642354130744,4731506.0,0.0158652793616056,0.032251201570034,0.00144472962711,0.0271704010665416,-0.0294036753475666,0.0142950927838683,-0.0363109074532985,-0.007895216345787,0.0439222268760204,-0.0352634191513061,0.0056285639293491,-0.0125357136130332,-0.0011893806513398,-0.0067787985317409,-0.0083355791866779,0.0109084183350205,-0.0043795318342745,0.0048481388948857,0.0249025169759988,0.0057240677997469,-0.002838181098923,0.009343777783215,-0.0117320539429783,0.0035071950405836,-0.0253582503646612,-0.0037081155460327,-0.0175134614109993,0.0138818463310599,-0.0437207035720348,0.0064764912240207,0.0159558281302452,-0.0182883106172084,0.0195559971034526,-0.0339544415473938,0.0048136999830603,0.0113770477473735,0.0050855134613811,-0.0018809323664754,-0.0051330714486539,0.0035656471736729,0.0214491318911314,0.0009797704406082,-0.0026699027512222,0.0045696981251239,0.0450762994587421,-0.0206554662436246,0.0079617407172918,-0.0039091426879167,-0.0345490686595439,0.0253867842257022,-0.0044821063056588,-0.0008432432077825,0.0224398970603942,0.021753279492259,0.0285174138844013,0.0338454507291317,0.0413184501230716,0.0032017324119806,-0.0041201026178896,0.0211374592036008,-0.0084711927920579,0.0077389455400407,-0.0186105873435735,0.0033056016545742,-0.0143068917095661,0.0003845501341857,0.0099959382787346,0.0789975672960281,0.0214207451790571,-0.0365366153419017,0.0069684302434325,-0.0275228843092918,-0.0183878820389509,-0.0297956708818674,0.0104068955406546,0.0037858709692955,0.0028572839219123,-0.0101925013586878,0.1152929291129112,-0.0270526967942714,-0.003445828333497,-0.0105339586734771,0.0208656247705221,-0.0125391455367207,0.0102779399603605,0.0121872248128056,0.0119075002148747,-0.0134462108835578,0.0047412421554327,-0.0170629546046257,-0.0009665027610026,0.0026644573081284,-0.0190644543617963,-0.0210049264132976,-0.0252944286912679,-0.050202190876007,-0.0182726755738258,0.0381049402058124,0.0049108616076409,-0.0095193283632397,0.0042836000211536,0.0085869124159216,-0.0509432330727577,0.0053017861209809,-0.0285478830337524,-0.0207668412476778,0.017071709036827,0.0208602789789438,0.0012812925269827,-0.044102419167757,-0.0532343238592147,0.0186582468450069,0.0391971543431282,-0.0384272411465644,-0.0024062583688646,0.0044091455638408,-0.0114080840721726,0.0105256671085953,-0.0292119532823562,0.0277409628033638,0.0158652793616056,0.032251201570034,0.0173329300278517,0.0602978807181113,-0.0125803971670759,0.0754549373015156,-0.0066396231600573,0.0293391895766599,0.0096449848508348,0.031375891822702,0.0665269624112632,0.1097170904305986,0.0310881403749141,-0.031391006725552,2019-02-15,2019-02-19,2019-02-20,2019-02-21,2019-02-22,2019-02-25,2019-02-26,2019-02-27,2019-02-28,2019-03-01,75241.0,2019-02-14,252.0,-1.9664%,-0.0005,1.3499,0.4591,0.8127,1.5500%,2.0361%,42.0508%,-0.0147029999999999,PXD,75241.0,2019-02-15,252.0,1.5865%,-0.0006,1.3327,0.4432,0.7842,1.5461%,2.0205%,41.4411%,-0.0045379999999999,PXD,75241.0,2019-02-19,252.0,0.1445%,-0.0006,1.3349,0.4364,0.7764,1.5452%,2.0205%,41.5147%,-0.0048249999999999,PXD,75241.0,2019-02-20,252.0,-2.9404%,-0.0007,1.3254,0.4184,0.7434,1.5616%,2.0285%,40.7336%,-0.03727,PXD,75241.0,2019-02-21,252.0,-3.6311%,-0.0009,1.3353,0.4324,0.7619,1.5710%,2.0408%,40.7445%,-0.029504,PXD,75241.0,2019-02-22,252.0,4.3922%,-0.0007,1.3279,0.4674,0.7047,1.5913%,2.0567%,40.1358%,0.0439639999999999,PXD,75241.0,2019-02-25,252.0,0.5629%,-0.0007,1.33,0.4662,0.7119,1.5876%,2.0546%,40.2939%,0.00602,PXD,75241.0,2019-02-26,252.0,-0.1189%,-0.0007,1.3301,0.4566,0.7071,1.5881%,2.0523%,40.1238%,0.0061719999999999,PXD,75241.0,2019-02-27,252.0,-0.8336%,-0.0006,1.3357,0.4439,0.708,1.5869%,2.0529%,40.2463%,-0.0096519999999999,PXD,75241.0,2019-02-28,252.0,-0.4380%,-0.0006,1.3299,0.44,0.7033,1.5856%,2.0458%,39.9254%,0.001343,PXD,75241.0,2019-03-01,252.0,2.4903%,-0.0005,1.3299,0.44,0.6952,1.5889%,2.0461%,39.6922%,0.016774,PXD,-0.0192409999999999,-0.0240659999999999,-0.0613359999999999,-0.046876,-0.026219
29011,PAPA JOHNS INTL INC,Papa John's 13D Filing From Starboard Value Shows New 9.99% Stake,6,increase,0.7,0.6,"the acquisition of a significant stake by starboard value, a known activist investor, often signals potential for positive changes and can boost investor confidence in the company's future performance.",2,2019-02-14,PZZA,2019-02-14 22:15:00+00:00,79299.0,69881310,0.0062441402114927,399484.0,0.0402206405997276,-0.0116571048274636,-0.0430843345820903,-0.0011415351182222,0.0041560907848179,0.0190786346793174,-0.0556450188159942,-0.0111009180545806,0.0206963345408439,0.0177031978964805,-0.0011927299201488,-0.0187428500503301,-0.0019106285180896,0.0424112156033515,0.0232112314552068,0.0898468717932701,0.0222170446068048,-0.0893828943371772,-0.00892242975533,0.0035595996305346,0.0016158748185262,-0.0044885999523103,0.050011571496725,-0.0072701117023825,-0.0160228163003921,0.0109056206420064,-0.0069150426425039,-0.0770240798592567,0.0042677139863371,0.0196341164410114,-0.0002236260770587,0.0766273960471153,0.0158836487680673,-0.0286980755627155,0.0211406983435154,-0.0020954634528607,-0.0030191803816705,0.0177725106477737,0.0209820736199617,-0.0068251565098762,0.0029660887084901,0.0016502478392794,-0.007604575715959,-0.0032895489130169,0.0031928804237395,0.0018832823261618,-0.0050923335365951,-0.0035186845343559,0.0620601400732994,-0.0249313842505216,-0.0208835527300834,0.0231687743216753,0.0096390740945935,0.0237182043492794,0.0253910217434167,0.0357320718467235,0.0293185338377952,0.00423618638888,0.0190531499683857,0.0080381734296679,-0.0198300145566463,-0.0153351202607154,-0.0025048374664038,-0.0110078463330864,-0.0139076923951506,-0.0231779552996158,0.0039177425205707,0.0290140248835086,0.0132682984694838,-0.0036747066769748,-0.0402464866638183,-0.0333885848522186,0.0136436661705374,-0.0256114583462476,-0.0017814757302403,-0.0251911599189043,0.0055522262118756,-0.0015719671500846,-0.0102543970569968,-0.0193790141493082,-0.0089658685028553,-0.0141120608896017,-0.0205066427588462,0.0267499051988124,-0.0158046074211597,0.0076370202004909,0.0273200739175081,0.0118181919679045,-0.0004059408092871,-0.023957448080182,-0.006904958281666,-0.0161501057446003,0.0331288129091262,-0.0019603604450821,0.0045526432804763,-0.0183878690004348,0.0126108257099986,-0.0254219882190227,0.0093403300270438,-0.0043568275868892,-0.0136880492791533,0.0066833687014877,0.0062548806890845,-0.0751400291919708,0.0149572743102908,-0.1023061871528625,0.0155024183914065,0.0066328723914921,0.0079155322164297,-0.0022639718372374,-0.0387060530483722,-0.0132325226441025,0.0165337193757295,0.0135864615440368,0.018178354948759,-0.0256279427558183,-0.0096785919740796,-0.0020325668156147,-0.0303030330687761,0.0499733500182628,0.0402206405997276,-0.0116571048274636,-0.0045965735190673,-0.0127853329511484,-0.0004595865110937,0.0060493750315406,-0.0365433274854662,0.012493883957352,-0.0043667799766914,0.0314751603021254,0.2169616900769817,0.0918452927665218,0.1744009485386553,-0.2269898090412023,2019-02-15,2019-02-19,2019-02-20,2019-02-21,2019-02-22,2019-02-25,2019-02-26,2019-02-27,2019-02-28,2019-03-01,79299.0,2019-02-14,252.0,0.6244%,-0.001,0.4492,0.1239,-0.4386,2.6356%,2.7144%,5.7277%,0.0039429999999999,PZZA,79299.0,2019-02-15,252.0,4.0221%,-0.0009,0.4607,0.1383,-0.4146,2.6443%,2.7234%,5.7235%,0.03684,PZZA,79299.0,2019-02-19,252.0,-4.3084%,-0.0011,0.4494,0.116,-0.4387,2.6571%,2.7346%,5.5900%,-0.043217,PZZA,79299.0,2019-02-20,252.0,0.4156%,-0.001,0.4547,0.1438,-0.4157,2.6472%,2.7247%,5.6090%,0.00536,PZZA,79299.0,2019-02-21,252.0,-5.5645%,-0.0012,0.4684,0.1599,-0.3901,2.6688%,2.7466%,5.5912%,-0.0549179999999999,PZZA,79299.0,2019-02-22,252.0,2.0696%,-0.0011,0.4664,0.1686,-0.406,2.6697%,2.7497%,5.7359%,0.0109369999999999,PZZA,79299.0,2019-02-25,252.0,-0.1193%,-0.0011,0.4653,0.168,-0.4106,2.6689%,2.7492%,5.7523%,-0.002285,PZZA,79299.0,2019-02-26,252.0,-0.1911%,-0.0011,0.4604,0.1733,-0.4116,2.6684%,2.7475%,5.6754%,-0.0015459999999999,PZZA,79299.0,2019-02-27,252.0,2.3211%,-0.001,0.4619,0.1774,-0.4113,2.6723%,2.7516%,5.6834%,0.0218739999999999,PZZA,79299.0,2019-02-28,252.0,2.2217%,-0.0009,0.4524,0.1716,-0.4237,2.6758%,2.7537%,5.5787%,0.0224849999999999,PZZA,79299.0,2019-03-01,252.0,-0.8922%,-0.0011,0.4677,0.1944,-0.3937,2.6705%,2.7497%,5.6782%,-0.014462,PZZA,0.040783,-0.0024339999999999,0.002926,-0.0410549999999999,-0.0149889999999999
29019,QUALCOMM INC,Apple to Ship Older iPhones with Only Qualcomm Chips to German Stores,6,increase,0.8,0.6,"the news suggests a continued reliance on qualcomm chips by apple, which could positively impact qualcomm's sales and market position.",2,2019-02-14,QCOM,2019-02-14 09:09:00+00:00,77178.0,74752510,-0.0003876808914355,17871055.0,0.0079503562301397,-0.0013550076400861,0.000577121565584,0.0163288991898298,0.0084599591791629,0.0107377395033836,-0.0019066212698817,-0.0051433891057968,0.0147087005898356,-0.010763194411993,-0.0024472374934703,0.0072934934869408,0.0007548046996816,0.0209297835826873,0.0001886128011392,0.001612538122572,0.0065987645648419,0.0018174505094066,0.0151714058592915,-0.0129559049382805,-0.0077491141855716,0.0155869759619236,0.0029750808607786,-0.0244865305721759,0.0274379067122936,-0.012865494005382,-0.0140511030331254,0.0096437288448214,-0.0092541184276342,-0.0185435395687818,0.0153185073286294,-0.0464173965156078,0.0090156700462102,-0.0177311301231384,0.0100291622802615,0.0091290855780243,0.0001805765787139,-0.0090464986860752,0.0216605942696332,-0.0082540661096572,0.0040636635385453,-0.0273996461182832,0.0024634767323732,-0.0034782742150127,0.0033350645098835,0.0123239569365978,0.0106718093156814,0.0033562732860445,-0.0164445340633392,0.0117962434887886,-0.0031679039821028,-0.0086817480623722,0.0240113101899623,-0.0028268524911254,-0.0187931060791015,0.0161579474806785,-0.0063257883302867,-0.0296167377382516,0.0084880553185939,0.0086101153865456,0.0136770578101277,0.0017602265579625,0.0048434315249323,0.0128365345299243,-0.0070580109022557,0.0023231070954352,0.0031206710264086,0.0430568046867847,0.0022468210663646,-0.0218777935951948,-0.0039662588387727,-0.0269647054374218,-0.0055401609279215,-0.005644729360938,-0.0193244572728872,-0.0188646614551544,-0.0076335929334163,0.0136841889470815,0.0187835283577442,-0.0107601340860128,0.0040386221371591,-0.0080909142270684,0.2320740967988968,0.0064102378673851,0.1224983036518097,0.0064516607671976,0.0102427611127495,0.0019216770306229,0.0260358229279518,0.0223254151642322,0.0579480305314064,-0.01961125805974,0.0012684571556746,1.858450815461765e-08,-0.0202695168554782,-0.0238417293876409,0.0184553861618042,0.0151047222316265,0.0070406347513198,0.0025812718085944,-0.0128367077559232,0.0257722698152065,0.0027865495067089,0.019434979185462,0.0089150937274098,-0.002870982280001,0.024672957137227,0.0086877746507525,-0.0116474507376551,-0.0003618682385422,-0.0345609411597251,0.0063729477114975,-0.007746432442218,0.0003642375813797,-0.0089898528531193,-0.0175375714898109,0.0245881788432598,0.0088463928550481,-0.0227166470140218,0.0268817357718944,0.0079503562301397,-0.0013550076400861,0.0085320661177583,0.0149517657665871,0.0170642062279915,0.025850053435888,0.0300562204009531,0.0095890742218456,0.050998664095434,0.0283038072182397,0.1183872229490343,-0.0934809320849479,0.6451254838735894,-0.0331836277046313,2019-02-15,2019-02-19,2019-02-20,2019-02-21,2019-02-22,2019-02-25,2019-02-26,2019-02-27,2019-02-28,2019-03-01,77178.0,2019-02-14,252.0,-0.0388%,-0.001,0.9753,0.0402,-0.149,1.4542%,1.8103%,35.4755%,0.000499,QCOM,77178.0,2019-02-15,252.0,0.7950%,-0.001,0.974,0.0389,-0.1513,1.4542%,1.8089%,35.3716%,-0.002556,QCOM,77178.0,2019-02-19,252.0,0.0577%,-0.0009,0.9839,0.025,-0.1678,1.4405%,1.8050%,36.3094%,-0.001033,QCOM,77178.0,2019-02-20,252.0,0.8460%,-0.0008,0.9868,0.0339,-0.157,1.4409%,1.8055%,36.3066%,0.007359,QCOM,77178.0,2019-02-21,252.0,-0.1907%,-0.0008,0.9839,0.0284,-0.1624,1.4403%,1.8037%,36.2313%,0.001307,QCOM,77178.0,2019-02-22,252.0,1.4709%,-0.0007,0.9827,0.0355,-0.1697,1.4407%,1.8054%,36.3216%,0.00567,QCOM,77178.0,2019-02-25,252.0,-0.2447%,-0.0007,0.9805,0.035,-0.1783,1.4356%,1.8015%,36.4950%,-0.004234,QCOM,77178.0,2019-02-26,252.0,0.0755%,-0.0007,0.9777,0.0341,-0.1808,1.4355%,1.7976%,36.2313%,0.001859,QCOM,77178.0,2019-02-27,252.0,0.0189%,-0.0009,0.9565,0.0716,-0.1843,1.4034%,1.7595%,36.3830%,-0.001073,QCOM,77178.0,2019-02-28,252.0,0.6599%,-0.0009,0.9609,0.075,-0.1834,1.4028%,1.7601%,36.4832%,0.008989,QCOM,77178.0,2019-03-01,252.0,1.5171%,-0.0008,0.9572,0.0694,-0.193,1.4025%,1.7585%,36.3897%,0.007212,QCOM,-0.002057,-0.00309,0.004269,0.0112459999999999,0.023999
29027,RESTAURANT BRANDS INTL INC,"Citigroup Maintains Buy on Restaurant Brands Intl, Raises Price Target to $75",6,increase,0.8,0.6,maintaining a 'buy' rating and raising the price target typically signals positive sentiment and potential for stock price appreciation.,2,2019-02-14,QSR,2019-02-14 14:03:00+00:00,15113.0,76131D10,-0.0097734602168202,1375515.0,0.0134732974693179,0.0031123084481805,0.0038645847234874,0.0084745902568101,-0.0041577494703233,0.0162679497152566,0.0012370779877528,0.0062590176239609,-0.0199227947741746,-0.0044735386036336,-0.0152851780876517,0.0077282167039811,0.0011201743036508,-0.0094098905101418,-0.0004795810964424,0.001437472528778,0.0108747854828834,-0.0006384822772815,-0.0020565930753946,0.0036847703158855,-0.0101458970457315,-0.0063674231059849,-0.000960883393418,-0.0031736078672111,-0.0091375391930341,-0.0011095212539657,-0.008736465126276,-0.0087981363758444,0.0261138975620269,0.0166107788681983,-0.0074757025577127,0.0978432744741439,0.0028846201021224,-0.0074834721162915,0.0073505765758454,0.0036681063938885,0.0025380686856806,0.0130950575694441,0.0066985352896153,0.0069493832997977,0.0042775738984346,0.0050143050029873,0.0050481101498007,-0.0122058847919106,-0.0127138216048479,0.0203970614820718,0.0090619977563619,0.0115026663988828,-0.0004727051127701,0.0042170798406004,0.0053593972697854,-0.0192411374300718,0.0079962704330682,0.0271518509835004,0.0101104602217674,0.0385574176907539,0.0101631665602326,0.013807913288474,-0.0074694799259305,-0.0168260242789983,0.0082936706021428,0.0055758687667548,-0.0031987673137336,-0.0085779791697859,0.0064180647023022,0.0024841821286827,0.0006073628319427,0.0339854024350643,-0.000303554959828,-0.0207043290138244,0.0004554706974886,-0.0040470049716532,-0.0100137097761035,-0.0198337603360414,0.0061302916146814,0.0058901300653815,0.0070068403147161,0.005156616680324,0.0071093817241489,-0.017267232760787,-0.0019526116084307,-0.0150320893153548,-0.0013543467503041,0.0105594610795378,0.0018083596369251,0.0188750475645065,0.0192538909614086,-0.0152416303753852,-0.0271547213196754,-0.0159136448055505,-0.0007584257400594,-0.0430597402155399,-0.0036436235532164,0.0143821267411112,0.0004572056932374,-0.0186443571001291,0.0121839074417948,-0.0161152482032775,-0.0144447656348347,-0.0076556135900318,-0.0039694984443485,0.0099656013771891,-0.0001531960006104,0.0365093350410461,0.0065920632332563,-0.0068977605551481,0.0169051624834537,0.0218687690794467,0.0055414522066712,0.0054516275413334,0.0026809696573764,0.0459988228976726,-0.0117350108921527,-0.0219371691346168,0.0072148409672081,-0.0302866455167532,0.0038799357134848,0.0181718375533819,-0.0214061979204416,-0.016428954899311,0.0134732974693179,0.0031123084481805,0.0173899508923802,0.0116132742438419,0.0131598983629452,0.0280701481205269,-0.0057966909476188,0.0298769598815202,-0.0117499605624143,0.0326818484872917,0.0281876423032401,0.2325047759780092,0.0395575736176911,0.1735769101423576,2019-02-15,2019-02-19,2019-02-20,2019-02-21,2019-02-22,2019-02-25,2019-02-26,2019-02-27,2019-02-28,2019-03-01,15113.0,2019-02-14,252.0,-0.9773%,0.0004,0.5665,-0.2056,-0.2973,1.3866%,1.5491%,19.8820%,-0.009368,QSR,15113.0,2019-02-15,252.0,1.3473%,0.0004,0.5791,-0.1934,-0.2757,1.3865%,1.5511%,20.0966%,0.0089129999999999,QSR,15113.0,2019-02-19,252.0,0.3865%,0.0004,0.5797,-0.1909,-0.2729,1.3867%,1.5501%,19.9721%,0.004052,QSR,15113.0,2019-02-20,252.0,-0.4158%,0.0004,0.5774,-0.2017,-0.2826,1.3845%,1.5486%,20.0730%,-0.003438,QSR,15113.0,2019-02-21,252.0,0.1237%,0.0004,0.5788,-0.1984,-0.28,1.3841%,1.5485%,20.1014%,0.002482,QSR,15113.0,2019-02-22,252.0,-1.9923%,0.0003,0.5825,-0.1972,-0.2351,1.3940%,1.5526%,19.3793%,-0.02681,QSR,15113.0,2019-02-25,252.0,-1.5285%,0.0002,0.582,-0.1891,-0.2328,1.3980%,1.5556%,19.2282%,-0.017195,QSR,15113.0,2019-02-26,252.0,0.1120%,0.0002,0.5777,-0.1846,-0.2337,1.3973%,1.5519%,18.9280%,-2.7e-05,QSR,15113.0,2019-02-27,252.0,-0.0480%,0.0003,0.5845,-0.197,-0.2325,1.3940%,1.5511%,19.2340%,-0.001029,QSR,15113.0,2019-02-28,252.0,1.0875%,0.0003,0.5842,-0.1968,-0.2355,1.3957%,1.5523%,19.1607%,0.0120449999999999,QSR,15113.0,2019-03-01,252.0,-0.2057%,0.0003,0.5827,-0.199,-0.2346,1.3964%,1.5521%,19.0539%,-0.006724,QSR,-0.000455,0.0035969999999999,0.0001589999999999,-0.024169,-0.037099
29035,RYDER SYSTEMS INC,"Ryder System shares are trading higher after the company reported Q4 sales of $2.3 billion, beating the $2.19 billion estimate; the company also issued FY19 EPS guidance inline with analyst estimates.",6,increase,0.8,0.6,"the positive earnings report and sales beat are likely to boost investor confidence, leading to an increase in ryder system's stock price.",2,2019-02-14,R,2019-02-14 16:29:00+00:00,27633.0,78354910,0.0525446161627769,1436562.0,0.0199371986091136,0.0164595153182745,-0.006518674083054,0.0200445782393217,0.008436195552349,0.0077693504281342,-0.0100697362795472,-0.0051529207266867,-0.0054773441515862,-0.0032528440933674,-0.0058221705257892,-0.0068015903234481,-0.0186768006533384,0.0039262468926608,0.008548367768526,0.0037697262596338,-0.0059171426109969,0.0077706919983029,0.0027349097654223,0.0076561444438993,0.0040109097026288,0.0255174916237592,-0.0092681655660271,0.0189091078937053,-0.0117741860449314,-0.0003635124885477,-0.0199118852615356,0.0171935725957155,-0.0168192889541387,0.0068875453434884,0.0316734239459037,-0.0200656410306692,-0.002134314039722,-0.0328158177435398,0.0054294476285576,0.0451779589056968,0.0050727794878184,0.0270833391696214,-0.0078150369226932,0.0169491730630397,0.0100098559632897,-0.0648415386676788,-0.0256701540201902,-0.0017978870309889,-0.0076705501414835,0.0092541882768273,0.0105864740908145,0.0104510392993688,-0.0219487808644771,0.0408396832644939,-0.0164910107851028,0.0003818338445853,0.0141745842993259,0.0108066648244857,0.0156809613108634,0.0605812333524227,0.0340660996735096,0.0010243646102026,0.0060045886784791,0.0137071618810296,0.029682207852602,0.0098574077710509,-0.0120633002370595,-0.0079068047925829,0.0098318886011838,0.000833005295135,0.0161746032536029,0.0635658651590347,0.0003091372782364,-0.0199695713818073,0.0060250172391533,-0.0109489504247903,-0.015970529988408,-0.0150137254968285,0.0051498413085937,-0.0323306322097778,0.01226507127285,-0.0067073539830744,0.0157976448535919,0.0026492984034121,-0.0119281420484185,-0.0108849201351404,0.0050426986999809,-0.030107544735074,-0.0031929314136505,0.0009785332949832,0.0001525646221125,0.0,0.0024401962291449,-0.0042868517339229,0.0041076620109379,-0.0237778201699256,0.0180303398519754,-0.0166479498147964,-0.0488168261945247,-0.0614466294646263,0.0153340566903352,0.0068941027857363,0.0092463940382003,0.0067627881653606,-0.0380210392177104,0.008797088637948,-0.0388889014720916,0.0182815361768007,0.0115607064217329,-0.0211166832596063,0.0393469370901584,0.0421484932303428,0.0032987603917717,0.0035560289397835,-0.0222326312214136,0.0310690980404615,-0.011529242619872,-0.0341100059449672,-0.0064797946251928,-0.0211640186607837,-0.0182619057595729,-0.0110773593187332,-0.0388639792799949,0.0032263901084661,0.0199371986091136,0.0164595153182744,0.0132885604261976,0.0368340176001746,0.0218368608729113,0.0448895444187207,0.0060066408415808,0.036123962715884,-0.0133061118228272,0.0530711542753581,-0.0186883652749254,0.256905477548659,-0.0839086671606977,0.0954697252508212,2019-02-15,2019-02-19,2019-02-20,2019-02-21,2019-02-22,2019-02-25,2019-02-26,2019-02-27,2019-02-28,2019-03-01,27633.0,2019-02-14,252.0,5.2545%,-0.001,1.2429,0.5414,0.3178,1.6092%,2.0613%,39.0533%,0.05445,R,27633.0,2019-02-15,252.0,1.9937%,-0.0009,1.2525,0.5504,0.3338,1.6085%,2.0637%,39.2492%,0.002913,R,27633.0,2019-02-19,252.0,-0.6519%,-0.0009,1.2529,0.5401,0.3222,1.6090%,2.0639%,39.2224%,-0.011596,R,27633.0,2019-02-20,252.0,0.8436%,-0.0005,1.2629,0.6033,0.3683,1.4951%,1.9825%,43.1224%,0.002996,R,27633.0,2019-02-21,252.0,-1.0070%,-0.0005,1.2615,0.5998,0.3659,1.4948%,1.9805%,43.0329%,-0.004228,R,27633.0,2019-02-22,252.0,-0.5477%,-0.0005,1.2629,0.6038,0.386,1.4962%,1.9806%,42.9349%,-0.0116969999999999,R,27633.0,2019-02-25,252.0,-0.5822%,-0.0005,1.2625,0.6059,0.3857,1.4963%,1.9807%,42.9259%,-0.005552,R,27633.0,2019-02-26,252.0,-1.8677%,-0.0005,1.273,0.6112,0.3962,1.4955%,1.9840%,43.1792%,-0.011606,R,27633.0,2019-02-27,252.0,0.8548%,-0.0005,1.2686,0.6211,0.3955,1.4948%,1.9803%,43.0247%,0.006617,R,27633.0,2019-02-28,252.0,-0.5917%,-0.0005,1.2656,0.6191,0.3935,1.4943%,1.9754%,42.7762%,-0.00122,R,27633.0,2019-03-01,252.0,0.2735%,-0.0005,1.2595,0.6099,0.3869,1.4940%,1.9687%,42.4138%,-0.006689,R,0.057363,0.045767,0.048763,0.032838,0.0143879999999999
29043,RYDER SYSTEMS INC,Ryder Sees FY19 Adj. EPS $6-$6.30 vs $6.14 Estimate,6,uncertain,0.6,0.2,"while ryder's adjusted eps guidance is within the expected range, the slight variation from the estimate may not significantly impact investor sentiment.",1,2019-02-14,R,2019-02-14 12:56:00+00:00,27633.0,78354910,0.0525446161627769,1436562.0,0.0199371986091136,0.0164595153182745,-0.006518674083054,0.0200445782393217,0.008436195552349,0.0077693504281342,-0.0100697362795472,-0.0051529207266867,-0.0054773441515862,-0.0032528440933674,-0.0058221705257892,-0.0068015903234481,-0.0186768006533384,0.0039262468926608,0.008548367768526,0.0037697262596338,-0.0059171426109969,0.0077706919983029,0.0027349097654223,0.0076561444438993,0.0040109097026288,0.0255174916237592,-0.0092681655660271,0.0189091078937053,-0.0117741860449314,-0.0003635124885477,-0.0199118852615356,0.0171935725957155,-0.0168192889541387,0.0068875453434884,0.0316734239459037,-0.0200656410306692,-0.002134314039722,-0.0328158177435398,0.0054294476285576,0.0451779589056968,0.0050727794878184,0.0270833391696214,-0.0078150369226932,0.0169491730630397,0.0100098559632897,-0.0648415386676788,-0.0256701540201902,-0.0017978870309889,-0.0076705501414835,0.0092541882768273,0.0105864740908145,0.0104510392993688,-0.0219487808644771,0.0408396832644939,-0.0164910107851028,0.0003818338445853,0.0141745842993259,0.0108066648244857,0.0156809613108634,0.0605812333524227,0.0340660996735096,0.0010243646102026,0.0060045886784791,0.0137071618810296,0.029682207852602,0.0098574077710509,-0.0120633002370595,-0.0079068047925829,0.0098318886011838,0.000833005295135,0.0161746032536029,0.0635658651590347,0.0003091372782364,-0.0199695713818073,0.0060250172391533,-0.0109489504247903,-0.015970529988408,-0.0150137254968285,0.0051498413085937,-0.0323306322097778,0.01226507127285,-0.0067073539830744,0.0157976448535919,0.0026492984034121,-0.0119281420484185,-0.0108849201351404,0.0050426986999809,-0.030107544735074,-0.0031929314136505,0.0009785332949832,0.0001525646221125,0.0,0.0024401962291449,-0.0042868517339229,0.0041076620109379,-0.0237778201699256,0.0180303398519754,-0.0166479498147964,-0.0488168261945247,-0.0614466294646263,0.0153340566903352,0.0068941027857363,0.0092463940382003,0.0067627881653606,-0.0380210392177104,0.008797088637948,-0.0388889014720916,0.0182815361768007,0.0115607064217329,-0.0211166832596063,0.0393469370901584,0.0421484932303428,0.0032987603917717,0.0035560289397835,-0.0222326312214136,0.0310690980404615,-0.011529242619872,-0.0341100059449672,-0.0064797946251928,-0.0211640186607837,-0.0182619057595729,-0.0110773593187332,-0.0388639792799949,0.0032263901084661,0.0199371986091136,0.0164595153182744,0.0132885604261976,0.0368340176001746,0.0218368608729113,0.0448895444187207,0.0060066408415808,0.036123962715884,-0.0133061118228272,0.0530711542753581,-0.0186883652749254,0.256905477548659,-0.0839086671606977,0.0954697252508212,2019-02-15,2019-02-19,2019-02-20,2019-02-21,2019-02-22,2019-02-25,2019-02-26,2019-02-27,2019-02-28,2019-03-01,27633.0,2019-02-14,252.0,5.2545%,-0.001,1.2429,0.5414,0.3178,1.6092%,2.0613%,39.0533%,0.05445,R,27633.0,2019-02-15,252.0,1.9937%,-0.0009,1.2525,0.5504,0.3338,1.6085%,2.0637%,39.2492%,0.002913,R,27633.0,2019-02-19,252.0,-0.6519%,-0.0009,1.2529,0.5401,0.3222,1.6090%,2.0639%,39.2224%,-0.011596,R,27633.0,2019-02-20,252.0,0.8436%,-0.0005,1.2629,0.6033,0.3683,1.4951%,1.9825%,43.1224%,0.002996,R,27633.0,2019-02-21,252.0,-1.0070%,-0.0005,1.2615,0.5998,0.3659,1.4948%,1.9805%,43.0329%,-0.004228,R,27633.0,2019-02-22,252.0,-0.5477%,-0.0005,1.2629,0.6038,0.386,1.4962%,1.9806%,42.9349%,-0.0116969999999999,R,27633.0,2019-02-25,252.0,-0.5822%,-0.0005,1.2625,0.6059,0.3857,1.4963%,1.9807%,42.9259%,-0.005552,R,27633.0,2019-02-26,252.0,-1.8677%,-0.0005,1.273,0.6112,0.3962,1.4955%,1.9840%,43.1792%,-0.011606,R,27633.0,2019-02-27,252.0,0.8548%,-0.0005,1.2686,0.6211,0.3955,1.4948%,1.9803%,43.0247%,0.006617,R,27633.0,2019-02-28,252.0,-0.5917%,-0.0005,1.2656,0.6191,0.3935,1.4943%,1.9754%,42.7762%,-0.00122,R,27633.0,2019-03-01,252.0,0.2735%,-0.0005,1.2595,0.6099,0.3869,1.4940%,1.9687%,42.4138%,-0.006689,R,0.057363,0.045767,0.048763,0.032838,0.0143879999999999
29051,RYDER SYSTEMS INC,"Ryder System Q4 EPS $1.82 Misses $1.83 Estimate, Sales $2.3B Beat $2.19B Estimate",6,uncertain,0.6,0.2,"while ryder's sales beat expectations, the earnings per share miss could lead to mixed reactions from investors, making the overall impact on stock price uncertain.",1,2019-02-14,R,2019-02-14 12:55:00+00:00,27633.0,78354910,0.0525446161627769,1436562.0,0.0199371986091136,0.0164595153182745,-0.006518674083054,0.0200445782393217,0.008436195552349,0.0077693504281342,-0.0100697362795472,-0.0051529207266867,-0.0054773441515862,-0.0032528440933674,-0.0058221705257892,-0.0068015903234481,-0.0186768006533384,0.0039262468926608,0.008548367768526,0.0037697262596338,-0.0059171426109969,0.0077706919983029,0.0027349097654223,0.0076561444438993,0.0040109097026288,0.0255174916237592,-0.0092681655660271,0.0189091078937053,-0.0117741860449314,-0.0003635124885477,-0.0199118852615356,0.0171935725957155,-0.0168192889541387,0.0068875453434884,0.0316734239459037,-0.0200656410306692,-0.002134314039722,-0.0328158177435398,0.0054294476285576,0.0451779589056968,0.0050727794878184,0.0270833391696214,-0.0078150369226932,0.0169491730630397,0.0100098559632897,-0.0648415386676788,-0.0256701540201902,-0.0017978870309889,-0.0076705501414835,0.0092541882768273,0.0105864740908145,0.0104510392993688,-0.0219487808644771,0.0408396832644939,-0.0164910107851028,0.0003818338445853,0.0141745842993259,0.0108066648244857,0.0156809613108634,0.0605812333524227,0.0340660996735096,0.0010243646102026,0.0060045886784791,0.0137071618810296,0.029682207852602,0.0098574077710509,-0.0120633002370595,-0.0079068047925829,0.0098318886011838,0.000833005295135,0.0161746032536029,0.0635658651590347,0.0003091372782364,-0.0199695713818073,0.0060250172391533,-0.0109489504247903,-0.015970529988408,-0.0150137254968285,0.0051498413085937,-0.0323306322097778,0.01226507127285,-0.0067073539830744,0.0157976448535919,0.0026492984034121,-0.0119281420484185,-0.0108849201351404,0.0050426986999809,-0.030107544735074,-0.0031929314136505,0.0009785332949832,0.0001525646221125,0.0,0.0024401962291449,-0.0042868517339229,0.0041076620109379,-0.0237778201699256,0.0180303398519754,-0.0166479498147964,-0.0488168261945247,-0.0614466294646263,0.0153340566903352,0.0068941027857363,0.0092463940382003,0.0067627881653606,-0.0380210392177104,0.008797088637948,-0.0388889014720916,0.0182815361768007,0.0115607064217329,-0.0211166832596063,0.0393469370901584,0.0421484932303428,0.0032987603917717,0.0035560289397835,-0.0222326312214136,0.0310690980404615,-0.011529242619872,-0.0341100059449672,-0.0064797946251928,-0.0211640186607837,-0.0182619057595729,-0.0110773593187332,-0.0388639792799949,0.0032263901084661,0.0199371986091136,0.0164595153182744,0.0132885604261976,0.0368340176001746,0.0218368608729113,0.0448895444187207,0.0060066408415808,0.036123962715884,-0.0133061118228272,0.0530711542753581,-0.0186883652749254,0.256905477548659,-0.0839086671606977,0.0954697252508212,2019-02-15,2019-02-19,2019-02-20,2019-02-21,2019-02-22,2019-02-25,2019-02-26,2019-02-27,2019-02-28,2019-03-01,27633.0,2019-02-14,252.0,5.2545%,-0.001,1.2429,0.5414,0.3178,1.6092%,2.0613%,39.0533%,0.05445,R,27633.0,2019-02-15,252.0,1.9937%,-0.0009,1.2525,0.5504,0.3338,1.6085%,2.0637%,39.2492%,0.002913,R,27633.0,2019-02-19,252.0,-0.6519%,-0.0009,1.2529,0.5401,0.3222,1.6090%,2.0639%,39.2224%,-0.011596,R,27633.0,2019-02-20,252.0,0.8436%,-0.0005,1.2629,0.6033,0.3683,1.4951%,1.9825%,43.1224%,0.002996,R,27633.0,2019-02-21,252.0,-1.0070%,-0.0005,1.2615,0.5998,0.3659,1.4948%,1.9805%,43.0329%,-0.004228,R,27633.0,2019-02-22,252.0,-0.5477%,-0.0005,1.2629,0.6038,0.386,1.4962%,1.9806%,42.9349%,-0.0116969999999999,R,27633.0,2019-02-25,252.0,-0.5822%,-0.0005,1.2625,0.6059,0.3857,1.4963%,1.9807%,42.9259%,-0.005552,R,27633.0,2019-02-26,252.0,-1.8677%,-0.0005,1.273,0.6112,0.3962,1.4955%,1.9840%,43.1792%,-0.011606,R,27633.0,2019-02-27,252.0,0.8548%,-0.0005,1.2686,0.6211,0.3955,1.4948%,1.9803%,43.0247%,0.006617,R,27633.0,2019-02-28,252.0,-0.5917%,-0.0005,1.2656,0.6191,0.3935,1.4943%,1.9754%,42.7762%,-0.00122,R,27633.0,2019-03-01,252.0,0.2735%,-0.0005,1.2595,0.6099,0.3869,1.4940%,1.9687%,42.4138%,-0.006689,R,0.057363,0.045767,0.048763,0.032838,0.0143879999999999
29059,ULTRAGENYX PHARMACEUTICALS INC,"Ultragenyx, Kyowa Kirin Reports 64-Week Results For Crysvita From Phase 3 Study For X-Linked Hypophosphatemia: 'Results Confirm and Extend 40-Week Findings that Treatment with Crysvita is Superior to Conventional Therapy'",6,increase,0.8,0.7,the positive results from the phase 3 study indicating that crysvita is superior to conventional therapy are likely to boost investor confidence and demand for ultragenyx's stock.,2,2019-02-14,RARE,2019-02-14 13:39:00+00:00,14436.0,90400D10,0.0125981122255325,896300.0,0.0214569494128227,-0.0102999582886695,0.0028243572451174,0.0427737049758434,0.0654813796281814,0.0137536050751805,-0.037502072751522,0.0307146590203046,0.0267765428870916,-0.0318337455391883,0.0593446865677833,-0.0036087832413613,-0.0293514374643564,0.0237215869128704,0.0346285328269004,0.0174085274338722,0.0078566940501332,0.02493916451931,0.0531650111079216,0.0096213147044181,-0.0223538428544998,0.0153813725337386,-0.0024228293914347,-0.0125205377116799,-0.0446265749633312,-0.0399999767541885,0.001271080924198,0.0267044249922037,-0.0038083414547145,0.0042665395885705,0.035043079406023,-0.0377321653068065,0.0210833344608545,-0.0410573408007621,0.0239638891071081,0.034723587334156,-0.031498372554779,-0.0126412538811564,0.037537895143032,0.0197265297174453,0.001318353228271,0.0498257167637348,0.0010239861439913,-0.0012287809513509,-0.0055530797690153,-0.0141327874734997,0.0145480940118432,0.0585594736039638,-0.0635863170027732,0.0306167248636484,0.0167053639888763,0.0179372895509004,0.0416856482625007,0.0372092686593532,-0.0169417802244424,0.0785051733255386,0.0153023153543472,-0.0443432927131652,0.014925436116755,-0.040478341281414,0.009227211587131,0.0384523682296276,0.0375713892281055,-0.0035697650164365,0.0079857064411044,0.0067081642337143,-0.027045426890254,0.0645244270563125,0.0439421199262142,0.0082283290103077,-0.0134480902925133,-0.0801797434687614,-0.0184023790061473,-0.0201622880995273,0.0155533272773027,-0.0204312764108181,-0.0225624777376651,-0.0085528036579489,0.0190262012183666,-0.0343403182923793,-0.0079625789076089,-0.0274783987551927,-0.0545253567397594,0.003819229779765,-0.0528395883738994,0.0310654565691947,-0.0043269786983728,-0.0401091948151588,0.0144342742860317,0.0205743480473756,0.0371787063777446,-0.0758566409349441,-0.0008850502781569,0.0009913373505696,0.0132879642769694,-0.071599543094635,-0.0040798308327794,0.0122974412515759,-0.0128748686984181,-0.0044518951326608,-0.021787479519844,-0.0212418660521507,-0.0278787314891815,0.0330082923173904,0.0151183530688285,-0.0394523255527019,0.043912187218666,0.0418543480336666,-0.010883922688663,-0.0065262406133115,-0.0695910826325416,0.0517748445272445,0.0142240589484572,0.0051252148114144,-0.0159155111759901,-0.0476816371083259,0.0265812631696462,0.0386040061712265,-0.0544377118349075,0.0601488165557384,0.0214569494128227,-0.0102999582886695,0.0243419087484724,0.0320331793100707,0.091417230144287,0.0462273560827843,0.0786152272127918,0.0440335751316254,0.217995022564736,0.1211873514778212,0.2506311076753396,0.2596596431355724,0.0930400174315928,0.1320793631632071,2019-02-15,2019-02-19,2019-02-20,2019-02-21,2019-02-22,2019-02-25,2019-02-26,2019-02-27,2019-02-28,2019-03-01,14436.0,2019-02-14,252.0,1.2598%,0.0007,1.8666,1.3943,-0.4616,2.6103%,3.4789%,43.7009%,0.006533,RARE,14436.0,2019-02-15,252.0,2.1457%,0.0005,1.8353,1.366,-0.5127,2.6000%,3.4566%,43.4226%,-0.001006,RARE,14436.0,2019-02-19,252.0,0.2824%,0.0006,1.8429,1.3521,-0.529,2.5947%,3.4566%,43.6512%,-0.003186,RARE,14436.0,2019-02-20,252.0,6.5481%,0.0009,1.8612,1.3987,-0.4624,2.6215%,3.4796%,43.2399%,0.0618149999999999,RARE,14436.0,2019-02-21,252.0,-3.7502%,0.0006,1.8819,1.4339,-0.4241,2.6184%,3.4857%,43.5719%,-0.0308,RARE,14436.0,2019-02-22,252.0,2.6777%,0.0008,1.8798,1.4907,-0.3978,2.6049%,3.4801%,43.9726%,0.000323,RARE,14436.0,2019-02-25,252.0,5.9345%,0.001,1.8825,1.4645,-0.4015,2.6262%,3.4948%,43.5321%,0.059585,RARE,14436.0,2019-02-26,252.0,-2.9351%,0.001,1.8989,1.4755,-0.3836,2.6257%,3.5003%,43.7268%,-0.018392,RARE,14436.0,2019-02-27,252.0,3.4629%,0.001,1.887,1.505,-0.3855,2.6258%,3.4966%,43.6043%,0.029556,RARE,14436.0,2019-02-28,252.0,0.7857%,0.001,1.8847,1.5039,-0.3898,2.6268%,3.4926%,43.4343%,0.0123419999999999,RARE,14436.0,2019-03-01,252.0,5.3165%,0.0011,1.8962,1.521,-0.3871,2.6344%,3.5055%,43.5252%,0.033584,RARE,0.005527,0.0023409999999999,0.0641559999999999,0.0336789999999999,0.150354
29067,REVANCE THERAPEUTICS INC,"H.C. Wainwright Initiates Coverage On Revance Therapeutics with Buy Rating, Announces $25 Price Target",6,increase,0.8,0.6,"initiating coverage with a 'buy' rating and a price target of $25 typically signals positive sentiment and can attract investor interest, likely leading to an increase in stock price.",2,2019-02-14,RVNC,2019-02-14 12:31:00+00:00,14467.0,76133010,0.0028121054638177,283639.0,-0.0078519005328416,-0.0044792788103222,-0.0011306081432849,0.0033708638511598,0.0169778857380151,0.040327213704586,-0.0395102463662624,0.0088444296270608,0.0156431309878826,-0.0122306924313306,-0.0313748493790626,-0.021094687283039,0.0053003625944256,0.0378699004650116,-0.0052724168635904,-0.0353881753981113,-0.0023556542582809,0.0144759695976972,0.0112159755080938,-0.0209749974310398,0.0035027072299271,0.0346041172742843,-0.0058173574507236,0.0029411315917968,-0.0491515584290027,-0.0156340729445219,-0.0024615947622805,0.0023215853143483,-0.0148056037724018,0.0029103164561092,0.0131496582180261,-0.0171624273061752,0.0030901876743882,-0.0185289122164249,-0.0086259637027978,0.0336622148752212,-0.0323182381689548,-0.0488545522093772,-0.0077071217820048,-0.1027736887335777,0.0355987176299095,0.0391147807240486,0.0199999809265136,-0.0176946595311164,-0.0275735184550285,0.0025342698208987,0.0056710871867835,-0.0125125125050544,-0.0307017397135496,0.0020059682428836,-0.0045249285176396,-0.0118929520249366,0.0155844632536172,-0.0102991219609975,-0.0038363439962267,0.0381873734295368,0.0128369582816958,0.0066632064990699,-0.0012673956807702,-0.030799750238657,-0.0171320084482431,0.0376288443803787,-0.0200128778815269,-0.006656480487436,-0.0046113734133541,0.0046296375803649,-0.0046326736919581,0.0479785092175006,0.0159574318677187,0.0271317716687917,-0.0170156601816415,-0.0136537412181496,-0.0272969901561737,-0.0219017025083303,-0.0123202847316861,-0.0168068055063486,-0.0270270500332117,-0.0083333253860473,-0.0042735342867672,-0.0356604270637035,0.0042918757535517,-0.0381642952561378,-0.0064102672040462,-0.0560875311493873,-0.0516129247844219,0.0092039005830883,0.0196523237973451,-0.058084100484848,-0.005189006216824,-0.001730891992338,0.0126676661893725,-0.0450413264334201,-0.0345842726528644,-0.0285025723278522,0.0198170915246009,0.1947241872549057,0.0022421325556933,0.0200587008148431,-0.0089485375210642,0.0169154293835163,-0.003762241685763,-0.030858214944601,-0.0128398854285478,0.0448362417519092,0.0168324615806341,-0.022167433053255,0.0180586744099855,-0.0370019301772117,0.0059127807617187,0.0213178563863039,-0.0492285154759883,0.0152483750134706,-0.0200926810503006,-0.0295943114906549,0.011040961369872,-0.0019056220771744,-0.0148205608129501,0.0,-0.0292953196913003,0.0067145987413823,-0.0078519005328416,-0.0044792788103222,-0.0089736312534438,-0.0011235139981834,0.0078519011984952,0.0391583915172977,-0.0168255333481421,0.0355271187096526,-0.0392597178255602,0.007936582480315,-0.1160964492203028,-0.11674111120658,-0.3123948256575637,-0.147242192144698,2019-02-15,2019-02-19,2019-02-20,2019-02-21,2019-02-22,2019-02-25,2019-02-26,2019-02-27,2019-02-28,2019-03-01,14467.0,2019-02-14,252.0,0.2812%,-0.0022,0.7351,0.5864,-0.515,2.7999%,2.9881%,12.2037%,-0.0017929999999999,RVNC,14467.0,2019-02-15,252.0,-0.7852%,-0.0024,0.7087,0.5613,-0.5596,2.7977%,2.9819%,11.9762%,-0.0152519999999999,RVNC,14467.0,2019-02-19,252.0,-0.1131%,-0.0024,0.7106,0.5587,-0.5628,2.7974%,2.9817%,11.9818%,-0.002526,RVNC,14467.0,2019-02-20,252.0,1.6978%,-0.0022,0.7176,0.5814,-0.5359,2.7982%,2.9825%,11.9762%,0.017394,RVNC,14467.0,2019-02-21,252.0,-3.9510%,-0.0023,0.7175,0.5734,-0.5358,2.8034%,2.9865%,11.8864%,-0.0377809999999999,RVNC,14467.0,2019-02-22,252.0,1.5643%,-0.0023,0.7174,0.5666,-0.5423,2.8033%,2.9884%,12.0057%,-0.00015,RVNC,14467.0,2019-02-25,252.0,-3.1375%,-0.0024,0.7189,0.5827,-0.5285,2.8086%,2.9930%,11.9432%,-0.032054,RVNC,14467.0,2019-02-26,252.0,0.5300%,-0.0023,0.725,0.5619,-0.5345,2.8080%,2.9932%,11.9908%,0.008336,RVNC,14467.0,2019-02-27,252.0,-0.5272%,-0.0026,0.7023,0.6007,-0.5383,2.7897%,2.9723%,11.9105%,-0.0077339999999999,RVNC,14467.0,2019-02-28,252.0,-0.2356%,-0.0025,0.7005,0.5995,-0.5398,2.7896%,2.9711%,11.8422%,-0.0017439999999999,RVNC,14467.0,2019-03-01,252.0,1.1216%,-0.0025,0.6948,0.591,-0.5508,2.7889%,2.9695%,11.7957%,0.002185,RVNC,-0.0170449999999999,-0.0195709999999999,-0.0021769999999999,-0.0401079999999999,-0.0711189999999999
29075,REDWOOD TRUST INC,"Redwood Trust Q4 EPS $0.39 Beats $0.37 Estimate, Sales $35M Miss $37.53M Estimate",6,uncertain,0.6,0.2,"while the earnings per share beat estimates, the sales miss could raise concerns among investors, leading to uncertainty in the stock's reaction.",1,2019-02-14,RWT,2019-02-14 21:29:00+00:00,82213.0,75807540,-0.0075376811437308,1592077.0,-0.0031645689159631,-0.0037546600215137,-0.0107936551794409,-0.0012500286102294,-0.0109114302322268,0.0006254051695577,0.0025957145262509,-0.0012492478126659,0.0032362584024667,0.0025046938098967,-0.0045161093585193,-0.0056039355695247,-0.001944308867678,0.0006230672588571,0.002597400220111,0.0024983764160424,-0.0090673184022307,-0.0074394876137375,0.0019607667345553,0.0081249475479125,0.0300065260380506,-0.0068280948325991,0.0025332465302199,-0.0018586604855954,-0.0056854169815778,0.0037313101347535,-0.0069885426200926,0.0043722484260797,0.0019193687476217,0.0018773897318169,0.0121328569948673,0.0018808610038831,-0.0018927877536043,-0.0018773300107568,0.0050568850710988,-0.0068365824408829,0.0056603760458529,0.0031171592418104,-0.0057360869832336,0.0056427028030157,0.0064102197065949,0.0031446660868823,0.0057324939407408,0.0012594145955517,0.0006333267083391,0.0101781068369746,0.0018987172516062,0.0,-0.0018951189704239,0.0051150843501091,0.0018987172516062,0.0038511180318892,0.0107391076162457,0.0045131975784897,0.0043749809265136,0.0163826998323202,0.0056005073711276,0.0039473962970077,-0.00061882607406,0.0086264181882143,-0.0006192092550918,-0.0124508868902921,-0.0080544715747237,0.00527008716017,-0.0006246239063329,0.0072993105277419,0.0043749809265136,0.0378787331283092,0.0031114588491618,-0.0102249225601553,0.0037220511585474,-0.001361436676234,-0.0080346763134002,-0.0284391734749078,0.004361470695585,-0.0059171696193516,0.0024813278578221,-0.0110533209517598,0.007425794377923,-0.032704371958971,-0.0042998525314033,0.0031545259989798,0.0012338346568867,-0.001854135422036,-0.0006161570781841,-0.0030806676950305,0.0055487151257693,-0.0085523081943392,0.0,-0.0126658072695136,0.005518096499145,0.0060679842717945,-0.0018291939049959,0.0079510184004902,-0.0067196460440754,-0.0168369691818952,0.0061500850133597,-0.0035950492601841,0.0006112608825787,-0.0029868122655898,-0.000610887480434,-0.0005970285856164,-0.0024450435303151,0.0066106137819588,0.0006127591477707,-0.0035928965080529,0.0042865704745054,0.0017996812239289,0.003658503992483,0.0072508063167333,-0.0012149788672104,-0.0012070282828062,0.0054744617082178,0.0024197825696319,-0.0108893103897571,0.0018182233907282,0.0055045965127646,-0.0060241194441914,-0.0133820688351988,0.0006027865456417,-0.0031645689159631,-0.0037546600215137,-0.0139240668297336,-0.0049999951992946,-0.024683565578199,-0.0043777170525822,-0.0189873534846686,-0.0031308823281622,-0.0297468520904747,-0.0049999953778568,0.0416958763591741,0.0564034772477282,0.0462109471115677,-0.0222227343476953,2019-02-15,2019-02-19,2019-02-20,2019-02-21,2019-02-22,2019-02-25,2019-02-26,2019-02-27,2019-02-28,2019-03-01,82213.0,2019-02-14,252.0,-0.7538%,0.0006,0.4399,0.3838,0.3784,0.8503%,0.9638%,22.1647%,-0.006566,RWT,82213.0,2019-02-15,252.0,-0.3165%,0.0005,0.4283,0.3721,0.3578,0.8528%,0.9598%,21.0636%,-0.011012,RWT,82213.0,2019-02-19,252.0,-1.0794%,0.0004,0.4221,0.3679,0.3536,0.8550%,0.9590%,20.5216%,-0.0138599999999999,RWT,82213.0,2019-02-20,252.0,-1.0911%,0.0003,0.4176,0.356,0.337,0.8597%,0.9609%,19.9528%,-0.014568,RWT,82213.0,2019-02-21,252.0,0.2596%,0.0004,0.4109,0.3435,0.3248,0.8547%,0.9527%,19.5095%,0.0050649999999999,RWT,82213.0,2019-02-22,252.0,0.3236%,0.0004,0.41,0.3562,0.3257,0.8531%,0.9518%,19.6667%,0.00335,RWT,82213.0,2019-02-25,252.0,-0.4516%,0.0004,0.4097,0.3579,0.3255,0.8533%,0.9520%,19.6614%,-0.003719,RWT,82213.0,2019-02-26,252.0,-0.1944%,0.0003,0.3941,0.3708,0.3204,0.8380%,0.9333%,19.3673%,0.001976,RWT,82213.0,2019-02-27,252.0,0.2597%,0.0003,0.3924,0.3742,0.3201,0.8377%,0.9326%,19.3017%,0.001823,RWT,82213.0,2019-02-28,252.0,-0.9067%,0.0004,0.3814,0.3664,0.3138,0.8259%,0.9165%,18.7955%,-0.007225,RWT,82213.0,2019-03-01,252.0,0.1961%,0.0004,0.3715,0.3518,0.2991,0.8198%,0.9055%,18.0290%,-0.000682,RWT,-0.017578,-0.031438,-0.046006,-0.037591,-0.045418
29083,SABRE CORP,Bernstein Downgrades Sabre to Market Perform,6,decrease,0.85,0.7,"a downgrade from bernstein typically signals reduced expectations for the company's performance, which is likely to lead to a decrease in stock price.",0,2019-02-14,SABR,2019-02-14 13:01:00+00:00,14608.0,78573M10,-0.0546707063913345,4034029.0,0.0259563587605953,-0.0243595093488693,-0.0035508177243173,0.0153517564758658,-0.0213809106498956,-0.0109657663851976,0.0091033577919006,0.0158525668084621,0.0279657579958438,-0.0004282753216102,-0.0315928570926189,-0.0105932205915451,0.0027185983490198,0.0029749125242233,0.0158156529068946,0.0081405537202954,-0.0022241654805839,0.0156658235937356,0.0111457863822579,-0.0047639934346079,-0.0163139700889587,0.0180775951594114,-0.0152398096397519,-0.0078740287572145,-0.0127445962280035,-0.0069504710845649,-0.021669028326869,0.0127585092559456,-0.0070687853731215,0.0039752717129886,0.0118652116507291,-0.0022036642767488,0.0065665757283568,-0.0070021813735365,0.0,0.01150952745229,0.0018639756599441,0.0053404914215207,-0.0069767264649271,0.0076233218424022,0.0018734898185357,0.0295475255697965,-0.006077567115426,-0.0428634285926818,0.0014110719785094,0.0008845002157613,0.0226950142532587,0.0116331195458769,-0.0277391821146011,0.0126869361847639,-0.0061816959641873,0.0086837541311979,0.0167464297264814,0.0224298853427171,-0.0155294081196188,0.0263788606971502,0.0167304202914238,-0.0234192032366991,0.0056416983716189,-0.0134010631591081,0.009350199252367,0.0065115992911159,0.0023158516269177,-0.0055504548363387,0.005545325577259,0.0098085468634963,0.0004595693317241,0.0342994704842567,0.0009187164832837,-0.0277125462889671,-0.0045892782509326,-0.0278538223356008,-0.0055325422435998,-0.0358705595135688,0.0143717881292104,-0.0108178276568651,0.0004570488817989,0.0122645944356918,-0.0004568400618154,-0.0256082098931074,-0.0009140105685219,-0.0196652431041002,0.0105214789509773,-0.0436174534261226,-0.0040742484852671,0.0060386317782104,-0.0031818042043596,-0.0079872505739331,-0.0059280013665556,0.0020008462015539,0.0197247844189405,-0.0226828288286924,0.0121457697823643,0.0154884587973356,0.0084444684907794,-0.0370936654508113,0.0101366033777594,0.0226828288286924,-0.0026177777908742,-0.0180492009967565,-0.09186352789402,0.0093023907393217,0.0062620020471513,0.0173501037061214,0.031594056636095,0.0075486903078854,0.0162413176149129,0.0182039141654968,-0.029680348932743,0.0036540867295116,-0.0155294081196188,0.0288219973444938,-0.0052581555210053,-0.0054008793085813,-0.011052357032895,-0.0290440171957016,-0.0009718395303934,0.0,-0.0286965053528547,-0.0040176166221499,0.0259563587605953,-0.0243595093488693,0.0223133747375321,-0.0093817141283989,0.0004553838160756,-0.0202446028281718,0.0377960785128437,-0.0051392218135896,0.0327869417147637,0.0060632042708237,-0.019508701197705,0.0734750545735274,-0.0845997590159997,-0.0607271041786793,2019-02-15,2019-02-19,2019-02-20,2019-02-21,2019-02-22,2019-02-25,2019-02-26,2019-02-27,2019-02-28,2019-03-01,14608.0,2019-02-14,252.0,-5.4671%,0.0006,1.0559,0.1804,0.0387,1.6719%,2.0128%,31.0075%,-0.053624,SABR,14608.0,2019-02-15,252.0,2.5956%,0.0001,0.9726,0.1068,-0.0949,1.5191%,1.8534%,32.8195%,0.013287,SABR,14608.0,2019-02-19,252.0,-0.3551%,-0.0,0.959,0.1209,-0.0779,1.4987%,1.8247%,32.5416%,-0.005524,SABR,14608.0,2019-02-20,252.0,-2.1381%,-0.0002,0.9503,0.0907,-0.1118,1.4975%,1.8229%,32.5127%,-0.02314,SABR,14608.0,2019-02-21,252.0,0.9103%,-0.0002,0.9472,0.0873,-0.1175,1.4996%,1.8233%,32.3569%,0.0123259999999999,SABR,14608.0,2019-02-22,252.0,2.7966%,-0.0002,0.9455,0.0619,-0.1612,1.4981%,1.8282%,32.8496%,0.019502,SABR,14608.0,2019-02-25,252.0,-3.1593%,-0.0003,0.9449,0.0775,-0.1555,1.5119%,1.8387%,32.3887%,-0.03324,SABR,14608.0,2019-02-26,252.0,0.2719%,-0.0003,0.9415,0.0746,-0.1595,1.5119%,1.8351%,32.1210%,0.004113,SABR,14608.0,2019-02-27,252.0,1.5816%,-0.0002,0.9465,0.0701,-0.1586,1.5133%,1.8378%,32.1935%,0.014535,SABR,14608.0,2019-02-28,252.0,-0.2224%,-0.0002,0.9407,0.0662,-0.1629,1.5119%,1.8322%,31.9145%,0.000199,SABR,14608.0,2019-03-01,252.0,1.1146%,-0.0001,0.9401,0.0654,-0.1654,1.5120%,1.8318%,31.8736%,0.0034389999999999,SABR,-0.040337,-0.045861,-0.069001,-0.037173,-0.048127
29091,SILVERCREST ASSET MNGMNT GRP INC,Silvercrest Asset Management Raises Quarterly Dividend From $0.14 To $0.15/Share,6,increase,0.8,0.6,"raising the quarterly dividend typically signals financial strength and can attract more investors, likely leading to an increase in stock price.",2,2019-02-14,SAMG,2019-02-14 21:35:00+00:00,13969.0,82835910,-0.0844360515475273,12350.0,0.0536820851266384,0.023210808634758,-0.0117570413276553,0.0601503849029541,-0.0304031744599342,-0.0412844121456146,0.0122699597850441,0.1018050387501717,0.034343384206295,-0.0075241522863507,-0.0162760429084301,0.0032350881956517,-0.0271343383938074,0.0087019493803381,0.0285714343190193,0.05106708034873,-0.0085978908464312,-0.0150150014087557,0.0173449125140905,0.0106221083551645,-0.0190163906663656,0.037795316427946,0.0020053298212587,-0.0501121990382671,-0.0086724562570452,-0.0304568577557802,-0.0181695874780416,-0.0043321601115167,-0.0318559594452381,-0.0021613640710711,0.0729614049196243,0.0389221906661987,-0.0126666389405727,0.0214067082852125,-0.0263335816562175,0.0,0.0173370316624641,-0.0180180016905069,0.0252215322107076,0.0199080593883991,0.0146276773884892,0.0171339772641658,-0.0373525992035865,-0.0235741045325994,0.0074881287291646,0.0068912096321582,0.0189188998192548,-0.0361623428761959,-0.0371352434158325,-0.0159767791628837,0.0158401876688003,-0.0079250475391745,-0.007457603700459,0.0743034109473228,-0.017076501622796,0.0327737666666507,0.0180680528283119,-0.0464938767254352,-0.0273037292063236,-0.0083144111558794,-0.0336841791868209,0.0053191259503364,-0.005083561874926,0.026521073654294,0.0153284696862101,0.0062794289551675,-0.0079079549759626,0.0616666488349437,0.0043477872386574,-0.0291261859238147,-0.0187589675188064,-0.063636377453804,0.0029411735013127,-0.0336749665439128,0.0322580337524414,0.0,-0.0227272510528564,0.0007326175109483,0.0145348692312836,-0.0256959740072488,0.0193409379571676,-0.0014254814013838,-0.0119465300813317,-0.008397496305406,0.0028449473902583,0.0070472434163093,0.024113418534398,-0.0240715537220239,-0.0096952486783266,0.0069252345710992,0.0167832002043724,0.0104968240484595,-0.0192572027444839,0.0577349886298179,0.0091164177283644,-0.0217234026640653,-0.0010424143401905,-0.0114531023427844,0.0086956517770886,0.0014337245374917,0.002758617978543,-0.0085287764668464,0.0006877736304886,-0.0091549381613731,0.0171821303665638,-0.0083798803389072,0.0135135008022189,0.009873017668724,-0.0333333350718021,-0.0035136500373482,0.0206896681338548,0.009219798259437,0.0,0.0071428841911256,0.0054053999483585,-0.0092002907767891,-0.0127688534557819,-0.0221453085541725,-0.0129339406266808,0.0104894833639264,0.0536820851266384,0.0232108086347579,0.0412939013055944,0.0847573326110016,0.0096352611601349,0.0399737638135113,0.0571231890588939,0.1372267957821185,0.0495526691599741,0.204097077874586,-0.0090828287720988,0.199546519362759,0.008301679830591,0.1208643581493713,2019-02-15,2019-02-19,2019-02-20,2019-02-21,2019-02-22,2019-02-25,2019-02-26,2019-02-27,2019-02-28,2019-03-01,13969.0,2019-02-14,252.0,-8.4436%,0.0001,0.654,0.3708,-0.3225,2.0319%,2.1995%,14.6634%,-0.087553,SAMG,13969.0,2019-02-15,252.0,5.3682%,0.0004,0.6989,0.4162,-0.2429,2.0496%,2.2243%,15.0899%,0.0468119999999999,SAMG,13969.0,2019-02-19,252.0,-1.1757%,0.0002,0.6845,0.4238,-0.2332,2.0383%,2.2068%,14.6865%,-0.013663,SAMG,13969.0,2019-02-20,252.0,-3.0403%,0.0002,0.6785,0.423,-0.2514,2.0399%,2.2085%,14.6820%,-0.031454,SAMG,13969.0,2019-02-21,252.0,1.2270%,0.0002,0.6744,0.4178,-0.259,2.0418%,2.2092%,14.5779%,0.014398,SAMG,13969.0,2019-02-22,252.0,3.4343%,0.0001,0.6734,0.3607,-0.3233,2.0262%,2.2009%,15.2402%,0.023755,SAMG,13969.0,2019-02-25,252.0,-1.6276%,0.0001,0.6737,0.3694,-0.3178,2.0291%,2.2034%,15.1925%,-0.01703,SAMG,13969.0,2019-02-26,252.0,-2.7134%,-0.0,0.6805,0.3975,-0.2985,2.0350%,2.2098%,15.1967%,-0.024841,SAMG,13969.0,2019-02-27,252.0,2.8571%,-0.0002,0.6524,0.4552,-0.303,2.0007%,2.1726%,15.1968%,0.026746,SAMG,13969.0,2019-02-28,252.0,-0.8598%,-0.0002,0.6471,0.4513,-0.3052,1.9996%,2.1688%,14.9941%,-0.0075239999999999,SAMG,13969.0,2019-03-01,252.0,1.7345%,-0.0,0.6328,0.4301,-0.332,1.9933%,2.1599%,14.8335%,0.010067,SAMG,-0.040741,-0.054404,-0.085858,-0.047705,-0.060287
29099,ECHOSTAR CORP,"13F From Einhorn's Greenlight Shows New Stakes In Hilton Grand Vacations, Echostar",6,uncertain,0.6,0.2,"the news about einhorn's greenlight showing new stakes in echostar may indicate interest from a notable investor, but without additional context on the overall market sentiment or performance of echostar, the impact on stock price remains uncertain.",1,2019-02-14,SATS,2019-02-14 21:53:00+00:00,92469.0,27876810,0.0023968953173607,262248.0,0.0095648383721709,-0.0016750345239415,0.0139744225889444,0.0057762139476835,0.0196215864270925,0.0021707706619054,-0.1003436669707298,0.0176729839295148,0.0101858340203762,-0.0048851235769689,0.0055457833223044,-0.0038929404690861,-0.0167961437255144,-0.0096385907381773,-0.008924076333642,0.0065486407838761,-0.0079752393066883,0.006100536789745,0.0098547004163265,0.0257821958512067,0.0023112520575523,-0.0002502082497812,-0.0169100649654865,0.0155019219964742,-0.0179827641695737,-0.002787648467347,-0.0050424262881278,0.0141351642087101,-0.0056015709415078,0.0135452058166265,-0.0069742039777338,-0.0025981366634368,0.0024311223533004,-0.0255695786327123,0.0051198764704167,0.0138603933155536,-0.0034852833487093,0.0017999407136812,0.0005380806978791,0.0015451341168954,0.0013445295626297,0.0028409247752279,0.0010740360012277,-0.0030895709060132,-0.0029506601858884,-0.0041025602258741,0.0013452529674395,0.0111485691741108,-0.0357335247099399,0.0015580726321786,-0.0119810616597533,0.0220275484025478,0.0172025002539157,-0.013095861300826,-0.004713007248938,0.0391943007707595,0.0125347338616848,-0.0043360390700399,0.0027510947547852,0.0049019688740372,0.0126200020313262,0.0132450200617313,0.0205905809998512,0.0301307942718267,-0.0047782454639673,0.0065808165818452,0.0360095612704753,0.0337178148329258,0.0090112891048192,-0.0236788820475339,0.0012759135570377,-0.0220276415348053,-0.0142711866647005,-0.0161156374961137,0.0103413006290793,0.0025069678667932,0.0043500042520463,-0.0201964490115642,0.0084076896309852,-0.0332454368472099,-0.0068216384388506,-0.0279558897018432,0.0216229576617479,-0.0245183762162923,0.0034860405139625,0.0057876077480614,-0.010421791113913,-0.0020089908502995,0.0017552580684423,-0.0017548181349411,-0.0005006372230127,-0.0118900062516331,-0.0062609566375613,0.0029813398141413,-0.0120967626571655,-0.0418947488069534,0.0137755330651998,0.0040630535222589,0.0088072083890438,0.0035980218090116,-0.0059865722432732,-0.0213615000247955,0.0037641539238393,0.0133205885067582,-0.0185000412166118,0.0011907414300367,0.0165563318878412,0.0050263977609574,0.0047606769949197,-0.0021495141554623,-0.0211969707161188,0.0295057985931634,0.0494267158210277,-0.0171581171452999,-0.0262199081480503,-0.0147618791088461,0.0,0.0115606822073459,-0.0204437710344791,0.0377406179904937,0.0095648383721709,-0.0016750345239415,0.023672924054523,0.0040915040659619,0.0437590108069334,0.0062711564448567,-0.0514108490486183,0.019052335341323,-0.0688666002961705,0.0443053912561055,-0.1284074372281614,0.1361655724333714,-0.0604973405657678,0.0427393843137859,2019-02-15,2019-02-19,2019-02-20,2019-02-21,2019-02-22,2019-02-25,2019-02-26,2019-02-27,2019-02-28,2019-03-01,92469.0,2019-02-14,252.0,0.2397%,-0.0013,0.9281,0.5716,0.245,1.2676%,1.6048%,37.6099%,0.002727,SATS,92469.0,2019-02-15,252.0,0.9565%,-0.0013,0.932,0.5748,0.251,1.2670%,1.6050%,37.6803%,-0.003628,SATS,92469.0,2019-02-19,252.0,1.3974%,-0.0013,0.9273,0.5914,0.2701,1.2610%,1.5958%,37.5573%,0.009683,SATS,92469.0,2019-02-20,252.0,1.9622%,-0.0013,0.9309,0.5955,0.282,1.2638%,1.5993%,37.5575%,0.014973,SATS,92469.0,2019-02-21,252.0,-10.0344%,-0.0017,0.9549,0.6236,0.3268,1.3966%,1.7171%,33.8537%,-0.095934,SATS,92469.0,2019-02-22,252.0,1.0186%,-0.0017,0.9542,0.618,0.313,1.3968%,1.7182%,33.9092%,0.005253,SATS,92469.0,2019-02-25,252.0,0.5546%,-0.0015,0.9503,0.6102,0.2944,1.3817%,1.7050%,34.3291%,0.006185,SATS,92469.0,2019-02-26,252.0,-1.6796%,-0.0016,0.9374,0.6352,0.2973,1.3741%,1.6924%,34.0790%,-0.010499,SATS,92469.0,2019-02-27,252.0,-0.8924%,-0.0016,0.944,0.6207,0.2984,1.3718%,1.6922%,34.2825%,-0.010718,SATS,92469.0,2019-02-28,252.0,-0.7975%,-0.0016,0.9466,0.6225,0.301,1.3717%,1.6917%,34.2536%,-0.004527,SATS,92469.0,2019-03-01,252.0,0.9855%,-0.0017,0.952,0.6305,0.3075,1.3711%,1.6927%,34.3856%,0.002348,SATS,-0.000901,0.008782,0.023755,-0.066926,-0.084137
29107,SINCLAIR INC,Cooperman's Omega 13F Shows Liquidated 3.3M Share Stake In Sinclair Broadcast,6,decrease,0.8,0.6,"the liquidation of a significant share stake by a notable investor like cooperman's omega may signal a lack of confidence in sinclair broadcast, potentially leading to a decrease in stock price.",0,2019-02-14,SBGI,2019-02-14 19:14:00+00:00,81740.0,82924210,0.013497008010745,996502.0,0.0048426100984215,0.0149439461529254,-0.0108433915302157,0.011334971524775,0.0106576876714825,0.0124322399497032,-0.0087374849244952,0.001596460584551,-0.0006079166196286,-0.0110514806583523,-0.0066910344175994,0.0085987411439418,0.0045928210020065,-0.002858055057004,0.0615666061639785,0.0109149329364299,0.0364627204835414,0.0110353836789727,0.0174515545368194,0.0003246827691327,0.0002723151701502,-0.0112359672784805,0.0362002700567245,0.0061369682662189,0.0034147903788834,-0.002255932893604,-0.035863846540451,0.0100911911576986,0.0051587796770036,0.0055646509863436,0.0312330666929483,0.0334911979734897,0.0118513805791735,-0.0289093647152185,0.0059865531511604,0.012304650619626,-0.002846070099622,0.0066956426016986,0.019979253411293,-0.0043333051726222,-0.0206054784357547,0.0111223431304097,-0.0072726956568658,-0.0033590991515666,-0.025117814540863,-0.0132581908255815,0.0359635055065155,0.0093677043914794,-0.0207253694534301,0.0013400003081187,0.0050265197642147,0.0514265932142734,0.0073703280650079,0.0157423466444015,0.0023517154622823,0.0367211326956749,-0.0018248095875605,-0.0025897743180394,0.0049620950594544,0.0261959191411733,0.0207900013774633,-0.0045351074077188,0.0048371297307312,-0.0011325287632644,0.0491512194275856,-0.0048835859633982,0.023907309398055,0.0555115602910518,0.0099056167528033,-0.0258787218481302,-0.0072396397590637,-0.0274230446666479,0.0051752817817032,-0.027402264997363,0.0217645764350891,-0.0047272420488297,0.0100778434425592,-0.0043447078205645,-0.0136054083704948,-0.0264363754540681,0.0163218174129724,-0.0132173625752329,0.0174168851226568,-0.0400668010115623,0.0091151585802435,-0.0115511054173111,-0.0193875543773174,0.0079840244725346,-0.0233654715120792,-0.0195694845169782,0.0213940721005201,-0.0061588501557707,0.0060810050927102,-0.0012948854127898,-0.0094022424891591,-0.0252445917576551,0.0192090049386024,0.0076311533339321,0.0126385744661092,0.0067221829667687,0.0026276055723428,0.0171465519815683,-0.0087355645373463,-0.0022595124319195,-0.0367922037839889,0.0074796597473323,0.0281335655599832,0.0055591915734112,0.3454949557781219,0.0045991912484169,0.0071097933687269,0.046767558902502,0.0003283608239144,-0.0424761585891246,0.0041030691936612,-0.003608881495893,0.0102975005283951,-0.0061949961818754,-0.0616405308246612,-0.0068004885688424,0.0048426100984215,0.0149439461529254,-0.0060532917491195,0.0264483068818117,0.0045398818295165,0.039209358528933,-0.0048426109566483,0.0293652781492448,0.1116827628498295,0.0584415348543541,0.1709750344080707,0.2376612847039272,0.7649831831430127,0.0624580956326428,2019-02-15,2019-02-19,2019-02-20,2019-02-21,2019-02-22,2019-02-25,2019-02-26,2019-02-27,2019-02-28,2019-03-01,81740.0,2019-02-14,252.0,1.3497%,-0.0002,0.9889,0.8899,0.4936,1.9066%,2.1809%,23.5758%,0.013782,SBGI,81740.0,2019-02-15,252.0,0.4843%,-0.0002,0.9935,0.8929,0.4994,1.9057%,2.1809%,23.6398%,-0.011026,SBGI,81740.0,2019-02-19,252.0,-1.0843%,-0.0003,0.9873,0.8865,0.4928,1.9078%,2.1794%,23.3736%,-0.016919,SBGI,81740.0,2019-02-20,252.0,1.0658%,-0.0001,0.9912,0.9083,0.5104,1.8988%,2.1746%,23.7591%,0.004021,SBGI,81740.0,2019-02-21,252.0,-0.8737%,-0.0002,0.9994,0.9242,0.5253,1.8945%,2.1744%,24.0925%,-0.00336,SBGI,81740.0,2019-02-22,252.0,-0.0608%,-0.0002,0.9997,0.9305,0.5352,1.8943%,2.1744%,24.1012%,-0.004565,SBGI,81740.0,2019-02-25,252.0,-0.6691%,-0.0002,0.9967,0.9299,0.5239,1.8877%,2.1680%,24.1878%,-0.004908,SBGI,81740.0,2019-02-26,252.0,0.4593%,-0.0001,0.9869,0.9201,0.5116,1.8883%,2.1635%,23.8246%,0.013768,SBGI,81740.0,2019-02-27,252.0,6.1567%,0.0001,0.9878,0.9359,0.5119,1.9252%,2.1977%,23.2572%,0.059444,SBGI,81740.0,2019-02-28,252.0,3.6463%,0.0003,0.9782,0.9306,0.4954,1.9419%,2.2070%,22.5834%,0.040518,SBGI,81740.0,2019-03-01,252.0,1.7452%,0.0005,0.9518,0.8914,0.4503,1.9202%,2.1736%,21.9635%,0.009602,SBGI,0.0027559999999999,-0.014163,-0.010142,-0.018067,0.100357
29115,STARBUCKS CORP,13F From Ackman's Pershing Square Shows New ~11.75M Share Stake In Starbucks,6,increase,0.8,0.6,the news of a significant new stake in starbucks by a well-known investor like ackman is likely to boost investor confidence and demand for the stock.,2,2019-02-14,SBUX,2019-02-14 21:50:00+00:00,77702.0,85524410,0.0046801050193607,9438804.0,-0.0018350827740505,0.0108960876241326,-0.0072125885635614,-0.0034290307667106,0.0027065875474363,0.0034408296924084,0.0044040000066161,0.0088226879015564,0.0084866499528288,0.0042120683938264,-0.0035063112154603,-0.0018747887806966,0.0012666620314121,0.0260431263595819,-0.0139161916449666,-0.0077815121039748,0.0015680771321058,-0.0004402521299198,0.0083973286673426,-0.0001467664842493,0.0014114110963419,0.0165572874248027,0.0088795619085431,0.0020926664583384,-0.0043308911845088,-0.0028319396078586,-0.0092605035752058,0.0362990200519561,-0.0177028756588697,-0.0254403501749038,0.0046136057935655,0.0159045867621898,0.005310027860105,0.0106646437197923,0.0007137104985304,0.0065338858403265,0.0091298064216971,0.0079974643886089,-0.0009895348921418,-0.0048377243801951,0.0024055209942162,0.0112040853127837,0.0076228254474699,-0.0056488406844437,0.0035023817326873,-0.0071662701666355,0.0087952660396695,0.0048528704792261,-0.0041517168283462,0.0040867989882826,0.004724902100861,0.0007865225197747,0.0091285752132534,0.0,-0.0030153675470501,0.0331545732915401,0.0167720820754766,-0.0433768816292285,0.0051378752104938,-0.0012422644067555,-0.0051116123795509,0.015933146700263,0.0041914219036698,0.0030063074082136,0.0008079331018961,0.0019023292697966,0.0002690251858439,0.0416116304695606,0.0091459359973669,-0.0135200852528214,0.0022657359950244,-0.012228513136506,-0.0010637526866048,-0.02981573715806,0.0047923400998115,-0.0132470829412341,0.005166923161596,0.0069799432530999,0.0102807264775037,-0.0133148934692144,-0.0063926661387085,-0.0234644636511802,-0.0060400036163628,0.0117950467392802,-0.0076617468148469,0.0031856657005846,0.0125132426619529,0.0065658926032483,-0.008677308447659,0.0003054321568924,0.0078248847275972,-0.0162284262478351,0.0052638705819845,-0.001500352169387,0.0094253337010741,-0.012592569924891,0.0044092377647757,0.0116906287148594,-0.0069721536710858,-0.0023922852706164,0.0100116580724716,0.0008978982223197,-0.002059779362753,0.0111985141411423,-0.0006449358188547,0.0059369672089815,0.0074867927469313,-0.0001521233934909,0.0001280526194022,-0.0160251576453447,-0.001281046308577,-0.0061030611395835,0.0057722418569028,-0.0107495700940489,-0.0019218644592911,-0.0036678402684628,0.0066751814447343,0.0079858163371682,-0.0221881903707981,0.0086515787988901,-0.0018350827740505,0.0108960876241326,-0.0090344356405827,0.007429693837722,-0.0063523005841492,0.0108960878412929,0.0064936018799308,0.0241104386689732,0.0001411935743556,0.0400393298934416,0.0494071157346613,0.1006006197083502,0.0874320319015431,0.0572595550949146,2019-02-15,2019-02-19,2019-02-20,2019-02-21,2019-02-22,2019-02-25,2019-02-26,2019-02-27,2019-02-28,2019-03-01,77702.0,2019-02-14,252.0,0.4680%,0.001,0.747,-0.2832,0.077,1.2750%,1.4970%,27.4603%,0.008114,SBUX,77702.0,2019-02-15,252.0,-0.1835%,0.001,0.7449,-0.2863,0.072,1.2763%,1.4968%,27.2986%,-0.010038,SBUX,77702.0,2019-02-19,252.0,-0.7213%,0.001,0.7429,-0.2917,0.0661,1.2775%,1.4965%,27.1266%,-0.008114,SBUX,77702.0,2019-02-20,252.0,0.2707%,0.001,0.7432,-0.29,0.0676,1.2775%,1.4965%,27.1269%,0.001473,SBUX,77702.0,2019-02-21,252.0,0.4404%,0.001,0.7395,-0.2962,0.0608,1.2774%,1.4953%,27.0166%,0.007006,SBUX,77702.0,2019-02-22,252.0,0.8487%,0.001,0.7392,-0.3041,0.0489,1.2771%,1.4959%,27.1187%,0.006102,SBUX,77702.0,2019-02-25,252.0,-0.3506%,0.001,0.7376,-0.3024,0.0441,1.2750%,1.4938%,27.1470%,-0.0054179999999999,SBUX,77702.0,2019-02-26,252.0,0.1267%,0.001,0.7378,-0.302,0.0445,1.2750%,1.4918%,26.9522%,0.000557,SBUX,77702.0,2019-02-27,252.0,-1.3916%,0.0009,0.7342,-0.2999,0.0438,1.2776%,1.4908%,26.5529%,-0.014053,SBUX,77702.0,2019-02-28,252.0,0.1568%,0.001,0.732,-0.3012,0.0416,1.2776%,1.4890%,26.3780%,0.003914,SBUX,77702.0,2019-03-01,252.0,0.8397%,0.0009,0.742,-0.2863,0.0556,1.2740%,1.4888%,26.7698%,0.004077,SBUX,-0.001924,-0.010038,-0.008565,0.004543,-0.0063799999999999
29123,S E I INVESTMENTS CO,"SEI Reports Added 9 Clients, $1.1B In New Global Institutional Assets During Q4",6,increase,0.8,0.6,"the addition of 9 clients and $1.1 billion in new global institutional assets suggests strong growth and demand for sei's services, which is likely to positively impact investor sentiment and stock price.",2,2019-02-14,SEIC,2019-02-14 15:15:00+00:00,68196.0,78411710,-0.0007820315659046,733832.0,0.0207395330071449,0.0090748257935047,0.0059421388432383,0.0201247744262218,0.0017149419290944,0.0072977249510586,-0.0047555640339851,-0.0034343064762651,0.0063073746860027,-0.0014121383428573,0.0005697773885913,-0.0048183430917561,0.0007593188202008,0.0034246975556015,0.0013277635443955,0.0089430613443255,-0.0007577366195619,0.0349179580807685,0.0028436307329684,-0.0197937954217195,-0.003024571808055,-0.0041067916899919,-0.0183921344578266,-0.0097600556910038,-0.0160324871540069,-0.0024340555537492,-0.0174715239554643,0.0096251768991351,0.0013985952828079,0.0,0.0159616768360137,0.0051461504772305,-0.0013746995246037,-0.0152037292718887,0.0131760472431778,0.0137690501287579,-0.0001941408409038,0.0110118174925446,0.0170840825885534,0.0310625694692134,0.0064897909760475,-0.0036285629030317,-0.0073961578309535,0.0066608842462301,-0.0135651333257556,-0.0185575131326913,0.0123958820477128,0.0097955511882901,-0.0365410335361957,0.0055674156174063,-0.0023828223347663,0.0090752374380826,0.0131369391456246,0.0058682998642325,0.0058938944712281,0.0360278859734535,0.0164062529802322,-0.0360321216285228,0.0040353396907448,-0.002813875908032,0.0327272564172744,0.0140473963692784,0.0035211720969527,0.0024202554486691,0.0036933876108378,0.0190583486109972,0.0143514741212129,0.0490309745073318,0.0054416693747043,-0.0190104898065328,0.0046905702911317,-0.0232662390917539,-0.0118513172492384,-0.0333045162260532,0.0187171101570129,-0.0207539070397615,0.0030324324034154,0.0070377872325479,0.0202738642692565,-0.031398482620716,-0.0067979674786329,-0.0059548439458012,0.0171990096569061,-0.0159628391265869,0.0013802938628941,0.0210439544171094,0.005168835632503,-0.0144367441534996,-0.0327391140162944,-0.0044534658081829,0.0186071097850799,-0.0374122783541679,-0.0083507224917411,0.0001948610588442,-0.0650877058506012,-0.0496388264000415,0.0108838053420186,0.0054003894329071,0.0100241489708423,0.0041137100197374,0.0007351757958531,-0.0088954698294401,-0.0134067870676517,0.0139045063406229,-0.0018615466542541,-0.0059768338687717,0.0005595411057583,0.0174838844686746,0.0046598319895565,-0.0088529139757156,-0.0135436607524752,0.0147171346470713,-0.0060184258036315,-0.0205915104597806,-0.004730368964374,-0.0258935447782278,0.0062737991102039,-0.0009108988451771,-0.0479879267513752,0.034879308193922,0.0207395330071449,0.0090748257935047,0.0268049090350557,0.029382229041778,0.0285658198265599,0.0368943774188326,0.0301311072625487,0.031874154678517,0.0350225178095611,0.0546392051427575,0.0223048193986796,0.1071428690738973,-0.0140872934122928,-0.0284980205219937,2019-02-15,2019-02-19,2019-02-20,2019-02-21,2019-02-22,2019-02-25,2019-02-26,2019-02-27,2019-02-28,2019-03-01,68196.0,2019-02-14,252.0,-0.0782%,-0.0013,1.1077,0.5759,0.468,1.0499%,1.5397%,53.5066%,0.0011799999999999,SEIC,68196.0,2019-02-15,252.0,2.0740%,-0.0013,1.1086,0.5774,0.4703,1.0503%,1.5384%,53.3950%,0.004436,SEIC,68196.0,2019-02-19,252.0,0.5942%,-0.0013,1.1097,0.5775,0.4704,1.0502%,1.5384%,53.3971%,0.000651,SEIC,68196.0,2019-02-20,252.0,0.1715%,-0.0013,1.1086,0.5738,0.4661,1.0503%,1.5381%,53.3734%,-0.004351,SEIC,68196.0,2019-02-21,252.0,-0.4756%,-0.0013,1.1072,0.5714,0.4635,1.0502%,1.5361%,53.2606%,0.0007199999999999,SEIC,68196.0,2019-02-22,252.0,0.6307%,-0.0013,1.1075,0.5489,0.4468,1.0448%,1.5327%,53.5308%,0.002681,SEIC,68196.0,2019-02-25,252.0,0.0570%,-0.0013,1.1072,0.5475,0.4451,1.0448%,1.5325%,53.5210%,0.00104,SEIC,68196.0,2019-02-26,252.0,0.0759%,-0.0012,1.1141,0.5287,0.4407,1.0422%,1.5326%,53.7571%,0.007403,SEIC,68196.0,2019-02-27,252.0,0.1328%,-0.0012,1.1136,0.5299,0.4406,1.0422%,1.5312%,53.6727%,-0.000251,SEIC,68196.0,2019-02-28,252.0,-0.0758%,-0.0012,1.1152,0.5311,0.4407,1.0422%,1.5299%,53.5933%,0.00359,SEIC,68196.0,2019-03-01,252.0,0.2844%,-0.0013,1.1205,0.5389,0.4506,1.0406%,1.5296%,53.7219%,-0.0050539999999999,SEIC,0.0056159999999999,0.006267,0.001916,0.005317,0.012045
29131,GLOBAL X FUNDS,Silver Miners ETF Is Trying To Shine,6,increase,0.7,0.6,"the positive framing of the silver miners etf suggests potential growth and interest in the sector, which could lead to an increase in global x funds's stock price.",2,2019-02-14,SIL,2019-02-14 13:40:00+00:00,93318.0,37954Y84,0.0122465221211314,71304.0,0.0128544475883245,-0.0075959269888699,0.0328480452299118,-0.0007590306340716,-0.0014456420904025,-0.0182563252747058,-0.0065146000124514,0.0120663531124591,0.0072859325446188,-0.0119224926456809,0.0025316346436738,-0.0114180287346243,-0.0018037243280559,0.006300966721028,-0.0144560756161809,0.0037202523089945,-0.0143014770001173,-0.0095799639821052,-0.0323660336434841,0.0138214016333222,0.0042291660793125,0.0221458543092012,0.0038284254260361,0.0170873999595642,-0.0175438243895769,0.0102000879123807,0.000388207641663,0.0395595133304595,0.0194024052470922,-0.0004076734185218,-0.0022840262390673,0.0004078396596014,0.0171690490096807,-0.0084916735067963,0.0078770061954855,-0.0163086652755737,-0.0219575781375169,-0.0019849599339067,0.0125570744276046,0.0,-0.0030063856393098,-0.0217475518584251,0.0030154511332511,-0.008471286855638,0.0195414703339338,-0.0080214282497763,0.0058975950814783,-0.0124481301754713,-0.0032979168463498,0.0168776586651802,0.0187499374151229,0.0065637095831334,-0.0054131946526467,-0.0038461685180664,-0.0123367253690958,0.0050250929780304,-0.0220425594598054,0.0278109163045883,-0.0082645080983638,0.0059951883740723,-0.0147727048024535,0.0024039011914283,0.0003844762977678,-0.004965825472027,0.001152912271209,0.004351214505732,0.0184261593967676,0.0027767396531999,-0.0033923916053026,0.0189975462853908,0.0086989235132932,-0.0198098253458738,-0.0048743593506515,0.0352748408913612,-0.0052751051262021,-0.0424194782972335,-0.0231060124933719,0.0270269513130188,-0.0054285107180476,0.0077235987409949,-0.0035087778232991,0.003671976737678,-0.0082159265875816,0.0069843907840549,-0.0161735638976097,0.0222595836967229,-0.0116279432550072,-0.0025136729236692,-0.0113589772954583,-0.0004186902078799,-0.0077964928932487,0.0135823301970958,-0.0004135743947699,0.0,-0.0053785336203873,0.0059777707792818,0.0299500543624162,0.016052097082138,-0.0181745048612356,-0.0136928362771868,0.0061702849343419,-0.0034115104936063,-0.0179884973913431,0.0276074092835187,-0.0233139619231224,-0.0151057569310069,0.014492760412395,-0.0085580125451087,-0.0021008083131164,-0.0354931391775608,0.012210564687848,0.0284380335360765,-0.0193427670747041,-0.0142259476706385,-0.0222694166004657,0.0,-0.0073752747848629,0.021367521956563,0.0096154380589723,0.0125486366450786,0.0128544475883245,-0.0075959269888699,0.0461247362940231,-0.0083491920816628,0.0446124143434252,-0.0264530917899449,0.0453685754204657,-0.0264530923151395,-0.016635180667303,-0.0239074074327257,-0.0018904018150366,0.0443644568455996,-0.1266540742408677,0.1444466703075979,2019-02-15,2019-02-19,2019-02-20,2019-02-21,2019-02-22,2019-02-25,2019-02-26,2019-02-27,2019-02-28,2019-03-01,93318.0,2019-02-14,252.0,1.2247%,-0.0004,0.3531,0.4731,0.2311,1.4848%,1.5403%,7.0738%,0.011854,SIL,93318.0,2019-02-15,252.0,1.2854%,-0.0006,0.3243,0.448,0.1853,1.4634%,1.5127%,6.4207%,0.006473,SIL,93318.0,2019-02-19,252.0,3.2848%,-0.0005,0.3269,0.4721,0.2122,1.4743%,1.5247%,6.5083%,0.030277,SIL,93318.0,2019-02-20,252.0,-0.1446%,-0.0004,0.3275,0.4814,0.2165,1.4700%,1.5214%,6.6376%,-0.004373,SIL,93318.0,2019-02-21,252.0,-0.6515%,-0.0004,0.3203,0.4658,0.2034,1.4633%,1.5124%,6.3878%,-0.004568,SIL,93318.0,2019-02-22,252.0,0.7286%,-0.0003,0.3191,0.4777,0.1992,1.4630%,1.5129%,6.4854%,0.005531,SIL,93318.0,2019-02-25,252.0,0.2532%,-0.0003,0.3193,0.476,0.1991,1.4631%,1.5129%,6.4754%,0.003553,SIL,93318.0,2019-02-26,252.0,-0.1804%,-0.0003,0.3179,0.4737,0.1969,1.4632%,1.5127%,6.4428%,0.002311,SIL,93318.0,2019-02-27,252.0,-1.4456%,-0.0004,0.3111,0.4815,0.1958,1.4633%,1.5121%,6.3489%,-0.0155059999999999,SIL,93318.0,2019-02-28,252.0,-1.4301%,-0.0004,0.3026,0.4752,0.1926,1.4598%,1.5063%,6.0839%,-0.013044,SIL,93318.0,2019-03-01,252.0,-3.2366%,-0.0005,0.2877,0.453,0.1856,1.4741%,1.5155%,5.3887%,-0.035243,SIL,0.018327,0.0486039999999999,0.0442309999999999,0.0451939999999999,-0.012735
29139,SIX FLAGS ENTERTAINMENT CORP,Six Flags shares are trading lower after the company reported Q4 revenue of $269.5M versus the $284.2M analyst estimate.,6,decrease,0.8,0.7,"the company's q4 revenue fell short of analyst estimates, which typically leads to a negative reaction in stock prices.",0,2019-02-14,SIX,2019-02-14 13:33:00+00:00,93423.0,83001A10,-0.1280726492404938,11894618.0,-0.0023691863752901,0.0094831427559256,0.0180854555219411,0.0003162127686664,0.0066391341388225,0.0006328257732093,0.0051693567074835,0.0160745866596698,0.0129455495625734,0.010394662618637,0.0001751074305502,-0.024247208610177,-0.0110275000333786,-0.0015823147259652,0.0079646157100796,0.0105532435700297,-0.0217735152691602,0.0154245942831039,0.0028720130212605,0.0144951585680246,-0.0399140790104866,-0.0073577626608312,-0.0031692425254732,-0.0029344686772674,-0.0250607840716838,0.0088815940544009,-0.0153462346643209,0.0089611839503049,-0.0212351474910974,0.0134544102475047,-0.0047771031968295,-0.0091651268303394,-0.0154000092297792,-0.000998857547529,0.0343286320567131,-0.0048045213334262,0.0098193250596523,-0.0306728743016719,-0.0042784404940903,0.0048410398885607,-0.0123047083616256,-0.0036977417767047,-0.0116669991984963,0.0038734939880669,-0.0322128981351852,0.0177397839725017,0.0086831096559762,0.0119681051000952,-0.0252100750803947,-0.0009963695192709,-0.0170311462134122,0.0196410398930311,0.0357218869030475,0.0217993445694446,0.010739373974502,0.0334346294403076,-0.0049039204604923,-0.0017847309354692,0.0133469756692647,0.0071903234347701,0.00506585650146,0.0166301131248474,0.0080645475536584,0.0107130007818341,0.0009999847970902,0.0163318738341331,0.0003996095620095,0.0486220717430114,0.0033952863886952,-0.0309042148292064,-0.0011942947749048,-0.0287197157740593,0.0025906949304044,-0.0286177117377519,-0.001192633062601,-0.0303664561361074,0.0033830481115728,-0.0203453991562128,0.0041650715284049,-0.0113251889124512,0.0005925099248997,0.0069787208922207,0.0011843934189528,-0.0067624938674271,-0.0061120144091546,0.0130159640684723,0.0047609936445951,-0.0232519134879112,0.0183613076806068,0.0382076576352119,0.0153159573674202,-0.007754557300359,-0.0160397198051214,0.0013804661575704,0.0056278076954185,-0.0310984887182712,-0.0007719204295426,-0.0252607427537441,0.0260718874633312,-0.0037343651056289,-0.0007528875139541,0.0008124673040583,0.0146920094266533,0.0118448780849576,0.006682766135782,0.0131513923406601,0.0121703827753663,0.0072860149666666,0.0036436647642403,0.0095285810530185,-0.0141586270183324,0.0227388944476842,0.0053396630100905,-0.0219063144177198,0.0098901269957423,-0.0006684645195491,-0.0047152396291494,0.0169952418655157,-0.0255102310329675,0.0430774725973606,-0.0023691863752901,0.0094831427559256,0.0156734213318374,0.0098023542154186,0.0224166134172962,0.0104413831710135,0.0410060148251971,0.0373558425780682,0.0182248947656902,0.0520507302584214,-0.1006014328006807,0.1481214716112502,-0.0253325923859027,0.1473328354508614,2019-02-15,2019-02-19,2019-02-20,2019-02-21,2019-02-22,2019-02-25,2019-02-26,2019-02-27,2019-02-28,2019-03-01,93423.0,2019-02-14,252.0,-12.8073%,-0.0005,0.948,0.8393,0.2609,1.8101%,2.0939%,25.2719%,-0.129904,SIX,93423.0,2019-02-15,252.0,-0.2369%,-0.0006,0.9261,0.8179,0.223,1.8107%,2.0847%,24.5547%,-0.016532,SIX,93423.0,2019-02-19,252.0,1.8085%,-0.0006,0.9235,0.8339,0.2413,1.8096%,2.0817%,24.4337%,0.013185,SIX,93423.0,2019-02-20,252.0,0.6639%,-0.0006,0.923,0.8275,0.2381,1.8081%,2.0798%,24.4283%,0.001623,SIX,93423.0,2019-02-21,252.0,0.5169%,-0.0004,0.9075,0.7982,0.2096,1.7944%,2.0600%,24.1174%,0.009611,SIX,93423.0,2019-02-22,252.0,1.2946%,-0.0005,0.9069,0.7914,0.1966,1.7944%,2.0609%,24.1863%,0.005638,SIX,93423.0,2019-02-25,252.0,0.0175%,-0.0004,0.9047,0.7885,0.1869,1.7906%,2.0573%,24.2505%,0.001126,SIX,93423.0,2019-02-26,252.0,-1.1028%,-0.0004,0.8984,0.7996,0.1879,1.7892%,2.0537%,24.1010%,-0.004017,SIX,93423.0,2019-02-27,252.0,0.7965%,-0.0004,0.9021,0.795,0.1885,1.7889%,2.0543%,24.1689%,0.005762,SIX,93423.0,2019-02-28,252.0,-2.1774%,-0.0004,0.8987,0.792,0.1903,1.7907%,2.0522%,23.8614%,-0.018765,SIX,93423.0,2019-03-01,252.0,0.2872%,-0.0004,0.8981,0.7911,0.1916,1.7909%,2.0505%,23.7175%,-0.0052239999999999,SIX,-0.1464359999999999,-0.1332509999999999,-0.1316279999999999,-0.1163789999999999,-0.1374969999999999
29147,SIX FLAGS ENTERTAINMENT CORP,"Six Flags Entertainment Q4 GAAP EPS $0.93 vs $1.14 In Same Qtr. Last Year, Adj. EBITDA $95.422M vs $87.297M Year Over Year, Sales $269.503M Miss $284.23M Estimate",6,decrease,0.75,0.6,"the company reported lower gaap eps and missed sales estimates, which are likely to negatively impact investor sentiment and stock price.",0,2019-02-14,SIX,2019-02-14 11:11:00+00:00,93423.0,83001A10,-0.1280726492404938,11894618.0,-0.0023691863752901,0.0094831427559256,0.0180854555219411,0.0003162127686664,0.0066391341388225,0.0006328257732093,0.0051693567074835,0.0160745866596698,0.0129455495625734,0.010394662618637,0.0001751074305502,-0.024247208610177,-0.0110275000333786,-0.0015823147259652,0.0079646157100796,0.0105532435700297,-0.0217735152691602,0.0154245942831039,0.0028720130212605,0.0144951585680246,-0.0399140790104866,-0.0073577626608312,-0.0031692425254732,-0.0029344686772674,-0.0250607840716838,0.0088815940544009,-0.0153462346643209,0.0089611839503049,-0.0212351474910974,0.0134544102475047,-0.0047771031968295,-0.0091651268303394,-0.0154000092297792,-0.000998857547529,0.0343286320567131,-0.0048045213334262,0.0098193250596523,-0.0306728743016719,-0.0042784404940903,0.0048410398885607,-0.0123047083616256,-0.0036977417767047,-0.0116669991984963,0.0038734939880669,-0.0322128981351852,0.0177397839725017,0.0086831096559762,0.0119681051000952,-0.0252100750803947,-0.0009963695192709,-0.0170311462134122,0.0196410398930311,0.0357218869030475,0.0217993445694446,0.010739373974502,0.0334346294403076,-0.0049039204604923,-0.0017847309354692,0.0133469756692647,0.0071903234347701,0.00506585650146,0.0166301131248474,0.0080645475536584,0.0107130007818341,0.0009999847970902,0.0163318738341331,0.0003996095620095,0.0486220717430114,0.0033952863886952,-0.0309042148292064,-0.0011942947749048,-0.0287197157740593,0.0025906949304044,-0.0286177117377519,-0.001192633062601,-0.0303664561361074,0.0033830481115728,-0.0203453991562128,0.0041650715284049,-0.0113251889124512,0.0005925099248997,0.0069787208922207,0.0011843934189528,-0.0067624938674271,-0.0061120144091546,0.0130159640684723,0.0047609936445951,-0.0232519134879112,0.0183613076806068,0.0382076576352119,0.0153159573674202,-0.007754557300359,-0.0160397198051214,0.0013804661575704,0.0056278076954185,-0.0310984887182712,-0.0007719204295426,-0.0252607427537441,0.0260718874633312,-0.0037343651056289,-0.0007528875139541,0.0008124673040583,0.0146920094266533,0.0118448780849576,0.006682766135782,0.0131513923406601,0.0121703827753663,0.0072860149666666,0.0036436647642403,0.0095285810530185,-0.0141586270183324,0.0227388944476842,0.0053396630100905,-0.0219063144177198,0.0098901269957423,-0.0006684645195491,-0.0047152396291494,0.0169952418655157,-0.0255102310329675,0.0430774725973606,-0.0023691863752901,0.0094831427559256,0.0156734213318374,0.0098023542154186,0.0224166134172962,0.0104413831710135,0.0410060148251971,0.0373558425780682,0.0182248947656902,0.0520507302584214,-0.1006014328006807,0.1481214716112502,-0.0253325923859027,0.1473328354508614,2019-02-15,2019-02-19,2019-02-20,2019-02-21,2019-02-22,2019-02-25,2019-02-26,2019-02-27,2019-02-28,2019-03-01,93423.0,2019-02-14,252.0,-12.8073%,-0.0005,0.948,0.8393,0.2609,1.8101%,2.0939%,25.2719%,-0.129904,SIX,93423.0,2019-02-15,252.0,-0.2369%,-0.0006,0.9261,0.8179,0.223,1.8107%,2.0847%,24.5547%,-0.016532,SIX,93423.0,2019-02-19,252.0,1.8085%,-0.0006,0.9235,0.8339,0.2413,1.8096%,2.0817%,24.4337%,0.013185,SIX,93423.0,2019-02-20,252.0,0.6639%,-0.0006,0.923,0.8275,0.2381,1.8081%,2.0798%,24.4283%,0.001623,SIX,93423.0,2019-02-21,252.0,0.5169%,-0.0004,0.9075,0.7982,0.2096,1.7944%,2.0600%,24.1174%,0.009611,SIX,93423.0,2019-02-22,252.0,1.2946%,-0.0005,0.9069,0.7914,0.1966,1.7944%,2.0609%,24.1863%,0.005638,SIX,93423.0,2019-02-25,252.0,0.0175%,-0.0004,0.9047,0.7885,0.1869,1.7906%,2.0573%,24.2505%,0.001126,SIX,93423.0,2019-02-26,252.0,-1.1028%,-0.0004,0.8984,0.7996,0.1879,1.7892%,2.0537%,24.1010%,-0.004017,SIX,93423.0,2019-02-27,252.0,0.7965%,-0.0004,0.9021,0.795,0.1885,1.7889%,2.0543%,24.1689%,0.005762,SIX,93423.0,2019-02-28,252.0,-2.1774%,-0.0004,0.8987,0.792,0.1903,1.7907%,2.0522%,23.8614%,-0.018765,SIX,93423.0,2019-03-01,252.0,0.2872%,-0.0004,0.8981,0.7911,0.1916,1.7909%,2.0505%,23.7175%,-0.0052239999999999,SIX,-0.1464359999999999,-0.1332509999999999,-0.1316279999999999,-0.1163789999999999,-0.1374969999999999
29155,VANECK E T F TRUST,"Semiconductor Stocks (Via VanEck Vectors Semi ETF, Ticker 'SMH')Fall Over Last Few Mins; Report China Is Proposing To Raise US Semi Sales To China By $200B Over 6 Years",6,uncertain,0.6,0.3,"while the proposal to raise us semiconductor sales to china could indicate potential growth for the sector, the immediate decline in semiconductor stocks suggests market uncertainty and possible negative sentiment.",1,2019-02-14,SMH,2019-02-14 13:51:00+00:00,13132.0,92189F67,0.002948937471956,4402454.0,0.0050965822301805,0.0023648191709071,-0.0011701876064762,0.0222602654248476,0.0090793743729591,0.0043500284664332,-0.0061919447034597,-0.0027240139897912,0.0142133869230747,-0.0215202383697032,0.0091188037768006,0.0247850753366947,-0.006468185223639,0.005595070309937,-0.0102441329509019,0.0049070063978433,-0.0004836082807742,0.0127342725172638,0.0091938152909278,-0.0007242636056616,0.0004795076092705,0.0302707739174366,-0.0046966881491243,-0.0132520208135247,-0.0168528519570827,-0.018680952489376,-0.0108726909384131,0.0186080373823642,-0.0002971520007122,0.0588890202343463,0.021297687664628,-0.0039915801025927,0.0049466746859252,-0.0289620459079742,0.0040536453016102,0.0247131269425153,-0.0055753323249518,0.0123980855569243,0.0267762616276741,-0.0078678978607058,-0.002730191219598,0.0026666428893804,0.0115170506760478,-0.017145350575447,-0.0085860770195722,0.0082580931484699,0.0344535075128078,0.0103459814563393,-0.0285740233957767,0.0255561638623476,-0.0126463556662201,-0.005784960463643,0.0092978719621896,0.0193086583167314,-0.0145703656598925,0.0465875901281833,-0.0019078943878412,-0.0600545816123485,0.0162477735430002,0.0073327152058482,0.0246402248740196,0.0049510686658322,0.0008261034381575,0.0068397442810237,0.0232942122966051,0.0087709035724401,0.0010754177346825,0.0562006309628486,0.0075201787985861,-0.0264550801366567,0.0020436798222363,-0.0172535926103591,-0.0109071182087063,-0.0078444862738251,0.0080688679590821,-0.0433538183569908,-0.0009783048881217,0.0120266610756516,0.0140657154843211,-0.0094859981909394,-0.0071987295523285,-0.0155282085761427,0.0244053602218627,-0.0033550343941897,0.0147604588419199,0.0151615571230649,0.001446119393222,0.0049684988334774,-0.0007644947036169,0.0116162281483411,0.0080754589289426,-0.0379325039684772,0.0085167568176984,-0.0058754733763635,-0.0197324473410844,-0.0491619743406772,-0.0121972048655152,0.0175710283219814,-0.0052672536112368,0.0244599487632513,0.0091146100312471,-0.0094398353248834,-0.007655908819288,0.0264857783913612,0.0094486502930521,0.0015095901908352,0.0089308796450495,0.0199053939431905,-0.0160013381391763,-0.0014276000438258,-0.0228353887796402,0.0044120214879512,-0.0071700233966112,-0.0008815759792923,-0.0140870343893766,-0.0375477410852909,-0.0010852119885385,-0.0169951505959034,-0.0463516451418399,0.0316231288015842,0.0050965822301805,0.0023648191709071,0.0039204306663431,0.0246777260981809,0.0130354000970251,0.0291351033756281,0.0210722492933654,0.0042448215891919,0.0220523390650486,0.0524518902648341,0.0421444978511575,0.165559174231463,0.0324414183168322,0.1154049925316569,2019-02-15,2019-02-19,2019-02-20,2019-02-21,2019-02-22,2019-02-25,2019-02-26,2019-02-27,2019-02-28,2019-03-01,13132.0,2019-02-14,252.0,0.2949%,-0.0001,1.3301,0.2975,-0.2658,0.9933%,1.8057%,69.7377%,0.0025779999999999,SMH,13132.0,2019-02-15,252.0,0.5097%,-0.0002,1.3225,0.2897,-0.2795,0.9950%,1.8011%,69.4809%,-0.0095009999999999,SMH,13132.0,2019-02-19,252.0,-0.1170%,-0.0002,1.3232,0.2854,-0.2844,0.9948%,1.7994%,69.4354%,-0.003784,SMH,13132.0,2019-02-20,252.0,0.9079%,-0.0001,1.3256,0.292,-0.2755,0.9958%,1.8002%,69.4041%,0.007401,SMH,13132.0,2019-02-21,252.0,-0.6192%,-0.0003,1.3363,0.3135,-0.2559,0.9792%,1.7964%,70.2867%,-0.001817,SMH,13132.0,2019-02-22,252.0,1.4213%,-0.0002,1.3359,0.3228,-0.252,0.9783%,1.7972%,70.3718%,-5.7999999999999994e-05,SMH,13132.0,2019-02-25,252.0,0.9119%,-0.0002,1.3354,0.3185,-0.2563,0.9790%,1.7979%,70.3500%,0.007401,SMH,13132.0,2019-02-26,252.0,-0.6468%,-0.0002,1.3343,0.3238,-0.2544,0.9790%,1.7930%,70.1841%,-0.003239,SMH,13132.0,2019-02-27,252.0,-1.0244%,-0.0003,1.331,0.3261,-0.255,0.9811%,1.7897%,69.9483%,-0.0124649999999999,SMH,13132.0,2019-02-28,252.0,-0.0484%,-0.0003,1.3378,0.3309,-0.2508,0.9774%,1.7895%,70.1714%,0.0028399999999999,SMH,13132.0,2019-03-01,252.0,0.9194%,-0.0004,1.3421,0.3373,-0.2431,0.9762%,1.7897%,70.2494%,-0.0024909999999999,SMH,-0.0069229999999999,-0.010707,-0.003306,-0.005181,-0.013135
29163,STANDARD MOTOR PRODUCTS INC,"Standard Motor Products Q4 EPS $0.52 Misses $0.61 Estimate, Sales $246.97M Miss $247.45M Estimate",6,decrease,0.8,0.7,"the company reported lower-than-expected earnings per share and sales, which typically leads to a negative reaction in the stock price.",0,2019-02-14,SMP,2019-02-14 13:41:00+00:00,39220.0,85366610,-0.0569988712668418,344692.0,0.0165254957973957,0.0052621411159634,0.0154440589249134,0.0200795661658048,0.0262156799435615,0.0120724039152264,-0.0126754622906446,0.0,0.0013825733913108,0.0,-0.0201183520257473,-0.0089730955660343,-0.0040257801301777,-0.0055522262118756,0.0006062809261493,0.0249999910593032,-0.0042415489442646,0.0008136882679536,0.0152129819616675,0.0012220239732414,-0.008191805332899,0.0082135051488876,-0.0096696121618151,0.0041237268596887,-0.0262408647686243,-0.0243411604315042,-0.0068936292082071,-0.0058000180870294,0.0044173132628202,-0.0122481025755405,0.0154974171891808,0.0041658221744,-0.006805564276874,0.010220406576991,0.0047757378779351,0.0030151060782372,0.0008266359800472,-0.0036050530616194,-0.002684308681637,0.0097067654132843,0.0074534290470182,-0.0102081326767802,-0.0004110246081836,-0.0203921739012002,-0.0041118576191365,-0.0131579004228115,0.0115607222542166,0.0040800287388265,-0.0287755075842142,0.0263210292905569,-0.0004202659765724,0.0293514020740985,0.0117721538990736,0.0026754694990813,0.0114273680374026,0.0223017334938049,0.0078061022795736,-0.0054405131377279,0.0008152690716087,-0.0132149364799261,0.0016293652588501,0.0049803215079009,0.0113867707550525,0.0109083382412791,0.0162846315652132,0.0006296972860582,0.0201780516654253,0.0404018014669418,0.0106651009991765,-0.0226253494620323,0.0115119395777583,-0.0147213619202375,-0.0163126066327095,-0.0037712194025516,0.0163902509957552,-0.0018820608966052,0.0047429329715669,-0.0091172531247138,0.0152945881709456,-0.0122800301760435,-0.0035335433203727,-0.0101296594366431,-0.0091452347114682,-0.022767724469304,0.0188359394669532,0.0114136906340718,-0.0033277927432209,0.0060434979386627,-0.0276386886835098,0.0038422371726483,0.0116367917507886,-0.0202100351452827,0.0035829236730933,0.000594817509409,-0.0325065664947032,-0.0456007570028305,0.0036900101695209,0.0034175112377852,0.0021284946706146,-0.001137898187153,-0.0351419113576412,-0.0301636829972267,-0.038823340088129,0.0293449312448501,0.0149906566366553,-0.015654120594263,0.0365127958357334,0.0271821990609169,-0.0055412384681403,0.0017257938161492,-0.0346268974244594,0.0094851274043321,-0.0059780892916023,-0.0333083607256412,-0.004355099517852,-0.0063220555894076,0.0049989935941994,-0.0014853663742542,-0.0236269310116767,0.0057890079915523,0.0165254957973957,0.0052621411159634,0.0322247754531674,0.0254473687924801,0.0592852497962623,0.037826983622349,0.0473042954411349,0.037826983622349,0.0338772860332752,0.0505092370073521,0.0142532244912456,0.0650423648119402,-0.0268539356357795,-0.0367879969957233,2019-02-15,2019-02-19,2019-02-20,2019-02-21,2019-02-22,2019-02-25,2019-02-26,2019-02-27,2019-02-28,2019-03-01,39220.0,2019-02-14,252.0,-5.6999%,0.0003,0.7561,0.7603,0.5514,1.7397%,1.9173%,17.6697%,-0.056653,SMP,39220.0,2019-02-15,252.0,1.6525%,0.0003,0.7583,0.7626,0.5553,1.7398%,1.9174%,17.6644%,0.0033339999999999,SMP,39220.0,2019-02-19,252.0,1.5444%,0.0004,0.7606,0.7681,0.5613,1.7409%,1.9196%,17.7542%,0.010026,SMP,39220.0,2019-02-20,252.0,2.6216%,0.0004,0.7658,0.7789,0.5797,1.7451%,1.9261%,17.9080%,0.019894,SMP,39220.0,2019-02-21,252.0,-1.2675%,0.0001,0.7929,0.8322,0.6295,1.6894%,1.8894%,20.0579%,-0.008063,SMP,39220.0,2019-02-22,252.0,0.1383%,0.0002,0.792,0.8546,0.6386,1.6861%,1.8880%,20.2391%,0.000805,SMP,39220.0,2019-02-25,252.0,-2.0118%,0.0002,0.7891,0.8608,0.6313,1.6826%,1.8846%,20.2845%,-0.018035,SMP,39220.0,2019-02-26,252.0,-0.4026%,0.0002,0.7815,0.8619,0.6261,1.6814%,1.8809%,20.0910%,0.004729,SMP,39220.0,2019-02-27,252.0,0.0606%,0.0003,0.7918,0.8433,0.6278,1.6750%,1.8771%,20.3706%,-0.001083,SMP,39220.0,2019-02-28,252.0,-0.4242%,0.0004,0.7835,0.8376,0.622,1.6720%,1.8696%,20.0140%,-0.000486,SMP,39220.0,2019-03-01,252.0,1.5213%,0.0004,0.7783,0.8298,0.6097,1.6714%,1.8647%,19.6642%,0.009541,SMP,-0.053319,-0.043293,-0.023399,-0.030657,-0.035991
29171,SONOCO PRODUCTS CO,"Sonoco Products Q4 Base EPS $0.84 Beats $0.81 Estimate, Sales $1.356B Miss $1.36B Estimate",6,uncertain,0.6,0.2,"while the earnings per share (eps) beat estimates, the sales miss could create mixed reactions among investors, leading to uncertainty in the stock price movement.",1,2019-02-14,SON,2019-02-14 11:47:00+00:00,71176.0,83549510,-0.0100378580391407,1115299.0,-0.0207779258489608,0.0096361832693219,0.0178237855434417,0.0144951418042182,0.0065043261274695,0.0107325566932559,-0.0125931790098547,0.0008525018929503,0.0005034196656197,0.0015368878375738,-0.0060382527299225,0.005149383097887,-0.0060748676769435,0.0079584615305066,-0.0126517638564109,0.0039951284416019,0.0024242319632321,-0.0001737085112836,0.0044913133606314,0.0185742620378732,0.0120377801358699,-0.0033498313277959,-0.001189459580928,0.0245664846152067,-0.0081660356372594,0.0092981252819299,-0.0030874838121235,0.0020094409119337,0.003269140375778,-0.0106632951647043,0.0168067142367363,0.0087512005120515,-0.003373262938112,0.0007297409465536,-0.0023692569229751,0.0047663087025284,0.0045801606029272,0.0088773723691701,-0.0020263888873159,0.0065152356401085,0.0138747841119766,0.0054276795126497,-0.0058410963974893,-0.0072463653050363,-0.0038609961047768,-0.002039692364633,0.0156724005937576,0.0188928768038749,-0.0160942617803812,0.0105001758784055,0.0139966579154133,0.0075014308094978,0.0108098732307553,-0.0059272958897054,-0.0013161898823454,0.0153368460014462,0.0077429553493857,-0.0143513204529881,0.0058852480724453,-0.0163749810308218,0.0091012734919786,0.0098840612918138,-0.0099854879081249,-0.0054820585064589,0.0061818324029445,0.0132159059867262,0.003233642084524,0.0361182726919651,0.0016116404440253,-0.0294683910906314,-0.0008045543218031,-0.0198225975036621,-0.0035426313988864,-0.0174364428967237,0.0037168639246374,-0.0115511743351817,0.0056351386010646,-0.0007328859064728,0.0025616369675844,-0.0253571104258298,0.0001597275113454,-0.0016045668162405,-0.0220341850072145,0.0,-0.0048979469574987,0.0039377342909574,-0.0072190719656646,0.0057605705223977,-0.0036357198841869,-0.0096274008974432,0.016586497426033,-0.0054964781738817,0.0075052874162793,-0.0191304087638855,0.0090688485652208,-0.0094745783135294,0.0086662992835044,0.0088633699342608,0.0020684339106082,0.0110701294615864,0.0012702735839411,0.0035267283674329,-0.0055503058247268,0.00478384969756,0.0070164636708796,-0.0073865982703864,0.0137766441330313,0.0021148913074284,-0.0024991570971906,0.0090699298307299,-0.0087692039087414,-0.0049548535607755,-0.0028436067514121,-0.0045799212530255,-0.0003168687690049,-0.0123521070927381,0.0070209424011409,0.0093063879758119,-0.0099825868383049,0.0166012197732925,-0.0207779258489608,0.0096361832693219,-0.0033244815998885,0.0242710029164805,0.0031582210150504,0.0352640495245397,-0.008976080137207,0.0377390552155958,-0.0266353346448415,0.0750044534234744,0.0299419607041449,0.1437982151730081,0.0530197758609407,0.0847911452757952,2019-02-15,2019-02-19,2019-02-20,2019-02-21,2019-02-22,2019-02-25,2019-02-26,2019-02-27,2019-02-28,2019-03-01,71176.0,2019-02-14,252.0,-1.0038%,0.0008,0.5841,0.1232,0.2275,1.0083%,1.1634%,24.8872%,-0.0082899999999999,SON,71176.0,2019-02-15,252.0,-2.0778%,0.0007,0.563,0.101,0.189,1.0251%,1.1690%,23.0948%,-0.028877,SON,71176.0,2019-02-19,252.0,1.7824%,0.0009,0.5806,0.0899,0.175,0.9873%,1.1455%,25.7168%,0.015794,SON,71176.0,2019-02-20,252.0,0.6504%,0.0008,0.5795,0.0785,0.1689,0.9787%,1.1379%,26.0252%,0.004141,SON,71176.0,2019-02-21,252.0,-1.2593%,0.0008,0.5776,0.0722,0.1655,0.9781%,1.1363%,25.9135%,-0.0101059999999999,SON,71176.0,2019-02-22,252.0,0.0503%,0.0009,0.5774,0.0858,0.1752,0.9759%,1.1338%,25.9104%,-0.001316,SON,71176.0,2019-02-25,252.0,-0.6038%,0.0009,0.5769,0.0889,0.1749,0.9766%,1.1342%,25.8611%,-0.0064659999999999,SON,71176.0,2019-02-26,252.0,-0.6075%,0.0008,0.5743,0.0983,0.1777,0.9763%,1.1315%,25.5471%,-0.004106,SON,71176.0,2019-02-27,252.0,-1.2652%,0.0008,0.575,0.0929,0.1778,0.9803%,1.1345%,25.3442%,-0.013242,SON,71176.0,2019-02-28,252.0,0.2424%,0.0008,0.5739,0.0923,0.1761,0.9805%,1.1334%,25.1620%,0.004533,SON,71176.0,2019-03-01,252.0,0.4491%,0.0008,0.5701,0.0867,0.1703,0.9798%,1.1305%,24.8882%,0.0007059999999999,SON,-0.037167,-0.021373,-0.0172319999999999,-0.0286539999999999,-0.047229
29179,STAAR SURGICAL CO,UPDATE: Black Stork Research Issued Report 'Staar Surgical: Bausch And Lomb 2.0?',6,uncertain,0.6,0.3,"the report's comparison to bausch and lomb could generate mixed reactions among investors, leading to uncertainty in the stock price movement.",1,2019-02-14,STAA,2019-02-14 15:10:00+00:00,72304.0,85231230,-0.0429932475090026,1597451.0,0.0355416573584079,0.0082304319366812,0.0175728518515825,0.0282087437808513,-0.0099838841706514,0.0401994958519935,0.0054510976187884,0.0127786118537187,-0.0116562843322753,-0.0341561026871204,0.0416895374655723,-0.0213482677936554,-0.0452870242297649,-0.0066964752040803,0.0231660287827253,0.0042029009200632,-0.0080862333998084,-0.0011195330880582,0.1081521660089493,0.0296829603612422,-0.0380088090896606,0.0260201375931501,-0.0107060456648469,-0.0350927114486694,-0.0386498309671878,-0.0179321765899658,-0.0091128423810005,0.0441778339445591,-0.015147453173995,0.0136417280882597,0.0145564069971442,-0.0073594343848526,0.0067677316255867,-0.0338452383875846,0.0021511651575565,0.0188351646065712,-0.0346123129129409,0.0407116562128067,0.0166759956628084,0.0404769070446491,-0.0068343351595103,0.0330632217228412,0.0222955550998449,-0.0274274572730064,0.022078612819314,-0.0243001859635114,0.0379347316920757,-0.0027607409283518,-0.0439087115228176,0.0149439461529254,-0.0029200105927884,0.0364633500576019,-0.0063898209482431,0.0533650480210781,-0.0527867414057254,0.0578928664326667,0.0169731918722391,-0.1060752496123314,-0.0489569418132305,-0.0250704865902662,0.0005849797744303,0.0207933336496353,-0.0043846159242093,0.0103425886482,0.0143863139674067,-0.0051446896977722,-0.0057887341827154,0.075752355158329,0.0189228989183902,-0.0262714941054582,-0.0034285408910363,-0.0220685135573148,0.0097477100789546,-0.0667076036334037,0.0508233122527599,-0.0127466460689902,-0.0091867111623287,-0.0167113579809665,0.000545417482499,-0.0261552315205335,0.0016353604150936,-0.0507586263120174,-0.0160544253885746,-0.0002757397014647,-0.1117256879806519,0.0298210531473159,-0.0283312536776065,0.0268299262970686,-0.0403716228902339,0.0118029369041323,0.029382275417447,-0.053351953625679,0.0126499962061643,0.0107284327968955,0.0182575788348913,-0.1021546870470047,0.0333437398076057,0.0378848314285278,0.0048706196248531,0.0248044803738594,-0.0160557050257921,-0.0293116718530654,-0.0172413624823093,0.0321447476744651,-0.1181077808141708,0.0081699136644601,-0.1119005233049393,0.0079604974016547,0.0804000124335289,-0.0148728834465146,0.0181414205580949,0.018171802163124,-0.0072727547958493,-0.0023348189424723,-0.0014651651727035,-0.0995548218488693,-0.026045523583889,-0.0220125745981931,-0.0802259594202041,0.0090309716761112,0.0355416573584079,0.0082304319366812,0.0537390774893096,0.0366713458632401,0.0432186685935671,0.0783450113311501,0.0366790163336965,0.0548220381001025,0.1595109788341058,0.0590777854882129,-0.0278646362730927,0.1516766052141309,-0.305658181717067,-0.1030022181485774,2019-02-15,2019-02-19,2019-02-20,2019-02-21,2019-02-22,2019-02-25,2019-02-26,2019-02-27,2019-02-28,2019-03-01,72304.0,2019-02-14,252.0,-4.2993%,0.0029,1.4004,0.8208,-1.5928,3.1205%,3.8198%,33.2626%,-0.054028,STAA,72304.0,2019-02-15,252.0,3.5542%,0.0031,1.4309,0.8506,-1.5402,3.1212%,3.8249%,33.4087%,0.02521,STAA,72304.0,2019-02-19,252.0,1.7573%,0.0032,1.4449,0.8433,-1.5495,3.1143%,3.8252%,33.7160%,0.016908,STAA,72304.0,2019-02-20,252.0,-0.9984%,0.0032,1.4424,0.8382,-1.5584,3.1148%,3.8263%,33.7289%,-0.006162,STAA,72304.0,2019-02-21,252.0,0.5451%,0.0032,1.4419,0.8382,-1.5592,3.1149%,3.8260%,33.7142%,0.00769,STAA,72304.0,2019-02-22,252.0,-1.1656%,0.003,1.4505,0.7998,-1.4921,3.1291%,3.8260%,33.1107%,-0.0486599999999999,STAA,72304.0,2019-02-25,252.0,4.1690%,0.0032,1.4488,0.7805,-1.5084,3.1361%,3.8330%,33.0558%,0.038807,STAA,72304.0,2019-02-26,252.0,-4.5287%,0.003,1.4654,0.8286,-1.4716,3.1486%,3.8453%,32.9525%,-0.043052,STAA,72304.0,2019-02-27,252.0,2.3166%,0.003,1.4601,0.8425,-1.4724,3.1491%,3.8440%,32.8861%,0.018407,STAA,72304.0,2019-02-28,252.0,-0.8086%,0.003,1.4699,0.8489,-1.4629,3.1485%,3.8445%,32.9281%,-0.007509,STAA,72304.0,2019-03-01,252.0,10.8152%,0.0033,1.4861,0.8731,-1.4776,3.1948%,3.8979%,32.8228%,0.089166,STAA,-0.028818,-0.01191,-0.018072,-0.059042,0.036777
29187,STAAR SURGICAL CO,Staar Surgical Shares Tick Lower As Traders Circulate Word Of Negative Report From Black Stork Research,6,decrease,0.8,0.7,"the mention of a negative report from black stork research is likely to lead to decreased investor confidence, resulting in a decline in staar surgical's stock price.",0,2019-02-14,STAA,2019-02-14 15:08:00+00:00,72304.0,85231230,-0.0429932475090026,1597451.0,0.0355416573584079,0.0082304319366812,0.0175728518515825,0.0282087437808513,-0.0099838841706514,0.0401994958519935,0.0054510976187884,0.0127786118537187,-0.0116562843322753,-0.0341561026871204,0.0416895374655723,-0.0213482677936554,-0.0452870242297649,-0.0066964752040803,0.0231660287827253,0.0042029009200632,-0.0080862333998084,-0.0011195330880582,0.1081521660089493,0.0296829603612422,-0.0380088090896606,0.0260201375931501,-0.0107060456648469,-0.0350927114486694,-0.0386498309671878,-0.0179321765899658,-0.0091128423810005,0.0441778339445591,-0.015147453173995,0.0136417280882597,0.0145564069971442,-0.0073594343848526,0.0067677316255867,-0.0338452383875846,0.0021511651575565,0.0188351646065712,-0.0346123129129409,0.0407116562128067,0.0166759956628084,0.0404769070446491,-0.0068343351595103,0.0330632217228412,0.0222955550998449,-0.0274274572730064,0.022078612819314,-0.0243001859635114,0.0379347316920757,-0.0027607409283518,-0.0439087115228176,0.0149439461529254,-0.0029200105927884,0.0364633500576019,-0.0063898209482431,0.0533650480210781,-0.0527867414057254,0.0578928664326667,0.0169731918722391,-0.1060752496123314,-0.0489569418132305,-0.0250704865902662,0.0005849797744303,0.0207933336496353,-0.0043846159242093,0.0103425886482,0.0143863139674067,-0.0051446896977722,-0.0057887341827154,0.075752355158329,0.0189228989183902,-0.0262714941054582,-0.0034285408910363,-0.0220685135573148,0.0097477100789546,-0.0667076036334037,0.0508233122527599,-0.0127466460689902,-0.0091867111623287,-0.0167113579809665,0.000545417482499,-0.0261552315205335,0.0016353604150936,-0.0507586263120174,-0.0160544253885746,-0.0002757397014647,-0.1117256879806519,0.0298210531473159,-0.0283312536776065,0.0268299262970686,-0.0403716228902339,0.0118029369041323,0.029382275417447,-0.053351953625679,0.0126499962061643,0.0107284327968955,0.0182575788348913,-0.1021546870470047,0.0333437398076057,0.0378848314285278,0.0048706196248531,0.0248044803738594,-0.0160557050257921,-0.0293116718530654,-0.0172413624823093,0.0321447476744651,-0.1181077808141708,0.0081699136644601,-0.1119005233049393,0.0079604974016547,0.0804000124335289,-0.0148728834465146,0.0181414205580949,0.018171802163124,-0.0072727547958493,-0.0023348189424723,-0.0014651651727035,-0.0995548218488693,-0.026045523583889,-0.0220125745981931,-0.0802259594202041,0.0090309716761112,0.0355416573584079,0.0082304319366812,0.0537390774893096,0.0366713458632401,0.0432186685935671,0.0783450113311501,0.0366790163336965,0.0548220381001025,0.1595109788341058,0.0590777854882129,-0.0278646362730927,0.1516766052141309,-0.305658181717067,-0.1030022181485774,2019-02-15,2019-02-19,2019-02-20,2019-02-21,2019-02-22,2019-02-25,2019-02-26,2019-02-27,2019-02-28,2019-03-01,72304.0,2019-02-14,252.0,-4.2993%,0.0029,1.4004,0.8208,-1.5928,3.1205%,3.8198%,33.2626%,-0.054028,STAA,72304.0,2019-02-15,252.0,3.5542%,0.0031,1.4309,0.8506,-1.5402,3.1212%,3.8249%,33.4087%,0.02521,STAA,72304.0,2019-02-19,252.0,1.7573%,0.0032,1.4449,0.8433,-1.5495,3.1143%,3.8252%,33.7160%,0.016908,STAA,72304.0,2019-02-20,252.0,-0.9984%,0.0032,1.4424,0.8382,-1.5584,3.1148%,3.8263%,33.7289%,-0.006162,STAA,72304.0,2019-02-21,252.0,0.5451%,0.0032,1.4419,0.8382,-1.5592,3.1149%,3.8260%,33.7142%,0.00769,STAA,72304.0,2019-02-22,252.0,-1.1656%,0.003,1.4505,0.7998,-1.4921,3.1291%,3.8260%,33.1107%,-0.0486599999999999,STAA,72304.0,2019-02-25,252.0,4.1690%,0.0032,1.4488,0.7805,-1.5084,3.1361%,3.8330%,33.0558%,0.038807,STAA,72304.0,2019-02-26,252.0,-4.5287%,0.003,1.4654,0.8286,-1.4716,3.1486%,3.8453%,32.9525%,-0.043052,STAA,72304.0,2019-02-27,252.0,2.3166%,0.003,1.4601,0.8425,-1.4724,3.1491%,3.8440%,32.8861%,0.018407,STAA,72304.0,2019-02-28,252.0,-0.8086%,0.003,1.4699,0.8489,-1.4629,3.1485%,3.8445%,32.9281%,-0.007509,STAA,72304.0,2019-03-01,252.0,10.8152%,0.0033,1.4861,0.8731,-1.4776,3.1948%,3.8979%,32.8228%,0.089166,STAA,-0.028818,-0.01191,-0.018072,-0.059042,0.036777
29195,STEWART INFORMATION SVCS CORP,"Stewart Says 'We continue to work through the regulatory process with FNF to satisfy all of the regulatory conditions for merger closing, including those of the Federal Trade Commission, the Texas Department of Insurance and the New York State Department'",6,uncertain,0.6,0.3,"the news indicates ongoing regulatory processes, which could either delay the merger and negatively impact stock price or ultimately lead to a successful merger that could enhance value, creating uncertainty in the market.",1,2019-02-14,STC,2019-02-14 11:17:00+00:00,72980.0,86037210,-0.0177870281040668,220857.0,0.0047036865726113,0.0023154038935899,0.0016385696362704,0.0041850805282592,0.0,0.005846585612744,-0.0093480143696069,-0.0069670933298766,0.0184005368500948,0.0119859492406249,0.0055594556033611,0.0138193471357226,-0.0177378598600626,-0.0110743977129459,0.0037523417267948,-0.0543672554194927,0.0030374082271009,0.0096737975254654,0.0006987835513427,0.0093097146600484,-0.0037243913393467,0.0084726987406611,0.0014019012451171,-0.0004577811632771,-0.0044330945238471,-0.0034215676132589,-0.0037497035227715,0.0011417957721278,0.0042343051172792,-0.0018235244788229,0.0049192528240382,0.016214981675148,-0.0076923500746488,-0.0098623922094702,0.0016443433705717,-0.0009166112868115,0.003752359887585,-0.00840715598315,-0.0037647022400051,0.0057129799388349,0.0028341740835458,-0.0011413615429773,-0.0162505563348531,-0.0052225142717361,-0.0052669672295451,0.0103234862908721,0.0228640381246805,0.0213214587420225,0.0047059003263711,-0.0113504258915782,0.0004683947772718,0.028346799314022,0.0032771392725408,-0.0007140866364352,0.0135323842987418,0.0189182348549366,-0.003683237824589,-0.0088942050933837,-0.0136321661993861,0.0048308437690138,0.0274069346487522,0.0060753338038921,-0.0091199614107608,-0.0062786359339952,-0.0043718046508729,-0.0067162099294364,0.0050843823701143,0.0210628639906644,0.003219116711989,-0.0144822224974632,-0.002521215006709,0.0420020632445812,-0.0052849156782031,-0.0005027767037972,0.0145529508590698,-0.0254777297377586,0.0009107677033171,-0.0007343642646446,0.0022748473566025,-0.0077726431190967,-0.0013618104858323,-0.0057957419194281,0.0068181646056473,0.001693267840892,-0.0092550758272409,0.0060401251539587,-0.0013669984182342,-0.0004829861863981,-0.004334985744208,0.0085240732878446,0.0096242437139153,-0.0122684221714735,-0.0054471553303301,0.0080018918961286,-0.0248744897544384,-0.0166904386132955,-0.0035103606060147,-0.0028531323187053,0.0,0.0062201470136642,-0.0016440466279163,-0.005235631018877,0.0068219462409615,0.0152210937812924,-0.0086448350921273,-0.0100454911589622,0.0082488441839814,0.0130845867097377,0.0084151616320014,-0.0088856611400842,-0.0122855538502335,0.0106795784085989,-0.0100915348157286,-0.006750211585313,-0.0018966768402606,-0.0002410734159639,0.0066508930176496,-0.0007225139415822,-0.0106182340532541,0.0080116977915167,0.0047036865726113,0.0023154038935899,0.0063499635268782,0.0065101745735993,0.0063499635268782,0.0123948224793419,0.0152868684644675,0.0173913439338921,0.0103480371706676,-0.017029973976441,0.0110851199113539,0.0456521570916943,-0.0069149494197591,0.0586101780973769,2019-02-15,2019-02-19,2019-02-20,2019-02-21,2019-02-22,2019-02-25,2019-02-26,2019-02-27,2019-02-28,2019-03-01,72980.0,2019-02-14,252.0,-1.7787%,0.0002,0.4887,0.2076,0.268,0.9903%,1.1021%,19.2595%,-0.016507,STC,72980.0,2019-02-15,252.0,0.4704%,0.0002,0.4842,0.2032,0.2602,0.9903%,1.0997%,18.9099%,-0.002724,STC,72980.0,2019-02-19,252.0,0.1639%,0.0002,0.4869,0.1986,0.2547,0.9885%,1.0992%,19.1208%,-0.000751,STC,72980.0,2019-02-20,252.0,0.0000%,0.0002,0.486,0.1964,0.2515,0.9887%,1.0991%,19.0830%,-0.002863,STC,72980.0,2019-02-21,252.0,-0.9348%,0.0002,0.4849,0.1927,0.2496,0.9886%,1.0983%,18.9764%,-0.006934,STC,72980.0,2019-02-22,252.0,1.8401%,0.0003,0.4822,0.2006,0.2246,0.9945%,1.1040%,18.8655%,0.017759,STC,72980.0,2019-02-25,252.0,0.5559%,0.0003,0.4833,0.199,0.2277,0.9933%,1.1032%,18.9311%,0.005662,STC,72980.0,2019-02-26,252.0,-1.7738%,0.0002,0.491,0.2128,0.2405,0.9968%,1.1091%,19.2250%,-0.015039,STC,72980.0,2019-02-27,252.0,0.3752%,0.0003,0.4916,0.2126,0.2406,0.9969%,1.1091%,19.2089%,0.003095,STC,72980.0,2019-02-28,252.0,0.3037%,0.0003,0.4852,0.2084,0.2349,0.9953%,1.1044%,18.7703%,0.00502,STC,72980.0,2019-03-01,252.0,0.0699%,0.0003,0.4789,0.199,0.2264,0.9937%,1.0996%,18.3215%,-0.00255,STC,-0.019231,-0.019982,-0.022845,-0.01202,-0.015832
29203,STEWART INFORMATION SVCS CORP,"Stewart Information Q4 GAAP EPS $0.48 vs $0.64 In Same Qtr. Last Year, Sales $469.934M Miss $538.6M Estimate",6,decrease,0.8,0.7,"the company reported lower earnings per share and sales that missed estimates, which typically leads to a negative reaction in stock prices.",0,2019-02-14,STC,2019-02-14 11:17:00+00:00,72980.0,86037210,-0.0177870281040668,220857.0,0.0047036865726113,0.0023154038935899,0.0016385696362704,0.0041850805282592,0.0,0.005846585612744,-0.0093480143696069,-0.0069670933298766,0.0184005368500948,0.0119859492406249,0.0055594556033611,0.0138193471357226,-0.0177378598600626,-0.0110743977129459,0.0037523417267948,-0.0543672554194927,0.0030374082271009,0.0096737975254654,0.0006987835513427,0.0093097146600484,-0.0037243913393467,0.0084726987406611,0.0014019012451171,-0.0004577811632771,-0.0044330945238471,-0.0034215676132589,-0.0037497035227715,0.0011417957721278,0.0042343051172792,-0.0018235244788229,0.0049192528240382,0.016214981675148,-0.0076923500746488,-0.0098623922094702,0.0016443433705717,-0.0009166112868115,0.003752359887585,-0.00840715598315,-0.0037647022400051,0.0057129799388349,0.0028341740835458,-0.0011413615429773,-0.0162505563348531,-0.0052225142717361,-0.0052669672295451,0.0103234862908721,0.0228640381246805,0.0213214587420225,0.0047059003263711,-0.0113504258915782,0.0004683947772718,0.028346799314022,0.0032771392725408,-0.0007140866364352,0.0135323842987418,0.0189182348549366,-0.003683237824589,-0.0088942050933837,-0.0136321661993861,0.0048308437690138,0.0274069346487522,0.0060753338038921,-0.0091199614107608,-0.0062786359339952,-0.0043718046508729,-0.0067162099294364,0.0050843823701143,0.0210628639906644,0.003219116711989,-0.0144822224974632,-0.002521215006709,0.0420020632445812,-0.0052849156782031,-0.0005027767037972,0.0145529508590698,-0.0254777297377586,0.0009107677033171,-0.0007343642646446,0.0022748473566025,-0.0077726431190967,-0.0013618104858323,-0.0057957419194281,0.0068181646056473,0.001693267840892,-0.0092550758272409,0.0060401251539587,-0.0013669984182342,-0.0004829861863981,-0.004334985744208,0.0085240732878446,0.0096242437139153,-0.0122684221714735,-0.0054471553303301,0.0080018918961286,-0.0248744897544384,-0.0166904386132955,-0.0035103606060147,-0.0028531323187053,0.0,0.0062201470136642,-0.0016440466279163,-0.005235631018877,0.0068219462409615,0.0152210937812924,-0.0086448350921273,-0.0100454911589622,0.0082488441839814,0.0130845867097377,0.0084151616320014,-0.0088856611400842,-0.0122855538502335,0.0106795784085989,-0.0100915348157286,-0.006750211585313,-0.0018966768402606,-0.0002410734159639,0.0066508930176496,-0.0007225139415822,-0.0106182340532541,0.0080116977915167,0.0047036865726113,0.0023154038935899,0.0063499635268782,0.0065101745735993,0.0063499635268782,0.0123948224793419,0.0152868684644675,0.0173913439338921,0.0103480371706676,-0.017029973976441,0.0110851199113539,0.0456521570916943,-0.0069149494197591,0.0586101780973769,2019-02-15,2019-02-19,2019-02-20,2019-02-21,2019-02-22,2019-02-25,2019-02-26,2019-02-27,2019-02-28,2019-03-01,72980.0,2019-02-14,252.0,-1.7787%,0.0002,0.4887,0.2076,0.268,0.9903%,1.1021%,19.2595%,-0.016507,STC,72980.0,2019-02-15,252.0,0.4704%,0.0002,0.4842,0.2032,0.2602,0.9903%,1.0997%,18.9099%,-0.002724,STC,72980.0,2019-02-19,252.0,0.1639%,0.0002,0.4869,0.1986,0.2547,0.9885%,1.0992%,19.1208%,-0.000751,STC,72980.0,2019-02-20,252.0,0.0000%,0.0002,0.486,0.1964,0.2515,0.9887%,1.0991%,19.0830%,-0.002863,STC,72980.0,2019-02-21,252.0,-0.9348%,0.0002,0.4849,0.1927,0.2496,0.9886%,1.0983%,18.9764%,-0.006934,STC,72980.0,2019-02-22,252.0,1.8401%,0.0003,0.4822,0.2006,0.2246,0.9945%,1.1040%,18.8655%,0.017759,STC,72980.0,2019-02-25,252.0,0.5559%,0.0003,0.4833,0.199,0.2277,0.9933%,1.1032%,18.9311%,0.005662,STC,72980.0,2019-02-26,252.0,-1.7738%,0.0002,0.491,0.2128,0.2405,0.9968%,1.1091%,19.2250%,-0.015039,STC,72980.0,2019-02-27,252.0,0.3752%,0.0003,0.4916,0.2126,0.2406,0.9969%,1.1091%,19.2089%,0.003095,STC,72980.0,2019-02-28,252.0,0.3037%,0.0003,0.4852,0.2084,0.2349,0.9953%,1.1044%,18.7703%,0.00502,STC,72980.0,2019-03-01,252.0,0.0699%,0.0003,0.4789,0.199,0.2264,0.9937%,1.0996%,18.3215%,-0.00255,STC,-0.019231,-0.019982,-0.022845,-0.01202,-0.015832
29211,STEEL DYNAMICS INC,Steel Dynamics Raises Qtr. Dividend From $0.1875 To $0.24/Share,6,increase,0.8,0.6,"raising the quarterly dividend typically signals financial strength and can attract investors, likely leading to an increase in stock price.",2,2019-02-14,STLD,2019-02-14 13:02:00+00:00,84262.0,85811910,-0.0035240191500633,2000816.0,0.008977198973298,-0.0029729895759373,0.0045833964832127,0.0220994260162115,0.0477724820375442,0.0123043190687894,-0.0115266581997275,-0.0066667133942246,0.0121793523430824,-0.0259740017354488,-0.005376418121159,0.0029850914143025,-0.0136421825736761,-0.0175953041762113,-0.0096555044874548,0.0096903573721647,-0.0166008174419403,0.015304765664041,0.0147373862564563,-0.0073250257410109,0.0026406731922179,0.0270270612090826,-0.0068475673906505,0.0095639992505311,-0.0283744297921657,0.0031038548331707,-0.0166484881192445,0.0210313908755779,-0.0380238406360149,-0.0031591216102242,0.0291401706635952,-0.0025780622381716,0.0190636478364467,0.0177842751145362,0.0041265897452831,0.020226065069437,-0.037808246910572,0.0080959657207131,0.0,0.0176990535110235,-0.0048404945991933,-0.0075711687095463,0.0145922265946865,-0.0140340756624937,-0.0078961867839097,0.002694615162909,0.0176236201077699,0.0090635363012552,-0.0511172637343406,0.0051624099723994,0.0017661923775449,0.0332601033151149,0.0052894596010446,0.0104629015550017,0.0125694330781698,0.052737046033144,0.0077944220975041,-0.0160920079797506,0.0173060949891805,0.0136484634131193,0.0113410176709294,0.0056913313455879,-0.0078496998175978,0.0032543977722525,0.0011302886996418,-0.0053121428936719,-0.0056449552066624,0.0368331037461757,0.0164632946252822,-0.0355246216058731,0.0008377206977456,0.0009970318060368,-0.0323660671710968,-0.0284145679324865,-0.0002884122368413,-0.0285445377230644,-0.0250937119126319,0.015610059723258,0.0020709969103336,-0.0251553207635879,-0.0062001501210033,-0.0055589964613318,0.0118835866451263,0.011875033378601,0.0029359504114836,0.023672416806221,-0.0058548231609165,-0.0172901358455419,-0.0494699738919735,-0.0154751436784863,0.0167286526411771,-0.0250452030450105,-0.0103595415130257,-0.0455069653689861,-0.0274014603346586,-0.0269058030098676,-0.0003165631205774,0.0136363506317138,0.0126662319526076,0.0062893433496356,-0.0093808397650718,-0.0019971383735537,-0.0059974915347993,0.0403680801391601,0.0076214601285755,-0.0894594937562942,0.0431767702102661,-0.0117521006613969,-0.0154078053310513,-0.0270270518958568,-0.0122737502679228,0.013698642142117,0.0133581962436437,-0.0450314693152904,-0.0061312313191592,0.0015117503935471,-0.0003083998162765,-0.0077500343322753,-0.0459734573960304,0.0193679481744766,0.008977198973298,-0.0029729895759373,0.0136017415187141,0.0190607350770937,0.0620240125086404,0.0315995835119573,0.0625680947507483,-0.0018939315734759,0.0301958847808216,0.0008138575739919,-0.0338913043399372,0.2280292393723286,-0.1530456329004108,-0.0539866494238419,2019-02-15,2019-02-19,2019-02-20,2019-02-21,2019-02-22,2019-02-25,2019-02-26,2019-02-27,2019-02-28,2019-03-01,84262.0,2019-02-14,252.0,-0.3524%,-0.0005,1.2528,0.4144,0.7764,1.5573%,1.9802%,38.1491%,0.001367,STLD,84262.0,2019-02-15,252.0,0.8977%,-0.0006,1.2301,0.393,0.7382,1.5533%,1.9618%,37.3147%,-0.010043,STLD,84262.0,2019-02-19,252.0,0.4583%,-0.0006,1.2305,0.3919,0.737,1.5532%,1.9614%,37.2916%,-0.001208,STLD,84262.0,2019-02-20,252.0,4.7772%,-0.0007,1.2377,0.3878,0.757,1.5482%,1.9612%,37.6865%,0.040419,STLD,84262.0,2019-02-21,252.0,-1.1527%,-0.0007,1.2389,0.3893,0.7593,1.5484%,1.9614%,37.6758%,-0.0050349999999999,STLD,84262.0,2019-02-22,252.0,1.2179%,-0.0006,1.2362,0.4109,0.7467,1.5483%,1.9610%,37.6588%,0.013047,STLD,84262.0,2019-02-25,252.0,-0.5376%,-0.0006,1.2362,0.4131,0.7481,1.5486%,1.9612%,37.6511%,-0.004918,STLD,84262.0,2019-02-26,252.0,-1.3642%,-0.0005,1.2537,0.4046,0.7569,1.5396%,1.9618%,38.4097%,-0.006652,STLD,84262.0,2019-02-27,252.0,-0.9656%,-0.0005,1.2532,0.4025,0.7568,1.5410%,1.9611%,38.2589%,-0.010744,STLD,84262.0,2019-02-28,252.0,-1.6601%,-0.0006,1.2586,0.4058,0.7631,1.5419%,1.9627%,38.2853%,-0.011004,STLD,84262.0,2019-03-01,252.0,1.4737%,-0.0006,1.2555,0.4012,0.7546,1.5419%,1.9583%,38.0053%,0.007461,STLD,-0.008676,-0.009884,0.030535,0.038547,0.01269
29219,SCORPIO TANKERS INC,"Scorpio Tankers Q4 EPS $(0.38) Beats $(0.59) Estimate, Vessel Sales $167.525M Beat $157.22M Estimate",6,increase,0.75,0.6,"the company reported better-than-expected earnings per share and vessel sales, which typically signals positive performance and can lead to an increase in stock price.",2,2019-02-14,STNG,2019-02-14 11:18:00+00:00,93299.0,Y7542C13,0.0880044400691986,1987063.0,0.0195977874100208,0.0494117736816406,0.0091047193855047,0.0480888225138187,-0.014035121537745,0.040410466492176,-0.0055923033505678,-0.0274485666304826,-0.006646174006164,-0.0503553636372089,0.0036026604939252,-0.0564561337232589,0.0071794558316469,-0.0293001029640436,-0.0478614382445812,-0.0027055863756686,-0.0155080696567893,-0.0133475707843899,0.0010863909265026,-0.0497209317982196,0.0179055836051702,-0.0179372504353523,-0.0165244918316602,-0.0118168275803327,-0.0493224821984767,-0.0058737560175359,-0.0205245483666658,0.01138611510396,-0.0116414874792099,0.0160966608673334,0.0441696122288703,-0.007488842587918,0.0174845457077026,-0.0484559908509254,-0.0061315833590924,0.0631315186619758,-0.0140213128179311,0.0312500335276126,0.0574516616761684,-0.0351759046316146,0.0295857582241296,0.0257731713354587,0.0073145925998687,-0.0202020015567541,0.0103733846917748,-0.0149253588169813,0.0015400763368234,-0.0049504903145134,-0.0348539352416992,-0.009803912602365,0.0090281507000327,0.0,0.0268421173095703,0.0199999809265136,-0.0087134838104248,0.0362694598734378,0.0227508023381233,0.0320855304598808,0.0030333399772644,0.0625000074505806,-0.0136088943108916,-0.0382513925433158,0.001021995791234,-0.010810799896717,-0.0096988528966903,0.0,0.0010309515055269,0.0511363819241523,0.0041194604709744,0.0538922362029552,0.0446154288947582,0.0569619685411453,-0.0171821489930152,-0.0481927245855331,0.0739260464906692,0.0,0.1032557785511017,-0.0404624566435813,0.0147554967552423,-0.0846560671925544,0.0083091305568814,-0.050251267850399,-0.0152451926842331,-0.0613206997513771,0.0405858270823955,0.0495049022138118,-0.0398070625960826,-0.0146341323852539,0.007118931505829,0.0049019563011825,0.0374221019446849,0.0303030014038085,0.0160320475697517,-0.0198019612580537,0.0098619330674409,-0.014563089236617,-0.0007812678813934,-0.0048309136182069,0.0347927846014499,-0.023584883660078,-0.0260671954602003,0.0192307513207197,0.0069820946082472,0.0505050010979175,0.0716487169265747,0.0421052873134613,-0.0032350881956517,0.1176470145583153,-0.0039667761884629,0.0,-0.0123099256306886,0.0493827424943447,-0.027492668479681,-0.0742857083678245,0.0045231408439576,-0.0168539173901081,0.0345215797424316,-0.0111111011356115,-0.0540442429482936,0.0112359449267387,0.0195977874100208,0.0494117736816406,0.0288809391504705,0.0998767502101287,0.0144404701216245,0.1443232827700187,0.0020629675344865,0.0568720975512626,-0.0495100095190725,-0.0948756459558275,0.0289113814575108,0.0136366235857707,0.3525205879899484,0.0072090858893787,2019-02-15,2019-02-19,2019-02-20,2019-02-21,2019-02-22,2019-02-25,2019-02-26,2019-02-27,2019-02-28,2019-03-01,93299.0,2019-02-14,252.0,8.8004%,-0.0002,1.4037,1.5934,0.673,3.2393%,3.6070%,19.3500%,0.087083,STNG,93299.0,2019-02-15,252.0,1.9598%,-0.0003,1.3965,1.5865,0.6609,3.2392%,3.6026%,19.1579%,-0.003578,STNG,93299.0,2019-02-19,252.0,0.9105%,-0.0003,1.3906,1.5949,0.6708,3.2370%,3.5983%,19.0763%,-0.0002319999999999,STNG,93299.0,2019-02-20,252.0,-1.4035%,-0.0002,1.39,1.6215,0.6761,3.2153%,3.5816%,19.4077%,-0.023976,STNG,93299.0,2019-02-21,252.0,-0.5592%,-0.0003,1.4,1.6424,0.6944,3.2101%,3.5809%,19.6372%,0.002141,STNG,93299.0,2019-02-22,252.0,-0.6646%,-0.0003,1.4014,1.6563,0.7242,3.2103%,3.5810%,19.6308%,-0.014671,STNG,93299.0,2019-02-25,252.0,0.3603%,-0.0003,1.4036,1.6549,0.7317,3.2084%,3.5795%,19.6599%,0.007011,STNG,93299.0,2019-02-26,252.0,0.7179%,-0.0002,1.4049,1.6222,0.7161,3.2109%,3.5796%,19.5423%,0.022331,STNG,93299.0,2019-02-27,252.0,-4.7861%,-0.0005,1.3956,1.6236,0.7144,3.2250%,3.5887%,19.2447%,-0.0514489999999999,STNG,93299.0,2019-02-28,252.0,-1.5508%,-0.0005,1.4021,1.6278,0.7213,3.2250%,3.5892%,19.2634%,-0.00982,STNG,93299.0,2019-03-01,252.0,0.1086%,-0.0005,1.3826,1.5987,0.6959,3.2206%,3.5735%,18.7731%,-0.010934,STNG,0.083505,0.083273,0.059297,0.046767,0.003906
29227,SUNCOR ENERGY INC NEW,13F From Warren Buffett's Berkshire Hathaway Shows New Stake In Suncor Energy,6,increase,0.8,0.6,"warren buffett's berkshire hathaway acquiring a stake in suncor energy is likely to boost investor confidence and interest, potentially driving the stock price higher.",2,2019-02-14,SU,2019-02-14 21:14:00+00:00,80070.0,86722410,0.0064934780821204,3257340.0,0.0411674417555332,-0.0058407206088304,0.0153437731787562,0.0064974962733685,-0.0031967628747224,0.0024813278578221,-0.0058309263549745,-0.0113461799919605,0.0026393008884042,-0.0174750834703445,-0.0070195342414081,0.0015087277861312,0.0047128084115684,0.0015110074309632,0.0149515774101018,0.0212962534278631,-0.0046216016635298,0.0024753042962402,0.0017124686855822,0.0018599310424178,-0.0084795588627457,0.0068663358688354,0.0041285576298832,0.0065975808538496,-0.0120411114767193,-0.0059338081628084,-0.0095124766230583,0.0104133766144514,-0.020408172160387,0.0183161851018667,0.0119485110044479,-0.0133164254948496,0.0051468964666128,-0.0143749713897705,0.0126505466178059,0.0223642420023679,0.0002975055540446,0.0182172898203134,0.0038655144162476,-0.0141116268932819,0.0159952882677316,0.0206219665706157,0.0014577037654817,0.0042734765447676,0.011062623001635,-0.0084745837375521,-0.0046069636009633,-0.0006514806882478,-0.0266126170754432,0.0267558917403221,-0.0199109055101871,0.0067339679226279,0.0090963989496231,0.012960473075509,-0.0252403896301984,0.0397162735462188,0.0003083272604271,-0.0024761122185736,-0.0006163468933664,0.0107258185744285,0.015726126730442,0.0097472397610545,0.0,0.0047153090126812,-0.0100181549787521,-0.0010869813850149,0.0042931428179144,0.0542398802936077,0.0149618834257125,-0.0205761026591062,0.0114319268614053,-0.0294118132442235,-0.0148721002042293,-0.0340231247246265,-0.0006038785795681,-0.0145178036764264,-0.0081569990143179,-0.0078875012695789,0.0109654823318123,-0.0145319467410445,-0.0063271797262132,-0.0352135598659515,-0.0027289313729852,-0.0100064389407634,0.0106416018679738,0.0157376900315284,-0.0015043035382404,-0.021180996671319,0.0231997743248939,-0.0111075965687632,0.0067726606503129,0.0240493901073932,-0.0374378114938736,-0.0420298427343368,0.0063810115680098,-0.0113882031291723,-0.0045289164409041,0.0061938916333019,0.0048528918996453,-0.0072828754782676,-0.0039239679463207,0.0076804915443062,-0.014242460951209,-0.0006140760960988,-0.0267445109784603,0.0003070737584494,0.023057471960783,-0.0036719378549605,-0.0095707802101969,-0.0273808985948562,-0.0065461653284728,0.0444513633847236,0.0216504707932472,-0.0189082864671945,-0.0067567941732704,-0.0123493922874331,-0.0132962372153997,-0.0095465304329991,-0.0153556810691952,0.0032924457918852,0.0411674417555332,-0.0058407206088304,0.057142878822936,0.0006188256041483,0.0537634437146377,0.0031016889711812,0.0503840085065958,-0.0256100786549582,0.0604919080626593,0.00247990862938,0.0056067878567169,0.1562388621472299,-0.0257118366067936,-0.0238988251490394,2019-02-15,2019-02-19,2019-02-20,2019-02-21,2019-02-22,2019-02-25,2019-02-26,2019-02-27,2019-02-28,2019-03-01,80070.0,2019-02-14,252.0,0.6493%,0.0001,0.9409,0.2807,0.5332,1.3751%,1.6547%,30.9464%,0.0100679999999999,SU,80070.0,2019-02-15,252.0,4.1167%,0.0002,0.9615,0.3021,0.5705,1.3852%,1.6723%,31.3866%,0.027174,SU,80070.0,2019-02-19,252.0,1.5344%,0.0003,0.9664,0.3048,0.5732,1.3858%,1.6750%,31.5525%,0.010829,SU,80070.0,2019-02-20,252.0,-0.3197%,0.0002,0.9625,0.2902,0.5578,1.3842%,1.6720%,31.4632%,-0.0089559999999999,SU,80070.0,2019-02-21,252.0,-0.5831%,0.0002,0.967,0.2992,0.5661,1.3822%,1.6723%,31.6870%,-0.000884,SU,80070.0,2019-02-22,252.0,0.2639%,0.0003,0.9653,0.3344,0.5776,1.3728%,1.6644%,31.9665%,0.00293,SU,80070.0,2019-02-25,252.0,-0.7020%,0.0002,0.9662,0.3387,0.5833,1.3726%,1.6646%,32.0051%,-0.006658,SU,80070.0,2019-02-26,252.0,0.4713%,0.0003,0.9637,0.3272,0.5756,1.3741%,1.6626%,31.7009%,0.0102519999999999,SU,80070.0,2019-02-27,252.0,1.4952%,0.0003,0.9634,0.3319,0.5756,1.3768%,1.6640%,31.5403%,0.014053,SU,80070.0,2019-02-28,252.0,-0.4622%,0.0003,0.96,0.3295,0.5733,1.3761%,1.6600%,31.2714%,-0.000363,SU,80070.0,2019-03-01,252.0,0.1712%,0.0004,0.9453,0.3076,0.5525,1.3689%,1.6440%,30.6714%,-0.003952,SU,0.037242,0.0480709999999999,0.039115,0.0411609999999999,0.054493
29235,SILVERCORP METALS INC,"Silvercorp Metals Inc. Q3 EPS $0.05 Beats $0.04 Estimate, Sales $42.4M Beat $35M Estimate",6,increase,0.8,0.6,"the company reported better-than-expected earnings and sales, which typically boosts investor confidence and can lead to an increase in stock price.",2,2019-02-14,SVM,2019-02-14 21:32:00+00:00,92893.0,82835P10,0.0089285625144839,231382.0,0.0575221739709377,-0.0260869320482015,0.0543932504951953,0.0132158463820815,0.0198412518948316,0.0,0.0233463738113641,0.0133928442373871,0.0304182209074497,0.0181818008422851,-0.0073800664395093,-0.0717298910021781,-0.014869874343276,0.0259740017354488,0.0,0.0,-0.0264151580631732,-0.0085836835205554,-0.0155038619413971,0.0355555228888988,0.0,0.0135135008022189,0.0354331322014331,0.0373831391334533,-0.0570342540740966,0.0046948310919106,0.0161290168762207,0.024038553237915,0.0476190969347953,0.0097087286412715,-0.0113637149333953,0.0147783113643527,0.0421456471085548,0.0149999856948852,0.0073529342189431,-0.0243902206420898,-0.0547445602715015,-0.0238095019012689,0.0038610002957284,-0.0277778599411249,-0.0230769012123346,-0.0181818008422851,0.0078740082681179,-0.0178571250289678,0.0156249850988388,-0.0088495491072535,0.0,-0.0258620455861091,0.0461538955569267,-0.0042918417602777,-0.0073529342189431,0.0448430068790912,0.0,0.0,0.0148148005828261,-0.0304347537457943,-0.0620438233017921,0.040723942220211,-0.0077820941805839,0.0523810200393199,-0.015686260536313,0.0144927399232983,-0.0119521794840693,0.0097560882568359,-0.0282257795333862,0.0,0.0622406005859375,0.0,-0.0078124925494194,0.0353535003960132,-0.0078740082681179,-0.0341463088989257,0.0238095019012689,0.0846560671925544,-0.023255793377757,-0.0550000071525573,-0.0158730000257492,0.0152284121140837,-0.0282257795333862,-0.0247524511069059,0.0290456153452396,-0.042653989046812,-0.0403225421905517,0.0497511960566043,-0.0042017768137156,0.0468750186264514,-0.0337552428245544,-0.0447761379182338,-0.034934464842081,0.0,-0.0045248824171721,0.0307692009955644,0.0181818008422851,0.0051546338945627,-0.0044642812572419,-0.0443349331617355,0.0246637072414159,0.0410256013274192,0.0021881295833736,0.0051546338945627,-0.0218340400606393,-0.0102040721103549,-0.0133928442373871,0.0425532162189483,-0.0226244125515222,0.0066489363089203,0.0138888750225305,-0.0208333134651184,-0.0182648226618766,-0.0351759046316146,0.0325581058859825,0.015306107699871,-0.0135135008022189,-0.0199999809265136,-0.0182648226618766,-0.0099009806290268,-0.0023256344720721,0.0358974002301693,0.0256410576403141,0.0372340716421604,0.0575221739709377,-0.0260869320482015,0.1150442424839626,-0.0132158465526488,0.1371681161729687,-0.0132158465526488,0.1991150648670838,0.0181818007510494,0.1238937915457265,-0.0044444372689335,0.1283185680489535,0.0666667252683943,-0.0265486470638871,0.1994115171846249,2019-02-15,2019-02-19,2019-02-20,2019-02-21,2019-02-22,2019-02-25,2019-02-26,2019-02-27,2019-02-28,2019-03-01,92893.0,2019-02-14,252.0,0.8929%,-0.0002,0.4919,0.5099,0.3701,2.5987%,2.6516%,3.9467%,0.009408,SVM,92893.0,2019-02-15,252.0,5.7522%,-0.0001,0.5012,0.5236,0.3922,2.6111%,2.6654%,4.0301%,0.048813,SVM,92893.0,2019-02-19,252.0,5.4393%,0.0002,0.5207,0.5421,0.4114,2.6243%,2.6824%,4.2859%,0.050646,SVM,92893.0,2019-02-20,252.0,1.9841%,0.0004,0.5276,0.5705,0.4396,2.6193%,2.6799%,4.4715%,0.015297,SVM,92893.0,2019-02-21,252.0,2.3346%,0.0006,0.5124,0.5453,0.4116,2.6195%,2.6763%,4.1967%,0.0266089999999999,SVM,92893.0,2019-02-22,252.0,3.0418%,0.0005,0.5101,0.5023,0.3439,2.6157%,2.6712%,4.1143%,0.030038,SVM,92893.0,2019-02-25,252.0,-0.7380%,0.0005,0.5079,0.5035,0.3365,2.6134%,2.6688%,4.1079%,-0.00632,SVM,92893.0,2019-02-26,252.0,-1.4870%,0.0004,0.4922,0.533,0.3397,2.6074%,2.6614%,4.0153%,-0.009824,SVM,92893.0,2019-02-27,252.0,0.0000%,0.0004,0.4918,0.5333,0.3397,2.6075%,2.6613%,4.0082%,-0.001148,SVM,92893.0,2019-02-28,252.0,-2.6415%,0.0004,0.476,0.5215,0.3339,2.6005%,2.6510%,3.7713%,-0.024248,SVM,92893.0,2019-03-01,252.0,-1.5504%,0.0003,0.4815,0.5298,0.3516,2.6014%,2.6525%,3.8093%,-0.019198,SVM,0.058221,0.108867,0.124164,0.180811,0.120073
29243,SILVERCORP METALS INC,SurveyMonkey Highlights Launch Of Integretion With Microsoft Power BI,6,uncertain,0.4,0.2,the news about surveymonkey's integration with microsoft power bi is not directly related to silvercorp metals inc and does not provide clear implications for its stock price.,1,2019-02-14,SVM,2019-02-14 14:01:00+00:00,92893.0,82835P10,0.0089285625144839,231382.0,0.0575221739709377,-0.0260869320482015,0.0543932504951953,0.0132158463820815,0.0198412518948316,0.0,0.0233463738113641,0.0133928442373871,0.0304182209074497,0.0181818008422851,-0.0073800664395093,-0.0717298910021781,-0.014869874343276,0.0259740017354488,0.0,0.0,-0.0264151580631732,-0.0085836835205554,-0.0155038619413971,0.0355555228888988,0.0,0.0135135008022189,0.0354331322014331,0.0373831391334533,-0.0570342540740966,0.0046948310919106,0.0161290168762207,0.024038553237915,0.0476190969347953,0.0097087286412715,-0.0113637149333953,0.0147783113643527,0.0421456471085548,0.0149999856948852,0.0073529342189431,-0.0243902206420898,-0.0547445602715015,-0.0238095019012689,0.0038610002957284,-0.0277778599411249,-0.0230769012123346,-0.0181818008422851,0.0078740082681179,-0.0178571250289678,0.0156249850988388,-0.0088495491072535,0.0,-0.0258620455861091,0.0461538955569267,-0.0042918417602777,-0.0073529342189431,0.0448430068790912,0.0,0.0,0.0148148005828261,-0.0304347537457943,-0.0620438233017921,0.040723942220211,-0.0077820941805839,0.0523810200393199,-0.015686260536313,0.0144927399232983,-0.0119521794840693,0.0097560882568359,-0.0282257795333862,0.0,0.0622406005859375,0.0,-0.0078124925494194,0.0353535003960132,-0.0078740082681179,-0.0341463088989257,0.0238095019012689,0.0846560671925544,-0.023255793377757,-0.0550000071525573,-0.0158730000257492,0.0152284121140837,-0.0282257795333862,-0.0247524511069059,0.0290456153452396,-0.042653989046812,-0.0403225421905517,0.0497511960566043,-0.0042017768137156,0.0468750186264514,-0.0337552428245544,-0.0447761379182338,-0.034934464842081,0.0,-0.0045248824171721,0.0307692009955644,0.0181818008422851,0.0051546338945627,-0.0044642812572419,-0.0443349331617355,0.0246637072414159,0.0410256013274192,0.0021881295833736,0.0051546338945627,-0.0218340400606393,-0.0102040721103549,-0.0133928442373871,0.0425532162189483,-0.0226244125515222,0.0066489363089203,0.0138888750225305,-0.0208333134651184,-0.0182648226618766,-0.0351759046316146,0.0325581058859825,0.015306107699871,-0.0135135008022189,-0.0199999809265136,-0.0182648226618766,-0.0099009806290268,-0.0023256344720721,0.0358974002301693,0.0256410576403141,0.0372340716421604,0.0575221739709377,-0.0260869320482015,0.1150442424839626,-0.0132158465526488,0.1371681161729687,-0.0132158465526488,0.1991150648670838,0.0181818007510494,0.1238937915457265,-0.0044444372689335,0.1283185680489535,0.0666667252683943,-0.0265486470638871,0.1994115171846249,2019-02-15,2019-02-19,2019-02-20,2019-02-21,2019-02-22,2019-02-25,2019-02-26,2019-02-27,2019-02-28,2019-03-01,92893.0,2019-02-14,252.0,0.8929%,-0.0002,0.4919,0.5099,0.3701,2.5987%,2.6516%,3.9467%,0.009408,SVM,92893.0,2019-02-15,252.0,5.7522%,-0.0001,0.5012,0.5236,0.3922,2.6111%,2.6654%,4.0301%,0.048813,SVM,92893.0,2019-02-19,252.0,5.4393%,0.0002,0.5207,0.5421,0.4114,2.6243%,2.6824%,4.2859%,0.050646,SVM,92893.0,2019-02-20,252.0,1.9841%,0.0004,0.5276,0.5705,0.4396,2.6193%,2.6799%,4.4715%,0.015297,SVM,92893.0,2019-02-21,252.0,2.3346%,0.0006,0.5124,0.5453,0.4116,2.6195%,2.6763%,4.1967%,0.0266089999999999,SVM,92893.0,2019-02-22,252.0,3.0418%,0.0005,0.5101,0.5023,0.3439,2.6157%,2.6712%,4.1143%,0.030038,SVM,92893.0,2019-02-25,252.0,-0.7380%,0.0005,0.5079,0.5035,0.3365,2.6134%,2.6688%,4.1079%,-0.00632,SVM,92893.0,2019-02-26,252.0,-1.4870%,0.0004,0.4922,0.533,0.3397,2.6074%,2.6614%,4.0153%,-0.009824,SVM,92893.0,2019-02-27,252.0,0.0000%,0.0004,0.4918,0.5333,0.3397,2.6075%,2.6613%,4.0082%,-0.001148,SVM,92893.0,2019-02-28,252.0,-2.6415%,0.0004,0.476,0.5215,0.3339,2.6005%,2.6510%,3.7713%,-0.024248,SVM,92893.0,2019-03-01,252.0,-1.5504%,0.0003,0.4815,0.5298,0.3516,2.6014%,2.6525%,3.8093%,-0.019198,SVM,0.058221,0.108867,0.124164,0.180811,0.120073
29251,TEVA PHARMACEUTICAL INDS LTD,Credit Suisse Stays Sidelined On Teva: 'Our Growth Expectations Are Below That Of The Company',6,decrease,0.7,0.6,"credit suisse's decision to stay sidelined and express lower growth expectations than the company may lead to negative sentiment among investors, potentially resulting in a decrease in stock price.",0,2019-02-14,TEVA,2019-02-14 18:34:00+00:00,75652.0,88162420,-0.0198524389415979,16669386.0,0.0405091904103756,-0.0779289528727531,0.0022247449960559,0.0159405507147312,-0.0344062596559524,0.0329308658838272,-0.0086206682026386,-0.0070845265872776,0.0,-0.0427751541137695,0.0202898774296045,-0.0395791120827198,-0.0374999903142452,0.0147432135418057,0.0035418809857219,-0.0015228774864226,-0.0100000044330954,-0.007556655909866,0.0148544264957308,-0.0079959938302636,-0.0193208381533622,0.0131645686924457,-0.0011940571712329,-0.0015167181845754,-0.0454273335635662,0.01124750636518,0.0018785054562613,0.0113753518089652,-0.015625,-0.0061664409004151,0.0019047450041398,0.0378666184842586,-0.0063370992429554,-0.003719431348145,0.035076480358839,0.0031982657965272,0.0147874169051647,0.0058981562033295,0.0024287139531224,-0.0095592299476265,0.0078739644959568,0.0194911006838083,0.0162259899079799,0.0010839322349056,-0.002956785261631,0.015410054475069,0.0130485948175191,0.0116927064955234,-0.0439110063016414,0.0158370342105627,-0.0263319239020347,0.0005659438902512,0.0018868356710299,0.0172711126506328,0.0043942052870988,0.0533657409250736,-0.0262500047683715,0.0403785109519958,0.0064185098744928,0.0278858821839094,0.0025510180275887,-0.017208382487297,-0.0438931621611118,0.003196882084012,-0.0106453662738204,-0.0113779613748192,0.0215198174118995,0.0843042880296707,0.0032916518393903,-0.0337748490273952,-0.0131233474239707,-0.0497168004512786,-0.0325797721743583,-0.0245549753308296,0.0075601139105856,-0.0423280000686645,-0.0115961851552128,-0.0362605899572372,-0.0075914189219474,-0.0438786298036575,0.0132127664983272,-0.0294427629560232,0.0082360934466123,0.0015798150561749,-0.0319945067167282,0.025931904092431,0.009845245629549,0.0037960787303745,0.0236768908798694,-0.0499742068350315,0.0142857171595096,-0.0419546104967594,0.006036227568984,-0.0141118746250867,0.009333356283605,-0.0481704920530319,0.0145309977233409,0.0023212272208184,0.0162760429084301,-0.0164382979273796,-0.0249839462339878,0.0027472283691167,0.0006569825927726,0.0018349044257774,-0.021667756140232,-0.0027448020409792,0.0187919922173023,-0.0036463045980781,-0.0191040821373462,-0.0045372219756245,-0.0188046116381883,0.0124024096876382,-0.0006844131276011,-0.010454524308443,-0.0089041171595454,-0.011235955171287,-0.0076019768603146,-0.0163572430610656,-0.1483287066221237,-0.002205524360761,0.0405091904103755,-0.0779289528727531,0.0428240580250913,-0.0632306325834359,0.0069443827092059,-0.0323820061809634,-0.0017361507126408,-0.0803339017755143,-0.0115741173964027,-0.1189405823249449,-0.0925926101144731,0.1433203043853137,-0.2922454264461761,-0.2223202880131081,2019-02-15,2019-02-19,2019-02-20,2019-02-21,2019-02-22,2019-02-25,2019-02-26,2019-02-27,2019-02-28,2019-03-01,75652.0,2019-02-14,252.0,-1.9852%,0.0,1.3175,0.8126,0.8006,2.2811%,2.6384%,25.2507%,-0.016842,TEVA,75652.0,2019-02-15,252.0,4.0509%,0.0,1.3159,0.8132,0.8007,2.2818%,2.6363%,25.0912%,0.0196469999999999,TEVA,75652.0,2019-02-19,252.0,0.2225%,-0.0002,1.2938,0.8396,0.8323,2.2423%,2.5916%,25.1390%,-0.0051359999999999,TEVA,75652.0,2019-02-20,252.0,-3.4406%,-0.0004,1.2818,0.8132,0.7898,2.2586%,2.6004%,24.5589%,-0.043389,TEVA,75652.0,2019-02-21,252.0,-0.8621%,-0.0003,1.2709,0.7907,0.7698,2.2501%,2.5862%,24.3053%,-0.001592,TEVA,75652.0,2019-02-22,252.0,0.0000%,-0.0003,1.2712,0.7861,0.7694,2.2500%,2.5860%,24.2958%,-0.001394,TEVA,75652.0,2019-02-25,252.0,2.0290%,-0.0002,1.2698,0.7738,0.7576,2.2531%,2.5876%,24.1871%,0.021712,TEVA,75652.0,2019-02-26,252.0,-3.7500%,-0.0003,1.2774,0.8051,0.7793,2.2598%,2.5971%,24.2930%,-0.028116,TEVA,75652.0,2019-02-27,252.0,0.3542%,-0.0002,1.2825,0.7966,0.7801,2.2586%,2.5972%,24.3741%,0.001698,TEVA,75652.0,2019-02-28,252.0,-1.0000%,-0.0002,1.2761,0.7921,0.7764,2.2572%,2.5907%,24.0925%,-0.004333,TEVA,75652.0,2019-03-01,252.0,1.4854%,-0.0001,1.2689,0.7814,0.7623,2.2558%,2.5836%,23.7668%,0.0063849999999999,TEVA,0.0028049999999999,-0.002331,-0.04572,-0.048706,-0.05136
29259,TEVA PHARMACEUTICAL INDS LTD,Teva Tanks As The Chart Shows Growing Downside Risk,6,decrease,0.8,0.7,the phrase 'growing downside risk' suggests negative sentiment and potential declines in stock performance for teva pharmaceutical industries ltd.,0,2019-02-14,TEVA,2019-02-14 17:54:00+00:00,75652.0,88162420,-0.0198524389415979,16669386.0,0.0405091904103756,-0.0779289528727531,0.0022247449960559,0.0159405507147312,-0.0344062596559524,0.0329308658838272,-0.0086206682026386,-0.0070845265872776,0.0,-0.0427751541137695,0.0202898774296045,-0.0395791120827198,-0.0374999903142452,0.0147432135418057,0.0035418809857219,-0.0015228774864226,-0.0100000044330954,-0.007556655909866,0.0148544264957308,-0.0079959938302636,-0.0193208381533622,0.0131645686924457,-0.0011940571712329,-0.0015167181845754,-0.0454273335635662,0.01124750636518,0.0018785054562613,0.0113753518089652,-0.015625,-0.0061664409004151,0.0019047450041398,0.0378666184842586,-0.0063370992429554,-0.003719431348145,0.035076480358839,0.0031982657965272,0.0147874169051647,0.0058981562033295,0.0024287139531224,-0.0095592299476265,0.0078739644959568,0.0194911006838083,0.0162259899079799,0.0010839322349056,-0.002956785261631,0.015410054475069,0.0130485948175191,0.0116927064955234,-0.0439110063016414,0.0158370342105627,-0.0263319239020347,0.0005659438902512,0.0018868356710299,0.0172711126506328,0.0043942052870988,0.0533657409250736,-0.0262500047683715,0.0403785109519958,0.0064185098744928,0.0278858821839094,0.0025510180275887,-0.017208382487297,-0.0438931621611118,0.003196882084012,-0.0106453662738204,-0.0113779613748192,0.0215198174118995,0.0843042880296707,0.0032916518393903,-0.0337748490273952,-0.0131233474239707,-0.0497168004512786,-0.0325797721743583,-0.0245549753308296,0.0075601139105856,-0.0423280000686645,-0.0115961851552128,-0.0362605899572372,-0.0075914189219474,-0.0438786298036575,0.0132127664983272,-0.0294427629560232,0.0082360934466123,0.0015798150561749,-0.0319945067167282,0.025931904092431,0.009845245629549,0.0037960787303745,0.0236768908798694,-0.0499742068350315,0.0142857171595096,-0.0419546104967594,0.006036227568984,-0.0141118746250867,0.009333356283605,-0.0481704920530319,0.0145309977233409,0.0023212272208184,0.0162760429084301,-0.0164382979273796,-0.0249839462339878,0.0027472283691167,0.0006569825927726,0.0018349044257774,-0.021667756140232,-0.0027448020409792,0.0187919922173023,-0.0036463045980781,-0.0191040821373462,-0.0045372219756245,-0.0188046116381883,0.0124024096876382,-0.0006844131276011,-0.010454524308443,-0.0089041171595454,-0.011235955171287,-0.0076019768603146,-0.0163572430610656,-0.1483287066221237,-0.002205524360761,0.0405091904103755,-0.0779289528727531,0.0428240580250913,-0.0632306325834359,0.0069443827092059,-0.0323820061809634,-0.0017361507126408,-0.0803339017755143,-0.0115741173964027,-0.1189405823249449,-0.0925926101144731,0.1433203043853137,-0.2922454264461761,-0.2223202880131081,2019-02-15,2019-02-19,2019-02-20,2019-02-21,2019-02-22,2019-02-25,2019-02-26,2019-02-27,2019-02-28,2019-03-01,75652.0,2019-02-14,252.0,-1.9852%,0.0,1.3175,0.8126,0.8006,2.2811%,2.6384%,25.2507%,-0.016842,TEVA,75652.0,2019-02-15,252.0,4.0509%,0.0,1.3159,0.8132,0.8007,2.2818%,2.6363%,25.0912%,0.0196469999999999,TEVA,75652.0,2019-02-19,252.0,0.2225%,-0.0002,1.2938,0.8396,0.8323,2.2423%,2.5916%,25.1390%,-0.0051359999999999,TEVA,75652.0,2019-02-20,252.0,-3.4406%,-0.0004,1.2818,0.8132,0.7898,2.2586%,2.6004%,24.5589%,-0.043389,TEVA,75652.0,2019-02-21,252.0,-0.8621%,-0.0003,1.2709,0.7907,0.7698,2.2501%,2.5862%,24.3053%,-0.001592,TEVA,75652.0,2019-02-22,252.0,0.0000%,-0.0003,1.2712,0.7861,0.7694,2.2500%,2.5860%,24.2958%,-0.001394,TEVA,75652.0,2019-02-25,252.0,2.0290%,-0.0002,1.2698,0.7738,0.7576,2.2531%,2.5876%,24.1871%,0.021712,TEVA,75652.0,2019-02-26,252.0,-3.7500%,-0.0003,1.2774,0.8051,0.7793,2.2598%,2.5971%,24.2930%,-0.028116,TEVA,75652.0,2019-02-27,252.0,0.3542%,-0.0002,1.2825,0.7966,0.7801,2.2586%,2.5972%,24.3741%,0.001698,TEVA,75652.0,2019-02-28,252.0,-1.0000%,-0.0002,1.2761,0.7921,0.7764,2.2572%,2.5907%,24.0925%,-0.004333,TEVA,75652.0,2019-03-01,252.0,1.4854%,-0.0001,1.2689,0.7814,0.7623,2.2558%,2.5836%,23.7668%,0.0063849999999999,TEVA,0.0028049999999999,-0.002331,-0.04572,-0.048706,-0.05136
29267,TEVA PHARMACEUTICAL INDS LTD,Raymond James Upgrades Teva Pharmaceutical Indus to Outperform,6,increase,0.8,0.6,"upgrades from analysts, such as raymond james, typically signal positive sentiment and can lead to an increase in stock price as investors may view the stock more favorably.",2,2019-02-14,TEVA,2019-02-14 11:44:00+00:00,75652.0,88162420,-0.0198524389415979,16669386.0,0.0405091904103756,-0.0779289528727531,0.0022247449960559,0.0159405507147312,-0.0344062596559524,0.0329308658838272,-0.0086206682026386,-0.0070845265872776,0.0,-0.0427751541137695,0.0202898774296045,-0.0395791120827198,-0.0374999903142452,0.0147432135418057,0.0035418809857219,-0.0015228774864226,-0.0100000044330954,-0.007556655909866,0.0148544264957308,-0.0079959938302636,-0.0193208381533622,0.0131645686924457,-0.0011940571712329,-0.0015167181845754,-0.0454273335635662,0.01124750636518,0.0018785054562613,0.0113753518089652,-0.015625,-0.0061664409004151,0.0019047450041398,0.0378666184842586,-0.0063370992429554,-0.003719431348145,0.035076480358839,0.0031982657965272,0.0147874169051647,0.0058981562033295,0.0024287139531224,-0.0095592299476265,0.0078739644959568,0.0194911006838083,0.0162259899079799,0.0010839322349056,-0.002956785261631,0.015410054475069,0.0130485948175191,0.0116927064955234,-0.0439110063016414,0.0158370342105627,-0.0263319239020347,0.0005659438902512,0.0018868356710299,0.0172711126506328,0.0043942052870988,0.0533657409250736,-0.0262500047683715,0.0403785109519958,0.0064185098744928,0.0278858821839094,0.0025510180275887,-0.017208382487297,-0.0438931621611118,0.003196882084012,-0.0106453662738204,-0.0113779613748192,0.0215198174118995,0.0843042880296707,0.0032916518393903,-0.0337748490273952,-0.0131233474239707,-0.0497168004512786,-0.0325797721743583,-0.0245549753308296,0.0075601139105856,-0.0423280000686645,-0.0115961851552128,-0.0362605899572372,-0.0075914189219474,-0.0438786298036575,0.0132127664983272,-0.0294427629560232,0.0082360934466123,0.0015798150561749,-0.0319945067167282,0.025931904092431,0.009845245629549,0.0037960787303745,0.0236768908798694,-0.0499742068350315,0.0142857171595096,-0.0419546104967594,0.006036227568984,-0.0141118746250867,0.009333356283605,-0.0481704920530319,0.0145309977233409,0.0023212272208184,0.0162760429084301,-0.0164382979273796,-0.0249839462339878,0.0027472283691167,0.0006569825927726,0.0018349044257774,-0.021667756140232,-0.0027448020409792,0.0187919922173023,-0.0036463045980781,-0.0191040821373462,-0.0045372219756245,-0.0188046116381883,0.0124024096876382,-0.0006844131276011,-0.010454524308443,-0.0089041171595454,-0.011235955171287,-0.0076019768603146,-0.0163572430610656,-0.1483287066221237,-0.002205524360761,0.0405091904103755,-0.0779289528727531,0.0428240580250913,-0.0632306325834359,0.0069443827092059,-0.0323820061809634,-0.0017361507126408,-0.0803339017755143,-0.0115741173964027,-0.1189405823249449,-0.0925926101144731,0.1433203043853137,-0.2922454264461761,-0.2223202880131081,2019-02-15,2019-02-19,2019-02-20,2019-02-21,2019-02-22,2019-02-25,2019-02-26,2019-02-27,2019-02-28,2019-03-01,75652.0,2019-02-14,252.0,-1.9852%,0.0,1.3175,0.8126,0.8006,2.2811%,2.6384%,25.2507%,-0.016842,TEVA,75652.0,2019-02-15,252.0,4.0509%,0.0,1.3159,0.8132,0.8007,2.2818%,2.6363%,25.0912%,0.0196469999999999,TEVA,75652.0,2019-02-19,252.0,0.2225%,-0.0002,1.2938,0.8396,0.8323,2.2423%,2.5916%,25.1390%,-0.0051359999999999,TEVA,75652.0,2019-02-20,252.0,-3.4406%,-0.0004,1.2818,0.8132,0.7898,2.2586%,2.6004%,24.5589%,-0.043389,TEVA,75652.0,2019-02-21,252.0,-0.8621%,-0.0003,1.2709,0.7907,0.7698,2.2501%,2.5862%,24.3053%,-0.001592,TEVA,75652.0,2019-02-22,252.0,0.0000%,-0.0003,1.2712,0.7861,0.7694,2.2500%,2.5860%,24.2958%,-0.001394,TEVA,75652.0,2019-02-25,252.0,2.0290%,-0.0002,1.2698,0.7738,0.7576,2.2531%,2.5876%,24.1871%,0.021712,TEVA,75652.0,2019-02-26,252.0,-3.7500%,-0.0003,1.2774,0.8051,0.7793,2.2598%,2.5971%,24.2930%,-0.028116,TEVA,75652.0,2019-02-27,252.0,0.3542%,-0.0002,1.2825,0.7966,0.7801,2.2586%,2.5972%,24.3741%,0.001698,TEVA,75652.0,2019-02-28,252.0,-1.0000%,-0.0002,1.2761,0.7921,0.7764,2.2572%,2.5907%,24.0925%,-0.004333,TEVA,75652.0,2019-03-01,252.0,1.4854%,-0.0001,1.2689,0.7814,0.7623,2.2558%,2.5836%,23.7668%,0.0063849999999999,TEVA,0.0028049999999999,-0.002331,-0.04572,-0.048706,-0.05136
29275,TREEHOUSE FOODS INC,Treehouse Foods Reaffirms FY19 Guidance,6,uncertain,0.6,0.2,"reaffirming guidance may indicate stability, but without new positive developments or changes, the impact on stock price is unclear.",1,2019-02-14,THS,2019-02-14 12:02:00+00:00,90775.0,89469A10,-0.0150175457820296,2695038.0,0.0155853293836116,0.0001669248449616,0.0008340156055055,0.0171447694301605,-0.0023333232384175,0.0052901259623467,0.0162044968456029,0.0079119214788079,0.0024658509064465,-0.0042815553024411,-0.0090193385258317,-0.0051115904934704,-0.0067847068421542,0.0110249677672982,0.0016660859109833,0.0055430401116609,0.0076514123938977,-0.0107950828969478,0.0067679076455533,0.0179661381989717,-0.0190195087343454,0.0066725383512675,-0.0031757052056491,-0.00489251781255,-0.0065392251126468,0.0061532780528068,-0.0015189899131655,-0.0092318197712302,0.0015213007573038,-0.0055430401116609,0.003713100682944,-0.0020743117202073,-0.0159744527190923,-0.0133038135245442,0.0032467297278344,-0.0221814215183258,0.0165219083428382,0.0216391291469335,0.0154155185446143,-0.0022101507056504,0.0120462607592344,0.0143127776682376,-0.0047285328619182,0.0145206758752465,-0.0063892430625855,0.0140145635232329,0.0290189329534769,0.0245365034788847,-0.0171446837484836,0.0127001395449042,0.0423866733908653,0.0147553402930498,0.0012511420063674,0.0190331172198057,-0.0017181631410494,0.028985496610403,0.0043812016956508,0.0071006035432219,0.0056083593517541,-0.000197166664293,-0.0189000945538282,0.0180686153471469,-0.0124743552878499,-0.0069776410236954,-0.0147106163203716,-0.0059452881105244,0.0027588768862187,0.0434242859482765,0.0009709913865663,-0.031055886298418,0.0176232848316431,-0.0180995855480432,-0.0055608274415135,-0.0101265171542763,0.0172551199793815,-0.0071539585478603,0.0026700485032051,0.0089739160612225,-0.0054824324324727,-0.0509165003895759,0.0107102924957871,-0.0118917217478156,-0.0034283529967069,0.0112858582288026,-0.011727912351489,0.0452523715794086,-0.0006329258903861,0.0565999299287796,0.0026916083879768,-0.0235435012727975,0.0143691143020987,0.0013985952828079,0.0024907172191888,0.0005997357075102,-0.0046584322117269,-0.0365947186946868,0.0045241955667734,-0.0129277631640434,0.0215871930122375,0.0015231914585456,0.0182426963001489,0.0164505969732999,-0.0029860341455787,-0.0139313610270619,-0.1141060069203377,0.0015290869632735,-0.0182555448263883,-0.0128301940858364,-0.0268595274537801,-0.0122996615245938,-0.0077848304063081,0.002990651410073,0.0112339025363326,0.0134494993835687,0.0151648847386241,0.0175404753535985,0.0133750298991799,0.0130834206938743,-0.0022283350117504,0.0229723863303661,0.0155853293836116,0.0001669248449616,0.0164323433970401,0.0173145561631011,0.0140606781899126,0.0226962783085329,0.0330340634014294,0.0263743961127373,0.0332035051121486,0.0453514462822992,0.093511848469856,0.1818182069292111,-0.0138912387777315,0.1971633763049451,2019-02-15,2019-02-19,2019-02-20,2019-02-21,2019-02-22,2019-02-25,2019-02-26,2019-02-27,2019-02-28,2019-03-01,90775.0,2019-02-14,252.0,-1.5018%,0.0016,0.592,0.1831,0.2924,2.0427%,2.1245%,7.5525%,-0.013226,THS,90775.0,2019-02-15,252.0,1.5585%,0.0015,0.5734,0.167,0.2629,2.0360%,2.1131%,7.1679%,0.006934,THS,90775.0,2019-02-19,252.0,0.0834%,0.002,0.6154,0.1052,0.1898,1.8465%,1.9463%,9.9988%,-0.001628,THS,90775.0,2019-02-20,252.0,-0.2333%,0.0019,0.6117,0.089,0.1747,1.8433%,1.9427%,9.9763%,-0.004878,THS,90775.0,2019-02-21,252.0,1.6204%,0.0017,0.6286,0.1272,0.2055,1.8101%,1.9158%,10.7280%,0.018832,THS,90775.0,2019-02-22,252.0,0.2466%,0.0017,0.6282,0.1421,0.2141,1.8088%,1.9142%,10.7146%,0.000602,THS,90775.0,2019-02-25,252.0,-0.9019%,0.0018,0.6265,0.1459,0.2097,1.8076%,1.9128%,10.7005%,-0.009307,THS,90775.0,2019-02-26,252.0,-0.6785%,0.0018,0.6303,0.1506,0.215,1.8078%,1.9134%,10.7344%,-0.004257,THS,90775.0,2019-02-27,252.0,0.1666%,0.0018,0.6367,0.1389,0.216,1.8054%,1.9127%,10.8978%,0.000971,THS,90775.0,2019-02-28,252.0,0.7651%,0.0019,0.6242,0.1306,0.205,1.8016%,1.9046%,10.5231%,0.010038,THS,90775.0,2019-03-01,252.0,0.6768%,0.0019,0.623,0.1288,0.2028,1.8016%,1.9037%,10.4446%,0.002625,THS,-0.006292,-0.00792,-0.012798,0.006636,0.006706
29283,TREEHOUSE FOODS INC,"Treehouse Foods Q4 EPS $1.03 Beats $0.96 Estimate, Sales $1.481B Miss $1.5B Estimate",6,uncertain,0.6,0.3,"while treehouse foods beat eps estimates, the miss on sales could create mixed reactions among investors, leading to uncertainty in stock price movement.",1,2019-02-14,THS,2019-02-14 12:01:00+00:00,90775.0,89469A10,-0.0150175457820296,2695038.0,0.0155853293836116,0.0001669248449616,0.0008340156055055,0.0171447694301605,-0.0023333232384175,0.0052901259623467,0.0162044968456029,0.0079119214788079,0.0024658509064465,-0.0042815553024411,-0.0090193385258317,-0.0051115904934704,-0.0067847068421542,0.0110249677672982,0.0016660859109833,0.0055430401116609,0.0076514123938977,-0.0107950828969478,0.0067679076455533,0.0179661381989717,-0.0190195087343454,0.0066725383512675,-0.0031757052056491,-0.00489251781255,-0.0065392251126468,0.0061532780528068,-0.0015189899131655,-0.0092318197712302,0.0015213007573038,-0.0055430401116609,0.003713100682944,-0.0020743117202073,-0.0159744527190923,-0.0133038135245442,0.0032467297278344,-0.0221814215183258,0.0165219083428382,0.0216391291469335,0.0154155185446143,-0.0022101507056504,0.0120462607592344,0.0143127776682376,-0.0047285328619182,0.0145206758752465,-0.0063892430625855,0.0140145635232329,0.0290189329534769,0.0245365034788847,-0.0171446837484836,0.0127001395449042,0.0423866733908653,0.0147553402930498,0.0012511420063674,0.0190331172198057,-0.0017181631410494,0.028985496610403,0.0043812016956508,0.0071006035432219,0.0056083593517541,-0.000197166664293,-0.0189000945538282,0.0180686153471469,-0.0124743552878499,-0.0069776410236954,-0.0147106163203716,-0.0059452881105244,0.0027588768862187,0.0434242859482765,0.0009709913865663,-0.031055886298418,0.0176232848316431,-0.0180995855480432,-0.0055608274415135,-0.0101265171542763,0.0172551199793815,-0.0071539585478603,0.0026700485032051,0.0089739160612225,-0.0054824324324727,-0.0509165003895759,0.0107102924957871,-0.0118917217478156,-0.0034283529967069,0.0112858582288026,-0.011727912351489,0.0452523715794086,-0.0006329258903861,0.0565999299287796,0.0026916083879768,-0.0235435012727975,0.0143691143020987,0.0013985952828079,0.0024907172191888,0.0005997357075102,-0.0046584322117269,-0.0365947186946868,0.0045241955667734,-0.0129277631640434,0.0215871930122375,0.0015231914585456,0.0182426963001489,0.0164505969732999,-0.0029860341455787,-0.0139313610270619,-0.1141060069203377,0.0015290869632735,-0.0182555448263883,-0.0128301940858364,-0.0268595274537801,-0.0122996615245938,-0.0077848304063081,0.002990651410073,0.0112339025363326,0.0134494993835687,0.0151648847386241,0.0175404753535985,0.0133750298991799,0.0130834206938743,-0.0022283350117504,0.0229723863303661,0.0155853293836116,0.0001669248449616,0.0164323433970401,0.0173145561631011,0.0140606781899126,0.0226962783085329,0.0330340634014294,0.0263743961127373,0.0332035051121486,0.0453514462822992,0.093511848469856,0.1818182069292111,-0.0138912387777315,0.1971633763049451,2019-02-15,2019-02-19,2019-02-20,2019-02-21,2019-02-22,2019-02-25,2019-02-26,2019-02-27,2019-02-28,2019-03-01,90775.0,2019-02-14,252.0,-1.5018%,0.0016,0.592,0.1831,0.2924,2.0427%,2.1245%,7.5525%,-0.013226,THS,90775.0,2019-02-15,252.0,1.5585%,0.0015,0.5734,0.167,0.2629,2.0360%,2.1131%,7.1679%,0.006934,THS,90775.0,2019-02-19,252.0,0.0834%,0.002,0.6154,0.1052,0.1898,1.8465%,1.9463%,9.9988%,-0.001628,THS,90775.0,2019-02-20,252.0,-0.2333%,0.0019,0.6117,0.089,0.1747,1.8433%,1.9427%,9.9763%,-0.004878,THS,90775.0,2019-02-21,252.0,1.6204%,0.0017,0.6286,0.1272,0.2055,1.8101%,1.9158%,10.7280%,0.018832,THS,90775.0,2019-02-22,252.0,0.2466%,0.0017,0.6282,0.1421,0.2141,1.8088%,1.9142%,10.7146%,0.000602,THS,90775.0,2019-02-25,252.0,-0.9019%,0.0018,0.6265,0.1459,0.2097,1.8076%,1.9128%,10.7005%,-0.009307,THS,90775.0,2019-02-26,252.0,-0.6785%,0.0018,0.6303,0.1506,0.215,1.8078%,1.9134%,10.7344%,-0.004257,THS,90775.0,2019-02-27,252.0,0.1666%,0.0018,0.6367,0.1389,0.216,1.8054%,1.9127%,10.8978%,0.000971,THS,90775.0,2019-02-28,252.0,0.7651%,0.0019,0.6242,0.1306,0.205,1.8016%,1.9046%,10.5231%,0.010038,THS,90775.0,2019-03-01,252.0,0.6768%,0.0019,0.623,0.1288,0.2028,1.8016%,1.9037%,10.4446%,0.002625,THS,-0.006292,-0.00792,-0.012798,0.006636,0.006706
29291,TANDEM DIABETES CARE INC,FDA Permits Marketing Of Tandem's T: SLIM X2 Insulin Pump,6,increase,0.8,0.7,"the fda's approval for marketing tandem's t:slim x2 insulin pump is likely to boost investor confidence and sales potential, leading to an increase in stock price.",2,2019-02-14,TNDM,2019-02-14 20:33:00+00:00,14325.0,87537220,0.0662050545215606,2705304.0,0.0450487285852432,-0.0049515510909259,-0.0248543452471494,0.0468785651028156,-0.0242931339889764,0.0491841547191143,0.001428565243259,0.0139055820181965,-0.0152842877432704,-0.0069047836586833,0.0008278335444629,-0.0347046293318271,0.0217121429741382,0.0128025896847248,0.2519733011722565,0.0110613647848367,0.059974119067192,-0.0227690394967794,0.0559706911444664,0.0055503668263554,-0.0688907653093338,0.0431845821440219,0.0401736684143543,-0.0224056784063577,-0.0548761785030365,-0.0456898212432861,-0.0252445917576551,0.0139205986633896,0.0443508885800838,0.039127379655838,0.0117793269455432,-0.0056590824387967,0.0605086497962474,-0.0261767953634262,0.0316336080431938,-0.0169300232082605,0.0077009671367704,0.0077343075536191,0.0163957253098487,0.0218502692878246,-0.0251538474112749,0.0436681024730205,0.0089748902246356,-0.030117617920041,-0.0037525594234466,0.007108986377716,0.0262276399880647,0.0383858606219291,-0.0652527958154678,0.0159999839961528,0.0055264285765588,0.0843047052621841,-0.0040497365407645,0.0628061145544052,-0.0851002112030983,0.0762790441513061,0.0120634650811553,-0.0514705888926982,-0.0040777656249701,-0.1045562550425529,-0.0571653693914413,0.0176896229386329,0.0497745051980018,0.0413061529397964,-0.0143197728320956,-0.0175486523658037,0.0067796315997838,0.1357832551002502,0.0152316940948367,0.0187182780355215,-0.0210043899714946,-0.0028472049161791,0.0348443277180194,-0.0356924422085285,0.0065471264533698,-0.0375808142125606,-0.001084090094082,0.0176277309656143,-0.026511613279581,-0.0531823858618736,-0.018633572384715,-0.0199612211436033,-0.0035702274180948,-0.0288099013268947,-0.0991856679320335,0.0189300030469894,-0.016271948814392,0.0361000709235668,0.043190561234951,0.050462782382965,0.0320648960769176,-0.0464122220873832,0.0216796956956386,-0.0036879735998809,0.0051796389743685,-0.0791535750031471,0.0553524233400821,0.0396523401141166,-0.0023626007605344,0.0008154058014042,-0.0304704811424017,0.0334270372986793,-0.0288226753473281,0.069390133023262,0.0523138642311096,-0.0159621890634298,0.0732951313257217,0.0538941882550716,0.0004453500441741,-0.0162428002804517,-0.0329425930976867,0.1469244360923767,-0.0029153723735362,-0.0529294312000274,-0.0086181154474616,-0.1030158400535583,0.0031046969816088,0.011171581223607,-0.0380687527358532,0.0564592815935611,0.0450487285852432,-0.0049515510909259,0.0190747266848909,0.0416948924017137,-0.0056817921952446,0.0929297751597106,-0.0194804999018614,0.1004762184455687,0.4050324614049527,0.0689176546786869,0.288555236231057,0.2172767858231756,0.2613636720475856,0.4743221915842024,2019-02-15,2019-02-19,2019-02-20,2019-02-21,2019-02-22,2019-02-25,2019-02-26,2019-02-27,2019-02-28,2019-03-01,14325.0,2019-02-14,252.0,6.6205%,0.0118,1.4112,1.8388,-2.1449,4.3796%,5.1590%,27.9325%,0.0473219999999999,TNDM,14325.0,2019-02-15,252.0,4.5049%,0.0119,1.4256,1.8542,-2.1183,4.3819%,5.1619%,27.9378%,0.0347,TNDM,14325.0,2019-02-19,252.0,-2.4854%,0.012,1.4417,1.7969,-2.1841,4.3621%,5.1582%,28.4840%,-0.026685,TNDM,14325.0,2019-02-20,252.0,-2.4293%,0.0119,1.4337,1.7824,-2.2116,4.3663%,5.1636%,28.4975%,-0.019073,TNDM,14325.0,2019-02-21,252.0,0.1429%,0.0114,1.4783,1.8713,-2.1298,4.3026%,5.1203%,29.3897%,0.0027939999999999,TNDM,14325.0,2019-02-22,252.0,-1.5284%,0.0108,1.494,1.7392,-2.0626,4.2965%,5.0940%,28.8621%,-0.066593,TNDM,14325.0,2019-02-25,252.0,0.0828%,0.0107,1.496,1.7468,-2.0513,4.2958%,5.0922%,28.8326%,-0.000704,TNDM,14325.0,2019-02-26,252.0,2.1712%,0.0112,1.5574,1.6629,-2.0478,4.2422%,5.0609%,29.7352%,0.028416,TNDM,14325.0,2019-02-27,252.0,25.1973%,0.0119,1.5349,1.7713,-2.0509,4.4731%,5.2619%,27.7333%,0.244855,TNDM,14325.0,2019-02-28,252.0,5.9974%,0.0118,1.5557,1.7871,-2.0469,4.4689%,5.2663%,27.9915%,0.0591509999999999,TNDM,14325.0,2019-03-01,252.0,5.5971%,0.012,1.5487,1.7768,-2.0667,4.4690%,5.2676%,28.0213%,0.03131,TNDM,0.082022,0.055337,0.036264,-0.027535,0.335493
29299,TRINET GROUP INC,Trinet Group shares are trading higher after the company beat Q4 earnings estimates.,6,increase,0.8,0.7,"beating earnings estimates typically signals strong company performance, which can lead to increased investor confidence and a rise in stock price.",2,2019-02-14,TNET,2019-02-14 22:25:00+00:00,14521.0,89628810,0.0174609385430812,495488.0,0.2309711873531342,0.0107973515987396,0.0075446791015565,0.0290598422288894,-0.0045580137521028,0.0180552098900079,0.0068683265708386,0.009664012119174,0.010394662618637,-0.0170552879571914,0.0065905777737498,0.0043365298770368,-0.0043117287568748,-0.013897830620408,0.0006415544194169,-0.002984425285831,-0.0176310054957866,0.0273762587457895,0.0071789626963436,0.002194874221459,-0.006317825987935,0.0224416516721248,-0.0079882899299263,-0.0022391059901565,-0.0161051694303751,-0.0139103783294558,0.0076833623461425,0.0177528299391269,-0.0094480933621525,-0.0020183932501822,0.0162316132336854,-0.0042429352179169,0.0034579134080559,-0.0138736199587583,0.0041023958474397,0.0093353670090436,0.0034319807309657,0.0169529821723699,0.0048859808593988,0.0128205437213182,0.0006483130273409,0.014869874343276,0.0092322593554854,-0.0023179990239441,-0.012999540194869,-0.0057616964913904,0.004878036212176,-0.003216158831492,-0.0453074313700199,0.0053117680363357,-0.0142372911795973,0.0401152558624744,0.0213205236941576,-0.0092812804505229,-0.0129629699513316,0.0568411014974117,0.012109825387597,-0.0297706499695777,0.0067408415488898,-0.0231227930635213,0.008536965586245,0.0182038825005292,0.0024896517861634,-0.0038684681057929,0.0046357414685189,-0.0060081710107624,-0.0088991578668355,0.0568961575627327,0.0091453148052096,-0.0172242242842912,-0.0009885905310511,-0.0137862525880336,-0.0117104221135377,0.0029629366472363,0.0178572013974189,-0.0259740687906742,0.0098376525565981,0.0109409373253583,0.0045461729168891,-0.0237360540777444,0.00614192802459,-0.0063679348677396,-0.0056224656291306,-0.0123456502333283,-0.0247173272073268,0.0141743076965212,-0.0066257696598768,0.0002363453822908,0.0171752329915761,0.0102649871259927,0.0195081736892461,-0.0323400683701038,-0.0032159020192921,0.0116849727928638,-0.0188740435987711,-0.0734083876013755,0.0133180106058716,0.0058810818009078,0.0019470863044261,0.0224943943321704,0.0095546580851078,-0.0209332555532455,0.0221366863697767,0.0581449121236801,-0.0094162318855524,-0.0084648579359054,0.0297845546156168,0.0069108325988054,-0.0009230393916368,-0.012960429303348,-0.0252541285008192,0.017113734036684,-0.011216415092349,-0.02260397747159,0.0017574790399521,-0.0116174407303333,0.0047846767120063,-0.0042269728146493,-0.0444444306194782,0.0114761963486671,0.2309711873531341,0.0107973515987396,0.2402584699449756,0.0401709631615783,0.2346053547828044,0.0589514682229523,0.2560064770131742,0.0509499267837967,0.2463153907915318,0.068481096534043,0.2061377612925192,0.1604290654860365,0.2154250439513234,0.0954095806294581,2019-02-15,2019-02-19,2019-02-20,2019-02-21,2019-02-22,2019-02-25,2019-02-26,2019-02-27,2019-02-28,2019-03-01,14521.0,2019-02-14,252.0,1.7461%,0.0005,1.0455,0.6037,-0.1686,1.6200%,2.0300%,36.3114%,0.0155459999999999,TNET,14521.0,2019-02-15,252.0,23.0971%,0.0015,1.1999,0.7659,0.1131,2.1139%,2.4939%,28.1548%,0.218356,TNET,14521.0,2019-02-19,252.0,0.7545%,0.0016,1.2057,0.7587,0.1044,2.1108%,2.4939%,28.3636%,0.002604,TNET,14521.0,2019-02-20,252.0,-0.4558%,0.0015,1.2022,0.7481,0.091,2.1116%,2.4936%,28.2950%,-0.009192,TNET,14521.0,2019-02-21,252.0,0.6868%,0.0016,1.1974,0.7406,0.0822,2.1121%,2.4914%,28.1294%,0.011949,TNET,14521.0,2019-02-22,252.0,1.0395%,0.0016,1.198,0.7317,0.0813,2.1118%,2.4916%,28.1637%,-0.000354,TNET,14521.0,2019-02-25,252.0,0.6591%,0.0016,1.1977,0.7289,0.0787,2.1120%,2.4918%,28.1571%,0.006742,TNET,14521.0,2019-02-26,252.0,-0.4312%,0.0016,1.2008,0.7247,0.0789,2.1117%,2.4913%,28.1476%,0.002429,TNET,14521.0,2019-02-27,252.0,0.0642%,0.0016,1.205,0.7162,0.0796,2.1110%,2.4913%,28.2018%,-0.001821,TNET,14521.0,2019-02-28,252.0,-1.7631%,0.0015,1.2118,0.7203,0.0881,2.1128%,2.4935%,28.2058%,-0.01394,TNET,14521.0,2019-03-01,252.0,0.7179%,0.001,1.3021,0.8547,0.2302,1.8863%,2.3485%,35.4907%,-0.003372,TNET,0.233902,0.236506,0.227314,0.238909,0.228947
29307,TRINET GROUP INC,"Trinet Group Q4 EPS $0.59 Beats $0.52 Estimate, Sales $225M Beat $212.87M Estimate",6,increase,0.8,0.7,"the company reported better-than-expected earnings and sales, which typically leads to positive investor sentiment and an increase in stock price.",2,2019-02-14,TNET,2019-02-14 21:22:00+00:00,14521.0,89628810,0.0174609385430812,495488.0,0.2309711873531342,0.0107973515987396,0.0075446791015565,0.0290598422288894,-0.0045580137521028,0.0180552098900079,0.0068683265708386,0.009664012119174,0.010394662618637,-0.0170552879571914,0.0065905777737498,0.0043365298770368,-0.0043117287568748,-0.013897830620408,0.0006415544194169,-0.002984425285831,-0.0176310054957866,0.0273762587457895,0.0071789626963436,0.002194874221459,-0.006317825987935,0.0224416516721248,-0.0079882899299263,-0.0022391059901565,-0.0161051694303751,-0.0139103783294558,0.0076833623461425,0.0177528299391269,-0.0094480933621525,-0.0020183932501822,0.0162316132336854,-0.0042429352179169,0.0034579134080559,-0.0138736199587583,0.0041023958474397,0.0093353670090436,0.0034319807309657,0.0169529821723699,0.0048859808593988,0.0128205437213182,0.0006483130273409,0.014869874343276,0.0092322593554854,-0.0023179990239441,-0.012999540194869,-0.0057616964913904,0.004878036212176,-0.003216158831492,-0.0453074313700199,0.0053117680363357,-0.0142372911795973,0.0401152558624744,0.0213205236941576,-0.0092812804505229,-0.0129629699513316,0.0568411014974117,0.012109825387597,-0.0297706499695777,0.0067408415488898,-0.0231227930635213,0.008536965586245,0.0182038825005292,0.0024896517861634,-0.0038684681057929,0.0046357414685189,-0.0060081710107624,-0.0088991578668355,0.0568961575627327,0.0091453148052096,-0.0172242242842912,-0.0009885905310511,-0.0137862525880336,-0.0117104221135377,0.0029629366472363,0.0178572013974189,-0.0259740687906742,0.0098376525565981,0.0109409373253583,0.0045461729168891,-0.0237360540777444,0.00614192802459,-0.0063679348677396,-0.0056224656291306,-0.0123456502333283,-0.0247173272073268,0.0141743076965212,-0.0066257696598768,0.0002363453822908,0.0171752329915761,0.0102649871259927,0.0195081736892461,-0.0323400683701038,-0.0032159020192921,0.0116849727928638,-0.0188740435987711,-0.0734083876013755,0.0133180106058716,0.0058810818009078,0.0019470863044261,0.0224943943321704,0.0095546580851078,-0.0209332555532455,0.0221366863697767,0.0581449121236801,-0.0094162318855524,-0.0084648579359054,0.0297845546156168,0.0069108325988054,-0.0009230393916368,-0.012960429303348,-0.0252541285008192,0.017113734036684,-0.011216415092349,-0.02260397747159,0.0017574790399521,-0.0116174407303333,0.0047846767120063,-0.0042269728146493,-0.0444444306194782,0.0114761963486671,0.2309711873531341,0.0107973515987396,0.2402584699449756,0.0401709631615783,0.2346053547828044,0.0589514682229523,0.2560064770131742,0.0509499267837967,0.2463153907915318,0.068481096534043,0.2061377612925192,0.1604290654860365,0.2154250439513234,0.0954095806294581,2019-02-15,2019-02-19,2019-02-20,2019-02-21,2019-02-22,2019-02-25,2019-02-26,2019-02-27,2019-02-28,2019-03-01,14521.0,2019-02-14,252.0,1.7461%,0.0005,1.0455,0.6037,-0.1686,1.6200%,2.0300%,36.3114%,0.0155459999999999,TNET,14521.0,2019-02-15,252.0,23.0971%,0.0015,1.1999,0.7659,0.1131,2.1139%,2.4939%,28.1548%,0.218356,TNET,14521.0,2019-02-19,252.0,0.7545%,0.0016,1.2057,0.7587,0.1044,2.1108%,2.4939%,28.3636%,0.002604,TNET,14521.0,2019-02-20,252.0,-0.4558%,0.0015,1.2022,0.7481,0.091,2.1116%,2.4936%,28.2950%,-0.009192,TNET,14521.0,2019-02-21,252.0,0.6868%,0.0016,1.1974,0.7406,0.0822,2.1121%,2.4914%,28.1294%,0.011949,TNET,14521.0,2019-02-22,252.0,1.0395%,0.0016,1.198,0.7317,0.0813,2.1118%,2.4916%,28.1637%,-0.000354,TNET,14521.0,2019-02-25,252.0,0.6591%,0.0016,1.1977,0.7289,0.0787,2.1120%,2.4918%,28.1571%,0.006742,TNET,14521.0,2019-02-26,252.0,-0.4312%,0.0016,1.2008,0.7247,0.0789,2.1117%,2.4913%,28.1476%,0.002429,TNET,14521.0,2019-02-27,252.0,0.0642%,0.0016,1.205,0.7162,0.0796,2.1110%,2.4913%,28.2018%,-0.001821,TNET,14521.0,2019-02-28,252.0,-1.7631%,0.0015,1.2118,0.7203,0.0881,2.1128%,2.4935%,28.2058%,-0.01394,TNET,14521.0,2019-03-01,252.0,0.7179%,0.001,1.3021,0.8547,0.2302,1.8863%,2.3485%,35.4907%,-0.003372,TNET,0.233902,0.236506,0.227314,0.238909,0.228947
29315,TEMPUR SEALY INTERNATIONAL INC,"13F From Einhorn's Greenlight Shows Raised Stakes In Altice USA, Tempur Sealy",6,increase,0.7,0.6,"the news of einhorn's greenlight raising stakes in tempur sealy suggests increased institutional confidence, which could positively influence the stock price.",2,2019-02-14,TPX,2019-02-14 21:54:00+00:00,89971.0,88023U10,0.0293686185032129,4355094.0,0.016226815059781,0.0049806395545601,0.0096508022397756,0.0270936023443937,0.0170316211879253,-0.010127549059689,-0.000341771316016,0.0066074845381081,-0.0044444156810641,-0.0174364428967237,0.0202609281986951,-0.0046159527264535,-0.01380006223917,0.00894186925143,-0.0046074511483311,0.0011190110817551,-0.0020573073998093,0.0113164559006691,0.0061845150776207,0.0079848291352391,0.0163906272500753,-0.0009497255668975,-0.0159582886844873,0.0271167233586311,-0.0168999936431646,-0.0500370785593986,-0.0086820628494024,0.0148580204695463,0.0042039179243147,0.021714013069868,-0.0015698613133281,0.005603882484138,0.004542248789221,-0.0137221496552228,-0.0010435021249577,0.0065221590921282,-0.0076601435430347,0.0405190140008926,-0.0064912093803286,0.0237024910748004,-0.0012360885739326,0.0024579870514571,-0.0095473993569612,0.0160249844193458,0.0049981931224465,0.0043896129354834,0.0227353926748037,0.0012557843001559,-0.0418548732995986,0.0159472674131393,0.018307089805603,0.0618649311363697,0.0177999287843704,0.0492774657905101,0.0047219386324286,0.0277574732899665,0.018624885007739,-0.0216769855469465,-0.0145249878987669,0.0140096135437488,0.0138720842078328,-0.0019285925664007,-0.0042756968177855,-0.0036032074131071,-0.0029199928976595,-0.004305197391659,-0.0070628742687404,0.0614369660615921,0.0241151880472898,-0.0467086248099803,0.0037269392050802,-0.0525109134614467,0.0038818488828837,-0.0029721322935074,0.0702757313847541,-0.0369880348443985,0.0097392229363322,0.0062028970569372,-0.0230242628604173,-0.033404741436243,-0.0046178488992154,-0.0404766276478767,0.0033595089334994,-0.0362376607954502,-0.0322066396474838,0.0027799720410257,0.0090609425678849,-0.0123553844168782,-0.0128979738801717,0.0216389875859022,0.0241481829434633,-0.0390835367143154,-0.0103359073400497,0.0152462627738714,-0.0021213651634752,-0.0430228076875209,0.0080130472779273,0.0486465208232402,0.0077871438115835,-0.0079782027751207,-0.0115904286503791,0.0052816993556916,0.0047230795025825,0.0219911728054285,0.0735938549041748,0.0056292475201189,-0.0117772361263632,0.0101543460041284,0.0077922409400343,0.0081900395452976,-0.0312310121953487,0.0297280177474021,-0.0098591716960072,-0.0133139044046402,-0.0197565983980894,-0.0211769677698612,0.0098355468362569,0.0107017997652292,-0.0424716547131538,0.0311969704926013,0.016226815059781,0.0049806395545601,0.0260342190826801,0.0322091853664658,0.043509245227945,0.0217554362018053,0.0385163999103017,0.0105731716375028,0.0444008159324325,0.035741466773836,0.0283522853781008,0.3159419709610671,0.0693651835850821,0.1561969609778719,2019-02-15,2019-02-19,2019-02-20,2019-02-21,2019-02-22,2019-02-25,2019-02-26,2019-02-27,2019-02-28,2019-03-01,89971.0,2019-02-14,252.0,2.9369%,0.0001,1.1323,1.5241,0.1952,2.1001%,2.5382%,31.5410%,0.0250349999999999,TPX,89971.0,2019-02-15,252.0,1.6227%,0.0,1.1266,1.5188,0.1857,2.0998%,2.5342%,31.3449%,-0.0014149999999999,TPX,89971.0,2019-02-19,252.0,0.9651%,0.0001,1.1293,1.5172,0.1836,2.0994%,2.5348%,31.4046%,0.002449,TPX,89971.0,2019-02-20,252.0,1.7032%,0.0003,1.136,1.5502,0.2124,2.0841%,2.5271%,31.9846%,0.010438,TPX,89971.0,2019-02-21,252.0,-0.0342%,0.0003,1.1368,1.5529,0.2138,2.0841%,2.5266%,31.9603%,0.0053349999999999,TPX,89971.0,2019-02-22,252.0,-0.4444%,0.0002,1.1401,1.5306,0.2323,2.0852%,2.5233%,31.7090%,-0.017332,TPX,89971.0,2019-02-25,252.0,2.0261%,0.0006,1.1296,1.5091,0.1824,2.0139%,2.4633%,33.1566%,0.0228489999999999,TPX,89971.0,2019-02-26,252.0,-1.3800%,0.0005,1.1232,1.5187,0.1825,2.0127%,2.4609%,33.1112%,-0.001832,TPX,89971.0,2019-02-27,252.0,-0.4607%,0.0005,1.1249,1.513,0.1827,2.0133%,2.4611%,33.0845%,-0.008385,TPX,89971.0,2019-02-28,252.0,-0.2057%,0.0005,1.1199,1.5097,0.1789,2.0125%,2.4558%,32.8418%,0.001484,TPX,89971.0,2019-03-01,252.0,0.6185%,0.0005,1.1222,1.5131,0.1853,2.0125%,2.4545%,32.7694%,-0.005631,TPX,0.02362,0.026069,0.036507,0.0245099999999999,0.032995
29323,TEMPUR SEALY INTERNATIONAL INC,"Tempur Sealy shares are trading higher after the company beat Q4 sales, despite missing on EPS.",6,increase,0.8,0.6,"the positive reaction in share price despite missing eps suggests that investors are more focused on the strong sales performance, indicating overall confidence in the company's growth.",2,2019-02-14,TPX,2019-02-14 17:19:00+00:00,89971.0,88023U10,0.0293686185032129,4355094.0,0.016226815059781,0.0049806395545601,0.0096508022397756,0.0270936023443937,0.0170316211879253,-0.010127549059689,-0.000341771316016,0.0066074845381081,-0.0044444156810641,-0.0174364428967237,0.0202609281986951,-0.0046159527264535,-0.01380006223917,0.00894186925143,-0.0046074511483311,0.0011190110817551,-0.0020573073998093,0.0113164559006691,0.0061845150776207,0.0079848291352391,0.0163906272500753,-0.0009497255668975,-0.0159582886844873,0.0271167233586311,-0.0168999936431646,-0.0500370785593986,-0.0086820628494024,0.0148580204695463,0.0042039179243147,0.021714013069868,-0.0015698613133281,0.005603882484138,0.004542248789221,-0.0137221496552228,-0.0010435021249577,0.0065221590921282,-0.0076601435430347,0.0405190140008926,-0.0064912093803286,0.0237024910748004,-0.0012360885739326,0.0024579870514571,-0.0095473993569612,0.0160249844193458,0.0049981931224465,0.0043896129354834,0.0227353926748037,0.0012557843001559,-0.0418548732995986,0.0159472674131393,0.018307089805603,0.0618649311363697,0.0177999287843704,0.0492774657905101,0.0047219386324286,0.0277574732899665,0.018624885007739,-0.0216769855469465,-0.0145249878987669,0.0140096135437488,0.0138720842078328,-0.0019285925664007,-0.0042756968177855,-0.0036032074131071,-0.0029199928976595,-0.004305197391659,-0.0070628742687404,0.0614369660615921,0.0241151880472898,-0.0467086248099803,0.0037269392050802,-0.0525109134614467,0.0038818488828837,-0.0029721322935074,0.0702757313847541,-0.0369880348443985,0.0097392229363322,0.0062028970569372,-0.0230242628604173,-0.033404741436243,-0.0046178488992154,-0.0404766276478767,0.0033595089334994,-0.0362376607954502,-0.0322066396474838,0.0027799720410257,0.0090609425678849,-0.0123553844168782,-0.0128979738801717,0.0216389875859022,0.0241481829434633,-0.0390835367143154,-0.0103359073400497,0.0152462627738714,-0.0021213651634752,-0.0430228076875209,0.0080130472779273,0.0486465208232402,0.0077871438115835,-0.0079782027751207,-0.0115904286503791,0.0052816993556916,0.0047230795025825,0.0219911728054285,0.0735938549041748,0.0056292475201189,-0.0117772361263632,0.0101543460041284,0.0077922409400343,0.0081900395452976,-0.0312310121953487,0.0297280177474021,-0.0098591716960072,-0.0133139044046402,-0.0197565983980894,-0.0211769677698612,0.0098355468362569,0.0107017997652292,-0.0424716547131538,0.0311969704926013,0.016226815059781,0.0049806395545601,0.0260342190826801,0.0322091853664658,0.043509245227945,0.0217554362018053,0.0385163999103017,0.0105731716375028,0.0444008159324325,0.035741466773836,0.0283522853781008,0.3159419709610671,0.0693651835850821,0.1561969609778719,2019-02-15,2019-02-19,2019-02-20,2019-02-21,2019-02-22,2019-02-25,2019-02-26,2019-02-27,2019-02-28,2019-03-01,89971.0,2019-02-14,252.0,2.9369%,0.0001,1.1323,1.5241,0.1952,2.1001%,2.5382%,31.5410%,0.0250349999999999,TPX,89971.0,2019-02-15,252.0,1.6227%,0.0,1.1266,1.5188,0.1857,2.0998%,2.5342%,31.3449%,-0.0014149999999999,TPX,89971.0,2019-02-19,252.0,0.9651%,0.0001,1.1293,1.5172,0.1836,2.0994%,2.5348%,31.4046%,0.002449,TPX,89971.0,2019-02-20,252.0,1.7032%,0.0003,1.136,1.5502,0.2124,2.0841%,2.5271%,31.9846%,0.010438,TPX,89971.0,2019-02-21,252.0,-0.0342%,0.0003,1.1368,1.5529,0.2138,2.0841%,2.5266%,31.9603%,0.0053349999999999,TPX,89971.0,2019-02-22,252.0,-0.4444%,0.0002,1.1401,1.5306,0.2323,2.0852%,2.5233%,31.7090%,-0.017332,TPX,89971.0,2019-02-25,252.0,2.0261%,0.0006,1.1296,1.5091,0.1824,2.0139%,2.4633%,33.1566%,0.0228489999999999,TPX,89971.0,2019-02-26,252.0,-1.3800%,0.0005,1.1232,1.5187,0.1825,2.0127%,2.4609%,33.1112%,-0.001832,TPX,89971.0,2019-02-27,252.0,-0.4607%,0.0005,1.1249,1.513,0.1827,2.0133%,2.4611%,33.0845%,-0.008385,TPX,89971.0,2019-02-28,252.0,-0.2057%,0.0005,1.1199,1.5097,0.1789,2.0125%,2.4558%,32.8418%,0.001484,TPX,89971.0,2019-03-01,252.0,0.6185%,0.0005,1.1222,1.5131,0.1853,2.0125%,2.4545%,32.7694%,-0.005631,TPX,0.02362,0.026069,0.036507,0.0245099999999999,0.032995
29331,TEMPUR SEALY INTERNATIONAL INC,Tempur Sealy Sees FY19 Adj. EBITDA $425M-$475M,6,uncertain,0.6,0.3,"the forecasted adjusted ebitda range is broad, which introduces uncertainty about the company's financial performance and could lead to mixed reactions from investors.",1,2019-02-14,TPX,2019-02-14 12:06:00+00:00,89971.0,88023U10,0.0293686185032129,4355094.0,0.016226815059781,0.0049806395545601,0.0096508022397756,0.0270936023443937,0.0170316211879253,-0.010127549059689,-0.000341771316016,0.0066074845381081,-0.0044444156810641,-0.0174364428967237,0.0202609281986951,-0.0046159527264535,-0.01380006223917,0.00894186925143,-0.0046074511483311,0.0011190110817551,-0.0020573073998093,0.0113164559006691,0.0061845150776207,0.0079848291352391,0.0163906272500753,-0.0009497255668975,-0.0159582886844873,0.0271167233586311,-0.0168999936431646,-0.0500370785593986,-0.0086820628494024,0.0148580204695463,0.0042039179243147,0.021714013069868,-0.0015698613133281,0.005603882484138,0.004542248789221,-0.0137221496552228,-0.0010435021249577,0.0065221590921282,-0.0076601435430347,0.0405190140008926,-0.0064912093803286,0.0237024910748004,-0.0012360885739326,0.0024579870514571,-0.0095473993569612,0.0160249844193458,0.0049981931224465,0.0043896129354834,0.0227353926748037,0.0012557843001559,-0.0418548732995986,0.0159472674131393,0.018307089805603,0.0618649311363697,0.0177999287843704,0.0492774657905101,0.0047219386324286,0.0277574732899665,0.018624885007739,-0.0216769855469465,-0.0145249878987669,0.0140096135437488,0.0138720842078328,-0.0019285925664007,-0.0042756968177855,-0.0036032074131071,-0.0029199928976595,-0.004305197391659,-0.0070628742687404,0.0614369660615921,0.0241151880472898,-0.0467086248099803,0.0037269392050802,-0.0525109134614467,0.0038818488828837,-0.0029721322935074,0.0702757313847541,-0.0369880348443985,0.0097392229363322,0.0062028970569372,-0.0230242628604173,-0.033404741436243,-0.0046178488992154,-0.0404766276478767,0.0033595089334994,-0.0362376607954502,-0.0322066396474838,0.0027799720410257,0.0090609425678849,-0.0123553844168782,-0.0128979738801717,0.0216389875859022,0.0241481829434633,-0.0390835367143154,-0.0103359073400497,0.0152462627738714,-0.0021213651634752,-0.0430228076875209,0.0080130472779273,0.0486465208232402,0.0077871438115835,-0.0079782027751207,-0.0115904286503791,0.0052816993556916,0.0047230795025825,0.0219911728054285,0.0735938549041748,0.0056292475201189,-0.0117772361263632,0.0101543460041284,0.0077922409400343,0.0081900395452976,-0.0312310121953487,0.0297280177474021,-0.0098591716960072,-0.0133139044046402,-0.0197565983980894,-0.0211769677698612,0.0098355468362569,0.0107017997652292,-0.0424716547131538,0.0311969704926013,0.016226815059781,0.0049806395545601,0.0260342190826801,0.0322091853664658,0.043509245227945,0.0217554362018053,0.0385163999103017,0.0105731716375028,0.0444008159324325,0.035741466773836,0.0283522853781008,0.3159419709610671,0.0693651835850821,0.1561969609778719,2019-02-15,2019-02-19,2019-02-20,2019-02-21,2019-02-22,2019-02-25,2019-02-26,2019-02-27,2019-02-28,2019-03-01,89971.0,2019-02-14,252.0,2.9369%,0.0001,1.1323,1.5241,0.1952,2.1001%,2.5382%,31.5410%,0.0250349999999999,TPX,89971.0,2019-02-15,252.0,1.6227%,0.0,1.1266,1.5188,0.1857,2.0998%,2.5342%,31.3449%,-0.0014149999999999,TPX,89971.0,2019-02-19,252.0,0.9651%,0.0001,1.1293,1.5172,0.1836,2.0994%,2.5348%,31.4046%,0.002449,TPX,89971.0,2019-02-20,252.0,1.7032%,0.0003,1.136,1.5502,0.2124,2.0841%,2.5271%,31.9846%,0.010438,TPX,89971.0,2019-02-21,252.0,-0.0342%,0.0003,1.1368,1.5529,0.2138,2.0841%,2.5266%,31.9603%,0.0053349999999999,TPX,89971.0,2019-02-22,252.0,-0.4444%,0.0002,1.1401,1.5306,0.2323,2.0852%,2.5233%,31.7090%,-0.017332,TPX,89971.0,2019-02-25,252.0,2.0261%,0.0006,1.1296,1.5091,0.1824,2.0139%,2.4633%,33.1566%,0.0228489999999999,TPX,89971.0,2019-02-26,252.0,-1.3800%,0.0005,1.1232,1.5187,0.1825,2.0127%,2.4609%,33.1112%,-0.001832,TPX,89971.0,2019-02-27,252.0,-0.4607%,0.0005,1.1249,1.513,0.1827,2.0133%,2.4611%,33.0845%,-0.008385,TPX,89971.0,2019-02-28,252.0,-0.2057%,0.0005,1.1199,1.5097,0.1789,2.0125%,2.4558%,32.8418%,0.001484,TPX,89971.0,2019-03-01,252.0,0.6185%,0.0005,1.1222,1.5131,0.1853,2.0125%,2.4545%,32.7694%,-0.005631,TPX,0.02362,0.026069,0.036507,0.0245099999999999,0.032995
29339,TEMPUR SEALY INTERNATIONAL INC,"Tempur Sealy Q4 EPS $0.90 Misses $0.97 Estimate, Sales $676.1M Beat $660.24M Estimate",6,uncertain,0.6,0.2,"while the sales beat expectations, the earnings miss could lead to mixed reactions from investors, resulting in uncertainty about the stock's direction.",1,2019-02-14,TPX,2019-02-14 12:05:00+00:00,89971.0,88023U10,0.0293686185032129,4355094.0,0.016226815059781,0.0049806395545601,0.0096508022397756,0.0270936023443937,0.0170316211879253,-0.010127549059689,-0.000341771316016,0.0066074845381081,-0.0044444156810641,-0.0174364428967237,0.0202609281986951,-0.0046159527264535,-0.01380006223917,0.00894186925143,-0.0046074511483311,0.0011190110817551,-0.0020573073998093,0.0113164559006691,0.0061845150776207,0.0079848291352391,0.0163906272500753,-0.0009497255668975,-0.0159582886844873,0.0271167233586311,-0.0168999936431646,-0.0500370785593986,-0.0086820628494024,0.0148580204695463,0.0042039179243147,0.021714013069868,-0.0015698613133281,0.005603882484138,0.004542248789221,-0.0137221496552228,-0.0010435021249577,0.0065221590921282,-0.0076601435430347,0.0405190140008926,-0.0064912093803286,0.0237024910748004,-0.0012360885739326,0.0024579870514571,-0.0095473993569612,0.0160249844193458,0.0049981931224465,0.0043896129354834,0.0227353926748037,0.0012557843001559,-0.0418548732995986,0.0159472674131393,0.018307089805603,0.0618649311363697,0.0177999287843704,0.0492774657905101,0.0047219386324286,0.0277574732899665,0.018624885007739,-0.0216769855469465,-0.0145249878987669,0.0140096135437488,0.0138720842078328,-0.0019285925664007,-0.0042756968177855,-0.0036032074131071,-0.0029199928976595,-0.004305197391659,-0.0070628742687404,0.0614369660615921,0.0241151880472898,-0.0467086248099803,0.0037269392050802,-0.0525109134614467,0.0038818488828837,-0.0029721322935074,0.0702757313847541,-0.0369880348443985,0.0097392229363322,0.0062028970569372,-0.0230242628604173,-0.033404741436243,-0.0046178488992154,-0.0404766276478767,0.0033595089334994,-0.0362376607954502,-0.0322066396474838,0.0027799720410257,0.0090609425678849,-0.0123553844168782,-0.0128979738801717,0.0216389875859022,0.0241481829434633,-0.0390835367143154,-0.0103359073400497,0.0152462627738714,-0.0021213651634752,-0.0430228076875209,0.0080130472779273,0.0486465208232402,0.0077871438115835,-0.0079782027751207,-0.0115904286503791,0.0052816993556916,0.0047230795025825,0.0219911728054285,0.0735938549041748,0.0056292475201189,-0.0117772361263632,0.0101543460041284,0.0077922409400343,0.0081900395452976,-0.0312310121953487,0.0297280177474021,-0.0098591716960072,-0.0133139044046402,-0.0197565983980894,-0.0211769677698612,0.0098355468362569,0.0107017997652292,-0.0424716547131538,0.0311969704926013,0.016226815059781,0.0049806395545601,0.0260342190826801,0.0322091853664658,0.043509245227945,0.0217554362018053,0.0385163999103017,0.0105731716375028,0.0444008159324325,0.035741466773836,0.0283522853781008,0.3159419709610671,0.0693651835850821,0.1561969609778719,2019-02-15,2019-02-19,2019-02-20,2019-02-21,2019-02-22,2019-02-25,2019-02-26,2019-02-27,2019-02-28,2019-03-01,89971.0,2019-02-14,252.0,2.9369%,0.0001,1.1323,1.5241,0.1952,2.1001%,2.5382%,31.5410%,0.0250349999999999,TPX,89971.0,2019-02-15,252.0,1.6227%,0.0,1.1266,1.5188,0.1857,2.0998%,2.5342%,31.3449%,-0.0014149999999999,TPX,89971.0,2019-02-19,252.0,0.9651%,0.0001,1.1293,1.5172,0.1836,2.0994%,2.5348%,31.4046%,0.002449,TPX,89971.0,2019-02-20,252.0,1.7032%,0.0003,1.136,1.5502,0.2124,2.0841%,2.5271%,31.9846%,0.010438,TPX,89971.0,2019-02-21,252.0,-0.0342%,0.0003,1.1368,1.5529,0.2138,2.0841%,2.5266%,31.9603%,0.0053349999999999,TPX,89971.0,2019-02-22,252.0,-0.4444%,0.0002,1.1401,1.5306,0.2323,2.0852%,2.5233%,31.7090%,-0.017332,TPX,89971.0,2019-02-25,252.0,2.0261%,0.0006,1.1296,1.5091,0.1824,2.0139%,2.4633%,33.1566%,0.0228489999999999,TPX,89971.0,2019-02-26,252.0,-1.3800%,0.0005,1.1232,1.5187,0.1825,2.0127%,2.4609%,33.1112%,-0.001832,TPX,89971.0,2019-02-27,252.0,-0.4607%,0.0005,1.1249,1.513,0.1827,2.0133%,2.4611%,33.0845%,-0.008385,TPX,89971.0,2019-02-28,252.0,-0.2057%,0.0005,1.1199,1.5097,0.1789,2.0125%,2.4558%,32.8418%,0.001484,TPX,89971.0,2019-03-01,252.0,0.6185%,0.0005,1.1222,1.5131,0.1853,2.0125%,2.4545%,32.7694%,-0.005631,TPX,0.02362,0.026069,0.036507,0.0245099999999999,0.032995
29347,TREX COMPANY INC,Trex Sees Q1 Sales $176M vs $189.6M Estimate,6,decrease,0.8,0.7,"the reported sales of $176m fell short of the $189.6m estimate, likely leading to negative investor sentiment and a decrease in stock price.",0,2019-02-14,TREX,2019-02-14 21:03:00+00:00,86810.0,89531P10,0.0082368003204464,914970.0,-0.0201684236526489,0.0007727660704404,0.0198019351810216,0.0294351801276207,-0.0335973091423511,0.0438754074275493,-0.000132215936901,-0.0002766935795079,0.0011898990487679,0.009075591340661,0.0162418540567159,-0.0008370195282623,-0.0054573565721511,0.0067416206002235,-0.0028743299189955,0.0132346712052822,-0.0179507695138454,0.0073107010684907,0.0078719677403569,0.0333283953368663,0.0006618403713218,0.0119922505691647,-0.0209021605551242,-0.0053675356321036,-0.0193217173218727,0.0055472678504884,-0.021769106388092,0.0001498651399742,-0.0066197356209158,0.0072497110813856,0.0355877242982387,-0.0257504414767026,-0.0169769693166017,-0.0301127526909112,-0.0157382283359766,0.0251646116375923,-0.0084901442751288,0.0247376561164856,0.0017126123420894,0.0007501188665628,0.0179511960595846,-0.0026934056077152,-0.0312105789780616,-0.0206623114645481,-0.0524415597319603,0.0051553761586546,-0.0019819675944745,-0.0030836870428174,-0.049648642539978,0.0240601282566785,0.0118952207267284,0.0226049702614545,-0.0066719935275614,0.0154590541496872,-0.0482968240976333,0.0536361001431942,0.0623425133526325,-0.004096345975995,-0.0268902368843555,0.0281333923339843,0.0469766445457935,0.0206327512860298,0.0186305996030569,-0.0010305972537025,0.0166132654994726,0.0130502870306372,0.0161919314414262,0.072001501917839,0.031572725623846,-0.0361380502581596,0.0005720955086871,-0.0260900314897298,-0.0087192766368389,-0.018897071480751,0.0302811618894338,-0.005976814776659,0.0216935351490974,0.0291739851236343,0.025890402495861,-0.0341198146343231,-0.0022699716500937,-0.0245073605328798,0.0175320878624916,-0.041276428848505,0.0069709164090454,0.0353386178612709,-0.0030041239224374,0.007118031848222,-0.0163762606680393,-0.0366767533123493,0.0194459110498428,0.0012773114722222,0.0079696970060467,0.0183740016072988,-0.0106286415830254,-0.0567484237253665,-0.0039303423836827,0.0230660196393728,0.0065763513557612,0.0059984386898577,-0.0948647856712341,0.0004737646668218,-0.0498050674796104,0.0471307821571826,-0.0139774866402149,-0.0067345569841563,0.0431432239711284,0.0185711998492479,-0.0279172752052545,-0.000668799795676,-0.0270475428551435,0.0232677608728408,-0.0237388797104358,-0.0173167251050472,-0.0006398512632586,0.0148438652977347,0.0108852293342351,-0.015123470686376,-0.0399049930274486,0.0074487663805484,-0.0201684236526489,0.0007727660704404,-0.0007658622895003,0.0302306927065409,-0.0343374405197507,0.0754324840934068,-0.0333162274603534,0.0848924039892384,-0.0357415846497659,0.1509405208230612,-0.2147050915802554,0.3089622004448056,-0.2260658170594235,0.3153884785888996,2019-02-15,2019-02-19,2019-02-20,2019-02-21,2019-02-22,2019-02-25,2019-02-26,2019-02-27,2019-02-28,2019-03-01,86810.0,2019-02-14,252.0,0.8237%,0.0012,1.2914,1.871,0.1823,2.0336%,2.6367%,40.5146%,0.002183,TREX,86810.0,2019-02-15,252.0,-2.0168%,0.0011,1.274,1.8509,0.1481,2.0489%,2.6391%,39.7243%,-0.040414,TREX,86810.0,2019-02-19,252.0,1.9802%,0.0012,1.2778,1.8548,0.1522,2.0497%,2.6413%,39.7819%,0.01147,TREX,86810.0,2019-02-20,252.0,-3.3597%,0.0011,1.2674,1.8381,0.117,2.0648%,2.6502%,39.2998%,-0.041043,TREX,86810.0,2019-02-21,252.0,-0.0132%,0.0011,1.2683,1.8411,0.1187,2.0647%,2.6496%,39.2750%,0.0060129999999999,TREX,86810.0,2019-02-22,252.0,0.1190%,0.001,1.2702,1.8505,0.15,2.0664%,2.6496%,39.1763%,-0.015536,TREX,86810.0,2019-02-25,252.0,1.6242%,0.0013,1.2642,1.8355,0.1197,2.0441%,2.6314%,39.6576%,0.019318,TREX,86810.0,2019-02-26,252.0,-0.5457%,0.0012,1.2465,1.8425,0.11,2.0375%,2.6204%,39.5400%,0.008608,TREX,86810.0,2019-02-27,252.0,-0.2874%,0.0012,1.2433,1.8456,0.1094,2.0378%,2.6196%,39.4882%,-0.007465,TREX,86810.0,2019-02-28,252.0,-1.7951%,0.0012,1.2307,1.8364,0.1039,2.0317%,2.6046%,39.1490%,-0.014292,TREX,86810.0,2019-03-01,252.0,0.7872%,0.0012,1.2228,1.8247,0.095,2.0312%,2.5967%,38.8157%,-0.0059889999999999,TREX,-0.038231,-0.026761,-0.067804,-0.077327,-0.077147
29355,TREX COMPANY INC,"Trex Q4 EPS $0.43 Beats $0.36 Estimate, Sales $140M Beat $131.44M Estimate",6,increase,0.8,0.7,"the company reported better-than-expected earnings and sales, which typically boosts investor confidence and can lead to an increase in stock price.",2,2019-02-14,TREX,2019-02-14 21:03:00+00:00,86810.0,89531P10,0.0082368003204464,914970.0,-0.0201684236526489,0.0007727660704404,0.0198019351810216,0.0294351801276207,-0.0335973091423511,0.0438754074275493,-0.000132215936901,-0.0002766935795079,0.0011898990487679,0.009075591340661,0.0162418540567159,-0.0008370195282623,-0.0054573565721511,0.0067416206002235,-0.0028743299189955,0.0132346712052822,-0.0179507695138454,0.0073107010684907,0.0078719677403569,0.0333283953368663,0.0006618403713218,0.0119922505691647,-0.0209021605551242,-0.0053675356321036,-0.0193217173218727,0.0055472678504884,-0.021769106388092,0.0001498651399742,-0.0066197356209158,0.0072497110813856,0.0355877242982387,-0.0257504414767026,-0.0169769693166017,-0.0301127526909112,-0.0157382283359766,0.0251646116375923,-0.0084901442751288,0.0247376561164856,0.0017126123420894,0.0007501188665628,0.0179511960595846,-0.0026934056077152,-0.0312105789780616,-0.0206623114645481,-0.0524415597319603,0.0051553761586546,-0.0019819675944745,-0.0030836870428174,-0.049648642539978,0.0240601282566785,0.0118952207267284,0.0226049702614545,-0.0066719935275614,0.0154590541496872,-0.0482968240976333,0.0536361001431942,0.0623425133526325,-0.004096345975995,-0.0268902368843555,0.0281333923339843,0.0469766445457935,0.0206327512860298,0.0186305996030569,-0.0010305972537025,0.0166132654994726,0.0130502870306372,0.0161919314414262,0.072001501917839,0.031572725623846,-0.0361380502581596,0.0005720955086871,-0.0260900314897298,-0.0087192766368389,-0.018897071480751,0.0302811618894338,-0.005976814776659,0.0216935351490974,0.0291739851236343,0.025890402495861,-0.0341198146343231,-0.0022699716500937,-0.0245073605328798,0.0175320878624916,-0.041276428848505,0.0069709164090454,0.0353386178612709,-0.0030041239224374,0.007118031848222,-0.0163762606680393,-0.0366767533123493,0.0194459110498428,0.0012773114722222,0.0079696970060467,0.0183740016072988,-0.0106286415830254,-0.0567484237253665,-0.0039303423836827,0.0230660196393728,0.0065763513557612,0.0059984386898577,-0.0948647856712341,0.0004737646668218,-0.0498050674796104,0.0471307821571826,-0.0139774866402149,-0.0067345569841563,0.0431432239711284,0.0185711998492479,-0.0279172752052545,-0.000668799795676,-0.0270475428551435,0.0232677608728408,-0.0237388797104358,-0.0173167251050472,-0.0006398512632586,0.0148438652977347,0.0108852293342351,-0.015123470686376,-0.0399049930274486,0.0074487663805484,-0.0201684236526489,0.0007727660704404,-0.0007658622895003,0.0302306927065409,-0.0343374405197507,0.0754324840934068,-0.0333162274603534,0.0848924039892384,-0.0357415846497659,0.1509405208230612,-0.2147050915802554,0.3089622004448056,-0.2260658170594235,0.3153884785888996,2019-02-15,2019-02-19,2019-02-20,2019-02-21,2019-02-22,2019-02-25,2019-02-26,2019-02-27,2019-02-28,2019-03-01,86810.0,2019-02-14,252.0,0.8237%,0.0012,1.2914,1.871,0.1823,2.0336%,2.6367%,40.5146%,0.002183,TREX,86810.0,2019-02-15,252.0,-2.0168%,0.0011,1.274,1.8509,0.1481,2.0489%,2.6391%,39.7243%,-0.040414,TREX,86810.0,2019-02-19,252.0,1.9802%,0.0012,1.2778,1.8548,0.1522,2.0497%,2.6413%,39.7819%,0.01147,TREX,86810.0,2019-02-20,252.0,-3.3597%,0.0011,1.2674,1.8381,0.117,2.0648%,2.6502%,39.2998%,-0.041043,TREX,86810.0,2019-02-21,252.0,-0.0132%,0.0011,1.2683,1.8411,0.1187,2.0647%,2.6496%,39.2750%,0.0060129999999999,TREX,86810.0,2019-02-22,252.0,0.1190%,0.001,1.2702,1.8505,0.15,2.0664%,2.6496%,39.1763%,-0.015536,TREX,86810.0,2019-02-25,252.0,1.6242%,0.0013,1.2642,1.8355,0.1197,2.0441%,2.6314%,39.6576%,0.019318,TREX,86810.0,2019-02-26,252.0,-0.5457%,0.0012,1.2465,1.8425,0.11,2.0375%,2.6204%,39.5400%,0.008608,TREX,86810.0,2019-02-27,252.0,-0.2874%,0.0012,1.2433,1.8456,0.1094,2.0378%,2.6196%,39.4882%,-0.007465,TREX,86810.0,2019-02-28,252.0,-1.7951%,0.0012,1.2307,1.8364,0.1039,2.0317%,2.6046%,39.1490%,-0.014292,TREX,86810.0,2019-03-01,252.0,0.7872%,0.0012,1.2228,1.8247,0.095,2.0312%,2.5967%,38.8157%,-0.0059889999999999,TREX,-0.038231,-0.026761,-0.067804,-0.077327,-0.077147
29363,T C ENERGY CORP,TransCanada Q4 EPS C$1.03 vs C$0.98 In Same Qtr. Last Year,6,increase,0.7,0.6,"the increase in eps from c$0.98 to c$1.03 suggests improved profitability, which is likely to positively influence investor sentiment and drive the stock price higher.",2,2019-02-14,TRP,2019-02-14 12:41:00+00:00,67774.0,87807B10,0.0111878421157598,1526221.0,0.0080037703737616,0.0059865904040634,0.006071978714317,0.0168005507439374,0.0227483641356229,-0.0127403559163212,0.0083976155146956,-0.0121111879125237,0.0054017072543501,-0.0091764563694596,-0.0004476526519283,-0.0053826244547963,0.0073907729238271,0.0047025810927152,-0.0042240689508616,0.0051996549591422,-0.0015628420514985,-0.0049388306215405,-0.0004472374275792,0.0042513064108788,0.0029083013068884,0.0028422295581549,0.0011153074447065,0.013928959146142,0.0004456429742276,-0.0050178994424641,-0.0044543598778545,0.0133171733468771,0.0,0.0041331914253532,0.0055928411893546,-0.0077201374806463,0.0064516332931816,-0.0048019387759268,0.0006631029536947,0.005552954506129,-0.0028716824017465,0.0048519396223127,0.0004430761619005,0.0019446240039542,0.0126217827200889,0.0130509426817297,-0.0034987940452992,-0.0002461428230162,0.0041693793609738,-0.0004921372747048,-0.0083041358739137,0.0167625248432159,0.0008813816821202,0.004523757379502,0.0002202143659815,0.0171268414705991,0.001540825353004,0.0163678154349327,-0.0048351916484534,0.0283195655792951,0.0021974579431116,0.0086230039596557,0.0026773524004966,0.0394957922399044,0.0200267359614372,-0.0025146731641143,-0.001308930455707,0.0037818322889506,0.0008737639873288,-0.005226922687143,-0.0032737129367887,0.0248096194118261,0.0065689305774867,-0.0350924134254455,0.0067434753291308,-0.0205169320106506,-0.0066983052529394,-0.0289780776947736,0.0060909022577106,0.0141695328056812,0.0025945715606212,-0.0223191101104021,0.0040975296869874,-0.0264735594391822,-0.0025773784145712,-0.003236177843064,0.0015073147369548,0.0070192725397646,0.0049452455714344,0.0108971185982227,0.0006418224074877,0.0025406116619706,0.0162496957927942,-0.0223546382039785,0.0002104383893311,-0.0022304870653897,0.0039966055192053,-0.0272420700639486,-0.0031426297500729,-0.0097875352948904,0.0046237367205321,0.0237048212438821,-0.0020920182578265,0.0,0.001257810392417,0.0174042005091905,-0.0067001613788306,-0.0009934699628502,-0.0096964398398995,0.0017417193157598,-0.0070242234505712,0.0123425154015421,0.0060021174140274,-0.0257668532431125,-0.0066056121140718,0.0071675959043204,0.0045045670121908,0.0017330946866422,0.0006405888707377,0.0107607683166861,0.0012803575955331,0.0050302003510296,-0.0031968823168426,0.0124776642769575,0.0080037703737616,0.0059865904040634,0.0141243478114225,0.0228877191638676,0.037194017754238,0.0098557655592859,0.0515536414149697,-0.0115294516186105,0.0522599174220506,-0.0077940912369883,0.0711157520291112,0.1767506277161037,0.1147326587589234,0.084920212944354,2019-02-15,2019-02-19,2019-02-20,2019-02-21,2019-02-22,2019-02-25,2019-02-26,2019-02-27,2019-02-28,2019-03-01,67774.0,2019-02-14,252.0,1.1188%,0.0002,0.5937,0.3645,0.3817,1.2298%,1.3663%,18.9844%,0.012735,TRP,67774.0,2019-02-15,252.0,0.8004%,0.0002,0.6032,0.3729,0.3969,1.2271%,1.3671%,19.4330%,-0.001549,TRP,67774.0,2019-02-19,252.0,0.6072%,0.0001,0.589,0.3948,0.4228,1.1913%,1.3295%,19.7058%,0.002554,TRP,67774.0,2019-02-20,252.0,2.2748%,0.0001,0.593,0.3985,0.4356,1.1945%,1.3341%,19.8348%,0.018335,TRP,67774.0,2019-02-21,252.0,0.8398%,0.0002,0.5866,0.388,0.4237,1.1950%,1.3311%,19.4093%,0.011772,TRP,67774.0,2019-02-22,252.0,0.5402%,0.0002,0.5861,0.3811,0.4118,1.1949%,1.3307%,19.3722%,0.005584,TRP,67774.0,2019-02-25,252.0,-0.0448%,0.0002,0.586,0.3808,0.411,1.1948%,1.3306%,19.3630%,0.000305,TRP,67774.0,2019-02-26,252.0,0.7391%,0.0002,0.5779,0.3722,0.4006,1.1957%,1.3273%,18.8537%,0.012022,TRP,67774.0,2019-02-27,252.0,-0.4224%,0.0002,0.5798,0.3673,0.4009,1.1958%,1.3276%,18.8746%,-0.005071,TRP,67774.0,2019-02-28,252.0,-0.1563%,0.0003,0.5708,0.3611,0.3942,1.1913%,1.3189%,18.4165%,0.001063,TRP,67774.0,2019-03-01,252.0,-0.0447%,0.0004,0.5525,0.3339,0.3679,1.1777%,1.2974%,17.6013%,-0.004118,TRP,0.011186,0.01374,0.032075,0.049431,0.053632
29371,TRUECAR INC,TrueCar shares are trading lower after the company missed Q4 earnings estimates and issued weak Q1 guidance.,6,decrease,0.85,0.7,"missing earnings estimates and providing weak guidance typically signals financial underperformance, which generally leads to a decline in stock price.",0,2019-02-14,TRUE,2019-02-14 22:16:00+00:00,14677.0,89785L10,0.0178925786167383,1359888.0,-0.248046875,-0.0029732142575085,-0.0038960692472755,0.0212550647556781,0.0560626201331615,-0.0020201520528644,-0.0641975849866867,0.0040567913092672,0.0158311203122139,-0.021825423464179,-0.0129870008677244,0.0100200790911912,-0.0118420626968145,0.0235896967351436,-0.0199733804911375,0.0220125820487737,-0.0163043960928916,0.0170575529336929,0.0165746361017227,0.0140540665015578,-0.0013587267603725,-0.0043057007715106,-0.0081632575020194,-0.0064171571284532,-0.0246913339942693,-0.0053190682083368,-0.0154711855575442,0.0129310227930545,-0.0028571400325745,0.0,0.0114613072946667,-0.0127659458667039,0.0028328585904091,-0.024896340444684,-0.0268361661583185,0.0083681922405958,-0.0145137747749686,0.0116402767598629,0.020618537440896,-0.0083945356309413,-0.0129869664087891,0.0116772456094622,-0.0116958953440189,-0.0136125767603516,-0.0073964777402579,-0.0083073647692799,0.00894186925143,0.0052192267030477,-0.0369276218116283,0.0084210447967052,-0.0199386682361364,0.0259179007261991,0.0031298876274377,0.0087145883589982,0.0078003420494496,0.0177383422851562,0.0015479492722079,-0.0216919519007206,0.0262751281261444,0.0176600273698568,-0.0045180320739746,-0.0226537249982357,-0.0015128939412534,0.0209251698106527,-0.0030303001403808,0.0133928442373871,0.0075988131575286,0.0653983578085899,0.004524846561253,0.0169285833835601,-0.0075074648484587,-0.0861878171563148,-0.0166414715349674,-0.0173724051564931,0.0046154167503118,-0.0139186419546604,-0.0153139932081103,-0.015806071460247,0.0015552456025034,-0.0316326953470706,-0.0170807652175426,-0.0010193912312388,-0.0078988494351506,-0.0248508937656879,0.003184710163623,0.0286299269646406,-0.0079365381971001,0.0020491294562816,-0.0080000301823019,0.0020534351933747,-0.0209676846861839,-0.048828125,-0.008237263187766,0.0417090393602848,0.0033222560305148,-0.0296150241047143,0.0165562760084867,-0.0268971882760524,0.0423453152179718,-0.0169971957802772,0.0062499940395355,-0.0102803418412804,0.0,0.0122989704832434,0.0326087027788162,-0.0075117303058505,0.0511277690529823,0.0430949628353118,0.0057225236669182,0.0009804145665839,-0.009957349859178,0.0,0.0,-0.0077820941805839,0.035919539630413,-0.0392523445188999,-0.1456310898065567,0.0075329495593905,0.0600649937987327,0.0211538728326559,-0.248046875,-0.0029732142575085,-0.2509765364457053,0.0182186546365938,-0.2089843185376358,0.0161616981311649,-0.2480468753655355,-0.0019840774570251,-0.2812499686921027,0.0875676132671809,-0.3515624957443444,0.1103752734477065,-0.3623046470043629,-0.0326922345302566,2019-02-15,2019-02-19,2019-02-20,2019-02-21,2019-02-22,2019-02-25,2019-02-26,2019-02-27,2019-02-28,2019-03-01,14677.0,2019-02-14,252.0,1.7893%,-0.0005,0.7205,0.6321,-0.6013,2.3493%,2.5850%,17.4017%,0.012633,TRUE,14677.0,2019-02-15,252.0,-24.8047%,-0.0017,0.5381,0.4407,-0.9337,2.8341%,3.0164%,11.7199%,-0.254982,TRUE,14677.0,2019-02-19,252.0,-0.3896%,-0.0019,0.5225,0.4611,-0.9095,2.8174%,2.9927%,11.3740%,-0.003496,TRUE,14677.0,2019-02-20,252.0,5.6063%,-0.0014,0.545,0.5374,-0.8224,2.8173%,2.9902%,11.2332%,0.058958,TRUE,14677.0,2019-02-21,252.0,-6.4198%,-0.0018,0.5783,0.5915,-0.7609,2.8250%,3.0012%,11.3962%,-0.0637969999999999,TRUE,14677.0,2019-02-22,252.0,1.5831%,-0.0016,0.5756,0.6628,-0.7273,2.8052%,2.9846%,11.6628%,-0.002466,TRUE,14677.0,2019-02-25,252.0,-1.2987%,-0.0017,0.5782,0.6712,-0.7133,2.8028%,2.9816%,11.6295%,-0.013536,TRUE,14677.0,2019-02-26,252.0,-1.1842%,-0.0017,0.5811,0.6787,-0.7074,2.8032%,2.9822%,11.6446%,-0.009075,TRUE,14677.0,2019-02-27,252.0,-1.9973%,-0.0018,0.5776,0.6788,-0.708,2.8059%,2.9839%,11.5694%,-0.022735,TRUE,14677.0,2019-02-28,252.0,-1.6304%,-0.0018,0.5684,0.672,-0.7113,2.8038%,2.9786%,11.3911%,-0.01652,TRUE,14677.0,2019-03-01,252.0,1.6575%,-0.0018,0.5751,0.6821,-0.7052,2.8040%,2.9807%,11.5043%,0.007598,TRUE,-0.2423489999999999,-0.2458449999999999,-0.1868869999999999,-0.25315,-0.3074179999999999
29379,TRUECAR INC,"TrueCar Sees Q1 Adj. EBITDA $3M-$5M, Sales $84M-$86M vs $93M Estimate; FY19 Sales $371M-$378M vs $410M Est.",6,decrease,0.8,0.7,"the company's projected sales and ebitda for q1 and fy19 are significantly below analyst estimates, indicating weaker performance that is likely to negatively impact investor sentiment.",0,2019-02-14,TRUE,2019-02-14 21:04:00+00:00,14677.0,89785L10,0.0178925786167383,1359888.0,-0.248046875,-0.0029732142575085,-0.0038960692472755,0.0212550647556781,0.0560626201331615,-0.0020201520528644,-0.0641975849866867,0.0040567913092672,0.0158311203122139,-0.021825423464179,-0.0129870008677244,0.0100200790911912,-0.0118420626968145,0.0235896967351436,-0.0199733804911375,0.0220125820487737,-0.0163043960928916,0.0170575529336929,0.0165746361017227,0.0140540665015578,-0.0013587267603725,-0.0043057007715106,-0.0081632575020194,-0.0064171571284532,-0.0246913339942693,-0.0053190682083368,-0.0154711855575442,0.0129310227930545,-0.0028571400325745,0.0,0.0114613072946667,-0.0127659458667039,0.0028328585904091,-0.024896340444684,-0.0268361661583185,0.0083681922405958,-0.0145137747749686,0.0116402767598629,0.020618537440896,-0.0083945356309413,-0.0129869664087891,0.0116772456094622,-0.0116958953440189,-0.0136125767603516,-0.0073964777402579,-0.0083073647692799,0.00894186925143,0.0052192267030477,-0.0369276218116283,0.0084210447967052,-0.0199386682361364,0.0259179007261991,0.0031298876274377,0.0087145883589982,0.0078003420494496,0.0177383422851562,0.0015479492722079,-0.0216919519007206,0.0262751281261444,0.0176600273698568,-0.0045180320739746,-0.0226537249982357,-0.0015128939412534,0.0209251698106527,-0.0030303001403808,0.0133928442373871,0.0075988131575286,0.0653983578085899,0.004524846561253,0.0169285833835601,-0.0075074648484587,-0.0861878171563148,-0.0166414715349674,-0.0173724051564931,0.0046154167503118,-0.0139186419546604,-0.0153139932081103,-0.015806071460247,0.0015552456025034,-0.0316326953470706,-0.0170807652175426,-0.0010193912312388,-0.0078988494351506,-0.0248508937656879,0.003184710163623,0.0286299269646406,-0.0079365381971001,0.0020491294562816,-0.0080000301823019,0.0020534351933747,-0.0209676846861839,-0.048828125,-0.008237263187766,0.0417090393602848,0.0033222560305148,-0.0296150241047143,0.0165562760084867,-0.0268971882760524,0.0423453152179718,-0.0169971957802772,0.0062499940395355,-0.0102803418412804,0.0,0.0122989704832434,0.0326087027788162,-0.0075117303058505,0.0511277690529823,0.0430949628353118,0.0057225236669182,0.0009804145665839,-0.009957349859178,0.0,0.0,-0.0077820941805839,0.035919539630413,-0.0392523445188999,-0.1456310898065567,0.0075329495593905,0.0600649937987327,0.0211538728326559,-0.248046875,-0.0029732142575085,-0.2509765364457053,0.0182186546365938,-0.2089843185376358,0.0161616981311649,-0.2480468753655355,-0.0019840774570251,-0.2812499686921027,0.0875676132671809,-0.3515624957443444,0.1103752734477065,-0.3623046470043629,-0.0326922345302566,2019-02-15,2019-02-19,2019-02-20,2019-02-21,2019-02-22,2019-02-25,2019-02-26,2019-02-27,2019-02-28,2019-03-01,14677.0,2019-02-14,252.0,1.7893%,-0.0005,0.7205,0.6321,-0.6013,2.3493%,2.5850%,17.4017%,0.012633,TRUE,14677.0,2019-02-15,252.0,-24.8047%,-0.0017,0.5381,0.4407,-0.9337,2.8341%,3.0164%,11.7199%,-0.254982,TRUE,14677.0,2019-02-19,252.0,-0.3896%,-0.0019,0.5225,0.4611,-0.9095,2.8174%,2.9927%,11.3740%,-0.003496,TRUE,14677.0,2019-02-20,252.0,5.6063%,-0.0014,0.545,0.5374,-0.8224,2.8173%,2.9902%,11.2332%,0.058958,TRUE,14677.0,2019-02-21,252.0,-6.4198%,-0.0018,0.5783,0.5915,-0.7609,2.8250%,3.0012%,11.3962%,-0.0637969999999999,TRUE,14677.0,2019-02-22,252.0,1.5831%,-0.0016,0.5756,0.6628,-0.7273,2.8052%,2.9846%,11.6628%,-0.002466,TRUE,14677.0,2019-02-25,252.0,-1.2987%,-0.0017,0.5782,0.6712,-0.7133,2.8028%,2.9816%,11.6295%,-0.013536,TRUE,14677.0,2019-02-26,252.0,-1.1842%,-0.0017,0.5811,0.6787,-0.7074,2.8032%,2.9822%,11.6446%,-0.009075,TRUE,14677.0,2019-02-27,252.0,-1.9973%,-0.0018,0.5776,0.6788,-0.708,2.8059%,2.9839%,11.5694%,-0.022735,TRUE,14677.0,2019-02-28,252.0,-1.6304%,-0.0018,0.5684,0.672,-0.7113,2.8038%,2.9786%,11.3911%,-0.01652,TRUE,14677.0,2019-03-01,252.0,1.6575%,-0.0018,0.5751,0.6821,-0.7052,2.8040%,2.9807%,11.5043%,0.007598,TRUE,-0.2423489999999999,-0.2458449999999999,-0.1868869999999999,-0.25315,-0.3074179999999999
29387,TRUECAR INC,"TrueCar Acquires 20% Stake In Vehicle Appraisal Technology, Accu-Trade; Terms Not Disclosed",6,increase,0.7,0.6,"acquiring a stake in a technology company like accu-trade could enhance truecar's capabilities and market position, potentially leading to positive investor sentiment.",2,2019-02-14,TRUE,2019-02-14 21:04:00+00:00,14677.0,89785L10,0.0178925786167383,1359888.0,-0.248046875,-0.0029732142575085,-0.0038960692472755,0.0212550647556781,0.0560626201331615,-0.0020201520528644,-0.0641975849866867,0.0040567913092672,0.0158311203122139,-0.021825423464179,-0.0129870008677244,0.0100200790911912,-0.0118420626968145,0.0235896967351436,-0.0199733804911375,0.0220125820487737,-0.0163043960928916,0.0170575529336929,0.0165746361017227,0.0140540665015578,-0.0013587267603725,-0.0043057007715106,-0.0081632575020194,-0.0064171571284532,-0.0246913339942693,-0.0053190682083368,-0.0154711855575442,0.0129310227930545,-0.0028571400325745,0.0,0.0114613072946667,-0.0127659458667039,0.0028328585904091,-0.024896340444684,-0.0268361661583185,0.0083681922405958,-0.0145137747749686,0.0116402767598629,0.020618537440896,-0.0083945356309413,-0.0129869664087891,0.0116772456094622,-0.0116958953440189,-0.0136125767603516,-0.0073964777402579,-0.0083073647692799,0.00894186925143,0.0052192267030477,-0.0369276218116283,0.0084210447967052,-0.0199386682361364,0.0259179007261991,0.0031298876274377,0.0087145883589982,0.0078003420494496,0.0177383422851562,0.0015479492722079,-0.0216919519007206,0.0262751281261444,0.0176600273698568,-0.0045180320739746,-0.0226537249982357,-0.0015128939412534,0.0209251698106527,-0.0030303001403808,0.0133928442373871,0.0075988131575286,0.0653983578085899,0.004524846561253,0.0169285833835601,-0.0075074648484587,-0.0861878171563148,-0.0166414715349674,-0.0173724051564931,0.0046154167503118,-0.0139186419546604,-0.0153139932081103,-0.015806071460247,0.0015552456025034,-0.0316326953470706,-0.0170807652175426,-0.0010193912312388,-0.0078988494351506,-0.0248508937656879,0.003184710163623,0.0286299269646406,-0.0079365381971001,0.0020491294562816,-0.0080000301823019,0.0020534351933747,-0.0209676846861839,-0.048828125,-0.008237263187766,0.0417090393602848,0.0033222560305148,-0.0296150241047143,0.0165562760084867,-0.0268971882760524,0.0423453152179718,-0.0169971957802772,0.0062499940395355,-0.0102803418412804,0.0,0.0122989704832434,0.0326087027788162,-0.0075117303058505,0.0511277690529823,0.0430949628353118,0.0057225236669182,0.0009804145665839,-0.009957349859178,0.0,0.0,-0.0077820941805839,0.035919539630413,-0.0392523445188999,-0.1456310898065567,0.0075329495593905,0.0600649937987327,0.0211538728326559,-0.248046875,-0.0029732142575085,-0.2509765364457053,0.0182186546365938,-0.2089843185376358,0.0161616981311649,-0.2480468753655355,-0.0019840774570251,-0.2812499686921027,0.0875676132671809,-0.3515624957443444,0.1103752734477065,-0.3623046470043629,-0.0326922345302566,2019-02-15,2019-02-19,2019-02-20,2019-02-21,2019-02-22,2019-02-25,2019-02-26,2019-02-27,2019-02-28,2019-03-01,14677.0,2019-02-14,252.0,1.7893%,-0.0005,0.7205,0.6321,-0.6013,2.3493%,2.5850%,17.4017%,0.012633,TRUE,14677.0,2019-02-15,252.0,-24.8047%,-0.0017,0.5381,0.4407,-0.9337,2.8341%,3.0164%,11.7199%,-0.254982,TRUE,14677.0,2019-02-19,252.0,-0.3896%,-0.0019,0.5225,0.4611,-0.9095,2.8174%,2.9927%,11.3740%,-0.003496,TRUE,14677.0,2019-02-20,252.0,5.6063%,-0.0014,0.545,0.5374,-0.8224,2.8173%,2.9902%,11.2332%,0.058958,TRUE,14677.0,2019-02-21,252.0,-6.4198%,-0.0018,0.5783,0.5915,-0.7609,2.8250%,3.0012%,11.3962%,-0.0637969999999999,TRUE,14677.0,2019-02-22,252.0,1.5831%,-0.0016,0.5756,0.6628,-0.7273,2.8052%,2.9846%,11.6628%,-0.002466,TRUE,14677.0,2019-02-25,252.0,-1.2987%,-0.0017,0.5782,0.6712,-0.7133,2.8028%,2.9816%,11.6295%,-0.013536,TRUE,14677.0,2019-02-26,252.0,-1.1842%,-0.0017,0.5811,0.6787,-0.7074,2.8032%,2.9822%,11.6446%,-0.009075,TRUE,14677.0,2019-02-27,252.0,-1.9973%,-0.0018,0.5776,0.6788,-0.708,2.8059%,2.9839%,11.5694%,-0.022735,TRUE,14677.0,2019-02-28,252.0,-1.6304%,-0.0018,0.5684,0.672,-0.7113,2.8038%,2.9786%,11.3911%,-0.01652,TRUE,14677.0,2019-03-01,252.0,1.6575%,-0.0018,0.5751,0.6821,-0.7052,2.8040%,2.9807%,11.5043%,0.007598,TRUE,-0.2423489999999999,-0.2458449999999999,-0.1868869999999999,-0.25315,-0.3074179999999999
29395,TRUECAR INC,"TrueCar Q4 EPS $0.03 Misses $0.05 Estimate, Sales $91.1M Miss $95.67M Estimate",6,decrease,0.8,0.7,"the earnings per share and sales figures both missed analyst estimates, which typically leads to a negative reaction in stock prices.",0,2019-02-14,TRUE,2019-02-14 21:03:00+00:00,14677.0,89785L10,0.0178925786167383,1359888.0,-0.248046875,-0.0029732142575085,-0.0038960692472755,0.0212550647556781,0.0560626201331615,-0.0020201520528644,-0.0641975849866867,0.0040567913092672,0.0158311203122139,-0.021825423464179,-0.0129870008677244,0.0100200790911912,-0.0118420626968145,0.0235896967351436,-0.0199733804911375,0.0220125820487737,-0.0163043960928916,0.0170575529336929,0.0165746361017227,0.0140540665015578,-0.0013587267603725,-0.0043057007715106,-0.0081632575020194,-0.0064171571284532,-0.0246913339942693,-0.0053190682083368,-0.0154711855575442,0.0129310227930545,-0.0028571400325745,0.0,0.0114613072946667,-0.0127659458667039,0.0028328585904091,-0.024896340444684,-0.0268361661583185,0.0083681922405958,-0.0145137747749686,0.0116402767598629,0.020618537440896,-0.0083945356309413,-0.0129869664087891,0.0116772456094622,-0.0116958953440189,-0.0136125767603516,-0.0073964777402579,-0.0083073647692799,0.00894186925143,0.0052192267030477,-0.0369276218116283,0.0084210447967052,-0.0199386682361364,0.0259179007261991,0.0031298876274377,0.0087145883589982,0.0078003420494496,0.0177383422851562,0.0015479492722079,-0.0216919519007206,0.0262751281261444,0.0176600273698568,-0.0045180320739746,-0.0226537249982357,-0.0015128939412534,0.0209251698106527,-0.0030303001403808,0.0133928442373871,0.0075988131575286,0.0653983578085899,0.004524846561253,0.0169285833835601,-0.0075074648484587,-0.0861878171563148,-0.0166414715349674,-0.0173724051564931,0.0046154167503118,-0.0139186419546604,-0.0153139932081103,-0.015806071460247,0.0015552456025034,-0.0316326953470706,-0.0170807652175426,-0.0010193912312388,-0.0078988494351506,-0.0248508937656879,0.003184710163623,0.0286299269646406,-0.0079365381971001,0.0020491294562816,-0.0080000301823019,0.0020534351933747,-0.0209676846861839,-0.048828125,-0.008237263187766,0.0417090393602848,0.0033222560305148,-0.0296150241047143,0.0165562760084867,-0.0268971882760524,0.0423453152179718,-0.0169971957802772,0.0062499940395355,-0.0102803418412804,0.0,0.0122989704832434,0.0326087027788162,-0.0075117303058505,0.0511277690529823,0.0430949628353118,0.0057225236669182,0.0009804145665839,-0.009957349859178,0.0,0.0,-0.0077820941805839,0.035919539630413,-0.0392523445188999,-0.1456310898065567,0.0075329495593905,0.0600649937987327,0.0211538728326559,-0.248046875,-0.0029732142575085,-0.2509765364457053,0.0182186546365938,-0.2089843185376358,0.0161616981311649,-0.2480468753655355,-0.0019840774570251,-0.2812499686921027,0.0875676132671809,-0.3515624957443444,0.1103752734477065,-0.3623046470043629,-0.0326922345302566,2019-02-15,2019-02-19,2019-02-20,2019-02-21,2019-02-22,2019-02-25,2019-02-26,2019-02-27,2019-02-28,2019-03-01,14677.0,2019-02-14,252.0,1.7893%,-0.0005,0.7205,0.6321,-0.6013,2.3493%,2.5850%,17.4017%,0.012633,TRUE,14677.0,2019-02-15,252.0,-24.8047%,-0.0017,0.5381,0.4407,-0.9337,2.8341%,3.0164%,11.7199%,-0.254982,TRUE,14677.0,2019-02-19,252.0,-0.3896%,-0.0019,0.5225,0.4611,-0.9095,2.8174%,2.9927%,11.3740%,-0.003496,TRUE,14677.0,2019-02-20,252.0,5.6063%,-0.0014,0.545,0.5374,-0.8224,2.8173%,2.9902%,11.2332%,0.058958,TRUE,14677.0,2019-02-21,252.0,-6.4198%,-0.0018,0.5783,0.5915,-0.7609,2.8250%,3.0012%,11.3962%,-0.0637969999999999,TRUE,14677.0,2019-02-22,252.0,1.5831%,-0.0016,0.5756,0.6628,-0.7273,2.8052%,2.9846%,11.6628%,-0.002466,TRUE,14677.0,2019-02-25,252.0,-1.2987%,-0.0017,0.5782,0.6712,-0.7133,2.8028%,2.9816%,11.6295%,-0.013536,TRUE,14677.0,2019-02-26,252.0,-1.1842%,-0.0017,0.5811,0.6787,-0.7074,2.8032%,2.9822%,11.6446%,-0.009075,TRUE,14677.0,2019-02-27,252.0,-1.9973%,-0.0018,0.5776,0.6788,-0.708,2.8059%,2.9839%,11.5694%,-0.022735,TRUE,14677.0,2019-02-28,252.0,-1.6304%,-0.0018,0.5684,0.672,-0.7113,2.8038%,2.9786%,11.3911%,-0.01652,TRUE,14677.0,2019-03-01,252.0,1.6575%,-0.0018,0.5751,0.6821,-0.7052,2.8040%,2.9807%,11.5043%,0.007598,TRUE,-0.2423489999999999,-0.2458449999999999,-0.1868869999999999,-0.25315,-0.3074179999999999
29403,TRACTOR SUPPLY CO NEW,Wells Fargo: Meeting With Tractor Supply Indicates Positive Full-Year Outlook,6,increase,0.8,0.7,"the positive outlook indicated by wells fargo suggests strong future performance for tractor supply co, likely leading to an increase in stock price.",2,2019-02-14,TSCO,2019-02-14 20:59:00+00:00,80286.0,89235610,-0.0005217891302891,1469749.0,0.0187930986285209,0.0028254948556423,-0.0052265026606619,0.0145450159907341,0.0049449196085333,0.0202556625008583,-0.0055356319062411,0.017300272360444,-0.0068034348078072,-0.0030758955981582,-0.0129112647846341,0.0160732511430978,0.0,0.0082151219248771,0.0059071471914649,0.021731624379754,-0.0001048881749738,0.0183840710669755,-0.0040901876054704,-0.0470877140760421,-0.0113732293248176,-0.0031145580578595,-0.0039411494508385,0.0088654570281505,-0.0141161335632205,-0.005468726158142,0.0004338964645285,0.0229478497058153,-0.0199501663446426,-0.0160638093948364,-0.009624988771975,-0.0038048787973821,0.0117292571812868,-0.0013411124236881,0.0104890903457999,0.0110734840855002,-0.0122377090156078,0.0157236624509096,-0.0103982565924525,0.0020701589528471,0.0042476779781281,0.0121056130155921,0.0146928690373897,0.0070332447066903,-0.0008775979513302,0.0075587504543364,0.0359024666249752,0.0005908227176405,-0.017700033262372,0.0134132066741585,0.0147820757701993,-0.0005984805757179,0.0094630448147654,0.0146952485665679,-0.0013693372020497,0.0205750614404678,0.0045353900641202,-0.018849603831768,0.0264595169574022,-0.0145014263689518,-0.0027619095053523,0.0027641311753541,-0.0033849030733108,-0.0056166495196521,0.0094688981771469,0.0096525466069579,0.015395538881421,0.0529792681336402,0.0154634099453687,-0.0201668459922075,0.0053396709263324,-0.0312348809093236,-0.0072784288786351,-0.0360381156206131,0.0023778644390404,-0.0018566217040643,0.0175941362977027,-0.0096529116854071,0.012627518735826,-0.0243301466107368,0.0023021376691758,-0.0306488387286663,0.0066035264171659,0.002833810634911,-0.0121696023270487,0.0157201159745454,-0.0077960076741874,0.0023302161134779,-0.0141623737290501,0.0149791846051812,0.0151530150324106,-0.0387571901082992,0.0086265327408909,-0.0066673313267529,0.0096098408102989,-0.0287236273288726,0.0006662830710411,0.0064122844487428,-0.0041852453723549,0.0048589743673801,-0.0113669158890843,-0.003997947089374,-0.0244444329291582,0.0473829545080661,0.0204020757228136,0.021384373307228,0.0081530036404728,-0.005039244890213,-0.0075094480998814,0.0068539669737219,-0.0236685890704393,0.0137828802689909,0.00834571570158,-0.0484500452876091,0.0097547098994255,-0.0043168738484382,0.0023418995551764,-0.0068595861084759,-0.0334891192615032,-0.009448979049921,0.0187930986285209,0.0028254948556423,0.0134683737878749,0.0174116077142334,0.0184798934220469,0.0380199538645487,0.005951159357999,0.0527299037560657,-0.0053610967961531,0.0692925595871847,0.0239669612809578,0.1484899230522369,0.0398878521879615,0.0209434946484046,2019-02-15,2019-02-19,2019-02-20,2019-02-21,2019-02-22,2019-02-25,2019-02-26,2019-02-27,2019-02-28,2019-03-01,80286.0,2019-02-14,252.0,-0.0522%,0.0015,0.9302,0.3784,0.1593,1.4648%,1.7612%,30.8286%,0.000291,TSCO,80286.0,2019-02-15,252.0,1.8793%,0.0014,0.9249,0.3741,0.1513,1.4637%,1.7568%,30.5871%,0.006471,TSCO,80286.0,2019-02-19,252.0,-0.5227%,0.0014,0.9211,0.3704,0.1475,1.4646%,1.7547%,30.3330%,-0.0086229999999999,TSCO,80286.0,2019-02-20,252.0,0.4945%,0.0015,0.9239,0.3897,0.1609,1.4525%,1.7460%,30.7866%,0.001469,TSCO,80286.0,2019-02-21,252.0,-0.5536%,0.0015,0.9262,0.3937,0.1652,1.4524%,1.7464%,30.8394%,-0.001574,TSCO,80286.0,2019-02-22,252.0,-0.6803%,0.0015,0.9275,0.4106,0.1959,1.4521%,1.7446%,30.7243%,-0.012661,TSCO,80286.0,2019-02-25,252.0,-1.2911%,0.0015,0.9265,0.4168,0.1956,1.4539%,1.7460%,30.6652%,-0.012982,TSCO,80286.0,2019-02-26,252.0,0.0000%,0.0015,0.9312,0.4078,0.1945,1.4529%,1.7459%,30.7450%,0.004696,TSCO,80286.0,2019-02-27,252.0,0.5907%,0.0016,0.9423,0.3888,0.1964,1.4444%,1.7429%,31.3202%,0.004428,TSCO,80286.0,2019-02-28,252.0,-0.0105%,0.0016,0.9493,0.3936,0.2011,1.4419%,1.7429%,31.5573%,0.00313,TSCO,80286.0,2019-03-01,252.0,-0.4090%,0.0015,0.9524,0.3983,0.2119,1.4429%,1.7432%,31.4848%,-0.011352,TSCO,0.006762,-0.0018609999999999,-0.0003919999999999,-0.0146269999999999,-0.0267069999999999
29411,TELUS CORP,"TELUS Sees FY19 Sales Growth 5% Year Over Year, EBITDA Growth 6% YoY",6,increase,0.8,0.6,"the reported sales and ebitda growth indicate strong financial performance, which is likely to positively influence investor sentiment and increase the stock price.",2,2019-02-14,TU,2019-02-14 11:54:00+00:00,13786.0,87971M10,-0.0033907582983374,386328.0,0.0093563375994563,0.0011315676383674,0.0036517155822366,0.0120239956304431,-0.00139936292544,-0.0179926734417676,0.0030829766765236,0.003385019255802,0.0064263632521033,0.0002822273236233,0.0052748089656233,-0.0067265043035149,0.0057994779199361,0.007056166883558,0.0002746330865193,0.0005648251390084,-0.003019506111741,0.0108478758484125,-0.0256057363003492,-0.0011406020494177,0.0022605773992836,0.0097898114472627,-0.0036650991532951,-0.0074307550676167,-0.0011318877805024,0.0022916593588888,0.0016997556667774,0.007794470526278,0.0121687604114413,0.0023147573228925,0.0081966388970613,0.0040674959309399,0.0008411156595684,-0.0112037686631083,0.0070028011687099,0.0063602551817893,-0.003894280642271,0.0075735016725957,0.0075398059561848,-0.0011637213174253,0.0063747097738087,-0.0002909289032686,-0.0002754650486167,0.0029172196518629,0.0,0.0014606846962124,0.0019283662550151,0.0017559665720909,-0.0010997278150171,0.0109467143192887,0.0002752083819359,0.0029673136305063,0.0038524873089045,0.0095865689218044,0.0038377025630325,0.002402457408607,0.0087383864447474,0.0018049805657938,0.0027071547228842,0.0030175705906003,0.0005399691290222,0.0015110074309632,0.0045871064066886,0.0018165720393881,0.0010744269238784,-0.0060186809860169,-0.0021465476602315,0.0171411503106355,-0.0043022278696298,-0.0087985713034868,0.0067512830719351,-0.0254287589341402,-0.0037553485017269,-0.0017709968378767,0.0061927717179059,-0.0026494008488953,-0.0018731522141024,-0.0084645980969071,0.0058981562033295,-0.0166475847363472,0.0029317860025912,-0.004571424331516,0.0007972038001753,-0.0039840466342866,-0.0061072632670402,0.0048612570390105,-0.0029388354159891,0.0017187446355819,-0.0080385645851492,-0.0160026084631681,-0.0081037068739533,0.0002786886761896,0.0,-0.0025013939011842,-0.0035403340589255,-0.001941739115864,0.0024596925359219,0.0041782092303037,-0.0035441948566585,0.0027933600358664,0.0079343616962432,0.0011185938492417,-0.0065147033892571,0.0,0.002185842487961,-0.0041771521791815,0.0057251658290624,0.0061642262153327,-0.0024396898224949,0.0030915343668311,-0.0032608406618237,0.0113701401278376,-0.0021810750477015,-0.0145658385008573,-0.0073769576847553,0.0062007107771933,0.0082576172426342,0.0111142601817846,-0.0038219869602471,0.0017128568142652,0.0093563375994563,0.0011315676383674,0.0130422198654975,0.0131691692331497,0.0116246061411122,-0.0050604527701294,0.0212645310396026,-0.0014108136083684,0.0034022943679659,0.0091245997153919,0.0623628483608618,0.0678937851613805,0.0465880452064038,0.0223015034736488,2019-02-15,2019-02-19,2019-02-20,2019-02-21,2019-02-22,2019-02-25,2019-02-26,2019-02-27,2019-02-28,2019-03-01,13786.0,2019-02-14,252.0,-0.3391%,0.0001,0.3358,0.0478,0.0444,0.6563%,0.7429%,21.9672%,-0.002785,TU,13786.0,2019-02-15,252.0,0.9356%,0.0001,0.3457,0.0572,0.0612,0.6551%,0.7450%,22.6813%,0.005129,TU,13786.0,2019-02-19,252.0,0.3652%,0.0001,0.3408,0.0662,0.0717,0.6464%,0.7338%,22.4123%,0.002546,TU,13786.0,2019-02-20,252.0,-0.1399%,0.0001,0.3402,0.0656,0.0698,0.6465%,0.7338%,22.3830%,-0.002687,TU,13786.0,2019-02-21,252.0,0.3083%,0.0001,0.3387,0.0634,0.0669,0.6470%,0.7336%,22.2127%,0.004448,TU,13786.0,2019-02-22,252.0,0.6426%,0.0,0.3388,0.042,0.0495,0.6391%,0.7280%,22.9182%,0.0047599999999999,TU,13786.0,2019-02-25,252.0,0.5275%,0.0001,0.338,0.0388,0.0446,0.6382%,0.7271%,22.9712%,0.0048649999999999,TU,13786.0,2019-02-26,252.0,0.5799%,0.0001,0.3319,0.0355,0.0384,0.6376%,0.7235%,22.3418%,0.0066349999999999,TU,13786.0,2019-02-27,252.0,0.0275%,0.0001,0.3324,0.0345,0.0385,0.6375%,0.7233%,22.3210%,-0.000146,TU,13786.0,2019-02-28,252.0,-0.3020%,0.0001,0.3315,0.0339,0.0383,0.6375%,0.7224%,22.1318%,-0.002,TU,13786.0,2019-03-01,252.0,-2.5606%,0.0,0.319,0.0153,0.032,0.6580%,0.7347%,19.7862%,-0.028028,TU,0.0023439999999999,0.00489,0.002203,0.011411,-0.007263
29419,TELUS CORP,"TELUS Q4 Adj. Basic EPS C$0.69 vs C$0.66 In Same Qtr. Last Year, Operating Sales C$3.764B vs C$3.541B Year Over Year",6,increase,0.8,0.6,"the increase in adjusted eps and operating sales year-over-year suggests strong financial performance, which is likely to positively influence investor sentiment and increase the stock price.",2,2019-02-14,TU,2019-02-14 11:54:00+00:00,13786.0,87971M10,-0.0033907582983374,386328.0,0.0093563375994563,0.0011315676383674,0.0036517155822366,0.0120239956304431,-0.00139936292544,-0.0179926734417676,0.0030829766765236,0.003385019255802,0.0064263632521033,0.0002822273236233,0.0052748089656233,-0.0067265043035149,0.0057994779199361,0.007056166883558,0.0002746330865193,0.0005648251390084,-0.003019506111741,0.0108478758484125,-0.0256057363003492,-0.0011406020494177,0.0022605773992836,0.0097898114472627,-0.0036650991532951,-0.0074307550676167,-0.0011318877805024,0.0022916593588888,0.0016997556667774,0.007794470526278,0.0121687604114413,0.0023147573228925,0.0081966388970613,0.0040674959309399,0.0008411156595684,-0.0112037686631083,0.0070028011687099,0.0063602551817893,-0.003894280642271,0.0075735016725957,0.0075398059561848,-0.0011637213174253,0.0063747097738087,-0.0002909289032686,-0.0002754650486167,0.0029172196518629,0.0,0.0014606846962124,0.0019283662550151,0.0017559665720909,-0.0010997278150171,0.0109467143192887,0.0002752083819359,0.0029673136305063,0.0038524873089045,0.0095865689218044,0.0038377025630325,0.002402457408607,0.0087383864447474,0.0018049805657938,0.0027071547228842,0.0030175705906003,0.0005399691290222,0.0015110074309632,0.0045871064066886,0.0018165720393881,0.0010744269238784,-0.0060186809860169,-0.0021465476602315,0.0171411503106355,-0.0043022278696298,-0.0087985713034868,0.0067512830719351,-0.0254287589341402,-0.0037553485017269,-0.0017709968378767,0.0061927717179059,-0.0026494008488953,-0.0018731522141024,-0.0084645980969071,0.0058981562033295,-0.0166475847363472,0.0029317860025912,-0.004571424331516,0.0007972038001753,-0.0039840466342866,-0.0061072632670402,0.0048612570390105,-0.0029388354159891,0.0017187446355819,-0.0080385645851492,-0.0160026084631681,-0.0081037068739533,0.0002786886761896,0.0,-0.0025013939011842,-0.0035403340589255,-0.001941739115864,0.0024596925359219,0.0041782092303037,-0.0035441948566585,0.0027933600358664,0.0079343616962432,0.0011185938492417,-0.0065147033892571,0.0,0.002185842487961,-0.0041771521791815,0.0057251658290624,0.0061642262153327,-0.0024396898224949,0.0030915343668311,-0.0032608406618237,0.0113701401278376,-0.0021810750477015,-0.0145658385008573,-0.0073769576847553,0.0062007107771933,0.0082576172426342,0.0111142601817846,-0.0038219869602471,0.0017128568142652,0.0093563375994563,0.0011315676383674,0.0130422198654975,0.0131691692331497,0.0116246061411122,-0.0050604527701294,0.0212645310396026,-0.0014108136083684,0.0034022943679659,0.0091245997153919,0.0623628483608618,0.0678937851613805,0.0465880452064038,0.0223015034736488,2019-02-15,2019-02-19,2019-02-20,2019-02-21,2019-02-22,2019-02-25,2019-02-26,2019-02-27,2019-02-28,2019-03-01,13786.0,2019-02-14,252.0,-0.3391%,0.0001,0.3358,0.0478,0.0444,0.6563%,0.7429%,21.9672%,-0.002785,TU,13786.0,2019-02-15,252.0,0.9356%,0.0001,0.3457,0.0572,0.0612,0.6551%,0.7450%,22.6813%,0.005129,TU,13786.0,2019-02-19,252.0,0.3652%,0.0001,0.3408,0.0662,0.0717,0.6464%,0.7338%,22.4123%,0.002546,TU,13786.0,2019-02-20,252.0,-0.1399%,0.0001,0.3402,0.0656,0.0698,0.6465%,0.7338%,22.3830%,-0.002687,TU,13786.0,2019-02-21,252.0,0.3083%,0.0001,0.3387,0.0634,0.0669,0.6470%,0.7336%,22.2127%,0.004448,TU,13786.0,2019-02-22,252.0,0.6426%,0.0,0.3388,0.042,0.0495,0.6391%,0.7280%,22.9182%,0.0047599999999999,TU,13786.0,2019-02-25,252.0,0.5275%,0.0001,0.338,0.0388,0.0446,0.6382%,0.7271%,22.9712%,0.0048649999999999,TU,13786.0,2019-02-26,252.0,0.5799%,0.0001,0.3319,0.0355,0.0384,0.6376%,0.7235%,22.3418%,0.0066349999999999,TU,13786.0,2019-02-27,252.0,0.0275%,0.0001,0.3324,0.0345,0.0385,0.6375%,0.7233%,22.3210%,-0.000146,TU,13786.0,2019-02-28,252.0,-0.3020%,0.0001,0.3315,0.0339,0.0383,0.6375%,0.7224%,22.1318%,-0.002,TU,13786.0,2019-03-01,252.0,-2.5606%,0.0,0.319,0.0153,0.032,0.6580%,0.7347%,19.7862%,-0.028028,TU,0.0023439999999999,0.00489,0.002203,0.011411,-0.007263
29427,UNITED AIRLINES HOLDINGS INC,Cooperman's Omega 13F Shows Cut Stake In United Continental From ~2.6M Shares To ~1.16M Shares,6,decrease,0.7,0.6,"a significant reduction in stake by a notable investor like cooperman's omega may signal a lack of confidence in the stock, potentially leading to a decrease in its price.",0,2019-02-14,UAL,2019-02-14 19:15:00+00:00,91103.0,91004710,-0.0048543722368776,1482559.0,0.0018150429241359,0.0069341887719929,0.0105310874059796,-0.0132361222058534,-0.0082922214642167,0.0111149298027157,0.0038417666219174,0.003528312779963,0.0066411974839866,-0.0210584886372089,0.0016773066017776,0.0032416824251413,-0.0005581943551078,0.0094786314293742,-0.0215570237487554,0.0129158180207014,0.002397249918431,0.0025209262967109,-0.0101355127990245,-0.0022865505889058,-0.0300276186317205,0.0210108924657106,0.0087771974503993,0.0126477507874369,-0.0084656225517392,0.0054670679382979,-0.020396078005433,0.0013090635184198,-0.002542054047808,0.013875501230359,-0.0002427702856948,-0.0055195474997162,-0.0307113230228424,-0.0262881182134151,0.0170319434255361,-0.0132580306380987,0.0034478362649679,0.0044001536443829,0.0024543451145291,0.0635468438267707,-0.01175173278898,0.0161430761218071,0.0075559639371931,-0.0019982019439339,-0.0185639858245849,-0.0159764401614666,0.0146561209112405,-0.028533898293972,-0.0169136133044958,0.0167516991496086,-0.0189626347273588,-0.0102127362042665,-0.0080645782873034,0.0066521898843348,0.0134210987016558,0.0335000045597553,0.0008913752390071,-0.0496555045247077,0.0150127271190285,0.0053743813186883,0.0136626223102212,0.0067332596518099,0.0234944205731153,0.0015654774615541,0.0172767955809831,-0.009069237858057,0.0052256821654737,0.0591506585478782,0.0031900315079838,-0.0288449544459581,-0.0038864894304424,-0.0348300226032733,-0.0039016532246023,-0.0226930528879165,0.0032047079876065,-0.0162870194762945,0.0145528092980384,0.0184433814138174,-0.0030320947989821,-0.0174378715455532,-0.0113463709130883,0.002972044982016,0.0076905055902898,-0.0239874366670846,0.0477867759764194,0.0169048998504877,-0.0107574975118041,-0.0046301935799419,-0.0081558814272284,0.0036268807016313,0.0046825455501675,-0.0515962094068527,0.000682022946421,0.01185551751405,-0.0132909025996923,-0.0468587689101696,0.0124338222667574,-0.0024818808306008,0.0189902000129222,0.0171452332288026,-0.0083696013316512,0.0062446687370538,-0.0103533444926142,0.0117798903957009,0.0042073586955666,0.017765637487173,0.0021515393164008,-0.0325811505317688,-0.0080225886777043,0.0213223751634359,-0.024034634232521,0.0118775637820363,-0.0121381990611553,-0.0034748583566397,-0.0061436276882886,-0.0018426814349368,0.0079647898674011,0.0030441265553236,-0.0320792682468891,0.0020699687302112,0.0018150429241359,0.0069341887719929,0.0123652447057951,-0.0063937152038451,0.0039704878940187,0.0046501489032013,0.0145206897155758,-0.0130361913270748,-0.0139535253059687,0.0126900720335145,-0.0949518140569921,0.0579242617607433,-0.0689733570357749,-0.0349711162557705,2019-02-15,2019-02-19,2019-02-20,2019-02-21,2019-02-22,2019-02-25,2019-02-26,2019-02-27,2019-02-28,2019-03-01,91103.0,2019-02-14,252.0,-0.4854%,0.0011,0.9792,0.3754,0.2411,1.5337%,1.8369%,30.2824%,-0.003503,UAL,91103.0,2019-02-15,252.0,0.1815%,0.0012,0.9862,0.3804,0.2508,1.5313%,1.8369%,30.5003%,-0.011445,UAL,91103.0,2019-02-19,252.0,1.0531%,0.0012,0.9858,0.386,0.2572,1.5314%,1.8354%,30.3838%,0.006702,UAL,91103.0,2019-02-20,252.0,-0.8292%,0.0011,0.9826,0.3819,0.2466,1.5332%,1.8362%,30.2739%,-0.0125289999999999,UAL,91103.0,2019-02-21,252.0,0.3842%,0.0011,0.9838,0.3859,0.2488,1.5331%,1.8362%,30.2941%,0.008212,UAL,91103.0,2019-02-22,252.0,0.6641%,0.0011,0.984,0.3785,0.2445,1.5327%,1.8363%,30.3347%,0.001681,UAL,91103.0,2019-02-25,252.0,0.1677%,0.0011,0.9834,0.3777,0.242,1.5323%,1.8359%,30.3361%,0.001526,UAL,91103.0,2019-02-26,252.0,-0.0558%,0.0012,0.9837,0.3733,0.2399,1.5324%,1.8345%,30.2175%,0.004131,UAL,91103.0,2019-02-27,252.0,-2.1557%,0.001,0.9766,0.3789,0.2387,1.5370%,1.8339%,29.7573%,-0.022964,UAL,91103.0,2019-02-28,252.0,0.2397%,0.0011,0.971,0.3753,0.2335,1.5364%,1.8290%,29.4358%,0.005846,UAL,91103.0,2019-03-01,252.0,-1.0136%,0.0009,0.9738,0.3794,0.2464,1.5392%,1.8303%,29.2833%,-0.017371,UAL,-0.014948,-0.008246,-0.020775,-0.0108819999999999,-0.039714
29435,UNITED MICROELECTRONICS CORP,United Microelectronics Earlier Reported January Sales Down 10.5% YoY,6,decrease,0.8,0.7,"a reported decline in sales typically signals potential financial struggles, which can lead to a decrease in investor confidence and subsequently lower stock prices.",0,2019-02-14,UMC,2019-02-14 14:14:00+00:00,88612.0,91087340,0.0168539173901081,685995.0,0.027624350041151,0.0,-0.0107526779174804,0.053254384547472,0.0,-0.076502725481987,0.0,0.0,0.0163043327629566,-0.0161290168762207,0.0106951771304011,0.0108695542439818,0.0,-0.0054053999483585,-0.0158730000257492,-0.0106951771304011,-0.0053763389587402,-0.0105820009484887,0.0054053999483585,0.0106951771304011,0.0,0.0,0.0215053558349609,-0.015789458528161,-0.0052631529979407,-0.0155440270900726,0.0158730000257492,0.0211640018969774,-0.0208333134651184,0.0271738860756158,-0.0053191436454653,-0.0054053999483585,0.0106951771304011,0.0,-0.0158730000257492,0.0164835005998611,-0.0107526779174804,0.0055249226279556,-0.0054347771219909,0.0055555505678057,0.010928951203823,0.0112359449267387,0.0054053999483585,-0.0111111011356115,0.0,-0.0055248569697141,0.0161290168762207,0.0225988496094942,-0.0052910004742443,0.0,0.0,0.0,-0.0053191436454653,0.0290697384625673,-0.0053475885652005,-0.0057803411036729,0.0107526779174804,-0.0225988496094942,0.0,-0.0111731737852096,0.0,0.0056179724633693,-0.0053191436454653,-0.0165745709091424,0.0,0.0055555505678057,0.0,0.0169491358101368,0.0,-0.0056179724633693,0.0213903542608022,-0.0165745709091424,0.0418848395347595,0.0225988496094942,-0.0050251209177076,-0.0111731737852096,-0.0202020015567541,-0.0110497139394283,0.0154639026150107,0.0055555505678057,-0.0203046090900898,0.0,0.0051814042963087,0.0055865868926048,0.0103092677891254,0.0228571202605962,-0.0153061682358384,-0.0168539173901081,-0.0155440270900726,0.0113636255264282,0.015789458528161,-0.0167597606778144,0.0362694598734378,-0.0218579676002264,0.0650000572204589,-0.0213903542608022,0.0234741549938917,0.0274724997580051,-0.0045871515758335,-0.0054644756019115,0.0,-0.0317460000514984,0.0,0.0161290168762207,0.0,0.0163934268057346,0.0230414513498544,0.0338983386754989,-0.0225225016474723,0.0056818127632141,-0.0092165805399417,0.0114942416548728,0.0139534743502736,0.0,-0.0366973206400871,-0.0113636255264282,0.009523800574243,-0.0276242848485708,-0.0283018611371517,0.0647058188915252,0.027624350041151,0.0,0.0165746363849983,0.053254384547472,0.0165746363849983,-0.0273224464962624,0.033149207535001,-0.0430107791718453,0.0276243515266081,-0.0481283642260605,0.0386740663639926,-0.0055865908840029,0.1381215546749254,0.0470587685258532,2019-02-15,2019-02-19,2019-02-20,2019-02-21,2019-02-22,2019-02-25,2019-02-26,2019-02-27,2019-02-28,2019-03-01,88612.0,2019-02-14,252.0,1.6854%,-0.001,0.5855,-0.0411,-0.2926,1.9820%,2.1058%,11.4153%,0.016621,UMC,88612.0,2019-02-15,252.0,2.7624%,-0.0011,0.568,-0.0544,-0.3178,1.9715%,2.0925%,11.2335%,0.0224149999999999,UMC,88612.0,2019-02-19,252.0,-1.0753%,-0.0011,0.571,-0.0674,-0.3327,1.9698%,2.0929%,11.4203%,-0.010821,UMC,88612.0,2019-02-20,252.0,0.0000%,-0.0011,0.5714,-0.0673,-0.3316,1.9698%,2.0929%,11.4195%,0.000793,UMC,88612.0,2019-02-21,252.0,0.0000%,-0.001,0.5677,-0.0742,-0.3383,1.9691%,2.0917%,11.3800%,0.001204,UMC,88612.0,2019-02-22,252.0,1.6304%,-0.0009,0.5658,-0.0564,-0.3448,1.9685%,2.0921%,11.4672%,0.007949,UMC,88612.0,2019-02-25,252.0,1.0695%,-0.0009,0.5657,-0.0614,-0.3479,1.9695%,2.0933%,11.4803%,0.008979,UMC,88612.0,2019-02-26,252.0,0.0000%,-0.0009,0.5658,-0.0618,-0.348,1.9695%,2.0926%,11.4164%,-0.000736,UMC,88612.0,2019-02-27,252.0,-1.5873%,-0.001,0.5645,-0.064,-0.3482,1.9720%,2.0940%,11.3158%,-0.016782,UMC,88612.0,2019-02-28,252.0,-0.5376%,-0.001,0.5629,-0.0653,-0.3485,1.9719%,2.0929%,11.2307%,-0.0045839999999999,UMC,88612.0,2019-03-01,252.0,0.5405%,-0.001,0.5666,-0.0597,-0.3432,1.9716%,2.0933%,11.2900%,5.7999999999999994e-05,UMC,0.039036,0.028215,0.029008,0.038161,0.025096
29443,VULCAN MATERIALS CO,"Vulcan Materials shares are trading higher after the company reported Q4 EPS of $0.93, beating the $0.90 estimate.",6,increase,0.8,0.7,"the positive earnings surprise typically boosts investor confidence, leading to an increase in stock price.",2,2019-02-14,VMC,2019-02-14 15:34:00+00:00,15202.0,92916010,0.0642176121473312,4241321.0,0.0039932285435497,-0.0081491451710462,0.0001768099027685,0.0108891343697905,0.0098090572282671,0.020682318136096,-0.0084886569529771,0.0158060137182474,-0.0027435841038823,0.0058260490186512,-0.0112708257511258,-0.0381803028285503,0.016515539959073,0.0104606905952096,-0.0100662196055054,-0.0020113657228648,-0.0057978904806077,0.0271520130336284,0.0140857677906751,0.0064356587827205,0.0184907019138336,-0.0094154477119445,-0.0168520007282495,-0.0067218942567706,0.0124579966068267,0.0186563953757286,-0.0043633827008306,0.0072970385663211,-0.0049083842895925,0.0057303677313029,0.0042279870249331,-0.0232717525213956,-0.0221033617854118,-0.0170833338052034,-0.0145304072648286,0.0239153876900672,0.0123782707378268,0.0096787186339497,0.0122268535196781,-0.0018922660965472,0.0122569045051932,-0.0157811511307954,0.0114064700901508,0.0039361729286611,0.0006940386374481,-0.0136852962896227,0.0185522269457578,-0.0037710249889642,-0.0343859121203422,0.0027147447690367,0.0135742705315351,-0.0039594750851392,-0.0043482044711709,0.019895639270544,0.0053279818966984,0.0511440373957157,0.0071242372505366,-0.0102469520643353,0.0213940944522619,-0.0122470315545797,0.0151182506233453,0.0178222246468067,0.0031616378109902,-0.0115071004256606,-0.0113627165555954,0.015301858074963,0.0037752063944935,0.0629739910364151,0.0046802973374724,-0.0247588977217674,0.0039930404163897,-0.0188242010772228,-0.0082028787583112,-0.0087564261630177,0.0005012964829802,-0.0281632952392101,0.0060954885557293,0.0033543589524924,0.0137771079316735,-0.0126455454155802,-0.0003274737100582,0.0090126516297459,0.00384899857454,-0.0185848008841276,-0.0039158375002443,0.0096327420324087,0.0057330434210598,-0.0185148436576128,0.0038273092359304,0.0017758514732122,-0.0012167915701866,-0.0196343827992677,0.0121019966900348,0.0281424205750227,-0.0229516141116619,-0.051857441663742,0.0096098408102989,0.0033109306823462,0.001138947205618,-0.0113168638199567,0.0247846823185682,-0.0096332058310508,-0.0186345130205154,0.0262357629835605,0.0439560003578662,-0.0071725379675626,-0.0054179332219064,0.0274411123245954,-0.0002334535383852,-0.0064547765068709,0.0101969139650464,0.0101206777617335,-0.0094775445759296,-0.0082771833986043,-0.0010890656849369,-0.0247794203460216,0.0041273948736488,-0.0057857665233314,-0.0093842027708888,0.0119936186820268,0.0039932285435497,-0.0081491451710462,0.0041707444886689,0.0026512520619779,0.01402071278831,0.0233884042366787,0.0026546035831098,0.0456206467709294,0.005768977156962,0.0484158372510263,0.0535525969107775,0.0717610936985977,0.1365732669450363,0.0027247917018029,2019-02-15,2019-02-19,2019-02-20,2019-02-21,2019-02-22,2019-02-25,2019-02-26,2019-02-27,2019-02-28,2019-03-01,15202.0,2019-02-14,252.0,6.4218%,-0.0006,0.9748,0.2405,-0.0514,1.8170%,2.1057%,25.5391%,0.065048,VMC,15202.0,2019-02-15,252.0,0.3993%,-0.0006,0.9808,0.2451,-0.0426,1.8157%,2.1058%,25.6519%,-0.007476,VMC,15202.0,2019-02-19,252.0,0.0177%,-0.0007,0.9746,0.2522,-0.0342,1.8120%,2.0972%,25.3515%,-0.0023699999999999,VMC,15202.0,2019-02-20,252.0,0.9809%,-0.0004,0.9818,0.2911,-0.0026,1.7822%,2.0730%,26.0884%,0.00749,VMC,15202.0,2019-02-21,252.0,-0.8489%,-0.0004,0.9795,0.2854,-0.0067,1.7814%,2.0710%,26.0111%,-0.004758,VMC,15202.0,2019-02-22,252.0,-0.2744%,-0.0004,0.9801,0.3065,0.02,1.7793%,2.0675%,25.9366%,-0.010879,VMC,15202.0,2019-02-25,252.0,-1.1271%,-0.0004,0.9806,0.3127,0.0247,1.7807%,2.0686%,25.9000%,-0.012008,VMC,15202.0,2019-02-26,252.0,1.6516%,-0.0003,0.9867,0.2783,0.0119,1.7819%,2.0711%,25.9753%,0.0200669999999999,VMC,15202.0,2019-02-27,252.0,-1.0066%,-0.0003,0.9904,0.2684,0.0125,1.7825%,2.0721%,26.0005%,-0.011569,VMC,15202.0,2019-02-28,252.0,-0.5798%,-0.0002,0.9852,0.2648,0.0093,1.7813%,2.0671%,25.7380%,-0.0028499999999999,VMC,15202.0,2019-03-01,252.0,1.4086%,-0.0002,0.9882,0.2692,0.011,1.7817%,2.0681%,25.7791%,0.0061719999999999,VMC,0.057572,0.055202,0.062692,0.047055,0.046867
29451,VULCAN MATERIALS CO,"Vulcan Materials Q4 EPS $0.93 Beats $0.90 Estimate, Sales $1.088B Miss $1.09B Estimate",6,uncertain,0.6,0.2,"while the earnings per share (eps) beat estimates, the sales miss could lead to mixed investor reactions, making the overall impact on the stock price uncertain.",1,2019-02-14,VMC,2019-02-14 13:00:00+00:00,15202.0,92916010,0.0642176121473312,4241321.0,0.0039932285435497,-0.0081491451710462,0.0001768099027685,0.0108891343697905,0.0098090572282671,0.020682318136096,-0.0084886569529771,0.0158060137182474,-0.0027435841038823,0.0058260490186512,-0.0112708257511258,-0.0381803028285503,0.016515539959073,0.0104606905952096,-0.0100662196055054,-0.0020113657228648,-0.0057978904806077,0.0271520130336284,0.0140857677906751,0.0064356587827205,0.0184907019138336,-0.0094154477119445,-0.0168520007282495,-0.0067218942567706,0.0124579966068267,0.0186563953757286,-0.0043633827008306,0.0072970385663211,-0.0049083842895925,0.0057303677313029,0.0042279870249331,-0.0232717525213956,-0.0221033617854118,-0.0170833338052034,-0.0145304072648286,0.0239153876900672,0.0123782707378268,0.0096787186339497,0.0122268535196781,-0.0018922660965472,0.0122569045051932,-0.0157811511307954,0.0114064700901508,0.0039361729286611,0.0006940386374481,-0.0136852962896227,0.0185522269457578,-0.0037710249889642,-0.0343859121203422,0.0027147447690367,0.0135742705315351,-0.0039594750851392,-0.0043482044711709,0.019895639270544,0.0053279818966984,0.0511440373957157,0.0071242372505366,-0.0102469520643353,0.0213940944522619,-0.0122470315545797,0.0151182506233453,0.0178222246468067,0.0031616378109902,-0.0115071004256606,-0.0113627165555954,0.015301858074963,0.0037752063944935,0.0629739910364151,0.0046802973374724,-0.0247588977217674,0.0039930404163897,-0.0188242010772228,-0.0082028787583112,-0.0087564261630177,0.0005012964829802,-0.0281632952392101,0.0060954885557293,0.0033543589524924,0.0137771079316735,-0.0126455454155802,-0.0003274737100582,0.0090126516297459,0.00384899857454,-0.0185848008841276,-0.0039158375002443,0.0096327420324087,0.0057330434210598,-0.0185148436576128,0.0038273092359304,0.0017758514732122,-0.0012167915701866,-0.0196343827992677,0.0121019966900348,0.0281424205750227,-0.0229516141116619,-0.051857441663742,0.0096098408102989,0.0033109306823462,0.001138947205618,-0.0113168638199567,0.0247846823185682,-0.0096332058310508,-0.0186345130205154,0.0262357629835605,0.0439560003578662,-0.0071725379675626,-0.0054179332219064,0.0274411123245954,-0.0002334535383852,-0.0064547765068709,0.0101969139650464,0.0101206777617335,-0.0094775445759296,-0.0082771833986043,-0.0010890656849369,-0.0247794203460216,0.0041273948736488,-0.0057857665233314,-0.0093842027708888,0.0119936186820268,0.0039932285435497,-0.0081491451710462,0.0041707444886689,0.0026512520619779,0.01402071278831,0.0233884042366787,0.0026546035831098,0.0456206467709294,0.005768977156962,0.0484158372510263,0.0535525969107775,0.0717610936985977,0.1365732669450363,0.0027247917018029,2019-02-15,2019-02-19,2019-02-20,2019-02-21,2019-02-22,2019-02-25,2019-02-26,2019-02-27,2019-02-28,2019-03-01,15202.0,2019-02-14,252.0,6.4218%,-0.0006,0.9748,0.2405,-0.0514,1.8170%,2.1057%,25.5391%,0.065048,VMC,15202.0,2019-02-15,252.0,0.3993%,-0.0006,0.9808,0.2451,-0.0426,1.8157%,2.1058%,25.6519%,-0.007476,VMC,15202.0,2019-02-19,252.0,0.0177%,-0.0007,0.9746,0.2522,-0.0342,1.8120%,2.0972%,25.3515%,-0.0023699999999999,VMC,15202.0,2019-02-20,252.0,0.9809%,-0.0004,0.9818,0.2911,-0.0026,1.7822%,2.0730%,26.0884%,0.00749,VMC,15202.0,2019-02-21,252.0,-0.8489%,-0.0004,0.9795,0.2854,-0.0067,1.7814%,2.0710%,26.0111%,-0.004758,VMC,15202.0,2019-02-22,252.0,-0.2744%,-0.0004,0.9801,0.3065,0.02,1.7793%,2.0675%,25.9366%,-0.010879,VMC,15202.0,2019-02-25,252.0,-1.1271%,-0.0004,0.9806,0.3127,0.0247,1.7807%,2.0686%,25.9000%,-0.012008,VMC,15202.0,2019-02-26,252.0,1.6516%,-0.0003,0.9867,0.2783,0.0119,1.7819%,2.0711%,25.9753%,0.0200669999999999,VMC,15202.0,2019-02-27,252.0,-1.0066%,-0.0003,0.9904,0.2684,0.0125,1.7825%,2.0721%,26.0005%,-0.011569,VMC,15202.0,2019-02-28,252.0,-0.5798%,-0.0002,0.9852,0.2648,0.0093,1.7813%,2.0671%,25.7380%,-0.0028499999999999,VMC,15202.0,2019-03-01,252.0,1.4086%,-0.0002,0.9882,0.2692,0.011,1.7817%,2.0681%,25.7791%,0.0061719999999999,VMC,0.057572,0.055202,0.062692,0.047055,0.046867
29459,VORNADO REALTY TRUST,Amazon Drops New York City HQ2 Location,6,decrease,0.8,0.7,"the withdrawal of amazon from a planned hq2 location in new york city could negatively impact vornado realty trust, which has significant real estate holdings in the area, leading to decreased demand and potential declines in property values.",0,2019-02-14,VNO,2019-02-14 17:10:00+00:00,28388.0,92904210,-0.0089998943731188,818827.0,0.0077633871696889,0.0042274189181625,-0.000145379875903,-0.0209790393710136,-0.0117749320343136,0.0024320194497704,0.0064724152907729,0.0007158633088693,0.0068693542852997,0.0012900850269943,-0.0092901643365621,-0.0104964235797524,-0.0098168225958943,0.0041304789483547,-0.0103581612929701,0.0093444734811782,0.0064294305630028,-0.0050065238028764,-0.0071311206556856,0.0168727803975343,0.0113720558583736,0.015209668315947,0.0044385716319084,0.0087889768183231,0.0013257323298603,0.0140483435243368,-0.0057370844297111,0.0171914435923099,0.0007397995796054,0.0015237864572554,0.0134536316618323,-0.0066596404649317,0.0083150938153266,-0.0048199985176324,-0.0005787169211544,0.0154481828212738,-0.0089751407504081,0.0032223276793956,-0.0170902460813522,0.011485300026834,-0.0069847111590206,0.0064043062739074,-0.0037413947284221,-0.017193779349327,-0.000450635125162,0.0016915363958105,0.0153290750458836,0.0143503062427043,-0.0109531953930854,0.0014058727538213,-0.0049386685714125,0.0262904055416584,0.0109791457653045,0.0191145557910203,-0.0068431878462433,0.0167773813009262,0.0113839795812964,-0.0026507596485316,-0.0011847482528537,-0.0269224271178245,0.0026690436061471,-0.0012880668509751,0.0141969686374068,0.0042037535458803,0.003936958964914,-0.0056270463392138,0.0045026172883808,0.0333942882716655,0.0059282244183123,-0.0341784507036209,-0.0145177822560071,-0.0174996145069599,-0.0103558795526623,-0.0170463118702173,0.000589549250435,-0.0264031384140253,-0.002062150510028,0.0072947675362229,0.0087084332481026,-0.037448763847351,-0.0062919622287154,-0.0068284352310001,-0.0203210841864347,0.005698412656784,-0.0048098554834723,-0.0220062993466854,0.0120828133076429,-0.0024233523290604,0.0150722945109009,-0.007217691745609,0.0251397639513015,-0.0182019937783479,0.0012906400952488,0.0163819193840026,-0.0073045277968049,-0.0196595005691051,0.0077910968102514,0.0037521438207477,-0.0164638739079237,0.0195522420108318,0.0064046937040984,0.0,0.0002893299388233,0.017882976680994,-0.0173511356115341,-0.0017276526195928,-0.0001471180585213,0.0008645181078463,-0.0029722778126597,-0.0041612987406551,-0.0070054200477898,-0.0062739886343479,-0.0093065556138753,-0.0170988254249095,0.0039394265040755,0.0029519130475819,0.0066404286772012,0.0103677846491336,-0.0091454368084669,-0.0126208653673529,0.0077633871696889,0.0042274189181625,0.0076168786535226,-0.0168403076407729,-0.0042477416092499,-0.0144492441467249,0.0090816280305952,-0.0124713700678072,-0.0210926451845638,0.0020363544014871,-0.0121575256054592,0.1216640257435306,-0.0224369489344082,-0.0243048524709833,2019-02-15,2019-02-19,2019-02-20,2019-02-21,2019-02-22,2019-02-25,2019-02-26,2019-02-27,2019-02-28,2019-03-01,28388.0,2019-02-14,252.0,-0.9000%,0.0001,0.5318,-0.118,0.0365,1.0910%,1.2250%,20.6778%,-0.007204,VNO,28388.0,2019-02-15,252.0,0.7763%,0.0003,0.5567,-0.0954,0.0772,1.0756%,1.2189%,22.1248%,0.001774,VNO,28388.0,2019-02-19,252.0,-0.0145%,0.0002,0.5534,-0.0921,0.0811,1.0740%,1.2147%,21.8363%,-0.001258,VNO,28388.0,2019-02-20,252.0,-1.1775%,0.0001,0.549,-0.1052,0.0646,1.0762%,1.2162%,21.7039%,-0.01317,VNO,28388.0,2019-02-21,252.0,0.6472%,0.0002,0.5461,-0.1091,0.0593,1.0774%,1.2163%,21.5468%,0.008479,VNO,28388.0,2019-02-22,252.0,0.6869%,0.0003,0.544,-0.0695,0.07,1.0625%,1.2006%,21.6865%,0.004692,VNO,28388.0,2019-02-25,252.0,-0.9290%,0.0002,0.5464,-0.0619,0.083,1.0566%,1.1954%,21.8712%,-0.010261,VNO,28388.0,2019-02-26,252.0,-0.9817%,0.0001,0.5433,-0.0459,0.0888,1.0569%,1.1923%,21.4307%,-0.009165,VNO,28388.0,2019-02-27,252.0,-1.0358%,0.0001,0.5431,-0.0487,0.0887,1.0591%,1.1936%,21.2625%,-0.0107529999999999,VNO,28388.0,2019-02-28,252.0,0.6429%,0.0002,0.5315,-0.0564,0.0784,1.0538%,1.1836%,20.7250%,0.008245,VNO,28388.0,2019-03-01,252.0,-0.7131%,0.0001,0.5333,-0.0537,0.0862,1.0551%,1.1845%,20.6517%,-0.0105709999999999,VNO,-0.00543,-0.006688,-0.019858,-0.006687,-0.0391919999999999
29467,VORNADO REALTY TRUST,Shares of some REITs with NY operations are trading slightly lower after Amazon announced it will not pursue HQ2 in New York City.,6,decrease,0.7,0.6,"the announcement that amazon will not pursue hq2 in new york city may negatively impact the demand for commercial real estate, leading to a decrease in vornado realty trust's stock price.",0,2019-02-14,VNO,2019-02-14 17:00:00+00:00,28388.0,92904210,-0.0089998943731188,818827.0,0.0077633871696889,0.0042274189181625,-0.000145379875903,-0.0209790393710136,-0.0117749320343136,0.0024320194497704,0.0064724152907729,0.0007158633088693,0.0068693542852997,0.0012900850269943,-0.0092901643365621,-0.0104964235797524,-0.0098168225958943,0.0041304789483547,-0.0103581612929701,0.0093444734811782,0.0064294305630028,-0.0050065238028764,-0.0071311206556856,0.0168727803975343,0.0113720558583736,0.015209668315947,0.0044385716319084,0.0087889768183231,0.0013257323298603,0.0140483435243368,-0.0057370844297111,0.0171914435923099,0.0007397995796054,0.0015237864572554,0.0134536316618323,-0.0066596404649317,0.0083150938153266,-0.0048199985176324,-0.0005787169211544,0.0154481828212738,-0.0089751407504081,0.0032223276793956,-0.0170902460813522,0.011485300026834,-0.0069847111590206,0.0064043062739074,-0.0037413947284221,-0.017193779349327,-0.000450635125162,0.0016915363958105,0.0153290750458836,0.0143503062427043,-0.0109531953930854,0.0014058727538213,-0.0049386685714125,0.0262904055416584,0.0109791457653045,0.0191145557910203,-0.0068431878462433,0.0167773813009262,0.0113839795812964,-0.0026507596485316,-0.0011847482528537,-0.0269224271178245,0.0026690436061471,-0.0012880668509751,0.0141969686374068,0.0042037535458803,0.003936958964914,-0.0056270463392138,0.0045026172883808,0.0333942882716655,0.0059282244183123,-0.0341784507036209,-0.0145177822560071,-0.0174996145069599,-0.0103558795526623,-0.0170463118702173,0.000589549250435,-0.0264031384140253,-0.002062150510028,0.0072947675362229,0.0087084332481026,-0.037448763847351,-0.0062919622287154,-0.0068284352310001,-0.0203210841864347,0.005698412656784,-0.0048098554834723,-0.0220062993466854,0.0120828133076429,-0.0024233523290604,0.0150722945109009,-0.007217691745609,0.0251397639513015,-0.0182019937783479,0.0012906400952488,0.0163819193840026,-0.0073045277968049,-0.0196595005691051,0.0077910968102514,0.0037521438207477,-0.0164638739079237,0.0195522420108318,0.0064046937040984,0.0,0.0002893299388233,0.017882976680994,-0.0173511356115341,-0.0017276526195928,-0.0001471180585213,0.0008645181078463,-0.0029722778126597,-0.0041612987406551,-0.0070054200477898,-0.0062739886343479,-0.0093065556138753,-0.0170988254249095,0.0039394265040755,0.0029519130475819,0.0066404286772012,0.0103677846491336,-0.0091454368084669,-0.0126208653673529,0.0077633871696889,0.0042274189181625,0.0076168786535226,-0.0168403076407729,-0.0042477416092499,-0.0144492441467249,0.0090816280305952,-0.0124713700678072,-0.0210926451845638,0.0020363544014871,-0.0121575256054592,0.1216640257435306,-0.0224369489344082,-0.0243048524709833,2019-02-15,2019-02-19,2019-02-20,2019-02-21,2019-02-22,2019-02-25,2019-02-26,2019-02-27,2019-02-28,2019-03-01,28388.0,2019-02-14,252.0,-0.9000%,0.0001,0.5318,-0.118,0.0365,1.0910%,1.2250%,20.6778%,-0.007204,VNO,28388.0,2019-02-15,252.0,0.7763%,0.0003,0.5567,-0.0954,0.0772,1.0756%,1.2189%,22.1248%,0.001774,VNO,28388.0,2019-02-19,252.0,-0.0145%,0.0002,0.5534,-0.0921,0.0811,1.0740%,1.2147%,21.8363%,-0.001258,VNO,28388.0,2019-02-20,252.0,-1.1775%,0.0001,0.549,-0.1052,0.0646,1.0762%,1.2162%,21.7039%,-0.01317,VNO,28388.0,2019-02-21,252.0,0.6472%,0.0002,0.5461,-0.1091,0.0593,1.0774%,1.2163%,21.5468%,0.008479,VNO,28388.0,2019-02-22,252.0,0.6869%,0.0003,0.544,-0.0695,0.07,1.0625%,1.2006%,21.6865%,0.004692,VNO,28388.0,2019-02-25,252.0,-0.9290%,0.0002,0.5464,-0.0619,0.083,1.0566%,1.1954%,21.8712%,-0.010261,VNO,28388.0,2019-02-26,252.0,-0.9817%,0.0001,0.5433,-0.0459,0.0888,1.0569%,1.1923%,21.4307%,-0.009165,VNO,28388.0,2019-02-27,252.0,-1.0358%,0.0001,0.5431,-0.0487,0.0887,1.0591%,1.1936%,21.2625%,-0.0107529999999999,VNO,28388.0,2019-02-28,252.0,0.6429%,0.0002,0.5315,-0.0564,0.0784,1.0538%,1.1836%,20.7250%,0.008245,VNO,28388.0,2019-03-01,252.0,-0.7131%,0.0001,0.5333,-0.0537,0.0862,1.0551%,1.1845%,20.6517%,-0.0105709999999999,VNO,-0.00543,-0.006688,-0.019858,-0.006687,-0.0391919999999999
29475,VORNADO REALTY TRUST,SL Green Shares Respond Lower Following News Amazon Will Not Pursue HQ2 In New York City; Vornado Shares Also Volatile Over Last Few Mins,6,decrease,0.7,0.6,"the news indicates volatility in vornado's shares, likely driven by negative sentiment from amazon's decision not to pursue hq2 in nyc, which could impact demand for commercial real estate in the area.",0,2019-02-14,VNO,2019-02-14 16:59:00+00:00,28388.0,92904210,-0.0089998943731188,818827.0,0.0077633871696889,0.0042274189181625,-0.000145379875903,-0.0209790393710136,-0.0117749320343136,0.0024320194497704,0.0064724152907729,0.0007158633088693,0.0068693542852997,0.0012900850269943,-0.0092901643365621,-0.0104964235797524,-0.0098168225958943,0.0041304789483547,-0.0103581612929701,0.0093444734811782,0.0064294305630028,-0.0050065238028764,-0.0071311206556856,0.0168727803975343,0.0113720558583736,0.015209668315947,0.0044385716319084,0.0087889768183231,0.0013257323298603,0.0140483435243368,-0.0057370844297111,0.0171914435923099,0.0007397995796054,0.0015237864572554,0.0134536316618323,-0.0066596404649317,0.0083150938153266,-0.0048199985176324,-0.0005787169211544,0.0154481828212738,-0.0089751407504081,0.0032223276793956,-0.0170902460813522,0.011485300026834,-0.0069847111590206,0.0064043062739074,-0.0037413947284221,-0.017193779349327,-0.000450635125162,0.0016915363958105,0.0153290750458836,0.0143503062427043,-0.0109531953930854,0.0014058727538213,-0.0049386685714125,0.0262904055416584,0.0109791457653045,0.0191145557910203,-0.0068431878462433,0.0167773813009262,0.0113839795812964,-0.0026507596485316,-0.0011847482528537,-0.0269224271178245,0.0026690436061471,-0.0012880668509751,0.0141969686374068,0.0042037535458803,0.003936958964914,-0.0056270463392138,0.0045026172883808,0.0333942882716655,0.0059282244183123,-0.0341784507036209,-0.0145177822560071,-0.0174996145069599,-0.0103558795526623,-0.0170463118702173,0.000589549250435,-0.0264031384140253,-0.002062150510028,0.0072947675362229,0.0087084332481026,-0.037448763847351,-0.0062919622287154,-0.0068284352310001,-0.0203210841864347,0.005698412656784,-0.0048098554834723,-0.0220062993466854,0.0120828133076429,-0.0024233523290604,0.0150722945109009,-0.007217691745609,0.0251397639513015,-0.0182019937783479,0.0012906400952488,0.0163819193840026,-0.0073045277968049,-0.0196595005691051,0.0077910968102514,0.0037521438207477,-0.0164638739079237,0.0195522420108318,0.0064046937040984,0.0,0.0002893299388233,0.017882976680994,-0.0173511356115341,-0.0017276526195928,-0.0001471180585213,0.0008645181078463,-0.0029722778126597,-0.0041612987406551,-0.0070054200477898,-0.0062739886343479,-0.0093065556138753,-0.0170988254249095,0.0039394265040755,0.0029519130475819,0.0066404286772012,0.0103677846491336,-0.0091454368084669,-0.0126208653673529,0.0077633871696889,0.0042274189181625,0.0076168786535226,-0.0168403076407729,-0.0042477416092499,-0.0144492441467249,0.0090816280305952,-0.0124713700678072,-0.0210926451845638,0.0020363544014871,-0.0121575256054592,0.1216640257435306,-0.0224369489344082,-0.0243048524709833,2019-02-15,2019-02-19,2019-02-20,2019-02-21,2019-02-22,2019-02-25,2019-02-26,2019-02-27,2019-02-28,2019-03-01,28388.0,2019-02-14,252.0,-0.9000%,0.0001,0.5318,-0.118,0.0365,1.0910%,1.2250%,20.6778%,-0.007204,VNO,28388.0,2019-02-15,252.0,0.7763%,0.0003,0.5567,-0.0954,0.0772,1.0756%,1.2189%,22.1248%,0.001774,VNO,28388.0,2019-02-19,252.0,-0.0145%,0.0002,0.5534,-0.0921,0.0811,1.0740%,1.2147%,21.8363%,-0.001258,VNO,28388.0,2019-02-20,252.0,-1.1775%,0.0001,0.549,-0.1052,0.0646,1.0762%,1.2162%,21.7039%,-0.01317,VNO,28388.0,2019-02-21,252.0,0.6472%,0.0002,0.5461,-0.1091,0.0593,1.0774%,1.2163%,21.5468%,0.008479,VNO,28388.0,2019-02-22,252.0,0.6869%,0.0003,0.544,-0.0695,0.07,1.0625%,1.2006%,21.6865%,0.004692,VNO,28388.0,2019-02-25,252.0,-0.9290%,0.0002,0.5464,-0.0619,0.083,1.0566%,1.1954%,21.8712%,-0.010261,VNO,28388.0,2019-02-26,252.0,-0.9817%,0.0001,0.5433,-0.0459,0.0888,1.0569%,1.1923%,21.4307%,-0.009165,VNO,28388.0,2019-02-27,252.0,-1.0358%,0.0001,0.5431,-0.0487,0.0887,1.0591%,1.1936%,21.2625%,-0.0107529999999999,VNO,28388.0,2019-02-28,252.0,0.6429%,0.0002,0.5315,-0.0564,0.0784,1.0538%,1.1836%,20.7250%,0.008245,VNO,28388.0,2019-03-01,252.0,-0.7131%,0.0001,0.5333,-0.0537,0.0862,1.0551%,1.1845%,20.6517%,-0.0105709999999999,VNO,-0.00543,-0.006688,-0.019858,-0.006687,-0.0391919999999999
29483,VERTEX PHARMACEUTICALS INC,"Vertex Reports Results From Phase 3 Study Of Tezacaftor In Combo With Ivacaftor In Children 6-11 With Cystic Fibrosis In Europe, Australia: Study Met Primary Endpoint",6,increase,0.8,0.7,"the successful results from a phase 3 study typically indicate progress in drug development, which can positively influence investor sentiment and lead to an increase in stock price.",2,2019-02-14,VRTX,2019-02-14 14:06:00+00:00,76744.0,92532F10,0.0025371185038238,917589.0,0.0126534895971417,0.0067387940362095,-0.0064338101074099,0.0136616304516792,0.0052445451728999,0.0010477690957486,-0.0254471823573112,0.0064380271360278,0.0147492457181215,-0.0121169295161962,0.0030685148667544,-0.0247567351907491,0.0139000499621033,-0.0051068807952106,0.0047109858132898,-0.0184837542474269,-0.0055845188908278,0.0031952259596437,0.018066244199872,0.0206361971795558,-0.0110325263813138,0.0035947964061051,-0.0117869414389133,-0.0090913474559783,-0.035623013973236,-0.0074406526982784,-0.0138037651777267,0.015650114044547,-0.0075584016740322,-0.0174311306327581,0.0183911193162202,-0.0205797683447599,0.0113560995087027,-0.00421156687662,0.0169249940663576,0.0219399146735668,0.0024237688630819,0.0234757475554943,0.0106388460844755,-0.0028390765655785,-0.0032431315630674,0.0150616550818085,-0.0305099282413721,-0.0225871596485376,-0.0097931269556283,0.0114497924223542,0.0143349366262555,0.0204607546329498,-0.005641974043101,0.0230652708560228,0.0127802975475788,0.0133067741990089,0.0329616405069828,0.0182397756725549,-0.0215364973992109,0.0547853261232376,-0.0182973258197307,-0.0021331429015845,0.0083872312679886,-0.009836490266025,0.0114161791279912,0.0265766847878694,0.0056973798200488,-0.0058508156798779,0.0041686641052365,0.0032748319208621,-0.0199052933603525,0.0653676018118858,0.0257399175316095,-0.0293290503323078,0.0002117279218509,-0.029758233577013,-0.0032816128805279,0.0166393499821424,0.0109393959864974,-0.0291867423802614,-0.0275778751820325,-0.0164891704916954,-0.0126404296606779,-0.0228742770850658,-0.0015865701716393,-0.019374931231141,-0.0150693180039525,-0.0115702413022518,-0.0710470899939537,0.0128153394907712,0.0071270433254539,-0.0031649386510252,0.0021408218890428,0.0091167297214269,0.0406479388475418,-0.0412003435194492,-0.015909181907773,0.0094419606029987,0.0117626534774899,-0.0363931842148304,-0.0100795747712254,0.0213507432490587,-0.0019091803114861,0.0074672410264611,-0.0205194093286991,0.0059983856044709,0.021422715857625,0.0166999604552984,-0.0177289266139268,0.0480884313583374,0.0255397073924541,0.0437059327960014,0.0051187635399401,0.0008736311574466,-0.0256351325660944,0.0030671351123601,-0.0074583292007446,-0.0081331888213753,0.0053251828067004,-0.0244684945791959,-0.0062385825440287,-0.0093597983941435,-0.0251110773533582,0.0126989688724279,0.0126534895971417,0.0067387940362095,0.0061382693404676,0.0204924874017013,0.0114150069442071,0.0215617278924444,0.0002153421811652,0.0156806874319557,0.03467586935832,-0.009623110918375,-0.0095304953153045,0.1179167980443742,-0.1136657317109257,0.1255924064182783,2019-02-15,2019-02-19,2019-02-20,2019-02-21,2019-02-22,2019-02-25,2019-02-26,2019-02-27,2019-02-28,2019-03-01,76744.0,2019-02-14,252.0,0.2537%,0.0004,1.1546,-0.1496,-0.5657,1.5708%,2.1015%,44.1306%,0.002363,VRTX,76744.0,2019-02-15,252.0,1.2653%,0.0004,1.1516,-0.152,-0.5703,1.5705%,2.0992%,44.0326%,0.002596,VRTX,76744.0,2019-02-19,252.0,-0.6434%,0.0004,1.1485,-0.154,-0.5723,1.5707%,2.0949%,43.7822%,-0.00657,VRTX,76744.0,2019-02-20,252.0,0.5245%,0.0004,1.1503,-0.1498,-0.566,1.5712%,2.0951%,43.7570%,0.006449,VRTX,76744.0,2019-02-21,252.0,-2.5447%,0.0003,1.158,-0.1393,-0.5517,1.5774%,2.1016%,43.6669%,-0.022698,VRTX,76744.0,2019-02-22,252.0,1.4749%,0.0003,1.1574,-0.1228,-0.5434,1.5754%,2.0996%,43.6990%,-0.000222,VRTX,76744.0,2019-02-25,252.0,0.3069%,0.0004,1.1569,-0.1231,-0.5455,1.5752%,2.0996%,43.7164%,-6.5e-05,VRTX,76744.0,2019-02-26,252.0,1.3900%,0.0003,1.1342,-0.1189,-0.5604,1.5630%,2.0755%,43.2848%,0.013063,VRTX,76744.0,2019-02-27,252.0,0.4711%,0.0002,1.1307,-0.1119,-0.5609,1.5623%,2.0713%,43.1061%,0.003144,VRTX,76744.0,2019-02-28,252.0,-0.5585%,0.0003,1.1273,-0.1144,-0.5625,1.5618%,2.0669%,42.9079%,-0.003559,VRTX,76744.0,2019-03-01,252.0,1.8066%,0.0002,1.1356,-0.1021,-0.5533,1.5610%,2.0698%,43.1240%,0.007941,VRTX,0.004959,-0.001611,0.0048379999999999,-0.018082,0.0024419999999999
29491,VERASTEM INC,Verastem Oncology Highlights Publication Of Phase 2 DYNAMO Study Results In Indolent Non-Hodgkin Lymphoma In The Journal Of Clinical Oncology,6,increase,0.75,0.6,"the publication of positive study results in a reputable journal like the journal of clinical oncology is likely to boost investor confidence and interest in verastem oncology, potentially leading to an increase in stock price.",2,2019-02-14,VSTM,2019-02-14 12:53:00+00:00,13202.0,92337C20,-0.0064516067504882,1737241.0,0.071428582072258,-0.0064102504402399,0.0,0.0263157654553651,-0.0515151023864746,-0.0349206775426864,0.0159744247794151,0.0096154520288109,0.006289301905781,-0.0429448187351226,0.024999976158142,0.0,-0.0487805157899856,-0.0239520743489265,-0.0064102504402399,0.0372670441865921,-0.0290322303771972,-0.0182926654815673,0.0299003031104803,0.018633522093296,-0.0129032135009765,0.0522876121103763,0.01960782520473,-0.0097087286412715,-0.0961538329720497,-0.063636377453804,-0.003546095918864,-0.0782122835516929,-0.0071174311451613,0.037681121379137,0.0645161569118499,0.0486322455108165,0.0909090861678123,-0.0491329692304134,0.0339505858719348,0.0236686151474714,-0.0537312924861908,0.0,-0.018927501514554,-0.0174418427050113,0.0868167951703071,0.0087976455688476,0.0088757304474711,-0.083333320915699,0.0498533248901367,-0.0814815163612365,-0.0279329344630241,-0.0097799412906169,-0.0689655169844627,0.0123762851580977,0.0277777519077062,0.0150753622874617,0.0210210736840963,0.0557029284536838,-0.0676470622420311,0.0740740746259689,-0.0757097825407981,-0.0277008060365915,0.01023889798671,0.0744047611951828,-0.0033783752005547,-0.042735069990158,0.0271186176687479,0.0540540739893913,0.0099009806290268,-0.0234604571014642,0.01960782520473,0.0179105028510093,0.006410326808691,0.0371516682207584,-0.04140130802989,-0.0500000193715095,-0.0564784295856952,-0.0116278957575559,0.0070422468706965,-0.0626703053712844,-0.0489510037004947,-0.0492227524518966,-0.0330882035195827,-0.0469136498868465,-0.0988593995571136,-0.0193704403936862,0.0,-0.059225458651781,-0.0590716749429702,0.004576654639095,-0.0269058030098676,-0.0201794058084487,-0.0138248708099126,0.0045044999569654,0.0607476010918617,-0.0368763729929924,-0.0616739504039287,-0.0475206635892391,0.0140844928100705,-0.071017250418663,0.0185185000300407,0.0215686541050672,0.0136363506317138,0.0303030498325824,-0.0448430068790912,-0.0275049787014722,-0.0187794361263513,0.0430327951908111,-0.0143540538847446,-0.0317460000514984,-0.0145630929619073,-0.0251450892537832,0.0197044145315885,0.0019380289595574,-0.0579709596931934,0.0238095019012689,0.0205128006637096,-0.0289017520844936,-0.050251267850399,-0.0406653955578804,-0.2804232537746429,0.0587083585560321,-0.0514706261456012,0.0668058842420578,0.071428582072258,-0.0064102504402399,0.071428582072258,0.0197368243680298,0.0162338289670103,-0.0158730764541292,0.0389610801435986,-0.0490797828884943,0.0064934996606091,-0.0372671223172229,-0.0389609896138736,-0.077380957581329,-0.581168818168697,-0.3528183846562084,2019-02-15,2019-02-19,2019-02-20,2019-02-21,2019-02-22,2019-02-25,2019-02-26,2019-02-27,2019-02-28,2019-03-01,13202.0,2019-02-14,252.0,-0.6452%,0.0003,1.3446,2.38,-0.0588,4.4200%,4.8382%,16.5397%,-0.016568,VSTM,13202.0,2019-02-15,252.0,7.1429%,0.0005,1.3848,2.4216,0.0136,4.4307%,4.8573%,16.7922%,0.050466,VSTM,13202.0,2019-02-19,252.0,0.0000%,0.0006,1.3942,2.399,-0.0126,4.4251%,4.8549%,16.9231%,-0.009795,VSTM,13202.0,2019-02-20,252.0,-5.1515%,0.0003,1.3759,2.3511,-0.0794,4.4398%,4.8637%,16.6691%,-0.059473,VSTM,13202.0,2019-02-21,252.0,1.5974%,0.0004,1.3735,2.351,-0.0841,4.4418%,4.8642%,16.6134%,0.022428,VSTM,13202.0,2019-02-22,252.0,0.6289%,0.0005,1.3737,2.4062,-0.0308,4.4345%,4.8602%,16.7503%,-0.016906,VSTM,13202.0,2019-02-25,252.0,2.5000%,0.0005,1.3767,2.3951,-0.0257,4.4350%,4.8595%,16.7056%,0.02904,VSTM,13202.0,2019-02-26,252.0,-4.8781%,0.0005,1.4038,2.4132,0.0038,4.4343%,4.8676%,17.0109%,-0.031434,VSTM,13202.0,2019-02-27,252.0,-0.6410%,0.0005,1.4039,2.4092,0.0038,4.4351%,4.8678%,16.9904%,-0.012354,VSTM,13202.0,2019-02-28,252.0,-2.9032%,0.0003,1.4192,2.4188,0.0208,4.4364%,4.8714%,17.0621%,-0.025253,VSTM,13202.0,2019-03-01,252.0,2.9900%,0.0004,1.4107,2.4063,0.002,4.4356%,4.8666%,16.9290%,0.012661,VSTM,0.033898,0.024103,-0.03537,-0.029848,-0.057188
29499,WASTE CONNECTIONS INC NEW,"UPDATE: Bank Of America Reiterates Buy On Waste Connections As Firm Notes 'In a backdrop where volume growth is decelerating, we like WCN's price-led growth and operating leverage as the cycle matures'",6,increase,0.8,0.6,"the reiteration of a 'buy' rating by bank of america suggests confidence in waste connections' ability to achieve price-led growth and maintain operating leverage, which is likely to positively influence investor sentiment and stock price.",2,2019-02-14,WCN,2019-02-14 15:40:00+00:00,92949.0,94106B10,-0.0347950235009193,1572745.0,0.0224691312760114,-0.012124765664339,-0.0042260140180587,0.0152981812134385,0.0116405850276351,-0.0004778511065524,-0.003475978737697,-0.0007162177353166,0.0033677986357361,-0.0042790994048118,-0.0061135762371122,-0.0043787308968603,-0.0020504859276115,0.0099199451506137,0.0132946399971842,-0.0087667983025312,-0.0033396328799426,0.0101724043488502,0.0037169971037656,0.0094225509092211,0.0082427719607949,0.0217230580747127,-0.0020141962449997,0.0047122677788138,0.0018995135324075,-0.0041986163705587,0.0047399164177477,0.0089708594605326,-0.0002359272621106,-0.0013686774764209,0.0089654615148901,0.0016202004626393,-0.0047935931943356,-0.0023623330052942,0.0009397814865224,0.017714811488986,-0.0044600619003176,0.0085502574220299,-0.0040084454230964,-0.0074730380438268,0.0050899656489491,0.0166107807308435,-0.002826586831361,0.0027115135453641,-0.0033069420605897,0.0029784475918859,0.0094798328354954,0.0140512101352214,0.0017606983892619,0.0080752000212669,0.0117178354412317,0.0113803511485457,0.0177207142114639,0.0090516861528158,0.0040969680994749,0.0098225586116313,0.0056670065969228,-0.0054273256100714,-0.0015778994420543,-0.0074074487201869,-0.0106106204912066,0.0065067559480667,-0.0039931372739374,-0.0021642588544636,0.0108819808810949,0.0135727701708674,-0.0069121881388127,0.0294989980757236,0.0025102831423282,-0.0222191642969846,-0.0011381569784134,-0.0262062158435583,-0.000569770403672,-0.0116881029680371,0.0076387887820601,0.0010637127561494,-0.010635832324624,-0.0011952717322856,0.006518751848489,-0.0209335647523403,0.0118168490007519,-0.0085083926096558,-0.0038181240670382,0.0002578548446763,-0.0056363432668149,0.0044036260806024,0.0038544833660125,0.0073059042915701,0.0028232636395841,-0.0029916199855506,0.0050675328820943,-0.0132204638794064,-0.0001120687520597,0.0,0.0208426788449287,-0.003835768206045,0.007464328315109,-0.0034404213074594,0.0049030790105462,0.002298854291439,0.0058548548258841,-0.0076045431196689,-0.0090546123683452,0.0272100511938333,0.0034809061326086,-0.0018193554133176,0.0073712770827114,0.0123667251318693,0.0,0.0021094747353345,-0.0176477245986461,0.0101212169975042,0.0024141471367329,-0.0206078235059976,0.0028462193440645,-0.00208256742917,0.0136447986587882,-0.0023373626172542,-0.0069998009130358,0.0146245136857032,0.0224691312760114,-0.012124765664339,0.0181481623942065,0.0029879286867959,0.0300000026492868,0.0025086497952142,0.0298765195556054,-0.002496126390923,0.035439428757952,0.0137714339339656,0.0958018910388212,0.1302356627583583,0.1425815739568658,0.1056653016400726,2019-02-15,2019-02-19,2019-02-20,2019-02-21,2019-02-22,2019-02-25,2019-02-26,2019-02-27,2019-02-28,2019-03-01,92949.0,2019-02-14,252.0,-3.4795%,0.0006,0.5899,-0.126,-0.0685,0.7856%,1.0155%,40.1595%,-0.033637,WCN,92949.0,2019-02-15,252.0,2.2469%,0.0006,0.597,-0.1179,-0.0547,0.7914%,1.0218%,40.0108%,0.016347,WCN,92949.0,2019-02-19,252.0,-0.4226%,0.0006,0.6003,-0.1274,-0.0657,0.7873%,1.0215%,40.6049%,-0.004954,WCN,92949.0,2019-02-20,252.0,1.1641%,0.0006,0.6006,-0.1389,-0.0679,0.7704%,1.0093%,41.7336%,0.011042,WCN,92949.0,2019-02-21,252.0,-0.3476%,0.0006,0.5996,-0.1414,-0.0696,0.7701%,1.0086%,41.7022%,-0.001607,WCN,92949.0,2019-02-22,252.0,0.3368%,0.0006,0.5999,-0.1432,-0.0681,0.7701%,1.0086%,41.6957%,-0.0008759999999999,WCN,92949.0,2019-02-25,252.0,-0.6114%,0.0005,0.6006,-0.1384,-0.063,0.7709%,1.0088%,41.5964%,-0.007608,WCN,92949.0,2019-02-26,252.0,-0.2050%,0.0005,0.6052,-0.139,-0.0598,0.7700%,1.0088%,41.7349%,-0.002283,WCN,92949.0,2019-02-27,252.0,1.3295%,0.0005,0.6027,-0.1309,-0.0602,0.7729%,1.0082%,41.2297%,0.012842,WCN,92949.0,2019-02-28,252.0,-0.3340%,0.0005,0.6045,-0.1297,-0.0584,0.7729%,1.0081%,41.2199%,-0.001696,WCN,92949.0,2019-03-01,252.0,0.3717%,0.0005,0.6002,-0.1361,-0.0645,0.7717%,1.0050%,41.0369%,-0.000582,WCN,-0.01729,-0.022244,-0.0112019999999999,-0.013685,-0.013012
29507,WASTE CONNECTIONS INC NEW,"Bank of America Reiterates Buy on Waste Connections, Raises Price Target to $88",6,increase,0.8,0.7,the reiteration of a 'buy' rating and an increase in the price target typically signals positive sentiment and potential for stock price appreciation.,2,2019-02-14,WCN,2019-02-14 15:38:00+00:00,92949.0,94106B10,-0.0347950235009193,1572745.0,0.0224691312760114,-0.012124765664339,-0.0042260140180587,0.0152981812134385,0.0116405850276351,-0.0004778511065524,-0.003475978737697,-0.0007162177353166,0.0033677986357361,-0.0042790994048118,-0.0061135762371122,-0.0043787308968603,-0.0020504859276115,0.0099199451506137,0.0132946399971842,-0.0087667983025312,-0.0033396328799426,0.0101724043488502,0.0037169971037656,0.0094225509092211,0.0082427719607949,0.0217230580747127,-0.0020141962449997,0.0047122677788138,0.0018995135324075,-0.0041986163705587,0.0047399164177477,0.0089708594605326,-0.0002359272621106,-0.0013686774764209,0.0089654615148901,0.0016202004626393,-0.0047935931943356,-0.0023623330052942,0.0009397814865224,0.017714811488986,-0.0044600619003176,0.0085502574220299,-0.0040084454230964,-0.0074730380438268,0.0050899656489491,0.0166107807308435,-0.002826586831361,0.0027115135453641,-0.0033069420605897,0.0029784475918859,0.0094798328354954,0.0140512101352214,0.0017606983892619,0.0080752000212669,0.0117178354412317,0.0113803511485457,0.0177207142114639,0.0090516861528158,0.0040969680994749,0.0098225586116313,0.0056670065969228,-0.0054273256100714,-0.0015778994420543,-0.0074074487201869,-0.0106106204912066,0.0065067559480667,-0.0039931372739374,-0.0021642588544636,0.0108819808810949,0.0135727701708674,-0.0069121881388127,0.0294989980757236,0.0025102831423282,-0.0222191642969846,-0.0011381569784134,-0.0262062158435583,-0.000569770403672,-0.0116881029680371,0.0076387887820601,0.0010637127561494,-0.010635832324624,-0.0011952717322856,0.006518751848489,-0.0209335647523403,0.0118168490007519,-0.0085083926096558,-0.0038181240670382,0.0002578548446763,-0.0056363432668149,0.0044036260806024,0.0038544833660125,0.0073059042915701,0.0028232636395841,-0.0029916199855506,0.0050675328820943,-0.0132204638794064,-0.0001120687520597,0.0,0.0208426788449287,-0.003835768206045,0.007464328315109,-0.0034404213074594,0.0049030790105462,0.002298854291439,0.0058548548258841,-0.0076045431196689,-0.0090546123683452,0.0272100511938333,0.0034809061326086,-0.0018193554133176,0.0073712770827114,0.0123667251318693,0.0,0.0021094747353345,-0.0176477245986461,0.0101212169975042,0.0024141471367329,-0.0206078235059976,0.0028462193440645,-0.00208256742917,0.0136447986587882,-0.0023373626172542,-0.0069998009130358,0.0146245136857032,0.0224691312760114,-0.012124765664339,0.0181481623942065,0.0029879286867959,0.0300000026492868,0.0025086497952142,0.0298765195556054,-0.002496126390923,0.035439428757952,0.0137714339339656,0.0958018910388212,0.1302356627583583,0.1425815739568658,0.1056653016400726,2019-02-15,2019-02-19,2019-02-20,2019-02-21,2019-02-22,2019-02-25,2019-02-26,2019-02-27,2019-02-28,2019-03-01,92949.0,2019-02-14,252.0,-3.4795%,0.0006,0.5899,-0.126,-0.0685,0.7856%,1.0155%,40.1595%,-0.033637,WCN,92949.0,2019-02-15,252.0,2.2469%,0.0006,0.597,-0.1179,-0.0547,0.7914%,1.0218%,40.0108%,0.016347,WCN,92949.0,2019-02-19,252.0,-0.4226%,0.0006,0.6003,-0.1274,-0.0657,0.7873%,1.0215%,40.6049%,-0.004954,WCN,92949.0,2019-02-20,252.0,1.1641%,0.0006,0.6006,-0.1389,-0.0679,0.7704%,1.0093%,41.7336%,0.011042,WCN,92949.0,2019-02-21,252.0,-0.3476%,0.0006,0.5996,-0.1414,-0.0696,0.7701%,1.0086%,41.7022%,-0.001607,WCN,92949.0,2019-02-22,252.0,0.3368%,0.0006,0.5999,-0.1432,-0.0681,0.7701%,1.0086%,41.6957%,-0.0008759999999999,WCN,92949.0,2019-02-25,252.0,-0.6114%,0.0005,0.6006,-0.1384,-0.063,0.7709%,1.0088%,41.5964%,-0.007608,WCN,92949.0,2019-02-26,252.0,-0.2050%,0.0005,0.6052,-0.139,-0.0598,0.7700%,1.0088%,41.7349%,-0.002283,WCN,92949.0,2019-02-27,252.0,1.3295%,0.0005,0.6027,-0.1309,-0.0602,0.7729%,1.0082%,41.2297%,0.012842,WCN,92949.0,2019-02-28,252.0,-0.3340%,0.0005,0.6045,-0.1297,-0.0584,0.7729%,1.0081%,41.2199%,-0.001696,WCN,92949.0,2019-03-01,252.0,0.3717%,0.0005,0.6002,-0.1361,-0.0645,0.7717%,1.0050%,41.0369%,-0.000582,WCN,-0.01729,-0.022244,-0.0112019999999999,-0.013685,-0.013012
29515,WORKDAY INC,Guggenheim: Workday Positioned For Multiyear Growth,6,increase,0.8,0.7,"the positive assessment from guggenheim suggests strong future growth potential for workday, likely leading to increased investor confidence and a rise in stock price.",2,2019-02-14,WDAY,2019-02-14 16:58:00+00:00,13628.0,98138H10,0.0042076874524354,1422382.0,0.0119338072836399,-0.0093394061550498,0.0102207260206341,-0.0040987851098179,-0.0212203562259674,0.0046987980604171,0.0043467124924063,0.0150045715272426,0.0276032909750938,-0.0099214510992169,0.0078582372516393,-0.0042791357263922,-0.005656630732119,0.0134382406249642,0.0119413789361715,0.0038697260897606,0.0024309735745191,0.0249545462429523,-0.0444096066057682,0.0516162887215614,-0.0524479113519191,0.0355749763548374,0.0152885029092431,-0.033681146800518,0.002582908142358,-0.0175418723374605,-0.0037274172063916,0.025584140792489,-0.0007702854927629,-0.0026797547470778,0.021419521421194,0.0052116843871772,0.0099191181361675,-0.0076127238571643,-0.0062986691482365,0.0330171696841716,0.0047270604409277,0.0074997311457991,-0.0018712086603045,0.005289688706398,0.0043922653421759,0.0069797304458916,0.02143887989223,-0.02466263435781,0.0061609563417732,-0.0029768990352749,0.0252711065113544,0.0107113616541028,-0.0328980647027492,-0.0046121850609779,-0.001988721312955,0.0211008992046117,0.0101730599999427,0.0009182362700812,-0.0153654832392931,0.0605765581130981,0.0027414818760007,-0.0358081944286823,0.0139327505603432,0.000375831790734,-0.0005185693735256,0.0007520376238971,0.0053437030874192,0.0067511643283069,-0.0014449312584474,0.0304272025823593,-0.041498702019453,0.0800505131483078,0.0044211572967469,-0.0173876285552978,0.0044017788022756,-0.046889416873455,0.0197210330516099,-0.0233155936002731,0.0225367024540901,-0.000128471336211,0.0039466377347707,0.0126821817830205,-0.0006126263178884,-0.0510399565100669,-0.0145082827657461,-0.0159125123172998,0.0149291874840855,-0.0052562248893082,-0.0243627820163965,0.0158340595662593,-0.0166998337954282,0.0204158946871757,0.0081988675519824,-0.0046749361790716,0.0307863019406795,-0.0457979664206504,0.00087089225417,0.0188462045043706,0.0176588650792837,-0.0165673345327377,0.0281158648431301,0.0231707505881786,0.000489168043714,0.1286992132663727,0.0054765557870268,-0.0036343603860586,-0.021640870720148,0.0510270409286022,-0.0125757968053221,-0.0105540594086051,0.0225018952041864,0.0367440581321716,-0.0006892447709105,0.016228312626481,-0.021874088793993,0.0496018342673778,-0.0081595405936241,0.0220842901617288,0.0174182821065187,-0.0756909474730491,0.0158721860498189,-0.0143192615360021,-0.0464304871857166,0.0286274887621402,0.0119338072836399,-0.0093394061550498,0.0222765054789031,-0.0133999110459849,0.0005834338712036,-0.0087640764616003,0.0326721316251035,-0.0038730673294959,0.0031823807415936,0.0876492016324321,0.0228599421396809,0.1757891307488293,0.0293837364282163,0.4181584817345967,2019-02-15,2019-02-19,2019-02-20,2019-02-21,2019-02-22,2019-02-25,2019-02-26,2019-02-27,2019-02-28,2019-03-01,13628.0,2019-02-14,252.0,0.4208%,0.0012,1.2033,0.2742,-1.6041,1.6342%,2.5325%,58.3577%,-0.004131,WDAY,13628.0,2019-02-15,252.0,1.1934%,0.0011,1.1873,0.2602,-1.6295,1.6282%,2.5247%,58.4122%,0.005251,WDAY,13628.0,2019-02-19,252.0,1.0221%,0.0011,1.1881,0.2689,-1.6199,1.6294%,2.5192%,58.1665%,0.011999,WDAY,13628.0,2019-02-20,252.0,-2.1220%,0.0011,1.1838,0.2603,-1.635,1.6325%,2.5233%,58.1401%,-0.01526,WDAY,13628.0,2019-02-21,252.0,0.4347%,0.001,1.1899,0.2736,-1.6239,1.6281%,2.5217%,58.3167%,0.005048,WDAY,13628.0,2019-02-22,252.0,2.7603%,0.001,1.191,0.2683,-1.6155,1.6285%,2.5267%,58.4598%,-0.005607,WDAY,13628.0,2019-02-25,252.0,0.7858%,0.0011,1.1889,0.2647,-1.6253,1.6245%,2.5257%,58.6343%,0.003761,WDAY,13628.0,2019-02-26,252.0,-0.5657%,0.001,1.1888,0.2767,-1.6193,1.6252%,2.5224%,58.4871%,-0.0075239999999999,WDAY,13628.0,2019-02-27,252.0,1.1941%,0.0011,1.1936,0.2703,-1.6185,1.6245%,2.5232%,58.5476%,0.008302,WDAY,13628.0,2019-02-28,252.0,0.2431%,0.001,1.2031,0.2769,-1.6118,1.6205%,2.5232%,58.7515%,0.001931,WDAY,13628.0,2019-03-01,252.0,-4.4410%,0.0008,1.1879,0.2542,-1.6069,1.6658%,2.5386%,56.9420%,-0.060412,WDAY,0.00112,0.0131189999999999,-0.002141,-0.0027,-0.056642
29523,WASTE MANAGEMENT INC DEL,"Waste Management Sees FY19 Adj. Operating EBITDA $4.4B-$4.45B, Adj. EPS $4.28-$4.38 vs $4.43 Estimate",6,decrease,0.7,0.5,"the adjusted eps guidance is below the estimate, which may lead to negative investor sentiment and a potential decrease in stock price.",0,2019-02-14,WM,2019-02-14 12:16:00+00:00,11955.0,94106L10,0.0028408968355506,2284951.0,0.0022258318495005,-0.0009123564814217,0.0002019409730564,0.0131457196548581,0.0010092699667438,-0.0005131946527399,0.0014115687226876,0.0054701082408428,0.0041281078010797,0.0023794302251189,-0.0043116444721817,-0.0056578069925308,0.0013091363944113,0.0126041574403643,0.0081464098766446,0.0055514695122838,0.0100758392363786,-0.0020904876291751,-0.0024691359139978,0.0076890215277671,-0.0075247734785079,0.0018995387945324,-0.0052872984670102,0.0027513452805578,0.0010028930846601,-0.0042149792425334,0.0040326560847461,0.0051901051774621,-0.0075225681066513,-0.005268148612231,0.00909551884979,0.0003162564244121,0.0066099516116082,0.0043399599380791,0.0056710741482675,0.0123232053592801,0.000791470403783,0.0066882716491818,-0.0018782367696985,-0.0115163344889879,0.0042586936615407,0.0071957702748477,-0.0013806645292788,-0.0057661603204905,-0.0045427521690726,0.0049361418932676,0.0114086689427495,0.0143681252375245,-0.000490391626954,-0.0050898161716759,0.0027477799449115,0.0141679653897881,0.0128204887732863,0.0024221206549555,-0.0052179042249917,0.0265596564859151,0.0046624904498457,-0.0027051155921071,0.0046408521011471,-0.00303401122801,0.0010585407726466,0.0118249114602804,-0.0001922384544741,-0.0017026279820129,0.0001922754163388,0.0133424894884228,-0.0194193106144666,0.038709744811058,0.0019607543945312,-0.048971764743328,-0.001076326938346,0.0006822647992521,-0.0044078454375267,0.0003412054211366,0.0126918628811836,-0.0142393121495842,-0.0229282099753618,0.0015721435192972,0.0121308667585253,-0.0229317136108875,0.024265656247735,-0.0026263720355927,0.0017264559864997,0.005391108803451,0.0067981528118252,-0.0063408967107534,0.0059914146549999,0.0021913507953286,-0.0002835959603544,0.0006577958702109,0.0044444561935961,-0.0177686996757984,-0.0010355922859162,0.0025912099517881,-0.0055603049695491,-0.0049419752322137,0.002843091962859,-0.0071466471999883,0.0059534800238907,0.0111087011173367,0.0083607276901602,0.004040552303195,-0.0120178246870636,0.015315543860197,0.0011314956936985,-0.0003280706296209,0.0021663687657564,0.006605087313801,-0.0047932532615959,-0.0029634975362569,-0.0110491849482059,-0.0037178387865424,0.0009549128590151,-0.0129520185291767,0.0038160802796483,0.0003238909412175,0.0168218649923801,0.006958027370274,-0.0045798472128808,0.0106581822037696,0.0022258318495005,-0.0009123564814217,0.0024282223092064,0.0122213695909063,0.0034399430077995,0.0117019029966431,0.009004522855865,0.0196564640501222,0.0218535374808872,0.0381292929516188,0.0566991967482857,0.1075401723053166,0.0830378273375593,0.0883890083515077,2019-02-15,2019-02-19,2019-02-20,2019-02-21,2019-02-22,2019-02-25,2019-02-26,2019-02-27,2019-02-28,2019-03-01,11955.0,2019-02-14,252.0,0.2841%,0.0008,0.5706,-0.4239,-0.0416,0.8707%,1.0820%,35.2397%,0.005937,WM,11955.0,2019-02-15,252.0,0.2226%,0.0007,0.5563,-0.4372,-0.0655,0.8663%,1.0735%,34.8769%,-0.003063,WM,11955.0,2019-02-19,252.0,0.0202%,0.0007,0.5535,-0.4335,-0.0611,0.8645%,1.0685%,34.5324%,0.0005099999999999,WM,11955.0,2019-02-20,252.0,0.1009%,0.0006,0.5523,-0.4425,-0.067,0.8599%,1.0655%,34.8733%,0.001147,WM,11955.0,2019-02-21,252.0,0.1412%,0.0006,0.5509,-0.4447,-0.0696,0.8598%,1.0652%,34.8385%,0.002891,WM,11955.0,2019-02-22,252.0,0.4128%,0.0007,0.5506,-0.4392,-0.069,0.8595%,1.0635%,34.6841%,0.0018709999999999,WM,11955.0,2019-02-25,252.0,-0.4312%,0.0006,0.5511,-0.4352,-0.0651,0.8603%,1.0637%,34.5845%,-0.0065039999999999,WM,11955.0,2019-02-26,252.0,0.1309%,0.0006,0.5509,-0.4329,-0.064,0.8604%,1.0615%,34.3007%,-0.000909,WM,11955.0,2019-02-27,252.0,0.8146%,0.0006,0.5494,-0.428,-0.0642,0.8614%,1.0597%,33.9259%,0.008296,WM,11955.0,2019-02-28,252.0,1.0076%,0.0006,0.5523,-0.4256,-0.0647,0.8621%,1.0611%,33.9984%,0.011604,WM,11955.0,2019-03-01,252.0,-0.2469%,0.0006,0.5487,-0.431,-0.0675,0.8626%,1.0601%,33.7907%,-0.00556,WM,0.002874,0.003384,0.004531,0.009293,0.01622
29531,WASTE MANAGEMENT INC DEL,"Waste Management Q4 EPS $1.13 Beats $1.06 Estimate, Sales $3.84B Beat $3.79B Estimate",6,increase,0.8,0.7,"the company's earnings per share and sales both exceeded analyst estimates, which typically signals strong performance and can lead to a positive reaction in the stock price.",2,2019-02-14,WM,2019-02-14 12:14:00+00:00,11955.0,94106L10,0.0028408968355506,2284951.0,0.0022258318495005,-0.0009123564814217,0.0002019409730564,0.0131457196548581,0.0010092699667438,-0.0005131946527399,0.0014115687226876,0.0054701082408428,0.0041281078010797,0.0023794302251189,-0.0043116444721817,-0.0056578069925308,0.0013091363944113,0.0126041574403643,0.0081464098766446,0.0055514695122838,0.0100758392363786,-0.0020904876291751,-0.0024691359139978,0.0076890215277671,-0.0075247734785079,0.0018995387945324,-0.0052872984670102,0.0027513452805578,0.0010028930846601,-0.0042149792425334,0.0040326560847461,0.0051901051774621,-0.0075225681066513,-0.005268148612231,0.00909551884979,0.0003162564244121,0.0066099516116082,0.0043399599380791,0.0056710741482675,0.0123232053592801,0.000791470403783,0.0066882716491818,-0.0018782367696985,-0.0115163344889879,0.0042586936615407,0.0071957702748477,-0.0013806645292788,-0.0057661603204905,-0.0045427521690726,0.0049361418932676,0.0114086689427495,0.0143681252375245,-0.000490391626954,-0.0050898161716759,0.0027477799449115,0.0141679653897881,0.0128204887732863,0.0024221206549555,-0.0052179042249917,0.0265596564859151,0.0046624904498457,-0.0027051155921071,0.0046408521011471,-0.00303401122801,0.0010585407726466,0.0118249114602804,-0.0001922384544741,-0.0017026279820129,0.0001922754163388,0.0133424894884228,-0.0194193106144666,0.038709744811058,0.0019607543945312,-0.048971764743328,-0.001076326938346,0.0006822647992521,-0.0044078454375267,0.0003412054211366,0.0126918628811836,-0.0142393121495842,-0.0229282099753618,0.0015721435192972,0.0121308667585253,-0.0229317136108875,0.024265656247735,-0.0026263720355927,0.0017264559864997,0.005391108803451,0.0067981528118252,-0.0063408967107534,0.0059914146549999,0.0021913507953286,-0.0002835959603544,0.0006577958702109,0.0044444561935961,-0.0177686996757984,-0.0010355922859162,0.0025912099517881,-0.0055603049695491,-0.0049419752322137,0.002843091962859,-0.0071466471999883,0.0059534800238907,0.0111087011173367,0.0083607276901602,0.004040552303195,-0.0120178246870636,0.015315543860197,0.0011314956936985,-0.0003280706296209,0.0021663687657564,0.006605087313801,-0.0047932532615959,-0.0029634975362569,-0.0110491849482059,-0.0037178387865424,0.0009549128590151,-0.0129520185291767,0.0038160802796483,0.0003238909412175,0.0168218649923801,0.006958027370274,-0.0045798472128808,0.0106581822037696,0.0022258318495005,-0.0009123564814217,0.0024282223092064,0.0122213695909063,0.0034399430077995,0.0117019029966431,0.009004522855865,0.0196564640501222,0.0218535374808872,0.0381292929516188,0.0566991967482857,0.1075401723053166,0.0830378273375593,0.0883890083515077,2019-02-15,2019-02-19,2019-02-20,2019-02-21,2019-02-22,2019-02-25,2019-02-26,2019-02-27,2019-02-28,2019-03-01,11955.0,2019-02-14,252.0,0.2841%,0.0008,0.5706,-0.4239,-0.0416,0.8707%,1.0820%,35.2397%,0.005937,WM,11955.0,2019-02-15,252.0,0.2226%,0.0007,0.5563,-0.4372,-0.0655,0.8663%,1.0735%,34.8769%,-0.003063,WM,11955.0,2019-02-19,252.0,0.0202%,0.0007,0.5535,-0.4335,-0.0611,0.8645%,1.0685%,34.5324%,0.0005099999999999,WM,11955.0,2019-02-20,252.0,0.1009%,0.0006,0.5523,-0.4425,-0.067,0.8599%,1.0655%,34.8733%,0.001147,WM,11955.0,2019-02-21,252.0,0.1412%,0.0006,0.5509,-0.4447,-0.0696,0.8598%,1.0652%,34.8385%,0.002891,WM,11955.0,2019-02-22,252.0,0.4128%,0.0007,0.5506,-0.4392,-0.069,0.8595%,1.0635%,34.6841%,0.0018709999999999,WM,11955.0,2019-02-25,252.0,-0.4312%,0.0006,0.5511,-0.4352,-0.0651,0.8603%,1.0637%,34.5845%,-0.0065039999999999,WM,11955.0,2019-02-26,252.0,0.1309%,0.0006,0.5509,-0.4329,-0.064,0.8604%,1.0615%,34.3007%,-0.000909,WM,11955.0,2019-02-27,252.0,0.8146%,0.0006,0.5494,-0.428,-0.0642,0.8614%,1.0597%,33.9259%,0.008296,WM,11955.0,2019-02-28,252.0,1.0076%,0.0006,0.5523,-0.4256,-0.0647,0.8621%,1.0611%,33.9984%,0.011604,WM,11955.0,2019-03-01,252.0,-0.2469%,0.0006,0.5487,-0.431,-0.0675,0.8626%,1.0601%,33.7907%,-0.00556,WM,0.002874,0.003384,0.004531,0.009293,0.01622
29539,WATSCO INC,"Watsco Q4 EPS $1.02 Misses $1.06 Estimate, Sales $991M Miss $1.01B Estimate",6,decrease,0.8,0.6,"the earnings per share and sales figures both missed analyst estimates, which typically leads to a negative reaction in stock prices.",0,2019-02-14,WSO,2019-02-14 12:36:00+00:00,66376.0,94262220,-0.0647754967212677,506711.0,0.0019569385331124,0.009968377649784,0.0083007980138063,0.0203421041369438,-0.01016949955374,0.0226631443947553,-0.0011182811576873,-0.0056849438697099,0.0079065551981329,0.0004111111338716,0.0045817676000297,-0.0173051785677671,-0.0080160573124885,-0.0019489821279421,0.007175191771239,0.0105949304997921,-0.0047724610194563,-0.0016272731591016,0.0027798588853329,0.0151431504637002,-0.0171875786036253,-0.0162513144314289,-0.0051477029919624,0.0094326017424464,0.0185001455247402,0.0025355333928018,-0.0186513178050518,0.0082912798970937,-0.0041131963953375,0.0015223944792523,-0.0028483509086072,0.0009003298473544,0.0022137938067317,-0.0099430633708834,0.013467289507389,0.0150344800204038,-0.0118821803480386,0.0223439801484346,-0.0051942206919193,-0.0107700889930129,0.0261069256812334,0.0052480157464742,-0.0122682955116033,-0.000769127451349,-0.0017642908496782,-0.0070812902413308,-0.0023329928517341,0.0198243260383606,-0.0274942591786384,-0.0164345446974039,0.0100553017109632,0.005179934669286,0.0078633073717355,-0.0002099431731039,0.0112375058233737,0.0406379848718643,0.0041053355671465,-0.0135067524388432,0.0095164673402905,0.0003593722358345,0.0141050824895501,0.0084070423617959,0.0068168113939464,0.0060517815873026,-0.0004787807702086,-0.0055829775519669,0.0166268087923526,0.0401991233229637,0.010297474451363,-0.0074855904094874,-0.0106588909402489,-0.0522844083607196,-0.0255201235413551,0.0027031218633055,-0.0153399752452969,-0.0191864930093288,0.0126316007226705,-0.0151847712695598,0.0142064932733774,-0.0128196394070982,0.0080828890204429,-0.0144394924864172,0.0124040404334664,-0.0034641546662896,0.0180735010653734,0.0074496683664619,0.0061835637316107,-0.0046095424331724,-0.0022467211820185,-0.0155212134122848,0.0396052412688732,-0.0145819829776883,0.0193030443042516,0.0084967520087957,-0.0010000228649005,-0.0057833478786051,-0.0035034883767366,0.0012361903209239,-0.0064038438722491,0.007340379524976,0.0013269728515297,-0.0052158236503601,-0.0138827348127961,0.0170413590967655,0.0103666419163346,6.627656694035977e-05,0.0158338081091642,0.0084259053692221,0.0003117591550108,-0.0092095639556646,-0.0186985787004232,0.0236011929810047,0.007812472525984,-0.0090726213529706,-0.0058611752465367,0.0097035216167569,0.0122986380010843,0.0106988381594419,-0.0331287160515785,0.0045470455661416,0.0019569385331124,0.009968377649784,0.0102739806984075,0.0305132595629562,-9.746004003829968e-11,0.0538679303651414,0.0067794321906247,0.048307544133916,0.0084567469585239,0.0530699815795223,0.0009086158497004,0.1119240271504591,0.0909739556665223,0.0658843586671333,2019-02-15,2019-02-19,2019-02-20,2019-02-21,2019-02-22,2019-02-25,2019-02-26,2019-02-27,2019-02-28,2019-03-01,66376.0,2019-02-14,252.0,-6.4775%,-0.0005,0.7998,0.2583,0.0817,1.3195%,1.5677%,29.1494%,-0.064502,WSO,66376.0,2019-02-15,252.0,0.1957%,-0.0005,0.7968,0.2549,0.0759,1.3203%,1.5663%,28.9450%,-0.008218,WSO,66376.0,2019-02-19,252.0,0.8301%,-0.0005,0.7948,0.2633,0.0856,1.3192%,1.5626%,28.7227%,0.0057199999999999,WSO,66376.0,2019-02-20,252.0,-1.0169%,-0.0006,0.7917,0.258,0.075,1.3213%,1.5638%,28.6041%,-0.01283,WSO,66376.0,2019-02-21,252.0,-0.1118%,-0.0006,0.7895,0.2541,0.0709,1.3211%,1.5624%,28.4962%,0.002064,WSO,66376.0,2019-02-22,252.0,0.7907%,-0.0006,0.7892,0.2533,0.0659,1.3212%,1.5632%,28.5635%,0.00232,WSO,66376.0,2019-02-25,252.0,0.4582%,-0.0005,0.7891,0.251,0.0645,1.3216%,1.5635%,28.5563%,0.004075,WSO,66376.0,2019-02-26,252.0,-0.8016%,-0.0005,0.7918,0.2547,0.0683,1.3217%,1.5634%,28.5290%,-0.0050339999999999,WSO,66376.0,2019-02-27,252.0,0.7175%,-0.0005,0.7958,0.2495,0.069,1.3212%,1.5641%,28.6495%,0.0059609999999999,WSO,66376.0,2019-02-28,252.0,-0.4772%,-0.0005,0.7983,0.2512,0.0713,1.3210%,1.5639%,28.6465%,-0.002283,WSO,66376.0,2019-03-01,252.0,0.2780%,-0.0005,0.7979,0.2506,0.0721,1.3211%,1.5627%,28.5301%,-0.003501,WSO,-0.07272,-0.067,-0.07983,-0.075446,-0.076228
29547,WATSCO INC,"Watsco Q4 EPS $1.02 Misses $1.06 Estimate, Sales $991M Miss $1.01B Estimate",6,decrease,0.75,0.6,"the earnings per share and sales figures both missed analyst estimates, which typically leads to a negative reaction in stock prices.",0,2019-02-14,WSO,2019-02-14 12:36:00+00:00,66376.0,94262220,-0.0647754967212677,506711.0,0.0019569385331124,0.009968377649784,0.0083007980138063,0.0203421041369438,-0.01016949955374,0.0226631443947553,-0.0011182811576873,-0.0056849438697099,0.0079065551981329,0.0004111111338716,0.0045817676000297,-0.0173051785677671,-0.0080160573124885,-0.0019489821279421,0.007175191771239,0.0105949304997921,-0.0047724610194563,-0.0016272731591016,0.0027798588853329,0.0151431504637002,-0.0171875786036253,-0.0162513144314289,-0.0051477029919624,0.0094326017424464,0.0185001455247402,0.0025355333928018,-0.0186513178050518,0.0082912798970937,-0.0041131963953375,0.0015223944792523,-0.0028483509086072,0.0009003298473544,0.0022137938067317,-0.0099430633708834,0.013467289507389,0.0150344800204038,-0.0118821803480386,0.0223439801484346,-0.0051942206919193,-0.0107700889930129,0.0261069256812334,0.0052480157464742,-0.0122682955116033,-0.000769127451349,-0.0017642908496782,-0.0070812902413308,-0.0023329928517341,0.0198243260383606,-0.0274942591786384,-0.0164345446974039,0.0100553017109632,0.005179934669286,0.0078633073717355,-0.0002099431731039,0.0112375058233737,0.0406379848718643,0.0041053355671465,-0.0135067524388432,0.0095164673402905,0.0003593722358345,0.0141050824895501,0.0084070423617959,0.0068168113939464,0.0060517815873026,-0.0004787807702086,-0.0055829775519669,0.0166268087923526,0.0401991233229637,0.010297474451363,-0.0074855904094874,-0.0106588909402489,-0.0522844083607196,-0.0255201235413551,0.0027031218633055,-0.0153399752452969,-0.0191864930093288,0.0126316007226705,-0.0151847712695598,0.0142064932733774,-0.0128196394070982,0.0080828890204429,-0.0144394924864172,0.0124040404334664,-0.0034641546662896,0.0180735010653734,0.0074496683664619,0.0061835637316107,-0.0046095424331724,-0.0022467211820185,-0.0155212134122848,0.0396052412688732,-0.0145819829776883,0.0193030443042516,0.0084967520087957,-0.0010000228649005,-0.0057833478786051,-0.0035034883767366,0.0012361903209239,-0.0064038438722491,0.007340379524976,0.0013269728515297,-0.0052158236503601,-0.0138827348127961,0.0170413590967655,0.0103666419163346,6.627656694035977e-05,0.0158338081091642,0.0084259053692221,0.0003117591550108,-0.0092095639556646,-0.0186985787004232,0.0236011929810047,0.007812472525984,-0.0090726213529706,-0.0058611752465367,0.0097035216167569,0.0122986380010843,0.0106988381594419,-0.0331287160515785,0.0045470455661416,0.0019569385331124,0.009968377649784,0.0102739806984075,0.0305132595629562,-9.746004003829968e-11,0.0538679303651414,0.0067794321906247,0.048307544133916,0.0084567469585239,0.0530699815795223,0.0009086158497004,0.1119240271504591,0.0909739556665223,0.0658843586671333,2019-02-15,2019-02-19,2019-02-20,2019-02-21,2019-02-22,2019-02-25,2019-02-26,2019-02-27,2019-02-28,2019-03-01,66376.0,2019-02-14,252.0,-6.4775%,-0.0005,0.7998,0.2583,0.0817,1.3195%,1.5677%,29.1494%,-0.064502,WSO,66376.0,2019-02-15,252.0,0.1957%,-0.0005,0.7968,0.2549,0.0759,1.3203%,1.5663%,28.9450%,-0.008218,WSO,66376.0,2019-02-19,252.0,0.8301%,-0.0005,0.7948,0.2633,0.0856,1.3192%,1.5626%,28.7227%,0.0057199999999999,WSO,66376.0,2019-02-20,252.0,-1.0169%,-0.0006,0.7917,0.258,0.075,1.3213%,1.5638%,28.6041%,-0.01283,WSO,66376.0,2019-02-21,252.0,-0.1118%,-0.0006,0.7895,0.2541,0.0709,1.3211%,1.5624%,28.4962%,0.002064,WSO,66376.0,2019-02-22,252.0,0.7907%,-0.0006,0.7892,0.2533,0.0659,1.3212%,1.5632%,28.5635%,0.00232,WSO,66376.0,2019-02-25,252.0,0.4582%,-0.0005,0.7891,0.251,0.0645,1.3216%,1.5635%,28.5563%,0.004075,WSO,66376.0,2019-02-26,252.0,-0.8016%,-0.0005,0.7918,0.2547,0.0683,1.3217%,1.5634%,28.5290%,-0.0050339999999999,WSO,66376.0,2019-02-27,252.0,0.7175%,-0.0005,0.7958,0.2495,0.069,1.3212%,1.5641%,28.6495%,0.0059609999999999,WSO,66376.0,2019-02-28,252.0,-0.4772%,-0.0005,0.7983,0.2512,0.0713,1.3210%,1.5639%,28.6465%,-0.002283,WSO,66376.0,2019-03-01,252.0,0.2780%,-0.0005,0.7979,0.2506,0.0721,1.3211%,1.5627%,28.5301%,-0.003501,WSO,-0.07272,-0.067,-0.07983,-0.075446,-0.076228
29555,WYNN RESORTS LTD,Wynn Resorts 13G Shows Melvin Capital Cut Stake In Co. From ~4.255M Shares To ~3.253M Shares,6,decrease,0.7,0.5,"the reduction in melvin capital's stake in wynn resorts may signal a lack of confidence in the company's future performance, potentially leading to a decrease in stock price.",0,2019-02-14,WYNN,2019-02-14 16:19:00+00:00,89533.0,98313410,-0.0264210328459739,2837810.0,0.0087499134242534,0.01125827152282,0.0309211984276771,0.0090399775654077,0.0063882209360599,-0.001677175052464,0.0034836060367524,-0.0131620289757847,0.0163542013615369,-0.0347660705447197,-0.0193548612296581,0.033168226480484,0.0096749225631356,0.0228314492851495,-0.0210041999816894,-0.0133259324356913,-0.0091613670811057,0.0248760059475898,-0.0112217338755726,0.0209993254393339,0.0035965228453278,0.0325677320361137,-0.0113880727440118,-0.0126089351251721,-0.0047526690177619,-0.0030372110195457,-0.0394982174038887,0.0360107943415641,0.0077525759115815,0.012030079960823,-0.0018395651131868,0.0097356550395488,-0.0169222094118595,-0.0279562529176473,-0.0030677514150738,0.007963627576828,-0.0115394350141286,0.0248430185019969,0.0012971422402188,0.034610778093338,0.0031090821139514,-0.0030527459457516,0.0143779432401061,-0.0479965172708034,0.0027160048484802,0.0192998331040144,0.0253936015069484,-0.0259683579206466,-0.0349182412028312,0.0130203822627663,-0.0039347079582512,0.0313327871263027,0.0078145442530512,0.0177575647830963,-0.0068166586570441,0.0403327047824859,0.0090940734371542,-0.0096743497997522,0.0144532984122633,0.0555049814283847,0.0839758366346359,0.0171740632504224,0.0439925976097583,-0.0089686596766114,0.0192550253123045,-0.0111861387267708,0.0148223005235195,0.0784697458148002,0.0090928925201296,-0.0149877043440938,0.0277423281222581,-0.0448875166475772,-0.0385917238891124,-0.0059965071268379,0.0124946543946862,-0.0455912016332149,0.0001418742758687,-0.013304048217833,0.0195716526359319,-0.0208059381693601,-0.0136318784207105,-0.0130423055961728,0.0204484108835458,-0.011791598983109,-0.009397461079061,0.0365738160908222,-0.0064173978753387,-0.0065888268873095,-0.0171300359070301,0.0119058964774012,0.0207142420113086,-0.066008411347866,0.0104968510568141,0.0185755975544452,0.018005583435297,-0.078721098601818,0.0156462788581848,0.0949725732207298,-0.0035498912911862,0.0118386857211589,-0.0290381610393524,-0.0414893627166748,0.0116995675489306,-0.0002658759185578,-0.0039688097313046,0.0117468191310763,0.0123660555109381,0.0689158886671066,-0.0407166108489036,-0.0132412891834974,-0.0400396399199962,0.047350239008665,0.0019160631345584,-0.0241796616464853,0.0027213525027036,-0.0328507870435714,-0.0472383350133895,0.012781960889697,-0.0617445260286331,0.0306083280593156,0.0087499134242534,0.0112582715228199,0.0399416696611469,0.0204000236102193,0.0465850468075574,0.0186886341470866,0.0674066250110456,-0.0296690322928402,0.0136919915391913,0.0586819320660747,-0.03329822868876,0.2895561402916227,-0.0126387136873918,0.2446496406141867,2019-02-15,2019-02-19,2019-02-20,2019-02-21,2019-02-22,2019-02-25,2019-02-26,2019-02-27,2019-02-28,2019-03-01,89533.0,2019-02-14,252.0,-2.6421%,-0.0011,1.3399,0.5306,-0.117,2.3024%,2.7474%,29.7701%,-0.02733,WYNN,89533.0,2019-02-15,252.0,0.8750%,-0.001,1.3526,0.5414,-0.0973,2.2991%,2.7480%,29.9995%,-0.007256,WYNN,89533.0,2019-02-19,252.0,3.0921%,-0.0009,1.3634,0.5514,-0.0869,2.3036%,2.7552%,30.0941%,0.0269729999999999,WYNN,89533.0,2019-02-20,252.0,0.6388%,-0.0008,1.3645,0.5536,-0.0832,2.3037%,2.7555%,30.1021%,0.002963,WYNN,89533.0,2019-02-21,252.0,0.3484%,-0.0009,1.3677,0.5623,-0.0774,2.3025%,2.7554%,30.1711%,0.008628,WYNN,89533.0,2019-02-22,252.0,1.6354%,-0.0009,1.3677,0.548,-0.0904,2.3016%,2.7569%,30.3013%,0.003134,WYNN,89533.0,2019-02-25,252.0,-1.9355%,-0.0009,1.3663,0.5561,-0.0915,2.3034%,2.7583%,30.2670%,-0.0202439999999999,WYNN,89533.0,2019-02-26,252.0,0.9675%,-0.0009,1.3632,0.5369,-0.1035,2.3055%,2.7566%,30.0493%,0.015018,WYNN,89533.0,2019-02-27,252.0,-2.1004%,-0.001,1.3629,0.5307,-0.1036,2.3099%,2.7586%,29.8853%,-0.023475,WYNN,89533.0,2019-02-28,252.0,-0.9161%,-0.001,1.3733,0.5377,-0.0951,2.3074%,2.7591%,30.0638%,-0.005401,WYNN,89533.0,2019-03-01,252.0,-1.1222%,-0.0012,1.3752,0.5405,-0.0819,2.3106%,2.7596%,29.8961%,-0.023139,WYNN,-0.034586,-0.007613,-0.00465,0.0071119999999999,-0.050129
29563,EXXON MOBIL CORP,"Macquarie Upgrades Exxon Mobil to Outperform, Announces $83 Target",6,increase,0.8,0.7,the upgrade to 'outperform' and a target price of $83 typically signals positive sentiment and potential for stock price appreciation.,2,2019-02-14,XOM,2019-02-14 11:49:00+00:00,11850.0,30231G10,0.0002622510655783,12773209.0,0.0188803263008594,0.0112731894478201,0.0066916006617248,0.017543900758028,0.0038347872905433,0.0016219939570873,-0.0090411193668842,0.0016068966360762,0.0077100805938243,-0.0077066412195563,0.0010201713303104,-0.0043655801564455,0.0020382632501423,0.0102913212031126,0.0102974511682987,-0.0144889159128069,-0.0055367113091051,0.036026194691658,0.0122738359495997,0.013694810681045,0.0038749694358557,0.0109075475484132,-0.0014941492117941,0.0037900656461715,-0.0113480938598513,-0.0066927406005561,0.0110999606549739,0.0044817882589995,-0.0143463257700204,0.001402503112331,0.0097455587238073,-0.0082069318741559,0.0027575986459851,-0.0150705371052026,0.0088749881833791,0.0119229257106781,-0.0033452687785029,0.0068397247232496,-0.0036051827482879,-0.000418568146415,0.0116032473742961,0.000558438070584,-0.0025900232139974,-0.0012549353996291,0.0055644484236836,-0.0045801778323948,0.0057796509936451,-0.0051090186461806,-0.016016598790884,0.0052748089656233,-0.0069583146832883,0.0072707533836364,0.0130130248144269,0.0052002123557031,-0.0076581370085477,0.0368696972727775,0.0049788593314588,-0.0153537048026919,0.0007431903504766,0.0219973586499691,0.0115099046379327,0.0002934468793682,-0.0042824675329029,-0.0111691942438483,-0.0058982027694582,0.0043706740252673,0.0142150986939668,0.0477789230644702,0.0053625204600393,-0.0383147448301315,0.0061825937591493,-0.0074310726486146,-0.0128915626555681,-0.0303758345544338,-0.0045160837471485,-0.0169444605708122,0.0047817486338317,-0.0275526866316795,-0.012568624690175,-0.0203757733106613,-0.0033365874551236,-0.0181865617632865,0.0068195341154932,0.0126283448189497,0.0028325538150966,-0.0086072469130158,-0.0036841833498328,0.0018291010055691,0.0218168906867504,-0.0141679346561431,0.0057900571264326,-0.0095675466582179,-0.0194290615618228,-0.0130933010950684,0.0056262118741869,-0.0220389179885387,-0.0210411492735147,0.0216352362185716,-0.0064603881910443,0.0055654244497418,0.003876422997564,0.007775661535561,-0.0200548153370618,0.0181699395179748,-0.0175415948033332,0.0009093231055885,0.0023288950324058,0.0197377875447273,-0.0043888469226658,-0.0266890116035938,-0.0053156493231654,0.0076652765274047,0.0015640655765309,-0.0284019187092781,-0.0009109799284487,0.0032928336877375,0.008597120642662,0.0098477629944682,-0.0111023839563131,0.0103372922167182,0.0188803263008594,0.0112731894478201,0.0256982665665526,0.0290148659227471,0.0296316012431143,0.0306839218170269,0.0281893483483972,0.0243842493889823,0.0489052510648575,0.0664706041587486,0.059394341411191,0.1305933124342426,0.0039378975979504,-0.0038097743200832,2019-02-15,2019-02-19,2019-02-20,2019-02-21,2019-02-22,2019-02-25,2019-02-26,2019-02-27,2019-02-28,2019-03-01,11850.0,2019-02-14,252.0,0.0262%,0.0003,0.9506,-0.0705,0.5403,0.9434%,1.3234%,49.1825%,0.0056999999999999,XOM,11850.0,2019-02-15,252.0,1.8880%,0.0003,0.9667,-0.0555,0.5673,0.9390%,1.3285%,50.0451%,0.005621,XOM,11850.0,2019-02-19,252.0,0.6692%,0.0004,0.9711,-0.059,0.563,0.9361%,1.3289%,50.3794%,0.003214,XOM,11850.0,2019-02-20,252.0,0.3835%,0.0004,0.9704,-0.0617,0.5602,0.9360%,1.3289%,50.3892%,-0.001077,XOM,11850.0,2019-02-21,252.0,-0.9041%,0.0004,0.9702,-0.0632,0.5599,0.9362%,1.3285%,50.3414%,-0.004305,XOM,11850.0,2019-02-22,252.0,0.7710%,0.0004,0.9683,-0.0497,0.5505,0.9365%,1.3272%,50.2109%,0.009882,XOM,11850.0,2019-02-25,252.0,0.1020%,0.0004,0.9701,-0.0479,0.5578,0.9319%,1.3249%,50.5219%,0.000329,XOM,11850.0,2019-02-26,252.0,0.2038%,0.0004,0.9647,-0.0492,0.5531,0.9312%,1.3178%,50.0652%,0.005024,XOM,11850.0,2019-02-27,252.0,1.0297%,0.0004,0.9624,-0.0422,0.5528,0.9325%,1.3151%,49.7234%,0.010086,XOM,11850.0,2019-02-28,252.0,-0.5537%,0.0004,0.9596,-0.0441,0.5512,0.9319%,1.3111%,49.4840%,-0.001263,XOM,11850.0,2019-03-01,252.0,1.2274%,0.0005,0.9544,-0.0518,0.5398,0.9303%,1.3052%,49.1883%,0.007607,XOM,0.011321,0.014535,0.013458,0.019035,0.040818
29571,X P O INC,XPO Logistics shares are trading lower after the company missed Q4 EPS and sales estimates.,6,decrease,0.85,0.7,"missing q4 eps and sales estimates typically signals weaker performance, which can lead to a decline in investor confidence and a decrease in stock price.",0,2019-02-14,XPO,2019-02-14 22:18:00+00:00,90175.0,98379310,-0.0020110430195927,3311337.0,-0.127287968993187,0.0179119631648063,0.0513757579028606,0.0154165839776396,0.0082357386127114,0.0031277204398065,-0.0186966564506292,-0.024245511740446,-0.034961212426424,-0.0055640167556703,-0.0191681049764156,-0.0175583492964506,-0.0197380948811769,-0.0004967316635884,-0.0255183167755603,-0.0016528673004359,0.0300735961645841,-0.0046067587099969,-0.0127110108733177,-0.0199935771524906,-0.0235364753752946,0.0222515631467104,-0.0201895236968994,-0.0146175334230065,-0.0025231863837689,-0.0090133808553218,0.0031619209330528,0.0205321945250034,-0.0292078033089637,-0.0040896451100707,0.0790042802691459,-0.0295285061001777,-0.0166499111801385,-0.0140866758301854,0.0171358659863472,0.0339860580861568,0.0072202286683022,0.0187963619828224,-0.0113500533625483,0.0056375418789684,0.0376636236906051,0.0034942247439175,-0.0133928302675485,-0.0457288213074207,-0.0123942755162715,0.0030259375926107,0.0254979841411113,0.0120889749377965,-0.0392385497689247,0.0298804640769958,0.005256816279143,0.0179114788770675,0.032582439482212,0.0397048890590667,-0.0042851814068853,0.0287366043776273,0.0422535203397274,-0.0402428396046161,0.0086336880922317,0.0106942597776651,0.0312615633010864,0.0180260967463254,-0.001984785310924,0.00071436149301,0.0121135087683796,0.0075580705888569,0.0462665259838104,0.0874755680561065,0.0163906272500753,-0.0184403173625469,0.0052074817940592,-0.0143884578719735,-0.0013369290390983,0.0153786856681108,0.0240964274853467,-0.0044019049964845,0.0106208771467208,-0.0293516963720321,0.021665321663022,0.0442289561033248,-0.0018990178359672,0.1584269553422928,-0.0088790450245141,-0.2616558969020844,0.0379139184951782,-0.0962663292884826,0.0177250541746616,0.0124487578868866,0.0084809567779302,-0.0088774655014276,0.0069080451503396,-0.0668351873755455,0.0286353174597024,-0.0095953606069087,-0.0355227552354335,-0.0682818964123725,0.0196934044361114,0.0174004696309566,-0.0148901976644992,-0.0062876045703887,0.0188566613942384,0.0027584275230765,-0.0139542380347847,0.0425910800695419,-0.0451362878084182,-0.0153722623363137,0.0054601947776973,0.0262939594686031,0.0159814804792404,-0.0011058087693527,-0.0453574359416961,0.0155832227319479,0.0027195967268198,-0.0335141606628894,-0.0197830516844987,-0.0393639765679836,0.0001627951860427,-0.0266429651528596,-0.0807160139083862,-0.0006339933024719,-0.1272879689931869,0.0179119631648063,-0.082451726969267,0.0336046884267806,-0.0748950392280412,0.0368375149374529,-0.1239294978577327,0.006069749394068,-0.1652393051231221,-0.0378910381143228,-0.0975650335785742,0.0461079461299365,-0.0513853564462269,-0.2434386212588282,2019-02-15,2019-02-19,2019-02-20,2019-02-21,2019-02-22,2019-02-25,2019-02-26,2019-02-27,2019-02-28,2019-03-01,90175.0,2019-02-14,252.0,-0.2011%,-0.0016,1.3837,1.0727,0.2287,2.6357%,3.0527%,25.4510%,-0.003489,XPO,90175.0,2019-02-15,252.0,-12.7288%,-0.0022,1.2958,0.9781,0.0653,2.7873%,3.1529%,21.8473%,-0.146803,XPO,90175.0,2019-02-19,252.0,5.1376%,-0.0019,1.3143,0.9953,0.0831,2.7981%,3.1694%,22.0577%,0.0457819999999999,XPO,90175.0,2019-02-20,252.0,0.8236%,-0.0018,1.3164,1.0038,0.0917,2.7977%,3.1698%,22.0998%,0.002992,XPO,90175.0,2019-02-21,252.0,-1.8697%,-0.0019,1.3253,1.0195,0.1082,2.7964%,3.1715%,22.2567%,-0.013012,XPO,90175.0,2019-02-22,252.0,-3.4961%,-0.0022,1.3332,0.9773,0.1637,2.8069%,3.1743%,21.8083%,-0.047693,XPO,90175.0,2019-02-25,252.0,-1.9168%,-0.0022,1.333,0.9851,0.167,2.8087%,3.1761%,21.7975%,-0.018432,XPO,90175.0,2019-02-26,252.0,-1.9738%,-0.0024,1.3219,1.0078,0.1702,2.8060%,3.1692%,21.6111%,-0.010849,XPO,90175.0,2019-02-27,252.0,-2.5518%,-0.0025,1.314,1.0142,0.1688,2.8088%,3.1684%,21.4115%,-0.028519,XPO,90175.0,2019-02-28,252.0,3.0074%,-0.0024,1.3117,1.0138,0.1585,2.8177%,3.1745%,21.2134%,0.034266,XPO,90175.0,2019-03-01,252.0,-1.2711%,-0.0026,1.3223,1.0297,0.1852,2.8166%,3.1750%,21.3005%,-0.024551,XPO,-0.150292,-0.10451,-0.101518,-0.162223,-0.210308
29579,X P O INC,XPO Logistics Adds $1.5B To Buyback,6,increase,0.8,0.7,"the announcement of a $1.5 billion buyback typically signals confidence in the company's financial health and can lead to an increase in stock price as it reduces the number of shares outstanding, potentially boosting earnings per share.",2,2019-02-14,XPO,2019-02-14 22:17:00+00:00,90175.0,98379310,-0.0020110430195927,3311337.0,-0.127287968993187,0.0179119631648063,0.0513757579028606,0.0154165839776396,0.0082357386127114,0.0031277204398065,-0.0186966564506292,-0.024245511740446,-0.034961212426424,-0.0055640167556703,-0.0191681049764156,-0.0175583492964506,-0.0197380948811769,-0.0004967316635884,-0.0255183167755603,-0.0016528673004359,0.0300735961645841,-0.0046067587099969,-0.0127110108733177,-0.0199935771524906,-0.0235364753752946,0.0222515631467104,-0.0201895236968994,-0.0146175334230065,-0.0025231863837689,-0.0090133808553218,0.0031619209330528,0.0205321945250034,-0.0292078033089637,-0.0040896451100707,0.0790042802691459,-0.0295285061001777,-0.0166499111801385,-0.0140866758301854,0.0171358659863472,0.0339860580861568,0.0072202286683022,0.0187963619828224,-0.0113500533625483,0.0056375418789684,0.0376636236906051,0.0034942247439175,-0.0133928302675485,-0.0457288213074207,-0.0123942755162715,0.0030259375926107,0.0254979841411113,0.0120889749377965,-0.0392385497689247,0.0298804640769958,0.005256816279143,0.0179114788770675,0.032582439482212,0.0397048890590667,-0.0042851814068853,0.0287366043776273,0.0422535203397274,-0.0402428396046161,0.0086336880922317,0.0106942597776651,0.0312615633010864,0.0180260967463254,-0.001984785310924,0.00071436149301,0.0121135087683796,0.0075580705888569,0.0462665259838104,0.0874755680561065,0.0163906272500753,-0.0184403173625469,0.0052074817940592,-0.0143884578719735,-0.0013369290390983,0.0153786856681108,0.0240964274853467,-0.0044019049964845,0.0106208771467208,-0.0293516963720321,0.021665321663022,0.0442289561033248,-0.0018990178359672,0.1584269553422928,-0.0088790450245141,-0.2616558969020844,0.0379139184951782,-0.0962663292884826,0.0177250541746616,0.0124487578868866,0.0084809567779302,-0.0088774655014276,0.0069080451503396,-0.0668351873755455,0.0286353174597024,-0.0095953606069087,-0.0355227552354335,-0.0682818964123725,0.0196934044361114,0.0174004696309566,-0.0148901976644992,-0.0062876045703887,0.0188566613942384,0.0027584275230765,-0.0139542380347847,0.0425910800695419,-0.0451362878084182,-0.0153722623363137,0.0054601947776973,0.0262939594686031,0.0159814804792404,-0.0011058087693527,-0.0453574359416961,0.0155832227319479,0.0027195967268198,-0.0335141606628894,-0.0197830516844987,-0.0393639765679836,0.0001627951860427,-0.0266429651528596,-0.0807160139083862,-0.0006339933024719,-0.1272879689931869,0.0179119631648063,-0.082451726969267,0.0336046884267806,-0.0748950392280412,0.0368375149374529,-0.1239294978577327,0.006069749394068,-0.1652393051231221,-0.0378910381143228,-0.0975650335785742,0.0461079461299365,-0.0513853564462269,-0.2434386212588282,2019-02-15,2019-02-19,2019-02-20,2019-02-21,2019-02-22,2019-02-25,2019-02-26,2019-02-27,2019-02-28,2019-03-01,90175.0,2019-02-14,252.0,-0.2011%,-0.0016,1.3837,1.0727,0.2287,2.6357%,3.0527%,25.4510%,-0.003489,XPO,90175.0,2019-02-15,252.0,-12.7288%,-0.0022,1.2958,0.9781,0.0653,2.7873%,3.1529%,21.8473%,-0.146803,XPO,90175.0,2019-02-19,252.0,5.1376%,-0.0019,1.3143,0.9953,0.0831,2.7981%,3.1694%,22.0577%,0.0457819999999999,XPO,90175.0,2019-02-20,252.0,0.8236%,-0.0018,1.3164,1.0038,0.0917,2.7977%,3.1698%,22.0998%,0.002992,XPO,90175.0,2019-02-21,252.0,-1.8697%,-0.0019,1.3253,1.0195,0.1082,2.7964%,3.1715%,22.2567%,-0.013012,XPO,90175.0,2019-02-22,252.0,-3.4961%,-0.0022,1.3332,0.9773,0.1637,2.8069%,3.1743%,21.8083%,-0.047693,XPO,90175.0,2019-02-25,252.0,-1.9168%,-0.0022,1.333,0.9851,0.167,2.8087%,3.1761%,21.7975%,-0.018432,XPO,90175.0,2019-02-26,252.0,-1.9738%,-0.0024,1.3219,1.0078,0.1702,2.8060%,3.1692%,21.6111%,-0.010849,XPO,90175.0,2019-02-27,252.0,-2.5518%,-0.0025,1.314,1.0142,0.1688,2.8088%,3.1684%,21.4115%,-0.028519,XPO,90175.0,2019-02-28,252.0,3.0074%,-0.0024,1.3117,1.0138,0.1585,2.8177%,3.1745%,21.2134%,0.034266,XPO,90175.0,2019-03-01,252.0,-1.2711%,-0.0026,1.3223,1.0297,0.1852,2.8166%,3.1750%,21.3005%,-0.024551,XPO,-0.150292,-0.10451,-0.101518,-0.162223,-0.210308
29587,X P O INC,"XPO Logistics Q4 EPS $0.72 Misses $0.83 Estimate, Sales $4.389B Miss $4.56B Estimate",6,decrease,0.8,0.7,"the company's earnings per share and sales both missed analyst estimates, which typically leads to a negative reaction in stock prices.",0,2019-02-14,XPO,2019-02-14 22:16:00+00:00,90175.0,98379310,-0.0020110430195927,3311337.0,-0.127287968993187,0.0179119631648063,0.0513757579028606,0.0154165839776396,0.0082357386127114,0.0031277204398065,-0.0186966564506292,-0.024245511740446,-0.034961212426424,-0.0055640167556703,-0.0191681049764156,-0.0175583492964506,-0.0197380948811769,-0.0004967316635884,-0.0255183167755603,-0.0016528673004359,0.0300735961645841,-0.0046067587099969,-0.0127110108733177,-0.0199935771524906,-0.0235364753752946,0.0222515631467104,-0.0201895236968994,-0.0146175334230065,-0.0025231863837689,-0.0090133808553218,0.0031619209330528,0.0205321945250034,-0.0292078033089637,-0.0040896451100707,0.0790042802691459,-0.0295285061001777,-0.0166499111801385,-0.0140866758301854,0.0171358659863472,0.0339860580861568,0.0072202286683022,0.0187963619828224,-0.0113500533625483,0.0056375418789684,0.0376636236906051,0.0034942247439175,-0.0133928302675485,-0.0457288213074207,-0.0123942755162715,0.0030259375926107,0.0254979841411113,0.0120889749377965,-0.0392385497689247,0.0298804640769958,0.005256816279143,0.0179114788770675,0.032582439482212,0.0397048890590667,-0.0042851814068853,0.0287366043776273,0.0422535203397274,-0.0402428396046161,0.0086336880922317,0.0106942597776651,0.0312615633010864,0.0180260967463254,-0.001984785310924,0.00071436149301,0.0121135087683796,0.0075580705888569,0.0462665259838104,0.0874755680561065,0.0163906272500753,-0.0184403173625469,0.0052074817940592,-0.0143884578719735,-0.0013369290390983,0.0153786856681108,0.0240964274853467,-0.0044019049964845,0.0106208771467208,-0.0293516963720321,0.021665321663022,0.0442289561033248,-0.0018990178359672,0.1584269553422928,-0.0088790450245141,-0.2616558969020844,0.0379139184951782,-0.0962663292884826,0.0177250541746616,0.0124487578868866,0.0084809567779302,-0.0088774655014276,0.0069080451503396,-0.0668351873755455,0.0286353174597024,-0.0095953606069087,-0.0355227552354335,-0.0682818964123725,0.0196934044361114,0.0174004696309566,-0.0148901976644992,-0.0062876045703887,0.0188566613942384,0.0027584275230765,-0.0139542380347847,0.0425910800695419,-0.0451362878084182,-0.0153722623363137,0.0054601947776973,0.0262939594686031,0.0159814804792404,-0.0011058087693527,-0.0453574359416961,0.0155832227319479,0.0027195967268198,-0.0335141606628894,-0.0197830516844987,-0.0393639765679836,0.0001627951860427,-0.0266429651528596,-0.0807160139083862,-0.0006339933024719,-0.1272879689931869,0.0179119631648063,-0.082451726969267,0.0336046884267806,-0.0748950392280412,0.0368375149374529,-0.1239294978577327,0.006069749394068,-0.1652393051231221,-0.0378910381143228,-0.0975650335785742,0.0461079461299365,-0.0513853564462269,-0.2434386212588282,2019-02-15,2019-02-19,2019-02-20,2019-02-21,2019-02-22,2019-02-25,2019-02-26,2019-02-27,2019-02-28,2019-03-01,90175.0,2019-02-14,252.0,-0.2011%,-0.0016,1.3837,1.0727,0.2287,2.6357%,3.0527%,25.4510%,-0.003489,XPO,90175.0,2019-02-15,252.0,-12.7288%,-0.0022,1.2958,0.9781,0.0653,2.7873%,3.1529%,21.8473%,-0.146803,XPO,90175.0,2019-02-19,252.0,5.1376%,-0.0019,1.3143,0.9953,0.0831,2.7981%,3.1694%,22.0577%,0.0457819999999999,XPO,90175.0,2019-02-20,252.0,0.8236%,-0.0018,1.3164,1.0038,0.0917,2.7977%,3.1698%,22.0998%,0.002992,XPO,90175.0,2019-02-21,252.0,-1.8697%,-0.0019,1.3253,1.0195,0.1082,2.7964%,3.1715%,22.2567%,-0.013012,XPO,90175.0,2019-02-22,252.0,-3.4961%,-0.0022,1.3332,0.9773,0.1637,2.8069%,3.1743%,21.8083%,-0.047693,XPO,90175.0,2019-02-25,252.0,-1.9168%,-0.0022,1.333,0.9851,0.167,2.8087%,3.1761%,21.7975%,-0.018432,XPO,90175.0,2019-02-26,252.0,-1.9738%,-0.0024,1.3219,1.0078,0.1702,2.8060%,3.1692%,21.6111%,-0.010849,XPO,90175.0,2019-02-27,252.0,-2.5518%,-0.0025,1.314,1.0142,0.1688,2.8088%,3.1684%,21.4115%,-0.028519,XPO,90175.0,2019-02-28,252.0,3.0074%,-0.0024,1.3117,1.0138,0.1585,2.8177%,3.1745%,21.2134%,0.034266,XPO,90175.0,2019-03-01,252.0,-1.2711%,-0.0026,1.3223,1.0297,0.1852,2.8166%,3.1750%,21.3005%,-0.024551,XPO,-0.150292,-0.10451,-0.101518,-0.162223,-0.210308
29595,X P O INC,LTL In Northeast Struggles To Right Itself After Body Blow Of NEMF Bankruptcy,6,decrease,0.8,0.6,"the news highlights struggles in the ltl (less than truckload) sector in the northeast, which could negatively impact xpo inc.'s performance and investor sentiment.",0,2019-02-14,XPO,2019-02-14 16:19:00+00:00,90175.0,98379310,-0.0020110430195927,3311337.0,-0.127287968993187,0.0179119631648063,0.0513757579028606,0.0154165839776396,0.0082357386127114,0.0031277204398065,-0.0186966564506292,-0.024245511740446,-0.034961212426424,-0.0055640167556703,-0.0191681049764156,-0.0175583492964506,-0.0197380948811769,-0.0004967316635884,-0.0255183167755603,-0.0016528673004359,0.0300735961645841,-0.0046067587099969,-0.0127110108733177,-0.0199935771524906,-0.0235364753752946,0.0222515631467104,-0.0201895236968994,-0.0146175334230065,-0.0025231863837689,-0.0090133808553218,0.0031619209330528,0.0205321945250034,-0.0292078033089637,-0.0040896451100707,0.0790042802691459,-0.0295285061001777,-0.0166499111801385,-0.0140866758301854,0.0171358659863472,0.0339860580861568,0.0072202286683022,0.0187963619828224,-0.0113500533625483,0.0056375418789684,0.0376636236906051,0.0034942247439175,-0.0133928302675485,-0.0457288213074207,-0.0123942755162715,0.0030259375926107,0.0254979841411113,0.0120889749377965,-0.0392385497689247,0.0298804640769958,0.005256816279143,0.0179114788770675,0.032582439482212,0.0397048890590667,-0.0042851814068853,0.0287366043776273,0.0422535203397274,-0.0402428396046161,0.0086336880922317,0.0106942597776651,0.0312615633010864,0.0180260967463254,-0.001984785310924,0.00071436149301,0.0121135087683796,0.0075580705888569,0.0462665259838104,0.0874755680561065,0.0163906272500753,-0.0184403173625469,0.0052074817940592,-0.0143884578719735,-0.0013369290390983,0.0153786856681108,0.0240964274853467,-0.0044019049964845,0.0106208771467208,-0.0293516963720321,0.021665321663022,0.0442289561033248,-0.0018990178359672,0.1584269553422928,-0.0088790450245141,-0.2616558969020844,0.0379139184951782,-0.0962663292884826,0.0177250541746616,0.0124487578868866,0.0084809567779302,-0.0088774655014276,0.0069080451503396,-0.0668351873755455,0.0286353174597024,-0.0095953606069087,-0.0355227552354335,-0.0682818964123725,0.0196934044361114,0.0174004696309566,-0.0148901976644992,-0.0062876045703887,0.0188566613942384,0.0027584275230765,-0.0139542380347847,0.0425910800695419,-0.0451362878084182,-0.0153722623363137,0.0054601947776973,0.0262939594686031,0.0159814804792404,-0.0011058087693527,-0.0453574359416961,0.0155832227319479,0.0027195967268198,-0.0335141606628894,-0.0197830516844987,-0.0393639765679836,0.0001627951860427,-0.0266429651528596,-0.0807160139083862,-0.0006339933024719,-0.1272879689931869,0.0179119631648063,-0.082451726969267,0.0336046884267806,-0.0748950392280412,0.0368375149374529,-0.1239294978577327,0.006069749394068,-0.1652393051231221,-0.0378910381143228,-0.0975650335785742,0.0461079461299365,-0.0513853564462269,-0.2434386212588282,2019-02-15,2019-02-19,2019-02-20,2019-02-21,2019-02-22,2019-02-25,2019-02-26,2019-02-27,2019-02-28,2019-03-01,90175.0,2019-02-14,252.0,-0.2011%,-0.0016,1.3837,1.0727,0.2287,2.6357%,3.0527%,25.4510%,-0.003489,XPO,90175.0,2019-02-15,252.0,-12.7288%,-0.0022,1.2958,0.9781,0.0653,2.7873%,3.1529%,21.8473%,-0.146803,XPO,90175.0,2019-02-19,252.0,5.1376%,-0.0019,1.3143,0.9953,0.0831,2.7981%,3.1694%,22.0577%,0.0457819999999999,XPO,90175.0,2019-02-20,252.0,0.8236%,-0.0018,1.3164,1.0038,0.0917,2.7977%,3.1698%,22.0998%,0.002992,XPO,90175.0,2019-02-21,252.0,-1.8697%,-0.0019,1.3253,1.0195,0.1082,2.7964%,3.1715%,22.2567%,-0.013012,XPO,90175.0,2019-02-22,252.0,-3.4961%,-0.0022,1.3332,0.9773,0.1637,2.8069%,3.1743%,21.8083%,-0.047693,XPO,90175.0,2019-02-25,252.0,-1.9168%,-0.0022,1.333,0.9851,0.167,2.8087%,3.1761%,21.7975%,-0.018432,XPO,90175.0,2019-02-26,252.0,-1.9738%,-0.0024,1.3219,1.0078,0.1702,2.8060%,3.1692%,21.6111%,-0.010849,XPO,90175.0,2019-02-27,252.0,-2.5518%,-0.0025,1.314,1.0142,0.1688,2.8088%,3.1684%,21.4115%,-0.028519,XPO,90175.0,2019-02-28,252.0,3.0074%,-0.0024,1.3117,1.0138,0.1585,2.8177%,3.1745%,21.2134%,0.034266,XPO,90175.0,2019-03-01,252.0,-1.2711%,-0.0026,1.3223,1.0297,0.1852,2.8166%,3.1750%,21.3005%,-0.024551,XPO,-0.150292,-0.10451,-0.101518,-0.162223,-0.210308
29603,SPDR SERIES TRUST,Don't Be Deceived By This Retail ETF's Declines,6,uncertain,0.6,0.3,"the phrase 'don't be deceived' suggests potential volatility or misinterpretation of the etf's performance, leading to uncertainty in its stock price movement.",1,2019-02-14,XRT,2019-02-14 17:33:00+00:00,91316.0,78464A71,-0.0020040115341544,4874153.0,0.0116019733250141,0.0004455437301658,0.0052933762781322,0.0165307875722646,0.0015357545344159,0.0054645193740725,-0.0155531847849488,-0.0061099901795387,0.0046729617752134,-0.0067431568168103,0.0031007616780698,-0.0064760409295558,0.0072863325476646,0.0103790406137704,0.0100833605974912,0.0109488945454359,-0.0043402942828834,-0.0072463699616491,0.0063207736238837,0.0018148369854316,-0.0192765742540359,0.0038716006092727,0.0081714391708374,-0.0141446124762296,-0.0078861033543944,-0.0029101693071424,-0.0139103783294558,0.016151025891304,-0.0080609181895852,0.0036529647186398,0.0182844549417495,0.0009140977635979,0.0026601403951644,-0.0245207827538251,0.0028742221184074,0.0186194293200969,-0.0156525373458862,0.0066285924986004,-0.0023334305733442,0.002290915697813,0.0067552183754742,0.0032177248504012,-0.0040259519591927,-0.0073010153137147,-0.0089826574549078,0.0052753067575395,0.0101971616968512,-0.0160235352814197,-0.0260207187384367,0.0084206359460949,0.0115154311060905,0.0087235365062952,0.0072860545478761,0.0310059487819671,0.0101717207580804,0.0307391621172428,0.0040277536027133,-0.0139523223042488,0.0031201113015413,0.0141497440636158,0.0064430334605276,0.0056428695097565,-0.0092714829370379,0.0051787691190838,0.0055704098194837,-0.0024600808974355,0.011079104617238,0.0572171844542026,0.0,-0.0038859511259943,-0.0028490261174738,-0.0300858560949564,-0.0120878955349326,-0.017453271895647,0.0146829774603247,-0.0140571510419249,-0.0063582747243344,0.0036486915778368,-0.0022064975928515,-0.0216563511639833,0.0011056885123252,-0.011759172193706,0.0048597576096653,-0.0267795417457819,0.0013189174933359,0.0090069146826863,-0.004829800222069,-0.0043688765726983,-0.0205162204802036,0.0041560907848179,0.0164414308965206,-0.0373416356742382,0.0168402008712291,-0.0057458193041384,-0.0091522810980677,-0.03682417050004,0.0072574885562062,0.0135922562330961,0.0024017600808292,0.0,-0.0050097918137907,-0.0057915155775845,-0.0131348175927996,0.0163505561649799,0.0070984843187034,0.002403859514743,0.0096915997564792,0.0196077823638916,-0.0074171060696244,0.0029050516895949,-0.0173626579344272,0.0170454550534486,0.0022366873454302,-0.0331794843077659,-0.0087034860625863,-0.02044771425426,-0.0065285256132483,-0.0137975271791219,-0.03761612996459,-0.0067467782646417,0.0116019733250141,0.0004455437301658,0.0169567632135245,0.016983696491188,0.0185185591739347,0.0225410236037799,0.0073628247541119,0.0094402828437245,0.0301204472512905,0.0188293556410101,0.0073102944004919,0.0956330315506426,-0.0495340813771723,-0.0490228247501707,2019-02-15,2019-02-19,2019-02-20,2019-02-21,2019-02-22,2019-02-25,2019-02-26,2019-02-27,2019-02-28,2019-03-01,91316.0,2019-02-14,252.0,-0.2004%,-0.0001,0.9411,0.7931,0.2667,0.7567%,1.2818%,65.1451%,-0.002725,XRT,91316.0,2019-02-15,252.0,1.1602%,-0.0001,0.9391,0.791,0.263,0.7569%,1.2787%,64.9656%,-0.002396,XRT,91316.0,2019-02-19,252.0,0.5293%,-0.0001,0.9382,0.7926,0.2649,0.7566%,1.2771%,64.8975%,0.0003259999999999,XRT,91316.0,2019-02-20,252.0,0.1536%,-0.0001,0.9378,0.794,0.264,0.7562%,1.2770%,64.9396%,-0.003547,XRT,91316.0,2019-02-21,252.0,-1.5553%,-0.0001,0.9366,0.7891,0.2618,0.7565%,1.2748%,64.7852%,-0.011021,XRT,91316.0,2019-02-22,252.0,0.4673%,-0.0001,0.9367,0.7912,0.2659,0.7565%,1.2751%,64.8026%,-0.002006,XRT,91316.0,2019-02-25,252.0,0.3101%,-0.0001,0.9366,0.789,0.2641,0.7569%,1.2752%,64.7663%,0.004131,XRT,91316.0,2019-02-26,252.0,0.7286%,-0.0001,0.9309,0.7741,0.2523,0.7620%,1.2723%,64.1294%,0.014606,XRT,91316.0,2019-02-27,252.0,1.0083%,-0.0,0.9324,0.7737,0.2526,0.7634%,1.2736%,64.0732%,0.0079779999999999,XRT,91316.0,2019-02-28,252.0,-0.4340%,0.0,0.9286,0.7711,0.2501,0.7620%,1.2674%,63.8495%,-0.001073,XRT,91316.0,2019-03-01,252.0,0.6321%,-0.0001,0.9385,0.7857,0.2661,0.7546%,1.2679%,64.5733%,-0.001691,XRT,-0.005121,-0.004795,-0.008342,-0.021369,0.0025819999999999
29611,YELP INC,The Street Debates What To Do With Yelp Stock After Q4 Beat,6,uncertain,0.6,0.3,"while a q4 beat typically suggests positive performance, the ongoing debate about how to react to the news indicates mixed investor sentiment.",1,2019-02-14,YELP,2019-02-14 16:25:00+00:00,13318.0,98581710,-0.0070202928036451,10195947.0,0.0458235144615173,-0.0110568348318338,-0.0060089603066444,0.0261213146150112,-0.0239294897764921,-0.0021063196472823,-0.0196128599345684,0.0477241240441799,0.0144774736836552,-0.0239633657038211,-0.003113719401881,-0.0077478201128542,-0.0135345309972763,-0.0105736590921878,-0.0050132567994296,0.0177563540637493,-0.0119331944733858,0.0205930825322866,-0.0034889227245002,-0.0008231163956224,-0.0105036189779639,0.0063500697724521,-0.005443678703159,-0.0130790062248706,-0.0166940502822399,-0.0097139934077858,-0.0314500704407692,0.0340402126312255,-0.0017240678425878,0.0104313204064965,0.0279216282069683,0.0028273195493966,-0.0184822138398885,-0.024813937023282,-0.0142653351649642,0.001104082679376,0.0026049248408526,0.0134265609085559,0.0132794193923473,0.0223047975450754,-0.0062677324749529,0.0142111862078309,-0.0051605589687824,-0.0005797233898192,-0.0028819101862609,0.0055377036333084,0.0083815297111868,-0.0389355570077896,-0.0151905640959739,0.0053506745025515,0.0101862186565995,0.0195232983678579,0.0048977811820805,0.007812513038516,-0.0126147484406828,0.0273484550416469,0.0069686900824308,-0.0269019473344087,-0.0051903203129768,-0.0120034860447049,0.0153622832149267,0.0165602415800094,0.0094205494970083,-0.0151645950973033,0.0090497648343443,0.0237258747220039,-0.0137332305312156,0.0589329302310943,0.0059676868841052,0.004361470695585,-0.0028249232564121,-0.0345865115523338,0.0056657441891729,-0.0180153753608465,0.0112676490098238,0.001182759180665,-0.0050139357335865,-0.0041224793531,-0.0039193555712699,-0.036322433501482,-0.0044970111921429,-0.0172894280403852,0.0047996044158935,0.0002789996215142,0.0016859053866937,-0.0025041778571903,0.0098176281899213,0.0084174871444702,0.0263889096677303,0.0303555727005004,0.0316643603146076,0.0052310465835034,-0.0020985838491469,0.0204625912010669,0.0386434644460678,-0.0447591505944728,0.0002531545469537,0.0484110824763774,0.0136639904230833,-0.0050236992537975,0.0,0.0431566461920738,-0.0104843229055404,0.0341089516878128,0.0138748548924922,-0.0190743803977966,0.0196566544473171,0.0403383150696754,-0.006100536789745,0.0022823505569249,-0.0201325733214616,-0.0176168885082006,0.0165372043848037,-0.0015990132233127,-0.0207049585878849,-0.0457735732197761,-0.1437200903892517,-0.0072704595513641,-0.0723104327917099,0.0210329871624708,0.0458235144615173,-0.0110568348318338,0.0395392024753626,0.0147756607218887,0.0146635597574658,0.0126382188101263,0.0091647621602788,0.0355411867218868,-0.0277558951260412,0.0551439847058787,-0.0966221191603594,0.099171114557035,-0.1736056412004696,0.1896070879343394,2019-02-15,2019-02-19,2019-02-20,2019-02-21,2019-02-22,2019-02-25,2019-02-26,2019-02-27,2019-02-28,2019-03-01,13318.0,2019-02-14,252.0,-0.7020%,-0.0002,1.0534,1.2002,-0.5194,2.9255%,3.2861%,20.7442%,-0.014245,YELP,13318.0,2019-02-15,252.0,4.5824%,-0.0002,1.0312,1.1839,-0.5506,2.9136%,3.2693%,20.5756%,0.033313,YELP,13318.0,2019-02-19,252.0,-0.6009%,-0.0003,1.0291,1.1782,-0.5569,2.9143%,3.2683%,20.4942%,-0.00985,YELP,13318.0,2019-02-20,252.0,-2.3929%,-0.0004,1.023,1.1686,-0.5777,2.9180%,3.2717%,20.4532%,-0.025514,YELP,13318.0,2019-02-21,252.0,-1.9613%,-0.0006,1.0444,1.2086,-0.5384,2.9033%,3.2647%,20.9186%,-0.0164379999999999,YELP,13318.0,2019-02-22,252.0,1.4477%,-0.0006,1.0451,1.2123,-0.5263,2.9034%,3.2660%,20.9704%,-0.006973,YELP,13318.0,2019-02-25,252.0,-0.3114%,-0.0006,1.0455,1.2137,-0.524,2.9034%,3.2658%,20.9666%,-0.002577,YELP,13318.0,2019-02-26,252.0,-1.3535%,-0.0007,1.0451,1.2214,-0.5203,2.9035%,3.2657%,20.9529%,-0.005923,YELP,13318.0,2019-02-27,252.0,-0.5013%,-0.0006,1.0513,1.208,-0.5193,2.9026%,3.2654%,20.9876%,-0.008999,YELP,13318.0,2019-02-28,252.0,-1.1933%,-0.0007,1.0599,1.2136,-0.5108,2.9021%,3.2662%,21.0478%,-0.010314,YELP,13318.0,2019-03-01,252.0,-0.3489%,-0.0008,1.0648,1.2209,-0.4958,2.9026%,3.2662%,21.0250%,-0.016773,YELP,0.019068,0.009218,-0.0162959999999999,-0.039707,-0.0842929999999999
29619,YELP INC,"UPDATE: Citi Downgrades Yelp After 'disappointing 1Q19 and CY19 guidance' As Firm Notes 'the topline outlook points to more challenging near-term business conditions than we expected (e.g., 4-6% rev growth in 1Q vs. 10-12% est)'",6,decrease,0.85,0.7,"the downgrade from citi, citing disappointing revenue growth and challenging business conditions, is likely to negatively impact investor sentiment and lead to a decrease in yelp inc's stock price.",0,2019-02-14,YELP,2019-02-14 15:31:00+00:00,13318.0,98581710,-0.0070202928036451,10195947.0,0.0458235144615173,-0.0110568348318338,-0.0060089603066444,0.0261213146150112,-0.0239294897764921,-0.0021063196472823,-0.0196128599345684,0.0477241240441799,0.0144774736836552,-0.0239633657038211,-0.003113719401881,-0.0077478201128542,-0.0135345309972763,-0.0105736590921878,-0.0050132567994296,0.0177563540637493,-0.0119331944733858,0.0205930825322866,-0.0034889227245002,-0.0008231163956224,-0.0105036189779639,0.0063500697724521,-0.005443678703159,-0.0130790062248706,-0.0166940502822399,-0.0097139934077858,-0.0314500704407692,0.0340402126312255,-0.0017240678425878,0.0104313204064965,0.0279216282069683,0.0028273195493966,-0.0184822138398885,-0.024813937023282,-0.0142653351649642,0.001104082679376,0.0026049248408526,0.0134265609085559,0.0132794193923473,0.0223047975450754,-0.0062677324749529,0.0142111862078309,-0.0051605589687824,-0.0005797233898192,-0.0028819101862609,0.0055377036333084,0.0083815297111868,-0.0389355570077896,-0.0151905640959739,0.0053506745025515,0.0101862186565995,0.0195232983678579,0.0048977811820805,0.007812513038516,-0.0126147484406828,0.0273484550416469,0.0069686900824308,-0.0269019473344087,-0.0051903203129768,-0.0120034860447049,0.0153622832149267,0.0165602415800094,0.0094205494970083,-0.0151645950973033,0.0090497648343443,0.0237258747220039,-0.0137332305312156,0.0589329302310943,0.0059676868841052,0.004361470695585,-0.0028249232564121,-0.0345865115523338,0.0056657441891729,-0.0180153753608465,0.0112676490098238,0.001182759180665,-0.0050139357335865,-0.0041224793531,-0.0039193555712699,-0.036322433501482,-0.0044970111921429,-0.0172894280403852,0.0047996044158935,0.0002789996215142,0.0016859053866937,-0.0025041778571903,0.0098176281899213,0.0084174871444702,0.0263889096677303,0.0303555727005004,0.0316643603146076,0.0052310465835034,-0.0020985838491469,0.0204625912010669,0.0386434644460678,-0.0447591505944728,0.0002531545469537,0.0484110824763774,0.0136639904230833,-0.0050236992537975,0.0,0.0431566461920738,-0.0104843229055404,0.0341089516878128,0.0138748548924922,-0.0190743803977966,0.0196566544473171,0.0403383150696754,-0.006100536789745,0.0022823505569249,-0.0201325733214616,-0.0176168885082006,0.0165372043848037,-0.0015990132233127,-0.0207049585878849,-0.0457735732197761,-0.1437200903892517,-0.0072704595513641,-0.0723104327917099,0.0210329871624708,0.0458235144615173,-0.0110568348318338,0.0395392024753626,0.0147756607218887,0.0146635597574658,0.0126382188101263,0.0091647621602788,0.0355411867218868,-0.0277558951260412,0.0551439847058787,-0.0966221191603594,0.099171114557035,-0.1736056412004696,0.1896070879343394,2019-02-15,2019-02-19,2019-02-20,2019-02-21,2019-02-22,2019-02-25,2019-02-26,2019-02-27,2019-02-28,2019-03-01,13318.0,2019-02-14,252.0,-0.7020%,-0.0002,1.0534,1.2002,-0.5194,2.9255%,3.2861%,20.7442%,-0.014245,YELP,13318.0,2019-02-15,252.0,4.5824%,-0.0002,1.0312,1.1839,-0.5506,2.9136%,3.2693%,20.5756%,0.033313,YELP,13318.0,2019-02-19,252.0,-0.6009%,-0.0003,1.0291,1.1782,-0.5569,2.9143%,3.2683%,20.4942%,-0.00985,YELP,13318.0,2019-02-20,252.0,-2.3929%,-0.0004,1.023,1.1686,-0.5777,2.9180%,3.2717%,20.4532%,-0.025514,YELP,13318.0,2019-02-21,252.0,-1.9613%,-0.0006,1.0444,1.2086,-0.5384,2.9033%,3.2647%,20.9186%,-0.0164379999999999,YELP,13318.0,2019-02-22,252.0,1.4477%,-0.0006,1.0451,1.2123,-0.5263,2.9034%,3.2660%,20.9704%,-0.006973,YELP,13318.0,2019-02-25,252.0,-0.3114%,-0.0006,1.0455,1.2137,-0.524,2.9034%,3.2658%,20.9666%,-0.002577,YELP,13318.0,2019-02-26,252.0,-1.3535%,-0.0007,1.0451,1.2214,-0.5203,2.9035%,3.2657%,20.9529%,-0.005923,YELP,13318.0,2019-02-27,252.0,-0.5013%,-0.0006,1.0513,1.208,-0.5193,2.9026%,3.2654%,20.9876%,-0.008999,YELP,13318.0,2019-02-28,252.0,-1.1933%,-0.0007,1.0599,1.2136,-0.5108,2.9021%,3.2662%,21.0478%,-0.010314,YELP,13318.0,2019-03-01,252.0,-0.3489%,-0.0008,1.0648,1.2209,-0.4958,2.9026%,3.2662%,21.0250%,-0.016773,YELP,0.019068,0.009218,-0.0162959999999999,-0.039707,-0.0842929999999999
29627,YELP INC,"B. Riley FBR Maintains Buy on Yelp, Raises Price Target to $50",6,increase,0.8,0.6,the maintenance of a 'buy' rating and an increase in the price target typically signals positive sentiment and potential for stock price appreciation.,2,2019-02-14,YELP,2019-02-14 14:21:00+00:00,13318.0,98581710,-0.0070202928036451,10195947.0,0.0458235144615173,-0.0110568348318338,-0.0060089603066444,0.0261213146150112,-0.0239294897764921,-0.0021063196472823,-0.0196128599345684,0.0477241240441799,0.0144774736836552,-0.0239633657038211,-0.003113719401881,-0.0077478201128542,-0.0135345309972763,-0.0105736590921878,-0.0050132567994296,0.0177563540637493,-0.0119331944733858,0.0205930825322866,-0.0034889227245002,-0.0008231163956224,-0.0105036189779639,0.0063500697724521,-0.005443678703159,-0.0130790062248706,-0.0166940502822399,-0.0097139934077858,-0.0314500704407692,0.0340402126312255,-0.0017240678425878,0.0104313204064965,0.0279216282069683,0.0028273195493966,-0.0184822138398885,-0.024813937023282,-0.0142653351649642,0.001104082679376,0.0026049248408526,0.0134265609085559,0.0132794193923473,0.0223047975450754,-0.0062677324749529,0.0142111862078309,-0.0051605589687824,-0.0005797233898192,-0.0028819101862609,0.0055377036333084,0.0083815297111868,-0.0389355570077896,-0.0151905640959739,0.0053506745025515,0.0101862186565995,0.0195232983678579,0.0048977811820805,0.007812513038516,-0.0126147484406828,0.0273484550416469,0.0069686900824308,-0.0269019473344087,-0.0051903203129768,-0.0120034860447049,0.0153622832149267,0.0165602415800094,0.0094205494970083,-0.0151645950973033,0.0090497648343443,0.0237258747220039,-0.0137332305312156,0.0589329302310943,0.0059676868841052,0.004361470695585,-0.0028249232564121,-0.0345865115523338,0.0056657441891729,-0.0180153753608465,0.0112676490098238,0.001182759180665,-0.0050139357335865,-0.0041224793531,-0.0039193555712699,-0.036322433501482,-0.0044970111921429,-0.0172894280403852,0.0047996044158935,0.0002789996215142,0.0016859053866937,-0.0025041778571903,0.0098176281899213,0.0084174871444702,0.0263889096677303,0.0303555727005004,0.0316643603146076,0.0052310465835034,-0.0020985838491469,0.0204625912010669,0.0386434644460678,-0.0447591505944728,0.0002531545469537,0.0484110824763774,0.0136639904230833,-0.0050236992537975,0.0,0.0431566461920738,-0.0104843229055404,0.0341089516878128,0.0138748548924922,-0.0190743803977966,0.0196566544473171,0.0403383150696754,-0.006100536789745,0.0022823505569249,-0.0201325733214616,-0.0176168885082006,0.0165372043848037,-0.0015990132233127,-0.0207049585878849,-0.0457735732197761,-0.1437200903892517,-0.0072704595513641,-0.0723104327917099,0.0210329871624708,0.0458235144615173,-0.0110568348318338,0.0395392024753626,0.0147756607218887,0.0146635597574658,0.0126382188101263,0.0091647621602788,0.0355411867218868,-0.0277558951260412,0.0551439847058787,-0.0966221191603594,0.099171114557035,-0.1736056412004696,0.1896070879343394,2019-02-15,2019-02-19,2019-02-20,2019-02-21,2019-02-22,2019-02-25,2019-02-26,2019-02-27,2019-02-28,2019-03-01,13318.0,2019-02-14,252.0,-0.7020%,-0.0002,1.0534,1.2002,-0.5194,2.9255%,3.2861%,20.7442%,-0.014245,YELP,13318.0,2019-02-15,252.0,4.5824%,-0.0002,1.0312,1.1839,-0.5506,2.9136%,3.2693%,20.5756%,0.033313,YELP,13318.0,2019-02-19,252.0,-0.6009%,-0.0003,1.0291,1.1782,-0.5569,2.9143%,3.2683%,20.4942%,-0.00985,YELP,13318.0,2019-02-20,252.0,-2.3929%,-0.0004,1.023,1.1686,-0.5777,2.9180%,3.2717%,20.4532%,-0.025514,YELP,13318.0,2019-02-21,252.0,-1.9613%,-0.0006,1.0444,1.2086,-0.5384,2.9033%,3.2647%,20.9186%,-0.0164379999999999,YELP,13318.0,2019-02-22,252.0,1.4477%,-0.0006,1.0451,1.2123,-0.5263,2.9034%,3.2660%,20.9704%,-0.006973,YELP,13318.0,2019-02-25,252.0,-0.3114%,-0.0006,1.0455,1.2137,-0.524,2.9034%,3.2658%,20.9666%,-0.002577,YELP,13318.0,2019-02-26,252.0,-1.3535%,-0.0007,1.0451,1.2214,-0.5203,2.9035%,3.2657%,20.9529%,-0.005923,YELP,13318.0,2019-02-27,252.0,-0.5013%,-0.0006,1.0513,1.208,-0.5193,2.9026%,3.2654%,20.9876%,-0.008999,YELP,13318.0,2019-02-28,252.0,-1.1933%,-0.0007,1.0599,1.2136,-0.5108,2.9021%,3.2662%,21.0478%,-0.010314,YELP,13318.0,2019-03-01,252.0,-0.3489%,-0.0008,1.0648,1.2209,-0.4958,2.9026%,3.2662%,21.0250%,-0.016773,YELP,0.019068,0.009218,-0.0162959999999999,-0.039707,-0.0842929999999999
29635,YELP INC,"Credit Suisse Maintains Outperform on Yelp, Raises Price Target to $59",6,increase,0.8,0.6,the maintenance of an 'outperform' rating and an increase in the price target typically signals positive sentiment and potential for stock price appreciation.,2,2019-02-14,YELP,2019-02-14 14:15:00+00:00,13318.0,98581710,-0.0070202928036451,10195947.0,0.0458235144615173,-0.0110568348318338,-0.0060089603066444,0.0261213146150112,-0.0239294897764921,-0.0021063196472823,-0.0196128599345684,0.0477241240441799,0.0144774736836552,-0.0239633657038211,-0.003113719401881,-0.0077478201128542,-0.0135345309972763,-0.0105736590921878,-0.0050132567994296,0.0177563540637493,-0.0119331944733858,0.0205930825322866,-0.0034889227245002,-0.0008231163956224,-0.0105036189779639,0.0063500697724521,-0.005443678703159,-0.0130790062248706,-0.0166940502822399,-0.0097139934077858,-0.0314500704407692,0.0340402126312255,-0.0017240678425878,0.0104313204064965,0.0279216282069683,0.0028273195493966,-0.0184822138398885,-0.024813937023282,-0.0142653351649642,0.001104082679376,0.0026049248408526,0.0134265609085559,0.0132794193923473,0.0223047975450754,-0.0062677324749529,0.0142111862078309,-0.0051605589687824,-0.0005797233898192,-0.0028819101862609,0.0055377036333084,0.0083815297111868,-0.0389355570077896,-0.0151905640959739,0.0053506745025515,0.0101862186565995,0.0195232983678579,0.0048977811820805,0.007812513038516,-0.0126147484406828,0.0273484550416469,0.0069686900824308,-0.0269019473344087,-0.0051903203129768,-0.0120034860447049,0.0153622832149267,0.0165602415800094,0.0094205494970083,-0.0151645950973033,0.0090497648343443,0.0237258747220039,-0.0137332305312156,0.0589329302310943,0.0059676868841052,0.004361470695585,-0.0028249232564121,-0.0345865115523338,0.0056657441891729,-0.0180153753608465,0.0112676490098238,0.001182759180665,-0.0050139357335865,-0.0041224793531,-0.0039193555712699,-0.036322433501482,-0.0044970111921429,-0.0172894280403852,0.0047996044158935,0.0002789996215142,0.0016859053866937,-0.0025041778571903,0.0098176281899213,0.0084174871444702,0.0263889096677303,0.0303555727005004,0.0316643603146076,0.0052310465835034,-0.0020985838491469,0.0204625912010669,0.0386434644460678,-0.0447591505944728,0.0002531545469537,0.0484110824763774,0.0136639904230833,-0.0050236992537975,0.0,0.0431566461920738,-0.0104843229055404,0.0341089516878128,0.0138748548924922,-0.0190743803977966,0.0196566544473171,0.0403383150696754,-0.006100536789745,0.0022823505569249,-0.0201325733214616,-0.0176168885082006,0.0165372043848037,-0.0015990132233127,-0.0207049585878849,-0.0457735732197761,-0.1437200903892517,-0.0072704595513641,-0.0723104327917099,0.0210329871624708,0.0458235144615173,-0.0110568348318338,0.0395392024753626,0.0147756607218887,0.0146635597574658,0.0126382188101263,0.0091647621602788,0.0355411867218868,-0.0277558951260412,0.0551439847058787,-0.0966221191603594,0.099171114557035,-0.1736056412004696,0.1896070879343394,2019-02-15,2019-02-19,2019-02-20,2019-02-21,2019-02-22,2019-02-25,2019-02-26,2019-02-27,2019-02-28,2019-03-01,13318.0,2019-02-14,252.0,-0.7020%,-0.0002,1.0534,1.2002,-0.5194,2.9255%,3.2861%,20.7442%,-0.014245,YELP,13318.0,2019-02-15,252.0,4.5824%,-0.0002,1.0312,1.1839,-0.5506,2.9136%,3.2693%,20.5756%,0.033313,YELP,13318.0,2019-02-19,252.0,-0.6009%,-0.0003,1.0291,1.1782,-0.5569,2.9143%,3.2683%,20.4942%,-0.00985,YELP,13318.0,2019-02-20,252.0,-2.3929%,-0.0004,1.023,1.1686,-0.5777,2.9180%,3.2717%,20.4532%,-0.025514,YELP,13318.0,2019-02-21,252.0,-1.9613%,-0.0006,1.0444,1.2086,-0.5384,2.9033%,3.2647%,20.9186%,-0.0164379999999999,YELP,13318.0,2019-02-22,252.0,1.4477%,-0.0006,1.0451,1.2123,-0.5263,2.9034%,3.2660%,20.9704%,-0.006973,YELP,13318.0,2019-02-25,252.0,-0.3114%,-0.0006,1.0455,1.2137,-0.524,2.9034%,3.2658%,20.9666%,-0.002577,YELP,13318.0,2019-02-26,252.0,-1.3535%,-0.0007,1.0451,1.2214,-0.5203,2.9035%,3.2657%,20.9529%,-0.005923,YELP,13318.0,2019-02-27,252.0,-0.5013%,-0.0006,1.0513,1.208,-0.5193,2.9026%,3.2654%,20.9876%,-0.008999,YELP,13318.0,2019-02-28,252.0,-1.1933%,-0.0007,1.0599,1.2136,-0.5108,2.9021%,3.2662%,21.0478%,-0.010314,YELP,13318.0,2019-03-01,252.0,-0.3489%,-0.0008,1.0648,1.2209,-0.4958,2.9026%,3.2662%,21.0250%,-0.016773,YELP,0.019068,0.009218,-0.0162959999999999,-0.039707,-0.0842929999999999
29643,YELP INC,"UPDATE: Morgan Stanley Remains Underweight On Yelp As Firm Notes 'YELP's top-line fundamentals are not improving and its longterm outlook (in our view) looks aggressive, with execution uncertainty'",6,decrease,0.8,0.7,"the negative outlook from morgan stanley regarding yelp's top-line fundamentals and long-term execution uncertainty is likely to lead to a decrease in investor confidence, resulting in a decline in stock price.",0,2019-02-14,YELP,2019-02-14 14:10:00+00:00,13318.0,98581710,-0.0070202928036451,10195947.0,0.0458235144615173,-0.0110568348318338,-0.0060089603066444,0.0261213146150112,-0.0239294897764921,-0.0021063196472823,-0.0196128599345684,0.0477241240441799,0.0144774736836552,-0.0239633657038211,-0.003113719401881,-0.0077478201128542,-0.0135345309972763,-0.0105736590921878,-0.0050132567994296,0.0177563540637493,-0.0119331944733858,0.0205930825322866,-0.0034889227245002,-0.0008231163956224,-0.0105036189779639,0.0063500697724521,-0.005443678703159,-0.0130790062248706,-0.0166940502822399,-0.0097139934077858,-0.0314500704407692,0.0340402126312255,-0.0017240678425878,0.0104313204064965,0.0279216282069683,0.0028273195493966,-0.0184822138398885,-0.024813937023282,-0.0142653351649642,0.001104082679376,0.0026049248408526,0.0134265609085559,0.0132794193923473,0.0223047975450754,-0.0062677324749529,0.0142111862078309,-0.0051605589687824,-0.0005797233898192,-0.0028819101862609,0.0055377036333084,0.0083815297111868,-0.0389355570077896,-0.0151905640959739,0.0053506745025515,0.0101862186565995,0.0195232983678579,0.0048977811820805,0.007812513038516,-0.0126147484406828,0.0273484550416469,0.0069686900824308,-0.0269019473344087,-0.0051903203129768,-0.0120034860447049,0.0153622832149267,0.0165602415800094,0.0094205494970083,-0.0151645950973033,0.0090497648343443,0.0237258747220039,-0.0137332305312156,0.0589329302310943,0.0059676868841052,0.004361470695585,-0.0028249232564121,-0.0345865115523338,0.0056657441891729,-0.0180153753608465,0.0112676490098238,0.001182759180665,-0.0050139357335865,-0.0041224793531,-0.0039193555712699,-0.036322433501482,-0.0044970111921429,-0.0172894280403852,0.0047996044158935,0.0002789996215142,0.0016859053866937,-0.0025041778571903,0.0098176281899213,0.0084174871444702,0.0263889096677303,0.0303555727005004,0.0316643603146076,0.0052310465835034,-0.0020985838491469,0.0204625912010669,0.0386434644460678,-0.0447591505944728,0.0002531545469537,0.0484110824763774,0.0136639904230833,-0.0050236992537975,0.0,0.0431566461920738,-0.0104843229055404,0.0341089516878128,0.0138748548924922,-0.0190743803977966,0.0196566544473171,0.0403383150696754,-0.006100536789745,0.0022823505569249,-0.0201325733214616,-0.0176168885082006,0.0165372043848037,-0.0015990132233127,-0.0207049585878849,-0.0457735732197761,-0.1437200903892517,-0.0072704595513641,-0.0723104327917099,0.0210329871624708,0.0458235144615173,-0.0110568348318338,0.0395392024753626,0.0147756607218887,0.0146635597574658,0.0126382188101263,0.0091647621602788,0.0355411867218868,-0.0277558951260412,0.0551439847058787,-0.0966221191603594,0.099171114557035,-0.1736056412004696,0.1896070879343394,2019-02-15,2019-02-19,2019-02-20,2019-02-21,2019-02-22,2019-02-25,2019-02-26,2019-02-27,2019-02-28,2019-03-01,13318.0,2019-02-14,252.0,-0.7020%,-0.0002,1.0534,1.2002,-0.5194,2.9255%,3.2861%,20.7442%,-0.014245,YELP,13318.0,2019-02-15,252.0,4.5824%,-0.0002,1.0312,1.1839,-0.5506,2.9136%,3.2693%,20.5756%,0.033313,YELP,13318.0,2019-02-19,252.0,-0.6009%,-0.0003,1.0291,1.1782,-0.5569,2.9143%,3.2683%,20.4942%,-0.00985,YELP,13318.0,2019-02-20,252.0,-2.3929%,-0.0004,1.023,1.1686,-0.5777,2.9180%,3.2717%,20.4532%,-0.025514,YELP,13318.0,2019-02-21,252.0,-1.9613%,-0.0006,1.0444,1.2086,-0.5384,2.9033%,3.2647%,20.9186%,-0.0164379999999999,YELP,13318.0,2019-02-22,252.0,1.4477%,-0.0006,1.0451,1.2123,-0.5263,2.9034%,3.2660%,20.9704%,-0.006973,YELP,13318.0,2019-02-25,252.0,-0.3114%,-0.0006,1.0455,1.2137,-0.524,2.9034%,3.2658%,20.9666%,-0.002577,YELP,13318.0,2019-02-26,252.0,-1.3535%,-0.0007,1.0451,1.2214,-0.5203,2.9035%,3.2657%,20.9529%,-0.005923,YELP,13318.0,2019-02-27,252.0,-0.5013%,-0.0006,1.0513,1.208,-0.5193,2.9026%,3.2654%,20.9876%,-0.008999,YELP,13318.0,2019-02-28,252.0,-1.1933%,-0.0007,1.0599,1.2136,-0.5108,2.9021%,3.2662%,21.0478%,-0.010314,YELP,13318.0,2019-03-01,252.0,-0.3489%,-0.0008,1.0648,1.2209,-0.4958,2.9026%,3.2662%,21.0250%,-0.016773,YELP,0.019068,0.009218,-0.0162959999999999,-0.039707,-0.0842929999999999
29651,YELP INC,"Morgan Stanley Maintains Underweight on Yelp, Raises Price Target to $31",6,decrease,0.7,0.5,"maintaining an 'underweight' rating typically suggests a negative outlook, which could lead to a decrease in stock price despite the raised price target.",0,2019-02-14,YELP,2019-02-14 14:09:00+00:00,13318.0,98581710,-0.0070202928036451,10195947.0,0.0458235144615173,-0.0110568348318338,-0.0060089603066444,0.0261213146150112,-0.0239294897764921,-0.0021063196472823,-0.0196128599345684,0.0477241240441799,0.0144774736836552,-0.0239633657038211,-0.003113719401881,-0.0077478201128542,-0.0135345309972763,-0.0105736590921878,-0.0050132567994296,0.0177563540637493,-0.0119331944733858,0.0205930825322866,-0.0034889227245002,-0.0008231163956224,-0.0105036189779639,0.0063500697724521,-0.005443678703159,-0.0130790062248706,-0.0166940502822399,-0.0097139934077858,-0.0314500704407692,0.0340402126312255,-0.0017240678425878,0.0104313204064965,0.0279216282069683,0.0028273195493966,-0.0184822138398885,-0.024813937023282,-0.0142653351649642,0.001104082679376,0.0026049248408526,0.0134265609085559,0.0132794193923473,0.0223047975450754,-0.0062677324749529,0.0142111862078309,-0.0051605589687824,-0.0005797233898192,-0.0028819101862609,0.0055377036333084,0.0083815297111868,-0.0389355570077896,-0.0151905640959739,0.0053506745025515,0.0101862186565995,0.0195232983678579,0.0048977811820805,0.007812513038516,-0.0126147484406828,0.0273484550416469,0.0069686900824308,-0.0269019473344087,-0.0051903203129768,-0.0120034860447049,0.0153622832149267,0.0165602415800094,0.0094205494970083,-0.0151645950973033,0.0090497648343443,0.0237258747220039,-0.0137332305312156,0.0589329302310943,0.0059676868841052,0.004361470695585,-0.0028249232564121,-0.0345865115523338,0.0056657441891729,-0.0180153753608465,0.0112676490098238,0.001182759180665,-0.0050139357335865,-0.0041224793531,-0.0039193555712699,-0.036322433501482,-0.0044970111921429,-0.0172894280403852,0.0047996044158935,0.0002789996215142,0.0016859053866937,-0.0025041778571903,0.0098176281899213,0.0084174871444702,0.0263889096677303,0.0303555727005004,0.0316643603146076,0.0052310465835034,-0.0020985838491469,0.0204625912010669,0.0386434644460678,-0.0447591505944728,0.0002531545469537,0.0484110824763774,0.0136639904230833,-0.0050236992537975,0.0,0.0431566461920738,-0.0104843229055404,0.0341089516878128,0.0138748548924922,-0.0190743803977966,0.0196566544473171,0.0403383150696754,-0.006100536789745,0.0022823505569249,-0.0201325733214616,-0.0176168885082006,0.0165372043848037,-0.0015990132233127,-0.0207049585878849,-0.0457735732197761,-0.1437200903892517,-0.0072704595513641,-0.0723104327917099,0.0210329871624708,0.0458235144615173,-0.0110568348318338,0.0395392024753626,0.0147756607218887,0.0146635597574658,0.0126382188101263,0.0091647621602788,0.0355411867218868,-0.0277558951260412,0.0551439847058787,-0.0966221191603594,0.099171114557035,-0.1736056412004696,0.1896070879343394,2019-02-15,2019-02-19,2019-02-20,2019-02-21,2019-02-22,2019-02-25,2019-02-26,2019-02-27,2019-02-28,2019-03-01,13318.0,2019-02-14,252.0,-0.7020%,-0.0002,1.0534,1.2002,-0.5194,2.9255%,3.2861%,20.7442%,-0.014245,YELP,13318.0,2019-02-15,252.0,4.5824%,-0.0002,1.0312,1.1839,-0.5506,2.9136%,3.2693%,20.5756%,0.033313,YELP,13318.0,2019-02-19,252.0,-0.6009%,-0.0003,1.0291,1.1782,-0.5569,2.9143%,3.2683%,20.4942%,-0.00985,YELP,13318.0,2019-02-20,252.0,-2.3929%,-0.0004,1.023,1.1686,-0.5777,2.9180%,3.2717%,20.4532%,-0.025514,YELP,13318.0,2019-02-21,252.0,-1.9613%,-0.0006,1.0444,1.2086,-0.5384,2.9033%,3.2647%,20.9186%,-0.0164379999999999,YELP,13318.0,2019-02-22,252.0,1.4477%,-0.0006,1.0451,1.2123,-0.5263,2.9034%,3.2660%,20.9704%,-0.006973,YELP,13318.0,2019-02-25,252.0,-0.3114%,-0.0006,1.0455,1.2137,-0.524,2.9034%,3.2658%,20.9666%,-0.002577,YELP,13318.0,2019-02-26,252.0,-1.3535%,-0.0007,1.0451,1.2214,-0.5203,2.9035%,3.2657%,20.9529%,-0.005923,YELP,13318.0,2019-02-27,252.0,-0.5013%,-0.0006,1.0513,1.208,-0.5193,2.9026%,3.2654%,20.9876%,-0.008999,YELP,13318.0,2019-02-28,252.0,-1.1933%,-0.0007,1.0599,1.2136,-0.5108,2.9021%,3.2662%,21.0478%,-0.010314,YELP,13318.0,2019-03-01,252.0,-0.3489%,-0.0008,1.0648,1.2209,-0.4958,2.9026%,3.2662%,21.0250%,-0.016773,YELP,0.019068,0.009218,-0.0162959999999999,-0.039707,-0.0842929999999999
29659,YELP INC,Citigroup Downgrades Yelp to Neutral,6,decrease,0.8,0.6,"a downgrade from citigroup typically signals reduced expectations for the company's performance, which can lead to a decline in stock price.",0,2019-02-14,YELP,2019-02-14 12:16:00+00:00,13318.0,98581710,-0.0070202928036451,10195947.0,0.0458235144615173,-0.0110568348318338,-0.0060089603066444,0.0261213146150112,-0.0239294897764921,-0.0021063196472823,-0.0196128599345684,0.0477241240441799,0.0144774736836552,-0.0239633657038211,-0.003113719401881,-0.0077478201128542,-0.0135345309972763,-0.0105736590921878,-0.0050132567994296,0.0177563540637493,-0.0119331944733858,0.0205930825322866,-0.0034889227245002,-0.0008231163956224,-0.0105036189779639,0.0063500697724521,-0.005443678703159,-0.0130790062248706,-0.0166940502822399,-0.0097139934077858,-0.0314500704407692,0.0340402126312255,-0.0017240678425878,0.0104313204064965,0.0279216282069683,0.0028273195493966,-0.0184822138398885,-0.024813937023282,-0.0142653351649642,0.001104082679376,0.0026049248408526,0.0134265609085559,0.0132794193923473,0.0223047975450754,-0.0062677324749529,0.0142111862078309,-0.0051605589687824,-0.0005797233898192,-0.0028819101862609,0.0055377036333084,0.0083815297111868,-0.0389355570077896,-0.0151905640959739,0.0053506745025515,0.0101862186565995,0.0195232983678579,0.0048977811820805,0.007812513038516,-0.0126147484406828,0.0273484550416469,0.0069686900824308,-0.0269019473344087,-0.0051903203129768,-0.0120034860447049,0.0153622832149267,0.0165602415800094,0.0094205494970083,-0.0151645950973033,0.0090497648343443,0.0237258747220039,-0.0137332305312156,0.0589329302310943,0.0059676868841052,0.004361470695585,-0.0028249232564121,-0.0345865115523338,0.0056657441891729,-0.0180153753608465,0.0112676490098238,0.001182759180665,-0.0050139357335865,-0.0041224793531,-0.0039193555712699,-0.036322433501482,-0.0044970111921429,-0.0172894280403852,0.0047996044158935,0.0002789996215142,0.0016859053866937,-0.0025041778571903,0.0098176281899213,0.0084174871444702,0.0263889096677303,0.0303555727005004,0.0316643603146076,0.0052310465835034,-0.0020985838491469,0.0204625912010669,0.0386434644460678,-0.0447591505944728,0.0002531545469537,0.0484110824763774,0.0136639904230833,-0.0050236992537975,0.0,0.0431566461920738,-0.0104843229055404,0.0341089516878128,0.0138748548924922,-0.0190743803977966,0.0196566544473171,0.0403383150696754,-0.006100536789745,0.0022823505569249,-0.0201325733214616,-0.0176168885082006,0.0165372043848037,-0.0015990132233127,-0.0207049585878849,-0.0457735732197761,-0.1437200903892517,-0.0072704595513641,-0.0723104327917099,0.0210329871624708,0.0458235144615173,-0.0110568348318338,0.0395392024753626,0.0147756607218887,0.0146635597574658,0.0126382188101263,0.0091647621602788,0.0355411867218868,-0.0277558951260412,0.0551439847058787,-0.0966221191603594,0.099171114557035,-0.1736056412004696,0.1896070879343394,2019-02-15,2019-02-19,2019-02-20,2019-02-21,2019-02-22,2019-02-25,2019-02-26,2019-02-27,2019-02-28,2019-03-01,13318.0,2019-02-14,252.0,-0.7020%,-0.0002,1.0534,1.2002,-0.5194,2.9255%,3.2861%,20.7442%,-0.014245,YELP,13318.0,2019-02-15,252.0,4.5824%,-0.0002,1.0312,1.1839,-0.5506,2.9136%,3.2693%,20.5756%,0.033313,YELP,13318.0,2019-02-19,252.0,-0.6009%,-0.0003,1.0291,1.1782,-0.5569,2.9143%,3.2683%,20.4942%,-0.00985,YELP,13318.0,2019-02-20,252.0,-2.3929%,-0.0004,1.023,1.1686,-0.5777,2.9180%,3.2717%,20.4532%,-0.025514,YELP,13318.0,2019-02-21,252.0,-1.9613%,-0.0006,1.0444,1.2086,-0.5384,2.9033%,3.2647%,20.9186%,-0.0164379999999999,YELP,13318.0,2019-02-22,252.0,1.4477%,-0.0006,1.0451,1.2123,-0.5263,2.9034%,3.2660%,20.9704%,-0.006973,YELP,13318.0,2019-02-25,252.0,-0.3114%,-0.0006,1.0455,1.2137,-0.524,2.9034%,3.2658%,20.9666%,-0.002577,YELP,13318.0,2019-02-26,252.0,-1.3535%,-0.0007,1.0451,1.2214,-0.5203,2.9035%,3.2657%,20.9529%,-0.005923,YELP,13318.0,2019-02-27,252.0,-0.5013%,-0.0006,1.0513,1.208,-0.5193,2.9026%,3.2654%,20.9876%,-0.008999,YELP,13318.0,2019-02-28,252.0,-1.1933%,-0.0007,1.0599,1.2136,-0.5108,2.9021%,3.2662%,21.0478%,-0.010314,YELP,13318.0,2019-03-01,252.0,-0.3489%,-0.0008,1.0648,1.2209,-0.4958,2.9026%,3.2662%,21.0250%,-0.016773,YELP,0.019068,0.009218,-0.0162959999999999,-0.039707,-0.0842929999999999
29667,YANDEX N V,Yandex Q4 Earnings Preview,6,uncertain,0.5,0.5,"the impact of earnings previews can vary widely based on actual results and market expectations, making the outcome uncertain.",1,2019-02-14,YNDX,2019-02-14 18:56:00+00:00,12799.0,N9728410,0.0162433329969644,4602068.0,-0.0854402929544448,-0.0044104005210101,0.0432158410549163,0.0152238309383392,0.0009137611486949,0.0081252017989754,-0.0325623750686645,0.0060551245696842,0.0597671493887901,-0.0219129901379346,-0.0029681946616619,-0.0188843049108982,-0.0062518334016203,0.0046701650135219,-0.0089873941615223,0.0172208435833454,0.0399032533168792,0.0029779174365103,0.0069766817614436,-0.0062148291617631,0.0103926276788115,0.0467782579362392,0.0331428535282611,-0.0235935430973768,-0.0049778847023844,-0.016071343794465,-0.0214007906615734,0.0493440963327884,-0.0031241299584507,0.0230032335966825,0.0256410706788301,0.0252210460603237,-0.0116666154935956,-0.0094094425439834,0.003934777341783,-0.0067676762118935,-0.0008399382350035,0.0409259051084518,0.0081255510449409,0.0091400993987917,-0.0002778855268843,-0.0003383526927791,-0.0011120631825178,-0.0113750472664833,-0.0047314772382378,0.0063972598873078,0.0033557815477252,-0.0026863641105592,-0.015886278823018,0.023719510063529,0.0118945948779583,0.002412118948996,-0.0039182589389383,0.0161064770072698,-0.0210733357816934,0.0656716525554657,0.0218139588832855,-0.0258088335394859,-0.0353932119905948,0.0058500855229794,-0.0107745761051774,-0.0200644731521606,0.028260201215744,0.0126995788887143,-0.0045805852860212,-0.0082764104008674,-0.0037388859782367,0.0262186489999294,0.0164549574255943,0.0242057256400585,0.0153365787118673,-0.0307917930185794,0.0064335535280406,0.00073369249003,0.0408560670912265,0.0022058626636862,0.0093457531183958,-0.0101891839876771,0.029100589454174,-0.0189218372106552,0.0025706547312438,0.0039426744915544,-0.0043589272536337,-0.0275357589125633,-0.0162245947867631,0.0685288682579994,-0.0225131046026945,-0.0379792004823684,0.0026780522894114,-0.0268479939550161,0.0098825525492429,0.0027972001116722,-0.0050251898355782,-0.0034843338653445,-0.0132908029481768,-0.0436520986258983,-0.0115840602666139,0.0172881428152322,0.0171709209680557,0.0116598131135106,0.0029474976472556,-0.0257267113775014,0.0173657909035682,0.0295837838202714,-0.0414916425943374,0.0037983637303113,0.0202740188688039,0.0229600723832845,-0.0067132110707461,-0.0364193245768547,-0.0181130561977624,0.054937120527029,0.0049559557810425,-0.0426263250410556,-0.0010959154460579,-0.0054700803011655,-0.0057597118429839,-0.0054403212852776,-0.0391723625361919,0.0172950532287359,-0.0854402929544448,-0.0044104005210101,-0.0459168260195332,0.0107462872254269,-0.0450450218825264,0.0189588047766986,-0.0209241827172576,0.0026650915801951,0.0066840932990452,0.0020716085839795,-0.0020342787503456,0.2380255921666023,0.0122058207435098,0.1712210491696746,2019-02-15,2019-02-19,2019-02-20,2019-02-21,2019-02-22,2019-02-25,2019-02-26,2019-02-27,2019-02-28,2019-03-01,12799.0,2019-02-14,252.0,1.6243%,-0.0004,1.124,0.9136,-0.1811,2.4309%,2.7893%,24.0475%,0.0127719999999999,YNDX,12799.0,2019-02-15,252.0,-8.5440%,-0.0009,1.0404,0.8279,-0.3309,2.5044%,2.8298%,21.6736%,-0.099656,YNDX,12799.0,2019-02-19,252.0,4.3216%,-0.001,1.0279,0.8822,-0.2687,2.4821%,2.7986%,21.3420%,0.039731,YNDX,12799.0,2019-02-20,252.0,0.0914%,-0.001,1.0276,0.881,-0.2698,2.4821%,2.7985%,21.3373%,-0.001602,YNDX,12799.0,2019-02-21,252.0,-3.2562%,-0.0013,1.0458,0.9119,-0.2363,2.4796%,2.8019%,21.6816%,-0.028864,YNDX,12799.0,2019-02-22,252.0,5.9767%,-0.0011,1.0397,0.9096,-0.3118,2.4952%,2.8269%,22.0928%,0.044381,YNDX,12799.0,2019-02-25,252.0,-0.2968%,-0.0011,1.0366,0.9074,-0.3242,2.4898%,2.8227%,22.1967%,-0.0028239999999999,YNDX,12799.0,2019-02-26,252.0,-0.6252%,-0.001,1.0422,0.9004,-0.3236,2.4890%,2.8228%,22.2530%,4.4000000000000006e-05,YNDX,12799.0,2019-02-27,252.0,-0.8987%,-0.001,1.0499,0.8835,-0.3223,2.4874%,2.8225%,22.3341%,-0.012124,YNDX,12799.0,2019-02-28,252.0,3.9903%,-0.0009,1.0503,0.8851,-0.3321,2.4999%,2.8339%,22.1860%,0.042076,YNDX,12799.0,2019-03-01,252.0,0.6977%,-0.0009,1.0448,0.877,-0.3389,2.4995%,2.8308%,22.0339%,-0.004571,YNDX,-0.086884,-0.047153,-0.048755,-0.033238,-0.010637
29675,ZEBRA TECHNOLOGIES CORP,"Zebra Technologies shares are trading higher after the company reported Q4 EPS of $3.10, beating the $2.93 estimate and sales of $1.137 billion, beating the $1.12 billion estimate; the company also issued Q1 EPS guidance above estimates.",6,increase,0.85,0.7,the positive earnings report and guidance above estimates are likely to boost investor confidence and drive the stock price higher.,2,2019-02-14,ZBRA,2019-02-14 16:23:00+00:00,76795.0,98920710,0.0679458603262901,2748307.0,0.0166946537792682,0.0055203018710017,-0.0021526541095227,0.0256755333393812,0.0026590344496071,0.0112245520576834,-0.0001501064689364,-0.0022060037590563,0.0326794050633907,-0.0219628307968378,-0.0082869231700897,0.0105663295835256,-0.0081118242815136,0.0131407082080841,-0.0024632969871163,0.0085113989189267,-0.0097293620929121,0.0084100887179374,0.0084784412756562,0.013071927241981,-0.002373824128881,0.00380759104155,-0.0004461227508727,-0.0088829463347792,-0.0019837031140923,-0.0205845274031162,0.0037268931046128,0.0069858063943684,-0.0004456239985302,0.0086052874103188,0.0373947657644748,0.0008091983036138,0.0060635199770331,-0.0268856454640626,0.0038439519703388,0.012529170140624,0.0053893034346401,0.0406566746532917,-0.0059717134572565,0.0140024153515696,0.0085620284080505,0.0170527063310146,0.0022043334320187,0.0025122773367911,0.0042587220668792,0.017773563042283,0.0172888152301311,0.0008738492033444,-0.0506642125546932,0.0248193237930536,-0.0109535045921802,0.0066972025670111,0.019417455419898,0.0151663208380341,-0.0104809878394007,0.0414623916149139,0.0082221524789929,-0.0599078349769115,0.0051328409463167,-0.0187778081744909,0.0113587789237499,0.0209014192223548,0.0080694230273365,0.003990956582129,0.0066473092883825,0.0185549557209014,-0.0047898008488118,0.0673198774456977,0.0201860070228576,-0.0229060240089893,0.014244494959712,-0.0313928425312042,-0.0059610158205032,-0.0506161227822303,0.0249409675598144,-0.023875281214714,0.0048313299193978,0.0249103065580129,0.0310542955994606,-0.0751643404364585,-0.0105245430022478,-0.0052085998468101,0.0126686608418822,-0.0041496236808598,-0.0084966719150543,0.0208271648734808,0.0019808434881269,0.0125097166746854,-0.0093261059373617,0.0153017956763505,0.0127109801396727,-0.0419515892863273,0.0085675120353698,0.0091217253357172,-0.0171168819069862,-0.0570656172931194,-0.0096366228535771,0.0087318802252411,-0.0099048307165503,0.0105665745213627,-0.0694989413022995,-0.0010667701717466,-0.0285119079053401,0.0565310157835483,0.0039976956322789,-0.0027211990673094,0.0025250280741602,0.0244848076254129,-0.0004843848582822,0.0040160864591598,-0.0268462561070919,0.0126317283138632,-0.003834300674498,-0.0420282743871212,-0.0225444119423627,-0.0624792128801345,0.0017899463418871,0.0100049925968051,-0.075961023569107,0.0326100029051303,0.0166946537792682,0.0055203018710017,0.0145060618546806,0.0313375719051152,0.0172036684224874,0.042913874170009,0.0502876005031711,0.0177583905573945,0.0292156845277542,0.0735877702671294,0.0664732393416636,0.1553727706439429,-0.0786888949350487,0.0618146515968027,2019-02-15,2019-02-19,2019-02-20,2019-02-21,2019-02-22,2019-02-25,2019-02-26,2019-02-27,2019-02-28,2019-03-01,76795.0,2019-02-14,252.0,6.7946%,0.0017,1.2375,0.58,-0.7548,2.0252%,2.5999%,39.3193%,0.063472,ZBRA,76795.0,2019-02-15,252.0,1.6695%,0.0017,1.24,0.5826,-0.7503,2.0253%,2.5996%,39.3006%,0.004784,ZBRA,76795.0,2019-02-19,252.0,-0.2153%,0.0017,1.2407,0.5764,-0.7574,2.0253%,2.5986%,39.2561%,-0.004047,ZBRA,76795.0,2019-02-20,252.0,0.2659%,0.0017,1.2416,0.5807,-0.7535,2.0250%,2.5984%,39.2644%,0.003099,ZBRA,76795.0,2019-02-21,252.0,-0.0150%,0.0017,1.243,0.5839,-0.751,2.0248%,2.5983%,39.2735%,0.003017,ZBRA,76795.0,2019-02-22,252.0,3.2679%,0.0017,1.2419,0.5817,-0.7659,2.0254%,2.6053%,39.5633%,0.010249,ZBRA,76795.0,2019-02-25,252.0,-0.8287%,0.0012,1.2559,0.6013,-0.7041,1.8830%,2.4907%,42.8438%,-0.010116,ZBRA,76795.0,2019-02-26,252.0,-0.8112%,0.0011,1.239,0.6257,-0.7043,1.8738%,2.4735%,42.6111%,-0.004678,ZBRA,76795.0,2019-02-27,252.0,-0.2463%,0.0011,1.2472,0.6092,-0.7029,1.8705%,2.4731%,42.7944%,-0.005712,ZBRA,76795.0,2019-02-28,252.0,-0.9729%,0.0011,1.2552,0.6143,-0.695,1.8700%,2.4739%,42.8631%,-0.007842,ZBRA,76795.0,2019-03-01,252.0,0.8478%,0.0011,1.2523,0.6099,-0.6967,1.8703%,2.4717%,42.7432%,-0.005211,ZBRA,0.068256,0.064209,0.067308,0.080574,0.047015
29683,ZEBRA TECHNOLOGIES CORP,"Zebra Tech Sees Q1 Sales Growth 6-9% Year Over Year, Adj. EPS $2.75-$2.95 vs $2.69 Estimate; FY19 Sales Growth 4-7%",6,increase,0.8,0.6,"the projected sales growth and adjusted eps exceeding estimates suggest positive performance, likely leading to an increase in stock price.",2,2019-02-14,ZBRA,2019-02-14 11:36:00+00:00,76795.0,98920710,0.0679458603262901,2748307.0,0.0166946537792682,0.0055203018710017,-0.0021526541095227,0.0256755333393812,0.0026590344496071,0.0112245520576834,-0.0001501064689364,-0.0022060037590563,0.0326794050633907,-0.0219628307968378,-0.0082869231700897,0.0105663295835256,-0.0081118242815136,0.0131407082080841,-0.0024632969871163,0.0085113989189267,-0.0097293620929121,0.0084100887179374,0.0084784412756562,0.013071927241981,-0.002373824128881,0.00380759104155,-0.0004461227508727,-0.0088829463347792,-0.0019837031140923,-0.0205845274031162,0.0037268931046128,0.0069858063943684,-0.0004456239985302,0.0086052874103188,0.0373947657644748,0.0008091983036138,0.0060635199770331,-0.0268856454640626,0.0038439519703388,0.012529170140624,0.0053893034346401,0.0406566746532917,-0.0059717134572565,0.0140024153515696,0.0085620284080505,0.0170527063310146,0.0022043334320187,0.0025122773367911,0.0042587220668792,0.017773563042283,0.0172888152301311,0.0008738492033444,-0.0506642125546932,0.0248193237930536,-0.0109535045921802,0.0066972025670111,0.019417455419898,0.0151663208380341,-0.0104809878394007,0.0414623916149139,0.0082221524789929,-0.0599078349769115,0.0051328409463167,-0.0187778081744909,0.0113587789237499,0.0209014192223548,0.0080694230273365,0.003990956582129,0.0066473092883825,0.0185549557209014,-0.0047898008488118,0.0673198774456977,0.0201860070228576,-0.0229060240089893,0.014244494959712,-0.0313928425312042,-0.0059610158205032,-0.0506161227822303,0.0249409675598144,-0.023875281214714,0.0048313299193978,0.0249103065580129,0.0310542955994606,-0.0751643404364585,-0.0105245430022478,-0.0052085998468101,0.0126686608418822,-0.0041496236808598,-0.0084966719150543,0.0208271648734808,0.0019808434881269,0.0125097166746854,-0.0093261059373617,0.0153017956763505,0.0127109801396727,-0.0419515892863273,0.0085675120353698,0.0091217253357172,-0.0171168819069862,-0.0570656172931194,-0.0096366228535771,0.0087318802252411,-0.0099048307165503,0.0105665745213627,-0.0694989413022995,-0.0010667701717466,-0.0285119079053401,0.0565310157835483,0.0039976956322789,-0.0027211990673094,0.0025250280741602,0.0244848076254129,-0.0004843848582822,0.0040160864591598,-0.0268462561070919,0.0126317283138632,-0.003834300674498,-0.0420282743871212,-0.0225444119423627,-0.0624792128801345,0.0017899463418871,0.0100049925968051,-0.075961023569107,0.0326100029051303,0.0166946537792682,0.0055203018710017,0.0145060618546806,0.0313375719051152,0.0172036684224874,0.042913874170009,0.0502876005031711,0.0177583905573945,0.0292156845277542,0.0735877702671294,0.0664732393416636,0.1553727706439429,-0.0786888949350487,0.0618146515968027,2019-02-15,2019-02-19,2019-02-20,2019-02-21,2019-02-22,2019-02-25,2019-02-26,2019-02-27,2019-02-28,2019-03-01,76795.0,2019-02-14,252.0,6.7946%,0.0017,1.2375,0.58,-0.7548,2.0252%,2.5999%,39.3193%,0.063472,ZBRA,76795.0,2019-02-15,252.0,1.6695%,0.0017,1.24,0.5826,-0.7503,2.0253%,2.5996%,39.3006%,0.004784,ZBRA,76795.0,2019-02-19,252.0,-0.2153%,0.0017,1.2407,0.5764,-0.7574,2.0253%,2.5986%,39.2561%,-0.004047,ZBRA,76795.0,2019-02-20,252.0,0.2659%,0.0017,1.2416,0.5807,-0.7535,2.0250%,2.5984%,39.2644%,0.003099,ZBRA,76795.0,2019-02-21,252.0,-0.0150%,0.0017,1.243,0.5839,-0.751,2.0248%,2.5983%,39.2735%,0.003017,ZBRA,76795.0,2019-02-22,252.0,3.2679%,0.0017,1.2419,0.5817,-0.7659,2.0254%,2.6053%,39.5633%,0.010249,ZBRA,76795.0,2019-02-25,252.0,-0.8287%,0.0012,1.2559,0.6013,-0.7041,1.8830%,2.4907%,42.8438%,-0.010116,ZBRA,76795.0,2019-02-26,252.0,-0.8112%,0.0011,1.239,0.6257,-0.7043,1.8738%,2.4735%,42.6111%,-0.004678,ZBRA,76795.0,2019-02-27,252.0,-0.2463%,0.0011,1.2472,0.6092,-0.7029,1.8705%,2.4731%,42.7944%,-0.005712,ZBRA,76795.0,2019-02-28,252.0,-0.9729%,0.0011,1.2552,0.6143,-0.695,1.8700%,2.4739%,42.8631%,-0.007842,ZBRA,76795.0,2019-03-01,252.0,0.8478%,0.0011,1.2523,0.6099,-0.6967,1.8703%,2.4717%,42.7432%,-0.005211,ZBRA,0.068256,0.064209,0.067308,0.080574,0.047015
29691,ZEBRA TECHNOLOGIES CORP,"Zebra Technologies Q4 EPS $3.10 Beats $2.93 Estimate, Sales $1.137B Beat $1.12B Estimate",6,increase,0.8,0.7,"the company's earnings per share and sales both exceeded estimates, which typically signals strong performance and can lead to a positive reaction in the stock price.",2,2019-02-14,ZBRA,2019-02-14 11:35:00+00:00,76795.0,98920710,0.0679458603262901,2748307.0,0.0166946537792682,0.0055203018710017,-0.0021526541095227,0.0256755333393812,0.0026590344496071,0.0112245520576834,-0.0001501064689364,-0.0022060037590563,0.0326794050633907,-0.0219628307968378,-0.0082869231700897,0.0105663295835256,-0.0081118242815136,0.0131407082080841,-0.0024632969871163,0.0085113989189267,-0.0097293620929121,0.0084100887179374,0.0084784412756562,0.013071927241981,-0.002373824128881,0.00380759104155,-0.0004461227508727,-0.0088829463347792,-0.0019837031140923,-0.0205845274031162,0.0037268931046128,0.0069858063943684,-0.0004456239985302,0.0086052874103188,0.0373947657644748,0.0008091983036138,0.0060635199770331,-0.0268856454640626,0.0038439519703388,0.012529170140624,0.0053893034346401,0.0406566746532917,-0.0059717134572565,0.0140024153515696,0.0085620284080505,0.0170527063310146,0.0022043334320187,0.0025122773367911,0.0042587220668792,0.017773563042283,0.0172888152301311,0.0008738492033444,-0.0506642125546932,0.0248193237930536,-0.0109535045921802,0.0066972025670111,0.019417455419898,0.0151663208380341,-0.0104809878394007,0.0414623916149139,0.0082221524789929,-0.0599078349769115,0.0051328409463167,-0.0187778081744909,0.0113587789237499,0.0209014192223548,0.0080694230273365,0.003990956582129,0.0066473092883825,0.0185549557209014,-0.0047898008488118,0.0673198774456977,0.0201860070228576,-0.0229060240089893,0.014244494959712,-0.0313928425312042,-0.0059610158205032,-0.0506161227822303,0.0249409675598144,-0.023875281214714,0.0048313299193978,0.0249103065580129,0.0310542955994606,-0.0751643404364585,-0.0105245430022478,-0.0052085998468101,0.0126686608418822,-0.0041496236808598,-0.0084966719150543,0.0208271648734808,0.0019808434881269,0.0125097166746854,-0.0093261059373617,0.0153017956763505,0.0127109801396727,-0.0419515892863273,0.0085675120353698,0.0091217253357172,-0.0171168819069862,-0.0570656172931194,-0.0096366228535771,0.0087318802252411,-0.0099048307165503,0.0105665745213627,-0.0694989413022995,-0.0010667701717466,-0.0285119079053401,0.0565310157835483,0.0039976956322789,-0.0027211990673094,0.0025250280741602,0.0244848076254129,-0.0004843848582822,0.0040160864591598,-0.0268462561070919,0.0126317283138632,-0.003834300674498,-0.0420282743871212,-0.0225444119423627,-0.0624792128801345,0.0017899463418871,0.0100049925968051,-0.075961023569107,0.0326100029051303,0.0166946537792682,0.0055203018710017,0.0145060618546806,0.0313375719051152,0.0172036684224874,0.042913874170009,0.0502876005031711,0.0177583905573945,0.0292156845277542,0.0735877702671294,0.0664732393416636,0.1553727706439429,-0.0786888949350487,0.0618146515968027,2019-02-15,2019-02-19,2019-02-20,2019-02-21,2019-02-22,2019-02-25,2019-02-26,2019-02-27,2019-02-28,2019-03-01,76795.0,2019-02-14,252.0,6.7946%,0.0017,1.2375,0.58,-0.7548,2.0252%,2.5999%,39.3193%,0.063472,ZBRA,76795.0,2019-02-15,252.0,1.6695%,0.0017,1.24,0.5826,-0.7503,2.0253%,2.5996%,39.3006%,0.004784,ZBRA,76795.0,2019-02-19,252.0,-0.2153%,0.0017,1.2407,0.5764,-0.7574,2.0253%,2.5986%,39.2561%,-0.004047,ZBRA,76795.0,2019-02-20,252.0,0.2659%,0.0017,1.2416,0.5807,-0.7535,2.0250%,2.5984%,39.2644%,0.003099,ZBRA,76795.0,2019-02-21,252.0,-0.0150%,0.0017,1.243,0.5839,-0.751,2.0248%,2.5983%,39.2735%,0.003017,ZBRA,76795.0,2019-02-22,252.0,3.2679%,0.0017,1.2419,0.5817,-0.7659,2.0254%,2.6053%,39.5633%,0.010249,ZBRA,76795.0,2019-02-25,252.0,-0.8287%,0.0012,1.2559,0.6013,-0.7041,1.8830%,2.4907%,42.8438%,-0.010116,ZBRA,76795.0,2019-02-26,252.0,-0.8112%,0.0011,1.239,0.6257,-0.7043,1.8738%,2.4735%,42.6111%,-0.004678,ZBRA,76795.0,2019-02-27,252.0,-0.2463%,0.0011,1.2472,0.6092,-0.7029,1.8705%,2.4731%,42.7944%,-0.005712,ZBRA,76795.0,2019-02-28,252.0,-0.9729%,0.0011,1.2552,0.6143,-0.695,1.8700%,2.4739%,42.8631%,-0.007842,ZBRA,76795.0,2019-03-01,252.0,0.8478%,0.0011,1.2523,0.6099,-0.6967,1.8703%,2.4717%,42.7432%,-0.005211,ZBRA,0.068256,0.064209,0.067308,0.080574,0.047015
29699,ZOETIS INC,"Zoetis shares are trading higher after the company reported Q4 EPS of $0.79, beating the $0.77 estimate, and sales of $1.6 billion, beating the $1.52 billion estimate; the company also issued FY19 EPS guidance inline with analyst estimates.",6,increase,0.8,0.7,the positive earnings report and sales figures exceeding estimates are likely to boost investor confidence and drive the stock price higher.,2,2019-02-14,ZTS,2019-02-14 16:05:00+00:00,13788.0,98978V10,0.0567705631256103,5438161.0,0.0226249247789382,0.0084561519324779,-0.0048233098350465,0.014373542740941,-0.0054789194837212,-0.0064494432881474,-0.0097467759624123,0.0071917730383574,0.0121964197605848,-0.0156428720802068,-0.0023253485560417,0.0024035605601966,-0.0095349242910742,0.0045993044041097,0.0033159181475639,-0.0019508625846356,0.0045842248946428,0.0113741373643279,0.0161307081580162,0.0125750070437789,0.0012532924301922,0.00805583037436,-0.0009388126200065,0.0090855006128549,-0.0168093610554933,-0.0122800907120108,-0.0172028802335262,0.0123117230832576,-0.0015126891667023,-0.0003584511578083,0.0251055043190717,-0.004756735637784,0.0107674086466431,-0.0059108645655214,0.0123237632215023,0.0040355650708079,-0.0075312429107725,0.014469426125288,0.0073805274441838,-0.0188656821846962,0.0088741406798362,0.0036686102394014,0.0097167287021875,-0.0181268602609634,-0.0022285375744104,0.0018625847296789,0.0115735977888107,-0.0038269953802227,-0.0171617735177278,-0.0035821301862597,0.0,0.0148939173668623,0.0090881176292896,0.0060169240459799,-0.0030358536168932,0.0392349772155284,0.0088307224214077,-0.0345644615590572,0.0128785474225878,-0.0123918345198035,0.0086421249434351,0.0124275423586368,0.0049241678789258,0.0018972611287608,0.0007840241887606,0.0170043855905532,-0.0013709301128983,0.0459132120013237,0.0013728121994063,-0.0293829757720232,0.0010771700181066,-0.0089783780276775,-0.0075320773757994,-0.0122244032099843,-0.0012812661007046,-0.0182373858988285,-0.0026646035257726,0.0005885969148948,0.0060360245406627,-0.0396833755075931,-0.0040326155722141,-0.0273807495832443,-0.0206399746239185,0.0023145494051277,-0.0103458184748888,0.0103563508018851,0.0107164252549409,0.0098965913057327,0.0110068060457706,0.0094222025945782,0.0184778105467557,-0.0256609581410884,-0.008531947620213,-0.0017665455816313,0.0072206067852675,-0.0320615582168102,0.0149268051609396,-0.0031959416810423,-0.0202225092798471,0.0118573475629091,0.0057277721352875,-0.0003233449242543,-0.0004909213166683,0.0288249030709266,0.0133608467876911,0.0075960718095302,0.005816756747663,0.0031375929247587,-0.0040481751784682,0.0063148122280836,-0.0189683437347412,0.0030539149884134,0.0048337560147047,-0.0187568794935941,-0.0018653292208909,-0.0221523605287075,0.0060981879942119,0.0070944540202617,-0.0091895824298262,-0.0092993145808577,0.0226249247789382,0.0084561519324779,0.0176924879216884,0.0229512395346442,0.0121166327211774,0.0163537735287253,0.0144756418085441,0.0076501273421201,0.0266995257941269,0.0371371930917201,0.0794552412819604,0.0336893329299696,0.0885656980475384,-0.0425450205682729,2019-02-15,2019-02-19,2019-02-20,2019-02-21,2019-02-22,2019-02-25,2019-02-26,2019-02-27,2019-02-28,2019-03-01,13788.0,2019-02-14,252.0,5.6771%,0.0007,0.9598,-0.1186,-0.3766,1.0125%,1.5157%,55.3815%,0.057508,ZTS,13788.0,2019-02-15,252.0,2.2625%,0.0007,0.9657,-0.1119,-0.3653,1.0156%,1.5186%,55.2780%,0.013783,ZTS,13788.0,2019-02-19,252.0,-0.4823%,0.0006,0.9521,-0.0982,-0.3487,0.9852%,1.4814%,55.7757%,-0.005338,ZTS,13788.0,2019-02-20,252.0,-0.5479%,0.0005,0.949,-0.112,-0.3615,0.9808%,1.4790%,56.0231%,-0.005254,ZTS,13788.0,2019-02-21,252.0,-0.9747%,0.0004,0.955,-0.1013,-0.3503,0.9791%,1.4798%,56.2254%,-0.007246,ZTS,13788.0,2019-02-22,252.0,1.2196%,0.0004,0.9553,-0.1108,-0.3561,0.9780%,1.4815%,56.4200%,0.0012959999999999,ZTS,13788.0,2019-02-25,252.0,-0.2325%,0.0003,0.9555,-0.108,-0.354,0.9785%,1.4816%,56.3780%,-0.004787,ZTS,13788.0,2019-02-26,252.0,-0.9535%,0.0003,0.9521,-0.0905,-0.3476,0.9790%,1.4749%,55.9466%,-0.009966,ZTS,13788.0,2019-02-27,252.0,0.3316%,0.0003,0.9546,-0.0944,-0.3472,0.9784%,1.4746%,55.9783%,0.002114,ZTS,13788.0,2019-02-28,252.0,0.4584%,0.0004,0.949,-0.098,-0.3528,0.9778%,1.4693%,55.7093%,0.006594,ZTS,13788.0,2019-03-01,252.0,1.6131%,0.0004,0.9498,-0.0968,-0.3551,0.9790%,1.4710%,55.7035%,0.008081,ZTS,0.071291,0.065953,0.0606989999999999,0.0547489999999999,0.0567849999999999
29707,ZOETIS INC,"JANA 13F Shows Liquidated Stakes In GM, Zoetis",6,decrease,0.7,0.6,"the liquidation of stakes by a significant investor like jana may signal a lack of confidence in zoetis, potentially leading to a decrease in stock price.",0,2019-02-14,ZTS,2019-02-14 14:37:00+00:00,13788.0,98978V10,0.0567705631256103,5438161.0,0.0226249247789382,0.0084561519324779,-0.0048233098350465,0.014373542740941,-0.0054789194837212,-0.0064494432881474,-0.0097467759624123,0.0071917730383574,0.0121964197605848,-0.0156428720802068,-0.0023253485560417,0.0024035605601966,-0.0095349242910742,0.0045993044041097,0.0033159181475639,-0.0019508625846356,0.0045842248946428,0.0113741373643279,0.0161307081580162,0.0125750070437789,0.0012532924301922,0.00805583037436,-0.0009388126200065,0.0090855006128549,-0.0168093610554933,-0.0122800907120108,-0.0172028802335262,0.0123117230832576,-0.0015126891667023,-0.0003584511578083,0.0251055043190717,-0.004756735637784,0.0107674086466431,-0.0059108645655214,0.0123237632215023,0.0040355650708079,-0.0075312429107725,0.014469426125288,0.0073805274441838,-0.0188656821846962,0.0088741406798362,0.0036686102394014,0.0097167287021875,-0.0181268602609634,-0.0022285375744104,0.0018625847296789,0.0115735977888107,-0.0038269953802227,-0.0171617735177278,-0.0035821301862597,0.0,0.0148939173668623,0.0090881176292896,0.0060169240459799,-0.0030358536168932,0.0392349772155284,0.0088307224214077,-0.0345644615590572,0.0128785474225878,-0.0123918345198035,0.0086421249434351,0.0124275423586368,0.0049241678789258,0.0018972611287608,0.0007840241887606,0.0170043855905532,-0.0013709301128983,0.0459132120013237,0.0013728121994063,-0.0293829757720232,0.0010771700181066,-0.0089783780276775,-0.0075320773757994,-0.0122244032099843,-0.0012812661007046,-0.0182373858988285,-0.0026646035257726,0.0005885969148948,0.0060360245406627,-0.0396833755075931,-0.0040326155722141,-0.0273807495832443,-0.0206399746239185,0.0023145494051277,-0.0103458184748888,0.0103563508018851,0.0107164252549409,0.0098965913057327,0.0110068060457706,0.0094222025945782,0.0184778105467557,-0.0256609581410884,-0.008531947620213,-0.0017665455816313,0.0072206067852675,-0.0320615582168102,0.0149268051609396,-0.0031959416810423,-0.0202225092798471,0.0118573475629091,0.0057277721352875,-0.0003233449242543,-0.0004909213166683,0.0288249030709266,0.0133608467876911,0.0075960718095302,0.005816756747663,0.0031375929247587,-0.0040481751784682,0.0063148122280836,-0.0189683437347412,0.0030539149884134,0.0048337560147047,-0.0187568794935941,-0.0018653292208909,-0.0221523605287075,0.0060981879942119,0.0070944540202617,-0.0091895824298262,-0.0092993145808577,0.0226249247789382,0.0084561519324779,0.0176924879216884,0.0229512395346442,0.0121166327211774,0.0163537735287253,0.0144756418085441,0.0076501273421201,0.0266995257941269,0.0371371930917201,0.0794552412819604,0.0336893329299696,0.0885656980475384,-0.0425450205682729,2019-02-15,2019-02-19,2019-02-20,2019-02-21,2019-02-22,2019-02-25,2019-02-26,2019-02-27,2019-02-28,2019-03-01,13788.0,2019-02-14,252.0,5.6771%,0.0007,0.9598,-0.1186,-0.3766,1.0125%,1.5157%,55.3815%,0.057508,ZTS,13788.0,2019-02-15,252.0,2.2625%,0.0007,0.9657,-0.1119,-0.3653,1.0156%,1.5186%,55.2780%,0.013783,ZTS,13788.0,2019-02-19,252.0,-0.4823%,0.0006,0.9521,-0.0982,-0.3487,0.9852%,1.4814%,55.7757%,-0.005338,ZTS,13788.0,2019-02-20,252.0,-0.5479%,0.0005,0.949,-0.112,-0.3615,0.9808%,1.4790%,56.0231%,-0.005254,ZTS,13788.0,2019-02-21,252.0,-0.9747%,0.0004,0.955,-0.1013,-0.3503,0.9791%,1.4798%,56.2254%,-0.007246,ZTS,13788.0,2019-02-22,252.0,1.2196%,0.0004,0.9553,-0.1108,-0.3561,0.9780%,1.4815%,56.4200%,0.0012959999999999,ZTS,13788.0,2019-02-25,252.0,-0.2325%,0.0003,0.9555,-0.108,-0.354,0.9785%,1.4816%,56.3780%,-0.004787,ZTS,13788.0,2019-02-26,252.0,-0.9535%,0.0003,0.9521,-0.0905,-0.3476,0.9790%,1.4749%,55.9466%,-0.009966,ZTS,13788.0,2019-02-27,252.0,0.3316%,0.0003,0.9546,-0.0944,-0.3472,0.9784%,1.4746%,55.9783%,0.002114,ZTS,13788.0,2019-02-28,252.0,0.4584%,0.0004,0.949,-0.098,-0.3528,0.9778%,1.4693%,55.7093%,0.006594,ZTS,13788.0,2019-03-01,252.0,1.6131%,0.0004,0.9498,-0.0968,-0.3551,0.9790%,1.4710%,55.7035%,0.008081,ZTS,0.071291,0.065953,0.0606989999999999,0.0547489999999999,0.0567849999999999
29715,ZOETIS INC,"Zoetis Sees FY19 Adj. EPS $3.42-$3.52 vs $3.45 Estimate, Sales $6.175B-$6.3B vs $6.23B Est.",6,uncertain,0.6,0.2,"while zoetis' adjusted eps guidance is slightly below the estimate, the sales forecast is in line with expectations, leading to uncertainty in the stock's immediate reaction.",1,2019-02-14,ZTS,2019-02-14 12:03:00+00:00,13788.0,98978V10,0.0567705631256103,5438161.0,0.0226249247789382,0.0084561519324779,-0.0048233098350465,0.014373542740941,-0.0054789194837212,-0.0064494432881474,-0.0097467759624123,0.0071917730383574,0.0121964197605848,-0.0156428720802068,-0.0023253485560417,0.0024035605601966,-0.0095349242910742,0.0045993044041097,0.0033159181475639,-0.0019508625846356,0.0045842248946428,0.0113741373643279,0.0161307081580162,0.0125750070437789,0.0012532924301922,0.00805583037436,-0.0009388126200065,0.0090855006128549,-0.0168093610554933,-0.0122800907120108,-0.0172028802335262,0.0123117230832576,-0.0015126891667023,-0.0003584511578083,0.0251055043190717,-0.004756735637784,0.0107674086466431,-0.0059108645655214,0.0123237632215023,0.0040355650708079,-0.0075312429107725,0.014469426125288,0.0073805274441838,-0.0188656821846962,0.0088741406798362,0.0036686102394014,0.0097167287021875,-0.0181268602609634,-0.0022285375744104,0.0018625847296789,0.0115735977888107,-0.0038269953802227,-0.0171617735177278,-0.0035821301862597,0.0,0.0148939173668623,0.0090881176292896,0.0060169240459799,-0.0030358536168932,0.0392349772155284,0.0088307224214077,-0.0345644615590572,0.0128785474225878,-0.0123918345198035,0.0086421249434351,0.0124275423586368,0.0049241678789258,0.0018972611287608,0.0007840241887606,0.0170043855905532,-0.0013709301128983,0.0459132120013237,0.0013728121994063,-0.0293829757720232,0.0010771700181066,-0.0089783780276775,-0.0075320773757994,-0.0122244032099843,-0.0012812661007046,-0.0182373858988285,-0.0026646035257726,0.0005885969148948,0.0060360245406627,-0.0396833755075931,-0.0040326155722141,-0.0273807495832443,-0.0206399746239185,0.0023145494051277,-0.0103458184748888,0.0103563508018851,0.0107164252549409,0.0098965913057327,0.0110068060457706,0.0094222025945782,0.0184778105467557,-0.0256609581410884,-0.008531947620213,-0.0017665455816313,0.0072206067852675,-0.0320615582168102,0.0149268051609396,-0.0031959416810423,-0.0202225092798471,0.0118573475629091,0.0057277721352875,-0.0003233449242543,-0.0004909213166683,0.0288249030709266,0.0133608467876911,0.0075960718095302,0.005816756747663,0.0031375929247587,-0.0040481751784682,0.0063148122280836,-0.0189683437347412,0.0030539149884134,0.0048337560147047,-0.0187568794935941,-0.0018653292208909,-0.0221523605287075,0.0060981879942119,0.0070944540202617,-0.0091895824298262,-0.0092993145808577,0.0226249247789382,0.0084561519324779,0.0176924879216884,0.0229512395346442,0.0121166327211774,0.0163537735287253,0.0144756418085441,0.0076501273421201,0.0266995257941269,0.0371371930917201,0.0794552412819604,0.0336893329299696,0.0885656980475384,-0.0425450205682729,2019-02-15,2019-02-19,2019-02-20,2019-02-21,2019-02-22,2019-02-25,2019-02-26,2019-02-27,2019-02-28,2019-03-01,13788.0,2019-02-14,252.0,5.6771%,0.0007,0.9598,-0.1186,-0.3766,1.0125%,1.5157%,55.3815%,0.057508,ZTS,13788.0,2019-02-15,252.0,2.2625%,0.0007,0.9657,-0.1119,-0.3653,1.0156%,1.5186%,55.2780%,0.013783,ZTS,13788.0,2019-02-19,252.0,-0.4823%,0.0006,0.9521,-0.0982,-0.3487,0.9852%,1.4814%,55.7757%,-0.005338,ZTS,13788.0,2019-02-20,252.0,-0.5479%,0.0005,0.949,-0.112,-0.3615,0.9808%,1.4790%,56.0231%,-0.005254,ZTS,13788.0,2019-02-21,252.0,-0.9747%,0.0004,0.955,-0.1013,-0.3503,0.9791%,1.4798%,56.2254%,-0.007246,ZTS,13788.0,2019-02-22,252.0,1.2196%,0.0004,0.9553,-0.1108,-0.3561,0.9780%,1.4815%,56.4200%,0.0012959999999999,ZTS,13788.0,2019-02-25,252.0,-0.2325%,0.0003,0.9555,-0.108,-0.354,0.9785%,1.4816%,56.3780%,-0.004787,ZTS,13788.0,2019-02-26,252.0,-0.9535%,0.0003,0.9521,-0.0905,-0.3476,0.9790%,1.4749%,55.9466%,-0.009966,ZTS,13788.0,2019-02-27,252.0,0.3316%,0.0003,0.9546,-0.0944,-0.3472,0.9784%,1.4746%,55.9783%,0.002114,ZTS,13788.0,2019-02-28,252.0,0.4584%,0.0004,0.949,-0.098,-0.3528,0.9778%,1.4693%,55.7093%,0.006594,ZTS,13788.0,2019-03-01,252.0,1.6131%,0.0004,0.9498,-0.0968,-0.3551,0.9790%,1.4710%,55.7035%,0.008081,ZTS,0.071291,0.065953,0.0606989999999999,0.0547489999999999,0.0567849999999999
29723,ZOETIS INC,"Zoetis Q4 EPS $0.79 Beats $0.77 Estimate, Sales $1.6B Beat $1.52B Estimate",6,increase,0.8,0.6,"the earnings per share and sales figures both exceeded analyst estimates, which typically signals positive performance and can lead to an increase in stock price.",2,2019-02-14,ZTS,2019-02-14 12:02:00+00:00,13788.0,98978V10,0.0567705631256103,5438161.0,0.0226249247789382,0.0084561519324779,-0.0048233098350465,0.014373542740941,-0.0054789194837212,-0.0064494432881474,-0.0097467759624123,0.0071917730383574,0.0121964197605848,-0.0156428720802068,-0.0023253485560417,0.0024035605601966,-0.0095349242910742,0.0045993044041097,0.0033159181475639,-0.0019508625846356,0.0045842248946428,0.0113741373643279,0.0161307081580162,0.0125750070437789,0.0012532924301922,0.00805583037436,-0.0009388126200065,0.0090855006128549,-0.0168093610554933,-0.0122800907120108,-0.0172028802335262,0.0123117230832576,-0.0015126891667023,-0.0003584511578083,0.0251055043190717,-0.004756735637784,0.0107674086466431,-0.0059108645655214,0.0123237632215023,0.0040355650708079,-0.0075312429107725,0.014469426125288,0.0073805274441838,-0.0188656821846962,0.0088741406798362,0.0036686102394014,0.0097167287021875,-0.0181268602609634,-0.0022285375744104,0.0018625847296789,0.0115735977888107,-0.0038269953802227,-0.0171617735177278,-0.0035821301862597,0.0,0.0148939173668623,0.0090881176292896,0.0060169240459799,-0.0030358536168932,0.0392349772155284,0.0088307224214077,-0.0345644615590572,0.0128785474225878,-0.0123918345198035,0.0086421249434351,0.0124275423586368,0.0049241678789258,0.0018972611287608,0.0007840241887606,0.0170043855905532,-0.0013709301128983,0.0459132120013237,0.0013728121994063,-0.0293829757720232,0.0010771700181066,-0.0089783780276775,-0.0075320773757994,-0.0122244032099843,-0.0012812661007046,-0.0182373858988285,-0.0026646035257726,0.0005885969148948,0.0060360245406627,-0.0396833755075931,-0.0040326155722141,-0.0273807495832443,-0.0206399746239185,0.0023145494051277,-0.0103458184748888,0.0103563508018851,0.0107164252549409,0.0098965913057327,0.0110068060457706,0.0094222025945782,0.0184778105467557,-0.0256609581410884,-0.008531947620213,-0.0017665455816313,0.0072206067852675,-0.0320615582168102,0.0149268051609396,-0.0031959416810423,-0.0202225092798471,0.0118573475629091,0.0057277721352875,-0.0003233449242543,-0.0004909213166683,0.0288249030709266,0.0133608467876911,0.0075960718095302,0.005816756747663,0.0031375929247587,-0.0040481751784682,0.0063148122280836,-0.0189683437347412,0.0030539149884134,0.0048337560147047,-0.0187568794935941,-0.0018653292208909,-0.0221523605287075,0.0060981879942119,0.0070944540202617,-0.0091895824298262,-0.0092993145808577,0.0226249247789382,0.0084561519324779,0.0176924879216884,0.0229512395346442,0.0121166327211774,0.0163537735287253,0.0144756418085441,0.0076501273421201,0.0266995257941269,0.0371371930917201,0.0794552412819604,0.0336893329299696,0.0885656980475384,-0.0425450205682729,2019-02-15,2019-02-19,2019-02-20,2019-02-21,2019-02-22,2019-02-25,2019-02-26,2019-02-27,2019-02-28,2019-03-01,13788.0,2019-02-14,252.0,5.6771%,0.0007,0.9598,-0.1186,-0.3766,1.0125%,1.5157%,55.3815%,0.057508,ZTS,13788.0,2019-02-15,252.0,2.2625%,0.0007,0.9657,-0.1119,-0.3653,1.0156%,1.5186%,55.2780%,0.013783,ZTS,13788.0,2019-02-19,252.0,-0.4823%,0.0006,0.9521,-0.0982,-0.3487,0.9852%,1.4814%,55.7757%,-0.005338,ZTS,13788.0,2019-02-20,252.0,-0.5479%,0.0005,0.949,-0.112,-0.3615,0.9808%,1.4790%,56.0231%,-0.005254,ZTS,13788.0,2019-02-21,252.0,-0.9747%,0.0004,0.955,-0.1013,-0.3503,0.9791%,1.4798%,56.2254%,-0.007246,ZTS,13788.0,2019-02-22,252.0,1.2196%,0.0004,0.9553,-0.1108,-0.3561,0.9780%,1.4815%,56.4200%,0.0012959999999999,ZTS,13788.0,2019-02-25,252.0,-0.2325%,0.0003,0.9555,-0.108,-0.354,0.9785%,1.4816%,56.3780%,-0.004787,ZTS,13788.0,2019-02-26,252.0,-0.9535%,0.0003,0.9521,-0.0905,-0.3476,0.9790%,1.4749%,55.9466%,-0.009966,ZTS,13788.0,2019-02-27,252.0,0.3316%,0.0003,0.9546,-0.0944,-0.3472,0.9784%,1.4746%,55.9783%,0.002114,ZTS,13788.0,2019-02-28,252.0,0.4584%,0.0004,0.949,-0.098,-0.3528,0.9778%,1.4693%,55.7093%,0.006594,ZTS,13788.0,2019-03-01,252.0,1.6131%,0.0004,0.9498,-0.0968,-0.3551,0.9790%,1.4710%,55.7035%,0.008081,ZTS,0.071291,0.065953,0.0606989999999999,0.0547489999999999,0.0567849999999999
29731,ARBOR REALTY TRUST INC,"Arbor Realty Trust Q4 EPS $0.29 Beats $0.28 Estimate, Sales $30.36M Beat $25.9M Estimate",6,increase,0.8,0.6,"the company reported better-than-expected earnings and sales, which typically boosts investor confidence and can lead to an increase in stock price.",2,2019-02-15,ABR,2019-02-15 13:16:00+00:00,90102.0,03892310,0.037099540233612,2202989.0,0.0341463461518287,-0.008361236192286,0.0,-0.0033333301544189,0.0149370739236474,0.0075566880404949,0.0038729815278202,0.0008403554093092,0.0077160787768661,0.0042193448171019,0.0,-0.0058724577538669,0.0,-0.0016750004142522,0.011485387571156,-0.0041701579466462,-0.0046367440372705,0.0067170383408665,-0.000776415283326,-0.004180618096143,0.0046620373614132,0.0101351253688335,-0.0061871553771197,0.0163090601563453,-0.0108949681743979,0.0077853975817561,-0.0031471252441406,0.0078465696424245,0.0086818989366292,0.0168440192937851,0.0015649810666218,0.0062443972565233,-0.0007812678813934,0.0090009346604347,-0.0039093191735446,-0.0194175001233816,0.0094191431999206,-0.0061403242871165,0.006220833864063,0.0044052191078662,-0.0100463032722473,0.0,-0.0070257727056741,0.0,0.0149370739236474,0.0026502374093979,-0.006196741014719,0.0026571950875222,0.0062353797256946,0.0062388316728174,0.0046475925482809,0.0153846219182014,-0.0007710276404395,0.0156250074505806,0.0015431715874001,0.0244821310043335,-0.0007703602313995,0.0270792767405509,0.0077100559137761,0.0157170761376619,0.013006892055273,0.010923596099019,0.0060422904789447,-0.0166015699505806,0.0105105368420481,0.0019568984862416,0.0059435307048261,0.009737079963088,0.0029542068950831,0.0501023232936859,-0.0066274045966565,-0.0180723201483488,0.0022239205427467,-0.0138614196330308,0.0081360694020986,-0.0471698082983493,0.0080704074352979,-0.0230414737015962,-0.0065502296201884,-0.0073192976415157,0.0065934178419411,-0.0462477952241897,-0.0174672324210405,-0.004344065207988,0.0133333560079336,-0.0220900774002075,-0.0058479476720094,0.0103005012497305,0.010294072329998,0.0043102786876261,0.011644821614027,-0.0169491358101368,-0.0057553905062377,-0.0008467594161629,-0.0028943533543497,0.0094017619267106,-0.004354097880423,-0.0159798599779605,-0.0043732081539928,0.0033755241893231,-0.0036603361368179,-0.0318626947700977,0.0044085541740059,-0.0032573258504271,0.0095098838210105,0.003267970867455,-0.0166667029261589,0.0074074203148484,-0.0154753159731626,0.0141903236508369,-0.0291915722191333,0.0084174601361155,-0.0061680739745497,0.0050761778838932,0.0116368979215621,-0.0141784884035587,0.0030674817971885,-0.0090909590944647,0.0084097599610686,0.008333365432918,0.0341463461518287,-0.008361236192286,0.0341463461518287,-0.0116666955859769,0.0495934665721684,-0.0041981691244886,0.0617886348448379,0.0008438204882386,0.0681739104023912,-0.0083612364123077,0.0847733337159584,0.1650293994271641,0.0947329874877065,0.0028391753126257,2019-02-19,2019-02-20,2019-02-21,2019-02-22,2019-02-25,2019-02-26,2019-02-27,2019-02-28,2019-03-01,2019-03-04,90102.0,2019-02-15,252.0,3.7100%,0.002,0.5209,0.4021,0.1974,1.2116%,1.3320%,17.2706%,0.029759,ABR,90102.0,2019-02-19,252.0,3.4146%,0.0021,0.5274,0.4193,0.2163,1.2255%,1.3471%,17.2482%,0.031298,ABR,90102.0,2019-02-20,252.0,0.0000%,0.002,0.5248,0.4086,0.2059,1.2237%,1.3445%,17.1582%,-0.003214,ABR,90102.0,2019-02-21,252.0,1.4937%,0.0021,0.5207,0.4035,0.1981,1.2276%,1.3462%,16.8471%,0.017539,ABR,90102.0,2019-02-22,252.0,0.3873%,0.0021,0.5208,0.4049,0.2004,1.2276%,1.3462%,16.8526%,0.001081,ABR,90102.0,2019-02-25,252.0,0.7716%,0.0022,0.5191,0.4003,0.192,1.2252%,1.3437%,16.8617%,0.008248,ABR,90102.0,2019-02-26,252.0,0.0000%,0.0021,0.5093,0.4073,0.1882,1.2212%,1.3367%,16.5357%,0.003926,ABR,90102.0,2019-02-27,252.0,0.0000%,0.0021,0.505,0.4141,0.1875,1.2198%,1.3342%,16.4102%,-0.001106,ABR,90102.0,2019-02-28,252.0,1.1485%,0.0021,0.501,0.4117,0.1819,1.2217%,1.3339%,16.1143%,0.013337,ABR,90102.0,2019-03-01,252.0,-0.4637%,0.0021,0.5014,0.4124,0.1877,1.2233%,1.3345%,15.9625%,-0.0088,ABR,90102.0,2019-03-04,252.0,-0.0776%,0.002,0.5062,0.396,0.1866,1.2216%,1.3335%,16.0902%,0.0026579999999999,ABR,0.061057,0.057843,0.075382,0.084711,0.094726
29739,ACORDA THERAPEUTICS INC,"Acorda Therapeutics Late Thursday Reported Q4 EPS $0.45 Beats $(0.63) Estimate, Sales $69.152M Beat $52.54M Estimate",6,increase,0.8,0.7,"the company reported better-than-expected earnings and sales, which typically boosts investor confidence and can lead to an increase in stock price.",2,2019-02-15,ACOR,2019-02-15 17:21:00+00:00,91086.0,00484M70,-0.0809768736362457,2578306.0,-0.0482517853379249,0.0090791406109929,-0.0374723933637142,0.0052151186391711,0.0213740244507789,0.0260869804769754,-0.0336322709918022,-0.0092776902019977,0.0378963463008403,-0.0052735609933733,0.0432190708816051,-0.0459119230508804,0.0178571436554193,-0.0173053573817014,0.0343859493732452,-0.0043076733127236,0.023066496476531,-0.0199034940451383,-0.0298408363014459,-0.0030065688770264,-0.0095694009214639,0.0097146239131689,-0.0476190187036991,0.0550928674638271,0.0043477872386574,0.0136363664641976,-0.0252524837851524,-0.0344827696681022,0.0051813246682286,0.0250642281025648,0.0257732234895229,-0.0281074196100235,0.0387652516365051,0.0050219660624861,0.008984113112092,-0.0202951971441507,0.0020547760650515,-0.0373001284897327,-0.0164046324789524,0.0053571523167192,-0.0027797054499387,0.0138804791495204,-0.045993085950613,0.0103658586740493,0.0262966118752956,-0.038123145699501,-0.0654804334044456,-0.0240412186831235,0.0,0.0288574658334255,0.0121858222410082,0.0494437105953693,-0.0188111364841461,-0.0193939208984375,0.0099693341180682,-0.0131578538566827,0.0091116083785891,0.0515723079442977,0.0090293372049927,-0.0197287127375602,-0.011185654439032,0.0410782657563686,-0.0150829413905739,0.0400534309446811,0.00153135554865,0.0087541518732905,0.0145260347053408,-0.0529336668550968,-0.0361718535423278,0.1387073248624802,-0.0218920819461345,0.0641422644257545,0.0223820731043815,-0.0710696876049041,-0.0359656028449535,-0.0471955947577953,-0.0064882338047027,-0.0799245089292526,-0.0269387699663639,-0.0275397673249244,0.0008389453869313,0.0098887421190738,-0.0284995920956134,0.0125156929716467,-0.0388265587389469,-0.0238241460174322,-0.0197486765682697,0.0129951108247041,0.0375457741320133,-0.1508145481348038,-0.0141217876225709,0.0214708298444747,0.0008952756179496,-0.0095693944022059,-0.0143112558871507,0.0140161858871579,0.0127041181549429,-0.107314795255661,-0.0636200755834579,0.0171316880732774,-0.0382774770259857,0.0149031868204474,0.0527362897992134,-0.0326766148209571,0.109640821814537,0.0473074279725551,0.0306644476950168,-0.0202169548720121,-0.0388429947197437,0.0645670071244239,0.0103181330487132,-0.0010487916879355,-0.0110638393089175,0.0274784620851278,-0.0094664078205823,-0.0297961179167032,-0.0573414266109466,-0.032861553132534,0.0258064270019531,0.042699072510004,-0.0482517853379249,0.0090791406109929,-0.0839160688209549,0.014341608045592,-0.0643356684769682,0.0408027177716612,-0.0615384670967413,0.025708658778448,0.0230769213358885,-0.0643414795126813,-0.0622377821518529,-0.0406904366784792,-0.2216783188945681,-0.1797574681278092,2019-02-19,2019-02-20,2019-02-21,2019-02-22,2019-02-25,2019-02-26,2019-02-27,2019-02-28,2019-03-01,2019-03-04,91086.0,2019-02-15,252.0,-8.0977%,-0.0021,1.1933,1.5142,-0.0887,3.4485%,3.7842%,16.9579%,-0.099477,ACOR,91086.0,2019-02-19,252.0,-4.8252%,-0.0022,1.1921,1.4685,-0.1401,3.4590%,3.7940%,16.8803%,-0.054744,ACOR,91086.0,2019-02-20,252.0,-3.7472%,-0.0024,1.1786,1.4278,-0.1908,3.4646%,3.7961%,16.7027%,-0.042298,ACOR,91086.0,2019-02-21,252.0,2.1374%,-0.0023,1.1702,1.4169,-0.2065,3.4691%,3.7973%,16.5385%,0.026196,ACOR,91086.0,2019-02-22,252.0,-3.3632%,-0.0026,1.1789,1.3674,-0.1477,3.4783%,3.7967%,16.0671%,-0.052167,ACOR,91086.0,2019-02-25,252.0,3.7896%,-0.0025,1.1802,1.348,-0.1531,3.4874%,3.8040%,15.9541%,0.039317,ACOR,91086.0,2019-02-26,252.0,4.3219%,-0.0022,1.1834,1.2677,-0.1914,3.5013%,3.8139%,15.7224%,0.05313,ACOR,91086.0,2019-02-27,252.0,1.7857%,-0.0019,1.2072,1.23,-0.1874,3.4867%,3.8047%,16.0173%,0.014054,ACOR,91086.0,2019-02-28,252.0,3.4386%,-0.0017,1.1966,1.224,-0.2043,3.4952%,3.8086%,15.7784%,0.037314,ACOR,91086.0,2019-03-01,252.0,2.3066%,-0.0017,1.1996,1.2285,-0.2051,3.4960%,3.8101%,15.8060%,0.009994,ACOR,91086.0,2019-03-04,252.0,-2.9841%,-0.0019,1.2151,1.1915,-0.2124,3.4927%,3.8107%,15.9963%,-0.017979,ACOR,-0.154221,-0.196519,-0.170323,-0.183173,-0.08666
29747,ACELRX PHARMACEUTICALS INC,"Credit Suisse Initiates Coverage On AcelRx Pharmaceuticals with Outperform Rating, Announces $7 Price Target",6,increase,0.8,0.6,"the initiation of coverage with an 'outperform' rating and a price target of $7 is likely to attract investor interest and confidence, potentially leading to an increase in the stock price.",2,2019-02-15,ACRX,2019-02-15 13:34:00+00:00,12573.0,00444T20,0.1026615872979164,7487260.0,0.0931034386157989,0.0273438170552253,0.0757097825407981,-0.0038910470902919,-0.0439882948994636,0.0239043589681386,-0.0184048898518085,0.0,-0.0187499821186065,0.0371900461614131,0.0063694203272461,-0.0546874478459358,0.0696202591061592,-0.0375940389931201,-0.0059172245673835,0.0431373082101345,0.0892857760190963,0.0282257795333862,0.0464480407536029,0.0081300735473632,-0.0261096358299255,0.0,-0.0321716144680976,0.0207468681037426,0.0415512733161449,-0.0041322275064885,-0.1303191483020782,-0.0358565412461757,-0.06116209551692,-0.0039682500064373,0.0065146517008543,0.0161290168762207,-0.0291261859238147,-0.0197628270834684,0.0099999904632568,0.0079681202769279,0.0231022890657186,0.0120967626571655,0.0225807018578052,0.0553192012012004,0.0757097825407981,0.0,-0.0175953600555658,-0.0368853062391281,-0.0298507194966077,-0.0651340410113334,-0.0276922807097435,-0.0369004197418689,0.0189873222261667,-0.0145454406738281,-0.0124223483726382,0.0036496315151453,0.0188679061830043,-0.0352112352848053,0.0123456669971346,0.036496315151453,0.0609756261110305,0.0538461953401565,0.0114942416548728,0.0483870506286621,-0.0170454382896423,0.0735931098461151,-0.0057803411036729,-0.0128205008804798,-0.0058139478787779,-0.0042553152889013,0.0087719215080142,0.0730592906475067,-0.0086956433951854,0.028168985620141,-0.0087719215080142,-0.0138888750225305,-0.0176991671323776,-0.0484581030905246,0.0150150721892714,-0.0619835071265697,0.0029585768934339,-0.050980344414711,0.0088495491072535,-0.0555555894970893,-0.0146199380978941,-0.0287769511342048,-0.0029673562385141,-0.0313588567078113,0.0059524462558329,-0.0238095819950103,0.0059171537868678,-0.0666666775941848,0.0323529094457626,-0.0568861737847328,0.0541310720145702,-0.0059523754753172,0.0405405014753341,0.0306748170405626,0.020779263228178,0.0155763085931539,-0.0025445267092436,-0.0153374085202813,-0.0127551509067416,-0.0326409190893173,-0.0413436293601989,-0.0203488860279321,-0.0404312908649444,0.0238095726817846,0.028089927509427,-0.0232558604329824,-0.0109290163964033,-0.0702702701091766,-0.0165745709091424,0.019283726811409,-0.0140449302271008,0.0491329692304134,-0.0940170735120773,0.0206489469856023,0.0408804640173912,0.1114754602313042,-0.0332325957715511,0.0409555919468402,-0.0156249850988388,0.0316901952028274,0.0931034386157989,0.0273438170552253,0.1758620622479998,0.0233463738851431,0.1241378950927434,0.0478088129552367,0.0827586257935979,0.0867768710773775,0.3206895901446356,0.0691057198293001,0.2137930695133374,0.0604839099939669,0.0862069106819949,-0.0739435923939906,2019-02-19,2019-02-20,2019-02-21,2019-02-22,2019-02-25,2019-02-26,2019-02-27,2019-02-28,2019-03-01,2019-03-04,12573.0,2019-02-15,251.0,10.2662%,0.0032,-0.1429,2.0645,0.4125,5.1468%,5.2543%,4.0484%,0.09834,ACRX,12573.0,2019-02-19,251.0,9.3103%,0.0035,-0.1272,2.1171,0.4703,5.1732%,5.2847%,4.1764%,0.08605,ACRX,12573.0,2019-02-20,251.0,7.5710%,0.0035,-0.1161,2.1094,0.5014,5.1685%,5.2788%,4.1386%,0.068607,ACRX,12573.0,2019-02-21,251.0,-4.3988%,0.0034,-0.1087,2.1145,0.5153,5.1761%,5.2864%,4.1279%,-0.0418879999999999,ACRX,12573.0,2019-02-22,251.0,-1.8405%,0.0034,-0.1062,2.1385,0.5674,5.1766%,5.2881%,4.1723%,-0.0218529999999999,ACRX,12573.0,2019-02-25,251.0,-1.8750%,0.0034,-0.1079,2.1444,0.564,5.1766%,5.2889%,4.2016%,-0.012109,ACRX,12573.0,2019-02-26,251.0,0.6369%,0.0035,-0.0997,2.111,0.5533,5.1764%,5.2854%,4.0853%,0.021682,ACRX,12573.0,2019-02-27,251.0,6.9620%,0.0035,-0.1269,2.1777,0.5489,5.1754%,5.2917%,4.3460%,0.066263,ACRX,12573.0,2019-02-28,251.0,-0.5917%,0.0035,-0.1257,2.1783,0.5519,5.1757%,5.2920%,4.3455%,-0.005474,ACRX,12573.0,2019-03-01,251.0,8.9286%,0.004,-0.1367,2.1619,0.4966,5.1932%,5.3075%,4.2575%,0.085991,ACRX,12573.0,2019-03-04,251.0,4.6448%,0.0044,-0.1685,2.2239,0.5148,5.1903%,5.3103%,4.4686%,0.052358,ACRX,0.18439,0.252997,0.211109,0.177147,0.397967
29755,ADOBE INC,Cowen & Co. Downgrades Adobe to Market Perform,6,decrease,0.8,0.6,"a downgrade from cowen & co. typically signals reduced expectations for the company's performance, which can lead to a decline in stock price.",0,2019-02-15,ADBE,2019-02-15 12:41:00+00:00,75510.0,00724F10,-0.0026524271816015,2996936.0,-0.0063211200758814,-0.0003458338032942,0.0011248925002291,-0.0043615722097456,-0.0013173046754673,0.0115328775718808,0.0044226571917533,0.0054086172021925,-0.0010814939159899,0.0128477746620774,0.0100533841177821,-0.0023982725106179,0.0064313323237001,-0.0018444439629092,-0.0015214679297059,0.0003140528860967,0.0057524181902408,0.0297518000006675,-0.0221582744270563,-0.0017754919826984,-0.0030213773716241,0.0212222747504711,-0.0038076422642916,0.0184664204716682,-0.0036660968326032,-0.0148025704547762,-0.0028184498660266,-0.0126556064933538,0.02441699616611,0.0098532298579812,0.0097716832533478,-0.0105246054008603,0.003301563905552,0.0052901096642017,0.0125198485329747,-0.01478723436594,-0.0395980663597583,0.012725044041872,0.0026061434764415,0.0101260468363761,0.0103196911513805,-0.001691713463515,-0.0026112555060535,0.0332537665963172,0.0170940272510051,-0.0125868469476699,-0.0169959515333175,-0.0009252690360881,0.0099348705261945,0.0099393092095851,0.0126587385311722,0.0118188075721263,-0.0122369062155485,0.0149175534024834,0.004536107648164,0.0135726248845458,0.0112320855259895,0.0486323870718479,0.0213142093271017,-0.0394977517426013,-0.0030128497164696,-0.0073815332725644,0.0005527691100724,0.0139380656182766,-0.013296446762979,-0.0089277541264891,-0.0016424742061644,0.009822841733694,0.0050850077532231,0.0867127776145935,0.0006695907213725,-0.0174329467117786,0.0096285976469516,-0.0450491234660148,0.0011783170048147,-0.0267082136124372,-0.0001471443392802,-0.0067645185627043,0.0013242694549262,0.0216821189969778,-0.0029020959045737,-0.0374782383441925,-0.0072946269065141,-0.0728797242045402,0.0041565969586372,0.0103033958002924,0.0060612191446125,0.000855982361827,0.0230704192072153,0.0051210620440542,-0.0109159331768751,0.0255882199853658,0.0080232033506035,-0.0503930263221263,0.015486522577703,0.0195671524852514,0.0148248802870512,-0.036981850862503,0.0108687533065676,0.0174179729074239,-0.0203975588083267,0.0072263162583112,-0.0130933169275522,-0.0004815632419195,0.021241495385766,0.0730247870087623,-0.0067231003195047,0.0012501865858212,-0.0232320260256528,0.0283738654106855,-0.0010828248923644,-0.0018585635116323,-0.0035407757386565,0.0284439995884895,0.0097538065165281,0.0001820441830204,-0.0387101359665393,-0.0803717076778411,0.015539682470262,-0.0044175768271088,-0.0063211200758814,-0.0003458338032942,-0.0052033381562187,-0.0047058976339342,-0.0065137884500048,0.0067727073966685,-0.0031991407258913,0.0252227037828003,-0.0049720895471419,0.0497135283819969,0.0490267880509061,0.1583916253839825,0.0478318421262038,0.0841426150122675,2019-02-19,2019-02-20,2019-02-21,2019-02-22,2019-02-25,2019-02-26,2019-02-27,2019-02-28,2019-03-01,2019-03-04,75510.0,2019-02-15,252.0,-0.2652%,0.0004,1.3101,-0.245,-1.5029,1.1242%,2.2376%,74.7591%,-0.009994,ADBE,75510.0,2019-02-19,252.0,-0.6321%,0.0004,1.3081,-0.246,-1.5038,1.1242%,2.2309%,74.6049%,-0.003691,ADBE,75510.0,2019-02-20,252.0,0.1125%,0.0004,1.3105,-0.2387,-1.4949,1.1247%,2.2303%,74.5694%,0.007352,ADBE,75510.0,2019-02-21,252.0,-0.1317%,0.0004,1.3143,-0.231,-1.4878,1.1229%,2.2301%,74.6485%,-0.000174,ADBE,75510.0,2019-02-22,252.0,0.4423%,0.0003,1.3183,-0.2449,-1.4531,1.1331%,2.2299%,74.1793%,-0.024821,ADBE,75510.0,2019-02-25,252.0,-0.1081%,0.0003,1.3179,-0.2421,-1.453,1.1336%,2.2299%,74.1555%,-0.006411,ADBE,75510.0,2019-02-26,252.0,1.0053%,0.0002,1.3098,-0.2419,-1.459,1.1318%,2.2203%,74.0136%,0.005718,ADBE,75510.0,2019-02-27,252.0,0.6431%,0.0003,1.3125,-0.2455,-1.4585,1.1315%,2.2196%,74.0131%,0.003861,ADBE,75510.0,2019-02-28,252.0,-0.1521%,0.0003,1.313,-0.2452,-1.4578,1.1315%,2.2171%,73.9536%,-0.00115,ADBE,75510.0,2019-03-01,252.0,0.5752%,0.0002,1.3172,-0.2388,-1.447,1.1311%,2.2173%,73.9759%,-0.008911,ADBE,75510.0,2019-03-04,252.0,-2.2158%,0.0001,1.3198,-0.2377,-1.4499,1.1331%,2.2199%,73.9477%,-0.010711,ADBE,-0.013685,-0.0063329999999999,-0.0065069999999999,-0.0377389999999999,-0.0489319999999999
29763,AGIOS PHARMACEUTICALS INC,"Leerink Swann Upgrades Agios Pharmaceuticals to Outperform, Announces $80 Target",6,increase,0.8,0.7,"upgrades from analysts, especially with a target price increase, typically signal positive sentiment and can lead to an increase in stock price.",2,2019-02-15,AGIO,2019-02-15 14:35:00+00:00,14044.0,00847X10,0.032567098736763,772315.0,-0.0266487058252096,0.0627429112792015,0.0029457977507263,-0.0138711826875805,-0.0302349682897329,0.0131286811083555,0.0486370846629142,0.0134932762011885,0.0592932030558586,0.0081239426508545,0.0133119784295558,-0.0485349744558334,0.0310224611312151,0.0196114312857389,-0.0041448669508099,0.0049732998013496,0.043163176625967,0.0077965841628611,-0.0025121644139289,0.0050373221747577,-0.0031110974960029,0.0381560586392879,-0.0610789209604263,0.0268496889621019,-0.0022158813662827,-0.0043564597144722,-0.0188769418746233,-0.0329375937581062,0.0404203720390796,0.0055844583548605,0.0024864594452083,-0.0019219388486817,0.02185701392591,-0.0045915758237242,-0.0365594662725925,-0.0647700652480125,0.0236183889210224,-0.0056929318234324,-0.0026150713674724,0.0001779060694389,0.0050894794985651,0.0033922949805855,-0.0139634199440479,0.029974203556776,0.0206970777362585,-0.0047583882696926,-0.0503124818205833,-0.0153181161731481,0.0073847980238497,0.0296901520341634,0.0506772957742214,0.0167924407869577,-0.031851939857006,0.039215687662363,0.025223258882761,0.0869565606117248,0.0305623468011617,0.0217770040035247,-0.0441874749958515,-0.0281481873244047,0.0341297648847103,0.0247234739363193,-0.0009001677972264,0.0178808253258466,-0.0021020930726081,0.0100334621965885,0.02467648871243,-0.0008910874603316,-0.0264316517859697,0.0248858481645584,-0.0268477573990821,0.0250409487634897,-0.0075945118442177,-0.0487533099949359,-0.0327971018850803,-0.0927085503935813,-0.0098498398438096,-0.0070197009481489,-0.0239726230502128,-0.0194689854979515,-0.0021720509976148,-0.0131962029263377,-0.0565974712371826,-0.0323004908859729,-0.0065672509372234,-0.0499553829431533,0.0116133233532309,0.0278745740652084,0.0363829284906387,0.034332275390625,-0.0315269008278846,-0.0084633622318506,0.0058067571371793,-0.0537462271749973,-0.0062981210649013,0.0395929589867591,0.0052816770039498,-0.0485830307006835,-0.020665505900979,-0.1366261541843414,-0.0488197356462478,0.0331292897462844,-0.0317728631198406,-0.0689958333969116,0.0662135928869247,0.0685724318027496,-0.0187579449266195,-0.0436212383210659,-0.0632887855172157,0.0420299619436264,0.0233802311122417,0.0327973812818527,-0.0104550030082464,-0.054567564278841,-0.0279788747429847,-0.0102301836013793,-0.060185220092535,-0.0455197915434837,0.0244164317846298,0.0352311991155147,-0.0266487058252096,0.0627429112792015,-0.0237814097721629,0.0480014102069163,-0.0532973478915493,0.0617602865226298,0.0516106887928631,0.0848289796830978,0.1384719044048803,0.0712686560796005,0.0871984858213912,0.2152380561156246,-0.1932872087662792,-0.1464248344598413,2019-02-19,2019-02-20,2019-02-21,2019-02-22,2019-02-25,2019-02-26,2019-02-27,2019-02-28,2019-03-01,2019-03-04,14044.0,2019-02-15,252.0,3.2567%,-0.0013,1.4138,1.1681,-0.6093,2.6545%,3.2413%,32.9276%,0.01679,AGIO,14044.0,2019-02-19,252.0,-2.6649%,-0.0014,1.4101,1.1465,-0.6333,2.6607%,3.2447%,32.7585%,-0.0309949999999999,AGIO,14044.0,2019-02-20,252.0,0.2946%,-0.0013,1.4124,1.1584,-0.6235,2.6588%,3.2437%,32.8140%,0.001127,AGIO,14044.0,2019-02-21,252.0,-3.0235%,-0.0014,1.4218,1.1723,-0.606,2.6623%,3.2490%,32.8545%,-0.025733,AGIO,14044.0,2019-02-22,252.0,4.8637%,-0.0014,1.4189,1.1582,-0.6539,2.6654%,3.2624%,33.2492%,0.023939,AGIO,14044.0,2019-02-25,252.0,5.9293%,-0.0013,1.423,1.1325,-0.652,2.6819%,3.2744%,32.9121%,0.058899,AGIO,14044.0,2019-02-26,252.0,1.3312%,-0.0012,1.4215,1.1036,-0.6679,2.6853%,3.2745%,32.7511%,0.020585,AGIO,14044.0,2019-02-27,252.0,3.1022%,-0.001,1.4304,1.0959,-0.6663,2.6884%,3.2801%,32.8225%,0.026745,AGIO,14044.0,2019-02-28,252.0,-0.4145%,-0.0011,1.4363,1.0999,-0.6619,2.6876%,3.2795%,32.8431%,-0.001696,AGIO,14044.0,2019-03-01,252.0,4.3163%,-0.001,1.4479,1.1173,-0.6568,2.6927%,3.2904%,33.0303%,0.026895,AGIO,14044.0,2019-03-04,252.0,-0.2512%,-0.001,1.4574,1.074,-0.6566,2.6897%,3.2887%,33.1094%,0.011958,AGIO,-0.0142049999999999,-0.013078,-0.038811,0.044027,0.128514
29771,AMERICAN INTERNATIONAL GROUP INC,Argus Downgrades American International Gr to Hold,6,decrease,0.8,0.6,"a downgrade from argus typically signals reduced confidence in the company's future performance, which can lead to a decrease in stock price.",0,2019-02-15,AIG,2019-02-15 14:19:00+00:00,66800.0,02687478,0.0529982857406139,16385436.0,0.0158318057656288,-0.0903123989701271,0.0069783488288521,0.0079853627830743,-0.0064680664800107,0.0181185267865657,-0.0032550429459661,0.0141342394053936,0.022393349558115,-0.0088723106309771,0.0006844348390586,-0.0187857877463102,-0.0088919149711728,-0.0002290041593369,-0.0062111904844641,-0.0077272760681807,0.0006944161723367,0.0041077202185988,0.0064769554883241,0.0136479334905743,-0.0078142993152141,0.0098107485100626,-0.0155199952423572,0.0130147440358996,-0.0162352621555328,-0.0130780329927802,0.0093278968706727,-0.0083372071385383,0.0146919172257185,0.0055892337113618,0.0053713112138211,0.0028024038765579,0.0171893537044525,-0.0124538950622081,0.0063941325061023,-0.0181159246712923,0.0066285924986004,0.0200969949364662,0.0054495427757501,0.0037097111344337,-0.0094850538298487,0.0160188525915145,-0.0205198712646961,0.010714303702116,0.0109404381364584,0.0081613091751933,-0.0186507329344749,0.005794343072921,-0.0039886948652565,0.0063167717307806,0.0141342394053936,0.0145427696406841,0.0020905958954244,0.0039594122208654,-0.0009272349416278,0.0057242293842136,-0.0009280070080421,0.0369032323360443,0.0215977765619754,-0.0219585802406072,-0.0100023280829191,0.0053285737521946,0.007347869221121,0.0204557459801435,0.0166400633752346,-0.0180524494498968,0.0100897038355469,0.0191759951412677,-0.0039955675601959,0.033752966672182,-0.0053487378172576,-0.0018716495251283,0.0056016133166849,-0.0196592397987842,0.018493715673685,-0.0302490759640932,0.0105009749531745,0.0473908074200153,-0.0084433732554316,0.0026695753913372,0.0205240715295076,-0.0008002825197763,-0.0164741221815347,0.0053633884526789,0.0015227255644276,-0.010350301861763,-0.0008688296074979,0.029789563268423,-0.0004347925714682,-0.0159956868737936,-0.0052196141332387,-0.01029032189399,-0.0120245525613427,-0.0383151061832904,0.0190307740122079,-0.0333578772842884,0.0204126480966806,-0.0558128729462623,0.0123430090025067,-0.001618490088731,-0.0147151723504066,-0.0043738177046179,-0.001493486110121,-0.0198556203395128,0.0066239610314369,0.0204927325248718,0.0,-0.0095780659466981,0.0677138343453407,0.0110675478354096,-0.0067594465799629,-0.011171949096024,0.0174139868468046,0.0185787081718444,0.0159354228526353,-0.0055426759645342,-0.0178156122565269,0.0083838058635592,0.0149841932579875,0.0058561726473271,0.0158318057656288,-0.0903123989701271,0.0229206344577042,-0.0830482134566389,0.0163043157902569,-0.0664343979501637,0.0356805796395751,-0.0616391145115784,0.0281190599329128,-0.0703215613452167,0.0470642092055384,0.0143866616478767,0.2253435585677152,-0.0503283335937377,2019-02-19,2019-02-20,2019-02-21,2019-02-22,2019-02-25,2019-02-26,2019-02-27,2019-02-28,2019-03-01,2019-03-04,66800.0,2019-02-15,252.0,5.2998%,-0.001,1.0128,0.3925,0.8751,1.2820%,1.6155%,37.0223%,0.037186,AIG,66800.0,2019-02-19,252.0,1.5832%,-0.0009,1.0177,0.3956,0.8782,1.2828%,1.6189%,37.2132%,0.0100439999999999,AIG,66800.0,2019-02-20,252.0,0.6978%,-0.0009,1.0175,0.3946,0.8776,1.2828%,1.6194%,37.2540%,-0.000756,AIG,66800.0,2019-02-21,252.0,-0.6468%,-0.001,1.0248,0.4094,0.8908,1.2763%,1.6184%,37.8064%,-0.000509,AIG,66800.0,2019-02-22,252.0,-0.3255%,-0.001,1.0246,0.4066,0.8865,1.2763%,1.6183%,37.8036%,0.0008269999999999,AIG,66800.0,2019-02-25,252.0,2.2393%,-0.0009,1.0246,0.3945,0.8801,1.2855%,1.6250%,37.4178%,0.023409,AIG,66800.0,2019-02-26,252.0,0.0684%,-0.0008,1.0291,0.3783,0.8752,1.2849%,1.6249%,37.4663%,0.007653,AIG,66800.0,2019-02-27,252.0,-0.8892%,-0.0008,1.0404,0.3556,0.877,1.2756%,1.6223%,38.1708%,-0.009587,AIG,66800.0,2019-02-28,252.0,-0.6211%,-0.0008,1.0409,0.356,0.8775,1.2756%,1.6208%,38.0576%,-0.000965,AIG,66800.0,2019-03-01,252.0,0.0694%,-0.0008,1.0409,0.3559,0.8791,1.2758%,1.6183%,37.8483%,-0.004413,AIG,66800.0,2019-03-04,252.0,0.6477%,-0.0007,1.037,0.3592,0.8823,1.2770%,1.6164%,37.5812%,0.009795,AIG,0.0472299999999999,0.0464739999999999,0.0459649999999999,0.0702009999999999,0.0726839999999999
29779,AMERICAN INTERNATIONAL GROUP INC,"Compass Point Upgrades American International Gr to Buy, Raises Price Target to $56",6,increase,0.8,0.7,the upgrade to 'buy' and the raised price target typically indicate positive sentiment and potential for stock price appreciation.,2,2019-02-15,AIG,2019-02-15 12:20:00+00:00,66800.0,02687478,0.0529982857406139,16385436.0,0.0158318057656288,-0.0903123989701271,0.0069783488288521,0.0079853627830743,-0.0064680664800107,0.0181185267865657,-0.0032550429459661,0.0141342394053936,0.022393349558115,-0.0088723106309771,0.0006844348390586,-0.0187857877463102,-0.0088919149711728,-0.0002290041593369,-0.0062111904844641,-0.0077272760681807,0.0006944161723367,0.0041077202185988,0.0064769554883241,0.0136479334905743,-0.0078142993152141,0.0098107485100626,-0.0155199952423572,0.0130147440358996,-0.0162352621555328,-0.0130780329927802,0.0093278968706727,-0.0083372071385383,0.0146919172257185,0.0055892337113618,0.0053713112138211,0.0028024038765579,0.0171893537044525,-0.0124538950622081,0.0063941325061023,-0.0181159246712923,0.0066285924986004,0.0200969949364662,0.0054495427757501,0.0037097111344337,-0.0094850538298487,0.0160188525915145,-0.0205198712646961,0.010714303702116,0.0109404381364584,0.0081613091751933,-0.0186507329344749,0.005794343072921,-0.0039886948652565,0.0063167717307806,0.0141342394053936,0.0145427696406841,0.0020905958954244,0.0039594122208654,-0.0009272349416278,0.0057242293842136,-0.0009280070080421,0.0369032323360443,0.0215977765619754,-0.0219585802406072,-0.0100023280829191,0.0053285737521946,0.007347869221121,0.0204557459801435,0.0166400633752346,-0.0180524494498968,0.0100897038355469,0.0191759951412677,-0.0039955675601959,0.033752966672182,-0.0053487378172576,-0.0018716495251283,0.0056016133166849,-0.0196592397987842,0.018493715673685,-0.0302490759640932,0.0105009749531745,0.0473908074200153,-0.0084433732554316,0.0026695753913372,0.0205240715295076,-0.0008002825197763,-0.0164741221815347,0.0053633884526789,0.0015227255644276,-0.010350301861763,-0.0008688296074979,0.029789563268423,-0.0004347925714682,-0.0159956868737936,-0.0052196141332387,-0.01029032189399,-0.0120245525613427,-0.0383151061832904,0.0190307740122079,-0.0333578772842884,0.0204126480966806,-0.0558128729462623,0.0123430090025067,-0.001618490088731,-0.0147151723504066,-0.0043738177046179,-0.001493486110121,-0.0198556203395128,0.0066239610314369,0.0204927325248718,0.0,-0.0095780659466981,0.0677138343453407,0.0110675478354096,-0.0067594465799629,-0.011171949096024,0.0174139868468046,0.0185787081718444,0.0159354228526353,-0.0055426759645342,-0.0178156122565269,0.0083838058635592,0.0149841932579875,0.0058561726473271,0.0158318057656288,-0.0903123989701271,0.0229206344577042,-0.0830482134566389,0.0163043157902569,-0.0664343979501637,0.0356805796395751,-0.0616391145115784,0.0281190599329128,-0.0703215613452167,0.0470642092055384,0.0143866616478767,0.2253435585677152,-0.0503283335937377,2019-02-19,2019-02-20,2019-02-21,2019-02-22,2019-02-25,2019-02-26,2019-02-27,2019-02-28,2019-03-01,2019-03-04,66800.0,2019-02-15,252.0,5.2998%,-0.001,1.0128,0.3925,0.8751,1.2820%,1.6155%,37.0223%,0.037186,AIG,66800.0,2019-02-19,252.0,1.5832%,-0.0009,1.0177,0.3956,0.8782,1.2828%,1.6189%,37.2132%,0.0100439999999999,AIG,66800.0,2019-02-20,252.0,0.6978%,-0.0009,1.0175,0.3946,0.8776,1.2828%,1.6194%,37.2540%,-0.000756,AIG,66800.0,2019-02-21,252.0,-0.6468%,-0.001,1.0248,0.4094,0.8908,1.2763%,1.6184%,37.8064%,-0.000509,AIG,66800.0,2019-02-22,252.0,-0.3255%,-0.001,1.0246,0.4066,0.8865,1.2763%,1.6183%,37.8036%,0.0008269999999999,AIG,66800.0,2019-02-25,252.0,2.2393%,-0.0009,1.0246,0.3945,0.8801,1.2855%,1.6250%,37.4178%,0.023409,AIG,66800.0,2019-02-26,252.0,0.0684%,-0.0008,1.0291,0.3783,0.8752,1.2849%,1.6249%,37.4663%,0.007653,AIG,66800.0,2019-02-27,252.0,-0.8892%,-0.0008,1.0404,0.3556,0.877,1.2756%,1.6223%,38.1708%,-0.009587,AIG,66800.0,2019-02-28,252.0,-0.6211%,-0.0008,1.0409,0.356,0.8775,1.2756%,1.6208%,38.0576%,-0.000965,AIG,66800.0,2019-03-01,252.0,0.0694%,-0.0008,1.0409,0.3559,0.8791,1.2758%,1.6183%,37.8483%,-0.004413,AIG,66800.0,2019-03-04,252.0,0.6477%,-0.0007,1.037,0.3592,0.8823,1.2770%,1.6164%,37.5812%,0.009795,AIG,0.0472299999999999,0.0464739999999999,0.0459649999999999,0.0702009999999999,0.0726839999999999
29787,APPLIED MATERIALS INC,Applied Materials shares are trading lower after the company issued Q2 EPS and sales guidance below analyst estimates.,6,decrease,0.9,0.8,"the issuance of q2 eps and sales guidance below analyst estimates typically signals weaker performance expectations, which is likely to lead to a decrease in stock price.",0,2019-02-15,AMAT,2019-02-15 14:49:00+00:00,14702.0,03822210,-0.0395480394363403,22391859.0,0.0051151090301573,-0.003427157877013,-0.0025445097126066,0.0039321663789451,-0.0043589272536337,0.0197994261980056,0.015451930463314,0.0030166604556143,0.0058331103064119,-0.0035069989971816,-0.0020170956850051,-0.0089374529197812,-0.0202123038470745,0.0296523477882146,-0.0113460198044776,0.0056554600596427,0.0057381642982363,-0.0104299122467637,0.0134854884818196,0.0058853514492511,-0.0038383193314075,-0.0131312292069196,-0.0220909472554922,0.036649152636528,-0.0131337009370327,-0.0129198962822556,0.0045249396935105,-0.0125031359493732,0.0204026661813259,0.0362241938710212,0.0051934760995209,0.1023024842143059,-0.0028416588902473,-0.00377460103482,0.0085492702201008,-0.0355642810463905,0.0375031866133213,0.0338737145066261,-0.0096558406949043,0.0267539098858833,0.0092499731108546,-0.0032592774368822,-0.0198166780173778,-0.0032486889977008,0.0444781929254531,-0.0264519322663545,-0.0355674140155315,0.0005753872101195,-0.0115403681993484,0.0134110525250434,0.0058375517837703,0.0422363840043544,-0.0176634043455123,-0.0405247658491134,-0.0107886455953121,0.0178041085600853,0.0298624150454998,0.0684844553470611,0.0370650850236415,-0.0579450018703937,-0.0034038266167044,0.022602254524827,0.0351304858922958,0.0111179929226636,0.0044779311865568,0.0263075064867734,0.0098545756191015,0.0296997353434562,-0.002788167912513,0.0569161660969257,-0.0212022345513105,-0.0435499735176563,0.0038086134009063,-0.0190938562154769,0.0071141347289085,-0.0199810042977333,0.0122439470142126,-0.0525840781629085,-0.0065132025629282,0.0186715833842754,0.0236479081213474,0.0006124546052888,0.0038883385714143,-0.0314446054399013,0.0013670852640643,-0.0143275344744324,-0.0036404971033334,0.0052910139784216,0.0009134714491665,-0.0043897489085793,0.0143736535683274,0.0157550182193517,-0.0002248835371574,-0.0302680674940347,0.0047243889421224,-0.0208863019943237,-0.0094043482095003,-0.0758998394012451,-0.0038427209947258,0.0284335147589445,-0.015656879171729,0.0202517192810773,0.007376663852483,-0.0153597332537174,0.005949618294835,0.0308333504945039,-0.01933572627604,-0.0002776540350168,-0.024588294327259,0.0273894183337688,-0.0111771086230874,-0.0039783855900168,-0.0153920920565724,-0.0106234783306717,-0.003419623710215,0.0392214506864547,-0.041911743581295,-0.0276837088167667,0.0235353838652372,0.0108509724959731,0.0051151090301573,-0.003427157877013,0.0025575838729423,0.0004915323469527,-0.0018124917027385,0.0203006906033857,0.0195239395570605,0.0197896036559648,0.0046141602925067,0.0417092418453413,0.0573126792185321,0.2159498055249205,0.028521208259556,0.1690854073228362,2019-02-19,2019-02-20,2019-02-21,2019-02-22,2019-02-25,2019-02-26,2019-02-27,2019-02-28,2019-03-01,2019-03-04,14702.0,2019-02-15,252.0,-3.9548%,-0.0011,1.5217,0.1857,-0.1115,1.9548%,2.5593%,41.6627%,-0.05808,AMAT,14702.0,2019-02-19,252.0,0.5115%,-0.0012,1.5157,0.197,-0.0983,1.9502%,2.5472%,41.3808%,0.00192,AMAT,14702.0,2019-02-20,252.0,-0.2545%,-0.0013,1.5127,0.1818,-0.1112,1.9465%,2.5440%,41.4580%,-0.005417,AMAT,14702.0,2019-02-21,252.0,-0.4359%,-0.0015,1.5275,0.2126,-0.084,1.9278%,2.5358%,42.2029%,0.00101,AMAT,14702.0,2019-02-22,252.0,1.5452%,-0.0014,1.5267,0.2175,-0.0891,1.9280%,2.5374%,42.2686%,0.003019,AMAT,14702.0,2019-02-25,252.0,0.5833%,-0.0014,1.5266,0.2148,-0.0907,1.9282%,2.5378%,42.2681%,0.003848,AMAT,14702.0,2019-02-26,252.0,-0.2017%,-0.0014,1.5289,0.2087,-0.0921,1.9281%,2.5353%,42.1644%,0.001401,AMAT,14702.0,2019-02-27,252.0,-2.0212%,-0.0015,1.521,0.2167,-0.0935,1.9296%,2.5297%,41.8195%,-0.022195,AMAT,14702.0,2019-02-28,252.0,-1.1346%,-0.0016,1.5226,0.2177,-0.091,1.9299%,2.5278%,41.7128%,-0.0070079999999999,AMAT,14702.0,2019-03-01,252.0,0.5738%,-0.0016,1.5327,0.2327,-0.0731,1.9266%,2.5282%,41.9253%,-0.00631,AMAT,14702.0,2019-03-04,252.0,1.3485%,-0.0016,1.5338,0.2074,-0.0685,1.9319%,2.5294%,41.6634%,0.022582,AMAT,-0.05616,-0.061577,-0.060567,-0.0537,-0.06523
29795,AMEDISYS INC,Cannabis REIT Innovative Industrial Properties Joins Small-Cap Index,6,uncertain,0.4,0.2,"the news about innovative industrial properties joining a small-cap index is unrelated to amedisys inc's business operations, making its impact on amedisys inc's stock price uncertain.",1,2019-02-15,AMED,2019-02-15 18:13:00+00:00,80795.0,02343610,-0.0180926583707332,697099.0,-0.0258405823260545,0.01270158495754,-0.0421250686049461,0.0097295446321368,-0.0031468926463276,0.0273360647261142,0.0168100167065858,0.0131184607744216,-0.015135028399527,-0.0280366446822881,-0.0206478275358676,-0.0077685927972197,-0.0130360918119549,-0.0253118518739938,0.0134529266506433,0.0148565480485558,-0.0008045543218031,0.0304675195366144,-0.0256843380630016,0.0109789753332734,0.011486648581922,0.0135229108855128,-0.0352941155433654,0.0147416675463318,0.0032181339338421,0.0072663943283259,-0.0015195028390735,-0.0185271278023719,0.0118363332003355,0.0091527663171291,0.0150401322171092,-0.0024970120284706,0.0063384640961885,0.0273368284106254,0.019386526197195,-0.0187225043773651,-0.0141229508444666,0.001812620088458,0.0117206778377294,0.0030829990282654,0.0178599637001752,0.0119190290570259,-0.0217356942594051,0.0630102381110191,0.020360380411148,-0.0241474043577909,-0.0292184837162494,0.0195431914180517,0.0104404473677277,-0.0282801911234855,-0.0159024354070425,-0.0039305873215198,-0.0192765649408102,0.0181757565587759,0.0037638389039784,0.0498949997127056,0.0270810760557651,0.0314192473888397,-0.0025961357168853,-0.035023495554924,0.0102488566190004,-0.0198958404362201,0.016827730461955,0.0202108174562454,0.0038007420953363,0.0087881181389093,0.0213772915303707,0.0024667321704328,-0.0054062171839177,0.0687317848205566,0.0069110062904655,-0.0070119672454893,-0.0134186623618006,-0.0342212282121181,-0.0062534436583518,-0.0300402902066707,-0.0065287044271826,-0.0409072041511535,0.0183688998222351,0.0082147801294922,-0.0989736914634704,-0.0495814234018325,-0.0021572180557996,-0.0413580872118473,0.0136631084606051,-0.0238758604973554,-0.0274697244167327,0.0294642392545938,0.0864912346005439,-0.0016255725640803,-0.0022606069687753,-0.0085956277325749,0.0189350731670856,-0.0382343716919422,0.0156448632478714,0.0037785768508911,-7.820889732101932e-05,-0.0375097654759883,-0.0004691707727033,0.029210977256298,-0.0621186234056949,0.0031659009400755,0.0061728856526315,0.0133552830666303,-0.0243740864098072,0.0828082114458084,0.0120666055008769,0.0092131858691573,-0.0122585985809564,0.0015515469713136,-0.0120707089081406,0.0220330450683832,0.0031835751142352,0.0255049932748079,-0.0067758238874375,-0.0393817387521266,-0.0283247530460357,-0.0339925847947597,-0.015730507671833,0.0321338288486003,-0.0258405823260545,0.01270158495754,-0.0668771146277239,0.0225547102274201,-0.069813552173822,0.05050733197219,-0.0684921588610326,0.0344492962970865,-0.1116576058348605,0.0577157051843002,-0.0974893471862928,0.208660021338664,-0.1869769557892997,0.1372243500647858,2019-02-19,2019-02-20,2019-02-21,2019-02-22,2019-02-25,2019-02-26,2019-02-27,2019-02-28,2019-03-01,2019-03-04,80795.0,2019-02-15,252.0,-1.8093%,0.0034,1.0842,1.1154,-0.0687,2.0605%,2.4576%,29.7039%,-0.033379,AMED,80795.0,2019-02-19,252.0,-2.5841%,0.0033,1.0837,1.085,-0.1029,2.0676%,2.4640%,29.5889%,-0.031029,AMED,80795.0,2019-02-20,252.0,-4.2125%,0.0031,1.0695,1.051,-0.1542,2.0904%,2.4802%,28.9626%,-0.046105,AMED,80795.0,2019-02-21,252.0,-0.3147%,0.003,1.0751,1.0619,-0.1439,2.0885%,2.4804%,29.1050%,0.001091,AMED,80795.0,2019-02-22,252.0,1.6810%,0.003,1.0758,1.0485,-0.1479,2.0876%,2.4806%,29.1722%,0.001766,AMED,80795.0,2019-02-25,252.0,-1.5135%,0.003,1.0738,1.0551,-0.1518,2.0875%,2.4811%,29.2079%,-0.014389,AMED,80795.0,2019-02-26,252.0,-2.0648%,0.0029,1.0764,1.0745,-0.14,2.0899%,2.4843%,29.2326%,-0.012778,AMED,80795.0,2019-02-27,252.0,-1.3036%,0.0029,1.081,1.0606,-0.1393,2.0921%,2.4862%,29.1895%,-0.016314,AMED,80795.0,2019-02-28,252.0,1.3453%,0.0028,1.0996,1.0738,-0.129,2.0789%,2.4826%,29.8801%,0.016144,AMED,80795.0,2019-03-01,252.0,-0.0805%,0.0027,1.1023,1.0778,-0.1177,2.0802%,2.4824%,29.7793%,-0.012441,AMED,80795.0,2019-03-04,252.0,-2.5684%,0.0028,1.0882,1.1408,-0.1177,2.0715%,2.4779%,30.1115%,-0.0152719999999999,AMED,-0.0644079999999999,-0.110513,-0.109422,-0.122045,-0.162706
29803,AEMETIS INC,"Aemetis Reports Its Universal Biofuels Unit Built Distribution Tanks, Other Infrastructure To Begin Sales Of Biodiesel To Retail Fuel Stations From Kakinada, India Plant",6,increase,0.7,0.6,"the establishment of infrastructure to begin sales of biodiesel indicates growth potential and revenue generation for aemetis, which is likely to positively impact its stock price.",2,2019-02-15,AMTX,2019-02-15 12:50:00+00:00,14689.0,00770K20,-0.03921565040946,57866.0,-0.0805102437734603,-0.0467290356755256,0.0320719443261623,-0.0272727012634277,0.0,0.0476191192865371,0.0286021530628204,-0.0186916813254356,-0.0757892429828643,0.0190477147698402,-0.0046375123783946,-0.0327038690447807,0.03409094363451,-0.0560869351029396,0.0209889560937881,0.0,0.0009687117999419,0.1499999761581421,-0.0215053558349609,-0.0384615026414394,0.0549449995160102,0.01960782520473,-0.0364582985639572,0.0099009806290268,-0.010810799896717,0.0202020015567541,0.0273223780095577,0.0312500335276126,-0.0212765745818615,0.0104199284687638,-0.0228261165320873,-0.0104155717417597,0.0297675151377916,-0.039900004863739,-0.01216403208673,-0.0740741118788719,0.0096227768808603,0.0384616181254386,-0.0275100637227296,0.2023120820522308,-0.0298473965376615,0.0116958953440189,-0.0001148164301412,0.0058823470026254,-0.0011480908142402,-0.0335417278110981,0.0344827249646186,0.1572368144989014,-0.0323333367705345,0.1016089469194412,0.0047078020870685,-0.0144285820424556,0.005714280065149,0.0430635772645473,-0.0113636255264282,-0.0266859382390976,-0.0436781458556652,0.1031999588012695,0.0216346234083175,-0.0219092313200235,-0.0003529997193254,0.0535860955715179,-0.0193009059876203,0.0623576901853084,0.0680427104234695,-0.1972721815109253,-0.0324718728661537,-0.099746860563755,-0.0012774401111528,0.4363636374473572,0.0062790717929601,0.0782199651002883,0.0210307147353887,0.1862790733575821,0.016296973451972,-0.0889830440282821,-0.0423162430524826,-0.142286017537117,0.0,-0.0452810227870941,0.0081825396046042,-0.1145929917693138,-0.0427167639136314,0.084999993443489,-0.019277075305581,-0.0314769297838211,0.0319409854710102,0.0316402912139892,-0.0432833321392536,-0.1584921479225159,-0.0294185765087604,-0.0492939017713069,-0.0150820389389991,-0.0175392907112836,0.067380353808403,0.016768705099821,0.0141853969544172,-0.0341902337968349,-0.0332262329757213,0.0595124326646328,-0.003731369273737,-0.0703886374831199,0.0237203426659107,0.0231865160167217,0.0609756261110305,0.0077487346716225,0.4827585816383362,-0.0424200296401977,-0.0310077238827943,0.0781671553850174,0.0399999618530273,-0.0487179346382618,-0.130769208073616,-0.0394088737666606,-0.0176990982145071,-0.0773776099085807,-0.0270270016044378,-0.0328571572899818,0.0740740001201629,0.0111111672595143,-0.0805102437734603,-0.0467290356755256,-0.0510204195032861,-0.0727273099086467,-0.0510204195032861,-0.0285714010680383,-0.0978571410527547,-0.0285714014275165,-0.0714285649857409,-0.019230749929016,-0.1326530559326357,0.5962441039744397,0.1836734187949062,0.1333333526390328,2019-02-19,2019-02-20,2019-02-21,2019-02-22,2019-02-25,2019-02-26,2019-02-27,2019-02-28,2019-03-01,2019-03-04,14689.0,2019-02-15,252.0,-3.9216%,0.007,2.3944,3.1198,2.4906,10.4885%,10.8260%,6.1384%,-0.08712,AMTX,14689.0,2019-02-19,252.0,-8.0510%,0.0066,2.3783,3.0445,2.4071,10.5099%,10.8397%,5.9925%,-0.1016789999999999,AMTX,14689.0,2019-02-20,252.0,3.2072%,0.0065,2.3774,3.0367,2.4022,10.5096%,10.8394%,5.9928%,0.007516,AMTX,14689.0,2019-02-21,252.0,0.0000%,0.0065,2.3842,3.0528,2.4147,10.5086%,10.8394%,6.0114%,0.016347,AMTX,14689.0,2019-02-22,252.0,2.8602%,0.0069,2.3758,3.1844,2.4334,10.4932%,10.8305%,6.1311%,0.0317099999999999,AMTX,14689.0,2019-02-25,252.0,-7.5789%,0.0067,2.3763,3.2211,2.4544,10.5035%,10.8429%,6.1626%,-0.0667929999999999,AMTX,14689.0,2019-02-26,252.0,-0.4638%,0.0065,2.3305,3.236,2.4277,10.4953%,10.8283%,6.0565%,0.0277789999999999,AMTX,14689.0,2019-02-27,252.0,3.4091%,0.0065,2.3217,3.2581,2.4263,10.4954%,10.8282%,6.0524%,0.028658,AMTX,14689.0,2019-02-28,252.0,2.0989%,0.0064,2.3404,3.2718,2.4335,10.4929%,10.8284%,6.0998%,0.0335,AMTX,14689.0,2019-03-01,252.0,0.0969%,0.0063,2.3403,3.2716,2.4436,10.4938%,10.8256%,6.0364%,-0.015726,AMTX,14689.0,2019-03-04,252.0,-2.1505%,0.0067,2.2879,3.4563,2.4546,10.4686%,10.8048%,6.1256%,-0.0058699999999999,AMTX,-0.188799,-0.181283,-0.164936,-0.200019,-0.1316779999999999
29811,ARISTA NETWORKS INC,Arista Networks shares are trading higher after the company reported strong Q4 results and said it expects Q1 revenue of $588 million to $598 million versus the $590 million analyst estimate.,6,increase,0.8,0.7,the strong q4 results and positive q1 revenue guidance exceeding analyst estimates are likely to boost investor confidence and drive the stock price higher.,2,2019-02-15,ANET,2019-02-15 13:41:00+00:00,14714.0,04041310,0.0962289795279502,4090116.0,0.0213296990841627,0.018527939915657,0.0042288550175726,-0.0085972035303711,-0.0008126522880047,0.0404485762119293,0.0165249574929475,0.0125474790111184,0.0157471243292093,0.027510430663824,0.0044039064086973,-0.0195397660136222,0.0123337665572762,0.002856757491827,0.0044368105009198,0.0256375335156917,0.0045223785564303,-0.009387788362801,-0.0074684671126306,0.0266319084912538,-0.0232770573347806,0.0215943362563848,-0.0096478965133428,0.0185059942305088,0.0041076149791479,-0.041333869099617,-0.0060819718055427,-0.0525388866662979,0.0264068488031625,0.0035769378300756,0.011674977838993,0.0187143087387085,0.0260269157588481,-0.0031392090022563,0.0003417851694393,-0.0391675122082233,0.0141827845945954,0.0499932281672954,0.0082221403717994,-0.0009492257959209,-0.0134358936920762,-0.0072245928458869,0.0110780531540513,0.0337230004370212,0.0555201061069965,-0.0115543520078063,-0.0471715629100799,0.0006423168815672,0.0035647898912429,0.0046554957516491,0.0284499432891607,0.0124603239819407,0.0049386662431061,0.0207698196172714,0.003115669125691,0.0367955602705478,0.0069164386950433,0.0143787330016493,0.0124021945521235,-0.0520066358149051,0.0002198998845415,-0.0007118837093003,0.0104261767119169,0.0240085665136575,-0.0267288461327552,0.0045403148978948,-0.0066741062328219,0.0214941035956144,0.018774501979351,0.0615140870213508,0.0009151421836577,-0.0221049040555954,0.0159525759518146,-0.0204858183860778,-6.202952499734238e-05,-0.0239544473588466,0.0078825000673532,-0.0473383627831935,0.0079133156687021,0.009135453030467,0.0036659503821283,-0.0464588962495327,-0.0015218846965581,-0.0362905114889144,-0.0142055954784154,-0.0141385346651077,0.0130496667698025,0.0125262327492237,-0.0199633948504924,-0.0028289556503295,0.0129882683977484,0.0207917187362909,-0.0218922775238752,-0.0559493228793144,0.0071987947449088,0.037870530039072,-0.0109862331300973,-0.0580589771270752,-0.0144849671050906,0.0226853564381599,-0.0058599924668669,0.0091828452423214,0.0012562477495521,0.003865776117891,-0.1043590232729912,0.0474325343966484,-0.0183183290064334,-0.0072005549445748,-0.0279535483568906,0.0325213894248008,0.0021831088233739,0.0010044800583273,0.0044318973086774,-0.001640990958549,-0.0120031097903847,-0.0162331610918045,-0.0769056379795074,-0.0683878287672996,0.0204182490706443,-0.0197788774967193,0.0213296990841627,0.018527939915657,0.0256487543067307,0.0097714479148325,0.0248152584998542,0.0506152652824458,0.0581548583754005,0.0930633749424549,0.077476722031508,0.1210541050347711,0.2061374151261454,0.1435763300641777,-0.0570941750448565,-0.014004897840384,2019-02-19,2019-02-20,2019-02-21,2019-02-22,2019-02-25,2019-02-26,2019-02-27,2019-02-28,2019-03-01,2019-03-04,14714.0,2019-02-15,252.0,9.6229%,-0.0009,1.392,0.4301,-1.1,2.4371%,3.0924%,37.8891%,0.0856,ANET,14714.0,2019-02-19,252.0,2.1330%,-0.0008,1.3974,0.4419,-1.0871,2.4408%,3.0929%,37.7220%,0.020638,ANET,14714.0,2019-02-20,252.0,0.4229%,-0.0,1.4172,0.5691,-0.9946,2.1259%,2.8505%,44.3787%,0.00648,ANET,14714.0,2019-02-21,252.0,-0.0813%,-0.0,1.4199,0.5752,-0.9896,2.1252%,2.8505%,44.4167%,0.002442,ANET,14714.0,2019-02-22,252.0,1.6525%,0.0001,1.4192,0.631,-0.9471,2.1087%,2.8365%,44.7317%,-0.010515,ANET,14714.0,2019-02-25,252.0,1.5747%,0.0001,1.4219,0.627,-0.9393,2.1053%,2.8330%,44.7754%,0.0134539999999999,ANET,14714.0,2019-02-26,252.0,0.4404%,0.0002,1.43,0.6089,-0.9424,2.1033%,2.8329%,44.8750%,0.0074919999999999,ANET,14714.0,2019-02-27,252.0,1.2334%,0.0,1.4111,0.645,-0.9455,2.0863%,2.8118%,44.9459%,0.008659,ANET,14714.0,2019-02-28,252.0,0.4437%,-0.0,1.4186,0.6504,-0.9415,2.0841%,2.8119%,45.0623%,0.006218,ANET,14714.0,2019-03-01,252.0,0.4522%,-0.0003,1.4507,0.698,-0.8866,2.0542%,2.8005%,46.1946%,-0.011434,ANET,14714.0,2019-03-04,252.0,-0.7468%,-0.0002,1.4444,0.7131,-0.8837,2.0533%,2.7973%,46.1222%,0.006235,ANET,0.106238,0.112718,0.11516,0.118099,0.135269
29819,ASSOCIATED BANC CORP,Associated Banc-corp Receives Regulatory Approval To Acquire Wisconsin Banking Operations Of The Huntington National Bank,6,increase,0.75,0.6,"the acquisition of banking operations typically signals growth potential and market expansion, which can positively influence investor sentiment and stock price.",2,2019-02-15,ASB,2019-02-15 14:53:00+00:00,15318.0,04548710,0.0242397189140319,1020172.0,0.0043029426597058,-0.0026373390574008,0.0141388140618801,-0.0008783687953837,-0.0063371192663908,0.0084145497530698,0.0059523549862205,0.008035727776587,-0.002535903127864,-0.0097259599715471,-0.0152542628347873,0.0148048410192132,0.0107573149725794,0.0127215208485722,-0.0017028131987899,-0.0076645659282803,0.0073024085722863,0.0164986532181501,-0.0119403274729847,0.0078521976247429,-0.0012948074145242,-0.0105118621140718,-0.0237683337181806,-0.0144144864752888,-0.0123948948457837,-0.008928520604968,0.011653977446258,0.0167952310293912,0.0115197263658046,0.0337870121002197,0.0008760603377595,0.000939340039622,0.0061268876306712,-0.0074591999873518,0.0073945228941738,-0.0096952486783266,0.000863577646669,0.0255681332200765,0.012079325504601,0.0085960030555725,-0.0315430425107479,0.0219619702547788,-0.0396126620471477,0.0024461464490741,-0.0036663576029241,0.0024522386956959,-0.0496780090034008,0.0024581728503108,-0.0004840381734538,-0.0058650504797697,0.0213075317442417,-0.0009765848517417,0.0014225076884031,0.012357885017991,0.0080492459237575,-0.0009876769036054,0.002818199340254,0.024279186502099,0.031850129365921,-0.0090225711464881,0.00226959772408,0.0080848829820752,0.0009058178402483,0.0076375524513423,0.010407218709588,0.0118495384231209,0.0022391059901565,-0.0041046650148928,-0.0022341036237776,0.0411325059831142,-0.0165696740150451,-0.0219435784965753,0.0095628872513771,-0.0123838894069194,0.0108254291117191,-0.0015456303954124,0.0178491584956646,-0.0256024207919836,-0.0206049680709838,-0.0230504814535379,0.0152193438261747,-0.0101942224428057,-0.0004409271932672,-0.0148254167288541,-0.0185266900807619,-0.0183098316192627,-0.0058426586911082,0.0240384619683027,0.0248643402010202,-0.0202543716877698,-0.0119100334122777,-0.0184928178787231,-0.0075892894528806,0.0013888323446735,0.0044984426349401,-0.000462759315269,0.0219435635954141,-0.053023625165224,-0.0056967204436659,-0.0151057569310069,-0.0083737559616565,0.0117035275325179,0.0133332991972565,-0.001730891992338,0.0127193387597799,0.0118213864043355,0.0025985043030232,-0.0095402998849749,-0.0099351853132247,0.0105170803144574,-0.0104711940512061,0.0017558826366439,0.0017636247212067,-0.0017528049647808,-0.0004401509359013,-0.0095486640930175,-0.0339057072997093,-0.0090322187170386,0.0113947121426463,-0.0034290580078959,0.0043029426597058,-0.0026373390574008,0.0185025952277704,-0.0035133912964536,0.0120482228086835,0.0048715948507502,0.0154905603815655,0.0030945926223275,0.0042683755124655,0.0480369936083879,-0.0451431635431412,0.1373433406045985,-0.0382082139953813,-0.0202966661775467,2019-02-19,2019-02-20,2019-02-21,2019-02-22,2019-02-25,2019-02-26,2019-02-27,2019-02-28,2019-03-01,2019-03-04,15318.0,2019-02-15,252.0,2.4240%,0.0002,1.0252,0.9025,1.3126,1.0751%,1.5203%,49.9907%,0.004012,ASB,15318.0,2019-02-19,252.0,0.4303%,0.0002,1.024,0.9001,1.31,1.0755%,1.5203%,49.9592%,-0.0043,ASB,15318.0,2019-02-20,252.0,1.4139%,0.0002,1.0251,0.9043,1.3145,1.0753%,1.5229%,50.1407%,0.002908,ASB,15318.0,2019-02-21,252.0,-0.6337%,0.0002,1.0251,0.9044,1.3144,1.0753%,1.5215%,50.0503%,0.0010119999999999,ASB,15318.0,2019-02-22,252.0,0.5952%,0.0002,1.0236,0.8963,1.289,1.0773%,1.5193%,49.7243%,0.0135369999999999,ASB,15318.0,2019-02-25,252.0,-0.2536%,0.0003,1.0222,0.8948,1.2832,1.0748%,1.5160%,49.7393%,0.000479,ASB,15318.0,2019-02-26,252.0,-1.5254%,0.0002,1.0135,0.9088,1.2837,1.0704%,1.5098%,49.7388%,-0.003758,ASB,15318.0,2019-02-27,252.0,1.0757%,0.0002,1.0156,0.9079,1.2841,1.0717%,1.5113%,49.7147%,0.009559,ASB,15318.0,2019-02-28,252.0,-0.1703%,0.0002,1.0179,0.9096,1.2848,1.0714%,1.5106%,49.6927%,0.004374,ASB,15318.0,2019-03-01,252.0,0.7302%,0.0002,1.0249,0.9201,1.2947,1.0693%,1.5104%,49.8845%,0.002385,ASB,15318.0,2019-03-04,252.0,-1.1940%,0.0001,1.0274,0.9195,1.2924,1.0704%,1.5123%,49.9071%,-0.00807,ASB,-0.000288,0.00262,0.003632,0.0176479999999999,0.0221379999999999
29827,AMERICAN AXLE & MFG HLGDS INC,"American Axle shares are trading higher after the company reported Q4 EPS of $0.45, beating the $0.42 analyst estimate and sales of $1.69 billion, beating the $1.68 billion estimate; the company issued FY19 sales guidance above analyst estimates.",6,increase,0.8,0.7,the positive earnings report and sales guidance exceeding analyst estimates are likely to boost investor confidence and drive the stock price higher.,2,2019-02-15,AXL,2019-02-15 15:58:00+00:00,86547.0,02406110,0.1448979675769806,6710809.0,-0.0130718545988202,0.0173010379076004,0.0192654840648174,0.0076708267442882,-0.0242173559963703,0.0235545989125967,0.0175544191151857,0.0189091078937053,-0.0083283400163054,-0.0178571436554193,-0.0065987170673906,-0.0404386669397354,-0.0078501915559172,-0.0188298411667347,-0.0200852043926715,-0.0217105224728584,-0.0012422644067555,0.018766738474369,0.0037313101347535,0.0094722835347056,-0.0247831251472234,0.0130225894972682,-0.0457432866096496,0.0181437712162733,-0.0146471541374921,-0.0069300332106649,-0.0209459736943244,-0.0190346520394086,0.0151829030364751,0.022948533296585,-0.012236594222486,0.0141043588519096,-0.0061940918676555,-0.0234159883111715,-0.0283933412283659,-0.0061601097695529,0.0035638054832816,0.0317796468734741,0.0191761683672666,0.017972681671381,0.0097560547292232,0.0028839195147156,-0.0276052188128233,0.0571646355092525,0.017033340409398,0.0154798617586493,-0.0600139312446117,0.0133333392441272,0.0044543030671775,-0.0062353797256946,0.0155210671946406,0.0094413757324218,0.0080058667808771,0.0358597859740257,0.02454867772758,0.0415959879755973,0.0084567191079258,0.0527256652712822,0.0503144152462482,-0.0132275633513927,0.0079840244725346,0.0216215997934341,0.0151815516874194,-0.0026953937485814,0.0136540988460183,0.0008993011433631,-0.0173188224434852,0.02488474547863,0.0241514295339584,0.048309177160263,-0.0254939217120409,-0.0254236832261085,0.0235447790473699,-0.0380434840917587,-0.0089456485584378,-0.0160428080707788,0.0380399823188781,-0.0183727070689201,-0.0136646125465631,0.0160000268369913,0.0214105285704135,-0.0017746634548529,-0.035141784697771,-0.0217013880610466,0.0172524265944957,0.0,-0.0270100701600313,0.0176679119467735,-0.0032279014121741,-0.0052724443376064,0.0148964058607816,0.004413079470396,-0.0638162121176719,-0.0542570650577545,0.0463531203567981,-0.0236349552869796,-0.0104235047474503,-0.0261904690414667,-0.028966398909688,0.0120482388883829,-0.0325423404574394,0.0213289782404899,0.005606161430478,-0.0193081833422184,-0.0515679940581321,0.0471777953207492,-0.0271858852356672,-0.0141196073964238,-0.0294561479240655,0.0290598422288894,-0.0171206425875425,0.0017122862627729,-0.0348377302289009,0.0183086339384317,-0.0073830354958772,-0.0417710952460765,-0.046281024813652,0.0025126202963292,0.0346620120108127,-0.0516283214092254,-0.0130718545988202,0.0173010379076004,0.005941793859526,0.0251045779161742,-0.0184194566739974,0.0492505050924565,-0.0095068232012305,0.0499999863884019,-0.040998248609674,-0.0054127154972034,-0.1069518822714185,0.2962962649324501,-0.2905526095680026,0.1675932980551167,2019-02-19,2019-02-20,2019-02-21,2019-02-22,2019-02-25,2019-02-26,2019-02-27,2019-02-28,2019-03-01,2019-03-04,86547.0,2019-02-15,252.0,14.4898%,0.0007,1.587,0.188,0.588,2.6835%,3.1099%,25.5450%,0.1254829999999999,AXL,86547.0,2019-02-19,252.0,-1.3072%,0.0007,1.5883,0.1689,0.5664,2.6841%,3.1111%,25.5675%,-0.018497,AXL,86547.0,2019-02-20,252.0,1.9265%,0.0009,1.5953,0.2011,0.5955,2.6742%,3.1049%,25.8179%,0.012661,AXL,86547.0,2019-02-21,252.0,-2.4217%,0.0007,1.6079,0.223,0.6188,2.6723%,3.1080%,26.0746%,-0.016905,AXL,86547.0,2019-02-22,252.0,1.7554%,0.0006,1.6072,0.1903,0.5808,2.6685%,3.1066%,26.2139%,0.014874,AXL,86547.0,2019-02-25,252.0,-0.8328%,0.0006,1.6071,0.195,0.5827,2.6692%,3.1070%,26.1951%,-0.009299,AXL,86547.0,2019-02-26,252.0,-0.6599%,0.0007,1.6226,0.1823,0.5878,2.6645%,3.1073%,26.4725%,-0.000956,AXL,86547.0,2019-02-27,252.0,-0.7850%,0.0007,1.6225,0.1795,0.5878,2.6652%,3.1060%,26.3726%,-0.009051,AXL,86547.0,2019-02-28,252.0,-2.0085%,0.0007,1.6064,0.1679,0.5795,2.6573%,3.0888%,25.9890%,-0.013722,AXL,86547.0,2019-03-01,252.0,-0.1242%,0.0007,1.6024,0.1621,0.5788,2.6583%,3.0855%,25.7756%,-0.011067,AXL,86547.0,2019-03-04,252.0,0.3731%,0.0007,1.6022,0.1543,0.5809,2.6589%,3.0840%,25.6638%,0.010365,AXL,0.1069859999999999,0.1196469999999999,0.1027419999999999,0.1083169999999999,0.0838859999999999
29835,AMERICAN AXLE & MFG HLGDS INC,"American Axle Sees FY19 Adj. EBITDA $1.2B-$1.25B, Sales $7.3B-$7.4B vs $7.24B Estimate",6,increase,0.75,0.6,"the guidance for adjusted ebitda and sales exceeds estimates, which is likely to positively influence investor sentiment and stock price.",2,2019-02-15,AXL,2019-02-15 13:01:00+00:00,86547.0,02406110,0.1448979675769806,6710809.0,-0.0130718545988202,0.0173010379076004,0.0192654840648174,0.0076708267442882,-0.0242173559963703,0.0235545989125967,0.0175544191151857,0.0189091078937053,-0.0083283400163054,-0.0178571436554193,-0.0065987170673906,-0.0404386669397354,-0.0078501915559172,-0.0188298411667347,-0.0200852043926715,-0.0217105224728584,-0.0012422644067555,0.018766738474369,0.0037313101347535,0.0094722835347056,-0.0247831251472234,0.0130225894972682,-0.0457432866096496,0.0181437712162733,-0.0146471541374921,-0.0069300332106649,-0.0209459736943244,-0.0190346520394086,0.0151829030364751,0.022948533296585,-0.012236594222486,0.0141043588519096,-0.0061940918676555,-0.0234159883111715,-0.0283933412283659,-0.0061601097695529,0.0035638054832816,0.0317796468734741,0.0191761683672666,0.017972681671381,0.0097560547292232,0.0028839195147156,-0.0276052188128233,0.0571646355092525,0.017033340409398,0.0154798617586493,-0.0600139312446117,0.0133333392441272,0.0044543030671775,-0.0062353797256946,0.0155210671946406,0.0094413757324218,0.0080058667808771,0.0358597859740257,0.02454867772758,0.0415959879755973,0.0084567191079258,0.0527256652712822,0.0503144152462482,-0.0132275633513927,0.0079840244725346,0.0216215997934341,0.0151815516874194,-0.0026953937485814,0.0136540988460183,0.0008993011433631,-0.0173188224434852,0.02488474547863,0.0241514295339584,0.048309177160263,-0.0254939217120409,-0.0254236832261085,0.0235447790473699,-0.0380434840917587,-0.0089456485584378,-0.0160428080707788,0.0380399823188781,-0.0183727070689201,-0.0136646125465631,0.0160000268369913,0.0214105285704135,-0.0017746634548529,-0.035141784697771,-0.0217013880610466,0.0172524265944957,0.0,-0.0270100701600313,0.0176679119467735,-0.0032279014121741,-0.0052724443376064,0.0148964058607816,0.004413079470396,-0.0638162121176719,-0.0542570650577545,0.0463531203567981,-0.0236349552869796,-0.0104235047474503,-0.0261904690414667,-0.028966398909688,0.0120482388883829,-0.0325423404574394,0.0213289782404899,0.005606161430478,-0.0193081833422184,-0.0515679940581321,0.0471777953207492,-0.0271858852356672,-0.0141196073964238,-0.0294561479240655,0.0290598422288894,-0.0171206425875425,0.0017122862627729,-0.0348377302289009,0.0183086339384317,-0.0073830354958772,-0.0417710952460765,-0.046281024813652,0.0025126202963292,0.0346620120108127,-0.0516283214092254,-0.0130718545988202,0.0173010379076004,0.005941793859526,0.0251045779161742,-0.0184194566739974,0.0492505050924565,-0.0095068232012305,0.0499999863884019,-0.040998248609674,-0.0054127154972034,-0.1069518822714185,0.2962962649324501,-0.2905526095680026,0.1675932980551167,2019-02-19,2019-02-20,2019-02-21,2019-02-22,2019-02-25,2019-02-26,2019-02-27,2019-02-28,2019-03-01,2019-03-04,86547.0,2019-02-15,252.0,14.4898%,0.0007,1.587,0.188,0.588,2.6835%,3.1099%,25.5450%,0.1254829999999999,AXL,86547.0,2019-02-19,252.0,-1.3072%,0.0007,1.5883,0.1689,0.5664,2.6841%,3.1111%,25.5675%,-0.018497,AXL,86547.0,2019-02-20,252.0,1.9265%,0.0009,1.5953,0.2011,0.5955,2.6742%,3.1049%,25.8179%,0.012661,AXL,86547.0,2019-02-21,252.0,-2.4217%,0.0007,1.6079,0.223,0.6188,2.6723%,3.1080%,26.0746%,-0.016905,AXL,86547.0,2019-02-22,252.0,1.7554%,0.0006,1.6072,0.1903,0.5808,2.6685%,3.1066%,26.2139%,0.014874,AXL,86547.0,2019-02-25,252.0,-0.8328%,0.0006,1.6071,0.195,0.5827,2.6692%,3.1070%,26.1951%,-0.009299,AXL,86547.0,2019-02-26,252.0,-0.6599%,0.0007,1.6226,0.1823,0.5878,2.6645%,3.1073%,26.4725%,-0.000956,AXL,86547.0,2019-02-27,252.0,-0.7850%,0.0007,1.6225,0.1795,0.5878,2.6652%,3.1060%,26.3726%,-0.009051,AXL,86547.0,2019-02-28,252.0,-2.0085%,0.0007,1.6064,0.1679,0.5795,2.6573%,3.0888%,25.9890%,-0.013722,AXL,86547.0,2019-03-01,252.0,-0.1242%,0.0007,1.6024,0.1621,0.5788,2.6583%,3.0855%,25.7756%,-0.011067,AXL,86547.0,2019-03-04,252.0,0.3731%,0.0007,1.6022,0.1543,0.5809,2.6589%,3.0840%,25.6638%,0.010365,AXL,0.1069859999999999,0.1196469999999999,0.1027419999999999,0.1083169999999999,0.0838859999999999
29843,AMERICAN AXLE & MFG HLGDS INC,"American Axle & Mfg Q4 EPS $0.45 Beats $0.42 Estimate, Sales $1.69B Beat $1.68B Estimate",6,increase,0.8,0.6,"the company reported better-than-expected earnings per share and sales, which typically signals positive performance and can lead to an increase in stock price.",2,2019-02-15,AXL,2019-02-15 13:00:00+00:00,86547.0,02406110,0.1448979675769806,6710809.0,-0.0130718545988202,0.0173010379076004,0.0192654840648174,0.0076708267442882,-0.0242173559963703,0.0235545989125967,0.0175544191151857,0.0189091078937053,-0.0083283400163054,-0.0178571436554193,-0.0065987170673906,-0.0404386669397354,-0.0078501915559172,-0.0188298411667347,-0.0200852043926715,-0.0217105224728584,-0.0012422644067555,0.018766738474369,0.0037313101347535,0.0094722835347056,-0.0247831251472234,0.0130225894972682,-0.0457432866096496,0.0181437712162733,-0.0146471541374921,-0.0069300332106649,-0.0209459736943244,-0.0190346520394086,0.0151829030364751,0.022948533296585,-0.012236594222486,0.0141043588519096,-0.0061940918676555,-0.0234159883111715,-0.0283933412283659,-0.0061601097695529,0.0035638054832816,0.0317796468734741,0.0191761683672666,0.017972681671381,0.0097560547292232,0.0028839195147156,-0.0276052188128233,0.0571646355092525,0.017033340409398,0.0154798617586493,-0.0600139312446117,0.0133333392441272,0.0044543030671775,-0.0062353797256946,0.0155210671946406,0.0094413757324218,0.0080058667808771,0.0358597859740257,0.02454867772758,0.0415959879755973,0.0084567191079258,0.0527256652712822,0.0503144152462482,-0.0132275633513927,0.0079840244725346,0.0216215997934341,0.0151815516874194,-0.0026953937485814,0.0136540988460183,0.0008993011433631,-0.0173188224434852,0.02488474547863,0.0241514295339584,0.048309177160263,-0.0254939217120409,-0.0254236832261085,0.0235447790473699,-0.0380434840917587,-0.0089456485584378,-0.0160428080707788,0.0380399823188781,-0.0183727070689201,-0.0136646125465631,0.0160000268369913,0.0214105285704135,-0.0017746634548529,-0.035141784697771,-0.0217013880610466,0.0172524265944957,0.0,-0.0270100701600313,0.0176679119467735,-0.0032279014121741,-0.0052724443376064,0.0148964058607816,0.004413079470396,-0.0638162121176719,-0.0542570650577545,0.0463531203567981,-0.0236349552869796,-0.0104235047474503,-0.0261904690414667,-0.028966398909688,0.0120482388883829,-0.0325423404574394,0.0213289782404899,0.005606161430478,-0.0193081833422184,-0.0515679940581321,0.0471777953207492,-0.0271858852356672,-0.0141196073964238,-0.0294561479240655,0.0290598422288894,-0.0171206425875425,0.0017122862627729,-0.0348377302289009,0.0183086339384317,-0.0073830354958772,-0.0417710952460765,-0.046281024813652,0.0025126202963292,0.0346620120108127,-0.0516283214092254,-0.0130718545988202,0.0173010379076004,0.005941793859526,0.0251045779161742,-0.0184194566739974,0.0492505050924565,-0.0095068232012305,0.0499999863884019,-0.040998248609674,-0.0054127154972034,-0.1069518822714185,0.2962962649324501,-0.2905526095680026,0.1675932980551167,2019-02-19,2019-02-20,2019-02-21,2019-02-22,2019-02-25,2019-02-26,2019-02-27,2019-02-28,2019-03-01,2019-03-04,86547.0,2019-02-15,252.0,14.4898%,0.0007,1.587,0.188,0.588,2.6835%,3.1099%,25.5450%,0.1254829999999999,AXL,86547.0,2019-02-19,252.0,-1.3072%,0.0007,1.5883,0.1689,0.5664,2.6841%,3.1111%,25.5675%,-0.018497,AXL,86547.0,2019-02-20,252.0,1.9265%,0.0009,1.5953,0.2011,0.5955,2.6742%,3.1049%,25.8179%,0.012661,AXL,86547.0,2019-02-21,252.0,-2.4217%,0.0007,1.6079,0.223,0.6188,2.6723%,3.1080%,26.0746%,-0.016905,AXL,86547.0,2019-02-22,252.0,1.7554%,0.0006,1.6072,0.1903,0.5808,2.6685%,3.1066%,26.2139%,0.014874,AXL,86547.0,2019-02-25,252.0,-0.8328%,0.0006,1.6071,0.195,0.5827,2.6692%,3.1070%,26.1951%,-0.009299,AXL,86547.0,2019-02-26,252.0,-0.6599%,0.0007,1.6226,0.1823,0.5878,2.6645%,3.1073%,26.4725%,-0.000956,AXL,86547.0,2019-02-27,252.0,-0.7850%,0.0007,1.6225,0.1795,0.5878,2.6652%,3.1060%,26.3726%,-0.009051,AXL,86547.0,2019-02-28,252.0,-2.0085%,0.0007,1.6064,0.1679,0.5795,2.6573%,3.0888%,25.9890%,-0.013722,AXL,86547.0,2019-03-01,252.0,-0.1242%,0.0007,1.6024,0.1621,0.5788,2.6583%,3.0855%,25.7756%,-0.011067,AXL,86547.0,2019-03-04,252.0,0.3731%,0.0007,1.6022,0.1543,0.5809,2.6589%,3.0840%,25.6638%,0.010365,AXL,0.1069859999999999,0.1196469999999999,0.1027419999999999,0.1083169999999999,0.0838859999999999
29851,BARNES GROUP INC,"UBS Downgrades Barnes Group to Neutral, Lowers Price Target to $65",6,decrease,0.8,0.7,"a downgrade from ubs typically signals reduced expectations for the company's performance, which can lead to a decline in stock price.",0,2019-02-15,B,2019-02-15 12:27:00+00:00,39693.0,06780610,0.0087908236309885,272152.0,0.0088786734268069,-0.0070816911756992,0.0006519053713418,0.0069652069360017,-0.0013029613764956,0.0227272752672433,-0.0076647270470857,0.0020394108723849,-0.0138408336788415,-0.0013577396748587,-0.0238930713385343,-0.0186542756855487,0.0032523528207093,0.0016683732392266,-0.0092134606093168,0.0005007307627238,0.0043051489628851,0.0082464106380939,-0.0005143823800608,0.0057548466138541,-0.0089209200814366,0.0068166586570441,-0.0107321953400969,0.0205217450857162,-0.0141732515767216,0.0093031199648976,-0.0108271315693855,-0.0174197703599929,0.0141755053773522,0.0189806316047906,-0.0046001793816685,0.0085076810792088,-0.0060433731414377,-0.0101754702627658,-0.011087249033153,-0.0201134290546178,-0.0048824674449861,0.0144750261679291,0.0050881807692348,0.025576826184988,-0.0084975808858871,0.0032298637088388,-0.0107585731893777,-0.0023272656835615,0.0071889287792146,-0.0104517294093966,-0.0565519817173481,0.0010640427935868,-0.000775963475462,0.008044347167015,0.0071831247769296,0.0104768425226211,-0.0092521114274859,0.0191458202898502,0.0027237234171479,0.0007369365775957,-0.0025223335251212,0.0339047387242317,0.0248978566378355,-0.0326147116720676,-0.0017081069527193,0.0121223712339997,0.0039924508891999,0.0122710531577467,0.0134444059804081,0.0020809802226722,0.0087817870080471,0.0136145558208227,-0.0018522371537983,0.0492957904934883,-0.0159584451466798,-0.028348010033369,0.011691546998918,-0.0332639999687671,-0.0137931341305375,-0.0018864078447222,0.0102060278877615,-0.0426223687827587,-0.0016838194569572,0.013174700550735,0.0138680255040526,-0.014071780256927,-0.0027726010885089,-0.0129985669627785,-0.0001853964058682,-0.001777434721589,-0.0090841278433799,0.014790759421885,0.0149672450497746,0.0059879878535866,-0.0007373440894298,0.0111926719546318,-0.02508763410151,-0.0218952111899852,0.0264900960028171,-0.0049999780021607,0.0318893939256668,-0.0654205307364463,-0.0064308792352676,-0.0021648805122822,0.0197771005332469,0.0266711842268705,-0.0021157041192054,-0.0134929874911904,0.0217315088957548,0.028804438188672,0.0010374814737588,-0.0178936477750539,-0.026602191850543,0.0042669423855841,-0.0078083164989948,0.0011961670825257,0.0107315052300691,0.0122815957292914,-0.0007077880436554,-0.0231496952474117,-0.0270940773189067,-0.0187365449965,0.0047324742190539,0.0158329531550407,0.0088786734268069,-0.0070816911756992,0.0095363668530461,-0.0001658096841931,0.0082209799588688,0.0225576971807155,-0.0133544192059132,0.023251913859621,-0.0390714572789191,0.0204806885428823,-0.1313892135436321,0.1109268594233707,-0.0900110546692904,0.0182649915412911,2019-02-19,2019-02-20,2019-02-21,2019-02-22,2019-02-25,2019-02-26,2019-02-27,2019-02-28,2019-03-01,2019-03-04,39693.0,2019-02-15,252.0,0.8791%,0.0,1.1443,0.8043,0.4457,1.3113%,1.7770%,45.5464%,-0.008353,B,39693.0,2019-02-19,252.0,0.8879%,-0.0,1.1379,0.816,0.4594,1.3037%,1.7662%,45.5113%,0.0029349999999999,B,39693.0,2019-02-20,252.0,0.0652%,-0.0001,1.135,0.804,0.4478,1.3017%,1.7630%,45.4842%,-0.005932,B,39693.0,2019-02-21,252.0,-0.1303%,0.0,1.1218,0.7781,0.4235,1.2843%,1.7401%,45.5265%,0.004389,B,39693.0,2019-02-22,252.0,-0.7665%,-0.0001,1.1252,0.7347,0.4252,1.2730%,1.7291%,45.8018%,-0.01311,B,39693.0,2019-02-25,252.0,-1.3841%,-0.0003,1.1277,0.7435,0.4391,1.2686%,1.7269%,46.0333%,-0.012953,B,39693.0,2019-02-26,252.0,-2.3893%,-0.0002,1.1435,0.7502,0.4542,1.2657%,1.7329%,46.6533%,-0.015981,B,39693.0,2019-02-27,252.0,0.3252%,-0.0002,1.1485,0.7417,0.4551,1.2637%,1.7329%,46.8212%,0.001243,B,39693.0,2019-02-28,252.0,-0.9213%,-0.0002,1.1459,0.7398,0.4543,1.2634%,1.7283%,46.5623%,-0.004764,B,39693.0,2019-03-01,252.0,0.4305%,-0.0002,1.1379,0.7279,0.4439,1.2615%,1.7188%,46.1334%,-0.004364,B,39693.0,2019-03-04,252.0,-0.0514%,-0.0001,1.1309,0.7454,0.447,1.2593%,1.7143%,46.0331%,0.006494,B,-0.005418,-0.01135,-0.006961,-0.033024,-0.0503959999999999
29859,BIO RAD LABORATORIES INC,Bio-Rad Releases First FDA-Cleared Digital PCR System and Test for Monitoring Chronic Myeloid Leukemia Treatment Response,6,increase,0.8,0.7,"the release of an fda-cleared digital pcr system and test for monitoring chronic myeloid leukemia treatment response is likely to enhance bio-rad's market position and revenue potential, positively impacting investor sentiment.",2,2019-02-15,BIO,2019-02-15 09:40:00+00:00,61516.0,09057220,0.0341212712228298,268873.0,-0.0010357282590121,-0.0014133278746157,0.0099236937239766,0.0142967933788895,0.0058664153330028,0.0204404909163713,-0.0002915600198321,0.0163953639566898,0.003500296967104,0.0033060812857002,-0.0085386456921696,-0.0184804052114486,0.0041045006364583,0.0101938964799046,-0.0112777706235647,-0.002193869324401,0.1716870069503784,-0.0016724999295547,-0.0145552912726998,0.0050026015378534,-0.0015026094624772,0.0199608113616704,-0.0114946085959672,0.0237358659505844,-0.0198555514216423,0.0051665296778082,0.0041638440452516,-0.0093212528154253,0.0145132755860686,0.0136668076738715,0.0019463655771687,-8.430981688434258e-05,0.0017807437106966,0.0066660665906965,0.0079179806634783,-0.0172334220260381,-0.004937982186675,0.0076101478189229,0.0107628237456083,0.0054108845070004,0.0014345702948048,-0.0056326035410165,-0.0108238700777292,0.0064728977158665,0.0156089281663298,-0.0209179148077964,-0.0316253453493118,0.0022834020201116,0.0052357935346663,0.0147449132055044,0.0016276570968329,0.0078121526166796,-0.0171275921165943,0.0079599460586905,0.0043978127650916,0.032658651471138,0.0063538854010403,0.008827444165945,0.0056268032640218,-0.0165731273591518,0.0056604449637234,-0.0178279187530279,-0.0105454148724675,0.0111469021067023,-0.0002615963458083,-0.0009570263209752,0.0091890050098299,0.010772599838674,0.0039856485091149,0.0333029814064502,-0.0126516362652182,-0.0237302761524915,0.0054916078224778,-0.0241949297487735,-0.0052665639668703,-0.0165581218898296,0.0083338376134634,-0.0209210440516471,-0.0058017326518893,-0.0126327350735664,-0.0172784384340047,-0.0193689092993736,-0.031880360096693,-0.0098289577290415,0.0078813638538122,-0.0156145570799708,-0.0021759583614766,0.008688417263329,0.0056220805272459,0.0014302765484899,-0.004608036018908,-0.0176794826984405,0.0174279902130365,-0.0256673507392406,0.0097022214904427,-0.0128377741202712,-0.0084824310615658,-0.0398270599544048,0.0056476490572094,0.010894195176661,-0.012793693691492,-0.0031236954964697,0.0172345023602247,0.0020746400114148,0.0203837621957063,0.0176679342985153,-0.006680495571345,-0.0095747653394937,-0.0281096491962671,-0.0016481548082083,-0.0039638304151594,0.0144152352586388,0.0430676490068435,0.0165420528501272,0.0058846590109169,-0.0134506337344646,-0.0476374365389347,-0.0281710475683212,-0.0145470416173338,0.0107972044497728,-0.0010357282590121,-0.0014133278746157,0.0088776872149407,0.0128632594476738,0.0147961827483429,0.0335666817019402,0.01805136110703,0.0539854629538405,0.1570245331677664,0.0462241091290671,0.1370866270434616,0.1461768300646333,0.0800103809534895,-0.0431885953194445,2019-02-19,2019-02-20,2019-02-21,2019-02-22,2019-02-25,2019-02-26,2019-02-27,2019-02-28,2019-03-01,2019-03-04,61516.0,2019-02-15,252.0,3.4121%,0.0001,0.9087,0.1713,-0.2449,1.2343%,1.6181%,41.8129%,0.024316,BIO,61516.0,2019-02-19,252.0,-0.1036%,0.0002,0.9135,0.1622,-0.2556,1.2298%,1.6178%,42.2191%,-0.002624,BIO,61516.0,2019-02-20,252.0,0.9924%,0.0002,0.9152,0.1624,-0.2505,1.2300%,1.6181%,42.2158%,0.009137,BIO,61516.0,2019-02-21,252.0,0.5866%,0.0002,0.9182,0.1704,-0.245,1.2281%,1.6176%,42.3660%,0.00869,BIO,61516.0,2019-02-22,252.0,-0.0292%,0.0002,0.9188,0.1937,-0.2164,1.2241%,1.6115%,42.2987%,-0.010899,BIO,61516.0,2019-02-25,252.0,0.3500%,0.0002,0.9198,0.1938,-0.2126,1.2229%,1.6104%,42.3372%,0.002136,BIO,61516.0,2019-02-26,252.0,-0.8539%,0.0001,0.9145,0.2083,-0.2092,1.2216%,1.6039%,41.9931%,-0.006629,BIO,61516.0,2019-02-27,252.0,0.4105%,0.0001,0.9126,0.2125,-0.2095,1.2214%,1.6018%,41.8617%,0.002535,BIO,61516.0,2019-02-28,252.0,-1.1278%,0.0001,0.9127,0.2123,-0.2073,1.2226%,1.6006%,41.6582%,-0.009115,BIO,61516.0,2019-03-01,252.0,17.1687%,0.0004,0.9922,0.3308,-0.1599,1.5280%,1.8900%,34.6360%,0.163581,BIO,61516.0,2019-03-04,252.0,-1.4555%,0.0004,0.9879,0.3525,-0.1604,1.5271%,1.8882%,34.5898%,-0.007539,BIO,0.021692,0.030829,0.039519,0.030756,0.173589
29867,BIO RAD LABORATORIES INC,Bio-Rad Releases First FDA-Cleared Digital PCR System and Test for Monitoring Chronic Myeloid Leukemia Treatment Response,6,increase,0.8,0.7,"the release of an fda-cleared digital pcr system and test for monitoring chronic myeloid leukemia treatment response is likely to enhance bio-rad's market position and revenue potential, positively impacting investor sentiment.",2,2019-02-15,BIO,2019-02-15 09:40:00+00:00,61516.0,09057220,0.0341212712228298,268873.0,-0.0010357282590121,-0.0014133278746157,0.0099236937239766,0.0142967933788895,0.0058664153330028,0.0204404909163713,-0.0002915600198321,0.0163953639566898,0.003500296967104,0.0033060812857002,-0.0085386456921696,-0.0184804052114486,0.0041045006364583,0.0101938964799046,-0.0112777706235647,-0.002193869324401,0.1716870069503784,-0.0016724999295547,-0.0145552912726998,0.0050026015378534,-0.0015026094624772,0.0199608113616704,-0.0114946085959672,0.0237358659505844,-0.0198555514216423,0.0051665296778082,0.0041638440452516,-0.0093212528154253,0.0145132755860686,0.0136668076738715,0.0019463655771687,-8.430981688434258e-05,0.0017807437106966,0.0066660665906965,0.0079179806634783,-0.0172334220260381,-0.004937982186675,0.0076101478189229,0.0107628237456083,0.0054108845070004,0.0014345702948048,-0.0056326035410165,-0.0108238700777292,0.0064728977158665,0.0156089281663298,-0.0209179148077964,-0.0316253453493118,0.0022834020201116,0.0052357935346663,0.0147449132055044,0.0016276570968329,0.0078121526166796,-0.0171275921165943,0.0079599460586905,0.0043978127650916,0.032658651471138,0.0063538854010403,0.008827444165945,0.0056268032640218,-0.0165731273591518,0.0056604449637234,-0.0178279187530279,-0.0105454148724675,0.0111469021067023,-0.0002615963458083,-0.0009570263209752,0.0091890050098299,0.010772599838674,0.0039856485091149,0.0333029814064502,-0.0126516362652182,-0.0237302761524915,0.0054916078224778,-0.0241949297487735,-0.0052665639668703,-0.0165581218898296,0.0083338376134634,-0.0209210440516471,-0.0058017326518893,-0.0126327350735664,-0.0172784384340047,-0.0193689092993736,-0.031880360096693,-0.0098289577290415,0.0078813638538122,-0.0156145570799708,-0.0021759583614766,0.008688417263329,0.0056220805272459,0.0014302765484899,-0.004608036018908,-0.0176794826984405,0.0174279902130365,-0.0256673507392406,0.0097022214904427,-0.0128377741202712,-0.0084824310615658,-0.0398270599544048,0.0056476490572094,0.010894195176661,-0.012793693691492,-0.0031236954964697,0.0172345023602247,0.0020746400114148,0.0203837621957063,0.0176679342985153,-0.006680495571345,-0.0095747653394937,-0.0281096491962671,-0.0016481548082083,-0.0039638304151594,0.0144152352586388,0.0430676490068435,0.0165420528501272,0.0058846590109169,-0.0134506337344646,-0.0476374365389347,-0.0281710475683212,-0.0145470416173338,0.0107972044497728,-0.0010357282590121,-0.0014133278746157,0.0088776872149407,0.0128632594476738,0.0147961827483429,0.0335666817019402,0.01805136110703,0.0539854629538405,0.1570245331677664,0.0462241091290671,0.1370866270434616,0.1461768300646333,0.0800103809534895,-0.0431885953194445,2019-02-19,2019-02-20,2019-02-21,2019-02-22,2019-02-25,2019-02-26,2019-02-27,2019-02-28,2019-03-01,2019-03-04,61516.0,2019-02-15,252.0,3.4121%,0.0001,0.9087,0.1713,-0.2449,1.2343%,1.6181%,41.8129%,0.024316,BIO,61516.0,2019-02-19,252.0,-0.1036%,0.0002,0.9135,0.1622,-0.2556,1.2298%,1.6178%,42.2191%,-0.002624,BIO,61516.0,2019-02-20,252.0,0.9924%,0.0002,0.9152,0.1624,-0.2505,1.2300%,1.6181%,42.2158%,0.009137,BIO,61516.0,2019-02-21,252.0,0.5866%,0.0002,0.9182,0.1704,-0.245,1.2281%,1.6176%,42.3660%,0.00869,BIO,61516.0,2019-02-22,252.0,-0.0292%,0.0002,0.9188,0.1937,-0.2164,1.2241%,1.6115%,42.2987%,-0.010899,BIO,61516.0,2019-02-25,252.0,0.3500%,0.0002,0.9198,0.1938,-0.2126,1.2229%,1.6104%,42.3372%,0.002136,BIO,61516.0,2019-02-26,252.0,-0.8539%,0.0001,0.9145,0.2083,-0.2092,1.2216%,1.6039%,41.9931%,-0.006629,BIO,61516.0,2019-02-27,252.0,0.4105%,0.0001,0.9126,0.2125,-0.2095,1.2214%,1.6018%,41.8617%,0.002535,BIO,61516.0,2019-02-28,252.0,-1.1278%,0.0001,0.9127,0.2123,-0.2073,1.2226%,1.6006%,41.6582%,-0.009115,BIO,61516.0,2019-03-01,252.0,17.1687%,0.0004,0.9922,0.3308,-0.1599,1.5280%,1.8900%,34.6360%,0.163581,BIO,61516.0,2019-03-04,252.0,-1.4555%,0.0004,0.9879,0.3525,-0.1604,1.5271%,1.8882%,34.5898%,-0.007539,BIO,0.021692,0.030829,0.039519,0.030756,0.173589
29875,CYMABAY THERAPEUTICS INC,CymaBay shares are trading higher after the company's Seladelpar was granted breakthrough therapy designation by the FDA for the treatment of Primary Biliary Cholangitis.,6,increase,0.8,0.7,"the fda granting breakthrough therapy designation typically signals a positive outlook for a drug's development, which can lead to increased investor confidence and a rise in stock price.",2,2019-02-15,CBAY,2019-02-15 13:39:00+00:00,14691.0,23257D10,0.0184236783534288,2625616.0,0.0341708697378635,0.0262605026364326,-0.031098123639822,0.0042195059359073,0.0210631936788559,0.0533332824707031,0.1139489039778709,-0.0291262622922658,-0.0097002303227782,0.0231788102537393,-0.0169189311563968,-0.0076669980771839,0.0398550331592559,-0.0054466435685753,0.0287457220256328,0.029148006811738,0.0745130479335784,0.042056031525135,0.0575256533920764,-0.0160918850451707,-0.0104322163388133,0.001150774420239,-0.0519578009843826,0.0308421421796083,0.0500397235155105,-0.0082352580502629,-0.0650529935956001,-0.0318906307220459,0.0315534248948097,0.0565582774579525,0.0486274436116218,-0.0154027445241808,-0.005983539391309,-0.0527497492730617,-0.0218209158629179,-0.0022396929562091,-0.0115384319797158,-0.0240436419844627,0.0389105044305324,-0.0054348036646842,-0.0037453325930982,-0.0315789692103862,-0.0263158176094293,0.0031678704544901,-0.0023165817838162,-0.0083769550547003,-0.0766253694891929,-0.0205128006637096,0.0075440192595124,-0.0030674573499709,0.039933405816555,0.010330518707633,0.0344000235199928,0.0114943170920014,0.0131477238610386,0.0962199568748474,0.0137404082342982,0.0698529034852981,0.0233434047549963,-0.0121065834537148,-0.0206033643335104,0.0495553165674209,0.0165288727730512,0.0063938251696527,-0.0066518960520625,0.0169050861150026,0.0163690671324729,0.0785413682460784,-0.0117130195721983,0.0754147768020629,-0.03999999538064,0.0137614915147423,0.0138889122754335,-0.0238805748522281,-0.0038051893934607,-0.0871935039758682,-0.0450725853443145,-0.0239361468702554,-0.0240000151097774,-0.0693069249391555,0.027868865057826,-0.0669745877385139,-0.0342902950942516,0.001156095881015,-0.0033030521590262,-0.0125571470707655,-0.0016569597646594,0.0034365048632025,0.0348547771573066,-0.0022857666481286,0.0200481154024601,0.0174418147653341,0.0172955431044101,-0.0057802586816251,0.0061824480071663,-0.01142861507833,0.0238094814121723,-0.0520042851567268,-0.039009716361761,0.033594537526369,-0.0413739793002605,-0.0088790142908692,0.0138436546549201,-0.0131434705108404,0.0538152679800987,0.048220444470644,-0.0030487775802612,-0.0322222188115119,-0.0206421632319688,-0.0353697687387466,-0.0046838731504976,0.0506756529211998,0.0101960869506001,0.0325581058859825,0.009316761046648,-0.036954078823328,-0.049230795353651,-0.0755693092942237,0.0469255596399307,0.0200633127242326,0.0341708697378635,0.0262605026364326,0.0020100961660531,0.0305908149190943,0.0231156288897678,0.0855556059628865,0.1286431951714439,0.0783664443287821,0.3487437517408962,0.122988578230875,0.3658291868694592,0.1828087344759275,0.3005024929939934,0.0316789991678756,2019-02-19,2019-02-20,2019-02-21,2019-02-22,2019-02-25,2019-02-26,2019-02-27,2019-02-28,2019-03-01,2019-03-04,14691.0,2019-02-15,252.0,1.8424%,-0.0014,1.319,1.9394,-1.0053,3.2926%,3.9314%,29.8559%,0.003854,CBAY,14691.0,2019-02-19,252.0,3.4171%,-0.0016,1.298,1.9964,-0.9394,3.2521%,3.8809%,29.7801%,0.028956,CBAY,14691.0,2019-02-20,252.0,-3.1098%,-0.0018,1.289,1.9752,-0.9716,3.2580%,3.8853%,29.6857%,-0.03289,CBAY,14691.0,2019-02-21,252.0,2.1063%,-0.0017,1.2881,1.9792,-0.9735,3.2610%,3.8878%,29.6425%,0.02488,CBAY,14691.0,2019-02-22,252.0,11.3949%,-0.0013,1.2737,2.0623,-1.0695,3.2868%,3.9458%,30.6150%,0.08028,CBAY,14691.0,2019-02-25,252.0,-0.9700%,-0.0013,1.2751,2.0671,-1.0618,3.2862%,3.9449%,30.6069%,-0.008274,CBAY,14691.0,2019-02-26,252.0,-1.6919%,-0.0013,1.2791,2.0687,-1.058,3.2862%,3.9461%,30.6501%,-0.005253,CBAY,14691.0,2019-02-27,252.0,3.9855%,-0.0012,1.2835,2.0712,-1.0572,3.2930%,3.9541%,30.6418%,0.0334039999999999,CBAY,14691.0,2019-02-28,252.0,2.8746%,-0.0012,1.2935,2.0791,-1.0571,3.2932%,3.9579%,30.7684%,0.029567,CBAY,14691.0,2019-03-01,252.0,7.4513%,-0.0011,1.3239,2.1245,-1.0359,3.3063%,3.9852%,31.1698%,0.054852,CBAY,14691.0,2019-03-04,252.0,5.7526%,-0.0006,1.2942,2.153,-1.0122,3.3311%,3.9941%,30.4450%,0.076858,CBAY,0.03281,-8.000000000000368e-05,0.0247999999999999,0.096806,0.286234
29883,CYMABAY THERAPEUTICS INC,CymaBay Therapeutics Announces Seladelpar Granted Breakthrough Therapy Designation By FDA For The Treatment Of Primary Biliary Cholangitis,6,increase,0.8,0.7,the granting of breakthrough therapy designation by the fda is a positive development that typically boosts investor confidence and can lead to an increase in stock price.,2,2019-02-15,CBAY,2019-02-15 13:04:00+00:00,14691.0,23257D10,0.0184236783534288,2625616.0,0.0341708697378635,0.0262605026364326,-0.031098123639822,0.0042195059359073,0.0210631936788559,0.0533332824707031,0.1139489039778709,-0.0291262622922658,-0.0097002303227782,0.0231788102537393,-0.0169189311563968,-0.0076669980771839,0.0398550331592559,-0.0054466435685753,0.0287457220256328,0.029148006811738,0.0745130479335784,0.042056031525135,0.0575256533920764,-0.0160918850451707,-0.0104322163388133,0.001150774420239,-0.0519578009843826,0.0308421421796083,0.0500397235155105,-0.0082352580502629,-0.0650529935956001,-0.0318906307220459,0.0315534248948097,0.0565582774579525,0.0486274436116218,-0.0154027445241808,-0.005983539391309,-0.0527497492730617,-0.0218209158629179,-0.0022396929562091,-0.0115384319797158,-0.0240436419844627,0.0389105044305324,-0.0054348036646842,-0.0037453325930982,-0.0315789692103862,-0.0263158176094293,0.0031678704544901,-0.0023165817838162,-0.0083769550547003,-0.0766253694891929,-0.0205128006637096,0.0075440192595124,-0.0030674573499709,0.039933405816555,0.010330518707633,0.0344000235199928,0.0114943170920014,0.0131477238610386,0.0962199568748474,0.0137404082342982,0.0698529034852981,0.0233434047549963,-0.0121065834537148,-0.0206033643335104,0.0495553165674209,0.0165288727730512,0.0063938251696527,-0.0066518960520625,0.0169050861150026,0.0163690671324729,0.0785413682460784,-0.0117130195721983,0.0754147768020629,-0.03999999538064,0.0137614915147423,0.0138889122754335,-0.0238805748522281,-0.0038051893934607,-0.0871935039758682,-0.0450725853443145,-0.0239361468702554,-0.0240000151097774,-0.0693069249391555,0.027868865057826,-0.0669745877385139,-0.0342902950942516,0.001156095881015,-0.0033030521590262,-0.0125571470707655,-0.0016569597646594,0.0034365048632025,0.0348547771573066,-0.0022857666481286,0.0200481154024601,0.0174418147653341,0.0172955431044101,-0.0057802586816251,0.0061824480071663,-0.01142861507833,0.0238094814121723,-0.0520042851567268,-0.039009716361761,0.033594537526369,-0.0413739793002605,-0.0088790142908692,0.0138436546549201,-0.0131434705108404,0.0538152679800987,0.048220444470644,-0.0030487775802612,-0.0322222188115119,-0.0206421632319688,-0.0353697687387466,-0.0046838731504976,0.0506756529211998,0.0101960869506001,0.0325581058859825,0.009316761046648,-0.036954078823328,-0.049230795353651,-0.0755693092942237,0.0469255596399307,0.0200633127242326,0.0341708697378635,0.0262605026364326,0.0020100961660531,0.0305908149190943,0.0231156288897678,0.0855556059628865,0.1286431951714439,0.0783664443287821,0.3487437517408962,0.122988578230875,0.3658291868694592,0.1828087344759275,0.3005024929939934,0.0316789991678756,2019-02-19,2019-02-20,2019-02-21,2019-02-22,2019-02-25,2019-02-26,2019-02-27,2019-02-28,2019-03-01,2019-03-04,14691.0,2019-02-15,252.0,1.8424%,-0.0014,1.319,1.9394,-1.0053,3.2926%,3.9314%,29.8559%,0.003854,CBAY,14691.0,2019-02-19,252.0,3.4171%,-0.0016,1.298,1.9964,-0.9394,3.2521%,3.8809%,29.7801%,0.028956,CBAY,14691.0,2019-02-20,252.0,-3.1098%,-0.0018,1.289,1.9752,-0.9716,3.2580%,3.8853%,29.6857%,-0.03289,CBAY,14691.0,2019-02-21,252.0,2.1063%,-0.0017,1.2881,1.9792,-0.9735,3.2610%,3.8878%,29.6425%,0.02488,CBAY,14691.0,2019-02-22,252.0,11.3949%,-0.0013,1.2737,2.0623,-1.0695,3.2868%,3.9458%,30.6150%,0.08028,CBAY,14691.0,2019-02-25,252.0,-0.9700%,-0.0013,1.2751,2.0671,-1.0618,3.2862%,3.9449%,30.6069%,-0.008274,CBAY,14691.0,2019-02-26,252.0,-1.6919%,-0.0013,1.2791,2.0687,-1.058,3.2862%,3.9461%,30.6501%,-0.005253,CBAY,14691.0,2019-02-27,252.0,3.9855%,-0.0012,1.2835,2.0712,-1.0572,3.2930%,3.9541%,30.6418%,0.0334039999999999,CBAY,14691.0,2019-02-28,252.0,2.8746%,-0.0012,1.2935,2.0791,-1.0571,3.2932%,3.9579%,30.7684%,0.029567,CBAY,14691.0,2019-03-01,252.0,7.4513%,-0.0011,1.3239,2.1245,-1.0359,3.3063%,3.9852%,31.1698%,0.054852,CBAY,14691.0,2019-03-04,252.0,5.7526%,-0.0006,1.2942,2.153,-1.0122,3.3311%,3.9941%,30.4450%,0.076858,CBAY,0.03281,-8.000000000000368e-05,0.0247999999999999,0.096806,0.286234
29891,CAREDX INC,"Jefferies Initiates Coverage On CareDx with Buy Rating, Announces $35 Price Target",6,increase,0.8,0.7,"the initiation of coverage with a 'buy' rating and a price target of $35 is likely to attract investor interest and confidence, potentially driving the stock price up.",2,2019-02-15,CDNA,2019-02-15 12:52:00+00:00,14797.0,14167L10,0.1050437912344933,1062498.0,-0.0079215764999389,0.0186836756765842,0.0216730646789073,-0.0364157631993293,0.0435429848730564,0.0334038436412811,0.0556347854435443,-0.0350877456367015,-0.0030405456200242,0.0040966975502669,-0.0172822847962379,-0.0325009785592556,0.0882758423686027,-0.0213344115763902,-0.0139416549354791,-0.051159344613552,0.0167094636708498,0.0229668915271759,-0.0050568850710988,-0.0524438507854938,0.0031766323372721,0.0400742068886756,-0.0215326249599456,0.0097414841875433,0.0983818471431732,-0.0280407350510358,0.0064820633269846,-0.0455335900187492,0.0187353454530239,0.0546187572181224,0.0387931689620018,0.0536887347698211,0.0196403618901968,0.033532939851284,0.0349973104894161,0.0174654088914394,-0.0671035721898078,0.0305567793548107,0.007305375766009,0.0042033824138343,0.0142260016873478,0.01710139028728,0.0176017433404922,0.0588501244783401,0.0597297064960002,-0.1071139723062515,-0.0584034919738769,-0.0901066809892654,0.0094800191000103,-0.0043939556926488,-0.0099275270476937,0.0340779870748519,-0.0894309729337692,0.0356862694025039,-0.019940422847867,0.0232744757086038,-0.0428180955350399,0.102167159318924,-0.0117386048659682,-0.0571308992803096,0.0147672872990369,-0.0461416020989418,0.0180322583764791,0.069787211716175,-0.1376631557941437,0.0111876176670193,0.0227026715874671,0.0251433476805687,-0.0137420510873198,0.1318022608757019,0.0085744829848408,0.0070387781597673,0.048884205520153,-0.1333333849906921,0.0415400043129921,-0.0943172574043273,-0.0784695222973823,-0.0066640563309192,-0.005629832856357,0.0463495105504989,0.004246246535331,-0.1115160807967186,-0.0676532834768295,-0.0168398171663284,0.0015117503935471,0.0090383226051926,-0.0271697845309972,0.0087527269497513,0.0337470471858978,0.0331574641168117,-0.0071294759400188,-0.0052473535761237,-0.0192743130028247,-0.0440702103078365,0.0936415567994117,0.0050413897261023,-0.0271317325532436,-0.0749500319361686,-0.0144875599071383,0.0256235040724277,-0.0055126654915511,0.0212840400636196,0.0487804785370826,0.0049088145606219,0.0591966286301612,0.0359607599675655,0.0123087437823414,-0.0068542072549462,-0.0594807565212249,0.0304832607507705,0.0185184758156538,0.0158610306680202,0.1286450028419495,0.0566640123724937,-0.0191489681601524,-0.0438763685524463,-0.0012395697413012,-0.1248748451471329,0.0363016426563262,0.0080781448632478,-0.0079215764999389,0.0186836756765842,0.0135798033391263,-0.0184124678318766,0.0577140933835573,0.0143763286128983,0.1131648390504951,-0.017206067355757,0.1874763908510561,-0.1441313154474759,0.175028263495951,0.0004170254269697,0.2599019577935633,-0.1925277414882328,2019-02-19,2019-02-20,2019-02-21,2019-02-22,2019-02-25,2019-02-26,2019-02-27,2019-02-28,2019-03-01,2019-03-04,14797.0,2019-02-15,252.0,10.5044%,0.006,1.2981,1.5571,-1.7187,3.9551%,4.5980%,26.0116%,0.095659,CDNA,14797.0,2019-02-19,252.0,-0.7922%,0.0059,1.2949,1.5474,-1.7293,3.9563%,4.5967%,25.9214%,-0.009848,CDNA,14797.0,2019-02-20,252.0,2.1673%,0.0061,1.3021,1.572,-1.7014,3.9562%,4.5962%,25.9121%,0.02522,CDNA,14797.0,2019-02-21,252.0,4.3543%,0.0063,1.2854,1.5466,-1.7324,3.9617%,4.5975%,25.7488%,0.045448,CDNA,14797.0,2019-02-22,252.0,5.5635%,0.0065,1.2818,1.6142,-1.7129,3.9498%,4.5979%,26.2028%,0.013207,CDNA,14797.0,2019-02-25,252.0,-0.3041%,0.0066,1.2776,1.6151,-1.7283,3.9434%,4.5944%,26.3297%,-0.00395,CDNA,14797.0,2019-02-26,252.0,-1.7282%,0.0067,1.3007,1.6169,-1.7101,3.9396%,4.5958%,26.5192%,-0.010705,CDNA,14797.0,2019-02-27,252.0,8.8276%,0.0066,1.264,1.7041,-1.716,3.9302%,4.5867%,26.5766%,0.081881,CDNA,14797.0,2019-02-28,252.0,-1.3942%,0.0065,1.2668,1.7053,-1.709,3.9325%,4.5864%,26.4807%,-0.014754,CDNA,14797.0,2019-03-01,252.0,1.6709%,0.0063,1.2931,1.7444,-1.6633,3.9218%,4.5829%,26.7689%,-0.004283,CDNA,14797.0,2019-03-04,252.0,-0.5057%,0.0065,1.2814,1.7753,-1.6585,3.9196%,4.5816%,26.8120%,0.015041,CDNA,0.085811,0.1110309999999999,0.1564789999999999,0.1657359999999999,0.2329159999999999
29899,CHOICE HOTELS INTERNATIONAL INC,"Choice Hotels Q4 GAAP EPS $0.56, Adj. Net Income Up $221.5M Year Over Year",6,increase,0.8,0.7,"the reported increase in adjusted net income year over year suggests strong financial performance, which is likely to positively influence investor sentiment and drive the stock price up.",2,2019-02-15,CHH,2019-02-15 13:02:00+00:00,85517.0,16990510,-0.0169532801955938,523269.0,-0.0192307122051715,0.0047794044949114,0.0179632902145385,0.0155569389462471,0.0027339532971382,0.013624345883727,0.0057008187286555,-0.0015115599380806,-0.0141713060438633,-0.005636234767735,-0.00962495803833,-0.0079523734748363,0.0082038855180144,0.0061258347705006,-0.0005007626023143,0.0041425330564379,0.006638356950134,0.0123268673196435,-0.0022396454587578,-0.0059373574331402,0.0120962858200073,0.0063564707525074,-0.0048054088838398,0.0139211369678378,-0.0255044903606176,0.0117371091619133,0.0024139555171132,0.0101435463875532,-0.0093789333477616,0.0059634852223098,-0.0030706943944096,0.0092283328995108,0.0056468485854566,0.0032201511785387,-0.0067636393941938,-0.0118005760014057,0.0001284145837416,0.0096385711804032,0.0034687086008489,0.0004017514293082,-0.0025604525581002,-0.004400024190545,-0.0096264919266104,0.0117361769080162,0.0079055596143007,-0.0081616351380944,-0.0050147795118391,0.0064637181349098,-0.0102093685418367,0.0033779218792915,0.0053532272577285,-0.0024262070655822,-0.0049350294284522,0.0172768700867891,0.0138344755396246,0.0055149802938103,0.0007723681628704,0.0346647687256336,0.0127990581095218,-0.0176569800823926,0.0070046237669885,-0.0030735011678189,0.010370553471148,0.001883870572783,0.0050069037824869,0.0110046053305268,0.0184331256896257,0.0156182311475276,-0.0007337356219068,0.043822918087244,-0.0179904699325561,-0.0161859691143035,0.0019940636120736,-0.0143582001328468,0.0032338574528694,-0.0186451058834791,0.0088023683056235,-0.0097250854596495,-0.0110606057569384,-0.0114253833889961,0.0130482837557792,-0.0052668727003037,-0.0008586812764406,-0.0104238390922546,0.0089625949040055,-0.0057275081053376,-0.0046239625662565,0.012286021374166,0.0086796954274177,-0.0136165572330355,0.0105441166087985,-0.0190997757017612,-0.0091148298233747,-0.0168089140206575,0.0041151819750666,0.0025013487320393,0.0025313294027,-0.0430838800966739,-0.0015630306443199,0.0193912219256162,0.0099952053278684,-0.0128041906282305,0.0048884702846407,0.0010151547612622,0.0288324672728776,0.0213869288563728,0.0027678222395479,-0.009373340755701,-0.0193214528262615,0.0055519733577966,0.0066846455447375,0.0068902596831321,-0.0156103959307074,0.0072017204947769,-0.014319515787065,-0.0120310513302683,-0.0187297090888023,-0.0204029977321624,0.0140706449747085,0.0112777762115001,-0.0192307122051715,0.0047794044949114,-0.0016128688550067,0.0204106963450851,0.0011166749340074,0.0343131246155454,-0.0074441494229553,0.0269288785768335,-0.0050867994807828,0.0357503042313083,-0.0231389822949641,0.1489629647611454,0.0311034367766107,0.0539057661711366,2019-02-19,2019-02-20,2019-02-21,2019-02-22,2019-02-25,2019-02-26,2019-02-27,2019-02-28,2019-03-01,2019-03-04,85517.0,2019-02-15,252.0,-1.6953%,-0.0001,0.8288,0.5397,0.0266,0.8714%,1.2745%,53.2551%,-0.028469,CHH,85517.0,2019-02-19,252.0,-1.9231%,-0.0002,0.826,0.5233,0.0084,0.8819%,1.2802%,52.5436%,-0.02255,CHH,85517.0,2019-02-20,252.0,1.7963%,-0.0001,0.8306,0.5348,0.025,0.8869%,1.2851%,52.3761%,0.015096,CHH,85517.0,2019-02-21,252.0,0.2734%,-0.0,0.8214,0.5175,0.0081,0.8773%,1.2724%,52.4602%,0.006139,CHH,85517.0,2019-02-22,252.0,0.5701%,-0.0001,0.823,0.4839,-0.0032,0.8637%,1.2632%,53.2557%,-0.002466,CHH,85517.0,2019-02-25,252.0,-1.4171%,-0.0002,0.8233,0.4911,0.0015,0.8682%,1.2664%,53.0045%,-0.014254,CHH,85517.0,2019-02-26,252.0,-0.9625%,-0.0002,0.8214,0.5,0.0046,0.8682%,1.2641%,52.8302%,-0.00526,CHH,85517.0,2019-02-27,252.0,0.8204%,-0.0002,0.8247,0.496,0.0051,0.8680%,1.2651%,52.9262%,0.00642,CHH,85517.0,2019-02-28,252.0,-0.0501%,-0.0001,0.8165,0.4905,-0.0013,0.8633%,1.2546%,52.6528%,0.001869,CHH,85517.0,2019-03-01,252.0,0.6638%,-0.0001,0.8213,0.4975,0.0064,0.8618%,1.2551%,52.8540%,-0.000758,CHH,85517.0,2019-03-04,252.0,-0.2240%,-0.0001,0.8204,0.4968,0.0074,0.8621%,1.2546%,52.7809%,0.003906,CHH,-0.051019,-0.035923,-0.029784,-0.046504,-0.040327
29907,C M E GROUP INC,JP Morgan Downgrades CME Group to Underweight,6,decrease,0.8,0.6,"a downgrade from a major financial institution like jp morgan typically signals a negative outlook, which can lead to a decrease in stock price.",0,2019-02-15,CME,2019-02-15 14:07:00+00:00,89626.0,12572Q10,-0.0112739577889442,3069592.0,-0.0062713278457522,-0.0166297126561403,0.0074009941890835,0.0082155102863907,0.0051256287842988,0.0090795466676354,0.0088956430554389,-0.0049382136203348,-0.0032011235598474,0.0054731210693717,0.0034931269474327,-0.0029815414454787,0.0098253889009356,-0.0057053603231906,0.0113977706059813,-0.0152032310143113,0.0037380720023065,-0.010357660241425,-0.0125417234376072,0.0063638561405241,-0.0239045899361372,0.0105893649160862,-0.0098869558423757,-0.004525676369667,-0.0057388809509575,-0.0203828085213899,-0.0055652563460171,-0.0052704941481351,-0.0041971900500357,-0.0020395279861986,-0.0026344233192503,-0.0079863695427775,-0.0039912699721753,0.0079965945333242,-0.0074253622442483,0.0158098954707384,0.0101526258513331,0.0119717437773942,-0.0014693781267851,-0.005650330800563,-0.0068279691040515,0.0018135115969926,-0.0233509298413991,0.018413882702589,-0.0027913798112422,-0.010412654839456,-0.0061461357399821,0.003892115317285,0.0052044503390789,0.007224510423839,-0.0001218509642058,-0.0224461071193218,-0.0095643745735287,-0.0059319529682397,0.0011071021435782,-0.0050356979481875,0.0111821535974741,0.0175206214189529,0.0119698699563741,-0.021985137835145,0.0091264136135578,-0.0135019849985837,0.0022014344576746,0.010800034739077,0.0054618744179606,0.0097113344818353,0.0043103196658194,0.0205682311207056,0.013522271066904,0.03227274492383,-0.0094553334638476,-0.0330139547586441,-0.0040993029251694,-0.0121687399223446,0.0028225081041455,-0.0033957036212086,0.0139556992799043,0.0149899097159504,0.0027758253272622,-0.0150870364159345,0.0029988712631165,-0.0109251923859119,0.0172493103891611,-0.0015962703619152,-0.0031652585603296,-0.0033409602474421,-0.0089589580893516,-0.004960092715919,5.718335523852147e-05,-0.0044129844754934,0.0081241121515631,0.0173160471022129,0.010215014219284,-0.0064014582894742,0.005617662332952,0.004357106052339,-0.0082676708698272,0.0004784239863511,0.0077169779688119,-0.010364064015448,-0.0201229229569435,0.0061934157274663,-0.0142612662166357,0.0096200257539749,0.0064236144535243,-0.0362605899572372,0.0243803691118955,0.0137321930378675,-0.0002244922070531,0.0116740092635154,0.0006175992893986,-0.0036840005777776,0.0100437281653285,-0.0111886402592063,0.0162769183516502,-0.0176371186971664,-0.0034984115045517,0.0,0.0054305554367601,0.021142216399312,-0.0062713278457522,-0.0166297126561403,0.0010832522823871,-0.0085508239451358,0.0062144334157652,0.000451085117443,0.0119156881084996,0.0009591942225823,0.0279361996578366,-0.0267720272863684,-0.0463275964211876,-0.0440780696845318,0.0495262984310116,-0.0616294130710266,2019-02-19,2019-02-20,2019-02-21,2019-02-22,2019-02-25,2019-02-26,2019-02-27,2019-02-28,2019-03-01,2019-03-04,89626.0,2019-02-15,252.0,-1.1274%,0.0005,0.584,-0.6982,0.1498,1.0152%,1.2279%,31.6392%,-0.017282,CME,89626.0,2019-02-19,252.0,-0.6271%,0.0004,0.5794,-0.6974,0.1511,1.0138%,1.2235%,31.3402%,-0.005906,CME,89626.0,2019-02-20,252.0,0.7401%,0.0005,0.5826,-0.6838,0.1642,1.0102%,1.2196%,31.3916%,0.006904,CME,89626.0,2019-02-21,252.0,0.5126%,0.0005,0.5836,-0.6803,0.166,1.0101%,1.2194%,31.3891%,0.0070799999999999,CME,89626.0,2019-02-22,252.0,0.8896%,0.0005,0.5819,-0.6743,0.1513,1.0121%,1.2189%,31.0503%,0.011184,CME,89626.0,2019-02-25,252.0,-0.3201%,0.0005,0.581,-0.6721,0.1493,1.0118%,1.2180%,30.9954%,-0.005655,CME,89626.0,2019-02-26,252.0,0.3493%,0.0005,0.5751,-0.6663,0.1478,1.0098%,1.2108%,30.4354%,0.000514,CME,89626.0,2019-02-27,252.0,0.9825%,0.0005,0.5721,-0.658,0.1473,1.0108%,1.2074%,29.9097%,0.0106509999999999,CME,89626.0,2019-02-28,252.0,1.1398%,0.0005,0.5716,-0.6579,0.1439,1.0138%,1.2093%,29.7106%,0.013571,CME,89626.0,2019-03-01,252.0,0.3738%,0.0005,0.572,-0.6572,0.144,1.0139%,1.2092%,29.6983%,0.002016,CME,89626.0,2019-03-04,252.0,-1.2542%,0.0005,0.5686,-0.6338,0.1421,1.0151%,1.2025%,28.7450%,-0.0128469999999999,CME,-0.023188,-0.016284,-0.009204,-0.0036749999999999,0.01023
29915,CONOCOPHILLIPS,ConocoPhillips Reports Recommendation To Reject Below-Market Mini-Tender Offer By Baker Mills At $55/Share,6,decrease,0.7,0.5,"the recommendation to reject a below-market offer may signal to investors that the company's stock is undervalued, potentially leading to a decrease in stock price as investors reassess their expectations.",0,2019-02-15,COP,2019-02-15 21:15:00+00:00,13928.0,20825C10,0.0156295485794544,5173527.0,-0.0098318960517644,0.0194747671484947,0.0166931021958589,0.0048925401642918,-0.0058033070527017,0.010638284496963,-0.003843915881589,0.007244125008583,-0.0102901412174105,-0.0135595900937914,-0.0047653694637119,-0.0235855486243963,0.0043529174290597,-0.0021657741162925,-0.0197920072823762,-0.0095809837803244,0.0159174930304288,0.0182003490626812,0.0140722645446658,0.0146254664286971,-0.0127324657514691,0.030446033924818,-0.0104332882910966,0.0059724254533648,-0.0049788248725235,-0.0007650409243069,-0.0370860435068607,-0.0244812574237585,0.0067247813567519,0.01315782032907,-0.0036436235532164,0.0039478004910051,0.02620754763484,0.0016730130882933,-0.0048998044803738,-0.0316642336547374,0.0085049197077751,0.01252615544945,0.000295965000987,0.0213218666613102,-0.0038456164766103,-0.0056034396402537,0.0028211202006787,0.0064014350064098,0.0088836019858717,-0.0117487395182251,-0.0303786285221576,-0.02281429246068,0.0151354623958468,0.0224229581654071,0.0222155638039112,0.03311562910676,-0.0094806579872965,0.0133921299129724,-0.0078045409172773,-0.0043921377509832,-0.0094983587041497,0.02524927072227,0.0142344115301966,-0.0189334284514188,-0.0197961870580911,0.0165196899324655,-0.0126600805670023,0.0110264364629983,-0.0053426721133291,-0.0089988969266414,0.0147329503670334,0.0118699111044406,0.0065033314749598,0.0787581428885459,-0.0127724427729845,-0.046655535697937,0.0193303544074297,-0.0033333459869027,-0.0089592123404145,-0.0208877082914114,0.0150670474395155,-0.0101760793477296,-0.0152887990698218,-0.019169820472598,-0.0075369314290583,-0.0221534315496683,-0.0009112631087191,-0.0238922461867332,0.0018243044614791,0.0131760481745004,0.0160849392414093,-0.0025978880003094,-0.0076165194623172,0.003681065980345,-0.0263355914503336,-0.0107723660767078,-0.0112827783450484,-0.0105088865384459,-0.0186025071889162,-0.0046323607675731,-0.0020706795621663,-0.0316886492073535,0.0075019537471234,0.0442731976509094,-0.0071292896755039,-0.0103185642510652,-0.022020062431693,0.0078372918069362,0.0117473881691694,0.0163909271359443,-0.0020963917486369,0.0089644799008965,-0.0142210898920893,0.0141065474599599,0.0070491852238774,-0.0256567504256963,0.0017906659049913,0.0232849139720201,0.0111309271305799,-0.0368753857910633,-0.0117893982678651,0.0048396806232631,0.0184670872986316,0.013954970985651,-0.0098318960517644,0.0194747671484947,0.0066970812985232,0.0244625883932507,0.0008549090266891,0.0353611128650732,-0.0132516431526132,0.0287206251115217,-0.0039897233480813,0.0255291572598477,-0.0354801607385071,0.0952677497119762,-0.1076236834318613,0.0645310858768684,2019-02-19,2019-02-20,2019-02-21,2019-02-22,2019-02-25,2019-02-26,2019-02-27,2019-02-28,2019-03-01,2019-03-04,13928.0,2019-02-15,252.0,1.5630%,0.0011,1.1674,0.1372,0.4901,1.4512%,1.8507%,38.5181%,-0.000724,COP,13928.0,2019-02-19,252.0,-0.9832%,0.0012,1.1736,0.1148,0.4645,1.4422%,1.8483%,39.1158%,-0.014018,COP,13928.0,2019-02-20,252.0,1.6693%,0.0012,1.1766,0.1217,0.4751,1.4437%,1.8509%,39.1606%,0.011556,COP,13928.0,2019-02-21,252.0,-0.5803%,0.0012,1.1809,0.1303,0.4831,1.4420%,1.8513%,39.3341%,-0.000372,COP,13928.0,2019-02-22,252.0,-0.3844%,0.0012,1.1809,0.1536,0.5041,1.4379%,1.8468%,39.3810%,-0.005235,COP,13928.0,2019-02-25,252.0,-1.0290%,0.0011,1.1836,0.1621,0.5184,1.4330%,1.8438%,39.5943%,-0.0108549999999999,COP,13928.0,2019-02-26,252.0,-0.4765%,0.001,1.1712,0.1759,0.5161,1.4268%,1.8285%,39.1162%,-0.000223,COP,13928.0,2019-02-27,252.0,0.4353%,0.0011,1.1806,0.16,0.5177,1.4206%,1.8278%,39.5888%,0.0034839999999999,COP,13928.0,2019-02-28,252.0,-1.9792%,0.001,1.184,0.1618,0.524,1.4242%,1.8302%,39.4465%,-0.01497,COP,13928.0,2019-03-01,252.0,1.5917%,0.0011,1.1779,0.1526,0.5108,1.4227%,1.8239%,39.1518%,0.008929,COP,13928.0,2019-03-04,252.0,1.4072%,0.0012,1.1774,0.1383,0.5145,1.4269%,1.8248%,38.8575%,0.018726,COP,-0.014742,-0.0031859999999999,-0.0035579999999999,-0.019648,-0.0037019999999999
29923,CORCEPT THERAPEUTICS INC,Hearing Corcept Therapeutics Lost IPR Patent Case For '348 Korlym Patent By Neptune Genetics; Unconfirmed,6,decrease,0.8,0.7,"losing a patent case can negatively impact investor confidence and the company's market position, likely leading to a decrease in stock price.",0,2019-02-15,CORT,2019-02-15 20:48:00+00:00,90125.0,21835210,0.036906860768795,2351975.0,-0.0279660951346159,-0.0121528068557381,-0.013077643699944,-0.0094582680612802,-0.0203179810196161,0.0219683647155761,0.0279530622065067,0.0026431481819599,0.0078947506844997,0.0280797481536865,0.0443864427506923,-0.0474547185003757,0.0508333034813404,0.0526793748140335,-0.0111022517085075,0.0794118046760559,0.0272654481232166,0.0169491600245237,-0.005464531481266,-0.1028623059391975,-0.0298273246735334,-0.0444444045424461,-0.0291261859238147,0.0025706712622195,0.0191666278988122,-0.0315352790057659,-0.0114472117274999,-0.0195280537009239,0.0239867623895406,-0.1100651994347572,0.0105008166283369,-0.0774882957339286,0.0039968178607523,0.0197547655552625,-0.0302547849714756,-0.0174028966575861,-0.000821036810521,0.0020120544359087,0.0115037253126502,-0.0349514558911323,-0.0081235077232122,-0.0165499821305275,-0.0229320004582405,0.0369637235999107,-0.0083822617307305,0.0852435231208801,-0.0557903498411178,0.0050395745784044,-0.0143240690231323,0.002888083923608,0.0236149150878191,0.0028964490629732,0.0,-0.0079022739082574,0.0159715469926595,0.0072359177283942,0.0253275074064731,0.0290394183248281,-0.0383304767310619,-0.0282199271023273,0.0106288651004433,0.0344311408698558,0.0420684069395065,0.0261136088520288,-0.0117746293544769,0.0132295778021216,0.0204255115240812,-0.0100153442472219,0.0108423782512545,0.0639344081282615,-0.0090758791193366,0.0166666507720947,0.0191506687551736,-0.0790483281016349,-0.0040849829092621,-0.0243354421108961,-0.0221492629498243,-0.0877732783555984,-0.0117449956014752,-0.049967523664236,0.0,-0.0434513166546821,0.0127334957942366,-0.0628272220492363,0.0025146463885903,0.0082112196832895,0.0259197670966386,-0.0069889831356704,0.0,0.3228043615818024,-0.0008150145295076,-0.0046012592501938,-0.0138662373647093,0.0,0.0008271487895399,-0.0297618769109249,0.0264462549239397,-0.0323974639177322,-0.0032206089235842,-0.0028714975342154,-0.0040387874469161,-0.0141542684286832,-0.0048661367036402,0.013629880733788,0.0293398238718509,0.022743908688426,0.010292962193489,0.0202096160501241,-0.0705329552292823,0.0511408038437366,0.0118044139817357,-0.0031372518278658,-0.0491666793823242,0.0408163256943225,-0.0508325956761837,0.0132340649142861,-0.0295475255697965,-0.0714285895228385,0.0285442601889371,0.0007686570752412,-0.0279660951346158,-0.0121528068557381,-0.0406780082067106,-0.0214961304120798,-0.060169494227667,-5.293698812636194e-10,-0.0262712220023138,0.0307971147252559,0.0796609764545366,0.0178890624500742,-0.0432203606717352,-0.1765556958279601,-0.0838982836507161,-0.125288255981492,2019-02-19,2019-02-20,2019-02-21,2019-02-22,2019-02-25,2019-02-26,2019-02-27,2019-02-28,2019-03-01,2019-03-04,90125.0,2019-02-15,252.0,3.6907%,-0.0008,1.2214,1.1294,0.2243,3.6400%,3.8968%,12.7451%,0.018477,CORT,90125.0,2019-02-19,252.0,-2.7966%,-0.0008,1.2274,1.0907,0.1802,3.6368%,3.8962%,12.8719%,-0.034335,CORT,90125.0,2019-02-20,252.0,-1.3078%,-0.001,1.2202,1.0645,0.1519,3.6356%,3.8931%,12.7921%,-0.0189,CORT,90125.0,2019-02-21,252.0,-2.0318%,-0.0009,1.2137,1.0483,0.1401,3.6327%,3.8874%,12.6746%,-0.014809,CORT,90125.0,2019-02-22,252.0,2.7953%,-0.001,1.2126,1.0183,0.0985,3.6309%,3.8876%,12.7707%,0.0162579999999999,CORT,90125.0,2019-02-25,252.0,0.7895%,-0.001,1.215,1.0159,0.1061,3.6290%,3.8857%,12.7778%,0.008801,CORT,90125.0,2019-02-26,252.0,4.4386%,-0.0008,1.1975,0.9576,0.0635,3.6442%,3.8929%,12.3691%,0.053083,CORT,90125.0,2019-02-27,252.0,5.0833%,-0.0004,1.2267,0.9201,0.0685,3.6351%,3.8909%,12.7153%,0.0479119999999999,CORT,90125.0,2019-02-28,252.0,-1.1102%,-0.0005,1.2458,0.933,0.084,3.6294%,3.8902%,12.9613%,-0.0074119999999999,CORT,90125.0,2019-03-01,252.0,2.7265%,-0.0004,1.2366,0.9194,0.0622,3.6284%,3.8862%,12.8267%,0.015836,CORT,90125.0,2019-03-04,252.0,-0.5465%,-0.0003,1.2267,0.948,0.0658,3.6263%,3.8830%,12.7816%,0.004311,CORT,-0.0158579999999999,-0.034758,-0.049567,-0.024508,0.0892219999999999
29931,COPA HOLDINGS SA,"Stifel Nicolaus Upgrades Copa Holdings to Hold, Raises Price Target to $90",6,increase,0.7,0.6,"the upgrade to 'hold' and the raised price target typically indicate a positive outlook, which may lead to an increase in investor confidence and stock price.",2,2019-02-15,CPA,2019-02-15 13:00:00+00:00,91065.0,P3107610,-0.0307757761329412,394493.0,-0.0067885988391935,-0.0055930642411112,-0.0089295292273163,0.012501398101449,-0.0063403747044503,-0.021741421893239,-0.0005597565323114,-0.0057160989381372,0.0144489351660013,-0.0064022629521787,-0.0104890903457999,-0.0071765896864235,-0.0139477960765361,-0.0116526652127504,0.005129924044013,0.019314220175147,-0.0205284971743822,0.0180862378329038,-0.0151690309867262,0.0026357406750321,-0.0052910591475665,0.0051928558386862,0.0017730677500367,-0.0269155465066433,-0.0224188975989818,-0.0247410144656896,-0.0006034450489096,0.0191677194088697,0.0137681076303124,0.0192226953804493,-0.0090541113168001,0.0531411804258823,0.0123827699571847,0.0286328513175249,-0.002731216372922,-0.0403996631503105,-0.00535847293213,0.0385743081569671,-0.0106548471376299,0.0211933199316263,-0.005203295033425,0.0279422290623188,-0.0038924668915569,-0.019616974517703,0.0085480147972702,-0.0095424437895417,-0.0439520217478275,0.0028825087938457,-0.0094984807074069,-0.0086866440251469,0.0158547237515449,0.034894686192274,-0.0015103224432095,0.014520569704473,-0.0079415710642933,0.0057936436496675,0.0242694243788719,0.0470112636685371,0.0333705805242061,-0.0262122172862291,-0.003001200268045,0.032397449016571,0.0079469718039035,0.0301007106900215,0.0133795570582151,-0.0050781168974936,0.0137922689318656,-0.0020789506379514,-0.0205813571810722,0.051078911870718,-0.0294432304799556,-0.0005460130050778,0.0248317886143922,-0.0336366631090641,0.0082358848303556,-0.0127621218562126,-0.020599003881216,-0.0105656450614333,-0.02405421808362,0.0334221348166465,-0.0122615545988082,-0.0352003835141658,0.0095298076048493,0.0056846872903406,0.0124208172783255,-0.0318948775529861,-0.0320206172764301,0.0040185824036598,0.0160962808877229,0.0268213301897049,-0.0068603646941483,-0.0209568999707698,-0.020472303032875,-0.0442808680236339,0.0210283305495977,-0.0092050721868872,0.0011302771745249,-0.0457449443638324,0.0444054305553436,0.0309303179383277,-0.0208984557539224,0.0243343766778707,0.0147203709930181,0.0043104109354317,0.0336073338985443,0.0276854932308197,-0.0285380408167839,-0.0267066266387701,-0.011557899415493,0.0187896657735109,-0.0088915433734655,0.0587778724730014,0.1963868141174316,0.0232650637626647,-0.0319465920329093,-0.0034251366741955,-0.0284380335360765,0.0124033112078905,-0.0093927551060915,-0.106103889644146,-0.0067885988391935,-0.0055930642411112,-0.0156575090747628,0.0068384127376526,-0.0218986093047408,-0.0150516859719957,-0.0083214951399057,-0.0269516009472062,-0.061861197339553,-0.0065365850243419,-0.0811644641983587,0.1596111420895245,0.0004607078776308,0.135164530978465,2019-02-19,2019-02-20,2019-02-21,2019-02-22,2019-02-25,2019-02-26,2019-02-27,2019-02-28,2019-03-01,2019-03-04,91065.0,2019-02-15,252.0,-3.0776%,-0.0011,1.0716,0.7856,0.4468,2.1506%,2.4265%,21.4455%,-0.047753,CPA,91065.0,2019-02-19,252.0,-0.6789%,-0.0011,1.0711,0.7761,0.4362,2.1515%,2.4267%,21.3921%,-0.012544,CPA,91065.0,2019-02-20,252.0,-0.8930%,-0.0012,1.0675,0.7694,0.4237,2.1533%,2.4272%,21.2996%,-0.0151709999999999,CPA,91065.0,2019-02-21,252.0,-0.6340%,-0.0013,1.0741,0.7828,0.4357,2.1501%,2.4269%,21.5101%,-0.000978,CPA,91065.0,2019-02-22,252.0,-0.0560%,-0.0013,1.075,0.7739,0.4386,2.1500%,2.4264%,21.4848%,-0.005542,CPA,91065.0,2019-02-25,252.0,1.4449%,-0.0014,1.0791,0.7697,0.4518,2.1405%,2.4185%,21.6657%,0.015538,CPA,91065.0,2019-02-26,252.0,-1.0489%,-0.0014,1.0748,0.7754,0.4514,2.1400%,2.4157%,21.5254%,-0.002445,CPA,91065.0,2019-02-27,252.0,-1.3948%,-0.0014,1.0792,0.7633,0.4521,2.1409%,2.4170%,21.5398%,-0.015947,CPA,91065.0,2019-02-28,252.0,0.5130%,-0.0014,1.0765,0.7618,0.4476,2.1420%,2.4153%,21.3501%,0.009353,CPA,91065.0,2019-03-01,252.0,-2.0528%,-0.0015,1.0788,0.7652,0.4638,2.1472%,2.4182%,21.1559%,-0.028788,CPA,91065.0,2019-03-04,252.0,-1.5169%,-0.0016,1.0822,0.7598,0.4615,2.1474%,2.4198%,21.2482%,-0.008398,CPA,-0.0602969999999999,-0.075468,-0.076446,-0.06645,-0.112675
29939,COOPER STANDARD HOLDINGS INC,"Cooper-Standard Holding shares are trading lower after the company reported Q4 EPS of $1.53, missing the $2.06 analyst estimate, with sales of $871.987 million, missing the $894.55 million estimate; the company issued FY19 sales guidance below estimates.",6,decrease,0.85,0.7,"the company missed both eps and sales estimates and issued lower sales guidance, which typically leads to a decrease in stock price.",0,2019-02-15,CPS,2019-02-15 16:29:00+00:00,14185.0,21676P10,-0.1293324828147888,906587.0,-0.043370496481657,0.0032471634913235,0.019268175587058,0.0005415041814558,-0.0149325244128704,0.0344489403069019,0.0183841846883297,0.0223336461931467,0.0011084669968113,-0.032280433923006,-0.011705182492733,-0.0401595309376716,-0.0262483898550272,-0.0098749184980988,-0.0119986776262521,-0.0115825021639466,0.0342704616487026,-0.0046632206067442,0.0110986400395631,0.0096782352775335,-0.0318167358636856,0.0115094957873225,-0.0366414636373519,0.020245648920536,-0.0271192248910665,-0.0075017437338829,-0.0150771494954824,-0.0054622441530227,0.0345318354666233,0.0192829743027687,-0.020818980410695,0.0179707370698452,-0.0311017483472824,-0.0169860050082206,-0.0335509330034256,-0.0083547066897153,-0.0076937479898333,0.0308376345783472,0.0066187302581965,0.0136581426486372,-0.0231072623282671,0.011104766279459,-0.0326923206448555,-0.018034404143691,0.0159045569598674,0.0381712205708026,-0.0279843509197235,-0.0303967930376529,-0.0100664384663105,0.0195122044533491,-0.0205409470945596,0.0101448837667703,0.0180647615343332,0.0303120613098144,-0.025086672976613,0.0439594648778438,-0.0175732243806123,0.0390346571803093,0.05387569591403,-0.0321366861462593,-0.0054556564427912,0.0268834829330444,0.0631857067346572,0.0271163918077945,0.0338237434625625,0.0013244703877717,-0.0009242003434337,0.0071702566929161,0.0149861499667167,0.0291745457798242,-0.0173168200999498,-0.0379725806415081,0.0242997836321592,-0.0224338192492723,-0.0090546896681189,-0.020085409283638,0.0316154882311821,-0.0167936254292726,-0.0189548209309577,0.0159557405859231,0.036475270986557,-0.0273509919643402,0.0222996305674314,-0.0050451280549168,0.0052829138003289,-0.0141672166064381,-0.0603492334485054,0.0126679167151451,0.0162367224693298,-0.0150330737233161,-0.0213030483573675,-0.0092344768345355,-0.0798113793134689,-0.0543662048876285,0.004139544442296,-0.0054629417136311,0.0084413094446063,-0.0464806109666824,-0.0136266453191638,0.0239332597702741,-0.0398657321929931,0.0064693903550505,0.1103802397847176,-0.0223387982696294,-0.0007404834614135,0.0224270392209291,0.0266765225678682,-0.0166419055312871,-0.0571995340287685,0.001219235593453,-0.0044019049964845,-0.0055234222672879,-0.0319107994437217,-0.0037578684277832,0.0432883277535438,-0.0121967140585184,-0.0578606948256492,-0.0010594865307211,-0.0030303339008241,0.002655750606209,-0.043370496481657,0.0032471634913235,-0.0249379912361054,0.0037904260253878,-0.0394981284860347,0.0383699424921759,-0.0207558267029071,0.0272928948806521,-0.026332045731626,-0.030211845121147,-0.2334262136691072,0.1624079062767547,-0.2355947857732911,-0.0154029500070883,2019-02-19,2019-02-20,2019-02-21,2019-02-22,2019-02-25,2019-02-26,2019-02-27,2019-02-28,2019-03-01,2019-03-04,14185.0,2019-02-15,252.0,-12.9332%,-0.0022,1.0698,0.1059,0.0991,2.3164%,2.5705%,18.7948%,-0.144454,CPS,14185.0,2019-02-19,252.0,-4.3370%,-0.0023,1.0603,0.0797,0.0704,2.3328%,2.5822%,18.3890%,-0.046108,CPS,14185.0,2019-02-20,252.0,1.9268%,-0.0024,1.0615,0.0635,0.0698,2.3200%,2.5711%,18.5790%,0.016591,CPS,14185.0,2019-02-21,252.0,-1.4933%,-0.0025,1.0684,0.0758,0.0826,2.3189%,2.5720%,18.7096%,-0.0109,CPS,14185.0,2019-02-22,252.0,1.8384%,-0.0025,1.0662,0.0818,0.0614,2.3207%,2.5750%,18.7768%,0.012136,CPS,14185.0,2019-02-25,252.0,0.1108%,-0.0025,1.0676,0.082,0.0665,2.3196%,2.5741%,18.7976%,-0.000268,CPS,14185.0,2019-02-26,252.0,-1.1705%,-0.0025,1.0749,0.0845,0.0732,2.3191%,2.5745%,18.8537%,-0.009353,CPS,14185.0,2019-02-27,252.0,-2.6248%,-0.0026,1.0703,0.0852,0.0724,2.3237%,2.5756%,18.6056%,-0.027388,CPS,14185.0,2019-02-28,252.0,-1.1999%,-0.0027,1.0757,0.0887,0.0777,2.3235%,2.5761%,18.6483%,-0.008617,CPS,14185.0,2019-03-01,252.0,3.4270%,-0.0026,1.0836,0.1006,0.0765,2.3307%,2.5857%,18.7538%,0.026489,CPS,14185.0,2019-03-04,252.0,1.1099%,-0.0024,1.0715,0.1235,0.0836,2.3300%,2.5787%,18.3546%,0.016748,CPS,-0.190562,-0.173971,-0.184871,-0.173003,-0.175124
29947,COOPER STANDARD HOLDINGS INC,Cooper-Standard Holdings Sees FY19 Sales $3.4B-$3.6B vs $3.62B Est.,6,decrease,0.8,0.7,"the company's sales guidance for fy19 is below analyst estimates, which is likely to lead to a negative reaction in the stock price.",0,2019-02-15,CPS,2019-02-15 13:40:00+00:00,14185.0,21676P10,-0.1293324828147888,906587.0,-0.043370496481657,0.0032471634913235,0.019268175587058,0.0005415041814558,-0.0149325244128704,0.0344489403069019,0.0183841846883297,0.0223336461931467,0.0011084669968113,-0.032280433923006,-0.011705182492733,-0.0401595309376716,-0.0262483898550272,-0.0098749184980988,-0.0119986776262521,-0.0115825021639466,0.0342704616487026,-0.0046632206067442,0.0110986400395631,0.0096782352775335,-0.0318167358636856,0.0115094957873225,-0.0366414636373519,0.020245648920536,-0.0271192248910665,-0.0075017437338829,-0.0150771494954824,-0.0054622441530227,0.0345318354666233,0.0192829743027687,-0.020818980410695,0.0179707370698452,-0.0311017483472824,-0.0169860050082206,-0.0335509330034256,-0.0083547066897153,-0.0076937479898333,0.0308376345783472,0.0066187302581965,0.0136581426486372,-0.0231072623282671,0.011104766279459,-0.0326923206448555,-0.018034404143691,0.0159045569598674,0.0381712205708026,-0.0279843509197235,-0.0303967930376529,-0.0100664384663105,0.0195122044533491,-0.0205409470945596,0.0101448837667703,0.0180647615343332,0.0303120613098144,-0.025086672976613,0.0439594648778438,-0.0175732243806123,0.0390346571803093,0.05387569591403,-0.0321366861462593,-0.0054556564427912,0.0268834829330444,0.0631857067346572,0.0271163918077945,0.0338237434625625,0.0013244703877717,-0.0009242003434337,0.0071702566929161,0.0149861499667167,0.0291745457798242,-0.0173168200999498,-0.0379725806415081,0.0242997836321592,-0.0224338192492723,-0.0090546896681189,-0.020085409283638,0.0316154882311821,-0.0167936254292726,-0.0189548209309577,0.0159557405859231,0.036475270986557,-0.0273509919643402,0.0222996305674314,-0.0050451280549168,0.0052829138003289,-0.0141672166064381,-0.0603492334485054,0.0126679167151451,0.0162367224693298,-0.0150330737233161,-0.0213030483573675,-0.0092344768345355,-0.0798113793134689,-0.0543662048876285,0.004139544442296,-0.0054629417136311,0.0084413094446063,-0.0464806109666824,-0.0136266453191638,0.0239332597702741,-0.0398657321929931,0.0064693903550505,0.1103802397847176,-0.0223387982696294,-0.0007404834614135,0.0224270392209291,0.0266765225678682,-0.0166419055312871,-0.0571995340287685,0.001219235593453,-0.0044019049964845,-0.0055234222672879,-0.0319107994437217,-0.0037578684277832,0.0432883277535438,-0.0121967140585184,-0.0578606948256492,-0.0010594865307211,-0.0030303339008241,0.002655750606209,-0.043370496481657,0.0032471634913235,-0.0249379912361054,0.0037904260253878,-0.0394981284860347,0.0383699424921759,-0.0207558267029071,0.0272928948806521,-0.026332045731626,-0.030211845121147,-0.2334262136691072,0.1624079062767547,-0.2355947857732911,-0.0154029500070883,2019-02-19,2019-02-20,2019-02-21,2019-02-22,2019-02-25,2019-02-26,2019-02-27,2019-02-28,2019-03-01,2019-03-04,14185.0,2019-02-15,252.0,-12.9332%,-0.0022,1.0698,0.1059,0.0991,2.3164%,2.5705%,18.7948%,-0.144454,CPS,14185.0,2019-02-19,252.0,-4.3370%,-0.0023,1.0603,0.0797,0.0704,2.3328%,2.5822%,18.3890%,-0.046108,CPS,14185.0,2019-02-20,252.0,1.9268%,-0.0024,1.0615,0.0635,0.0698,2.3200%,2.5711%,18.5790%,0.016591,CPS,14185.0,2019-02-21,252.0,-1.4933%,-0.0025,1.0684,0.0758,0.0826,2.3189%,2.5720%,18.7096%,-0.0109,CPS,14185.0,2019-02-22,252.0,1.8384%,-0.0025,1.0662,0.0818,0.0614,2.3207%,2.5750%,18.7768%,0.012136,CPS,14185.0,2019-02-25,252.0,0.1108%,-0.0025,1.0676,0.082,0.0665,2.3196%,2.5741%,18.7976%,-0.000268,CPS,14185.0,2019-02-26,252.0,-1.1705%,-0.0025,1.0749,0.0845,0.0732,2.3191%,2.5745%,18.8537%,-0.009353,CPS,14185.0,2019-02-27,252.0,-2.6248%,-0.0026,1.0703,0.0852,0.0724,2.3237%,2.5756%,18.6056%,-0.027388,CPS,14185.0,2019-02-28,252.0,-1.1999%,-0.0027,1.0757,0.0887,0.0777,2.3235%,2.5761%,18.6483%,-0.008617,CPS,14185.0,2019-03-01,252.0,3.4270%,-0.0026,1.0836,0.1006,0.0765,2.3307%,2.5857%,18.7538%,0.026489,CPS,14185.0,2019-03-04,252.0,1.1099%,-0.0024,1.0715,0.1235,0.0836,2.3300%,2.5787%,18.3546%,0.016748,CPS,-0.190562,-0.173971,-0.184871,-0.173003,-0.175124
29955,COOPER STANDARD HOLDINGS INC,"Cooper-Standard Holdings Inc. Late Thursday Reported Q4 Adj. EPS $1.53 Missed $2.06 Estimate, Sales $871.987M Miss $894.55M Estimate",6,decrease,0.85,0.7,"the company reported lower-than-expected earnings and sales, which typically leads to a decrease in stock price as it indicates underperformance relative to market expectations.",0,2019-02-15,CPS,2019-02-15 13:39:00+00:00,14185.0,21676P10,-0.1293324828147888,906587.0,-0.043370496481657,0.0032471634913235,0.019268175587058,0.0005415041814558,-0.0149325244128704,0.0344489403069019,0.0183841846883297,0.0223336461931467,0.0011084669968113,-0.032280433923006,-0.011705182492733,-0.0401595309376716,-0.0262483898550272,-0.0098749184980988,-0.0119986776262521,-0.0115825021639466,0.0342704616487026,-0.0046632206067442,0.0110986400395631,0.0096782352775335,-0.0318167358636856,0.0115094957873225,-0.0366414636373519,0.020245648920536,-0.0271192248910665,-0.0075017437338829,-0.0150771494954824,-0.0054622441530227,0.0345318354666233,0.0192829743027687,-0.020818980410695,0.0179707370698452,-0.0311017483472824,-0.0169860050082206,-0.0335509330034256,-0.0083547066897153,-0.0076937479898333,0.0308376345783472,0.0066187302581965,0.0136581426486372,-0.0231072623282671,0.011104766279459,-0.0326923206448555,-0.018034404143691,0.0159045569598674,0.0381712205708026,-0.0279843509197235,-0.0303967930376529,-0.0100664384663105,0.0195122044533491,-0.0205409470945596,0.0101448837667703,0.0180647615343332,0.0303120613098144,-0.025086672976613,0.0439594648778438,-0.0175732243806123,0.0390346571803093,0.05387569591403,-0.0321366861462593,-0.0054556564427912,0.0268834829330444,0.0631857067346572,0.0271163918077945,0.0338237434625625,0.0013244703877717,-0.0009242003434337,0.0071702566929161,0.0149861499667167,0.0291745457798242,-0.0173168200999498,-0.0379725806415081,0.0242997836321592,-0.0224338192492723,-0.0090546896681189,-0.020085409283638,0.0316154882311821,-0.0167936254292726,-0.0189548209309577,0.0159557405859231,0.036475270986557,-0.0273509919643402,0.0222996305674314,-0.0050451280549168,0.0052829138003289,-0.0141672166064381,-0.0603492334485054,0.0126679167151451,0.0162367224693298,-0.0150330737233161,-0.0213030483573675,-0.0092344768345355,-0.0798113793134689,-0.0543662048876285,0.004139544442296,-0.0054629417136311,0.0084413094446063,-0.0464806109666824,-0.0136266453191638,0.0239332597702741,-0.0398657321929931,0.0064693903550505,0.1103802397847176,-0.0223387982696294,-0.0007404834614135,0.0224270392209291,0.0266765225678682,-0.0166419055312871,-0.0571995340287685,0.001219235593453,-0.0044019049964845,-0.0055234222672879,-0.0319107994437217,-0.0037578684277832,0.0432883277535438,-0.0121967140585184,-0.0578606948256492,-0.0010594865307211,-0.0030303339008241,0.002655750606209,-0.043370496481657,0.0032471634913235,-0.0249379912361054,0.0037904260253878,-0.0394981284860347,0.0383699424921759,-0.0207558267029071,0.0272928948806521,-0.026332045731626,-0.030211845121147,-0.2334262136691072,0.1624079062767547,-0.2355947857732911,-0.0154029500070883,2019-02-19,2019-02-20,2019-02-21,2019-02-22,2019-02-25,2019-02-26,2019-02-27,2019-02-28,2019-03-01,2019-03-04,14185.0,2019-02-15,252.0,-12.9332%,-0.0022,1.0698,0.1059,0.0991,2.3164%,2.5705%,18.7948%,-0.144454,CPS,14185.0,2019-02-19,252.0,-4.3370%,-0.0023,1.0603,0.0797,0.0704,2.3328%,2.5822%,18.3890%,-0.046108,CPS,14185.0,2019-02-20,252.0,1.9268%,-0.0024,1.0615,0.0635,0.0698,2.3200%,2.5711%,18.5790%,0.016591,CPS,14185.0,2019-02-21,252.0,-1.4933%,-0.0025,1.0684,0.0758,0.0826,2.3189%,2.5720%,18.7096%,-0.0109,CPS,14185.0,2019-02-22,252.0,1.8384%,-0.0025,1.0662,0.0818,0.0614,2.3207%,2.5750%,18.7768%,0.012136,CPS,14185.0,2019-02-25,252.0,0.1108%,-0.0025,1.0676,0.082,0.0665,2.3196%,2.5741%,18.7976%,-0.000268,CPS,14185.0,2019-02-26,252.0,-1.1705%,-0.0025,1.0749,0.0845,0.0732,2.3191%,2.5745%,18.8537%,-0.009353,CPS,14185.0,2019-02-27,252.0,-2.6248%,-0.0026,1.0703,0.0852,0.0724,2.3237%,2.5756%,18.6056%,-0.027388,CPS,14185.0,2019-02-28,252.0,-1.1999%,-0.0027,1.0757,0.0887,0.0777,2.3235%,2.5761%,18.6483%,-0.008617,CPS,14185.0,2019-03-01,252.0,3.4270%,-0.0026,1.0836,0.1006,0.0765,2.3307%,2.5857%,18.7538%,0.026489,CPS,14185.0,2019-03-04,252.0,1.1099%,-0.0024,1.0715,0.1235,0.0836,2.3300%,2.5787%,18.3546%,0.016748,CPS,-0.190562,-0.173971,-0.184871,-0.173003,-0.175124
29963,COMPUTER PROGRAMS & SYSTEMS INC,"Computer Programs and Systems shares are trading higher after the company reported Q4 EPS of $0.78, beating the $0.57 consensus estimate.",6,increase,0.8,0.7,"the company's q4 eps of $0.78 exceeded the consensus estimate of $0.57, which typically leads to positive investor sentiment and an increase in stock price.",2,2019-02-15,CPSI,2019-02-15 15:42:00+00:00,89387.0,20530610,0.1446409970521927,751013.0,0.0039394265040755,0.0205309707671403,-0.0039239679463207,0.0161870773881673,-0.0151515156030654,0.0164533406496048,0.0221538841724395,0.0312971323728561,0.0054184314794838,0.0133741069585084,-0.0044910633005201,0.0053783860057592,0.0012030350044369,-0.0113938180729746,-0.0075098313391208,0.0126923043280839,-0.0148754669353365,-0.0038314322009682,-0.0166410133242607,-0.0053353426046669,-0.0009401656570844,0.0080675790086388,-0.0338770374655723,-0.0007676986861042,0.0029220830183476,-0.0098821828141808,0.007122085429728,-0.0226597543805837,-0.0090003432705998,-0.0106578106060624,-0.0038923399988561,0.0074046226218342,-0.0130250612273812,0.0119894975796341,-0.012537089176476,-0.0133086396381259,-0.0120280859991908,-0.0051489993929862,0.0128508983179926,0.032662384212017,-0.0083472449332475,-0.0086596217006444,0.0084175085648894,0.0072051049210131,0.006677757948637,-0.0226092934608459,-0.0102819064632058,-0.0066274045966565,0.0050267968326807,0.0040665660053491,-0.011003665626049,0.0059501617215573,-0.0080916984006762,0.0143341813236475,0.0047586467117071,0.0157088059931993,0.0043978709727525,0.0219263676553964,-0.0050521930679678,-0.0050642448477447,0.0010155307827517,0.0227091517299413,0.0077781379222869,-0.0082970801740884,0.0,0.0047637526877224,0.0,-0.0247773677110672,-0.0016778267454355,0.062962993979454,0.0094117876142263,-0.0101832998916506,0.0199799686670303,0.0119537925347685,-0.0117531409487128,-0.0057376800104975,-0.0118929836899042,-0.0020450365263968,0.0143764726817607,0.0004091746523045,-0.0036255968734622,-0.0389303863048553,-0.0383724719285965,-0.0290187168866396,0.0089439367875456,-0.0154135283082723,0.0064780269749462,0.0049112606793642,0.0115176197141408,0.0045540388673543,0.0040187183767557,0.0019011842086911,0.0043362597934901,-0.0003800923295784,0.0189305767416954,0.0111452341079711,-0.0042373230680823,-0.0380775891244411,-0.0052373111248016,0.0138680255040526,-0.0046067587099969,0.0011257292935624,-0.0066115953959524,0.0026335476431995,-0.1068219393491745,0.0129573233425617,0.0450819320976734,0.0218068324029445,0.0160428080707788,0.0102281756699085,0.0098245851695537,-0.0035280340816825,-0.019110532477498,0.0019639099482446,-0.0141693102195859,-0.0039123781025409,-0.0240747425705194,0.0039277449250221,0.0106775006279349,-0.0039123781025409,0.0039394265040755,0.0205309707671403,3.74425823679303e-10,0.0370503845679697,-0.0151515152343127,0.0541133278160701,0.0121212585830239,0.1016430980415075,-0.030094758051936,0.09870427631317,-0.1021309356825854,0.1231008877593449,-0.165656547664867,0.1279342934305058,2019-02-19,2019-02-20,2019-02-21,2019-02-22,2019-02-25,2019-02-26,2019-02-27,2019-02-28,2019-03-01,2019-03-04,89387.0,2019-02-15,252.0,14.4641%,0.0003,0.8176,1.1512,0.2612,1.7518%,2.0238%,25.0752%,0.133178,CPSI,89387.0,2019-02-19,252.0,0.3939%,0.0002,0.8107,1.1591,0.2705,1.7470%,2.0167%,24.9600%,-0.001836,CPSI,89387.0,2019-02-20,252.0,-0.3924%,0.0002,0.8095,1.1635,0.2681,1.7451%,2.0156%,25.0397%,-0.009602,CPSI,89387.0,2019-02-21,252.0,-1.5152%,0.0002,0.8103,1.1627,0.2697,1.7462%,2.0158%,24.9609%,-0.010825,CPSI,89387.0,2019-02-22,252.0,2.2154%,0.0003,0.8078,1.1793,0.2542,1.7473%,2.0203%,25.1992%,0.014357,CPSI,89387.0,2019-02-25,252.0,0.5418%,0.0004,0.8066,1.1745,0.2473,1.7468%,2.0194%,25.1798%,0.00763,CPSI,89387.0,2019-02-26,252.0,-0.4491%,0.0004,0.8075,1.1671,0.2442,1.7469%,2.0195%,25.1736%,0.005032,CPSI,89387.0,2019-02-27,252.0,0.1203%,0.0004,0.814,1.1549,0.2453,1.7444%,2.0181%,25.2818%,-0.001548,CPSI,89387.0,2019-02-28,252.0,-0.7510%,0.0004,0.8232,1.161,0.2532,1.7421%,2.0187%,25.5258%,-0.004704,CPSI,89387.0,2019-03-01,252.0,-1.4875%,0.0003,0.8179,1.1531,0.2559,1.7484%,2.0187%,24.9852%,-0.023247,CPSI,89387.0,2019-03-04,252.0,-1.6641%,0.0003,0.8117,1.1819,0.2556,1.7465%,2.0197%,25.2191%,-0.008863,CPSI,0.131342,0.1217399999999999,0.1109149999999999,0.132902,0.099572
29971,COMPUTER PROGRAMS & SYSTEMS INC,"Computer Programs Q4 EPS $0.78 Beats $0.57 Estimate, Sales $72.3M Miss $74.15M Estimate",6,uncertain,0.6,0.3,"while the earnings per share (eps) beat estimates, the sales miss could lead to mixed reactions from investors, making the overall impact on the stock price uncertain.",1,2019-02-15,CPSI,2019-02-15 12:04:00+00:00,89387.0,20530610,0.1446409970521927,751013.0,0.0039394265040755,0.0205309707671403,-0.0039239679463207,0.0161870773881673,-0.0151515156030654,0.0164533406496048,0.0221538841724395,0.0312971323728561,0.0054184314794838,0.0133741069585084,-0.0044910633005201,0.0053783860057592,0.0012030350044369,-0.0113938180729746,-0.0075098313391208,0.0126923043280839,-0.0148754669353365,-0.0038314322009682,-0.0166410133242607,-0.0053353426046669,-0.0009401656570844,0.0080675790086388,-0.0338770374655723,-0.0007676986861042,0.0029220830183476,-0.0098821828141808,0.007122085429728,-0.0226597543805837,-0.0090003432705998,-0.0106578106060624,-0.0038923399988561,0.0074046226218342,-0.0130250612273812,0.0119894975796341,-0.012537089176476,-0.0133086396381259,-0.0120280859991908,-0.0051489993929862,0.0128508983179926,0.032662384212017,-0.0083472449332475,-0.0086596217006444,0.0084175085648894,0.0072051049210131,0.006677757948637,-0.0226092934608459,-0.0102819064632058,-0.0066274045966565,0.0050267968326807,0.0040665660053491,-0.011003665626049,0.0059501617215573,-0.0080916984006762,0.0143341813236475,0.0047586467117071,0.0157088059931993,0.0043978709727525,0.0219263676553964,-0.0050521930679678,-0.0050642448477447,0.0010155307827517,0.0227091517299413,0.0077781379222869,-0.0082970801740884,0.0,0.0047637526877224,0.0,-0.0247773677110672,-0.0016778267454355,0.062962993979454,0.0094117876142263,-0.0101832998916506,0.0199799686670303,0.0119537925347685,-0.0117531409487128,-0.0057376800104975,-0.0118929836899042,-0.0020450365263968,0.0143764726817607,0.0004091746523045,-0.0036255968734622,-0.0389303863048553,-0.0383724719285965,-0.0290187168866396,0.0089439367875456,-0.0154135283082723,0.0064780269749462,0.0049112606793642,0.0115176197141408,0.0045540388673543,0.0040187183767557,0.0019011842086911,0.0043362597934901,-0.0003800923295784,0.0189305767416954,0.0111452341079711,-0.0042373230680823,-0.0380775891244411,-0.0052373111248016,0.0138680255040526,-0.0046067587099969,0.0011257292935624,-0.0066115953959524,0.0026335476431995,-0.1068219393491745,0.0129573233425617,0.0450819320976734,0.0218068324029445,0.0160428080707788,0.0102281756699085,0.0098245851695537,-0.0035280340816825,-0.019110532477498,0.0019639099482446,-0.0141693102195859,-0.0039123781025409,-0.0240747425705194,0.0039277449250221,0.0106775006279349,-0.0039123781025409,0.0039394265040755,0.0205309707671403,3.74425823679303e-10,0.0370503845679697,-0.0151515152343127,0.0541133278160701,0.0121212585830239,0.1016430980415075,-0.030094758051936,0.09870427631317,-0.1021309356825854,0.1231008877593449,-0.165656547664867,0.1279342934305058,2019-02-19,2019-02-20,2019-02-21,2019-02-22,2019-02-25,2019-02-26,2019-02-27,2019-02-28,2019-03-01,2019-03-04,89387.0,2019-02-15,252.0,14.4641%,0.0003,0.8176,1.1512,0.2612,1.7518%,2.0238%,25.0752%,0.133178,CPSI,89387.0,2019-02-19,252.0,0.3939%,0.0002,0.8107,1.1591,0.2705,1.7470%,2.0167%,24.9600%,-0.001836,CPSI,89387.0,2019-02-20,252.0,-0.3924%,0.0002,0.8095,1.1635,0.2681,1.7451%,2.0156%,25.0397%,-0.009602,CPSI,89387.0,2019-02-21,252.0,-1.5152%,0.0002,0.8103,1.1627,0.2697,1.7462%,2.0158%,24.9609%,-0.010825,CPSI,89387.0,2019-02-22,252.0,2.2154%,0.0003,0.8078,1.1793,0.2542,1.7473%,2.0203%,25.1992%,0.014357,CPSI,89387.0,2019-02-25,252.0,0.5418%,0.0004,0.8066,1.1745,0.2473,1.7468%,2.0194%,25.1798%,0.00763,CPSI,89387.0,2019-02-26,252.0,-0.4491%,0.0004,0.8075,1.1671,0.2442,1.7469%,2.0195%,25.1736%,0.005032,CPSI,89387.0,2019-02-27,252.0,0.1203%,0.0004,0.814,1.1549,0.2453,1.7444%,2.0181%,25.2818%,-0.001548,CPSI,89387.0,2019-02-28,252.0,-0.7510%,0.0004,0.8232,1.161,0.2532,1.7421%,2.0187%,25.5258%,-0.004704,CPSI,89387.0,2019-03-01,252.0,-1.4875%,0.0003,0.8179,1.1531,0.2559,1.7484%,2.0187%,24.9852%,-0.023247,CPSI,89387.0,2019-03-04,252.0,-1.6641%,0.0003,0.8117,1.1819,0.2556,1.7465%,2.0197%,25.2191%,-0.008863,CPSI,0.131342,0.1217399999999999,0.1109149999999999,0.132902,0.099572
29979,CANADIAN SOLAR INC,Canadian Solar Announces Three Solar Power Contracts For 94 MWp Of Subsidy-Free Electricity In Alberta's Public Power Auction; Average PPA Price Of C$44.05,6,increase,0.7,0.6,"the announcement of subsidy-free contracts for solar power indicates strong demand and potential revenue growth, which is likely to positively impact canadian solar inc's stock price.",2,2019-02-15,CSIQ,2019-02-15 21:01:00+00:00,91607.0,13663510,-0.0283821430057287,801051.0,0.0856863781809806,0.0014210696099326,-0.0336322896182537,-0.0103140790015459,0.0292343888431787,0.0,0.096483290195465,0.0369470231235027,-0.0296052359044551,0.0019483198411762,0.0105932205915451,-0.0200477354228496,0.0142557714134454,0.0586154535412788,0.019429488107562,-0.0090134404599666,0.0133819924667477,0.0106274839490652,-0.0224089417606592,-0.0839128196239471,-0.0090053714811801,0.0325514748692512,-0.0272614564746618,0.0150631424039602,-0.010615712031722,0.0024354229681193,-0.0098712248727679,0.0522809028625488,0.0212396960705518,0.0755237564444542,0.0029711246024817,0.0461360588669776,0.0012696016347035,0.0034721912816166,-0.007607789710164,-0.0415973365306854,-0.0080919349566102,-0.0082508036866784,0.0017174326349049,0.0005503703141584,0.0064294734038412,0.0027593397535383,0.0059625767171382,0.0237288177013397,-0.1837425976991653,0.0022650575265288,-0.027489660307765,0.0022700910922139,-0.0122666424140334,0.0238234624266624,-0.0172786004841327,0.0046701650135219,0.0054944213479757,0.0196428541094064,0.0262295883148908,0.0262674633413553,-0.0079873017966747,0.0812417715787887,0.0246914122253656,0.0484765097498893,-0.0052383644506335,0.0069734607823193,0.0078988745808601,-0.008298747241497,0.0,0.0027739224024116,0.0094044050201773,-0.0006930165109224,0.0067288340069353,0.0366379469633102,-0.0272493921220302,-0.0279329344630241,-0.0058139855973422,-0.0689207017421722,-0.0186071451753377,-0.0447205118834972,0.0195016600191593,-0.0224650241434574,0.0005313617875799,0.0287319850176572,0.0154010048136115,-0.0390155836939811,0.0010459492914378,-0.0112759955227375,-0.0067920149303972,0.0023795906454324,0.0299842022359371,0.0453979820013046,0.0347293317317962,-0.0207064654678106,-0.0039486633613705,0.0092193987220525,-0.0059465230442583,-0.0121432216838002,0.0104686440899968,-0.0012128840899094,-0.0118401460349559,-0.0473714470863342,-0.002496312605217,0.0242603458464145,0.032532513141632,-0.0214244835078716,-0.0111487908288836,-0.0270422268658876,0.0514706447720527,0.0131278270855546,-0.0662004649639129,0.0497303716838359,0.0054916972294449,0.0084592932835221,-0.0238331463187933,0.0030302568338811,-0.040183063596487,0.0197774842381477,0.0132485423237085,-0.0085783945396542,-0.0674686655402183,0.0199999809265136,0.0028042197227478,0.0505581423640251,0.0856863781809806,0.0014210696099326,0.0491722594754049,-0.0089076664158368,0.0798441692723852,-0.0089076664158368,0.1489775679549108,0.0297125532118409,0.1893865228748534,-0.0199351076139184,-0.0705940054550965,0.4639889268522006,-0.1295034955400458,0.3880499133528616,2019-02-19,2019-02-20,2019-02-21,2019-02-22,2019-02-25,2019-02-26,2019-02-27,2019-02-28,2019-03-01,2019-03-04,91607.0,2019-02-15,252.0,-2.8382%,0.0011,0.929,0.6475,0.0269,2.5351%,2.7445%,14.6791%,-0.0409999999999999,CSIQ,91607.0,2019-02-19,252.0,8.5686%,0.0015,0.9473,0.6945,0.0783,2.5851%,2.7952%,14.4684%,0.0818619999999999,CSIQ,91607.0,2019-02-20,252.0,-3.3632%,0.0014,0.9378,0.6791,0.0458,2.5954%,2.8033%,14.2870%,-0.037491,CSIQ,91607.0,2019-02-21,252.0,2.9234%,0.0015,0.9329,0.6762,0.0366,2.6027%,2.8087%,14.1282%,0.033185,CSIQ,91607.0,2019-02-22,252.0,9.6483%,0.0018,0.9201,0.7072,-0.0891,2.6563%,2.8709%,14.3933%,0.087139,CSIQ,91607.0,2019-02-25,252.0,-2.9605%,0.0017,0.9192,0.7217,-0.0846,2.6630%,2.8775%,14.3507%,-0.029407,CSIQ,91607.0,2019-02-26,252.0,1.0593%,0.0018,0.9278,0.6931,-0.0927,2.6618%,2.8775%,14.4329%,0.016304,CSIQ,91607.0,2019-02-27,252.0,1.4256%,0.0018,0.9224,0.7056,-0.0935,2.6614%,2.8760%,14.3685%,0.011893,CSIQ,91607.0,2019-02-28,252.0,1.9429%,0.0019,0.915,0.7012,-0.1036,2.6640%,2.8755%,14.1649%,0.021814,CSIQ,91607.0,2019-03-01,252.0,1.3382%,0.0018,0.9292,0.7223,-0.0827,2.6603%,2.8757%,14.4232%,0.0042559999999999,CSIQ,91607.0,2019-03-04,252.0,-2.2409%,0.0017,0.9342,0.7204,-0.0873,2.6619%,2.8799%,14.5640%,-0.014455,CSIQ,0.0408619999999999,0.0033709999999999,0.036556,0.094288,0.1341
29987,COGNIZANT TECHNOLOGY SOLS CORP,Cognizant Resolves Previously Disclosed FCPA Matter With US Authorities; Resolutions Require Co. To Pay Approximately $28M To US DOJ And US SEC,6,decrease,0.7,0.5,"the resolution of the fcpa matter and the associated financial penalty of approximately $28 million may negatively impact investor sentiment and the company's financials, leading to a potential decrease in stock price.",0,2019-02-15,CTSH,2019-02-15 16:55:00+00:00,86158.0,19244610,0.0060174344107508,2872081.0,-0.0051658139564096,-0.0062516862526535,-0.0099754072725772,0.0017699780873954,-0.0125952064990997,0.0065779872238636,0.0145780900493264,-0.0025970807764679,-0.0017960383556783,0.0023291655816137,-0.0029065618291497,-0.0202684849500656,-0.0101333055645227,0.0462013892829418,-0.0046276007778942,-0.0011222027242183,0.0162016600370407,0.0163958016782999,-0.005129559431225,0.0066015943884849,-0.0051561137661337,-0.0017192369559779,0.0009805252775549,0.0166035443544387,0.0121746817603707,-0.0042058490216732,-0.0163141191005706,-0.0152813447639346,0.0168657340109348,0.0278918650001287,-0.0078783649951219,0.0158068183809518,-0.0079409265890717,0.0038921332452446,-0.0039320150390267,-0.0150397615507245,0.0169180445373058,0.0190833453088998,-0.0034659644588828,0.011551939882338,0.0019476822344586,-0.0030307159759104,-0.0043043261393904,0.0210428703576326,0.0068330480717122,-0.0044670505449175,-0.0181440114974975,0.0016972784651443,-0.0019748820923268,0.008558907546103,0.004805602133274,-0.0009327978477813,-0.0008439662633463,0.0113207744434475,0.0077432501129806,-0.0015698946081101,0.0121541647240519,0.0425532311201095,0.019323693588376,-0.0315422676503658,-0.0037914528511464,-0.0061436579562723,0.0082914317026734,0.0087398579344153,-0.0052574733272194,-0.0023779568728059,0.0055562546476721,0.0115458825603127,0.0028302792925387,0.0389870069921016,-0.0005375744076445,-0.0011649142252281,0.0030925872270017,-0.0428480207920074,-0.0054959254339337,-0.0225751902908086,0.0013478699838742,-0.0060352734290063,0.0004038064216729,-0.0007730852812528,-0.0325618684291839,-0.0457429327070713,0.0034770513884723,-0.0189635958522558,-0.0112266829237341,0.0154344122856855,0.0019625318236649,0.011448061093688,0.0191661305725574,0.0025339962448924,-0.0024708346463739,-0.0133824069052934,0.003577847033739,-0.0201729331165552,0.006033216137439,-0.0088545437902212,-0.0132206780835986,-0.0265536438673734,0.0077347727492451,0.0098272766917943,-0.0106907729059457,0.0132290218025445,-0.0771681889891624,-0.0065008345991373,-0.110493928194046,0.0123032992705702,0.0059071471914649,0.0167272947728633,-0.0182885937392711,0.0113268112763762,0.0080328360199928,-0.0100479805842042,0.002034569857642,0.0156781170517206,0.0005076581146568,-0.0231180246919393,-0.038051750510931,-0.0130812274292111,0.0152953397482633,0.0241736378520727,-0.0051658139564096,-0.0062516862526535,-0.0150896901308774,-0.0044927735129346,-0.0274948388667714,0.0020556603041612,-0.0150896905415968,0.0017811329007657,-0.0217693298785378,0.0493685766031199,0.0067214524424628,0.1589792814282766,-0.2127533520014516,0.06787977186734,2019-02-19,2019-02-20,2019-02-21,2019-02-22,2019-02-25,2019-02-26,2019-02-27,2019-02-28,2019-03-01,2019-03-04,86158.0,2019-02-15,252.0,0.6017%,-0.0005,0.8774,-0.301,-0.2917,1.1033%,1.4976%,45.7299%,-0.002063,CTSH,86158.0,2019-02-19,252.0,-0.5166%,-0.0005,0.8743,-0.3008,-0.2912,1.1028%,1.4928%,45.4279%,-0.0051849999999999,CTSH,86158.0,2019-02-20,252.0,-0.9975%,-0.0006,0.8721,-0.3041,-0.2985,1.1040%,1.4938%,45.3757%,-0.009473,CTSH,86158.0,2019-02-21,252.0,-1.2595%,-0.0006,0.8785,-0.2933,-0.2867,1.1033%,1.4950%,45.5314%,-0.0103679999999999,CTSH,86158.0,2019-02-22,252.0,1.4578%,-0.0007,0.8782,-0.3094,-0.3051,1.1011%,1.4975%,45.9346%,0.006166,CTSH,86158.0,2019-02-25,252.0,-0.1796%,-0.0007,0.8779,-0.3078,-0.3055,1.1012%,1.4974%,45.9209%,-0.004567,CTSH,86158.0,2019-02-26,252.0,-0.2907%,-0.0007,0.8807,-0.305,-0.302,1.1013%,1.4957%,45.7888%,-0.00458,CTSH,86158.0,2019-02-27,252.0,-1.0133%,-0.0007,0.883,-0.3121,-0.3016,1.1025%,1.4965%,45.7240%,-0.010809,CTSH,86158.0,2019-02-28,252.0,-0.4628%,-0.0007,0.8864,-0.3098,-0.2987,1.1020%,1.4964%,45.7661%,-0.002682,CTSH,86158.0,2019-03-01,252.0,1.6202%,-0.0007,0.89,-0.3045,-0.2978,1.1038%,1.4997%,45.8296%,0.009433,CTSH,86158.0,2019-03-04,252.0,-0.5130%,-0.0007,0.8888,-0.3006,-0.2975,1.1037%,1.4964%,45.6057%,-0.0006479999999999,CTSH,-0.0072479999999999,-0.016721,-0.027089,-0.02549,-0.0347759999999999
29995,COGNIZANT TECHNOLOGY SOLS CORP,Hearing Federal Grand Jury Returns Indictment Against Former President And Former Chief Legal Officer Of Cognizant Technology Solutions Over Alleged Multi-Million Dollar Foreign Bribery Scheme,6,decrease,0.85,0.7,"the indictment of high-ranking executives over a bribery scheme is likely to damage the company's reputation and investor confidence, leading to a decrease in stock price.",0,2019-02-15,CTSH,2019-02-15 16:00:00+00:00,86158.0,19244610,0.0060174344107508,2872081.0,-0.0051658139564096,-0.0062516862526535,-0.0099754072725772,0.0017699780873954,-0.0125952064990997,0.0065779872238636,0.0145780900493264,-0.0025970807764679,-0.0017960383556783,0.0023291655816137,-0.0029065618291497,-0.0202684849500656,-0.0101333055645227,0.0462013892829418,-0.0046276007778942,-0.0011222027242183,0.0162016600370407,0.0163958016782999,-0.005129559431225,0.0066015943884849,-0.0051561137661337,-0.0017192369559779,0.0009805252775549,0.0166035443544387,0.0121746817603707,-0.0042058490216732,-0.0163141191005706,-0.0152813447639346,0.0168657340109348,0.0278918650001287,-0.0078783649951219,0.0158068183809518,-0.0079409265890717,0.0038921332452446,-0.0039320150390267,-0.0150397615507245,0.0169180445373058,0.0190833453088998,-0.0034659644588828,0.011551939882338,0.0019476822344586,-0.0030307159759104,-0.0043043261393904,0.0210428703576326,0.0068330480717122,-0.0044670505449175,-0.0181440114974975,0.0016972784651443,-0.0019748820923268,0.008558907546103,0.004805602133274,-0.0009327978477813,-0.0008439662633463,0.0113207744434475,0.0077432501129806,-0.0015698946081101,0.0121541647240519,0.0425532311201095,0.019323693588376,-0.0315422676503658,-0.0037914528511464,-0.0061436579562723,0.0082914317026734,0.0087398579344153,-0.0052574733272194,-0.0023779568728059,0.0055562546476721,0.0115458825603127,0.0028302792925387,0.0389870069921016,-0.0005375744076445,-0.0011649142252281,0.0030925872270017,-0.0428480207920074,-0.0054959254339337,-0.0225751902908086,0.0013478699838742,-0.0060352734290063,0.0004038064216729,-0.0007730852812528,-0.0325618684291839,-0.0457429327070713,0.0034770513884723,-0.0189635958522558,-0.0112266829237341,0.0154344122856855,0.0019625318236649,0.011448061093688,0.0191661305725574,0.0025339962448924,-0.0024708346463739,-0.0133824069052934,0.003577847033739,-0.0201729331165552,0.006033216137439,-0.0088545437902212,-0.0132206780835986,-0.0265536438673734,0.0077347727492451,0.0098272766917943,-0.0106907729059457,0.0132290218025445,-0.0771681889891624,-0.0065008345991373,-0.110493928194046,0.0123032992705702,0.0059071471914649,0.0167272947728633,-0.0182885937392711,0.0113268112763762,0.0080328360199928,-0.0100479805842042,0.002034569857642,0.0156781170517206,0.0005076581146568,-0.0231180246919393,-0.038051750510931,-0.0130812274292111,0.0152953397482633,0.0241736378520727,-0.0051658139564096,-0.0062516862526535,-0.0150896901308774,-0.0044927735129346,-0.0274948388667714,0.0020556603041612,-0.0150896905415968,0.0017811329007657,-0.0217693298785378,0.0493685766031199,0.0067214524424628,0.1589792814282766,-0.2127533520014516,0.06787977186734,2019-02-19,2019-02-20,2019-02-21,2019-02-22,2019-02-25,2019-02-26,2019-02-27,2019-02-28,2019-03-01,2019-03-04,86158.0,2019-02-15,252.0,0.6017%,-0.0005,0.8774,-0.301,-0.2917,1.1033%,1.4976%,45.7299%,-0.002063,CTSH,86158.0,2019-02-19,252.0,-0.5166%,-0.0005,0.8743,-0.3008,-0.2912,1.1028%,1.4928%,45.4279%,-0.0051849999999999,CTSH,86158.0,2019-02-20,252.0,-0.9975%,-0.0006,0.8721,-0.3041,-0.2985,1.1040%,1.4938%,45.3757%,-0.009473,CTSH,86158.0,2019-02-21,252.0,-1.2595%,-0.0006,0.8785,-0.2933,-0.2867,1.1033%,1.4950%,45.5314%,-0.0103679999999999,CTSH,86158.0,2019-02-22,252.0,1.4578%,-0.0007,0.8782,-0.3094,-0.3051,1.1011%,1.4975%,45.9346%,0.006166,CTSH,86158.0,2019-02-25,252.0,-0.1796%,-0.0007,0.8779,-0.3078,-0.3055,1.1012%,1.4974%,45.9209%,-0.004567,CTSH,86158.0,2019-02-26,252.0,-0.2907%,-0.0007,0.8807,-0.305,-0.302,1.1013%,1.4957%,45.7888%,-0.00458,CTSH,86158.0,2019-02-27,252.0,-1.0133%,-0.0007,0.883,-0.3121,-0.3016,1.1025%,1.4965%,45.7240%,-0.010809,CTSH,86158.0,2019-02-28,252.0,-0.4628%,-0.0007,0.8864,-0.3098,-0.2987,1.1020%,1.4964%,45.7661%,-0.002682,CTSH,86158.0,2019-03-01,252.0,1.6202%,-0.0007,0.89,-0.3045,-0.2978,1.1038%,1.4997%,45.8296%,0.009433,CTSH,86158.0,2019-03-04,252.0,-0.5130%,-0.0007,0.8888,-0.3006,-0.2975,1.1037%,1.4964%,45.6057%,-0.0006479999999999,CTSH,-0.0072479999999999,-0.016721,-0.027089,-0.02549,-0.0347759999999999
30003,COGNIZANT TECHNOLOGY SOLS CORP,US SEC Charges Cognizant And Two Former Executives With FCPA Violations,6,decrease,0.8,0.7,"the charges of fcpa violations typically lead to negative investor sentiment and potential financial penalties, which are likely to decrease the stock price.",0,2019-02-15,CTSH,2019-02-15 15:51:00+00:00,86158.0,19244610,0.0060174344107508,2872081.0,-0.0051658139564096,-0.0062516862526535,-0.0099754072725772,0.0017699780873954,-0.0125952064990997,0.0065779872238636,0.0145780900493264,-0.0025970807764679,-0.0017960383556783,0.0023291655816137,-0.0029065618291497,-0.0202684849500656,-0.0101333055645227,0.0462013892829418,-0.0046276007778942,-0.0011222027242183,0.0162016600370407,0.0163958016782999,-0.005129559431225,0.0066015943884849,-0.0051561137661337,-0.0017192369559779,0.0009805252775549,0.0166035443544387,0.0121746817603707,-0.0042058490216732,-0.0163141191005706,-0.0152813447639346,0.0168657340109348,0.0278918650001287,-0.0078783649951219,0.0158068183809518,-0.0079409265890717,0.0038921332452446,-0.0039320150390267,-0.0150397615507245,0.0169180445373058,0.0190833453088998,-0.0034659644588828,0.011551939882338,0.0019476822344586,-0.0030307159759104,-0.0043043261393904,0.0210428703576326,0.0068330480717122,-0.0044670505449175,-0.0181440114974975,0.0016972784651443,-0.0019748820923268,0.008558907546103,0.004805602133274,-0.0009327978477813,-0.0008439662633463,0.0113207744434475,0.0077432501129806,-0.0015698946081101,0.0121541647240519,0.0425532311201095,0.019323693588376,-0.0315422676503658,-0.0037914528511464,-0.0061436579562723,0.0082914317026734,0.0087398579344153,-0.0052574733272194,-0.0023779568728059,0.0055562546476721,0.0115458825603127,0.0028302792925387,0.0389870069921016,-0.0005375744076445,-0.0011649142252281,0.0030925872270017,-0.0428480207920074,-0.0054959254339337,-0.0225751902908086,0.0013478699838742,-0.0060352734290063,0.0004038064216729,-0.0007730852812528,-0.0325618684291839,-0.0457429327070713,0.0034770513884723,-0.0189635958522558,-0.0112266829237341,0.0154344122856855,0.0019625318236649,0.011448061093688,0.0191661305725574,0.0025339962448924,-0.0024708346463739,-0.0133824069052934,0.003577847033739,-0.0201729331165552,0.006033216137439,-0.0088545437902212,-0.0132206780835986,-0.0265536438673734,0.0077347727492451,0.0098272766917943,-0.0106907729059457,0.0132290218025445,-0.0771681889891624,-0.0065008345991373,-0.110493928194046,0.0123032992705702,0.0059071471914649,0.0167272947728633,-0.0182885937392711,0.0113268112763762,0.0080328360199928,-0.0100479805842042,0.002034569857642,0.0156781170517206,0.0005076581146568,-0.0231180246919393,-0.038051750510931,-0.0130812274292111,0.0152953397482633,0.0241736378520727,-0.0051658139564096,-0.0062516862526535,-0.0150896901308774,-0.0044927735129346,-0.0274948388667714,0.0020556603041612,-0.0150896905415968,0.0017811329007657,-0.0217693298785378,0.0493685766031199,0.0067214524424628,0.1589792814282766,-0.2127533520014516,0.06787977186734,2019-02-19,2019-02-20,2019-02-21,2019-02-22,2019-02-25,2019-02-26,2019-02-27,2019-02-28,2019-03-01,2019-03-04,86158.0,2019-02-15,252.0,0.6017%,-0.0005,0.8774,-0.301,-0.2917,1.1033%,1.4976%,45.7299%,-0.002063,CTSH,86158.0,2019-02-19,252.0,-0.5166%,-0.0005,0.8743,-0.3008,-0.2912,1.1028%,1.4928%,45.4279%,-0.0051849999999999,CTSH,86158.0,2019-02-20,252.0,-0.9975%,-0.0006,0.8721,-0.3041,-0.2985,1.1040%,1.4938%,45.3757%,-0.009473,CTSH,86158.0,2019-02-21,252.0,-1.2595%,-0.0006,0.8785,-0.2933,-0.2867,1.1033%,1.4950%,45.5314%,-0.0103679999999999,CTSH,86158.0,2019-02-22,252.0,1.4578%,-0.0007,0.8782,-0.3094,-0.3051,1.1011%,1.4975%,45.9346%,0.006166,CTSH,86158.0,2019-02-25,252.0,-0.1796%,-0.0007,0.8779,-0.3078,-0.3055,1.1012%,1.4974%,45.9209%,-0.004567,CTSH,86158.0,2019-02-26,252.0,-0.2907%,-0.0007,0.8807,-0.305,-0.302,1.1013%,1.4957%,45.7888%,-0.00458,CTSH,86158.0,2019-02-27,252.0,-1.0133%,-0.0007,0.883,-0.3121,-0.3016,1.1025%,1.4965%,45.7240%,-0.010809,CTSH,86158.0,2019-02-28,252.0,-0.4628%,-0.0007,0.8864,-0.3098,-0.2987,1.1020%,1.4964%,45.7661%,-0.002682,CTSH,86158.0,2019-03-01,252.0,1.6202%,-0.0007,0.89,-0.3045,-0.2978,1.1038%,1.4997%,45.8296%,0.009433,CTSH,86158.0,2019-03-04,252.0,-0.5130%,-0.0007,0.8888,-0.3006,-0.2975,1.1037%,1.4964%,45.6057%,-0.0006479999999999,CTSH,-0.0072479999999999,-0.016721,-0.027089,-0.02549,-0.0347759999999999
30011,C V S HEALTH CORP,CVS Health Option Alert: Feb 22 $70 Calls at the Ask: 1581 @ $0.96 vs 8282 OI; Earnings 2/20 Before Open Ref=$68.23,6,uncertain,0.6,0.3,"the significant call option activity suggests bullish sentiment, but the upcoming earnings report introduces uncertainty that could lead to volatility in the stock price.",1,2019-02-15,CVS,2019-02-15 14:38:00+00:00,17005.0,12665010,0.0271826889365911,10245409.0,0.0050337766297161,-0.0014751212438568,-0.0809959396719932,0.011640035547316,-0.0291186962276697,0.0293395351618528,-0.0064153606072068,0.0013843460474163,-0.0116222957149148,-0.0112547203898429,-0.0089825121685862,-0.0042404783889651,-0.0359261743724346,0.0054819649085402,-0.0114529598504304,-0.003641412127763,0.0051876055076718,0.0105796139687299,-0.0373301543295383,-0.0050343526527285,-0.0178699064999818,-0.0062158284708857,-0.0174672324210405,0.0064082723110914,-0.030370358377695,0.0045984527096152,0.0108861662447452,-0.0032085422426462,0.0154921533539891,0.0072328955866396,0.016744215041399,-0.0095295300707221,0.0351326279342174,0.0183302909135818,-0.0121972532942891,-0.0091574862599372,-0.0050107836723327,0.0339276902377605,0.0192446000874042,-0.0086044939234852,0.0074113640002906,0.0028239171952009,-0.0162900742143392,-0.0244872160255909,0.0220798011869192,-0.0071417903527617,-0.0236933901906013,0.0039663538336753,-0.019450394436717,-0.007419713307172,0.0080072544515132,-0.0363344214856624,-0.0241920948028564,-0.0011660375166684,-0.0127659318968653,0.0267884004861116,0.0106821535155177,0.0243752300739288,0.0048210332170128,-0.0053369696252048,-0.0380143485963344,0.000915830140002,0.0126606533303856,0.0050620371475815,0.0115552302449941,-0.0007663308642804,0.0123595474287867,-0.002599079394713,0.0016648196615278,0.0395741499960422,-0.0079409107565879,-0.0122449388727545,0.0027922135777771,-0.0418171249330043,-0.0219045914709568,-0.0307624004781246,0.0022775242105126,-0.0139448139816522,0.0266994852572679,-0.0159853566437959,-0.0059018754400312,-0.0165552981197834,-0.02523192204535,-0.0203081015497446,0.0017129834741353,-0.015167748555541,0.005700156558305,0.0148480627685785,0.0101086935028433,0.0009545586071908,-0.0005664422060362,-0.010122824460268,0.0056678489781916,-0.0323887094855308,0.0056359050795435,-0.0296540856361389,0.0085933664813637,-0.0076709380373358,0.0072235483676195,-0.008478807285428,0.05424789711833,0.002499961759895,-0.0104657644405961,-0.0033636060543358,-0.001233909628354,0.0096854921430349,-0.0010589723242446,0.0213258452713489,-0.0220848061144352,0.0353816971182823,0.0070461286231875,0.0011986145982518,-0.0069968281313776,-0.0056938603520393,-0.0034326761960983,-0.0385742373764514,-0.0242929682135582,-0.0098323300480842,-0.0157933570444583,-0.0063877068459987,0.0050337766297161,-0.0014751212438568,-0.0763698785104999,0.0101477438397441,-0.1032647834448783,0.0397850090887965,-0.1193729234229881,0.029505741518303,-0.195167550372013,0.0326468248007414,-0.2206241926270404,0.04011670060423,-0.2309053321753468,-0.1456555855003029,2019-02-19,2019-02-20,2019-02-21,2019-02-22,2019-02-25,2019-02-26,2019-02-27,2019-02-28,2019-03-01,2019-03-04,17005.0,2019-02-15,252.0,2.7183%,0.0004,0.9565,-0.2768,0.6536,1.5107%,1.7830%,28.2145%,0.014419,CVS,17005.0,2019-02-19,252.0,0.5034%,0.0004,0.9562,-0.2751,0.6556,1.5107%,1.7822%,28.1493%,0.001958,CVS,17005.0,2019-02-20,252.0,-8.0996%,-0.0001,0.9305,-0.3408,0.5617,1.5998%,1.8499%,25.2122%,-0.085914,CVS,17005.0,2019-02-21,252.0,-2.9119%,-0.0001,0.9321,-0.3429,0.5648,1.6057%,1.8558%,25.1337%,-0.024723,CVS,17005.0,2019-02-22,252.0,-0.6415%,-0.0001,0.9313,-0.3143,0.5815,1.6000%,1.8485%,25.0819%,-0.002385,CVS,17005.0,2019-02-25,252.0,-1.1622%,-0.0001,0.9303,-0.3089,0.5808,1.6011%,1.8487%,24.9886%,-0.0128899999999999,CVS,17005.0,2019-02-26,252.0,-0.8983%,-0.0001,0.9393,-0.3071,0.5885,1.5999%,1.8494%,25.1621%,-0.0076539999999999,CVS,17005.0,2019-02-27,252.0,-3.5926%,-0.0001,0.9432,-0.3245,0.589,1.6141%,1.8631%,24.9427%,-0.0355819999999999,CVS,17005.0,2019-02-28,252.0,-1.1453%,-0.0002,0.9508,-0.3195,0.5962,1.6131%,1.8644%,25.1453%,-0.0070909999999999,CVS,17005.0,2019-03-01,252.0,0.5188%,-0.0002,0.9534,-0.3157,0.5993,1.6129%,1.8642%,25.1376%,0.001563,CVS,17005.0,2019-03-04,252.0,-3.7330%,-0.0004,0.9607,-0.3077,0.5901,1.6281%,1.8780%,24.8430%,-0.036063,CVS,0.016377,-0.069537,-0.09426,-0.109535,-0.1943619999999999
30019,CYBERARK SOFTWARE LTD,'We See Room For Further Outperformance': CyberArk Analysts Bullish After Q4 Earnings Beat,6,increase,0.8,0.7,"analysts expressing bullish sentiment after a q4 earnings beat typically indicates positive market expectations, which can lead to an increase in stock price.",2,2019-02-15,CYBR,2019-02-15 20:26:00+00:00,14928.0,M2682V10,-0.0289255678653717,1712723.0,0.0075209746137261,0.204677015542984,0.0003928977239411,-0.012574371881783,0.0219931062310934,-0.0197220370173454,0.0172927565872669,0.0030346929561346,0.0118991611525416,0.0239383336156606,-0.0040130685083568,-0.0119399931281805,0.0268927570432424,-0.018526742234826,0.001642488525249,0.0131161920726299,0.0014576265821233,-0.0004520899092312,-0.0387519523501396,0.0082042068243026,0.0118292802944779,0.0101289702579379,-0.0113168638199567,0.0401053354144096,0.0099328644573688,-0.0071318019181489,0.0006556733860634,0.0496568381786346,0.0366001687943935,0.0349948219954967,-9.02520041563548e-05,0.005714317318052,-0.0073151374235749,0.0181145425885915,0.0298398733139038,-0.0368059016764164,-0.0178444944322109,0.0066666235215961,0.0101636741310358,0.010100994259119,0.0191434565931558,-0.0302649270743131,-0.0068145971745252,0.0330824516713619,0.0343068391084671,-0.0107802404090762,-0.0373362749814987,-0.0083991298452019,-0.0031804982572793,0.0162959415465593,0.0283612236380577,-0.0052747158333659,-0.0200810302048921,0.0680132508277893,0.0197889190167188,0.0484010465443134,0.0267357155680656,-0.007009089924395,0.002435894915834,-0.0454668812453746,0.001927294768393,-0.0121392169967293,0.0051852702163159,0.0118739288300275,-0.0496713630855083,0.011318146251142,0.0017509800381958,0.0355917364358902,0.0228107031434774,0.057116936892271,0.0115354908630251,-0.0202813129872083,0.0223010592162609,-0.0262361206114292,-0.0122293485328555,-0.0239200368523597,0.0156433228403329,-0.0019660075195133,0.0039535104297101,0.019178420305252,0.0148494346067309,-0.0554278530180454,-0.0197250992059707,-0.0374755673110485,-0.0291109904646873,-0.0099201779812574,0.03558986261487,0.0105455694720149,0.0336285978555679,0.0142611134797334,-0.0030947420746088,0.0162373427301645,-0.0071638454683125,-0.0216620918363332,0.0227691512554884,0.0461475178599357,0.0132475877180695,-0.0282931104302406,-0.0025530082639306,0.0106555288657546,-0.0148917287588119,0.0311543513089418,0.0072435094043612,0.0155367013067007,0.0082075772807002,0.0509128719568252,0.0018607962410897,-0.0197875816375017,-0.0123046273365616,0.0350903868675231,0.0057979933917522,0.0063655371777713,-0.013632409274578,0.0200989954173564,-0.006949967239052,-0.0423452854156494,-0.0357881337404251,-0.0962130650877952,0.0145166786387562,0.0022801207378506,0.0075209746137261,0.204677015542984,0.0079168273114749,0.18952895875211,0.0300840491666427,0.1660690245943965,0.060366137666068,0.1976061450377986,0.0457198898456299,0.1857337588201963,0.1809994344904346,0.4208083034144672,0.2172191645683976,0.3956545079224041,2019-02-19,2019-02-20,2019-02-21,2019-02-22,2019-02-25,2019-02-26,2019-02-27,2019-02-28,2019-03-01,2019-03-04,14928.0,2019-02-15,252.0,-2.8926%,0.0027,0.7825,0.362,-1.3937,2.2425%,2.6783%,29.8935%,-0.032714,CYBR,14928.0,2019-02-19,252.0,0.7521%,0.0025,0.766,0.391,-1.3596,2.2138%,2.6376%,29.5534%,0.009066,CYBR,14928.0,2019-02-20,252.0,0.0393%,0.0026,0.7688,0.4067,-1.347,2.2097%,2.6338%,29.6091%,0.005455,CYBR,14928.0,2019-02-21,252.0,2.1993%,0.0025,0.775,0.4237,-1.3357,2.2052%,2.6313%,29.7680%,0.021924,CYBR,14928.0,2019-02-22,252.0,1.7293%,0.0025,0.7767,0.4242,-1.3154,2.2065%,2.6325%,29.7490%,-0.009811,CYBR,14928.0,2019-02-25,252.0,1.1899%,0.0025,0.7772,0.4213,-1.3151,2.2067%,2.6324%,29.7275%,0.0093689999999999,CYBR,14928.0,2019-02-26,252.0,-0.4013%,0.0025,0.7854,0.423,-1.3081,2.2060%,2.6328%,29.7955%,-0.004513,CYBR,14928.0,2019-02-27,252.0,2.6893%,0.0027,0.7926,0.4166,-1.3068,2.2080%,2.6365%,29.8643%,0.023712,CYBR,14928.0,2019-02-28,252.0,0.1642%,0.0027,0.785,0.4113,-1.3118,2.2060%,2.6311%,29.7036%,0.000649,CYBR,14928.0,2019-03-01,252.0,0.1458%,0.0026,0.7962,0.4279,-1.2883,2.2028%,2.6293%,29.8095%,-0.010725,CYBR,14928.0,2019-03-04,252.0,-3.8752%,0.0024,0.8002,0.442,-1.2956,2.2111%,2.6425%,29.9846%,-0.027966,CYBR,-0.023648,-0.018193,0.003731,0.003289,-0.015554
30027,DANA INC,Dana Inc. Beats Q4 And Full-Year 2018 Expectations,6,increase,0.8,0.7,"beating earnings expectations typically signals strong company performance, which can positively influence investor sentiment and drive up the stock price.",2,2019-02-15,DAN,2019-02-15 19:43:00+00:00,92570.0,23582520,0.1039862036705017,4455601.0,0.0491888336837291,0.0146541623398661,-0.0039900210686028,-0.0035047528799623,-0.0015021923463791,0.0239235367625951,0.0381143540143966,0.0090524815022945,-0.0086956666782498,-0.0224189404398202,-0.0165692083537578,-0.0402037985622882,0.0014865598641335,-0.0095344968140125,-0.0178129188716411,0.0045070378109812,-0.0025316069368273,-0.0089335478842258,-0.01370560657233,0.0164585132151842,-0.0102933999150991,-0.0112232808023691,-0.0244409423321485,0.014228799380362,0.0063965315930545,0.0080320937559008,-0.0217160955071449,-0.0196850597858429,0.0146183250471949,0.0289351847022771,0.0090715093538165,0.0230906642973423,-0.024325706064701,-0.0236994139850139,-0.021680299192667,-0.0259009562432766,0.0105263460427522,0.0361727438867092,0.0197368767112493,0.0184194575995206,-0.0188172236084938,0.0150784077122807,-0.026849303394556,0.0109756281599402,0.0174549240618944,0.0282131545245647,-0.0813502669334411,-0.0172519870102405,0.0126505466178059,0.0099564315751194,0.0130875213071703,0.0268370658159256,0.0105694886296987,0.0242146532982587,0.0220802500844001,0.030343884602189,0.0085275508463382,0.0904411375522613,0.0383314713835716,-0.0180505402386188,-0.0086862025782465,0.0161408856511116,0.0317634120583534,0.0081360694020986,0.0233545936644077,-0.0007390447426587,-0.0036307882983237,-0.0152838453650474,0.0343571975827217,0.0585516393184661,-0.0105687463656067,-0.0091603687033057,0.0071210269816219,-0.0437955781817436,0.0040404004976153,0.0080941617488861,0.0337022170424461,-0.0201874356716871,-0.015085132792592,0.0043446389026939,0.017292508855462,0.0146951340138912,0.0072850710712373,-0.0036603361368179,-0.0120540019124746,-0.0021913610398769,-0.0204978082329034,-0.0228408742696046,0.010961695574224,0.0218818522989749,-0.0078857438638806,0.0007299437420442,-0.0491803176701068,-0.0432960838079452,0.0229885336011648,0.0084506962448358,0.0056180087849497,-0.0501672253012657,-0.0096495952457189,0.0303238853812217,-0.0184615701436996,0.017531557008624,-0.0438871569931507,-0.0435948781669139,-0.0060108583420515,0.0311203189194202,-0.0038482514210045,-0.0353568866848945,-0.0209713596850633,0.0302405208349227,-0.0090191569179296,0.0062240767292678,-0.0113766081631183,0.0447976775467395,-0.0172611773014068,-0.0520548075437545,-0.0474238581955432,-0.0061265625990927,0.0159803461283445,-0.0033921431750059,0.0491888336837291,0.0146541623398661,0.0450025481323883,0.0110980502422397,0.043432753302637,0.0352870916177983,0.07378335060499,0.0212388607645837,0.0218932210070672,-0.0175937194447592,-0.0312263041156851,0.2498194208074964,-0.1306281371590538,0.1743554811858643,2019-02-19,2019-02-20,2019-02-21,2019-02-22,2019-02-25,2019-02-26,2019-02-27,2019-02-28,2019-03-01,2019-03-04,92570.0,2019-02-15,252.0,10.3986%,-0.0012,1.5112,0.8257,0.859,2.0106%,2.5136%,36.0191%,0.082551,DAN,92570.0,2019-02-19,252.0,4.9189%,-0.001,1.5253,0.8441,0.8786,2.0253%,2.5333%,36.0855%,0.041246,DAN,92570.0,2019-02-20,252.0,-0.3990%,-0.001,1.5235,0.848,0.8742,2.0237%,2.5320%,36.1237%,-0.013677,DAN,92570.0,2019-02-21,252.0,-0.1502%,-0.001,1.5276,0.858,0.8816,2.0216%,2.5320%,36.2512%,0.006639,DAN,92570.0,2019-02-22,252.0,3.8114%,-0.0009,1.5221,0.8696,0.826,2.0349%,2.5439%,36.0146%,0.036326,DAN,92570.0,2019-02-25,252.0,-0.8696%,-0.0009,1.5221,0.8727,0.8276,2.0353%,2.5444%,36.0101%,-0.007331,DAN,92570.0,2019-02-26,252.0,-1.6569%,-0.0009,1.5314,0.8707,0.8335,2.0337%,2.5461%,36.1988%,-0.005917,DAN,92570.0,2019-02-27,252.0,0.1487%,-0.0008,1.5349,0.8646,0.8341,2.0331%,2.5460%,36.2304%,-0.000646,DAN,92570.0,2019-02-28,252.0,-1.7813%,-0.0008,1.5326,0.8627,0.8349,2.0335%,2.5418%,35.9958%,-0.011242,DAN,92570.0,2019-03-01,252.0,-0.2532%,-0.0009,1.5288,0.8571,0.8346,2.0349%,2.5369%,35.6599%,-0.012819,DAN,92570.0,2019-03-04,252.0,-1.3706%,-0.001,1.535,0.8411,0.832,2.0337%,2.5381%,35.7984%,-0.005672,DAN,0.1237969999999999,0.11012,0.116759,0.145754,0.1094579999999999
30035,DANA INC,Dana Holding shares are trading higher after the company beat Q4 EPS and sales estimates; the company also reaffirmed FY19 guidance.,6,increase,0.85,0.7,"beating earnings and sales estimates typically boosts investor confidence, leading to an increase in stock price.",2,2019-02-15,DAN,2019-02-15 15:48:00+00:00,92570.0,23582520,0.1039862036705017,4455601.0,0.0491888336837291,0.0146541623398661,-0.0039900210686028,-0.0035047528799623,-0.0015021923463791,0.0239235367625951,0.0381143540143966,0.0090524815022945,-0.0086956666782498,-0.0224189404398202,-0.0165692083537578,-0.0402037985622882,0.0014865598641335,-0.0095344968140125,-0.0178129188716411,0.0045070378109812,-0.0025316069368273,-0.0089335478842258,-0.01370560657233,0.0164585132151842,-0.0102933999150991,-0.0112232808023691,-0.0244409423321485,0.014228799380362,0.0063965315930545,0.0080320937559008,-0.0217160955071449,-0.0196850597858429,0.0146183250471949,0.0289351847022771,0.0090715093538165,0.0230906642973423,-0.024325706064701,-0.0236994139850139,-0.021680299192667,-0.0259009562432766,0.0105263460427522,0.0361727438867092,0.0197368767112493,0.0184194575995206,-0.0188172236084938,0.0150784077122807,-0.026849303394556,0.0109756281599402,0.0174549240618944,0.0282131545245647,-0.0813502669334411,-0.0172519870102405,0.0126505466178059,0.0099564315751194,0.0130875213071703,0.0268370658159256,0.0105694886296987,0.0242146532982587,0.0220802500844001,0.030343884602189,0.0085275508463382,0.0904411375522613,0.0383314713835716,-0.0180505402386188,-0.0086862025782465,0.0161408856511116,0.0317634120583534,0.0081360694020986,0.0233545936644077,-0.0007390447426587,-0.0036307882983237,-0.0152838453650474,0.0343571975827217,0.0585516393184661,-0.0105687463656067,-0.0091603687033057,0.0071210269816219,-0.0437955781817436,0.0040404004976153,0.0080941617488861,0.0337022170424461,-0.0201874356716871,-0.015085132792592,0.0043446389026939,0.017292508855462,0.0146951340138912,0.0072850710712373,-0.0036603361368179,-0.0120540019124746,-0.0021913610398769,-0.0204978082329034,-0.0228408742696046,0.010961695574224,0.0218818522989749,-0.0078857438638806,0.0007299437420442,-0.0491803176701068,-0.0432960838079452,0.0229885336011648,0.0084506962448358,0.0056180087849497,-0.0501672253012657,-0.0096495952457189,0.0303238853812217,-0.0184615701436996,0.017531557008624,-0.0438871569931507,-0.0435948781669139,-0.0060108583420515,0.0311203189194202,-0.0038482514210045,-0.0353568866848945,-0.0209713596850633,0.0302405208349227,-0.0090191569179296,0.0062240767292678,-0.0113766081631183,0.0447976775467395,-0.0172611773014068,-0.0520548075437545,-0.0474238581955432,-0.0061265625990927,0.0159803461283445,-0.0033921431750059,0.0491888336837291,0.0146541623398661,0.0450025481323883,0.0110980502422397,0.043432753302637,0.0352870916177983,0.07378335060499,0.0212388607645837,0.0218932210070672,-0.0175937194447592,-0.0312263041156851,0.2498194208074964,-0.1306281371590538,0.1743554811858643,2019-02-19,2019-02-20,2019-02-21,2019-02-22,2019-02-25,2019-02-26,2019-02-27,2019-02-28,2019-03-01,2019-03-04,92570.0,2019-02-15,252.0,10.3986%,-0.0012,1.5112,0.8257,0.859,2.0106%,2.5136%,36.0191%,0.082551,DAN,92570.0,2019-02-19,252.0,4.9189%,-0.001,1.5253,0.8441,0.8786,2.0253%,2.5333%,36.0855%,0.041246,DAN,92570.0,2019-02-20,252.0,-0.3990%,-0.001,1.5235,0.848,0.8742,2.0237%,2.5320%,36.1237%,-0.013677,DAN,92570.0,2019-02-21,252.0,-0.1502%,-0.001,1.5276,0.858,0.8816,2.0216%,2.5320%,36.2512%,0.006639,DAN,92570.0,2019-02-22,252.0,3.8114%,-0.0009,1.5221,0.8696,0.826,2.0349%,2.5439%,36.0146%,0.036326,DAN,92570.0,2019-02-25,252.0,-0.8696%,-0.0009,1.5221,0.8727,0.8276,2.0353%,2.5444%,36.0101%,-0.007331,DAN,92570.0,2019-02-26,252.0,-1.6569%,-0.0009,1.5314,0.8707,0.8335,2.0337%,2.5461%,36.1988%,-0.005917,DAN,92570.0,2019-02-27,252.0,0.1487%,-0.0008,1.5349,0.8646,0.8341,2.0331%,2.5460%,36.2304%,-0.000646,DAN,92570.0,2019-02-28,252.0,-1.7813%,-0.0008,1.5326,0.8627,0.8349,2.0335%,2.5418%,35.9958%,-0.011242,DAN,92570.0,2019-03-01,252.0,-0.2532%,-0.0009,1.5288,0.8571,0.8346,2.0349%,2.5369%,35.6599%,-0.012819,DAN,92570.0,2019-03-04,252.0,-1.3706%,-0.001,1.535,0.8411,0.832,2.0337%,2.5381%,35.7984%,-0.005672,DAN,0.1237969999999999,0.11012,0.116759,0.145754,0.1094579999999999
30043,DANA INC,"Dana Reaffirms FY19 Adj. EPS $2.90-$3.30, Adj. EPS Including ODS $2.95-$3.45, Sales $8.25B-$8.55B, Sales Including ODS $8.95B-$9.35B",6,increase,0.7,0.6,"the reaffirmation of adjusted eps and sales guidance suggests stability and potential growth, which is likely to positively influence investor sentiment and increase the stock price.",2,2019-02-15,DAN,2019-02-15 12:07:00+00:00,92570.0,23582520,0.1039862036705017,4455601.0,0.0491888336837291,0.0146541623398661,-0.0039900210686028,-0.0035047528799623,-0.0015021923463791,0.0239235367625951,0.0381143540143966,0.0090524815022945,-0.0086956666782498,-0.0224189404398202,-0.0165692083537578,-0.0402037985622882,0.0014865598641335,-0.0095344968140125,-0.0178129188716411,0.0045070378109812,-0.0025316069368273,-0.0089335478842258,-0.01370560657233,0.0164585132151842,-0.0102933999150991,-0.0112232808023691,-0.0244409423321485,0.014228799380362,0.0063965315930545,0.0080320937559008,-0.0217160955071449,-0.0196850597858429,0.0146183250471949,0.0289351847022771,0.0090715093538165,0.0230906642973423,-0.024325706064701,-0.0236994139850139,-0.021680299192667,-0.0259009562432766,0.0105263460427522,0.0361727438867092,0.0197368767112493,0.0184194575995206,-0.0188172236084938,0.0150784077122807,-0.026849303394556,0.0109756281599402,0.0174549240618944,0.0282131545245647,-0.0813502669334411,-0.0172519870102405,0.0126505466178059,0.0099564315751194,0.0130875213071703,0.0268370658159256,0.0105694886296987,0.0242146532982587,0.0220802500844001,0.030343884602189,0.0085275508463382,0.0904411375522613,0.0383314713835716,-0.0180505402386188,-0.0086862025782465,0.0161408856511116,0.0317634120583534,0.0081360694020986,0.0233545936644077,-0.0007390447426587,-0.0036307882983237,-0.0152838453650474,0.0343571975827217,0.0585516393184661,-0.0105687463656067,-0.0091603687033057,0.0071210269816219,-0.0437955781817436,0.0040404004976153,0.0080941617488861,0.0337022170424461,-0.0201874356716871,-0.015085132792592,0.0043446389026939,0.017292508855462,0.0146951340138912,0.0072850710712373,-0.0036603361368179,-0.0120540019124746,-0.0021913610398769,-0.0204978082329034,-0.0228408742696046,0.010961695574224,0.0218818522989749,-0.0078857438638806,0.0007299437420442,-0.0491803176701068,-0.0432960838079452,0.0229885336011648,0.0084506962448358,0.0056180087849497,-0.0501672253012657,-0.0096495952457189,0.0303238853812217,-0.0184615701436996,0.017531557008624,-0.0438871569931507,-0.0435948781669139,-0.0060108583420515,0.0311203189194202,-0.0038482514210045,-0.0353568866848945,-0.0209713596850633,0.0302405208349227,-0.0090191569179296,0.0062240767292678,-0.0113766081631183,0.0447976775467395,-0.0172611773014068,-0.0520548075437545,-0.0474238581955432,-0.0061265625990927,0.0159803461283445,-0.0033921431750059,0.0491888336837291,0.0146541623398661,0.0450025481323883,0.0110980502422397,0.043432753302637,0.0352870916177983,0.07378335060499,0.0212388607645837,0.0218932210070672,-0.0175937194447592,-0.0312263041156851,0.2498194208074964,-0.1306281371590538,0.1743554811858643,2019-02-19,2019-02-20,2019-02-21,2019-02-22,2019-02-25,2019-02-26,2019-02-27,2019-02-28,2019-03-01,2019-03-04,92570.0,2019-02-15,252.0,10.3986%,-0.0012,1.5112,0.8257,0.859,2.0106%,2.5136%,36.0191%,0.082551,DAN,92570.0,2019-02-19,252.0,4.9189%,-0.001,1.5253,0.8441,0.8786,2.0253%,2.5333%,36.0855%,0.041246,DAN,92570.0,2019-02-20,252.0,-0.3990%,-0.001,1.5235,0.848,0.8742,2.0237%,2.5320%,36.1237%,-0.013677,DAN,92570.0,2019-02-21,252.0,-0.1502%,-0.001,1.5276,0.858,0.8816,2.0216%,2.5320%,36.2512%,0.006639,DAN,92570.0,2019-02-22,252.0,3.8114%,-0.0009,1.5221,0.8696,0.826,2.0349%,2.5439%,36.0146%,0.036326,DAN,92570.0,2019-02-25,252.0,-0.8696%,-0.0009,1.5221,0.8727,0.8276,2.0353%,2.5444%,36.0101%,-0.007331,DAN,92570.0,2019-02-26,252.0,-1.6569%,-0.0009,1.5314,0.8707,0.8335,2.0337%,2.5461%,36.1988%,-0.005917,DAN,92570.0,2019-02-27,252.0,0.1487%,-0.0008,1.5349,0.8646,0.8341,2.0331%,2.5460%,36.2304%,-0.000646,DAN,92570.0,2019-02-28,252.0,-1.7813%,-0.0008,1.5326,0.8627,0.8349,2.0335%,2.5418%,35.9958%,-0.011242,DAN,92570.0,2019-03-01,252.0,-0.2532%,-0.0009,1.5288,0.8571,0.8346,2.0349%,2.5369%,35.6599%,-0.012819,DAN,92570.0,2019-03-04,252.0,-1.3706%,-0.001,1.535,0.8411,0.832,2.0337%,2.5381%,35.7984%,-0.005672,DAN,0.1237969999999999,0.11012,0.116759,0.145754,0.1094579999999999
30051,DANA INC,"Dana Holding Q4 EPS $0.71 Beats $0.66 Estimate, Sales $1.973B Beat $1.91B Estimate",6,increase,0.8,0.6,"the company reported better-than-expected earnings and sales, which typically boosts investor confidence and can lead to an increase in stock price.",2,2019-02-15,DAN,2019-02-15 12:06:00+00:00,92570.0,23582520,0.1039862036705017,4455601.0,0.0491888336837291,0.0146541623398661,-0.0039900210686028,-0.0035047528799623,-0.0015021923463791,0.0239235367625951,0.0381143540143966,0.0090524815022945,-0.0086956666782498,-0.0224189404398202,-0.0165692083537578,-0.0402037985622882,0.0014865598641335,-0.0095344968140125,-0.0178129188716411,0.0045070378109812,-0.0025316069368273,-0.0089335478842258,-0.01370560657233,0.0164585132151842,-0.0102933999150991,-0.0112232808023691,-0.0244409423321485,0.014228799380362,0.0063965315930545,0.0080320937559008,-0.0217160955071449,-0.0196850597858429,0.0146183250471949,0.0289351847022771,0.0090715093538165,0.0230906642973423,-0.024325706064701,-0.0236994139850139,-0.021680299192667,-0.0259009562432766,0.0105263460427522,0.0361727438867092,0.0197368767112493,0.0184194575995206,-0.0188172236084938,0.0150784077122807,-0.026849303394556,0.0109756281599402,0.0174549240618944,0.0282131545245647,-0.0813502669334411,-0.0172519870102405,0.0126505466178059,0.0099564315751194,0.0130875213071703,0.0268370658159256,0.0105694886296987,0.0242146532982587,0.0220802500844001,0.030343884602189,0.0085275508463382,0.0904411375522613,0.0383314713835716,-0.0180505402386188,-0.0086862025782465,0.0161408856511116,0.0317634120583534,0.0081360694020986,0.0233545936644077,-0.0007390447426587,-0.0036307882983237,-0.0152838453650474,0.0343571975827217,0.0585516393184661,-0.0105687463656067,-0.0091603687033057,0.0071210269816219,-0.0437955781817436,0.0040404004976153,0.0080941617488861,0.0337022170424461,-0.0201874356716871,-0.015085132792592,0.0043446389026939,0.017292508855462,0.0146951340138912,0.0072850710712373,-0.0036603361368179,-0.0120540019124746,-0.0021913610398769,-0.0204978082329034,-0.0228408742696046,0.010961695574224,0.0218818522989749,-0.0078857438638806,0.0007299437420442,-0.0491803176701068,-0.0432960838079452,0.0229885336011648,0.0084506962448358,0.0056180087849497,-0.0501672253012657,-0.0096495952457189,0.0303238853812217,-0.0184615701436996,0.017531557008624,-0.0438871569931507,-0.0435948781669139,-0.0060108583420515,0.0311203189194202,-0.0038482514210045,-0.0353568866848945,-0.0209713596850633,0.0302405208349227,-0.0090191569179296,0.0062240767292678,-0.0113766081631183,0.0447976775467395,-0.0172611773014068,-0.0520548075437545,-0.0474238581955432,-0.0061265625990927,0.0159803461283445,-0.0033921431750059,0.0491888336837291,0.0146541623398661,0.0450025481323883,0.0110980502422397,0.043432753302637,0.0352870916177983,0.07378335060499,0.0212388607645837,0.0218932210070672,-0.0175937194447592,-0.0312263041156851,0.2498194208074964,-0.1306281371590538,0.1743554811858643,2019-02-19,2019-02-20,2019-02-21,2019-02-22,2019-02-25,2019-02-26,2019-02-27,2019-02-28,2019-03-01,2019-03-04,92570.0,2019-02-15,252.0,10.3986%,-0.0012,1.5112,0.8257,0.859,2.0106%,2.5136%,36.0191%,0.082551,DAN,92570.0,2019-02-19,252.0,4.9189%,-0.001,1.5253,0.8441,0.8786,2.0253%,2.5333%,36.0855%,0.041246,DAN,92570.0,2019-02-20,252.0,-0.3990%,-0.001,1.5235,0.848,0.8742,2.0237%,2.5320%,36.1237%,-0.013677,DAN,92570.0,2019-02-21,252.0,-0.1502%,-0.001,1.5276,0.858,0.8816,2.0216%,2.5320%,36.2512%,0.006639,DAN,92570.0,2019-02-22,252.0,3.8114%,-0.0009,1.5221,0.8696,0.826,2.0349%,2.5439%,36.0146%,0.036326,DAN,92570.0,2019-02-25,252.0,-0.8696%,-0.0009,1.5221,0.8727,0.8276,2.0353%,2.5444%,36.0101%,-0.007331,DAN,92570.0,2019-02-26,252.0,-1.6569%,-0.0009,1.5314,0.8707,0.8335,2.0337%,2.5461%,36.1988%,-0.005917,DAN,92570.0,2019-02-27,252.0,0.1487%,-0.0008,1.5349,0.8646,0.8341,2.0331%,2.5460%,36.2304%,-0.000646,DAN,92570.0,2019-02-28,252.0,-1.7813%,-0.0008,1.5326,0.8627,0.8349,2.0335%,2.5418%,35.9958%,-0.011242,DAN,92570.0,2019-03-01,252.0,-0.2532%,-0.0009,1.5288,0.8571,0.8346,2.0349%,2.5369%,35.6599%,-0.012819,DAN,92570.0,2019-03-04,252.0,-1.3706%,-0.001,1.535,0.8411,0.832,2.0337%,2.5381%,35.7984%,-0.005672,DAN,0.1237969999999999,0.11012,0.116759,0.145754,0.1094579999999999
30059,DEUTSCHE BANK A G,Deutsche Bank Reverses Pledge To Help Distressed Homeowners,6,decrease,0.8,0.7,"reversing a pledge to help distressed homeowners may signal financial instability or a lack of commitment to social responsibility, which could negatively impact investor sentiment and lead to a decrease in stock price.",0,2019-02-15,DB,2019-02-15 19:17:00+00:00,89199.0,D1819089,0.0551558770239353,5861354.0,-0.021590968593955,-0.0234191808849573,0.0150987366214394,0.0,-0.0091533092781901,0.0264423415064811,-0.0011547608301043,0.0158730298280715,0.0138729298487305,-0.0203349385410547,0.0171037185937166,-0.0659218057990074,0.0213004015386104,0.0056179990060627,0.0142700457945466,0.0113635715097188,0.005411276128143,-0.0056497389450669,-0.0096878530457615,-0.0033783481922,-0.004347822163254,-0.0441334620118141,0.0010917281033471,0.0065005873329937,-0.0556161627173423,-0.0043150931596755,-0.0023094115313142,0.0032468277495354,0.0555555000901222,0.042889405041933,-0.0285087972879409,-0.0209945328533649,0.0225734505802393,0.022598847746849,-0.016556354239583,-0.031728658825159,-0.0033669734839349,0.0246637072414159,0.0427928045392036,-0.0398277603089809,-0.0226781889796257,0.0764773860573768,-0.0298343040049076,0.0058275279588997,-0.0398632623255252,0.002336390549317,-0.0260973032563924,-0.0058071124367415,-0.0048721022903919,0.0058410321362316,0.013463850133121,-0.0205948911607265,0.0217391680926084,0.0045976969413459,-0.0319149494171142,0.0211266838014125,-0.0085469717159867,0.0531520769000053,0.0529557019472122,-0.0134145924821496,-0.0058479756116867,0.0061349929310381,0.0105882529169321,0.0124222887679934,-0.0104773165658116,0.030729865655303,-0.0176470130681991,-0.0428921468555927,-0.0035928965080529,0.031605564057827,-0.0096153756603598,0.0050825872458517,-0.003640744369477,-0.0235732663422823,0.0219245199114084,-0.0370369739830493,0.0262216087430715,-0.0368239022791385,0.0034844004549086,0.0104650231078267,0.0266203172504901,-0.0227272510528564,0.0067644217051565,-0.0078917359933257,-0.0167973767966032,-0.0177186988294124,-0.0034168262500315,0.0840335935354232,-0.0240000039339065,-0.0059666098095476,-0.0046838363632559,-0.0400915741920471,-0.0176470130681991,-0.019101133570075,-0.0191617719829082,-0.0176601316779851,0.0158730298280715,-0.0351437591016292,-0.0048076878301799,0.0251092240214347,-0.0157004967331886,-0.0276008732616901,0.0085890367627143,-0.0475227758288383,0.0,0.0050813201814889,-0.0133820688351988,0.0113053051754832,-0.0357582606375217,0.051891840994358,0.0063938251696527,-0.0201270747929811,-0.0114357909187674,0.0227519012987613,0.0115680815652012,-0.0562372393906116,-0.0292249079793691,-0.0030581739265471,0.005235597025603,-0.0090908287093043,-0.021590968593955,-0.0234191808849573,-0.0068182283207174,-0.0234191808849573,-0.0159091282463587,0.0024039026427618,-0.0034090592627988,-0.0023922850750724,0.0454545023953436,-0.0608108050184315,-0.0284090925945966,0.0170732165314839,-0.1272727665253724,-0.1575757058671119,2019-02-19,2019-02-20,2019-02-21,2019-02-22,2019-02-25,2019-02-26,2019-02-27,2019-02-28,2019-03-01,2019-03-04,89199.0,2019-02-15,252.0,5.5156%,-0.0019,1.3352,0.59,1.3838,1.8413%,2.2602%,33.6351%,0.032429,DB,89199.0,2019-02-19,252.0,-2.1591%,-0.002,1.3339,0.5665,1.3575,1.8477%,2.2631%,33.3447%,-0.03009,DB,89199.0,2019-02-20,252.0,1.5099%,-0.0019,1.3359,0.573,1.3652,1.8478%,2.2658%,33.4901%,0.0037519999999999,DB,89199.0,2019-02-21,252.0,-0.9153%,-0.0021,1.3498,0.6016,1.3906,1.8311%,2.2603%,34.3724%,-0.00077,DB,89199.0,2019-02-22,252.0,-0.1155%,-0.0021,1.3488,0.5947,1.3726,1.8315%,2.2596%,34.3016%,0.007105,DB,89199.0,2019-02-25,252.0,1.3873%,-0.002,1.3485,0.5857,1.367,1.8349%,2.2616%,34.1700%,0.015767,DB,89199.0,2019-02-26,252.0,1.7104%,-0.0018,1.3513,0.5422,1.347,1.8418%,2.2648%,33.8667%,0.027421,DB,89199.0,2019-02-27,252.0,2.1300%,-0.0017,1.3548,0.5426,1.3476,1.8467%,2.2693%,33.7819%,0.0205699999999999,DB,89199.0,2019-02-28,252.0,1.4270%,-0.0017,1.3577,0.5454,1.3443,1.8503%,2.2716%,33.6527%,0.0216299999999999,DB,89199.0,2019-03-01,252.0,0.5411%,-0.0016,1.3549,0.5413,1.3396,1.8500%,2.2661%,33.3476%,-0.000659,DB,89199.0,2019-03-04,252.0,-0.9688%,-0.0016,1.3543,0.5472,1.3389,1.8502%,2.2651%,33.2812%,-0.0057909999999999,DB,0.002339,0.006091,0.005321,0.028193,0.0913639999999999
30067,DEERE & CO,Deere Says Expect US Tariffs On Chinese Imports To Cost Company $100M In 2019,6,decrease,0.8,0.7,"the announcement of a $100 million cost due to tariffs is likely to negatively impact investor sentiment and profitability, leading to a decrease in stock price.",0,2019-02-15,DE,2019-02-15 15:42:00+00:00,19350.0,24419910,-0.0211180448532104,7578554.0,-0.0108812563121318,-0.0017209514044225,0.0166603736579418,-0.0150735843926668,0.0185764394700527,0.0200691614300012,0.0191587042063474,-0.0049769436009228,-0.006687959190458,0.005871427245438,-0.0064296829514205,-0.0114857628941535,-0.0012820923002436,-0.0032276597339659,0.0027507608756423,-0.0018235231982544,-0.0044501083903014,0.0038442129734903,0.0153696024790406,-0.0007316775154322,-0.0263539385050535,0.0066907880827784,-0.0198822636157274,0.0151421232149004,-0.0013903009239584,0.0254967734217643,0.0062649678438901,-0.0310216378420591,0.0088673904538154,0.0193776898086071,-0.0079790474846959,0.0052026649937033,0.0033931965008378,-0.0077436147257685,-0.0120240375399589,-0.0350525751709938,0.0024721056688576,0.0283625479787588,0.0135947465896606,0.0168985687196254,0.0041796518489718,0.00229226751253,-0.0081381471827626,-0.0022870248649269,0.0004383819468785,-0.0054965573363006,-0.023727498948574,-0.0052790120244026,0.0089136809110641,0.0310373436659574,0.0017161652212962,-0.0165052022784948,0.0042512570507824,0.0179034415632486,0.0036014250945299,0.0163502842187881,0.0111335683614015,0.052967645227909,0.0129504967480897,-0.0273464061319828,0.0012969640083611,-0.0071729710325598,0.0078337304294109,0.0267758779227733,0.005202314350754,-0.0046346951276063,0.0048099928535521,0.0240803863853216,-0.0001817777374526,0.0428737737238407,-0.0373939275741577,-0.0392335169017314,-0.0012591887498274,-0.0114075904712081,0.009645078331232,-0.0098576284945011,0.0081169018521904,-0.021108316257596,0.0063792811706662,0.0215634852647781,0.0127391964197158,-0.0196630619466304,0.0054083582945168,0.0047198231332004,0.0217588767409324,0.0011475507635623,0.0005914868088439,0.0077550979331135,-0.0082175554707646,-0.000204031690373,-0.0146041791886091,-0.0015618343604728,-0.0211723428219556,-0.0461817793548107,0.0197762623429298,0.0184708964079618,0.0077570984140038,-0.0654707476496696,-0.0039689000695943,0.0473269745707511,-0.0065810033120214,0.0327399037778377,-0.002552559832111,-0.0134201264008879,0.0169998090714216,0.028414836153388,-0.040321197360754,-0.0074536707252264,-0.0151079930365085,0.0425651222467422,-0.013755059801042,0.0067662210203707,-0.0007069902494549,0.0242564287036657,0.0036661135964095,-0.0284071173518896,-0.0626081675291061,-0.0358422137796878,0.0056740622967481,0.007975447922945,-0.0108812563121318,-0.0017209514044225,0.0055978315497819,-0.0167685948908591,0.0242782587987828,0.0029640349013231,0.0369205283205102,0.0038318614499988,0.0429586858307737,-0.0096341565968417,0.0232619127057358,0.0966913672647749,-0.0702732585820482,0.112949321059167,2019-02-19,2019-02-20,2019-02-21,2019-02-22,2019-02-25,2019-02-26,2019-02-27,2019-02-28,2019-03-01,2019-03-04,19350.0,2019-02-15,252.0,-2.1118%,-0.0001,1.3184,-0.0715,0.0958,1.4430%,1.9925%,47.5564%,-0.036802,DE,19350.0,2019-02-19,252.0,-1.0881%,-0.0002,1.3137,-0.077,0.09,1.4449%,1.9891%,47.2329%,-0.013566,DE,19350.0,2019-02-20,252.0,1.6660%,-0.0002,1.3161,-0.0785,0.0967,1.4442%,1.9894%,47.2987%,0.013739,DE,19350.0,2019-02-21,252.0,1.8576%,0.0,1.3036,-0.0988,0.0736,1.4466%,1.9851%,46.8976%,0.023513,DE,19350.0,2019-02-22,252.0,1.9159%,0.0001,1.3013,-0.0823,0.0612,1.4471%,1.9859%,46.9004%,0.01221,DE,19350.0,2019-02-25,252.0,-0.6688%,0.0,1.3029,-0.0764,0.07,1.4460%,1.9849%,46.9306%,-0.008844,DE,19350.0,2019-02-26,252.0,-0.6430%,0.0,1.3085,-0.0752,0.0748,1.4454%,1.9838%,46.9091%,-0.004703,DE,19350.0,2019-02-27,252.0,-0.1282%,0.0,1.3118,-0.0819,0.0753,1.4447%,1.9833%,46.9384%,-0.002327,DE,19350.0,2019-02-28,252.0,0.2751%,0.0001,1.3066,-0.0853,0.0699,1.4446%,1.9778%,46.6502%,0.006922,DE,19350.0,2019-03-01,252.0,-0.4450%,0.0001,1.3023,-0.0917,0.0695,1.4471%,1.9752%,46.3283%,-0.013421,DE,19350.0,2019-03-04,252.0,1.5370%,0.0002,1.2955,-0.0884,0.0756,1.4522%,1.9708%,45.7094%,0.021414,DE,-0.050368,-0.036629,-0.013116,-0.0097499999999999,-0.0018649999999999
30075,DEERE & CO,Deere shares are trading lower after the company reported Q1 EPS of $1.54 versus the $1.76 analyst estimate despite better than expected revenue. The company cited higher material costs and customer tariff concern as weaknesses during the quarter.,6,decrease,0.8,0.6,"the lower-than-expected eps and concerns over material costs and tariffs are likely to negatively impact investor sentiment, leading to a decrease in stock price.",0,2019-02-15,DE,2019-02-15 13:14:00+00:00,19350.0,24419910,-0.0211180448532104,7578554.0,-0.0108812563121318,-0.0017209514044225,0.0166603736579418,-0.0150735843926668,0.0185764394700527,0.0200691614300012,0.0191587042063474,-0.0049769436009228,-0.006687959190458,0.005871427245438,-0.0064296829514205,-0.0114857628941535,-0.0012820923002436,-0.0032276597339659,0.0027507608756423,-0.0018235231982544,-0.0044501083903014,0.0038442129734903,0.0153696024790406,-0.0007316775154322,-0.0263539385050535,0.0066907880827784,-0.0198822636157274,0.0151421232149004,-0.0013903009239584,0.0254967734217643,0.0062649678438901,-0.0310216378420591,0.0088673904538154,0.0193776898086071,-0.0079790474846959,0.0052026649937033,0.0033931965008378,-0.0077436147257685,-0.0120240375399589,-0.0350525751709938,0.0024721056688576,0.0283625479787588,0.0135947465896606,0.0168985687196254,0.0041796518489718,0.00229226751253,-0.0081381471827626,-0.0022870248649269,0.0004383819468785,-0.0054965573363006,-0.023727498948574,-0.0052790120244026,0.0089136809110641,0.0310373436659574,0.0017161652212962,-0.0165052022784948,0.0042512570507824,0.0179034415632486,0.0036014250945299,0.0163502842187881,0.0111335683614015,0.052967645227909,0.0129504967480897,-0.0273464061319828,0.0012969640083611,-0.0071729710325598,0.0078337304294109,0.0267758779227733,0.005202314350754,-0.0046346951276063,0.0048099928535521,0.0240803863853216,-0.0001817777374526,0.0428737737238407,-0.0373939275741577,-0.0392335169017314,-0.0012591887498274,-0.0114075904712081,0.009645078331232,-0.0098576284945011,0.0081169018521904,-0.021108316257596,0.0063792811706662,0.0215634852647781,0.0127391964197158,-0.0196630619466304,0.0054083582945168,0.0047198231332004,0.0217588767409324,0.0011475507635623,0.0005914868088439,0.0077550979331135,-0.0082175554707646,-0.000204031690373,-0.0146041791886091,-0.0015618343604728,-0.0211723428219556,-0.0461817793548107,0.0197762623429298,0.0184708964079618,0.0077570984140038,-0.0654707476496696,-0.0039689000695943,0.0473269745707511,-0.0065810033120214,0.0327399037778377,-0.002552559832111,-0.0134201264008879,0.0169998090714216,0.028414836153388,-0.040321197360754,-0.0074536707252264,-0.0151079930365085,0.0425651222467422,-0.013755059801042,0.0067662210203707,-0.0007069902494549,0.0242564287036657,0.0036661135964095,-0.0284071173518896,-0.0626081675291061,-0.0358422137796878,0.0056740622967481,0.007975447922945,-0.0108812563121318,-0.0017209514044225,0.0055978315497819,-0.0167685948908591,0.0242782587987828,0.0029640349013231,0.0369205283205102,0.0038318614499988,0.0429586858307737,-0.0096341565968417,0.0232619127057358,0.0966913672647749,-0.0702732585820482,0.112949321059167,2019-02-19,2019-02-20,2019-02-21,2019-02-22,2019-02-25,2019-02-26,2019-02-27,2019-02-28,2019-03-01,2019-03-04,19350.0,2019-02-15,252.0,-2.1118%,-0.0001,1.3184,-0.0715,0.0958,1.4430%,1.9925%,47.5564%,-0.036802,DE,19350.0,2019-02-19,252.0,-1.0881%,-0.0002,1.3137,-0.077,0.09,1.4449%,1.9891%,47.2329%,-0.013566,DE,19350.0,2019-02-20,252.0,1.6660%,-0.0002,1.3161,-0.0785,0.0967,1.4442%,1.9894%,47.2987%,0.013739,DE,19350.0,2019-02-21,252.0,1.8576%,0.0,1.3036,-0.0988,0.0736,1.4466%,1.9851%,46.8976%,0.023513,DE,19350.0,2019-02-22,252.0,1.9159%,0.0001,1.3013,-0.0823,0.0612,1.4471%,1.9859%,46.9004%,0.01221,DE,19350.0,2019-02-25,252.0,-0.6688%,0.0,1.3029,-0.0764,0.07,1.4460%,1.9849%,46.9306%,-0.008844,DE,19350.0,2019-02-26,252.0,-0.6430%,0.0,1.3085,-0.0752,0.0748,1.4454%,1.9838%,46.9091%,-0.004703,DE,19350.0,2019-02-27,252.0,-0.1282%,0.0,1.3118,-0.0819,0.0753,1.4447%,1.9833%,46.9384%,-0.002327,DE,19350.0,2019-02-28,252.0,0.2751%,0.0001,1.3066,-0.0853,0.0699,1.4446%,1.9778%,46.6502%,0.006922,DE,19350.0,2019-03-01,252.0,-0.4450%,0.0001,1.3023,-0.0917,0.0695,1.4471%,1.9752%,46.3283%,-0.013421,DE,19350.0,2019-03-04,252.0,1.5370%,0.0002,1.2955,-0.0884,0.0756,1.4522%,1.9708%,45.7094%,0.021414,DE,-0.050368,-0.036629,-0.013116,-0.0097499999999999,-0.0018649999999999
30083,DEERE & CO,Deere Sees FY19 Equipment Sales Up ~7% Year Over Year,6,increase,0.8,0.6,"an increase in equipment sales typically indicates strong demand and positive financial performance, which can lead to a rise in stock price.",2,2019-02-15,DE,2019-02-15 11:22:00+00:00,19350.0,24419910,-0.0211180448532104,7578554.0,-0.0108812563121318,-0.0017209514044225,0.0166603736579418,-0.0150735843926668,0.0185764394700527,0.0200691614300012,0.0191587042063474,-0.0049769436009228,-0.006687959190458,0.005871427245438,-0.0064296829514205,-0.0114857628941535,-0.0012820923002436,-0.0032276597339659,0.0027507608756423,-0.0018235231982544,-0.0044501083903014,0.0038442129734903,0.0153696024790406,-0.0007316775154322,-0.0263539385050535,0.0066907880827784,-0.0198822636157274,0.0151421232149004,-0.0013903009239584,0.0254967734217643,0.0062649678438901,-0.0310216378420591,0.0088673904538154,0.0193776898086071,-0.0079790474846959,0.0052026649937033,0.0033931965008378,-0.0077436147257685,-0.0120240375399589,-0.0350525751709938,0.0024721056688576,0.0283625479787588,0.0135947465896606,0.0168985687196254,0.0041796518489718,0.00229226751253,-0.0081381471827626,-0.0022870248649269,0.0004383819468785,-0.0054965573363006,-0.023727498948574,-0.0052790120244026,0.0089136809110641,0.0310373436659574,0.0017161652212962,-0.0165052022784948,0.0042512570507824,0.0179034415632486,0.0036014250945299,0.0163502842187881,0.0111335683614015,0.052967645227909,0.0129504967480897,-0.0273464061319828,0.0012969640083611,-0.0071729710325598,0.0078337304294109,0.0267758779227733,0.005202314350754,-0.0046346951276063,0.0048099928535521,0.0240803863853216,-0.0001817777374526,0.0428737737238407,-0.0373939275741577,-0.0392335169017314,-0.0012591887498274,-0.0114075904712081,0.009645078331232,-0.0098576284945011,0.0081169018521904,-0.021108316257596,0.0063792811706662,0.0215634852647781,0.0127391964197158,-0.0196630619466304,0.0054083582945168,0.0047198231332004,0.0217588767409324,0.0011475507635623,0.0005914868088439,0.0077550979331135,-0.0082175554707646,-0.000204031690373,-0.0146041791886091,-0.0015618343604728,-0.0211723428219556,-0.0461817793548107,0.0197762623429298,0.0184708964079618,0.0077570984140038,-0.0654707476496696,-0.0039689000695943,0.0473269745707511,-0.0065810033120214,0.0327399037778377,-0.002552559832111,-0.0134201264008879,0.0169998090714216,0.028414836153388,-0.040321197360754,-0.0074536707252264,-0.0151079930365085,0.0425651222467422,-0.013755059801042,0.0067662210203707,-0.0007069902494549,0.0242564287036657,0.0036661135964095,-0.0284071173518896,-0.0626081675291061,-0.0358422137796878,0.0056740622967481,0.007975447922945,-0.0108812563121318,-0.0017209514044225,0.0055978315497819,-0.0167685948908591,0.0242782587987828,0.0029640349013231,0.0369205283205102,0.0038318614499988,0.0429586858307737,-0.0096341565968417,0.0232619127057358,0.0966913672647749,-0.0702732585820482,0.112949321059167,2019-02-19,2019-02-20,2019-02-21,2019-02-22,2019-02-25,2019-02-26,2019-02-27,2019-02-28,2019-03-01,2019-03-04,19350.0,2019-02-15,252.0,-2.1118%,-0.0001,1.3184,-0.0715,0.0958,1.4430%,1.9925%,47.5564%,-0.036802,DE,19350.0,2019-02-19,252.0,-1.0881%,-0.0002,1.3137,-0.077,0.09,1.4449%,1.9891%,47.2329%,-0.013566,DE,19350.0,2019-02-20,252.0,1.6660%,-0.0002,1.3161,-0.0785,0.0967,1.4442%,1.9894%,47.2987%,0.013739,DE,19350.0,2019-02-21,252.0,1.8576%,0.0,1.3036,-0.0988,0.0736,1.4466%,1.9851%,46.8976%,0.023513,DE,19350.0,2019-02-22,252.0,1.9159%,0.0001,1.3013,-0.0823,0.0612,1.4471%,1.9859%,46.9004%,0.01221,DE,19350.0,2019-02-25,252.0,-0.6688%,0.0,1.3029,-0.0764,0.07,1.4460%,1.9849%,46.9306%,-0.008844,DE,19350.0,2019-02-26,252.0,-0.6430%,0.0,1.3085,-0.0752,0.0748,1.4454%,1.9838%,46.9091%,-0.004703,DE,19350.0,2019-02-27,252.0,-0.1282%,0.0,1.3118,-0.0819,0.0753,1.4447%,1.9833%,46.9384%,-0.002327,DE,19350.0,2019-02-28,252.0,0.2751%,0.0001,1.3066,-0.0853,0.0699,1.4446%,1.9778%,46.6502%,0.006922,DE,19350.0,2019-03-01,252.0,-0.4450%,0.0001,1.3023,-0.0917,0.0695,1.4471%,1.9752%,46.3283%,-0.013421,DE,19350.0,2019-03-04,252.0,1.5370%,0.0002,1.2955,-0.0884,0.0756,1.4522%,1.9708%,45.7094%,0.021414,DE,-0.050368,-0.036629,-0.013116,-0.0097499999999999,-0.0018649999999999
30091,DEERE & CO,"Deere & Co Q1 EPS $1.54 Misses $1.76 Estimate, Sales $6.94B Beat $6.81B Estimate",6,uncertain,0.6,0.3,"while the earnings per share (eps) missed estimates, the sales beat expectations, leading to mixed signals that could result in an uncertain market reaction.",1,2019-02-15,DE,2019-02-15 11:22:00+00:00,19350.0,24419910,-0.0211180448532104,7578554.0,-0.0108812563121318,-0.0017209514044225,0.0166603736579418,-0.0150735843926668,0.0185764394700527,0.0200691614300012,0.0191587042063474,-0.0049769436009228,-0.006687959190458,0.005871427245438,-0.0064296829514205,-0.0114857628941535,-0.0012820923002436,-0.0032276597339659,0.0027507608756423,-0.0018235231982544,-0.0044501083903014,0.0038442129734903,0.0153696024790406,-0.0007316775154322,-0.0263539385050535,0.0066907880827784,-0.0198822636157274,0.0151421232149004,-0.0013903009239584,0.0254967734217643,0.0062649678438901,-0.0310216378420591,0.0088673904538154,0.0193776898086071,-0.0079790474846959,0.0052026649937033,0.0033931965008378,-0.0077436147257685,-0.0120240375399589,-0.0350525751709938,0.0024721056688576,0.0283625479787588,0.0135947465896606,0.0168985687196254,0.0041796518489718,0.00229226751253,-0.0081381471827626,-0.0022870248649269,0.0004383819468785,-0.0054965573363006,-0.023727498948574,-0.0052790120244026,0.0089136809110641,0.0310373436659574,0.0017161652212962,-0.0165052022784948,0.0042512570507824,0.0179034415632486,0.0036014250945299,0.0163502842187881,0.0111335683614015,0.052967645227909,0.0129504967480897,-0.0273464061319828,0.0012969640083611,-0.0071729710325598,0.0078337304294109,0.0267758779227733,0.005202314350754,-0.0046346951276063,0.0048099928535521,0.0240803863853216,-0.0001817777374526,0.0428737737238407,-0.0373939275741577,-0.0392335169017314,-0.0012591887498274,-0.0114075904712081,0.009645078331232,-0.0098576284945011,0.0081169018521904,-0.021108316257596,0.0063792811706662,0.0215634852647781,0.0127391964197158,-0.0196630619466304,0.0054083582945168,0.0047198231332004,0.0217588767409324,0.0011475507635623,0.0005914868088439,0.0077550979331135,-0.0082175554707646,-0.000204031690373,-0.0146041791886091,-0.0015618343604728,-0.0211723428219556,-0.0461817793548107,0.0197762623429298,0.0184708964079618,0.0077570984140038,-0.0654707476496696,-0.0039689000695943,0.0473269745707511,-0.0065810033120214,0.0327399037778377,-0.002552559832111,-0.0134201264008879,0.0169998090714216,0.028414836153388,-0.040321197360754,-0.0074536707252264,-0.0151079930365085,0.0425651222467422,-0.013755059801042,0.0067662210203707,-0.0007069902494549,0.0242564287036657,0.0036661135964095,-0.0284071173518896,-0.0626081675291061,-0.0358422137796878,0.0056740622967481,0.007975447922945,-0.0108812563121318,-0.0017209514044225,0.0055978315497819,-0.0167685948908591,0.0242782587987828,0.0029640349013231,0.0369205283205102,0.0038318614499988,0.0429586858307737,-0.0096341565968417,0.0232619127057358,0.0966913672647749,-0.0702732585820482,0.112949321059167,2019-02-19,2019-02-20,2019-02-21,2019-02-22,2019-02-25,2019-02-26,2019-02-27,2019-02-28,2019-03-01,2019-03-04,19350.0,2019-02-15,252.0,-2.1118%,-0.0001,1.3184,-0.0715,0.0958,1.4430%,1.9925%,47.5564%,-0.036802,DE,19350.0,2019-02-19,252.0,-1.0881%,-0.0002,1.3137,-0.077,0.09,1.4449%,1.9891%,47.2329%,-0.013566,DE,19350.0,2019-02-20,252.0,1.6660%,-0.0002,1.3161,-0.0785,0.0967,1.4442%,1.9894%,47.2987%,0.013739,DE,19350.0,2019-02-21,252.0,1.8576%,0.0,1.3036,-0.0988,0.0736,1.4466%,1.9851%,46.8976%,0.023513,DE,19350.0,2019-02-22,252.0,1.9159%,0.0001,1.3013,-0.0823,0.0612,1.4471%,1.9859%,46.9004%,0.01221,DE,19350.0,2019-02-25,252.0,-0.6688%,0.0,1.3029,-0.0764,0.07,1.4460%,1.9849%,46.9306%,-0.008844,DE,19350.0,2019-02-26,252.0,-0.6430%,0.0,1.3085,-0.0752,0.0748,1.4454%,1.9838%,46.9091%,-0.004703,DE,19350.0,2019-02-27,252.0,-0.1282%,0.0,1.3118,-0.0819,0.0753,1.4447%,1.9833%,46.9384%,-0.002327,DE,19350.0,2019-02-28,252.0,0.2751%,0.0001,1.3066,-0.0853,0.0699,1.4446%,1.9778%,46.6502%,0.006922,DE,19350.0,2019-03-01,252.0,-0.4450%,0.0001,1.3023,-0.0917,0.0695,1.4471%,1.9752%,46.3283%,-0.013421,DE,19350.0,2019-03-04,252.0,1.5370%,0.0002,1.2955,-0.0884,0.0756,1.4522%,1.9708%,45.7094%,0.021414,DE,-0.050368,-0.036629,-0.013116,-0.0097499999999999,-0.0018649999999999
30099,SPDR DOW JONES IND AVG ETF TRUST,Trump Declares National Emergency Over Border Wall Funding; Lawsuits Coming,6,uncertain,0.5,0.5,"the announcement of a national emergency over border wall funding may create political and economic uncertainty, which could have mixed effects on the stock market, including the spdr dow jones ind avg etf trust.",1,2019-02-15,DIA,2019-02-15 16:31:00+00:00,85765.0,78467X10,0.0164131131023168,4751072.0,0.0006186107057146,-0.0025019522290676,0.0026660580188035,0.004989605396986,-0.0037379623390734,0.0143061941489577,0.0063436143100261,-0.0015120359603315,0.0027674259617924,-0.0023024477995932,-0.0013415849534794,-0.0077598821371793,-0.0025716335512697,-0.0003544321807567,-0.0022703518625348,0.006499680224806,0.004396847449243,0.0073459423147141,-0.0082175508141517,0.0014393116580322,-0.0003484448534436,-0.0002398175711277,-0.0051125423051416,0.0181921198964119,-0.0080196112394332,0.0024887826293706,-0.0003924133488908,-0.009256612509489,0.0080483807250857,0.0078217219561338,-0.0035052543971687,-0.0010174182243645,0.005823518615216,0.0070491852238774,0.0007383036427199,-0.0123456912115216,0.0052210441790521,0.0140436831861734,0.0025160405784845,0.0080211795866489,-0.0004246702883392,0.0050698188133537,-0.0061418274417519,0.0071147438138723,0.0089003769680857,-0.003918636124581,-0.0177979040890932,-0.0004999796510674,0.0004314426041673,0.0045203492045402,0.0054494221694767,0.0042030937038362,-0.0013647590531036,0.0108769442886114,0.003787440015003,0.0046098763123154,0.0079742427915334,0.0333450846374034,0.0125805959105491,-0.0284538883715868,-0.002667831024155,0.0006861220463179,0.0011845984263345,0.0118014635518193,0.0067938882857561,-0.0033728219568729,0.0014406129484996,0.0111494371667504,-0.0035584585275501,0.0486474111676216,-0.0064964345656335,-0.0267302878201007,0.000344141095411,-0.0182797983288765,-0.0007645726436749,-0.0194070730358362,0.0102142831310629,-0.0165992695838213,-0.0009846243774518,0.0039335447363555,0.0027292415034025,-0.0206693951040506,0.0,-0.0196938570588827,0.0044893538579344,0.0015861371066421,-0.001845120685175,0.0067559643648564,0.0053193634375929,-0.0019615502096712,-0.0021014618687331,0.001637301640585,-0.0052271909080445,-0.0216642785817384,0.0030620254110544,-0.0040282155387103,0.0003768979513552,-0.0309203211218118,0.001318588387221,0.0126023115590214,-0.0061703398823738,0.0075712692923843,-0.0048078326508402,-0.0009848723420873,0.0079503813758492,0.0256161466240882,-0.0026418545749038,0.0045050554908812,-0.017974043264985,0.0147440461441874,0.0005395139451138,-0.0075209336355328,-0.0046984562650322,0.0006134719587862,0.0057267099618911,-0.0214520152658224,-0.0248153731226921,-0.0164928250014782,0.0092318477109074,0.00565074570477,0.0006186107057146,-0.0025019522290676,0.0032863179765507,0.0024751694135731,-0.0004639284953532,0.016816773816713,0.0086604322437053,0.0129416826756849,-0.0014304860867748,0.0201503623558505,0.0165984902194271,0.094187349695719,-0.008306921134382,0.0135336203606983,2019-02-19,2019-02-20,2019-02-21,2019-02-22,2019-02-25,2019-02-26,2019-02-27,2019-02-28,2019-03-01,2019-03-04,85765.0,2019-02-15,252.0,1.6413%,0.0001,1.0154,-0.2626,0.128,0.2462%,1.0803%,94.8078%,0.005032,DIA,85765.0,2019-02-19,252.0,0.0619%,0.0001,1.0149,-0.263,0.1276,0.2462%,1.0774%,94.7770%,-0.001033,DIA,85765.0,2019-02-20,252.0,0.2666%,0.0001,1.015,-0.2632,0.1277,0.2462%,1.0775%,94.7790%,0.000514,DIA,85765.0,2019-02-21,252.0,-0.3738%,0.0002,1.0132,-0.2668,0.1245,0.2442%,1.0757%,94.8453%,2.7e-05,DIA,85765.0,2019-02-22,252.0,0.6344%,0.0002,1.0128,-0.2654,0.1206,0.2448%,1.0755%,94.8183%,0.002956,DIA,85765.0,2019-02-25,252.0,0.2767%,0.0001,1.0136,-0.2648,0.1241,0.2403%,1.0747%,95.0022%,0.000675,DIA,85765.0,2019-02-26,252.0,-0.1342%,0.0001,1.0157,-0.265,0.1255,0.2397%,1.0714%,94.9960%,-0.001105,DIA,85765.0,2019-02-27,252.0,-0.2572%,0.0001,1.0143,-0.2634,0.1253,0.2397%,1.0670%,94.9537%,-0.002932,DIA,85765.0,2019-02-28,252.0,-0.2270%,0.0001,1.0143,-0.2634,0.1251,0.2398%,1.0646%,94.9276%,0.00114,DIA,85765.0,2019-03-01,252.0,0.4397%,0.0001,1.0112,-0.268,0.1211,0.2384%,1.0606%,94.9492%,-0.001732,DIA,85765.0,2019-03-04,252.0,-0.8218%,0.0001,1.0106,-0.262,0.1203,0.2398%,1.0565%,94.8496%,-0.004594,DIA,0.003999,0.004513,0.00454,0.008171,-0.001052
30107,SPDR DOW JONES IND AVG ETF TRUST,This Day In Market History: US Treasury Begins Issuing STRIPS,6,uncertain,0.5,0.5,"the issuance of strips by the us treasury is a historical event that may have mixed implications for the market, making the impact on spdr dow jones ind avg etf trust's stock price uncertain.",1,2019-02-15,DIA,2019-02-15 12:34:00+00:00,85765.0,78467X10,0.0164131131023168,4751072.0,0.0006186107057146,-0.0025019522290676,0.0026660580188035,0.004989605396986,-0.0037379623390734,0.0143061941489577,0.0063436143100261,-0.0015120359603315,0.0027674259617924,-0.0023024477995932,-0.0013415849534794,-0.0077598821371793,-0.0025716335512697,-0.0003544321807567,-0.0022703518625348,0.006499680224806,0.004396847449243,0.0073459423147141,-0.0082175508141517,0.0014393116580322,-0.0003484448534436,-0.0002398175711277,-0.0051125423051416,0.0181921198964119,-0.0080196112394332,0.0024887826293706,-0.0003924133488908,-0.009256612509489,0.0080483807250857,0.0078217219561338,-0.0035052543971687,-0.0010174182243645,0.005823518615216,0.0070491852238774,0.0007383036427199,-0.0123456912115216,0.0052210441790521,0.0140436831861734,0.0025160405784845,0.0080211795866489,-0.0004246702883392,0.0050698188133537,-0.0061418274417519,0.0071147438138723,0.0089003769680857,-0.003918636124581,-0.0177979040890932,-0.0004999796510674,0.0004314426041673,0.0045203492045402,0.0054494221694767,0.0042030937038362,-0.0013647590531036,0.0108769442886114,0.003787440015003,0.0046098763123154,0.0079742427915334,0.0333450846374034,0.0125805959105491,-0.0284538883715868,-0.002667831024155,0.0006861220463179,0.0011845984263345,0.0118014635518193,0.0067938882857561,-0.0033728219568729,0.0014406129484996,0.0111494371667504,-0.0035584585275501,0.0486474111676216,-0.0064964345656335,-0.0267302878201007,0.000344141095411,-0.0182797983288765,-0.0007645726436749,-0.0194070730358362,0.0102142831310629,-0.0165992695838213,-0.0009846243774518,0.0039335447363555,0.0027292415034025,-0.0206693951040506,0.0,-0.0196938570588827,0.0044893538579344,0.0015861371066421,-0.001845120685175,0.0067559643648564,0.0053193634375929,-0.0019615502096712,-0.0021014618687331,0.001637301640585,-0.0052271909080445,-0.0216642785817384,0.0030620254110544,-0.0040282155387103,0.0003768979513552,-0.0309203211218118,0.001318588387221,0.0126023115590214,-0.0061703398823738,0.0075712692923843,-0.0048078326508402,-0.0009848723420873,0.0079503813758492,0.0256161466240882,-0.0026418545749038,0.0045050554908812,-0.017974043264985,0.0147440461441874,0.0005395139451138,-0.0075209336355328,-0.0046984562650322,0.0006134719587862,0.0057267099618911,-0.0214520152658224,-0.0248153731226921,-0.0164928250014782,0.0092318477109074,0.00565074570477,0.0006186107057146,-0.0025019522290676,0.0032863179765507,0.0024751694135731,-0.0004639284953532,0.016816773816713,0.0086604322437053,0.0129416826756849,-0.0014304860867748,0.0201503623558505,0.0165984902194271,0.094187349695719,-0.008306921134382,0.0135336203606983,2019-02-19,2019-02-20,2019-02-21,2019-02-22,2019-02-25,2019-02-26,2019-02-27,2019-02-28,2019-03-01,2019-03-04,85765.0,2019-02-15,252.0,1.6413%,0.0001,1.0154,-0.2626,0.128,0.2462%,1.0803%,94.8078%,0.005032,DIA,85765.0,2019-02-19,252.0,0.0619%,0.0001,1.0149,-0.263,0.1276,0.2462%,1.0774%,94.7770%,-0.001033,DIA,85765.0,2019-02-20,252.0,0.2666%,0.0001,1.015,-0.2632,0.1277,0.2462%,1.0775%,94.7790%,0.000514,DIA,85765.0,2019-02-21,252.0,-0.3738%,0.0002,1.0132,-0.2668,0.1245,0.2442%,1.0757%,94.8453%,2.7e-05,DIA,85765.0,2019-02-22,252.0,0.6344%,0.0002,1.0128,-0.2654,0.1206,0.2448%,1.0755%,94.8183%,0.002956,DIA,85765.0,2019-02-25,252.0,0.2767%,0.0001,1.0136,-0.2648,0.1241,0.2403%,1.0747%,95.0022%,0.000675,DIA,85765.0,2019-02-26,252.0,-0.1342%,0.0001,1.0157,-0.265,0.1255,0.2397%,1.0714%,94.9960%,-0.001105,DIA,85765.0,2019-02-27,252.0,-0.2572%,0.0001,1.0143,-0.2634,0.1253,0.2397%,1.0670%,94.9537%,-0.002932,DIA,85765.0,2019-02-28,252.0,-0.2270%,0.0001,1.0143,-0.2634,0.1251,0.2398%,1.0646%,94.9276%,0.00114,DIA,85765.0,2019-03-01,252.0,0.4397%,0.0001,1.0112,-0.268,0.1211,0.2384%,1.0606%,94.9492%,-0.001732,DIA,85765.0,2019-03-04,252.0,-0.8218%,0.0001,1.0106,-0.262,0.1203,0.2398%,1.0565%,94.8496%,-0.004594,DIA,0.003999,0.004513,0.00454,0.008171,-0.001052
30115,DIANA SHIPPING INC,Diana Shipping Inc. Announces Sale Of Two Panamax Dry Bulk Vessels For $7.2M Each,6,decrease,0.7,0.5,"the sale of vessels may indicate a reduction in operational capacity or a strategic shift, which could be perceived negatively by investors, leading to a potential decrease in stock price.",0,2019-02-15,DSX,2019-02-15 14:28:00+00:00,90630.0,Y2066G10,-0.0162866301834583,269266.0,0.0033112552482634,-0.0160256270319223,-0.0132013075053691,-0.0340557694435119,0.0133779132738709,0.0625000223517417,-0.0231022890657186,-0.00653594173491,0.0168918762356042,0.0234113484621048,-0.0963454991579055,-0.0292207524180412,-0.0147058684378862,0.016501635313034,-0.0186566989868879,0.0066445120610296,-0.0076046460308134,0.0100671043619513,0.0153257474303245,0.0136054288595914,-0.0037735812366008,0.0,-0.0303030908107757,-0.0264900419861078,-0.0156249850988388,0.0033222560305148,-0.0277777519077062,-0.0652174055576324,0.0489795431494712,-0.0030959723517298,0.0116731412708759,-0.0092024449259042,0.0423077456653118,-0.0060975551605224,-0.0147601328790187,-0.0437318049371242,-0.0074906293302774,0.020833384245634,0.030188649892807,0.0338461212813854,-0.0073260003700852,0.0030864167492836,0.0036900332197546,-0.0270270016044378,0.0036764671094715,-0.0147929554805159,-0.0036630001850426,-0.0145772453397512,0.0,-0.0199999809265136,0.0294117368757724,-0.01960782520473,0.0,0.0288184154778718,0.0142857013270258,0.0205882154405117,-0.0070422468706965,0.0429448187351226,0.0283688530325889,0.0092879170551896,0.0068965447135269,0.0157232545316219,0.0376711972057819,0.009523800574243,-0.0099009806290268,-0.006309141870588,0.0066666603088378,-0.0155279356986284,-0.0264900419861078,0.0189873222261667,-0.0068027144297957,-0.0395136401057243,0.0479451566934585,-0.0090361358597874,0.0163398534059524,0.0152905052527785,-0.0225080177187919,-0.0353982672095298,0.0559210777282714,0.0119403582066297,-0.0218068324029445,0.0307692009955644,0.0,-0.0240240022540092,0.0,-0.0263158343732357,-0.003184710163623,-0.0029154489748179,0.0031948850955814,0.0029239738360047,0.003184710163623,-0.0115606822073459,0.0,0.0087463473901152,0.0031745999585837,-0.0199999809265136,0.0158227700740099,0.0,-0.0093457857146859,0.0174418427050113,0.012578603811562,-0.0143266338855028,0.0,0.0234603881835937,0.009316761046648,-0.02849000133574,-0.0061538401059806,0.057228934019804,-0.0030959723517298,-0.0292398072779178,0.0,0.0891719609498977,-0.0155279356986284,0.0261438451707363,0.0,-0.0347003564238548,-0.0536277815699577,-0.0364741310477256,0.1033333167433739,0.0217391103506088,0.0033112552482634,-0.0160256270319223,-0.0099337651558667,-0.0495356314160474,0.0033112550692659,0.0098684128649837,-0.0033112552169864,0.0267558278462811,-0.1225165174434113,0.0442176450028248,-0.039735058103593,-0.0495356325578498,0.0960264833316688,-0.046583887331801,2019-02-19,2019-02-20,2019-02-21,2019-02-22,2019-02-25,2019-02-26,2019-02-27,2019-02-28,2019-03-01,2019-03-04,90630.0,2019-02-15,252.0,-1.6287%,-0.0008,0.9639,0.5857,0.1094,2.3424%,2.5682%,16.8102%,-0.029992,DSX,90630.0,2019-02-19,252.0,0.3311%,-0.0009,0.9552,0.598,0.124,2.3359%,2.5573%,16.5696%,-0.0006469999999999,DSX,90630.0,2019-02-20,252.0,-1.3201%,-0.0009,0.9542,0.6122,0.1248,2.3262%,2.5491%,16.7241%,-0.017114,DSX,90630.0,2019-02-21,252.0,1.3378%,-0.0008,0.9504,0.6086,0.1177,2.3290%,2.5501%,16.5909%,0.0175239999999999,DSX,90630.0,2019-02-22,252.0,-2.3102%,-0.0009,0.9556,0.5804,0.1542,2.3345%,2.5520%,16.3198%,-0.030997,DSX,90630.0,2019-02-25,252.0,1.6892%,-0.0009,0.9551,0.571,0.1472,2.3371%,2.5542%,16.2778%,0.017145,DSX,90630.0,2019-02-26,252.0,-9.6345%,-0.001,1.0043,0.6484,0.2233,2.3826%,2.6132%,16.8707%,-0.090777,DSX,90630.0,2019-02-27,252.0,-1.4706%,-0.0013,0.9789,0.6888,0.219,2.3577%,2.5832%,16.6957%,-0.016674,DSX,90630.0,2019-02-28,252.0,-1.8657%,-0.0014,0.9911,0.6967,0.2312,2.3568%,2.5854%,16.9060%,-0.015312,DSX,90630.0,2019-03-01,252.0,-0.7605%,-0.0015,0.99,0.695,0.2361,2.3585%,2.5847%,16.7405%,-0.015927,DSX,90630.0,2019-03-04,252.0,1.5326%,-0.0013,0.9729,0.7304,0.2453,2.3553%,2.5772%,16.4763%,0.022243,DSX,-0.030639,-0.047753,-0.030229,-0.044081,-0.160528
30123,DUKE ENERGY CORP NEW,"Duke Energy Shares Near Session Low, Down 0.8%; Hearing Credit Suisse Downgraded To Neutral",6,decrease,0.75,0.6,"the news indicates a decline in duke energy's shares and a downgrade from credit suisse, which typically signals negative sentiment and can lead to further decreases in stock price.",0,2019-02-15,DUK,2019-02-15 16:11:00+00:00,27959.0,26441C20,-0.0035299197770655,4472941.0,0.004913727287203,-0.0094039142131805,0.0103479195386171,-0.007093062158674,0.0083286203444004,0.000665467348881,0.0035719091538339,-0.0014396996702998,-0.0047825635410845,0.009164054878056,-0.0067054769024252,0.011530683375895,0.0045004673302173,-0.0004519877547863,0.0042563271708786,0.0077431146055459,-0.0014499763492494,0.0004556950880214,0.0039092870429158,0.0,-0.0038940641097724,0.0201045405119657,0.0004467878607101,0.0049048908986151,0.0001116683706641,-0.0002335583412786,0.0069211330264806,-0.0023296091239899,0.0017738766036927,-0.0098039042204618,0.0016600434901192,0.0066178999841213,0.0005523745785467,0.0060740173794329,-0.0022084468510001,0.0001168473900179,0.0032093948684632,-0.0004670821654144,-0.0065085929818451,0.0043391901999711,-0.0104374289512634,0.0015268645947799,0.0029173530638217,0.0176906008273363,0.0059298099949955,-0.0112279513850808,0.0087864892557263,-0.0077400733716785,0.0007717717671766,0.0054238778539001,0.0083728339523077,-0.0147537663578987,-0.0114715984091162,0.0125867510214448,-0.0121574494987726,-0.0042169452644884,0.0069367056712508,0.0082674454897642,-0.0080000134184956,-0.0003541768528521,-0.0016801246674731,-0.018540047109127,-0.0031414651311933,0.0020901102107018,0.0056274621747434,0.0018613734282553,0.0132064949721097,0.008328435011208,-0.0046393261291086,0.0159694459289312,0.0015536498976871,-0.0428880415856838,-0.0034348759800195,-0.0053324396722018,0.0035579239483922,0.010432144626975,0.0021049724891781,-0.0049053193069994,-0.0001104975890484,-0.0048812883906066,-0.0149270901456475,-0.0293113347142934,-0.0003367244498804,-0.0016501818317919,0.0008982914150692,0.0145089626312255,-0.0045994617976248,-0.0131071973592042,0.003155626822263,0.0030935672111809,0.0075272233225405,0.0057784672826528,0.0085860462859272,0.001781097962521,-0.0014372278237715,-0.0024431005585938,-0.0081930672749876,0.0047980393283069,0.0171913467347621,0.0118550639599561,-0.0077919126488268,0.0110730733722448,-0.0066365012899041,0.0,0.003897184273228,-0.0026187333278357,-0.0075421505607664,0.0097723435610532,-0.0024586634244769,0.0026513354387134,-0.0163566991686821,0.0034702494740486,-0.0110478494316339,-0.0233845431357622,0.0133593920618295,0.0100410459563136,0.0006819546688348,0.0110752088949084,-0.0118114808574318,0.0062688752077519,0.004913727287203,-0.0094039142131805,0.0153124936804229,-0.0164302738238055,0.0237686459712136,-0.0157757402856874,0.0225117270489616,-0.0081862278493287,0.0270825633283393,0.0110218828827666,0.0202262221491449,0.0477863391023638,-0.0057136306174746,0.0302704917382989,2019-02-19,2019-02-20,2019-02-21,2019-02-22,2019-02-25,2019-02-26,2019-02-27,2019-02-28,2019-03-01,2019-03-04,27959.0,2019-02-15,252.0,-0.3530%,0.0008,0.088,-0.5339,-0.1251,0.9979%,1.0389%,7.7294%,-0.002372,DUK,27959.0,2019-02-19,252.0,0.4914%,0.0007,0.0836,-0.5224,-0.1118,0.9921%,1.0311%,7.4182%,0.00657,DUK,27959.0,2019-02-20,252.0,1.0348%,0.0008,0.0859,-0.5206,-0.1043,0.9934%,1.0322%,7.3836%,0.011853,DUK,27959.0,2019-02-21,252.0,0.8329%,0.0008,0.0786,-0.5339,-0.1177,0.9894%,1.0295%,7.6281%,0.007942,DUK,27959.0,2019-02-22,252.0,0.3572%,0.0009,0.0781,-0.5321,-0.1223,0.9896%,1.0290%,7.5033%,0.004167,DUK,27959.0,2019-02-25,252.0,-0.4783%,0.0008,0.0783,-0.5282,-0.1194,0.9907%,1.0296%,7.4072%,-0.006603,DUK,27959.0,2019-02-26,252.0,-0.6705%,0.0007,0.0698,-0.5042,-0.1137,0.9866%,1.0218%,6.7717%,-0.010454,DUK,27959.0,2019-02-27,252.0,0.4500%,0.0007,0.0677,-0.4993,-0.114,0.9865%,1.0207%,6.5904%,0.005159,DUK,27959.0,2019-02-28,252.0,0.4256%,0.0008,0.0555,-0.5075,-0.1237,0.9775%,1.0121%,6.7301%,0.004181,DUK,27959.0,2019-03-01,252.0,-0.1450%,0.0009,0.0455,-0.5223,-0.1383,0.9724%,1.0084%,7.0241%,-0.000963,DUK,27959.0,2019-03-04,252.0,0.3909%,0.0008,0.049,-0.5353,-0.1389,0.9712%,1.0085%,7.2722%,0.002506,DUK,0.004198,0.016051,0.023993,0.021557,0.021986
30131,ELECTRONIC ARTS INC,Electronic Arts shares are trading higher following a media report the company is in talks with Tencent to bring its game Apex Legends to China.,6,increase,0.8,0.7,"the news of electronic arts potentially bringing apex legends to china through a partnership with tencent suggests a significant opportunity for revenue growth, likely boosting investor confidence and stock price.",2,2019-02-15,EA,2019-02-15 13:46:00+00:00,75828.0,28551210,0.0151068540289998,11254241.0,-0.0363159626722335,0.0293398536741733,-0.0420551858842372,-0.0007818022859282,-0.0179458241909742,0.0523447543382644,-0.0097047537565231,-0.0036885309964418,-0.0006254957988858,0.1605231910943985,0.0275401566177606,0.0484976880252361,-0.0067005446180701,-0.1330522894859314,-0.0210547596216201,0.0462512299418449,0.0170182175934314,-0.0305854082107543,-0.0012319345260038,-0.011058073490858,-0.0161373186856508,0.0337329879403114,-0.0099248280748724,0.0228107012808322,0.0484330914914608,-0.0357024781405925,-0.0100644119083881,-0.0138434348627924,0.0069133825600147,0.0028420910239219,-0.0045436648651957,0.0263660512864589,0.0156202549114823,-0.0238747168332338,-0.0129830762743949,-0.013078243471682,0.0015177731402218,0.0359422154724597,0.0068700774572789,-0.0067838146351277,-0.0215733647346496,0.0048050098121166,-0.0049226065166294,0.0102731548249721,0.0809027999639511,-0.0233737062662839,-0.0242181625217199,-0.0034062759950757,-0.0059604551643133,0.0236193723976612,0.0057996297255158,-0.001235598581843,-0.0161258950829505,0.016326067969203,0.0151981599628925,0.0375503227114677,-0.0055772964842617,0.0725447759032249,0.0102332085371017,-0.0206545181572437,-0.0178241152316331,0.0185020789504051,-0.0068424716591835,-0.0049180248752236,-0.0220668893307447,-0.0016366266645491,0.0152133740484714,0.019771484658122,-0.0148848770186305,0.0424250289797782,0.0030628184322267,-0.0241608787328004,0.0140457740053534,-0.0112345395609736,0.0095353266224265,-0.0117406602948904,0.0124279176816344,-0.0204999931156635,-0.0390847809612751,0.0097184982150793,-0.0410832576453685,-0.0116018000990152,-0.0200362876057624,-0.0086569003760814,0.0129418428987264,-0.0256657097488641,-0.0066566755995154,-0.0053931516595184,0.0228058863431215,-0.0034635243937373,-0.0050723422318696,0.0146631943061947,-0.0124269584193825,-0.016213646158576,0.0160249285399913,0.0332593843340873,0.0027522190939635,-0.0335714258253574,-0.0008445247076451,-0.0008326358511112,0.002218690700829,-0.0268549565225839,-0.0048492420464754,0.0057042823173105,-0.0201271343976259,0.0101128946989774,0.0136216450482606,0.0012951914686709,-0.0109854815527796,0.0273376330733299,0.0124015295878052,-0.0160675849765539,-0.0059650358743965,0.0120452903211116,0.0060008312575519,-0.0002408992295386,-0.0368555523455143,-0.0340816602110862,0.0458969436585903,-0.0258356798440218,-0.0363159626722335,0.0293398536741733,-0.0768438739957251,0.0285351134235738,-0.0934106715338186,0.0823735312640097,-0.1027704622876247,0.2514863484361078,-0.0893859589078032,0.1410451284493485,-0.039030310790505,0.3095682118665206,-0.1148446008385239,0.1926345664811313,2019-02-19,2019-02-20,2019-02-21,2019-02-22,2019-02-25,2019-02-26,2019-02-27,2019-02-28,2019-03-01,2019-03-04,75828.0,2019-02-15,252.0,1.5107%,-0.0009,0.985,0.209,-0.7928,2.0495%,2.4490%,29.9654%,0.007257,EA,75828.0,2019-02-19,252.0,-3.6316%,-0.0011,0.9758,0.1899,-0.8136,2.0613%,2.4554%,29.5273%,-0.036515,EA,75828.0,2019-02-20,252.0,-4.2055%,-0.0012,0.9652,0.1674,-0.8509,2.0756%,2.4693%,29.3421%,-0.039952,EA,75828.0,2019-02-21,252.0,-1.7946%,-0.0013,0.9717,0.1773,-0.8389,2.0771%,2.4716%,29.3731%,-0.016314,EA,75828.0,2019-02-22,252.0,-0.9705%,-0.0014,0.9755,0.1784,-0.7926,2.0842%,2.4713%,28.8754%,-0.029428,EA,75828.0,2019-02-25,252.0,-0.0625%,-0.0014,0.975,0.1787,-0.7943,2.0840%,2.4713%,28.8850%,-0.003152,EA,75828.0,2019-02-26,252.0,2.7540%,-0.0013,0.9656,0.1476,-0.8171,2.0916%,2.4743%,28.5401%,0.027523,EA,75828.0,2019-02-27,252.0,-0.6701%,-0.0013,0.9644,0.1474,-0.8173,2.0921%,2.4733%,28.4514%,-0.008931,EA,75828.0,2019-02-28,252.0,-2.1055%,-0.0014,0.9642,0.1466,-0.8131,2.0949%,2.4732%,28.2490%,-0.020238,EA,75828.0,2019-03-01,252.0,1.7018%,-0.0013,0.9618,0.1431,-0.8203,2.0951%,2.4737%,28.2671%,0.006309,EA,75828.0,2019-03-04,252.0,-0.1232%,-0.0013,0.9601,0.1407,-0.8181,2.0958%,2.4726%,28.1543%,0.007451,EA,-0.029258,-0.06921,-0.0855239999999999,-0.1181039999999999,-0.10599
30139,ELECTRONIC ARTS INC,Electronic Arts Shares Spike ~3.8% Over Last Min. Following Circulation Of South China Morning Post From 1 Hour Ago 'Tencent in talks with EA to bring hit battle royale game Apex Legends to China',6,increase,0.8,0.4,"the news of tencent potentially bringing apex legends to china suggests a significant market opportunity, likely boosting investor confidence and driving up electronic arts' stock price.",2,2019-02-15,EA,2019-02-15 13:13:00+00:00,75828.0,28551210,0.0151068540289998,11254241.0,-0.0363159626722335,0.0293398536741733,-0.0420551858842372,-0.0007818022859282,-0.0179458241909742,0.0523447543382644,-0.0097047537565231,-0.0036885309964418,-0.0006254957988858,0.1605231910943985,0.0275401566177606,0.0484976880252361,-0.0067005446180701,-0.1330522894859314,-0.0210547596216201,0.0462512299418449,0.0170182175934314,-0.0305854082107543,-0.0012319345260038,-0.011058073490858,-0.0161373186856508,0.0337329879403114,-0.0099248280748724,0.0228107012808322,0.0484330914914608,-0.0357024781405925,-0.0100644119083881,-0.0138434348627924,0.0069133825600147,0.0028420910239219,-0.0045436648651957,0.0263660512864589,0.0156202549114823,-0.0238747168332338,-0.0129830762743949,-0.013078243471682,0.0015177731402218,0.0359422154724597,0.0068700774572789,-0.0067838146351277,-0.0215733647346496,0.0048050098121166,-0.0049226065166294,0.0102731548249721,0.0809027999639511,-0.0233737062662839,-0.0242181625217199,-0.0034062759950757,-0.0059604551643133,0.0236193723976612,0.0057996297255158,-0.001235598581843,-0.0161258950829505,0.016326067969203,0.0151981599628925,0.0375503227114677,-0.0055772964842617,0.0725447759032249,0.0102332085371017,-0.0206545181572437,-0.0178241152316331,0.0185020789504051,-0.0068424716591835,-0.0049180248752236,-0.0220668893307447,-0.0016366266645491,0.0152133740484714,0.019771484658122,-0.0148848770186305,0.0424250289797782,0.0030628184322267,-0.0241608787328004,0.0140457740053534,-0.0112345395609736,0.0095353266224265,-0.0117406602948904,0.0124279176816344,-0.0204999931156635,-0.0390847809612751,0.0097184982150793,-0.0410832576453685,-0.0116018000990152,-0.0200362876057624,-0.0086569003760814,0.0129418428987264,-0.0256657097488641,-0.0066566755995154,-0.0053931516595184,0.0228058863431215,-0.0034635243937373,-0.0050723422318696,0.0146631943061947,-0.0124269584193825,-0.016213646158576,0.0160249285399913,0.0332593843340873,0.0027522190939635,-0.0335714258253574,-0.0008445247076451,-0.0008326358511112,0.002218690700829,-0.0268549565225839,-0.0048492420464754,0.0057042823173105,-0.0201271343976259,0.0101128946989774,0.0136216450482606,0.0012951914686709,-0.0109854815527796,0.0273376330733299,0.0124015295878052,-0.0160675849765539,-0.0059650358743965,0.0120452903211116,0.0060008312575519,-0.0002408992295386,-0.0368555523455143,-0.0340816602110862,0.0458969436585903,-0.0258356798440218,-0.0363159626722335,0.0293398536741733,-0.0768438739957251,0.0285351134235738,-0.0934106715338186,0.0823735312640097,-0.1027704622876247,0.2514863484361078,-0.0893859589078032,0.1410451284493485,-0.039030310790505,0.3095682118665206,-0.1148446008385239,0.1926345664811313,2019-02-19,2019-02-20,2019-02-21,2019-02-22,2019-02-25,2019-02-26,2019-02-27,2019-02-28,2019-03-01,2019-03-04,75828.0,2019-02-15,252.0,1.5107%,-0.0009,0.985,0.209,-0.7928,2.0495%,2.4490%,29.9654%,0.007257,EA,75828.0,2019-02-19,252.0,-3.6316%,-0.0011,0.9758,0.1899,-0.8136,2.0613%,2.4554%,29.5273%,-0.036515,EA,75828.0,2019-02-20,252.0,-4.2055%,-0.0012,0.9652,0.1674,-0.8509,2.0756%,2.4693%,29.3421%,-0.039952,EA,75828.0,2019-02-21,252.0,-1.7946%,-0.0013,0.9717,0.1773,-0.8389,2.0771%,2.4716%,29.3731%,-0.016314,EA,75828.0,2019-02-22,252.0,-0.9705%,-0.0014,0.9755,0.1784,-0.7926,2.0842%,2.4713%,28.8754%,-0.029428,EA,75828.0,2019-02-25,252.0,-0.0625%,-0.0014,0.975,0.1787,-0.7943,2.0840%,2.4713%,28.8850%,-0.003152,EA,75828.0,2019-02-26,252.0,2.7540%,-0.0013,0.9656,0.1476,-0.8171,2.0916%,2.4743%,28.5401%,0.027523,EA,75828.0,2019-02-27,252.0,-0.6701%,-0.0013,0.9644,0.1474,-0.8173,2.0921%,2.4733%,28.4514%,-0.008931,EA,75828.0,2019-02-28,252.0,-2.1055%,-0.0014,0.9642,0.1466,-0.8131,2.0949%,2.4732%,28.2490%,-0.020238,EA,75828.0,2019-03-01,252.0,1.7018%,-0.0013,0.9618,0.1431,-0.8203,2.0951%,2.4737%,28.2671%,0.006309,EA,75828.0,2019-03-04,252.0,-0.1232%,-0.0013,0.9601,0.1407,-0.8181,2.0958%,2.4726%,28.1543%,0.007451,EA,-0.029258,-0.06921,-0.0855239999999999,-0.1181039999999999,-0.10599
30147,EBAY INC,eBay Option Alert: Mar 15 $39 Calls Sweep (32) near the Ask: 1013 @ $0.29 vs 546 OI; Ref=$36.79,6,increase,0.7,0.6,"the significant call option activity suggests bullish sentiment among traders, indicating a potential increase in ebay's stock price.",2,2019-02-15,EBAY,2019-02-15 19:03:00+00:00,86356.0,27864210,0.0071586491540074,10257027.0,0.0128484796732664,0.0016547539271414,-0.0083670057356357,0.0019342276500537,0.0065323314629495,0.0168586242944002,0.0137912966310977,0.0093590999022126,-0.004001107532531,0.000283640314592,0.0010712618241086,-0.0064825126901268,0.0053504751995205,0.0042456183582544,-0.0077168783172965,0.0079886615276336,0.00538349756971,0.0215679928660392,-0.0026773354038596,0.0196136645972728,-0.0034899616148322,-0.0126173794269561,-0.0083512272685766,0.0115762306377291,-0.0162999797612428,-0.0097002303227782,-0.008837329223752,0.0088967746123671,0.0100306663662195,0.032771810889244,0.000827552517876,0.0012266456615179,0.0049614198505878,-0.0088146170601248,-0.0030170218087732,0.0612903721630573,-0.0013754948740825,0.0204081907868385,-0.00082641269546,0.0029712195973843,0.0165425557643175,-0.0123899299651384,-0.0046107452362775,0.0152267795056104,0.0136239780113101,-0.0065768091008067,-0.0147849256172776,-0.0052338843233883,0.0019099506316706,0.0092439344152808,0.0049019688740372,0.0096666971221566,-0.0018970106029883,0.017984414473176,-0.0013576716883108,0.0172592345625162,0.0097879450768232,0.0229519642889499,0.0145396050065755,-0.0183709077537059,0.0063693700358271,0.0277876984328031,0.0018460842547938,-0.0060198325663805,0.0015792986378073,0.0074919401668012,-0.005519030150026,0.0064632063731551,-0.0007927795522846,0.0654170215129852,-0.0015869180206209,-0.0165538191795349,-0.0007946696714498,-0.0503751300275325,-0.0371156260371208,-0.0109540447592735,-0.0041299979202449,-0.0070175705477595,0.0016588713042438,0.0007022632635198,0.004416225478053,-0.0148737570270896,-0.0115415826439857,-0.0037905103527009,0.0002779627684503,-0.00068872096017,0.004724902100861,-0.0003441763110458,0.0143844159319996,0.0024154484272003,0.0504500232636928,-0.0027529224753379,-0.0106438174843788,-0.0139124486595392,0.0065599577501416,0.007177002262324,-0.0028675862122327,-0.031125845387578,0.0130718955770134,0.0117253055796027,-0.0245161484926939,0.0111788585782051,-0.0055555314756929,-0.0080645084381103,0.0183559097349643,0.035490620881319,-0.0104492614045739,-0.0020833148155361,-0.0052798511460423,0.0126581816002726,-0.0037154827732592,0.0035285949707031,0.0021310073789209,0.0063920561224222,-0.006379528902471,0.0071531031280756,-0.0403959900140762,-0.0056899627670645,0.0259269680827856,-0.0017749108374118,0.0128484796732664,0.0016547539271414,0.0043739706345102,0.0035921822479951,0.0109348743234536,0.0205113657933113,0.0207763340571776,0.0303546008498349,0.0221534990668741,0.0793461516798947,0.0339528648342026,0.2589254470023565,0.0098053175481189,0.2893148487511157,2019-02-19,2019-02-20,2019-02-21,2019-02-22,2019-02-25,2019-02-26,2019-02-27,2019-02-28,2019-03-01,2019-03-04,86356.0,2019-02-15,252.0,0.7159%,-0.0006,0.948,0.3889,0.1648,1.4359%,1.7465%,32.4082%,-0.005334,EBAY,86356.0,2019-02-19,252.0,1.2848%,-0.0006,0.9487,0.3968,0.1737,1.4370%,1.7463%,32.2869%,0.009325,EBAY,86356.0,2019-02-20,252.0,-0.8367%,-0.0007,0.9449,0.3857,0.1595,1.4383%,1.7463%,32.1659%,-0.012098,EBAY,86356.0,2019-02-21,252.0,0.6532%,-0.0007,0.9457,0.3898,0.1609,1.4388%,1.7468%,32.1574%,0.0105659999999999,EBAY,86356.0,2019-02-22,252.0,1.3791%,-0.0006,0.9443,0.3985,0.1511,1.4394%,1.7488%,32.2490%,0.0077659999999999,EBAY,86356.0,2019-02-25,252.0,-0.4001%,-0.0006,0.9436,0.3996,0.1492,1.4391%,1.7485%,32.2531%,-0.00421,EBAY,86356.0,2019-02-26,252.0,0.1071%,-0.0006,0.9377,0.3967,0.1433,1.4388%,1.7438%,31.9171%,0.005531,EBAY,86356.0,2019-02-27,252.0,0.5350%,-0.0006,0.9398,0.3943,0.1437,1.4388%,1.7440%,31.9329%,0.003825,EBAY,86356.0,2019-02-28,252.0,-0.7717%,-0.0006,0.9392,0.3938,0.1442,1.4390%,1.7420%,31.7651%,-0.0046229999999999,EBAY,86356.0,2019-03-01,252.0,0.5383%,-0.0006,0.9428,0.3992,0.1504,1.4384%,1.7419%,31.8106%,-0.002034,EBAY,86356.0,2019-03-04,252.0,-0.2677%,-0.0006,0.9396,0.4066,0.1521,1.4381%,1.7399%,31.6835%,0.003145,EBAY,0.003991,-0.008107,0.0024589999999999,0.0060149999999999,0.0118589999999999
30155,ELLINGTON FINANCIAL INC,"B. Riley FBR Upgrades Ellington Financial to Buy, Raises Price Target to $18",6,increase,0.8,0.6,the upgrade to 'buy' and the raised price target typically signal positive sentiment and can lead to an increase in stock price.,2,2019-02-15,EFC,2019-02-15 13:27:00+00:00,12329.0,28852N10,0.0098779825493693,100935.0,-0.0126581890508532,0.0213649068027734,0.0,0.0023795906454324,-0.0093240002170205,-0.0017815134488046,-0.0017647462664172,0.0023810069542378,0.0011785774258896,-0.0005948976613581,0.0023543799761682,0.002385152503848,0.0005872125038877,0.0035907465498894,-1.031887890690086e-07,0.0054150568321347,0.0114251682534813,0.0036232713609933,0.0321046933531761,0.0012091021053493,-0.0023042000830173,0.0091520156711339,-0.0040415530093014,0.0024464223533868,0.0,-0.0006112608825787,0.0144927538931369,0.00183715170715,-0.0022857666481286,0.0074028898961842,0.0005727508105337,0.0207807905972003,0.0057241204194724,0.0146965179592371,0.0108139179646968,0.0057840100489556,0.0028152724262326,0.0019317892147228,0.0033689711708575,-0.00384864769876,-0.0039172689430415,0.0110246483236551,-0.0011235141428187,-0.0006481029558926,0.0039369906298816,-0.0108974408358335,0.0056022619828581,-0.0044671152718365,0.0022283568978309,-0.0025461465120315,-0.0011117542162537,0.0019132482120767,-0.0022258770186454,0.0038412560243159,-0.0005577031406573,0.0090439496561884,0.0067490958608686,0.0012936289422214,0.0005586720071732,0.0038961311802268,-0.0044667739421129,0.0045661902986466,0.0061694118194282,-0.0051914290525019,0.0105907814577221,0.0058746836148202,0.0093767279759049,-0.0045484500005841,0.0010929212439805,0.0321931913495063,0.0,-0.0099601969122886,0.0005458640516735,0.0127774402499198,-0.0005455662030726,-0.0093271378427743,-0.0087336162105202,-0.0105471219867467,-0.00440528197214,0.009314727038145,0.0044247745536267,-0.0170045923441648,-0.0033039352856576,-0.0058517656289041,-0.001657496439293,-0.0096587007865309,0.0088544469326734,-0.0101975686848163,-0.0038398078177124,0.0064143314957618,0.0022026936057955,0.0012845509918406,-0.0027473154477775,0.0032216003164649,0.0027548840735107,0.0032320744358003,0.0027472442016005,-0.0115015562623739,-0.0038652508519589,0.0109819173812866,0.0022172397002577,-0.0070558441802859,-0.0044247745536267,0.0120176924392581,0.0,-0.0025236569344997,0.0044444403611123,-0.0031446062494069,-0.0060841045342385,0.0031545259989798,0.0072343391366302,0.0,0.00441988511011,0.000631327566225,-0.0022002703044563,-0.0081402696669101,-0.0038588587194681,0.005034607835114,0.0027670804411172,-0.0006288852309808,-0.0126581890508532,0.0213649068027734,-0.0126581890508532,0.0237953371805743,-0.0218641643104164,0.0219714320185637,-0.0224395514741539,0.0237953371133259,0.0234752084639364,0.0405077459527376,0.0642151126327121,0.1175324335523912,0.0850168229935286,0.110855577362823,2019-02-19,2019-02-20,2019-02-21,2019-02-22,2019-02-25,2019-02-26,2019-02-27,2019-02-28,2019-03-01,2019-03-04,12329.0,2019-02-15,252.0,0.9878%,0.001,0.2614,0.1319,0.1356,0.6592%,0.7090%,13.5622%,0.005915,EFC,12329.0,2019-02-19,252.0,-1.2658%,0.0009,0.2545,0.1281,0.132,0.6614%,0.7084%,12.8505%,-0.014044,EFC,12329.0,2019-02-20,252.0,0.0000%,0.0009,0.254,0.1277,0.1303,0.6615%,0.7084%,12.8257%,-0.001591,EFC,12329.0,2019-02-21,252.0,-0.9324%,0.0009,0.2494,0.1164,0.122,0.6537%,0.6993%,12.6343%,-0.008095,EFC,12329.0,2019-02-22,252.0,-0.1765%,0.0008,0.2502,0.1062,0.1226,0.6524%,0.6981%,12.6485%,-0.002333,EFC,12329.0,2019-02-25,252.0,0.1179%,0.0009,0.2493,0.1051,0.1187,0.6506%,0.6961%,12.6631%,0.0012,EFC,12329.0,2019-02-26,252.0,0.2354%,0.0009,0.2476,0.1028,0.1162,0.6507%,0.6954%,12.4517%,0.003718,EFC,12329.0,2019-02-27,252.0,0.0587%,0.0009,0.2478,0.1023,0.1162,0.6507%,0.6954%,12.4286%,0.000208,EFC,12329.0,2019-02-28,252.0,-0.0000%,0.0009,0.2404,0.0972,0.1109,0.6449%,0.6871%,11.9104%,0.0009379999999999,EFC,12329.0,2019-03-01,252.0,1.1425%,0.001,0.2334,0.0869,0.096,0.6407%,0.6809%,11.4522%,0.009766,EFC,12329.0,2019-03-04,252.0,3.2105%,0.0011,0.2323,0.0618,0.1029,0.6708%,0.7079%,10.1866%,0.0332019999999999,EFC,-0.008129,-0.00972,-0.017815,-0.018948,0.0288839999999999
30163,ISHARES TRUST,Return To A Once Beleaguered Emerging Market Asset Class,6,increase,0.75,0.6,"the news suggests a recovery in a previously struggling asset class, which is likely to attract investor interest and drive up ishares trust's stock price.",2,2019-02-15,EMB,2019-02-15 18:27:00+00:00,92491.0,46428828,0.0008322912035509,8218733.0,-0.0006467679049819,0.002595946425572,9.240482904715464e-05,9.27411820157431e-05,-0.0006471266970038,0.0037226760759949,0.0061979480087757,-0.0023212628439068,-0.0016548709245398,-0.0044370805844664,0.0029469318687915,-0.0018453308148309,0.0002754455781541,-0.0051404917612671,-0.0006425527390092,0.006653125397861,-0.0035585360601544,-0.0034072671551257,-0.0005553272785618,0.0013998631620779,0.0004630063194781,0.0075883739627897,-0.0008330680429935,0.007082893513143,-0.0023161014541983,0.0008395109325647,0.0027857313398271,-0.0045496551319956,0.0037040608003735,-0.0009277003700844,0.0031368574127554,0.0048471689224243,0.0002759015769697,0.0049648596905171,-0.0014711627736687,0.0002810980076901,0.0040515880100429,0.0048018279485404,0.0009170806151814,0.0034010449890047,0.0007330202497541,0.0008509487379342,0.0088811684399843,0.0034155654720962,-0.0002722459321375,-0.0011371789732947,-0.0066267549991607,9.47256849030964e-05,0.0055743451230227,-0.0017974912188947,0.0009087465587072,0.0018007279140874,-0.0037224988918751,-0.0007575926138088,0.0020960150286555,0.0042799785733222,0.0009094077395275,0.0075706844218075,0.0017639788566157,0.0042343833483755,0.0006375199882313,0.0,-0.0022754163946956,0.0034765871241688,-0.0002737311297096,0.0006764562567695,0.0039237183518707,0.0041727344505488,-0.003999225795269,0.001457740785554,0.0006387999164871,-0.0004856282030232,0.0020063950214535,-0.0031952152494341,-0.0036406801082193,-0.0018363046692684,-9.136873995885252e-05,-0.0013512150617316,0.0006395002128556,0.00104822719004,-0.0019172745523974,0.0013377867871895,0.0009147317614406,0.0001911906001623,0.0008225549827329,0.0028754472732543,-0.0007305435719899,0.0018244904931634,0.0030156432185322,0.0006726212450303,-0.0028243912383913,0.0,0.0013705027522519,0.0009618012118153,-0.00063868338475,0.0029905224218964,0.0010042965877801,-0.0028856813441962,0.0014593547675758,0.0069869286380708,-0.0002833913022186,0.0022231137845665,-0.0015550509560853,-0.0017367841210216,0.0056802118197083,0.0125048728659749,-0.0001821685727918,-0.0069848778657615,-0.0052847545593976,0.0014573158696293,0.0010992282768711,-0.0034853385295718,-0.003019506111741,0.0045711072161793,0.003395766718313,-0.0081034526228904,-0.0080490708351135,-0.0035087512806057,0.0031351218931376,0.001492238137871,-0.0006467679049819,0.002595946425572,-0.0005544228404125,0.0026889283587276,-0.0012011907555948,0.0064216144439936,0.003326184742872,-0.0003697626896059,0.0017771247662643,-0.0027499379268007,0.0228752823997595,0.0449483218751354,0.0176277695030617,0.0629911520978943,2019-02-19,2019-02-20,2019-02-21,2019-02-22,2019-02-25,2019-02-26,2019-02-27,2019-02-28,2019-03-01,2019-03-04,92491.0,2019-02-15,252.0,0.0832%,-0.0,0.1296,-0.0474,-0.0563,0.3247%,0.3593%,18.3520%,-0.00028,EMB,92491.0,2019-02-19,252.0,-0.0647%,-0.0,0.1281,-0.0458,-0.0544,0.3235%,0.3570%,17.9267%,-0.000687,EMB,92491.0,2019-02-20,252.0,0.0092%,-0.0,0.1275,-0.0501,-0.0573,0.3206%,0.3546%,18.2768%,0.000149,EMB,92491.0,2019-02-21,252.0,-0.0647%,-0.0,0.1254,-0.0545,-0.0612,0.3183%,0.3522%,18.3433%,-0.000442,EMB,92491.0,2019-02-22,252.0,0.6198%,-0.0,0.1246,-0.0502,-0.0669,0.3193%,0.3536%,18.4718%,0.004683,EMB,92491.0,2019-02-25,252.0,-0.1655%,-0.0,0.1247,-0.049,-0.0659,0.3195%,0.3537%,18.3975%,-0.002193,EMB,92491.0,2019-02-26,252.0,0.2947%,-0.0,0.121,-0.0489,-0.0687,0.3182%,0.3510%,17.8516%,0.002515,EMB,92491.0,2019-02-27,252.0,0.0275%,-0.0,0.1205,-0.0481,-0.0688,0.3181%,0.3506%,17.6978%,7.7e-05,EMB,92491.0,2019-02-28,252.0,-0.0643%,-0.0,0.1204,-0.0482,-0.0687,0.3181%,0.3505%,17.6123%,-0.000531,EMB,92491.0,2019-03-01,252.0,-0.3559%,-0.0,0.1186,-0.0508,-0.0693,0.3193%,0.3509%,17.2041%,-0.00465,EMB,92491.0,2019-03-04,252.0,-0.0555%,-0.0,0.1178,-0.0481,-0.0691,0.3191%,0.3502%,16.9482%,3.9e-05,EMB,-0.000967,-0.0008179999999999,-0.0012599999999999,0.0012299999999999,-0.00132
30171,ENBRIDGE INC,Enbridge Q4 EPS C$0.65 Beats $0.55 Estimate,6,increase,0.8,0.6,"beating earnings estimates typically signals strong financial performance, which can positively influence investor sentiment and lead to an increase in stock price.",2,2019-02-15,ENB,2019-02-15 12:06:00+00:00,76932.0,29250N10,0.0033613145351409,4122474.0,0.0131211951375007,0.0096834013238549,0.0115733854472637,0.0067283906973898,0.0070825973525643,-0.0173554010689258,0.0010818798327818,0.0055401874706149,-0.0037827449850738,-0.0256410464644432,0.0100353341549634,-0.0104166511446237,0.0005369667778722,-0.0050492277368903,-0.00724628707394,0.0050748516805469,0.0070288809947669,0.0118918549269437,-0.058791909366846,0.0103768724948167,0.0159725472331047,0.0021893272642046,0.0126333739608526,0.0024691398721188,0.0108122928068041,0.0108152907341718,-0.0145364450290799,-0.0008312213467434,0.0155858993530273,0.0137640926986932,0.0076733012683689,-0.0002808799908962,0.0054392372258007,-0.0014021098613739,0.0021638630423694,-0.0121883284300565,-0.0143049601465463,0.0120549574494361,0.0095837479457259,0.0022477665916085,0.004882026463747,0.0,-0.0005398234352469,0.0227011758834123,-0.0067512830719351,0.0075274556875228,-0.0046220277436077,-0.0046109464019536,-0.0030046601314097,0.0063805459067225,0.0024657575413584,0.0081870984286069,0.001913082669489,0.0205909423530101,-0.0008182973251678,0.0272838566452264,-0.0101010845974087,0.0274015404284,0.0038610924966633,0.0053831562399864,0.0057692052796483,0.0160875152796506,0.0065555274486541,0.0054998407140374,-0.0005426497664302,0.0167763233184814,0.0035296564456075,0.0046265493147075,0.003517345059663,0.0355920940637588,-0.0067403614521026,-0.0500650480389595,-0.0019001002656295,-0.0093397432938218,0.0108783710747957,-0.008620704524219,0.008071107789874,0.019531263038516,-0.0053376234136521,-0.0150689715519547,-0.0042929928749799,-0.0237871743738651,0.0002694239083211,-0.0099163213744759,0.0018857676768675,0.0160579420626163,0.0037645390257239,0.0085741654038429,0.0091078579425811,0.0028662469703704,0.0042475089430809,-0.0165988318622112,-0.0013217829400673,-0.012066813185811,-0.0100581599399447,-0.0164333805441856,-0.0024064211174845,-0.0176382698118686,-0.0099169854074716,0.0219982042908668,-0.0029777151066809,-0.0105804800987243,-0.0143905123695731,0.0225657932460308,0.0096419369801878,0.0109374523162841,0.0030012766364961,-0.0089811366051435,-0.005440613720566,0.0087473476305603,0.0046498402953147,-0.0436212383210659,-0.0049006347544491,0.0145498486235737,0.0082079134881496,-0.0075210584327578,0.0111261839047074,0.0246610082685947,-0.0072828689590096,0.0052679940126836,0.0131211951375007,0.0096834013238549,0.0248464372336194,0.0164769457286313,0.0321050118967551,-0.0011644193418058,0.0293132115721304,-0.0213837632979985,-0.0212171502575364,-0.0098926308497726,0.0161921229445787,0.1481232057021511,0.0326253202744479,0.1235739165732878,2019-02-19,2019-02-20,2019-02-21,2019-02-22,2019-02-25,2019-02-26,2019-02-27,2019-02-28,2019-03-01,2019-03-04,76932.0,2019-02-15,252.0,0.3361%,0.0005,0.768,-0.0021,0.3612,1.4854%,1.6646%,20.3708%,-0.006915,ENB,76932.0,2019-02-19,252.0,1.3121%,0.0006,0.7701,0.0039,0.3678,1.4867%,1.6659%,20.3571%,0.010484,ENB,76932.0,2019-02-20,252.0,1.1573%,0.0006,0.7731,0.0147,0.3794,1.4862%,1.6665%,20.4626%,0.007979,ENB,76932.0,2019-02-21,252.0,0.7083%,0.0007,0.7706,0.0118,0.3747,1.4876%,1.6665%,20.3201%,0.010726,ENB,76932.0,2019-02-22,252.0,0.1082%,0.0007,0.7706,0.0086,0.372,1.4875%,1.6665%,20.3286%,0.0014169999999999,ENB,76932.0,2019-02-25,252.0,-0.3783%,0.0007,0.7685,0.009,0.3646,1.4836%,1.6623%,20.3489%,-0.004347,ENB,76932.0,2019-02-26,252.0,1.0035%,0.0008,0.7683,-0.0071,0.3563,1.4852%,1.6626%,20.2057%,0.012426,ENB,76932.0,2019-02-27,252.0,0.0537%,0.0008,0.7703,-0.0108,0.3567,1.4849%,1.6625%,20.2162%,0.000187,ENB,76932.0,2019-02-28,252.0,-0.7246%,0.0008,0.7612,-0.0172,0.3512,1.4805%,1.6537%,19.8505%,-0.004064,ENB,76932.0,2019-03-01,252.0,0.7029%,0.0009,0.7452,-0.041,0.3255,1.4706%,1.6381%,19.4076%,0.002913,ENB,76932.0,2019-03-04,252.0,-5.8792%,0.0007,0.756,-0.0251,0.3109,1.5133%,1.6809%,18.9410%,-0.05644,ENB,0.003569,0.011548,0.022274,0.0193439999999999,-0.025634
30179,ISHARES TRUST,"Pres Trump Says We Are Continuing Trade With UK, Says We Are Going To Increase Trade Substantially Moving Forward",6,increase,0.7,0.6,"increased trade with the uk could positively impact companies within the ishares trust, leading to a potential rise in stock prices.",2,2019-02-15,EWU,2019-02-15 15:42:00+00:00,14907.0,46435G33,0.0132076097652316,1109900.0,0.0052761686965823,0.0,0.0055572804994881,0.002206104574725,-0.0064476230181753,0.0073015727102756,0.0030901876743882,-0.0059955990873277,0.0006161570781841,-0.0006306701689027,0.0086206523701548,-0.0043956451117992,-0.0012209127889946,-0.0037534856237471,-0.0045843985863029,0.0088355559855699,0.0018422282300889,0.0028481059707701,-0.0024517874699085,0.0034931919071823,0.0055299634113907,0.0060703046619892,0.0012221484212204,0.0132728992030024,-0.0106805702671408,0.0068448199890553,-0.0040097860619425,-0.0071197189390659,0.0086713768541812,0.0068425899371504,-0.0018422282300889,-0.0042180130258202,0.013841918669641,0.0071895201690495,0.0033373972401022,-0.011627865023911,0.0105835646390914,0.0091264266520738,0.0053860056214034,0.0082155764102935,0.0020833243615925,-0.0029488909058272,-0.0038609225302934,0.0049390718340873,-0.0017889497103169,-0.0065423245541751,-0.0155316749587655,0.0003272326139267,-0.0015169671969488,0.004272072110325,0.0045579313300549,0.0096217952668666,0.0027223275974392,0.0060080210678279,-0.0063349287956953,0.0,0.002125066705048,0.0277872886508703,0.0133293690159916,-0.0061370716430246,0.0056800781749188,-0.0006814465741626,0.0059453258290886,-0.0010210613254457,-0.0035460677463561,0.013103418983519,0.0023724203929305,-0.0092244772240519,0.0017751886043697,0.0248599797487258,-0.005611412692815,-0.009021520614624,0.0032670216169208,-0.0082587674260139,-0.0011840468505397,0.0006886553019285,0.0059275915846228,-0.0037735404912382,-0.0005892887129448,-0.0021023366134613,-0.0014740341575816,-0.0092930234968662,0.0017715197755023,-0.0134250735864043,-0.0035366616211831,-0.0003272773174103,0.0011829960858449,0.0173159688711166,0.0002954840892925,0.0030060170684009,-0.0079740239307284,-0.0118811456486582,-0.0035724600311368,-0.0081833060830831,0.0014938522363081,-0.016103059053421,0.0020882964599877,-0.0214308332651853,0.0050609754398465,0.0095449965447187,-0.0112558435648679,-0.0078914137557148,-0.0011983497533947,-0.0084507185965776,0.0158967841416597,0.0129993604496121,-0.0082668671384453,-0.0078641083091497,-0.0196487009525299,0.0163043551146984,0.0006073628319427,-0.012314474210143,-0.0021244215313345,0.0166934337466955,0.0036496024113148,-0.0142405303195118,-0.0193939208984375,-0.0034688964951783,0.008961709216237,-0.0050204503349959,0.0052761686965823,0.0,0.01086277034548,0.002206104574725,0.0043451082791838,0.0095237853179594,0.0080694698152992,0.002838226153133,0.0102420241056158,0.0098443777618209,0.038175029917745,0.084214090278889,0.0133457552966518,0.0196164351540302,2019-02-19,2019-02-20,2019-02-21,2019-02-22,2019-02-25,2019-02-26,2019-02-27,2019-02-28,2019-03-01,2019-03-04,14907.0,2019-02-15,252.0,1.3208%,-0.0002,0.6568,0.0863,0.2826,0.5777%,0.8664%,55.5311%,0.0040799999999999,EWU,14907.0,2019-02-19,252.0,0.5276%,-0.0002,0.6564,0.0897,0.2865,0.5777%,0.8650%,55.4010%,0.0028299999999999,EWU,14907.0,2019-02-20,252.0,0.5557%,-0.0002,0.6573,0.0924,0.2898,0.5778%,0.8657%,55.4548%,0.002437,EWU,14907.0,2019-02-21,252.0,-0.6448%,-0.0002,0.656,0.0892,0.2876,0.5771%,0.8641%,55.3909%,-0.003384,EWU,14907.0,2019-02-22,252.0,0.3090%,-0.0002,0.6556,0.0915,0.2843,0.5773%,0.8641%,55.3695%,0.002463,EWU,14907.0,2019-02-25,252.0,0.0616%,-0.0002,0.6559,0.0917,0.2858,0.5770%,0.8641%,55.4125%,0.000283,EWU,14907.0,2019-02-26,252.0,0.8621%,-0.0001,0.654,0.0778,0.2773,0.5813%,0.8641%,54.7481%,0.0111,EWU,14907.0,2019-02-27,252.0,-0.1221%,-0.0001,0.6542,0.0771,0.2773,0.5813%,0.8632%,54.6419%,-0.001725,EWU,14907.0,2019-02-28,252.0,-0.4584%,-0.0001,0.6509,0.0748,0.2754,0.5799%,0.8585%,54.3739%,-0.001978,EWU,14907.0,2019-03-01,252.0,0.1842%,-0.0001,0.6467,0.0684,0.2697,0.5786%,0.8535%,54.0455%,-0.0020499999999999,EWU,14907.0,2019-03-04,252.0,-0.2452%,-0.0001,0.6448,0.0743,0.2702,0.5781%,0.8509%,53.8419%,4.3e-05,EWU,0.0069099999999999,0.009347,0.0059629999999999,0.008709,0.0140989999999999
30187,ISHARES TRUST,Irish Foreign Minister Says EU Is Serious About Helping UK Prime Minister Theresa May Get A Brexit Deal Passed,6,increase,0.7,0.6,"the news suggests a collaborative effort from the eu to support the uk in securing a brexit deal, which could stabilize market sentiment and positively impact ishares trust's stock price.",2,2019-02-15,EWU,2019-02-15 15:34:00+00:00,14907.0,46435G33,0.0132076097652316,1109900.0,0.0052761686965823,0.0,0.0055572804994881,0.002206104574725,-0.0064476230181753,0.0073015727102756,0.0030901876743882,-0.0059955990873277,0.0006161570781841,-0.0006306701689027,0.0086206523701548,-0.0043956451117992,-0.0012209127889946,-0.0037534856237471,-0.0045843985863029,0.0088355559855699,0.0018422282300889,0.0028481059707701,-0.0024517874699085,0.0034931919071823,0.0055299634113907,0.0060703046619892,0.0012221484212204,0.0132728992030024,-0.0106805702671408,0.0068448199890553,-0.0040097860619425,-0.0071197189390659,0.0086713768541812,0.0068425899371504,-0.0018422282300889,-0.0042180130258202,0.013841918669641,0.0071895201690495,0.0033373972401022,-0.011627865023911,0.0105835646390914,0.0091264266520738,0.0053860056214034,0.0082155764102935,0.0020833243615925,-0.0029488909058272,-0.0038609225302934,0.0049390718340873,-0.0017889497103169,-0.0065423245541751,-0.0155316749587655,0.0003272326139267,-0.0015169671969488,0.004272072110325,0.0045579313300549,0.0096217952668666,0.0027223275974392,0.0060080210678279,-0.0063349287956953,0.0,0.002125066705048,0.0277872886508703,0.0133293690159916,-0.0061370716430246,0.0056800781749188,-0.0006814465741626,0.0059453258290886,-0.0010210613254457,-0.0035460677463561,0.013103418983519,0.0023724203929305,-0.0092244772240519,0.0017751886043697,0.0248599797487258,-0.005611412692815,-0.009021520614624,0.0032670216169208,-0.0082587674260139,-0.0011840468505397,0.0006886553019285,0.0059275915846228,-0.0037735404912382,-0.0005892887129448,-0.0021023366134613,-0.0014740341575816,-0.0092930234968662,0.0017715197755023,-0.0134250735864043,-0.0035366616211831,-0.0003272773174103,0.0011829960858449,0.0173159688711166,0.0002954840892925,0.0030060170684009,-0.0079740239307284,-0.0118811456486582,-0.0035724600311368,-0.0081833060830831,0.0014938522363081,-0.016103059053421,0.0020882964599877,-0.0214308332651853,0.0050609754398465,0.0095449965447187,-0.0112558435648679,-0.0078914137557148,-0.0011983497533947,-0.0084507185965776,0.0158967841416597,0.0129993604496121,-0.0082668671384453,-0.0078641083091497,-0.0196487009525299,0.0163043551146984,0.0006073628319427,-0.012314474210143,-0.0021244215313345,0.0166934337466955,0.0036496024113148,-0.0142405303195118,-0.0193939208984375,-0.0034688964951783,0.008961709216237,-0.0050204503349959,0.0052761686965823,0.0,0.01086277034548,0.002206104574725,0.0043451082791838,0.0095237853179594,0.0080694698152992,0.002838226153133,0.0102420241056158,0.0098443777618209,0.038175029917745,0.084214090278889,0.0133457552966518,0.0196164351540302,2019-02-19,2019-02-20,2019-02-21,2019-02-22,2019-02-25,2019-02-26,2019-02-27,2019-02-28,2019-03-01,2019-03-04,14907.0,2019-02-15,252.0,1.3208%,-0.0002,0.6568,0.0863,0.2826,0.5777%,0.8664%,55.5311%,0.0040799999999999,EWU,14907.0,2019-02-19,252.0,0.5276%,-0.0002,0.6564,0.0897,0.2865,0.5777%,0.8650%,55.4010%,0.0028299999999999,EWU,14907.0,2019-02-20,252.0,0.5557%,-0.0002,0.6573,0.0924,0.2898,0.5778%,0.8657%,55.4548%,0.002437,EWU,14907.0,2019-02-21,252.0,-0.6448%,-0.0002,0.656,0.0892,0.2876,0.5771%,0.8641%,55.3909%,-0.003384,EWU,14907.0,2019-02-22,252.0,0.3090%,-0.0002,0.6556,0.0915,0.2843,0.5773%,0.8641%,55.3695%,0.002463,EWU,14907.0,2019-02-25,252.0,0.0616%,-0.0002,0.6559,0.0917,0.2858,0.5770%,0.8641%,55.4125%,0.000283,EWU,14907.0,2019-02-26,252.0,0.8621%,-0.0001,0.654,0.0778,0.2773,0.5813%,0.8641%,54.7481%,0.0111,EWU,14907.0,2019-02-27,252.0,-0.1221%,-0.0001,0.6542,0.0771,0.2773,0.5813%,0.8632%,54.6419%,-0.001725,EWU,14907.0,2019-02-28,252.0,-0.4584%,-0.0001,0.6509,0.0748,0.2754,0.5799%,0.8585%,54.3739%,-0.001978,EWU,14907.0,2019-03-01,252.0,0.1842%,-0.0001,0.6467,0.0684,0.2697,0.5786%,0.8535%,54.0455%,-0.0020499999999999,EWU,14907.0,2019-03-04,252.0,-0.2452%,-0.0001,0.6448,0.0743,0.2702,0.5781%,0.8509%,53.8419%,4.3e-05,EWU,0.0069099999999999,0.009347,0.0059629999999999,0.008709,0.0140989999999999
30195,ISHARES TRUST,'Brexit latest: Eight Cabinet ministers signal they're ready to quit over no deal' -Earlier From UK's Evening Standard,6,decrease,0.7,0.6,"the news about cabinet ministers signaling readiness to quit over a no-deal brexit suggests political instability, which could negatively impact investor confidence and lead to a decrease in ishares trust's stock price.",0,2019-02-15,EWU,2019-02-15 12:08:00+00:00,14907.0,46435G33,0.0132076097652316,1109900.0,0.0052761686965823,0.0,0.0055572804994881,0.002206104574725,-0.0064476230181753,0.0073015727102756,0.0030901876743882,-0.0059955990873277,0.0006161570781841,-0.0006306701689027,0.0086206523701548,-0.0043956451117992,-0.0012209127889946,-0.0037534856237471,-0.0045843985863029,0.0088355559855699,0.0018422282300889,0.0028481059707701,-0.0024517874699085,0.0034931919071823,0.0055299634113907,0.0060703046619892,0.0012221484212204,0.0132728992030024,-0.0106805702671408,0.0068448199890553,-0.0040097860619425,-0.0071197189390659,0.0086713768541812,0.0068425899371504,-0.0018422282300889,-0.0042180130258202,0.013841918669641,0.0071895201690495,0.0033373972401022,-0.011627865023911,0.0105835646390914,0.0091264266520738,0.0053860056214034,0.0082155764102935,0.0020833243615925,-0.0029488909058272,-0.0038609225302934,0.0049390718340873,-0.0017889497103169,-0.0065423245541751,-0.0155316749587655,0.0003272326139267,-0.0015169671969488,0.004272072110325,0.0045579313300549,0.0096217952668666,0.0027223275974392,0.0060080210678279,-0.0063349287956953,0.0,0.002125066705048,0.0277872886508703,0.0133293690159916,-0.0061370716430246,0.0056800781749188,-0.0006814465741626,0.0059453258290886,-0.0010210613254457,-0.0035460677463561,0.013103418983519,0.0023724203929305,-0.0092244772240519,0.0017751886043697,0.0248599797487258,-0.005611412692815,-0.009021520614624,0.0032670216169208,-0.0082587674260139,-0.0011840468505397,0.0006886553019285,0.0059275915846228,-0.0037735404912382,-0.0005892887129448,-0.0021023366134613,-0.0014740341575816,-0.0092930234968662,0.0017715197755023,-0.0134250735864043,-0.0035366616211831,-0.0003272773174103,0.0011829960858449,0.0173159688711166,0.0002954840892925,0.0030060170684009,-0.0079740239307284,-0.0118811456486582,-0.0035724600311368,-0.0081833060830831,0.0014938522363081,-0.016103059053421,0.0020882964599877,-0.0214308332651853,0.0050609754398465,0.0095449965447187,-0.0112558435648679,-0.0078914137557148,-0.0011983497533947,-0.0084507185965776,0.0158967841416597,0.0129993604496121,-0.0082668671384453,-0.0078641083091497,-0.0196487009525299,0.0163043551146984,0.0006073628319427,-0.012314474210143,-0.0021244215313345,0.0166934337466955,0.0036496024113148,-0.0142405303195118,-0.0193939208984375,-0.0034688964951783,0.008961709216237,-0.0050204503349959,0.0052761686965823,0.0,0.01086277034548,0.002206104574725,0.0043451082791838,0.0095237853179594,0.0080694698152992,0.002838226153133,0.0102420241056158,0.0098443777618209,0.038175029917745,0.084214090278889,0.0133457552966518,0.0196164351540302,2019-02-19,2019-02-20,2019-02-21,2019-02-22,2019-02-25,2019-02-26,2019-02-27,2019-02-28,2019-03-01,2019-03-04,14907.0,2019-02-15,252.0,1.3208%,-0.0002,0.6568,0.0863,0.2826,0.5777%,0.8664%,55.5311%,0.0040799999999999,EWU,14907.0,2019-02-19,252.0,0.5276%,-0.0002,0.6564,0.0897,0.2865,0.5777%,0.8650%,55.4010%,0.0028299999999999,EWU,14907.0,2019-02-20,252.0,0.5557%,-0.0002,0.6573,0.0924,0.2898,0.5778%,0.8657%,55.4548%,0.002437,EWU,14907.0,2019-02-21,252.0,-0.6448%,-0.0002,0.656,0.0892,0.2876,0.5771%,0.8641%,55.3909%,-0.003384,EWU,14907.0,2019-02-22,252.0,0.3090%,-0.0002,0.6556,0.0915,0.2843,0.5773%,0.8641%,55.3695%,0.002463,EWU,14907.0,2019-02-25,252.0,0.0616%,-0.0002,0.6559,0.0917,0.2858,0.5770%,0.8641%,55.4125%,0.000283,EWU,14907.0,2019-02-26,252.0,0.8621%,-0.0001,0.654,0.0778,0.2773,0.5813%,0.8641%,54.7481%,0.0111,EWU,14907.0,2019-02-27,252.0,-0.1221%,-0.0001,0.6542,0.0771,0.2773,0.5813%,0.8632%,54.6419%,-0.001725,EWU,14907.0,2019-02-28,252.0,-0.4584%,-0.0001,0.6509,0.0748,0.2754,0.5799%,0.8585%,54.3739%,-0.001978,EWU,14907.0,2019-03-01,252.0,0.1842%,-0.0001,0.6467,0.0684,0.2697,0.5786%,0.8535%,54.0455%,-0.0020499999999999,EWU,14907.0,2019-03-04,252.0,-0.2452%,-0.0001,0.6448,0.0743,0.2702,0.5781%,0.8509%,53.8419%,4.3e-05,EWU,0.0069099999999999,0.009347,0.0059629999999999,0.008709,0.0140989999999999
30203,ISHARES INC,WSJ's Alex Leary Tweets Copy Of Trump Emergency Order,6,uncertain,0.5,0.5,the impact of trump's emergency order on ishares inc's stock price is unclear as it depends on market interpretation and broader economic factors.,1,2019-02-15,EWW,2019-02-15 19:14:00+00:00,83223.0,46428682,0.0099169807508587,3717364.0,0.0038821229245513,0.0171240791678428,-0.0011373802553862,-0.0306957364082336,0.0059211640618741,0.0011381569784134,0.0108671812340617,-0.0112536577507853,0.0026875459589064,-0.0126666594296693,-0.0058075077831745,-0.0050851101987063,-0.0094360411167144,-0.0076788566075265,-0.0120208384469151,0.01086719147861,-0.0061983573250472,0.0053512081503868,-0.0053129945881664,-0.0033333671744912,-0.0046446993947029,0.0087424209341406,-0.0118992561474442,-0.0044633061625063,-0.0136953489854931,0.0044833165593445,0.0047881435602903,-0.0044633061625063,0.0114367296919226,0.0044833165593445,0.0025912981946021,-0.0015666896943002,0.0025845111813396,0.0076680234633386,-0.0030465726740658,-0.0161970164626836,0.0145744923502206,-0.0004435674927663,0.0169137977063655,-0.0026542565319687,-0.0015948894433677,0.0109570184722542,0.0255590807646513,0.0056217671371996,0.0028927696403115,0.0047447560355067,-0.0392722524702549,-0.0042745205573737,0.0143186822533607,0.002254843013361,0.0013661514967679,0.011171861551702,-0.0111413793638348,0.0164542067795991,-0.0020694446284323,0.0117233293130993,0.0043778484687209,0.0205790996551513,0.0227116700261831,-0.0125236008316278,-0.0094213094562292,0.0276833269745111,0.0015851380303502,0.0009723120019771,0.0156002407893538,0.0024366099387407,0.0249332766979932,0.0009756321087479,0.0154213523492217,0.0098522547632455,-0.0038502740208059,0.004453248810023,0.0008589416975155,-0.0141463857144117,-0.005792757961899,0.0219342242926359,0.0036684973165392,0.0032507439609616,-0.0051601347513496,0.017695078626275,0.0079965190961956,-0.0151477679610252,0.0115780644118785,-0.0022299343254417,-0.0010597548680379,-0.0078662661835551,-0.0012731036404147,0.0149700213223695,-0.0091353366151452,-0.0022403867915272,-0.0102915856987237,-0.0105911409482359,0.0054159443825483,-0.0004923795931972,0.00237019197084,0.0183003153651952,-0.0064488225616514,-0.0167611613869667,-0.0015144892968237,0.0059508518315851,-0.0099675599485635,-0.0100638149306178,-0.0052527440711855,0.0159601811319589,0.0121011929586529,0.0445428267121315,-0.006521722767502,0.0166843514889478,-0.0161925964057445,-0.04934548959136,-0.011788229458034,-0.0158572699874639,-0.0065271416679024,0.0014888677978888,0.0101948520168662,-0.0213696230202913,-0.0148015217855572,-0.0048332712613046,0.0118370233103632,0.0283300038427114,0.0038821229245513,0.0171240791678428,0.0027403272192016,-0.0140972934607606,0.008677717208124,-0.0129751814152762,0.0223795279813503,-0.0364444314541909,-0.0166704612498795,-0.0364444316685057,0.0180406707592968,0.0245746895231608,0.0150719312105831,0.0875525464326463,2019-02-19,2019-02-20,2019-02-21,2019-02-22,2019-02-25,2019-02-26,2019-02-27,2019-02-28,2019-03-01,2019-03-04,83223.0,2019-02-15,252.0,0.9917%,-0.0006,0.6031,0.1114,0.0565,1.4378%,1.5701%,16.1517%,0.002393,EWW,83223.0,2019-02-19,252.0,0.3882%,-0.0006,0.6016,0.1159,0.0617,1.4373%,1.5682%,15.9987%,0.002144,EWW,83223.0,2019-02-20,252.0,-0.1137%,-0.0006,0.6011,0.1154,0.06,1.4373%,1.5682%,15.9929%,-0.0029749999999999,EWW,83223.0,2019-02-21,252.0,0.5921%,-0.0005,0.5963,0.1075,0.0511,1.4376%,1.5669%,15.8203%,0.008264,EWW,83223.0,2019-02-22,252.0,1.0867%,-0.0005,0.5947,0.1217,0.0451,1.4372%,1.5670%,15.8774%,0.0070509999999999,EWW,83223.0,2019-02-25,252.0,0.2688%,-0.0006,0.5971,0.1228,0.0546,1.4314%,1.5618%,15.9991%,0.002093,EWW,83223.0,2019-02-26,252.0,-0.5808%,-0.0005,0.604,0.1209,0.0588,1.4301%,1.5621%,16.1910%,-0.003986,EWW,83223.0,2019-02-27,252.0,-0.9436%,-0.0005,0.6075,0.1118,0.0593,1.4304%,1.5631%,16.2570%,-0.010239,EWW,83223.0,2019-02-28,252.0,-1.2021%,-0.0005,0.6025,0.1081,0.058,1.4294%,1.5594%,15.9770%,-0.010112,EWW,83223.0,2019-03-01,252.0,-0.6198%,-0.0005,0.5974,0.1005,0.0547,1.4305%,1.5579%,15.6866%,-0.010708,EWW,83223.0,2019-03-04,252.0,-0.5313%,-0.0006,0.6032,0.0827,0.0529,1.4285%,1.5578%,15.9078%,-0.002108,EWW,0.004537,0.001562,0.009826,0.01897,-0.0181829999999999
30211,ISHARES INC,"Trump, In Emergency Proclamation, Says It Is Necessary For The Armed Forces To Provide Support Given 'the Gravity Of The Current Emergency Situation'",6,uncertain,0.5,0.5,"the emergency proclamation may create volatility in the market, but its direct impact on ishares inc's stock price is unclear without additional context on how it affects the company's operations or investor sentiment.",1,2019-02-15,EWW,2019-02-15 19:06:00+00:00,83223.0,46428682,0.0099169807508587,3717364.0,0.0038821229245513,0.0171240791678428,-0.0011373802553862,-0.0306957364082336,0.0059211640618741,0.0011381569784134,0.0108671812340617,-0.0112536577507853,0.0026875459589064,-0.0126666594296693,-0.0058075077831745,-0.0050851101987063,-0.0094360411167144,-0.0076788566075265,-0.0120208384469151,0.01086719147861,-0.0061983573250472,0.0053512081503868,-0.0053129945881664,-0.0033333671744912,-0.0046446993947029,0.0087424209341406,-0.0118992561474442,-0.0044633061625063,-0.0136953489854931,0.0044833165593445,0.0047881435602903,-0.0044633061625063,0.0114367296919226,0.0044833165593445,0.0025912981946021,-0.0015666896943002,0.0025845111813396,0.0076680234633386,-0.0030465726740658,-0.0161970164626836,0.0145744923502206,-0.0004435674927663,0.0169137977063655,-0.0026542565319687,-0.0015948894433677,0.0109570184722542,0.0255590807646513,0.0056217671371996,0.0028927696403115,0.0047447560355067,-0.0392722524702549,-0.0042745205573737,0.0143186822533607,0.002254843013361,0.0013661514967679,0.011171861551702,-0.0111413793638348,0.0164542067795991,-0.0020694446284323,0.0117233293130993,0.0043778484687209,0.0205790996551513,0.0227116700261831,-0.0125236008316278,-0.0094213094562292,0.0276833269745111,0.0015851380303502,0.0009723120019771,0.0156002407893538,0.0024366099387407,0.0249332766979932,0.0009756321087479,0.0154213523492217,0.0098522547632455,-0.0038502740208059,0.004453248810023,0.0008589416975155,-0.0141463857144117,-0.005792757961899,0.0219342242926359,0.0036684973165392,0.0032507439609616,-0.0051601347513496,0.017695078626275,0.0079965190961956,-0.0151477679610252,0.0115780644118785,-0.0022299343254417,-0.0010597548680379,-0.0078662661835551,-0.0012731036404147,0.0149700213223695,-0.0091353366151452,-0.0022403867915272,-0.0102915856987237,-0.0105911409482359,0.0054159443825483,-0.0004923795931972,0.00237019197084,0.0183003153651952,-0.0064488225616514,-0.0167611613869667,-0.0015144892968237,0.0059508518315851,-0.0099675599485635,-0.0100638149306178,-0.0052527440711855,0.0159601811319589,0.0121011929586529,0.0445428267121315,-0.006521722767502,0.0166843514889478,-0.0161925964057445,-0.04934548959136,-0.011788229458034,-0.0158572699874639,-0.0065271416679024,0.0014888677978888,0.0101948520168662,-0.0213696230202913,-0.0148015217855572,-0.0048332712613046,0.0118370233103632,0.0283300038427114,0.0038821229245513,0.0171240791678428,0.0027403272192016,-0.0140972934607606,0.008677717208124,-0.0129751814152762,0.0223795279813503,-0.0364444314541909,-0.0166704612498795,-0.0364444316685057,0.0180406707592968,0.0245746895231608,0.0150719312105831,0.0875525464326463,2019-02-19,2019-02-20,2019-02-21,2019-02-22,2019-02-25,2019-02-26,2019-02-27,2019-02-28,2019-03-01,2019-03-04,83223.0,2019-02-15,252.0,0.9917%,-0.0006,0.6031,0.1114,0.0565,1.4378%,1.5701%,16.1517%,0.002393,EWW,83223.0,2019-02-19,252.0,0.3882%,-0.0006,0.6016,0.1159,0.0617,1.4373%,1.5682%,15.9987%,0.002144,EWW,83223.0,2019-02-20,252.0,-0.1137%,-0.0006,0.6011,0.1154,0.06,1.4373%,1.5682%,15.9929%,-0.0029749999999999,EWW,83223.0,2019-02-21,252.0,0.5921%,-0.0005,0.5963,0.1075,0.0511,1.4376%,1.5669%,15.8203%,0.008264,EWW,83223.0,2019-02-22,252.0,1.0867%,-0.0005,0.5947,0.1217,0.0451,1.4372%,1.5670%,15.8774%,0.0070509999999999,EWW,83223.0,2019-02-25,252.0,0.2688%,-0.0006,0.5971,0.1228,0.0546,1.4314%,1.5618%,15.9991%,0.002093,EWW,83223.0,2019-02-26,252.0,-0.5808%,-0.0005,0.604,0.1209,0.0588,1.4301%,1.5621%,16.1910%,-0.003986,EWW,83223.0,2019-02-27,252.0,-0.9436%,-0.0005,0.6075,0.1118,0.0593,1.4304%,1.5631%,16.2570%,-0.010239,EWW,83223.0,2019-02-28,252.0,-1.2021%,-0.0005,0.6025,0.1081,0.058,1.4294%,1.5594%,15.9770%,-0.010112,EWW,83223.0,2019-03-01,252.0,-0.6198%,-0.0005,0.5974,0.1005,0.0547,1.4305%,1.5579%,15.6866%,-0.010708,EWW,83223.0,2019-03-04,252.0,-0.5313%,-0.0006,0.6032,0.0827,0.0529,1.4285%,1.5578%,15.9078%,-0.002108,EWW,0.004537,0.001562,0.009826,0.01897,-0.0181829999999999
30219,ISHARES INC,Hearing CA Governor Newsom Says Will See Trump In Court On Emergency Declaration,6,uncertain,0.5,0.5,"the news about a legal confrontation involving a high-profile figure like trump may create volatility, but its direct impact on ishares inc's stock price is unclear.",1,2019-02-15,EWW,2019-02-15 17:26:00+00:00,83223.0,46428682,0.0099169807508587,3717364.0,0.0038821229245513,0.0171240791678428,-0.0011373802553862,-0.0306957364082336,0.0059211640618741,0.0011381569784134,0.0108671812340617,-0.0112536577507853,0.0026875459589064,-0.0126666594296693,-0.0058075077831745,-0.0050851101987063,-0.0094360411167144,-0.0076788566075265,-0.0120208384469151,0.01086719147861,-0.0061983573250472,0.0053512081503868,-0.0053129945881664,-0.0033333671744912,-0.0046446993947029,0.0087424209341406,-0.0118992561474442,-0.0044633061625063,-0.0136953489854931,0.0044833165593445,0.0047881435602903,-0.0044633061625063,0.0114367296919226,0.0044833165593445,0.0025912981946021,-0.0015666896943002,0.0025845111813396,0.0076680234633386,-0.0030465726740658,-0.0161970164626836,0.0145744923502206,-0.0004435674927663,0.0169137977063655,-0.0026542565319687,-0.0015948894433677,0.0109570184722542,0.0255590807646513,0.0056217671371996,0.0028927696403115,0.0047447560355067,-0.0392722524702549,-0.0042745205573737,0.0143186822533607,0.002254843013361,0.0013661514967679,0.011171861551702,-0.0111413793638348,0.0164542067795991,-0.0020694446284323,0.0117233293130993,0.0043778484687209,0.0205790996551513,0.0227116700261831,-0.0125236008316278,-0.0094213094562292,0.0276833269745111,0.0015851380303502,0.0009723120019771,0.0156002407893538,0.0024366099387407,0.0249332766979932,0.0009756321087479,0.0154213523492217,0.0098522547632455,-0.0038502740208059,0.004453248810023,0.0008589416975155,-0.0141463857144117,-0.005792757961899,0.0219342242926359,0.0036684973165392,0.0032507439609616,-0.0051601347513496,0.017695078626275,0.0079965190961956,-0.0151477679610252,0.0115780644118785,-0.0022299343254417,-0.0010597548680379,-0.0078662661835551,-0.0012731036404147,0.0149700213223695,-0.0091353366151452,-0.0022403867915272,-0.0102915856987237,-0.0105911409482359,0.0054159443825483,-0.0004923795931972,0.00237019197084,0.0183003153651952,-0.0064488225616514,-0.0167611613869667,-0.0015144892968237,0.0059508518315851,-0.0099675599485635,-0.0100638149306178,-0.0052527440711855,0.0159601811319589,0.0121011929586529,0.0445428267121315,-0.006521722767502,0.0166843514889478,-0.0161925964057445,-0.04934548959136,-0.011788229458034,-0.0158572699874639,-0.0065271416679024,0.0014888677978888,0.0101948520168662,-0.0213696230202913,-0.0148015217855572,-0.0048332712613046,0.0118370233103632,0.0283300038427114,0.0038821229245513,0.0171240791678428,0.0027403272192016,-0.0140972934607606,0.008677717208124,-0.0129751814152762,0.0223795279813503,-0.0364444314541909,-0.0166704612498795,-0.0364444316685057,0.0180406707592968,0.0245746895231608,0.0150719312105831,0.0875525464326463,2019-02-19,2019-02-20,2019-02-21,2019-02-22,2019-02-25,2019-02-26,2019-02-27,2019-02-28,2019-03-01,2019-03-04,83223.0,2019-02-15,252.0,0.9917%,-0.0006,0.6031,0.1114,0.0565,1.4378%,1.5701%,16.1517%,0.002393,EWW,83223.0,2019-02-19,252.0,0.3882%,-0.0006,0.6016,0.1159,0.0617,1.4373%,1.5682%,15.9987%,0.002144,EWW,83223.0,2019-02-20,252.0,-0.1137%,-0.0006,0.6011,0.1154,0.06,1.4373%,1.5682%,15.9929%,-0.0029749999999999,EWW,83223.0,2019-02-21,252.0,0.5921%,-0.0005,0.5963,0.1075,0.0511,1.4376%,1.5669%,15.8203%,0.008264,EWW,83223.0,2019-02-22,252.0,1.0867%,-0.0005,0.5947,0.1217,0.0451,1.4372%,1.5670%,15.8774%,0.0070509999999999,EWW,83223.0,2019-02-25,252.0,0.2688%,-0.0006,0.5971,0.1228,0.0546,1.4314%,1.5618%,15.9991%,0.002093,EWW,83223.0,2019-02-26,252.0,-0.5808%,-0.0005,0.604,0.1209,0.0588,1.4301%,1.5621%,16.1910%,-0.003986,EWW,83223.0,2019-02-27,252.0,-0.9436%,-0.0005,0.6075,0.1118,0.0593,1.4304%,1.5631%,16.2570%,-0.010239,EWW,83223.0,2019-02-28,252.0,-1.2021%,-0.0005,0.6025,0.1081,0.058,1.4294%,1.5594%,15.9770%,-0.010112,EWW,83223.0,2019-03-01,252.0,-0.6198%,-0.0005,0.5974,0.1005,0.0547,1.4305%,1.5579%,15.6866%,-0.010708,EWW,83223.0,2019-03-04,252.0,-0.5313%,-0.0006,0.6032,0.0827,0.0529,1.4285%,1.5578%,15.9078%,-0.002108,EWW,0.004537,0.001562,0.009826,0.01897,-0.0181829999999999
30227,ISHARES INC,Trump Says Would Like To See Major Immigration Reform,6,uncertain,0.5,0.5,"the impact of trump's statement on immigration reform is unclear as it may affect various sectors differently, leading to uncertainty in ishares inc's stock price.",1,2019-02-15,EWW,2019-02-15 16:16:00+00:00,83223.0,46428682,0.0099169807508587,3717364.0,0.0038821229245513,0.0171240791678428,-0.0011373802553862,-0.0306957364082336,0.0059211640618741,0.0011381569784134,0.0108671812340617,-0.0112536577507853,0.0026875459589064,-0.0126666594296693,-0.0058075077831745,-0.0050851101987063,-0.0094360411167144,-0.0076788566075265,-0.0120208384469151,0.01086719147861,-0.0061983573250472,0.0053512081503868,-0.0053129945881664,-0.0033333671744912,-0.0046446993947029,0.0087424209341406,-0.0118992561474442,-0.0044633061625063,-0.0136953489854931,0.0044833165593445,0.0047881435602903,-0.0044633061625063,0.0114367296919226,0.0044833165593445,0.0025912981946021,-0.0015666896943002,0.0025845111813396,0.0076680234633386,-0.0030465726740658,-0.0161970164626836,0.0145744923502206,-0.0004435674927663,0.0169137977063655,-0.0026542565319687,-0.0015948894433677,0.0109570184722542,0.0255590807646513,0.0056217671371996,0.0028927696403115,0.0047447560355067,-0.0392722524702549,-0.0042745205573737,0.0143186822533607,0.002254843013361,0.0013661514967679,0.011171861551702,-0.0111413793638348,0.0164542067795991,-0.0020694446284323,0.0117233293130993,0.0043778484687209,0.0205790996551513,0.0227116700261831,-0.0125236008316278,-0.0094213094562292,0.0276833269745111,0.0015851380303502,0.0009723120019771,0.0156002407893538,0.0024366099387407,0.0249332766979932,0.0009756321087479,0.0154213523492217,0.0098522547632455,-0.0038502740208059,0.004453248810023,0.0008589416975155,-0.0141463857144117,-0.005792757961899,0.0219342242926359,0.0036684973165392,0.0032507439609616,-0.0051601347513496,0.017695078626275,0.0079965190961956,-0.0151477679610252,0.0115780644118785,-0.0022299343254417,-0.0010597548680379,-0.0078662661835551,-0.0012731036404147,0.0149700213223695,-0.0091353366151452,-0.0022403867915272,-0.0102915856987237,-0.0105911409482359,0.0054159443825483,-0.0004923795931972,0.00237019197084,0.0183003153651952,-0.0064488225616514,-0.0167611613869667,-0.0015144892968237,0.0059508518315851,-0.0099675599485635,-0.0100638149306178,-0.0052527440711855,0.0159601811319589,0.0121011929586529,0.0445428267121315,-0.006521722767502,0.0166843514889478,-0.0161925964057445,-0.04934548959136,-0.011788229458034,-0.0158572699874639,-0.0065271416679024,0.0014888677978888,0.0101948520168662,-0.0213696230202913,-0.0148015217855572,-0.0048332712613046,0.0118370233103632,0.0283300038427114,0.0038821229245513,0.0171240791678428,0.0027403272192016,-0.0140972934607606,0.008677717208124,-0.0129751814152762,0.0223795279813503,-0.0364444314541909,-0.0166704612498795,-0.0364444316685057,0.0180406707592968,0.0245746895231608,0.0150719312105831,0.0875525464326463,2019-02-19,2019-02-20,2019-02-21,2019-02-22,2019-02-25,2019-02-26,2019-02-27,2019-02-28,2019-03-01,2019-03-04,83223.0,2019-02-15,252.0,0.9917%,-0.0006,0.6031,0.1114,0.0565,1.4378%,1.5701%,16.1517%,0.002393,EWW,83223.0,2019-02-19,252.0,0.3882%,-0.0006,0.6016,0.1159,0.0617,1.4373%,1.5682%,15.9987%,0.002144,EWW,83223.0,2019-02-20,252.0,-0.1137%,-0.0006,0.6011,0.1154,0.06,1.4373%,1.5682%,15.9929%,-0.0029749999999999,EWW,83223.0,2019-02-21,252.0,0.5921%,-0.0005,0.5963,0.1075,0.0511,1.4376%,1.5669%,15.8203%,0.008264,EWW,83223.0,2019-02-22,252.0,1.0867%,-0.0005,0.5947,0.1217,0.0451,1.4372%,1.5670%,15.8774%,0.0070509999999999,EWW,83223.0,2019-02-25,252.0,0.2688%,-0.0006,0.5971,0.1228,0.0546,1.4314%,1.5618%,15.9991%,0.002093,EWW,83223.0,2019-02-26,252.0,-0.5808%,-0.0005,0.604,0.1209,0.0588,1.4301%,1.5621%,16.1910%,-0.003986,EWW,83223.0,2019-02-27,252.0,-0.9436%,-0.0005,0.6075,0.1118,0.0593,1.4304%,1.5631%,16.2570%,-0.010239,EWW,83223.0,2019-02-28,252.0,-1.2021%,-0.0005,0.6025,0.1081,0.058,1.4294%,1.5594%,15.9770%,-0.010112,EWW,83223.0,2019-03-01,252.0,-0.6198%,-0.0005,0.5974,0.1005,0.0547,1.4305%,1.5579%,15.6866%,-0.010708,EWW,83223.0,2019-03-04,252.0,-0.5313%,-0.0006,0.6032,0.0827,0.0529,1.4285%,1.5578%,15.9078%,-0.002108,EWW,0.004537,0.001562,0.009826,0.01897,-0.0181829999999999
30235,ISHARES INC,NY Attorney General Says Will Fight Emergency Declaration With All Legal Tools Available,6,uncertain,0.5,0.5,"the news regarding the ny attorney general's legal actions may create uncertainty in the market, potentially affecting investor sentiment towards ishares inc without a clear indication of positive or negative impact.",1,2019-02-15,EWW,2019-02-15 16:04:00+00:00,83223.0,46428682,0.0099169807508587,3717364.0,0.0038821229245513,0.0171240791678428,-0.0011373802553862,-0.0306957364082336,0.0059211640618741,0.0011381569784134,0.0108671812340617,-0.0112536577507853,0.0026875459589064,-0.0126666594296693,-0.0058075077831745,-0.0050851101987063,-0.0094360411167144,-0.0076788566075265,-0.0120208384469151,0.01086719147861,-0.0061983573250472,0.0053512081503868,-0.0053129945881664,-0.0033333671744912,-0.0046446993947029,0.0087424209341406,-0.0118992561474442,-0.0044633061625063,-0.0136953489854931,0.0044833165593445,0.0047881435602903,-0.0044633061625063,0.0114367296919226,0.0044833165593445,0.0025912981946021,-0.0015666896943002,0.0025845111813396,0.0076680234633386,-0.0030465726740658,-0.0161970164626836,0.0145744923502206,-0.0004435674927663,0.0169137977063655,-0.0026542565319687,-0.0015948894433677,0.0109570184722542,0.0255590807646513,0.0056217671371996,0.0028927696403115,0.0047447560355067,-0.0392722524702549,-0.0042745205573737,0.0143186822533607,0.002254843013361,0.0013661514967679,0.011171861551702,-0.0111413793638348,0.0164542067795991,-0.0020694446284323,0.0117233293130993,0.0043778484687209,0.0205790996551513,0.0227116700261831,-0.0125236008316278,-0.0094213094562292,0.0276833269745111,0.0015851380303502,0.0009723120019771,0.0156002407893538,0.0024366099387407,0.0249332766979932,0.0009756321087479,0.0154213523492217,0.0098522547632455,-0.0038502740208059,0.004453248810023,0.0008589416975155,-0.0141463857144117,-0.005792757961899,0.0219342242926359,0.0036684973165392,0.0032507439609616,-0.0051601347513496,0.017695078626275,0.0079965190961956,-0.0151477679610252,0.0115780644118785,-0.0022299343254417,-0.0010597548680379,-0.0078662661835551,-0.0012731036404147,0.0149700213223695,-0.0091353366151452,-0.0022403867915272,-0.0102915856987237,-0.0105911409482359,0.0054159443825483,-0.0004923795931972,0.00237019197084,0.0183003153651952,-0.0064488225616514,-0.0167611613869667,-0.0015144892968237,0.0059508518315851,-0.0099675599485635,-0.0100638149306178,-0.0052527440711855,0.0159601811319589,0.0121011929586529,0.0445428267121315,-0.006521722767502,0.0166843514889478,-0.0161925964057445,-0.04934548959136,-0.011788229458034,-0.0158572699874639,-0.0065271416679024,0.0014888677978888,0.0101948520168662,-0.0213696230202913,-0.0148015217855572,-0.0048332712613046,0.0118370233103632,0.0283300038427114,0.0038821229245513,0.0171240791678428,0.0027403272192016,-0.0140972934607606,0.008677717208124,-0.0129751814152762,0.0223795279813503,-0.0364444314541909,-0.0166704612498795,-0.0364444316685057,0.0180406707592968,0.0245746895231608,0.0150719312105831,0.0875525464326463,2019-02-19,2019-02-20,2019-02-21,2019-02-22,2019-02-25,2019-02-26,2019-02-27,2019-02-28,2019-03-01,2019-03-04,83223.0,2019-02-15,252.0,0.9917%,-0.0006,0.6031,0.1114,0.0565,1.4378%,1.5701%,16.1517%,0.002393,EWW,83223.0,2019-02-19,252.0,0.3882%,-0.0006,0.6016,0.1159,0.0617,1.4373%,1.5682%,15.9987%,0.002144,EWW,83223.0,2019-02-20,252.0,-0.1137%,-0.0006,0.6011,0.1154,0.06,1.4373%,1.5682%,15.9929%,-0.0029749999999999,EWW,83223.0,2019-02-21,252.0,0.5921%,-0.0005,0.5963,0.1075,0.0511,1.4376%,1.5669%,15.8203%,0.008264,EWW,83223.0,2019-02-22,252.0,1.0867%,-0.0005,0.5947,0.1217,0.0451,1.4372%,1.5670%,15.8774%,0.0070509999999999,EWW,83223.0,2019-02-25,252.0,0.2688%,-0.0006,0.5971,0.1228,0.0546,1.4314%,1.5618%,15.9991%,0.002093,EWW,83223.0,2019-02-26,252.0,-0.5808%,-0.0005,0.604,0.1209,0.0588,1.4301%,1.5621%,16.1910%,-0.003986,EWW,83223.0,2019-02-27,252.0,-0.9436%,-0.0005,0.6075,0.1118,0.0593,1.4304%,1.5631%,16.2570%,-0.010239,EWW,83223.0,2019-02-28,252.0,-1.2021%,-0.0005,0.6025,0.1081,0.058,1.4294%,1.5594%,15.9770%,-0.010112,EWW,83223.0,2019-03-01,252.0,-0.6198%,-0.0005,0.5974,0.1005,0.0547,1.4305%,1.5579%,15.6866%,-0.010708,EWW,83223.0,2019-03-04,252.0,-0.5313%,-0.0006,0.6032,0.0827,0.0529,1.4285%,1.5578%,15.9078%,-0.002108,EWW,0.004537,0.001562,0.009826,0.01897,-0.0181829999999999
30243,ISHARES INC,'10:00AM THE PRESIDENT delivers remarks on the national security and humanitarian crisis on our southern border' -Bloomberg's Jennifer Epstein,6,uncertain,0.5,0.5,"the remarks on national security and humanitarian issues may have mixed implications for market sentiment, making the impact on ishares inc's stock price uncertain.",1,2019-02-15,EWW,2019-02-15 14:48:00+00:00,83223.0,46428682,0.0099169807508587,3717364.0,0.0038821229245513,0.0171240791678428,-0.0011373802553862,-0.0306957364082336,0.0059211640618741,0.0011381569784134,0.0108671812340617,-0.0112536577507853,0.0026875459589064,-0.0126666594296693,-0.0058075077831745,-0.0050851101987063,-0.0094360411167144,-0.0076788566075265,-0.0120208384469151,0.01086719147861,-0.0061983573250472,0.0053512081503868,-0.0053129945881664,-0.0033333671744912,-0.0046446993947029,0.0087424209341406,-0.0118992561474442,-0.0044633061625063,-0.0136953489854931,0.0044833165593445,0.0047881435602903,-0.0044633061625063,0.0114367296919226,0.0044833165593445,0.0025912981946021,-0.0015666896943002,0.0025845111813396,0.0076680234633386,-0.0030465726740658,-0.0161970164626836,0.0145744923502206,-0.0004435674927663,0.0169137977063655,-0.0026542565319687,-0.0015948894433677,0.0109570184722542,0.0255590807646513,0.0056217671371996,0.0028927696403115,0.0047447560355067,-0.0392722524702549,-0.0042745205573737,0.0143186822533607,0.002254843013361,0.0013661514967679,0.011171861551702,-0.0111413793638348,0.0164542067795991,-0.0020694446284323,0.0117233293130993,0.0043778484687209,0.0205790996551513,0.0227116700261831,-0.0125236008316278,-0.0094213094562292,0.0276833269745111,0.0015851380303502,0.0009723120019771,0.0156002407893538,0.0024366099387407,0.0249332766979932,0.0009756321087479,0.0154213523492217,0.0098522547632455,-0.0038502740208059,0.004453248810023,0.0008589416975155,-0.0141463857144117,-0.005792757961899,0.0219342242926359,0.0036684973165392,0.0032507439609616,-0.0051601347513496,0.017695078626275,0.0079965190961956,-0.0151477679610252,0.0115780644118785,-0.0022299343254417,-0.0010597548680379,-0.0078662661835551,-0.0012731036404147,0.0149700213223695,-0.0091353366151452,-0.0022403867915272,-0.0102915856987237,-0.0105911409482359,0.0054159443825483,-0.0004923795931972,0.00237019197084,0.0183003153651952,-0.0064488225616514,-0.0167611613869667,-0.0015144892968237,0.0059508518315851,-0.0099675599485635,-0.0100638149306178,-0.0052527440711855,0.0159601811319589,0.0121011929586529,0.0445428267121315,-0.006521722767502,0.0166843514889478,-0.0161925964057445,-0.04934548959136,-0.011788229458034,-0.0158572699874639,-0.0065271416679024,0.0014888677978888,0.0101948520168662,-0.0213696230202913,-0.0148015217855572,-0.0048332712613046,0.0118370233103632,0.0283300038427114,0.0038821229245513,0.0171240791678428,0.0027403272192016,-0.0140972934607606,0.008677717208124,-0.0129751814152762,0.0223795279813503,-0.0364444314541909,-0.0166704612498795,-0.0364444316685057,0.0180406707592968,0.0245746895231608,0.0150719312105831,0.0875525464326463,2019-02-19,2019-02-20,2019-02-21,2019-02-22,2019-02-25,2019-02-26,2019-02-27,2019-02-28,2019-03-01,2019-03-04,83223.0,2019-02-15,252.0,0.9917%,-0.0006,0.6031,0.1114,0.0565,1.4378%,1.5701%,16.1517%,0.002393,EWW,83223.0,2019-02-19,252.0,0.3882%,-0.0006,0.6016,0.1159,0.0617,1.4373%,1.5682%,15.9987%,0.002144,EWW,83223.0,2019-02-20,252.0,-0.1137%,-0.0006,0.6011,0.1154,0.06,1.4373%,1.5682%,15.9929%,-0.0029749999999999,EWW,83223.0,2019-02-21,252.0,0.5921%,-0.0005,0.5963,0.1075,0.0511,1.4376%,1.5669%,15.8203%,0.008264,EWW,83223.0,2019-02-22,252.0,1.0867%,-0.0005,0.5947,0.1217,0.0451,1.4372%,1.5670%,15.8774%,0.0070509999999999,EWW,83223.0,2019-02-25,252.0,0.2688%,-0.0006,0.5971,0.1228,0.0546,1.4314%,1.5618%,15.9991%,0.002093,EWW,83223.0,2019-02-26,252.0,-0.5808%,-0.0005,0.604,0.1209,0.0588,1.4301%,1.5621%,16.1910%,-0.003986,EWW,83223.0,2019-02-27,252.0,-0.9436%,-0.0005,0.6075,0.1118,0.0593,1.4304%,1.5631%,16.2570%,-0.010239,EWW,83223.0,2019-02-28,252.0,-1.2021%,-0.0005,0.6025,0.1081,0.058,1.4294%,1.5594%,15.9770%,-0.010112,EWW,83223.0,2019-03-01,252.0,-0.6198%,-0.0005,0.5974,0.1005,0.0547,1.4305%,1.5579%,15.6866%,-0.010708,EWW,83223.0,2019-03-04,252.0,-0.5313%,-0.0006,0.6032,0.0827,0.0529,1.4285%,1.5578%,15.9078%,-0.002108,EWW,0.004537,0.001562,0.009826,0.01897,-0.0181829999999999
30251,FRIEDMAN INDUSTRIES INC,Friedman Announces Retirement Of President And CEO,6,uncertain,0.6,0.5,"the retirement of a key executive can lead to uncertainty about the company's future direction, which may affect investor sentiment both positively and negatively.",1,2019-02-15,FRD,2019-02-15 19:09:00+00:00,58421.0,35843510,-0.0322580896317958,97843.0,0.0115384198725223,-0.0049382667057216,-0.0177439637482166,0.010365642607212,0.0,0.0520866364240646,0.0032258187420666,0.0,-0.0225080624222755,-0.0052219270728528,0.0026315764989703,0.0309555884450674,0.0314960964024066,-0.0184941012412309,-0.0445292480289936,-0.009162263944745,0.0186417922377586,-0.0230179410427808,0.0078431293368339,0.0142672024667263,0.0077820937149226,-0.020081341266632,0.0077220005914568,0.0490666702389717,-0.0485313050448894,-0.0566037520766258,0.0053691226057708,0.0816326439380645,0.0734312683343887,-0.0040650689043104,-0.0049751196056604,-0.0550575964152813,0.028749942779541,0.0064432621002197,-0.0145807890221476,0.0223979018628597,-0.013563459739089,-0.0219072252511978,0.0187499523162841,-0.0324189774692058,-0.0429447181522846,0.0050125862471759,0.0128204999491572,0.0417754799127578,-0.0050632860511541,-0.0013038107426837,-0.0139949275180697,-0.0565805695950985,-0.0025806427001953,-0.0048601981252431,-0.0284605156630277,0.0147965336218476,0.0292942449450492,0.0304955244064331,-0.0232858769595623,0.0810439065098762,0.0158940237015485,0.0253521557897329,-0.0065189297311007,-0.0379404090344905,0.049868781119585,0.0468084998428821,-0.0302000045776367,0.0413589663803577,-0.0049494965933263,-0.0102339433506131,0.0129534173756837,-0.0228571202605962,0.0204603374004364,0.0057471208274364,-0.0325814820826053,0.059360709041357,0.0064767086878418,-0.0733427330851554,-0.0012869694037362,-0.0521390177309513,-0.0012886892072856,0.0246575102210044,-0.0038709947839379,-0.0580644905567169,0.0038860377389937,-0.0089514283463358,0.0064516374841332,-0.0175879225134849,-0.0179487615823745,-0.0049999952316284,0.016971293836832,-0.0062112035229802,-0.0102695664390921,0.0215736143290996,0.0155641874298453,-0.0050505003891885,-0.0370370261371135,-0.0012610028497874,0.0,-0.0410776957869529,0.002666664076969,-0.0131622990593314,-0.0226063933223485,0.0371287353336811,-0.008843544870615,0.0012391858035698,-0.0089224511757493,0.0306513123214244,0.0041551538743078,-0.0088607808575034,-0.002758617978543,-0.014962637796998,0.0511756427586078,-0.0135300932452082,-0.0052631529979407,-0.0012285292614251,-0.0079365000128746,-0.0061049130745232,-0.0400000251829624,-0.0226730946451425,0.0138889420777559,0.0409937798976898,0.0,-0.0073982081376016,0.0115384198725223,-0.0049382667057216,-0.006410281179624,0.0053761875937199,-0.006410281179624,0.0577428515463263,-0.0256410617548438,0.05221939551372,-0.0115384799228193,0.0453956368257009,-0.0230769629981493,0.1002010387296938,-0.0591111092129721,0.0011694406409095,2019-02-19,2019-02-20,2019-02-21,2019-02-22,2019-02-25,2019-02-26,2019-02-27,2019-02-28,2019-03-01,2019-03-04,58421.0,2019-02-15,252.0,-3.2258%,0.0016,0.2562,0.3872,-0.4104,3.5047%,3.5432%,2.1600%,-0.035027,FRD,58421.0,2019-02-19,252.0,1.1538%,0.0016,0.2586,0.3923,-0.4049,3.5052%,3.5437%,2.1574%,0.01106,FRD,58421.0,2019-02-20,252.0,-1.7744%,0.0013,0.2474,0.3393,-0.4521,3.4835%,3.5221%,2.1814%,-0.016972,FRD,58421.0,2019-02-21,252.0,0.0000%,0.0015,0.2252,0.2937,-0.4929,3.4611%,3.4987%,2.1393%,1.3e-05,FRD,58421.0,2019-02-22,252.0,0.3226%,0.0014,0.2282,0.2465,-0.5001,3.4550%,3.4924%,2.1295%,-0.007199,FRD,58421.0,2019-02-25,252.0,-2.2508%,0.0013,0.2281,0.2585,-0.4942,3.4584%,3.4957%,2.1222%,-0.02321,FRD,58421.0,2019-02-26,252.0,0.2632%,0.0012,0.2193,0.2647,-0.4976,3.4573%,3.4941%,2.0942%,0.00292,FRD,58421.0,2019-02-27,252.0,3.1496%,0.0016,0.2515,0.2159,-0.4922,3.4326%,3.4712%,2.2095%,0.030099,FRD,58421.0,2019-02-28,252.0,-4.4529%,0.0011,0.3112,0.2553,-0.4379,3.3940%,3.4377%,2.5214%,-0.0451229999999999,FRD,58421.0,2019-03-01,252.0,1.8642%,0.0012,0.3092,0.2523,-0.447,3.3946%,3.4386%,2.5423%,0.013819,FRD,58421.0,2019-03-04,252.0,0.7843%,0.0011,0.3202,0.2058,-0.4476,3.3912%,3.4353%,2.5496%,0.012113,FRD,-0.023967,-0.040939,-0.040926,-0.071335,-0.057507
30259,FRIEDMAN INDUSTRIES INC,"Friedman Industries Late Wednesday Reported Q3 EPS $0.09 Up From $0.02 YoY, Sales $43.326M Up From $28.03M YoY",6,increase,0.8,0.7,"the significant year-over-year increase in both eps and sales suggests strong financial performance, which is likely to positively influence investor sentiment and drive the stock price up.",2,2019-02-15,FRD,2019-02-15 13:42:00+00:00,58421.0,35843510,-0.0322580896317958,97843.0,0.0115384198725223,-0.0049382667057216,-0.0177439637482166,0.010365642607212,0.0,0.0520866364240646,0.0032258187420666,0.0,-0.0225080624222755,-0.0052219270728528,0.0026315764989703,0.0309555884450674,0.0314960964024066,-0.0184941012412309,-0.0445292480289936,-0.009162263944745,0.0186417922377586,-0.0230179410427808,0.0078431293368339,0.0142672024667263,0.0077820937149226,-0.020081341266632,0.0077220005914568,0.0490666702389717,-0.0485313050448894,-0.0566037520766258,0.0053691226057708,0.0816326439380645,0.0734312683343887,-0.0040650689043104,-0.0049751196056604,-0.0550575964152813,0.028749942779541,0.0064432621002197,-0.0145807890221476,0.0223979018628597,-0.013563459739089,-0.0219072252511978,0.0187499523162841,-0.0324189774692058,-0.0429447181522846,0.0050125862471759,0.0128204999491572,0.0417754799127578,-0.0050632860511541,-0.0013038107426837,-0.0139949275180697,-0.0565805695950985,-0.0025806427001953,-0.0048601981252431,-0.0284605156630277,0.0147965336218476,0.0292942449450492,0.0304955244064331,-0.0232858769595623,0.0810439065098762,0.0158940237015485,0.0253521557897329,-0.0065189297311007,-0.0379404090344905,0.049868781119585,0.0468084998428821,-0.0302000045776367,0.0413589663803577,-0.0049494965933263,-0.0102339433506131,0.0129534173756837,-0.0228571202605962,0.0204603374004364,0.0057471208274364,-0.0325814820826053,0.059360709041357,0.0064767086878418,-0.0733427330851554,-0.0012869694037362,-0.0521390177309513,-0.0012886892072856,0.0246575102210044,-0.0038709947839379,-0.0580644905567169,0.0038860377389937,-0.0089514283463358,0.0064516374841332,-0.0175879225134849,-0.0179487615823745,-0.0049999952316284,0.016971293836832,-0.0062112035229802,-0.0102695664390921,0.0215736143290996,0.0155641874298453,-0.0050505003891885,-0.0370370261371135,-0.0012610028497874,0.0,-0.0410776957869529,0.002666664076969,-0.0131622990593314,-0.0226063933223485,0.0371287353336811,-0.008843544870615,0.0012391858035698,-0.0089224511757493,0.0306513123214244,0.0041551538743078,-0.0088607808575034,-0.002758617978543,-0.014962637796998,0.0511756427586078,-0.0135300932452082,-0.0052631529979407,-0.0012285292614251,-0.0079365000128746,-0.0061049130745232,-0.0400000251829624,-0.0226730946451425,0.0138889420777559,0.0409937798976898,0.0,-0.0073982081376016,0.0115384198725223,-0.0049382667057216,-0.006410281179624,0.0053761875937199,-0.006410281179624,0.0577428515463263,-0.0256410617548438,0.05221939551372,-0.0115384799228193,0.0453956368257009,-0.0230769629981493,0.1002010387296938,-0.0591111092129721,0.0011694406409095,2019-02-19,2019-02-20,2019-02-21,2019-02-22,2019-02-25,2019-02-26,2019-02-27,2019-02-28,2019-03-01,2019-03-04,58421.0,2019-02-15,252.0,-3.2258%,0.0016,0.2562,0.3872,-0.4104,3.5047%,3.5432%,2.1600%,-0.035027,FRD,58421.0,2019-02-19,252.0,1.1538%,0.0016,0.2586,0.3923,-0.4049,3.5052%,3.5437%,2.1574%,0.01106,FRD,58421.0,2019-02-20,252.0,-1.7744%,0.0013,0.2474,0.3393,-0.4521,3.4835%,3.5221%,2.1814%,-0.016972,FRD,58421.0,2019-02-21,252.0,0.0000%,0.0015,0.2252,0.2937,-0.4929,3.4611%,3.4987%,2.1393%,1.3e-05,FRD,58421.0,2019-02-22,252.0,0.3226%,0.0014,0.2282,0.2465,-0.5001,3.4550%,3.4924%,2.1295%,-0.007199,FRD,58421.0,2019-02-25,252.0,-2.2508%,0.0013,0.2281,0.2585,-0.4942,3.4584%,3.4957%,2.1222%,-0.02321,FRD,58421.0,2019-02-26,252.0,0.2632%,0.0012,0.2193,0.2647,-0.4976,3.4573%,3.4941%,2.0942%,0.00292,FRD,58421.0,2019-02-27,252.0,3.1496%,0.0016,0.2515,0.2159,-0.4922,3.4326%,3.4712%,2.2095%,0.030099,FRD,58421.0,2019-02-28,252.0,-4.4529%,0.0011,0.3112,0.2553,-0.4379,3.3940%,3.4377%,2.5214%,-0.0451229999999999,FRD,58421.0,2019-03-01,252.0,1.8642%,0.0012,0.3092,0.2523,-0.447,3.3946%,3.4386%,2.5423%,0.013819,FRD,58421.0,2019-03-04,252.0,0.7843%,0.0011,0.3202,0.2058,-0.4476,3.3912%,3.4353%,2.5496%,0.012113,FRD,-0.023967,-0.040939,-0.040926,-0.071335,-0.057507
30267,CEDAR FAIR L P,Macquarie Upgrades Cedar Fair to Outperform,6,increase,0.8,0.6,upgrades from reputable financial institutions like macquarie typically signal positive sentiment and can lead to an increase in stock price.,2,2019-02-15,FUN,2019-02-15 14:27:00+00:00,75041.0,15018510,-0.0151367904618382,387099.0,0.0153694339096546,-0.00712914718315,0.0294973906129598,-0.014245013706386,-0.0233741346746683,-0.0026520057581365,0.0144759695976972,-0.018773203715682,0.0064688003621995,0.015285856090486,-0.0054820585064589,-0.0187036730349063,-0.0049420669674873,-0.0235081240534782,0.0124164577573537,-0.0007228210452012,-0.0054717152379453,-0.0080659752711653,-0.0077784075401723,0.0088607901707291,0.0038241064175963,0.001267421641387,-0.0095238098874688,-0.0077254814095795,0.0125000290572643,0.0077856294810771,0.0141500411555171,0.0014505533035844,0.0028587328270077,-0.0061272326856851,0.0125427572056651,-0.0096376426517963,0.0322823077440261,0.00737144658342,0.0099999858066439,-0.0021529018413275,-0.0140413828194141,0.0028787304181605,0.0052948859520256,-0.0060800490900874,-0.0136215034872293,0.0191361270844936,0.0044190362095832,0.0225493684411048,-0.003849662374705,0.0007460073684342,-0.0266838558018207,0.0016813031397759,-0.0009453438688069,0.0096189798787236,0.0022709865588694,0.0009439160930924,0.0033987974748015,0.0347724668681621,-0.0039518079720437,0.0496206320822238,-0.0058568180538713,0.0343584083020687,0.0005701747140847,-0.0016937967156991,-0.0157645158469677,-0.0014799090567976,0.013122352771461,-0.0186722297221422,-0.009142848663032,-0.0024834217038005,0.0017301067709922,0.0100334351882338,0.0082517806440591,0.0220038183033466,0.000190299222595,-0.0149410581216216,0.0106565440073609,-0.0171664543449878,0.0084729949012398,-0.0110452221706509,-0.0044809873215854,-0.0274517815560102,0.0001875869493233,-0.0328972525894641,-0.0045003127306699,0.0032811844721436,0.0016952373553067,0.0083690211176872,0.0118465786799788,0.0126133104786276,-0.0096636395901441,0.0005916504305787,0.0082566831260919,-0.0277990940958261,0.0016750447684898,0.0134058408439159,-0.0040877223946154,0.0013618617085739,0.0001866070233518,-0.0124879488721489,0.0052228835411369,-0.0229022186249494,0.0014845394762232,-0.0095943119376897,0.0035204489249736,0.0088495491072535,0.0094165122136473,-0.0029411735013127,0.0261569488793611,-0.012345683760941,-0.0122994408011436,0.0084218764677643,-0.0126331122592091,0.0220808442682027,-0.0148052927106618,0.0050780600868165,0.0103895645588636,0.0242727473378181,-0.0023870225995779,-0.0376343876123428,-0.0246640909463167,0.0108695281669497,-0.0030194346327334,0.0018776246579363,0.0153694339096546,-0.00712914718315,0.0453201827181475,-0.0212726060901973,0.0208867279891447,-0.023868196774492,0.0423645636976353,-0.0275524228657809,0.0305418589072399,-0.0681736087964793,0.0557275852437357,0.0910438149274974,0.0593369195106037,-0.0156818171246018,2019-02-19,2019-02-20,2019-02-21,2019-02-22,2019-02-25,2019-02-26,2019-02-27,2019-02-28,2019-03-01,2019-03-04,75041.0,2019-02-15,252.0,-1.5137%,-0.0008,0.5323,0.0041,0.2704,1.5481%,1.6328%,10.1011%,-0.02292,FUN,75041.0,2019-02-19,252.0,1.5369%,-0.0008,0.5311,0.0187,0.287,1.5484%,1.6320%,9.9777%,0.0134349999999999,FUN,75041.0,2019-02-20,252.0,2.9497%,-0.0007,0.5385,0.0345,0.3134,1.5580%,1.6430%,10.0757%,0.0267689999999999,FUN,75041.0,2019-02-21,252.0,-2.3374%,-0.0009,0.5541,0.0617,0.342,1.5513%,1.6410%,10.6307%,-0.020737,FUN,75041.0,2019-02-22,252.0,1.4476%,-0.0008,0.5512,0.0792,0.3233,1.5533%,1.6423%,10.5421%,0.015462,FUN,75041.0,2019-02-25,252.0,0.6469%,-0.0006,0.5472,0.0718,0.3048,1.5394%,1.6282%,10.6080%,0.00633,FUN,75041.0,2019-02-26,252.0,-0.5482%,-0.0007,0.5422,0.0803,0.3053,1.5384%,1.6250%,10.3734%,-0.003241,FUN,75041.0,2019-02-27,252.0,-0.4942%,-0.0006,0.5457,0.0727,0.3059,1.5378%,1.6252%,10.4565%,-0.0053159999999999,FUN,75041.0,2019-02-28,252.0,1.2416%,-0.0006,0.5405,0.0696,0.2985,1.5407%,1.6258%,10.1983%,0.014758,FUN,75041.0,2019-03-01,252.0,-0.5472%,-0.0006,0.5405,0.0697,0.3022,1.5414%,1.6259%,10.1247%,-0.008461,FUN,75041.0,2019-03-04,252.0,-0.7778%,-0.0006,0.5417,0.0706,0.3008,1.5417%,1.6263%,10.1254%,-0.005958,FUN,-0.009485,0.0172839999999999,-0.003453,0.0183389999999999,0.0101209999999999
30275,GENERAL DYNAMICS CORP,'Greatest Peacetime' Era In Decades Prompts Credit Suisse To Downgrade General Dynamics,6,decrease,0.8,0.6,"the downgrade by credit suisse suggests a negative outlook for general dynamics corp, likely leading to a decrease in stock price as investors react to concerns about future performance in a peacetime environment.",0,2019-02-15,GD,2019-02-15 16:00:00+00:00,12052.0,36955010,0.0182452015578746,1222893.0,-0.0026250097434967,-0.007954747416079,-0.0018880984280258,0.0041676387190818,-0.0161650441586971,0.0107061481103301,0.0053020357154309,-0.0069137956015765,0.0034774900414049,-0.0084682367742061,-0.0181356091052293,0.0048043634742498,-0.0038823743816465,0.0031354853417724,0.0051966747269034,-0.0136876432225108,-0.0055222795344889,0.0330119021236896,-0.0149456448853015,-0.0125021869316697,0.0076761543750762,0.0015212363796308,-0.0092840418219566,-0.0289204344153404,-0.0007809508242644,0.0221267063170671,-0.0012023382587358,0.0056652328930795,0.020284067839384,0.002341610379517,-0.0043654665350914,0.0119069358333945,0.0174793917685747,0.0095084104686975,-0.0124039417132735,-0.0080673899501562,0.0011792968725785,0.0172580294311046,0.0110725304111838,0.0186430010944604,-0.00553385540843,0.0028197052888572,-0.0130622992292046,-0.0084483036771416,0.0079529723152518,0.004395343363285,-0.0234351754188537,0.0084959976375103,0.0046426830813288,0.0095090046525001,0.001680463203229,0.0141181787475943,-0.0020371261052787,6.309338641585782e-05,0.007204592693597,0.0055776736699044,0.0090605886653065,0.0286888517439365,0.0178993307054042,-0.0247361026704311,-0.0137542523443698,0.0003179682535119,-0.0128869153559207,0.0121684223413467,0.0084649669006466,0.0012894031824544,0.0115268481895327,0.0193861927837133,0.0068957922048866,0.0267187859863042,-0.0181660167872905,-0.0151504995301365,0.0011822247179225,-0.026647662743926,0.0181850250810384,-0.0275489315390586,0.0204164981842041,-0.0234628841280937,-0.0167495161294937,-0.0039155669510364,0.0101163107901811,-0.0326685458421707,0.0045469854958355,-0.0119290882721543,0.0132928853854537,-0.0012265314580872,0.0010177702642977,-0.006095100659877,0.0301643591374158,0.000406546605518,-0.0089927036315202,0.0287967007607221,-0.0213024448603391,-0.0212840568274259,0.0067277387715876,-0.0124725056812167,0.0064019728451967,-0.0462081544101238,-0.0027342529501765,-0.0179565791040659,-0.0130371628329157,0.014931115321815,-0.010317999869585,0.0007691006176173,0.0121440971270203,0.0189767088741064,-0.0075273178517818,-0.0058434139937162,-0.0278284940868616,0.008022035472095,-0.0128460964187979,0.0085431085899472,0.0223424434661865,0.0047180643305182,0.0059866243973374,-0.0192886982113122,-0.0294083449989557,-0.020102659240365,0.0029763674829155,0.0039486740715801,-0.0026250097434967,-0.007954747416079,-0.0045081518947523,-0.0038202612103289,-0.0206003215789967,0.0068449866176631,-0.011983598923786,-0.0085833871477849,-0.0484478713441079,0.0054332420143408,-0.0167199717357277,0.1005075413375184,-0.0327978326766605,-0.0508620552420505,2019-02-19,2019-02-20,2019-02-21,2019-02-22,2019-02-25,2019-02-26,2019-02-27,2019-02-28,2019-03-01,2019-03-04,12052.0,2019-02-15,252.0,1.8245%,-0.0008,0.8767,0.1264,0.1937,1.1073%,1.4213%,39.3101%,0.0068179999999999,GD,12052.0,2019-02-19,252.0,-0.2625%,-0.001,0.8681,0.1345,0.2034,1.0968%,1.4055%,39.1054%,-0.005338,GD,12052.0,2019-02-20,252.0,-0.1888%,-0.0009,0.8675,0.1355,0.2019,1.0965%,1.4053%,39.1099%,-0.005052,GD,12052.0,2019-02-21,252.0,-1.6165%,-0.001,0.869,0.136,0.2047,1.0988%,1.4073%,39.0381%,-0.012496,GD,12052.0,2019-02-22,252.0,0.5302%,-0.001,0.8685,0.139,0.2015,1.0988%,1.4076%,39.0549%,0.001814,GD,12052.0,2019-02-25,252.0,0.3477%,-0.0009,0.8683,0.137,0.1999,1.0991%,1.4078%,39.0470%,0.002799,GD,12052.0,2019-02-26,252.0,-1.8136%,-0.001,0.876,0.1496,0.212,1.1017%,1.4117%,39.0986%,-0.0153099999999999,GD,12052.0,2019-02-27,252.0,-0.3882%,-0.0011,0.8678,0.163,0.2106,1.0959%,1.4014%,38.8514%,-0.004801,GD,12052.0,2019-02-28,252.0,0.5197%,-0.001,0.8655,0.1618,0.2068,1.0974%,1.4000%,38.5504%,0.008281,GD,12052.0,2019-03-01,252.0,-0.5522%,-0.0011,0.8666,0.1634,0.2133,1.0989%,1.3999%,38.3796%,-0.011486,GD,12052.0,2019-03-04,252.0,-1.4946%,-0.0011,0.8654,0.1762,0.2117,1.1001%,1.3999%,38.2516%,-0.010708,GD,0.0014799999999999,-0.003572,-0.016068,-0.011455,-0.045479
30283,GENERAL DYNAMICS CORP,"Credit Suisse Downgrades General Dynamics to Neutral, Lowers Price Target to $184",6,decrease,0.8,0.6,"a downgrade from credit suisse typically signals reduced confidence in the stock's performance, which is likely to lead to a decrease in its price.",0,2019-02-15,GD,2019-02-15 11:40:00+00:00,12052.0,36955010,0.0182452015578746,1222893.0,-0.0026250097434967,-0.007954747416079,-0.0018880984280258,0.0041676387190818,-0.0161650441586971,0.0107061481103301,0.0053020357154309,-0.0069137956015765,0.0034774900414049,-0.0084682367742061,-0.0181356091052293,0.0048043634742498,-0.0038823743816465,0.0031354853417724,0.0051966747269034,-0.0136876432225108,-0.0055222795344889,0.0330119021236896,-0.0149456448853015,-0.0125021869316697,0.0076761543750762,0.0015212363796308,-0.0092840418219566,-0.0289204344153404,-0.0007809508242644,0.0221267063170671,-0.0012023382587358,0.0056652328930795,0.020284067839384,0.002341610379517,-0.0043654665350914,0.0119069358333945,0.0174793917685747,0.0095084104686975,-0.0124039417132735,-0.0080673899501562,0.0011792968725785,0.0172580294311046,0.0110725304111838,0.0186430010944604,-0.00553385540843,0.0028197052888572,-0.0130622992292046,-0.0084483036771416,0.0079529723152518,0.004395343363285,-0.0234351754188537,0.0084959976375103,0.0046426830813288,0.0095090046525001,0.001680463203229,0.0141181787475943,-0.0020371261052787,6.309338641585782e-05,0.007204592693597,0.0055776736699044,0.0090605886653065,0.0286888517439365,0.0178993307054042,-0.0247361026704311,-0.0137542523443698,0.0003179682535119,-0.0128869153559207,0.0121684223413467,0.0084649669006466,0.0012894031824544,0.0115268481895327,0.0193861927837133,0.0068957922048866,0.0267187859863042,-0.0181660167872905,-0.0151504995301365,0.0011822247179225,-0.026647662743926,0.0181850250810384,-0.0275489315390586,0.0204164981842041,-0.0234628841280937,-0.0167495161294937,-0.0039155669510364,0.0101163107901811,-0.0326685458421707,0.0045469854958355,-0.0119290882721543,0.0132928853854537,-0.0012265314580872,0.0010177702642977,-0.006095100659877,0.0301643591374158,0.000406546605518,-0.0089927036315202,0.0287967007607221,-0.0213024448603391,-0.0212840568274259,0.0067277387715876,-0.0124725056812167,0.0064019728451967,-0.0462081544101238,-0.0027342529501765,-0.0179565791040659,-0.0130371628329157,0.014931115321815,-0.010317999869585,0.0007691006176173,0.0121440971270203,0.0189767088741064,-0.0075273178517818,-0.0058434139937162,-0.0278284940868616,0.008022035472095,-0.0128460964187979,0.0085431085899472,0.0223424434661865,0.0047180643305182,0.0059866243973374,-0.0192886982113122,-0.0294083449989557,-0.020102659240365,0.0029763674829155,0.0039486740715801,-0.0026250097434967,-0.007954747416079,-0.0045081518947523,-0.0038202612103289,-0.0206003215789967,0.0068449866176631,-0.011983598923786,-0.0085833871477849,-0.0484478713441079,0.0054332420143408,-0.0167199717357277,0.1005075413375184,-0.0327978326766605,-0.0508620552420505,2019-02-19,2019-02-20,2019-02-21,2019-02-22,2019-02-25,2019-02-26,2019-02-27,2019-02-28,2019-03-01,2019-03-04,12052.0,2019-02-15,252.0,1.8245%,-0.0008,0.8767,0.1264,0.1937,1.1073%,1.4213%,39.3101%,0.0068179999999999,GD,12052.0,2019-02-19,252.0,-0.2625%,-0.001,0.8681,0.1345,0.2034,1.0968%,1.4055%,39.1054%,-0.005338,GD,12052.0,2019-02-20,252.0,-0.1888%,-0.0009,0.8675,0.1355,0.2019,1.0965%,1.4053%,39.1099%,-0.005052,GD,12052.0,2019-02-21,252.0,-1.6165%,-0.001,0.869,0.136,0.2047,1.0988%,1.4073%,39.0381%,-0.012496,GD,12052.0,2019-02-22,252.0,0.5302%,-0.001,0.8685,0.139,0.2015,1.0988%,1.4076%,39.0549%,0.001814,GD,12052.0,2019-02-25,252.0,0.3477%,-0.0009,0.8683,0.137,0.1999,1.0991%,1.4078%,39.0470%,0.002799,GD,12052.0,2019-02-26,252.0,-1.8136%,-0.001,0.876,0.1496,0.212,1.1017%,1.4117%,39.0986%,-0.0153099999999999,GD,12052.0,2019-02-27,252.0,-0.3882%,-0.0011,0.8678,0.163,0.2106,1.0959%,1.4014%,38.8514%,-0.004801,GD,12052.0,2019-02-28,252.0,0.5197%,-0.001,0.8655,0.1618,0.2068,1.0974%,1.4000%,38.5504%,0.008281,GD,12052.0,2019-03-01,252.0,-0.5522%,-0.0011,0.8666,0.1634,0.2133,1.0989%,1.3999%,38.3796%,-0.011486,GD,12052.0,2019-03-04,252.0,-1.4946%,-0.0011,0.8654,0.1762,0.2117,1.1001%,1.3999%,38.2516%,-0.010708,GD,0.0014799999999999,-0.003572,-0.016068,-0.011455,-0.045479
30291,GEO GROUP INC NEW,"JP Morgan Downgrades The GEO Group to Neutral, Lowers Price Target to $26",6,decrease,0.8,0.7,"a downgrade from jp morgan typically signals reduced confidence in the stock's performance, likely leading to a decrease in its price.",0,2019-02-15,GEO,2019-02-15 11:46:00+00:00,80774.0,36162J10,-0.0165722221136093,973220.0,0.0079822754487395,-0.0072094839997589,0.003519574413076,0.0098500875756144,0.0026304854545742,-0.0122673017904162,0.0249234661459922,-0.000422842655098,-0.008105824701488,0.0093896416947245,-0.0055913617834448,0.0055794450454413,-0.0108131486922502,0.0043102786876261,-0.0065588769502937,0.0193321853876113,-0.0017605198081582,0.0066342153586447,0.0110229272395372,0.0026608149055391,-0.0034888759255409,0.0053499299101531,-0.0621444210410118,-0.0048802397213876,-0.0261315666139125,0.0094044329598546,-0.0249161683022975,0.0085817771032452,0.0058967531658709,-0.00494384765625,-0.041035670787096,0.0063319485634565,-0.0045847301371395,-0.0040540606714785,-0.0056295087561011,-0.004037691745907,-0.0046320199035108,0.005866474006325,-0.0098242256790399,0.0027149079833179,0.0015666155377402,0.0231481473892927,-0.0093847913667559,0.014084561727941,0.0168420895934104,-0.0309372302144765,-0.0170807410031557,0.0082568954676389,-0.0289625711739063,0.0297590531408786,0.014099795371294,0.0197495110332965,-0.0192513689398765,0.0390390753746032,0.021264960989356,0.0106221083551645,0.0250934995710849,0.0302240699529647,0.011979142203927,-0.0067287352867424,0.0072053209878504,-0.0192893929779529,-0.0045988839119672,0.0196687933057546,0.0066735660657286,0.0184502061456441,0.0239673275500536,-0.0306591913104057,-0.0039840601384639,0.0332628898322582,-0.01099996548146,-0.0341662429273128,0.0176945626735687,-0.0480582416057586,-0.005464416462928,-0.0062710642814636,0.0064934869296848,-0.0577272921800613,-0.0010168000590056,0.0138248493894934,-0.0249363761395216,-0.0346974544227123,0.0052192267030477,-0.0140350749716162,0.0067496965639293,0.008403300307691,-0.0206291712820529,-0.0078982142731547,0.0152712436392903,-0.0099912919104099,0.005705326795578,-0.0004342261527199,-0.0092831514775753,-0.0162323433905839,0.0114524327218532,0.0353825390338897,-0.0025733991060405,-0.0499999448657035,0.0330238044261932,0.0240963622927665,0.0489510260522365,0.0021560688037425,-0.0128571642562747,0.0017279013991355,0.01640135794878,0.0266075562685728,0.0047461027279496,-0.0238095726817846,-0.0292867664247751,0.0203180648386478,-0.0063259936869144,0.0170709416270256,0.0068559935316443,0.0118181919679045,0.0214008055627346,-0.0165400449186563,-0.0038095202762633,-0.0057777403853833,0.0052581555210053,0.0089686447754502,0.0079822754487395,-0.0072094839997589,0.0115299440742431,0.0025695895270829,0.0141907588789966,-0.0097292341935394,0.0310421632790451,-0.0008536069543828,0.0168514885084012,0.0381375203205498,-0.1383591559911403,0.2116977583224109,-0.0446479337813596,0.04977583921778,2019-02-19,2019-02-20,2019-02-21,2019-02-22,2019-02-25,2019-02-26,2019-02-27,2019-02-28,2019-03-01,2019-03-04,80774.0,2019-02-15,252.0,-1.6572%,0.0008,0.5965,0.5919,0.1181,1.5856%,1.7280%,15.8042%,-0.025476,GEO,80774.0,2019-02-19,252.0,0.7982%,0.0008,0.5934,0.5997,0.1273,1.5838%,1.7248%,15.6840%,0.004678,GEO,80774.0,2019-02-20,252.0,0.3520%,0.0008,0.5929,0.5974,0.1253,1.5837%,1.7245%,15.6691%,0.000273,GEO,80774.0,2019-02-21,252.0,0.2630%,0.0006,0.6058,0.6247,0.1489,1.5649%,1.7124%,16.4805%,0.005431,GEO,80774.0,2019-02-22,252.0,2.4923%,0.0007,0.6036,0.6165,0.1142,1.5683%,1.7175%,16.6177%,0.019639,GEO,80774.0,2019-02-25,252.0,-0.8106%,0.0006,0.6052,0.6221,0.1232,1.5667%,1.7164%,16.6736%,-0.007303,GEO,80774.0,2019-02-26,252.0,-0.5591%,0.0005,0.5915,0.6366,0.1203,1.5599%,1.7065%,16.4474%,-0.000335,GEO,80774.0,2019-02-27,252.0,-1.0813%,0.0004,0.5907,0.6342,0.1201,1.5620%,1.7078%,16.3474%,-0.012511,GEO,80774.0,2019-02-28,252.0,-0.6559%,0.0005,0.5785,0.6257,0.1125,1.5546%,1.6955%,15.9343%,-0.004654,GEO,80774.0,2019-03-01,252.0,-0.1761%,0.0005,0.5799,0.6278,0.1183,1.5550%,1.6954%,15.8692%,-0.00738,GEO,80774.0,2019-03-04,252.0,1.1023%,0.0004,0.5905,0.5788,0.1188,1.5489%,1.6889%,15.8867%,0.015998,GEO,-0.020798,-0.020525,-0.015094,-0.002758,-0.01164
30299,GOLD FIELDS LTD NEW,Gold Fields shares are trading lower after the company reported 2018 EPS of $0.07 down from $0.26 in 2017.,6,decrease,0.85,0.7,"the significant drop in eps from $0.26 to $0.07 indicates declining profitability, which is likely to negatively impact investor sentiment and lead to a decrease in stock price.",0,2019-02-15,GFI,2019-02-15 13:48:00+00:00,30796.0,38059T10,0.0182292126119136,7095877.0,0.0792838111519813,0.0406503677368164,0.0402843803167343,-0.0238095019012689,-0.052391804754734,0.0356164053082466,0.0,0.0082873506471514,-0.0024037866387516,0.0,0.0120481234043836,-0.0136240301653742,-0.009523800574243,-0.0367453731596469,-0.0072114747017621,-0.018041281029582,-0.0508474670350551,-0.0299999713897705,-0.0127551509067416,-0.0243902206420898,-0.0129198851063847,0.0173696503043174,-0.0261779855936765,0.0024876191746443,0.0026881694793701,0.044155865907669,0.0455764271318912,0.0158311203122139,-0.0102564617991447,0.0106666563078761,0.0310881156474351,0.0080645084381103,0.0050251209177076,-0.002680962672457,-0.0290435291826725,0.0418994687497615,0.0129199465736746,-0.0376344360411167,0.0,0.0362117327749729,-0.0127551509067416,0.0112675949931144,0.0387597158551216,-0.0138888759538531,0.0199004784226417,-0.0243902839720249,0.0097560882568359,0.0221607107669115,0.0048309136182069,-0.0321716144680976,-0.0240384396165609,0.0191256646066904,-0.0246305186301469,0.0054945000447332,-0.0606060624122619,-0.0081743793562054,0.0026881694793701,-0.0081080999225378,-0.018766738474369,0.0541310720145702,0.010928951203823,-0.002840906381607,0.0324323996901512,0.0173410233110189,0.0183246526867151,0.0058139478787779,-0.0077121360227465,-0.0114942416548728,0.0207254309207201,-0.0224718898534774,0.0304568242281675,0.053254384547472,-0.0295566227287054,-0.0116958953440189,-0.0126903429627418,0.0926517397165298,-0.0205655936151742,-0.0712165534496307,0.0026246693450957,0.0181268714368343,-0.0026177985128015,0.027950283139944,0.0262467563152313,-0.012269927188754,-0.0332481116056442,0.0092879170551896,-0.029100501909852,0.0385852493345737,-0.0136240301653742,0.0064724860712885,0.0110497791320085,-0.0252366438508033,0.0218579024076461,0.019292663782835,0.066844917833805,0.0064724860712885,-0.055137850344181,0.0369127169251442,-0.0053050345741212,0.0170648302882909,-0.0133333206176757,-0.0456025637686252,-0.0027026999741792,-0.0032467502169311,0.0054200487211346,0.0440677553415298,0.0053908303380012,-0.0264026150107383,0.0455764271318912,-0.0065573710016906,-0.0051282001659274,-0.003267970867455,-0.0309278666973114,0.0337837524712085,-0.0106382872909307,0.0,0.0295698642730712,0.0,-0.0104438541457057,0.0277777500450611,0.0792838111519813,0.0406503677368164,0.1227620906701223,0.0158730008276304,0.0639385584297163,0.052054745366812,0.0613810771385103,0.0607734919416664,-0.010230230390852,-0.0634146327286889,-0.0605944379799283,0.0940170793213364,-0.0272276099260013,0.3333332551256376,2019-02-19,2019-02-20,2019-02-21,2019-02-22,2019-02-25,2019-02-26,2019-02-27,2019-02-28,2019-03-01,2019-03-04,30796.0,2019-02-15,252.0,1.8229%,0.0002,-0.376,0.4252,0.1041,2.5279%,2.5703%,3.2665%,0.020841,GFI,30796.0,2019-02-19,252.0,7.9284%,0.0004,-0.3656,0.481,0.1661,2.5728%,2.6170%,3.3498%,0.078353,GFI,30796.0,2019-02-20,252.0,4.0284%,0.0007,-0.3529,0.5187,0.2138,2.5804%,2.6260%,3.4442%,0.038908,GFI,30796.0,2019-02-21,252.0,-5.2392%,0.0007,-0.3584,0.4957,0.2042,2.5837%,2.6288%,3.4002%,-0.052943,GFI,30796.0,2019-02-22,252.0,0.0000%,0.0006,-0.3585,0.4911,0.1991,2.5836%,2.6281%,3.3545%,0.002505,GFI,30796.0,2019-02-25,252.0,-0.2404%,0.0006,-0.3573,0.4928,0.2044,2.5829%,2.6275%,3.3668%,-0.0003309999999999,GFI,30796.0,2019-02-26,252.0,1.2048%,0.0006,-0.3645,0.4795,0.1922,2.5841%,2.6284%,3.3461%,0.015205,GFI,30796.0,2019-02-27,252.0,-0.9524%,0.0006,-0.3685,0.4835,0.1915,2.5844%,2.6292%,3.3793%,-0.009976,GFI,30796.0,2019-02-28,252.0,-0.7211%,0.0007,-0.3867,0.4707,0.1803,2.5743%,2.6213%,3.5519%,-0.008072,GFI,30796.0,2019-03-01,252.0,-5.0847%,0.0004,-0.3876,0.4693,0.2018,2.5911%,2.6389%,3.5919%,-0.048797,GFI,30796.0,2019-03-04,252.0,-1.2755%,0.0003,-0.3833,0.4677,0.1978,2.5924%,2.6385%,3.4671%,-0.01377,GFI,0.099194,0.138102,0.085159,0.087333,0.021923
30307,GENERAL MILLS INC,UPDATE: General Mills Sees Incurring ~$130M Net Expenses Related To Restructuring,6,decrease,0.7,0.6,"the announcement of incurring ~$130m in net expenses related to restructuring is likely to be viewed negatively by investors, potentially leading to a decrease in stock price due to concerns over increased costs and impacts on profitability.",0,2019-02-15,GIS,2019-02-15 14:09:00+00:00,17144.0,37033410,0.0114530017599463,4188319.0,0.0155417574569582,0.0013491692952811,0.0264538489282131,-0.0082515375688672,0.0,0.0193225387483835,-0.0078807016834616,0.0009101459290832,-0.008158029988408,0.0020519869867712,0.0142857106402516,0.0002280988992424,0.0049082273617386,-0.0170365869998931,0.000849456700962,0.0177960023283958,0.0019096148898825,-0.009267627261579,-0.0093181366100907,-0.0045003816485404,0.0008550858474336,0.0167009737342596,-0.0002135480899596,0.0029829565901309,-0.0087588084861636,0.0006889229407534,0.0034482723567634,0.0060059670358896,0.0075171492062509,-0.0052849156782031,-0.0017053510528057,-0.0111337853595614,0.005338457878679,0.0178075078874826,0.0080713089555501,-0.0052909944206476,0.0010535026667639,0.0116360243409872,0.002315314952284,0.0165602266788482,-0.0079797832295298,0.0088305231183767,0.0222269091755151,0.0026322233024984,0.0362393856048584,-0.0002391942980466,0.0139888236299157,0.0091743385419249,0.0068978806957602,0.0247402284294366,0.0138970268890261,-0.0043806759640574,-0.0096525093540549,0.0150691848248243,0.0037037513684481,0.0165745820850133,0.0050494913011789,0.0202408637851476,-0.0146859576925635,0.0156127624213695,-0.0001961587695404,-0.0130970301106572,-0.0135346930474042,0.0046439711004495,-0.000596591620706,-0.0069177676923573,0.0123359085991978,0.0158771630376577,0.0084512634202837,0.0220802873373031,0.0040927189402282,-0.0314352288842201,0.0101900938898325,-0.0066546793095767,0.000194027859834,0.0134889874607324,0.0003879064752254,0.0504086762666702,0.0027142183389514,-0.0010887564858421,-0.0048337196931242,-0.0171214379370212,0.0054400381632149,-0.019412325695157,-0.0005796865443699,-0.0114108510315418,0.000580022810027,-0.0043893149122595,-0.0142995491623878,0.0049299071542918,-0.006469280924648,0.0015592873096466,-0.0090765403583645,-0.0314623713493347,0.0173237528651952,-0.0134095083922147,-0.0029360251501202,-0.0296385437250137,0.0104044489562511,-0.0191444419324398,-0.0031086038798093,0.0023691612295806,-0.0009745283750817,0.007879608310759,-0.0015606324886903,-0.0134275546297431,0.005275506991893,0.0016517152544111,-0.0050534913316369,-0.0228267908096313,-0.0062512150034308,0.0013853049604222,0.0106153124943375,-0.0196921434253454,0.0025287116877734,-0.0011304372455924,0.004850601311773,0.001131716533564,0.0034755803644657,-0.0232146643102169,0.0155417574569582,0.0013491692952811,0.0424067456890167,-0.0069135009947127,0.0424067456890167,0.0122754513628133,0.0257548809747421,0.0152758363305354,0.0386322791533961,0.0020252067472392,0.1321048096174466,0.1727770704923827,0.1649428565515776,-0.0035413771492904,2019-02-19,2019-02-20,2019-02-21,2019-02-22,2019-02-25,2019-02-26,2019-02-27,2019-02-28,2019-03-01,2019-03-04,17144.0,2019-02-15,252.0,1.1453%,-0.0006,0.3075,-0.415,0.0842,1.5687%,1.6135%,5.4658%,0.00831,GIS,17144.0,2019-02-19,252.0,1.5542%,-0.0006,0.3071,-0.3996,0.1016,1.5703%,1.6135%,5.2907%,0.015808,GIS,17144.0,2019-02-20,252.0,2.6454%,-0.0004,0.3151,-0.379,0.1308,1.5786%,1.6217%,5.2499%,0.026091,GIS,17144.0,2019-02-21,252.0,0.0000%,-0.0004,0.3121,-0.3847,0.1254,1.5779%,1.6209%,5.2330%,0.001101,GIS,17144.0,2019-02-22,252.0,-0.7881%,-0.0003,0.3118,-0.3563,0.1475,1.5722%,1.6134%,5.0360%,-0.00605,GIS,17144.0,2019-02-25,252.0,-0.8158%,-0.0004,0.3129,-0.3506,0.1548,1.5721%,1.6131%,5.0274%,-0.009386,GIS,17144.0,2019-02-26,252.0,1.4286%,-0.0002,0.3352,-0.3907,0.1512,1.5520%,1.6001%,5.9211%,0.012953,GIS,17144.0,2019-02-27,252.0,0.4908%,-0.0,0.351,-0.417,0.1538,1.5364%,1.5896%,6.5884%,0.00543,GIS,17144.0,2019-02-28,252.0,0.0849%,0.0,0.3457,-0.4205,0.1494,1.5354%,1.5877%,6.4818%,0.002305,GIS,17144.0,2019-03-01,252.0,0.1910%,0.0,0.3446,-0.4221,0.1473,1.5354%,1.5875%,6.4616%,0.001148,GIS,17144.0,2019-03-04,252.0,-0.9318%,-0.0,0.3499,-0.4307,0.1439,1.5356%,1.5886%,6.5577%,-0.009879,GIS,0.024118,0.050209,0.05131,0.035874,0.047831
30315,GENERAL MILLS INC,"UPDATE: General Mills To Close Carson, California Yogurt Manufacturing Facility",6,decrease,0.8,0.6,"the closure of a manufacturing facility typically signals cost-cutting measures and potential job losses, which can negatively impact investor sentiment and lead to a decrease in stock price.",0,2019-02-15,GIS,2019-02-15 14:09:00+00:00,17144.0,37033410,0.0114530017599463,4188319.0,0.0155417574569582,0.0013491692952811,0.0264538489282131,-0.0082515375688672,0.0,0.0193225387483835,-0.0078807016834616,0.0009101459290832,-0.008158029988408,0.0020519869867712,0.0142857106402516,0.0002280988992424,0.0049082273617386,-0.0170365869998931,0.000849456700962,0.0177960023283958,0.0019096148898825,-0.009267627261579,-0.0093181366100907,-0.0045003816485404,0.0008550858474336,0.0167009737342596,-0.0002135480899596,0.0029829565901309,-0.0087588084861636,0.0006889229407534,0.0034482723567634,0.0060059670358896,0.0075171492062509,-0.0052849156782031,-0.0017053510528057,-0.0111337853595614,0.005338457878679,0.0178075078874826,0.0080713089555501,-0.0052909944206476,0.0010535026667639,0.0116360243409872,0.002315314952284,0.0165602266788482,-0.0079797832295298,0.0088305231183767,0.0222269091755151,0.0026322233024984,0.0362393856048584,-0.0002391942980466,0.0139888236299157,0.0091743385419249,0.0068978806957602,0.0247402284294366,0.0138970268890261,-0.0043806759640574,-0.0096525093540549,0.0150691848248243,0.0037037513684481,0.0165745820850133,0.0050494913011789,0.0202408637851476,-0.0146859576925635,0.0156127624213695,-0.0001961587695404,-0.0130970301106572,-0.0135346930474042,0.0046439711004495,-0.000596591620706,-0.0069177676923573,0.0123359085991978,0.0158771630376577,0.0084512634202837,0.0220802873373031,0.0040927189402282,-0.0314352288842201,0.0101900938898325,-0.0066546793095767,0.000194027859834,0.0134889874607324,0.0003879064752254,0.0504086762666702,0.0027142183389514,-0.0010887564858421,-0.0048337196931242,-0.0171214379370212,0.0054400381632149,-0.019412325695157,-0.0005796865443699,-0.0114108510315418,0.000580022810027,-0.0043893149122595,-0.0142995491623878,0.0049299071542918,-0.006469280924648,0.0015592873096466,-0.0090765403583645,-0.0314623713493347,0.0173237528651952,-0.0134095083922147,-0.0029360251501202,-0.0296385437250137,0.0104044489562511,-0.0191444419324398,-0.0031086038798093,0.0023691612295806,-0.0009745283750817,0.007879608310759,-0.0015606324886903,-0.0134275546297431,0.005275506991893,0.0016517152544111,-0.0050534913316369,-0.0228267908096313,-0.0062512150034308,0.0013853049604222,0.0106153124943375,-0.0196921434253454,0.0025287116877734,-0.0011304372455924,0.004850601311773,0.001131716533564,0.0034755803644657,-0.0232146643102169,0.0155417574569582,0.0013491692952811,0.0424067456890167,-0.0069135009947127,0.0424067456890167,0.0122754513628133,0.0257548809747421,0.0152758363305354,0.0386322791533961,0.0020252067472392,0.1321048096174466,0.1727770704923827,0.1649428565515776,-0.0035413771492904,2019-02-19,2019-02-20,2019-02-21,2019-02-22,2019-02-25,2019-02-26,2019-02-27,2019-02-28,2019-03-01,2019-03-04,17144.0,2019-02-15,252.0,1.1453%,-0.0006,0.3075,-0.415,0.0842,1.5687%,1.6135%,5.4658%,0.00831,GIS,17144.0,2019-02-19,252.0,1.5542%,-0.0006,0.3071,-0.3996,0.1016,1.5703%,1.6135%,5.2907%,0.015808,GIS,17144.0,2019-02-20,252.0,2.6454%,-0.0004,0.3151,-0.379,0.1308,1.5786%,1.6217%,5.2499%,0.026091,GIS,17144.0,2019-02-21,252.0,0.0000%,-0.0004,0.3121,-0.3847,0.1254,1.5779%,1.6209%,5.2330%,0.001101,GIS,17144.0,2019-02-22,252.0,-0.7881%,-0.0003,0.3118,-0.3563,0.1475,1.5722%,1.6134%,5.0360%,-0.00605,GIS,17144.0,2019-02-25,252.0,-0.8158%,-0.0004,0.3129,-0.3506,0.1548,1.5721%,1.6131%,5.0274%,-0.009386,GIS,17144.0,2019-02-26,252.0,1.4286%,-0.0002,0.3352,-0.3907,0.1512,1.5520%,1.6001%,5.9211%,0.012953,GIS,17144.0,2019-02-27,252.0,0.4908%,-0.0,0.351,-0.417,0.1538,1.5364%,1.5896%,6.5884%,0.00543,GIS,17144.0,2019-02-28,252.0,0.0849%,0.0,0.3457,-0.4205,0.1494,1.5354%,1.5877%,6.4818%,0.002305,GIS,17144.0,2019-03-01,252.0,0.1910%,0.0,0.3446,-0.4221,0.1473,1.5354%,1.5875%,6.4616%,0.001148,GIS,17144.0,2019-03-04,252.0,-0.9318%,-0.0,0.3499,-0.4307,0.1439,1.5356%,1.5886%,6.5577%,-0.009879,GIS,0.024118,0.050209,0.05131,0.035874,0.047831
30323,GENERAL MILLS INC,"General Mills 8-K Shows Board Approved Restructuring Plan Aimed At Driving 'efficiencies in targeted areas of our global supply chain by consolidating production and optimizing our labor, logistics and manufacturing platforms'",6,increase,0.7,0.6,"the restructuring plan aims to drive efficiencies in the supply chain, which could lead to cost savings and improved profitability, positively impacting investor sentiment.",2,2019-02-15,GIS,2019-02-15 14:09:00+00:00,17144.0,37033410,0.0114530017599463,4188319.0,0.0155417574569582,0.0013491692952811,0.0264538489282131,-0.0082515375688672,0.0,0.0193225387483835,-0.0078807016834616,0.0009101459290832,-0.008158029988408,0.0020519869867712,0.0142857106402516,0.0002280988992424,0.0049082273617386,-0.0170365869998931,0.000849456700962,0.0177960023283958,0.0019096148898825,-0.009267627261579,-0.0093181366100907,-0.0045003816485404,0.0008550858474336,0.0167009737342596,-0.0002135480899596,0.0029829565901309,-0.0087588084861636,0.0006889229407534,0.0034482723567634,0.0060059670358896,0.0075171492062509,-0.0052849156782031,-0.0017053510528057,-0.0111337853595614,0.005338457878679,0.0178075078874826,0.0080713089555501,-0.0052909944206476,0.0010535026667639,0.0116360243409872,0.002315314952284,0.0165602266788482,-0.0079797832295298,0.0088305231183767,0.0222269091755151,0.0026322233024984,0.0362393856048584,-0.0002391942980466,0.0139888236299157,0.0091743385419249,0.0068978806957602,0.0247402284294366,0.0138970268890261,-0.0043806759640574,-0.0096525093540549,0.0150691848248243,0.0037037513684481,0.0165745820850133,0.0050494913011789,0.0202408637851476,-0.0146859576925635,0.0156127624213695,-0.0001961587695404,-0.0130970301106572,-0.0135346930474042,0.0046439711004495,-0.000596591620706,-0.0069177676923573,0.0123359085991978,0.0158771630376577,0.0084512634202837,0.0220802873373031,0.0040927189402282,-0.0314352288842201,0.0101900938898325,-0.0066546793095767,0.000194027859834,0.0134889874607324,0.0003879064752254,0.0504086762666702,0.0027142183389514,-0.0010887564858421,-0.0048337196931242,-0.0171214379370212,0.0054400381632149,-0.019412325695157,-0.0005796865443699,-0.0114108510315418,0.000580022810027,-0.0043893149122595,-0.0142995491623878,0.0049299071542918,-0.006469280924648,0.0015592873096466,-0.0090765403583645,-0.0314623713493347,0.0173237528651952,-0.0134095083922147,-0.0029360251501202,-0.0296385437250137,0.0104044489562511,-0.0191444419324398,-0.0031086038798093,0.0023691612295806,-0.0009745283750817,0.007879608310759,-0.0015606324886903,-0.0134275546297431,0.005275506991893,0.0016517152544111,-0.0050534913316369,-0.0228267908096313,-0.0062512150034308,0.0013853049604222,0.0106153124943375,-0.0196921434253454,0.0025287116877734,-0.0011304372455924,0.004850601311773,0.001131716533564,0.0034755803644657,-0.0232146643102169,0.0155417574569582,0.0013491692952811,0.0424067456890167,-0.0069135009947127,0.0424067456890167,0.0122754513628133,0.0257548809747421,0.0152758363305354,0.0386322791533961,0.0020252067472392,0.1321048096174466,0.1727770704923827,0.1649428565515776,-0.0035413771492904,2019-02-19,2019-02-20,2019-02-21,2019-02-22,2019-02-25,2019-02-26,2019-02-27,2019-02-28,2019-03-01,2019-03-04,17144.0,2019-02-15,252.0,1.1453%,-0.0006,0.3075,-0.415,0.0842,1.5687%,1.6135%,5.4658%,0.00831,GIS,17144.0,2019-02-19,252.0,1.5542%,-0.0006,0.3071,-0.3996,0.1016,1.5703%,1.6135%,5.2907%,0.015808,GIS,17144.0,2019-02-20,252.0,2.6454%,-0.0004,0.3151,-0.379,0.1308,1.5786%,1.6217%,5.2499%,0.026091,GIS,17144.0,2019-02-21,252.0,0.0000%,-0.0004,0.3121,-0.3847,0.1254,1.5779%,1.6209%,5.2330%,0.001101,GIS,17144.0,2019-02-22,252.0,-0.7881%,-0.0003,0.3118,-0.3563,0.1475,1.5722%,1.6134%,5.0360%,-0.00605,GIS,17144.0,2019-02-25,252.0,-0.8158%,-0.0004,0.3129,-0.3506,0.1548,1.5721%,1.6131%,5.0274%,-0.009386,GIS,17144.0,2019-02-26,252.0,1.4286%,-0.0002,0.3352,-0.3907,0.1512,1.5520%,1.6001%,5.9211%,0.012953,GIS,17144.0,2019-02-27,252.0,0.4908%,-0.0,0.351,-0.417,0.1538,1.5364%,1.5896%,6.5884%,0.00543,GIS,17144.0,2019-02-28,252.0,0.0849%,0.0,0.3457,-0.4205,0.1494,1.5354%,1.5877%,6.4818%,0.002305,GIS,17144.0,2019-03-01,252.0,0.1910%,0.0,0.3446,-0.4221,0.1473,1.5354%,1.5875%,6.4616%,0.001148,GIS,17144.0,2019-03-04,252.0,-0.9318%,-0.0,0.3499,-0.4307,0.1439,1.5356%,1.5886%,6.5577%,-0.009879,GIS,0.024118,0.050209,0.05131,0.035874,0.047831
30331,BARRICK GOLD CORP,"Deutsche Bank Downgrades Barrick Gold to Hold, Lowers Price Target to $12.75",6,decrease,0.8,0.7,"a downgrade from deutsche bank typically signals reduced confidence in the stock's performance, likely leading to a decrease in barrick gold's stock price.",0,2019-02-15,GOLD,2019-02-15 13:52:00+00:00,71298.0,06790110,0.0030983705073595,12375781.0,0.0463320761919021,0.0070202928036451,0.0154981575906276,-0.0411368869245052,-0.0319767817854881,-0.0044676410034298,-0.0210210010409355,-0.0139500424265861,-0.0329754836857318,0.0209894850850105,-0.0015860035782679,0.0075528989546,-0.0071485424414277,-0.0089820278808474,0.0112000275403261,0.0007490093703381,-0.0261075887829065,0.0075471987947821,0.0162469372153282,-0.0104555888101458,0.0151878157630562,0.0260536503046751,-0.0236220620572567,0.0092807337641716,0.0185484271496534,0.0478120036423206,0.0237529836595058,0.0073469514027237,0.0193348787724971,0.0337552428245544,0.0037935688160359,0.0067969346418976,0.0090703582391142,-0.0008488349267281,-0.0179775822907686,-0.0008481958648189,-0.0083905160427093,-0.009243668988347,-0.0038461685180664,0.0042193448171019,-0.0084941824898123,-0.000843109213747,0.0210279989987611,-0.0357724018394947,0.0129672065377235,-0.0112539706751704,0.029367497190833,0.0064724860712885,0.0438917614519596,-0.0072289281524717,0.0161176975816488,0.008914072997868,-0.0172413792461156,-0.044891633093357,-0.0259649045765399,-0.0129870185628533,-0.0122478436678648,0.0069230888038873,-0.0196936875581741,-0.007633616682142,0.0014881293755024,-0.0324962772428989,-0.0118870614096522,0.0320122018456459,0.0195488892495632,-0.0430342927575111,-0.005162289366126,0.0095238406211137,0.0022239205427467,0.0007330846856348,0.0147928847000002,0.0396341830492019,-0.0094752265140414,-0.0194320045411586,-0.010301717557013,0.0388198755681514,-0.0022304635494947,-0.0720461085438728,0.0156482886523008,0.0168498530983924,-0.0249449852854013,-0.0007320811855606,-0.0067720203660428,-0.0318922623991966,0.0015151861589401,0.0064193434081971,-0.0189107414335012,0.0308823585510253,-0.0123361479490995,-0.0173410233110189,0.0015612414572387,0.0116958953440189,0.0007794410921633,0.023186270147562,0.0124610476195812,0.0182787328958511,-0.0261538587510585,0.010777547955513,0.0047393697313964,0.0188235118985176,-0.0102201346307992,-0.0229885205626487,-0.0063542434945702,0.0022988505661487,0.0063948780298233,0.02352942712605,0.000794299354311,-0.0214888509362936,0.009523800574243,-0.0045836837962269,-0.0117924977093935,-0.0274888481944799,-0.0159108843654394,0.0330007933080196,-0.0299110654741525,-0.0045836837962269,0.0258333683013916,0.0038343705236911,0.0121851842850446,0.0038491294253617,0.0463320761919021,0.0070202928036451,0.0625482956008529,-0.0344053871121006,0.0285714206158822,-0.0387193171973295,-0.0262548376398388,-0.0322339039805523,-0.0339768020933062,-0.0358476817876409,0.0378378198668489,-0.0145038543481215,-0.0378378204823457,0.0012121058503054,2019-02-19,2019-02-20,2019-02-21,2019-02-22,2019-02-25,2019-02-26,2019-02-27,2019-02-28,2019-03-01,2019-03-04,71298.0,2019-02-15,252.0,0.3098%,-0.0002,-0.0526,0.2123,-0.2763,1.9612%,1.9732%,1.2130%,0.003852,GOLD,71298.0,2019-02-19,252.0,4.6332%,0.0001,-0.0356,0.2306,-0.2572,1.9774%,1.9893%,1.1906%,0.0465449999999999,GOLD,71298.0,2019-02-20,252.0,1.5498%,0.0002,-0.0299,0.2488,-0.2354,1.9784%,1.9901%,1.1659%,0.016373,GOLD,71298.0,2019-02-21,252.0,-3.1977%,0.0002,-0.0315,0.2384,-0.238,1.9829%,1.9941%,1.1252%,-0.032555,GOLD,71298.0,2019-02-22,252.0,-2.1021%,0.0002,-0.0286,0.2551,-0.1881,1.9867%,1.9964%,0.9732%,-0.025726,GOLD,71298.0,2019-02-25,252.0,-3.2975%,0.0001,-0.0302,0.2697,-0.1865,1.9951%,2.0054%,1.0207%,-0.032708,GOLD,71298.0,2019-02-26,252.0,-0.1586%,0.0002,-0.0162,0.2571,-0.1824,1.9897%,1.9995%,0.9732%,-0.000624,GOLD,71298.0,2019-02-27,252.0,-0.7149%,0.0001,-0.0183,0.2585,-0.1828,1.9902%,2.0000%,0.9747%,-0.007941,GOLD,71298.0,2019-02-28,252.0,1.1200%,0.0003,-0.0393,0.2444,-0.2005,1.9787%,1.9885%,0.9751%,0.010535,GOLD,71298.0,2019-03-01,252.0,-2.6108%,0.0003,-0.058,0.2167,-0.2164,1.9820%,1.9912%,0.9203%,-0.027425,GOLD,71298.0,2019-03-04,252.0,1.6247%,0.0004,-0.0657,0.2268,-0.2109,1.9835%,1.9928%,0.9300%,0.017567,GOLD,0.050397,0.06677,0.0342149999999999,-0.024219,-0.032107
30339,BARRICK GOLD CORP,"TD Securities Downgrades Barrick Gold to Hold, Lowers Price Target to $15",6,decrease,0.8,0.7,"a downgrade from td securities typically signals reduced confidence in the stock's performance, likely leading to a decrease in barrick gold's stock price.",0,2019-02-15,GOLD,2019-02-15 13:11:00+00:00,71298.0,06790110,0.0030983705073595,12375781.0,0.0463320761919021,0.0070202928036451,0.0154981575906276,-0.0411368869245052,-0.0319767817854881,-0.0044676410034298,-0.0210210010409355,-0.0139500424265861,-0.0329754836857318,0.0209894850850105,-0.0015860035782679,0.0075528989546,-0.0071485424414277,-0.0089820278808474,0.0112000275403261,0.0007490093703381,-0.0261075887829065,0.0075471987947821,0.0162469372153282,-0.0104555888101458,0.0151878157630562,0.0260536503046751,-0.0236220620572567,0.0092807337641716,0.0185484271496534,0.0478120036423206,0.0237529836595058,0.0073469514027237,0.0193348787724971,0.0337552428245544,0.0037935688160359,0.0067969346418976,0.0090703582391142,-0.0008488349267281,-0.0179775822907686,-0.0008481958648189,-0.0083905160427093,-0.009243668988347,-0.0038461685180664,0.0042193448171019,-0.0084941824898123,-0.000843109213747,0.0210279989987611,-0.0357724018394947,0.0129672065377235,-0.0112539706751704,0.029367497190833,0.0064724860712885,0.0438917614519596,-0.0072289281524717,0.0161176975816488,0.008914072997868,-0.0172413792461156,-0.044891633093357,-0.0259649045765399,-0.0129870185628533,-0.0122478436678648,0.0069230888038873,-0.0196936875581741,-0.007633616682142,0.0014881293755024,-0.0324962772428989,-0.0118870614096522,0.0320122018456459,0.0195488892495632,-0.0430342927575111,-0.005162289366126,0.0095238406211137,0.0022239205427467,0.0007330846856348,0.0147928847000002,0.0396341830492019,-0.0094752265140414,-0.0194320045411586,-0.010301717557013,0.0388198755681514,-0.0022304635494947,-0.0720461085438728,0.0156482886523008,0.0168498530983924,-0.0249449852854013,-0.0007320811855606,-0.0067720203660428,-0.0318922623991966,0.0015151861589401,0.0064193434081971,-0.0189107414335012,0.0308823585510253,-0.0123361479490995,-0.0173410233110189,0.0015612414572387,0.0116958953440189,0.0007794410921633,0.023186270147562,0.0124610476195812,0.0182787328958511,-0.0261538587510585,0.010777547955513,0.0047393697313964,0.0188235118985176,-0.0102201346307992,-0.0229885205626487,-0.0063542434945702,0.0022988505661487,0.0063948780298233,0.02352942712605,0.000794299354311,-0.0214888509362936,0.009523800574243,-0.0045836837962269,-0.0117924977093935,-0.0274888481944799,-0.0159108843654394,0.0330007933080196,-0.0299110654741525,-0.0045836837962269,0.0258333683013916,0.0038343705236911,0.0121851842850446,0.0038491294253617,0.0463320761919021,0.0070202928036451,0.0625482956008529,-0.0344053871121006,0.0285714206158822,-0.0387193171973295,-0.0262548376398388,-0.0322339039805523,-0.0339768020933062,-0.0358476817876409,0.0378378198668489,-0.0145038543481215,-0.0378378204823457,0.0012121058503054,2019-02-19,2019-02-20,2019-02-21,2019-02-22,2019-02-25,2019-02-26,2019-02-27,2019-02-28,2019-03-01,2019-03-04,71298.0,2019-02-15,252.0,0.3098%,-0.0002,-0.0526,0.2123,-0.2763,1.9612%,1.9732%,1.2130%,0.003852,GOLD,71298.0,2019-02-19,252.0,4.6332%,0.0001,-0.0356,0.2306,-0.2572,1.9774%,1.9893%,1.1906%,0.0465449999999999,GOLD,71298.0,2019-02-20,252.0,1.5498%,0.0002,-0.0299,0.2488,-0.2354,1.9784%,1.9901%,1.1659%,0.016373,GOLD,71298.0,2019-02-21,252.0,-3.1977%,0.0002,-0.0315,0.2384,-0.238,1.9829%,1.9941%,1.1252%,-0.032555,GOLD,71298.0,2019-02-22,252.0,-2.1021%,0.0002,-0.0286,0.2551,-0.1881,1.9867%,1.9964%,0.9732%,-0.025726,GOLD,71298.0,2019-02-25,252.0,-3.2975%,0.0001,-0.0302,0.2697,-0.1865,1.9951%,2.0054%,1.0207%,-0.032708,GOLD,71298.0,2019-02-26,252.0,-0.1586%,0.0002,-0.0162,0.2571,-0.1824,1.9897%,1.9995%,0.9732%,-0.000624,GOLD,71298.0,2019-02-27,252.0,-0.7149%,0.0001,-0.0183,0.2585,-0.1828,1.9902%,2.0000%,0.9747%,-0.007941,GOLD,71298.0,2019-02-28,252.0,1.1200%,0.0003,-0.0393,0.2444,-0.2005,1.9787%,1.9885%,0.9751%,0.010535,GOLD,71298.0,2019-03-01,252.0,-2.6108%,0.0003,-0.058,0.2167,-0.2164,1.9820%,1.9912%,0.9203%,-0.027425,GOLD,71298.0,2019-03-04,252.0,1.6247%,0.0004,-0.0657,0.2268,-0.2109,1.9835%,1.9928%,0.9300%,0.017567,GOLD,0.050397,0.06677,0.0342149999999999,-0.024219,-0.032107
30347,ALPHABET INC,"When A VC Liked A Potential Investment So Much, She Left Google To Join Them",6,uncertain,0.6,0.3,"while the news indicates a positive sentiment towards a potential investment, it also suggests a loss of talent from google, leading to mixed implications for alphabet inc's stock price.",1,2019-02-15,GOOG,2019-02-15 19:33:00+00:00,14542.0,02079K10,-0.0071500702761113,1449830.0,0.0044089560396969,0.0013480304041877,-0.0042554796673357,-0.0010790023952722,-0.0151105020195245,0.0240728259086608,0.0122154885903,-4.570418604998849e-05,-0.0008735563023947,-0.0033219889737665,0.0051649361848831,-0.0148131055757403,0.0008250553510151,-0.0268414299935102,0.0034675821661949,0.0116436621174216,0.018813794478774,0.0198514964431524,0.0059685525484383,-0.00503416871652,0.0123976124450564,0.025076612830162,-0.003588585415855,0.0268145650625228,-0.0125748682767152,-0.0088404240086674,-0.0008572575170546,-0.0191661100834608,0.0292738154530525,0.0159139260649681,0.0148329092189669,-0.0015525924973189,0.0001005658050416,0.0047172652557492,-0.006511160172522,-0.0252581257373094,-0.0009194785961881,0.0076704150997102,-0.0001688120973994,0.0082611488178372,0.0123199010267853,0.0035463457461446,0.0209534093737602,0.0310714989900589,0.0061848480254411,-0.0118237975984811,-0.0211442895233631,-0.0122766019776463,-0.0103691415861249,-0.004029253963381,-0.0070243123918771,-0.0015051799127832,-0.009792149066925,0.0073849572800099,-0.0038618517573922,-0.0021667364053428,0.0041250404901802,0.0537861585617065,0.0180003531277179,-0.0284839887171983,0.0050734961405396,0.0098878825083374,0.0045231976546347,-0.0014174131210893,0.0075294841080904,-0.006514205597341,-0.0064608850516378,0.0042522503063082,-0.0027420441620051,0.0647804737091064,-0.0054741213098168,-0.0033893536310642,0.0041010933928191,-0.0295915398746728,0.0020462840329855,-0.0132941380143165,0.0109993191435933,-0.0055408729240298,0.0026521554682403,0.0119818709790706,0.004938194528222,-0.0245369412004947,0.0075052855536341,-0.0186458695679903,2.428886728012003e-05,-0.0016734630335122,0.0100859533995389,0.0113430507481098,0.0125797409564256,0.0117357997223734,-0.0067613366991281,0.0028652809560298,0.0059314896352589,-0.030082456767559,0.0069097336381673,0.0170438662171363,0.0121051277965307,-0.050260841846466,-0.0769660770893096,0.0109646115452051,-0.0171648021787405,0.0056326421909034,-0.0046828733757138,0.0019057367462664,0.0196024794131517,0.0400416925549507,0.0033659441396594,-0.0040147630497813,-0.0128553621470928,0.0241629779338836,-0.0066689006052911,-0.0132323130965232,-0.0033354321494698,0.0115523859858512,0.0016259868862107,0.0056470683775842,-0.0276911631226539,-0.0390865579247474,-0.0102383214980363,-0.0030242702923715,0.0044089560396969,0.0013480304041877,0.0001347141495799,0.0002675734808803,-0.0149778234683738,0.0243468406393643,-0.0038162797300002,0.0208973103162171,0.0306649513208296,0.0047475740769531,0.0725362778986187,0.0724961252671072,0.006096988535569,0.0534982219248072,2019-02-19,2019-02-20,2019-02-21,2019-02-22,2019-02-25,2019-02-26,2019-02-27,2019-02-28,2019-03-01,2019-03-04,14542.0,2019-02-15,252.0,-0.7150%,-0.0002,1.1927,-0.3299,-0.734,0.9129%,1.7487%,72.7484%,-0.016678,GOOG,14542.0,2019-02-19,252.0,0.4409%,-0.0002,1.194,-0.3269,-0.7307,0.9135%,1.7451%,72.5978%,0.005202,GOOG,14542.0,2019-02-20,252.0,-0.4255%,-0.0003,1.1929,-0.3325,-0.7355,0.9125%,1.7451%,72.6587%,-0.0018859999999999,GOOG,14542.0,2019-02-21,252.0,-1.5111%,-0.0004,1.2,-0.3208,-0.7224,0.9128%,1.7472%,72.7052%,-0.012721,GOOG,14542.0,2019-02-22,252.0,1.2215%,-0.0004,1.2015,-0.3458,-0.7269,0.9062%,1.7482%,73.1280%,-0.004539,GOOG,14542.0,2019-02-25,252.0,-0.0874%,-0.0004,1.2008,-0.3443,-0.729,0.9057%,1.7480%,73.1549%,-0.004983,GOOG,14542.0,2019-02-26,252.0,0.5165%,-0.0004,1.2016,-0.349,-0.7308,0.9057%,1.7445%,73.0456%,0.0023769999999999,GOOG,14542.0,2019-02-27,252.0,0.0825%,-0.0004,1.2017,-0.3493,-0.7308,0.9057%,1.7420%,72.9664%,-0.00057,GOOG,14542.0,2019-02-28,252.0,0.3468%,-0.0004,1.1966,-0.3527,-0.7358,0.9052%,1.7364%,72.8212%,0.005336,GOOG,14542.0,2019-03-01,252.0,1.8814%,-0.0003,1.197,-0.3521,-0.7392,0.9067%,1.7386%,72.8020%,0.0081879999999999,GOOG,14542.0,2019-03-04,252.0,0.5969%,-0.0002,1.1887,-0.3371,-0.7342,0.9065%,1.7270%,72.4491%,0.013578,GOOG,-0.0114759999999999,-0.0133619999999999,-0.026083,-0.035605,-0.006696
30355,ALPHABET INC,Reuters Report From Earlier Shows Germany IS Looking At Possibility Of A 15% Special Tax On Online Advertise Revenue Collected By Foreign Companies,6,decrease,0.8,0.6,"the potential implementation of a 15% special tax on online advertising revenue could negatively impact alphabet inc.'s profitability, leading to a decrease in stock price.",0,2019-02-15,GOOGL,2019-02-15 14:46:00+00:00,90319.0,02079K30,-0.0084749795496463,1391348.0,0.0061448914930224,0.0005049894680269,-0.0052552074193954,0.0009312411420978,-0.0146173043176531,0.0231008976697921,0.011184555478394,-0.0002358621859457,0.0006895262631587,-0.003191967960447,0.0041886046528816,-0.0151216769590973,0.0007843110943213,-0.0251590721309185,0.0032594769727438,0.0091552194207906,0.019501993432641,0.0203823000192642,0.0042663812637329,-0.0064571313560009,0.013672293163836,0.0254100896418094,-0.0036349953152239,0.0261012744158506,-0.0120950145646929,-0.0090751824900507,-0.0007646564627066,-0.0196548588573932,0.0254702642560005,0.0161531455814838,0.0152553208172321,-0.000378117285436,0.0015118467854335,0.0053586764261126,-0.0054459567181766,-0.0258918479084968,-0.0018699575448408,0.0074423663318157,-0.0014702174812555,0.0088204657658934,0.0117032611742615,0.002761134179309,0.0199342127889394,0.0332854650914669,0.0079090949147939,-0.0121750365942716,-0.0230396315455436,-0.0133107034489512,-0.0085041355341672,-0.0026071912143379,-0.0062971147708594,-0.0034273755736649,-0.0099424766376614,0.0087831355631351,-0.0048726159147918,-0.0019942142535001,0.003941067494452,0.0512935295701026,0.0187697801738977,-0.027695681899786,0.0054713664576411,0.0093018803745508,0.0043715010397136,-0.0016433796845376,0.0071356301195919,-0.0059074657037854,-0.0065603349357843,0.0048194387927651,-0.0026166345924139,0.0641636252403259,-0.004626483656466,-0.0066381003707647,0.0031263334676623,-0.0315852351486682,0.0026026894338428,-0.0114731080830097,0.0108631970360875,-0.0076193185523152,0.0031078397296369,0.0173158571124076,0.0043863621540367,-0.0247786343097686,0.0066806669346988,-0.0203346665948629,0.0010724241146817,-0.0001768986694514,0.0098995864391326,0.0113784726709127,0.0134235862642526,0.0080422814935445,-0.0082952938973903,0.0063063483685255,0.0057854186743497,-0.0292186122387647,0.0079537285491824,0.0146921658888459,0.0147014344111084,-0.0482729710638523,-0.075019285082817,0.0060469163581728,-0.0213852133601903,0.0137679008767008,-0.0058039892464876,0.0025553603190928,0.0197512563318014,0.0375470481812953,0.0032868832349777,-0.0034660228993743,-0.0122333187609911,0.0250849109143018,-0.0068540419451892,-0.0127752488479018,-0.0024001593701541,0.0125965382903814,-0.0002825038973242,0.0029490443412214,-0.0265921410173177,-0.0382393710315227,-0.010320327244699,-0.0025956109166145,0.0061448914930224,0.0005049894680269,0.0008573913942615,0.0014367008770936,-0.0137724456743208,0.0245707876268297,-0.0020542932474592,0.0210595043569044,0.0301796485881098,0.0029398399375208,0.0708716069264294,0.0706563997401807,0.0046711669744261,0.0542924256345513,2019-02-19,2019-02-20,2019-02-21,2019-02-22,2019-02-25,2019-02-26,2019-02-27,2019-02-28,2019-03-01,2019-03-04,90319.0,2019-02-15,252.0,-0.8475%,-0.0003,1.1756,-0.3091,-0.7595,0.9204%,1.7463%,72.2219%,-0.017777,GOOGL,90319.0,2019-02-19,252.0,0.6145%,-0.0002,1.1777,-0.3055,-0.7556,0.9214%,1.7433%,72.0642%,0.006986,GOOGL,90319.0,2019-02-20,252.0,-0.5255%,-0.0002,1.1764,-0.3109,-0.7607,0.9208%,1.7435%,72.1087%,-0.002765,GOOGL,90319.0,2019-02-21,252.0,-1.4617%,-0.0003,1.1836,-0.299,-0.7476,0.9208%,1.7454%,72.1708%,-0.012332,GOOGL,90319.0,2019-02-22,252.0,1.1185%,-0.0004,1.1853,-0.3257,-0.7506,0.9137%,1.7459%,72.6080%,-0.005954,GOOGL,90319.0,2019-02-25,252.0,0.0690%,-0.0004,1.1846,-0.3249,-0.7528,0.9131%,1.7457%,72.6410%,-0.003386,GOOGL,90319.0,2019-02-26,252.0,0.4189%,-0.0004,1.1866,-0.3294,-0.7536,0.9129%,1.7429%,72.5675%,0.0014199999999999,GOOGL,90319.0,2019-02-27,252.0,0.0784%,-0.0004,1.1872,-0.3305,-0.7535,0.9128%,1.7407%,72.5017%,-0.0006619999999999,GOOGL,90319.0,2019-02-28,252.0,0.3259%,-0.0003,1.1817,-0.3341,-0.7587,0.9120%,1.7348%,72.3629%,0.0050219999999999,GOOGL,90319.0,2019-03-01,252.0,1.9502%,-0.0003,1.1821,-0.3335,-0.7623,0.9137%,1.7373%,72.3400%,0.008838,GOOGL,90319.0,2019-03-04,252.0,0.4266%,-0.0002,1.175,-0.3208,-0.758,0.9137%,1.7272%,72.0140%,0.011963,GOOGL,-0.010791,-0.013556,-0.025888,-0.035228,-0.008647
30363,ALPHABET INC,"Analysts Downgrade TrueCar, Forecast Weak Fundamentals",6,uncertain,0.4,0.2,"the downgrade of truecar may not directly impact alphabet inc.'s stock price, as the news pertains to a different company and its fundamentals.",1,2019-02-15,GOOGL,2019-02-15 13:57:00+00:00,90319.0,02079K30,-0.0084749795496463,1391348.0,0.0061448914930224,0.0005049894680269,-0.0052552074193954,0.0009312411420978,-0.0146173043176531,0.0231008976697921,0.011184555478394,-0.0002358621859457,0.0006895262631587,-0.003191967960447,0.0041886046528816,-0.0151216769590973,0.0007843110943213,-0.0251590721309185,0.0032594769727438,0.0091552194207906,0.019501993432641,0.0203823000192642,0.0042663812637329,-0.0064571313560009,0.013672293163836,0.0254100896418094,-0.0036349953152239,0.0261012744158506,-0.0120950145646929,-0.0090751824900507,-0.0007646564627066,-0.0196548588573932,0.0254702642560005,0.0161531455814838,0.0152553208172321,-0.000378117285436,0.0015118467854335,0.0053586764261126,-0.0054459567181766,-0.0258918479084968,-0.0018699575448408,0.0074423663318157,-0.0014702174812555,0.0088204657658934,0.0117032611742615,0.002761134179309,0.0199342127889394,0.0332854650914669,0.0079090949147939,-0.0121750365942716,-0.0230396315455436,-0.0133107034489512,-0.0085041355341672,-0.0026071912143379,-0.0062971147708594,-0.0034273755736649,-0.0099424766376614,0.0087831355631351,-0.0048726159147918,-0.0019942142535001,0.003941067494452,0.0512935295701026,0.0187697801738977,-0.027695681899786,0.0054713664576411,0.0093018803745508,0.0043715010397136,-0.0016433796845376,0.0071356301195919,-0.0059074657037854,-0.0065603349357843,0.0048194387927651,-0.0026166345924139,0.0641636252403259,-0.004626483656466,-0.0066381003707647,0.0031263334676623,-0.0315852351486682,0.0026026894338428,-0.0114731080830097,0.0108631970360875,-0.0076193185523152,0.0031078397296369,0.0173158571124076,0.0043863621540367,-0.0247786343097686,0.0066806669346988,-0.0203346665948629,0.0010724241146817,-0.0001768986694514,0.0098995864391326,0.0113784726709127,0.0134235862642526,0.0080422814935445,-0.0082952938973903,0.0063063483685255,0.0057854186743497,-0.0292186122387647,0.0079537285491824,0.0146921658888459,0.0147014344111084,-0.0482729710638523,-0.075019285082817,0.0060469163581728,-0.0213852133601903,0.0137679008767008,-0.0058039892464876,0.0025553603190928,0.0197512563318014,0.0375470481812953,0.0032868832349777,-0.0034660228993743,-0.0122333187609911,0.0250849109143018,-0.0068540419451892,-0.0127752488479018,-0.0024001593701541,0.0125965382903814,-0.0002825038973242,0.0029490443412214,-0.0265921410173177,-0.0382393710315227,-0.010320327244699,-0.0025956109166145,0.0061448914930224,0.0005049894680269,0.0008573913942615,0.0014367008770936,-0.0137724456743208,0.0245707876268297,-0.0020542932474592,0.0210595043569044,0.0301796485881098,0.0029398399375208,0.0708716069264294,0.0706563997401807,0.0046711669744261,0.0542924256345513,2019-02-19,2019-02-20,2019-02-21,2019-02-22,2019-02-25,2019-02-26,2019-02-27,2019-02-28,2019-03-01,2019-03-04,90319.0,2019-02-15,252.0,-0.8475%,-0.0003,1.1756,-0.3091,-0.7595,0.9204%,1.7463%,72.2219%,-0.017777,GOOGL,90319.0,2019-02-19,252.0,0.6145%,-0.0002,1.1777,-0.3055,-0.7556,0.9214%,1.7433%,72.0642%,0.006986,GOOGL,90319.0,2019-02-20,252.0,-0.5255%,-0.0002,1.1764,-0.3109,-0.7607,0.9208%,1.7435%,72.1087%,-0.002765,GOOGL,90319.0,2019-02-21,252.0,-1.4617%,-0.0003,1.1836,-0.299,-0.7476,0.9208%,1.7454%,72.1708%,-0.012332,GOOGL,90319.0,2019-02-22,252.0,1.1185%,-0.0004,1.1853,-0.3257,-0.7506,0.9137%,1.7459%,72.6080%,-0.005954,GOOGL,90319.0,2019-02-25,252.0,0.0690%,-0.0004,1.1846,-0.3249,-0.7528,0.9131%,1.7457%,72.6410%,-0.003386,GOOGL,90319.0,2019-02-26,252.0,0.4189%,-0.0004,1.1866,-0.3294,-0.7536,0.9129%,1.7429%,72.5675%,0.0014199999999999,GOOGL,90319.0,2019-02-27,252.0,0.0784%,-0.0004,1.1872,-0.3305,-0.7535,0.9128%,1.7407%,72.5017%,-0.0006619999999999,GOOGL,90319.0,2019-02-28,252.0,0.3259%,-0.0003,1.1817,-0.3341,-0.7587,0.9120%,1.7348%,72.3629%,0.0050219999999999,GOOGL,90319.0,2019-03-01,252.0,1.9502%,-0.0003,1.1821,-0.3335,-0.7623,0.9137%,1.7373%,72.3400%,0.008838,GOOGL,90319.0,2019-03-04,252.0,0.4266%,-0.0002,1.175,-0.3208,-0.758,0.9137%,1.7272%,72.0140%,0.011963,GOOGL,-0.010791,-0.013556,-0.025888,-0.035228,-0.008647
30371,GRAVITY CO LTD,"GRAVITY Sees Q4 Sales KRW 111B, Operating Profit KRW 12B",6,increase,0.7,0.6,"the reported sales and operating profit figures for q4 indicate strong financial performance, which is likely to positively influence investor sentiment and drive the stock price up.",2,2019-02-15,GRVY,2019-02-15 11:36:00+00:00,90595.0,38911N20,0.0531999953091144,106750.0,-0.060007594525814,0.0170870665460825,-0.0080808391794562,0.1419280022382736,-0.0321791879832744,0.0172495171427726,-0.006523597985506,-0.0320219919085502,-0.0148273836821317,0.0022925788071006,-0.0333261527121067,-0.0199954938143491,-0.0104536795988678,0.0348756127059459,0.0305685941129922,-0.0513895414769649,0.0431843698024749,-0.003735402598977,0.0380514226853847,0.2819717824459076,0.0,-0.035588189959526,0.0504531152546405,0.0102923009544611,0.0677787363529205,-0.021879157051444,0.0314239561557769,-0.0451165959239006,-0.0424790866672992,0.0090532451868057,0.1090909093618393,0.0125720147043466,0.0493442974984645,0.0181333422660827,0.0559286698698997,-0.1279069781303406,-0.0516348294913768,-0.0444444455206394,0.0819032788276672,-0.0072799869813025,0.0353281125426292,-0.0072272890247404,0.0370472967624664,0.0491727814078331,-0.0496910698711872,-0.0065967645496129,-0.0303844194859266,-0.0177354346960783,-0.0527620278298854,-0.0180537141859531,-0.0693952664732933,0.0362764373421669,0.0530753806233406,-0.0782333835959434,-0.0108337048441171,0.0225806292146444,0.0226984173059463,0.0568181835114955,-0.0363184884190559,0.0096374060958623,0.0231921188533306,0.0388558059930801,0.0073980991728603,-0.0011904580751433,-0.0078125,0.0074358689598739,-0.0269291196018457,-0.007144630420953,0.0158601645380258,-0.0002380552759859,-0.0202326029539108,0.0878010690212249,0.0081300809979438,-0.0824620053172111,-0.0506451502442359,-0.0080150011926889,0.0713557749986648,-0.013488414697349,0.0087218396365642,0.0431828908622264,0.0303411465138196,0.0435443334281444,-0.0384498089551925,0.0558674186468124,-0.0165027119219303,-0.0039936508983373,-0.0148434685543179,-0.0034491179976612,0.0024565625935792,0.0527932792901992,-0.0328377448022365,0.0,0.0270270016044378,0.0337856821715831,0.023684250190854,-0.0372532680630683,-0.0151028670370578,-0.0142504917457699,0.0027732786256819,0.0164345446974039,0.0167561210691928,-0.0008349228883162,-0.0030399779789149,-0.0058107106015086,0.0776761397719383,-0.0098630301654338,-0.0002979042765218,0.0779680833220481,-0.0183225944638252,-0.0311874151229858,0.0051592765375971,0.0610201023519039,-0.0338163934648037,-0.0208085849881172,0.0496875047683715,-0.0388571619987487,0.1561476290225983,-0.0261546652764082,0.1188361495733261,-0.0134504986926913,-0.060007594525814,0.0170870665460824,-0.0676035219843611,0.161440202003354,-0.0976072835253694,0.1814744846781162,-0.1167869673281252,0.1462632061388304,-0.0571591100373825,0.4084506996680119,0.1790732954118565,0.1473152364856498,0.6502089183408815,0.3724951763321671,2019-02-19,2019-02-20,2019-02-21,2019-02-22,2019-02-25,2019-02-26,2019-02-27,2019-02-28,2019-03-01,2019-03-04,90595.0,2019-02-15,252.0,5.3200%,0.0021,0.7859,0.9263,-0.4607,5.2992%,5.4233%,4.5242%,0.044989,GRVY,90595.0,2019-02-19,252.0,-6.0008%,0.0017,0.7615,0.902,-0.486,5.3102%,5.4298%,4.3575%,-0.062905,GRVY,90595.0,2019-02-20,252.0,-0.8081%,0.0017,0.7578,0.8903,-0.5001,5.3104%,5.4298%,4.3512%,-0.008939,GRVY,90595.0,2019-02-21,252.0,-3.2179%,0.0015,0.7674,0.9029,-0.4822,5.3139%,5.4341%,4.3742%,-0.030002,GRVY,90595.0,2019-02-22,252.0,-0.6524%,0.0014,0.7707,0.9054,-0.44,5.3161%,5.4343%,4.3035%,-0.0236669999999999,GRVY,90595.0,2019-02-25,252.0,-1.4827%,0.0014,0.7717,0.9143,-0.4317,5.3168%,5.4350%,4.3019%,-0.014521,GRVY,90595.0,2019-02-26,252.0,-3.3326%,0.0013,0.7836,0.9433,-0.4081,5.3196%,5.4396%,4.3611%,-0.0277649999999999,GRVY,90595.0,2019-02-27,252.0,-1.0454%,0.0013,0.7953,0.9181,-0.4062,5.3177%,5.4381%,4.3811%,-0.013541,GRVY,90595.0,2019-02-28,252.0,3.0569%,0.0015,0.7854,0.9124,-0.4205,5.3209%,5.4398%,4.3229%,0.031735,GRVY,90595.0,2019-03-01,252.0,4.3184%,0.0013,0.8441,0.9996,-0.3444,5.2971%,5.4263%,4.7055%,0.033111,GRVY,90595.0,2019-03-04,252.0,3.8051%,0.0015,0.8407,0.9692,-0.334,5.3051%,5.4310%,4.5855%,0.047692,GRVY,-0.017916,-0.026855,-0.056857,-0.0950449999999999,-0.023813
30379,CHART INDUSTRIES INC,Gabelli & Co. Downgrades Chart Industries to Hold,6,decrease,0.8,0.6,"a downgrade from a financial analyst typically signals reduced expectations for the company's performance, which can lead to a decline in stock price.",0,2019-02-15,GTLS,2019-02-15 15:03:00+00:00,91402.0,16115Q30,0.0270271133631467,774317.0,-0.0401542745530605,0.0411158204078674,0.0068541029468178,0.0119046829640865,0.0086855106055736,0.0165939088910818,0.0238537974655628,0.0518373325467109,-0.0044323150068521,0.0157291442155838,-0.0021688905544579,-0.0163891445845365,0.0022880327887833,0.0031566205434501,0.0076475078240036,-0.0092520080506801,0.0079293679445981,0.021701468154788,-0.0177568197250366,0.0054886704310774,-0.0012585881631821,0.0124694788828492,-0.0135181611403822,0.0179359186440706,0.0073161916807293,0.0151260755956172,-0.0004611588374245,-0.0172057803720235,0.0224914029240608,-0.0016489641275256,0.0084602367132902,0.0020654625259339,0.0070469491183757,-0.0047964705154299,-0.0109963109716773,-0.0039585162885487,0.0203279145061969,0.0313952341675758,0.0227848067879676,0.0142795946449041,0.0,0.0212920978665351,-0.0059190210886299,-0.0162122994661331,0.0226263534277677,0.008829073049128,-0.0606605522334575,-0.01215336099267,-0.0061986139044165,0.0045963758602738,0.0281243287026882,0.0257845874875783,-0.0110302222892642,0.0090692918747663,0.0037920624017715,0.0059826732613146,0.0057777403853833,0.0505971275269985,0.0022095071617513,-0.0350264981389045,-0.0299823768436908,0.0141472890973091,0.0123863220214843,0.0024664101656526,-0.0008979032863862,0.0109085962176322,-0.0059543731622397,0.0237715039402246,-0.0103978952392935,0.0696246027946472,-0.0181589350104332,-0.0449804775416851,0.0230312403291463,0.0243739411234855,0.015349700115621,0.0211387947201728,-0.0098544778302311,-0.0289687141776084,-0.0152680221945047,0.0197501368820667,-0.0016078946646302,-0.0329741537570953,0.0126538416370749,0.0049212472513318,-0.0098829390481114,-0.0151858227327466,-0.031321745365858,0.0135909914970397,0.0331636033952236,0.0090878922492265,0.012839563190937,0.0041480008512735,-0.0127900084480643,-0.0101822782307863,0.0124970916658639,-0.0287127010524272,0.0103046502918005,-0.0760501101613044,-0.0106478882953524,0.0674952343106269,-0.0200520753860473,0.0304799135774374,0.0114450622349977,0.004396685399115,0.0244599319994449,0.0131991291418671,-0.0088140238076448,-0.0333333350718021,-0.0138450674712657,0.0085250539705157,-0.0173496659845113,-0.003046863945201,0.0821234509348869,0.0254892148077487,-0.0228639412671327,-0.0507336296141147,-0.0659123361110687,-0.0375600978732109,-0.0154062984511256,0.0021077897399663,-0.0401542745530605,0.0411158204078674,-0.0335753931377841,0.0535099741787179,-0.025181501965395,0.0709918227060855,-0.0063521467714973,0.1442282073579655,-0.0086207149166314,0.149129850295399,0.0290380813743704,0.3015921252009841,-0.0503630003713611,0.2923817978107392,2019-02-19,2019-02-20,2019-02-21,2019-02-22,2019-02-25,2019-02-26,2019-02-27,2019-02-28,2019-03-01,2019-03-04,91402.0,2019-02-15,252.0,2.7027%,0.0025,1.3131,0.9281,0.4694,2.0204%,2.4495%,31.9669%,0.007723,GTLS,91402.0,2019-02-19,252.0,-4.0154%,0.0023,1.3033,0.8975,0.4358,2.0440%,2.4633%,31.1472%,-0.046849,GTLS,91402.0,2019-02-20,252.0,0.6854%,0.0022,1.3019,0.8909,0.4299,2.0434%,2.4623%,31.1273%,-9.4e-05,GTLS,91402.0,2019-02-21,252.0,0.8686%,0.0022,1.3022,0.8945,0.4305,2.0442%,2.4625%,31.0887%,0.015015,GTLS,91402.0,2019-02-22,252.0,2.3854%,0.0023,1.2996,0.9113,0.4145,2.0452%,2.4657%,31.2001%,0.016698,GTLS,91402.0,2019-02-25,252.0,-0.4432%,0.0018,1.314,0.9282,0.4766,1.8934%,2.3444%,34.7717%,-0.003366,GTLS,91402.0,2019-02-26,252.0,-0.2169%,0.0017,1.2927,0.9411,0.4672,1.8819%,2.3238%,34.4195%,0.007347,GTLS,91402.0,2019-02-27,252.0,0.2288%,0.0018,1.3024,0.9235,0.4688,1.8768%,2.3225%,34.6941%,-0.0002029999999999,GTLS,91402.0,2019-02-28,252.0,0.7648%,0.0019,1.2976,0.9206,0.4628,1.8778%,2.3184%,34.3936%,0.012572,GTLS,91402.0,2019-03-01,252.0,0.7929%,0.0019,1.2885,0.907,0.4506,1.8760%,2.3091%,33.9903%,-0.002322,GTLS,91402.0,2019-03-04,252.0,-1.7757%,0.0018,1.2989,0.8826,0.4457,1.8734%,2.3111%,34.2931%,-0.009276,GTLS,-0.039126,-0.03922,-0.0242049999999999,-0.0108729999999999,-0.0027549999999999
30387,HASBRO INC,"Mattel Plummets On Lowered Guidance, One Week After Earnings-Inspired Spike",6,uncertain,0.6,0.3,"while mattel's lowered guidance may negatively impact sentiment in the toy industry, it does not directly indicate how hasbro's stock will react, leading to uncertainty.",1,2019-02-15,HAS,2019-02-15 20:27:00+00:00,52978.0,41805610,-0.0373258888721466,4486307.0,0.0122684901580214,-0.0024452731013298,-0.0061742616817355,0.0044657979160547,-0.0072480128146708,0.0077633038163185,-0.003360770875588,-0.0057053603231906,0.0019767228513956,-0.009529092349112,-0.0177555847913026,-0.0082417586818337,-0.001890312298201,-0.0054644807241857,0.0049715689383447,0.0016420528991147,0.0367490574717521,0.0062789130024611,0.0072711547836661,0.002429342130199,-0.0016918736509978,0.0015375562943518,-0.0047452920116484,0.0046342913992702,-0.015779310837388,-0.0011022385442629,0.0040369792841374,0.0066571189090609,0.0003446154878474,0.008165500126779,-0.0049379914999008,0.0136054949834942,0.00207732594572,-0.0096564181149005,-0.003685358678922,0.0023635237012058,0.0024274543393403,0.0052041984163224,0.0043818871490657,0.0150436097756028,-0.0019517586333677,-0.0076353065669536,-0.0128839612007141,0.0145681835711002,-0.0097890263423323,-0.004947081208229,-0.0171825233846902,0.0195894204080104,0.0053885397501289,0.0009393193759024,0.008575526997447,-0.0028100395575165,0.0022437700536102,0.0254532676190137,0.0081300195306539,0.0309444237500429,-0.0063113714568316,0.0370988361537456,0.0077629229053854,-0.0260065235197544,-0.0065359193831682,-0.0156307276338338,0.0016447296366095,0.0014791415305808,0.0090311588719487,-0.0031945218797773,0.0061606275849044,0.0039472025819122,-0.0003465663176029,0.03909258171916,-0.0159481950104236,-0.001152271986939,0.0052847554907202,-0.0123908938840031,0.0029205607715994,-0.0175155736505985,0.020034959539771,-0.0218712389469146,0.0038826535455882,-0.0154323885217309,0.020134188234806,-0.0055912588723003,0.0055753788910806,0.0035816072486341,-0.015524523332715,-0.012613458558917,-0.0075467242859303,0.0115669118240475,0.1423221081495285,-0.0016666593728587,0.025136599317193,0.0008340247441083,-0.0164760313928127,-0.0406903363764286,0.0109380465000867,-0.0104061281308531,-0.008480311371386,-0.0162456780672073,0.0080613391473889,-0.0124175520613789,0.0022579592186957,-0.0604026690125465,0.0143011733889579,0.0038349409587681,0.0115885743871331,0.0092050721868872,-0.0101193087175488,-0.0197887867689132,-0.0241103284060955,0.0156201189383864,-0.0037553599104285,0.0194267723709344,-0.0034718627575784,0.0025542557705193,0.0022895019501447,-0.0098008252680301,-0.0468765646219253,-0.0288609117269516,0.0083358902484178,0.0015375310322269,0.0122684901580214,-0.0024452731013298,0.0060184796076105,0.0020096047192048,-0.0012731552243809,0.0097885097075092,-0.0026620759952205,-0.0055401664762789,0.0261574313314589,-0.0089443199102959,-0.0083333477065821,0.1299620067127262,0.1275001694281874,-0.0736534682840911,2019-02-19,2019-02-20,2019-02-21,2019-02-22,2019-02-25,2019-02-26,2019-02-27,2019-02-28,2019-03-01,2019-03-04,52978.0,2019-02-15,252.0,-3.7326%,-0.0005,0.5753,0.3953,-0.1063,1.4538%,1.6085%,18.3133%,-0.045122,HAS,52978.0,2019-02-19,252.0,1.2268%,-0.0004,0.5775,0.4019,-0.099,1.4554%,1.6098%,18.2719%,0.010248,HAS,52978.0,2019-02-20,252.0,-0.6174%,-0.0005,0.5741,0.3882,-0.1126,1.4533%,1.6073%,18.2478%,-0.007711,HAS,52978.0,2019-02-21,252.0,-0.7248%,-0.0005,0.5731,0.3851,-0.1144,1.4531%,1.6065%,18.1845%,-0.005211,HAS,52978.0,2019-02-22,252.0,-0.3361%,-0.0006,0.5753,0.3644,-0.1067,1.4520%,1.6043%,18.0822%,-0.010986,HAS,52978.0,2019-02-25,252.0,0.1977%,-0.0005,0.5732,0.3612,-0.1162,1.4477%,1.6006%,18.1929%,0.001769,HAS,52978.0,2019-02-26,252.0,-1.7756%,-0.0006,0.5795,0.3752,-0.1044,1.4501%,1.6043%,18.3018%,-0.0150099999999999,HAS,52978.0,2019-02-27,252.0,-0.1890%,-0.0006,0.5765,0.3798,-0.1049,1.4496%,1.6028%,18.2049%,-0.00335,HAS,52978.0,2019-02-28,252.0,0.4972%,-0.0006,0.5727,0.3774,-0.1093,1.4500%,1.6012%,17.9958%,0.006321,HAS,52978.0,2019-03-01,252.0,3.6749%,-0.0004,0.5738,0.3791,-0.1221,1.4624%,1.6145%,17.9612%,0.031004,HAS,52978.0,2019-03-04,252.0,0.7271%,-0.0003,0.5681,0.3868,-0.1181,1.4634%,1.6134%,17.7267%,0.012158,HAS,-0.034874,-0.042585,-0.047796,-0.057013,-0.0258899999999999
30395,HASBRO INC,Hasbro shares drop sharply lower after peer Mattel gave weak Q1 guidance at a conference; NOTE: Shares were already trading down for the session.,6,decrease,0.8,0.7,"the sharp drop in hasbro's shares following weak guidance from a peer indicates negative sentiment in the market, likely leading to a decrease in hasbro's stock price.",0,2019-02-15,HAS,2019-02-15 19:51:00+00:00,52978.0,41805610,-0.0373258888721466,4486307.0,0.0122684901580214,-0.0024452731013298,-0.0061742616817355,0.0044657979160547,-0.0072480128146708,0.0077633038163185,-0.003360770875588,-0.0057053603231906,0.0019767228513956,-0.009529092349112,-0.0177555847913026,-0.0082417586818337,-0.001890312298201,-0.0054644807241857,0.0049715689383447,0.0016420528991147,0.0367490574717521,0.0062789130024611,0.0072711547836661,0.002429342130199,-0.0016918736509978,0.0015375562943518,-0.0047452920116484,0.0046342913992702,-0.015779310837388,-0.0011022385442629,0.0040369792841374,0.0066571189090609,0.0003446154878474,0.008165500126779,-0.0049379914999008,0.0136054949834942,0.00207732594572,-0.0096564181149005,-0.003685358678922,0.0023635237012058,0.0024274543393403,0.0052041984163224,0.0043818871490657,0.0150436097756028,-0.0019517586333677,-0.0076353065669536,-0.0128839612007141,0.0145681835711002,-0.0097890263423323,-0.004947081208229,-0.0171825233846902,0.0195894204080104,0.0053885397501289,0.0009393193759024,0.008575526997447,-0.0028100395575165,0.0022437700536102,0.0254532676190137,0.0081300195306539,0.0309444237500429,-0.0063113714568316,0.0370988361537456,0.0077629229053854,-0.0260065235197544,-0.0065359193831682,-0.0156307276338338,0.0016447296366095,0.0014791415305808,0.0090311588719487,-0.0031945218797773,0.0061606275849044,0.0039472025819122,-0.0003465663176029,0.03909258171916,-0.0159481950104236,-0.001152271986939,0.0052847554907202,-0.0123908938840031,0.0029205607715994,-0.0175155736505985,0.020034959539771,-0.0218712389469146,0.0038826535455882,-0.0154323885217309,0.020134188234806,-0.0055912588723003,0.0055753788910806,0.0035816072486341,-0.015524523332715,-0.012613458558917,-0.0075467242859303,0.0115669118240475,0.1423221081495285,-0.0016666593728587,0.025136599317193,0.0008340247441083,-0.0164760313928127,-0.0406903363764286,0.0109380465000867,-0.0104061281308531,-0.008480311371386,-0.0162456780672073,0.0080613391473889,-0.0124175520613789,0.0022579592186957,-0.0604026690125465,0.0143011733889579,0.0038349409587681,0.0115885743871331,0.0092050721868872,-0.0101193087175488,-0.0197887867689132,-0.0241103284060955,0.0156201189383864,-0.0037553599104285,0.0194267723709344,-0.0034718627575784,0.0025542557705193,0.0022895019501447,-0.0098008252680301,-0.0468765646219253,-0.0288609117269516,0.0083358902484178,0.0015375310322269,0.0122684901580214,-0.0024452731013298,0.0060184796076105,0.0020096047192048,-0.0012731552243809,0.0097885097075092,-0.0026620759952205,-0.0055401664762789,0.0261574313314589,-0.0089443199102959,-0.0083333477065821,0.1299620067127262,0.1275001694281874,-0.0736534682840911,2019-02-19,2019-02-20,2019-02-21,2019-02-22,2019-02-25,2019-02-26,2019-02-27,2019-02-28,2019-03-01,2019-03-04,52978.0,2019-02-15,252.0,-3.7326%,-0.0005,0.5753,0.3953,-0.1063,1.4538%,1.6085%,18.3133%,-0.045122,HAS,52978.0,2019-02-19,252.0,1.2268%,-0.0004,0.5775,0.4019,-0.099,1.4554%,1.6098%,18.2719%,0.010248,HAS,52978.0,2019-02-20,252.0,-0.6174%,-0.0005,0.5741,0.3882,-0.1126,1.4533%,1.6073%,18.2478%,-0.007711,HAS,52978.0,2019-02-21,252.0,-0.7248%,-0.0005,0.5731,0.3851,-0.1144,1.4531%,1.6065%,18.1845%,-0.005211,HAS,52978.0,2019-02-22,252.0,-0.3361%,-0.0006,0.5753,0.3644,-0.1067,1.4520%,1.6043%,18.0822%,-0.010986,HAS,52978.0,2019-02-25,252.0,0.1977%,-0.0005,0.5732,0.3612,-0.1162,1.4477%,1.6006%,18.1929%,0.001769,HAS,52978.0,2019-02-26,252.0,-1.7756%,-0.0006,0.5795,0.3752,-0.1044,1.4501%,1.6043%,18.3018%,-0.0150099999999999,HAS,52978.0,2019-02-27,252.0,-0.1890%,-0.0006,0.5765,0.3798,-0.1049,1.4496%,1.6028%,18.2049%,-0.00335,HAS,52978.0,2019-02-28,252.0,0.4972%,-0.0006,0.5727,0.3774,-0.1093,1.4500%,1.6012%,17.9958%,0.006321,HAS,52978.0,2019-03-01,252.0,3.6749%,-0.0004,0.5738,0.3791,-0.1221,1.4624%,1.6145%,17.9612%,0.031004,HAS,52978.0,2019-03-04,252.0,0.7271%,-0.0003,0.5681,0.3868,-0.1181,1.4634%,1.6134%,17.7267%,0.012158,HAS,-0.034874,-0.042585,-0.047796,-0.057013,-0.0258899999999999
30403,HASBRO INC,"Hasbro Shares Fall 1.7% Following Mattel Concerning Q1 Sales Guidance, Down ~5.3% For Session",6,decrease,0.8,0.6,"the decline in hasbro's shares following negative sales guidance from mattel suggests investor concern about the overall health of the toy industry, likely leading to a decrease in hasbro's stock price.",0,2019-02-15,HAS,2019-02-15 19:50:00+00:00,52978.0,41805610,-0.0373258888721466,4486307.0,0.0122684901580214,-0.0024452731013298,-0.0061742616817355,0.0044657979160547,-0.0072480128146708,0.0077633038163185,-0.003360770875588,-0.0057053603231906,0.0019767228513956,-0.009529092349112,-0.0177555847913026,-0.0082417586818337,-0.001890312298201,-0.0054644807241857,0.0049715689383447,0.0016420528991147,0.0367490574717521,0.0062789130024611,0.0072711547836661,0.002429342130199,-0.0016918736509978,0.0015375562943518,-0.0047452920116484,0.0046342913992702,-0.015779310837388,-0.0011022385442629,0.0040369792841374,0.0066571189090609,0.0003446154878474,0.008165500126779,-0.0049379914999008,0.0136054949834942,0.00207732594572,-0.0096564181149005,-0.003685358678922,0.0023635237012058,0.0024274543393403,0.0052041984163224,0.0043818871490657,0.0150436097756028,-0.0019517586333677,-0.0076353065669536,-0.0128839612007141,0.0145681835711002,-0.0097890263423323,-0.004947081208229,-0.0171825233846902,0.0195894204080104,0.0053885397501289,0.0009393193759024,0.008575526997447,-0.0028100395575165,0.0022437700536102,0.0254532676190137,0.0081300195306539,0.0309444237500429,-0.0063113714568316,0.0370988361537456,0.0077629229053854,-0.0260065235197544,-0.0065359193831682,-0.0156307276338338,0.0016447296366095,0.0014791415305808,0.0090311588719487,-0.0031945218797773,0.0061606275849044,0.0039472025819122,-0.0003465663176029,0.03909258171916,-0.0159481950104236,-0.001152271986939,0.0052847554907202,-0.0123908938840031,0.0029205607715994,-0.0175155736505985,0.020034959539771,-0.0218712389469146,0.0038826535455882,-0.0154323885217309,0.020134188234806,-0.0055912588723003,0.0055753788910806,0.0035816072486341,-0.015524523332715,-0.012613458558917,-0.0075467242859303,0.0115669118240475,0.1423221081495285,-0.0016666593728587,0.025136599317193,0.0008340247441083,-0.0164760313928127,-0.0406903363764286,0.0109380465000867,-0.0104061281308531,-0.008480311371386,-0.0162456780672073,0.0080613391473889,-0.0124175520613789,0.0022579592186957,-0.0604026690125465,0.0143011733889579,0.0038349409587681,0.0115885743871331,0.0092050721868872,-0.0101193087175488,-0.0197887867689132,-0.0241103284060955,0.0156201189383864,-0.0037553599104285,0.0194267723709344,-0.0034718627575784,0.0025542557705193,0.0022895019501447,-0.0098008252680301,-0.0468765646219253,-0.0288609117269516,0.0083358902484178,0.0015375310322269,0.0122684901580214,-0.0024452731013298,0.0060184796076105,0.0020096047192048,-0.0012731552243809,0.0097885097075092,-0.0026620759952205,-0.0055401664762789,0.0261574313314589,-0.0089443199102959,-0.0083333477065821,0.1299620067127262,0.1275001694281874,-0.0736534682840911,2019-02-19,2019-02-20,2019-02-21,2019-02-22,2019-02-25,2019-02-26,2019-02-27,2019-02-28,2019-03-01,2019-03-04,52978.0,2019-02-15,252.0,-3.7326%,-0.0005,0.5753,0.3953,-0.1063,1.4538%,1.6085%,18.3133%,-0.045122,HAS,52978.0,2019-02-19,252.0,1.2268%,-0.0004,0.5775,0.4019,-0.099,1.4554%,1.6098%,18.2719%,0.010248,HAS,52978.0,2019-02-20,252.0,-0.6174%,-0.0005,0.5741,0.3882,-0.1126,1.4533%,1.6073%,18.2478%,-0.007711,HAS,52978.0,2019-02-21,252.0,-0.7248%,-0.0005,0.5731,0.3851,-0.1144,1.4531%,1.6065%,18.1845%,-0.005211,HAS,52978.0,2019-02-22,252.0,-0.3361%,-0.0006,0.5753,0.3644,-0.1067,1.4520%,1.6043%,18.0822%,-0.010986,HAS,52978.0,2019-02-25,252.0,0.1977%,-0.0005,0.5732,0.3612,-0.1162,1.4477%,1.6006%,18.1929%,0.001769,HAS,52978.0,2019-02-26,252.0,-1.7756%,-0.0006,0.5795,0.3752,-0.1044,1.4501%,1.6043%,18.3018%,-0.0150099999999999,HAS,52978.0,2019-02-27,252.0,-0.1890%,-0.0006,0.5765,0.3798,-0.1049,1.4496%,1.6028%,18.2049%,-0.00335,HAS,52978.0,2019-02-28,252.0,0.4972%,-0.0006,0.5727,0.3774,-0.1093,1.4500%,1.6012%,17.9958%,0.006321,HAS,52978.0,2019-03-01,252.0,3.6749%,-0.0004,0.5738,0.3791,-0.1221,1.4624%,1.6145%,17.9612%,0.031004,HAS,52978.0,2019-03-04,252.0,0.7271%,-0.0003,0.5681,0.3868,-0.1181,1.4634%,1.6134%,17.7267%,0.012158,HAS,-0.034874,-0.042585,-0.047796,-0.057013,-0.0258899999999999
30411,HAWAIIAN ELECTRIC INDUSTRIES INC,"Hawaiian Electric Q4 EPS $0.45 Misses $0.47 Estimate, Sales $761.65M",6,decrease,0.7,0.6,"the earnings per share (eps) miss compared to estimates typically signals weaker performance, which can lead to a decrease in stock price.",0,2019-02-15,HE,2019-02-15 11:15:00+00:00,41187.0,41987010,0.00477707805112,480927.0,-0.004226092249155,0.0029278842266649,0.0074270232580602,-0.0029193367809057,0.0086888317018747,-0.0023828474804759,0.0080918176099658,-0.005529202055186,-0.0038839310873299,0.0010543204843997,-0.0039318879134953,0.0160685181617736,0.0023684250190854,0.0029546229634433,0.0049881497398018,0.0010755825787782,0.0039185350760817,0.0021556997671723,0.0106687443330884,-0.0021510627120733,0.0,0.0175102427601814,0.0010298896813765,0.0041208160109817,0.0064300410449504,0.0002748594852164,0.0071556037291884,-0.005465995054692,0.0139558296650648,-0.0089381914585828,-0.0040040002204477,0.0068175625056028,0.0085427174344658,0.0121445935219526,0.0029895100742578,-0.004943705163896,0.0091903321444988,0.0022019820753484,-0.0009845166932791,0.0097276903688907,-0.0135501166805625,0.0081255510449409,0.0004995118943043,0.0093325227499008,0.0132301235571503,-0.0133928442373871,0.0004927434492856,-0.0044444403611123,0.0046786167658865,0.0078387111425399,0.0061274510808289,-0.0044593042694032,-0.0017052300972864,0.0101351523771882,-0.0063445172272622,-0.0067113498225808,0.0012278790818527,-0.0005589842912741,-0.0036792133469134,0.0036464866716414,-0.0024618038441985,-0.0264881867915391,0.0,0.0130013106390833,-0.0009871894726529,-0.0038577951490879,0.0064229778945446,0.006936736870557,-0.004909198731184,0.0157835781574249,0.0009867023909464,-0.0485385172069072,0.0041892104782164,-0.0074527226388454,0.0058896117843687,0.0034722508862614,0.0104902777820825,0.0016050711274147,0.0,-0.0058509949594736,-0.0089328568428754,-0.0296774581074714,0.001218008226715,-0.0089513678103685,-0.0021897847764194,0.0059171481989324,-0.0012191962450742,-0.0063905930146574,0.0009765848517417,0.0,0.0,-0.001021473784931,0.0056097451597452,0.0150336436927318,0.0002425936545478,-0.0031007474754005,-0.0009699542424641,0.0057172873057425,0.0067960866726934,0.0041753612458705,-0.0069913431070744,0.011882777325809,0.0004855658626183,-0.0018450104398652,0.0101917497813701,0.0005274382419884,0.0014412095770239,0.0085106305778026,0.0079156113788485,0.0066934404894709,-0.0145169114693999,0.0032231784425675,-0.0019318526610732,-0.0106298569589853,0.0181466247886419,-0.000263496505795,0.0085550565272569,0.0029069927986711,-0.0110743977129459,0.0077230604365468,-0.004226092249155,0.0029278842266649,0.0031695437234799,-3.4353964117883606e-11,0.0118859150573398,-0.002382847514748,0.0161120145485111,-0.0068528817851626,0.0344898874305672,0.0131756302711159,0.0818995358788101,0.0569424587089422,0.1178563787352762,0.0117287076107255,2019-02-19,2019-02-20,2019-02-21,2019-02-22,2019-02-25,2019-02-26,2019-02-27,2019-02-28,2019-03-01,2019-03-04,41187.0,2019-02-15,252.0,0.4777%,0.0007,0.1935,-0.2201,-0.0195,0.9084%,0.9378%,6.1780%,0.0033,HE,41187.0,2019-02-19,252.0,-0.4226%,0.0005,0.1826,-0.2089,-0.006,0.8863%,0.9126%,5.6943%,-0.003997,HE,41187.0,2019-02-20,252.0,0.7427%,0.0006,0.1847,-0.2034,0.0017,0.8872%,0.9135%,5.6611%,0.007473,HE,41187.0,2019-02-21,252.0,0.8689%,0.0007,0.1789,-0.2134,-0.009,0.8863%,0.9122%,5.5986%,0.009134,HE,41187.0,2019-02-22,252.0,0.8092%,0.0007,0.1782,-0.2207,-0.0241,0.8865%,0.9130%,5.7317%,0.00787,HE,41187.0,2019-02-25,252.0,-0.3884%,0.0006,0.1779,-0.2182,-0.0237,0.8870%,0.9134%,5.6850%,-0.004868,HE,41187.0,2019-02-26,252.0,-0.3932%,0.0006,0.1699,-0.2023,-0.0216,0.8824%,0.9060%,5.1370%,-0.005222,HE,41187.0,2019-02-27,252.0,0.2368%,0.0006,0.1731,-0.2074,-0.0211,0.8813%,0.9057%,5.3013%,0.002474,HE,41187.0,2019-02-28,252.0,0.4988%,0.0007,0.1652,-0.2127,-0.028,0.8781%,0.9013%,5.0976%,0.0054139999999999,HE,41187.0,2019-03-01,252.0,0.3919%,0.0007,0.1612,-0.2186,-0.0353,0.8769%,0.9000%,5.0680%,0.003144,HE,41187.0,2019-03-04,252.0,1.0669%,0.0007,0.1633,-0.2345,-0.0338,0.8781%,0.9020%,5.2421%,0.01068,HE,-0.0006969999999999,0.006776,0.01591,0.018912,0.035402
30419,HOLLYSYS AUTOMATION TECHNLGS LTD,"Hollysys Automation Q2 Adj. EPS $0.73 Up From $0.60 YoY, Sales $149.5M Down From $157.404M YoY",6,uncertain,0.6,0.3,"while the adjusted eps increased, indicating improved profitability, the decline in sales may raise concerns among investors, leading to uncertainty about the overall impact on the stock price.",1,2019-02-15,HOLI,2019-02-15 22:01:00+00:00,92769.0,G4566710,0.0113133080303669,135372.0,0.065661497414112,-0.020240968093276,0.0009128460660576,0.0048426333814859,-0.0095759686082601,0.026852261275053,0.0110497139394283,-0.0151811689138412,-0.0050090486183762,-0.001954985782504,-0.0187642946839332,0.0158887635916471,-0.0074626794084906,0.0223349556326866,0.0399435348808765,0.0186143014580011,0.018526965752244,-0.0025786096230149,-0.0084294816479086,-0.0596508905291557,-0.0053691649809479,0.0258706696331501,-0.0107962116599082,0.0187532100826501,-0.0131877679377794,-0.013500022701919,-0.044700514525175,-0.0476190485060215,0.0212253034114837,-0.0389016196131706,0.0023617967963218,0.0292039960622787,0.0108388997614383,0.0095101688057184,-0.0209790561348199,-0.0061436276882886,-0.0009524027700535,0.0490827858448028,0.0271687190979719,0.0181726720184087,-0.0116009283810854,0.0333854667842388,-0.0183098316192627,-0.0093023413792252,0.0253467578440904,0.0130890049040317,-0.0531717017292976,0.0170393865555524,0.008867010474205,-0.0203442554920911,0.009277369827032,0.0412819236516952,-0.0251572541892528,0.0021774091292172,0.0054590874351561,0.0038252242375165,0.0335636883974075,0.0327313728630542,0.0210123509168624,-0.0128134507685899,0.0173059329390525,0.0251285284757614,0.020229909569025,0.0251756627112627,0.008562353439629,-0.0058207437396049,0.0232350528240203,-0.0005817468627355,0.015283859334886,0.016558289527893,-0.2270968109369278,0.005948862992227,0.0434057153761386,-0.0221059378236532,0.0213333126157522,-0.0449999719858169,0.0177545771002769,0.0089686010032892,-0.0354027971625328,-0.0083379447460174,0.0058510964736342,-0.0343531630933284,0.0803807750344276,-0.0168866273015737,0.0254527870565652,-0.0155843757092952,0.0076372241601347,0.0126249222084879,0.0028422295581549,0.004226092249155,-0.008974989876151,-0.0052548805251717,-0.0257387515157461,-0.0451580323278904,0.0097846798598766,-0.0230391826480627,0.0164728760719299,-0.0048780674114823,-0.0023831857834011,0.0348309203982353,-0.0258003305643796,0.038804393261671,-0.0083374241366982,0.0058017200790345,0.0079129505902528,0.0204520542174577,-0.0088321100920438,0.0248207822442054,-0.0138614196330308,-0.0205295011401176,-0.0461847409605979,-0.0379417650401592,-0.0042105223983526,-0.0077359271235764,0.0258985087275505,-0.0241570919752121,-0.0437918789684772,0.0050581879913806,0.0145474392920732,-0.0178836919367313,0.065661497414112,-0.020240968093276,0.0666342823197756,-0.0154963542995522,0.0564202259157873,0.0109397948210383,0.062743235606653,-0.0063538222404826,0.0870623006798851,-0.0140640596899701,0.039883254496049,0.1325904735971814,-0.0841439545467556,0.00993545208865,2019-02-19,2019-02-20,2019-02-21,2019-02-22,2019-02-25,2019-02-26,2019-02-27,2019-02-28,2019-03-01,2019-03-04,92769.0,2019-02-15,252.0,1.1313%,-0.0006,0.9297,0.2295,0.3649,2.0405%,2.2395%,16.9838%,-0.001774,HOLI,92769.0,2019-02-19,252.0,6.5661%,-0.0004,0.9399,0.2716,0.4114,2.0775%,2.2756%,16.6495%,0.062035,HOLI,92769.0,2019-02-20,252.0,0.0913%,-0.0005,0.9376,0.2601,0.4015,2.0756%,2.2732%,16.6310%,-0.0038329999999999,HOLI,92769.0,2019-02-21,252.0,-0.9576%,-0.0005,0.9394,0.2627,0.4048,2.0758%,2.2737%,16.6509%,-0.005101,HOLI,92769.0,2019-02-22,252.0,1.1050%,-0.0005,0.9383,0.2556,0.3855,2.0762%,2.2745%,16.6770%,0.00935,HOLI,92769.0,2019-02-25,252.0,-0.5009%,-0.0005,0.939,0.2586,0.3898,2.0761%,2.2745%,16.6884%,-0.005158,HOLI,92769.0,2019-02-26,252.0,-1.8764%,-0.0005,0.9568,0.2607,0.4042,2.0720%,2.2763%,17.1408%,-0.014421,HOLI,92769.0,2019-02-27,252.0,-0.7463%,-0.0007,0.9399,0.2884,0.4014,2.0589%,2.2576%,16.8220%,-0.008434,HOLI,92769.0,2019-02-28,252.0,3.9944%,-0.0005,0.93,0.283,0.3837,2.0778%,2.2703%,16.2408%,0.043703,HOLI,92769.0,2019-03-01,252.0,1.8527%,-0.0005,0.9361,0.2922,0.3873,2.0790%,2.2730%,16.3353%,0.012456,HOLI,92769.0,2019-03-04,252.0,-0.8429%,-0.0004,0.9332,0.3052,0.3873,2.0787%,2.2714%,16.2530%,-0.003993,HOLI,0.060261,0.056428,0.051327,0.055519,0.08483
30427,ISHARES TRUST,Pres Trump Says Chinese Pres Xi Has Agreed To Put Fentanyl On His List Of Deadly Drugs,6,uncertain,0.5,0.5,"the news regarding president trump and president xi's agreement on fentanyl may have mixed implications for market sentiment, but its direct impact on ishares trust's stock price is unclear.",1,2019-02-15,IBB,2019-02-15 15:55:00+00:00,88893.0,46428755,0.0165124274790287,1683577.0,-0.0057122400030493,0.0042824712581932,-0.0026930256281048,0.0030159188900142,-0.0175517275929451,0.0099686346948146,0.0142922354862093,0.0050092139281332,0.0203233677893877,0.0062541379593312,-0.0040722298435866,-0.0250273030251264,0.0145777724683284,-0.0016354743856936,-0.0122656524181366,-0.0016328039346262,0.0210218448191881,-0.0002720484335441,-0.0095560634508728,0.0052875760011374,-0.0051750191487371,0.0137708457186818,-0.0312995538115501,0.0067925532348454,-0.0066442461684346,0.0019578507635742,-0.0048561370931565,-0.0199195928871631,0.0213608294725418,0.0153075568377971,0.0082033360376954,-0.0001854804140748,0.0130544239655137,-0.0083701582625508,-0.0027361444663256,-0.0158414039760828,0.0107089048251509,0.0061936452984809,-0.0024518282152712,0.0104924011975526,-0.0006144636427052,-0.0054009184241294,-0.0058849202468991,0.0193151049315929,-0.0106909265741705,-0.0168792214244604,-0.0339376889169216,0.0010101066436618,0.0013867202214896,0.0130232702940702,0.0185561496764421,0.0070257610641419,-0.0138674769550561,0.0071705081500113,0.0060661397874355,0.0335445590317249,0.0213777087628841,0.0502868071198463,0.0009839052800089,0.0014358911430463,0.0081314984709024,0.0110961282625794,0.0059386473149061,0.0167651213705539,-0.0040532127022743,-0.0033628342207521,0.0168097093701362,0.0036916581448167,-0.004263446200639,0.0580292046070098,-0.0160783287137746,-0.0137574290856719,0.0110124144703149,-0.0391285642981529,-0.0170414168387651,-0.0171499997377395,-0.0075960541144013,-0.0213609859347343,-0.0050428202375769,-0.0193516444414854,-0.0099556380882859,-0.0164819024503231,-0.0388518162071704,-0.0188660994172096,-0.00570666231215,-0.0150739848613739,0.0004782420292031,0.0125756477937102,0.0211301930248737,0.0033712047152221,-0.0108614573255181,0.0017367841210216,0.0101287364959716,-0.030314352363348,0.0064661460928618,0.0015930857043713,-0.0008380257640965,-0.0329859480261802,-0.0082937227562069,0.011457378976047,-0.0080811940133571,0.0149781433865428,0.003978834953159,-0.0004649716429412,0.0182109847664833,0.0271251574158668,0.0085256062448024,-0.0025722042191773,-0.0294036995619535,0.0170526318252086,-0.0003786889719776,0.0039882883429527,-0.0023676485288888,0.0060677505098283,-0.0032276092097163,-0.0060311551205813,-0.0350476205348968,-0.021418372169137,0.0110541135072708,0.0086413975805044,-0.0057122400030493,0.0042824712581932,-0.0083898824224321,0.0073113057341711,-0.0257943530845617,0.0173528241649918,0.0082113370644225,0.0288434989669834,0.017583017050752,0.0048317877788059,-0.0011602729469797,0.1304615539854874,-0.0856836689276596,0.0582813270725153,2019-02-19,2019-02-20,2019-02-21,2019-02-22,2019-02-25,2019-02-26,2019-02-27,2019-02-28,2019-03-01,2019-03-04,88893.0,2019-02-15,252.0,1.6512%,-0.0003,1.0857,0.491,-0.3143,0.7316%,1.4857%,75.7499%,0.00442,IBB,88893.0,2019-02-19,252.0,-0.5712%,-0.0003,1.0855,0.4839,-0.3223,0.7328%,1.4851%,75.6530%,-0.008356,IBB,88893.0,2019-02-20,252.0,-0.2693%,-0.0003,1.0849,0.4847,-0.3239,0.7325%,1.4850%,75.6677%,-0.004147,IBB,88893.0,2019-02-21,252.0,-1.7552%,-0.0003,1.0873,0.4865,-0.3194,0.7375%,1.4878%,75.4279%,-0.014043,IBB,88893.0,2019-02-22,252.0,1.4292%,-0.0003,1.0873,0.4862,-0.3196,0.7375%,1.4904%,75.5147%,-0.000246,IBB,88893.0,2019-02-25,252.0,2.0323%,-0.0002,1.0864,0.4756,-0.3288,0.7462%,1.4953%,75.0951%,0.019281,IBB,88893.0,2019-02-26,252.0,-0.4072%,-0.0002,1.083,0.4792,-0.3294,0.7454%,1.4898%,74.9698%,-0.000475,IBB,88893.0,2019-02-27,252.0,1.4578%,-0.0002,1.0844,0.4804,-0.3292,0.7493%,1.4919%,74.7749%,0.012197,IBB,88893.0,2019-02-28,252.0,-1.2266%,-0.0002,1.0876,0.4823,-0.3246,0.7517%,1.4919%,74.6133%,-0.009923,IBB,88893.0,2019-03-01,252.0,2.1022%,-0.0002,1.0867,0.481,-0.3308,0.7539%,1.4930%,74.4977%,0.010404,IBB,88893.0,2019-03-04,252.0,-0.9556%,-0.0002,1.0861,0.4836,-0.3308,0.7539%,1.4930%,74.5006%,-0.000781,IBB,-0.003936,-0.008083,-0.022126,-0.003091,0.008331
30435,INTERNATIONAL BUSINESS MACHS COR,Analysts Applaud IBM's Move To Make Watson Available Cross-Cloud,6,increase,0.8,0.7,analysts generally view the expansion of ibm's watson capabilities across multiple cloud platforms as a positive development that could enhance its market competitiveness and drive revenue growth.,2,2019-02-15,IBM,2019-02-15 15:36:00+00:00,12490.0,45920010,0.0113569982349872,3844062.0,0.0048540038987994,-0.0075625982135534,-0.0050468416884541,0.0108048599213361,-0.0011594467796385,0.015374262817204,0.0102292783558368,0.0020940750837326,0.0015081271994858,0.003904229030013,0.0018642944050952,-0.0114436969161033,-0.0039364662952721,0.00568059226498,-0.0074728266336023,0.002662923419848,0.0077462680637836,0.0081282351166009,-0.005531639792025,-0.0023805391974747,-0.0039730393327772,0.0002976133837364,-0.0065274811349809,0.0003722403780557,-0.0118265086784958,0.0004468426050152,-0.0019947125110775,0.0022393299732357,0.0193945541977882,0.0108654825016856,0.0041390750557184,-0.0027090120129287,0.0020248682703822,0.0846392661333084,0.0016598999500274,-0.0104991365224123,0.0046112788841128,0.013339857570827,0.0055943061597645,0.0046867267228662,0.0019969956483691,-0.0009036441915668,-0.0063349660485982,0.0111305257305502,0.0131804887205362,-0.0088094817474484,-0.014069608412683,-0.0027095971163362,-0.00193620857317,0.009114246815443,0.0074723996222019,0.0071768388152122,-0.0069889868609607,0.0142192151397466,0.0048836013302206,0.0070746829733252,0.0084334472194314,0.039057619869709,0.0155917564406991,-0.0199635047465562,-0.0020935314241796,0.0135479979217052,0.0044056284241378,0.0056622084230184,-0.0059180259704589,-0.0065916683524847,0.0035018911585211,0.0214561391621828,0.0007677318062633,0.0355117581784725,-0.0089266952127218,-0.0303768049925565,0.0064035160467028,-0.018403772264719,0.0053139035589993,-0.0292880162596702,0.0039644408971071,-0.0018859941046684,-0.0031175073236227,0.0047373217530548,0.0086171338334679,-0.0316931009292602,-0.0415460839867591,-0.0068748597986996,0.0087700467556715,-0.0035490284208208,-0.0102615440264344,0.0022334707900881,0.0111599331721663,-0.0019813247490674,-0.0034890735987573,0.0149991698563098,-0.0094318836927413,-0.0368816666305065,0.0058428733609616,0.0189967527985572,-0.0027968974318355,-0.029606569558382,0.0087738307192921,0.008368881419301,0.0020673933904618,0.0229666884988546,-0.0069009764119982,-0.0123576959595084,0.0047281589359045,0.0247438251972198,0.0009269510628655,0.0039310907013714,-0.0195184890180826,0.0202235262840986,0.0026155232917517,-0.0116386711597442,-0.0075362585484981,0.011689443141222,-0.0001476947945775,-0.0258498936891555,-0.02882063947618,-0.0103644169867038,0.0143813686445355,0.0010704648448154,0.0048540038987994,-0.0075625982135534,-0.0002173351788871,0.0031605488934438,-0.0013765299699524,0.0185834028199822,0.0103601245119726,0.0247015035172752,0.0028978768839573,0.0272934020650665,0.0381801358334989,0.1985832664282185,-0.0226349354298649,0.1370946471987086,2019-02-19,2019-02-20,2019-02-21,2019-02-22,2019-02-25,2019-02-26,2019-02-27,2019-02-28,2019-03-01,2019-03-04,12490.0,2019-02-15,252.0,1.1357%,-0.0004,0.9153,-0.2501,-0.0665,1.2211%,1.5709%,39.5747%,0.001646,IBM,12490.0,2019-02-19,252.0,0.4854%,-0.0003,0.9173,-0.2489,-0.0654,1.2212%,1.5703%,39.5223%,0.00394,IBM,12490.0,2019-02-20,252.0,-0.5047%,-0.0004,0.9155,-0.2538,-0.0719,1.2216%,1.5706%,39.5008%,-0.0059819999999999,IBM,12490.0,2019-02-21,252.0,-0.1159%,-0.0004,0.9144,-0.2555,-0.074,1.2217%,1.5701%,39.4594%,0.001785,IBM,12490.0,2019-02-22,252.0,1.0229%,-0.0003,0.9136,-0.2526,-0.0806,1.2220%,1.5707%,39.4732%,0.004504,IBM,12490.0,2019-02-25,252.0,0.1508%,-0.0003,0.913,-0.253,-0.083,1.2216%,1.5705%,39.4931%,-0.0007639999999999,IBM,12490.0,2019-02-26,252.0,0.1864%,-0.0003,0.9125,-0.2548,-0.0843,1.2216%,1.5675%,39.2604%,0.001332,IBM,12490.0,2019-02-27,252.0,-0.3936%,-0.0004,0.9086,-0.2492,-0.0849,1.2208%,1.5627%,38.9714%,-0.004475,IBM,12490.0,2019-02-28,252.0,-0.7473%,-0.0004,0.9087,-0.2493,-0.0838,1.2211%,1.5613%,38.8369%,-0.004919,IBM,12490.0,2019-03-01,252.0,0.7746%,-0.0004,0.9119,-0.2446,-0.0798,1.2208%,1.5619%,38.9076%,0.001501,IBM,12490.0,2019-03-04,252.0,-0.5532%,-0.0004,0.9123,-0.2451,-0.0802,1.2208%,1.5601%,38.7715%,-0.001547,IBM,0.005586,-0.0003959999999999,0.001389,0.005129,-0.0029789999999999
30443,CHIPMOS TECHNOLOGIES INC,"ChipMOS Reports Jan. Sales $50.5M, Up 15.9% Year Over Year",6,increase,0.8,0.6,"the reported increase in sales by 15.9% year over year is a positive indicator of the company's performance, likely leading to an increase in stock price.",2,2019-02-15,IMOS,2019-02-15 11:14:00+00:00,16348.0,16965P20,0.0047876620665192,28352.0,0.0047647361643612,0.0030011546332389,-0.0100770639255642,0.0006006143521517,-0.022155737504363,0.0152439028024673,0.0165340155363082,-0.0072639728896319,0.0090361209586262,0.0018193260766565,0.0,-0.0131657281890511,-0.0047761150635778,0.0042067123576998,-0.0056209005415439,0.0097087286412715,0.0038428192492574,0.0067195296287536,0.0198317263275384,-0.014449113048613,-0.0058926623314619,0.0190184898674488,-0.005334923043847,-0.0048840004019439,0.0047675757668912,-0.0078740799799561,-0.0593120343983173,-0.0131499888375401,0.0100883226841688,0.0108761517331004,-0.0193508379161357,0.0184614919126033,-0.0006365518202073,0.0099440552294254,-0.0175158996134996,-0.0206938609480857,0.0081037273630499,0.014197502285242,0.0154340686276555,0.0024753042962402,0.0284990388900041,0.0068536209873855,0.0504925921559333,0.0087994588539004,0.0298945046961307,-0.007486016023904,-0.0369948558509349,0.0145569927990436,0.0218676626682281,-0.0258939042687416,-0.011567423120141,0.0024721266236156,-0.0157987400889396,0.0049689393490552,-0.0047562383115291,-0.0140844788402319,0.0083631658926606,-0.0115012424066662,0.025473952293396,-0.0299471635371446,-0.0057770297862589,0.0112826917320489,0.0210866760462522,-0.0047281277365982,0.0001195016593555,0.0329670906066894,0.0065433722920715,-0.0042554163374006,0.0178065914660692,-0.0060422043316066,0.0324910320341587,-0.0042118891142308,0.0161376670002937,0.0140330363065004,-0.0312334652990102,-0.023823793977499,-0.0224043633788824,-0.0065087992697954,0.0039127836935222,0.0077518876641988,0.0,-0.0289519391953945,-0.0022271163761615,-0.0264937616884708,-0.0284598339349031,-0.0290093421936035,0.014359563589096,0.0386583469808101,0.0101925432682037,0.0451574698090553,-0.0201794058084487,-0.019801989197731,-0.0028603682294487,-0.0304911937564611,-0.0017212097300216,-0.014468572102487,-0.0143678160384297,-0.0126374419778585,0.0093294372782111,0.03467882797122,-0.0092432033270597,0.0109195709228515,0.0122449556365609,-0.0028653950430452,0.0155529109761118,0.012768498621881,-0.0397049859166145,0.0398310124874115,0.0009449993958696,0.0,0.004957013297826,-0.0504298582673072,-0.0240751523524522,0.0198714286088943,0.0072201518341898,-0.0011674577835947,-0.0525687038898468,0.0073507796041667,0.0441361814737319,-0.0282857622951269,0.0047647361643612,0.0030011546332389,-0.0053603423121197,0.0036035715219364,-0.0273973174792819,0.018902406818426,-0.0023824240189744,0.0133413777356863,0.0107205709614133,0.0060203774767004,0.0309707282520639,-0.0187904594422835,-0.0136987133497658,-0.0451429070605776,2019-02-19,2019-02-20,2019-02-21,2019-02-22,2019-02-25,2019-02-26,2019-02-27,2019-02-28,2019-03-01,2019-03-04,16348.0,2019-02-15,252.0,0.4788%,-0.0002,0.6257,0.1315,-0.0361,2.0610%,2.1705%,9.8355%,-0.002698,IMOS,16348.0,2019-02-19,252.0,0.4765%,-0.0002,0.625,0.1357,-0.0314,2.0609%,2.1693%,9.7490%,0.0032029999999999,IMOS,16348.0,2019-02-20,252.0,-1.0077%,-0.0003,0.6223,0.1317,-0.0404,2.0619%,2.1701%,9.7247%,-0.011491,IMOS,16348.0,2019-02-21,252.0,-2.2156%,-0.0004,0.6287,0.1404,-0.0285,2.0653%,2.1746%,9.7926%,-0.019954,IMOS,16348.0,2019-02-22,252.0,1.6534%,-0.0003,0.6272,0.1379,-0.0485,2.0664%,2.1771%,9.9033%,0.011156,IMOS,16348.0,2019-02-25,252.0,0.9036%,-0.0004,0.6288,0.1352,-0.0441,2.0653%,2.1761%,9.9162%,0.008267,IMOS,16348.0,2019-02-26,252.0,0.0000%,-0.0004,0.6181,0.1428,-0.0483,2.0625%,2.1698%,9.6401%,0.0016259999999999,IMOS,16348.0,2019-02-27,252.0,-0.4776%,-0.0004,0.6208,0.1363,-0.0478,2.0624%,2.1700%,9.6672%,-0.005762,IMOS,16348.0,2019-02-28,252.0,-0.5621%,-0.0004,0.6199,0.1355,-0.0477,2.0624%,2.1691%,9.5905%,-0.0039429999999999,IMOS,16348.0,2019-03-01,252.0,0.3843%,-0.0004,0.6226,0.1396,-0.0431,2.0622%,2.1692%,9.6163%,-0.0012939999999999,IMOS,16348.0,2019-03-04,252.0,1.9832%,-0.0004,0.6309,0.0902,-0.0403,2.0622%,2.1700%,9.6878%,0.0237049999999999,IMOS,0.0005049999999999,-0.010986,-0.03094,-0.011517,0.0028149999999999
30451,JAKKS PACIFIC INC,JAKKS Pacific Globally Launches New Godzilla Toys Inspired by Warner Bros. 'Godzilla: King of the Monsters',6,increase,0.7,0.6,"the launch of new godzilla toys, especially tied to a popular franchise, is likely to boost sales and interest in jakks pacific, positively impacting their stock price.",2,2019-02-15,JAKK,2019-02-15 11:07:00+00:00,83520.0,47012E40,-0.0246305186301469,27806.0,0.0303030014038085,0.0304568242281675,-0.0343136936426162,0.0314136445522308,-0.0101522747427225,0.0105820009484887,0.0512819997966289,0.0106951771304011,-0.0292682647705078,-0.015789458528161,0.0100502418354153,0.0382513292133808,-0.1542288213968277,-0.0161290168762207,-0.0705882385373115,-0.0158730000257492,-0.0126582905650138,0.0216215997934341,-0.0192307513207197,-0.0159574318677187,-0.0326797068119049,0.0162161998450756,-0.0810810849070549,-0.031413584947586,0.0147058684378862,-0.0750605762004852,-0.0144927399232983,0.014742000028491,-0.0073529342189431,-0.0169081389904022,-0.0148148005828261,0.0507613718509674,0.0451127365231514,-0.0100502418354153,-0.0503596663475036,0.015306107699871,-0.1818181872367859,-0.0199999809265136,-0.0370371118187904,0.0,0.0,-0.01960782520473,0.0404808409512043,0.0461538024246692,0.0350244604051113,-0.0579709596931934,-0.0625000447034835,-0.0048076878301799,-0.0380952022969722,-0.0047846846282482,0.0198019612580537,-0.0047619002871215,0.0388350300490856,0.0499999523162841,-0.0186916813254356,0.0362694598734378,-0.0380952022969722,0.015789458528161,0.0198019612580537,0.0555555708706378,0.0,0.2244897335767746,-0.0097087286412715,-0.0516128540039062,0.0294117368757724,0.1231883764266968,0.0190477147698402,-0.0800000056624412,0.02803735435009,-0.101796381175518,-0.0213636048138141,-0.2009569257497787,-0.0524849742650985,-0.0233645737171173,0.0294117368757724,0.0046948310919106,0.009523800574243,-0.0184331610798835,0.0,-0.0045871515758335,0.0188680198043584,0.0046082902699708,-0.0185186099261045,-0.0730457082390785,0.0,0.0837962925434112,0.0283019728958606,-0.0091743031516671,-0.0642202273011207,0.0046082902699708,0.1274509727954865,0.0,-0.0434782207012176,-0.0045871515758335,0.0090909004211425,-0.0267856884747743,-0.0360359996557235,-0.0303030014038085,0.0093457847833633,0.004347822163254,-0.0555556118488311,-0.017094001173973,-0.009803912602365,0.0263157654553651,-0.0099009806290268,0.0,0.059999942779541,-0.0129870008677244,0.0188680198043584,-0.0375000610947608,-0.0462963618338108,0.0084033524617552,0.0,0.0042195059359073,-0.2135922014713287,0.0259740017354488,0.1112345531582832,-0.0170212611556053,-0.1756471544504166,-0.0126051297411322,0.0303030014038085,0.0304568242281675,-0.0050505001454297,0.0628272286308917,-0.0151515008230876,0.0740740673723434,0.0050504993507876,0.0684210518093995,-0.2272727451719615,0.0797872224209026,-0.4797980008365302,0.1277777927834438,-0.625252534785943,-0.1470588756750451,2019-02-19,2019-02-20,2019-02-21,2019-02-22,2019-02-25,2019-02-26,2019-02-27,2019-02-28,2019-03-01,2019-03-04,83520.0,2019-02-15,252.0,-2.4631%,0.0,0.2779,1.1825,0.7906,3.9620%,4.0153%,2.6393%,-0.036098,JAKK,83520.0,2019-02-19,252.0,3.0303%,0.0001,0.2754,1.2076,0.8191,3.9620%,4.0178%,2.7588%,0.023874,JAKK,83520.0,2019-02-20,252.0,-3.4314%,0.0001,0.268,1.2113,0.7981,3.9603%,4.0157%,2.7395%,-0.042098,JAKK,83520.0,2019-02-21,252.0,-1.0152%,0.0,0.2723,1.2187,0.8061,3.9602%,4.0162%,2.7690%,-0.0065769999999999,JAKK,83520.0,2019-02-22,252.0,5.1282%,0.0003,0.2628,1.2734,0.742,3.9698%,4.0270%,2.8218%,0.0545589999999999,JAKK,83520.0,2019-02-25,252.0,-2.9268%,0.0004,0.2582,1.2813,0.729,3.9647%,4.0222%,2.8386%,-0.025116,JAKK,83520.0,2019-02-26,252.0,1.0050%,0.0006,0.2799,1.2317,0.7201,3.9574%,4.0127%,2.7383%,0.020969,JAKK,83520.0,2019-02-27,252.0,-15.4229%,-0.0,0.275,1.1944,0.7188,4.0785%,4.1295%,2.4544%,-0.156057,JAKK,83520.0,2019-02-28,252.0,-7.0588%,-0.0005,0.317,1.221,0.7653,4.0876%,4.1427%,2.6451%,-0.068278,JAKK,83520.0,2019-03-01,252.0,-1.2658%,-0.0005,0.3072,1.2064,0.7571,4.0881%,4.1412%,2.5475%,-0.01551,JAKK,83520.0,2019-03-04,252.0,-1.9231%,-0.0007,0.3268,1.1551,0.7489,4.0821%,4.1326%,2.4272%,-0.01585,JAKK,-0.0122239999999999,-0.054322,-0.060899,-0.031456,-0.266182
30459,J D COM INC,"JD.com to Report Q4, FY 2018 Financial Results on February 28, 2019 Before Market Open",6,uncertain,0.5,0.5,"the announcement of financial results can lead to varying reactions based on the actual performance compared to market expectations, making the impact on stock price uncertain.",1,2019-02-15,JD,2019-02-15 11:09:00+00:00,14655.0,47215P10,-0.0152075970545411,11484061.0,0.0283806473016738,-0.0113775162026286,0.0016234138747677,-0.0028362923767417,-0.0166126359254121,0.0164744481444358,0.0692212730646133,0.0120884086936712,0.0092485453933477,0.000417023722548,0.0152729898691177,-0.045002032071352,-0.0233170688152313,-0.0121951010078191,0.0670003816485405,0.0465211644768714,0.0368098318576812,-0.0138042327016592,0.0055690864101052,-0.0088531672954559,0.01592249982059,0.008522767573595,-0.0109028853476047,0.0476190000772476,-0.0409920960664749,-0.0084316553547978,-0.0283764693886041,0.0038087242282927,0.0210721492767334,0.0692307129502296,0.0177407581359148,0.0059172087348997,0.0007114390027709,0.0133763374760747,-0.0085318088531494,-0.0679277703166008,0.0014342386275529,0.050587210804224,0.0075187641195952,-0.0085087567567825,0.0060412255115807,0.003595502115786,-0.0081243216991424,0.0095280883833765,0.0242165345698595,-0.0367132127285003,-0.0264255981892347,-0.0222222413867712,0.0139285493642091,-0.0122414901852607,0.0147939445450902,0.0322439968585968,0.0121485730633139,0.0083480020985007,0.0085733886808156,0.0220026839524507,0.0251615028828382,0.0943489000201225,0.0368159413337707,-0.0432534106075763,-0.0310300476849079,0.0162446312606334,0.0006602360517717,-0.035928089171648,-0.0019795270636677,0.0004607521404977,0.032727263867855,0.0284360367804765,-0.014404572546482,0.0683544501662254,0.003572546178475,-0.0630929768085479,-0.0236245803534984,0.0587644428014755,0.0009943880140781,-0.0128904422745108,0.0122516201809048,-0.0413498468697071,-0.0297677423804998,-0.0145198814570903,0.0084288604557514,-0.036986906081438,-0.0020060001406818,-0.0237780287861824,0.0053601288236677,0.0374600142240524,-0.0119960214942693,0.0468675047159194,0.0043845218606293,0.0195026621222496,-0.004029578063637,-0.0200668927282095,-0.0144976498559117,-0.0141309108585119,-0.0034211557358503,-0.0102564664557576,0.0252317413687706,-0.0254429560154676,0.0135610476136207,0.036740493029356,-0.0023125105071812,0.0123986760154366,-0.0069536748342216,-0.0191767942160368,0.0020006489939987,0.0259116608649492,-0.0449250750243663,0.0185728780925273,-0.0547038875520229,0.0617539472877979,-0.0088462876155972,-0.0526056885719299,0.0230569299310445,0.0436121299862861,0.0239912699908018,-0.0767409205436706,0.000354995689122,-0.0841648057103157,0.0528743714094162,-0.0475207231938839,0.0283806473016738,-0.0113775162026286,0.0300501347130459,-0.0141815386168986,0.0129382868401364,0.0020592765049849,0.0930718494443194,0.0145955125986851,0.20575961961907,-0.0209255713921107,0.3046745176738097,0.1438645682601032,0.2383139081006644,0.0053718515842418,2019-02-19,2019-02-20,2019-02-21,2019-02-22,2019-02-25,2019-02-26,2019-02-27,2019-02-28,2019-03-01,2019-03-04,14655.0,2019-02-15,252.0,-1.5208%,-0.0029,1.3503,-0.1028,-0.9235,2.3611%,2.9294%,35.0387%,-0.026909,JD,14655.0,2019-02-19,252.0,2.8381%,-0.0027,1.3613,-0.0896,-0.9095,2.3678%,2.9354%,34.9341%,0.028784,JD,14655.0,2019-02-20,252.0,0.1623%,-0.0027,1.3642,-0.0785,-0.898,2.3672%,2.9344%,34.9222%,0.004137,JD,14655.0,2019-02-21,252.0,-1.6613%,-0.0028,1.3738,-0.0612,-0.8801,2.3649%,2.9346%,35.0583%,-0.013786,JD,14655.0,2019-02-22,252.0,6.9221%,-0.0027,1.3674,-0.0718,-0.9672,2.3835%,2.9686%,35.5337%,0.04759,JD,14655.0,2019-02-25,252.0,0.9249%,-0.0027,1.3688,-0.0743,-0.9632,2.3827%,2.9678%,35.5389%,0.00517,JD,14655.0,2019-02-26,252.0,1.5273%,-0.0026,1.3708,-0.099,-0.9743,2.3843%,2.9686%,35.4906%,0.013709,JD,14655.0,2019-02-27,252.0,-2.3317%,-0.0027,1.3724,-0.1085,-0.9741,2.3885%,2.9708%,35.3576%,-0.025632,JD,14655.0,2019-02-28,252.0,6.7000%,-0.0023,1.349,-0.1222,-1.0078,2.4282%,2.9946%,34.2527%,0.068741,JD,14655.0,2019-03-01,252.0,3.6810%,-0.0023,1.3642,-0.0996,-0.9961,2.4314%,3.0043%,34.5009%,0.023331,JD,14655.0,2019-03-04,252.0,0.5569%,-0.0022,1.3616,-0.1077,-0.9917,2.4341%,3.0023%,34.2688%,0.016059,JD,0.0018749999999999,0.0060119999999999,-0.007774,0.044986,0.141194
30467,COCA COLA CO,UPDATE: Citigroup Downgrades Coca-Cola And Lowers Price Target From $56 To $50 As Firm Notes 'we simply believe KO's shares are fully-valued given the lack of near-term EPS growth on a dollar-basis at the company',6,decrease,0.8,0.7,"the downgrade and lowered price target from citigroup suggest a negative outlook on coca-cola's stock, likely leading to a decrease in its price.",0,2019-02-15,KO,2019-02-15 15:41:00+00:00,11308.0,19121610,-0.0076770884916186,35701558.0,-0.009062772616744,-0.0843543037772178,0.0060226772911846,0.0026178224943578,0.0168514885008335,0.0010078459745272,-0.0126472264528274,0.002222234616056,-0.0075088376179337,0.0016188148874789,-0.0055629732087254,0.0032480685040354,0.0055940928868949,0.0,0.0089007904753088,0.0002030116011155,0.0008822433883324,0.0112936189398169,0.0059497677721083,0.0118429185822606,-0.0010953571181744,0.0056414636783301,-0.0032894236501306,0.0097046215087175,-0.0037404175382107,0.0048760520294308,-0.0097172847017645,-0.0042220978066325,0.0298840347677469,-0.0067099956795573,-0.0028150945436209,-0.0120157822966575,0.0036916825920343,0.0115255499258637,-0.0025962884537875,0.00231045181863,-0.0087527688592672,0.0116871912032365,0.0024282694794237,0.0029838706832379,0.0033032707870006,-0.0136641059070825,-0.0006585292867384,0.0089077018201351,-0.0004392808768898,-0.0040134903974831,0.0092287845909595,0.005736147519201,0.0021771930623799,0.0107365259900689,0.0132522406056523,-0.0191659610718488,-0.000643198553007,0.0112885786220431,-0.0006436125258915,-0.0130334021523594,0.0060111372731626,0.0199399720877409,-0.0029876097105443,-0.0061794356442987,-0.0032106491271406,-0.0088700773194432,-0.0083744768053293,0.0031779175624251,0.0064963023178279,-0.0069429418072104,-0.0002151101944036,0.0125692412257194,0.0017214980907738,0.0213228799402713,0.0025778503622859,-0.0338448733091354,-0.0006427851039916,0.0006310218595899,0.0015008511254563,-0.0075156702660024,0.0006423162994906,-0.0086920149624347,0.0055626509711146,-0.0002069550100713,-0.0010638135718181,-0.0204701721668243,0.0070287114940583,-0.0026278768200427,0.0042301346547901,0.005079235881567,-0.0016848782543092,-0.0064594205468893,0.0170885547995567,0.0060925921425223,-0.0047707851044833,0.0030556432902812,-0.00291786971502,-0.0058728414587676,0.0087792258709669,-0.0040338998660445,0.0033153719268739,-0.0022136606276035,0.0132177453488111,-0.0140873584896326,-0.0095801306888461,0.0289914663881063,-0.0041160890832543,-0.0068396613933146,0.0068196286447346,0.0068867765367031,-0.0051313629373908,0.0102312257513403,-0.0096967443823814,-0.0030600065365433,-0.0031250317115336,0.0059511782601475,-0.0094043249264359,-0.0131632545962929,0.016666604205966,-0.0223717540502548,-0.0029051543679088,0.0067769614979624,0.0133194467052817,0.0086448825895786,-0.009062772616744,-0.0843543037772178,-0.0030946774803933,-0.0819573058767839,0.0137046610984654,-0.0810320602430676,-0.0066313675532816,-0.0774989530114577,0.0090627717708802,-0.0527737576272684,0.0417534739206058,-0.0285531686598079,0.0856800904471808,-0.0761357873554883,2019-02-19,2019-02-20,2019-02-21,2019-02-22,2019-02-25,2019-02-26,2019-02-27,2019-02-28,2019-03-01,2019-03-04,11308.0,2019-02-15,252.0,-0.7677%,0.0003,0.4112,-0.4876,0.1256,0.9307%,1.0493%,21.3183%,-0.011849,KO,11308.0,2019-02-19,252.0,-0.9063%,0.0002,0.4061,-0.4887,0.1248,0.9302%,1.0465%,20.9891%,-0.008907,KO,11308.0,2019-02-20,252.0,0.6023%,0.0002,0.4071,-0.4891,0.1276,0.9302%,1.0468%,21.0454%,0.00554,KO,11308.0,2019-02-21,252.0,1.6851%,0.0003,0.3952,-0.5092,0.1057,0.9272%,1.0426%,20.9028%,0.018209,KO,11308.0,2019-02-22,252.0,-1.2647%,0.0003,0.3964,-0.4986,0.129,0.9279%,1.0414%,20.6243%,-0.010961,KO,11308.0,2019-02-25,252.0,-0.7509%,0.0003,0.3969,-0.4933,0.1339,0.9294%,1.0424%,20.5010%,-0.009267,KO,11308.0,2019-02-26,252.0,-0.5563%,0.0002,0.3963,-0.4815,0.1394,0.9304%,1.0404%,20.0240%,-0.007743,KO,11308.0,2019-02-27,252.0,0.5594%,0.0003,0.3997,-0.4858,0.14,0.9300%,1.0409%,20.1766%,0.00622,KO,11308.0,2019-02-28,252.0,0.8901%,0.0004,0.3946,-0.489,0.1339,0.9315%,1.0406%,19.8626%,0.010487,KO,11308.0,2019-03-01,252.0,0.0882%,0.0004,0.3903,-0.4953,0.1274,0.9305%,1.0388%,19.7708%,-9.5e-05,KO,11308.0,2019-03-04,252.0,0.5950%,0.0003,0.3963,-0.5198,0.1269,0.9267%,1.0391%,20.4559%,0.005411,KO,-0.020756,-0.015216,0.0029929999999999,-0.017235,-0.002955
30475,COCA COLA CO,The Street's Reaction To Coca-Cola's Dip,6,uncertain,0.5,0.5,"the reaction to coca-cola's dip could vary based on investor sentiment and market conditions, making the impact on stock price uncertain.",1,2019-02-15,KO,2019-02-15 14:25:00+00:00,11308.0,19121610,-0.0076770884916186,35701558.0,-0.009062772616744,-0.0843543037772178,0.0060226772911846,0.0026178224943578,0.0168514885008335,0.0010078459745272,-0.0126472264528274,0.002222234616056,-0.0075088376179337,0.0016188148874789,-0.0055629732087254,0.0032480685040354,0.0055940928868949,0.0,0.0089007904753088,0.0002030116011155,0.0008822433883324,0.0112936189398169,0.0059497677721083,0.0118429185822606,-0.0010953571181744,0.0056414636783301,-0.0032894236501306,0.0097046215087175,-0.0037404175382107,0.0048760520294308,-0.0097172847017645,-0.0042220978066325,0.0298840347677469,-0.0067099956795573,-0.0028150945436209,-0.0120157822966575,0.0036916825920343,0.0115255499258637,-0.0025962884537875,0.00231045181863,-0.0087527688592672,0.0116871912032365,0.0024282694794237,0.0029838706832379,0.0033032707870006,-0.0136641059070825,-0.0006585292867384,0.0089077018201351,-0.0004392808768898,-0.0040134903974831,0.0092287845909595,0.005736147519201,0.0021771930623799,0.0107365259900689,0.0132522406056523,-0.0191659610718488,-0.000643198553007,0.0112885786220431,-0.0006436125258915,-0.0130334021523594,0.0060111372731626,0.0199399720877409,-0.0029876097105443,-0.0061794356442987,-0.0032106491271406,-0.0088700773194432,-0.0083744768053293,0.0031779175624251,0.0064963023178279,-0.0069429418072104,-0.0002151101944036,0.0125692412257194,0.0017214980907738,0.0213228799402713,0.0025778503622859,-0.0338448733091354,-0.0006427851039916,0.0006310218595899,0.0015008511254563,-0.0075156702660024,0.0006423162994906,-0.0086920149624347,0.0055626509711146,-0.0002069550100713,-0.0010638135718181,-0.0204701721668243,0.0070287114940583,-0.0026278768200427,0.0042301346547901,0.005079235881567,-0.0016848782543092,-0.0064594205468893,0.0170885547995567,0.0060925921425223,-0.0047707851044833,0.0030556432902812,-0.00291786971502,-0.0058728414587676,0.0087792258709669,-0.0040338998660445,0.0033153719268739,-0.0022136606276035,0.0132177453488111,-0.0140873584896326,-0.0095801306888461,0.0289914663881063,-0.0041160890832543,-0.0068396613933146,0.0068196286447346,0.0068867765367031,-0.0051313629373908,0.0102312257513403,-0.0096967443823814,-0.0030600065365433,-0.0031250317115336,0.0059511782601475,-0.0094043249264359,-0.0131632545962929,0.016666604205966,-0.0223717540502548,-0.0029051543679088,0.0067769614979624,0.0133194467052817,0.0086448825895786,-0.009062772616744,-0.0843543037772178,-0.0030946774803933,-0.0819573058767839,0.0137046610984654,-0.0810320602430676,-0.0066313675532816,-0.0774989530114577,0.0090627717708802,-0.0527737576272684,0.0417534739206058,-0.0285531686598079,0.0856800904471808,-0.0761357873554883,2019-02-19,2019-02-20,2019-02-21,2019-02-22,2019-02-25,2019-02-26,2019-02-27,2019-02-28,2019-03-01,2019-03-04,11308.0,2019-02-15,252.0,-0.7677%,0.0003,0.4112,-0.4876,0.1256,0.9307%,1.0493%,21.3183%,-0.011849,KO,11308.0,2019-02-19,252.0,-0.9063%,0.0002,0.4061,-0.4887,0.1248,0.9302%,1.0465%,20.9891%,-0.008907,KO,11308.0,2019-02-20,252.0,0.6023%,0.0002,0.4071,-0.4891,0.1276,0.9302%,1.0468%,21.0454%,0.00554,KO,11308.0,2019-02-21,252.0,1.6851%,0.0003,0.3952,-0.5092,0.1057,0.9272%,1.0426%,20.9028%,0.018209,KO,11308.0,2019-02-22,252.0,-1.2647%,0.0003,0.3964,-0.4986,0.129,0.9279%,1.0414%,20.6243%,-0.010961,KO,11308.0,2019-02-25,252.0,-0.7509%,0.0003,0.3969,-0.4933,0.1339,0.9294%,1.0424%,20.5010%,-0.009267,KO,11308.0,2019-02-26,252.0,-0.5563%,0.0002,0.3963,-0.4815,0.1394,0.9304%,1.0404%,20.0240%,-0.007743,KO,11308.0,2019-02-27,252.0,0.5594%,0.0003,0.3997,-0.4858,0.14,0.9300%,1.0409%,20.1766%,0.00622,KO,11308.0,2019-02-28,252.0,0.8901%,0.0004,0.3946,-0.489,0.1339,0.9315%,1.0406%,19.8626%,0.010487,KO,11308.0,2019-03-01,252.0,0.0882%,0.0004,0.3903,-0.4953,0.1274,0.9305%,1.0388%,19.7708%,-9.5e-05,KO,11308.0,2019-03-04,252.0,0.5950%,0.0003,0.3963,-0.5198,0.1269,0.9267%,1.0391%,20.4559%,0.005411,KO,-0.020756,-0.015216,0.0029929999999999,-0.017235,-0.002955
30483,COCA COLA CO,Citigroup Downgrades Coca-Cola to Neutral,6,decrease,0.8,0.6,"a downgrade from citigroup typically signals reduced expectations for the company's performance, which can lead to a decline in stock price.",0,2019-02-15,KO,2019-02-15 12:01:00+00:00,11308.0,19121610,-0.0076770884916186,35701558.0,-0.009062772616744,-0.0843543037772178,0.0060226772911846,0.0026178224943578,0.0168514885008335,0.0010078459745272,-0.0126472264528274,0.002222234616056,-0.0075088376179337,0.0016188148874789,-0.0055629732087254,0.0032480685040354,0.0055940928868949,0.0,0.0089007904753088,0.0002030116011155,0.0008822433883324,0.0112936189398169,0.0059497677721083,0.0118429185822606,-0.0010953571181744,0.0056414636783301,-0.0032894236501306,0.0097046215087175,-0.0037404175382107,0.0048760520294308,-0.0097172847017645,-0.0042220978066325,0.0298840347677469,-0.0067099956795573,-0.0028150945436209,-0.0120157822966575,0.0036916825920343,0.0115255499258637,-0.0025962884537875,0.00231045181863,-0.0087527688592672,0.0116871912032365,0.0024282694794237,0.0029838706832379,0.0033032707870006,-0.0136641059070825,-0.0006585292867384,0.0089077018201351,-0.0004392808768898,-0.0040134903974831,0.0092287845909595,0.005736147519201,0.0021771930623799,0.0107365259900689,0.0132522406056523,-0.0191659610718488,-0.000643198553007,0.0112885786220431,-0.0006436125258915,-0.0130334021523594,0.0060111372731626,0.0199399720877409,-0.0029876097105443,-0.0061794356442987,-0.0032106491271406,-0.0088700773194432,-0.0083744768053293,0.0031779175624251,0.0064963023178279,-0.0069429418072104,-0.0002151101944036,0.0125692412257194,0.0017214980907738,0.0213228799402713,0.0025778503622859,-0.0338448733091354,-0.0006427851039916,0.0006310218595899,0.0015008511254563,-0.0075156702660024,0.0006423162994906,-0.0086920149624347,0.0055626509711146,-0.0002069550100713,-0.0010638135718181,-0.0204701721668243,0.0070287114940583,-0.0026278768200427,0.0042301346547901,0.005079235881567,-0.0016848782543092,-0.0064594205468893,0.0170885547995567,0.0060925921425223,-0.0047707851044833,0.0030556432902812,-0.00291786971502,-0.0058728414587676,0.0087792258709669,-0.0040338998660445,0.0033153719268739,-0.0022136606276035,0.0132177453488111,-0.0140873584896326,-0.0095801306888461,0.0289914663881063,-0.0041160890832543,-0.0068396613933146,0.0068196286447346,0.0068867765367031,-0.0051313629373908,0.0102312257513403,-0.0096967443823814,-0.0030600065365433,-0.0031250317115336,0.0059511782601475,-0.0094043249264359,-0.0131632545962929,0.016666604205966,-0.0223717540502548,-0.0029051543679088,0.0067769614979624,0.0133194467052817,0.0086448825895786,-0.009062772616744,-0.0843543037772178,-0.0030946774803933,-0.0819573058767839,0.0137046610984654,-0.0810320602430676,-0.0066313675532816,-0.0774989530114577,0.0090627717708802,-0.0527737576272684,0.0417534739206058,-0.0285531686598079,0.0856800904471808,-0.0761357873554883,2019-02-19,2019-02-20,2019-02-21,2019-02-22,2019-02-25,2019-02-26,2019-02-27,2019-02-28,2019-03-01,2019-03-04,11308.0,2019-02-15,252.0,-0.7677%,0.0003,0.4112,-0.4876,0.1256,0.9307%,1.0493%,21.3183%,-0.011849,KO,11308.0,2019-02-19,252.0,-0.9063%,0.0002,0.4061,-0.4887,0.1248,0.9302%,1.0465%,20.9891%,-0.008907,KO,11308.0,2019-02-20,252.0,0.6023%,0.0002,0.4071,-0.4891,0.1276,0.9302%,1.0468%,21.0454%,0.00554,KO,11308.0,2019-02-21,252.0,1.6851%,0.0003,0.3952,-0.5092,0.1057,0.9272%,1.0426%,20.9028%,0.018209,KO,11308.0,2019-02-22,252.0,-1.2647%,0.0003,0.3964,-0.4986,0.129,0.9279%,1.0414%,20.6243%,-0.010961,KO,11308.0,2019-02-25,252.0,-0.7509%,0.0003,0.3969,-0.4933,0.1339,0.9294%,1.0424%,20.5010%,-0.009267,KO,11308.0,2019-02-26,252.0,-0.5563%,0.0002,0.3963,-0.4815,0.1394,0.9304%,1.0404%,20.0240%,-0.007743,KO,11308.0,2019-02-27,252.0,0.5594%,0.0003,0.3997,-0.4858,0.14,0.9300%,1.0409%,20.1766%,0.00622,KO,11308.0,2019-02-28,252.0,0.8901%,0.0004,0.3946,-0.489,0.1339,0.9315%,1.0406%,19.8626%,0.010487,KO,11308.0,2019-03-01,252.0,0.0882%,0.0004,0.3903,-0.4953,0.1274,0.9305%,1.0388%,19.7708%,-9.5e-05,KO,11308.0,2019-03-04,252.0,0.5950%,0.0003,0.3963,-0.5198,0.1269,0.9267%,1.0391%,20.4559%,0.005411,KO,-0.020756,-0.015216,0.0029929999999999,-0.017235,-0.002955
30491,LILLY ELI & CO,"Bayer To Obtain Full Rights To Global Development And Commercialization Of Oncology Compounds VITRAKVI And AND BAY 2731954, Will Be Solely Responsible For Global Development And Commercialization Of Both",6,decrease,0.8,0.6,"bayer obtaining full rights to key oncology compounds suggests a loss of potential revenue and market position for lilly eli & co, likely leading to a decrease in stock price.",0,2019-02-15,LLY,2019-02-15 14:40:00+00:00,50876.0,53245710,0.0143271498382091,10366435.0,-0.0028576592449098,0.0145841911435127,0.004339690785855,0.0013390548992902,0.0004891370772384,0.0125412736088037,0.0104302372783422,-0.0132942842319607,-0.0008871016907505,0.0178723279386758,0.0062958979979157,-0.0148402508348226,0.0081014046445488,-0.0096321813762187,0.0048536011017858,0.0021636192686855,0.0201915856450796,-0.0059558376669883,-0.0107109379023313,0.0085933487862348,0.0080810170620679,0.0249700546264648,-0.0140867391601204,0.010630052536726,-0.0026839592028409,0.0059115039184689,0.0028494587168097,0.000521854031831,-0.0252564884722232,-0.000173898981302,0.0,-0.031989250332117,0.0065586846321821,0.0145187862217426,-0.0098945843055844,0.0042885327711701,0.0069873300381004,-0.0215677004307508,0.0104889087378978,0.0202054847031831,0.0107792913913726,-0.0024766700807958,0.0124023016542196,0.0210149642080068,0.0011703643249347,-0.0129110002890229,-7.789344090269879e-05,0.002070017857477,0.0122368829324841,-0.0108352247625589,0.0088550793007016,0.0074781053699553,-0.0171729493886232,0.0091949822381138,0.0013977842172607,0.0054072481580078,0.0062814857810735,0.0300961825996637,-0.0054715741425752,-0.0310759041458368,0.0020922452677041,-0.0072589349001646,-0.017553387209773,0.0133100198581814,-0.0113341389223933,0.0116041945293545,0.0109863644465804,0.0162031073123216,0.0013387338258326,0.0406557023525238,0.0006290830206125,-0.0244013722985982,-0.0003929222293663,0.0011894706403836,-0.0160390045493841,0.0016497140750288,-0.0166999921202659,0.0245070476084947,0.0082886749878525,-0.0171650107949972,-0.0332044064998626,-0.0318949297070503,-0.0288429409265518,-0.0255093183368444,-0.0111588248983025,0.0045478772372007,0.0023437871132045,-0.0013974119210615,0.0174936912953853,0.0035936862695962,0.0043408130295574,0.0044901785440742,0.0019491809653118,-0.0195096209645271,0.0138712618499994,-0.0058359107933938,-0.002252475824207,-0.0168747901916503,-0.0214046612381935,-0.0010114863980561,0.0097402548417449,0.0140170883387327,0.0023692569229751,0.0127239786088466,-0.013084546662867,0.0114690735936164,-0.0022239510435611,0.0163730550557375,-0.014659228734672,-0.004341326188296,0.0113972295075655,0.0057025696150958,-0.0038709414657205,-0.0217050015926361,0.0036269270349293,-0.0094119366258382,-0.0159180723130703,0.0173943229019641,0.0049838214181363,0.0145276729017496,-0.0028576592449098,0.0145841911435127,0.0014696301834509,0.0159427750754057,0.0019594861113019,0.0286839913885137,0.011512050528911,0.0331489365431525,0.0406596628732403,0.0128066032479512,0.0536414058154626,0.0567113772798661,-0.0615610782982004,0.0819519032824807,2019-02-19,2019-02-20,2019-02-21,2019-02-22,2019-02-25,2019-02-26,2019-02-27,2019-02-28,2019-03-01,2019-03-04,50876.0,2019-02-15,252.0,1.4327%,0.002,0.7327,-0.5909,0.1573,1.1128%,1.3709%,34.1176%,0.006639,LLY,50876.0,2019-02-19,252.0,-0.2858%,0.0019,0.731,-0.5931,0.155,1.1131%,1.3696%,33.9407%,-0.003108,LLY,50876.0,2019-02-20,252.0,0.4340%,0.0019,0.7303,-0.6,0.151,1.1106%,1.3681%,34.0970%,0.003303,LLY,50876.0,2019-02-21,252.0,0.0489%,0.002,0.7238,-0.6129,0.1391,1.1053%,1.3623%,34.1787%,0.003018,LLY,50876.0,2019-02-22,252.0,1.0430%,0.002,0.7228,-0.6185,0.1217,1.1061%,1.3633%,34.1684%,0.011041,LLY,50876.0,2019-02-25,252.0,-0.0887%,0.002,0.7221,-0.6165,0.1203,1.1060%,1.3628%,34.1303%,-0.0034599999999999,LLY,50876.0,2019-02-26,252.0,0.6296%,0.002,0.7188,-0.6158,0.1182,1.1057%,1.3582%,33.7300%,0.003803,LLY,50876.0,2019-02-27,252.0,0.8101%,0.002,0.7167,-0.6102,0.1178,1.1060%,1.3549%,33.3646%,0.008666,LLY,50876.0,2019-02-28,252.0,0.4854%,0.002,0.7087,-0.6155,0.1108,1.1036%,1.3489%,33.0626%,0.0073919999999999,LLY,50876.0,2019-03-01,252.0,2.0192%,0.0022,0.701,-0.6269,0.0919,1.1019%,1.3455%,32.9388%,0.017227,LLY,50876.0,2019-03-04,252.0,-1.0711%,0.0021,0.7052,-0.6296,0.0883,1.1039%,1.3468%,32.8159%,-0.010021,LLY,0.003531,0.006834,0.009852,0.017433,0.0445
30499,MASTERCARD INC,"Visa, Mastercard Plan to Raise Certain Existing Fees in April",6,decrease,0.7,0.6,"raising fees may lead to customer dissatisfaction and potential loss of business, negatively impacting mastercard's stock price.",0,2019-02-15,MA,2019-02-15 11:18:00+00:00,91233.0,57636Q10,0.0104635963216424,2758470.0,-0.0068434751592576,-0.0033100377768278,0.0023573338985443,0.0074459346942603,-0.0081407586112618,0.0083371605724096,0.0182846654206514,0.002400980098173,0.0,0.0121979741379618,0.0030449249316006,-0.0061774351634085,0.0025446754880249,-0.0025942628271877,0.0008905772701837,0.0044204406440258,0.0110334819182753,0.0053328312933444,-0.0042244521901011,0.0125041408464312,-0.0003093025297857,0.0348495282232761,-0.0077358321286737,0.023991160094738,-0.0091771623119711,-0.0045963139273226,-0.0024279868230223,-0.0136986235156655,0.0169919524341821,0.0157666020095348,0.0057614035904407,0.0072598294354975,0.0068740528076887,-0.0055650286376476,0.004420107230544,-0.0125742238014936,0.0072328164242208,0.0134965758770704,-0.0033741348888725,0.0077867889776825,0.0026910677552223,0.0063606756739318,-0.0048482539132237,0.0055775041691958,0.026012422516942,-0.0023991896305233,-0.0216644797474145,-0.0053313178941607,-0.0014733764110133,0.0060274438001215,0.0124554950743913,0.0181506425142288,-0.0033005659934133,0.0072691012173891,0.0100636342540383,0.0076939649879932,0.0025121192447841,0.0473562330007553,0.0152898961678147,-0.0451144315302372,0.0008784415549598,0.0057779573835432,-0.0013792603276669,0.0133755384013056,-0.0120118660852313,-0.0134082287549972,0.0024146714713424,0.0121225649490952,-0.0001267827319679,0.0674491822719574,-0.0015236830804497,-0.003082416485995,0.0048747146502137,-0.0411581397056579,-0.0043027261272072,-0.0235677026212215,0.0118200667202472,-0.0234330426901578,0.0013398319715633,0.0060908566229045,0.0039305980317294,-0.0249833855777978,0.0037902605254203,-0.0182448979467153,-0.0004564340633805,-0.0066403048112988,0.0089667635038495,0.0128956595435738,0.0018103370675817,-0.0016156319761648,0.007392450235784,0.0079389186576008,0.0013046081876382,-0.0319720432162284,0.0043564676307141,0.0124694490805268,0.0018242752412334,-0.0446487888693809,0.0287702847272157,0.0437160842120647,-0.0215937905013561,0.0224245078861713,-0.006271346937865,-0.0277832467108964,0.0030745358671993,0.0481915399432182,0.002782829105854,0.0058899638243019,-0.0143983345478773,0.0506571717560291,0.0011017884826287,-0.0269636437296867,-8.154025999829173e-05,0.0032075596973299,0.0086421063169837,-0.0117286620661616,-0.0244513116776943,-0.0490353442728519,0.0188913643360137,-0.0083205290138721,-0.0068434751592576,-0.0033100377768278,-0.00450227361669,0.0041112505923106,-0.0126063803052366,0.0124826873210617,0.0054477816693681,0.0272935284129103,0.0188194710190416,0.0411120746484474,0.0762685264172899,0.160468223393833,0.1088357479340758,0.0970417098205653,2019-02-19,2019-02-20,2019-02-21,2019-02-22,2019-02-25,2019-02-26,2019-02-27,2019-02-28,2019-03-01,2019-03-04,91233.0,2019-02-15,252.0,1.0464%,0.0006,1.1867,-0.3408,-0.8976,0.8855%,1.7838%,75.3583%,0.002126,MA,91233.0,2019-02-19,252.0,-0.6843%,0.0006,1.1881,-0.3483,-0.9062,0.8847%,1.7831%,75.3837%,-0.0055169999999999,MA,91233.0,2019-02-20,252.0,0.2357%,0.0006,1.1889,-0.3498,-0.9043,0.8841%,1.7829%,75.4099%,0.00575,MA,91233.0,2019-02-21,252.0,-0.8141%,0.0005,1.1911,-0.3469,-0.9003,0.8850%,1.7837%,75.3813%,-0.006167,MA,91233.0,2019-02-22,252.0,1.8285%,0.0005,1.1908,-0.3365,-0.8933,0.8836%,1.7832%,75.4448%,-0.000884,MA,91233.0,2019-02-25,252.0,0.0000%,0.0005,1.1908,-0.3341,-0.8922,0.8842%,1.7832%,75.4136%,-0.004369,MA,91233.0,2019-02-26,252.0,0.3045%,0.0005,1.1942,-0.3363,-0.8908,0.8836%,1.7807%,75.3792%,-0.0002319999999999,MA,91233.0,2019-02-27,252.0,0.2545%,0.0006,1.1961,-0.3396,-0.8904,0.8831%,1.7794%,75.3665%,0.00094,MA,91233.0,2019-02-28,252.0,0.0891%,0.0006,1.1974,-0.3386,-0.8899,0.8830%,1.7777%,75.3294%,0.00234,MA,91233.0,2019-03-01,252.0,1.1033%,0.0005,1.2018,-0.3321,-0.8827,0.8817%,1.7788%,75.4298%,-0.0002549999999999,MA,91233.0,2019-03-04,252.0,-0.4224%,0.0005,1.2032,-0.34,-0.8824,0.8816%,1.7769%,75.3820%,0.004049,MA,-0.0033909999999999,0.002359,-0.0038079999999999,-0.009061,-0.0022189999999999
30507,MOODYS CORP,"Moody's shares are trading higher despite a Q4 EPS and sales miss, after the company provided inline FY19 EPS guidance.",6,uncertain,0.6,0.3,"while moody's shares are trading higher despite missing eps and sales expectations, the inline fy19 eps guidance does not provide a clear positive or negative signal, leading to uncertainty in the stock's future performance.",1,2019-02-15,MCO,2019-02-15 16:07:00+00:00,48506.0,61536910,0.0337751097977161,2228820.0,-0.007680419832468,-0.0053459987975656,0.0089306971058249,0.0089488616213202,0.0067272474989295,0.0083435773849487,0.0152402743697166,0.0047817444428801,-0.0011580599239096,0.0016795488772913,-5.793917080154642e-05,-0.005813249386847,0.0064351591281592,-0.0065737375989556,-0.0027650401461869,0.0130703067407012,0.0147296851500868,0.0029338405001908,-0.0195252038538456,0.0106618041172623,-0.0068509513512253,0.0130375996232032,-0.0053197923116385,0.0085729137063026,-0.0046429228968918,-0.0047472766600549,0.0034246682189404,-0.0041525196284055,0.0094150332733988,0.0156371910125017,0.0051882909610867,-0.0044570923782885,0.0065534124150872,-0.0043092244304716,0.0081815980374813,-0.0245922096073627,0.0097725838422775,0.0097554372623562,0.0072443191893398,0.0158301591873168,0.003708510659635,0.0141617059707641,-0.0077254930511116,0.0268730353564024,0.0267419219017028,0.0016781901940703,-0.0225287433713674,-0.0004696193500421,-0.0026982726994901,0.0181022882461547,0.0028183304239064,0.0033585024066269,-0.0003934985143132,0.0145330391824245,0.0087157171219587,0.0036990423686802,0.0094765424728393,0.0521369241178035,0.0187199711799621,-0.033155933022499,0.003089805599302,0.0057841534726321,0.0063226055353879,0.004951468668878,0.0032756987493485,-0.0042871800251305,0.0021945280022919,0.0241493098437786,-0.0003738908562809,0.0564359277486801,-0.0027247662656009,-0.0243626162409782,-0.0073931473307311,-0.0299260728061199,-0.0001619105169083,-0.0202867519110441,0.0100404890254139,-0.0189873203635215,0.0112233767285943,0.0057288180105388,0.0070291557349264,-0.0283810105174779,-0.0134879406541585,-0.0230278130620718,0.0057987780310213,0.0035033638123422,-0.0051306528039276,0.0207687839865684,0.0029241484589874,-0.0023327365051954,0.0303752962499856,-0.0002057811798295,-0.0058650998398661,-0.0270955525338649,0.0120581788942217,-0.0171203725039959,-0.0043976306915283,-0.036346398293972,0.009861315600574,-0.0054693552665412,-0.0138337975367903,0.0155133297666907,-0.0058276928029954,-0.0130427023395896,0.0190382227301597,0.0392901562154293,0.00407250598073,-0.0078611709177494,-0.0233218725770711,0.024835180491209,-0.0032184130977839,-0.0037807913031429,-0.0163524597883224,0.0336646437644958,0.0005823835381306,-0.0128213530406355,-0.0289962999522686,0.0063837179914116,0.0176012814044952,-0.0014241604367271,-0.007680419832468,-0.0053459987975656,0.0011816857701876,0.0035550222202873,0.007916882761759,0.0119282612082363,0.0220927955711234,0.0184747534943199,0.0205522833059019,0.0329316867106956,0.0930763761346851,0.1624422347999894,0.1064673316447888,0.1136845834507453,2019-02-19,2019-02-20,2019-02-21,2019-02-22,2019-02-25,2019-02-26,2019-02-27,2019-02-28,2019-03-01,2019-03-04,48506.0,2019-02-15,252.0,3.3775%,0.0,1.1348,-0.1282,-0.0851,0.9386%,1.5417%,62.9363%,0.021985,MCO,48506.0,2019-02-19,252.0,-0.7680%,-0.0,1.1308,-0.131,-0.088,0.9395%,1.5369%,62.6323%,-0.009309,MCO,48506.0,2019-02-20,252.0,0.8931%,-0.0001,1.132,-0.133,-0.0852,0.9385%,1.5367%,62.7010%,0.007454,MCO,48506.0,2019-02-21,252.0,0.6727%,-0.0,1.1316,-0.1313,-0.0859,0.9401%,1.5372%,62.5965%,0.010526,MCO,48506.0,2019-02-22,252.0,1.5240%,-0.0,1.1305,-0.1287,-0.0966,0.9412%,1.5395%,62.6203%,0.007245,MCO,48506.0,2019-02-25,252.0,-0.1158%,-0.0,1.1306,-0.127,-0.0953,0.9415%,1.5395%,62.6020%,-0.003462,MCO,48506.0,2019-02-26,252.0,-0.0058%,-0.0,1.1337,-0.1307,-0.0949,0.9409%,1.5375%,62.5518%,0.000524,MCO,48506.0,2019-02-27,252.0,0.6435%,0.0,1.1375,-0.1358,-0.0943,0.9400%,1.5376%,62.6239%,0.005449,MCO,48506.0,2019-02-28,252.0,-0.2765%,0.0,1.1391,-0.1347,-0.0932,0.9398%,1.5362%,62.5699%,0.000453,MCO,48506.0,2019-03-01,252.0,1.4730%,0.0001,1.1422,-0.1301,-0.0914,0.9405%,1.5378%,62.5927%,0.006456,MCO,48506.0,2019-03-04,252.0,-1.9525%,-0.0001,1.1498,-0.1429,-0.0962,0.9411%,1.5428%,62.7890%,-0.0138399999999999,MCO,0.012676,0.02013,0.030656,0.034439,0.033481
30515,MOODYS CORP,Moody's Sees FY19 Adj. EPS $7.85-$8.10 vs $7.94 Estimate,6,decrease,0.7,0.5,"the adjusted eps guidance is below the analyst estimate, which may lead to a negative reaction from investors.",0,2019-02-15,MCO,2019-02-15 12:02:00+00:00,48506.0,61536910,0.0337751097977161,2228820.0,-0.007680419832468,-0.0053459987975656,0.0089306971058249,0.0089488616213202,0.0067272474989295,0.0083435773849487,0.0152402743697166,0.0047817444428801,-0.0011580599239096,0.0016795488772913,-5.793917080154642e-05,-0.005813249386847,0.0064351591281592,-0.0065737375989556,-0.0027650401461869,0.0130703067407012,0.0147296851500868,0.0029338405001908,-0.0195252038538456,0.0106618041172623,-0.0068509513512253,0.0130375996232032,-0.0053197923116385,0.0085729137063026,-0.0046429228968918,-0.0047472766600549,0.0034246682189404,-0.0041525196284055,0.0094150332733988,0.0156371910125017,0.0051882909610867,-0.0044570923782885,0.0065534124150872,-0.0043092244304716,0.0081815980374813,-0.0245922096073627,0.0097725838422775,0.0097554372623562,0.0072443191893398,0.0158301591873168,0.003708510659635,0.0141617059707641,-0.0077254930511116,0.0268730353564024,0.0267419219017028,0.0016781901940703,-0.0225287433713674,-0.0004696193500421,-0.0026982726994901,0.0181022882461547,0.0028183304239064,0.0033585024066269,-0.0003934985143132,0.0145330391824245,0.0087157171219587,0.0036990423686802,0.0094765424728393,0.0521369241178035,0.0187199711799621,-0.033155933022499,0.003089805599302,0.0057841534726321,0.0063226055353879,0.004951468668878,0.0032756987493485,-0.0042871800251305,0.0021945280022919,0.0241493098437786,-0.0003738908562809,0.0564359277486801,-0.0027247662656009,-0.0243626162409782,-0.0073931473307311,-0.0299260728061199,-0.0001619105169083,-0.0202867519110441,0.0100404890254139,-0.0189873203635215,0.0112233767285943,0.0057288180105388,0.0070291557349264,-0.0283810105174779,-0.0134879406541585,-0.0230278130620718,0.0057987780310213,0.0035033638123422,-0.0051306528039276,0.0207687839865684,0.0029241484589874,-0.0023327365051954,0.0303752962499856,-0.0002057811798295,-0.0058650998398661,-0.0270955525338649,0.0120581788942217,-0.0171203725039959,-0.0043976306915283,-0.036346398293972,0.009861315600574,-0.0054693552665412,-0.0138337975367903,0.0155133297666907,-0.0058276928029954,-0.0130427023395896,0.0190382227301597,0.0392901562154293,0.00407250598073,-0.0078611709177494,-0.0233218725770711,0.024835180491209,-0.0032184130977839,-0.0037807913031429,-0.0163524597883224,0.0336646437644958,0.0005823835381306,-0.0128213530406355,-0.0289962999522686,0.0063837179914116,0.0176012814044952,-0.0014241604367271,-0.007680419832468,-0.0053459987975656,0.0011816857701876,0.0035550222202873,0.007916882761759,0.0119282612082363,0.0220927955711234,0.0184747534943199,0.0205522833059019,0.0329316867106956,0.0930763761346851,0.1624422347999894,0.1064673316447888,0.1136845834507453,2019-02-19,2019-02-20,2019-02-21,2019-02-22,2019-02-25,2019-02-26,2019-02-27,2019-02-28,2019-03-01,2019-03-04,48506.0,2019-02-15,252.0,3.3775%,0.0,1.1348,-0.1282,-0.0851,0.9386%,1.5417%,62.9363%,0.021985,MCO,48506.0,2019-02-19,252.0,-0.7680%,-0.0,1.1308,-0.131,-0.088,0.9395%,1.5369%,62.6323%,-0.009309,MCO,48506.0,2019-02-20,252.0,0.8931%,-0.0001,1.132,-0.133,-0.0852,0.9385%,1.5367%,62.7010%,0.007454,MCO,48506.0,2019-02-21,252.0,0.6727%,-0.0,1.1316,-0.1313,-0.0859,0.9401%,1.5372%,62.5965%,0.010526,MCO,48506.0,2019-02-22,252.0,1.5240%,-0.0,1.1305,-0.1287,-0.0966,0.9412%,1.5395%,62.6203%,0.007245,MCO,48506.0,2019-02-25,252.0,-0.1158%,-0.0,1.1306,-0.127,-0.0953,0.9415%,1.5395%,62.6020%,-0.003462,MCO,48506.0,2019-02-26,252.0,-0.0058%,-0.0,1.1337,-0.1307,-0.0949,0.9409%,1.5375%,62.5518%,0.000524,MCO,48506.0,2019-02-27,252.0,0.6435%,0.0,1.1375,-0.1358,-0.0943,0.9400%,1.5376%,62.6239%,0.005449,MCO,48506.0,2019-02-28,252.0,-0.2765%,0.0,1.1391,-0.1347,-0.0932,0.9398%,1.5362%,62.5699%,0.000453,MCO,48506.0,2019-03-01,252.0,1.4730%,0.0001,1.1422,-0.1301,-0.0914,0.9405%,1.5378%,62.5927%,0.006456,MCO,48506.0,2019-03-04,252.0,-1.9525%,-0.0001,1.1498,-0.1429,-0.0962,0.9411%,1.5428%,62.7890%,-0.0138399999999999,MCO,0.012676,0.02013,0.030656,0.034439,0.033481
30523,MOODYS CORP,"Moody's Q4 EPS $1.63 Misses $1.68 Estimate, Sales $1.06B Miss $1.12B Estimate",6,decrease,0.8,0.7,"the earnings per share (eps) and sales figures both missed analyst estimates, which typically leads to a negative reaction in stock prices.",0,2019-02-15,MCO,2019-02-15 12:01:00+00:00,48506.0,61536910,0.0337751097977161,2228820.0,-0.007680419832468,-0.0053459987975656,0.0089306971058249,0.0089488616213202,0.0067272474989295,0.0083435773849487,0.0152402743697166,0.0047817444428801,-0.0011580599239096,0.0016795488772913,-5.793917080154642e-05,-0.005813249386847,0.0064351591281592,-0.0065737375989556,-0.0027650401461869,0.0130703067407012,0.0147296851500868,0.0029338405001908,-0.0195252038538456,0.0106618041172623,-0.0068509513512253,0.0130375996232032,-0.0053197923116385,0.0085729137063026,-0.0046429228968918,-0.0047472766600549,0.0034246682189404,-0.0041525196284055,0.0094150332733988,0.0156371910125017,0.0051882909610867,-0.0044570923782885,0.0065534124150872,-0.0043092244304716,0.0081815980374813,-0.0245922096073627,0.0097725838422775,0.0097554372623562,0.0072443191893398,0.0158301591873168,0.003708510659635,0.0141617059707641,-0.0077254930511116,0.0268730353564024,0.0267419219017028,0.0016781901940703,-0.0225287433713674,-0.0004696193500421,-0.0026982726994901,0.0181022882461547,0.0028183304239064,0.0033585024066269,-0.0003934985143132,0.0145330391824245,0.0087157171219587,0.0036990423686802,0.0094765424728393,0.0521369241178035,0.0187199711799621,-0.033155933022499,0.003089805599302,0.0057841534726321,0.0063226055353879,0.004951468668878,0.0032756987493485,-0.0042871800251305,0.0021945280022919,0.0241493098437786,-0.0003738908562809,0.0564359277486801,-0.0027247662656009,-0.0243626162409782,-0.0073931473307311,-0.0299260728061199,-0.0001619105169083,-0.0202867519110441,0.0100404890254139,-0.0189873203635215,0.0112233767285943,0.0057288180105388,0.0070291557349264,-0.0283810105174779,-0.0134879406541585,-0.0230278130620718,0.0057987780310213,0.0035033638123422,-0.0051306528039276,0.0207687839865684,0.0029241484589874,-0.0023327365051954,0.0303752962499856,-0.0002057811798295,-0.0058650998398661,-0.0270955525338649,0.0120581788942217,-0.0171203725039959,-0.0043976306915283,-0.036346398293972,0.009861315600574,-0.0054693552665412,-0.0138337975367903,0.0155133297666907,-0.0058276928029954,-0.0130427023395896,0.0190382227301597,0.0392901562154293,0.00407250598073,-0.0078611709177494,-0.0233218725770711,0.024835180491209,-0.0032184130977839,-0.0037807913031429,-0.0163524597883224,0.0336646437644958,0.0005823835381306,-0.0128213530406355,-0.0289962999522686,0.0063837179914116,0.0176012814044952,-0.0014241604367271,-0.007680419832468,-0.0053459987975656,0.0011816857701876,0.0035550222202873,0.007916882761759,0.0119282612082363,0.0220927955711234,0.0184747534943199,0.0205522833059019,0.0329316867106956,0.0930763761346851,0.1624422347999894,0.1064673316447888,0.1136845834507453,2019-02-19,2019-02-20,2019-02-21,2019-02-22,2019-02-25,2019-02-26,2019-02-27,2019-02-28,2019-03-01,2019-03-04,48506.0,2019-02-15,252.0,3.3775%,0.0,1.1348,-0.1282,-0.0851,0.9386%,1.5417%,62.9363%,0.021985,MCO,48506.0,2019-02-19,252.0,-0.7680%,-0.0,1.1308,-0.131,-0.088,0.9395%,1.5369%,62.6323%,-0.009309,MCO,48506.0,2019-02-20,252.0,0.8931%,-0.0001,1.132,-0.133,-0.0852,0.9385%,1.5367%,62.7010%,0.007454,MCO,48506.0,2019-02-21,252.0,0.6727%,-0.0,1.1316,-0.1313,-0.0859,0.9401%,1.5372%,62.5965%,0.010526,MCO,48506.0,2019-02-22,252.0,1.5240%,-0.0,1.1305,-0.1287,-0.0966,0.9412%,1.5395%,62.6203%,0.007245,MCO,48506.0,2019-02-25,252.0,-0.1158%,-0.0,1.1306,-0.127,-0.0953,0.9415%,1.5395%,62.6020%,-0.003462,MCO,48506.0,2019-02-26,252.0,-0.0058%,-0.0,1.1337,-0.1307,-0.0949,0.9409%,1.5375%,62.5518%,0.000524,MCO,48506.0,2019-02-27,252.0,0.6435%,0.0,1.1375,-0.1358,-0.0943,0.9400%,1.5376%,62.6239%,0.005449,MCO,48506.0,2019-02-28,252.0,-0.2765%,0.0,1.1391,-0.1347,-0.0932,0.9398%,1.5362%,62.5699%,0.000453,MCO,48506.0,2019-03-01,252.0,1.4730%,0.0001,1.1422,-0.1301,-0.0914,0.9405%,1.5378%,62.5927%,0.006456,MCO,48506.0,2019-03-04,252.0,-1.9525%,-0.0001,1.1498,-0.1429,-0.0962,0.9411%,1.5428%,62.7890%,-0.0138399999999999,MCO,0.012676,0.02013,0.030656,0.034439,0.033481
30531,MEDTRONIC PLC,"Medtronic, Inc. Recalls Dual Chamber Implantable Pulse Generators Due To Possible Circuit Error",6,decrease,0.8,0.7,"the recall of medical devices typically raises concerns about safety and reliability, which can negatively impact investor confidence and lead to a decrease in stock price.",0,2019-02-15,MDT,2019-02-15 17:27:00+00:00,60097.0,G5960L10,0.0113996844738721,5622496.0,0.000650321773719,0.0061763008125126,0.0050904494710266,0.004653719253838,-0.0020474400371313,0.0072544813156127,0.0125256022438406,0.0066284271888434,-0.0165297593921423,0.0012373521458357,-0.0100845834240317,0.0004501565999817,-0.004381657578051,0.0094286249950528,-0.0042908946052193,0.0025054232683032,0.0175690203905105,-0.0056618731468915,0.0021718381904065,-0.0009051004890352,0.0046592294238507,0.0063759256154298,-0.0069024953991174,0.0157280042767524,-0.0108601218089461,0.0005786051042377,-0.0061484975740313,-0.0068949493579566,0.0163500159978866,-0.002407505409792,0.0047826352529227,0.0008031171746551,0.006274277344346,0.0018391225021332,0.0033326726406812,-0.0034364608582109,0.0049287374131381,-0.0034246053546667,-0.0202580392360687,0.0070123076438903,0.0083796307444572,0.011158887296915,-0.0101446406915783,0.0151032302528619,0.0095943873748183,-0.0010607772273942,-0.0185667648911476,0.0,0.0025445665232837,0.0064056138508021,0.0049657574854791,0.0152957281097769,-0.0088942302390933,0.0070345890708267,-0.003323765238747,-0.0644502490758895,0.0124500086531043,0.0313633754849433,-0.0042819431982934,-0.0280937366187572,-0.0031977165490388,-0.0334212929010391,-0.0215708464384079,0.0190454497933387,0.0088186142966151,-0.0043502440676093,-0.0033621320035308,0.016805749386549,0.0006746604922227,0.0333333387970924,-0.00303401122801,-0.0316026583313942,-0.001014472101815,-0.0144605450332164,-0.0116213336586952,-0.014902482740581,-0.0097031788900494,-0.0080434549599885,0.0013833169359713,0.0016331140650436,-0.0082882605493068,-0.0199530813843011,-0.0164828579872846,-0.0186387300491333,-0.0060191443189978,-0.0021941184531897,-0.0008311528363265,0.0025138563942164,0.0112893274053931,-0.0001047563491738,0.0063454867340624,0.0131579535081982,0.0142456935718655,-0.0207813810557127,0.0056412373669445,-0.0025909421965479,0.0010303831659257,-0.0228860974311828,0.0156678296625614,0.0125089846551418,-0.0056299967691302,0.0096273329108953,0.0093987304717302,0.0128970919176936,0.0049360832199454,0.0240524597465992,0.0063630240038037,0.0116228517144918,-0.0097615625709295,0.0005433694459497,-0.0030244947411119,-0.010325901210308,-0.0096629280596971,0.0087890354916453,0.0021556890569627,0.0198074672371149,-0.0113211814314127,-0.0355388931930065,0.0037787910550832,0.0100247962400317,0.000650321773719,0.0061763008125126,0.0057440816748748,0.0108587628363594,0.0036848809749459,0.0181920188440791,-0.000541839144071,0.0262092434886993,0.0002168006150897,0.032130376103983,-0.0117876767039536,0.037647920532265,-0.044804349725671,-0.011115461368455,2019-02-19,2019-02-20,2019-02-21,2019-02-22,2019-02-25,2019-02-26,2019-02-27,2019-02-28,2019-03-01,2019-03-04,60097.0,2019-02-15,252.0,1.1400%,0.0004,0.734,-0.281,-0.2477,0.9854%,1.3008%,42.6187%,0.004775,MDT,60097.0,2019-02-19,252.0,0.0650%,0.0004,0.7334,-0.28,-0.2464,0.9853%,1.2984%,42.4124%,0.000714,MDT,60097.0,2019-02-20,252.0,0.5090%,0.0004,0.7344,-0.2802,-0.2436,0.9853%,1.2985%,42.4196%,0.005568,MDT,60097.0,2019-02-21,252.0,-0.2047%,0.0004,0.728,-0.2932,-0.2553,0.9788%,1.2918%,42.5917%,-0.000187,MDT,60097.0,2019-02-22,252.0,1.2526%,0.0005,0.727,-0.2848,-0.2598,0.9787%,1.2919%,42.6066%,0.005554,MDT,60097.0,2019-02-25,252.0,-1.6530%,0.0004,0.7265,-0.2757,-0.257,0.9857%,1.2962%,42.1640%,-0.018928,MDT,60097.0,2019-02-26,252.0,-1.0085%,0.0004,0.737,-0.2692,-0.2458,0.9850%,1.2979%,42.4068%,-0.011635,MDT,60097.0,2019-02-27,252.0,-0.4382%,0.0003,0.7302,-0.2587,-0.247,0.9810%,1.2890%,42.0790%,-0.004929,MDT,60097.0,2019-02-28,252.0,-0.4291%,0.0004,0.7276,-0.2606,-0.2481,0.9804%,1.2859%,41.8688%,-0.0026929999999999,MDT,60097.0,2019-03-01,252.0,1.7569%,0.0004,0.7235,-0.2667,-0.2599,0.9807%,1.2857%,41.8137%,0.012003,MDT,60097.0,2019-03-04,252.0,0.2172%,0.0005,0.7185,-0.255,-0.2576,0.9796%,1.2791%,41.3530%,0.0057909999999999,MDT,0.005489,0.011057,0.01087,-0.0025039999999999,-0.003967
30539,MARTIN MARIETTA MATERIALS INC,Stephens & Co. Upgrades Martin Marietta Materials to Overweight,6,increase,0.8,0.6,"upgrades from analysts typically signal positive sentiment and can lead to increased investor interest, likely resulting in a rise in stock price.",2,2019-02-15,MLM,2019-02-15 14:23:00+00:00,80204.0,57328410,0.0137073546648025,1578684.0,-0.0055245873518288,0.0391863845288753,0.0172478165477514,-0.0224317256361246,-0.0098299235105514,-0.0076886280439794,-0.0019960335921496,0.0089509012177586,-0.0073157860897481,0.0114122787490487,0.0132018737494945,0.000878574384842,-0.0064364778809249,-0.0309190433472394,-0.0109021551907062,0.0104861091822385,0.0273695606738328,0.0116969104856252,0.0136131923645734,0.0403554737567901,-0.0054849665611982,-0.0103624379262328,0.0082985451444983,-0.0097071221098303,0.0068500749766826,0.0036744442768394,-0.0026909729931503,0.022310746833682,0.0111999809741973,-0.001931358478032,-0.0131904054433107,0.006690673995763,-0.0271924994885921,-0.0297936648130416,0.0053492989391088,-0.0012744263513013,0.0093896873295307,0.0182813610881567,0.0075452541932463,0.0145400036126375,0.0144132003188133,-0.0096938293427228,-0.0101633705198764,-0.0156800001859664,0.0149673474952578,0.0068543241359293,-0.0331169255077838,-0.0085779158398509,0.0224870759993791,0.0011710431426763,0.0015782356495037,0.0047064749523997,-0.0015248706331476,-0.0038511047605425,0.007483207155019,0.0157605241984129,0.0165226068347692,0.0344848111271858,0.0140173351392149,-0.0025155488401651,0.0070097679272294,-0.0054110242053866,-0.013483858667314,0.022001527249813,0.0057238903827965,-0.0132605442777276,0.0098125794902443,0.0034146986436098,0.0,0.0369986742734909,-0.0040812920778989,-0.0090749599039554,-0.0006829904741607,-0.0158380698412656,0.011570056900382,-0.0216125287115573,0.0238887928426265,-0.0300598498433828,-0.0024038921110332,0.0077439965680241,0.0017009242437779,0.0049210381694138,-0.0113201923668384,-0.0042165555059909,0.0093507310375571,-0.0199363771826028,0.0027413459029048,0.0079365279525518,-0.0001414036232745,-0.0128902774304151,0.0090514719486236,-0.0082653742283582,-0.0078956605866551,-0.024982588365674,0.009088734164834,0.0058362702839076,-0.0002799960784614,-0.0480477213859558,0.0358509607613086,0.0194032043218612,-0.0123478611931204,-0.0286570563912391,0.0172476675361394,-0.0073136133141815,-0.0067282677628099,0.0304573848843574,-0.0028450365643948,0.0034421007148921,-0.0025813688989728,0.0269952248781919,-0.0186160821467638,0.0014482877450063,0.0037013187538832,0.0066414456814527,-0.0049322731792926,-0.0028535982128232,-0.0156575236469507,-0.0171456076204776,0.0150124104693532,0.0013247138122096,-0.0055245873518288,0.0391863845288753,0.0116279421267762,0.0158756406663274,0.0016837168345333,0.0080649507263046,-0.0076291541735675,0.0286953327520937,0.0289726315036931,0.0611841369585783,0.0760222231668099,0.0968176154605684,0.1376297337854355,-0.0040168045591827,2019-02-19,2019-02-20,2019-02-21,2019-02-22,2019-02-25,2019-02-26,2019-02-27,2019-02-28,2019-03-01,2019-03-04,80204.0,2019-02-15,252.0,1.3707%,-0.0005,0.7788,0.2577,0.0422,1.5273%,1.7396%,22.9111%,0.004463,MLM,80204.0,2019-02-19,252.0,-0.5525%,-0.0007,0.7698,0.2636,0.0496,1.5207%,1.7278%,22.5423%,-0.0079779999999999,MLM,80204.0,2019-02-20,252.0,1.7248%,-0.0005,0.7769,0.2921,0.078,1.5125%,1.7223%,22.8843%,0.014833,MLM,80204.0,2019-02-21,252.0,-0.9830%,-0.0005,0.777,0.291,0.0783,1.5128%,1.7223%,22.8470%,-0.006672,MLM,80204.0,2019-02-22,252.0,-0.1996%,-0.0005,0.7777,0.299,0.0936,1.5128%,1.7216%,22.7843%,-0.007596,MLM,80204.0,2019-02-25,252.0,-0.7316%,-0.0005,0.7777,0.3025,0.0954,1.5135%,1.7221%,22.7673%,-0.007637,MLM,80204.0,2019-02-26,252.0,1.3202%,-0.0004,0.7819,0.2747,0.0844,1.5150%,1.7242%,22.7887%,0.016597,MLM,80204.0,2019-02-27,252.0,-0.6436%,-0.0004,0.7857,0.2658,0.0851,1.5147%,1.7246%,22.8615%,-0.007661,MLM,80204.0,2019-02-28,252.0,-1.0902%,-0.0004,0.7804,0.2619,0.0831,1.5133%,1.7196%,22.5549%,-0.008407,MLM,80204.0,2019-03-01,252.0,2.7370%,-0.0003,0.7845,0.2681,0.0795,1.5194%,1.7270%,22.5952%,0.021234,MLM,80204.0,2019-03-04,252.0,1.3613%,-0.0002,0.7858,0.2471,0.083,1.5231%,1.7291%,22.4029%,0.018365,MLM,-0.0035149999999999,0.011318,0.004646,-0.010587,0.029541
30547,ALTRIA GROUP INC,"Altria's Juul Stake Will 'More Than Offset' Cigarette Declines, Wells Fargo Says",6,increase,0.7,0.6,"the news suggests that altria's investment in juul will compensate for declines in cigarette sales, which could positively influence investor sentiment and stock performance.",2,2019-02-15,MO,2019-02-15 16:41:00+00:00,13901.0,02209S10,-0.0081399613991379,9161705.0,0.0051292572170495,0.0028571304865181,0.0310266707092523,-0.0132903717458248,-0.002771716332063,0.0157496519386768,0.0224340092390775,0.0010237353853881,0.006601944565773,0.0024630322586745,0.0050153997726738,-0.0111629636958241,0.004222672432661,0.0046900394372642,0.0017201864393427,-0.001425365335308,0.0064873145893216,-0.0018292713211849,-0.0054976479150354,-0.0030394673813134,0.0080061377957463,0.0324267633259296,0.0338501706719398,0.0411674901843071,0.0012804740108549,0.0134657975286245,0.0115089006721973,0.0239601600915193,0.0115585951134562,0.021001610904932,-0.0046419985592365,-0.0306487455964088,0.0068161627277731,-0.0060040126554667,0.004810269922018,-0.0691368281841278,0.0062056463211774,0.0265618357807397,0.0096916165202856,-0.0029660887084901,-0.0225131046026945,-0.0148194339126348,-0.0051775951869785,-0.0072523513808846,0.0217157043516635,-0.0130880000069737,-0.0036887777969241,0.0008186842896975,0.0112661141902208,-0.0161095298826694,0.0084880553185939,0.0122298914939165,-0.0128002725541591,0.0057401107624173,0.0071048229001462,-0.0302186980843544,0.0128747709095478,0.0256932768970727,0.0052237375639379,-0.0054755718447268,-0.0180149134248495,-0.0016197209479287,-0.0478038303554058,0.01022704038769,0.0114857153967022,0.0039014092180877,0.0031135894823819,0.0055750664323568,0.0093116359785199,0.0182926598936319,-0.003075220156461,-0.0148706203326582,0.0056250691413879,-0.0267644431442022,0.0101046804338693,-0.0186770986765623,0.0103608760982751,0.0100216576829552,0.0067184804938733,-0.0278891902416944,-0.0096592772752046,-0.0072065442800521,-0.0037240483798086,-0.0220697075128555,-0.0322178937494754,0.011063122190535,0.0044142301194369,-0.011492102406919,0.0038454327732324,0.01105697453022,-0.0020065780263394,-0.0151347303763032,-0.0603180266916751,-0.0040441397577524,0.0268430467694997,0.0,0.0136388977989554,-0.0238650292158126,0.0153243048116564,0.0164143294095993,-0.017301719635725,-0.0198426321148872,-0.0043079145252704,0.0180163402110338,0.0112866526469588,0.021565344184637,-0.0042782654054462,0.0109002413228154,-0.0110218599438667,-0.0094937104731798,-0.0185115151107311,-0.0123184071853756,0.0005774171440862,-0.0222901608794927,0.0023081155959516,-0.0008979748236015,-0.0128574548289179,-0.0193729922175407,0.0087480712682008,-0.0087290508672595,0.0051292572170495,0.0028571304865181,0.0363150717009583,-0.0104712135855987,0.0334427002915618,0.0051135203837293,0.0636027560168823,0.0086206520721991,0.0763232917899789,-0.0042553002740701,0.2013929344103482,-0.0034476176788421,0.0798593312229425,-0.1276784665684172,2019-02-19,2019-02-20,2019-02-21,2019-02-22,2019-02-25,2019-02-26,2019-02-27,2019-02-28,2019-03-01,2019-03-04,13901.0,2019-02-15,252.0,-0.8140%,-0.0008,0.5097,-0.3288,0.2994,1.4991%,1.5910%,11.2156%,-0.0145639999999999,MO,13901.0,2019-02-19,252.0,0.5129%,-0.0008,0.5113,-0.3266,0.3018,1.4994%,1.5913%,11.2199%,0.004116,MO,13901.0,2019-02-20,252.0,3.1027%,-0.0007,0.5192,-0.3105,0.3297,1.5108%,1.6038%,11.2517%,0.029014,MO,13901.0,2019-02-21,252.0,-0.2772%,-0.0006,0.5134,-0.3223,0.319,1.5075%,1.5995%,11.1715%,-0.00041,MO,13901.0,2019-02-22,252.0,2.2434%,-0.0005,0.5097,-0.3171,0.2788,1.5162%,1.6059%,10.8586%,0.025459,MO,13901.0,2019-02-25,252.0,0.6602%,-0.0005,0.5087,-0.3209,0.2734,1.5159%,1.6055%,10.8572%,0.005415,MO,13901.0,2019-02-26,252.0,0.5015%,-0.0005,0.5008,-0.3202,0.2678,1.5145%,1.6008%,10.4996%,0.004578,MO,13901.0,2019-02-27,252.0,0.4223%,-0.0005,0.498,-0.3139,0.2674,1.5143%,1.5988%,10.2983%,0.004602,MO,13901.0,2019-02-28,252.0,0.1720%,-0.0004,0.4886,-0.3202,0.2595,1.5111%,1.5932%,10.0353%,0.003895,MO,13901.0,2019-03-01,252.0,0.6487%,-0.0004,0.4829,-0.3287,0.2482,1.5098%,1.5906%,9.8973%,0.004846,MO,13901.0,2019-03-04,252.0,-0.5498%,-0.0004,0.484,-0.328,0.2469,1.5101%,1.5902%,9.8099%,-0.00536,MO,-0.0104479999999999,0.018566,0.018156,0.04903,0.061591
30555,MID PENN BANCORP INC,Mid Penn Bank Seeks Regulatory Approval To Relocate Allentown Boulevard Branch,6,uncertain,0.5,0.5,"the relocation of a branch may have mixed implications for the bank's operations and customer access, making the impact on stock price uncertain.",1,2019-02-15,MPB,2019-02-15 21:52:00+00:00,85656.0,59540G10,0.007792220916599,4783.0,0.0030068596825003,0.0034752355422824,0.0008565506432205,-0.0060448786243796,-0.0042790062725543,-0.0060085575096309,0.0206273980438709,0.0309734009206295,-0.012210564687848,-0.0224913675338029,0.0251491982489824,-0.0081509491428732,0.0274428222328424,-0.0201766043901443,-0.008903251029551,0.0225436277687549,-0.002041618572548,0.0103136990219354,0.0028641445096582,0.0051836217753589,0.000816012150608,-0.0252631735056638,-0.0158989522606134,0.0102084120735526,-0.0004142597026657,-0.0029686044435948,-0.0012432150542736,-0.016270313411951,0.0112033383920788,0.006719859316945,-0.0102585144340992,-0.0140786813572049,0.0149253187701106,0.012154190801084,-0.0036764768883585,-0.0062473807483911,0.0147601729258894,-0.0131524745374918,0.0,0.0222689379006624,0.0,0.0162254124879837,-0.0165656507015228,0.0021394623909145,0.0004108557477593,-0.0322980880737304,-0.0143737317994236,-0.015089756809175,0.0504166297614574,0.0132231274619698,-0.0115033322945237,0.015100697055459,-0.0088282227516174,-0.0107883913442492,-0.0048583336174488,0.0168776214122772,-0.0032546755392104,0.0250865016132593,0.0040816483087837,-0.0462045781314373,-0.0146341705694794,0.0529973618686199,0.0119637344032526,-0.0728956684470176,-0.0195679347962141,-0.0091779548674821,0.0,0.0003992107522208,0.02245326153934,0.0551811084151268,-0.013013407588005,-0.0161624290049076,-0.0008240814786404,0.1013235673308372,-0.0074226930737495,0.0004566314746625,0.0066472725011408,-0.0049977558664977,0.0130004351958632,0.0,-0.0165003333240747,-0.0209074430167675,-0.0020712194964289,-0.018340615555644,0.0029057573992758,-0.0333474427461624,-0.0045530055649578,-0.0283018313348293,0.0041580200195312,-0.0125557463616132,-0.0016562736127525,-0.0167264062911272,-0.0120282415300607,0.0182482060045003,0.0117548564448952,-0.025681534782052,0.0215767826884985,-0.039104051887989,-0.0097482400014996,0.0057273623533546,-0.0090237623080611,-0.011698093265295,0.019867530092597,0.0018903302261605,0.0235389582812786,0.0049392501823604,0.0277557801455259,-0.0045386096462607,-0.0227623637765646,0.0003783665888477,0.0206759627908468,-0.0075102839618921,-0.0140241766348481,0.0125475255772471,0.0047412421554327,-0.0056711351498961,-0.0161226838827133,0.0057034804485738,0.0191846340894699,0.0026686883065849,0.0030068596825003,0.0034752355422824,0.0038659858533161,-0.0025906504591414,-0.0004295629969542,-0.0085836418965011,0.0077318908157182,-0.0008650697326751,0.0528350318057802,0.0083261295639505,0.0567010184532508,-0.0370152758978786,0.1032003541268291,-0.1100743480886891,2019-02-19,2019-02-20,2019-02-21,2019-02-22,2019-02-25,2019-02-26,2019-02-27,2019-02-28,2019-03-01,2019-03-04,85656.0,2019-02-15,252.0,0.7792%,-0.0011,0.4142,0.6553,0.423,1.7780%,1.8461%,7.2423%,-0.000698,MPB,85656.0,2019-02-19,252.0,0.3007%,-0.001,0.4236,0.6422,0.4074,1.7680%,1.8377%,7.4360%,-0.00105,MPB,85656.0,2019-02-20,252.0,0.0857%,-0.0011,0.42,0.6214,0.3914,1.7581%,1.8260%,7.2985%,-0.0037019999999999,MPB,85656.0,2019-02-21,252.0,-0.4279%,-0.0011,0.4204,0.622,0.392,1.7581%,1.8259%,7.2819%,-0.00149,MPB,85656.0,2019-02-22,252.0,2.0627%,-0.001,0.4171,0.6307,0.3613,1.7630%,1.8310%,7.2833%,0.020137,MPB,85656.0,2019-02-25,252.0,-1.2211%,-0.0011,0.4173,0.6356,0.3643,1.7640%,1.8323%,7.3137%,-0.010646,MPB,85656.0,2019-02-26,252.0,2.5149%,-0.0009,0.4187,0.5896,0.3421,1.7734%,1.8386%,6.9725%,0.030987,MPB,85656.0,2019-02-27,252.0,2.7443%,-0.0008,0.4182,0.5985,0.3421,1.7815%,1.8471%,6.9712%,0.0262559999999999,MPB,85656.0,2019-02-28,252.0,-0.8903%,-0.0009,0.4241,0.6023,0.3478,1.7811%,1.8477%,7.0802%,-0.006971,MPB,85656.0,2019-03-01,252.0,-0.2042%,-0.0008,0.4191,0.5949,0.3423,1.7809%,1.8454%,6.8682%,-0.005541,MPB,85656.0,2019-03-04,252.0,0.2864%,-0.0008,0.4213,0.5818,0.3431,1.7809%,1.8450%,6.8194%,0.005999,MPB,-0.001748,-0.00545,-0.00694,0.002551,0.053281
30563,MARIN SOFTWARE INC,"Marin Software shares are trading lower after the company reported Q4 sales of $15.83 million, lower than $17.69 million reported in the previous year.",6,decrease,0.8,0.7,"the decline in q4 sales compared to the previous year is likely to negatively impact investor sentiment, leading to a decrease in stock price.",0,2019-02-15,MRIN,2019-02-15 13:35:00+00:00,13812.0,56804T20,-0.3333333134651184,1013449.0,0.0204544719308614,0.0377358123660087,-0.0913140028715133,-0.0108864223584532,-0.0049019563011825,0.0404530763626098,0.0960590839385986,0.0147782713174819,-0.0449437797069549,-0.0145630547776818,-0.0070588728412985,-0.0535988323390483,-0.0165876056998968,0.0077160787768661,-0.0096385451033711,-0.0106870485469698,-0.0072993207722902,0.0650406628847122,0.01960782520473,0.0148515105247497,0.0,-0.0178282223641872,-0.0697115287184715,0.0232172235846519,-0.0051679536700248,0.0016611675964668,0.020779263228178,0.0117647349834442,0.0254453290253877,0.0067681833170354,0.0173696503043174,0.013722114264965,0.0121951689943671,-0.055105373263359,0.0216866675764322,-0.0763472691178321,-0.037735816091299,-0.0696378871798515,0.0343136936426162,0.158064529299736,0.0071090548299252,0.0097719775512814,0.023529389873147,0.0233333110809326,-0.0045976969413459,0.0830324962735176,-0.0092378668487071,-0.0212013944983482,0.037296000868082,-0.0156522002071142,-0.0022471353877335,-0.1314199268817902,-0.0112613039091229,0.2036363482475281,0.0113895656540989,0.0476190485060215,0.0292793046683073,-0.0131579264998436,0.0153172193095088,-0.0827586203813552,0.0280172675848007,0.0922787636518478,-0.0020963840652257,-0.1323529332876205,-0.0651261359453201,-0.1194244548678398,0.0247191321104764,-0.0071428841911256,0.054824560880661,-0.1194968372583389,0.0436590537428855,-0.1846154034137726,0.0258964374661445,0.3617318868637085,-0.0446601957082748,0.0766916945576667,-0.0243902206420898,0.7876344323158264,-0.0166667494922876,0.4531250298023224,0.0190678294748067,-0.1578947454690933,0.0124740004539489,0.1828793883323669,0.0047022802755236,0.0828347355127334,0.0045167431235313,0.0186266303062439,0.0213631782680749,-0.0411523208022117,0.0398406013846397,-0.1290322244167328,0.003831414040178,-0.0761589482426643,-0.0324426740407943,0.0134228058159351,0.01380664575845,0.1732283681631088,-0.0369649939239025,-0.1024734899401665,0.0909091532230377,0.1319999694824219,-0.0240740943700075,0.1363120079040527,0.0592029988765716,-0.0221778023988008,0.0175564400851726,0.0,0.0035211234353482,-0.0217391103506088,-0.0140350749716162,-0.004329000134021,-0.012437729164958,0.004347822163254,-0.2162303328514099,0.0222222004085779,-0.080459751188755,-0.0217391103506088,-0.0299999713897705,-0.0688259378075599,0.0204544719308614,0.0377358123660087,-0.0727273106492818,0.0264385820160997,-0.077272760851759,0.0679611803559259,-0.0340909291385381,0.0679611801050448,-0.054545508091367,0.0891089036566601,0.0545454051628104,0.1379309819837657,-0.1181818058575134,1.6720646740249894,2019-02-19,2019-02-20,2019-02-21,2019-02-22,2019-02-25,2019-02-26,2019-02-27,2019-02-28,2019-03-01,2019-03-04,13812.0,2019-02-15,252.0,-33.3333%,-0.0002,-1.2456,-1.8549,-1.5472,8.2509%,8.3794%,3.0426%,-0.313604,MRIN,13812.0,2019-02-19,252.0,2.0454%,-0.0003,-1.2554,-1.8115,-1.4975,8.2468%,8.3746%,3.0269%,0.032742,MRIN,13812.0,2019-02-20,252.0,-9.1314%,-0.0007,-1.279,-1.875,-1.5845,8.2592%,8.3937%,3.1791%,-0.076807,MRIN,13812.0,2019-02-21,252.0,-0.4902%,-0.0003,-1.3121,-1.9456,-1.6451,8.2352%,8.3777%,3.3739%,-0.014691,MRIN,13812.0,2019-02-22,252.0,9.6059%,-0.0002,-1.3231,-1.9821,-1.8108,8.2505%,8.3977%,3.4745%,0.091006,MRIN,13812.0,2019-02-25,252.0,-4.4944%,-0.0004,-1.3243,-1.958,-1.8023,8.2565%,8.4025%,3.4434%,-0.051472,MRIN,13812.0,2019-02-26,252.0,-0.7059%,-0.0004,-1.3018,-1.9416,-1.7772,8.2564%,8.3991%,3.3676%,-0.027756,MRIN,13812.0,2019-02-27,252.0,-1.6588%,-0.0,-1.2605,-2.019,-1.7704,8.2355%,8.3772%,3.3534%,-0.013959,MRIN,13812.0,2019-02-28,252.0,-0.9639%,0.0002,-1.2945,-2.0429,-1.7909,8.2244%,8.3712%,3.4762%,-0.017668,MRIN,13812.0,2019-03-01,252.0,-0.7299%,0.0001,-1.2875,-2.0325,-1.7803,8.2241%,8.3676%,3.4013%,0.000692,MRIN,13812.0,2019-03-04,252.0,1.9608%,0.0003,-1.3049,-1.985,-1.7735,8.2216%,8.3649%,3.3975%,0.011636,MRIN,-0.280862,-0.357669,-0.37236,-0.332826,-0.379881
30571,MERCK & CO INC NEW,Merck Reports FDA Granted Priority Review For Co.'s Supplemental Biologics License Application for KEYTRUDA Combo With Inlyta For First-Line Treatment for Advanced Renal Cell Carcinoma,6,increase,0.8,0.7,"the fda granting priority review for a supplemental biologics license application typically indicates a positive outlook for the drug's approval, which can boost investor confidence and lead to an increase in stock price.",2,2019-02-15,MRK,2019-02-15 11:48:00+00:00,22752.0,58933Y10,0.0110209668055176,10387517.0,-0.0071419584564864,-0.0010123285464942,0.002397809876129,0.0063678044825792,0.0050359000451862,0.0235953275114297,0.0117749562487006,-0.0104488851502537,-0.004828518256545,0.0091121708974242,0.0044787339866161,-0.0073652886785566,-0.0014861917588859,0.0031107952818274,0.0083105694502592,0.0036424973513931,0.0044285962358117,0.0054938630200922,-0.0034292563796043,0.0271395482122898,0.0040554772131145,0.0144472876563668,-0.0115054445341229,0.0019117763731628,-0.003838598029688,0.0042513054795563,-0.0080794766545295,-0.0004112238530069,0.0134085165336728,-0.0030067134648561,0.0044515961781144,-0.0300901941955089,0.0045549068599939,-0.0051430752500891,0.0053921495564281,-0.0005272296839393,0.0009817380923777,0.0035714851692318,-0.0026970850303769,0.0132689699530601,0.0068838992156088,0.0014765182277187,0.0020754262804985,0.0154013521969318,0.0105993552133441,-0.020427219569683,-0.0079565532505512,0.0056390729732811,0.000729099032469,-0.0123325856402516,0.0069216722622513,-0.0076325070112943,-0.0075976513326168,0.0074240695685148,0.0041316845454275,-0.0110134575515985,0.0065351678058505,0.0301187969744205,0.0015631223795935,-0.0205052979290485,-0.0010804797057062,-0.0107316747307777,-0.0003605189267545,0.0137986056506633,-0.0159894432872533,-0.0001325883204117,-0.00855219271034,0.0186486113816499,-0.0024646280799061,0.0400561951100826,-0.0018529203953221,-0.0240054856985807,0.0002474831999279,-0.0080282539129257,-0.0121257528662681,-0.0037955644074827,-0.0051352209411561,-0.0075340396724641,-0.0113307507708668,-0.0119633320719003,-0.0123519832268357,-0.0163441412150859,-0.0469314008951187,-0.0250601023435592,-0.0098754838109016,0.012818869203329,0.0036889824550598,0.0116716576740145,0.0155186410993337,-0.0040041017346084,0.0017426927806809,0.0091240480542182,0.0215441305190324,-0.0210539940744638,0.0037988070398569,0.0020458209328353,0.0019574780017137,-0.012749332934618,0.0251367595046758,-0.0015124165220186,0.0001270758075406,0.0183544158935546,0.0101625435054302,0.008804871700704,0.0060362596996128,0.0116584626957774,-0.0064999582245945,0.0119299292564392,-0.0198792368173599,0.0103120971471071,0.0035943360999226,-0.0016045293305069,0.0019186687422916,0.0001337541616521,-0.0017873023170977,-0.0205631926655769,-0.0130452010780572,0.0038127915468066,0.003239600919187,0.0163014605641365,-0.0071419584564864,-0.0010123285464942,-0.0047612736388793,0.0053490296258287,0.0002506491081737,0.0290705692431483,0.0071419583767968,0.0275970160510681,0.0195464875295423,0.0605938746923115,0.0507733584746687,0.0443181130436132,-0.0233989381855199,0.0623690136100711,2019-02-19,2019-02-20,2019-02-21,2019-02-22,2019-02-25,2019-02-26,2019-02-27,2019-02-28,2019-03-01,2019-03-04,22752.0,2019-02-15,252.0,1.1021%,0.0016,0.6815,-0.485,-0.004,0.9418%,1.2066%,39.0826%,0.004684,MRK,22752.0,2019-02-19,252.0,-0.7142%,0.0015,0.6768,-0.4862,-0.0049,0.9415%,1.2024%,38.6896%,-0.007118,MRK,22752.0,2019-02-20,252.0,0.2398%,0.0015,0.6765,-0.4893,-0.0067,0.9409%,1.2022%,38.7451%,0.002109,MRK,22752.0,2019-02-21,252.0,0.5036%,0.0016,0.6671,-0.5072,-0.024,0.9308%,1.1921%,39.0379%,0.007081,MRK,22752.0,2019-02-22,252.0,1.1775%,0.0016,0.6658,-0.502,-0.035,0.9320%,1.1923%,38.8899%,0.009776,MRK,22752.0,2019-02-25,252.0,-0.4829%,0.0016,0.6657,-0.4977,-0.0332,0.9337%,1.1930%,38.7447%,-0.007295,MRK,22752.0,2019-02-26,252.0,0.4479%,0.0016,0.6706,-0.5032,-0.0323,0.9322%,1.1928%,38.9294%,0.002149,MRK,22752.0,2019-02-27,252.0,-0.1486%,0.0016,0.6661,-0.4961,-0.033,0.9302%,1.1863%,38.5127%,-0.001272,MRK,22752.0,2019-02-28,252.0,0.8311%,0.0017,0.6545,-0.5037,-0.0435,0.9247%,1.1760%,38.1752%,0.0102919999999999,MRK,22752.0,2019-03-01,252.0,0.4429%,0.0017,0.6508,-0.5093,-0.0489,0.9239%,1.1741%,38.0737%,0.000913,MRK,22752.0,2019-03-04,252.0,-0.3429%,0.0017,0.652,-0.5098,-0.05,0.9242%,1.1724%,37.8588%,-0.001982,MRK,-0.002434,-0.000325,0.006756,0.0092369999999999,0.0193369999999999
30579,MORGAN STANLEY DEAN WITTER & CO,SAExploration Soars Following Morgan Stanley Investment,6,increase,0.8,0.6,"the news of an investment in saexploration by morgan stanley is likely to be perceived positively, suggesting confidence in the company's potential, which could lead to an increase in morgan stanley's stock price.",2,2019-02-15,MS,2019-02-15 19:10:00+00:00,69032.0,61744644,0.0311886146664619,13289736.0,0.0040485393255949,-0.0114104738458991,0.0061669433489441,0.0009719829540699,-0.0108439205214381,0.0233773309737443,-0.0040514338761568,-0.0147023340687155,0.0095716128125786,-0.0161523185670375,0.0052145346999168,-0.0212364681065082,0.0035369377583265,-0.0016489916015416,-0.0136278625577688,-0.0002354762546019,0.0123868621885776,0.0153036676347255,-0.0117647061124444,-0.0113475071266293,-0.0023809161502867,-0.0114513123407959,-0.0066826390102505,0.0141209512948989,-0.0108121279627084,-0.0037514616269618,0.004615070298314,-0.0076779439114034,0.0118471439927816,0.0221165362745523,0.0043010828085243,-0.0023725335486233,0.0090411864221096,-0.0061305901035666,0.0066021876409649,-0.0292972940951585,0.014991876669228,0.0272748619318008,0.0161550175398588,-0.0440549068152904,-0.0018168980022892,0.0375466533005237,-0.0209329221397638,0.0094162318855524,0.0023240132723003,0.0177287459373474,-0.0326918587088584,0.0019203511765226,-0.0112656094133853,-0.0019166704732924,0.0152727533131837,0.0069964029826223,-0.0121777011081576,-0.0062334770336747,0.013536412268877,0.0099273575469851,0.0064393146894872,0.0408265851438045,0.0315165407955646,-0.0178218111395835,0.0039053983055055,0.0189155098050832,0.0155606474727392,0.0071120802313089,0.012392952106893,-0.0073121762834489,-0.0006676781340502,0.0091603212058544,0.0017816929612308,0.0618751980364322,-0.0160071421414613,-0.0177813693881034,0.0042928704060614,-0.0316113978624343,0.0078739812597632,-0.009923649020493,0.0421874858438968,-0.014790678396821,-0.0130648277699947,0.0073232557624578,0.0203992743045091,-0.0010091048898175,0.0263717118650674,-0.0236452985554933,-0.0147119583562016,-0.0051458682864904,-0.005467893090099,0.0046775587834417,0.0012687154812738,-0.0022107628174126,0.00063363451045,-0.0147628411650657,-0.0018995387945324,-0.0302746053785085,0.0126876393333077,-0.0118274195119738,0.0181666258722543,-0.0504294410347938,-0.0043334523215889,0.0229781586676836,-0.0140932705253362,-0.0026959995739161,0.0050452318973839,-0.0176562126725912,0.005229031201452,0.028603907674551,-0.0072826109826564,-0.0051942085847258,-0.0209599677473306,0.0278550814837217,-0.0038535711355507,-0.0148638859391212,-0.0017192782834172,0.0146171944215893,-0.0023681509774178,-0.029497891664505,-0.0466119945049285,0.0063448622822761,-0.0038479398936033,-0.0038374306168407,0.0040485393255949,-0.0114104738458991,0.0102404497872059,-0.0104495816779052,-0.0007145173578284,0.0126834659664176,0.0047629662666213,-0.0183220417936876,0.0002381117560579,-0.0373521994604133,0.0366753280550486,0.0149873018616775,0.05459509225326,-0.0743681870938042,2019-02-19,2019-02-20,2019-02-21,2019-02-22,2019-02-25,2019-02-26,2019-02-27,2019-02-28,2019-03-01,2019-03-04,69032.0,2019-02-15,252.0,3.1189%,-0.0007,1.4419,-0.1655,1.0174,0.9830%,1.7137%,67.1007%,0.010397,MS,69032.0,2019-02-19,252.0,0.4049%,-0.0006,1.4431,-0.1679,1.0146,0.9826%,1.7134%,67.1129%,-0.001363,MS,69032.0,2019-02-20,252.0,0.6167%,-0.0006,1.4433,-0.165,1.0159,0.9820%,1.7138%,67.1678%,-0.0018859999999999,MS,69032.0,2019-02-21,252.0,-1.0844%,-0.0007,1.4475,-0.157,1.0237,0.9801%,1.7150%,67.3375%,-0.0033829999999999,MS,69032.0,2019-02-22,252.0,-0.4051%,-0.0007,1.4474,-0.1651,1.015,0.9794%,1.7151%,67.3861%,0.002352,MS,69032.0,2019-02-25,252.0,0.9572%,-0.0007,1.4474,-0.1698,1.0126,0.9812%,1.7162%,67.3096%,0.008698,MS,69032.0,2019-02-26,252.0,0.5215%,-0.0006,1.4445,-0.1814,1.0046,0.9833%,1.7105%,66.9504%,0.009686,MS,69032.0,2019-02-27,252.0,0.3537%,-0.0006,1.4442,-0.1795,1.0046,0.9837%,1.7071%,66.7938%,0.003687,MS,69032.0,2019-02-28,252.0,-1.3628%,-0.0007,1.4524,-0.1741,1.0119,0.9810%,1.7088%,67.0393%,-0.006703,MS,69032.0,2019-03-01,252.0,1.2387%,-0.0007,1.4581,-0.1657,1.0174,0.9811%,1.7093%,67.0563%,0.006392,MS,69032.0,2019-03-04,252.0,-1.1765%,-0.0007,1.4556,-0.1499,1.0164,0.9813%,1.7025%,66.7799%,-0.008903,MS,0.009034,0.007148,0.003765,0.014815,0.0189739999999999
30587,NEKTAR THERAPEUTICS,UPDATE: Nektar Says 'translational research demonstrated that in patients with the highest unmet medical need...treatment with the combo resulted in 70% of patients converting to PD-L1 positive expressors',6,increase,0.8,0.6,"the news highlights a significant positive outcome in a patient population with high unmet medical need, which could boost investor confidence and interest in nektar therapeutics' prospects.",2,2019-02-15,NKTR,2019-02-15 20:19:00+00:00,80539.0,64026810,-0.0218207482248544,2892475.0,0.0268650222569704,0.0087573714554309,0.0051389252766966,-0.0002365906693739,-0.0643737018108367,-0.0882416442036628,-0.0052160727791488,0.0325239263474941,0.0232209824025631,0.0244180671870708,0.0012200888013467,-0.0117275696247816,0.0,0.0134857175871729,-0.0119424294680357,0.0294117648154497,-0.0594474524259567,0.0061552631668746,0.0044583836570382,-0.0023617967963218,0.0026110259350389,-0.0176333729177713,-0.0523438043892383,0.0138790914788842,-0.0156636349856853,-0.0111654652282595,-0.0192629434168338,-0.0211747847497463,0.0091090146452188,0.0159611068665981,0.0214385986328125,-0.0163822807371616,0.0400442071259021,-0.0180964600294828,-0.0355815216898918,-0.0311688836663961,-0.0217511262744665,0.017173109576106,-0.0168870948255062,0.0179291628301143,-0.0148869296535849,0.0022461472544819,-0.0523103512823581,0.0722543373703956,0.0266788993030786,0.0124360434710979,-0.039127878844738,-0.0110924253240227,0.0062169963493943,0.0070422757416963,-0.0015446165343746,0.012291052378714,-0.0167078897356987,0.1108684167265892,0.0286342948675155,0.078327439725399,0.0278372559696435,0.0753641277551651,-0.0107141910120844,-0.077147901058197,0.0138387205079197,0.041070956736803,0.0471810139715671,-0.022308150306344,0.0,0.0135664995759725,0.0286199580878019,0.0118974801152944,-0.0088154189288616,0.0772263705730438,-0.0147303724661469,-0.0062051122076809,0.0107193533331155,-0.0615997612476348,-0.0022328167688101,-0.0475772731006145,-0.0167831741273403,-0.0414102748036384,-0.0472261682152748,0.0462529808282852,-0.0032845805399119,-0.0643658861517906,-0.0656081661581993,-0.0392105691134929,0.0157101564109325,0.0278603937476873,-0.021464655175805,0.0148229729384183,0.0200000274926424,-0.0062738554552197,-0.0154965734109282,-0.0089213792234659,0.0208802297711372,-0.0276025030761957,0.0151037639006972,0.0010526556288823,0.0021699788048863,-0.0624228678643703,-0.0095886597409844,0.0034661893732845,-0.0118676163256168,0.0287825036793947,0.0158027820289135,0.018417615443468,0.002489167265594,0.0174188409000635,0.0145871322602033,-0.0282124187797308,-0.0186600442975759,0.0492465496063232,0.0280547905713319,-0.0050869779661297,0.0748939141631126,-0.0201993826776742,-0.0186177659779787,0.0028939915355294,-0.0626616925001144,-0.0057546747848391,0.0349585823714733,0.0010474185692146,0.0268650222569704,0.0087573714554309,0.0321420048756024,0.0085187088736824,-0.0343007967726988,-0.0804746402074865,-0.0170304376368326,-0.0273847723557584,-0.0813144464806103,0.0066131044477277,-0.202686422222278,0.2454704103068188,-0.1904533121771298,0.1159989690766782,2019-02-19,2019-02-20,2019-02-21,2019-02-22,2019-02-25,2019-02-26,2019-02-27,2019-02-28,2019-03-01,2019-03-04,80539.0,2019-02-15,252.0,-2.1821%,-0.0022,1.3069,1.0547,-0.5639,4.3875%,4.7103%,13.2377%,-0.03877,NKTR,80539.0,2019-02-19,252.0,2.6865%,-0.002,1.3239,1.0533,-0.5668,4.3837%,4.7119%,13.4442%,0.022915,NKTR,80539.0,2019-02-20,252.0,0.5139%,-0.002,1.3241,1.0473,-0.5681,4.3829%,4.7108%,13.4373%,0.0033239999999999,NKTR,80539.0,2019-02-21,252.0,-6.4374%,-0.0023,1.3422,1.0714,-0.5344,4.3974%,4.7275%,13.4793%,-0.060148,NKTR,80539.0,2019-02-22,252.0,-0.5216%,-0.0025,1.3478,1.0157,-0.5181,4.3940%,4.7216%,13.3937%,-0.027789,NKTR,80539.0,2019-02-25,252.0,2.3221%,-0.0025,1.35,1.0055,-0.5152,4.3951%,4.7222%,13.3717%,0.022808,NKTR,80539.0,2019-02-26,252.0,0.1220%,-0.0024,1.3476,0.9932,-0.5232,4.3956%,4.7209%,13.3058%,0.008015,NKTR,80539.0,2019-02-27,252.0,0.0000%,-0.0025,1.3464,0.995,-0.5235,4.3956%,4.7202%,13.2827%,-0.003828,NKTR,80539.0,2019-02-28,252.0,-1.1942%,-0.0026,1.3562,1.0016,-0.5147,4.3947%,4.7206%,13.3323%,-0.009376,NKTR,80539.0,2019-03-01,252.0,-5.9447%,-0.0028,1.3296,0.9619,-0.5226,4.4162%,4.7288%,12.7863%,-0.074265,NKTR,80539.0,2019-03-04,252.0,0.4458%,-0.0026,1.3204,0.9746,-0.5162,4.4170%,4.7271%,12.6903%,0.017169,NKTR,-0.0158549999999999,-0.0125309999999999,-0.072679,-0.07766,-0.139945
30595,NEKTAR THERAPEUTICS,UPDATE: Nektar Says Stage IV With Median Age 70 Cohort 'was generally well tolerated with no Grade 4 or 5 adverse events reported',6,increase,0.8,0.6,"the news indicates that the treatment was well tolerated with no severe adverse events, which is likely to be viewed positively by investors and could lead to an increase in stock price.",2,2019-02-15,NKTR,2019-02-15 20:19:00+00:00,80539.0,64026810,-0.0218207482248544,2892475.0,0.0268650222569704,0.0087573714554309,0.0051389252766966,-0.0002365906693739,-0.0643737018108367,-0.0882416442036628,-0.0052160727791488,0.0325239263474941,0.0232209824025631,0.0244180671870708,0.0012200888013467,-0.0117275696247816,0.0,0.0134857175871729,-0.0119424294680357,0.0294117648154497,-0.0594474524259567,0.0061552631668746,0.0044583836570382,-0.0023617967963218,0.0026110259350389,-0.0176333729177713,-0.0523438043892383,0.0138790914788842,-0.0156636349856853,-0.0111654652282595,-0.0192629434168338,-0.0211747847497463,0.0091090146452188,0.0159611068665981,0.0214385986328125,-0.0163822807371616,0.0400442071259021,-0.0180964600294828,-0.0355815216898918,-0.0311688836663961,-0.0217511262744665,0.017173109576106,-0.0168870948255062,0.0179291628301143,-0.0148869296535849,0.0022461472544819,-0.0523103512823581,0.0722543373703956,0.0266788993030786,0.0124360434710979,-0.039127878844738,-0.0110924253240227,0.0062169963493943,0.0070422757416963,-0.0015446165343746,0.012291052378714,-0.0167078897356987,0.1108684167265892,0.0286342948675155,0.078327439725399,0.0278372559696435,0.0753641277551651,-0.0107141910120844,-0.077147901058197,0.0138387205079197,0.041070956736803,0.0471810139715671,-0.022308150306344,0.0,0.0135664995759725,0.0286199580878019,0.0118974801152944,-0.0088154189288616,0.0772263705730438,-0.0147303724661469,-0.0062051122076809,0.0107193533331155,-0.0615997612476348,-0.0022328167688101,-0.0475772731006145,-0.0167831741273403,-0.0414102748036384,-0.0472261682152748,0.0462529808282852,-0.0032845805399119,-0.0643658861517906,-0.0656081661581993,-0.0392105691134929,0.0157101564109325,0.0278603937476873,-0.021464655175805,0.0148229729384183,0.0200000274926424,-0.0062738554552197,-0.0154965734109282,-0.0089213792234659,0.0208802297711372,-0.0276025030761957,0.0151037639006972,0.0010526556288823,0.0021699788048863,-0.0624228678643703,-0.0095886597409844,0.0034661893732845,-0.0118676163256168,0.0287825036793947,0.0158027820289135,0.018417615443468,0.002489167265594,0.0174188409000635,0.0145871322602033,-0.0282124187797308,-0.0186600442975759,0.0492465496063232,0.0280547905713319,-0.0050869779661297,0.0748939141631126,-0.0201993826776742,-0.0186177659779787,0.0028939915355294,-0.0626616925001144,-0.0057546747848391,0.0349585823714733,0.0010474185692146,0.0268650222569704,0.0087573714554309,0.0321420048756024,0.0085187088736824,-0.0343007967726988,-0.0804746402074865,-0.0170304376368326,-0.0273847723557584,-0.0813144464806103,0.0066131044477277,-0.202686422222278,0.2454704103068188,-0.1904533121771298,0.1159989690766782,2019-02-19,2019-02-20,2019-02-21,2019-02-22,2019-02-25,2019-02-26,2019-02-27,2019-02-28,2019-03-01,2019-03-04,80539.0,2019-02-15,252.0,-2.1821%,-0.0022,1.3069,1.0547,-0.5639,4.3875%,4.7103%,13.2377%,-0.03877,NKTR,80539.0,2019-02-19,252.0,2.6865%,-0.002,1.3239,1.0533,-0.5668,4.3837%,4.7119%,13.4442%,0.022915,NKTR,80539.0,2019-02-20,252.0,0.5139%,-0.002,1.3241,1.0473,-0.5681,4.3829%,4.7108%,13.4373%,0.0033239999999999,NKTR,80539.0,2019-02-21,252.0,-6.4374%,-0.0023,1.3422,1.0714,-0.5344,4.3974%,4.7275%,13.4793%,-0.060148,NKTR,80539.0,2019-02-22,252.0,-0.5216%,-0.0025,1.3478,1.0157,-0.5181,4.3940%,4.7216%,13.3937%,-0.027789,NKTR,80539.0,2019-02-25,252.0,2.3221%,-0.0025,1.35,1.0055,-0.5152,4.3951%,4.7222%,13.3717%,0.022808,NKTR,80539.0,2019-02-26,252.0,0.1220%,-0.0024,1.3476,0.9932,-0.5232,4.3956%,4.7209%,13.3058%,0.008015,NKTR,80539.0,2019-02-27,252.0,0.0000%,-0.0025,1.3464,0.995,-0.5235,4.3956%,4.7202%,13.2827%,-0.003828,NKTR,80539.0,2019-02-28,252.0,-1.1942%,-0.0026,1.3562,1.0016,-0.5147,4.3947%,4.7206%,13.3323%,-0.009376,NKTR,80539.0,2019-03-01,252.0,-5.9447%,-0.0028,1.3296,0.9619,-0.5226,4.4162%,4.7288%,12.7863%,-0.074265,NKTR,80539.0,2019-03-04,252.0,0.4458%,-0.0026,1.3204,0.9746,-0.5162,4.4170%,4.7271%,12.6903%,0.017169,NKTR,-0.0158549999999999,-0.0125309999999999,-0.072679,-0.07766,-0.139945
30603,NEKTAR THERAPEUTICS,UPDATE: Nektar Says 'responses were observed regardless of baseline PD-L1 expression and no relapses occurred',6,increase,0.8,0.7,"the news suggests positive clinical outcomes without relapses, which is likely to boost investor confidence and interest in nektar therapeutics.",2,2019-02-15,NKTR,2019-02-15 20:18:00+00:00,80539.0,64026810,-0.0218207482248544,2892475.0,0.0268650222569704,0.0087573714554309,0.0051389252766966,-0.0002365906693739,-0.0643737018108367,-0.0882416442036628,-0.0052160727791488,0.0325239263474941,0.0232209824025631,0.0244180671870708,0.0012200888013467,-0.0117275696247816,0.0,0.0134857175871729,-0.0119424294680357,0.0294117648154497,-0.0594474524259567,0.0061552631668746,0.0044583836570382,-0.0023617967963218,0.0026110259350389,-0.0176333729177713,-0.0523438043892383,0.0138790914788842,-0.0156636349856853,-0.0111654652282595,-0.0192629434168338,-0.0211747847497463,0.0091090146452188,0.0159611068665981,0.0214385986328125,-0.0163822807371616,0.0400442071259021,-0.0180964600294828,-0.0355815216898918,-0.0311688836663961,-0.0217511262744665,0.017173109576106,-0.0168870948255062,0.0179291628301143,-0.0148869296535849,0.0022461472544819,-0.0523103512823581,0.0722543373703956,0.0266788993030786,0.0124360434710979,-0.039127878844738,-0.0110924253240227,0.0062169963493943,0.0070422757416963,-0.0015446165343746,0.012291052378714,-0.0167078897356987,0.1108684167265892,0.0286342948675155,0.078327439725399,0.0278372559696435,0.0753641277551651,-0.0107141910120844,-0.077147901058197,0.0138387205079197,0.041070956736803,0.0471810139715671,-0.022308150306344,0.0,0.0135664995759725,0.0286199580878019,0.0118974801152944,-0.0088154189288616,0.0772263705730438,-0.0147303724661469,-0.0062051122076809,0.0107193533331155,-0.0615997612476348,-0.0022328167688101,-0.0475772731006145,-0.0167831741273403,-0.0414102748036384,-0.0472261682152748,0.0462529808282852,-0.0032845805399119,-0.0643658861517906,-0.0656081661581993,-0.0392105691134929,0.0157101564109325,0.0278603937476873,-0.021464655175805,0.0148229729384183,0.0200000274926424,-0.0062738554552197,-0.0154965734109282,-0.0089213792234659,0.0208802297711372,-0.0276025030761957,0.0151037639006972,0.0010526556288823,0.0021699788048863,-0.0624228678643703,-0.0095886597409844,0.0034661893732845,-0.0118676163256168,0.0287825036793947,0.0158027820289135,0.018417615443468,0.002489167265594,0.0174188409000635,0.0145871322602033,-0.0282124187797308,-0.0186600442975759,0.0492465496063232,0.0280547905713319,-0.0050869779661297,0.0748939141631126,-0.0201993826776742,-0.0186177659779787,0.0028939915355294,-0.0626616925001144,-0.0057546747848391,0.0349585823714733,0.0010474185692146,0.0268650222569704,0.0087573714554309,0.0321420048756024,0.0085187088736824,-0.0343007967726988,-0.0804746402074865,-0.0170304376368326,-0.0273847723557584,-0.0813144464806103,0.0066131044477277,-0.202686422222278,0.2454704103068188,-0.1904533121771298,0.1159989690766782,2019-02-19,2019-02-20,2019-02-21,2019-02-22,2019-02-25,2019-02-26,2019-02-27,2019-02-28,2019-03-01,2019-03-04,80539.0,2019-02-15,252.0,-2.1821%,-0.0022,1.3069,1.0547,-0.5639,4.3875%,4.7103%,13.2377%,-0.03877,NKTR,80539.0,2019-02-19,252.0,2.6865%,-0.002,1.3239,1.0533,-0.5668,4.3837%,4.7119%,13.4442%,0.022915,NKTR,80539.0,2019-02-20,252.0,0.5139%,-0.002,1.3241,1.0473,-0.5681,4.3829%,4.7108%,13.4373%,0.0033239999999999,NKTR,80539.0,2019-02-21,252.0,-6.4374%,-0.0023,1.3422,1.0714,-0.5344,4.3974%,4.7275%,13.4793%,-0.060148,NKTR,80539.0,2019-02-22,252.0,-0.5216%,-0.0025,1.3478,1.0157,-0.5181,4.3940%,4.7216%,13.3937%,-0.027789,NKTR,80539.0,2019-02-25,252.0,2.3221%,-0.0025,1.35,1.0055,-0.5152,4.3951%,4.7222%,13.3717%,0.022808,NKTR,80539.0,2019-02-26,252.0,0.1220%,-0.0024,1.3476,0.9932,-0.5232,4.3956%,4.7209%,13.3058%,0.008015,NKTR,80539.0,2019-02-27,252.0,0.0000%,-0.0025,1.3464,0.995,-0.5235,4.3956%,4.7202%,13.2827%,-0.003828,NKTR,80539.0,2019-02-28,252.0,-1.1942%,-0.0026,1.3562,1.0016,-0.5147,4.3947%,4.7206%,13.3323%,-0.009376,NKTR,80539.0,2019-03-01,252.0,-5.9447%,-0.0028,1.3296,0.9619,-0.5226,4.4162%,4.7288%,12.7863%,-0.074265,NKTR,80539.0,2019-03-04,252.0,0.4458%,-0.0026,1.3204,0.9746,-0.5162,4.4170%,4.7271%,12.6903%,0.017169,NKTR,-0.0158549999999999,-0.0125309999999999,-0.072679,-0.07766,-0.139945
30611,NEKTAR THERAPEUTICS,"UPDATE: Nektar Says Prelim. Results From PIVOT-02 Study Of NKTR-214 Combo Shares In Poster Presentation Fri., Showed 'important response rates, including complete responses, in patients who were cisplatin-ineligible or refused standard of care'",6,increase,0.8,0.6,"the preliminary results showing important response rates, including complete responses in a specific patient population, are likely to be viewed positively by investors, potentially leading to an increase in stock price.",2,2019-02-15,NKTR,2019-02-15 20:18:00+00:00,80539.0,64026810,-0.0218207482248544,2892475.0,0.0268650222569704,0.0087573714554309,0.0051389252766966,-0.0002365906693739,-0.0643737018108367,-0.0882416442036628,-0.0052160727791488,0.0325239263474941,0.0232209824025631,0.0244180671870708,0.0012200888013467,-0.0117275696247816,0.0,0.0134857175871729,-0.0119424294680357,0.0294117648154497,-0.0594474524259567,0.0061552631668746,0.0044583836570382,-0.0023617967963218,0.0026110259350389,-0.0176333729177713,-0.0523438043892383,0.0138790914788842,-0.0156636349856853,-0.0111654652282595,-0.0192629434168338,-0.0211747847497463,0.0091090146452188,0.0159611068665981,0.0214385986328125,-0.0163822807371616,0.0400442071259021,-0.0180964600294828,-0.0355815216898918,-0.0311688836663961,-0.0217511262744665,0.017173109576106,-0.0168870948255062,0.0179291628301143,-0.0148869296535849,0.0022461472544819,-0.0523103512823581,0.0722543373703956,0.0266788993030786,0.0124360434710979,-0.039127878844738,-0.0110924253240227,0.0062169963493943,0.0070422757416963,-0.0015446165343746,0.012291052378714,-0.0167078897356987,0.1108684167265892,0.0286342948675155,0.078327439725399,0.0278372559696435,0.0753641277551651,-0.0107141910120844,-0.077147901058197,0.0138387205079197,0.041070956736803,0.0471810139715671,-0.022308150306344,0.0,0.0135664995759725,0.0286199580878019,0.0118974801152944,-0.0088154189288616,0.0772263705730438,-0.0147303724661469,-0.0062051122076809,0.0107193533331155,-0.0615997612476348,-0.0022328167688101,-0.0475772731006145,-0.0167831741273403,-0.0414102748036384,-0.0472261682152748,0.0462529808282852,-0.0032845805399119,-0.0643658861517906,-0.0656081661581993,-0.0392105691134929,0.0157101564109325,0.0278603937476873,-0.021464655175805,0.0148229729384183,0.0200000274926424,-0.0062738554552197,-0.0154965734109282,-0.0089213792234659,0.0208802297711372,-0.0276025030761957,0.0151037639006972,0.0010526556288823,0.0021699788048863,-0.0624228678643703,-0.0095886597409844,0.0034661893732845,-0.0118676163256168,0.0287825036793947,0.0158027820289135,0.018417615443468,0.002489167265594,0.0174188409000635,0.0145871322602033,-0.0282124187797308,-0.0186600442975759,0.0492465496063232,0.0280547905713319,-0.0050869779661297,0.0748939141631126,-0.0201993826776742,-0.0186177659779787,0.0028939915355294,-0.0626616925001144,-0.0057546747848391,0.0349585823714733,0.0010474185692146,0.0268650222569704,0.0087573714554309,0.0321420048756024,0.0085187088736824,-0.0343007967726988,-0.0804746402074865,-0.0170304376368326,-0.0273847723557584,-0.0813144464806103,0.0066131044477277,-0.202686422222278,0.2454704103068188,-0.1904533121771298,0.1159989690766782,2019-02-19,2019-02-20,2019-02-21,2019-02-22,2019-02-25,2019-02-26,2019-02-27,2019-02-28,2019-03-01,2019-03-04,80539.0,2019-02-15,252.0,-2.1821%,-0.0022,1.3069,1.0547,-0.5639,4.3875%,4.7103%,13.2377%,-0.03877,NKTR,80539.0,2019-02-19,252.0,2.6865%,-0.002,1.3239,1.0533,-0.5668,4.3837%,4.7119%,13.4442%,0.022915,NKTR,80539.0,2019-02-20,252.0,0.5139%,-0.002,1.3241,1.0473,-0.5681,4.3829%,4.7108%,13.4373%,0.0033239999999999,NKTR,80539.0,2019-02-21,252.0,-6.4374%,-0.0023,1.3422,1.0714,-0.5344,4.3974%,4.7275%,13.4793%,-0.060148,NKTR,80539.0,2019-02-22,252.0,-0.5216%,-0.0025,1.3478,1.0157,-0.5181,4.3940%,4.7216%,13.3937%,-0.027789,NKTR,80539.0,2019-02-25,252.0,2.3221%,-0.0025,1.35,1.0055,-0.5152,4.3951%,4.7222%,13.3717%,0.022808,NKTR,80539.0,2019-02-26,252.0,0.1220%,-0.0024,1.3476,0.9932,-0.5232,4.3956%,4.7209%,13.3058%,0.008015,NKTR,80539.0,2019-02-27,252.0,0.0000%,-0.0025,1.3464,0.995,-0.5235,4.3956%,4.7202%,13.2827%,-0.003828,NKTR,80539.0,2019-02-28,252.0,-1.1942%,-0.0026,1.3562,1.0016,-0.5147,4.3947%,4.7206%,13.3323%,-0.009376,NKTR,80539.0,2019-03-01,252.0,-5.9447%,-0.0028,1.3296,0.9619,-0.5226,4.4162%,4.7288%,12.7863%,-0.074265,NKTR,80539.0,2019-03-04,252.0,0.4458%,-0.0026,1.3204,0.9746,-0.5162,4.4170%,4.7271%,12.6903%,0.017169,NKTR,-0.0158549999999999,-0.0125309999999999,-0.072679,-0.07766,-0.139945
30619,NEKTAR THERAPEUTICS,"Nektar Therapeutics Issues Press Release Highlighting Presentation Of New Data For NKTR-214 In Combo With Nivolumab For Advanced, Metastatic Urothelial Carcinoma At ASCO GU",6,increase,0.7,0.6,"the presentation of new data for nktr-214 in combination with nivolumab at a prominent conference like asco gu is likely to generate positive investor interest and confidence in nektar therapeutics' potential, which could lead to an increase in stock price.",2,2019-02-15,NKTR,2019-02-15 20:17:00+00:00,80539.0,64026810,-0.0218207482248544,2892475.0,0.0268650222569704,0.0087573714554309,0.0051389252766966,-0.0002365906693739,-0.0643737018108367,-0.0882416442036628,-0.0052160727791488,0.0325239263474941,0.0232209824025631,0.0244180671870708,0.0012200888013467,-0.0117275696247816,0.0,0.0134857175871729,-0.0119424294680357,0.0294117648154497,-0.0594474524259567,0.0061552631668746,0.0044583836570382,-0.0023617967963218,0.0026110259350389,-0.0176333729177713,-0.0523438043892383,0.0138790914788842,-0.0156636349856853,-0.0111654652282595,-0.0192629434168338,-0.0211747847497463,0.0091090146452188,0.0159611068665981,0.0214385986328125,-0.0163822807371616,0.0400442071259021,-0.0180964600294828,-0.0355815216898918,-0.0311688836663961,-0.0217511262744665,0.017173109576106,-0.0168870948255062,0.0179291628301143,-0.0148869296535849,0.0022461472544819,-0.0523103512823581,0.0722543373703956,0.0266788993030786,0.0124360434710979,-0.039127878844738,-0.0110924253240227,0.0062169963493943,0.0070422757416963,-0.0015446165343746,0.012291052378714,-0.0167078897356987,0.1108684167265892,0.0286342948675155,0.078327439725399,0.0278372559696435,0.0753641277551651,-0.0107141910120844,-0.077147901058197,0.0138387205079197,0.041070956736803,0.0471810139715671,-0.022308150306344,0.0,0.0135664995759725,0.0286199580878019,0.0118974801152944,-0.0088154189288616,0.0772263705730438,-0.0147303724661469,-0.0062051122076809,0.0107193533331155,-0.0615997612476348,-0.0022328167688101,-0.0475772731006145,-0.0167831741273403,-0.0414102748036384,-0.0472261682152748,0.0462529808282852,-0.0032845805399119,-0.0643658861517906,-0.0656081661581993,-0.0392105691134929,0.0157101564109325,0.0278603937476873,-0.021464655175805,0.0148229729384183,0.0200000274926424,-0.0062738554552197,-0.0154965734109282,-0.0089213792234659,0.0208802297711372,-0.0276025030761957,0.0151037639006972,0.0010526556288823,0.0021699788048863,-0.0624228678643703,-0.0095886597409844,0.0034661893732845,-0.0118676163256168,0.0287825036793947,0.0158027820289135,0.018417615443468,0.002489167265594,0.0174188409000635,0.0145871322602033,-0.0282124187797308,-0.0186600442975759,0.0492465496063232,0.0280547905713319,-0.0050869779661297,0.0748939141631126,-0.0201993826776742,-0.0186177659779787,0.0028939915355294,-0.0626616925001144,-0.0057546747848391,0.0349585823714733,0.0010474185692146,0.0268650222569704,0.0087573714554309,0.0321420048756024,0.0085187088736824,-0.0343007967726988,-0.0804746402074865,-0.0170304376368326,-0.0273847723557584,-0.0813144464806103,0.0066131044477277,-0.202686422222278,0.2454704103068188,-0.1904533121771298,0.1159989690766782,2019-02-19,2019-02-20,2019-02-21,2019-02-22,2019-02-25,2019-02-26,2019-02-27,2019-02-28,2019-03-01,2019-03-04,80539.0,2019-02-15,252.0,-2.1821%,-0.0022,1.3069,1.0547,-0.5639,4.3875%,4.7103%,13.2377%,-0.03877,NKTR,80539.0,2019-02-19,252.0,2.6865%,-0.002,1.3239,1.0533,-0.5668,4.3837%,4.7119%,13.4442%,0.022915,NKTR,80539.0,2019-02-20,252.0,0.5139%,-0.002,1.3241,1.0473,-0.5681,4.3829%,4.7108%,13.4373%,0.0033239999999999,NKTR,80539.0,2019-02-21,252.0,-6.4374%,-0.0023,1.3422,1.0714,-0.5344,4.3974%,4.7275%,13.4793%,-0.060148,NKTR,80539.0,2019-02-22,252.0,-0.5216%,-0.0025,1.3478,1.0157,-0.5181,4.3940%,4.7216%,13.3937%,-0.027789,NKTR,80539.0,2019-02-25,252.0,2.3221%,-0.0025,1.35,1.0055,-0.5152,4.3951%,4.7222%,13.3717%,0.022808,NKTR,80539.0,2019-02-26,252.0,0.1220%,-0.0024,1.3476,0.9932,-0.5232,4.3956%,4.7209%,13.3058%,0.008015,NKTR,80539.0,2019-02-27,252.0,0.0000%,-0.0025,1.3464,0.995,-0.5235,4.3956%,4.7202%,13.2827%,-0.003828,NKTR,80539.0,2019-02-28,252.0,-1.1942%,-0.0026,1.3562,1.0016,-0.5147,4.3947%,4.7206%,13.3323%,-0.009376,NKTR,80539.0,2019-03-01,252.0,-5.9447%,-0.0028,1.3296,0.9619,-0.5226,4.4162%,4.7288%,12.7863%,-0.074265,NKTR,80539.0,2019-03-04,252.0,0.4458%,-0.0026,1.3204,0.9746,-0.5162,4.4170%,4.7271%,12.6903%,0.017169,NKTR,-0.0158549999999999,-0.0125309999999999,-0.072679,-0.07766,-0.139945
30627,NVIDIA CORP,"Nvidia Shares Up After Earnings, But A Weak Recovery Does Not Bode Well For The Chart",6,uncertain,0.7,0.3,"while nvidia's shares are up after earnings, the mention of a weak recovery suggests potential challenges ahead, leading to uncertainty about the stock's future performance.",1,2019-02-15,NVDA,2019-02-15 19:45:00+00:00,86580.0,67066G10,0.0181841552257537,37917734.0,-0.0044489447027444,0.0107927387580275,0.012193588539958,0.011311812326312,-0.0175338927656412,0.0322294384241104,0.0219554342329502,-0.0116082960739731,-0.0031409007497131,0.005087505094707,-0.0100195119157433,-0.0364705994725227,-0.0107574947178363,0.0203401334583759,-0.006370305083692,0.0051615787670016,0.0141968270763754,0.0307468883693218,0.0021093117538839,0.006817361805588,-0.0016583397518843,0.0462915822863578,-0.0285586584359407,0.0439969077706337,-0.0183492824435234,-0.0464458279311657,0.0092456443235278,-0.1382454037666321,0.0697026029229164,0.014635058119893,0.0085640121251344,0.0572711043059825,0.0375337861478328,0.0034952543210238,-0.0181472990661859,-0.051997635513544,0.0256704520434141,0.0343395173549652,-0.0050644874572753,0.0193496700376272,0.0400118976831436,-0.0068726148456335,-0.007455538958311,-0.0037889345549046,0.0547018870711326,0.0108177158981561,-0.0350114293396472,0.0247883088886737,-0.0209577530622482,0.0185860134661197,0.0177810806781053,0.019666738808155,-0.0020919044036418,-0.0248953439295291,0.00424929196015,0.0529406815767288,0.0130324261263012,0.064067542552948,0.0151481470093131,-0.0604169964790344,0.003949973732233,0.0203745402395725,0.0307103563100099,-0.0011222888715565,-0.0019086025422438,0.0189067292958498,0.0142887625843286,-0.0145004345104098,0.0043990383855998,0.0473717674612999,-0.0131915053352713,-0.0192174520343542,0.0150058735162019,-0.0409326329827308,-0.0029152149800211,-0.0246190782636404,-0.0079878820106387,-0.0573704093694686,-0.0279458854347467,0.0234015919268131,0.0190038438886404,-0.0195971000939607,-0.0048882281407713,-0.0163879543542861,-0.0052858684211969,-6.712228059768677e-05,0.0116478698328137,0.0047910888679325,0.0116729289293289,-0.0241669844835996,0.0026223317254334,0.0287920869886875,-0.0222838018089532,-0.0674710571765899,-0.0471885241568088,0.0075106145814061,0.0069628027267754,-0.076040893793106,0.009312430396676,0.0404454544186592,-0.0029281701426953,0.0385739207267761,0.0150717636570334,-0.0159305725246667,-0.0009826297173276,0.0412412136793136,-0.0172667540609836,0.0044429446570575,-0.0374757051467895,0.0555172637104988,0.0046790917403995,0.002003961475566,-0.0214466173201799,-0.0293130874633789,-0.0080497981980443,0.0302695576101541,-0.061426430940628,-0.1199902519583702,0.0226569660007953,-0.1875587105751038,-0.0044489447027444,0.0107927387580275,0.0076903952360711,0.0222266365196572,-0.0099783400949646,0.0551724269568529,0.0085801838393408,0.0482295525155027,-0.0025256377916637,0.0749912963358927,0.1597118745834882,0.1344148855723388,0.0309397910715183,-0.2356978252942999,2019-02-19,2019-02-20,2019-02-21,2019-02-22,2019-02-25,2019-02-26,2019-02-27,2019-02-28,2019-03-01,2019-03-04,86580.0,2019-02-15,252.0,1.8184%,-0.0021,1.7209,0.1537,-1.1646,2.3218%,3.2170%,47.9095%,0.0036,NVDA,86580.0,2019-02-19,252.0,-0.4449%,-0.002,1.7219,0.1498,-1.169,2.3217%,3.2139%,47.8186%,-0.00477,NVDA,86580.0,2019-02-20,252.0,1.2194%,-0.0019,1.7274,0.1655,-1.1487,2.3235%,3.2145%,47.7521%,0.014922,NVDA,86580.0,2019-02-21,252.0,-1.7534%,-0.0021,1.7417,0.192,-1.1224,2.3158%,3.2129%,48.0473%,-0.013769,NVDA,86580.0,2019-02-22,252.0,2.1955%,-0.002,1.7414,0.2178,-1.1026,2.3126%,3.2110%,48.1286%,-0.0070199999999999,NVDA,86580.0,2019-02-25,252.0,-0.3141%,-0.0021,1.7414,0.2205,-1.1009,2.3128%,3.2109%,48.1152%,-0.007271,NVDA,86580.0,2019-02-26,252.0,-1.0020%,-0.0021,1.749,0.2235,-1.0937,2.3124%,3.2096%,48.0918%,-0.009555,NVDA,86580.0,2019-02-27,252.0,-1.0757%,-0.002,1.7552,0.2089,-1.0927,2.3119%,3.2101%,48.1333%,-0.014169,NVDA,86580.0,2019-02-28,252.0,-0.6370%,-0.0021,1.7678,0.2175,-1.0832,2.3074%,3.2102%,48.3360%,-0.003803,NVDA,86580.0,2019-03-01,252.0,1.4197%,-0.0022,1.7691,0.2195,-1.0804,2.3074%,3.2103%,48.3394%,-0.003584,NVDA,86580.0,2019-03-04,252.0,0.2109%,-0.002,1.7576,0.2412,-1.0736,2.3069%,3.2007%,48.0541%,0.01631,NVDA,-0.00117,0.013752,-1.6999999999999654e-05,-0.0143079999999999,-0.0291089999999999
30635,NVIDIA CORP,Analysts: Nvidia Needs A Big Second Half Of 2019,6,uncertain,0.6,0.3,"the statement indicates a need for improvement in performance, which could lead to volatility in stock price depending on future results and market reactions.",1,2019-02-15,NVDA,2019-02-15 17:28:00+00:00,86580.0,67066G10,0.0181841552257537,37917734.0,-0.0044489447027444,0.0107927387580275,0.012193588539958,0.011311812326312,-0.0175338927656412,0.0322294384241104,0.0219554342329502,-0.0116082960739731,-0.0031409007497131,0.005087505094707,-0.0100195119157433,-0.0364705994725227,-0.0107574947178363,0.0203401334583759,-0.006370305083692,0.0051615787670016,0.0141968270763754,0.0307468883693218,0.0021093117538839,0.006817361805588,-0.0016583397518843,0.0462915822863578,-0.0285586584359407,0.0439969077706337,-0.0183492824435234,-0.0464458279311657,0.0092456443235278,-0.1382454037666321,0.0697026029229164,0.014635058119893,0.0085640121251344,0.0572711043059825,0.0375337861478328,0.0034952543210238,-0.0181472990661859,-0.051997635513544,0.0256704520434141,0.0343395173549652,-0.0050644874572753,0.0193496700376272,0.0400118976831436,-0.0068726148456335,-0.007455538958311,-0.0037889345549046,0.0547018870711326,0.0108177158981561,-0.0350114293396472,0.0247883088886737,-0.0209577530622482,0.0185860134661197,0.0177810806781053,0.019666738808155,-0.0020919044036418,-0.0248953439295291,0.00424929196015,0.0529406815767288,0.0130324261263012,0.064067542552948,0.0151481470093131,-0.0604169964790344,0.003949973732233,0.0203745402395725,0.0307103563100099,-0.0011222888715565,-0.0019086025422438,0.0189067292958498,0.0142887625843286,-0.0145004345104098,0.0043990383855998,0.0473717674612999,-0.0131915053352713,-0.0192174520343542,0.0150058735162019,-0.0409326329827308,-0.0029152149800211,-0.0246190782636404,-0.0079878820106387,-0.0573704093694686,-0.0279458854347467,0.0234015919268131,0.0190038438886404,-0.0195971000939607,-0.0048882281407713,-0.0163879543542861,-0.0052858684211969,-6.712228059768677e-05,0.0116478698328137,0.0047910888679325,0.0116729289293289,-0.0241669844835996,0.0026223317254334,0.0287920869886875,-0.0222838018089532,-0.0674710571765899,-0.0471885241568088,0.0075106145814061,0.0069628027267754,-0.076040893793106,0.009312430396676,0.0404454544186592,-0.0029281701426953,0.0385739207267761,0.0150717636570334,-0.0159305725246667,-0.0009826297173276,0.0412412136793136,-0.0172667540609836,0.0044429446570575,-0.0374757051467895,0.0555172637104988,0.0046790917403995,0.002003961475566,-0.0214466173201799,-0.0293130874633789,-0.0080497981980443,0.0302695576101541,-0.061426430940628,-0.1199902519583702,0.0226569660007953,-0.1875587105751038,-0.0044489447027444,0.0107927387580275,0.0076903952360711,0.0222266365196572,-0.0099783400949646,0.0551724269568529,0.0085801838393408,0.0482295525155027,-0.0025256377916637,0.0749912963358927,0.1597118745834882,0.1344148855723388,0.0309397910715183,-0.2356978252942999,2019-02-19,2019-02-20,2019-02-21,2019-02-22,2019-02-25,2019-02-26,2019-02-27,2019-02-28,2019-03-01,2019-03-04,86580.0,2019-02-15,252.0,1.8184%,-0.0021,1.7209,0.1537,-1.1646,2.3218%,3.2170%,47.9095%,0.0036,NVDA,86580.0,2019-02-19,252.0,-0.4449%,-0.002,1.7219,0.1498,-1.169,2.3217%,3.2139%,47.8186%,-0.00477,NVDA,86580.0,2019-02-20,252.0,1.2194%,-0.0019,1.7274,0.1655,-1.1487,2.3235%,3.2145%,47.7521%,0.014922,NVDA,86580.0,2019-02-21,252.0,-1.7534%,-0.0021,1.7417,0.192,-1.1224,2.3158%,3.2129%,48.0473%,-0.013769,NVDA,86580.0,2019-02-22,252.0,2.1955%,-0.002,1.7414,0.2178,-1.1026,2.3126%,3.2110%,48.1286%,-0.0070199999999999,NVDA,86580.0,2019-02-25,252.0,-0.3141%,-0.0021,1.7414,0.2205,-1.1009,2.3128%,3.2109%,48.1152%,-0.007271,NVDA,86580.0,2019-02-26,252.0,-1.0020%,-0.0021,1.749,0.2235,-1.0937,2.3124%,3.2096%,48.0918%,-0.009555,NVDA,86580.0,2019-02-27,252.0,-1.0757%,-0.002,1.7552,0.2089,-1.0927,2.3119%,3.2101%,48.1333%,-0.014169,NVDA,86580.0,2019-02-28,252.0,-0.6370%,-0.0021,1.7678,0.2175,-1.0832,2.3074%,3.2102%,48.3360%,-0.003803,NVDA,86580.0,2019-03-01,252.0,1.4197%,-0.0022,1.7691,0.2195,-1.0804,2.3074%,3.2103%,48.3394%,-0.003584,NVDA,86580.0,2019-03-04,252.0,0.2109%,-0.002,1.7576,0.2412,-1.0736,2.3069%,3.2007%,48.0541%,0.01631,NVDA,-0.00117,0.013752,-1.6999999999999654e-05,-0.0143079999999999,-0.0291089999999999
30643,NVIDIA CORP,NVIDIA shares are trading higher after the company said it expects 2020 revenue to be roughly the same as 2019 while analysts expected a revenue drop.,6,increase,0.8,0.6,"the expectation of stable revenue in 2020, contrary to analysts' predictions of a drop, is likely to boost investor confidence and drive the stock price higher.",2,2019-02-15,NVDA,2019-02-15 13:09:00+00:00,86580.0,67066G10,0.0181841552257537,37917734.0,-0.0044489447027444,0.0107927387580275,0.012193588539958,0.011311812326312,-0.0175338927656412,0.0322294384241104,0.0219554342329502,-0.0116082960739731,-0.0031409007497131,0.005087505094707,-0.0100195119157433,-0.0364705994725227,-0.0107574947178363,0.0203401334583759,-0.006370305083692,0.0051615787670016,0.0141968270763754,0.0307468883693218,0.0021093117538839,0.006817361805588,-0.0016583397518843,0.0462915822863578,-0.0285586584359407,0.0439969077706337,-0.0183492824435234,-0.0464458279311657,0.0092456443235278,-0.1382454037666321,0.0697026029229164,0.014635058119893,0.0085640121251344,0.0572711043059825,0.0375337861478328,0.0034952543210238,-0.0181472990661859,-0.051997635513544,0.0256704520434141,0.0343395173549652,-0.0050644874572753,0.0193496700376272,0.0400118976831436,-0.0068726148456335,-0.007455538958311,-0.0037889345549046,0.0547018870711326,0.0108177158981561,-0.0350114293396472,0.0247883088886737,-0.0209577530622482,0.0185860134661197,0.0177810806781053,0.019666738808155,-0.0020919044036418,-0.0248953439295291,0.00424929196015,0.0529406815767288,0.0130324261263012,0.064067542552948,0.0151481470093131,-0.0604169964790344,0.003949973732233,0.0203745402395725,0.0307103563100099,-0.0011222888715565,-0.0019086025422438,0.0189067292958498,0.0142887625843286,-0.0145004345104098,0.0043990383855998,0.0473717674612999,-0.0131915053352713,-0.0192174520343542,0.0150058735162019,-0.0409326329827308,-0.0029152149800211,-0.0246190782636404,-0.0079878820106387,-0.0573704093694686,-0.0279458854347467,0.0234015919268131,0.0190038438886404,-0.0195971000939607,-0.0048882281407713,-0.0163879543542861,-0.0052858684211969,-6.712228059768677e-05,0.0116478698328137,0.0047910888679325,0.0116729289293289,-0.0241669844835996,0.0026223317254334,0.0287920869886875,-0.0222838018089532,-0.0674710571765899,-0.0471885241568088,0.0075106145814061,0.0069628027267754,-0.076040893793106,0.009312430396676,0.0404454544186592,-0.0029281701426953,0.0385739207267761,0.0150717636570334,-0.0159305725246667,-0.0009826297173276,0.0412412136793136,-0.0172667540609836,0.0044429446570575,-0.0374757051467895,0.0555172637104988,0.0046790917403995,0.002003961475566,-0.0214466173201799,-0.0293130874633789,-0.0080497981980443,0.0302695576101541,-0.061426430940628,-0.1199902519583702,0.0226569660007953,-0.1875587105751038,-0.0044489447027444,0.0107927387580275,0.0076903952360711,0.0222266365196572,-0.0099783400949646,0.0551724269568529,0.0085801838393408,0.0482295525155027,-0.0025256377916637,0.0749912963358927,0.1597118745834882,0.1344148855723388,0.0309397910715183,-0.2356978252942999,2019-02-19,2019-02-20,2019-02-21,2019-02-22,2019-02-25,2019-02-26,2019-02-27,2019-02-28,2019-03-01,2019-03-04,86580.0,2019-02-15,252.0,1.8184%,-0.0021,1.7209,0.1537,-1.1646,2.3218%,3.2170%,47.9095%,0.0036,NVDA,86580.0,2019-02-19,252.0,-0.4449%,-0.002,1.7219,0.1498,-1.169,2.3217%,3.2139%,47.8186%,-0.00477,NVDA,86580.0,2019-02-20,252.0,1.2194%,-0.0019,1.7274,0.1655,-1.1487,2.3235%,3.2145%,47.7521%,0.014922,NVDA,86580.0,2019-02-21,252.0,-1.7534%,-0.0021,1.7417,0.192,-1.1224,2.3158%,3.2129%,48.0473%,-0.013769,NVDA,86580.0,2019-02-22,252.0,2.1955%,-0.002,1.7414,0.2178,-1.1026,2.3126%,3.2110%,48.1286%,-0.0070199999999999,NVDA,86580.0,2019-02-25,252.0,-0.3141%,-0.0021,1.7414,0.2205,-1.1009,2.3128%,3.2109%,48.1152%,-0.007271,NVDA,86580.0,2019-02-26,252.0,-1.0020%,-0.0021,1.749,0.2235,-1.0937,2.3124%,3.2096%,48.0918%,-0.009555,NVDA,86580.0,2019-02-27,252.0,-1.0757%,-0.002,1.7552,0.2089,-1.0927,2.3119%,3.2101%,48.1333%,-0.014169,NVDA,86580.0,2019-02-28,252.0,-0.6370%,-0.0021,1.7678,0.2175,-1.0832,2.3074%,3.2102%,48.3360%,-0.003803,NVDA,86580.0,2019-03-01,252.0,1.4197%,-0.0022,1.7691,0.2195,-1.0804,2.3074%,3.2103%,48.3394%,-0.003584,NVDA,86580.0,2019-03-04,252.0,0.2109%,-0.002,1.7576,0.2412,-1.0736,2.3069%,3.2007%,48.0541%,0.01631,NVDA,-0.00117,0.013752,-1.6999999999999654e-05,-0.0143079999999999,-0.0291089999999999
30651,NVIDIA CORP,"UPDATE: Loup's Munster Sees NVIDIA Shares Being 'range bound in the coming months, as investors will likely trim revenue expectations'",6,decrease,0.7,0.6,"the expectation of nvidia shares being 'range bound' and potential trimming of revenue expectations suggests a lack of positive momentum, likely leading to a decrease in stock price.",0,2019-02-15,NVDA,2019-02-15 11:21:00+00:00,86580.0,67066G10,0.0181841552257537,37917734.0,-0.0044489447027444,0.0107927387580275,0.012193588539958,0.011311812326312,-0.0175338927656412,0.0322294384241104,0.0219554342329502,-0.0116082960739731,-0.0031409007497131,0.005087505094707,-0.0100195119157433,-0.0364705994725227,-0.0107574947178363,0.0203401334583759,-0.006370305083692,0.0051615787670016,0.0141968270763754,0.0307468883693218,0.0021093117538839,0.006817361805588,-0.0016583397518843,0.0462915822863578,-0.0285586584359407,0.0439969077706337,-0.0183492824435234,-0.0464458279311657,0.0092456443235278,-0.1382454037666321,0.0697026029229164,0.014635058119893,0.0085640121251344,0.0572711043059825,0.0375337861478328,0.0034952543210238,-0.0181472990661859,-0.051997635513544,0.0256704520434141,0.0343395173549652,-0.0050644874572753,0.0193496700376272,0.0400118976831436,-0.0068726148456335,-0.007455538958311,-0.0037889345549046,0.0547018870711326,0.0108177158981561,-0.0350114293396472,0.0247883088886737,-0.0209577530622482,0.0185860134661197,0.0177810806781053,0.019666738808155,-0.0020919044036418,-0.0248953439295291,0.00424929196015,0.0529406815767288,0.0130324261263012,0.064067542552948,0.0151481470093131,-0.0604169964790344,0.003949973732233,0.0203745402395725,0.0307103563100099,-0.0011222888715565,-0.0019086025422438,0.0189067292958498,0.0142887625843286,-0.0145004345104098,0.0043990383855998,0.0473717674612999,-0.0131915053352713,-0.0192174520343542,0.0150058735162019,-0.0409326329827308,-0.0029152149800211,-0.0246190782636404,-0.0079878820106387,-0.0573704093694686,-0.0279458854347467,0.0234015919268131,0.0190038438886404,-0.0195971000939607,-0.0048882281407713,-0.0163879543542861,-0.0052858684211969,-6.712228059768677e-05,0.0116478698328137,0.0047910888679325,0.0116729289293289,-0.0241669844835996,0.0026223317254334,0.0287920869886875,-0.0222838018089532,-0.0674710571765899,-0.0471885241568088,0.0075106145814061,0.0069628027267754,-0.076040893793106,0.009312430396676,0.0404454544186592,-0.0029281701426953,0.0385739207267761,0.0150717636570334,-0.0159305725246667,-0.0009826297173276,0.0412412136793136,-0.0172667540609836,0.0044429446570575,-0.0374757051467895,0.0555172637104988,0.0046790917403995,0.002003961475566,-0.0214466173201799,-0.0293130874633789,-0.0080497981980443,0.0302695576101541,-0.061426430940628,-0.1199902519583702,0.0226569660007953,-0.1875587105751038,-0.0044489447027444,0.0107927387580275,0.0076903952360711,0.0222266365196572,-0.0099783400949646,0.0551724269568529,0.0085801838393408,0.0482295525155027,-0.0025256377916637,0.0749912963358927,0.1597118745834882,0.1344148855723388,0.0309397910715183,-0.2356978252942999,2019-02-19,2019-02-20,2019-02-21,2019-02-22,2019-02-25,2019-02-26,2019-02-27,2019-02-28,2019-03-01,2019-03-04,86580.0,2019-02-15,252.0,1.8184%,-0.0021,1.7209,0.1537,-1.1646,2.3218%,3.2170%,47.9095%,0.0036,NVDA,86580.0,2019-02-19,252.0,-0.4449%,-0.002,1.7219,0.1498,-1.169,2.3217%,3.2139%,47.8186%,-0.00477,NVDA,86580.0,2019-02-20,252.0,1.2194%,-0.0019,1.7274,0.1655,-1.1487,2.3235%,3.2145%,47.7521%,0.014922,NVDA,86580.0,2019-02-21,252.0,-1.7534%,-0.0021,1.7417,0.192,-1.1224,2.3158%,3.2129%,48.0473%,-0.013769,NVDA,86580.0,2019-02-22,252.0,2.1955%,-0.002,1.7414,0.2178,-1.1026,2.3126%,3.2110%,48.1286%,-0.0070199999999999,NVDA,86580.0,2019-02-25,252.0,-0.3141%,-0.0021,1.7414,0.2205,-1.1009,2.3128%,3.2109%,48.1152%,-0.007271,NVDA,86580.0,2019-02-26,252.0,-1.0020%,-0.0021,1.749,0.2235,-1.0937,2.3124%,3.2096%,48.0918%,-0.009555,NVDA,86580.0,2019-02-27,252.0,-1.0757%,-0.002,1.7552,0.2089,-1.0927,2.3119%,3.2101%,48.1333%,-0.014169,NVDA,86580.0,2019-02-28,252.0,-0.6370%,-0.0021,1.7678,0.2175,-1.0832,2.3074%,3.2102%,48.3360%,-0.003803,NVDA,86580.0,2019-03-01,252.0,1.4197%,-0.0022,1.7691,0.2195,-1.0804,2.3074%,3.2103%,48.3394%,-0.003584,NVDA,86580.0,2019-03-04,252.0,0.2109%,-0.002,1.7576,0.2412,-1.0736,2.3069%,3.2007%,48.0541%,0.01631,NVDA,-0.00117,0.013752,-1.6999999999999654e-05,-0.0143079999999999,-0.0291089999999999
30659,NVIDIA CORP,Loup Ventures' Gene Munster On NVIDIA Results: 'While we are believers in the Nvidia story...we believe that there remains risk to FY20 guidance',6,decrease,0.7,0.6,"the mention of risk to fy20 guidance suggests potential concerns about future performance, which could negatively impact investor sentiment and lead to a decrease in stock price.",0,2019-02-15,NVDA,2019-02-15 11:20:00+00:00,86580.0,67066G10,0.0181841552257537,37917734.0,-0.0044489447027444,0.0107927387580275,0.012193588539958,0.011311812326312,-0.0175338927656412,0.0322294384241104,0.0219554342329502,-0.0116082960739731,-0.0031409007497131,0.005087505094707,-0.0100195119157433,-0.0364705994725227,-0.0107574947178363,0.0203401334583759,-0.006370305083692,0.0051615787670016,0.0141968270763754,0.0307468883693218,0.0021093117538839,0.006817361805588,-0.0016583397518843,0.0462915822863578,-0.0285586584359407,0.0439969077706337,-0.0183492824435234,-0.0464458279311657,0.0092456443235278,-0.1382454037666321,0.0697026029229164,0.014635058119893,0.0085640121251344,0.0572711043059825,0.0375337861478328,0.0034952543210238,-0.0181472990661859,-0.051997635513544,0.0256704520434141,0.0343395173549652,-0.0050644874572753,0.0193496700376272,0.0400118976831436,-0.0068726148456335,-0.007455538958311,-0.0037889345549046,0.0547018870711326,0.0108177158981561,-0.0350114293396472,0.0247883088886737,-0.0209577530622482,0.0185860134661197,0.0177810806781053,0.019666738808155,-0.0020919044036418,-0.0248953439295291,0.00424929196015,0.0529406815767288,0.0130324261263012,0.064067542552948,0.0151481470093131,-0.0604169964790344,0.003949973732233,0.0203745402395725,0.0307103563100099,-0.0011222888715565,-0.0019086025422438,0.0189067292958498,0.0142887625843286,-0.0145004345104098,0.0043990383855998,0.0473717674612999,-0.0131915053352713,-0.0192174520343542,0.0150058735162019,-0.0409326329827308,-0.0029152149800211,-0.0246190782636404,-0.0079878820106387,-0.0573704093694686,-0.0279458854347467,0.0234015919268131,0.0190038438886404,-0.0195971000939607,-0.0048882281407713,-0.0163879543542861,-0.0052858684211969,-6.712228059768677e-05,0.0116478698328137,0.0047910888679325,0.0116729289293289,-0.0241669844835996,0.0026223317254334,0.0287920869886875,-0.0222838018089532,-0.0674710571765899,-0.0471885241568088,0.0075106145814061,0.0069628027267754,-0.076040893793106,0.009312430396676,0.0404454544186592,-0.0029281701426953,0.0385739207267761,0.0150717636570334,-0.0159305725246667,-0.0009826297173276,0.0412412136793136,-0.0172667540609836,0.0044429446570575,-0.0374757051467895,0.0555172637104988,0.0046790917403995,0.002003961475566,-0.0214466173201799,-0.0293130874633789,-0.0080497981980443,0.0302695576101541,-0.061426430940628,-0.1199902519583702,0.0226569660007953,-0.1875587105751038,-0.0044489447027444,0.0107927387580275,0.0076903952360711,0.0222266365196572,-0.0099783400949646,0.0551724269568529,0.0085801838393408,0.0482295525155027,-0.0025256377916637,0.0749912963358927,0.1597118745834882,0.1344148855723388,0.0309397910715183,-0.2356978252942999,2019-02-19,2019-02-20,2019-02-21,2019-02-22,2019-02-25,2019-02-26,2019-02-27,2019-02-28,2019-03-01,2019-03-04,86580.0,2019-02-15,252.0,1.8184%,-0.0021,1.7209,0.1537,-1.1646,2.3218%,3.2170%,47.9095%,0.0036,NVDA,86580.0,2019-02-19,252.0,-0.4449%,-0.002,1.7219,0.1498,-1.169,2.3217%,3.2139%,47.8186%,-0.00477,NVDA,86580.0,2019-02-20,252.0,1.2194%,-0.0019,1.7274,0.1655,-1.1487,2.3235%,3.2145%,47.7521%,0.014922,NVDA,86580.0,2019-02-21,252.0,-1.7534%,-0.0021,1.7417,0.192,-1.1224,2.3158%,3.2129%,48.0473%,-0.013769,NVDA,86580.0,2019-02-22,252.0,2.1955%,-0.002,1.7414,0.2178,-1.1026,2.3126%,3.2110%,48.1286%,-0.0070199999999999,NVDA,86580.0,2019-02-25,252.0,-0.3141%,-0.0021,1.7414,0.2205,-1.1009,2.3128%,3.2109%,48.1152%,-0.007271,NVDA,86580.0,2019-02-26,252.0,-1.0020%,-0.0021,1.749,0.2235,-1.0937,2.3124%,3.2096%,48.0918%,-0.009555,NVDA,86580.0,2019-02-27,252.0,-1.0757%,-0.002,1.7552,0.2089,-1.0927,2.3119%,3.2101%,48.1333%,-0.014169,NVDA,86580.0,2019-02-28,252.0,-0.6370%,-0.0021,1.7678,0.2175,-1.0832,2.3074%,3.2102%,48.3360%,-0.003803,NVDA,86580.0,2019-03-01,252.0,1.4197%,-0.0022,1.7691,0.2195,-1.0804,2.3074%,3.2103%,48.3394%,-0.003584,NVDA,86580.0,2019-03-04,252.0,0.2109%,-0.002,1.7576,0.2412,-1.0736,2.3069%,3.2007%,48.0541%,0.01631,NVDA,-0.00117,0.013752,-1.6999999999999654e-05,-0.0143079999999999,-0.0291089999999999
30667,NAVIGATOR HOLDINGS LTD,Navigator Holdings shares are trading higher after Morgan Stanley upgraded the company's stock from Equal-Weight to Overweight and raised its price target from $13 per share to $14 per share.,6,increase,0.8,0.7,"the upgrade from morgan stanley and the increase in price target typically signal positive sentiment, likely leading to an increase in the stock price.",2,2019-02-15,NVGS,2019-02-15 16:05:00+00:00,14301.0,Y6213210,0.0786852538585662,234304.0,0.0120037039741873,-0.00888451654464,-0.0200730171054601,0.0180904828011989,0.0037243913393467,-0.0079760644584894,-0.0009275765623897,0.0019979523494839,0.0213555749505758,-0.0069444142282009,-0.0154545521363616,0.0039840601384639,-0.0046168230473995,-0.0049554202705621,0.0083488086238503,-0.0136851808056235,-0.0009199842461384,0.0219779536128044,0.0082873068749904,0.0481675416231155,-0.0036529647186398,0.0073840348049998,0.0119156846776604,-0.0073299105279147,-0.0054348204284906,0.0020986839663237,-0.015482616610825,0.004214959219098,-0.0027752716559916,0.0106495656073093,0.012059380300343,0.0398671776056289,-0.0091658504679799,-0.0098684383556246,0.0009250022703781,-0.0161812901496887,0.022181212902069,0.0243094209581613,0.0063290861435234,0.0033259126357734,0.0026953937485814,-0.0087911998853087,0.0071684522554278,-0.0043763634748756,-0.0080071315169334,-0.0140237445011735,-0.0116591183468699,-0.0042964513413608,-0.0172414276748895,-0.0528992377221584,0.0,-0.0248015876859426,0.0,0.0243902206420898,-0.0101569397374987,-0.0010152516188099,0.026119377464056,0.0324948020279407,0.0172726884484291,-0.0215384662151336,-0.0008935903315432,0.0372340828180313,0.0107334423810243,0.0479374974966049,-0.0088495910167694,-0.0033333036117255,0.0,-0.0088105639442801,0.0116071533411741,0.0077691115438938,-0.015004419721663,-0.0227765757590532,0.0259856600314378,-0.0658560916781425,-0.0200872961431741,-0.0227723252028226,-0.0089126899838447,-0.0260365959256887,0.0107913566753268,-0.0433579571545124,-0.0115658463910222,-0.0457746051251888,-0.0072007132694125,-0.0215331614017486,-0.0072529399767518,-0.0219039786607027,0.0100457184016704,0.0439753755927085,0.0135623523965477,-0.0069868932478129,-0.0035682392772287,-0.0230375807732343,0.0089525859802961,-0.007620673161,0.0044364891946315,-0.0158332977443933,0.0008834124892018,-0.0082644941285252,-0.0097087072208523,0.0041493931785225,0.002673772862181,0.0008305837982334,-0.0008889092132449,-0.0211382303386926,0.0017794001614674,0.0098522072657942,0.004440514370799,0.0133111346513032,-0.0185676421970129,0.0100841047242283,0.00270267855376,0.0050675221718847,-0.0062892804853618,0.019810551777482,0.0018082733731716,-0.0341098830103874,-0.0297833867371082,-0.0057898839004337,-0.0437209568917751,0.0134115545079112,0.0120037039741873,-0.00888451654464,-0.0083102636864755,0.009045241062811,-0.0046168230212304,0.000997031178562,0.0156971454372465,-0.003968250919012,0.0110803226093463,0.0513088746037779,0.0332409644085103,0.0297435814998603,-0.0507848753187241,-0.1584241654900374,2019-02-19,2019-02-20,2019-02-21,2019-02-22,2019-02-25,2019-02-26,2019-02-27,2019-02-28,2019-03-01,2019-03-04,14301.0,2019-02-15,252.0,7.8685%,-0.0004,0.903,1.0409,0.8997,1.9578%,2.1887%,19.9933%,0.062402,NVGS,14301.0,2019-02-19,252.0,1.2004%,-0.0003,0.9124,1.0321,0.889,1.9506%,2.1854%,20.3296%,0.00447,NVGS,14301.0,2019-02-20,252.0,-2.0073%,-0.0003,0.9079,1.0382,0.8772,1.9451%,2.1799%,20.3822%,-0.029067,NVGS,14301.0,2019-02-21,252.0,0.3724%,-0.0001,0.8979,1.0201,0.8589,1.9415%,2.1704%,19.9779%,0.009728,NVGS,14301.0,2019-02-22,252.0,-0.0928%,-0.0001,0.8971,1.04,0.8674,1.9393%,2.1697%,20.1138%,0.00015,NVGS,14301.0,2019-02-25,252.0,2.1356%,0.0,0.8969,1.0278,0.8601,1.9453%,2.1738%,19.9184%,0.024175,NVGS,14301.0,2019-02-26,252.0,-1.5455%,0.0,0.9005,1.0309,0.8643,1.9453%,2.1758%,20.0642%,-0.004703,NVGS,14301.0,2019-02-27,252.0,-0.4617%,0.0001,0.9099,1.0123,0.8659,1.9410%,2.1733%,20.2384%,-0.006449,NVGS,14301.0,2019-02-28,252.0,0.8349%,-0.0,0.9259,1.0237,0.8745,1.9303%,2.1696%,20.8452%,0.0130319999999999,NVGS,14301.0,2019-03-01,252.0,-0.0920%,0.0001,0.9011,0.9868,0.8394,1.9155%,2.1413%,19.9783%,-0.007147,NVGS,14301.0,2019-03-04,252.0,0.8287%,0.0002,0.8999,0.9788,0.8425,1.9174%,2.1419%,19.8691%,0.013557,NVGS,0.066872,0.037805,0.047533,0.071858,0.080148
30675,NAVIGATOR HOLDINGS LTD,"Morgan Stanley Upgrades Navigator Holdings to Overweight, Raises Price Target to $14",6,increase,0.8,0.7,the upgrade to 'overweight' by morgan stanley and the increase in price target typically signal positive sentiment and potential for stock price appreciation.,2,2019-02-15,NVGS,2019-02-15 13:18:00+00:00,14301.0,Y6213210,0.0786852538585662,234304.0,0.0120037039741873,-0.00888451654464,-0.0200730171054601,0.0180904828011989,0.0037243913393467,-0.0079760644584894,-0.0009275765623897,0.0019979523494839,0.0213555749505758,-0.0069444142282009,-0.0154545521363616,0.0039840601384639,-0.0046168230473995,-0.0049554202705621,0.0083488086238503,-0.0136851808056235,-0.0009199842461384,0.0219779536128044,0.0082873068749904,0.0481675416231155,-0.0036529647186398,0.0073840348049998,0.0119156846776604,-0.0073299105279147,-0.0054348204284906,0.0020986839663237,-0.015482616610825,0.004214959219098,-0.0027752716559916,0.0106495656073093,0.012059380300343,0.0398671776056289,-0.0091658504679799,-0.0098684383556246,0.0009250022703781,-0.0161812901496887,0.022181212902069,0.0243094209581613,0.0063290861435234,0.0033259126357734,0.0026953937485814,-0.0087911998853087,0.0071684522554278,-0.0043763634748756,-0.0080071315169334,-0.0140237445011735,-0.0116591183468699,-0.0042964513413608,-0.0172414276748895,-0.0528992377221584,0.0,-0.0248015876859426,0.0,0.0243902206420898,-0.0101569397374987,-0.0010152516188099,0.026119377464056,0.0324948020279407,0.0172726884484291,-0.0215384662151336,-0.0008935903315432,0.0372340828180313,0.0107334423810243,0.0479374974966049,-0.0088495910167694,-0.0033333036117255,0.0,-0.0088105639442801,0.0116071533411741,0.0077691115438938,-0.015004419721663,-0.0227765757590532,0.0259856600314378,-0.0658560916781425,-0.0200872961431741,-0.0227723252028226,-0.0089126899838447,-0.0260365959256887,0.0107913566753268,-0.0433579571545124,-0.0115658463910222,-0.0457746051251888,-0.0072007132694125,-0.0215331614017486,-0.0072529399767518,-0.0219039786607027,0.0100457184016704,0.0439753755927085,0.0135623523965477,-0.0069868932478129,-0.0035682392772287,-0.0230375807732343,0.0089525859802961,-0.007620673161,0.0044364891946315,-0.0158332977443933,0.0008834124892018,-0.0082644941285252,-0.0097087072208523,0.0041493931785225,0.002673772862181,0.0008305837982334,-0.0008889092132449,-0.0211382303386926,0.0017794001614674,0.0098522072657942,0.004440514370799,0.0133111346513032,-0.0185676421970129,0.0100841047242283,0.00270267855376,0.0050675221718847,-0.0062892804853618,0.019810551777482,0.0018082733731716,-0.0341098830103874,-0.0297833867371082,-0.0057898839004337,-0.0437209568917751,0.0134115545079112,0.0120037039741873,-0.00888451654464,-0.0083102636864755,0.009045241062811,-0.0046168230212304,0.000997031178562,0.0156971454372465,-0.003968250919012,0.0110803226093463,0.0513088746037779,0.0332409644085103,0.0297435814998603,-0.0507848753187241,-0.1584241654900374,2019-02-19,2019-02-20,2019-02-21,2019-02-22,2019-02-25,2019-02-26,2019-02-27,2019-02-28,2019-03-01,2019-03-04,14301.0,2019-02-15,252.0,7.8685%,-0.0004,0.903,1.0409,0.8997,1.9578%,2.1887%,19.9933%,0.062402,NVGS,14301.0,2019-02-19,252.0,1.2004%,-0.0003,0.9124,1.0321,0.889,1.9506%,2.1854%,20.3296%,0.00447,NVGS,14301.0,2019-02-20,252.0,-2.0073%,-0.0003,0.9079,1.0382,0.8772,1.9451%,2.1799%,20.3822%,-0.029067,NVGS,14301.0,2019-02-21,252.0,0.3724%,-0.0001,0.8979,1.0201,0.8589,1.9415%,2.1704%,19.9779%,0.009728,NVGS,14301.0,2019-02-22,252.0,-0.0928%,-0.0001,0.8971,1.04,0.8674,1.9393%,2.1697%,20.1138%,0.00015,NVGS,14301.0,2019-02-25,252.0,2.1356%,0.0,0.8969,1.0278,0.8601,1.9453%,2.1738%,19.9184%,0.024175,NVGS,14301.0,2019-02-26,252.0,-1.5455%,0.0,0.9005,1.0309,0.8643,1.9453%,2.1758%,20.0642%,-0.004703,NVGS,14301.0,2019-02-27,252.0,-0.4617%,0.0001,0.9099,1.0123,0.8659,1.9410%,2.1733%,20.2384%,-0.006449,NVGS,14301.0,2019-02-28,252.0,0.8349%,-0.0,0.9259,1.0237,0.8745,1.9303%,2.1696%,20.8452%,0.0130319999999999,NVGS,14301.0,2019-03-01,252.0,-0.0920%,0.0001,0.9011,0.9868,0.8394,1.9155%,2.1413%,19.9783%,-0.007147,NVGS,14301.0,2019-03-04,252.0,0.8287%,0.0002,0.8999,0.9788,0.8425,1.9174%,2.1419%,19.8691%,0.013557,NVGS,0.066872,0.037805,0.047533,0.071858,0.080148
30683,NEVRO CORP,Nevro Files Lawsuit For Patent Infringement Against Stimwave In The US,6,uncertain,0.6,0.3,"while a patent infringement lawsuit could indicate confidence in nevro's intellectual property, it may also lead to increased legal costs and uncertainty in market perception, making the overall impact on stock price unclear.",1,2019-02-15,NVRO,2019-02-15 13:05:00+00:00,15046.0,64157F10,-0.0093973251059651,643827.0,-0.0245411917567253,-0.0109113128855824,0.0241014678031206,0.0014165017055347,-0.0218826923519372,0.0198101345449686,-0.0922330692410469,0.0310638099908828,0.0260405205190181,-0.015706805512309,0.0260593183338642,-0.0126137426123023,0.0026502374093979,0.003111419500783,0.0147576685994863,-0.0037197831552475,0.0028218161314725,0.0079150404781103,0.0093073658645153,-0.0113262571394443,0.0057902736589312,-0.0049179890193045,-0.0341151878237724,0.026072284206748,-0.0194260720163583,0.0254420060664415,-0.0168842878192663,-0.0206925570964813,0.0114495083689689,0.0304613038897514,0.0047544240951538,0.0109986802563071,-0.0119423745200038,-0.0074235843494534,-0.0136829763650894,0.0776470378041267,0.0101733785122633,-0.0349682308733463,0.0162509251385927,0.0535885579884052,0.008333308622241,0.0287964101880788,0.3567121028900146,0.0498708076775074,0.016792831942439,-0.0160183329135179,0.0046956106089055,-0.0255202855914831,0.0088638076558709,-0.0356032960116863,0.0003194961464032,0.0515075176954269,-0.0102203674614429,0.0756756514310836,-0.0064536579884588,-0.0112238964065909,0.0151022486388683,0.0534909255802631,-0.0055990796536207,-0.0281805414706468,-0.0062741213478147,-0.0601697154343128,0.0176461096853017,0.0177963972091674,0.0081132408231496,0.019477043300867,0.0126242581754922,0.0048257457092404,-0.0243103876709938,0.0527800992131233,0.0204439982771873,-0.0274499040096998,0.0234778523445129,0.0207341462373733,-0.0029056803323328,-0.0237965732812881,0.0147240301594138,-0.0221983958035707,0.0125452559441328,-0.0113696539774537,-0.0025376649573445,-0.0435002818703651,-0.0169110633432865,-0.0268274713307619,-0.0016745411558076,-0.0249579343944788,-0.0170784182846546,0.0151035068556666,-0.0054297004826366,-0.0214541479945182,-0.0457027032971382,0.012062725611031,0.0207584258168935,-0.0152054978534579,-0.0104083511978387,-0.0011865029809996,0.0072815660387277,-0.0317095816135406,-0.0086747137829661,0.0484221205115318,-0.0200939532369375,-0.0085980566218495,-0.0090954694896936,-0.0089941080659627,0.0223631542176008,-0.0011820150539278,-0.0019588465802371,0.041615329682827,-0.0088322032243013,0.0286221150308847,0.0372937656939029,-0.0022744541056454,-0.00159087323118,0.0320813655853271,-0.0407902747392654,0.0177860893309116,-0.0358803942799568,-0.0664188489317894,0.005168835632503,-0.0066469833254814,-0.0245411917567253,-0.0109113128855824,-0.0010312026965796,-0.0095102670733597,-0.0228913295571552,0.0101114678013269,-0.0899154596345831,0.0251309073953784,-0.0383584385505574,0.0080312903917338,0.281913738036579,0.3392613255668102,0.2031346207338522,0.2050714303130456,2019-02-19,2019-02-20,2019-02-21,2019-02-22,2019-02-25,2019-02-26,2019-02-27,2019-02-28,2019-03-01,2019-03-04,15046.0,2019-02-15,252.0,-0.9397%,-0.0019,0.7744,0.6335,-1.4307,3.9735%,4.2583%,12.9296%,-0.013352,NVRO,15046.0,2019-02-19,252.0,-2.4541%,-0.002,0.7647,0.6275,-1.4366,3.9745%,4.2557%,12.7801%,-0.0236569999999999,NVRO,15046.0,2019-02-20,252.0,2.4101%,-0.0019,0.7728,0.6431,-1.4084,3.9791%,4.2586%,12.6934%,0.02907,NVRO,15046.0,2019-02-21,252.0,-2.1883%,-0.002,0.7788,0.6509,-1.3973,3.9810%,4.2606%,12.6921%,-0.0219119999999999,NVRO,15046.0,2019-02-22,252.0,-9.2233%,-0.0025,0.7978,0.5787,-1.2351,4.0444%,4.2944%,11.3055%,-0.121515,NVRO,15046.0,2019-02-25,252.0,2.6041%,-0.0023,0.7935,0.5614,-1.2602,4.0415%,4.2934%,11.3922%,0.0240249999999999,NVRO,15046.0,2019-02-26,252.0,2.6059%,-0.0024,0.7621,0.5515,-1.2887,4.0367%,4.2837%,11.1985%,0.026663,NVRO,15046.0,2019-02-27,252.0,0.2650%,-0.0024,0.7611,0.5538,-1.2889,4.0367%,4.2835%,11.1892%,-0.00073,NVRO,15046.0,2019-02-28,252.0,1.4758%,-0.0023,0.7548,0.5501,-1.2971,4.0378%,4.2833%,11.1338%,0.013684,NVRO,15046.0,2019-03-01,252.0,0.2822%,-0.0023,0.7465,0.5377,-1.3066,4.0375%,4.2818%,11.0864%,-0.009487,NVRO,15046.0,2019-03-04,252.0,0.9307%,-0.0021,0.7371,0.5488,-1.2995,4.0389%,4.2807%,10.9774%,0.020346,NVRO,-0.037009,-0.007939,-0.029851,-0.127341,-0.0768649999999999
30691,NEWELL BRANDS INC,Newell Brands shares are trading lower after the company said it expects 2019 revenue of $8.2B to $8.4B versus the $8.8B analyst estimate.,6,decrease,0.85,0.7,"the company's revenue forecast is significantly below analyst expectations, which is likely to lead to a negative reaction in the stock price.",0,2019-02-15,NWL,2019-02-15 13:22:00+00:00,60986.0,65122910,-0.2088520377874374,42348631.0,-0.0087412362918257,0.0018476173281669,0.00823041703552,0.0041744043119251,0.0081633413210511,0.0093632424250245,-0.0133025702089071,0.037396814674139,0.0041031474247574,-0.0062740910798311,-0.0005836731870658,-0.0285982470959425,-0.0233645476400852,-0.0018718256615102,-0.0157671459019184,-0.0174712259322404,-0.00369682488963,0.0220864340662956,-0.0037105421070009,0.0033004058059304,-0.0068280948325991,0.0138622848317027,-0.0193750262260437,-0.0099384328350424,-0.0121095972135663,-0.0149184893816709,-0.0038709947839379,0.0060976110398769,0.0110103683546185,0.0162059180438518,-0.001281198230572,0.032988678663969,-0.0076972343958914,-0.0087847877293825,-0.0012928544310852,-0.0284495204687118,0.0071197808720171,0.0173661652952432,0.0269922316074371,0.0087591391056776,-0.0068835830315947,-0.0115440916270017,-0.0075614294037222,0.0241380147635936,0.0031746153254061,-0.0049019795842468,-0.0506329238414764,-0.0072992518544197,0.004666646476835,0.041561059653759,0.0132714509963989,0.0015227806288748,0.0039292378351092,0.0102564496919512,0.0071754506789147,0.0177453104406595,-0.0064766472205519,0.0487137027084827,0.0065188673324882,-0.0209002885967493,-0.0064766472205519,0.0037654489278793,-0.0013038107426837,0.0114255165681242,0.0163185372948646,-0.0010869813850149,0.0179833453148603,-0.0269698686897754,-0.0056782430037856,0.0534818395972251,-0.0298223514109849,-0.0482502542436122,0.0124263949692249,-0.0584123842418193,-0.0077519309706985,-0.0181372035294771,0.0019531697034835,-0.0471742302179336,-0.0136452261358499,-0.0041860537603497,0.0,-0.0262681134045124,-0.0013175532221794,-0.030728742480278,-0.0006596457096748,-0.0331069082021713,-0.0488448701798915,0.0064075021073222,-0.0166550856083631,0.0240594577044248,0.0042342599481344,0.0079365214332938,-0.0421644039452076,-0.0126251205801963,0.0506235919892787,-0.0242141708731651,0.0069832671433687,-0.0260653346776962,-0.0027739224024116,0.0329060032963752,-0.0020862123928964,-0.0168067067861557,0.0209058690816164,0.0190839413553476,0.1351535618305206,0.0072618573904037,-0.0390859693288803,-0.0046768966130912,-0.0012515335110947,0.0818767547607421,-0.0269423741847276,-0.0013780746376141,-0.0109465597197413,0.0078703733161091,-0.0026041641831398,0.0084033757448196,-0.0078328913077712,-0.0119926305487752,0.0052631529979407,0.0140318591147661,-0.0087412362918257,0.0018476173281669,-0.0005827632763933,0.0060297343418336,0.0075758207491232,0.0154494346312592,-0.0017482911262589,0.046814730771296,-0.0480943714824614,0.022630903254974,-0.0876833048779155,0.1623794546041972,-0.0971373551612764,0.0243035770492419,2019-02-19,2019-02-20,2019-02-21,2019-02-22,2019-02-25,2019-02-26,2019-02-27,2019-02-28,2019-03-01,2019-03-04,60986.0,2019-02-15,252.0,-20.8852%,-0.0013,1.1964,0.5473,0.5664,2.6529%,2.9099%,16.8830%,-0.2299739999999999,NWL,60986.0,2019-02-19,252.0,-0.8741%,-0.0014,1.1915,0.5425,0.5615,2.6537%,2.9081%,16.7309%,-0.0144009999999999,NWL,60986.0,2019-02-20,252.0,0.8230%,-0.0015,1.1905,0.5318,0.5556,2.6509%,2.9052%,16.7397%,0.001585,NWL,60986.0,2019-02-21,252.0,0.8163%,-0.0013,1.1804,0.5148,0.5371,2.6503%,2.9003%,16.4940%,0.0141179999999999,NWL,60986.0,2019-02-22,252.0,-1.3303%,-0.0013,1.1816,0.5379,0.5716,2.6491%,2.8988%,16.4872%,-0.016011,NWL,60986.0,2019-02-25,252.0,0.4103%,-0.0013,1.1814,0.5347,0.5693,2.6493%,2.8989%,16.4780%,0.004658,NWL,60986.0,2019-02-26,252.0,-0.0584%,-0.0012,1.1863,0.5192,0.5651,2.6489%,2.8988%,16.4972%,0.006508,NWL,60986.0,2019-02-27,252.0,-2.3365%,-0.0014,1.1728,0.5362,0.5628,2.6466%,2.8914%,16.2157%,-0.024841,NWL,60986.0,2019-02-28,252.0,-1.5767%,-0.0014,1.1716,0.535,0.5642,2.6471%,2.8897%,16.0913%,-0.0109319999999999,NWL,60986.0,2019-03-01,252.0,-0.3697%,-0.0014,1.152,0.5057,0.5383,2.6415%,2.8753%,15.6026%,-0.0115179999999999,NWL,60986.0,2019-03-04,252.0,-0.3711%,-0.0015,1.1711,0.4389,0.5341,2.6282%,2.8679%,16.0170%,0.002113,NWL,-0.2443749999999999,-0.2427899999999999,-0.228672,-0.240025,-0.2786949999999999
30699,NEWELL BRANDS INC,"Newell Brands Sees FY19 Noramlized EPS $1.50-$1.65, Sales $8.2B-$8.4B vs $8.78B Estimate",6,decrease,0.8,0.6,"the company's guidance for normalized eps and sales is below analyst estimates, which typically leads to a negative reaction in stock prices.",0,2019-02-15,NWL,2019-02-15 11:31:00+00:00,60986.0,65122910,-0.2088520377874374,42348631.0,-0.0087412362918257,0.0018476173281669,0.00823041703552,0.0041744043119251,0.0081633413210511,0.0093632424250245,-0.0133025702089071,0.037396814674139,0.0041031474247574,-0.0062740910798311,-0.0005836731870658,-0.0285982470959425,-0.0233645476400852,-0.0018718256615102,-0.0157671459019184,-0.0174712259322404,-0.00369682488963,0.0220864340662956,-0.0037105421070009,0.0033004058059304,-0.0068280948325991,0.0138622848317027,-0.0193750262260437,-0.0099384328350424,-0.0121095972135663,-0.0149184893816709,-0.0038709947839379,0.0060976110398769,0.0110103683546185,0.0162059180438518,-0.001281198230572,0.032988678663969,-0.0076972343958914,-0.0087847877293825,-0.0012928544310852,-0.0284495204687118,0.0071197808720171,0.0173661652952432,0.0269922316074371,0.0087591391056776,-0.0068835830315947,-0.0115440916270017,-0.0075614294037222,0.0241380147635936,0.0031746153254061,-0.0049019795842468,-0.0506329238414764,-0.0072992518544197,0.004666646476835,0.041561059653759,0.0132714509963989,0.0015227806288748,0.0039292378351092,0.0102564496919512,0.0071754506789147,0.0177453104406595,-0.0064766472205519,0.0487137027084827,0.0065188673324882,-0.0209002885967493,-0.0064766472205519,0.0037654489278793,-0.0013038107426837,0.0114255165681242,0.0163185372948646,-0.0010869813850149,0.0179833453148603,-0.0269698686897754,-0.0056782430037856,0.0534818395972251,-0.0298223514109849,-0.0482502542436122,0.0124263949692249,-0.0584123842418193,-0.0077519309706985,-0.0181372035294771,0.0019531697034835,-0.0471742302179336,-0.0136452261358499,-0.0041860537603497,0.0,-0.0262681134045124,-0.0013175532221794,-0.030728742480278,-0.0006596457096748,-0.0331069082021713,-0.0488448701798915,0.0064075021073222,-0.0166550856083631,0.0240594577044248,0.0042342599481344,0.0079365214332938,-0.0421644039452076,-0.0126251205801963,0.0506235919892787,-0.0242141708731651,0.0069832671433687,-0.0260653346776962,-0.0027739224024116,0.0329060032963752,-0.0020862123928964,-0.0168067067861557,0.0209058690816164,0.0190839413553476,0.1351535618305206,0.0072618573904037,-0.0390859693288803,-0.0046768966130912,-0.0012515335110947,0.0818767547607421,-0.0269423741847276,-0.0013780746376141,-0.0109465597197413,0.0078703733161091,-0.0026041641831398,0.0084033757448196,-0.0078328913077712,-0.0119926305487752,0.0052631529979407,0.0140318591147661,-0.0087412362918257,0.0018476173281669,-0.0005827632763933,0.0060297343418336,0.0075758207491232,0.0154494346312592,-0.0017482911262589,0.046814730771296,-0.0480943714824614,0.022630903254974,-0.0876833048779155,0.1623794546041972,-0.0971373551612764,0.0243035770492419,2019-02-19,2019-02-20,2019-02-21,2019-02-22,2019-02-25,2019-02-26,2019-02-27,2019-02-28,2019-03-01,2019-03-04,60986.0,2019-02-15,252.0,-20.8852%,-0.0013,1.1964,0.5473,0.5664,2.6529%,2.9099%,16.8830%,-0.2299739999999999,NWL,60986.0,2019-02-19,252.0,-0.8741%,-0.0014,1.1915,0.5425,0.5615,2.6537%,2.9081%,16.7309%,-0.0144009999999999,NWL,60986.0,2019-02-20,252.0,0.8230%,-0.0015,1.1905,0.5318,0.5556,2.6509%,2.9052%,16.7397%,0.001585,NWL,60986.0,2019-02-21,252.0,0.8163%,-0.0013,1.1804,0.5148,0.5371,2.6503%,2.9003%,16.4940%,0.0141179999999999,NWL,60986.0,2019-02-22,252.0,-1.3303%,-0.0013,1.1816,0.5379,0.5716,2.6491%,2.8988%,16.4872%,-0.016011,NWL,60986.0,2019-02-25,252.0,0.4103%,-0.0013,1.1814,0.5347,0.5693,2.6493%,2.8989%,16.4780%,0.004658,NWL,60986.0,2019-02-26,252.0,-0.0584%,-0.0012,1.1863,0.5192,0.5651,2.6489%,2.8988%,16.4972%,0.006508,NWL,60986.0,2019-02-27,252.0,-2.3365%,-0.0014,1.1728,0.5362,0.5628,2.6466%,2.8914%,16.2157%,-0.024841,NWL,60986.0,2019-02-28,252.0,-1.5767%,-0.0014,1.1716,0.535,0.5642,2.6471%,2.8897%,16.0913%,-0.0109319999999999,NWL,60986.0,2019-03-01,252.0,-0.3697%,-0.0014,1.152,0.5057,0.5383,2.6415%,2.8753%,15.6026%,-0.0115179999999999,NWL,60986.0,2019-03-04,252.0,-0.3711%,-0.0015,1.1711,0.4389,0.5341,2.6282%,2.8679%,16.0170%,0.002113,NWL,-0.2443749999999999,-0.2427899999999999,-0.228672,-0.240025,-0.2786949999999999
30707,NEWELL BRANDS INC,"Newell Brands Sees Q1 Normalized EPS $0.04-$0.08, Sales $1.66B-$1.7B vs $1.8B Estimate",6,decrease,0.8,0.7,"the company's projected normalized eps and sales are below analyst estimates, which typically leads to a negative reaction in stock prices.",0,2019-02-15,NWL,2019-02-15 11:31:00+00:00,60986.0,65122910,-0.2088520377874374,42348631.0,-0.0087412362918257,0.0018476173281669,0.00823041703552,0.0041744043119251,0.0081633413210511,0.0093632424250245,-0.0133025702089071,0.037396814674139,0.0041031474247574,-0.0062740910798311,-0.0005836731870658,-0.0285982470959425,-0.0233645476400852,-0.0018718256615102,-0.0157671459019184,-0.0174712259322404,-0.00369682488963,0.0220864340662956,-0.0037105421070009,0.0033004058059304,-0.0068280948325991,0.0138622848317027,-0.0193750262260437,-0.0099384328350424,-0.0121095972135663,-0.0149184893816709,-0.0038709947839379,0.0060976110398769,0.0110103683546185,0.0162059180438518,-0.001281198230572,0.032988678663969,-0.0076972343958914,-0.0087847877293825,-0.0012928544310852,-0.0284495204687118,0.0071197808720171,0.0173661652952432,0.0269922316074371,0.0087591391056776,-0.0068835830315947,-0.0115440916270017,-0.0075614294037222,0.0241380147635936,0.0031746153254061,-0.0049019795842468,-0.0506329238414764,-0.0072992518544197,0.004666646476835,0.041561059653759,0.0132714509963989,0.0015227806288748,0.0039292378351092,0.0102564496919512,0.0071754506789147,0.0177453104406595,-0.0064766472205519,0.0487137027084827,0.0065188673324882,-0.0209002885967493,-0.0064766472205519,0.0037654489278793,-0.0013038107426837,0.0114255165681242,0.0163185372948646,-0.0010869813850149,0.0179833453148603,-0.0269698686897754,-0.0056782430037856,0.0534818395972251,-0.0298223514109849,-0.0482502542436122,0.0124263949692249,-0.0584123842418193,-0.0077519309706985,-0.0181372035294771,0.0019531697034835,-0.0471742302179336,-0.0136452261358499,-0.0041860537603497,0.0,-0.0262681134045124,-0.0013175532221794,-0.030728742480278,-0.0006596457096748,-0.0331069082021713,-0.0488448701798915,0.0064075021073222,-0.0166550856083631,0.0240594577044248,0.0042342599481344,0.0079365214332938,-0.0421644039452076,-0.0126251205801963,0.0506235919892787,-0.0242141708731651,0.0069832671433687,-0.0260653346776962,-0.0027739224024116,0.0329060032963752,-0.0020862123928964,-0.0168067067861557,0.0209058690816164,0.0190839413553476,0.1351535618305206,0.0072618573904037,-0.0390859693288803,-0.0046768966130912,-0.0012515335110947,0.0818767547607421,-0.0269423741847276,-0.0013780746376141,-0.0109465597197413,0.0078703733161091,-0.0026041641831398,0.0084033757448196,-0.0078328913077712,-0.0119926305487752,0.0052631529979407,0.0140318591147661,-0.0087412362918257,0.0018476173281669,-0.0005827632763933,0.0060297343418336,0.0075758207491232,0.0154494346312592,-0.0017482911262589,0.046814730771296,-0.0480943714824614,0.022630903254974,-0.0876833048779155,0.1623794546041972,-0.0971373551612764,0.0243035770492419,2019-02-19,2019-02-20,2019-02-21,2019-02-22,2019-02-25,2019-02-26,2019-02-27,2019-02-28,2019-03-01,2019-03-04,60986.0,2019-02-15,252.0,-20.8852%,-0.0013,1.1964,0.5473,0.5664,2.6529%,2.9099%,16.8830%,-0.2299739999999999,NWL,60986.0,2019-02-19,252.0,-0.8741%,-0.0014,1.1915,0.5425,0.5615,2.6537%,2.9081%,16.7309%,-0.0144009999999999,NWL,60986.0,2019-02-20,252.0,0.8230%,-0.0015,1.1905,0.5318,0.5556,2.6509%,2.9052%,16.7397%,0.001585,NWL,60986.0,2019-02-21,252.0,0.8163%,-0.0013,1.1804,0.5148,0.5371,2.6503%,2.9003%,16.4940%,0.0141179999999999,NWL,60986.0,2019-02-22,252.0,-1.3303%,-0.0013,1.1816,0.5379,0.5716,2.6491%,2.8988%,16.4872%,-0.016011,NWL,60986.0,2019-02-25,252.0,0.4103%,-0.0013,1.1814,0.5347,0.5693,2.6493%,2.8989%,16.4780%,0.004658,NWL,60986.0,2019-02-26,252.0,-0.0584%,-0.0012,1.1863,0.5192,0.5651,2.6489%,2.8988%,16.4972%,0.006508,NWL,60986.0,2019-02-27,252.0,-2.3365%,-0.0014,1.1728,0.5362,0.5628,2.6466%,2.8914%,16.2157%,-0.024841,NWL,60986.0,2019-02-28,252.0,-1.5767%,-0.0014,1.1716,0.535,0.5642,2.6471%,2.8897%,16.0913%,-0.0109319999999999,NWL,60986.0,2019-03-01,252.0,-0.3697%,-0.0014,1.152,0.5057,0.5383,2.6415%,2.8753%,15.6026%,-0.0115179999999999,NWL,60986.0,2019-03-04,252.0,-0.3711%,-0.0015,1.1711,0.4389,0.5341,2.6282%,2.8679%,16.0170%,0.002113,NWL,-0.2443749999999999,-0.2427899999999999,-0.228672,-0.240025,-0.2786949999999999
30715,NEWELL BRANDS INC,"Newell Brands Q4 EPS $0.71 Beats $0.67 Estimate, Sales $2.34B Miss $2.43B Estimate",6,uncertain,0.6,0.3,"while newell brands beat eps estimates, the miss on sales could raise concerns among investors, leading to uncertainty in stock price movement.",1,2019-02-15,NWL,2019-02-15 11:31:00+00:00,60986.0,65122910,-0.2088520377874374,42348631.0,-0.0087412362918257,0.0018476173281669,0.00823041703552,0.0041744043119251,0.0081633413210511,0.0093632424250245,-0.0133025702089071,0.037396814674139,0.0041031474247574,-0.0062740910798311,-0.0005836731870658,-0.0285982470959425,-0.0233645476400852,-0.0018718256615102,-0.0157671459019184,-0.0174712259322404,-0.00369682488963,0.0220864340662956,-0.0037105421070009,0.0033004058059304,-0.0068280948325991,0.0138622848317027,-0.0193750262260437,-0.0099384328350424,-0.0121095972135663,-0.0149184893816709,-0.0038709947839379,0.0060976110398769,0.0110103683546185,0.0162059180438518,-0.001281198230572,0.032988678663969,-0.0076972343958914,-0.0087847877293825,-0.0012928544310852,-0.0284495204687118,0.0071197808720171,0.0173661652952432,0.0269922316074371,0.0087591391056776,-0.0068835830315947,-0.0115440916270017,-0.0075614294037222,0.0241380147635936,0.0031746153254061,-0.0049019795842468,-0.0506329238414764,-0.0072992518544197,0.004666646476835,0.041561059653759,0.0132714509963989,0.0015227806288748,0.0039292378351092,0.0102564496919512,0.0071754506789147,0.0177453104406595,-0.0064766472205519,0.0487137027084827,0.0065188673324882,-0.0209002885967493,-0.0064766472205519,0.0037654489278793,-0.0013038107426837,0.0114255165681242,0.0163185372948646,-0.0010869813850149,0.0179833453148603,-0.0269698686897754,-0.0056782430037856,0.0534818395972251,-0.0298223514109849,-0.0482502542436122,0.0124263949692249,-0.0584123842418193,-0.0077519309706985,-0.0181372035294771,0.0019531697034835,-0.0471742302179336,-0.0136452261358499,-0.0041860537603497,0.0,-0.0262681134045124,-0.0013175532221794,-0.030728742480278,-0.0006596457096748,-0.0331069082021713,-0.0488448701798915,0.0064075021073222,-0.0166550856083631,0.0240594577044248,0.0042342599481344,0.0079365214332938,-0.0421644039452076,-0.0126251205801963,0.0506235919892787,-0.0242141708731651,0.0069832671433687,-0.0260653346776962,-0.0027739224024116,0.0329060032963752,-0.0020862123928964,-0.0168067067861557,0.0209058690816164,0.0190839413553476,0.1351535618305206,0.0072618573904037,-0.0390859693288803,-0.0046768966130912,-0.0012515335110947,0.0818767547607421,-0.0269423741847276,-0.0013780746376141,-0.0109465597197413,0.0078703733161091,-0.0026041641831398,0.0084033757448196,-0.0078328913077712,-0.0119926305487752,0.0052631529979407,0.0140318591147661,-0.0087412362918257,0.0018476173281669,-0.0005827632763933,0.0060297343418336,0.0075758207491232,0.0154494346312592,-0.0017482911262589,0.046814730771296,-0.0480943714824614,0.022630903254974,-0.0876833048779155,0.1623794546041972,-0.0971373551612764,0.0243035770492419,2019-02-19,2019-02-20,2019-02-21,2019-02-22,2019-02-25,2019-02-26,2019-02-27,2019-02-28,2019-03-01,2019-03-04,60986.0,2019-02-15,252.0,-20.8852%,-0.0013,1.1964,0.5473,0.5664,2.6529%,2.9099%,16.8830%,-0.2299739999999999,NWL,60986.0,2019-02-19,252.0,-0.8741%,-0.0014,1.1915,0.5425,0.5615,2.6537%,2.9081%,16.7309%,-0.0144009999999999,NWL,60986.0,2019-02-20,252.0,0.8230%,-0.0015,1.1905,0.5318,0.5556,2.6509%,2.9052%,16.7397%,0.001585,NWL,60986.0,2019-02-21,252.0,0.8163%,-0.0013,1.1804,0.5148,0.5371,2.6503%,2.9003%,16.4940%,0.0141179999999999,NWL,60986.0,2019-02-22,252.0,-1.3303%,-0.0013,1.1816,0.5379,0.5716,2.6491%,2.8988%,16.4872%,-0.016011,NWL,60986.0,2019-02-25,252.0,0.4103%,-0.0013,1.1814,0.5347,0.5693,2.6493%,2.8989%,16.4780%,0.004658,NWL,60986.0,2019-02-26,252.0,-0.0584%,-0.0012,1.1863,0.5192,0.5651,2.6489%,2.8988%,16.4972%,0.006508,NWL,60986.0,2019-02-27,252.0,-2.3365%,-0.0014,1.1728,0.5362,0.5628,2.6466%,2.8914%,16.2157%,-0.024841,NWL,60986.0,2019-02-28,252.0,-1.5767%,-0.0014,1.1716,0.535,0.5642,2.6471%,2.8897%,16.0913%,-0.0109319999999999,NWL,60986.0,2019-03-01,252.0,-0.3697%,-0.0014,1.152,0.5057,0.5383,2.6415%,2.8753%,15.6026%,-0.0115179999999999,NWL,60986.0,2019-03-04,252.0,-0.3711%,-0.0015,1.1711,0.4389,0.5341,2.6282%,2.8679%,16.0170%,0.002113,NWL,-0.2443749999999999,-0.2427899999999999,-0.228672,-0.240025,-0.2786949999999999
30723,OPTICAL CABLE CORP,Optical Cable shares are trading higher after a recent Barron's article highlighted the doubling of a position in the company by a Berkshire Hathaway investment manager.,6,increase,0.8,0.6,"the news of a significant investment by a reputable firm like berkshire hathaway typically boosts investor confidence, likely leading to an increase in optical cable corp's stock price.",2,2019-02-15,OCC,2019-02-15 18:49:00+00:00,83399.0,68382720,0.3710526525974274,555826.0,0.0307101439684629,0.1411411464214325,-0.050279326736927,0.0277777519077062,-0.023529389873147,0.0062111741863191,-0.0137550281360745,-0.0152905052527785,0.0668838024139404,-0.0549133121967315,0.0610687360167503,-0.0057471208274364,0.0125899594277143,-0.0028653268236666,-0.0479573681950569,-0.0286127515137195,0.0410447344183921,-0.0047645410522818,-0.0179211292415857,0.0,-0.036989077925682,0.0027777752839028,0.0118811270222067,0.0027855127118527,-0.0823970139026641,-0.0027777752839028,0.0020407657139003,-0.0109890652820467,-0.0048268353566527,0.0111111672595143,0.0437344834208488,0.0013907861430197,0.0392157435417175,-0.0069060381501913,0.0377358123660087,-0.0189702361822128,-0.0436363220214843,0.039436649531126,-0.0532319769263267,-0.0220386106520891,-0.016064241528511,0.0431034751236438,-0.0102041205391287,0.0086956433951854,-0.0082474146038293,-0.0336134135723114,-0.0145530505105853,-0.0478984452784061,-0.0147678684443235,-0.0080423383042216,0.0128479534760117,-0.0052631529979407,-0.0126849776133894,0.0052910004742443,0.0,-0.0078740082681179,0.0,0.0159999839961528,-0.002141376491636,-0.0234374776482582,0.0064378133974969,0.0078740082681179,-0.0042643882334232,0.0269541516900062,-0.0042826510034501,0.0277008712291717,0.0021504843607544,0.0343839228153228,0.0353863313794136,0.0512048415839672,-0.0072333491407334,-0.1170212924480438,-0.0062629925087094,-0.0026525172870606,0.0084033524617552,0.0501392967998981,0.0010415911674499,-0.0675324648618698,0.0572320707142353,0.0158311203122139,-0.0494094341993331,-0.0231959149241447,-0.0101469838991761,-0.0019548900891095,0.0355647690594196,0.0045478190295398,-0.0161616019904613,0.0025906711816787,-0.0246406346559524,0.0,-0.0063158334232866,-0.0421836972236633,-0.0063558761030435,0.0151133956387639,0.0191897973418235,-0.017351072281599,0.0146442865952849,-0.0311974920332431,0.0185567326843738,-0.064977616071701,-0.0364372134208679,-0.0143646532669663,-0.018907593563199,0.0100446594879031,0.0085653020069003,-0.0044444403611123,0.0,-0.0280777774751186,0.0148620316758751,-0.0043009691871702,-0.0020920978859066,0.0064934487454593,0.0,0.0131578827276825,-0.0210482124239206,0.015590239316225,-0.0041973432525992,-0.0364807024598121,0.0064515555277466,0.008658000268042,0.0307101439684629,0.1411411464214325,-0.0211132681311925,0.1728394820784025,-0.0441458756869843,0.1801241923941836,0.0057581074438226,0.0982658630025579,0.0518234104767685,0.0526315902156753,-0.1055662600603947,-0.0104166642001579,-0.1017274954938557,-0.1774891701968719,2019-02-19,2019-02-20,2019-02-21,2019-02-22,2019-02-25,2019-02-26,2019-02-27,2019-02-28,2019-03-01,2019-03-04,83399.0,2019-02-15,252.0,37.1053%,0.0043,0.7537,1.3988,1.2899,4.6799%,4.7846%,4.3277%,0.358311,OCC,83399.0,2019-02-19,252.0,3.0710%,0.0044,0.7606,1.4044,1.2956,4.6806%,4.7870%,4.3935%,0.021252,OCC,83399.0,2019-02-20,252.0,-5.0279%,0.0041,0.7413,1.3576,1.2259,4.6988%,4.7981%,4.0975%,-0.06204,OCC,83399.0,2019-02-21,252.0,-2.3529%,0.0041,0.7344,1.339,1.2135,4.6962%,4.7930%,3.9965%,-0.017117,OCC,83399.0,2019-02-22,252.0,-1.3755%,0.004,0.7377,1.2979,1.2149,4.6934%,4.7880%,3.9142%,-0.008154,OCC,83399.0,2019-02-25,252.0,6.6884%,0.0043,0.7374,1.2646,1.1964,4.7125%,4.8044%,3.7919%,0.071239,OCC,83399.0,2019-02-26,252.0,6.1069%,0.0047,0.747,1.1581,1.1496,4.7259%,4.8127%,3.5760%,0.0741899999999999,OCC,83399.0,2019-02-27,252.0,1.2590%,0.0046,0.7392,1.1738,1.1483,4.7247%,4.8114%,3.5704%,0.010997,OCC,83399.0,2019-02-28,252.0,-4.7957%,0.0045,0.7464,1.1771,1.1647,4.7342%,4.8217%,3.5970%,-0.0431299999999999,OCC,83399.0,2019-03-01,252.0,4.1045%,0.0043,0.7976,1.2534,1.229,4.7160%,4.8143%,4.0428%,0.036826,OCC,83399.0,2019-03-04,252.0,-1.7921%,0.0043,0.7964,1.2735,1.2256,4.7171%,4.8162%,4.0744%,-0.013643,OCC,0.379563,0.317523,0.300406,0.363491,0.4287309999999999
30731,OPTICAL CABLE CORP,"Thinly-Traded Nano-Cap Co. Optical Cable Shares Closed Up 13.4% Thurs.; Earlier Barron's Article Highlighted Doubling Of Position By A Berkshire Hathaway Investment Manager, Ted Weschler",6,increase,0.8,0.6,"the news highlights a significant investment by a well-known figure associated with berkshire hathaway, which is likely to boost investor confidence and interest in optical cable corp's stock.",2,2019-02-15,OCC,2019-02-15 12:14:00+00:00,83399.0,68382720,0.3710526525974274,555826.0,0.0307101439684629,0.1411411464214325,-0.050279326736927,0.0277777519077062,-0.023529389873147,0.0062111741863191,-0.0137550281360745,-0.0152905052527785,0.0668838024139404,-0.0549133121967315,0.0610687360167503,-0.0057471208274364,0.0125899594277143,-0.0028653268236666,-0.0479573681950569,-0.0286127515137195,0.0410447344183921,-0.0047645410522818,-0.0179211292415857,0.0,-0.036989077925682,0.0027777752839028,0.0118811270222067,0.0027855127118527,-0.0823970139026641,-0.0027777752839028,0.0020407657139003,-0.0109890652820467,-0.0048268353566527,0.0111111672595143,0.0437344834208488,0.0013907861430197,0.0392157435417175,-0.0069060381501913,0.0377358123660087,-0.0189702361822128,-0.0436363220214843,0.039436649531126,-0.0532319769263267,-0.0220386106520891,-0.016064241528511,0.0431034751236438,-0.0102041205391287,0.0086956433951854,-0.0082474146038293,-0.0336134135723114,-0.0145530505105853,-0.0478984452784061,-0.0147678684443235,-0.0080423383042216,0.0128479534760117,-0.0052631529979407,-0.0126849776133894,0.0052910004742443,0.0,-0.0078740082681179,0.0,0.0159999839961528,-0.002141376491636,-0.0234374776482582,0.0064378133974969,0.0078740082681179,-0.0042643882334232,0.0269541516900062,-0.0042826510034501,0.0277008712291717,0.0021504843607544,0.0343839228153228,0.0353863313794136,0.0512048415839672,-0.0072333491407334,-0.1170212924480438,-0.0062629925087094,-0.0026525172870606,0.0084033524617552,0.0501392967998981,0.0010415911674499,-0.0675324648618698,0.0572320707142353,0.0158311203122139,-0.0494094341993331,-0.0231959149241447,-0.0101469838991761,-0.0019548900891095,0.0355647690594196,0.0045478190295398,-0.0161616019904613,0.0025906711816787,-0.0246406346559524,0.0,-0.0063158334232866,-0.0421836972236633,-0.0063558761030435,0.0151133956387639,0.0191897973418235,-0.017351072281599,0.0146442865952849,-0.0311974920332431,0.0185567326843738,-0.064977616071701,-0.0364372134208679,-0.0143646532669663,-0.018907593563199,0.0100446594879031,0.0085653020069003,-0.0044444403611123,0.0,-0.0280777774751186,0.0148620316758751,-0.0043009691871702,-0.0020920978859066,0.0064934487454593,0.0,0.0131578827276825,-0.0210482124239206,0.015590239316225,-0.0041973432525992,-0.0364807024598121,0.0064515555277466,0.008658000268042,0.0307101439684629,0.1411411464214325,-0.0211132681311925,0.1728394820784025,-0.0441458756869843,0.1801241923941836,0.0057581074438226,0.0982658630025579,0.0518234104767685,0.0526315902156753,-0.1055662600603947,-0.0104166642001579,-0.1017274954938557,-0.1774891701968719,2019-02-19,2019-02-20,2019-02-21,2019-02-22,2019-02-25,2019-02-26,2019-02-27,2019-02-28,2019-03-01,2019-03-04,83399.0,2019-02-15,252.0,37.1053%,0.0043,0.7537,1.3988,1.2899,4.6799%,4.7846%,4.3277%,0.358311,OCC,83399.0,2019-02-19,252.0,3.0710%,0.0044,0.7606,1.4044,1.2956,4.6806%,4.7870%,4.3935%,0.021252,OCC,83399.0,2019-02-20,252.0,-5.0279%,0.0041,0.7413,1.3576,1.2259,4.6988%,4.7981%,4.0975%,-0.06204,OCC,83399.0,2019-02-21,252.0,-2.3529%,0.0041,0.7344,1.339,1.2135,4.6962%,4.7930%,3.9965%,-0.017117,OCC,83399.0,2019-02-22,252.0,-1.3755%,0.004,0.7377,1.2979,1.2149,4.6934%,4.7880%,3.9142%,-0.008154,OCC,83399.0,2019-02-25,252.0,6.6884%,0.0043,0.7374,1.2646,1.1964,4.7125%,4.8044%,3.7919%,0.071239,OCC,83399.0,2019-02-26,252.0,6.1069%,0.0047,0.747,1.1581,1.1496,4.7259%,4.8127%,3.5760%,0.0741899999999999,OCC,83399.0,2019-02-27,252.0,1.2590%,0.0046,0.7392,1.1738,1.1483,4.7247%,4.8114%,3.5704%,0.010997,OCC,83399.0,2019-02-28,252.0,-4.7957%,0.0045,0.7464,1.1771,1.1647,4.7342%,4.8217%,3.5970%,-0.0431299999999999,OCC,83399.0,2019-03-01,252.0,4.1045%,0.0043,0.7976,1.2534,1.229,4.7160%,4.8143%,4.0428%,0.036826,OCC,83399.0,2019-03-04,252.0,-1.7921%,0.0043,0.7964,1.2735,1.2256,4.7171%,4.8162%,4.0744%,-0.013643,OCC,0.379563,0.317523,0.300406,0.363491,0.4287309999999999
30739,OVERSTOCK COM INC DEL,"Overstock Shares Unaffected Following Earlier Coindesk Article 'tZERO Is Live, But Volume Is Light and Its Token's Price Is Down Sharply'",6,uncertain,0.6,0.2,"the news indicates that overstock's shares are unaffected by the tzero launch and its performance, suggesting a neutral impact on the stock price, but the overall market sentiment could still influence it.",1,2019-02-15,OSTK,2019-02-15 15:50:00+00:00,89394.0,69037010,0.0292122829705476,1651286.0,0.1226558610796928,0.0251336526125669,-0.0040632123127579,-0.0168243795633316,-0.0933816656470298,0.0331341996788978,-0.0055000307038426,-0.0957760661840438,-0.0920060351490974,0.0446383208036422,-0.0155038088560104,-0.0380059443414211,0.129358783364296,0.1004888862371445,-0.0134462378919124,0.0336889624595642,0.0630994439125061,0.0148148285225033,0.0009496893617324,0.0115273110568523,0.0436432659626007,-0.0377149358391761,-0.000454555847682,0.018068978562951,-0.0286493487656116,-0.0751958489418029,0.0032771392725408,0.0418933890759944,0.0219318382441997,0.1625552624464035,0.00136989436578,0.0986796393990516,-0.0323757864534854,0.0133803198114037,-0.0598491318523883,-0.0614673048257827,0.0245613902807235,0.1116826236248016,-0.0567514598369598,-0.0354358628392219,-0.0025934202130883,-0.0362022332847118,0.0208008121699094,0.0324400588870048,-0.0066224741749465,-0.0713817998766899,-0.055897444486618,0.0146179581061005,-0.0162954498082399,-0.0377237945795059,-0.0110436640679836,-0.0076142060570418,-0.0804020389914512,0.0314136445522308,-0.0157862920314073,0.0715287178754806,0.0252931378781795,0.0762264356017112,-0.0240674801170826,-0.0622788481414318,-0.0030825671274214,0.0405007489025592,0.0445268601179122,-0.04901959374547,0.0,-0.0416107326745986,-0.0011840468505397,-0.0093085337430238,0.0023710140958428,0.0954115390777587,-0.0709639191627502,0.0488922372460365,0.0541056282818317,-0.0360824577510356,-0.0271738450974226,0.0382262989878654,0.0086902165785431,0.0266876108944416,-0.0713846087455749,-0.0569948516786098,0.030483765527606,-0.2154471129179001,-0.0019292432116344,-0.0422692000865936,-0.0347938723862171,-0.0586387850344181,-0.0747663527727127,0.0164981074631214,-0.0036074486561119,-0.0037115425802767,-0.0065170275047421,0.0857800617814064,-0.0437318049371242,-0.0920020043849945,-0.0038109901361167,-0.0067497957497835,0.0022953853476792,-0.0267812367528677,0.006106864195317,0.0117587652057409,-0.0584218837320804,0.0338266044855117,0.0507655218243598,0.0288200490176677,-0.012269927188754,0.0250835474580526,0.0085403462871909,0.0216401517391204,-0.0346420183777809,-0.1610129326581955,-0.0374800860881805,0.2326266765594482,0.1126761063933372,0.0059241936542093,0.0253164656460285,-0.0214493237435817,-0.0973130092024803,0.0034903702326118,0.0370072424411773,-0.0193953309208154,0.1226558610796928,0.0251336526125669,0.1180942719619639,0.0078864149378685,0.0136847664957526,0.0412819246640683,-0.0846426860972973,-0.0164186599373826,0.0684237349170462,0.1048991184458103,-0.1779016970097979,0.3566879007464416,-0.3466801666377795,0.0935538794119874,2019-02-19,2019-02-20,2019-02-21,2019-02-22,2019-02-25,2019-02-26,2019-02-27,2019-02-28,2019-03-01,2019-03-04,89394.0,2019-02-15,252.0,2.9212%,-0.0042,1.4234,1.5355,-1.5582,4.7121%,5.2744%,20.1838%,0.016388,OSTK,89394.0,2019-02-19,252.0,12.2656%,-0.0041,1.4142,1.6603,-1.4169,4.7255%,5.2666%,19.4941%,0.120073,OSTK,89394.0,2019-02-20,252.0,-0.4063%,-0.0039,1.4187,1.6897,-1.3957,4.7172%,5.2602%,19.5808%,-0.00271,OSTK,89394.0,2019-02-21,252.0,-9.3382%,-0.0043,1.4488,1.732,-1.3399,4.7450%,5.2902%,19.5484%,-0.0902599999999999,OSTK,89394.0,2019-02-22,252.0,-0.5500%,-0.0044,1.4534,1.7546,-1.2644,4.7492%,5.2887%,19.3602%,-0.044239,OSTK,89394.0,2019-02-25,252.0,-9.2006%,-0.0046,1.4492,1.7935,-1.2597,4.7747%,5.3138%,19.2623%,-0.092,OSTK,89394.0,2019-02-26,252.0,-1.5504%,-0.0047,1.4305,1.8135,-1.2636,4.7705%,5.3058%,19.1590%,-0.005964,OSTK,89394.0,2019-02-27,252.0,12.9359%,-0.0042,1.4302,1.8515,-1.2633,4.8376%,5.3708%,18.8698%,0.123009,OSTK,89394.0,2019-02-28,252.0,-1.3446%,-0.0041,1.4166,1.8419,-1.2712,4.8346%,5.3615%,18.6897%,-0.012641,OSTK,89394.0,2019-03-01,252.0,6.3099%,-0.004,1.4359,1.8706,-1.2629,4.8424%,5.3775%,18.9106%,0.042384,OSTK,89394.0,2019-03-04,252.0,0.0950%,-0.0037,1.4132,1.9237,-1.2519,4.8376%,5.3713%,18.8852%,0.020734,OSTK,0.136461,0.133751,0.043491,-0.0927479999999999,0.074774
30747,OCCIDENTAL PETROLEUM CORP,Barclays Downgrades Occidental Petroleum to Underweight,6,decrease,0.8,0.7,"a downgrade from a major financial institution like barclays typically signals negative sentiment towards the stock, which can lead to a decrease in its price.",0,2019-02-15,OXY,2019-02-15 14:50:00+00:00,34833.0,67459910,0.0093135461211204,6058118.0,0.0065485159866511,0.0109339598566293,0.0091675706207752,0.0015208893455564,-0.0241758469492197,0.0140346037223935,-0.0100600328296423,-0.0018473329255357,0.0045503270812332,0.0006161570781841,-0.0028688271995633,-0.0256641022861003,0.0092368349432945,-0.0099555095657706,-0.0075018755160272,-0.0064953472465276,0.0211640428751707,-0.0044092158786952,-0.0014804751845076,0.0188679564744234,0.0011860909871757,-0.0028371275402605,-0.0198429785668849,0.0073706051334738,-0.0067986790090799,0.0060532917268574,-0.034225720912218,-0.0067638200707733,0.0186573434621095,0.0238534212112426,0.0050093280151486,0.0063497545197606,0.0133956484496593,-0.0084459921345114,0.0023055875208228,-0.0284946449100971,0.0039871511980891,0.0182287245988845,0.0235222373157739,0.010592607781291,-0.0125355012714862,-0.0057997140102088,0.0164727829396724,-0.0009149921825155,-0.0002974170784,-0.0096647441387176,-0.0297442004084587,0.000453222222859,-0.0016860915347933,0.0062329531647264,0.029940191656351,0.0121557312086224,-0.0108825778588652,0.0079093435779213,0.0033157682046294,0.0200918260961771,-0.005558100529015,0.032168474048376,0.0148036768659949,-0.0122580369934439,-0.0081870062276721,0.0101009923964738,-0.0085547007620334,0.0150487814098596,0.0057524205185472,-0.0047728293575346,0.0240818541496992,0.0026402615476399,0.0048501151613891,0.0611101016402244,-0.0159427225589752,-0.0478492639958858,-0.0014863031683489,-0.0107207903638482,0.0,-0.0258676186203956,-0.0275379344820976,-0.0142540028318762,-0.0301546175032854,-0.0151302637532353,0.0048926384188234,-0.015207340940833,-0.0160200521349906,-0.0236952882260084,-0.0132482331246137,0.0194159392267465,0.0198964662849903,0.010973828844726,-0.0109436735510826,0.0040346756577491,-0.0057729412801563,-0.0315599404275417,-0.0025806427001953,-0.0029620225541293,-0.008570484817028,-0.0308597907423973,-0.019246457144618,-0.0231351871043443,-0.0207882914692163,0.0149424094706773,-0.023777199909091,-0.0090256240218877,-0.0022616747301071,0.0028285190928727,0.0104621155187487,0.0191698167473077,0.0141501240432262,-0.0178369507193565,0.0156542137265205,0.0115995639935135,0.0087116844952106,-0.0312153156846761,-0.0644410774111747,0.0253200381994247,-0.0241434499621391,-0.0417120717465877,-0.0145534481853246,-0.0002725080994423,0.0070149730890989,0.0108830546960234,0.0065485159866511,0.0109339598566293,0.0157761205901953,0.0124714785452366,-0.0087811274358653,0.0266811145268448,-0.0142878262270346,0.0254159209187441,0.0038695403328035,-0.0031446406553656,0.0122874922484652,0.0737096748603645,-0.1780249826102768,-0.0721813634062501,2019-02-19,2019-02-20,2019-02-21,2019-02-22,2019-02-25,2019-02-26,2019-02-27,2019-02-28,2019-03-01,2019-03-04,34833.0,2019-02-15,252.0,0.9314%,0.0001,1.0043,0.1317,0.4577,1.2594%,1.5984%,37.9186%,-0.004449,OXY,34833.0,2019-02-19,252.0,0.6549%,0.0002,1.0097,0.1266,0.4515,1.2558%,1.5984%,38.2768%,0.002785,OXY,34833.0,2019-02-20,252.0,0.9168%,0.0003,1.0128,0.1422,0.4647,1.2496%,1.5951%,38.6267%,0.0043869999999999,OXY,34833.0,2019-02-21,252.0,-2.4176%,0.0002,1.0191,0.1509,0.4765,1.2553%,1.6025%,38.6383%,-0.01936,OXY,34833.0,2019-02-22,252.0,-1.0060%,0.0002,1.0202,0.1615,0.499,1.2556%,1.6021%,38.5789%,-0.010609,OXY,34833.0,2019-02-25,252.0,0.4550%,0.0001,1.0216,0.1609,0.5039,1.2535%,1.6010%,38.7002%,0.004238,OXY,34833.0,2019-02-26,252.0,-0.2869%,0.0002,1.0266,0.1544,0.5043,1.2523%,1.6007%,38.7947%,0.001358,OXY,34833.0,2019-02-27,252.0,0.9237%,0.0003,1.0384,0.136,0.5063,1.2425%,1.5987%,39.5995%,0.008525,OXY,34833.0,2019-02-28,252.0,-0.7502%,0.0003,1.0418,0.1382,0.5095,1.2423%,1.5987%,39.6175%,-0.003144,OXY,34833.0,2019-03-01,252.0,2.1164%,0.0004,1.0426,0.1394,0.5039,1.2456%,1.6002%,39.4145%,0.0152109999999999,OXY,34833.0,2019-03-04,252.0,-0.1480%,0.0003,1.0476,0.1209,0.503,1.2436%,1.6003%,39.6099%,0.002443,OXY,-0.0016639999999999,0.0027229999999999,-0.016637,-0.023008,0.001385
30755,PAN AMERICAN SILVER CORP,Tahoe Resources Reports Mexican Federal Economic Competition Commission Approved Co. Deal With Pan American Silver,6,increase,0.8,0.6,"the approval from the mexican federal economic competition commission for the deal with tahoe resources is likely to be viewed positively by investors, suggesting potential growth and synergies for pan american silver corp.",2,2019-02-15,PAAS,2019-02-15 21:05:00+00:00,81734.0,69790010,0.0083623612299561,1519199.0,0.0421561598777771,0.0123456921428442,-0.0251989476382732,-0.0094339782372117,-0.0333333164453506,-0.0083159999921917,0.005629832856357,-0.0230196435004472,-0.0195941030979156,0.0140748973935842,0.0035688928328454,-0.0172064863145351,-0.0277382880449295,-0.0073677566833794,-0.0226774271577596,0.0053872000426054,-0.0475299470126628,0.0060975709930062,0.0078802509233355,-0.0100603364408016,0.004691198002547,0.0129075795412063,-0.028015611693263,0.020804451778531,0.0200160127133131,0.0176429077982902,0.0321820937097072,0.0253256428986787,-0.0250950511544942,0.0406626500189304,0.0218409281224012,-0.0037509519606828,0.0076335440389811,0.0106141278520226,-0.0303030014038085,-0.0698166936635971,0.0390625,-0.0213940292596817,-0.03007522970438,-0.0068540358915925,-0.000775137625169,0.0027491382788866,0.0310317780822515,-0.026755828410387,0.0045147044584155,-0.0033333459869027,0.0007490093703381,-0.0039840913377702,0.0276946034282445,-0.0252426788210868,0.0029133951757103,0.0211500134319067,-0.012345683760941,0.0006613907753489,-0.0213235262781381,0.0106951771304011,-0.0045079202391207,0.0101282652467489,-0.0241509210318327,0.011612026952207,0.0007733391248621,0.0027397233061492,0.0092736352235078,0.0096819046884775,0.0206737741827964,-0.0089102201163768,-0.0052512898109853,0.0117891868576407,0.0128205185756087,-0.0027662490028887,0.0037229512818157,0.0299145355820655,-0.0014836427289992,-0.024322472512722,-0.0141158681362867,0.0450254082679748,-0.0007535967160947,-0.0581394955515861,0.0075414348393678,0.0159832891076803,-0.0232035536319017,0.0249288026243448,-0.0130268251523375,-0.0105707980692386,-0.0170807652175426,0.0056697325780987,-0.0142180332913994,0.0355963036417961,-0.0104165999218821,-0.0047479607164859,0.0186234433203935,-0.0108381919562816,0.0031796472612768,0.0343796722590923,0.0277337860316038,0.0105740446597337,-0.0208173058927059,-0.0015083301113918,0.0007874196162447,0.0279070250689983,-0.0220298767089843,0.0015527565265074,-0.0474658198654651,-0.0137825654819607,0.0114020463079214,0.0414673425257206,-0.0012526381760835,-0.0218408536165952,0.0259197670966386,-0.0273141581565141,-0.0220049265772104,-0.0421511568129062,-0.0158332977443933,0.0408471971750259,-0.0313294529914856,-0.0030165882781147,0.0209790859371423,0.0200000181794166,-0.0265411306172609,0.0104651460424065,0.0421561598777771,0.0123456921428442,0.015894921374113,0.0027952449146335,-0.0179682255152748,-0.0055440003342465,-0.0317899120230228,-0.0147613596347777,-0.1136644418847542,-0.0375586503557048,-0.103962539276634,-0.01980874058774,-0.2120691741331195,0.1153980925029809,2019-02-19,2019-02-20,2019-02-21,2019-02-22,2019-02-25,2019-02-26,2019-02-27,2019-02-28,2019-03-01,2019-03-04,81734.0,2019-02-15,252.0,0.8362%,-0.0003,0.1261,0.7287,0.2896,2.2317%,2.2630%,2.7469%,0.002959,PAAS,81734.0,2019-02-19,252.0,4.2156%,-0.0001,0.1358,0.7505,0.3133,2.2450%,2.2783%,2.9047%,0.038834,PAAS,81734.0,2019-02-20,252.0,-2.5199%,-0.0001,0.1305,0.7517,0.298,2.2447%,2.2779%,2.8944%,-0.028931,PAAS,81734.0,2019-02-21,252.0,-3.3333%,-0.0002,0.1326,0.749,0.3021,2.2517%,2.2846%,2.8554%,-0.031739,PAAS,81734.0,2019-02-22,252.0,0.5630%,0.0,0.1292,0.8204,0.3261,2.2279%,2.2666%,3.3876%,0.004989,PAAS,81734.0,2019-02-25,252.0,-1.9594%,-0.0002,0.1339,0.8335,0.3504,2.2164%,2.2568%,3.5471%,-0.017168,PAAS,81734.0,2019-02-26,252.0,0.3569%,-0.0001,0.1346,0.8185,0.3433,2.2172%,2.2566%,3.4624%,0.010174,PAAS,81734.0,2019-02-27,252.0,-2.7738%,-0.0003,0.1311,0.816,0.3426,2.2243%,2.2632%,3.4068%,-0.029103,PAAS,81734.0,2019-02-28,252.0,-2.2677%,-0.0003,0.1257,0.8116,0.3437,2.2254%,2.2637%,3.3488%,-0.021677,PAAS,81734.0,2019-03-01,252.0,-4.7530%,-0.0005,0.1156,0.7964,0.3508,2.2469%,2.2830%,3.1372%,-0.049504,PAAS,81734.0,2019-03-04,252.0,0.7880%,-0.0005,0.1179,0.779,0.3524,2.2473%,2.2818%,2.9970%,0.010209,PAAS,0.041793,0.0128619999999999,-0.018877,-0.031056,-0.110957
30763,P G & E CORP,PG&E Issues Release Highlighting Notice Of Unsolicited Mini-Tender Offer From Baker Mills For Purchase Of Up To 200K Shares At $4/Share,6,uncertain,0.5,0.2,"the announcement of a mini-tender offer may indicate interest in the stock, but the price offered is below the current market value, leading to mixed investor reactions.",1,2019-02-15,PCG,2019-02-15 14:04:00+00:00,13688.0,69331C10,0.0006463655736297,4823156.0,0.1459948569536209,0.0170940328389406,0.0264937616884708,-0.0142579562962055,0.065348744392395,0.0767620652914047,-0.0324741825461387,0.0091549381613731,-0.0063932249322533,0.0099572818726301,-0.0069704647175967,0.0285296514630317,-0.0388769544661045,-0.0291193071752786,-0.0432583466172218,0.0594431869685649,0.0516734644770622,0.0160550493746995,0.0078168278560042,0.0061538401059806,0.0144044458866119,-0.049012441188097,0.0027308107819408,-0.0228734593838453,0.0386709719896316,0.1648625731468201,0.0167802665382623,0.0203908029943704,-0.0005157415871508,-0.1562723517417908,-0.0082559268921613,0.7459324598312378,0.0124869812279939,0.0376623347401619,0.0025694319047033,0.0650068894028663,0.0071757757104933,0.1367924362421036,-0.0111958943307399,-0.0953058376908302,-0.0185280796140432,0.0173661895096302,0.0005243958439677,-0.1754176914691925,-0.0015723630785942,-0.5235929489135742,0.0194226168096065,-0.0095720766112208,-0.0623069517314434,-0.0039259502664208,-0.014277777634561,0.0153758805245161,-0.0150418076664209,-0.0733509883284568,-0.0243212841451168,-0.223360612988472,0.0318840146064758,0.0187890958040952,0.0117978090420365,0.0063025853596627,-0.019433669745922,0.0021052309311926,0.0458663366734981,-0.0058601670898497,0.0211153924465179,0.0122880935668945,0.0270413681864738,0.0115731013938784,0.0160041023045778,0.0077753914520144,-0.0436992160975933,0.0175824016332626,0.002656809054315,-0.0461216084659099,0.0137783950194716,0.0042105424217879,0.206482008099556,0.031711533665657,0.0277296099811792,-0.0581014752388,-0.0615513958036899,-0.0603613853454589,-0.0184186808764934,-0.0188608076423406,-0.0389016196131706,0.0045472090132534,0.0190476011484861,0.0126630822196602,0.0060748164542019,0.0065662451088428,0.0650255233049392,0.0038774125277996,0.0069777518510818,-0.0092201214283704,0.0138587998226285,-0.0269158612936735,0.0004271776706445,-0.0132792545482516,-0.0384286753833293,0.0276725348085165,-0.036412063986063,-0.0142003390938043,-0.0341014601290226,-0.0254915840923786,0.0252862926572561,0.0181683264672756,-0.0069799730554223,0.0736464336514473,-0.0159325283020734,0.0536913052201271,-0.0352380834519863,-0.0189300049096345,-0.0449160821735858,0.0336026810109615,-0.0387596897780895,0.0107480650767684,-0.0198925174772739,-0.0467212870717048,0.0071311611682176,0.3754227757453918,0.1459948569536209,0.0170940328389406,0.1763565715899633,0.0025923505695915,0.25322999650111,0.0795534100446775,0.2047803845997704,0.1002844826093121,0.1660206677241908,0.1900000215930966,0.1634367501912765,-0.3499999517851173,0.1860465888032947,-0.1279593596435626,2019-02-19,2019-02-20,2019-02-21,2019-02-22,2019-02-25,2019-02-26,2019-02-27,2019-02-28,2019-03-01,2019-03-04,13688.0,2019-02-15,252.0,0.0646%,-0.0009,0.586,0.1549,0.2998,7.5490%,7.5708%,0.5741%,-0.007499,PCG,13688.0,2019-02-19,252.0,14.5995%,-0.0003,0.6097,0.2515,0.4066,7.6025%,7.6257%,0.6086%,0.143433,PCG,13688.0,2019-02-20,252.0,2.6494%,-0.0003,0.6152,0.2593,0.4248,7.6036%,7.6272%,0.6195%,0.022446,PCG,13688.0,2019-02-21,252.0,6.5349%,0.0,0.5978,0.2393,0.3925,7.6159%,7.6382%,0.5822%,0.068683,PCG,13688.0,2019-02-22,252.0,-3.2474%,-0.0001,0.6022,0.24,0.4451,7.6184%,7.6408%,0.5860%,-0.032006,PCG,13688.0,2019-02-25,252.0,-0.6393%,-0.0001,0.6033,0.244,0.4513,7.6183%,7.6408%,0.5882%,-0.005971,PCG,13688.0,2019-02-26,252.0,-0.6970%,-0.0002,0.5927,0.2583,0.4506,7.6174%,7.6391%,0.5675%,-0.003055,PCG,13688.0,2019-02-27,252.0,-3.8877%,-0.0003,0.5948,0.243,0.4508,7.6213%,7.6430%,0.5667%,-0.03946,PCG,13688.0,2019-02-28,252.0,-4.3258%,-0.0005,0.5965,0.2428,0.4614,7.6251%,7.6467%,0.5655%,-0.040436,PCG,13688.0,2019-03-01,252.0,5.1673%,-0.0004,0.6257,0.2863,0.484,7.6288%,7.6526%,0.6210%,0.0484309999999999,PCG,13688.0,2019-03-04,252.0,0.7817%,-0.0004,0.6287,0.2667,0.4854,7.6288%,7.6527%,0.6224%,0.010238,PCG,0.135934,0.15838,0.227063,0.1890859999999999,0.1648039999999999
30771,P D F SOLUTIONS INC,PDF Solutions shares are trading higher after the company beat Q4 EPS and sales estimates.,6,increase,0.8,0.7,"beating eps and sales estimates typically signals strong company performance, which can lead to increased investor confidence and a rise in stock price.",2,2019-02-15,PDFS,2019-02-15 16:02:00+00:00,89044.0,69328210,0.1204481720924377,567072.0,0.0150000257417559,0.0209723804146051,0.0197044145315885,-0.0009524027700535,-0.0088566550984978,0.0144927166402339,-0.0073111411184072,0.0107422471046447,0.0065466384403407,-0.0191570706665515,0.0073170852847397,0.0038461503572762,-0.033091265708208,0.0166177991777658,-0.0058430465869605,-0.0009765848517417,0.056255254894495,-0.0219675730913877,-0.0246422477066516,-0.0038058953359723,0.003259980585426,0.0086372504010796,-0.0601137839257717,0.026601031422615,0.006050185766071,0.0474716275930404,0.0154638616368174,-0.013238301500678,0.0236887224018573,0.0218522418290376,0.0148759791627526,-0.0292929261922836,0.0285016596317291,-0.0207715183496475,0.0348376557230949,0.0263958647847175,0.0198929030448198,0.021784234791994,-0.0345086306333541,0.0115425614640116,-0.0093240002170205,0.0438115671277046,0.0164705906063318,0.0121950833126902,0.0123456669971346,-0.0280171632766723,-0.067073181271553,0.0108931837603449,0.009803912602365,-0.0010880604386329,-0.015372134745121,0.0087815504521131,-0.0180772617459297,-0.0076253428123891,0.0217573419213295,0.0121279619634151,0.0114660393446683,0.0401375479996204,0.0089068543165922,0.0104287546128034,0.0264847446233034,0.0237247683107852,0.0164190810173749,0.0156626645475626,-0.0046154167503118,-0.0036014085635542,0.0193199384957552,-0.0071514202281832,0.0015163349453359,0.0674300491809845,-0.0113550052046775,-0.0100755570456385,0.0222052037715911,-0.0456730350852012,-0.0127340881153941,0.01960782520473,-0.0083460249006748,-0.0511628501117229,0.0084162671118974,-0.0023201280273497,0.0265553425997495,-0.0057670348323881,-0.0022172753233462,-0.0068727913312613,-0.0222222357988357,-0.0011441910173743,-0.0143939079716801,0.0294464081525802,0.0122982198372483,0.0083135031163692,0.0129081299528479,-0.0023696096614003,-0.0149924894794821,-0.0516854003071785,0.0007609798340126,-0.0399137884378433,-0.0098858680576086,-0.0117270424962043,-0.0030722669325768,0.0140540665015578,0.0084746237844228,0.0535307824611663,0.0488922372460365,0.0269005298614502,-0.0014566282043233,0.0215054135769605,0.0058351512998342,-0.0094674471765756,-0.0362581573426723,-0.0116959512233734,-0.0030097789131104,0.0035210952628403,-0.0324528515338897,0.0023529950994998,-0.0015600237529724,-0.0150637440383434,-0.0085937976837158,-0.0281531531363725,0.0,-0.0067113498225808,0.0150000257417559,0.0209723804146051,0.0350000069985445,0.0200000034913501,0.0258333689096155,0.0347825745149878,0.0250000166815409,0.0258621138330534,0.0225000387278915,0.0190294774386186,0.0383333377192907,0.2410196876565327,0.0574999684407198,0.1979866341451746,2019-02-19,2019-02-20,2019-02-21,2019-02-22,2019-02-25,2019-02-26,2019-02-27,2019-02-28,2019-03-01,2019-03-04,89044.0,2019-02-15,252.0,12.0448%,-0.0003,0.8592,0.8825,-0.1377,2.7596%,2.9665%,13.4594%,0.110539,PDFS,89044.0,2019-02-19,252.0,1.5000%,-0.0003,0.8529,0.9017,-0.1155,2.7550%,2.9586%,13.2890%,0.011121,PDFS,89044.0,2019-02-20,252.0,1.9704%,0.0003,0.8713,1.0069,-0.0328,2.5963%,2.8190%,15.1734%,0.0166359999999999,PDFS,89044.0,2019-02-21,252.0,-0.8857%,0.0004,0.8645,0.9918,-0.0453,2.5927%,2.8126%,15.0247%,-0.005103,PDFS,89044.0,2019-02-22,252.0,-0.7311%,0.0002,0.8693,0.9369,-0.0384,2.5848%,2.8012%,14.8529%,-0.019151,PDFS,89044.0,2019-02-25,252.0,0.6547%,0.0003,0.8665,0.9305,-0.0522,2.5807%,2.7975%,14.8936%,0.00751,PDFS,89044.0,2019-02-26,252.0,0.7317%,0.0003,0.855,0.922,-0.0651,2.5807%,2.7938%,14.6701%,0.014386,PDFS,89044.0,2019-02-27,252.0,-3.3091%,0.0002,0.8573,0.9073,-0.0649,2.5903%,2.8018%,14.5251%,-0.0357909999999999,PDFS,89044.0,2019-02-28,252.0,-0.5843%,0.0002,0.8459,0.8993,-0.0723,2.5865%,2.7932%,14.2532%,-0.003629,PDFS,89044.0,2019-03-01,252.0,5.6255%,0.0004,0.8523,0.9089,-0.0841,2.6030%,2.8124%,14.3399%,0.047178,PDFS,89044.0,2019-03-04,252.0,-2.4642%,0.0003,0.8596,0.8995,-0.0895,2.6041%,2.8163%,14.5019%,-0.016337,PDFS,0.12166,0.138296,0.133193,0.121552,0.127359
30779,PEPSICO INC,Pepsi shares are trading higher after the company reported Q4 results in line with analyst estimates and raised its quarterly dividend from $0.9275 to $0.955 per share.,6,increase,0.8,0.6,the positive earnings report in line with expectations and the increase in the quarterly dividend are likely to boost investor confidence and demand for pepsi shares.,2,2019-02-15,PEP,2019-02-15 13:53:00+00:00,13856.0,71344810,0.0294875875115394,8889404.0,0.0001725187030388,-0.0134069956839084,-0.0008625763002783,0.0029000951908528,0.0023309732787311,0.0072585614398121,0.0056847860105335,-0.0003981610352639,-0.0059952428564429,-0.0006631616270169,-0.0007754294201731,0.0003537663433235,-0.005173738580197,0.0013286229223012,0.0103796189650893,-0.0016800320008769,0.0046696723438799,0.0080220503732562,-8.609172073192894e-05,-0.0042601912282407,-0.001205125125125,0.0166937243193388,0.0054296725429594,0.0166972447186708,-0.0048003187403082,0.0016541104996576,-0.0074934982694685,-0.0048468108288943,0.011802420951426,-0.0013698769034817,-0.0001715125108603,-0.011108131147921,8.580368739785627e-05,0.0074606467969715,-0.0092640398070216,-0.0014535844093188,0.0013853131094947,0.0077824434265494,0.0139200491830706,0.0081226220354437,0.0069924080744385,-0.0059638638049364,0.0019476955058053,0.0155609222128987,0.00946587882936,-0.0077663087286055,0.0107166673988103,9.24839187064208e-05,0.001076849293895,0.006140140350908,0.0096814082935452,-0.027943605557084,-0.0010653766803443,0.0095864422619342,-0.0004102309758309,-0.0085988827049732,0.005827369634062,0.0205061994493007,-0.0044879890047013,-0.0093337912112474,-0.0026229482609778,-0.0108617357909679,-0.0009862158913165,0.001087375334464,-0.0007403449853882,0.008590773679316,0.0012348853051662,0.0100618144497275,0.0031244633719325,0.0216920021921396,0.001393427606672,-0.030981533229351,-0.0010640685213729,-0.0071681421250104,-0.0030318154022097,0.0015448761405423,0.0046026562340557,-0.0160943809896707,0.0116992574185133,-0.0091255996376276,-0.0101083610206842,-0.0094777904450893,0.0375786162912845,-0.0371778756380081,0.0006298259831964,0.0115384487435221,-0.0051144380122423,-0.0024725117255002,0.0051407297141849,0.0094672385603189,-0.0013376204296946,0.0031946359667927,-0.0062244008295238,-0.0087298583239316,0.0021406824234873,-0.0002759482595138,0.0022943110670894,-0.0099176354706287,0.0107348691672086,-0.0242742244154214,-0.0063256942667067,0.0310307424515485,-0.0032222259324043,-0.0019409565720707,0.0066230096854269,0.0176914930343627,-0.0031330895144492,0.0050060576759278,-0.0101358788087964,0.0038991156034171,0.0003174574230797,0.0011277315206825,0.0002381083177169,-0.0062069068662822,0.0155493170022964,-0.0252920091152191,-0.0066400351934134,0.005576710216701,0.0019660270772874,0.0132705084979534,0.0001725187030388,-0.0134069956839084,-0.000690206407784,-0.0105457820567622,0.0016391580182537,-0.0033637678239399,0.0012940547465487,-0.004421257286265,0.0102816442442528,-0.0007100546291537,0.0609827196359835,0.0302891422961806,0.1080312476760754,-0.0283925004883044,2019-02-19,2019-02-20,2019-02-21,2019-02-22,2019-02-25,2019-02-26,2019-02-27,2019-02-28,2019-03-01,2019-03-04,13856.0,2019-02-15,252.0,2.9488%,0.0004,0.4317,-0.4715,0.0808,1.0397%,1.1539%,18.8176%,0.026261,PEP,13856.0,2019-02-19,252.0,0.0173%,0.0003,0.4282,-0.4665,0.0867,1.0373%,1.1491%,18.5225%,0.0003769999999999,PEP,13856.0,2019-02-20,252.0,-0.0863%,0.0003,0.4276,-0.4687,0.0843,1.0372%,1.1491%,18.5287%,-0.001226,PEP,13856.0,2019-02-21,252.0,0.2331%,0.0004,0.4219,-0.4794,0.0739,1.0339%,1.1455%,18.5331%,0.003679,PEP,13856.0,2019-02-22,252.0,0.5685%,0.0004,0.4206,-0.4664,0.0698,1.0332%,1.1426%,18.2288%,0.006566,PEP,13856.0,2019-02-25,252.0,-0.5995%,0.0004,0.422,-0.461,0.0778,1.0319%,1.1411%,18.2313%,-0.007813,PEP,13856.0,2019-02-26,252.0,-0.0775%,0.0004,0.4255,-0.4599,0.081,1.0316%,1.1409%,18.2420%,-0.002894,PEP,13856.0,2019-02-27,252.0,-0.5174%,0.0003,0.4236,-0.458,0.0807,1.0318%,1.1393%,17.9812%,-0.004686,PEP,13856.0,2019-02-28,252.0,1.0380%,0.0004,0.4232,-0.4579,0.0777,1.0341%,1.1411%,17.8616%,0.011886,PEP,13856.0,2019-03-01,252.0,0.4670%,0.0004,0.4189,-0.4642,0.0698,1.0331%,1.1393%,17.7792%,0.003172,PEP,13856.0,2019-03-04,252.0,-0.0086%,0.0004,0.4199,-0.4668,0.0695,1.0330%,1.1382%,17.6370%,-0.000127,PEP,0.026638,0.0254119999999999,0.029091,0.027844,0.035195
30787,PEPSICO INC,From PepsiCo Conference Call: CFO Says Somewhere Between 40%-50% Of Normal EPS Is Being Reinvested,6,uncertain,0.6,0.3,"the reinvestment of 40%-50% of normal eps could be seen as a positive sign for future growth, but it may also raise concerns about immediate returns to shareholders, leading to uncertainty in stock price movement.",1,2019-02-15,PEP,2019-02-15 13:29:00+00:00,13856.0,71344810,0.0294875875115394,8889404.0,0.0001725187030388,-0.0134069956839084,-0.0008625763002783,0.0029000951908528,0.0023309732787311,0.0072585614398121,0.0056847860105335,-0.0003981610352639,-0.0059952428564429,-0.0006631616270169,-0.0007754294201731,0.0003537663433235,-0.005173738580197,0.0013286229223012,0.0103796189650893,-0.0016800320008769,0.0046696723438799,0.0080220503732562,-8.609172073192894e-05,-0.0042601912282407,-0.001205125125125,0.0166937243193388,0.0054296725429594,0.0166972447186708,-0.0048003187403082,0.0016541104996576,-0.0074934982694685,-0.0048468108288943,0.011802420951426,-0.0013698769034817,-0.0001715125108603,-0.011108131147921,8.580368739785627e-05,0.0074606467969715,-0.0092640398070216,-0.0014535844093188,0.0013853131094947,0.0077824434265494,0.0139200491830706,0.0081226220354437,0.0069924080744385,-0.0059638638049364,0.0019476955058053,0.0155609222128987,0.00946587882936,-0.0077663087286055,0.0107166673988103,9.24839187064208e-05,0.001076849293895,0.006140140350908,0.0096814082935452,-0.027943605557084,-0.0010653766803443,0.0095864422619342,-0.0004102309758309,-0.0085988827049732,0.005827369634062,0.0205061994493007,-0.0044879890047013,-0.0093337912112474,-0.0026229482609778,-0.0108617357909679,-0.0009862158913165,0.001087375334464,-0.0007403449853882,0.008590773679316,0.0012348853051662,0.0100618144497275,0.0031244633719325,0.0216920021921396,0.001393427606672,-0.030981533229351,-0.0010640685213729,-0.0071681421250104,-0.0030318154022097,0.0015448761405423,0.0046026562340557,-0.0160943809896707,0.0116992574185133,-0.0091255996376276,-0.0101083610206842,-0.0094777904450893,0.0375786162912845,-0.0371778756380081,0.0006298259831964,0.0115384487435221,-0.0051144380122423,-0.0024725117255002,0.0051407297141849,0.0094672385603189,-0.0013376204296946,0.0031946359667927,-0.0062244008295238,-0.0087298583239316,0.0021406824234873,-0.0002759482595138,0.0022943110670894,-0.0099176354706287,0.0107348691672086,-0.0242742244154214,-0.0063256942667067,0.0310307424515485,-0.0032222259324043,-0.0019409565720707,0.0066230096854269,0.0176914930343627,-0.0031330895144492,0.0050060576759278,-0.0101358788087964,0.0038991156034171,0.0003174574230797,0.0011277315206825,0.0002381083177169,-0.0062069068662822,0.0155493170022964,-0.0252920091152191,-0.0066400351934134,0.005576710216701,0.0019660270772874,0.0132705084979534,0.0001725187030388,-0.0134069956839084,-0.000690206407784,-0.0105457820567622,0.0016391580182537,-0.0033637678239399,0.0012940547465487,-0.004421257286265,0.0102816442442528,-0.0007100546291537,0.0609827196359835,0.0302891422961806,0.1080312476760754,-0.0283925004883044,2019-02-19,2019-02-20,2019-02-21,2019-02-22,2019-02-25,2019-02-26,2019-02-27,2019-02-28,2019-03-01,2019-03-04,13856.0,2019-02-15,252.0,2.9488%,0.0004,0.4317,-0.4715,0.0808,1.0397%,1.1539%,18.8176%,0.026261,PEP,13856.0,2019-02-19,252.0,0.0173%,0.0003,0.4282,-0.4665,0.0867,1.0373%,1.1491%,18.5225%,0.0003769999999999,PEP,13856.0,2019-02-20,252.0,-0.0863%,0.0003,0.4276,-0.4687,0.0843,1.0372%,1.1491%,18.5287%,-0.001226,PEP,13856.0,2019-02-21,252.0,0.2331%,0.0004,0.4219,-0.4794,0.0739,1.0339%,1.1455%,18.5331%,0.003679,PEP,13856.0,2019-02-22,252.0,0.5685%,0.0004,0.4206,-0.4664,0.0698,1.0332%,1.1426%,18.2288%,0.006566,PEP,13856.0,2019-02-25,252.0,-0.5995%,0.0004,0.422,-0.461,0.0778,1.0319%,1.1411%,18.2313%,-0.007813,PEP,13856.0,2019-02-26,252.0,-0.0775%,0.0004,0.4255,-0.4599,0.081,1.0316%,1.1409%,18.2420%,-0.002894,PEP,13856.0,2019-02-27,252.0,-0.5174%,0.0003,0.4236,-0.458,0.0807,1.0318%,1.1393%,17.9812%,-0.004686,PEP,13856.0,2019-02-28,252.0,1.0380%,0.0004,0.4232,-0.4579,0.0777,1.0341%,1.1411%,17.8616%,0.011886,PEP,13856.0,2019-03-01,252.0,0.4670%,0.0004,0.4189,-0.4642,0.0698,1.0331%,1.1393%,17.7792%,0.003172,PEP,13856.0,2019-03-04,252.0,-0.0086%,0.0004,0.4199,-0.4668,0.0695,1.0330%,1.1382%,17.6370%,-0.000127,PEP,0.026638,0.0254119999999999,0.029091,0.027844,0.035195
30795,PEPSICO INC,Pepsi Raises Qtr. Dividend From $0.9275 To $0.955/Share,6,increase,0.8,0.6,"increasing the quarterly dividend typically signals financial strength and can attract investors, likely leading to a rise in stock price.",2,2019-02-15,PEP,2019-02-15 11:12:00+00:00,13856.0,71344810,0.0294875875115394,8889404.0,0.0001725187030388,-0.0134069956839084,-0.0008625763002783,0.0029000951908528,0.0023309732787311,0.0072585614398121,0.0056847860105335,-0.0003981610352639,-0.0059952428564429,-0.0006631616270169,-0.0007754294201731,0.0003537663433235,-0.005173738580197,0.0013286229223012,0.0103796189650893,-0.0016800320008769,0.0046696723438799,0.0080220503732562,-8.609172073192894e-05,-0.0042601912282407,-0.001205125125125,0.0166937243193388,0.0054296725429594,0.0166972447186708,-0.0048003187403082,0.0016541104996576,-0.0074934982694685,-0.0048468108288943,0.011802420951426,-0.0013698769034817,-0.0001715125108603,-0.011108131147921,8.580368739785627e-05,0.0074606467969715,-0.0092640398070216,-0.0014535844093188,0.0013853131094947,0.0077824434265494,0.0139200491830706,0.0081226220354437,0.0069924080744385,-0.0059638638049364,0.0019476955058053,0.0155609222128987,0.00946587882936,-0.0077663087286055,0.0107166673988103,9.24839187064208e-05,0.001076849293895,0.006140140350908,0.0096814082935452,-0.027943605557084,-0.0010653766803443,0.0095864422619342,-0.0004102309758309,-0.0085988827049732,0.005827369634062,0.0205061994493007,-0.0044879890047013,-0.0093337912112474,-0.0026229482609778,-0.0108617357909679,-0.0009862158913165,0.001087375334464,-0.0007403449853882,0.008590773679316,0.0012348853051662,0.0100618144497275,0.0031244633719325,0.0216920021921396,0.001393427606672,-0.030981533229351,-0.0010640685213729,-0.0071681421250104,-0.0030318154022097,0.0015448761405423,0.0046026562340557,-0.0160943809896707,0.0116992574185133,-0.0091255996376276,-0.0101083610206842,-0.0094777904450893,0.0375786162912845,-0.0371778756380081,0.0006298259831964,0.0115384487435221,-0.0051144380122423,-0.0024725117255002,0.0051407297141849,0.0094672385603189,-0.0013376204296946,0.0031946359667927,-0.0062244008295238,-0.0087298583239316,0.0021406824234873,-0.0002759482595138,0.0022943110670894,-0.0099176354706287,0.0107348691672086,-0.0242742244154214,-0.0063256942667067,0.0310307424515485,-0.0032222259324043,-0.0019409565720707,0.0066230096854269,0.0176914930343627,-0.0031330895144492,0.0050060576759278,-0.0101358788087964,0.0038991156034171,0.0003174574230797,0.0011277315206825,0.0002381083177169,-0.0062069068662822,0.0155493170022964,-0.0252920091152191,-0.0066400351934134,0.005576710216701,0.0019660270772874,0.0132705084979534,0.0001725187030388,-0.0134069956839084,-0.000690206407784,-0.0105457820567622,0.0016391580182537,-0.0033637678239399,0.0012940547465487,-0.004421257286265,0.0102816442442528,-0.0007100546291537,0.0609827196359835,0.0302891422961806,0.1080312476760754,-0.0283925004883044,2019-02-19,2019-02-20,2019-02-21,2019-02-22,2019-02-25,2019-02-26,2019-02-27,2019-02-28,2019-03-01,2019-03-04,13856.0,2019-02-15,252.0,2.9488%,0.0004,0.4317,-0.4715,0.0808,1.0397%,1.1539%,18.8176%,0.026261,PEP,13856.0,2019-02-19,252.0,0.0173%,0.0003,0.4282,-0.4665,0.0867,1.0373%,1.1491%,18.5225%,0.0003769999999999,PEP,13856.0,2019-02-20,252.0,-0.0863%,0.0003,0.4276,-0.4687,0.0843,1.0372%,1.1491%,18.5287%,-0.001226,PEP,13856.0,2019-02-21,252.0,0.2331%,0.0004,0.4219,-0.4794,0.0739,1.0339%,1.1455%,18.5331%,0.003679,PEP,13856.0,2019-02-22,252.0,0.5685%,0.0004,0.4206,-0.4664,0.0698,1.0332%,1.1426%,18.2288%,0.006566,PEP,13856.0,2019-02-25,252.0,-0.5995%,0.0004,0.422,-0.461,0.0778,1.0319%,1.1411%,18.2313%,-0.007813,PEP,13856.0,2019-02-26,252.0,-0.0775%,0.0004,0.4255,-0.4599,0.081,1.0316%,1.1409%,18.2420%,-0.002894,PEP,13856.0,2019-02-27,252.0,-0.5174%,0.0003,0.4236,-0.458,0.0807,1.0318%,1.1393%,17.9812%,-0.004686,PEP,13856.0,2019-02-28,252.0,1.0380%,0.0004,0.4232,-0.4579,0.0777,1.0341%,1.1411%,17.8616%,0.011886,PEP,13856.0,2019-03-01,252.0,0.4670%,0.0004,0.4189,-0.4642,0.0698,1.0331%,1.1393%,17.7792%,0.003172,PEP,13856.0,2019-03-04,252.0,-0.0086%,0.0004,0.4199,-0.4668,0.0695,1.0330%,1.1382%,17.6370%,-0.000127,PEP,0.026638,0.0254119999999999,0.029091,0.027844,0.035195
30803,PEPSICO INC,"Pepsi Sees Long-Term Organic Sales Growth 4-6%, Core Operating Margin Expansion 20-30 Basis Points",6,increase,0.8,0.6,"the announcement of long-term organic sales growth and core operating margin expansion is likely to be viewed positively by investors, suggesting improved financial performance for pepsico inc.",2,2019-02-15,PEP,2019-02-15 11:04:00+00:00,13856.0,71344810,0.0294875875115394,8889404.0,0.0001725187030388,-0.0134069956839084,-0.0008625763002783,0.0029000951908528,0.0023309732787311,0.0072585614398121,0.0056847860105335,-0.0003981610352639,-0.0059952428564429,-0.0006631616270169,-0.0007754294201731,0.0003537663433235,-0.005173738580197,0.0013286229223012,0.0103796189650893,-0.0016800320008769,0.0046696723438799,0.0080220503732562,-8.609172073192894e-05,-0.0042601912282407,-0.001205125125125,0.0166937243193388,0.0054296725429594,0.0166972447186708,-0.0048003187403082,0.0016541104996576,-0.0074934982694685,-0.0048468108288943,0.011802420951426,-0.0013698769034817,-0.0001715125108603,-0.011108131147921,8.580368739785627e-05,0.0074606467969715,-0.0092640398070216,-0.0014535844093188,0.0013853131094947,0.0077824434265494,0.0139200491830706,0.0081226220354437,0.0069924080744385,-0.0059638638049364,0.0019476955058053,0.0155609222128987,0.00946587882936,-0.0077663087286055,0.0107166673988103,9.24839187064208e-05,0.001076849293895,0.006140140350908,0.0096814082935452,-0.027943605557084,-0.0010653766803443,0.0095864422619342,-0.0004102309758309,-0.0085988827049732,0.005827369634062,0.0205061994493007,-0.0044879890047013,-0.0093337912112474,-0.0026229482609778,-0.0108617357909679,-0.0009862158913165,0.001087375334464,-0.0007403449853882,0.008590773679316,0.0012348853051662,0.0100618144497275,0.0031244633719325,0.0216920021921396,0.001393427606672,-0.030981533229351,-0.0010640685213729,-0.0071681421250104,-0.0030318154022097,0.0015448761405423,0.0046026562340557,-0.0160943809896707,0.0116992574185133,-0.0091255996376276,-0.0101083610206842,-0.0094777904450893,0.0375786162912845,-0.0371778756380081,0.0006298259831964,0.0115384487435221,-0.0051144380122423,-0.0024725117255002,0.0051407297141849,0.0094672385603189,-0.0013376204296946,0.0031946359667927,-0.0062244008295238,-0.0087298583239316,0.0021406824234873,-0.0002759482595138,0.0022943110670894,-0.0099176354706287,0.0107348691672086,-0.0242742244154214,-0.0063256942667067,0.0310307424515485,-0.0032222259324043,-0.0019409565720707,0.0066230096854269,0.0176914930343627,-0.0031330895144492,0.0050060576759278,-0.0101358788087964,0.0038991156034171,0.0003174574230797,0.0011277315206825,0.0002381083177169,-0.0062069068662822,0.0155493170022964,-0.0252920091152191,-0.0066400351934134,0.005576710216701,0.0019660270772874,0.0132705084979534,0.0001725187030388,-0.0134069956839084,-0.000690206407784,-0.0105457820567622,0.0016391580182537,-0.0033637678239399,0.0012940547465487,-0.004421257286265,0.0102816442442528,-0.0007100546291537,0.0609827196359835,0.0302891422961806,0.1080312476760754,-0.0283925004883044,2019-02-19,2019-02-20,2019-02-21,2019-02-22,2019-02-25,2019-02-26,2019-02-27,2019-02-28,2019-03-01,2019-03-04,13856.0,2019-02-15,252.0,2.9488%,0.0004,0.4317,-0.4715,0.0808,1.0397%,1.1539%,18.8176%,0.026261,PEP,13856.0,2019-02-19,252.0,0.0173%,0.0003,0.4282,-0.4665,0.0867,1.0373%,1.1491%,18.5225%,0.0003769999999999,PEP,13856.0,2019-02-20,252.0,-0.0863%,0.0003,0.4276,-0.4687,0.0843,1.0372%,1.1491%,18.5287%,-0.001226,PEP,13856.0,2019-02-21,252.0,0.2331%,0.0004,0.4219,-0.4794,0.0739,1.0339%,1.1455%,18.5331%,0.003679,PEP,13856.0,2019-02-22,252.0,0.5685%,0.0004,0.4206,-0.4664,0.0698,1.0332%,1.1426%,18.2288%,0.006566,PEP,13856.0,2019-02-25,252.0,-0.5995%,0.0004,0.422,-0.461,0.0778,1.0319%,1.1411%,18.2313%,-0.007813,PEP,13856.0,2019-02-26,252.0,-0.0775%,0.0004,0.4255,-0.4599,0.081,1.0316%,1.1409%,18.2420%,-0.002894,PEP,13856.0,2019-02-27,252.0,-0.5174%,0.0003,0.4236,-0.458,0.0807,1.0318%,1.1393%,17.9812%,-0.004686,PEP,13856.0,2019-02-28,252.0,1.0380%,0.0004,0.4232,-0.4579,0.0777,1.0341%,1.1411%,17.8616%,0.011886,PEP,13856.0,2019-03-01,252.0,0.4670%,0.0004,0.4189,-0.4642,0.0698,1.0331%,1.1393%,17.7792%,0.003172,PEP,13856.0,2019-03-04,252.0,-0.0086%,0.0004,0.4199,-0.4668,0.0695,1.0330%,1.1382%,17.6370%,-0.000127,PEP,0.026638,0.0254119999999999,0.029091,0.027844,0.035195
30811,PEPSICO INC,Pepsi Sees FY19 Organic Sales Growth 4% Year Over Year,6,increase,0.8,0.6,"the reported 4% organic sales growth year over year is a positive indicator of pepsico's performance, likely leading to an increase in investor confidence and stock price.",2,2019-02-15,PEP,2019-02-15 11:03:00+00:00,13856.0,71344810,0.0294875875115394,8889404.0,0.0001725187030388,-0.0134069956839084,-0.0008625763002783,0.0029000951908528,0.0023309732787311,0.0072585614398121,0.0056847860105335,-0.0003981610352639,-0.0059952428564429,-0.0006631616270169,-0.0007754294201731,0.0003537663433235,-0.005173738580197,0.0013286229223012,0.0103796189650893,-0.0016800320008769,0.0046696723438799,0.0080220503732562,-8.609172073192894e-05,-0.0042601912282407,-0.001205125125125,0.0166937243193388,0.0054296725429594,0.0166972447186708,-0.0048003187403082,0.0016541104996576,-0.0074934982694685,-0.0048468108288943,0.011802420951426,-0.0013698769034817,-0.0001715125108603,-0.011108131147921,8.580368739785627e-05,0.0074606467969715,-0.0092640398070216,-0.0014535844093188,0.0013853131094947,0.0077824434265494,0.0139200491830706,0.0081226220354437,0.0069924080744385,-0.0059638638049364,0.0019476955058053,0.0155609222128987,0.00946587882936,-0.0077663087286055,0.0107166673988103,9.24839187064208e-05,0.001076849293895,0.006140140350908,0.0096814082935452,-0.027943605557084,-0.0010653766803443,0.0095864422619342,-0.0004102309758309,-0.0085988827049732,0.005827369634062,0.0205061994493007,-0.0044879890047013,-0.0093337912112474,-0.0026229482609778,-0.0108617357909679,-0.0009862158913165,0.001087375334464,-0.0007403449853882,0.008590773679316,0.0012348853051662,0.0100618144497275,0.0031244633719325,0.0216920021921396,0.001393427606672,-0.030981533229351,-0.0010640685213729,-0.0071681421250104,-0.0030318154022097,0.0015448761405423,0.0046026562340557,-0.0160943809896707,0.0116992574185133,-0.0091255996376276,-0.0101083610206842,-0.0094777904450893,0.0375786162912845,-0.0371778756380081,0.0006298259831964,0.0115384487435221,-0.0051144380122423,-0.0024725117255002,0.0051407297141849,0.0094672385603189,-0.0013376204296946,0.0031946359667927,-0.0062244008295238,-0.0087298583239316,0.0021406824234873,-0.0002759482595138,0.0022943110670894,-0.0099176354706287,0.0107348691672086,-0.0242742244154214,-0.0063256942667067,0.0310307424515485,-0.0032222259324043,-0.0019409565720707,0.0066230096854269,0.0176914930343627,-0.0031330895144492,0.0050060576759278,-0.0101358788087964,0.0038991156034171,0.0003174574230797,0.0011277315206825,0.0002381083177169,-0.0062069068662822,0.0155493170022964,-0.0252920091152191,-0.0066400351934134,0.005576710216701,0.0019660270772874,0.0132705084979534,0.0001725187030388,-0.0134069956839084,-0.000690206407784,-0.0105457820567622,0.0016391580182537,-0.0033637678239399,0.0012940547465487,-0.004421257286265,0.0102816442442528,-0.0007100546291537,0.0609827196359835,0.0302891422961806,0.1080312476760754,-0.0283925004883044,2019-02-19,2019-02-20,2019-02-21,2019-02-22,2019-02-25,2019-02-26,2019-02-27,2019-02-28,2019-03-01,2019-03-04,13856.0,2019-02-15,252.0,2.9488%,0.0004,0.4317,-0.4715,0.0808,1.0397%,1.1539%,18.8176%,0.026261,PEP,13856.0,2019-02-19,252.0,0.0173%,0.0003,0.4282,-0.4665,0.0867,1.0373%,1.1491%,18.5225%,0.0003769999999999,PEP,13856.0,2019-02-20,252.0,-0.0863%,0.0003,0.4276,-0.4687,0.0843,1.0372%,1.1491%,18.5287%,-0.001226,PEP,13856.0,2019-02-21,252.0,0.2331%,0.0004,0.4219,-0.4794,0.0739,1.0339%,1.1455%,18.5331%,0.003679,PEP,13856.0,2019-02-22,252.0,0.5685%,0.0004,0.4206,-0.4664,0.0698,1.0332%,1.1426%,18.2288%,0.006566,PEP,13856.0,2019-02-25,252.0,-0.5995%,0.0004,0.422,-0.461,0.0778,1.0319%,1.1411%,18.2313%,-0.007813,PEP,13856.0,2019-02-26,252.0,-0.0775%,0.0004,0.4255,-0.4599,0.081,1.0316%,1.1409%,18.2420%,-0.002894,PEP,13856.0,2019-02-27,252.0,-0.5174%,0.0003,0.4236,-0.458,0.0807,1.0318%,1.1393%,17.9812%,-0.004686,PEP,13856.0,2019-02-28,252.0,1.0380%,0.0004,0.4232,-0.4579,0.0777,1.0341%,1.1411%,17.8616%,0.011886,PEP,13856.0,2019-03-01,252.0,0.4670%,0.0004,0.4189,-0.4642,0.0698,1.0331%,1.1393%,17.7792%,0.003172,PEP,13856.0,2019-03-04,252.0,-0.0086%,0.0004,0.4199,-0.4668,0.0695,1.0330%,1.1382%,17.6370%,-0.000127,PEP,0.026638,0.0254119999999999,0.029091,0.027844,0.035195
30819,PEPSICO INC,"PepsiCo Q4 EPS $1.49, Inline, Sales $19.524B Beat $19.52B Estimate",6,uncertain,0.6,0.2,"while pepsico's earnings per share (eps) met expectations, the sales figure slightly exceeded estimates, leading to mixed signals that could result in an uncertain market reaction.",1,2019-02-15,PEP,2019-02-15 11:03:00+00:00,13856.0,71344810,0.0294875875115394,8889404.0,0.0001725187030388,-0.0134069956839084,-0.0008625763002783,0.0029000951908528,0.0023309732787311,0.0072585614398121,0.0056847860105335,-0.0003981610352639,-0.0059952428564429,-0.0006631616270169,-0.0007754294201731,0.0003537663433235,-0.005173738580197,0.0013286229223012,0.0103796189650893,-0.0016800320008769,0.0046696723438799,0.0080220503732562,-8.609172073192894e-05,-0.0042601912282407,-0.001205125125125,0.0166937243193388,0.0054296725429594,0.0166972447186708,-0.0048003187403082,0.0016541104996576,-0.0074934982694685,-0.0048468108288943,0.011802420951426,-0.0013698769034817,-0.0001715125108603,-0.011108131147921,8.580368739785627e-05,0.0074606467969715,-0.0092640398070216,-0.0014535844093188,0.0013853131094947,0.0077824434265494,0.0139200491830706,0.0081226220354437,0.0069924080744385,-0.0059638638049364,0.0019476955058053,0.0155609222128987,0.00946587882936,-0.0077663087286055,0.0107166673988103,9.24839187064208e-05,0.001076849293895,0.006140140350908,0.0096814082935452,-0.027943605557084,-0.0010653766803443,0.0095864422619342,-0.0004102309758309,-0.0085988827049732,0.005827369634062,0.0205061994493007,-0.0044879890047013,-0.0093337912112474,-0.0026229482609778,-0.0108617357909679,-0.0009862158913165,0.001087375334464,-0.0007403449853882,0.008590773679316,0.0012348853051662,0.0100618144497275,0.0031244633719325,0.0216920021921396,0.001393427606672,-0.030981533229351,-0.0010640685213729,-0.0071681421250104,-0.0030318154022097,0.0015448761405423,0.0046026562340557,-0.0160943809896707,0.0116992574185133,-0.0091255996376276,-0.0101083610206842,-0.0094777904450893,0.0375786162912845,-0.0371778756380081,0.0006298259831964,0.0115384487435221,-0.0051144380122423,-0.0024725117255002,0.0051407297141849,0.0094672385603189,-0.0013376204296946,0.0031946359667927,-0.0062244008295238,-0.0087298583239316,0.0021406824234873,-0.0002759482595138,0.0022943110670894,-0.0099176354706287,0.0107348691672086,-0.0242742244154214,-0.0063256942667067,0.0310307424515485,-0.0032222259324043,-0.0019409565720707,0.0066230096854269,0.0176914930343627,-0.0031330895144492,0.0050060576759278,-0.0101358788087964,0.0038991156034171,0.0003174574230797,0.0011277315206825,0.0002381083177169,-0.0062069068662822,0.0155493170022964,-0.0252920091152191,-0.0066400351934134,0.005576710216701,0.0019660270772874,0.0132705084979534,0.0001725187030388,-0.0134069956839084,-0.000690206407784,-0.0105457820567622,0.0016391580182537,-0.0033637678239399,0.0012940547465487,-0.004421257286265,0.0102816442442528,-0.0007100546291537,0.0609827196359835,0.0302891422961806,0.1080312476760754,-0.0283925004883044,2019-02-19,2019-02-20,2019-02-21,2019-02-22,2019-02-25,2019-02-26,2019-02-27,2019-02-28,2019-03-01,2019-03-04,13856.0,2019-02-15,252.0,2.9488%,0.0004,0.4317,-0.4715,0.0808,1.0397%,1.1539%,18.8176%,0.026261,PEP,13856.0,2019-02-19,252.0,0.0173%,0.0003,0.4282,-0.4665,0.0867,1.0373%,1.1491%,18.5225%,0.0003769999999999,PEP,13856.0,2019-02-20,252.0,-0.0863%,0.0003,0.4276,-0.4687,0.0843,1.0372%,1.1491%,18.5287%,-0.001226,PEP,13856.0,2019-02-21,252.0,0.2331%,0.0004,0.4219,-0.4794,0.0739,1.0339%,1.1455%,18.5331%,0.003679,PEP,13856.0,2019-02-22,252.0,0.5685%,0.0004,0.4206,-0.4664,0.0698,1.0332%,1.1426%,18.2288%,0.006566,PEP,13856.0,2019-02-25,252.0,-0.5995%,0.0004,0.422,-0.461,0.0778,1.0319%,1.1411%,18.2313%,-0.007813,PEP,13856.0,2019-02-26,252.0,-0.0775%,0.0004,0.4255,-0.4599,0.081,1.0316%,1.1409%,18.2420%,-0.002894,PEP,13856.0,2019-02-27,252.0,-0.5174%,0.0003,0.4236,-0.458,0.0807,1.0318%,1.1393%,17.9812%,-0.004686,PEP,13856.0,2019-02-28,252.0,1.0380%,0.0004,0.4232,-0.4579,0.0777,1.0341%,1.1411%,17.8616%,0.011886,PEP,13856.0,2019-03-01,252.0,0.4670%,0.0004,0.4189,-0.4642,0.0698,1.0331%,1.1393%,17.7792%,0.003172,PEP,13856.0,2019-03-04,252.0,-0.0086%,0.0004,0.4199,-0.4668,0.0695,1.0330%,1.1382%,17.6370%,-0.000127,PEP,0.026638,0.0254119999999999,0.029091,0.027844,0.035195
30827,PENTAIR PLC,"Pentair Reports Closed Minority Investment In Aqua Membranes, No Terms Disclosed",6,uncertain,0.5,0.5,"the news of a closed minority investment could be seen as a positive strategic move for future growth, but the lack of disclosed terms makes it difficult to assess its immediate impact on stock price.",1,2019-02-15,PNR,2019-02-15 13:03:00+00:00,13586.0,G7S00T10,0.0212765801697969,1438820.0,-0.0056180167011916,-0.0094718849286437,0.0072975843213498,0.0102870892733335,-0.0058424863964319,0.0172791201621294,0.0119886770844459,0.0021951256785541,0.0051103653386235,0.0014655929990112,-0.0067021241411566,-0.0134940091520547,0.0020940008107572,0.0007233850774355,-0.0123055204749107,0.0067978296428918,0.0032910057343542,0.0046341130509972,0.0044517014175653,-0.0046127368696033,-0.0074644205160439,0.0,-0.0075205569155514,0.0051244287751615,-0.0113663161173462,0.0108534442260861,-0.0026347450911998,-0.0126644046977162,0.0254563260823488,0.0148295182734727,-0.0039813108742237,0.0099402936175465,0.0061133820563554,0.0019920775666832,-0.0053750770166516,-0.0245323870331049,0.0014097170205786,0.0200693141669035,0.0227592978626489,0.0047299587167799,0.0011470345780253,-0.0024832950439304,-0.0107699641957879,-0.0027241359930485,0.0078758439049124,-0.0017305238870903,-0.0287290289998054,-0.0004942045197822,0.0075722555629909,0.0057156942784786,0.0169092863798141,0.0146243525668978,0.0030023341532796,0.0290606878697872,0.011512778699398,0.0102227879688143,0.0132027771323919,0.0412118509411811,0.0220176000148057,-0.0299179516732692,-0.0094526335597038,-0.0002646459033712,-0.0035508177243173,0.012597088702023,0.0046770395711064,-0.0034721489064395,0.0022167696151882,0.011345169506967,0.0011059331009164,0.0337894186377525,-0.1354396194219589,-0.0250475946813821,0.0025555449537932,-0.0218375418335199,0.0191180221736431,-0.0159853417426347,0.0020010464359074,-0.0106300190091133,-0.0042436840012669,0.0065240082331001,0.0145400306209921,-0.0201994609087705,-0.0479368083178997,-0.0146132027730345,-0.0033897589892148,0.0025258518289774,-0.0151753481477499,-0.004025153350085,0.0114240255206823,0.0017641051672399,-0.0005253600538708,-0.0010070723947137,-0.0141918770968914,-0.0139026213437318,0.0239936430007219,-0.0073928791098296,0.0117157185450196,-0.0451764278113842,0.0033453695941716,-0.0046838587149977,-0.0038471792358905,0.0054155765101313,0.0038620373234152,-0.0097924498841166,0.0125672696158289,0.0302665941417217,-0.0217831972986459,-0.0033516732510179,-0.0186431240290403,-0.0004785943310707,-0.0094986967742443,0.0048088664188981,0.0045284540392458,0.0058041522279381,0.006894779857248,-0.0152417998760938,-0.0313405953347683,-0.0070938575081527,-0.0002718412724789,-0.0049411547370254,-0.0056180167011916,-0.0094718849286437,0.0016385696695624,0.0007177662188422,-0.0042134900478735,0.0180092887497154,0.0128745141040749,0.0217392094665813,0.0035111829309708,0.0155378303161199,0.0648408350611735,0.1124198122101398,-0.135239142097976,-0.0113859552290013,2019-02-19,2019-02-20,2019-02-21,2019-02-22,2019-02-25,2019-02-26,2019-02-27,2019-02-28,2019-03-01,2019-03-04,13586.0,2019-02-15,252.0,2.1277%,-0.0003,1.0072,0.4154,0.5291,0.9902%,1.4040%,50.2671%,0.006284,PNR,13586.0,2019-02-19,252.0,-0.5618%,-0.0003,1.0084,0.4046,0.5168,0.9900%,1.4044%,50.3031%,-0.010424,PNR,13586.0,2019-02-20,252.0,0.7298%,-0.0003,1.0088,0.4056,0.5186,0.9901%,1.4051%,50.3451%,0.001549,PNR,13586.0,2019-02-21,252.0,-0.5842%,-0.0003,1.011,0.41,0.5226,0.9894%,1.4054%,50.4346%,-0.000733,PNR,13586.0,2019-02-22,252.0,1.1989%,-0.0003,1.0095,0.4113,0.5052,0.9918%,1.4075%,50.3442%,0.010744,PNR,13586.0,2019-02-25,252.0,0.5110%,-0.0003,1.0104,0.4094,0.5077,0.9911%,1.4073%,50.4026%,0.005475,PNR,13586.0,2019-02-26,252.0,-0.6702%,-0.0002,1.0159,0.405,0.5096,0.9895%,1.4076%,50.5836%,-0.00089,PNR,13586.0,2019-02-27,252.0,0.2094%,-0.0002,1.0201,0.3979,0.5103,0.9877%,1.4077%,50.7642%,0.000922,PNR,13586.0,2019-02-28,252.0,-1.2306%,-0.0002,1.0228,0.3996,0.5141,0.9889%,1.4080%,50.6731%,-0.008047,PNR,13586.0,2019-03-01,252.0,0.3291%,-0.0002,1.0152,0.3882,0.5037,0.9864%,1.3985%,50.2550%,-0.003266,PNR,13586.0,2019-03-04,252.0,0.4452%,-0.0001,1.0062,0.4097,0.508,0.9823%,1.3898%,50.0396%,0.009229,PNR,-0.00414,-0.0025909999999999,-0.0033239999999999,0.012895,0.010843
30835,PORTLAND GENERAL ELECTRIC CO,"Portland General Electric Earlier Reported Q4 EPS $0.55 Beats $0.53 Estimate, Sales $519M Miss $549.58M Estimate",6,uncertain,0.6,0.3,"while the earnings per share beat estimates, the significant miss in sales could lead to mixed investor reactions, making the overall impact on the stock price uncertain.",1,2019-02-15,POR,2019-02-15 13:37:00+00:00,91204.0,73650884,0.0016377038555219,1133214.0,-0.0006130958208814,0.0041109342128038,0.0137013932690024,-0.0069401948712766,0.0032277556601911,-0.0004080114886164,0.0144782066345214,-0.0052770883776247,-0.0118930088356137,0.0142033472657203,-0.0070210327394306,0.0161054264754056,0.0048485188744962,0.0,0.0080417711287736,-0.0018789175665006,0.003589954227209,0.0041928882710635,0.009141475893557,-0.0128311039879918,-0.0078770723193883,0.0239457748830318,0.0049622864462435,0.008548785932362,0.0059253256767988,0.0019271981436759,0.0109955109655857,-0.0078606102615594,0.0102932369336485,-0.0096780788153409,0.0023067845031619,0.0123535254970192,0.0021097164135426,0.0160138867795467,-0.0059330407530069,0.0080715296790003,0.0077012232504785,0.0004365006170701,-0.0091707976534962,0.0090288445353508,-0.0196683462709188,0.0079911351203918,0.0039339251816272,0.0121321259066462,0.0107758473604917,-0.0154833169654011,0.0099341254681348,-0.0044043329544365,0.0063780057244002,0.0138423517346382,0.0074899056926369,-0.0112582417204976,-0.0070529724471271,0.0195813402533531,-0.0103666903451085,-0.0087014585733413,0.0056256242096424,0.0090049877762794,-0.0021219253540039,-0.0029180936980992,-0.0032862587831914,-0.0283533111214637,-0.0003879064752254,0.007692274171859,-0.0056267152540385,0.0035288895014673,0.0113171087577939,0.0089007904753088,-0.0135057056322693,0.0169721655547618,0.0041071595624089,-0.0453717522323131,-0.001363453338854,-0.0126930885016918,0.0070216618478298,-0.003583435434848,0.0025178627111017,0.0059372088871896,-0.0046367440372705,-0.0073668383993208,-0.017468973994255,-0.0296160299330949,-0.0057289036922156,-0.0107092866674065,-0.0013908902183175,0.0012138654710724,-0.0037803149316459,-0.0110043864697217,0.010784919373691,0.0076613118872046,0.0114601468667388,-0.0048154429532587,0.005665186792612,0.0091111715883016,0.0124320005998015,0.0077535416930913,-0.0076745534315705,0.0036861863918602,0.0114075820893049,0.0141225391998887,-0.0038233753293752,0.0092224366962909,-0.0044137313961982,-0.0052126771770417,0.0117579139769077,-0.0006251842714846,0.0020955761428922,0.0054473527707159,-0.0009505558409728,0.0075997598469257,-0.0161750428378582,0.0012681791558861,0.0052224458195269,-0.0287414845079183,0.0209736414253711,0.0037090522237122,0.0122502390295267,0.0058030835352838,-0.0081921173259615,0.0100481379777193,-0.0006130958208814,0.0041109342128038,0.0130798971811676,-0.0028577913430126,0.0163498715535199,-0.0032646368199291,0.0188023322897346,0.0055577734480565,0.0378090823988959,0.0109685179669802,0.0646317011009411,0.0965207503711704,0.0963257619660569,0.0309969625366937,2019-02-19,2019-02-20,2019-02-21,2019-02-22,2019-02-25,2019-02-26,2019-02-27,2019-02-28,2019-03-01,2019-03-04,91204.0,2019-02-15,252.0,0.1638%,0.0009,0.1991,-0.3379,-0.0969,1.1055%,1.1409%,6.1110%,0.000854,POR,91204.0,2019-02-19,252.0,-0.0613%,0.0008,0.1923,-0.329,-0.0862,1.0974%,1.1303%,5.7480%,0.000179,POR,91204.0,2019-02-20,252.0,1.3701%,0.0008,0.1955,-0.3247,-0.0756,1.1000%,1.1328%,5.7010%,0.014434,POR,91204.0,2019-02-21,252.0,0.3228%,0.0009,0.1859,-0.3437,-0.0932,1.0888%,1.1220%,5.8396%,0.00345,POR,91204.0,2019-02-22,252.0,1.4478%,0.001,0.1839,-0.3357,-0.1104,1.0914%,1.1242%,5.7497%,0.01369,POR,91204.0,2019-02-25,252.0,-1.1893%,0.0009,0.1842,-0.3283,-0.1053,1.0950%,1.1271%,5.6058%,-0.01334,POR,91204.0,2019-02-26,252.0,-0.7021%,0.0008,0.1747,-0.305,-0.1006,1.0901%,1.1185%,5.0174%,-0.009275,POR,91204.0,2019-02-27,252.0,0.4849%,0.0009,0.1818,-0.3163,-0.0994,1.0858%,1.1161%,5.3539%,0.00505,POR,91204.0,2019-02-28,252.0,0.8042%,0.001,0.1745,-0.321,-0.1064,1.0847%,1.1143%,5.2309%,0.00832,POR,91204.0,2019-03-01,252.0,0.3590%,0.001,0.1679,-0.3309,-0.1175,1.0823%,1.1119%,5.2471%,0.0027489999999999,POR,91204.0,2019-03-04,252.0,0.9141%,0.001,0.1712,-0.349,-0.1167,1.0820%,1.1128%,5.4609%,0.009059,POR,0.001033,0.015467,0.018917,0.019267,0.03517
30843,PIONEER NATURAL RESOURCES CO,"TD Securities Downgrades Pioneer Natural Resources to Hold, Lowers Price Target to $165",6,decrease,0.8,0.7,"the downgrade to 'hold' and the reduction of the price target typically signal a less favorable outlook, which is likely to lead to a decrease in stock price.",0,2019-02-15,PXD,2019-02-15 13:31:00+00:00,75241.0,72378710,0.0158652793616056,2466470.0,0.00144472962711,-0.0196642354130744,-0.0294036753475666,0.032251201570034,-0.0363109074532985,0.0271704010665416,0.0439222268760204,0.0142950927838683,0.0056285639293491,-0.007895216345787,-0.0011893806513398,-0.0352634191513061,-0.0083355791866779,-0.0125357136130332,-0.0043795318342745,-0.0067787985317409,0.0249025169759988,0.0109084183350205,-0.002838181098923,0.0048481388948857,-0.0117320539429783,0.0057240677997469,-0.0253582503646612,0.009343777783215,-0.0175134614109993,0.0035071950405836,-0.0437207035720348,-0.0037081155460327,0.0159558281302452,0.0138818463310599,0.0195559971034526,0.0064764912240207,0.0048136999830603,-0.0182883106172084,0.0050855134613811,-0.0339544415473938,-0.0051330714486539,0.0113770477473735,0.0214491318911314,-0.0018809323664754,-0.0026699027512222,0.0035656471736729,0.0450762994587421,0.0009797704406082,0.0079617407172918,0.0045696981251239,-0.0345490686595439,-0.0206554662436246,-0.0044821063056588,-0.0039091426879167,0.0224398970603942,0.0253867842257022,0.0285174138844013,-0.0008432432077825,0.0413184501230716,0.021753279492259,-0.0041201026178896,0.0338454507291317,-0.0084711927920579,0.0032017324119806,-0.0186105873435735,0.0211374592036008,-0.0143068917095661,0.0077389455400407,0.0099959382787346,0.0033056016545742,0.0214207451790571,0.0003845501341857,0.0069684302434325,0.0789975672960281,-0.0183878820389509,-0.0365366153419017,0.0104068955406546,-0.0275228843092918,0.0028572839219123,-0.0297956708818674,0.1152929291129112,0.0037858709692955,-0.003445828333497,-0.0101925013586878,0.0208656247705221,-0.0270526967942714,0.0102779399603605,-0.0105339586734771,0.0119075002148747,-0.0125391455367207,0.0047412421554327,0.0121872248128056,-0.0009665027610026,-0.0134462108835578,-0.0190644543617963,-0.0170629546046257,-0.0252944286912679,0.0026644573081284,-0.0182726755738258,-0.0210049264132976,0.0049108616076409,-0.050202190876007,0.0042836000211536,0.0381049402058124,-0.0509432330727577,-0.0095193283632397,-0.0285478830337524,0.0085869124159216,0.017071709036827,0.0053017861209809,0.0012812925269827,-0.0207668412476778,-0.0532343238592147,0.0208602789789438,0.0391971543431282,-0.044102419167757,-0.0024062583688646,0.0186582468450069,-0.0114080840721726,-0.0384272411465644,-0.0292119532823562,0.0044091455638408,0.0212607309222221,0.0105256671085953,0.00144472962711,-0.0196642354130744,-0.0280014260813771,0.0119527709369318,-0.0632955763436744,0.0394479335836863,-0.01664956021173,0.0459829568660097,-0.0089439515337176,0.0053400389418272,0.040976818854665,0.0653760103668348,0.0365644434134579,-0.0760687056616277,2019-02-19,2019-02-20,2019-02-21,2019-02-22,2019-02-25,2019-02-26,2019-02-27,2019-02-28,2019-03-01,2019-03-04,75241.0,2019-02-15,252.0,1.5865%,-0.0006,1.3327,0.4432,0.7842,1.5461%,2.0205%,41.4411%,-0.0045379999999999,PXD,75241.0,2019-02-19,252.0,0.1445%,-0.0006,1.3349,0.4364,0.7764,1.5452%,2.0205%,41.5147%,-0.0048249999999999,PXD,75241.0,2019-02-20,252.0,-2.9404%,-0.0007,1.3254,0.4184,0.7434,1.5616%,2.0285%,40.7336%,-0.03727,PXD,75241.0,2019-02-21,252.0,-3.6311%,-0.0009,1.3353,0.4324,0.7619,1.5710%,2.0408%,40.7445%,-0.029504,PXD,75241.0,2019-02-22,252.0,4.3922%,-0.0007,1.3279,0.4674,0.7047,1.5913%,2.0567%,40.1358%,0.0439639999999999,PXD,75241.0,2019-02-25,252.0,0.5629%,-0.0007,1.33,0.4662,0.7119,1.5876%,2.0546%,40.2939%,0.00602,PXD,75241.0,2019-02-26,252.0,-0.1189%,-0.0007,1.3301,0.4566,0.7071,1.5881%,2.0523%,40.1238%,0.0061719999999999,PXD,75241.0,2019-02-27,252.0,-0.8336%,-0.0006,1.3357,0.4439,0.708,1.5869%,2.0529%,40.2463%,-0.0096519999999999,PXD,75241.0,2019-02-28,252.0,-0.4380%,-0.0006,1.3299,0.44,0.7033,1.5856%,2.0458%,39.9254%,0.001343,PXD,75241.0,2019-03-01,252.0,2.4903%,-0.0005,1.3299,0.44,0.6952,1.5889%,2.0461%,39.6922%,0.016774,PXD,75241.0,2019-03-04,252.0,-0.2838%,-0.0005,1.3322,0.4292,0.6954,1.5887%,2.0458%,39.6963%,0.0030359999999999,PXD,-0.009363,-0.0466329999999999,-0.076137,-0.026153,-0.0084799999999999
30851,Q 2 HOLDINGS INC,"DA Davidson Downgrades Q2 Holdings to Underperform, Raises Price Target to $52",6,decrease,0.7,0.6,"the downgrade to 'underperform' typically signals negative sentiment, which is likely to lead to a decrease in stock price despite the raised price target.",0,2019-02-15,QTWO,2019-02-15 13:09:00+00:00,14516.0,74736L10,-0.0008974953088909,598962.0,-0.0245545636862516,0.0249922908842563,0.0029162671416997,0.0146235600113868,0.0140802850946784,0.0299631301313638,0.0185631699860096,-0.0077901696786284,0.0017780819907784,0.0064000245183706,-0.011832614429295,0.0064412485808134,0.0167640000581741,-0.0012866167817264,0.0131017137318849,0.0090879807248711,0.0316768437623977,0.022568879649043,-0.0270422268658876,0.0139659773558378,-0.0120150810107588,0.0296257622539997,-0.0175823736935854,0.014054867438972,0.006263954564929,-0.001753810676746,0.0139321535825729,-0.0054073147475719,0.0111094061285257,0.02668341062963,0.0069394730962812,0.0026935092173516,-0.0202441290020942,0.0267329812049865,-0.0035169676411896,-0.0317743457853794,0.0036764706019312,0.0245062205940485,0.0109890112653374,0.0154132191091775,0.0065216948278248,0.0202728249132633,0.0021598492749035,0.0199033580720424,0.0170977357774972,-0.014473401941359,-0.0331967584788799,-0.0164825078099966,0.0045294789597392,-0.0042894356884062,0.0122181288897991,0.0219172425568103,-0.0169563554227352,0.0242046006023883,0.011547920294106,0.046364389359951,0.0008671270334161,0.0348762981593608,0.0064972122199833,-0.0112852063030004,0.0107588581740856,-0.0343087948858737,-0.0340619012713432,0.0265174806118011,-0.027181876823306,0.0047876671887934,0.0067966254428029,0.0120075773447752,-0.0021003151778131,0.0548889152705669,0.0070655629970133,0.017639048397541,0.0167189557105302,-0.0407808534801006,0.001615043496713,-0.0253699962049722,0.0076223486103117,-0.000422663957579,0.0117836082354188,-0.0166250877082347,0.0008626536000519,-0.0213544704020023,-0.0083321621641516,-0.0138387968763709,-0.0063740755431354,-0.001201874227263,0.0209943503141403,0.0086885523051023,0.0317007191479206,0.0054855840280652,0.0155017683282494,0.00326130958274,0.0091317724436521,-0.0436646752059459,0.0064829243347048,-0.0113702090457081,0.0120773157104849,-0.029367746785283,0.0,-0.0152882998809218,-0.0241315271705389,0.0162860862910747,0.0063858861103653,0.0030041278805583,0.014175821095705,0.02778847143054,-0.0151757104322314,0.0032913486938923,-0.0148689653724432,0.0319680795073509,-0.0488473884761333,0.0062323594465851,0.0243797246366739,0.0456170290708541,0.0207013264298439,-0.0128657175227999,-0.0326987132430076,-0.0696911290287971,0.0198259782046079,0.0071942238137125,-0.0245545636862516,0.0249922908842563,-0.0217099042118088,0.0399813271612112,-0.0079353007578109,0.071142423001131,0.0122772821858061,0.0695999753014176,0.0342865859855174,0.124852737156762,0.0437190913664773,0.3970741994458096,0.070519524867904,0.2998249700210005,2019-02-19,2019-02-20,2019-02-21,2019-02-22,2019-02-25,2019-02-26,2019-02-27,2019-02-28,2019-03-01,2019-03-04,14516.0,2019-02-15,252.0,-0.0897%,0.0012,0.8794,0.6272,-0.917,1.5602%,2.0737%,43.3950%,-0.008256,QTWO,14516.0,2019-02-19,252.0,-2.4555%,0.001,0.8713,0.6146,-0.9305,1.5682%,2.0752%,42.8916%,-0.025393,QTWO,14516.0,2019-02-20,252.0,0.2916%,0.001,0.8708,0.6061,-0.9342,1.5648%,2.0723%,42.9847%,0.004926,QTWO,14516.0,2019-02-21,252.0,1.4080%,0.0011,0.8607,0.5886,-0.9529,1.5629%,2.0679%,42.8804%,0.015478,QTWO,14516.0,2019-02-22,252.0,1.8563%,0.0011,0.8619,0.5767,-0.9494,1.5624%,2.0703%,43.0416%,-0.004376,QTWO,14516.0,2019-02-25,252.0,0.1778%,0.0011,0.862,0.5772,-0.9485,1.5624%,2.0700%,43.0298%,0.000176,QTWO,14516.0,2019-02-26,252.0,-1.1833%,0.001,0.8625,0.5921,-0.9406,1.5638%,2.0697%,42.9080%,-0.009989,QTWO,14516.0,2019-02-27,252.0,1.6764%,0.001,0.8588,0.6024,-0.9412,1.5648%,2.0695%,42.8256%,0.013634,QTWO,14516.0,2019-02-28,252.0,1.3102%,0.0011,0.8496,0.5966,-0.9507,1.5647%,2.0646%,42.5633%,0.013191,QTWO,14516.0,2019-03-01,252.0,3.1677%,0.0012,0.8557,0.6057,-0.9499,1.5690%,2.0728%,42.6989%,0.019937,QTWO,14516.0,2019-03-04,252.0,-2.7042%,0.0011,0.8576,0.6154,-0.9541,1.5730%,2.0806%,42.8411%,-0.016555,QTWO,-0.033649,-0.028723,-0.0132449999999999,-0.017445,0.0027729999999999
30859,REGENERON PHARMACEUTICALS INC,US And EU Patent Office Decisions Invalidate Amgen Subsidiary Immunex's Patents Claiming Antibodies To IL-4 Receptor,6,increase,0.8,0.7,"the invalidation of amgen's patents could enhance regeneron's competitive position in the market for il-4 receptor antibodies, potentially leading to an increase in stock price.",2,2019-02-15,REGN,2019-02-15 21:44:00+00:00,76614.0,75886F10,0.0216883141547441,700044.0,-0.0079486640170216,0.0069887763820588,0.0045411405153572,-0.0102080032229423,-0.0092069171369075,0.0191671848297119,0.0093163102865219,0.0040555093437433,-0.0050648115575313,0.0009840916609391,0.0137256504967808,-0.0002459811803419,0.0168485101312398,-0.0343910567462444,-0.0059769609943032,-0.0102491425350308,0.0204996448010206,-0.0110426601022481,-0.0130582628771662,0.0020500032696872,0.0076067084446549,0.0222904551774263,-0.0307460073381662,0.006616348400712,-0.0333026871085166,0.0077303578145802,-0.0169441178441047,-0.0103755677118897,0.0233706850558519,0.02539655379951,0.0135177951306104,0.0167493373155593,-0.0206167940050363,-0.0087461611256003,-0.0036918651312589,-0.0336405225098133,0.017104297876358,0.0034979907795786,-0.0165753737092018,0.0317397452890873,-0.0014966041781008,-0.0011850785231217,-0.0036609997041523,0.0107054077088832,-0.007176334504038,-0.0193328782916069,-0.0268014818429946,0.0013968714047223,0.0081674633547663,0.0212223120033741,0.0268860626965761,0.005839945282787,-0.0067797447554767,0.0015883943997323,0.0048650717362761,-0.0023141314741224,0.0143023217096924,0.0684530287981033,-0.0013881626073271,-0.0009666412370279,0.0116327758878469,-0.0028380122967064,-0.0188515670597553,0.0300038754940033,-0.0011547941248863,-0.0059486646205186,0.0059282309375703,0.0041289324872195,-0.0187802426517009,0.066492460668087,-0.0137815847992897,-0.011491559445858,0.0315871909260749,-0.0326474606990814,-0.0361315906047821,-0.0123925730586051,-0.0267866421490907,-0.022493191063404,-0.0194286368787288,-0.0173102524131536,-0.0207989290356636,-0.0148752871900796,-0.0672305524349212,0.007027565035969,-0.0280782710760831,0.0014552288921549,0.0020699659362435,0.0059618605300784,0.0302667897194623,-0.0049524488858878,-0.0106933889910578,0.0127672394737601,0.0279915388673543,-0.0232125967741012,-0.0180861931294202,0.0238466057926416,0.0014257994480431,-0.0256396792829036,-0.0029347066301852,0.0463831312954425,-0.0068485341034829,0.016909047961235,-0.015786862000823,-0.0111924074590206,0.0044125425629317,0.0284228008240461,0.0217875149101018,0.0011608914937824,-0.063416950404644,0.0361438952386379,0.0204714834690094,-0.0067314393818378,-0.0146808102726936,0.0174330826848745,-0.0348891876637935,-0.0050148433074355,-0.0246435850858688,-0.0183592401444912,-0.0017368467524647,0.0107712354511022,-0.0079486640170216,0.0069887763820588,-0.0034436195018751,-0.003290568292716,-0.0126188315193779,0.0158135456063346,-0.0084675716685084,0.0209368946760171,0.0232563265818137,-0.0333123389257099,-0.0328325440710965,0.114192890437377,-0.2815057833511628,0.2146056162991998,2019-02-19,2019-02-20,2019-02-21,2019-02-22,2019-02-25,2019-02-26,2019-02-27,2019-02-28,2019-03-01,2019-03-04,76614.0,2019-02-15,252.0,2.1688%,0.0007,1.0415,0.2649,-0.3501,1.4938%,1.9351%,40.4106%,0.0109319999999999,REGN,76614.0,2019-02-19,252.0,-0.7949%,0.0007,1.0418,0.2551,-0.3612,1.4944%,1.9355%,40.3850%,-0.009746,REGN,76614.0,2019-02-20,252.0,0.4541%,0.0008,1.0431,0.26,-0.356,1.4943%,1.9355%,40.3927%,0.003887,REGN,76614.0,2019-02-21,252.0,-0.9207%,0.0008,1.0369,0.2457,-0.3674,1.4886%,1.9282%,40.3972%,-0.006084,REGN,76614.0,2019-02-22,252.0,0.9316%,0.0009,1.0368,0.2644,-0.3506,1.4860%,1.9253%,40.4286%,-0.0042759999999999,REGN,76614.0,2019-02-25,252.0,-0.5065%,0.0009,1.0359,0.2672,-0.3524,1.4859%,1.9253%,40.4334%,-0.006664,REGN,76614.0,2019-02-26,252.0,1.3726%,0.0009,1.0274,0.2547,-0.3652,1.4878%,1.9208%,40.0061%,0.0158309999999999,REGN,76614.0,2019-02-27,252.0,1.6849%,0.001,1.0314,0.2518,-0.3645,1.4895%,1.9233%,40.0228%,0.014902,REGN,76614.0,2019-02-28,252.0,-0.5977%,0.0009,1.0326,0.2524,-0.3625,1.4898%,1.9220%,39.9172%,-0.003841,REGN,76614.0,2019-03-01,252.0,2.0500%,0.0009,1.04,0.2635,-0.3556,1.4901%,1.9257%,40.1265%,0.0107929999999999,REGN,76614.0,2019-03-04,252.0,-1.3058%,0.0009,1.0468,0.2465,-0.3586,1.4883%,1.9278%,40.3962%,-0.0053,REGN,0.0011859999999999,0.0050729999999999,-0.001011,-0.011951,0.020434
30867,REVANCE THERAPEUTICS INC,Wells Fargo Initiates Coverage On Revance Therapeutics with Market Perform Rating,6,uncertain,0.6,0.2,"the initiation of coverage with a market perform rating suggests a neutral stance, which may not significantly impact the stock price in either direction.",1,2019-02-15,RVNC,2019-02-15 13:42:00+00:00,14467.0,76133010,-0.0078519005328416,352373.0,-0.0011306081432849,0.0028121054638177,0.0169778857380151,-0.0044792788103222,-0.0395102463662624,0.0033708638511598,0.0156431309878826,0.040327213704586,-0.0313748493790626,0.0088444296270608,0.0053003625944256,-0.0122306924313306,-0.0052724168635904,-0.021094687283039,-0.0023556542582809,0.0378699004650116,0.0112159755080938,-0.0353881753981113,0.0035027072299271,0.0144759695976972,-0.0058173574507236,-0.0209749974310398,-0.0491515584290027,0.0346041172742843,-0.0024615947622805,0.0029411315917968,-0.0148056037724018,-0.0156340729445219,0.0131496582180261,0.0023215853143483,0.0030901876743882,0.0029103164561092,-0.0086259637027978,-0.0171624273061752,-0.0323182381689548,-0.0185289122164249,-0.0077071217820048,0.0336622148752212,0.0355987176299095,-0.0488545522093772,0.0199999809265136,-0.1027736887335777,-0.0275735184550285,0.0391147807240486,0.0056710871867835,-0.0176946595311164,-0.0307017397135496,0.0025342698208987,-0.0045249285176396,-0.0125125125050544,0.0155844632536172,0.0020059682428836,-0.0038363439962267,-0.0118929520249366,0.0128369582816958,-0.0102991219609975,-0.0012673956807702,0.0381873734295368,-0.0171320084482431,0.0066632064990699,-0.0200128778815269,-0.030799750238657,-0.0046113734133541,0.0376288443803787,-0.0046326736919581,-0.006656480487436,0.0159574318677187,0.0046296375803649,-0.0170156601816415,0.0479785092175006,-0.0272969901561737,0.0271317716687917,-0.0123202847316861,-0.0136537412181496,-0.0270270500332117,-0.0219017025083303,-0.0042735342867672,-0.0168068055063486,0.0042918757535517,-0.0083333253860473,-0.0064102672040462,-0.0356604270637035,-0.0516129247844219,-0.0381642952561378,0.0196523237973451,-0.0560875311493873,-0.005189006216824,0.0092039005830883,0.0126676661893725,-0.058084100484848,-0.0345842726528644,-0.001730891992338,0.0198170915246009,-0.0450413264334201,0.0022421325556933,-0.0285025723278522,-0.0089485375210642,0.1947241872549057,-0.003762241685763,0.0200587008148431,-0.0128398854285478,0.0169154293835163,0.0168324615806341,-0.030858214944601,0.0180586744099855,0.0448362417519092,0.0059127807617187,-0.022167433053255,-0.0492285154759883,-0.0370019301772117,-0.0200926810503006,0.0213178563863039,0.011040961369872,0.0152483750134706,-0.0148205608129501,-0.0295943114906549,-0.0292953196913003,-0.0019056220771744,0.0407830327749252,0.0,-0.0011306081432849,0.0028121054638177,0.015828082258859,-0.001679769550921,-0.0243075355369564,0.0016854320257813,-0.0401357253430501,0.0512972231685946,-0.0282645558413352,0.0324261421300051,-0.124364086221722,-0.0861097011080342,-0.278688535423092,-0.150547877407141,2019-02-19,2019-02-20,2019-02-21,2019-02-22,2019-02-25,2019-02-26,2019-02-27,2019-02-28,2019-03-01,2019-03-04,14467.0,2019-02-15,252.0,-0.7852%,-0.0024,0.7087,0.5613,-0.5596,2.7977%,2.9819%,11.9762%,-0.0152519999999999,RVNC,14467.0,2019-02-19,252.0,-0.1131%,-0.0024,0.7106,0.5587,-0.5628,2.7974%,2.9817%,11.9818%,-0.002526,RVNC,14467.0,2019-02-20,252.0,1.6978%,-0.0022,0.7176,0.5814,-0.5359,2.7982%,2.9825%,11.9762%,0.017394,RVNC,14467.0,2019-02-21,252.0,-3.9510%,-0.0023,0.7175,0.5734,-0.5358,2.8034%,2.9865%,11.8864%,-0.0377809999999999,RVNC,14467.0,2019-02-22,252.0,1.5643%,-0.0023,0.7174,0.5666,-0.5423,2.8033%,2.9884%,12.0057%,-0.00015,RVNC,14467.0,2019-02-25,252.0,-3.1375%,-0.0024,0.7189,0.5827,-0.5285,2.8086%,2.9930%,11.9432%,-0.032054,RVNC,14467.0,2019-02-26,252.0,0.5300%,-0.0023,0.725,0.5619,-0.5345,2.8080%,2.9932%,11.9908%,0.008336,RVNC,14467.0,2019-02-27,252.0,-0.5272%,-0.0026,0.7023,0.6007,-0.5383,2.7897%,2.9723%,11.9105%,-0.0077339999999999,RVNC,14467.0,2019-02-28,252.0,-0.2356%,-0.0025,0.7005,0.5995,-0.5398,2.7896%,2.9711%,11.8422%,-0.0017439999999999,RVNC,14467.0,2019-03-01,252.0,1.1216%,-0.0025,0.6948,0.591,-0.5508,2.7889%,2.9695%,11.7957%,0.002185,RVNC,14467.0,2019-03-04,252.0,0.3503%,-0.0023,0.6786,0.6323,-0.5437,2.7833%,2.9621%,11.7073%,0.011538,RVNC,-0.017778,-0.0003839999999999,-0.0381649999999999,-0.0703689999999999,-0.0577879999999999
30875,STAR BULK CARRIERS CORP,Morgan Stanley Downgrades Star Bulk Carriers to Equal-Weight,6,decrease,0.8,0.6,"a downgrade from a major financial institution like morgan stanley typically signals a negative outlook, which can lead to a decrease in stock price as investors may sell off shares.",0,2019-02-15,SBLK,2019-02-15 12:03:00+00:00,92470.0,Y8162K20,0.0110974302515387,534439.0,-0.0195121765136718,0.0150187592953443,-0.0049751196056604,-0.0244200024753809,-0.0174999833106994,0.025031266734004,-0.0050890534184873,0.0256739165633916,-0.0012788015883415,-0.0063775754533708,-0.0217669755220413,-0.0224439278244972,-0.024869117885828,0.0100756175816059,-0.0080536836758255,0.0338541977107524,0.0054127150215208,-0.0303030610084533,0.0242261514067649,0.0688259452581405,0.0262811835855245,-0.0237154550850391,-0.0486555844545364,-0.0026281182654201,-0.0699865370988845,-0.0487499833106994,-0.057887066155672,-0.0877993628382682,0.0675882622599601,-0.0352034866809845,0.0086331544443964,0.0133779132738709,-0.0285307094454765,-0.0185995697975158,0.0249633006751537,-0.1245210021734238,0.0214899852871894,0.0796276628971099,-0.0378681607544422,0.0287234541028738,-0.0160350054502487,0.0151187246665358,0.0281481575220823,-0.0414078272879123,-0.002881841501221,-0.0252270437777042,-0.0491329692304134,-0.0188119336962699,-0.0167173463851213,-0.0362594649195671,0.0092736352235078,-0.005692639388144,0.0030627842061221,0.0124880038201808,-0.0015267524868249,0.0266271699219942,0.0061162021011114,0.0844919681549072,0.0212765764445066,-0.0105819506570696,0.0193452555686235,0.0339167900383472,0.0145985260605812,0.0316027887165546,0.0330935306847095,0.0033974782563745,0.0222841687500476,-0.0134078087285161,0.0395095311105251,0.0783132016658783,-0.0157273765653371,0.0060606291517615,0.0519307404756546,-0.0316901914775371,0.0050632860511541,-0.0501672029495239,-0.0151133360341191,-0.0207423120737075,0.0242966823279857,-0.008658000268042,0.0287140496075153,-0.057142898440361,0.0024272401351481,0.0071943118236958,-0.037530317902565,0.0114344758912921,0.0050314418040215,0.0062760943546891,0.0037547794636338,0.010570865124464,-0.014962637796998,-0.001055990345776,0.0063290777616202,0.0128342118114233,0.0314465425908565,-0.0209423881024122,0.0756097435951232,-0.0506958439946174,-0.0147392423823475,0.0512017495930194,0.0069045363925397,-0.0103413006290793,0.0079999649897217,0.0041536823846399,0.0226758234202861,-0.0446428395807743,-0.0376940295100212,0.0956521853804588,-0.078341044485569,0.0372040495276451,0.03125,0.0325960107147693,-0.0327272713184356,0.0526961162686348,0.0263157337903976,-0.0663615465164184,-0.0512820035219192,-0.0551351606845855,0.0180180016905069,0.0,-0.0195121765136718,0.0150187592953443,-0.02439022070741,-0.0097680013192059,-0.0414633755627855,0.0150187599683189,-0.0475609597554126,0.0344387117218631,-0.0719511813904297,0.0944669154774646,-0.1804878051862742,-0.1417989575412858,-0.0353658402314173,-0.1232432775410646,2019-02-19,2019-02-20,2019-02-21,2019-02-22,2019-02-25,2019-02-26,2019-02-27,2019-02-28,2019-03-01,2019-03-04,92470.0,2019-02-15,252.0,1.1097%,-0.0011,1.2339,0.5492,0.3495,2.6777%,2.9638%,18.3745%,-0.006208,SBLK,92470.0,2019-02-19,252.0,-1.9512%,-0.0012,1.2243,0.5415,0.3417,2.6800%,2.9612%,18.0867%,-0.024598,SBLK,92470.0,2019-02-20,252.0,-0.4975%,-0.0013,1.2222,0.5385,0.3344,2.6805%,2.9613%,18.0613%,-0.0104719999999999,SBLK,92470.0,2019-02-21,252.0,-1.7500%,-0.0015,1.2405,0.5736,0.3681,2.6669%,2.9555%,18.5782%,-0.011932,SBLK,92470.0,2019-02-22,252.0,-0.5089%,-0.0015,1.242,0.5684,0.3814,2.6675%,2.9556%,18.5439%,-0.010995,SBLK,92470.0,2019-02-25,252.0,-0.1279%,-0.0016,1.2448,0.571,0.3931,2.6632%,2.9521%,18.6157%,-0.001077,SBLK,92470.0,2019-02-26,252.0,-2.1767%,-0.0015,1.2721,0.5631,0.4096,2.6519%,2.9509%,19.2339%,-0.014924,SBLK,92470.0,2019-02-27,252.0,-2.4869%,-0.0016,1.2659,0.5668,0.4084,2.6554%,2.9507%,19.0126%,-0.0266929999999999,SBLK,92470.0,2019-02-28,252.0,-0.8054%,-0.0018,1.2818,0.5777,0.4204,2.6491%,2.9500%,19.3585%,-0.003322,SBLK,92470.0,2019-03-01,252.0,0.5413%,-0.0019,1.3022,0.608,0.4529,2.6403%,2.9486%,19.8202%,-0.0039,SBLK,92470.0,2019-03-04,252.0,2.4226%,-0.0018,1.3005,0.5834,0.4602,2.6485%,2.9530%,19.5607%,0.031573,SBLK,-0.030806,-0.0412779999999999,-0.0532099999999999,-0.0652819999999999,-0.082548
30883,SIX FLAGS ENTERTAINMENT CORP,"UPDATE: KeyBanc Downgrades Six Flags As Firm Notes 'While SIX expects a 2H19 China rebound, we have no further supporting evidence to confidently say that the headwinds that SIX is facing in China are likely to subside in the NT'",6,decrease,0.8,0.7,"the downgrade from keybanc and the lack of supporting evidence for a rebound in china suggest ongoing challenges for six flags, likely leading to a decrease in stock price.",0,2019-02-15,SIX,2019-02-15 15:32:00+00:00,93423.0,83001A10,-0.0023691863752901,2770423.0,0.0180854555219411,-0.1280726492404938,0.0066391341388225,0.0094831427559256,0.0051693567074835,0.0003162127686664,0.0129455495625734,0.0006328257732093,0.0001751074305502,0.0160745866596698,-0.0110275000333786,0.010394662618637,0.0079646157100796,-0.024247208610177,-0.0217735152691602,-0.0015823147259652,0.0028720130212605,0.0105532435700297,-0.0399140790104866,0.0154245942831039,-0.0031692425254732,0.0144951585680246,-0.0250607840716838,-0.0073577626608312,-0.0153462346643209,-0.0029344686772674,-0.0212351474910974,0.0088815940544009,-0.0047771031968295,0.0089611839503049,-0.0154000092297792,0.0134544102475047,0.0343286320567131,-0.0091651268303394,0.0098193250596523,-0.000998857547529,-0.0042784404940903,-0.0048045213334262,-0.0123047083616256,-0.0306728743016719,-0.0116669991984963,0.0048410398885607,-0.0322128981351852,-0.0036977417767047,0.0086831096559762,0.0038734939880669,-0.0252100750803947,0.0177397839725017,-0.0170311462134122,0.0119681051000952,0.0357218869030475,-0.0009963695192709,0.010739373974502,0.0196410398930311,-0.0049039204604923,0.0217993445694446,0.0133469756692647,0.0334346294403076,0.00506585650146,-0.0017847309354692,0.0080645475536584,0.0071903234347701,0.0009999847970902,0.0166301131248474,0.0003996095620095,0.0107130007818341,0.0033952863886952,0.0163318738341331,-0.0011942947749048,0.0486220717430114,0.0025906949304044,-0.0309042148292064,-0.001192633062601,-0.0287197157740593,0.0033830481115728,-0.0286177117377519,0.0041650715284049,-0.0303664561361074,0.0005925099248997,-0.0203453991562128,0.0011843934189528,-0.0113251889124512,-0.0061120144091546,0.0069787208922207,0.0047609936445951,-0.0067624938674271,0.0183613076806068,0.0130159640684723,0.0153159573674202,-0.0232519134879112,-0.0160397198051214,0.0382076576352119,0.0056278076954185,-0.007754557300359,-0.0007719204295426,0.0013804661575704,0.0260718874633312,-0.0310984887182712,-0.0007528875139541,-0.0252607427537441,0.0146920094266533,-0.0037343651056289,0.006682766135782,0.0008124673040583,0.0121703827753663,0.0118448780849576,0.0036436647642403,0.0131513923406601,-0.0141586270183324,0.0072860149666666,0.0053396630100905,0.0095285810530185,0.0098901269957423,0.0227388944476842,-0.0047152396291494,-0.0219063144177198,-0.0255102310329675,-0.0006684645195491,0.0028048153035342,0.0169952418655157,0.0180854555219411,-0.1280726492404937,0.0248446614259356,-0.1198040377004453,0.0301424490506065,-0.1195257084982376,0.0436609299693468,-0.1048063048256776,-0.0200950366461749,-0.0957947917724625,-0.0938984853585117,-0.0060681781789009,-0.0202776855662465,-0.0409237032384611,2019-02-19,2019-02-20,2019-02-21,2019-02-22,2019-02-25,2019-02-26,2019-02-27,2019-02-28,2019-03-01,2019-03-04,93423.0,2019-02-15,252.0,-0.2369%,-0.0006,0.9261,0.8179,0.223,1.8107%,2.0847%,24.5547%,-0.016532,SIX,93423.0,2019-02-19,252.0,1.8085%,-0.0006,0.9235,0.8339,0.2413,1.8096%,2.0817%,24.4337%,0.013185,SIX,93423.0,2019-02-20,252.0,0.6639%,-0.0006,0.923,0.8275,0.2381,1.8081%,2.0798%,24.4283%,0.001623,SIX,93423.0,2019-02-21,252.0,0.5169%,-0.0004,0.9075,0.7982,0.2096,1.7944%,2.0600%,24.1174%,0.009611,SIX,93423.0,2019-02-22,252.0,1.2946%,-0.0005,0.9069,0.7914,0.1966,1.7944%,2.0609%,24.1863%,0.005638,SIX,93423.0,2019-02-25,252.0,0.0175%,-0.0004,0.9047,0.7885,0.1869,1.7906%,2.0573%,24.2505%,0.001126,SIX,93423.0,2019-02-26,252.0,-1.1028%,-0.0004,0.8984,0.7996,0.1879,1.7892%,2.0537%,24.1010%,-0.004017,SIX,93423.0,2019-02-27,252.0,0.7965%,-0.0004,0.9021,0.795,0.1885,1.7889%,2.0543%,24.1689%,0.005762,SIX,93423.0,2019-02-28,252.0,-2.1774%,-0.0004,0.8987,0.792,0.1903,1.7907%,2.0522%,23.8614%,-0.018765,SIX,93423.0,2019-03-01,252.0,0.2872%,-0.0004,0.8981,0.7911,0.1916,1.7909%,2.0505%,23.7175%,-0.0052239999999999,SIX,93423.0,2019-03-04,252.0,-3.9914%,-0.0005,0.8973,0.8228,0.1851,1.8015%,2.0642%,23.8400%,-0.032917,SIX,-0.003347,-0.001724,0.0078869999999999,0.0146509999999999,-0.04051
30891,SIX FLAGS ENTERTAINMENT CORP,KeyBanc Downgrades Six Flags Entertainment to Sector Weight,6,decrease,0.8,0.7,"a downgrade from keybanc typically signals reduced expectations for the company's performance, which is likely to lead to a decrease in stock price.",0,2019-02-15,SIX,2019-02-15 11:33:00+00:00,93423.0,83001A10,-0.0023691863752901,2770423.0,0.0180854555219411,-0.1280726492404938,0.0066391341388225,0.0094831427559256,0.0051693567074835,0.0003162127686664,0.0129455495625734,0.0006328257732093,0.0001751074305502,0.0160745866596698,-0.0110275000333786,0.010394662618637,0.0079646157100796,-0.024247208610177,-0.0217735152691602,-0.0015823147259652,0.0028720130212605,0.0105532435700297,-0.0399140790104866,0.0154245942831039,-0.0031692425254732,0.0144951585680246,-0.0250607840716838,-0.0073577626608312,-0.0153462346643209,-0.0029344686772674,-0.0212351474910974,0.0088815940544009,-0.0047771031968295,0.0089611839503049,-0.0154000092297792,0.0134544102475047,0.0343286320567131,-0.0091651268303394,0.0098193250596523,-0.000998857547529,-0.0042784404940903,-0.0048045213334262,-0.0123047083616256,-0.0306728743016719,-0.0116669991984963,0.0048410398885607,-0.0322128981351852,-0.0036977417767047,0.0086831096559762,0.0038734939880669,-0.0252100750803947,0.0177397839725017,-0.0170311462134122,0.0119681051000952,0.0357218869030475,-0.0009963695192709,0.010739373974502,0.0196410398930311,-0.0049039204604923,0.0217993445694446,0.0133469756692647,0.0334346294403076,0.00506585650146,-0.0017847309354692,0.0080645475536584,0.0071903234347701,0.0009999847970902,0.0166301131248474,0.0003996095620095,0.0107130007818341,0.0033952863886952,0.0163318738341331,-0.0011942947749048,0.0486220717430114,0.0025906949304044,-0.0309042148292064,-0.001192633062601,-0.0287197157740593,0.0033830481115728,-0.0286177117377519,0.0041650715284049,-0.0303664561361074,0.0005925099248997,-0.0203453991562128,0.0011843934189528,-0.0113251889124512,-0.0061120144091546,0.0069787208922207,0.0047609936445951,-0.0067624938674271,0.0183613076806068,0.0130159640684723,0.0153159573674202,-0.0232519134879112,-0.0160397198051214,0.0382076576352119,0.0056278076954185,-0.007754557300359,-0.0007719204295426,0.0013804661575704,0.0260718874633312,-0.0310984887182712,-0.0007528875139541,-0.0252607427537441,0.0146920094266533,-0.0037343651056289,0.006682766135782,0.0008124673040583,0.0121703827753663,0.0118448780849576,0.0036436647642403,0.0131513923406601,-0.0141586270183324,0.0072860149666666,0.0053396630100905,0.0095285810530185,0.0098901269957423,0.0227388944476842,-0.0047152396291494,-0.0219063144177198,-0.0255102310329675,-0.0006684645195491,0.0028048153035342,0.0169952418655157,0.0180854555219411,-0.1280726492404937,0.0248446614259356,-0.1198040377004453,0.0301424490506065,-0.1195257084982376,0.0436609299693468,-0.1048063048256776,-0.0200950366461749,-0.0957947917724625,-0.0938984853585117,-0.0060681781789009,-0.0202776855662465,-0.0409237032384611,2019-02-19,2019-02-20,2019-02-21,2019-02-22,2019-02-25,2019-02-26,2019-02-27,2019-02-28,2019-03-01,2019-03-04,93423.0,2019-02-15,252.0,-0.2369%,-0.0006,0.9261,0.8179,0.223,1.8107%,2.0847%,24.5547%,-0.016532,SIX,93423.0,2019-02-19,252.0,1.8085%,-0.0006,0.9235,0.8339,0.2413,1.8096%,2.0817%,24.4337%,0.013185,SIX,93423.0,2019-02-20,252.0,0.6639%,-0.0006,0.923,0.8275,0.2381,1.8081%,2.0798%,24.4283%,0.001623,SIX,93423.0,2019-02-21,252.0,0.5169%,-0.0004,0.9075,0.7982,0.2096,1.7944%,2.0600%,24.1174%,0.009611,SIX,93423.0,2019-02-22,252.0,1.2946%,-0.0005,0.9069,0.7914,0.1966,1.7944%,2.0609%,24.1863%,0.005638,SIX,93423.0,2019-02-25,252.0,0.0175%,-0.0004,0.9047,0.7885,0.1869,1.7906%,2.0573%,24.2505%,0.001126,SIX,93423.0,2019-02-26,252.0,-1.1028%,-0.0004,0.8984,0.7996,0.1879,1.7892%,2.0537%,24.1010%,-0.004017,SIX,93423.0,2019-02-27,252.0,0.7965%,-0.0004,0.9021,0.795,0.1885,1.7889%,2.0543%,24.1689%,0.005762,SIX,93423.0,2019-02-28,252.0,-2.1774%,-0.0004,0.8987,0.792,0.1903,1.7907%,2.0522%,23.8614%,-0.018765,SIX,93423.0,2019-03-01,252.0,0.2872%,-0.0004,0.8981,0.7911,0.1916,1.7909%,2.0505%,23.7175%,-0.0052239999999999,SIX,93423.0,2019-03-04,252.0,-3.9914%,-0.0005,0.8973,0.8228,0.1851,1.8015%,2.0642%,23.8400%,-0.032917,SIX,-0.003347,-0.001724,0.0078869999999999,0.0146509999999999,-0.04051
30899,U S SILICA HOLDINGS INC,US Patent Office Confirms Two Key Patent Claims For Silica's SandBox Unit,6,increase,0.75,0.6,"the confirmation of key patent claims can enhance the company's competitive position and potential revenue, likely leading to a positive market reaction.",2,2019-02-15,SLCA,2019-02-15 14:02:00+00:00,13253.0,90346E10,0.0020818691700696,2965037.0,0.0560942143201828,0.0140745816752314,0.0459016263484954,0.0252525527030229,-0.0394984409213066,0.0221238359808921,-0.0052219270728528,0.0374904908239841,-0.0131233474239707,-0.0304154194891452,0.001994663150981,-0.0405694395303726,0.022561389952898,-0.0370116494596004,-0.0330954082310199,0.0006858867709524,-0.0147650549188256,0.0392017252743244,0.0367847383022308,0.0408012010157108,-0.0229960829019546,-0.0044313455000519,-0.0524545907974243,0.0104477871209383,-0.0248403381556272,-0.0096082864329218,-0.0203784387558698,-0.0363248027861118,0.0594353787600994,0.0469798743724823,0.0624122992157936,0.0213251896202564,0.0199670456349849,-0.0172155350446701,0.0103963511064648,-0.0395399145781993,-0.0006431015208363,0.0435108728706836,0.0765765532851219,0.0060377302579581,-0.0364613682031631,0.020801268517971,0.0248138699680566,0.0244672037661075,0.0278449803590774,0.0168539360165596,-0.0565370507538318,0.0138323903083801,0.0212234798818826,-0.0024350432213395,0.0293398238718509,0.0639032647013664,-0.0065321028232574,-0.0429752431809902,0.0286909472197294,0.0271647423505783,0.0087159518152475,0.0546105317771434,-0.0063364403322339,-0.0071111042052507,-0.0521738901734352,0.1051080226898193,-0.0207951162010431,-0.0432330854237079,0.0212367363274097,0.023076994344592,0.0354740023612976,-0.0519599467515945,0.0336680263280868,0.1058467924594879,-0.0154285980388522,-0.0312499701976776,0.0162507649511098,-0.0733032077550888,-0.0091376267373561,0.0288640987128019,0.0293948259204626,-0.0037105716764926,-0.0313550606369972,-0.0451727397739887,0.0254335571080446,-0.001768387039192,-0.0005637107533402,-0.0113635631278157,0.0,-0.043053314089775,0.0355330556631088,0.0238501448184251,-0.0163399316370487,-0.0297521147876977,-0.0487264208495616,-0.0735068917274475,-0.0488940700888633,-0.0453216284513473,0.0091799031943082,-0.0108459591865539,0.0054578627459704,-0.0260563306510448,-0.0458383746445179,0.0007047377876006,-0.0707964524626731,-0.032060045748949,-0.0605441778898239,-0.0161073673516511,0.0528602115809917,0.026877973228693,-0.0075653134845197,0.0423850677907466,-0.0304920673370361,-0.0575491115450859,-0.0443173609673976,-0.0186046324670314,-0.023934157565236,0.0019973190501332,-0.0099616944789886,-0.0408684164285659,-0.0278637502342462,0.010974827222526,0.0469744578003883,0.0164042003452777,0.0560942143201828,0.0140745816752314,0.1045706563347157,0.0396825534937812,0.06094183752207,0.0626843197794728,0.0415512737438921,0.0689911199024149,0.054016668458291,0.0689911192378305,0.1994497326560478,0.2808888749295628,-0.0856368941640004,-0.0492961911097054,2019-02-19,2019-02-20,2019-02-21,2019-02-22,2019-02-25,2019-02-26,2019-02-27,2019-02-28,2019-03-01,2019-03-04,13253.0,2019-02-15,252.0,0.2082%,-0.002,1.6095,1.5365,1.6468,2.9372%,3.3828%,24.6101%,-0.028129,SLCA,13253.0,2019-02-19,252.0,5.6094%,-0.0019,1.615,1.5698,1.6839,2.9501%,3.4005%,24.7355%,0.04354,SLCA,13253.0,2019-02-20,252.0,4.5902%,-0.0019,1.6206,1.5664,1.6994,2.9484%,3.4023%,24.9004%,0.030018,SLCA,13253.0,2019-02-21,252.0,-3.9498%,-0.002,1.6254,1.5704,1.7084,2.9531%,3.4073%,24.8832%,-0.028597,SLCA,13253.0,2019-02-22,252.0,-0.5222%,-0.0012,1.6151,1.8288,1.8218,2.6956%,3.2116%,29.5559%,0.0005899999999999,SLCA,13253.0,2019-02-25,252.0,-1.3123%,-0.0012,1.616,1.8329,1.8274,2.6954%,3.2125%,29.5989%,-0.007612,SLCA,13253.0,2019-02-26,252.0,0.1995%,-0.0012,1.5985,1.8171,1.8063,2.6962%,3.2043%,29.1977%,0.022241,SLCA,13253.0,2019-02-27,252.0,2.2561%,-0.0012,1.5896,1.8391,1.8049,2.6961%,3.2027%,29.1320%,0.019738,SLCA,13253.0,2019-02-28,252.0,-3.3095%,-0.0014,1.6075,1.8506,1.8232,2.6955%,3.2088%,29.4358%,-0.024123,SLCA,13253.0,2019-03-01,252.0,-1.4765%,-0.0015,1.6029,1.8438,1.8267,2.6994%,3.2041%,29.0241%,-0.024503,SLCA,13253.0,2019-03-04,252.0,3.6785%,-0.0015,1.6136,1.7659,1.8335,2.7062%,3.2061%,28.7513%,0.0452799999999999,SLCA,0.015411,0.045429,0.0168319999999999,0.0098099999999999,0.0484429999999999
30907,SMITH MICRO SOFTWARE INC,"Smith Micro Software 13G Shows Chairman, President And CEO William W. Smith, Jr. Holds 16.9% Stake In Co.",6,increase,0.75,0.6,"the news of the ceo holding a significant 16.9% stake in the company may instill investor confidence and suggest strong leadership, likely leading to an increase in stock price.",2,2019-02-15,SMSI,2019-02-15 14:20:00+00:00,82281.0,83215420,0.026041705161333,153412.0,0.0152284121140837,-0.0303030610084533,-0.0400000214576721,0.0,-0.0104166567325592,0.0153846004977822,0.0105263059958815,0.0427807718515396,0.0,0.010810799896717,-0.0208333134651184,0.0054347771219909,0.0,0.0165746361017227,0.0106382872909307,0.0,-0.0210526119917631,0.0225988496094942,-0.0053763389587402,0.0114285601302981,0.0216215997934341,-0.0384615659713745,-0.0211640018969774,0.0167598277330398,0.0162161998450756,-0.0218579676002264,0.0212765745818615,0.0223464146256446,0.0572916753590107,-0.0055555505678057,-0.0492610968649387,0.0285714007914066,-0.0362693965435028,-0.0112994248047471,0.2903226315975189,-0.0432432666420936,-0.0083333253860473,0.0164835005998611,0.0462184399366378,-0.0054644756019115,0.0441766642034053,-0.010810799896717,0.0576923452317714,-0.0211640018969774,0.0399999618530273,-0.0078740082681179,-0.0174825005233287,0.0132978595793247,0.0,-0.0105263059958815,-0.0213522929698228,0.0052910004742443,0.007272720336914,-0.0257732328027486,0.0108303148299455,0.0319149270653724,0.0,0.0053475885652005,0.0785714387893676,-0.041025660932064,-0.039735060185194,0.0833333879709243,-0.0068965447135269,-0.0322580970823764,-0.0277778338640928,0.050847478210926,0.0392857640981674,-0.0327869169414043,0.1099656075239182,0.0764705836772918,0.0278637502342462,-0.0340908765792846,-0.0271084085106849,-0.05882353708148,0.0247677788138389,-0.0459183827042579,-0.0241691619157791,0.0051282001659274,-0.0464396588504314,-0.0051020360551774,-0.0227272510528564,-0.0622009001672267,-0.0431893281638622,0.0,-0.0034723016433417,-0.0047619002871215,-0.0313588567078113,-0.0140846045687794,0.0395683944225311,0.0,-0.010380694642663,0.0544555112719535,0.0104895839467644,-0.009803912602365,0.0034602042287588,-0.023923423141241,-0.0172414444386959,-0.071111150085926,-0.003508768742904,0.0368663221597671,0.0211268253624439,0.0093023162335157,0.04827581346035,-0.0092165805399417,0.0690789595246315,-0.0136363506317138,-0.0276922807097435,-0.0393012724816799,0.0379746444523334,-0.0296609904617071,0.0121951103210449,0.0732151046395301,-0.0240963622927665,0.0779411420226097,-0.015432083979249,0.0049261036328971,0.0219435524195432,0.0,-0.0030674817971885,-0.0287081077694892,0.0152284121140837,-0.0303030610084533,-0.025380746154918,-0.0303030610084533,-0.0355330203671652,-0.015384660998146,-0.0253807458166263,0.0378378016313176,-0.0609137066054277,0.0971428331530148,0.5329948935572699,-0.015384661865976,0.649746167045391,-0.0813396947304379,2019-02-19,2019-02-20,2019-02-21,2019-02-22,2019-02-25,2019-02-26,2019-02-27,2019-02-28,2019-03-01,2019-03-04,82281.0,2019-02-15,252.0,2.6042%,-0.0004,0.7289,1.449,-0.2208,3.9474%,4.1219%,8.2878%,0.015687,SMSI,82281.0,2019-02-19,252.0,1.5228%,-0.0003,0.7349,1.4502,-0.22,3.9472%,4.1229%,8.3409%,0.010204,SMSI,82281.0,2019-02-20,252.0,-4.0000%,-0.0005,0.7233,1.4267,-0.2605,3.9564%,4.1306%,8.2597%,-0.0434769999999999,SMSI,82281.0,2019-02-21,252.0,-1.0417%,-0.0003,0.7011,1.3798,-0.3012,3.9345%,4.1037%,8.0745%,-0.007441,SMSI,82281.0,2019-02-22,252.0,1.0526%,-0.0004,0.7032,1.3449,-0.3074,3.9315%,4.0994%,8.0205%,-0.006147,SMSI,82281.0,2019-02-25,252.0,0.0000%,-0.0003,0.701,1.3416,-0.3176,3.9297%,4.0978%,8.0392%,0.001789,SMSI,82281.0,2019-02-26,252.0,-2.0833%,-0.0003,0.7124,1.3472,-0.3062,3.9293%,4.0996%,8.1369%,-0.012273,SMSI,82281.0,2019-02-27,252.0,0.0000%,-0.0005,0.6907,1.3847,-0.3098,3.9172%,4.0877%,8.1650%,-0.003668,SMSI,82281.0,2019-02-28,252.0,1.0638%,-0.0004,0.6761,1.3751,-0.3232,3.9154%,4.0825%,8.0186%,0.011628,SMSI,82281.0,2019-03-01,252.0,-2.1053%,-0.0004,0.6525,1.3399,-0.3454,3.9162%,4.0766%,7.7157%,-0.031291,SMSI,82281.0,2019-03-04,252.0,-0.5376%,-0.0003,0.6496,1.3451,-0.3436,3.9162%,4.0768%,7.7226%,0.004634,SMSI,0.0258909999999999,-0.0175859999999999,-0.0250269999999999,-0.0293849999999999,-0.0603549999999999
30915,SIMON PROPERTY GROUP INC NEW,Mizuho Downgrades Simon Property Group to Neutral,6,decrease,0.8,0.7,"a downgrade from mizuho typically signals a negative outlook, which can lead to a decrease in investor confidence and subsequently lower stock prices.",0,2019-02-15,SPG,2019-02-15 12:06:00+00:00,80100.0,82880610,-0.0021767192520201,1727771.0,-0.006162766367197,-0.001304377685301,-0.0165175572037696,0.0078547876328229,0.0163485798984766,-0.0037776413373649,0.0081252325326204,0.0065181800164282,-0.0017971019260585,-0.0094161955639719,-0.0001091340527636,0.0108784334734082,-0.0111304745078086,-0.0008151842048391,-0.0004414137511048,0.0117116896435618,-0.030856680124998,0.0148428566753864,-0.0014809463173151,-0.0159784127026796,0.0062175365164875,0.0047999732196331,-0.0001133164114435,0.0114397490397095,-0.0056129121221601,0.0039215516299009,-0.006670837290585,0.0078482264652848,0.0095282038673758,0.0104980673640966,0.0115987788885831,0.0063157035037875,0.0012365176808089,0.0052522434853017,0.0092623438686132,-0.0040239836089313,-0.0205795485526323,0.003982238471508,-0.0099948579445481,0.0021979575976729,-0.0053347554057836,0.0096945846453309,0.00311423628591,0.0028698032256215,0.0243761651217937,-0.0093414597213268,-0.0032550599426031,-0.0057686758227646,0.0021395811345428,-0.0004035985912196,0.0183167196810245,0.0013858730671927,-0.0007173078483901,0.0238854996860027,0.012423388659954,0.0105149624869227,-0.0062717818655073,0.0152241755276918,0.0039514075033366,-0.0008484297432005,0.0019679693505167,-0.0177392158657312,-0.0017458240035921,-0.0006543759955093,0.004809558391571,0.0046017109416425,0.0051672393456101,0.0040201498195528,-0.0071969795972108,0.0373459458351135,-0.0049054007977247,-0.0255943778902292,0.0129264676943421,-0.0189802013337612,-0.0038932892493903,-0.0225646384060382,0.007111435290426,-0.0174285881221294,-0.0054980823770165,0.0001143232002505,-0.0402167923748493,-0.0420453734695911,0.0020329828839749,-0.0076061822474002,0.0034941113553941,0.0085479319095611,-0.0244299154728651,-0.0264070257544517,0.0166944544762373,0.0072541148401796,0.008719740435481,-0.012312876060605,-0.0016839057207107,-0.0113856876268982,0.0042732330039143,0.030049167573452,-0.0160125438123941,-0.0102701159194111,-0.0116643132641911,0.0067854728549718,0.023316079750657,0.0059046386741101,0.0002813111350405,0.0016277973772957,0.0090551218017935,0.0141418995335698,-0.0072459899820387,0.0055331159383058,-0.0229072030633688,-0.0093186264857649,-0.0068379156291484,-0.0032237546984106,0.0053807450458407,-0.0008188780630007,0.0082868300378322,-0.0195375718176364,-0.0011986000463366,0.0094558810815215,0.0071428571827709,0.0145269660279154,-0.006162766367197,-0.001304377685301,-0.0225785297249631,0.0065401643378109,-0.0065990767236852,0.0027378166052902,-0.0003272114486803,-0.000229677672583,-0.0439027212191505,0.0202466813536288,-0.0023451561976628,0.126036766483931,-0.0387761797100816,0.0185688090111708,2019-02-19,2019-02-20,2019-02-21,2019-02-22,2019-02-25,2019-02-26,2019-02-27,2019-02-28,2019-03-01,2019-03-04,80100.0,2019-02-15,252.0,-0.2177%,0.0008,0.5005,-0.0363,0.0193,1.1086%,1.2269%,18.3440%,-0.0077569999999999,SPG,80100.0,2019-02-19,252.0,-0.6163%,0.0007,0.4968,-0.0383,0.0174,1.1090%,1.2252%,18.0632%,-0.007166,SPG,80100.0,2019-02-20,252.0,-1.6518%,0.0007,0.4918,-0.0489,-0.0001,1.1149%,1.2300%,17.8414%,-0.017573,SPG,80100.0,2019-02-21,252.0,1.6349%,0.0007,0.4874,-0.054,-0.0084,1.1202%,1.2336%,17.5411%,0.0180339999999999,SPG,80100.0,2019-02-22,252.0,0.8125%,0.0009,0.4855,-0.0179,0.0011,1.1084%,1.2213%,17.6289%,0.005031,SPG,80100.0,2019-02-25,252.0,-0.1797%,0.0008,0.4875,-0.0142,0.0105,1.1033%,1.2166%,17.7583%,-0.00267,SPG,80100.0,2019-02-26,252.0,-0.0109%,0.0007,0.4823,-0.0088,0.0093,1.1020%,1.2124%,17.3847%,0.0005149999999999,SPG,80100.0,2019-02-27,252.0,-1.1130%,0.0007,0.478,-0.0047,0.0086,1.1032%,1.2112%,17.0466%,-0.011637,SPG,80100.0,2019-02-28,252.0,-0.0441%,0.0008,0.4633,-0.0147,-0.0021,1.0897%,1.1931%,16.5763%,0.000963,SPG,80100.0,2019-03-01,252.0,-3.0857%,0.0006,0.4568,-0.0244,0.004,1.1117%,1.2095%,15.5224%,-0.034248,SPG,80100.0,2019-03-04,252.0,-0.1481%,0.0006,0.4635,-0.0469,0.0023,1.1079%,1.2084%,15.9379%,0.000691,SPG,-0.0149229999999999,-0.032496,-0.014462,-0.0121009999999999,-0.055817
30923,SUNPOWER CORP,SunPower Shares Push To Session Low As Hearing Credit Suisse Downgraded To Neutral,6,decrease,0.8,0.7,"the downgrade of credit suisse to neutral typically signals a lack of confidence in the stock's performance, which can lead to a decrease in investor sentiment and stock price.",0,2019-02-15,SPWR,2019-02-15 16:07:00+00:00,90978.0,86765240,-0.0588235110044479,4338479.0,0.0574324578046798,0.0589225441217422,-0.0111821359023451,0.024137906730175,0.0500807650387287,-0.001721127773635,0.0061538401059806,0.0175131186842918,-0.0321100987493991,-0.0305602438747882,0.0189573280513286,0.026132421568036,-0.0015503491740673,-0.0204778779298067,0.0015527565265074,0.0427046716213226,0.0031007723882794,0.0017824869137257,-0.0061823744326829,-0.0344233736395835,-0.0093312514945864,0.0301418583840131,-0.014128677546978,0.0329670011997222,-0.0238853655755519,-0.0179855953902006,0.0032626395113766,0.0090743582695722,0.0585366077721118,0.0036430708132684,-0.0184332355856895,0.0578034110367298,0.021909287199378,-0.0057470756582915,-0.0153139932081103,-0.0386740416288375,-0.0139968395233154,-0.0109289521351456,0.0157728549093008,0.0129150729626417,0.0326087027788162,-0.0109488945454359,0.0090225478634238,-0.003636360168457,-0.0312965773046016,0.0054844990372657,-0.0553846359252929,0.009225039742887,0.0,0.0149812586605548,0.0130293034017086,0.0229885764420032,0.0048231850378215,-0.0474452972412109,0.0304000098258256,0.0300751589238643,0.0108695914968848,0.0555555969476699,0.0399385169148445,-0.0059172008186578,0.0192023795098066,0.0201208014041185,0.0492753162980079,-0.0177865922451019,0.0082873506471514,0.0242914743721485,0.0136986169964075,-0.0020201520528644,0.0297297015786171,0.076086938381195,-0.0196850523352623,-0.092702217400074,0.0441767610609531,-0.059369146823883,-0.0102564617991447,-0.0477031767368316,-0.0168393310159444,-0.0357751362025737,-0.0158103238791227,0.0138169126585125,0.0147255873307585,-0.0523731857538223,-0.0092347878962755,-0.0316956900060176,-0.0106525160372257,-0.0156006095930934,0.0067295008338987,0.0174602624028921,0.0080213826149702,-0.0483383238315582,0.0039788074791431,0.0122324042022228,-0.0118890553712844,-0.0267856903374195,0.0187165588140487,0.0090090008452534,0.0039370353333652,-0.0458452962338924,-0.0562091879546642,0.0189781188964843,-0.0069251684471964,-0.0115440003573894,0.0041840630583465,-0.0519835986196994,0.0472222454845905,0.0209497343748807,0.0026525172870606,0.0156027879565954,0.0291005652397871,0.1633663773536682,-0.0257069766521453,0.0,-0.026385199278593,0.0116861723363399,0.1111110672354698,-0.056692935526371,-0.0280487835407257,-0.0245776213705539,0.0,0.0366242043673992,0.0574324578046798,0.0589225441217422,0.0456081043539571,0.0844827177262326,0.0979729581506982,0.0826161844007267,0.0692567281549267,0.0679117337219148,0.0861486038171863,0.0826161853772355,0.1435810633403254,0.2406311147511659,0.346283735437366,0.0015923190677018,2019-02-19,2019-02-20,2019-02-21,2019-02-22,2019-02-25,2019-02-26,2019-02-27,2019-02-28,2019-03-01,2019-03-04,90978.0,2019-02-15,252.0,-5.8824%,-0.0006,1.4941,0.7086,0.3286,3.0772%,3.4517%,20.5231%,-0.0801249999999999,SPWR,90978.0,2019-02-19,252.0,5.7432%,-0.0003,1.5131,0.7287,0.3497,3.0899%,3.4700%,20.7066%,0.051453,SPWR,90978.0,2019-02-20,252.0,-1.1182%,-0.0005,1.5054,0.6983,0.3188,3.0858%,3.4641%,20.6473%,-0.017684,SPWR,90978.0,2019-02-21,252.0,5.0081%,-0.0002,1.4898,0.679,0.2897,3.1064%,3.4763%,20.1479%,0.056773,SPWR,90978.0,2019-02-22,252.0,0.6154%,-0.0002,1.4893,0.7012,0.3044,3.1046%,3.4748%,20.1696%,-0.003106,SPWR,90978.0,2019-02-25,252.0,-3.2110%,-0.0002,1.4858,0.7134,0.2976,3.1047%,3.4746%,20.1592%,-0.032073,SPWR,90978.0,2019-02-26,252.0,1.8957%,-0.0,1.4887,0.6731,0.2794,3.1080%,3.4765%,20.0747%,0.026782,SPWR,90978.0,2019-02-27,252.0,-0.1550%,-0.0002,1.467,0.7104,0.2758,3.0929%,3.4548%,19.8557%,-0.003934,SPWR,90978.0,2019-02-28,252.0,0.1553%,-0.0001,1.4529,0.7009,0.2639,3.0895%,3.4439%,19.5239%,0.006548,SPWR,90978.0,2019-03-01,252.0,0.3101%,-0.0001,1.4482,0.6939,0.2605,3.0898%,3.4404%,19.3431%,-0.008427,SPWR,90978.0,2019-03-04,252.0,-0.6182%,-0.0001,1.4507,0.6827,0.2605,3.0896%,3.4405%,19.3588%,0.003018,SPWR,-0.0286719999999999,-0.0463559999999999,0.010417,-0.0247619999999999,-0.0007749999999999
30931,CONSTELLATION BRANDS INC,"The Latest Trends In Cannabis Company Fundraising: Bigger Deals, New Markets Coming Online",6,increase,0.7,0.6,"the news about larger fundraising deals and new markets in the cannabis sector suggests potential growth opportunities for constellation brands, which has investments in cannabis, likely leading to a positive impact on its stock price.",2,2019-02-15,STZ,2019-02-15 18:50:00+00:00,69796.0,21036P10,0.0054610078223049,1965554.0,-0.0010862868512049,-0.0046346485614776,-0.0442994832992553,0.0164592396467924,-0.0079650366678833,-0.0048040854744613,0.0205855946987867,-0.0097591420635581,-0.0112977856770157,0.0067221955396234,0.0135208489373326,0.0102153914049267,-0.0009444758761674,-0.0139080127701163,-0.0005317361210472,0.0110526224598288,0.0164341367781162,-0.0054100858978927,-0.007618922740221,0.0005182329332455,-0.0185196250677108,0.017877047881484,-0.0084194401279091,0.0146298352628946,0.009514644742012,0.0014889815356582,-0.008649468421936,0.0065946690738201,0.0128768235445022,0.0121974013745784,0.0028515162412077,-0.0048312279395759,0.0109591027721762,0.0052206679247319,-0.0002929980691988,0.0035333649720996,-0.000937832868658,0.0236342810094356,0.0036961273290216,0.0030022249557077,-0.0219195690006017,-0.0040490492247045,-0.0163150411099195,-0.0020514847710728,0.0291008092463016,0.0103636318817734,0.0008264914504252,-0.0045018820092082,-0.0087890373542904,0.0595600232481956,0.0218401197344064,-0.1241731122136116,-0.0092598656192421,0.0130496192723512,0.0139901535585522,0.0210058819502592,0.0164058078080415,0.031064286828041,0.0128899477422237,-0.0148743437603116,-0.0049551757983863,0.0200222972780466,0.0168637633323669,-0.0125260548666119,0.0654460117220878,-0.0039143692702054,0.0096631292253732,0.0004895473830401,-0.0049664080142974,0.0412233285605907,-0.0075387177057564,-0.0322480946779251,-0.0041384738869965,-0.0281640216708183,0.0056285746395587,-0.0302748065441846,-0.0033478024415671,-0.0030703209340572,0.0020469184964895,-0.0194831453263759,-0.0047664134763181,-0.0287968292832374,0.0082627618685364,-0.0074467533268034,0.0376866124570369,-0.0219567883759737,0.0335010252892971,-0.0108068473637104,0.0098315440118312,0.0078483782708644,0.0128205306828022,-0.006945536006242,0.0096126599237322,-0.0110633419826626,0.0,-0.0023539098910987,0.0017910521710291,-0.0355179272592067,-0.0040933242999017,0.0125153874978423,0.0019842120818793,-0.0022935231681913,-0.0140034947544336,-0.0253824777901172,0.0109028257429599,0.0281920544803142,-0.0046830191276967,0.008706416003406,-0.0120717100799083,0.0065857926383614,-0.0032712400425225,-0.0070542730391025,-0.0219605341553688,0.0182991065084934,0.0066372593864798,-0.0138062890619039,-0.0106775490567088,-0.0159772019833326,0.0212374627590179,-0.00460901344195,-0.0010862868512049,-0.0046346485614776,-0.0453376482042371,0.0117483082939626,-0.0529415688417381,0.0068877829422768,-0.0443657299302953,0.0037638638703592,-0.0244697217874266,0.0060180799956623,0.0153221231708788,0.0650153040487473,0.1782789810110325,-0.1151483931531583,2019-02-19,2019-02-20,2019-02-21,2019-02-22,2019-02-25,2019-02-26,2019-02-27,2019-02-28,2019-03-01,2019-03-04,69796.0,2019-02-15,252.0,0.5461%,-0.0008,0.635,-0.0785,-0.1026,1.5016%,1.6565%,17.8272%,-0.001029,STZ,69796.0,2019-02-19,252.0,-0.1086%,-0.0008,0.6331,-0.0768,-0.1005,1.5012%,1.6542%,17.6425%,-0.001857,STZ,69796.0,2019-02-20,252.0,-4.4299%,-0.0011,0.6196,-0.1125,-0.1499,1.5240%,1.6749%,17.2051%,-0.044881,STZ,69796.0,2019-02-21,252.0,-0.7965%,-0.0011,0.6188,-0.1153,-0.1514,1.5239%,1.6745%,17.1811%,-0.006196,STZ,69796.0,2019-02-22,252.0,2.0586%,-0.001,0.6159,-0.0963,-0.1688,1.5254%,1.6771%,17.2712%,0.014872,STZ,69796.0,2019-02-25,252.0,-1.1298%,-0.001,0.6156,-0.0907,-0.167,1.5272%,1.6784%,17.2083%,-0.012876,STZ,69796.0,2019-02-26,252.0,1.3521%,-0.001,0.6058,-0.1012,-0.1795,1.5281%,1.6755%,16.8145%,0.013274,STZ,69796.0,2019-02-27,252.0,-0.0944%,-0.001,0.6075,-0.1043,-0.1793,1.5279%,1.6753%,16.8206%,-0.001613,STZ,69796.0,2019-02-28,252.0,-0.0532%,-0.001,0.6117,-0.1014,-0.1767,1.5270%,1.6753%,16.9169%,0.000824,STZ,69796.0,2019-03-01,252.0,1.6434%,-0.001,0.6113,-0.102,-0.1831,1.5288%,1.6774%,16.9356%,0.011527,STZ,69796.0,2019-03-04,252.0,-0.7619%,-0.001,0.617,-0.1181,-0.1852,1.5272%,1.6778%,17.1537%,-0.004224,STZ,-0.002886,-0.047767,-0.053963,-0.051967,-0.032179
30939,CONSTELLATION BRANDS INC,"The Latest Trends In Cannabis Company Fundraising: Bigger Deals, New Markets Coming Online",6,increase,0.7,0.6,"the news about larger fundraising deals and new markets in the cannabis sector suggests potential growth opportunities for constellation brands, which has investments in cannabis, likely leading to a positive impact on its stock price.",2,2019-02-15,STZ,2019-02-15 18:50:00+00:00,69796.0,21036P10,0.0054610078223049,1965554.0,-0.0010862868512049,-0.0046346485614776,-0.0442994832992553,0.0164592396467924,-0.0079650366678833,-0.0048040854744613,0.0205855946987867,-0.0097591420635581,-0.0112977856770157,0.0067221955396234,0.0135208489373326,0.0102153914049267,-0.0009444758761674,-0.0139080127701163,-0.0005317361210472,0.0110526224598288,0.0164341367781162,-0.0054100858978927,-0.007618922740221,0.0005182329332455,-0.0185196250677108,0.017877047881484,-0.0084194401279091,0.0146298352628946,0.009514644742012,0.0014889815356582,-0.008649468421936,0.0065946690738201,0.0128768235445022,0.0121974013745784,0.0028515162412077,-0.0048312279395759,0.0109591027721762,0.0052206679247319,-0.0002929980691988,0.0035333649720996,-0.000937832868658,0.0236342810094356,0.0036961273290216,0.0030022249557077,-0.0219195690006017,-0.0040490492247045,-0.0163150411099195,-0.0020514847710728,0.0291008092463016,0.0103636318817734,0.0008264914504252,-0.0045018820092082,-0.0087890373542904,0.0595600232481956,0.0218401197344064,-0.1241731122136116,-0.0092598656192421,0.0130496192723512,0.0139901535585522,0.0210058819502592,0.0164058078080415,0.031064286828041,0.0128899477422237,-0.0148743437603116,-0.0049551757983863,0.0200222972780466,0.0168637633323669,-0.0125260548666119,0.0654460117220878,-0.0039143692702054,0.0096631292253732,0.0004895473830401,-0.0049664080142974,0.0412233285605907,-0.0075387177057564,-0.0322480946779251,-0.0041384738869965,-0.0281640216708183,0.0056285746395587,-0.0302748065441846,-0.0033478024415671,-0.0030703209340572,0.0020469184964895,-0.0194831453263759,-0.0047664134763181,-0.0287968292832374,0.0082627618685364,-0.0074467533268034,0.0376866124570369,-0.0219567883759737,0.0335010252892971,-0.0108068473637104,0.0098315440118312,0.0078483782708644,0.0128205306828022,-0.006945536006242,0.0096126599237322,-0.0110633419826626,0.0,-0.0023539098910987,0.0017910521710291,-0.0355179272592067,-0.0040933242999017,0.0125153874978423,0.0019842120818793,-0.0022935231681913,-0.0140034947544336,-0.0253824777901172,0.0109028257429599,0.0281920544803142,-0.0046830191276967,0.008706416003406,-0.0120717100799083,0.0065857926383614,-0.0032712400425225,-0.0070542730391025,-0.0219605341553688,0.0182991065084934,0.0066372593864798,-0.0138062890619039,-0.0106775490567088,-0.0159772019833326,0.0212374627590179,-0.00460901344195,-0.0010862868512049,-0.0046346485614776,-0.0453376482042371,0.0117483082939626,-0.0529415688417381,0.0068877829422768,-0.0443657299302953,0.0037638638703592,-0.0244697217874266,0.0060180799956623,0.0153221231708788,0.0650153040487473,0.1782789810110325,-0.1151483931531583,2019-02-19,2019-02-20,2019-02-21,2019-02-22,2019-02-25,2019-02-26,2019-02-27,2019-02-28,2019-03-01,2019-03-04,69796.0,2019-02-15,252.0,0.5461%,-0.0008,0.635,-0.0785,-0.1026,1.5016%,1.6565%,17.8272%,-0.001029,STZ,69796.0,2019-02-19,252.0,-0.1086%,-0.0008,0.6331,-0.0768,-0.1005,1.5012%,1.6542%,17.6425%,-0.001857,STZ,69796.0,2019-02-20,252.0,-4.4299%,-0.0011,0.6196,-0.1125,-0.1499,1.5240%,1.6749%,17.2051%,-0.044881,STZ,69796.0,2019-02-21,252.0,-0.7965%,-0.0011,0.6188,-0.1153,-0.1514,1.5239%,1.6745%,17.1811%,-0.006196,STZ,69796.0,2019-02-22,252.0,2.0586%,-0.001,0.6159,-0.0963,-0.1688,1.5254%,1.6771%,17.2712%,0.014872,STZ,69796.0,2019-02-25,252.0,-1.1298%,-0.001,0.6156,-0.0907,-0.167,1.5272%,1.6784%,17.2083%,-0.012876,STZ,69796.0,2019-02-26,252.0,1.3521%,-0.001,0.6058,-0.1012,-0.1795,1.5281%,1.6755%,16.8145%,0.013274,STZ,69796.0,2019-02-27,252.0,-0.0944%,-0.001,0.6075,-0.1043,-0.1793,1.5279%,1.6753%,16.8206%,-0.001613,STZ,69796.0,2019-02-28,252.0,-0.0532%,-0.001,0.6117,-0.1014,-0.1767,1.5270%,1.6753%,16.9169%,0.000824,STZ,69796.0,2019-03-01,252.0,1.6434%,-0.001,0.6113,-0.102,-0.1831,1.5288%,1.6774%,16.9356%,0.011527,STZ,69796.0,2019-03-04,252.0,-0.7619%,-0.001,0.617,-0.1181,-0.1852,1.5272%,1.6778%,17.1537%,-0.004224,STZ,-0.002886,-0.047767,-0.053963,-0.051967,-0.032179
30947,CONSTELLATION BRANDS INC,Constellation Brands Expands Partnership With MicroStar: MicroStar To Be Co.'s New Keg Solutions Provider,6,increase,0.7,0.6,"the expansion of the partnership with microstar for keg solutions suggests improved operational efficiency and potential cost savings, which could positively impact constellation brands' financial performance.",2,2019-02-15,STZ,2019-02-15 14:03:00+00:00,69796.0,21036P10,0.0054610078223049,1965554.0,-0.0010862868512049,-0.0046346485614776,-0.0442994832992553,0.0164592396467924,-0.0079650366678833,-0.0048040854744613,0.0205855946987867,-0.0097591420635581,-0.0112977856770157,0.0067221955396234,0.0135208489373326,0.0102153914049267,-0.0009444758761674,-0.0139080127701163,-0.0005317361210472,0.0110526224598288,0.0164341367781162,-0.0054100858978927,-0.007618922740221,0.0005182329332455,-0.0185196250677108,0.017877047881484,-0.0084194401279091,0.0146298352628946,0.009514644742012,0.0014889815356582,-0.008649468421936,0.0065946690738201,0.0128768235445022,0.0121974013745784,0.0028515162412077,-0.0048312279395759,0.0109591027721762,0.0052206679247319,-0.0002929980691988,0.0035333649720996,-0.000937832868658,0.0236342810094356,0.0036961273290216,0.0030022249557077,-0.0219195690006017,-0.0040490492247045,-0.0163150411099195,-0.0020514847710728,0.0291008092463016,0.0103636318817734,0.0008264914504252,-0.0045018820092082,-0.0087890373542904,0.0595600232481956,0.0218401197344064,-0.1241731122136116,-0.0092598656192421,0.0130496192723512,0.0139901535585522,0.0210058819502592,0.0164058078080415,0.031064286828041,0.0128899477422237,-0.0148743437603116,-0.0049551757983863,0.0200222972780466,0.0168637633323669,-0.0125260548666119,0.0654460117220878,-0.0039143692702054,0.0096631292253732,0.0004895473830401,-0.0049664080142974,0.0412233285605907,-0.0075387177057564,-0.0322480946779251,-0.0041384738869965,-0.0281640216708183,0.0056285746395587,-0.0302748065441846,-0.0033478024415671,-0.0030703209340572,0.0020469184964895,-0.0194831453263759,-0.0047664134763181,-0.0287968292832374,0.0082627618685364,-0.0074467533268034,0.0376866124570369,-0.0219567883759737,0.0335010252892971,-0.0108068473637104,0.0098315440118312,0.0078483782708644,0.0128205306828022,-0.006945536006242,0.0096126599237322,-0.0110633419826626,0.0,-0.0023539098910987,0.0017910521710291,-0.0355179272592067,-0.0040933242999017,0.0125153874978423,0.0019842120818793,-0.0022935231681913,-0.0140034947544336,-0.0253824777901172,0.0109028257429599,0.0281920544803142,-0.0046830191276967,0.008706416003406,-0.0120717100799083,0.0065857926383614,-0.0032712400425225,-0.0070542730391025,-0.0219605341553688,0.0182991065084934,0.0066372593864798,-0.0138062890619039,-0.0106775490567088,-0.0159772019833326,0.0212374627590179,-0.00460901344195,-0.0010862868512049,-0.0046346485614776,-0.0453376482042371,0.0117483082939626,-0.0529415688417381,0.0068877829422768,-0.0443657299302953,0.0037638638703592,-0.0244697217874266,0.0060180799956623,0.0153221231708788,0.0650153040487473,0.1782789810110325,-0.1151483931531583,2019-02-19,2019-02-20,2019-02-21,2019-02-22,2019-02-25,2019-02-26,2019-02-27,2019-02-28,2019-03-01,2019-03-04,69796.0,2019-02-15,252.0,0.5461%,-0.0008,0.635,-0.0785,-0.1026,1.5016%,1.6565%,17.8272%,-0.001029,STZ,69796.0,2019-02-19,252.0,-0.1086%,-0.0008,0.6331,-0.0768,-0.1005,1.5012%,1.6542%,17.6425%,-0.001857,STZ,69796.0,2019-02-20,252.0,-4.4299%,-0.0011,0.6196,-0.1125,-0.1499,1.5240%,1.6749%,17.2051%,-0.044881,STZ,69796.0,2019-02-21,252.0,-0.7965%,-0.0011,0.6188,-0.1153,-0.1514,1.5239%,1.6745%,17.1811%,-0.006196,STZ,69796.0,2019-02-22,252.0,2.0586%,-0.001,0.6159,-0.0963,-0.1688,1.5254%,1.6771%,17.2712%,0.014872,STZ,69796.0,2019-02-25,252.0,-1.1298%,-0.001,0.6156,-0.0907,-0.167,1.5272%,1.6784%,17.2083%,-0.012876,STZ,69796.0,2019-02-26,252.0,1.3521%,-0.001,0.6058,-0.1012,-0.1795,1.5281%,1.6755%,16.8145%,0.013274,STZ,69796.0,2019-02-27,252.0,-0.0944%,-0.001,0.6075,-0.1043,-0.1793,1.5279%,1.6753%,16.8206%,-0.001613,STZ,69796.0,2019-02-28,252.0,-0.0532%,-0.001,0.6117,-0.1014,-0.1767,1.5270%,1.6753%,16.9169%,0.000824,STZ,69796.0,2019-03-01,252.0,1.6434%,-0.001,0.6113,-0.102,-0.1831,1.5288%,1.6774%,16.9356%,0.011527,STZ,69796.0,2019-03-04,252.0,-0.7619%,-0.001,0.617,-0.1181,-0.1852,1.5272%,1.6778%,17.1537%,-0.004224,STZ,-0.002886,-0.047767,-0.053963,-0.051967,-0.032179
30955,CONSTELLATION BRANDS INC,Constellation Brands Expands Partnership With MicroStar: MicroStar To Be Co.'s New Keg Solutions Provider,6,increase,0.7,0.6,"the expansion of the partnership with microstar for keg solutions suggests improved operational efficiency and potential cost savings, which could positively impact constellation brands' stock price.",2,2019-02-15,STZ,2019-02-15 14:03:00+00:00,69796.0,21036P10,0.0054610078223049,1965554.0,-0.0010862868512049,-0.0046346485614776,-0.0442994832992553,0.0164592396467924,-0.0079650366678833,-0.0048040854744613,0.0205855946987867,-0.0097591420635581,-0.0112977856770157,0.0067221955396234,0.0135208489373326,0.0102153914049267,-0.0009444758761674,-0.0139080127701163,-0.0005317361210472,0.0110526224598288,0.0164341367781162,-0.0054100858978927,-0.007618922740221,0.0005182329332455,-0.0185196250677108,0.017877047881484,-0.0084194401279091,0.0146298352628946,0.009514644742012,0.0014889815356582,-0.008649468421936,0.0065946690738201,0.0128768235445022,0.0121974013745784,0.0028515162412077,-0.0048312279395759,0.0109591027721762,0.0052206679247319,-0.0002929980691988,0.0035333649720996,-0.000937832868658,0.0236342810094356,0.0036961273290216,0.0030022249557077,-0.0219195690006017,-0.0040490492247045,-0.0163150411099195,-0.0020514847710728,0.0291008092463016,0.0103636318817734,0.0008264914504252,-0.0045018820092082,-0.0087890373542904,0.0595600232481956,0.0218401197344064,-0.1241731122136116,-0.0092598656192421,0.0130496192723512,0.0139901535585522,0.0210058819502592,0.0164058078080415,0.031064286828041,0.0128899477422237,-0.0148743437603116,-0.0049551757983863,0.0200222972780466,0.0168637633323669,-0.0125260548666119,0.0654460117220878,-0.0039143692702054,0.0096631292253732,0.0004895473830401,-0.0049664080142974,0.0412233285605907,-0.0075387177057564,-0.0322480946779251,-0.0041384738869965,-0.0281640216708183,0.0056285746395587,-0.0302748065441846,-0.0033478024415671,-0.0030703209340572,0.0020469184964895,-0.0194831453263759,-0.0047664134763181,-0.0287968292832374,0.0082627618685364,-0.0074467533268034,0.0376866124570369,-0.0219567883759737,0.0335010252892971,-0.0108068473637104,0.0098315440118312,0.0078483782708644,0.0128205306828022,-0.006945536006242,0.0096126599237322,-0.0110633419826626,0.0,-0.0023539098910987,0.0017910521710291,-0.0355179272592067,-0.0040933242999017,0.0125153874978423,0.0019842120818793,-0.0022935231681913,-0.0140034947544336,-0.0253824777901172,0.0109028257429599,0.0281920544803142,-0.0046830191276967,0.008706416003406,-0.0120717100799083,0.0065857926383614,-0.0032712400425225,-0.0070542730391025,-0.0219605341553688,0.0182991065084934,0.0066372593864798,-0.0138062890619039,-0.0106775490567088,-0.0159772019833326,0.0212374627590179,-0.00460901344195,-0.0010862868512049,-0.0046346485614776,-0.0453376482042371,0.0117483082939626,-0.0529415688417381,0.0068877829422768,-0.0443657299302953,0.0037638638703592,-0.0244697217874266,0.0060180799956623,0.0153221231708788,0.0650153040487473,0.1782789810110325,-0.1151483931531583,2019-02-19,2019-02-20,2019-02-21,2019-02-22,2019-02-25,2019-02-26,2019-02-27,2019-02-28,2019-03-01,2019-03-04,69796.0,2019-02-15,252.0,0.5461%,-0.0008,0.635,-0.0785,-0.1026,1.5016%,1.6565%,17.8272%,-0.001029,STZ,69796.0,2019-02-19,252.0,-0.1086%,-0.0008,0.6331,-0.0768,-0.1005,1.5012%,1.6542%,17.6425%,-0.001857,STZ,69796.0,2019-02-20,252.0,-4.4299%,-0.0011,0.6196,-0.1125,-0.1499,1.5240%,1.6749%,17.2051%,-0.044881,STZ,69796.0,2019-02-21,252.0,-0.7965%,-0.0011,0.6188,-0.1153,-0.1514,1.5239%,1.6745%,17.1811%,-0.006196,STZ,69796.0,2019-02-22,252.0,2.0586%,-0.001,0.6159,-0.0963,-0.1688,1.5254%,1.6771%,17.2712%,0.014872,STZ,69796.0,2019-02-25,252.0,-1.1298%,-0.001,0.6156,-0.0907,-0.167,1.5272%,1.6784%,17.2083%,-0.012876,STZ,69796.0,2019-02-26,252.0,1.3521%,-0.001,0.6058,-0.1012,-0.1795,1.5281%,1.6755%,16.8145%,0.013274,STZ,69796.0,2019-02-27,252.0,-0.0944%,-0.001,0.6075,-0.1043,-0.1793,1.5279%,1.6753%,16.8206%,-0.001613,STZ,69796.0,2019-02-28,252.0,-0.0532%,-0.001,0.6117,-0.1014,-0.1767,1.5270%,1.6753%,16.9169%,0.000824,STZ,69796.0,2019-03-01,252.0,1.6434%,-0.001,0.6113,-0.102,-0.1831,1.5288%,1.6774%,16.9356%,0.011527,STZ,69796.0,2019-03-04,252.0,-0.7619%,-0.001,0.617,-0.1181,-0.1852,1.5272%,1.6778%,17.1537%,-0.004224,STZ,-0.002886,-0.047767,-0.053963,-0.051967,-0.032179
30963,CONSTELLATION BRANDS INC,Canopy Growth's Q3 Revenue Jumps 283% Year-Over-Year,6,increase,0.7,0.6,"the significant revenue growth reported by canopy growth, in which constellation brands holds a substantial investment, is likely to positively influence investor sentiment and potentially increase constellation brands' stock price.",2,2019-02-15,STZ,2019-02-15 03:10:00+00:00,69796.0,21036P10,0.0054610078223049,1965554.0,-0.0010862868512049,-0.0046346485614776,-0.0442994832992553,0.0164592396467924,-0.0079650366678833,-0.0048040854744613,0.0205855946987867,-0.0097591420635581,-0.0112977856770157,0.0067221955396234,0.0135208489373326,0.0102153914049267,-0.0009444758761674,-0.0139080127701163,-0.0005317361210472,0.0110526224598288,0.0164341367781162,-0.0054100858978927,-0.007618922740221,0.0005182329332455,-0.0185196250677108,0.017877047881484,-0.0084194401279091,0.0146298352628946,0.009514644742012,0.0014889815356582,-0.008649468421936,0.0065946690738201,0.0128768235445022,0.0121974013745784,0.0028515162412077,-0.0048312279395759,0.0109591027721762,0.0052206679247319,-0.0002929980691988,0.0035333649720996,-0.000937832868658,0.0236342810094356,0.0036961273290216,0.0030022249557077,-0.0219195690006017,-0.0040490492247045,-0.0163150411099195,-0.0020514847710728,0.0291008092463016,0.0103636318817734,0.0008264914504252,-0.0045018820092082,-0.0087890373542904,0.0595600232481956,0.0218401197344064,-0.1241731122136116,-0.0092598656192421,0.0130496192723512,0.0139901535585522,0.0210058819502592,0.0164058078080415,0.031064286828041,0.0128899477422237,-0.0148743437603116,-0.0049551757983863,0.0200222972780466,0.0168637633323669,-0.0125260548666119,0.0654460117220878,-0.0039143692702054,0.0096631292253732,0.0004895473830401,-0.0049664080142974,0.0412233285605907,-0.0075387177057564,-0.0322480946779251,-0.0041384738869965,-0.0281640216708183,0.0056285746395587,-0.0302748065441846,-0.0033478024415671,-0.0030703209340572,0.0020469184964895,-0.0194831453263759,-0.0047664134763181,-0.0287968292832374,0.0082627618685364,-0.0074467533268034,0.0376866124570369,-0.0219567883759737,0.0335010252892971,-0.0108068473637104,0.0098315440118312,0.0078483782708644,0.0128205306828022,-0.006945536006242,0.0096126599237322,-0.0110633419826626,0.0,-0.0023539098910987,0.0017910521710291,-0.0355179272592067,-0.0040933242999017,0.0125153874978423,0.0019842120818793,-0.0022935231681913,-0.0140034947544336,-0.0253824777901172,0.0109028257429599,0.0281920544803142,-0.0046830191276967,0.008706416003406,-0.0120717100799083,0.0065857926383614,-0.0032712400425225,-0.0070542730391025,-0.0219605341553688,0.0182991065084934,0.0066372593864798,-0.0138062890619039,-0.0106775490567088,-0.0159772019833326,0.0212374627590179,-0.00460901344195,-0.0010862868512049,-0.0046346485614776,-0.0453376482042371,0.0117483082939626,-0.0529415688417381,0.0068877829422768,-0.0443657299302953,0.0037638638703592,-0.0244697217874266,0.0060180799956623,0.0153221231708788,0.0650153040487473,0.1782789810110325,-0.1151483931531583,2019-02-19,2019-02-20,2019-02-21,2019-02-22,2019-02-25,2019-02-26,2019-02-27,2019-02-28,2019-03-01,2019-03-04,69796.0,2019-02-15,252.0,0.5461%,-0.0008,0.635,-0.0785,-0.1026,1.5016%,1.6565%,17.8272%,-0.001029,STZ,69796.0,2019-02-19,252.0,-0.1086%,-0.0008,0.6331,-0.0768,-0.1005,1.5012%,1.6542%,17.6425%,-0.001857,STZ,69796.0,2019-02-20,252.0,-4.4299%,-0.0011,0.6196,-0.1125,-0.1499,1.5240%,1.6749%,17.2051%,-0.044881,STZ,69796.0,2019-02-21,252.0,-0.7965%,-0.0011,0.6188,-0.1153,-0.1514,1.5239%,1.6745%,17.1811%,-0.006196,STZ,69796.0,2019-02-22,252.0,2.0586%,-0.001,0.6159,-0.0963,-0.1688,1.5254%,1.6771%,17.2712%,0.014872,STZ,69796.0,2019-02-25,252.0,-1.1298%,-0.001,0.6156,-0.0907,-0.167,1.5272%,1.6784%,17.2083%,-0.012876,STZ,69796.0,2019-02-26,252.0,1.3521%,-0.001,0.6058,-0.1012,-0.1795,1.5281%,1.6755%,16.8145%,0.013274,STZ,69796.0,2019-02-27,252.0,-0.0944%,-0.001,0.6075,-0.1043,-0.1793,1.5279%,1.6753%,16.8206%,-0.001613,STZ,69796.0,2019-02-28,252.0,-0.0532%,-0.001,0.6117,-0.1014,-0.1767,1.5270%,1.6753%,16.9169%,0.000824,STZ,69796.0,2019-03-01,252.0,1.6434%,-0.001,0.6113,-0.102,-0.1831,1.5288%,1.6774%,16.9356%,0.011527,STZ,69796.0,2019-03-04,252.0,-0.7619%,-0.001,0.617,-0.1181,-0.1852,1.5272%,1.6778%,17.1537%,-0.004224,STZ,-0.002886,-0.047767,-0.053963,-0.051967,-0.032179
30971,CONSTELLATION BRANDS INC,Canopy Growth's Q3 Revenue Jumps 283% Year-Over-Year,6,increase,0.7,0.5,"the significant revenue growth reported by canopy growth, in which constellation brands holds a substantial investment, may positively influence investor sentiment towards constellation brands' stock.",2,2019-02-15,STZ,2019-02-15 03:10:00+00:00,69796.0,21036P10,0.0054610078223049,1965554.0,-0.0010862868512049,-0.0046346485614776,-0.0442994832992553,0.0164592396467924,-0.0079650366678833,-0.0048040854744613,0.0205855946987867,-0.0097591420635581,-0.0112977856770157,0.0067221955396234,0.0135208489373326,0.0102153914049267,-0.0009444758761674,-0.0139080127701163,-0.0005317361210472,0.0110526224598288,0.0164341367781162,-0.0054100858978927,-0.007618922740221,0.0005182329332455,-0.0185196250677108,0.017877047881484,-0.0084194401279091,0.0146298352628946,0.009514644742012,0.0014889815356582,-0.008649468421936,0.0065946690738201,0.0128768235445022,0.0121974013745784,0.0028515162412077,-0.0048312279395759,0.0109591027721762,0.0052206679247319,-0.0002929980691988,0.0035333649720996,-0.000937832868658,0.0236342810094356,0.0036961273290216,0.0030022249557077,-0.0219195690006017,-0.0040490492247045,-0.0163150411099195,-0.0020514847710728,0.0291008092463016,0.0103636318817734,0.0008264914504252,-0.0045018820092082,-0.0087890373542904,0.0595600232481956,0.0218401197344064,-0.1241731122136116,-0.0092598656192421,0.0130496192723512,0.0139901535585522,0.0210058819502592,0.0164058078080415,0.031064286828041,0.0128899477422237,-0.0148743437603116,-0.0049551757983863,0.0200222972780466,0.0168637633323669,-0.0125260548666119,0.0654460117220878,-0.0039143692702054,0.0096631292253732,0.0004895473830401,-0.0049664080142974,0.0412233285605907,-0.0075387177057564,-0.0322480946779251,-0.0041384738869965,-0.0281640216708183,0.0056285746395587,-0.0302748065441846,-0.0033478024415671,-0.0030703209340572,0.0020469184964895,-0.0194831453263759,-0.0047664134763181,-0.0287968292832374,0.0082627618685364,-0.0074467533268034,0.0376866124570369,-0.0219567883759737,0.0335010252892971,-0.0108068473637104,0.0098315440118312,0.0078483782708644,0.0128205306828022,-0.006945536006242,0.0096126599237322,-0.0110633419826626,0.0,-0.0023539098910987,0.0017910521710291,-0.0355179272592067,-0.0040933242999017,0.0125153874978423,0.0019842120818793,-0.0022935231681913,-0.0140034947544336,-0.0253824777901172,0.0109028257429599,0.0281920544803142,-0.0046830191276967,0.008706416003406,-0.0120717100799083,0.0065857926383614,-0.0032712400425225,-0.0070542730391025,-0.0219605341553688,0.0182991065084934,0.0066372593864798,-0.0138062890619039,-0.0106775490567088,-0.0159772019833326,0.0212374627590179,-0.00460901344195,-0.0010862868512049,-0.0046346485614776,-0.0453376482042371,0.0117483082939626,-0.0529415688417381,0.0068877829422768,-0.0443657299302953,0.0037638638703592,-0.0244697217874266,0.0060180799956623,0.0153221231708788,0.0650153040487473,0.1782789810110325,-0.1151483931531583,2019-02-19,2019-02-20,2019-02-21,2019-02-22,2019-02-25,2019-02-26,2019-02-27,2019-02-28,2019-03-01,2019-03-04,69796.0,2019-02-15,252.0,0.5461%,-0.0008,0.635,-0.0785,-0.1026,1.5016%,1.6565%,17.8272%,-0.001029,STZ,69796.0,2019-02-19,252.0,-0.1086%,-0.0008,0.6331,-0.0768,-0.1005,1.5012%,1.6542%,17.6425%,-0.001857,STZ,69796.0,2019-02-20,252.0,-4.4299%,-0.0011,0.6196,-0.1125,-0.1499,1.5240%,1.6749%,17.2051%,-0.044881,STZ,69796.0,2019-02-21,252.0,-0.7965%,-0.0011,0.6188,-0.1153,-0.1514,1.5239%,1.6745%,17.1811%,-0.006196,STZ,69796.0,2019-02-22,252.0,2.0586%,-0.001,0.6159,-0.0963,-0.1688,1.5254%,1.6771%,17.2712%,0.014872,STZ,69796.0,2019-02-25,252.0,-1.1298%,-0.001,0.6156,-0.0907,-0.167,1.5272%,1.6784%,17.2083%,-0.012876,STZ,69796.0,2019-02-26,252.0,1.3521%,-0.001,0.6058,-0.1012,-0.1795,1.5281%,1.6755%,16.8145%,0.013274,STZ,69796.0,2019-02-27,252.0,-0.0944%,-0.001,0.6075,-0.1043,-0.1793,1.5279%,1.6753%,16.8206%,-0.001613,STZ,69796.0,2019-02-28,252.0,-0.0532%,-0.001,0.6117,-0.1014,-0.1767,1.5270%,1.6753%,16.9169%,0.000824,STZ,69796.0,2019-03-01,252.0,1.6434%,-0.001,0.6113,-0.102,-0.1831,1.5288%,1.6774%,16.9356%,0.011527,STZ,69796.0,2019-03-04,252.0,-0.7619%,-0.001,0.617,-0.1181,-0.1852,1.5272%,1.6778%,17.1537%,-0.004224,STZ,-0.002886,-0.047767,-0.053963,-0.051967,-0.032179
30979,SUNCOR ENERGY INC NEW,Sucor Energy shares are trading higher after Warren Buffett's Berkshire Hathaway took a position in the stock.,6,increase,0.8,0.7,"warren buffett's investment in suncor energy typically signals confidence in the company's future prospects, which often leads to increased investor interest and a rise in stock price.",2,2019-02-15,SU,2019-02-15 13:11:00+00:00,80070.0,86722410,0.0411674417555332,6173322.0,0.0153437731787562,0.0064934780821204,-0.0031967628747224,-0.0058407206088304,-0.0058309263549745,0.0064974962733685,0.0026393008884042,0.0024813278578221,-0.0070195342414081,-0.0113461799919605,0.0047128084115684,-0.0174750834703445,0.0149515774101018,0.0015087277861312,-0.0046216016635298,0.0015110074309632,0.0017124686855822,0.0212962534278631,-0.0084795588627457,0.0024753042962402,0.0041285576298832,0.0018599310424178,-0.0120411114767193,0.0068663358688354,-0.0095124766230583,0.0065975808538496,-0.020408172160387,-0.0059338081628084,0.0119485110044479,0.0104133766144514,0.0051468964666128,0.0183161851018667,0.0126505466178059,-0.0133164254948496,0.0002975055540446,-0.0143749713897705,0.0038655144162476,0.0223642420023679,0.0159952882677316,0.0182172898203134,0.0014577037654817,-0.0141116268932819,0.011062623001635,0.0206219665706157,-0.0046069636009633,0.0042734765447676,-0.0266126170754432,-0.0084745837375521,-0.0199109055101871,-0.0006514806882478,0.0090963989496231,0.0267558917403221,-0.0252403896301984,0.0067339679226279,0.0003083272604271,0.012960473075509,-0.0006163468933664,0.0397162735462188,0.015726126730442,-0.0024761122185736,0.0,0.0107258185744285,-0.0100181549787521,0.0097472397610545,0.0042931428179144,0.0047153090126812,0.0149618834257125,-0.0010869813850149,0.0114319268614053,0.0542398802936077,-0.0148721002042293,-0.0205761026591062,-0.0006038785795681,-0.0294118132442235,-0.0081569990143179,-0.0340231247246265,0.0109654823318123,-0.0145178036764264,-0.0063271797262132,-0.0078875012695789,-0.0027289313729852,-0.0145319467410445,0.0106416018679738,-0.0352135598659515,-0.0015043035382404,-0.0100064389407634,0.0231997743248939,0.0157376900315284,0.0067726606503129,-0.021180996671319,-0.0374378114938736,-0.0111075965687632,0.0063810115680098,0.0240493901073932,-0.0045289164409041,-0.0420298427343368,0.0048528918996453,-0.0113882031291723,-0.0039239679463207,0.0061938916333019,-0.014242460951209,-0.0072828754782676,-0.0267445109784603,0.0076804915443062,0.023057471960783,-0.0006140760960988,-0.0095707802101969,0.0003070737584494,-0.0065461653284728,-0.0036719378549605,0.0216504707932472,-0.0273808985948562,-0.0067567941732704,0.0444513633847236,-0.0132962372153997,-0.0189082864671945,-0.0153556810691952,-0.0123493922874331,0.0152768790721893,-0.0095465304329991,0.0153437731787562,0.0064934780821204,0.0120979598995778,0.0006148308820328,0.0061964912313834,0.0071163220167662,0.0017704743375521,-0.0018399692023135,0.0099234401066383,0.0071163230312996,-0.0189655893183658,0.1513971964203684,-0.0499393217876982,-0.020784547360603,2019-02-19,2019-02-20,2019-02-21,2019-02-22,2019-02-25,2019-02-26,2019-02-27,2019-02-28,2019-03-01,2019-03-04,80070.0,2019-02-15,252.0,4.1167%,0.0002,0.9615,0.3021,0.5705,1.3852%,1.6723%,31.3866%,0.027174,SU,80070.0,2019-02-19,252.0,1.5344%,0.0003,0.9664,0.3048,0.5732,1.3858%,1.6750%,31.5525%,0.010829,SU,80070.0,2019-02-20,252.0,-0.3197%,0.0002,0.9625,0.2902,0.5578,1.3842%,1.6720%,31.4632%,-0.0089559999999999,SU,80070.0,2019-02-21,252.0,-0.5831%,0.0002,0.967,0.2992,0.5661,1.3822%,1.6723%,31.6870%,-0.000884,SU,80070.0,2019-02-22,252.0,0.2639%,0.0003,0.9653,0.3344,0.5776,1.3728%,1.6644%,31.9665%,0.00293,SU,80070.0,2019-02-25,252.0,-0.7020%,0.0002,0.9662,0.3387,0.5833,1.3726%,1.6646%,32.0051%,-0.006658,SU,80070.0,2019-02-26,252.0,0.4713%,0.0003,0.9637,0.3272,0.5756,1.3741%,1.6626%,31.7009%,0.0102519999999999,SU,80070.0,2019-02-27,252.0,1.4952%,0.0003,0.9634,0.3319,0.5756,1.3768%,1.6640%,31.5403%,0.014053,SU,80070.0,2019-02-28,252.0,-0.4622%,0.0003,0.96,0.3295,0.5733,1.3761%,1.6600%,31.2714%,-0.000363,SU,80070.0,2019-03-01,252.0,0.1712%,0.0004,0.9453,0.3076,0.5525,1.3689%,1.6440%,30.6714%,-0.003952,SU,80070.0,2019-03-04,252.0,-0.8480%,0.0004,0.9483,0.3021,0.5507,1.3688%,1.6449%,30.7458%,-0.004579,SU,0.038003,0.029047,0.028163,0.024435,0.039846
30987,GENTHERM INC,Gentherm Partners With ThermoAnalytics To Advance Human Thermal Comfort Predictions,6,increase,0.75,0.6,"the partnership with thermoanalytics to enhance human thermal comfort predictions suggests innovation and potential growth in gentherm's product offerings, which could positively impact investor sentiment and stock price.",2,2019-02-15,THRM,2019-02-15 13:11:00+00:00,79248.0,37253A10,0.007326815277338,148030.0,0.0091506196185946,-0.0040018400177359,-0.0030224891379475,0.006873688660562,-0.0261194668710231,0.0328029431402683,0.0244252998381853,0.0131448106840252,-0.0088825915008783,-0.0156249850988388,0.0089621990919113,-0.0270783714950084,-0.0441795103251934,-0.0124326199293136,0.0026901592500507,-0.0081432871520519,0.0151219256222248,0.0067931818775832,-0.0016818763688206,0.0030544465407729,-0.0178098157048225,0.030758062377572,-0.0553786344826221,-0.0122009171172976,-0.0038909912109375,-0.0073617044836282,0.000781218172051,-0.0103407436981797,0.0096278665587306,0.0116499727591872,-0.0123711228370666,-0.0014244434423744,-0.0015657978365197,-0.0181818772107362,-0.0172503888607025,-0.0214415751397609,0.0103724263608455,0.017405429854989,-0.0060543129220604,0.0084250085055828,-0.0029130508191883,0.0011714909924194,-0.003452883567661,0.0047081159427762,0.0119936233386397,-0.0021141686011105,-0.0352910235524177,-0.0129840336740016,0.0046409545466303,-0.0018513774266466,0.0019021657062694,0.0475151278078556,-0.0002711777051445,0.0427198819816112,0.007053670939058,-0.0119880000129342,-0.0070042652077972,0.0448852106928825,0.0330982431769371,-0.0570866093039512,0.0042016762308776,0.0165082514286041,0.0211819428950548,0.0173028074204921,0.0194622837007045,0.0040878858417272,-0.0045214844867587,0.0187402721494436,0.0085793631151318,0.0005207458743825,-0.0052540129981935,-0.0375939831137657,0.0168511569499969,0.0002507429453544,0.0101409805938601,-0.0032484023831784,0.0151811689138412,-0.0106304148212075,-0.0014471191680058,-0.0073619442991912,0.0115941911935806,-0.012360599823296,0.0293696150183677,-0.0238940641283989,-0.0051032523624598,-0.0072804451920092,-0.0258801728487014,0.0270140562206506,0.0126855578273534,0.0199261382222175,0.0077995276078581,-0.0099853835999965,-0.0377579890191555,-0.0370543636381626,0.0209602881222963,-0.0452306419610977,-0.0074002761393785,-0.0375000350177288,0.0187589880079031,-0.0006461076554842,-0.0207743402570486,0.0115468138828873,-0.0144647657871246,0.0043763844296336,0.0168786346912384,0.0207728464156389,0.001683899317868,-0.0092940516769886,-0.0244956891983747,0.0203205626457929,0.0027080406434834,-0.0051662069745361,0.0002455717185512,0.0138920657336711,0.0039273402653634,-0.0081319315358996,-0.0232274010777473,0.0027179825119674,0.0090112788602709,0.007300928235054,0.0091506196185946,-0.0040018400177359,0.0061004728322444,0.0028443412404748,-0.0201783351368181,0.035740587144726,-0.0051618348472248,0.0329590417002327,-0.0251055771373538,-0.0058740596342956,-0.106522693975352,0.0410925642376283,-0.0541998529962632,-0.0346794540010783,2019-02-19,2019-02-20,2019-02-21,2019-02-22,2019-02-25,2019-02-26,2019-02-27,2019-02-28,2019-03-01,2019-03-04,79248.0,2019-02-15,252.0,0.7327%,0.0012,1.0036,1.1434,0.4706,1.6506%,2.0031%,32.0971%,-0.009465,THRM,79248.0,2019-02-19,252.0,0.9151%,0.0013,1.0076,1.1388,0.465,1.6489%,2.0035%,32.2673%,0.002416,THRM,79248.0,2019-02-20,252.0,-0.3022%,0.0012,1.0042,1.1298,0.4524,1.6503%,2.0030%,32.1188%,-0.0101,THRM,79248.0,2019-02-21,252.0,-2.6119%,0.0009,1.0324,1.1824,0.5042,1.6055%,1.9830%,34.4458%,-0.020673,THRM,79248.0,2019-02-22,252.0,2.4425%,0.001,1.0288,1.2122,0.489,1.6047%,1.9867%,34.7555%,0.018524,THRM,79248.0,2019-02-25,252.0,-0.8883%,0.0011,1.0246,1.2117,0.4732,1.5890%,1.9734%,35.1656%,-0.006494,THRM,79248.0,2019-02-26,252.0,0.8962%,0.0013,1.0316,1.179,0.4618,1.5892%,1.9734%,35.1521%,0.019818,THRM,79248.0,2019-02-27,252.0,-4.4180%,0.001,1.0264,1.1741,0.4608,1.6167%,1.9921%,34.1316%,-0.046894,THRM,79248.0,2019-02-28,252.0,0.2690%,0.0011,1.015,1.1665,0.4512,1.6126%,1.9805%,33.6986%,0.006689,THRM,79248.0,2019-03-01,252.0,1.5122%,0.0011,1.0221,1.1771,0.4599,1.6117%,1.9818%,33.8614%,0.006146,THRM,79248.0,2019-03-04,252.0,-0.1682%,0.0011,1.0288,1.1501,0.4593,1.6090%,1.9797%,33.9412%,0.006458,THRM,-0.007049,-0.0171489999999999,-0.0378219999999999,-0.0257919999999999,-0.033575
30995,TRINET GROUP INC,"Trinet Group shares are trading higher after the company reported Q4 EPS of $0.59, beating the $0.52 estimate and Q4 sales of $225 million, beating $212.87 million.",6,increase,0.8,0.7,the positive earnings surprise and higher sales than expected are likely to boost investor confidence and drive the stock price up.,2,2019-02-15,TNET,2019-02-15 15:10:00+00:00,14521.0,89628810,0.2309711873531342,1978556.0,0.0075446791015565,0.0174609385430812,-0.0045580137521028,0.0107973515987396,0.0068683265708386,0.0290598422288894,0.010394662618637,0.0180552098900079,0.0065905777737498,0.009664012119174,-0.0043117287568748,-0.0170552879571914,0.0006415544194169,0.0043365298770368,-0.0176310054957866,-0.013897830620408,0.0071789626963436,-0.002984425285831,-0.006317825987935,0.0273762587457895,-0.0079882899299263,0.002194874221459,-0.0161051694303751,0.0224416516721248,0.0076833623461425,-0.0022391059901565,-0.0094480933621525,-0.0139103783294558,0.0162316132336854,0.0177528299391269,0.0034579134080559,-0.0020183932501822,0.0041023958474397,-0.0042429352179169,0.0034319807309657,-0.0138736199587583,0.0048859808593988,0.0093353670090436,0.0006483130273409,0.0169529821723699,0.0092322593554854,0.0128205437213182,-0.012999540194869,0.014869874343276,0.004878036212176,-0.0023179990239441,-0.0453074313700199,-0.0057616964913904,-0.0142372911795973,-0.003216158831492,0.0213205236941576,0.0053117680363357,-0.0129629699513316,0.0401152558624744,0.012109825387597,-0.0092812804505229,0.0067408415488898,0.0568411014974117,0.008536965586245,-0.0297706499695777,0.0024896517861634,-0.0231227930635213,0.0046357414685189,0.0182038825005292,-0.0088991578668355,-0.0038684681057929,0.0091453148052096,-0.0060081710107624,-0.0009885905310511,0.0568961575627327,-0.0117104221135377,-0.0172242242842912,0.0178572013974189,-0.0137862525880336,0.0098376525565981,0.0029629366472363,0.0045461729168891,-0.0259740687906742,0.00614192802459,0.0109409373253583,-0.0056224656291306,-0.0237360540777444,-0.0247173272073268,-0.0063679348677396,-0.0066257696598768,-0.0123456502333283,0.0171752329915761,0.0141743076965212,0.0195081736892461,0.0002363453822908,-0.0032159020192921,0.0102649871259927,-0.0188740435987711,-0.0323400683701038,0.0133180106058716,0.0116849727928638,0.0019470863044261,-0.0734083876013755,0.0095546580851078,0.0058810818009078,0.0221366863697767,0.0224943943321704,-0.0094162318855524,-0.0209332555532455,0.0297845546156168,0.0581449121236801,-0.0009230393916368,-0.0084648579359054,-0.0252541285008192,0.0069108325988054,-0.011216415092349,-0.012960429303348,0.0017574790399521,0.017113734036684,0.0047846767120063,-0.02260397747159,-0.0444444306194782,-0.0116174407303333,0.0172757618129253,-0.0042269728146493,0.0075446791015565,0.0174609385430812,0.0029522765983536,0.0284468220345144,0.0098408803689973,0.0583333244236401,0.0270624514800867,0.0878541649051107,0.0060685414492556,0.0847568743949078,-0.01180910621592,0.2086383403138074,0.0044284140969044,0.1018909431776067,2019-02-19,2019-02-20,2019-02-21,2019-02-22,2019-02-25,2019-02-26,2019-02-27,2019-02-28,2019-03-01,2019-03-04,14521.0,2019-02-15,252.0,23.0971%,0.0015,1.1999,0.7659,0.1131,2.1139%,2.4939%,28.1548%,0.218356,TNET,14521.0,2019-02-19,252.0,0.7545%,0.0016,1.2057,0.7587,0.1044,2.1108%,2.4939%,28.3636%,0.002604,TNET,14521.0,2019-02-20,252.0,-0.4558%,0.0015,1.2022,0.7481,0.091,2.1116%,2.4936%,28.2950%,-0.009192,TNET,14521.0,2019-02-21,252.0,0.6868%,0.0016,1.1974,0.7406,0.0822,2.1121%,2.4914%,28.1294%,0.011949,TNET,14521.0,2019-02-22,252.0,1.0395%,0.0016,1.198,0.7317,0.0813,2.1118%,2.4916%,28.1637%,-0.000354,TNET,14521.0,2019-02-25,252.0,0.6591%,0.0016,1.1977,0.7289,0.0787,2.1120%,2.4918%,28.1571%,0.006742,TNET,14521.0,2019-02-26,252.0,-0.4312%,0.0016,1.2008,0.7247,0.0789,2.1117%,2.4913%,28.1476%,0.002429,TNET,14521.0,2019-02-27,252.0,0.0642%,0.0016,1.205,0.7162,0.0796,2.1110%,2.4913%,28.2018%,-0.001821,TNET,14521.0,2019-02-28,252.0,-1.7631%,0.0015,1.2118,0.7203,0.0881,2.1128%,2.4935%,28.2058%,-0.01394,TNET,14521.0,2019-03-01,252.0,0.7179%,0.001,1.3021,0.8547,0.2302,1.8863%,2.3485%,35.4907%,-0.003372,TNET,14521.0,2019-03-04,252.0,-0.6318%,0.0011,1.2872,0.9025,0.2345,1.8758%,2.3364%,35.5442%,0.002884,TNET,0.22096,0.2117679999999999,0.223717,0.230105,0.216285
31003,TRINET GROUP INC,"JP Morgan Upgrades Trinet Group to Neutral, Raises Price Target to $60",6,increase,0.8,0.6,"the upgrade to 'neutral' and the raised price target typically indicate improved investor sentiment, which is likely to lead to an increase in the stock price.",2,2019-02-15,TNET,2019-02-15 13:02:00+00:00,14521.0,89628810,0.2309711873531342,1978556.0,0.0075446791015565,0.0174609385430812,-0.0045580137521028,0.0107973515987396,0.0068683265708386,0.0290598422288894,0.010394662618637,0.0180552098900079,0.0065905777737498,0.009664012119174,-0.0043117287568748,-0.0170552879571914,0.0006415544194169,0.0043365298770368,-0.0176310054957866,-0.013897830620408,0.0071789626963436,-0.002984425285831,-0.006317825987935,0.0273762587457895,-0.0079882899299263,0.002194874221459,-0.0161051694303751,0.0224416516721248,0.0076833623461425,-0.0022391059901565,-0.0094480933621525,-0.0139103783294558,0.0162316132336854,0.0177528299391269,0.0034579134080559,-0.0020183932501822,0.0041023958474397,-0.0042429352179169,0.0034319807309657,-0.0138736199587583,0.0048859808593988,0.0093353670090436,0.0006483130273409,0.0169529821723699,0.0092322593554854,0.0128205437213182,-0.012999540194869,0.014869874343276,0.004878036212176,-0.0023179990239441,-0.0453074313700199,-0.0057616964913904,-0.0142372911795973,-0.003216158831492,0.0213205236941576,0.0053117680363357,-0.0129629699513316,0.0401152558624744,0.012109825387597,-0.0092812804505229,0.0067408415488898,0.0568411014974117,0.008536965586245,-0.0297706499695777,0.0024896517861634,-0.0231227930635213,0.0046357414685189,0.0182038825005292,-0.0088991578668355,-0.0038684681057929,0.0091453148052096,-0.0060081710107624,-0.0009885905310511,0.0568961575627327,-0.0117104221135377,-0.0172242242842912,0.0178572013974189,-0.0137862525880336,0.0098376525565981,0.0029629366472363,0.0045461729168891,-0.0259740687906742,0.00614192802459,0.0109409373253583,-0.0056224656291306,-0.0237360540777444,-0.0247173272073268,-0.0063679348677396,-0.0066257696598768,-0.0123456502333283,0.0171752329915761,0.0141743076965212,0.0195081736892461,0.0002363453822908,-0.0032159020192921,0.0102649871259927,-0.0188740435987711,-0.0323400683701038,0.0133180106058716,0.0116849727928638,0.0019470863044261,-0.0734083876013755,0.0095546580851078,0.0058810818009078,0.0221366863697767,0.0224943943321704,-0.0094162318855524,-0.0209332555532455,0.0297845546156168,0.0581449121236801,-0.0009230393916368,-0.0084648579359054,-0.0252541285008192,0.0069108325988054,-0.011216415092349,-0.012960429303348,0.0017574790399521,0.017113734036684,0.0047846767120063,-0.02260397747159,-0.0444444306194782,-0.0116174407303333,0.0172757618129253,-0.0042269728146493,0.0075446791015565,0.0174609385430812,0.0029522765983536,0.0284468220345144,0.0098408803689973,0.0583333244236401,0.0270624514800867,0.0878541649051107,0.0060685414492556,0.0847568743949078,-0.01180910621592,0.2086383403138074,0.0044284140969044,0.1018909431776067,2019-02-19,2019-02-20,2019-02-21,2019-02-22,2019-02-25,2019-02-26,2019-02-27,2019-02-28,2019-03-01,2019-03-04,14521.0,2019-02-15,252.0,23.0971%,0.0015,1.1999,0.7659,0.1131,2.1139%,2.4939%,28.1548%,0.218356,TNET,14521.0,2019-02-19,252.0,0.7545%,0.0016,1.2057,0.7587,0.1044,2.1108%,2.4939%,28.3636%,0.002604,TNET,14521.0,2019-02-20,252.0,-0.4558%,0.0015,1.2022,0.7481,0.091,2.1116%,2.4936%,28.2950%,-0.009192,TNET,14521.0,2019-02-21,252.0,0.6868%,0.0016,1.1974,0.7406,0.0822,2.1121%,2.4914%,28.1294%,0.011949,TNET,14521.0,2019-02-22,252.0,1.0395%,0.0016,1.198,0.7317,0.0813,2.1118%,2.4916%,28.1637%,-0.000354,TNET,14521.0,2019-02-25,252.0,0.6591%,0.0016,1.1977,0.7289,0.0787,2.1120%,2.4918%,28.1571%,0.006742,TNET,14521.0,2019-02-26,252.0,-0.4312%,0.0016,1.2008,0.7247,0.0789,2.1117%,2.4913%,28.1476%,0.002429,TNET,14521.0,2019-02-27,252.0,0.0642%,0.0016,1.205,0.7162,0.0796,2.1110%,2.4913%,28.2018%,-0.001821,TNET,14521.0,2019-02-28,252.0,-1.7631%,0.0015,1.2118,0.7203,0.0881,2.1128%,2.4935%,28.2058%,-0.01394,TNET,14521.0,2019-03-01,252.0,0.7179%,0.001,1.3021,0.8547,0.2302,1.8863%,2.3485%,35.4907%,-0.003372,TNET,14521.0,2019-03-04,252.0,-0.6318%,0.0011,1.2872,0.9025,0.2345,1.8758%,2.3364%,35.5442%,0.002884,TNET,0.22096,0.2117679999999999,0.223717,0.230105,0.216285
31011,TSAKOS ENERGY NAVIGATION LTD,"TEN Reports Time Charter Equivalent Sales From 2 Suezmax Crude Tankers With Minimum Value $110M, Maximum Value $300M",6,increase,0.8,0.7,"the reported time charter equivalent sales from the suezmax crude tankers indicate strong revenue potential, which is likely to positively impact investor sentiment and the stock price.",2,2019-02-15,TNP,2019-02-15 12:51:00+00:00,89349.0,G9108L17,-0.0173410233110189,85835.0,-0.017647111788392,0.0176470410078764,-0.0089820278808474,0.0303030740469694,0.0060422904789447,0.0248446967452764,-0.0060060005635023,0.0454545803368091,0.0332326702773571,-0.0128205008804798,-0.0029239738360047,-0.0219436269253492,0.0117301940917968,-0.0184615217149257,-0.0173912867903709,0.009316761046648,0.0058996994048357,-0.0152905052527785,-0.0117302639409899,0.0155279356986284,-0.0118694249540567,0.0,-0.0210210010409355,-0.0030959723517298,-0.0245398543775081,-0.0637681260704994,-0.012578603811562,0.0117301940917968,-0.0286624673753976,0.0,0.0360656194388866,0.0333333760499954,0.0063291075639426,0.0,-0.0251572839915752,-0.0265487171709537,-0.0032258033752441,0.0560747869312763,0.0129450494423508,-0.0092592500150203,0.0127795403823256,0.0519480817019939,-0.018927501514554,0.0,-0.0032154312357306,-0.0032362430356442,0.0064516067504882,-0.0064308624714612,-0.0384615026414394,-0.0158228445798158,0.0166666507720947,0.0095846550539135,0.0065573710016906,0.0096774874255061,0.0032573258504271,0.0580204203724861,0.0064935004338622,0.0501792505383491,0.0129032908007502,0.0035971188917756,0.0,0.0451127365231514,0.0286623928695917,-0.0111524052917957,-0.0030959723517298,0.0228136647492647,-0.0124223483726382,-0.0401459485292434,0.012578603811562,0.0036630001850426,-0.0031055870931595,-0.0036496315151453,0.0373831428587436,-0.0519031435251236,0.0300300735980272,-0.0334447845816612,0.0029154489748179,0.0067340000532567,0.0,-0.0630914941430091,-0.0145348692312836,-0.0185758341103792,-0.0029498497024178,0.0,0.0,-0.0030864167492836,0.0059171537868678,-0.0181818008422851,-0.0147059382870793,0.0153846004977822,-0.0029850718565285,-0.0121580436825752,-0.029940091073513,0.0,0.0030864167492836,-0.0208333134651184,0.0123076802119612,-0.0317003279924392,-0.0212765764445066,0.02967363409698,-0.018633522093296,-0.0029586474411189,0.0316455401480197,0.0178042221814394,-0.0030674817971885,0.0,0.0030769200529903,0.0498441904783248,-0.0245398543775081,-0.0183486063033342,-0.006289301905781,0.0155279356986284,0.0063291075639426,-0.0030959723517298,0.0031446509528905,-0.0583090521395206,-0.0062695862725377,0.0058650970458984,0.0252365674823522,0.0179105028510093,-0.017647111788392,0.0176470410078763,-0.0264706328191397,0.0484848746452173,-0.0205882855928497,0.0745341633977869,0.0058823475606293,0.1089744113573853,-0.0088235895695901,0.0745341628368578,-0.0764705796306505,0.2446043418744419,-0.0441176685510592,0.0481144963872102,2019-02-19,2019-02-20,2019-02-21,2019-02-22,2019-02-25,2019-02-26,2019-02-27,2019-02-28,2019-03-01,2019-03-04,89349.0,2019-02-15,252.0,-1.7341%,0.0005,0.7971,1.3076,1.0052,2.1206%,2.3320%,17.3076%,-0.035294,TNP,89349.0,2019-02-19,252.0,-1.7647%,0.0004,0.7914,1.2917,0.9877,2.1272%,2.3347%,16.9887%,-0.026069,TNP,89349.0,2019-02-20,252.0,-0.8982%,0.0004,0.7864,1.2824,0.9705,2.1305%,2.3354%,16.7799%,-0.01886,TNP,89349.0,2019-02-21,252.0,0.6042%,0.0004,0.7857,1.2835,0.9691,2.1315%,2.3354%,16.6997%,0.011982,TNP,89349.0,2019-02-22,252.0,-0.6006%,0.0004,0.7863,1.2833,0.9762,2.1316%,2.3351%,16.6664%,-0.004027,TNP,89349.0,2019-02-25,252.0,3.3233%,0.0005,0.7864,1.2654,0.9674,2.1440%,2.3443%,16.3531%,0.037047,TNP,89349.0,2019-02-26,252.0,-0.2924%,0.0005,0.7849,1.2544,0.9607,2.1448%,2.3441%,16.2842%,0.009526,TNP,89349.0,2019-02-27,252.0,1.1730%,0.0006,0.7862,1.2548,0.9609,2.1455%,2.3452%,16.3048%,0.009693,TNP,89349.0,2019-02-28,252.0,-1.7391%,0.0006,0.784,1.2529,0.9625,2.1464%,2.3442%,16.1636%,-0.012903,TNP,89349.0,2019-03-01,252.0,0.5900%,0.0006,0.7848,1.2541,0.9639,2.1464%,2.3424%,16.0386%,0.000381,TNP,89349.0,2019-03-04,252.0,-1.1730%,0.0005,0.7854,1.2586,0.9623,2.1468%,2.3437%,16.0909%,-0.006482,TNP,-0.061363,-0.080223,-0.068241,-0.035221,-0.035006
31019,TSAKOS ENERGY NAVIGATION LTD,Morgan Stanley Downgrades Tsakos Energy Navigation to Equal-Weight,6,decrease,0.8,0.7,"a downgrade from a major financial institution like morgan stanley typically signals reduced confidence in the company's future performance, which can lead to a decline in stock price.",0,2019-02-15,TNP,2019-02-15 12:09:00+00:00,89349.0,G9108L17,-0.0173410233110189,85835.0,-0.017647111788392,0.0176470410078764,-0.0089820278808474,0.0303030740469694,0.0060422904789447,0.0248446967452764,-0.0060060005635023,0.0454545803368091,0.0332326702773571,-0.0128205008804798,-0.0029239738360047,-0.0219436269253492,0.0117301940917968,-0.0184615217149257,-0.0173912867903709,0.009316761046648,0.0058996994048357,-0.0152905052527785,-0.0117302639409899,0.0155279356986284,-0.0118694249540567,0.0,-0.0210210010409355,-0.0030959723517298,-0.0245398543775081,-0.0637681260704994,-0.012578603811562,0.0117301940917968,-0.0286624673753976,0.0,0.0360656194388866,0.0333333760499954,0.0063291075639426,0.0,-0.0251572839915752,-0.0265487171709537,-0.0032258033752441,0.0560747869312763,0.0129450494423508,-0.0092592500150203,0.0127795403823256,0.0519480817019939,-0.018927501514554,0.0,-0.0032154312357306,-0.0032362430356442,0.0064516067504882,-0.0064308624714612,-0.0384615026414394,-0.0158228445798158,0.0166666507720947,0.0095846550539135,0.0065573710016906,0.0096774874255061,0.0032573258504271,0.0580204203724861,0.0064935004338622,0.0501792505383491,0.0129032908007502,0.0035971188917756,0.0,0.0451127365231514,0.0286623928695917,-0.0111524052917957,-0.0030959723517298,0.0228136647492647,-0.0124223483726382,-0.0401459485292434,0.012578603811562,0.0036630001850426,-0.0031055870931595,-0.0036496315151453,0.0373831428587436,-0.0519031435251236,0.0300300735980272,-0.0334447845816612,0.0029154489748179,0.0067340000532567,0.0,-0.0630914941430091,-0.0145348692312836,-0.0185758341103792,-0.0029498497024178,0.0,0.0,-0.0030864167492836,0.0059171537868678,-0.0181818008422851,-0.0147059382870793,0.0153846004977822,-0.0029850718565285,-0.0121580436825752,-0.029940091073513,0.0,0.0030864167492836,-0.0208333134651184,0.0123076802119612,-0.0317003279924392,-0.0212765764445066,0.02967363409698,-0.018633522093296,-0.0029586474411189,0.0316455401480197,0.0178042221814394,-0.0030674817971885,0.0,0.0030769200529903,0.0498441904783248,-0.0245398543775081,-0.0183486063033342,-0.006289301905781,0.0155279356986284,0.0063291075639426,-0.0030959723517298,0.0031446509528905,-0.0583090521395206,-0.0062695862725377,0.0058650970458984,0.0252365674823522,0.0179105028510093,-0.017647111788392,0.0176470410078763,-0.0264706328191397,0.0484848746452173,-0.0205882855928497,0.0745341633977869,0.0058823475606293,0.1089744113573853,-0.0088235895695901,0.0745341628368578,-0.0764705796306505,0.2446043418744419,-0.0441176685510592,0.0481144963872102,2019-02-19,2019-02-20,2019-02-21,2019-02-22,2019-02-25,2019-02-26,2019-02-27,2019-02-28,2019-03-01,2019-03-04,89349.0,2019-02-15,252.0,-1.7341%,0.0005,0.7971,1.3076,1.0052,2.1206%,2.3320%,17.3076%,-0.035294,TNP,89349.0,2019-02-19,252.0,-1.7647%,0.0004,0.7914,1.2917,0.9877,2.1272%,2.3347%,16.9887%,-0.026069,TNP,89349.0,2019-02-20,252.0,-0.8982%,0.0004,0.7864,1.2824,0.9705,2.1305%,2.3354%,16.7799%,-0.01886,TNP,89349.0,2019-02-21,252.0,0.6042%,0.0004,0.7857,1.2835,0.9691,2.1315%,2.3354%,16.6997%,0.011982,TNP,89349.0,2019-02-22,252.0,-0.6006%,0.0004,0.7863,1.2833,0.9762,2.1316%,2.3351%,16.6664%,-0.004027,TNP,89349.0,2019-02-25,252.0,3.3233%,0.0005,0.7864,1.2654,0.9674,2.1440%,2.3443%,16.3531%,0.037047,TNP,89349.0,2019-02-26,252.0,-0.2924%,0.0005,0.7849,1.2544,0.9607,2.1448%,2.3441%,16.2842%,0.009526,TNP,89349.0,2019-02-27,252.0,1.1730%,0.0006,0.7862,1.2548,0.9609,2.1455%,2.3452%,16.3048%,0.009693,TNP,89349.0,2019-02-28,252.0,-1.7391%,0.0006,0.784,1.2529,0.9625,2.1464%,2.3442%,16.1636%,-0.012903,TNP,89349.0,2019-03-01,252.0,0.5900%,0.0006,0.7848,1.2541,0.9639,2.1464%,2.3424%,16.0386%,0.000381,TNP,89349.0,2019-03-04,252.0,-1.1730%,0.0005,0.7854,1.2586,0.9623,2.1468%,2.3437%,16.0909%,-0.006482,TNP,-0.061363,-0.080223,-0.068241,-0.035221,-0.035006
31027,TONIX PHARMACEUTICALS HLDG CORP,Tonix Pharma Shares Spike To Afternoon High Up 5.9% As Traders Circulate ClinicalTrials.gov Study Record Detail For Co.'s TNX-102 SL,6,increase,0.8,0.6,"the spike in shares and positive sentiment surrounding the clinical trial details suggest increased investor interest, likely leading to a rise in stock price.",2,2019-02-15,TNXP,2019-02-15 18:40:00+00:00,14107.0,89026085,0.0430107749998569,292552.0,0.0,-0.0053475885652005,0.0103092677891254,0.0163043327629566,0.0,-0.0212765745818615,-0.0204082038253545,-0.015706792473793,-0.0104166567325592,-0.0544554516673088,-0.0052631529979407,-0.009803912602365,0.0423280671238899,-0.0144927399232983,-0.0507614314556121,0.0048543643206357,0.0695187151432037,0.0456852354109287,-0.074999988079071,0.0154639026150107,-0.0270270649343729,-0.0348258391022682,-0.0055555505678057,0.0100502418354153,0.1955308169126511,-0.0197044145315885,0.3084111213684082,0.0252525005489587,0.2035714089870453,0.0421052873134613,-0.1186943203210831,0.0,-0.1313131600618362,-0.0155440270900726,0.2286822348833084,-0.0631067976355552,-0.0914826393127441,0.0,-0.0243056137114763,-0.0283018611371517,-0.0640568807721138,-0.0450451076030731,-0.0684410855174064,-0.0593219809234142,0.0244897715747356,0.1079811155796051,-0.0756972357630729,0.0,0.0129310227930545,-0.0448430068790912,0.0297873076051473,0.042056031525135,0.0495867282152175,0.0338165089488029,-0.0236220248043537,-0.0416667349636554,-0.0282257795333862,0.0434783361852169,0.0414937362074852,-0.0758928880095481,-0.0438246577978134,0.0181818008422851,-0.0291667375713586,0.1224489808082581,0.2060085982084274,-0.0199999809265136,-0.035587154328823,-0.0243902206420898,-0.0073800664395093,0.1202185302972794,-0.0223048105835914,-0.1116504371166229,0.0076045552268624,-0.0418605357408523,-0.0188679955899715,-0.1022964045405388,-0.0346153527498245,-0.0062241097912192,-0.0239043589681386,-0.0474307835102081,-0.0081632575020194,-0.0996441170573234,0.0,0.0293040014803409,-0.020576111972332,-0.0650685131549835,-0.0168068055063486,0.0318021737039089,-0.0128205008804798,0.0404411368072032,-0.0389610044658184,-0.0748299434781074,-0.0045044999569654,-0.0666666775941848,0.0180995296686887,-0.2535544335842133,-0.0222222004085779,0.0445544123649597,-0.0090909004211425,-0.221579983830452,-0.0458716228604316,-0.2553801834583282,-0.0288461279124021,0.8342105150222778,0.0396039225161075,-0.0856590867042541,-0.0238095019012689,-0.0849140956997871,-0.0243902206420898,0.004789866041392,0.0199999809265136,-0.0195227842777967,-0.0294117368757724,-0.0389827042818069,0.010101000778377,-0.0406000018119812,-0.0950000286102294,-0.0321332029998302,0.0,0.0127426106482744,0.0,-0.0053475885652005,0.0103092677891254,0.0108695553343096,0.0103092677891254,-0.0106382861522938,-0.0206185976587562,-0.0792079029287317,-0.0463917642493232,-0.0412371314083498,0.2938144025267135,-0.1696428489345166,-0.0670103532064079,-0.6353655303916643,2019-02-19,2019-02-20,2019-02-21,2019-02-22,2019-02-25,2019-02-26,2019-02-27,2019-02-28,2019-03-01,2019-03-04,14107.0,2019-02-15,252.0,4.3011%,-0.0074,1.0811,1.5075,0.645,8.5693%,8.6640%,2.1749%,0.024273,TNXP,14107.0,2019-02-19,252.0,0.0000%,-0.0074,1.0844,1.502,0.6385,8.5690%,8.6641%,2.1832%,-0.008461,TNXP,14107.0,2019-02-20,252.0,1.0309%,-0.0072,1.0897,1.5278,0.6613,8.5668%,8.6634%,2.2162%,0.001333,TNXP,14107.0,2019-02-21,252.0,0.0000%,-0.0072,1.0898,1.5309,0.6613,8.5671%,8.6634%,2.2116%,0.006523,TNXP,14107.0,2019-02-22,252.0,-2.0408%,-0.0073,1.0926,1.5249,0.6897,8.5679%,8.6636%,2.1968%,-0.026291,TNXP,14107.0,2019-02-25,252.0,-1.0417%,-0.0074,1.0973,1.5293,0.7092,8.5642%,8.6603%,2.2076%,-0.0069489999999999,TNXP,14107.0,2019-02-26,252.0,-0.5263%,-0.0074,1.092,1.5122,0.6966,8.5648%,8.6599%,2.1859%,0.0085209999999999,TNXP,14107.0,2019-02-27,252.0,4.2328%,-0.0074,1.0746,1.5569,0.6938,8.5658%,8.6608%,2.1833%,0.039208,TNXP,14107.0,2019-02-28,252.0,-5.0761%,-0.0075,1.086,1.5635,0.7112,8.5691%,8.6650%,2.1996%,-0.0461069999999999,TNXP,14107.0,2019-03-01,252.0,6.9519%,-0.0074,1.1264,1.6237,0.7425,8.5753%,8.6774%,2.3395%,0.05992,TNXP,14107.0,2019-03-04,252.0,-7.5000%,-0.0076,1.1236,1.6852,0.7313,8.5821%,8.6872%,2.4047%,-0.065634,TNXP,0.015812,0.017145,0.023668,-0.009572,-0.0136639999999999
31035,TEMPUR SEALY INTERNATIONAL INC,Guggenheim Downgrades Tempur Sealy Intl to Neutral,6,decrease,0.8,0.6,"a downgrade from guggenheim typically signals reduced expectations for the company's performance, which can lead to a decline in stock price.",0,2019-02-15,TPX,2019-02-15 12:10:00+00:00,89971.0,88023U10,0.016226815059781,1775188.0,0.0096508022397756,0.0293686185032129,0.0170316211879253,0.0049806395545601,-0.000341771316016,0.0270936023443937,-0.0044444156810641,-0.010127549059689,0.0202609281986951,0.0066074845381081,-0.01380006223917,-0.0174364428967237,-0.0046074511483311,-0.0046159527264535,-0.0020573073998093,0.00894186925143,0.0061845150776207,0.0011190110817551,0.0163906272500753,0.0113164559006691,-0.0159582886844873,0.0079848291352391,-0.0168999936431646,-0.0009497255668975,-0.0086820628494024,0.0271167233586311,0.0042039179243147,-0.0500370785593986,-0.0015698613133281,0.0148580204695463,0.004542248789221,0.021714013069868,-0.0010435021249577,0.005603882484138,-0.0076601435430347,-0.0137221496552228,-0.0064912093803286,0.0065221590921282,-0.0012360885739326,0.0405190140008926,-0.0095473993569612,0.0237024910748004,0.0049981931224465,0.0024579870514571,0.0227353926748037,0.0160249844193458,-0.0418548732995986,0.0043896129354834,0.018307089805603,0.0012557843001559,0.0177999287843704,0.0159472674131393,0.0047219386324286,0.0618649311363697,0.018624885007739,0.0492774657905101,-0.0145249878987669,0.0277574732899665,0.0138720842078328,-0.0216769855469465,-0.0042756968177855,0.0140096135437488,-0.0029199928976595,-0.0019285925664007,-0.0070628742687404,-0.0036032074131071,0.0241151880472898,-0.004305197391659,0.0037269392050802,0.0614369660615921,0.0038818488828837,-0.0467086248099803,0.0702757313847541,-0.0525109134614467,0.0097392229363322,-0.0029721322935074,-0.0230242628604173,-0.0369880348443985,-0.0046178488992154,0.0062028970569372,0.0033595089334994,-0.033404741436243,-0.0322066396474838,-0.0404766276478767,0.0090609425678849,-0.0362376607954502,-0.0128979738801717,0.0027799720410257,0.0241481829434633,-0.0123553844168782,-0.0103359073400497,0.0216389875859022,-0.0021213651634752,-0.0390835367143154,0.0080130472779273,0.0152462627738714,0.0077871438115835,-0.0430228076875209,-0.0115904286503791,0.0486465208232402,0.0047230795025825,-0.0079782027751207,0.0735938549041748,0.0052816993556916,-0.0117772361263632,0.0219911728054285,0.0077922409400343,0.0056292475201189,-0.0312310121953487,0.0101543460041284,-0.0098591716960072,0.0081900395452976,-0.0197565983980894,0.0297280177474021,0.0098355468362569,-0.0133139044046402,-0.0424716547131538,-0.0211769677698612,0.0005002297693863,0.0107017997652292,0.0096508022397756,0.0293686185032129,0.0268467922356083,0.0344955325607529,0.026495845456079,0.0625237431470058,0.0426389959604849,0.058712489451272,0.0445691696726286,0.057714096445425,0.0259694582206528,0.3358742861860917,0.0528162571869528,0.1541469791856273,2019-02-19,2019-02-20,2019-02-21,2019-02-22,2019-02-25,2019-02-26,2019-02-27,2019-02-28,2019-03-01,2019-03-04,89971.0,2019-02-15,252.0,1.6227%,0.0,1.1266,1.5188,0.1857,2.0998%,2.5342%,31.3449%,-0.0014149999999999,TPX,89971.0,2019-02-19,252.0,0.9651%,0.0001,1.1293,1.5172,0.1836,2.0994%,2.5348%,31.4046%,0.002449,TPX,89971.0,2019-02-20,252.0,1.7032%,0.0003,1.136,1.5502,0.2124,2.0841%,2.5271%,31.9846%,0.010438,TPX,89971.0,2019-02-21,252.0,-0.0342%,0.0003,1.1368,1.5529,0.2138,2.0841%,2.5266%,31.9603%,0.0053349999999999,TPX,89971.0,2019-02-22,252.0,-0.4444%,0.0002,1.1401,1.5306,0.2323,2.0852%,2.5233%,31.7090%,-0.017332,TPX,89971.0,2019-02-25,252.0,2.0261%,0.0006,1.1296,1.5091,0.1824,2.0139%,2.4633%,33.1566%,0.0228489999999999,TPX,89971.0,2019-02-26,252.0,-1.3800%,0.0005,1.1232,1.5187,0.1825,2.0127%,2.4609%,33.1112%,-0.001832,TPX,89971.0,2019-02-27,252.0,-0.4607%,0.0005,1.1249,1.513,0.1827,2.0133%,2.4611%,33.0845%,-0.008385,TPX,89971.0,2019-02-28,252.0,-0.2057%,0.0005,1.1199,1.5097,0.1789,2.0125%,2.4558%,32.8418%,0.001484,TPX,89971.0,2019-03-01,252.0,0.6185%,0.0005,1.1222,1.5131,0.1853,2.0125%,2.4545%,32.7694%,-0.005631,TPX,89971.0,2019-03-04,252.0,1.6391%,0.0007,1.1113,1.5251,0.1937,2.0170%,2.4546%,32.4766%,0.027466,TPX,0.001034,0.011472,0.016807,0.022324,0.035426
31043,TRUECAR INC,"UPDATE: RBC Downgrades TrueCar And Lowers Price Target From $12 To $9 As Firm Notes 'Fundamentals weakened in Q4, and we believe will continue to do so for most of 2019'",6,decrease,0.85,0.7,"the downgrade and lowered price target indicate a negative outlook on truecar's fundamentals, likely leading to a decrease in stock price.",0,2019-02-15,TRUE,2019-02-15 16:06:00+00:00,14677.0,89785L10,-0.248046875,8437331.0,-0.0038960692472755,0.0178925786167383,0.0560626201331615,-0.0029732142575085,-0.0641975849866867,0.0212550647556781,0.0158311203122139,-0.0020201520528644,-0.0129870008677244,0.0040567913092672,-0.0118420626968145,-0.021825423464179,-0.0199733804911375,0.0100200790911912,-0.0163043960928916,0.0235896967351436,0.0165746361017227,0.0220125820487737,-0.0013587267603725,0.0170575529336929,-0.0081632575020194,0.0140540665015578,-0.0246913339942693,-0.0043057007715106,-0.0154711855575442,-0.0064171571284532,-0.0028571400325745,-0.0053190682083368,0.0114613072946667,0.0129310227930545,0.0028328585904091,0.0,-0.0268361661583185,-0.0127659458667039,-0.0145137747749686,-0.024896340444684,0.020618537440896,0.0083681922405958,-0.0129869664087891,0.0116402767598629,-0.0116958953440189,-0.0083945356309413,-0.0073964777402579,0.0116772456094622,0.00894186925143,-0.0136125767603516,-0.0369276218116283,-0.0083073647692799,-0.0199386682361364,0.0052192267030477,0.0031298876274377,0.0084210447967052,0.0078003420494496,0.0259179007261991,0.0015479492722079,0.0087145883589982,0.0262751281261444,0.0177383422851562,-0.0045180320739746,-0.0216919519007206,-0.0015128939412534,0.0176600273698568,-0.0030303001403808,-0.0226537249982357,0.0075988131575286,0.0209251698106527,0.004524846561253,0.0133928442373871,-0.0075074648484587,0.0653983578085899,-0.0166414715349674,0.0169285833835601,0.0046154167503118,-0.0861878171563148,-0.0153139932081103,-0.0173724051564931,0.0015552456025034,-0.0139186419546604,-0.0170807652175426,-0.015806071460247,-0.0078988494351506,-0.0316326953470706,0.003184710163623,-0.0010193912312388,-0.0079365381971001,-0.0248508937656879,-0.0080000301823019,0.0286299269646406,-0.0209676846861839,0.0020491294562816,-0.008237263187766,0.0020534351933747,0.0033222560305148,-0.048828125,0.0165562760084867,0.0417090393602848,0.0423453152179718,-0.0296150241047143,0.0062499940395355,-0.0268971882760524,0.0,-0.0169971957802772,0.0326087027788162,-0.0102803418412804,0.0511277690529823,0.0122989704832434,0.0057225236669182,-0.0075117303058505,-0.009957349859178,0.0430949628353118,0.0,0.0009804145665839,0.035919539630413,0.0,-0.1456310898065567,-0.0077820941805839,0.0600649937987327,-0.0392523445188999,0.0137824919074773,0.0075329495593905,-0.0038960692472755,0.0178925786167383,0.0519481270356634,0.0148661658893829,-0.0155844022512944,0.0364372119637086,-0.0129870013475259,0.03853956672593,-0.0454545336102689,0.0916843971720136,-0.141558401245476,0.1106290115796972,-0.140259728240726,-0.0357815585826521,2019-02-19,2019-02-20,2019-02-21,2019-02-22,2019-02-25,2019-02-26,2019-02-27,2019-02-28,2019-03-01,2019-03-04,14677.0,2019-02-15,252.0,-24.8047%,-0.0017,0.5381,0.4407,-0.9337,2.8341%,3.0164%,11.7199%,-0.254982,TRUE,14677.0,2019-02-19,252.0,-0.3896%,-0.0019,0.5225,0.4611,-0.9095,2.8174%,2.9927%,11.3740%,-0.003496,TRUE,14677.0,2019-02-20,252.0,5.6063%,-0.0014,0.545,0.5374,-0.8224,2.8173%,2.9902%,11.2332%,0.058958,TRUE,14677.0,2019-02-21,252.0,-6.4198%,-0.0018,0.5783,0.5915,-0.7609,2.8250%,3.0012%,11.3962%,-0.0637969999999999,TRUE,14677.0,2019-02-22,252.0,1.5831%,-0.0016,0.5756,0.6628,-0.7273,2.8052%,2.9846%,11.6628%,-0.002466,TRUE,14677.0,2019-02-25,252.0,-1.2987%,-0.0017,0.5782,0.6712,-0.7133,2.8028%,2.9816%,11.6295%,-0.013536,TRUE,14677.0,2019-02-26,252.0,-1.1842%,-0.0017,0.5811,0.6787,-0.7074,2.8032%,2.9822%,11.6446%,-0.009075,TRUE,14677.0,2019-02-27,252.0,-1.9973%,-0.0018,0.5776,0.6788,-0.708,2.8059%,2.9839%,11.5694%,-0.022735,TRUE,14677.0,2019-02-28,252.0,-1.6304%,-0.0018,0.5684,0.672,-0.7113,2.8038%,2.9786%,11.3911%,-0.01652,TRUE,14677.0,2019-03-01,252.0,1.6575%,-0.0018,0.5751,0.6821,-0.7052,2.8040%,2.9807%,11.5043%,0.007598,TRUE,14677.0,2019-03-04,252.0,-0.1359%,-0.0017,0.5684,0.6963,-0.7017,2.8035%,2.9797%,11.4741%,0.0070209999999999,TRUE,-0.258478,-0.1995199999999999,-0.2633169999999999,-0.279319,-0.31303
31051,TRUECAR INC,TrueCar shares are trading lower after the company reported worse than expected Q4 earnings results and said it expects 2019 revenue of $371 million to $378 million versus the $410 million estimate.,6,decrease,0.9,0.8,"the worse than expected q4 earnings and lower revenue guidance for 2019 are likely to negatively impact investor sentiment, leading to a decrease in truecar's stock price.",0,2019-02-15,TRUE,2019-02-15 13:36:00+00:00,14677.0,89785L10,-0.248046875,8437331.0,-0.0038960692472755,0.0178925786167383,0.0560626201331615,-0.0029732142575085,-0.0641975849866867,0.0212550647556781,0.0158311203122139,-0.0020201520528644,-0.0129870008677244,0.0040567913092672,-0.0118420626968145,-0.021825423464179,-0.0199733804911375,0.0100200790911912,-0.0163043960928916,0.0235896967351436,0.0165746361017227,0.0220125820487737,-0.0013587267603725,0.0170575529336929,-0.0081632575020194,0.0140540665015578,-0.0246913339942693,-0.0043057007715106,-0.0154711855575442,-0.0064171571284532,-0.0028571400325745,-0.0053190682083368,0.0114613072946667,0.0129310227930545,0.0028328585904091,0.0,-0.0268361661583185,-0.0127659458667039,-0.0145137747749686,-0.024896340444684,0.020618537440896,0.0083681922405958,-0.0129869664087891,0.0116402767598629,-0.0116958953440189,-0.0083945356309413,-0.0073964777402579,0.0116772456094622,0.00894186925143,-0.0136125767603516,-0.0369276218116283,-0.0083073647692799,-0.0199386682361364,0.0052192267030477,0.0031298876274377,0.0084210447967052,0.0078003420494496,0.0259179007261991,0.0015479492722079,0.0087145883589982,0.0262751281261444,0.0177383422851562,-0.0045180320739746,-0.0216919519007206,-0.0015128939412534,0.0176600273698568,-0.0030303001403808,-0.0226537249982357,0.0075988131575286,0.0209251698106527,0.004524846561253,0.0133928442373871,-0.0075074648484587,0.0653983578085899,-0.0166414715349674,0.0169285833835601,0.0046154167503118,-0.0861878171563148,-0.0153139932081103,-0.0173724051564931,0.0015552456025034,-0.0139186419546604,-0.0170807652175426,-0.015806071460247,-0.0078988494351506,-0.0316326953470706,0.003184710163623,-0.0010193912312388,-0.0079365381971001,-0.0248508937656879,-0.0080000301823019,0.0286299269646406,-0.0209676846861839,0.0020491294562816,-0.008237263187766,0.0020534351933747,0.0033222560305148,-0.048828125,0.0165562760084867,0.0417090393602848,0.0423453152179718,-0.0296150241047143,0.0062499940395355,-0.0268971882760524,0.0,-0.0169971957802772,0.0326087027788162,-0.0102803418412804,0.0511277690529823,0.0122989704832434,0.0057225236669182,-0.0075117303058505,-0.009957349859178,0.0430949628353118,0.0,0.0009804145665839,0.035919539630413,0.0,-0.1456310898065567,-0.0077820941805839,0.0600649937987327,-0.0392523445188999,0.0137824919074773,0.0075329495593905,-0.0038960692472755,0.0178925786167383,0.0519481270356634,0.0148661658893829,-0.0155844022512944,0.0364372119637086,-0.0129870013475259,0.03853956672593,-0.0454545336102689,0.0916843971720136,-0.141558401245476,0.1106290115796972,-0.140259728240726,-0.0357815585826521,2019-02-19,2019-02-20,2019-02-21,2019-02-22,2019-02-25,2019-02-26,2019-02-27,2019-02-28,2019-03-01,2019-03-04,14677.0,2019-02-15,252.0,-24.8047%,-0.0017,0.5381,0.4407,-0.9337,2.8341%,3.0164%,11.7199%,-0.254982,TRUE,14677.0,2019-02-19,252.0,-0.3896%,-0.0019,0.5225,0.4611,-0.9095,2.8174%,2.9927%,11.3740%,-0.003496,TRUE,14677.0,2019-02-20,252.0,5.6063%,-0.0014,0.545,0.5374,-0.8224,2.8173%,2.9902%,11.2332%,0.058958,TRUE,14677.0,2019-02-21,252.0,-6.4198%,-0.0018,0.5783,0.5915,-0.7609,2.8250%,3.0012%,11.3962%,-0.0637969999999999,TRUE,14677.0,2019-02-22,252.0,1.5831%,-0.0016,0.5756,0.6628,-0.7273,2.8052%,2.9846%,11.6628%,-0.002466,TRUE,14677.0,2019-02-25,252.0,-1.2987%,-0.0017,0.5782,0.6712,-0.7133,2.8028%,2.9816%,11.6295%,-0.013536,TRUE,14677.0,2019-02-26,252.0,-1.1842%,-0.0017,0.5811,0.6787,-0.7074,2.8032%,2.9822%,11.6446%,-0.009075,TRUE,14677.0,2019-02-27,252.0,-1.9973%,-0.0018,0.5776,0.6788,-0.708,2.8059%,2.9839%,11.5694%,-0.022735,TRUE,14677.0,2019-02-28,252.0,-1.6304%,-0.0018,0.5684,0.672,-0.7113,2.8038%,2.9786%,11.3911%,-0.01652,TRUE,14677.0,2019-03-01,252.0,1.6575%,-0.0018,0.5751,0.6821,-0.7052,2.8040%,2.9807%,11.5043%,0.007598,TRUE,14677.0,2019-03-04,252.0,-0.1359%,-0.0017,0.5684,0.6963,-0.7017,2.8035%,2.9797%,11.4741%,0.0070209999999999,TRUE,-0.258478,-0.1995199999999999,-0.2633169999999999,-0.279319,-0.31303
31059,TRUECAR INC,"B. Riley FBR Downgrades TrueCar to Neutral, Lowers Price Target to $9.50",6,decrease,0.8,0.7,"a downgrade to 'neutral' and a lowered price target typically signal reduced investor confidence, which is likely to lead to a decrease in stock price.",0,2019-02-15,TRUE,2019-02-15 12:48:00+00:00,14677.0,89785L10,-0.248046875,8437331.0,-0.0038960692472755,0.0178925786167383,0.0560626201331615,-0.0029732142575085,-0.0641975849866867,0.0212550647556781,0.0158311203122139,-0.0020201520528644,-0.0129870008677244,0.0040567913092672,-0.0118420626968145,-0.021825423464179,-0.0199733804911375,0.0100200790911912,-0.0163043960928916,0.0235896967351436,0.0165746361017227,0.0220125820487737,-0.0013587267603725,0.0170575529336929,-0.0081632575020194,0.0140540665015578,-0.0246913339942693,-0.0043057007715106,-0.0154711855575442,-0.0064171571284532,-0.0028571400325745,-0.0053190682083368,0.0114613072946667,0.0129310227930545,0.0028328585904091,0.0,-0.0268361661583185,-0.0127659458667039,-0.0145137747749686,-0.024896340444684,0.020618537440896,0.0083681922405958,-0.0129869664087891,0.0116402767598629,-0.0116958953440189,-0.0083945356309413,-0.0073964777402579,0.0116772456094622,0.00894186925143,-0.0136125767603516,-0.0369276218116283,-0.0083073647692799,-0.0199386682361364,0.0052192267030477,0.0031298876274377,0.0084210447967052,0.0078003420494496,0.0259179007261991,0.0015479492722079,0.0087145883589982,0.0262751281261444,0.0177383422851562,-0.0045180320739746,-0.0216919519007206,-0.0015128939412534,0.0176600273698568,-0.0030303001403808,-0.0226537249982357,0.0075988131575286,0.0209251698106527,0.004524846561253,0.0133928442373871,-0.0075074648484587,0.0653983578085899,-0.0166414715349674,0.0169285833835601,0.0046154167503118,-0.0861878171563148,-0.0153139932081103,-0.0173724051564931,0.0015552456025034,-0.0139186419546604,-0.0170807652175426,-0.015806071460247,-0.0078988494351506,-0.0316326953470706,0.003184710163623,-0.0010193912312388,-0.0079365381971001,-0.0248508937656879,-0.0080000301823019,0.0286299269646406,-0.0209676846861839,0.0020491294562816,-0.008237263187766,0.0020534351933747,0.0033222560305148,-0.048828125,0.0165562760084867,0.0417090393602848,0.0423453152179718,-0.0296150241047143,0.0062499940395355,-0.0268971882760524,0.0,-0.0169971957802772,0.0326087027788162,-0.0102803418412804,0.0511277690529823,0.0122989704832434,0.0057225236669182,-0.0075117303058505,-0.009957349859178,0.0430949628353118,0.0,0.0009804145665839,0.035919539630413,0.0,-0.1456310898065567,-0.0077820941805839,0.0600649937987327,-0.0392523445188999,0.0137824919074773,0.0075329495593905,-0.0038960692472755,0.0178925786167383,0.0519481270356634,0.0148661658893829,-0.0155844022512944,0.0364372119637086,-0.0129870013475259,0.03853956672593,-0.0454545336102689,0.0916843971720136,-0.141558401245476,0.1106290115796972,-0.140259728240726,-0.0357815585826521,2019-02-19,2019-02-20,2019-02-21,2019-02-22,2019-02-25,2019-02-26,2019-02-27,2019-02-28,2019-03-01,2019-03-04,14677.0,2019-02-15,252.0,-24.8047%,-0.0017,0.5381,0.4407,-0.9337,2.8341%,3.0164%,11.7199%,-0.254982,TRUE,14677.0,2019-02-19,252.0,-0.3896%,-0.0019,0.5225,0.4611,-0.9095,2.8174%,2.9927%,11.3740%,-0.003496,TRUE,14677.0,2019-02-20,252.0,5.6063%,-0.0014,0.545,0.5374,-0.8224,2.8173%,2.9902%,11.2332%,0.058958,TRUE,14677.0,2019-02-21,252.0,-6.4198%,-0.0018,0.5783,0.5915,-0.7609,2.8250%,3.0012%,11.3962%,-0.0637969999999999,TRUE,14677.0,2019-02-22,252.0,1.5831%,-0.0016,0.5756,0.6628,-0.7273,2.8052%,2.9846%,11.6628%,-0.002466,TRUE,14677.0,2019-02-25,252.0,-1.2987%,-0.0017,0.5782,0.6712,-0.7133,2.8028%,2.9816%,11.6295%,-0.013536,TRUE,14677.0,2019-02-26,252.0,-1.1842%,-0.0017,0.5811,0.6787,-0.7074,2.8032%,2.9822%,11.6446%,-0.009075,TRUE,14677.0,2019-02-27,252.0,-1.9973%,-0.0018,0.5776,0.6788,-0.708,2.8059%,2.9839%,11.5694%,-0.022735,TRUE,14677.0,2019-02-28,252.0,-1.6304%,-0.0018,0.5684,0.672,-0.7113,2.8038%,2.9786%,11.3911%,-0.01652,TRUE,14677.0,2019-03-01,252.0,1.6575%,-0.0018,0.5751,0.6821,-0.7052,2.8040%,2.9807%,11.5043%,0.007598,TRUE,14677.0,2019-03-04,252.0,-0.1359%,-0.0017,0.5684,0.6963,-0.7017,2.8035%,2.9797%,11.4741%,0.0070209999999999,TRUE,-0.258478,-0.1995199999999999,-0.2633169999999999,-0.279319,-0.31303
31067,TRUECAR INC,RBC Capital Downgrades TrueCar to Sector Perform,6,decrease,0.8,0.7,"a downgrade from rbc capital typically signals reduced expectations for the company's performance, which can lead to a decline in stock price.",0,2019-02-15,TRUE,2019-02-15 11:59:00+00:00,14677.0,89785L10,-0.248046875,8437331.0,-0.0038960692472755,0.0178925786167383,0.0560626201331615,-0.0029732142575085,-0.0641975849866867,0.0212550647556781,0.0158311203122139,-0.0020201520528644,-0.0129870008677244,0.0040567913092672,-0.0118420626968145,-0.021825423464179,-0.0199733804911375,0.0100200790911912,-0.0163043960928916,0.0235896967351436,0.0165746361017227,0.0220125820487737,-0.0013587267603725,0.0170575529336929,-0.0081632575020194,0.0140540665015578,-0.0246913339942693,-0.0043057007715106,-0.0154711855575442,-0.0064171571284532,-0.0028571400325745,-0.0053190682083368,0.0114613072946667,0.0129310227930545,0.0028328585904091,0.0,-0.0268361661583185,-0.0127659458667039,-0.0145137747749686,-0.024896340444684,0.020618537440896,0.0083681922405958,-0.0129869664087891,0.0116402767598629,-0.0116958953440189,-0.0083945356309413,-0.0073964777402579,0.0116772456094622,0.00894186925143,-0.0136125767603516,-0.0369276218116283,-0.0083073647692799,-0.0199386682361364,0.0052192267030477,0.0031298876274377,0.0084210447967052,0.0078003420494496,0.0259179007261991,0.0015479492722079,0.0087145883589982,0.0262751281261444,0.0177383422851562,-0.0045180320739746,-0.0216919519007206,-0.0015128939412534,0.0176600273698568,-0.0030303001403808,-0.0226537249982357,0.0075988131575286,0.0209251698106527,0.004524846561253,0.0133928442373871,-0.0075074648484587,0.0653983578085899,-0.0166414715349674,0.0169285833835601,0.0046154167503118,-0.0861878171563148,-0.0153139932081103,-0.0173724051564931,0.0015552456025034,-0.0139186419546604,-0.0170807652175426,-0.015806071460247,-0.0078988494351506,-0.0316326953470706,0.003184710163623,-0.0010193912312388,-0.0079365381971001,-0.0248508937656879,-0.0080000301823019,0.0286299269646406,-0.0209676846861839,0.0020491294562816,-0.008237263187766,0.0020534351933747,0.0033222560305148,-0.048828125,0.0165562760084867,0.0417090393602848,0.0423453152179718,-0.0296150241047143,0.0062499940395355,-0.0268971882760524,0.0,-0.0169971957802772,0.0326087027788162,-0.0102803418412804,0.0511277690529823,0.0122989704832434,0.0057225236669182,-0.0075117303058505,-0.009957349859178,0.0430949628353118,0.0,0.0009804145665839,0.035919539630413,0.0,-0.1456310898065567,-0.0077820941805839,0.0600649937987327,-0.0392523445188999,0.0137824919074773,0.0075329495593905,-0.0038960692472755,0.0178925786167383,0.0519481270356634,0.0148661658893829,-0.0155844022512944,0.0364372119637086,-0.0129870013475259,0.03853956672593,-0.0454545336102689,0.0916843971720136,-0.141558401245476,0.1106290115796972,-0.140259728240726,-0.0357815585826521,2019-02-19,2019-02-20,2019-02-21,2019-02-22,2019-02-25,2019-02-26,2019-02-27,2019-02-28,2019-03-01,2019-03-04,14677.0,2019-02-15,252.0,-24.8047%,-0.0017,0.5381,0.4407,-0.9337,2.8341%,3.0164%,11.7199%,-0.254982,TRUE,14677.0,2019-02-19,252.0,-0.3896%,-0.0019,0.5225,0.4611,-0.9095,2.8174%,2.9927%,11.3740%,-0.003496,TRUE,14677.0,2019-02-20,252.0,5.6063%,-0.0014,0.545,0.5374,-0.8224,2.8173%,2.9902%,11.2332%,0.058958,TRUE,14677.0,2019-02-21,252.0,-6.4198%,-0.0018,0.5783,0.5915,-0.7609,2.8250%,3.0012%,11.3962%,-0.0637969999999999,TRUE,14677.0,2019-02-22,252.0,1.5831%,-0.0016,0.5756,0.6628,-0.7273,2.8052%,2.9846%,11.6628%,-0.002466,TRUE,14677.0,2019-02-25,252.0,-1.2987%,-0.0017,0.5782,0.6712,-0.7133,2.8028%,2.9816%,11.6295%,-0.013536,TRUE,14677.0,2019-02-26,252.0,-1.1842%,-0.0017,0.5811,0.6787,-0.7074,2.8032%,2.9822%,11.6446%,-0.009075,TRUE,14677.0,2019-02-27,252.0,-1.9973%,-0.0018,0.5776,0.6788,-0.708,2.8059%,2.9839%,11.5694%,-0.022735,TRUE,14677.0,2019-02-28,252.0,-1.6304%,-0.0018,0.5684,0.672,-0.7113,2.8038%,2.9786%,11.3911%,-0.01652,TRUE,14677.0,2019-03-01,252.0,1.6575%,-0.0018,0.5751,0.6821,-0.7052,2.8040%,2.9807%,11.5043%,0.007598,TRUE,14677.0,2019-03-04,252.0,-0.1359%,-0.0017,0.5684,0.6963,-0.7017,2.8035%,2.9797%,11.4741%,0.0070209999999999,TRUE,-0.258478,-0.1995199999999999,-0.2633169999999999,-0.279319,-0.31303
31075,TORO CO,Toro Reports Purchase Of The Charles Machine Works For $700M In Cash,6,increase,0.8,0.6,"the acquisition of the charles machine works for $700m in cash is likely to be viewed positively by investors, as it suggests growth and expansion potential for toro co.",2,2019-02-15,TTC,2019-02-15 13:04:00+00:00,60580.0,89109210,0.0294496603310108,704391.0,-0.0070345592685043,0.0038771866820752,0.009288415312767,0.0016181600512936,0.0695679187774658,0.0141122518107295,-0.0011667177313938,-0.0034342256840318,0.0016060828929767,0.0060875741764903,0.0018951148958876,0.0076259793713688,0.0026189479976892,0.0051658288575708,-0.0047888811677694,0.0021709627471864,-0.0001458462502341,0.0060483971610665,0.0021875677630305,0.0003361421404406,0.0,-0.0010074105812236,-0.015424876473844,0.0026936000213027,-0.0048773544840514,0.0107197733595967,-0.0028219581581652,-0.0072635184042155,0.0065535069443285,-0.0080428877845406,0.0014797050971537,0.0021830573678016,-0.0022163346875458,0.0018506159540265,-0.0020731436088681,-0.0131164025515317,0.0053420481272041,0.0120988273993134,0.0087084332481026,0.0127637851983308,-0.0030728576239198,-0.0013596503995358,0.0019081885693594,-0.002542829606682,0.0098153846338391,0.0003391632635612,-0.0182794444262981,0.0114923156797885,0.0060588689520955,0.0051724007353186,0.0058754631318151,-0.0027510290965437,-0.0046728923916816,0.0153631474822759,0.0118837663903832,0.0132672917097806,0.0013773395912721,0.0347793810069561,0.0049390466883778,-0.0114006018266081,-0.0023128599859774,-0.0110952528193593,0.0076790270395576,0.0073913796804845,0.0033069117926061,-0.0026968305464833,0.0074520534835755,0.0079738786444067,0.0088192755356431,0.0366334915161132,-0.0122672747820615,-0.0197053346782922,0.0102782808244228,-0.0171945840120315,0.0104564866051077,-0.0079008555039763,0.0128653077408671,-0.01817387342453,0.0034516083542257,0.008321551606059,0.0042652389965951,-0.0216525197029113,-0.00027396416408,-0.0068811546079814,0.0145264836028218,-0.0064945695921778,-0.001620898488909,0.0112339733168482,0.0139358509331941,-0.0031013146508485,-0.0152121614664793,-0.0083717387169599,-0.0119241848587989,0.0065347761847078,0.0027427945751696,-0.0240013469010591,0.003419036976993,-0.03841183334589,-0.0029985173605382,-0.0004839908506255,-0.0060150707140564,0.0091160889714956,0.010177387855947,-0.0075929113663733,0.0176991578191518,0.0187623966485261,-0.0042809322476387,-0.0054018958471715,-0.0131667787209153,0.0127652594819665,-0.0040843491442501,-0.0028104146476835,-0.0015037676785141,0.0038168497849255,-0.0001369405217701,-0.0132634909823536,-0.0254689939320087,-0.0110121509060263,0.0147534506395459,0.0114660244435071,-0.0070345592685043,0.0038771866820752,0.0021885161362344,0.0055016206419693,0.0719086854265089,0.0196915127085655,0.0723776361681354,0.0223757918701885,0.0742535584393417,0.0443697372661351,0.0849790619781143,0.1245023735431685,0.132656677498107,0.0219665789257625,2019-02-19,2019-02-20,2019-02-21,2019-02-22,2019-02-25,2019-02-26,2019-02-27,2019-02-28,2019-03-01,2019-03-04,60580.0,2019-02-15,252.0,2.9450%,0.0002,0.8871,0.3322,0.4312,0.9880%,1.3217%,44.1129%,0.01655,TTC,60580.0,2019-02-19,252.0,-0.7035%,0.0002,0.8879,0.3209,0.4184,0.9885%,1.3224%,44.1179%,-0.0110769999999999,TTC,60580.0,2019-02-20,252.0,0.9288%,0.0001,0.8882,0.3168,0.418,0.9867%,1.3212%,44.2267%,0.004494,TTC,60580.0,2019-02-21,252.0,6.9568%,0.0005,0.8661,0.2881,0.3769,1.0868%,1.3848%,38.4091%,0.073937,TTC,60580.0,2019-02-22,252.0,-0.1167%,0.0004,0.867,0.2751,0.3766,1.0855%,1.3838%,38.4691%,-0.00294,TTC,60580.0,2019-02-25,252.0,0.1606%,0.0004,0.8673,0.2748,0.3775,1.0854%,1.3838%,38.4785%,0.001599,TTC,60580.0,2019-02-26,252.0,0.1895%,0.0004,0.8599,0.274,0.3715,1.0840%,1.3768%,38.0067%,0.006187,TTC,60580.0,2019-02-27,252.0,0.2619%,0.0004,0.8592,0.2756,0.3714,1.0840%,1.3755%,37.8941%,0.00167,TTC,60580.0,2019-02-28,252.0,-0.4789%,0.0004,0.8645,0.2792,0.3757,1.0824%,1.3758%,38.1032%,-0.001352,TTC,60580.0,2019-03-01,252.0,-0.0146%,0.0003,0.863,0.2769,0.3761,1.0831%,1.3736%,37.8252%,-0.005768,TTC,60580.0,2019-03-04,252.0,0.2188%,0.0004,0.8547,0.2989,0.3794,1.0790%,1.3656%,37.5724%,0.006226,TTC,0.005473,0.009967,0.083904,0.082563,0.089526
31083,WORKDAY INC,"Cowen & Co. Upgrades Workday to Outperform, Raises Price Target to $225",6,increase,0.8,0.7,the upgrade to 'outperform' and the raised price target typically signal positive sentiment and potential for stock price appreciation.,2,2019-02-15,WDAY,2019-02-15 12:15:00+00:00,13628.0,98138H10,0.0119338072836399,1714616.0,0.0102207260206341,0.0042076874524354,-0.0212203562259674,-0.0093394061550498,0.0043467124924063,-0.0040987851098179,0.0276032909750938,0.0046987980604171,0.0078582372516393,0.0150045715272426,-0.005656630732119,-0.0099214510992169,0.0119413789361715,-0.0042791357263922,0.0024309735745191,0.0134382406249642,-0.0444096066057682,0.0038697260897606,-0.0524479113519191,0.0249545462429523,0.0152885029092431,0.0516162887215614,0.002582908142358,0.0355749763548374,-0.0037274172063916,-0.033681146800518,-0.0007702854927629,-0.0175418723374605,0.021419521421194,0.025584140792489,0.0099191181361675,-0.0026797547470778,-0.0062986691482365,0.0052116843871772,0.0047270604409277,-0.0076127238571643,-0.0018712086603045,0.0330171696841716,0.0043922653421759,0.0074997311457991,0.02143887989223,0.005289688706398,0.0061609563417732,0.0069797304458916,0.0252711065113544,-0.02466263435781,-0.0328980647027492,-0.0029768990352749,-0.001988721312955,0.0107113616541028,0.0101730599999427,-0.0046121850609779,-0.0153654832392931,0.0211008992046117,0.0027414818760007,0.0009182362700812,0.0139327505603432,0.0605765581130981,-0.0005185693735256,-0.0358081944286823,0.0053437030874192,0.000375831790734,-0.0014449312584474,0.0007520376238971,-0.041498702019453,0.0067511643283069,0.0044211572967469,0.0304272025823593,0.0044017788022756,0.0800505131483078,0.0197210330516099,-0.0173876285552978,0.0225367024540901,-0.046889416873455,0.0039466377347707,-0.0233155936002731,-0.0006126263178884,-0.000128471336211,-0.0145082827657461,0.0126821817830205,0.0149291874840855,-0.0510399565100669,-0.0243627820163965,-0.0159125123172998,-0.0166998337954282,-0.0052562248893082,0.0081988675519824,0.0158340595662593,0.0307863019406795,0.0204158946871757,0.00087089225417,-0.0046749361790716,0.0176588650792837,-0.0457979664206504,0.0281158648431301,0.0188462045043706,0.000489168043714,-0.0165673345327377,0.0054765557870268,0.0231707505881786,-0.021640870720148,0.1286992132663727,-0.0125757968053221,-0.0036343603860586,0.0225018952041864,0.0510270409286022,-0.0006892447709105,-0.0105540594086051,-0.021874088793993,0.0367440581321716,-0.0081595405936241,0.016228312626481,0.0174182821065187,0.0496018342673778,0.0158721860498189,0.0220842901617288,-0.0464304871857166,-0.0756909474730491,0.0370980873703956,-0.0143192615360021,0.0102207260206341,0.0042076874524354,-0.011216517652379,-0.0051710160047061,-0.0069185601373735,-0.0092486062311214,0.0285130378560842,0.0103423860427238,-0.0606425506048814,0.0386161770645445,0.0102731136580431,0.1802928923296758,0.0549819529061945,0.3844911446976409,2019-02-19,2019-02-20,2019-02-21,2019-02-22,2019-02-25,2019-02-26,2019-02-27,2019-02-28,2019-03-01,2019-03-04,13628.0,2019-02-15,252.0,1.1934%,0.0011,1.1873,0.2602,-1.6295,1.6282%,2.5247%,58.4122%,0.005251,WDAY,13628.0,2019-02-19,252.0,1.0221%,0.0011,1.1881,0.2689,-1.6199,1.6294%,2.5192%,58.1665%,0.011999,WDAY,13628.0,2019-02-20,252.0,-2.1220%,0.0011,1.1838,0.2603,-1.635,1.6325%,2.5233%,58.1401%,-0.01526,WDAY,13628.0,2019-02-21,252.0,0.4347%,0.001,1.1899,0.2736,-1.6239,1.6281%,2.5217%,58.3167%,0.005048,WDAY,13628.0,2019-02-22,252.0,2.7603%,0.001,1.191,0.2683,-1.6155,1.6285%,2.5267%,58.4598%,-0.005607,WDAY,13628.0,2019-02-25,252.0,0.7858%,0.0011,1.1889,0.2647,-1.6253,1.6245%,2.5257%,58.6343%,0.003761,WDAY,13628.0,2019-02-26,252.0,-0.5657%,0.001,1.1888,0.2767,-1.6193,1.6252%,2.5224%,58.4871%,-0.0075239999999999,WDAY,13628.0,2019-02-27,252.0,1.1941%,0.0011,1.1936,0.2703,-1.6185,1.6245%,2.5232%,58.5476%,0.008302,WDAY,13628.0,2019-02-28,252.0,0.2431%,0.001,1.2031,0.2769,-1.6118,1.6205%,2.5232%,58.7515%,0.001931,WDAY,13628.0,2019-03-01,252.0,-4.4410%,0.0008,1.1879,0.2542,-1.6069,1.6658%,2.5386%,56.9420%,-0.060412,WDAY,13628.0,2019-03-04,252.0,-5.2448%,0.0007,1.1876,0.2913,-1.615,1.6831%,2.5574%,56.6884%,-0.039077,WDAY,0.01725,0.00199,0.007038,0.005192,-0.091588
31091,WENDYS CO,Wendy's Raises Qtr. Dividend From $0.085 To $0.10/Share,6,increase,0.8,0.6,"raising the quarterly dividend typically signals financial strength and can attract investors, likely leading to an increase in stock price.",2,2019-02-15,WEN,2019-02-15 13:05:00+00:00,19828.0,95058W10,0.0055866134352982,5701791.0,-0.0061111450195312,0.0112993698567152,-0.0122973350808024,-0.0005645579658448,0.0056593311019241,0.0033994033001363,-0.0028137953486293,-0.005073289386928,-0.0389389768242836,0.001693997066468,0.0052848001942038,0.0045377155765891,0.0151868173852562,0.0039863153360784,0.0028769141063094,0.0057273991405963,-0.0028851262759417,0.01041657384485,0.0,-0.0023094115313142,0.0023147573228925,-0.0011534289224073,-0.0363740846514701,0.0134424036368727,-0.0143798543140292,-0.017795605584979,0.0322187691926956,0.0181180275976657,-0.0212013367563486,-0.0149683486670255,-0.0096270609647035,0.0181712415069341,0.013973357155919,0.0209455657750368,0.0065906951203942,0.0170419216156005,-0.0101190526038408,0.0079755261540412,0.0054119154810905,-0.0079124206677079,-0.0101674692705273,0.0018293102039024,-0.0145014971494674,-0.0018259698990732,0.0214592516422271,-0.0054479511454701,-0.0114045944064855,0.0036452841013669,0.0279296301305294,0.0042708786204457,0.0029532921034842,0.0049049616791307,0.0188456829637289,0.0092821549624204,0.0219653807580471,0.0157133881002664,0.0118777761235833,0.0224935356527566,-0.0039127836935222,-0.0051150843501091,0.0072952341288328,0.001921889022924,0.0016712411306798,-0.0012796197552233,0.0122358854860067,0.0103425886482,0.0027472106739878,-0.0038634557276964,-0.0120547572150826,0.0353333167731761,-0.0022185754496604,-0.0439770296216011,0.0,-0.0094697326421737,0.0222345534712076,-0.0323763377964496,0.0027189312968403,-0.0084796724840998,0.0070498459972441,0.0067073544487357,0.0032309889793396,-0.0185517352074384,0.0085883932188153,-0.0222352873533964,0.0058541083708405,0.003523162798956,-0.0111110629513859,0.0029447083361446,-0.0042803594842553,-0.0104895280674099,-0.0064481911249458,0.0029222229495644,0.0140616679564118,-0.0261809378862381,0.0005333455628715,0.0068767294287681,-0.0026653062086552,-0.0262276399880647,-0.0053446539677679,-0.0005577372503466,0.0005373578169383,-0.0024916478432714,-0.0107411788776516,0.010067131370306,0.0005429005832411,0.0193841643631458,0.0086814891546964,-0.013498299755156,-0.0064551285468041,0.0016901795752346,0.0395236313343048,0.0028248154558241,-0.0203125663101673,-0.0033783481922,0.0021265770774334,-0.0100334612652659,-0.0116711519658565,0.0084316814318299,-0.0069779478944838,0.0171527247875928,-0.0061111450195312,0.0112993698567152,-0.0183333293023011,0.0107284327416086,-0.0127777525810992,0.014164306311412,-0.0538888518609674,0.0107284327920764,-0.0344604357022646,0.0334872945875182,-0.0042873803969614,0.1445012301198254,0.0337084050537885,0.0282937519546684,2019-02-19,2019-02-20,2019-02-21,2019-02-22,2019-02-25,2019-02-26,2019-02-27,2019-02-28,2019-03-01,2019-03-04,19828.0,2019-02-15,252.0,0.5587%,0.0006,0.6363,0.2997,0.1729,1.2555%,1.4178%,21.5820%,-0.00345,WEN,19828.0,2019-02-19,252.0,-0.6111%,0.0006,0.6375,0.2895,0.1614,1.2553%,1.4182%,21.6584%,-0.008808,WEN,19828.0,2019-02-20,252.0,-1.2297%,0.0003,0.6292,0.2527,0.127,1.2308%,1.3939%,22.0385%,-0.015133,WEN,19828.0,2019-02-21,252.0,0.5659%,0.0004,0.6227,0.2411,0.1149,1.2290%,1.3896%,21.7696%,0.008356,WEN,19828.0,2019-02-22,252.0,-0.2814%,0.0004,0.6241,0.2294,0.121,1.2289%,1.3890%,21.7299%,-0.006598,WEN,19828.0,2019-02-25,252.0,-3.8939%,0.0001,0.629,0.2537,0.1521,1.2270%,1.3879%,21.8465%,-0.039161,WEN,19828.0,2019-02-26,252.0,0.5285%,0.0001,0.6325,0.2389,0.1471,1.2268%,1.3883%,21.9057%,0.008317,WEN,19828.0,2019-02-27,252.0,1.5187%,0.0003,0.6424,0.2255,0.1488,1.2225%,1.3879%,22.4135%,0.01424,WEN,19828.0,2019-02-28,252.0,0.2877%,0.0003,0.6347,0.2204,0.1421,1.2204%,1.3817%,21.9960%,0.005095,WEN,19828.0,2019-03-01,252.0,-0.2885%,0.0003,0.6287,0.2115,0.1366,1.2206%,1.3784%,21.5952%,-0.007616,WEN,19828.0,2019-03-04,252.0,0.0000%,0.0003,0.6316,0.1992,0.1365,1.2199%,1.3784%,21.6737%,0.003493,WEN,-0.012258,-0.027391,-0.0190349999999999,-0.0647939999999999,-0.0412649999999999
31099,WASTE MANAGEMENT INC DEL,UPDATE: KeyBanc Reiterates Overweight On Waste Management As Firm Continues 'to view WM as attractive relative to peers given its sustainable HSD FCF growth outlook and notable balance sheet flexibility',6,increase,0.8,0.6,"the reiteration of an 'overweight' rating by keybanc, along with positive remarks about waste management's growth outlook and balance sheet flexibility, is likely to boost investor confidence and drive the stock price higher.",2,2019-02-15,WM,2019-02-15 15:55:00+00:00,11955.0,94106L10,0.0022258318495005,2412119.0,0.0002019409730564,0.0028408968355506,0.0010092699667438,-0.0009123564814217,0.0014115687226876,0.0131457196548581,0.0041281078010797,-0.0005131946527399,-0.0043116444721817,0.0054701082408428,0.0013091363944113,0.0023794302251189,0.0081464098766446,-0.0056578069925308,0.0100758392363786,0.0126041574403643,-0.0024691359139978,0.0055514695122838,-0.0075247734785079,-0.0020904876291751,-0.0052872984670102,0.0076890215277671,0.0010028930846601,0.0018995387945324,0.0040326560847461,0.0027513452805578,-0.0075225681066513,-0.0042149792425334,0.00909551884979,0.0051901051774621,0.0066099516116082,-0.005268148612231,0.0056710741482675,0.0003162564244121,0.000791470403783,0.0043399599380791,-0.0018782367696985,0.0123232053592801,0.0042586936615407,0.0066882716491818,-0.0013806645292788,-0.0115163344889879,-0.0045427521690726,0.0071957702748477,0.0114086689427495,-0.0057661603204905,-0.000490391626954,0.0049361418932676,0.0027477799449115,0.0143681252375245,0.0128204887732863,-0.0050898161716759,-0.0052179042249917,0.0141679653897881,0.0046624904498457,0.0024221206549555,0.0046408521011471,0.0265596564859151,0.0010585407726466,-0.0027051155921071,-0.0001922384544741,-0.00303401122801,0.0001922754163388,0.0118249114602804,-0.0194193106144666,-0.0017026279820129,0.0019607543945312,0.0133424894884228,-0.001076326938346,0.038709744811058,-0.0044078454375267,-0.048971764743328,0.0126918628811836,0.0006822647992521,-0.0229282099753618,0.0003412054211366,0.0121308667585253,-0.0142393121495842,0.024265656247735,0.0015721435192972,0.0017264559864997,-0.0229317136108875,0.0067981528118252,-0.0026263720355927,0.0059914146549999,0.005391108803451,-0.0002835959603544,-0.0063408967107534,0.0044444561935961,0.0021913507953286,-0.0010355922859162,0.0006577958702109,-0.0055603049695491,-0.0177686996757984,0.002843091962859,0.0025912099517881,0.0059534800238907,-0.0049419752322137,0.0083607276901602,-0.0071466471999883,-0.0120178246870636,0.0111087011173367,0.0011314956936985,0.004040552303195,0.0021663687657564,0.015315543860197,-0.0047932532615959,-0.0003280706296209,-0.0110491849482059,0.006605087313801,0.0009549128590151,-0.0029634975362569,0.0038160802796483,-0.0037178387865424,0.0168218649923801,-0.0129520185291767,-0.0045798472128808,0.0003238909412175,-0.002253500977531,0.006958027370274,0.0002019409730564,0.0028408968355506,0.0012114147527595,0.0019259484434879,0.0026246934706224,0.0150969860766538,0.0024228294220933,0.0201258845091636,0.0119119751798855,0.0331347161016684,0.0554684606166835,0.1140666704630011,0.078197314612042,0.079970487015873,2019-02-19,2019-02-20,2019-02-21,2019-02-22,2019-02-25,2019-02-26,2019-02-27,2019-02-28,2019-03-01,2019-03-04,11955.0,2019-02-15,252.0,0.2226%,0.0007,0.5563,-0.4372,-0.0655,0.8663%,1.0735%,34.8769%,-0.003063,WM,11955.0,2019-02-19,252.0,0.0202%,0.0007,0.5535,-0.4335,-0.0611,0.8645%,1.0685%,34.5324%,0.0005099999999999,WM,11955.0,2019-02-20,252.0,0.1009%,0.0006,0.5523,-0.4425,-0.067,0.8599%,1.0655%,34.8733%,0.001147,WM,11955.0,2019-02-21,252.0,0.1412%,0.0006,0.5509,-0.4447,-0.0696,0.8598%,1.0652%,34.8385%,0.002891,WM,11955.0,2019-02-22,252.0,0.4128%,0.0007,0.5506,-0.4392,-0.069,0.8595%,1.0635%,34.6841%,0.0018709999999999,WM,11955.0,2019-02-25,252.0,-0.4312%,0.0006,0.5511,-0.4352,-0.0651,0.8603%,1.0637%,34.5845%,-0.0065039999999999,WM,11955.0,2019-02-26,252.0,0.1309%,0.0006,0.5509,-0.4329,-0.064,0.8604%,1.0615%,34.3007%,-0.000909,WM,11955.0,2019-02-27,252.0,0.8146%,0.0006,0.5494,-0.428,-0.0642,0.8614%,1.0597%,33.9259%,0.008296,WM,11955.0,2019-02-28,252.0,1.0076%,0.0006,0.5523,-0.4256,-0.0647,0.8621%,1.0611%,33.9984%,0.011604,WM,11955.0,2019-03-01,252.0,-0.2469%,0.0006,0.5487,-0.431,-0.0675,0.8626%,1.0601%,33.7907%,-0.00556,WM,11955.0,2019-03-04,252.0,-0.7525%,0.0006,0.549,-0.4259,-0.0689,0.8637%,1.0587%,33.4542%,-0.0062229999999999,WM,-0.002553,-0.001406,0.001485,-0.0031479999999999,0.00406
31107,UNITED STATES STEEL CORP NEW,"US Steel Filing Shows Registration For Mixed Securities Offering, No Size Disclosed",6,uncertain,0.5,0.5,"the registration for a mixed securities offering could indicate a need for capital, which may be viewed negatively, but without a disclosed size, the market reaction is uncertain.",1,2019-02-15,X,2019-02-15 20:56:00+00:00,76644.0,91290910,0.0119205499067902,8098618.0,0.0047993287444114,-0.0043956213630735,0.0421189442276954,-0.0026304018683731,0.0050000348128378,0.0128489043563604,-0.0008292063721455,0.0282459631562233,-0.0066389977000653,-0.0274700466543436,-0.001670881989412,-0.0258955713361501,-0.0066945543512701,0.0034646999556571,-0.0560235865414142,0.0185266900807619,-0.0049085500650107,0.0285843536257743,-0.0026905590202659,-0.022182784974575,-0.0152877764776349,0.0144015131518244,-0.0602739602327346,0.0427029505372047,-0.0281826984137296,-0.0184246730059385,-0.0375000014901161,0.0032347363885492,0.0394805297255516,0.0449058599770069,0.0204897467046976,0.0038778441958129,-0.002938269637525,-0.0114998407661914,-0.0284872259944677,-0.0293022859841585,-0.0060667763464152,0.0131951319053769,0.0066124652512371,0.0285991355776786,0.0096007389947772,0.0217928979545831,-0.0100099528208375,-0.0302593261003494,0.0262891072779893,-0.0104563310742378,-0.0596058666706085,0.0023821413051337,0.000523846480064,0.0071976785548031,0.0062826666980981,0.0067632552236318,-0.0036420237738639,0.0122249387204647,0.0120104197412729,0.005408092867583,0.0056759864091873,0.1006493866443634,0.0338635109364986,-0.0016207826556637,-0.0109180798754096,0.0148026570677757,0.0055193481966853,-0.0005479577230289,-0.0044910255819559,-0.0059913182631134,-0.0055138147436082,-0.0021738591603934,-0.0050403419882059,0.0654313340783119,-0.0997973307967186,-0.0505772419273853,-0.0292628277093172,-0.0156925879418849,-0.0324637368321418,-0.0180658958852291,0.0029957599472254,-0.061814546585083,-0.00179215578828,0.011598564684391,0.0029922889079898,-0.0094905355945229,-0.0059666098095476,-0.0094012189656496,-0.0144057488068938,-0.0236715786159038,-0.0188793819397687,0.0087719447910785,0.0024828682653605,-0.0144091853871941,-0.0030959281139075,-0.0229938887059688,-0.0260869599878788,-0.031803760677576,-0.0006377696990966,-0.0248116739094257,0.0082961143925786,-0.0500841960310936,-0.0126582160592079,0.0303556285798549,-0.0211538411676883,-0.0038876957260072,-0.0576293431222438,-0.0111063746735453,0.1730367392301559,0.0213786978274583,-0.0148104270920157,-0.0832000002264976,-0.0132290637120604,-0.0279937535524368,-0.0615478530526161,-0.0220532305538654,0.0259740632027387,0.0229482762515544,-0.0056962240487337,-0.0575513765215873,-0.0600255168974399,-0.0158729664981365,0.0264945235103368,0.0061706020496785,0.0047993287444114,-0.0043956213630735,0.0471204156318232,-0.0070144609808006,0.0523560541632155,0.005744315237306,0.0445026377185671,0.0057443138053085,-0.0296684250488827,0.0070828721997719,-0.1208551712024932,0.2263451436421664,-0.3386455750473753,-0.1760562805350216,2019-02-19,2019-02-20,2019-02-21,2019-02-22,2019-02-25,2019-02-26,2019-02-27,2019-02-28,2019-03-01,2019-03-04,76644.0,2019-02-15,252.0,1.1921%,-0.0016,1.5898,0.6545,0.8831,2.4854%,2.9377%,28.4207%,-0.012579,X,76644.0,2019-02-19,252.0,0.4799%,-0.0016,1.5907,0.6522,0.8804,2.4854%,2.9374%,28.4098%,-0.002869,X,76644.0,2019-02-20,252.0,4.2119%,-0.0021,1.5866,0.5794,0.8491,2.3200%,2.7953%,31.1170%,0.032719,X,76644.0,2019-02-21,252.0,0.5000%,-0.0021,1.5895,0.5887,0.8543,2.3193%,2.7956%,31.1725%,0.013129,X,76644.0,2019-02-22,252.0,-0.0829%,-0.0019,1.5873,0.6455,0.8799,2.3040%,2.7830%,31.4585%,-0.001941,X,76644.0,2019-02-25,252.0,-0.6639%,-0.002,1.5882,0.6483,0.8848,2.3036%,2.7830%,31.4822%,-0.0058579999999999,X,76644.0,2019-02-26,252.0,-0.1671%,-0.0019,1.59,0.6331,0.8784,2.3041%,2.7815%,31.3799%,0.00784,X,76644.0,2019-02-27,252.0,-0.6695%,-0.0019,1.5865,0.6373,0.8778,2.3040%,2.7783%,31.2303%,-0.008374,X,76644.0,2019-02-28,252.0,-5.6024%,-0.0022,1.6039,0.6476,0.9014,2.3212%,2.7988%,31.2162%,-0.049138,X,76644.0,2019-03-01,252.0,-0.4909%,-0.0023,1.61,0.6566,0.9167,2.3208%,2.7983%,31.2163%,-0.014819,X,76644.0,2019-03-04,252.0,-0.2691%,-0.0025,1.6433,0.5398,0.9095,2.2745%,2.7727%,32.7055%,0.0046429999999999,X,-0.015448,0.0172709999999999,0.0303999999999999,0.022601,-0.037247
31115,UNITED STATES STEEL CORP NEW,Trump Says Loves Using Tariffs 'To Negotiate',6,increase,0.7,0.6,"trump's support for tariffs could lead to increased protection for domestic steel producers like united states steel corp, potentially boosting their stock price.",2,2019-02-15,X,2019-02-15 16:13:00+00:00,76644.0,91290910,0.0119205499067902,8098618.0,0.0047993287444114,-0.0043956213630735,0.0421189442276954,-0.0026304018683731,0.0050000348128378,0.0128489043563604,-0.0008292063721455,0.0282459631562233,-0.0066389977000653,-0.0274700466543436,-0.001670881989412,-0.0258955713361501,-0.0066945543512701,0.0034646999556571,-0.0560235865414142,0.0185266900807619,-0.0049085500650107,0.0285843536257743,-0.0026905590202659,-0.022182784974575,-0.0152877764776349,0.0144015131518244,-0.0602739602327346,0.0427029505372047,-0.0281826984137296,-0.0184246730059385,-0.0375000014901161,0.0032347363885492,0.0394805297255516,0.0449058599770069,0.0204897467046976,0.0038778441958129,-0.002938269637525,-0.0114998407661914,-0.0284872259944677,-0.0293022859841585,-0.0060667763464152,0.0131951319053769,0.0066124652512371,0.0285991355776786,0.0096007389947772,0.0217928979545831,-0.0100099528208375,-0.0302593261003494,0.0262891072779893,-0.0104563310742378,-0.0596058666706085,0.0023821413051337,0.000523846480064,0.0071976785548031,0.0062826666980981,0.0067632552236318,-0.0036420237738639,0.0122249387204647,0.0120104197412729,0.005408092867583,0.0056759864091873,0.1006493866443634,0.0338635109364986,-0.0016207826556637,-0.0109180798754096,0.0148026570677757,0.0055193481966853,-0.0005479577230289,-0.0044910255819559,-0.0059913182631134,-0.0055138147436082,-0.0021738591603934,-0.0050403419882059,0.0654313340783119,-0.0997973307967186,-0.0505772419273853,-0.0292628277093172,-0.0156925879418849,-0.0324637368321418,-0.0180658958852291,0.0029957599472254,-0.061814546585083,-0.00179215578828,0.011598564684391,0.0029922889079898,-0.0094905355945229,-0.0059666098095476,-0.0094012189656496,-0.0144057488068938,-0.0236715786159038,-0.0188793819397687,0.0087719447910785,0.0024828682653605,-0.0144091853871941,-0.0030959281139075,-0.0229938887059688,-0.0260869599878788,-0.031803760677576,-0.0006377696990966,-0.0248116739094257,0.0082961143925786,-0.0500841960310936,-0.0126582160592079,0.0303556285798549,-0.0211538411676883,-0.0038876957260072,-0.0576293431222438,-0.0111063746735453,0.1730367392301559,0.0213786978274583,-0.0148104270920157,-0.0832000002264976,-0.0132290637120604,-0.0279937535524368,-0.0615478530526161,-0.0220532305538654,0.0259740632027387,0.0229482762515544,-0.0056962240487337,-0.0575513765215873,-0.0600255168974399,-0.0158729664981365,0.0264945235103368,0.0061706020496785,0.0047993287444114,-0.0043956213630735,0.0471204156318232,-0.0070144609808006,0.0523560541632155,0.005744315237306,0.0445026377185671,0.0057443138053085,-0.0296684250488827,0.0070828721997719,-0.1208551712024932,0.2263451436421664,-0.3386455750473753,-0.1760562805350216,2019-02-19,2019-02-20,2019-02-21,2019-02-22,2019-02-25,2019-02-26,2019-02-27,2019-02-28,2019-03-01,2019-03-04,76644.0,2019-02-15,252.0,1.1921%,-0.0016,1.5898,0.6545,0.8831,2.4854%,2.9377%,28.4207%,-0.012579,X,76644.0,2019-02-19,252.0,0.4799%,-0.0016,1.5907,0.6522,0.8804,2.4854%,2.9374%,28.4098%,-0.002869,X,76644.0,2019-02-20,252.0,4.2119%,-0.0021,1.5866,0.5794,0.8491,2.3200%,2.7953%,31.1170%,0.032719,X,76644.0,2019-02-21,252.0,0.5000%,-0.0021,1.5895,0.5887,0.8543,2.3193%,2.7956%,31.1725%,0.013129,X,76644.0,2019-02-22,252.0,-0.0829%,-0.0019,1.5873,0.6455,0.8799,2.3040%,2.7830%,31.4585%,-0.001941,X,76644.0,2019-02-25,252.0,-0.6639%,-0.002,1.5882,0.6483,0.8848,2.3036%,2.7830%,31.4822%,-0.0058579999999999,X,76644.0,2019-02-26,252.0,-0.1671%,-0.0019,1.59,0.6331,0.8784,2.3041%,2.7815%,31.3799%,0.00784,X,76644.0,2019-02-27,252.0,-0.6695%,-0.0019,1.5865,0.6373,0.8778,2.3040%,2.7783%,31.2303%,-0.008374,X,76644.0,2019-02-28,252.0,-5.6024%,-0.0022,1.6039,0.6476,0.9014,2.3212%,2.7988%,31.2162%,-0.049138,X,76644.0,2019-03-01,252.0,-0.4909%,-0.0023,1.61,0.6566,0.9167,2.3208%,2.7983%,31.2163%,-0.014819,X,76644.0,2019-03-04,252.0,-0.2691%,-0.0025,1.6433,0.5398,0.9095,2.2745%,2.7727%,32.7055%,0.0046429999999999,X,-0.015448,0.0172709999999999,0.0303999999999999,0.022601,-0.037247
31123,X P O INC,"XPO Scuttles Acquisitions Plan In Favor Of Share Buybacks, Jacobs Says",6,increase,0.7,0.6,share buybacks often signal to investors that a company is confident in its financial health and can lead to an increase in stock price due to reduced share supply and improved earnings per share.,2,2019-02-15,XPO,2019-02-15 17:34:00+00:00,90175.0,98379310,-0.127287968993187,19269809.0,0.0513757579028606,-0.0020110430195927,0.0082357386127114,0.0179119631648063,-0.0186966564506292,0.0154165839776396,-0.034961212426424,0.0031277204398065,-0.0191681049764156,-0.024245511740446,-0.0197380948811769,-0.0055640167556703,-0.0255183167755603,-0.0175583492964506,0.0300735961645841,-0.0004967316635884,-0.0127110108733177,-0.0016528673004359,-0.0235364753752946,-0.0046067587099969,-0.0201895236968994,-0.0199935771524906,-0.0025231863837689,0.0222515631467104,0.0031619209330528,-0.0146175334230065,-0.0292078033089637,-0.0090133808553218,0.0790042802691459,0.0205321945250034,-0.0166499111801385,-0.0040896451100707,0.0171358659863472,-0.0295285061001777,0.0072202286683022,-0.0140866758301854,-0.0113500533625483,0.0339860580861568,0.0376636236906051,0.0187963619828224,-0.0133928302675485,0.0056375418789684,-0.0123942755162715,0.0034942247439175,0.0254979841411113,-0.0457288213074207,-0.0392385497689247,0.0030259375926107,0.005256816279143,0.0120889749377965,0.032582439482212,0.0298804640769958,-0.0042851814068853,0.0179114788770675,0.0422535203397274,0.0397048890590667,0.0086336880922317,0.0287366043776273,0.0312615633010864,-0.0402428396046161,-0.001984785310924,0.0106942597776651,0.0121135087683796,0.0180260967463254,0.0462665259838104,0.00071436149301,0.0163906272500753,0.0075580705888569,0.0052074817940592,0.0874755680561065,-0.0013369290390983,-0.0184403173625469,0.0240964274853467,-0.0143884578719735,0.0106208771467208,0.0153786856681108,0.021665321663022,-0.0044019049964845,-0.0018990178359672,-0.0293516963720321,-0.0088790450245141,0.0442289561033248,0.0379139184951782,0.1584269553422928,0.0177250541746616,-0.2616558969020844,0.0084809567779302,-0.0962663292884826,0.0069080451503396,0.0124487578868866,0.0286353174597024,-0.0088774655014276,-0.0355227552354335,-0.0668351873755455,0.0196934044361114,-0.0095953606069087,-0.0148901976644992,-0.0682818964123725,0.0188566613942384,0.0174004696309566,-0.0139542380347847,-0.0062876045703887,-0.0451362878084182,0.0027584275230765,0.0054601947776973,0.0425910800695419,0.0159814804792404,-0.0153722623363137,-0.0453574359416961,0.0262939594686031,0.0027195967268198,-0.0011058087693527,-0.0197830516844987,0.0155832227319479,0.0001627951860427,-0.0335141606628894,-0.0807160139083862,-0.0393639765679836,0.0231899004429578,-0.0266429651528596,0.0513757579028606,-0.0020110430195927,0.06003461382869,0.0158648984167237,0.0402155108281596,0.0315260649331015,-0.0153935545048593,0.0096642888681899,-0.0659996179985273,-0.0202369117297165,0.0663843985004695,0.0329574626027793,0.1121800642266381,-0.2444811048190037,2019-02-19,2019-02-20,2019-02-21,2019-02-22,2019-02-25,2019-02-26,2019-02-27,2019-02-28,2019-03-01,2019-03-04,90175.0,2019-02-15,252.0,-12.7288%,-0.0022,1.2958,0.9781,0.0653,2.7873%,3.1529%,21.8473%,-0.146803,XPO,90175.0,2019-02-19,252.0,5.1376%,-0.0019,1.3143,0.9953,0.0831,2.7981%,3.1694%,22.0577%,0.0457819999999999,XPO,90175.0,2019-02-20,252.0,0.8236%,-0.0018,1.3164,1.0038,0.0917,2.7977%,3.1698%,22.0998%,0.002992,XPO,90175.0,2019-02-21,252.0,-1.8697%,-0.0019,1.3253,1.0195,0.1082,2.7964%,3.1715%,22.2567%,-0.013012,XPO,90175.0,2019-02-22,252.0,-3.4961%,-0.0022,1.3332,0.9773,0.1637,2.8069%,3.1743%,21.8083%,-0.047693,XPO,90175.0,2019-02-25,252.0,-1.9168%,-0.0022,1.333,0.9851,0.167,2.8087%,3.1761%,21.7975%,-0.018432,XPO,90175.0,2019-02-26,252.0,-1.9738%,-0.0024,1.3219,1.0078,0.1702,2.8060%,3.1692%,21.6111%,-0.010849,XPO,90175.0,2019-02-27,252.0,-2.5518%,-0.0025,1.314,1.0142,0.1688,2.8088%,3.1684%,21.4115%,-0.028519,XPO,90175.0,2019-02-28,252.0,3.0074%,-0.0024,1.3117,1.0138,0.1585,2.8177%,3.1745%,21.2134%,0.034266,XPO,90175.0,2019-03-01,252.0,-1.2711%,-0.0026,1.3223,1.0297,0.1852,2.8166%,3.1750%,21.3005%,-0.024551,XPO,90175.0,2019-03-04,252.0,-2.3536%,-0.0027,1.33,1.0137,0.1811,2.8161%,3.1774%,21.4522%,-0.013354,XPO,-0.101021,-0.098029,-0.111041,-0.177166,-0.220173
31131,X P O INC,BofA Lowers XPO Logistics Price Target In Wake Of 2019 Guidance Cut,6,decrease,0.8,0.7,"a price target cut by a major financial institution like bofa typically signals negative sentiment about the company's future performance, which is likely to lead to a decrease in stock price.",0,2019-02-15,XPO,2019-02-15 16:45:00+00:00,90175.0,98379310,-0.127287968993187,19269809.0,0.0513757579028606,-0.0020110430195927,0.0082357386127114,0.0179119631648063,-0.0186966564506292,0.0154165839776396,-0.034961212426424,0.0031277204398065,-0.0191681049764156,-0.024245511740446,-0.0197380948811769,-0.0055640167556703,-0.0255183167755603,-0.0175583492964506,0.0300735961645841,-0.0004967316635884,-0.0127110108733177,-0.0016528673004359,-0.0235364753752946,-0.0046067587099969,-0.0201895236968994,-0.0199935771524906,-0.0025231863837689,0.0222515631467104,0.0031619209330528,-0.0146175334230065,-0.0292078033089637,-0.0090133808553218,0.0790042802691459,0.0205321945250034,-0.0166499111801385,-0.0040896451100707,0.0171358659863472,-0.0295285061001777,0.0072202286683022,-0.0140866758301854,-0.0113500533625483,0.0339860580861568,0.0376636236906051,0.0187963619828224,-0.0133928302675485,0.0056375418789684,-0.0123942755162715,0.0034942247439175,0.0254979841411113,-0.0457288213074207,-0.0392385497689247,0.0030259375926107,0.005256816279143,0.0120889749377965,0.032582439482212,0.0298804640769958,-0.0042851814068853,0.0179114788770675,0.0422535203397274,0.0397048890590667,0.0086336880922317,0.0287366043776273,0.0312615633010864,-0.0402428396046161,-0.001984785310924,0.0106942597776651,0.0121135087683796,0.0180260967463254,0.0462665259838104,0.00071436149301,0.0163906272500753,0.0075580705888569,0.0052074817940592,0.0874755680561065,-0.0013369290390983,-0.0184403173625469,0.0240964274853467,-0.0143884578719735,0.0106208771467208,0.0153786856681108,0.021665321663022,-0.0044019049964845,-0.0018990178359672,-0.0293516963720321,-0.0088790450245141,0.0442289561033248,0.0379139184951782,0.1584269553422928,0.0177250541746616,-0.2616558969020844,0.0084809567779302,-0.0962663292884826,0.0069080451503396,0.0124487578868866,0.0286353174597024,-0.0088774655014276,-0.0355227552354335,-0.0668351873755455,0.0196934044361114,-0.0095953606069087,-0.0148901976644992,-0.0682818964123725,0.0188566613942384,0.0174004696309566,-0.0139542380347847,-0.0062876045703887,-0.0451362878084182,0.0027584275230765,0.0054601947776973,0.0425910800695419,0.0159814804792404,-0.0153722623363137,-0.0453574359416961,0.0262939594686031,0.0027195967268198,-0.0011058087693527,-0.0197830516844987,0.0155832227319479,0.0001627951860427,-0.0335141606628894,-0.0807160139083862,-0.0393639765679836,0.0231899004429578,-0.0266429651528596,0.0513757579028606,-0.0020110430195927,0.06003461382869,0.0158648984167237,0.0402155108281596,0.0315260649331015,-0.0153935545048593,0.0096642888681899,-0.0659996179985273,-0.0202369117297165,0.0663843985004695,0.0329574626027793,0.1121800642266381,-0.2444811048190037,2019-02-19,2019-02-20,2019-02-21,2019-02-22,2019-02-25,2019-02-26,2019-02-27,2019-02-28,2019-03-01,2019-03-04,90175.0,2019-02-15,252.0,-12.7288%,-0.0022,1.2958,0.9781,0.0653,2.7873%,3.1529%,21.8473%,-0.146803,XPO,90175.0,2019-02-19,252.0,5.1376%,-0.0019,1.3143,0.9953,0.0831,2.7981%,3.1694%,22.0577%,0.0457819999999999,XPO,90175.0,2019-02-20,252.0,0.8236%,-0.0018,1.3164,1.0038,0.0917,2.7977%,3.1698%,22.0998%,0.002992,XPO,90175.0,2019-02-21,252.0,-1.8697%,-0.0019,1.3253,1.0195,0.1082,2.7964%,3.1715%,22.2567%,-0.013012,XPO,90175.0,2019-02-22,252.0,-3.4961%,-0.0022,1.3332,0.9773,0.1637,2.8069%,3.1743%,21.8083%,-0.047693,XPO,90175.0,2019-02-25,252.0,-1.9168%,-0.0022,1.333,0.9851,0.167,2.8087%,3.1761%,21.7975%,-0.018432,XPO,90175.0,2019-02-26,252.0,-1.9738%,-0.0024,1.3219,1.0078,0.1702,2.8060%,3.1692%,21.6111%,-0.010849,XPO,90175.0,2019-02-27,252.0,-2.5518%,-0.0025,1.314,1.0142,0.1688,2.8088%,3.1684%,21.4115%,-0.028519,XPO,90175.0,2019-02-28,252.0,3.0074%,-0.0024,1.3117,1.0138,0.1585,2.8177%,3.1745%,21.2134%,0.034266,XPO,90175.0,2019-03-01,252.0,-1.2711%,-0.0026,1.3223,1.0297,0.1852,2.8166%,3.1750%,21.3005%,-0.024551,XPO,90175.0,2019-03-04,252.0,-2.3536%,-0.0027,1.33,1.0137,0.1811,2.8161%,3.1774%,21.4522%,-0.013354,XPO,-0.101021,-0.098029,-0.111041,-0.177166,-0.220173
31139,X P O INC,XPO Logistics shares are trading lower after the company reported Q4 EPS of $0.72 versus the $0.83 analyst estimate and revenue of $4.39B versus the $4.56B analyst estimate.,6,decrease,0.8,0.7,"the company reported lower-than-expected earnings per share and revenue, which typically leads to a decline in stock price as it indicates weaker financial performance.",0,2019-02-15,XPO,2019-02-15 13:29:00+00:00,90175.0,98379310,-0.127287968993187,19269809.0,0.0513757579028606,-0.0020110430195927,0.0082357386127114,0.0179119631648063,-0.0186966564506292,0.0154165839776396,-0.034961212426424,0.0031277204398065,-0.0191681049764156,-0.024245511740446,-0.0197380948811769,-0.0055640167556703,-0.0255183167755603,-0.0175583492964506,0.0300735961645841,-0.0004967316635884,-0.0127110108733177,-0.0016528673004359,-0.0235364753752946,-0.0046067587099969,-0.0201895236968994,-0.0199935771524906,-0.0025231863837689,0.0222515631467104,0.0031619209330528,-0.0146175334230065,-0.0292078033089637,-0.0090133808553218,0.0790042802691459,0.0205321945250034,-0.0166499111801385,-0.0040896451100707,0.0171358659863472,-0.0295285061001777,0.0072202286683022,-0.0140866758301854,-0.0113500533625483,0.0339860580861568,0.0376636236906051,0.0187963619828224,-0.0133928302675485,0.0056375418789684,-0.0123942755162715,0.0034942247439175,0.0254979841411113,-0.0457288213074207,-0.0392385497689247,0.0030259375926107,0.005256816279143,0.0120889749377965,0.032582439482212,0.0298804640769958,-0.0042851814068853,0.0179114788770675,0.0422535203397274,0.0397048890590667,0.0086336880922317,0.0287366043776273,0.0312615633010864,-0.0402428396046161,-0.001984785310924,0.0106942597776651,0.0121135087683796,0.0180260967463254,0.0462665259838104,0.00071436149301,0.0163906272500753,0.0075580705888569,0.0052074817940592,0.0874755680561065,-0.0013369290390983,-0.0184403173625469,0.0240964274853467,-0.0143884578719735,0.0106208771467208,0.0153786856681108,0.021665321663022,-0.0044019049964845,-0.0018990178359672,-0.0293516963720321,-0.0088790450245141,0.0442289561033248,0.0379139184951782,0.1584269553422928,0.0177250541746616,-0.2616558969020844,0.0084809567779302,-0.0962663292884826,0.0069080451503396,0.0124487578868866,0.0286353174597024,-0.0088774655014276,-0.0355227552354335,-0.0668351873755455,0.0196934044361114,-0.0095953606069087,-0.0148901976644992,-0.0682818964123725,0.0188566613942384,0.0174004696309566,-0.0139542380347847,-0.0062876045703887,-0.0451362878084182,0.0027584275230765,0.0054601947776973,0.0425910800695419,0.0159814804792404,-0.0153722623363137,-0.0453574359416961,0.0262939594686031,0.0027195967268198,-0.0011058087693527,-0.0197830516844987,0.0155832227319479,0.0001627951860427,-0.0335141606628894,-0.0807160139083862,-0.0393639765679836,0.0231899004429578,-0.0266429651528596,0.0513757579028606,-0.0020110430195927,0.06003461382869,0.0158648984167237,0.0402155108281596,0.0315260649331015,-0.0153935545048593,0.0096642888681899,-0.0659996179985273,-0.0202369117297165,0.0663843985004695,0.0329574626027793,0.1121800642266381,-0.2444811048190037,2019-02-19,2019-02-20,2019-02-21,2019-02-22,2019-02-25,2019-02-26,2019-02-27,2019-02-28,2019-03-01,2019-03-04,90175.0,2019-02-15,252.0,-12.7288%,-0.0022,1.2958,0.9781,0.0653,2.7873%,3.1529%,21.8473%,-0.146803,XPO,90175.0,2019-02-19,252.0,5.1376%,-0.0019,1.3143,0.9953,0.0831,2.7981%,3.1694%,22.0577%,0.0457819999999999,XPO,90175.0,2019-02-20,252.0,0.8236%,-0.0018,1.3164,1.0038,0.0917,2.7977%,3.1698%,22.0998%,0.002992,XPO,90175.0,2019-02-21,252.0,-1.8697%,-0.0019,1.3253,1.0195,0.1082,2.7964%,3.1715%,22.2567%,-0.013012,XPO,90175.0,2019-02-22,252.0,-3.4961%,-0.0022,1.3332,0.9773,0.1637,2.8069%,3.1743%,21.8083%,-0.047693,XPO,90175.0,2019-02-25,252.0,-1.9168%,-0.0022,1.333,0.9851,0.167,2.8087%,3.1761%,21.7975%,-0.018432,XPO,90175.0,2019-02-26,252.0,-1.9738%,-0.0024,1.3219,1.0078,0.1702,2.8060%,3.1692%,21.6111%,-0.010849,XPO,90175.0,2019-02-27,252.0,-2.5518%,-0.0025,1.314,1.0142,0.1688,2.8088%,3.1684%,21.4115%,-0.028519,XPO,90175.0,2019-02-28,252.0,3.0074%,-0.0024,1.3117,1.0138,0.1585,2.8177%,3.1745%,21.2134%,0.034266,XPO,90175.0,2019-03-01,252.0,-1.2711%,-0.0026,1.3223,1.0297,0.1852,2.8166%,3.1750%,21.3005%,-0.024551,XPO,90175.0,2019-03-04,252.0,-2.3536%,-0.0027,1.33,1.0137,0.1811,2.8161%,3.1774%,21.4522%,-0.013354,XPO,-0.101021,-0.098029,-0.111041,-0.177166,-0.220173
31147,YELP INC,"Yelp Continues To Be Weighed Down By Model-Change Related Disruption, Guggenheim Says",6,decrease,0.8,0.7,"the mention of 'model-change related disruption' suggests ongoing challenges for yelp, which is likely to negatively impact investor sentiment and stock price.",0,2019-02-15,YELP,2019-02-15 15:03:00+00:00,13318.0,98581710,0.0458235144615173,4717669.0,-0.0060089603066444,-0.0070202928036451,-0.0239294897764921,-0.0110568348318338,-0.0196128599345684,0.0261213146150112,0.0144774736836552,-0.0021063196472823,-0.003113719401881,0.0477241240441799,-0.0135345309972763,-0.0239633657038211,-0.0050132567994296,-0.0077478201128542,-0.0119331944733858,-0.0105736590921878,-0.0034889227245002,0.0177563540637493,-0.0105036189779639,0.0205930825322866,-0.005443678703159,-0.0008231163956224,-0.0166940502822399,0.0063500697724521,-0.0314500704407692,-0.0130790062248706,-0.0017240678425878,-0.0097139934077858,0.0279216282069683,0.0340402126312255,-0.0184822138398885,0.0104313204064965,-0.0142653351649642,0.0028273195493966,0.0026049248408526,-0.024813937023282,0.0132794193923473,0.001104082679376,-0.0062677324749529,0.0134265609085559,-0.0051605589687824,0.0223047975450754,-0.0028819101862609,0.0142111862078309,0.0083815297111868,-0.0005797233898192,-0.0151905640959739,0.0055377036333084,0.0101862186565995,-0.0389355570077896,0.0048977811820805,0.0053506745025515,-0.0126147484406828,0.0195232983678579,0.0069686900824308,0.007812513038516,-0.0051903203129768,0.0273484550416469,0.0153622832149267,-0.0269019473344087,0.0094205494970083,-0.0120034860447049,0.0090497648343443,0.0165602415800094,-0.0137332305312156,-0.0151645950973033,0.0059676868841052,0.0237258747220039,-0.0028249232564121,0.0589329302310943,0.0056657441891729,0.004361470695585,0.0112676490098238,-0.0345865115523338,-0.0050139357335865,-0.0180153753608465,-0.0039193555712699,0.001182759180665,-0.0044970111921429,-0.0041224793531,0.0047996044158935,-0.036322433501482,0.0016859053866937,-0.0172894280403852,0.0098176281899213,0.0002789996215142,0.0263889096677303,-0.0025041778571903,0.0316643603146076,0.0084174871444702,-0.0020985838491469,0.0303555727005004,0.0386434644460678,0.0052310465835034,0.0002531545469537,0.0204625912010669,0.0136639904230833,-0.0447591505944728,0.0,0.0484110824763774,-0.0104843229055404,-0.0050236992537975,0.0138748548924922,0.0431566461920738,0.0196566544473171,0.0341089516878128,-0.006100536789745,-0.0190743803977966,-0.0201325733214616,0.0403383150696754,0.0165372043848037,0.0022823505569249,-0.0207049585878849,-0.0176168885082006,-0.1437200903892517,-0.0015990132233127,-0.0723104327917099,-0.0457735732197761,0.0234473943710327,-0.0072704595513641,-0.0060089603066444,-0.0070202928036451,-0.0297946587289114,-0.0179995054174779,-0.0488231601950314,0.0076516384536087,-0.0380570982106526,0.0535172023766841,-0.0801201063660054,0.0485996845760574,-0.1229344004877498,0.1047150430946983,-0.1912869221803854,0.1569221687328146,2019-02-19,2019-02-20,2019-02-21,2019-02-22,2019-02-25,2019-02-26,2019-02-27,2019-02-28,2019-03-01,2019-03-04,13318.0,2019-02-15,252.0,4.5824%,-0.0002,1.0312,1.1839,-0.5506,2.9136%,3.2693%,20.5756%,0.033313,YELP,13318.0,2019-02-19,252.0,-0.6009%,-0.0003,1.0291,1.1782,-0.5569,2.9143%,3.2683%,20.4942%,-0.00985,YELP,13318.0,2019-02-20,252.0,-2.3929%,-0.0004,1.023,1.1686,-0.5777,2.9180%,3.2717%,20.4532%,-0.025514,YELP,13318.0,2019-02-21,252.0,-1.9613%,-0.0006,1.0444,1.2086,-0.5384,2.9033%,3.2647%,20.9186%,-0.0164379999999999,YELP,13318.0,2019-02-22,252.0,1.4477%,-0.0006,1.0451,1.2123,-0.5263,2.9034%,3.2660%,20.9704%,-0.006973,YELP,13318.0,2019-02-25,252.0,-0.3114%,-0.0006,1.0455,1.2137,-0.524,2.9034%,3.2658%,20.9666%,-0.002577,YELP,13318.0,2019-02-26,252.0,-1.3535%,-0.0007,1.0451,1.2214,-0.5203,2.9035%,3.2657%,20.9529%,-0.005923,YELP,13318.0,2019-02-27,252.0,-0.5013%,-0.0006,1.0513,1.208,-0.5193,2.9026%,3.2654%,20.9876%,-0.008999,YELP,13318.0,2019-02-28,252.0,-1.1933%,-0.0007,1.0599,1.2136,-0.5108,2.9021%,3.2662%,21.0478%,-0.010314,YELP,13318.0,2019-03-01,252.0,-0.3489%,-0.0008,1.0648,1.2209,-0.4958,2.9026%,3.2662%,21.0250%,-0.016773,YELP,13318.0,2019-03-04,252.0,-1.0504%,-0.0008,1.0591,1.2376,-0.4938,2.9017%,3.2659%,21.0590%,0.001761,YELP,0.023463,-0.0020509999999999,-0.0184889999999999,-0.0280389999999999,-0.0682869999999999
31155,YANDEX N V,Yandex Sees FY19 Sales Excluding Yandex.Market Up 28-32% Year Over Year,6,increase,0.8,0.7,"the projected sales growth of 28-32% year over year is a strong indicator of positive performance, likely leading to an increase in investor confidence and stock price.",2,2019-02-15,YNDX,2019-02-15 11:06:00+00:00,12799.0,N9728410,-0.0854402929544448,6814099.0,0.0432158410549163,0.0162433329969644,0.0009137611486949,-0.0044104005210101,-0.0325623750686645,0.0152238309383392,0.0597671493887901,0.0081252017989754,-0.0029681946616619,0.0060551245696842,-0.0062518334016203,-0.0219129901379346,-0.0089873941615223,-0.0188843049108982,0.0399032533168792,0.0046701650135219,0.0069766817614436,0.0172208435833454,0.0103926276788115,0.0029779174365103,0.0331428535282611,-0.0062148291617631,-0.0049778847023844,0.0467782579362392,-0.0214007906615734,-0.0235935430973768,-0.0031241299584507,-0.016071343794465,0.0256410706788301,0.0493440963327884,-0.0116666154935956,0.0230032335966825,0.003934777341783,0.0252210460603237,-0.0008399382350035,-0.0094094425439834,0.0081255510449409,-0.0067676762118935,-0.0002778855268843,0.0409259051084518,-0.0011120631825178,0.0091400993987917,-0.0047314772382378,-0.0003383526927791,0.0033557815477252,-0.0113750472664833,-0.015886278823018,0.0063972598873078,0.0118945948779583,-0.0026863641105592,-0.0039182589389383,0.023719510063529,-0.0210733357816934,0.002412118948996,0.0218139588832855,0.0161064770072698,-0.0353932119905948,0.0656716525554657,-0.0107745761051774,-0.0258088335394859,0.028260201215744,0.0058500855229794,-0.0045805852860212,-0.0200644731521606,-0.0037388859782367,0.0126995788887143,0.0164549574255943,-0.0082764104008674,0.0153365787118673,0.0262186489999294,0.0064335535280406,0.0242057256400585,0.0408560670912265,-0.0307917930185794,0.0093457531183958,0.00073369249003,0.029100589454174,0.0022058626636862,0.0025706547312438,-0.0101891839876771,-0.0043589272536337,-0.0189218372106552,-0.0162245947867631,0.0039426744915544,-0.0225131046026945,-0.0275357589125633,0.0026780522894114,0.0685288682579994,0.0098825525492429,-0.0379792004823684,-0.0050251898355782,-0.0268479939550161,-0.0132908029481768,0.0027972001116722,-0.0115840602666139,-0.0034843338653445,0.0171709209680557,-0.0436520986258983,0.0029474976472556,0.0172881428152322,0.0173657909035682,0.0116598131135106,-0.0414916425943374,-0.0257267113775014,0.0202740188688039,0.0295837838202714,-0.0067132110707461,0.0037983637303113,-0.0181130561977624,0.0229600723832845,0.0049559557810425,-0.0364193245768547,-0.0010959154460579,0.054937120527029,-0.0057597118429839,-0.0426263250410556,-0.0391723625361919,-0.0054700803011655,0.0068905497901141,-0.0054403212852776,0.0432158410549163,0.0162433329969644,0.0441690911601755,0.0117612928716415,0.0101684655787113,0.0271641757442748,0.0673657740969093,0.0417802345528153,0.1121703464902588,0.0247170327064323,0.0794408019842032,0.2508178626487631,0.1143946835812435,0.1700101940992815,2019-02-19,2019-02-20,2019-02-21,2019-02-22,2019-02-25,2019-02-26,2019-02-27,2019-02-28,2019-03-01,2019-03-04,12799.0,2019-02-15,252.0,-8.5440%,-0.0009,1.0404,0.8279,-0.3309,2.5044%,2.8298%,21.6736%,-0.099656,YNDX,12799.0,2019-02-19,252.0,4.3216%,-0.001,1.0279,0.8822,-0.2687,2.4821%,2.7986%,21.3420%,0.039731,YNDX,12799.0,2019-02-20,252.0,0.0914%,-0.001,1.0276,0.881,-0.2698,2.4821%,2.7985%,21.3373%,-0.001602,YNDX,12799.0,2019-02-21,252.0,-3.2562%,-0.0013,1.0458,0.9119,-0.2363,2.4796%,2.8019%,21.6816%,-0.028864,YNDX,12799.0,2019-02-22,252.0,5.9767%,-0.0011,1.0397,0.9096,-0.3118,2.4952%,2.8269%,22.0928%,0.044381,YNDX,12799.0,2019-02-25,252.0,-0.2968%,-0.0011,1.0366,0.9074,-0.3242,2.4898%,2.8227%,22.1967%,-0.0028239999999999,YNDX,12799.0,2019-02-26,252.0,-0.6252%,-0.001,1.0422,0.9004,-0.3236,2.4890%,2.8228%,22.2530%,4.4000000000000006e-05,YNDX,12799.0,2019-02-27,252.0,-0.8987%,-0.001,1.0499,0.8835,-0.3223,2.4874%,2.8225%,22.3341%,-0.012124,YNDX,12799.0,2019-02-28,252.0,3.9903%,-0.0009,1.0503,0.8851,-0.3321,2.4999%,2.8339%,22.1860%,0.042076,YNDX,12799.0,2019-03-01,252.0,0.6977%,-0.0009,1.0448,0.877,-0.3389,2.4995%,2.8308%,22.0339%,-0.004571,YNDX,12799.0,2019-03-04,252.0,1.0393%,-0.0007,1.0333,0.896,-0.3315,2.5002%,2.8278%,21.8262%,0.020565,YNDX,-0.059925,-0.061527,-0.090391,-0.0488339999999999,-0.0028439999999999
31163,YANDEX N V,"Yandex Q4 Adj. Net Income Excluding Yandex.Market $108.2M, Adj. EBITDA $177.4M, Sales $559.1M vs $553.75M Estimate",6,increase,0.75,0.6,"the reported adjusted net income and ebitda exceeded estimates, which typically signals positive performance and can lead to an increase in stock price.",2,2019-02-15,YNDX,2019-02-15 11:05:00+00:00,12799.0,N9728410,-0.0854402929544448,6814099.0,0.0432158410549163,0.0162433329969644,0.0009137611486949,-0.0044104005210101,-0.0325623750686645,0.0152238309383392,0.0597671493887901,0.0081252017989754,-0.0029681946616619,0.0060551245696842,-0.0062518334016203,-0.0219129901379346,-0.0089873941615223,-0.0188843049108982,0.0399032533168792,0.0046701650135219,0.0069766817614436,0.0172208435833454,0.0103926276788115,0.0029779174365103,0.0331428535282611,-0.0062148291617631,-0.0049778847023844,0.0467782579362392,-0.0214007906615734,-0.0235935430973768,-0.0031241299584507,-0.016071343794465,0.0256410706788301,0.0493440963327884,-0.0116666154935956,0.0230032335966825,0.003934777341783,0.0252210460603237,-0.0008399382350035,-0.0094094425439834,0.0081255510449409,-0.0067676762118935,-0.0002778855268843,0.0409259051084518,-0.0011120631825178,0.0091400993987917,-0.0047314772382378,-0.0003383526927791,0.0033557815477252,-0.0113750472664833,-0.015886278823018,0.0063972598873078,0.0118945948779583,-0.0026863641105592,-0.0039182589389383,0.023719510063529,-0.0210733357816934,0.002412118948996,0.0218139588832855,0.0161064770072698,-0.0353932119905948,0.0656716525554657,-0.0107745761051774,-0.0258088335394859,0.028260201215744,0.0058500855229794,-0.0045805852860212,-0.0200644731521606,-0.0037388859782367,0.0126995788887143,0.0164549574255943,-0.0082764104008674,0.0153365787118673,0.0262186489999294,0.0064335535280406,0.0242057256400585,0.0408560670912265,-0.0307917930185794,0.0093457531183958,0.00073369249003,0.029100589454174,0.0022058626636862,0.0025706547312438,-0.0101891839876771,-0.0043589272536337,-0.0189218372106552,-0.0162245947867631,0.0039426744915544,-0.0225131046026945,-0.0275357589125633,0.0026780522894114,0.0685288682579994,0.0098825525492429,-0.0379792004823684,-0.0050251898355782,-0.0268479939550161,-0.0132908029481768,0.0027972001116722,-0.0115840602666139,-0.0034843338653445,0.0171709209680557,-0.0436520986258983,0.0029474976472556,0.0172881428152322,0.0173657909035682,0.0116598131135106,-0.0414916425943374,-0.0257267113775014,0.0202740188688039,0.0295837838202714,-0.0067132110707461,0.0037983637303113,-0.0181130561977624,0.0229600723832845,0.0049559557810425,-0.0364193245768547,-0.0010959154460579,0.054937120527029,-0.0057597118429839,-0.0426263250410556,-0.0391723625361919,-0.0054700803011655,0.0068905497901141,-0.0054403212852776,0.0432158410549163,0.0162433329969644,0.0441690911601755,0.0117612928716415,0.0101684655787113,0.0271641757442748,0.0673657740969093,0.0417802345528153,0.1121703464902588,0.0247170327064323,0.0794408019842032,0.2508178626487631,0.1143946835812435,0.1700101940992815,2019-02-19,2019-02-20,2019-02-21,2019-02-22,2019-02-25,2019-02-26,2019-02-27,2019-02-28,2019-03-01,2019-03-04,12799.0,2019-02-15,252.0,-8.5440%,-0.0009,1.0404,0.8279,-0.3309,2.5044%,2.8298%,21.6736%,-0.099656,YNDX,12799.0,2019-02-19,252.0,4.3216%,-0.001,1.0279,0.8822,-0.2687,2.4821%,2.7986%,21.3420%,0.039731,YNDX,12799.0,2019-02-20,252.0,0.0914%,-0.001,1.0276,0.881,-0.2698,2.4821%,2.7985%,21.3373%,-0.001602,YNDX,12799.0,2019-02-21,252.0,-3.2562%,-0.0013,1.0458,0.9119,-0.2363,2.4796%,2.8019%,21.6816%,-0.028864,YNDX,12799.0,2019-02-22,252.0,5.9767%,-0.0011,1.0397,0.9096,-0.3118,2.4952%,2.8269%,22.0928%,0.044381,YNDX,12799.0,2019-02-25,252.0,-0.2968%,-0.0011,1.0366,0.9074,-0.3242,2.4898%,2.8227%,22.1967%,-0.0028239999999999,YNDX,12799.0,2019-02-26,252.0,-0.6252%,-0.001,1.0422,0.9004,-0.3236,2.4890%,2.8228%,22.2530%,4.4000000000000006e-05,YNDX,12799.0,2019-02-27,252.0,-0.8987%,-0.001,1.0499,0.8835,-0.3223,2.4874%,2.8225%,22.3341%,-0.012124,YNDX,12799.0,2019-02-28,252.0,3.9903%,-0.0009,1.0503,0.8851,-0.3321,2.4999%,2.8339%,22.1860%,0.042076,YNDX,12799.0,2019-03-01,252.0,0.6977%,-0.0009,1.0448,0.877,-0.3389,2.4995%,2.8308%,22.0339%,-0.004571,YNDX,12799.0,2019-03-04,252.0,1.0393%,-0.0007,1.0333,0.896,-0.3315,2.5002%,2.8278%,21.8262%,0.020565,YNDX,-0.059925,-0.061527,-0.090391,-0.0488339999999999,-0.0028439999999999
31171,OLYMPIC STEEL INC,"Olympic Steel Q4 EPS $0.14 Misses $0.19 Estimate, Sales $430M Up From $308.166M YoY",6,decrease,0.7,0.5,"the earnings per share (eps) miss compared to estimates is likely to negatively impact investor sentiment, despite the increase in sales year-over-year.",0,2019-02-15,ZEUS,2019-02-15 11:33:00+00:00,80375.0,68162K10,-0.0171543974429369,115638.0,-0.0374743118882179,-0.0104843229055404,0.0389333106577396,0.0020010464359074,0.0112936971709132,0.0384415462613105,-0.0025381289888173,0.0015609099064022,-0.0081424862146377,-0.001558477175422,0.006157046649605,-0.0102828154340386,-0.0112188281491398,0.0020608406048268,0.0025786843616515,-0.005635276902467,0.0015448345802724,0.0129735339432954,-0.0174807272851467,0.0,-0.0167451426386833,0.0206568501889705,-0.0659926384687423,0.0316939875483512,-0.0478632599115371,-0.0070537747815251,-0.0149611020460724,-0.0059331501834094,0.0510328188538551,0.0594286248087883,0.0057803690433502,-0.0039840466342866,-0.0160918850451707,-0.0162374526262283,-0.0070093944668769,-0.0560253411531448,-0.0182352624833583,0.0243638753890991,0.0083882194012403,0.0238358303904533,-0.0023766492959111,0.0518951192498207,-0.0083383731544017,-0.0115274209529161,0.0090089859440922,0.0122521007433533,-0.0744047090411186,-0.0244735516607761,0.0154340686276555,0.0011396273039281,0.0265990570187568,0.0197559650987386,-0.0030844688881188,0.0087924748659133,0.0,0.0370819866657257,-0.0179455429315567,0.0702668130397796,0.061751764267683,0.0052321730181574,0.0296735893934965,0.0714785903692245,0.0242074970155954,-0.0117727927863597,0.0095666898414492,0.0126226749271154,0.0039018781390041,0.0084865549579262,-0.0238756407052278,-0.0361281335353851,-0.0136518646031618,-0.0392927564680576,0.0028834622353315,-0.0205259583890438,-0.0362276695668697,-0.0025591785088181,0.008949858136475,-0.0595668293535709,-0.001182759180665,-0.033720925450325,0.0005920798867009,0.0058479756116867,-0.0461537763476371,-0.0250855479389429,-0.0179901309311389,-0.0260965749621391,-0.0151610719040036,0.0215542297810316,0.0314303897321224,0.0,0.011194048449397,0.0103150941431522,-0.0110701294615864,0.0145348832011222,-0.0118158943951129,-0.0011613561073318,0.0239144191145896,-0.075188048183918,-0.0030732110608369,0.0141612319275736,-0.0129469232633709,0.0104453032836318,0.0081198727712035,0.0011007406283169,0.0910781472921371,0.0412607043981552,-0.0335037000477314,0.0168998204171657,-0.0334899947047233,-0.0233352221548557,-0.008510717190802,-0.0118110785260796,-0.01103619299829,0.025374885648489,-0.0247984901070594,-0.0737179070711135,-0.0521296709775924,-0.024491986259818,0.0093896947801113,0.0015657978365197,-0.0374743118882179,-0.0104843229055404,-2.5690727323279816e-10,-0.0085042560866159,0.0112936969111046,0.0296103734209229,0.0005133581602434,0.0296103735120623,-0.0179834815905799,0.0285417344124452,-0.1341194110518966,0.296272063148681,-0.2266170503736482,0.0355736051287929,2019-02-19,2019-02-20,2019-02-21,2019-02-22,2019-02-25,2019-02-26,2019-02-27,2019-02-28,2019-03-01,2019-03-04,80375.0,2019-02-15,252.0,-1.7154%,-0.0004,1.3397,1.1655,1.0454,2.2433%,2.6348%,27.5042%,-0.04077,ZEUS,80375.0,2019-02-19,252.0,-3.7474%,-0.0006,1.3324,1.1341,1.0107,2.2617%,2.6451%,26.8873%,-0.046636,ZEUS,80375.0,2019-02-20,252.0,3.8933%,-0.0005,1.3383,1.1379,1.0294,2.2648%,2.6509%,27.0089%,0.028248,ZEUS,80375.0,2019-02-21,252.0,1.1294%,-0.0005,1.3412,1.1481,1.0345,2.2645%,2.6517%,27.0713%,0.01931,ZEUS,80375.0,2019-02-22,252.0,-0.2538%,-0.0005,1.341,1.1614,1.0437,2.2637%,2.6516%,27.1217%,-0.002463,ZEUS,80375.0,2019-02-25,252.0,-0.8142%,-0.0004,1.336,1.1588,1.0238,2.2475%,2.6358%,27.2923%,-0.005356,ZEUS,80375.0,2019-02-26,252.0,0.6157%,-0.0004,1.3204,1.1469,1.0062,2.2475%,2.6274%,26.8273%,0.01899,ZEUS,80375.0,2019-02-27,252.0,-1.1219%,-0.0003,1.3296,1.1268,1.0076,2.2450%,2.6270%,26.9705%,-0.013479,ZEUS,80375.0,2019-02-28,252.0,0.2579%,-0.0003,1.3321,1.1289,1.0073,2.2452%,2.6263%,26.9215%,0.0088939999999999,ZEUS,80375.0,2019-03-01,252.0,0.1545%,-0.0003,1.319,1.1092,0.9902,2.2423%,2.6131%,26.3691%,-0.0073809999999999,ZEUS,80375.0,2019-03-04,252.0,-1.7481%,-0.0005,1.3388,1.0521,0.983,2.2288%,2.6060%,26.8569%,-0.010137,ZEUS,-0.087406,-0.0591579999999999,-0.0398479999999999,-0.0476669999999999,-0.05078
31179,AXCELIS TECHNOLOGIES INC,Craig-Hallum Downgrades Axcelis Technologies to Hold,6,decrease,0.8,0.6,"a downgrade from an analyst typically signals reduced expectations for the company's performance, which can lead to a decline in stock price.",0,2019-02-08,ACLS,2019-02-08 13:07:00+00:00,88417.0,05454020,-0.02105731703341,239207.0,0.006407294422388,0.0017952875932678,0.0154615808278322,0.0343546755611896,0.0022391059901565,-0.0009275765623897,0.011170688085258,0.0074766282923519,-0.0083958739414811,0.0273643638938665,-0.006238916888833,0.006280152592808,0.0103139663115143,0.014208766631782,-0.0177541729062795,-0.0173327196389436,-0.0049705696292221,0.0359102860093116,-0.0090826861560344,0.0664893612265586,-0.0164986532181501,0.0485219694674015,-0.0097856055945158,-0.0292365476489067,-0.0108235077932477,-0.0542755424976348,0.0042816437780857,0.0156006840988993,0.0028422295581549,-0.0015576680889353,-0.0075578577816486,0.0399567894637584,-0.0304616559296846,0.0,-0.0270005464553833,0.0226394161581993,-0.0126135218888521,0.0016593299806118,0.0260603092610836,0.0005534160882234,-0.0054781180806458,0.0163104049861431,0.0105158239603042,-0.0039215516299009,0.0074330829083919,0.0136286066845059,0.012788993306458,0.0627640858292579,0.0038853774312883,-0.0685779154300689,0.0019351236987859,-0.0005617034621536,-0.0101399850100278,0.0022521964274346,0.0190243609249591,0.0453208051621913,-0.0440402142703533,0.0216476619243621,0.0080120107159018,0.0701415166258812,-0.0144063103944063,-0.019558385014534,0.0,-0.0446051694452762,0.00100808753632,-0.0083681643009185,0.0130916526541113,-0.0467236302793026,0.0109343593940138,-0.0034072329290211,-0.0083579188212752,-0.0101180607452988,0.0228061024099588,-0.0230641514062881,0.0082404306158423,-0.0151433581486344,0.0076923007145524,0.0159340109676122,0.0014313305728137,-0.0010976153425872,-0.0114340055733919,-0.0172600634396076,0.0081927748396992,-0.0252365674823522,-0.0014340672641992,-0.0139969130977988,0.0268071517348289,-0.0398207679390907,-0.0023310557007789,0.0085341399535536,0.0093458304181694,0.0137404818087816,0.0106481267139315,0.0218408778309822,-0.0073293563909828,0.053698606789112,-0.0119981644675135,0.0060639809817075,-0.0065389717929065,0.0134078087285161,0.0084626376628875,0.0039259502664208,-0.0181818772107362,0.0253019295632839,0.0109212463721633,0.0211390890181064,-0.0014091444900259,-0.0301821641623973,0.001411132980138,0.0317273214459419,-0.0079849725589156,0.0499692410230636,0.0071022543124854,0.0024736553896218,0.0324399918317794,-0.0018518941942602,0.0054645193740725,-0.0498532839119434,-0.0054348204284906,-0.0328984670341014,0.006407294422388,0.0017952875932678,0.0219679421508198,0.0362116396772631,0.0242562366918377,0.035250474046623,0.0270022947588752,0.0715314329074379,-0.0013730292252779,0.1872340702279853,-0.0787185880527219,0.4362934104822189,0.0050342703925017,0.2660238616405135,2019-02-11,2019-02-12,2019-02-13,2019-02-14,2019-02-15,2019-02-19,2019-02-20,2019-02-21,2019-02-22,2019-02-25,88417.0,2019-02-08,252.0,-2.1057%,-0.0002,1.6585,0.944,0.1347,2.0897%,2.7906%,43.9280%,-0.022365,ACLS,88417.0,2019-02-11,252.0,0.6407%,-0.0002,1.6476,0.9511,0.1329,2.0891%,2.7644%,42.8889%,-0.002555,ACLS,88417.0,2019-02-12,252.0,1.5462%,-0.0002,1.6383,0.9581,0.1268,2.0886%,2.7610%,42.7757%,-0.007011,ACLS,88417.0,2019-02-13,252.0,0.2239%,-0.0003,1.6358,0.9611,0.1267,2.0885%,2.7577%,42.6443%,-0.0031119999999999,ACLS,88417.0,2019-02-14,252.0,1.1171%,-0.0002,1.6343,0.9673,0.1183,2.0877%,2.7580%,42.7014%,0.010243,ACLS,88417.0,2019-02-15,252.0,-0.8396%,-0.0004,1.602,0.935,0.0616,2.0936%,2.7453%,41.8452%,-0.029949,ACLS,88417.0,2019-02-19,252.0,-0.6239%,-0.0004,1.6005,0.9264,0.052,2.0948%,2.7441%,41.7241%,-0.012279,ACLS,88417.0,2019-02-20,252.0,1.0314%,-0.0004,1.6027,0.9346,0.0606,2.0945%,2.7448%,41.7683%,0.004849,ACLS,88417.0,2019-02-21,252.0,-1.7754%,-0.0005,1.6168,0.9609,0.0866,2.0857%,2.7446%,42.2516%,-0.011131,ACLS,88417.0,2019-02-22,252.0,-0.4971%,-0.0006,1.6195,0.9572,0.116,2.0891%,2.7448%,42.0716%,-0.019592,ACLS,88417.0,2019-02-25,252.0,-0.9083%,-0.0005,1.6168,0.9586,0.1066,2.0844%,2.7412%,42.1813%,-0.008915,ACLS,-0.0249199999999999,-0.031931,-0.035043,-0.0547489999999999,-0.1018169999999999
31187,AXCELIS TECHNOLOGIES INC,Benchmark Upgrades Axcelis Technologies to Buy,6,increase,0.8,0.7,"upgrades from analysts typically signal positive sentiment and can lead to increased investor interest, likely driving the stock price up.",2,2019-02-08,ACLS,2019-02-08 11:57:00+00:00,88417.0,05454020,-0.02105731703341,239207.0,0.006407294422388,0.0017952875932678,0.0154615808278322,0.0343546755611896,0.0022391059901565,-0.0009275765623897,0.011170688085258,0.0074766282923519,-0.0083958739414811,0.0273643638938665,-0.006238916888833,0.006280152592808,0.0103139663115143,0.014208766631782,-0.0177541729062795,-0.0173327196389436,-0.0049705696292221,0.0359102860093116,-0.0090826861560344,0.0664893612265586,-0.0164986532181501,0.0485219694674015,-0.0097856055945158,-0.0292365476489067,-0.0108235077932477,-0.0542755424976348,0.0042816437780857,0.0156006840988993,0.0028422295581549,-0.0015576680889353,-0.0075578577816486,0.0399567894637584,-0.0304616559296846,0.0,-0.0270005464553833,0.0226394161581993,-0.0126135218888521,0.0016593299806118,0.0260603092610836,0.0005534160882234,-0.0054781180806458,0.0163104049861431,0.0105158239603042,-0.0039215516299009,0.0074330829083919,0.0136286066845059,0.012788993306458,0.0627640858292579,0.0038853774312883,-0.0685779154300689,0.0019351236987859,-0.0005617034621536,-0.0101399850100278,0.0022521964274346,0.0190243609249591,0.0453208051621913,-0.0440402142703533,0.0216476619243621,0.0080120107159018,0.0701415166258812,-0.0144063103944063,-0.019558385014534,0.0,-0.0446051694452762,0.00100808753632,-0.0083681643009185,0.0130916526541113,-0.0467236302793026,0.0109343593940138,-0.0034072329290211,-0.0083579188212752,-0.0101180607452988,0.0228061024099588,-0.0230641514062881,0.0082404306158423,-0.0151433581486344,0.0076923007145524,0.0159340109676122,0.0014313305728137,-0.0010976153425872,-0.0114340055733919,-0.0172600634396076,0.0081927748396992,-0.0252365674823522,-0.0014340672641992,-0.0139969130977988,0.0268071517348289,-0.0398207679390907,-0.0023310557007789,0.0085341399535536,0.0093458304181694,0.0137404818087816,0.0106481267139315,0.0218408778309822,-0.0073293563909828,0.053698606789112,-0.0119981644675135,0.0060639809817075,-0.0065389717929065,0.0134078087285161,0.0084626376628875,0.0039259502664208,-0.0181818772107362,0.0253019295632839,0.0109212463721633,0.0211390890181064,-0.0014091444900259,-0.0301821641623973,0.001411132980138,0.0317273214459419,-0.0079849725589156,0.0499692410230636,0.0071022543124854,0.0024736553896218,0.0324399918317794,-0.0018518941942602,0.0054645193740725,-0.0498532839119434,-0.0054348204284906,-0.0328984670341014,0.006407294422388,0.0017952875932678,0.0219679421508198,0.0362116396772631,0.0242562366918377,0.035250474046623,0.0270022947588752,0.0715314329074379,-0.0013730292252779,0.1872340702279853,-0.0787185880527219,0.4362934104822189,0.0050342703925017,0.2660238616405135,2019-02-11,2019-02-12,2019-02-13,2019-02-14,2019-02-15,2019-02-19,2019-02-20,2019-02-21,2019-02-22,2019-02-25,88417.0,2019-02-08,252.0,-2.1057%,-0.0002,1.6585,0.944,0.1347,2.0897%,2.7906%,43.9280%,-0.022365,ACLS,88417.0,2019-02-11,252.0,0.6407%,-0.0002,1.6476,0.9511,0.1329,2.0891%,2.7644%,42.8889%,-0.002555,ACLS,88417.0,2019-02-12,252.0,1.5462%,-0.0002,1.6383,0.9581,0.1268,2.0886%,2.7610%,42.7757%,-0.007011,ACLS,88417.0,2019-02-13,252.0,0.2239%,-0.0003,1.6358,0.9611,0.1267,2.0885%,2.7577%,42.6443%,-0.0031119999999999,ACLS,88417.0,2019-02-14,252.0,1.1171%,-0.0002,1.6343,0.9673,0.1183,2.0877%,2.7580%,42.7014%,0.010243,ACLS,88417.0,2019-02-15,252.0,-0.8396%,-0.0004,1.602,0.935,0.0616,2.0936%,2.7453%,41.8452%,-0.029949,ACLS,88417.0,2019-02-19,252.0,-0.6239%,-0.0004,1.6005,0.9264,0.052,2.0948%,2.7441%,41.7241%,-0.012279,ACLS,88417.0,2019-02-20,252.0,1.0314%,-0.0004,1.6027,0.9346,0.0606,2.0945%,2.7448%,41.7683%,0.004849,ACLS,88417.0,2019-02-21,252.0,-1.7754%,-0.0005,1.6168,0.9609,0.0866,2.0857%,2.7446%,42.2516%,-0.011131,ACLS,88417.0,2019-02-22,252.0,-0.4971%,-0.0006,1.6195,0.9572,0.116,2.0891%,2.7448%,42.0716%,-0.019592,ACLS,88417.0,2019-02-25,252.0,-0.9083%,-0.0005,1.6168,0.9586,0.1066,2.0844%,2.7412%,42.1813%,-0.008915,ACLS,-0.0249199999999999,-0.031931,-0.035043,-0.0547489999999999,-0.1018169999999999
31195,ARCHER DANIELS MIDLAND CO,"UPDATE: Stifel Upgrades Archer-Daniels Midland And Lowers Target From $55 To $52 As Firm Believes 'shares have largely priced in the tough comps in soybean crush margins and undervalue the share of potential earnings growth from ""controllables""'",6,increase,0.7,0.5,"the upgrade from stifel suggests a positive outlook on the company's potential earnings growth, which could lead to an increase in stock price despite the lowered target.",2,2019-02-08,ADM,2019-02-08 15:52:00+00:00,10516.0,03948310,0.0086955744773149,6580447.0,0.0059865904040634,-0.0112251592800021,0.0078553166240453,0.0004779082082677,0.0014171320945024,-0.0593392476439476,-0.0037735812366008,-0.0089106196537613,0.0021306311246007,-0.0002227647200925,-0.0030967381317168,0.004699102602899,0.0028674493078142,0.0108572617173194,0.0142958890646696,0.0009056127746589,-0.0018792111659422,0.0102927023544907,-0.0014121292624622,0.001145020709373,-0.0025925196241587,-0.0009151433478109,0.007088828831911,0.0034434734843671,-0.0028155546169728,-0.0158155672252178,-0.0016470516566187,0.0195807069540023,-0.0044779311865568,0.0025404298212379,0.0002367026754654,-0.0041398415341973,-0.0028402113821357,0.0147024756297469,0.0009493733523413,-0.0071826083585619,-0.0059283855371177,-0.0048420359380543,0.0219466127455234,0.0069653876125812,0.001633979845792,0.0086650801822543,0.0083896666765213,0.0186069328337907,0.0018488101195544,0.0050347419455647,-0.0039215264841914,0.0230561345815658,-0.0162112265825271,-0.0043956115841865,0.0124764312058687,-0.0004881732165813,-0.0165077690035104,0.0046592066064476,0.0137116275727748,-0.0043945387005805,-0.0060634827241301,0.0071305860765278,-0.0063350647687911,0.0265017487108707,-0.0014167074114084,-0.0289215762168169,0.0047292681410908,-0.0104293068870902,0.0054130274802446,-0.0275943856686353,0.0095973741263151,-0.0102707426995039,-0.0104335900396108,-0.0124481534585356,-0.0098407212644815,-0.0275722816586494,-0.000946452957578,-0.0071221832185983,0.0120795434340834,-0.0057534482330083,0.0046805702149868,0.0143658677116036,0.0037269939202815,-0.0008970826747827,-0.007194276433438,0.0029240006115287,0.0107527561485767,-0.023500982671976,0.001156319049187,-0.0017540414119139,0.0020790055859833,-0.0262595973908901,-0.0009221049840562,0.0178183335810899,-0.0083064287900924,-0.0004344148037489,0.0013960300711914,0.0008695851429365,-0.006505636498332,-0.0015194203006103,-0.0023385987151414,0.0120825842022895,0.0009376679663546,0.007079639006406,0.0018734898185357,-0.0087718795984983,-0.024777878075838,0.0060227471403777,-0.0194151811301708,-0.0140358777716755,0.057687621563673,-0.0015092645771801,0.0307371858507394,0.0054194666445255,-0.0118833808228373,-0.0100857820361852,-0.0120262941345572,-0.0295710526406765,0.0029856970068067,0.001668790820986,-0.0132813844829797,-0.0066307438537478,-0.0088187763467431,-0.0063825692050158,0.0059865904040634,-0.0112251592800021,0.0138889335912313,-0.0107526156674934,0.0153257481392843,-0.0694538111875274,0.0136494552573329,-0.0779510000997327,0.0245151780355088,-0.0519806909040454,0.0225834515786604,0.0449268700286167,0.0312760280780495,-0.1413599634837379,2019-02-11,2019-02-12,2019-02-13,2019-02-14,2019-02-15,2019-02-19,2019-02-20,2019-02-21,2019-02-22,2019-02-25,10516.0,2019-02-08,252.0,0.8696%,0.0001,0.7256,0.1542,0.3341,0.9307%,1.1836%,38.1744%,0.0102449999999999,ADM,10516.0,2019-02-11,252.0,0.5987%,0.0001,0.7309,0.1531,0.3363,0.9306%,1.1774%,37.5307%,0.003085,ADM,10516.0,2019-02-12,252.0,0.7855%,0.0002,0.7337,0.1482,0.3386,0.9298%,1.1782%,37.7244%,-0.0016439999999999,ADM,10516.0,2019-02-13,252.0,0.1417%,0.0002,0.7399,0.1373,0.3364,0.9256%,1.1777%,38.2238%,-0.001063,ADM,10516.0,2019-02-14,252.0,-0.3774%,0.0002,0.7402,0.1366,0.3371,0.9257%,1.1779%,38.2450%,-0.001083,ADM,10516.0,2019-02-15,252.0,0.2131%,0.0002,0.7362,0.132,0.3293,0.9271%,1.1758%,37.8255%,-0.008294,ADM,10516.0,2019-02-19,252.0,-0.3097%,0.0,0.7267,0.1398,0.3389,0.9130%,1.1576%,37.7927%,-0.005966,ADM,10516.0,2019-02-20,252.0,0.2867%,0.0,0.726,0.1362,0.3359,0.9125%,1.1571%,37.8049%,-0.000784,ADM,10516.0,2019-02-21,252.0,1.4296%,0.0001,0.7192,0.1264,0.3234,0.9181%,1.1575%,37.0927%,0.01775,ADM,10516.0,2019-02-22,252.0,-0.1879%,0.0001,0.7191,0.1385,0.3334,0.9163%,1.1556%,37.1301%,-0.002595,ADM,10516.0,2019-02-25,252.0,-0.1412%,0.0002,0.7183,0.1386,0.3301,0.9151%,1.1543%,37.1516%,-0.0016309999999999,ADM,0.0133299999999999,0.0116859999999999,0.0106229999999999,0.0012459999999999,0.0080199999999999
31203,ARCHER DANIELS MIDLAND CO,Stifel Nicolaus Upgrades Archer-Daniels Midland to Buy,6,increase,0.8,0.7,"upgrades from analysts typically signal positive sentiment and can lead to increased investor interest, likely driving the stock price up.",2,2019-02-08,ADM,2019-02-08 11:30:00+00:00,10516.0,03948310,0.0086955744773149,6580447.0,0.0059865904040634,-0.0112251592800021,0.0078553166240453,0.0004779082082677,0.0014171320945024,-0.0593392476439476,-0.0037735812366008,-0.0089106196537613,0.0021306311246007,-0.0002227647200925,-0.0030967381317168,0.004699102602899,0.0028674493078142,0.0108572617173194,0.0142958890646696,0.0009056127746589,-0.0018792111659422,0.0102927023544907,-0.0014121292624622,0.001145020709373,-0.0025925196241587,-0.0009151433478109,0.007088828831911,0.0034434734843671,-0.0028155546169728,-0.0158155672252178,-0.0016470516566187,0.0195807069540023,-0.0044779311865568,0.0025404298212379,0.0002367026754654,-0.0041398415341973,-0.0028402113821357,0.0147024756297469,0.0009493733523413,-0.0071826083585619,-0.0059283855371177,-0.0048420359380543,0.0219466127455234,0.0069653876125812,0.001633979845792,0.0086650801822543,0.0083896666765213,0.0186069328337907,0.0018488101195544,0.0050347419455647,-0.0039215264841914,0.0230561345815658,-0.0162112265825271,-0.0043956115841865,0.0124764312058687,-0.0004881732165813,-0.0165077690035104,0.0046592066064476,0.0137116275727748,-0.0043945387005805,-0.0060634827241301,0.0071305860765278,-0.0063350647687911,0.0265017487108707,-0.0014167074114084,-0.0289215762168169,0.0047292681410908,-0.0104293068870902,0.0054130274802446,-0.0275943856686353,0.0095973741263151,-0.0102707426995039,-0.0104335900396108,-0.0124481534585356,-0.0098407212644815,-0.0275722816586494,-0.000946452957578,-0.0071221832185983,0.0120795434340834,-0.0057534482330083,0.0046805702149868,0.0143658677116036,0.0037269939202815,-0.0008970826747827,-0.007194276433438,0.0029240006115287,0.0107527561485767,-0.023500982671976,0.001156319049187,-0.0017540414119139,0.0020790055859833,-0.0262595973908901,-0.0009221049840562,0.0178183335810899,-0.0083064287900924,-0.0004344148037489,0.0013960300711914,0.0008695851429365,-0.006505636498332,-0.0015194203006103,-0.0023385987151414,0.0120825842022895,0.0009376679663546,0.007079639006406,0.0018734898185357,-0.0087718795984983,-0.024777878075838,0.0060227471403777,-0.0194151811301708,-0.0140358777716755,0.057687621563673,-0.0015092645771801,0.0307371858507394,0.0054194666445255,-0.0118833808228373,-0.0100857820361852,-0.0120262941345572,-0.0295710526406765,0.0029856970068067,0.001668790820986,-0.0132813844829797,-0.0066307438537478,-0.0088187763467431,-0.0063825692050158,0.0059865904040634,-0.0112251592800021,0.0138889335912313,-0.0107526156674934,0.0153257481392843,-0.0694538111875274,0.0136494552573329,-0.0779510000997327,0.0245151780355088,-0.0519806909040454,0.0225834515786604,0.0449268700286167,0.0312760280780495,-0.1413599634837379,2019-02-11,2019-02-12,2019-02-13,2019-02-14,2019-02-15,2019-02-19,2019-02-20,2019-02-21,2019-02-22,2019-02-25,10516.0,2019-02-08,252.0,0.8696%,0.0001,0.7256,0.1542,0.3341,0.9307%,1.1836%,38.1744%,0.0102449999999999,ADM,10516.0,2019-02-11,252.0,0.5987%,0.0001,0.7309,0.1531,0.3363,0.9306%,1.1774%,37.5307%,0.003085,ADM,10516.0,2019-02-12,252.0,0.7855%,0.0002,0.7337,0.1482,0.3386,0.9298%,1.1782%,37.7244%,-0.0016439999999999,ADM,10516.0,2019-02-13,252.0,0.1417%,0.0002,0.7399,0.1373,0.3364,0.9256%,1.1777%,38.2238%,-0.001063,ADM,10516.0,2019-02-14,252.0,-0.3774%,0.0002,0.7402,0.1366,0.3371,0.9257%,1.1779%,38.2450%,-0.001083,ADM,10516.0,2019-02-15,252.0,0.2131%,0.0002,0.7362,0.132,0.3293,0.9271%,1.1758%,37.8255%,-0.008294,ADM,10516.0,2019-02-19,252.0,-0.3097%,0.0,0.7267,0.1398,0.3389,0.9130%,1.1576%,37.7927%,-0.005966,ADM,10516.0,2019-02-20,252.0,0.2867%,0.0,0.726,0.1362,0.3359,0.9125%,1.1571%,37.8049%,-0.000784,ADM,10516.0,2019-02-21,252.0,1.4296%,0.0001,0.7192,0.1264,0.3234,0.9181%,1.1575%,37.0927%,0.01775,ADM,10516.0,2019-02-22,252.0,-0.1879%,0.0001,0.7191,0.1385,0.3334,0.9163%,1.1556%,37.1301%,-0.002595,ADM,10516.0,2019-02-25,252.0,-0.1412%,0.0002,0.7183,0.1386,0.3301,0.9151%,1.1543%,37.1516%,-0.0016309999999999,ADM,0.0133299999999999,0.0116859999999999,0.0106229999999999,0.0012459999999999,0.0080199999999999
31211,ALLETE INC,Kurita Water Industries Ltd. to Acquire U.S. Water Services from Allete; Terms Not Disclosed,6,decrease,0.7,0.5,"the sale of u.s. water services may be perceived negatively by investors as it could indicate a divestment of a potentially profitable asset, leading to a decrease in stock price.",0,2019-02-08,ALE,2019-02-08 08:53:00+00:00,24248.0,01852230,0.0276014637202024,419382.0,-0.0271122511476278,0.0168665014207363,-0.00246276659891,-0.0032834252342581,0.0027286782860755,0.0044854395091533,0.0177206005901098,0.0050385161302983,0.0184734128415584,-0.019755708053708,0.0061720348894596,0.0197482518851757,0.0042564342729747,0.0076121757738292,0.0138369556516408,0.0067222374491393,0.0120496209710836,-0.0066773504950106,-0.008868858218193,-0.0253807697445154,-0.000858049665112,0.0069462484680116,0.0003680380177684,0.0167910736054182,-0.0060092941857874,-0.0031880694441497,0.0077729453332722,-0.0002656609867699,0.0166503507643938,0.0095187928527593,-0.0168593637645244,0.0029580958653241,0.0045321257784962,0.0165390782058239,0.0074381246231496,-0.0224477928131818,-0.0012104344787076,-0.0025323529262095,0.0115124164149165,0.0162535142153501,0.0043129338882863,-0.0244450122117996,-0.0071573238819837,0.0229791421443224,-0.0055269338190555,-0.0069798207841813,0.0079739484935998,0.0137433959171176,-0.0033560923766344,0.0001360166934318,-0.0159952118992805,-0.0359485410153865,-0.0045221555046737,0.0064703267998993,0.0109269423410296,0.0045099346898496,-0.00133583904244,0.0149434655904769,0.0054724179208278,0.0080064637586474,0.0077406796626746,-0.049774345010519,-0.0062409583479166,-0.0075505035929381,-0.010024175979197,0.0128321172669529,0.0031719182152301,0.000648548011668,-0.0049860593862831,-0.0119184972718358,-0.0025665983557701,-0.0340430811047554,0.0035534973721951,-0.0025929014664143,0.0036629477981477,0.0038423098158091,0.0142336478456854,-0.0024727615527808,-0.0117548676207661,0.0014858236536383,-0.0030343488324433,-0.0033320577349513,-0.0124177820980548,0.0019784348551183,0.0028352530207484,0.0093609578907489,0.0023356170859187,-0.0267249383032321,0.0033112170640379,0.0115507803857326,-0.0199241824448108,0.0158531591296196,-0.0048640482127666,-0.0011221489403396,-0.0032585803419351,0.0124983955174684,-0.0008801671792753,0.0046930843964219,0.0033979897852987,-0.0022779083810746,0.0040135416202247,0.0002531220670789,0.0,-0.0160667691379785,0.0042472993955016,0.0022469141986221,-0.0026122538838535,0.0016253719804808,0.0158393196761608,0.0187237448990345,-0.0128912888467311,0.0093854898586869,-0.0012437620898708,0.0019183569820597,0.0217932742089033,0.0069542936980724,0.0114563656970858,0.0104099288582801,-0.0095192305743694,0.0020862696692347,-0.0271122511476278,0.0168665014207363,-0.0295082465999902,0.0135276962900996,-0.0268600868256723,0.0180738134626603,0.0086803193159223,0.0029892872465204,0.0365051377766814,0.0044253082963965,0.0504810383945006,0.0472248029004838,0.0443824123883569,0.0135037672193445,2019-02-11,2019-02-12,2019-02-13,2019-02-14,2019-02-15,2019-02-19,2019-02-20,2019-02-21,2019-02-22,2019-02-25,24248.0,2019-02-08,252.0,2.7601%,0.0006,0.1989,-0.0636,-0.1116,1.1921%,1.2184%,4.2654%,0.026753,ALE,24248.0,2019-02-11,252.0,-2.7112%,0.0005,0.2008,-0.1025,-0.1317,1.2039%,1.2308%,4.3257%,-0.026814,ALE,24248.0,2019-02-12,252.0,-0.2463%,0.0004,0.1883,-0.091,-0.1401,1.2003%,1.2252%,4.0322%,-0.0054969999999999,ALE,24248.0,2019-02-13,252.0,0.2729%,0.0004,0.1916,-0.0957,-0.1405,1.1996%,1.2252%,4.1206%,0.002254,ALE,24248.0,2019-02-14,252.0,1.7721%,0.0005,0.1879,-0.0862,-0.1515,1.2041%,1.2296%,4.1001%,0.017706,ALE,24248.0,2019-02-15,252.0,1.8473%,0.0007,0.2111,-0.0635,-0.1114,1.2048%,1.2320%,4.3596%,0.017193,ALE,24248.0,2019-02-19,252.0,0.6172%,0.0007,0.2115,-0.0591,-0.1065,1.2052%,1.2320%,4.2881%,0.006189,ALE,24248.0,2019-02-20,252.0,0.4256%,0.0006,0.2114,-0.0646,-0.1082,1.2030%,1.2299%,4.3199%,0.00447,ALE,24248.0,2019-02-21,252.0,1.3837%,0.0007,0.2052,-0.0743,-0.1198,1.2048%,1.2312%,4.2348%,0.014225,ALE,24248.0,2019-02-22,252.0,1.2050%,0.0008,0.2033,-0.0551,-0.125,1.2033%,1.2297%,4.2573%,0.009264,ALE,24248.0,2019-02-25,252.0,-0.8869%,0.0007,0.2039,-0.0494,-0.1199,1.2048%,1.2309%,4.2086%,-0.009642,ALE,-6.1000000000002025e-05,-0.005558,-0.003304,0.031595,0.056101
31219,ALLEGIANT TRAVEL CO,"Allegiant Reports January RPMs Down 1.5% YoY, ASMs Down 1.6% YoY",6,decrease,0.7,0.6,"the decline in revenue passenger miles (rpms) and available seat miles (asms) suggests a decrease in demand and capacity, which could negatively impact allegiant travel co's revenue and stock price.",0,2019-02-08,ALGT,2019-02-08 21:57:00+00:00,91659.0,01748X10,-0.0026447298005223,92456.0,0.010680703446269,0.0076245376840233,-0.009328868240118,-0.0050817681476473,0.0163319446146488,-0.0233762506395578,0.0115093132480979,0.0234081149101257,-0.0037927490193396,0.0450000464916229,0.0156597420573234,0.0338794514536857,-0.0350803211331367,0.0059199826791882,0.0043246471323072,0.0076581775210797,0.0274412091821432,0.0186402052640914,0.0009234613389708,0.0027171827387064,0.0024837898090481,0.020245261490345,-0.0606682188808918,-0.0039327354170382,0.0008290274417959,-0.025918984785676,-0.0062831323593854,0.0055733160115778,-0.0079988045617938,0.0201505329459905,-0.0022270660847425,0.0013395515270531,-0.0023858814965933,-0.0087143778800964,-0.0201357286423444,-0.0069232997484505,-0.001495964359492,0.0088973864912986,0.0111180888488888,0.030417300760746,-0.011775673367083,0.0492672435939312,0.0076546813361346,0.0171925462782383,-0.0025843982584774,0.011656972579658,-0.0115420948714017,0.0656610056757927,0.0017475670902058,-0.0236788820475339,0.0011101370910182,0.0366194173693656,-0.0047524631954729,-0.002289653988555,0.0113012185320258,-0.0125823887065053,-0.0387188009917736,-0.0228604096919298,-0.0014736005105078,-0.0034459710586816,0.0167254321277141,-0.0131305437535047,0.0191113222390413,-0.0532999373972415,0.0031650699675083,-0.0287500880658626,0.0212178770452737,-0.028848635032773,0.0032439804635941,0.0157656073570251,0.0260990019887685,-0.0146065801382064,0.0076530934311449,-0.0198609232902526,0.0122858816757798,-0.0382809787988662,0.0076499343849718,0.0042359237559139,0.0067887627519667,-0.0016755691030994,-0.0293648708611726,-0.0078372219577431,0.021513445302844,-0.0651965141296386,-0.0026325455401092,0.0681369230151176,-0.0162768624722957,-0.0536354780197143,-0.0092420475557446,-0.0054312250576913,0.0118859698995947,0.0660691782832145,-0.0063935816287994,0.0035819835029542,-0.0187055747956037,0.0139628387987613,-0.0060997926630079,-0.002736609429121,0.0136555330827832,0.0067255017347633,0.0075683034956455,0.0196645874530077,0.0514533966779708,0.0360881872475147,0.0070724785327911,-0.0122740576043725,0.0227707419544458,-0.0097403079271316,0.0187266767024993,-0.0107880886644125,-0.0089869778603315,0.0001647034223424,0.0066639273427426,-0.0037745062727481,0.004981885664165,-0.0001640548289287,-0.0011544083245098,-0.0007378583541139,-0.0164525005966424,0.0153154982253909,0.010680703446269,0.0076245376840233,0.001252196330989,0.0025040234036328,0.0176045917467622,-0.0209307619146156,0.0254125825273987,0.0470768830486723,0.0379346607971153,0.1207904330739377,-0.0968155049785872,0.3029577175639892,0.0712773477444339,0.139564436416415,2019-02-11,2019-02-12,2019-02-13,2019-02-14,2019-02-15,2019-02-19,2019-02-20,2019-02-21,2019-02-22,2019-02-25,91659.0,2019-02-08,252.0,-0.2645%,-0.0005,0.7978,0.4264,0.0736,2.2694%,2.4352%,13.1601%,-0.003132,ALGT,91659.0,2019-02-11,252.0,1.0681%,-0.0004,0.7911,0.4422,0.0787,2.2694%,2.4280%,12.6342%,0.00648,ALGT,91659.0,2019-02-12,252.0,-0.9329%,-0.0005,0.7773,0.4455,0.0711,2.2725%,2.4271%,12.3338%,-0.020142,ALGT,91659.0,2019-02-13,252.0,1.6332%,-0.0005,0.7715,0.461,0.0773,2.2716%,2.4241%,12.1800%,0.0137379999999999,ALGT,91659.0,2019-02-14,252.0,1.1509%,-0.0005,0.7686,0.4673,0.0707,2.2728%,2.4250%,12.1624%,0.01108,ALGT,91659.0,2019-02-15,252.0,-0.3793%,-0.0005,0.7677,0.465,0.0673,2.2736%,2.4250%,12.1028%,-0.014086,ALGT,91659.0,2019-02-19,252.0,1.5660%,-0.0005,0.7676,0.477,0.0808,2.2743%,2.4247%,12.0214%,0.012551,ALGT,91659.0,2019-02-20,252.0,-3.5080%,-0.0006,0.7576,0.4567,0.0457,2.2864%,2.4346%,11.8030%,-0.038132,ALGT,91659.0,2019-02-21,252.0,0.4325%,-0.0006,0.7544,0.4522,0.0399,2.2869%,2.4339%,11.7205%,0.0074519999999999,ALGT,91659.0,2019-02-22,252.0,2.7441%,-0.0006,0.7523,0.432,-0.0037,2.2877%,2.4374%,11.9086%,0.020537,ALGT,91659.0,2019-02-25,252.0,0.0923%,-0.0006,0.7514,0.4304,-0.0081,2.2872%,2.4369%,11.9145%,0.0008119999999999,ALGT,0.003348,-0.016794,-0.003056,-0.006062,-0.002842
31227,ALLSTATE CORP,Allstate Raises Quarterly Dividend From $0.46 To $0.50/Share,6,increase,0.8,0.6,"raising the quarterly dividend typically signals financial strength and can attract investors, likely leading to an increase in stock price.",2,2019-02-08,ALL,2019-02-08 19:00:00+00:00,79323.0,02000210,0.0014079633401706,2477205.0,0.000757080852054,-0.0024848284665495,0.0041068289428949,0.0404676087200641,0.011731743812561,0.0018017570255324,-0.0081914532929658,-0.0002251367113785,0.0123350191861391,0.0108113912865519,0.0025429700035601,0.0060683125630021,0.0046501248143613,0.0064530717208981,-0.0045234621502459,0.0033529994543641,-0.000634022639133,0.0039465622976422,0.0034894980490207,-0.0011594025418162,-0.0085353543981909,0.0041914149187505,0.0041450425051152,0.0003493917756713,0.0042561595328152,0.0018670206191018,0.0066751949489116,0.0133616793900728,-0.0085254730656743,0.0003548471722751,-0.0021231099963188,0.0036803698167204,-0.0050000129267573,0.0051312684081494,-0.0031006191857159,0.0041942014358937,0.000643556297291,-0.0010773757239803,0.008681645616889,0.004569471348077,-0.0004250442725606,0.0076336469501256,-0.0055277626961469,-0.0001211792623507,0.0032067922875285,-0.0015724840341135,0.0105487257242202,0.0295142587274313,0.0018979366868734,-0.0164134781807661,-0.0085244961082935,-0.011981095187366,-0.0124190440401434,0.0074372179806232,0.0166594516485929,0.002812027465552,-0.0044401963241398,0.0122524481266737,-0.0019114400492981,0.0456840507686138,0.0011703438358381,-0.0323106050491333,0.0005313820438459,0.0005012018373236,-0.0022304735612124,-0.0144480830058455,0.0025547994300723,-0.0065022544004023,0.0096623068675398,0.016841297969222,-0.0029445660766214,0.0108449002727866,0.0087543707340955,-0.0160068664699792,0.0044960300438106,-0.0219660811126232,0.0024981561582535,-0.001090997015126,-0.0149516649544239,-0.0094860820099711,-0.0053757997229695,-0.0063238134607672,0.0067825284786522,-0.015042882412672,0.0085262898355722,-0.0151620963588357,0.0125248366966843,-0.0265885591506958,-0.0062880176119506,-0.0048211715184152,0.0185684747993946,0.0080244019627571,-0.0077401171438395,-0.0024674774613231,-0.0072872736491262,0.0189714711159467,0.0036186773795634,-0.010404865257442,0.0022664181888103,0.0078649809584021,-0.0090450942516326,-0.0038605239242315,0.0006223167292773,-0.0002270024269819,0.0097439866513013,-0.0040701031684875,0.0035930443555116,-0.0117318779230117,0.0132978251203894,0.0023518768139183,-0.0107005611062049,0.0073330495506525,0.002959192963317,-0.0299846567213535,0.0029504620470106,-0.0019659274257719,-0.0091296564787626,-0.0230474136769771,-0.0206797365099191,0.0002134927781298,0.000757080852054,-0.0024848284665495,0.0048670189965043,0.0378822251873938,0.0166558614290632,0.0397522367783005,0.0207657173109319,0.0507567878522845,0.0263898174394585,0.0704927749073538,0.0219560036770574,0.1949010710319041,0.0401140264848947,-0.009498175934075,2019-02-11,2019-02-12,2019-02-13,2019-02-14,2019-02-15,2019-02-19,2019-02-20,2019-02-21,2019-02-22,2019-02-25,79323.0,2019-02-08,252.0,0.1408%,0.0001,0.8953,-0.2463,0.5708,0.9471%,1.3156%,48.1820%,0.004608,ALL,79323.0,2019-02-11,252.0,0.0757%,0.0002,0.8441,-0.1981,0.57,0.9134%,1.2383%,45.5966%,-0.000284,ALL,79323.0,2019-02-12,252.0,0.4107%,0.0002,0.8432,-0.2019,0.5703,0.9139%,1.2372%,45.4409%,-0.006464,ALL,79323.0,2019-02-13,252.0,1.1732%,0.0003,0.8504,-0.2106,0.5708,0.9119%,1.2393%,45.8562%,0.008993,ALL,79323.0,2019-02-14,252.0,-0.8191%,0.0003,0.8501,-0.2124,0.5744,0.9077%,1.2367%,46.1264%,-0.002099,ALL,79323.0,2019-02-15,252.0,1.2335%,0.0002,0.8368,-0.2243,0.5529,0.9019%,1.2232%,45.6315%,0.000403,ALL,79323.0,2019-02-19,252.0,0.2543%,0.0002,0.8407,-0.2301,0.546,0.8984%,1.2228%,46.0217%,-0.000155,ALL,79323.0,2019-02-20,252.0,0.4650%,0.0002,0.8403,-0.2331,0.544,0.8979%,1.2227%,46.0735%,0.000456,ALL,79323.0,2019-02-21,252.0,-0.4523%,0.0003,0.8371,-0.2398,0.5382,0.8960%,1.2195%,46.0191%,-0.000426,ALL,79323.0,2019-02-22,252.0,-0.0634%,0.0003,0.8368,-0.241,0.5331,0.8961%,1.2194%,45.9940%,0.003055,ALL,79323.0,2019-02-25,252.0,0.3489%,0.0003,0.8362,-0.2427,0.5302,0.8957%,1.2188%,45.9883%,0.002467,ALL,0.004324,-0.00214,0.0068529999999999,0.0051569999999999,0.010554
31235,ARROWHEAD PHARMACEUTICALS INC,"Arrowhead Pharmaceuticals shares are trading higher after the company reported Q1 EPS up 172.22% from last year, and sales up 887.46% from last year.",6,increase,0.85,0.7,"the significant increases in both eps and sales suggest strong financial performance, which is likely to positively influence investor sentiment and drive the stock price higher.",2,2019-02-08,ARWR,2019-02-08 15:22:00+00:00,80069.0,04280A10,0.1774435788393021,5601212.0,0.080459788441658,-0.0390173383057117,0.025413729250431,0.0021723194513469,-0.0040345643647015,-0.037630658596754,0.0190972164273262,0.0034965167287737,0.0176036041229963,0.0127478968352079,0.0117186987772584,0.0367107205092907,-0.0016546486876904,0.031818188726902,-0.00441988511011,0.0015174130676314,0.0210876334458589,-0.0393585972487926,0.0391305014491081,0.0513410009443759,0.0015689737629145,0.0187353435903787,0.028720686212182,-0.022137401625514,-0.0091370707377791,-0.0977961421012878,0.0338114686310291,-0.007518773432821,-0.0168483722954988,0.0082701500505208,-0.0100806839764118,-0.0102318972349166,-0.0835030227899551,0.030942304059863,0.0072221755981445,-0.0437121465802192,0.0154440542683005,-0.008666674606502,0.035306878387928,0.0162601470947265,0.0136411460116505,0.0179310496896505,-0.0010352204553782,0.0276399962604045,-0.0388601049780845,0.070561408996582,0.0037736713420599,0.0937759429216384,0.0139633892104029,-0.0815548524260521,-0.0026482648681849,0.0563606917858123,-0.0154009032994508,0.040201049298048,0.028586771339178,-0.0025063229259103,-0.0681698620319366,0.0008361395448446,0.0168823432177305,0.1135940700769424,0.0193691421300172,-0.0419268757104873,-0.0358306095004081,-0.1289821118116379,0.0185810774564743,-0.0431226715445518,0.0143725937232375,-0.0203932803124189,-0.0027248580008745,-0.0164756793528795,0.0262295883148908,-0.0251396410167217,0.0378061272203922,-0.0324324667453765,-0.0071831396780908,-0.0256747473031282,0.0325580947101116,0.1152716353535652,-0.0115114888176322,-0.0029282548930495,-0.0268354769796133,0.0403655543923378,0.0140478909015655,-0.0366837866604328,-0.0225757081061601,0.0073910113424062,-0.0383201874792575,-0.1033797487616539,0.018013097345829,0.039256177842617,0.0321716032922267,-0.0061601097695529,-0.0451948493719101,-0.0128378737717866,-0.0114254131913185,0.1028316020965576,0.0198129117488861,-0.0059259203262627,0.0291418768465519,0.0384615398943424,-0.0068169459700584,0.0038610186893492,0.0058077457360923,0.0528454966843128,-0.0026246318593621,0.0073710200376808,-0.0347368344664573,-0.0881254896521568,-0.0196292586624622,0.0315871201455593,-0.0305895023047924,0.0762851685285568,0.0218014437705278,-0.0328788980841636,0.0185289122164249,-0.0280592087656259,0.0226019769906997,-0.1145617589354515,-0.0291104596108198,-0.0560260973870754,0.080459788441658,-0.0390173383057117,0.1079183009710922,-0.036929776977306,0.1034483332749935,-0.0731707437445728,0.1443167496228143,-0.0580736342249437,0.2209451514515903,0.0191570876178672,0.1538952745432777,0.238361322903897,0.1500638936779839,-0.1335504861388168,2019-02-11,2019-02-12,2019-02-13,2019-02-14,2019-02-15,2019-02-19,2019-02-20,2019-02-21,2019-02-22,2019-02-25,80069.0,2019-02-08,252.0,17.7444%,0.0042,1.9284,1.8767,-1.653,4.5597%,5.4454%,29.8841%,0.16426,ARWR,80069.0,2019-02-11,252.0,8.0460%,0.0044,1.9751,1.9202,-1.605,4.5748%,5.4601%,29.7990%,0.069076,ARWR,80069.0,2019-02-12,252.0,2.5414%,0.0045,1.988,1.897,-1.5942,4.5712%,5.4603%,29.9155%,-0.00466,ARWR,80069.0,2019-02-13,252.0,-0.4035%,0.0047,2.0217,1.8344,-1.6088,4.5454%,5.4492%,30.4195%,-0.009723,ARWR,80069.0,2019-02-14,252.0,1.9097%,0.0049,2.0247,1.8358,-1.6153,4.5366%,5.4454%,30.5929%,0.004373,ARWR,80069.0,2019-02-15,252.0,1.7604%,0.0047,1.9973,1.8104,-1.661,4.5335%,5.4353%,30.4309%,-0.002212,ARWR,80069.0,2019-02-19,252.0,1.1719%,0.0046,1.9887,1.8249,-1.6439,4.5298%,5.4223%,30.2102%,0.007557,ARWR,80069.0,2019-02-20,252.0,-0.1655%,0.0048,1.9923,1.8566,-1.6248,4.5171%,5.4131%,30.3658%,-0.0005059999999999,ARWR,80069.0,2019-02-21,252.0,-0.4420%,0.0047,2.0023,1.8759,-1.6065,4.5144%,5.4132%,30.4503%,0.000414,ARWR,80069.0,2019-02-22,252.0,2.1088%,0.0047,2.0053,1.9054,-1.543,4.5153%,5.4117%,30.3837%,-0.02596,ARWR,80069.0,2019-02-25,252.0,3.9131%,0.0049,2.0037,1.8874,-1.5583,4.5195%,5.4155%,30.3521%,0.038199,ARWR,0.233336,0.228676,0.2189529999999999,0.2211139999999999,0.2408179999999999
31243,AIR TRANSPORT SERVICES GROUP INC,Susquehanna Upgrades Air Transport Services Gr to Positive,6,increase,0.8,0.7,an upgrade to positive by a financial institution typically signals improved outlook and potential for stock price appreciation.,2,2019-02-08,ATSG,2019-02-08 11:22:00+00:00,90716.0,00922R10,-0.0159966945648193,411460.0,-0.0037515696603804,-0.0008196909329853,0.0238493606448173,-0.0008190195658244,-0.0028606331907212,0.0175000037997961,-0.0094262110069394,0.0139416949823498,0.0302027110010385,-0.0033684177324175,0.0116466237232089,0.0188760422170162,0.0170702785253524,-0.0122881745919585,-0.0074161016382277,-0.0054782624356448,0.0031458877492696,-0.0161692071706056,-0.0223441664129495,0.0194421391934156,-0.015637582167983,-0.0112829273566603,-0.0175152104347944,-0.0037468839436769,-0.0352404788136482,-0.0078479405492544,-0.020197732374072,0.022381704300642,-0.0692982450127601,0.0171821136027574,-0.0009424387826584,-0.0106247337535023,-0.0004717088886536,0.0077087925747036,-0.0004719315038528,-0.0114310095086693,0.007082134950906,0.0012717543868348,-0.0182840786874294,0.0238714944571256,-0.0195797439664602,-0.0290770605206489,0.0034096294548362,0.0206451416015625,-0.0082524307072162,0.0449438206851482,-0.0137053690850734,0.0086128981783986,0.0124069480225443,-0.0208611283451318,-0.0093137519434094,-0.0122752645984292,0.0326571874320507,0.0429811887443065,0.0464781634509563,0.0092293843626976,-0.03113554418087,0.0154639137908816,0.0212665777653455,0.0627490133047103,-0.0018510372610762,-0.0098619703203439,0.0194714926183223,0.1015752777457237,0.0027284887619316,0.051399178802967,0.0453514754772186,-0.0315265320241451,0.015618247911334,0.0296127833425998,-0.0358821079134941,0.0,-0.0070890495553612,-0.0112613039091229,0.0196341164410114,-0.0252469312399625,0.0008752935682423,0.0139120761305093,-0.0034980289638042,-0.0022210390307009,-0.0114085217937827,0.0123664587736129,0.0168663617223501,-0.0154952285811305,0.0157136879861354,0.0140291806310415,0.0090244552120566,-0.0439914017915725,-0.005536591168493,0.0059362491592764,0.0128479329869151,0.0081611275672912,-0.0016912900609895,-0.0275132525712251,0.0050825467333197,0.0288513209670782,-0.0164348669350147,-0.0207888800650835,0.0025706712622195,0.0135062122717499,0.0119658410549163,0.0109230345115065,-0.0367399007081985,-0.0102702993899583,0.0135905910283327,-0.039958506822586,0.0164359491318464,-0.0087448600679636,0.0012766249710693,0.0109204882755875,-0.016574639827013,0.0196181815117597,-0.0030250516720116,-0.0026440634392201,0.0030342303216457,0.0221621543169021,-0.0224718488752841,-0.0379614941775798,-0.0305040013045072,-0.0370555743575096,-0.0037515696603804,-0.0008196909329853,0.0200083184466222,-0.0016380391558977,0.0170904487960619,0.0158332989524458,0.037932465770925,0.0265262810546667,0.0395998670615063,0.0304310795926245,-0.0992079702149892,0.2141433875397713,-0.0858690933431329,0.2208312446825404,2019-02-11,2019-02-12,2019-02-13,2019-02-14,2019-02-15,2019-02-19,2019-02-20,2019-02-21,2019-02-22,2019-02-25,90716.0,2019-02-08,252.0,-1.5997%,0.0001,0.8794,0.6052,-0.0246,2.1517%,2.3834%,18.4968%,-0.017453,ATSG,90716.0,2019-02-11,252.0,-0.3752%,0.0001,0.883,0.5893,-0.0313,2.1523%,2.3788%,18.1371%,-0.00902,ATSG,90716.0,2019-02-12,252.0,2.3849%,0.0,0.8693,0.6152,-0.0429,2.1430%,2.3687%,18.1517%,0.011569,ATSG,90716.0,2019-02-13,252.0,-0.2861%,-0.0002,0.8488,0.6475,-0.0386,2.1261%,2.3464%,17.8938%,-0.005734,ATSG,90716.0,2019-02-14,252.0,-0.9426%,-0.0001,0.8537,0.6427,-0.0371,2.1163%,2.3389%,18.1270%,-0.011334,ATSG,90716.0,2019-02-15,252.0,3.0203%,0.0002,0.8996,0.686,0.0402,2.1041%,2.3409%,19.2099%,0.019027,ATSG,90716.0,2019-02-19,252.0,1.1647%,0.0002,0.9036,0.6872,0.0412,2.1040%,2.3419%,19.2847%,0.007727,ATSG,90716.0,2019-02-20,252.0,1.7070%,0.0003,0.9079,0.6998,0.0574,2.1052%,2.3441%,19.3425%,0.013515,ATSG,90716.0,2019-02-21,252.0,-0.7416%,0.0004,0.9004,0.6837,0.0437,2.1002%,2.3360%,19.1733%,-0.003535,ATSG,90716.0,2019-02-22,252.0,0.3146%,0.0003,0.9023,0.6555,0.0411,2.0968%,2.3323%,19.1728%,-0.005925,ATSG,90716.0,2019-02-25,252.0,-2.2344%,0.0001,0.9057,0.6698,0.0611,2.0940%,2.3300%,19.2334%,-0.022019,ATSG,-0.026473,-0.0149039999999999,-0.020638,-0.0129449999999999,-0.0231819999999999
31251,AVISTA CORP,Avista Sees FY19 GAAP EPS $2.78-$2.98,6,uncertain,0.6,0.3,"while the forecasted gaap eps range suggests potential growth, the uncertainty in the exact figure and market conditions makes the impact on stock price unclear.",1,2019-02-08,AVA,2019-02-08 11:08:00+00:00,24969.0,05379B10,-0.0105998227372765,1525491.0,-0.0024348301813006,0.0077688689343631,0.0029289461672306,-0.0055528623051941,-0.0021903177257627,-0.0036084081511944,0.000243861504714,0.0060503389686346,0.0053645754233002,-0.0126642482355237,0.0084890201687812,0.0067355972714722,-0.0002405516133876,0.0084909861907362,0.0045104455202817,0.0056111132726073,0.0087019726634025,-0.0004876040911767,-0.0167745221406221,0.0051470366306602,-0.0070679285563528,-0.0065741529688239,-0.0125184617936611,-0.0024289160501211,0.0044742804020643,-0.0031477257143706,-0.0086611844599246,-0.0002421238459646,0.0024962173774838,0.0097775980830192,-0.0039840601384639,0.0049128169193863,0.0012499808799475,0.0034508106764405,0.0112359747290611,-0.0174376647919416,0.0145679051056504,-0.0112547278404235,-0.0019469902617856,0.0036048477049916,0.0107291508466005,-0.0026366396341472,0.0009650401771068,-0.0004791676183231,-0.0091588590294122,-0.0097271613776683,0.0082704974338412,0.0042887846939265,0.0004825200885534,-0.0193924773484468,-0.0192911271005868,0.0075329495593905,-0.0054093291983008,-0.0007056876202113,0.0103831440210342,-0.0035162102431058,-0.0029361129272729,-0.0009367895545437,-0.002944759093225,-0.0074383937753736,0.0019689395558089,-0.0191518496721983,0.0002456923830322,0.0002280988992424,-0.0081041706725955,0.0052728001028299,0.0056944675743579,0.0108921760693192,0.0054160812869668,-0.0186490714550018,-0.0056317225098609,-0.0228888615965843,0.0009850015630945,0.0015579722821712,0.0044280514121055,-0.0072911628521978,0.0061229486018419,0.0182226672768592,-0.0026777167804539,0.0211348962038755,-0.0019526928663253,-0.0082023376598954,0.0078258672729134,-0.0176813099533319,0.0002427113940939,-0.1305701285600662,0.0058223642408847,-0.0005834068288095,0.0062711564823985,-0.0115340696647763,0.0028762926813215,-0.0015354705974459,-0.0126672750338912,0.0006197530892677,0.0118614826351404,0.0003815425152424,-0.0026315934956073,0.0013371480163186,0.0086351791396737,-0.0009542566840536,-0.0026159479748457,-0.0003814697265625,-0.0035764833446592,-0.0001907712430693,0.0083751725032925,0.0005724957445636,-0.0002372643939452,0.0019120896467939,0.0239733755588531,-0.0017178880516439,-0.0201668739318847,0.0015293062897399,0.0070972139947116,-0.0001910994178615,0.0234907213598489,-0.0015267524868249,0.0043607670813798,-0.0034233606420457,-0.0091407159343361,0.0028609866276383,-0.0024348301813006,0.0077688689343631,0.0004869844994026,0.0021728671697094,-0.0017043998771413,-0.0014433815730916,0.0038957840153779,-0.0081242568436081,0.0083835975874102,0.0174019388396933,-0.0014470418773517,-0.0351000025251806,0.0656474459574931,-0.2026171483360738,2019-02-11,2019-02-12,2019-02-13,2019-02-14,2019-02-15,2019-02-19,2019-02-20,2019-02-21,2019-02-22,2019-02-25,24969.0,2019-02-08,252.0,-1.0600%,-0.0006,0.1741,0.2395,0.2645,1.1118%,1.1304%,3.2700%,-0.009221,AVA,24969.0,2019-02-11,252.0,-0.2435%,-0.0006,0.1755,0.2323,0.2613,1.1120%,1.1304%,3.2259%,-0.004967,AVA,24969.0,2019-02-12,252.0,0.2929%,-0.0007,0.1734,0.2361,0.2595,1.1116%,1.1299%,3.2088%,0.00084,AVA,24969.0,2019-02-13,252.0,-0.2190%,-0.0007,0.1734,0.235,0.2587,1.1117%,1.1300%,3.2000%,-0.003099,AVA,24969.0,2019-02-14,252.0,0.0244%,-0.0006,0.174,0.2363,0.2559,1.1086%,1.1270%,3.2265%,0.000787,AVA,24969.0,2019-02-15,252.0,0.5365%,-0.0006,0.1746,0.2371,0.2572,1.1087%,1.1271%,3.2326%,0.00148,AVA,24969.0,2019-02-19,252.0,0.8489%,-0.0006,0.1738,0.2447,0.2658,1.1087%,1.1275%,3.3166%,0.006598,AVA,24969.0,2019-02-20,252.0,-0.0241%,-0.0006,0.1735,0.2449,0.2649,1.1086%,1.1275%,3.3187%,-0.002671,AVA,24969.0,2019-02-21,252.0,0.4510%,-0.0005,0.1697,0.2387,0.258,1.1087%,1.1266%,3.1563%,0.005833,AVA,24969.0,2019-02-22,252.0,0.8702%,-0.0005,0.1676,0.2576,0.2494,1.1079%,1.1262%,3.2162%,0.009978,AVA,24969.0,2019-02-25,252.0,-1.6775%,-0.0006,0.1687,0.2664,0.2583,1.1107%,1.1296%,3.3263%,-0.016007,AVA,-0.014188,-0.0133479999999999,-0.016447,-0.01418,-0.010449
31259,AVISTA CORP,"Avista Q4 EPS $0.70 Beats $0.64 Estimate, Sales $355.441M Down From $377.455M YoY",6,increase,0.7,0.5,"the earnings per share (eps) beat estimates, which is generally a positive indicator for stock performance, despite the decline in sales.",2,2019-02-08,AVA,2019-02-08 11:07:00+00:00,24969.0,05379B10,-0.0105998227372765,1525491.0,-0.0024348301813006,0.0077688689343631,0.0029289461672306,-0.0055528623051941,-0.0021903177257627,-0.0036084081511944,0.000243861504714,0.0060503389686346,0.0053645754233002,-0.0126642482355237,0.0084890201687812,0.0067355972714722,-0.0002405516133876,0.0084909861907362,0.0045104455202817,0.0056111132726073,0.0087019726634025,-0.0004876040911767,-0.0167745221406221,0.0051470366306602,-0.0070679285563528,-0.0065741529688239,-0.0125184617936611,-0.0024289160501211,0.0044742804020643,-0.0031477257143706,-0.0086611844599246,-0.0002421238459646,0.0024962173774838,0.0097775980830192,-0.0039840601384639,0.0049128169193863,0.0012499808799475,0.0034508106764405,0.0112359747290611,-0.0174376647919416,0.0145679051056504,-0.0112547278404235,-0.0019469902617856,0.0036048477049916,0.0107291508466005,-0.0026366396341472,0.0009650401771068,-0.0004791676183231,-0.0091588590294122,-0.0097271613776683,0.0082704974338412,0.0042887846939265,0.0004825200885534,-0.0193924773484468,-0.0192911271005868,0.0075329495593905,-0.0054093291983008,-0.0007056876202113,0.0103831440210342,-0.0035162102431058,-0.0029361129272729,-0.0009367895545437,-0.002944759093225,-0.0074383937753736,0.0019689395558089,-0.0191518496721983,0.0002456923830322,0.0002280988992424,-0.0081041706725955,0.0052728001028299,0.0056944675743579,0.0108921760693192,0.0054160812869668,-0.0186490714550018,-0.0056317225098609,-0.0228888615965843,0.0009850015630945,0.0015579722821712,0.0044280514121055,-0.0072911628521978,0.0061229486018419,0.0182226672768592,-0.0026777167804539,0.0211348962038755,-0.0019526928663253,-0.0082023376598954,0.0078258672729134,-0.0176813099533319,0.0002427113940939,-0.1305701285600662,0.0058223642408847,-0.0005834068288095,0.0062711564823985,-0.0115340696647763,0.0028762926813215,-0.0015354705974459,-0.0126672750338912,0.0006197530892677,0.0118614826351404,0.0003815425152424,-0.0026315934956073,0.0013371480163186,0.0086351791396737,-0.0009542566840536,-0.0026159479748457,-0.0003814697265625,-0.0035764833446592,-0.0001907712430693,0.0083751725032925,0.0005724957445636,-0.0002372643939452,0.0019120896467939,0.0239733755588531,-0.0017178880516439,-0.0201668739318847,0.0015293062897399,0.0070972139947116,-0.0001910994178615,0.0234907213598489,-0.0015267524868249,0.0043607670813798,-0.0034233606420457,-0.0091407159343361,0.0028609866276383,-0.0024348301813006,0.0077688689343631,0.0004869844994026,0.0021728671697094,-0.0017043998771413,-0.0014433815730916,0.0038957840153779,-0.0081242568436081,0.0083835975874102,0.0174019388396933,-0.0014470418773517,-0.0351000025251806,0.0656474459574931,-0.2026171483360738,2019-02-11,2019-02-12,2019-02-13,2019-02-14,2019-02-15,2019-02-19,2019-02-20,2019-02-21,2019-02-22,2019-02-25,24969.0,2019-02-08,252.0,-1.0600%,-0.0006,0.1741,0.2395,0.2645,1.1118%,1.1304%,3.2700%,-0.009221,AVA,24969.0,2019-02-11,252.0,-0.2435%,-0.0006,0.1755,0.2323,0.2613,1.1120%,1.1304%,3.2259%,-0.004967,AVA,24969.0,2019-02-12,252.0,0.2929%,-0.0007,0.1734,0.2361,0.2595,1.1116%,1.1299%,3.2088%,0.00084,AVA,24969.0,2019-02-13,252.0,-0.2190%,-0.0007,0.1734,0.235,0.2587,1.1117%,1.1300%,3.2000%,-0.003099,AVA,24969.0,2019-02-14,252.0,0.0244%,-0.0006,0.174,0.2363,0.2559,1.1086%,1.1270%,3.2265%,0.000787,AVA,24969.0,2019-02-15,252.0,0.5365%,-0.0006,0.1746,0.2371,0.2572,1.1087%,1.1271%,3.2326%,0.00148,AVA,24969.0,2019-02-19,252.0,0.8489%,-0.0006,0.1738,0.2447,0.2658,1.1087%,1.1275%,3.3166%,0.006598,AVA,24969.0,2019-02-20,252.0,-0.0241%,-0.0006,0.1735,0.2449,0.2649,1.1086%,1.1275%,3.3187%,-0.002671,AVA,24969.0,2019-02-21,252.0,0.4510%,-0.0005,0.1697,0.2387,0.258,1.1087%,1.1266%,3.1563%,0.005833,AVA,24969.0,2019-02-22,252.0,0.8702%,-0.0005,0.1676,0.2576,0.2494,1.1079%,1.1262%,3.2162%,0.009978,AVA,24969.0,2019-02-25,252.0,-1.6775%,-0.0006,0.1687,0.2664,0.2583,1.1107%,1.1296%,3.3263%,-0.016007,AVA,-0.014188,-0.0133479999999999,-0.016447,-0.01418,-0.010449
31267,AUTOZONE INC,"Oppenheimer Downgrades AutoZone to Perform, Raises Price Target to $900",6,decrease,0.7,0.5,"a downgrade typically signals reduced expectations for a company's performance, which can lead to a decrease in stock price despite the raised price target.",0,2019-02-08,AZO,2019-02-08 11:44:00+00:00,76605.0,05333210,-0.0053370078094303,278804.0,0.0158223006874322,0.012314535677433,0.0033675162121653,-0.0015412181382998,0.0005162879242561,-2.302577740920242e-05,0.0152576249092817,0.0229789391160011,0.0163432396948337,0.0030329574365168,-0.0033378715161234,0.0049456739798188,0.0048654079437255,0.0150603260844945,-0.0160779003053903,0.0142244454473257,0.0058808117173612,0.0053643267601728,-0.0241976156830787,-0.0001840515760704,0.0510342009365558,-0.0236774422228336,-0.0246738046407699,0.0064519722945988,0.0296513754874467,-0.0179078970104455,-0.0102771800011396,0.002386306412518,0.0039060870185494,0.0112249990925192,0.0073744626715779,0.0040743565186858,-0.0047668637707829,0.0031440139282494,0.005559429526329,0.0049824710004031,-0.0061878766864538,-0.0053907968103885,0.0056701391004025,0.0085085108876228,-0.0057658199220895,0.0110800135880708,0.0063877250067889,-0.0133159989491105,0.0102489460259676,-0.0159280989319086,0.0126391891390085,-0.0117670856416225,0.013884462416172,0.0084677468985319,0.0034850330557674,0.0001669413468334,0.0020326972007751,-0.0007985398406162,0.0204999558627605,-0.0047802813351154,-0.0197984259575605,0.0047433800064027,0.014868451282382,0.0197369903326034,0.0014560401905328,-0.0038980809040367,0.0059059015475213,-0.0002178507857024,0.001963686896488,-0.0115448869764804,0.0188525449484586,-0.0249288361519575,0.0054583111777901,0.003582380246371,0.0119159957394003,-0.0195812843739986,0.0034070222172886,-0.0138542931526899,-0.0046293148770928,-0.0065892077982425,0.0075239297002553,0.0125236241146922,0.0038339940365403,-0.0085000824183225,-0.0115340165793895,0.0180541761219501,0.0190023258328437,0.0017037119250744,0.0079231653362512,-0.0129421688616275,-0.0077392198145389,0.0674501881003379,0.0040459460578858,0.0190218575298786,-0.0028179863002151,-0.0202947445213794,-0.0096270414069294,-0.0094398409128189,-0.0060111535713076,-0.0018317927606403,-0.0094254789873957,0.0185731463134288,0.012132978066802,-0.0090994033962488,-0.0049248244613409,0.0101561350747942,-0.0002397851640125,0.0329084694385528,-0.008442391641438,-0.0436968617141246,-0.0106913531199097,0.0016425142530351,0.0056822090409696,0.0221594143658876,-0.0042886231094598,-0.0161059275269508,0.0140736727043986,0.0120716029778122,-0.0047481516376137,0.0263436865061521,-0.0026514837518334,-0.00159978272859,-0.0148257678374648,-0.0063459174707531,0.0158223006874322,0.012314535677433,0.0192430987536762,0.0107543381533823,0.0197693216574441,0.0107310647489766,0.0522492025983336,0.0370925386842933,0.0177557655371807,0.0785233537704794,0.13932359481774,0.0679978756869856,0.1616327660028074,0.0999199082462123,2019-02-11,2019-02-12,2019-02-13,2019-02-14,2019-02-15,2019-02-19,2019-02-20,2019-02-21,2019-02-22,2019-02-25,76605.0,2019-02-08,252.0,-0.5337%,0.0008,0.3768,0.2581,0.176,1.6465%,1.6933%,5.4552%,-0.004791,AZO,76605.0,2019-02-11,252.0,1.5822%,0.0009,0.3745,0.2768,0.185,1.6481%,1.6935%,5.2888%,0.013087,AZO,76605.0,2019-02-12,252.0,0.3368%,0.0009,0.3719,0.2783,0.1834,1.6482%,1.6932%,5.2489%,-0.001567,AZO,76605.0,2019-02-13,252.0,0.0516%,0.0008,0.3693,0.282,0.1836,1.6479%,1.6924%,5.1901%,-0.000921,AZO,76605.0,2019-02-14,252.0,1.5258%,0.001,0.3677,0.291,0.1708,1.6416%,1.6867%,5.2799%,0.0155319999999999,AZO,76605.0,2019-02-15,252.0,1.6343%,0.001,0.3704,0.2944,0.1766,1.6425%,1.6879%,5.3112%,0.010541,AZO,76605.0,2019-02-19,252.0,-0.3338%,0.001,0.3687,0.2909,0.1728,1.6430%,1.6879%,5.2575%,-0.0055249999999999,AZO,76605.0,2019-02-20,252.0,0.4865%,0.0011,0.3707,0.3029,0.1819,1.6394%,1.6852%,5.3578%,0.0024749999999999,AZO,76605.0,2019-02-21,252.0,-1.6078%,0.001,0.3748,0.3079,0.1896,1.6422%,1.6887%,5.4249%,-0.014176,AZO,76605.0,2019-02-22,252.0,0.5881%,0.001,0.3746,0.2998,0.1803,1.6418%,1.6882%,5.4196%,0.004438,AZO,76605.0,2019-02-25,252.0,-2.4198%,0.0009,0.3743,0.3117,0.1851,1.6490%,1.6955%,5.4068%,-0.023755,AZO,0.008296,0.006729,0.005808,0.031881,-0.0046619999999999
31275,BROOKFIELD RENEWABLE PARTNERS LP,"Brookfield Renewable Q4 Adj. EBITDA $371M, FFO $0.66 vs $0.46 In Same Qtr. Last Year",6,increase,0.8,0.7,"the significant increase in adjusted ebitda and funds from operations compared to the same quarter last year suggests strong financial performance, which is likely to positively influence investor sentiment and increase the stock price.",2,2019-02-08,BEP,2019-02-08 11:51:00+00:00,14009.0,G1625810,0.0338863730430603,356945.0,-0.0085353357717394,-0.0090940967202186,-0.000344360480085,-0.0090121394023299,-0.0027557672001421,-0.0027652927674353,0.0089809438213706,-0.0020696606952697,0.009243425913155,0.0052010961808264,0.0149253914132714,-0.0079119214788079,-0.0033422587439417,0.0006884839385747,-0.0003353530773892,0.0003442948218435,0.0067091835662722,-0.0024046613834798,0.0029990053735673,0.0160558819770813,0.0109634520485997,0.0038541941903531,-0.0018074172548949,0.0028110272251069,0.0077025964856147,-0.001753810676746,-0.0039880638942122,0.0074205300770699,0.0076743895187973,0.0042583011090755,-0.0003311334003228,-0.0014173993840813,0.0096057970076799,0.0071377176791429,0.0006561829941347,-0.0112914498895406,0.0085245976224541,-0.0052649918943643,0.002925882814452,-0.0014020650414749,0.0025931904092431,0.0142197487875819,0.0035564373247325,0.0060801175422966,0.0057989172637462,0.008658000268042,0.0041640317067503,0.0320178195834159,0.0025518317706882,0.0205167531967163,-0.0019089871784672,0.0162162184715271,0.0,0.0136986458674073,0.0012750719906762,0.0114805623888969,-0.0031837115529924,-0.0043358537368476,0.0035132740158587,0.0313008315861225,0.006047120783478,-0.0226459950208663,0.0066434382461011,-0.0171808097511529,-0.0094280084595084,-0.0092843240126967,0.0136421415954828,-0.0084387920796871,0.0012519251322373,-0.0113766072317957,-0.0012503596954047,-0.0315827652812004,-0.0100156990811228,0.0073991436511278,-0.0053746467456221,0.0011111365165561,-0.0012714243493974,-0.0022172753233462,0.0184595771133899,-0.0040486054494977,-0.0056250095367431,-0.016292568296194,-0.0028284145519137,-0.0107449581846594,-0.0088244182989001,-0.0234347693622112,-0.0038156069349497,-0.0013971013249829,0.0044685411266982,0.0003493473632261,0.0034954119473695,0.0024518950376659,-0.0015832564095035,0.0048442776314914,0.0,0.0126138292253017,0.0050745271146297,0.0003505162603687,-0.003471145639196,0.0035174244549125,-0.0072830761782824,0.0124644013121724,-0.0025518317706882,0.0222060661762952,0.0038375097792595,-0.0150591637939214,0.0019114805618301,0.0068591558374464,0.0022257454693317,0.0043510096147656,-0.0050761373713612,-0.0096948100253939,0.0022321331780403,-0.0131112309172749,-0.007317834533751,-0.0143206380307674,0.0019230598118156,0.0056199454702436,-0.0044785472564399,0.0014069295721128,-0.0085353357717394,-0.0090940967202186,-0.0088767570195004,-0.0180242788551676,-0.0116080619438045,-0.0207397292146465,0.0064868092271486,-0.017683780104546,0.0276544709892447,-0.0111692733854609,0.0912224176464848,0.1516259943834803,0.0808033892388278,0.0135850796945775,2019-02-11,2019-02-12,2019-02-13,2019-02-14,2019-02-15,2019-02-19,2019-02-20,2019-02-21,2019-02-22,2019-02-25,14009.0,2019-02-08,252.0,3.3886%,-0.0001,0.3565,0.2069,0.1624,0.8670%,0.9425%,15.3874%,0.0346939999999999,BEP,14009.0,2019-02-11,252.0,-0.8535%,-0.0002,0.3662,0.1831,0.1546,0.8677%,0.9440%,15.5136%,-0.0108729999999999,BEP,14009.0,2019-02-12,252.0,-0.0344%,-0.0002,0.3641,0.1822,0.1537,0.8682%,0.9438%,15.3668%,-0.005199,BEP,14009.0,2019-02-13,252.0,-0.2756%,-0.0002,0.3654,0.1783,0.1521,0.8682%,0.9439%,15.4029%,-0.004092,BEP,14009.0,2019-02-14,252.0,0.8981%,-0.0002,0.3628,0.1835,0.147,0.8698%,0.9450%,15.2669%,0.009603,BEP,14009.0,2019-02-15,252.0,0.9243%,-0.0001,0.3756,0.1955,0.1684,0.8667%,0.9461%,16.0881%,0.003879,BEP,14009.0,2019-02-19,252.0,1.4925%,-0.0001,0.3754,0.2077,0.1822,0.8686%,0.9475%,15.9611%,0.01304,BEP,14009.0,2019-02-20,252.0,-0.3342%,-0.0001,0.3739,0.205,0.1772,0.8693%,0.9478%,15.8744%,-0.005614,BEP,14009.0,2019-02-21,252.0,-0.0335%,-0.0001,0.3743,0.2061,0.1779,0.8693%,0.9477%,15.8729%,0.001499,BEP,14009.0,2019-02-22,252.0,0.6709%,-0.0001,0.3727,0.2259,0.1774,0.8657%,0.9450%,16.0794%,0.005657,BEP,14009.0,2019-02-25,252.0,0.2999%,-0.0,0.3718,0.2233,0.1726,0.8645%,0.9437%,16.0722%,0.003247,BEP,0.0238209999999999,0.0186219999999999,0.0145299999999999,0.0280119999999999,0.045841
31283,BIOCEPT INC,Biocept shares are trading lower after the company priced its 6.25 million share offering at $1.20 per share.,6,decrease,0.8,0.7,"the pricing of a share offering typically dilutes existing shares, leading to a decrease in stock price.",0,2019-02-08,BIOC,2019-02-08 14:04:00+00:00,14449.0,09072V60,-0.4729063808917999,8737347.0,0.0046728923916816,0.0797872245311737,-0.0232559014111757,0.0107526779174804,-0.009523800574243,-0.0261779855936765,-0.0384615026414394,-0.0402010269463062,0.0099999904632568,0.0101522747427225,0.0,0.0479281097650528,0.0099009806290268,-5.320031777955592e-05,-0.01960782520473,-0.1090046986937523,0.0,0.0876287817955017,0.0099999904632568,-0.0490195602178573,0.0297029428184032,0.0625000074505806,0.0384616181254386,-0.0153846610337495,-0.0462963618338108,-0.1484715789556503,0.0194174572825431,-0.2442244291305542,-0.009523800574243,0.2948718369007111,-0.0192307513207197,0.4011975824832916,0.009803912602365,-0.2409091293811798,-0.0097087286412715,1.4043716192245483,0.0,-0.0045691705308854,0.1862745732069016,-0.000869579904247,-0.0247934628278017,0.0056843338534235,0.01694923825562,0.0698164105415344,0.3166666626930237,-0.1050759106874466,-0.2594937086105347,0.0082304347306489,-0.0769230052828788,-0.0329591780900955,0.0370370000600814,0.139402449131012,-0.0267856884747743,0.048774491995573,-0.0366973206400871,0.0354798138141632,-0.009523800574243,0.0153846470639109,-0.0096153756603598,-0.0901668220758438,0.1941748112440109,0.071491003036499,-0.0731707587838172,-0.0429425798356533,0.0350876860320568,0.0450000166893005,-0.0254237055778503,-0.2982456088066101,0.0,0.6627771258354187,-0.0347825773060321,-0.1611403822898865,-0.0180179998278617,0.0614286251366138,-0.0183486063033342,-0.0851847901940345,-0.0046728923916816,0.0044152960181236,0.0140844928100705,-0.1178947240114212,-0.0370371118187904,-0.0776698887348175,0.0288462415337562,-0.0803571715950965,-0.0186916813254356,-0.0175438430160284,0.0,0.0654204934835434,-0.0190476011484861,0.0094340657815337,-0.0145630929619073,-0.0535714849829673,0.0049261036328971,-0.0260869320482015,0.0,-0.1417910903692245,-0.03921565040946,-0.1518987417221069,-0.0306122750043869,0.0193548984825611,0.0315789803862571,0.0,-0.0419388003647327,0.0,0.0080945892259478,-0.037267118692398,-0.0147913349792361,0.0454545803368091,-0.0241286624222993,-0.0434782914817333,0.0329670011997222,0.0189873222261667,-0.0425532162189483,-0.1222221776843071,0.0110000371932983,-0.0055248569697141,0.0113199036568403,-0.0423280671238899,-0.0306454803794622,-0.0357143133878707,0.0046728923916816,0.0797872245311737,-0.01869168134426,0.0913978287759675,-0.028037466072983,0.0628272321373004,-0.0560748206082308,0.030456826337317,-0.0560748211068923,-0.0049019498643808,-0.0373832244864891,1.3678992505820933,-0.1663551405647614,0.0357141985997082,2019-02-11,2019-02-12,2019-02-13,2019-02-14,2019-02-15,2019-02-19,2019-02-20,2019-02-21,2019-02-22,2019-02-25,14449.0,2019-02-08,252.0,-47.2906%,-0.0006,-0.6698,0.6149,0.6438,14.5660%,14.5983%,0.4427%,-0.471179,BIOC,14449.0,2019-02-11,252.0,0.4673%,-0.0003,-0.7778,0.7182,0.6431,14.5564%,14.5952%,0.5314%,-2.8e-05,BIOC,14449.0,2019-02-12,252.0,-2.3256%,-0.0002,-0.7671,0.6962,0.6525,14.5554%,14.5935%,0.5212%,-0.011829,BIOC,14449.0,2019-02-13,252.0,-0.9524%,-0.0005,-0.7949,0.7398,0.6583,14.5509%,14.5912%,0.5507%,-0.00835,BIOC,14449.0,2019-02-14,252.0,-3.8462%,-0.0007,-0.7873,0.7172,0.6861,14.5520%,14.5923%,0.5508%,-0.040259,BIOC,14449.0,2019-02-15,252.0,1.0000%,-0.0007,-0.7881,0.718,0.6868,14.5521%,14.5924%,0.5514%,0.013711,BIOC,14449.0,2019-02-19,252.0,0.0000%,-0.0009,-0.8034,0.7376,0.7102,14.5490%,14.5909%,0.5736%,-0.002745,BIOC,14449.0,2019-02-20,252.0,0.9901%,-0.0007,-0.7986,0.7624,0.7311,14.5477%,14.5900%,0.5795%,0.0057989999999999,BIOC,14449.0,2019-02-21,252.0,-1.9608%,-0.0008,-0.7982,0.7589,0.7321,14.5481%,14.5904%,0.5790%,-0.020447,BIOC,14449.0,2019-02-22,252.0,0.0000%,-0.0005,-0.8024,0.8253,0.742,14.5452%,14.5886%,0.5945%,0.0116759999999999,BIOC,14449.0,2019-02-25,252.0,1.0000%,-0.0003,-0.8067,0.8136,0.72,14.5437%,14.5868%,0.5894%,0.0145849999999999,BIOC,-0.471207,-0.4830359999999999,-0.491386,-0.517934,-0.509066
31291,BIOCEPT INC,Biocept Prices 6.25M Share Offering At $1.20/Share,6,decrease,0.7,0.5,"the pricing of a share offering typically dilutes existing shareholders' equity, which can lead to a decrease in stock price.",0,2019-02-08,BIOC,2019-02-08 13:46:00+00:00,14449.0,09072V60,-0.4729063808917999,8737347.0,0.0046728923916816,0.0797872245311737,-0.0232559014111757,0.0107526779174804,-0.009523800574243,-0.0261779855936765,-0.0384615026414394,-0.0402010269463062,0.0099999904632568,0.0101522747427225,0.0,0.0479281097650528,0.0099009806290268,-5.320031777955592e-05,-0.01960782520473,-0.1090046986937523,0.0,0.0876287817955017,0.0099999904632568,-0.0490195602178573,0.0297029428184032,0.0625000074505806,0.0384616181254386,-0.0153846610337495,-0.0462963618338108,-0.1484715789556503,0.0194174572825431,-0.2442244291305542,-0.009523800574243,0.2948718369007111,-0.0192307513207197,0.4011975824832916,0.009803912602365,-0.2409091293811798,-0.0097087286412715,1.4043716192245483,0.0,-0.0045691705308854,0.1862745732069016,-0.000869579904247,-0.0247934628278017,0.0056843338534235,0.01694923825562,0.0698164105415344,0.3166666626930237,-0.1050759106874466,-0.2594937086105347,0.0082304347306489,-0.0769230052828788,-0.0329591780900955,0.0370370000600814,0.139402449131012,-0.0267856884747743,0.048774491995573,-0.0366973206400871,0.0354798138141632,-0.009523800574243,0.0153846470639109,-0.0096153756603598,-0.0901668220758438,0.1941748112440109,0.071491003036499,-0.0731707587838172,-0.0429425798356533,0.0350876860320568,0.0450000166893005,-0.0254237055778503,-0.2982456088066101,0.0,0.6627771258354187,-0.0347825773060321,-0.1611403822898865,-0.0180179998278617,0.0614286251366138,-0.0183486063033342,-0.0851847901940345,-0.0046728923916816,0.0044152960181236,0.0140844928100705,-0.1178947240114212,-0.0370371118187904,-0.0776698887348175,0.0288462415337562,-0.0803571715950965,-0.0186916813254356,-0.0175438430160284,0.0,0.0654204934835434,-0.0190476011484861,0.0094340657815337,-0.0145630929619073,-0.0535714849829673,0.0049261036328971,-0.0260869320482015,0.0,-0.1417910903692245,-0.03921565040946,-0.1518987417221069,-0.0306122750043869,0.0193548984825611,0.0315789803862571,0.0,-0.0419388003647327,0.0,0.0080945892259478,-0.037267118692398,-0.0147913349792361,0.0454545803368091,-0.0241286624222993,-0.0434782914817333,0.0329670011997222,0.0189873222261667,-0.0425532162189483,-0.1222221776843071,0.0110000371932983,-0.0055248569697141,0.0113199036568403,-0.0423280671238899,-0.0306454803794622,-0.0357143133878707,0.0046728923916816,0.0797872245311737,-0.01869168134426,0.0913978287759675,-0.028037466072983,0.0628272321373004,-0.0560748206082308,0.030456826337317,-0.0560748211068923,-0.0049019498643808,-0.0373832244864891,1.3678992505820933,-0.1663551405647614,0.0357141985997082,2019-02-11,2019-02-12,2019-02-13,2019-02-14,2019-02-15,2019-02-19,2019-02-20,2019-02-21,2019-02-22,2019-02-25,14449.0,2019-02-08,252.0,-47.2906%,-0.0006,-0.6698,0.6149,0.6438,14.5660%,14.5983%,0.4427%,-0.471179,BIOC,14449.0,2019-02-11,252.0,0.4673%,-0.0003,-0.7778,0.7182,0.6431,14.5564%,14.5952%,0.5314%,-2.8e-05,BIOC,14449.0,2019-02-12,252.0,-2.3256%,-0.0002,-0.7671,0.6962,0.6525,14.5554%,14.5935%,0.5212%,-0.011829,BIOC,14449.0,2019-02-13,252.0,-0.9524%,-0.0005,-0.7949,0.7398,0.6583,14.5509%,14.5912%,0.5507%,-0.00835,BIOC,14449.0,2019-02-14,252.0,-3.8462%,-0.0007,-0.7873,0.7172,0.6861,14.5520%,14.5923%,0.5508%,-0.040259,BIOC,14449.0,2019-02-15,252.0,1.0000%,-0.0007,-0.7881,0.718,0.6868,14.5521%,14.5924%,0.5514%,0.013711,BIOC,14449.0,2019-02-19,252.0,0.0000%,-0.0009,-0.8034,0.7376,0.7102,14.5490%,14.5909%,0.5736%,-0.002745,BIOC,14449.0,2019-02-20,252.0,0.9901%,-0.0007,-0.7986,0.7624,0.7311,14.5477%,14.5900%,0.5795%,0.0057989999999999,BIOC,14449.0,2019-02-21,252.0,-1.9608%,-0.0008,-0.7982,0.7589,0.7321,14.5481%,14.5904%,0.5790%,-0.020447,BIOC,14449.0,2019-02-22,252.0,0.0000%,-0.0005,-0.8024,0.8253,0.742,14.5452%,14.5886%,0.5945%,0.0116759999999999,BIOC,14449.0,2019-02-25,252.0,1.0000%,-0.0003,-0.8067,0.8136,0.72,14.5437%,14.5868%,0.5894%,0.0145849999999999,BIOC,-0.471207,-0.4830359999999999,-0.491386,-0.517934,-0.509066
31299,BROADRIDGE FINANCIAL SOLUTNS INC,"UPDATE: DA Davidson Upgrades Broadridge Financial As Firm Notes 'With the shares falling close to 30% from September highs, we believe the valuation has become more attractive'",6,increase,0.75,0.6,"the upgrade from da davidson, combined with the significant drop in share price, suggests that investors may view the stock as undervalued, potentially leading to increased buying interest.",2,2019-02-08,BR,2019-02-08 15:33:00+00:00,91849.0,11133T10,0.0066054225899279,1396467.0,0.0079975267872214,-0.064226396381855,0.010883935727179,-0.0077623152174055,0.0036224655341356,0.0089924614876508,-0.0028072868008166,0.0042726239189505,0.0089483149349689,0.0213230345398187,-0.0051818299107253,0.0002976069226861,0.003305637743324,0.0090090241283178,-0.0055911061353981,-0.0064644603990018,0.0124497776851058,-0.0126668633893132,-0.0126933641731739,0.0103173935785889,0.0130574833601713,0.0099189011380076,0.011897649616003,0.0017061237012967,-0.0079364841803908,-0.0164840407669544,0.0023703493643552,0.0119867837056517,-0.0181298293173313,0.0074468939565122,-0.0015052837552502,-0.0066973026841878,-0.0065326788462698,0.0115267885848879,-0.002326714573428,0.0012148485984653,0.0032447746489197,-0.0034302256535738,0.0055588781833648,0.0060901963151991,0.0095487441867589,0.0016266371821984,0.0302668344229459,0.0124549567699432,0.0059431507252156,0.002786997007206,-0.000579071114771,0.0344900749623775,-0.0021245891693979,-0.0150399692356586,-0.0034839892759919,-0.0121558252722024,-0.0117509867995977,0.0117733916267752,0.010023551993072,-0.0076153073459863,-0.0234481040388345,0.0036645217332988,-0.0001993052865145,0.0405273027718067,0.0040857368148863,-0.0227829162031412,0.0030765933915972,-0.0180849190801382,0.0161274094134569,-0.0056132362224161,0.0096397809684276,0.0019789063371717,0.0125373266637325,0.0128705687820911,0.0018097194842994,-0.0190416686236858,0.0230081584304571,-0.0130732953548431,-0.0024163767229765,-0.0159515365958213,0.0170486476272344,0.0121469469740986,0.0004580292443279,-0.0059367716312408,9.157788008451462e-05,0.0075020059011876,0.0024718176573514,-0.0206513293087482,0.0073059638962149,-0.0229895748198032,0.0107887107878923,-0.0149068813771009,0.0086106294766068,-0.0115235783159732,0.0071143005043268,0.0402869842946529,0.0066225165501236,-0.006540470290929,-0.0106140272691845,0.0379977710545063,0.0053196069784462,-0.0022242565173655,0.0148161239922046,-0.0004041767388116,0.0163378566503524,-0.0124750500544905,0.0009405781165696,0.0181891396641731,0.0074321096763014,-0.0271846577525138,-0.0013567680725827,-0.0339953936636447,0.0030568109359592,-0.0110491849482059,-0.0090578151866793,0.00369667657651,-0.0005125367897562,0.0007588866865262,0.0065811676904559,-0.0077183707617223,0.0022077111061662,-0.0090476749464869,-0.023722743615508,-0.0028831618838012,0.0079975267872214,-0.064226396381855,0.0189685070819289,-0.0714901660652665,0.0226596853792029,-0.0631405771427033,0.0289141775700549,-0.0390756904656587,0.0208140957431153,-0.0387897127943532,0.0337305381580077,0.0555615935864939,0.1870132037258636,-0.0944015071230465,2019-02-11,2019-02-12,2019-02-13,2019-02-14,2019-02-15,2019-02-19,2019-02-20,2019-02-21,2019-02-22,2019-02-25,91849.0,2019-02-08,252.0,0.6605%,0.0001,0.8492,0.1303,-0.3684,1.3310%,1.6937%,38.2373%,0.003185,BR,91849.0,2019-02-11,252.0,0.7998%,0.0001,0.8799,0.1101,-0.3632,1.3239%,1.6931%,38.8530%,0.006696,BR,91849.0,2019-02-12,252.0,1.0884%,0.0,0.8759,0.1138,-0.3659,1.3236%,1.6915%,38.7719%,-0.001822,BR,91849.0,2019-02-13,252.0,0.3622%,0.0,0.8734,0.1185,-0.3648,1.3231%,1.6879%,38.5519%,0.001258,BR,91849.0,2019-02-14,252.0,-0.2807%,-0.0,0.8734,0.116,-0.3605,1.3206%,1.6847%,38.5518%,-0.003805,BR,91849.0,2019-02-15,252.0,0.8948%,-0.0001,0.8675,0.1107,-0.3701,1.3197%,1.6812%,38.3825%,0.000419,BR,91849.0,2019-02-19,252.0,-0.5182%,-0.0001,0.8648,0.1089,-0.3719,1.3200%,1.6783%,38.1391%,-0.006141,BR,91849.0,2019-02-20,252.0,0.3306%,-0.0001,0.866,0.1125,-0.3674,1.3201%,1.6783%,38.1321%,0.003368,BR,91849.0,2019-02-21,252.0,-0.5591%,-0.0001,0.8678,0.1155,-0.3641,1.3201%,1.6786%,38.1572%,-0.003253,BR,91849.0,2019-02-22,252.0,1.2450%,-0.0002,0.8682,0.1031,-0.3711,1.3188%,1.6801%,38.3846%,0.000722,BR,91849.0,2019-02-25,252.0,-1.2693%,-0.0002,0.8689,0.1108,-0.3644,1.3214%,1.6815%,38.2454%,-0.014496,BR,0.009881,0.0080589999999999,0.0093169999999999,0.0059309999999999,-0.013869
31307,BROADWIND INC,Broadwind Energy Reports Approval Of Second Extension Of Section 382 Rights Deal,6,increase,0.7,0.6,"the approval of a second extension of section 382 rights can be seen as a positive development for broadwind inc, potentially indicating improved financial stability and investor confidence.",2,2019-02-08,BWEN,2019-02-08 12:07:00+00:00,92917.0,11161T20,0.0147058684378862,14713.0,0.0144927399232983,-0.0555555820465087,-0.0428571030497551,-0.0399999618530273,0.0373133979737758,0.0,-0.0143884755671024,-0.0384615026414394,0.0,0.0399999618530273,0.0583941899240016,-0.01960782520473,-0.0275862626731395,0.0,0.0212766602635383,-0.0192307513207197,-0.0972222909331321,0.0263157654553651,0.1000000014901161,0.002506288466975,0.0629370883107185,-0.0280769225209951,-0.0065789413638412,-0.006369496230036,0.0331125520169735,0.006410326808691,0.0050000655464828,0.0612244307994842,0.1162137687206268,-0.03921565040946,-0.0357142873108387,-0.0437500327825546,-0.0162963159382343,-0.0361445434391498,0.0413253381848335,-0.0404624566435813,-0.0107601452618837,0.1307189911603928,0.0,-0.0437500327825546,-0.0350877530872821,0.0,0.0,-0.0062111741863191,0.0,0.118055522441864,0.0363636761903762,-0.0204081442207098,0.0,-0.0167223922908306,-0.0116958953440189,0.1500000506639481,0.0012425980530679,0.0858670398592948,-0.0248803682625293,-0.0790769383311271,0.0,-0.0225564576685428,-0.0382424145936965,-0.0148148005828261,-0.0358560867607593,0.0227272510528564,0.1111111640930176,-0.0222222004085779,-0.0058823470026254,-0.0689655318856239,-0.0059172245673835,0.0507246740162372,-0.035714253783226,-0.0482758954167366,0.030864167958498,-0.0333333015441894,-0.0239520743489265,-0.0322580337524414,0.0245398543775081,0.0372055172920227,0.0059880185872316,-0.0037333171349018,-0.0059523754753172,-0.0625000149011612,-0.0059880185872316,-0.0184048898518085,-0.0361445434391498,-0.0180722717195749,0.0391875207424163,-0.0514285899698734,0.0206290781497955,-0.0540540665388107,0.0017678379081189,0.0632183998823165,-0.0058823470026254,-0.038673996925354,-0.0059172245673835,0.0402298457920551,0.0952381491661071,0.0740740746259689,0.0271738860756158,-0.029940091073513,0.0105820009484887,0.0121212005615234,0.0,-0.029411805793643,0.0209424514323473,-0.0285714007914066,0.0410256013274192,0.0174418427050113,-0.0098522072657942,-0.0282485615462064,-0.0049751196056604,-0.0166666507720947,-0.0149999856948852,-0.0082645202055573,-0.0609137080609798,-0.0396825037896633,0.0311891455203294,0.0441989190876483,-0.0040362565778195,-0.0621761716902256,0.015789458528161,0.0052083283662796,0.0144927399232983,-0.0555555820465087,-0.0289854799748228,-0.093333322736953,0.0072463712491914,-0.093333322736953,-0.00724636855358,-0.0933333222173241,0.0362318499654241,-0.1030206664739298,0.1499275355839258,0.0074074090418272,0.3985506915208632,-0.2916666405131966,2019-02-11,2019-02-12,2019-02-13,2019-02-14,2019-02-15,2019-02-19,2019-02-20,2019-02-21,2019-02-22,2019-02-25,92917.0,2019-02-08,252.0,1.4706%,-0.0014,0.2621,0.7668,0.5641,3.6614%,3.6894%,1.5077%,0.018008,BWEN,92917.0,2019-02-11,252.0,1.4493%,-0.0013,0.2324,0.8072,0.5704,3.6586%,3.6876%,1.5650%,0.007668,BWEN,92917.0,2019-02-12,252.0,-4.2857%,-0.0014,0.2183,0.7931,0.5658,3.6678%,3.6955%,1.4932%,-0.0453099999999999,BWEN,92917.0,2019-02-13,252.0,3.7313%,-0.0012,0.2304,0.7877,0.5738,3.6741%,3.7021%,1.5049%,0.03573,BWEN,92917.0,2019-02-14,252.0,-1.4388%,-0.0012,0.2338,0.7804,0.5814,3.6751%,3.7030%,1.5016%,-0.014773,BWEN,92917.0,2019-02-15,252.0,0.0000%,-0.0014,0.2055,0.7543,0.5345,3.6706%,3.6954%,1.3393%,-0.0074839999999999,BWEN,92917.0,2019-02-19,252.0,5.8394%,-0.0012,0.2145,0.7917,0.5758,3.6868%,3.7144%,1.4795%,0.0541129999999999,BWEN,92917.0,2019-02-20,252.0,-2.7586%,-0.0016,0.1992,0.7276,0.5134,3.6663%,3.6896%,1.2566%,-0.033002,BWEN,92917.0,2019-02-21,252.0,2.1277%,-0.0014,0.1848,0.7039,0.4869,3.6666%,3.6879%,1.1506%,0.023604,BWEN,92917.0,2019-02-22,252.0,-9.7222%,-0.0015,0.1964,0.7346,0.6541,3.7051%,3.7317%,1.4164%,-0.095237,BWEN,92917.0,2019-02-25,252.0,10.0000%,-0.0011,0.1959,0.6828,0.6249,3.7628%,3.7861%,1.2292%,0.1026929999999999,BWEN,0.025676,-0.0196339999999999,0.016096,-0.0061609999999999,0.0460099999999999
31315,C A E INC,"CAE Q3 EPS $0.29 Beats $0.25 Estimate, Sales $816.3M May Not Compare To $611.18M Estimate",6,increase,0.8,0.6,"the company reported better-than-expected earnings per share and significantly higher sales than estimated, which typically boosts investor confidence and can lead to an increase in stock price.",2,2019-02-08,CAE,2019-02-08 13:37:00+00:00,89462.0,12476510,-0.0156102143228054,170813.0,-0.0148966591805219,0.0047527789138257,0.0239024274051189,-0.0089495349675416,-0.0128632904961705,0.0104711716994643,0.0178571846336126,-0.0173058435320854,-0.0023707556538283,0.0051715420559048,-0.0042775734327733,-0.0065389717929065,0.0176610462367534,0.0171021670103073,-0.0084427911788225,0.0076591600663959,0.0104068694636225,-0.0033396801445633,-0.0056180167011916,0.0115830013528466,-0.0014124617446213,0.0077820941805839,-0.0037718024104833,0.0163124036043882,-0.000946452957578,-0.0029571892227977,-0.0018948798533529,0.0150075610727071,-0.0028476254083216,0.0060392012819647,-0.0004759747243952,0.0060759917832911,-0.0038095202762633,0.0015213330043479,-0.0043021105229854,0.0020324699580669,-0.0014402633532881,-0.0105580240488052,0.0187500622123479,0.003025691723451,0.0084945866838097,0.0132856527343392,-0.0014038692461326,0.0192707777023315,0.0203828774392604,0.0256411042064428,0.0101382164284586,0.0196077711880207,0.0004562148242257,-0.0113085126504302,0.0173278227448463,0.0119890635833144,-0.0053787063807249,0.0076881549321115,-0.0027039824053645,-0.0070883897133171,-0.0054224552586674,-0.0032608406618237,0.0072694160044193,0.0160131976008415,0.0058637419715523,-0.0184281915426254,-0.0004483552474994,-0.0330188237130641,-0.0049349754117429,0.0100582605227828,-0.0013526008697226,-0.0047418414615094,0.0144469393417239,0.0242848806083202,0.0075656468980014,-0.0502306260168552,-0.0030918593984097,0.0036008071620017,-0.0066459733061492,-0.0088969022035598,0.0031221986282616,0.0107803381979465,0.0008893045014701,0.0124740004539489,0.0026654582470655,-0.0046559832990169,0.0106335747987031,-0.0142784640192985,-0.0030688161496073,-0.0224326457828283,0.0004397637967485,-0.0103601869195699,0.0035164800938218,-0.0009857297409325,-0.004380218219012,0.013486536219716,0.0004399572790134,0.0060301930643618,0.0079155806452035,-0.0030059854034334,0.0100348843261599,-0.0044887857511639,0.0051836217753589,-0.0039741643704473,-0.0098839504644274,0.0146168852224946,0.0078124301508069,0.0050658755935728,-0.0155038209632039,-0.0100301280617713,0.0,0.0025138836354017,0.018810162320733,-0.0094621777534484,-0.003435029182583,0.0019959583878517,0.0107712196186184,0.0861788690090179,0.0038363237399607,0.0087479408830404,-0.0012738335644826,-0.0092090023681521,-0.0089286137372255,0.0021714987233281,-0.0148966591805219,0.0047527789138257,0.0086497019099558,-0.0042392912147982,-0.0043248522145876,0.0061874901384719,0.0110524483198068,-0.0061119438734278,0.0206631574472011,0.0202702760116089,0.0690338473319771,0.1673108072886653,0.1240044366624839,0.1520826431970576,2019-02-11,2019-02-12,2019-02-13,2019-02-14,2019-02-15,2019-02-19,2019-02-20,2019-02-21,2019-02-22,2019-02-25,89462.0,2019-02-08,252.0,-1.5610%,0.0006,0.5664,0.1559,-0.0315,1.2654%,1.4153%,20.0619%,-0.0165769999999999,CAE,89462.0,2019-02-11,252.0,-1.4897%,0.0006,0.5563,0.142,-0.0443,1.2697%,1.4100%,18.9107%,-0.016746,CAE,89462.0,2019-02-12,252.0,2.3902%,0.0007,0.5647,0.1425,-0.0401,1.2734%,1.4169%,19.2298%,0.0161329999999999,CAE,89462.0,2019-02-13,252.0,-1.2863%,0.0004,0.5404,0.1775,-0.0376,1.2402%,1.3766%,18.8251%,-0.0146019999999999,CAE,89462.0,2019-02-14,252.0,1.7857%,0.0005,0.5361,0.1868,-0.0474,1.2448%,1.3804%,18.6814%,0.017751,CAE,89462.0,2019-02-15,252.0,-0.2371%,0.0005,0.5387,0.1882,-0.0444,1.2444%,1.3805%,18.7434%,-0.008768,CAE,89462.0,2019-02-19,252.0,-0.4278%,0.0004,0.5362,0.186,-0.0466,1.2448%,1.3793%,18.5564%,-0.005814,CAE,89462.0,2019-02-20,252.0,1.7661%,0.0005,0.5403,0.1935,-0.0324,1.2486%,1.3832%,18.5168%,0.016389,CAE,89462.0,2019-02-21,252.0,-0.8443%,0.0005,0.5366,0.1845,-0.0392,1.2459%,1.3794%,18.4100%,-0.006483,CAE,89462.0,2019-02-22,252.0,1.0407%,0.0005,0.5357,0.1917,-0.0436,1.2460%,1.3803%,18.5136%,0.005228,CAE,89462.0,2019-02-25,252.0,-0.5618%,0.0005,0.5365,0.1957,-0.0387,1.2460%,1.3803%,18.5027%,-0.006102,CAE,-0.033323,-0.01719,-0.031792,-0.022809,-0.019591
31323,CAMECO CORP,"Cameco Q4 EPS $0.51 Up From $0.46 YoY, Sales $831M Up From $809M YoY",6,increase,0.8,0.6,"the increase in both eps and sales year-over-year suggests strong financial performance, which is likely to positively influence investor sentiment and drive the stock price up.",2,2019-02-08,CCJ,2019-02-08 22:09:00+00:00,83188.0,13321L10,-0.0275807287544012,2553559.0,-0.0016207826556637,0.0,-0.0162337515503168,-0.0193199384957552,0.0033003268763422,0.0125195505097508,0.0008223872282542,0.0553261861205101,0.0115037253126502,-0.0008251013932749,-0.0373679958283901,0.0066445120610296,0.0151898181065917,-0.0235198680311441,0.004156291950494,0.0232364926487207,0.0140728540718555,-0.0049545392394065,-0.0097959088161587,0.0385934673249721,-0.0148392664268612,0.0139130298048257,-0.0066945543512701,-0.0060501033440232,-0.0235888566821813,-0.0244519375264644,-0.0051769125275313,0.002535903127864,-0.002601885003969,-0.0459677204489707,0.0086956853047013,-0.0008058202220126,0.010344817303121,0.0239273905754089,-0.011092159897089,0.0,0.0060396627523005,-0.0130293034017086,0.0188679471611976,0.005732980556786,0.0016834599664434,0.0166527740657329,0.0084033934399485,0.0256191454827785,0.0183333549648523,0.0121002895757556,0.0163665954023599,0.0248006843030452,-0.0096618263050913,-0.0087796645238995,-0.0065040588378906,0.0035242256708443,-0.004091668408364,0.0179372895509004,-0.0049301907420158,0.0045044356957077,-0.0247728526592254,-0.0194345694035291,0.0033869568724185,0.0530232265591621,0.0059071471914649,-0.0046296473592519,-0.0033557014539837,-0.0100824618712067,0.0025252299383282,-0.0108794094994664,-0.0100755570456385,-0.0307557452470064,0.0050890939310193,-0.0035026236437261,-0.0126582756638526,-0.0451504997909069,-0.0102564003318548,-0.0058187609538435,-0.000863577646669,0.0,0.0051858616061508,0.0308483000844717,0.018916618078947,-0.001710821641609,0.0,0.0156385190784931,0.0016877218149602,-0.022920161485672,0.0075821527279913,-0.0084175402298569,-0.0158862527459859,-0.0206100568175315,-0.0084962090477347,0.0210437700152397,-0.00428450666368,-0.0041911308653652,0.0129088275134563,-0.0139695350080728,0.0016991931479424,0.052813820540905,0.0084817968308925,-0.0195245798677206,-0.0025231863837689,0.0102915856987237,-0.0328835919499397,-0.020990764722228,-0.0226678494364023,0.0076142260804772,0.0035682392772287,-0.0343137308955192,-0.0160000268369913,0.0268456116318702,-0.0027100029401481,0.0033670000266283,-0.0135869216173887,0.0466960109770298,-0.0284665208309888,-0.0282534174621105,0.029300607740879,-0.0084889158606529,-0.0119375679641962,-0.0158730596303939,-0.0223048105835914,-0.014814761467278,-0.0016207826556637,0.0,-0.0178282228230315,-0.0193199384957551,-0.0145867349096294,-0.0070422649318472,-0.0024310975861013,0.0470296804817877,-0.0170178323961558,0.0883361736939187,-0.0397082495621629,0.1804650790865323,-0.1474878197757899,0.0497086900879424,2019-02-11,2019-02-12,2019-02-13,2019-02-14,2019-02-15,2019-02-19,2019-02-20,2019-02-21,2019-02-22,2019-02-25,83188.0,2019-02-08,252.0,-2.7581%,0.0014,1.0712,0.6733,0.4841,2.1150%,2.3924%,21.8474%,-0.025811,CCJ,83188.0,2019-02-11,252.0,-0.1621%,0.0014,1.0645,0.6658,0.4766,2.1159%,2.3823%,21.1159%,-0.008777,CCJ,83188.0,2019-02-12,252.0,-1.6234%,0.0015,1.0817,0.6207,0.4935,2.0936%,2.3669%,21.7574%,-0.030133,CCJ,83188.0,2019-02-13,252.0,0.3300%,0.0014,1.0735,0.6339,0.4953,2.0908%,2.3605%,21.5444%,-0.000546,CCJ,83188.0,2019-02-14,252.0,0.0822%,0.0014,1.0716,0.6336,0.4982,2.0856%,2.3548%,21.5558%,0.002553,CCJ,83188.0,2019-02-15,252.0,1.1504%,0.0013,1.059,0.6216,0.4767,2.0849%,2.3477%,21.1340%,-0.004681,CCJ,83188.0,2019-02-19,252.0,-3.7368%,0.0011,1.0518,0.592,0.4439,2.1028%,2.3603%,20.6264%,-0.042713,CCJ,83188.0,2019-02-20,252.0,1.5190%,0.0012,1.0557,0.6082,0.4598,2.1006%,2.3602%,20.7892%,0.009347,CCJ,83188.0,2019-02-21,252.0,0.4156%,0.0013,1.0514,0.6012,0.4518,2.1008%,2.3580%,20.6226%,0.009446,CCJ,83188.0,2019-02-22,252.0,1.4073%,0.0014,1.0496,0.6158,0.4435,2.1008%,2.3588%,20.6791%,0.010474,CCJ,83188.0,2019-02-25,252.0,-0.9796%,0.0013,1.0497,0.621,0.4464,2.1018%,2.3598%,20.6730%,-0.009071,CCJ,-0.034588,-0.064721,-0.065267,-0.067395,-0.089912
31331,CENTURY COMMUNITIES INC,UPDATE: Wedbush Downgrades Century Communities As Firm Is 'concerned that demand for the WJ product has not been as robust as we expected especially given WJ's ultra-low price approach',6,decrease,0.8,0.7,"the downgrade from wedbush indicates concerns about demand for century communities' product, which is likely to negatively impact investor sentiment and lead to a decrease in stock price.",0,2019-02-08,CCS,2019-02-08 14:48:00+00:00,14716.0,15650430,-0.0405857451260089,1189567.0,0.0021805162541568,0.0088644605129957,0.0704961195588111,-0.008786573074758,-0.0162601470947265,0.0209312159568071,-0.0392562299966812,-0.006788283586502,0.0180645193904638,0.0046888580545783,0.0071820900775492,0.0463871099054813,-0.0058724577538669,0.0076404530555009,0.0063290977850556,0.021579397842288,0.0142557714134454,0.007400547619909,-0.0107482522726059,0.0178908221423625,-0.0112829273566603,0.0325717106461525,-0.0097210286185145,0.0014605053002014,-0.0256082098931074,-0.0162834413349628,-0.0039421878755092,-0.0174118038266897,0.0268250051885843,-0.0083994539454579,-0.0295503437519073,-0.003255799645558,-0.0075022098608314,-0.0064694727770984,0.057358868420124,-0.0105167552828788,-0.0008410621085204,0.0036714051384478,0.0303030014038085,-0.0041132653132081,-0.0159313473850488,0.0433953218162059,-0.0136986272409558,0.0417287722229957,-0.0109427701681852,0.0517241284251213,-0.0017021666280925,0.0657015815377235,0.0072463802061975,0.0011147463228553,-0.0334320366382598,0.0393974669277668,0.0039404621347785,-0.0040392205119133,0.0244221314787864,0.0134502649307251,-0.0063856798224151,-0.0189328696578741,0.0317052155733108,0.0455908961594104,-0.0087208924815058,-0.0059630516916513,0.026392925530672,-0.0295139010995626,0.0016326904296875,-0.0405330099165439,-0.023227447643876,-0.0071664368733763,-0.0037546998355537,0.019101133570075,-0.0201004836708307,-0.032082661986351,0.0051282411441206,-0.0218085031956434,0.0429421849548816,-0.0089615229517221,0.0615572854876518,0.0063659907318651,-0.0034562270157039,0.0010621591936796,-0.0138728553429245,-0.046582281589508,0.0042985780164599,-0.0040342877618968,0.0116731217131018,0.0205867011100053,-0.0096153849735856,-0.0554204881191253,-0.0050485110841691,0.0,-0.0046838731504976,0.000486392469611,-0.0019607543945312,-0.0048402897082269,0.000392861344153,0.0212555769830942,-0.0357423350214958,-0.005408092867583,0.0252546183764934,-0.0188132841140031,0.0147000728175044,0.019675338640809,-0.0281911194324493,0.0340793542563915,0.0060434979386627,-0.0238331463187933,0.0104125048965215,-0.001982205780223,0.0079271011054515,0.0186774786561727,-0.0114038893952965,-0.0289215762168169,0.0083532612770795,0.0069101378321647,0.113214947283268,0.0044620800763368,0.0028348662890493,-0.0218235086649656,-0.0137808974832296,-0.0241362210363149,0.0021805162541568,0.0088644605129957,0.072830353747521,-7.918280475749383e-10,0.0553859743878988,0.0209312151484051,0.0322721186300201,0.0187553505649251,0.0436109857168525,0.1252353966898356,0.0501526202790139,0.433713231438138,0.2171827109642876,0.1310932664522575,2019-02-11,2019-02-12,2019-02-13,2019-02-14,2019-02-15,2019-02-19,2019-02-20,2019-02-21,2019-02-22,2019-02-25,14716.0,2019-02-08,252.0,-4.0586%,-0.0011,1.0498,1.3334,0.0915,1.9266%,2.3412%,32.2872%,-0.0419519999999999,CCS,14716.0,2019-02-11,252.0,0.2181%,-0.001,1.0055,1.3656,0.0857,1.9157%,2.3106%,31.2615%,-0.0084,CCS,14716.0,2019-02-12,252.0,7.0496%,-0.0007,1.0399,1.3636,0.1036,1.9489%,2.3535%,31.4293%,0.056594,CCS,14716.0,2019-02-13,252.0,-1.6260%,-0.0008,1.0345,1.3649,0.0991,1.9524%,2.3543%,31.2265%,-0.020163,CCS,14716.0,2019-02-14,252.0,-3.9256%,-0.001,1.044,1.3413,0.126,1.9701%,2.3657%,30.6454%,-0.0437059999999999,CCS,14716.0,2019-02-15,252.0,1.8065%,-0.0012,1.0022,1.3041,0.0586,1.9413%,2.3241%,30.2269%,0.00221,CCS,14716.0,2019-02-19,252.0,0.7182%,-0.0012,1.0005,1.3088,0.064,1.9408%,2.3222%,30.1483%,0.00122,CCS,14716.0,2019-02-20,252.0,-0.5872%,-0.0013,0.9964,1.2931,0.0476,1.9395%,2.3191%,30.0548%,-0.011105,CCS,14716.0,2019-02-21,252.0,0.6329%,-0.0013,0.9946,1.2922,0.0443,1.9410%,2.3189%,29.9421%,0.01093,CCS,14716.0,2019-02-22,252.0,1.4256%,-0.0013,0.9936,1.3098,0.0481,1.9394%,2.3205%,30.1498%,0.0012339999999999,CCS,14716.0,2019-02-25,252.0,-1.0748%,-0.0013,0.9939,1.3139,0.0513,1.9399%,2.3213%,30.1588%,-0.008846,CCS,-0.0503519999999999,0.006242,-0.0139209999999999,-0.0554169999999999,-0.061984
31339,CENTURY COMMUNITIES INC,"Wedbush Downgrades Century Communities to Neutral, Lowers Price Target to $24",6,decrease,0.8,0.7,"a downgrade from wedbush and a lowered price target typically signal reduced investor confidence, which is likely to lead to a decrease in stock price.",0,2019-02-08,CCS,2019-02-08 13:43:00+00:00,14716.0,15650430,-0.0405857451260089,1189567.0,0.0021805162541568,0.0088644605129957,0.0704961195588111,-0.008786573074758,-0.0162601470947265,0.0209312159568071,-0.0392562299966812,-0.006788283586502,0.0180645193904638,0.0046888580545783,0.0071820900775492,0.0463871099054813,-0.0058724577538669,0.0076404530555009,0.0063290977850556,0.021579397842288,0.0142557714134454,0.007400547619909,-0.0107482522726059,0.0178908221423625,-0.0112829273566603,0.0325717106461525,-0.0097210286185145,0.0014605053002014,-0.0256082098931074,-0.0162834413349628,-0.0039421878755092,-0.0174118038266897,0.0268250051885843,-0.0083994539454579,-0.0295503437519073,-0.003255799645558,-0.0075022098608314,-0.0064694727770984,0.057358868420124,-0.0105167552828788,-0.0008410621085204,0.0036714051384478,0.0303030014038085,-0.0041132653132081,-0.0159313473850488,0.0433953218162059,-0.0136986272409558,0.0417287722229957,-0.0109427701681852,0.0517241284251213,-0.0017021666280925,0.0657015815377235,0.0072463802061975,0.0011147463228553,-0.0334320366382598,0.0393974669277668,0.0039404621347785,-0.0040392205119133,0.0244221314787864,0.0134502649307251,-0.0063856798224151,-0.0189328696578741,0.0317052155733108,0.0455908961594104,-0.0087208924815058,-0.0059630516916513,0.026392925530672,-0.0295139010995626,0.0016326904296875,-0.0405330099165439,-0.023227447643876,-0.0071664368733763,-0.0037546998355537,0.019101133570075,-0.0201004836708307,-0.032082661986351,0.0051282411441206,-0.0218085031956434,0.0429421849548816,-0.0089615229517221,0.0615572854876518,0.0063659907318651,-0.0034562270157039,0.0010621591936796,-0.0138728553429245,-0.046582281589508,0.0042985780164599,-0.0040342877618968,0.0116731217131018,0.0205867011100053,-0.0096153849735856,-0.0554204881191253,-0.0050485110841691,0.0,-0.0046838731504976,0.000486392469611,-0.0019607543945312,-0.0048402897082269,0.000392861344153,0.0212555769830942,-0.0357423350214958,-0.005408092867583,0.0252546183764934,-0.0188132841140031,0.0147000728175044,0.019675338640809,-0.0281911194324493,0.0340793542563915,0.0060434979386627,-0.0238331463187933,0.0104125048965215,-0.001982205780223,0.0079271011054515,0.0186774786561727,-0.0114038893952965,-0.0289215762168169,0.0083532612770795,0.0069101378321647,0.113214947283268,0.0044620800763368,0.0028348662890493,-0.0218235086649656,-0.0137808974832296,-0.0241362210363149,0.0021805162541568,0.0088644605129957,0.072830353747521,-7.918280475749383e-10,0.0553859743878988,0.0209312151484051,0.0322721186300201,0.0187553505649251,0.0436109857168525,0.1252353966898356,0.0501526202790139,0.433713231438138,0.2171827109642876,0.1310932664522575,2019-02-11,2019-02-12,2019-02-13,2019-02-14,2019-02-15,2019-02-19,2019-02-20,2019-02-21,2019-02-22,2019-02-25,14716.0,2019-02-08,252.0,-4.0586%,-0.0011,1.0498,1.3334,0.0915,1.9266%,2.3412%,32.2872%,-0.0419519999999999,CCS,14716.0,2019-02-11,252.0,0.2181%,-0.001,1.0055,1.3656,0.0857,1.9157%,2.3106%,31.2615%,-0.0084,CCS,14716.0,2019-02-12,252.0,7.0496%,-0.0007,1.0399,1.3636,0.1036,1.9489%,2.3535%,31.4293%,0.056594,CCS,14716.0,2019-02-13,252.0,-1.6260%,-0.0008,1.0345,1.3649,0.0991,1.9524%,2.3543%,31.2265%,-0.020163,CCS,14716.0,2019-02-14,252.0,-3.9256%,-0.001,1.044,1.3413,0.126,1.9701%,2.3657%,30.6454%,-0.0437059999999999,CCS,14716.0,2019-02-15,252.0,1.8065%,-0.0012,1.0022,1.3041,0.0586,1.9413%,2.3241%,30.2269%,0.00221,CCS,14716.0,2019-02-19,252.0,0.7182%,-0.0012,1.0005,1.3088,0.064,1.9408%,2.3222%,30.1483%,0.00122,CCS,14716.0,2019-02-20,252.0,-0.5872%,-0.0013,0.9964,1.2931,0.0476,1.9395%,2.3191%,30.0548%,-0.011105,CCS,14716.0,2019-02-21,252.0,0.6329%,-0.0013,0.9946,1.2922,0.0443,1.9410%,2.3189%,29.9421%,0.01093,CCS,14716.0,2019-02-22,252.0,1.4256%,-0.0013,0.9936,1.3098,0.0481,1.9394%,2.3205%,30.1498%,0.0012339999999999,CCS,14716.0,2019-02-25,252.0,-1.0748%,-0.0013,0.9939,1.3139,0.0513,1.9399%,2.3213%,30.1588%,-0.008846,CCS,-0.0503519999999999,0.006242,-0.0139209999999999,-0.0554169999999999,-0.061984
31347,CLEVELAND CLIFFS INC NEW,Cleveland-Cliffs Q4 Adj. EBITDA $188M vs $134M In Same Qtr. Last Year,6,increase,0.8,0.6,"the increase in adjusted ebitda from $134m to $188m indicates improved financial performance, which is likely to positively influence investor sentiment and drive the stock price up.",2,2019-02-08,CLF,2019-02-08 12:03:00+00:00,27422.0,18589910,0.0853211283683776,39445608.0,-0.0152155794203281,-0.0162455141544342,0.001716777565889,0.0582616664469242,-0.0171379446983337,-0.0141242584213614,-0.0200523529201746,0.0085470229387283,0.0044484157115221,-0.0168067514896392,-0.0044287149794399,-0.0101663274690508,0.0346975401043891,0.1773667186498642,-0.0103181330487132,-0.0275132525712251,0.00608164165169,-0.0166493076831102,-0.0025906504597514,0.0773542150855064,-0.0034632000606507,0.0229357574135065,-0.0173761770129203,0.0,-0.0194518361240625,-0.0321864560246467,-0.0180342476814985,-0.00441988511011,-0.0110192727297544,0.0390356071293354,-0.0250696800649166,0.035671841353178,-0.043809525668621,-0.0186697617173194,-0.0129482187330722,-0.0034884517081081,-0.0131180742755532,-0.0182648226618766,0.01124750636518,-0.0056753903627395,0.0080889705568552,0.0292056053876876,0.0170511603355407,-0.0194729827344417,-0.0187377240508794,0.0306964889168739,0.0010050481650978,0.1100917607545853,0.0341365598142147,-0.022900765761733,-0.0456310920417308,0.0221066419035196,-0.0152593711391091,-0.0216285083442926,0.0175619907677173,0.0128865856677293,-0.0558375790715217,-0.0324189774692058,0.0075268489308655,0.0594452135264873,0.0106723997741937,-0.0143228722736239,0.0073917312547564,-0.0179028566926717,0.0188679564744234,-0.0175879225134849,0.0277777258306741,-0.0489844493567943,0.0390390753746032,0.0501882173120975,-0.0105972690507769,-0.0049938126467168,0.0272638481110334,-0.0267313886433839,-0.0018957959255203,-0.0167264454066753,0.0057252310216426,-0.0700000151991844,0.0142314629629254,0.0204081982374191,-0.0411599241197109,-0.0123180970549583,0.0146341091021895,-0.0110741341486573,-0.0336537919938564,-0.0120350774377584,0.0059700962156057,-0.0479166693985462,0.0128585677593946,0.034482829272747,-0.0654296949505806,-0.0169491376727819,0.0052246805280447,0.0074706184677779,-0.0259875264018774,0.0551801547408103,-0.0149413384497165,0.0242214575409889,0.0281690396368503,-0.0125284353271126,0.002107529900968,-0.0757895037531852,0.0231334716081619,0.0084925610572099,0.0369990356266498,-0.0542168617248535,-0.021803792566061,-0.033009722828865,0.0121580436825752,0.0269192885607481,-0.0380380488932132,0.026612002402544,0.0260145682841539,-0.0605768449604511,0.0446248017251491,0.0399999618530273,-0.0019417919684201,0.017294006422162,-0.0145914033055305,-0.0584290884435176,-0.0152155794203281,-0.0162455141544342,-0.0135249236198399,0.0410696615655656,-0.0304310789251276,0.0263653246309742,-0.0456466582020123,0.0177403906469546,-0.0236686168980584,0.2219730395214512,-0.2079459029288283,0.4493299663624532,-0.1396170412050497,0.050903111501102,2019-02-11,2019-02-12,2019-02-13,2019-02-14,2019-02-15,2019-02-19,2019-02-20,2019-02-21,2019-02-22,2019-02-25,27422.0,2019-02-08,252.0,8.5321%,0.0028,1.5084,0.8524,0.5061,3.0561%,3.4462%,21.3599%,0.087431,CLF,27422.0,2019-02-11,252.0,-1.5216%,0.0026,1.5275,0.7977,0.4865,3.0584%,3.4436%,21.1222%,-0.024217,CLF,27422.0,2019-02-12,252.0,0.1717%,0.0026,1.5288,0.7808,0.4902,3.0584%,3.4435%,21.1177%,-0.01849,CLF,27422.0,2019-02-13,252.0,-1.7138%,0.0023,1.5112,0.8004,0.4876,3.0564%,3.4337%,20.7693%,-0.02233,CLF,27422.0,2019-02-14,252.0,-2.0052%,0.0022,1.515,0.7886,0.5022,3.0577%,3.4346%,20.7433%,-0.018313,CLF,27422.0,2019-02-15,252.0,0.4448%,0.0021,1.4999,0.773,0.4749,3.0600%,3.4294%,20.3802%,-0.017153,CLF,27422.0,2019-02-19,252.0,-0.4429%,0.0021,1.5002,0.7607,0.4611,3.0605%,3.4295%,20.3590%,-0.011045,CLF,27422.0,2019-02-20,252.0,3.4698%,0.0019,1.5008,0.732,0.4553,3.0340%,3.4050%,20.6076%,0.027538,CLF,27422.0,2019-02-21,252.0,-1.0318%,0.002,1.4978,0.7247,0.4498,3.0333%,3.4023%,20.5192%,-0.003305,CLF,27422.0,2019-02-22,252.0,0.6082%,0.0021,1.4967,0.7641,0.4728,3.0275%,3.3974%,20.5882%,-0.001127,CLF,27422.0,2019-02-25,252.0,-0.2591%,0.0021,1.4965,0.7659,0.473,3.0276%,3.3974%,20.5867%,-0.002098,CLF,0.0632139999999999,0.0447239999999999,0.0223939999999999,-0.013072,-0.003109
31355,CLEVELAND CLIFFS INC NEW,"Cleveland-Cliffs Q4 EPS $2.03, Sales $696M Up From $512M YoY",6,increase,0.8,0.7,"the significant year-over-year increase in both eps and sales suggests strong financial performance, which is likely to positively influence investor sentiment and drive the stock price up.",2,2019-02-08,CLF,2019-02-08 12:02:00+00:00,27422.0,18589910,0.0853211283683776,39445608.0,-0.0152155794203281,-0.0162455141544342,0.001716777565889,0.0582616664469242,-0.0171379446983337,-0.0141242584213614,-0.0200523529201746,0.0085470229387283,0.0044484157115221,-0.0168067514896392,-0.0044287149794399,-0.0101663274690508,0.0346975401043891,0.1773667186498642,-0.0103181330487132,-0.0275132525712251,0.00608164165169,-0.0166493076831102,-0.0025906504597514,0.0773542150855064,-0.0034632000606507,0.0229357574135065,-0.0173761770129203,0.0,-0.0194518361240625,-0.0321864560246467,-0.0180342476814985,-0.00441988511011,-0.0110192727297544,0.0390356071293354,-0.0250696800649166,0.035671841353178,-0.043809525668621,-0.0186697617173194,-0.0129482187330722,-0.0034884517081081,-0.0131180742755532,-0.0182648226618766,0.01124750636518,-0.0056753903627395,0.0080889705568552,0.0292056053876876,0.0170511603355407,-0.0194729827344417,-0.0187377240508794,0.0306964889168739,0.0010050481650978,0.1100917607545853,0.0341365598142147,-0.022900765761733,-0.0456310920417308,0.0221066419035196,-0.0152593711391091,-0.0216285083442926,0.0175619907677173,0.0128865856677293,-0.0558375790715217,-0.0324189774692058,0.0075268489308655,0.0594452135264873,0.0106723997741937,-0.0143228722736239,0.0073917312547564,-0.0179028566926717,0.0188679564744234,-0.0175879225134849,0.0277777258306741,-0.0489844493567943,0.0390390753746032,0.0501882173120975,-0.0105972690507769,-0.0049938126467168,0.0272638481110334,-0.0267313886433839,-0.0018957959255203,-0.0167264454066753,0.0057252310216426,-0.0700000151991844,0.0142314629629254,0.0204081982374191,-0.0411599241197109,-0.0123180970549583,0.0146341091021895,-0.0110741341486573,-0.0336537919938564,-0.0120350774377584,0.0059700962156057,-0.0479166693985462,0.0128585677593946,0.034482829272747,-0.0654296949505806,-0.0169491376727819,0.0052246805280447,0.0074706184677779,-0.0259875264018774,0.0551801547408103,-0.0149413384497165,0.0242214575409889,0.0281690396368503,-0.0125284353271126,0.002107529900968,-0.0757895037531852,0.0231334716081619,0.0084925610572099,0.0369990356266498,-0.0542168617248535,-0.021803792566061,-0.033009722828865,0.0121580436825752,0.0269192885607481,-0.0380380488932132,0.026612002402544,0.0260145682841539,-0.0605768449604511,0.0446248017251491,0.0399999618530273,-0.0019417919684201,0.017294006422162,-0.0145914033055305,-0.0584290884435176,-0.0152155794203281,-0.0162455141544342,-0.0135249236198399,0.0410696615655656,-0.0304310789251276,0.0263653246309742,-0.0456466582020123,0.0177403906469546,-0.0236686168980584,0.2219730395214512,-0.2079459029288283,0.4493299663624532,-0.1396170412050497,0.050903111501102,2019-02-11,2019-02-12,2019-02-13,2019-02-14,2019-02-15,2019-02-19,2019-02-20,2019-02-21,2019-02-22,2019-02-25,27422.0,2019-02-08,252.0,8.5321%,0.0028,1.5084,0.8524,0.5061,3.0561%,3.4462%,21.3599%,0.087431,CLF,27422.0,2019-02-11,252.0,-1.5216%,0.0026,1.5275,0.7977,0.4865,3.0584%,3.4436%,21.1222%,-0.024217,CLF,27422.0,2019-02-12,252.0,0.1717%,0.0026,1.5288,0.7808,0.4902,3.0584%,3.4435%,21.1177%,-0.01849,CLF,27422.0,2019-02-13,252.0,-1.7138%,0.0023,1.5112,0.8004,0.4876,3.0564%,3.4337%,20.7693%,-0.02233,CLF,27422.0,2019-02-14,252.0,-2.0052%,0.0022,1.515,0.7886,0.5022,3.0577%,3.4346%,20.7433%,-0.018313,CLF,27422.0,2019-02-15,252.0,0.4448%,0.0021,1.4999,0.773,0.4749,3.0600%,3.4294%,20.3802%,-0.017153,CLF,27422.0,2019-02-19,252.0,-0.4429%,0.0021,1.5002,0.7607,0.4611,3.0605%,3.4295%,20.3590%,-0.011045,CLF,27422.0,2019-02-20,252.0,3.4698%,0.0019,1.5008,0.732,0.4553,3.0340%,3.4050%,20.6076%,0.027538,CLF,27422.0,2019-02-21,252.0,-1.0318%,0.002,1.4978,0.7247,0.4498,3.0333%,3.4023%,20.5192%,-0.003305,CLF,27422.0,2019-02-22,252.0,0.6082%,0.0021,1.4967,0.7641,0.4728,3.0275%,3.3974%,20.5882%,-0.001127,CLF,27422.0,2019-02-25,252.0,-0.2591%,0.0021,1.4965,0.7659,0.473,3.0276%,3.3974%,20.5867%,-0.002098,CLF,0.0632139999999999,0.0447239999999999,0.0223939999999999,-0.013072,-0.003109
31363,COLUMBIA SPORTSWEAR CO,Columbia Capitalizes On Cold Weather With Strong Q4 Earnings: The Sell-Side Reacts,6,increase,0.8,0.7,"strong q4 earnings typically indicate positive financial performance, which is likely to boost investor confidence and increase the stock price.",2,2019-02-08,COLM,2019-02-08 15:34:00+00:00,85863.0,19851610,0.1558680832386017,1696934.0,0.0010293899103999,-0.0098533341661095,-0.0170141123235225,0.001179504673928,-0.007608207874,0.0231486614793539,-0.003737416351214,0.0148074133321642,0.0066371918655931,0.0070635410957038,-0.0015289408620446,0.0051842564716935,-0.0075605409219861,0.0096723502501845,0.0107039595022797,0.0038838968612253,0.0041980962269008,-0.0012549983803182,0.0003800562117248,0.0142328552901744,-0.0005698315217159,0.0085190301761031,-0.0024707985576242,0.0011684321798384,-0.0192436333745718,-0.0058078756555914,0.0210782494395971,0.0268368329852819,-0.0132229775190353,0.0135395927354693,-0.0031813536770641,-0.000120900949696,-0.0129593983292579,0.0013314040843397,-0.0050088600255548,0.0008479672251269,-0.0034547278191894,0.0087987435981631,0.0180269386619329,-0.0259492956101894,0.0020431901793926,-0.0045028706081211,0.0047577968798577,0.0059601860120892,0.0024159257300198,0.0109664499759674,0.0001927758858073,0.017784921452403,0.012144599109888,-0.0267398580908775,0.0026664009783416,-0.0038054431788623,-0.0199448987841606,-0.004027051385492,0.0174435060471296,-0.0027167887892574,-0.0372416041791439,0.0076173176057636,0.0179065838456153,0.0463261939585208,0.0,-0.0191767383366823,0.0022354295942932,-0.021513033658266,0.0162917021661996,-0.0029790278058499,-0.0059160566888749,-0.0094429068267345,0.0056632398627698,0.0163147859275341,-0.0068721352145075,-0.0124393198639154,-0.0027871301863342,-0.0015377011150121,0.0138781303539872,-0.0364713594317436,-0.010646341368556,0.0014838174683973,-0.0084550809115171,-0.0044318111613392,-0.0125968549400568,-0.0041869720444083,0.0061825048178434,-0.0392476692795753,0.0006827240576967,-0.0032509258016943,0.0133528532460331,-0.028017733246088,-0.0061556156724691,0.0395269952714443,0.0088066970929503,0.0135390209034085,-0.0118956053629517,0.0027821054682135,0.0017475758213549,0.0206724181771278,-0.0124054932966828,-0.0361286997795105,0.0144259193912148,0.0168094672262668,0.0161555390805006,-0.0008897989755496,-0.0056169456802308,0.0217045862227678,-0.0306366402655839,-0.0071081719361245,-0.0268642101436853,-0.0209875348955392,0.0146148633211851,-0.0140492366626858,-0.0144043453037738,-0.0026069723535329,0.0070029683411121,0.0113959610462188,0.0078613059595227,-0.0041466308757662,-0.0084999846294522,-0.015153182670474,-0.0258195176720619,-0.0068310317583382,0.0010293899103999,-0.0098533341661095,-0.0160022365686829,-0.0086854515458842,-0.0234886961004195,0.0142621533558386,-0.0206812558218547,0.0365511191805512,-0.014692117063397,0.06977550099831,-0.0348818914176435,0.1513075125374923,-0.0939765267006629,-0.0106627092508997,2019-02-11,2019-02-12,2019-02-13,2019-02-14,2019-02-15,2019-02-19,2019-02-20,2019-02-21,2019-02-22,2019-02-25,85863.0,2019-02-08,252.0,15.5868%,0.0013,0.7313,0.7342,-0.1789,1.5720%,1.8386%,26.8981%,0.154449,COLM,85863.0,2019-02-11,252.0,0.1029%,0.0013,0.7217,0.7354,-0.1833,1.5718%,1.8297%,26.1990%,-0.004528,COLM,85863.0,2019-02-12,252.0,-1.7014%,0.0011,0.6831,0.7638,-0.2081,1.5615%,1.8115%,25.6988%,-0.027388,COLM,85863.0,2019-02-13,252.0,-0.7608%,0.0012,0.7053,0.7218,-0.2182,1.5280%,1.7892%,27.0666%,-0.0099329999999999,COLM,85863.0,2019-02-14,252.0,-0.3737%,0.0011,0.7064,0.7166,-0.211,1.5263%,1.7863%,26.9849%,-0.007375,COLM,85863.0,2019-02-15,252.0,0.6637%,0.0011,0.6972,0.7079,-0.2264,1.5255%,1.7822%,26.7321%,-0.002224,COLM,85863.0,2019-02-19,252.0,-0.1529%,0.0011,0.6995,0.6999,-0.2357,1.5244%,1.7823%,26.8440%,-0.004327,COLM,85863.0,2019-02-20,252.0,-0.7561%,0.0011,0.6988,0.7085,-0.2355,1.5188%,1.7783%,27.0497%,-0.009233,COLM,85863.0,2019-02-21,252.0,1.0704%,0.0012,0.6934,0.7002,-0.2455,1.5200%,1.7770%,26.8371%,0.013144,COLM,85863.0,2019-02-22,252.0,0.4198%,0.0012,0.695,0.6904,-0.2351,1.5206%,1.7765%,26.7333%,-0.007868,COLM,85863.0,2019-02-25,252.0,0.0380%,0.0011,0.6957,0.6914,-0.2317,1.5201%,1.7759%,26.7351%,0.000609,COLM,0.149921,0.122533,0.1126,0.103001,0.095326
31371,COLUMBIA SPORTSWEAR CO,Columbia Sportswear shares are trading higher after the company reported better than expected Q4 earnings and announced strong 2019 guidance.,6,increase,0.85,0.7,"the better than expected q4 earnings and strong guidance for 2019 typically indicate positive performance, which is likely to boost investor confidence and drive the stock price higher.",2,2019-02-08,COLM,2019-02-08 13:39:00+00:00,85863.0,19851610,0.1558680832386017,1696934.0,0.0010293899103999,-0.0098533341661095,-0.0170141123235225,0.001179504673928,-0.007608207874,0.0231486614793539,-0.003737416351214,0.0148074133321642,0.0066371918655931,0.0070635410957038,-0.0015289408620446,0.0051842564716935,-0.0075605409219861,0.0096723502501845,0.0107039595022797,0.0038838968612253,0.0041980962269008,-0.0012549983803182,0.0003800562117248,0.0142328552901744,-0.0005698315217159,0.0085190301761031,-0.0024707985576242,0.0011684321798384,-0.0192436333745718,-0.0058078756555914,0.0210782494395971,0.0268368329852819,-0.0132229775190353,0.0135395927354693,-0.0031813536770641,-0.000120900949696,-0.0129593983292579,0.0013314040843397,-0.0050088600255548,0.0008479672251269,-0.0034547278191894,0.0087987435981631,0.0180269386619329,-0.0259492956101894,0.0020431901793926,-0.0045028706081211,0.0047577968798577,0.0059601860120892,0.0024159257300198,0.0109664499759674,0.0001927758858073,0.017784921452403,0.012144599109888,-0.0267398580908775,0.0026664009783416,-0.0038054431788623,-0.0199448987841606,-0.004027051385492,0.0174435060471296,-0.0027167887892574,-0.0372416041791439,0.0076173176057636,0.0179065838456153,0.0463261939585208,0.0,-0.0191767383366823,0.0022354295942932,-0.021513033658266,0.0162917021661996,-0.0029790278058499,-0.0059160566888749,-0.0094429068267345,0.0056632398627698,0.0163147859275341,-0.0068721352145075,-0.0124393198639154,-0.0027871301863342,-0.0015377011150121,0.0138781303539872,-0.0364713594317436,-0.010646341368556,0.0014838174683973,-0.0084550809115171,-0.0044318111613392,-0.0125968549400568,-0.0041869720444083,0.0061825048178434,-0.0392476692795753,0.0006827240576967,-0.0032509258016943,0.0133528532460331,-0.028017733246088,-0.0061556156724691,0.0395269952714443,0.0088066970929503,0.0135390209034085,-0.0118956053629517,0.0027821054682135,0.0017475758213549,0.0206724181771278,-0.0124054932966828,-0.0361286997795105,0.0144259193912148,0.0168094672262668,0.0161555390805006,-0.0008897989755496,-0.0056169456802308,0.0217045862227678,-0.0306366402655839,-0.0071081719361245,-0.0268642101436853,-0.0209875348955392,0.0146148633211851,-0.0140492366626858,-0.0144043453037738,-0.0026069723535329,0.0070029683411121,0.0113959610462188,0.0078613059595227,-0.0041466308757662,-0.0084999846294522,-0.015153182670474,-0.0258195176720619,-0.0068310317583382,0.0010293899103999,-0.0098533341661095,-0.0160022365686829,-0.0086854515458842,-0.0234886961004195,0.0142621533558386,-0.0206812558218547,0.0365511191805512,-0.014692117063397,0.06977550099831,-0.0348818914176435,0.1513075125374923,-0.0939765267006629,-0.0106627092508997,2019-02-11,2019-02-12,2019-02-13,2019-02-14,2019-02-15,2019-02-19,2019-02-20,2019-02-21,2019-02-22,2019-02-25,85863.0,2019-02-08,252.0,15.5868%,0.0013,0.7313,0.7342,-0.1789,1.5720%,1.8386%,26.8981%,0.154449,COLM,85863.0,2019-02-11,252.0,0.1029%,0.0013,0.7217,0.7354,-0.1833,1.5718%,1.8297%,26.1990%,-0.004528,COLM,85863.0,2019-02-12,252.0,-1.7014%,0.0011,0.6831,0.7638,-0.2081,1.5615%,1.8115%,25.6988%,-0.027388,COLM,85863.0,2019-02-13,252.0,-0.7608%,0.0012,0.7053,0.7218,-0.2182,1.5280%,1.7892%,27.0666%,-0.0099329999999999,COLM,85863.0,2019-02-14,252.0,-0.3737%,0.0011,0.7064,0.7166,-0.211,1.5263%,1.7863%,26.9849%,-0.007375,COLM,85863.0,2019-02-15,252.0,0.6637%,0.0011,0.6972,0.7079,-0.2264,1.5255%,1.7822%,26.7321%,-0.002224,COLM,85863.0,2019-02-19,252.0,-0.1529%,0.0011,0.6995,0.6999,-0.2357,1.5244%,1.7823%,26.8440%,-0.004327,COLM,85863.0,2019-02-20,252.0,-0.7561%,0.0011,0.6988,0.7085,-0.2355,1.5188%,1.7783%,27.0497%,-0.009233,COLM,85863.0,2019-02-21,252.0,1.0704%,0.0012,0.6934,0.7002,-0.2455,1.5200%,1.7770%,26.8371%,0.013144,COLM,85863.0,2019-02-22,252.0,0.4198%,0.0012,0.695,0.6904,-0.2351,1.5206%,1.7765%,26.7333%,-0.007868,COLM,85863.0,2019-02-25,252.0,0.0380%,0.0011,0.6957,0.6914,-0.2317,1.5201%,1.7759%,26.7351%,0.000609,COLM,0.149921,0.122533,0.1126,0.103001,0.095326
31379,CHARLES & COLVARD LTD,"Charles & Colvard shares are trading higher after the company reported Q4 EPS of $0.05, up $0.03 year over year and sales of $10.1 million, up $8.537 year over year.",6,increase,0.8,0.7,the positive earnings per share and significant year-over-year sales growth are likely to boost investor confidence and drive the stock price higher.,2,2019-02-08,CTHR,2019-02-08 18:31:00+00:00,85539.0,15976510,0.0816325768828392,478738.0,0.0094340657815337,-0.0098009500652551,-0.0002804203541018,0.0417895056307315,-0.0090680187568068,0.0168040059506893,-0.0566037222743034,0.0244517605751752,0.0299999713897705,0.002197773894295,0.0,-0.0418026447296142,-0.0485436432063579,-0.008146196603775,-0.0102040721103549,0.0407608300447464,0.0309278052300214,-0.0611286722123622,0.0,0.0833609700202941,0.0,-0.0478947162628173,0.0299999713897705,0.0387054160237312,0.0097087286412715,-0.0472916290163993,0.0096153756603598,0.0322580337524414,0.0190477147698402,0.0,-0.0186916813254356,0.0333333685994148,-0.009523800574243,0.0550996400415897,0.0,-0.0295790936797857,-0.0096153756603598,0.0220930147916078,0.0388350300490856,0.0236876849085092,-0.0280374661087989,-0.0116470977663993,9.61698024184443e-05,-0.0229884833097457,-0.0097106117755174,0.0057803411036729,0.0097087286412715,-0.0279806926846504,0.0230769701302051,0.0112500376999378,-0.0131579488515853,0.0352940820157527,0.0666667222976684,-0.0229884833097457,-0.0446428135037422,0.0,0.05607470870018,0.0,-0.0973451435565948,0.0223266668617725,0.078431412577629,0.0011764554074034,-0.0272727012634277,-0.0859231799840927,0.0042989985086023,-0.0211578924208879,0.0608598589897155,0.1175156012177467,0.0350876860320568,-0.0186786875128746,0.0,-0.0374655611813068,-0.0254237055778503,0.0112359449267387,0.0347826816141605,-0.0273224432021379,0.0084033524617552,0.0054945000447332,0.0,-0.0319148637354373,-0.0166667494922876,0.0445604808628559,-0.0254237055778503,-0.0218478236347436,0.0260869320482015,0.0337079018354415,-0.0423728413879871,-0.0531915016472339,0.0265486482530832,0.0,0.0,-0.0105263059958815,0.0,0.0674157366156578,0.0,-0.0430107749998569,0.0,0.0219780001789331,0.0172413624823093,-0.0109770111739635,0.0254238061606884,0.0110988430678844,0.0,0.0,-0.0131405089050531,-0.0319148637354373,0.013315481133759,0.0107526779174804,-0.0082644550129771,0.0,-0.0333333984017372,0.0333333685994148,-0.0258620455861091,-0.0049751591868698,0.0228318497538566,-0.013308604247868,-0.0050181769765913,-0.0549484752118587,0.0,-0.029902946203947,0.0094340657815337,-0.0098009500652551,0.0091509999233647,0.031578978707538,-2.7239066557882547e-10,0.0489136380043455,-0.028301861197998,0.0769230661884683,-0.0566037212261339,0.0834715458082588,-0.0377358106631617,0.1515863810599929,0.0849056988377223,-0.0199019437713277,2019-02-11,2019-02-12,2019-02-13,2019-02-14,2019-02-15,2019-02-19,2019-02-20,2019-02-21,2019-02-22,2019-02-25,85539.0,2019-02-08,252.0,8.1633%,-0.0009,0.1524,0.2985,-0.7223,3.4468%,3.4972%,2.8621%,0.076636,CTHR,85539.0,2019-02-11,252.0,0.9434%,-0.0005,0.0681,0.3917,-0.7161,3.4214%,3.4679%,2.6654%,0.008812,CTHR,85539.0,2019-02-12,252.0,-0.0280%,-0.0009,0.0192,0.4527,-0.7519,3.3823%,3.4324%,2.9000%,-0.0026019999999999,CTHR,85539.0,2019-02-13,252.0,-0.9068%,-0.001,0.0111,0.4631,-0.752,3.3813%,3.4316%,2.9058%,-0.008967,CTHR,85539.0,2019-02-14,252.0,-5.6604%,-0.0013,0.0244,0.4284,-0.7118,3.4016%,3.4469%,2.6114%,-0.0634499999999999,CTHR,85539.0,2019-02-15,252.0,3.0000%,-0.0013,0.0148,0.4233,-0.7228,3.3995%,3.4449%,2.6198%,0.03197,CTHR,85539.0,2019-02-19,252.0,0.0000%,-0.0012,0.0255,0.4102,-0.7385,3.3932%,3.4401%,2.7067%,0.0008129999999999,CTHR,85539.0,2019-02-20,252.0,-4.8544%,-0.0014,0.0128,0.3805,-0.784,3.4045%,3.4532%,2.7985%,-0.045533,CTHR,85539.0,2019-02-21,252.0,-1.0204%,-0.0013,0.003,0.3581,-0.8019,3.3984%,3.4471%,2.8042%,-0.011793,CTHR,85539.0,2019-02-22,252.0,3.0928%,-0.0011,-0.0008,0.3913,-0.8167,3.3976%,3.4504%,3.0342%,0.017051,CTHR,85539.0,2019-02-25,252.0,0.0000%,-0.001,-0.0045,0.3873,-0.8327,3.3916%,3.4456%,3.1068%,-0.000552,CTHR,0.085448,0.082846,0.073879,0.042399,0.002385
31387,C T S CORP,CTS Corporation Board Reports $25M Buyback,6,increase,0.8,0.7,"a $25 million buyback typically signals confidence from the company in its own stock, which can lead to an increase in stock price as it reduces the number of shares outstanding and may indicate that the stock is undervalued.",2,2019-02-08,CTS,2019-02-08 15:58:00+00:00,28564.0,12650110,0.0027787399012595,143180.0,0.0249393582344055,-0.0116717563942074,0.0236566662788391,-0.0081716608256101,0.0009903855388984,0.0352484993636608,0.0148417139425873,0.0132143152877688,0.0217744577676057,-0.0130419749766588,-0.0353053621947765,0.0139385741204023,0.0220903418958187,0.0174545291811227,-0.0009677640628069,-0.01362981274724,0.02163384296,-0.0169252976775169,0.0091656418517231,0.0150322141125798,0.0028186705894768,0.0272058732807636,-0.0012492478126659,-0.0080233151093125,0.0043777171522378,-0.0143781313672661,0.0003113990242127,0.0087019493803381,-0.0183629039674997,-0.0075567103922367,-0.0193405393511056,0.0083454810082912,-0.0223084557801485,0.0003629847196862,-0.0033068908378481,-0.0007254427764564,0.0023224849719554,0.0018168326932936,0.0248262174427509,0.0087976455688476,-0.0003229432040825,0.0167722981423139,0.0025848117657005,0.0295472163707017,-0.0029004532843828,0.0191630721092224,-0.0029126263689249,0.0187250711023807,0.004868536721915,-0.0286377612501382,-0.0025839768350124,-0.0019312181975692,-0.0068004885688424,0.0046565360389649,0.0169546939432621,0.0275119822472333,-0.0596345178782939,-0.0051485178992152,0.0034094913862645,0.0459817983210086,0.0054366239346563,-0.0130825722590088,-0.0182494390755891,-0.0381439737975597,0.008605851791799,-0.0200385525822639,0.0023891332093626,-0.0248026996850967,0.0132788345217704,-0.0007509782444685,-0.0006720583769492,-0.0029951301403343,0.0184936504811048,-0.0241140574216842,-0.0016507474938407,-0.0115565070882439,0.0138888917863369,0.0105839753523469,0.0022830951493233,-0.0010937181068584,-0.0139928506687283,-0.0043556783348321,0.0188119336962699,-0.0178253129124641,-0.0110139343887567,-0.0067280642688274,0.0026203708257526,-0.0526668801903724,-0.0026135223452001,0.0275766719132661,0.004913187585771,0.0003448354837018,0.0208604745566844,-0.013605429790914,0.0134099638089537,0.0326659753918647,-0.0233144219964742,-0.0155601920560002,0.0203225538134574,0.003818139899522,-0.015491615049541,-0.0062090479768812,-0.0404624342918396,0.0276497956365346,0.0043507721275091,0.0202531460672617,-0.0006664597894996,-0.018110804259777,-0.0013337448472157,0.0133141027763485,-0.0010016923770308,0.0304042138159275,-0.0036764910910278,-0.0149744283407926,0.0161020290106535,0.0021961736492812,0.0059425020590424,-0.0228898208588361,-0.0344601012766361,-0.030849264934659,0.0249393582344055,-0.0116717563942074,0.0491860065882043,-0.019748039585325,0.0502251052367439,0.0148043710175789,0.089019729558883,0.0148043705525886,0.1059923573927723,0.0304223438954924,0.0207168863114259,0.1945285235592593,0.020370050551568,-0.00048812969373,2019-02-11,2019-02-12,2019-02-13,2019-02-14,2019-02-15,2019-02-19,2019-02-20,2019-02-21,2019-02-22,2019-02-25,28564.0,2019-02-08,252.0,0.2779%,0.0002,0.831,1.2233,-0.0866,1.1603%,1.6352%,49.6494%,0.0007099999999999,CTS,28564.0,2019-02-11,252.0,2.4939%,0.0002,0.8296,1.2459,-0.0751,1.1642%,1.6350%,49.2961%,0.015801,CTS,28564.0,2019-02-12,252.0,2.3657%,0.0003,0.8438,1.2361,-0.0661,1.1631%,1.6401%,49.7054%,0.0118979999999999,CTS,28564.0,2019-02-13,252.0,0.0990%,0.0004,0.8455,1.2322,-0.0674,1.1629%,1.6401%,49.7248%,-0.002168,CTS,28564.0,2019-02-14,252.0,1.4842%,0.0004,0.8439,1.2376,-0.0742,1.1633%,1.6422%,49.8235%,0.009719,CTS,28564.0,2019-02-15,252.0,2.1774%,0.0005,0.8617,1.2546,-0.0439,1.1610%,1.6475%,50.3410%,0.009401,CTS,28564.0,2019-02-19,252.0,-3.5305%,0.0004,0.8539,1.2286,-0.0725,1.1893%,1.6626%,48.8364%,-0.040549,CTS,28564.0,2019-02-20,252.0,2.2090%,0.0004,0.8591,1.2415,-0.0536,1.1943%,1.6681%,48.7385%,0.018064,CTS,28564.0,2019-02-21,252.0,-0.0968%,0.0004,0.8625,1.2491,-0.0473,1.1923%,1.6681%,48.9084%,0.002857,CTS,28564.0,2019-02-22,252.0,2.1634%,0.0004,0.8613,1.252,-0.059,1.1933%,1.6729%,49.1180%,0.008361,CTS,28564.0,2019-02-25,252.0,0.9166%,0.0005,0.8613,1.2468,-0.0617,1.1951%,1.6737%,49.0115%,0.010923,CTS,0.0165109999999999,0.0284089999999999,0.0262409999999999,0.045361,0.045017
31395,DEERE & CO,"USDA's World Agricultural Supply And Demand Estimates Report For Feb. 8, 2019 - Full Report",6,uncertain,0.5,0.5,"the usda's report may contain mixed signals about agricultural demand and supply, making its impact on deere & co's stock price uncertain.",1,2019-02-08,DE,2019-02-08 17:10:00+00:00,19350.0,24419910,0.005871427245438,1628263.0,-0.0049769436009228,-0.0114857628941535,0.0200691614300012,-0.0032276597339659,-0.0150735843926668,-0.0018235231982544,-0.0017209514044225,0.0038442129734903,-0.0211180448532104,-0.0007316775154322,-0.0108812563121318,0.0066907880827784,0.0166603736579418,0.0151421232149004,0.0185764394700527,0.0254967734217643,0.0191587042063474,-0.0310216378420591,-0.006687959190458,0.0193776898086071,-0.0064296829514205,0.0052026649937033,-0.0012820923002436,-0.0077436147257685,0.0027507608756423,-0.0350525751709938,-0.0044501083903014,0.0283625479787588,0.0153696024790406,0.0168985687196254,-0.0263539385050535,0.00229226751253,-0.0198822636157274,-0.0022870248649269,-0.0013903009239584,-0.0054965573363006,0.0062649678438901,-0.0052790120244026,0.0088673904538154,0.0310373436659574,-0.0079790474846959,-0.0165052022784948,0.0033931965008378,0.0179034415632486,-0.0120240375399589,0.0163502842187881,0.0024721056688576,0.052967645227909,0.0135947465896606,-0.0273464061319828,0.0041796518489718,-0.0071729710325598,-0.0081381471827626,0.0267758779227733,0.0004383819468785,-0.0046346951276063,-0.023727498948574,0.0240803863853216,0.0089136809110641,0.0428737737238407,0.0017161652212962,-0.0392335169017314,0.0042512570507824,-0.0114075904712081,0.0036014250945299,-0.0098576284945011,0.0111335683614015,-0.021108316257596,0.0129504967480897,0.0215634852647781,0.0012969640083611,-0.0196630619466304,0.0078337304294109,0.0047198231332004,0.005202314350754,0.0011475507635623,0.0048099928535521,0.0077550979331135,-0.0001817777374526,-0.000204031690373,-0.0373939275741577,-0.0015618343604728,-0.0012591887498274,-0.0461817793548107,0.009645078331232,0.0184708964079618,0.0081169018521904,-0.0654707476496696,0.0063792811706662,0.0473269745707511,0.0127391964197158,0.0327399037778377,0.0054083582945168,-0.0134201264008879,0.0217588767409324,0.028414836153388,0.0005914868088439,-0.0074536707252264,-0.0082175554707646,0.0425651222467422,-0.0146041791886091,0.0067662210203707,-0.0211723428219556,0.0242564287036657,0.0197762623429298,-0.0284071173518896,0.0077570984140038,-0.0358422137796878,-0.0039689000695943,0.007975447922945,-0.0065810033120214,-0.0035321577452123,-0.002552559832111,-6.788362952647731e-05,0.0169998090714216,0.0183993093669414,-0.040321197360754,-0.0016572766471654,-0.0151079930365085,-0.0126815345138311,-0.0049769436009228,-0.0114857628941535,0.0149923347445235,-0.0146763504937122,-0.0003072378711579,-0.0164731110263757,-0.0231028851612381,-0.013414615100371,0.0129646724333911,0.0212712896254942,-0.0333026005473048,0.1839162758873853,-0.0260002708505833,0.1089276970366257,2019-02-11,2019-02-12,2019-02-13,2019-02-14,2019-02-15,2019-02-19,2019-02-20,2019-02-21,2019-02-22,2019-02-25,19350.0,2019-02-08,252.0,0.5871%,0.0002,1.3375,-0.0401,0.133,1.4234%,2.0160%,50.1456%,0.005542,DE,19350.0,2019-02-11,252.0,-0.4977%,0.0001,1.3367,-0.0491,0.1277,1.4241%,1.9928%,48.9298%,-0.00699,DE,19350.0,2019-02-12,252.0,2.0069%,0.0002,1.344,-0.057,0.1328,1.4226%,1.9960%,49.2050%,0.0020169999999999,DE,19350.0,2019-02-13,252.0,-1.5074%,0.0001,1.3368,-0.0527,0.1289,1.4265%,1.9910%,48.6707%,-0.0189949999999999,DE,19350.0,2019-02-14,252.0,-0.1721%,0.0,1.3357,-0.0519,0.1292,1.4253%,1.9894%,48.6697%,0.002008,DE,19350.0,2019-02-15,252.0,-2.1118%,-0.0001,1.3184,-0.0715,0.0958,1.4430%,1.9925%,47.5564%,-0.036802,DE,19350.0,2019-02-19,252.0,-1.0881%,-0.0002,1.3137,-0.077,0.09,1.4449%,1.9891%,47.2329%,-0.013566,DE,19350.0,2019-02-20,252.0,1.6660%,-0.0002,1.3161,-0.0785,0.0967,1.4442%,1.9894%,47.2987%,0.013739,DE,19350.0,2019-02-21,252.0,1.8576%,0.0,1.3036,-0.0988,0.0736,1.4466%,1.9851%,46.8976%,0.023513,DE,19350.0,2019-02-22,252.0,1.9159%,0.0001,1.3013,-0.0823,0.0612,1.4471%,1.9859%,46.9004%,0.01221,DE,19350.0,2019-02-25,252.0,-0.6688%,0.0,1.3029,-0.0764,0.07,1.4460%,1.9849%,46.9306%,-0.008844,DE,-0.0014479999999999,0.000569,-0.0184259999999999,-0.05322,-0.0261679999999999
31403,DEERE & CO,"Deere Shares Volatile Over Last Few Mins. Following USDA Crop Report 2018/2019 Global End Stocks For Soybeans 106.72M Tonnes, Corn 309.78M Tonnes, Wheat 267.53M Tonnes",6,uncertain,0.5,0.5,"the volatility in deere's shares following the usda crop report indicates mixed market reactions, making the impact on stock price uncertain.",1,2019-02-08,DE,2019-02-08 17:08:00+00:00,19350.0,24419910,0.005871427245438,1628263.0,-0.0049769436009228,-0.0114857628941535,0.0200691614300012,-0.0032276597339659,-0.0150735843926668,-0.0018235231982544,-0.0017209514044225,0.0038442129734903,-0.0211180448532104,-0.0007316775154322,-0.0108812563121318,0.0066907880827784,0.0166603736579418,0.0151421232149004,0.0185764394700527,0.0254967734217643,0.0191587042063474,-0.0310216378420591,-0.006687959190458,0.0193776898086071,-0.0064296829514205,0.0052026649937033,-0.0012820923002436,-0.0077436147257685,0.0027507608756423,-0.0350525751709938,-0.0044501083903014,0.0283625479787588,0.0153696024790406,0.0168985687196254,-0.0263539385050535,0.00229226751253,-0.0198822636157274,-0.0022870248649269,-0.0013903009239584,-0.0054965573363006,0.0062649678438901,-0.0052790120244026,0.0088673904538154,0.0310373436659574,-0.0079790474846959,-0.0165052022784948,0.0033931965008378,0.0179034415632486,-0.0120240375399589,0.0163502842187881,0.0024721056688576,0.052967645227909,0.0135947465896606,-0.0273464061319828,0.0041796518489718,-0.0071729710325598,-0.0081381471827626,0.0267758779227733,0.0004383819468785,-0.0046346951276063,-0.023727498948574,0.0240803863853216,0.0089136809110641,0.0428737737238407,0.0017161652212962,-0.0392335169017314,0.0042512570507824,-0.0114075904712081,0.0036014250945299,-0.0098576284945011,0.0111335683614015,-0.021108316257596,0.0129504967480897,0.0215634852647781,0.0012969640083611,-0.0196630619466304,0.0078337304294109,0.0047198231332004,0.005202314350754,0.0011475507635623,0.0048099928535521,0.0077550979331135,-0.0001817777374526,-0.000204031690373,-0.0373939275741577,-0.0015618343604728,-0.0012591887498274,-0.0461817793548107,0.009645078331232,0.0184708964079618,0.0081169018521904,-0.0654707476496696,0.0063792811706662,0.0473269745707511,0.0127391964197158,0.0327399037778377,0.0054083582945168,-0.0134201264008879,0.0217588767409324,0.028414836153388,0.0005914868088439,-0.0074536707252264,-0.0082175554707646,0.0425651222467422,-0.0146041791886091,0.0067662210203707,-0.0211723428219556,0.0242564287036657,0.0197762623429298,-0.0284071173518896,0.0077570984140038,-0.0358422137796878,-0.0039689000695943,0.007975447922945,-0.0065810033120214,-0.0035321577452123,-0.002552559832111,-6.788362952647731e-05,0.0169998090714216,0.0183993093669414,-0.040321197360754,-0.0016572766471654,-0.0151079930365085,-0.0126815345138311,-0.0049769436009228,-0.0114857628941535,0.0149923347445235,-0.0146763504937122,-0.0003072378711579,-0.0164731110263757,-0.0231028851612381,-0.013414615100371,0.0129646724333911,0.0212712896254942,-0.0333026005473048,0.1839162758873853,-0.0260002708505833,0.1089276970366257,2019-02-11,2019-02-12,2019-02-13,2019-02-14,2019-02-15,2019-02-19,2019-02-20,2019-02-21,2019-02-22,2019-02-25,19350.0,2019-02-08,252.0,0.5871%,0.0002,1.3375,-0.0401,0.133,1.4234%,2.0160%,50.1456%,0.005542,DE,19350.0,2019-02-11,252.0,-0.4977%,0.0001,1.3367,-0.0491,0.1277,1.4241%,1.9928%,48.9298%,-0.00699,DE,19350.0,2019-02-12,252.0,2.0069%,0.0002,1.344,-0.057,0.1328,1.4226%,1.9960%,49.2050%,0.0020169999999999,DE,19350.0,2019-02-13,252.0,-1.5074%,0.0001,1.3368,-0.0527,0.1289,1.4265%,1.9910%,48.6707%,-0.0189949999999999,DE,19350.0,2019-02-14,252.0,-0.1721%,0.0,1.3357,-0.0519,0.1292,1.4253%,1.9894%,48.6697%,0.002008,DE,19350.0,2019-02-15,252.0,-2.1118%,-0.0001,1.3184,-0.0715,0.0958,1.4430%,1.9925%,47.5564%,-0.036802,DE,19350.0,2019-02-19,252.0,-1.0881%,-0.0002,1.3137,-0.077,0.09,1.4449%,1.9891%,47.2329%,-0.013566,DE,19350.0,2019-02-20,252.0,1.6660%,-0.0002,1.3161,-0.0785,0.0967,1.4442%,1.9894%,47.2987%,0.013739,DE,19350.0,2019-02-21,252.0,1.8576%,0.0,1.3036,-0.0988,0.0736,1.4466%,1.9851%,46.8976%,0.023513,DE,19350.0,2019-02-22,252.0,1.9159%,0.0001,1.3013,-0.0823,0.0612,1.4471%,1.9859%,46.9004%,0.01221,DE,19350.0,2019-02-25,252.0,-0.6688%,0.0,1.3029,-0.0764,0.07,1.4460%,1.9849%,46.9306%,-0.008844,DE,-0.0014479999999999,0.000569,-0.0184259999999999,-0.05322,-0.0261679999999999
31411,WISDOMTREE TRUST,A Dapper Dividend ETF,6,increase,0.7,0.6,"the introduction of a dapper dividend etf suggests a focus on income-generating investments, which may attract more investors and positively impact wisdomtree trust's stock price.",2,2019-02-08,DON,2019-02-08 19:26:00+00:00,91328.0,97717W50,0.0002846092102117,359158.0,0.004268683027476,-0.0062234061770141,0.010767844505608,-0.0028209390584379,0.0047659655101597,0.0051034959033131,-0.0022321939468383,0.0054161520674824,0.0072707533836364,0.0017133458750322,0.00263746175915,0.0043017356656491,0.0019401244353502,0.0072212596423923,-0.0060857874341309,0.0043515437282621,0.0052880216389894,0.0,-0.0019379761070013,0.0129298400133848,-0.0049930736422538,0.0032429427374154,0.0011151635553687,-0.0026462851092219,-0.0047340062446892,-0.0139130922034382,0.006994963157922,0.0132158817723393,-0.0025006986688822,0.0109857162460684,-0.0027855790685862,0.0056732939556241,-0.0089385388419032,0.003896914422512,-0.0084554469212889,-0.0050700320862233,-0.0028424807824194,0.0011942997807636,0.0114024430513382,0.0035961268004029,0.0019729339983314,0.0069402395747601,0.0042194523848593,0.0150075908750295,-0.0028011845424771,0.0120893744751811,-0.0008426623535342,0.0310002360492944,0.0067473063245415,-0.0116866370663046,-0.0047473325394093,0.0009484883630648,-0.0075757703743875,0.0089313806965947,0.0135708097368478,-0.0028626001439988,-0.0234309677034616,0.0051150843501091,0.0031419771257787,0.0433622784912586,0.0109624061733484,-0.027570167556405,0.0002822273236233,-0.0162162221968174,0.006770038511604,-0.0144155146554112,0.0028019696474075,-0.0148193752393126,0.0120145371183753,0.0003087807563133,-0.0024848191533237,-0.0244048684835434,0.003598041832447,-0.0098449233919382,0.0060673258267343,-0.0071089416742324,0.0065789935179054,0.0047619002871215,-0.0010893495054915,-0.001485974760726,-0.0114504359662532,-0.0059083295054733,0.0074462345801293,-0.0171312484890222,0.0010950155556201,-0.001160119427368,0.0084769316017627,-0.0265386421233415,-0.0040672863833606,0.0085421195253729,-0.0008167378255166,0.0057273991405963,-0.0040872348472476,-0.0031401831656694,0.0010944163659587,0.0144801624119281,-0.0057392478920519,-0.0028877356089651,0.0109950564801693,0.0131656164303422,0.0016339203575626,-0.0037890137173235,-0.01005978602916,0.0073399879038333,0.0096127018332481,-0.0169930830597877,-0.0010880604386329,-0.0088494885712862,-0.0005446747527457,0.0034373798407614,-0.0092643089592456,0.0057620503939688,0.000550067576114,-0.0065827001817524,0.0134688802063465,-0.0022844611667096,-0.0037971085403114,-0.0101752569898963,-0.016063168644905,-0.0070165586657822,0.004268683027476,-0.0062234061770141,0.0150824920481678,-0.0090267893858907,0.0199203401952363,-0.0039693616652285,0.0250427164166409,0.0031410796286126,0.0268915969706353,0.0323244879873583,0.000400348448033,0.1721257791422672,0.0330285818416657,-0.0081896930670596,2019-02-11,2019-02-12,2019-02-13,2019-02-14,2019-02-15,2019-02-19,2019-02-20,2019-02-21,2019-02-22,2019-02-25,91328.0,2019-02-08,252.0,0.0285%,0.0002,0.8254,0.2884,0.2671,0.2970%,0.9050%,89.2304%,0.001153,DON,91328.0,2019-02-11,252.0,0.4269%,0.0002,0.8221,0.292,0.2673,0.2965%,0.8864%,88.8065%,0.000495,DON,91328.0,2019-02-12,252.0,1.0768%,0.0002,0.8213,0.2927,0.2668,0.2965%,0.8862%,88.8062%,-0.0001159999999999,DON,91328.0,2019-02-13,252.0,0.4766%,0.0002,0.8211,0.2939,0.2675,0.2966%,0.8843%,88.7490%,0.002004,DON,91328.0,2019-02-14,252.0,-0.2232%,0.0002,0.8212,0.2934,0.268,0.2966%,0.8843%,88.7474%,-0.000585,DON,91328.0,2019-02-15,252.0,0.7271%,0.0002,0.8189,0.2909,0.2636,0.2978%,0.8811%,88.5730%,-0.004129,DON,91328.0,2019-02-19,252.0,0.2637%,0.0002,0.818,0.2914,0.2643,0.2975%,0.8789%,88.5409%,-0.0006529999999999,DON,91328.0,2019-02-20,252.0,0.1940%,0.0002,0.8175,0.2907,0.2627,0.2977%,0.8789%,88.5254%,-0.001809,DON,91328.0,2019-02-21,252.0,-0.6086%,0.0002,0.8168,0.2888,0.2615,0.2973%,0.8774%,88.5176%,-0.002353,DON,91328.0,2019-02-22,252.0,0.5288%,0.0002,0.8163,0.2953,0.2613,0.2962%,0.8774%,88.6037%,0.002134,DON,91328.0,2019-02-25,252.0,-0.1938%,0.0002,0.816,0.2961,0.2606,0.2961%,0.8772%,88.6094%,-0.0020239999999999,DON,0.001648,0.001532,0.003536,-0.0011779999999999,-0.0058829999999999
31419,AMDOCS LTD,"'Curious insider sale at $DOX, Division President in India unloading stock during quiet period ahead of earnings, when insiders aren't supposed to sell? @SEC_Enforcement any view on this at all?...' -Spruce Point Capital Tweets",6,decrease,0.75,0.6,"insider selling during a quiet period raises concerns about the company's future performance, potentially leading to a decrease in investor confidence and stock price.",0,2019-02-08,DOX,2019-02-08 17:32:00+00:00,86144.0,G0260210,-0.0145700024440884,1278830.0,0.0010818855371326,0.0201196428388357,0.0037824041210114,-0.0155246742069721,0.0075363717041909,-0.0033789547160267,-0.0119323590770363,0.010603885166347,0.0095529705286026,-0.004294947721064,0.0010712618241086,0.0093930717557668,0.0042803939431905,-0.0034203173127025,0.0015982978511601,0.0034320561680942,0.0076241185888648,-0.0014429657021537,-0.0058068241924047,0.0027129265945404,-0.0012389326002448,0.0041772527620196,-0.0097465747967362,-0.0894658491015434,-0.0055476264096796,-0.0055911880917847,0.0208745691925287,0.0143452975898981,-0.0144544281065464,0.0075630382634699,-0.0046503008343279,-0.0016778267454355,-0.0156334713101387,0.0033669518306851,-0.0104052517563104,-0.009999974630773,0.0066408524289727,0.0040160925127565,0.0065970425494015,0.0080971587449312,-0.0074640423990786,0.0023672538809478,-0.0018342313123866,0.0083546098321676,-0.0036750633735209,0.0053137019276618,0.0094060916453599,0.0199300590902566,-0.0127900745719671,-0.0178571585565805,0.0118452599272131,-0.0058040311560034,-0.0031095331069082,0.0108714587986469,0.0097247483208775,-0.0015440067509189,-0.0218062326312065,0.0036156866699457,-0.0007430970435962,0.0232558771967887,0.0094812847673892,-0.0196891743689775,-0.0060773114673793,-0.0114392722025513,0.0084305750206112,-0.0011937192175537,-0.0005540964193642,0.0049700243398547,0.0055442475713789,-0.0095060495659708,-0.0012865226017311,-0.0109133897349238,0.0095693860203027,-0.0074986997060477,-0.0072913146577775,-0.0008325516246259,0.0137715758755803,0.0003331188927404,-0.0027168577071279,0.0070446492172777,-0.0076280781067907,-0.0111129870638251,-0.0040263766422867,-0.0348967537283897,-0.0009187658433802,-0.020846365019679,-0.0003678583307191,-0.027142459526658,-0.0045998161658644,0.0103219551965594,0.0044362605549395,0.0023162681609392,-0.0011041843099519,0.0001544731494504,-0.0040530106052756,0.0101404292508959,0.0003699677763506,-0.0150584410876035,0.0024037952534854,0.0061843153089284,-0.0046116951853036,-0.0035434192977845,0.0016679050168022,0.0062006125226616,-0.002590182935819,-0.014813701622188,0.0087182568386197,-0.0053167017176747,0.0128723932430148,0.0067288950085639,-0.0025418156292289,0.0024527981877326,-0.0030942515004426,-0.0167318824678659,0.00712067540735,-0.00045210798271,-0.0001812603586586,-0.0062883389182388,-0.0188576765358448,0.0380790270864963,0.0010818855371326,0.0201196428388357,0.0048683817864583,0.0042826177316299,0.0124414434253898,0.000889192244222,0.0099170441807447,0.0071581559187208,0.0187522712483632,0.0179055508603753,-0.030111759481788,-0.0041790718408875,-0.0192058490780504,-0.121498333357902,2019-02-11,2019-02-12,2019-02-13,2019-02-14,2019-02-15,2019-02-19,2019-02-20,2019-02-21,2019-02-22,2019-02-25,86144.0,2019-02-08,252.0,-1.4570%,-0.0006,0.6144,0.1337,0.1721,0.9741%,1.1636%,29.9110%,-0.014178,DOX,86144.0,2019-02-11,252.0,0.1082%,-0.0006,0.6217,0.1259,0.1717,0.9735%,1.1597%,29.5371%,-0.001156,DOX,86144.0,2019-02-12,252.0,0.3782%,-0.0007,0.6114,0.1362,0.1647,0.9697%,1.1518%,29.1143%,-0.004506,DOX,86144.0,2019-02-13,252.0,0.7536%,-0.0006,0.6141,0.1341,0.1658,0.9702%,1.1527%,29.1595%,0.005527,DOX,86144.0,2019-02-14,252.0,-1.1932%,-0.0006,0.6166,0.1288,0.1714,0.9721%,1.1550%,29.1606%,-0.010478,DOX,86144.0,2019-02-15,252.0,0.9553%,-0.0006,0.6178,0.1301,0.1737,0.9722%,1.1548%,29.1263%,0.001341,DOX,86144.0,2019-02-19,252.0,0.1071%,-0.0007,0.6153,0.1333,0.1774,0.9709%,1.1515%,28.8995%,-0.001101,DOX,86144.0,2019-02-20,252.0,0.4280%,-0.0007,0.6155,0.1316,0.1776,0.9706%,1.1513%,28.9315%,0.0017419999999999,DOX,86144.0,2019-02-21,252.0,0.1598%,-0.0006,0.6117,0.125,0.1706,0.9699%,1.1488%,28.7189%,0.0042759999999999,DOX,86144.0,2019-02-22,252.0,0.7624%,-0.0006,0.6105,0.1351,0.1655,0.9698%,1.1489%,28.7523%,0.005369,DOX,86144.0,2019-02-25,252.0,-0.5807%,-0.0006,0.6113,0.1387,0.1704,0.9694%,1.1487%,28.7791%,-0.006173,DOX,-0.015334,-0.01984,-0.014313,-0.02345,-0.019337
31427,ELECTRONIC ARTS INC,BMO Capital Markets: Electronic Arts Makes 'Solid Entry' Into Battle Royale,6,increase,0.75,0.6,"the positive assessment from bmo capital markets regarding electronic arts' entry into the popular battle royale genre suggests potential for growth and increased investor interest, likely leading to a rise in stock price.",2,2019-02-08,EA,2019-02-08 18:54:00+00:00,75828.0,28551210,0.1605231910943985,26892189.0,-0.0036885309964418,0.0484976880252361,0.0523447543382644,-0.1330522894859314,-0.0007818022859282,0.0462512299418449,0.0293398536741733,-0.0305854082107543,0.0151068540289998,-0.011058073490858,-0.0363159626722335,0.0337329879403114,-0.0420551858842372,0.0228107012808322,-0.0179458241909742,-0.0357024781405925,-0.0097047537565231,-0.0138434348627924,-0.0006254957988858,0.0028420910239219,0.0275401566177606,0.0263660512864589,-0.0067005446180701,-0.0238747168332338,-0.0210547596216201,-0.013078243471682,0.0170182175934314,0.0359422154724597,-0.0012319345260038,-0.0067838146351277,-0.0161373186856508,0.0048050098121166,-0.0099248280748724,0.0102731548249721,0.0484330914914608,-0.0233737062662839,-0.0100644119083881,-0.0034062759950757,0.0069133825600147,0.0236193723976612,-0.0045436648651957,-0.001235598581843,0.0156202549114823,0.016326067969203,-0.0129830762743949,0.0375503227114677,0.0015177731402218,0.0725447759032249,0.0068700774572789,-0.0206545181572437,-0.0215733647346496,0.0185020789504051,-0.0049226065166294,-0.0049180248752236,0.0809027999639511,-0.0016366266645491,-0.0242181625217199,0.019771484658122,-0.0059604551643133,0.0424250289797782,0.0057996297255158,-0.0241608787328004,-0.0161258950829505,-0.0112345395609736,0.0151981599628925,-0.0117406602948904,-0.0055772964842617,-0.0204999931156635,0.0102332085371017,0.0097184982150793,-0.0178241152316331,-0.0116018000990152,-0.0068424716591835,-0.0086569003760814,-0.0220668893307447,-0.0256657097488641,0.0152133740484714,-0.0053931516595184,-0.0148848770186305,-0.0034635243937373,0.0030628184322267,0.0146631943061947,0.0140457740053534,-0.016213646158576,0.0095353266224265,0.0332593843340873,0.0124279176816344,-0.0335714258253574,-0.0390847809612751,-0.0008326358511112,-0.0410832576453685,-0.0268549565225839,-0.0200362876057624,0.0057042823173105,0.0129418428987264,0.0101128946989774,-0.0066566755995154,0.0012951914686709,0.0228058863431215,0.0273376330733299,-0.0050723422318696,-0.0160675849765539,-0.0124269584193825,0.0120452903211116,0.0160249285399913,-0.0002408992295386,0.0027522190939635,-0.0340816602110862,-0.0008445247076451,-0.0258356798440218,0.002218690700829,0.0290344897657632,-0.0048492420464754,-0.0186519883573055,-0.0201271343976259,-0.0030801307875663,0.0136216450482606,-0.0138372788205742,-0.0109854815527796,-0.0530521273612976,-0.0036885309964418,0.0484976880252361,0.0484631480929447,-0.0910073298872273,0.047643457207054,-0.0489653008863899,0.0946721097604355,-0.0882480421178942,-0.0178278490130139,-0.0806734174673625,0.042315622931017,0.1255353028764796,-0.0498974931628785,-0.1040801482425308,2019-02-11,2019-02-12,2019-02-13,2019-02-14,2019-02-15,2019-02-19,2019-02-20,2019-02-21,2019-02-22,2019-02-25,75828.0,2019-02-08,252.0,16.0523%,-0.0011,0.9982,0.1579,-0.7802,2.0351%,2.4526%,31.1490%,0.154985,EA,75828.0,2019-02-11,252.0,-0.3689%,-0.0011,0.9812,0.1695,-0.7828,2.0336%,2.4303%,29.9812%,-0.004433,EA,75828.0,2019-02-12,252.0,5.2345%,-0.001,0.9868,0.1905,-0.7837,2.0420%,2.4426%,30.1133%,0.037536,EA,75828.0,2019-02-13,252.0,-0.0782%,-0.001,0.9869,0.1896,-0.7843,2.0420%,2.4412%,30.0255%,-0.003211,EA,75828.0,2019-02-14,252.0,2.9340%,-0.0009,0.9808,0.2043,-0.8008,2.0488%,2.4483%,29.9706%,0.025777,EA,75828.0,2019-02-15,252.0,1.5107%,-0.0009,0.985,0.209,-0.7928,2.0495%,2.4490%,29.9654%,0.007257,EA,75828.0,2019-02-19,252.0,-3.6316%,-0.0011,0.9758,0.1899,-0.8136,2.0613%,2.4554%,29.5273%,-0.036515,EA,75828.0,2019-02-20,252.0,-4.2055%,-0.0012,0.9652,0.1674,-0.8509,2.0756%,2.4693%,29.3421%,-0.039952,EA,75828.0,2019-02-21,252.0,-1.7946%,-0.0013,0.9717,0.1773,-0.8389,2.0771%,2.4716%,29.3731%,-0.016314,EA,75828.0,2019-02-22,252.0,-0.9705%,-0.0014,0.9755,0.1784,-0.7926,2.0842%,2.4713%,28.8754%,-0.029428,EA,75828.0,2019-02-25,252.0,-0.0625%,-0.0014,0.975,0.1787,-0.7943,2.0840%,2.4713%,28.8850%,-0.003152,EA,0.150552,0.188088,0.184877,0.217911,0.09255
31435,ELECTRONIC ARTS INC,"Electronic Arts shares are trading higher after its recently released free-to-play battle royale game, Apex Legends, managed to gain over 10 million users within 72 hours.",6,increase,0.8,0.7,"the rapid user growth of apex legends suggests strong market interest and potential for revenue generation, likely leading to an increase in electronic arts' stock price.",2,2019-02-08,EA,2019-02-08 16:10:00+00:00,75828.0,28551210,0.1605231910943985,26892189.0,-0.0036885309964418,0.0484976880252361,0.0523447543382644,-0.1330522894859314,-0.0007818022859282,0.0462512299418449,0.0293398536741733,-0.0305854082107543,0.0151068540289998,-0.011058073490858,-0.0363159626722335,0.0337329879403114,-0.0420551858842372,0.0228107012808322,-0.0179458241909742,-0.0357024781405925,-0.0097047537565231,-0.0138434348627924,-0.0006254957988858,0.0028420910239219,0.0275401566177606,0.0263660512864589,-0.0067005446180701,-0.0238747168332338,-0.0210547596216201,-0.013078243471682,0.0170182175934314,0.0359422154724597,-0.0012319345260038,-0.0067838146351277,-0.0161373186856508,0.0048050098121166,-0.0099248280748724,0.0102731548249721,0.0484330914914608,-0.0233737062662839,-0.0100644119083881,-0.0034062759950757,0.0069133825600147,0.0236193723976612,-0.0045436648651957,-0.001235598581843,0.0156202549114823,0.016326067969203,-0.0129830762743949,0.0375503227114677,0.0015177731402218,0.0725447759032249,0.0068700774572789,-0.0206545181572437,-0.0215733647346496,0.0185020789504051,-0.0049226065166294,-0.0049180248752236,0.0809027999639511,-0.0016366266645491,-0.0242181625217199,0.019771484658122,-0.0059604551643133,0.0424250289797782,0.0057996297255158,-0.0241608787328004,-0.0161258950829505,-0.0112345395609736,0.0151981599628925,-0.0117406602948904,-0.0055772964842617,-0.0204999931156635,0.0102332085371017,0.0097184982150793,-0.0178241152316331,-0.0116018000990152,-0.0068424716591835,-0.0086569003760814,-0.0220668893307447,-0.0256657097488641,0.0152133740484714,-0.0053931516595184,-0.0148848770186305,-0.0034635243937373,0.0030628184322267,0.0146631943061947,0.0140457740053534,-0.016213646158576,0.0095353266224265,0.0332593843340873,0.0124279176816344,-0.0335714258253574,-0.0390847809612751,-0.0008326358511112,-0.0410832576453685,-0.0268549565225839,-0.0200362876057624,0.0057042823173105,0.0129418428987264,0.0101128946989774,-0.0066566755995154,0.0012951914686709,0.0228058863431215,0.0273376330733299,-0.0050723422318696,-0.0160675849765539,-0.0124269584193825,0.0120452903211116,0.0160249285399913,-0.0002408992295386,0.0027522190939635,-0.0340816602110862,-0.0008445247076451,-0.0258356798440218,0.002218690700829,0.0290344897657632,-0.0048492420464754,-0.0186519883573055,-0.0201271343976259,-0.0030801307875663,0.0136216450482606,-0.0138372788205742,-0.0109854815527796,-0.0530521273612976,-0.0036885309964418,0.0484976880252361,0.0484631480929447,-0.0910073298872273,0.047643457207054,-0.0489653008863899,0.0946721097604355,-0.0882480421178942,-0.0178278490130139,-0.0806734174673625,0.042315622931017,0.1255353028764796,-0.0498974931628785,-0.1040801482425308,2019-02-11,2019-02-12,2019-02-13,2019-02-14,2019-02-15,2019-02-19,2019-02-20,2019-02-21,2019-02-22,2019-02-25,75828.0,2019-02-08,252.0,16.0523%,-0.0011,0.9982,0.1579,-0.7802,2.0351%,2.4526%,31.1490%,0.154985,EA,75828.0,2019-02-11,252.0,-0.3689%,-0.0011,0.9812,0.1695,-0.7828,2.0336%,2.4303%,29.9812%,-0.004433,EA,75828.0,2019-02-12,252.0,5.2345%,-0.001,0.9868,0.1905,-0.7837,2.0420%,2.4426%,30.1133%,0.037536,EA,75828.0,2019-02-13,252.0,-0.0782%,-0.001,0.9869,0.1896,-0.7843,2.0420%,2.4412%,30.0255%,-0.003211,EA,75828.0,2019-02-14,252.0,2.9340%,-0.0009,0.9808,0.2043,-0.8008,2.0488%,2.4483%,29.9706%,0.025777,EA,75828.0,2019-02-15,252.0,1.5107%,-0.0009,0.985,0.209,-0.7928,2.0495%,2.4490%,29.9654%,0.007257,EA,75828.0,2019-02-19,252.0,-3.6316%,-0.0011,0.9758,0.1899,-0.8136,2.0613%,2.4554%,29.5273%,-0.036515,EA,75828.0,2019-02-20,252.0,-4.2055%,-0.0012,0.9652,0.1674,-0.8509,2.0756%,2.4693%,29.3421%,-0.039952,EA,75828.0,2019-02-21,252.0,-1.7946%,-0.0013,0.9717,0.1773,-0.8389,2.0771%,2.4716%,29.3731%,-0.016314,EA,75828.0,2019-02-22,252.0,-0.9705%,-0.0014,0.9755,0.1784,-0.7926,2.0842%,2.4713%,28.8754%,-0.029428,EA,75828.0,2019-02-25,252.0,-0.0625%,-0.0014,0.975,0.1787,-0.7943,2.0840%,2.4713%,28.8850%,-0.003152,EA,0.150552,0.188088,0.184877,0.217911,0.09255
31443,EURONET WORLDWIDE INC,"Euronet Worldwide shares are trading higher after the company reported Q4 EPS of $1.37, beating the $1.28 estimate and Q4 sales of $649.4 million, missing the $663.76 million estimate; The company also issued Q1 EPS guidance just above estimates.",6,increase,0.7,0.5,"the positive earnings per share (eps) beat indicates strong performance, which is likely to boost investor confidence despite the sales miss.",2,2019-02-08,EEFT,2019-02-08 17:11:00+00:00,84606.0,29873610,0.0974594429135322,1873261.0,0.0202260036021471,-0.0130081018432974,-0.0028654097113758,-0.0056165745481848,0.0041161756962537,0.0084964428097009,0.0006187782273627,0.0101430267095565,-0.0030146045610308,0.0029562327545136,0.0060474397614598,-0.0047593927010893,0.014180114492774,0.0168059486895799,-0.0022796583361923,-0.0099311731755733,0.0204874519258737,-0.0053721750155091,-0.0058960258029401,0.0090933013707399,-0.0014264447381719,0.0071328389458358,0.0121796140447258,0.0097812423482537,-0.0023025888949632,-0.0047787693329155,0.0078170616179704,0.0199476405978202,0.0118195032700896,0.0099362256005406,0.0012411343632265,0.0161170605570077,-7.287813059519976e-05,0.0180103350430727,-0.004885861184448,0.0125072104856371,-0.0066686472855508,0.0013384262565523,0.0173367075622081,0.0056724962778389,0.002973195631057,0.0067757680080831,0.0033259107731282,0.0181334018707275,0.0122504644095897,0.0133826425299048,-0.0165160335600376,0.0381544902920723,0.0114368582144379,-0.0503150932490825,0.0051528033800423,-0.0080093741416931,-0.0187254510819912,0.0118600213900208,0.0304745081812143,-0.0023663761094212,-0.0228137262165546,0.0029667268972843,-0.0106643298640847,0.0457084365189075,0.0151493214070797,-0.0039143478497862,0.0009326274739578,-0.0331640429794788,0.0033689429983496,-0.0152019951492548,0.0186455249786377,-0.0092314109206199,0.0165509544312953,0.0193146262317895,-0.0249740965664386,-0.0365493074059486,0.004599121864885,-0.0281925331801176,-0.0066910618916153,-0.0324808917939662,0.0121959950774908,-0.0151983853429555,0.0053239543922245,0.002569108037278,0.0021602176129817,0.0138315157964825,-0.0052148518152534,-0.013992222957313,-0.001328038284555,-0.0287287458777427,0.0126679558306932,-0.0354268364608287,0.0140299862250685,0.024827804416418,0.0006133883143775,-0.0066723050549626,0.0146448416635394,0.006203819066286,-0.0103384023532271,0.0332806557416915,0.000474883505376,0.0071636824868619,0.0032544287387281,0.0157204456627368,-6.754414062015712e-05,0.0017097314121201,-0.0063530844636261,0.0253736861050128,0.0014964033616706,-0.0272841583937406,0.0014261847827583,-0.0197941418737173,0.0165479984134435,0.0128307472914457,-0.0009340142132714,0.0294442009180784,-0.010617671534419,0.0028516012243926,0.0169411078095436,-0.0005516002420336,0.0085618142038583,-0.0187641121447086,-0.0107265384867787,0.0006318802479654,0.0202260036021471,-0.0130081018432974,0.0173026381036274,-0.018551615417749,0.0214900344983244,-0.0102127953474725,0.0190408163155257,0.0027823629760985,0.0523820604070091,0.0083938010039426,0.0847752524644365,0.1926577594515284,0.1877222270602185,0.0410724229312526,2019-02-11,2019-02-12,2019-02-13,2019-02-14,2019-02-15,2019-02-19,2019-02-20,2019-02-21,2019-02-22,2019-02-25,84606.0,2019-02-08,252.0,9.7459%,0.0015,0.8322,-0.3573,-0.7728,1.7776%,2.1293%,30.3056%,0.091861,EEFT,84606.0,2019-02-11,252.0,2.0226%,0.0016,0.8327,-0.3285,-0.757,1.7826%,2.1168%,29.0802%,0.023097,EEFT,84606.0,2019-02-12,252.0,-0.2865%,0.0016,0.8376,-0.3471,-0.7511,1.7797%,2.1157%,29.2425%,-0.015512,EEFT,84606.0,2019-02-13,252.0,0.4116%,0.0016,0.8387,-0.3487,-0.7512,1.7796%,2.1143%,29.1505%,0.002405,EEFT,84606.0,2019-02-14,252.0,0.0619%,0.0017,0.8406,-0.349,-0.7533,1.7746%,2.1113%,29.3584%,-0.000264,EEFT,84606.0,2019-02-15,252.0,-0.3015%,0.0017,0.8394,-0.3511,-0.7566,1.7752%,2.1116%,29.3257%,-0.008125,EEFT,84606.0,2019-02-19,252.0,0.6047%,0.0016,0.8298,-0.3322,-0.7345,1.7621%,2.0886%,28.8163%,0.00764,EEFT,84606.0,2019-02-20,252.0,1.4180%,0.0016,0.8333,-0.3285,-0.7232,1.7639%,2.0895%,28.7366%,0.017274,EEFT,84606.0,2019-02-21,252.0,-0.2280%,0.0015,0.8369,-0.3219,-0.7167,1.7633%,2.0894%,28.7820%,-0.0011899999999999,EEFT,84606.0,2019-02-22,252.0,2.0487%,0.0015,0.8366,-0.3315,-0.7287,1.7628%,2.0927%,29.0404%,0.0061829999999999,EEFT,84606.0,2019-02-25,252.0,-0.5896%,0.0015,0.8359,-0.3268,-0.7286,1.7638%,2.0932%,28.9973%,-0.009425,EEFT,0.114958,0.099446,0.101851,0.093462,0.113944
31451,EURONET WORLDWIDE INC,Euronet Worldwide Sees Q1 Adj. EPS $0.83 vs $0.82 Est.,6,increase,0.7,0.5,"the reported adjusted eps of $0.83 slightly exceeds the estimated $0.82, which may positively influence investor sentiment and lead to a modest increase in stock price.",2,2019-02-08,EEFT,2019-02-08 14:21:00+00:00,84606.0,29873610,0.0974594429135322,1873261.0,0.0202260036021471,-0.0130081018432974,-0.0028654097113758,-0.0056165745481848,0.0041161756962537,0.0084964428097009,0.0006187782273627,0.0101430267095565,-0.0030146045610308,0.0029562327545136,0.0060474397614598,-0.0047593927010893,0.014180114492774,0.0168059486895799,-0.0022796583361923,-0.0099311731755733,0.0204874519258737,-0.0053721750155091,-0.0058960258029401,0.0090933013707399,-0.0014264447381719,0.0071328389458358,0.0121796140447258,0.0097812423482537,-0.0023025888949632,-0.0047787693329155,0.0078170616179704,0.0199476405978202,0.0118195032700896,0.0099362256005406,0.0012411343632265,0.0161170605570077,-7.287813059519976e-05,0.0180103350430727,-0.004885861184448,0.0125072104856371,-0.0066686472855508,0.0013384262565523,0.0173367075622081,0.0056724962778389,0.002973195631057,0.0067757680080831,0.0033259107731282,0.0181334018707275,0.0122504644095897,0.0133826425299048,-0.0165160335600376,0.0381544902920723,0.0114368582144379,-0.0503150932490825,0.0051528033800423,-0.0080093741416931,-0.0187254510819912,0.0118600213900208,0.0304745081812143,-0.0023663761094212,-0.0228137262165546,0.0029667268972843,-0.0106643298640847,0.0457084365189075,0.0151493214070797,-0.0039143478497862,0.0009326274739578,-0.0331640429794788,0.0033689429983496,-0.0152019951492548,0.0186455249786377,-0.0092314109206199,0.0165509544312953,0.0193146262317895,-0.0249740965664386,-0.0365493074059486,0.004599121864885,-0.0281925331801176,-0.0066910618916153,-0.0324808917939662,0.0121959950774908,-0.0151983853429555,0.0053239543922245,0.002569108037278,0.0021602176129817,0.0138315157964825,-0.0052148518152534,-0.013992222957313,-0.001328038284555,-0.0287287458777427,0.0126679558306932,-0.0354268364608287,0.0140299862250685,0.024827804416418,0.0006133883143775,-0.0066723050549626,0.0146448416635394,0.006203819066286,-0.0103384023532271,0.0332806557416915,0.000474883505376,0.0071636824868619,0.0032544287387281,0.0157204456627368,-6.754414062015712e-05,0.0017097314121201,-0.0063530844636261,0.0253736861050128,0.0014964033616706,-0.0272841583937406,0.0014261847827583,-0.0197941418737173,0.0165479984134435,0.0128307472914457,-0.0009340142132714,0.0294442009180784,-0.010617671534419,0.0028516012243926,0.0169411078095436,-0.0005516002420336,0.0085618142038583,-0.0187641121447086,-0.0107265384867787,0.0006318802479654,0.0202260036021471,-0.0130081018432974,0.0173026381036274,-0.018551615417749,0.0214900344983244,-0.0102127953474725,0.0190408163155257,0.0027823629760985,0.0523820604070091,0.0083938010039426,0.0847752524644365,0.1926577594515284,0.1877222270602185,0.0410724229312526,2019-02-11,2019-02-12,2019-02-13,2019-02-14,2019-02-15,2019-02-19,2019-02-20,2019-02-21,2019-02-22,2019-02-25,84606.0,2019-02-08,252.0,9.7459%,0.0015,0.8322,-0.3573,-0.7728,1.7776%,2.1293%,30.3056%,0.091861,EEFT,84606.0,2019-02-11,252.0,2.0226%,0.0016,0.8327,-0.3285,-0.757,1.7826%,2.1168%,29.0802%,0.023097,EEFT,84606.0,2019-02-12,252.0,-0.2865%,0.0016,0.8376,-0.3471,-0.7511,1.7797%,2.1157%,29.2425%,-0.015512,EEFT,84606.0,2019-02-13,252.0,0.4116%,0.0016,0.8387,-0.3487,-0.7512,1.7796%,2.1143%,29.1505%,0.002405,EEFT,84606.0,2019-02-14,252.0,0.0619%,0.0017,0.8406,-0.349,-0.7533,1.7746%,2.1113%,29.3584%,-0.000264,EEFT,84606.0,2019-02-15,252.0,-0.3015%,0.0017,0.8394,-0.3511,-0.7566,1.7752%,2.1116%,29.3257%,-0.008125,EEFT,84606.0,2019-02-19,252.0,0.6047%,0.0016,0.8298,-0.3322,-0.7345,1.7621%,2.0886%,28.8163%,0.00764,EEFT,84606.0,2019-02-20,252.0,1.4180%,0.0016,0.8333,-0.3285,-0.7232,1.7639%,2.0895%,28.7366%,0.017274,EEFT,84606.0,2019-02-21,252.0,-0.2280%,0.0015,0.8369,-0.3219,-0.7167,1.7633%,2.0894%,28.7820%,-0.0011899999999999,EEFT,84606.0,2019-02-22,252.0,2.0487%,0.0015,0.8366,-0.3315,-0.7287,1.7628%,2.0927%,29.0404%,0.0061829999999999,EEFT,84606.0,2019-02-25,252.0,-0.5896%,0.0015,0.8359,-0.3268,-0.7286,1.7638%,2.0932%,28.9973%,-0.009425,EEFT,0.114958,0.099446,0.101851,0.093462,0.113944
31459,EURONET WORLDWIDE INC,"Euronet Worldwide Late Thurdsay Reported Q4 EPS $1.37 Beats $1.28 Estimate, Sales $649.4M Miss $663.76M Estimate",6,uncertain,0.6,0.3,"while euronet worldwide's eps beat estimates, the miss on sales could lead to mixed investor reactions, making the overall impact on stock price uncertain.",1,2019-02-08,EEFT,2019-02-08 14:05:00+00:00,84606.0,29873610,0.0974594429135322,1873261.0,0.0202260036021471,-0.0130081018432974,-0.0028654097113758,-0.0056165745481848,0.0041161756962537,0.0084964428097009,0.0006187782273627,0.0101430267095565,-0.0030146045610308,0.0029562327545136,0.0060474397614598,-0.0047593927010893,0.014180114492774,0.0168059486895799,-0.0022796583361923,-0.0099311731755733,0.0204874519258737,-0.0053721750155091,-0.0058960258029401,0.0090933013707399,-0.0014264447381719,0.0071328389458358,0.0121796140447258,0.0097812423482537,-0.0023025888949632,-0.0047787693329155,0.0078170616179704,0.0199476405978202,0.0118195032700896,0.0099362256005406,0.0012411343632265,0.0161170605570077,-7.287813059519976e-05,0.0180103350430727,-0.004885861184448,0.0125072104856371,-0.0066686472855508,0.0013384262565523,0.0173367075622081,0.0056724962778389,0.002973195631057,0.0067757680080831,0.0033259107731282,0.0181334018707275,0.0122504644095897,0.0133826425299048,-0.0165160335600376,0.0381544902920723,0.0114368582144379,-0.0503150932490825,0.0051528033800423,-0.0080093741416931,-0.0187254510819912,0.0118600213900208,0.0304745081812143,-0.0023663761094212,-0.0228137262165546,0.0029667268972843,-0.0106643298640847,0.0457084365189075,0.0151493214070797,-0.0039143478497862,0.0009326274739578,-0.0331640429794788,0.0033689429983496,-0.0152019951492548,0.0186455249786377,-0.0092314109206199,0.0165509544312953,0.0193146262317895,-0.0249740965664386,-0.0365493074059486,0.004599121864885,-0.0281925331801176,-0.0066910618916153,-0.0324808917939662,0.0121959950774908,-0.0151983853429555,0.0053239543922245,0.002569108037278,0.0021602176129817,0.0138315157964825,-0.0052148518152534,-0.013992222957313,-0.001328038284555,-0.0287287458777427,0.0126679558306932,-0.0354268364608287,0.0140299862250685,0.024827804416418,0.0006133883143775,-0.0066723050549626,0.0146448416635394,0.006203819066286,-0.0103384023532271,0.0332806557416915,0.000474883505376,0.0071636824868619,0.0032544287387281,0.0157204456627368,-6.754414062015712e-05,0.0017097314121201,-0.0063530844636261,0.0253736861050128,0.0014964033616706,-0.0272841583937406,0.0014261847827583,-0.0197941418737173,0.0165479984134435,0.0128307472914457,-0.0009340142132714,0.0294442009180784,-0.010617671534419,0.0028516012243926,0.0169411078095436,-0.0005516002420336,0.0085618142038583,-0.0187641121447086,-0.0107265384867787,0.0006318802479654,0.0202260036021471,-0.0130081018432974,0.0173026381036274,-0.018551615417749,0.0214900344983244,-0.0102127953474725,0.0190408163155257,0.0027823629760985,0.0523820604070091,0.0083938010039426,0.0847752524644365,0.1926577594515284,0.1877222270602185,0.0410724229312526,2019-02-11,2019-02-12,2019-02-13,2019-02-14,2019-02-15,2019-02-19,2019-02-20,2019-02-21,2019-02-22,2019-02-25,84606.0,2019-02-08,252.0,9.7459%,0.0015,0.8322,-0.3573,-0.7728,1.7776%,2.1293%,30.3056%,0.091861,EEFT,84606.0,2019-02-11,252.0,2.0226%,0.0016,0.8327,-0.3285,-0.757,1.7826%,2.1168%,29.0802%,0.023097,EEFT,84606.0,2019-02-12,252.0,-0.2865%,0.0016,0.8376,-0.3471,-0.7511,1.7797%,2.1157%,29.2425%,-0.015512,EEFT,84606.0,2019-02-13,252.0,0.4116%,0.0016,0.8387,-0.3487,-0.7512,1.7796%,2.1143%,29.1505%,0.002405,EEFT,84606.0,2019-02-14,252.0,0.0619%,0.0017,0.8406,-0.349,-0.7533,1.7746%,2.1113%,29.3584%,-0.000264,EEFT,84606.0,2019-02-15,252.0,-0.3015%,0.0017,0.8394,-0.3511,-0.7566,1.7752%,2.1116%,29.3257%,-0.008125,EEFT,84606.0,2019-02-19,252.0,0.6047%,0.0016,0.8298,-0.3322,-0.7345,1.7621%,2.0886%,28.8163%,0.00764,EEFT,84606.0,2019-02-20,252.0,1.4180%,0.0016,0.8333,-0.3285,-0.7232,1.7639%,2.0895%,28.7366%,0.017274,EEFT,84606.0,2019-02-21,252.0,-0.2280%,0.0015,0.8369,-0.3219,-0.7167,1.7633%,2.0894%,28.7820%,-0.0011899999999999,EEFT,84606.0,2019-02-22,252.0,2.0487%,0.0015,0.8366,-0.3315,-0.7287,1.7628%,2.0927%,29.0404%,0.0061829999999999,EEFT,84606.0,2019-02-25,252.0,-0.5896%,0.0015,0.8359,-0.3268,-0.7286,1.7638%,2.0932%,28.9973%,-0.009425,EEFT,0.114958,0.099446,0.101851,0.093462,0.113944
31467,EGAIN CORP,eGain shares are trading higher after the company reported strong Q2 results and raised 2019 SaaS revenue growth expectations from 25%-30% to 30%-35%.,6,increase,0.85,0.7,"the strong q2 results and raised saas revenue growth expectations are likely to positively influence investor sentiment, leading to an increase in egain corp's stock price.",2,2019-02-08,EGAN,2019-02-08 13:43:00+00:00,87227.0,28225C80,0.4771504998207092,6307668.0,0.0636942535638809,-0.0325097516179084,-0.0179640762507915,-0.0012986691435799,0.0026133002247661,0.0,0.0008688296074979,0.0984307527542114,-0.0243056137114763,-0.0209496673196554,0.0329181402921676,-0.0205198489129543,-0.0172265134751796,0.0310295894742012,0.0140227740630507,-0.0028129369020462,-0.0121002066880464,0.00851062964648,0.010498677380383,0.0413589663803577,-0.0242424011230468,0.0134730767458677,-0.0053239054977893,-0.0074294488877058,0.0115967988967895,-0.0494350157678127,-0.0123457089066505,-0.0139275640249252,0.0892857164144516,0.0112675949931144,-0.0073770619928836,0.0973725095391273,-0.0189925301820039,-0.0015432451618835,-0.0404040813446044,-0.02262444794178,0.0140351587906479,-0.0119224926456809,0.0155708780512213,-0.002971765352413,0.0596251972019672,-0.0073746591806411,0.0016077539185062,-0.0029411735013127,-0.109951838850975,0.03186646848917,0.0144273983314633,0.044374044984579,0.0008889092132449,-0.0610118843615055,-0.0213143657892942,0.0228309910744428,0.0127041181549429,-0.0120300631970167,0.020609363913536,-0.00894186925143,-0.0570676513016223,0.0166666880249977,-0.0316573716700077,0.2110092043876648,0.0278846118599176,-0.0197841972112655,-0.0261926800012588,-0.0495726428925991,0.0,-0.0409836061298847,0.003842455567792,-0.058641992509365,-0.0095693236216902,-0.0270270016044378,0.0048308437690138,-0.0579915568232536,0.0278846118599176,0.0042613935656845,-0.0299344900995492,-0.0056497124023735,-0.0009643422090448,0.0014143920270726,0.0019305461319163,-0.0084151392802596,-0.0028901477344334,0.0200286619365215,0.0038647304754704,-0.0042735342867672,0.0,0.0100719677284359,0.002887365873903,-0.0782493576407432,-0.0201535541564226,0.0148048633709549,0.0048971781507134,0.0,-0.0380117297172546,-0.0053547471761703,-0.0243160873651504,0.0610795207321643,-0.006230573169887,-0.0098453126847743,0.0292581710964441,0.0215517375618219,0.0050760642625391,0.0086956433951854,-0.0363636016845703,0.0329341739416122,0.0272536929696798,-0.0353791117668151,0.0224490072578191,-0.107603095471859,-0.0029940803069621,-0.0336238481104373,-0.0240240022540092,0.0347937494516372,0.0082051204517483,-0.0012869694037362,0.0264496672898531,-0.0152091113850474,0.0039643174968659,-0.0761124268174171,-0.0286278333514928,0.0595532916486263,0.0636942535638809,-0.0325097516179084,0.0445859688853305,-0.0337662013501967,0.047315785632606,-0.0337662013501967,0.0227479550511113,0.0391061796261296,0.050955455384158,0.0989660416208371,-0.0536851821764763,0.3651376835623361,-0.1046405500329012,-0.0769231084347438,2019-02-11,2019-02-12,2019-02-13,2019-02-14,2019-02-15,2019-02-19,2019-02-20,2019-02-21,2019-02-22,2019-02-25,87227.0,2019-02-08,252.0,47.7150%,0.0036,1.6798,0.5381,-1.8408,5.1802%,5.7830%,19.7605%,0.4651809999999999,EGAN,87227.0,2019-02-11,252.0,6.3694%,0.0035,1.8011,0.5019,-1.7968,5.1654%,5.7942%,20.5286%,0.061925,EGAN,87227.0,2019-02-12,252.0,-1.7964%,0.0031,1.7429,0.5403,-1.8334,5.1627%,5.7780%,20.1630%,-0.045713,EGAN,87227.0,2019-02-13,252.0,0.2613%,0.003,1.7312,0.5583,-1.8313,5.1606%,5.7696%,19.9987%,-0.001408,EGAN,87227.0,2019-02-14,252.0,0.0869%,0.0024,1.7259,0.5473,-1.8056,5.1027%,5.7095%,20.1278%,-0.00912,EGAN,87227.0,2019-02-15,252.0,-2.4306%,0.002,1.6557,0.48,-1.9252,5.0969%,5.6946%,19.8906%,-0.03661,EGAN,87227.0,2019-02-19,252.0,3.2918%,0.002,1.6465,0.5216,-1.8775,5.0911%,5.6752%,19.5249%,0.034056,EGAN,87227.0,2019-02-20,252.0,-1.7227%,0.0021,1.6466,0.5393,-1.8727,5.0855%,5.6706%,19.5697%,-0.011276,EGAN,87227.0,2019-02-21,252.0,1.4023%,0.0022,1.6405,0.53,-1.8839,5.0860%,5.6700%,19.5375%,0.016086,EGAN,87227.0,2019-02-22,252.0,-1.2100%,0.0019,1.6499,0.4832,-1.8144,5.0953%,5.6698%,19.2392%,-0.053472,EGAN,87227.0,2019-02-25,252.0,1.0499%,0.0019,1.6503,0.4816,-1.8138,5.0953%,5.6696%,19.2339%,0.005914,EGAN,0.527106,0.4813929999999999,0.4799849999999999,0.4342549999999999,0.4255629999999998
31475,ENBRIDGE INC,Enbridge shares are trading lower lower on continued weakness after a pipeline leak that resulted to 43 barrels of crude oil into the soil.,6,decrease,0.8,0.7,"the reported pipeline leak and subsequent crude oil spill are likely to negatively impact investor sentiment and confidence in enbridge, leading to a decrease in stock price.",0,2019-02-08,ENB,2019-02-08 17:57:00+00:00,76932.0,29250N10,-0.0256410464644432,4585316.0,0.0055401874706149,-0.0104166511446237,-0.0173554010689258,-0.0050492277368903,0.0067283906973898,0.0050748516805469,0.0096834013238549,0.0118918549269437,0.0033613145351409,0.0103768724948167,0.0131211951375007,0.0021893272642046,0.0115733854472637,0.0024691398721188,0.0070825973525643,0.0108152907341718,0.0010818798327818,-0.0008312213467434,-0.0037827449850738,0.0137640926986932,0.0100353341549634,-0.0002808799908962,0.0005369667778722,-0.0014021098613739,-0.00724628707394,-0.0121883284300565,0.0070288809947669,0.0120549574494361,-0.058791909366846,0.0022477665916085,0.0159725472331047,0.0,0.0126333739608526,0.0227011758834123,0.0108122928068041,0.0075274556875228,-0.0145364450290799,-0.0046109464019536,0.0155858993530273,0.0063805459067225,0.0076733012683689,0.0081870984286069,0.0054392372258007,0.0205909423530101,0.0021638630423694,0.0272838566452264,-0.0143049601465463,0.0274015404284,0.0095837479457259,0.0053831562399864,0.004882026463747,0.0160875152796506,-0.0005398234352469,0.0054998407140374,-0.0067512830719351,0.0167763233184814,-0.0046220277436077,0.0046265493147075,-0.0030046601314097,0.0355920940637588,0.0024657575413584,-0.0500650480389595,0.001913082669489,-0.0093397432938218,-0.0008182973251678,-0.008620704524219,-0.0101010845974087,0.019531263038516,0.0038610924966633,-0.0150689715519547,0.0057692052796483,-0.0237871743738651,0.0065555274486541,-0.0099163213744759,-0.0005426497664302,0.0160579420626163,0.0035296564456075,0.0085741654038429,0.003517345059663,0.0028662469703704,-0.0067403614521026,-0.0165988318622112,-0.0019001002656295,-0.012066813185811,0.0108783710747957,-0.0164333805441856,0.008071107789874,-0.0176382698118686,-0.0053376234136521,0.0219982042908668,-0.0042929928749799,-0.0105804800987243,0.0002694239083211,0.0225657932460308,0.0018857676768675,0.0109374523162841,0.0037645390257239,-0.0089811366051435,0.0091078579425811,0.0087473476305603,0.0042475089430809,-0.0436212383210659,-0.0013217829400673,0.0145498486235737,-0.0100581599399447,-0.0075210584327578,-0.0024064211174845,0.0246610082685947,-0.0099169854074716,0.0052679940126836,-0.0029777151066809,0.0031085575465112,-0.0143905123695731,0.0014387717237696,0.0096419369801878,-0.0073014260269701,0.0030012766364961,0.0012183093931525,-0.005440613720566,-0.00212765019387,0.0055401874706149,-0.0104166511446237,-0.0119113657738605,-0.0154132828376291,-0.0052631193991367,-0.0104166512813933,0.0077453182113347,0.0117422254171375,0.0372855699348875,0.0407303599525366,0.0268761705288487,0.2679671472886822,0.0285642253993785,0.143885983334409,2019-02-11,2019-02-12,2019-02-13,2019-02-14,2019-02-15,2019-02-19,2019-02-20,2019-02-21,2019-02-22,2019-02-25,76932.0,2019-02-08,252.0,-2.5641%,0.0005,0.7632,-0.0103,0.3441,1.4850%,1.6730%,21.2181%,-0.024178,ENB,76932.0,2019-02-11,252.0,0.5540%,0.0005,0.7671,-0.0098,0.3464,1.4850%,1.6665%,20.5985%,0.003649,ENB,76932.0,2019-02-12,252.0,-1.7355%,0.0005,0.7647,-0.027,0.3483,1.4895%,1.6692%,20.3770%,-0.027297,ENB,76932.0,2019-02-13,252.0,0.6728%,0.0004,0.7603,-0.018,0.3508,1.4881%,1.6647%,20.0965%,0.00426,ENB,76932.0,2019-02-14,252.0,0.9683%,0.0005,0.7568,-0.0113,0.3442,1.4897%,1.6649%,19.9433%,0.013308,ENB,76932.0,2019-02-15,252.0,0.3361%,0.0005,0.768,-0.0021,0.3612,1.4854%,1.6646%,20.3708%,-0.006915,ENB,76932.0,2019-02-19,252.0,1.3121%,0.0006,0.7701,0.0039,0.3678,1.4867%,1.6659%,20.3571%,0.010484,ENB,76932.0,2019-02-20,252.0,1.1573%,0.0006,0.7731,0.0147,0.3794,1.4862%,1.6665%,20.4626%,0.007979,ENB,76932.0,2019-02-21,252.0,0.7083%,0.0007,0.7706,0.0118,0.3747,1.4876%,1.6665%,20.3201%,0.010726,ENB,76932.0,2019-02-22,252.0,0.1082%,0.0007,0.7706,0.0086,0.372,1.4875%,1.6665%,20.3286%,0.0014169999999999,ENB,76932.0,2019-02-25,252.0,-0.3783%,0.0007,0.7685,0.009,0.3646,1.4836%,1.6623%,20.3489%,-0.004347,ENB,-0.020529,-0.047826,-0.043566,-0.037173,-0.0109139999999999
31483,ENBRIDGE INC,Enbridge Says Platte Will Resume Normal Operations By Early Sat.,6,increase,0.7,0.6,"the resumption of normal operations for the platte pipeline is likely to be viewed positively by investors, as it suggests improved operational stability and potential revenue generation for enbridge inc.",2,2019-02-08,ENB,2019-02-08 16:52:00+00:00,76932.0,29250N10,-0.0256410464644432,4585316.0,0.0055401874706149,-0.0104166511446237,-0.0173554010689258,-0.0050492277368903,0.0067283906973898,0.0050748516805469,0.0096834013238549,0.0118918549269437,0.0033613145351409,0.0103768724948167,0.0131211951375007,0.0021893272642046,0.0115733854472637,0.0024691398721188,0.0070825973525643,0.0108152907341718,0.0010818798327818,-0.0008312213467434,-0.0037827449850738,0.0137640926986932,0.0100353341549634,-0.0002808799908962,0.0005369667778722,-0.0014021098613739,-0.00724628707394,-0.0121883284300565,0.0070288809947669,0.0120549574494361,-0.058791909366846,0.0022477665916085,0.0159725472331047,0.0,0.0126333739608526,0.0227011758834123,0.0108122928068041,0.0075274556875228,-0.0145364450290799,-0.0046109464019536,0.0155858993530273,0.0063805459067225,0.0076733012683689,0.0081870984286069,0.0054392372258007,0.0205909423530101,0.0021638630423694,0.0272838566452264,-0.0143049601465463,0.0274015404284,0.0095837479457259,0.0053831562399864,0.004882026463747,0.0160875152796506,-0.0005398234352469,0.0054998407140374,-0.0067512830719351,0.0167763233184814,-0.0046220277436077,0.0046265493147075,-0.0030046601314097,0.0355920940637588,0.0024657575413584,-0.0500650480389595,0.001913082669489,-0.0093397432938218,-0.0008182973251678,-0.008620704524219,-0.0101010845974087,0.019531263038516,0.0038610924966633,-0.0150689715519547,0.0057692052796483,-0.0237871743738651,0.0065555274486541,-0.0099163213744759,-0.0005426497664302,0.0160579420626163,0.0035296564456075,0.0085741654038429,0.003517345059663,0.0028662469703704,-0.0067403614521026,-0.0165988318622112,-0.0019001002656295,-0.012066813185811,0.0108783710747957,-0.0164333805441856,0.008071107789874,-0.0176382698118686,-0.0053376234136521,0.0219982042908668,-0.0042929928749799,-0.0105804800987243,0.0002694239083211,0.0225657932460308,0.0018857676768675,0.0109374523162841,0.0037645390257239,-0.0089811366051435,0.0091078579425811,0.0087473476305603,0.0042475089430809,-0.0436212383210659,-0.0013217829400673,0.0145498486235737,-0.0100581599399447,-0.0075210584327578,-0.0024064211174845,0.0246610082685947,-0.0099169854074716,0.0052679940126836,-0.0029777151066809,0.0031085575465112,-0.0143905123695731,0.0014387717237696,0.0096419369801878,-0.0073014260269701,0.0030012766364961,0.0012183093931525,-0.005440613720566,-0.00212765019387,0.0055401874706149,-0.0104166511446237,-0.0119113657738605,-0.0154132828376291,-0.0052631193991367,-0.0104166512813933,0.0077453182113347,0.0117422254171375,0.0372855699348875,0.0407303599525366,0.0268761705288487,0.2679671472886822,0.0285642253993785,0.143885983334409,2019-02-11,2019-02-12,2019-02-13,2019-02-14,2019-02-15,2019-02-19,2019-02-20,2019-02-21,2019-02-22,2019-02-25,76932.0,2019-02-08,252.0,-2.5641%,0.0005,0.7632,-0.0103,0.3441,1.4850%,1.6730%,21.2181%,-0.024178,ENB,76932.0,2019-02-11,252.0,0.5540%,0.0005,0.7671,-0.0098,0.3464,1.4850%,1.6665%,20.5985%,0.003649,ENB,76932.0,2019-02-12,252.0,-1.7355%,0.0005,0.7647,-0.027,0.3483,1.4895%,1.6692%,20.3770%,-0.027297,ENB,76932.0,2019-02-13,252.0,0.6728%,0.0004,0.7603,-0.018,0.3508,1.4881%,1.6647%,20.0965%,0.00426,ENB,76932.0,2019-02-14,252.0,0.9683%,0.0005,0.7568,-0.0113,0.3442,1.4897%,1.6649%,19.9433%,0.013308,ENB,76932.0,2019-02-15,252.0,0.3361%,0.0005,0.768,-0.0021,0.3612,1.4854%,1.6646%,20.3708%,-0.006915,ENB,76932.0,2019-02-19,252.0,1.3121%,0.0006,0.7701,0.0039,0.3678,1.4867%,1.6659%,20.3571%,0.010484,ENB,76932.0,2019-02-20,252.0,1.1573%,0.0006,0.7731,0.0147,0.3794,1.4862%,1.6665%,20.4626%,0.007979,ENB,76932.0,2019-02-21,252.0,0.7083%,0.0007,0.7706,0.0118,0.3747,1.4876%,1.6665%,20.3201%,0.010726,ENB,76932.0,2019-02-22,252.0,0.1082%,0.0007,0.7706,0.0086,0.372,1.4875%,1.6665%,20.3286%,0.0014169999999999,ENB,76932.0,2019-02-25,252.0,-0.3783%,0.0007,0.7685,0.009,0.3646,1.4836%,1.6623%,20.3489%,-0.004347,ENB,-0.020529,-0.047826,-0.043566,-0.037173,-0.0109139999999999
31491,ENLINK MIDSTREAM LLC,"Stifel Nicolaus Initiates Coverage On EnLink Midstream with Buy Rating, Announces $13 Price Target",6,increase,0.8,0.6,"the initiation of coverage with a 'buy' rating and a price target of $13 is likely to attract positive investor sentiment, potentially leading to an increase in the stock price.",2,2019-02-08,ENLC,2019-02-08 13:04:00+00:00,14505.0,29336T10,-0.0048030922189354,1722479.0,-0.0067567275837063,-0.0343228094279766,0.031098123639822,-0.0331838466227054,0.0235626772046089,-0.0017905512358993,0.0138122076168656,0.0294930581003427,0.0081744007766246,-0.0027573283296078,0.0261261221021413,-0.0198198426514864,-0.0017559663392603,0.0325581766664981,-0.0061565255746245,0.0131951319053769,0.007079639006406,0.0075973337516188,0.0061511155217885,-0.035714317113161,-0.0104803396388888,0.0027547962963581,-0.0052956282161176,-0.0299739241600036,-0.0106478109955787,-0.0179180912673473,0.0152466436848044,0.0335097089409828,0.0044169779866933,0.0062111527658998,-0.0043975543230772,0.0035619693808257,-0.0114841097965836,0.0524835474789142,0.0098302606493234,-0.0299999937415123,-0.0044247955083847,-0.0401396192610263,0.0213333126157522,-0.0489626675844192,-0.011314196512103,0.0109060499817132,0.0211268253624439,0.0671441331505775,0.0068965447135269,0.0200913492590189,0.0351027250289917,0.0939060524106025,-0.0107526974752545,0.0330238044261932,0.004180618096143,0.0210747960954904,0.0091590052470564,-0.0041972678154706,0.0057755522429943,0.0052742818370461,-0.0131255006417632,-0.0286885946989059,-0.002493743551895,0.0620240122079849,0.0266666412353515,-0.0356768257915973,0.0048701642081141,-0.0393145494163036,0.0218093302100896,-0.0284035224467515,0.0102766891941428,-0.0257633123546838,0.0156494379043579,-0.0296296887099742,-0.0069336825981736,-0.0509666018187999,-0.0217223186045885,-0.0035026236437261,0.0071372049860656,0.0106194587424397,-0.0078739710152149,0.0272727441042661,-0.0119048068299889,-0.0090090427547693,-0.0080320825800299,-0.0372939594089984,-0.0089069316163659,-0.0017316413577646,0.0138888955116272,-0.0228425990790128,0.0177276600152254,-0.0215231981128454,-0.0087093943729996,0.0568678565323352,0.0071884342469275,-0.0026177777908742,-0.0269626658409833,0.0096915997564792,-0.0138549366965889,0.0079929083585739,0.0363636016845703,-0.0183086339384317,-0.0143540911376476,0.0026224376633763,-0.0129449721425771,-0.0205480065196752,0.0032786855008453,0.0318021737039089,-0.0147875836119055,-0.0258175730705261,0.0093379132449626,0.0034542281646281,-0.0168209206312894,0.0184696596115827,-0.0521813258528709,-0.0130208823829889,-0.0045126527547836,-0.0128534380346536,0.0117860483005642,-0.0084962090477347,-0.00089607789414,-0.0272727198898792,-0.0080716777592897,-0.0319999679923057,-0.0067567275837063,-0.0343228094279766,0.0241312745063169,-0.0663676932069637,0.048262549142654,-0.0680394096877675,0.0714286429813879,-0.0431985521289209,0.1052123728880751,-0.0467033140999627,0.1583011938811929,0.1613579035375294,0.0928521388050458,-0.1461697080612699,2019-02-11,2019-02-12,2019-02-13,2019-02-14,2019-02-15,2019-02-19,2019-02-20,2019-02-21,2019-02-22,2019-02-25,14505.0,2019-02-08,252.0,-0.4803%,-0.0016,1.056,0.6546,0.4396,2.0831%,2.3591%,22.0314%,-0.003162,ENLC,14505.0,2019-02-11,252.0,-0.6757%,-0.0016,1.037,0.6562,0.4305,2.0829%,2.3431%,20.9734%,-0.013666,ENLC,14505.0,2019-02-12,252.0,3.1098%,-0.0014,1.0614,0.6389,0.4461,2.0805%,2.3504%,21.6469%,0.017496,ENLC,14505.0,2019-02-13,252.0,2.3563%,-0.0014,1.0492,0.668,0.4564,2.0741%,2.3396%,21.4102%,0.019795,ENLC,14505.0,2019-02-14,252.0,1.3812%,-0.0014,1.0454,0.677,0.4464,2.0767%,2.3415%,21.3436%,0.0150889999999999,ENLC,14505.0,2019-02-15,252.0,0.8174%,-0.0013,1.0543,0.6843,0.4599,2.0747%,2.3421%,21.5347%,-0.007574,ENLC,14505.0,2019-02-19,252.0,2.6126%,-0.0011,1.0658,0.688,0.4631,2.0745%,2.3469%,21.8654%,0.020659,ENLC,14505.0,2019-02-20,252.0,-0.1756%,-0.0011,1.066,0.6987,0.4667,2.0699%,2.3437%,22.0000%,-0.007942,ENLC,14505.0,2019-02-21,252.0,-0.6157%,-0.0012,1.0733,0.7135,0.48,2.0659%,2.3431%,22.2587%,-0.00075,ENLC,14505.0,2019-02-22,252.0,0.7080%,-0.0009,1.069,0.8085,0.5162,2.0188%,2.3050%,23.2903%,0.003134,ENLC,14505.0,2019-02-25,252.0,0.6151%,-0.0008,1.0671,0.8024,0.5056,2.0167%,2.3024%,23.2809%,0.007479,ENLC,-0.016828,0.0006679999999999,0.020463,0.027978,0.050558
31499,ESSENT GROUP LTD,Essent Group Q4 EPS $1.31 Beats $1.19 Estimate,6,increase,0.8,0.6,"beating earnings estimates typically signals strong financial performance, which can lead to increased investor confidence and a potential rise in stock price.",2,2019-02-08,ESNT,2019-02-08 11:35:00+00:00,14235.0,G3198U10,0.0127015262842178,806493.0,-0.0045826975256204,-0.0009761082474142,0.0283498466014862,0.0019559415522962,0.0101319588720798,-0.0007329288637265,0.0020993738435208,0.0103678600862622,0.0332867875695228,0.0191194545477628,0.0101374359801411,0.0221136696636676,-0.0060214195400476,0.0080351876094937,-0.0078527815639972,0.0028593866154551,0.0020352816209197,0.0023449752479791,-0.0160235352814197,0.0123978164047002,-0.0038990406319499,0.0163539033383131,-0.0027630424592643,-0.0002680819015949,-0.0039252359420061,-0.012440375983715,0.01274917088449,0.012597088702023,0.0022889056708663,-0.0087672164663672,0.0029686514753848,0.0126446392387151,-0.0068305837921798,0.0150190945714712,-0.0243007242679595,-0.0005458640516735,-0.0016447296366095,-0.0113330269232392,0.0268298275768756,0.0145086944103241,-0.006875985302031,0.008837329223752,0.007615924347192,0.0333903580904007,0.0034356738906353,-0.0017093322239816,0.0093585904687643,0.0399999544024467,0.0545002222061157,-0.0091016255319118,-0.0053613553754985,-0.0035107936710119,-0.022854708135128,0.0282791387289762,0.0114739732816815,-0.000601221981924,-0.043848130851984,0.0036209695972502,-0.0262377709150314,0.0604799799621105,0.0135894566774368,-0.0160579420626163,0.0004623314598575,-0.0227692238986492,0.0134011516347527,-0.0133575787767767,-0.0093479212373495,-0.0288914982229471,0.0349827483296394,0.0083233881741762,0.0026684217154979,-0.0088391061872243,0.0039920229464769,-0.0153757641091942,0.0075104958377778,-0.0190665386617183,0.0041657229885458,-0.0101408623158931,0.015502163209021,0.0116842361167073,-0.0453665219247341,-0.0209263395518064,0.0135134784504771,-0.024230858311057,0.0108889257535338,0.010731958784163,0.0090129664167761,-0.066769354045391,-0.0058823628351092,0.0098547004163265,0.0017531890189275,-0.0066975355148315,-0.0100634237751364,0.0,-0.0035359081812202,0.0210415367037057,0.0097582312300801,-0.0261270608752965,0.0162530578672885,0.0254794117063283,0.0021611945703625,-0.0119387255981564,0.0015095901908352,0.0136806229129433,0.0038759757298976,-0.03405337408185,0.0173745471984148,-0.0226030778139829,0.0004216836823616,-0.0127513604238629,-0.00337196723558,0.0228241756558418,0.0126876393333077,-0.0172541476786136,0.0002088564651785,0.0124781634658575,0.0169101785868406,0.0057730809785425,-0.0307944994419813,-0.0358179956674575,-0.0045826975256204,-0.0009761082474142,0.0236372303039933,0.0009779240942013,0.034008680621363,0.0002442784816796,0.0706705366820708,0.0299370724846224,0.0516160050357901,0.0799261084659852,0.0294259865189461,0.310079951894908,0.1386878969709497,-0.0091965535617397,2019-02-11,2019-02-12,2019-02-13,2019-02-14,2019-02-15,2019-02-19,2019-02-20,2019-02-21,2019-02-22,2019-02-25,14235.0,2019-02-08,252.0,1.2702%,-0.0001,1.0855,0.8038,0.6266,1.7754%,2.1055%,28.8995%,0.015649,ESNT,14235.0,2019-02-11,252.0,-0.4583%,-0.0001,1.0751,0.7962,0.617,1.7768%,2.0933%,27.9528%,-0.012948,ESNT,14235.0,2019-02-12,252.0,2.8350%,-0.0,1.082,0.798,0.6202,1.7792%,2.0995%,28.1870%,0.0145189999999999,ESNT,14235.0,2019-02-13,252.0,1.0132%,-0.0,1.0786,0.8062,0.6232,1.7786%,2.0972%,28.0740%,0.006089,ESNT,14235.0,2019-02-14,252.0,0.2099%,-0.0001,1.0764,0.8076,0.6239,1.7746%,2.0927%,28.0921%,0.003686,ESNT,14235.0,2019-02-15,252.0,3.3287%,-0.0001,1.0731,0.8063,0.6207,1.7743%,2.0893%,27.8784%,0.01601,ESNT,14235.0,2019-02-19,252.0,1.0137%,-0.0,1.0803,0.7997,0.6127,1.7698%,2.0888%,28.2120%,0.003798,ESNT,14235.0,2019-02-20,252.0,-0.6021%,-0.0001,1.0763,0.7893,0.598,1.7716%,2.0886%,28.0499%,-0.013303,ESNT,14235.0,2019-02-21,252.0,-0.7853%,-0.0001,1.0777,0.7918,0.6006,1.7716%,2.0885%,28.0495%,-0.002043,ESNT,14235.0,2019-02-22,252.0,0.2035%,-0.0001,1.078,0.7873,0.5994,1.7714%,2.0882%,28.0363%,-0.0005949999999999,ESNT,14235.0,2019-02-25,252.0,-1.6024%,-0.0001,1.0761,0.7925,0.5951,1.7706%,2.0873%,28.0401%,-0.014615,ESNT,0.002701,0.01722,0.023309,0.043005,0.016247
31507,ISHARES INC,'No-deal Brexit risks rise as UK-Japan trade talks stall' -Financial Times,6,decrease,0.7,0.6,"the news about stalled trade talks between the uk and japan raises concerns about economic stability and trade relations, which could negatively impact investor sentiment towards ishares inc.",0,2019-02-08,EWJ,2019-02-08 14:53:00+00:00,83225.0,46434G82,-0.0088346088305115,10256246.0,0.0009482123423367,-0.0139017608016729,0.0176203176379203,-0.0082720723003149,0.0024204258807003,0.0040605613030493,-0.0007429590332321,0.002219736110419,0.0128253242000937,-0.0040530106052756,0.001651681959629,0.0018456713296473,0.0010992590105161,0.011198179796338,-0.0014640925219282,0.0009341127006337,0.0021993939299136,-0.0072329267859458,0.0056693740189075,0.0108736036345362,0.0034551485441625,0.005845773499459,-0.0052555440925061,-0.0028206380084156,-0.0096556525677442,-0.0179132260382175,0.0029433378949761,0.0132859824225306,-0.0031181580852717,-0.0020541665144264,0.0009200194035656,0.0048789326101541,-0.0058823470026254,0.0121557340025901,-0.0118343783542513,-0.003595734713599,-0.0016841345932334,-0.0115974359214305,0.0108716376125812,0.0060218232683837,0.0024105519987642,0.0054872455075383,0.0038845557719469,0.0047528520226478,-0.0106873381882906,0.0024775539059191,0.0115478252992034,0.0338916480541229,0.0027618801686912,-0.0056818360462784,0.0003672504099085,0.0069047603756189,0.0005506384186446,-0.0017723543569445,0.0066043040715157,0.0011829171562567,-0.0107526909559965,0.0133866528049111,0.0005527375615201,0.018933231011033,0.0110476603731513,-0.0108739612624049,-0.0034601825755089,-0.0308353193104267,0.000548223266378,-0.0052416357211768,-0.0005479229148477,-0.0147283943369984,0.0126096233725547,0.0027687831316143,-0.0068579870276153,-0.0079304790124297,0.0059967623092234,-0.011386982165277,-0.0005418854416348,-0.0029778494499623,0.0007228826871141,0.0120549891144037,-0.0023477922659367,-0.0007528875139541,-0.0054309023544192,-0.0076578231528401,0.0001820556353777,-0.0074156047776341,-0.0030937576666474,-0.001480966922827,0.005111401900649,-0.0369049683213233,-0.0001816588483052,0.0135525837540626,0.0039963889867067,0.0009043088648468,0.0,-0.0034246328286826,0.001447403919883,0.0131483059376478,-0.0036133143585175,-0.0009122979245148,0.0056209890171885,0.013498512096703,-0.0122610945254564,-0.0036845421418547,0.0021906306501477,0.0153385652229189,0.0091074677184224,-0.0183621011674404,0.0039710723794996,-0.0043875989504158,-0.003595842514187,0.0007318133139051,-0.0034283406566828,0.0058888425119221,0.0003621303185354,0.0035087463911622,0.0128506617620587,-0.0036797968205064,-0.0101858414709568,-0.0136116156354546,-0.0182343088090419,-0.0100611094385385,0.0009482123423367,-0.0139017608016729,0.0185852377829174,-0.0220588367315347,0.0210506478541465,-0.0180878466873077,0.0333776253598048,-0.0198967950787873,0.0428598937206017,-0.0026246601635125,0.0299640035263732,0.0830619265974816,0.0312915135122557,-0.0367838625026908,2019-02-11,2019-02-12,2019-02-13,2019-02-14,2019-02-15,2019-02-19,2019-02-20,2019-02-21,2019-02-22,2019-02-25,83225.0,2019-02-08,252.0,-0.8835%,-0.0005,0.7329,0.0203,0.1896,0.5980%,0.9664%,61.7042%,-0.00836,EWJ,83225.0,2019-02-11,252.0,0.0948%,-0.0005,0.7283,0.0243,0.1894,0.5976%,0.9485%,60.3047%,-0.000748,EWJ,83225.0,2019-02-12,252.0,1.7620%,-0.0004,0.7325,0.0251,0.1913,0.5999%,0.9530%,60.3676%,0.007933,EWJ,83225.0,2019-02-13,252.0,0.2420%,-0.0005,0.7277,0.0334,0.193,0.5962%,0.9449%,60.1907%,0.000121,EWJ,83225.0,2019-02-14,252.0,-0.0743%,-0.0004,0.7281,0.0351,0.1896,0.5900%,0.9419%,60.7623%,0.0016309999999999,EWJ,83225.0,2019-02-15,252.0,1.2825%,-0.0004,0.7279,0.0353,0.1898,0.5901%,0.9405%,60.6275%,0.0034999999999999,EWJ,83225.0,2019-02-19,252.0,0.1652%,-0.0004,0.7286,0.0341,0.1885,0.5899%,0.9400%,60.6138%,-0.000503,EWJ,83225.0,2019-02-20,252.0,0.1099%,-0.0005,0.7269,0.0237,0.1806,0.5822%,0.9348%,61.2089%,-0.001497,EWJ,83225.0,2019-02-21,252.0,-0.1464%,-0.0005,0.7254,0.0212,0.178,0.5821%,0.9336%,61.1197%,0.001557,EWJ,83225.0,2019-02-22,252.0,0.2199%,-0.0004,0.725,0.0309,0.1818,0.5804%,0.9317%,61.1960%,-0.000117,EWJ,83225.0,2019-02-25,252.0,0.5669%,-0.0004,0.7257,0.0289,0.1831,0.5803%,0.9319%,61.2325%,0.004889,EWJ,-0.009108,-0.0011749999999999,-0.0010539999999999,0.004077,0.008406
31515,EXPEDIA GROUP INC,"Sell-Side Lifts Expedia Price Targets After Strong Q4 Report, 2019 Outlook",6,increase,0.8,0.7,"the news indicates that sell-side analysts are raising price targets for expedia following a strong quarterly report, which typically signals positive sentiment and potential upward movement in stock price.",2,2019-02-08,EXPE,2019-02-08 20:03:00+00:00,90808.0,30212P30,0.0229138992726802,5796349.0,-0.0318807773292064,-7.815535354893655e-05,-0.0003948149969801,0.0132319005206227,0.0069521032273769,0.0216124188154935,-0.005491895135492,0.0128720151260495,0.0026032992172986,0.0228092353790998,0.0091274194419384,-0.0014235317939892,0.0026510434690862,0.0199863016605377,-0.00381048489362,0.000341771316016,-0.0087431902065873,-0.0005977260298095,-0.0064577073790133,-0.0026400745846331,0.0110969711095094,0.0066009140573441,0.0050172419287264,0.0086467787623405,-0.0381435230374336,-0.0238859020173549,0.0158948916941881,0.0151658318936824,-0.0021553176920861,0.0061206817626953,0.007760009728372,-0.0062537766061723,-0.0029372267890721,0.013193336315453,-0.0169220548123121,0.0086674652993679,-0.0146151594817638,0.0001751687668729,0.0042023905552923,-0.0036643324419856,-0.0108312107622623,-0.0200906079262495,-0.0005806693807244,0.0210370440036058,0.0026560397818684,0.0129985082894563,0.0062913452275097,0.0421120524406433,-0.0033727874979376,-0.0308984331786632,0.0089970808476209,-0.0059476089663803,0.0018815719522535,-0.0056492132134735,0.013309359550476,-0.0094430511817336,-0.0198227167129516,0.0014886673307046,0.003617251291871,0.046746090054512,0.0001637995010241,-0.0095324832946062,-0.0188369806855917,-0.0363922342658042,-0.0061770072206854,-0.0072948671877384,-0.0005039271200075,-0.0262979920953512,0.0105042019858956,0.0113743422552943,0.0015800618566572,-0.0120817869901657,0.0135336862877011,-0.0102851055562496,0.0039321975782513,-0.0124690514057874,-0.0004080216167494,0.0232361648231744,0.0057959109544754,-0.0036201407201588,0.0059248711913824,0.0045669903047382,0.0017750622937455,-0.0199751649051904,0.0034632140304893,0.015743413940072,0.009631629101932,-0.0154994009062647,-0.0027029491029679,-0.0011590312933549,0.0043045110069215,0.0087690250948071,-0.0092864371836185,-0.0034953877329826,-0.0024835567455738,0.0222903080284595,-0.0012850667117163,0.0082346806302666,0.0123039707541465,0.0304048303514719,-0.0110422577708959,0.0004421527264639,0.0058639519847929,0.0131696248427033,0.0202843062579631,-0.0130857275798916,0.0173762794584035,-0.0329200401902198,-0.0010770841035991,-0.0233820714056491,-0.0079328315332531,-0.0178791135549545,-0.0045027704909443,-0.0010622402187436,-0.0088122691959142,0.0010633722413331,-0.0236821565777063,-0.0144308358430862,-0.009831522591412,-0.0110818734392523,-0.0318807773292064,-7.815535354893655e-05,-0.0322630053171816,0.0131527110232105,-0.0255351978331951,0.0350493917378968,-0.0283639648515592,0.0722851397227661,-0.03547400011667,0.0889968046812703,-0.064282681736563,0.1720440412294737,-0.0582274923101199,0.0221286121015431,2019-02-11,2019-02-12,2019-02-13,2019-02-14,2019-02-15,2019-02-19,2019-02-20,2019-02-21,2019-02-22,2019-02-25,90808.0,2019-02-08,252.0,2.2914%,0.0,0.7013,0.1029,-0.3092,1.7859%,1.9849%,19.0475%,0.020169,EXPE,90808.0,2019-02-11,252.0,-3.1881%,-0.0,0.6656,0.0922,-0.3338,1.7922%,1.9712%,17.3396%,-0.032931,EXPE,90808.0,2019-02-12,252.0,-0.0395%,0.0006,0.7562,-0.031,-0.2654,1.4644%,1.7101%,26.6744%,-0.010133,EXPE,90808.0,2019-02-13,252.0,0.6952%,0.0007,0.7676,-0.0484,-0.2675,1.4572%,1.7088%,27.2772%,0.004939,EXPE,90808.0,2019-02-14,252.0,-0.5492%,0.0007,0.7699,-0.0511,-0.266,1.4550%,1.7078%,27.4136%,-0.00528,EXPE,90808.0,2019-02-15,252.0,0.2603%,0.0008,0.7891,-0.0345,-0.2357,1.4449%,1.7043%,28.1201%,-0.004792,EXPE,90808.0,2019-02-19,252.0,0.9127%,0.0008,0.7877,-0.0258,-0.2258,1.4445%,1.7003%,27.8233%,0.008335,EXPE,90808.0,2019-02-20,252.0,0.2651%,0.0008,0.7867,-0.0347,-0.2311,1.4413%,1.6977%,27.9243%,0.002353,EXPE,90808.0,2019-02-21,252.0,-0.3810%,0.0007,0.7893,-0.0298,-0.2262,1.4409%,1.6980%,27.9853%,-0.0015559999999999,EXPE,90808.0,2019-02-22,252.0,-0.8743%,0.0007,0.7915,-0.0239,-0.1944,1.4445%,1.6975%,27.5894%,-0.017135,EXPE,90808.0,2019-02-25,252.0,-0.6458%,0.0006,0.7931,-0.0179,-0.1853,1.4431%,1.6958%,27.5892%,-0.008157,EXPE,-0.0127619999999999,-0.022895,-0.017956,-0.028028,-0.044188
31523,EXPEDIA GROUP INC,Expedia shares are trading higher after the company reported Q4 EPS of $1.24 versus the $1.08 analyst estimate on slightly better than expected revenue.,6,increase,0.8,0.6,"the better-than-expected earnings per share (eps) and revenue typically lead to positive investor sentiment, likely resulting in an increase in stock price.",2,2019-02-08,EXPE,2019-02-08 12:55:00+00:00,90808.0,30212P30,0.0229138992726802,5796349.0,-0.0318807773292064,-7.815535354893655e-05,-0.0003948149969801,0.0132319005206227,0.0069521032273769,0.0216124188154935,-0.005491895135492,0.0128720151260495,0.0026032992172986,0.0228092353790998,0.0091274194419384,-0.0014235317939892,0.0026510434690862,0.0199863016605377,-0.00381048489362,0.000341771316016,-0.0087431902065873,-0.0005977260298095,-0.0064577073790133,-0.0026400745846331,0.0110969711095094,0.0066009140573441,0.0050172419287264,0.0086467787623405,-0.0381435230374336,-0.0238859020173549,0.0158948916941881,0.0151658318936824,-0.0021553176920861,0.0061206817626953,0.007760009728372,-0.0062537766061723,-0.0029372267890721,0.013193336315453,-0.0169220548123121,0.0086674652993679,-0.0146151594817638,0.0001751687668729,0.0042023905552923,-0.0036643324419856,-0.0108312107622623,-0.0200906079262495,-0.0005806693807244,0.0210370440036058,0.0026560397818684,0.0129985082894563,0.0062913452275097,0.0421120524406433,-0.0033727874979376,-0.0308984331786632,0.0089970808476209,-0.0059476089663803,0.0018815719522535,-0.0056492132134735,0.013309359550476,-0.0094430511817336,-0.0198227167129516,0.0014886673307046,0.003617251291871,0.046746090054512,0.0001637995010241,-0.0095324832946062,-0.0188369806855917,-0.0363922342658042,-0.0061770072206854,-0.0072948671877384,-0.0005039271200075,-0.0262979920953512,0.0105042019858956,0.0113743422552943,0.0015800618566572,-0.0120817869901657,0.0135336862877011,-0.0102851055562496,0.0039321975782513,-0.0124690514057874,-0.0004080216167494,0.0232361648231744,0.0057959109544754,-0.0036201407201588,0.0059248711913824,0.0045669903047382,0.0017750622937455,-0.0199751649051904,0.0034632140304893,0.015743413940072,0.009631629101932,-0.0154994009062647,-0.0027029491029679,-0.0011590312933549,0.0043045110069215,0.0087690250948071,-0.0092864371836185,-0.0034953877329826,-0.0024835567455738,0.0222903080284595,-0.0012850667117163,0.0082346806302666,0.0123039707541465,0.0304048303514719,-0.0110422577708959,0.0004421527264639,0.0058639519847929,0.0131696248427033,0.0202843062579631,-0.0130857275798916,0.0173762794584035,-0.0329200401902198,-0.0010770841035991,-0.0233820714056491,-0.0079328315332531,-0.0178791135549545,-0.0045027704909443,-0.0010622402187436,-0.0088122691959142,0.0010633722413331,-0.0236821565777063,-0.0144308358430862,-0.009831522591412,-0.0110818734392523,-0.0318807773292064,-7.815535354893655e-05,-0.0322630053171816,0.0131527110232105,-0.0255351978331951,0.0350493917378968,-0.0283639648515592,0.0722851397227661,-0.03547400011667,0.0889968046812703,-0.064282681736563,0.1720440412294737,-0.0582274923101199,0.0221286121015431,2019-02-11,2019-02-12,2019-02-13,2019-02-14,2019-02-15,2019-02-19,2019-02-20,2019-02-21,2019-02-22,2019-02-25,90808.0,2019-02-08,252.0,2.2914%,0.0,0.7013,0.1029,-0.3092,1.7859%,1.9849%,19.0475%,0.020169,EXPE,90808.0,2019-02-11,252.0,-3.1881%,-0.0,0.6656,0.0922,-0.3338,1.7922%,1.9712%,17.3396%,-0.032931,EXPE,90808.0,2019-02-12,252.0,-0.0395%,0.0006,0.7562,-0.031,-0.2654,1.4644%,1.7101%,26.6744%,-0.010133,EXPE,90808.0,2019-02-13,252.0,0.6952%,0.0007,0.7676,-0.0484,-0.2675,1.4572%,1.7088%,27.2772%,0.004939,EXPE,90808.0,2019-02-14,252.0,-0.5492%,0.0007,0.7699,-0.0511,-0.266,1.4550%,1.7078%,27.4136%,-0.00528,EXPE,90808.0,2019-02-15,252.0,0.2603%,0.0008,0.7891,-0.0345,-0.2357,1.4449%,1.7043%,28.1201%,-0.004792,EXPE,90808.0,2019-02-19,252.0,0.9127%,0.0008,0.7877,-0.0258,-0.2258,1.4445%,1.7003%,27.8233%,0.008335,EXPE,90808.0,2019-02-20,252.0,0.2651%,0.0008,0.7867,-0.0347,-0.2311,1.4413%,1.6977%,27.9243%,0.002353,EXPE,90808.0,2019-02-21,252.0,-0.3810%,0.0007,0.7893,-0.0298,-0.2262,1.4409%,1.6980%,27.9853%,-0.0015559999999999,EXPE,90808.0,2019-02-22,252.0,-0.8743%,0.0007,0.7915,-0.0239,-0.1944,1.4445%,1.6975%,27.5894%,-0.017135,EXPE,90808.0,2019-02-25,252.0,-0.6458%,0.0006,0.7931,-0.0179,-0.1853,1.4431%,1.6958%,27.5892%,-0.008157,EXPE,-0.0127619999999999,-0.022895,-0.017956,-0.028028,-0.044188
31531,FORUM ENERGY TECHNOLOGIES INC,"Forum Energy Technologies shares are trading higher after the company reported Q4 EPS of $0.08, beating the $(0.03) estimate and sales of $272.9 million, beating the $257.91 million analyst estimate.",6,increase,0.8,0.7,"the company reported better-than-expected earnings and sales, which typically boosts investor confidence and can lead to an increase in stock price.",2,2019-02-08,FET,2019-02-08 15:47:00+00:00,13337.0,34984V20,0.216666653752327,4120125.0,0.1404109001159668,-0.0857142508029937,0.0195195376873016,0.0019084407249465,-0.0662739053368568,0.0057581062428653,0.0126182837411761,0.0296442881226539,0.0264797620475292,0.0305499192327261,-0.0045523839071393,-0.0100806839764118,0.0091463327407836,0.0163934268057346,-0.054380614310503,-0.0061099254526197,-0.0063898460939526,-0.0296442881226539,-0.0257234498858451,0.0652631446719169,-0.0198019612580537,0.0193133372813463,0.0134680001065135,-0.069860354065895,-0.0315614715218544,-0.0195694528520107,0.013722114264965,0.0220000259578228,0.0033840916585177,0.0,-0.0303541030734777,-0.0059642563574016,-0.0730434879660606,0.0202840529382228,-0.0112570254132151,-0.0836431756615638,-0.0455407537519931,-0.012843981385231,0.055665947496891,0.0,0.0546139292418956,0.036121591925621,0.0089286053553223,0.0154440933838486,0.0530972927808761,0.0724637508392334,0.0050420523621141,0.070953369140625,0.0150501923635602,0.0157658047974109,-0.0362438634037971,0.0750605165958404,0.0393162444233894,-0.0282352678477764,-0.0016446961089968,0.0625,-0.0988468453288078,0.0050251209177076,-0.0310785379260778,0.08743167668581,-0.0132075790315866,-0.0393700413405895,-0.0267686173319816,-0.0255754832178354,0.0314341522753238,-0.0756501033902168,-0.0266666412353515,-0.0703297033905983,0.0450097881257534,-0.0298507176339626,-0.0112359439954161,0.0021368011366575,-0.0340909659862518,-0.0526316240429878,0.0,-0.023715391755104,0.1078431755304337,0.0039682500064373,0.0300885085016489,-0.0508474558591842,-0.0360824801027774,-0.0667838528752327,0.0374331623315811,-0.0052447086200118,-0.013745772652328,-0.0759289637207984,-0.0435540080070495,-0.0816023349761962,-0.0327868536114692,0.0074737989343702,0.0188323743641376,-0.0374100357294082,0.0184843596071004,-0.0320334285497665,-0.039927452802658,-0.0082872854545712,0.0037807147018611,-0.0013793419348075,0.0790960639715194,0.0196905583143234,-0.0366492196917533,-0.0607661865651607,-0.0307971145957708,0.0470262989401817,0.1457944363355637,-0.0585937276482582,0.0440456718206405,0.0078740082681179,-0.0656250119209289,0.0173564907163381,-0.0334447845816612,0.0359612368047237,0.0069204084575176,0.0097765605896711,-0.005154674872756,-0.0440587364137172,-0.0017270728712901,-0.0672478154301643,-0.0086505515500903,-0.0195360016077756,0.1404109001159668,-0.0857142508029937,0.16267119365979,-0.0839693906449879,0.0856164330332907,-0.0786947890746051,0.1284246501379857,-0.0224031899723758,0.0376711905757205,0.0105263538327959,-0.0924657424627806,0.3114754295948199,-0.018835631404505,-0.4139193638638588,2019-02-11,2019-02-12,2019-02-13,2019-02-14,2019-02-15,2019-02-19,2019-02-20,2019-02-21,2019-02-22,2019-02-25,13337.0,2019-02-08,252.0,21.6667%,-0.0027,2.0627,2.1022,1.5289,3.2934%,3.9720%,31.2501%,0.225406,FET,13337.0,2019-02-11,252.0,14.0411%,-0.0021,2.0512,2.2794,1.6188,3.3775%,4.0441%,30.2501%,0.120032,FET,13337.0,2019-02-12,252.0,1.9520%,-0.0014,2.1491,2.1512,1.6918,3.2002%,3.9295%,33.6761%,-0.00618,FET,13337.0,2019-02-13,252.0,-6.6274%,-0.0016,2.1558,2.1102,1.6666,3.2243%,3.9479%,33.2976%,-0.074866,FET,13337.0,2019-02-14,252.0,1.2618%,-0.0015,2.1523,2.1199,1.6552,3.2258%,3.9488%,33.2681%,0.015739,FET,13337.0,2019-02-15,252.0,2.6480%,-0.0017,2.121,2.0907,1.603,3.2206%,3.9234%,32.6172%,-0.011186,FET,13337.0,2019-02-19,252.0,-0.4552%,-0.0016,2.1285,2.064,1.5723,3.2147%,3.9208%,32.7759%,-0.019554,FET,13337.0,2019-02-20,252.0,0.9146%,-0.0016,2.1271,2.0631,1.568,3.2148%,3.9213%,32.7850%,-0.008186,FET,13337.0,2019-02-21,252.0,-5.4381%,-0.0017,2.1322,2.0646,1.5776,3.2239%,3.9289%,32.6688%,-0.04156,FET,13337.0,2019-02-22,252.0,-0.6390%,-0.0017,2.1325,2.0814,1.5963,3.2230%,3.9289%,32.7072%,-0.008513,FET,13337.0,2019-02-25,252.0,-2.5723%,-0.0019,2.1364,2.0946,1.6179,3.2184%,3.9279%,32.8631%,-0.020737,FET,0.345438,0.339258,0.264392,0.268945,0.170395
31539,FORTINET INC,First Analysis Upgrades Fortinet to Outperform,6,increase,0.8,0.6,"upgrades from analysts typically signal positive sentiment and can lead to increased investor interest, likely boosting the stock price.",2,2019-02-08,FTNT,2019-02-08 12:31:00+00:00,93132.0,34959E10,0.0209172889590263,2335281.0,0.0082696350291371,-0.0229007713496685,0.0176275521516799,-0.0091496892273426,-0.0085408287122845,0.0228350609540939,0.0093424450606107,0.0157160684466362,-0.0009616760071367,0.0304296966642141,0.0098664378747344,0.0187599249184131,-0.0007148523582145,0.026635767892003,0.0073923347517848,-0.0069180973805487,0.0272221937775611,0.0017666107742115,0.0031109186820685,0.0147545468062162,-0.0009188399417325,0.0145494295284152,0.0105771226808428,0.0233357902616262,-0.0126279927790164,-0.0092198802158236,0.0016130820149555,-0.029593963176012,-0.0357759185135364,0.0042853914201259,-0.0023860288783907,-0.0306847244501113,-0.008610394783318,0.0327981598675251,-0.0050663226284086,-0.0137845575809478,-0.0219447761774063,0.0008195268455892,0.0234287772327661,0.0017788348486647,-0.0019379365257918,0.0213836301118135,0.0152912875637412,0.0208304580301046,0.0086061861366033,0.0475264154374599,-0.0132732298225164,-0.0097675900906324,0.0150132114067673,-0.0302812941372394,0.0095846354961395,-0.0106488708406686,0.0032817483879625,0.0012795560760423,0.0315421111881732,-0.0007103715324774,-0.035220842808485,0.0265422146767377,-0.001995607279241,0.0467103868722915,-0.0021171525586396,-0.0050120628438889,-0.0354784838855266,-0.0576786361634731,0.006354596465826,-0.0021421581041067,0.0196721646934747,-0.0007136156782507,0.0148862684145569,0.0268171429634094,0.0048110308125615,-0.0640516504645347,0.0217213667929172,-0.0214736070483923,-0.0456051900982856,-0.0090437596663832,0.007305396720767,0.0100752282887697,0.023421723395586,-0.0034805156756192,0.0142889833077788,0.0431503467261791,0.0264575108885765,-0.0507688447833061,0.0006694661569781,0.0280731152743101,0.0337867848575115,-0.0230329297482967,0.0270736943930387,0.017199408262968,-0.0122873149812221,-0.0008119781850837,-0.0178628414869308,0.0051687280647456,-0.0139655824750661,0.0398868434131145,0.00537986215204,-0.0019762760493904,0.0045866351574659,0.0423778295516967,0.0029351480770856,-0.008462238125503,0.0069369105622172,0.0223747007548809,0.0012916589621454,-0.0109176430851221,0.0001075267282431,-0.0771953463554382,0.0041921897791326,0.0096219507977366,-0.0163776371628046,-0.0080446740612387,-0.0041353492997586,-0.0019053757423534,-0.0606491416692733,-0.003525827312842,-0.0110516166314482,-0.0132477646693587,-0.0379955694079399,-0.0408163294196128,0.0082696350291371,-0.0229007713496685,0.0260429606035685,-0.0318409256360951,0.0172797034256082,-0.0097329541597362,0.0257961500296837,0.036437256888973,0.0745495088110448,0.094318864421879,0.0493705308072141,0.2114180708093784,0.009380428191791,0.0186111707277738,2019-02-11,2019-02-12,2019-02-13,2019-02-14,2019-02-15,2019-02-19,2019-02-20,2019-02-21,2019-02-22,2019-02-25,93132.0,2019-02-08,252.0,2.0917%,0.0018,0.8583,-0.0472,-1.5547,1.7359%,2.3467%,45.2857%,0.009336,FTNT,93132.0,2019-02-11,252.0,0.8270%,0.0017,0.8813,-0.0568,-1.5478,1.7337%,2.3418%,45.1910%,0.0108549999999999,FTNT,93132.0,2019-02-12,252.0,1.7628%,0.0016,0.8619,-0.031,-1.5624,1.7201%,2.3278%,45.3946%,0.002921,FTNT,93132.0,2019-02-13,252.0,-0.8541%,0.0016,0.8691,-0.0478,-1.5681,1.7173%,2.3287%,45.6181%,-0.009942,FTNT,93132.0,2019-02-14,252.0,0.9342%,0.0015,0.8671,-0.0485,-1.5644,1.7086%,2.3199%,45.7530%,0.002221,FTNT,93132.0,2019-02-15,252.0,-0.0962%,0.0015,0.8654,-0.0505,-1.5679,1.7089%,2.3199%,45.7397%,-0.00323,FTNT,93132.0,2019-02-19,252.0,0.9866%,0.0016,0.8688,-0.045,-1.5619,1.7103%,2.3181%,45.5680%,0.012972,FTNT,93132.0,2019-02-20,252.0,-0.0715%,0.0016,0.8706,-0.0383,-1.5546,1.7101%,2.3175%,45.5492%,0.0062239999999999,FTNT,93132.0,2019-02-21,252.0,0.7392%,0.0016,0.8702,-0.038,-1.5555,1.7104%,2.3177%,45.5416%,0.006911,FTNT,93132.0,2019-02-22,252.0,2.7222%,0.0016,0.871,-0.0481,-1.5555,1.7099%,2.3229%,45.8172%,-0.001191,FTNT,93132.0,2019-02-25,252.0,0.3111%,0.0016,0.8702,-0.0475,-1.5579,1.7095%,2.3229%,45.8402%,-0.001221,FTNT,0.020191,0.023112,0.01317,0.012161,0.035856
31547,FORWARD AIR CORP,"Forward Air Posts Record Quarterly, Annual Results Across Broad Front",6,increase,0.85,0.7,"record quarterly and annual results typically indicate strong financial performance, which is likely to boost investor confidence and increase the stock price.",2,2019-02-08,FWRD,2019-02-08 17:05:00+00:00,79841.0,34985310,0.0982127115130424,382136.0,0.0055796750821173,-0.0076013640500605,0.0055487151257693,0.0003379597328603,0.0038320049643516,0.0018622077768668,-0.0019849939271807,0.0030565513297915,-0.0065789520740509,0.0061507024802267,0.0046204072423279,0.0003418297565076,0.0294342804700136,0.0074035204015672,0.0139984330162406,-0.0005162412417121,-0.0171831138432025,-0.0098823998123407,-0.0177823491394519,0.0118965283036232,-0.0118668247014284,0.0,-0.0018474999815225,-0.0046336101368069,-0.0027764970436692,-0.0138771310448646,-0.0086621064692735,0.0224952269345521,-0.0232485253363847,0.0246453788131475,-0.0086261518299579,-0.0047643664292991,-0.0033838734962046,-0.0087458463385701,-0.005351030267775,-0.0124374022707343,0.0102706402540206,0.0066075650975108,0.0235597714781761,0.0133920405060052,-0.0067791314795613,0.0060273027047514,0.0184127558022737,0.0237749796360731,0.0028053720016032,0.0128675904124975,-0.0119676198810339,0.0124697936698794,0.0091238291934132,-0.0202407110482454,-0.0222915094345808,-0.0001822848134906,-0.0133928591385483,0.0020094409119337,0.0219780318439006,0.0012804740108549,-0.0322580784559249,0.0016488884575665,0.0037581624928861,0.0581620745360851,0.0164414513856172,-0.0218091737478971,0.0123318461701273,-0.0171482190489769,0.0150293400511145,0.0018674563616514,0.0088840350508689,-0.0302427001297473,0.0054070516489446,-0.0089734382927417,-0.0135218938812613,-0.011004596017301,0.0068536209873855,-0.0110584702342748,0.0061881425790488,-0.0327674075961113,-0.0006150202243588,0.0028946362435817,0.0113845821470022,-0.0003404333256185,-0.006236630026251,-0.0150880385190248,0.0134700322523713,-0.0335385538637638,0.0098172714933753,0.0022734554950147,0.0161531828343868,-0.0546514838933944,0.0026494008488953,-0.0021445986349135,-0.0074868192896246,0.0099009806290268,0.0007395807188004,0.0045066187158226,0.0010345801711082,0.0133858025074005,-0.0082681998610496,0.0006303327390924,0.0022331625223159,0.015847573056817,0.0101010147482156,0.0019246632000431,-0.0245587974786758,0.017906529828906,-0.0357304774224758,-0.0213477797806263,-0.015791093930602,0.0041593685746192,0.005877663847059,0.0051455171778798,-0.0135818161070346,0.0237036813050508,0.0136087462306022,0.0013186391443014,0.0118464091792702,0.0019818155560642,-0.0001560179080115,-0.0135223492980003,-0.0151444366201758,-0.014767225831747,0.0055796750821173,-0.0076013640500605,0.0111593502354117,-0.0072659732721639,0.0150341178852644,-0.0054172962472309,0.0063546760234516,0.0037587772342873,0.018753981145611,0.012931034396989,-0.0451130975097939,0.1390073234448514,-0.0194649635397348,-0.0542599089407684,2019-02-11,2019-02-12,2019-02-13,2019-02-14,2019-02-15,2019-02-19,2019-02-20,2019-02-21,2019-02-22,2019-02-25,79841.0,2019-02-08,252.0,9.8213%,0.0004,0.958,0.7127,0.2874,1.4242%,1.7663%,34.9853%,0.0995079999999999,FWRD,79841.0,2019-02-11,252.0,0.5580%,0.0006,0.8891,0.7758,0.2854,1.3842%,1.6934%,33.1857%,-0.001226,FWRD,79841.0,2019-02-12,252.0,0.5549%,0.0006,0.8878,0.7725,0.2853,1.3846%,1.6935%,33.1466%,-0.006313,FWRD,79841.0,2019-02-13,252.0,0.3832%,0.0006,0.8865,0.7746,0.2857,1.3845%,1.6923%,33.0670%,0.000583,FWRD,79841.0,2019-02-14,252.0,-0.1985%,0.0006,0.8864,0.7723,0.2896,1.3822%,1.6895%,33.0722%,-0.002594,FWRD,79841.0,2019-02-15,252.0,-0.6579%,0.0007,0.9078,0.7893,0.3215,1.3623%,1.6825%,34.4371%,-0.020016,FWRD,79841.0,2019-02-19,252.0,0.4620%,0.0007,0.91,0.7852,0.3166,1.3615%,1.6827%,34.5359%,-0.000458,FWRD,79841.0,2019-02-20,252.0,2.9434%,0.0008,0.916,0.7961,0.3373,1.3690%,1.6913%,34.4864%,0.024137,FWRD,79841.0,2019-02-21,252.0,1.3998%,0.0009,0.9064,0.7806,0.3196,1.3702%,1.6862%,33.9685%,0.018621,FWRD,79841.0,2019-02-22,252.0,-1.7183%,0.0008,0.91,0.7729,0.3547,1.3781%,1.6899%,33.4989%,-0.0227689999999999,FWRD,79841.0,2019-02-25,252.0,-1.7782%,0.0008,0.9095,0.781,0.3575,1.3822%,1.6937%,33.4042%,-0.016599,FWRD,0.0982819999999999,0.0919689999999999,0.0925519999999999,0.0699419999999999,0.0728739999999999
31555,GENERAL DYNAMICS CORP,General Dynamics Land Systems Awarded Army Contract for Stryker Technical Support Services Worth Up to $402M,6,increase,0.8,0.7,the award of a significant contract worth up to $402 million for technical support services is likely to positively impact general dynamics corp's stock price due to increased revenue potential and investor confidence.,2,2019-02-08,GD,2019-02-08 09:00:00+00:00,12052.0,36955010,-0.0084682367742061,2255589.0,-0.0069137956015765,0.0048043634742498,0.0107061481103301,0.0031354853417724,0.0041676387190818,-0.0136876432225108,-0.007954747416079,0.0330119021236896,0.0182452015578746,-0.0125021869316697,-0.0026250097434967,0.0015212363796308,-0.0018880984280258,-0.0289204344153404,-0.0161650441586971,0.0221267063170671,0.0053020357154309,0.0056652328930795,0.0034774900414049,0.002341610379517,-0.0181356091052293,0.0119069358333945,-0.0038823743816465,0.0095084104686975,0.0051966747269034,-0.0080673899501562,-0.0055222795344889,0.0172580294311046,-0.0149456448853015,0.0186430010944604,0.0076761543750762,0.0028197052888572,-0.0092840418219566,-0.0084483036771416,-0.0007809508242644,0.004395343363285,-0.0012023382587358,0.0084959976375103,0.020284067839384,0.0095090046525001,-0.0043654665350914,0.0141181787475943,0.0174793917685747,6.309338641585782e-05,-0.0124039417132735,0.0055776736699044,0.0011792968725785,0.0286888517439365,0.0110725304111838,-0.0247361026704311,-0.00553385540843,0.0003179682535119,-0.0130622992292046,0.0121684223413467,0.0079529723152518,0.0012894031824544,-0.0234351754188537,0.0193861927837133,0.0046426830813288,0.0267187859863042,0.001680463203229,-0.0151504995301365,-0.0020371261052787,-0.026647662743926,0.007204592693597,-0.0275489315390586,0.0090605886653065,-0.0234628841280937,0.0178993307054042,-0.0039155669510364,-0.0137542523443698,-0.0326685458421707,-0.0128869153559207,-0.0119290882721543,0.0084649669006466,-0.0012265314580872,0.0115268481895327,-0.006095100659877,0.0068957922048866,0.000406546605518,-0.0181660167872905,0.0287967007607221,0.0011822247179225,-0.0212840568274259,0.0181850250810384,-0.0124725056812167,0.0204164981842041,-0.0462081544101238,-0.0167495161294937,-0.0179565791040659,0.0101163107901811,0.014931115321815,0.0045469854958355,0.0007691006176173,0.0132928853854537,0.0189767088741064,0.0010177702642977,-0.0058434139937162,0.0301643591374158,0.008022035472095,-0.0089927036315202,0.0085431085899472,-0.0213024448603391,0.0047180643305182,0.0067277387715876,-0.0192886982113122,0.0064019728451967,-0.020102659240365,-0.0027342529501765,0.0039486740715801,-0.0130371628329157,0.0139012457802891,-0.010317999869585,-0.0013327714987099,0.0121440971270203,-0.0051377974450588,-0.0075273178517818,-0.018916018307209,-0.0278284940868616,-0.0003250843146815,-0.0069137956015765,0.0048043634742498,0.0037183323890384,0.0079549128272722,0.0079014677741553,-0.0058416144038844,0.0181269488505959,0.0141379809259007,0.005926123842072,0.0162158342442342,-0.03195445102723,0.1778162999416082,-0.0036349711002953,-0.0541603622333147,2019-02-11,2019-02-12,2019-02-13,2019-02-14,2019-02-15,2019-02-19,2019-02-20,2019-02-21,2019-02-22,2019-02-25,12052.0,2019-02-08,252.0,-0.8468%,-0.0008,0.9001,0.1372,0.2194,1.1274%,1.4654%,40.8116%,-0.007933,GD,12052.0,2019-02-11,252.0,-0.6914%,-0.0008,0.8853,0.1392,0.2127,1.1270%,1.4431%,39.0184%,-0.009684,GD,12052.0,2019-02-12,252.0,1.0706%,-0.0008,0.8742,0.1531,0.2046,1.1208%,1.4325%,38.7823%,-0.001101,GD,12052.0,2019-02-13,252.0,0.4168%,-0.0007,0.8847,0.1364,0.2021,1.1122%,1.4309%,39.5915%,0.001385,GD,12052.0,2019-02-14,252.0,-0.7955%,-0.0008,0.8852,0.1333,0.2065,1.1111%,1.4299%,39.6184%,-0.005734,GD,12052.0,2019-02-15,252.0,1.8245%,-0.0008,0.8767,0.1264,0.1937,1.1073%,1.4213%,39.3101%,0.0068179999999999,GD,12052.0,2019-02-19,252.0,-0.2625%,-0.001,0.8681,0.1345,0.2034,1.0968%,1.4055%,39.1054%,-0.005338,GD,12052.0,2019-02-20,252.0,-0.1888%,-0.0009,0.8675,0.1355,0.2019,1.0965%,1.4053%,39.1099%,-0.005052,GD,12052.0,2019-02-21,252.0,-1.6165%,-0.001,0.869,0.136,0.2047,1.0988%,1.4073%,39.0381%,-0.012496,GD,12052.0,2019-02-22,252.0,0.5302%,-0.001,0.8685,0.139,0.2015,1.0988%,1.4076%,39.0549%,0.001814,GD,12052.0,2019-02-25,252.0,0.3477%,-0.0009,0.8683,0.137,0.1999,1.0991%,1.4078%,39.0470%,0.002799,GD,-0.017617,-0.018718,-0.017333,-0.016249,-0.034522
31563,GORMAN RUPP CO,"Gorman-Rupp Q4 Adj. EPS $0.43 Beats $0.39 Estimate, Sales $103M Beat $100.49M Estimate",6,increase,0.8,0.6,"the company reported better-than-expected earnings and sales, which typically boosts investor confidence and can lead to an increase in stock price.",2,2019-02-08,GRC,2019-02-08 11:47:00+00:00,53604.0,38308210,-0.0207469090819358,34193.0,-0.0042372695170342,-0.0137385977432131,0.0088145015761256,-0.0029146687593311,0.005423329770565,-0.0029060875531286,-0.0037458292208611,-0.0002904800057876,0.0365448221564292,-0.0037626938428729,0.0052447640337049,0.0203779861330986,-0.0037681469693779,0.0223430469632148,-0.0026185673195868,0.0156393218785524,0.0020419980864971,-0.0233602505177259,0.0113538056612014,0.0075437538325786,-0.0146805439144372,-0.0054021701216697,0.0055506466887891,-0.0035884850658476,-0.0177221614867448,-0.0225080531090498,0.0097603667527437,0.010336635634303,-0.0161101128906011,0.0128627074882388,0.0128014376387,0.0,-0.0217519588768482,0.0054135429672896,-0.0081129949539899,-0.0237816013395786,0.0066646845079958,-0.0005868678563274,0.006319563370198,0.0179212149232626,0.0011961996788159,-0.0014911792241036,0.0289725586771965,0.0241294149309396,-0.0217706821858882,0.0111179929226636,0.0106825102120637,0.0398202203214168,0.0226071756333112,-0.023518344387412,-0.0106231048703193,-0.016044445335865,0.0075450418516993,0.0143974674865603,0.0103686805814504,0.0107560940086841,-0.04161923751235,-0.0012637916952371,0.0008924031862989,0.0377049073576927,0.008320914581418,-0.0292807146906852,-0.0135572971776127,0.0054400023072957,0.0137436231598258,-0.0145064359530806,0.000294674973702,-0.0326418466866016,0.0082499291747808,0.0061386413872241,-0.002630045171827,-0.014519041404128,0.0099619142711162,-0.0327676683664321,0.0008702866034582,0.0014649644726887,0.0075361831113696,0.0249249804764986,0.0054661235772073,-0.0185676701366901,-0.0226037446409463,0.0713609158992767,0.0140515090897679,-0.0258381515741348,0.0181870982050895,0.0108830370008945,0.001984680769965,-0.0552291721105575,0.00622527487576,0.0167264454066753,0.0008436102070845,0.019798893481493,-0.0042147100903093,-0.0158872529864311,0.0008465743740089,0.0460959933698177,-0.0064843399450182,-0.0238750781863927,0.0099318521097302,-0.0009175104787573,0.0151728270575404,0.0009183530928567,-0.0838638916611671,0.0158581566065549,0.0006042434833943,-0.0348139218986034,0.0099638234823942,-0.0077427672222256,-0.0044843503274023,-0.0138031542301178,-0.0108108296990394,0.0179371740669012,-0.0085002668201923,-0.004058179911226,0.0248010214418172,0.0073300907388329,0.0056766839697957,-0.0128026464954018,-0.0056446413509547,-0.0164248142391443,-0.0042372695170342,-0.0137385977432131,0.0045398826402549,-0.0166132230409051,0.0099878336914978,-0.0194710311133372,0.0429761596098772,-0.0234442137821438,0.0557399139289078,0.0181050784744474,0.0226150830445088,0.1062295628583291,0.0171449212978918,-0.0174236864267912,2019-02-11,2019-02-12,2019-02-13,2019-02-14,2019-02-15,2019-02-19,2019-02-20,2019-02-21,2019-02-22,2019-02-25,53604.0,2019-02-08,252.0,-2.0747%,0.0011,0.981,0.8697,0.3207,1.5613%,1.9047%,32.8022%,-0.020104,GRC,53604.0,2019-02-11,252.0,-0.4237%,0.001,0.9704,0.8618,0.3109,1.5631%,1.8931%,31.8318%,-0.012188,GRC,53604.0,2019-02-12,252.0,0.8815%,0.0009,0.944,0.8917,0.2921,1.5424%,1.8687%,31.8734%,-0.004127,GRC,53604.0,2019-02-13,252.0,0.5423%,0.001,0.9643,0.858,0.2863,1.5174%,1.8551%,33.0947%,0.001941,GRC,53604.0,2019-02-14,252.0,-0.3746%,0.001,0.9656,0.8549,0.2897,1.5178%,1.8553%,33.0715%,-0.004622,GRC,53604.0,2019-02-15,252.0,3.6545%,0.0012,0.9998,0.8879,0.3482,1.5152%,1.8681%,34.2119%,0.022006,GRC,53604.0,2019-02-19,252.0,0.5245%,0.0012,0.9956,0.8923,0.3536,1.5133%,1.8637%,34.0673%,-0.000374,GRC,53604.0,2019-02-20,252.0,-0.3768%,0.0012,0.9937,0.8933,0.3482,1.5130%,1.8633%,34.0663%,-0.009668,GRC,53604.0,2019-02-21,252.0,-0.2619%,0.0012,0.9929,0.8918,0.3466,1.5130%,1.8620%,33.9726%,0.002384,GRC,53604.0,2019-02-22,252.0,0.2042%,0.0012,0.9935,0.8966,0.3578,1.5131%,1.8619%,33.9613%,-0.004321,GRC,53604.0,2019-02-25,252.0,1.1354%,0.0012,0.9944,0.8918,0.3586,1.5140%,1.8625%,33.9208%,0.012739,GRC,-0.032292,-0.036419,-0.034478,-0.017094,-0.016334
31571,GRIFOLS S A,Grifols SA shares are trading lower after Berenberg downgraded the company's stock from Buy to Hold.,6,decrease,0.8,0.7,"a downgrade from buy to hold typically signals reduced investor confidence, which is likely to lead to a decrease in the stock price.",0,2019-02-08,GRFS,2019-02-08 14:31:00+00:00,12886.0,39843840,-0.0624674074351787,1824139.0,0.0088839447125792,0.0256273113191127,0.0330214835703373,-0.0142105501145124,0.0122535713016986,0.0122535713016986,0.0015789835015311,-0.0079280985519289,0.0404623486101627,0.0161116663366556,-0.0040404004976153,-0.0116772456094622,-0.0116632627323269,-0.001589861465618,-0.0261672772467136,0.0047923400998115,0.0158061720430851,-0.0188087094575166,0.0025933212600648,-0.0077761285938322,0.0160372201353311,0.0025988121051341,-0.0056007485836744,0.0083857364952564,-0.0128008192405104,-0.0144628444686532,0.0202281828969717,0.0062370500527322,0.0040671033784747,0.0083857364952564,-0.0035442884545773,0.0063291583210229,-0.0243902206420898,0.0042372844181954,0.0052082538604736,-0.0171785503625869,0.0067358068190515,-0.0015592873096466,-0.0159546807408332,0.0010406065266579,0.0026150227058678,0.0,-0.0088680265471339,0.0153195457533001,0.0089473724365234,-0.0031595295295119,0.0015649810666218,0.0457048416137695,0.0005207458743825,0.0066518252715468,0.0026028708089143,-0.0174291767179966,-0.007268919609487,0.0166113600134849,-0.0010460489429533,-0.0027609686367213,-0.0193717721849679,-0.0120021449401974,0.0144154010340571,0.0510320737957954,0.0042105223983526,-0.0202246475964784,-0.0005241209873929,-0.0203632824122905,0.0005243958439677,-0.0199568942189216,0.0539832636713981,-0.0021527991630136,-0.0004972764290869,0.0021574436686933,0.0084577146917581,-0.0180083829909563,-0.0098668355494737,-0.0110005754977464,-0.0059790201485157,-0.0072802598588168,0.0035087564028799,0.0217853263020515,-0.0089910244569182,-0.0089520839974284,-0.0085685523226857,-0.0140187153592705,0.0122013101354241,-0.0128139415755868,-0.0155700389295816,0.0093119665980339,-0.0112245520576834,-0.0373505987226963,0.0051599787548184,0.0182556100189685,-0.0015399784315377,-0.044166337698698,-0.0308483466506004,-0.012304700911045,-0.0100796036422252,0.0217600986361503,-0.0101822363212704,-0.0175771471112966,0.0254467371851205,0.0095922714099287,0.000527995172888,0.0230618864297866,0.0,-0.0149831492453813,0.0100263124331831,-0.0390153340995311,0.009926882572472,0.0122237997129559,-0.0098293088376522,0.0056737987324595,-0.0104492614045739,0.0076226703822612,0.0036958656273782,-0.0066256220452487,0.0131509732455015,0.0207728687673807,-0.0046729049645364,-0.0226628668606281,-0.0036515230312943,-0.0014143696753308,0.0088839447125792,0.0256273113191127,0.0421987893172828,0.0110525830127998,0.0549694464927261,0.0234415879285139,0.0993891687052095,0.031686262350095,0.0732925942324467,-0.004147321168485,0.054969443651939,0.101490740095675,0.0605219339696547,-0.083812027269617,2019-02-11,2019-02-12,2019-02-13,2019-02-14,2019-02-15,2019-02-19,2019-02-20,2019-02-21,2019-02-22,2019-02-25,12886.0,2019-02-08,252.0,-6.2467%,-0.0007,0.8646,0.3443,0.2999,1.6449%,1.8728%,22.8594%,-0.061794,GRFS,12886.0,2019-02-11,252.0,0.8884%,-0.0007,0.85,0.3654,0.3037,1.6434%,1.8573%,21.7030%,0.004611,GRFS,12886.0,2019-02-12,252.0,3.3021%,-0.0006,0.8553,0.375,0.3046,1.6480%,1.8645%,21.8801%,0.021804,GRFS,12886.0,2019-02-13,252.0,1.2254%,-0.0006,0.8553,0.379,0.3077,1.6490%,1.8647%,21.7919%,0.009321,GRFS,12886.0,2019-02-14,252.0,0.1579%,-0.0005,0.855,0.3813,0.3043,1.6484%,1.8643%,21.8257%,0.003089,GRFS,12886.0,2019-02-15,252.0,4.0462%,-0.0004,0.8804,0.4072,0.3495,1.6574%,1.8813%,22.3904%,0.028287,GRFS,12886.0,2019-02-19,252.0,-0.4040%,-0.0004,0.8764,0.4058,0.3483,1.6574%,1.8790%,22.1948%,-0.008042,GRFS,12886.0,2019-02-20,252.0,-1.1663%,-0.0005,0.8725,0.3992,0.3349,1.6601%,1.8803%,22.0494%,-0.0162369999999999,GRFS,12886.0,2019-02-21,252.0,-2.6167%,-0.0006,0.8795,0.4087,0.3478,1.6652%,1.8873%,22.1456%,-0.021989,GRFS,12886.0,2019-02-22,252.0,1.5806%,-0.0005,0.8772,0.4196,0.3309,1.6669%,1.8897%,22.1884%,0.012855,GRFS,12886.0,2019-02-25,252.0,0.2593%,-0.0005,0.8761,0.4168,0.3253,1.6660%,1.8886%,22.1862%,0.002864,GRFS,-0.057183,-0.0353789999999999,-0.0260579999999999,0.005318,-0.0252309999999999
31579,HASBRO INC,Hasbro shares are trading lower after the company reported Q4 EPS of $1.33 versus the $1.69 analyst estimate and revenue of $1.39B versus the $1.53B analyst estimate.,6,decrease,0.85,0.7,"the company's earnings and revenue fell short of analyst estimates, which typically leads to a decline in stock price.",0,2019-02-08,HAS,2019-02-08 12:53:00+00:00,52978.0,41805610,-0.009529092349112,6375317.0,-0.0057053603231906,-0.0082417586818337,0.0077633038163185,-0.0054644807241857,0.0044657979160547,0.0016420528991147,-0.0024452731013298,0.0062789130024611,-0.0373258888721466,0.002429342130199,0.0122684901580214,0.0015375562943518,-0.0061742616817355,0.0046342913992702,-0.0072480128146708,-0.0011022385442629,-0.003360770875588,0.0066571189090609,0.0019767228513956,0.008165500126779,-0.0177555847913026,0.0136054949834942,-0.001890312298201,-0.0096564181149005,0.0049715689383447,0.0023635237012058,0.0367490574717521,0.0052041984163224,0.0072711547836661,0.0150436097756028,-0.0016918736509978,-0.0076353065669536,-0.0047452920116484,0.0145681835711002,-0.015779310837388,-0.004947081208229,0.0040369792841374,0.0195894204080104,0.0003446154878474,0.0009393193759024,-0.0049379914999008,-0.0028100395575165,0.00207732594572,0.0254532676190137,-0.003685358678922,0.0309444237500429,0.0024274543393403,0.0370988361537456,0.0043818871490657,-0.0260065235197544,-0.0019517586333677,-0.0156307276338338,-0.0128839612007141,0.0014791415305808,-0.0097890263423323,-0.0031945218797773,-0.0171825233846902,0.0039472025819122,0.0053885397501289,0.03909258171916,0.008575526997447,-0.001152271986939,0.0022437700536102,-0.0123908938840031,0.0081300195306539,-0.0175155736505985,-0.0063113714568316,-0.0218712389469146,0.0077629229053854,-0.0154323885217309,-0.0065359193831682,-0.0055912588723003,0.0016447296366095,0.0035816072486341,0.0090311588719487,-0.012613458558917,0.0061606275849044,0.0115669118240475,-0.0003465663176029,-0.0016666593728587,-0.0159481950104236,0.0008340247441083,0.0052847554907202,-0.0406903363764286,0.0029205607715994,-0.0104061281308531,0.020034959539771,-0.0162456780672073,0.0038826535455882,-0.0124175520613789,0.020134188234806,-0.0604026690125465,0.0055753788910806,0.0038349409587681,-0.015524523332715,0.0092050721868872,-0.0075467242859303,-0.0197887867689132,0.1423221081495285,0.0156201189383864,0.025136599317193,0.0194267723709344,-0.0164760313928127,0.0025542557705193,0.0109380465000867,-0.0098008252680301,-0.008480311371386,-0.0288609117269516,0.0080613391473889,0.0015375310322269,0.0022579592186957,0.0089977774769067,0.0143011733889579,0.0118250828236341,0.0115885743871331,-0.0010454327566549,-0.0101193087175488,-0.0170570909976959,-0.0241103284060955,-0.0109756281599402,-0.0057053603231906,-0.0082417586818337,0.0020136510475572,-0.0136612024745691,0.0064884415222639,-0.012041581992583,-0.0334489091049245,-0.0034231180780373,-0.0360219415621506,0.0165306699505438,-0.0607450550759626,0.1648019415514108,0.1395629280720807,-0.0764446919907073,2019-02-11,2019-02-12,2019-02-13,2019-02-14,2019-02-15,2019-02-19,2019-02-20,2019-02-21,2019-02-22,2019-02-25,52978.0,2019-02-08,252.0,-0.9529%,-0.0005,0.6497,0.4033,-0.0366,1.4505%,1.6354%,21.3335%,-0.010471,HAS,52978.0,2019-02-11,252.0,-0.5705%,-0.0004,0.6016,0.4371,-0.0436,1.4338%,1.5972%,19.4199%,-0.009293,HAS,52978.0,2019-02-12,252.0,0.7763%,-0.0004,0.5969,0.4428,-0.047,1.4329%,1.5959%,19.3756%,-0.00068,HAS,52978.0,2019-02-13,252.0,0.4466%,-0.0003,0.6052,0.4299,-0.0486,1.4289%,1.5946%,19.6989%,0.002462,HAS,52978.0,2019-02-14,252.0,-0.2445%,-0.0003,0.6069,0.4285,-0.0486,1.4266%,1.5931%,19.8066%,-0.003792,HAS,52978.0,2019-02-15,252.0,-3.7326%,-0.0005,0.5753,0.3953,-0.1063,1.4538%,1.6085%,18.3133%,-0.045122,HAS,52978.0,2019-02-19,252.0,1.2268%,-0.0004,0.5775,0.4019,-0.099,1.4554%,1.6098%,18.2719%,0.010248,HAS,52978.0,2019-02-20,252.0,-0.6174%,-0.0005,0.5741,0.3882,-0.1126,1.4533%,1.6073%,18.2478%,-0.007711,HAS,52978.0,2019-02-21,252.0,-0.7248%,-0.0005,0.5731,0.3851,-0.1144,1.4531%,1.6065%,18.1845%,-0.005211,HAS,52978.0,2019-02-22,252.0,-0.3361%,-0.0006,0.5753,0.3644,-0.1067,1.4520%,1.6043%,18.0822%,-0.010986,HAS,52978.0,2019-02-25,252.0,0.1977%,-0.0005,0.5732,0.3612,-0.1162,1.4477%,1.6006%,18.1929%,0.001769,HAS,-0.019764,-0.020444,-0.017982,-0.066896,-0.078787
31587,HASBRO INC,Hasbro Raises Qtr. Dividend From $0.63 To $0.68/Share,6,increase,0.8,0.6,"raising the quarterly dividend typically signals financial strength and can attract investors, likely leading to an increase in stock price.",2,2019-02-08,HAS,2019-02-08 11:32:00+00:00,52978.0,41805610,-0.009529092349112,6375317.0,-0.0057053603231906,-0.0082417586818337,0.0077633038163185,-0.0054644807241857,0.0044657979160547,0.0016420528991147,-0.0024452731013298,0.0062789130024611,-0.0373258888721466,0.002429342130199,0.0122684901580214,0.0015375562943518,-0.0061742616817355,0.0046342913992702,-0.0072480128146708,-0.0011022385442629,-0.003360770875588,0.0066571189090609,0.0019767228513956,0.008165500126779,-0.0177555847913026,0.0136054949834942,-0.001890312298201,-0.0096564181149005,0.0049715689383447,0.0023635237012058,0.0367490574717521,0.0052041984163224,0.0072711547836661,0.0150436097756028,-0.0016918736509978,-0.0076353065669536,-0.0047452920116484,0.0145681835711002,-0.015779310837388,-0.004947081208229,0.0040369792841374,0.0195894204080104,0.0003446154878474,0.0009393193759024,-0.0049379914999008,-0.0028100395575165,0.00207732594572,0.0254532676190137,-0.003685358678922,0.0309444237500429,0.0024274543393403,0.0370988361537456,0.0043818871490657,-0.0260065235197544,-0.0019517586333677,-0.0156307276338338,-0.0128839612007141,0.0014791415305808,-0.0097890263423323,-0.0031945218797773,-0.0171825233846902,0.0039472025819122,0.0053885397501289,0.03909258171916,0.008575526997447,-0.001152271986939,0.0022437700536102,-0.0123908938840031,0.0081300195306539,-0.0175155736505985,-0.0063113714568316,-0.0218712389469146,0.0077629229053854,-0.0154323885217309,-0.0065359193831682,-0.0055912588723003,0.0016447296366095,0.0035816072486341,0.0090311588719487,-0.012613458558917,0.0061606275849044,0.0115669118240475,-0.0003465663176029,-0.0016666593728587,-0.0159481950104236,0.0008340247441083,0.0052847554907202,-0.0406903363764286,0.0029205607715994,-0.0104061281308531,0.020034959539771,-0.0162456780672073,0.0038826535455882,-0.0124175520613789,0.020134188234806,-0.0604026690125465,0.0055753788910806,0.0038349409587681,-0.015524523332715,0.0092050721868872,-0.0075467242859303,-0.0197887867689132,0.1423221081495285,0.0156201189383864,0.025136599317193,0.0194267723709344,-0.0164760313928127,0.0025542557705193,0.0109380465000867,-0.0098008252680301,-0.008480311371386,-0.0288609117269516,0.0080613391473889,0.0015375310322269,0.0022579592186957,0.0089977774769067,0.0143011733889579,0.0118250828236341,0.0115885743871331,-0.0010454327566549,-0.0101193087175488,-0.0170570909976959,-0.0241103284060955,-0.0109756281599402,-0.0057053603231906,-0.0082417586818337,0.0020136510475572,-0.0136612024745691,0.0064884415222639,-0.012041581992583,-0.0334489091049245,-0.0034231180780373,-0.0360219415621506,0.0165306699505438,-0.0607450550759626,0.1648019415514108,0.1395629280720807,-0.0764446919907073,2019-02-11,2019-02-12,2019-02-13,2019-02-14,2019-02-15,2019-02-19,2019-02-20,2019-02-21,2019-02-22,2019-02-25,52978.0,2019-02-08,252.0,-0.9529%,-0.0005,0.6497,0.4033,-0.0366,1.4505%,1.6354%,21.3335%,-0.010471,HAS,52978.0,2019-02-11,252.0,-0.5705%,-0.0004,0.6016,0.4371,-0.0436,1.4338%,1.5972%,19.4199%,-0.009293,HAS,52978.0,2019-02-12,252.0,0.7763%,-0.0004,0.5969,0.4428,-0.047,1.4329%,1.5959%,19.3756%,-0.00068,HAS,52978.0,2019-02-13,252.0,0.4466%,-0.0003,0.6052,0.4299,-0.0486,1.4289%,1.5946%,19.6989%,0.002462,HAS,52978.0,2019-02-14,252.0,-0.2445%,-0.0003,0.6069,0.4285,-0.0486,1.4266%,1.5931%,19.8066%,-0.003792,HAS,52978.0,2019-02-15,252.0,-3.7326%,-0.0005,0.5753,0.3953,-0.1063,1.4538%,1.6085%,18.3133%,-0.045122,HAS,52978.0,2019-02-19,252.0,1.2268%,-0.0004,0.5775,0.4019,-0.099,1.4554%,1.6098%,18.2719%,0.010248,HAS,52978.0,2019-02-20,252.0,-0.6174%,-0.0005,0.5741,0.3882,-0.1126,1.4533%,1.6073%,18.2478%,-0.007711,HAS,52978.0,2019-02-21,252.0,-0.7248%,-0.0005,0.5731,0.3851,-0.1144,1.4531%,1.6065%,18.1845%,-0.005211,HAS,52978.0,2019-02-22,252.0,-0.3361%,-0.0006,0.5753,0.3644,-0.1067,1.4520%,1.6043%,18.0822%,-0.010986,HAS,52978.0,2019-02-25,252.0,0.1977%,-0.0005,0.5732,0.3612,-0.1162,1.4477%,1.6006%,18.1929%,0.001769,HAS,-0.019764,-0.020444,-0.017982,-0.066896,-0.078787
31595,HASBRO INC,"Hasbro Q4 EPS $1.33 Misses $1.69 Estimate, GAAP Sales $1.39B May Not Compare To $1.53B Estimate",6,decrease,0.8,0.7,"the earnings per share (eps) and sales figures both missed analyst estimates, which typically leads to a negative reaction in stock prices.",0,2019-02-08,HAS,2019-02-08 11:31:00+00:00,52978.0,41805610,-0.009529092349112,6375317.0,-0.0057053603231906,-0.0082417586818337,0.0077633038163185,-0.0054644807241857,0.0044657979160547,0.0016420528991147,-0.0024452731013298,0.0062789130024611,-0.0373258888721466,0.002429342130199,0.0122684901580214,0.0015375562943518,-0.0061742616817355,0.0046342913992702,-0.0072480128146708,-0.0011022385442629,-0.003360770875588,0.0066571189090609,0.0019767228513956,0.008165500126779,-0.0177555847913026,0.0136054949834942,-0.001890312298201,-0.0096564181149005,0.0049715689383447,0.0023635237012058,0.0367490574717521,0.0052041984163224,0.0072711547836661,0.0150436097756028,-0.0016918736509978,-0.0076353065669536,-0.0047452920116484,0.0145681835711002,-0.015779310837388,-0.004947081208229,0.0040369792841374,0.0195894204080104,0.0003446154878474,0.0009393193759024,-0.0049379914999008,-0.0028100395575165,0.00207732594572,0.0254532676190137,-0.003685358678922,0.0309444237500429,0.0024274543393403,0.0370988361537456,0.0043818871490657,-0.0260065235197544,-0.0019517586333677,-0.0156307276338338,-0.0128839612007141,0.0014791415305808,-0.0097890263423323,-0.0031945218797773,-0.0171825233846902,0.0039472025819122,0.0053885397501289,0.03909258171916,0.008575526997447,-0.001152271986939,0.0022437700536102,-0.0123908938840031,0.0081300195306539,-0.0175155736505985,-0.0063113714568316,-0.0218712389469146,0.0077629229053854,-0.0154323885217309,-0.0065359193831682,-0.0055912588723003,0.0016447296366095,0.0035816072486341,0.0090311588719487,-0.012613458558917,0.0061606275849044,0.0115669118240475,-0.0003465663176029,-0.0016666593728587,-0.0159481950104236,0.0008340247441083,0.0052847554907202,-0.0406903363764286,0.0029205607715994,-0.0104061281308531,0.020034959539771,-0.0162456780672073,0.0038826535455882,-0.0124175520613789,0.020134188234806,-0.0604026690125465,0.0055753788910806,0.0038349409587681,-0.015524523332715,0.0092050721868872,-0.0075467242859303,-0.0197887867689132,0.1423221081495285,0.0156201189383864,0.025136599317193,0.0194267723709344,-0.0164760313928127,0.0025542557705193,0.0109380465000867,-0.0098008252680301,-0.008480311371386,-0.0288609117269516,0.0080613391473889,0.0015375310322269,0.0022579592186957,0.0089977774769067,0.0143011733889579,0.0118250828236341,0.0115885743871331,-0.0010454327566549,-0.0101193087175488,-0.0170570909976959,-0.0241103284060955,-0.0109756281599402,-0.0057053603231906,-0.0082417586818337,0.0020136510475572,-0.0136612024745691,0.0064884415222639,-0.012041581992583,-0.0334489091049245,-0.0034231180780373,-0.0360219415621506,0.0165306699505438,-0.0607450550759626,0.1648019415514108,0.1395629280720807,-0.0764446919907073,2019-02-11,2019-02-12,2019-02-13,2019-02-14,2019-02-15,2019-02-19,2019-02-20,2019-02-21,2019-02-22,2019-02-25,52978.0,2019-02-08,252.0,-0.9529%,-0.0005,0.6497,0.4033,-0.0366,1.4505%,1.6354%,21.3335%,-0.010471,HAS,52978.0,2019-02-11,252.0,-0.5705%,-0.0004,0.6016,0.4371,-0.0436,1.4338%,1.5972%,19.4199%,-0.009293,HAS,52978.0,2019-02-12,252.0,0.7763%,-0.0004,0.5969,0.4428,-0.047,1.4329%,1.5959%,19.3756%,-0.00068,HAS,52978.0,2019-02-13,252.0,0.4466%,-0.0003,0.6052,0.4299,-0.0486,1.4289%,1.5946%,19.6989%,0.002462,HAS,52978.0,2019-02-14,252.0,-0.2445%,-0.0003,0.6069,0.4285,-0.0486,1.4266%,1.5931%,19.8066%,-0.003792,HAS,52978.0,2019-02-15,252.0,-3.7326%,-0.0005,0.5753,0.3953,-0.1063,1.4538%,1.6085%,18.3133%,-0.045122,HAS,52978.0,2019-02-19,252.0,1.2268%,-0.0004,0.5775,0.4019,-0.099,1.4554%,1.6098%,18.2719%,0.010248,HAS,52978.0,2019-02-20,252.0,-0.6174%,-0.0005,0.5741,0.3882,-0.1126,1.4533%,1.6073%,18.2478%,-0.007711,HAS,52978.0,2019-02-21,252.0,-0.7248%,-0.0005,0.5731,0.3851,-0.1144,1.4531%,1.6065%,18.1845%,-0.005211,HAS,52978.0,2019-02-22,252.0,-0.3361%,-0.0006,0.5753,0.3644,-0.1067,1.4520%,1.6043%,18.0822%,-0.010986,HAS,52978.0,2019-02-25,252.0,0.1977%,-0.0005,0.5732,0.3612,-0.1162,1.4477%,1.6006%,18.1929%,0.001769,HAS,-0.019764,-0.020444,-0.017982,-0.066896,-0.078787
31603,HONDA MOTOR LTD,CEO Of GM's Self-Driving Unit Stands To Make $25 Million In Incentives,6,uncertain,0.5,0.5,"the news about gm's self-driving unit does not directly relate to honda's operations or market position, making the impact on honda's stock price unclear.",1,2019-02-08,HMC,2019-02-08 16:35:00+00:00,59555.0,43812830,-0.0092558311298489,562806.0,-0.0041106357239186,-0.0185319855809211,0.0090056201443076,-0.0181947983801364,0.0048345508985221,-0.0137227093800902,0.0111028579995036,-0.0243734680116176,0.0018302029930055,-0.0312604121863842,0.006941856816411,0.0016655308427289,0.0018142650369554,0.0087365666404366,0.0043462123721838,-0.0043492526747286,0.0158673115074634,-0.0039986949414014,0.0078097023069858,0.0124831590801477,0.0042268699035048,0.0116041013970971,-0.0021045058965682,-0.0071162651292979,-0.0063268998637795,-0.0084005380049347,0.0028298522811383,0.0074475053697824,-0.0229276753962039,0.0010166277643293,-0.0036101220175623,0.0023777070455253,0.0014492394402623,0.0003397971158847,-0.01953686773777,0.0054663424380123,-0.0018450606148689,0.0135042006149888,0.0140480985864996,0.0062717208638787,-0.0032810845877975,0.0077247619628906,0.00219456711784,0.0237239338457584,-0.0065693543292582,0.018674487248063,0.0084497230127453,0.0455589033663272,0.0047358525916934,-0.0135951172560453,0.0050761201418936,0.0011341692879796,-0.0093795182183384,0.0015146124642342,0.0072833490557968,0.0087853148579597,-0.0137382196262478,0.0065359505824744,-0.0058650970458984,0.0212014503777027,0.0129055483266711,-0.0166023280471563,-0.0021439923439174,-0.0230102073401212,0.005154616665095,-0.0093423016369342,-0.0047618742100894,-0.0044642463326454,0.0264997910708189,0.0128107853233814,0.0039440877735614,-0.0137494960799813,0.0049999780021607,-0.0117517337203025,0.0106610218062996,-0.0011005387641489,0.0003516254946589,0.0183040630072355,-0.0073814056813716,-0.0011193574173375,-0.0056657171808183,-0.0033469749614596,0.0010684005683287,-0.0132110314443707,-0.0131626054644584,-0.0155346933752298,0.0061283372342586,-0.0362116657197475,0.0021497479174286,0.0195242892950773,0.0007150682504288,0.0125808911398053,0.0121472012251615,-0.0078459773212671,0.019414022564888,0.0003567687817849,-0.0183517578989267,-0.0091905342414975,0.0056437333114445,0.0190922431647777,-0.0291125886142253,-0.0060866479761898,0.0032514506019651,0.0119565185159444,0.0075620841234922,-0.0160427410155534,0.0010722189908847,-0.0056717423722147,-0.0042842142283916,-0.000354366726242,-0.0057368180714547,-0.0028268524911254,0.0018031426006928,0.0056858509778976,0.0064794239588081,-0.000710243533831,-0.0085836835205554,-0.0119298296049237,-0.0043289656750857,0.0014055136125534,-0.0041106357239186,-0.0185319855809211,0.0048579655965077,-0.0363895982198292,0.0097160025769695,-0.0496129437190905,0.0227952391412258,-0.1017625400185983,0.0609117766214732,-0.0887314206064875,0.0134529369357985,0.0604633233535842,0.0409257147393817,-0.0509486656416775,2019-02-11,2019-02-12,2019-02-13,2019-02-14,2019-02-15,2019-02-19,2019-02-20,2019-02-21,2019-02-22,2019-02-25,59555.0,2019-02-08,252.0,-0.9256%,-0.0011,0.8312,-0.0849,0.31,1.0178%,1.3259%,41.0815%,-0.00799,HMC,59555.0,2019-02-11,252.0,-0.4111%,-0.0011,0.8238,-0.0839,0.3067,1.0176%,1.3080%,39.4660%,-0.005527,HMC,59555.0,2019-02-12,252.0,0.9006%,-0.001,0.8265,-0.0878,0.3087,1.0172%,1.3087%,39.5932%,-0.001761,HMC,59555.0,2019-02-13,252.0,0.4835%,-0.0011,0.8227,-0.08,0.3109,1.0156%,1.3031%,39.2514%,0.002257,HMC,59555.0,2019-02-14,252.0,1.1103%,-0.0009,0.8202,-0.0706,0.2984,1.0129%,1.3003%,39.3202%,0.01495,HMC,59555.0,2019-02-15,252.0,0.1830%,-0.001,0.8144,-0.0767,0.2877,1.0141%,1.2972%,38.8879%,-0.008794,HMC,59555.0,2019-02-19,252.0,0.6942%,-0.001,0.8137,-0.0707,0.2946,1.0140%,1.2951%,38.6989%,0.004654,HMC,59555.0,2019-02-20,252.0,0.1814%,-0.001,0.8132,-0.0732,0.2927,1.0138%,1.2950%,38.7157%,-0.001297,HMC,59555.0,2019-02-21,252.0,0.4346%,-0.001,0.813,-0.0717,0.2922,1.0148%,1.2954%,38.6285%,0.007877,HMC,59555.0,2019-02-22,252.0,1.5867%,-0.0009,0.8107,-0.0678,0.2676,1.0198%,1.2995%,38.4153%,0.015172,HMC,59555.0,2019-02-25,252.0,0.7810%,-0.0009,0.8113,-0.071,0.2684,1.0203%,1.3003%,38.4304%,0.0067989999999999,HMC,-0.013517,-0.015278,-0.013021,-0.006865,0.02634
31611,SCHEIN HENRY INC,Henry Schein Reports Completion Of Previously-Announced Spin Off Of Its Animal Health Unit; Received ~$1.1B In What Is Expected To Be Tax-Free Proceeds To Pay Down Debt,6,increase,0.75,0.6,"the completion of the spin-off and the receipt of significant proceeds to pay down debt is likely to be viewed positively by investors, potentially leading to an increase in stock price.",2,2019-02-08,HSIC,2019-02-08 11:09:00+00:00,82581.0,80640710,-0.0519011244177818,5729810.0,0.0209636148065328,-0.0132491290569305,0.010266582481563,0.01368148624897,0.0177020467817783,0.0156807210296392,0.0045095630921423,0.0155360512435436,0.0003206743276678,-0.0059201945550739,0.0115403309464454,-0.0014137079706415,-0.0465853661298751,0.0136789390817284,-0.0031576971523463,0.0018271910957992,-0.0006669042049907,-0.0081553040072321,-0.00183511513751,0.008485659956932,-0.0223967935889959,-0.0039012099150568,-0.0015387270832434,-0.0074858260340988,0.0154109196737408,-0.0229508150368928,0.0129848308861255,0.0130302030593156,-0.0051606688648462,-0.0212553702294826,-0.0148928947746753,-0.0142962289974093,-0.0198742691427469,0.0150112202391028,-0.0051992936059832,0.0022567741107195,0.0203832425177097,0.0035228834021836,0.0232200883328914,0.0404503718018531,-0.0036709697451442,0.0135331908240914,0.007368991151452,0.0164531525224447,-0.0174564085900783,-0.0046979659236967,0.0032149313483387,0.0098956674337387,0.0082644270732998,-0.0342977195978164,0.0120441829785704,-0.0271268133074045,-0.0062810094095766,0.0077001857571303,0.0182967782020568,0.0014137079706415,-0.0231950655579567,0.0047778291627764,-0.0155518446117639,0.041420143097639,0.0079837134107947,-0.0210636984556913,-0.0092686088755726,-0.0155521584674716,0.0017009435687214,-0.0160672608762979,0.0207166112959384,-0.0089725656434893,0.014639844186604,-0.0076498701237142,-0.0052468189969658,-0.0096870195120573,-0.0018130344105884,-0.0390261858701705,0.0132100265473127,-0.0156250204890966,0.0223272312432527,0.0054334877058863,-0.0175354443490505,-0.0104032652452588,0.0058413208462297,0.0045796073973178,-0.0024197697639465,-0.0267428159713745,-0.0147153921425342,-0.0269127916544675,0.0139504093676805,-0.005309771746397,0.001780521357432,0.013452966697514,-0.0090482719242572,0.0006730711320415,-0.0097831776365637,0.0106576243415474,0.0126790786162018,0.0106565868481993,-0.0016259914264082,0.0332701578736305,0.0302931070327758,0.0061948611401021,0.0145431868731975,-0.0073320143856108,-0.0056092333979904,-0.0008271262631751,0.0101849185302853,-0.018782639876008,-0.0152008607983589,0.0020913246553391,0.0089777270331978,0.0003486608329694,-0.02528877556324,0.0070224539376795,0.0052851033397018,0.0061234608292579,0.0073283268138766,0.0008249816601164,0.000790751830209,-0.0067892055958509,0.0542035475373268,-0.0177072659134864,0.0209636148065328,-0.0132491290569305,0.0314454219686188,0.0002510894150362,0.0497041170811585,0.0159357477077461,0.0547759551655044,0.0256113981029795,0.0114961999293772,0.04033947895104,-0.0047337717522372,0.0716783461688292,0.127810608437092,-0.0837070104101199,2019-02-11,2019-02-12,2019-02-13,2019-02-14,2019-02-15,2019-02-19,2019-02-20,2019-02-21,2019-02-22,2019-02-25,82581.0,2019-02-08,252.0,-5.1901%,0.0003,0.836,-0.0626,0.3388,1.4537%,1.6842%,25.4957%,-0.050696,HSIC,82581.0,2019-02-11,252.0,2.0964%,0.0004,0.8397,-0.0403,0.3528,1.4586%,1.6789%,24.5238%,0.019327,HSIC,82581.0,2019-02-12,252.0,1.0267%,0.0004,0.8391,-0.0403,0.3525,1.4586%,1.6783%,24.4642%,-0.000645,HSIC,82581.0,2019-02-13,252.0,1.7702%,0.0004,0.8436,-0.042,0.3558,1.4612%,1.6814%,24.4807%,0.0150299999999999,HSIC,82581.0,2019-02-14,252.0,0.4510%,0.0007,0.8463,-0.0351,0.3406,1.3961%,1.6276%,26.4160%,0.008463,HSIC,82581.0,2019-02-15,252.0,0.0321%,0.0007,0.8384,-0.0435,0.3261,1.3980%,1.6249%,25.9775%,-0.01089,HSIC,82581.0,2019-02-19,252.0,1.1540%,0.0007,0.8431,-0.0427,0.3266,1.3977%,1.6263%,26.1420%,0.008995,HSIC,82581.0,2019-02-20,252.0,-4.6585%,0.0005,0.8276,-0.0838,0.2696,1.4300%,1.6504%,24.9171%,-0.04999,HSIC,82581.0,2019-02-21,252.0,-0.3158%,0.0005,0.8213,-0.0966,0.2582,1.4258%,1.6442%,24.8030%,0.000366,HSIC,82581.0,2019-02-22,252.0,-0.0667%,0.0005,0.8224,-0.1156,0.2533,1.4233%,1.6430%,24.9645%,-0.001779,HSIC,82581.0,2019-02-25,252.0,-0.1835%,0.0005,0.8212,-0.115,0.2494,1.4221%,1.6417%,24.9654%,-0.003013,HSIC,-0.031369,-0.032014,-0.016984,-0.019411,-0.064832
31619,INTERNATIONAL BUSINESS MACHS COR,How IBM Watson Plays In The Fintech Space,6,increase,0.7,0.6,"the involvement of ibm watson in the fintech space suggests innovation and potential growth opportunities, which could positively influence investor sentiment towards international business machs cor.",2,2019-02-08,IBM,2019-02-08 22:03:00+00:00,12490.0,45920010,0.003904229030013,3250074.0,0.0020940750837326,-0.0114436969161033,0.015374262817204,0.00568059226498,0.0108048599213361,0.002662923419848,-0.0075625982135534,0.0081282351166009,0.0113569982349872,-0.0023805391974747,0.0048540038987994,0.0002976133837364,-0.0050468416884541,0.0003722403780557,-0.0011594467796385,0.0004468426050152,0.0102292783558368,0.0022393299732357,0.0015081271994858,0.0108654825016856,0.0018642944050952,-0.0027090120129287,-0.0039364662952721,0.0846392661333084,-0.0074728266336023,-0.0104991365224123,0.0077462680637836,0.013339857570827,-0.005531639792025,0.0046867267228662,-0.0039730393327772,-0.0009036441915668,-0.0065274811349809,0.0111305257305502,-0.0118265086784958,-0.0088094817474484,-0.0019947125110775,-0.0027095971163362,0.0193945541977882,0.009114246815443,0.0041390750557184,0.0071768388152122,0.0020248682703822,0.0142192151397466,0.0016598999500274,0.0070746829733252,0.0046112788841128,0.039057619869709,0.0055943061597645,-0.0199635047465562,0.0019969956483691,0.0135479979217052,-0.0063349660485982,0.0056622084230184,0.0131804887205362,-0.0065916683524847,-0.014069608412683,0.0214561391621828,-0.00193620857317,0.0355117581784725,0.0074723996222019,-0.0303768049925565,-0.0069889868609607,-0.018403772264719,0.0048836013302206,-0.0292880162596702,0.0084334472194314,-0.0018859941046684,0.0155917564406991,0.0047373217530548,-0.0020935314241796,-0.0316931009292602,0.0044056284241378,-0.0068748597986996,-0.0059180259704589,-0.0035490284208208,0.0035018911585211,0.0022334707900881,0.0007677318062633,-0.0019813247490674,-0.0089266952127218,0.0149991698563098,0.0064035160467028,-0.0368816666305065,0.0053139035589993,0.0189967527985572,0.0039644408971071,-0.029606569558382,-0.0031175073236227,0.008368881419301,0.0086171338334679,0.0229666884988546,-0.0415460839867591,-0.0123576959595084,0.0087700467556715,0.0247438251972198,-0.0102615440264344,0.0039310907013714,0.0111599331721663,0.0202235262840986,-0.0034890735987573,-0.0116386711597442,-0.0094318836927413,0.011689443141222,0.0058428733609616,-0.0258498936891555,-0.0027968974318355,-0.0103644169867038,0.0087738307192921,0.0010704648448154,0.0020673933904618,0.0103161856532096,-0.0069009764119982,-0.005296254530549,0.0047281589359045,-0.0004963208339177,0.0009269510628655,-0.0213695913553237,-0.0195184890180826,0.001296836300753,0.0020940750837326,-0.0114436969161033,0.0175005327616328,-0.0058281116273076,0.0284944834880072,-0.0031807080224054,0.0323086672176249,0.0025294181172708,0.0430035135447883,0.0168264069862231,0.0409093234593922,0.2527656669890235,0.0293919105587234,0.0922354119383872,2019-02-11,2019-02-12,2019-02-13,2019-02-14,2019-02-15,2019-02-19,2019-02-20,2019-02-21,2019-02-22,2019-02-25,12490.0,2019-02-08,252.0,0.3904%,-0.0004,0.9128,-0.2362,-0.0574,1.2236%,1.5893%,40.7337%,0.00271,IBM,12490.0,2019-02-11,252.0,0.2094%,-0.0004,0.9202,-0.2395,-0.0553,1.2232%,1.5775%,39.8722%,0.002407,IBM,12490.0,2019-02-12,252.0,1.5374%,-0.0004,0.9222,-0.2397,-0.0543,1.2234%,1.5783%,39.9213%,0.0027129999999999,IBM,12490.0,2019-02-13,252.0,1.0805%,-0.0003,0.9239,-0.239,-0.052,1.2246%,1.5778%,39.7602%,0.008305,IBM,12490.0,2019-02-14,252.0,-0.7563%,-0.0003,0.9254,-0.2412,-0.0504,1.2241%,1.5783%,39.8404%,-0.004781,IBM,12490.0,2019-02-15,252.0,1.1357%,-0.0004,0.9153,-0.2501,-0.0665,1.2211%,1.5709%,39.5747%,0.001646,IBM,12490.0,2019-02-19,252.0,0.4854%,-0.0003,0.9173,-0.2489,-0.0654,1.2212%,1.5703%,39.5223%,0.00394,IBM,12490.0,2019-02-20,252.0,-0.5047%,-0.0004,0.9155,-0.2538,-0.0719,1.2216%,1.5706%,39.5008%,-0.0059819999999999,IBM,12490.0,2019-02-21,252.0,-0.1159%,-0.0004,0.9144,-0.2555,-0.074,1.2217%,1.5701%,39.4594%,0.001785,IBM,12490.0,2019-02-22,252.0,1.0229%,-0.0003,0.9136,-0.2526,-0.0806,1.2220%,1.5707%,39.4732%,0.004504,IBM,12490.0,2019-02-25,252.0,0.1508%,-0.0003,0.913,-0.253,-0.083,1.2216%,1.5705%,39.4931%,-0.0007639999999999,IBM,0.005117,0.00783,0.016135,0.013,0.016483
31627,ISHARES TRUST,US Preparing New Sanctions On Venezuela,6,decrease,0.7,0.6,"new sanctions on venezuela could negatively impact companies associated with the region, leading to a decrease in ishares trust's stock price.",0,2019-02-08,ILF,2019-02-08 18:50:00+00:00,89190.0,46428739,-0.0026431763544678,861076.0,-0.0103061981499195,-0.0081562064588069,0.0223147869110107,-0.0343177914619445,-0.0148429023101925,0.0005629174993373,0.0242245122790336,0.0062304558232426,0.0066340747289359,-0.0025423769839107,-0.0017192369559779,0.0181190986186265,-0.0040183523669838,0.0163695234805345,-0.0002882459957618,0.0145313711836934,0.0126838413998484,-0.0248698834329843,-0.005693161394447,0.0017381625948473,0.0002862387918867,0.0029053543694317,-0.0040068514645099,0.0192477852106094,-0.0224137585610151,-0.0242704469710588,-0.0105820279568433,0.0034792381338775,-0.0026738012675195,0.0087745850905776,0.0062555582262575,0.0014645353658124,-0.0213143117725849,-0.0035025959368795,-0.0084695275872945,0.0061673740856349,0.0073215891607105,-0.0055491365492343,0.0314960889518261,0.0008770124404691,0.0032295007258653,0.0221092868596315,0.0111208977177739,0.0139352595433592,-0.010709086433053,-0.0015124939382076,0.0131656164303422,0.0254342332482338,0.0176148023456335,-0.0018575096037238,-0.0019864786881953,0.0480207502841949,0.0011373590677976,0.0039087599143385,-0.0170405711978673,0.0095363669097423,-0.0528749451041221,0.0069536119699478,0.0103721832856535,0.0247710030525922,0.0138889765366911,-0.0104097165167331,-0.0393092148005962,-0.0142336450517177,0.0195288620889186,0.0110441744327545,0.0103374933823943,-0.0128840859979391,0.0168522838503122,0.0059362319298088,-0.0053270286880433,-0.0135658327490091,-0.0074382624588906,-0.0105465585365891,0.0218824800103902,0.001600548857823,0.0117336912080645,0.0152745954692363,0.0118874981999397,0.0035877563059329,-0.0094556398689746,-0.0266666710376739,0.0046282862313091,-0.0116096902638673,-0.0181399676948785,0.0009422326111234,-0.0211142934858799,-0.0187981687486171,0.0014978799736127,0.0102740302681922,0.0065809516236186,-0.0027941681910306,-0.0074294200167059,0.0078222779557108,0.0086825471371412,0.0223927982151508,-0.0029681946616619,0.0313428156077861,0.0071450336836278,-0.0344058610498905,-0.0209873747080564,-0.0190625190734863,0.0117753446102142,0.0181355290114879,0.0044763213954865,-0.0352977737784385,-0.0044563733972609,-0.009124063886702,0.0008953326032496,0.0166976172477006,-0.0172928385436534,0.0176211278885603,-0.0009101571631617,0.0159846544265747,0.0109322993084788,-0.0215826909989118,-0.0165214538574218,-0.0175169501453638,-0.0131337903439998,-0.0006142646307125,-0.0103061981499195,-0.0081562064588069,0.0117786081455131,-0.0421940949283776,-0.0032391228947333,-0.0416549292234441,0.0276796960318397,-0.0381356573935639,0.0285630520362536,-0.0136153319915213,-0.0247349901050841,0.1554122814067655,-0.0485865087153583,0.0613527766515409,2019-02-11,2019-02-12,2019-02-13,2019-02-14,2019-02-15,2019-02-19,2019-02-20,2019-02-21,2019-02-22,2019-02-25,89190.0,2019-02-08,252.0,-0.2643%,-0.0001,0.8441,-0.0198,0.3402,1.4273%,1.6649%,26.5054%,-0.00122,ILF,89190.0,2019-02-11,252.0,-1.0306%,-0.0001,0.8399,-0.0323,0.3312,1.4293%,1.6548%,25.3880%,-0.012239,ILF,89190.0,2019-02-12,252.0,2.2315%,-0.0001,0.8436,-0.0287,0.3325,1.4310%,1.6577%,25.4811%,0.011362,ILF,89190.0,2019-02-13,252.0,-1.4843%,-0.0002,0.8407,-0.0308,0.3279,1.4352%,1.6588%,25.1437%,-0.017521,ILF,89190.0,2019-02-14,252.0,2.4225%,-0.0001,0.834,-0.0156,0.3114,1.4459%,1.6657%,24.6428%,0.0279519999999999,ILF,89190.0,2019-02-15,252.0,0.6634%,-0.0001,0.8209,-0.0278,0.2896,1.4440%,1.6578%,24.1296%,-0.004346,ILF,89190.0,2019-02-19,252.0,-0.1719%,-0.0001,0.8201,-0.0302,0.287,1.4443%,1.6571%,24.0336%,-0.004167,ILF,89190.0,2019-02-20,252.0,-0.4018%,-0.0002,0.8182,-0.034,0.2804,1.4449%,1.6572%,23.9803%,-0.007188,ILF,89190.0,2019-02-21,252.0,-0.0288%,-0.0002,0.8209,-0.0277,0.2853,1.4438%,1.6570%,24.0815%,0.00326,ILF,89190.0,2019-02-22,252.0,1.2684%,-0.0002,0.8191,-0.0238,0.2678,1.4457%,1.6588%,24.0473%,0.011594,ILF,89190.0,2019-02-25,252.0,-0.5693%,-0.0002,0.8209,-0.0189,0.2768,1.4433%,1.6570%,24.1300%,-0.006602,ILF,-0.013459,-0.002097,-0.0196179999999999,0.003988,0.000885
31635,ISHARES TRUST,Venezuela's Maduro Says Those Seeking T Cake Over Citgo Will Face Consequences,6,decrease,0.7,0.6,"the statement from venezuela's maduro regarding consequences for those seeking to take over citgo suggests increased political risk and instability, which could negatively impact investor sentiment towards ishares trust holdings related to citgo.",0,2019-02-08,ILF,2019-02-08 17:34:00+00:00,89190.0,46428739,-0.0026431763544678,861076.0,-0.0103061981499195,-0.0081562064588069,0.0223147869110107,-0.0343177914619445,-0.0148429023101925,0.0005629174993373,0.0242245122790336,0.0062304558232426,0.0066340747289359,-0.0025423769839107,-0.0017192369559779,0.0181190986186265,-0.0040183523669838,0.0163695234805345,-0.0002882459957618,0.0145313711836934,0.0126838413998484,-0.0248698834329843,-0.005693161394447,0.0017381625948473,0.0002862387918867,0.0029053543694317,-0.0040068514645099,0.0192477852106094,-0.0224137585610151,-0.0242704469710588,-0.0105820279568433,0.0034792381338775,-0.0026738012675195,0.0087745850905776,0.0062555582262575,0.0014645353658124,-0.0213143117725849,-0.0035025959368795,-0.0084695275872945,0.0061673740856349,0.0073215891607105,-0.0055491365492343,0.0314960889518261,0.0008770124404691,0.0032295007258653,0.0221092868596315,0.0111208977177739,0.0139352595433592,-0.010709086433053,-0.0015124939382076,0.0131656164303422,0.0254342332482338,0.0176148023456335,-0.0018575096037238,-0.0019864786881953,0.0480207502841949,0.0011373590677976,0.0039087599143385,-0.0170405711978673,0.0095363669097423,-0.0528749451041221,0.0069536119699478,0.0103721832856535,0.0247710030525922,0.0138889765366911,-0.0104097165167331,-0.0393092148005962,-0.0142336450517177,0.0195288620889186,0.0110441744327545,0.0103374933823943,-0.0128840859979391,0.0168522838503122,0.0059362319298088,-0.0053270286880433,-0.0135658327490091,-0.0074382624588906,-0.0105465585365891,0.0218824800103902,0.001600548857823,0.0117336912080645,0.0152745954692363,0.0118874981999397,0.0035877563059329,-0.0094556398689746,-0.0266666710376739,0.0046282862313091,-0.0116096902638673,-0.0181399676948785,0.0009422326111234,-0.0211142934858799,-0.0187981687486171,0.0014978799736127,0.0102740302681922,0.0065809516236186,-0.0027941681910306,-0.0074294200167059,0.0078222779557108,0.0086825471371412,0.0223927982151508,-0.0029681946616619,0.0313428156077861,0.0071450336836278,-0.0344058610498905,-0.0209873747080564,-0.0190625190734863,0.0117753446102142,0.0181355290114879,0.0044763213954865,-0.0352977737784385,-0.0044563733972609,-0.009124063886702,0.0008953326032496,0.0166976172477006,-0.0172928385436534,0.0176211278885603,-0.0009101571631617,0.0159846544265747,0.0109322993084788,-0.0215826909989118,-0.0165214538574218,-0.0175169501453638,-0.0131337903439998,-0.0006142646307125,-0.0103061981499195,-0.0081562064588069,0.0117786081455131,-0.0421940949283776,-0.0032391228947333,-0.0416549292234441,0.0276796960318397,-0.0381356573935639,0.0285630520362536,-0.0136153319915213,-0.0247349901050841,0.1554122814067655,-0.0485865087153583,0.0613527766515409,2019-02-11,2019-02-12,2019-02-13,2019-02-14,2019-02-15,2019-02-19,2019-02-20,2019-02-21,2019-02-22,2019-02-25,89190.0,2019-02-08,252.0,-0.2643%,-0.0001,0.8441,-0.0198,0.3402,1.4273%,1.6649%,26.5054%,-0.00122,ILF,89190.0,2019-02-11,252.0,-1.0306%,-0.0001,0.8399,-0.0323,0.3312,1.4293%,1.6548%,25.3880%,-0.012239,ILF,89190.0,2019-02-12,252.0,2.2315%,-0.0001,0.8436,-0.0287,0.3325,1.4310%,1.6577%,25.4811%,0.011362,ILF,89190.0,2019-02-13,252.0,-1.4843%,-0.0002,0.8407,-0.0308,0.3279,1.4352%,1.6588%,25.1437%,-0.017521,ILF,89190.0,2019-02-14,252.0,2.4225%,-0.0001,0.834,-0.0156,0.3114,1.4459%,1.6657%,24.6428%,0.0279519999999999,ILF,89190.0,2019-02-15,252.0,0.6634%,-0.0001,0.8209,-0.0278,0.2896,1.4440%,1.6578%,24.1296%,-0.004346,ILF,89190.0,2019-02-19,252.0,-0.1719%,-0.0001,0.8201,-0.0302,0.287,1.4443%,1.6571%,24.0336%,-0.004167,ILF,89190.0,2019-02-20,252.0,-0.4018%,-0.0002,0.8182,-0.034,0.2804,1.4449%,1.6572%,23.9803%,-0.007188,ILF,89190.0,2019-02-21,252.0,-0.0288%,-0.0002,0.8209,-0.0277,0.2853,1.4438%,1.6570%,24.0815%,0.00326,ILF,89190.0,2019-02-22,252.0,1.2684%,-0.0002,0.8191,-0.0238,0.2678,1.4457%,1.6588%,24.0473%,0.011594,ILF,89190.0,2019-02-25,252.0,-0.5693%,-0.0002,0.8209,-0.0189,0.2768,1.4433%,1.6570%,24.1300%,-0.006602,ILF,-0.013459,-0.002097,-0.0196179999999999,0.003988,0.000885
31643,ISHARES TRUST,Venezuela's Maduro Says European Union Is Not Listening To Venezuela,6,uncertain,0.5,0.5,"the statement from maduro may reflect geopolitical tensions that could impact market sentiment, but its direct effect on ishares trust's stock price is unclear without additional context on the fund's exposure to venezuela or related markets.",1,2019-02-08,ILF,2019-02-08 16:20:00+00:00,89190.0,46428739,-0.0026431763544678,861076.0,-0.0103061981499195,-0.0081562064588069,0.0223147869110107,-0.0343177914619445,-0.0148429023101925,0.0005629174993373,0.0242245122790336,0.0062304558232426,0.0066340747289359,-0.0025423769839107,-0.0017192369559779,0.0181190986186265,-0.0040183523669838,0.0163695234805345,-0.0002882459957618,0.0145313711836934,0.0126838413998484,-0.0248698834329843,-0.005693161394447,0.0017381625948473,0.0002862387918867,0.0029053543694317,-0.0040068514645099,0.0192477852106094,-0.0224137585610151,-0.0242704469710588,-0.0105820279568433,0.0034792381338775,-0.0026738012675195,0.0087745850905776,0.0062555582262575,0.0014645353658124,-0.0213143117725849,-0.0035025959368795,-0.0084695275872945,0.0061673740856349,0.0073215891607105,-0.0055491365492343,0.0314960889518261,0.0008770124404691,0.0032295007258653,0.0221092868596315,0.0111208977177739,0.0139352595433592,-0.010709086433053,-0.0015124939382076,0.0131656164303422,0.0254342332482338,0.0176148023456335,-0.0018575096037238,-0.0019864786881953,0.0480207502841949,0.0011373590677976,0.0039087599143385,-0.0170405711978673,0.0095363669097423,-0.0528749451041221,0.0069536119699478,0.0103721832856535,0.0247710030525922,0.0138889765366911,-0.0104097165167331,-0.0393092148005962,-0.0142336450517177,0.0195288620889186,0.0110441744327545,0.0103374933823943,-0.0128840859979391,0.0168522838503122,0.0059362319298088,-0.0053270286880433,-0.0135658327490091,-0.0074382624588906,-0.0105465585365891,0.0218824800103902,0.001600548857823,0.0117336912080645,0.0152745954692363,0.0118874981999397,0.0035877563059329,-0.0094556398689746,-0.0266666710376739,0.0046282862313091,-0.0116096902638673,-0.0181399676948785,0.0009422326111234,-0.0211142934858799,-0.0187981687486171,0.0014978799736127,0.0102740302681922,0.0065809516236186,-0.0027941681910306,-0.0074294200167059,0.0078222779557108,0.0086825471371412,0.0223927982151508,-0.0029681946616619,0.0313428156077861,0.0071450336836278,-0.0344058610498905,-0.0209873747080564,-0.0190625190734863,0.0117753446102142,0.0181355290114879,0.0044763213954865,-0.0352977737784385,-0.0044563733972609,-0.009124063886702,0.0008953326032496,0.0166976172477006,-0.0172928385436534,0.0176211278885603,-0.0009101571631617,0.0159846544265747,0.0109322993084788,-0.0215826909989118,-0.0165214538574218,-0.0175169501453638,-0.0131337903439998,-0.0006142646307125,-0.0103061981499195,-0.0081562064588069,0.0117786081455131,-0.0421940949283776,-0.0032391228947333,-0.0416549292234441,0.0276796960318397,-0.0381356573935639,0.0285630520362536,-0.0136153319915213,-0.0247349901050841,0.1554122814067655,-0.0485865087153583,0.0613527766515409,2019-02-11,2019-02-12,2019-02-13,2019-02-14,2019-02-15,2019-02-19,2019-02-20,2019-02-21,2019-02-22,2019-02-25,89190.0,2019-02-08,252.0,-0.2643%,-0.0001,0.8441,-0.0198,0.3402,1.4273%,1.6649%,26.5054%,-0.00122,ILF,89190.0,2019-02-11,252.0,-1.0306%,-0.0001,0.8399,-0.0323,0.3312,1.4293%,1.6548%,25.3880%,-0.012239,ILF,89190.0,2019-02-12,252.0,2.2315%,-0.0001,0.8436,-0.0287,0.3325,1.4310%,1.6577%,25.4811%,0.011362,ILF,89190.0,2019-02-13,252.0,-1.4843%,-0.0002,0.8407,-0.0308,0.3279,1.4352%,1.6588%,25.1437%,-0.017521,ILF,89190.0,2019-02-14,252.0,2.4225%,-0.0001,0.834,-0.0156,0.3114,1.4459%,1.6657%,24.6428%,0.0279519999999999,ILF,89190.0,2019-02-15,252.0,0.6634%,-0.0001,0.8209,-0.0278,0.2896,1.4440%,1.6578%,24.1296%,-0.004346,ILF,89190.0,2019-02-19,252.0,-0.1719%,-0.0001,0.8201,-0.0302,0.287,1.4443%,1.6571%,24.0336%,-0.004167,ILF,89190.0,2019-02-20,252.0,-0.4018%,-0.0002,0.8182,-0.034,0.2804,1.4449%,1.6572%,23.9803%,-0.007188,ILF,89190.0,2019-02-21,252.0,-0.0288%,-0.0002,0.8209,-0.0277,0.2853,1.4438%,1.6570%,24.0815%,0.00326,ILF,89190.0,2019-02-22,252.0,1.2684%,-0.0002,0.8191,-0.0238,0.2678,1.4457%,1.6588%,24.0473%,0.011594,ILF,89190.0,2019-02-25,252.0,-0.5693%,-0.0002,0.8209,-0.0189,0.2768,1.4433%,1.6570%,24.1300%,-0.006602,ILF,-0.013459,-0.002097,-0.0196179999999999,0.003988,0.000885
31651,INOGEN INC,"Inogen shares are trading lower after Muddy Waters released a short report on the company, saying management 'has created an egregiously false narrative about the Total Addressable Market (""TAM"") size and growth'.",6,decrease,0.8,0.7,"the release of a short report by muddy waters, which questions the company's narrative about its market size, is likely to undermine investor confidence and lead to a decline in stock price.",0,2019-02-08,INGN,2019-02-08 15:45:00+00:00,14459.0,45780L10,-0.0216115936636924,2059529.0,0.0400818884372711,-0.0300548449158668,-0.0291842054575681,0.0,-0.0141252940520644,-0.0479745864868164,0.0157971624284982,-0.0059120669029653,0.0263291094452142,0.0067455125972628,-0.0172668751329183,0.0094125745818018,0.0076734945178031,0.02483413182199,-0.0108176572248339,0.0031568969134241,0.0312252398580312,-0.0280815865844488,0.0076745329424738,0.0182707495987415,-0.0302568394690752,0.0293644480407238,-0.241182342171669,-0.0202754065394401,0.0111027508974075,-0.027576096355915,-0.004559816326946,0.0107042659074068,-0.0372067242860794,0.0162834543734788,-0.0037867694627493,0.0066116168163716,-0.0398635119199752,0.0392956137657165,-0.0129935918375849,0.0287166573107242,-0.0337345078587532,-0.039261482656002,0.0248004458844661,0.0349220633506774,-0.0045700296759605,0.0255273953080177,0.0166945550590753,-0.0216688476502895,-0.0108785424381494,0.0644253119826316,-0.013073194772005,0.0558904036879539,0.0062026525847613,-0.0169615633785724,0.0041793077252805,-0.0076507767662405,-0.0295495148748159,0.0137981288135051,0.015117441304028,-0.0026870304718613,-0.0481622032821178,-0.002112636109814,0.0184198394417762,0.0907559841871261,0.0093702403828501,-0.0213374886661768,-0.0010794308036565,-0.0025090924464166,0.0130754169076681,-0.0376352779567241,0.0172800291329622,-0.0655151382088661,-0.0432001948356628,0.0197572447359561,-0.0117260236293077,-0.03639417886734,0.0002217414439655,-0.0168383494019508,0.0246119871735572,-0.0249211620539426,0.0102792102843523,-0.00900708604604,-0.0046053365804255,-0.015376977622509,-0.0371207706630229,0.0064786146394908,0.0008939751423895,-0.0374169126152992,-0.0174165181815624,0.0051539591513574,-0.0361322611570358,-0.0428637601435184,-0.019922224804759,0.017983129248023,-0.0104643106460571,0.0227651223540306,-0.028685949742794,0.0201075915247201,-0.0152671905234456,-0.0079369926825165,0.0021603528875857,0.0032414307352155,0.0656860321760177,0.022185418754816,-0.0076154139824211,0.0053588640876114,-0.0053957384079694,-0.0245815552771091,0.0394213907420635,0.0299746114760637,0.0090466104447841,-0.0303351189941167,0.0034483110066503,0.0197108518332243,-0.0166094452142715,0.0506386309862136,0.0263250116258859,-0.0410234369337558,0.0405175313353538,-0.0140069434419274,0.0378490537405014,-0.0577739030122757,-0.0421440042555332,-0.0020160141866654,0.0400818884372711,-0.0300548449158668,0.0097279249124222,-0.0300548449158668,-0.0045347789395465,-0.0765875626459191,0.0378144986932538,-0.0758547741417084,0.0563925655374888,-0.0508727160487061,-0.3287010022689726,0.2385004347891963,-0.3333820945003258,-0.0609501487921702,2019-02-11,2019-02-12,2019-02-13,2019-02-14,2019-02-15,2019-02-19,2019-02-20,2019-02-21,2019-02-22,2019-02-25,14459.0,2019-02-08,252.0,-2.1612%,0.0005,1.0546,1.1037,-0.6102,2.7713%,3.1613%,23.1515%,-0.02758,INGN,14459.0,2019-02-11,252.0,4.0082%,0.0007,1.0588,1.1432,-0.5866,2.7786%,3.1631%,22.8355%,0.032625,INGN,14459.0,2019-02-12,252.0,-2.9184%,0.0005,1.0323,1.1438,-0.6003,2.7931%,3.1683%,22.2788%,-0.04491,INGN,14459.0,2019-02-13,252.0,-1.4125%,0.0004,1.0318,1.1374,-0.6057,2.7952%,3.1696%,22.2257%,-0.0173819999999999,INGN,14459.0,2019-02-14,252.0,1.5797%,0.0005,1.0301,1.1419,-0.6108,2.7956%,3.1708%,22.2653%,0.008436,INGN,14459.0,2019-02-15,252.0,2.6329%,0.0005,1.0429,1.1549,-0.5879,2.7969%,3.1741%,22.3520%,0.014667,INGN,14459.0,2019-02-19,252.0,-1.7267%,0.0004,1.0393,1.1407,-0.6036,2.8001%,3.1753%,22.2351%,-0.0209339999999999,INGN,14459.0,2019-02-20,252.0,0.7673%,0.0004,1.0385,1.1277,-0.6093,2.7956%,3.1704%,22.2444%,0.006409,INGN,14459.0,2019-02-21,252.0,-1.0818%,0.0002,1.0504,1.1502,-0.5874,2.7905%,3.1692%,22.4685%,-0.007687,INGN,14459.0,2019-02-22,252.0,3.1225%,0.0002,1.0499,1.13,-0.6115,2.7892%,3.1727%,22.7152%,0.009336,INGN,14459.0,2019-02-25,252.0,0.7675%,0.0002,1.0496,1.1259,-0.6148,2.7896%,3.1730%,22.7085%,0.007837,INGN,0.005045,-0.039865,-0.0572469999999999,-0.0341439999999999,-0.0391829999999999
31659,INOGEN INC,Muddy Waters Releases Short Report On Inogen,6,decrease,0.8,0.7,"muddy waters is known for releasing short reports that typically indicate negative sentiment towards a company's stock, which often leads to a decline in stock price.",0,2019-02-08,INGN,2019-02-08 15:44:00+00:00,14459.0,45780L10,-0.0216115936636924,2059529.0,0.0400818884372711,-0.0300548449158668,-0.0291842054575681,0.0,-0.0141252940520644,-0.0479745864868164,0.0157971624284982,-0.0059120669029653,0.0263291094452142,0.0067455125972628,-0.0172668751329183,0.0094125745818018,0.0076734945178031,0.02483413182199,-0.0108176572248339,0.0031568969134241,0.0312252398580312,-0.0280815865844488,0.0076745329424738,0.0182707495987415,-0.0302568394690752,0.0293644480407238,-0.241182342171669,-0.0202754065394401,0.0111027508974075,-0.027576096355915,-0.004559816326946,0.0107042659074068,-0.0372067242860794,0.0162834543734788,-0.0037867694627493,0.0066116168163716,-0.0398635119199752,0.0392956137657165,-0.0129935918375849,0.0287166573107242,-0.0337345078587532,-0.039261482656002,0.0248004458844661,0.0349220633506774,-0.0045700296759605,0.0255273953080177,0.0166945550590753,-0.0216688476502895,-0.0108785424381494,0.0644253119826316,-0.013073194772005,0.0558904036879539,0.0062026525847613,-0.0169615633785724,0.0041793077252805,-0.0076507767662405,-0.0295495148748159,0.0137981288135051,0.015117441304028,-0.0026870304718613,-0.0481622032821178,-0.002112636109814,0.0184198394417762,0.0907559841871261,0.0093702403828501,-0.0213374886661768,-0.0010794308036565,-0.0025090924464166,0.0130754169076681,-0.0376352779567241,0.0172800291329622,-0.0655151382088661,-0.0432001948356628,0.0197572447359561,-0.0117260236293077,-0.03639417886734,0.0002217414439655,-0.0168383494019508,0.0246119871735572,-0.0249211620539426,0.0102792102843523,-0.00900708604604,-0.0046053365804255,-0.015376977622509,-0.0371207706630229,0.0064786146394908,0.0008939751423895,-0.0374169126152992,-0.0174165181815624,0.0051539591513574,-0.0361322611570358,-0.0428637601435184,-0.019922224804759,0.017983129248023,-0.0104643106460571,0.0227651223540306,-0.028685949742794,0.0201075915247201,-0.0152671905234456,-0.0079369926825165,0.0021603528875857,0.0032414307352155,0.0656860321760177,0.022185418754816,-0.0076154139824211,0.0053588640876114,-0.0053957384079694,-0.0245815552771091,0.0394213907420635,0.0299746114760637,0.0090466104447841,-0.0303351189941167,0.0034483110066503,0.0197108518332243,-0.0166094452142715,0.0506386309862136,0.0263250116258859,-0.0410234369337558,0.0405175313353538,-0.0140069434419274,0.0378490537405014,-0.0577739030122757,-0.0421440042555332,-0.0020160141866654,0.0400818884372711,-0.0300548449158668,0.0097279249124222,-0.0300548449158668,-0.0045347789395465,-0.0765875626459191,0.0378144986932538,-0.0758547741417084,0.0563925655374888,-0.0508727160487061,-0.3287010022689726,0.2385004347891963,-0.3333820945003258,-0.0609501487921702,2019-02-11,2019-02-12,2019-02-13,2019-02-14,2019-02-15,2019-02-19,2019-02-20,2019-02-21,2019-02-22,2019-02-25,14459.0,2019-02-08,252.0,-2.1612%,0.0005,1.0546,1.1037,-0.6102,2.7713%,3.1613%,23.1515%,-0.02758,INGN,14459.0,2019-02-11,252.0,4.0082%,0.0007,1.0588,1.1432,-0.5866,2.7786%,3.1631%,22.8355%,0.032625,INGN,14459.0,2019-02-12,252.0,-2.9184%,0.0005,1.0323,1.1438,-0.6003,2.7931%,3.1683%,22.2788%,-0.04491,INGN,14459.0,2019-02-13,252.0,-1.4125%,0.0004,1.0318,1.1374,-0.6057,2.7952%,3.1696%,22.2257%,-0.0173819999999999,INGN,14459.0,2019-02-14,252.0,1.5797%,0.0005,1.0301,1.1419,-0.6108,2.7956%,3.1708%,22.2653%,0.008436,INGN,14459.0,2019-02-15,252.0,2.6329%,0.0005,1.0429,1.1549,-0.5879,2.7969%,3.1741%,22.3520%,0.014667,INGN,14459.0,2019-02-19,252.0,-1.7267%,0.0004,1.0393,1.1407,-0.6036,2.8001%,3.1753%,22.2351%,-0.0209339999999999,INGN,14459.0,2019-02-20,252.0,0.7673%,0.0004,1.0385,1.1277,-0.6093,2.7956%,3.1704%,22.2444%,0.006409,INGN,14459.0,2019-02-21,252.0,-1.0818%,0.0002,1.0504,1.1502,-0.5874,2.7905%,3.1692%,22.4685%,-0.007687,INGN,14459.0,2019-02-22,252.0,3.1225%,0.0002,1.0499,1.13,-0.6115,2.7892%,3.1727%,22.7152%,0.009336,INGN,14459.0,2019-02-25,252.0,0.7675%,0.0002,1.0496,1.1259,-0.6148,2.7896%,3.1730%,22.7085%,0.007837,INGN,0.005045,-0.039865,-0.0572469999999999,-0.0341439999999999,-0.0391829999999999
31667,INVESTORS TITLE CO,"Investors Title Q4 EPS $0.07 Down From $5.08 YoY, Sales $32.29M Down From $40.579M YoY",6,decrease,0.85,0.7,"the significant drop in both eps and sales year-over-year indicates poor financial performance, which is likely to negatively impact investor sentiment and lead to a decrease in stock price.",0,2019-02-08,ITIC,2019-02-08 13:30:00+00:00,10901.0,46180410,-0.0195374246686697,2229.0,-0.0290917586535215,0.0075350967235863,-0.004263075068593,-0.0063265212811529,0.0061162081547081,0.0040209041908383,-0.0012157869059592,-0.0009314648923464,0.0346926152706146,-0.0056157079525291,0.0199999641627073,-0.0011565197492018,-0.006920397747308,0.0201757904142141,0.0092915566638112,-0.0164781641215086,-0.0040276004001498,-0.0111875897273421,-0.0057192691601812,0.0109036359935998,0.005171108059585,-0.0020835781469941,-0.0108092203736305,-0.001213981769979,-0.004207334946841,0.001563248457387,0.0079220160841941,0.0002895873622037,-0.0089659607037901,0.0002896712685469,0.0098695373162627,-0.0016194261843338,-0.0253635887056589,-0.0011554720113053,-0.0211292430758476,-0.0046002748422324,0.0224389806389808,-0.004807208199054,0.0069776568561792,-0.0053505646064877,-0.0005330861313268,0.0195577461272478,0.0103105334565043,-0.0095987943932414,-0.0063343215733766,-0.002979967277497,-0.0154644977301359,0.0087871681898832,0.0113908508792519,-0.0157610476016998,-0.0034380666911602,-0.0052637122571468,0.0010004617506638,-0.0129058202728629,-0.0081300325691699,0.0026327650994062,-0.038974329829216,-0.019120855256915,-0.020183689892292,0.0581395365297794,0.0028698784299194,0.0040863803587853,-0.0079491259530186,0.0238479804247617,0.0025640635285526,-0.0246021170169115,0.0095907934010028,-0.015157600864768,0.0170995071530342,-0.018760573118925,0.0049812439829111,-0.0168928448110818,-0.0130110960453748,-0.0052889180369675,0.0106716696172952,-0.0090085668489336,-0.0031055901199579,-0.0003274618356954,-0.0058567128144204,0.0087540401145815,-0.0013787993229925,0.0025943983346223,0.0001255445822607,-0.0077774026431143,0.0052710613235831,-0.01254728063941,0.0025593237951397,-0.0112299788743257,0.0030509028583765,0.0049441000446677,0.0117938788607716,0.0158763006329536,0.0116564044728875,0.0020660841837525,0.0048514436930418,-0.0055107832886278,-0.0042244838550686,-0.0074297613464295,-0.0024242054205387,0.0061044548638165,-0.0036452375352382,0.0038105330895632,0.0,-5.15409374202136e-05,0.0213414635509252,-0.0016449496615678,0.014328321442008,0.0193889681249856,-0.0057680737227201,0.0259677525609731,-0.0024863732978701,-0.0277051907032728,-0.0130563620477914,0.0343895331025123,0.0018039870774373,0.0083969933912158,-0.0155462874099612,-0.0102536920458078,6.103143823565915e-05,-0.0117333168163895,-0.0290917586535215,0.0075350967235863,-0.0332308133710972,0.0011609044926559,-0.0273178517881169,0.0051864765692339,0.0052034349485119,-0.0013893950697906,0.0176797865512203,0.0004060274487667,-0.0706205136758939,0.0028488723279203,-0.0278263752245336,-0.0256712392318354,2019-02-11,2019-02-12,2019-02-13,2019-02-14,2019-02-15,2019-02-19,2019-02-20,2019-02-21,2019-02-22,2019-02-25,10901.0,2019-02-08,252.0,-1.9537%,-0.0002,0.3307,0.004,0.2198,1.2980%,1.3390%,6.0346%,-0.018465,ITIC,10901.0,2019-02-11,252.0,-2.9092%,-0.0003,0.3199,-0.0264,0.1977,1.3113%,1.3482%,5.3893%,-0.030187,ITIC,10901.0,2019-02-12,252.0,-0.4263%,-0.0003,0.3148,-0.0259,0.195,1.3123%,1.3478%,5.2078%,-0.008372,ITIC,10901.0,2019-02-13,252.0,0.6116%,-0.0003,0.3094,-0.0145,0.1983,1.3099%,1.3439%,5.0046%,0.0050139999999999,ITIC,10901.0,2019-02-14,252.0,-0.1216%,-0.0003,0.31,-0.0136,0.1959,1.3075%,1.3418%,5.0484%,0.00056,ITIC,10901.0,2019-02-15,252.0,3.4693%,-0.0002,0.3263,0.0044,0.2267,1.3211%,1.3582%,5.3909%,0.030183,ITIC,10901.0,2019-02-19,252.0,2.0000%,-0.0001,0.3312,0.0144,0.2376,1.3261%,1.3641%,5.4840%,0.018587,ITIC,10901.0,2019-02-20,252.0,-0.6920%,-0.0001,0.3288,0.0094,0.2291,1.3273%,1.3648%,5.4128%,-0.008988,ITIC,10901.0,2019-02-21,252.0,0.9292%,-0.0001,0.3259,0.006,0.2238,1.3291%,1.3659%,5.3068%,0.010942,ITIC,10901.0,2019-02-22,252.0,-0.4028%,-0.0001,0.3264,0.0039,0.2275,1.3292%,1.3661%,5.3239%,-0.00299,ITIC,10901.0,2019-02-25,252.0,-0.5719%,-0.0001,0.327,0.0073,0.2316,1.3294%,1.3663%,5.3365%,-0.005889,ITIC,-0.048652,-0.057024,-0.05201,-0.021267,-0.009605
31675,KELLOGG CO,"Pivotal Research Downgrades Kellogg to Hold, Lowers Price Target to $62",6,decrease,0.8,0.6,"a downgrade to 'hold' and a lower price target typically signal reduced investor confidence, which can lead to a decrease in stock price.",0,2019-02-08,K,2019-02-08 12:14:00+00:00,26825.0,48783610,-0.0085959807038307,5316907.0,0.005599666852504,-0.0561189949512481,0.0154481884092092,0.0003381883434485,0.0076065859757363,0.0037338973488658,-0.0066713001579046,0.0037478262092918,0.0037115425802767,-0.005253305658698,0.0110934535041451,0.0204045735299587,0.017938045784831,-0.0068692723289132,-0.0020530184265226,0.0018926464254036,-0.0274301767349243,0.005884391721338,-0.0188612677156925,0.002081146929413,0.0046711880713701,-0.0248604975640773,-0.0028612276073545,0.0073253884911537,0.0089670019224286,-0.0122833512723445,0.0103093115612864,0.0025303901638835,-0.0293807089328765,0.0027063575107604,0.0029298635199666,-0.0032035480253398,-0.0054774372838437,0.0131534067913889,-0.0031210202723741,-0.0006828425102867,0.0047882529906928,0.004975140094757,-0.0075146597810089,0.0058671291917562,0.0001846412051236,0.0010364721529185,-0.0101550817489624,0.0055584451183676,0.0037306614685803,0.0047120498493313,0.008548580110073,0.0098695373162627,0.0,0.001765577122569,0.0025796827394515,-0.0064900708384811,-0.005513678304851,-0.0041921688243746,0.0437996461987495,0.0019251069752499,0.0046034371480345,-0.0001750155061017,-0.0012337593361735,0.0238266177475452,0.0158814452588558,-0.0315752886235714,-0.0109432181343436,0.0055826883763074,0.000526915944647,-0.0233429707586765,0.0071967672556638,-0.0027187741361558,-0.023701649159193,-0.0064156856387853,0.0058907177299261,-0.0187210254371166,0.005501355510205,-0.0113021889701485,-0.00370630226098,0.0008196596172638,0.0062001501210033,0.0021357166115194,0.0123239569365978,0.0094527313485741,-0.0059130461886525,-0.008875754661858,0.0068229422904551,-0.0070181214250624,-0.0034752523060888,-0.0076125883497297,0.0038361155893653,-0.0218630749732255,0.0135487020015716,-0.0083268275484442,0.0006855341489426,0.015177889727056,-0.005137852858752,0.0103834113106131,0.006197290495038,0.0056224656291306,-0.0015397801762446,0.0121951214969158,0.0011994463857263,-0.0038872961886227,0.002396018942818,-0.0024236179888248,-0.0107563780620694,0.0029168741311877,0.0251985322684049,0.0003242090751882,0.0040403679013252,-0.00064799800748,0.0110663957893848,-0.0126359714195132,-0.0150912078097462,0.0009606367675587,-0.0338440537452697,-0.0151371667161583,-0.015859181061387,-0.0136859230697155,0.0164689272642135,-0.0109213823452591,-0.0043554008007049,-0.0026081339456141,0.005599666852504,-0.0561189949512481,0.0211343599702795,-0.0557997853977381,0.0289017062721721,-0.0522742387196361,0.0258309302060062,-0.0537196796534221,0.0054190607718411,-0.0315643379409015,0.0341604385809375,0.0003583007111724,0.0429199310466792,-0.1357581085528091,2019-02-11,2019-02-12,2019-02-13,2019-02-14,2019-02-15,2019-02-19,2019-02-20,2019-02-21,2019-02-22,2019-02-25,26825.0,2019-02-08,252.0,-0.8596%,-0.0004,0.331,-0.3147,0.0535,1.3838%,1.4370%,7.2660%,-0.008547,K,26825.0,2019-02-11,252.0,0.5600%,-0.0006,0.3888,-0.3595,0.0595,1.3570%,1.4266%,9.5281%,0.00699,K,26825.0,2019-02-12,252.0,1.5448%,-0.0006,0.3865,-0.3488,0.0564,1.3560%,1.4240%,9.3289%,0.010234,K,26825.0,2019-02-13,252.0,0.7607%,-0.0005,0.3923,-0.3555,0.057,1.3552%,1.4248%,9.5245%,0.006594,K,26825.0,2019-02-14,252.0,-0.6671%,-0.0005,0.3926,-0.3575,0.0598,1.3549%,1.4247%,9.5624%,-0.003768,K,26825.0,2019-02-15,252.0,0.3712%,-0.0005,0.3938,-0.3564,0.0618,1.3548%,1.4247%,9.5644%,-0.0002189999999999,K,26825.0,2019-02-19,252.0,1.1093%,-0.0006,0.3879,-0.3377,0.0834,1.3465%,1.4129%,9.1736%,0.011094,K,26825.0,2019-02-20,252.0,1.7938%,-0.0005,0.393,-0.326,0.1015,1.3512%,1.4176%,9.1477%,0.0173849999999999,K,26825.0,2019-02-21,252.0,-0.2053%,-0.0005,0.3938,-0.3243,0.1031,1.3511%,1.4176%,9.1613%,-0.000694,K,26825.0,2019-02-22,252.0,-2.7430%,-0.0005,0.3968,-0.3096,0.1527,1.3576%,1.4227%,8.9398%,-0.026791,K,26825.0,2019-02-25,252.0,-1.8861%,-0.0006,0.397,-0.2998,0.1584,1.3632%,1.4274%,8.7967%,-0.020087,K,-0.001557,0.0086769999999999,0.015271,0.0112839999999999,-0.007809
31683,KROGER CO,Buckingham Initiates Coverage On Kroger with Underperform Rating,6,decrease,0.8,0.6,"an 'underperform' rating typically signals to investors that the stock may not perform well compared to its peers, likely leading to a decrease in stock price.",0,2019-02-08,KR,2019-02-08 11:57:00+00:00,16678.0,50104410,-0.0124201690778136,4411798.0,-0.0100611094385385,-0.003888321109116,0.0373865962028503,-0.0003532975970301,0.0132959820330143,0.0064010806381702,0.0048342542722821,0.0017813019221648,0.0186464414000511,-0.0091775581240654,0.0016948893899098,0.0024769883602857,-0.0270727332681417,0.0064102672040462,-0.0059130461886525,-0.0049609988927841,-0.002099351491779,0.0035561334807425,0.0115708243101835,-0.0205502696335315,0.0024263325612992,-0.0181258786469698,0.0304287392646074,-0.0027285104151815,-0.0157717894762754,-0.0037377034313976,-0.0446641482412815,0.017283096909523,0.0221270136535167,0.0080139208585023,0.0097765605896711,0.0027952452655881,-0.016597494482994,0.0113074770197272,-0.0995077341794967,-0.0045726718381047,-0.0445139110088348,-0.0017555912490934,0.0081733046099543,0.01532977912575,-0.0077016837894916,-0.0144061790779233,0.0102124186232686,0.0193409379571676,0.0008087528403848,0.0093998638913035,-0.0157575514167547,0.0113345328718423,0.0077996151521801,0.0018315437482669,-0.0089612761512398,-0.0072727547958493,-0.0139745231717824,-0.002900649793446,0.0137557284906506,0.0073046297766268,0.0008223872282542,-0.0126217231154441,-0.0078061022795736,0.0424811691045761,0.0132505055516958,-0.0291970521211624,-0.0081732273101806,-0.0101156318560242,0.0070045352913439,-0.0194827932864427,0.0065466384403407,-0.011208395473659,-0.0048780827783048,-0.012793943285942,-0.0294117368757724,-0.0213197693228721,0.0016834599664434,-0.0070564849302172,-0.0050419722683727,0.0003361421404406,0.0092905117198824,0.0174418687820434,-0.0016735986573621,0.0156303867697715,0.0033528886269778,-0.0130270542576909,0.0434418953955173,-0.0131934843957424,0.0304243490099906,0.0321229100227356,-0.002719490788877,-0.0376344360411167,-0.007791225798428,0.0033715569879859,0.0039262026548385,-0.0230566784739494,-0.0011732021812349,0.0036363839171826,0.0093970149755477,0.0069906483404338,-0.0108611593022942,0.015894528478384,-0.010980418883264,-0.0040417932905256,0.0138778900727629,0.0054182135500013,0.0078216958791017,-0.0020276939030736,-0.0298797227442264,-0.0317408144474029,0.0227999873459339,0.0105820009484887,0.0082127880305051,0.006992976181209,-0.0077579813078045,-0.0085836984217166,0.0078186383470892,-0.0302740056067705,-0.0015516259009018,0.0003187223919667,-0.0011655278503894,-0.0006370994378812,0.0023337758611887,0.0012758853845298,-0.0100611094385385,-0.003888321109116,0.0269493361283803,-0.0042402449716418,0.0406036360503592,0.0021336935165392,0.0651315350612851,-0.0052947269128187,0.0416625481619872,-0.0184604237851763,-0.1280364054399169,0.0593984910070177,-0.0695444076589263,-0.096961799967856,2019-02-11,2019-02-12,2019-02-13,2019-02-14,2019-02-15,2019-02-19,2019-02-20,2019-02-21,2019-02-22,2019-02-25,16678.0,2019-02-08,252.0,-1.2420%,0.0004,0.7175,0.3576,0.9095,1.8911%,2.0296%,13.1844%,-0.007133,KR,16678.0,2019-02-11,252.0,-1.0061%,0.0004,0.6777,0.3738,0.8974,1.8853%,2.0096%,11.9914%,-0.015618,KR,16678.0,2019-02-12,252.0,3.7387%,0.0005,0.6964,0.3711,0.9074,1.8937%,2.0231%,12.3763%,0.029521,KR,16678.0,2019-02-13,252.0,1.3296%,0.0007,0.7082,0.3552,0.907,1.8894%,2.0218%,12.6695%,0.010388,KR,16678.0,2019-02-14,252.0,0.4834%,0.0006,0.7039,0.3589,0.9066,1.8788%,2.0110%,12.7106%,0.009635,KR,16678.0,2019-02-15,252.0,1.8646%,0.0006,0.7089,0.3639,0.9155,1.8790%,2.0123%,12.8104%,0.005343,KR,16678.0,2019-02-19,252.0,0.1695%,0.0005,0.7047,0.3661,0.9183,1.8780%,2.0106%,12.7575%,-0.003554,KR,16678.0,2019-02-20,252.0,-2.7073%,0.0004,0.6956,0.3492,0.887,1.8902%,2.0179%,12.2540%,-0.0343679999999999,KR,16678.0,2019-02-21,252.0,-0.5913%,0.0006,0.6835,0.324,0.8647,1.8774%,2.0006%,11.9373%,-0.001155,KR,16678.0,2019-02-22,252.0,-0.2099%,0.0006,0.6827,0.3318,0.8622,1.8773%,2.0006%,11.9466%,0.004287,KR,16678.0,2019-02-25,252.0,1.1571%,0.0007,0.6821,0.3252,0.8567,1.8787%,2.0013%,11.8762%,0.012862,KR,-0.022751,0.00677,0.017158,0.032136,0.010208
31691,LILLY ELI & CO,Eli Lilly Reports Will Initiate Divestiture Of Its Remaining Interest In Elanco Animal Health,6,decrease,0.7,0.6,"the divestiture of eli lilly's remaining interest in elanco animal health may signal a strategic shift that could be perceived negatively by investors, leading to a potential decrease in stock price.",0,2019-02-08,LLY,2019-02-08 11:49:00+00:00,50876.0,53245710,0.0178723279386758,16195395.0,-0.0132942842319607,-0.0148402508348226,0.0125412736088037,-0.0096321813762187,0.0013390548992902,0.0021636192686855,0.0145841911435127,-0.0059558376669883,0.0143271498382091,0.0085933487862348,-0.0028576592449098,0.0249700546264648,0.004339690785855,0.010630052536726,0.0004891370772384,0.0059115039184689,0.0104302372783422,0.000521854031831,-0.0008871016907505,-0.000173898981302,0.0062958979979157,-0.031989250332117,0.0081014046445488,0.0145187862217426,0.0048536011017858,0.0042885327711701,0.0201915856450796,-0.0215677004307508,-0.0107109379023313,0.0202054847031831,0.0080810170620679,-0.0024766700807958,-0.0140867391601204,0.0210149642080068,-0.0026839592028409,-0.0129110002890229,0.0028494587168097,0.002070017857477,-0.0252564884722232,-0.0108352247625589,0.0,0.0074781053699553,0.0065586846321821,0.0091949822381138,-0.0098945843055844,0.0054072481580078,0.0069873300381004,0.0300961825996637,0.0104889087378978,-0.0310759041458368,0.0107792913913726,-0.0072589349001646,0.0124023016542196,0.0133100198581814,0.0011703643249347,0.0116041945293545,-7.789344090269879e-05,0.0162031073123216,0.0122368829324841,0.0406557023525238,0.0088550793007016,-0.0244013722985982,-0.0171729493886232,0.0011894706403836,0.0013977842172607,0.0016497140750288,0.0062814857810735,0.0245070476084947,-0.0054715741425752,-0.0171650107949972,0.0020922452677041,-0.0318949297070503,-0.017553387209773,-0.0255093183368444,-0.0113341389223933,0.0045478772372007,0.0109863644465804,-0.0013974119210615,0.0013387338258326,0.0035936862695962,0.0006290830206125,0.0044901785440742,-0.0003929222293663,-0.0195096209645271,-0.0160390045493841,-0.0058359107933938,-0.0166999921202659,-0.0168747901916503,0.0082886749878525,-0.0010114863980561,-0.0332044064998626,0.0140170883387327,-0.0288429409265518,0.0127239786088466,-0.0111588248983025,0.0114690735936164,0.0023437871132045,0.0163730550557375,0.0174936912953853,-0.004341326188296,0.0043408130295574,0.0057025696150958,0.0019491809653118,-0.0217050015926361,0.0138712618499994,-0.0094119366258382,-0.002252475824207,0.0173943229019641,-0.0214046612381935,0.0145276729017496,0.0097402548417449,0.0217648614197969,0.0023692569229751,-0.017950901761651,-0.013084546662867,-0.007155455648899,-0.0022239510435611,0.0088227242231369,-0.014659228734672,0.0191644020378589,-0.0132942842319607,-0.0148402508348226,-0.0009197378791432,-0.0243294882233318,0.0004180854406339,-0.0222185087041635,0.0295505510837792,-0.0196896425826709,0.0414027890499242,0.021828004999201,0.0916698330191316,0.1007025757201274,-0.0338296917562487,0.0726784175667174,2019-02-11,2019-02-12,2019-02-13,2019-02-14,2019-02-15,2019-02-19,2019-02-20,2019-02-21,2019-02-22,2019-02-25,50876.0,2019-02-08,252.0,1.7872%,0.0019,0.7457,-0.5868,0.1876,1.1103%,1.3919%,36.3683%,0.018751,LLY,50876.0,2019-02-11,252.0,-1.3294%,0.0019,0.7387,-0.5976,0.1781,1.1131%,1.3780%,34.7532%,-0.010997,LLY,50876.0,2019-02-12,252.0,1.2541%,0.0019,0.7324,-0.5889,0.1733,1.1107%,1.3704%,34.3073%,0.002817,LLY,50876.0,2019-02-13,252.0,0.1339%,0.0019,0.7384,-0.6,0.1708,1.1073%,1.3703%,34.7016%,-0.00058,LLY,50876.0,2019-02-14,252.0,1.4584%,0.002,0.7344,-0.59,0.1593,1.1130%,1.3725%,34.2469%,0.020145,LLY,50876.0,2019-02-15,252.0,1.4327%,0.002,0.7327,-0.5909,0.1573,1.1128%,1.3709%,34.1176%,0.006639,LLY,50876.0,2019-02-19,252.0,-0.2858%,0.0019,0.731,-0.5931,0.155,1.1131%,1.3696%,33.9407%,-0.003108,LLY,50876.0,2019-02-20,252.0,0.4340%,0.0019,0.7303,-0.6,0.151,1.1106%,1.3681%,34.0970%,0.003303,LLY,50876.0,2019-02-21,252.0,0.0489%,0.002,0.7238,-0.6129,0.1391,1.1053%,1.3623%,34.1787%,0.003018,LLY,50876.0,2019-02-22,252.0,1.0430%,0.002,0.7228,-0.6185,0.1217,1.1061%,1.3633%,34.1684%,0.011041,LLY,50876.0,2019-02-25,252.0,-0.0887%,0.002,0.7221,-0.6165,0.1203,1.1060%,1.3628%,34.1303%,-0.0034599999999999,LLY,0.007754,0.010571,0.009991,0.036775,0.047569
31699,MASTERCARD INC,"Visa Raises Earthport Offer to $320M, Topping Mastercard Offer",6,decrease,0.8,0.6,"visa's increased offer for earthport suggests competitive pressure on mastercard, which may negatively impact investor sentiment and stock price.",0,2019-02-08,MA,2019-02-08 09:11:00+00:00,91233.0,57636Q10,0.0121979741379618,3248411.0,0.002400980098173,-0.0061774351634085,0.0083371605724096,-0.0025942628271877,0.0074459346942603,0.0044204406440258,-0.0033100377768278,0.0053328312933444,0.0104635963216424,0.0125041408464312,-0.0068434751592576,0.0348495282232761,0.0023573338985443,0.023991160094738,-0.0081407586112618,-0.0045963139273226,0.0182846654206514,-0.0136986235156655,0.0,0.0157666020095348,0.0030449249316006,0.0072598294354975,0.0025446754880249,-0.0055650286376476,0.0008905772701837,-0.0125742238014936,0.0110334819182753,0.0134965758770704,-0.0042244521901011,0.0077867889776825,-0.0003093025297857,0.0063606756739318,-0.0077358321286737,0.0055775041691958,-0.0091771623119711,-0.0023991896305233,-0.0024279868230223,-0.0053313178941607,0.0169919524341821,0.0060274438001215,0.0057614035904407,0.0181506425142288,0.0068740528076887,0.0072691012173891,0.004420107230544,0.0076939649879932,0.0072328164242208,0.0473562330007553,-0.0033741348888725,-0.0451144315302372,0.0026910677552223,0.0057779573835432,-0.0048482539132237,0.0133755384013056,0.026012422516942,-0.0134082287549972,-0.0216644797474145,0.0121225649490952,-0.0014733764110133,0.0674491822719574,0.0124554950743913,-0.003082416485995,-0.0033005659934133,-0.0411581397056579,0.0100636342540383,-0.0235677026212215,0.0025121192447841,-0.0234330426901578,0.0152898961678147,0.0060908566229045,0.0008784415549598,-0.0249833855777978,-0.0013792603276669,-0.0182448979467153,-0.0120118660852313,-0.0066403048112988,0.0024146714713424,0.0128956595435738,-0.0001267827319679,-0.0016156319761648,-0.0015236830804497,0.0079389186576008,0.0048747146502137,-0.0319720432162284,-0.0043027261272072,0.0124694490805268,0.0118200667202472,-0.0446487888693809,0.0013398319715633,0.0437160842120647,0.0039305980317294,0.0224245078861713,0.0037902605254203,-0.0277832467108964,-0.0004564340633805,0.0481915399432182,0.0089667635038495,0.0058899638243019,0.0018103370675817,0.0506571717560291,0.007392450235784,-0.0269636437296867,0.0013046081876382,0.0032075596973299,0.0043564676307141,-0.0117286620661616,0.0018242752412334,-0.0490353442728519,0.0287702847272157,-0.0083205290138721,-0.0215937905013561,0.0158417094498872,-0.006271346937865,-0.0029772233683615,0.0030745358671993,-0.0048709511756896,0.002782829105854,-0.0315144248306751,-0.0143983345478773,-0.0155128100886941,0.002400980098173,-0.0061774351634085,0.0107581580271922,-0.0087556721001844,0.0182841972635536,-0.0043739353849761,0.0255332847135045,0.013451409799968,0.0311201661432936,0.0709745677276383,0.0639024676011292,0.2272386830402322,0.1330791056838727,0.0262244036817289,2019-02-11,2019-02-12,2019-02-13,2019-02-14,2019-02-15,2019-02-19,2019-02-20,2019-02-21,2019-02-22,2019-02-25,91233.0,2019-02-08,252.0,1.2198%,0.0006,1.191,-0.3466,-0.899,0.8855%,1.8229%,76.4013%,0.0050339999999999,MA,91233.0,2019-02-11,252.0,0.2401%,0.0006,1.1952,-0.3447,-0.8958,0.8858%,1.7961%,75.6776%,0.004989,MA,91233.0,2019-02-12,252.0,0.8337%,0.0006,1.1835,-0.337,-0.9032,0.8853%,1.7884%,75.4960%,-0.009472,MA,91233.0,2019-02-13,252.0,0.7446%,0.0006,1.1854,-0.3386,-0.9024,0.8855%,1.7857%,75.4076%,0.004867,MA,91233.0,2019-02-14,252.0,-0.3310%,0.0005,1.1862,-0.3415,-0.8986,0.8854%,1.7847%,75.3860%,-0.004394,MA,91233.0,2019-02-15,252.0,1.0464%,0.0006,1.1867,-0.3408,-0.8976,0.8855%,1.7838%,75.3583%,0.002126,MA,91233.0,2019-02-19,252.0,-0.6843%,0.0006,1.1881,-0.3483,-0.9062,0.8847%,1.7831%,75.3837%,-0.0055169999999999,MA,91233.0,2019-02-20,252.0,0.2357%,0.0006,1.1889,-0.3498,-0.9043,0.8841%,1.7829%,75.4099%,0.00575,MA,91233.0,2019-02-21,252.0,-0.8141%,0.0005,1.1911,-0.3469,-0.9003,0.8850%,1.7837%,75.3813%,-0.006167,MA,91233.0,2019-02-22,252.0,1.8285%,0.0005,1.1908,-0.3365,-0.8933,0.8836%,1.7832%,75.4448%,-0.000884,MA,91233.0,2019-02-25,252.0,0.0000%,0.0005,1.1908,-0.3341,-0.8922,0.8842%,1.7832%,75.4136%,-0.004369,MA,0.010023,0.0005509999999999,0.0054179999999999,0.0031499999999999,-0.008037
31707,MACERICH CO,Wells Fargo Downgrades Macerich to Market Perform,6,decrease,0.8,0.7,"a downgrade from wells fargo typically signals reduced confidence in the company's performance, which is likely to lead to a decrease in stock price.",0,2019-02-08,MAC,2019-02-08 12:06:00+00:00,80399.0,55438210,0.0095727257430553,2466171.0,0.0122571401298046,-0.0454646125435829,0.0013708332553505,-0.0136294290423393,0.0088980011641979,0.0002199238369939,-0.0158299580216407,-0.0028502754867076,0.0039062078576534,-0.011915061622858,0.0116732008755207,-0.0060292589478194,0.0015837034443393,0.0021579300519078,0.0101102627813816,-0.0034408569335937,-0.0045496081002056,0.0078023541718721,0.0031993421725928,0.0255611836910247,-0.0161731857806444,0.0040169670246541,-0.0076406118459999,-0.0095048695802688,0.0172654651105403,-0.0224718488752841,-0.0149082047864794,0.0074009611271321,-0.0002328786067664,0.0070144608616828,0.0044248355552554,-0.0039301379583776,-0.0048690675757825,0.0164224989712238,-0.0086206654086709,-0.008580844849348,-0.0129259517416358,-0.0117417024448514,0.0188095457851886,-0.0101161729544401,0.0105164935812354,-0.0010750212240964,0.0048565929755568,0.0244492683559656,-0.0016110400902107,0.0264526791870594,-0.0172890722751617,0.0144495666027069,-0.000234626699239,0.0177403893321752,0.0018770960159599,-0.0101663274690508,0.0049180113710463,0.0032452340237796,0.0209741666913032,-0.0016199883539229,-0.0006848343764431,0.0076958490535616,-0.0130196372047066,0.045089017599821,0.0199028141796588,-0.0165388882160186,-0.0163376722484827,-0.0023911639582365,0.0013841147301718,-0.0224403720349073,-0.0013822016771882,-0.0470038019120693,-0.0055362829007208,0.0020089319441467,0.010670356452465,-0.0621729381382465,0.0004590419412124,-0.020705172792077,0.0048175975680351,0.0354489088058471,0.0095890862867236,-0.0448093898594379,-0.0133423823863267,-0.0143885137513279,-0.004813268315047,-0.0118483109399676,-0.0004605399444699,-0.0054987980984151,-0.0073732645250856,0.0272341836243867,0.0102135241031646,-0.021129535511136,-0.0119485398754477,0.0069596036337316,-0.0455813743174076,0.0045944773592054,0.0004873405850958,0.0066358703188598,0.0097417850047349,0.0211498718708753,-0.0267728082835674,-0.0049039204604923,0.021809197962284,0.004928087349981,-0.0009701895760372,-0.0006156121380627,-0.0145666059106588,0.003294211346656,0.0118255615234375,-0.0258724614977836,0.0068175988271832,0.0130028314888477,-0.0292623732239007,0.0117163341492414,-0.0029895100742578,-0.0498046725988388,0.029985025525093,-0.0017547309398651,0.0145560037344694,0.005686292424798,0.0129125043749809,-0.0023473969195038,-0.0259679481387138,0.0088810101151466,0.0122571401298046,-0.0454646125435829,0.0136447758804605,-0.0584743848753219,0.0226641882763281,-0.0582673209494156,0.01040695944476,-0.0721403390432359,0.032760141655592,-0.0480106643811086,0.0165276361712032,0.0438704124555882,-0.0293466924722969,-0.1547266018117724,2019-02-11,2019-02-12,2019-02-13,2019-02-14,2019-02-15,2019-02-19,2019-02-20,2019-02-21,2019-02-22,2019-02-25,80399.0,2019-02-08,252.0,0.9573%,-0.0011,0.613,0.181,0.0039,1.3680%,1.5262%,19.6494%,0.008949,MAC,80399.0,2019-02-11,252.0,1.2257%,-0.001,0.6042,0.2047,0.0121,1.3688%,1.5170%,18.5940%,0.010095,MAC,80399.0,2019-02-12,252.0,0.1371%,-0.0012,0.5839,0.2263,-0.0021,1.3566%,1.5000%,18.1974%,-0.006966,MAC,80399.0,2019-02-13,252.0,0.8898%,-0.0012,0.5848,0.228,0.0002,1.3576%,1.5005%,18.1391%,0.007029,MAC,80399.0,2019-02-14,252.0,-1.5830%,-0.0012,0.5883,0.22,0.0089,1.3608%,1.5034%,18.0773%,-0.015887,MAC,80399.0,2019-02-15,252.0,0.3906%,-0.0012,0.5838,0.2158,0.0013,1.3606%,1.5015%,17.8814%,-0.003434,MAC,80399.0,2019-02-19,252.0,1.1673%,-0.0011,0.5902,0.2168,0.0019,1.3599%,1.5031%,18.1430%,0.009834,MAC,80399.0,2019-02-20,252.0,0.1584%,-0.0011,0.5911,0.222,0.0061,1.3592%,1.5026%,18.1833%,-0.000125,MAC,80399.0,2019-02-21,252.0,1.0110%,-0.001,0.5868,0.2161,-0.002,1.3616%,1.5034%,17.9681%,0.012367,MAC,80399.0,2019-02-22,252.0,-0.4550%,-0.001,0.5869,0.2443,0.0249,1.3554%,1.4965%,17.9644%,-0.009682,MAC,80399.0,2019-02-25,252.0,0.3199%,-0.001,0.5887,0.2441,0.0314,1.3522%,1.4936%,18.0389%,0.002899,MAC,0.019044,0.0120779999999999,0.019107,-0.0002139999999999,0.015079
31715,MOTOROLA SOLUTIONS INC,"Motorola Solutions shares are trading higher after the company reported Q4 EPS of $2.63, beating the $2.53 estimate and Q4 sales of $2.254 billion, beating the $2.22 billion estimate.",6,increase,0.8,0.7,the positive earnings surprise and higher sales than expected are likely to boost investor confidence and drive the stock price up.,2,2019-02-08,MSI,2019-02-08 15:36:00+00:00,22779.0,62007630,0.14120714366436,4429326.0,-0.0087907398119568,-0.0150294573977589,0.0226561985909938,0.0087954690679907,0.0030607648659497,-0.0055810562334954,-0.0032693762332201,0.0141927879303693,0.0104964096099138,0.0124882301315665,0.0020197560079395,0.0008561433642171,0.0021596937440335,0.0094192558899521,-0.0058904336765408,0.0042523462325334,0.0114892432466149,-0.0081769404932856,0.0087870480492711,0.012109063565731,0.0030450581107288,0.0028831192757934,0.0095312492921948,-8.737779717193916e-05,0.0009090818930417,-0.0097750630229711,0.0034237389918416,0.016263723373413,-0.0112109230831265,-0.0069838762283325,-0.0028168584685772,-0.0105380807071924,-0.0093220854178071,0.0056462287902832,-0.0056315460242331,-0.0075861830264329,-0.00458813784644,-0.0132697988301515,0.0187251754105091,0.0120522882789373,-0.0088370451703667,-0.0280311144888401,0.005777443293482,0.0293712634593248,-0.0024820805992931,0.0046729054301977,0.0039260694757103,0.0433369018137455,-0.0009954450652003,-0.035023495554924,-0.0002846497227437,-0.0022601019591093,-0.0125303268432617,0.0248552411794662,0.0139870401471853,-0.0014233934925869,-0.014220705255866,0.0021396584343165,0.0,0.0293658524751663,0.0126947090029716,-0.024702426046133,-0.0073361741378903,-0.0326406620442867,-0.001291473628953,-0.0298194289207458,0.0088368104770779,-0.023299666121602,0.0064094085246324,-0.0109542235732078,0.0024765839334577,-0.0269246231764555,0.004376333206892,-0.0185974538326263,-0.0113149248063564,-0.0048368289135396,-0.0001420885382685,0.0061022187583148,-0.0002132715599145,-0.0010802421020343,0.0010665853042155,0.016231533139944,0.013638287782669,-0.017185540869832,0.0024527406785637,-0.0024600808974355,0.0012582500930875,-0.0277299620211124,0.0023738853633403,0.0193523298949003,0.0086368331685662,-0.0100316926836967,-0.0082176811993122,0.0038615467492491,-0.0018102946924045,0.0214230790734291,0.0053013009019196,0.0151527067646384,0.013530476950109,0.0242863241583108,0.0062983371317386,0.0019337511621415,-0.0098646990954875,0.0043700002133846,0.0049471021629869,-0.0215377397835254,-0.0068371393717825,-0.0286879185587167,-0.0024094097316265,0.0048690382391214,-0.015043874271214,0.0051270388066768,-0.002662296872586,0.0144207580015063,0.0089215943589806,-0.0007086883997544,-0.0093301516026258,-0.0205167457461357,-0.0037250407040119,0.0004629798640962,-0.0087907398119568,-0.0150294573977589,0.0136662940320955,-0.0063661794574189,0.0167688882106664,-0.01191170568537,0.0240822187369267,0.0146266274798181,0.0431411088076443,0.0333652913032864,0.0283231480254291,0.0885564934974787,0.0513907016931141,-0.0806085484131938,2019-02-11,2019-02-12,2019-02-13,2019-02-14,2019-02-15,2019-02-19,2019-02-20,2019-02-21,2019-02-22,2019-02-25,22779.0,2019-02-08,252.0,14.1207%,0.0009,0.7478,0.0673,-0.5346,1.2767%,1.6218%,38.0329%,0.13751,MSI,22779.0,2019-02-11,252.0,-0.8791%,0.0009,0.7338,0.067,-0.5422,1.2769%,1.6041%,36.6338%,-0.009152,MSI,22779.0,2019-02-12,252.0,2.2656%,0.001,0.7429,0.0632,-0.5369,1.2781%,1.6096%,36.9447%,0.011642,MSI,22779.0,2019-02-13,252.0,0.3061%,0.0009,0.7385,0.0706,-0.5355,1.2767%,1.6044%,36.6797%,0.001219,MSI,22779.0,2019-02-14,252.0,-0.3269%,0.0009,0.7399,0.0672,-0.5315,1.2772%,1.6044%,36.6222%,-0.005291,MSI,22779.0,2019-02-15,252.0,1.0496%,0.0008,0.7252,0.0544,-0.5548,1.2708%,1.5950%,36.5188%,0.004419,MSI,22779.0,2019-02-19,252.0,0.2020%,0.0009,0.7263,0.054,-0.5553,1.2707%,1.5939%,36.4410%,0.002048,MSI,22779.0,2019-02-20,252.0,0.2160%,0.0009,0.7273,0.0573,-0.5515,1.2708%,1.5938%,36.4291%,0.0036149999999999,MSI,22779.0,2019-02-21,252.0,-0.5890%,0.0009,0.7289,0.0594,-0.5485,1.2712%,1.5944%,36.4288%,-0.004528,MSI,22779.0,2019-02-22,252.0,1.1489%,0.0009,0.729,0.0645,-0.5419,1.2710%,1.5948%,36.4778%,-0.001738,MSI,22779.0,2019-02-25,252.0,0.8787%,0.0009,0.7283,0.0609,-0.5464,1.2711%,1.5953%,36.5154%,0.0067859999999999,MSI,0.128358,0.14,0.141219,0.140347,0.14653
31723,M S C INDUSTRIAL DIRECT INC,Stephens & Co. Downgrades MSC Industrial Direct Co to Equal-Weight,6,decrease,0.8,0.6,"a downgrade from stephens & co. typically signals reduced expectations for the company's performance, which can lead to a decrease in stock price.",0,2019-02-08,MSM,2019-02-08 14:02:00+00:00,82777.0,55353010,-0.0123040322214365,255768.0,0.0169760547578334,-0.0115655325353145,0.0162123944610357,0.0,0.0096903769299387,-0.0075730606913566,0.0004681755090132,0.0141605697572231,0.0097098052501678,-0.0019163497490808,-0.0006951403338462,-0.0085500683635473,-0.0081159062683582,0.0074171884916722,-0.0095850341022014,0.0138265546411275,0.0066092000342905,0.0023096865043044,0.0037519016768783,0.0123061770573258,-0.000700824195519,0.0,0.0047924723476171,-0.0226124282926321,-0.0180315896868705,-0.0021603493951261,-0.0068712453357875,0.0205781515687704,0.003697931068018,0.0208828076720237,-0.0004754090332426,-0.0023702897597104,0.0063020070083439,0.0091905239969491,-0.0144156161695718,0.0044258786365389,-0.0065939696505665,0.0055951480753719,0.0103789595887064,0.023025844246149,-0.0082417875528335,-0.013728505000472,0.0004817646113224,0.0143155409023165,-0.0123991668224334,0.0044081304222345,-0.0102389557287097,0.0300480779260397,0.0236453916877508,-0.0127884149551391,-0.0090230992063879,-0.0139105524867773,-0.0112905213609337,0.0103769991546869,0.0143663818016648,-0.0111702904105186,-0.0375257059931755,0.002996296621859,-0.0026411656290292,0.042509913444519,0.0155106643214821,-0.023345299065113,0.0096858162432909,-0.0080263242125511,0.0132825216278433,-0.0077033080160617,0.0038839627522975,-0.0198362302035093,0.01426671911031,-0.0152488863095641,-0.00143047736492,-0.0081250192597508,0.0039393799379467,-0.0119797606021165,-0.0033293552696704,-0.0058931335806846,0.0190885048359632,0.0148267475888133,0.0125263696536421,0.0008729229448363,-0.0250407811254262,-0.0258746016770601,-0.0252060759812593,-0.0200000032782554,-0.005882300902158,-0.003440513741225,0.0064102145843207,-0.056208673864603,0.0044096107594668,0.0081273419782519,0.0114634446799755,0.01245710067451,0.0094043733552098,-0.0073738116770982,-0.0039417324587702,0.0204909052699804,-0.0211056731641292,-0.0260458346456289,0.0160480849444866,0.0309194903820753,-0.0031348220072686,-0.0120579125359654,-0.0188678950071334,0.0177653618156909,0.0053007923997938,-0.0235106721520423,0.0118944644927978,-0.0165000967681407,0.0136937098577618,-0.0081274034455418,-0.0272564105689525,0.0254595670849084,0.0045470702461898,0.0019446142250671,0.0272816661745309,0.0045966622419655,-0.0167917553335428,-0.0012624884257093,-0.0390019528567791,-0.0088096186518669,0.0169760547578334,-0.0115655325353145,0.0334636717149954,-0.0115655325353145,0.0434783242373122,-0.0190510067468534,0.054103570084848,-0.0070666710813657,0.04555451101375,0.0201821227140872,-0.0315094597461526,0.1351309189421545,-0.0239111127445743,-0.0491979298888388,2019-02-11,2019-02-12,2019-02-13,2019-02-14,2019-02-15,2019-02-19,2019-02-20,2019-02-21,2019-02-22,2019-02-25,82777.0,2019-02-08,252.0,-1.2304%,-0.0002,1.0171,0.5637,0.4763,1.0712%,1.4997%,48.9829%,-0.01036,MSM,82777.0,2019-02-11,252.0,1.6976%,-0.0002,1.0254,0.5705,0.4843,1.0729%,1.4948%,48.4815%,0.010636,MSM,82777.0,2019-02-12,252.0,1.6212%,-0.0001,1.0303,0.5665,0.4875,1.0725%,1.4978%,48.7299%,0.002876,MSM,82777.0,2019-02-13,252.0,0.9690%,-0.0,1.0397,0.5531,0.4867,1.0668%,1.4981%,49.2882%,0.006024,MSM,82777.0,2019-02-14,252.0,0.0468%,-0.0,1.0391,0.5545,0.4851,1.0669%,1.4981%,49.2745%,0.002498,MSM,82777.0,2019-02-15,252.0,0.9710%,0.0,1.052,0.5655,0.5052,1.0599%,1.4993%,50.0272%,-0.005847,MSM,82777.0,2019-02-19,252.0,-0.0695%,0.0,1.0509,0.5618,0.5011,1.0605%,1.4983%,49.8992%,-0.0059499999999999,MSM,82777.0,2019-02-20,252.0,-0.8116%,-0.0,1.0479,0.5597,0.4917,1.0623%,1.4985%,49.7439%,-0.014205,MSM,82777.0,2019-02-21,252.0,-0.9585%,-0.0,1.0506,0.5644,0.4968,1.0622%,1.4995%,49.8184%,-0.004285,MSM,82777.0,2019-02-22,252.0,0.6609%,-0.0,1.0502,0.5632,0.4899,1.0624%,1.4999%,49.8278%,0.003879,MSM,82777.0,2019-02-25,252.0,0.3752%,0.0,1.0493,0.5602,0.4851,1.0619%,1.4991%,49.8261%,0.004423,MSM,0.000276,0.003152,0.009176,0.005827,-0.010311
31731,ARCELORMITTAL S A LUXEMBOURG,ArcelorMittal shares are trading lower after the company evacuated resident living near a dam in Brazil following the collapse of another company's dam which killed more than 300 people.,6,decrease,0.8,0.6,"the evacuation of residents due to safety concerns following a dam collapse is likely to negatively impact investor sentiment and confidence in arcelormittal, leading to a decrease in stock price.",0,2019-02-08,MT,2019-02-08 13:15:00+00:00,85261.0,03938L20,-0.0397553443908691,4496555.0,-0.0209280755370855,-0.0390428341925144,0.0195167325437068,0.0080406488850712,0.0264357291162014,-0.0112970909103751,-0.0226465463638305,0.0016764042666181,0.048614252358675,0.0153191750869154,-0.0203639212995767,0.0077187097631394,0.0291906166821718,0.0264084674417972,-0.0081650419160723,-0.012173943221569,0.0086655439808964,0.0008703419589437,0.0201889742165803,0.0723284780979156,-0.0202105063945055,0.0028076493181288,0.000429747684393,-0.0037295999936759,-0.0184708032757043,-0.0521431043744087,0.0118162119761109,0.0225937645882368,-0.0030277508776634,0.01374252140522,-0.0255965366959571,0.0013761783484369,-0.0097951609641313,-0.0131281539797782,-0.0287769511342048,0.0059199030511081,-0.0319444686174392,-0.0200803559273481,0.0234337523579597,-0.0040000067092478,0.0121495435014367,0.0135134784504771,0.0087719541043043,0.0296846628189086,-0.0265446193516254,0.0131578370928764,0.0145744923502206,0.0774683877825737,0.0352178066968917,-0.0232442785054445,-0.0031333793886005,-0.0217707194387912,0.0112258642911911,0.0043731853365898,-0.0222024861723184,-0.0067567275837063,-0.0576748624444007,-0.0138029940426349,-0.0144577948376536,0.0463147573173046,-0.0048899939283728,-0.0228710137307643,-0.0039312001317739,-0.0306604485958814,-0.005920120049268,-0.0004713966045528,0.0114143695682287,-0.0266177970916032,0.0525025352835655,0.0149045931175351,0.0088577447459101,-0.0083141019567847,0.0212569776922464,-0.0238954313099384,0.00723981205374,0.0004510703147388,0.0022461472544819,0.02781642973423,0.0067234253510832,0.0079439291730523,-0.0222618002444505,-0.0092592947185039,0.0150274066254496,-0.0208521801978349,-0.01480492670089,-0.0341506414115428,0.0277778059244155,-0.0379106849431991,0.0017723046476021,0.033522006124258,0.0207872316241264,0.003933573141694,0.0337955243885517,-0.0276243742555379,-0.0067057772539556,0.0580036379396915,-0.0236287489533424,-0.0275470502674579,-0.0133966924622654,0.0035103079862892,-0.0271572861820459,-0.0496246293187141,-0.023412812501192,0.0239111632108688,0.0027662271168082,-0.0487408898770809,0.0124138137325644,-0.0076581472530961,-0.0081744007766246,0.0004032350552733,-0.0242674313485622,0.0151452692225575,-0.0323791019618511,0.0070074228569865,0.0417070165276527,-0.0041051059961318,-0.0451582558453083,-0.0394321754574775,-0.0268162433058023,-0.0011815194739028,-0.0209280755370855,-0.0390428341925144,-0.0018197906462904,-0.0313161150286631,0.0245678309773373,-0.0422594249405997,0.0500455144352391,-0.0259574731364077,0.0805277770711718,0.0681287495715212,-0.0696086816004587,0.1399402145864281,-0.0919017525910785,-0.0984639628926816,2019-02-11,2019-02-12,2019-02-13,2019-02-14,2019-02-15,2019-02-19,2019-02-20,2019-02-21,2019-02-22,2019-02-25,85261.0,2019-02-08,252.0,-3.9755%,-0.0013,1.5133,0.4461,0.685,1.8000%,2.3634%,41.9956%,-0.036993,MT,85261.0,2019-02-11,252.0,-2.0928%,-0.0015,1.5167,0.4072,0.6658,1.8070%,2.3517%,40.9545%,-0.027667,MT,85261.0,2019-02-12,252.0,1.9517%,-0.0015,1.5151,0.4103,0.6644,1.8069%,2.3508%,40.9211%,-0.00016,MT,85261.0,2019-02-13,252.0,2.6436%,-0.0014,1.518,0.4145,0.6707,1.8126%,2.3546%,40.7395%,0.0213819999999999,MT,85261.0,2019-02-14,252.0,-2.2647%,-0.0015,1.5207,0.405,0.683,1.8123%,2.3549%,40.7742%,-0.017824,MT,85261.0,2019-02-15,252.0,4.8614%,-0.0015,1.5221,0.4093,0.6894,1.8163%,2.3561%,40.5711%,0.027039,MT,85261.0,2019-02-19,252.0,-2.0364%,-0.0015,1.5234,0.385,0.6619,1.8187%,2.3588%,40.5516%,-0.026611,MT,85261.0,2019-02-20,252.0,2.9191%,-0.0016,1.5268,0.3784,0.6703,1.8132%,2.3562%,40.7847%,0.021709,MT,85261.0,2019-02-21,252.0,-0.8165%,-0.0014,1.517,0.3586,0.6523,1.8053%,2.3437%,40.6669%,-0.000809,MT,85261.0,2019-02-22,252.0,0.8666%,-0.0014,1.5155,0.3683,0.644,1.8055%,2.3439%,40.6643%,0.0063219999999999,MT,85261.0,2019-02-25,252.0,2.0189%,-0.0014,1.5168,0.359,0.6439,1.8090%,2.3471%,40.5949%,0.019932,MT,-0.06466,-0.0648199999999999,-0.0434379999999999,-0.0342229999999999,-0.0136799999999999
31739,NEWPARK RESOURCES INC,"Newpark Resources shares are trading higher after the company reported Q4 EPS $0.11, beating the $0.10 consensus estimate and sales of $247.7 million, beating the $244.32 million analyst estimate.",6,increase,0.8,0.6,"the company beat both eps and sales estimates, which typically leads to positive investor sentiment and an increase in stock price.",2,2019-02-08,NR,2019-02-08 15:10:00+00:00,34673.0,65171850,0.1260606050491333,1402896.0,-0.0021527991630136,-0.0294117648154497,0.0129449712112546,-0.0196078512817621,-0.0266240667551755,0.0093131456524133,0.0240699462592601,0.0094006955623626,0.0010684005683287,0.0240673646330833,0.0074706184677779,-0.0035970902536064,0.0222457684576511,0.0072464277036488,-0.0362693704664707,0.0012091021053493,-0.0118280220776796,-0.0131264505907893,-0.0087051065638661,0.023199088871479,-0.0054883905686438,0.0036764380056411,-0.0044150068424642,-0.0227545537054538,-0.0199556872248649,-0.0222481936216354,0.0056561301462352,0.0401948764920234,-0.0123735219240188,0.0061274743638932,-0.0261958483606576,0.0024569414090365,-0.0292397662997245,0.0213300567120313,-0.0168675109744072,-0.0244798380881547,-0.0183823071420192,0.0,0.0174780748784542,0.0024540440645068,0.0147240301594138,0.0162093713879585,0.0374848172068595,0.0050125862471759,-0.0174824725836515,0.0513833798468112,-0.0094899078831076,0.0383037216961383,0.0419160984456539,0.0152777964249253,0.0149425426498055,0.0480349250137805,0.027180042117834,-0.0043478566221892,-0.0066151563078165,0.0391566604375839,-0.0543839894235134,-0.020649017766118,0.0199529472738504,0.0366972871124744,0.0322210229933261,-0.0180180016905069,-0.0211817752569913,0.0373831428587436,0.0296127833425998,-0.0243160873651504,0.0132743241265416,-0.0463768355548381,0.0141921527683734,0.0298507902771234,0.0053821518085896,0.0151515007019043,-0.0074946139939129,-0.032258104532957,0.0097086513414978,-0.0130245555192232,0.0170941036194562,0.0390977077186107,-0.0283613912761211,-0.024926695972681,-0.0194594915956258,-0.025714261457324,0.0198456794023513,-0.023709911853075,-0.0118918549269437,-0.0297699309885501,-0.0054704803042113,-0.0573979951441288,-0.0088008716702461,0.0195058640092611,0.0077691115438938,0.0039164763875305,-0.0187224764376878,0.0,-0.013468001037836,0.0281879249960184,0.0193401686847209,0.0108548067510128,-0.0066964752040803,-0.0391134545207023,-0.0370786450803279,-0.0278833713382482,-0.0058342167176306,0.0233462806791067,-0.1713615506887436,-0.055147036910057,0.0694051384925842,-0.0144927399232983,-0.0331125818192958,0.0109890298917889,0.0068492759019136,0.0554122850298881,-0.0027210859116166,0.0157068539410829,0.0150068392977118,-0.0242656525224447,0.0188171863555908,-0.0321384705603122,-0.0118733709678053,-0.0217654537409544,-0.0021527991630136,-0.0294117648154497,0.010764304125052,-0.0484429145867763,-0.016146352181722,-0.0395809248537369,0.0086114031638342,-0.007220266648961,-0.0193757020484681,0.0073260581333212,-0.0645856147513183,0.2614678988522105,-0.1937567402976793,-0.0024184376609915,2019-02-11,2019-02-12,2019-02-13,2019-02-14,2019-02-15,2019-02-19,2019-02-20,2019-02-21,2019-02-22,2019-02-25,34673.0,2019-02-08,252.0,12.6061%,0.0011,1.3208,1.4359,1.1635,2.3038%,2.7107%,27.7669%,0.132745,NR,34673.0,2019-02-11,252.0,-0.2153%,0.001,1.3248,1.4086,1.1508,2.3061%,2.7060%,27.3767%,-0.016255,NR,34673.0,2019-02-12,252.0,1.2945%,0.0011,1.3372,1.3895,1.1606,2.3007%,2.7057%,27.6977%,-0.003498,NR,34673.0,2019-02-13,252.0,-2.6624%,0.0009,1.3249,1.3968,1.1538,2.3079%,2.7070%,27.3078%,-0.032114,NR,34673.0,2019-02-14,252.0,2.4070%,0.001,1.3201,1.4112,1.1364,2.3113%,2.7096%,27.2420%,0.026181,NR,34673.0,2019-02-15,252.0,0.1068%,0.0009,1.2981,1.3888,1.0973,2.3156%,2.6997%,26.4356%,-0.022931,NR,34673.0,2019-02-19,252.0,0.7471%,0.0008,1.2961,1.3887,1.0974,2.3155%,2.6991%,26.4067%,-0.002415,NR,34673.0,2019-02-20,252.0,2.2246%,0.0009,1.2984,1.3922,1.1053,2.3162%,2.7016%,26.4976%,0.0105929999999999,NR,34673.0,2019-02-21,252.0,-3.6269%,0.0008,1.3041,1.3974,1.1159,2.3233%,2.7092%,26.4639%,-0.028048,NR,34673.0,2019-02-22,252.0,-1.1828%,0.0007,1.3058,1.3985,1.1367,2.3245%,2.7102%,26.4387%,-0.011687,NR,34673.0,2019-02-25,252.0,-0.8705%,0.0007,1.3075,1.4031,1.1457,2.3228%,2.7099%,26.5275%,-0.005082,NR,0.11649,0.112992,0.080878,0.084128,0.0474889999999999
31747,NUVASIVE INC,NuVasive shares are trading higher after a Financial Times report surfaced that detailed Smith & Nephew is in talks to buy NuVasive for over $3 billion.,6,increase,0.8,0.7,the news of a potential acquisition by smith & nephew for over $3 billion is likely to boost investor confidence and drive nuvasive's stock price higher.,2,2019-02-08,NUVA,2019-02-08 21:28:00+00:00,90188.0,67070410,-0.0192003399133682,601223.0,0.1325933337211609,0.0085845543071627,0.0349252112209796,-0.0130049232393503,-0.0043044076301157,0.0001970500889001,0.0115856500342488,0.032770212739706,0.0015384641010314,-0.0201435647904872,-0.0213346984237432,0.0289349444210529,-0.0334845148026943,0.005156765691936,0.0333814918994903,-0.0110159302130341,0.0190326552838087,-0.0054777935147285,-0.0044551426544785,0.0094204191118478,0.0068847080692648,0.0247639082372188,-0.0037607045378535,-0.0029294702690094,0.0106383450329303,-0.0047896616160869,-0.0071307634934782,0.0243173930794,0.001538990298286,0.0251476392149925,0.0010244386503472,-0.0144396973773837,0.0010233252542093,0.0304242242127656,0.0022150464355945,-0.0111989928409457,-0.0127507653087377,-0.011289631947875,0.0110211707651615,0.0343589186668396,-0.0584227629005909,0.0,0.0108538763597607,-0.020242067053914,-0.0125268567353487,-0.0919080600142479,0.0034432515967637,0.0266666505485773,-0.0061405119486153,0.0057767438702285,0.0141741344705224,-0.0219935458153486,-0.0084214517846703,0.0246020779013633,0.0242139529436826,-0.0047325012274086,-0.0119971828535199,0.0012360436376184,0.016071455553174,0.0188917201012373,0.0066783349029719,-0.0181368719786405,-0.0043645254336297,-0.0367281809449195,-0.01332629006356,-0.0281690694391727,0.009241166524589,-0.0048003070987761,-0.0154957044869661,-0.0201316960155963,-0.0060812048614025,-0.0357401557266712,0.0019794963300228,-0.0183437671512365,0.0073635028675198,-0.0083009079098701,0.0247815903276205,0.0001766175846569,-0.0038274393882602,0.0103516299277544,-0.0186866875737905,-0.0016037090681493,0.0108560351654887,-0.0300726182758808,0.0051056500524282,-0.0246122572571039,-0.003152921795845,-0.0478330589830875,0.0073801088146865,-0.0218244530260562,-0.0238967854529619,0.0206730291247367,-0.0371693708002567,0.0004810420796275,-0.0035264000762254,-0.006688994821161,0.0307320095598697,0.0091610364615917,0.0337910912930965,-0.0178373679518699,0.0274427495896816,0.0020562678109854,0.0069751590490341,0.0279674995690584,0.0111505296081304,0.0030989826191216,0.0100251007825136,-0.0042228084057569,0.0024813516065478,0.0178541578352451,0.0,0.0214454643428325,0.0267327185720205,0.0247447695583105,0.0118932472541928,0.0059181922115385,0.0398666150867939,-0.008285854011774,-0.0404765754938125,-0.0184683185070753,0.1325933337211609,0.0085845543071627,0.1721493951288459,-0.0045320104019962,0.1671039863288177,-0.0043358533461487,0.1824419948390789,0.0075788005411865,0.172552957289213,0.0346098412758506,0.1483350546413511,0.0604534277857042,0.2678102970416676,-0.1440189712026862,2019-02-11,2019-02-12,2019-02-13,2019-02-14,2019-02-15,2019-02-19,2019-02-20,2019-02-21,2019-02-22,2019-02-25,90188.0,2019-02-08,252.0,-1.9200%,0.0003,0.621,0.3255,-0.0198,1.9927%,2.1148%,11.2141%,-0.0202979999999999,NUVA,90188.0,2019-02-11,252.0,13.2593%,0.0008,0.6429,0.4798,0.0753,2.1511%,2.2682%,10.0669%,0.129521,NUVA,90188.0,2019-02-12,252.0,3.4925%,0.0009,0.6552,0.4824,0.0811,2.1569%,2.2778%,10.3315%,0.026114,NUVA,90188.0,2019-02-13,252.0,-0.4304%,0.0009,0.6556,0.4787,0.0786,2.1573%,2.2779%,10.3115%,-0.006585,NUVA,90188.0,2019-02-14,252.0,1.1586%,0.0009,0.6536,0.4843,0.0719,2.1580%,2.2788%,10.3245%,0.010829,NUVA,90188.0,2019-02-15,252.0,0.1538%,0.001,0.66,0.4892,0.0812,2.1567%,2.2787%,10.4251%,-0.0075029999999999,NUVA,90188.0,2019-02-19,252.0,-2.1335%,0.0008,0.6468,0.485,0.0776,2.1564%,2.2740%,10.0719%,-0.0243509999999999,NUVA,90188.0,2019-02-20,252.0,-3.3485%,0.0006,0.6364,0.4611,0.0403,2.1689%,2.2842%,9.8406%,-0.036307,NUVA,90188.0,2019-02-21,252.0,3.3381%,0.0008,0.625,0.4458,0.0192,2.1796%,2.2916%,9.5289%,0.036051,NUVA,90188.0,2019-02-22,252.0,1.9033%,0.0008,0.6231,0.4546,0.0037,2.1807%,2.2942%,9.6508%,0.0127,NUVA,90188.0,2019-02-25,252.0,-0.4455%,0.0009,0.6219,0.4559,-0.0,2.1800%,2.2936%,9.6616%,-0.004301,NUVA,0.109223,0.135337,0.128752,0.132078,0.11587
31755,NUVASIVE INC,Needham Downgrades NuVasive to Hold,6,decrease,0.8,0.6,"a downgrade from an analyst typically signals reduced expectations for the company's performance, which can lead to a decline in stock price.",0,2019-02-08,NUVA,2019-02-08 12:19:00+00:00,90188.0,67070410,-0.0192003399133682,601223.0,0.1325933337211609,0.0085845543071627,0.0349252112209796,-0.0130049232393503,-0.0043044076301157,0.0001970500889001,0.0115856500342488,0.032770212739706,0.0015384641010314,-0.0201435647904872,-0.0213346984237432,0.0289349444210529,-0.0334845148026943,0.005156765691936,0.0333814918994903,-0.0110159302130341,0.0190326552838087,-0.0054777935147285,-0.0044551426544785,0.0094204191118478,0.0068847080692648,0.0247639082372188,-0.0037607045378535,-0.0029294702690094,0.0106383450329303,-0.0047896616160869,-0.0071307634934782,0.0243173930794,0.001538990298286,0.0251476392149925,0.0010244386503472,-0.0144396973773837,0.0010233252542093,0.0304242242127656,0.0022150464355945,-0.0111989928409457,-0.0127507653087377,-0.011289631947875,0.0110211707651615,0.0343589186668396,-0.0584227629005909,0.0,0.0108538763597607,-0.020242067053914,-0.0125268567353487,-0.0919080600142479,0.0034432515967637,0.0266666505485773,-0.0061405119486153,0.0057767438702285,0.0141741344705224,-0.0219935458153486,-0.0084214517846703,0.0246020779013633,0.0242139529436826,-0.0047325012274086,-0.0119971828535199,0.0012360436376184,0.016071455553174,0.0188917201012373,0.0066783349029719,-0.0181368719786405,-0.0043645254336297,-0.0367281809449195,-0.01332629006356,-0.0281690694391727,0.009241166524589,-0.0048003070987761,-0.0154957044869661,-0.0201316960155963,-0.0060812048614025,-0.0357401557266712,0.0019794963300228,-0.0183437671512365,0.0073635028675198,-0.0083009079098701,0.0247815903276205,0.0001766175846569,-0.0038274393882602,0.0103516299277544,-0.0186866875737905,-0.0016037090681493,0.0108560351654887,-0.0300726182758808,0.0051056500524282,-0.0246122572571039,-0.003152921795845,-0.0478330589830875,0.0073801088146865,-0.0218244530260562,-0.0238967854529619,0.0206730291247367,-0.0371693708002567,0.0004810420796275,-0.0035264000762254,-0.006688994821161,0.0307320095598697,0.0091610364615917,0.0337910912930965,-0.0178373679518699,0.0274427495896816,0.0020562678109854,0.0069751590490341,0.0279674995690584,0.0111505296081304,0.0030989826191216,0.0100251007825136,-0.0042228084057569,0.0024813516065478,0.0178541578352451,0.0,0.0214454643428325,0.0267327185720205,0.0247447695583105,0.0118932472541928,0.0059181922115385,0.0398666150867939,-0.008285854011774,-0.0404765754938125,-0.0184683185070753,0.1325933337211609,0.0085845543071627,0.1721493951288459,-0.0045320104019962,0.1671039863288177,-0.0043358533461487,0.1824419948390789,0.0075788005411865,0.172552957289213,0.0346098412758506,0.1483350546413511,0.0604534277857042,0.2678102970416676,-0.1440189712026862,2019-02-11,2019-02-12,2019-02-13,2019-02-14,2019-02-15,2019-02-19,2019-02-20,2019-02-21,2019-02-22,2019-02-25,90188.0,2019-02-08,252.0,-1.9200%,0.0003,0.621,0.3255,-0.0198,1.9927%,2.1148%,11.2141%,-0.0202979999999999,NUVA,90188.0,2019-02-11,252.0,13.2593%,0.0008,0.6429,0.4798,0.0753,2.1511%,2.2682%,10.0669%,0.129521,NUVA,90188.0,2019-02-12,252.0,3.4925%,0.0009,0.6552,0.4824,0.0811,2.1569%,2.2778%,10.3315%,0.026114,NUVA,90188.0,2019-02-13,252.0,-0.4304%,0.0009,0.6556,0.4787,0.0786,2.1573%,2.2779%,10.3115%,-0.006585,NUVA,90188.0,2019-02-14,252.0,1.1586%,0.0009,0.6536,0.4843,0.0719,2.1580%,2.2788%,10.3245%,0.010829,NUVA,90188.0,2019-02-15,252.0,0.1538%,0.001,0.66,0.4892,0.0812,2.1567%,2.2787%,10.4251%,-0.0075029999999999,NUVA,90188.0,2019-02-19,252.0,-2.1335%,0.0008,0.6468,0.485,0.0776,2.1564%,2.2740%,10.0719%,-0.0243509999999999,NUVA,90188.0,2019-02-20,252.0,-3.3485%,0.0006,0.6364,0.4611,0.0403,2.1689%,2.2842%,9.8406%,-0.036307,NUVA,90188.0,2019-02-21,252.0,3.3381%,0.0008,0.625,0.4458,0.0192,2.1796%,2.2916%,9.5289%,0.036051,NUVA,90188.0,2019-02-22,252.0,1.9033%,0.0008,0.6231,0.4546,0.0037,2.1807%,2.2942%,9.6508%,0.0127,NUVA,90188.0,2019-02-25,252.0,-0.4455%,0.0009,0.6219,0.4559,-0.0,2.1800%,2.2936%,9.6616%,-0.004301,NUVA,0.109223,0.135337,0.128752,0.132078,0.11587
31763,N X P SEMICONDUCTORS N V,"UPDATE: Mizuho Downgrades NXP Semiconductors As Firm Notes 'With NXPI up 40% from the December lows, we believe high China auto inventory and Europe WLTP could present challenges and limit upside'",6,decrease,0.8,0.6,"the downgrade by mizuho, citing challenges such as high china auto inventory and regulatory issues in europe, is likely to negatively impact investor sentiment and lead to a decrease in nxp semiconductors' stock price.",0,2019-02-08,NXPI,2019-02-08 15:46:00+00:00,12084.0,N6596X10,-0.0354899279773235,5585162.0,0.0198834165930748,-0.0186045821756124,0.0445938743650913,0.0244902390986681,-0.0144803822040557,0.0173619054257869,-0.0014148590853437,0.0033936132676899,0.0140599552541971,0.0157417301088571,-0.0058039650321006,-0.0078659644350409,0.0189189184457063,0.0230931118130683,0.0010609917808324,0.0009338571107946,0.0016958522610366,0.0049273325130343,0.027827713638544,0.0117507167160511,-0.031295046210289,0.0678073316812515,-0.0241232383996248,-0.0024022608995437,-0.0055537638254463,-0.0210422649979591,0.0320849791169166,0.020849147811532,-0.0081697255373001,0.0102119361981749,-0.0019255487713962,0.0034583916421979,-0.0152197834104299,-0.0068693668581545,0.0239443257451057,-0.0109461843967437,-0.0095663424581289,-0.0068723657168447,0.01180509198457,0.0011257985606789,-0.0030759538058191,0.0457875430583953,-0.0062772245146334,0.005657154135406,-0.0058886837214231,0.007422202732414,0.0084006329998373,0.0483534187078476,-0.0118869207799434,-0.040783654898405,0.0059608006849884,0.0238810051232576,-0.0192846469581127,0.015943456441164,0.0358123928308486,-0.0120532102882862,-0.038498219102621,0.0172774922102689,-0.0190823208540678,0.0599615648388862,0.0040481346659362,-0.0373897850513458,-0.0217269845306873,-0.0223766602575779,-0.0163709260523319,0.0089748902246356,0.0287476871162653,-0.0740164220333099,0.0678809806704521,0.0231168530881404,-0.0169509314000606,-0.0296506769955158,0.0365341007709503,-0.0159837901592254,0.0040548904798924,-0.0082768499851226,0.0163612086325883,0.0109026450663805,0.0046866945922374,0.0378946997225284,-0.0103438217192888,-0.0065359477885067,0.0055333632044494,-0.0676417201757431,-0.0048914272338151,0.0028110896237194,0.0275473091751337,-0.0449398681521415,-0.0110623184591531,0.0275878049433231,0.0144109670072794,0.0055481735616922,0.0050665060989558,-0.0013248973991721,-0.0057329428382217,0.0263320226222276,-0.0210756063461303,-0.0128142908215522,0.0056869862601161,-0.0081103760749101,0.0111077297478914,-0.0063747749663889,-0.0244681611657142,0.0212504062801599,0.0135135101154446,0.0006145901279523,-0.011111095547676,-0.0424855910241603,0.0788559839129448,0.0041361199691891,-0.0059648253954946,0.0309454295784235,0.0153347998857498,0.0040367194451391,0.0138837089762091,0.031155414879322,-0.0190600026398897,-0.0526945106685161,-0.0335785485804081,-0.0109903132542967,0.0198834165930748,-0.0186045821756124,0.0653639695396663,0.0054300262572439,0.049937092074302,0.0228862072853688,0.0631927613280436,0.0425141300530178,0.1100445308125745,0.0769139885771852,0.0189473716968213,0.3399793889795719,0.1739721779254828,0.0756055135272553,2019-02-11,2019-02-12,2019-02-13,2019-02-14,2019-02-15,2019-02-19,2019-02-20,2019-02-21,2019-02-22,2019-02-25,12084.0,2019-02-08,252.0,-3.5490%,-0.0011,1.0902,0.5995,-0.2005,2.2454%,2.5944%,25.0905%,-0.038508,NXPI,12084.0,2019-02-11,252.0,1.9883%,-0.0012,1.1374,0.5761,-0.1884,2.2373%,2.5975%,25.8161%,0.014761,NXPI,12084.0,2019-02-12,252.0,4.4594%,-0.001,1.1603,0.5686,-0.1754,2.2436%,2.6131%,26.2800%,0.028589,NXPI,12084.0,2019-02-13,252.0,-1.4480%,-0.001,1.1606,0.5612,-0.1809,2.2459%,2.6142%,26.1952%,-0.0180479999999999,NXPI,12084.0,2019-02-14,252.0,-0.1415%,-0.001,1.1615,0.5604,-0.1806,2.2455%,2.6142%,26.2150%,-0.003045,NXPI,12084.0,2019-02-15,252.0,1.4060%,-0.0009,1.1862,0.5827,-0.1403,2.2381%,2.6149%,26.7463%,0.000302,NXPI,12084.0,2019-02-19,252.0,-0.5804%,-0.0009,1.1831,0.5793,-0.1438,2.2385%,2.6126%,26.5832%,-0.009427,NXPI,12084.0,2019-02-20,252.0,1.8919%,-0.0009,1.1867,0.5819,-0.1325,2.2398%,2.6139%,26.5784%,0.016087,NXPI,12084.0,2019-02-21,252.0,0.1061%,-0.0012,1.2104,0.6317,-0.0891,2.1963%,2.5862%,27.8761%,0.005455,NXPI,12084.0,2019-02-22,252.0,0.1696%,-0.0012,1.212,0.627,-0.0751,2.1971%,2.5862%,27.8234%,-0.011056,NXPI,12084.0,2019-02-25,252.0,2.7828%,-0.0011,1.212,0.6129,-0.0824,2.2045%,2.5924%,27.6891%,0.027405,NXPI,-0.023747,0.004842,-0.0132059999999999,-0.0159489999999999,0.012515
31771,N X P SEMICONDUCTORS N V,Mizuho Downgrades NXP Semiconductors to Neutral,6,decrease,0.8,0.6,"a downgrade from mizuho typically signals reduced expectations for the company's performance, which can lead to a decline in stock price.",0,2019-02-08,NXPI,2019-02-08 12:18:00+00:00,12084.0,N6596X10,-0.0354899279773235,5585162.0,0.0198834165930748,-0.0186045821756124,0.0445938743650913,0.0244902390986681,-0.0144803822040557,0.0173619054257869,-0.0014148590853437,0.0033936132676899,0.0140599552541971,0.0157417301088571,-0.0058039650321006,-0.0078659644350409,0.0189189184457063,0.0230931118130683,0.0010609917808324,0.0009338571107946,0.0016958522610366,0.0049273325130343,0.027827713638544,0.0117507167160511,-0.031295046210289,0.0678073316812515,-0.0241232383996248,-0.0024022608995437,-0.0055537638254463,-0.0210422649979591,0.0320849791169166,0.020849147811532,-0.0081697255373001,0.0102119361981749,-0.0019255487713962,0.0034583916421979,-0.0152197834104299,-0.0068693668581545,0.0239443257451057,-0.0109461843967437,-0.0095663424581289,-0.0068723657168447,0.01180509198457,0.0011257985606789,-0.0030759538058191,0.0457875430583953,-0.0062772245146334,0.005657154135406,-0.0058886837214231,0.007422202732414,0.0084006329998373,0.0483534187078476,-0.0118869207799434,-0.040783654898405,0.0059608006849884,0.0238810051232576,-0.0192846469581127,0.015943456441164,0.0358123928308486,-0.0120532102882862,-0.038498219102621,0.0172774922102689,-0.0190823208540678,0.0599615648388862,0.0040481346659362,-0.0373897850513458,-0.0217269845306873,-0.0223766602575779,-0.0163709260523319,0.0089748902246356,0.0287476871162653,-0.0740164220333099,0.0678809806704521,0.0231168530881404,-0.0169509314000606,-0.0296506769955158,0.0365341007709503,-0.0159837901592254,0.0040548904798924,-0.0082768499851226,0.0163612086325883,0.0109026450663805,0.0046866945922374,0.0378946997225284,-0.0103438217192888,-0.0065359477885067,0.0055333632044494,-0.0676417201757431,-0.0048914272338151,0.0028110896237194,0.0275473091751337,-0.0449398681521415,-0.0110623184591531,0.0275878049433231,0.0144109670072794,0.0055481735616922,0.0050665060989558,-0.0013248973991721,-0.0057329428382217,0.0263320226222276,-0.0210756063461303,-0.0128142908215522,0.0056869862601161,-0.0081103760749101,0.0111077297478914,-0.0063747749663889,-0.0244681611657142,0.0212504062801599,0.0135135101154446,0.0006145901279523,-0.011111095547676,-0.0424855910241603,0.0788559839129448,0.0041361199691891,-0.0059648253954946,0.0309454295784235,0.0153347998857498,0.0040367194451391,0.0138837089762091,0.031155414879322,-0.0190600026398897,-0.0526945106685161,-0.0335785485804081,-0.0109903132542967,0.0198834165930748,-0.0186045821756124,0.0653639695396663,0.0054300262572439,0.049937092074302,0.0228862072853688,0.0631927613280436,0.0425141300530178,0.1100445308125745,0.0769139885771852,0.0189473716968213,0.3399793889795719,0.1739721779254828,0.0756055135272553,2019-02-11,2019-02-12,2019-02-13,2019-02-14,2019-02-15,2019-02-19,2019-02-20,2019-02-21,2019-02-22,2019-02-25,12084.0,2019-02-08,252.0,-3.5490%,-0.0011,1.0902,0.5995,-0.2005,2.2454%,2.5944%,25.0905%,-0.038508,NXPI,12084.0,2019-02-11,252.0,1.9883%,-0.0012,1.1374,0.5761,-0.1884,2.2373%,2.5975%,25.8161%,0.014761,NXPI,12084.0,2019-02-12,252.0,4.4594%,-0.001,1.1603,0.5686,-0.1754,2.2436%,2.6131%,26.2800%,0.028589,NXPI,12084.0,2019-02-13,252.0,-1.4480%,-0.001,1.1606,0.5612,-0.1809,2.2459%,2.6142%,26.1952%,-0.0180479999999999,NXPI,12084.0,2019-02-14,252.0,-0.1415%,-0.001,1.1615,0.5604,-0.1806,2.2455%,2.6142%,26.2150%,-0.003045,NXPI,12084.0,2019-02-15,252.0,1.4060%,-0.0009,1.1862,0.5827,-0.1403,2.2381%,2.6149%,26.7463%,0.000302,NXPI,12084.0,2019-02-19,252.0,-0.5804%,-0.0009,1.1831,0.5793,-0.1438,2.2385%,2.6126%,26.5832%,-0.009427,NXPI,12084.0,2019-02-20,252.0,1.8919%,-0.0009,1.1867,0.5819,-0.1325,2.2398%,2.6139%,26.5784%,0.016087,NXPI,12084.0,2019-02-21,252.0,0.1061%,-0.0012,1.2104,0.6317,-0.0891,2.1963%,2.5862%,27.8761%,0.005455,NXPI,12084.0,2019-02-22,252.0,0.1696%,-0.0012,1.212,0.627,-0.0751,2.1971%,2.5862%,27.8234%,-0.011056,NXPI,12084.0,2019-02-25,252.0,2.7828%,-0.0011,1.212,0.6129,-0.0824,2.2045%,2.5924%,27.6891%,0.027405,NXPI,-0.023747,0.004842,-0.0132059999999999,-0.0159489999999999,0.012515
31779,OMNICELL INC,Omnicell shares are trading higher after the company provided reported Q4 EPS and sales above last year's figures; the company also issued FY19 sales guidance above estimates.,6,increase,0.85,0.7,"the positive earnings report and higher sales guidance typically lead to increased investor confidence, which is likely to drive the stock price up.",2,2019-02-08,OMCL,2019-02-08 17:02:00+00:00,89110.0,68213N10,0.1788181364536285,1720685.0,0.0292968731373548,0.0001535483024781,-0.0030361225362867,-0.0205984469503164,0.0012689520372077,-0.0015012531075626,0.0201494898647069,0.033674705773592,0.0250931251794099,-0.0105941174551844,0.0058168126270174,0.0338094793260097,0.0138554396107792,0.0025461465120315,0.0121211716905236,-0.0168960895389318,0.0119760986417532,-0.0325412675738334,-0.0226244870573282,0.021490404382348,-0.0087844002991914,0.0043478067964315,0.0058682379312813,-0.0152905192226171,0.0114299217239022,-0.032687459141016,0.0032961319666355,0.0163861103355884,-0.0041066068224608,0.0031669293530285,-0.0071866237558424,-0.0024071559309959,-0.0306158103048801,0.0284698139876127,0.0074672615155577,0.0031040967442095,0.0127581460401415,-0.0130208097398281,0.0075585469603538,0.0100572733208537,-0.0003573042049538,0.0133270379155874,0.0114354584366083,0.0377481244504451,-0.0036509854253381,0.0158677529543638,0.001654839143157,0.0275135692209005,-0.0168751515448093,-0.0178482010960578,0.0136838247999548,-0.0210646782070398,-0.0197749938815832,0.012566172517836,0.0240395981818437,0.0043174745514988,-0.0566237531602382,0.013975447975099,-0.0027510467916727,0.0424784645438194,0.0121630243957042,-0.0248202160000801,-0.0081764571368694,-0.0358145236968994,0.002248317701742,-0.0216373354196548,0.0074775484390556,-0.0285490155220031,-0.0076694106683135,0.0018858860712498,-0.0042383940890431,-0.0399818606674671,0.0066350330598652,-0.043440643697977,-0.0054719862528145,-0.0149274310097098,0.0098787155002355,0.0064386455342173,-0.0008667618967592,-0.0093551184982061,0.0019828483927994,0.0103107718750834,0.0144712207838892,-0.0107663199305534,-0.007315270602703,-0.0552730821073055,0.0035617898683995,-0.0227569695562124,-0.0091788033023476,-0.009970273822546,-0.0389081202447414,0.017121072858572,-0.078910157084465,-0.0040660751983523,-0.0040463362820446,0.0445266477763652,0.0100868763402104,0.0032989396713674,0.0442441403865814,0.0069204154424369,0.0286890156567096,0.0223574619740247,-0.0010328496573492,-0.0060478243976831,0.0081426547840237,-0.0087830033153295,0.0388461388647556,-0.0149683654308319,-0.0082685202360153,0.026356628164649,0.0016176861245185,0.0254371222108602,0.0170207824558019,-0.0100156953558325,0.0147813223302364,-0.0073853749781847,0.0086674038320779,-0.0193593222647905,-0.0258980561047792,-0.0211314987391233,0.0292968731373548,0.0001535483024781,0.0261718017042931,-0.0204480615044011,0.0274739645025909,-0.0219186168960866,0.0744790784299729,0.0003071426106098,0.0968749260272816,0.0072665592318597,0.0384114161827962,0.1435843437830049,0.0627604150866829,-0.111792738300696,2019-02-11,2019-02-12,2019-02-13,2019-02-14,2019-02-15,2019-02-19,2019-02-20,2019-02-21,2019-02-22,2019-02-25,89110.0,2019-02-08,252.0,17.8818%,0.0023,1.0199,0.452,-0.0932,1.9472%,2.2719%,26.5388%,0.177849,OMCL,89110.0,2019-02-11,252.0,2.9297%,0.0026,0.9857,0.5152,-0.0769,1.9431%,2.2423%,24.9062%,0.025,OMCL,89110.0,2019-02-12,252.0,-0.3036%,0.0024,0.9698,0.5213,-0.0861,1.9459%,2.2393%,24.4816%,-0.0167749999999999,OMCL,89110.0,2019-02-13,252.0,0.1269%,0.0024,0.9642,0.5292,-0.0858,1.9449%,2.2351%,24.2829%,-0.001799,OMCL,89110.0,2019-02-14,252.0,2.0149%,0.0025,0.9607,0.5383,-0.0965,1.9473%,2.2377%,24.2767%,0.018825,OMCL,89110.0,2019-02-15,252.0,2.5093%,0.0025,0.9631,0.5416,-0.091,1.9481%,2.2382%,24.2430%,0.0132539999999999,OMCL,89110.0,2019-02-19,252.0,0.5817%,0.0024,0.9584,0.5484,-0.0831,1.9458%,2.2321%,24.0127%,0.002589,OMCL,89110.0,2019-02-20,252.0,1.3855%,0.0025,0.9617,0.5597,-0.0703,1.9457%,2.2327%,24.0626%,0.011185,OMCL,89110.0,2019-02-21,252.0,1.2121%,0.0026,0.9589,0.5569,-0.0756,1.9475%,2.2330%,23.9413%,0.01581,OMCL,89110.0,2019-02-22,252.0,1.1976%,0.0026,0.9585,0.5696,-0.068,1.9465%,2.2329%,24.0065%,0.00147,OMCL,89110.0,2019-02-25,252.0,-2.2624%,0.0024,0.96,0.5836,-0.0552,1.9517%,2.2374%,23.9125%,-0.022804,OMCL,0.202849,0.186074,0.184275,0.216354,0.224604
31787,ORACLE CORP,'Oracle's Pay Bias Suit Sparks NYC Call for SEC Investigation' -Recent Article From Bloomberg Law,6,decrease,0.7,0.6,the news about a pay bias lawsuit and a call for sec investigation could negatively impact investor sentiment and raise concerns about oracle's corporate governance and financial stability.,0,2019-02-08,ORCL,2019-02-08 20:33:00+00:00,10104.0,68389X10,0.016128983348608,11535561.0,0.0039192782714962,-0.0202886685729026,-0.0001951653684955,0.0003902545431628,0.0039046651218086,0.004115283023566,0.0011668879305943,0.0043298052623867,0.0046620373614132,0.0115469209849834,0.0058004492893815,-0.0025814350228756,-0.0048058438114821,0.0151179200038313,0.0065675131045281,0.0018174505094066,0.0071003441698849,-0.0056224656291306,0.001524425111711,0.0121950907632708,0.0007609798340126,-0.000812366255559,-0.0041824602521955,0.0061300178058445,-0.0047728139907121,-0.0066978246904909,0.0072894156910479,0.0142033472657203,-0.0089506274089217,0.010819817893207,0.0061491099186241,-0.0066142971627414,-0.0001910262799356,0.0080946609377861,0.0043935696594417,-0.0022779169958084,0.0036135150585323,0.0098285488784313,-0.0020845292601734,0.0008371895528398,0.0026585527230054,-0.0020886023994535,0.0049242828972637,0.0090621765702962,-0.0001885061501525,0.015842467546463,-0.0020735270809382,0.0430996045470237,0.0098224496468901,-0.0097302617505192,0.0108492672443389,0.0015503808390349,-0.0259067639708519,0.0073628253303468,0.0265957731753587,-0.0033355909399688,-0.0235011186450719,0.0085221137851476,-0.0005684816860593,0.044506948441267,0.0102388523519039,-0.0297727584838867,-0.0088212732225656,-0.0484429411590099,0.0071955546736717,-0.0045209703966975,0.0097762830555439,0.0130862006917595,0.0161981526762247,0.0026240746956318,-0.0078783491626381,-0.0186695046722888,-0.0016620525857433,-0.0133390026167035,-0.0044395425356924,-0.001901947427541,0.0020438611973077,0.0185105595737695,-0.0038939195219427,-0.0044996589422225,0.0020476658828556,0.0145651772618293,0.0070592490956187,-0.0145672727376222,-0.0033351918682456,-0.0424615330994129,0.0131994625553488,-0.0216737259179353,0.0023853406310081,0.0219442900270223,-0.000732215179596,0.0179540030658245,-0.0020150323398411,-0.0060177859850227,0.0007342312019318,0.0158094447106123,0.0018341612303629,-0.0169912911951541,0.0058586541563272,-0.0090349577367305,0.0043684323318302,0.0016454510623589,-0.0030808623414486,0.0060003534890711,0.0072714332491159,-0.0246215425431728,-0.005955568049103,-0.0316591560840606,0.0045388522557914,0.0106655554845929,-0.0081330332905054,0.0366503037512302,-0.0051020882092416,-0.0135325836017727,0.0034798982087522,0.0058918548747897,0.0010950458236038,-0.0274649150669574,-0.0154967820271849,0.0035693100653588,0.0039192782714962,-0.0202886685729026,0.0037233479956126,-0.0199063317748251,0.0076425515444762,-0.0158729689404735,0.0135215063496605,-0.0001990511401323,0.0299824154640757,0.0207317162097484,0.0335097561548947,0.1810079378907696,0.0629068117057036,-0.0002532847161055,2019-02-11,2019-02-12,2019-02-13,2019-02-14,2019-02-15,2019-02-19,2019-02-20,2019-02-21,2019-02-22,2019-02-25,10104.0,2019-02-08,252.0,1.6129%,0.0002,0.9753,-0.0669,0.1019,1.1847%,1.5766%,43.5380%,0.015959,ORCL,10104.0,2019-02-11,252.0,0.3919%,0.0003,0.9678,-0.0566,0.1036,1.1841%,1.5543%,41.9614%,0.002661,ORCL,10104.0,2019-02-12,252.0,-0.0195%,0.0002,0.9577,-0.0535,0.0979,1.1867%,1.5499%,41.3757%,-0.0132699999999999,ORCL,10104.0,2019-02-13,252.0,0.3905%,0.0002,0.9599,-0.0569,0.0975,1.1864%,1.5492%,41.3513%,0.001087,ORCL,10104.0,2019-02-14,252.0,0.1167%,0.0002,0.9588,-0.055,0.0959,1.1863%,1.5486%,41.3136%,0.003944,ORCL,10104.0,2019-02-15,252.0,0.4662%,0.0002,0.9504,-0.0633,0.0813,1.1867%,1.5440%,40.9240%,-0.006595,ORCL,10104.0,2019-02-19,252.0,0.5800%,0.0001,0.9471,-0.0554,0.0905,1.1842%,1.5371%,40.6463%,0.003834,ORCL,10104.0,2019-02-20,252.0,-0.4806%,0.0001,0.945,-0.0604,0.0829,1.1850%,1.5374%,40.5859%,-0.007081,ORCL,10104.0,2019-02-21,252.0,0.6568%,0.0002,0.9389,-0.0707,0.0716,1.1848%,1.5344%,40.3750%,0.010112,ORCL,10104.0,2019-02-22,252.0,0.7100%,0.0002,0.9383,-0.0634,0.0715,1.1844%,1.5338%,40.3634%,0.00234,ORCL,10104.0,2019-02-25,252.0,0.1524%,0.0002,0.9387,-0.0629,0.0731,1.1843%,1.5337%,40.3738%,-1.9e-05,ORCL,0.01862,0.00535,0.006437,0.003786,0.012972
31795,QORVO INC,"Qorvo shares are trading lower after the company issued Q4 guidance below estimates, citing weakness in the broader smartphone market.",6,decrease,0.85,0.7,"the issuance of q4 guidance below estimates, coupled with weakness in the smartphone market, is likely to lead to a decline in investor confidence and a decrease in qorvo's stock price.",0,2019-02-08,QRVO,2019-02-08 14:36:00+00:00,85035.0,74736K10,-0.0303621925413608,3743837.0,-0.0001550478336866,-0.0305988416075706,0.0105426404625177,0.0392186008393764,-0.004295777529478,0.0012128840899094,-0.0035439652856439,0.000606810033787,0.0075770141556859,0.0085678938776254,-0.0044505968689918,-0.0025942036882042,0.0152612579986453,0.0293747875839471,0.0030366983264684,-0.0219695270061492,0.0263397749513387,-0.0101886522024869,0.0132742458954453,0.0375512950122356,0.0064046937040984,0.0237441640347242,0.0030373022891581,-0.0004843199858441,0.0113915055990219,-0.0211757291108369,0.0051326006650924,0.0165461655706167,-0.0063829352147877,0.0136785563081502,-0.0027123831678181,-0.0024366718716919,-0.0113083440810442,0.0062111974693834,-0.0104242246598005,-0.03940961509943,0.0033650822006165,0.0295828972011804,0.011519405990839,0.0233250595629215,-0.0018740792293101,0.018191035836935,-0.0021663999650627,-0.0068584787659347,-0.006368429865688,0.0069058421067893,0.0147123392671346,0.0670380964875221,0.0024403985589742,-0.0905524790287017,0.004009720403701,0.0074098594486713,-0.0141206365078687,-0.000987027073279,0.0690103620290756,0.0066236383281648,-0.0300446785986423,0.0061645940877497,-0.0111622083932161,0.0628652200102806,0.0039508785121142,-0.0209777932614088,-0.0081518171355128,-0.0354514867067337,-0.0048178592696785,0.002682760823518,0.0213583931326866,-0.0333873815834522,0.0206328686326742,0.0225389562547206,0.0117470379918813,-0.0029742284677922,0.0045903059653937,-0.0041138720698654,-0.004972486756742,0.0021438170224428,0.0114802606403827,0.0177911631762981,0.0048070587217807,0.00100808753632,-0.0003986548690591,-0.0263373237103223,0.0134273078292608,-0.0253507681190967,-0.0023612789809703,-0.0224439278244972,0.0149901295080781,-0.05298887565732,-0.0103640761226415,0.0294788405299186,0.0251341555267572,0.0079644145444035,-0.0223470833152532,-0.0258131269365549,0.001567434053868,0.0337805747985839,-0.0087375873699784,-0.0097754597663879,0.0077620879746973,0.017721114680171,0.008485659956932,0.011796161532402,0.0006472886889241,0.0251531992107629,-0.0298836361616849,-0.0178939197212457,0.0061341393738985,-0.0477985255420208,0.0021206582896411,0.017802270129323,-0.0003967567754443,0.0362595841288566,0.0154802612960338,-0.0120974145829677,-0.0204560216516256,-0.0023510614410042,-0.0113061778247356,-0.0638298168778419,-0.0087448069825768,-0.0364767685532569,-0.0001550478336866,-0.0305988416075706,0.010385958015266,0.0074197154766511,0.006045564720724,0.0086415988214139,0.0100759806340096,0.0179008308557055,0.0649510877122123,0.0497001888647994,0.0985893671802449,0.1781476502114569,0.1421484671762101,-0.0593808020883872,2019-02-11,2019-02-12,2019-02-13,2019-02-14,2019-02-15,2019-02-19,2019-02-20,2019-02-21,2019-02-22,2019-02-25,85035.0,2019-02-08,252.0,-3.0362%,-0.0009,1.289,0.5887,-0.4253,1.7334%,2.3481%,45.5026%,-0.0350749999999999,QRVO,85035.0,2019-02-11,252.0,-0.0155%,-0.001,1.328,0.5462,-0.4278,1.7226%,2.3460%,46.0843%,-0.004967,QRVO,85035.0,2019-02-12,252.0,1.0543%,-0.0011,1.3242,0.5456,-0.4297,1.7233%,2.3455%,46.0210%,-0.008454,QRVO,85035.0,2019-02-13,252.0,-0.4296%,-0.0011,1.3226,0.5455,-0.4314,1.7238%,2.3431%,45.8727%,-0.00813,QRVO,85035.0,2019-02-14,252.0,-0.3544%,-0.0011,1.3239,0.5428,-0.4287,1.7241%,2.3431%,45.8582%,-0.006205,QRVO,85035.0,2019-02-15,252.0,0.7577%,-0.001,1.3411,0.5576,-0.4017,1.7170%,2.3433%,46.3103%,-0.006782,QRVO,85035.0,2019-02-19,252.0,-0.4451%,-0.001,1.3461,0.5446,-0.4167,1.7127%,2.3434%,46.5856%,-0.007511,QRVO,85035.0,2019-02-20,252.0,1.5261%,-0.0008,1.3518,0.5645,-0.3947,1.7118%,2.3434%,46.6399%,0.0136969999999999,QRVO,85035.0,2019-02-21,252.0,0.3037%,-0.001,1.367,0.5972,-0.3669,1.6862%,2.3316%,47.6953%,0.007426,QRVO,85035.0,2019-02-22,252.0,2.6340%,-0.001,1.3656,0.5991,-0.3818,1.6873%,2.3376%,47.8998%,0.008676,QRVO,85035.0,2019-02-25,252.0,1.3274%,-0.0008,1.3633,0.5905,-0.3949,1.6849%,2.3365%,48.0006%,0.011996,QRVO,-0.0400419999999999,-0.048496,-0.0566259999999999,-0.069613,-0.0353289999999999
31803,QORVO INC,Canaccord Genuity Downgrades Qorvo to Hold,6,decrease,0.8,0.6,"a downgrade from a financial analyst typically signals reduced expectations for a company's performance, which can lead to a decline in stock price.",0,2019-02-08,QRVO,2019-02-08 12:21:00+00:00,85035.0,74736K10,-0.0303621925413608,3743837.0,-0.0001550478336866,-0.0305988416075706,0.0105426404625177,0.0392186008393764,-0.004295777529478,0.0012128840899094,-0.0035439652856439,0.000606810033787,0.0075770141556859,0.0085678938776254,-0.0044505968689918,-0.0025942036882042,0.0152612579986453,0.0293747875839471,0.0030366983264684,-0.0219695270061492,0.0263397749513387,-0.0101886522024869,0.0132742458954453,0.0375512950122356,0.0064046937040984,0.0237441640347242,0.0030373022891581,-0.0004843199858441,0.0113915055990219,-0.0211757291108369,0.0051326006650924,0.0165461655706167,-0.0063829352147877,0.0136785563081502,-0.0027123831678181,-0.0024366718716919,-0.0113083440810442,0.0062111974693834,-0.0104242246598005,-0.03940961509943,0.0033650822006165,0.0295828972011804,0.011519405990839,0.0233250595629215,-0.0018740792293101,0.018191035836935,-0.0021663999650627,-0.0068584787659347,-0.006368429865688,0.0069058421067893,0.0147123392671346,0.0670380964875221,0.0024403985589742,-0.0905524790287017,0.004009720403701,0.0074098594486713,-0.0141206365078687,-0.000987027073279,0.0690103620290756,0.0066236383281648,-0.0300446785986423,0.0061645940877497,-0.0111622083932161,0.0628652200102806,0.0039508785121142,-0.0209777932614088,-0.0081518171355128,-0.0354514867067337,-0.0048178592696785,0.002682760823518,0.0213583931326866,-0.0333873815834522,0.0206328686326742,0.0225389562547206,0.0117470379918813,-0.0029742284677922,0.0045903059653937,-0.0041138720698654,-0.004972486756742,0.0021438170224428,0.0114802606403827,0.0177911631762981,0.0048070587217807,0.00100808753632,-0.0003986548690591,-0.0263373237103223,0.0134273078292608,-0.0253507681190967,-0.0023612789809703,-0.0224439278244972,0.0149901295080781,-0.05298887565732,-0.0103640761226415,0.0294788405299186,0.0251341555267572,0.0079644145444035,-0.0223470833152532,-0.0258131269365549,0.001567434053868,0.0337805747985839,-0.0087375873699784,-0.0097754597663879,0.0077620879746973,0.017721114680171,0.008485659956932,0.011796161532402,0.0006472886889241,0.0251531992107629,-0.0298836361616849,-0.0178939197212457,0.0061341393738985,-0.0477985255420208,0.0021206582896411,0.017802270129323,-0.0003967567754443,0.0362595841288566,0.0154802612960338,-0.0120974145829677,-0.0204560216516256,-0.0023510614410042,-0.0113061778247356,-0.0638298168778419,-0.0087448069825768,-0.0364767685532569,-0.0001550478336866,-0.0305988416075706,0.010385958015266,0.0074197154766511,0.006045564720724,0.0086415988214139,0.0100759806340096,0.0179008308557055,0.0649510877122123,0.0497001888647994,0.0985893671802449,0.1781476502114569,0.1421484671762101,-0.0593808020883872,2019-02-11,2019-02-12,2019-02-13,2019-02-14,2019-02-15,2019-02-19,2019-02-20,2019-02-21,2019-02-22,2019-02-25,85035.0,2019-02-08,252.0,-3.0362%,-0.0009,1.289,0.5887,-0.4253,1.7334%,2.3481%,45.5026%,-0.0350749999999999,QRVO,85035.0,2019-02-11,252.0,-0.0155%,-0.001,1.328,0.5462,-0.4278,1.7226%,2.3460%,46.0843%,-0.004967,QRVO,85035.0,2019-02-12,252.0,1.0543%,-0.0011,1.3242,0.5456,-0.4297,1.7233%,2.3455%,46.0210%,-0.008454,QRVO,85035.0,2019-02-13,252.0,-0.4296%,-0.0011,1.3226,0.5455,-0.4314,1.7238%,2.3431%,45.8727%,-0.00813,QRVO,85035.0,2019-02-14,252.0,-0.3544%,-0.0011,1.3239,0.5428,-0.4287,1.7241%,2.3431%,45.8582%,-0.006205,QRVO,85035.0,2019-02-15,252.0,0.7577%,-0.001,1.3411,0.5576,-0.4017,1.7170%,2.3433%,46.3103%,-0.006782,QRVO,85035.0,2019-02-19,252.0,-0.4451%,-0.001,1.3461,0.5446,-0.4167,1.7127%,2.3434%,46.5856%,-0.007511,QRVO,85035.0,2019-02-20,252.0,1.5261%,-0.0008,1.3518,0.5645,-0.3947,1.7118%,2.3434%,46.6399%,0.0136969999999999,QRVO,85035.0,2019-02-21,252.0,0.3037%,-0.001,1.367,0.5972,-0.3669,1.6862%,2.3316%,47.6953%,0.007426,QRVO,85035.0,2019-02-22,252.0,2.6340%,-0.001,1.3656,0.5991,-0.3818,1.6873%,2.3376%,47.8998%,0.008676,QRVO,85035.0,2019-02-25,252.0,1.3274%,-0.0008,1.3633,0.5905,-0.3949,1.6849%,2.3365%,48.0006%,0.011996,QRVO,-0.0400419999999999,-0.048496,-0.0566259999999999,-0.069613,-0.0353289999999999
31811,UNIQURE N V,uniQure Offers Updated Clinical Data From Phase IIb Study Of AMT-061 In Patients With Hemophilia B,6,increase,0.75,0.6,"updated clinical data from a phase iib study typically indicates progress and potential positive outcomes, which can boost investor confidence and lead to an increase in stock price.",2,2019-02-08,QURE,2019-02-08 12:06:00+00:00,14466.0,N9006410,0.099758930504322,701230.0,0.0200054682791233,-0.0320886373519897,0.0556152500212192,-0.0316384956240654,-0.058793619275093,-0.0039392062462866,-0.0273120161145925,0.0108077665790915,0.0414233468472957,0.0265693385154008,0.0253604054450988,0.0369361564517021,0.0244727581739425,0.0264138747006654,0.0233799759298563,0.0125865200534462,0.0330270193517208,0.0022075560409575,0.3430288732051849,0.0130990371108055,-0.041345939040184,0.0080515295267105,-0.0061613484285771,-0.0028901784680783,0.014277703128755,-0.0070153446868062,0.0614928603172302,0.0041626985184848,0.0362938046455383,0.0025682158302515,0.0020205241162329,-0.0176600273698568,-0.0502436235547065,0.0212560333311557,0.0824486836791038,0.0391566306352615,0.0199411772191524,-0.0056572407484054,0.0453525930643081,0.0358496718108654,0.0041391481645405,0.0079916445538401,-0.0082442890852689,-0.024737361818552,-0.021705662831664,0.0486851781606674,-0.0031471403781324,0.02738225646317,0.0383583307266235,-0.0399579852819442,0.0103374933823943,-0.0100624226033687,-0.0096298437565565,0.0697846710681915,0.0393498018383979,0.043377261608839,-0.072796419262886,-0.0215990804135799,-0.0233328007161617,0.0568682476878166,-0.033414039760828,-0.0359073467552661,-0.0225451271981,-0.0332213975489139,-0.0020502123516052,-0.0282915774732828,0.0212292708456516,0.0245261937379837,0.0056999186053872,-0.0033333390019834,-0.0066678030416369,-0.040511704981327,0.0085584549233317,-0.005302280653268,0.058569062501192,-0.0429634153842926,-0.0240490231662988,0.0288896597921848,-0.03688196092844,-0.0093103609979152,-0.0260869152843952,-0.0317195579409599,-0.0006868288619443,-0.0260162353515625,-0.0020618373528122,0.0381498709321022,-0.0022383104078471,-0.0288524311035871,-0.0191544536501169,0.041666641831398,-0.004398311022669,0.0027397233061492,-0.0348118245601654,0.0209790337830781,-0.0168436132371425,0.0106007475405931,-0.0175047013908624,-0.0132496887817978,0.0435936897993087,0.0493962801992893,-0.0065383329056203,-0.009064539335668,0.0319926887750625,0.0506666637957096,0.0159432720392942,-0.0929509475827217,-0.0123801063746213,-0.0910803899168968,-0.0079449284821748,0.029421268031001,0.016195049509406,0.3565790057182312,0.0190893206745386,-0.0472211055457592,0.0094518484547734,-0.0025010199751704,0.0260469652712345,-0.0672628134489059,-0.0263812858611345,-0.0554535537958145,0.0200054682791233,-0.0320886373519897,0.0767333274204775,-0.062711896763612,0.0134282781073138,-0.0664040679144509,0.0265825524458023,-0.0312408677102529,0.5311043197740126,0.0600639326973744,0.6977253415513407,0.3287945962324283,0.6081117470268482,0.2185090292732183,2019-02-11,2019-02-12,2019-02-13,2019-02-14,2019-02-15,2019-02-19,2019-02-20,2019-02-21,2019-02-22,2019-02-25,14466.0,2019-02-08,252.0,9.9759%,0.0025,1.3171,1.5054,-1.5832,4.0125%,4.6241%,24.7035%,0.08736,QURE,14466.0,2019-02-11,252.0,2.0005%,0.0024,1.3759,1.462,-1.5758,4.0032%,4.6252%,25.0882%,0.011767,QURE,14466.0,2019-02-12,252.0,5.5615%,0.0026,1.4056,1.447,-1.5579,4.0055%,4.6358%,25.3426%,0.033831,QURE,14466.0,2019-02-13,252.0,-5.8794%,0.0018,1.329,1.55,-1.5555,3.9197%,4.5402%,25.4661%,-0.062607,QURE,14466.0,2019-02-14,252.0,-2.7312%,0.0017,1.3406,1.5271,-1.5327,3.9271%,4.5435%,25.2934%,-0.041703,QURE,14466.0,2019-02-15,252.0,4.1423%,0.0015,1.2878,1.4827,-1.6145,3.8932%,4.5045%,25.3023%,0.029714,QURE,14466.0,2019-02-19,252.0,2.5360%,0.0016,1.298,1.488,-1.6093,3.8939%,4.5067%,25.3477%,0.023357,QURE,14466.0,2019-02-20,252.0,2.4473%,0.0017,1.3055,1.5063,-1.5821,3.8972%,4.5088%,25.2893%,0.027484,QURE,14466.0,2019-02-21,252.0,2.3380%,0.0018,1.3029,1.5062,-1.5871,3.8997%,4.5106%,25.2512%,0.025526,QURE,14466.0,2019-02-22,252.0,3.3027%,0.0017,1.3057,1.4644,-1.5915,3.8957%,4.5104%,25.3994%,-0.007157,QURE,14466.0,2019-02-25,252.0,34.3029%,0.003,1.305,1.2963,-1.6819,4.4454%,4.9927%,20.7227%,0.3419129999999999,QURE,0.099127,0.132958,0.070351,0.058362,0.469485
31819,RADIAN GROUP INC,Radian Group Q4 EPS $0.70 Beats $0.66 Estimate,6,increase,0.8,0.6,"beating earnings estimates typically signals strong financial performance, which can positively influence investor sentiment and lead to an increase in stock price.",2,2019-02-08,RDN,2019-02-08 11:33:00+00:00,78038.0,75023610,0.0,2052063.0,-0.0117586683481931,0.0005115206586197,0.0315571948885917,0.0087719345465302,-0.0060180961154401,0.0005161755834706,-0.0124873863533139,-0.003087980672717,0.0746040344238281,0.0098752873018383,0.0066571272909641,0.013698642142117,-0.0075578577816486,0.0085015865042805,-0.0090433377772569,0.0064170551486313,0.013928959146142,0.014099795371294,-0.0217906665056943,0.0087527269497513,0.0,0.0032931601162999,-0.006295358762145,0.0077433292753994,-0.0077972635626792,0.0022172397002577,0.0093319555744528,0.0078213019296526,0.0038929404690861,0.0022395860869437,-0.0043624937534332,0.0234956927597522,-0.0107108671218156,0.0168998204171657,-0.0098424637690186,0.002336390549317,0.0,-0.0011667766375467,0.0193836670368909,0.0,-0.0009751563775353,0.0226729810237884,0.0019522164948284,0.0263319239020347,-0.0063322484493255,-0.0156721044331789,0.0039215651340782,0.0234423875808715,0.0224609859287738,-0.0115853985771536,-0.0162368733435869,0.0024449271149933,-0.0126213701441884,0.0250626932829618,0.0270402766764164,0.0006269736331887,-0.0282431859523057,0.0025141397491097,-0.0073891440406441,0.0728253498673439,0.0173697471618652,-0.0224126670509576,0.0039024353027343,-0.0231809187680482,0.0136054754257202,-0.0114576900377869,-0.0057526766322553,-0.0314426198601722,0.0274831093847751,0.0093341395258903,0.0023463701363652,-0.0037197438068687,0.0135767320170998,-0.0122474441304802,0.0207852553576231,-0.0308605600148439,0.0117647163569927,0.0101918512955308,0.0156528837978839,0.0042143100872635,-0.0198150090873241,-0.0292226765304803,0.0107816606760025,-0.0250711478292942,0.0106666563078761,0.0051546483300626,0.0109938438981771,-0.0717703551054,-0.010874293744564,0.022282600402832,0.0021988190710544,-0.0010858011664822,-0.0052655041217803,0.0016313587548211,-0.0066166571341454,0.0098846964538097,0.0071047889068722,-0.0277629718184471,0.0105820000171661,0.0251778364181518,0.0030540879815816,-0.0080075794830918,0.0021749085281044,0.0082101598381996,0.0056423246860504,-0.0312831476330757,0.0064738723449409,-0.0227978564798831,0.0042881811968982,-0.0082219867035746,0.0119556225836277,0.0114344758912921,0.0075948690064251,-0.0183673780411481,0.0,0.0056439512409269,-0.0029313105624169,0.003087980672717,-0.0197395775467157,-0.0284999851137399,-0.0117586683481931,0.0005115206586197,0.0194274559517042,0.0092879422308864,0.0132924435390682,0.0098089120233573,0.0752907808801615,0.0166320009299603,0.0558608423396307,0.0700218134019075,0.0302952051471543,0.3189480571170109,0.1934040066703608,-0.0218661942759905,2019-02-11,2019-02-12,2019-02-13,2019-02-14,2019-02-15,2019-02-19,2019-02-20,2019-02-21,2019-02-22,2019-02-25,78038.0,2019-02-08,252.0,0.0000%,-0.0,1.1254,0.8103,0.9267,1.8810%,2.2036%,27.1357%,0.004923,RDN,78038.0,2019-02-11,252.0,-1.1759%,-0.0,1.0955,0.8104,0.9111,1.8814%,2.1827%,25.7030%,-0.020913,RDN,78038.0,2019-02-12,252.0,3.1557%,0.0001,1.1121,0.8022,0.921,1.8831%,2.1917%,26.1767%,0.017945,RDN,78038.0,2019-02-13,252.0,-0.6018%,0.0,1.1093,0.8027,0.9186,1.8842%,2.1908%,26.0338%,-0.010358,RDN,78038.0,2019-02-14,252.0,-1.2487%,0.0,1.1113,0.7977,0.9244,1.8850%,2.1920%,26.0535%,-0.009104,RDN,78038.0,2019-02-15,252.0,7.4604%,0.0002,1.1495,0.838,0.9945,1.9166%,2.2377%,26.6418%,0.055515,RDN,78038.0,2019-02-19,252.0,0.6657%,0.0003,1.1548,0.8295,0.9844,1.9134%,2.2370%,26.8413%,-0.001041,RDN,78038.0,2019-02-20,252.0,-0.7558%,0.0002,1.1499,0.8182,0.9668,1.9165%,2.2372%,26.6188%,-0.017091,RDN,78038.0,2019-02-21,252.0,-0.9043%,0.0002,1.1511,0.8202,0.9691,1.9165%,2.2370%,26.6035%,-0.002092,RDN,78038.0,2019-02-22,252.0,1.3929%,0.0002,1.1492,0.8138,0.9403,1.9185%,2.2376%,26.4883%,0.016081,RDN,78038.0,2019-02-25,252.0,-2.1791%,0.0002,1.1476,0.8221,0.9388,1.9206%,2.2392%,26.4357%,-0.019806,RDN,-0.01599,0.0019549999999999,-0.008403,0.038008,0.0140589999999999
31827,STURM RUGER & CO INC,'Shooting reported at Frederick Douglass High School' -WBLA TV Reports,6,uncertain,0.6,0.3,"while incidents of gun violence can lead to increased scrutiny on gun manufacturers, they can also drive demand for firearms, making the impact on sturm ruger & co inc's stock price uncertain.",1,2019-02-08,RGR,2019-02-08 17:37:00+00:00,73219.0,86415910,-0.0051545877940952,105958.0,0.0066106650047004,-0.0154007887467742,0.0156194726005196,0.0007005414227023,0.0026214208919554,0.0395047925412654,0.00714658992365,0.017787642776966,0.0209415536373853,-0.0093612028285861,0.0010170801542699,0.0213723164051771,0.0086367847397923,-0.0011236212449148,-0.0300537422299385,-0.0136682279407978,0.0247533377259969,-0.0012912690872326,-0.0064189368858933,0.0048192460089921,-0.0159809347242116,-0.0259974487125873,0.0048375739715993,0.0027153820265084,-0.0208046603947877,-0.0130426930263638,0.0098331440240144,-0.0070959324948489,-0.0638149604201316,0.0100340005010366,-0.0295319501310586,0.0081286262720823,-0.0118660079315304,-0.0075295479036867,0.000581033877097,0.003056971123442,-0.0106465201824903,0.0138560105115175,-0.0095871975645422,0.0018264561658725,0.0033583955373615,0.0021965757478028,-0.004528441466391,0.0137317068874836,-0.0053402502089738,0.0192926134914159,0.006798643618822,0.0045600961893796,0.0186693631112575,-0.0253703501075506,0.0066289752721786,0.0146561209112405,-0.0129769891500473,0.0123644955456256,0.0208006557077169,0.0076672714203596,-0.02345254085958,-0.0021040667779743,0.0153543818742036,0.0342235341668129,0.0094997640699148,-0.007461242377758,0.0186287928372621,-0.0287947822362184,0.0,-0.0020932562183588,-0.0003770825278479,-0.0138863138854503,-0.0024519250728189,0.0045240656472742,-0.0068065915256738,-0.0009416052489541,0.0140872206538915,0.0079726306721568,0.0099492920562624,-0.0195421408861875,0.011524143628776,0.0133911557495594,0.0235208123922348,0.0074102105572819,-0.0274686273187398,-0.0030308740679174,0.000369216519175,-0.0058379955589771,0.0042443173006176,0.0245031174272298,0.0003675203770399,-0.0396516472101211,0.0042248265817761,0.0067151761613786,0.0023779233451932,0.0107466001063585,-0.0105839055031538,-0.0356363467872142,0.0088528133928775,-0.0005451350007206,-0.0168190486729145,-0.0123833892866969,0.0135738113895058,-0.0049999780021607,0.0286186281591653,0.0,0.0085607198998332,0.001968162599951,0.0148541145026683,-0.0019642966799438,-0.0132426964119076,-0.003558732336387,-0.0113014196977019,-0.0128227565437555,-0.0126808872446417,0.0026320163160562,0.008321326225996,-0.0100746573880314,0.000179374255822,-0.0084395743906497,-0.0025111997965723,-0.0006884182803332,-0.0196007937192916,-0.0027463070582598,0.0066106650047004,-0.0154007887467741,0.0223333927061322,-0.0147110362145311,0.0250133588203158,0.0242125998930122,0.053957485407746,0.0326725203981406,0.0509201087807806,0.0428173795152893,-0.073275129116086,0.1129574555865007,-0.0204529150256675,-0.0307667602086545,2019-02-11,2019-02-12,2019-02-13,2019-02-14,2019-02-15,2019-02-19,2019-02-20,2019-02-21,2019-02-22,2019-02-25,73219.0,2019-02-08,252.0,-0.5155%,0.0006,0.5377,0.8701,0.3496,1.6954%,1.8236%,13.5650%,-0.003731,RGR,73219.0,2019-02-11,252.0,0.6611%,0.0006,0.5432,0.863,0.3487,1.6952%,1.8235%,13.5775%,-0.000789,RGR,73219.0,2019-02-12,252.0,1.5619%,0.0007,0.5571,0.851,0.3579,1.6926%,1.8238%,13.8717%,0.008553,RGR,73219.0,2019-02-13,252.0,0.2621%,0.0008,0.5702,0.8286,0.3538,1.6828%,1.8164%,14.1687%,0.0002,RGR,73219.0,2019-02-14,252.0,0.7147%,0.0008,0.5686,0.8312,0.3518,1.6826%,1.8161%,14.1600%,0.005987,RGR,73219.0,2019-02-15,252.0,2.0942%,0.0008,0.5632,0.8274,0.3444,1.6813%,1.8126%,13.9619%,0.01065,RGR,73219.0,2019-02-19,252.0,0.1017%,0.0008,0.5643,0.822,0.3382,1.6810%,1.8125%,13.9792%,-0.0035859999999999,RGR,73219.0,2019-02-20,252.0,0.8637%,0.0008,0.565,0.8229,0.3405,1.6811%,1.8128%,14.0057%,0.003796,RGR,73219.0,2019-02-21,252.0,-3.0054%,0.0008,0.5596,0.8059,0.3309,1.6776%,1.8061%,13.7184%,-0.026704,RGR,73219.0,2019-02-22,252.0,2.4753%,0.001,0.5552,0.8477,0.3162,1.6735%,1.8066%,14.1861%,0.021448,RGR,73219.0,2019-02-25,252.0,-0.6419%,0.0008,0.5594,0.8546,0.3355,1.6585%,1.7937%,14.5035%,-0.004579,RGR,-0.00452,0.004033,0.004233,0.02087,0.011245
31835,RIO TINTO PLC,Investec Downgrades Rio Tinto to Hold,6,decrease,0.8,0.6,"a downgrade from investec typically signals reduced confidence in the stock's performance, which is likely to lead to a decrease in its stock price.",0,2019-02-08,RIO,2019-02-08 12:24:00+00:00,76221.0,76720410,-0.0042651798576116,5001925.0,-0.004461895674467,-0.0065324669703841,0.0025098493788391,0.0072914785705506,0.0071531031280756,-0.0089884055778384,-0.000710243533831,0.0137573778629303,0.0154584711417555,-0.0053314240649342,0.0118985176086425,0.0201232880353927,0.0103752110153436,0.0137842306867241,-0.0070169405080378,0.0326437912881374,0.0139607265591621,0.0082280961796641,-0.0022097749169915,0.047924593091011,0.0017035515047609,-0.0010015873704105,-0.0047618839889764,-0.0077520012855529,-0.005468210671097,-0.0257551912218332,0.0027491382788866,-0.0003871555963996,0.0051404940895736,0.0151306828483939,0.0044322931207716,0.0039455667138099,0.004582492634654,0.0027695230673998,-0.0037167922127991,0.0007919405470602,-0.0014614874962717,-0.0015813764184713,0.0113428272306919,-0.0049173878505826,0.000723605568055,0.0107356049120426,0.0128344018012285,0.0122761242091655,-0.0005354056484065,0.0089339818805456,-0.0003571510314941,0.0557341575622558,0.0180421955883503,-0.0147834625095129,-0.0082470821216702,-0.023308603093028,0.0023000896908342,0.0056005073711276,0.0031774104572832,-0.0020700120367109,-0.0121415173634886,-0.0160895548760891,0.0144282402470707,0.0365209951996803,0.014749783091247,-0.0081658167764544,-0.0022495426237583,0.0004188655584584,0.006243506912142,0.0099429069086909,0.0143053773790597,-0.0104668196290731,0.0169923547655344,0.0129347033798694,0.0188805535435676,0.0102827660739421,0.0006559678004123,-0.0213836561888456,0.0003277688811067,0.014893633313477,0.0004914610181003,0.0153380660340189,0.0211233161389827,0.0216287691146135,-0.0075369020923972,-0.014357185922563,0.0082404613494873,-0.008840013295412,-0.0054487204179167,-0.0211059506982564,0.0116016333922743,-0.0092011420056223,-0.005097160115838,0.0226689781993627,-0.0339417047798633,-0.0057410262525081,0.0019887129310518,-0.0152847478166222,0.0051273796707391,0.0310880541801452,0.0016455237055197,-0.0161427799612283,-0.0044356901198625,-0.0090506523847579,-0.0193069018423557,-0.0442567057907581,-0.0015143891796469,0.013249035924673,-0.0006740969838574,-0.0313919074833393,-0.0001686057657934,-0.0054977182298898,-0.006577827502042,0.0175824388861656,-0.0162988603115081,0.021845644339919,-0.0086296172812581,-0.0239139255136251,0.0257660094648599,-0.0009954058332368,-0.0142565574496984,-0.006723356898874,0.0036156866699457,-0.0293665807694196,-0.004461895674467,-0.0065324669703841,-0.0019632449817149,0.0007113802572391,0.0051758148525407,-0.0082834194948714,0.0199893404500792,-2.6311008927137886e-10,0.047653078939448,0.1283337015694978,0.0949630273799588,0.1878826621507998,0.1207268672034826,0.0800384288387601,2019-02-11,2019-02-12,2019-02-13,2019-02-14,2019-02-15,2019-02-19,2019-02-20,2019-02-21,2019-02-22,2019-02-25,76221.0,2019-02-08,252.0,-0.4265%,0.0006,0.9962,0.0973,0.4965,1.3903%,1.7120%,34.0451%,-0.001962,RIO,76221.0,2019-02-11,252.0,-0.4462%,0.0005,0.9979,0.0845,0.4904,1.3912%,1.7012%,33.1220%,-0.007741,RIO,76221.0,2019-02-12,252.0,0.2510%,0.0004,0.9843,0.0939,0.4818,1.3903%,1.6926%,32.5322%,-0.010345,RIO,76221.0,2019-02-13,252.0,0.7153%,0.0004,0.9778,0.1064,0.4849,1.3870%,1.6846%,32.2057%,0.003903,RIO,76221.0,2019-02-14,252.0,-0.0710%,0.0004,0.9766,0.1078,0.4841,1.3865%,1.6836%,32.1856%,0.003502,RIO,76221.0,2019-02-15,252.0,1.5458%,0.0003,0.9575,0.0908,0.4533,1.3780%,1.6659%,31.5714%,0.0017299999999999,RIO,76221.0,2019-02-19,252.0,1.1899%,0.0003,0.9573,0.0984,0.4619,1.3785%,1.6649%,31.4524%,0.008356,RIO,76221.0,2019-02-20,252.0,1.0375%,0.0004,0.9607,0.1147,0.4762,1.3730%,1.6620%,31.7515%,0.0056999999999999,RIO,76221.0,2019-02-21,252.0,-0.7017%,0.0005,0.9542,0.1009,0.4643,1.3674%,1.6537%,31.6308%,-0.002387,RIO,76221.0,2019-02-22,252.0,1.3961%,0.0005,0.9521,0.1088,0.446,1.3698%,1.6555%,31.5378%,0.01393,RIO,76221.0,2019-02-25,252.0,-0.2210%,0.0004,0.9535,0.1118,0.453,1.3676%,1.6541%,31.6433%,-0.002652,RIO,-0.009703,-0.020048,-0.016145,-0.0109129999999999,0.012034
31843,REWALK ROBOTICS LTD,"ReWalk Robotics Q4 GAAP EPS $(0.10), Sales $1.579M Up From $1.515M YoY",6,uncertain,0.6,0.3,"while the sales increase suggests positive growth, the negative eps indicates ongoing financial challenges, leading to uncertainty in stock price movement.",1,2019-02-08,RWLK,2019-02-08 12:07:00+00:00,14936.0,M8216Q20,0.005809721071273,8622626.0,-0.0274368561804294,0.0051095755770802,0.0133630335330963,-0.0515749379992485,0.2307692021131516,-0.052476231008768,-0.1044642403721809,-0.0132685927674174,0.0638085603713989,-0.0433437377214431,-0.0193689949810504,0.1122590079903603,-0.0283529367297887,0.0954356715083122,-0.2049180269241333,-0.0691713169217109,0.0927834138274192,0.009929034858942,0.0143396416679024,-0.0208332724869251,-0.0234375093132257,0.2100839465856552,-0.0251428298652172,0.0397553741931915,-0.0113325687125325,-0.0477577298879623,0.0276679825037717,-0.0228455383330583,-0.0346153974533081,0.1596881300210953,-0.0239043142646551,0.0005943595315329,-0.0812245234847068,-0.0450450703501701,0.0661927983164787,-0.0826446115970611,-0.0416666269302368,0.1050228402018547,0.0204347390681505,-0.0244989022612571,-0.0085214711725711,0.0298165399581193,-0.0227761082351207,-0.0991735681891441,0.0615655146539211,0.0803571045398712,-0.0016570287989452,0.0991168543696403,-0.0240663643926382,0.0565059147775173,-0.0314626097679138,0.1079839468002319,0.0048288134858012,-0.0062785600312054,-0.0240279752761125,-0.0309734810143709,-0.0384959578514099,0.0331429094076156,-0.0385474599897861,-0.0783652886748313,-0.0199496764689683,-0.1329680234193802,0.0602766685187816,0.1837837547063828,0.0663094073534011,-0.0706646218895912,-0.0556307658553123,0.0219044778496027,-0.0189721696078777,-0.0308457743376493,-0.0188679955899715,-0.0428570881485939,-0.0115384506061673,0.0047846273519098,-0.1712061613798141,-0.0495679453015327,-0.0657277479767799,0.0133640756830573,0.0050251209177076,0.0636212080717086,-0.024999976158142,0.0226566381752491,-0.0333333611488342,-0.0244499258697032,0.0424403399229049,-0.0303460843861103,-0.0839695036411285,-0.0487144961953163,-0.0611110553145408,-0.0360869839787483,0.1242603063583374,0.0,-0.0447367988526821,0.0048056081868708,-0.0413223393261432,-0.0230473838746547,-0.0488505959510803,0.0017101615667343,0.0271903797984123,-0.0004273576778359,-0.0235294587910175,0.0404623821377754,0.057228934019804,0.004017858300358,-0.0085470005869865,-0.0464026853442192,0.0229884833097457,-0.0212499871850013,-0.0308988466858863,-0.4545454680919647,0.1217390820384026,-0.2021759152412415,-0.0413436293601989,-0.0620556809008121,0.0134770758450031,-0.0592191703617572,-0.0132978595793247,-0.0674425438046455,-0.0242588017135858,0.0054005421698093,-0.0274368561804294,0.0051095755770802,-0.0144404622765149,-0.0467288884657586,0.2129963258789402,-0.0967529635286146,0.155595650290139,-0.1473684165015977,-0.0296029639970798,-0.0437499084215697,-0.2544404436510789,0.450389804214778,-0.4772560755163901,-0.5868586555322962,2019-02-11,2019-02-12,2019-02-13,2019-02-14,2019-02-15,2019-02-19,2019-02-20,2019-02-21,2019-02-22,2019-02-25,14936.0,2019-02-08,252.0,0.5810%,-0.0032,0.3209,0.0951,-0.3992,7.3225%,7.3404%,0.4876%,0.002667,RWLK,14936.0,2019-02-11,252.0,-2.7437%,-0.0032,0.2775,0.1032,-0.4176,7.3217%,7.3371%,0.4209%,-0.027696,RWLK,14936.0,2019-02-12,252.0,1.3363%,-0.0031,0.2835,0.1043,-0.4147,7.3221%,7.3378%,0.4291%,0.008758,RWLK,14936.0,2019-02-13,252.0,23.0769%,-0.0022,0.3194,0.1379,-0.3521,7.4679%,7.4838%,0.4257%,0.230103,RWLK,14936.0,2019-02-14,252.0,-10.4464%,-0.0027,0.3423,0.0803,-0.2864,7.4950%,7.5099%,0.3949%,-0.106653,RWLK,14936.0,2019-02-15,252.0,6.3809%,-0.0024,0.3859,0.1263,-0.2066,7.5056%,7.5214%,0.4209%,0.061014,RWLK,14936.0,2019-02-19,252.0,-1.9369%,-0.0025,0.376,0.1243,-0.208,7.5053%,7.5205%,0.4024%,-0.0199489999999999,RWLK,14936.0,2019-02-20,252.0,-2.8353%,-0.0027,0.3665,0.0922,-0.2447,7.5054%,7.5206%,0.4041%,-0.028297,RWLK,14936.0,2019-02-21,252.0,-20.4918%,-0.0036,0.4229,0.1627,-0.1397,7.6096%,7.6262%,0.4370%,-0.20416,RWLK,14936.0,2019-02-22,252.0,9.2783%,-0.0032,0.4078,0.235,-0.2547,7.6265%,7.6462%,0.5125%,0.0869849999999999,RWLK,14936.0,2019-02-25,252.0,1.4340%,-0.0033,0.4132,0.2319,-0.2365,7.6217%,7.6411%,0.5077%,0.0137799999999999,RWLK,-0.025029,-0.016271,0.213832,0.1681929999999999,0.0165519999999999
31851,SEALED AIR CORP NEW,"UPDATE: Goldman Downgrades Sealed Air Corp As Firm Notes 'At this point, we believe that SEE's sector-leading volume growth and self-help cost-cutting potential are being more reasonably valued in its share price'",6,decrease,0.75,0.6,"the downgrade from goldman sachs suggests that the stock is currently overvalued, which is likely to lead to a decrease in investor confidence and a subsequent decline in the stock price.",0,2019-02-08,SEE,2019-02-08 15:38:00+00:00,85926.0,81211K10,-0.0311723761260509,3560139.0,-0.0165539532899856,0.0912004113197326,0.0035562238190323,-0.0046613994054496,-0.0028349335771054,0.0111634070053696,-0.0026060319505631,0.0059895603917539,0.0011877210345119,0.014430372044444,0.0009489228832535,0.0104886116459965,0.0149324741214513,0.0142708672210574,0.0063054752536118,0.0060036424547433,0.0083546210080385,0.0094861816614866,0.0078250896185636,0.0111911008134484,-0.0011417957721278,0.0096852472051978,0.0089163091033697,-0.024153372272849,-0.0115568125620484,0.0092739388346672,0.0091701410710811,0.0156082306057214,0.0056792367249727,0.0106064556166529,0.0144567284733057,0.0027270873542875,0.0,0.0052082957699894,-0.0055666854605078,-0.0024610378313809,0.008539349772036,0.0133000705391168,-0.0008912859484553,0.0232492107897996,0.0107047175988555,-0.0216365829110145,-0.0006619324558414,0.013779466971755,-0.0064031993970274,0.0031029791571199,0.0066666495986282,0.0207313913851976,0.008609258569777,-0.0167044214904308,-0.0094112567603588,0.0137772541493177,-0.0055236415937542,0.0184156987816095,0.0151077611371874,-0.0109858652576804,-0.0142262578010559,0.0131810419261455,0.0026642745360732,0.0342320837080478,0.0212577302008867,-0.0187277365475893,-0.0049869804643094,-0.0206695515662431,0.0117672896012663,-0.0092298733070492,-0.0079689621925354,0.0209069233387708,0.0002170716761611,0.0053286058828234,-0.0054265246726572,-0.0047141970135271,-0.0013095018221065,0.0475307740271091,0.0043706460855901,-0.0316795445978641,0.0078329117968678,-0.0115214008837938,-0.0025906504597514,-0.0058737378567457,-0.0051948414184153,-0.0087336022406816,0.0104438541457057,-0.0151950279250741,0.0086132977157831,0.0066072875633835,-0.0029888853896409,-0.0389287620782852,-0.0064239664934575,-0.008486108854413,0.0,0.0032957685180008,-0.0168104004114866,-0.0193913597613573,0.0019728222396224,0.0062330495566129,0.0002188172511523,-0.0032414621673524,0.0129046402871608,-0.0117458263412118,-0.0053984019905328,0.0232176575809717,-0.0078159049153327,0.0130050145089626,0.0159737318754196,-0.0071429153904318,0.0025845128111541,-0.0092542227357625,0.0015037528937682,0.0060241296887397,-0.0592020228505134,0.0330976545810699,0.0150478761643171,0.0079839974641799,0.0114554874598979,0.0034334457013756,-0.0139906127005815,-0.0042734392918646,-0.010585612617433,-0.0070721362717449,-0.0165539532899856,0.0912004113197326,-0.0130565990339422,0.0861138903711804,-0.0158545180200435,0.0982386217835793,-0.0172533884655605,0.1207595027438317,0.020983949079784,0.1795897094706897,0.056711903816828,0.341108830049303,0.0279307915673334,0.2580785233567431,2019-02-11,2019-02-12,2019-02-13,2019-02-14,2019-02-15,2019-02-19,2019-02-20,2019-02-21,2019-02-22,2019-02-25,85926.0,2019-02-08,252.0,-3.1172%,0.0001,0.7572,0.123,0.3517,1.4804%,1.6651%,20.9490%,-0.0297529999999999,SEE,85926.0,2019-02-11,252.0,-1.6554%,0.0,0.7346,0.1183,0.3373,1.4826%,1.6499%,19.2491%,-0.019335,SEE,85926.0,2019-02-12,252.0,0.3556%,0.0002,0.7505,0.0935,0.3498,1.4687%,1.6438%,20.1665%,-0.005984,SEE,85926.0,2019-02-13,252.0,-0.2835%,0.0001,0.7443,0.1018,0.35,1.4672%,1.6388%,19.8439%,-0.005337,SEE,85926.0,2019-02-14,252.0,-0.2606%,0.0002,0.7456,0.1026,0.3467,1.4615%,1.6345%,20.0520%,0.000358,SEE,85926.0,2019-02-15,252.0,0.1188%,0.0001,0.7348,0.0919,0.3278,1.4622%,1.6302%,19.5500%,-0.009259,SEE,85926.0,2019-02-19,252.0,0.0949%,0.0001,0.7338,0.0917,0.3276,1.4622%,1.6293%,19.4582%,-0.001797,SEE,85926.0,2019-02-20,252.0,1.4932%,0.0002,0.7375,0.1029,0.3418,1.4633%,1.6316%,19.5600%,0.0114349999999999,SEE,85926.0,2019-02-21,252.0,0.6305%,0.0002,0.7323,0.0944,0.3322,1.4636%,1.6296%,19.3327%,0.009793,SEE,85926.0,2019-02-22,252.0,0.8355%,0.0002,0.7314,0.0901,0.3177,1.4641%,1.6303%,19.3461%,0.007858,SEE,85926.0,2019-02-25,252.0,0.7825%,0.0003,0.7308,0.0859,0.3131,1.4644%,1.6304%,19.3278%,0.007434,SEE,-0.049088,-0.055072,-0.060409,-0.06931,-0.034587
31859,SEALED AIR CORP NEW,Goldman Sachs Downgrades Sealed Air to Neutral,6,decrease,0.8,0.6,"a downgrade from goldman sachs typically signals reduced expectations for the company's performance, which can lead to a decline in stock price.",0,2019-02-08,SEE,2019-02-08 13:36:00+00:00,85926.0,81211K10,-0.0311723761260509,3560139.0,-0.0165539532899856,0.0912004113197326,0.0035562238190323,-0.0046613994054496,-0.0028349335771054,0.0111634070053696,-0.0026060319505631,0.0059895603917539,0.0011877210345119,0.014430372044444,0.0009489228832535,0.0104886116459965,0.0149324741214513,0.0142708672210574,0.0063054752536118,0.0060036424547433,0.0083546210080385,0.0094861816614866,0.0078250896185636,0.0111911008134484,-0.0011417957721278,0.0096852472051978,0.0089163091033697,-0.024153372272849,-0.0115568125620484,0.0092739388346672,0.0091701410710811,0.0156082306057214,0.0056792367249727,0.0106064556166529,0.0144567284733057,0.0027270873542875,0.0,0.0052082957699894,-0.0055666854605078,-0.0024610378313809,0.008539349772036,0.0133000705391168,-0.0008912859484553,0.0232492107897996,0.0107047175988555,-0.0216365829110145,-0.0006619324558414,0.013779466971755,-0.0064031993970274,0.0031029791571199,0.0066666495986282,0.0207313913851976,0.008609258569777,-0.0167044214904308,-0.0094112567603588,0.0137772541493177,-0.0055236415937542,0.0184156987816095,0.0151077611371874,-0.0109858652576804,-0.0142262578010559,0.0131810419261455,0.0026642745360732,0.0342320837080478,0.0212577302008867,-0.0187277365475893,-0.0049869804643094,-0.0206695515662431,0.0117672896012663,-0.0092298733070492,-0.0079689621925354,0.0209069233387708,0.0002170716761611,0.0053286058828234,-0.0054265246726572,-0.0047141970135271,-0.0013095018221065,0.0475307740271091,0.0043706460855901,-0.0316795445978641,0.0078329117968678,-0.0115214008837938,-0.0025906504597514,-0.0058737378567457,-0.0051948414184153,-0.0087336022406816,0.0104438541457057,-0.0151950279250741,0.0086132977157831,0.0066072875633835,-0.0029888853896409,-0.0389287620782852,-0.0064239664934575,-0.008486108854413,0.0,0.0032957685180008,-0.0168104004114866,-0.0193913597613573,0.0019728222396224,0.0062330495566129,0.0002188172511523,-0.0032414621673524,0.0129046402871608,-0.0117458263412118,-0.0053984019905328,0.0232176575809717,-0.0078159049153327,0.0130050145089626,0.0159737318754196,-0.0071429153904318,0.0025845128111541,-0.0092542227357625,0.0015037528937682,0.0060241296887397,-0.0592020228505134,0.0330976545810699,0.0150478761643171,0.0079839974641799,0.0114554874598979,0.0034334457013756,-0.0139906127005815,-0.0042734392918646,-0.010585612617433,-0.0070721362717449,-0.0165539532899856,0.0912004113197326,-0.0130565990339422,0.0861138903711804,-0.0158545180200435,0.0982386217835793,-0.0172533884655605,0.1207595027438317,0.020983949079784,0.1795897094706897,0.056711903816828,0.341108830049303,0.0279307915673334,0.2580785233567431,2019-02-11,2019-02-12,2019-02-13,2019-02-14,2019-02-15,2019-02-19,2019-02-20,2019-02-21,2019-02-22,2019-02-25,85926.0,2019-02-08,252.0,-3.1172%,0.0001,0.7572,0.123,0.3517,1.4804%,1.6651%,20.9490%,-0.0297529999999999,SEE,85926.0,2019-02-11,252.0,-1.6554%,0.0,0.7346,0.1183,0.3373,1.4826%,1.6499%,19.2491%,-0.019335,SEE,85926.0,2019-02-12,252.0,0.3556%,0.0002,0.7505,0.0935,0.3498,1.4687%,1.6438%,20.1665%,-0.005984,SEE,85926.0,2019-02-13,252.0,-0.2835%,0.0001,0.7443,0.1018,0.35,1.4672%,1.6388%,19.8439%,-0.005337,SEE,85926.0,2019-02-14,252.0,-0.2606%,0.0002,0.7456,0.1026,0.3467,1.4615%,1.6345%,20.0520%,0.000358,SEE,85926.0,2019-02-15,252.0,0.1188%,0.0001,0.7348,0.0919,0.3278,1.4622%,1.6302%,19.5500%,-0.009259,SEE,85926.0,2019-02-19,252.0,0.0949%,0.0001,0.7338,0.0917,0.3276,1.4622%,1.6293%,19.4582%,-0.001797,SEE,85926.0,2019-02-20,252.0,1.4932%,0.0002,0.7375,0.1029,0.3418,1.4633%,1.6316%,19.5600%,0.0114349999999999,SEE,85926.0,2019-02-21,252.0,0.6305%,0.0002,0.7323,0.0944,0.3322,1.4636%,1.6296%,19.3327%,0.009793,SEE,85926.0,2019-02-22,252.0,0.8355%,0.0002,0.7314,0.0901,0.3177,1.4641%,1.6303%,19.3461%,0.007858,SEE,85926.0,2019-02-25,252.0,0.7825%,0.0003,0.7308,0.0859,0.3131,1.4644%,1.6304%,19.3278%,0.007434,SEE,-0.049088,-0.055072,-0.060409,-0.06931,-0.034587
31867,SPROUTS FARMERS MARKET INC,Buckingham Initiates Coverage On Sprouts Farmers Market with Neutral Rating,6,uncertain,0.6,0.2,"the initiation of coverage with a neutral rating suggests a lack of strong positive or negative sentiment, leading to uncertainty in the stock price movement.",1,2019-02-08,SFM,2019-02-08 12:01:00+00:00,14102.0,85208M10,-0.0096841910853981,951729.0,0.0076530738733708,-0.0071070264093577,0.0050632460042834,-0.0074688922613859,0.0067170383408665,0.0168776214122772,-0.0016680153785273,0.0097998064011335,0.0254803132265806,-0.0212677326053381,0.0142566347494721,-0.0004168498853687,-0.0305220987647771,-0.0082679102197289,-0.0352112054824829,0.0176693331450223,0.0081579480320215,-0.0157349556684494,0.0089438240975141,-0.0090275425463914,-0.0156184397637844,-0.0105561641976237,-0.0012863971060141,-0.0020259781740605,0.0012880540452897,-0.0108216609805822,-0.0051457518711686,0.0044283657334744,-0.0034482723567634,0.0,0.0,0.0201231930404901,-0.0038927400019019,0.0175511930137872,-0.0078159049153327,-0.0045757321640849,-0.0323851108551025,-0.0041424389928579,0.0049750655889511,-0.0065843560732901,-0.0121511500328779,-0.0053213699720799,0.015034164302051,0.0158004611730575,0.0013464442454278,0.0088086863979697,0.0035858326591551,0.0033670000266283,0.0062528494745492,0.0114942723885178,-0.0173103101551532,-0.000850721320603,-0.0036133660469204,0.013799037784338,0.0203989464789629,0.0086994674056768,0.0044424869120121,-0.0094786435365676,0.000442292279331,0.0247240383177995,-0.0026525806169956,-0.0182054657489061,-0.0363475047051906,0.0083042196929454,-0.0013799763983115,-0.0163371060043573,-0.0078304084017872,-0.0110544310882687,0.0060352440923452,0.0008510833140462,-0.0267651099711656,-0.0191986262798309,-0.0080606956034898,-0.0049834237433969,0.0172084420919418,0.0079531408846378,0.0093984417617321,-0.0124018657952547,-0.0046555111184716,0.0083368392661213,-0.006080409977585,-0.0188139453530311,0.0141176115721464,-0.0255081467330455,0.0018561910837888,0.0389234200119972,-0.0120426230132579,-0.038614697754383,0.0014065019786357,0.0912250354886055,-0.0074906293302774,-0.1483536809682846,0.0169810708612203,0.0150207113474607,0.0004638325190171,-0.0026217827107757,-0.02549834176898,0.009833593852818,-0.0114176860079169,-0.0357403196394443,0.0264677200466394,0.0223713796585798,-0.0079699987545609,-0.0397422350943088,-0.0066162282600998,0.0115899918600916,0.0261655189096927,-0.0021683941595256,-0.006954085547477,0.0061818207614123,-0.0060690552927553,-0.0371148288249969,0.0540159493684768,0.0295601915568113,-0.0138146774843335,0.0105646261945366,0.0171713102608919,0.0162902828305959,-0.0102176610380411,-0.0055228136479854,0.0076530738733708,-0.0071070264093577,0.0127550692733642,-0.0145228370561933,0.0195577839035803,0.0021096734104171,0.0437924647366672,-0.0095913057323159,0.0072278926953621,-0.0254411490621813,-0.0382652922191925,0.0485651385779164,-0.0527210795009187,-0.1255522756311659,2019-02-11,2019-02-12,2019-02-13,2019-02-14,2019-02-15,2019-02-19,2019-02-20,2019-02-21,2019-02-22,2019-02-25,14102.0,2019-02-08,252.0,-0.9684%,-0.0003,0.4512,0.656,0.2788,2.1663%,2.2333%,5.9084%,-0.008659,SFM,14102.0,2019-02-11,252.0,0.7653%,-0.0002,0.4366,0.673,0.2802,2.1651%,2.2299%,5.7212%,0.00195,SFM,14102.0,2019-02-12,252.0,0.5063%,-0.0003,0.4309,0.6799,0.2761,2.1643%,2.2289%,5.7079%,-0.000632,SFM,14102.0,2019-02-13,252.0,0.6717%,-0.0002,0.4351,0.6749,0.2764,2.1640%,2.2290%,5.7443%,0.004809,SFM,14102.0,2019-02-14,252.0,-0.1668%,-0.0003,0.4346,0.6729,0.2805,2.1616%,2.2262%,5.7231%,-0.00276,SFM,14102.0,2019-02-15,252.0,2.5480%,-0.0002,0.4455,0.6847,0.3007,2.1644%,2.2311%,5.8854%,0.0174409999999999,SFM,14102.0,2019-02-19,252.0,1.4257%,-0.0002,0.4483,0.6903,0.3068,2.1654%,2.2329%,5.9532%,0.010422,SFM,14102.0,2019-02-20,252.0,-3.0522%,-0.0003,0.4388,0.6693,0.2729,2.1762%,2.2411%,5.7037%,-0.03468,SFM,14102.0,2019-02-21,252.0,-3.5211%,-0.0003,0.4348,0.654,0.2658,2.1765%,2.2395%,5.5404%,-0.032591,SFM,14102.0,2019-02-22,252.0,0.8158%,-0.0003,0.434,0.654,0.2563,2.1768%,2.2399%,5.5490%,0.005543,SFM,14102.0,2019-02-25,252.0,0.8944%,-0.0002,0.4313,0.6461,0.2422,2.1732%,2.2358%,5.5195%,0.010355,SFM,-0.006709,-0.0073409999999999,-0.0025319999999999,0.0121489999999999,-0.028802
31875,SEAGEN INC,Seattle Genetics shares are trading lower after the company reported Q4 EPS of $(0.75) missing the $(0.43) estimate.,6,decrease,0.8,0.6,"the company's earnings per share (eps) missed analyst estimates, which typically leads to a negative reaction in stock prices.",0,2019-02-08,SGEN,2019-02-08 17:06:00+00:00,88949.0,81181C10,-0.1183729246258736,3576545.0,0.0232236571609973,-0.0255021173506975,-0.001052152365446,0.0,0.0278362706303596,-0.0100718988105654,0.0038062091916799,-0.0075295576825737,0.0424384362995624,0.0078503005206584,-0.0186066273599863,0.0173033829778432,-0.0055595063604414,0.0263661257922649,-0.0086008952930569,0.0131487464532256,0.0299305897206068,-0.0067362920381128,0.0206372812390327,0.0239301361143589,-0.0174690056592226,0.0072309961542487,0.0299593918025493,-0.0031095577869564,0.0096506606787443,-0.0388534255325794,0.0053850500844419,0.0335579812526702,-0.0360203869640827,-0.0062787351198494,-0.0016668303869664,-0.0047216215170919,-0.034506794065237,0.0237419083714485,-0.0072056492790579,-0.0149839976802468,0.0047902720980346,0.0057746996171772,0.0251372121274471,0.0233497098088264,-0.0009864669991657,0.0319796800613403,0.0304697938263416,0.0684997662901878,0.0075290268287062,0.0567685104906559,0.0138587541878223,0.0562356226146221,-0.0156795196235179,-0.0194816961884498,-0.0080326255410909,0.0146488146856427,-0.0012353000929579,0.0146848084405064,0.0349045060575008,-0.0125552443787455,-0.0175275485962629,-0.0044014086015522,-0.0016217748634517,0.0796426236629486,0.0192229337990284,0.0038160802796483,-0.0014610254438593,-0.0348066203296184,-0.0446927435696125,-0.0138031626120209,0.0197716262191534,-0.0167856905609369,0.0050519220530986,-0.0448575988411903,0.0129058137536048,-0.030588598921895,-0.0112660452723503,-0.0085245976224541,0.0009495346457697,-0.0153349600732326,0.075620025396347,0.0165737140923738,0.0091973757371306,0.0047814855352044,-0.0087390383705496,0.011001830920577,0.0190176591277122,-0.0330431833863258,-0.0321345441043376,0.0157170761376619,-0.0033200678881257,-0.0448787957429885,-0.0052530895918607,0.0218919608741998,-0.0121071925386786,-0.0047709802165627,-0.0769229978322982,0.0249389186501503,-0.022881394252181,0.0480013228952884,-0.006071092095226,0.0168490745127201,0.0285049304366111,-0.0121825514361262,-0.0200791601091623,0.0181690622121095,0.0258296281099319,0.0186866540461778,-0.0350259952247142,-0.0152471559122204,-0.000728796236217,-0.0064426073804497,-0.0112327383831143,0.0558926463127136,-0.0115078017115593,0.0246796812862157,-0.0011940571712329,-0.0320933312177658,0.0049312887713313,-0.0025463693309575,0.0176952034235,-0.0530485995113849,-0.0125657599419355,-0.041281372308731,0.0232236571609973,-0.0255021173506975,0.022147069969735,-0.0255021173506975,0.0505998324334417,-0.0353171614158516,0.099354152172798,-0.0350647680225911,0.1181175131475287,0.0381475102496049,0.1361120640964823,0.4018247313426883,0.0393725848018253,0.2178005017575432,2019-02-11,2019-02-12,2019-02-13,2019-02-14,2019-02-15,2019-02-19,2019-02-20,2019-02-21,2019-02-22,2019-02-25,88949.0,2019-02-08,252.0,-11.8373%,0.0008,1.3529,0.3998,-0.4159,2.0787%,2.6385%,37.9337%,-0.123599,SGEN,88949.0,2019-02-11,252.0,2.3224%,0.0008,1.3852,0.3946,-0.4018,2.0773%,2.6364%,37.9157%,0.019547,SGEN,88949.0,2019-02-12,252.0,-0.1052%,0.0008,1.3884,0.3747,-0.3966,2.0759%,2.6358%,37.9730%,-0.020752,SGEN,88949.0,2019-02-13,252.0,2.7836%,0.0008,1.3807,0.3969,-0.3871,2.0753%,2.6278%,37.6257%,0.023902,SGEN,88949.0,2019-02-14,252.0,0.3806%,0.0009,1.381,0.3981,-0.3894,2.0745%,2.6277%,37.6716%,0.002297,SGEN,88949.0,2019-02-15,252.0,4.2438%,0.0009,1.3859,0.4053,-0.3778,2.0790%,2.6310%,37.5580%,0.027607,SGEN,88949.0,2019-02-19,252.0,-1.8607%,0.0009,1.3829,0.3894,-0.3954,2.0835%,2.6327%,37.3693%,-0.0213819999999999,SGEN,88949.0,2019-02-20,252.0,-0.5560%,0.0009,1.3815,0.3903,-0.3991,2.0833%,2.6326%,37.3730%,-0.0069689999999999,SGEN,88949.0,2019-02-21,252.0,-0.8601%,0.0008,1.3835,0.3932,-0.3955,2.0835%,2.6329%,37.3781%,-0.004234,SGEN,88949.0,2019-02-22,252.0,2.9931%,0.0009,1.3819,0.3933,-0.4151,2.0849%,2.6390%,37.5893%,0.012862,SGEN,88949.0,2019-02-25,252.0,2.0637%,0.001,1.3807,0.3834,-0.4245,2.0871%,2.6414%,37.5657%,0.01874,SGEN,-0.104052,-0.124804,-0.100902,-0.070998,-0.071981
31883,SKECHERS U S A INC,"Skechers Stomps Out A Great Quarter, But Market Cycles Point To A Correction",6,uncertain,0.6,0.3,"while skechers reported a great quarter, the mention of market cycles pointing to a correction introduces uncertainty about future stock performance.",1,2019-02-08,SKX,2019-02-08 20:49:00+00:00,86949.0,83056610,0.1519855260848999,14442984.0,0.0209966152906417,0.001084231538698,-0.018109330907464,0.0032632397487759,0.0171929094940424,0.0139705566689372,0.0092193987220525,0.0115285003557801,0.0045676468871533,-0.0103055089712142,0.0193997994065284,-0.0043972455896437,0.0029734901618212,0.0255543142557144,-0.0035576322115957,-0.0111482441425323,0.0050579640083014,0.0105144837871193,0.0115452753379941,0.0238369442522525,-0.0122914304956793,0.0172076858580112,0.0094814728945493,-0.0042835129424929,-0.0129145476967096,-0.0342233851552009,0.0169491432607173,-0.0133580928668379,-0.0014619659632444,0.0631163865327835,-0.0240117032080888,0.0063517205417156,-0.015901667997241,0.0088106216862797,-0.0021341370884329,-0.0118718296289444,-0.008249326609075,0.0148594714701175,0.0055452962405979,-0.0012033969396725,0.0045956349931657,0.0097205247730016,0.0003049198421649,0.0181443523615598,-0.0015243670204654,0.0502381920814514,-0.0051907836459577,0.02667854167521,0.0159606076776981,-0.0301854573190212,-0.0072506912983953,0.0131062101572752,-0.0161289945244789,-0.0116580510511994,0.0049489587545394,0.0012970465468242,-0.0621730461716651,-0.0064433645457029,0.0180505793541669,0.0649588331580162,0.015473872423172,-0.0077167530544102,0.0342857725918293,-0.0156388953328132,0.0190300457179546,0.0022391059901565,0.0123493922874331,-0.0303951688110828,0.0223147869110107,0.0167770888656377,-0.0029104275163263,-0.0109170312061905,0.0131348744034767,-0.0259464308619499,0.0069144824519753,-0.0305154547095298,-0.0091559281572699,-0.0093954065814614,-0.0034652827307581,0.0090683968737721,-0.0141987213864922,-0.0134200863540172,0.012639632448554,-0.0614504031836986,-0.0029028239659965,-0.0150375794619321,0.0017467649886384,-0.0604026541113853,0.0124963764101266,0.0485184974968433,0.0068886820226907,0.0165662858635187,0.0057011670432984,-0.0126394107937812,-0.1043083518743515,0.0239816959947347,-0.0579113885760307,-0.0270370207726955,0.0040308674797415,0.0305343214422464,0.0424891412258148,-0.0183589272201061,-0.0179717410355806,0.031298354268074,0.0183006357401609,-0.0148458806797862,0.0150834182277321,-0.0373763442039489,0.0009484883630648,-0.0061907563358545,-0.0113708339631557,-0.0317348912358284,0.0031949004624038,0.0017662008758634,0.0194267109036445,-0.0187175367027521,-0.0465478897094726,-0.0034542444627732,-0.0265400186181068,-0.0239379331469535,0.0209966152906417,0.001084231538698,0.0025070497289427,0.0043510093949279,0.019743062702072,0.0183823520871839,0.033845249174373,0.0195068339128614,0.0708241438190551,0.0649750294994029,-0.0278909223499502,0.2671546256477084,-0.0689439313451716,-0.0660822339744729,2019-02-11,2019-02-12,2019-02-13,2019-02-14,2019-02-15,2019-02-19,2019-02-20,2019-02-21,2019-02-22,2019-02-25,86949.0,2019-02-08,252.0,15.1986%,-0.0005,1.2055,0.3627,0.1892,3.0616%,3.3205%,14.9834%,0.152863,SKX,86949.0,2019-02-11,252.0,2.0997%,-0.0003,1.1728,0.4166,0.2013,3.0584%,3.2956%,13.8808%,0.01638,SKX,86949.0,2019-02-12,252.0,-1.8109%,-0.0007,1.1185,0.4615,0.1656,3.0399%,3.2628%,13.1964%,-0.0339,SKX,86949.0,2019-02-13,252.0,1.7193%,-0.0005,1.1381,0.4342,0.1642,3.0317%,3.2607%,13.5524%,0.013568,SKX,86949.0,2019-02-14,252.0,0.9219%,-0.0005,1.1356,0.44,0.158,3.0325%,3.2611%,13.5335%,0.010204,SKX,86949.0,2019-02-15,252.0,0.4568%,-0.0005,1.1401,0.443,0.164,3.0319%,3.2611%,13.5608%,-0.010222,SKX,86949.0,2019-02-19,252.0,1.9400%,-0.0003,1.1541,0.4377,0.1568,3.0258%,3.2604%,13.8719%,0.015357,SKX,86949.0,2019-02-20,252.0,0.2973%,-0.0002,1.1547,0.443,0.16,3.0253%,3.2602%,13.8894%,-0.001144,SKX,86949.0,2019-02-21,252.0,-0.3558%,-0.0002,1.1528,0.4395,0.1565,3.0252%,3.2591%,13.8405%,0.0012929999999999,SKX,86949.0,2019-02-22,252.0,0.5058%,-0.0003,1.1536,0.4267,0.1547,3.0247%,3.2589%,13.8582%,-0.002651,SKX,86949.0,2019-02-25,252.0,1.1545%,-0.0002,1.1514,0.4188,0.1422,3.0232%,3.2574%,13.8653%,0.011103,SKX,0.169243,0.135343,0.148911,0.1488929999999999,0.1728509999999999
31891,SKECHERS U S A INC,The Street Debates Skechers Q4: Sustainable Momentum Or One-Off Quarter?,6,uncertain,0.6,0.5,"the debate over whether skechers' q4 performance reflects sustainable momentum or a one-off quarter introduces ambiguity, making it difficult to predict a clear direction for the stock price.",1,2019-02-08,SKX,2019-02-08 16:47:00+00:00,86949.0,83056610,0.1519855260848999,14442984.0,0.0209966152906417,0.001084231538698,-0.018109330907464,0.0032632397487759,0.0171929094940424,0.0139705566689372,0.0092193987220525,0.0115285003557801,0.0045676468871533,-0.0103055089712142,0.0193997994065284,-0.0043972455896437,0.0029734901618212,0.0255543142557144,-0.0035576322115957,-0.0111482441425323,0.0050579640083014,0.0105144837871193,0.0115452753379941,0.0238369442522525,-0.0122914304956793,0.0172076858580112,0.0094814728945493,-0.0042835129424929,-0.0129145476967096,-0.0342233851552009,0.0169491432607173,-0.0133580928668379,-0.0014619659632444,0.0631163865327835,-0.0240117032080888,0.0063517205417156,-0.015901667997241,0.0088106216862797,-0.0021341370884329,-0.0118718296289444,-0.008249326609075,0.0148594714701175,0.0055452962405979,-0.0012033969396725,0.0045956349931657,0.0097205247730016,0.0003049198421649,0.0181443523615598,-0.0015243670204654,0.0502381920814514,-0.0051907836459577,0.02667854167521,0.0159606076776981,-0.0301854573190212,-0.0072506912983953,0.0131062101572752,-0.0161289945244789,-0.0116580510511994,0.0049489587545394,0.0012970465468242,-0.0621730461716651,-0.0064433645457029,0.0180505793541669,0.0649588331580162,0.015473872423172,-0.0077167530544102,0.0342857725918293,-0.0156388953328132,0.0190300457179546,0.0022391059901565,0.0123493922874331,-0.0303951688110828,0.0223147869110107,0.0167770888656377,-0.0029104275163263,-0.0109170312061905,0.0131348744034767,-0.0259464308619499,0.0069144824519753,-0.0305154547095298,-0.0091559281572699,-0.0093954065814614,-0.0034652827307581,0.0090683968737721,-0.0141987213864922,-0.0134200863540172,0.012639632448554,-0.0614504031836986,-0.0029028239659965,-0.0150375794619321,0.0017467649886384,-0.0604026541113853,0.0124963764101266,0.0485184974968433,0.0068886820226907,0.0165662858635187,0.0057011670432984,-0.0126394107937812,-0.1043083518743515,0.0239816959947347,-0.0579113885760307,-0.0270370207726955,0.0040308674797415,0.0305343214422464,0.0424891412258148,-0.0183589272201061,-0.0179717410355806,0.031298354268074,0.0183006357401609,-0.0148458806797862,0.0150834182277321,-0.0373763442039489,0.0009484883630648,-0.0061907563358545,-0.0113708339631557,-0.0317348912358284,0.0031949004624038,0.0017662008758634,0.0194267109036445,-0.0187175367027521,-0.0465478897094726,-0.0034542444627732,-0.0265400186181068,-0.0239379331469535,0.0209966152906417,0.001084231538698,0.0025070497289427,0.0043510093949279,0.019743062702072,0.0183823520871839,0.033845249174373,0.0195068339128614,0.0708241438190551,0.0649750294994029,-0.0278909223499502,0.2671546256477084,-0.0689439313451716,-0.0660822339744729,2019-02-11,2019-02-12,2019-02-13,2019-02-14,2019-02-15,2019-02-19,2019-02-20,2019-02-21,2019-02-22,2019-02-25,86949.0,2019-02-08,252.0,15.1986%,-0.0005,1.2055,0.3627,0.1892,3.0616%,3.3205%,14.9834%,0.152863,SKX,86949.0,2019-02-11,252.0,2.0997%,-0.0003,1.1728,0.4166,0.2013,3.0584%,3.2956%,13.8808%,0.01638,SKX,86949.0,2019-02-12,252.0,-1.8109%,-0.0007,1.1185,0.4615,0.1656,3.0399%,3.2628%,13.1964%,-0.0339,SKX,86949.0,2019-02-13,252.0,1.7193%,-0.0005,1.1381,0.4342,0.1642,3.0317%,3.2607%,13.5524%,0.013568,SKX,86949.0,2019-02-14,252.0,0.9219%,-0.0005,1.1356,0.44,0.158,3.0325%,3.2611%,13.5335%,0.010204,SKX,86949.0,2019-02-15,252.0,0.4568%,-0.0005,1.1401,0.443,0.164,3.0319%,3.2611%,13.5608%,-0.010222,SKX,86949.0,2019-02-19,252.0,1.9400%,-0.0003,1.1541,0.4377,0.1568,3.0258%,3.2604%,13.8719%,0.015357,SKX,86949.0,2019-02-20,252.0,0.2973%,-0.0002,1.1547,0.443,0.16,3.0253%,3.2602%,13.8894%,-0.001144,SKX,86949.0,2019-02-21,252.0,-0.3558%,-0.0002,1.1528,0.4395,0.1565,3.0252%,3.2591%,13.8405%,0.0012929999999999,SKX,86949.0,2019-02-22,252.0,0.5058%,-0.0003,1.1536,0.4267,0.1547,3.0247%,3.2589%,13.8582%,-0.002651,SKX,86949.0,2019-02-25,252.0,1.1545%,-0.0002,1.1514,0.4188,0.1422,3.0232%,3.2574%,13.8653%,0.011103,SKX,0.169243,0.135343,0.148911,0.1488929999999999,0.1728509999999999
31899,SKECHERS U S A INC,CFRA Earlier Downgraded Skechers USA to Sell,6,decrease,0.8,0.7,a downgrade to 'sell' typically signals negative sentiment and can lead to a decrease in stock price as investors may react by selling their shares.,0,2019-02-08,SKX,2019-02-08 16:17:00+00:00,86949.0,83056610,0.1519855260848999,14442984.0,0.0209966152906417,0.001084231538698,-0.018109330907464,0.0032632397487759,0.0171929094940424,0.0139705566689372,0.0092193987220525,0.0115285003557801,0.0045676468871533,-0.0103055089712142,0.0193997994065284,-0.0043972455896437,0.0029734901618212,0.0255543142557144,-0.0035576322115957,-0.0111482441425323,0.0050579640083014,0.0105144837871193,0.0115452753379941,0.0238369442522525,-0.0122914304956793,0.0172076858580112,0.0094814728945493,-0.0042835129424929,-0.0129145476967096,-0.0342233851552009,0.0169491432607173,-0.0133580928668379,-0.0014619659632444,0.0631163865327835,-0.0240117032080888,0.0063517205417156,-0.015901667997241,0.0088106216862797,-0.0021341370884329,-0.0118718296289444,-0.008249326609075,0.0148594714701175,0.0055452962405979,-0.0012033969396725,0.0045956349931657,0.0097205247730016,0.0003049198421649,0.0181443523615598,-0.0015243670204654,0.0502381920814514,-0.0051907836459577,0.02667854167521,0.0159606076776981,-0.0301854573190212,-0.0072506912983953,0.0131062101572752,-0.0161289945244789,-0.0116580510511994,0.0049489587545394,0.0012970465468242,-0.0621730461716651,-0.0064433645457029,0.0180505793541669,0.0649588331580162,0.015473872423172,-0.0077167530544102,0.0342857725918293,-0.0156388953328132,0.0190300457179546,0.0022391059901565,0.0123493922874331,-0.0303951688110828,0.0223147869110107,0.0167770888656377,-0.0029104275163263,-0.0109170312061905,0.0131348744034767,-0.0259464308619499,0.0069144824519753,-0.0305154547095298,-0.0091559281572699,-0.0093954065814614,-0.0034652827307581,0.0090683968737721,-0.0141987213864922,-0.0134200863540172,0.012639632448554,-0.0614504031836986,-0.0029028239659965,-0.0150375794619321,0.0017467649886384,-0.0604026541113853,0.0124963764101266,0.0485184974968433,0.0068886820226907,0.0165662858635187,0.0057011670432984,-0.0126394107937812,-0.1043083518743515,0.0239816959947347,-0.0579113885760307,-0.0270370207726955,0.0040308674797415,0.0305343214422464,0.0424891412258148,-0.0183589272201061,-0.0179717410355806,0.031298354268074,0.0183006357401609,-0.0148458806797862,0.0150834182277321,-0.0373763442039489,0.0009484883630648,-0.0061907563358545,-0.0113708339631557,-0.0317348912358284,0.0031949004624038,0.0017662008758634,0.0194267109036445,-0.0187175367027521,-0.0465478897094726,-0.0034542444627732,-0.0265400186181068,-0.0239379331469535,0.0209966152906417,0.001084231538698,0.0025070497289427,0.0043510093949279,0.019743062702072,0.0183823520871839,0.033845249174373,0.0195068339128614,0.0708241438190551,0.0649750294994029,-0.0278909223499502,0.2671546256477084,-0.0689439313451716,-0.0660822339744729,2019-02-11,2019-02-12,2019-02-13,2019-02-14,2019-02-15,2019-02-19,2019-02-20,2019-02-21,2019-02-22,2019-02-25,86949.0,2019-02-08,252.0,15.1986%,-0.0005,1.2055,0.3627,0.1892,3.0616%,3.3205%,14.9834%,0.152863,SKX,86949.0,2019-02-11,252.0,2.0997%,-0.0003,1.1728,0.4166,0.2013,3.0584%,3.2956%,13.8808%,0.01638,SKX,86949.0,2019-02-12,252.0,-1.8109%,-0.0007,1.1185,0.4615,0.1656,3.0399%,3.2628%,13.1964%,-0.0339,SKX,86949.0,2019-02-13,252.0,1.7193%,-0.0005,1.1381,0.4342,0.1642,3.0317%,3.2607%,13.5524%,0.013568,SKX,86949.0,2019-02-14,252.0,0.9219%,-0.0005,1.1356,0.44,0.158,3.0325%,3.2611%,13.5335%,0.010204,SKX,86949.0,2019-02-15,252.0,0.4568%,-0.0005,1.1401,0.443,0.164,3.0319%,3.2611%,13.5608%,-0.010222,SKX,86949.0,2019-02-19,252.0,1.9400%,-0.0003,1.1541,0.4377,0.1568,3.0258%,3.2604%,13.8719%,0.015357,SKX,86949.0,2019-02-20,252.0,0.2973%,-0.0002,1.1547,0.443,0.16,3.0253%,3.2602%,13.8894%,-0.001144,SKX,86949.0,2019-02-21,252.0,-0.3558%,-0.0002,1.1528,0.4395,0.1565,3.0252%,3.2591%,13.8405%,0.0012929999999999,SKX,86949.0,2019-02-22,252.0,0.5058%,-0.0003,1.1536,0.4267,0.1547,3.0247%,3.2589%,13.8582%,-0.002651,SKX,86949.0,2019-02-25,252.0,1.1545%,-0.0002,1.1514,0.4188,0.1422,3.0232%,3.2574%,13.8653%,0.011103,SKX,0.169243,0.135343,0.148911,0.1488929999999999,0.1728509999999999
31907,SKECHERS U S A INC,Skechers shares are trading higher after the company said it expects Q1 EPS of $0.70 to $0.75 versus the $0.69 analyst estimate.,6,increase,0.8,0.6,the positive earnings per share (eps) guidance exceeding analyst estimates is likely to boost investor confidence and drive the stock price higher.,2,2019-02-08,SKX,2019-02-08 12:58:00+00:00,86949.0,83056610,0.1519855260848999,14442984.0,0.0209966152906417,0.001084231538698,-0.018109330907464,0.0032632397487759,0.0171929094940424,0.0139705566689372,0.0092193987220525,0.0115285003557801,0.0045676468871533,-0.0103055089712142,0.0193997994065284,-0.0043972455896437,0.0029734901618212,0.0255543142557144,-0.0035576322115957,-0.0111482441425323,0.0050579640083014,0.0105144837871193,0.0115452753379941,0.0238369442522525,-0.0122914304956793,0.0172076858580112,0.0094814728945493,-0.0042835129424929,-0.0129145476967096,-0.0342233851552009,0.0169491432607173,-0.0133580928668379,-0.0014619659632444,0.0631163865327835,-0.0240117032080888,0.0063517205417156,-0.015901667997241,0.0088106216862797,-0.0021341370884329,-0.0118718296289444,-0.008249326609075,0.0148594714701175,0.0055452962405979,-0.0012033969396725,0.0045956349931657,0.0097205247730016,0.0003049198421649,0.0181443523615598,-0.0015243670204654,0.0502381920814514,-0.0051907836459577,0.02667854167521,0.0159606076776981,-0.0301854573190212,-0.0072506912983953,0.0131062101572752,-0.0161289945244789,-0.0116580510511994,0.0049489587545394,0.0012970465468242,-0.0621730461716651,-0.0064433645457029,0.0180505793541669,0.0649588331580162,0.015473872423172,-0.0077167530544102,0.0342857725918293,-0.0156388953328132,0.0190300457179546,0.0022391059901565,0.0123493922874331,-0.0303951688110828,0.0223147869110107,0.0167770888656377,-0.0029104275163263,-0.0109170312061905,0.0131348744034767,-0.0259464308619499,0.0069144824519753,-0.0305154547095298,-0.0091559281572699,-0.0093954065814614,-0.0034652827307581,0.0090683968737721,-0.0141987213864922,-0.0134200863540172,0.012639632448554,-0.0614504031836986,-0.0029028239659965,-0.0150375794619321,0.0017467649886384,-0.0604026541113853,0.0124963764101266,0.0485184974968433,0.0068886820226907,0.0165662858635187,0.0057011670432984,-0.0126394107937812,-0.1043083518743515,0.0239816959947347,-0.0579113885760307,-0.0270370207726955,0.0040308674797415,0.0305343214422464,0.0424891412258148,-0.0183589272201061,-0.0179717410355806,0.031298354268074,0.0183006357401609,-0.0148458806797862,0.0150834182277321,-0.0373763442039489,0.0009484883630648,-0.0061907563358545,-0.0113708339631557,-0.0317348912358284,0.0031949004624038,0.0017662008758634,0.0194267109036445,-0.0187175367027521,-0.0465478897094726,-0.0034542444627732,-0.0265400186181068,-0.0239379331469535,0.0209966152906417,0.001084231538698,0.0025070497289427,0.0043510093949279,0.019743062702072,0.0183823520871839,0.033845249174373,0.0195068339128614,0.0708241438190551,0.0649750294994029,-0.0278909223499502,0.2671546256477084,-0.0689439313451716,-0.0660822339744729,2019-02-11,2019-02-12,2019-02-13,2019-02-14,2019-02-15,2019-02-19,2019-02-20,2019-02-21,2019-02-22,2019-02-25,86949.0,2019-02-08,252.0,15.1986%,-0.0005,1.2055,0.3627,0.1892,3.0616%,3.3205%,14.9834%,0.152863,SKX,86949.0,2019-02-11,252.0,2.0997%,-0.0003,1.1728,0.4166,0.2013,3.0584%,3.2956%,13.8808%,0.01638,SKX,86949.0,2019-02-12,252.0,-1.8109%,-0.0007,1.1185,0.4615,0.1656,3.0399%,3.2628%,13.1964%,-0.0339,SKX,86949.0,2019-02-13,252.0,1.7193%,-0.0005,1.1381,0.4342,0.1642,3.0317%,3.2607%,13.5524%,0.013568,SKX,86949.0,2019-02-14,252.0,0.9219%,-0.0005,1.1356,0.44,0.158,3.0325%,3.2611%,13.5335%,0.010204,SKX,86949.0,2019-02-15,252.0,0.4568%,-0.0005,1.1401,0.443,0.164,3.0319%,3.2611%,13.5608%,-0.010222,SKX,86949.0,2019-02-19,252.0,1.9400%,-0.0003,1.1541,0.4377,0.1568,3.0258%,3.2604%,13.8719%,0.015357,SKX,86949.0,2019-02-20,252.0,0.2973%,-0.0002,1.1547,0.443,0.16,3.0253%,3.2602%,13.8894%,-0.001144,SKX,86949.0,2019-02-21,252.0,-0.3558%,-0.0002,1.1528,0.4395,0.1565,3.0252%,3.2591%,13.8405%,0.0012929999999999,SKX,86949.0,2019-02-22,252.0,0.5058%,-0.0003,1.1536,0.4267,0.1547,3.0247%,3.2589%,13.8582%,-0.002651,SKX,86949.0,2019-02-25,252.0,1.1545%,-0.0002,1.1514,0.4188,0.1422,3.0232%,3.2574%,13.8653%,0.011103,SKX,0.169243,0.135343,0.148911,0.1488929999999999,0.1728509999999999
31915,SKYWEST INC,"SkyWest Reports January Passengers Up 6.7% YoY, Departures Up 6.7% YoY",6,increase,0.8,0.6,"the increase in passengers and departures suggests improved operational performance and demand, which is likely to positively impact investor sentiment and stock price.",2,2019-02-08,SKYW,2019-02-08 21:01:00+00:00,10421.0,83087910,-0.0150183094665408,215424.0,0.0098550133407115,0.0354636646807193,0.0075492514297366,0.0028527521062642,0.0045687132515013,0.0043935696594417,0.0214662589132785,0.0102276876568794,-0.0083704581484198,0.0170755423605442,0.0104166306555271,-0.0003923966432921,-0.0072875907644629,0.0230831298977136,-0.0096687041223049,-0.0006017809500917,0.0084975119680166,0.0263536907732486,0.0046612070873379,0.0070495572872459,-0.0153461918234825,0.0111110853031277,-0.0183037724345922,-0.0160890836268663,-0.0023998017422854,-0.0223835576325655,-0.0212805606424808,0.0226850565522909,-0.0028360316064208,0.0169882830232381,-0.0151688093319535,0.0179333928972482,-0.0225259568542242,-0.0122310845181345,-0.0196966715157032,-0.0129059683531522,0.0048221391625702,-0.0263477750122547,0.0107978591695427,0.0234391428530216,-0.0098911970853805,0.0292484834790229,0.020779239013791,0.0351381264626979,0.0076335757039487,0.0066740652546286,0.0019425464561209,0.035953015089035,0.0029080593958497,-0.0446939431130886,0.0011598950950428,0.0213626474142074,-0.000965422601439,-0.006256956141442,0.0245457403361797,0.0011160884751006,-0.0265987534075975,0.001564938458614,0.0017441890668123,0.0431436188519001,0.0042561660520732,-0.0096997264772653,0.0321711041033268,-0.0075636450201272,-0.0011198265710845,0.0055312672629952,0.016666654497385,-0.057353887706995,0.0163934305310249,0.0247106105089187,0.0097861709073185,-0.004653288051486,0.0102297142148017,-0.0113910278305411,0.0143897235393524,-0.0788942649960517,0.0173380337655544,0.0214344784617424,-0.0046479678712785,0.0002061871055047,-0.0112418113276362,-0.0257080253213644,0.0237887110561132,-0.05772140994668,0.0039296010509133,-0.0180264115333557,-0.0010210613254457,-0.0649869292974472,-0.0081771640107035,-0.0022538327611982,0.0173479616641998,0.0390920937061309,0.0069221653975546,-0.0089269774034619,-0.0065392251126468,0.027706392109394,-0.0075949495658278,0.0001834891008911,0.0183673780411481,-0.0045670438557863,-0.0026720080059021,0.0268242415040731,-0.0214333981275558,0.016590442508459,0.0330253317952156,-0.0270872507244348,0.0207056496292352,-0.0153452707454562,-0.0004868351097684,0.0020135568920522,-0.0237051323056221,0.008119624108076,0.000332620285917,-0.0132920537143945,0.027098873630166,-0.0005459980457089,-0.0037228802684694,-0.0291519034653902,-0.0165718998759985,-0.0236329603940248,0.0098550133407115,0.0354636646807193,0.0174786627440006,0.0384175858310973,0.0221272309935989,0.0429799458300355,0.0353291472707375,0.0716388166685966,0.0420230962404799,0.1320754510879809,-0.0388620366016193,0.2761662346011211,0.1280405842315324,-0.0560288320970451,2019-02-11,2019-02-12,2019-02-13,2019-02-14,2019-02-15,2019-02-19,2019-02-20,2019-02-21,2019-02-22,2019-02-25,10421.0,2019-02-08,252.0,-1.5018%,0.0002,1.1789,0.772,0.4212,1.8602%,2.2439%,31.2729%,-0.013672,SKYW,10421.0,2019-02-11,252.0,0.9855%,0.0001,1.2045,0.7501,0.4228,1.8561%,2.2424%,31.4836%,0.002041,SKYW,10421.0,2019-02-12,252.0,0.7549%,0.0001,1.2054,0.7428,0.4245,1.8560%,2.2427%,31.5140%,-0.008364,SKYW,10421.0,2019-02-13,252.0,0.4569%,0.0001,1.1967,0.7576,0.4272,1.8521%,2.2346%,31.3033%,0.0003509999999999,SKYW,10421.0,2019-02-14,252.0,2.1466%,0.0001,1.1902,0.7691,0.4167,1.8538%,2.2345%,31.1675%,0.022418,SKYW,10421.0,2019-02-15,252.0,-0.8370%,0.0,1.1864,0.7628,0.4067,1.8583%,2.2348%,30.8586%,-0.0258429999999999,SKYW,10421.0,2019-02-19,252.0,1.0417%,0.0,1.1846,0.7694,0.4143,1.8577%,2.2325%,30.7545%,0.00463,SKYW,10421.0,2019-02-20,252.0,-0.7288%,0.0001,1.1831,0.777,0.4119,1.8532%,2.2290%,30.8804%,-0.01361,SKYW,10421.0,2019-02-21,252.0,-0.9669%,0.0,1.1848,0.7796,0.4151,1.8533%,2.2292%,30.8811%,-0.0039,SKYW,10421.0,2019-02-22,252.0,0.8498%,0.0,1.1845,0.7793,0.4109,1.8534%,2.2297%,30.9108%,0.00251,SKYW,10421.0,2019-02-25,252.0,0.4661%,0.0001,1.1843,0.7764,0.4086,1.8537%,2.2298%,30.8946%,0.00555,SKYW,-0.011631,-0.019995,-0.019644,-0.0230689999999999,-0.0278889999999999
31923,SCHLUMBERGER LTD,Schlumberger Names Oilivier Le Peuch COO,6,uncertain,0.6,0.2,"the appointment of a new coo could have mixed implications for the company's direction and performance, leading to uncertainty in stock price movement.",1,2019-02-08,SLB,2019-02-08 12:03:00+00:00,14277.0,80685710,-0.0156465787440538,9173549.0,0.0212716199457645,-0.0357222221791744,0.0199130866676569,-0.0015507242642343,0.0081706037744879,0.0121076442301273,-0.0063034398481249,0.0008976009557954,0.0183507334440946,0.0079168127849698,0.013125698082149,-0.0175555758178234,0.007905151695013,0.0227272734045982,-0.0257080662995576,-0.005424992647022,-0.0080501027405262,-0.0168888512998819,0.0096934242174029,0.0330578200519084,-0.0107166673988103,0.0057723387144505,0.0009026653133332,-0.0147861177101731,-0.0065388302318751,-0.0172144081443548,0.0256467815488576,0.0812182873487472,0.001106507028453,0.0029090649913996,-0.0099469665437936,-0.0112656094133853,-0.0317035503685474,0.0096805794164538,-0.0202904604375362,-0.0100623378530144,-0.0282419566065073,0.0021608679089695,0.0191329829394817,0.0099417995661497,0.0121197318658232,0.0140153318643569,0.0131486589089036,0.0124471001327037,-0.0013905300293117,0.0276284981518983,-0.0162450857460498,0.0396277047693729,0.0228827837854623,0.0107526266947388,-0.0025369143113493,0.0310420971363782,0.0240462645888328,-0.0142075587064027,-0.0015804852591827,0.0074317818507552,-0.0395748503506183,-0.0076481499709188,0.0,0.0403524301946163,0.0136566516011953,-0.0142857739701867,-0.0085946330800652,-0.0138121545314788,0.0220243353396654,-0.0420746244490146,-0.0011462457478046,-0.0013213328784331,0.0273123402148485,-0.0309858918190002,-0.0060320966877043,-0.001278752926737,-0.020229298621416,-0.0468064844608306,0.0116998925805091,-0.0101350909098982,0.0204081982374191,0.0048495861701667,0.0259999595582485,-0.0173933655023574,-0.0127787822857499,-0.0248605869710445,-0.000658240285702,0.0170132610946893,-0.0052688885480165,-0.0407978072762489,0.0075038652867078,-0.0362851060926914,0.016429353505373,0.0266075562685728,0.0202585905790329,-0.0174292605370283,0.0014786585234105,-0.010988974943757,-0.0390212722122669,0.0045454348437488,0.006365168839693,-0.0092215379700064,0.0008724300423637,0.0056071197614073,-0.0359554961323738,-0.0266582798212766,-0.0212477948516607,0.0157782062888145,0.0,-0.029186500236392,0.0030023341532796,0.0018664485542103,-0.017269168049097,0.0029118007514625,-0.0306935645639896,0.0056473636068403,-0.00604302668944,0.009928205050528,0.0038910470902919,-0.0426693744957447,-0.0009689220460131,-0.0188492201268672,-0.0155189903452992,-0.0228770896792411,0.0212716199457645,-0.0357222221791744,0.0416082902249628,-0.0372175511267031,0.0501188588526129,-0.0255605237647345,0.0626484789254897,-0.0169644865537672,0.058865974562825,-0.002295732842263,0.0040196084646231,0.2350099652355828,-0.0401885232993672,-0.1478767389851413,2019-02-11,2019-02-12,2019-02-13,2019-02-14,2019-02-15,2019-02-19,2019-02-20,2019-02-21,2019-02-22,2019-02-25,14277.0,2019-02-08,252.0,-1.5647%,-0.0015,1.0673,0.5898,0.9358,1.3118%,1.6919%,39.8801%,-0.0106489999999999,SLB,14277.0,2019-02-11,252.0,2.1272%,-0.0014,1.0666,0.6109,0.9469,1.3151%,1.6859%,39.1460%,0.013632,SLB,14277.0,2019-02-12,252.0,1.9913%,-0.0012,1.0968,0.5783,0.9681,1.2861%,1.6795%,41.3599%,0.006795,SLB,14277.0,2019-02-13,252.0,0.8171%,-0.0013,1.0897,0.5924,0.9719,1.2820%,1.6722%,41.2214%,0.003975,SLB,14277.0,2019-02-14,252.0,-0.6303%,-0.0012,1.0907,0.5927,0.9699,1.2789%,1.6706%,41.3969%,-0.001558,SLB,14277.0,2019-02-15,252.0,1.8351%,-0.0011,1.11,0.6102,1.0015,1.2709%,1.6752%,42.4455%,-0.000212,SLB,14277.0,2019-02-19,252.0,1.3126%,-0.0011,1.1115,0.6146,1.0063,1.2717%,1.6771%,42.5054%,0.0061429999999999,SLB,14277.0,2019-02-20,252.0,0.7905%,-0.0011,1.1117,0.6159,1.0071,1.2716%,1.6781%,42.5742%,-0.001194,SLB,14277.0,2019-02-21,252.0,-2.5708%,-0.0011,1.1167,0.6222,1.0165,1.2765%,1.6842%,42.5588%,-0.018947,SLB,14277.0,2019-02-22,252.0,-0.8050%,-0.0011,1.1161,0.6485,1.0329,1.2704%,1.6813%,42.9083%,-0.003889,SLB,14277.0,2019-02-25,252.0,0.9693%,-0.0011,1.1176,0.6438,1.0361,1.2700%,1.6815%,42.9604%,0.011465,SLB,0.002983,0.009778,0.013753,0.011983,0.0055609999999999
31931,SASOL LTD,Sasol shares are trading lower after the company delayed its Lake Charles chemicals project due to high costs; Macquarie downgraded the company's stock from Outperform to Neutral.,6,decrease,0.8,0.7,"the delay of the lake charles chemicals project and the downgrade by macquarie are likely to negatively impact investor sentiment, leading to a decrease in sasol's stock price.",0,2019-02-08,SSL,2019-02-08 17:08:00+00:00,68866.0,80386630,-0.0393726527690887,429446.0,-0.0309135559946298,-0.0350933745503425,0.0143369045108556,-0.0048061399720609,0.0303887147456407,0.0313945412635803,-0.0171467773616313,0.0036484447773545,0.0003489263472147,-0.0019860796164721,0.0244157928973436,-0.0191558487713336,0.0078311040997505,0.0071942219510674,-0.0165540464222431,-0.0061748628504574,0.0061834524385631,0.0009759494569152,0.0228746384382247,0.0216018483042717,0.0126836141571402,0.0003324544231873,0.0095583060756325,-0.0019906924571841,-0.0029382386710494,-0.0195185560733079,-0.0108055602759122,0.0088611897081136,-0.0016550559084862,-0.0019653250928968,0.0056366072967648,-0.0420458130538463,-0.0042861574329435,-0.0053058699704706,-0.0069536748342216,-0.0068195108324289,-0.0186728741973638,0.0052975434809923,0.0132517628371715,0.0043818275444209,-0.0077129290439188,0.0373377129435539,0.0104764942079782,0.0131578827276825,0.0206130947917699,0.0003290631575509,-0.0112994397059083,0.0379097908735275,0.0188235118985176,-0.0111448811367154,0.0234246458858251,0.0109252193942666,0.0174080915749073,0.0041138441301882,-0.0022179877851158,0.0013731862418353,-0.0219117347151041,0.0086565101519227,-0.0107142832130193,0.0456190556287765,0.0111585222184658,-0.0086144926026463,-0.0068159392103552,-0.011355560272932,0.0068627148866653,-0.0143406735733151,0.0042194440029561,0.021071434020996,0.022624397650361,-0.0243902690708637,-0.0079013910144567,-0.0167865622788667,0.025804441422224,-0.0217828284949064,0.0161490812897682,0.0047137839719653,0.0085574192926287,0.0259067341685295,0.0042424057610332,0.0027710399590432,-0.0048279981128871,-0.0367033183574676,0.0093996776267886,-0.016409583389759,-0.014719184488058,-0.0048988088965415,0.0134147088974714,-0.0260814148932695,-0.0111312493681907,0.0664857849478721,0.0270763430744409,-0.0359712354838848,0.0044431732967495,0.0049293334595859,-0.0206429008394479,0.0232010949403047,0.0069256112910807,-0.0099867219105362,0.0116627756506204,0.0207271687686443,-0.0174401458352804,-0.0549132674932479,0.0018049805657938,0.0280620157718658,0.0,-0.0362710580229759,-0.0042041861452162,-0.0072646727785468,-0.0048250858671963,0.0180064141750335,-0.0227272734045982,0.0230263415724039,-0.0223255604505538,-0.0428211763501167,0.0149064166471362,-0.0275566335767507,-0.017187476158142,-0.0227408241480588,-0.0095389867201447,-0.0199413578957319,-0.0309135559946298,-0.0350933745503425,-0.0170198561841601,-0.0397308508522226,0.0128516470068884,-0.0095836414251595,-0.0041681439125518,-0.0079443844336594,0.0406390454107383,-0.0039880656233197,0.0733488496731429,0.0850832143714472,0.0973028210290773,-0.1211143485094963,2019-02-11,2019-02-12,2019-02-13,2019-02-14,2019-02-15,2019-02-19,2019-02-20,2019-02-21,2019-02-22,2019-02-25,68866.0,2019-02-08,252.0,-3.9373%,-0.0003,1.0637,0.0478,0.2693,1.5270%,1.8835%,34.2715%,-0.038884,SSL,68866.0,2019-02-11,252.0,-3.0914%,-0.0004,1.0443,0.0213,0.2448,1.5398%,1.8698%,32.1832%,-0.033437,SSL,68866.0,2019-02-12,252.0,1.4337%,-0.0004,1.0531,0.0108,0.2512,1.5372%,1.8720%,32.5734%,0.000446,SSL,68866.0,2019-02-13,252.0,3.0389%,-0.0003,1.0498,0.0275,0.2608,1.5436%,1.8727%,32.0565%,0.027158,SSL,68866.0,2019-02-14,252.0,-1.7147%,-0.0004,1.0527,0.0202,0.2691,1.5458%,1.8754%,32.0660%,-0.013673,SSL,68866.0,2019-02-15,252.0,0.0349%,-0.0005,1.0415,0.0087,0.2491,1.5476%,1.8709%,31.5718%,-0.0129889999999999,SSL,68866.0,2019-02-19,252.0,2.4416%,-0.0004,1.0445,0.0243,0.2663,1.5535%,1.8748%,31.3355%,0.0215649999999999,SSL,68866.0,2019-02-20,252.0,0.7831%,-0.0004,1.0451,0.0225,0.2677,1.5531%,1.8748%,31.3713%,0.004228,SSL,68866.0,2019-02-21,252.0,-1.6554%,-0.0005,1.0486,0.0269,0.2741,1.5548%,1.8773%,31.4048%,-0.012156,SSL,68866.0,2019-02-22,252.0,0.6183%,-0.0004,1.0472,0.049,0.2783,1.5518%,1.8737%,31.4124%,0.003149,SSL,68866.0,2019-02-25,252.0,2.2875%,-0.0003,1.0478,0.0386,0.2748,1.5577%,1.8792%,31.2884%,0.0218319999999999,SSL,-0.072321,-0.071875,-0.0447169999999999,-0.0713789999999999,-0.0327609999999999
31939,SYNAPTICS INC,"UPDATE: JP Morgan Downgrades Synaptics 'to reflect lack of visibility, both with respect to OEM product cycles and the broader trade-tensions with China'",6,decrease,0.8,0.7,"the downgrade by jp morgan indicates a lack of confidence in synaptics' future performance, likely leading to a decrease in stock price due to negative sentiment among investors.",0,2019-02-08,SYNA,2019-02-08 15:30:00+00:00,89290.0,87157D10,0.0225158631801605,1141287.0,-0.0210626441985368,-0.0182604119181633,0.0,0.007504176814109,0.002200492657721,0.0147384498268365,0.0121980961412191,0.0182591192424297,0.0040973285213112,0.0045226207002997,-0.0196831412613391,-0.00524866534397,0.0073457206599414,0.0075547532178461,-0.0002430316380923,-0.0020106013398617,0.007050743792206,-0.0084724677726626,0.0111058168113231,0.0616402626037597,-0.0011938690440729,-0.0184367466717958,-0.0054985261522233,0.0374461039900779,0.0064903958700597,-0.0609663538634777,0.0088369417935609,0.0196027420461177,0.0198863670229911,-0.0167385190725326,-0.0051068062894046,-0.0052976561710238,-0.0172655545175075,0.0140700750052928,-0.0132952891290187,-0.0166037697345018,0.00481224572286,0.0119654079899191,0.0287356507033109,0.0040899757295846,-0.0044226869940757,0.0302870068699121,-0.0044423341751098,0.0471594855189323,-0.0046970583498477,0.0069425161927938,0.0200565941631794,0.0282694995403289,-0.2260004729032516,-0.0671284049749374,0.0176330003887414,0.0088686328381299,-0.037591740489006,0.0018847521860152,0.0268538612872362,-0.0034880887251347,-0.0276374518871307,0.0089334556832909,-0.0012225217651575,0.0411499179899692,0.0804773867130279,-0.0089385388419032,0.0379495918750762,-0.0074854576960206,0.0289221704006195,-0.0131326830014586,0.054097082465887,-0.0416885204613208,0.0027673109434545,0.018968716263771,-0.0075263227336108,-0.0157769788056612,-0.0088473781943321,-0.0002629373339004,0.0096914330497384,-0.0101483054459095,-0.0197019148617982,0.0047058905474841,-0.0316928513348102,0.0202720277011394,-0.0069186300970613,0.0026745731011033,0.0034834155812859,-0.0263021383434534,0.0056074522435665,-0.0206579342484474,0.0034519666805863,-0.0368459858000278,-0.0124371843412518,0.0585023425519466,0.0407288447022438,0.0020843672100454,-0.0043769818730652,0.0052383644506335,-0.0134470304474234,0.0515009313821792,-0.0094364508986473,-0.0335373505949974,-0.0095263458788394,0.0341315120458602,0.0272508803755044,-0.0016487375833094,-0.0093628242611885,0.0294201113283634,-0.0002624920452944,-0.0008480100077576,0.0023633490782231,-0.0502013154327869,-0.0130992932245135,0.0021523227915167,-0.017255051061511,0.0382681265473365,-0.0202593188732862,0.0118710612878203,-0.0008270961698144,0.0442739054560661,-0.0391832776367664,-0.0820915400981903,-0.0344629734754562,0.0566847845911979,-0.0210626441985368,-0.0182604119181633,-0.0210626441985368,-0.0108932644637865,-0.0189084997347268,0.0036846355313,-0.00287216253727,0.0266332012269203,0.0023935451764152,0.080952420971045,-0.2178075292337771,0.1516347565169458,-0.1953087603284702,0.1697681124111929,2019-02-11,2019-02-12,2019-02-13,2019-02-14,2019-02-15,2019-02-19,2019-02-20,2019-02-21,2019-02-22,2019-02-25,89290.0,2019-02-08,252.0,2.2516%,0.0,1.0609,1.0338,-0.432,2.2881%,2.7032%,28.3511%,0.01807,SYNA,89290.0,2019-02-11,252.0,-2.1063%,-0.0006,1.195,0.8679,-0.4515,2.1908%,2.6684%,32.5938%,-0.028478,SYNA,89290.0,2019-02-12,252.0,0.0000%,-0.0006,1.1907,0.8611,-0.4524,2.1928%,2.6684%,32.4695%,-0.017293,SYNA,89290.0,2019-02-13,252.0,0.2200%,-0.0006,1.1945,0.8544,-0.4538,2.1921%,2.6682%,32.5039%,-0.001433,SYNA,89290.0,2019-02-14,252.0,1.2198%,-0.0005,1.1932,0.8591,-0.46,2.1920%,2.6692%,32.5628%,0.007532,SYNA,89290.0,2019-02-15,252.0,0.4097%,-0.0007,1.1576,0.8261,-0.5191,2.1807%,2.6480%,32.1813%,-0.009426,SYNA,89290.0,2019-02-19,252.0,-1.9683%,-0.0007,1.1555,0.8091,-0.5381,2.1846%,2.6504%,32.0631%,-0.0228209999999999,SYNA,89290.0,2019-02-20,252.0,0.7346%,-0.0006,1.1592,0.8252,-0.523,2.1820%,2.6489%,32.1448%,0.00623,SYNA,89290.0,2019-02-21,252.0,-0.0243%,-0.0007,1.1652,0.8383,-0.5121,2.1788%,2.6482%,32.3073%,0.003321,SYNA,89290.0,2019-02-22,252.0,0.7051%,-0.0008,1.1675,0.8203,-0.5005,2.1789%,2.6476%,32.2715%,-0.012761,SYNA,89290.0,2019-02-25,252.0,1.1106%,-0.0007,1.1676,0.8149,-0.5031,2.1801%,2.6485%,32.2450%,0.010486,SYNA,-0.010408,-0.027701,-0.029134,-0.031028,-0.0465729999999999
31947,SYNAPTICS INC,"JP Morgan Downgrades Synaptics to Neutral, Lowers Price Target to $50",6,decrease,0.8,0.7,"a downgrade from jp morgan typically signals reduced confidence in the company's future performance, which is likely to lead to a decrease in stock price.",0,2019-02-08,SYNA,2019-02-08 13:37:00+00:00,89290.0,87157D10,0.0225158631801605,1141287.0,-0.0210626441985368,-0.0182604119181633,0.0,0.007504176814109,0.002200492657721,0.0147384498268365,0.0121980961412191,0.0182591192424297,0.0040973285213112,0.0045226207002997,-0.0196831412613391,-0.00524866534397,0.0073457206599414,0.0075547532178461,-0.0002430316380923,-0.0020106013398617,0.007050743792206,-0.0084724677726626,0.0111058168113231,0.0616402626037597,-0.0011938690440729,-0.0184367466717958,-0.0054985261522233,0.0374461039900779,0.0064903958700597,-0.0609663538634777,0.0088369417935609,0.0196027420461177,0.0198863670229911,-0.0167385190725326,-0.0051068062894046,-0.0052976561710238,-0.0172655545175075,0.0140700750052928,-0.0132952891290187,-0.0166037697345018,0.00481224572286,0.0119654079899191,0.0287356507033109,0.0040899757295846,-0.0044226869940757,0.0302870068699121,-0.0044423341751098,0.0471594855189323,-0.0046970583498477,0.0069425161927938,0.0200565941631794,0.0282694995403289,-0.2260004729032516,-0.0671284049749374,0.0176330003887414,0.0088686328381299,-0.037591740489006,0.0018847521860152,0.0268538612872362,-0.0034880887251347,-0.0276374518871307,0.0089334556832909,-0.0012225217651575,0.0411499179899692,0.0804773867130279,-0.0089385388419032,0.0379495918750762,-0.0074854576960206,0.0289221704006195,-0.0131326830014586,0.054097082465887,-0.0416885204613208,0.0027673109434545,0.018968716263771,-0.0075263227336108,-0.0157769788056612,-0.0088473781943321,-0.0002629373339004,0.0096914330497384,-0.0101483054459095,-0.0197019148617982,0.0047058905474841,-0.0316928513348102,0.0202720277011394,-0.0069186300970613,0.0026745731011033,0.0034834155812859,-0.0263021383434534,0.0056074522435665,-0.0206579342484474,0.0034519666805863,-0.0368459858000278,-0.0124371843412518,0.0585023425519466,0.0407288447022438,0.0020843672100454,-0.0043769818730652,0.0052383644506335,-0.0134470304474234,0.0515009313821792,-0.0094364508986473,-0.0335373505949974,-0.0095263458788394,0.0341315120458602,0.0272508803755044,-0.0016487375833094,-0.0093628242611885,0.0294201113283634,-0.0002624920452944,-0.0008480100077576,0.0023633490782231,-0.0502013154327869,-0.0130992932245135,0.0021523227915167,-0.017255051061511,0.0382681265473365,-0.0202593188732862,0.0118710612878203,-0.0008270961698144,0.0442739054560661,-0.0391832776367664,-0.0820915400981903,-0.0344629734754562,0.0566847845911979,-0.0210626441985368,-0.0182604119181633,-0.0210626441985368,-0.0108932644637865,-0.0189084997347268,0.0036846355313,-0.00287216253727,0.0266332012269203,0.0023935451764152,0.080952420971045,-0.2178075292337771,0.1516347565169458,-0.1953087603284702,0.1697681124111929,2019-02-11,2019-02-12,2019-02-13,2019-02-14,2019-02-15,2019-02-19,2019-02-20,2019-02-21,2019-02-22,2019-02-25,89290.0,2019-02-08,252.0,2.2516%,0.0,1.0609,1.0338,-0.432,2.2881%,2.7032%,28.3511%,0.01807,SYNA,89290.0,2019-02-11,252.0,-2.1063%,-0.0006,1.195,0.8679,-0.4515,2.1908%,2.6684%,32.5938%,-0.028478,SYNA,89290.0,2019-02-12,252.0,0.0000%,-0.0006,1.1907,0.8611,-0.4524,2.1928%,2.6684%,32.4695%,-0.017293,SYNA,89290.0,2019-02-13,252.0,0.2200%,-0.0006,1.1945,0.8544,-0.4538,2.1921%,2.6682%,32.5039%,-0.001433,SYNA,89290.0,2019-02-14,252.0,1.2198%,-0.0005,1.1932,0.8591,-0.46,2.1920%,2.6692%,32.5628%,0.007532,SYNA,89290.0,2019-02-15,252.0,0.4097%,-0.0007,1.1576,0.8261,-0.5191,2.1807%,2.6480%,32.1813%,-0.009426,SYNA,89290.0,2019-02-19,252.0,-1.9683%,-0.0007,1.1555,0.8091,-0.5381,2.1846%,2.6504%,32.0631%,-0.0228209999999999,SYNA,89290.0,2019-02-20,252.0,0.7346%,-0.0006,1.1592,0.8252,-0.523,2.1820%,2.6489%,32.1448%,0.00623,SYNA,89290.0,2019-02-21,252.0,-0.0243%,-0.0007,1.1652,0.8383,-0.5121,2.1788%,2.6482%,32.3073%,0.003321,SYNA,89290.0,2019-02-22,252.0,0.7051%,-0.0008,1.1675,0.8203,-0.5005,2.1789%,2.6476%,32.2715%,-0.012761,SYNA,89290.0,2019-02-25,252.0,1.1106%,-0.0007,1.1676,0.8149,-0.5031,2.1801%,2.6485%,32.2450%,0.010486,SYNA,-0.010408,-0.027701,-0.029134,-0.031028,-0.0465729999999999
31955,VULCAN MATERIALS CO,Vulcan Materials Raises Quarterly Dividend From $0.28 To $0.31/Share,6,increase,0.8,0.6,"raising the quarterly dividend typically signals financial strength and can attract more investors, likely leading to an increase in stock price.",2,2019-02-08,VMC,2019-02-08 21:46:00+00:00,15202.0,92916010,0.0158060137182474,1226273.0,0.020682318136096,0.0058260490186512,0.0108891343697905,-0.0381803028285503,-0.0081491451710462,0.0104606905952096,0.0642176121473312,-0.0020113657228648,0.0039932285435497,0.0271520130336284,0.0001768099027685,0.0064356587827205,0.0098090572282671,-0.0094154477119445,-0.0084886569529771,-0.0067218942567706,-0.0027435841038823,0.0186563953757286,-0.0112708257511258,0.0072970385663211,0.016515539959073,0.0057303677313029,-0.0100662196055054,-0.0232717525213956,-0.0057978904806077,-0.0170833338052034,0.0140857677906751,0.0239153876900672,0.0184907019138336,0.0096787186339497,-0.0168520007282495,-0.0018922660965472,0.0124579966068267,-0.0157811511307954,-0.0043633827008306,0.0039361729286611,-0.0049083842895925,-0.0136852962896227,0.0042279870249331,-0.0037710249889642,-0.0221033617854118,0.0027147447690367,-0.0145304072648286,-0.0039594750851392,0.0123782707378268,0.019895639270544,0.0122268535196781,0.0511440373957157,0.0122569045051932,-0.0102469520643353,0.0114064700901508,-0.0122470315545797,0.0006940386374481,0.0178222246468067,0.0185522269457578,-0.0115071004256606,-0.0343859121203422,0.015301858074963,0.0135742705315351,0.0629739910364151,-0.0043482044711709,-0.0247588977217674,0.0053279818966984,-0.0188242010772228,0.0071242372505366,-0.0087564261630177,0.0213940944522619,-0.0281632952392101,0.0151182506233453,0.0033543589524924,0.0031616378109902,-0.0126455454155802,-0.0113627165555954,0.0090126516297459,0.0037752063944935,-0.0185848008841276,0.0046802973374724,0.0096327420324087,0.0039930404163897,-0.0185148436576128,-0.0082028787583112,0.0017758514732122,0.0005012964829802,-0.0196343827992677,0.0060954885557293,0.0281424205750227,0.0137771079316735,-0.051857441663742,-0.0003274737100582,0.0033109306823462,0.00384899857454,-0.0113168638199567,-0.0039158375002443,-0.0096332058310508,0.0057330434210598,0.0262357629835605,0.0038273092359304,-0.0071725379675626,-0.0012167915701866,0.0274411123245954,0.0121019966900348,-0.0064547765068709,-0.0229516141116619,0.0101206777617335,0.0096098408102989,-0.0082771833986043,0.001138947205618,-0.0247794203460216,0.0247846823185682,-0.0057857665233314,-0.0186345130205154,0.0119936186820268,0.0439560003578662,0.0093412995338439,-0.0054179332219064,0.0116683393716812,-0.0002334535383852,-0.0194781124591827,0.0101969139650464,-0.020559374243021,0.020682318136096,0.0058260490186512,0.0317966650471492,-0.0325766941257251,0.0233884042366787,-0.0224567782483795,0.0934570208643033,0.0020659049160667,0.0796913820277069,0.0181927219830007,0.1143856562475347,0.1194637092814392,0.257717816035202,-0.0541068281514869,2019-02-11,2019-02-12,2019-02-13,2019-02-14,2019-02-15,2019-02-19,2019-02-20,2019-02-21,2019-02-22,2019-02-25,15202.0,2019-02-08,252.0,1.5806%,-0.0008,1.0236,0.148,-0.0182,1.7731%,2.1003%,28.7322%,0.01472,VMC,15202.0,2019-02-11,252.0,2.0682%,-0.0006,1.0065,0.1899,-0.0044,1.7741%,2.0784%,27.1388%,0.018215,VMC,15202.0,2019-02-12,252.0,1.0889%,-0.0007,0.9952,0.2026,-0.0125,1.7708%,2.0713%,26.9091%,-0.0029449999999999,VMC,15202.0,2019-02-13,252.0,-0.8149%,-0.0008,0.9912,0.2052,-0.0145,1.7717%,2.0689%,26.6624%,-0.011149,VMC,15202.0,2019-02-14,252.0,6.4218%,-0.0006,0.9748,0.2405,-0.0514,1.8170%,2.1057%,25.5391%,0.065048,VMC,15202.0,2019-02-15,252.0,0.3993%,-0.0006,0.9808,0.2451,-0.0426,1.8157%,2.1058%,25.6519%,-0.007476,VMC,15202.0,2019-02-19,252.0,0.0177%,-0.0007,0.9746,0.2522,-0.0342,1.8120%,2.0972%,25.3515%,-0.0023699999999999,VMC,15202.0,2019-02-20,252.0,0.9809%,-0.0004,0.9818,0.2911,-0.0026,1.7822%,2.0730%,26.0884%,0.00749,VMC,15202.0,2019-02-21,252.0,-0.8489%,-0.0004,0.9795,0.2854,-0.0067,1.7814%,2.0710%,26.0111%,-0.004758,VMC,15202.0,2019-02-22,252.0,-0.2744%,-0.0004,0.9801,0.3065,0.02,1.7793%,2.0675%,25.9366%,-0.010879,VMC,15202.0,2019-02-25,252.0,-1.1271%,-0.0004,0.9806,0.3127,0.0247,1.7807%,2.0686%,25.9000%,-0.012008,VMC,0.032935,0.02999,0.018841,0.076413,0.053888
31963,VIASAT INC,"Viasat shares are trading higher after the company reported Q3 EPS of $0.12, beating the $(0.40) estimate and sales of $554.694 million, beating the $485.75 million analyst estimate; the company reported strong year-over-year growth in its three segments.",6,increase,0.85,0.7,"the significant earnings beat and strong sales growth indicate positive performance, likely leading to an increase in viasat's stock price.",2,2019-02-08,VSAT,2019-02-08 15:32:00+00:00,84348.0,92552V10,0.1265705525875092,2488715.0,-0.0069368137046694,-0.0080559169873595,-0.0001369967940263,0.0233317781239748,0.0223287288099527,-0.002017964143306,0.0041538951918482,0.0225396528840065,-0.0074727139435708,0.0049449894577264,0.0029578008688986,0.0218418929725885,0.0005362053052522,-0.0024390493053942,-0.0034834155812859,-0.007904527708888,0.0090078758075833,0.0120816603302955,0.0049299811944365,-0.0042269276455044,-0.0014585071476176,0.0035894501488655,-0.0001327115605818,-0.002441368997097,0.0033200529869645,-0.0091920606791973,0.0050297449342906,0.0102638844400644,-0.0060581993311643,-0.0103192422538995,-0.0047701154835522,0.012240900658071,-0.0022633227054029,0.0006532894913107,-0.00827332213521,-0.0009789748582988,0.0029601887799799,-0.002441368997097,0.0140863349661231,0.0150338653475046,-0.0138906659558415,0.0006612183642573,0.0100617120042443,0.0073272679001092,0.0130162797868251,0.0041806022636592,0.0133735975250601,0.0434478782117366,0.0075042285025119,-0.012237143702805,-0.0047515439800918,-0.0157760865986347,-0.0223226230591535,0.0158539023250341,0.0163653884083032,0.000862353190314,-0.016231657937169,-0.0085499314591288,0.0048837792128324,0.0357775501906871,0.013398190960288,-0.0384877733886241,-0.0022034759167581,-0.0439595729112625,0.0070147216320037,-0.0082351388409733,-0.0002579546417109,0.0055203791707754,0.0076128561049699,-0.0134550724178552,0.0119093395769596,-0.0325429812073707,0.0063275122083723,-0.013302793726325,-0.0067906603217124,-0.0335450954735279,0.0139275565743446,0.0232874788343906,0.0320929028093814,0.011162013746798,-0.0032668393105268,-0.001221774960868,0.0228211339563131,-0.0343606285750865,0.0153097659349441,-0.0046968986280262,0.0169491171836853,-0.0347124487161636,-0.0051723788492381,0.0208273418247699,0.0070479558780789,0.0024648131802678,0.0128498747944831,-0.0172413662075996,-0.0009062282624654,0.0191693250089883,0.0046485676430165,-0.0116262035444378,-0.0005643048207275,0.0287949927151203,0.0048554688692092,0.0063902554102241,-0.0004494989989325,-0.0016320565482601,0.0048341802321374,-0.0238957479596138,-0.0011188015341758,0.0024681447539478,0.0172491148114204,-0.0096334405243396,-0.0084782717749476,0.002594785997644,0.0019988927524536,-0.0099899666383862,0.0183973833918571,0.0048758974298834,0.0011970901396125,-0.0209210589528083,-0.0116304317489266,-0.0016820174641907,-0.0069368137046694,-0.0080559169873595,-0.0070728601774575,0.015087902268881,0.0150979406556819,0.0130394912797986,0.0116975050516576,0.0409954310816964,0.0258433283158971,0.0609657597820525,0.0355005520438924,0.1558626142096921,0.2368063702897662,-0.0852256019269471,2019-02-11,2019-02-12,2019-02-13,2019-02-14,2019-02-15,2019-02-19,2019-02-20,2019-02-21,2019-02-22,2019-02-25,84348.0,2019-02-08,252.0,12.6571%,0.0001,0.7784,0.5527,-0.205,1.9422%,2.1712%,19.9786%,0.124832,VSAT,84348.0,2019-02-11,252.0,-0.6937%,-0.0,0.7962,0.5203,-0.2132,1.9411%,2.1707%,20.0397%,-0.011303,VSAT,84348.0,2019-02-12,252.0,-0.0137%,0.0002,0.8282,0.471,-0.188,1.8986%,2.1401%,21.3005%,-0.011532,VSAT,84348.0,2019-02-13,252.0,2.2329%,0.0002,0.8246,0.4851,-0.1807,1.9004%,2.1393%,21.0884%,0.019759,VSAT,84348.0,2019-02-14,252.0,0.4154%,0.0003,0.8249,0.4865,-0.1836,1.8992%,2.1389%,21.1546%,0.002215,VSAT,84348.0,2019-02-15,252.0,-0.7473%,0.0002,0.8192,0.4796,-0.1952,1.9019%,2.1392%,20.9595%,-0.017229,VSAT,84348.0,2019-02-19,252.0,0.2958%,0.0002,0.8151,0.4857,-0.188,1.9000%,2.1341%,20.7360%,0.000496,VSAT,84348.0,2019-02-20,252.0,0.0536%,0.0,0.812,0.466,-0.2024,1.8910%,2.1253%,20.8326%,-0.001147,VSAT,84348.0,2019-02-21,252.0,-0.3483%,0.0001,0.8076,0.4569,-0.2104,1.8893%,2.1220%,20.7288%,-0.000718,VSAT,84348.0,2019-02-22,252.0,0.9008%,0.0001,0.808,0.4527,-0.209,1.8893%,2.1227%,20.7801%,-0.001947,VSAT,84348.0,2019-02-25,252.0,0.4930%,0.0001,0.8064,0.449,-0.2169,1.8875%,2.1213%,20.8276%,0.004419,VSAT,0.1135289999999999,0.1019969999999999,0.1217559999999999,0.1067419999999999,0.1078449999999999
31971,VENTAS INC,Ventas Announces University-Based Research & Innovation Development Pipeline Exceeding $1.5B,6,increase,0.8,0.7,"the announcement of a significant research and innovation development pipeline exceeding $1.5 billion suggests strong future growth potential, which is likely to positively impact investor sentiment and increase the stock price.",2,2019-02-08,VTR,2019-02-08 12:13:00+00:00,75819.0,92276F10,-0.0027928675990551,2480108.0,-0.0080908145755529,0.0090809147804975,-0.0048627667129039,-0.006841838825494,0.0122951231896877,0.0121182976290583,0.008097113110125,0.0020501667167991,0.0072598275728523,-0.0167467519640922,-0.007360768970102,0.0095491046085953,-0.0216283239424228,0.0053509622812271,0.0102636618539691,0.0053797489963471,0.004220075905323,0.0123338215053081,-0.0121400589123368,0.007748176343739,-0.0055144522339105,0.0004845380317419,0.0001584622368682,0.0032403911463916,-0.0060193422250449,0.0111402403563261,-0.0073306625708937,0.0084256092086434,0.0057794284075498,-0.0021431101486086,-0.0030327604617923,0.0009901217417791,-0.0091258361935615,0.0086550703272223,-0.0008078726241365,-0.0006652877782471,0.0024256391916424,0.0139989545568823,0.0191966220736503,0.0183785576373338,0.0042735114693641,-0.0047863037325441,0.0012608040124177,0.0100138438865542,0.0009444573079235,0.0055555505678057,-0.0157257430255413,-0.0048376396298408,-0.0172551814466714,0.0168658271431922,-0.006990676280111,-0.0285031907260417,0.0098231574520468,0.0003790357441175,0.0329117812216281,0.0028721403796225,0.0081620514392852,-0.0058784396387636,0.0073173525743186,0.035298254340887,0.0078825680539011,-0.0457939617335796,-0.0142616210505366,-0.0126146860420703,0.0150902494788169,-0.0060250600799918,-0.0099233500659465,-0.003731335978955,-0.0086193867027759,0.0126499170437455,0.0055327583104372,-0.0270141046494245,-0.0125766266137361,0.0025641000829637,-0.0065276203677058,-0.0115634333342313,0.0124999796971678,-0.0265227053314447,-0.0153529793024063,0.0009260311489924,-0.0016074341256171,-0.0103864409029483,0.0078891944140195,0.0007643389399163,-0.0113418390974402,0.0357821136713028,0.0022620679810643,-0.0067620743066072,0.0011284813517704,0.0015750271268188,-0.0378421656787395,0.016653336584568,-0.0244351308792829,0.0062842308543622,0.0126951085403561,0.0009677640628069,-0.0213450510054826,0.0089503536000847,0.0107321953400969,0.0003255812625866,0.0193526465445756,0.0011408033315092,-0.0006720583769492,-0.0158780738711357,0.0181573946028947,0.0079210773110389,-0.0108982799574732,0.007655989844352,0.0202003177255392,0.0158861335366964,0.0001636118686292,-0.0019818155560642,0.0067081130109727,-0.001648842357099,0.0154396360740065,0.0068061063066124,-0.007042231503874,0.0028300646226853,-0.0172469317913055,0.0094102062284946,-0.0080908145755529,0.0090809147804975,-0.0129142375446585,0.0021769457996871,-0.0007778964964832,0.0143216243058685,0.014625835993566,-0.0006202652608064,-0.0124474161640446,0.0403550633732967,0.0066905281074471,0.1358331114624495,-0.0395638327078534,0.0976602595002775,2019-02-11,2019-02-12,2019-02-13,2019-02-14,2019-02-15,2019-02-19,2019-02-20,2019-02-21,2019-02-22,2019-02-25,75819.0,2019-02-08,252.0,-0.2793%,0.001,0.2273,-0.1837,-0.002,1.4081%,1.4328%,3.4100%,-0.003052,VTR,75819.0,2019-02-11,252.0,-0.8091%,0.0011,0.1859,-0.1557,-0.0085,1.3956%,1.4117%,2.2662%,-0.007292,VTR,75819.0,2019-02-12,252.0,-0.4863%,0.001,0.1763,-0.1497,-0.0145,1.3956%,1.4102%,2.0641%,-0.007474,VTR,75819.0,2019-02-13,252.0,1.2295%,0.0012,0.19,-0.1684,-0.0152,1.3873%,1.4044%,2.4207%,0.0118009999999999,VTR,75819.0,2019-02-14,252.0,0.8097%,0.0012,0.1879,-0.1642,-0.0194,1.3880%,1.4048%,2.3770%,0.009184,VTR,75819.0,2019-02-15,252.0,0.7260%,0.0013,0.2118,-0.1422,0.0201,1.3788%,1.3978%,2.6992%,0.00554,VTR,75819.0,2019-02-19,252.0,-0.7361%,0.0012,0.2048,-0.1403,0.0228,1.3759%,1.3936%,2.5238%,-0.007511,VTR,75819.0,2019-02-20,252.0,-2.1628%,0.0011,0.1971,-0.1636,-0.0063,1.3807%,1.3984%,2.5246%,-0.021934,VTR,75819.0,2019-02-21,252.0,1.0264%,0.0012,0.1868,-0.1825,-0.0253,1.3747%,1.3921%,2.4762%,0.010764,VTR,75819.0,2019-02-22,252.0,0.4220%,0.0013,0.1855,-0.1583,-0.0181,1.3703%,1.3865%,2.3307%,0.003538,VTR,75819.0,2019-02-25,252.0,-1.2140%,0.0012,0.1862,-0.1506,-0.0115,1.3728%,1.3887%,2.2845%,-0.012962,VTR,-0.010344,-0.017818,-0.006017,0.008707,-0.019398
31979,VENTAS INC,"Ventas Q4 EPS $0.17, Normalized FFO $0.96, Sales $384.708M",6,uncertain,0.6,0.3,"while the eps and normalized ffo figures may indicate some level of profitability, the overall impact on stock price is uncertain without context on market expectations and comparisons to previous performance.",1,2019-02-08,VTR,2019-02-08 12:12:00+00:00,75819.0,92276F10,-0.0027928675990551,2480108.0,-0.0080908145755529,0.0090809147804975,-0.0048627667129039,-0.006841838825494,0.0122951231896877,0.0121182976290583,0.008097113110125,0.0020501667167991,0.0072598275728523,-0.0167467519640922,-0.007360768970102,0.0095491046085953,-0.0216283239424228,0.0053509622812271,0.0102636618539691,0.0053797489963471,0.004220075905323,0.0123338215053081,-0.0121400589123368,0.007748176343739,-0.0055144522339105,0.0004845380317419,0.0001584622368682,0.0032403911463916,-0.0060193422250449,0.0111402403563261,-0.0073306625708937,0.0084256092086434,0.0057794284075498,-0.0021431101486086,-0.0030327604617923,0.0009901217417791,-0.0091258361935615,0.0086550703272223,-0.0008078726241365,-0.0006652877782471,0.0024256391916424,0.0139989545568823,0.0191966220736503,0.0183785576373338,0.0042735114693641,-0.0047863037325441,0.0012608040124177,0.0100138438865542,0.0009444573079235,0.0055555505678057,-0.0157257430255413,-0.0048376396298408,-0.0172551814466714,0.0168658271431922,-0.006990676280111,-0.0285031907260417,0.0098231574520468,0.0003790357441175,0.0329117812216281,0.0028721403796225,0.0081620514392852,-0.0058784396387636,0.0073173525743186,0.035298254340887,0.0078825680539011,-0.0457939617335796,-0.0142616210505366,-0.0126146860420703,0.0150902494788169,-0.0060250600799918,-0.0099233500659465,-0.003731335978955,-0.0086193867027759,0.0126499170437455,0.0055327583104372,-0.0270141046494245,-0.0125766266137361,0.0025641000829637,-0.0065276203677058,-0.0115634333342313,0.0124999796971678,-0.0265227053314447,-0.0153529793024063,0.0009260311489924,-0.0016074341256171,-0.0103864409029483,0.0078891944140195,0.0007643389399163,-0.0113418390974402,0.0357821136713028,0.0022620679810643,-0.0067620743066072,0.0011284813517704,0.0015750271268188,-0.0378421656787395,0.016653336584568,-0.0244351308792829,0.0062842308543622,0.0126951085403561,0.0009677640628069,-0.0213450510054826,0.0089503536000847,0.0107321953400969,0.0003255812625866,0.0193526465445756,0.0011408033315092,-0.0006720583769492,-0.0158780738711357,0.0181573946028947,0.0079210773110389,-0.0108982799574732,0.007655989844352,0.0202003177255392,0.0158861335366964,0.0001636118686292,-0.0019818155560642,0.0067081130109727,-0.001648842357099,0.0154396360740065,0.0068061063066124,-0.007042231503874,0.0028300646226853,-0.0172469317913055,0.0094102062284946,-0.0080908145755529,0.0090809147804975,-0.0129142375446585,0.0021769457996871,-0.0007778964964832,0.0143216243058685,0.014625835993566,-0.0006202652608064,-0.0124474161640446,0.0403550633732967,0.0066905281074471,0.1358331114624495,-0.0395638327078534,0.0976602595002775,2019-02-11,2019-02-12,2019-02-13,2019-02-14,2019-02-15,2019-02-19,2019-02-20,2019-02-21,2019-02-22,2019-02-25,75819.0,2019-02-08,252.0,-0.2793%,0.001,0.2273,-0.1837,-0.002,1.4081%,1.4328%,3.4100%,-0.003052,VTR,75819.0,2019-02-11,252.0,-0.8091%,0.0011,0.1859,-0.1557,-0.0085,1.3956%,1.4117%,2.2662%,-0.007292,VTR,75819.0,2019-02-12,252.0,-0.4863%,0.001,0.1763,-0.1497,-0.0145,1.3956%,1.4102%,2.0641%,-0.007474,VTR,75819.0,2019-02-13,252.0,1.2295%,0.0012,0.19,-0.1684,-0.0152,1.3873%,1.4044%,2.4207%,0.0118009999999999,VTR,75819.0,2019-02-14,252.0,0.8097%,0.0012,0.1879,-0.1642,-0.0194,1.3880%,1.4048%,2.3770%,0.009184,VTR,75819.0,2019-02-15,252.0,0.7260%,0.0013,0.2118,-0.1422,0.0201,1.3788%,1.3978%,2.6992%,0.00554,VTR,75819.0,2019-02-19,252.0,-0.7361%,0.0012,0.2048,-0.1403,0.0228,1.3759%,1.3936%,2.5238%,-0.007511,VTR,75819.0,2019-02-20,252.0,-2.1628%,0.0011,0.1971,-0.1636,-0.0063,1.3807%,1.3984%,2.5246%,-0.021934,VTR,75819.0,2019-02-21,252.0,1.0264%,0.0012,0.1868,-0.1825,-0.0253,1.3747%,1.3921%,2.4762%,0.010764,VTR,75819.0,2019-02-22,252.0,0.4220%,0.0013,0.1855,-0.1583,-0.0181,1.3703%,1.3865%,2.3307%,0.003538,VTR,75819.0,2019-02-25,252.0,-1.2140%,0.0012,0.1862,-0.1506,-0.0115,1.3728%,1.3887%,2.2845%,-0.012962,VTR,-0.010344,-0.017818,-0.006017,0.008707,-0.019398
31987,VERIZON COMMUNICATIONS INC,"Verizon Names CEO Hans Vestberg Chair, Replacing Lowell McAdam, Who Is Retiring",6,uncertain,0.6,0.3,"the appointment of a new chair could be seen as a positive leadership change or raise concerns about continuity, leading to uncertainty in the stock price reaction.",1,2019-02-08,VZ,2019-02-08 12:06:00+00:00,65875.0,92343V10,0.0070935422554612,12011657.0,0.0018535398412495,-0.004090002272278,0.0068454938009381,-0.0064646927639842,0.0011025611311197,0.0018504528561607,-0.0082599259912967,-0.0093491906300187,0.020914327353239,-0.0092626614496111,0.0050761201418936,0.019629655405879,0.0057720001786947,0.0135135371237993,0.0069943186827003,-0.032504104077816,0.013713208027184,-0.0235815923660993,-0.0024595817085355,-0.0117399366572499,-0.0024656462483108,-0.011945960111916,0.0014124617446213,0.0135110830888152,0.0035260391887277,-0.0017515935469418,0.0007027568062767,0.0045750187709927,-0.0126404045149684,-0.0043798177503049,-0.0028449473902583,-0.0175558812916278,-0.0071326945908367,0.0012062673922628,0.0111350379884243,0.0001723254245007,0.0040852492675185,0.007291701156646,0.0185742620378732,0.0096406526863574,-0.0026050976011902,-0.0124614899978041,0.0040048672817647,0.029266569763422,0.0050294990651309,0.0063875196501612,0.0075927283614873,0.0024902061559259,-0.0054803853854537,0.0035701671149581,-0.0098157348111271,-0.0035574664361774,0.0029564897995442,0.0171883609145879,0.0107508720830082,0.0021758645307272,0.0252186898142099,0.0130419349297881,0.0053548114374279,0.0262016858905553,0.0091544473543763,-0.0340495072305202,0.0041233710944652,-0.002723833778873,-0.0295663475990295,-0.0141425151377916,0.0008462971309199,0.0037735684309154,-0.0006764910067431,-0.0053619164973497,-0.0094770919531583,-0.0197967942804098,0.0058089895173907,-0.0001751326199155,0.0020384364761412,-0.002794757252559,0.001695176702924,-0.0271877404302358,0.0006769489846192,0.009953630156815,-0.0021562576293945,0.0102288518100976,0.0035958746448159,-0.0068870782852172,-0.0008530837367288,-0.0001721177686704,0.0030737756751477,-0.0012035710969939,-0.0005107693723402,-0.0354892127215862,0.0013626611325889,0.0142977032810449,-0.0171798281371593,-0.0101565197110176,0.004499863833189,-0.0097279492765665,0.0056856996379792,0.0250127334147691,-0.0209011044353246,0.0090381782501935,-0.0012248415732756,-0.008789730258286,-0.0215487610548734,-0.005045395810157,0.0130707854405045,-0.0191355962306261,0.004595233593136,0.0068094977177679,0.0061576087027788,0.0191265605390071,-0.0117153031751513,0.0023753512650728,0.0083156619220972,0.0047732489183545,0.0043867342174053,-0.0010218217503279,-0.0057652308605611,0.0044475221075117,-0.0049200276844203,0.0032606595195829,0.0018535398412495,-0.004090002272278,0.0087117220376808,-0.0105282544281679,0.0098238883749044,-0.0086972836104842,0.0224281572826445,-0.0270614179171649,0.0524559405821125,-0.0613281955784644,0.1136237429957889,0.0204665108842212,0.0605049024889567,-0.0709499347898042,2019-02-11,2019-02-12,2019-02-13,2019-02-14,2019-02-15,2019-02-19,2019-02-20,2019-02-21,2019-02-22,2019-02-25,65875.0,2019-02-08,252.0,0.7094%,0.0005,0.4196,-0.5728,0.2855,1.1507%,1.2710%,18.0385%,0.008941,VZ,65875.0,2019-02-11,252.0,0.1854%,0.0006,0.3929,-0.5424,0.2879,1.1430%,1.2468%,15.9458%,0.0042899999999999,VZ,65875.0,2019-02-12,252.0,0.6845%,0.0006,0.3892,-0.5366,0.285,1.1421%,1.2430%,15.5802%,0.002,VZ,65875.0,2019-02-13,252.0,0.1103%,0.0006,0.3905,-0.5391,0.2844,1.1419%,1.2428%,15.5678%,3.5000000000000004e-05,VZ,65875.0,2019-02-14,252.0,-0.8260%,0.0006,0.3914,-0.541,0.2864,1.1421%,1.2440%,15.7053%,-0.003087,VZ,65875.0,2019-02-15,252.0,2.0914%,0.0008,0.4169,-0.5164,0.33,1.1404%,1.2483%,16.5370%,0.016369,VZ,65875.0,2019-02-19,252.0,0.5076%,0.0008,0.4176,-0.514,0.3327,1.1407%,1.2483%,16.5047%,0.004692,VZ,65875.0,2019-02-20,252.0,0.5772%,0.0008,0.4178,-0.5174,0.3322,1.1396%,1.2478%,16.5971%,0.0041789999999999,VZ,65875.0,2019-02-21,252.0,0.6994%,0.0009,0.4073,-0.5371,0.3129,1.1306%,1.2382%,16.6263%,0.008842,VZ,65875.0,2019-02-22,252.0,1.3713%,0.001,0.4039,-0.5123,0.2954,1.1317%,1.2341%,15.9012%,0.01852,VZ,65875.0,2019-02-25,252.0,-0.2460%,0.001,0.4038,-0.51,0.296,1.1321%,1.2342%,15.8515%,-0.003966,VZ,0.013231,0.015231,0.015266,0.028548,0.060815
31995,WAYFAIR INC,Wayfair Shares Fall 1.6% Following Axios Report Suggesting 'Walmart goes after furniture retailers with a private label',6,decrease,0.8,0.6,"the report suggests increased competition from walmart in the furniture market, which could negatively impact wayfair's market share and sales.",0,2019-02-08,W,2019-02-08 17:27:00+00:00,14983.0,94419L10,0.0326729901134967,2103348.0,-0.0081381481140851,-0.0254074465483427,0.0123911229893565,0.0226495862007141,-0.0095104333013296,0.0298389177769422,0.0025883375201374,0.0329121090471744,0.0169053860008716,0.0048419404774904,-0.0162149164825677,0.0154930716380477,-0.0178140308707952,0.0342544578015804,-0.0060174516402184,-0.0023930314928293,0.2785640954971313,0.0223113689571619,0.0688896402716636,0.0233326833695173,0.0201522074639797,0.0404250584542751,0.0020794544834643,-0.0129575747996568,0.0111686699092388,-0.0479733869433403,0.025048341602087,0.0582263059914112,-0.0196667034178972,0.0084630399942398,-0.00156171398703,0.0196015369147062,-0.0075798262841999,0.002242142567411,-0.0103048849850893,-0.0284232143312692,0.0112084383144974,-0.028519619256258,0.0307086128741502,0.0092555293813347,0.0082271210849285,0.0161223392933607,-0.0166113302111625,0.0126635171473026,-0.0201516952365636,0.0609594248235225,0.0041736457496881,0.0647906810045242,0.0195169299840927,-0.0651044473052024,-0.0054947868920862,0.0043294779025018,0.0167537536472082,-0.0072734854184091,0.0013439039466902,-0.015514813363552,-0.0751006305217742,0.0262777041643858,0.0192429218441247,0.1164842694997787,-0.018879622220993,-0.0206963345408439,-0.0516087859869003,-0.0350094363093376,-0.0035259048454463,-0.058511234819889,-0.0089458338916301,-0.0304557252675294,0.0037049718666821,-0.0021401492413133,0.0026174455415457,-0.0952657908201217,0.0445143170654773,-0.0063491682521998,-0.0064726644195616,-0.0363400913774967,-0.0163194146007299,0.0,-0.0169180445373058,-0.0038784574717283,-0.0286152176558971,0.0335974469780921,0.0089953821152448,-0.0562961660325527,0.0039472016505897,0.0256836544722318,-0.0019658929668366,-0.0360673516988754,0.0054336958564817,0.0573446713387966,0.0101330811157822,0.0076857153326272,-0.0252791997045278,0.0047668986953794,-0.0037049280945211,0.1450873464345932,0.0182493887841701,0.0010928794508799,0.0218449588865041,0.0345996990799903,0.0063538732938468,0.0031760295387357,0.0111805126070976,0.0426966361701488,0.0048130438663065,0.0236078035086393,0.0456339418888092,-0.059118378907442,0.0037761584389954,-0.0135954953730106,0.0085106687620282,0.01309051271528,-0.0707514956593513,-0.052421536296606,-0.0206633266061544,0.0123389083892107,0.0201585795730352,-0.0195910688489675,-0.0387301035225391,-0.0473227873444557,-0.0081381481140851,-0.0254074465483427,0.0041521340810841,-0.0033333284983653,-0.0053977878144817,0.0264061263635906,0.014034233377961,0.0653206806037112,0.3310081286145132,0.1677348287066857,0.3415545882925925,0.4496518754583281,0.2119249561437837,0.1892911452084724,2019-02-11,2019-02-12,2019-02-13,2019-02-14,2019-02-15,2019-02-19,2019-02-20,2019-02-21,2019-02-22,2019-02-25,14983.0,2019-02-08,252.0,3.2673%,0.001,1.5483,0.6735,-1.3143,2.9708%,3.7095%,35.8597%,0.02188,W,14983.0,2019-02-11,252.0,-0.8138%,0.0008,1.5908,0.6158,-1.3233,2.9637%,3.7065%,36.0645%,-0.011828,W,14983.0,2019-02-12,252.0,1.2391%,0.0007,1.5829,0.6168,-1.3275,2.9647%,3.7055%,35.9864%,-0.0117159999999999,W,14983.0,2019-02-13,252.0,-0.9510%,0.0007,1.5847,0.608,-1.3325,2.9656%,3.7053%,35.9418%,-0.013483,W,14983.0,2019-02-14,252.0,0.2588%,0.0007,1.5863,0.605,-1.3296,2.9657%,3.7052%,35.9330%,-0.0050739999999999,W,14983.0,2019-02-15,252.0,1.6905%,0.0006,1.5643,0.5856,-1.3648,2.9601%,3.6945%,35.8040%,0.00375,W,14983.0,2019-02-19,252.0,-1.6215%,0.0006,1.5704,0.5614,-1.3926,2.9558%,3.6961%,36.0457%,-0.016891,W,14983.0,2019-02-20,252.0,-1.7814%,0.0005,1.5656,0.5476,-1.4107,2.9570%,3.6979%,36.0567%,-0.014473,W,14983.0,2019-02-21,252.0,-0.6017%,0.0005,1.5647,0.545,-1.4123,2.9569%,3.6971%,36.0336%,-0.003186,W,14983.0,2019-02-22,252.0,27.8564%,0.0013,1.5293,0.6013,-1.7848,3.3247%,4.0880%,33.8585%,0.244536,W,14983.0,2019-02-25,252.0,6.8890%,0.0025,1.5013,0.5424,-1.9193,2.9948%,3.8431%,39.2728%,0.064846,W,0.010052,-0.0016639999999999,-0.0151469999999999,-0.016471,0.258361
32003,WAYFAIR INC,'Walmart goes after furniture retailers with a private label' -Axios,6,decrease,0.75,0.6,"walmart's entry into the furniture market with a private label could intensify competition for wayfair, potentially leading to a decrease in its market share and stock price.",0,2019-02-08,W,2019-02-08 17:17:00+00:00,14983.0,94419L10,0.0326729901134967,2103348.0,-0.0081381481140851,-0.0254074465483427,0.0123911229893565,0.0226495862007141,-0.0095104333013296,0.0298389177769422,0.0025883375201374,0.0329121090471744,0.0169053860008716,0.0048419404774904,-0.0162149164825677,0.0154930716380477,-0.0178140308707952,0.0342544578015804,-0.0060174516402184,-0.0023930314928293,0.2785640954971313,0.0223113689571619,0.0688896402716636,0.0233326833695173,0.0201522074639797,0.0404250584542751,0.0020794544834643,-0.0129575747996568,0.0111686699092388,-0.0479733869433403,0.025048341602087,0.0582263059914112,-0.0196667034178972,0.0084630399942398,-0.00156171398703,0.0196015369147062,-0.0075798262841999,0.002242142567411,-0.0103048849850893,-0.0284232143312692,0.0112084383144974,-0.028519619256258,0.0307086128741502,0.0092555293813347,0.0082271210849285,0.0161223392933607,-0.0166113302111625,0.0126635171473026,-0.0201516952365636,0.0609594248235225,0.0041736457496881,0.0647906810045242,0.0195169299840927,-0.0651044473052024,-0.0054947868920862,0.0043294779025018,0.0167537536472082,-0.0072734854184091,0.0013439039466902,-0.015514813363552,-0.0751006305217742,0.0262777041643858,0.0192429218441247,0.1164842694997787,-0.018879622220993,-0.0206963345408439,-0.0516087859869003,-0.0350094363093376,-0.0035259048454463,-0.058511234819889,-0.0089458338916301,-0.0304557252675294,0.0037049718666821,-0.0021401492413133,0.0026174455415457,-0.0952657908201217,0.0445143170654773,-0.0063491682521998,-0.0064726644195616,-0.0363400913774967,-0.0163194146007299,0.0,-0.0169180445373058,-0.0038784574717283,-0.0286152176558971,0.0335974469780921,0.0089953821152448,-0.0562961660325527,0.0039472016505897,0.0256836544722318,-0.0019658929668366,-0.0360673516988754,0.0054336958564817,0.0573446713387966,0.0101330811157822,0.0076857153326272,-0.0252791997045278,0.0047668986953794,-0.0037049280945211,0.1450873464345932,0.0182493887841701,0.0010928794508799,0.0218449588865041,0.0345996990799903,0.0063538732938468,0.0031760295387357,0.0111805126070976,0.0426966361701488,0.0048130438663065,0.0236078035086393,0.0456339418888092,-0.059118378907442,0.0037761584389954,-0.0135954953730106,0.0085106687620282,0.01309051271528,-0.0707514956593513,-0.052421536296606,-0.0206633266061544,0.0123389083892107,0.0201585795730352,-0.0195910688489675,-0.0387301035225391,-0.0473227873444557,-0.0081381481140851,-0.0254074465483427,0.0041521340810841,-0.0033333284983653,-0.0053977878144817,0.0264061263635906,0.014034233377961,0.0653206806037112,0.3310081286145132,0.1677348287066857,0.3415545882925925,0.4496518754583281,0.2119249561437837,0.1892911452084724,2019-02-11,2019-02-12,2019-02-13,2019-02-14,2019-02-15,2019-02-19,2019-02-20,2019-02-21,2019-02-22,2019-02-25,14983.0,2019-02-08,252.0,3.2673%,0.001,1.5483,0.6735,-1.3143,2.9708%,3.7095%,35.8597%,0.02188,W,14983.0,2019-02-11,252.0,-0.8138%,0.0008,1.5908,0.6158,-1.3233,2.9637%,3.7065%,36.0645%,-0.011828,W,14983.0,2019-02-12,252.0,1.2391%,0.0007,1.5829,0.6168,-1.3275,2.9647%,3.7055%,35.9864%,-0.0117159999999999,W,14983.0,2019-02-13,252.0,-0.9510%,0.0007,1.5847,0.608,-1.3325,2.9656%,3.7053%,35.9418%,-0.013483,W,14983.0,2019-02-14,252.0,0.2588%,0.0007,1.5863,0.605,-1.3296,2.9657%,3.7052%,35.9330%,-0.0050739999999999,W,14983.0,2019-02-15,252.0,1.6905%,0.0006,1.5643,0.5856,-1.3648,2.9601%,3.6945%,35.8040%,0.00375,W,14983.0,2019-02-19,252.0,-1.6215%,0.0006,1.5704,0.5614,-1.3926,2.9558%,3.6961%,36.0457%,-0.016891,W,14983.0,2019-02-20,252.0,-1.7814%,0.0005,1.5656,0.5476,-1.4107,2.9570%,3.6979%,36.0567%,-0.014473,W,14983.0,2019-02-21,252.0,-0.6017%,0.0005,1.5647,0.545,-1.4123,2.9569%,3.6971%,36.0336%,-0.003186,W,14983.0,2019-02-22,252.0,27.8564%,0.0013,1.5293,0.6013,-1.7848,3.3247%,4.0880%,33.8585%,0.244536,W,14983.0,2019-02-25,252.0,6.8890%,0.0025,1.5013,0.5424,-1.9193,2.9948%,3.8431%,39.2728%,0.064846,W,0.010052,-0.0016639999999999,-0.0151469999999999,-0.016471,0.258361
32011,WELLS FARGO & CO NEW,"'In his first comments since the bank's outage, Wells Fargo president and CEO Tim Sloan says the ""recovery from these issues was not as rapid as we or our customers would have expected"" and the bank will review the issues ""in detail""' -CNBC",6,decrease,0.7,0.6,"the ceo's acknowledgment of a slow recovery from the bank's outage suggests operational issues that may undermine investor confidence, likely leading to a decrease in stock price.",0,2019-02-08,WFC,2019-02-08 20:44:00+00:00,38703.0,94974610,-0.0089434338733553,20641299.0,0.0,-0.0231613032519817,0.0293808542191982,-0.0010148008586838,-0.000611595925875,0.0042804540134966,-0.0101999184116721,0.0030668887775391,0.0144270556047558,0.0,0.0032507078722119,-0.014573773369193,0.0087079852819442,0.0048144771717488,-0.0050190724432468,0.0006021432927809,-0.0108959022909402,-0.0061839488334953,0.0130558833479881,0.00300123100169,-0.0014095790684223,-0.002793283900246,0.0062512881122529,0.0052145672962069,-0.0002004436100833,-0.0029993543867021,0.0028061612974852,0.0158439725637435,0.0015990772517398,0.0059256418608129,-0.0043903654441237,0.0266415048390626,-0.0014030806487426,-0.0154894674196839,-0.0028101042844355,0.0114894350990653,0.00241543748416,0.0025130666326731,-0.0008032312616705,-0.0010460091289132,-0.0022105465177446,0.0054690432734787,0.0054379985667765,-0.0020990443881601,0.0086137885227799,-0.0064650964923202,0.0061569293029606,0.0296328347176313,0.0211211945861578,-0.0078823808580636,-0.0061859595589339,0.0186631232500076,-0.0196459498256444,0.0065531469881534,-0.010714303702116,0.0054908851161599,-0.031087027862668,-0.0013161081587895,-0.0047609093599021,0.0456422418355941,0.0193426888436079,-0.0336879529058933,-0.0048969164490699,-0.0199826657772064,0.0065614045597612,0.0081016588956117,-0.0156854856759309,-0.0182717610150575,0.0101407635957002,-0.0019309193594381,-0.0122926095500588,0.0015040759462863,0.0134827122092247,-0.0104188360273838,0.0063446080312132,-0.0148722846060991,-0.0079316534101963,-0.0004186902078799,0.0020500675309449,-0.0213114935904741,-0.0151391504332423,-0.0290489289909601,-0.0072704297490417,-0.0162458773702383,-0.0010462279897183,-0.0133255822584033,-0.0261834934353828,-0.0453540347516536,0.0060227741487324,-0.0007368662627413,0.0188155025243759,0.0044411150738596,-0.0020986839663237,-0.0057037272490561,0.0006309694144874,0.0218086075037717,-0.0067255883477628,0.0058622835204005,0.0019043621141463,0.0202585216611623,0.0027455347590148,-0.0114438002929091,0.0006318193045444,-0.0020936545915901,0.0094717061147093,-0.0146286347880959,0.0064637484028935,0.0071779577992856,0.002900339430198,0.0022718464024364,-0.0037182462401688,0.0128475194796919,0.0014513725182041,-0.0111869573593139,0.0072464244440197,0.0074499179609119,-0.0045221215113997,-0.0130090955644846,-0.0260169748216867,-0.0022573163732886,0.0,-0.0231613032519817,0.0293808542191982,-0.0241526000002372,0.028751289082584,-0.019975530080348,0.032948576239099,-0.0169699040318377,0.042182545254767,-0.029164349008587,0.0090241428017072,0.1128983280162956,-0.0100735200638381,-0.0872391747177065,2019-02-11,2019-02-12,2019-02-13,2019-02-14,2019-02-15,2019-02-19,2019-02-20,2019-02-21,2019-02-22,2019-02-25,38703.0,2019-02-08,252.0,-0.8943%,-0.0002,1.0532,-0.0611,1.1472,0.8531%,1.3747%,61.4857%,-0.0020369999999999,WFC,38703.0,2019-02-11,252.0,0.0000%,-0.0002,1.0475,-0.0606,1.1445,0.8531%,1.3550%,60.3631%,-0.00381,WFC,38703.0,2019-02-12,252.0,2.9381%,-0.0001,1.0583,-0.0619,1.1503,0.8597%,1.3653%,60.3521%,0.016993,WFC,38703.0,2019-02-13,252.0,-0.0612%,-0.0001,1.0599,-0.0662,1.1485,0.8596%,1.3646%,60.3189%,-0.004443,WFC,38703.0,2019-02-14,252.0,-1.0200%,-0.0002,1.0583,-0.0677,1.153,0.8435%,1.3553%,61.2616%,-0.0010689999999999,WFC,38703.0,2019-02-15,252.0,1.4427%,-0.0003,1.052,-0.0737,1.1422,0.8430%,1.3476%,60.8711%,-0.002997,WFC,38703.0,2019-02-19,252.0,0.3251%,-0.0003,1.0508,-0.0737,1.1423,0.8429%,1.3468%,60.8283%,-0.002061,WFC,38703.0,2019-02-20,252.0,0.8708%,-0.0003,1.0513,-0.0714,1.1443,0.8427%,1.3480%,60.9174%,0.000491,WFC,38703.0,2019-02-21,252.0,-0.5019%,-0.0003,1.0543,-0.065,1.1497,0.8408%,1.3483%,61.1163%,0.001353,WFC,38703.0,2019-02-22,252.0,-1.0896%,-0.0003,1.0542,-0.0637,1.1508,0.8408%,1.3498%,61.2017%,-0.0005899999999999,WFC,38703.0,2019-02-25,252.0,1.3056%,-0.0002,1.0529,-0.0716,1.1419,0.8424%,1.3492%,61.0158%,0.013281,WFC,-0.005847,0.011146,0.006703,0.002637,0.015111
32019,WELLS FARGO & CO NEW,Wells Fargo Users Continue To Report Issues With Firm's System,6,decrease,0.8,0.6,"ongoing issues with wells fargo's system can lead to customer dissatisfaction and erode trust, likely resulting in a decrease in stock price.",0,2019-02-08,WFC,2019-02-08 16:49:00+00:00,38703.0,94974610,-0.0089434338733553,20641299.0,0.0,-0.0231613032519817,0.0293808542191982,-0.0010148008586838,-0.000611595925875,0.0042804540134966,-0.0101999184116721,0.0030668887775391,0.0144270556047558,0.0,0.0032507078722119,-0.014573773369193,0.0087079852819442,0.0048144771717488,-0.0050190724432468,0.0006021432927809,-0.0108959022909402,-0.0061839488334953,0.0130558833479881,0.00300123100169,-0.0014095790684223,-0.002793283900246,0.0062512881122529,0.0052145672962069,-0.0002004436100833,-0.0029993543867021,0.0028061612974852,0.0158439725637435,0.0015990772517398,0.0059256418608129,-0.0043903654441237,0.0266415048390626,-0.0014030806487426,-0.0154894674196839,-0.0028101042844355,0.0114894350990653,0.00241543748416,0.0025130666326731,-0.0008032312616705,-0.0010460091289132,-0.0022105465177446,0.0054690432734787,0.0054379985667765,-0.0020990443881601,0.0086137885227799,-0.0064650964923202,0.0061569293029606,0.0296328347176313,0.0211211945861578,-0.0078823808580636,-0.0061859595589339,0.0186631232500076,-0.0196459498256444,0.0065531469881534,-0.010714303702116,0.0054908851161599,-0.031087027862668,-0.0013161081587895,-0.0047609093599021,0.0456422418355941,0.0193426888436079,-0.0336879529058933,-0.0048969164490699,-0.0199826657772064,0.0065614045597612,0.0081016588956117,-0.0156854856759309,-0.0182717610150575,0.0101407635957002,-0.0019309193594381,-0.0122926095500588,0.0015040759462863,0.0134827122092247,-0.0104188360273838,0.0063446080312132,-0.0148722846060991,-0.0079316534101963,-0.0004186902078799,0.0020500675309449,-0.0213114935904741,-0.0151391504332423,-0.0290489289909601,-0.0072704297490417,-0.0162458773702383,-0.0010462279897183,-0.0133255822584033,-0.0261834934353828,-0.0453540347516536,0.0060227741487324,-0.0007368662627413,0.0188155025243759,0.0044411150738596,-0.0020986839663237,-0.0057037272490561,0.0006309694144874,0.0218086075037717,-0.0067255883477628,0.0058622835204005,0.0019043621141463,0.0202585216611623,0.0027455347590148,-0.0114438002929091,0.0006318193045444,-0.0020936545915901,0.0094717061147093,-0.0146286347880959,0.0064637484028935,0.0071779577992856,0.002900339430198,0.0022718464024364,-0.0037182462401688,0.0128475194796919,0.0014513725182041,-0.0111869573593139,0.0072464244440197,0.0074499179609119,-0.0045221215113997,-0.0130090955644846,-0.0260169748216867,-0.0022573163732886,0.0,-0.0231613032519817,0.0293808542191982,-0.0241526000002372,0.028751289082584,-0.019975530080348,0.032948576239099,-0.0169699040318377,0.042182545254767,-0.029164349008587,0.0090241428017072,0.1128983280162956,-0.0100735200638381,-0.0872391747177065,2019-02-11,2019-02-12,2019-02-13,2019-02-14,2019-02-15,2019-02-19,2019-02-20,2019-02-21,2019-02-22,2019-02-25,38703.0,2019-02-08,252.0,-0.8943%,-0.0002,1.0532,-0.0611,1.1472,0.8531%,1.3747%,61.4857%,-0.0020369999999999,WFC,38703.0,2019-02-11,252.0,0.0000%,-0.0002,1.0475,-0.0606,1.1445,0.8531%,1.3550%,60.3631%,-0.00381,WFC,38703.0,2019-02-12,252.0,2.9381%,-0.0001,1.0583,-0.0619,1.1503,0.8597%,1.3653%,60.3521%,0.016993,WFC,38703.0,2019-02-13,252.0,-0.0612%,-0.0001,1.0599,-0.0662,1.1485,0.8596%,1.3646%,60.3189%,-0.004443,WFC,38703.0,2019-02-14,252.0,-1.0200%,-0.0002,1.0583,-0.0677,1.153,0.8435%,1.3553%,61.2616%,-0.0010689999999999,WFC,38703.0,2019-02-15,252.0,1.4427%,-0.0003,1.052,-0.0737,1.1422,0.8430%,1.3476%,60.8711%,-0.002997,WFC,38703.0,2019-02-19,252.0,0.3251%,-0.0003,1.0508,-0.0737,1.1423,0.8429%,1.3468%,60.8283%,-0.002061,WFC,38703.0,2019-02-20,252.0,0.8708%,-0.0003,1.0513,-0.0714,1.1443,0.8427%,1.3480%,60.9174%,0.000491,WFC,38703.0,2019-02-21,252.0,-0.5019%,-0.0003,1.0543,-0.065,1.1497,0.8408%,1.3483%,61.1163%,0.001353,WFC,38703.0,2019-02-22,252.0,-1.0896%,-0.0003,1.0542,-0.0637,1.1508,0.8408%,1.3498%,61.2017%,-0.0005899999999999,WFC,38703.0,2019-02-25,252.0,1.3056%,-0.0002,1.0529,-0.0716,1.1419,0.8424%,1.3492%,61.0158%,0.013281,WFC,-0.005847,0.011146,0.006703,0.002637,0.015111
32027,WHIRLPOOL CORP,World Trade Organization Arbitrator Awards South Korea Annual Sanctions Of $84.8 Million Against United States In Washing Machines Dispute,6,decrease,0.7,0.6,the sanctions awarded to south korea against the u.s. in the washing machines dispute could negatively impact whirlpool corp's competitive position and profitability in the market.,0,2019-02-08,WHR,2019-02-08 15:08:00+00:00,25419.0,96332010,-0.0059661651030182,541232.0,-0.002850848948583,-0.0016380107263103,0.0265593156218528,-0.0085628079250454,0.0110670952126383,-0.0002213932020822,-0.0027545460034161,0.0188735574483871,0.0130115086212754,-0.0001502820377936,0.0157147124409675,0.006507761310786,0.0081242946907877,-0.0317972861230373,0.0007008136599324,0.0966576114296913,0.0194677785038948,-0.0048772734589874,-0.0062508839182555,0.0176566168665885,-0.009608069434762,0.0256196241825819,-0.0023729505483061,-0.0506258867681026,-0.0019589194562286,-0.0066110212355852,-0.0014133062213659,0.0122689688578248,0.0116056855767965,0.0189965609461069,-0.0072752241976559,-0.0054097552783787,-0.0211401581764221,-0.0006455404800362,-0.010438391007483,0.0068243071436882,0.000654709234368,0.0047342600300908,-0.0069065568968653,0.0083957882598042,0.0322839543223381,0.0233321823179721,0.0006383348954841,0.0224786885082721,-0.0072997785173356,0.0291615035384893,-0.0491897910833358,0.0489029586315155,0.0009761592373251,-0.0033358100336045,-0.0082513755187392,0.0098249781876802,-0.0129340188577771,-0.0037288516759872,0.0268965102732181,0.0053420779295265,-0.037086796015501,0.0065087708644568,0.0002325948444195,0.0421746037900447,0.0145656587556004,-0.0305918138474226,0.0063383113592863,-0.0387504883110523,0.0020489017479121,-0.0087177539244294,0.0063611990772187,-0.0233259182423353,0.0118895461782813,0.0114828990772366,0.0008923560380935,-0.015282648615539,-0.0135224917903542,-0.034047320485115,0.0128040742129087,-0.0015336142387241,0.0121960239484906,0.0168067440390586,0.0129306772723794,-0.0103737916797399,-0.0224123913794755,-0.0309878140687942,0.0166938714683055,-0.009707941673696,0.0196307562291622,0.0044624484144151,0.0011451736791059,-0.0436259917914867,-0.0250930059701204,0.0031713433563709,0.007186412345618,-0.0021361096296459,-0.0034219236113131,0.0014260838506743,0.0159263052046299,0.0076640513725578,0.0021573640406131,0.0030429603066295,0.0040900693275034,0.0317250192165374,-0.0051453299820423,0.0064022974111139,-0.0299548394978046,0.0126294521614909,0.014958563260734,0.001433374127373,0.0109441122040152,0.0128095643594861,0.0018765139393508,0.0338130295276641,0.0067712659947574,0.0042126923799514,0.0182455871254205,-0.0257374476641416,0.0010541012743487,0.0136950174346566,-0.0174084715545177,-0.0085080601274967,-0.0159308165311813,-0.0078444592654705,-0.002850848948583,-0.0016380107263103,0.0236327500762543,-0.0101867926801272,0.0349613911841231,-0.010405930595559,0.0455398576411585,0.0081197048688472,0.0853777883450594,0.0910495891648404,-0.0237908406554887,0.3182264458651982,0.0418594901103293,0.1549401153499952,2019-02-11,2019-02-12,2019-02-13,2019-02-14,2019-02-15,2019-02-19,2019-02-20,2019-02-21,2019-02-22,2019-02-25,25419.0,2019-02-08,252.0,-0.5966%,-0.0005,1.0637,0.9416,0.7733,1.8516%,2.1633%,26.7380%,-0.002212,WHR,25419.0,2019-02-11,252.0,-0.2851%,-0.0005,1.0478,0.9406,0.7644,1.8519%,2.1502%,25.8180%,-0.012433,WHR,25419.0,2019-02-12,252.0,2.6559%,-0.0005,1.0533,0.9437,0.7667,1.8539%,2.1553%,26.0188%,0.013321,WHR,25419.0,2019-02-13,252.0,1.1067%,-0.0005,1.0467,0.9579,0.771,1.8514%,2.1509%,25.9159%,0.006915,WHR,25419.0,2019-02-14,252.0,-0.2755%,-0.0005,1.0473,0.9578,0.7704,1.8509%,2.1508%,25.9448%,-0.001166,WHR,25419.0,2019-02-15,252.0,1.3012%,-0.0005,1.0573,0.9664,0.786,1.8484%,2.1521%,26.2299%,-0.0050149999999999,WHR,25419.0,2019-02-19,252.0,1.5715%,-0.0005,1.0509,0.9834,0.8058,1.8418%,2.1445%,26.2430%,0.008445,WHR,25419.0,2019-02-20,252.0,0.8124%,-0.0004,1.0534,1.0013,0.8182,1.8335%,2.1406%,26.6325%,-0.000568,WHR,25419.0,2019-02-21,252.0,0.0701%,-0.0003,1.0474,0.9906,0.8071,1.8325%,2.1352%,26.3417%,0.007081,WHR,25419.0,2019-02-22,252.0,1.9468%,-0.0002,1.0437,1.0194,0.7887,1.8329%,2.1373%,26.4559%,0.018975,WHR,25419.0,2019-02-25,252.0,-0.6251%,-0.0003,1.0456,1.0231,0.7976,1.8302%,2.1360%,26.5764%,-0.003846,WHR,-0.014645,-0.001324,0.005591,-0.0005899999999999,0.029497
32035,WATTS WATER TECHNOLOGIES INC,"Watts Water Technologies shares are trading higher after the company reported Q4 EPS of $0.88, beating the $0.87 estimate and sales of $388 million, beating the $382.45 million estimate; the company also reported a $150 million buyback.",6,increase,0.8,0.7,"the positive earnings report and sales beat, along with the announcement of a significant buyback, are likely to boost investor confidence and drive the stock price higher.",2,2019-02-08,WTS,2019-02-08 17:03:00+00:00,10606.0,94274910,0.1286049336194992,290420.0,-0.037779726088047,-0.0375830233097076,0.0128335729241371,-0.0013262396678328,-0.0015054917894303,0.0033266798127442,0.001005174475722,0.0098092360422015,0.0138069344684481,-0.0060104788281023,-0.0063141579739749,0.0108006354421377,0.0148267475888133,0.0139629924669861,-0.0009821265703067,0.0135979373008012,0.005407334305346,-0.0127397300675511,-0.0084341140463948,0.0161470454186201,-0.0070266230031847,0.0165557973086834,0.00695217307657,-0.0196975748986005,-0.0044384133070707,-0.0205163341015577,0.0008691295515745,0.032402828335762,-0.0052102487534284,0.0130737265571951,-0.0011223838664591,-0.0019855252467095,-0.0054930690675973,0.0058488398790359,-0.0105448644608259,-0.0079253492876887,-0.0078660584986209,0.0014173201052472,0.0164961759001016,0.0236471388489007,-0.0054094893857836,0.0177173614501953,0.003162155393511,0.0206450074911117,-0.0055477847345173,0.0201383158564567,0.0016482471255585,0.0286211464554071,0.0179746598005294,-0.0215069726109504,-0.0012434527743607,0.0015496432315558,-0.0053535895422101,0.005453388672322,0.0145200109109282,-0.0003114741994068,-0.0510795712471008,0.006111825350672,0.0067611052654683,0.0355404503643512,0.0170476511120796,-0.025462606921792,0.0083809988573193,-0.0164878107607364,0.0002518151595722,-0.0207159258425235,0.0174996778368949,-0.0242270696908235,0.0175698865205049,-0.0056163887493312,-0.0117947626858949,-0.0359076187014579,0.0196875371038913,-0.0073549742810428,-0.0049475519917905,-0.0059055932797491,0.0111569026485085,0.0080793714150786,0.0076756947673857,0.0062758871354162,-0.0248749870806932,-0.0018507582135498,0.0206273943185806,-0.0102860834449529,-0.0013154820771887,-0.0115599138662219,0.0039515532553195,-0.0402351915836334,-0.000715619768016,0.0142352953553199,0.0109811192378401,0.0211823154240846,0.002833595033735,-0.0095706321299076,0.0093006929382681,0.0268144868314266,-0.0129476329311728,-0.0225058235228061,0.0089812632650136,0.0051034861244261,0.0117123452946543,-0.0028881733305752,-0.0186385810375213,0.0097208293154835,0.0031851395033299,-0.0123440064489841,0.0084666181355714,-0.0173853542655706,-0.001982343615964,-0.0036256783641874,-0.0099310493096709,0.0186021141707897,-0.0044842725619673,-0.0036794310435652,0.0252489000558853,-0.0069021806120872,0.0117933209985494,-0.0142742758616805,-0.0266255494207143,-0.0212821159511804,-0.037779726088047,-0.0375830233097076,-0.0254310020337147,-0.03885941888119,-0.0268982076583863,-0.0356620119127728,-0.0124710128218359,-0.0320555816610194,-0.0081916874399103,0.0087695570288464,-0.0508388499521317,0.1760792387017786,0.0441630721777357,-0.051041879025736,2019-02-11,2019-02-12,2019-02-13,2019-02-14,2019-02-15,2019-02-19,2019-02-20,2019-02-21,2019-02-22,2019-02-25,10606.0,2019-02-08,252.0,12.8605%,0.0004,1.0452,0.6011,0.1897,1.2119%,1.6638%,46.9411%,0.129292,WTS,10606.0,2019-02-11,252.0,-3.7780%,0.0002,1.0414,0.5449,0.1573,1.2429%,1.6710%,44.6796%,-0.043747,WTS,10606.0,2019-02-12,252.0,1.2834%,0.0002,1.0445,0.5398,0.1598,1.2422%,1.6726%,44.8451%,-0.001271,WTS,10606.0,2019-02-13,252.0,-0.1505%,0.0002,1.0415,0.5429,0.1591,1.2422%,1.6696%,44.6437%,-0.004966,WTS,10606.0,2019-02-14,252.0,0.1005%,0.0001,1.04,0.5428,0.1613,1.2370%,1.6642%,44.7567%,0.001192,WTS,10606.0,2019-02-15,252.0,1.3807%,0.0002,1.0522,0.5537,0.181,1.2333%,1.6663%,45.2169%,-0.000176,WTS,10606.0,2019-02-19,252.0,-0.6314%,0.0001,1.0475,0.5507,0.178,1.2341%,1.6626%,44.9043%,-0.010562,WTS,10606.0,2019-02-20,252.0,1.4827%,0.0002,1.0508,0.5601,0.1904,1.2355%,1.6650%,44.9439%,0.010546,WTS,10606.0,2019-02-21,252.0,-0.0982%,0.0002,1.0506,0.5605,0.19,1.2356%,1.6644%,44.8874%,0.003636,WTS,10606.0,2019-02-22,252.0,0.5407%,0.0002,1.0511,0.5537,0.1902,1.2353%,1.6644%,44.9143%,-0.001811,WTS,10606.0,2019-02-25,252.0,-0.8434%,0.0001,1.0525,0.5592,0.1981,1.2344%,1.6640%,44.9660%,-0.008329,WTS,0.0855449999999999,0.0842739999999999,0.0793079999999999,0.0803239999999999,0.0738039999999999
32043,WYNN RESORTS LTD,"Casino Analyst Bullish On Vegas, But Not Macau",6,decrease,0.7,0.6,"the analyst's bullish outlook on vegas may not be enough to offset concerns about macau, which could negatively impact investor sentiment and stock performance for wynn resorts ltd.",0,2019-02-08,WYNN,2019-02-08 19:48:00+00:00,89533.0,98313410,-0.0131620289757847,2181417.0,-0.001677175052464,-0.0347660705447197,0.0090399775654077,0.033168226480484,0.01125827152282,0.0228314492851495,-0.0264210328459739,-0.0133259324356913,0.0087499134242534,0.0248760059475898,0.0309211984276771,0.0209993254393339,0.0063882209360599,0.0325677320361137,0.0034836060367524,-0.0126089351251721,0.0163542013615369,-0.0030372110195457,-0.0193548612296581,0.0360107943415641,0.0096749225631356,0.012030079960823,-0.0210041999816894,0.0097356550395488,-0.0091613670811057,-0.0279562529176473,-0.0112217338755726,0.007963627576828,0.0035965228453278,0.0248430185019969,-0.0113880727440118,0.034610778093338,-0.0047526690177619,-0.0030527459457516,-0.0394982174038887,-0.0479965172708034,0.0077525759115815,0.0192998331040144,-0.0018395651131868,-0.0259683579206466,-0.0169222094118595,0.0130203822627663,-0.0030677514150738,0.0313327871263027,-0.0115394350141286,0.0177575647830963,0.0012971422402188,0.0403327047824859,0.0031090821139514,-0.0096743497997522,0.0143779432401061,0.0555049814283847,0.0027160048484802,0.0171740632504224,0.0253936015069484,-0.0089686596766114,-0.0349182412028312,-0.0111861387267708,-0.0039347079582512,0.0784697458148002,0.0078145442530512,-0.0149877043440938,-0.0068166586570441,-0.0448875166475772,0.0090940734371542,-0.0059965071268379,0.0144532984122633,-0.0455912016332149,0.0839758366346359,-0.013304048217833,0.0439925976097583,-0.0208059381693601,0.0192550253123045,-0.0130423055961728,0.0148223005235195,-0.011791598983109,0.0090928925201296,0.0365738160908222,0.0277423281222581,-0.0065888268873095,-0.0385917238891124,0.0119058964774012,0.0124946543946862,-0.066008411347866,0.0001418742758687,0.0185755975544452,0.0195716526359319,-0.078721098601818,-0.0136318784207105,0.0949725732207298,0.0204484108835458,0.0118386857211589,-0.009397461079061,-0.0414893627166748,-0.0064173978753387,-0.0002658759185578,-0.0171300359070301,0.0117468191310763,0.0207142420113086,0.0689158886671066,0.0104968510568141,-0.0132412891834974,0.018005583435297,0.047350239008665,0.0156462788581848,-0.0241796616464853,-0.0035498912911862,-0.0328507870435714,-0.0290381610393524,0.012781960889697,0.0116995675489306,0.0306083280593156,-0.0039688097313046,0.012256103567779,0.0123660555109381,0.0250251032412052,-0.0407166108489036,0.0120016308501362,-0.0400396399199962,-0.007069248240441,-0.001677175052464,-0.0347660705447196,0.0073476408880961,-0.0027509729658994,0.0186886341470864,0.0200176676194943,0.0004517634183953,0.0314608149131718,0.0381363963736844,0.1089939073978671,-0.0643112760421559,0.3789804844717936,0.090364627999957,0.2908770659304029,2019-02-11,2019-02-12,2019-02-13,2019-02-14,2019-02-15,2019-02-19,2019-02-20,2019-02-21,2019-02-22,2019-02-25,89533.0,2019-02-08,252.0,-1.3162%,-0.0012,1.3045,0.6013,-0.1382,2.3142%,2.7609%,29.7446%,-0.015516,WYNN,89533.0,2019-02-11,252.0,-0.1677%,-0.0012,1.303,0.5946,-0.1426,2.3145%,2.7466%,28.9914%,-0.007254,WYNN,89533.0,2019-02-12,252.0,0.9040%,-0.0011,1.317,0.5708,-0.1312,2.3067%,2.7451%,29.3933%,-0.009142,WYNN,89533.0,2019-02-13,252.0,1.1258%,-0.001,1.3342,0.5452,-0.1337,2.2968%,2.7434%,29.9079%,0.00722,WYNN,89533.0,2019-02-14,252.0,-2.6421%,-0.0011,1.3399,0.5306,-0.117,2.3024%,2.7474%,29.7701%,-0.02733,WYNN,89533.0,2019-02-15,252.0,0.8750%,-0.001,1.3526,0.5414,-0.0973,2.2991%,2.7480%,29.9995%,-0.007256,WYNN,89533.0,2019-02-19,252.0,3.0921%,-0.0009,1.3634,0.5514,-0.0869,2.3036%,2.7552%,30.0941%,0.0269729999999999,WYNN,89533.0,2019-02-20,252.0,0.6388%,-0.0008,1.3645,0.5536,-0.0832,2.3037%,2.7555%,30.1021%,0.002963,WYNN,89533.0,2019-02-21,252.0,0.3484%,-0.0009,1.3677,0.5623,-0.0774,2.3025%,2.7554%,30.1711%,0.008628,WYNN,89533.0,2019-02-22,252.0,1.6354%,-0.0009,1.3677,0.548,-0.0904,2.3016%,2.7569%,30.3013%,0.003134,WYNN,89533.0,2019-02-25,252.0,-1.9355%,-0.0009,1.3663,0.5561,-0.0915,2.3034%,2.7583%,30.2670%,-0.0202439999999999,WYNN,-0.02277,-0.0319119999999999,-0.0246919999999999,-0.059278,-0.0378239999999999
32051,ACCENTURE PLC IRELAND,"Accenture, Microsoft, In Conjunction With Their Joint Venture Avanade, Announced Launch Of Accenture Microsoft Business Group",6,increase,0.8,0.7,"the launch of the accenture microsoft business group, in collaboration with microsoft and avanade, is likely to enhance accenture's service offerings and market position, which could positively impact investor sentiment and stock price.",2,2019-02-04,ACN,2019-02-04 16:04:00+00:00,89071.0,G1151C10,0.0116970241069793,1666079.0,0.0049185836687684,0.0077499342150986,-0.0010170586174353,-0.0035044020041823,-0.0125986952334642,0.0136165767908096,0.0026421167422086,-0.0014450947055593,-0.0017352594295516,0.0025683199055492,0.0084341838955879,0.0113220931962132,0.0089382231235504,0.0116560822352767,-0.0011389779392629,-0.0036920390557497,0.0087424106895923,-0.0098371272906661,0.0015700559597462,0.0089190043509006,0.0014422560343518,0.0083851106464862,-0.0011270924005657,0.0067397747188806,0.0123487822711467,0.0135238170623779,0.0010526202386245,-0.0088901259005069,-0.0020412064623087,-0.0053734765388071,-0.0044005918316543,0.0078837955370545,0.0046691154129803,0.0050295973196625,0.0174742341041564,0.0252896435558795,-0.0084043219685554,0.0034733833745121,0.0052204323001205,0.0388836748898029,-0.007820607163012,-0.0341418534517288,-0.0033252865541726,-0.0029784992802888,-0.0009885922772809,0.0085108503699302,0.0139155173674225,-0.0042019537650048,0.000305008230498,0.0100712841376662,0.0007317221607081,0.0399491004645824,0.0043264073319733,-0.0257288552820682,0.0095254946500062,-0.0439024604856967,0.0002403587131993,-0.0494171045720577,-0.0013819368323311,-0.0077559659257531,0.0004212233761791,0.0030988410580903,0.0118482057005167,-0.0248183663934469,-0.0178316682577133,-0.0294539853930473,-0.0009683106909506,0.0102761629968881,0.0112672680988907,0.0020214279647916,-0.0028153900057077,0.0036774144973605,0.051961276680231,0.0017148572951555,0.0051393853500485,-0.0113030020147562,0.0017043690895661,-0.0302052646875381,-0.0053880000486969,-0.015645608305931,0.0103780999779701,0.0139800813049078,-0.0001693028898444,0.0214192382991313,0.0055881137959659,-0.0070279226638376,0.0042661228217184,0.0194834154099226,-0.0065955389291048,0.0044823656789958,0.0041073784232139,0.0093672424554824,0.0076836193911731,-0.0003185313544236,0.001569851883687,-0.0120830601081252,0.0036946018226444,-0.0237759426236152,-0.0013385693309828,-0.0135151259601116,-0.0006143226637504,0.0154470698907971,-0.0018999516032636,0.0137251997366547,-0.0030233094003051,-0.0071849096566438,0.0135339377447962,-0.00609459169209,0.001828467589803,-0.0164092741906642,-0.004756377544254,0.0039513306692242,0.0048902747221291,0.0038445407990366,0.0021014481317251,0.0279136691242456,0.008056903257966,0.0051701893098652,-0.0074451230466365,0.0076879519037902,0.0049185836687684,0.0077499342150986,0.003896522563427,0.0042183733259206,-0.0087512637702841,0.017892389921055,-0.0078568872407367,0.0190319344318068,0.0187160176223208,0.0376878388059693,0.0616416072065042,0.0170895625751004,0.1677134809540961,-0.0168371149954337,2019-02-05,2019-02-06,2019-02-07,2019-02-08,2019-02-11,2019-02-12,2019-02-13,2019-02-14,2019-02-15,2019-02-19,89071.0,2019-02-04,252.0,1.1697%,0.0001,1.0654,-0.3303,-0.1362,0.8448%,1.5083%,68.6269%,0.004909,ACN,89071.0,2019-02-05,252.0,0.4919%,0.0001,1.0655,-0.3299,-0.1354,0.8448%,1.5020%,68.3621%,-0.000844,ACN,89071.0,2019-02-06,252.0,-0.1017%,0.0,1.0868,-0.3368,-0.1142,0.8410%,1.4879%,68.0521%,0.0012889999999999,ACN,89071.0,2019-02-07,252.0,-1.2599%,0.0,1.0883,-0.3376,-0.1148,0.8411%,1.4855%,67.9395%,-0.002584,ACN,89071.0,2019-02-08,252.0,0.2642%,-0.0,1.0884,-0.3461,-0.12,0.8392%,1.4854%,68.0863%,0.00094,ACN,89071.0,2019-02-11,252.0,-0.1735%,-0.0001,1.1062,-0.3641,-0.1204,0.8345%,1.4733%,67.9127%,-0.000799,ACN,89071.0,2019-02-12,252.0,0.8434%,-0.0001,1.0996,-0.3606,-0.1244,0.8350%,1.4677%,67.6358%,-0.006842,ACN,89071.0,2019-02-13,252.0,0.8938%,-0.0001,1.105,-0.3672,-0.1241,0.8336%,1.4680%,67.7588%,0.006063,ACN,89071.0,2019-02-14,252.0,-0.1139%,-0.0001,1.1039,-0.3663,-0.1241,0.8319%,1.4661%,67.8068%,0.002271,ACN,89071.0,2019-02-15,252.0,0.8742%,-0.0001,1.0994,-0.3705,-0.1317,0.8317%,1.4624%,67.6583%,-0.00232,ACN,89071.0,2019-02-19,252.0,0.1570%,-0.0001,1.1017,-0.3729,-0.1346,0.8306%,1.4616%,67.7046%,0.000851,ACN,0.004065,0.0053539999999999,0.0027699999999999,0.0029109999999999,0.0029339999999999
32059,ARCHER DANIELS MIDLAND CO,Q4 Earnings Outlook For Archer-Daniels Midland,6,uncertain,0.5,0.5,"the q4 earnings outlook could vary based on market expectations and actual performance, making the impact on stock price uncertain.",1,2019-02-04,ADM,2019-02-04 18:28:00+00:00,10516.0,03948310,-0.0089106196537613,3226351.0,-0.0593392476439476,-0.0002227647200925,0.0004779082082677,0.004699102602899,-0.0112251592800021,0.0108572617173194,0.0086955744773149,0.0009056127746589,0.0059865904040634,0.0102927023544907,0.0078553166240453,0.001145020709373,0.0014171320945024,-0.0009151433478109,-0.0037735812366008,0.0034434734843671,0.0021306311246007,-0.0158155672252178,-0.0030967381317168,0.0195807069540023,0.0028674493078142,0.0025404298212379,0.0142958890646696,-0.0041398415341973,-0.0018792111659422,0.0147024756297469,-0.0014121292624622,-0.0071826083585619,-0.0025925196241587,-0.0048420359380543,0.007088828831911,0.0069653876125812,-0.0028155546169728,0.0086650801822543,-0.0016470516566187,0.0186069328337907,-0.0044779311865568,0.0050347419455647,0.0002367026754654,0.0230561345815658,-0.0028402113821357,-0.0043956115841865,0.0009493733523413,-0.0004881732165813,-0.0059283855371177,0.0046592066064476,0.0219466127455234,-0.0043945387005805,0.001633979845792,0.0071305860765278,0.0083896666765213,0.0265017487108707,0.0018488101195544,-0.0289215762168169,-0.0039215264841914,-0.0104293068870902,-0.0162112265825271,-0.0275943856686353,0.0124764312058687,-0.0102707426995039,-0.0165077690035104,-0.0124481534585356,0.0137116275727748,-0.0275722816586494,-0.0060634827241301,-0.0071221832185983,-0.0063350647687911,-0.0057534482330083,-0.0014167074114084,0.0143658677116036,0.0047292681410908,-0.0008970826747827,0.0054130274802446,0.0029240006115287,0.0095973741263151,-0.023500982671976,-0.0104335900396108,-0.0017540414119139,-0.0098407212644815,-0.0262595973908901,-0.000946452957578,0.0178183335810899,0.0120795434340834,-0.0004344148037489,0.0046805702149868,0.0008695851429365,0.0037269939202815,-0.0015194203006103,-0.007194276433438,0.0120825842022895,0.0107527561485767,0.007079639006406,0.001156319049187,-0.0087718795984983,0.0020790055859833,0.0060227471403777,-0.0009221049840562,-0.0140358777716755,-0.0083064287900924,-0.0015092645771801,0.0013960300711914,0.0054194666445255,-0.006505636498332,-0.0100857820361852,-0.0023385987151414,-0.0295710526406765,0.0009376679663546,0.001668790820986,0.0018734898185357,-0.0066307438537478,-0.024777878075838,-0.0063825692050158,-0.0194151811301708,0.005590071901679,0.057687621563673,0.020494345575571,0.0307371858507394,-0.0160082466900348,-0.0118833808228373,0.0020833015441894,-0.0593392476439476,-0.0002227647200925,-0.0588896981492013,0.0044752910885306,-0.0694538111875273,0.0153811422124594,-0.0557429373170461,0.0267611647926333,-0.0514966731575258,0.03409351568686,-0.0252060224456331,0.047852455684912,-0.0011817740031642,-0.0579211778841126,2019-02-05,2019-02-06,2019-02-07,2019-02-08,2019-02-11,2019-02-12,2019-02-13,2019-02-14,2019-02-15,2019-02-19,10516.0,2019-02-04,252.0,-0.8911%,0.0005,0.7293,0.1292,0.298,0.8617%,1.1572%,44.5420%,-0.013592,ADM,10516.0,2019-02-05,252.0,-5.9339%,0.0003,0.7227,0.149,0.3326,0.9422%,1.2070%,39.0681%,-0.0606839999999999,ADM,10516.0,2019-02-06,252.0,0.0478%,0.0002,0.7392,0.1437,0.3491,0.9401%,1.2002%,38.6413%,0.0017499999999999,ADM,10516.0,2019-02-07,252.0,-1.1225%,0.0001,0.7272,0.1616,0.3457,0.9292%,1.1827%,38.2821%,-0.005625,ADM,10516.0,2019-02-08,252.0,0.8696%,0.0001,0.7256,0.1542,0.3341,0.9307%,1.1836%,38.1744%,0.0102449999999999,ADM,10516.0,2019-02-11,252.0,0.5987%,0.0001,0.7309,0.1531,0.3363,0.9306%,1.1774%,37.5307%,0.003085,ADM,10516.0,2019-02-12,252.0,0.7855%,0.0002,0.7337,0.1482,0.3386,0.9298%,1.1782%,37.7244%,-0.0016439999999999,ADM,10516.0,2019-02-13,252.0,0.1417%,0.0002,0.7399,0.1373,0.3364,0.9256%,1.1777%,38.2238%,-0.001063,ADM,10516.0,2019-02-14,252.0,-0.3774%,0.0002,0.7402,0.1366,0.3371,0.9257%,1.1779%,38.2450%,-0.001083,ADM,10516.0,2019-02-15,252.0,0.2131%,0.0002,0.7362,0.132,0.3293,0.9271%,1.1758%,37.8255%,-0.008294,ADM,10516.0,2019-02-19,252.0,-0.3097%,0.0,0.7267,0.1398,0.3389,0.9130%,1.1576%,37.7927%,-0.005966,ADM,-0.074276,-0.072526,-0.078151,-0.0648209999999999,-0.0828709999999999
32067,ADVANCED ENERGY INDUSTRIES INC,Advanced Energy Industries shares are trading lower after the company reported Q4 EPS of $0.73 versus the $0.76 estimate and Q4 sales of $154.2M versus the $155.58M estimate.,6,decrease,0.8,0.6,"the company missed both eps and sales estimates, which typically leads to a negative reaction in stock prices.",0,2019-02-04,AEIS,2019-02-04 22:46:00+00:00,82547.0,00797310,0.0129219284281134,418352.0,-0.0481721013784408,0.0109182596206665,0.0192038211971521,0.0086529487743973,-0.0184495076537132,0.0289356615394353,-0.0085982102900743,-0.0309804286807775,-0.0167406573891639,0.0,0.0250256657600402,0.0504634566605091,0.0098058404400944,0.0729281604290008,0.0051526385359466,-0.0083278780803084,0.0086750518530607,-0.0493749789893627,-0.0044956910423934,0.0494096688926219,0.0270960349589586,0.0028502754867076,-0.0131906410679221,0.0035203485749661,0.0061991419643163,-0.0013183379778638,-0.0003850685025099,-0.011296990327537,-0.0065484656952321,0.0087661119177937,-0.0180302504450082,0.0217196866869926,-0.0055281855165958,0.0393297336995601,0.0154854599386453,-0.024296086281538,-0.0043010991066694,0.0244242660701274,-0.0121735502034425,0.0487923845648765,-0.0244484096765518,-0.0544405281543731,-0.0395273491740226,0.0097833257168531,-0.0084853144362568,0.0051510473713278,0.0254599619656801,0.0004685045278165,-0.0010431720875203,0.030661528930068,-0.0133667374029755,0.0664263144135475,0.0065621836110949,-0.0289999954402446,0.0210304949432611,-0.0071978382766246,0.0016478234902024,-0.0034627600107342,0.0063746157102286,-0.0430769175291061,0.0006130484980531,0.0309907384216785,0.0357361659407615,-0.0007314991671591,-0.0368691384792327,-0.0046117096208035,-0.0061412332579493,-0.0216100644320249,-0.0076209874823689,0.0228322204202413,-0.0039435164071619,-0.0129465581849217,0.0081266798079013,0.0026442455127835,0.0268705915659666,-0.0465276762843132,0.0237520188093185,-0.0245919618755579,0.0031458877492696,-0.0482978820800781,0.0299882162362337,-0.0008503595599904,0.0053283083252608,0.0083601148799061,0.0378572754561901,-0.0053304904140532,-0.0034653006587177,0.0419907420873642,-0.0107979532331228,0.0053606848232448,-0.0062904749065637,0.0334718562662601,-0.0037237156648188,0.001618490088731,0.0203700270503759,0.0174077097326517,-0.0082417028024792,0.0025942639913409,0.0295475237071514,-0.0243901889771223,0.020269077271223,0.0116387335583567,0.0112517476081848,0.0226136818528175,-0.0024339254014194,0.0004762239113915,-0.0040083574131131,0.0035851225256919,0.0292213149368763,-0.0352778136730194,-0.0069704158231616,-0.0364363342523574,-0.0111282579600811,-0.0061824372969567,-0.0043282550759613,0.0053274515084922,0.004347070120275,0.0062541607767343,-0.011080321855843,-0.044804748147726,-0.0481721013784408,0.0109182596206665,-0.0298933686028514,0.0196656835362669,-0.047791358323731,0.0491703846384494,-0.0717821864789944,0.016666636363174,-0.0302741844206371,0.1335810346624968,-0.0681645413452888,0.2272188986177834,0.0875856533385095,0.1062513300881937,2019-02-05,2019-02-06,2019-02-07,2019-02-08,2019-02-11,2019-02-12,2019-02-13,2019-02-14,2019-02-15,2019-02-19,82547.0,2019-02-04,252.0,1.2922%,-0.001,1.387,0.69,0.037,1.9517%,2.5231%,40.1645%,-0.000287,AEIS,82547.0,2019-02-05,252.0,-4.8172%,-0.0012,1.3766,0.7054,0.0615,1.9778%,2.5268%,38.7332%,-0.0534619999999999,AEIS,82547.0,2019-02-06,252.0,1.9204%,-0.0011,1.3725,0.7063,0.0606,1.9832%,2.5085%,37.4960%,0.02216,AEIS,82547.0,2019-02-07,252.0,-1.8450%,-0.0011,1.375,0.7049,0.0598,1.9833%,2.5089%,37.5073%,-0.005104,AEIS,82547.0,2019-02-08,252.0,-0.8598%,-0.001,1.3756,0.7355,0.0827,1.9742%,2.5008%,37.6816%,-0.009875,AEIS,82547.0,2019-02-11,252.0,-1.6741%,-0.0011,1.3825,0.698,0.0661,1.9786%,2.4925%,36.9869%,-0.023811,AEIS,82547.0,2019-02-12,252.0,2.5026%,-0.0011,1.3747,0.7133,0.0593,1.9751%,2.4884%,36.9984%,0.006096,AEIS,82547.0,2019-02-13,252.0,0.9806%,-0.0011,1.3774,0.7113,0.0605,1.9754%,2.4883%,36.9772%,0.0053869999999999,AEIS,82547.0,2019-02-14,252.0,0.5153%,-0.001,1.3772,0.7149,0.0547,1.9731%,2.4875%,37.0802%,0.004598,AEIS,82547.0,2019-02-15,252.0,0.8675%,-0.0011,1.3724,0.7098,0.0458,1.9737%,2.4842%,36.8762%,-0.009037,AEIS,82547.0,2019-02-19,252.0,-0.4496%,-0.0011,1.3708,0.7045,0.04,1.9744%,2.4826%,36.7489%,-0.009399,AEIS,-0.053749,-0.0315889999999999,-0.0366929999999999,-0.070379,-0.072734
32075,ADVANCED ENERGY INDUSTRIES INC,"Advanced Energy Industries Sees Q1 Adj. EPS $0.40-$0.55, Sales $138M-$148M",6,increase,0.7,0.6,"the projected adjusted eps and sales figures suggest positive financial performance, which is likely to boost investor confidence and lead to an increase in stock price.",2,2019-02-04,AEIS,2019-02-04 21:23:00+00:00,82547.0,00797310,0.0129219284281134,418352.0,-0.0481721013784408,0.0109182596206665,0.0192038211971521,0.0086529487743973,-0.0184495076537132,0.0289356615394353,-0.0085982102900743,-0.0309804286807775,-0.0167406573891639,0.0,0.0250256657600402,0.0504634566605091,0.0098058404400944,0.0729281604290008,0.0051526385359466,-0.0083278780803084,0.0086750518530607,-0.0493749789893627,-0.0044956910423934,0.0494096688926219,0.0270960349589586,0.0028502754867076,-0.0131906410679221,0.0035203485749661,0.0061991419643163,-0.0013183379778638,-0.0003850685025099,-0.011296990327537,-0.0065484656952321,0.0087661119177937,-0.0180302504450082,0.0217196866869926,-0.0055281855165958,0.0393297336995601,0.0154854599386453,-0.024296086281538,-0.0043010991066694,0.0244242660701274,-0.0121735502034425,0.0487923845648765,-0.0244484096765518,-0.0544405281543731,-0.0395273491740226,0.0097833257168531,-0.0084853144362568,0.0051510473713278,0.0254599619656801,0.0004685045278165,-0.0010431720875203,0.030661528930068,-0.0133667374029755,0.0664263144135475,0.0065621836110949,-0.0289999954402446,0.0210304949432611,-0.0071978382766246,0.0016478234902024,-0.0034627600107342,0.0063746157102286,-0.0430769175291061,0.0006130484980531,0.0309907384216785,0.0357361659407615,-0.0007314991671591,-0.0368691384792327,-0.0046117096208035,-0.0061412332579493,-0.0216100644320249,-0.0076209874823689,0.0228322204202413,-0.0039435164071619,-0.0129465581849217,0.0081266798079013,0.0026442455127835,0.0268705915659666,-0.0465276762843132,0.0237520188093185,-0.0245919618755579,0.0031458877492696,-0.0482978820800781,0.0299882162362337,-0.0008503595599904,0.0053283083252608,0.0083601148799061,0.0378572754561901,-0.0053304904140532,-0.0034653006587177,0.0419907420873642,-0.0107979532331228,0.0053606848232448,-0.0062904749065637,0.0334718562662601,-0.0037237156648188,0.001618490088731,0.0203700270503759,0.0174077097326517,-0.0082417028024792,0.0025942639913409,0.0295475237071514,-0.0243901889771223,0.020269077271223,0.0116387335583567,0.0112517476081848,0.0226136818528175,-0.0024339254014194,0.0004762239113915,-0.0040083574131131,0.0035851225256919,0.0292213149368763,-0.0352778136730194,-0.0069704158231616,-0.0364363342523574,-0.0111282579600811,-0.0061824372969567,-0.0043282550759613,0.0053274515084922,0.004347070120275,0.0062541607767343,-0.011080321855843,-0.044804748147726,-0.0481721013784408,0.0109182596206665,-0.0298933686028514,0.0196656835362669,-0.047791358323731,0.0491703846384494,-0.0717821864789944,0.016666636363174,-0.0302741844206371,0.1335810346624968,-0.0681645413452888,0.2272188986177834,0.0875856533385095,0.1062513300881937,2019-02-05,2019-02-06,2019-02-07,2019-02-08,2019-02-11,2019-02-12,2019-02-13,2019-02-14,2019-02-15,2019-02-19,82547.0,2019-02-04,252.0,1.2922%,-0.001,1.387,0.69,0.037,1.9517%,2.5231%,40.1645%,-0.000287,AEIS,82547.0,2019-02-05,252.0,-4.8172%,-0.0012,1.3766,0.7054,0.0615,1.9778%,2.5268%,38.7332%,-0.0534619999999999,AEIS,82547.0,2019-02-06,252.0,1.9204%,-0.0011,1.3725,0.7063,0.0606,1.9832%,2.5085%,37.4960%,0.02216,AEIS,82547.0,2019-02-07,252.0,-1.8450%,-0.0011,1.375,0.7049,0.0598,1.9833%,2.5089%,37.5073%,-0.005104,AEIS,82547.0,2019-02-08,252.0,-0.8598%,-0.001,1.3756,0.7355,0.0827,1.9742%,2.5008%,37.6816%,-0.009875,AEIS,82547.0,2019-02-11,252.0,-1.6741%,-0.0011,1.3825,0.698,0.0661,1.9786%,2.4925%,36.9869%,-0.023811,AEIS,82547.0,2019-02-12,252.0,2.5026%,-0.0011,1.3747,0.7133,0.0593,1.9751%,2.4884%,36.9984%,0.006096,AEIS,82547.0,2019-02-13,252.0,0.9806%,-0.0011,1.3774,0.7113,0.0605,1.9754%,2.4883%,36.9772%,0.0053869999999999,AEIS,82547.0,2019-02-14,252.0,0.5153%,-0.001,1.3772,0.7149,0.0547,1.9731%,2.4875%,37.0802%,0.004598,AEIS,82547.0,2019-02-15,252.0,0.8675%,-0.0011,1.3724,0.7098,0.0458,1.9737%,2.4842%,36.8762%,-0.009037,AEIS,82547.0,2019-02-19,252.0,-0.4496%,-0.0011,1.3708,0.7045,0.04,1.9744%,2.4826%,36.7489%,-0.009399,AEIS,-0.053749,-0.0315889999999999,-0.0366929999999999,-0.070379,-0.072734
32083,ADVANCED ENERGY INDUSTRIES INC,"Advanced Energy Indus Q4 EPS $0.73 Misses $0.76 Estimate, Sales $154.2M Miss $155.58M Estimate",6,decrease,0.8,0.6,"the company reported lower-than-expected earnings per share and sales, which typically leads to a negative reaction in the stock market.",0,2019-02-04,AEIS,2019-02-04 21:23:00+00:00,82547.0,00797310,0.0129219284281134,418352.0,-0.0481721013784408,0.0109182596206665,0.0192038211971521,0.0086529487743973,-0.0184495076537132,0.0289356615394353,-0.0085982102900743,-0.0309804286807775,-0.0167406573891639,0.0,0.0250256657600402,0.0504634566605091,0.0098058404400944,0.0729281604290008,0.0051526385359466,-0.0083278780803084,0.0086750518530607,-0.0493749789893627,-0.0044956910423934,0.0494096688926219,0.0270960349589586,0.0028502754867076,-0.0131906410679221,0.0035203485749661,0.0061991419643163,-0.0013183379778638,-0.0003850685025099,-0.011296990327537,-0.0065484656952321,0.0087661119177937,-0.0180302504450082,0.0217196866869926,-0.0055281855165958,0.0393297336995601,0.0154854599386453,-0.024296086281538,-0.0043010991066694,0.0244242660701274,-0.0121735502034425,0.0487923845648765,-0.0244484096765518,-0.0544405281543731,-0.0395273491740226,0.0097833257168531,-0.0084853144362568,0.0051510473713278,0.0254599619656801,0.0004685045278165,-0.0010431720875203,0.030661528930068,-0.0133667374029755,0.0664263144135475,0.0065621836110949,-0.0289999954402446,0.0210304949432611,-0.0071978382766246,0.0016478234902024,-0.0034627600107342,0.0063746157102286,-0.0430769175291061,0.0006130484980531,0.0309907384216785,0.0357361659407615,-0.0007314991671591,-0.0368691384792327,-0.0046117096208035,-0.0061412332579493,-0.0216100644320249,-0.0076209874823689,0.0228322204202413,-0.0039435164071619,-0.0129465581849217,0.0081266798079013,0.0026442455127835,0.0268705915659666,-0.0465276762843132,0.0237520188093185,-0.0245919618755579,0.0031458877492696,-0.0482978820800781,0.0299882162362337,-0.0008503595599904,0.0053283083252608,0.0083601148799061,0.0378572754561901,-0.0053304904140532,-0.0034653006587177,0.0419907420873642,-0.0107979532331228,0.0053606848232448,-0.0062904749065637,0.0334718562662601,-0.0037237156648188,0.001618490088731,0.0203700270503759,0.0174077097326517,-0.0082417028024792,0.0025942639913409,0.0295475237071514,-0.0243901889771223,0.020269077271223,0.0116387335583567,0.0112517476081848,0.0226136818528175,-0.0024339254014194,0.0004762239113915,-0.0040083574131131,0.0035851225256919,0.0292213149368763,-0.0352778136730194,-0.0069704158231616,-0.0364363342523574,-0.0111282579600811,-0.0061824372969567,-0.0043282550759613,0.0053274515084922,0.004347070120275,0.0062541607767343,-0.011080321855843,-0.044804748147726,-0.0481721013784408,0.0109182596206665,-0.0298933686028514,0.0196656835362669,-0.047791358323731,0.0491703846384494,-0.0717821864789944,0.016666636363174,-0.0302741844206371,0.1335810346624968,-0.0681645413452888,0.2272188986177834,0.0875856533385095,0.1062513300881937,2019-02-05,2019-02-06,2019-02-07,2019-02-08,2019-02-11,2019-02-12,2019-02-13,2019-02-14,2019-02-15,2019-02-19,82547.0,2019-02-04,252.0,1.2922%,-0.001,1.387,0.69,0.037,1.9517%,2.5231%,40.1645%,-0.000287,AEIS,82547.0,2019-02-05,252.0,-4.8172%,-0.0012,1.3766,0.7054,0.0615,1.9778%,2.5268%,38.7332%,-0.0534619999999999,AEIS,82547.0,2019-02-06,252.0,1.9204%,-0.0011,1.3725,0.7063,0.0606,1.9832%,2.5085%,37.4960%,0.02216,AEIS,82547.0,2019-02-07,252.0,-1.8450%,-0.0011,1.375,0.7049,0.0598,1.9833%,2.5089%,37.5073%,-0.005104,AEIS,82547.0,2019-02-08,252.0,-0.8598%,-0.001,1.3756,0.7355,0.0827,1.9742%,2.5008%,37.6816%,-0.009875,AEIS,82547.0,2019-02-11,252.0,-1.6741%,-0.0011,1.3825,0.698,0.0661,1.9786%,2.4925%,36.9869%,-0.023811,AEIS,82547.0,2019-02-12,252.0,2.5026%,-0.0011,1.3747,0.7133,0.0593,1.9751%,2.4884%,36.9984%,0.006096,AEIS,82547.0,2019-02-13,252.0,0.9806%,-0.0011,1.3774,0.7113,0.0605,1.9754%,2.4883%,36.9772%,0.0053869999999999,AEIS,82547.0,2019-02-14,252.0,0.5153%,-0.001,1.3772,0.7149,0.0547,1.9731%,2.4875%,37.0802%,0.004598,AEIS,82547.0,2019-02-15,252.0,0.8675%,-0.0011,1.3724,0.7098,0.0458,1.9737%,2.4842%,36.8762%,-0.009037,AEIS,82547.0,2019-02-19,252.0,-0.4496%,-0.0011,1.3708,0.7045,0.04,1.9744%,2.4826%,36.7489%,-0.009399,AEIS,-0.053749,-0.0315889999999999,-0.0366929999999999,-0.070379,-0.072734
32091,AIR T INC,Air T 8-K Shows Co.'s Contrail Aviation Support 79%-Owned Subsidiary Sold 2 Used CFMI CFM56-7B22 Aircraft Engines For $8M+,6,increase,0.7,0.6,"the sale of aircraft engines for over $8 million indicates a positive revenue generation for air t inc.'s subsidiary, which could boost investor confidence and lead to an increase in stock price.",2,2019-02-04,AIRT,2019-02-04 20:49:00+00:00,11368.0,00920710,-0.0304246023297309,1184.0,0.0,-0.0031661796383559,0.0,-0.0136423083022236,-0.0324137471616268,0.0368098132312297,0.0459728762507438,-0.0380327813327312,-0.0210902709513902,-0.0032679862342774,0.0580905191600322,-0.0058479630388319,-0.0509835556149482,-0.0621286295354366,0.0103951133787632,0.0707667395472526,6.543220365529123e-08,0.0213262047618627,0.029159465804696,0.0259829144924879,-0.0216666534543037,-0.0340158753097057,0.0562180429697036,0.009333356283605,-0.0080645158886909,0.0413050539791584,0.0081300809979438,0.0003472964162938,-0.0080645158886909,0.014084493741393,0.0406504049897193,-0.0169370584189891,0.0106250047683715,0.0136596281081438,0.003401379333809,0.0618479810655117,0.0283512528985738,-0.0239999946206808,-0.0184296630322933,0.0767423287034034,-0.0293085314333438,0.0731093138456344,-0.0250039342790842,-0.0285714603960514,-0.0373516082763671,0.0195588562637567,0.0522047542035579,-0.0231707189232111,0.0033439951948821,-0.0542099140584468,-0.0350738428533077,0.0003846241743303,-0.0131578827276825,-0.0710968151688575,0.0206666942685842,-0.0304815042763948,-0.0101241460070014,0.053649678826332,0.0062685757875442,-0.0551724284887313,0.0459016263484954,0.0258224103599786,-0.0548589341342449,0.0594641752541065,0.0422885455191135,-0.0395955704152584,-0.0287986882030963,-0.0265102069824934,0.0009829220362007,0.0378144718706607,0.0,0.0338383018970489,-0.0075286268256604,-0.0666634067893028,-0.0042875711806118,-0.0136940767988562,-0.0023186383768916,-0.0138020440936088,-0.0435259230434894,0.0103448014706373,0.006536123342812,-0.0371846221387386,-0.0326685570180416,-0.0059405411593616,0.0160428080707788,0.009999974630773,-0.0161754544824361,-0.0049751116894185,0.0023182188160717,0.0657475665211677,0.009820632636547,-0.0822384357452392,-0.0151514587923884,0.0629310607910156,-0.0089409947395324,0.0342367701232433,0.007216568570584,-0.1372281014919281,0.0035842431243509,-0.0225593745708465,0.0014286041259765,-0.0220588240772485,0.0001782187318895,0.0302999336272478,-0.0123015660792589,-0.1088279709219933,0.0195848196744918,-0.0468468405306339,0.0,0.0788669884204864,-0.0107108671218156,-0.0367897786200046,0.0044738729484379,0.0634719803929328,-0.0379475727677345,-0.0288923271000385,0.0105555495247244,-0.0708418488502502,0.000549730262719,0.0777316018939018,0.0,-0.0031661796383559,0.0,-0.016765293941813,-0.0324137471616268,0.019427391950652,-0.0092758330212372,-0.0225490365675815,0.0344827573006969,0.0225640978685226,0.0517241357450364,0.0313792983785152,-0.0586207146578049,-0.1726141532404996,2019-02-05,2019-02-06,2019-02-07,2019-02-08,2019-02-11,2019-02-12,2019-02-13,2019-02-14,2019-02-15,2019-02-19,11368.0,2019-02-04,252.0,-3.0425%,0.0007,0.2698,-0.3896,0.1579,3.5686%,3.5876%,1.0578%,-0.03005,AIRT,11368.0,2019-02-05,252.0,0.0000%,0.0005,0.3107,-0.375,0.2039,3.5562%,3.5785%,1.2464%,-0.000624,AIRT,11368.0,2019-02-06,252.0,0.0000%,0.0005,0.3011,-0.3719,0.1945,3.5560%,3.5758%,1.1074%,0.000403,AIRT,11368.0,2019-02-07,252.0,-3.2414%,0.0006,0.3361,-0.4031,0.1908,3.5494%,3.5732%,1.3313%,-0.030955,AIRT,11368.0,2019-02-08,252.0,4.5973%,0.0007,0.3287,-0.4339,0.1394,3.5587%,3.5827%,1.3351%,0.047088,AIRT,11368.0,2019-02-11,252.0,-2.1090%,0.0007,0.3013,-0.4347,0.1246,3.5590%,3.5794%,1.1366%,-0.019107,AIRT,11368.0,2019-02-12,252.0,5.8091%,0.001,0.3472,-0.4543,0.1515,3.5696%,3.5946%,1.3856%,0.054191,AIRT,11368.0,2019-02-13,252.0,-5.0984%,0.0009,0.3494,-0.4794,0.1342,3.5824%,3.6082%,1.4236%,-0.051889,AIRT,11368.0,2019-02-14,252.0,1.0395%,0.0009,0.3463,-0.472,0.126,3.5834%,3.6087%,1.3962%,0.0143,AIRT,11368.0,2019-02-15,252.0,0.0000%,0.0009,0.3481,-0.4709,0.1283,3.5833%,3.6087%,1.4001%,-0.003438,AIRT,11368.0,2019-02-19,252.0,2.9159%,0.0011,0.3554,-0.4555,0.145,3.5877%,3.6130%,1.4001%,0.029379,AIRT,-0.030674,-0.030271,-0.061226,-0.033245,0.0092979999999999
32099,APARTMENT INVESTMENT & MGMT CO,"Barclays Downgrades Apartment Inv & Mgmt to Equal-Weight, Announces $49 Price Target",6,decrease,0.8,0.7,"a downgrade from barclays typically signals reduced expectations for the company's performance, which can lead to a decline in stock price.",0,2019-02-04,AIV,2019-02-04 11:14:00+00:00,80711.0,03748R74,0.0069288802333176,1101708.0,-0.0012143568601459,-0.0090872524306178,-0.0030394673813134,0.0034448225051164,0.0008130267378874,0.0022338910493999,0.0002030528266914,0.0110883144661784,0.0,0.0137385474517941,-0.0073096570558846,0.0111556015908718,0.0094088586047291,0.0025321573484689,0.0014184336178004,0.0067983791232109,0.0038446469698101,0.0017024476546794,0.0050393063575029,0.0042744339443743,-0.0142398532480001,0.0118944467976689,0.0249112397432327,0.0078465696424245,0.0070592672564089,0.0145953083410859,-0.0144202122464776,-0.0044032796286046,0.0024385845754295,0.0048671993426978,-0.0083114467561244,0.0235507450997829,0.0002044590510195,0.0018148369854316,0.0026568784378468,0.0275058336555957,0.0101916017010808,0.0006998506141826,-0.0024213627912104,0.0035111822653561,-0.0038430143613368,0.0087367827072739,0.0014213136164471,-0.0348678790032863,0.0020275441929697,0.0091996667906641,0.0082963109016418,-0.0009191386634483,0.0092313680797815,0.0020723037887364,0.0005965157761238,0.0286593809723854,0.0089427819475531,-0.0486705675721168,0.0001969336444744,-0.0185758545994758,-0.0194958224892616,-0.0046224761754274,-0.001807594904676,0.0002202143659815,-0.003219312755391,0.006425816565752,0.0151392808184027,-0.0432477667927742,-0.0061642746441066,0.0046857804991304,0.0010003849165514,0.0153546510264277,0.0075954641215503,-0.0234423819929361,0.0,0.007232507225126,0.0019837031140923,-0.0014869053848087,-0.0043555218726396,-0.0044406657107174,-0.0011931074550375,0.02625866048038,0.0119450986385345,-0.0218636970967054,0.0019673120696097,0.000424728350481,-0.0078539466485381,0.0203683339059352,0.004749686922878,-0.0030243981163948,-0.0023635795805603,0.0045572714880108,-0.0035538065712898,0.0013038107426837,0.0069347824901342,0.0,-0.0021645142696797,-0.0026007571723312,0.0061132200062274,0.0054478100501,-0.0025480412878096,-0.0017403052188456,-0.0292787943035364,0.0070098508149385,-0.0218623839318752,0.0223964154720306,0.0055877580307424,-0.0101121151819825,-0.0152295054867863,-0.0119461165741086,0.0190177615731954,0.0041440008208155,0.0094340220093727,0.0046012070961296,-0.0006095610442571,0.0008772130822762,0.0065053813159465,0.0050694192759692,-0.0139365512877702,0.0129492748528718,0.0110610593110323,0.0226027779281139,-0.0004051956639159,0.0064337952062487,-0.0012143568601459,-0.0090872524306178,-0.0042501332433936,-0.005673733897184,-0.0034405619774726,-0.0034525173511537,-0.0032382077666162,0.0214404407824357,0.0091074837538442,0.048728334878352,0.0219856467755414,0.0803611128238559,0.0145829234691972,0.1371235379197395,2019-02-05,2019-02-06,2019-02-07,2019-02-08,2019-02-11,2019-02-12,2019-02-13,2019-02-14,2019-02-15,2019-02-19,80711.0,2019-02-04,252.0,0.6929%,0.001,0.4535,-0.3131,0.0048,1.0586%,1.1884%,20.6438%,0.005092,AIV,80711.0,2019-02-05,252.0,-0.1214%,0.0009,0.4558,-0.3107,0.0105,1.0589%,1.1876%,20.5068%,-0.003486,AIV,80711.0,2019-02-06,252.0,-0.3039%,0.0009,0.4528,-0.3096,0.0071,1.0590%,1.1792%,19.3522%,-0.002175,AIV,80711.0,2019-02-07,252.0,0.0813%,0.001,0.4586,-0.3185,0.0089,1.0567%,1.1791%,19.6843%,0.004494,AIV,80711.0,2019-02-08,252.0,0.0203%,0.001,0.4585,-0.311,0.0138,1.0555%,1.1769%,19.5667%,-8.9e-05,AIV,80711.0,2019-02-11,252.0,0.0000%,0.0011,0.4489,-0.3015,0.0139,1.0545%,1.1649%,18.0568%,0.001279,AIV,80711.0,2019-02-12,252.0,-0.7310%,0.0009,0.4291,-0.2868,0.0011,1.0501%,1.1522%,16.9335%,-0.013431,AIV,80711.0,2019-02-13,252.0,0.9409%,0.001,0.4348,-0.2934,0.0017,1.0492%,1.1532%,17.2231%,0.008279,AIV,80711.0,2019-02-14,252.0,0.1418%,0.001,0.4343,-0.2918,-0.0002,1.0493%,1.1532%,17.2096%,0.003767,AIV,80711.0,2019-02-15,252.0,0.3845%,0.0011,0.4514,-0.2766,0.0274,1.0402%,1.1490%,18.0382%,-0.000432,AIV,80711.0,2019-02-19,252.0,0.5039%,0.001,0.4457,-0.2653,0.0405,1.0324%,1.1374%,17.6115%,0.004802,AIV,0.0016059999999999,-0.000569,0.003925,0.005115,0.0081
32107,ALLETE INC,ALLETE Names Bethany Owen President,6,increase,0.7,0.6,"the appointment of a new president can signal a positive change in leadership and strategy, potentially boosting investor confidence in allete inc.",2,2019-02-04,ALE,2019-02-04 17:02:00+00:00,24248.0,01852230,0.0050385161302983,298680.0,0.0044854395091533,-0.019755708053708,-0.0032834252342581,0.0197482518851757,0.0168665014207363,0.0076121757738292,0.0276014637202024,0.0067222374491393,-0.0271122511476278,-0.0066773504950106,-0.00246276659891,-0.0253807697445154,0.0027286782860755,0.0069462484680116,0.0177206005901098,0.0167910736054182,0.0184734128415584,-0.0031880694441497,0.0061720348894596,-0.0002656609867699,0.0042564342729747,0.0095187928527593,0.0138369556516408,0.0029580958653241,0.0120496209710836,0.0165390782058239,-0.008868858218193,-0.0224477928131818,-0.000858049665112,-0.0025323529262095,0.0003680380177684,0.0162535142153501,-0.0060092941857874,-0.0244450122117996,0.0077729453332722,0.0229791421443224,0.0166503507643938,-0.0069798207841813,-0.0168593637645244,0.0137433959171176,0.0045321257784962,0.0001360166934318,0.0074381246231496,-0.0359485410153865,-0.0012104344787076,0.0064703267998993,0.0115124164149165,0.0045099346898496,0.0043129338882863,0.0149434655904769,-0.0071573238819837,0.0080064637586474,-0.0055269338190555,-0.049774345010519,0.0079739484935998,-0.0075505035929381,-0.0033560923766344,0.0128321172669529,-0.0159952118992805,0.000648548011668,-0.0045221555046737,-0.0119184972718358,0.0109269423410296,-0.0340430811047554,-0.00133583904244,-0.0025929014664143,0.0054724179208278,0.0038423098158091,0.0077406796626746,-0.0024727615527808,-0.0062409583479166,0.0014858236536383,-0.010024175979197,-0.0033320577349513,0.0031719182152301,0.0019784348551183,-0.0049860593862831,0.0093609578907489,-0.0025665983557701,-0.0267249383032321,0.0035534973721951,0.0115507803857326,0.0036629477981477,0.0158531591296196,0.0142336478456854,-0.0011221489403396,-0.0117548676207661,0.0124983955174684,-0.0030343488324433,0.0046930843964219,-0.0124177820980548,-0.0022779083810746,0.0028352530207484,0.0002531220670789,0.0023356170859187,-0.0160667691379785,0.0033112170640379,0.0022469141986221,-0.0199241824448108,0.0016253719804808,-0.0048640482127666,0.0187237448990345,-0.0032585803419351,0.0093854898586869,-0.0008801671792753,0.0019183569820597,0.0033979897852987,0.0069542936980724,0.0040135416202247,0.0104099288582801,0.0,0.0020862696692347,0.0042472993955016,0.0049797524698078,-0.0026122538838535,0.0101932305842638,0.0158393196761608,0.0053234165534377,-0.0128912888467311,0.0210626870393753,0.0044854395091533,-0.019755708053708,0.001187286669624,-0.0003975968673469,0.0180738134626603,0.0072115523292408,0.0178100048374898,0.0072115525493872,0.0617683388144962,0.0015935626133287,0.0875549328616878,-0.021789886170683,0.0686802568906805,0.032246372453913,2019-02-05,2019-02-06,2019-02-07,2019-02-08,2019-02-11,2019-02-12,2019-02-13,2019-02-14,2019-02-15,2019-02-19,24248.0,2019-02-04,252.0,0.5039%,0.0004,0.2277,-0.0519,-0.0643,1.1812%,1.2129%,5.1536%,0.0032479999999999,ALE,24248.0,2019-02-05,252.0,0.4485%,0.0004,0.2297,-0.0521,-0.064,1.1812%,1.2130%,5.1745%,0.002979,ALE,24248.0,2019-02-06,252.0,-0.3283%,0.0004,0.2027,-0.0434,-0.091,1.1769%,1.2030%,4.2855%,-0.002839,ALE,24248.0,2019-02-07,252.0,1.6867%,0.0006,0.2033,-0.0521,-0.0857,1.1813%,1.2069%,4.1961%,0.01895,ALE,24248.0,2019-02-08,252.0,2.7601%,0.0006,0.1989,-0.0636,-0.1116,1.1921%,1.2184%,4.2654%,0.026753,ALE,24248.0,2019-02-11,252.0,-2.7112%,0.0005,0.2008,-0.1025,-0.1317,1.2039%,1.2308%,4.3257%,-0.026814,ALE,24248.0,2019-02-12,252.0,-0.2463%,0.0004,0.1883,-0.091,-0.1401,1.2003%,1.2252%,4.0322%,-0.0054969999999999,ALE,24248.0,2019-02-13,252.0,0.2729%,0.0004,0.1916,-0.0957,-0.1405,1.1996%,1.2252%,4.1206%,0.002254,ALE,24248.0,2019-02-14,252.0,1.7721%,0.0005,0.1879,-0.0862,-0.1515,1.2041%,1.2296%,4.1001%,0.017706,ALE,24248.0,2019-02-15,252.0,1.8473%,0.0007,0.2111,-0.0635,-0.1114,1.2048%,1.2320%,4.3596%,0.017193,ALE,24248.0,2019-02-19,252.0,0.6172%,0.0007,0.2115,-0.0591,-0.1065,1.2052%,1.2320%,4.2881%,0.006189,ALE,0.006227,0.003388,0.022338,0.0222769999999999,0.0601219999999999
32115,AEMETIS INC,Aemetis shares are trading higher after the company issued a notice of proposed award for a $5 million grant to the Aemetis Riverbank cellulosic ethanol biorefinery.,6,increase,0.8,0.7,"the announcement of a $5 million grant is likely to be viewed positively by investors, suggesting potential growth and support for aemetis' operations.",2,2019-02-04,AMTX,2019-02-04 14:16:00+00:00,14689.0,00770K20,0.1499999761581421,392100.0,0.0,-0.0384615026414394,-0.0560869351029396,0.01960782520473,-0.0327038690447807,0.0099009806290268,0.0190477147698402,0.0202020015567541,-0.0186916813254356,0.0312500335276126,0.0476191192865371,0.0104199284687638,-0.0272727012634277,-0.0104155717417597,-0.0467290356755256,-0.039900004863739,-0.03921565040946,-0.0740741118788719,-0.0805102437734603,0.0384616181254386,0.0320719443261623,0.2023120820522308,0.0,0.0116958953440189,0.0286021530628204,0.0058823470026254,-0.0757892429828643,-0.0335417278110981,-0.0046375123783946,0.1572368144989014,0.03409094363451,0.1016089469194412,0.0209889560937881,-0.0144285820424556,0.0009687117999419,0.0430635772645473,-0.0215053558349609,-0.0266859382390976,0.0549449995160102,0.1031999588012695,-0.0364582985639572,-0.0219092313200235,-0.010810799896717,0.0535860955715179,0.0273223780095577,0.0623576901853084,-0.0212765745818615,-0.1972721815109253,-0.0228261165320873,-0.099746860563755,0.0297675151377916,0.4363636374473572,-0.01216403208673,0.0782199651002883,0.0096227768808603,0.1862790733575821,-0.0275100637227296,-0.0889830440282821,-0.0298473965376615,-0.142286017537117,-0.0001148164301412,-0.0452810227870941,-0.0011480908142402,-0.1145929917693138,0.0344827249646186,0.084999993443489,-0.0323333367705345,-0.0314769297838211,0.0047078020870685,0.0316402912139892,0.005714280065149,-0.1584921479225159,-0.0113636255264282,-0.0492939017713069,-0.0436781458556652,-0.0175392907112836,0.0216346234083175,0.016768705099821,-0.0003529997193254,-0.0341902337968349,-0.0193009059876203,0.0595124326646328,0.0680427104234695,-0.0703886374831199,-0.0324718728661537,0.0231865160167217,-0.0012774401111528,0.0077487346716225,0.0062790717929601,-0.0424200296401977,0.0210307147353887,0.0781671553850174,0.016296973451972,-0.0487179346382618,-0.0423162430524826,-0.0394088737666606,0.0,-0.0773776099085807,0.0081825396046042,-0.0328571572899818,-0.0427167639136314,0.0111111672595143,-0.019277075305581,-0.0275526735931634,0.0319409854710102,0.015916533768177,-0.0432833321392536,-0.0410526059567928,-0.0294185765087604,0.0215053558349609,-0.0150820389389991,-0.0412371344864368,0.067380353808403,-0.0328048430383205,0.0141853969544172,-0.0070296893827617,-0.0332262329757213,0.0202020015567541,-0.003731369273737,0.0531915016472339,0.0,-0.0384615026414394,-0.0560869351029396,-0.019607823857614,-0.0869565443669906,-0.0099009799127788,-0.0869565447048633,0.0416666922121504,-0.2164347847078163,-0.0384615015655517,-0.2425217167388612,0.8171906251207408,-0.3034782451183898,0.0638297976979247,2019-02-05,2019-02-06,2019-02-07,2019-02-08,2019-02-11,2019-02-12,2019-02-13,2019-02-14,2019-02-15,2019-02-19,14689.0,2019-02-04,252.0,15.0000%,0.0072,2.3839,3.3177,2.6595,10.4785%,10.8495%,6.7235%,0.129658,AMTX,14689.0,2019-02-05,252.0,0.0000%,0.0072,2.3779,3.3152,2.6522,10.4784%,10.8423%,6.6003%,0.00826,AMTX,14689.0,2019-02-06,252.0,-5.6087%,0.0071,2.3328,3.3308,2.5996,10.4835%,10.8262%,6.2297%,-0.052481,AMTX,14689.0,2019-02-07,252.0,-3.2704%,0.0071,2.3531,3.3152,2.5958,10.4835%,10.8289%,6.2784%,-0.016917,AMTX,14689.0,2019-02-08,252.0,1.9048%,0.0075,2.3466,3.3752,2.608,10.4748%,10.8231%,6.3334%,0.033083,AMTX,14689.0,2019-02-11,252.0,-1.8692%,0.0071,2.3859,3.2594,2.566,10.4781%,10.8242%,6.2935%,-0.050351,AMTX,14689.0,2019-02-12,252.0,4.7619%,0.0072,2.3961,3.255,2.5719,10.4783%,10.8271%,6.3395%,0.018781,AMTX,14689.0,2019-02-13,252.0,-2.7273%,0.0073,2.4215,3.1939,2.5502,10.4727%,10.8227%,6.3631%,-0.037835,AMTX,14689.0,2019-02-14,252.0,-4.6729%,0.0073,2.4367,3.168,2.5728,10.4728%,10.8242%,6.3863%,-0.0435609999999999,AMTX,14689.0,2019-02-15,252.0,-3.9216%,0.007,2.3944,3.1198,2.4906,10.4885%,10.8260%,6.1384%,-0.08712,AMTX,14689.0,2019-02-19,252.0,-8.0510%,0.0066,2.3783,3.0445,2.4071,10.5099%,10.8397%,5.9925%,-0.1016789999999999,AMTX,0.1379179999999999,0.0854369999999999,0.0685199999999999,0.0512519999999999,-0.200162
32123,AEMETIS INC,Aemetis Wins a $5M Grant for its Riverbank Biorefinery,6,increase,0.8,0.6,"winning a $5m grant is likely to positively impact aemetis inc's financial outlook and investor sentiment, potentially leading to an increase in stock price.",2,2019-02-04,AMTX,2019-02-04 12:35:00+00:00,14689.0,00770K20,0.1499999761581421,392100.0,0.0,-0.0384615026414394,-0.0560869351029396,0.01960782520473,-0.0327038690447807,0.0099009806290268,0.0190477147698402,0.0202020015567541,-0.0186916813254356,0.0312500335276126,0.0476191192865371,0.0104199284687638,-0.0272727012634277,-0.0104155717417597,-0.0467290356755256,-0.039900004863739,-0.03921565040946,-0.0740741118788719,-0.0805102437734603,0.0384616181254386,0.0320719443261623,0.2023120820522308,0.0,0.0116958953440189,0.0286021530628204,0.0058823470026254,-0.0757892429828643,-0.0335417278110981,-0.0046375123783946,0.1572368144989014,0.03409094363451,0.1016089469194412,0.0209889560937881,-0.0144285820424556,0.0009687117999419,0.0430635772645473,-0.0215053558349609,-0.0266859382390976,0.0549449995160102,0.1031999588012695,-0.0364582985639572,-0.0219092313200235,-0.010810799896717,0.0535860955715179,0.0273223780095577,0.0623576901853084,-0.0212765745818615,-0.1972721815109253,-0.0228261165320873,-0.099746860563755,0.0297675151377916,0.4363636374473572,-0.01216403208673,0.0782199651002883,0.0096227768808603,0.1862790733575821,-0.0275100637227296,-0.0889830440282821,-0.0298473965376615,-0.142286017537117,-0.0001148164301412,-0.0452810227870941,-0.0011480908142402,-0.1145929917693138,0.0344827249646186,0.084999993443489,-0.0323333367705345,-0.0314769297838211,0.0047078020870685,0.0316402912139892,0.005714280065149,-0.1584921479225159,-0.0113636255264282,-0.0492939017713069,-0.0436781458556652,-0.0175392907112836,0.0216346234083175,0.016768705099821,-0.0003529997193254,-0.0341902337968349,-0.0193009059876203,0.0595124326646328,0.0680427104234695,-0.0703886374831199,-0.0324718728661537,0.0231865160167217,-0.0012774401111528,0.0077487346716225,0.0062790717929601,-0.0424200296401977,0.0210307147353887,0.0781671553850174,0.016296973451972,-0.0487179346382618,-0.0423162430524826,-0.0394088737666606,0.0,-0.0773776099085807,0.0081825396046042,-0.0328571572899818,-0.0427167639136314,0.0111111672595143,-0.019277075305581,-0.0275526735931634,0.0319409854710102,0.015916533768177,-0.0432833321392536,-0.0410526059567928,-0.0294185765087604,0.0215053558349609,-0.0150820389389991,-0.0412371344864368,0.067380353808403,-0.0328048430383205,0.0141853969544172,-0.0070296893827617,-0.0332262329757213,0.0202020015567541,-0.003731369273737,0.0531915016472339,0.0,-0.0384615026414394,-0.0560869351029396,-0.019607823857614,-0.0869565443669906,-0.0099009799127788,-0.0869565447048633,0.0416666922121504,-0.2164347847078163,-0.0384615015655517,-0.2425217167388612,0.8171906251207408,-0.3034782451183898,0.0638297976979247,2019-02-05,2019-02-06,2019-02-07,2019-02-08,2019-02-11,2019-02-12,2019-02-13,2019-02-14,2019-02-15,2019-02-19,14689.0,2019-02-04,252.0,15.0000%,0.0072,2.3839,3.3177,2.6595,10.4785%,10.8495%,6.7235%,0.129658,AMTX,14689.0,2019-02-05,252.0,0.0000%,0.0072,2.3779,3.3152,2.6522,10.4784%,10.8423%,6.6003%,0.00826,AMTX,14689.0,2019-02-06,252.0,-5.6087%,0.0071,2.3328,3.3308,2.5996,10.4835%,10.8262%,6.2297%,-0.052481,AMTX,14689.0,2019-02-07,252.0,-3.2704%,0.0071,2.3531,3.3152,2.5958,10.4835%,10.8289%,6.2784%,-0.016917,AMTX,14689.0,2019-02-08,252.0,1.9048%,0.0075,2.3466,3.3752,2.608,10.4748%,10.8231%,6.3334%,0.033083,AMTX,14689.0,2019-02-11,252.0,-1.8692%,0.0071,2.3859,3.2594,2.566,10.4781%,10.8242%,6.2935%,-0.050351,AMTX,14689.0,2019-02-12,252.0,4.7619%,0.0072,2.3961,3.255,2.5719,10.4783%,10.8271%,6.3395%,0.018781,AMTX,14689.0,2019-02-13,252.0,-2.7273%,0.0073,2.4215,3.1939,2.5502,10.4727%,10.8227%,6.3631%,-0.037835,AMTX,14689.0,2019-02-14,252.0,-4.6729%,0.0073,2.4367,3.168,2.5728,10.4728%,10.8242%,6.3863%,-0.0435609999999999,AMTX,14689.0,2019-02-15,252.0,-3.9216%,0.007,2.3944,3.1198,2.4906,10.4885%,10.8260%,6.1384%,-0.08712,AMTX,14689.0,2019-02-19,252.0,-8.0510%,0.0066,2.3783,3.0445,2.4071,10.5099%,10.8397%,5.9925%,-0.1016789999999999,AMTX,0.1379179999999999,0.0854369999999999,0.0685199999999999,0.0512519999999999,-0.200162
32131,AON PLC NEW,MKM Partners Upgrades Aon to Buy,6,increase,0.8,0.7,"upgrades from analysts typically signal positive sentiment and can lead to increased investor interest, likely driving the stock price up.",2,2019-02-04,AON,2019-02-04 12:40:00+00:00,61735.0,G0403H10,-0.0039412612095475,1771274.0,0.0116906287148594,0.0718812718987464,-0.0023703342303633,0.0137863801792264,-0.0087318159639835,0.0137795684859156,0.0077300649136304,-0.0082644904032349,0.0154010606929659,-0.0046635223552584,0.0030452348291873,0.0031186779960989,0.0098085468634963,-0.0009736070060171,-0.0193108897656202,0.0023422292433679,0.0138545343652367,-0.0045981910079717,0.0040123420767486,0.012524614110589,0.0008108385372906,0.0100006256252527,-0.0023148676846176,0.0087520899251103,-0.0019721365533769,0.0140233859419822,-0.0051726107485592,0.0024448258336633,0.0010516324546188,-0.0025740356650203,-0.0009337826631963,0.0172259341925382,0.0019860758911818,0.0014491217443719,0.0006995575968176,0.004784042481333,-0.0059422608464956,-0.0022138175554573,-0.0784153118729591,0.0188187062740325,0.0429252795875072,-0.0149957546964287,-0.0088414447382092,-0.0090809529647231,-0.003137556137517,0.0115518700331449,0.0164774972945451,0.0039823381230235,0.0107460925355553,0.020243864506483,0.0036641075275838,0.0207362547516822,0.0089173829182982,-0.026973433792591,0.00842328928411,-0.0310077797621488,-0.0047059003263711,-0.0171262454241514,-0.0073285475373268,-0.0133058344945311,-0.0133960461243987,-0.0003989995457231,0.0150261912494897,-0.0224924050271511,-0.0112366192042827,-0.0145419873297214,0.0019842572510242,0.0045045833103358,0.0067210462875664,-0.0022472301498055,0.0013114045141264,-0.0125530706718564,0.0070841913111507,-0.0063000065274536,0.009044149890542,-0.0113976197317242,0.016051584854722,-0.0132743585854768,-0.0017297223675996,-0.0136388437822461,-0.0023102338891476,-0.0008479158859699,-0.0011578800622373,0.0087366076186299,0.0002898055827245,-0.0018904372118413,0.0011587979970499,0.0155437812209129,-0.0045719849877059,-0.0032713955733925,0.0048836995847523,0.0047131441533565,0.0060750003904104,0.0011174810351803,0.0128241749480366,-0.0037112070713192,-0.0009084056946448,-0.0236139856278896,0.0055125365033745,0.0093264169991016,-0.0088170329108834,0.0060714185237884,-0.0011404285905882,0.0064189191907644,-0.0015984402270987,-0.0078383265063166,0.0199554320424795,0.0025170585140585,-0.0005046058795414,-0.0100279198959469,0.0074037094600498,-0.0017594402888789,0.0031178528442978,0.0109168887138366,-0.0088804513216018,0.021680599078536,0.011256044730544,0.0089139193296432,-0.0245364606380462,0.012805737555027,0.0116906287148594,0.0718812718987464,0.0092925837870787,0.0866586346201354,0.0004796266916364,0.1016323216966952,0.0237409549025096,0.0874328636983052,0.035131896393808,0.100909896493601,0.0069544575871565,0.1169500486762835,0.0560503718786984,0.0749696931153311,2019-02-05,2019-02-06,2019-02-07,2019-02-08,2019-02-11,2019-02-12,2019-02-13,2019-02-14,2019-02-15,2019-02-19,61735.0,2019-02-04,252.0,-0.3941%,0.0009,0.7767,-0.2747,0.4096,0.8410%,1.1919%,50.2098%,-0.006459,AON,61735.0,2019-02-05,252.0,1.1691%,0.0009,0.7859,-0.275,0.4133,0.8404%,1.1931%,50.3818%,0.010489,AON,61735.0,2019-02-06,252.0,-0.2370%,0.0008,0.8081,-0.2821,0.4348,0.8364%,1.1841%,50.1067%,-0.001058,AON,61735.0,2019-02-07,252.0,-0.8732%,0.0009,0.8197,-0.2952,0.4354,0.8289%,1.1854%,51.1076%,-0.0033789999999999,AON,61735.0,2019-02-08,252.0,0.7730%,0.0009,0.8183,-0.304,0.4238,0.8296%,1.1860%,51.0719%,0.0100439999999999,AON,61735.0,2019-02-11,252.0,1.5401%,0.001,0.8176,-0.2839,0.4342,0.8342%,1.1711%,49.2647%,0.0151869999999999,AON,61735.0,2019-02-12,252.0,0.3045%,0.0009,0.8136,-0.2849,0.4324,0.8358%,1.1685%,48.8331%,-0.007378,AON,61735.0,2019-02-13,252.0,0.9809%,0.0009,0.8133,-0.2818,0.4345,0.8366%,1.1665%,48.5635%,0.007299,AON,61735.0,2019-02-14,252.0,-1.9311%,0.0009,0.8172,-0.2895,0.4421,0.8404%,1.1729%,48.6628%,-0.013717,AON,61735.0,2019-02-15,252.0,1.3855%,0.001,0.8266,-0.2809,0.4576,0.8383%,1.1754%,49.1340%,0.0031219999999999,AON,61735.0,2019-02-19,252.0,0.4012%,0.001,0.8273,-0.2813,0.4571,0.8382%,1.1750%,49.1102%,0.001784,AON,0.00403,0.002972,-0.0004069999999999,0.024824,0.015934
32139,ARTISAN PARTNERS ASSET MGMT INC,"Artisan Partners Asset Mgmt. Reports Q4 Adj. EPS $0.61, Sales $191.5M",6,increase,0.7,0.6,"the reported adjusted eps of $0.61 and sales of $191.5m suggest strong financial performance, which is likely to positively influence investor sentiment and increase the stock price.",2,2019-02-04,APAM,2019-02-04 22:03:00+00:00,13802.0,04316A10,0.0055155311711132,271537.0,0.0050632460042834,0.0107204122468829,0.0180520694702863,0.0174519903957843,0.012783482670784,0.0039421878755092,0.0052932030521333,-0.0056619844399392,0.0238963197916746,0.0013082764344289,-0.0031645537819713,0.0013100736541673,0.0297618974000215,0.007036053109914,-0.0012315552448853,0.0004399572790134,0.0193176865577697,-0.018566507846117,0.0076613118872046,0.0153441643342375,0.0288114976137876,0.0017566537717357,-0.0093348808586597,0.0079681407660245,0.0235571414232254,0.0180261209607124,0.0030686582904309,0.0004508669371716,-0.0118546644225716,-0.0129060531035065,0.0081268996000289,0.0107962116599082,0.0095969289541244,-0.0008988969493657,0.000760473718401,0.0040613785386085,0.0030395109206438,0.011872156523168,-0.0030303001403808,0.0078232893720269,-0.0178571175783872,-0.0207301024347543,-0.0282398276031017,0.0036182687617838,0.0051751257851719,0.0160845760256052,0.0146534983068704,-0.0091074164956808,0.0039031410124152,0.0129150729626417,0.0194401256740093,0.0722057893872261,0.0022883820347487,-0.0366841591894626,0.0019025584915652,-0.0173221360892057,0.0102544799447059,-0.0233196262270212,-0.0109022902324795,-0.0495436489582061,-0.0197642929852008,0.0013055129675194,0.008918167091906,-0.0141570111736655,-0.0392006300389766,-0.02346046641469,-0.0023999786935746,-0.0160758197307586,0.0316759832203388,0.0206142086535692,-0.0069957366213202,-0.0145107945427298,-0.0058708265423774,-0.0139001738280057,-0.0090551003813743,-0.0125151947140693,0.0270163007080555,-0.0255704019218683,-0.0034816307015717,-0.0525531060993671,0.0112577257677912,-0.0146896671503782,-0.0119001716375351,0.0168035421520471,0.0310800764709711,-0.0254730302840471,0.0135643817484378,0.0330826751887798,-0.0055761942639946,0.0071942647919058,0.0321495570242404,0.0181187093257904,-0.0018109794473275,0.0023184458259493,0.0148766273632645,0.0105427000671625,0.0046478752046823,-0.0127216624096036,0.0306049361824989,-0.0046047172509133,-0.0072513497434556,-0.0057229921221733,-0.0041739423759281,0.0105540296062827,-0.015717739239335,-0.0007532410672865,0.0447125695645809,-0.0052454588003456,-0.0047554788179695,-0.0183891132473945,-0.012286645360291,-0.0062134531326591,-0.0031098877079784,-0.0126307643949985,-0.0051992936059832,0.0198748260736465,-0.0125435749068856,0.0077893547713756,0.0003528662200551,0.0097377644851803,0.0050632460042834,0.0107204122468829,0.0232067175431842,0.0283594951742387,0.0362868628855272,0.0324134815077794,0.0666666598706748,0.0279110071265815,0.1232539872401985,0.0333187304501194,0.1825855156592044,0.0243372211624486,0.2742797671707719,-0.097020069485511,2019-02-05,2019-02-06,2019-02-07,2019-02-08,2019-02-11,2019-02-12,2019-02-13,2019-02-14,2019-02-15,2019-02-19,13802.0,2019-02-04,252.0,0.5516%,-0.0011,1.254,0.2286,0.945,1.2417%,1.7990%,52.3567%,-0.000354,APAM,13802.0,2019-02-05,252.0,0.5063%,-0.001,1.2452,0.2232,0.9308,1.2408%,1.7826%,51.5516%,0.005424,APAM,13802.0,2019-02-06,252.0,1.8052%,-0.001,1.2889,0.2087,0.9769,1.2363%,1.7781%,51.6622%,0.020062,APAM,13802.0,2019-02-07,252.0,1.2783%,-0.001,1.2808,0.2096,0.9819,1.2438%,1.7743%,50.8610%,0.0211319999999999,APAM,13802.0,2019-02-08,252.0,0.5293%,-0.0008,1.2779,0.2375,0.9879,1.2278%,1.7610%,51.3944%,0.010711,APAM,13802.0,2019-02-11,252.0,2.3896%,-0.0006,1.2551,0.2847,1.0016,1.2266%,1.7274%,49.5774%,0.018168,APAM,13802.0,2019-02-12,252.0,-0.3165%,-0.0007,1.2362,0.2956,0.99,1.2277%,1.7150%,48.7565%,-0.018688,APAM,13802.0,2019-02-13,252.0,2.9762%,-0.0006,1.2391,0.3013,0.9973,1.2385%,1.7232%,48.3408%,0.02533,APAM,13802.0,2019-02-14,252.0,-0.1232%,-0.0005,1.2397,0.3057,0.989,1.2238%,1.7135%,48.9921%,0.005488,APAM,13802.0,2019-02-15,252.0,1.9318%,-0.0005,1.2386,0.3047,0.9872,1.2237%,1.7101%,48.7966%,-0.000303,APAM,13802.0,2019-02-19,252.0,0.7661%,-0.0004,1.2516,0.2881,0.9674,1.1971%,1.6993%,50.3737%,0.001363,APAM,0.00507,0.025132,0.046264,0.075143,0.088333
32147,APOLLO GLOBAL MANAGEMENT INC NEW,Apollo Global Management Intends To Offer Senior Notes; Size Not Disclosed,6,uncertain,0.6,0.3,"the announcement of offering senior notes could indicate a need for capital, which may raise concerns among investors, but the actual impact on stock price will depend on the terms of the offering and market conditions.",1,2019-02-04,APO,2019-02-04 13:54:00+00:00,12591.0,03769M10,0.0344122722744941,854086.0,0.0082345185801386,0.0023906999267637,-0.0098007563501596,0.0578034818172454,-0.0098976986482739,-0.0003611494612414,-0.0059980107471346,-0.0014424453256651,-0.0046932413242757,-0.0064493124373257,0.0171775091439485,0.0261029060930013,-0.0019868004601448,-0.0022010074462741,-0.0096217319369316,0.0044215489178895,0.013065306469798,-0.0493870377540588,-0.0052910004742443,0.0240315664559602,-0.0026595541276037,0.0101448828354477,-0.0115489177405834,0.0109890531748533,0.0020618373528122,0.0213243439793586,-0.0034293683711439,0.0144212199375033,-0.0024087990168482,-0.0056603630073368,0.0124180959537625,-0.0152359660714864,-0.0017036164645105,0.0056053670123219,-0.0020477634388953,0.0190403647720813,0.0034199857618659,0.0350807793438434,-0.0095433089882135,0.0623953826725482,-0.0044734743423759,-0.0378727056086063,-0.0138264643028378,0.0114098927006125,-0.018927477300167,0.0157285202294588,0.0210789628326892,-0.0122648915275931,-0.0083974730223417,-0.0008170121582224,0.0165843088179826,0.0307368226349353,0.0045123593881726,0.0,0.0058742249384522,0.0380245149135589,0.0230161473155021,-0.0226399265229702,-0.0174613986164331,-0.0245833396911621,-0.0153793832287192,-0.0004165026475675,0.0270739570260047,-0.011120282113552,-0.0537343733012676,-0.0276331063359975,-0.0024999890010803,-0.0161544475704431,0.0136054120957851,0.0209170766174793,-0.0144825102761387,-0.0201024916023016,0.0035842431243509,-0.02759675309062,0.0089285718277096,-0.0243081375956535,0.0141592789441347,0.0109640453010797,-0.0115183219313621,-0.0771109238266944,0.0127118863165378,0.0166725534945726,-0.0094142416492104,-0.0139908920973539,0.0066878050565719,0.0084656001999974,-0.0027972001116722,0.0085378782823681,-0.0140252318233251,-0.0266619995236396,0.0188477504998445,0.0062717208638787,0.0010471444111317,0.0250000264495611,0.016387702897191,0.0691103264689445,-0.0058319065719842,-0.0150432344526052,0.0234644692391157,-0.0390763580799102,0.009777508676052,-0.0038924489635974,0.0567612275481224,0.0007082315278239,0.0240126457065343,-0.0285517685115337,-0.0024683128576725,-0.0129032619297504,0.0027836787048727,-0.0372670590877533,-0.000925317115616,-0.0368387922644615,0.0154368635267019,0.0003149678523186,0.0085131889209151,0.0369039550423622,-0.0144708948209881,0.0193075872957706,0.0027531404048204,0.0162382088601589,0.0082345185801386,0.0023906999267637,-0.0016469422802857,0.0603323725237563,-0.0115283399901783,0.0599494340586825,-0.0220685140849477,0.051594430361082,-0.0092226831468528,0.052726010832609,-0.0178993514451962,0.2229166794334436,0.100248046109977,0.010072673574436,2019-02-05,2019-02-06,2019-02-07,2019-02-08,2019-02-11,2019-02-12,2019-02-13,2019-02-14,2019-02-15,2019-02-19,12591.0,2019-02-04,252.0,3.4412%,-0.0003,1.1468,0.5988,0.0711,1.5440%,2.0282%,42.0445%,0.023648,APO,12591.0,2019-02-05,252.0,0.8235%,-0.0003,1.1474,0.5974,0.0687,1.5443%,2.0234%,41.7505%,0.004109,APO,12591.0,2019-02-06,252.0,-0.9801%,-0.0003,1.1293,0.6033,0.0498,1.5433%,1.9967%,40.2558%,-0.007365,APO,12591.0,2019-02-07,252.0,-0.9898%,-0.0002,1.1449,0.5827,0.0525,1.5334%,1.9962%,40.9921%,0.001095,APO,12591.0,2019-02-08,252.0,-0.5998%,-0.0002,1.1463,0.5788,0.0556,1.5336%,1.9964%,40.9901%,-0.007057,APO,12591.0,2019-02-11,252.0,-0.4693%,-0.0002,1.1263,0.5841,0.048,1.5324%,1.9705%,39.5241%,-0.010346,APO,12591.0,2019-02-12,252.0,1.7178%,-0.0002,1.1288,0.5823,0.0496,1.5323%,1.9725%,39.6529%,0.001724,APO,12591.0,2019-02-13,252.0,-0.1987%,-0.0003,1.1239,0.5885,0.0494,1.5316%,1.9680%,39.4300%,-0.005632,APO,12591.0,2019-02-14,252.0,-0.9622%,-0.0004,1.1253,0.5826,0.0572,1.5307%,1.9662%,39.3929%,-0.010135,APO,12591.0,2019-02-15,252.0,1.3065%,-0.0004,1.1224,0.5799,0.0524,1.5306%,1.9633%,39.2241%,-0.001482,APO,12591.0,2019-02-19,252.0,-0.5291%,-0.0004,1.1222,0.5722,0.0436,1.5313%,1.9631%,39.1541%,-0.009363,APO,0.0277569999999999,0.0203919999999999,0.0214869999999999,0.0040839999999999,-0.020804
32155,ARES MANAGEMENT CORP,"EPIC Midstream Announces Noble Midstream Partners Has Exercised its Option for a 30% Stake in the EPIC Crude Pipeline Project and a 15% Stake in the EPIC NGL Pipeline, Altus Midstream Exercised Options for 15% and 10%",6,uncertain,0.5,0.2,"the news pertains to epic midstream and noble midstream partners, which may not have a direct impact on ares management corp's stock price, leading to uncertainty.",1,2019-02-04,ARES,2019-02-04 12:48:00+00:00,14617.0,03990B10,0.0413461849093437,657826.0,0.01569714397192,-0.0028763839509338,0.0099999690428376,0.003849851898849,-0.0283527988940477,-0.0033572993706911,0.0009263759711757,-0.009501134045422,-0.0152707044035196,0.0038149701431393,0.0164472963660955,0.0154963536188006,0.0055478890426456,0.0034013458061963,0.0298850405961275,0.0183078106492757,0.037053570151329,0.0079800421372056,0.0180800724774599,0.0126262633129954,-0.0105708250775933,-0.0005048071034252,-0.0034188001882284,-0.0050226207822561,0.0201544258743524,0.0132315643131732,0.0008406284032389,0.0181347355246543,-0.0075598619878292,0.0244160871952772,-0.0012695209588855,0.0031948597170412,0.0008474770002067,-0.0089709796011447,-0.0093141915276646,0.0243243649601936,-0.0111111206933856,0.0254988390952348,-0.0116680450737476,0.0549707897007465,-0.0069961412809789,-0.0228571202605962,-0.0114486273378133,-0.0157480686902999,0.0178173538297414,-0.0094707561656832,0.0350109077990055,0.0112676490098238,0.002536975312978,0.0301799457520246,0.0194011386483907,0.0213395785540342,0.0004137578362133,-0.0122950281947851,0.0016764042666181,-0.0262258257716894,0.0004184196295682,-0.0855057016015052,-0.0046006110496819,-0.06256103515625,-0.0025209861341863,-0.0275666266679763,0.0008424792904406,-0.0286241434514522,-0.026936000213027,-0.0103743895888328,0.0012975250137969,0.0077272760681807,0.0099351853132247,0.0114942528307437,-0.0102651743218302,0.0013812470715492,0.0064823478460311,0.0121155753731727,-0.003435029182583,-0.0337685756385326,0.018095651641488,0.0063434252515435,0.0029624039307236,-0.0425162501633167,-0.0029536539223045,0.0271835420280695,0.0,-0.0149253793060779,0.0033855237998068,-0.0099956337362527,0.0037958733737468,0.0190434139221906,-0.0075629581697285,-0.0113835474476218,0.002116817748174,0.0325496979057788,-0.0016899415059015,-0.0058426586911082,0.0055015264078974,0.0253455862402916,0.0025252299383282,-0.022522522136569,0.0020991244819015,-0.0084858704358339,-0.0004189454775769,0.0177272446453571,0.0255657453089952,-0.0063233692198991,-0.0138945709913969,-0.0058374973013997,0.0024865882005542,0.0248504802584648,0.0041339551098644,-0.0180749949067831,0.0004116229247301,0.0128145888447761,-0.0049382275901734,0.0055223582312464,0.0099255489185452,0.005087821278721,0.0012285293778404,0.0222222805023193,0.0102249486371874,0.0057060830295085,0.01569714397192,-0.0028763839509338,0.0258540839685377,0.0009623942956997,-0.0032317505688598,-0.0023981361207546,-0.0175438224055746,-0.0081068234465607,0.0918744136838494,0.0505050519306307,0.1135362273377702,0.0166178025909944,0.1556448130375507,0.0018488497818562,2019-02-05,2019-02-06,2019-02-07,2019-02-08,2019-02-11,2019-02-12,2019-02-13,2019-02-14,2019-02-15,2019-02-19,14617.0,2019-02-04,252.0,4.1346%,0.0,0.8456,0.1069,-0.1487,1.7285%,1.9956%,24.9785%,0.034142,ARES,14617.0,2019-02-05,252.0,1.5697%,0.0001,0.8423,0.1017,-0.1601,1.7298%,1.9935%,24.7092%,0.0111539999999999,ARES,14617.0,2019-02-06,252.0,1.0000%,0.0002,0.7771,0.1224,-0.2228,1.7141%,1.9456%,22.3831%,0.011875,ARES,14617.0,2019-02-07,252.0,-2.8353%,0.0001,0.7791,0.1287,-0.2283,1.7185%,1.9507%,22.3905%,-0.020198,ARES,14617.0,2019-02-08,252.0,0.0926%,0.0001,0.7798,0.1142,-0.2347,1.7155%,1.9489%,22.5223%,-0.001514,ARES,14617.0,2019-02-11,252.0,-1.5271%,-0.0,0.7882,0.0836,-0.2469,1.7177%,1.9471%,22.1743%,-0.016676,ARES,14617.0,2019-02-12,252.0,1.6447%,0.0001,0.8022,0.0695,-0.2372,1.7137%,1.9488%,22.6711%,0.005191,ARES,14617.0,2019-02-13,252.0,0.5548%,-0.0001,0.7781,0.1116,-0.229,1.6799%,1.9061%,22.3256%,0.003326,ARES,14617.0,2019-02-14,252.0,2.9885%,-0.0,0.7712,0.1278,-0.2467,1.6901%,1.9152%,22.1177%,0.029511,ARES,14617.0,2019-02-15,252.0,3.7054%,0.0002,0.8123,0.1678,-0.1758,1.6913%,1.9265%,22.9270%,0.029104,ARES,14617.0,2019-02-19,252.0,1.8080%,0.0,0.7948,0.2071,-0.1301,1.6416%,1.8680%,22.7695%,0.016477,ARES,0.0452959999999999,0.057171,0.036973,0.0187829999999999,0.102392
32163,ACTINIUM PHARMACEUTICALS INC,Actinium Initiates Second Dosing Cohort of Novel Combination Trial with Actimab-A and CLAG-M Salvage Regimen at Medical College of Wisconsin,6,increase,0.7,0.6,"the initiation of a second dosing cohort in a novel combination trial suggests progress in clinical development, which could positively influence investor sentiment and stock price.",2,2019-02-04,ATNM,2019-02-04 13:13:00+00:00,14497.0,00507W20,0.0539804473519325,631457.0,-0.0427659973502159,-0.0086486879736185,0.0088271992281079,-0.0089285625144839,-0.0274999868124723,0.0372291132807731,-0.0429673306643962,0.0089703267440199,0.0141979586333036,-0.0313179045915603,0.0429436489939689,0.1025948226451874,-0.0023580216802656,-0.0365384519100189,-0.0363637097179889,0.0473313108086586,0.0209434982389211,0.0237112808972597,0.0349288061261177,0.0631302297115325,0.1607142388820648,0.0606835857033729,-0.0461538024246692,-0.0225000083446502,-0.0012903444003313,0.0232557915151119,0.0012920115841552,-0.0280289351940155,0.0,0.0170115083456039,-0.0269355308264493,-0.0224718898534774,-0.03033316321671,-0.0180935990065336,0.0085470005869865,-0.0152107756584882,0.0506779924035072,0.0006523591582663,0.0001613431086298,0.057484496384859,-0.0483871474862098,-0.0032088556326925,-0.0169491376727819,0.1273902207612991,-0.0344827249646186,-0.0069284089840948,-0.0051785791292786,0.0391999892890453,0.0287201087921857,-0.0625000149011612,-0.0029662959277629,-0.0116135533899068,-0.001050018123351,0.0376923754811286,0.0686755552887916,-0.0252437070012092,-0.0491803772747516,0.0002499669790267,-0.036206841468811,0.0,-0.0161001849919557,0.0,-0.0636364072561264,-0.0423748791217804,-0.0233009029179811,-0.0286046843975782,-0.0656064003705978,-0.0271493084728717,0.0212765745818615,0.0045454637147486,-0.0227083154022693,0.0149942468851804,-0.0204646848142147,-0.0514223091304302,0.0446136519312858,-0.027659598737955,0.2500000894069672,-0.0963276252150535,0.0,-0.0593235976994037,-0.0266667194664478,-0.047545202076435,-0.0410958714783191,0.0267067607492208,-0.0223214067518711,0.1538775414228439,0.022648349404335,0.1395348906517029,0.0332201942801475,-0.0334906689822673,-0.0278305802494287,0.0081577189266681,-0.0398292355239391,-0.0013577961362898,0.0,0.0648193359375,-0.116666704416275,-0.0249060168862342,0.0484277121722698,-0.0697268173098564,-0.0943811684846878,-0.0374500378966331,-0.315522164106369,-0.0095853060483932,-0.0483871474862098,-0.06030935049057,0.037288162857294,-0.069084994494915,-0.0392156690359115,-0.0572262965142726,-0.0272108372300863,0.0010321354493498,0.0227271877229213,-0.0350425764918327,0.0017094817012548,-0.0180765781551599,0.0409556105732917,-0.0168269444257021,-0.0222950670868158,0.0017659395234659,-0.0427659973502159,-0.0086486879736185,-0.034316302100907,-0.0175000301368617,-0.0608725910581516,0.0190775725395293,-0.0884636100281865,-0.0039826341801059,-0.0343163025217185,0.2060499352066149,-0.0360407130989051,0.3754999467711044,-0.4857733975832595,-0.1167121726917891,2019-02-05,2019-02-06,2019-02-07,2019-02-08,2019-02-11,2019-02-12,2019-02-13,2019-02-14,2019-02-15,2019-02-19,14497.0,2019-02-04,252.0,5.3980%,0.0001,1.0549,1.7745,0.0967,4.4478%,4.6903%,10.0738%,0.038415,ATNM,14497.0,2019-02-05,252.0,-4.2766%,0.0003,0.9705,1.7618,0.0349,4.4139%,4.6375%,9.4115%,-0.045402,ATNM,14497.0,2019-02-06,252.0,0.8827%,0.0002,1.0138,1.7477,0.0791,4.4113%,4.6378%,9.5294%,0.011014,ATNM,14497.0,2019-02-07,252.0,-2.7500%,0.0002,1.0163,1.7516,0.0748,4.4125%,4.6407%,9.5945%,-0.016208,ATNM,14497.0,2019-02-08,252.0,-4.2967%,-0.0001,1.0244,1.7485,0.1067,4.4203%,4.6470%,9.5177%,-0.044342,ATNM,14497.0,2019-02-11,252.0,1.4198%,0.0002,0.9321,1.8374,0.1064,4.3971%,4.6107%,9.0505%,0.000879,ATNM,14497.0,2019-02-12,252.0,4.2944%,0.0007,0.9995,1.773,0.1524,4.3654%,4.5864%,9.4055%,0.02998,ATNM,14497.0,2019-02-13,252.0,-0.2358%,0.0005,0.9837,1.7968,0.1548,4.3609%,4.5806%,9.3633%,-0.006427,ATNM,14497.0,2019-02-14,252.0,-3.6364%,0.0001,0.9895,1.7708,0.1907,4.3491%,4.5651%,9.2389%,-0.042843,ATNM,14497.0,2019-02-15,252.0,2.0943%,0.0001,0.988,1.7699,0.1889,4.3491%,4.5641%,9.2013%,0.00432,ATNM,14497.0,2019-02-19,252.0,3.4929%,0.0004,1.0077,1.7668,0.1837,4.3431%,4.5633%,9.4171%,0.027252,ATNM,-0.006987,0.0040269999999999,-0.012181,-0.055644,-0.043362
32171,ASTRONICS CORP,Astonrics Test Systems Wins $30M Contract to Develop a Test System for Kawaski Rail Car,6,increase,0.8,0.7,"winning a $30m contract indicates strong demand for astronics corp's products, which is likely to positively impact investor sentiment and stock price.",2,2019-02-04,ATRO,2019-02-04 13:33:00+00:00,15457.0,04643310,0.002949857385829,169541.0,0.0513071157038211,-0.0052168192341923,0.0102580618113279,-0.0026016235351562,-0.0095385033637285,0.0003253165050409,0.0155327748507261,0.0088611897081136,0.040073461830616,-0.0045737111940979,0.0120588187128305,-0.0009790724143385,-0.0171461831778287,0.0132275009527802,-0.0372560136020183,0.013065306469798,0.0368549413979053,-0.0267362147569656,0.0130332484841346,0.0112100280821323,0.0087719075381755,0.0056366072967648,0.028115976601839,-0.0147011028602719,-0.0121229290962219,0.0026203708257526,0.0276825744658708,-0.0161134377121925,-0.0044432063587009,0.006160847377032,0.0030683574732393,-0.0041975835338234,0.0002781461807899,0.0194206777960062,-0.0183486193418502,0.0123291881754994,-0.0475785955786705,0.0362569466233253,-0.0104074422270059,0.0143607659265399,-0.0252403896301984,-0.0688193291425705,-0.0040073138661682,0.0068965214304625,0.0012379169929772,0.0032949054148048,-0.0219474229961633,0.0016502027865499,-0.0158027820289135,0.0089909601956605,0.0183044224977493,0.0500000081956386,0.0012614605948328,-0.0638297498226165,-0.0211023651063442,-0.0301587544381618,0.0431144870817661,0.0063898009248077,-0.0157309789210557,-0.0178852081298828,-0.0169225633144378,0.0117460582405328,0.0137073118239641,-0.0084985978901386,-0.0452829785645008,0.0034744350705295,0.0158102605491876,0.0028508126270025,0.0009727848810143,0.0073388493619859,-0.0110139343887567,0.0175324976444244,0.0347199290990829,0.0134912757202982,0.0357708483934402,-0.0253367833793163,0.0161980055272579,-0.0216504707932472,-0.0105262696743011,-0.0348273664712905,0.000303900334984,0.0172520447522401,0.0097234789282083,0.0294956676661968,0.005717683583498,-0.0063031469471752,0.0014962014975026,0.0225587766617536,-0.0277860853821039,-0.0217527952045202,0.0067608295939862,0.0262050945311784,0.0015263448003679,0.0111220199614763,0.0,0.0089109065011143,-0.0109722828492522,0.009999974630773,0.0015408084727823,-0.0448901578783989,-0.0249230600893497,0.0041559832170605,0.0132533945143222,0.0461538806557655,0.0043599931523203,0.0505973510444164,0.0272868555039167,-0.0059378300793468,-0.0033202718477696,-0.0369996763765811,-0.0015142107149586,-0.0106489090248942,0.0048528918996453,0.0023348797112703,0.0111680934205651,0.0337930880486965,-0.0047761150635778,-0.0368648469448089,-0.0017996812239289,0.0070234448648989,0.0513071157038211,-0.0052168192341923,0.0620914890793997,-0.0078048705696502,0.0519607258382284,-0.0074820931178253,0.1111110980596121,-0.0032669192016734,0.1176470683769861,0.0059347278087378,0.0428104384893284,-0.0426733781399341,0.0875816428690179,0.0204013597985583,2019-02-05,2019-02-06,2019-02-07,2019-02-08,2019-02-11,2019-02-12,2019-02-13,2019-02-14,2019-02-15,2019-02-19,15457.0,2019-02-04,252.0,0.2950%,-0.0007,1.1568,0.6371,0.1201,1.7706%,2.2076%,35.6743%,-0.008023,ATRO,15457.0,2019-02-05,252.0,5.1307%,-0.0005,1.1451,0.6157,0.0743,1.7944%,2.2192%,34.6180%,0.047463,ATRO,15457.0,2019-02-06,252.0,1.0258%,-0.0003,1.0955,0.6314,0.0271,1.7867%,2.1757%,32.5572%,0.0126869999999999,ATRO,15457.0,2019-02-07,252.0,-0.9539%,-0.0003,1.0954,0.6308,0.0275,1.7868%,2.1747%,32.4932%,0.001265,ATRO,15457.0,2019-02-08,252.0,1.5533%,-0.0003,1.093,0.6244,0.0131,1.7890%,2.1769%,32.4586%,0.0143209999999999,ATRO,15457.0,2019-02-11,252.0,4.0073%,-0.0001,1.0939,0.6704,0.0384,1.8018%,2.1771%,31.5030%,0.0342919999999999,ATRO,15457.0,2019-02-12,252.0,1.2059%,-0.0001,1.096,0.6656,0.0404,1.8015%,2.1782%,31.5950%,-0.002987,ATRO,15457.0,2019-02-13,252.0,-1.7146%,-0.0002,1.0908,0.666,0.0354,1.8060%,2.1786%,31.2845%,-0.0207419999999999,ATRO,15457.0,2019-02-14,252.0,-3.7256%,-0.0004,1.0988,0.6448,0.0602,1.8196%,2.1885%,30.8738%,-0.038323,ATRO,15457.0,2019-02-15,252.0,3.6855%,-0.0003,1.1084,0.6559,0.0791,1.8247%,2.1952%,30.9018%,0.022438,ATRO,15457.0,2019-02-19,252.0,1.3033%,-0.0003,1.1094,0.6626,0.0866,1.8255%,2.1948%,30.8180%,0.008688,ATRO,0.0394399999999999,0.0521269999999999,0.0533919999999999,0.1020049999999999,0.0710789999999999
32179,ANGLOGOLD ASHANTI LTD,Anglogold Ashanti shares are trading lower despite the company guiding FY18 EPS above analyst estimates.,6,decrease,0.7,0.6,"despite the positive guidance on eps, the fact that shares are trading lower suggests negative market sentiment or other overriding concerns affecting investor confidence.",0,2019-02-04,AU,2019-02-04 14:32:00+00:00,86341.0,03512820,-0.0482517853379249,3981792.0,0.0029390126001089,0.000699806085322,-0.0095237484201788,0.0332610309123992,0.005177492275834,0.0161646045744419,-0.0066225277259945,0.0051698447205126,-0.0185185186564922,0.0327994152903556,0.0143395913764834,0.0355450101196765,-0.0007439937326125,0.0127999875694513,0.0186150409281253,0.0195758379995822,-0.007309969048947,0.0157415531575679,0.1030927523970604,-0.0351719036698341,0.0353805534541606,0.0032076954375952,-0.0328820273280143,0.012997549958527,-0.009999974630773,-0.0144114773720502,-0.0276094805449247,-0.0079428423196077,0.0138504691421985,0.0063948780298233,-0.0088797891512513,-0.0324826054275035,-0.0234321262687444,0.0253767371177673,-0.0381086766719818,0.0055821128189563,-0.0146735003218054,-0.0203125178813934,-0.0059568071737885,-0.0310370810329914,-0.0299625881016254,0.0377062447369098,0.0038610186893492,0.0143425771966576,0.0307692009955644,0.0203252024948597,-0.0440297909080982,-0.0167865734547376,0.0015612414572387,0.0121359685435891,0.0233827121555805,-0.0267716664820909,0.0007616320508532,0.0375817045569419,0.0350076109170913,-0.0024450435303151,-0.0125000048428773,0.040712509304285,-0.005212259478867,-0.0552884303033351,0.0329341739416122,0.0305532533675432,0.0194119419902563,0.021940866485238,0.0314285419881343,-0.0100250532850623,0.0020776099991053,0.0161290783435106,-0.0152038885280489,0.0315236113965511,-0.0378947332501411,0.0288287997245788,-0.0598103366792202,-0.0159573890268802,0.0162917021661996,0.0396312735974788,-0.0320610739290714,0.0333333685994148,0.0126182837411761,0.0304220244288444,0.0140187153592705,0.0272176917642355,0.0253456160426139,-0.0158730000257492,0.0,-0.0107948640361428,0.0187265910208225,0.0303335916250944,0.0205882154405117,-0.0178748127073049,-0.030259370803833,0.0019900004845112,-0.0208023581653833,-0.0195121765136718,-0.0144158219918608,0.0437882207334041,0.0069284182973206,-0.0050658755935728,-0.0053516584448516,0.0092024700716137,-0.003074554959312,0.0134715149179101,-0.0138782039284706,0.0200845226645469,-0.0101641993969678,0.0161116663366556,-0.0252764374017715,-0.0158561971038579,0.0097244642674922,-0.0125260837376117,-0.0112359821796417,-0.0362172722816467,0.0048701642081141,-0.0040080123580992,-0.0387722514569759,0.0101213995367288,-0.0084033133462071,-0.0527325198054313,-0.0169491358101368,0.0461384169757366,0.0029390126001089,0.000699806085322,-0.006612726236677,0.0339841132695579,-0.0014694712998556,0.0506980575968152,-0.0264511144480713,0.0907704499849459,0.1006612699205968,0.1430855319857182,-0.0183688493998674,0.1458333911041838,-0.1435526622736725,0.4343028817005134,2019-02-05,2019-02-06,2019-02-07,2019-02-08,2019-02-11,2019-02-12,2019-02-13,2019-02-14,2019-02-15,2019-02-19,86341.0,2019-02-04,252.0,-4.8252%,0.001,-0.0372,0.46,0.2297,2.3067%,2.3208%,1.2151%,-0.049496,AU,86341.0,2019-02-05,252.0,0.2939%,0.0012,-0.0829,0.4428,0.1768,2.2826%,2.2977%,1.3040%,0.004745,AU,86341.0,2019-02-06,252.0,-0.9524%,0.0013,-0.1238,0.4562,0.1349,2.2783%,2.2958%,1.5214%,-0.009886,AU,86341.0,2019-02-07,252.0,0.5177%,0.0013,-0.1187,0.4485,0.1364,2.2775%,2.2941%,1.4432%,0.003993,AU,86341.0,2019-02-08,252.0,-0.6623%,0.0013,-0.1178,0.4631,0.1497,2.2761%,2.2936%,1.5146%,-0.005898,AU,86341.0,2019-02-11,252.0,-1.8519%,0.0014,-0.1735,0.4846,0.1321,2.2671%,2.2894%,1.9372%,-0.021854,AU,86341.0,2019-02-12,252.0,1.4340%,0.0016,-0.1497,0.4653,0.1477,2.2627%,2.2821%,1.6915%,0.016727,AU,86341.0,2019-02-13,252.0,-0.0744%,0.0013,-0.1782,0.5125,0.1555,2.2294%,2.2541%,2.1831%,-0.000807,AU,86341.0,2019-02-14,252.0,1.8615%,0.0014,-0.1815,0.5207,0.1461,2.2313%,2.2566%,2.2321%,0.016378,AU,86341.0,2019-02-15,252.0,-0.7310%,0.0011,-0.2292,0.4769,0.0674,2.2086%,2.2354%,2.3854%,-0.007362,AU,86341.0,2019-02-19,252.0,10.3093%,0.0015,-0.21,0.5407,0.1376,2.2973%,2.3257%,2.4227%,0.101843,AU,-0.044751,-0.054637,-0.050644,-0.078396,0.048383
32187,ANGLOGOLD ASHANTI LTD,Anglogold Ashanti Sees FY2018 EPS $0.50-0.54 vs $0.48 Est,6,increase,0.7,0.6,"the forecasted eps of $0.50-0.54 exceeds the estimated $0.48, which is likely to be viewed positively by investors, potentially leading to an increase in stock price.",2,2019-02-04,AU,2019-02-04 12:40:00+00:00,86341.0,03512820,-0.0482517853379249,3981792.0,0.0029390126001089,0.000699806085322,-0.0095237484201788,0.0332610309123992,0.005177492275834,0.0161646045744419,-0.0066225277259945,0.0051698447205126,-0.0185185186564922,0.0327994152903556,0.0143395913764834,0.0355450101196765,-0.0007439937326125,0.0127999875694513,0.0186150409281253,0.0195758379995822,-0.007309969048947,0.0157415531575679,0.1030927523970604,-0.0351719036698341,0.0353805534541606,0.0032076954375952,-0.0328820273280143,0.012997549958527,-0.009999974630773,-0.0144114773720502,-0.0276094805449247,-0.0079428423196077,0.0138504691421985,0.0063948780298233,-0.0088797891512513,-0.0324826054275035,-0.0234321262687444,0.0253767371177673,-0.0381086766719818,0.0055821128189563,-0.0146735003218054,-0.0203125178813934,-0.0059568071737885,-0.0310370810329914,-0.0299625881016254,0.0377062447369098,0.0038610186893492,0.0143425771966576,0.0307692009955644,0.0203252024948597,-0.0440297909080982,-0.0167865734547376,0.0015612414572387,0.0121359685435891,0.0233827121555805,-0.0267716664820909,0.0007616320508532,0.0375817045569419,0.0350076109170913,-0.0024450435303151,-0.0125000048428773,0.040712509304285,-0.005212259478867,-0.0552884303033351,0.0329341739416122,0.0305532533675432,0.0194119419902563,0.021940866485238,0.0314285419881343,-0.0100250532850623,0.0020776099991053,0.0161290783435106,-0.0152038885280489,0.0315236113965511,-0.0378947332501411,0.0288287997245788,-0.0598103366792202,-0.0159573890268802,0.0162917021661996,0.0396312735974788,-0.0320610739290714,0.0333333685994148,0.0126182837411761,0.0304220244288444,0.0140187153592705,0.0272176917642355,0.0253456160426139,-0.0158730000257492,0.0,-0.0107948640361428,0.0187265910208225,0.0303335916250944,0.0205882154405117,-0.0178748127073049,-0.030259370803833,0.0019900004845112,-0.0208023581653833,-0.0195121765136718,-0.0144158219918608,0.0437882207334041,0.0069284182973206,-0.0050658755935728,-0.0053516584448516,0.0092024700716137,-0.003074554959312,0.0134715149179101,-0.0138782039284706,0.0200845226645469,-0.0101641993969678,0.0161116663366556,-0.0252764374017715,-0.0158561971038579,0.0097244642674922,-0.0125260837376117,-0.0112359821796417,-0.0362172722816467,0.0048701642081141,-0.0040080123580992,-0.0387722514569759,0.0101213995367288,-0.0084033133462071,-0.0527325198054313,-0.0169491358101368,0.0461384169757366,0.0029390126001089,0.000699806085322,-0.006612726236677,0.0339841132695579,-0.0014694712998556,0.0506980575968152,-0.0264511144480713,0.0907704499849459,0.1006612699205968,0.1430855319857182,-0.0183688493998674,0.1458333911041838,-0.1435526622736725,0.4343028817005134,2019-02-05,2019-02-06,2019-02-07,2019-02-08,2019-02-11,2019-02-12,2019-02-13,2019-02-14,2019-02-15,2019-02-19,86341.0,2019-02-04,252.0,-4.8252%,0.001,-0.0372,0.46,0.2297,2.3067%,2.3208%,1.2151%,-0.049496,AU,86341.0,2019-02-05,252.0,0.2939%,0.0012,-0.0829,0.4428,0.1768,2.2826%,2.2977%,1.3040%,0.004745,AU,86341.0,2019-02-06,252.0,-0.9524%,0.0013,-0.1238,0.4562,0.1349,2.2783%,2.2958%,1.5214%,-0.009886,AU,86341.0,2019-02-07,252.0,0.5177%,0.0013,-0.1187,0.4485,0.1364,2.2775%,2.2941%,1.4432%,0.003993,AU,86341.0,2019-02-08,252.0,-0.6623%,0.0013,-0.1178,0.4631,0.1497,2.2761%,2.2936%,1.5146%,-0.005898,AU,86341.0,2019-02-11,252.0,-1.8519%,0.0014,-0.1735,0.4846,0.1321,2.2671%,2.2894%,1.9372%,-0.021854,AU,86341.0,2019-02-12,252.0,1.4340%,0.0016,-0.1497,0.4653,0.1477,2.2627%,2.2821%,1.6915%,0.016727,AU,86341.0,2019-02-13,252.0,-0.0744%,0.0013,-0.1782,0.5125,0.1555,2.2294%,2.2541%,2.1831%,-0.000807,AU,86341.0,2019-02-14,252.0,1.8615%,0.0014,-0.1815,0.5207,0.1461,2.2313%,2.2566%,2.2321%,0.016378,AU,86341.0,2019-02-15,252.0,-0.7310%,0.0011,-0.2292,0.4769,0.0674,2.2086%,2.2354%,2.3854%,-0.007362,AU,86341.0,2019-02-19,252.0,10.3093%,0.0015,-0.21,0.5407,0.1376,2.2973%,2.3257%,2.4227%,0.101843,AU,-0.044751,-0.054637,-0.050644,-0.078396,0.048383
32195,AVALONBAY COMMUNITIES INC,"AvalonBay Sees FY19 EPS $5.18-$5.68, Core FFO $9.05-$9.55",6,increase,0.7,0.6,"the projected eps and core ffo figures suggest positive financial performance, which is likely to boost investor confidence and increase the stock price.",2,2019-02-04,AVB,2019-02-04 21:35:00+00:00,80381.0,05348410,0.0112513117492198,754400.0,0.0112301325425505,-0.0140991145744919,-0.0027763152029365,0.0088375387713313,0.0068054855801165,0.002621506806463,-0.0039942585863173,0.0100084701552987,0.0028277791570872,0.011733204126358,-0.0081517370417714,0.0091916574165225,0.0134911639615893,5.404188777902164e-05,-0.001785107771866,0.0049448660574853,0.0017883001128211,-0.0003259142686147,0.0019380303565412,0.0040907603688538,-0.0119622852653265,0.0064777815714478,0.0093250768259167,0.0131821036338806,0.0006635170429944,0.0090358098968863,-0.0072434106841683,-0.0022957818582654,0.0015928350621834,0.0033709243871271,-0.0033857715316116,0.0126878190785646,0.0018530942033976,0.0086078280583024,-0.0019524475792422,0.0207356680184602,0.0073101581074297,-0.0028037133160978,0.0039352187886834,0.0070588057860732,-0.0049379006959497,0.0047281505540013,0.0001534699840703,-0.0278655905276536,0.0048081967979669,0.0079921521246433,0.0050906129181385,0.0042096450924873,0.0071920491755008,0.0006925407215021,0.0025645906571298,0.0263562966138124,0.0035111212637275,-0.0463172011077404,-0.0054981061257421,-0.0185709074139595,-0.0088958349078893,-0.0021573149133473,-0.003955369349569,-0.0062118899077177,0.0012218995252624,0.0113415718078613,0.0102714784443378,-0.0376136936247348,0.0045802481472492,0.0016076515894383,-0.0021043047308921,0.0150682926177978,0.0085354065522551,-0.0217645615339279,-9.951219544745982e-05,0.0025073417928069,0.0079163154587149,-0.0061502764001488,-0.0009456621482968,-0.0159649271517992,-0.0002491060295142,0.0232222434133291,0.0076241483911871,-0.0177756771445274,0.000741772877518,0.0007346349884755,-0.0031132875010371,0.0132929226383566,0.002230689395219,-0.0039192321710288,-0.003313869703561,0.0043084975332021,-0.0045158476568758,0.0086378054693341,0.0079760262742638,0.0032294855918735,0.00469830352813,-0.0035398427862674,0.0045779370702803,-0.0004288952623028,0.0002450169122312,-0.0064980089664459,-0.0303238239139318,0.0119112152606248,-0.0207638703286647,0.0161006953567266,0.0119692105799913,-0.015739532187581,-0.0127453487366437,-0.0023124101571738,0.0134779280051589,0.0092265773564577,0.0096810823306441,0.0094231152907013,0.0090330708771944,0.001756171695888,0.0028507492970675,-0.0007677509565837,-0.0125175034627318,0.0124368742108345,0.0147467209026217,0.0171683132648468,0.0011447319993749,0.0224622637033462,0.0112301325425505,-0.0140991145744919,0.008422638951905,-0.0053861772748541,0.0152854446799552,-0.0027787903687779,0.0140896675654795,0.0190195734638003,0.021368413506845,0.0374168269711603,0.021212445324884,0.0544732707711737,0.0537684473232609,0.1076293110632977,2019-02-05,2019-02-06,2019-02-07,2019-02-08,2019-02-11,2019-02-12,2019-02-13,2019-02-14,2019-02-15,2019-02-19,80381.0,2019-02-04,252.0,1.1251%,0.0009,0.4514,-0.3702,0.0925,1.0129%,1.1469%,21.9929%,0.010125,AVB,80381.0,2019-02-05,252.0,1.1230%,0.0009,0.4585,-0.3709,0.0944,1.0130%,1.1487%,22.2225%,0.009448,AVB,80381.0,2019-02-06,252.0,-0.2776%,0.0009,0.4427,-0.3658,0.0785,1.0114%,1.1321%,20.1825%,-0.001971,AVB,80381.0,2019-02-07,252.0,0.6805%,0.0009,0.4417,-0.3685,0.0809,1.0129%,1.1319%,19.9119%,0.010041,AVB,80381.0,2019-02-08,252.0,-0.3994%,0.001,0.4423,-0.3584,0.0898,1.0114%,1.1292%,19.7704%,-0.003749,AVB,80381.0,2019-02-11,252.0,0.2828%,0.001,0.4383,-0.3502,0.0922,1.0114%,1.1206%,18.5351%,0.004267,AVB,80381.0,2019-02-12,252.0,-0.8152%,0.0008,0.4181,-0.3352,0.0792,1.0068%,1.1069%,17.2672%,-0.013986,AVB,80381.0,2019-02-13,252.0,1.3491%,0.0009,0.4259,-0.3438,0.0804,1.0059%,1.1090%,17.7327%,0.0123659999999999,AVB,80381.0,2019-02-14,252.0,-0.1785%,0.0009,0.4257,-0.3437,0.0806,1.0058%,1.1090%,17.7446%,0.001264,AVB,80381.0,2019-02-15,252.0,0.1788%,0.001,0.4316,-0.3388,0.0897,1.0040%,1.1087%,17.9877%,-0.00265,AVB,80381.0,2019-02-19,252.0,0.1938%,0.0009,0.4294,-0.335,0.0942,1.0029%,1.1058%,17.7435%,0.001731,AVB,0.019573,0.017602,0.027643,0.028161,0.026886
32203,AVALONBAY COMMUNITIES INC,AvalonBay Raises Qtr. Dividend From $1.47 To $1.52/Share,6,increase,0.8,0.6,"raising the quarterly dividend typically signals financial strength and can attract more investors, likely leading to an increase in stock price.",2,2019-02-04,AVB,2019-02-04 21:35:00+00:00,80381.0,05348410,0.0112513117492198,754400.0,0.0112301325425505,-0.0140991145744919,-0.0027763152029365,0.0088375387713313,0.0068054855801165,0.002621506806463,-0.0039942585863173,0.0100084701552987,0.0028277791570872,0.011733204126358,-0.0081517370417714,0.0091916574165225,0.0134911639615893,5.404188777902164e-05,-0.001785107771866,0.0049448660574853,0.0017883001128211,-0.0003259142686147,0.0019380303565412,0.0040907603688538,-0.0119622852653265,0.0064777815714478,0.0093250768259167,0.0131821036338806,0.0006635170429944,0.0090358098968863,-0.0072434106841683,-0.0022957818582654,0.0015928350621834,0.0033709243871271,-0.0033857715316116,0.0126878190785646,0.0018530942033976,0.0086078280583024,-0.0019524475792422,0.0207356680184602,0.0073101581074297,-0.0028037133160978,0.0039352187886834,0.0070588057860732,-0.0049379006959497,0.0047281505540013,0.0001534699840703,-0.0278655905276536,0.0048081967979669,0.0079921521246433,0.0050906129181385,0.0042096450924873,0.0071920491755008,0.0006925407215021,0.0025645906571298,0.0263562966138124,0.0035111212637275,-0.0463172011077404,-0.0054981061257421,-0.0185709074139595,-0.0088958349078893,-0.0021573149133473,-0.003955369349569,-0.0062118899077177,0.0012218995252624,0.0113415718078613,0.0102714784443378,-0.0376136936247348,0.0045802481472492,0.0016076515894383,-0.0021043047308921,0.0150682926177978,0.0085354065522551,-0.0217645615339279,-9.951219544745982e-05,0.0025073417928069,0.0079163154587149,-0.0061502764001488,-0.0009456621482968,-0.0159649271517992,-0.0002491060295142,0.0232222434133291,0.0076241483911871,-0.0177756771445274,0.000741772877518,0.0007346349884755,-0.0031132875010371,0.0132929226383566,0.002230689395219,-0.0039192321710288,-0.003313869703561,0.0043084975332021,-0.0045158476568758,0.0086378054693341,0.0079760262742638,0.0032294855918735,0.00469830352813,-0.0035398427862674,0.0045779370702803,-0.0004288952623028,0.0002450169122312,-0.0064980089664459,-0.0303238239139318,0.0119112152606248,-0.0207638703286647,0.0161006953567266,0.0119692105799913,-0.015739532187581,-0.0127453487366437,-0.0023124101571738,0.0134779280051589,0.0092265773564577,0.0096810823306441,0.0094231152907013,0.0090330708771944,0.001756171695888,0.0028507492970675,-0.0007677509565837,-0.0125175034627318,0.0124368742108345,0.0147467209026217,0.0171683132648468,0.0011447319993749,0.0224622637033462,0.0112301325425505,-0.0140991145744919,0.008422638951905,-0.0053861772748541,0.0152854446799552,-0.0027787903687779,0.0140896675654795,0.0190195734638003,0.021368413506845,0.0374168269711603,0.021212445324884,0.0544732707711737,0.0537684473232609,0.1076293110632977,2019-02-05,2019-02-06,2019-02-07,2019-02-08,2019-02-11,2019-02-12,2019-02-13,2019-02-14,2019-02-15,2019-02-19,80381.0,2019-02-04,252.0,1.1251%,0.0009,0.4514,-0.3702,0.0925,1.0129%,1.1469%,21.9929%,0.010125,AVB,80381.0,2019-02-05,252.0,1.1230%,0.0009,0.4585,-0.3709,0.0944,1.0130%,1.1487%,22.2225%,0.009448,AVB,80381.0,2019-02-06,252.0,-0.2776%,0.0009,0.4427,-0.3658,0.0785,1.0114%,1.1321%,20.1825%,-0.001971,AVB,80381.0,2019-02-07,252.0,0.6805%,0.0009,0.4417,-0.3685,0.0809,1.0129%,1.1319%,19.9119%,0.010041,AVB,80381.0,2019-02-08,252.0,-0.3994%,0.001,0.4423,-0.3584,0.0898,1.0114%,1.1292%,19.7704%,-0.003749,AVB,80381.0,2019-02-11,252.0,0.2828%,0.001,0.4383,-0.3502,0.0922,1.0114%,1.1206%,18.5351%,0.004267,AVB,80381.0,2019-02-12,252.0,-0.8152%,0.0008,0.4181,-0.3352,0.0792,1.0068%,1.1069%,17.2672%,-0.013986,AVB,80381.0,2019-02-13,252.0,1.3491%,0.0009,0.4259,-0.3438,0.0804,1.0059%,1.1090%,17.7327%,0.0123659999999999,AVB,80381.0,2019-02-14,252.0,-0.1785%,0.0009,0.4257,-0.3437,0.0806,1.0058%,1.1090%,17.7446%,0.001264,AVB,80381.0,2019-02-15,252.0,0.1788%,0.001,0.4316,-0.3388,0.0897,1.0040%,1.1087%,17.9877%,-0.00265,AVB,80381.0,2019-02-19,252.0,0.1938%,0.0009,0.4294,-0.335,0.0942,1.0029%,1.1058%,17.7435%,0.001731,AVB,0.019573,0.017602,0.027643,0.028161,0.026886
32211,AVALONBAY COMMUNITIES INC,"AvalonBay Communities Q4 FFO $2.31, EPS $2.79, Sales $578.522M Beat $575.18M Estimate",6,increase,0.8,0.6,"the company reported better-than-expected ffo, eps, and sales, which typically signals strong performance and can lead to a positive reaction in the stock price.",2,2019-02-04,AVB,2019-02-04 21:34:00+00:00,80381.0,05348410,0.0112513117492198,754400.0,0.0112301325425505,-0.0140991145744919,-0.0027763152029365,0.0088375387713313,0.0068054855801165,0.002621506806463,-0.0039942585863173,0.0100084701552987,0.0028277791570872,0.011733204126358,-0.0081517370417714,0.0091916574165225,0.0134911639615893,5.404188777902164e-05,-0.001785107771866,0.0049448660574853,0.0017883001128211,-0.0003259142686147,0.0019380303565412,0.0040907603688538,-0.0119622852653265,0.0064777815714478,0.0093250768259167,0.0131821036338806,0.0006635170429944,0.0090358098968863,-0.0072434106841683,-0.0022957818582654,0.0015928350621834,0.0033709243871271,-0.0033857715316116,0.0126878190785646,0.0018530942033976,0.0086078280583024,-0.0019524475792422,0.0207356680184602,0.0073101581074297,-0.0028037133160978,0.0039352187886834,0.0070588057860732,-0.0049379006959497,0.0047281505540013,0.0001534699840703,-0.0278655905276536,0.0048081967979669,0.0079921521246433,0.0050906129181385,0.0042096450924873,0.0071920491755008,0.0006925407215021,0.0025645906571298,0.0263562966138124,0.0035111212637275,-0.0463172011077404,-0.0054981061257421,-0.0185709074139595,-0.0088958349078893,-0.0021573149133473,-0.003955369349569,-0.0062118899077177,0.0012218995252624,0.0113415718078613,0.0102714784443378,-0.0376136936247348,0.0045802481472492,0.0016076515894383,-0.0021043047308921,0.0150682926177978,0.0085354065522551,-0.0217645615339279,-9.951219544745982e-05,0.0025073417928069,0.0079163154587149,-0.0061502764001488,-0.0009456621482968,-0.0159649271517992,-0.0002491060295142,0.0232222434133291,0.0076241483911871,-0.0177756771445274,0.000741772877518,0.0007346349884755,-0.0031132875010371,0.0132929226383566,0.002230689395219,-0.0039192321710288,-0.003313869703561,0.0043084975332021,-0.0045158476568758,0.0086378054693341,0.0079760262742638,0.0032294855918735,0.00469830352813,-0.0035398427862674,0.0045779370702803,-0.0004288952623028,0.0002450169122312,-0.0064980089664459,-0.0303238239139318,0.0119112152606248,-0.0207638703286647,0.0161006953567266,0.0119692105799913,-0.015739532187581,-0.0127453487366437,-0.0023124101571738,0.0134779280051589,0.0092265773564577,0.0096810823306441,0.0094231152907013,0.0090330708771944,0.001756171695888,0.0028507492970675,-0.0007677509565837,-0.0125175034627318,0.0124368742108345,0.0147467209026217,0.0171683132648468,0.0011447319993749,0.0224622637033462,0.0112301325425505,-0.0140991145744919,0.008422638951905,-0.0053861772748541,0.0152854446799552,-0.0027787903687779,0.0140896675654795,0.0190195734638003,0.021368413506845,0.0374168269711603,0.021212445324884,0.0544732707711737,0.0537684473232609,0.1076293110632977,2019-02-05,2019-02-06,2019-02-07,2019-02-08,2019-02-11,2019-02-12,2019-02-13,2019-02-14,2019-02-15,2019-02-19,80381.0,2019-02-04,252.0,1.1251%,0.0009,0.4514,-0.3702,0.0925,1.0129%,1.1469%,21.9929%,0.010125,AVB,80381.0,2019-02-05,252.0,1.1230%,0.0009,0.4585,-0.3709,0.0944,1.0130%,1.1487%,22.2225%,0.009448,AVB,80381.0,2019-02-06,252.0,-0.2776%,0.0009,0.4427,-0.3658,0.0785,1.0114%,1.1321%,20.1825%,-0.001971,AVB,80381.0,2019-02-07,252.0,0.6805%,0.0009,0.4417,-0.3685,0.0809,1.0129%,1.1319%,19.9119%,0.010041,AVB,80381.0,2019-02-08,252.0,-0.3994%,0.001,0.4423,-0.3584,0.0898,1.0114%,1.1292%,19.7704%,-0.003749,AVB,80381.0,2019-02-11,252.0,0.2828%,0.001,0.4383,-0.3502,0.0922,1.0114%,1.1206%,18.5351%,0.004267,AVB,80381.0,2019-02-12,252.0,-0.8152%,0.0008,0.4181,-0.3352,0.0792,1.0068%,1.1069%,17.2672%,-0.013986,AVB,80381.0,2019-02-13,252.0,1.3491%,0.0009,0.4259,-0.3438,0.0804,1.0059%,1.1090%,17.7327%,0.0123659999999999,AVB,80381.0,2019-02-14,252.0,-0.1785%,0.0009,0.4257,-0.3437,0.0806,1.0058%,1.1090%,17.7446%,0.001264,AVB,80381.0,2019-02-15,252.0,0.1788%,0.001,0.4316,-0.3388,0.0897,1.0040%,1.1087%,17.9877%,-0.00265,AVB,80381.0,2019-02-19,252.0,0.1938%,0.0009,0.4294,-0.335,0.0942,1.0029%,1.1058%,17.7435%,0.001731,AVB,0.019573,0.017602,0.027643,0.028161,0.026886
32219,A Z Z INC,"AZZ to Acquire Tennessee Galvanizing, Terms Not Disclosed",6,uncertain,0.6,0.3,"the acquisition of tennessee galvanizing could be seen as a strategic move that may enhance azz inc's market position, but the lack of disclosed terms makes it difficult to assess the immediate financial impact.",1,2019-02-04,AZZ,2019-02-04 11:39:00+00:00,16126.0,00247410,0.020697372034192,239949.0,-0.01344502158463,-0.0067038936540484,0.02167116291821,0.0038133279886096,-0.0129018183797597,0.0136426165699958,-0.0121842985972762,0.0110344719141721,0.0011213105171918,-0.0234794542193412,0.0300179254263639,0.0099368216469883,0.0110918255522847,-0.0002258328313473,-0.0073134037666022,-0.0175244212150573,0.0175514090806245,-0.0152904540300369,0.0063883997499942,0.0117126805707812,0.022640785202384,0.0182268545031547,-0.0171736348420381,0.0118397194892168,0.0002104909799527,-0.0079060830175876,-0.0033677089959383,-0.0263910423964262,-0.0139387510716915,-0.0080715296790003,-0.0004283670568838,0.0312710776925087,-0.0139275277033448,0.0199632607400417,0.0032594026997685,0.0513872392475605,-0.0110460976138711,0.0134474132210016,-0.011169477365911,0.0222445204854011,-0.0201550349593162,-0.0147747425362467,-0.0126582579687237,0.006194251589477,0.0022893422283232,-0.002224972937256,0.0047967773862183,0.0094834305346012,-0.0102296145632863,0.0062782522290945,0.0039044134318828,0.0565136931836605,-0.0210477728396654,-0.0210389960557222,-0.0095816738903522,-0.0491479784250259,0.0271353870630264,-0.014602055773139,-0.0107970917597413,-0.0082066170871257,-0.0188109930604696,-0.0131014585494995,0.0094674918800592,-0.0120028741657733,-0.0595545321702957,0.0002354551834287,0.0122163509950041,-0.005152253434062,0.0009852442890405,0.0207984428852796,0.0044291415251791,0.0002391711168456,0.007594350259751,-0.0527746714651584,-0.0048626489005982,-0.012966644950211,0.0156364366412162,0.0020161324646323,-0.0055328253656625,-0.0512221008539199,0.0149975549429655,-0.0144533393904566,0.0092945517972111,0.0014685024507343,0.0094451364129781,-0.0134520186111331,0.0053801061585545,0.0211327131837606,-0.0086086308583617,-0.018460888415575,0.0183055326342582,0.0175178982317447,-0.004609374795109,-0.0039940848946571,0.0180597975850105,0.0067724804393947,0.0122810341417789,-0.0141873629763722,0.0206695571541786,-0.024425009265542,0.0154083371162414,0.0155022731050849,0.0130066871643066,0.006239584647119,-0.0246094092726707,0.0100841047242283,0.0267661083489656,0.0168766733258962,0.0135105559602379,-0.0141111658886075,-0.018197139725089,-0.0077324751764535,0.010344817303121,0.0016746496548876,0.0053327642381191,0.0172487515956163,0.00763845955953,0.0226481035351753,-0.0143188098445534,0.0056942249648272,-0.01344502158463,-0.0067038936540484,0.0079347720803806,-0.0029161298107424,-0.005069419287645,0.0106867031183772,-0.0160899175643953,-0.0021531271432891,0.041657470964215,-0.0138405888682195,-0.050914645806084,0.0770869672681318,0.0355005243973687,-0.0226957180949044,2019-02-05,2019-02-06,2019-02-07,2019-02-08,2019-02-11,2019-02-12,2019-02-13,2019-02-14,2019-02-15,2019-02-19,16126.0,2019-02-04,252.0,2.0697%,0.0004,1.0046,1.1619,0.4754,1.6863%,2.0576%,32.8362%,0.01002,AZZ,16126.0,2019-02-05,252.0,-1.3445%,0.0003,1.0144,1.1704,0.496,1.6873%,2.0582%,32.7976%,-0.014083,AZZ,16126.0,2019-02-06,252.0,2.1671%,0.0005,0.9651,1.1859,0.4506,1.6839%,2.0249%,30.8455%,0.023573,AZZ,16126.0,2019-02-07,252.0,-1.2902%,0.0004,0.9677,1.1845,0.4496,1.6841%,2.0262%,30.9233%,-0.004242,AZZ,16126.0,2019-02-08,252.0,-1.2184%,0.0004,0.9695,1.193,0.4625,1.6850%,2.0277%,30.9480%,-0.010645,AZZ,16126.0,2019-02-11,252.0,0.1121%,0.0003,0.9811,1.1688,0.4555,1.6848%,2.0260%,30.8433%,-0.009273,AZZ,16126.0,2019-02-12,252.0,3.0018%,0.0003,0.9803,1.182,0.4527,1.6850%,2.0291%,31.0428%,0.017116,AZZ,16126.0,2019-02-13,252.0,1.1092%,0.0004,0.9841,1.1785,0.4538,1.6851%,2.0302%,31.1040%,0.007221,AZZ,16126.0,2019-02-14,252.0,-0.7313%,0.0004,0.9873,1.1741,0.4568,1.6830%,2.0290%,31.1981%,-0.008843,AZZ,16126.0,2019-02-15,252.0,1.7551%,0.0004,0.9903,1.1768,0.4617,1.6829%,2.0289%,31.2004%,0.001167,AZZ,16126.0,2019-02-19,252.0,0.6388%,0.0005,0.9926,1.1728,0.457,1.6821%,2.0292%,31.2829%,-0.000391,AZZ,-0.004063,0.01951,0.015268,-0.00465,0.0116199999999999
32227,ALIBABA GROUP HOLDING LTD,Alibaba Analysts Stay Bullish After Q3 Print,6,increase,0.8,0.6,analysts remaining bullish after a quarterly report typically indicates positive sentiment and potential for stock price appreciation.,2,2019-02-04,BABA,2019-02-04 21:41:00+00:00,14888.0,01609W10,-0.0075608994811773,7380402.0,0.0307738743722438,-0.0030862619169056,-0.0018040945287793,0.0100107789039611,-0.0265858061611652,0.0633605420589447,0.0023957467637956,-0.01283660531044,0.0005377409979701,-0.0018215471645817,0.007524692453444,0.021493686363101,0.0040897820144891,0.0251924078911542,-0.0060211867094039,-0.0007886632811278,-0.0132439183071255,-0.0310152228921651,0.024255184456706,0.0067320833913981,0.0031144320964813,0.0072978874668478,0.0055649750865995,0.026245966553688,0.0306419339030981,0.0107858283445239,0.0357788950204849,-0.0135474689304828,0.0015825008740648,-0.0024391529150307,0.0056663863360881,-0.0015139266615733,-0.0083974590525031,0.0349479205906391,0.0046440809965133,0.0257860720157623,0.0183271430432796,0.0239714216440916,-0.0120160216465592,0.0700612068176269,-0.0044864965602755,-0.0446231961250305,-0.0371938459575176,-0.0026994261424988,-0.0129145523533225,-0.0145228924229741,0.0307376161217689,0.0046226033009588,0.0012194513110443,0.0032608474139124,0.0003874885733239,0.0463264882564544,-0.0018815514631569,-0.0008333379519172,0.0033821279648691,-0.0230182856321334,0.0047521721571683,-0.0148023832589387,0.0017048757290467,-0.0261327065527439,-0.0047216461971402,-0.0219474136829376,0.0012135989964008,-0.0336913056671619,-0.028870552778244,-0.0163717698305845,0.0142403822392225,-0.0001320414012297,-0.0038597215898334,-0.002173495478928,-0.0058962432667613,0.0026415451429784,0.003954114858061,-0.0106494510546326,0.026557145640254,-0.017775809392333,-0.0085502741858363,-0.0158519297838211,0.0046990220434963,-0.032979167997837,-0.0188180804252624,0.0179037973284721,0.015421712771058,0.0293063856661319,0.0236372593790292,-0.0192042030394077,0.0062044449150562,0.0184071939438581,0.0036997450515627,0.0028845088090747,-0.0053421654738485,0.0377834923565387,-0.0064987740479409,0.0061575407162308,0.0212455838918685,0.0234964247792959,-0.0309141725301742,-0.0237410757690668,0.0148030333220958,-0.0296561140567064,0.0095274206250905,-0.0135705741122365,-0.0032524692360311,0.0384206250309944,-0.008344910107553,0.0235406644642353,0.0103030987083911,0.0291274897754192,-0.0086496621370315,-0.0140144890174269,0.0119028743356466,-0.0277870949357748,-0.0042048571631312,-0.023016357794404,-0.0008017205400392,0.0343190282583236,-0.007328528445214,0.0193584281951189,0.0201540663838386,-0.0199877843260765,0.0307738743722438,-0.0030862619169056,0.02891426086508,0.0068936211013657,0.0015597457692624,0.0706909467300418,0.0044990993268161,0.0550216309910434,0.0208757979113565,0.0769378684812804,0.0926214932230011,0.1927992630181436,0.1356328820049785,0.13808526571108,2019-02-05,2019-02-06,2019-02-07,2019-02-08,2019-02-11,2019-02-12,2019-02-13,2019-02-14,2019-02-15,2019-02-19,14888.0,2019-02-04,252.0,-0.7561%,-0.0006,1.2473,0.2087,-0.7989,1.5863%,2.3039%,52.5911%,-0.021461,BABA,14888.0,2019-02-05,252.0,3.0774%,-0.0006,1.2464,0.2006,-0.8146,1.5920%,2.3066%,52.3657%,0.020684,BABA,14888.0,2019-02-06,252.0,-0.1804%,-0.0006,1.2606,0.196,-0.8003,1.5911%,2.2953%,51.9484%,0.001428,BABA,14888.0,2019-02-07,252.0,-2.6586%,-0.0006,1.2607,0.2007,-0.8034,1.5923%,2.2957%,51.8902%,-0.011586,BABA,14888.0,2019-02-08,252.0,0.2396%,-0.0006,1.2607,0.2202,-0.7901,1.5873%,2.2898%,51.9466%,-0.004483,BABA,14888.0,2019-02-11,252.0,0.0538%,-0.0006,1.2775,0.2037,-0.7903,1.5852%,2.2781%,51.5820%,-0.000963,BABA,14888.0,2019-02-12,252.0,0.7525%,-0.0007,1.2703,0.2052,-0.7942,1.5865%,2.2760%,51.4135%,-0.011333,BABA,14888.0,2019-02-13,252.0,0.4090%,-0.0006,1.2768,0.1948,-0.7957,1.5841%,2.2760%,51.5562%,0.000866,BABA,14888.0,2019-02-14,252.0,-0.6021%,-0.0007,1.2785,0.19,-0.7899,1.5847%,2.2754%,51.4949%,-0.009068,BABA,14888.0,2019-02-15,252.0,-1.3244%,-0.0009,1.2407,0.1535,-0.8547,1.5824%,2.2614%,51.0383%,-0.024474,BABA,14888.0,2019-02-19,252.0,2.4255%,-0.0007,1.2507,0.1618,-0.8462,1.5869%,2.2665%,50.9784%,0.023917,BABA,-0.0007769999999999,0.000651,-0.010935,-0.016381,-0.036473
32235,ALIBABA GROUP HOLDING LTD,A New Fintech ETF Is Here,6,increase,0.7,0.6,"the introduction of a new fintech etf could attract more investment into the sector, potentially benefiting alibaba as a major player in fintech.",2,2019-02-04,BABA,2019-02-04 19:30:00+00:00,14888.0,01609W10,-0.0075608994811773,7380402.0,0.0307738743722438,-0.0030862619169056,-0.0018040945287793,0.0100107789039611,-0.0265858061611652,0.0633605420589447,0.0023957467637956,-0.01283660531044,0.0005377409979701,-0.0018215471645817,0.007524692453444,0.021493686363101,0.0040897820144891,0.0251924078911542,-0.0060211867094039,-0.0007886632811278,-0.0132439183071255,-0.0310152228921651,0.024255184456706,0.0067320833913981,0.0031144320964813,0.0072978874668478,0.0055649750865995,0.026245966553688,0.0306419339030981,0.0107858283445239,0.0357788950204849,-0.0135474689304828,0.0015825008740648,-0.0024391529150307,0.0056663863360881,-0.0015139266615733,-0.0083974590525031,0.0349479205906391,0.0046440809965133,0.0257860720157623,0.0183271430432796,0.0239714216440916,-0.0120160216465592,0.0700612068176269,-0.0044864965602755,-0.0446231961250305,-0.0371938459575176,-0.0026994261424988,-0.0129145523533225,-0.0145228924229741,0.0307376161217689,0.0046226033009588,0.0012194513110443,0.0032608474139124,0.0003874885733239,0.0463264882564544,-0.0018815514631569,-0.0008333379519172,0.0033821279648691,-0.0230182856321334,0.0047521721571683,-0.0148023832589387,0.0017048757290467,-0.0261327065527439,-0.0047216461971402,-0.0219474136829376,0.0012135989964008,-0.0336913056671619,-0.028870552778244,-0.0163717698305845,0.0142403822392225,-0.0001320414012297,-0.0038597215898334,-0.002173495478928,-0.0058962432667613,0.0026415451429784,0.003954114858061,-0.0106494510546326,0.026557145640254,-0.017775809392333,-0.0085502741858363,-0.0158519297838211,0.0046990220434963,-0.032979167997837,-0.0188180804252624,0.0179037973284721,0.015421712771058,0.0293063856661319,0.0236372593790292,-0.0192042030394077,0.0062044449150562,0.0184071939438581,0.0036997450515627,0.0028845088090747,-0.0053421654738485,0.0377834923565387,-0.0064987740479409,0.0061575407162308,0.0212455838918685,0.0234964247792959,-0.0309141725301742,-0.0237410757690668,0.0148030333220958,-0.0296561140567064,0.0095274206250905,-0.0135705741122365,-0.0032524692360311,0.0384206250309944,-0.008344910107553,0.0235406644642353,0.0103030987083911,0.0291274897754192,-0.0086496621370315,-0.0140144890174269,0.0119028743356466,-0.0277870949357748,-0.0042048571631312,-0.023016357794404,-0.0008017205400392,0.0343190282583236,-0.007328528445214,0.0193584281951189,0.0201540663838386,-0.0199877843260765,0.0307738743722438,-0.0030862619169056,0.02891426086508,0.0068936211013657,0.0015597457692624,0.0706909467300418,0.0044990993268161,0.0550216309910434,0.0208757979113565,0.0769378684812804,0.0926214932230011,0.1927992630181436,0.1356328820049785,0.13808526571108,2019-02-05,2019-02-06,2019-02-07,2019-02-08,2019-02-11,2019-02-12,2019-02-13,2019-02-14,2019-02-15,2019-02-19,14888.0,2019-02-04,252.0,-0.7561%,-0.0006,1.2473,0.2087,-0.7989,1.5863%,2.3039%,52.5911%,-0.021461,BABA,14888.0,2019-02-05,252.0,3.0774%,-0.0006,1.2464,0.2006,-0.8146,1.5920%,2.3066%,52.3657%,0.020684,BABA,14888.0,2019-02-06,252.0,-0.1804%,-0.0006,1.2606,0.196,-0.8003,1.5911%,2.2953%,51.9484%,0.001428,BABA,14888.0,2019-02-07,252.0,-2.6586%,-0.0006,1.2607,0.2007,-0.8034,1.5923%,2.2957%,51.8902%,-0.011586,BABA,14888.0,2019-02-08,252.0,0.2396%,-0.0006,1.2607,0.2202,-0.7901,1.5873%,2.2898%,51.9466%,-0.004483,BABA,14888.0,2019-02-11,252.0,0.0538%,-0.0006,1.2775,0.2037,-0.7903,1.5852%,2.2781%,51.5820%,-0.000963,BABA,14888.0,2019-02-12,252.0,0.7525%,-0.0007,1.2703,0.2052,-0.7942,1.5865%,2.2760%,51.4135%,-0.011333,BABA,14888.0,2019-02-13,252.0,0.4090%,-0.0006,1.2768,0.1948,-0.7957,1.5841%,2.2760%,51.5562%,0.000866,BABA,14888.0,2019-02-14,252.0,-0.6021%,-0.0007,1.2785,0.19,-0.7899,1.5847%,2.2754%,51.4949%,-0.009068,BABA,14888.0,2019-02-15,252.0,-1.3244%,-0.0009,1.2407,0.1535,-0.8547,1.5824%,2.2614%,51.0383%,-0.024474,BABA,14888.0,2019-02-19,252.0,2.4255%,-0.0007,1.2507,0.1618,-0.8462,1.5869%,2.2665%,50.9784%,0.023917,BABA,-0.0007769999999999,0.000651,-0.010935,-0.016381,-0.036473
32243,BALCHEM CORP,Balchem Corporation Appoints Martin Bengtsson As CFO Effective Immediately,6,uncertain,0.6,0.2,the appointment of a new cfo can have mixed effects on stock price depending on investor perception of the candidate's experience and the company's future direction.,1,2019-02-04,BCPC,2019-02-04 17:49:00+00:00,10318.0,05766520,0.017650606110692,73870.0,0.0072658513672649,0.0099976137280464,-0.0349040143191814,0.0113290334120392,-0.0270041953772306,0.0120823048055172,0.0227977205067873,-0.0100689204409718,0.0048454739153385,-0.0055225370451807,0.0122966160997748,0.0122865214943885,0.0014290236867964,0.0099268285557627,-0.0057081193663179,-0.0094641624018549,0.0332495979964733,-0.0277246609330177,0.0107651380822062,0.0022757509723305,0.00687126070261,0.0156934428960084,-0.0177433751523494,0.015190758742392,0.0054423483088612,0.0072148507460951,-0.0066797398030757,-0.0186767429113388,-0.0227246265858411,0.0116077400743961,-0.0052201026119291,0.0174645949155092,0.0581992231309413,0.0164750088006258,0.0206243004649877,-0.0183049030601978,0.0073984740301966,0.0032704670447856,0.0326646454632282,0.0431701987981796,-0.0136928241699934,-0.0302837174385786,-0.0178647879511117,0.0030631509143859,0.0002191172825405,-0.0047002378851175,0.0333041287958622,0.0101373139768838,-0.01155636459589,0.0294584333896637,0.0028960274066776,0.0314756445586681,-0.0043850657530128,-0.0287968907505273,-0.0029003829695284,-0.0124659016728401,0.0189614538103342,-0.0139564191922545,-0.0056037087924778,-0.0102649237960577,0.0034024422056972,0.0183250196278095,0.0114442529156804,-0.0267521329224109,-0.0491356216371059,-0.0031300862319767,0.0042970404028892,-0.0124875688925385,0.0095446528866887,0.024705396965146,-0.0014127065660431,0.0038153766654431,0.0117532033473253,-0.0293791480362415,-0.0018285270780324,-0.0092942956835031,0.0107758613303303,-0.0041408352553844,0.008102286607027,-0.0460090525448322,0.0009518186561763,-0.0072664045728743,0.0126782562583684,0.0017330317059531,0.0067814453504979,-0.0118734249845147,-0.0033160590101033,0.0295015797019004,-0.006654183845967,0.0007057773764245,0.0218756161630153,-0.0118550006300211,-0.0163883902132511,0.0082025378942489,0.0192647967487573,-0.0038520116358995,-0.0071515832096338,-0.0344867035746574,0.0123481880873441,-0.0194496028125286,-0.0039642141200602,-0.0061505236662924,-0.0001530706213088,0.0,-0.0088287610560655,0.0280004888772964,0.0187416300177574,-0.0200265273451805,0.0020216004922986,0.0028849812224507,-0.0048420834355056,-0.0022143151145428,0.0139888217672705,0.0025530399288982,0.0050984919071197,-0.0129286767914891,0.0096479132771492,-0.0364231914281845,-0.019899558275938,0.0049867504276335,0.0072658513672649,0.0099976137280464,-0.0278917703320805,0.0214399104400513,-0.0541427708938468,0.0337812587785082,-0.0278917707763851,0.0177205866586294,0.0233211993633375,0.0043119024973923,0.1021915042387091,0.0694079577707968,0.1659439317132705,-0.1046473690772606,2019-02-05,2019-02-06,2019-02-07,2019-02-08,2019-02-11,2019-02-12,2019-02-13,2019-02-14,2019-02-15,2019-02-19,10318.0,2019-02-04,252.0,1.7651%,0.0005,0.8486,0.7655,0.3201,1.1398%,1.4931%,41.7228%,0.009278,BCPC,10318.0,2019-02-05,252.0,0.7266%,0.0005,0.855,0.7657,0.3233,1.1394%,1.4920%,41.6809%,0.00605,BCPC,10318.0,2019-02-06,252.0,-3.4904%,0.0004,0.8314,0.7739,0.2954,1.1551%,1.4816%,39.2187%,-0.033273,BCPC,10318.0,2019-02-07,252.0,-2.7004%,0.0004,0.8478,0.7614,0.2922,1.1553%,1.4904%,39.9157%,-0.019518,BCPC,10318.0,2019-02-08,252.0,2.2798%,0.0005,0.8438,0.7571,0.2724,1.1644%,1.4970%,39.5013%,0.02357,BCPC,10318.0,2019-02-11,252.0,0.4845%,0.0006,0.8217,0.7746,0.2703,1.1597%,1.4759%,38.2631%,-0.002059,BCPC,10318.0,2019-02-12,252.0,1.2297%,0.0005,0.8209,0.7762,0.2696,1.1596%,1.4766%,38.3279%,0.001326,BCPC,10318.0,2019-02-13,252.0,0.1429%,0.0005,0.8175,0.781,0.2699,1.1590%,1.4743%,38.2015%,-0.0016239999999999,BCPC,10318.0,2019-02-14,252.0,-0.5708%,0.0005,0.82,0.7775,0.2724,1.1574%,1.4736%,38.3110%,-0.0065869999999999,BCPC,10318.0,2019-02-15,252.0,3.3250%,0.0006,0.8278,0.7867,0.2879,1.1635%,1.4811%,38.2862%,0.020633,BCPC,10318.0,2019-02-19,252.0,1.0765%,0.0006,0.827,0.7926,0.2946,1.1634%,1.4802%,38.2227%,0.005947,BCPC,0.015328,-0.017945,-0.037463,-0.015952,0.0037429999999999
32251,BIOLINERX LTD,"BioLineRx 6-K Shows Co. Commenced Offering OF ADSs, No Size Disclosed",6,uncertain,0.6,0.3,"the announcement of an offering of adss can lead to uncertainty as it may dilute existing shares, but the market's reaction will depend on investor sentiment and the perceived use of the raised funds.",1,2019-02-04,BLRX,2019-02-04 21:40:00+00:00,12912.0,09071M20,0.1452418267726898,8603688.0,-0.4022612571716309,-0.0287879593670368,-0.0202826261520385,0.021671824157238,-0.0507094264030456,-0.0032402265351265,-0.0320999696850776,0.040122028440237,0.0377215147018432,0.0302579328417778,-0.0004879321204498,-0.0085246367380023,-0.0065901903435587,0.0338983759284019,-0.0046683470718562,-0.0166667494922876,0.0004937136545777,0.034482829272747,-0.0130766974762082,-0.0063389032147824,-0.0050000101327896,-0.0463976524770259,0.0298995170742273,0.0240923631936311,0.0121980849653482,0.0867272466421127,0.0147023350000381,-0.0831805244088172,-0.0266033504158258,0.017961548641324,0.02489017508924,0.0338859744369983,-0.0238095019012689,0.0857143178582191,0.0,0.0282021276652813,0.0,0.0418281480669975,0.0,-0.0735349506139755,0.0107317436486482,0.0579999685287475,0.0135134542360901,0.1433798372745514,0.0123809492215514,0.0055185351520776,0.0232831705361604,-0.0335555598139762,-0.0257411655038595,-0.0415335819125175,-0.0023590868804603,0.0206521674990654,-0.0042563271708786,-0.0416666269302368,-0.002612215001136,0.0389609895646572,0.0476190745830535,-0.0759999752044677,0.0,-0.0860903039574623,-0.0013636595103889,-0.1070670485496521,0.0498406887054443,-0.0101777575910091,-0.0307023357599973,-0.03281245008111,-0.0175270605832338,-0.0052844695746898,-0.0220805834978818,-0.0131901782006025,0.0412010848522186,-0.0194014050066471,-0.0409121327102184,0.0151145551353693,0.0023310417309403,-0.0250075105577707,0.0069767236709594,0.01633888669312,-0.0020785226952284,-0.030080709606409,-0.0062485560774803,-0.0032177963294088,-0.0055892192758619,0.0128889083862304,-0.0283371936529874,0.0228822585195303,0.012292074970901,0.0156995896250009,-0.024047564715147,0.0105770668014884,-0.0034155249595642,-0.0101372608914971,0.0080783627927303,-0.0301867201924324,0.0026712086983025,-0.0004477465117815,-0.0072656604461371,0.0468750484287738,-0.0226885173469781,-0.0447761639952659,-0.0511731766164302,0.0276073720306158,-0.0134175522252917,-0.0268656816333532,0.0122666358947753,0.0060060182586312,-0.025289736688137,-0.020444156602025,0.0,-0.0273247640579938,-0.0213513504713773,-0.0186719093471765,0.0082849794998765,-0.0370420664548873,0.0545055978000164,0.0474370084702968,0.0098701426759362,0.001986370421946,-0.0120884906500577,0.002275351434946,-0.4022612571716308,-0.0287879593670368,-0.4143849686290082,-0.0077400228030469,-0.4440811709628327,-0.0109551699109046,-0.4416291878230958,0.0598544768970616,-0.4551150940394649,0.0981668177945209,-0.4006266159015519,0.1716321805698266,-0.4767742902788827,-0.088452799624905,2019-02-05,2019-02-06,2019-02-07,2019-02-08,2019-02-11,2019-02-12,2019-02-13,2019-02-14,2019-02-15,2019-02-19,12912.0,2019-02-04,252.0,14.5242%,-0.0006,0.9489,1.6162,0.6006,3.8887%,4.0802%,9.1649%,0.133994,BLRX,12912.0,2019-02-05,252.0,-40.2261%,-0.0021,0.9558,1.7637,0.8831,4.6341%,4.7997%,6.7787%,-0.401545,BLRX,12912.0,2019-02-06,252.0,-2.0283%,-0.0019,0.8321,1.8038,0.7589,4.6114%,4.7581%,6.0752%,-0.018722,BLRX,12912.0,2019-02-07,252.0,-5.0709%,-0.0022,0.8225,1.8341,0.7456,4.6135%,4.7620%,6.1383%,-0.043685,BLRX,12912.0,2019-02-08,252.0,-3.2100%,-0.0024,0.8279,1.8121,0.7539,4.6124%,4.7593%,6.0779%,-0.028712,BLRX,12912.0,2019-02-11,252.0,3.7722%,-0.0022,0.8121,1.8613,0.7723,4.6139%,4.7628%,6.1551%,0.022768,BLRX,12912.0,2019-02-12,252.0,-0.0488%,-0.0022,0.8132,1.8538,0.7742,4.6138%,4.7626%,6.1481%,-0.0106909999999999,BLRX,12912.0,2019-02-13,252.0,-0.6590%,-0.0023,0.8053,1.8636,0.7739,4.6133%,4.7618%,6.1405%,-0.010621,BLRX,12912.0,2019-02-14,252.0,-0.4668%,-0.0023,0.8074,1.8608,0.7759,4.6130%,4.7615%,6.1427%,-0.008279,BLRX,12912.0,2019-02-15,252.0,0.0494%,-0.0025,0.7804,1.8349,0.7299,4.6119%,4.7543%,5.9004%,-0.017106,BLRX,12912.0,2019-02-19,252.0,-1.3077%,-0.0026,0.7763,1.8229,0.7167,4.6136%,4.7548%,5.8506%,-0.02217,BLRX,-0.267551,-0.286273,-0.329958,-0.335902,-0.404769
32259,BIOLINERX LTD,BioLine Receives Orphan Drug Designation From the FDA for BL-8040 for the Treatment of Pancreatic Cancer,6,increase,0.8,0.6,receiving orphan drug designation from the fda is a positive development that can enhance investor confidence and potentially lead to increased stock value for biolinerx ltd.,2,2019-02-04,BLRX,2019-02-04 12:17:00+00:00,12912.0,09071M20,0.1452418267726898,8603688.0,-0.4022612571716309,-0.0287879593670368,-0.0202826261520385,0.021671824157238,-0.0507094264030456,-0.0032402265351265,-0.0320999696850776,0.040122028440237,0.0377215147018432,0.0302579328417778,-0.0004879321204498,-0.0085246367380023,-0.0065901903435587,0.0338983759284019,-0.0046683470718562,-0.0166667494922876,0.0004937136545777,0.034482829272747,-0.0130766974762082,-0.0063389032147824,-0.0050000101327896,-0.0463976524770259,0.0298995170742273,0.0240923631936311,0.0121980849653482,0.0867272466421127,0.0147023350000381,-0.0831805244088172,-0.0266033504158258,0.017961548641324,0.02489017508924,0.0338859744369983,-0.0238095019012689,0.0857143178582191,0.0,0.0282021276652813,0.0,0.0418281480669975,0.0,-0.0735349506139755,0.0107317436486482,0.0579999685287475,0.0135134542360901,0.1433798372745514,0.0123809492215514,0.0055185351520776,0.0232831705361604,-0.0335555598139762,-0.0257411655038595,-0.0415335819125175,-0.0023590868804603,0.0206521674990654,-0.0042563271708786,-0.0416666269302368,-0.002612215001136,0.0389609895646572,0.0476190745830535,-0.0759999752044677,0.0,-0.0860903039574623,-0.0013636595103889,-0.1070670485496521,0.0498406887054443,-0.0101777575910091,-0.0307023357599973,-0.03281245008111,-0.0175270605832338,-0.0052844695746898,-0.0220805834978818,-0.0131901782006025,0.0412010848522186,-0.0194014050066471,-0.0409121327102184,0.0151145551353693,0.0023310417309403,-0.0250075105577707,0.0069767236709594,0.01633888669312,-0.0020785226952284,-0.030080709606409,-0.0062485560774803,-0.0032177963294088,-0.0055892192758619,0.0128889083862304,-0.0283371936529874,0.0228822585195303,0.012292074970901,0.0156995896250009,-0.024047564715147,0.0105770668014884,-0.0034155249595642,-0.0101372608914971,0.0080783627927303,-0.0301867201924324,0.0026712086983025,-0.0004477465117815,-0.0072656604461371,0.0468750484287738,-0.0226885173469781,-0.0447761639952659,-0.0511731766164302,0.0276073720306158,-0.0134175522252917,-0.0268656816333532,0.0122666358947753,0.0060060182586312,-0.025289736688137,-0.020444156602025,0.0,-0.0273247640579938,-0.0213513504713773,-0.0186719093471765,0.0082849794998765,-0.0370420664548873,0.0545055978000164,0.0474370084702968,0.0098701426759362,0.001986370421946,-0.0120884906500577,0.002275351434946,-0.4022612571716308,-0.0287879593670368,-0.4143849686290082,-0.0077400228030469,-0.4440811709628327,-0.0109551699109046,-0.4416291878230958,0.0598544768970616,-0.4551150940394649,0.0981668177945209,-0.4006266159015519,0.1716321805698266,-0.4767742902788827,-0.088452799624905,2019-02-05,2019-02-06,2019-02-07,2019-02-08,2019-02-11,2019-02-12,2019-02-13,2019-02-14,2019-02-15,2019-02-19,12912.0,2019-02-04,252.0,14.5242%,-0.0006,0.9489,1.6162,0.6006,3.8887%,4.0802%,9.1649%,0.133994,BLRX,12912.0,2019-02-05,252.0,-40.2261%,-0.0021,0.9558,1.7637,0.8831,4.6341%,4.7997%,6.7787%,-0.401545,BLRX,12912.0,2019-02-06,252.0,-2.0283%,-0.0019,0.8321,1.8038,0.7589,4.6114%,4.7581%,6.0752%,-0.018722,BLRX,12912.0,2019-02-07,252.0,-5.0709%,-0.0022,0.8225,1.8341,0.7456,4.6135%,4.7620%,6.1383%,-0.043685,BLRX,12912.0,2019-02-08,252.0,-3.2100%,-0.0024,0.8279,1.8121,0.7539,4.6124%,4.7593%,6.0779%,-0.028712,BLRX,12912.0,2019-02-11,252.0,3.7722%,-0.0022,0.8121,1.8613,0.7723,4.6139%,4.7628%,6.1551%,0.022768,BLRX,12912.0,2019-02-12,252.0,-0.0488%,-0.0022,0.8132,1.8538,0.7742,4.6138%,4.7626%,6.1481%,-0.0106909999999999,BLRX,12912.0,2019-02-13,252.0,-0.6590%,-0.0023,0.8053,1.8636,0.7739,4.6133%,4.7618%,6.1405%,-0.010621,BLRX,12912.0,2019-02-14,252.0,-0.4668%,-0.0023,0.8074,1.8608,0.7759,4.6130%,4.7615%,6.1427%,-0.008279,BLRX,12912.0,2019-02-15,252.0,0.0494%,-0.0025,0.7804,1.8349,0.7299,4.6119%,4.7543%,5.9004%,-0.017106,BLRX,12912.0,2019-02-19,252.0,-1.3077%,-0.0026,0.7763,1.8229,0.7167,4.6136%,4.7548%,5.8506%,-0.02217,BLRX,-0.267551,-0.286273,-0.329958,-0.335902,-0.404769
32267,BRISTOL MYERS SQUIBB CO,Bristol-Myers shares are trading higher after a media report that hedge fund Starboard Value acquired a stake in the company.,6,increase,0.8,0.6,"the acquisition of a stake by a prominent hedge fund like starboard value typically signals confidence in the company's future prospects, which can lead to an increase in stock price.",2,2019-02-04,BMY,2019-02-04 12:27:00+00:00,19393.0,11012210,0.0192423146218061,26142066.0,-0.0137659190222621,0.010532721877098,0.0197407342493534,0.0104379514232277,-0.0213140435516834,0.0111755160614848,0.0033966430928558,0.0,-0.0023895408958196,-0.0124668013304472,-0.0077844192273914,-0.001835988368839,0.0255481898784637,-0.0188150256872177,-0.0029422855004668,0.0048269880935549,0.0165256019681692,-0.0079808002337813,-0.0059995660558342,0.0104838805273175,-0.0011682510375976,0.0095664029940962,-0.0228069815784692,-0.0118664549663662,0.0169558841735124,0.0364811345934867,-0.0064730877056717,-0.0004167630104348,-0.0096742678433656,0.0056580146774649,0.0159489475190639,0.0114455474540591,0.0137362787500023,-0.0168785452842712,0.0301974713802337,-0.0086758555844426,-0.0031943251378834,0.0324163027107715,0.0141376061365008,0.0392287336289882,-0.0169144961982965,-0.1316040754318237,-0.0260919090360403,0.0086571909487247,-0.0023296240251511,0.0204161945730447,-0.0095348879694938,0.0105137629434466,-0.0102161187678575,0.0075954641215503,0.011710999533534,0.0260459501296281,-0.0211889706552028,-0.0212766230106353,0.0014030806487426,-0.0047942805103957,-0.0020015707705169,-0.0065488792024552,-0.005214643664658,-0.0226920470595359,-0.0082661258056759,0.0125687988474965,-0.0054889298044145,-0.0230238065123558,-0.0155355343595147,-0.0283370707184076,-0.0139119224622845,0.0037425293121486,0.0178984720259904,0.0192637480795383,-0.0074472613632678,-0.002852824749425,-0.00291786971502,-0.0094197439029812,-0.0027174137067049,-0.0031924538780003,-0.0129951573908329,0.023448035120964,-0.0082820001989603,-0.0234609618782997,0.0038543962873518,-0.0033670091070234,0.0042661493644118,0.031648002564907,-0.0006427851039916,-0.0034615444019436,0.0032161562703549,0.0166177600622177,-0.0173114202916622,-0.0299639292061328,-0.0019573760218918,-0.0037785898894071,0.0043582646176218,-0.0050751962698996,-0.0112822838127613,-0.005979067645967,0.0204081702977418,0.0007479602936655,-0.0103225708007812,-0.0109117841348052,-0.0047805565409362,0.0150178195908665,-0.0061135105788707,0.0129302209243178,-0.0061511155217885,0.0,0.0017683026380836,-0.004919552244246,-0.0154457362368702,-0.0101142711937427,0.0228597149252891,0.0109827304258942,0.0054776514880359,-0.003396872896701,0.0093702403828501,0.0319377444684505,0.0023747973609715,-0.0130693893879652,0.0032307025976479,0.0264351982623338,-0.013765919022262,0.010532721877098,0.0057030658779746,0.0210806133396332,-0.01573253306821,0.0324917161340811,-0.0147492638655628,0.0196198470337052,0.0100295412160793,0.0058467928576551,-0.0245821057706636,-0.0235969334665273,-0.0759250226584408,-0.0068387291184177,2019-02-05,2019-02-06,2019-02-07,2019-02-08,2019-02-11,2019-02-12,2019-02-13,2019-02-14,2019-02-15,2019-02-19,19393.0,2019-02-04,252.0,1.9242%,-0.0005,0.8356,-0.1296,0.0712,1.6006%,1.8531%,25.3967%,0.014152,BMY,19393.0,2019-02-05,252.0,-1.3766%,-0.0007,0.8615,-0.1146,0.1112,1.5929%,1.8536%,26.1458%,-0.017136,BMY,19393.0,2019-02-06,252.0,1.9741%,-0.0006,0.8553,-0.113,0.108,1.5989%,1.8415%,24.6093%,0.0214469999999999,BMY,19393.0,2019-02-07,252.0,-2.1314%,-0.0006,0.8675,-0.1229,0.106,1.5982%,1.8462%,25.0565%,-0.014028,BMY,19393.0,2019-02-08,252.0,0.3397%,-0.0007,0.8678,-0.1537,0.0867,1.5849%,1.8373%,25.5808%,0.003309,BMY,19393.0,2019-02-11,252.0,-0.2390%,-0.0008,0.913,-0.1997,0.0856,1.5692%,1.8373%,27.0563%,-0.002889,BMY,19393.0,2019-02-12,252.0,-0.7784%,-0.0009,0.9104,-0.2103,0.0861,1.5718%,1.8378%,26.8557%,-0.020116,BMY,19393.0,2019-02-13,252.0,2.5548%,-0.0008,0.9163,-0.2106,0.0919,1.5786%,1.8445%,26.7541%,0.022965,BMY,19393.0,2019-02-14,252.0,-0.2942%,-0.0008,0.9153,-0.2103,0.0925,1.5775%,1.8431%,26.7425%,0.0005099999999999,BMY,19393.0,2019-02-15,252.0,1.6526%,-0.0008,0.9116,-0.2129,0.0874,1.5768%,1.8401%,26.5699%,0.0061639999999999,BMY,19393.0,2019-02-19,252.0,-0.6000%,-0.001,0.8958,-0.1969,0.1068,1.5507%,1.8057%,26.2551%,-0.007476,BMY,-0.0029839999999999,0.018463,0.004435,0.004855,0.0069019999999999
32275,B P PLC,BP Q4 Earnings Preview,6,uncertain,0.5,0.5,the impact on bp plc's stock price is uncertain as it depends on the actual earnings results compared to market expectations.,1,2019-02-04,BP,2019-02-04 18:30:00+00:00,29890.0,05562210,0.0012094639241695,8271797.0,0.0345494151115417,0.0053502242080867,0.0051378146745264,0.0110646858811378,-0.0078996317461133,0.0116914771497249,-0.0049180113710463,0.0159211792051792,-0.0065898466855287,-0.0134629998356103,0.004975102841854,0.0,0.0051862620748579,-0.000249210424954,-0.0036350949667394,0.0009979315800592,0.0100310957059264,-0.0166829377412796,0.0021281661465764,0.0156989097595214,0.0023595674429088,0.0002493055071681,-0.004472660832107,-0.0029821754433214,0.0040198196657001,-0.0044531542807817,0.0011775610037148,0.0044730734080076,0.0002352890296606,-0.0113021889701485,0.0075258631259202,0.0084241861477494,-0.0044350754469633,0.0082438634708523,-0.0016412589466199,-0.0032370784319937,0.0014090548502281,0.0032475912012159,0.0023452695459127,0.031435128301382,-0.0009359128307551,0.0057009905576705,-0.0016393370460718,0.0176688302308321,-0.008913935162127,-0.00550755020231,0.0018935344414785,0.0106016835197806,0.0030710429418832,-0.0086705684661865,0.0322657264769077,0.0384720265865325,0.0027378262020647,-0.0270771626383066,-0.0018202918581664,0.0110037541016936,0.0084340721368789,-0.0103586502373218,0.005198904313147,-0.0044949278235435,0.0013491692952811,-0.0153605872765183,0.0,-0.0064666322432458,-0.0130248824134469,-0.0160346403717994,-0.009556358680129,0.0061460100114345,0.0066620935685932,-0.0007677224348299,-0.0052487342618405,-0.0073659410700201,0.0009176626335829,-0.0035433913581073,0.0020628042984753,-0.0020207585766911,0.0084629217162728,-0.0332112461328506,0.0031753093935549,-0.0058266054838895,0.0,0.0208178479224443,-0.0018086822237819,-0.0032114889472723,0.0086069591343402,-0.0088149020448327,0.0157197564840316,0.0128968367353081,-0.0053061656653881,-0.0051813246682286,0.0011113410582765,0.0160441063344478,-0.0037744666915386,-0.0334383584558963,-0.0044573382474482,0.0291771087795496,0.0,-0.0200390946120023,-0.0042533832602202,0.0019588153809309,0.0031474684365093,-0.0077745309099555,-0.0051546292379498,0.0205801632255315,0.0146429724991321,0.0130620561540126,-0.0004440599004738,-0.025935836136341,-0.0197689775377512,-0.008971937932074,-0.0038522996474057,-0.0007268906920216,-0.0147861177101731,-0.0285316668450832,-0.0066959341056644,0.0105485413223505,0.0165039300918579,0.0011734155705198,-0.0148638859391212,0.0242788977921009,0.0345494151115417,0.0053502242080867,0.0398647382780246,0.0164741086394806,0.0316501897798597,0.0283581924539262,0.0198115405218983,0.0306656560253786,0.0389585100247058,0.0301519805062397,0.0901954932449791,0.0930724581099307,0.056119239845118,0.0084383720739598,2019-02-05,2019-02-06,2019-02-07,2019-02-08,2019-02-11,2019-02-12,2019-02-13,2019-02-14,2019-02-15,2019-02-19,29890.0,2019-02-04,252.0,0.1209%,0.0004,0.8233,0.0204,0.5665,1.1465%,1.4335%,36.0343%,-0.002317,BP,29890.0,2019-02-05,252.0,3.4549%,0.0006,0.7948,-0.0018,0.5119,1.1479%,1.4134%,34.0430%,0.034325,BP,29890.0,2019-02-06,252.0,0.5138%,0.0006,0.7959,-0.0022,0.5137,1.1484%,1.3972%,32.4412%,0.006428,BP,29890.0,2019-02-07,252.0,-0.7900%,0.0006,0.7927,0.0032,0.5123,1.1478%,1.3930%,32.0999%,-0.002604,BP,29890.0,2019-02-08,252.0,-0.4918%,0.0006,0.7928,0.0155,0.521,1.1451%,1.3903%,32.1688%,-0.002198,BP,29890.0,2019-02-11,252.0,-0.6590%,0.0005,0.8102,-0.0141,0.514,1.1428%,1.3891%,32.3141%,-0.009101,BP,29890.0,2019-02-12,252.0,0.4975%,0.0006,0.821,-0.0322,0.5228,1.1336%,1.3874%,33.2444%,-0.0052669999999999,BP,29890.0,2019-02-13,252.0,0.5186%,0.0006,0.8172,-0.0249,0.5245,1.1322%,1.3826%,32.9423%,0.002441,BP,29890.0,2019-02-14,252.0,-0.3635%,0.0006,0.8175,-0.0244,0.5232,1.1315%,1.3825%,33.0168%,0.001153,BP,29890.0,2019-02-15,252.0,1.0031%,0.0006,0.8146,-0.0273,0.5182,1.1315%,1.3798%,32.7508%,-0.0017569999999999,BP,29890.0,2019-02-19,252.0,0.2128%,0.0006,0.816,-0.0307,0.5142,1.1310%,1.3798%,32.8120%,-0.000995,BP,0.032008,0.038436,0.035832,0.024533,0.020108
32283,BLACKSTONE INC,"Albéa, Blackstone in Talks to Acquire Specialty Packaging Company Essel Propack",6,increase,0.7,0.6,"the acquisition of a specialty packaging company like essel propack could enhance blackstone's portfolio and growth potential, likely leading to a positive market reaction.",2,2019-02-04,BX,2019-02-04 09:00:00+00:00,92108.0,09260D10,0.0105882529169321,2721938.0,0.0075668892823159,0.0089020542800426,-0.0014442298561334,0.0168980509042739,-0.0017356486059725,-0.0006031501106917,-0.0049261092208325,-0.0009038499556481,-0.0136255659162998,0.0060623502358794,0.0090089859440922,0.014764791354537,0.0050595831125974,0.0046352813951671,-0.0168788768351078,-0.0070573654957115,0.0045180032029747,-0.0097234789282083,0.0044977972283959,0.0082720732316374,0.0274626314640045,0.0018415455706417,-0.0119116753339767,0.0108595192432403,-0.0105850286781787,0.0078173857182264,0.0074294200167059,0.000312800402753,-0.0053097433410584,0.0075638126581907,-0.0056347101926803,-0.0003150670672766,-0.0041753472760319,0.01082803029567,0.0044924085959792,0.0086733205243945,0.0047704186290502,0.0297717377543449,-0.0068249120377004,0.0342114269733429,0.0074693751521408,-0.0279348231852054,-0.0145314848050475,0.0087219132110476,-0.0087270811200141,-0.009305439889431,0.0166971180588007,-0.0121470438316464,0.0041803340427577,-0.0058746836148202,0.017543863505125,0.0572808794677257,0.0061367349699139,0.0164854191243648,0.0130700189620256,0.0288704857230186,0.0169151406735181,0.0039854603819549,-0.0115590589120984,-0.0383275374770164,-0.0068454556167125,-0.0034721693955361,0.0123492330312728,-0.0322580970823764,-0.0263829864561557,-0.0210526119917631,-0.0052447640337049,-0.0032787011004984,0.0108376955613493,-0.0006553229759447,-0.0028976667672395,0.0009839517297223,0.0058122859336435,-0.0295989904552698,0.0104016354307532,-0.0211837515234947,0.0122962621971964,-0.0186487510800361,-0.0217514242976903,-0.0614060126245021,0.0054865325801074,0.0332048311829567,-0.002871868899092,-0.0005926061421632,0.0025921701453626,-0.010263885371387,0.0005745606613345,0.008279088884592,-0.0109101654961705,-0.0160023067146539,0.0089984778314828,0.0358649380505085,0.0031645747367292,0.0231267344206571,0.0189274419099092,0.0464666187763214,0.000281512417132,-0.025471681728959,0.0070343273691833,-0.0203327126801013,0.0039116898551583,-0.0012307973811402,0.0748677626252174,-0.0127581469714641,0.0103573678061366,-0.0131895216181874,0.0181957725435495,0.0051220846362411,0.0050339987501502,-0.0235364232212305,0.0052591804414987,-0.0384723283350467,0.0104633597657084,0.0051180073060095,0.0079621719196438,0.0259626433253288,-0.0259195081889629,0.0133017124608159,0.0098834112286567,0.0189759358763694,0.0075668892823159,0.0089020542800426,0.0061117310987628,0.0259505325506934,0.0043654746752286,0.0253317303734212,-0.0141997732888599,0.0306152861328141,-0.0082790282128147,0.0416666865732264,0.0379026440055931,0.1846689600500719,0.1905645316666919,0.0240963639093056,2019-02-05,2019-02-06,2019-02-07,2019-02-08,2019-02-11,2019-02-12,2019-02-13,2019-02-14,2019-02-15,2019-02-19,92108.0,2019-02-04,252.0,1.0588%,0.0002,1.0046,0.4681,0.1864,1.1913%,1.6330%,46.7827%,0.001869,BX,92108.0,2019-02-05,252.0,0.7567%,0.0003,0.9981,0.4642,0.1761,1.1906%,1.6232%,46.1987%,0.00464,BX,92108.0,2019-02-06,252.0,-0.1444%,0.0002,1.0107,0.4601,0.1886,1.1897%,1.6119%,45.5262%,0.000575,BX,92108.0,2019-02-07,252.0,-0.1736%,0.0003,1.0103,0.4575,0.1906,1.1904%,1.6103%,45.3495%,0.007426,BX,92108.0,2019-02-08,252.0,-0.4926%,0.0002,1.0115,0.4502,0.1906,1.1894%,1.6098%,45.4104%,-0.004849,BX,92108.0,2019-02-11,252.0,-1.3626%,0.0001,1.0109,0.4253,0.1768,1.1951%,1.6008%,44.2615%,-0.0185509999999999,BX,92108.0,2019-02-12,252.0,0.9009%,0.0002,1.0171,0.4139,0.1819,1.1918%,1.6015%,44.6190%,-0.004624,BX,92108.0,2019-02-13,252.0,0.5060%,0.0002,1.0181,0.4129,0.1821,1.1918%,1.6006%,44.5586%,0.001736,BX,92108.0,2019-02-14,252.0,-1.6879%,0.0001,1.0215,0.404,0.1925,1.1957%,1.6036%,44.4023%,-0.0159319999999999,BX,92108.0,2019-02-15,252.0,0.4518%,0.0001,1.0244,0.4056,0.1959,1.1952%,1.6033%,44.4319%,-0.009059,BX,92108.0,2019-02-19,252.0,0.4498%,0.0001,1.0198,0.4126,0.2041,1.1914%,1.5954%,44.2368%,0.000687,BX,0.006509,0.007084,0.01451,-0.0088899999999999,-0.0360819999999999
32291,BEAZER HOMES USA INC,"Beazer Homes USA Q1 GAAP EPS $0.23 Does Not Compare To $0.14 Estimate, Homebuilding Sales $401M vs $406.63M Estimate",6,decrease,0.7,0.6,"the earnings per share (eps) exceeded estimates, but homebuilding sales fell short, which may lead to a negative market reaction due to the revenue miss.",0,2019-02-04,BZH,2019-02-04 21:18:00+00:00,80193.0,07556Q88,0.0108527401462197,559743.0,-0.0375766679644584,0.029529120773077,-0.0541832894086837,0.040697656571865,-0.0320134907960891,0.0290598422288894,-0.0034812847152352,0.0147441523149609,0.036681231111288,-0.0060345386154949,0.1112046912312508,-0.011924990452826,-0.025777043774724,0.0226481035351753,-0.0194552522152662,0.0141342626884579,0.0238094627857208,-0.0258175730705261,0.0224806182086467,-0.0169204585254192,-0.0045488602481782,-0.0016892278799787,0.0175171010196209,0.0059472974389791,-0.0224550329148769,-0.0075884656980633,-0.0107197808101773,-0.0149501916021108,-0.0309597235172987,0.0058479276485741,-0.0071885101497173,-0.0091059319674968,-0.0249396953731775,0.0404823683202266,-0.0024752255994826,0.0220070425420999,0.0239867623895406,0.065666027367115,-0.0315024517476558,0.0606964826583862,-0.0300249923020601,0.0,0.0180567521601915,0.0601266548037529,-0.0008446139399893,-0.0236869715154171,0.0321217328310012,0.0020640308503061,-0.0081900395452976,-0.003086490323767,-0.0082575911656022,0.0530878379940986,-0.0158201940357685,-0.0445134900510311,-0.0270727332681417,-0.0657640546560287,0.0043478426523506,-0.0114722643047571,-0.019913462921977,-0.0094697326421737,0.0044169779866933,0.0085960030555725,0.0299032684415578,-0.0085227414965629,-0.0128095317631959,-0.0112359439954161,0.0086504695937037,-0.0083565600216388,-0.0111492378637194,0.0074837119318544,0.0555074028670787,-0.0009346008300781,-0.0353328101336956,-0.0138249369338154,-0.0195911023765802,-0.0136363292112946,0.0208514127880334,0.0110294008627533,-0.0127659253776073,-0.0439367294311523,0.0034482723567634,0.0106571828946471,0.0369415245950222,0.0080573102459311,0.0173985119909048,0.0108597176149487,-0.005700300913304,0.0184331610798835,-0.0090089812874794,0.0284360367804765,0.0247933249920606,0.0018993787234649,0.0258065052330493,0.008620704524219,-0.0039308327250182,0.0609755516052246,0.0007892840658314,-0.0446601957082748,-0.0023659847211092,0.0058594159781932,0.0181818585842847,0.042769867926836,0.0170807652175426,-0.0372549146413803,-0.0320610739290714,-0.0616375431418418,0.0315457098186016,0.306490421295166,0.0038226444739848,-0.0370371118187904,-0.0281797312200069,-0.0181818008422851,0.0117554562166333,-0.0319031849503517,0.0162664633244276,0.0,0.0129573233425617,-0.014099795371294,0.0248306933790445,0.0233074389398098,-0.0375766679644584,0.029529120773077,-0.0897239298978099,0.0714285433610339,-0.1188650444899266,0.1025640877906344,-0.0897239302027352,0.1120688953644994,0.0115030399750546,0.0913705521846375,-0.1319018635938095,0.2215908239925197,0.0444785203931921,0.4317424313024036,2019-02-05,2019-02-06,2019-02-07,2019-02-08,2019-02-11,2019-02-12,2019-02-13,2019-02-14,2019-02-15,2019-02-19,80193.0,2019-02-04,252.0,1.0853%,-0.0007,1.4573,1.4169,0.9079,2.9693%,3.3836%,22.9880%,-0.0023569999999999,BZH,80193.0,2019-02-05,252.0,-3.7577%,-0.0008,1.4598,1.431,0.9358,2.9782%,3.3861%,22.6383%,-0.037362,BZH,80193.0,2019-02-06,252.0,-5.4183%,-0.001,1.4532,1.434,0.9224,2.9951%,3.3826%,21.5986%,-0.051584,BZH,80193.0,2019-02-07,252.0,-3.2013%,-0.0011,1.4608,1.4327,0.9181,2.9975%,3.3876%,21.7064%,-0.020331,BZH,80193.0,2019-02-08,252.0,-0.3481%,-0.001,1.4602,1.4402,0.9207,2.9970%,3.3875%,21.7273%,0.000722,BZH,80193.0,2019-02-11,252.0,3.6681%,-0.0006,1.3656,1.5626,0.9373,2.9610%,3.3215%,20.5247%,0.022914,BZH,80193.0,2019-02-12,252.0,11.1205%,-0.0002,1.4311,1.5477,0.9734,3.0148%,3.3937%,21.0850%,0.093814,BZH,80193.0,2019-02-13,252.0,-2.5777%,-0.0004,1.4108,1.5694,0.9696,3.0135%,3.3864%,20.8146%,-0.031494,BZH,80193.0,2019-02-14,252.0,-1.9455%,-0.0005,1.4152,1.5593,0.9807,3.0158%,3.3885%,20.7925%,-0.01913,BZH,80193.0,2019-02-15,252.0,2.3809%,-0.0006,1.3949,1.5409,0.9476,3.0118%,3.3746%,20.3435%,-0.000887,BZH,80193.0,2019-02-19,252.0,2.2481%,-0.0004,1.4069,1.5358,0.9408,3.0071%,3.3751%,20.6195%,0.012419,BZH,-0.039719,-0.091303,-0.111634,-0.0879979999999999,-0.033276
32299,CAN FITE BIOPHARMA LTD,Can-Fite Granted a Patent by the USPTO For its A3 Adenosine Receptor in the Treatment of Osteoarthritis,6,increase,0.8,0.6,"the granting of a patent by the uspto for a treatment related to osteoarthritis can enhance can-fite's market position and potential revenue, likely leading to an increase in stock price.",2,2019-02-04,CANF,2019-02-04 12:02:00+00:00,14272.0,13471N30,0.0256411042064428,509865.0,0.0,-0.025000074878335,-0.0125000867992639,0.0084033524617552,-0.0126582160592079,0.0530974008142948,0.0170941036194562,-0.0258620455861091,-0.0252101588994264,0.0175438430160284,0.0086206812411546,-0.008695644326508,-0.0085470005869865,-0.0086206812411546,-0.0172413624823093,0.008695644326508,0.0043859607540071,-0.0416667237877845,0.0043668081052601,-0.0769230052828788,0.008695644326508,0.0077519309706985,-0.0172413624823093,0.0487804412841796,0.0,0.0512821078300476,0.0,-0.0330579169094562,0.0263157654553651,0.0168067049235105,0.0,-0.0325202941894531,-0.0085470005869865,0.0,-0.0172413624823093,0.0,0.0877193212509155,-0.0314960330724716,-0.1048387065529823,0.0,0.0180179998278617,-0.0078124925494194,-0.0265486482530832,0.0158730000257492,0.0,0.0413222722709178,-0.0090909004211425,0.0965111255645752,0.0275229085236787,0.1035000085830688,-0.0267856884747743,-0.0430621616542339,0.0366972126066684,-0.0669643282890319,-0.0087610390037298,-0.0344827249646186,0.0266940034925937,-0.0491803772747516,0.0695652589201927,0.0166666507720947,0.0975609794259071,-0.0165545772761106,0.0,-0.039212629199028,-0.0814814940094947,0.0,0.0403225421905517,-0.0054815737530589,-0.278294563293457,-0.0023437663912773,-0.1098818331956863,-0.0002343589585507,0.0619041733443737,0.0201593823730945,-0.0056818127632141,-0.0271317586302757,-0.0229714252054691,0.0,-0.2642414271831512,-0.0076923007145524,0.0015898046549409,-0.0225564576685428,-0.0196824949234724,0.0075757498852908,-0.032545331865549,-0.0638297274708747,-0.0125523889437317,-0.0208333954215049,0.0,-0.0270270016044378,-0.0169491376727819,0.0206896346062421,-0.0172413624823093,-0.0993788614869117,-0.0242104660719633,0.1500000357627869,-0.0147429862990975,-0.014084493741393,-0.0145984617993235,0.0289854798465967,-0.0557408258318901,0.0072992630302906,-0.0292213577777147,0.0019013854907825,0.010101000778377,-0.0091303950175642,0.0,0.0697674676775932,0.0,-0.0275893229991197,0.0740000009536743,-0.0100000575184822,0.1018622294068336,0.038759745657444,-0.0113233709707856,-0.0227273404598236,-0.10051279515028,0.031250063329935,-0.1258076578378677,-0.0054389820434153,0.0,-0.025000074878335,-0.0125000867992639,-0.0168068068573526,-0.0250000740590079,0.0353981961968288,-0.033333398765774,0.0263157637345108,-0.0416667233261478,-0.099999998604964,0.0249999794809696,-0.0250000719360105,-0.616666679588747,-0.0909090806767645,2019-02-05,2019-02-06,2019-02-07,2019-02-08,2019-02-11,2019-02-12,2019-02-13,2019-02-14,2019-02-15,2019-02-19,14272.0,2019-02-04,252.0,2.5641%,-0.0019,0.4056,0.2459,0.0727,3.5581%,3.5875%,1.6304%,0.021858,CANF,14272.0,2019-02-05,252.0,0.0000%,-0.002,0.4304,0.2542,0.0996,3.5535%,3.5853%,1.7686%,-0.001211,CANF,14272.0,2019-02-06,252.0,-1.2500%,-0.0019,0.3718,0.2732,0.0404,3.5470%,3.5721%,1.3985%,-0.0116969999999999,CANF,14272.0,2019-02-07,252.0,-1.2658%,-0.0019,0.3756,0.2714,0.039,3.5472%,3.5727%,1.4222%,-0.009103,CANF,14272.0,2019-02-08,252.0,1.7094%,-0.0019,0.3725,0.2654,0.0217,3.5491%,3.5747%,1.4232%,0.016789,CANF,14272.0,2019-02-11,252.0,-2.5210%,-0.0018,0.3179,0.2824,0.0022,3.5446%,3.5644%,1.1088%,-0.027633,CANF,14272.0,2019-02-12,252.0,0.8621%,-0.0017,0.3331,0.2673,0.0127,3.5424%,3.5632%,1.1646%,0.0041449999999999,CANF,14272.0,2019-02-13,252.0,-0.8547%,-0.002,0.2983,0.3227,0.0206,3.5125%,3.5310%,1.0480%,-0.009749,CANF,14272.0,2019-02-14,252.0,-1.7241%,-0.002,0.3027,0.3142,0.029,3.5136%,3.5321%,1.0446%,-0.018274,CANF,14272.0,2019-02-15,252.0,0.4386%,-0.0018,0.3457,0.3531,0.0992,3.4990%,3.5210%,1.2477%,-5.9e-05,CANF,14272.0,2019-02-19,252.0,0.4367%,-0.0018,0.347,0.355,0.1012,3.4991%,3.5212%,1.2535%,0.002288,CANF,0.020647,0.00895,-0.000153,-0.010997,-0.032646
32307,CABOT CORP,Cabot Sees FY19 Adj. EPS $4.20-$4.60 vs $4.61 Est.,6,decrease,0.75,0.5,"the adjusted eps guidance of $4.20-$4.60 is below the estimated $4.61, which may lead to negative investor sentiment and a decrease in stock price.",0,2019-02-04,CBT,2019-02-04 21:24:00+00:00,46690.0,12705510,0.0010407834779471,286513.0,-0.0977334305644035,0.0245255175977945,0.0099101243540644,-0.0113852182403206,-0.0203103460371494,0.0119479708373546,-0.0037269939202815,0.0099116368219256,0.0086508989334106,-0.0108695300295949,0.0275846645236015,0.0341635271906852,0.0108278710395097,0.0024304157122969,0.0087034003809094,-0.0264573730528354,0.0292035322636365,-0.0241393316537141,0.0083834780380129,0.0231958329677581,0.015135345980525,0.0217248555272817,-0.0146996807307004,0.0180965457111597,0.0231808982789516,-0.0136624667793512,0.0018879831768572,0.0028729517944157,-0.0014656552812084,-0.0145905530080199,-0.0123715698719024,0.0096745518967509,-0.0046708579175174,0.0160858184099197,0.0108788032084703,0.0044882618822157,0.0031652569305151,0.0079168127849698,-0.0164072904735803,0.0454007610678672,-0.0126176252961158,-0.0269212648272514,-0.0032488135620951,0.0121099315583705,-0.0499782525002956,0.0103529086336493,0.0267611648887395,-0.0051498413085937,-0.0004455437301658,0.0154504757374525,-0.0153777273371815,0.0501746945083141,-0.0301041603088378,-0.0222113691270351,0.0119020342826843,-0.0089501431211829,-0.0055350940674543,-0.0140710743144154,-0.0044062761589884,-0.0223828181624412,-0.0034940955229103,0.0127509078010916,0.0100514329969883,-0.032442357391119,-0.0560055114328861,-0.0137449437752366,-0.0071096080355346,-0.03248305991292,0.0046913241967558,0.0114663830026984,-0.0071269874460995,-0.0032967368606477,0.0175742339342832,-0.0026304018683731,0.0126490015536546,-0.0474003031849861,0.030506856739521,-0.0037445456255227,0.001864755526185,-0.0410931855440139,0.0158213190734386,0.0189024452120065,0.0238204523921012,0.0144330058246851,0.0136465458199381,0.013070523738861,0.001103492337279,0.0277185328304767,-0.0182981006801128,-0.022713067010045,0.0038176956586539,0.0143732884898781,0.0105144828557968,-0.0096294553950428,0.0121762910857796,0.0165992490947246,0.0124671850353479,-0.0210416316986084,0.0231151357293129,-0.0273555926978588,0.0130911935120821,-0.0221914555877447,0.00145893485751,0.0233171433210372,-0.0137356892228126,0.0223880186676979,0.0111837685108184,-0.0043343463912606,-0.0110600749030709,-0.0309999845921993,-0.0457902140915393,-0.0234375149011611,0.0163643937557935,-0.0065968208946287,-0.0019582279492169,0.0285372231155633,-0.0106823164969682,-0.0250972937792539,0.0002203244075644,-0.0147593766450882,-0.0977334305644035,0.0245255175977945,-0.0887918566607816,0.0128610709871661,-0.1072988093638696,0.0249627055256125,-0.1029320158319266,0.0238704765248589,-0.0245373305611086,0.0317869292650399,-0.1009757471714078,0.1200746465419357,-0.0494593517549195,-0.0728987451592557,2019-02-05,2019-02-06,2019-02-07,2019-02-08,2019-02-11,2019-02-12,2019-02-13,2019-02-14,2019-02-15,2019-02-19,46690.0,2019-02-04,252.0,0.1041%,-0.0009,1.3358,0.7977,0.5162,1.3042%,1.9528%,55.3973%,-0.0101859999999999,CBT,46690.0,2019-02-05,252.0,-9.7733%,-0.0013,1.3425,0.8359,0.5914,1.4443%,2.0406%,49.8998%,-0.099842,CBT,46690.0,2019-02-06,252.0,0.9910%,-0.0012,1.3587,0.8304,0.6093,1.4455%,2.0251%,49.0519%,0.012433,CBT,46690.0,2019-02-07,252.0,-2.0310%,-0.0013,1.3565,0.8366,0.6067,1.4456%,2.0228%,48.9274%,-0.009071,CBT,46690.0,2019-02-08,252.0,-0.3727%,-0.0015,1.3577,0.7986,0.5865,1.4214%,2.0052%,49.7532%,-0.00128,CBT,46690.0,2019-02-11,252.0,0.8651%,-0.0013,1.3177,0.8386,0.5872,1.4077%,1.9558%,48.1946%,3.1e-05,CBT,46690.0,2019-02-12,252.0,2.7585%,-0.0013,1.3297,0.8318,0.5946,1.4082%,1.9640%,48.5913%,0.010395,CBT,46690.0,2019-02-13,252.0,1.0828%,-0.0013,1.3283,0.8372,0.5973,1.4085%,1.9621%,48.4708%,0.006089,CBT,46690.0,2019-02-14,252.0,0.8703%,-0.0012,1.3254,0.8436,0.5905,1.4104%,1.9629%,48.3713%,0.010504,CBT,46690.0,2019-02-15,252.0,2.9204%,-0.0012,1.3353,0.8536,0.6079,1.4117%,1.9675%,48.5153%,0.009183,CBT,46690.0,2019-02-19,252.0,0.8383%,-0.0011,1.3402,0.849,0.6024,1.4090%,1.9683%,48.7517%,0.001447,CBT,-0.110028,-0.097595,-0.106666,-0.107915,-0.070297
32315,CABOT CORP,"Cabot Q1 EPS $0.87 Misses $0.93 Estimate, Sales $821M Up From $720M YoY",6,decrease,0.7,0.6,"the earnings per share (eps) miss compared to estimates typically signals weaker performance, which can lead to a decrease in stock price despite an increase in sales.",0,2019-02-04,CBT,2019-02-04 21:24:00+00:00,46690.0,12705510,0.0010407834779471,286513.0,-0.0977334305644035,0.0245255175977945,0.0099101243540644,-0.0113852182403206,-0.0203103460371494,0.0119479708373546,-0.0037269939202815,0.0099116368219256,0.0086508989334106,-0.0108695300295949,0.0275846645236015,0.0341635271906852,0.0108278710395097,0.0024304157122969,0.0087034003809094,-0.0264573730528354,0.0292035322636365,-0.0241393316537141,0.0083834780380129,0.0231958329677581,0.015135345980525,0.0217248555272817,-0.0146996807307004,0.0180965457111597,0.0231808982789516,-0.0136624667793512,0.0018879831768572,0.0028729517944157,-0.0014656552812084,-0.0145905530080199,-0.0123715698719024,0.0096745518967509,-0.0046708579175174,0.0160858184099197,0.0108788032084703,0.0044882618822157,0.0031652569305151,0.0079168127849698,-0.0164072904735803,0.0454007610678672,-0.0126176252961158,-0.0269212648272514,-0.0032488135620951,0.0121099315583705,-0.0499782525002956,0.0103529086336493,0.0267611648887395,-0.0051498413085937,-0.0004455437301658,0.0154504757374525,-0.0153777273371815,0.0501746945083141,-0.0301041603088378,-0.0222113691270351,0.0119020342826843,-0.0089501431211829,-0.0055350940674543,-0.0140710743144154,-0.0044062761589884,-0.0223828181624412,-0.0034940955229103,0.0127509078010916,0.0100514329969883,-0.032442357391119,-0.0560055114328861,-0.0137449437752366,-0.0071096080355346,-0.03248305991292,0.0046913241967558,0.0114663830026984,-0.0071269874460995,-0.0032967368606477,0.0175742339342832,-0.0026304018683731,0.0126490015536546,-0.0474003031849861,0.030506856739521,-0.0037445456255227,0.001864755526185,-0.0410931855440139,0.0158213190734386,0.0189024452120065,0.0238204523921012,0.0144330058246851,0.0136465458199381,0.013070523738861,0.001103492337279,0.0277185328304767,-0.0182981006801128,-0.022713067010045,0.0038176956586539,0.0143732884898781,0.0105144828557968,-0.0096294553950428,0.0121762910857796,0.0165992490947246,0.0124671850353479,-0.0210416316986084,0.0231151357293129,-0.0273555926978588,0.0130911935120821,-0.0221914555877447,0.00145893485751,0.0233171433210372,-0.0137356892228126,0.0223880186676979,0.0111837685108184,-0.0043343463912606,-0.0110600749030709,-0.0309999845921993,-0.0457902140915393,-0.0234375149011611,0.0163643937557935,-0.0065968208946287,-0.0019582279492169,0.0285372231155633,-0.0106823164969682,-0.0250972937792539,0.0002203244075644,-0.0147593766450882,-0.0977334305644035,0.0245255175977945,-0.0887918566607816,0.0128610709871661,-0.1072988093638696,0.0249627055256125,-0.1029320158319266,0.0238704765248589,-0.0245373305611086,0.0317869292650399,-0.1009757471714078,0.1200746465419357,-0.0494593517549195,-0.0728987451592557,2019-02-05,2019-02-06,2019-02-07,2019-02-08,2019-02-11,2019-02-12,2019-02-13,2019-02-14,2019-02-15,2019-02-19,46690.0,2019-02-04,252.0,0.1041%,-0.0009,1.3358,0.7977,0.5162,1.3042%,1.9528%,55.3973%,-0.0101859999999999,CBT,46690.0,2019-02-05,252.0,-9.7733%,-0.0013,1.3425,0.8359,0.5914,1.4443%,2.0406%,49.8998%,-0.099842,CBT,46690.0,2019-02-06,252.0,0.9910%,-0.0012,1.3587,0.8304,0.6093,1.4455%,2.0251%,49.0519%,0.012433,CBT,46690.0,2019-02-07,252.0,-2.0310%,-0.0013,1.3565,0.8366,0.6067,1.4456%,2.0228%,48.9274%,-0.009071,CBT,46690.0,2019-02-08,252.0,-0.3727%,-0.0015,1.3577,0.7986,0.5865,1.4214%,2.0052%,49.7532%,-0.00128,CBT,46690.0,2019-02-11,252.0,0.8651%,-0.0013,1.3177,0.8386,0.5872,1.4077%,1.9558%,48.1946%,3.1e-05,CBT,46690.0,2019-02-12,252.0,2.7585%,-0.0013,1.3297,0.8318,0.5946,1.4082%,1.9640%,48.5913%,0.010395,CBT,46690.0,2019-02-13,252.0,1.0828%,-0.0013,1.3283,0.8372,0.5973,1.4085%,1.9621%,48.4708%,0.006089,CBT,46690.0,2019-02-14,252.0,0.8703%,-0.0012,1.3254,0.8436,0.5905,1.4104%,1.9629%,48.3713%,0.010504,CBT,46690.0,2019-02-15,252.0,2.9204%,-0.0012,1.3353,0.8536,0.6079,1.4117%,1.9675%,48.5153%,0.009183,CBT,46690.0,2019-02-19,252.0,0.8383%,-0.0011,1.3402,0.849,0.6024,1.4090%,1.9683%,48.7517%,0.001447,CBT,-0.110028,-0.097595,-0.106666,-0.107915,-0.070297
32323,CHURCH & DWIGHT INC,Church & Dwight Q4 Earnings Outlook,6,uncertain,0.5,0.5,"the outlook for q4 earnings could be influenced by various factors such as market conditions and company performance, making the impact on stock price uncertain.",1,2019-02-04,CHD,2019-02-04 18:32:00+00:00,23393.0,17134010,0.0108242556452751,2197407.0,-0.0751109570264816,0.0009286110289394,0.0383724719285965,0.0223101247102022,-0.0031856794375926,-0.0081607103347778,0.0121444277465343,0.0015718687791377,0.0132617643103003,0.0004717530973721,-0.0004674163064919,-0.0110420351848006,0.0104442425072193,-0.0184704475104808,-0.0037411479279398,-0.0110204676166176,0.0052836672402918,-0.0310123283416032,0.0041736997663974,0.0143938455730676,-0.0003078301087953,0.0002968182088807,0.0186325684189796,-0.0001483304658904,0.0019651888869702,0.0103463008999824,-0.0147856930270791,-0.0068503213115036,0.004594110418111,0.001790284179151,0.0021341370884329,0.0183834563940763,0.0009127652738243,0.0015215835301205,-0.0033434834331274,-0.0024285980034619,0.0047270134091377,0.0126037457957863,-0.0039460030384361,0.011976926587522,-0.0041139214299619,-0.0021728912834078,0.0041309157386422,-0.0202250871807336,0.0003048038051929,0.0001521237427368,0.012185763567686,0.000608749280218,-0.0007523765671066,0.0131051260977983,0.0081325434148311,0.035110130906105,-0.0001494194148108,-0.0345146618783474,0.0070222802460193,0.0037116894964128,-0.0080118831247091,-0.0015441394643858,-0.0071792304515838,-0.0115994280204176,-0.00843623932451,0.0007636386435478,0.0144332563504576,-0.0474320091307163,0.0049423668533563,-0.0065047261305153,0.0135619025677442,0.0197524186223745,0.0111747458577156,-0.0081872101873159,0.0084339370951056,0.0273355301469564,0.0374909676611423,-0.0034425344783812,-0.0100068608298897,0.0013488659169524,0.0103888502344489,0.0018018430564552,0.0005557998665608,0.0028609365690499,0.0018052665982395,0.0033237831667065,0.0070696165785193,0.0034870128147304,-0.0046800267882645,-0.0058779111132025,0.0006915095145814,0.0021144750062376,0.0089828846976161,0.0086837252601981,0.0028763057198375,-0.0045496365055441,0.0065555274486541,0.0062567321583628,0.002578052226454,0.0172306839376688,-0.0016240729019045,-0.0061709582805633,-0.0027110879309475,-0.0088685294613242,0.0010874246945604,-0.006229996215552,0.0024439960252493,0.0050396178849041,-0.0010835950961336,0.0024031498469412,-0.0042033568024635,-0.0071201515384018,-0.0021786990109831,0.0070175295695662,0.001637592096813,0.017383249476552,0.0098092807456851,-0.0254121962934732,-0.0044522639364004,-0.0260753780603408,0.0157202333211898,0.0193722937256097,-0.0174782872200012,0.0080229910090565,-0.0751109570264816,0.0009286110289394,-0.0396206781879138,0.0232594531670045,-0.0426801388456997,0.0149089291723853,-0.0182041039703566,0.0169837718521499,-0.0027588639370557,-0.0403620895256507,0.0190404048502277,-0.0129731122251265,0.1304931893409362,-0.0177897312913704,2019-02-05,2019-02-06,2019-02-07,2019-02-08,2019-02-11,2019-02-12,2019-02-13,2019-02-14,2019-02-15,2019-02-19,23393.0,2019-02-04,252.0,1.0824%,0.0012,0.3906,-0.1415,-0.2423,1.4400%,1.5296%,11.3750%,0.0075029999999999,CHD,23393.0,2019-02-05,252.0,-7.5111%,0.0011,0.3582,-0.1239,-0.2234,1.5055%,1.5776%,8.9336%,-0.078458,CHD,23393.0,2019-02-06,252.0,3.8372%,0.0011,0.4194,-0.1442,-0.1578,1.5057%,1.5887%,10.1726%,0.039205,CHD,23393.0,2019-02-07,252.0,-0.3186%,0.0011,0.4193,-0.144,-0.1578,1.5057%,1.5881%,10.1053%,0.001043,CHD,23393.0,2019-02-08,252.0,1.2144%,0.0012,0.4174,-0.1381,-0.1619,1.5058%,1.5878%,10.0606%,0.01065,CHD,23393.0,2019-02-11,252.0,1.3262%,0.0012,0.4414,-0.1438,-0.1524,1.5042%,1.5896%,10.4467%,0.013861,CHD,23393.0,2019-02-12,252.0,-0.0467%,0.0011,0.4272,-0.1313,-0.1619,1.5011%,1.5826%,10.0370%,-0.006801,CHD,23393.0,2019-02-13,252.0,1.0444%,0.0011,0.4314,-0.1352,-0.1605,1.5014%,1.5837%,10.1170%,0.00934,CHD,23393.0,2019-02-14,252.0,-0.3741%,0.0011,0.4326,-0.1374,-0.1584,1.5016%,1.5840%,10.1339%,-0.003163,CHD,23393.0,2019-02-15,252.0,0.5284%,0.0011,0.4305,-0.1393,-0.1618,1.5015%,1.5833%,10.0746%,0.001399,CHD,23393.0,2019-02-19,252.0,0.4174%,0.0011,0.4282,-0.1333,-0.1548,1.5004%,1.5803%,9.8596%,0.0041449999999999,CHD,-0.070955,-0.03175,-0.030707,-0.006196,-0.001276
32331,CHARTER COMMUNICATIONS INC NEW,Raymond James: Charter's Fee Cash Flow Will Rise On Declining Capex,6,increase,0.8,0.7,"the news suggests that charter communications will experience rising fee cash flow due to declining capital expenditures, which is generally viewed positively by investors and could lead to an increase in stock price.",2,2019-02-04,CHTR,2019-02-04 19:00:00+00:00,12308.0,16119P10,-0.0115853119641542,1224836.0,0.0109792649745941,0.0299049224704504,0.0082477182149887,0.1419060528278351,0.0029111232142895,0.0004486330435611,-0.0010159533703699,-0.0037130806595087,-0.0184216536581516,-0.0018874380039051,0.0076371631585061,0.0133180934935808,-0.0056110564619302,0.0107193896546959,0.0091879107058048,-0.0015440307324752,0.0218383818864822,-0.0220658648759126,-0.0018048613565042,-0.010223870165646,0.0038171715568751,0.0020421568769961,-0.0006290062447078,-0.0006462667952291,0.00154482468497,0.0083687836304306,-0.0033706373069435,-0.0101175084710121,-0.0073946304619312,0.0063894321210682,-0.0037249033339321,-0.0166980270296335,-0.0003477816935628,-0.0102090947329998,0.0048417933285236,-0.0025210129097104,-0.0013849053066223,-0.0041949828155338,-0.0067899627611041,0.0530086606740951,-0.0092800073325634,-0.0017014141194522,-0.0015562566695734,0.0105975680053234,-0.0073228543624281,-0.0003858052368741,0.0104875806719064,0.0012291489401832,0.0041926330886781,-0.0033951739314943,0.0164082646369934,0.0445306524634361,0.013155966065824,-0.0366639792919158,0.0091010238975286,-0.0224479921162128,0.0040177362971007,-0.0240255165845155,0.0086749857291579,-0.027228407561779,0.0055208494886755,-0.0108316289260983,0.0105672292411327,-0.0004525067633949,-0.0149889159947633,-0.0066135786473751,-0.0109207890927791,-0.0167308151721954,-0.0022699180990457,0.0135662322863936,-0.0014605202013626,-0.0098213339224457,-0.0074259922839701,-0.0001900461065815,-0.0168900489807128,-0.0339065641164779,-0.0019889955874532,0.0153492493554949,0.0011842286912724,-0.0148760806769132,-0.003635027911514,-0.0075941672548651,0.0010134235490113,-0.0034207440912723,0.016545183956623,0.0050200619734823,0.0076827118173241,0.0347562581300735,0.0011859233491122,0.0140791228041052,-0.0005922592827118,0.0122807044535875,0.0025398444849997,0.0127315046265721,0.0022519009653478,0.0017376438481733,0.0036231107078492,-0.0574474520981311,0.001986879389733,-0.0150362281128764,0.0101662194356322,0.0315875336527824,-0.006414352916181,-0.0072318483144044,-0.0036731150466948,-0.0115849450230598,0.0016199332894757,0.0037420487497001,0.0052142739295959,0.0069758677855134,0.0173647981137037,-0.0109040774405002,0.0092430580407381,-0.0112985493615269,0.0022153379395604,0.023980950936675,0.0005930431652814,-0.0082882093265652,-0.0004040892818011,0.017239786684513,0.0109792649745941,0.0299049224704504,0.0193175370733009,0.1760546648061896,0.0222848960182076,0.1765822817898559,0.0024332565532223,0.1700010564968312,0.0339168922291597,0.1580788968441453,0.0695846062884966,0.1144706998671598,0.1010089283044579,0.0726083606026632,2019-02-05,2019-02-06,2019-02-07,2019-02-08,2019-02-11,2019-02-12,2019-02-13,2019-02-14,2019-02-15,2019-02-19,12308.0,2019-02-04,252.0,-1.1585%,-0.0001,0.9692,0.0436,0.1678,1.9424%,2.2134%,22.9928%,-0.018205,CHTR,12308.0,2019-02-05,252.0,1.0979%,-0.0003,1.0261,0.0604,0.2252,1.8980%,2.1969%,25.3606%,0.0077529999999999,CHTR,12308.0,2019-02-06,252.0,0.8248%,-0.0002,1.0322,0.0583,0.2326,1.8990%,2.1842%,24.4096%,0.010254,CHTR,12308.0,2019-02-07,252.0,0.2911%,-0.0001,1.0432,0.0392,0.2376,1.8944%,2.1838%,24.7490%,0.01158,CHTR,12308.0,2019-02-08,252.0,-0.1016%,-0.0001,1.0428,0.0516,0.2444,1.8924%,2.1812%,24.7264%,-0.0004349999999999,CHTR,12308.0,2019-02-11,252.0,-1.8422%,-0.0001,1.0332,0.0326,0.2291,1.8967%,2.1689%,23.5241%,-0.0208849999999999,CHTR,12308.0,2019-02-12,252.0,0.7637%,-0.0001,1.0371,0.0233,0.2327,1.8956%,2.1694%,23.6480%,-0.0061319999999999,CHTR,12308.0,2019-02-13,252.0,-0.5611%,-0.0002,1.0307,0.0304,0.2319,1.8951%,2.1644%,23.3302%,-0.008792,CHTR,12308.0,2019-02-14,252.0,0.9188%,-0.0001,1.0283,0.0376,0.223,1.8960%,2.1648%,23.2913%,0.012439,CHTR,12308.0,2019-02-15,252.0,2.1838%,-0.0,1.0407,0.0497,0.2444,1.8962%,2.1684%,23.5290%,0.008953,CHTR,12308.0,2019-02-19,252.0,-0.1805%,-0.0,1.039,0.0477,0.2423,1.8964%,2.1668%,23.4051%,-0.004759,CHTR,-0.010452,-0.0001979999999999,0.011382,-0.0099379999999999,-0.0082289999999999
32339,CALUMET SPECIALTY PRODS PTNRS LP,UPDATE: Calumet Sees Spending $25M-$40M To Achieve Results From Self-Help Program Over 3-Year Period,6,uncertain,0.6,0.3,"the announcement of spending on a self-help program suggests potential for future improvement, but the uncertainty around the effectiveness and timing of the results makes the impact on stock price unclear.",1,2019-02-04,CLMT,2019-02-04 22:50:00+00:00,91076.0,13147610,0.0128205772489309,115168.0,0.0886075869202613,-0.0280374307185411,-0.0610465221107006,-0.0213414430618286,0.0154798617586493,0.024999976158142,-0.0213414430618286,0.0322581119835376,-0.0218068324029445,-0.0220820717513561,-0.0127389170229435,0.1362007558345795,0.0,-0.0606060810387134,0.0,-0.0198019612580537,0.0161290951073169,-0.047169841825962,0.0063491999171674,-0.0215384401381015,-0.009463713504374,-0.0181268714368343,-0.0127389170229435,-0.0596591010689735,0.0,0.057057075202465,-0.0129032135009765,0.0090909004211425,-0.05228753387928,-0.0462427996098995,0.0206896346062421,-0.0773333236575126,-0.0371622070670127,0.1227545216679573,0.042105309665203,0.0372670441865921,0.057239081710577,0.2014925181865692,-0.0318471789360046,0.1120331808924675,-0.0657894909381866,0.0,0.3063380718231201,0.0904977545142173,0.04312664270401,0.0279069487005472,0.0826873853802681,-0.0023201280273497,-0.0167064853012561,0.02619051001966,-0.0291261859238147,0.0396039225161075,0.0025000572204589,-0.0241545662283897,0.0099750524386763,-0.0717489197850227,-0.0320987924933433,-0.0708333626389503,-0.0051020360551774,0.0619469508528709,0.0051282001659274,-0.0583333745598793,0.0,-0.0977443531155586,-0.0204082038253545,-0.0699300020933151,-0.0416666269302368,-0.062295101583004,-0.0081521663814783,-0.0192925874143838,0.0109588932245969,0.0196721125394105,-0.0243902839720249,-0.037854928523302,-0.0111111011356115,0.0602006912231445,0.0589887760579586,-0.0292207524180412,-0.0212201382964849,-0.0253165066242218,-0.0081300735473632,0.0429043285548687,-0.0163934919983148,-0.0065573710016906,0.0250000432133674,-0.037854928523302,-0.0352303832769393,-0.0124610476195812,0.0589887760579586,-0.0331325009465217,0.0132625866681337,-0.0263930056244134,0.005235597025603,-0.025714261457324,-0.0104166567325592,-0.0112994248047471,-0.0236841887235641,-0.0056179724633693,-0.0161724910140037,0.0348836854100227,-0.0136986821889877,-0.017142841592431,0.0083333915099501,-0.0250696148723363,0.0220385454595089,-0.0082872854545712,0.0242587365210056,-0.0082192355766892,-0.0315789170563221,-0.0531776696443557,-0.0027173885609954,-0.1727467477321625,-0.024523202329874,-0.0291667375713586,-0.0167597606778144,-0.0163934268057346,-0.0170454382896423,0.0360934324562549,-0.0317919440567493,-0.0042283255606889,0.0886075869202613,-0.0280374307185411,0.0221518797954571,-0.04878051454909,0.0379746495910344,-0.025000050091657,-0.0063291042483537,-0.0157729291341324,0.0031645578228809,-0.0400000361593309,0.234177204450602,0.3805309194933499,0.0601265200561931,-0.3403805818822722,2019-02-05,2019-02-06,2019-02-07,2019-02-08,2019-02-11,2019-02-12,2019-02-13,2019-02-14,2019-02-15,2019-02-19,91076.0,2019-02-04,252.0,1.2821%,-0.0028,1.1634,1.5794,0.3378,3.5035%,3.7987%,14.9361%,-0.001669,CLMT,91076.0,2019-02-05,252.0,8.8608%,-0.0024,1.1522,1.5431,0.2641,3.5477%,3.8350%,14.4215%,0.086795,CLMT,91076.0,2019-02-06,252.0,-6.1047%,-0.0028,1.2106,1.5253,0.314,3.5592%,3.8528%,14.6589%,-0.058642,CLMT,91076.0,2019-02-07,252.0,1.5480%,-0.0025,1.2161,1.5053,0.3233,3.5613%,3.8538%,14.6019%,0.027397,CLMT,91076.0,2019-02-08,252.0,-2.1341%,-0.0026,1.2193,1.511,0.3403,3.5632%,3.8556%,14.5923%,-0.021058,CLMT,91076.0,2019-02-11,252.0,-2.1807%,-0.0029,1.267,1.4226,0.3175,3.5589%,3.8570%,14.8617%,-0.034369,CLMT,91076.0,2019-02-12,252.0,-1.2739%,-0.0029,1.275,1.3928,0.327,3.5550%,3.8534%,14.8888%,-0.029815,CLMT,91076.0,2019-02-13,252.0,0.0000%,-0.0031,1.2534,1.4285,0.3329,3.5428%,3.8372%,14.7529%,-0.004735,CLMT,91076.0,2019-02-14,252.0,0.0000%,-0.003,1.2539,1.4289,0.3316,3.5425%,3.8371%,14.7682%,-0.002966,CLMT,91076.0,2019-02-15,252.0,1.6129%,-0.003,1.2659,1.4396,0.351,3.5413%,3.8385%,14.8877%,-0.003304,CLMT,91076.0,2019-02-19,252.0,0.6349%,-0.003,1.2645,1.4429,0.3549,3.5411%,3.8376%,14.8530%,-0.001384,CLMT,0.085126,0.026484,0.053881,-0.0015459999999999,-0.0437499999999999
32347,CALUMET SPECIALTY PRODS PTNRS LP,Calumet Specialty Products Partners Reports Realized $180M+ In EBITDA From Phase I Of Its Self-Help Program As Of Yearend 2018; Sees Capturing Incremental $100M In EBITDA From 2019-2021,6,increase,0.75,0.6,"the reported ebitda growth and the expectation of capturing additional ebitda suggest improved financial performance, which is likely to positively influence investor sentiment and stock price.",2,2019-02-04,CLMT,2019-02-04 22:50:00+00:00,91076.0,13147610,0.0128205772489309,115168.0,0.0886075869202613,-0.0280374307185411,-0.0610465221107006,-0.0213414430618286,0.0154798617586493,0.024999976158142,-0.0213414430618286,0.0322581119835376,-0.0218068324029445,-0.0220820717513561,-0.0127389170229435,0.1362007558345795,0.0,-0.0606060810387134,0.0,-0.0198019612580537,0.0161290951073169,-0.047169841825962,0.0063491999171674,-0.0215384401381015,-0.009463713504374,-0.0181268714368343,-0.0127389170229435,-0.0596591010689735,0.0,0.057057075202465,-0.0129032135009765,0.0090909004211425,-0.05228753387928,-0.0462427996098995,0.0206896346062421,-0.0773333236575126,-0.0371622070670127,0.1227545216679573,0.042105309665203,0.0372670441865921,0.057239081710577,0.2014925181865692,-0.0318471789360046,0.1120331808924675,-0.0657894909381866,0.0,0.3063380718231201,0.0904977545142173,0.04312664270401,0.0279069487005472,0.0826873853802681,-0.0023201280273497,-0.0167064853012561,0.02619051001966,-0.0291261859238147,0.0396039225161075,0.0025000572204589,-0.0241545662283897,0.0099750524386763,-0.0717489197850227,-0.0320987924933433,-0.0708333626389503,-0.0051020360551774,0.0619469508528709,0.0051282001659274,-0.0583333745598793,0.0,-0.0977443531155586,-0.0204082038253545,-0.0699300020933151,-0.0416666269302368,-0.062295101583004,-0.0081521663814783,-0.0192925874143838,0.0109588932245969,0.0196721125394105,-0.0243902839720249,-0.037854928523302,-0.0111111011356115,0.0602006912231445,0.0589887760579586,-0.0292207524180412,-0.0212201382964849,-0.0253165066242218,-0.0081300735473632,0.0429043285548687,-0.0163934919983148,-0.0065573710016906,0.0250000432133674,-0.037854928523302,-0.0352303832769393,-0.0124610476195812,0.0589887760579586,-0.0331325009465217,0.0132625866681337,-0.0263930056244134,0.005235597025603,-0.025714261457324,-0.0104166567325592,-0.0112994248047471,-0.0236841887235641,-0.0056179724633693,-0.0161724910140037,0.0348836854100227,-0.0136986821889877,-0.017142841592431,0.0083333915099501,-0.0250696148723363,0.0220385454595089,-0.0082872854545712,0.0242587365210056,-0.0082192355766892,-0.0315789170563221,-0.0531776696443557,-0.0027173885609954,-0.1727467477321625,-0.024523202329874,-0.0291667375713586,-0.0167597606778144,-0.0163934268057346,-0.0170454382896423,0.0360934324562549,-0.0317919440567493,-0.0042283255606889,0.0886075869202613,-0.0280374307185411,0.0221518797954571,-0.04878051454909,0.0379746495910344,-0.025000050091657,-0.0063291042483537,-0.0157729291341324,0.0031645578228809,-0.0400000361593309,0.234177204450602,0.3805309194933499,0.0601265200561931,-0.3403805818822722,2019-02-05,2019-02-06,2019-02-07,2019-02-08,2019-02-11,2019-02-12,2019-02-13,2019-02-14,2019-02-15,2019-02-19,91076.0,2019-02-04,252.0,1.2821%,-0.0028,1.1634,1.5794,0.3378,3.5035%,3.7987%,14.9361%,-0.001669,CLMT,91076.0,2019-02-05,252.0,8.8608%,-0.0024,1.1522,1.5431,0.2641,3.5477%,3.8350%,14.4215%,0.086795,CLMT,91076.0,2019-02-06,252.0,-6.1047%,-0.0028,1.2106,1.5253,0.314,3.5592%,3.8528%,14.6589%,-0.058642,CLMT,91076.0,2019-02-07,252.0,1.5480%,-0.0025,1.2161,1.5053,0.3233,3.5613%,3.8538%,14.6019%,0.027397,CLMT,91076.0,2019-02-08,252.0,-2.1341%,-0.0026,1.2193,1.511,0.3403,3.5632%,3.8556%,14.5923%,-0.021058,CLMT,91076.0,2019-02-11,252.0,-2.1807%,-0.0029,1.267,1.4226,0.3175,3.5589%,3.8570%,14.8617%,-0.034369,CLMT,91076.0,2019-02-12,252.0,-1.2739%,-0.0029,1.275,1.3928,0.327,3.5550%,3.8534%,14.8888%,-0.029815,CLMT,91076.0,2019-02-13,252.0,0.0000%,-0.0031,1.2534,1.4285,0.3329,3.5428%,3.8372%,14.7529%,-0.004735,CLMT,91076.0,2019-02-14,252.0,0.0000%,-0.003,1.2539,1.4289,0.3316,3.5425%,3.8371%,14.7682%,-0.002966,CLMT,91076.0,2019-02-15,252.0,1.6129%,-0.003,1.2659,1.4396,0.351,3.5413%,3.8385%,14.8877%,-0.003304,CLMT,91076.0,2019-02-19,252.0,0.6349%,-0.003,1.2645,1.4429,0.3549,3.5411%,3.8376%,14.8530%,-0.001384,CLMT,0.085126,0.026484,0.053881,-0.0015459999999999,-0.0437499999999999
32355,CLEARONE INC,"ClearOne Announces The Launch Of Its Patented Beamforming Microphone Array Ceiling Tile, The BMA CT",6,increase,0.75,0.6,"the launch of a patented product like the beamforming microphone array ceiling tile could enhance clearone's market position and revenue potential, likely leading to a positive reaction in the stock price.",2,2019-02-04,CLRO,2019-02-04 14:14:00+00:00,75714.0,18506U10,-0.0761904045939445,186808.0,0.0154639026150107,0.1538460701704025,-0.0456852950155735,-0.0761421173810958,0.0265957191586494,-0.0199004784226417,-0.0466320812702179,0.0049999952316284,0.0652173906564712,-0.0566037222743034,-0.040765319019556,0.1584698557853699,0.0318600311875343,0.1296296566724777,0.0206185355782508,0.072847694158554,-0.0050505003891885,0.020270250737667,-0.0025380686856806,0.0496454276144504,-0.0076335803605616,-0.0472973324358463,-0.0102564617991447,0.0571428872644901,-0.0051813423633575,-0.0540540814399719,-0.0104166567325592,0.0,-0.0421052239835262,0.0277777500450611,0.0219780001789331,0.0397112406790256,0.0053763389587402,-0.0314685031771659,0.0106951771304011,0.0916030630469322,0.0264550652354955,-0.0642857402563095,-0.0309278666973114,0.0,0.021542577072978,0.0370370000600814,-0.0523301139473915,0.0800000205636024,-0.0109890652820467,0.0416666269302368,0.0388889200985431,-0.0322580337524414,-0.0053475885652005,0.0333333015441894,-0.0268817581236362,-0.0163934268057346,0.0220994930714368,-0.0542635172605514,-0.0054053999483585,0.0932203531265258,0.0326086655259132,-0.0483871474862098,0.0842105075716972,0.0081300735473632,0.0291261859238147,-0.0080645084381103,-0.0330188386142253,-0.0235451254993677,0.0195121765136718,-0.0728626698255539,-0.0190430283546447,-0.0074637974612414,0.0242902729660272,0.0298507176339626,0.0166667085140943,-0.0629370063543319,-0.0046838363632559,0.1000000014901161,-0.0494117736816406,0.0236220248043537,0.0148514714092016,-0.0378788411617279,0.0146341323852539,-0.0222222004085779,-0.014423063956201,-0.0425531528890132,0.0243902206420898,-0.0275862626731395,-0.0238095019012689,0.0357143357396125,0.0048780441284179,0.1023622006177902,-0.0145630929619073,-0.0155038619413971,0.05911336094141,0.0157480165362358,0.0093023162335157,-0.0305343233048915,-0.0046082902699708,0.0126777831465005,0.0416666269302368,0.0106249935925006,-0.0028444926720112,0.0,-0.0506328158080577,-0.0153846014291048,0.0,0.0357739925384521,0.0234741549938917,0.0040800096467137,-0.0366973206400871,-0.0458014868199825,-0.009523800574243,-0.0575539879500865,0.0,-0.0413793511688709,0.0336539298295974,-0.136904701590538,-0.0300465058535337,-0.1389031410217285,0.0168791972100734,0.3093959391117096,-0.0073563926853239,0.0,0.0154639026150107,0.1538460701704025,-0.0309278653536215,0.0659897872557715,-0.0051546950160935,0.0447760804957315,0.0103092666824649,-0.0094339499763892,0.0128865821261505,0.4893616825755476,0.0618556081100365,0.7073169809562614,0.0850515199482502,0.4093958945736713,2019-02-05,2019-02-06,2019-02-07,2019-02-08,2019-02-11,2019-02-12,2019-02-13,2019-02-14,2019-02-15,2019-02-19,75714.0,2019-02-04,252.0,-7.6190%,-0.0043,0.5218,0.1623,0.2493,5.1993%,5.2283%,1.1060%,-0.080025,CLRO,75714.0,2019-02-05,252.0,1.5464%,-0.0043,0.5246,0.1564,0.2393,5.2006%,5.2295%,1.1016%,0.0147459999999999,CLRO,75714.0,2019-02-06,252.0,-4.5685%,-0.0044,0.5293,0.1556,0.2384,5.2069%,5.2345%,1.0536%,-0.0447829999999999,CLRO,75714.0,2019-02-07,252.0,2.6596%,-0.0043,0.5185,0.1542,0.2468,5.2115%,5.2377%,0.9983%,0.03069,CLRO,75714.0,2019-02-08,252.0,-4.6632%,-0.0047,0.5274,0.1085,0.2537,5.2038%,5.2308%,1.0274%,-0.0455729999999999,CLRO,75714.0,2019-02-11,252.0,6.5217%,-0.0045,0.5691,0.1607,0.3038,5.2193%,5.2492%,1.1341%,0.063079,CLRO,75714.0,2019-02-12,252.0,-4.0765%,-0.0045,0.5684,0.1297,0.309,5.2211%,5.2506%,1.1228%,-0.04812,CLRO,75714.0,2019-02-13,252.0,3.1860%,-0.0043,0.5828,0.1193,0.3155,5.2240%,5.2549%,1.1715%,0.029874,CLRO,75714.0,2019-02-14,252.0,2.0619%,-0.0041,0.5774,0.1347,0.2969,5.2259%,5.2564%,1.1585%,0.022952,CLRO,75714.0,2019-02-15,252.0,-0.5051%,-0.0043,0.5529,0.1117,0.2558,5.2243%,5.2524%,1.0674%,-0.013437,CLRO,75714.0,2019-02-19,252.0,-0.2538%,-0.0042,0.556,0.1069,0.2502,5.2239%,5.2523%,1.0787%,-0.0047799999999999,CLRO,-0.065279,-0.110062,-0.079372,-0.061866,-0.075377
32363,CLOROX CO,"Clorox CEO Discussing Q2 Earnings Results: Should The Right M&A Opportunity Come Along...At The Right Price, 'We're Absolutely Willing To Pull The Trigger'",6,increase,0.7,0.6,"the ceo's openness to pursuing m&a opportunities suggests a proactive growth strategy, which could positively influence investor sentiment and drive the stock price up.",2,2019-02-04,CLX,2019-02-04 19:27:00+00:00,46578.0,18905410,0.0568530894815921,4004948.0,-0.0354843437671661,0.0099743613973259,0.0070044994354248,0.0187436398118734,-0.0041604326106607,-0.0021922814194113,0.0161237753927707,-0.0052474052645266,-0.0010921120410785,-0.0064323712140321,-0.0037945306394249,-0.0099215377122163,0.0091026704758405,-0.0166776459664106,0.0002559564018156,0.003439636901021,-0.0004477602778933,-0.0144458282738924,-0.0017276956932619,0.0157257504761219,-0.0046791601926088,0.0005266743246465,0.0235703475773334,-0.0047176075167953,0.0040266728028655,0.009525085799396,-0.0124075431376695,-0.0141507228836417,0.0027283797971904,0.0015675363829359,-0.0077833053655922,0.0143765611574053,0.0078443605452775,-0.0013232562923803,-0.0014553928049281,-0.0241477619856596,0.001077301451005,0.011890809983015,-0.0076597244478762,0.0067749707959592,0.0005103459698148,0.0059550972655415,0.0017215268453583,-0.0195276662707328,0.0045827841386199,0.0066614700481295,0.0078565888106822,-0.0003916801360901,0.0007543541141785,0.0155803943052887,0.0059049087576568,0.0375593788921833,-0.001873496803455,-0.0591547451913356,0.0052555608563125,0.0061864871531724,-0.0074687059968709,-0.0083306971937417,-0.0163040459156036,-0.0041800248436629,-0.0058647170662879,-0.0079112248495221,0.0135299814864993,-0.0472890734672546,0.0004429161490406,-0.0033922798465937,0.0001264087331946,0.0075683929026126,0.0113816196098923,-0.0137844365090131,0.0023757729213684,0.0242293961346149,0.0061123664490878,-0.0016618715599179,-0.0052693006582558,-0.0078773405402898,-0.0119656817987561,0.0007944119279272,-0.0056767626665532,-0.0100428853183984,-0.0044404780492186,-0.0019925241358578,0.000191148079466,-0.0025896292645484,-0.0087277507409453,0.0038085170090198,-0.0142031274735927,-0.0056504113599658,-0.0029336784500628,0.0185513906180858,0.0055576749145984,0.0030706871766597,0.010013710707426,0.0195353757590055,0.0010300886351615,-0.0043637985363602,-0.0066885878331959,-0.0121928425505757,-0.0136613836511969,0.0022836385760456,0.004398045130074,0.0081513132899999,0.0030717027839273,0.003308865474537,0.0067109642550349,0.0020017018541693,-0.0001294139510719,-0.0075123030692338,0.0044942516833543,0.014486382715404,0.0056412601843476,0.0065297246910631,0.0159262437373399,-0.0058611752465367,-0.0074891638942062,0.0036052628420293,0.0214221179485321,0.0072629926726222,-0.0724346861243248,0.0178988967090845,-0.0354843437671661,0.0099743613973259,-0.0287283943976248,0.0289049570465844,-0.0327693044593818,0.0266493078269109,-0.0182472501961715,0.0146929261491752,-0.0149640772183995,-0.0076877024682722,-0.0095340974507861,-0.0301503607886204,-0.0586789962571534,-0.0219739160038333,2019-02-05,2019-02-06,2019-02-07,2019-02-08,2019-02-11,2019-02-12,2019-02-13,2019-02-14,2019-02-15,2019-02-19,46578.0,2019-02-04,252.0,5.6853%,0.0007,0.4353,-0.3692,-0.0259,1.5034%,1.5960%,11.2705%,0.055542,CLX,46578.0,2019-02-05,252.0,-3.5484%,0.0008,0.3846,-0.3727,-0.0554,1.4765%,1.5543%,9.7642%,-0.037907,CLX,46578.0,2019-02-06,252.0,0.7004%,0.0008,0.3621,-0.3656,-0.0766,1.4748%,1.5426%,8.6000%,0.007752,CLX,46578.0,2019-02-07,252.0,-0.4160%,0.0008,0.3512,-0.3508,-0.0787,1.4696%,1.5330%,8.1097%,-0.0010689999999999,CLX,46578.0,2019-02-08,252.0,1.6124%,0.0009,0.3482,-0.3369,-0.0823,1.4675%,1.5295%,7.9439%,0.01534,CLX,46578.0,2019-02-11,252.0,-0.1092%,0.0008,0.3675,-0.3554,-0.0822,1.4644%,1.5295%,8.3309%,0.000733,CLX,46578.0,2019-02-12,252.0,-0.3795%,0.0008,0.3621,-0.3557,-0.0849,1.4657%,1.5292%,8.1253%,-0.008961,CLX,46578.0,2019-02-13,252.0,0.9103%,0.0009,0.3698,-0.3657,-0.0849,1.4637%,1.5293%,8.3960%,0.008262,CLX,46578.0,2019-02-14,252.0,0.0256%,0.0009,0.3693,-0.365,-0.0854,1.4636%,1.5291%,8.3848%,0.002342,CLX,46578.0,2019-02-15,252.0,-0.0448%,0.0009,0.369,-0.3657,-0.0864,1.4637%,1.5291%,8.3714%,-0.0033989999999999,CLX,46578.0,2019-02-19,252.0,-0.1728%,0.0008,0.3652,-0.3622,-0.0821,1.4621%,1.5257%,8.1598%,-0.001209,CLX,0.0176349999999999,0.025387,0.024318,0.0403909999999999,0.0374259999999999
32371,CLOROX CO,Mid-Day Market Update: Crude Oil Down Over 2%; Top Image Systems Shares Jump,6,uncertain,0.5,0.5,"the news primarily discusses crude oil prices and another company's stock movement, which does not directly indicate how clorox co's stock will be affected.",1,2019-02-04,CLX,2019-02-04 17:00:00+00:00,46578.0,18905410,0.0568530894815921,4004948.0,-0.0354843437671661,0.0099743613973259,0.0070044994354248,0.0187436398118734,-0.0041604326106607,-0.0021922814194113,0.0161237753927707,-0.0052474052645266,-0.0010921120410785,-0.0064323712140321,-0.0037945306394249,-0.0099215377122163,0.0091026704758405,-0.0166776459664106,0.0002559564018156,0.003439636901021,-0.0004477602778933,-0.0144458282738924,-0.0017276956932619,0.0157257504761219,-0.0046791601926088,0.0005266743246465,0.0235703475773334,-0.0047176075167953,0.0040266728028655,0.009525085799396,-0.0124075431376695,-0.0141507228836417,0.0027283797971904,0.0015675363829359,-0.0077833053655922,0.0143765611574053,0.0078443605452775,-0.0013232562923803,-0.0014553928049281,-0.0241477619856596,0.001077301451005,0.011890809983015,-0.0076597244478762,0.0067749707959592,0.0005103459698148,0.0059550972655415,0.0017215268453583,-0.0195276662707328,0.0045827841386199,0.0066614700481295,0.0078565888106822,-0.0003916801360901,0.0007543541141785,0.0155803943052887,0.0059049087576568,0.0375593788921833,-0.001873496803455,-0.0591547451913356,0.0052555608563125,0.0061864871531724,-0.0074687059968709,-0.0083306971937417,-0.0163040459156036,-0.0041800248436629,-0.0058647170662879,-0.0079112248495221,0.0135299814864993,-0.0472890734672546,0.0004429161490406,-0.0033922798465937,0.0001264087331946,0.0075683929026126,0.0113816196098923,-0.0137844365090131,0.0023757729213684,0.0242293961346149,0.0061123664490878,-0.0016618715599179,-0.0052693006582558,-0.0078773405402898,-0.0119656817987561,0.0007944119279272,-0.0056767626665532,-0.0100428853183984,-0.0044404780492186,-0.0019925241358578,0.000191148079466,-0.0025896292645484,-0.0087277507409453,0.0038085170090198,-0.0142031274735927,-0.0056504113599658,-0.0029336784500628,0.0185513906180858,0.0055576749145984,0.0030706871766597,0.010013710707426,0.0195353757590055,0.0010300886351615,-0.0043637985363602,-0.0066885878331959,-0.0121928425505757,-0.0136613836511969,0.0022836385760456,0.004398045130074,0.0081513132899999,0.0030717027839273,0.003308865474537,0.0067109642550349,0.0020017018541693,-0.0001294139510719,-0.0075123030692338,0.0044942516833543,0.014486382715404,0.0056412601843476,0.0065297246910631,0.0159262437373399,-0.0058611752465367,-0.0074891638942062,0.0036052628420293,0.0214221179485321,0.0072629926726222,-0.0724346861243248,0.0178988967090845,-0.0354843437671661,0.0099743613973259,-0.0287283943976248,0.0289049570465844,-0.0327693044593818,0.0266493078269109,-0.0182472501961715,0.0146929261491752,-0.0149640772183995,-0.0076877024682722,-0.0095340974507861,-0.0301503607886204,-0.0586789962571534,-0.0219739160038333,2019-02-05,2019-02-06,2019-02-07,2019-02-08,2019-02-11,2019-02-12,2019-02-13,2019-02-14,2019-02-15,2019-02-19,46578.0,2019-02-04,252.0,5.6853%,0.0007,0.4353,-0.3692,-0.0259,1.5034%,1.5960%,11.2705%,0.055542,CLX,46578.0,2019-02-05,252.0,-3.5484%,0.0008,0.3846,-0.3727,-0.0554,1.4765%,1.5543%,9.7642%,-0.037907,CLX,46578.0,2019-02-06,252.0,0.7004%,0.0008,0.3621,-0.3656,-0.0766,1.4748%,1.5426%,8.6000%,0.007752,CLX,46578.0,2019-02-07,252.0,-0.4160%,0.0008,0.3512,-0.3508,-0.0787,1.4696%,1.5330%,8.1097%,-0.0010689999999999,CLX,46578.0,2019-02-08,252.0,1.6124%,0.0009,0.3482,-0.3369,-0.0823,1.4675%,1.5295%,7.9439%,0.01534,CLX,46578.0,2019-02-11,252.0,-0.1092%,0.0008,0.3675,-0.3554,-0.0822,1.4644%,1.5295%,8.3309%,0.000733,CLX,46578.0,2019-02-12,252.0,-0.3795%,0.0008,0.3621,-0.3557,-0.0849,1.4657%,1.5292%,8.1253%,-0.008961,CLX,46578.0,2019-02-13,252.0,0.9103%,0.0009,0.3698,-0.3657,-0.0849,1.4637%,1.5293%,8.3960%,0.008262,CLX,46578.0,2019-02-14,252.0,0.0256%,0.0009,0.3693,-0.365,-0.0854,1.4636%,1.5291%,8.3848%,0.002342,CLX,46578.0,2019-02-15,252.0,-0.0448%,0.0009,0.369,-0.3657,-0.0864,1.4637%,1.5291%,8.3714%,-0.0033989999999999,CLX,46578.0,2019-02-19,252.0,-0.1728%,0.0008,0.3652,-0.3622,-0.0821,1.4621%,1.5257%,8.1598%,-0.001209,CLX,0.0176349999999999,0.025387,0.024318,0.0403909999999999,0.0374259999999999
32379,CLOROX CO,Clorox shares are trading higher after the company reported Q2 EPS of $1.40 versus the $1.31 analyst estimate and reaffirmed full year EPS guidance.,6,increase,0.8,0.6,the positive earnings surprise and reaffirmation of full year eps guidance are likely to boost investor confidence and drive the stock price higher.,2,2019-02-04,CLX,2019-02-04 13:21:00+00:00,46578.0,18905410,0.0568530894815921,4004948.0,-0.0354843437671661,0.0099743613973259,0.0070044994354248,0.0187436398118734,-0.0041604326106607,-0.0021922814194113,0.0161237753927707,-0.0052474052645266,-0.0010921120410785,-0.0064323712140321,-0.0037945306394249,-0.0099215377122163,0.0091026704758405,-0.0166776459664106,0.0002559564018156,0.003439636901021,-0.0004477602778933,-0.0144458282738924,-0.0017276956932619,0.0157257504761219,-0.0046791601926088,0.0005266743246465,0.0235703475773334,-0.0047176075167953,0.0040266728028655,0.009525085799396,-0.0124075431376695,-0.0141507228836417,0.0027283797971904,0.0015675363829359,-0.0077833053655922,0.0143765611574053,0.0078443605452775,-0.0013232562923803,-0.0014553928049281,-0.0241477619856596,0.001077301451005,0.011890809983015,-0.0076597244478762,0.0067749707959592,0.0005103459698148,0.0059550972655415,0.0017215268453583,-0.0195276662707328,0.0045827841386199,0.0066614700481295,0.0078565888106822,-0.0003916801360901,0.0007543541141785,0.0155803943052887,0.0059049087576568,0.0375593788921833,-0.001873496803455,-0.0591547451913356,0.0052555608563125,0.0061864871531724,-0.0074687059968709,-0.0083306971937417,-0.0163040459156036,-0.0041800248436629,-0.0058647170662879,-0.0079112248495221,0.0135299814864993,-0.0472890734672546,0.0004429161490406,-0.0033922798465937,0.0001264087331946,0.0075683929026126,0.0113816196098923,-0.0137844365090131,0.0023757729213684,0.0242293961346149,0.0061123664490878,-0.0016618715599179,-0.0052693006582558,-0.0078773405402898,-0.0119656817987561,0.0007944119279272,-0.0056767626665532,-0.0100428853183984,-0.0044404780492186,-0.0019925241358578,0.000191148079466,-0.0025896292645484,-0.0087277507409453,0.0038085170090198,-0.0142031274735927,-0.0056504113599658,-0.0029336784500628,0.0185513906180858,0.0055576749145984,0.0030706871766597,0.010013710707426,0.0195353757590055,0.0010300886351615,-0.0043637985363602,-0.0066885878331959,-0.0121928425505757,-0.0136613836511969,0.0022836385760456,0.004398045130074,0.0081513132899999,0.0030717027839273,0.003308865474537,0.0067109642550349,0.0020017018541693,-0.0001294139510719,-0.0075123030692338,0.0044942516833543,0.014486382715404,0.0056412601843476,0.0065297246910631,0.0159262437373399,-0.0058611752465367,-0.0074891638942062,0.0036052628420293,0.0214221179485321,0.0072629926726222,-0.0724346861243248,0.0178988967090845,-0.0354843437671661,0.0099743613973259,-0.0287283943976248,0.0289049570465844,-0.0327693044593818,0.0266493078269109,-0.0182472501961715,0.0146929261491752,-0.0149640772183995,-0.0076877024682722,-0.0095340974507861,-0.0301503607886204,-0.0586789962571534,-0.0219739160038333,2019-02-05,2019-02-06,2019-02-07,2019-02-08,2019-02-11,2019-02-12,2019-02-13,2019-02-14,2019-02-15,2019-02-19,46578.0,2019-02-04,252.0,5.6853%,0.0007,0.4353,-0.3692,-0.0259,1.5034%,1.5960%,11.2705%,0.055542,CLX,46578.0,2019-02-05,252.0,-3.5484%,0.0008,0.3846,-0.3727,-0.0554,1.4765%,1.5543%,9.7642%,-0.037907,CLX,46578.0,2019-02-06,252.0,0.7004%,0.0008,0.3621,-0.3656,-0.0766,1.4748%,1.5426%,8.6000%,0.007752,CLX,46578.0,2019-02-07,252.0,-0.4160%,0.0008,0.3512,-0.3508,-0.0787,1.4696%,1.5330%,8.1097%,-0.0010689999999999,CLX,46578.0,2019-02-08,252.0,1.6124%,0.0009,0.3482,-0.3369,-0.0823,1.4675%,1.5295%,7.9439%,0.01534,CLX,46578.0,2019-02-11,252.0,-0.1092%,0.0008,0.3675,-0.3554,-0.0822,1.4644%,1.5295%,8.3309%,0.000733,CLX,46578.0,2019-02-12,252.0,-0.3795%,0.0008,0.3621,-0.3557,-0.0849,1.4657%,1.5292%,8.1253%,-0.008961,CLX,46578.0,2019-02-13,252.0,0.9103%,0.0009,0.3698,-0.3657,-0.0849,1.4637%,1.5293%,8.3960%,0.008262,CLX,46578.0,2019-02-14,252.0,0.0256%,0.0009,0.3693,-0.365,-0.0854,1.4636%,1.5291%,8.3848%,0.002342,CLX,46578.0,2019-02-15,252.0,-0.0448%,0.0009,0.369,-0.3657,-0.0864,1.4637%,1.5291%,8.3714%,-0.0033989999999999,CLX,46578.0,2019-02-19,252.0,-0.1728%,0.0008,0.3652,-0.3622,-0.0821,1.4621%,1.5257%,8.1598%,-0.001209,CLX,0.0176349999999999,0.025387,0.024318,0.0403909999999999,0.0374259999999999
32387,CLOROX CO,"UPDATE: Clorox Q2 Adj. EPS $1.40 Beats $1.31 Estimate, Sales $1.473B Beat $1.47B Estimate",6,increase,0.8,0.6,"the positive earnings per share and sales figures beating estimates typically indicate strong financial performance, which can lead to an increase in stock price.",2,2019-02-04,CLX,2019-02-04 13:20:00+00:00,46578.0,18905410,0.0568530894815921,4004948.0,-0.0354843437671661,0.0099743613973259,0.0070044994354248,0.0187436398118734,-0.0041604326106607,-0.0021922814194113,0.0161237753927707,-0.0052474052645266,-0.0010921120410785,-0.0064323712140321,-0.0037945306394249,-0.0099215377122163,0.0091026704758405,-0.0166776459664106,0.0002559564018156,0.003439636901021,-0.0004477602778933,-0.0144458282738924,-0.0017276956932619,0.0157257504761219,-0.0046791601926088,0.0005266743246465,0.0235703475773334,-0.0047176075167953,0.0040266728028655,0.009525085799396,-0.0124075431376695,-0.0141507228836417,0.0027283797971904,0.0015675363829359,-0.0077833053655922,0.0143765611574053,0.0078443605452775,-0.0013232562923803,-0.0014553928049281,-0.0241477619856596,0.001077301451005,0.011890809983015,-0.0076597244478762,0.0067749707959592,0.0005103459698148,0.0059550972655415,0.0017215268453583,-0.0195276662707328,0.0045827841386199,0.0066614700481295,0.0078565888106822,-0.0003916801360901,0.0007543541141785,0.0155803943052887,0.0059049087576568,0.0375593788921833,-0.001873496803455,-0.0591547451913356,0.0052555608563125,0.0061864871531724,-0.0074687059968709,-0.0083306971937417,-0.0163040459156036,-0.0041800248436629,-0.0058647170662879,-0.0079112248495221,0.0135299814864993,-0.0472890734672546,0.0004429161490406,-0.0033922798465937,0.0001264087331946,0.0075683929026126,0.0113816196098923,-0.0137844365090131,0.0023757729213684,0.0242293961346149,0.0061123664490878,-0.0016618715599179,-0.0052693006582558,-0.0078773405402898,-0.0119656817987561,0.0007944119279272,-0.0056767626665532,-0.0100428853183984,-0.0044404780492186,-0.0019925241358578,0.000191148079466,-0.0025896292645484,-0.0087277507409453,0.0038085170090198,-0.0142031274735927,-0.0056504113599658,-0.0029336784500628,0.0185513906180858,0.0055576749145984,0.0030706871766597,0.010013710707426,0.0195353757590055,0.0010300886351615,-0.0043637985363602,-0.0066885878331959,-0.0121928425505757,-0.0136613836511969,0.0022836385760456,0.004398045130074,0.0081513132899999,0.0030717027839273,0.003308865474537,0.0067109642550349,0.0020017018541693,-0.0001294139510719,-0.0075123030692338,0.0044942516833543,0.014486382715404,0.0056412601843476,0.0065297246910631,0.0159262437373399,-0.0058611752465367,-0.0074891638942062,0.0036052628420293,0.0214221179485321,0.0072629926726222,-0.0724346861243248,0.0178988967090845,-0.0354843437671661,0.0099743613973259,-0.0287283943976248,0.0289049570465844,-0.0327693044593818,0.0266493078269109,-0.0182472501961715,0.0146929261491752,-0.0149640772183995,-0.0076877024682722,-0.0095340974507861,-0.0301503607886204,-0.0586789962571534,-0.0219739160038333,2019-02-05,2019-02-06,2019-02-07,2019-02-08,2019-02-11,2019-02-12,2019-02-13,2019-02-14,2019-02-15,2019-02-19,46578.0,2019-02-04,252.0,5.6853%,0.0007,0.4353,-0.3692,-0.0259,1.5034%,1.5960%,11.2705%,0.055542,CLX,46578.0,2019-02-05,252.0,-3.5484%,0.0008,0.3846,-0.3727,-0.0554,1.4765%,1.5543%,9.7642%,-0.037907,CLX,46578.0,2019-02-06,252.0,0.7004%,0.0008,0.3621,-0.3656,-0.0766,1.4748%,1.5426%,8.6000%,0.007752,CLX,46578.0,2019-02-07,252.0,-0.4160%,0.0008,0.3512,-0.3508,-0.0787,1.4696%,1.5330%,8.1097%,-0.0010689999999999,CLX,46578.0,2019-02-08,252.0,1.6124%,0.0009,0.3482,-0.3369,-0.0823,1.4675%,1.5295%,7.9439%,0.01534,CLX,46578.0,2019-02-11,252.0,-0.1092%,0.0008,0.3675,-0.3554,-0.0822,1.4644%,1.5295%,8.3309%,0.000733,CLX,46578.0,2019-02-12,252.0,-0.3795%,0.0008,0.3621,-0.3557,-0.0849,1.4657%,1.5292%,8.1253%,-0.008961,CLX,46578.0,2019-02-13,252.0,0.9103%,0.0009,0.3698,-0.3657,-0.0849,1.4637%,1.5293%,8.3960%,0.008262,CLX,46578.0,2019-02-14,252.0,0.0256%,0.0009,0.3693,-0.365,-0.0854,1.4636%,1.5291%,8.3848%,0.002342,CLX,46578.0,2019-02-15,252.0,-0.0448%,0.0009,0.369,-0.3657,-0.0864,1.4637%,1.5291%,8.3714%,-0.0033989999999999,CLX,46578.0,2019-02-19,252.0,-0.1728%,0.0008,0.3652,-0.3622,-0.0821,1.4621%,1.5257%,8.1598%,-0.001209,CLX,0.0176349999999999,0.025387,0.024318,0.0403909999999999,0.0374259999999999
32395,CLOROX CO,Clorox Maintains FY2019 EPS Guidance of $6.20-6.40 vs $6.32 Est,6,uncertain,0.6,0.2,"while clorox's guidance is in line with estimates, the lack of an upward revision may lead to mixed investor reactions, creating uncertainty in the stock price movement.",1,2019-02-04,CLX,2019-02-04 11:36:00+00:00,46578.0,18905410,0.0568530894815921,4004948.0,-0.0354843437671661,0.0099743613973259,0.0070044994354248,0.0187436398118734,-0.0041604326106607,-0.0021922814194113,0.0161237753927707,-0.0052474052645266,-0.0010921120410785,-0.0064323712140321,-0.0037945306394249,-0.0099215377122163,0.0091026704758405,-0.0166776459664106,0.0002559564018156,0.003439636901021,-0.0004477602778933,-0.0144458282738924,-0.0017276956932619,0.0157257504761219,-0.0046791601926088,0.0005266743246465,0.0235703475773334,-0.0047176075167953,0.0040266728028655,0.009525085799396,-0.0124075431376695,-0.0141507228836417,0.0027283797971904,0.0015675363829359,-0.0077833053655922,0.0143765611574053,0.0078443605452775,-0.0013232562923803,-0.0014553928049281,-0.0241477619856596,0.001077301451005,0.011890809983015,-0.0076597244478762,0.0067749707959592,0.0005103459698148,0.0059550972655415,0.0017215268453583,-0.0195276662707328,0.0045827841386199,0.0066614700481295,0.0078565888106822,-0.0003916801360901,0.0007543541141785,0.0155803943052887,0.0059049087576568,0.0375593788921833,-0.001873496803455,-0.0591547451913356,0.0052555608563125,0.0061864871531724,-0.0074687059968709,-0.0083306971937417,-0.0163040459156036,-0.0041800248436629,-0.0058647170662879,-0.0079112248495221,0.0135299814864993,-0.0472890734672546,0.0004429161490406,-0.0033922798465937,0.0001264087331946,0.0075683929026126,0.0113816196098923,-0.0137844365090131,0.0023757729213684,0.0242293961346149,0.0061123664490878,-0.0016618715599179,-0.0052693006582558,-0.0078773405402898,-0.0119656817987561,0.0007944119279272,-0.0056767626665532,-0.0100428853183984,-0.0044404780492186,-0.0019925241358578,0.000191148079466,-0.0025896292645484,-0.0087277507409453,0.0038085170090198,-0.0142031274735927,-0.0056504113599658,-0.0029336784500628,0.0185513906180858,0.0055576749145984,0.0030706871766597,0.010013710707426,0.0195353757590055,0.0010300886351615,-0.0043637985363602,-0.0066885878331959,-0.0121928425505757,-0.0136613836511969,0.0022836385760456,0.004398045130074,0.0081513132899999,0.0030717027839273,0.003308865474537,0.0067109642550349,0.0020017018541693,-0.0001294139510719,-0.0075123030692338,0.0044942516833543,0.014486382715404,0.0056412601843476,0.0065297246910631,0.0159262437373399,-0.0058611752465367,-0.0074891638942062,0.0036052628420293,0.0214221179485321,0.0072629926726222,-0.0724346861243248,0.0178988967090845,-0.0354843437671661,0.0099743613973259,-0.0287283943976248,0.0289049570465844,-0.0327693044593818,0.0266493078269109,-0.0182472501961715,0.0146929261491752,-0.0149640772183995,-0.0076877024682722,-0.0095340974507861,-0.0301503607886204,-0.0586789962571534,-0.0219739160038333,2019-02-05,2019-02-06,2019-02-07,2019-02-08,2019-02-11,2019-02-12,2019-02-13,2019-02-14,2019-02-15,2019-02-19,46578.0,2019-02-04,252.0,5.6853%,0.0007,0.4353,-0.3692,-0.0259,1.5034%,1.5960%,11.2705%,0.055542,CLX,46578.0,2019-02-05,252.0,-3.5484%,0.0008,0.3846,-0.3727,-0.0554,1.4765%,1.5543%,9.7642%,-0.037907,CLX,46578.0,2019-02-06,252.0,0.7004%,0.0008,0.3621,-0.3656,-0.0766,1.4748%,1.5426%,8.6000%,0.007752,CLX,46578.0,2019-02-07,252.0,-0.4160%,0.0008,0.3512,-0.3508,-0.0787,1.4696%,1.5330%,8.1097%,-0.0010689999999999,CLX,46578.0,2019-02-08,252.0,1.6124%,0.0009,0.3482,-0.3369,-0.0823,1.4675%,1.5295%,7.9439%,0.01534,CLX,46578.0,2019-02-11,252.0,-0.1092%,0.0008,0.3675,-0.3554,-0.0822,1.4644%,1.5295%,8.3309%,0.000733,CLX,46578.0,2019-02-12,252.0,-0.3795%,0.0008,0.3621,-0.3557,-0.0849,1.4657%,1.5292%,8.1253%,-0.008961,CLX,46578.0,2019-02-13,252.0,0.9103%,0.0009,0.3698,-0.3657,-0.0849,1.4637%,1.5293%,8.3960%,0.008262,CLX,46578.0,2019-02-14,252.0,0.0256%,0.0009,0.3693,-0.365,-0.0854,1.4636%,1.5291%,8.3848%,0.002342,CLX,46578.0,2019-02-15,252.0,-0.0448%,0.0009,0.369,-0.3657,-0.0864,1.4637%,1.5291%,8.3714%,-0.0033989999999999,CLX,46578.0,2019-02-19,252.0,-0.1728%,0.0008,0.3652,-0.3622,-0.0821,1.4621%,1.5257%,8.1598%,-0.001209,CLX,0.0176349999999999,0.025387,0.024318,0.0403909999999999,0.0374259999999999
32403,CLOROX CO,"Clorox Q2 EPS $1.30 Misses $1.31 Estimate, Sales $1.473B Beat $1.47B Estimate",6,uncertain,0.6,0.3,"while clorox's sales beat estimates, the earnings per share miss could lead to mixed reactions from investors, making the overall impact on the stock price uncertain.",1,2019-02-04,CLX,2019-02-04 11:35:00+00:00,46578.0,18905410,0.0568530894815921,4004948.0,-0.0354843437671661,0.0099743613973259,0.0070044994354248,0.0187436398118734,-0.0041604326106607,-0.0021922814194113,0.0161237753927707,-0.0052474052645266,-0.0010921120410785,-0.0064323712140321,-0.0037945306394249,-0.0099215377122163,0.0091026704758405,-0.0166776459664106,0.0002559564018156,0.003439636901021,-0.0004477602778933,-0.0144458282738924,-0.0017276956932619,0.0157257504761219,-0.0046791601926088,0.0005266743246465,0.0235703475773334,-0.0047176075167953,0.0040266728028655,0.009525085799396,-0.0124075431376695,-0.0141507228836417,0.0027283797971904,0.0015675363829359,-0.0077833053655922,0.0143765611574053,0.0078443605452775,-0.0013232562923803,-0.0014553928049281,-0.0241477619856596,0.001077301451005,0.011890809983015,-0.0076597244478762,0.0067749707959592,0.0005103459698148,0.0059550972655415,0.0017215268453583,-0.0195276662707328,0.0045827841386199,0.0066614700481295,0.0078565888106822,-0.0003916801360901,0.0007543541141785,0.0155803943052887,0.0059049087576568,0.0375593788921833,-0.001873496803455,-0.0591547451913356,0.0052555608563125,0.0061864871531724,-0.0074687059968709,-0.0083306971937417,-0.0163040459156036,-0.0041800248436629,-0.0058647170662879,-0.0079112248495221,0.0135299814864993,-0.0472890734672546,0.0004429161490406,-0.0033922798465937,0.0001264087331946,0.0075683929026126,0.0113816196098923,-0.0137844365090131,0.0023757729213684,0.0242293961346149,0.0061123664490878,-0.0016618715599179,-0.0052693006582558,-0.0078773405402898,-0.0119656817987561,0.0007944119279272,-0.0056767626665532,-0.0100428853183984,-0.0044404780492186,-0.0019925241358578,0.000191148079466,-0.0025896292645484,-0.0087277507409453,0.0038085170090198,-0.0142031274735927,-0.0056504113599658,-0.0029336784500628,0.0185513906180858,0.0055576749145984,0.0030706871766597,0.010013710707426,0.0195353757590055,0.0010300886351615,-0.0043637985363602,-0.0066885878331959,-0.0121928425505757,-0.0136613836511969,0.0022836385760456,0.004398045130074,0.0081513132899999,0.0030717027839273,0.003308865474537,0.0067109642550349,0.0020017018541693,-0.0001294139510719,-0.0075123030692338,0.0044942516833543,0.014486382715404,0.0056412601843476,0.0065297246910631,0.0159262437373399,-0.0058611752465367,-0.0074891638942062,0.0036052628420293,0.0214221179485321,0.0072629926726222,-0.0724346861243248,0.0178988967090845,-0.0354843437671661,0.0099743613973259,-0.0287283943976248,0.0289049570465844,-0.0327693044593818,0.0266493078269109,-0.0182472501961715,0.0146929261491752,-0.0149640772183995,-0.0076877024682722,-0.0095340974507861,-0.0301503607886204,-0.0586789962571534,-0.0219739160038333,2019-02-05,2019-02-06,2019-02-07,2019-02-08,2019-02-11,2019-02-12,2019-02-13,2019-02-14,2019-02-15,2019-02-19,46578.0,2019-02-04,252.0,5.6853%,0.0007,0.4353,-0.3692,-0.0259,1.5034%,1.5960%,11.2705%,0.055542,CLX,46578.0,2019-02-05,252.0,-3.5484%,0.0008,0.3846,-0.3727,-0.0554,1.4765%,1.5543%,9.7642%,-0.037907,CLX,46578.0,2019-02-06,252.0,0.7004%,0.0008,0.3621,-0.3656,-0.0766,1.4748%,1.5426%,8.6000%,0.007752,CLX,46578.0,2019-02-07,252.0,-0.4160%,0.0008,0.3512,-0.3508,-0.0787,1.4696%,1.5330%,8.1097%,-0.0010689999999999,CLX,46578.0,2019-02-08,252.0,1.6124%,0.0009,0.3482,-0.3369,-0.0823,1.4675%,1.5295%,7.9439%,0.01534,CLX,46578.0,2019-02-11,252.0,-0.1092%,0.0008,0.3675,-0.3554,-0.0822,1.4644%,1.5295%,8.3309%,0.000733,CLX,46578.0,2019-02-12,252.0,-0.3795%,0.0008,0.3621,-0.3557,-0.0849,1.4657%,1.5292%,8.1253%,-0.008961,CLX,46578.0,2019-02-13,252.0,0.9103%,0.0009,0.3698,-0.3657,-0.0849,1.4637%,1.5293%,8.3960%,0.008262,CLX,46578.0,2019-02-14,252.0,0.0256%,0.0009,0.3693,-0.365,-0.0854,1.4636%,1.5291%,8.3848%,0.002342,CLX,46578.0,2019-02-15,252.0,-0.0448%,0.0009,0.369,-0.3657,-0.0864,1.4637%,1.5291%,8.3714%,-0.0033989999999999,CLX,46578.0,2019-02-19,252.0,-0.1728%,0.0008,0.3652,-0.3622,-0.0821,1.4621%,1.5257%,8.1598%,-0.001209,CLX,0.0176349999999999,0.025387,0.024318,0.0403909999999999,0.0374259999999999
32411,COMCAST CORP NEW,Universal's 'How To Train Your Dragon: The Hidden World' Grosses $40.7M Internationally Ahead of U.S Release Later this Month,6,increase,0.7,0.5,"the strong international box office performance of 'how to train your dragon: the hidden world' suggests positive reception and potential for higher revenue, which could boost comcast corp new's stock price.",2,2019-02-04,CMCSA,2019-02-04 00:08:00+00:00,89525.0,20030N10,-0.0005436384235508,22882298.0,0.0103345410898327,0.0060158935375511,0.0005382676026783,0.0321761034429073,0.0137208011001348,-0.0180155616253614,-0.0021231907885521,0.0200735908001661,-0.0159574076533317,-0.0114589119330048,0.0064865318126976,-0.0126932365819811,-0.0056391754187643,-0.017619889229536,0.0062111681327223,0.0549041479825973,0.0136876590549945,-0.0342446267604827,-0.0058247609995305,0.008354197256267,0.0063915229402482,0.0002785047690849,0.0179941859096288,0.0019536614418029,0.0036391834728419,0.0016774216201156,-0.0010360247688367,0.0039292559958994,0.0059631718322634,-0.005304261110723,-0.0069587747566401,-0.0066556204110383,0.003633516607806,0.0095184808596968,0.011119739152491,0.0081851799041032,-0.0094628883525729,-0.0106115899980068,-0.000258154439507,0.0337760411202907,-0.0028409247752279,0.0078557012602686,-0.0059569939039647,0.0093979351222515,-0.0049505583010613,-0.0032023070380091,0.0256611574441194,-0.0034813676029443,0.0081696072593331,0.0096661346033215,0.0017725928919389,0.0323555991053581,0.0078361360356211,-0.0201481580734252,0.015048966743052,-0.0251299533993005,-0.013590388931334,-0.0161977745592594,-0.0035069989971816,-0.012903306633234,-0.0077927997335791,-0.0154652744531631,0.0146946543827652,-0.0035773545969277,-0.0147315897047519,-0.0114254131913185,-0.007095762528479,-0.0059491950087249,0.0114854713901877,0.0038002005312591,0.0146353263407945,-0.0136545738205313,0.0052225589752197,-0.0016038859030231,-0.0108856670558452,-0.0124076344072818,0.0082541732117533,0.00504118995741,-0.0019846421200782,-0.0372925363481044,0.0062468764372169,0.0035889057908207,0.0034765182062983,-0.0104008084163069,0.0002474219654686,0.0092165078967809,0.0071746888570487,0.0182481948286294,0.00810616184026,0.0156208667904138,0.0009746811701916,0.0101631740108132,-0.0009737320942804,-0.0031991186551749,0.0063352417200803,0.0204026121646165,0.0116222649812698,-0.0371922999620437,0.0045476891100406,-0.0106245102360844,0.0142958890646696,0.0025980377104133,-0.0032886867411434,0.0052233156748116,-0.0101343458518385,0.0151113383471965,-0.0002380552759859,-0.0073683890514075,-0.0033342032693326,-0.0088680265471339,0.0258064959198236,0.0010444103972986,0.0034940955229103,0.0,0.0085886474698781,0.0151073336601257,0.001841151039116,-0.0076275882311165,-0.0025270069018006,0.0095592299476265,0.0103345410898327,0.0060158935375511,0.0108783714411684,0.0383855649932243,0.0247484325121409,0.019678465856203,0.0062550867131385,0.0282281204077414,0.0212129122288642,0.0245057348239432,0.0818601662084415,0.0377360015607566,0.1870502778586447,-0.0176502867072347,2019-02-05,2019-02-06,2019-02-07,2019-02-08,2019-02-11,2019-02-12,2019-02-13,2019-02-14,2019-02-15,2019-02-19,89525.0,2019-02-04,252.0,-0.0544%,-0.0001,0.9446,0.0255,0.3725,1.4954%,1.8010%,31.0646%,-0.005895,CMCSA,89525.0,2019-02-05,252.0,1.0335%,-0.0001,0.9468,0.0232,0.369,1.4962%,1.7985%,30.7905%,0.008428,CMCSA,89525.0,2019-02-06,252.0,0.0538%,-0.0001,0.9356,0.0267,0.3583,1.4957%,1.7745%,28.9548%,0.002265,CMCSA,89525.0,2019-02-07,252.0,1.3721%,0.0,0.9319,0.0224,0.3637,1.5014%,1.7750%,28.4498%,0.020959,CMCSA,89525.0,2019-02-08,252.0,-0.2123%,-0.0,0.9324,0.0092,0.3571,1.4986%,1.7734%,28.5958%,-0.000563,CMCSA,89525.0,2019-02-11,252.0,-1.5957%,-0.0,0.9071,0.0085,0.3435,1.4992%,1.7493%,26.5573%,-0.018245,CMCSA,89525.0,2019-02-12,252.0,0.6487%,-0.0,0.906,0.0061,0.3434,1.4994%,1.7487%,26.4768%,-0.005368,CMCSA,89525.0,2019-02-13,252.0,-0.5639%,-0.0,0.9103,-0.0046,0.3394,1.4984%,1.7491%,26.6066%,-0.00852,CMCSA,89525.0,2019-02-14,252.0,0.6211%,-0.0,0.9073,0.0005,0.3348,1.4987%,1.7482%,26.5015%,0.010015,CMCSA,89525.0,2019-02-15,252.0,1.3688%,-0.0,0.9113,0.0043,0.3415,1.4986%,1.7486%,26.5520%,0.001726,CMCSA,89525.0,2019-02-19,252.0,-0.5825%,-0.0001,0.9071,0.0023,0.3396,1.4988%,1.7459%,26.3024%,-0.008693,CMCSA,0.0025329999999999,0.004798,0.025757,0.0069489999999999,-0.003891
32419,C M E GROUP INC,CME Group shares are trading lower after the company announced January contracts traded were down 6% from January 2018.,6,decrease,0.8,0.6,"the decline in january contracts traded suggests a decrease in trading activity, which is likely to negatively impact investor sentiment and the stock price of cme group.",0,2019-02-04,CME,2019-02-04 15:14:00+00:00,89626.0,12572Q10,-0.010357660241425,2398803.0,-0.0152032310143113,0.0063638561405241,-0.0057053603231906,0.0105893649160862,-0.0029815414454787,-0.004525676369667,0.0054731210693717,-0.0203828085213899,-0.0049382136203348,-0.0052704941481351,0.0090795466676354,-0.0020395279861986,0.0082155102863907,-0.0079863695427775,-0.0166297126561403,0.0079965945333242,-0.0112739577889442,0.0158098954707384,-0.0062713278457522,0.0119717437773942,0.0074009941890835,-0.005650330800563,0.0051256287842988,0.0018135115969926,0.0088956430554389,0.018413882702589,-0.0032011235598474,-0.010412654839456,0.0034931269474327,0.003892115317285,0.0098253889009356,0.007224510423839,0.0113977706059813,-0.0224461071193218,0.0037380720023065,-0.0059319529682397,-0.0125417234376072,-0.0050356979481875,-0.0239045899361372,0.0175206214189529,-0.0098869558423757,-0.021985137835145,-0.0057388809509575,-0.0135019849985837,-0.0055652563460171,0.010800034739077,-0.0041971900500357,0.0097113344818353,-0.0026344233192503,0.0205682311207056,-0.0039912699721753,0.03227274492383,-0.0074253622442483,-0.0330139547586441,0.0101526258513331,-0.0121687399223446,-0.0014693781267851,-0.0033957036212086,-0.0068279691040515,0.0149899097159504,-0.0233509298413991,-0.0150870364159345,-0.0027913798112422,-0.0109251923859119,-0.0061461357399821,-0.0015962703619152,0.0052044503390789,-0.0033409602474421,-0.0001218509642058,-0.004960092715919,-0.0095643745735287,-0.0044129844754934,0.0011071021435782,0.0173160471022129,0.0111821535974741,-0.0064014582894742,0.0119698699563741,0.004357106052339,0.0091264136135578,0.0004784239863511,0.0022014344576746,-0.010364064015448,0.0054618744179606,0.0061934157274663,0.0043103196658194,0.0096200257539749,0.013522271066904,-0.0362605899572372,-0.0094553334638476,0.0137321930378675,-0.0040993029251694,0.0116740092635154,0.0028225081041455,-0.0036840005777776,0.0139556992799043,-0.0111886402592063,0.0027758253272622,-0.0176371186971664,0.0029988712631165,0.0,0.0172493103891611,0.021142216399312,-0.0031652585603296,0.0186110809445381,-0.0089589580893516,0.0038968436419963,5.718335523852147e-05,0.004719790071249,0.0081241121515631,-0.0173395611345768,0.010215014219284,0.001636556116864,0.005617662332952,0.0039217248558998,-0.0082676708698272,0.012285454198718,0.0077169779688119,0.0048517188988626,-0.0201229229569435,0.008919826708734,-0.0152032310143113,0.0063638561405241,-0.0208218514264886,0.0170206102515557,-0.0237413116589677,0.0124179041082759,-0.0232454893884973,-0.0134451973167666,-0.0398809669732989,0.0120269661639687,-0.0665219203235317,0.0130841623946227,-0.0301741574675994,0.0109563381203694,2019-02-05,2019-02-06,2019-02-07,2019-02-08,2019-02-11,2019-02-12,2019-02-13,2019-02-14,2019-02-15,2019-02-19,89626.0,2019-02-04,252.0,-1.0358%,0.0008,0.6221,-0.7105,0.1643,1.0213%,1.2904%,37.3593%,-0.010807,CME,89626.0,2019-02-05,252.0,-1.5203%,0.0007,0.635,-0.6994,0.191,1.0236%,1.2943%,37.4488%,-0.017561,CME,89626.0,2019-02-06,252.0,-0.5705%,0.0007,0.6336,-0.6989,0.1889,1.0242%,1.2780%,35.7785%,-0.004612,CME,89626.0,2019-02-07,252.0,-0.2982%,0.0007,0.628,-0.692,0.1882,1.0225%,1.2698%,35.1586%,0.001165,CME,89626.0,2019-02-08,252.0,0.5473%,0.0006,0.6276,-0.7111,0.1737,1.0157%,1.2671%,35.7477%,0.0064529999999999,CME,89626.0,2019-02-11,252.0,-0.4938%,0.0007,0.6061,-0.6938,0.1718,1.0106%,1.2372%,33.2752%,-0.001623,CME,89626.0,2019-02-12,252.0,0.9080%,0.0006,0.5995,-0.6849,0.1669,1.0079%,1.2288%,32.7311%,0.001167,CME,89626.0,2019-02-13,252.0,0.8216%,0.0006,0.5961,-0.6767,0.1698,1.0068%,1.2231%,32.2364%,0.006731,CME,89626.0,2019-02-14,252.0,-1.6630%,0.0006,0.5989,-0.6829,0.1765,1.0094%,1.2279%,32.4243%,-0.010974,CME,89626.0,2019-02-15,252.0,-1.1274%,0.0005,0.584,-0.6982,0.1498,1.0152%,1.2279%,31.6392%,-0.017282,CME,89626.0,2019-02-19,252.0,-0.6271%,0.0004,0.5794,-0.6974,0.1511,1.0138%,1.2235%,31.3402%,-0.005906,CME,-0.028368,-0.03298,-0.031815,-0.026985,-0.053249
32427,C M E GROUP INC,CME Group Announces January Contracts Per Day Down 6% YoY,6,decrease,0.75,0.6,"a 6% year-over-year decline in contracts per day suggests reduced trading activity, which could negatively impact cme group's revenue and investor sentiment.",0,2019-02-04,CME,2019-02-04 12:32:00+00:00,89626.0,12572Q10,-0.010357660241425,2398803.0,-0.0152032310143113,0.0063638561405241,-0.0057053603231906,0.0105893649160862,-0.0029815414454787,-0.004525676369667,0.0054731210693717,-0.0203828085213899,-0.0049382136203348,-0.0052704941481351,0.0090795466676354,-0.0020395279861986,0.0082155102863907,-0.0079863695427775,-0.0166297126561403,0.0079965945333242,-0.0112739577889442,0.0158098954707384,-0.0062713278457522,0.0119717437773942,0.0074009941890835,-0.005650330800563,0.0051256287842988,0.0018135115969926,0.0088956430554389,0.018413882702589,-0.0032011235598474,-0.010412654839456,0.0034931269474327,0.003892115317285,0.0098253889009356,0.007224510423839,0.0113977706059813,-0.0224461071193218,0.0037380720023065,-0.0059319529682397,-0.0125417234376072,-0.0050356979481875,-0.0239045899361372,0.0175206214189529,-0.0098869558423757,-0.021985137835145,-0.0057388809509575,-0.0135019849985837,-0.0055652563460171,0.010800034739077,-0.0041971900500357,0.0097113344818353,-0.0026344233192503,0.0205682311207056,-0.0039912699721753,0.03227274492383,-0.0074253622442483,-0.0330139547586441,0.0101526258513331,-0.0121687399223446,-0.0014693781267851,-0.0033957036212086,-0.0068279691040515,0.0149899097159504,-0.0233509298413991,-0.0150870364159345,-0.0027913798112422,-0.0109251923859119,-0.0061461357399821,-0.0015962703619152,0.0052044503390789,-0.0033409602474421,-0.0001218509642058,-0.004960092715919,-0.0095643745735287,-0.0044129844754934,0.0011071021435782,0.0173160471022129,0.0111821535974741,-0.0064014582894742,0.0119698699563741,0.004357106052339,0.0091264136135578,0.0004784239863511,0.0022014344576746,-0.010364064015448,0.0054618744179606,0.0061934157274663,0.0043103196658194,0.0096200257539749,0.013522271066904,-0.0362605899572372,-0.0094553334638476,0.0137321930378675,-0.0040993029251694,0.0116740092635154,0.0028225081041455,-0.0036840005777776,0.0139556992799043,-0.0111886402592063,0.0027758253272622,-0.0176371186971664,0.0029988712631165,0.0,0.0172493103891611,0.021142216399312,-0.0031652585603296,0.0186110809445381,-0.0089589580893516,0.0038968436419963,5.718335523852147e-05,0.004719790071249,0.0081241121515631,-0.0173395611345768,0.010215014219284,0.001636556116864,0.005617662332952,0.0039217248558998,-0.0082676708698272,0.012285454198718,0.0077169779688119,0.0048517188988626,-0.0201229229569435,0.008919826708734,-0.0152032310143113,0.0063638561405241,-0.0208218514264886,0.0170206102515557,-0.0237413116589677,0.0124179041082759,-0.0232454893884973,-0.0134451973167666,-0.0398809669732989,0.0120269661639687,-0.0665219203235317,0.0130841623946227,-0.0301741574675994,0.0109563381203694,2019-02-05,2019-02-06,2019-02-07,2019-02-08,2019-02-11,2019-02-12,2019-02-13,2019-02-14,2019-02-15,2019-02-19,89626.0,2019-02-04,252.0,-1.0358%,0.0008,0.6221,-0.7105,0.1643,1.0213%,1.2904%,37.3593%,-0.010807,CME,89626.0,2019-02-05,252.0,-1.5203%,0.0007,0.635,-0.6994,0.191,1.0236%,1.2943%,37.4488%,-0.017561,CME,89626.0,2019-02-06,252.0,-0.5705%,0.0007,0.6336,-0.6989,0.1889,1.0242%,1.2780%,35.7785%,-0.004612,CME,89626.0,2019-02-07,252.0,-0.2982%,0.0007,0.628,-0.692,0.1882,1.0225%,1.2698%,35.1586%,0.001165,CME,89626.0,2019-02-08,252.0,0.5473%,0.0006,0.6276,-0.7111,0.1737,1.0157%,1.2671%,35.7477%,0.0064529999999999,CME,89626.0,2019-02-11,252.0,-0.4938%,0.0007,0.6061,-0.6938,0.1718,1.0106%,1.2372%,33.2752%,-0.001623,CME,89626.0,2019-02-12,252.0,0.9080%,0.0006,0.5995,-0.6849,0.1669,1.0079%,1.2288%,32.7311%,0.001167,CME,89626.0,2019-02-13,252.0,0.8216%,0.0006,0.5961,-0.6767,0.1698,1.0068%,1.2231%,32.2364%,0.006731,CME,89626.0,2019-02-14,252.0,-1.6630%,0.0006,0.5989,-0.6829,0.1765,1.0094%,1.2279%,32.4243%,-0.010974,CME,89626.0,2019-02-15,252.0,-1.1274%,0.0005,0.584,-0.6982,0.1498,1.0152%,1.2279%,31.6392%,-0.017282,CME,89626.0,2019-02-19,252.0,-0.6271%,0.0004,0.5794,-0.6974,0.1511,1.0138%,1.2235%,31.3402%,-0.005906,CME,-0.028368,-0.03298,-0.031815,-0.026985,-0.053249
32435,CUMMINS INC,What Electric Vehicle Adopters Can Learn From Natural Gas Fleets,6,uncertain,0.6,0.3,"the article discusses lessons for electric vehicle adopters from natural gas fleets, which may not directly impact cummins inc.'s stock price but could indicate a strategic direction that investors might view positively or negatively.",1,2019-02-04,CMI,2019-02-04 17:10:00+00:00,41080.0,23102110,0.0139049366116523,1345743.0,0.0071933264844119,-0.0027190123219043,-0.0031371058430522,0.0051243510097265,0.0018077603308483,-0.000136659873533,-0.0089559974148869,0.0249264631420373,-0.0006744409329257,-0.0273766629397869,0.0243622679263353,0.0205017514526844,0.0060610938817262,0.0030672878492623,-0.0086438823491334,-0.0186755768954753,0.0269502736628055,-0.0290914252400398,-0.0116421012207865,0.037629161030054,0.0112585946917533,0.0263847429305315,-0.0011583247687667,0.017782587558031,0.0088920295238494,-0.0094844317063689,0.0041173403151333,0.0049448362551629,-0.0049333949573338,0.0015071517555043,0.0003219564387109,0.0135302292183041,-0.0081745898351073,0.0019679612014442,0.0020767559763044,0.002630814211443,0.00407997937873,0.0049203066155314,-0.0035473930183798,0.0415327548980712,0.0001941794180311,-0.0197930671274662,-0.0014885514974594,-0.0019454841967672,0.0018148554954677,0.0150387035682797,0.0224492829293012,-0.0069391927681863,0.0024044855963438,0.0115205189213156,-0.0092159546911716,0.0444657690823078,0.000955618568696,-0.0212915558367967,0.0019095095340162,-0.0145261650905013,0.0199479032307863,-0.0059591932222247,-0.0027405943255871,-0.0034261988475918,-0.0146774472668767,-0.0008368247654289,0.0054513225331902,-0.0178571380674839,-0.0188500210642814,-0.0046850959770381,0.0052688559517264,-0.0110318455845117,-0.0011504805879667,0.0116816023364663,-0.0046074180863797,-0.0138674844056367,0.00282868812792,-0.0166667588055133,0.0120519874617457,-0.025932865217328,0.0282511357218027,-0.0278745777904987,-0.0030801454558968,-0.0400079116225242,-0.0023481731768697,0.0093340640887618,0.0122638326138258,0.0192982498556375,-0.0009789415635168,-0.0024232675787061,-0.0004899970954284,0.0232814792543649,-0.009069156832993,-0.0136558851227164,0.0051325615495443,0.0164353623986244,0.0124277370050549,-0.0013103616656735,0.009176043793559,0.0127820204943418,-0.0066237491555511,-0.0174993351101875,0.0136388437822461,-0.0094487080350518,-0.0075349509716033,-0.0023735663853585,0.0113279679790139,0.0111081348732113,-0.0112010827288031,0.0171626042574644,0.0051216608844697,0.0009697934729047,-0.0038366967346519,0.0090165175497531,-0.024252263829112,-0.0217435397207737,0.0074009927920997,-0.0032712856773287,0.0048977779224514,0.0111639108508825,0.0130985369905829,0.0088993869721889,-0.0049310969188809,0.0141013888642191,0.0071933264844119,-0.0027190123219043,0.0040336544148145,0.002391405514285,0.0058487066261023,0.0022544188315769,-0.0038319817111441,-0.0008852465454882,0.0330084295466182,0.011095800530928,0.0843340637301039,0.1170245985218458,0.1206343029833714,0.0424931608430556,2019-02-05,2019-02-06,2019-02-07,2019-02-08,2019-02-11,2019-02-12,2019-02-13,2019-02-14,2019-02-15,2019-02-19,41080.0,2019-02-04,252.0,1.3905%,-0.0005,1.0469,0.1282,0.6003,1.1682%,1.6003%,46.7105%,0.008461,CMI,41080.0,2019-02-05,252.0,0.7193%,-0.0004,1.0456,0.1253,0.5943,1.1690%,1.5932%,46.1693%,0.006296,CMI,41080.0,2019-02-06,252.0,-0.3137%,-0.0005,1.0739,0.1162,0.6221,1.1641%,1.5834%,45.9483%,-0.00134,CMI,41080.0,2019-02-07,252.0,0.1808%,-0.0003,1.0943,0.086,0.6279,1.1388%,1.5768%,47.8383%,0.00942,CMI,41080.0,2019-02-08,252.0,-0.8956%,-0.0003,1.0949,0.0958,0.6373,1.1378%,1.5760%,47.8821%,-0.0057509999999999,CMI,41080.0,2019-02-11,252.0,-0.0674%,-0.0003,1.0886,0.0962,0.6342,1.1378%,1.5554%,46.4917%,-0.004405,CMI,41080.0,2019-02-12,252.0,2.4362%,-0.0001,1.1091,0.0779,0.648,1.1284%,1.5618%,47.7986%,0.010516,CMI,41080.0,2019-02-13,252.0,0.6061%,-0.0001,1.1106,0.0764,0.6483,1.1284%,1.5608%,47.7337%,0.002355,CMI,41080.0,2019-02-14,252.0,-0.8644%,-0.0001,1.1114,0.0749,0.6496,1.1284%,1.5618%,47.7942%,-0.003049,CMI,41080.0,2019-02-15,252.0,2.6950%,0.0,1.1337,0.0962,0.6875,1.1246%,1.5710%,48.7550%,0.010985,CMI,41080.0,2019-02-19,252.0,-1.1642%,0.0,1.1352,0.0795,0.6685,1.1251%,1.5722%,48.7933%,-0.016238,CMI,0.014757,0.0134169999999999,0.0228369999999999,0.0126809999999999,0.0172499999999999
32443,CONOCOPHILLIPS,"Goldman Sachs Upgrades ConocoPhillips to Buy, Raises Price Target to $82",6,increase,0.8,0.7,"goldman sachs upgrading conocophillips to 'buy' and raising the price target typically signals positive sentiment, which is likely to drive the stock price higher.",2,2019-02-04,COP,2019-02-04 11:21:00+00:00,13928.0,20825C10,0.0182003490626812,5593140.0,-0.0095809837803244,0.0146254664286971,-0.0021657741162925,0.030446033924818,-0.0235855486243963,0.0059724254533648,-0.0135595900937914,-0.0007650409243069,0.007244125008583,-0.0244812574237585,0.010638284496963,0.01315782032907,0.0048925401642918,0.0039478004910051,0.0194747671484947,0.0016730130882933,0.0156295485794544,-0.0316642336547374,-0.0098318960517644,0.01252615544945,0.0166931021958589,0.0213218666613102,-0.0058033070527017,-0.0056034396402537,-0.003843915881589,0.0064014350064098,-0.0102901412174105,-0.0117487395182251,-0.0047653694637119,-0.02281429246068,0.0043529174290597,0.0224229581654071,-0.0197920072823762,0.03311562910676,0.0159174930304288,0.0133921299129724,0.0140722645446658,-0.0043921377509832,-0.0127324657514691,0.02524927072227,-0.0104332882910966,-0.0189334284514188,-0.0049788248725235,0.0165196899324655,-0.0370860435068607,0.0110264364629983,0.0067247813567519,-0.0089988969266414,-0.0036436235532164,0.0118699111044406,0.02620754763484,0.0787581428885459,-0.0048998044803738,-0.046655535697937,0.0085049197077751,-0.0033333459869027,0.000295965000987,-0.0208877082914114,-0.0038456164766103,-0.0101760793477296,0.0028211202006787,-0.019169820472598,0.0088836019858717,-0.0221534315496683,-0.0303786285221576,-0.0238922461867332,0.0151354623958468,0.0131760481745004,0.0222155638039112,-0.0025978880003094,-0.0094806579872965,0.003681065980345,-0.0078045409172773,-0.0107723660767078,-0.0094983587041497,-0.0105088865384459,0.0142344115301966,-0.0046323607675731,-0.0197961870580911,-0.0316886492073535,-0.0126600805670023,0.0442731976509094,-0.0053426721133291,-0.0103185642510652,0.0147329503670334,0.0078372918069362,0.0065033314749598,0.0163909271359443,-0.0127724427729845,0.0089644799008965,0.0193303544074297,0.0141065474599599,-0.0089592123404145,-0.0256567504256963,0.0150670474395155,0.0232849139720201,-0.0152887990698218,-0.0368753857910633,-0.0075369314290583,0.0048396806232631,-0.0009112631087191,0.013954970985651,0.0018243044614791,0.0169993191957473,0.0160849392414093,0.0062774876132607,-0.0076165194623172,-0.0217991732060909,-0.0263355914503336,-0.0238274224102497,-0.0112827783450484,-0.0026901853270828,-0.0186025071889162,-0.0445522665977478,-0.0020706795621663,0.0076258815824985,0.0075019537471234,0.0068086516112089,-0.0071292896755039,0.0175413098186254,-0.0095809837803244,0.0146254664286971,-0.011726007649937,0.0455167878005695,-0.0350349919507356,0.0517610588759498,-0.0412239807382563,0.0252276839978486,-0.0017179265950114,0.0241575136702214,-0.032460809045351,0.1093522918437179,-0.0996929368903734,0.0123821335082834,2019-02-05,2019-02-06,2019-02-07,2019-02-08,2019-02-11,2019-02-12,2019-02-13,2019-02-14,2019-02-15,2019-02-19,13928.0,2019-02-04,252.0,1.8200%,0.0011,1.1413,0.1599,0.4729,1.4686%,1.9015%,40.3490%,0.011346,COP,13928.0,2019-02-05,252.0,-0.9581%,0.0011,1.1389,0.1637,0.4789,1.4707%,1.8942%,39.7204%,-0.011623,COP,13928.0,2019-02-06,252.0,-0.2166%,0.001,1.1658,0.155,0.5053,1.4672%,1.8836%,39.3304%,-7.900000000000001e-05,COP,13928.0,2019-02-07,252.0,-2.3586%,0.001,1.1808,0.1426,0.5032,1.4656%,1.8900%,39.8728%,-0.014613,COP,13928.0,2019-02-08,252.0,-1.3560%,0.001,1.1828,0.1491,0.5159,1.4674%,1.8918%,39.8359%,-0.011322,COP,13928.0,2019-02-11,252.0,0.7244%,0.001,1.1774,0.1574,0.5176,1.4672%,1.8717%,38.5541%,0.0033179999999999,COP,13928.0,2019-02-12,252.0,1.0638%,0.0011,1.1948,0.131,0.5311,1.4511%,1.8689%,39.7105%,-0.004627,COP,13928.0,2019-02-13,252.0,0.4893%,0.0011,1.1895,0.1399,0.5327,1.4493%,1.8621%,39.4209%,0.000997,COP,13928.0,2019-02-14,252.0,1.9475%,0.0012,1.1845,0.1527,0.5181,1.4562%,1.8656%,39.0729%,0.024235,COP,13928.0,2019-02-15,252.0,1.5630%,0.0011,1.1674,0.1372,0.4901,1.4512%,1.8507%,38.5181%,-0.000724,COP,13928.0,2019-02-19,252.0,-0.9832%,0.0012,1.1736,0.1148,0.4645,1.4422%,1.8483%,39.1158%,-0.014018,COP,-0.000277,-0.000356,-0.014969,-0.022973,-0.0171099999999999
32451,CANADIAN PACIFIC KANSAS CITY LTD,"Grain Exports Decline, Disrupting Its Maritime And Rail Supply Chain",6,decrease,0.8,0.7,"a decline in grain exports disrupts canadian pacific kansas city's supply chain, likely leading to reduced revenue and negatively impacting stock performance.",0,2019-02-04,CP,2019-02-04 17:57:00+00:00,89125.0,13646K10,-4.893750519840978e-05,353146.0,-0.0003917433787137,-0.0032698789145797,-0.0134711470454931,-0.0075078862719237,-0.0020358690526336,0.0063858707435429,-0.0031345887109637,0.0109900729730725,-0.011729503981769,-0.0116896107792854,0.0080808391794562,0.01588318310678,-0.0102204829454422,0.0335481911897659,0.0224741976708173,-0.0029065692797303,0.0116831716150045,-0.0069373869337141,0.0112056825309991,0.0123544791713357,0.0058069792576134,0.0087392823770642,-0.0056291236542165,-0.0019096522592008,0.0065802237950265,0.0001548563886899,0.0033166815992444,0.0239983554929494,-0.0059406422078609,-0.0047348965890705,0.005397826898843,-0.0046604145318269,-0.0102104637771844,0.0170421097427606,-0.0091534256935119,0.0196579452604055,0.0143702160567045,0.0190359521657228,-0.0079024694859981,0.036181267350912,-0.0110738687217235,-0.026187963783741,0.0053533534519374,0.0082761021330952,0.0017586742760613,0.0049790064804255,0.0044864830560982,0.0094814011827111,-0.0102437157183885,0.0016438497696071,0.0049050864763557,0.0407339259982109,-0.0055156424641609,-0.0229171328246593,0.0075586200691759,-0.0119804898276925,0.0059917951002717,-0.0271039027720689,-0.0192726533859968,-0.0190919339656829,-0.0094307195395231,0.0124058788642287,0.0147044779732823,-0.0138722471892833,-0.0158668309450149,-0.0364172086119651,0.0015973212430253,-0.0086602065712213,0.0049835541285574,0.0024055615067481,0.0037191312294453,0.0059445784427225,0.0140056852251291,0.0042793615721166,0.0062024043872952,-0.0342857204377651,0.0157744027674198,-0.0189698860049247,-0.0111811747774481,-0.044021300971508,-0.0001933340245159,-0.0120544005185365,0.0025133122690021,0.0050838221795856,0.0020731266122311,0.0001425526425009,0.0129419630393385,0.0438491851091384,-0.0023273024708032,0.0008440323290415,0.0026660203002393,-0.0056277564726769,0.0025639489758759,-0.0107437465339899,0.0106085985898971,0.0364952757954597,-0.0036084365565329,-0.0544654205441474,-0.0053616752848029,-0.0041940943337976,0.0173538792878389,0.0015274812467396,0.00511274067685,0.0132521064952015,0.0125318225473165,-0.0029416049364954,0.0013244120636954,0.0090997330844402,0.0235803797841072,-0.015474515967071,-0.0089118620380759,0.0011510874610394,-0.0017983720172196,-0.0047734975814819,0.0036032926291227,0.0117846047505736,0.0056099090725183,-0.0014468437293544,-0.003525722073391,0.0080704148858785,-0.0003917433787137,-0.0032698789145797,-0.0138576131915481,-0.0107532153074898,-0.0158652699583417,-0.004436013206978,-0.0304573559581418,-0.0052603476365576,0.0118988973169686,0.0469574413110176,-0.0082753993144154,0.1202829163364023,0.0959198725265129,-0.0043866128596754,2019-02-05,2019-02-06,2019-02-07,2019-02-08,2019-02-11,2019-02-12,2019-02-13,2019-02-14,2019-02-15,2019-02-19,89125.0,2019-02-04,252.0,-0.0049%,0.0006,0.9384,0.1654,0.2268,1.1198%,1.5125%,45.1887%,-0.006696,CP,89125.0,2019-02-05,252.0,-0.0392%,0.0007,0.9302,0.1639,0.2203,1.1184%,1.5007%,44.4595%,-0.003033,CP,89125.0,2019-02-06,252.0,-1.3471%,0.0006,0.9385,0.1615,0.2269,1.1207%,1.4888%,43.3341%,-0.011663,CP,89125.0,2019-02-07,252.0,-0.2036%,0.0006,0.9389,0.1587,0.2285,1.1211%,1.4872%,43.1726%,0.005917,CP,89125.0,2019-02-08,252.0,-0.3135%,0.0006,0.9395,0.1564,0.2296,1.1211%,1.4873%,43.1889%,-0.002583,CP,89125.0,2019-02-11,252.0,-1.1730%,0.0005,0.9504,0.1254,0.2185,1.1231%,1.4830%,42.6508%,-0.014705,CP,89125.0,2019-02-12,252.0,0.8081%,0.0005,0.9577,0.1123,0.2246,1.1184%,1.4835%,43.1647%,-0.004598,CP,89125.0,2019-02-13,252.0,-1.0220%,0.0004,0.9473,0.1243,0.2234,1.1159%,1.4731%,42.6238%,-0.013227,CP,89125.0,2019-02-14,252.0,2.2474%,0.0005,0.9409,0.1373,0.2101,1.1251%,1.4778%,42.0392%,0.025013,CP,89125.0,2019-02-15,252.0,1.1683%,0.0004,0.9375,0.1341,0.2044,1.1249%,1.4746%,41.8053%,-0.000401,CP,89125.0,2019-02-19,252.0,1.1206%,0.0005,0.939,0.1391,0.2099,1.1260%,1.4747%,41.7033%,0.008322,CP,-0.009729,-0.021392,-0.015475,-0.032763,-0.0176539999999999
32459,CATALYST PHARMACEUTICALS INC,"'Today, I am demanding that Catalyst explain why they raised the price of this drug by $375,000. No one in the United States of America should die because they cannot afford the medication they need.' -Bernie Sanders Tweets",6,decrease,0.8,0.7,"the public outcry and demand for accountability from a prominent figure like bernie sanders regarding the significant price increase of a drug is likely to lead to negative sentiment and potential regulatory scrutiny, which could harm catalyst pharmaceuticals' stock price.",0,2019-02-04,CPRX,2019-02-04 15:37:00+00:00,91606.0,14888U10,-0.0557769350707531,1240091.0,-0.042194053530693,-0.0039682500064373,-0.0176211278885603,0.0202428959310054,0.0538116060197353,0.0334727689623832,0.051063884049654,-0.0244897715747356,0.0283400528132915,-0.0354330390691757,0.0472441427409648,0.024193525314331,0.0112781841307878,0.0122448857873678,0.007434937171638,-0.016064241528511,0.0221401993185281,-0.0496182739734649,-0.014440419152379,0.003831414040178,0.0109890000894665,0.0077220005914568,0.0326086655259132,0.0077820941805839,0.0210526958107948,0.0,-0.0103092677891254,-0.0265152156352996,0.0590277202427387,0.0476190969347953,0.0131147420033812,0.0285714007914066,-0.0582523718476295,-0.0040650367736816,-0.0103092677891254,0.0081967134028673,-0.0034723016433417,0.0608696117997169,-0.0069686346687376,0.0599077753722667,-0.0105263059958815,0.028436105698347,0.0177304800599813,0.0989583060145378,-0.0034843173343688,-0.0303030610084533,0.0419580861926078,0.0050761373713612,0.0167785082012414,-0.0619047060608863,0.0033003268763422,0.0824741423130035,-0.01644735224545,-0.0251256041228771,-0.0033444783184677,-0.0339805521070957,0.0335570164024829,-0.0803571715950965,0.1298701614141464,-0.0781893208622932,0.1551724076271057,0.0384616032242775,0.0348258391022682,0.0,-0.0336538143455982,-0.0487805381417274,0.3034825325012207,0.0249999742954969,-0.0343511141836643,-0.0322580337524414,0.053359679877758,0.0553192012012004,-0.0487804412841796,-0.0167364850640296,0.0059171067550778,0.0717489197850227,-0.0254902187734842,-0.0304347537457943,0.0261569656431675,-0.0356394276022911,0.0274509545415639,-0.0591716319322586,0.0019084407249465,-0.0848375111818313,0.0666666477918624,-0.1150160133838654,-0.0321428254246711,0.0755644589662551,-0.011070099659264,-0.0067918370477855,0.0074626794084906,-0.0034013572148978,0.0296296011656522,0.0388693064451217,-0.0305755529552698,0.0143369045108556,0.025974091142416,-0.0574324578046798,-0.005424992647022,-0.042071159929037,-0.0436363220214843,0.0729165971279144,0.0095056481659412,0.0285714864730835,0.015065899118781,-0.0243902225047349,0.0018553300760686,0.0361010506749153,-0.0018518941942602,-0.0381944887340068,0.1131725683808327,-0.0649350062012672,-0.0483333282172679,-0.022222276777029,0.0122592244297266,-0.0277777519077062,-0.0069204908795654,0.0093457857146859,-0.0121950693428516,0.0094339530915021,-0.042194053530693,-0.0039682500064373,-0.0590716746058522,0.0161943170526597,-0.008438810266933,0.0502091546482501,0.0717299927581618,-0.0118110137842608,0.1518987953485526,-0.0383141409925555,0.4683545126928095,0.0329217783100919,1.3924052266914204,-0.2106918442985145,2019-02-05,2019-02-06,2019-02-07,2019-02-08,2019-02-11,2019-02-12,2019-02-13,2019-02-14,2019-02-15,2019-02-19,91606.0,2019-02-04,252.0,-5.5777%,-0.0008,1.1626,1.6813,0.0989,3.4777%,3.8103%,16.6973%,-0.072226,CPRX,91606.0,2019-02-05,252.0,-4.2194%,-0.001,1.162,1.6972,0.1287,3.4889%,3.8158%,16.4002%,-0.045355,CPRX,91606.0,2019-02-06,252.0,-1.7621%,-0.0011,1.1926,1.6876,0.157,3.4882%,3.8157%,16.4297%,-0.015085,CPRX,91606.0,2019-02-07,252.0,5.3812%,-0.001,1.1576,1.7032,0.1709,3.5086%,3.8225%,15.7487%,0.066384,CPRX,91606.0,2019-02-08,252.0,5.1064%,-0.0007,1.1484,1.7031,0.1323,3.5224%,3.8360%,15.6846%,0.05025,CPRX,91606.0,2019-02-11,252.0,2.8340%,-0.0006,1.1255,1.7463,0.1436,3.5214%,3.8285%,15.3984%,0.015087,CPRX,91606.0,2019-02-12,252.0,4.7244%,-0.0005,1.1278,1.7669,0.1411,3.5238%,3.8355%,15.5932%,0.031733,CPRX,91606.0,2019-02-13,252.0,1.1278%,-0.0006,1.1185,1.7857,0.1462,3.5211%,3.8317%,15.5546%,0.006861,CPRX,91606.0,2019-02-14,252.0,0.7435%,-0.0006,1.1175,1.7864,0.1463,3.5208%,3.8313%,15.5504%,0.001246,CPRX,91606.0,2019-02-15,252.0,2.2140%,-0.0006,1.1242,1.793,0.1579,3.5208%,3.8322%,15.5906%,0.004244,CPRX,91606.0,2019-02-19,252.0,-1.4440%,-0.0007,1.1173,1.7831,0.1473,3.5231%,3.8317%,15.4555%,-0.02235,CPRX,-0.1175809999999999,-0.1326659999999999,-0.0662819999999999,-0.0009449999999999,0.020789
32467,CATALYST PHARMACEUTICALS INC,Adam Feuerstein Tweet $CPRX Firdapse pricing scrutiny.   @megkesh wrote about the high cost of the drug in November. https://www.statnews.com/2018/12/13/catalyst-pharma-drug-price/ …,6,decrease,0.7,0.6,"scrutiny over the high cost of firdapse may lead to negative sentiment and potential regulatory challenges, which could pressure the stock price downward.",0,2019-02-04,CPRX,2019-02-04 11:57:00+00:00,91606.0,14888U10,-0.0557769350707531,1240091.0,-0.042194053530693,-0.0039682500064373,-0.0176211278885603,0.0202428959310054,0.0538116060197353,0.0334727689623832,0.051063884049654,-0.0244897715747356,0.0283400528132915,-0.0354330390691757,0.0472441427409648,0.024193525314331,0.0112781841307878,0.0122448857873678,0.007434937171638,-0.016064241528511,0.0221401993185281,-0.0496182739734649,-0.014440419152379,0.003831414040178,0.0109890000894665,0.0077220005914568,0.0326086655259132,0.0077820941805839,0.0210526958107948,0.0,-0.0103092677891254,-0.0265152156352996,0.0590277202427387,0.0476190969347953,0.0131147420033812,0.0285714007914066,-0.0582523718476295,-0.0040650367736816,-0.0103092677891254,0.0081967134028673,-0.0034723016433417,0.0608696117997169,-0.0069686346687376,0.0599077753722667,-0.0105263059958815,0.028436105698347,0.0177304800599813,0.0989583060145378,-0.0034843173343688,-0.0303030610084533,0.0419580861926078,0.0050761373713612,0.0167785082012414,-0.0619047060608863,0.0033003268763422,0.0824741423130035,-0.01644735224545,-0.0251256041228771,-0.0033444783184677,-0.0339805521070957,0.0335570164024829,-0.0803571715950965,0.1298701614141464,-0.0781893208622932,0.1551724076271057,0.0384616032242775,0.0348258391022682,0.0,-0.0336538143455982,-0.0487805381417274,0.3034825325012207,0.0249999742954969,-0.0343511141836643,-0.0322580337524414,0.053359679877758,0.0553192012012004,-0.0487804412841796,-0.0167364850640296,0.0059171067550778,0.0717489197850227,-0.0254902187734842,-0.0304347537457943,0.0261569656431675,-0.0356394276022911,0.0274509545415639,-0.0591716319322586,0.0019084407249465,-0.0848375111818313,0.0666666477918624,-0.1150160133838654,-0.0321428254246711,0.0755644589662551,-0.011070099659264,-0.0067918370477855,0.0074626794084906,-0.0034013572148978,0.0296296011656522,0.0388693064451217,-0.0305755529552698,0.0143369045108556,0.025974091142416,-0.0574324578046798,-0.005424992647022,-0.042071159929037,-0.0436363220214843,0.0729165971279144,0.0095056481659412,0.0285714864730835,0.015065899118781,-0.0243902225047349,0.0018553300760686,0.0361010506749153,-0.0018518941942602,-0.0381944887340068,0.1131725683808327,-0.0649350062012672,-0.0483333282172679,-0.022222276777029,0.0122592244297266,-0.0277777519077062,-0.0069204908795654,0.0093457857146859,-0.0121950693428516,0.0094339530915021,-0.042194053530693,-0.0039682500064373,-0.0590716746058522,0.0161943170526597,-0.008438810266933,0.0502091546482501,0.0717299927581618,-0.0118110137842608,0.1518987953485526,-0.0383141409925555,0.4683545126928095,0.0329217783100919,1.3924052266914204,-0.2106918442985145,2019-02-05,2019-02-06,2019-02-07,2019-02-08,2019-02-11,2019-02-12,2019-02-13,2019-02-14,2019-02-15,2019-02-19,91606.0,2019-02-04,252.0,-5.5777%,-0.0008,1.1626,1.6813,0.0989,3.4777%,3.8103%,16.6973%,-0.072226,CPRX,91606.0,2019-02-05,252.0,-4.2194%,-0.001,1.162,1.6972,0.1287,3.4889%,3.8158%,16.4002%,-0.045355,CPRX,91606.0,2019-02-06,252.0,-1.7621%,-0.0011,1.1926,1.6876,0.157,3.4882%,3.8157%,16.4297%,-0.015085,CPRX,91606.0,2019-02-07,252.0,5.3812%,-0.001,1.1576,1.7032,0.1709,3.5086%,3.8225%,15.7487%,0.066384,CPRX,91606.0,2019-02-08,252.0,5.1064%,-0.0007,1.1484,1.7031,0.1323,3.5224%,3.8360%,15.6846%,0.05025,CPRX,91606.0,2019-02-11,252.0,2.8340%,-0.0006,1.1255,1.7463,0.1436,3.5214%,3.8285%,15.3984%,0.015087,CPRX,91606.0,2019-02-12,252.0,4.7244%,-0.0005,1.1278,1.7669,0.1411,3.5238%,3.8355%,15.5932%,0.031733,CPRX,91606.0,2019-02-13,252.0,1.1278%,-0.0006,1.1185,1.7857,0.1462,3.5211%,3.8317%,15.5546%,0.006861,CPRX,91606.0,2019-02-14,252.0,0.7435%,-0.0006,1.1175,1.7864,0.1463,3.5208%,3.8313%,15.5504%,0.001246,CPRX,91606.0,2019-02-15,252.0,2.2140%,-0.0006,1.1242,1.793,0.1579,3.5208%,3.8322%,15.5906%,0.004244,CPRX,91606.0,2019-02-19,252.0,-1.4440%,-0.0007,1.1173,1.7831,0.1473,3.5231%,3.8317%,15.4555%,-0.02235,CPRX,-0.1175809999999999,-0.1326659999999999,-0.0662819999999999,-0.0009449999999999,0.020789
32475,CAMDEN PROPERTY TRUST,"Barclays Upgrades Camden Prop Trust to Overweight, Raises Price Target to $106",6,increase,0.8,0.7,the upgrade to 'overweight' and the raised price target typically signal positive sentiment and potential for stock price appreciation.,2,2019-02-04,CPT,2019-02-04 11:33:00+00:00,79452.0,13313110,0.0047574625350534,452995.0,0.0086463848128914,-0.0026817382313311,0.0017349300906062,0.0039349412545561,0.0100855519995093,0.0058327000588178,-0.0023197513073682,0.0132981752976775,0.0033360477536916,0.013152303174138,-0.0131989680230617,0.0129982335492968,0.0084745166823267,-0.0025928895920515,-0.0016198849771171,0.0087183453142642,0.0009126492077484,-0.0018492131493985,0.0010132330935448,0.0017435291083529,-0.0232793819159269,0.0043777376413345,0.008393757045269,0.0155607592314481,0.0031857485882937,0.015921451151371,-0.0022536490578204,-0.0025904194917529,0.0006159913609735,0.0033902481663972,0.0016417367151007,0.0122397588565945,0.0048145214095711,0.0020632771775126,-0.0043836547993123,0.0244245436042547,0.0113658914342522,0.0025900779291987,0.0034423810429871,0.0004711532965302,-0.0054485006257891,0.0073564634658396,-0.000405812257668,-0.0428166277706623,0.0059880642220377,0.0084756100550293,0.0111985532566905,-0.0005723792710341,0.0055871251970529,0.0009166112868115,0.0031749149784445,0.0280329473316669,0.0026703258045017,-0.0503355711698532,-0.0060169720090925,-0.006556243635714,-0.0084350351244211,0.0025623410474509,-0.0018014442175626,-0.0017793152946978,-0.0066171651706099,0.0140972146764397,0.007973363623023,-0.0309289824217557,-0.0006008329219184,0.0055579538457095,0.00260497094132,0.007355426903814,0.0140901738777756,-0.0217998959124088,0.0,0.0006448010681197,0.0098541285842657,0.0013988728169351,-0.0017702626064419,-0.0151547295972704,-0.0034482607152312,0.0171392038464546,0.0097874235361814,-0.0206904541701078,-0.001860215794295,-0.0045187082141637,-0.0016674661310389,0.0153649430721998,-0.0006877549458295,-0.0024480652064085,0.0,0.0027750506997108,-0.0021630246192216,0.0019249310716986,0.0099517405033111,0.0010705328313633,-0.0010731767397373,-0.0052182944491505,0.0022463458590209,0.0085929436609148,-0.0006821252754889,0.0059426841326057,-0.0256460737437009,0.0029259240254759,-0.0200160127133131,0.0200066044926643,0.0072508077137172,-0.0104998257011175,-0.0085166413336992,-0.0139128658920526,0.0130892600864172,-0.0021523563191294,0.0093873050063848,0.0041063027456402,-0.0030999756418168,-0.0010794308036565,0.0098304310813546,0.0037923769559711,-0.0144034661352634,0.0091853905469179,0.0144124198704958,0.005276417825371,-0.0025832303799688,0.0160840209573507,0.0086463848128914,-0.0026817382313311,0.0103963157766846,0.0012426505408247,0.0205867203595631,0.0070825986075251,0.0216160408989565,0.0338965555925752,0.0169840596730537,0.0536123557340142,0.0266597662905574,0.0752891936250792,0.0414806831843208,0.089061530885218,2019-02-05,2019-02-06,2019-02-07,2019-02-08,2019-02-11,2019-02-12,2019-02-13,2019-02-14,2019-02-15,2019-02-19,79452.0,2019-02-04,252.0,0.4757%,0.0008,0.4384,-0.2891,0.0255,1.0920%,1.2080%,18.2821%,0.0030009999999999,CPT,79452.0,2019-02-05,252.0,0.8646%,0.0008,0.4346,-0.2926,0.0173,1.0922%,1.2058%,17.9530%,0.006583,CPT,79452.0,2019-02-06,252.0,0.1735%,0.0008,0.4185,-0.2874,0.0017,1.0906%,1.1918%,16.2568%,0.00255,CPT,79452.0,2019-02-07,252.0,1.0086%,0.0009,0.4159,-0.2895,0.0049,1.0935%,1.1923%,15.8783%,0.0134969999999999,CPT,79452.0,2019-02-08,252.0,-0.2320%,0.0009,0.4161,-0.2758,0.0148,1.0901%,1.1875%,15.7316%,-0.002615,CPT,79452.0,2019-02-11,252.0,0.3336%,0.001,0.4117,-0.2669,0.0173,1.0901%,1.1800%,14.6568%,0.00444,CPT,79452.0,2019-02-12,252.0,-1.3199%,0.0008,0.3913,-0.2553,0.0049,1.0918%,1.1737%,13.4724%,-0.018815,CPT,79452.0,2019-02-13,252.0,0.8475%,0.0009,0.3932,-0.2558,0.0064,1.0925%,1.1743%,13.4474%,0.007429,CPT,79452.0,2019-02-14,252.0,-0.1620%,0.0008,0.3929,-0.2563,0.0076,1.0917%,1.1735%,13.4470%,0.000473,CPT,79452.0,2019-02-15,252.0,0.0913%,0.0009,0.4054,-0.2454,0.0273,1.0859%,1.1707%,13.9582%,-0.003022,CPT,79452.0,2019-02-19,252.0,0.1013%,0.0008,0.4001,-0.2381,0.036,1.0807%,1.1626%,13.5846%,0.0007729999999999,CPT,0.009584,0.012134,0.025631,0.027456,0.014294
32483,COMSTOCK RESOURCES INC,Comstock Resources Says it Has 23.6M Barrels of Proved Oil Reserves,6,increase,0.75,0.6,"the announcement of 23.6 million barrels of proved oil reserves is likely to be viewed positively by investors, as it indicates potential for future revenue and profitability.",2,2019-02-04,CRK,2019-02-04 11:57:00+00:00,11644.0,20576830,0.0676567405462265,243935.0,-0.0170014929026365,0.0083194198086857,-0.012578603811562,-0.0131362760439515,-0.0668789893388748,0.0410256832838058,-0.0290102511644363,-0.0034071519039571,0.0790860801935195,-0.0856698080897331,-0.008143275976181,0.0456026419997215,0.0164203457534313,0.0459965914487838,0.0016154687618836,-0.0361248366534709,0.0225807018578052,-0.0601851642131805,0.0583596006035804,-0.0076569966040551,-0.0074515934102237,-0.0209894850850105,0.0300300735980272,-0.0029895338229835,0.0451894961297512,0.0245022736489772,0.0209205150604248,0.0046154167503118,-0.0286885295063257,-0.0196078605949878,0.0028129369020462,0.0091324113309383,0.001402489724569,0.0412044748663902,0.016806773841381,0.0047770272940397,0.0316803753376007,0.0827586203813552,-0.0213617961853742,0.1068703159689903,-0.0409276559948921,-0.0019048055401071,-0.0071124024689197,0.1589403450489044,-0.0544412769377231,-0.0173535626381635,0.0272727739065885,-0.0021644486114382,0.0250736866146326,-0.0609756484627723,0.0287770200520753,0.1576470732688904,-0.0209790337830781,-0.0576497167348861,0.005714280065149,-0.0720164403319358,0.0355113632977008,0.0474138520658016,-0.0137174082919955,0.0,0.0319888740777969,-0.0738523676991462,-0.0094339856877923,-0.0438930429518222,-0.0530612058937549,-0.138157919049263,-0.0086206812411546,-0.1111111417412758,0.0057970960624516,-0.0591471567749977,0.0086455252021551,-0.031957421451807,-0.0071428841911256,-0.0221353657543659,-0.0028776952531188,0.0091983824968338,0.0144300702959299,-0.0078226784244179,0.0113797895610332,-0.0340050347149372,-0.0210970602929592,0.0419947728514671,0.0071839354932308,0.0013140278169885,0.0171183850616216,0.0092838425189256,0.0056100925430655,0.0258503481745719,-0.0139469876885414,0.0381355918943882,0.0028288515750318,-0.0207469016313552,-0.0155148282647132,-0.0561357475817203,-0.0057306536473333,0.0026177985128015,-0.0072046383284032,-0.0365699827671051,-0.010159607976675,-0.0480192191898822,-0.0131965028122067,-0.0142011698335409,-0.0222882758826017,0.0011848612921312,0.0319149009883403,0.0343136936426162,0.0044182930141687,0.0238394048064947,-0.0102639542892575,-0.0397590845823288,-0.0266666412353515,0.0506329238414764,-0.0289193373173475,0.0089399963617324,-0.0329153649508953,0.0412233956158161,-0.0113452468067407,-0.0105263059958815,-0.0229507982730865,0.0425239987671375,-0.0170014929026365,0.0083194198086857,-0.0293662416707712,-0.0049261424303981,-0.0942812464460237,0.0358974424942473,-0.051004625916239,-0.0560747843923588,0.0370943215146593,-0.0719755311414096,0.1112828871719753,0.3060345098076487,-0.0788253120727459,-0.1687242804672634,2019-02-05,2019-02-06,2019-02-07,2019-02-08,2019-02-11,2019-02-12,2019-02-13,2019-02-14,2019-02-15,2019-02-19,11644.0,2019-02-04,252.0,6.7657%,0.0,1.7491,1.2088,-0.0719,4.9944%,5.4166%,14.9786%,0.0490139999999999,CRK,11644.0,2019-02-05,252.0,-1.7001%,-0.0,1.7437,1.2157,-0.0613,4.9966%,5.4108%,14.7241%,-0.024087,CRK,11644.0,2019-02-06,252.0,-1.2579%,-0.0004,1.8845,1.1705,0.0764,4.9686%,5.4099%,15.6483%,-0.008678,CRK,11644.0,2019-02-07,252.0,-6.6879%,-0.0004,1.9221,1.1429,0.0684,4.9700%,5.4251%,16.0731%,-0.04823,CRK,11644.0,2019-02-08,252.0,-2.9010%,-0.0002,1.9252,1.2213,0.1331,4.9492%,5.4051%,16.1582%,-0.03094,CRK,11644.0,2019-02-11,252.0,7.9086%,0.0002,1.9243,1.3144,0.183,4.9671%,5.4094%,15.6837%,0.067924,CRK,11644.0,2019-02-12,252.0,-0.8143%,0.0002,1.9279,1.2846,0.1902,4.9663%,5.4084%,15.6779%,-0.034366,CRK,11644.0,2019-02-13,252.0,1.6420%,0.0003,1.9406,1.2672,0.1895,4.9643%,5.4092%,15.7711%,0.010018,CRK,11644.0,2019-02-14,252.0,0.1615%,0.0005,1.9436,1.2687,0.1828,4.9561%,5.4036%,15.8747%,0.0001,CRK,11644.0,2019-02-15,252.0,2.2581%,0.0005,1.9536,1.2773,0.1984,4.9553%,5.4041%,15.9201%,-0.003532,CRK,11644.0,2019-02-19,252.0,5.8360%,0.0008,1.9655,1.3054,0.2291,4.9650%,5.4153%,15.9406%,0.050248,CRK,0.0249269999999999,0.0162489999999999,-0.031981,0.0050029999999999,0.0274709999999999
32491,CYTOSORBENTS CORP,CytoSorbents Announces its Data Safety Monitoring Board Recommends Continuing its REMOVE Trial,6,increase,0.8,0.6,"the recommendation from the data safety monitoring board to continue the remove trial suggests positive progress in the company's clinical research, which is likely to boost investor confidence and potentially increase the stock price.",2,2019-02-04,CTSO,2019-02-04 12:00:00+00:00,15127.0,23283X20,0.0524193346500396,156649.0,0.0434227511286735,-0.0066755292937159,-0.0061199744231998,0.0135317873209714,-0.0123152006417512,0.054208219051361,0.0174562819302082,-0.0042613255791366,-0.0061274743638932,-0.0249307248741388,0.0209617856889963,0.0586509704589843,-0.0096618272364139,-0.0215207487344741,-0.0121950525790453,-0.0399449616670608,0.0222221408039331,-0.0571428053081035,-0.013284983113408,0.010498677380383,-0.0085678938776254,0.0200803354382515,0.0160492789000272,0.0204917509108781,0.0243014302104711,0.0412517711520195,-0.0260973032563924,-0.0383036583662033,0.0012180546764284,-0.0266311950981617,-0.004866175353527,-0.0635910481214523,-0.0122249852865934,-0.0278787314891815,0.0272277556359767,-0.0362149998545646,-0.0301204808056354,0.0633540675044059,-0.0099379373714327,0.0606060661375522,-0.0225846711546182,-0.0331209860742092,-0.0243902504444122,-0.02846534922719,-0.0526315905153751,0.0332480482757091,0.0458333902060985,0.0116429692134261,0.084993340075016,-0.0373598672449588,-0.0367197282612323,0.1015088856220245,-0.0139770852401852,0.0340425185859203,0.030283460393548,-0.0735873728990554,-0.0106316497549414,-0.0842358916997909,-0.0012641912326216,-0.0620766654610633,0.0341772139072418,-0.0067265043035149,-0.0208078417927026,-0.0165379960089922,-0.056249976158142,0.0365713946521282,-0.0132450833916664,-0.016853891313076,-0.0080536836758255,0.013667413033545,0.0094722835347056,-0.0330396704375743,0.0134048126637935,-0.0247046705335378,0.0013227815506979,-0.0362318269908428,-0.0079260161146521,-0.0281689874827861,-0.0053262901492416,-0.0460653081536293,0.0053548114374279,-0.0019156613852828,0.0013315249234437,-0.0178739912807941,0.0345744974911212,-0.0166512764990329,-0.0359897427260875,0.0178908221423625,0.002666664076969,-0.0157553367316722,-0.0199468210339546,-0.0018501810263842,0.009497988037765,0.075621910393238,-0.0389784909784793,0.0307692494243383,-0.0167832002043724,-0.0240240022540092,0.0184921249747276,0.0090909246355295,-0.0167597606778144,0.0334028899669647,-0.0255681574344635,0.0573950856924057,0.0408162884414196,-0.0503144189715385,-0.0098038790747523,-0.0144628444686532,-0.021216420456767,-0.0172588899731636,0.0274566560983657,-0.0802987515926361,0.0618846751749515,-0.0555555634200573,-0.0357615873217582,0.1751295924186707,-0.0109890652820467,0.0020767915993928,0.004166695754975,-0.0072164633311331,0.0434227511286735,-0.0066755292937159,0.0370370305791811,0.006765926184598,0.0242657114746724,0.0613409140446592,0.0357598621653718,0.0304709512014313,0.0434227500159263,-0.0236220244441187,0.0089399974624437,-0.1602708350343014,-0.0766283389217794,-0.2329896707601553,2019-02-05,2019-02-06,2019-02-07,2019-02-08,2019-02-11,2019-02-12,2019-02-13,2019-02-14,2019-02-15,2019-02-19,15127.0,2019-02-04,252.0,5.2419%,0.0002,1.178,1.5874,-0.6611,2.9691%,3.4730%,26.9113%,0.033364,CTSO,15127.0,2019-02-05,252.0,4.3423%,0.0002,1.1971,1.5811,-0.6643,2.9741%,3.4835%,27.1053%,0.0355609999999999,CTSO,15127.0,2019-02-06,252.0,-0.6120%,0.0003,1.1299,1.6028,-0.7311,2.9632%,3.4545%,26.4177%,-0.002963,CTSO,15127.0,2019-02-07,252.0,-1.2315%,0.0004,1.1363,1.5934,-0.7294,2.9623%,3.4555%,26.5098%,0.003028,CTSO,15127.0,2019-02-08,252.0,1.7456%,0.0005,1.1343,1.6002,-0.7334,2.9623%,3.4567%,26.5600%,0.010504,CTSO,15127.0,2019-02-11,252.0,-0.6127%,0.0004,1.1368,1.5746,-0.746,2.9641%,3.4522%,26.2780%,-0.01669,CTSO,15127.0,2019-02-12,252.0,2.0962%,0.0004,1.1419,1.5705,-0.7426,2.9639%,3.4544%,26.3805%,0.0038179999999999,CTSO,15127.0,2019-02-13,252.0,-0.9662%,0.0002,1.1251,1.5933,-0.7419,2.9582%,3.4450%,26.2636%,-0.013382,CTSO,15127.0,2019-02-14,252.0,-1.2195%,0.0001,1.13,1.5807,-0.7274,2.9614%,3.4451%,26.1109%,-0.022521,CTSO,15127.0,2019-02-15,252.0,2.2222%,0.0002,1.1452,1.5952,-0.7015,2.9610%,3.4475%,26.2338%,0.008893,CTSO,15127.0,2019-02-19,252.0,-1.3285%,0.0003,1.1561,1.5634,-0.7382,2.9485%,3.4431%,26.6665%,-0.018083,CTSO,0.0689249999999999,0.0659619999999999,0.06899,0.062804,0.021529
32499,DEUTSCHE BANK A G,"'Deutsche Bank Denied Loan to Trump Organization in 2016, Source Says' -Bloomberg",6,decrease,0.7,0.5,"the news of deutsche bank denying a loan to the trump organization may raise concerns about the bank's risk management and its association with controversial clients, potentially leading to a decrease in investor confidence.",0,2019-02-04,DB,2019-02-04 16:58:00+00:00,89199.0,D1819089,-0.0056497389450669,4122294.0,0.0113635715097188,-0.0033783481922,0.0056179990060627,-0.0441334620118141,-0.0659218057990074,0.0065005873329937,-0.0203349385410547,-0.0043150931596755,0.0158730298280715,0.0032468277495354,0.0264423415064811,0.042889405041933,0.0,-0.0209945328533649,-0.0234191808849573,0.022598847746849,0.0551558770239353,-0.031728658825159,-0.021590968593955,0.0246637072414159,0.0150987366214394,-0.0398277603089809,-0.0091533092781901,0.0764773860573768,-0.0011547608301043,0.0058275279588997,0.0138729298487305,0.002336390549317,0.0171037185937166,-0.0058071124367415,0.0213004015386104,0.0058410321362316,0.0142700457945466,-0.0205948911607265,0.005411276128143,0.0045976969413459,-0.0096878530457615,0.0211266838014125,-0.004347822163254,0.0531520769000053,0.0010917281033471,-0.0134145924821496,-0.0556161627173423,0.0061349929310381,-0.0023094115313142,0.0124222887679934,0.0555555000901222,0.030729865655303,-0.0285087972879409,-0.0428921468555927,0.0225734505802393,0.031605564057827,-0.016556354239583,0.0050825872458517,-0.0033669734839349,-0.0235732663422823,0.0427928045392036,-0.0370369739830493,-0.0226781889796257,-0.0368239022791385,-0.0298343040049076,0.0104650231078267,-0.0398632623255252,-0.0227272510528564,-0.0260973032563924,-0.0078917359933257,-0.0048721022903919,-0.0177186988294124,0.013463850133121,0.0840335935354232,0.0217391680926084,-0.0059666098095476,-0.0319149494171142,-0.0400915741920471,-0.0085469717159867,-0.019101133570075,0.0529557019472122,-0.0176601316779851,-0.0058479756116867,-0.0351437591016292,0.0105882529169321,0.0251092240214347,-0.0104773165658116,-0.0276008732616901,-0.0176470130681991,-0.0475227758288383,-0.0035928965080529,0.0050813201814889,-0.0096153756603598,0.0113053051754832,-0.003640744369477,0.051891840994358,0.0219245199114084,-0.0201270747929811,0.0262216087430715,0.0227519012987613,0.0034844004549086,-0.0562372393906116,0.0266203172504901,-0.0030581739265471,0.0067644217051565,-0.0090908287093043,-0.0167973767966032,0.0030394867062568,-0.0034168262500315,0.0010142220417037,-0.0240000039339065,0.013360752724111,-0.0046838363632559,-0.0385375842452049,-0.0176470130681991,-0.0212766211479902,-0.0191617719829082,-0.0254476442933082,0.0158730298280715,0.0162835326045751,-0.0048076878301799,-0.0019120896467939,-0.0157004967331886,-0.0057034618221223,0.0113635715097188,-0.0033783481922,0.0170454110492286,-0.047362712002411,-0.0500000590267303,-0.0411700101151164,-0.0545455102533534,-0.0422077285848917,-0.0215909695081032,-0.0078474983503329,0.0284090912967347,0.0184120627994757,-0.0738637017026156,-0.1587452439914687,2019-02-05,2019-02-06,2019-02-07,2019-02-08,2019-02-11,2019-02-12,2019-02-13,2019-02-14,2019-02-15,2019-02-19,89199.0,2019-02-04,252.0,-0.5650%,-0.0021,1.2992,0.5569,1.3402,1.8269%,2.2782%,35.6898%,-0.011653,DB,89199.0,2019-02-05,252.0,1.1364%,-0.0019,1.255,0.5357,1.2803,1.8014%,2.2216%,34.2535%,0.0141629999999999,DB,89199.0,2019-02-06,252.0,0.5618%,-0.0019,1.28,0.5275,1.3062,1.7997%,2.2086%,33.6009%,0.007436,DB,89199.0,2019-02-07,252.0,-6.5922%,-0.0021,1.2983,0.5285,1.2929,1.8341%,2.2440%,33.1941%,-0.0585259999999999,DB,89199.0,2019-02-08,252.0,-2.0335%,-0.0021,1.2995,0.5535,1.3144,1.8288%,2.2419%,33.4596%,-0.012946,DB,89199.0,2019-02-11,252.0,1.5873%,-0.002,1.3029,0.563,1.3213,1.8297%,2.2339%,32.9166%,0.007277,DB,89199.0,2019-02-12,252.0,2.6442%,-0.0019,1.3147,0.5571,1.3284,1.8306%,2.2406%,33.2511%,0.010757,DB,89199.0,2019-02-13,252.0,0.0000%,-0.002,1.306,0.5707,1.33,1.8271%,2.2328%,33.0366%,-0.0050449999999999,DB,89199.0,2019-02-14,252.0,-2.3419%,-0.0021,1.3097,0.5633,1.3374,1.8288%,2.2366%,33.1406%,-0.01603,DB,89199.0,2019-02-15,252.0,5.5156%,-0.0019,1.3352,0.59,1.3838,1.8413%,2.2602%,33.6351%,0.032429,DB,89199.0,2019-02-19,252.0,-2.1591%,-0.002,1.3339,0.5665,1.3575,1.8477%,2.2631%,33.3447%,-0.03009,DB,0.0025099999999999,0.009946,-0.04858,-0.054249,-0.062228
32507,DECKERS OUTDOOR CORP,"Baird Maintains Neutral on Deckers Outdoor, Raises Price Target to $145",6,uncertain,0.6,0.2,"while maintaining a neutral rating suggests stability, the raised price target could indicate potential for growth, leading to uncertainty in the stock's immediate reaction.",1,2019-02-04,DECK,2019-02-04 14:31:00+00:00,79686.0,24353710,-0.0165633354336023,989831.0,-0.0012899927096441,0.1045543625950813,0.0140652414411306,0.0103830704465508,-0.004245919175446,0.0168773047626018,0.0024873202200978,-0.0076990337111055,0.0198497306555509,0.0050255046226084,0.0013902193168178,0.0197673495858907,-0.0019436262082308,-0.0050182333216071,-0.0077896448783576,0.0203997455537319,0.0254450403153896,0.0185917299240827,-0.0046482514590024,0.0110572688281536,-0.0126364696770906,0.023593932390213,-0.0035474004689604,0.0086941057816147,0.0115175852552056,0.0009669532882981,0.021047567948699,0.0040600094944238,0.0042578373104333,-0.0027286114636808,-0.0003365169395692,-0.1027483940124512,-0.0039719697088003,0.0047611976042389,-0.0005407356075011,0.0073541020974516,-0.019611781463027,0.0271779093891382,-0.0016555527690798,-0.0319529175758361,-0.0114004975184798,-0.0280439183115959,-0.0078277541324496,0.0116452174261212,-0.0066921114921569,-0.0050545032136142,0.0121268471702933,-0.0149367824196815,-0.0065163113176822,-0.0006124307401478,0.0032442819792777,0.0954298079013824,0.0030227955430746,-0.0295409932732582,-0.0063778278417885,-0.0045366589911282,0.0199619233608245,0.0055392659269273,0.007607128471136,0.0062295258976519,-0.0088537633419036,0.0298835132271051,0.0124645316973328,-0.027422035112977,-0.0389851033687591,-0.007173110730946,0.0184329356998205,-0.0309636518359184,0.0018168727401643,-0.0052643842063844,0.007812466006726,0.020691268146038,0.0173034332692623,0.0355452075600624,6.810291233705357e-05,-0.0594438388943672,-0.0010205397848039,-0.0034252095501869,-0.0245845858007669,-0.0617193542420864,0.0011868894798681,0.0275442656129598,0.0120642334222793,0.0227988120168447,0.0123337227851152,0.0026168830227106,-0.0128641398623585,0.0177018456161022,0.0056540532968938,-0.0031233632471412,0.0162495374679565,0.0431702435016632,0.0116718104109168,-0.0046213692985475,0.0111370338127017,0.0027641977649182,0.0054742242209613,-0.0030798935331404,-0.007674635387957,-0.0501924306154251,0.009518789127469,0.0175465308129787,0.0044525451958179,-0.0173952784389257,-0.023011727258563,-0.0057396497577428,0.0140121849253773,-0.015074998140335,0.0182930752635002,-0.0107374722138047,-0.0009692658786661,-0.015923086553812,0.0036868825554847,0.0074665076099336,0.0158536229282617,0.0239969566464424,0.003679514164105,-0.0137374671176075,-0.0104292342439293,0.0170855801552534,-0.0012899927096441,0.1045543625950813,0.012757104672568,0.1160230283539511,0.0084570198617697,0.1348584891255626,0.0310327658021172,0.1317805025328418,0.0435748708572603,0.2067704753727277,0.0442198669229929,0.1629508585745944,0.1220525960367602,0.0773787094916718,2019-02-05,2019-02-06,2019-02-07,2019-02-08,2019-02-11,2019-02-12,2019-02-13,2019-02-14,2019-02-15,2019-02-19,79686.0,2019-02-04,252.0,-1.6563%,0.0019,0.758,0.8895,-0.2867,2.0740%,2.3342%,21.0509%,-0.027849,DECK,79686.0,2019-02-05,252.0,-0.1290%,0.0016,0.8335,0.9183,-0.1984,2.0004%,2.2908%,23.7513%,-0.005658,DECK,79686.0,2019-02-06,252.0,1.4065%,0.0015,0.8974,0.8975,-0.1333,1.9875%,2.2909%,24.7385%,0.01603,DECK,79686.0,2019-02-07,252.0,-0.4246%,0.0016,0.9028,0.8888,-0.1313,1.9864%,2.2913%,24.8405%,0.005686,DECK,79686.0,2019-02-08,252.0,0.2487%,0.0015,0.9031,0.8849,-0.1324,1.9862%,2.2910%,24.8390%,0.000224,DECK,79686.0,2019-02-11,252.0,1.9850%,0.0017,0.8691,0.9327,-0.1244,1.9795%,2.2680%,23.8236%,0.01295,DECK,79686.0,2019-02-12,252.0,0.1390%,0.0016,0.8503,0.9474,-0.1366,1.9768%,2.2619%,23.6236%,-0.010927,DECK,79686.0,2019-02-13,252.0,-0.1944%,0.0015,0.8498,0.9457,-0.1385,1.9772%,2.2617%,23.5775%,-0.004897,DECK,79686.0,2019-02-14,252.0,-0.7790%,0.0015,0.8531,0.9385,-0.1309,1.9789%,2.2625%,23.4992%,-0.011826,DECK,79686.0,2019-02-15,252.0,2.5445%,0.0016,0.8646,0.9502,-0.1104,1.9803%,2.2664%,23.6546%,0.013987,DECK,79686.0,2019-02-19,252.0,-0.4648%,0.0015,0.8644,0.9411,-0.1207,1.9809%,2.2667%,23.6212%,-0.008815,DECK,-0.0335069999999999,-0.0174769999999999,-0.0117909999999999,0.001383,-0.0210949999999999
32515,D H I GROUP INC,"DHI Group Says TCS Informed Co. On Jan. 31, 2019 It Will Not Pursue Possible Transaction With Co. At This Time",6,decrease,0.7,0.6,"the news indicates that a potential transaction with tcs will not proceed, which may lead to a negative perception of d h i group inc's growth prospects and investor sentiment.",0,2019-02-04,DHX,2019-02-04 22:41:00+00:00,92172.0,23331S10,0.0,60289.0,-0.0051813423633575,-0.0153061682358384,-0.0208333134651184,-0.0248755980283021,0.1063829436898232,-0.0289854798465967,0.0961538702249527,0.0,0.0175438430160284,0.0048543643206357,-0.0172413624823093,0.0,0.0175438430160284,-0.0143540538847446,-0.0043103406205773,-0.0047619002871215,0.0173160005360841,0.0194174572825431,0.0765957757830619,0.0248755980283021,0.0988142266869545,0.0,0.0539568699896335,0.0,0.0375426262617111,0.0255101788789033,0.0592105500400066,0.0,0.0,0.0155440885573625,-0.1832297891378403,-0.0203046090900898,0.0076045552268624,0.0314136445522308,0.0150943249464035,0.0159574318677187,0.0,0.093023233115673,0.0371746867895126,-0.0227272510528564,-0.0071684522554278,0.0292397383600473,-0.0469313636422157,0.1250000447034836,0.0,0.0066225104965269,-0.0492424666881561,-0.01307188346982,0.0478088147938251,0.0851063877344131,-0.030418312177062,0.036764670163393,0.0,-0.1052631363272667,-0.0784313902258873,-0.0129870008677244,0.0340426228940486,-0.0064516067504882,-0.020576111972332,0.0,0.0336134098470211,-0.0189873985946178,0.0243902206420898,-0.018633522093296,-0.0555555038154125,-0.0295358784496784,-0.0168068055063486,-0.0241176523268222,0.0128205008804798,0.0119048217311501,-0.0168776214122772,0.0,0.0429185181856155,-0.0232558604329824,0.0,-0.0444444045424461,0.0082304449751973,0.0,0.0204081442207098,0.0112359449267387,0.0439999587833881,0.0056497124023735,0.0076629198156297,-0.0380435064435005,0.0228136647492647,0.0454545691609382,0.0594794973731041,0.0292397383600473,0.0526316128671169,-0.0338982716202735,0.0,0.0056818127632141,0.0233333110809326,0.0292397383600473,0.0325733385980129,0.0058823470026254,-0.0252366438508033,-0.0285714007914066,0.0097087286412715,0.0233917906880378,-0.0512820035219192,-0.0284090638160705,-0.0371622070670127,-0.0329670645296573,-0.0456139929592609,0.0224719569087028,0.0036764671094715,0.017142841592431,0.098901093006134,-0.0056818127632141,-0.0366666316986084,-0.022222202271223,0.0138408169150352,-0.0374331846833229,0.0238907616585493,-0.026041641831398,0.0166666507720947,0.0322580337524414,-0.0065573710016906,0.0219780001789331,-0.0051813423633575,-0.0153061682358384,-0.02590671129885,-0.0398010161757522,0.077720200181679,-0.0676328444701126,0.2020725377194527,-0.0631067946165756,0.3108808505773739,-0.0398010161381983,0.2331607102374076,0.2451612997099748,0.5699482147006603,0.0604395096810932,2019-02-05,2019-02-06,2019-02-07,2019-02-08,2019-02-11,2019-02-12,2019-02-13,2019-02-14,2019-02-15,2019-02-19,92172.0,2019-02-04,252.0,0.0000%,0.0008,0.6347,2.2781,0.6118,4.3766%,4.5599%,7.8801%,-0.0127879999999999,DHX,92172.0,2019-02-05,252.0,-0.5181%,0.0011,0.559,2.2531,0.5307,4.3416%,4.5153%,7.5462%,-0.0025169999999999,DHX,92172.0,2019-02-06,252.0,-2.0833%,0.001,0.5722,2.2492,0.5409,4.3434%,4.5175%,7.5584%,-0.01985,DHX,92172.0,2019-02-07,252.0,10.6383%,0.0016,0.5587,2.2185,0.5704,4.3965%,4.5621%,7.1285%,0.1124189999999999,DHX,92172.0,2019-02-08,252.0,9.6154%,0.0021,0.5408,2.2334,0.5053,4.4307%,4.5967%,7.0927%,0.098378,DHX,92172.0,2019-02-11,252.0,1.7544%,0.0021,0.5366,2.2356,0.5043,4.4306%,4.5977%,7.1345%,0.000784,DHX,92172.0,2019-02-12,252.0,-1.7241%,0.0022,0.5558,2.1919,0.5219,4.4195%,4.5831%,7.0142%,-0.0242289999999999,DHX,92172.0,2019-02-13,252.0,1.7544%,0.0019,0.5135,2.2681,0.5383,4.3783%,4.5476%,7.3079%,0.014207,DHX,92172.0,2019-02-14,252.0,-0.4310%,0.002,0.5189,2.2618,0.5417,4.3743%,4.5436%,7.3157%,-0.0120039999999999,DHX,92172.0,2019-02-15,252.0,1.7316%,0.0021,0.535,2.2763,0.5679,4.3727%,4.5446%,7.4224%,0.003098,DHX,92172.0,2019-02-19,252.0,7.6596%,0.0024,0.5582,2.3024,0.5954,4.3873%,4.5642%,7.6010%,0.067174,DHX,-0.015305,-0.035155,0.077264,0.176426,0.2246719999999999
32523,D H I GROUP INC,"DHI Group Amended 13D Filing From TCS Capital Shows 9.5% Stake, Includes News Firm Engaged In Confidential Discussions With Co. Board Related To Possible Transaction To Buy Co. For At Least $2.55/Share",6,increase,0.8,0.7,the news of a potential buyout at a specified price typically signals positive sentiment and can lead to an increase in stock price as investors anticipate a premium over the current market value.,2,2019-02-04,DHX,2019-02-04 22:37:00+00:00,92172.0,23331S10,0.0,60289.0,-0.0051813423633575,-0.0153061682358384,-0.0208333134651184,-0.0248755980283021,0.1063829436898232,-0.0289854798465967,0.0961538702249527,0.0,0.0175438430160284,0.0048543643206357,-0.0172413624823093,0.0,0.0175438430160284,-0.0143540538847446,-0.0043103406205773,-0.0047619002871215,0.0173160005360841,0.0194174572825431,0.0765957757830619,0.0248755980283021,0.0988142266869545,0.0,0.0539568699896335,0.0,0.0375426262617111,0.0255101788789033,0.0592105500400066,0.0,0.0,0.0155440885573625,-0.1832297891378403,-0.0203046090900898,0.0076045552268624,0.0314136445522308,0.0150943249464035,0.0159574318677187,0.0,0.093023233115673,0.0371746867895126,-0.0227272510528564,-0.0071684522554278,0.0292397383600473,-0.0469313636422157,0.1250000447034836,0.0,0.0066225104965269,-0.0492424666881561,-0.01307188346982,0.0478088147938251,0.0851063877344131,-0.030418312177062,0.036764670163393,0.0,-0.1052631363272667,-0.0784313902258873,-0.0129870008677244,0.0340426228940486,-0.0064516067504882,-0.020576111972332,0.0,0.0336134098470211,-0.0189873985946178,0.0243902206420898,-0.018633522093296,-0.0555555038154125,-0.0295358784496784,-0.0168068055063486,-0.0241176523268222,0.0128205008804798,0.0119048217311501,-0.0168776214122772,0.0,0.0429185181856155,-0.0232558604329824,0.0,-0.0444444045424461,0.0082304449751973,0.0,0.0204081442207098,0.0112359449267387,0.0439999587833881,0.0056497124023735,0.0076629198156297,-0.0380435064435005,0.0228136647492647,0.0454545691609382,0.0594794973731041,0.0292397383600473,0.0526316128671169,-0.0338982716202735,0.0,0.0056818127632141,0.0233333110809326,0.0292397383600473,0.0325733385980129,0.0058823470026254,-0.0252366438508033,-0.0285714007914066,0.0097087286412715,0.0233917906880378,-0.0512820035219192,-0.0284090638160705,-0.0371622070670127,-0.0329670645296573,-0.0456139929592609,0.0224719569087028,0.0036764671094715,0.017142841592431,0.098901093006134,-0.0056818127632141,-0.0366666316986084,-0.022222202271223,0.0138408169150352,-0.0374331846833229,0.0238907616585493,-0.026041641831398,0.0166666507720947,0.0322580337524414,-0.0065573710016906,0.0219780001789331,-0.0051813423633575,-0.0153061682358384,-0.02590671129885,-0.0398010161757522,0.077720200181679,-0.0676328444701126,0.2020725377194527,-0.0631067946165756,0.3108808505773739,-0.0398010161381983,0.2331607102374076,0.2451612997099748,0.5699482147006603,0.0604395096810932,2019-02-05,2019-02-06,2019-02-07,2019-02-08,2019-02-11,2019-02-12,2019-02-13,2019-02-14,2019-02-15,2019-02-19,92172.0,2019-02-04,252.0,0.0000%,0.0008,0.6347,2.2781,0.6118,4.3766%,4.5599%,7.8801%,-0.0127879999999999,DHX,92172.0,2019-02-05,252.0,-0.5181%,0.0011,0.559,2.2531,0.5307,4.3416%,4.5153%,7.5462%,-0.0025169999999999,DHX,92172.0,2019-02-06,252.0,-2.0833%,0.001,0.5722,2.2492,0.5409,4.3434%,4.5175%,7.5584%,-0.01985,DHX,92172.0,2019-02-07,252.0,10.6383%,0.0016,0.5587,2.2185,0.5704,4.3965%,4.5621%,7.1285%,0.1124189999999999,DHX,92172.0,2019-02-08,252.0,9.6154%,0.0021,0.5408,2.2334,0.5053,4.4307%,4.5967%,7.0927%,0.098378,DHX,92172.0,2019-02-11,252.0,1.7544%,0.0021,0.5366,2.2356,0.5043,4.4306%,4.5977%,7.1345%,0.000784,DHX,92172.0,2019-02-12,252.0,-1.7241%,0.0022,0.5558,2.1919,0.5219,4.4195%,4.5831%,7.0142%,-0.0242289999999999,DHX,92172.0,2019-02-13,252.0,1.7544%,0.0019,0.5135,2.2681,0.5383,4.3783%,4.5476%,7.3079%,0.014207,DHX,92172.0,2019-02-14,252.0,-0.4310%,0.002,0.5189,2.2618,0.5417,4.3743%,4.5436%,7.3157%,-0.0120039999999999,DHX,92172.0,2019-02-15,252.0,1.7316%,0.0021,0.535,2.2763,0.5679,4.3727%,4.5446%,7.4224%,0.003098,DHX,92172.0,2019-02-19,252.0,7.6596%,0.0024,0.5582,2.3024,0.5954,4.3873%,4.5642%,7.6010%,0.067174,DHX,-0.015305,-0.035155,0.077264,0.176426,0.2246719999999999
32531,SPDR DOW JONES IND AVG ETF TRUST,This Day In Market History: Congress Intervenes In The Markets With The Interstate Commerce Act,6,uncertain,0.5,0.5,"the historical context of congress intervening in markets may have mixed implications for investor sentiment, making the impact on spdr dow jones ind avg etf trust's stock price uncertain.",1,2019-02-04,DIA,2019-02-04 13:32:00+00:00,85765.0,78467X10,0.0073459423147141,2576093.0,0.006499680224806,0.0014393116580322,-0.0003544321807567,-0.0002398175711277,-0.0077598821371793,0.0181921198964119,-0.0023024477995932,0.0024887826293706,-0.0015120359603315,-0.009256612509489,0.0143061941489577,0.0078217219561338,0.004989605396986,-0.0010174182243645,-0.0025019522290676,0.0070491852238774,0.0164131131023168,-0.0123456912115216,0.0006186107057146,0.0140436831861734,0.0026660580188035,0.0080211795866489,-0.0037379623390734,0.0050698188133537,0.0063436143100261,0.0071147438138723,0.0027674259617924,-0.003918636124581,-0.0013415849534794,-0.0004999796510674,-0.0025716335512697,0.0045203492045402,-0.0022703518625348,0.0042030937038362,0.004396847449243,0.0108769442886114,-0.0082175508141517,0.0046098763123154,-0.0003484448534436,0.0333450846374034,-0.0051125423051416,-0.0284538883715868,-0.0080196112394332,0.0006861220463179,-0.0003924133488908,0.0118014635518193,0.0080483807250857,-0.0033728219568729,-0.0035052543971687,0.0111494371667504,0.005823518615216,0.0486474111676216,0.0007383036427199,-0.0267302878201007,0.0052210441790521,-0.0182797983288765,0.0025160405784845,-0.0194070730358362,-0.0004246702883392,-0.0165992695838213,-0.0061418274417519,0.0039335447363555,0.0089003769680857,-0.0206693951040506,-0.0177979040890932,-0.0196938570588827,0.0004314426041673,0.0015861371066421,0.0054494221694767,0.0067559643648564,-0.0013647590531036,-0.0019615502096712,0.003787440015003,0.001637301640585,0.0079742427915334,-0.0216642785817384,0.0125805959105491,-0.0040282155387103,-0.002667831024155,-0.0309203211218118,0.0011845984263345,0.0126023115590214,0.0067938882857561,0.0075712692923843,0.0014406129484996,-0.0009848723420873,-0.0035584585275501,0.0256161466240882,-0.0064964345656335,0.0045050554908812,0.000344141095411,0.0147440461441874,-0.0007645726436749,-0.0075209336355328,0.0102142831310629,0.0006134719587862,-0.0009846243774518,-0.0214520152658224,0.0027292415034025,-0.0164928250014782,0.0,0.00565074570477,0.0044893538579344,0.0092064784839749,-0.001845120685175,-0.0084959845989942,0.0053193634375929,-0.0045629912056028,-0.0021014618687331,-0.0225690919905901,-0.0052271909080445,-0.0076688658446073,0.0030620254110544,0.0012224285164847,0.0003768979513552,0.021660178899765,0.001318588387221,0.0068768286146223,-0.0061703398823738,0.0080012241378426,0.006499680224806,0.0014393116580322,0.006142944348213,0.0011991489146785,-0.0016646063130837,0.0194130838719199,-0.0054692648705244,0.0124903846135546,0.0284892261113824,0.0281224614051489,0.0309363072420683,0.0589198661051242,0.0525471124776779,-0.0020609327157624,2019-02-05,2019-02-06,2019-02-07,2019-02-08,2019-02-11,2019-02-12,2019-02-13,2019-02-14,2019-02-15,2019-02-19,85765.0,2019-02-04,252.0,0.7346%,0.0001,1.0206,-0.2715,0.1254,0.2498%,1.1682%,95.4291%,0.001786,DIA,85765.0,2019-02-05,252.0,0.6500%,0.0001,1.0175,-0.2735,0.1203,0.2492%,1.1576%,95.3657%,0.002546,DIA,85765.0,2019-02-06,252.0,-0.0354%,0.0001,1.0137,-0.2723,0.1168,0.2490%,1.1207%,95.0629%,0.0016719999999999,DIA,85765.0,2019-02-07,252.0,-0.7760%,0.0001,1.0106,-0.2686,0.1165,0.2470%,1.1123%,95.0707%,0.000758,DIA,85765.0,2019-02-08,252.0,-0.2302%,0.0001,1.0112,-0.2717,0.1168,0.2461%,1.1124%,95.1050%,-0.002374,DIA,85765.0,2019-02-11,252.0,-0.1512%,0.0001,1.0083,-0.2712,0.1156,0.2460%,1.0822%,94.8327%,-0.001503,DIA,85765.0,2019-02-12,252.0,1.4306%,0.0001,1.0096,-0.2723,0.1164,0.2459%,1.0823%,94.8403%,0.000744,DIA,85765.0,2019-02-13,252.0,0.4990%,0.0001,1.0088,-0.2702,0.1173,0.2458%,1.0775%,94.7982%,0.0021449999999999,DIA,85765.0,2019-02-14,252.0,-0.2502%,0.0001,1.0086,-0.2693,0.1162,0.2458%,1.0776%,94.7963%,0.001602,DIA,85765.0,2019-02-15,252.0,1.6413%,0.0001,1.0154,-0.2626,0.128,0.2462%,1.0803%,94.8078%,0.005032,DIA,85765.0,2019-02-19,252.0,0.0619%,0.0001,1.0149,-0.263,0.1276,0.2462%,1.0774%,94.7770%,-0.001033,DIA,0.004332,0.006004,0.006762,0.0028849999999999,0.011375
32539,DELUXE CORP,"Deluxe Corporation Signs An Agreement With Transactis Which Allows Deluxe Treasury Management Solutions To Sell Transactis' Technology To Existing Financial Customers, Along With Current And New Commercial Customers",6,increase,0.7,0.6,"the agreement with transactis enhances deluxe corporation's offerings, potentially leading to increased sales and customer retention, which could positively impact the stock price.",2,2019-02-04,DLX,2019-02-04 18:04:00+00:00,61743.0,24801910,0.0171756017953157,328859.0,0.0156347714364528,0.0040451060049235,0.0014367753174155,-0.0136496787890791,-0.0065587149001657,0.0046412954106926,-0.0041262791492044,0.0008446139399893,0.0149161219596862,0.0025401974562555,0.0108185093849897,0.0661250352859497,0.0008077729144133,0.0235620327293872,-0.0020178023260086,0.0002311029675183,0.012939753010869,-0.0170338414609432,-0.0088353138417005,0.0034183615352958,-0.0016207826556637,0.0094317886978387,-0.0056817936711013,0.0106952553614974,-0.0022449104581028,0.0020969281904399,-0.0014317794702947,0.001633598585613,-0.0163867119699716,0.0021047743503004,-0.0191587246954441,-0.0055814343504607,-0.0121019044890999,0.0250297784805297,-0.006877277046442,0.0289428569376468,-0.0311620570719242,0.0056733973324298,-0.0125084063038229,0.0660005807876586,-0.0318932346999645,-0.0276144668459892,-0.0067757223732769,0.0174298137426376,-0.0084685208275914,0.0026082021649926,0.0104388752952218,-0.0026014172472059,0.0025827803183346,-0.0118252672255039,0.0023418846540153,0.0524892434477806,-0.0051401262171566,-0.0040420782752335,0.0166744720190763,-0.0182539317756891,0.005543956067413,-0.0270270090550184,-0.0215942710638046,-0.0369360856711864,-0.0216013621538877,-0.001732236938551,0.0184785332530736,-0.0236772056668996,-0.049245998263359,-0.0231295619159936,0.0126394582912325,-0.0088889142498373,0.0154185276478529,0.0094451364129781,0.0192817356437444,-0.0139697855338454,0.0174981765449047,-0.0644739493727684,0.0160353817045688,-0.0171269383281469,0.0221865829080343,-0.0036263221409171,-0.0102931102737784,-0.0702101811766624,0.0119827892631292,0.0013902621576562,0.012287825345993,0.013894454576075,0.0174353793263435,-0.0066013569012284,0.0008676988654769,0.0222903918474912,-0.0123536996543407,-0.0004087621346116,0.0118499211966991,0.004517400637269,-0.0017350212438032,-0.0030705775134265,0.0045623052865266,0.0351769402623176,-0.0067041818983852,-0.0144110778346657,0.0019595068879425,-0.0154225779697299,0.0199912674725055,-0.0377580635249614,-0.0115039860829711,0.0210843216627836,-0.0161637924611568,0.004842571914196,0.0107337972149252,0.0151577563956379,0.0058517656289041,-0.0093343975022435,-0.0689506754279136,-0.0032362430356442,0.025688512250781,-0.0149432159960269,0.0117328623309731,0.0228245146572589,-0.0026761582121253,0.023571154102683,-0.0172182563692331,-0.040816344320774,0.0156347714364528,0.0040451060049235,0.0170940104075618,-0.0096597871817906,0.0104231807666324,-0.005063325697013,0.0212632984493468,-0.0016935180804037,0.0351750841516218,0.0747492882080955,-0.106804975648879,0.1690629530121024,-0.078283123693346,-0.050601609895051,2019-02-05,2019-02-06,2019-02-07,2019-02-08,2019-02-11,2019-02-12,2019-02-13,2019-02-14,2019-02-15,2019-02-19,61743.0,2019-02-04,252.0,1.7176%,-0.0013,0.9668,1.0832,0.7385,1.5051%,1.8595%,34.4893%,0.008357,DLX,61743.0,2019-02-05,252.0,1.5635%,-0.0013,0.9826,1.0822,0.7437,1.5048%,1.8625%,34.7236%,0.016675,DLX,61743.0,2019-02-06,252.0,0.1437%,-0.0012,0.9722,1.0854,0.734,1.5045%,1.8443%,33.4528%,0.0030859999999999,DLX,61743.0,2019-02-07,252.0,-0.6559%,-0.0012,0.9711,1.0858,0.7345,1.5046%,1.8435%,33.3894%,0.000931,DLX,61743.0,2019-02-08,252.0,-0.4126%,-0.0013,0.9714,1.0748,0.7281,1.5027%,1.8409%,33.3712%,-0.000575,DLX,61743.0,2019-02-11,252.0,1.4916%,-0.0013,0.9748,1.0796,0.7325,1.5031%,1.8388%,33.1773%,0.004688,DLX,61743.0,2019-02-12,252.0,1.0819%,-0.0012,0.9842,1.0675,0.7395,1.4996%,1.8396%,33.5497%,-0.001509,DLX,61743.0,2019-02-13,252.0,0.0808%,-0.0012,0.9839,1.067,0.7389,1.4996%,1.8392%,33.5182%,-0.003206,DLX,61743.0,2019-02-14,252.0,-0.2018%,-0.0012,0.9842,1.0671,0.7385,1.4995%,1.8392%,33.5305%,-0.0013139999999999,DLX,61743.0,2019-02-15,252.0,1.2940%,-0.0012,0.9852,1.0676,0.7397,1.4994%,1.8381%,33.4520%,-0.004494,DLX,61743.0,2019-02-19,252.0,-0.8835%,-0.0013,0.9811,1.06,0.7315,1.5022%,1.8378%,33.1835%,-0.016122,DLX,0.025032,0.0281179999999999,0.029049,0.033162,0.0065169999999999
32547,DIXIE GROUP INC,The Dixie Group Announces $6M of Cost Reductions,6,increase,0.7,0.6,"the announcement of $6 million in cost reductions suggests improved profitability, which is likely to positively impact investor sentiment and increase the stock price.",2,2019-02-04,DXYN,2019-02-04 12:16:00+00:00,10886.0,25551910,0.380952388048172,312822.0,0.0,-0.0232558604329824,0.034482829272747,-0.0227272510528564,0.0,-0.022222202271223,0.0,0.0223787240684032,0.0333333015441894,-0.021888880059123,-0.0403225421905517,0.0,0.0504201166331768,-0.0526315905153751,-0.0159999839961528,0.0555555708706378,-0.0243902206420898,-0.0425532162189483,-0.0003333886270411,0.0364979691803455,-0.0330110155045986,-0.0352127738296985,0.0086206812411546,-0.0105263059958815,0.0769231095910072,0.0674157366156578,0.0714285969734191,-0.0824742689728736,0.0370370000600814,0.1279069930315018,0.0142857013270258,-0.0947368144989013,-0.1056337878108025,0.0,0.0393701344728469,0.0106382872909307,-0.0340909659862518,-0.0084388358518481,-0.0039215651340782,0.1850000023841858,-0.0866141840815544,0.0,-0.0517240911722183,0.1277135759592056,-0.0363637097179889,0.0102534927427768,0.0,-0.0637333393096923,-0.0094339540228247,0.0,0.0380953177809715,-0.0740740746259689,-0.0642202273011207,-0.0898876264691352,0.009803912602365,-0.0631579011678695,0.0,0.0382513292133808,-0.0194174572825431,-0.0075921579264104,-0.0198019612580537,-0.0170576032251119,0.0,-0.0803921148180961,-0.0594949461519718,-0.0642202273011207,0.0010739846620708,-0.0840336307883262,-0.0022529673296958,0.0625000447034835,-0.0022580546792596,-0.0260869320482015,-0.0101304128766059,0.0267856884747743,0.0234077200293541,-0.0260869320482015,-0.032021265476942,0.0176990982145071,-0.0020881604868918,-0.0504202172160148,0.0127456132322549,-0.0703124329447746,-0.0211761500686407,-0.0375940389931201,-0.0156649425625801,-0.0673211440443992,0.0016930141719058,0.0258992910385131,-0.0519436188042163,-0.0733333453536033,-0.000356607750291,0.190476194024086,0.0047556869685649,0.0036642092745751,-0.0520648099482059,0.0916521474719047,0.0735239014029502,0.1734693348407745,-0.0337825939059257,0.0,-0.0252085626125335,0.2187539488077164,-0.0246913339942693,-0.1735868602991104,0.0215506237000227,-0.0270000100135803,0.0594467371702194,0.1627906709909439,-0.0373099967837333,-0.0851063653826713,0.0691289380192756,0.0,-0.0217045582830905,-0.2479999959468842,-0.0403066277503967,-0.0384615026414394,-0.030259059742093,-0.0076335808262228,-0.0639041140675544,0.0,0.0,-0.0232558604329824,0.034482829272747,-0.0454545697073283,0.034482829272747,-0.0666666713363637,0.0689655573631817,-0.0666666724542444,0.0341379449252439,-0.0737677997599107,-0.1293103247211173,-0.0889371150609722,-0.353448252602409,-0.3587786193051091,2019-02-05,2019-02-06,2019-02-07,2019-02-08,2019-02-11,2019-02-12,2019-02-13,2019-02-14,2019-02-15,2019-02-19,10886.0,2019-02-04,252.0,38.0952%,-0.0025,0.6927,0.1407,0.0194,6.2546%,6.3033%,1.5389%,0.377205,DXYN,10886.0,2019-02-05,252.0,0.0000%,-0.0025,0.6952,0.1417,0.0224,6.2545%,6.3028%,1.5266%,-0.0028499999999999,DXYN,10886.0,2019-02-06,252.0,3.4483%,-0.0024,0.719,0.1334,0.0511,6.2585%,6.3066%,1.5220%,0.035911,DXYN,10886.0,2019-02-07,252.0,0.0000%,-0.0023,0.7305,0.1148,0.0553,6.2569%,6.3062%,1.5557%,0.006561,DXYN,10886.0,2019-02-08,252.0,0.0000%,-0.0022,0.7294,0.1378,0.0661,6.2548%,6.3037%,1.5461%,-0.000433,DXYN,10886.0,2019-02-11,252.0,3.3333%,-0.002,0.7108,0.2006,0.0904,6.2571%,6.3015%,1.4037%,0.03115,DXYN,10886.0,2019-02-12,252.0,-4.0323%,-0.002,0.6989,0.1808,0.0879,6.2627%,6.3055%,1.3526%,-0.049976,DXYN,10886.0,2019-02-13,252.0,5.0420%,-0.0019,0.6944,0.2088,0.105,6.2685%,6.3103%,1.3212%,0.048193,DXYN,10886.0,2019-02-14,252.0,-1.6000%,-0.002,0.6975,0.2017,0.1129,6.2691%,6.3110%,1.3237%,-0.015118,DXYN,10886.0,2019-02-15,252.0,-2.4390%,-0.0022,0.6715,0.1749,0.0661,6.2720%,6.3116%,1.2504%,-0.033418,DXYN,10886.0,2019-02-19,252.0,-0.0333%,-0.0021,0.678,0.1654,0.0549,6.2706%,6.3110%,1.2768%,-0.002415,DXYN,0.374355,0.410266,0.416827,0.447544,0.3948099999999999
32555,EHEALTH INC,"Evercore ISI Group Initiates Coverage On eHealth with Outperform Rating, Announces $75 Price Target",6,increase,0.8,0.6,the initiation of coverage with an 'outperform' rating and a $75 price target suggests positive sentiment and potential for stock price appreciation.,2,2019-02-04,EHTH,2019-02-04 13:20:00+00:00,91498.0,28238P10,0.0323788113892078,460075.0,-0.0502758473157882,0.0049051544629037,-0.0275472924113273,0.03555703535676,0.0179181415587663,0.0516382046043872,-0.0083822291344404,0.0129870353266596,-0.0033812469337135,0.0025316346436738,0.0281594544649124,0.0126350233331322,0.0018148920498788,0.0641075819730758,0.0069169658236205,0.1289045512676239,0.0009813767392188,-0.0170811004936695,0.0387254729866981,0.0328271836042404,0.0353940539062023,-0.0026726669166237,-0.0048617394641041,0.0251142084598541,-0.0311450529843568,0.0354609936475753,-0.1136148646473885,0.0382915437221527,0.0016000027535483,-0.0026927001308649,-0.0209442730993032,0.002699970267713,-0.031725887209177,-0.0130813252180814,0.1026025041937828,0.0584615059196949,-0.0234335381537675,0.0339342206716537,0.0184316020458936,0.0422769449651241,-0.009561232291162,-0.0521215721964836,-0.0380968637764453,-0.0062466911040246,0.01146952342242,0.046866413205862,0.0283487308770418,-0.0048807021230459,0.0196416154503822,-0.0181043744087219,-0.031260535120964,0.0279146265238523,-0.0139543525874614,0.0057803215458989,0.0493543408811092,-0.0125033725053072,-0.0112946424633264,0.0657589957118034,-0.0335891060531139,0.0034883408807218,0.0038814612198621,-0.0075013940222561,0.107029877603054,-0.0189641080796718,-0.006032720208168,-0.0022591927554458,-0.000798582274001,-0.0351498872041702,-0.0151854334399104,-0.0147650800645351,-0.0206135436892509,0.0051267840899527,0.0230361185967922,-0.0138371586799621,0.0098817534744739,-0.0246560331434011,-0.0060956217348575,0.0139473360031843,-0.0020980834960937,-0.0528414510190486,-0.0061459010466933,0.0415368229150772,0.0465418510138988,0.0338164828717708,0.058777779340744,0.0051254015415906,-0.0160081721842289,0.0906148254871368,-0.0213432889431715,-0.0162083227187395,0.0282140988856554,-0.0173492785543203,0.0394542217254638,-0.0053747845813632,-0.0556507036089897,0.046477198600769,0.0022665688302367,-0.0180233344435691,-0.0135685438290238,-0.0241134315729141,-0.1684242784976959,0.0441351234912872,0.0064326128922402,0.0484471283853054,0.0487582571804523,-0.0529411546885967,0.0473620258271694,-0.0049750711768865,0.0300913974642753,-0.0175388343632221,0.0032279014121741,-0.0213844142854213,0.0336229093372821,0.0145590109750628,0.0110505698248744,0.0385413356125354,-0.064963012933731,0.0101826945319771,-0.0808363482356071,-0.0279475729912519,-0.0502758473157882,0.0049051544629037,-0.0764381762598803,0.0406366025703315,-0.0598896647638325,0.0943732083726727,-0.0709219852232785,0.1113924062891236,0.0018912367973393,0.3724877479351676,-0.1066981897132681,0.786627827067933,-0.1200945408194202,0.7892286129127937,2019-02-05,2019-02-06,2019-02-07,2019-02-08,2019-02-11,2019-02-12,2019-02-13,2019-02-14,2019-02-15,2019-02-19,91498.0,2019-02-04,252.0,3.2379%,0.0058,0.7756,0.2462,0.0338,3.1597%,3.2794%,7.1634%,0.02573,EHTH,91498.0,2019-02-05,252.0,-5.0276%,0.0057,0.7619,0.2629,0.0593,3.1798%,3.2919%,6.6913%,-0.053311,EHTH,91498.0,2019-02-06,252.0,-2.7547%,0.0055,0.8087,0.2483,0.1012,3.1815%,3.2985%,6.9683%,-0.025986,EHTH,91498.0,2019-02-07,252.0,1.7918%,0.0056,0.8193,0.2263,0.1084,3.1794%,3.2981%,7.0679%,0.0252669999999999,EHTH,91498.0,2019-02-08,252.0,-0.8382%,0.0056,0.8215,0.2384,0.1256,3.1801%,3.2985%,7.0531%,-0.008585,EHTH,91498.0,2019-02-11,252.0,-0.3381%,0.0055,0.8309,0.2131,0.1168,3.1804%,3.2969%,6.9377%,-0.006494,EHTH,91498.0,2019-02-12,252.0,2.8159%,0.0056,0.8399,0.2099,0.1219,3.1811%,3.2997%,7.0620%,0.016915,EHTH,91498.0,2019-02-13,252.0,0.1815%,0.0056,0.8436,0.201,0.1188,3.1807%,3.2998%,7.0902%,-0.000848,EHTH,91498.0,2019-02-14,252.0,0.6917%,0.0057,0.8433,0.2026,0.1166,3.1806%,3.2998%,7.0939%,0.008232,EHTH,91498.0,2019-02-15,252.0,0.0981%,0.0056,0.8287,0.1878,0.0907,3.1818%,3.2977%,6.9046%,-0.009714,EHTH,91498.0,2019-02-19,252.0,3.8725%,0.0057,0.8394,0.2003,0.1038,3.1864%,3.3041%,6.9970%,0.036234,EHTH,-0.027581,-0.053567,-0.0283,-0.043379,0.0074399999999999
32563,ELEMENT SOLUTIONS INC,Element Solutions Repurchases 37M Shares From Pershing Square at $11.72/Share,6,increase,0.75,0.6,the repurchase of shares typically signals confidence in the company's value and can lead to an increase in stock price due to reduced supply and potential positive market perception.,2,2019-02-04,ESI,2019-02-04 12:12:00+00:00,14406.0,28618M10,0.0128645431250333,7653901.0,-0.0084674321115016,0.0373665541410446,0.003415880491957,0.0126125570386648,-0.026383014395833,0.0136986821889877,0.0113636469468474,-0.0099458051845431,-0.0164217445999383,0.0,0.0017574256053194,0.0128205437213182,-0.0026315555442124,0.0027547962963581,-0.0316622406244278,-0.01447962410748,0.0136239435523748,-0.0416304916143417,-0.008960522711277,0.0158589724451303,0.0253164302557706,0.0106857381761074,-0.0079365214332938,0.0071748811751604,-0.0053333705291152,-0.0295909624546766,0.014298552647233,-0.0295608434826135,0.0096915997564792,0.0016920861089602,0.0331588238477706,0.0163370221853256,-0.048986479640007,0.0255731884390115,0.0035523944534361,0.0179533045738935,0.0353981964290142,0.0286242309957742,-0.017094001173973,0.0712166428565979,-0.0234783012419939,-0.0480226203799247,-0.020480815321207,0.0280735678970813,-0.0090909441933035,0.0127451093867421,0.0302752237766981,-0.0029325252398848,0.0115761458873748,0.0158887635916471,-0.0167253147810697,0.0816325694322586,-0.0420770160853862,-0.0480571910738945,-0.0102803418412804,-0.023952167481184,-0.0009443086455576,-0.0157170761376619,-0.009451831690967,-0.0323194041848182,-0.0152671616524457,0.0057361777871847,0.0242248065769672,-0.0412465445697307,-0.0416272096335887,-0.0135624380782246,-0.0078973267227411,-0.0133808758109808,-0.013930382207036,0.0135623523965477,-0.0161452926695346,0.0054545835591852,0.0307692494243383,-0.0018149234820157,0.004975143354386,-0.0290748830884695,0.0148514471948146,-0.0078670633956789,-0.0019512642174959,-0.045871578156948,0.0048876046203076,0.0186915304511785,0.0340467318892478,0.0217013880610466,0.0037629315629601,-0.0103092677891254,-0.0103092463687062,0.0420770160853862,-0.0009469913202337,-0.0097517427057027,0.0094786183908581,0.0235933996737003,-0.0084506291896104,0.002729816827923,0.0151514997705817,0.0261437650769949,-0.0046641966328024,-0.0368704907596111,0.0262417737394571,-0.0245613809674978,0.0091324551030993,0.0224215257912874,0.0180995296686887,0.05587113276124,-0.0195555798709392,-0.0121608199551701,0.0027199173346161,0.0065913083963096,-0.0045208125375211,-0.0406503900885582,-0.0217983443289995,-0.016873937100172,0.0129990139976143,0.0098655261099338,0.0183317884802818,0.0136363292112946,-0.0225022509694099,0.0045662275515496,0.007366475649178,0.0018297807546332,-0.0084674321115016,0.0373665541410446,-0.0050804753557113,0.0504503989751516,-0.0313294514970969,0.0648401851460076,-0.0364098462155954,0.0542494921118725,-0.0635055024606157,0.0273127226215335,-0.1126164975909363,0.1083649443168035,-0.0736664558412449,0.0667885989071328,2019-02-05,2019-02-06,2019-02-07,2019-02-08,2019-02-11,2019-02-12,2019-02-13,2019-02-14,2019-02-15,2019-02-19,14406.0,2019-02-04,252.0,1.2865%,0.0007,1.5036,0.5986,0.3613,1.5314%,2.2481%,53.5985%,0.000684,ESI,14406.0,2019-02-05,252.0,-0.8467%,0.0006,1.5119,0.6062,0.3795,1.5324%,2.2441%,53.3686%,-0.012386,ESI,14406.0,2019-02-06,252.0,0.3416%,0.0006,1.515,0.6052,0.3833,1.5328%,2.2156%,52.1384%,0.006437,ESI,14406.0,2019-02-07,252.0,-2.6383%,0.0006,1.5256,0.5974,0.381,1.5332%,2.2215%,52.3647%,-0.013102,ESI,14406.0,2019-02-08,252.0,1.1364%,0.0006,1.5237,0.5918,0.3693,1.5348%,2.2225%,52.3074%,0.012221,ESI,14406.0,2019-02-11,252.0,-1.6422%,0.0005,1.5283,0.5549,0.3517,1.5415%,2.2088%,51.2933%,-0.02341,ESI,14406.0,2019-02-12,252.0,0.1757%,0.0005,1.525,0.5452,0.3517,1.5445%,2.2085%,51.0883%,-0.018641,ESI,14406.0,2019-02-13,252.0,-0.2632%,0.0005,1.5315,0.531,0.3473,1.5417%,2.2086%,51.2713%,-0.0075749999999999,ESI,14406.0,2019-02-14,252.0,-3.1662%,0.0004,1.5394,0.5153,0.3629,1.5505%,2.2172%,51.0925%,-0.029293,ESI,14406.0,2019-02-15,252.0,1.3624%,0.0004,1.5316,0.5075,0.3491,1.5510%,2.2106%,50.7717%,-0.006901,ESI,14406.0,2019-02-19,252.0,-0.8961%,0.0004,1.5333,0.4917,0.3312,1.5509%,2.2115%,50.8166%,-0.014489,ESI,-0.0117019999999999,-0.0052649999999999,-0.0183669999999999,-0.029556,-0.106455
32571,ELEMENT SOLUTIONS INC,Element Solutions Raises FY2019 EPS Guidance from $0.75-0.80 to $0.82-0.87,6,increase,0.85,0.7,"raising eps guidance typically signals improved financial performance, which is likely to positively influence investor sentiment and increase the stock price.",2,2019-02-04,ESI,2019-02-04 12:11:00+00:00,14406.0,28618M10,0.0128645431250333,7653901.0,-0.0084674321115016,0.0373665541410446,0.003415880491957,0.0126125570386648,-0.026383014395833,0.0136986821889877,0.0113636469468474,-0.0099458051845431,-0.0164217445999383,0.0,0.0017574256053194,0.0128205437213182,-0.0026315555442124,0.0027547962963581,-0.0316622406244278,-0.01447962410748,0.0136239435523748,-0.0416304916143417,-0.008960522711277,0.0158589724451303,0.0253164302557706,0.0106857381761074,-0.0079365214332938,0.0071748811751604,-0.0053333705291152,-0.0295909624546766,0.014298552647233,-0.0295608434826135,0.0096915997564792,0.0016920861089602,0.0331588238477706,0.0163370221853256,-0.048986479640007,0.0255731884390115,0.0035523944534361,0.0179533045738935,0.0353981964290142,0.0286242309957742,-0.017094001173973,0.0712166428565979,-0.0234783012419939,-0.0480226203799247,-0.020480815321207,0.0280735678970813,-0.0090909441933035,0.0127451093867421,0.0302752237766981,-0.0029325252398848,0.0115761458873748,0.0158887635916471,-0.0167253147810697,0.0816325694322586,-0.0420770160853862,-0.0480571910738945,-0.0102803418412804,-0.023952167481184,-0.0009443086455576,-0.0157170761376619,-0.009451831690967,-0.0323194041848182,-0.0152671616524457,0.0057361777871847,0.0242248065769672,-0.0412465445697307,-0.0416272096335887,-0.0135624380782246,-0.0078973267227411,-0.0133808758109808,-0.013930382207036,0.0135623523965477,-0.0161452926695346,0.0054545835591852,0.0307692494243383,-0.0018149234820157,0.004975143354386,-0.0290748830884695,0.0148514471948146,-0.0078670633956789,-0.0019512642174959,-0.045871578156948,0.0048876046203076,0.0186915304511785,0.0340467318892478,0.0217013880610466,0.0037629315629601,-0.0103092677891254,-0.0103092463687062,0.0420770160853862,-0.0009469913202337,-0.0097517427057027,0.0094786183908581,0.0235933996737003,-0.0084506291896104,0.002729816827923,0.0151514997705817,0.0261437650769949,-0.0046641966328024,-0.0368704907596111,0.0262417737394571,-0.0245613809674978,0.0091324551030993,0.0224215257912874,0.0180995296686887,0.05587113276124,-0.0195555798709392,-0.0121608199551701,0.0027199173346161,0.0065913083963096,-0.0045208125375211,-0.0406503900885582,-0.0217983443289995,-0.016873937100172,0.0129990139976143,0.0098655261099338,0.0183317884802818,0.0136363292112946,-0.0225022509694099,0.0045662275515496,0.007366475649178,0.0018297807546332,-0.0084674321115016,0.0373665541410446,-0.0050804753557113,0.0504503989751516,-0.0313294514970969,0.0648401851460076,-0.0364098462155954,0.0542494921118725,-0.0635055024606157,0.0273127226215335,-0.1126164975909363,0.1083649443168035,-0.0736664558412449,0.0667885989071328,2019-02-05,2019-02-06,2019-02-07,2019-02-08,2019-02-11,2019-02-12,2019-02-13,2019-02-14,2019-02-15,2019-02-19,14406.0,2019-02-04,252.0,1.2865%,0.0007,1.5036,0.5986,0.3613,1.5314%,2.2481%,53.5985%,0.000684,ESI,14406.0,2019-02-05,252.0,-0.8467%,0.0006,1.5119,0.6062,0.3795,1.5324%,2.2441%,53.3686%,-0.012386,ESI,14406.0,2019-02-06,252.0,0.3416%,0.0006,1.515,0.6052,0.3833,1.5328%,2.2156%,52.1384%,0.006437,ESI,14406.0,2019-02-07,252.0,-2.6383%,0.0006,1.5256,0.5974,0.381,1.5332%,2.2215%,52.3647%,-0.013102,ESI,14406.0,2019-02-08,252.0,1.1364%,0.0006,1.5237,0.5918,0.3693,1.5348%,2.2225%,52.3074%,0.012221,ESI,14406.0,2019-02-11,252.0,-1.6422%,0.0005,1.5283,0.5549,0.3517,1.5415%,2.2088%,51.2933%,-0.02341,ESI,14406.0,2019-02-12,252.0,0.1757%,0.0005,1.525,0.5452,0.3517,1.5445%,2.2085%,51.0883%,-0.018641,ESI,14406.0,2019-02-13,252.0,-0.2632%,0.0005,1.5315,0.531,0.3473,1.5417%,2.2086%,51.2713%,-0.0075749999999999,ESI,14406.0,2019-02-14,252.0,-3.1662%,0.0004,1.5394,0.5153,0.3629,1.5505%,2.2172%,51.0925%,-0.029293,ESI,14406.0,2019-02-15,252.0,1.3624%,0.0004,1.5316,0.5075,0.3491,1.5510%,2.2106%,50.7717%,-0.006901,ESI,14406.0,2019-02-19,252.0,-0.8961%,0.0004,1.5333,0.4917,0.3312,1.5509%,2.2115%,50.8166%,-0.014489,ESI,-0.0117019999999999,-0.0052649999999999,-0.0183669999999999,-0.029556,-0.106455
32579,ELBIT SYSTEMS LTD,Elbit Systems U.S. Subsidiary Awarded Initial $5M Contract to Provide Avionics Refresh for U.S. Air National Guard's ISR Aircraft,6,increase,0.8,0.6,"the award of a $5m contract for avionics refresh indicates positive business activity and potential future revenue growth for elbit systems, likely leading to an increase in stock price.",2,2019-02-04,ESLT,2019-02-04 09:07:00+00:00,84207.0,M3760D10,-0.0017702061450108,10655.0,0.007980054244399,0.0101601239293813,0.0053578419610857,-0.0004062646185047,0.003181685693562,0.0026067097205668,0.0024579570163041,-0.0044602663256227,-0.0005536636454053,-0.0103531377390027,0.0082304598763585,0.0078460024669766,0.0023547520395368,0.0004855349834542,0.0138606447726488,0.0065162749961018,0.0157564934343099,-0.0022755498066544,-0.0012165494263172,0.0016280389390885,0.015454881824553,-0.006309138610959,-0.0028490393888205,0.0083190333098173,0.0039098067209124,0.0112164998427033,-0.0033702587243169,-0.0279781781136989,0.0116479126736521,-0.0008810621802695,-0.007279718760401,0.000801590969786,-0.0177341755479574,0.0142276426777243,0.0028185807168483,0.0081967208534479,0.0080522447824478,0.0278012063354253,-0.0042200270108878,0.0241587180644273,0.0018162970663979,0.0056399265304207,0.0024172235280275,0.0107876108959317,-0.0004521293158177,-0.0085217682644724,0.0053528854623436,0.0008703087223693,-0.0164980292320251,-0.0100801084190607,-0.0048035811632871,0.0570075809955596,-0.0045970431528985,-0.072158858180046,-0.0006927057984285,-0.0126804392784833,0.0056998035870492,-0.0263179093599319,-0.0014551767380908,-0.0070172827690839,-0.0018408151809126,0.0114211253821849,0.0035347065422683,-0.0034146192483603,-0.0153139345347881,-0.0075042387470602,-0.0240280237048864,-0.0069711757823824,0.0183251965790987,-0.007949125021696,0.0122055988758802,0.0230137575417757,0.0054881870746612,0.0225345008075237,-0.0049200630746781,-0.0038929942529648,0.0225581675767898,-0.0193427819758653,0.0209990814328193,-0.0172592513263225,-0.0049004191532731,0.0200389511883258,-0.0032831102143973,-0.0064484560862183,0.0233567524701356,-0.0082340622320771,-0.0021946090273559,0.0180678237229585,-0.0037389628123492,-0.0075121186673641,0.0475385002791881,0.0284954737871885,-0.0017562345601618,0.0085463281720876,0.0083039589226245,0.0214823875576257,0.0195421762764453,-0.0047700610011816,-0.0005476576625369,-0.0024641084019094,-0.0219177864491939,-0.0004246256430633,-0.0245798993855714,0.0062387464568018,-0.0065330495126545,-0.0214100331068038,0.0020234049297869,-0.0227216910570859,-0.0020915083587169,-0.0188452173024416,-0.0041193328797817,-0.0025595880579203,-0.0026851261500269,0.0082257790490984,0.0124427480623126,0.0226804129779338,0.004096645861864,-0.0012355974176898,0.004723988007754,-0.007115360815078,0.007980054244399,0.0101601239293813,0.0133806520749673,0.0097497316120045,0.0166049107978067,0.0123818560527373,0.0185394413115054,-0.002568215930772,0.0587619589434602,0.01164021463389,0.050943150447785,0.0024197125076139,0.1353278979579339,0.0201434566462845,2019-02-05,2019-02-06,2019-02-07,2019-02-08,2019-02-11,2019-02-12,2019-02-13,2019-02-14,2019-02-15,2019-02-19,84207.0,2019-02-04,252.0,-0.1770%,-0.0005,0.7202,0.1136,0.0934,1.4273%,1.6340%,23.6982%,-0.007206,ESLT,84207.0,2019-02-05,252.0,0.7980%,-0.0005,0.7216,0.1119,0.0909,1.4278%,1.6326%,23.5146%,0.005435,ESLT,84207.0,2019-02-06,252.0,0.5358%,-0.0004,0.6859,0.1233,0.0567,1.4223%,1.6033%,21.3087%,0.006793,ESLT,84207.0,2019-02-07,252.0,0.3182%,-0.0003,0.6893,0.1148,0.0599,1.4222%,1.6034%,21.3335%,0.0093999999999999,ESLT,84207.0,2019-02-08,252.0,0.2458%,-0.0003,0.6886,0.1225,0.0622,1.4211%,1.6020%,21.3136%,0.002094,ESLT,84207.0,2019-02-11,252.0,-0.0554%,-0.0005,0.7463,0.0646,0.0611,1.3924%,1.5972%,24.0021%,-0.002569,ESLT,84207.0,2019-02-12,252.0,0.8230%,-0.0005,0.7465,0.0633,0.0615,1.3924%,1.5973%,24.0111%,-0.001928,ESLT,84207.0,2019-02-13,252.0,0.2355%,-0.0005,0.743,0.0694,0.0627,1.3915%,1.5937%,23.7575%,8.4e-05,ESLT,84207.0,2019-02-14,252.0,1.3861%,-0.0005,0.7382,0.0774,0.0558,1.3911%,1.5917%,23.6215%,0.0153239999999999,ESLT,84207.0,2019-02-15,252.0,1.5756%,-0.0005,0.7447,0.0841,0.0675,1.3918%,1.5938%,23.7445%,0.006854,ESLT,84207.0,2019-02-19,252.0,-0.1217%,-0.0005,0.7461,0.0798,0.0625,1.3913%,1.5937%,23.7869%,-0.003178,ESLT,-0.001771,0.0050219999999999,0.0144219999999999,0.0139469999999999,0.0311029999999999
32587,ISHARES TRUST,UK Prime Minister Theresa May Has Been Urging Business Leaders To Speak To EU Policymakers So As To Avoid No-Deal Or Hard Brexit,6,uncertain,0.6,0.3,"while urging dialogue may suggest a desire to avoid a hard brexit, the overall uncertainty surrounding brexit negotiations can lead to volatility in stock prices.",1,2019-02-04,EWU,2019-02-04 19:33:00+00:00,14907.0,46435G33,0.0028481059707701,1270780.0,0.0088355559855699,0.0034931919071823,-0.0037534856237471,0.0060703046619892,-0.0043956451117992,0.0132728992030024,-0.0006306701689027,0.0068448199890553,-0.0059955990873277,-0.0071197189390659,0.0073015727102756,0.0068425899371504,0.002206104574725,-0.0042180130258202,0.0,0.0071895201690495,0.0132076097652316,-0.011627865023911,0.0052761686965823,0.0091264266520738,0.0055572804994881,0.0082155764102935,-0.0064476230181753,-0.0029488909058272,0.0030901876743882,0.0049390718340873,0.0006161570781841,-0.0065423245541751,0.0086206523701548,0.0003272326139267,-0.0012209127889946,0.004272072110325,-0.0045843985863029,0.0096217952668666,0.0018422282300889,0.0060080210678279,-0.0024517874699085,0.0,0.0055299634113907,0.0277872886508703,0.0012221484212204,-0.0061370716430246,-0.0106805702671408,-0.0006814465741626,-0.0040097860619425,-0.0010210613254457,0.0086713768541812,0.013103418983519,-0.0018422282300889,-0.0092244772240519,0.013841918669641,0.0248599797487258,0.0033373972401022,-0.009021520614624,0.0105835646390914,-0.0082587674260139,0.0053860056214034,0.0006886553019285,0.0020833243615925,-0.0037735404912382,-0.0038609225302934,-0.0021023366134613,-0.0017889497103169,-0.0092930234968662,-0.0155316749587655,-0.0134250735864043,-0.0015169671969488,-0.0003272773174103,0.0045579313300549,0.0173159688711166,0.0027223275974392,0.0030060170684009,-0.0063349287956953,-0.0118811456486582,0.002125066705048,-0.0081833060830831,0.0133293690159916,-0.016103059053421,0.0056800781749188,-0.0214308332651853,0.0059453258290886,0.0095449965447187,-0.0035460677463561,-0.0078914137557148,0.0023724203929305,-0.0084507185965776,0.0017751886043697,0.0129993604496121,-0.005611412692815,-0.0078641083091497,0.0032670216169208,0.0163043551146984,-0.0011840468505397,-0.012314474210143,0.0059275915846228,0.0166934337466955,-0.0005892887129448,-0.0142405303195118,-0.0014740341575816,-0.0034688964951783,0.0017715197755023,-0.0050204503349959,-0.0035366616211831,-0.0059264046140015,0.0011829960858449,0.002188233891502,0.0002954840892925,0.0062912502326071,-0.0079740239307284,-0.018221128731966,-0.0035724600311368,-0.0079656345769763,0.0014938522363081,-0.0079028001055121,0.0020882964599877,0.0148057797923684,0.0050609754398465,-0.0006165369413793,-0.0112558435648679,0.0055796750821173,0.0088355559855699,0.0034931919071823,0.0050489062294531,0.009584701308291,0.0006310679176664,0.0229848172856492,-0.0059955993327937,0.0226537465154186,0.0220889498774243,0.0299869648185151,0.0624802009544411,0.0840480538705803,0.0533291400684099,0.0009549693542423,2019-02-05,2019-02-06,2019-02-07,2019-02-08,2019-02-11,2019-02-12,2019-02-13,2019-02-14,2019-02-15,2019-02-19,14907.0,2019-02-04,252.0,0.2848%,-0.0003,0.6999,0.082,0.3305,0.5990%,0.9495%,60.1979%,-0.00117,EWU,14907.0,2019-02-05,252.0,0.8836%,-0.0002,0.6929,0.0766,0.3172,0.5990%,0.9395%,59.3476%,0.007774,EWU,14907.0,2019-02-06,252.0,-0.3753%,-0.0002,0.6611,0.0869,0.2855,0.5869%,0.8907%,56.5806%,-0.002544,EWU,14907.0,2019-02-07,252.0,-0.4396%,-0.0002,0.6538,0.0958,0.2847,0.5819%,0.8800%,56.2797%,0.0006519999999999,EWU,14907.0,2019-02-08,252.0,-0.0631%,-0.0002,0.6534,0.1035,0.2881,0.5793%,0.8778%,56.4420%,0.000597,EWU,14907.0,2019-02-11,252.0,-0.5996%,-0.0002,0.6562,0.0898,0.2822,0.5812%,0.8708%,55.4583%,-0.008357,EWU,14907.0,2019-02-12,252.0,0.7302%,-0.0002,0.6609,0.083,0.2858,0.5784%,0.8720%,56.0050%,-0.001261,EWU,14907.0,2019-02-13,252.0,0.2206%,-0.0002,0.6592,0.086,0.2864,0.5779%,0.8691%,55.7849%,5.999999999999999e-06,EWU,14907.0,2019-02-14,252.0,0.0000%,-0.0002,0.6586,0.0875,0.2848,0.5782%,0.8691%,55.7393%,0.002498,EWU,14907.0,2019-02-15,252.0,1.3208%,-0.0002,0.6568,0.0863,0.2826,0.5777%,0.8664%,55.5311%,0.0040799999999999,EWU,14907.0,2019-02-19,252.0,0.5276%,-0.0002,0.6564,0.0897,0.2865,0.5777%,0.8650%,55.4010%,0.0028299999999999,EWU,0.006604,0.0040599999999999,0.0047119999999999,-0.003048,0.0051049999999999
32595,EXPEDIA GROUP INC,Expedia Group Announces Proposal to Acquire Liberty Expedia in All Stock Deal,6,increase,0.7,0.6,"the proposal to acquire liberty expedia in an all-stock deal may be viewed positively by investors as it suggests growth and consolidation in the travel sector, potentially enhancing expedia group's market position.",2,2019-02-04,EXPE,2019-02-04 13:35:00+00:00,90808.0,30212P30,0.0128720151260495,1811806.0,0.0216124188154935,0.0228092353790998,0.0132319005206227,-0.0014235317939892,-7.815535354893655e-05,0.0199863016605377,0.0229138992726802,0.000341771316016,-0.0318807773292064,-0.0005977260298095,-0.0003948149969801,-0.0026400745846331,0.0069521032273769,0.0066009140573441,-0.005491895135492,0.0086467787623405,0.0026032992172986,-0.0238859020173549,0.0091274194419384,0.0151658318936824,0.0026510434690862,0.0061206817626953,-0.00381048489362,-0.0062537766061723,-0.0087431902065873,0.013193336315453,-0.0064577073790133,0.0086674652993679,0.0110969711095094,0.0001751687668729,0.0050172419287264,-0.0036643324419856,-0.0381435230374336,-0.0200906079262495,0.0158948916941881,0.0210370440036058,-0.0021553176920861,0.0129985082894563,0.007760009728372,0.0421120524406433,-0.0029372267890721,-0.0308984331786632,-0.0169220548123121,-0.0059476089663803,-0.0146151594817638,-0.0056492132134735,0.0042023905552923,-0.0094430511817336,-0.0108312107622623,0.0014886673307046,-0.0005806693807244,0.046746090054512,0.0026560397818684,-0.0095324832946062,0.0062913452275097,-0.0363922342658042,-0.0033727874979376,-0.0072948671877384,0.0089970808476209,-0.0262979920953512,0.0018815719522535,0.0113743422552943,0.013309359550476,-0.0120817869901657,-0.0198227167129516,-0.0102851055562496,0.003617251291871,-0.0124690514057874,0.0001637995010241,0.0232361648231744,-0.0188369806855917,-0.0036201407201588,-0.0061770072206854,0.0045669903047382,-0.0005039271200075,-0.0199751649051904,0.0105042019858956,0.015743413940072,0.0015800618566572,-0.0154994009062647,0.0135336862877011,-0.0011590312933549,0.0039321975782513,0.0087690250948071,-0.0004080216167494,-0.0034953877329826,0.0057959109544754,0.0222903080284595,0.0059248711913824,0.0082346806302666,0.0017750622937455,0.0304048303514719,0.0034632140304893,0.0004421527264639,0.009631629101932,0.0131696248427033,-0.0027029491029679,-0.0130857275798916,0.0043045110069215,-0.0329200401902198,-0.0092864371836185,-0.0233820714056491,-0.0024835567455738,-0.0178791135549545,-0.0012850667117163,-0.0010622402187436,0.0123039707541465,0.0010633722413331,-0.0110422577708959,-0.0144308358430862,0.0058639519847929,-0.0110818734392523,0.0202843062579631,-0.0229786913841962,0.0173762794584035,0.0267936177551746,-0.0010770841035991,-0.0146583700552582,-0.0079328315332531,0.0030036934185773,0.0216124188154935,0.0228092353790998,0.035130292711893,0.0213532339133519,0.0350493917378968,0.0417663077483099,0.0250121131057265,0.041499449933303,0.0381252973044339,0.045068993097544,-0.0079955318415354,0.0313715467574251,0.0453214602273719,-0.0333562233476883,2019-02-05,2019-02-06,2019-02-07,2019-02-08,2019-02-11,2019-02-12,2019-02-13,2019-02-14,2019-02-15,2019-02-19,90808.0,2019-02-04,252.0,1.2872%,-0.0001,0.6939,0.1357,-0.2893,1.7816%,1.9845%,19.4035%,0.0058309999999999,EXPE,90808.0,2019-02-05,252.0,2.1612%,-0.0,0.6891,0.1279,-0.3062,1.7845%,1.9854%,19.2153%,0.016902,EXPE,90808.0,2019-02-06,252.0,1.3232%,0.0,0.7097,0.121,-0.2838,1.7851%,1.9854%,19.1611%,0.014875,EXPE,90808.0,2019-02-07,252.0,-0.0078%,0.0,0.7042,0.1247,-0.2825,1.7853%,1.9823%,18.8869%,0.0076859999999999,EXPE,90808.0,2019-02-08,252.0,2.2914%,0.0,0.7013,0.1029,-0.3092,1.7859%,1.9849%,19.0475%,0.020169,EXPE,90808.0,2019-02-11,252.0,-3.1881%,-0.0,0.6656,0.0922,-0.3338,1.7922%,1.9712%,17.3396%,-0.032931,EXPE,90808.0,2019-02-12,252.0,-0.0395%,0.0006,0.7562,-0.031,-0.2654,1.4644%,1.7101%,26.6744%,-0.010133,EXPE,90808.0,2019-02-13,252.0,0.6952%,0.0007,0.7676,-0.0484,-0.2675,1.4572%,1.7088%,27.2772%,0.004939,EXPE,90808.0,2019-02-14,252.0,-0.5492%,0.0007,0.7699,-0.0511,-0.266,1.4550%,1.7078%,27.4136%,-0.00528,EXPE,90808.0,2019-02-15,252.0,0.2603%,0.0008,0.7891,-0.0345,-0.2357,1.4449%,1.7043%,28.1201%,-0.004792,EXPE,90808.0,2019-02-19,252.0,0.9127%,0.0008,0.7877,-0.0258,-0.2258,1.4445%,1.7003%,27.8233%,0.008335,EXPE,0.022733,0.037608,0.045294,0.032532,0.025601
32603,FEDEX CORP,Saudi Arabia Seeks Investment To Become Logistics Hub,6,increase,0.7,0.6,"the news suggests potential growth in logistics opportunities in saudi arabia, which could benefit fedex corp as it may expand its operations and market presence in the region.",2,2019-02-04,FDX,2019-02-04 21:36:00+00:00,60628.0,31428X10,0.0190731044858694,1694685.0,0.0054725552909076,0.0097988974303007,0.0004354315169621,0.0005635098787024,-0.0132745904847979,0.0224104113876819,-0.0227710735052824,-0.0021844382863491,0.0217219069600105,-0.007983542047441,0.0240764301270246,0.007237188052386,0.0009166792733594,0.0024183178320527,-0.0091584799811244,-0.0126208150759339,-0.0251195915043354,-0.0057091726921498,0.0052983653731644,0.0210076719522476,0.0092094512656331,0.0111461468040943,0.002033945871517,0.0042782379314303,-0.0098200198262929,-0.0053628571331501,0.003213484538719,0.0032750309910625,0.0035345412325114,0.0051140980795025,0.0005502770654857,-0.002755151130259,-0.0044551868923008,0.021374637261033,0.0099447686225175,0.0017393903108313,-0.0090809827670454,0.0139877339825034,-0.0062382956966757,0.0460588485002517,-0.0101661123335361,-0.0367669574916362,-0.0298574045300483,0.0115291671827435,-0.0024875728413462,0.0147817721590399,0.0271859243512153,-0.0126692866906523,0.0040804832242429,0.0054324720986187,0.013320542871952,0.0487884543836116,-0.0025065278168767,-0.0335443243384361,-0.0061425403691828,-0.0107688531279563,0.0248342417180538,-0.0171681344509124,-0.0054275779984891,-0.1216150522232056,-0.0349484384059906,0.0154783027246594,0.0223910324275493,-0.0104285385459661,-0.0279345214366912,-0.016401283442974,-0.0110351061448454,-0.0057896189391613,0.0178996138274669,-0.0072765075601637,0.0053668427281081,-0.0170009788125753,0.0102788209915161,-0.0420080758631229,0.0197302419692277,-0.0605412349104881,0.0277823340147733,-0.0021344036795198,-0.0129793416708707,-0.0631194114685058,0.0063033401966094,0.0045414553023874,0.0133916288614273,0.0065934066660702,0.0118825370445847,-0.0187621563673019,0.0077936337329447,0.0293922238051891,-0.0074720862321555,0.0008443052065558,0.0055277864448726,0.0073410896584391,0.0045549483038485,0.0038193252403289,0.0264762695878744,0.0054667331278324,-0.0039096432738006,-0.0219178367406129,0.0053522433154284,-0.0017204084433615,0.0042082942090928,-0.0049163564108312,0.0004543892573565,0.0117693813517689,-0.0109512908384203,0.0119096189737319,-0.0043371305800974,0.0131129147484898,0.0139906508848071,-0.0212566368281841,-0.0454361960291862,-0.0217959899455308,-0.025573156774044,-0.0081286961212754,0.014073091559112,0.0198879670351743,0.0151637019589543,0.0186874065548181,-0.020268190652132,0.004285829141736,0.0054725552909076,0.0097988974303007,0.0059103697309217,0.0103679290845055,-0.0074426784916679,0.0330106900282096,-0.0089749861871729,0.0225250728940582,-0.0135719134248381,0.0348588497978634,-0.0034671535272643,-0.0308091336046343,0.01965943557315,-0.188447488453923,2019-02-05,2019-02-06,2019-02-07,2019-02-08,2019-02-11,2019-02-12,2019-02-13,2019-02-14,2019-02-15,2019-02-19,60628.0,2019-02-04,252.0,1.9073%,-0.001,1.2681,0.2066,0.4753,1.2511%,1.8392%,53.7272%,0.011096,FDX,60628.0,2019-02-05,252.0,0.5473%,-0.001,1.2737,0.2072,0.4788,1.2506%,1.8346%,53.5282%,0.002937,FDX,60628.0,2019-02-06,252.0,0.0435%,-0.0011,1.3164,0.1934,0.5215,1.2403%,1.8262%,53.8725%,0.002823,FDX,60628.0,2019-02-07,252.0,-1.3275%,-0.001,1.324,0.1844,0.5221,1.2379%,1.8272%,54.1003%,-0.002914,FDX,60628.0,2019-02-08,252.0,-2.2771%,-0.0011,1.3276,0.1818,0.5354,1.2430%,1.8321%,53.9690%,-0.020553,FDX,60628.0,2019-02-11,252.0,2.1722%,-0.0011,1.3289,0.2056,0.549,1.2483%,1.8143%,52.6615%,0.017332,FDX,60628.0,2019-02-12,252.0,2.4076%,-0.0009,1.3526,0.181,0.5655,1.2312%,1.8184%,54.1588%,0.006795,FDX,60628.0,2019-02-13,252.0,0.0917%,-0.0009,1.3502,0.1841,0.5654,1.2310%,1.8139%,53.9469%,-0.003475,FDX,60628.0,2019-02-14,252.0,-0.9158%,-0.0009,1.351,0.1824,0.5672,1.2311%,1.8146%,53.9706%,-0.004101,FDX,60628.0,2019-02-15,252.0,-2.5120%,-0.001,1.3398,0.1678,0.5431,1.2533%,1.8209%,52.6241%,-0.0436639999999999,FDX,60628.0,2019-02-19,252.0,0.5298%,-0.001,1.3383,0.1714,0.5473,1.2528%,1.8176%,52.4908%,0.0005369999999999,FDX,0.014033,0.016856,0.013942,0.010721,-0.0331869999999999
32611,FLEXSTEEL INDUSTRIES INC,"Flexsteel Industries Q2 EPS $0.20 Down From $0.62 YoY, Sales $118.352M Down From $129.392M YoY",6,decrease,0.8,0.7,"the significant decline in both eps and sales year-over-year suggests weakening financial performance, which is likely to negatively impact investor sentiment and lead to a decrease in stock price.",0,2019-02-04,FLXS,2019-02-04 21:32:00+00:00,36768.0,33938210,0.0003949537640437,24647.0,-0.1255428493022919,0.014016835950315,-0.0067719919607043,0.0105220656841993,0.0213636048138141,0.0156185431405901,-0.0013350591761991,0.0028853954281657,-0.0316399708390235,-0.0217741541564464,0.0837551653385162,0.028618773445487,-0.0097664352506399,-0.0061830016784369,0.0,0.0180444940924644,0.0351629368960857,-0.0070833363570272,0.0265120677649974,-0.0259740017354488,0.0117029463872313,-0.0096462937071919,0.0111687546595931,-0.0040032179094851,0.0027613290585577,0.0056360461749136,-0.0114083755761385,-0.0174050834029912,0.0131317125633359,-0.0231838673353195,-0.0231735371053218,-0.0026975567452609,0.0008041234104894,0.0172481592744588,0.0096424175426363,0.0257337912917137,-0.0023875634651631,0.0068825939670205,0.0031910620164126,0.0720486044883728,-0.0198807157576084,-0.035983208566904,-0.0215009655803442,0.0824275240302085,0.0016583335818722,0.0054645193740725,0.0223510321229696,-0.0099189011380076,-0.0141700552776455,0.0113999089226126,-0.0110883144661784,0.0064249373972415,-0.0024917228147387,-0.0202337615191936,-0.0008402752573601,-0.0241334419697523,0.026913346722722,0.0313761308789253,0.0110565293580293,-0.0093250880017876,-0.0149858575314283,-0.0425170063972473,-0.0090460246428847,0.0077120955102145,-0.0394191183149814,0.0,0.0259179435670375,-0.0213836561888456,-0.0004210622573737,-0.0008378909551538,0.0214827395975589,0.0063238418661057,-0.0197937954217195,-0.0254725068807601,-0.0244005005806684,-0.0049059255979955,0.024148317053914,0.0119983041658997,-0.0138947339728474,-0.0289272535592317,0.0123825361952185,0.0028202938847243,0.0447069332003593,-0.0119427200406789,0.0189745370298624,-0.0011927944142371,0.0,0.0388269536197185,-0.0427892208099365,-0.0073800864629447,0.0347682200372219,-0.0081334188580513,0.0299999993294477,0.0186412911862134,-0.033786442130804,-0.0037144098896533,0.0076366774737834,-0.009807919152081,0.0119665395468473,-0.0239330027252435,-0.0055183796212077,0.0133387194946408,0.0,0.0020250803790986,-0.0285374280065298,-0.0004048675473313,0.0310077611356973,-0.0052355681546032,-0.0435298904776573,0.0105820195749402,-0.0033098850399255,-0.0273159351199865,0.0136986272409558,0.0015860791318118,-0.017199020832777,0.0293877273797988,-0.0975000038743019,0.017441863194108,0.0512465648353099,-0.0433055274188518,-0.1255428493022918,0.0140168359503149,-0.1314646660967972,0.0246863877030683,-0.112909620456455,0.0406904962549841,-0.1421239805563465,0.0209677610519205,-0.0217133550772834,0.0275974160495644,-0.0162563168186623,0.135187493345652,-0.0927564330361331,0.0156703539417855,2019-02-05,2019-02-06,2019-02-07,2019-02-08,2019-02-11,2019-02-12,2019-02-13,2019-02-14,2019-02-15,2019-02-19,36768.0,2019-02-04,252.0,0.0395%,-0.0016,0.9081,0.9332,0.7063,2.0417%,2.2769%,19.5961%,-0.0074919999999999,FLXS,36768.0,2019-02-05,252.0,-12.5543%,-0.002,0.8868,0.9703,0.7672,2.1770%,2.3887%,16.9408%,-0.124563,FLXS,36768.0,2019-02-06,252.0,-0.6772%,-0.002,0.8934,0.9683,0.7732,2.1770%,2.3820%,16.4728%,-0.005361,FLXS,36768.0,2019-02-07,252.0,2.1364%,-0.0017,0.9126,0.9308,0.7845,2.1653%,2.3747%,16.8591%,0.027815,FLXS,36768.0,2019-02-08,252.0,-0.1335%,-0.0018,0.9126,0.9064,0.7682,2.1594%,2.3677%,16.8212%,0.002691,FLXS,36768.0,2019-02-11,252.0,-3.1640%,-0.0019,0.8906,0.8745,0.7394,2.1721%,2.3659%,15.7154%,-0.040767,FLXS,36768.0,2019-02-12,252.0,8.3755%,-0.0017,0.9199,0.8914,0.7514,2.2195%,2.4215%,15.9873%,0.072626,FLXS,36768.0,2019-02-13,252.0,-0.9766%,-0.0017,0.9206,0.8854,0.7474,2.2205%,2.4220%,15.9495%,-0.013503,FLXS,36768.0,2019-02-14,252.0,0.0000%,-0.0017,0.9197,0.8871,0.7459,2.2205%,2.4219%,15.9376%,0.001564,FLXS,36768.0,2019-02-15,252.0,3.5163%,-0.0017,0.9201,0.8897,0.7495,2.2220%,2.4225%,15.8628%,0.018873,FLXS,36768.0,2019-02-19,252.0,2.6512%,-0.0015,0.9284,0.8973,0.7573,2.2247%,2.4285%,16.0791%,0.019835,FLXS,-0.132055,-0.137416,-0.109601,-0.147677,-0.048282
32619,FABRINET,"Fabrinet Sees Q3 Adj. EPS $0.86-$0.90, Sales $384M-$392M",6,increase,0.7,0.6,"the projected adjusted eps and sales figures suggest positive financial performance, which typically boosts investor confidence and can lead to an increase in stock price.",2,2019-02-04,FN,2019-02-04 21:28:00+00:00,93427.0,G3323L10,0.0003510083770379,679477.0,-0.0863157585263252,0.0024630434345453,0.0299538690596818,0.0295236576348543,-0.0322520434856414,-0.0032496897038072,-0.0107879284769296,-0.018081909045577,0.0340798459947109,-0.0233725495636463,0.0035782004706561,0.0345691628754138,0.0050666253082454,0.0728286132216453,0.0192307457327842,-0.036117810755968,0.0119069702923297,-0.0062580551020801,0.0047067035920917,0.0036948227789253,0.0216216351836919,-0.0089710336178541,-0.0091710835695266,0.0,0.0215378981083631,0.0081210527569055,0.0226520169526338,-0.0494736805558204,0.0110751669853925,0.0191310513764619,-0.0219076387584209,0.0307777747511863,0.0079255523160099,0.0511429570615291,-0.0092307850718498,0.0159416943788528,-0.000517577282153,0.0270871259272098,-0.0315898805856704,0.0405973978340625,-0.0276292208582162,-0.066378578543663,-0.0186984501779079,-0.0076009198091924,0.0136372046545147,0.0112337339669466,0.0307777747511863,0.0213365815579891,-0.0084033831954002,0.0018148850649595,0.0128020029515028,0.0571306832134723,-0.0186932403594255,-0.0359638296067714,-0.0146951666101813,-0.0360538773238658,-0.0138096110895276,0.0051771868020296,-0.0013069397537037,-0.0172210820019245,-0.0087867118418216,0.0445625595748424,0.0265937354415655,-0.0042744330130517,-0.0562190227210521,0.0090368138626217,0.0085653578862547,-0.009963434189558,0.0038601995911449,0.0301633551716804,-0.0051912451162934,0.0181275811046361,0.0108233001083135,-0.0225141085684299,0.0011472537880763,-0.0147873777896165,0.028265843167901,-0.0665261000394821,0.0211738366633653,-0.0213883575052022,-0.0060021467506885,0.0108097800984978,0.0126257752999663,-0.0007580237579531,-0.0025298045948147,0.0053343260660767,0.0115941921249032,0.0338782966136932,-0.0034025541972368,-0.000983849633485,0.0352201089262962,-0.0093567166477441,0.0019094012677669,0.0156404860317707,0.0218294914811849,-0.0001979836961254,-0.0049169366247951,-0.0152046550065279,0.0306696724146604,-0.0168647188693285,-0.0056207659654319,0.0106527060270309,-0.0019950580317527,0.0382063463330268,0.0041645844466984,0.0016112389275804,0.0157598014920949,0.0258264448493719,-0.0106156738474965,-0.0539483651518821,-0.0112248314544558,-0.0163429826498031,0.0013355261180549,-0.0142153147608041,-0.0005001463578082,0.0551999658346176,0.0095079177990555,0.1061946749687195,-0.0115664368495345,-0.0290010422468185,-0.0863157585263252,0.0024630434345453,-0.0589473803953279,0.032059419120501,-0.0892982504050946,0.0287055462524679,-0.0684210807255271,-0.0135041333733503,-0.0263157913273086,0.0526510015708767,-0.0615789200433287,0.1150685273102276,0.0494736759887723,0.2240601673407987,2019-02-05,2019-02-06,2019-02-07,2019-02-08,2019-02-11,2019-02-12,2019-02-13,2019-02-14,2019-02-15,2019-02-19,93427.0,2019-02-04,252.0,0.0351%,0.0034,1.1422,0.9743,-0.2284,2.4875%,2.8836%,25.5836%,-0.013771,FN,93427.0,2019-02-05,252.0,-8.6316%,0.003,1.1443,1.0095,-0.1607,2.5586%,2.9354%,24.0213%,-0.091918,FN,93427.0,2019-02-06,252.0,2.9954%,0.0032,1.1358,1.0117,-0.165,2.5653%,2.9285%,23.2665%,0.032585,FN,93427.0,2019-02-07,252.0,-3.2252%,0.0022,1.0073,1.1859,-0.1907,2.1105%,2.4993%,28.6916%,-0.01983,FN,93427.0,2019-02-08,252.0,-1.0788%,0.0022,1.0097,1.2015,-0.1705,2.1112%,2.4997%,28.6643%,-0.013703,FN,93427.0,2019-02-11,252.0,3.4080%,0.0022,1.0174,1.2251,-0.1536,2.1161%,2.5021%,28.4793%,0.025029,FN,93427.0,2019-02-12,252.0,0.3578%,0.0022,1.0057,1.2305,-0.1606,2.1170%,2.5005%,28.3232%,-0.010865,FN,93427.0,2019-02-13,252.0,0.5067%,0.0023,1.0251,1.1975,-0.1666,2.1000%,2.4912%,28.9458%,0.0015249999999999,FN,93427.0,2019-02-14,252.0,1.9231%,0.0024,1.0226,1.2041,-0.1743,2.1010%,2.4934%,28.9950%,0.01409,FN,93427.0,2019-02-15,252.0,1.1907%,0.0024,1.0204,1.2016,-0.1786,2.1012%,2.4918%,28.8937%,-0.001923,FN,93427.0,2019-02-19,252.0,0.4707%,0.0024,1.0212,1.1981,-0.1826,2.1011%,2.4914%,28.8796%,-0.000281,FN,-0.105689,-0.073104,-0.092934,-0.081608,-0.079062
32627,FABRINET,"Fabrinet Q2 EPS $0.97 Beats $0.92 Estimate, Sales $403.1M Beat $385.76M Estimate",6,increase,0.8,0.7,"the earnings per share and sales figures both exceeded estimates, which typically signals strong performance and can lead to a positive reaction in the stock price.",2,2019-02-04,FN,2019-02-04 21:28:00+00:00,93427.0,G3323L10,0.0003510083770379,679477.0,-0.0863157585263252,0.0024630434345453,0.0299538690596818,0.0295236576348543,-0.0322520434856414,-0.0032496897038072,-0.0107879284769296,-0.018081909045577,0.0340798459947109,-0.0233725495636463,0.0035782004706561,0.0345691628754138,0.0050666253082454,0.0728286132216453,0.0192307457327842,-0.036117810755968,0.0119069702923297,-0.0062580551020801,0.0047067035920917,0.0036948227789253,0.0216216351836919,-0.0089710336178541,-0.0091710835695266,0.0,0.0215378981083631,0.0081210527569055,0.0226520169526338,-0.0494736805558204,0.0110751669853925,0.0191310513764619,-0.0219076387584209,0.0307777747511863,0.0079255523160099,0.0511429570615291,-0.0092307850718498,0.0159416943788528,-0.000517577282153,0.0270871259272098,-0.0315898805856704,0.0405973978340625,-0.0276292208582162,-0.066378578543663,-0.0186984501779079,-0.0076009198091924,0.0136372046545147,0.0112337339669466,0.0307777747511863,0.0213365815579891,-0.0084033831954002,0.0018148850649595,0.0128020029515028,0.0571306832134723,-0.0186932403594255,-0.0359638296067714,-0.0146951666101813,-0.0360538773238658,-0.0138096110895276,0.0051771868020296,-0.0013069397537037,-0.0172210820019245,-0.0087867118418216,0.0445625595748424,0.0265937354415655,-0.0042744330130517,-0.0562190227210521,0.0090368138626217,0.0085653578862547,-0.009963434189558,0.0038601995911449,0.0301633551716804,-0.0051912451162934,0.0181275811046361,0.0108233001083135,-0.0225141085684299,0.0011472537880763,-0.0147873777896165,0.028265843167901,-0.0665261000394821,0.0211738366633653,-0.0213883575052022,-0.0060021467506885,0.0108097800984978,0.0126257752999663,-0.0007580237579531,-0.0025298045948147,0.0053343260660767,0.0115941921249032,0.0338782966136932,-0.0034025541972368,-0.000983849633485,0.0352201089262962,-0.0093567166477441,0.0019094012677669,0.0156404860317707,0.0218294914811849,-0.0001979836961254,-0.0049169366247951,-0.0152046550065279,0.0306696724146604,-0.0168647188693285,-0.0056207659654319,0.0106527060270309,-0.0019950580317527,0.0382063463330268,0.0041645844466984,0.0016112389275804,0.0157598014920949,0.0258264448493719,-0.0106156738474965,-0.0539483651518821,-0.0112248314544558,-0.0163429826498031,0.0013355261180549,-0.0142153147608041,-0.0005001463578082,0.0551999658346176,0.0095079177990555,0.1061946749687195,-0.0115664368495345,-0.0290010422468185,-0.0863157585263252,0.0024630434345453,-0.0589473803953279,0.032059419120501,-0.0892982504050946,0.0287055462524679,-0.0684210807255271,-0.0135041333733503,-0.0263157913273086,0.0526510015708767,-0.0615789200433287,0.1150685273102276,0.0494736759887723,0.2240601673407987,2019-02-05,2019-02-06,2019-02-07,2019-02-08,2019-02-11,2019-02-12,2019-02-13,2019-02-14,2019-02-15,2019-02-19,93427.0,2019-02-04,252.0,0.0351%,0.0034,1.1422,0.9743,-0.2284,2.4875%,2.8836%,25.5836%,-0.013771,FN,93427.0,2019-02-05,252.0,-8.6316%,0.003,1.1443,1.0095,-0.1607,2.5586%,2.9354%,24.0213%,-0.091918,FN,93427.0,2019-02-06,252.0,2.9954%,0.0032,1.1358,1.0117,-0.165,2.5653%,2.9285%,23.2665%,0.032585,FN,93427.0,2019-02-07,252.0,-3.2252%,0.0022,1.0073,1.1859,-0.1907,2.1105%,2.4993%,28.6916%,-0.01983,FN,93427.0,2019-02-08,252.0,-1.0788%,0.0022,1.0097,1.2015,-0.1705,2.1112%,2.4997%,28.6643%,-0.013703,FN,93427.0,2019-02-11,252.0,3.4080%,0.0022,1.0174,1.2251,-0.1536,2.1161%,2.5021%,28.4793%,0.025029,FN,93427.0,2019-02-12,252.0,0.3578%,0.0022,1.0057,1.2305,-0.1606,2.1170%,2.5005%,28.3232%,-0.010865,FN,93427.0,2019-02-13,252.0,0.5067%,0.0023,1.0251,1.1975,-0.1666,2.1000%,2.4912%,28.9458%,0.0015249999999999,FN,93427.0,2019-02-14,252.0,1.9231%,0.0024,1.0226,1.2041,-0.1743,2.1010%,2.4934%,28.9950%,0.01409,FN,93427.0,2019-02-15,252.0,1.1907%,0.0024,1.0204,1.2016,-0.1786,2.1012%,2.4918%,28.8937%,-0.001923,FN,93427.0,2019-02-19,252.0,0.4707%,0.0024,1.0212,1.1981,-0.1826,2.1011%,2.4914%,28.8796%,-0.000281,FN,-0.105689,-0.073104,-0.092934,-0.081608,-0.079062
32635,FABRINET,Q2 Earnings Preview For Fabrinet,6,uncertain,0.5,0.5,"without specific details on fabrinet's earnings performance or market expectations, it is difficult to predict the impact on the stock price.",1,2019-02-04,FN,2019-02-04 12:33:00+00:00,93427.0,G3323L10,0.0003510083770379,679477.0,-0.0863157585263252,0.0024630434345453,0.0299538690596818,0.0295236576348543,-0.0322520434856414,-0.0032496897038072,-0.0107879284769296,-0.018081909045577,0.0340798459947109,-0.0233725495636463,0.0035782004706561,0.0345691628754138,0.0050666253082454,0.0728286132216453,0.0192307457327842,-0.036117810755968,0.0119069702923297,-0.0062580551020801,0.0047067035920917,0.0036948227789253,0.0216216351836919,-0.0089710336178541,-0.0091710835695266,0.0,0.0215378981083631,0.0081210527569055,0.0226520169526338,-0.0494736805558204,0.0110751669853925,0.0191310513764619,-0.0219076387584209,0.0307777747511863,0.0079255523160099,0.0511429570615291,-0.0092307850718498,0.0159416943788528,-0.000517577282153,0.0270871259272098,-0.0315898805856704,0.0405973978340625,-0.0276292208582162,-0.066378578543663,-0.0186984501779079,-0.0076009198091924,0.0136372046545147,0.0112337339669466,0.0307777747511863,0.0213365815579891,-0.0084033831954002,0.0018148850649595,0.0128020029515028,0.0571306832134723,-0.0186932403594255,-0.0359638296067714,-0.0146951666101813,-0.0360538773238658,-0.0138096110895276,0.0051771868020296,-0.0013069397537037,-0.0172210820019245,-0.0087867118418216,0.0445625595748424,0.0265937354415655,-0.0042744330130517,-0.0562190227210521,0.0090368138626217,0.0085653578862547,-0.009963434189558,0.0038601995911449,0.0301633551716804,-0.0051912451162934,0.0181275811046361,0.0108233001083135,-0.0225141085684299,0.0011472537880763,-0.0147873777896165,0.028265843167901,-0.0665261000394821,0.0211738366633653,-0.0213883575052022,-0.0060021467506885,0.0108097800984978,0.0126257752999663,-0.0007580237579531,-0.0025298045948147,0.0053343260660767,0.0115941921249032,0.0338782966136932,-0.0034025541972368,-0.000983849633485,0.0352201089262962,-0.0093567166477441,0.0019094012677669,0.0156404860317707,0.0218294914811849,-0.0001979836961254,-0.0049169366247951,-0.0152046550065279,0.0306696724146604,-0.0168647188693285,-0.0056207659654319,0.0106527060270309,-0.0019950580317527,0.0382063463330268,0.0041645844466984,0.0016112389275804,0.0157598014920949,0.0258264448493719,-0.0106156738474965,-0.0539483651518821,-0.0112248314544558,-0.0163429826498031,0.0013355261180549,-0.0142153147608041,-0.0005001463578082,0.0551999658346176,0.0095079177990555,0.1061946749687195,-0.0115664368495345,-0.0290010422468185,-0.0863157585263252,0.0024630434345453,-0.0589473803953279,0.032059419120501,-0.0892982504050946,0.0287055462524679,-0.0684210807255271,-0.0135041333733503,-0.0263157913273086,0.0526510015708767,-0.0615789200433287,0.1150685273102276,0.0494736759887723,0.2240601673407987,2019-02-05,2019-02-06,2019-02-07,2019-02-08,2019-02-11,2019-02-12,2019-02-13,2019-02-14,2019-02-15,2019-02-19,93427.0,2019-02-04,252.0,0.0351%,0.0034,1.1422,0.9743,-0.2284,2.4875%,2.8836%,25.5836%,-0.013771,FN,93427.0,2019-02-05,252.0,-8.6316%,0.003,1.1443,1.0095,-0.1607,2.5586%,2.9354%,24.0213%,-0.091918,FN,93427.0,2019-02-06,252.0,2.9954%,0.0032,1.1358,1.0117,-0.165,2.5653%,2.9285%,23.2665%,0.032585,FN,93427.0,2019-02-07,252.0,-3.2252%,0.0022,1.0073,1.1859,-0.1907,2.1105%,2.4993%,28.6916%,-0.01983,FN,93427.0,2019-02-08,252.0,-1.0788%,0.0022,1.0097,1.2015,-0.1705,2.1112%,2.4997%,28.6643%,-0.013703,FN,93427.0,2019-02-11,252.0,3.4080%,0.0022,1.0174,1.2251,-0.1536,2.1161%,2.5021%,28.4793%,0.025029,FN,93427.0,2019-02-12,252.0,0.3578%,0.0022,1.0057,1.2305,-0.1606,2.1170%,2.5005%,28.3232%,-0.010865,FN,93427.0,2019-02-13,252.0,0.5067%,0.0023,1.0251,1.1975,-0.1666,2.1000%,2.4912%,28.9458%,0.0015249999999999,FN,93427.0,2019-02-14,252.0,1.9231%,0.0024,1.0226,1.2041,-0.1743,2.1010%,2.4934%,28.9950%,0.01409,FN,93427.0,2019-02-15,252.0,1.1907%,0.0024,1.0204,1.2016,-0.1786,2.1012%,2.4918%,28.8937%,-0.001923,FN,93427.0,2019-02-19,252.0,0.4707%,0.0024,1.0212,1.1981,-0.1826,2.1011%,2.4914%,28.8796%,-0.000281,FN,-0.105689,-0.073104,-0.092934,-0.081608,-0.079062
32643,FORWARD INDUSTRIES INC NY,Forward Industries 8-K Shows Co. Entered 3-Year Distribution Deal With Mooni Int'l.,6,increase,0.7,0.6,"entering a 3-year distribution deal typically indicates potential for increased revenue and market presence, which can positively influence investor sentiment and stock price.",2,2019-02-04,FORD,2019-02-04 21:20:00+00:00,37381.0,34986230,0.0133333206176757,66701.0,0.0131578827276825,0.027397233992815,0.0389610789716243,0.0206935293972492,-0.012499988079071,-0.0066666966304183,-0.0189873985946178,-0.0335570164024829,0.0,0.0205479245632886,0.0296774227172136,0.0354610458016395,0.0275689419358968,-0.0342466235160827,0.0182926654815673,0.0138888750225305,-0.0359281115233898,-0.0068965447135269,0.0124223483726382,0.0139860846102237,0.006134963594377,-0.0272109396755695,-0.0131707368418574,0.0,0.0318833291530609,0.0068493084982037,0.0059880185872316,0.0209790859371423,-0.017857126891613,0.0070422468706965,-0.0060606002807617,0.0179211292415857,-0.0243902206420898,0.0410447344183921,0.012499988079071,-0.007407400291413,0.0185185000300407,0.0065613104961812,0.0,0.0316129736602306,0.0181818008422851,-0.0297761671245098,-0.035714253783226,0.0307692941278219,-0.030864167958498,0.0116731412708759,0.0,0.0198412518948316,-0.0127389170229435,0.0161290168762207,0.0,-0.0461538024246692,-0.0193548202514648,0.0833332538604736,-0.0131578827276825,-0.1111110895872116,0.0266666412353515,-0.035714253783226,-0.0194805022329092,-0.007092191837728,0.0066225104965269,0.0,-0.0065789413638412,0.0,0.0132450209930539,0.0,-0.0359476804733276,-0.0033223046921193,-0.0101694818586111,-0.0106992423534393,0.0342465415596962,0.0362318493425846,-0.019867530092597,-0.0281689874827861,0.0,0.0441176034510135,0.0,-0.0145641602575779,0.0270270016044378,-0.0415972508490085,0.01973682269454,0.0746268779039383,-0.0193548202514648,-0.0289854798465967,-0.01973682269454,-0.0071942377835512,0.0134228058159351,0.0530302487313747,0.0,-0.0571428053081035,0.0,0.0071942377835512,0.0066225104965269,0.0296296011656522,0.0394737273454666,-0.0287769511342048,-0.0316456146538257,0.0296296011656522,0.0457516685128212,-0.0073529342189431,-0.0187499821186065,-0.0144927399232983,0.0127388406544923,-0.0212765764445066,-0.0220126323401927,-0.0472973324358463,-0.0160771552473306,0.0277777500450611,-0.01960782520473,-0.0588234737515449,0.0066666603088378,0.0109018804505467,-0.0187417529523372,0.0157717894762754,0.0258487127721309,0.0049234633333981,-0.01973682269454,0.0018243048107251,0.0017449359875172,0.0068027144297957,0.0131578827276825,0.027397233992815,0.0526316070073595,0.0486577088570978,0.0394737244681142,0.041666626042998,0.0197368225330061,0.0273972319319846,0.0723684293123445,0.0489510873922394,-0.0065789458863246,0.0638298169182158,-0.0180263312052872,0.0204081417338506,2019-02-05,2019-02-06,2019-02-07,2019-02-08,2019-02-11,2019-02-12,2019-02-13,2019-02-14,2019-02-15,2019-02-19,37381.0,2019-02-04,252.0,1.3333%,-0.0009,0.6544,1.4579,0.0214,4.9498%,5.0625%,4.4034%,0.001628,FORD,37381.0,2019-02-05,252.0,1.3158%,-0.0004,0.5612,1.4212,-0.0898,4.9037%,5.0063%,4.0596%,0.011538,FORD,37381.0,2019-02-06,252.0,3.8961%,-0.0001,0.4553,1.4546,-0.1887,4.8947%,4.9924%,3.8762%,0.040301,FORD,37381.0,2019-02-07,252.0,-1.2500%,-0.0002,0.4333,1.4852,-0.1936,4.8881%,4.9865%,3.9078%,-0.005738,FORD,37381.0,2019-02-08,252.0,-1.8987%,-0.0003,0.4366,1.5042,-0.1674,4.8890%,4.9876%,3.9150%,-0.021556,FORD,37381.0,2019-02-11,252.0,0.0000%,-0.0001,0.3692,1.5547,-0.1755,4.8789%,4.9758%,3.8562%,-0.010254,FORD,37381.0,2019-02-12,252.0,2.9677%,0.0,0.3886,1.5475,-0.1643,4.8807%,4.9782%,3.8797%,0.023947,FORD,37381.0,2019-02-13,252.0,2.7569%,-0.0002,0.3552,1.6141,-0.1462,4.8564%,4.9561%,3.9817%,0.025567,FORD,37381.0,2019-02-14,252.0,1.8293%,0.0,0.3557,1.621,-0.1584,4.8496%,4.9511%,4.0589%,0.009697,FORD,37381.0,2019-02-15,252.0,-3.5928%,-0.0002,0.3216,1.5856,-0.22,4.8569%,4.9555%,3.9385%,-0.04334,FORD,37381.0,2019-02-19,252.0,1.2422%,0.0003,0.3606,1.538,-0.2769,4.7986%,4.9016%,4.1614%,0.0077729999999999,FORD,0.013166,0.053467,0.047729,0.0159189999999999,0.039563
32651,GANNETT CO INC,Gannett Board Rejects $12/Share Acquisition Offer from MNG Enterprises,6,decrease,0.7,0.5,"the rejection of a $12/share acquisition offer may signal to investors that the company is not currently valued as high as the offer, potentially leading to a decrease in stock price.",0,2019-02-04,GCI,2019-02-04 13:02:00+00:00,14490.0,36472T10,0.0117301940917968,399580.0,-0.0123188458383083,-0.00219456711784,0.0058694002218544,-0.0065407087095081,-0.0196936875581741,0.0051132687367498,-0.0037201815284788,0.0155786387622356,0.0007467718678526,0.0052199624478816,0.0082090012729167,0.0067567685618996,-0.0074019525200128,0.0113894930109381,0.0007457292522303,0.0068807457573711,0.0156482886523008,-0.0128301940858364,0.0014673150144517,-0.0060014948248863,0.0109890531748533,0.0136882364749908,-0.0043478566221892,0.0038167354650795,0.0189228691160678,0.0015290869632735,-0.0164285395294427,0.00153135554865,-0.0087146572768688,0.0069391019642353,-0.0395604372024536,0.0030935776885598,0.0160183105617761,0.0157109797000885,-0.0022522322833538,0.0103173935785889,-0.0240782313048839,0.0202429145574569,-0.0192752499133348,0.0317460410296917,-0.0180817991495132,-0.0204582642763853,-0.0128102358430624,0.0561798252165317,0.0154096037149429,0.0087183453142642,-0.0107084112241864,0.0087951086461544,0.0133222183212637,0.0008803018718026,-0.0139687815681099,0.0289854798465967,0.0024999778252094,-0.0221434906125068,-0.002493743551895,-0.0560200735926628,0.0058333077467978,-0.0107526974752545,-0.0165699925273656,-0.0024752255994826,0.0008424792904406,0.004975080024451,0.0,-0.0130932768806815,-0.0345117710530757,-0.0089213019236922,-0.0244115684181451,-0.0206513293087482,-0.0116174407303333,0.0039872559718787,-0.0045208125375211,-0.0055511258542537,-0.0154405152425169,-0.010980418883264,-0.0313653275370597,-0.0007837169687263,0.0171428862959146,-0.0077760056592524,-0.0065543674863874,-0.0330827459692955,0.0131951319053769,0.0075757866725325,0.0083721075206995,-0.0141897331923246,0.0147601328790187,0.0120937870815396,-0.0018182233907282,0.007616102695465,-0.0063752001151442,-0.0120391156524419,0.0192483998835086,-0.0067264689132571,0.0008993011433631,0.0128690442070365,-0.0197664201259613,0.0091672940179705,-0.0064161042682826,-0.0282108467072248,0.0046125636436045,-0.0167882870882749,0.0,-0.0101156318560242,-0.0174472481012344,0.0116958953440189,0.0,-0.0200572870671749,0.0074766282923519,-0.0021443697623908,-0.0064934785477817,-0.0120056550949811,-0.0177403893321752,-0.0028168987482786,0.0076045552268624,0.0048242299817502,0.0141509072855114,0.0203938093036413,-0.0055814343504607,-0.0062893186695873,-0.0056126723065972,-0.0055594108998775,-0.0123188458383083,-0.00219456711784,-0.0065217498529502,-0.0087209218030869,-0.0260870001071878,-0.0036522454831483,-0.0289855480835904,0.0171514170387001,-0.0108696061829183,0.023255846797012,-0.1129312816273604,0.1254125803256027,-0.2055989314183192,-0.0267537085324272,2019-02-05,2019-02-06,2019-02-07,2019-02-08,2019-02-11,2019-02-12,2019-02-13,2019-02-14,2019-02-15,2019-02-19,14490.0,2019-02-04,252.0,1.1730%,-0.0002,0.6655,0.7669,0.3578,1.4705%,1.6615%,21.6778%,0.004822,NEWM,14490.0,2019-02-05,252.0,-1.2319%,-0.0002,0.647,0.7649,0.3459,1.4662%,1.6476%,20.8041%,-0.01252,NEWM,14490.0,2019-02-06,252.0,0.5869%,-0.0,0.5905,0.783,0.2911,1.4515%,1.6119%,18.9107%,0.007027,NEWM,14490.0,2019-02-07,252.0,-1.9694%,-0.0001,0.5889,0.7913,0.2868,1.4532%,1.6142%,18.9513%,-0.014419,NEWM,14490.0,2019-02-08,252.0,-0.3720%,-0.0002,0.5897,0.7818,0.2837,1.4516%,1.6120%,18.9152%,-0.002767,NEWM,14490.0,2019-02-11,252.0,0.0747%,-0.0003,0.6047,0.7596,0.2796,1.4499%,1.6120%,19.1033%,-0.005991,NEWM,14490.0,2019-02-12,252.0,0.8209%,-0.0003,0.6039,0.7609,0.279,1.4498%,1.6124%,19.1503%,0.000208,NEWM,14490.0,2019-02-13,252.0,-0.7402%,-0.0003,0.606,0.7537,0.2754,1.4503%,1.6129%,19.1463%,-0.009845,NEWM,14490.0,2019-02-14,252.0,0.0746%,-0.0003,0.6052,0.7532,0.2773,1.4484%,1.6107%,19.1335%,-0.000404,NEWM,14490.0,2019-02-15,252.0,1.5648%,-0.0003,0.6156,0.7632,0.295,1.4480%,1.6135%,19.4640%,0.005496,NEWM,14490.0,2019-02-19,252.0,0.1467%,-0.0003,0.6135,0.7638,0.2959,1.4477%,1.6124%,19.3841%,-0.0029,NEWM,-0.007698,-0.0006709999999999,-0.01509,-0.0238479999999999,-0.031293
32659,GENERAL DYNAMICS CORP,General Dynamics Wins $719M Contract For Its General Dynamics Bath Iron Works Subsidiary To Continue Providing Planning Yard Services For DDG 51 Arleigh Burke-Class Guided Missile Destroyers,6,increase,0.8,0.6,"the $719m contract for planning yard services indicates strong demand for general dynamics' capabilities, which is likely to positively impact investor sentiment and stock price.",2,2019-02-04,GD,2019-02-04 22:57:00+00:00,12052.0,36955010,0.0330119021236896,1664657.0,-0.0136876432225108,-0.0125021869316697,0.0031354853417724,0.0015212363796308,0.0048043634742498,-0.0289204344153404,-0.0084682367742061,0.0221267063170671,-0.0069137956015765,0.0056652328930795,0.0107061481103301,0.002341610379517,0.0041676387190818,0.0119069358333945,-0.007954747416079,0.0095084104686975,0.0182452015578746,-0.0080673899501562,-0.0026250097434967,0.0172580294311046,-0.0018880984280258,0.0186430010944604,-0.0161650441586971,0.0028197052888572,0.0053020357154309,-0.0084483036771416,0.0034774900414049,0.004395343363285,-0.0181356091052293,0.0084959976375103,-0.0038823743816465,0.0095090046525001,0.0051966747269034,0.0141181787475943,-0.0055222795344889,6.309338641585782e-05,-0.0149456448853015,0.0055776736699044,0.0076761543750762,0.0286888517439365,-0.0092840418219566,-0.0247361026704311,-0.0007809508242644,0.0003179682535119,-0.0012023382587358,0.0121684223413467,0.020284067839384,0.0012894031824544,-0.0043654665350914,0.0193861927837133,0.0174793917685747,0.0267187859863042,-0.0124039417132735,-0.0151504995301365,0.0011792968725785,-0.026647662743926,0.0110725304111838,-0.0275489315390586,-0.00553385540843,-0.0234628841280937,-0.0130622992292046,-0.0039155669510364,0.0079529723152518,-0.0326685458421707,-0.0234351754188537,-0.0119290882721543,0.0046426830813288,-0.0012265314580872,0.001680463203229,-0.006095100659877,-0.0020371261052787,0.000406546605518,0.007204592693597,0.0287967007607221,0.0090605886653065,-0.0212840568274259,0.0178993307054042,-0.0124725056812167,-0.0137542523443698,-0.0462081544101238,-0.0128869153559207,-0.0179565791040659,0.0084649669006466,0.014931115321815,0.0115268481895327,0.0007691006176173,0.0068957922048866,0.0189767088741064,-0.0181660167872905,-0.0058434139937162,0.0011822247179225,0.008022035472095,0.0181850250810384,0.0085431085899472,0.0204164981842041,0.0047180643305182,-0.0167495161294937,-0.0192886982113122,0.0101163107901811,-0.020102659240365,0.0045469854958355,0.0039486740715801,0.0132928853854537,0.0139012457802891,0.0010177702642977,-0.0013327714987099,0.0301643591374158,-0.0051377974450588,-0.0089927036315202,-0.018916018307209,-0.0213024448603391,-0.0003250843146815,0.0067277387715876,-0.0025401352904737,0.0064019728451967,0.0155323920771479,-0.0027342529501765,0.023768026381731,-0.0130371628329157,0.0055938838049769,-0.0136876432225108,-0.0125021869316697,-0.010595075285426,-0.0109999693336242,-0.0058416144038844,-0.0396022798572808,-0.0210755852324603,-0.0127905761194547,0.000973587654353,0.0199734352139238,-0.0222782152361469,0.044030321890619,0.0162047474801465,-0.0395605284042792,2019-02-05,2019-02-06,2019-02-07,2019-02-08,2019-02-11,2019-02-12,2019-02-13,2019-02-14,2019-02-15,2019-02-19,12052.0,2019-02-04,252.0,3.3012%,-0.0007,0.9099,0.143,0.2164,1.1255%,1.4965%,43.4304%,0.026817,GD,12052.0,2019-02-05,252.0,-1.3688%,-0.0008,0.9146,0.1502,0.2322,1.1293%,1.4958%,43.0048%,-0.016287,GD,12052.0,2019-02-06,252.0,0.3135%,-0.0008,0.8976,0.1556,0.2162,1.1281%,1.4668%,40.8504%,0.0049,GD,12052.0,2019-02-07,252.0,0.4804%,-0.0007,0.8984,0.1488,0.2201,1.1302%,1.4666%,40.6148%,0.012411,GD,12052.0,2019-02-08,252.0,-0.8468%,-0.0008,0.9001,0.1372,0.2194,1.1274%,1.4654%,40.8116%,-0.007933,GD,12052.0,2019-02-11,252.0,-0.6914%,-0.0008,0.8853,0.1392,0.2127,1.1270%,1.4431%,39.0184%,-0.009684,GD,12052.0,2019-02-12,252.0,1.0706%,-0.0008,0.8742,0.1531,0.2046,1.1208%,1.4325%,38.7823%,-0.001101,GD,12052.0,2019-02-13,252.0,0.4168%,-0.0007,0.8847,0.1364,0.2021,1.1122%,1.4309%,39.5915%,0.001385,GD,12052.0,2019-02-14,252.0,-0.7955%,-0.0008,0.8852,0.1333,0.2065,1.1111%,1.4299%,39.6184%,-0.005734,GD,12052.0,2019-02-15,252.0,1.8245%,-0.0008,0.8767,0.1264,0.1937,1.1073%,1.4213%,39.3101%,0.0068179999999999,GD,12052.0,2019-02-19,252.0,-0.2625%,-0.001,0.8681,0.1345,0.2034,1.0968%,1.4055%,39.1054%,-0.005338,GD,0.01053,0.01543,0.027841,0.010224,0.006254
32667,GEO GROUP INC NEW,The GEO Group Raises its Qtr Dividend From $0.47 to $0.48/Share,6,increase,0.75,0.6,"the increase in the quarterly dividend typically signals financial health and can attract investors, likely leading to a rise in stock price.",2,2019-02-04,GEO,2019-02-04 11:51:00+00:00,80774.0,36162J10,0.0066342153586447,410851.0,0.0193321853876113,0.0026608149055391,0.0043102786876261,0.0053499299101531,0.0055794450454413,-0.0048802397213876,0.0093896416947245,0.0094044329598546,-0.000422842655098,0.0085817771032452,-0.0122673017904162,-0.00494384765625,0.0098500875756144,0.0063319485634565,-0.0072094839997589,-0.0040540606714785,-0.0165722221136093,-0.004037691745907,0.0079822754487395,0.005866474006325,0.003519574413076,0.0027149079833179,0.0026304854545742,0.0231481473892927,0.0249234661459922,0.014084561727941,-0.008105824701488,-0.0309372302144765,-0.0055913617834448,0.0082568954676389,-0.0108131486922502,0.0297590531408786,-0.0065588769502937,0.0197495110332965,-0.0017605198081582,0.0390390753746032,0.0110229272395372,0.0106221083551645,-0.0034888759255409,0.0302240699529647,-0.0621444210410118,-0.0067287352867424,-0.0261315666139125,-0.0192893929779529,-0.0249161683022975,0.0196687933057546,0.0058967531658709,0.0184502061456441,-0.041035670787096,-0.0306591913104057,-0.0045847301371395,0.0332628898322582,-0.0056295087561011,-0.0341662429273128,-0.0046320199035108,-0.0480582416057586,-0.0098242256790399,-0.0062710642814636,0.0015666155377402,-0.0577272921800613,-0.0093847913667559,0.0138248493894934,0.0168420895934104,-0.0346974544227123,-0.0170807410031557,-0.0140350749716162,-0.0289625711739063,0.008403300307691,0.014099795371294,-0.0078982142731547,-0.0192513689398765,-0.0099912919104099,0.021264960989356,-0.0004342261527199,0.0250934995710849,-0.0162323433905839,0.011979142203927,0.0353825390338897,0.0072053209878504,-0.0499999448657035,-0.0045988839119672,0.0240963622927665,0.0066735660657286,0.0021560688037425,0.0239673275500536,0.0017279013991355,-0.0039840601384639,0.0266075562685728,-0.01099996548146,-0.0238095726817846,0.0176945626735687,0.0203180648386478,-0.005464416462928,0.0170709416270256,0.0064934869296848,0.0118181919679045,-0.0010168000590056,-0.0165400449186563,-0.0249363761395216,-0.0057777403853833,0.0052192267030477,0.0089686447754502,0.0067496965639293,0.014097292907536,-0.0206291712820529,-0.0147849433124065,0.0152712436392903,-0.0154389226809144,0.005705326795578,0.0332725383341312,-0.0092831514775753,-0.00723981205374,0.0114524327218532,0.0050023016519844,-0.0025733991060405,-0.0308506283909082,0.0330238044261932,-0.0130491191521287,0.0489510260522365,0.033723022788763,0.0193321853876113,0.0026608149055391,0.0237257911818988,0.0080249799889409,0.0294376129753992,0.0031055764414478,0.0386642859563954,0.0212286014432079,0.0195875500417801,0.0203068936215025,-0.1396528847297136,0.0277273063558727,-0.0350271746995498,0.0166367322263361,2019-02-05,2019-02-06,2019-02-07,2019-02-08,2019-02-11,2019-02-12,2019-02-13,2019-02-14,2019-02-15,2019-02-19,80774.0,2019-02-04,252.0,0.6634%,0.0006,0.6073,0.6836,0.2025,1.6239%,1.7781%,16.5929%,-0.000202,GEO,80774.0,2019-02-05,252.0,1.9332%,0.0007,0.5918,0.6718,0.1731,1.6239%,1.7714%,15.9611%,0.018383,GEO,80774.0,2019-02-06,252.0,0.4310%,0.0008,0.5421,0.6877,0.1248,1.6134%,1.7454%,14.5505%,0.0054579999999999,GEO,80774.0,2019-02-07,252.0,0.5579%,0.001,0.5655,0.6534,0.1312,1.5896%,1.7278%,15.3534%,0.010928,GEO,80774.0,2019-02-08,252.0,0.9390%,0.0011,0.564,0.6544,0.1254,1.5904%,1.7285%,15.3480%,0.009359,GEO,80774.0,2019-02-11,252.0,-0.0423%,0.0009,0.5977,0.6129,0.1206,1.5817%,1.7270%,16.1258%,-0.00592,GEO,80774.0,2019-02-12,252.0,-1.2267%,0.0008,0.5854,0.613,0.1143,1.5873%,1.7286%,15.6849%,-0.020413,GEO,80774.0,2019-02-13,252.0,0.9850%,0.0009,0.5948,0.6,0.1137,1.5837%,1.7274%,15.9490%,0.007663,GEO,80774.0,2019-02-14,252.0,-0.7209%,0.0008,0.5961,0.5944,0.1213,1.5827%,1.7256%,15.8857%,-0.0085209999999999,GEO,80774.0,2019-02-15,252.0,-1.6572%,0.0008,0.5965,0.5919,0.1181,1.5856%,1.7280%,15.8042%,-0.025476,GEO,80774.0,2019-02-19,252.0,0.7982%,0.0008,0.5934,0.5997,0.1273,1.5838%,1.7248%,15.6840%,0.004678,GEO,0.018181,0.023639,0.034567,0.038006,-0.004063
32675,GILEAD SCIENCES INC,'$GILD's comment on M&A: late stage opportunities are few and far between.' -Tweet From Notable Biotech Investor Brad Loncar,6,decrease,0.7,0.6,"the comment suggests a lack of viable merger and acquisition opportunities, which may signal limited growth prospects and negatively impact investor sentiment.",0,2019-02-04,GILD,2019-02-04 22:05:00+00:00,77274.0,37555810,0.0,6902516.0,-0.0338330157101154,0.0005713599966838,0.0158096887171268,0.0025776929687708,-0.0213818363845348,0.0034488504752516,0.0028240552637726,0.0247385147958993,0.002223232993856,-0.014368618838489,-0.0328305400907993,0.0153256841003894,0.0082568945363163,-0.00571427680552,0.0065210843458771,-0.0043764119036495,0.0183817017823457,-0.009106638841331,-0.0122798383235931,0.007720302324742,0.0032954046037048,0.0149320242926478,-0.0213496591895818,-0.0128429261967539,0.002898471429944,0.0188847091048955,-0.0059324521571397,-0.0133509915322065,-0.0010711506474763,0.001763708773069,0.0044424161314964,0.0014718644088134,-0.0083880284801125,-0.0022028770763427,0.015226169489324,-0.0068553271703422,-0.0084836417809128,0.0045420886017382,-0.0161955319344997,0.0459770113229751,-0.0228296518325805,0.0285309180617332,-0.0061983377672731,0.0142286075279116,0.0111946389079093,0.0108273783698678,0.0175549071282148,-0.0168413985520601,0.0076158768497407,-0.0044290190562605,0.0141909327358007,0.0442682579159736,-0.0050189974717795,-0.033216193318367,0.0129649071022868,-0.0261275898665189,-0.0092945396900177,0.0015577275771647,0.0072285640053451,-0.0098704416304826,-0.013589852489531,-0.0042998525314033,0.0049535557627677,-0.0068628480657935,-0.017714075744152,-0.026429085060954,0.0003136342857033,-0.0032286604400724,0.0070543494075536,0.006201981101185,-0.0090286117047071,0.003407962154597,0.000471234350698,-0.0096845729276537,0.0207254439592361,-0.029063981026411,0.0133824814110994,0.0092020034790039,0.0054644905030727,-0.0184871237725019,0.0063406676054,-0.0150125352665782,0.0027001600246876,0.0322858355939388,0.0104728396981954,0.0072264773771166,-0.0023690208327025,0.0259489901363849,-0.0191451609134674,0.0074693751521408,0.019821535795927,0.0052561364136636,-0.0161721650511026,-0.0022475507576018,-0.0155330840498209,-0.0122835850343108,0.0022978174965828,-0.0064696725457906,-0.0136023135855794,-0.0171964578330516,-0.0199876185506582,-0.0083118639886379,-0.0047430708073079,-0.0109143052250146,-0.0171565022319555,-0.0052170772105455,0.018910652026534,0.0061001605354249,-0.0038071330636739,-0.0096937688067555,0.0213375817984342,-0.0097384108230471,0.0157468374818563,-0.0082782292738556,-0.0035303661134094,0.0302772559225559,0.0018484712345525,0.0110663501545786,-0.0026137479580938,0.0020161201246082,-0.0338330157101154,0.0005713599966838,-0.0185582164397272,0.0031505257561008,-0.039543244076759,0.0066102419236038,-0.034689511711345,0.0166908774469936,-0.0469664648706843,0.0203933201697319,-0.0560056889525655,0.0803517442009982,-0.0649425004701984,0.0173221667683598,2019-02-05,2019-02-06,2019-02-07,2019-02-08,2019-02-11,2019-02-12,2019-02-13,2019-02-14,2019-02-15,2019-02-19,77274.0,2019-02-04,252.0,0.0000%,-0.0004,0.9497,0.0645,0.0305,1.2898%,1.6743%,40.6582%,-0.007143,GILD,77274.0,2019-02-05,252.0,-3.3833%,-0.0006,0.9498,0.078,0.0563,1.3110%,1.6825%,39.2874%,-0.037782,GILD,77274.0,2019-02-06,252.0,1.5810%,-0.0005,0.9441,0.0795,0.0532,1.3160%,1.6659%,37.6003%,0.017768,GILD,77274.0,2019-02-07,252.0,-2.1382%,-0.0006,0.941,0.0889,0.0492,1.3164%,1.6631%,37.3448%,-0.012805,GILD,77274.0,2019-02-08,252.0,0.2824%,-0.0007,0.9414,0.0579,0.0307,1.2997%,1.6523%,38.1314%,0.002172,GILD,77274.0,2019-02-11,252.0,0.2223%,-0.0006,0.9147,0.0847,0.0312,1.2930%,1.6164%,36.0060%,0.0003529999999999,GILD,77274.0,2019-02-12,252.0,-3.2831%,-0.0008,0.8896,0.0842,0.0184,1.3230%,1.6267%,33.8528%,-0.045335,GILD,77274.0,2019-02-13,252.0,0.8257%,-0.0008,0.8908,0.0847,0.02,1.3236%,1.6262%,33.7504%,0.005603,GILD,77274.0,2019-02-14,252.0,0.6521%,-0.0008,0.8884,0.0893,0.0158,1.3242%,1.6259%,33.6655%,0.007967,GILD,77274.0,2019-02-15,252.0,1.8382%,-0.0007,0.8944,0.0957,0.0269,1.3253%,1.6281%,33.7334%,0.007945,GILD,77274.0,2019-02-19,252.0,-1.2280%,-0.0007,0.8958,0.0814,0.0107,1.3255%,1.6297%,33.8459%,-0.014437,GILD,-0.044925,-0.027157,-0.039962,-0.037437,-0.075694
32683,GILEAD SCIENCES INC,Gilead Sciences shares are trading lower after the company reported Q4 EPS of $1.44 versus the $1.70 estimate.,6,decrease,0.8,0.6,the reported q4 eps of $1.44 falling short of the $1.70 estimate is likely to lead to a decrease in gilead sciences' stock price as it indicates weaker-than-expected financial performance.,0,2019-02-04,GILD,2019-02-04 21:20:00+00:00,77274.0,37555810,0.0,6902516.0,-0.0338330157101154,0.0005713599966838,0.0158096887171268,0.0025776929687708,-0.0213818363845348,0.0034488504752516,0.0028240552637726,0.0247385147958993,0.002223232993856,-0.014368618838489,-0.0328305400907993,0.0153256841003894,0.0082568945363163,-0.00571427680552,0.0065210843458771,-0.0043764119036495,0.0183817017823457,-0.009106638841331,-0.0122798383235931,0.007720302324742,0.0032954046037048,0.0149320242926478,-0.0213496591895818,-0.0128429261967539,0.002898471429944,0.0188847091048955,-0.0059324521571397,-0.0133509915322065,-0.0010711506474763,0.001763708773069,0.0044424161314964,0.0014718644088134,-0.0083880284801125,-0.0022028770763427,0.015226169489324,-0.0068553271703422,-0.0084836417809128,0.0045420886017382,-0.0161955319344997,0.0459770113229751,-0.0228296518325805,0.0285309180617332,-0.0061983377672731,0.0142286075279116,0.0111946389079093,0.0108273783698678,0.0175549071282148,-0.0168413985520601,0.0076158768497407,-0.0044290190562605,0.0141909327358007,0.0442682579159736,-0.0050189974717795,-0.033216193318367,0.0129649071022868,-0.0261275898665189,-0.0092945396900177,0.0015577275771647,0.0072285640053451,-0.0098704416304826,-0.013589852489531,-0.0042998525314033,0.0049535557627677,-0.0068628480657935,-0.017714075744152,-0.026429085060954,0.0003136342857033,-0.0032286604400724,0.0070543494075536,0.006201981101185,-0.0090286117047071,0.003407962154597,0.000471234350698,-0.0096845729276537,0.0207254439592361,-0.029063981026411,0.0133824814110994,0.0092020034790039,0.0054644905030727,-0.0184871237725019,0.0063406676054,-0.0150125352665782,0.0027001600246876,0.0322858355939388,0.0104728396981954,0.0072264773771166,-0.0023690208327025,0.0259489901363849,-0.0191451609134674,0.0074693751521408,0.019821535795927,0.0052561364136636,-0.0161721650511026,-0.0022475507576018,-0.0155330840498209,-0.0122835850343108,0.0022978174965828,-0.0064696725457906,-0.0136023135855794,-0.0171964578330516,-0.0199876185506582,-0.0083118639886379,-0.0047430708073079,-0.0109143052250146,-0.0171565022319555,-0.0052170772105455,0.018910652026534,0.0061001605354249,-0.0038071330636739,-0.0096937688067555,0.0213375817984342,-0.0097384108230471,0.0157468374818563,-0.0082782292738556,-0.0035303661134094,0.0302772559225559,0.0018484712345525,0.0110663501545786,-0.0026137479580938,0.0020161201246082,-0.0338330157101154,0.0005713599966838,-0.0185582164397272,0.0031505257561008,-0.039543244076759,0.0066102419236038,-0.034689511711345,0.0166908774469936,-0.0469664648706843,0.0203933201697319,-0.0560056889525655,0.0803517442009982,-0.0649425004701984,0.0173221667683598,2019-02-05,2019-02-06,2019-02-07,2019-02-08,2019-02-11,2019-02-12,2019-02-13,2019-02-14,2019-02-15,2019-02-19,77274.0,2019-02-04,252.0,0.0000%,-0.0004,0.9497,0.0645,0.0305,1.2898%,1.6743%,40.6582%,-0.007143,GILD,77274.0,2019-02-05,252.0,-3.3833%,-0.0006,0.9498,0.078,0.0563,1.3110%,1.6825%,39.2874%,-0.037782,GILD,77274.0,2019-02-06,252.0,1.5810%,-0.0005,0.9441,0.0795,0.0532,1.3160%,1.6659%,37.6003%,0.017768,GILD,77274.0,2019-02-07,252.0,-2.1382%,-0.0006,0.941,0.0889,0.0492,1.3164%,1.6631%,37.3448%,-0.012805,GILD,77274.0,2019-02-08,252.0,0.2824%,-0.0007,0.9414,0.0579,0.0307,1.2997%,1.6523%,38.1314%,0.002172,GILD,77274.0,2019-02-11,252.0,0.2223%,-0.0006,0.9147,0.0847,0.0312,1.2930%,1.6164%,36.0060%,0.0003529999999999,GILD,77274.0,2019-02-12,252.0,-3.2831%,-0.0008,0.8896,0.0842,0.0184,1.3230%,1.6267%,33.8528%,-0.045335,GILD,77274.0,2019-02-13,252.0,0.8257%,-0.0008,0.8908,0.0847,0.02,1.3236%,1.6262%,33.7504%,0.005603,GILD,77274.0,2019-02-14,252.0,0.6521%,-0.0008,0.8884,0.0893,0.0158,1.3242%,1.6259%,33.6655%,0.007967,GILD,77274.0,2019-02-15,252.0,1.8382%,-0.0007,0.8944,0.0957,0.0269,1.3253%,1.6281%,33.7334%,0.007945,GILD,77274.0,2019-02-19,252.0,-1.2280%,-0.0007,0.8958,0.0814,0.0107,1.3255%,1.6297%,33.8459%,-0.014437,GILD,-0.044925,-0.027157,-0.039962,-0.037437,-0.075694
32691,GILEAD SCIENCES INC,Gilead Raises Qtr. Dividend From $0.57 To $0.63/Share,6,increase,0.8,0.6,"raising the quarterly dividend typically signals financial strength and can attract investors, likely leading to an increase in stock price.",2,2019-02-04,GILD,2019-02-04 21:15:00+00:00,77274.0,37555810,0.0,6902516.0,-0.0338330157101154,0.0005713599966838,0.0158096887171268,0.0025776929687708,-0.0213818363845348,0.0034488504752516,0.0028240552637726,0.0247385147958993,0.002223232993856,-0.014368618838489,-0.0328305400907993,0.0153256841003894,0.0082568945363163,-0.00571427680552,0.0065210843458771,-0.0043764119036495,0.0183817017823457,-0.009106638841331,-0.0122798383235931,0.007720302324742,0.0032954046037048,0.0149320242926478,-0.0213496591895818,-0.0128429261967539,0.002898471429944,0.0188847091048955,-0.0059324521571397,-0.0133509915322065,-0.0010711506474763,0.001763708773069,0.0044424161314964,0.0014718644088134,-0.0083880284801125,-0.0022028770763427,0.015226169489324,-0.0068553271703422,-0.0084836417809128,0.0045420886017382,-0.0161955319344997,0.0459770113229751,-0.0228296518325805,0.0285309180617332,-0.0061983377672731,0.0142286075279116,0.0111946389079093,0.0108273783698678,0.0175549071282148,-0.0168413985520601,0.0076158768497407,-0.0044290190562605,0.0141909327358007,0.0442682579159736,-0.0050189974717795,-0.033216193318367,0.0129649071022868,-0.0261275898665189,-0.0092945396900177,0.0015577275771647,0.0072285640053451,-0.0098704416304826,-0.013589852489531,-0.0042998525314033,0.0049535557627677,-0.0068628480657935,-0.017714075744152,-0.026429085060954,0.0003136342857033,-0.0032286604400724,0.0070543494075536,0.006201981101185,-0.0090286117047071,0.003407962154597,0.000471234350698,-0.0096845729276537,0.0207254439592361,-0.029063981026411,0.0133824814110994,0.0092020034790039,0.0054644905030727,-0.0184871237725019,0.0063406676054,-0.0150125352665782,0.0027001600246876,0.0322858355939388,0.0104728396981954,0.0072264773771166,-0.0023690208327025,0.0259489901363849,-0.0191451609134674,0.0074693751521408,0.019821535795927,0.0052561364136636,-0.0161721650511026,-0.0022475507576018,-0.0155330840498209,-0.0122835850343108,0.0022978174965828,-0.0064696725457906,-0.0136023135855794,-0.0171964578330516,-0.0199876185506582,-0.0083118639886379,-0.0047430708073079,-0.0109143052250146,-0.0171565022319555,-0.0052170772105455,0.018910652026534,0.0061001605354249,-0.0038071330636739,-0.0096937688067555,0.0213375817984342,-0.0097384108230471,0.0157468374818563,-0.0082782292738556,-0.0035303661134094,0.0302772559225559,0.0018484712345525,0.0110663501545786,-0.0026137479580938,0.0020161201246082,-0.0338330157101154,0.0005713599966838,-0.0185582164397272,0.0031505257561008,-0.039543244076759,0.0066102419236038,-0.034689511711345,0.0166908774469936,-0.0469664648706843,0.0203933201697319,-0.0560056889525655,0.0803517442009982,-0.0649425004701984,0.0173221667683598,2019-02-05,2019-02-06,2019-02-07,2019-02-08,2019-02-11,2019-02-12,2019-02-13,2019-02-14,2019-02-15,2019-02-19,77274.0,2019-02-04,252.0,0.0000%,-0.0004,0.9497,0.0645,0.0305,1.2898%,1.6743%,40.6582%,-0.007143,GILD,77274.0,2019-02-05,252.0,-3.3833%,-0.0006,0.9498,0.078,0.0563,1.3110%,1.6825%,39.2874%,-0.037782,GILD,77274.0,2019-02-06,252.0,1.5810%,-0.0005,0.9441,0.0795,0.0532,1.3160%,1.6659%,37.6003%,0.017768,GILD,77274.0,2019-02-07,252.0,-2.1382%,-0.0006,0.941,0.0889,0.0492,1.3164%,1.6631%,37.3448%,-0.012805,GILD,77274.0,2019-02-08,252.0,0.2824%,-0.0007,0.9414,0.0579,0.0307,1.2997%,1.6523%,38.1314%,0.002172,GILD,77274.0,2019-02-11,252.0,0.2223%,-0.0006,0.9147,0.0847,0.0312,1.2930%,1.6164%,36.0060%,0.0003529999999999,GILD,77274.0,2019-02-12,252.0,-3.2831%,-0.0008,0.8896,0.0842,0.0184,1.3230%,1.6267%,33.8528%,-0.045335,GILD,77274.0,2019-02-13,252.0,0.8257%,-0.0008,0.8908,0.0847,0.02,1.3236%,1.6262%,33.7504%,0.005603,GILD,77274.0,2019-02-14,252.0,0.6521%,-0.0008,0.8884,0.0893,0.0158,1.3242%,1.6259%,33.6655%,0.007967,GILD,77274.0,2019-02-15,252.0,1.8382%,-0.0007,0.8944,0.0957,0.0269,1.3253%,1.6281%,33.7334%,0.007945,GILD,77274.0,2019-02-19,252.0,-1.2280%,-0.0007,0.8958,0.0814,0.0107,1.3255%,1.6297%,33.8459%,-0.014437,GILD,-0.044925,-0.027157,-0.039962,-0.037437,-0.075694
32699,GILEAD SCIENCES INC,"Gilead Sees FY19 GAAP EPS $1.40-$1.50, Product Sales $21.3B-$21.8B",6,increase,0.7,0.6,"the positive guidance for gaap eps and product sales suggests strong financial performance, which is likely to boost investor confidence and increase the stock price.",2,2019-02-04,GILD,2019-02-04 21:06:00+00:00,77274.0,37555810,0.0,6902516.0,-0.0338330157101154,0.0005713599966838,0.0158096887171268,0.0025776929687708,-0.0213818363845348,0.0034488504752516,0.0028240552637726,0.0247385147958993,0.002223232993856,-0.014368618838489,-0.0328305400907993,0.0153256841003894,0.0082568945363163,-0.00571427680552,0.0065210843458771,-0.0043764119036495,0.0183817017823457,-0.009106638841331,-0.0122798383235931,0.007720302324742,0.0032954046037048,0.0149320242926478,-0.0213496591895818,-0.0128429261967539,0.002898471429944,0.0188847091048955,-0.0059324521571397,-0.0133509915322065,-0.0010711506474763,0.001763708773069,0.0044424161314964,0.0014718644088134,-0.0083880284801125,-0.0022028770763427,0.015226169489324,-0.0068553271703422,-0.0084836417809128,0.0045420886017382,-0.0161955319344997,0.0459770113229751,-0.0228296518325805,0.0285309180617332,-0.0061983377672731,0.0142286075279116,0.0111946389079093,0.0108273783698678,0.0175549071282148,-0.0168413985520601,0.0076158768497407,-0.0044290190562605,0.0141909327358007,0.0442682579159736,-0.0050189974717795,-0.033216193318367,0.0129649071022868,-0.0261275898665189,-0.0092945396900177,0.0015577275771647,0.0072285640053451,-0.0098704416304826,-0.013589852489531,-0.0042998525314033,0.0049535557627677,-0.0068628480657935,-0.017714075744152,-0.026429085060954,0.0003136342857033,-0.0032286604400724,0.0070543494075536,0.006201981101185,-0.0090286117047071,0.003407962154597,0.000471234350698,-0.0096845729276537,0.0207254439592361,-0.029063981026411,0.0133824814110994,0.0092020034790039,0.0054644905030727,-0.0184871237725019,0.0063406676054,-0.0150125352665782,0.0027001600246876,0.0322858355939388,0.0104728396981954,0.0072264773771166,-0.0023690208327025,0.0259489901363849,-0.0191451609134674,0.0074693751521408,0.019821535795927,0.0052561364136636,-0.0161721650511026,-0.0022475507576018,-0.0155330840498209,-0.0122835850343108,0.0022978174965828,-0.0064696725457906,-0.0136023135855794,-0.0171964578330516,-0.0199876185506582,-0.0083118639886379,-0.0047430708073079,-0.0109143052250146,-0.0171565022319555,-0.0052170772105455,0.018910652026534,0.0061001605354249,-0.0038071330636739,-0.0096937688067555,0.0213375817984342,-0.0097384108230471,0.0157468374818563,-0.0082782292738556,-0.0035303661134094,0.0302772559225559,0.0018484712345525,0.0110663501545786,-0.0026137479580938,0.0020161201246082,-0.0338330157101154,0.0005713599966838,-0.0185582164397272,0.0031505257561008,-0.039543244076759,0.0066102419236038,-0.034689511711345,0.0166908774469936,-0.0469664648706843,0.0203933201697319,-0.0560056889525655,0.0803517442009982,-0.0649425004701984,0.0173221667683598,2019-02-05,2019-02-06,2019-02-07,2019-02-08,2019-02-11,2019-02-12,2019-02-13,2019-02-14,2019-02-15,2019-02-19,77274.0,2019-02-04,252.0,0.0000%,-0.0004,0.9497,0.0645,0.0305,1.2898%,1.6743%,40.6582%,-0.007143,GILD,77274.0,2019-02-05,252.0,-3.3833%,-0.0006,0.9498,0.078,0.0563,1.3110%,1.6825%,39.2874%,-0.037782,GILD,77274.0,2019-02-06,252.0,1.5810%,-0.0005,0.9441,0.0795,0.0532,1.3160%,1.6659%,37.6003%,0.017768,GILD,77274.0,2019-02-07,252.0,-2.1382%,-0.0006,0.941,0.0889,0.0492,1.3164%,1.6631%,37.3448%,-0.012805,GILD,77274.0,2019-02-08,252.0,0.2824%,-0.0007,0.9414,0.0579,0.0307,1.2997%,1.6523%,38.1314%,0.002172,GILD,77274.0,2019-02-11,252.0,0.2223%,-0.0006,0.9147,0.0847,0.0312,1.2930%,1.6164%,36.0060%,0.0003529999999999,GILD,77274.0,2019-02-12,252.0,-3.2831%,-0.0008,0.8896,0.0842,0.0184,1.3230%,1.6267%,33.8528%,-0.045335,GILD,77274.0,2019-02-13,252.0,0.8257%,-0.0008,0.8908,0.0847,0.02,1.3236%,1.6262%,33.7504%,0.005603,GILD,77274.0,2019-02-14,252.0,0.6521%,-0.0008,0.8884,0.0893,0.0158,1.3242%,1.6259%,33.6655%,0.007967,GILD,77274.0,2019-02-15,252.0,1.8382%,-0.0007,0.8944,0.0957,0.0269,1.3253%,1.6281%,33.7334%,0.007945,GILD,77274.0,2019-02-19,252.0,-1.2280%,-0.0007,0.8958,0.0814,0.0107,1.3255%,1.6297%,33.8459%,-0.014437,GILD,-0.044925,-0.027157,-0.039962,-0.037437,-0.075694
32707,GILEAD SCIENCES INC,"Gilead Sciences Q4 EPS $1.44 May Not Compare To $1.70 Estimate, Sales $5.795B Beat $5.48B Estimate",6,uncertain,0.6,0.3,"while gilead's sales beat estimates, the lower-than-expected eps may create mixed reactions among investors, leading to uncertainty in stock price movement.",1,2019-02-04,GILD,2019-02-04 21:05:00+00:00,77274.0,37555810,0.0,6902516.0,-0.0338330157101154,0.0005713599966838,0.0158096887171268,0.0025776929687708,-0.0213818363845348,0.0034488504752516,0.0028240552637726,0.0247385147958993,0.002223232993856,-0.014368618838489,-0.0328305400907993,0.0153256841003894,0.0082568945363163,-0.00571427680552,0.0065210843458771,-0.0043764119036495,0.0183817017823457,-0.009106638841331,-0.0122798383235931,0.007720302324742,0.0032954046037048,0.0149320242926478,-0.0213496591895818,-0.0128429261967539,0.002898471429944,0.0188847091048955,-0.0059324521571397,-0.0133509915322065,-0.0010711506474763,0.001763708773069,0.0044424161314964,0.0014718644088134,-0.0083880284801125,-0.0022028770763427,0.015226169489324,-0.0068553271703422,-0.0084836417809128,0.0045420886017382,-0.0161955319344997,0.0459770113229751,-0.0228296518325805,0.0285309180617332,-0.0061983377672731,0.0142286075279116,0.0111946389079093,0.0108273783698678,0.0175549071282148,-0.0168413985520601,0.0076158768497407,-0.0044290190562605,0.0141909327358007,0.0442682579159736,-0.0050189974717795,-0.033216193318367,0.0129649071022868,-0.0261275898665189,-0.0092945396900177,0.0015577275771647,0.0072285640053451,-0.0098704416304826,-0.013589852489531,-0.0042998525314033,0.0049535557627677,-0.0068628480657935,-0.017714075744152,-0.026429085060954,0.0003136342857033,-0.0032286604400724,0.0070543494075536,0.006201981101185,-0.0090286117047071,0.003407962154597,0.000471234350698,-0.0096845729276537,0.0207254439592361,-0.029063981026411,0.0133824814110994,0.0092020034790039,0.0054644905030727,-0.0184871237725019,0.0063406676054,-0.0150125352665782,0.0027001600246876,0.0322858355939388,0.0104728396981954,0.0072264773771166,-0.0023690208327025,0.0259489901363849,-0.0191451609134674,0.0074693751521408,0.019821535795927,0.0052561364136636,-0.0161721650511026,-0.0022475507576018,-0.0155330840498209,-0.0122835850343108,0.0022978174965828,-0.0064696725457906,-0.0136023135855794,-0.0171964578330516,-0.0199876185506582,-0.0083118639886379,-0.0047430708073079,-0.0109143052250146,-0.0171565022319555,-0.0052170772105455,0.018910652026534,0.0061001605354249,-0.0038071330636739,-0.0096937688067555,0.0213375817984342,-0.0097384108230471,0.0157468374818563,-0.0082782292738556,-0.0035303661134094,0.0302772559225559,0.0018484712345525,0.0110663501545786,-0.0026137479580938,0.0020161201246082,-0.0338330157101154,0.0005713599966838,-0.0185582164397272,0.0031505257561008,-0.039543244076759,0.0066102419236038,-0.034689511711345,0.0166908774469936,-0.0469664648706843,0.0203933201697319,-0.0560056889525655,0.0803517442009982,-0.0649425004701984,0.0173221667683598,2019-02-05,2019-02-06,2019-02-07,2019-02-08,2019-02-11,2019-02-12,2019-02-13,2019-02-14,2019-02-15,2019-02-19,77274.0,2019-02-04,252.0,0.0000%,-0.0004,0.9497,0.0645,0.0305,1.2898%,1.6743%,40.6582%,-0.007143,GILD,77274.0,2019-02-05,252.0,-3.3833%,-0.0006,0.9498,0.078,0.0563,1.3110%,1.6825%,39.2874%,-0.037782,GILD,77274.0,2019-02-06,252.0,1.5810%,-0.0005,0.9441,0.0795,0.0532,1.3160%,1.6659%,37.6003%,0.017768,GILD,77274.0,2019-02-07,252.0,-2.1382%,-0.0006,0.941,0.0889,0.0492,1.3164%,1.6631%,37.3448%,-0.012805,GILD,77274.0,2019-02-08,252.0,0.2824%,-0.0007,0.9414,0.0579,0.0307,1.2997%,1.6523%,38.1314%,0.002172,GILD,77274.0,2019-02-11,252.0,0.2223%,-0.0006,0.9147,0.0847,0.0312,1.2930%,1.6164%,36.0060%,0.0003529999999999,GILD,77274.0,2019-02-12,252.0,-3.2831%,-0.0008,0.8896,0.0842,0.0184,1.3230%,1.6267%,33.8528%,-0.045335,GILD,77274.0,2019-02-13,252.0,0.8257%,-0.0008,0.8908,0.0847,0.02,1.3236%,1.6262%,33.7504%,0.005603,GILD,77274.0,2019-02-14,252.0,0.6521%,-0.0008,0.8884,0.0893,0.0158,1.3242%,1.6259%,33.6655%,0.007967,GILD,77274.0,2019-02-15,252.0,1.8382%,-0.0007,0.8944,0.0957,0.0269,1.3253%,1.6281%,33.7334%,0.007945,GILD,77274.0,2019-02-19,252.0,-1.2280%,-0.0007,0.8958,0.0814,0.0107,1.3255%,1.6297%,33.8459%,-0.014437,GILD,-0.044925,-0.027157,-0.039962,-0.037437,-0.075694
32715,GILEAD SCIENCES INC,Q4 Earnings Preview For Gilead Sciences,6,uncertain,0.5,0.5,the q4 earnings preview could lead to either an increase or decrease in stock price depending on the actual earnings results and market expectations.,1,2019-02-04,GILD,2019-02-04 12:32:00+00:00,77274.0,37555810,0.0,6902516.0,-0.0338330157101154,0.0005713599966838,0.0158096887171268,0.0025776929687708,-0.0213818363845348,0.0034488504752516,0.0028240552637726,0.0247385147958993,0.002223232993856,-0.014368618838489,-0.0328305400907993,0.0153256841003894,0.0082568945363163,-0.00571427680552,0.0065210843458771,-0.0043764119036495,0.0183817017823457,-0.009106638841331,-0.0122798383235931,0.007720302324742,0.0032954046037048,0.0149320242926478,-0.0213496591895818,-0.0128429261967539,0.002898471429944,0.0188847091048955,-0.0059324521571397,-0.0133509915322065,-0.0010711506474763,0.001763708773069,0.0044424161314964,0.0014718644088134,-0.0083880284801125,-0.0022028770763427,0.015226169489324,-0.0068553271703422,-0.0084836417809128,0.0045420886017382,-0.0161955319344997,0.0459770113229751,-0.0228296518325805,0.0285309180617332,-0.0061983377672731,0.0142286075279116,0.0111946389079093,0.0108273783698678,0.0175549071282148,-0.0168413985520601,0.0076158768497407,-0.0044290190562605,0.0141909327358007,0.0442682579159736,-0.0050189974717795,-0.033216193318367,0.0129649071022868,-0.0261275898665189,-0.0092945396900177,0.0015577275771647,0.0072285640053451,-0.0098704416304826,-0.013589852489531,-0.0042998525314033,0.0049535557627677,-0.0068628480657935,-0.017714075744152,-0.026429085060954,0.0003136342857033,-0.0032286604400724,0.0070543494075536,0.006201981101185,-0.0090286117047071,0.003407962154597,0.000471234350698,-0.0096845729276537,0.0207254439592361,-0.029063981026411,0.0133824814110994,0.0092020034790039,0.0054644905030727,-0.0184871237725019,0.0063406676054,-0.0150125352665782,0.0027001600246876,0.0322858355939388,0.0104728396981954,0.0072264773771166,-0.0023690208327025,0.0259489901363849,-0.0191451609134674,0.0074693751521408,0.019821535795927,0.0052561364136636,-0.0161721650511026,-0.0022475507576018,-0.0155330840498209,-0.0122835850343108,0.0022978174965828,-0.0064696725457906,-0.0136023135855794,-0.0171964578330516,-0.0199876185506582,-0.0083118639886379,-0.0047430708073079,-0.0109143052250146,-0.0171565022319555,-0.0052170772105455,0.018910652026534,0.0061001605354249,-0.0038071330636739,-0.0096937688067555,0.0213375817984342,-0.0097384108230471,0.0157468374818563,-0.0082782292738556,-0.0035303661134094,0.0302772559225559,0.0018484712345525,0.0110663501545786,-0.0026137479580938,0.0020161201246082,-0.0338330157101154,0.0005713599966838,-0.0185582164397272,0.0031505257561008,-0.039543244076759,0.0066102419236038,-0.034689511711345,0.0166908774469936,-0.0469664648706843,0.0203933201697319,-0.0560056889525655,0.0803517442009982,-0.0649425004701984,0.0173221667683598,2019-02-05,2019-02-06,2019-02-07,2019-02-08,2019-02-11,2019-02-12,2019-02-13,2019-02-14,2019-02-15,2019-02-19,77274.0,2019-02-04,252.0,0.0000%,-0.0004,0.9497,0.0645,0.0305,1.2898%,1.6743%,40.6582%,-0.007143,GILD,77274.0,2019-02-05,252.0,-3.3833%,-0.0006,0.9498,0.078,0.0563,1.3110%,1.6825%,39.2874%,-0.037782,GILD,77274.0,2019-02-06,252.0,1.5810%,-0.0005,0.9441,0.0795,0.0532,1.3160%,1.6659%,37.6003%,0.017768,GILD,77274.0,2019-02-07,252.0,-2.1382%,-0.0006,0.941,0.0889,0.0492,1.3164%,1.6631%,37.3448%,-0.012805,GILD,77274.0,2019-02-08,252.0,0.2824%,-0.0007,0.9414,0.0579,0.0307,1.2997%,1.6523%,38.1314%,0.002172,GILD,77274.0,2019-02-11,252.0,0.2223%,-0.0006,0.9147,0.0847,0.0312,1.2930%,1.6164%,36.0060%,0.0003529999999999,GILD,77274.0,2019-02-12,252.0,-3.2831%,-0.0008,0.8896,0.0842,0.0184,1.3230%,1.6267%,33.8528%,-0.045335,GILD,77274.0,2019-02-13,252.0,0.8257%,-0.0008,0.8908,0.0847,0.02,1.3236%,1.6262%,33.7504%,0.005603,GILD,77274.0,2019-02-14,252.0,0.6521%,-0.0008,0.8884,0.0893,0.0158,1.3242%,1.6259%,33.6655%,0.007967,GILD,77274.0,2019-02-15,252.0,1.8382%,-0.0007,0.8944,0.0957,0.0269,1.3253%,1.6281%,33.7334%,0.007945,GILD,77274.0,2019-02-19,252.0,-1.2280%,-0.0007,0.8958,0.0814,0.0107,1.3255%,1.6297%,33.8459%,-0.014437,GILD,-0.044925,-0.027157,-0.039962,-0.037437,-0.075694
32723,SPDR GOLD TRUST,"IMF Data Shows China Raised Gold Holdings By 9.95 Tonnes To 1,852.57 Tonnes In December 2018",6,increase,0.8,0.7,"china's increase in gold holdings typically signals a positive outlook for gold prices, which could lead to an increase in spdr gold trust's stock price as it is directly tied to gold performance.",2,2019-02-04,GLD,2019-02-04 15:23:00+00:00,90448.0,78463V10,-0.004337356891483,6879187.0,0.0025814755354076,-0.0020040080416947,-0.0067589022219181,0.0004811737744603,0.002430293476209,0.0057267225347459,0.003798296675086,0.005596580915153,-0.0049110427498817,0.0034999211784452,0.0021035771351307,0.0146172624081373,-0.0039560622535645,-0.0015666428953409,0.0055928896181285,-0.0013997378991916,0.0059648999013006,0.0035531343892216,0.0152243096381425,-0.0089264102280139,-0.001736334641464,-0.0013085469836369,-0.0113061377778649,0.0031998637132346,0.0035985361319035,-0.0017200350994244,-0.0010358346626162,0.0023808972910046,0.0016750345239415,0.0017271710094064,-0.0070871110074222,-0.005886691622436,-0.005613958928734,0.0064181583002209,-0.0170175060629844,-0.0027080406434834,-0.0026255308184772,0.0034584829118102,0.0013162526302039,-0.0080862361937761,-0.0009037184645421,0.0090661700814962,-0.0008222882752306,0.000659808923956,0.0109455529600381,0.0015694898320361,-0.0048843901604413,0.0040640113875269,0.0060537098906934,0.0076048471964895,0.0069929496385157,-0.0029994416981935,-0.0115470988675952,0.0109500959515571,0.004574769642204,-0.004360924474895,0.0005692420527338,0.0154134165495634,0.0027632992714643,-0.0060939583927392,0.0064840577542781,0.0023754879366606,-0.0040264134295284,0.0069195730611681,0.0023447680287063,-0.003998989239335,0.0076631195843219,-0.0022073362488299,-0.0049631372094154,0.002126935403794,-0.0052292961627244,-0.0011896616779267,-0.0141528509557247,-0.0034718946553766,0.000902383995708,0.0081099281087517,-0.0039341310039162,0.0001707363553578,0.0037028270307928,0.0060991244390606,-0.0014756541932001,0.0075298836454749,0.0025451357942074,-0.001727984752506,-0.0010645913425832,0.0031201301608234,0.0043449643999338,0.0037407595664262,0.0052240584045648,-0.005966814700514,0.0030856456141918,-0.0011228924850001,-0.0127904303371906,-0.000776833796408,-0.0009839697740972,0.0016426250804215,-0.0018879041308537,0.0,-0.0089637860655784,0.0004324115288909,-0.0019085831008851,0.007406170014292,0.0007482870714738,0.0011339606717228,0.0,0.0082673924043774,-0.0020769294351339,0.0003518677258398,0.0029137402307242,-0.0071628205478191,0.0008300694753415,-0.0112281516194343,0.0066351750865578,-0.0021546152420341,-0.0044492124579846,-8.619559230282903e-05,0.0030621129553765,-0.0028357980772852,-0.0066006225533783,-0.0024003323633223,0.0025814755354076,-0.0020040080416947,-0.0041948746272425,-0.0015237985433479,-0.0017747759274736,0.0041941976199413,-0.002904167618715,0.0133485219872742,0.0221038869431966,0.0195725116744081,-0.0046789439308694,0.0537452246188272,-0.0287189233950905,0.0672953142438439,2019-02-05,2019-02-06,2019-02-07,2019-02-08,2019-02-11,2019-02-12,2019-02-13,2019-02-14,2019-02-15,2019-02-19,90448.0,2019-02-04,252.0,-0.4337%,-0.0002,-0.0265,0.1685,0.0385,0.6019%,0.6092%,2.3762%,-0.0049,GLD,90448.0,2019-02-05,252.0,0.2581%,-0.0001,-0.0384,0.1633,0.0232,0.5960%,0.6039%,2.5827%,0.0029609999999999,GLD,90448.0,2019-02-06,252.0,-0.6759%,-0.0002,-0.0381,0.1633,0.0226,0.5976%,0.6051%,2.4854%,-0.006943,GLD,90448.0,2019-02-07,252.0,0.2430%,-0.0001,-0.0335,0.1564,0.0239,0.5951%,0.6017%,2.2113%,0.0021,GLD,90448.0,2019-02-08,252.0,0.3798%,-0.0001,-0.0343,0.1607,0.0232,0.5945%,0.6015%,2.3197%,0.003815,GLD,90448.0,2019-02-11,252.0,-0.4911%,-0.0001,-0.037,0.1551,0.0187,0.5956%,0.6022%,2.1773%,-0.006077,GLD,90448.0,2019-02-12,252.0,0.2104%,-0.0001,-0.0355,0.155,0.0195,0.5958%,0.6023%,2.1229%,0.002508,GLD,90448.0,2019-02-13,252.0,-0.3956%,-0.0001,-0.0389,0.1592,0.0193,0.5951%,0.6020%,2.2793%,-0.004063,GLD,90448.0,2019-02-14,252.0,0.5593%,-0.0001,-0.0404,0.1616,0.0173,0.5948%,0.6020%,2.3775%,0.004696,GLD,90448.0,2019-02-15,252.0,0.5965%,-0.0002,-0.0508,0.1529,0.0013,0.5858%,0.5934%,2.5315%,0.005834,GLD,90448.0,2019-02-19,252.0,1.5224%,-0.0001,-0.0484,0.163,0.0125,0.5932%,0.6011%,2.6237%,0.014774,GLD,-0.001939,-0.008882,-0.006782,-0.009044,0.014705
32731,BARRICK GOLD CORP,"Reunion Gold and Barrick Gold to Explore, Develop and Mine Mineral Properties in the Guiana Shield; Barrick to increase its interest in Reunion to 19.9%",6,increase,0.7,0.6,"the partnership with reunion gold to explore and develop mineral properties suggests potential for future growth and revenue, which is likely to positively impact barrick gold's stock price.",2,2019-02-04,GOLD,2019-02-04 13:17:00+00:00,71298.0,06790110,0.0075471987947821,11307906.0,0.0007490093703381,-0.0104555888101458,-0.0089820278808474,0.0260536503046751,0.0075528989546,0.0092807337641716,0.0209894850850105,0.0478120036423206,-0.0139500424265861,0.0073469514027237,-0.0044676410034298,0.0337552428245544,-0.0411368869245052,0.0067969346418976,0.0070202928036451,-0.0008488349267281,0.0030983705073595,-0.0008481958648189,0.0463320761919021,-0.009243668988347,0.0154981575906276,0.0042193448171019,-0.0319767817854881,-0.000843109213747,-0.0210210010409355,-0.0357724018394947,-0.0329754836857318,-0.0112539706751704,-0.0015860035782679,0.0064724860712885,-0.0071485424414277,-0.0072289281524717,0.0112000275403261,0.008914072997868,-0.0261075887829065,-0.044891633093357,0.0162469372153282,-0.0129870185628533,0.0151878157630562,0.0069230888038873,-0.0236220620572567,-0.007633616682142,0.0185484271496534,-0.0324962772428989,0.0237529836595058,0.0320122018456459,0.0193348787724971,-0.0430342927575111,0.0037935688160359,0.0095238406211137,0.0090703582391142,0.0007330846856348,-0.0179775822907686,0.0396341830492019,-0.0083905160427093,-0.0194320045411586,-0.0038461685180664,0.0388198755681514,-0.0084941824898123,-0.0720461085438728,0.0210279989987611,0.0168498530983924,0.0129672065377235,-0.0007320811855606,0.029367497190833,-0.0318922623991966,0.0438917614519596,0.0064193434081971,0.0161176975816488,0.0308823585510253,-0.0172413792461156,-0.0173410233110189,-0.0259649045765399,0.0116958953440189,-0.0122478436678648,0.023186270147562,-0.0196936875581741,0.0182787328958511,0.0014881293755024,0.010777547955513,-0.0118870614096522,0.0188235118985176,0.0195488892495632,-0.0229885205626487,-0.005162289366126,0.0022988505661487,0.0022239205427467,0.02352942712605,0.0147928847000002,-0.0214888509362936,-0.0094752265140414,-0.0045836837962269,-0.010301717557013,-0.0274888481944799,-0.0022304635494947,0.0330007933080196,0.0156482886523008,-0.0045836837962269,-0.0249449852854013,0.0038343705236911,-0.0067720203660428,0.0038491294253617,0.0015151861589401,0.0220298767089843,-0.0189107414335012,0.0225261244922876,-0.0123361479490995,-0.0119236577302217,0.0015612414572387,-0.0255615748465061,0.0007794410921633,-0.0145038571208715,0.0124610476195812,0.0092450575903058,-0.0261538587510585,-0.012176620773971,0.0047393697313964,-0.0052989926189184,-0.0102201346307992,0.0030372028704732,0.0007490093703381,-0.0104555888101458,-0.0082397461335567,0.0153256552399403,-0.0007490811489149,0.0247486223301554,0.0059925035223791,0.081632651498589,0.0149812597965908,0.11344541412862,-0.0382022646026901,-0.0405150372044817,-0.0569288540733127,0.0135358128190434,2019-02-05,2019-02-06,2019-02-07,2019-02-08,2019-02-11,2019-02-12,2019-02-13,2019-02-14,2019-02-15,2019-02-19,71298.0,2019-02-04,252.0,0.7547%,-0.0002,0.0608,0.2496,-0.1432,1.9780%,1.9884%,1.0460%,0.005182,GOLD,71298.0,2019-02-05,252.0,0.0749%,-0.0,0.0203,0.2356,-0.1878,1.9558%,1.9660%,1.0330%,-0.000272,GOLD,71298.0,2019-02-06,252.0,-0.8982%,-0.0,0.0032,0.2413,-0.2059,1.9554%,1.9661%,1.0848%,-0.008882,GOLD,71298.0,2019-02-07,252.0,0.7553%,0.0,0.0065,0.2334,-0.2029,1.9553%,1.9656%,1.0465%,0.008599,GOLD,71298.0,2019-02-08,252.0,2.0989%,0.0001,0.0029,0.2364,-0.2159,1.9583%,1.9693%,1.1137%,0.019367,GOLD,71298.0,2019-02-11,252.0,-1.3950%,0.0001,-0.017,0.2347,-0.2273,1.9589%,1.9699%,1.1085%,-0.015118,GOLD,71298.0,2019-02-12,252.0,-0.4468%,0.0002,-0.013,0.226,-0.2237,1.9579%,1.9684%,1.0592%,-0.00477,GOLD,71298.0,2019-02-13,252.0,-4.1137%,-0.0001,-0.0265,0.2321,-0.2327,1.9725%,1.9833%,1.0843%,-0.0411789999999999,GOLD,71298.0,2019-02-14,252.0,0.7020%,-0.0,-0.0273,0.2346,-0.2358,1.9726%,1.9837%,1.1160%,0.004308,GOLD,71298.0,2019-02-15,252.0,0.3098%,-0.0002,-0.0526,0.2123,-0.2763,1.9612%,1.9732%,1.2130%,0.003852,GOLD,71298.0,2019-02-19,252.0,4.6332%,0.0001,-0.0356,0.2306,-0.2572,1.9774%,1.9893%,1.1906%,0.0465449999999999,GOLD,0.00491,-0.0039719999999999,0.004627,0.008876,0.017632
32739,GROUPON INC,"Goldman Sachs Initiates Coverage On Groupon with Neutral Rating, Announces $3.50 Price Target",6,uncertain,0.6,0.3,"while a neutral rating suggests no strong positive or negative sentiment, the low price target may indicate limited upside potential, leading to uncertainty in stock price movement.",1,2019-02-04,GRPN,2019-02-04 12:09:00+00:00,13108.0,39947320,-0.0185185018926858,5200968.0,0.0107816606760025,0.0026525172870606,-0.0106666563078761,0.0134408473968505,-0.0296496320515871,0.0054053999483585,0.0,-0.0026954151690006,0.0416666939854621,-0.0159151051193475,0.0560000091791153,0.0385674536228179,-0.1111111268401146,0.0111421169713139,0.0170454382896423,-0.0082872854545712,-0.0251396410167217,-0.0448549017310142,0.0,0.0160857755690813,-0.0200572870671749,0.0053908303380012,-0.0175439119338989,-0.0080213826149702,0.0,0.0,-0.0119047509506344,0.041782759130001,-0.0060240905731916,0.0056022354401648,0.0,0.0,-0.0090909004211425,0.0113314343616366,0.030581010505557,0.0085714207962155,0.0,0.0174418427050113,0.0148368524387478,0.0683229863643646,-0.0204678867012262,-0.012269927188754,-0.0208955034613609,0.0187499821186065,0.0243902206420898,0.0,0.0119048217311501,0.0158730000257492,-0.0029411735013127,0.003184710163623,0.0,0.0940767377614975,0.0,-0.0103448992595076,0.0412978939712047,-0.0301003064960241,-0.0198300089687109,-0.0099337650462985,-0.0057803411036729,-0.0226537007838487,0.0058139478787779,0.0231787860393524,0.020231194794178,-0.0382165983319282,-0.0424928776919841,0.009646370075643,0.0,-0.0489296913146972,0.0118343075737357,0.0686274617910385,0.0116958953440189,-0.0032573258504271,0.0057803411036729,-0.0096774101257324,0.0201149228960275,0.0064935004338622,0.0028168987482786,-0.022222276777029,-0.0168539173901081,0.0096154520288109,0.0,0.0162866301834583,0.0228571202605962,-0.0128617249429225,-0.0055865868926048,-0.0220126323401927,-0.0028089862316846,0.0426229871809482,-0.0225351899862289,0.0,0.0259365737438201,0.026936000213027,-0.0112359449267387,-0.0033557014539837,-0.0056818127632141,0.0170648302882909,-0.0114285601302981,-0.0034013572148978,0.0289017055183649,-0.0264900419861078,-0.0308988466858863,0.0596491508185863,0.0115941921249032,-0.027303809300065,-0.025787940248847,-0.0200668703764677,0.0147058675065636,0.0204777959734201,0.0144927399232983,-0.0101351253688335,0.0028571400325745,-0.0116860931739211,0.02849000133574,0.0274442285299301,-0.0221606437116861,-0.105828233063221,-0.0028328585904091,-0.0030581010505557,0.03409094363451,-0.0267856903374195,0.0107816606760025,0.0026525172870606,9.92672610777845e-11,0.016129016763984,-0.029649631955263,0.0216216004987257,0.0107816598887375,0.0026525163108188,-0.0592992024138288,0.013404809933174,-0.0727762786092832,0.2233009922611324,-0.0188679120178183,0.1250000103224837,2019-02-05,2019-02-06,2019-02-07,2019-02-08,2019-02-11,2019-02-12,2019-02-13,2019-02-14,2019-02-15,2019-02-19,13108.0,2019-02-04,252.0,-1.8519%,-0.0011,1.0038,0.8797,0.095,2.5916%,2.8555%,17.6335%,-0.029775,GRPN,13108.0,2019-02-05,252.0,1.0782%,-0.0011,1.0232,0.8833,0.1104,2.5883%,2.8565%,17.9000%,0.007639,GRPN,13108.0,2019-02-06,252.0,-1.0667%,-0.0011,1.0176,0.8852,0.1039,2.5886%,2.8468%,17.3163%,-0.008505,GRPN,13108.0,2019-02-07,252.0,-2.9650%,-0.0012,1.0208,0.8891,0.0991,2.5911%,2.8510%,17.4020%,-0.019541,GRPN,13108.0,2019-02-08,252.0,0.0000%,-0.0012,1.0205,0.8959,0.1025,2.5907%,2.8507%,17.4128%,-0.000779,GRPN,13108.0,2019-02-11,252.0,4.1667%,-0.0011,1.0474,0.918,0.1285,2.5982%,2.8618%,17.5746%,0.033989,GRPN,13108.0,2019-02-12,252.0,5.6000%,-0.0009,1.0783,0.9097,0.1458,2.6104%,2.8839%,18.0639%,0.04169,GRPN,13108.0,2019-02-13,252.0,-11.1111%,-0.0014,1.0543,0.9041,0.1171,2.7056%,2.9627%,16.5998%,-0.114878,GRPN,13108.0,2019-02-14,252.0,1.7045%,-0.0014,1.0498,0.9128,0.1087,2.7070%,2.9638%,16.5780%,0.015137,GRPN,13108.0,2019-02-15,252.0,-2.5140%,-0.0011,1.1173,0.9693,0.2128,2.6235%,2.9087%,18.6460%,-0.039906,GRPN,13108.0,2019-02-19,252.0,0.0000%,-0.0009,1.1288,0.9489,0.189,2.6117%,2.9029%,19.0606%,-0.005672,GRPN,-0.022136,-0.030641,-0.050182,-0.016972,-0.120601
32747,GRAN TIERRA ENERGY INC,GMP Securities Downgrades Gran Tierra Energy Inc. Common Stock to Hold,6,decrease,0.8,0.6,"a downgrade from a securities firm typically signals reduced confidence in the stock's performance, which can lead to a decrease in its price.",0,2019-02-04,GTE,2019-02-04 13:32:00+00:00,92619.0,38500T20,-0.0213675014674663,1744012.0,-0.0131004247814416,-0.0126582160592079,-0.0088495491072535,-0.0083682918921113,-0.0401785336434841,0.0346321053802967,0.0139534743502736,0.0131578827276825,0.0137614542618393,-0.042016863822937,0.0045248824171721,-0.0083333253860473,0.0180179998278617,0.034482829272747,0.0442477464675903,-0.0127659458667039,0.0127119543030858,-0.0637450516223907,0.0041840961202979,0.0120967626571655,-0.0291667375713586,0.0247933641076088,-0.0171673670411109,-0.0081967134028673,0.0087336162105202,0.0124481208622455,-0.008658000268042,-0.0041322275064885,-0.0043668081052601,-0.0358565412461757,0.0131578827276825,0.0161943156272172,-0.021645002067089,0.0,0.0265486482530832,0.0,0.0301724895834922,0.0334727689623832,0.0209204815328121,0.0717489197850227,-0.0491803772747516,0.0045044999569654,-0.0215517040342092,0.0230414513498544,-0.0176211278885603,0.014018677175045,0.0358744040131568,-0.0092592500150203,-0.004329000134021,-0.0357142500579357,0.07391307502985,0.0926829576492309,-0.0161943156272172,-0.014423063956201,-0.0411523208022117,-0.0502283684909343,0.0472103580832481,-0.0179372020065784,-0.0163934268057346,-0.0262008495628833,0.0499999485909938,0.0,-0.0238095019012689,-0.0337552428245544,-0.0609756484627723,-0.0326531268656253,-0.021645002067089,0.0040983567014336,0.0398229695856571,0.0209204815328121,0.0,-0.0284552574157714,-0.0340425223112106,-0.035294085741043,0.0,0.0199999809265136,0.0352422557771205,-0.0347490012645721,-0.0255318917334079,-0.0615942291915416,-0.0043668081052601,0.0337078310549259,0.0087719215080142,0.0229885764420032,0.0304347537457943,0.0155641883611679,0.0759494006633758,0.032128483057022,-0.035294085741043,-0.0196850206702947,0.0406503677368164,-0.0039215651340782,-0.0078124925494194,-0.0267175324261188,-0.0118110124021768,0.0234374776482582,-0.0119521794840693,-0.055350586771965,-0.0040322542190551,-0.0251798331737518,-0.0323886312544345,-0.0071428506635129,0.0,0.0181818008422851,0.0376568660140037,0.0036496315151453,-0.0080645084381103,-0.0318020917475223,-0.0081300735473632,-0.0139372693374753,-0.0163934268057346,0.0105633707717061,-0.0125000867992639,-0.0307167749851942,0.0210971273481845,0.0353357419371604,-0.0123966820538044,-0.0308219697326421,-0.0418410636484623,-0.0101694818586111,-0.0131004247814416,-0.0126582160592079,-0.0218340410362659,-0.0209205803045023,-0.0611353149274012,0.0129870013340718,-0.0349344663143438,-0.0168068042561508,0.0480349925818479,-0.0564516508145215,0.0480349906136452,0.021834047044553,-9.766588093818031e-09,-0.2067796960314195,2019-02-05,2019-02-06,2019-02-07,2019-02-08,2019-02-11,2019-02-12,2019-02-13,2019-02-14,2019-02-15,2019-02-19,92619.0,2019-02-04,252.0,-2.1368%,-0.0005,1.2702,1.0029,0.2478,2.1611%,2.6112%,31.5034%,-0.0344379999999999,GTE,92619.0,2019-02-05,252.0,-1.3100%,-0.0005,1.2611,1.0055,0.2487,2.1624%,2.6014%,30.9071%,-0.016373,GTE,92619.0,2019-02-06,252.0,-0.8850%,-0.0006,1.2827,0.9986,0.2692,2.1612%,2.5940%,30.5861%,-0.006249,GTE,92619.0,2019-02-07,252.0,-4.0179%,-0.0007,1.2876,1.0042,0.2621,2.1680%,2.6032%,30.6457%,-0.0281009999999999,GTE,92619.0,2019-02-08,252.0,1.3953%,-0.0005,1.2837,1.0449,0.2726,2.1482%,2.5875%,31.0738%,0.014001,GTE,92619.0,2019-02-11,252.0,1.3761%,-0.0004,1.2679,1.0665,0.276,2.1468%,2.5696%,30.1970%,0.004341,GTE,92619.0,2019-02-12,252.0,0.4525%,-0.0004,1.268,1.0575,0.2777,2.1471%,2.5697%,30.1917%,-0.012562,GTE,92619.0,2019-02-13,252.0,1.8018%,-0.0005,1.2508,1.0922,0.2873,2.1324%,2.5503%,30.0870%,0.013539,GTE,92619.0,2019-02-14,252.0,4.4248%,-0.0003,1.2424,1.1167,0.2574,2.1428%,2.5614%,30.0131%,0.0427609999999999,GTE,92619.0,2019-02-15,252.0,1.2712%,-0.0004,1.2216,1.0974,0.2229,2.1389%,2.5478%,29.5228%,-0.005455,GTE,92619.0,2019-02-19,252.0,0.4184%,-0.0003,1.2309,1.0828,0.2057,2.1301%,2.5451%,29.9526%,-0.002088,GTE,-0.0508109999999999,-0.0570599999999999,-0.0851609999999999,-0.0668189999999999,-0.030624
32755,HALOZYME THERAPEUTICS INC,Halozyme Therapeutics shares are trading higher after the company announced it entered a global collaboration and license agreement with Argenx for the use of ENHANZE Technology.,6,increase,0.8,0.7,"the announcement of a global collaboration and license agreement typically signals positive growth potential and increased revenue opportunities, which can lead to a rise in stock price.",2,2019-02-04,HALO,2019-02-04 14:28:00+00:00,90436.0,40637H10,0.0310173686593771,1078264.0,0.0198555905371904,-0.0037082487251609,-0.0129794226959347,0.0112500190734863,-0.0286909472197294,0.0025062633212655,0.0055384710431098,0.0178571250289678,0.0024479196872562,-0.0537114925682544,0.0164835453033447,0.027278397232294,-0.003002957208082,0.0254290923476219,-0.0036144256591796,-0.0113136582076549,0.0302297435700893,-0.0316494479775428,-0.0129108689725399,0.0079755261540412,0.0029727197252213,0.0290403459221124,-0.0154119869694113,-0.0099999904632568,0.0120408702641725,0.0243277922272682,0.0392623357474803,-0.0387692376971244,-0.0165998302400112,0.0200878642499446,0.0162979494780302,0.0521796531975269,-0.012027439661324,-0.0123939709737896,0.0191304311156272,0.0199600923806428,-0.0204778499901294,0.0210597459226846,-0.0104528693482279,0.0559541396796703,-0.057511817663908,-0.0581081472337245,-0.0267745554447174,0.0116199636831879,0.0083173457533121,0.0245098304003477,0.0088832098990678,-0.0055710254237055,0.0012578904861584,0.0020934916101396,0.0169598273932933,0.0750187560915947,-0.0197653267532587,-0.0403168052434921,0.0132325170561671,-0.0169851221144199,0.0273632165044546,-0.0077246949076652,0.0133171491324901,-0.0152144031599164,-0.0119473626837134,-0.0359999984502792,-0.0024184349458664,-0.0112063335254788,-0.061212133616209,-0.0052458965219557,0.0135571360588073,-0.0286624077707529,0.0089172190055251,0.0155239179730415,-0.0183080788701772,-0.0038660063873976,0.0282957926392555,0.0264550652354955,0.0068793380632996,-0.0270270314067602,0.0049689393490552,0.0090909311547875,0.0346105955541133,-0.0711701065301895,0.031063349917531,0.0042398362420499,-0.0202781222760677,0.0409836433827877,0.0171496700495481,-0.0043942653574049,0.0005812977324239,0.0297349728643894,-0.020917996764183,-0.074206992983818,0.018397593870759,0.0398257263004779,-0.0250582937151193,-0.011685149744153,-0.0113567626103758,0.0409731343388557,0.0072550741024315,0.002567391609773,-0.0024009009357541,-0.0340979099273681,-0.0156438164412975,-0.0043210862204432,-0.0238386504352092,0.0574413239955902,0.0075140814296901,-0.0103359073400497,0.0192665923386812,0.0251655075699091,-0.014024362899363,-0.0497168004512786,0.0024736553896218,-0.0221538245677948,0.0006169173284433,0.0213702172040939,0.0098643563687801,0.0069620036520063,-0.0152625162154436,0.0,0.0024799080565571,-0.0143481278792023,0.0198555905371904,-0.0037082487251609,0.0066184537387961,0.0075000524794379,-0.0222623831878293,0.0100251129071402,-0.0144405326433183,-0.0271574469682223,0.0120336250027981,-0.0110428484926374,0.0072201527351569,0.114799498804716,-0.0270758576282522,0.0056144793083245,2019-02-05,2019-02-06,2019-02-07,2019-02-08,2019-02-11,2019-02-12,2019-02-13,2019-02-14,2019-02-15,2019-02-19,90436.0,2019-02-04,252.0,3.1017%,-0.0004,1.3895,0.9859,-0.3368,1.9075%,2.5930%,45.8851%,0.014714,HALO,90436.0,2019-02-05,252.0,1.9856%,-0.0003,1.3925,0.9822,-0.3423,1.9091%,2.5913%,45.7230%,0.012549,HALO,90436.0,2019-02-06,252.0,-1.2979%,-0.0004,1.4167,0.9746,-0.3198,1.9079%,2.5841%,45.4886%,-0.0096779999999999,HALO,90436.0,2019-02-07,252.0,-2.8691%,-0.0005,1.4148,0.9825,-0.3236,1.9087%,2.5846%,45.4603%,-0.013101,HALO,90436.0,2019-02-08,252.0,0.5538%,-0.0005,1.4145,0.9813,-0.3257,1.9088%,2.5848%,45.4687%,0.001441,HALO,90436.0,2019-02-11,252.0,0.2448%,-0.0005,1.3891,0.9989,-0.3295,1.9052%,2.5524%,44.2799%,-0.00536,HALO,90436.0,2019-02-12,252.0,1.6484%,-0.0004,1.391,0.9944,-0.3278,1.9050%,2.5541%,44.3722%,-0.0032679999999999,HALO,90436.0,2019-02-13,252.0,-0.3003%,-0.0006,1.3788,1.0122,-0.3263,1.8993%,2.5424%,44.1914%,-0.007365,HALO,90436.0,2019-02-14,252.0,-0.3614%,-0.0006,1.3809,1.0083,-0.3227,1.8995%,2.5425%,44.1801%,-0.007975,HALO,90436.0,2019-02-15,252.0,3.0230%,-0.0006,1.3816,1.0105,-0.3195,1.9005%,2.5416%,44.0861%,0.013554,HALO,90436.0,2019-02-19,252.0,-1.2911%,-0.0006,1.3792,0.9986,-0.3327,1.9034%,2.5415%,43.9080%,-0.017608,HALO,0.027263,0.017585,0.004484,0.0005649999999999,-0.022097
32763,HALOZYME THERAPEUTICS INC,"Argenx, Halozyme Enter Global Collaboration and License Agreement for ENHANZE Technology",6,increase,0.8,0.7,"the global collaboration and license agreement for enhanze technology suggests potential revenue growth and increased market presence for halozyme therapeutics, likely leading to a positive impact on its stock price.",2,2019-02-04,HALO,2019-02-04 08:58:00+00:00,90436.0,40637H10,0.0310173686593771,1078264.0,0.0198555905371904,-0.0037082487251609,-0.0129794226959347,0.0112500190734863,-0.0286909472197294,0.0025062633212655,0.0055384710431098,0.0178571250289678,0.0024479196872562,-0.0537114925682544,0.0164835453033447,0.027278397232294,-0.003002957208082,0.0254290923476219,-0.0036144256591796,-0.0113136582076549,0.0302297435700893,-0.0316494479775428,-0.0129108689725399,0.0079755261540412,0.0029727197252213,0.0290403459221124,-0.0154119869694113,-0.0099999904632568,0.0120408702641725,0.0243277922272682,0.0392623357474803,-0.0387692376971244,-0.0165998302400112,0.0200878642499446,0.0162979494780302,0.0521796531975269,-0.012027439661324,-0.0123939709737896,0.0191304311156272,0.0199600923806428,-0.0204778499901294,0.0210597459226846,-0.0104528693482279,0.0559541396796703,-0.057511817663908,-0.0581081472337245,-0.0267745554447174,0.0116199636831879,0.0083173457533121,0.0245098304003477,0.0088832098990678,-0.0055710254237055,0.0012578904861584,0.0020934916101396,0.0169598273932933,0.0750187560915947,-0.0197653267532587,-0.0403168052434921,0.0132325170561671,-0.0169851221144199,0.0273632165044546,-0.0077246949076652,0.0133171491324901,-0.0152144031599164,-0.0119473626837134,-0.0359999984502792,-0.0024184349458664,-0.0112063335254788,-0.061212133616209,-0.0052458965219557,0.0135571360588073,-0.0286624077707529,0.0089172190055251,0.0155239179730415,-0.0183080788701772,-0.0038660063873976,0.0282957926392555,0.0264550652354955,0.0068793380632996,-0.0270270314067602,0.0049689393490552,0.0090909311547875,0.0346105955541133,-0.0711701065301895,0.031063349917531,0.0042398362420499,-0.0202781222760677,0.0409836433827877,0.0171496700495481,-0.0043942653574049,0.0005812977324239,0.0297349728643894,-0.020917996764183,-0.074206992983818,0.018397593870759,0.0398257263004779,-0.0250582937151193,-0.011685149744153,-0.0113567626103758,0.0409731343388557,0.0072550741024315,0.002567391609773,-0.0024009009357541,-0.0340979099273681,-0.0156438164412975,-0.0043210862204432,-0.0238386504352092,0.0574413239955902,0.0075140814296901,-0.0103359073400497,0.0192665923386812,0.0251655075699091,-0.014024362899363,-0.0497168004512786,0.0024736553896218,-0.0221538245677948,0.0006169173284433,0.0213702172040939,0.0098643563687801,0.0069620036520063,-0.0152625162154436,0.0,0.0024799080565571,-0.0143481278792023,0.0198555905371904,-0.0037082487251609,0.0066184537387961,0.0075000524794379,-0.0222623831878293,0.0100251129071402,-0.0144405326433183,-0.0271574469682223,0.0120336250027981,-0.0110428484926374,0.0072201527351569,0.114799498804716,-0.0270758576282522,0.0056144793083245,2019-02-05,2019-02-06,2019-02-07,2019-02-08,2019-02-11,2019-02-12,2019-02-13,2019-02-14,2019-02-15,2019-02-19,90436.0,2019-02-04,252.0,3.1017%,-0.0004,1.3895,0.9859,-0.3368,1.9075%,2.5930%,45.8851%,0.014714,HALO,90436.0,2019-02-05,252.0,1.9856%,-0.0003,1.3925,0.9822,-0.3423,1.9091%,2.5913%,45.7230%,0.012549,HALO,90436.0,2019-02-06,252.0,-1.2979%,-0.0004,1.4167,0.9746,-0.3198,1.9079%,2.5841%,45.4886%,-0.0096779999999999,HALO,90436.0,2019-02-07,252.0,-2.8691%,-0.0005,1.4148,0.9825,-0.3236,1.9087%,2.5846%,45.4603%,-0.013101,HALO,90436.0,2019-02-08,252.0,0.5538%,-0.0005,1.4145,0.9813,-0.3257,1.9088%,2.5848%,45.4687%,0.001441,HALO,90436.0,2019-02-11,252.0,0.2448%,-0.0005,1.3891,0.9989,-0.3295,1.9052%,2.5524%,44.2799%,-0.00536,HALO,90436.0,2019-02-12,252.0,1.6484%,-0.0004,1.391,0.9944,-0.3278,1.9050%,2.5541%,44.3722%,-0.0032679999999999,HALO,90436.0,2019-02-13,252.0,-0.3003%,-0.0006,1.3788,1.0122,-0.3263,1.8993%,2.5424%,44.1914%,-0.007365,HALO,90436.0,2019-02-14,252.0,-0.3614%,-0.0006,1.3809,1.0083,-0.3227,1.8995%,2.5425%,44.1801%,-0.007975,HALO,90436.0,2019-02-15,252.0,3.0230%,-0.0006,1.3816,1.0105,-0.3195,1.9005%,2.5416%,44.0861%,0.013554,HALO,90436.0,2019-02-19,252.0,-1.2911%,-0.0006,1.3792,0.9986,-0.3327,1.9034%,2.5415%,43.9080%,-0.017608,HALO,0.027263,0.017585,0.004484,0.0005649999999999,-0.022097
32771,HARTFORD FINANCIAL SVCS GRP INC,Hartford Financial Q4 EPS $0.78 Beats $0.61 Estimate; Announces $1B Buyback,6,increase,0.8,0.7,the better-than-expected earnings per share (eps) and the announcement of a $1 billion buyback are likely to boost investor confidence and drive the stock price higher.,2,2019-02-04,HIG,2019-02-04 21:19:00+00:00,82775.0,41651510,0.0029774433933198,2480031.0,0.0248092021793127,0.0021313361357897,-0.0086902948096394,0.0062191099859774,0.0060530351474881,0.0117162270471453,-0.0064315637573599,-0.0122160241007804,0.0073084631003439,-0.002138547366485,0.0107793658971786,0.0019284370355308,-0.0004101034428458,0.0036558746360242,-0.0102585144340992,0.0062757176347076,0.0101575013250112,-0.0100685777142643,0.0080032711848616,0.0123617369681596,-0.0010178998345509,0.0172071196138858,-0.0048909285105764,0.0098017919808626,0.0012287027202546,0.0080844517797231,0.0057271178811788,0.0015744421398267,-0.0032540136016905,0.0054273600690066,0.0014283516211435,0.0102810319513082,0.0057049463503062,0.008757802657783,0.0068881874904036,-0.0134151922538876,-0.0064777266234159,-0.0036248266696929,-0.0032600581180304,0.0308267101645469,-0.0089942486956715,-0.0138184819370508,-0.0090758791193366,-0.0231721606105566,0.0014571127248927,0.0155357616022229,0.0018707161070778,-0.0022794273681938,0.0047717746347188,0.0238039791584014,0.0035101831890642,0.0512757673859596,0.0043210475705564,-0.0338942967355251,0.0002048416499746,-0.0072941500693559,0.0106513816863298,-0.0039840210229158,-0.0026348007377237,0.0092242052778601,-0.0199146419763565,0.011725241318345,0.0149284936487674,0.0125999627634882,-0.0085802245885133,-0.0012100492604076,-0.0024726754054427,-0.0016912224236875,0.0140466913580894,0.0012094639241695,0.0026482190005481,-0.0055328253656625,0.0028443597257137,-0.0014413013122975,0.007293367292732,-0.0170011203736066,0.0028157560154795,-0.0109762083739042,-0.0070197009481489,-0.0214807745069265,0.0042416262440383,-0.0097307153046131,0.0056315120309591,0.0047425446100533,-0.0013999938964843,-0.0140280798077583,-0.0008011399186216,0.0179057326167821,-0.0040088347159326,-0.0151785789057612,0.0058362027630209,0.0158730335533618,0.0118047250434756,-0.0056369788944721,0.0098872845992445,0.0063535007648169,-0.0062659038230776,0.0054756524041295,0.0132019342854619,-0.0004560238157864,-0.0163359846919775,-0.0029559133108705,0.0071173743344843,-0.0020422090310603,-0.0009815319208428,-0.0275816414505243,0.0043230736628174,-0.0041748764924705,0.0025435544084757,-0.0231809802353382,-0.0052693295292556,0.0027981288731098,0.0115754390135407,-0.0102258110418915,0.0040729069150984,0.0173385180532932,0.0104307690635323,0.0142888035625219,-0.0173962879925966,0.0133660566061735,0.0248092021793127,0.0021313361357897,0.0159033080887431,0.0083637011356128,0.0220526065190538,0.0201779192042175,0.022900802352425,0.0055603540388258,0.0415606255067457,0.0197354120930528,0.0498058828090355,0.1121097898993832,0.0965256056761023,0.0545603367510874,2019-02-05,2019-02-06,2019-02-07,2019-02-08,2019-02-11,2019-02-12,2019-02-13,2019-02-14,2019-02-15,2019-02-19,82775.0,2019-02-04,252.0,0.2977%,-0.0004,0.8953,-0.2479,0.5483,0.9186%,1.3306%,52.3387%,0.000145,HIG,82775.0,2019-02-05,252.0,2.4809%,-0.0004,0.9021,-0.2544,0.5391,0.9299%,1.3380%,51.6981%,0.0239509999999999,HIG,82775.0,2019-02-06,252.0,-0.8690%,-0.0004,0.9024,-0.2544,0.5385,0.9309%,1.3133%,49.7547%,-0.007208,HIG,82775.0,2019-02-07,252.0,0.6053%,-0.0003,0.9127,-0.2729,0.5435,0.9224%,1.3130%,50.6483%,0.011914,HIG,82775.0,2019-02-08,252.0,-0.6432%,-0.0003,0.9138,-0.2879,0.5379,0.9161%,1.3107%,51.1480%,-0.003466,HIG,82775.0,2019-02-11,252.0,0.7308%,-0.0003,0.8996,-0.265,0.5429,0.9140%,1.2808%,49.0798%,0.006592,HIG,82775.0,2019-02-12,252.0,1.0779%,-0.0003,0.9008,-0.2668,0.5438,0.9138%,1.2804%,49.0573%,-0.000579,HIG,82775.0,2019-02-13,252.0,-0.0410%,-0.0002,0.9098,-0.2833,0.5402,0.9046%,1.2792%,49.9886%,-0.003253,HIG,82775.0,2019-02-14,252.0,-1.0259%,-0.0002,0.9102,-0.2856,0.5435,0.9036%,1.2795%,50.1224%,-0.003841,HIG,82775.0,2019-02-15,252.0,1.0158%,-0.0002,0.9132,-0.2831,0.5482,0.9031%,1.2794%,50.1724%,-0.002123,HIG,82775.0,2019-02-19,252.0,0.8003%,-0.0002,0.9172,-0.2837,0.5471,0.9019%,1.2805%,50.3835%,0.005345,HIG,0.0240959999999999,0.0168879999999999,0.0288019999999999,0.031928,0.0274769999999999
32779,HARMONIC INC,Harmonic shares are trading lower after the company reported it sees FY19 EPS of $(0.54) to $0.02 versus the $0.23 estimate.,6,decrease,0.85,0.7,"the company's projected fy19 eps is significantly lower than the analyst estimate, which is likely to lead to a negative reaction from investors.",0,2019-02-04,HLIT,2019-02-04 22:20:00+00:00,81621.0,41316010,0.0169491823762655,557327.0,-0.0796296820044517,0.0037807147018611,0.0583501905202865,0.0251938216388225,0.0171102043241262,0.0038910470902919,0.0018692016601562,0.0058707892894744,0.0,-0.0019530765712261,-0.0149253588169813,0.0301811061799526,0.0075757498852908,0.0247422456741333,0.0150375794619321,0.0020660643931478,0.0166666060686111,-0.0472440496087074,-0.025500888004899,0.024193525314331,-0.0037383141461759,0.0290456153452396,0.0225140508264303,0.0041666626930236,0.0165137909352779,0.0278372839093208,-0.0072202095761895,-0.0270833559334278,-0.003636360168457,-0.0082644550129771,0.0091241225600242,-0.0358565412461757,-0.0018083596369251,0.0019959583878517,-0.0072463699616491,0.0266393665224313,0.0091241225600242,0.0082644550129771,0.0090415393933653,0.0707964971661567,-0.0017920703394338,-0.060291051864624,-0.0089766941964626,0.0190678294748067,0.016304375603795,0.0128755243495106,0.0071301176212728,0.0174672324210405,0.001769867609255,-0.0171673670411109,0.0,0.0196935832500457,0.0,-0.0086767813190817,-0.008833872154355,-0.0233050137758255,0.0089126043021678,-0.0386965498328208,0.0017668249784037,-0.014056259766221,-0.001763708773069,-0.0020039584487676,0.0035335656721144,-0.0310680232942104,-0.0246478654444217,-0.0498154945671558,0.014440419152379,-0.0018415750237181,0.0142348622903227,0.0111731737852096,-0.0087718795984983,0.0366795472800731,-0.0283186417073011,0.0176816638559103,-0.0127504002302885,-0.0643382146954536,0.0313653275370597,-0.0072992630302906,0.0053666783496737,-0.0616438575088977,0.0053381156176328,0.0391459539532661,-0.003539819503203,-0.0017762396018952,0.0088809439912438,-0.0376068018376827,0.0,0.0465115830302238,0.0017606037436053,-0.0035650588106364,0.0,0.0017857551574707,-0.0035149350296705,0.0053859483450651,0.0017636247212067,0.0220184158533811,-0.0052816434763371,-0.0232975110411644,0.0,-0.066889651119709,0.0053096869960427,-0.011570275761187,-0.0035211234353482,-0.0065681380219757,0.0017668249784037,0.0269815064966678,-0.0035273334942758,0.0154109029099345,0.003539819503203,-0.0135135008022189,-0.0052910423837602,-0.0067114029079675,0.0,-0.0016750004142522,0.0,0.0050504598766565,0.003546095918864,-0.0181818399578332,-0.0141342626884579,-0.0178570877760648,-0.0796296820044517,0.0037807147018611,-0.0259258986001947,0.0290697869925495,-0.0092592916984044,0.0330739459929343,-0.0074073975216627,0.0371093875998203,-0.0092592926614295,0.0705644976943307,0.0499999995396445,0.0662650440468997,0.0333333032006659,-0.1379870050981143,2019-02-05,2019-02-06,2019-02-07,2019-02-08,2019-02-11,2019-02-12,2019-02-13,2019-02-14,2019-02-15,2019-02-19,81621.0,2019-02-04,252.0,1.6949%,0.0018,0.8648,0.7712,-0.1363,2.7910%,2.9997%,13.4289%,0.006325,HLIT,81621.0,2019-02-05,252.0,-7.9630%,0.0017,0.8206,0.7868,-0.1264,2.8234%,3.0118%,12.1244%,-0.083649,HLIT,81621.0,2019-02-06,252.0,5.8350%,0.0018,0.8596,0.7732,-0.0799,2.8429%,3.0327%,12.1255%,0.060223,HLIT,81621.0,2019-02-07,252.0,1.7110%,0.0018,0.8436,0.7831,-0.0754,2.8451%,3.0294%,11.7987%,0.0263209999999999,HLIT,81621.0,2019-02-08,252.0,0.1869%,0.0019,0.8434,0.7989,-0.0657,2.8431%,3.0277%,11.8205%,9.8e-05,HLIT,81621.0,2019-02-11,252.0,0.0000%,0.0022,0.7394,0.8865,-0.0729,2.7991%,2.9580%,10.4565%,-0.006402,HLIT,81621.0,2019-02-12,252.0,-1.4925%,0.0021,0.7196,0.8917,-0.0839,2.8039%,2.9589%,10.2030%,-0.025382,HLIT,81621.0,2019-02-13,252.0,0.7576%,0.002,0.7165,0.898,-0.082,2.8035%,2.9579%,10.1648%,0.004985,HLIT,81621.0,2019-02-14,252.0,1.5038%,0.002,0.7137,0.9027,-0.086,2.8034%,2.9578%,10.1688%,0.011297,HLIT,81621.0,2019-02-15,252.0,1.6667%,0.0021,0.7292,0.9171,-0.0602,2.8019%,2.9591%,10.3441%,0.006658,HLIT,81621.0,2019-02-19,252.0,-2.5501%,0.0021,0.733,0.8832,-0.0987,2.8012%,2.9601%,10.4494%,-0.0294649999999999,HLIT,-0.077324,-0.0171009999999999,0.0092199999999999,0.002916,-0.028991
32787,HARMONIC INC,"Harmonic Sees Q1 EPS $(0.20)-$(0.09), Net Sales $80M-$90M; FY19 EPS $(0.54)-$0.02, Sales $390M-$440M",6,decrease,0.8,0.7,"the projected losses for q1 and fy19 suggest weaker financial performance, which is likely to negatively impact investor sentiment and lead to a decrease in stock price.",0,2019-02-04,HLIT,2019-02-04 21:12:00+00:00,81621.0,41316010,0.0169491823762655,557327.0,-0.0796296820044517,0.0037807147018611,0.0583501905202865,0.0251938216388225,0.0171102043241262,0.0038910470902919,0.0018692016601562,0.0058707892894744,0.0,-0.0019530765712261,-0.0149253588169813,0.0301811061799526,0.0075757498852908,0.0247422456741333,0.0150375794619321,0.0020660643931478,0.0166666060686111,-0.0472440496087074,-0.025500888004899,0.024193525314331,-0.0037383141461759,0.0290456153452396,0.0225140508264303,0.0041666626930236,0.0165137909352779,0.0278372839093208,-0.0072202095761895,-0.0270833559334278,-0.003636360168457,-0.0082644550129771,0.0091241225600242,-0.0358565412461757,-0.0018083596369251,0.0019959583878517,-0.0072463699616491,0.0266393665224313,0.0091241225600242,0.0082644550129771,0.0090415393933653,0.0707964971661567,-0.0017920703394338,-0.060291051864624,-0.0089766941964626,0.0190678294748067,0.016304375603795,0.0128755243495106,0.0071301176212728,0.0174672324210405,0.001769867609255,-0.0171673670411109,0.0,0.0196935832500457,0.0,-0.0086767813190817,-0.008833872154355,-0.0233050137758255,0.0089126043021678,-0.0386965498328208,0.0017668249784037,-0.014056259766221,-0.001763708773069,-0.0020039584487676,0.0035335656721144,-0.0310680232942104,-0.0246478654444217,-0.0498154945671558,0.014440419152379,-0.0018415750237181,0.0142348622903227,0.0111731737852096,-0.0087718795984983,0.0366795472800731,-0.0283186417073011,0.0176816638559103,-0.0127504002302885,-0.0643382146954536,0.0313653275370597,-0.0072992630302906,0.0053666783496737,-0.0616438575088977,0.0053381156176328,0.0391459539532661,-0.003539819503203,-0.0017762396018952,0.0088809439912438,-0.0376068018376827,0.0,0.0465115830302238,0.0017606037436053,-0.0035650588106364,0.0,0.0017857551574707,-0.0035149350296705,0.0053859483450651,0.0017636247212067,0.0220184158533811,-0.0052816434763371,-0.0232975110411644,0.0,-0.066889651119709,0.0053096869960427,-0.011570275761187,-0.0035211234353482,-0.0065681380219757,0.0017668249784037,0.0269815064966678,-0.0035273334942758,0.0154109029099345,0.003539819503203,-0.0135135008022189,-0.0052910423837602,-0.0067114029079675,0.0,-0.0016750004142522,0.0,0.0050504598766565,0.003546095918864,-0.0181818399578332,-0.0141342626884579,-0.0178570877760648,-0.0796296820044517,0.0037807147018611,-0.0259258986001947,0.0290697869925495,-0.0092592916984044,0.0330739459929343,-0.0074073975216627,0.0371093875998203,-0.0092592926614295,0.0705644976943307,0.0499999995396445,0.0662650440468997,0.0333333032006659,-0.1379870050981143,2019-02-05,2019-02-06,2019-02-07,2019-02-08,2019-02-11,2019-02-12,2019-02-13,2019-02-14,2019-02-15,2019-02-19,81621.0,2019-02-04,252.0,1.6949%,0.0018,0.8648,0.7712,-0.1363,2.7910%,2.9997%,13.4289%,0.006325,HLIT,81621.0,2019-02-05,252.0,-7.9630%,0.0017,0.8206,0.7868,-0.1264,2.8234%,3.0118%,12.1244%,-0.083649,HLIT,81621.0,2019-02-06,252.0,5.8350%,0.0018,0.8596,0.7732,-0.0799,2.8429%,3.0327%,12.1255%,0.060223,HLIT,81621.0,2019-02-07,252.0,1.7110%,0.0018,0.8436,0.7831,-0.0754,2.8451%,3.0294%,11.7987%,0.0263209999999999,HLIT,81621.0,2019-02-08,252.0,0.1869%,0.0019,0.8434,0.7989,-0.0657,2.8431%,3.0277%,11.8205%,9.8e-05,HLIT,81621.0,2019-02-11,252.0,0.0000%,0.0022,0.7394,0.8865,-0.0729,2.7991%,2.9580%,10.4565%,-0.006402,HLIT,81621.0,2019-02-12,252.0,-1.4925%,0.0021,0.7196,0.8917,-0.0839,2.8039%,2.9589%,10.2030%,-0.025382,HLIT,81621.0,2019-02-13,252.0,0.7576%,0.002,0.7165,0.898,-0.082,2.8035%,2.9579%,10.1648%,0.004985,HLIT,81621.0,2019-02-14,252.0,1.5038%,0.002,0.7137,0.9027,-0.086,2.8034%,2.9578%,10.1688%,0.011297,HLIT,81621.0,2019-02-15,252.0,1.6667%,0.0021,0.7292,0.9171,-0.0602,2.8019%,2.9591%,10.3441%,0.006658,HLIT,81621.0,2019-02-19,252.0,-2.5501%,0.0021,0.733,0.8832,-0.0987,2.8012%,2.9601%,10.4494%,-0.0294649999999999,HLIT,-0.077324,-0.0171009999999999,0.0092199999999999,0.002916,-0.028991
32795,HARMONIC INC,"Harmonic Q4 EPS $0.11 Beats $0.05 Estimate, Sales $113.7M Beat $112.95M Estimate",6,increase,0.8,0.7,"the earnings per share and sales both exceeded analyst estimates, which typically signals positive performance and can lead to an increase in stock price.",2,2019-02-04,HLIT,2019-02-04 21:11:00+00:00,81621.0,41316010,0.0169491823762655,557327.0,-0.0796296820044517,0.0037807147018611,0.0583501905202865,0.0251938216388225,0.0171102043241262,0.0038910470902919,0.0018692016601562,0.0058707892894744,0.0,-0.0019530765712261,-0.0149253588169813,0.0301811061799526,0.0075757498852908,0.0247422456741333,0.0150375794619321,0.0020660643931478,0.0166666060686111,-0.0472440496087074,-0.025500888004899,0.024193525314331,-0.0037383141461759,0.0290456153452396,0.0225140508264303,0.0041666626930236,0.0165137909352779,0.0278372839093208,-0.0072202095761895,-0.0270833559334278,-0.003636360168457,-0.0082644550129771,0.0091241225600242,-0.0358565412461757,-0.0018083596369251,0.0019959583878517,-0.0072463699616491,0.0266393665224313,0.0091241225600242,0.0082644550129771,0.0090415393933653,0.0707964971661567,-0.0017920703394338,-0.060291051864624,-0.0089766941964626,0.0190678294748067,0.016304375603795,0.0128755243495106,0.0071301176212728,0.0174672324210405,0.001769867609255,-0.0171673670411109,0.0,0.0196935832500457,0.0,-0.0086767813190817,-0.008833872154355,-0.0233050137758255,0.0089126043021678,-0.0386965498328208,0.0017668249784037,-0.014056259766221,-0.001763708773069,-0.0020039584487676,0.0035335656721144,-0.0310680232942104,-0.0246478654444217,-0.0498154945671558,0.014440419152379,-0.0018415750237181,0.0142348622903227,0.0111731737852096,-0.0087718795984983,0.0366795472800731,-0.0283186417073011,0.0176816638559103,-0.0127504002302885,-0.0643382146954536,0.0313653275370597,-0.0072992630302906,0.0053666783496737,-0.0616438575088977,0.0053381156176328,0.0391459539532661,-0.003539819503203,-0.0017762396018952,0.0088809439912438,-0.0376068018376827,0.0,0.0465115830302238,0.0017606037436053,-0.0035650588106364,0.0,0.0017857551574707,-0.0035149350296705,0.0053859483450651,0.0017636247212067,0.0220184158533811,-0.0052816434763371,-0.0232975110411644,0.0,-0.066889651119709,0.0053096869960427,-0.011570275761187,-0.0035211234353482,-0.0065681380219757,0.0017668249784037,0.0269815064966678,-0.0035273334942758,0.0154109029099345,0.003539819503203,-0.0135135008022189,-0.0052910423837602,-0.0067114029079675,0.0,-0.0016750004142522,0.0,0.0050504598766565,0.003546095918864,-0.0181818399578332,-0.0141342626884579,-0.0178570877760648,-0.0796296820044517,0.0037807147018611,-0.0259258986001947,0.0290697869925495,-0.0092592916984044,0.0330739459929343,-0.0074073975216627,0.0371093875998203,-0.0092592926614295,0.0705644976943307,0.0499999995396445,0.0662650440468997,0.0333333032006659,-0.1379870050981143,2019-02-05,2019-02-06,2019-02-07,2019-02-08,2019-02-11,2019-02-12,2019-02-13,2019-02-14,2019-02-15,2019-02-19,81621.0,2019-02-04,252.0,1.6949%,0.0018,0.8648,0.7712,-0.1363,2.7910%,2.9997%,13.4289%,0.006325,HLIT,81621.0,2019-02-05,252.0,-7.9630%,0.0017,0.8206,0.7868,-0.1264,2.8234%,3.0118%,12.1244%,-0.083649,HLIT,81621.0,2019-02-06,252.0,5.8350%,0.0018,0.8596,0.7732,-0.0799,2.8429%,3.0327%,12.1255%,0.060223,HLIT,81621.0,2019-02-07,252.0,1.7110%,0.0018,0.8436,0.7831,-0.0754,2.8451%,3.0294%,11.7987%,0.0263209999999999,HLIT,81621.0,2019-02-08,252.0,0.1869%,0.0019,0.8434,0.7989,-0.0657,2.8431%,3.0277%,11.8205%,9.8e-05,HLIT,81621.0,2019-02-11,252.0,0.0000%,0.0022,0.7394,0.8865,-0.0729,2.7991%,2.9580%,10.4565%,-0.006402,HLIT,81621.0,2019-02-12,252.0,-1.4925%,0.0021,0.7196,0.8917,-0.0839,2.8039%,2.9589%,10.2030%,-0.025382,HLIT,81621.0,2019-02-13,252.0,0.7576%,0.002,0.7165,0.898,-0.082,2.8035%,2.9579%,10.1648%,0.004985,HLIT,81621.0,2019-02-14,252.0,1.5038%,0.002,0.7137,0.9027,-0.086,2.8034%,2.9578%,10.1688%,0.011297,HLIT,81621.0,2019-02-15,252.0,1.6667%,0.0021,0.7292,0.9171,-0.0602,2.8019%,2.9591%,10.3441%,0.006658,HLIT,81621.0,2019-02-19,252.0,-2.5501%,0.0021,0.733,0.8832,-0.0987,2.8012%,2.9601%,10.4494%,-0.0294649999999999,HLIT,-0.077324,-0.0171009999999999,0.0092199999999999,0.002916,-0.028991
32803,SCHEIN HENRY INC,"On Feb 1, Covetrus, Inc Filed Certificate Of Amendment Changing Name Of Co From 'HS Spinco, Inc.' To 'Covetrus, Inc.'",6,uncertain,0.5,0.5,"the news pertains to covetrus, inc. and does not directly indicate any changes or impacts related to schein henry inc, making the effect on its stock price uncertain.",1,2019-02-04,HSIC,2019-02-04 11:15:00+00:00,82581.0,80640710,0.0155360512435436,1761031.0,0.0156807210296392,-0.0059201945550739,0.01368148624897,-0.0014137079706415,-0.0132491290569305,0.0136789390817284,-0.0519011244177818,0.0018271910957992,0.0209636148065328,-0.0081553040072321,0.010266582481563,0.008485659956932,0.0177020467817783,-0.0039012099150568,0.0045095630921423,-0.0074858260340988,0.0003206743276678,-0.0229508150368928,0.0115403309464454,0.0130302030593156,-0.0465853661298751,-0.0212553702294826,-0.0031576971523463,-0.0142962289974093,-0.0006669042049907,0.0150112202391028,-0.00183511513751,0.0022567741107195,-0.0223967935889959,0.0035228834021836,-0.0015387270832434,0.0404503718018531,0.0154109196737408,0.0135331908240914,0.0129848308861255,0.0164531525224447,-0.0051606688648462,-0.0046979659236967,-0.0148928947746753,0.0098956674337387,-0.0198742691427469,-0.0342977195978164,-0.0051992936059832,-0.0271268133074045,0.0203832425177097,0.0077001857571303,0.0232200883328914,0.0014137079706415,-0.0036709697451442,0.0047778291627764,0.007368991151452,0.041420143097639,-0.0174564085900783,-0.0210636984556913,0.0032149313483387,-0.0155521584674716,0.0082644270732998,-0.0160672608762979,0.0120441829785704,-0.0089725656434893,-0.0062810094095766,-0.0076498701237142,0.0182967782020568,-0.0096870195120573,-0.0231950655579567,-0.0390261858701705,-0.0155518446117639,-0.0156250204890966,0.0079837134107947,0.0054334877058863,-0.0092686088755726,-0.0104032652452588,0.0017009435687214,0.0045796073973178,0.0207166112959384,-0.0267428159713745,0.014639844186604,-0.0269127916544675,-0.0052468189969658,-0.005309771746397,-0.0018130344105884,0.013452966697514,0.0132100265473127,0.0006730711320415,0.0223272312432527,0.0106576243415474,-0.0175354443490505,0.0106565868481993,0.0058413208462297,0.0332701578736305,-0.0024197697639465,0.0061948611401021,-0.0147153921425342,-0.0073320143856108,0.0139504093676805,-0.0008271262631751,0.001780521357432,-0.018782639876008,-0.0090482719242572,0.0020913246553391,-0.0097831776365637,0.0003486608329694,0.0126790786162018,0.0070224539376795,-0.0016259914264082,0.0061234608292579,0.0302931070327758,0.0008249816601164,0.0145431868731975,-0.0067892055958509,-0.0056092333979904,-0.0177072659134864,0.0101849185302853,-0.0041223014704883,-0.0152008607983589,0.0457430183887481,0.0089777270331978,-0.0143986921757459,-0.02528877556324,0.0146090434864163,0.0156807210296392,-0.0059201945550739,0.0295767428477502,-0.0073255330994852,0.0159357477077461,0.0062532004612341,-0.0166001480858246,-0.0001294778884498,0.0276927618129649,-0.0132856533089205,-0.0148088822939842,-0.0238847420459278,0.0167823487325966,-0.0750808800315918,2019-02-05,2019-02-06,2019-02-07,2019-02-08,2019-02-11,2019-02-12,2019-02-13,2019-02-14,2019-02-15,2019-02-19,82581.0,2019-02-04,252.0,1.5536%,0.0004,0.8255,-0.0836,0.2951,1.4137%,1.6682%,28.1908%,0.011301,HSIC,82581.0,2019-02-05,252.0,1.5681%,0.0005,0.8302,-0.0868,0.2912,1.4157%,1.6691%,28.0596%,0.0137349999999999,HSIC,82581.0,2019-02-06,252.0,1.3681%,0.0005,0.8311,-0.0873,0.294,1.4187%,1.6567%,26.6634%,0.015195,HSIC,82581.0,2019-02-07,252.0,-1.3249%,0.0004,0.8273,-0.0793,0.2914,1.4181%,1.6523%,26.3334%,-0.00688,HSIC,82581.0,2019-02-08,252.0,-5.1901%,0.0003,0.836,-0.0626,0.3388,1.4537%,1.6842%,25.4957%,-0.050696,HSIC,82581.0,2019-02-11,252.0,2.0964%,0.0004,0.8397,-0.0403,0.3528,1.4586%,1.6789%,24.5238%,0.019327,HSIC,82581.0,2019-02-12,252.0,1.0267%,0.0004,0.8391,-0.0403,0.3525,1.4586%,1.6783%,24.4642%,-0.000645,HSIC,82581.0,2019-02-13,252.0,1.7702%,0.0004,0.8436,-0.042,0.3558,1.4612%,1.6814%,24.4807%,0.0150299999999999,HSIC,82581.0,2019-02-14,252.0,0.4510%,0.0007,0.8463,-0.0351,0.3406,1.3961%,1.6276%,26.4160%,0.008463,HSIC,82581.0,2019-02-15,252.0,0.0321%,0.0007,0.8384,-0.0435,0.3261,1.3980%,1.6249%,25.9775%,-0.01089,HSIC,82581.0,2019-02-19,252.0,1.1540%,0.0007,0.8431,-0.0427,0.3266,1.3977%,1.6263%,26.1420%,0.008995,HSIC,0.025036,0.040231,0.033351,0.001982,0.0229349999999999
32811,INTERCEPT PHARMACEUTICALS INC,Intercept Pharmaceuticals shares are trading higher after Raymond James upgraded the stock from Outperform to Strong Buy.,6,increase,0.8,0.7,"upgrades from analysts typically signal positive sentiment and can lead to increased investor interest, likely driving the stock price higher.",2,2019-02-04,ICPT,2019-02-04 16:51:00+00:00,13643.0,45845P10,0.0287257619202137,884601.0,-0.002750702900812,-0.0336426720023155,-0.0081076668575406,0.0389118157327175,-0.0205611772835254,0.0339119285345077,0.0229716785252094,-0.0299602933228015,-0.0131203122437,-0.0312003623694181,-0.0536048524081707,0.0266209207475185,-0.0063035078346729,0.0526077896356582,0.0077027501538395,-0.0027044357266277,-0.0034172416198998,-0.0222123991698026,0.0609095841646194,-0.0018476747209206,-0.1576932966709137,0.025812279433012,-0.0727052092552185,-0.0113321729004383,0.0165522880852222,0.0300551149994134,0.0095340050756931,-0.0084753511473536,-0.0157045386731624,-0.0287661515176296,0.0,-0.0006191923166625,0.0752479061484336,0.0201227515935897,0.0696812197566032,0.0094735007733106,-0.0192145742475986,0.0725940465927124,0.0294342692941427,0.0763487443327903,-0.0303565189242363,-0.0222108345478773,-0.0197223331779241,-0.0351225398480892,-0.0141615094617009,0.0716639831662178,0.038735844194889,0.0108555685728788,0.0175489168614149,-0.0197029039263725,0.0210891366004943,0.0976061299443245,0.0184504725039005,-0.0463217943906784,0.0200991742312908,-0.0702419877052307,0.0033574593253433,-0.0517308413982391,-0.0140013769268989,-0.0365373939275741,0.0100026354193687,0.0144458906725049,0.0182156264781951,-0.0258309487253427,-0.046026948839426,-0.000740070361644,-0.0046427142806351,-0.0235772412270307,0.0183830447494983,0.0584185943007469,-0.0453524515032768,-0.0132088083773851,0.0035747624933719,0.0364756062626838,0.0485564321279525,-0.0425989665091037,-0.0032183141447603,0.008402562700212,0.0221524778753519,-0.0277217198163271,0.0122839473187923,-0.0177621599286794,0.0024269635323435,0.0069911410100758,0.0119325313717126,-0.0343678630888462,0.0269161891192197,0.0496962442994117,-0.0148943327367305,-0.0232808664441108,0.0193428583443164,0.0016206023283302,-0.1320019960403442,0.0122117586433887,-0.0910739973187446,0.0279157217592001,-0.031089162454009,0.0281228758394718,-0.0059620928950607,0.0110029689967632,-0.027917094528675,0.0180412344634532,-0.0197442471981048,0.0450636968016624,-0.0042343228124082,-0.0415053144097328,0.0404550805687904,-0.0005953910876996,0.0077322940342128,-0.0738902762532234,-0.0254302266985178,-0.0437648594379425,0.0087729021906852,-0.0058535574935376,-0.0146059216931462,0.0465392358601093,-0.0248924754559993,-0.0069008856080472,-0.0041773105040192,0.0052943332120776,-0.002750702900812,-0.0336426720023155,-0.0108360679756087,0.0039600462766915,-0.0311744429444313,0.0380062676175279,-0.0219221872742217,-0.024508577119117,-0.0200050116225412,0.0260425726589343,-0.0666833271692421,0.0925614116254536,-0.2846545073639437,0.0645367385593176,2019-02-05,2019-02-06,2019-02-07,2019-02-08,2019-02-11,2019-02-12,2019-02-13,2019-02-14,2019-02-15,2019-02-19,13643.0,2019-02-04,252.0,2.8726%,0.0027,1.7218,1.4266,-0.9766,2.6690%,3.6021%,45.0993%,0.004899,ICPT,13643.0,2019-02-05,252.0,-0.2751%,0.0025,1.7608,1.4464,-0.9215,2.6563%,3.6017%,45.6083%,-0.014973,ICPT,13643.0,2019-02-06,252.0,-0.8108%,0.0025,1.7369,1.4542,-0.9459,2.6550%,3.5760%,44.8783%,-0.003544,ICPT,13643.0,2019-02-07,252.0,-2.0561%,0.0025,1.7316,1.4616,-0.9471,2.6543%,3.5735%,44.8280%,0.001071,ICPT,13643.0,2019-02-08,252.0,2.2972%,0.0027,1.7283,1.5017,-0.9345,2.6386%,3.5625%,45.1424%,0.014047,ICPT,13643.0,2019-02-11,252.0,-1.3120%,0.0027,1.6849,1.5076,-0.9541,2.6371%,3.5225%,43.9522%,-0.023402,ICPT,13643.0,2019-02-12,252.0,-5.3605%,0.0024,1.6409,1.5045,-0.976,2.6860%,3.5399%,42.4263%,-0.078543,ICPT,13643.0,2019-02-13,252.0,-0.6304%,0.0024,1.6448,1.4923,-0.9815,2.6861%,3.5403%,42.4351%,-0.0112179999999999,ICPT,13643.0,2019-02-14,252.0,0.7703%,0.0025,1.6482,1.4909,-0.9837,2.6779%,3.5367%,42.6667%,-0.002396,ICPT,13643.0,2019-02-15,252.0,-0.3417%,0.0023,1.6141,1.4577,-1.0425,2.6781%,3.5253%,42.2870%,-0.021147,ICPT,13643.0,2019-02-19,252.0,6.0910%,0.0023,1.6075,1.5158,-0.9765,2.6763%,3.5085%,41.8127%,0.056643,ICPT,-0.010074,-0.013618,-0.0125469999999999,-0.0219019999999999,-0.078563
32819,INTERCEPT PHARMACEUTICALS INC,Raymond James Upgrades Intercept Pharmaceuticals to Strong Buy,6,increase,0.8,0.7,"upgrades from reputable financial institutions like raymond james typically signal positive sentiment and can lead to increased investor interest, likely driving the stock price up.",2,2019-02-04,ICPT,2019-02-04 12:41:00+00:00,13643.0,45845P10,0.0287257619202137,884601.0,-0.002750702900812,-0.0336426720023155,-0.0081076668575406,0.0389118157327175,-0.0205611772835254,0.0339119285345077,0.0229716785252094,-0.0299602933228015,-0.0131203122437,-0.0312003623694181,-0.0536048524081707,0.0266209207475185,-0.0063035078346729,0.0526077896356582,0.0077027501538395,-0.0027044357266277,-0.0034172416198998,-0.0222123991698026,0.0609095841646194,-0.0018476747209206,-0.1576932966709137,0.025812279433012,-0.0727052092552185,-0.0113321729004383,0.0165522880852222,0.0300551149994134,0.0095340050756931,-0.0084753511473536,-0.0157045386731624,-0.0287661515176296,0.0,-0.0006191923166625,0.0752479061484336,0.0201227515935897,0.0696812197566032,0.0094735007733106,-0.0192145742475986,0.0725940465927124,0.0294342692941427,0.0763487443327903,-0.0303565189242363,-0.0222108345478773,-0.0197223331779241,-0.0351225398480892,-0.0141615094617009,0.0716639831662178,0.038735844194889,0.0108555685728788,0.0175489168614149,-0.0197029039263725,0.0210891366004943,0.0976061299443245,0.0184504725039005,-0.0463217943906784,0.0200991742312908,-0.0702419877052307,0.0033574593253433,-0.0517308413982391,-0.0140013769268989,-0.0365373939275741,0.0100026354193687,0.0144458906725049,0.0182156264781951,-0.0258309487253427,-0.046026948839426,-0.000740070361644,-0.0046427142806351,-0.0235772412270307,0.0183830447494983,0.0584185943007469,-0.0453524515032768,-0.0132088083773851,0.0035747624933719,0.0364756062626838,0.0485564321279525,-0.0425989665091037,-0.0032183141447603,0.008402562700212,0.0221524778753519,-0.0277217198163271,0.0122839473187923,-0.0177621599286794,0.0024269635323435,0.0069911410100758,0.0119325313717126,-0.0343678630888462,0.0269161891192197,0.0496962442994117,-0.0148943327367305,-0.0232808664441108,0.0193428583443164,0.0016206023283302,-0.1320019960403442,0.0122117586433887,-0.0910739973187446,0.0279157217592001,-0.031089162454009,0.0281228758394718,-0.0059620928950607,0.0110029689967632,-0.027917094528675,0.0180412344634532,-0.0197442471981048,0.0450636968016624,-0.0042343228124082,-0.0415053144097328,0.0404550805687904,-0.0005953910876996,0.0077322940342128,-0.0738902762532234,-0.0254302266985178,-0.0437648594379425,0.0087729021906852,-0.0058535574935376,-0.0146059216931462,0.0465392358601093,-0.0248924754559993,-0.0069008856080472,-0.0041773105040192,0.0052943332120776,-0.002750702900812,-0.0336426720023155,-0.0108360679756087,0.0039600462766915,-0.0311744429444313,0.0380062676175279,-0.0219221872742217,-0.024508577119117,-0.0200050116225412,0.0260425726589343,-0.0666833271692421,0.0925614116254536,-0.2846545073639437,0.0645367385593176,2019-02-05,2019-02-06,2019-02-07,2019-02-08,2019-02-11,2019-02-12,2019-02-13,2019-02-14,2019-02-15,2019-02-19,13643.0,2019-02-04,252.0,2.8726%,0.0027,1.7218,1.4266,-0.9766,2.6690%,3.6021%,45.0993%,0.004899,ICPT,13643.0,2019-02-05,252.0,-0.2751%,0.0025,1.7608,1.4464,-0.9215,2.6563%,3.6017%,45.6083%,-0.014973,ICPT,13643.0,2019-02-06,252.0,-0.8108%,0.0025,1.7369,1.4542,-0.9459,2.6550%,3.5760%,44.8783%,-0.003544,ICPT,13643.0,2019-02-07,252.0,-2.0561%,0.0025,1.7316,1.4616,-0.9471,2.6543%,3.5735%,44.8280%,0.001071,ICPT,13643.0,2019-02-08,252.0,2.2972%,0.0027,1.7283,1.5017,-0.9345,2.6386%,3.5625%,45.1424%,0.014047,ICPT,13643.0,2019-02-11,252.0,-1.3120%,0.0027,1.6849,1.5076,-0.9541,2.6371%,3.5225%,43.9522%,-0.023402,ICPT,13643.0,2019-02-12,252.0,-5.3605%,0.0024,1.6409,1.5045,-0.976,2.6860%,3.5399%,42.4263%,-0.078543,ICPT,13643.0,2019-02-13,252.0,-0.6304%,0.0024,1.6448,1.4923,-0.9815,2.6861%,3.5403%,42.4351%,-0.0112179999999999,ICPT,13643.0,2019-02-14,252.0,0.7703%,0.0025,1.6482,1.4909,-0.9837,2.6779%,3.5367%,42.6667%,-0.002396,ICPT,13643.0,2019-02-15,252.0,-0.3417%,0.0023,1.6141,1.4577,-1.0425,2.6781%,3.5253%,42.2870%,-0.021147,ICPT,13643.0,2019-02-19,252.0,6.0910%,0.0023,1.6075,1.5158,-0.9765,2.6763%,3.5085%,41.8127%,0.056643,ICPT,-0.010074,-0.013618,-0.0125469999999999,-0.0219019999999999,-0.078563
32827,INTUIT INC,Intuit shares are trading higher after Morgan Stanley upgraded the stock from Underweight to Equal-Weight.,6,increase,0.8,0.6,"upgrading a stock from underweight to equal-weight typically signals improved outlook and can lead to increased investor interest, driving the stock price higher.",2,2019-02-04,INTU,2019-02-04 16:38:00+00:00,78975.0,46120210,0.0301236044615507,2255824.0,0.0162057019770145,-0.0063479305244982,0.0004008924006484,0.0080336341634392,-0.0160744525492191,0.0276964642107486,0.017468437552452,-0.0128879472613334,0.0028465925715863,-0.0151656549423933,0.0154788019135594,0.0100867236033082,-0.001616048044525,-0.00037694038474,0.0095804827287793,-0.0004708997148554,0.0110061904415488,-0.0071538728661835,0.0056145959533751,0.0101072089746594,0.0057111037895083,0.0082860616967082,-0.003983567468822,0.0008579568821005,0.0676935017108917,0.0227151047438383,-0.0128317577764391,-0.0048508369363844,0.0048038205131888,0.0004367482324596,0.0037764750886708,0.0167768374085426,-0.0108865369111299,-0.0030918279662728,0.0132723618298769,0.0239709988236427,-0.0056307800114154,0.0152551298961043,-0.0076706972904503,0.0396774634718895,-0.0007284498424269,-0.030595963820815,-0.0059941313229501,-0.0120904482901096,0.0018335664644837,0.0051059480756521,0.0189522877335548,-0.0070472490042448,-0.0009578919271007,0.0230290573090314,0.0133839026093483,0.0549931749701499,0.0123003954067826,-0.0164684224873781,0.0052966307848691,-0.0325419157743454,-0.0015883611049503,-0.0179475881159305,-0.0064411130733788,-0.0129207968711853,-0.0002733424480538,0.003240667283535,0.0180866029113531,-0.0171203278005123,-0.0304658226668834,-0.0360295996069908,0.0045512472279369,-0.0035375766456127,0.0085096471011638,0.0148949204012751,-0.0023829080164432,-0.0032883249223232,0.0150364013388752,0.0213868729770183,0.0084484312683343,-0.0429685488343238,0.0166022572666406,0.0187816489487886,0.0094450041651725,-0.0274916179478168,0.0030566493514925,-0.0047079408541321,-0.0239704996347427,0.0255270153284072,-0.0035410753916949,0.001292381202802,-0.0035919083748012,0.0511698015034198,-0.0053306329064071,-0.0132558746263384,0.0007338835275731,0.0221770871430635,0.0019298313418403,-0.0068043894134461,0.0018105520866811,0.0164975989609956,0.0031531467102468,-0.0203774981200695,-0.0110779460519552,-0.0576995685696601,-0.0066669299267232,-0.0144494781270623,0.0058532017283141,0.0246441308408975,0.0148194413632154,-0.0162563025951385,0.0156351402401924,-0.0001409253600286,-0.0061727799475193,-0.0418598502874374,-0.0007575072231702,-0.0047930805012583,-0.038887184113264,0.0061294417828321,-0.023069666698575,0.0382779985666275,0.0134420618414878,-0.0034508742392063,-0.0287182014435529,0.0068551353178918,0.0162057019770145,-0.0063479305244982,0.0166130911204327,0.0016347066874122,0.0002715922263023,0.0293764464934238,0.0206418787842395,0.0006999250553976,0.0621067452944459,0.0128465555095129,0.1591145423517743,0.0848802961243244,0.1058470882044961,0.0092372153976381,2019-02-05,2019-02-06,2019-02-07,2019-02-08,2019-02-11,2019-02-12,2019-02-13,2019-02-14,2019-02-15,2019-02-19,78975.0,2019-02-04,252.0,3.0124%,0.0009,1.0661,-0.1227,-1.0152,0.9424%,1.8090%,72.8607%,0.018349,INTU,78975.0,2019-02-05,252.0,1.6206%,0.0009,1.0707,-0.1227,-1.0131,0.9422%,1.8089%,72.8721%,0.005332,INTU,78975.0,2019-02-06,252.0,0.0401%,0.0009,1.0739,-0.1238,-1.0096,0.9422%,1.7940%,72.4150%,0.003353,INTU,78975.0,2019-02-07,252.0,-1.6074%,0.0009,1.0753,-0.1242,-1.0104,0.9424%,1.7934%,72.3864%,-0.00241,INTU,78975.0,2019-02-08,252.0,1.7468%,0.0009,1.0741,-0.134,-1.022,0.9424%,1.7962%,72.4727%,0.009491,INTU,78975.0,2019-02-11,252.0,0.2847%,0.001,1.0641,-0.1197,-1.0195,0.9412%,1.7629%,71.4948%,0.0044779999999999,INTU,78975.0,2019-02-12,252.0,1.5479%,0.0009,1.0552,-0.1095,-1.0259,0.9373%,1.7571%,71.5435%,-0.000803,INTU,78975.0,2019-02-13,252.0,-0.1616%,0.0009,1.0563,-0.1134,-1.0277,0.9375%,1.7553%,71.4755%,-0.003887,INTU,78975.0,2019-02-14,252.0,0.9580%,0.0009,1.0555,-0.1102,-1.032,0.9371%,1.7560%,71.5190%,0.006327,INTU,78975.0,2019-02-15,252.0,1.1006%,0.0009,1.0438,-0.1204,-1.0506,0.9313%,1.7487%,71.6385%,0.004208,INTU,78975.0,2019-02-19,252.0,0.5615%,0.0009,1.0411,-0.111,-1.0398,0.9286%,1.7376%,71.4373%,0.007032,INTU,0.023681,0.027034,0.024624,0.038593,0.05147
32835,INTUIT INC,"Morgan Stanley Drops Bearish Intuit Stance, Points To Tax Season Catalysts",6,increase,0.8,0.6,"morgan stanley's shift from a bearish stance suggests a more positive outlook for intuit, likely driven by anticipated catalysts from the tax season, which could boost investor sentiment and stock price.",2,2019-02-04,INTU,2019-02-04 15:50:00+00:00,78975.0,46120210,0.0301236044615507,2255824.0,0.0162057019770145,-0.0063479305244982,0.0004008924006484,0.0080336341634392,-0.0160744525492191,0.0276964642107486,0.017468437552452,-0.0128879472613334,0.0028465925715863,-0.0151656549423933,0.0154788019135594,0.0100867236033082,-0.001616048044525,-0.00037694038474,0.0095804827287793,-0.0004708997148554,0.0110061904415488,-0.0071538728661835,0.0056145959533751,0.0101072089746594,0.0057111037895083,0.0082860616967082,-0.003983567468822,0.0008579568821005,0.0676935017108917,0.0227151047438383,-0.0128317577764391,-0.0048508369363844,0.0048038205131888,0.0004367482324596,0.0037764750886708,0.0167768374085426,-0.0108865369111299,-0.0030918279662728,0.0132723618298769,0.0239709988236427,-0.0056307800114154,0.0152551298961043,-0.0076706972904503,0.0396774634718895,-0.0007284498424269,-0.030595963820815,-0.0059941313229501,-0.0120904482901096,0.0018335664644837,0.0051059480756521,0.0189522877335548,-0.0070472490042448,-0.0009578919271007,0.0230290573090314,0.0133839026093483,0.0549931749701499,0.0123003954067826,-0.0164684224873781,0.0052966307848691,-0.0325419157743454,-0.0015883611049503,-0.0179475881159305,-0.0064411130733788,-0.0129207968711853,-0.0002733424480538,0.003240667283535,0.0180866029113531,-0.0171203278005123,-0.0304658226668834,-0.0360295996069908,0.0045512472279369,-0.0035375766456127,0.0085096471011638,0.0148949204012751,-0.0023829080164432,-0.0032883249223232,0.0150364013388752,0.0213868729770183,0.0084484312683343,-0.0429685488343238,0.0166022572666406,0.0187816489487886,0.0094450041651725,-0.0274916179478168,0.0030566493514925,-0.0047079408541321,-0.0239704996347427,0.0255270153284072,-0.0035410753916949,0.001292381202802,-0.0035919083748012,0.0511698015034198,-0.0053306329064071,-0.0132558746263384,0.0007338835275731,0.0221770871430635,0.0019298313418403,-0.0068043894134461,0.0018105520866811,0.0164975989609956,0.0031531467102468,-0.0203774981200695,-0.0110779460519552,-0.0576995685696601,-0.0066669299267232,-0.0144494781270623,0.0058532017283141,0.0246441308408975,0.0148194413632154,-0.0162563025951385,0.0156351402401924,-0.0001409253600286,-0.0061727799475193,-0.0418598502874374,-0.0007575072231702,-0.0047930805012583,-0.038887184113264,0.0061294417828321,-0.023069666698575,0.0382779985666275,0.0134420618414878,-0.0034508742392063,-0.0287182014435529,0.0068551353178918,0.0162057019770145,-0.0063479305244982,0.0166130911204327,0.0016347066874122,0.0002715922263023,0.0293764464934238,0.0206418787842395,0.0006999250553976,0.0621067452944459,0.0128465555095129,0.1591145423517743,0.0848802961243244,0.1058470882044961,0.0092372153976381,2019-02-05,2019-02-06,2019-02-07,2019-02-08,2019-02-11,2019-02-12,2019-02-13,2019-02-14,2019-02-15,2019-02-19,78975.0,2019-02-04,252.0,3.0124%,0.0009,1.0661,-0.1227,-1.0152,0.9424%,1.8090%,72.8607%,0.018349,INTU,78975.0,2019-02-05,252.0,1.6206%,0.0009,1.0707,-0.1227,-1.0131,0.9422%,1.8089%,72.8721%,0.005332,INTU,78975.0,2019-02-06,252.0,0.0401%,0.0009,1.0739,-0.1238,-1.0096,0.9422%,1.7940%,72.4150%,0.003353,INTU,78975.0,2019-02-07,252.0,-1.6074%,0.0009,1.0753,-0.1242,-1.0104,0.9424%,1.7934%,72.3864%,-0.00241,INTU,78975.0,2019-02-08,252.0,1.7468%,0.0009,1.0741,-0.134,-1.022,0.9424%,1.7962%,72.4727%,0.009491,INTU,78975.0,2019-02-11,252.0,0.2847%,0.001,1.0641,-0.1197,-1.0195,0.9412%,1.7629%,71.4948%,0.0044779999999999,INTU,78975.0,2019-02-12,252.0,1.5479%,0.0009,1.0552,-0.1095,-1.0259,0.9373%,1.7571%,71.5435%,-0.000803,INTU,78975.0,2019-02-13,252.0,-0.1616%,0.0009,1.0563,-0.1134,-1.0277,0.9375%,1.7553%,71.4755%,-0.003887,INTU,78975.0,2019-02-14,252.0,0.9580%,0.0009,1.0555,-0.1102,-1.032,0.9371%,1.7560%,71.5190%,0.006327,INTU,78975.0,2019-02-15,252.0,1.1006%,0.0009,1.0438,-0.1204,-1.0506,0.9313%,1.7487%,71.6385%,0.004208,INTU,78975.0,2019-02-19,252.0,0.5615%,0.0009,1.0411,-0.111,-1.0398,0.9286%,1.7376%,71.4373%,0.007032,INTU,0.023681,0.027034,0.024624,0.038593,0.05147
32843,INTUIT INC,Morgan Stanley Upgrades Intuit to Equal-Weight,6,increase,0.7,0.5,"upgrades from reputable firms like morgan stanley typically signal positive sentiment towards a stock, which can lead to an increase in its price.",2,2019-02-04,INTU,2019-02-04 11:34:00+00:00,78975.0,46120210,0.0301236044615507,2255824.0,0.0162057019770145,-0.0063479305244982,0.0004008924006484,0.0080336341634392,-0.0160744525492191,0.0276964642107486,0.017468437552452,-0.0128879472613334,0.0028465925715863,-0.0151656549423933,0.0154788019135594,0.0100867236033082,-0.001616048044525,-0.00037694038474,0.0095804827287793,-0.0004708997148554,0.0110061904415488,-0.0071538728661835,0.0056145959533751,0.0101072089746594,0.0057111037895083,0.0082860616967082,-0.003983567468822,0.0008579568821005,0.0676935017108917,0.0227151047438383,-0.0128317577764391,-0.0048508369363844,0.0048038205131888,0.0004367482324596,0.0037764750886708,0.0167768374085426,-0.0108865369111299,-0.0030918279662728,0.0132723618298769,0.0239709988236427,-0.0056307800114154,0.0152551298961043,-0.0076706972904503,0.0396774634718895,-0.0007284498424269,-0.030595963820815,-0.0059941313229501,-0.0120904482901096,0.0018335664644837,0.0051059480756521,0.0189522877335548,-0.0070472490042448,-0.0009578919271007,0.0230290573090314,0.0133839026093483,0.0549931749701499,0.0123003954067826,-0.0164684224873781,0.0052966307848691,-0.0325419157743454,-0.0015883611049503,-0.0179475881159305,-0.0064411130733788,-0.0129207968711853,-0.0002733424480538,0.003240667283535,0.0180866029113531,-0.0171203278005123,-0.0304658226668834,-0.0360295996069908,0.0045512472279369,-0.0035375766456127,0.0085096471011638,0.0148949204012751,-0.0023829080164432,-0.0032883249223232,0.0150364013388752,0.0213868729770183,0.0084484312683343,-0.0429685488343238,0.0166022572666406,0.0187816489487886,0.0094450041651725,-0.0274916179478168,0.0030566493514925,-0.0047079408541321,-0.0239704996347427,0.0255270153284072,-0.0035410753916949,0.001292381202802,-0.0035919083748012,0.0511698015034198,-0.0053306329064071,-0.0132558746263384,0.0007338835275731,0.0221770871430635,0.0019298313418403,-0.0068043894134461,0.0018105520866811,0.0164975989609956,0.0031531467102468,-0.0203774981200695,-0.0110779460519552,-0.0576995685696601,-0.0066669299267232,-0.0144494781270623,0.0058532017283141,0.0246441308408975,0.0148194413632154,-0.0162563025951385,0.0156351402401924,-0.0001409253600286,-0.0061727799475193,-0.0418598502874374,-0.0007575072231702,-0.0047930805012583,-0.038887184113264,0.0061294417828321,-0.023069666698575,0.0382779985666275,0.0134420618414878,-0.0034508742392063,-0.0287182014435529,0.0068551353178918,0.0162057019770145,-0.0063479305244982,0.0166130911204327,0.0016347066874122,0.0002715922263023,0.0293764464934238,0.0206418787842395,0.0006999250553976,0.0621067452944459,0.0128465555095129,0.1591145423517743,0.0848802961243244,0.1058470882044961,0.0092372153976381,2019-02-05,2019-02-06,2019-02-07,2019-02-08,2019-02-11,2019-02-12,2019-02-13,2019-02-14,2019-02-15,2019-02-19,78975.0,2019-02-04,252.0,3.0124%,0.0009,1.0661,-0.1227,-1.0152,0.9424%,1.8090%,72.8607%,0.018349,INTU,78975.0,2019-02-05,252.0,1.6206%,0.0009,1.0707,-0.1227,-1.0131,0.9422%,1.8089%,72.8721%,0.005332,INTU,78975.0,2019-02-06,252.0,0.0401%,0.0009,1.0739,-0.1238,-1.0096,0.9422%,1.7940%,72.4150%,0.003353,INTU,78975.0,2019-02-07,252.0,-1.6074%,0.0009,1.0753,-0.1242,-1.0104,0.9424%,1.7934%,72.3864%,-0.00241,INTU,78975.0,2019-02-08,252.0,1.7468%,0.0009,1.0741,-0.134,-1.022,0.9424%,1.7962%,72.4727%,0.009491,INTU,78975.0,2019-02-11,252.0,0.2847%,0.001,1.0641,-0.1197,-1.0195,0.9412%,1.7629%,71.4948%,0.0044779999999999,INTU,78975.0,2019-02-12,252.0,1.5479%,0.0009,1.0552,-0.1095,-1.0259,0.9373%,1.7571%,71.5435%,-0.000803,INTU,78975.0,2019-02-13,252.0,-0.1616%,0.0009,1.0563,-0.1134,-1.0277,0.9375%,1.7553%,71.4755%,-0.003887,INTU,78975.0,2019-02-14,252.0,0.9580%,0.0009,1.0555,-0.1102,-1.032,0.9371%,1.7560%,71.5190%,0.006327,INTU,78975.0,2019-02-15,252.0,1.1006%,0.0009,1.0438,-0.1204,-1.0506,0.9313%,1.7487%,71.6385%,0.004208,INTU,78975.0,2019-02-19,252.0,0.5615%,0.0009,1.0411,-0.111,-1.0398,0.9286%,1.7376%,71.4373%,0.007032,INTU,0.023681,0.027034,0.024624,0.038593,0.05147
32851,INVESTAR HOLDING CORP,"Investar Reports Receipt Of Necessary Regulatory Approvals From FDIC, Louisiana Office Of Financial Institutions Related To Pending Acquisition Of Mainland Bank",6,increase,0.8,0.6,"the receipt of necessary regulatory approvals is a positive development for investar holding corp, as it moves forward with its acquisition plans, which could enhance its growth prospects and investor confidence.",2,2019-02-04,ISTR,2019-02-04 23:01:00+00:00,14810.0,46134L10,-0.0225752890110015,22078.0,0.0179640762507915,0.037294041365385,-0.009243668988347,-0.0178875681012868,-0.0110263032838702,0.0253275074064731,-0.0068610571324825,-0.0474210157990455,0.0215889457613229,0.0216744672507047,0.0008453279151581,0.056104127317667,0.020270250737667,-0.0396551750600338,0.0244205370545387,0.0197802539914846,0.000404049642384,-0.0117289507761597,0.008481384254992,0.0092065325006842,-0.0200240295380353,-0.0272921659052372,0.0126686301082372,-0.0134623339399695,0.0108958249911665,-0.0012604529038071,-0.0267465114593505,-0.0124481804668903,0.009844203479588,0.0181664675474166,0.0,0.0038168004248291,-0.0113728949800133,-0.0096597876399755,0.0024650560226291,0.0004201777046546,-0.0258196387439966,0.0084745278581976,-0.0063104592263698,-0.0042194253765046,-0.0046570957638323,-0.0250925011932849,-0.0127605758607387,-0.0197580549865961,-0.0004307764756958,0.0044551924802362,0.0172413624823093,0.0052824025042355,-0.0029660887084901,0.0275574047118425,-0.0055249072611331,0.0431185401976108,-0.0055555198341608,0.0536942705512046,-0.0116029419004917,-0.019351864233613,0.0030434650834649,-0.059271864593029,-0.019939275458455,-0.0315702557563781,0.0291906166821718,0.0099378786981105,-0.0107434466481208,0.0147058991715312,-0.0321459509432315,-0.0301549173891544,0.0040395040996372,-0.0376470237970352,0.0102816065773367,0.0594100691378116,0.0150442542508244,-0.0497433952987194,0.0130775598809123,0.0011857979698106,-0.0228055380284786,-0.0078431675210595,0.0061647426337003,0.0232744757086038,-0.0236324239522218,-0.0378378219902515,0.0017929590540006,0.0306406877934932,0.0089484946802258,-0.0160533171147108,0.0023281597532331,0.0365260355174541,-0.0039911377243697,-0.0183267332613468,-0.0048975381068885,-0.0094711827114224,0.0089484946802258,-0.0159223247319459,0.0230598878115415,0.0193982496857643,0.0099696377292275,0.0206060707569122,-0.0199570879340171,0.0176809336990118,0.0019706625025719,-0.0291416998952627,0.0139860846102237,0.0052166595123708,-0.0086207222193479,-0.002801108174026,-0.0191304571926593,0.0117408502846956,-0.0026595508679747,-0.0287062339484691,-0.0088889226317405,0.0075277551077306,0.0224215257912874,-0.0015823146095499,0.004385981708765,-0.0167249478399753,0.0104803396388888,0.0251195840537548,0.006050185766071,-0.0187793243676424,-0.014175253920257,-0.0199386682361364,0.0179640762507915,0.037294041365385,0.0085543532879006,0.0187393735594025,-0.0025662728897193,0.0445415025884941,0.0119760770915258,0.0165745579462024,0.0680068523152008,0.0486628942033229,-0.0329340723097562,-0.0172840749037134,-0.0161063789803858,-0.0809646898301946,2019-02-05,2019-02-06,2019-02-07,2019-02-08,2019-02-11,2019-02-12,2019-02-13,2019-02-14,2019-02-15,2019-02-19,14810.0,2019-02-04,252.0,-2.2575%,-0.0001,0.7653,1.1234,0.4615,1.9700%,2.1849%,18.7030%,-0.031605,ISTR,14810.0,2019-02-05,252.0,1.7964%,0.0,0.7647,1.1166,0.4484,1.9734%,2.1851%,18.4389%,0.018241,ISTR,14810.0,2019-02-06,252.0,-0.9244%,0.0001,0.7219,1.1306,0.405,1.9672%,2.1634%,17.3102%,-0.007863,ISTR,14810.0,2019-02-07,252.0,-1.1026%,0.0001,0.7239,1.13,0.404,1.9674%,2.1644%,17.3711%,-0.004523,ISTR,14810.0,2019-02-08,252.0,-0.6861%,0.0001,0.7246,1.1389,0.4129,1.9670%,2.1647%,17.4278%,-0.00539,ISTR,14810.0,2019-02-11,252.0,2.1589%,0.0001,0.7193,1.1601,0.4216,1.9681%,2.1648%,17.3489%,0.012008,ISTR,14810.0,2019-02-12,252.0,0.0845%,0.0,0.6994,1.1792,0.408,1.9619%,2.1567%,17.2543%,-0.0085519999999999,ISTR,14810.0,2019-02-13,252.0,2.0270%,0.0001,0.7005,1.1843,0.4131,1.9647%,2.1601%,17.2695%,0.0172189999999999,ISTR,14810.0,2019-02-14,252.0,2.4421%,0.0002,0.6958,1.1964,0.3991,1.9692%,2.1653%,17.2948%,0.0220299999999999,ISTR,14810.0,2019-02-15,252.0,0.0404%,0.0002,0.6972,1.1963,0.3995,1.9694%,2.1651%,17.2654%,-0.0124649999999999,ISTR,14810.0,2019-02-19,252.0,0.8481%,0.0002,0.6977,1.1975,0.4008,1.9694%,2.1656%,17.2977%,0.002389,ISTR,-0.013364,-0.021227,-0.02575,-0.019132,0.0014889999999999
32859,GARTNER INC,Gartner Q4 Earnings Preview,6,uncertain,0.5,0.5,the impact on gartner inc's stock price is uncertain as it depends on the actual earnings results and market expectations.,1,2019-02-04,IT,2019-02-04 18:34:00+00:00,79698.0,36665110,0.035492293536663,1640135.0,-0.015706805512309,0.0180292651057243,0.0142552806064486,0.0147860180586576,-0.0269911251962184,0.0147003289312124,-0.002946377499029,-0.0015886781038716,0.0136225987225771,0.0023507815785706,0.0054042129777371,0.0115057146176695,0.000707306782715,0.002769022481516,0.007562315557152,0.0010008440585806,0.0055415863171219,0.0010790764354169,-0.0119986124336719,0.0048795980401337,-0.0037421362940222,7.74167783674784e-05,0.0049609988927841,0.0007752411183901,0.0035260929726064,0.0133542567491531,0.0002108136250171,-0.0140190348029136,0.0055504338815808,0.0067841163836419,0.0051705250516533,0.0101615488529205,-0.0108438590541482,-0.0117547074332833,0.0185523498803377,0.0167801994830369,-0.0073133539408445,-0.0001583117409609,-0.0026411237195134,0.0257325936108827,-0.0054355314932763,-0.0211362428963184,-0.0072169196791946,-0.0155663164332509,-0.0031053880229592,0.0169437378644943,0.0206017959862947,0.0012743610423058,0.0006242808885872,-0.0221961922943592,0.0047139874659478,0.0433934368193149,-0.0055198222398757,-0.0268859844654798,0.0063136639073491,-0.0205251444131135,0.0149614829570055,-0.0122408848255872,-0.0006793431239202,-0.014253388158977,-0.0044864634983241,-0.0055496492423117,0.0132468584924936,-0.0416158139705658,-0.0167126879096031,-0.0357612371444702,0.0013021893100813,-0.0033844832796603,0.0132784880697727,0.0069550704210996,0.003039801493287,0.0036998169962316,0.0104383304715156,-0.0045169834047555,0.0109304152429103,-0.027045302093029,0.0217563509941101,-0.0135396439582109,-0.0121305305510759,-0.0249724369496107,0.0009144310024566,0.0037861599121242,0.0020881758537143,0.0002612376410979,0.0099635245278477,-0.0037080883048474,0.0094783753156661,0.0393509641289711,0.0002555476967245,0.0055751432664692,0.0043422263115644,0.0065010394901037,0.0073754047043621,0.0008219326264224,0.0059328605420887,0.0138879250735044,0.0034507955424487,-0.0091509688645601,-0.0073156896978616,-0.012300357222557,-0.013794326223433,0.0105761503800749,0.004023693036288,0.0193209275603294,0.0057252491824328,-0.0179430805146694,0.0087285870686173,-0.0004122976679354,6.276502244872972e-05,-0.0143592189997434,-0.0090915551409125,0.0058591132983565,0.0053151836618781,0.0083120930939912,-0.0070494106039404,0.02362703345716,0.0076699210330843,0.0096556656062603,-0.0156633667647838,-0.00830805208534,-0.015706805512309,0.0180292651057243,-0.0016754298258693,0.0330818642038195,-0.0286213332859003,0.0482685074204858,-0.0182896682830141,0.0490634815919197,-0.0113088652110108,0.0714893928355682,0.0269459048861639,0.043288006090737,0.0923559944946239,-0.0259804456518781,2019-02-05,2019-02-06,2019-02-07,2019-02-08,2019-02-11,2019-02-12,2019-02-13,2019-02-14,2019-02-15,2019-02-19,79698.0,2019-02-04,252.0,3.5492%,0.0002,0.9011,0.0332,-0.1671,1.1059%,1.5338%,48.0155%,0.0281179999999999,IT,79698.0,2019-02-05,252.0,-1.5707%,0.0001,0.8946,0.0385,-0.16,1.1125%,1.5280%,46.9891%,-0.020658,IT,79698.0,2019-02-06,252.0,1.4255%,0.0002,0.8645,0.0479,-0.1875,1.1117%,1.4952%,44.7252%,0.016239,IT,79698.0,2019-02-07,252.0,-2.6991%,0.0004,0.8972,0.0141,-0.1878,1.0755%,1.4904%,47.9269%,-0.018257,IT,79698.0,2019-02-08,252.0,-0.2946%,0.0005,0.8972,0.0461,-0.1667,1.0548%,1.4717%,48.6277%,-0.005157,IT,79698.0,2019-02-11,252.0,1.3623%,0.0006,0.8855,0.0733,-0.1581,1.0552%,1.4472%,46.8362%,0.012346,IT,79698.0,2019-02-12,252.0,0.5404%,0.0005,0.8822,0.072,-0.1595,1.0562%,1.4461%,46.6519%,-0.007022,IT,79698.0,2019-02-13,252.0,0.0707%,0.0005,0.8767,0.0803,-0.1586,1.0540%,1.4388%,46.3402%,-0.001794,IT,79698.0,2019-02-14,252.0,0.7562%,0.0005,0.8749,0.0843,-0.1629,1.0550%,1.4392%,46.2646%,0.0079659999999999,IT,79698.0,2019-02-15,252.0,0.5542%,0.0005,0.8718,0.081,-0.1685,1.0553%,1.4372%,46.0829%,-0.003874,IT,79698.0,2019-02-19,252.0,-1.1999%,0.0006,0.8793,0.0578,-0.1953,1.0380%,1.4329%,47.5233%,-0.013484,IT,0.0074599999999999,0.0236989999999999,0.0054419999999999,0.0126309999999999,-0.005577
32867,J D COM INC,Today's pickup: Drone Deliveries For Good And Profit; Bad Day To Bring Beer,6,uncertain,0.5,0.5,"the mention of drone deliveries could indicate innovation and potential growth for j d com inc, but the context of 'bad day to bring beer' introduces ambiguity that may negatively impact sentiment.",1,2019-02-04,JD,2019-02-04 16:38:00+00:00,14655.0,47215P10,-0.0138042327016592,9050680.0,0.0465211644768714,-0.0088531672954559,-0.0121951010078191,0.008522767573595,-0.045002032071352,0.0476190000772476,0.000417023722548,-0.0084316553547978,0.0120884086936712,0.0038087242282927,0.0164744481444358,0.0692307129502296,-0.0028362923767417,0.0059172087348997,-0.0113775162026286,0.0133763374760747,-0.0152075970545411,-0.0679277703166008,0.0283806473016738,0.050587210804224,0.0016234138747677,-0.0085087567567825,-0.0166126359254121,0.003595502115786,0.0692212730646133,0.0095280883833765,0.0092485453933477,-0.0367132127285003,0.0152729898691177,-0.0222222413867712,-0.0233170688152313,-0.0122414901852607,0.0670003816485405,0.0322439968585968,0.0368098318576812,0.0083480020985007,0.0055690864101052,0.0220026839524507,0.01592249982059,0.0943489000201225,-0.0109028853476047,-0.0432534106075763,-0.0409920960664749,0.0162446312606334,-0.0283764693886041,-0.035928089171648,0.0210721492767334,0.0004607521404977,0.0177407581359148,0.0284360367804765,0.0007114390027709,0.0683544501662254,-0.0085318088531494,-0.0630929768085479,0.0014342386275529,0.0587644428014755,0.0075187641195952,-0.0128904422745108,0.0060412255115807,-0.0413498468697071,-0.0081243216991424,-0.0145198814570903,0.0242165345698595,-0.036986906081438,-0.0264255981892347,-0.0237780287861824,0.0139285493642091,0.0374600142240524,0.0147939445450902,0.0468675047159194,0.0121485730633139,0.0195026621222496,0.0085733886808156,-0.0200668927282095,0.0251615028828382,-0.0141309108585119,0.0368159413337707,-0.0102564664557576,-0.0310300476849079,-0.0254429560154676,0.0006602360517717,0.036740493029356,-0.0019795270636677,0.0123986760154366,0.032727263867855,-0.0191767942160368,-0.014404572546482,0.0259116608649492,0.003572546178475,0.0185728780925273,-0.0236245803534984,0.0617539472877979,0.0009943880140781,-0.0526056885719299,0.0122516201809048,0.0436121299862861,-0.0297677423804998,-0.0767409205436706,0.0084288604557514,-0.0841648057103157,-0.0020060001406818,-0.0475207231938839,0.0053601288236677,0.0632689148187637,-0.0119960214942693,0.0165252722799778,0.0043845218606293,0.0172648411244154,-0.004029578063637,0.0142856892198324,-0.0144976498559117,-0.0312499497085809,-0.0034211557358503,-0.0693809762597084,0.0252317413687706,0.0199152249842882,0.0135610476136207,-0.0227742958813905,-0.0023125105071812,0.0041580200195312,0.0465211644768714,-0.0088531672954559,0.0337587331692554,-0.0004058532090102,-0.0127625104948675,0.0471938205442461,-0.0004117019756806,0.0423190862104583,0.0144091572041227,0.1124661134963729,0.1655001385799797,0.1706272830370554,0.2433099889969847,0.0241164061148686,2019-02-05,2019-02-06,2019-02-07,2019-02-08,2019-02-11,2019-02-12,2019-02-13,2019-02-14,2019-02-15,2019-02-19,14655.0,2019-02-04,252.0,-1.3804%,-0.0026,1.335,-0.0282,-0.8659,2.3553%,2.9508%,36.2871%,-0.027509,JD,14655.0,2019-02-05,252.0,4.6521%,-0.0024,1.3314,-0.0432,-0.8959,2.3673%,2.9607%,36.0661%,0.035463,JD,14655.0,2019-02-06,252.0,-1.2195%,-0.0025,1.3668,-0.0545,-0.8619,2.3639%,2.9556%,36.0318%,-0.0087429999999999,JD,14655.0,2019-02-07,252.0,-4.5002%,-0.0026,1.3807,-0.0608,-0.8674,2.3686%,2.9671%,36.2770%,-0.029101,JD,14655.0,2019-02-08,252.0,0.0417%,-0.0026,1.3813,-0.0555,-0.8613,2.3685%,2.9661%,36.2348%,-0.00688,JD,14655.0,2019-02-11,252.0,1.2088%,-0.0025,1.3974,-0.0506,-0.8501,2.3695%,2.9530%,35.6133%,0.012402,JD,14655.0,2019-02-12,252.0,1.6474%,-0.0026,1.3963,-0.0502,-0.8508,2.3695%,2.9531%,35.6160%,-0.004066,JD,14655.0,2019-02-13,252.0,-0.2836%,-0.0026,1.3961,-0.0514,-0.8519,2.3696%,2.9503%,35.4900%,-0.00622,JD,14655.0,2019-02-14,252.0,-1.1378%,-0.0027,1.3976,-0.0577,-0.8432,2.3686%,2.9480%,35.4425%,-0.013219,JD,14655.0,2019-02-15,252.0,-1.5208%,-0.0029,1.3503,-0.1028,-0.9235,2.3611%,2.9294%,35.0387%,-0.026909,JD,14655.0,2019-02-19,252.0,2.8381%,-0.0027,1.3613,-0.0896,-0.9095,2.3678%,2.9354%,34.9341%,0.028784,JD,0.007954,-0.0007889999999999,-0.02989,-0.0243679999999999,-0.045998
32875,JINKOSOLAR HOLDING CO LTD,Roth Capital Upgrades JinkoSolar Holding Co to Buy,6,increase,0.8,0.7,"upgrades from analysts, especially to a 'buy' rating, typically signal positive sentiment and can lead to an increase in stock price as investors may view the stock as a more attractive investment.",2,2019-02-04,JKS,2019-02-04 17:08:00+00:00,93380.0,47759T10,0.0594059154391288,850756.0,-0.0124609880149364,-0.0906362682580947,0.0473186112940311,0.0484581179916858,-0.058433748781681,0.0412844121456146,0.0044785472564399,-0.031725887209177,0.0318471938371658,0.0341207645833492,-0.0018518941942602,0.1238937526941299,0.015460729598999,0.0787590071558952,0.006090157199651,0.0328676775097847,-0.0314770229160785,-0.0417322628200054,0.1612499952316284,-0.0208173058927059,-0.0387513078749179,0.0277337860316038,0.0257558263838291,0.0243506655097007,0.1430131494998932,0.0008122887811623,-0.0205348748713731,-0.0008116295211948,-0.0004875781887676,-0.0175438802689313,-0.0209756251424551,0.0672340393066406,0.0259093400090932,0.0244114845991134,0.0106847649440169,0.0061404081061482,-0.0783276855945587,0.0430008508265018,-0.0427528508007526,0.0821782052516937,-0.0920479595661163,-0.0088321100920438,0.0035992481280118,0.0303335916250944,-0.0035863399971276,0.0061038066633045,0.1049790009856224,-0.0120602902024984,0.0021714987233281,-0.0206692945212125,-0.0010833451524376,0.0694736689329147,0.0471799857914447,-0.0093847913667559,-0.0046608056873083,-0.0653021484613418,0.0364204347133636,-0.0393258482217788,0.0456827245652675,-0.0334841534495353,0.0345654971897602,-0.0089685590937733,-0.0900231376290321,-0.0193491876125335,-0.1259562075138092,-0.0997624844312667,0.0122521007433533,0.021018611267209,-0.0305475890636444,0.014766227453947,0.0095124766230583,0.0149874556809663,0.0371025390923023,0.0186599045991897,0.0221464727073907,-0.0008474770002067,0.0472222417593002,0.0378188490867614,0.0238726176321506,-0.0493311174213886,0.0295337624847888,0.0337078943848609,-0.0025164138060063,-0.0136402258649468,0.0025227621663361,-0.0233139619231224,-0.0005032827612012,0.0470793321728706,-0.0166163090616464,0.0769953653216362,-0.049155194312334,0.1550975441932678,-0.0753903985023498,0.0043572941794991,0.0314501449465751,0.03030308149755,0.0152456508949399,-0.016556354239583,0.0328142456710338,-0.0237068235874176,0.0247711893171072,0.0220264103263616,0.0,0.0509258769452571,0.0383604578673839,0.031026279553771,-0.0030364100821316,-0.061590164899826,0.0005075290100648,-0.0066740228794515,0.0010147365974262,-0.0120879784226417,0.003041123971343,-0.0491117388010025,-0.0186963528394699,-0.0041623269207775,0.0020596811082214,-0.0838894322514534,-0.0143884271383285,0.1694536805152893,-0.0124609880149364,-0.0906362682580947,0.0342679866308763,-0.0465702132479857,-0.0261681690728473,-0.0072084249798101,0.0093458907046679,-0.0059055192250435,0.1576324516151743,0.1680801328663077,0.2978193736897585,0.3710406688204537,0.1950156477112721,0.6889631290103109,2019-02-05,2019-02-06,2019-02-07,2019-02-08,2019-02-11,2019-02-12,2019-02-13,2019-02-14,2019-02-15,2019-02-19,93380.0,2019-02-04,252.0,5.9406%,-0.0003,1.5224,0.621,0.2825,3.7607%,4.1207%,16.7114%,0.046888,JKS,93380.0,2019-02-05,252.0,-1.2461%,-0.0004,1.5385,0.6325,0.3116,3.7603%,4.1204%,16.7125%,-0.016916,JKS,93380.0,2019-02-06,252.0,4.7319%,-0.0003,1.5947,0.6136,0.3739,3.7674%,4.1283%,16.7193%,0.050448,JKS,93380.0,2019-02-07,252.0,-5.8434%,-0.0003,1.6353,0.5806,0.3675,3.7640%,4.1410%,17.3796%,-0.044364,JKS,93380.0,2019-02-08,252.0,0.4479%,0.0002,1.6314,0.6755,0.4138,3.7047%,4.0850%,17.7513%,0.005152,JKS,93380.0,2019-02-11,252.0,3.1847%,0.0002,1.6394,0.7003,0.4314,3.7077%,4.0776%,17.3205%,0.024053,JKS,93380.0,2019-02-12,252.0,-0.1852%,0.0002,1.6408,0.681,0.4355,3.7077%,4.0775%,17.3162%,-0.023654,JKS,93380.0,2019-02-13,252.0,1.5461%,0.0003,1.6397,0.6869,0.439,3.7081%,4.0759%,17.2369%,0.010053,JKS,93380.0,2019-02-14,252.0,0.6090%,0.0003,1.6378,0.6914,0.4339,3.7084%,4.0760%,17.2261%,0.008408,JKS,93380.0,2019-02-15,252.0,-3.1477%,0.0001,1.602,0.6533,0.368,3.7238%,4.0771%,16.5773%,-0.053896,JKS,93380.0,2019-02-19,252.0,16.1250%,0.0006,1.6265,0.7585,0.4843,3.8466%,4.1942%,15.8916%,0.155108,JKS,0.029972,0.08042,0.036056,0.065261,0.16128
32883,JOHNSON OUTDOORS INC,Johnson Outdoors shares are trading lower after the company missed Q1 EPS estimates.,6,decrease,0.85,0.7,"missing eps estimates typically signals weaker financial performance, which can lead to a decline in investor confidence and a decrease in stock price.",0,2019-02-04,JOUT,2019-02-04 15:19:00+00:00,11775.0,47916710,-0.0480243824422359,171214.0,0.0295258983969688,-0.0062251109629869,0.0083578880876302,0.0009586415253579,-0.01657728664577,-0.0041368072852492,-0.0064452057704329,-0.0049081915058195,0.0287757739424705,-0.0120444307103753,0.0056588891893625,0.0017236071871593,0.0331189930438995,0.010769722983241,-0.0054466584697365,-0.0059823845513165,0.0333281345665454,-0.0495286732912063,-0.0006057073478586,0.0156534761190414,-0.0056061022914946,0.0316714383661747,0.0188938826322555,0.0260617583990097,0.009720261208713,-0.0100334612652659,-0.0174763090908527,-0.0384380109608173,-0.0039191213436424,0.0077160489745438,-0.0043886336497962,-0.0202599987387657,-0.0022800050210207,0.0261650905013084,0.0108165610581636,0.0003096893779002,0.0039186459034681,0.0614827834069728,0.0075063803233206,0.0280548203736543,-0.0070034451782703,-0.0268092285841703,-0.0003000696888193,0.0350697562098503,0.0219153258949518,0.0063389199785888,-0.0004406401130836,-0.0096708470955491,0.0183688458055257,0.0046020192094147,-0.0023088550660759,0.0106804296374321,0.0005785495741292,-0.021079258993268,0.014744097366929,-0.0033613573759794,-0.0028489595279097,-0.004017436876893,-0.004285757895559,-0.0163016282021999,-0.01004299800843,0.0033041592687368,0.0115942470729351,-0.01975710503757,-0.0435530208051204,0.0206611566245555,0.0215697232633829,-0.0216688252985477,0.0065983077511191,0.0111183831468224,0.0167516600340604,-0.0649748295545578,0.0100286090746521,0.0601297058165073,0.0121985906735062,-0.1135057136416435,0.0047645224258303,-0.0150014879181981,-0.026359824463725,-0.0331143699586391,0.0045838663354516,0.0249649193137884,0.0222444776445627,0.0064936014823615,0.0100432587787509,0.0220747198909521,0.0048335650935769,-0.0213216915726661,-0.0151181751862168,-0.0081232748925685,0.0154897226020693,0.0094726160168647,0.0085364552214741,0.0117293614894151,-0.0070989304222166,0.0164292659610509,-0.0015124515630304,0.0054084942676126,-0.0028917526360601,-0.027852764353156,-0.0013811088865622,-0.000142007775139,0.0015212364960461,-0.0190941151231527,-0.0109086018055677,0.0020949933677911,0.0194052699953317,-0.0076230498962104,0.0158861093223094,0.0057151336222887,-0.0017524568829685,-0.0224826484918594,0.0329506359994411,0.0017744642682373,0.0237939562648534,-0.0145277678966522,-0.0209424011409282,0.0014817860210314,0.0011739138280972,-0.021744780242443,0.0295258983969688,-0.0062251109629869,0.0381305606390878,-0.005272437087498,0.0209211727596396,-0.0093874333165926,0.0435295766602492,-0.0261223525006912,0.1135481615434701,-0.0537994611979572,0.175974293997807,0.0273635071649538,0.2975866746442128,-0.1777571479198253,2019-02-05,2019-02-06,2019-02-07,2019-02-08,2019-02-11,2019-02-12,2019-02-13,2019-02-14,2019-02-15,2019-02-19,11775.0,2019-02-04,252.0,-4.8024%,0.0002,0.6772,1.1008,0.0674,2.8433%,2.9952%,9.8856%,-0.0582629999999999,JOUT,11775.0,2019-02-05,252.0,2.9526%,-0.0005,0.8823,1.1617,0.2745,2.4233%,2.6583%,16.8984%,0.027799,JOUT,11775.0,2019-02-06,252.0,0.8358%,-0.0003,0.7789,1.1948,0.1739,2.3929%,2.6012%,15.3733%,0.010123,JOUT,11775.0,2019-02-07,252.0,-1.6577%,-0.0002,0.7925,1.1809,0.1736,2.3902%,2.6019%,15.6128%,-0.008559,JOUT,11775.0,2019-02-08,252.0,-0.6445%,-0.0002,0.7936,1.1832,0.1796,2.3905%,2.6021%,15.6055%,-0.006651,JOUT,11775.0,2019-02-11,252.0,2.8776%,-0.0001,0.7814,1.2213,0.1938,2.3924%,2.6012%,15.4131%,0.019343,JOUT,11775.0,2019-02-12,252.0,0.5659%,-0.0001,0.779,1.2207,0.1928,2.3925%,2.6013%,15.4091%,-0.004983,JOUT,11775.0,2019-02-13,252.0,3.3119%,0.0001,0.7915,1.2119,0.1985,2.3976%,2.6083%,15.5082%,0.02997,JOUT,11775.0,2019-02-14,252.0,-0.5447%,-0.0001,0.792,1.2061,0.2076,2.3934%,2.6031%,15.4609%,-0.009035,JOUT,11775.0,2019-02-15,252.0,3.3328%,0.0001,0.8236,1.2367,0.2618,2.3926%,2.6111%,16.0404%,0.020267,JOUT,11775.0,2019-02-19,252.0,-0.0606%,0.0002,0.8275,1.2251,0.2485,2.3906%,2.6103%,16.1278%,-0.006643,JOUT,-0.0304639999999999,-0.0203409999999999,-0.0288999999999999,-0.016208,0.013368
32891,JOHNSON OUTDOORS INC,Johnson Outdoors Says it Revenue Growth in 2019,6,increase,0.7,0.6,"revenue growth typically indicates a positive performance and can lead to increased investor confidence, potentially driving the stock price up.",2,2019-02-04,JOUT,2019-02-04 11:09:00+00:00,11775.0,47916710,-0.0480243824422359,171214.0,0.0295258983969688,-0.0062251109629869,0.0083578880876302,0.0009586415253579,-0.01657728664577,-0.0041368072852492,-0.0064452057704329,-0.0049081915058195,0.0287757739424705,-0.0120444307103753,0.0056588891893625,0.0017236071871593,0.0331189930438995,0.010769722983241,-0.0054466584697365,-0.0059823845513165,0.0333281345665454,-0.0495286732912063,-0.0006057073478586,0.0156534761190414,-0.0056061022914946,0.0316714383661747,0.0188938826322555,0.0260617583990097,0.009720261208713,-0.0100334612652659,-0.0174763090908527,-0.0384380109608173,-0.0039191213436424,0.0077160489745438,-0.0043886336497962,-0.0202599987387657,-0.0022800050210207,0.0261650905013084,0.0108165610581636,0.0003096893779002,0.0039186459034681,0.0614827834069728,0.0075063803233206,0.0280548203736543,-0.0070034451782703,-0.0268092285841703,-0.0003000696888193,0.0350697562098503,0.0219153258949518,0.0063389199785888,-0.0004406401130836,-0.0096708470955491,0.0183688458055257,0.0046020192094147,-0.0023088550660759,0.0106804296374321,0.0005785495741292,-0.021079258993268,0.014744097366929,-0.0033613573759794,-0.0028489595279097,-0.004017436876893,-0.004285757895559,-0.0163016282021999,-0.01004299800843,0.0033041592687368,0.0115942470729351,-0.01975710503757,-0.0435530208051204,0.0206611566245555,0.0215697232633829,-0.0216688252985477,0.0065983077511191,0.0111183831468224,0.0167516600340604,-0.0649748295545578,0.0100286090746521,0.0601297058165073,0.0121985906735062,-0.1135057136416435,0.0047645224258303,-0.0150014879181981,-0.026359824463725,-0.0331143699586391,0.0045838663354516,0.0249649193137884,0.0222444776445627,0.0064936014823615,0.0100432587787509,0.0220747198909521,0.0048335650935769,-0.0213216915726661,-0.0151181751862168,-0.0081232748925685,0.0154897226020693,0.0094726160168647,0.0085364552214741,0.0117293614894151,-0.0070989304222166,0.0164292659610509,-0.0015124515630304,0.0054084942676126,-0.0028917526360601,-0.027852764353156,-0.0013811088865622,-0.000142007775139,0.0015212364960461,-0.0190941151231527,-0.0109086018055677,0.0020949933677911,0.0194052699953317,-0.0076230498962104,0.0158861093223094,0.0057151336222887,-0.0017524568829685,-0.0224826484918594,0.0329506359994411,0.0017744642682373,0.0237939562648534,-0.0145277678966522,-0.0209424011409282,0.0014817860210314,0.0011739138280972,-0.021744780242443,0.0295258983969688,-0.0062251109629869,0.0381305606390878,-0.005272437087498,0.0209211727596396,-0.0093874333165926,0.0435295766602492,-0.0261223525006912,0.1135481615434701,-0.0537994611979572,0.175974293997807,0.0273635071649538,0.2975866746442128,-0.1777571479198253,2019-02-05,2019-02-06,2019-02-07,2019-02-08,2019-02-11,2019-02-12,2019-02-13,2019-02-14,2019-02-15,2019-02-19,11775.0,2019-02-04,252.0,-4.8024%,0.0002,0.6772,1.1008,0.0674,2.8433%,2.9952%,9.8856%,-0.0582629999999999,JOUT,11775.0,2019-02-05,252.0,2.9526%,-0.0005,0.8823,1.1617,0.2745,2.4233%,2.6583%,16.8984%,0.027799,JOUT,11775.0,2019-02-06,252.0,0.8358%,-0.0003,0.7789,1.1948,0.1739,2.3929%,2.6012%,15.3733%,0.010123,JOUT,11775.0,2019-02-07,252.0,-1.6577%,-0.0002,0.7925,1.1809,0.1736,2.3902%,2.6019%,15.6128%,-0.008559,JOUT,11775.0,2019-02-08,252.0,-0.6445%,-0.0002,0.7936,1.1832,0.1796,2.3905%,2.6021%,15.6055%,-0.006651,JOUT,11775.0,2019-02-11,252.0,2.8776%,-0.0001,0.7814,1.2213,0.1938,2.3924%,2.6012%,15.4131%,0.019343,JOUT,11775.0,2019-02-12,252.0,0.5659%,-0.0001,0.779,1.2207,0.1928,2.3925%,2.6013%,15.4091%,-0.004983,JOUT,11775.0,2019-02-13,252.0,3.3119%,0.0001,0.7915,1.2119,0.1985,2.3976%,2.6083%,15.5082%,0.02997,JOUT,11775.0,2019-02-14,252.0,-0.5447%,-0.0001,0.792,1.2061,0.2076,2.3934%,2.6031%,15.4609%,-0.009035,JOUT,11775.0,2019-02-15,252.0,3.3328%,0.0001,0.8236,1.2367,0.2618,2.3926%,2.6111%,16.0404%,0.020267,JOUT,11775.0,2019-02-19,252.0,-0.0606%,0.0002,0.8275,1.2251,0.2485,2.3906%,2.6103%,16.1278%,-0.006643,JOUT,-0.0304639999999999,-0.0203409999999999,-0.0288999999999999,-0.016208,0.013368
32899,JOHNSON OUTDOORS INC,"Johnson Outdoors Q1 EPS $0.35 Misses $0.39 Estimate, Sales $104.44M Beat $0.39 Estimate",6,uncertain,0.6,0.2,"while the sales beat expectations, the earnings miss could create mixed reactions among investors, leading to uncertainty in the stock price movement.",1,2019-02-04,JOUT,2019-02-04 11:08:00+00:00,11775.0,47916710,-0.0480243824422359,171214.0,0.0295258983969688,-0.0062251109629869,0.0083578880876302,0.0009586415253579,-0.01657728664577,-0.0041368072852492,-0.0064452057704329,-0.0049081915058195,0.0287757739424705,-0.0120444307103753,0.0056588891893625,0.0017236071871593,0.0331189930438995,0.010769722983241,-0.0054466584697365,-0.0059823845513165,0.0333281345665454,-0.0495286732912063,-0.0006057073478586,0.0156534761190414,-0.0056061022914946,0.0316714383661747,0.0188938826322555,0.0260617583990097,0.009720261208713,-0.0100334612652659,-0.0174763090908527,-0.0384380109608173,-0.0039191213436424,0.0077160489745438,-0.0043886336497962,-0.0202599987387657,-0.0022800050210207,0.0261650905013084,0.0108165610581636,0.0003096893779002,0.0039186459034681,0.0614827834069728,0.0075063803233206,0.0280548203736543,-0.0070034451782703,-0.0268092285841703,-0.0003000696888193,0.0350697562098503,0.0219153258949518,0.0063389199785888,-0.0004406401130836,-0.0096708470955491,0.0183688458055257,0.0046020192094147,-0.0023088550660759,0.0106804296374321,0.0005785495741292,-0.021079258993268,0.014744097366929,-0.0033613573759794,-0.0028489595279097,-0.004017436876893,-0.004285757895559,-0.0163016282021999,-0.01004299800843,0.0033041592687368,0.0115942470729351,-0.01975710503757,-0.0435530208051204,0.0206611566245555,0.0215697232633829,-0.0216688252985477,0.0065983077511191,0.0111183831468224,0.0167516600340604,-0.0649748295545578,0.0100286090746521,0.0601297058165073,0.0121985906735062,-0.1135057136416435,0.0047645224258303,-0.0150014879181981,-0.026359824463725,-0.0331143699586391,0.0045838663354516,0.0249649193137884,0.0222444776445627,0.0064936014823615,0.0100432587787509,0.0220747198909521,0.0048335650935769,-0.0213216915726661,-0.0151181751862168,-0.0081232748925685,0.0154897226020693,0.0094726160168647,0.0085364552214741,0.0117293614894151,-0.0070989304222166,0.0164292659610509,-0.0015124515630304,0.0054084942676126,-0.0028917526360601,-0.027852764353156,-0.0013811088865622,-0.000142007775139,0.0015212364960461,-0.0190941151231527,-0.0109086018055677,0.0020949933677911,0.0194052699953317,-0.0076230498962104,0.0158861093223094,0.0057151336222887,-0.0017524568829685,-0.0224826484918594,0.0329506359994411,0.0017744642682373,0.0237939562648534,-0.0145277678966522,-0.0209424011409282,0.0014817860210314,0.0011739138280972,-0.021744780242443,0.0295258983969688,-0.0062251109629869,0.0381305606390878,-0.005272437087498,0.0209211727596396,-0.0093874333165926,0.0435295766602492,-0.0261223525006912,0.1135481615434701,-0.0537994611979572,0.175974293997807,0.0273635071649538,0.2975866746442128,-0.1777571479198253,2019-02-05,2019-02-06,2019-02-07,2019-02-08,2019-02-11,2019-02-12,2019-02-13,2019-02-14,2019-02-15,2019-02-19,11775.0,2019-02-04,252.0,-4.8024%,0.0002,0.6772,1.1008,0.0674,2.8433%,2.9952%,9.8856%,-0.0582629999999999,JOUT,11775.0,2019-02-05,252.0,2.9526%,-0.0005,0.8823,1.1617,0.2745,2.4233%,2.6583%,16.8984%,0.027799,JOUT,11775.0,2019-02-06,252.0,0.8358%,-0.0003,0.7789,1.1948,0.1739,2.3929%,2.6012%,15.3733%,0.010123,JOUT,11775.0,2019-02-07,252.0,-1.6577%,-0.0002,0.7925,1.1809,0.1736,2.3902%,2.6019%,15.6128%,-0.008559,JOUT,11775.0,2019-02-08,252.0,-0.6445%,-0.0002,0.7936,1.1832,0.1796,2.3905%,2.6021%,15.6055%,-0.006651,JOUT,11775.0,2019-02-11,252.0,2.8776%,-0.0001,0.7814,1.2213,0.1938,2.3924%,2.6012%,15.4131%,0.019343,JOUT,11775.0,2019-02-12,252.0,0.5659%,-0.0001,0.779,1.2207,0.1928,2.3925%,2.6013%,15.4091%,-0.004983,JOUT,11775.0,2019-02-13,252.0,3.3119%,0.0001,0.7915,1.2119,0.1985,2.3976%,2.6083%,15.5082%,0.02997,JOUT,11775.0,2019-02-14,252.0,-0.5447%,-0.0001,0.792,1.2061,0.2076,2.3934%,2.6031%,15.4609%,-0.009035,JOUT,11775.0,2019-02-15,252.0,3.3328%,0.0001,0.8236,1.2367,0.2618,2.3926%,2.6111%,16.0404%,0.020267,JOUT,11775.0,2019-02-19,252.0,-0.0606%,0.0002,0.8275,1.2251,0.2485,2.3906%,2.6103%,16.1278%,-0.006643,JOUT,-0.0304639999999999,-0.0203409999999999,-0.0288999999999999,-0.016208,0.013368
32907,KEYCORP NEW,Wedbush Downgrades KeyCorp to Neutral,6,decrease,0.8,0.6,"a downgrade from wedbush typically signals reduced expectations for the company's performance, which can lead to a decline in stock price.",0,2019-02-04,KEY,2019-02-04 12:22:00+00:00,64995.0,49326710,-0.001803895458579,12454933.0,-0.0144578171893954,0.0097146239131689,0.0079461587592959,-0.0102163506671786,0.0351728275418281,-0.005973738618195,-0.0058582532219588,-0.0065282261930406,0.0029464436229318,0.0023795906454324,0.0123383710160851,-0.0041469014249742,-0.002901870990172,-0.0005920798867009,-0.0093131456524133,-0.0005917295347899,0.0287896450608968,0.0029673136305063,0.0131353251636028,0.0318432599306106,0.0118377106264233,-0.0250746309757232,-0.0139275761321187,0.0269773490726947,-0.0028249232564121,0.0043103261850774,-0.002266232855618,0.0175438430160284,-0.011357226409018,0.0101265721023082,0.0126363765448331,-0.0031545860692858,0.0017016839701682,0.0076287887059152,-0.0084937494248151,-0.0006353385397233,-0.0051399329677224,0.0102695664390921,-0.002318893559277,0.0338420867919921,-0.0168506111949682,0.003328843973577,-0.0130023229867219,0.0162382088601589,0.0041915983892977,0.0116358716040849,0.011329673230648,-0.0006840102141723,0.0064858854748308,-0.006118297111243,0.0146455774083733,0.0643994510173797,0.0057736942544579,-0.0335664674639701,-0.0022962638176977,-0.0027893974911421,0.0195627249777317,-0.0041666296310722,-0.0146726993843913,-0.0257104281336069,-0.0532645173370838,-0.0133511228486895,-0.0356927439570426,-0.0099141160026192,-0.0608531571924686,-0.0232407785952091,0.0020039901137351,-0.0324797295033931,0.0273333229124546,0.0056532761082053,-0.0025957145262509,-0.0049999952316284,0.0214703921228647,-0.0436341650784015,0.0031847255304455,-0.022209296002984,0.038095261901617,-0.0194842480123043,0.0073393839411437,-0.0536876209080219,-0.0024285980034619,0.0054525835439562,0.0030431670602411,0.0110254008322954,0.0066747944802045,-0.011982636526227,-0.0036166042555123,0.0126862358301878,-0.0163339655846357,-0.009830710478127,0.0079950280487537,0.0301002748310565,0.0030507105402648,-0.0060941111296415,0.0267639067023992,0.0123387165367603,-0.0130331348627805,-0.0235487576574087,0.0192076656967401,-0.0016402780311182,0.0111896665766835,-0.0092090023681521,-0.0221315752714872,0.0131723256781697,0.0119117833673954,-0.0108578046783804,0.0111830802634358,-0.0027070513460785,-0.0029104275163263,-0.0222339909523725,0.0005837845383211,0.008004249073565,0.0087515478953719,0.0021389843896031,0.0144592244178056,0.0059171924367547,0.0005700297188013,0.0054083494469523,-0.0113959470763802,0.0032555325888097,-0.0144578171893954,0.0097146239131689,-0.0066265425407993,-0.0006009747585064,0.0283132107630428,-0.0065711233105779,0.0253012087575945,-0.010707930089258,0.0686746606565509,0.0183710483945487,0.0621727861879364,0.1251691160642833,0.0554810563888674,-0.089289153545033,2019-02-05,2019-02-06,2019-02-07,2019-02-08,2019-02-11,2019-02-12,2019-02-13,2019-02-14,2019-02-15,2019-02-19,64995.0,2019-02-04,252.0,-0.1804%,-0.0002,1.3205,0.4609,1.5942,0.9942%,1.7245%,66.7612%,-0.006311,KEY,64995.0,2019-02-05,252.0,-1.4458%,-0.0003,1.3425,0.4722,1.6254,0.9834%,1.7261%,67.5431%,-0.010302,KEY,64995.0,2019-02-06,252.0,0.7946%,-0.0003,1.3545,0.4681,1.6386,0.9843%,1.6954%,66.2959%,0.009709,KEY,64995.0,2019-02-07,252.0,3.5173%,-0.0001,1.3422,0.4656,1.6487,1.0193%,1.7057%,64.2905%,0.0418879999999999,KEY,64995.0,2019-02-08,252.0,-0.5858%,-0.0001,1.3417,0.4601,1.6427,1.0191%,1.7055%,64.2956%,0.003977,KEY,64995.0,2019-02-11,252.0,0.2946%,-0.0001,1.324,0.4692,1.6383,1.0165%,1.6772%,63.2671%,-0.005847,KEY,64995.0,2019-02-12,252.0,1.2338%,-0.0001,1.3237,0.4673,1.6385,1.0166%,1.6761%,63.2151%,-0.0030759999999999,KEY,64995.0,2019-02-13,252.0,-0.2902%,-0.0001,1.3231,0.4652,1.6362,1.0178%,1.6750%,63.0743%,-0.008136,KEY,64995.0,2019-02-14,252.0,-0.9313%,-0.0001,1.3231,0.4656,1.6355,1.0177%,1.6759%,63.1222%,0.0004359999999999,KEY,64995.0,2019-02-15,252.0,2.8790%,-0.0001,1.3255,0.4682,1.64,1.0181%,1.6749%,63.0461%,0.004724,KEY,64995.0,2019-02-19,252.0,1.3135%,-0.0,1.3312,0.464,1.6348,1.0138%,1.6759%,63.4045%,0.004239,KEY,-0.016613,-0.0069039999999999,0.0349839999999999,0.033114,0.0313009999999999
32915,KENNAMETAL INC,Kennametal Reaffirms FY19 Guidance: Adj. EPS $2.90-$3.20,6,increase,0.7,0.6,"reaffirming guidance typically signals stability and confidence in future performance, which can positively influence investor sentiment and stock price.",2,2019-02-04,KMT,2019-02-04 21:30:00+00:00,44134.0,48917010,0.020130731165409,634745.0,-0.0235777031630277,0.017828581854701,-0.0196850392967462,-0.014941013418138,-0.0171351917088031,0.0200534742325544,0.0016344694886356,0.0229759328067302,0.0046233674511313,-0.0237650033086538,0.0291235614567995,0.0336737856268882,-0.0058185984380543,0.0154147762805223,-0.0204841829836368,-0.0108122928068041,0.019011428579688,-0.0353035479784011,-0.0026653062086552,0.0297438167035579,0.0205772444605827,0.0257062092423439,-0.0005237092846073,0.0091219972819089,0.0217448752373457,-0.0076378118246793,0.0030768956057727,-0.0210468601435422,-0.0209611374884843,0.00445062154904,-0.0026109262835234,0.012961370870471,-0.0133508406579494,0.0142897963523864,0.0,0.033678088337183,-0.0161845795810222,0.01529689040035,0.006742178928107,0.0527312941849231,-0.0216984022408723,-0.0557543449103832,-0.0106790633872151,0.0078125642612576,-0.0080265961587429,0.0202329810708761,0.0265067182481288,-0.01061578001827,0.0008154058014042,0.0012147256638854,0.0027158737648278,0.0684620589017868,-0.0178764872252941,-0.0546011924743652,0.0008274295250885,-0.0024480363354086,0.0223201308399438,-0.0090963989496231,0.0005390958976931,-0.0454413816332817,-0.0164332073181867,0.0093485163524746,0.0161599610000848,-0.0222793146967887,-0.0687331333756446,-0.0226131044328212,0.0028944222722202,-0.018361248075962,0.0106781795620918,0.0224153287708759,0.0182752534747123,-0.0083357328549027,0.0215928331017494,-0.0262445192784071,0.0087839607149362,-0.0347349643707275,0.0291156377643346,-0.0306328888982534,0.0084611233323812,-0.0712438002228736,0.0173046626150608,0.0169775001704692,0.0203608479350805,0.016528932377696,0.0252589043229818,-0.0007286563050001,-0.0027100420556962,0.040960781276226,-0.0244564693421125,-0.0229743160307407,0.0050644958391785,0.0292397066950798,0.006298815831542,-0.005059371702373,0.0095142982900142,0.0071337269619107,-0.0037202760577201,-0.0221723821014165,0.0206622313708066,-0.0168993975967168,0.0009756321087479,-0.0077764200977981,0.0112085547298193,0.0352201648056507,-0.0077108358964324,0.0231660641729831,0.0077707548625767,0.010665968991816,0.0002409234148217,-0.0258489735424518,-0.0219224262982606,-0.0399419553577899,0.0135468738153576,0.0087912231683731,0.0068043442443013,0.0502692759037017,-0.0176200717687606,0.001284105121158,-0.0152333891019225,0.0085469568148255,-0.0235777031630277,0.017828581854701,-0.0427986144464828,0.0026211913558455,-0.0592004436918743,0.0227272295817131,-0.0533059640855918,0.0213617929813785,-0.0357842263596365,0.053428767355371,-0.0435144240798907,0.1070911993746674,0.0327571282350562,-0.004302855521783,2019-02-05,2019-02-06,2019-02-07,2019-02-08,2019-02-11,2019-02-12,2019-02-13,2019-02-14,2019-02-15,2019-02-19,44134.0,2019-02-04,252.0,2.0131%,-0.0003,1.6211,1.1918,0.7994,1.4568%,2.2901%,59.5322%,0.006352,KMT,44134.0,2019-02-05,252.0,-2.3578%,-0.0004,1.6084,1.1963,0.8023,1.4620%,2.2721%,58.5973%,-0.0248979999999999,KMT,44134.0,2019-02-06,252.0,-1.9685%,-0.0005,1.6322,1.189,0.8236,1.4630%,2.2560%,57.9447%,-0.016689,KMT,44134.0,2019-02-07,252.0,-1.7135%,-0.0005,1.6371,1.1842,0.8234,1.4625%,2.2571%,58.0118%,-0.0037219999999999,KMT,44134.0,2019-02-08,252.0,0.1634%,-0.0003,1.6355,1.2027,0.829,1.4565%,2.2537%,58.2303%,0.00515,KMT,44134.0,2019-02-11,252.0,0.4623%,-0.0004,1.6503,1.1787,0.8238,1.4551%,2.2437%,57.9434%,-0.007611,KMT,44134.0,2019-02-12,252.0,2.9124%,-0.0003,1.6645,1.1666,0.8332,1.4520%,2.2513%,58.4007%,0.007744,KMT,44134.0,2019-02-13,252.0,-0.5819%,-0.0003,1.668,1.156,0.8285,1.4521%,2.2515%,58.4042%,-0.011862,KMT,44134.0,2019-02-14,252.0,-2.0484%,-0.0004,1.6717,1.146,0.8403,1.4557%,2.2540%,58.2885%,-0.018287,KMT,44134.0,2019-02-15,252.0,1.9011%,-0.0004,1.6773,1.1503,0.8484,1.4544%,2.2535%,58.3500%,-0.0068769999999999,KMT,44134.0,2019-02-19,252.0,-0.2665%,-0.0004,1.6767,1.1408,0.8377,1.4557%,2.2531%,58.2568%,-0.011833,KMT,-0.0185459999999999,-0.0352349999999999,-0.0389569999999999,-0.0414179999999999,-0.0825329999999999
32923,KENNAMETAL INC,"Kennametal Q2 EPS $0.71 Beats $0.69 Estimate, Sales $587M Miss $607.26M Estimate",6,uncertain,0.6,0.3,"while kennametal's eps beat estimates, the significant miss in sales could lead to mixed investor reactions, making the overall impact on stock price uncertain.",1,2019-02-04,KMT,2019-02-04 21:30:00+00:00,44134.0,48917010,0.020130731165409,634745.0,-0.0235777031630277,0.017828581854701,-0.0196850392967462,-0.014941013418138,-0.0171351917088031,0.0200534742325544,0.0016344694886356,0.0229759328067302,0.0046233674511313,-0.0237650033086538,0.0291235614567995,0.0336737856268882,-0.0058185984380543,0.0154147762805223,-0.0204841829836368,-0.0108122928068041,0.019011428579688,-0.0353035479784011,-0.0026653062086552,0.0297438167035579,0.0205772444605827,0.0257062092423439,-0.0005237092846073,0.0091219972819089,0.0217448752373457,-0.0076378118246793,0.0030768956057727,-0.0210468601435422,-0.0209611374884843,0.00445062154904,-0.0026109262835234,0.012961370870471,-0.0133508406579494,0.0142897963523864,0.0,0.033678088337183,-0.0161845795810222,0.01529689040035,0.006742178928107,0.0527312941849231,-0.0216984022408723,-0.0557543449103832,-0.0106790633872151,0.0078125642612576,-0.0080265961587429,0.0202329810708761,0.0265067182481288,-0.01061578001827,0.0008154058014042,0.0012147256638854,0.0027158737648278,0.0684620589017868,-0.0178764872252941,-0.0546011924743652,0.0008274295250885,-0.0024480363354086,0.0223201308399438,-0.0090963989496231,0.0005390958976931,-0.0454413816332817,-0.0164332073181867,0.0093485163524746,0.0161599610000848,-0.0222793146967887,-0.0687331333756446,-0.0226131044328212,0.0028944222722202,-0.018361248075962,0.0106781795620918,0.0224153287708759,0.0182752534747123,-0.0083357328549027,0.0215928331017494,-0.0262445192784071,0.0087839607149362,-0.0347349643707275,0.0291156377643346,-0.0306328888982534,0.0084611233323812,-0.0712438002228736,0.0173046626150608,0.0169775001704692,0.0203608479350805,0.016528932377696,0.0252589043229818,-0.0007286563050001,-0.0027100420556962,0.040960781276226,-0.0244564693421125,-0.0229743160307407,0.0050644958391785,0.0292397066950798,0.006298815831542,-0.005059371702373,0.0095142982900142,0.0071337269619107,-0.0037202760577201,-0.0221723821014165,0.0206622313708066,-0.0168993975967168,0.0009756321087479,-0.0077764200977981,0.0112085547298193,0.0352201648056507,-0.0077108358964324,0.0231660641729831,0.0077707548625767,0.010665968991816,0.0002409234148217,-0.0258489735424518,-0.0219224262982606,-0.0399419553577899,0.0135468738153576,0.0087912231683731,0.0068043442443013,0.0502692759037017,-0.0176200717687606,0.001284105121158,-0.0152333891019225,0.0085469568148255,-0.0235777031630277,0.017828581854701,-0.0427986144464828,0.0026211913558455,-0.0592004436918743,0.0227272295817131,-0.0533059640855918,0.0213617929813785,-0.0357842263596365,0.053428767355371,-0.0435144240798907,0.1070911993746674,0.0327571282350562,-0.004302855521783,2019-02-05,2019-02-06,2019-02-07,2019-02-08,2019-02-11,2019-02-12,2019-02-13,2019-02-14,2019-02-15,2019-02-19,44134.0,2019-02-04,252.0,2.0131%,-0.0003,1.6211,1.1918,0.7994,1.4568%,2.2901%,59.5322%,0.006352,KMT,44134.0,2019-02-05,252.0,-2.3578%,-0.0004,1.6084,1.1963,0.8023,1.4620%,2.2721%,58.5973%,-0.0248979999999999,KMT,44134.0,2019-02-06,252.0,-1.9685%,-0.0005,1.6322,1.189,0.8236,1.4630%,2.2560%,57.9447%,-0.016689,KMT,44134.0,2019-02-07,252.0,-1.7135%,-0.0005,1.6371,1.1842,0.8234,1.4625%,2.2571%,58.0118%,-0.0037219999999999,KMT,44134.0,2019-02-08,252.0,0.1634%,-0.0003,1.6355,1.2027,0.829,1.4565%,2.2537%,58.2303%,0.00515,KMT,44134.0,2019-02-11,252.0,0.4623%,-0.0004,1.6503,1.1787,0.8238,1.4551%,2.2437%,57.9434%,-0.007611,KMT,44134.0,2019-02-12,252.0,2.9124%,-0.0003,1.6645,1.1666,0.8332,1.4520%,2.2513%,58.4007%,0.007744,KMT,44134.0,2019-02-13,252.0,-0.5819%,-0.0003,1.668,1.156,0.8285,1.4521%,2.2515%,58.4042%,-0.011862,KMT,44134.0,2019-02-14,252.0,-2.0484%,-0.0004,1.6717,1.146,0.8403,1.4557%,2.2540%,58.2885%,-0.018287,KMT,44134.0,2019-02-15,252.0,1.9011%,-0.0004,1.6773,1.1503,0.8484,1.4544%,2.2535%,58.3500%,-0.0068769999999999,KMT,44134.0,2019-02-19,252.0,-0.2665%,-0.0004,1.6767,1.1408,0.8377,1.4557%,2.2531%,58.2568%,-0.011833,KMT,-0.0185459999999999,-0.0352349999999999,-0.0389569999999999,-0.0414179999999999,-0.0825329999999999
32931,KANDI TECHNOLOGIES GROUP INC,Kandi Technologies Receives $237.2M From a Supply Chain Finance Program By the national Economic and Technological Development Zone of Rugao City,6,increase,0.8,0.7,"the receipt of $237.2 million from a supply chain finance program is likely to improve kandi technologies' financial position and operational capabilities, which can positively influence investor sentiment and stock price.",2,2019-02-04,KNDI,2019-02-04 13:42:00+00:00,92589.0,48370910,-0.021544050425291,195767.0,-0.0146788852289319,0.0054152002558112,0.0037243913393467,-0.0297723431140184,-0.0241186711937189,0.0035149350296705,-0.0266160331666469,0.0440367460250854,0.0234374776482582,0.0440613068640232,0.0152672529220581,-0.0187970642000436,0.0883458256721496,0.0037735812366008,0.0120898401364684,0.0291262324899435,-0.0238908436149358,0.0157790780067443,0.0384615883231163,0.0140000339597463,0.3434343338012695,-0.0019960536155849,0.0877193361520767,-0.0635513439774513,0.0391705222427845,-0.0074211433529853,-0.0853658989071846,0.0074766282923519,-0.0339394211769104,0.0594058819115161,0.0,-0.063079722225666,-0.0928481519222259,0.2167043089866638,0.0719225406646728,-0.0220751389861106,0.0335484184324741,0.0295454803854227,-0.0149813182651996,0.0551558770239353,-0.0671736076474189,0.0048192725516855,-0.0203804466873407,0.1432506740093231,0.0110956896096468,-0.0294117368757724,0.0096022179350256,0.0,0.0081521663814783,-0.0209423881024122,0.0390835516154766,0.0268816947937011,-0.0337224677205085,0.027624350041151,0.0429530441761016,-0.0645994842052459,-0.0308880023658275,-0.0349128022789955,0.0185922794044017,-0.0290556624531745,-0.0365058928728103,0.0122549487277865,-0.0135317873209714,-0.037735816091299,-0.058984886854887,0.0047393320128321,-0.1107872053980827,-0.016317056491971,-0.1262295097112656,0.0263158231973648,0.0356472916901111,0.0096618272364139,0.0181159246712923,-0.0304449927061796,-0.0017793152946978,0.0070755216293036,0.0178252942860126,-0.0577778294682502,-0.0017513536149635,-0.04458599537611,-0.0052631110884249,0.0536913312971591,0.0264550428837537,-0.008869276382029,-0.005154674872756,-0.0022123344242572,0.0172711405903101,0.0366972126066684,-0.0458404049277305,-0.0158012863248586,0.0124555472284555,-0.0133630167692899,-0.0017575094243511,-0.0022222730331122,0.0070422468706965,0.056337971240282,-0.0157342087477445,-0.031818151473999,-0.0373001843690872,-0.0434782207012176,-0.011070099659264,-0.0128755243495106,0.0130596440285444,0.0108459247276186,-0.003683237824589,0.0,0.01663588732481,0.0021739627700299,0.0327272415161132,-0.0233545936644077,-0.051056332886219,-0.1045627668499947,0.0018553300760686,0.0253411531448364,0.0,-0.0115606822073459,-0.0222222004085779,-0.0299065131694078,-0.0284091085195541,0.0721443220973014,-0.0146788852289319,0.0054152002558112,-0.011009163802603,-0.0245183660582543,-0.0348623085944491,-0.0210896114923121,-0.0385321174616598,0.067049883745198,0.0899083118162165,0.1140000347813432,0.4073395207158459,0.3486682740626179,-0.0587155405030488,0.1162325448861221,2019-02-05,2019-02-06,2019-02-07,2019-02-08,2019-02-11,2019-02-12,2019-02-13,2019-02-14,2019-02-15,2019-02-19,92589.0,2019-02-04,252.0,-2.1544%,0.0016,1.4432,1.9072,1.7255,4.7324%,5.0229%,11.2332%,-0.033461,KNDI,92589.0,2019-02-05,252.0,-1.4679%,0.0014,1.465,1.9186,1.7568,4.7302%,5.0235%,11.3364%,-0.009106,KNDI,92589.0,2019-02-06,252.0,0.3724%,0.0014,1.5112,1.9036,1.803,4.7270%,5.0206%,11.3536%,0.005809,KNDI,92589.0,2019-02-07,252.0,-2.4119%,0.0015,1.5493,1.8618,1.8041,4.7136%,5.0148%,11.6539%,-0.0147219999999999,KNDI,92589.0,2019-02-08,252.0,-2.6616%,0.0014,1.5532,1.8404,1.8064,4.7116%,5.0126%,11.6505%,-0.016593,KNDI,92589.0,2019-02-11,252.0,2.3437%,0.0016,1.4878,1.9073,1.8083,4.7005%,4.9877%,11.1831%,0.004861,KNDI,92589.0,2019-02-12,252.0,1.5267%,0.0017,1.511,1.8747,1.826,4.6927%,4.9846%,11.3725%,-0.002374,KNDI,92589.0,2019-02-13,252.0,8.8346%,0.0019,1.5084,1.9116,1.852,4.7153%,5.0086%,11.3713%,0.0816119999999999,KNDI,92589.0,2019-02-14,252.0,1.2090%,0.002,1.5053,1.9193,1.8431,4.7160%,5.0090%,11.3573%,0.015959,KNDI,92589.0,2019-02-15,252.0,-2.3891%,0.0015,1.4272,1.843,1.7081,4.7186%,4.9822%,10.3039%,-0.054646,KNDI,92589.0,2019-02-19,252.0,3.8462%,0.0018,1.4422,1.8432,1.707,4.7164%,4.9845%,10.4672%,0.025181,KNDI,-0.0425669999999999,-0.0367579999999999,-0.0514799999999999,-0.0632119999999999,0.0025199999999999
32939,KOPIN CORP,Langenberg & Company Initiates Coverage On Kopin with Buy Rating,6,increase,0.8,0.6,"the initiation of coverage with a 'buy' rating typically signals positive sentiment and can attract more investors, likely leading to an increase in stock price.",2,2019-02-04,KOPN,2019-02-04 12:08:00+00:00,77515.0,50060010,0.0454545021057128,179278.0,-0.0362318493425846,-0.0434782207012176,0.0300751589238643,0.0615384951233863,-0.051094926893711,0.0317460000514984,0.0076923007145524,-0.0307692028582096,-0.1679388731718063,-0.0151515901088714,0.0,0.031250063329935,0.0642201229929924,0.0158730000257492,0.1120689660310745,0.0,0.0697674676775932,-0.04545459151268,0.1304347515106201,0.0153846926987171,-0.0256410017609596,-0.0076335808262228,-0.0460525900125503,0.0479999557137489,0.1310344338417053,-0.0310077238827943,-0.0609756261110305,-0.0785714387893676,-0.0064935004338622,0.076923094689846,0.0653594955801963,0.0236220248043537,-0.0613497085869312,-0.0155038619413971,-0.0326797068119049,0.0487804412841796,0.0405405014753341,0.0789473950862884,0.0064935004338622,0.0857143178582191,0.0258065052330493,-0.0454546101391315,0.006289301905781,0.1011011078953743,0.0499999523162841,-0.0918181911110878,-0.017857126891613,-0.0350876860320568,-0.0303030014038085,0.0363636016845703,0.0374999642372131,0.1223345100879669,-0.102409616112709,0.0102040544152259,-0.255033552646637,-0.1777965724468231,0.0450450032949447,-0.1259259730577469,0.0086206812411546,-0.0217391103506088,-0.0085470005869865,-0.0482758954167366,0.0086206812411546,0.0283688530325889,-0.0598290041089057,-0.013986000791192,0.0363636016845703,0.0287769511342048,-0.0175438430160284,-0.0211267415434122,0.0535713769495487,0.007092191837728,0.0677966475486755,-0.0275862626731395,0.0634920969605445,-0.0460525900125503,-0.0298508051782846,0.0133333206176757,-0.0076923007145524,-0.0740740746259689,0.0155038619413971,-0.0240963622927665,-0.0076335808262228,-0.0177515316754579,0.076923094689846,-0.0116958953440189,-0.0214285515248775,0.0555555745959281,0.0072992630302906,-0.0181818008422851,0.0289854798465967,-0.0350877530872821,-0.0492957308888435,0.030120525509119,-0.044444490224123,0.0,-0.0155038619413971,0.0246913339942693,0.0472441427409648,-0.0121951103210449,-0.0526316165924072,-0.0520231388509273,-0.0555555038154125,0.0613497085869312,0.0252100583165884,-0.0578034818172454,0.0409835651516914,0.0421687066555023,-0.0157480165362358,-0.1027027294039726,-0.0159999839961528,-0.051282063126564,-0.0081300735473632,-0.1630900800228119,-0.0081967134028673,0.0309734214097261,0.0330578200519084,-0.017391288653016,-0.0239999778568744,0.0043668081052601,-0.0362318493425846,-0.0434782207012176,-0.007246369045804,0.0153846901495733,-0.0579710432428748,0.0476190925753523,-0.2101449019339599,-4.400628861311873e-09,0.1304347516988888,0.0153846857526551,-0.152173937420985,-0.0434782284146266,-0.1159420093092729,-0.4235807556207978,2019-02-05,2019-02-06,2019-02-07,2019-02-08,2019-02-11,2019-02-12,2019-02-13,2019-02-14,2019-02-15,2019-02-19,77515.0,2019-02-04,252.0,4.5455%,-0.0028,1.6007,1.5257,0.1521,3.5100%,4.0091%,23.3471%,0.0273789999999999,KOPN,77515.0,2019-02-05,252.0,-3.6232%,-0.0031,1.6334,1.5509,0.2143,3.5103%,4.0146%,23.5432%,-0.041082,KOPN,77515.0,2019-02-06,252.0,3.0075%,-0.0029,1.5946,1.5627,0.1811,3.5152%,3.9910%,22.4236%,0.033574,KOPN,77515.0,2019-02-07,252.0,-5.1095%,-0.003,1.6081,1.5593,0.174,3.5205%,4.0023%,22.6277%,-0.03504,KOPN,77515.0,2019-02-08,252.0,0.7692%,-0.003,1.6067,1.5509,0.1624,3.5208%,4.0025%,22.6215%,0.006566,KOPN,77515.0,2019-02-11,252.0,-16.7939%,-0.0037,1.5672,1.3474,0.0315,3.6932%,4.1236%,19.7859%,-0.180898,KOPN,77515.0,2019-02-12,252.0,0.0000%,-0.0036,1.587,1.309,0.0485,3.6815%,4.1171%,20.0444%,-0.0216299999999999,KOPN,77515.0,2019-02-13,252.0,6.4220%,-0.0035,1.5701,1.3628,0.0732,3.6848%,4.1139%,19.7754%,0.058857,KOPN,77515.0,2019-02-14,252.0,11.2069%,-0.003,1.5459,1.4249,0.0017,3.7460%,4.1739%,19.4543%,0.108604,KOPN,77515.0,2019-02-15,252.0,6.9767%,-0.0027,1.5949,1.4745,0.0887,3.7579%,4.1983%,19.8761%,0.048628,KOPN,77515.0,2019-02-19,252.0,13.0435%,-0.0024,1.6001,1.5803,0.2073,3.8176%,4.2499%,19.3100%,0.122762,KOPN,-0.013703,0.0198709999999999,-0.015169,-0.189501,0.1277199999999999
32947,KITE REALTY GROUP TRUST,"Barclays Downgrades Kite Realty Gr Trust to Equal-Weight, Raises Price Target to $16",6,decrease,0.7,0.5,"a downgrade typically signals a less favorable outlook, which can lead to a decrease in stock price despite the raised price target.",0,2019-02-04,KRG,2019-02-04 11:48:00+00:00,90307.0,49803T30,0.0090470220893621,615210.0,0.0059773093089461,-0.0030065688770264,-0.0095068244263529,0.0091019188985228,0.0149970008060336,0.0160296075046062,0.0005910300533287,0.0099626313894987,0.0135853243991732,0.0126103283837437,-0.0116550559177994,0.0192801561206579,-0.0029480683151632,0.0077720754779875,-0.0023654056712985,-0.0096215885132551,0.0017782322829589,-0.0225705113261938,0.0017751886043697,0.0044080410152673,-0.0478440299630165,0.0037926940713077,-0.0074442205950617,0.0180180016905069,0.0025000572204589,0.0084360875189304,-0.0024938224814832,-0.0058064614422619,-0.0199999809265136,0.0032362584024667,0.0082908235490322,0.0,-0.0044276183471083,-0.0019379672594368,-0.0171537175774574,0.0424241833388805,-0.0122818704694509,0.0326843038201332,0.0039267293177545,0.0390173383057117,-0.0123859541490674,0.0105281881988048,-0.0059405411593616,-0.005677780136466,0.0039840280078351,-0.0091420616954565,0.0238095019012689,-0.0062893186695873,0.0038759962189942,-0.009688539430499,0.0083655156195163,0.0478607565164566,0.0063816453330218,-0.0356643497943878,-0.0044388487003743,-0.0048712384887039,-0.0031847255304455,-0.0310182087123394,0.0063898009248077,-0.0357607416808605,0.0019047450041398,-0.0064599113538861,0.0207541342824697,-0.0685921311378479,-0.0189993791282177,0.0158924348652362,0.0006455925758928,0.0218613594770431,0.0270967800170183,-0.0249695405364036,-0.0062814308330416,-0.0084540694952011,0.017699159681797,-0.0042092422954738,-0.0068323360756039,-0.0053827846422791,0.0093808397650718,0.0417445562779903,-0.0012390676420181,-0.0255009159445762,-0.0068238587118685,-0.0024228293914347,0.0,0.0222910605370998,0.0174891110509634,-0.003086490323767,-0.0073665333911776,0.0214376486837863,-0.0228818729519844,0.0031625069677829,0.0139240669086575,0.0019011842086911,-0.0081148631870746,-0.0006333267083391,0.0031465850770473,-0.0006329258903861,-0.0075282240286469,-0.014962637796998,-0.024652300402522,-0.003726674709469,0.0071289469487965,0.0164141561836004,0.0064350310713052,-0.0093808397650718,-0.0249360837042331,-0.017209630459547,0.0150819374248385,0.0037015038542449,0.0155039234086871,-0.0024615947622805,-0.0057252002879977,-0.0097501426935195,0.0153550719842314,0.0061312313191592,-0.0107120405882597,0.0099071115255355,0.0057324939407408,0.0031055426225066,0.0113996397703886,0.0215736143290996,0.0059773093089461,-0.0030065688770264,-0.003586340347549,0.0060679844754147,0.0113568761094016,0.022194859389506,0.0257023501862707,0.0453972432700682,0.0119546190014405,0.0440805926964271,-0.0585773783584782,0.1027540603930978,-0.0262331052501391,0.0761648092784093,2019-02-05,2019-02-06,2019-02-07,2019-02-08,2019-02-11,2019-02-12,2019-02-13,2019-02-14,2019-02-15,2019-02-19,90307.0,2019-02-04,252.0,0.9047%,0.0006,0.7464,0.4288,0.2158,1.4388%,1.6575%,24.6492%,0.0025,KRG,90307.0,2019-02-05,252.0,0.5977%,0.0007,0.7069,0.4138,0.1698,1.4099%,1.6119%,23.4927%,0.004306,KRG,90307.0,2019-02-06,252.0,-0.9507%,0.0007,0.7045,0.4148,0.1662,1.4110%,1.6036%,22.5768%,-0.0081289999999999,KRG,90307.0,2019-02-07,252.0,1.4997%,0.0008,0.7051,0.4051,0.1721,1.4155%,1.6060%,22.3192%,0.0213399999999999,KRG,90307.0,2019-02-08,252.0,0.0591%,0.0008,0.705,0.4064,0.1728,1.4155%,1.6060%,22.3193%,0.000842,KRG,90307.0,2019-02-11,252.0,1.3585%,0.0009,0.6866,0.4355,0.1789,1.4131%,1.5910%,21.1142%,0.009419,KRG,90307.0,2019-02-12,252.0,-1.1655%,0.0009,0.6807,0.4272,0.1774,1.4185%,1.5929%,20.7057%,-0.020876,KRG,90307.0,2019-02-13,252.0,-0.2948%,0.0008,0.6766,0.4316,0.1766,1.4183%,1.5909%,20.5128%,-0.005334,KRG,90307.0,2019-02-14,252.0,-0.2365%,0.0008,0.6773,0.4298,0.1786,1.4185%,1.5909%,20.5024%,-0.002264,KRG,90307.0,2019-02-15,252.0,0.1778%,0.0009,0.6886,0.4391,0.1959,1.4135%,1.5900%,20.9696%,-0.0079069999999999,KRG,90307.0,2019-02-19,252.0,0.1775%,0.0008,0.6842,0.4432,0.2008,1.4114%,1.5856%,20.7636%,-0.001494,KRG,0.0068059999999999,-0.0013229999999999,0.020017,0.030278,-0.007597
32955,LEGGETT & PLATT INC,"Leggett & Platt Sees FY19 Adj. EPS $2.45-$2.65, Sales $4.95B-$5.1B",6,increase,0.7,0.6,"the guidance for adjusted eps and sales suggests positive growth expectations, which could lead to an increase in investor confidence and stock price.",2,2019-02-04,LEG,2019-02-04 21:26:00+00:00,60943.0,52466010,-0.0019526928663253,1286015.0,0.0975789129734039,0.0002441927790641,-0.0171568728983402,0.0091155190020799,-0.0074813379906117,0.0076961615122854,-0.0075376434251666,0.0069999694824218,0.0025316595565527,0.0007505323737859,0.0204315744340419,0.009088628925383,-0.0047243889421224,0.0203503593802452,0.0031645430717617,-0.0069071492180228,0.0128436163067817,-0.0131280096247792,0.0055617350153625,0.0190378613770008,0.0015486658085137,0.01223951485008,0.0077313557267189,-0.0007806083303876,0.0056993016041815,0.0028705797158181,0.0041412077844142,-0.0005216603749431,-0.007380077149719,0.0007830534595996,-0.0008747193496674,0.0108179375529289,-0.0059093995951116,0.0055718468502163,0.012329401448369,0.0142626147717237,0.0,0.0175246279686689,-0.0080469539389014,0.0301833469420671,-0.0122780390083789,-0.0155511684715747,-0.0162042081356048,0.00474325241521,0.0002256799634778,0.0008377206977456,-0.0067674946039915,-0.0066573610529303,-0.0009084056946448,0.018937200307846,-0.0079564051702618,0.0415072068572044,-0.0045829061418771,-0.0260894447565078,-0.0013934364542365,-0.0364640802145004,0.0034884074702858,0.0100446594879031,-0.0104287546128034,-0.0178131405264139,-0.0182670392096042,0.0044040693901479,0.0104962419718504,0.0047013824805617,-0.0375354140996933,-0.0131004247814416,0.0090752737596631,-0.0141145102679729,0.012396746315062,-0.0002662975457496,0.0108042480424046,-0.0037135116290301,0.0045131221413612,-0.0177175682038068,-0.0016552304150536,-0.018414257094264,0.0094741284847259,0.0182290859520435,-0.0035194207448512,-0.0438246577978134,0.0030609194654971,0.0366545729339122,0.0072770277038216,-0.0010313848033547,0.0151480194181203,-0.0081841358914971,-0.0137741565704345,0.0262467209249734,-0.014897565357387,-0.0010487916879355,0.0155954593792557,0.0031562054064124,0.0053513157181441,0.0060862540267407,0.0009257328347302,0.0069278483279049,-0.001156051759608,0.0013340244768187,0.0125000206753611,-0.0110818464308977,-0.0098308250308036,0.0144539857283234,-0.0009235953330062,0.0097297457978129,-0.0099376076832413,-0.0018883112352341,0.0032679596915841,0.0084331175312399,-0.00186128471978,-0.0215597916394472,-0.028205195441842,-0.0110555924475193,0.0076756947673857,0.0130667118355631,-0.0092834895476698,0.0021379431709647,-0.0543007776141166,-0.0126649960875511,0.0043190591968595,-0.0015805468428879,0.0975789129734039,0.0002441927790641,0.0787478910676209,0.0093619377250617,0.0706774134878844,0.0171301502221472,0.0652971881612627,0.0250187630398948,0.1054047800538529,0.0540263006476016,0.0534806659579099,0.1227733415252183,-0.0247286025044732,0.0904876043624089,2019-02-05,2019-02-06,2019-02-07,2019-02-08,2019-02-11,2019-02-12,2019-02-13,2019-02-14,2019-02-15,2019-02-19,60943.0,2019-02-04,252.0,-0.1953%,-0.0001,0.9759,0.4936,0.2154,1.2002%,1.6157%,44.8198%,-0.010524,LEG,60943.0,2019-02-05,252.0,9.7579%,0.0002,0.982,0.4612,0.1569,1.3399%,1.7270%,39.8043%,0.09497,LEG,60943.0,2019-02-06,252.0,-1.7157%,0.0001,0.9848,0.4606,0.1577,1.3434%,1.7157%,38.6933%,-0.01516,LEG,60943.0,2019-02-07,252.0,-0.7481%,-0.0,0.964,0.4866,0.155,1.3248%,1.6886%,38.4495%,0.001562,LEG,60943.0,2019-02-08,252.0,-0.7538%,-0.0001,0.9655,0.4837,0.1592,1.3252%,1.6890%,38.4393%,-0.007679,LEG,60943.0,2019-02-11,252.0,0.2532%,-0.0,0.954,0.4914,0.1573,1.3242%,1.6708%,37.1876%,-0.002479,LEG,60943.0,2019-02-12,252.0,2.0432%,0.0,0.9602,0.4889,0.1609,1.3248%,1.6752%,37.4550%,0.007527,LEG,60943.0,2019-02-13,252.0,-0.4724%,-0.0,0.9571,0.4909,0.1594,1.3255%,1.6731%,37.2322%,-0.007919,LEG,60943.0,2019-02-14,252.0,0.3165%,0.0,0.9573,0.4933,0.1551,1.3224%,1.6715%,37.4077%,0.003446,LEG,60943.0,2019-02-15,252.0,1.2844%,0.0001,0.961,0.4966,0.1611,1.3221%,1.6717%,37.4513%,-5.1000000000000006e-05,LEG,60943.0,2019-02-19,252.0,0.5562%,0.0001,0.9623,0.4963,0.1605,1.3220%,1.6715%,37.4470%,0.001712,LEG,0.084446,0.0692859999999999,0.0708479999999999,0.0606899999999999,0.0654049999999999
32963,LEGGETT & PLATT INC,"Leggett & Platt Q4 EPS $0.62 Beats $0.54 Estimate, Sales $1.05B Beat $1.02B Estimate",6,increase,0.8,0.7,"the company reported better-than-expected earnings and sales, which typically boosts investor confidence and can lead to an increase in stock price.",2,2019-02-04,LEG,2019-02-04 21:26:00+00:00,60943.0,52466010,-0.0019526928663253,1286015.0,0.0975789129734039,0.0002441927790641,-0.0171568728983402,0.0091155190020799,-0.0074813379906117,0.0076961615122854,-0.0075376434251666,0.0069999694824218,0.0025316595565527,0.0007505323737859,0.0204315744340419,0.009088628925383,-0.0047243889421224,0.0203503593802452,0.0031645430717617,-0.0069071492180228,0.0128436163067817,-0.0131280096247792,0.0055617350153625,0.0190378613770008,0.0015486658085137,0.01223951485008,0.0077313557267189,-0.0007806083303876,0.0056993016041815,0.0028705797158181,0.0041412077844142,-0.0005216603749431,-0.007380077149719,0.0007830534595996,-0.0008747193496674,0.0108179375529289,-0.0059093995951116,0.0055718468502163,0.012329401448369,0.0142626147717237,0.0,0.0175246279686689,-0.0080469539389014,0.0301833469420671,-0.0122780390083789,-0.0155511684715747,-0.0162042081356048,0.00474325241521,0.0002256799634778,0.0008377206977456,-0.0067674946039915,-0.0066573610529303,-0.0009084056946448,0.018937200307846,-0.0079564051702618,0.0415072068572044,-0.0045829061418771,-0.0260894447565078,-0.0013934364542365,-0.0364640802145004,0.0034884074702858,0.0100446594879031,-0.0104287546128034,-0.0178131405264139,-0.0182670392096042,0.0044040693901479,0.0104962419718504,0.0047013824805617,-0.0375354140996933,-0.0131004247814416,0.0090752737596631,-0.0141145102679729,0.012396746315062,-0.0002662975457496,0.0108042480424046,-0.0037135116290301,0.0045131221413612,-0.0177175682038068,-0.0016552304150536,-0.018414257094264,0.0094741284847259,0.0182290859520435,-0.0035194207448512,-0.0438246577978134,0.0030609194654971,0.0366545729339122,0.0072770277038216,-0.0010313848033547,0.0151480194181203,-0.0081841358914971,-0.0137741565704345,0.0262467209249734,-0.014897565357387,-0.0010487916879355,0.0155954593792557,0.0031562054064124,0.0053513157181441,0.0060862540267407,0.0009257328347302,0.0069278483279049,-0.001156051759608,0.0013340244768187,0.0125000206753611,-0.0110818464308977,-0.0098308250308036,0.0144539857283234,-0.0009235953330062,0.0097297457978129,-0.0099376076832413,-0.0018883112352341,0.0032679596915841,0.0084331175312399,-0.00186128471978,-0.0215597916394472,-0.028205195441842,-0.0110555924475193,0.0076756947673857,0.0130667118355631,-0.0092834895476698,0.0021379431709647,-0.0543007776141166,-0.0126649960875511,0.0043190591968595,-0.0015805468428879,0.0975789129734039,0.0002441927790641,0.0787478910676209,0.0093619377250617,0.0706774134878844,0.0171301502221472,0.0652971881612627,0.0250187630398948,0.1054047800538529,0.0540263006476016,0.0534806659579099,0.1227733415252183,-0.0247286025044732,0.0904876043624089,2019-02-05,2019-02-06,2019-02-07,2019-02-08,2019-02-11,2019-02-12,2019-02-13,2019-02-14,2019-02-15,2019-02-19,60943.0,2019-02-04,252.0,-0.1953%,-0.0001,0.9759,0.4936,0.2154,1.2002%,1.6157%,44.8198%,-0.010524,LEG,60943.0,2019-02-05,252.0,9.7579%,0.0002,0.982,0.4612,0.1569,1.3399%,1.7270%,39.8043%,0.09497,LEG,60943.0,2019-02-06,252.0,-1.7157%,0.0001,0.9848,0.4606,0.1577,1.3434%,1.7157%,38.6933%,-0.01516,LEG,60943.0,2019-02-07,252.0,-0.7481%,-0.0,0.964,0.4866,0.155,1.3248%,1.6886%,38.4495%,0.001562,LEG,60943.0,2019-02-08,252.0,-0.7538%,-0.0001,0.9655,0.4837,0.1592,1.3252%,1.6890%,38.4393%,-0.007679,LEG,60943.0,2019-02-11,252.0,0.2532%,-0.0,0.954,0.4914,0.1573,1.3242%,1.6708%,37.1876%,-0.002479,LEG,60943.0,2019-02-12,252.0,2.0432%,0.0,0.9602,0.4889,0.1609,1.3248%,1.6752%,37.4550%,0.007527,LEG,60943.0,2019-02-13,252.0,-0.4724%,-0.0,0.9571,0.4909,0.1594,1.3255%,1.6731%,37.2322%,-0.007919,LEG,60943.0,2019-02-14,252.0,0.3165%,0.0,0.9573,0.4933,0.1551,1.3224%,1.6715%,37.4077%,0.003446,LEG,60943.0,2019-02-15,252.0,1.2844%,0.0001,0.961,0.4966,0.1611,1.3221%,1.6717%,37.4513%,-5.1000000000000006e-05,LEG,60943.0,2019-02-19,252.0,0.5562%,0.0001,0.9623,0.4963,0.1605,1.3220%,1.6715%,37.4470%,0.001712,LEG,0.084446,0.0692859999999999,0.0708479999999999,0.0606899999999999,0.0654049999999999
32971,LIFEVANTAGE CORP,"LifeVantage RAises FY19 Sales Guidance To $222M-$232M, Adj. EPS To $0.46-$0.52",6,increase,0.8,0.6,"raising sales guidance and adjusted eps typically signals positive growth expectations, which can lead to an increase in stock price.",2,2019-02-04,LFVN,2019-02-04 21:25:00+00:00,13599.0,53222K20,-0.0105890044942498,113353.0,-0.0060200770385563,0.0175083689391613,-0.0370120629668235,0.0164271555840969,-0.0104822199791669,0.0295983143150806,0.0,-0.0118384454399347,0.0402542166411876,-0.0171115677803754,0.0502376593649387,0.0617732144892215,-0.0090497955679893,-0.1464020162820816,0.0228310748934745,0.1194445341825485,0.0127550894394516,-0.0089470138773322,0.0069269305095076,0.0,-0.0343965105712413,0.0445722416043281,0.0006476832204498,-0.0400275997817516,-0.0090614492073655,0.0741289854049682,-0.0104507375508546,-0.0294963922351598,-0.0026402615476399,0.0101743740960955,-0.0086035812273621,0.0291698090732097,-0.0273698177188634,-0.0656883642077446,0.0130405314266681,0.0452885963022708,-0.0203252155333757,0.0466360598802566,-0.0041494066826999,0.0430621989071369,-0.006249944679439,-0.0346420183777809,-0.0181691274046897,-0.0151629885658621,0.0064057046547532,0.0099539933726191,0.0233380421996116,0.0626526027917862,0.0,-0.0222752373665571,-0.020041462033987,0.054530169814825,0.0169252306222915,0.0059071471914649,0.03814148157835,-0.0302782226353883,-0.0247160904109478,-0.0812029987573623,-0.0143835637718439,-0.0162722077220678,0.0027797054499387,0.0044576833024621,0.0332639999687671,-0.0547752641141414,-0.0509725175797939,-0.0206327512860298,0.0360424183309078,-0.0221923291683197,-0.0122783295810222,0.050883412361145,-0.0082872854545712,-0.0132496887817978,0.0236768908798694,0.0191897992044687,-0.0278911460191011,-0.0201949831098318,0.0139957880601286,-0.0197952203452587,-0.000690146931447,0.0173611119389534,0.0048342989757657,0.0730253010988235,-0.0206185691058635,0.0059969956055283,-0.0484210215508937,0.1181894242763519,-0.0648967623710632,0.0016792996320873,-0.0070978035219013,-0.003347277175635,0.025416973978281,0.0092905117198824,-0.0209139827638864,-0.0255143605172634,-0.0537974908947944,0.043814368546009,-0.0317725837230682,0.0210526958107948,-0.0094991065561771,-0.0017513536149635,-0.0366172678768634,-0.0138169126585125,0.0009049981017597,-0.0390041694045066,0.0623869411647319,-0.017929932102561,0.0187234263867139,0.0319596379995346,-0.0100250532850623,0.0033755241893231,-0.0303797982633113,-0.0067057772539556,0.0147954812273383,-0.0237315837293863,-0.0291595328599214,0.0200334507972002,0.0053003905341029,0.0940639078617096,-0.0140597401186823,-0.0301151592284441,-0.0060200770385563,0.0175083689391613,-0.0428093245349637,0.0342231372238455,-0.0528428077571957,0.0648343987113255,-0.0147157369473948,0.0342231369396774,0.069565213890075,0.0399174112152529,-0.0374581603628743,0.1176035017422494,-0.2494983014149242,0.3383525210964384,2019-02-05,2019-02-06,2019-02-07,2019-02-08,2019-02-11,2019-02-12,2019-02-13,2019-02-14,2019-02-15,2019-02-19,13599.0,2019-02-04,252.0,-1.0589%,0.0052,0.8476,0.587,-0.962,3.8406%,4.0794%,11.3673%,-0.024187,LFVN,13599.0,2019-02-05,252.0,-0.6020%,0.0051,0.8604,0.5988,-0.9341,3.8416%,4.0801%,11.3498%,-0.0150669999999999,LFVN,13599.0,2019-02-06,252.0,-3.7012%,0.005,0.834,0.608,-0.9655,3.8482%,4.0805%,11.0646%,-0.034506,LFVN,13599.0,2019-02-07,252.0,-1.0482%,0.005,0.8423,0.5987,-0.9651,3.8473%,4.0818%,11.1572%,0.001729,LFVN,13599.0,2019-02-08,252.0,0.0000%,0.0048,0.8456,0.564,-0.9739,3.8393%,4.0746%,11.2164%,-0.007817,LFVN,13599.0,2019-02-11,252.0,4.0254%,0.0053,0.7215,0.7263,-0.9512,3.7912%,3.9965%,10.0115%,0.037488,LFVN,13599.0,2019-02-12,252.0,5.0238%,0.0054,0.7357,0.7324,-0.945,3.7968%,4.0058%,10.1631%,0.038563,LFVN,13599.0,2019-02-13,252.0,-0.9050%,0.0053,0.7227,0.7476,-0.9463,3.7954%,4.0020%,10.0568%,-0.010988,LFVN,13599.0,2019-02-14,252.0,2.2831%,0.0053,0.7197,0.7524,-0.9503,3.7952%,4.0022%,10.0734%,0.014872,LFVN,13599.0,2019-02-15,252.0,1.2755%,0.0054,0.7402,0.7711,-0.9167,3.7924%,4.0012%,10.1657%,0.007203,LFVN,13599.0,2019-02-19,252.0,0.6927%,0.0054,0.7419,0.7693,-0.9188,3.7922%,4.0008%,10.1563%,0.005934,LFVN,-0.039254,-0.0737599999999999,-0.072031,-0.04236,0.013224
32979,LIFEVANTAGE CORP,"Lifevantage Q2 EPS $0.13 Up From $0.11 YoY, Sales $58.167M Up From $49.482M YoY",6,increase,0.8,0.6,"the increase in both eps and sales year-over-year suggests improved financial performance, which is likely to positively influence investor sentiment and drive the stock price up.",2,2019-02-04,LFVN,2019-02-04 21:25:00+00:00,13599.0,53222K20,-0.0105890044942498,113353.0,-0.0060200770385563,0.0175083689391613,-0.0370120629668235,0.0164271555840969,-0.0104822199791669,0.0295983143150806,0.0,-0.0118384454399347,0.0402542166411876,-0.0171115677803754,0.0502376593649387,0.0617732144892215,-0.0090497955679893,-0.1464020162820816,0.0228310748934745,0.1194445341825485,0.0127550894394516,-0.0089470138773322,0.0069269305095076,0.0,-0.0343965105712413,0.0445722416043281,0.0006476832204498,-0.0400275997817516,-0.0090614492073655,0.0741289854049682,-0.0104507375508546,-0.0294963922351598,-0.0026402615476399,0.0101743740960955,-0.0086035812273621,0.0291698090732097,-0.0273698177188634,-0.0656883642077446,0.0130405314266681,0.0452885963022708,-0.0203252155333757,0.0466360598802566,-0.0041494066826999,0.0430621989071369,-0.006249944679439,-0.0346420183777809,-0.0181691274046897,-0.0151629885658621,0.0064057046547532,0.0099539933726191,0.0233380421996116,0.0626526027917862,0.0,-0.0222752373665571,-0.020041462033987,0.054530169814825,0.0169252306222915,0.0059071471914649,0.03814148157835,-0.0302782226353883,-0.0247160904109478,-0.0812029987573623,-0.0143835637718439,-0.0162722077220678,0.0027797054499387,0.0044576833024621,0.0332639999687671,-0.0547752641141414,-0.0509725175797939,-0.0206327512860298,0.0360424183309078,-0.0221923291683197,-0.0122783295810222,0.050883412361145,-0.0082872854545712,-0.0132496887817978,0.0236768908798694,0.0191897992044687,-0.0278911460191011,-0.0201949831098318,0.0139957880601286,-0.0197952203452587,-0.000690146931447,0.0173611119389534,0.0048342989757657,0.0730253010988235,-0.0206185691058635,0.0059969956055283,-0.0484210215508937,0.1181894242763519,-0.0648967623710632,0.0016792996320873,-0.0070978035219013,-0.003347277175635,0.025416973978281,0.0092905117198824,-0.0209139827638864,-0.0255143605172634,-0.0537974908947944,0.043814368546009,-0.0317725837230682,0.0210526958107948,-0.0094991065561771,-0.0017513536149635,-0.0366172678768634,-0.0138169126585125,0.0009049981017597,-0.0390041694045066,0.0623869411647319,-0.017929932102561,0.0187234263867139,0.0319596379995346,-0.0100250532850623,0.0033755241893231,-0.0303797982633113,-0.0067057772539556,0.0147954812273383,-0.0237315837293863,-0.0291595328599214,0.0200334507972002,0.0053003905341029,0.0940639078617096,-0.0140597401186823,-0.0301151592284441,-0.0060200770385563,0.0175083689391613,-0.0428093245349637,0.0342231372238455,-0.0528428077571957,0.0648343987113255,-0.0147157369473948,0.0342231369396774,0.069565213890075,0.0399174112152529,-0.0374581603628743,0.1176035017422494,-0.2494983014149242,0.3383525210964384,2019-02-05,2019-02-06,2019-02-07,2019-02-08,2019-02-11,2019-02-12,2019-02-13,2019-02-14,2019-02-15,2019-02-19,13599.0,2019-02-04,252.0,-1.0589%,0.0052,0.8476,0.587,-0.962,3.8406%,4.0794%,11.3673%,-0.024187,LFVN,13599.0,2019-02-05,252.0,-0.6020%,0.0051,0.8604,0.5988,-0.9341,3.8416%,4.0801%,11.3498%,-0.0150669999999999,LFVN,13599.0,2019-02-06,252.0,-3.7012%,0.005,0.834,0.608,-0.9655,3.8482%,4.0805%,11.0646%,-0.034506,LFVN,13599.0,2019-02-07,252.0,-1.0482%,0.005,0.8423,0.5987,-0.9651,3.8473%,4.0818%,11.1572%,0.001729,LFVN,13599.0,2019-02-08,252.0,0.0000%,0.0048,0.8456,0.564,-0.9739,3.8393%,4.0746%,11.2164%,-0.007817,LFVN,13599.0,2019-02-11,252.0,4.0254%,0.0053,0.7215,0.7263,-0.9512,3.7912%,3.9965%,10.0115%,0.037488,LFVN,13599.0,2019-02-12,252.0,5.0238%,0.0054,0.7357,0.7324,-0.945,3.7968%,4.0058%,10.1631%,0.038563,LFVN,13599.0,2019-02-13,252.0,-0.9050%,0.0053,0.7227,0.7476,-0.9463,3.7954%,4.0020%,10.0568%,-0.010988,LFVN,13599.0,2019-02-14,252.0,2.2831%,0.0053,0.7197,0.7524,-0.9503,3.7952%,4.0022%,10.0734%,0.014872,LFVN,13599.0,2019-02-15,252.0,1.2755%,0.0054,0.7402,0.7711,-0.9167,3.7924%,4.0012%,10.1657%,0.007203,LFVN,13599.0,2019-02-19,252.0,0.6927%,0.0054,0.7419,0.7693,-0.9188,3.7922%,4.0008%,10.1563%,0.005934,LFVN,-0.039254,-0.0737599999999999,-0.072031,-0.04236,0.013224
32987,LIMONEIRA CO,Limoneria Into An Agreement With Fgf Trapani Where Limoneira Will Create A Subsidiary In Argentina Under The Name Limoneira Argentina S.a.u. And Will Acquire 25% Of The Parcels Of Finca Santa Clara,6,increase,0.7,0.6,"the establishment of a subsidiary in argentina and acquisition of land suggests potential for growth and expansion, which could positively influence investor sentiment and stock price.",2,2019-02-04,LMNR,2019-02-04 13:51:00+00:00,93397.0,53274610,0.0193692967295646,80835.0,0.005302732810378,0.0077167530544102,0.0109890112653374,0.0156754329800605,0.0043478426523506,0.00463179172948,-0.0021645517554134,0.0055892337113618,-0.0004337666614446,-0.0013953808229416,-0.0034723016433417,-0.0191605873405933,0.0060976175591349,-0.003636360168457,-0.0056277518160641,0.0161662995815277,0.0169787239283323,0.0226735733449459,-0.0141267087310552,-0.010285148397088,0.0095527274534106,0.0185713991522789,0.0004301173612475,-0.0532010942697525,0.0150473080575466,0.0278035402297973,-0.003388391342014,-0.0199818592518568,-0.0093498174101114,-0.001360488939099,0.0060060615651309,0.0040983678773045,-0.0021322448737919,-0.000909938942641,0.0047008809633553,0.0716723203659057,-0.0089324116706848,0.0203980021178722,0.0060086394660174,0.0463301055133342,-0.0076791937462985,-0.029307821765542,-0.0171968881040811,0.0122763011604547,-0.0091863945126533,0.0,0.0114790387451648,0.034528199583292,-0.0043649226427078,0.0074349120259284,0.0841736122965812,0.0300874840468168,-0.0303275380283594,-0.0245463754981756,-0.0104253543540835,-0.0355121232569217,0.0206489581614732,-0.0289855021983385,-0.0123864263296127,0.0085685523226857,-0.0255016982555389,-0.0079999919980764,0.0025740615092217,-0.030538011342287,-0.0081301042810082,-0.0332708992063999,0.0086280778050422,-0.0014038692461326,0.0034217247739434,0.0166508257389068,-0.0093776350840926,-0.0159176103770732,0.0098967105150222,-0.0304130762815475,0.0025565135292708,-0.0143176596611738,0.0050998269580304,-0.024017434567213,0.0143763283267617,-0.0402347445487976,0.0037515696603804,-0.0115989558398723,0.0132890241220593,-0.0074013285338878,0.0157786663621664,-0.0049100178293883,-0.0153783559799194,0.0086669828742742,-0.0139745231717824,-0.0004125506966374,0.0108378585427999,-0.0190206114202737,-0.0078350733965635,-0.0032271814998239,-0.0058187609538435,0.0126634547486901,-0.0062708868645131,-0.0012240181677043,0.0046276273205876,0.0049200835637748,0.0033500806894153,-0.0061125312931835,-0.0275459047406911,-0.0120772635564208,-0.0133046982809901,-0.0247349496930837,0.0182688161730766,0.0027558936271816,0.0046988725662231,0.0031595546752214,-0.0284863971173763,0.0003951097896788,0.0030634438153356,0.0103792510926723,0.0074171060696244,0.0060240812599658,-0.0108271976932883,-0.0196850392967462,-0.0043783001601696,-0.0120575446635484,0.005302732810378,0.0077167530544102,0.0163500158663059,0.0235131494797988,0.0207689458150066,0.0282538492205735,0.0181176214743061,0.0325581751317558,0.0176757188558098,0.0378682281443039,0.0570040183461499,0.1232442966164284,0.0079107920243606,-0.1332101216806185,2019-02-05,2019-02-06,2019-02-07,2019-02-08,2019-02-11,2019-02-12,2019-02-13,2019-02-14,2019-02-15,2019-02-19,93397.0,2019-02-04,252.0,1.9369%,0.0005,0.7909,0.9381,0.368,1.9544%,2.1665%,18.6207%,0.0108139999999999,LMNR,93397.0,2019-02-05,252.0,0.5303%,0.0006,0.7768,0.9317,0.3496,1.9519%,2.1564%,18.0636%,0.0047599999999999,LMNR,93397.0,2019-02-06,252.0,1.0989%,0.0007,0.7534,0.939,0.3281,1.9514%,2.1431%,17.0894%,0.0124459999999999,LMNR,93397.0,2019-02-07,252.0,0.4348%,0.0007,0.7518,0.9365,0.3308,1.9525%,2.1430%,16.9870%,0.011195,LMNR,93397.0,2019-02-08,252.0,-0.2165%,0.0007,0.7523,0.9289,0.3282,1.9517%,2.1418%,16.9609%,-0.001127,LMNR,93397.0,2019-02-11,252.0,-0.0434%,0.0007,0.7252,0.9422,0.3212,1.9487%,2.1286%,16.1940%,-0.008472,LMNR,93397.0,2019-02-12,252.0,-0.3472%,0.0006,0.7081,0.9541,0.3103,1.9476%,2.1245%,15.9531%,-0.013078,LMNR,93397.0,2019-02-13,252.0,0.6098%,0.0006,0.7041,0.9618,0.3123,1.9468%,2.1230%,15.9085%,0.003225,LMNR,93397.0,2019-02-14,252.0,-0.5628%,0.0006,0.7065,0.9577,0.3158,1.9468%,2.1230%,15.9145%,-0.007439,LMNR,93397.0,2019-02-15,252.0,1.6979%,0.0006,0.7063,0.9579,0.316,1.9468%,2.1222%,15.8510%,0.004985,LMNR,93397.0,2019-02-19,252.0,-1.4127%,0.0003,0.6876,0.9663,0.327,1.9284%,2.0991%,15.6043%,-0.019295,LMNR,0.0155739999999999,0.0280199999999999,0.039215,0.0296159999999999,-0.001986
32995,DORIAN L P G LTD,"Dorian LPG Q3 EPS $0.01 Beats $(0.03) Estimate, Sales $55.113M Beat $47.83M Estimate",6,increase,0.8,0.6,"the company reported better-than-expected earnings and sales, which typically leads to a positive reaction in stock prices.",2,2019-02-04,LPG,2019-02-04 11:11:00+00:00,14642.0,Y2106R11,0.0144665315747261,143839.0,0.0142602352425456,0.0091241225600242,-0.0210896097123622,0.0073529342189431,-0.0430880151689052,-0.0180505253374576,0.0525328740477562,-0.0053860340267419,0.0213903542608022,-0.0396551750600338,0.0052356384694576,0.0211268253624439,0.0156249431893229,0.0142857013270258,0.0410256832838058,-0.0017825718969106,0.0016419953899458,-0.0788177326321601,0.0163934268057346,0.0016447744565084,0.0064516067504882,-0.0364500842988491,-0.0224358774721622,0.0015872621443122,0.0049180672504007,-0.0015847467584535,-0.008156637661159,-0.0047318940050899,-0.0148026570677757,-0.0062695862725377,0.0016694873338565,-0.0184615217149257,-0.0166666507720947,0.0124610476195812,-0.0254237446933984,0.0371567085385322,-0.0226087160408496,0.0197693388909101,0.0017794001614674,0.0574913620948791,-0.0195382107049226,-0.013745772652328,-0.016304375603795,-0.0017152233049273,-0.0257826652377843,0.0,0.009451831690967,0.0139130298048257,0.0355805344879627,-0.0103270122781395,-0.010849985294044,0.0104347728192806,0.0201097149401903,-0.0254237446933984,0.0340501889586448,0.036906860768795,-0.0051993429660797,-0.0323129333555698,-0.0052264346741139,-0.0280991848558187,0.0297723431140184,-0.0146579276770353,0.0374149307608604,-0.0191693864762783,-0.0295081697404384,-0.0324574299156665,-0.0168918762356042,-0.02998504973948,0.0120274387300014,0.0106060868129134,0.0407470725476741,0.0060975551605224,-0.0195758379995822,-0.0030395109206438,0.0682196095585823,-0.0134932762011885,0.0186915714293718,-0.0319303050637245,0.0321100987493991,-0.0336606241762638,0.0474074333906173,0.0142247369512915,0.0212163534015417,-0.0222531072795391,0.0650969892740249,-0.0257452651858329,0.0338101089000701,0.0109588932245969,0.0327044315636158,0.0055096363648772,0.0012180546764284,0.0371428914368152,-0.0194647014141082,-0.0371389240026474,-0.0223325435072183,0.0490620732307434,-0.0038071330636739,-0.0480769723653793,-0.0038216221146285,-0.0280373245477676,0.011508909985423,-0.0118733709678053,0.0050568850710988,0.0,0.0012578904861584,0.0053050345741212,0.0766331255435943,0.0026595718227326,-0.0210034251213073,0.0040053687989711,-0.0059594982303678,-0.0832313671708107,-0.025179861113429,-0.0180288013070821,0.0073800082318484,0.0158730298280715,-0.0207569152116775,0.0211968962103128,-0.0049875853583216,-0.0074256765656173,0.0142602352425456,0.0091241225600242,-0.0071301172654884,0.0165441458519568,-0.0499109098335022,-0.0018050100093881,0.0213903549495888,-0.046551720662196,0.1051692803816832,-0.0904604784929534,0.0178252932365989,-0.0859504027262813,0.4224598660211049,-0.315594019753004,2019-02-05,2019-02-06,2019-02-07,2019-02-08,2019-02-11,2019-02-12,2019-02-13,2019-02-14,2019-02-15,2019-02-19,14642.0,2019-02-04,252.0,1.4467%,-0.001,0.9812,0.6657,0.347,2.2603%,2.5065%,18.6777%,0.005768,LPG,14642.0,2019-02-05,252.0,1.4260%,-0.001,0.9931,0.6649,0.3509,2.2602%,2.5079%,18.7750%,0.012556,LPG,14642.0,2019-02-06,252.0,-2.1090%,-0.0012,1.0558,0.6451,0.4102,2.2511%,2.5110%,19.6351%,-0.019184,LPG,14642.0,2019-02-07,252.0,-4.3088%,-0.0013,1.0648,0.6477,0.4022,2.2605%,2.5237%,19.7673%,-0.034131,LPG,14642.0,2019-02-08,252.0,5.2533%,-0.0011,1.055,0.6418,0.3574,2.2865%,2.5459%,19.3374%,0.053926,LPG,14642.0,2019-02-11,252.0,2.1390%,-0.001,1.0312,0.6859,0.3688,2.2849%,2.5285%,18.3436%,0.014755,LPG,14642.0,2019-02-12,252.0,0.5236%,-0.001,1.0267,0.6863,0.3664,2.2853%,2.5278%,18.2618%,-0.008399,LPG,14642.0,2019-02-13,252.0,1.5625%,-0.001,1.0163,0.7091,0.3736,2.2805%,2.5194%,18.0689%,0.011982,LPG,14642.0,2019-02-14,252.0,4.1026%,-0.0007,1.0098,0.7341,0.3405,2.2727%,2.5142%,18.2878%,0.04154,LPG,14642.0,2019-02-15,252.0,0.1642%,-0.0008,0.9909,0.7158,0.3081,2.2726%,2.5065%,17.7877%,-0.013338,LPG,14642.0,2019-02-19,252.0,1.6393%,-0.0007,0.9944,0.7219,0.3147,2.2739%,2.5085%,17.8325%,0.011411,LPG,0.018324,-0.0008599999999999,-0.034991,0.03369,0.076886
33003,MASTERCARD INC,"Raymond James Raises Mastercard Price Target, Says Quarter-To-Date Performance 'Surprisingly Strong'",6,increase,0.8,0.6,"the positive revision of the price target by raymond james, coupled with the mention of surprisingly strong performance, is likely to boost investor confidence and drive the stock price higher.",2,2019-02-04,MA,2019-02-04 17:27:00+00:00,91233.0,57636Q10,0.0053328312933444,4397521.0,0.0044204406440258,0.0125041408464312,-0.0025942628271877,0.0348495282232761,-0.0061774351634085,0.023991160094738,0.0121979741379618,-0.0045963139273226,0.002400980098173,-0.0136986235156655,0.0083371605724096,0.0157666020095348,0.0074459346942603,0.0072598294354975,-0.0033100377768278,-0.0055650286376476,0.0104635963216424,-0.0125742238014936,-0.0068434751592576,0.0134965758770704,0.0023573338985443,0.0077867889776825,-0.0081407586112618,0.0063606756739318,0.0182846654206514,0.0055775041691958,0.0,-0.0023991896305233,0.0030449249316006,-0.0053313178941607,0.0025446754880249,0.0060274438001215,0.0008905772701837,0.0181506425142288,0.0110334819182753,0.0072691012173891,-0.0042244521901011,0.0076939649879932,-0.0003093025297857,0.0473562330007553,-0.0077358321286737,-0.0451144315302372,-0.0091771623119711,0.0057779573835432,-0.0024279868230223,0.0133755384013056,0.0169919524341821,-0.0134082287549972,0.0057614035904407,0.0121225649490952,0.0068740528076887,0.0674491822719574,0.004420107230544,-0.003082416485995,0.0072328164242208,-0.0411581397056579,-0.0033741348888725,-0.0235677026212215,0.0026910677552223,-0.0234330426901578,-0.0048482539132237,0.0060908566229045,0.026012422516942,-0.0249833855777978,-0.0216644797474145,-0.0182448979467153,-0.0014733764110133,-0.0066403048112988,0.0124554950743913,0.0128956595435738,-0.0033005659934133,-0.0016156319761648,0.0100636342540383,0.0079389186576008,0.0025121192447841,-0.0319720432162284,0.0152898961678147,0.0124694490805268,0.0008784415549598,-0.0446487888693809,-0.0013792603276669,0.0437160842120647,-0.0120118660852313,0.0224245078861713,0.0024146714713424,-0.0277832467108964,-0.0001267827319679,0.0481915399432182,-0.0015236830804497,0.0058899638243019,0.0048747146502137,0.0506571717560291,-0.0043027261272072,-0.0269636437296867,0.0118200667202472,0.0032075596973299,0.0013398319715633,-0.0117286620661616,0.0039305980317294,-0.0490353442728519,0.0037902605254203,-0.0083205290138721,-0.0004564340633805,0.0158417094498872,0.0089667635038495,-0.0029772233683615,0.0018103370675817,-0.0048709511756896,0.007392450235784,-0.0315144248306751,0.0013046081876382,-0.0155128100886941,0.0043564676307141,0.0029773102141916,0.0018242752412334,0.0456440448760986,0.0287702847272157,0.0059096785262227,-0.0215937905013561,0.001314963097684,0.0044204406440258,0.0125041408464312,0.0018147100319954,0.0477894324790428,-0.0043739353849761,0.0729271164992222,0.010190322961932,0.0533655369187626,0.0264296335692415,0.0725503364437016,0.0749150375532303,0.1175663494619276,0.159077877856318,0.0830309917919831,2019-02-05,2019-02-06,2019-02-07,2019-02-08,2019-02-11,2019-02-12,2019-02-13,2019-02-14,2019-02-15,2019-02-19,91233.0,2019-02-04,252.0,0.5333%,0.0007,1.173,-0.3441,-0.9231,0.8872%,1.8455%,76.8928%,-0.005821,MA,91233.0,2019-02-05,252.0,0.4420%,0.0007,1.18,-0.339,-0.9104,0.8869%,1.8433%,76.8510%,-0.0065369999999999,MA,91233.0,2019-02-06,252.0,-0.2594%,0.0006,1.1961,-0.3442,-0.8945,0.8848%,1.8293%,76.6064%,0.000505,MA,91233.0,2019-02-07,252.0,-0.6177%,0.0006,1.1917,-0.3417,-0.8931,0.8855%,1.8217%,76.3732%,0.007887,MA,91233.0,2019-02-08,252.0,1.2198%,0.0006,1.191,-0.3466,-0.899,0.8855%,1.8229%,76.4013%,0.0050339999999999,MA,91233.0,2019-02-11,252.0,0.2401%,0.0006,1.1952,-0.3447,-0.8958,0.8858%,1.7961%,75.6776%,0.004989,MA,91233.0,2019-02-12,252.0,0.8337%,0.0006,1.1835,-0.337,-0.9032,0.8853%,1.7884%,75.4960%,-0.009472,MA,91233.0,2019-02-13,252.0,0.7446%,0.0006,1.1854,-0.3386,-0.9024,0.8855%,1.7857%,75.4076%,0.004867,MA,91233.0,2019-02-14,252.0,-0.3310%,0.0005,1.1862,-0.3415,-0.8986,0.8854%,1.7847%,75.3860%,-0.004394,MA,91233.0,2019-02-15,252.0,1.0464%,0.0006,1.1867,-0.3408,-0.8976,0.8855%,1.7838%,75.3583%,0.002126,MA,91233.0,2019-02-19,252.0,-0.6843%,0.0006,1.1881,-0.3483,-0.9062,0.8847%,1.7831%,75.3837%,-0.0055169999999999,MA,-0.012358,-0.0118529999999999,-0.0039659999999999,0.006057,-0.006333
33011,MARCUS CORP,The Marcus Corp. Issues Press Release Highlighting Commencement OF 1.5M Share Common Stock Offering Via Selling Shareholders,6,decrease,0.7,0.6,"the issuance of additional shares typically dilutes existing shareholders' equity, which can lead to a decrease in stock price.",0,2019-02-04,MCS,2019-02-04 21:45:00+00:00,51423.0,56633010,-0.0094867283478379,216076.0,0.0004911703872494,-0.0776306763291359,-0.0427099056541919,-0.001791754271835,-0.0002563672314863,-0.0029030204750597,0.0164144486188888,0.0423649847507476,-0.0148877147585153,-0.0053252964280545,0.0233094226568937,0.0041850805282592,-0.0017521826084703,0.0,0.0190571285784244,0.0065527446568012,-0.0125491712242364,-0.0115660419687628,-0.0134562896564602,0.0032489995937794,0.0287951342761516,0.0016271430067718,0.0164498407393693,0.0056101377122104,0.0236714854836463,0.0077738049440085,-0.0184049680829048,-0.0039886948652565,0.0072116120718419,0.004004668444395,-0.0021479749120771,-0.0081775346770882,0.0138722313567996,-0.0060381358489394,0.01745699159801,0.0333574116230011,-0.0123342471197247,0.0225766412913799,-0.003770024748519,0.0337392650544643,-0.0089876363053917,-0.004042537882924,-0.0102625368162989,0.0020253628026694,0.0007233850774355,0.0091977678239345,0.0228915847837925,0.0163594149053096,-0.0282685682177543,-0.0079856095835566,-0.0050908867269754,0.0368590056896209,-0.0019493623403832,-0.006896608043462,-0.0100097618997097,-0.0286008901894092,-0.0004932295414619,-0.0273182988166809,-0.0204786099493503,-0.0343658812344074,-0.0125944586470723,0.0016969622811302,0.0170917902141809,-0.0300963744521141,-0.026084704324603,0.0068654613569378,0.0226628184318542,-0.0091484719887375,0.0027700986247509,0.0205889530479908,-0.001255631330423,0.0062636025249958,0.0118179833516478,0.0050847236998379,-0.0047217304818332,0.0087933717295527,0.0024969361256808,-0.0021935207769274,-0.0194272119551897,-0.0354960523545742,0.0030480758287012,0.0018841694109141,0.0088629638776183,-0.0143918925896287,0.0027610594406723,-0.0004639592661987,0.0077596385963261,0.018912510946393,-0.0079483287408947,0.0023696320131421,0.0175263099372386,0.0064393146894872,0.0140255829319357,0.0002377137279836,-0.0016986094415187,0.0223571844398975,-0.0024306871928274,-0.0110550122335553,-0.0060916179791092,-0.0144481426104903,-0.0071096080355346,-0.0156213147565722,-0.0192592293024063,0.0372430719435215,-0.0176233816891908,0.0087825516238808,-0.0048692626878619,-0.0014615727122873,-0.0015452322550117,-0.0055716945789754,-0.0451379939913749,-0.0053012343123555,0.0297136269509792,0.0021733918692916,-0.0207239538431167,0.0344741716980934,0.0077684726566076,-0.0108723109588027,-0.0066454014740884,0.0289854910224676,0.0004911703872494,-0.0776306763291359,-0.0422397131078421,-0.0792833355050328,-0.0424852514610202,-0.0819561948337904,-0.0412573726264984,-0.048159254708174,-0.0277505148611226,-0.0459503284183434,-0.0214188666575133,-0.005082264390021,-0.0788520110608318,0.0489973366819875,2019-02-05,2019-02-06,2019-02-07,2019-02-08,2019-02-11,2019-02-12,2019-02-13,2019-02-14,2019-02-15,2019-02-19,51423.0,2019-02-04,252.0,-0.9487%,0.002,0.7796,0.9516,0.5272,1.5055%,1.7564%,26.5297%,-0.017428,MCS,51423.0,2019-02-05,252.0,0.0491%,0.0021,0.7638,0.9465,0.5104,1.5010%,1.7419%,25.7390%,0.000963,MCS,51423.0,2019-02-06,252.0,-4.2710%,0.0019,0.7512,0.9513,0.4921,1.5248%,1.7507%,24.1466%,-0.041392,MCS,51423.0,2019-02-07,252.0,-0.0256%,0.002,0.7552,0.9444,0.4938,1.5240%,1.7507%,24.2273%,0.005947,MCS,51423.0,2019-02-08,252.0,1.6414%,0.0021,0.7518,0.96,0.4896,1.5216%,1.7493%,24.3476%,0.01857,MCS,51423.0,2019-02-11,252.0,-1.4888%,0.002,0.7454,0.9313,0.4707,1.5300%,1.7488%,23.4557%,-0.023502,MCS,51423.0,2019-02-12,252.0,2.3309%,0.002,0.7462,0.9388,0.4698,1.5307%,1.7515%,23.6227%,0.013686,MCS,51423.0,2019-02-13,252.0,-0.1752%,0.002,0.7454,0.9374,0.4679,1.5313%,1.7515%,23.5614%,-0.004834,MCS,51423.0,2019-02-14,252.0,1.9057%,0.0021,0.7413,0.9462,0.4588,1.5345%,1.7543%,23.4866%,0.018362,MCS,51423.0,2019-02-15,252.0,-1.2549%,0.002,0.7329,0.9356,0.4413,1.5425%,1.7566%,22.8894%,-0.0255929999999999,MCS,51423.0,2019-02-19,252.0,-1.3456%,0.0019,0.7301,0.9206,0.4246,1.5478%,1.7593%,22.5979%,-0.018986,MCS,-0.016465,-0.057857,-0.05191,-0.056842,-0.074207
33019,MACROGENICS INC,Macrogenics shares are trading lower after Citigroup downgraded the stock from Neutral to Sell and lowered the price target from $22 to $10.,6,decrease,0.85,0.7,the downgrade from neutral to sell and the significant reduction in the price target typically lead to negative sentiment and a decrease in stock price.,0,2019-02-04,MGNX,2019-02-04 14:38:00+00:00,14257.0,55609910,-0.0069991182535886,1563878.0,-0.021145436912775,-0.0255753826349973,1.304230570793152,0.0262466520071029,-0.1066406071186066,-0.00953203253448,-0.018801936879754,0.0167400501668453,-0.0476826950907707,-0.0299144815653562,-0.0177819859236478,0.0227272938936948,0.0142925744876265,0.003508768742904,-0.0079849725589156,-0.0112749449908733,0.0340908765792846,-0.0633631721138954,0.0141941150650382,-0.0183412712067365,0.0036117348354309,-0.0226032715290784,-0.0157445073127746,-0.051736868917942,-0.0306215770542621,0.0014803481753915,0.0245167594403028,-0.0552447512745857,-0.0409571751952171,0.031746070832014,0.0139154996722936,0.0021691781003028,-0.0534784272313118,-0.0308339539915323,0.0234999656677246,0.0156583823263645,-0.0107474019750952,0.0563909783959388,-0.0079012271016836,0.0555555373430252,-0.0428073965013027,-0.0047392942942678,-0.0083203250542283,-0.003149603260681,0.0136339925229549,0.0071372049860656,0.022245230153203,0.0015885229222476,-0.006072917021811,0.0072000119835138,0.0274949558079242,0.0638297870755195,-0.0460852459073066,-0.0033927024342119,-0.0062338099814951,-0.0552884303033351,-0.0026136559899896,-0.0234741941094398,-0.0099580995738506,-0.0281368736177682,0.0185283422470092,-0.0186567176133394,0.030145525932312,-0.021183343604207,-0.0423814430832862,-0.0724932700395584,0.0337197743356227,0.0307262949645519,0.0163098722696304,0.0084506962448358,-0.0646941289305687,0.0573342889547348,-0.0611259751021862,-0.1815965622663498,0.0268417652696371,-0.011445814743638,0.0305896084755659,0.0593490935862064,0.0140313124284148,-0.0793184712529182,0.0133049488067627,-0.0110400142148137,0.0099789192900061,0.0274626314640045,0.0249609760940074,-0.0423098802566528,-0.0172500386834144,0.0710348933935165,-0.0387196689844131,-0.0455874130129814,-0.0150376297533512,-0.0058104870840907,-0.0321701280772686,0.0,-0.0191549379378557,0.0299222040921449,0.0045950561761856,-0.0100710950791835,-0.0348771065473556,-0.0359795019030571,-0.0313980318605899,0.0017162864096462,-0.0085627706721425,0.0523780174553394,0.0061690551228821,-0.0118976123631,0.0306560397148132,0.0114319268614053,-0.0184413734823465,-0.0426267124712467,0.0090908855199813,-0.04876708984375,0.0138137862086296,0.09939756244421,0.0219194814562797,-0.0113162910565733,-0.0278260596096515,0.0157289914786815,0.0005963165313005,-0.027074696496129,-0.021145436912775,-0.0255753826349973,1.2555066086259576,1.2041363461889887e-09,1.0149780145220562,-0.0095320313418215,0.88281942503934,-0.0230768802148578,0.9515417874019017,-0.0885167169977476,0.6643171052397636,-0.1307984294277485,0.4784141317523809,-0.3272513051257917,2019-02-05,2019-02-06,2019-02-07,2019-02-08,2019-02-11,2019-02-12,2019-02-13,2019-02-14,2019-02-15,2019-02-19,14257.0,2019-02-04,252.0,-0.6999%,-0.0022,1.3815,1.3832,-0.0378,3.0474%,3.5060%,24.4467%,-0.023976,MGNX,14257.0,2019-02-05,252.0,-2.1145%,-0.0023,1.39,1.3949,-0.0118,3.0506%,3.5059%,24.2871%,-0.026306,MGNX,14257.0,2019-02-06,252.0,130.423%,0.0029,1.3323,1.3906,0.1093,8.7951%,8.9414%,3.2455%,1.3073400000000002,MGNX,14257.0,2019-02-07,252.0,-10.6641%,0.0024,1.3488,1.4109,0.0846,8.8153%,8.9663%,3.3402%,-0.092968,MGNX,14257.0,2019-02-08,252.0,-1.8802%,0.0022,1.3536,1.386,0.0885,8.8139%,8.9645%,3.3313%,-0.0202369999999999,MGNX,14257.0,2019-02-11,252.0,-4.7683%,0.0019,1.3745,1.2831,0.0438,8.8208%,8.9697%,3.2919%,-0.059029,MGNX,14257.0,2019-02-12,252.0,-1.7782%,0.0017,1.354,1.2811,0.0336,8.8241%,8.9703%,3.2321%,-0.036758,MGNX,14257.0,2019-02-13,252.0,1.4293%,0.0018,1.3606,1.2733,0.0342,8.8240%,8.9706%,3.2427%,0.009609,MGNX,14257.0,2019-02-14,252.0,-0.7985%,0.0016,1.3621,1.2651,0.0458,8.8230%,8.9690%,3.2277%,-0.011651,MGNX,14257.0,2019-02-15,252.0,3.4091%,0.0017,1.3778,1.2807,0.0732,8.8233%,8.9707%,3.2592%,0.015216,MGNX,14257.0,2019-02-19,252.0,1.4194%,0.0019,1.3882,1.2713,0.0618,8.8214%,8.9705%,3.2960%,0.0075429999999999,MGNX,-0.050282,1.2570580000000002,1.1640900000000003,1.0848240000000002,1.068783
33027,MACROGENICS INC,"Citigroup Downgrades Macrogenics to Sell, Lowers Price Target to $10",6,decrease,0.85,0.7,"a downgrade to 'sell' and a lowered price target typically signal negative sentiment, likely leading to a decrease in stock price.",0,2019-02-04,MGNX,2019-02-04 11:50:00+00:00,14257.0,55609910,-0.0069991182535886,1563878.0,-0.021145436912775,-0.0255753826349973,1.304230570793152,0.0262466520071029,-0.1066406071186066,-0.00953203253448,-0.018801936879754,0.0167400501668453,-0.0476826950907707,-0.0299144815653562,-0.0177819859236478,0.0227272938936948,0.0142925744876265,0.003508768742904,-0.0079849725589156,-0.0112749449908733,0.0340908765792846,-0.0633631721138954,0.0141941150650382,-0.0183412712067365,0.0036117348354309,-0.0226032715290784,-0.0157445073127746,-0.051736868917942,-0.0306215770542621,0.0014803481753915,0.0245167594403028,-0.0552447512745857,-0.0409571751952171,0.031746070832014,0.0139154996722936,0.0021691781003028,-0.0534784272313118,-0.0308339539915323,0.0234999656677246,0.0156583823263645,-0.0107474019750952,0.0563909783959388,-0.0079012271016836,0.0555555373430252,-0.0428073965013027,-0.0047392942942678,-0.0083203250542283,-0.003149603260681,0.0136339925229549,0.0071372049860656,0.022245230153203,0.0015885229222476,-0.006072917021811,0.0072000119835138,0.0274949558079242,0.0638297870755195,-0.0460852459073066,-0.0033927024342119,-0.0062338099814951,-0.0552884303033351,-0.0026136559899896,-0.0234741941094398,-0.0099580995738506,-0.0281368736177682,0.0185283422470092,-0.0186567176133394,0.030145525932312,-0.021183343604207,-0.0423814430832862,-0.0724932700395584,0.0337197743356227,0.0307262949645519,0.0163098722696304,0.0084506962448358,-0.0646941289305687,0.0573342889547348,-0.0611259751021862,-0.1815965622663498,0.0268417652696371,-0.011445814743638,0.0305896084755659,0.0593490935862064,0.0140313124284148,-0.0793184712529182,0.0133049488067627,-0.0110400142148137,0.0099789192900061,0.0274626314640045,0.0249609760940074,-0.0423098802566528,-0.0172500386834144,0.0710348933935165,-0.0387196689844131,-0.0455874130129814,-0.0150376297533512,-0.0058104870840907,-0.0321701280772686,0.0,-0.0191549379378557,0.0299222040921449,0.0045950561761856,-0.0100710950791835,-0.0348771065473556,-0.0359795019030571,-0.0313980318605899,0.0017162864096462,-0.0085627706721425,0.0523780174553394,0.0061690551228821,-0.0118976123631,0.0306560397148132,0.0114319268614053,-0.0184413734823465,-0.0426267124712467,0.0090908855199813,-0.04876708984375,0.0138137862086296,0.09939756244421,0.0219194814562797,-0.0113162910565733,-0.0278260596096515,0.0157289914786815,0.0005963165313005,-0.027074696496129,-0.021145436912775,-0.0255753826349973,1.2555066086259576,1.2041363461889887e-09,1.0149780145220562,-0.0095320313418215,0.88281942503934,-0.0230768802148578,0.9515417874019017,-0.0885167169977476,0.6643171052397636,-0.1307984294277485,0.4784141317523809,-0.3272513051257917,2019-02-05,2019-02-06,2019-02-07,2019-02-08,2019-02-11,2019-02-12,2019-02-13,2019-02-14,2019-02-15,2019-02-19,14257.0,2019-02-04,252.0,-0.6999%,-0.0022,1.3815,1.3832,-0.0378,3.0474%,3.5060%,24.4467%,-0.023976,MGNX,14257.0,2019-02-05,252.0,-2.1145%,-0.0023,1.39,1.3949,-0.0118,3.0506%,3.5059%,24.2871%,-0.026306,MGNX,14257.0,2019-02-06,252.0,130.423%,0.0029,1.3323,1.3906,0.1093,8.7951%,8.9414%,3.2455%,1.3073400000000002,MGNX,14257.0,2019-02-07,252.0,-10.6641%,0.0024,1.3488,1.4109,0.0846,8.8153%,8.9663%,3.3402%,-0.092968,MGNX,14257.0,2019-02-08,252.0,-1.8802%,0.0022,1.3536,1.386,0.0885,8.8139%,8.9645%,3.3313%,-0.0202369999999999,MGNX,14257.0,2019-02-11,252.0,-4.7683%,0.0019,1.3745,1.2831,0.0438,8.8208%,8.9697%,3.2919%,-0.059029,MGNX,14257.0,2019-02-12,252.0,-1.7782%,0.0017,1.354,1.2811,0.0336,8.8241%,8.9703%,3.2321%,-0.036758,MGNX,14257.0,2019-02-13,252.0,1.4293%,0.0018,1.3606,1.2733,0.0342,8.8240%,8.9706%,3.2427%,0.009609,MGNX,14257.0,2019-02-14,252.0,-0.7985%,0.0016,1.3621,1.2651,0.0458,8.8230%,8.9690%,3.2277%,-0.011651,MGNX,14257.0,2019-02-15,252.0,3.4091%,0.0017,1.3778,1.2807,0.0732,8.8233%,8.9707%,3.2592%,0.015216,MGNX,14257.0,2019-02-19,252.0,1.4194%,0.0019,1.3882,1.2713,0.0618,8.8214%,8.9705%,3.2960%,0.0075429999999999,MGNX,-0.050282,1.2570580000000002,1.1640900000000003,1.0848240000000002,1.068783
33035,MARKETAXESS HLDGS INC,"Announces Total Monthly Trading Volume for January 2019 Of $176.5 Billion, Consisting Of $92.4 Billion In U.S. High-Grade Volume, $79.2 Billion In Other Credit Volume, And $4.9 Billion In Liquid Products Volume",6,increase,0.7,0.6,"the announcement of a strong total monthly trading volume indicates robust market activity, which is likely to positively influence investor sentiment and increase the stock price of marketaxess hldgs inc.",2,2019-02-04,MKTX,2019-02-04 18:09:00+00:00,90454.0,57060D10,0.013154188171029,192962.0,0.0102111855521798,-0.0053546079434454,0.0009147317614406,0.0216440055519342,0.0076311379671096,-0.015362991951406,0.0007256073295138,-0.0219881031662225,0.0130964759737253,-0.005240345839411,0.0105564771220088,0.0031999859493225,0.0125105008482933,-0.0048223356716334,-0.0064408765174448,0.0069170612841844,0.0121273593977093,-0.0040149176493287,0.0132020339369773,0.0147691424936056,0.0044294060207903,-0.0012022866867482,0.006807364989072,0.0254646949470043,0.0162017252296209,0.015897499397397,0.0101267863065004,-0.0235664639621973,-0.0038941234815865,-0.0003761782718356,0.0168434306979179,-0.0022051290143281,-0.0025357673875987,-0.0163828656077384,-0.0032393329311162,-0.0007839074241928,-0.0227487720549106,0.0119458585977554,-0.0153224421665072,0.0314786694943904,-0.0145348580554127,-0.0069308932870626,-0.0220371410250663,-0.0099379625171422,0.0010202081175521,0.0181160904467105,0.0066025857813656,0.008258425630629,0.0115336989983916,0.0067491801455616,0.0030028829351067,0.0257863812148571,0.0058141900226473,-0.0269465669989585,0.0070316419005393,-0.0216352976858615,0.0179917626082897,-0.017225993797183,-0.0085002705454826,-0.0014997051330283,0.0067906212061643,-0.0273067355155944,0.0123935686424374,-0.0315231755375862,-0.0075783114880323,-0.0123833455145359,0.003272630739957,0.0046873968094587,0.0190699137747287,-0.0018365392461419,0.0057452772743999,0.0101148793473839,0.0058756424114108,0.0074311317875981,-0.001784854917787,0.0127078182995319,0.0026007776614278,-0.0003603848454076,0.0079847648739814,0.0123125193640589,-0.0080823907628655,0.0071648261509835,0.0070131793618202,0.0124621838331222,0.0220602862536907,-0.0043981340713799,0.0167395938187837,-0.0084010548889637,0.0032926921267062,0.0126446988433599,-0.0020464065019041,0.0075409864075481,-0.0047976099886,-0.0064684227108955,0.0102247288450598,-0.0098603852093219,0.0072733657434582,0.0110878404229879,0.00450837938115,0.0055276746861636,-0.0026243815664201,0.0163786243647337,0.0064447331242263,-0.0002855802595149,-0.0067823901772499,0.011068882420659,0.0014114946825429,0.0018804214196279,0.0071619232185184,-0.0051803621463477,0.0040849782526493,0.0109591428190469,0.0158969387412071,-0.0089388722553849,0.0245475936681032,0.0039564189501106,0.0073470822535455,0.002848993986845,0.0133295804262161,-0.0313391499221324,0.0102111855521798,-0.0053546079434454,0.011135257809367,0.0161735024444324,0.0188513704651194,0.0005620371051466,0.0329437010229338,-0.0265664252733256,0.0768661135479924,-0.0109727788416421,0.091129249655167,0.0011716704221507,0.3060950224198182,0.0012296636893307,2019-02-05,2019-02-06,2019-02-07,2019-02-08,2019-02-11,2019-02-12,2019-02-13,2019-02-14,2019-02-15,2019-02-19,90454.0,2019-02-04,252.0,1.3154%,0.0005,0.3039,-0.0153,0.0388,1.4335%,1.4723%,5.2069%,0.011169,MKTX,90454.0,2019-02-05,252.0,1.0211%,0.0005,0.3122,-0.0155,0.042,1.4332%,1.4735%,5.3905%,0.0090239999999999,MKTX,90454.0,2019-02-06,252.0,0.0915%,0.0005,0.3412,-0.0248,0.0707,1.4290%,1.4733%,5.9187%,0.001471,MKTX,90454.0,2019-02-07,252.0,0.7631%,0.0006,0.3478,-0.0376,0.0745,1.4269%,1.4726%,6.1091%,0.010396,MKTX,90454.0,2019-02-08,252.0,0.0726%,0.0006,0.3477,-0.0372,0.0745,1.4269%,1.4725%,6.1033%,0.000845,MKTX,90454.0,2019-02-11,252.0,1.3096%,0.0007,0.3252,0.0005,0.0831,1.4237%,1.4612%,5.0723%,0.012584,MKTX,90454.0,2019-02-12,252.0,1.0556%,0.0007,0.3308,-0.0026,0.0865,1.4238%,1.4625%,5.2237%,0.006175,MKTX,90454.0,2019-02-13,252.0,1.2511%,0.0007,0.329,0.0047,0.0904,1.4246%,1.4625%,5.1156%,0.011425,MKTX,90454.0,2019-02-14,252.0,-0.6441%,0.0007,0.3298,0.001,0.0955,1.4237%,1.4617%,5.1222%,-0.00535,MKTX,90454.0,2019-02-15,252.0,1.2127%,0.0006,0.3212,-0.0059,0.0826,1.4208%,1.4571%,4.9186%,0.00784,MKTX,90454.0,2019-02-19,252.0,1.3202%,0.0007,0.3228,0.0023,0.0917,1.4226%,1.4587%,4.8939%,0.012261,MKTX,0.020193,0.021664,0.03206,0.0454889999999999,0.0778399999999999
33043,MESA LABORATORIES INC,"Mesa Laboratories Q3 EPS $1.83 Beats $0.80 Estimate, Sales $26.682M Beat $26M Estimate",6,increase,0.85,0.7,the significant earnings per share (eps) beat and sales exceeding estimates are likely to positively influence investor sentiment and drive the stock price up.,2,2019-02-04,MLAB,2019-02-04 13:04:00+00:00,53074.0,59064R10,0.0142088131979107,37227.0,-0.0080055529251694,0.0003972822159994,0.0074561270885169,0.0357550717890262,0.0203308593481779,0.0061646574176847,-0.0001706416660454,-0.0051716468296945,-0.0146375112235546,-0.0068632997572422,0.0133824674412608,0.0030546099878847,-0.0058122165501117,0.0048561370931565,-0.0063620810396969,0.0058522848412394,0.0036772922612726,0.0044433763250708,0.0036206739023327,0.0001852161803981,-0.0010307087795808,9.254601172870024e-05,0.0102751478552818,0.0058209928683936,0.001446854439564,0.0124469557777047,-0.0009773328201845,-0.0066504222340881,-0.0072310171090066,0.0048000202514231,-0.0014995480887591,-0.0023006033152341,-0.0120228566229343,0.0210450589656829,0.0441132150590419,-0.0004312441160436,-0.0026223978493362,4.796705979970284e-05,-0.0151913501322269,0.0191941037774086,-0.0188159607350826,-0.0133956475183367,-0.0164125729352235,-0.0041268803179264,-0.0014051379403099,0.005306604783982,0.0083109773695468,0.0081707732751965,-0.0069777849130332,0.0357142649590969,0.002766819903627,0.0270046610385179,0.0191827826201915,0.0001034989254549,0.0137079935520887,-0.0318573452532291,-0.0156421680003404,-0.0213725510984659,-0.0073640528135001,-0.0060901339165866,-0.0107158403843641,-0.0083582745864987,0.0178046636283397,-0.0016881594201549,-0.0252918917685747,-0.01543356385082,-0.0056140227243304,-0.0057131662033498,0.0446766093373298,0.0011344373924657,0.0122127449139952,0.00023642105225,-0.0116029540076851,-0.0002835959603544,-0.0196078456938266,-0.0127858398482203,-0.0069848182611167,-0.0154821295291185,-0.0006990417605265,-0.011399739421904,0.019061779603362,-0.0052408226765692,-0.005534314084798,0.001266618957743,-0.0052200462669134,0.0524262636899948,0.0130101051181554,0.0349071733653545,-0.0138276284560561,0.0016273884102702,0.0079006431624293,0.0020260100718587,-0.0005598657298833,0.0081701762974262,-0.007972446270287,0.0018466516630724,-0.0046046809293329,-0.0010470494162291,-0.0064589148387312,0.0057667694054543,-0.0197663176804781,0.0072225499898195,-0.0011651270324364,0.0018723326502367,-0.0110363010317087,-0.0019192165927961,0.0388314165174961,-0.002518891589716,0.0196506548672914,0.0017663694452494,-0.0107066379860043,0.0046645957045257,0.0181385390460491,0.0012182863429188,-0.0027212013956159,0.0289908219128847,0.009123851545155,0.0109843779355287,-0.004731907043606,-0.0031585916876792,-0.0080055529251694,0.0003972822159994,-0.0006091162566764,0.0361665588591793,0.0197093592345602,0.0425541707222074,0.0046118941387933,0.0300440919676778,0.0130525597590076,0.0491181002693721,0.0035605743272297,0.1041169076778014,0.0256345869491574,0.1938513964098669,2019-02-05,2019-02-06,2019-02-07,2019-02-08,2019-02-11,2019-02-12,2019-02-13,2019-02-14,2019-02-15,2019-02-19,53074.0,2019-02-04,252.0,1.4209%,0.0019,0.7049,0.7006,-0.0408,1.9738%,2.1650%,16.8884%,0.005536,MLAB,53074.0,2019-02-05,252.0,-0.8006%,0.0017,0.7395,0.7172,0.006,1.9593%,2.1603%,17.7452%,-0.010821,MLAB,53074.0,2019-02-06,252.0,0.7456%,0.0017,0.7457,0.715,0.0131,1.9597%,2.1567%,17.4353%,0.00905,MLAB,53074.0,2019-02-07,252.0,2.0331%,0.002,0.7644,0.6797,0.0234,1.9469%,2.1483%,17.8668%,0.028044,MLAB,53074.0,2019-02-08,252.0,-0.0171%,0.0023,0.7626,0.7571,0.0668,1.8732%,2.0831%,19.1377%,-0.001137,MLAB,53074.0,2019-02-11,252.0,-1.4638%,0.0021,0.7766,0.7123,0.0499,1.8766%,2.0853%,19.0129%,-0.020956,MLAB,53074.0,2019-02-12,252.0,1.3382%,0.0022,0.7884,0.6976,0.0586,1.8725%,2.0848%,19.3248%,0.002663,MLAB,53074.0,2019-02-13,252.0,-0.5812%,0.0022,0.7882,0.6936,0.0552,1.8737%,2.0853%,19.2668%,-0.008579,MLAB,53074.0,2019-02-14,252.0,-0.6362%,0.0022,0.7915,0.6884,0.0594,1.8730%,2.0850%,19.3036%,-0.008093,MLAB,53074.0,2019-02-15,252.0,0.3677%,0.0022,0.7887,0.6849,0.0535,1.8738%,2.0842%,19.1695%,-0.0073729999999999,MLAB,53074.0,2019-02-19,252.0,0.3621%,0.0021,0.7792,0.6961,0.067,1.8650%,2.0712%,18.9217%,-0.000125,MLAB,-0.005285,0.003765,0.031809,0.0097159999999999,-0.011791
33051,MERCK & CO INC NEW,Merck Announces the European Medicines Agency Gave a Positive Opinion on KEYTRUDA in Combination with Chemotherapy for First-Line Treatment of Adults with Metastatic Squamous Non-Small Cell Lung Cancer,6,increase,0.8,0.7,the positive opinion from the european medicines agency for keytruda in a significant cancer treatment indication is likely to boost investor confidence and increase merck's stock price.,2,2019-02-04,MRK,2019-02-04 11:50:00+00:00,22752.0,58933Y10,0.0054938630200922,11282641.0,0.0036424973513931,0.0271395482122898,0.0031107952818274,0.0144472876563668,-0.0073652886785566,0.0019117763731628,0.0091121708974242,0.0042513054795563,-0.0104488851502537,-0.0004112238530069,0.0235953275114297,-0.0030067134648561,0.0063678044825792,-0.0300901941955089,-0.0010123285464942,-0.0051430752500891,0.0110209668055176,-0.0005272296839393,-0.0071419584564864,0.0035714851692318,0.002397809876129,0.0132689699530601,0.0050359000451862,0.0014765182277187,0.0117749562487006,0.0154013521969318,-0.004828518256545,-0.020427219569683,0.0044787339866161,0.0056390729732811,-0.0014861917588859,-0.0123325856402516,0.0083105694502592,-0.0076325070112943,0.0044285962358117,0.0074240695685148,-0.0034292563796043,-0.0110134575515985,0.0040554772131145,0.0301187969744205,-0.0115054445341229,-0.0205052979290485,-0.003838598029688,-0.0107316747307777,-0.0080794766545295,0.0137986056506633,0.0134085165336728,-0.0001325883204117,0.0044515961781144,0.0186486113816499,0.0045549068599939,0.0400561951100826,0.0053921495564281,-0.0240054856985807,0.0009817380923777,-0.0080282539129257,-0.0026970850303769,-0.0037955644074827,0.0068838992156088,-0.0075340396724641,0.0020754262804985,-0.0119633320719003,0.0105993552133441,-0.0163441412150859,-0.0079565532505512,-0.0250601023435592,0.000729099032469,0.012818869203329,0.0069216722622513,0.0116716576740145,-0.0075976513326168,-0.0040041017346084,0.0041316845454275,0.0091240480542182,0.0065351678058505,-0.0210539940744638,0.0015631223795935,0.0020458209328353,-0.0010804797057062,-0.012749332934618,-0.0003605189267545,-0.0015124165220186,-0.0159894432872533,0.0183544158935546,-0.00855219271034,0.008804871700704,-0.0024646280799061,0.0116584626957774,-0.0018529203953221,0.0119299292564392,0.0002474831999279,0.0103120971471071,-0.0121257528662681,-0.0016045293305069,-0.0051352209411561,0.0001337541616521,-0.0113307507708668,-0.0205631926655769,-0.0123519832268357,0.0038127915468066,-0.0469314008951187,0.0163014605641365,-0.0098754838109016,0.010122824460268,0.0036889824550598,-0.006969632115215,0.0155186410993337,-0.0010711182840168,0.0017426927806809,-0.0022708813194185,0.0215441305190324,-0.0082141328603029,0.0037988070398569,0.0053276708349585,0.0019574780017137,0.0241441056132316,0.0251367595046758,0.0025983972009271,0.0001270758075406,0.0117615349590778,0.0036424973513931,0.0271395482122898,0.0067646236967953,0.0419789287285434,-0.0006504883880901,0.0439709594258201,-0.0020814832166784,0.047978068015831,0.0308312097751752,0.0112433642583091,0.0727570630460716,0.0285213894410607,0.0309783108182553,0.065446029051998,2019-02-05,2019-02-06,2019-02-07,2019-02-08,2019-02-11,2019-02-12,2019-02-13,2019-02-14,2019-02-15,2019-02-19,22752.0,2019-02-04,252.0,0.5494%,0.0012,0.6545,-0.4367,0.0118,0.9694%,1.2417%,39.0526%,0.002846,MRK,22752.0,2019-02-05,252.0,0.3642%,0.0012,0.6468,-0.4391,0.0038,0.9678%,1.2333%,38.4297%,0.00045,MRK,22752.0,2019-02-06,252.0,0.3111%,0.0013,0.6314,-0.4342,-0.0109,0.9663%,1.2095%,36.1802%,0.0043869999999999,MRK,22752.0,2019-02-07,252.0,-0.7365%,0.0014,0.6503,-0.4569,-0.009,0.9463%,1.2054%,38.3650%,-0.002115,MRK,22752.0,2019-02-08,252.0,0.9112%,0.0014,0.6494,-0.4687,-0.0207,0.9448%,1.2057%,38.5951%,0.008593,MRK,22752.0,2019-02-11,252.0,-1.0449%,0.0013,0.6553,-0.4874,-0.0277,0.9460%,1.2001%,37.8561%,-0.008317,MRK,22752.0,2019-02-12,252.0,2.3595%,0.0014,0.6685,-0.4946,-0.0197,0.9473%,1.2080%,38.5120%,0.014634,MRK,22752.0,2019-02-13,252.0,0.6368%,0.0014,0.6702,-0.4962,-0.0192,0.9473%,1.2072%,38.4158%,0.004707,MRK,22752.0,2019-02-14,252.0,-0.1012%,0.0015,0.6708,-0.495,-0.0219,0.9439%,1.2052%,38.6632%,0.002764,MRK,22752.0,2019-02-15,252.0,1.1021%,0.0016,0.6815,-0.485,-0.004,0.9418%,1.2066%,39.0826%,0.004684,MRK,22752.0,2019-02-19,252.0,-0.7142%,0.0015,0.6768,-0.4862,-0.0049,0.9415%,1.2024%,38.6896%,-0.007118,MRK,0.003296,0.0076829999999999,0.0055679999999999,0.0058439999999999,0.0255149999999999
33059,MICRON TECHNOLOGY INC,Micron Announces An Offering Of Senior Notes; Co Intends To Call For Redemption Its 3.00% Convertible Senior Notes Due 2043 Promptly Following Close Of Senior Note Offering,6,uncertain,0.6,0.3,"the announcement of a senior note offering and the intention to redeem existing convertible notes could have mixed effects on investor sentiment, leading to uncertainty in the stock price movement.",1,2019-02-04,MU,2019-02-04 14:12:00+00:00,53613.0,59511210,-0.0032827591057866,30835833.0,-0.0025336276739835,0.0361066758632659,0.0546101480722427,-0.0005230244714766,-0.0515414103865623,0.0227334126830101,-0.0203148610889911,-0.0181198120117187,0.0,-0.0225871987640857,0.0471746921539306,0.0647717639803886,0.0316831357777118,0.0686331316828727,0.0131957586854696,0.0109242033213377,-0.0056831128895282,-0.0528523325920105,-0.0007145175477489,0.0554898828268051,0.0059580556116998,0.0089338663965463,-0.0161099340766668,-0.0120623661205172,0.0250421613454818,-0.0196133982390165,0.0042283372022211,-0.0372118912637233,0.0049122590571641,0.002784697106108,-0.038175031542778,0.0132618863135576,-0.010648563504219,0.0503852069377899,0.0171233061701059,-0.0076470095664262,-0.0125060230493545,0.0397553257644176,-0.0260594170540571,0.0548387356102466,-0.0515129119157791,-0.0534351132810115,-0.002636395394802,0.0321462489664554,0.0216759089380502,0.0050680977292358,0.0098317526280879,-0.0112746823579073,0.0056367213837802,0.0336678847670555,-0.0107005899772048,0.0644382834434509,-0.0108164297416806,-0.0428759641945362,0.0294194500893354,-0.0306905675679445,0.0017703513149172,-0.0041387826204299,0.0191870313137769,-0.0791556909680366,-0.0059449560940265,0.0067886519245803,0.0961874052882194,-0.0093567157164216,-0.0538759417831897,-0.0234151817858219,-0.0257087871432304,-0.028032150119543,-0.0056719984859228,0.0232888311147689,-0.0270337350666523,0.0117816049605608,0.0028039922472089,-0.0144435605034232,0.0505846887826919,-0.0626492425799369,0.0222598146647214,0.0214207451790571,0.0044970088638365,-0.0786909237504005,0.0344015769660472,0.0381223373115062,-0.0230068806558847,0.017145911231637,0.0100256539881229,-0.0206664744764566,-0.0096952486783266,0.0462161898612976,-0.0275058336555957,0.0117582799866795,0.0107861198484897,0.0046702791005373,0.0026085041463375,0.0005497651873156,-0.0063860090449452,0.0071982876397669,-0.0045227003283798,-0.0192778408527374,0.0224772505462169,-0.0661763921380043,0.0091207483783364,-0.011776527389884,0.0057937423698604,0.0494346879422664,0.0,0.0047556227073073,-0.0145161533728241,0.0109508512541651,0.0060789878480136,-0.0427001267671585,-0.0065070600248873,-0.0328881815075874,-0.0152047136798501,-0.0119717000052332,0.000237580446992,0.0283919870853424,-0.0011873482726514,-0.0030059854034334,-0.0038040855433791,-0.0099206725135445,-0.0025336276739835,0.0361066758632659,0.0519381586158229,0.0355647667167291,-0.0022802177186799,0.0591066879184856,-0.0225487565014634,0.0164270872928535,0.0630858295773701,0.1688310880636101,0.0228020675247264,0.1609498157191073,0.0615657486975018,-0.0178571606274902,2019-02-05,2019-02-06,2019-02-07,2019-02-08,2019-02-11,2019-02-12,2019-02-13,2019-02-14,2019-02-15,2019-02-19,53613.0,2019-02-04,252.0,-0.3283%,0.0001,1.791,0.699,-0.1714,2.3862%,3.1813%,43.7398%,-0.020545,MU,53613.0,2019-02-05,252.0,-0.2534%,0.0001,1.7893,0.7023,-0.1658,2.3872%,3.1715%,43.3474%,-0.010804,MU,53613.0,2019-02-06,252.0,5.4610%,0.0002,1.8391,0.6852,-0.1086,2.4072%,3.1820%,42.7736%,0.058633,MU,53613.0,2019-02-07,252.0,-5.1541%,-0.0003,1.7975,0.7529,-0.1243,2.3534%,3.1179%,43.0287%,-0.0332229999999999,MU,53613.0,2019-02-08,252.0,-2.0315%,-0.0002,1.8003,0.7943,-0.085,2.3446%,3.1089%,43.1251%,-0.023267,MU,53613.0,2019-02-11,252.0,0.0000%,-0.0003,1.8156,0.7697,-0.0903,2.3436%,3.0940%,42.6256%,-0.007668,MU,53613.0,2019-02-12,252.0,4.7175%,-0.0001,1.8331,0.7636,-0.0803,2.3470%,3.1075%,42.9569%,0.022075,MU,53613.0,2019-02-13,252.0,3.1683%,-0.0001,1.8267,0.7851,-0.0701,2.3485%,3.1015%,42.6650%,0.026048,MU,53613.0,2019-02-14,252.0,1.3196%,-0.0001,1.8235,0.7917,-0.077,2.3496%,3.1019%,42.6216%,0.012443,MU,53613.0,2019-02-15,252.0,-0.5683%,-0.0002,1.8134,0.7796,-0.0974,2.3553%,3.0999%,42.2677%,-0.027998,MU,53613.0,2019-02-19,252.0,-0.0715%,-0.0001,1.8185,0.767,-0.1121,2.3521%,3.0999%,42.4238%,-0.006229,MU,-0.031349,0.0272839999999999,-0.005939,-0.036874,-0.010535
33067,NASDAQ INC,Nasdaq Launches NOK 152/Share Offer for Oslo Børs VPS,6,increase,0.7,0.6,"the acquisition offer for oslo børs vps suggests strategic growth and expansion for nasdaq, which could positively influence investor sentiment and drive up the stock price.",2,2019-02-04,NDAQ,2019-02-04 09:09:00+00:00,90601.0,63110310,-0.0048065711744129,820781.0,-0.0017249485244974,-0.0074966340325772,0.0013823609333485,0.0155727127566933,-0.0012653929879888,0.0102552725002169,0.0027643153443932,-0.0030208218377083,-0.0041350862011313,0.0044345576316118,0.0100346338003873,0.0082363169640302,0.0047961422242224,0.0030685057863593,-0.0094328243285417,0.015947263687849,0.0068838740698993,0.0031272808555513,0.00068365491461,0.0084909861907362,0.0029606255702674,-0.0062680407427251,-0.0001135574057116,0.0236919801682233,0.0110139800235629,0.0063330703414976,0.0123539809137582,-0.0021065450273454,0.0106500899419188,0.0018621215131133,-0.0032930343877524,0.0072527425363659,0.0084801390767097,0.0049007209017872,0.0045866351574659,-0.0028817909769713,-0.0200021341443061,-0.0261134766042232,-0.0156406387686729,0.039710696786642,-0.0120576936751604,-0.026913583278656,-0.0193908624351024,-0.0069878594949841,-0.029428856447339,0.0129144536331296,0.0069510326720774,-0.0019829429220408,-0.0023803494405001,0.0179135333746671,0.0146743422374129,0.0328338332474231,-0.0072898901998996,-0.0347126424312591,-0.0052386573515832,-0.0185162313282489,0.0082584656774997,-0.0240934826433658,-0.0011870664311572,-0.0087174084037542,-0.0092702498659491,-0.0177126359194517,0.0118761742487549,-0.0149064119905233,-0.0054534571245312,-0.005515924654901,0.0121588306501507,-0.0003429103235248,0.0107171824201941,0.0020616231486201,0.0032626285683363,0.0024110113736242,0.0074332100339233,-0.0029762149788439,0.0086465300992131,-0.0281454976648092,0.0104012312367558,-0.0056416164152324,0.006900459062308,-0.0242849420756101,0.0032580711413174,0.0145641900599002,-0.0013438157038763,0.0102887526154518,-0.0066158776171505,0.0051150792278349,0.0019190179882571,0.0052537582814693,-0.0119423745200038,0.0003354442596901,-0.0022804669570177,0.017869334667921,-0.0053714425303041,0.006875985302031,0.0088475728407502,-0.0019443917553871,0.0076309582218527,-0.017530033364892,0.0144681669771671,0.0028172188904136,0.0050138933584094,0.0074931429699063,-0.0023281495086848,0.0254977587610483,-0.0028891488909721,-0.0311336945742368,-0.0008915839716792,0.0005643685581162,-0.0052426238544285,-0.0199115369468927,0.002915475750342,-0.0102911628782749,0.0046958648599684,0.0063904165290296,0.0176941491663456,0.0128334062173962,0.0082012033089995,0.0095763681456446,0.0013015483273193,0.020229909569025,-0.0017249485244974,-0.0074966340325772,-0.0003449720926012,0.0079593357956846,-0.001609928555323,0.0182962334534071,-0.0029899048485704,0.0197221941824037,0.0098896116915823,0.0599223029135012,-0.0273598636952298,0.0434678668151597,0.0671991626927279,0.009446177915718,2019-02-05,2019-02-06,2019-02-07,2019-02-08,2019-02-11,2019-02-12,2019-02-13,2019-02-14,2019-02-15,2019-02-19,90601.0,2019-02-04,252.0,-0.4807%,0.0006,0.8457,-0.2952,0.26,0.8927%,1.2901%,52.1252%,-0.008426,NDAQ,90601.0,2019-02-05,252.0,-0.1725%,0.0005,0.8507,-0.2918,0.2687,0.8924%,1.2876%,51.9595%,-0.004138,NDAQ,90601.0,2019-02-06,252.0,0.1382%,0.0005,0.8537,-0.2928,0.272,0.8925%,1.2671%,50.3883%,0.002937,NDAQ,90601.0,2019-02-07,252.0,-0.1265%,0.0006,0.8599,-0.3027,0.2742,0.8893%,1.2670%,50.7355%,0.0051329999999999,NDAQ,90601.0,2019-02-08,252.0,0.2764%,0.0006,0.8593,-0.3015,0.2724,0.8894%,1.2665%,50.6753%,0.003934,NDAQ,90601.0,2019-02-11,252.0,-0.4135%,0.0006,0.8655,-0.3137,0.269,0.8892%,1.2550%,49.7959%,-0.004075,NDAQ,90601.0,2019-02-12,252.0,1.0035%,0.0006,0.866,-0.3158,0.2696,0.8892%,1.2544%,49.7533%,-0.001316,NDAQ,90601.0,2019-02-13,252.0,0.4796%,0.0006,0.8635,-0.3109,0.2709,0.8884%,1.2493%,49.4259%,0.002272,NDAQ,90601.0,2019-02-14,252.0,-0.9433%,0.0005,0.8641,-0.3141,0.2754,0.8869%,1.2488%,49.5636%,-0.004531,NDAQ,90601.0,2019-02-15,252.0,0.6884%,0.0005,0.8599,-0.3183,0.268,0.8871%,1.2456%,49.2725%,-0.003517,NDAQ,90601.0,2019-02-19,252.0,0.0684%,0.0005,0.8602,-0.32,0.2661,0.8871%,1.2447%,49.2081%,-0.000931,NDAQ,-0.0125639999999999,-0.0096269999999999,-0.0044939999999999,-0.0046349999999999,-0.0126579999999999
33075,NEXTERA ENERGY PARTNERS LP,"Macquarie Upgrades NextEra Energy Partners to Outperform, Lowers Price Target to $44",6,increase,0.7,0.5,"the upgrade to 'outperform' suggests a positive outlook for the stock, which could lead to an increase in its price despite the lowered price target.",2,2019-02-04,NEP,2019-02-04 17:06:00+00:00,14734.0,65341B10,0.0236527975648641,407823.0,-0.024654597043991,0.0211653001606464,-0.0182805806398391,-0.0044620800763368,0.0301961973309516,-0.0251329354941844,-0.0046409047208726,-0.0009656471083872,0.0213496666401624,0.0214549675583839,-0.0012013271916657,-0.0626444593071937,-0.008900623768568,0.0210054144263267,0.0135921733453869,-0.0060990410856902,0.0258621145039796,-0.0079125007614493,-0.0058356677182018,0.0053813648410141,0.0032871423754841,0.0007024723454378,0.0102971829473972,0.0220147911459207,-0.0136668141931295,0.0140742985531687,0.0002348126145079,-0.0584875792264938,-0.001173966564238,-0.0077080060727894,-0.0018806259613484,0.0253370553255081,0.0171926412731409,-0.0025504429358989,-0.0074091157875955,-0.0125915575772523,0.0403545498847961,-0.02543506026268,0.0004484407836571,0.049402967095375,0.0125504564493894,0.0169047396630048,0.0033200869802385,-0.0243902262300252,0.0057356785982847,0.0356025882065296,0.0100899115204811,0.0271805897355079,0.0041260030120611,-0.0259927324950695,0.0012975250137969,0.0416144356131553,-0.0045356173068284,-0.0660266876220703,0.0008678870508447,0.0323906242847442,0.0041187647730112,-0.0009659723727963,-0.0125215463340282,-0.0161558631807565,0.0006558543536812,-0.0033151644747704,-0.0026217813137918,-0.066534087061882,0.0015333995688706,-0.0154515579342842,0.0190288480371236,-0.0075593623332679,0.0049366718158125,0.0043384116142988,0.0140965366736054,-0.0079621849581599,-0.0162173639982938,0.0025890560355037,-0.0014986019814386,-0.0057915155775845,0.0083619076758623,-0.0057581672444939,-0.0027641346678137,0.0090380497276782,0.0040511433035135,-0.0049250437878072,0.0144404396414756,0.0097297457978129,0.0094201536849141,-0.0028029552195221,-0.0186644848436117,-0.0117195658385753,0.0016906558303162,0.002777800662443,-0.0056962119415402,0.0019267855677753,0.0099723618477582,-0.009331970475614,-0.0018907595658674,0.0210047904402017,0.0061039975844323,-0.0098627591505646,-0.0138075286522507,-0.0166561435908079,-0.0038184197619557,0.0769754648208618,0.004897775594145,-0.0107816606760025,-0.0055096065625548,-0.0468850061297416,-0.0161943770945072,-0.0215752534568309,-0.0056313262321054,-0.0002093889343086,-0.0015247156843543,-0.0004186823789495,0.0185427237302064,-0.0031301693525165,-0.0143499290570616,0.0417390912771225,0.0002172603562939,0.0010881226044148,-0.0054312404245138,0.0032432593870908,-0.024654597043991,0.0211653001606464,-0.0424844773344248,0.0166087788201529,-0.0135711496645657,-0.0089415840407556,0.0028131180308204,0.011343996752205,0.0261848141766258,-0.0404773852140152,0.1020825277936781,-0.0256593501957144,0.103046239289555,-0.1046136322639478,2019-02-05,2019-02-06,2019-02-07,2019-02-08,2019-02-11,2019-02-12,2019-02-13,2019-02-14,2019-02-15,2019-02-19,14734.0,2019-02-04,252.0,2.3653%,0.0001,0.5314,-0.1211,0.0097,1.7688%,1.8688%,10.4162%,0.020449,NEP,14734.0,2019-02-05,252.0,-2.4655%,0.0,0.5185,-0.1157,0.0141,1.7744%,1.8678%,9.7540%,-0.027078,NEP,14734.0,2019-02-06,252.0,-1.8281%,0.0,0.486,-0.105,-0.0203,1.7733%,1.8533%,8.4543%,-0.017261,NEP,14734.0,2019-02-07,252.0,3.0196%,0.0002,0.4765,-0.1077,-0.0119,1.7865%,1.8619%,7.9393%,0.034559,NEP,14734.0,2019-02-08,252.0,-0.4641%,0.0003,0.4765,-0.0754,0.0093,1.7738%,1.8480%,7.8638%,-0.005198,NEP,14734.0,2019-02-11,252.0,2.1350%,0.0004,0.4594,-0.0311,0.0243,1.7756%,1.8402%,6.9007%,0.021059,NEP,14734.0,2019-02-12,252.0,-0.1201%,0.0005,0.4738,-0.0552,0.036,1.7650%,1.8334%,7.3207%,-0.007502,NEP,14734.0,2019-02-13,252.0,-0.8901%,0.0004,0.4555,-0.0286,0.0381,1.7512%,1.8143%,6.8380%,-0.010319,NEP,14734.0,2019-02-14,252.0,1.3592%,0.0003,0.4506,-0.0216,0.0329,1.7478%,1.8100%,6.7559%,0.014819,NEP,14734.0,2019-02-15,252.0,2.5862%,0.0004,0.4658,-0.0057,0.0605,1.7523%,1.8168%,6.9761%,0.020567,NEP,14734.0,2019-02-19,252.0,-0.5836%,0.0004,0.465,-0.0112,0.0543,1.7529%,1.8172%,6.9529%,-0.006986,NEP,-0.0066289999999999,-0.0238899999999999,0.010669,0.02653,0.037109
33083,NETFLIX INC,Netflix shares are trading higher after JP Morgan said it thinks Apple should buy the company.,6,increase,0.8,0.7,"the suggestion from jp morgan that apple should buy netflix could create positive sentiment and speculation around netflix's value, likely driving its stock price higher.",2,2019-02-04,NFLX,2019-02-04 15:15:00+00:00,89393.0,64110L10,0.0338090024888515,9051117.0,0.0127227222546935,0.0010309458011761,-0.0101739559322595,-0.0034051653929054,-0.0212385673075914,0.0357555784285068,0.008296875283122,-0.020139455795288,-0.0052938871085643,-0.0070699132047593,0.0411881804466247,0.0348362997174263,-0.0227797105908393,0.0145346857607364,0.0207522492855787,-0.0097490875050425,-0.0061269728466868,-0.0411088243126869,0.0141508625820279,-0.0398935303092002,-0.0055537400767207,0.0051224785856902,-0.0081687159836292,-0.0091642225161194,0.0169481690973043,0.0651769414544105,0.0024516959674656,-0.0137740867212414,0.002912801457569,0.0398262552917003,-0.0057539143599569,0.0146893747150898,-0.0131451729685068,-0.0009679257054813,-0.0021781590767204,0.0156338959932327,-0.0175752788782119,0.0597170032560825,0.0092866318300366,0.0972344875335693,0.0149872926995158,0.0132257658988237,-0.0194932837039232,0.0,-0.0085082240402698,0.0452203117311,0.0264873541891574,0.002015080768615,-0.0072172894142568,0.0074703525751829,0.0138658955693244,0.0846160128712654,-0.0066166059114038,-0.0507731437683105,0.0073574050329625,-0.0544553995132446,0.0054778149351477,-0.0232035182416439,-0.0128219341859221,-0.0153909111395478,0.0458219572901725,0.030974181368947,0.0070625068619847,-0.0151401907205581,-0.0446184799075126,-0.0332584343850612,0.0144594358280301,0.0041472064331173,-0.0170931089669466,0.0360319502651691,-0.0183348786085844,-0.0162402838468551,0.0035090423189103,0.0171984508633613,0.0054990337230265,-0.0627120658755302,0.0291675850749015,0.0274217072874307,0.0020710970275104,-0.0515673495829105,0.0055205011740326,0.0145737351849675,-0.0050574578344821,-0.0090735759586095,-0.0064967232756316,0.0215814840048551,-0.0111630596220493,0.0600832179188728,0.0091308699920773,0.0198906492441892,-0.0021660444326698,0.0100841717794537,0.0102494517341256,-0.012627312913537,-0.0449067838490009,-0.0181661769747734,-0.0064647132530808,-0.0133776608854532,0.0303551368415355,-0.0545403212308883,-0.0131308110430836,-0.0132731366902589,0.0158144440501928,0.0116136660799384,0.0471485778689384,-0.0260529313236475,0.0120581397786736,0.0011221361346542,-0.0200581401586532,-0.0309750344604253,-0.0157657712697982,-0.0454517230391502,0.0177015718072652,-0.0292518679052591,-0.0080566080287098,0.0535967163741588,-0.0034692683257162,-0.0145828239619731,0.0223187487572431,0.0205111484974622,0.0127227222546935,0.0010309458011761,0.0024193259068763,-0.0023777301326934,-0.0188706244168272,0.0332928311795719,-0.0159673983761692,0.0053247098286488,0.0301133278576619,-0.03777002734501,0.0211760742948923,0.25433675462208,0.0781863784057788,0.0994823604434067,2019-02-05,2019-02-06,2019-02-07,2019-02-08,2019-02-11,2019-02-12,2019-02-13,2019-02-14,2019-02-15,2019-02-19,89393.0,2019-02-04,252.0,3.3809%,0.0011,1.6154,0.1762,-1.2215,1.9391%,2.9553%,56.9453%,0.015677,NFLX,89393.0,2019-02-05,252.0,1.2723%,0.0009,1.6493,0.1889,-1.1824,1.9235%,2.9557%,57.6522%,-0.001512,NFLX,89393.0,2019-02-06,252.0,-1.0174%,0.0009,1.6635,0.1844,-1.1693,1.9232%,2.9392%,57.1851%,-0.0057989999999999,NFLX,89393.0,2019-02-07,252.0,-2.1239%,0.0008,1.6551,0.196,-1.1711,1.9208%,2.9299%,57.0208%,-0.001068,NFLX,89393.0,2019-02-08,252.0,0.8297%,0.0008,1.6555,0.1942,-1.1704,1.9208%,2.9300%,57.0238%,-0.001471,NFLX,89393.0,2019-02-11,252.0,-0.5294%,0.0007,1.6675,0.1733,-1.1754,1.9202%,2.9087%,56.4202%,-0.0063019999999999,NFLX,89393.0,2019-02-12,252.0,4.1188%,0.0009,1.6894,0.1567,-1.1612,1.9170%,2.9192%,56.8781%,0.016378,NFLX,89393.0,2019-02-13,252.0,-2.2780%,0.0007,1.6818,0.1583,-1.1677,1.9243%,2.9162%,56.4584%,-0.0268909999999999,NFLX,89393.0,2019-02-14,252.0,2.0752%,0.0008,1.6786,0.1673,-1.1783,1.9262%,2.9187%,56.4437%,0.016588,NFLX,89393.0,2019-02-15,252.0,-0.6127%,0.0007,1.6575,0.146,-1.2155,1.9297%,2.9136%,56.1352%,-0.019957,NFLX,89393.0,2019-02-19,252.0,1.4151%,0.0006,1.6522,0.1655,-1.1931,1.9248%,2.8961%,55.8260%,0.014125,NFLX,0.014165,0.008366,0.007298,-0.0004749999999999,-0.0002319999999999
33091,NATIONAL HEALTH INVESTORS INC,National Health Investors Reports Purchase Of Vero Beach Senior Living Facility For $38M,6,increase,0.7,0.6,"the acquisition of a senior living facility for $38m suggests growth and investment in assets, which is likely to be viewed positively by investors.",2,2019-02-04,NHI,2019-02-04 22:56:00+00:00,77057.0,63633D10,0.0112579315900802,125202.0,-0.0004840381734538,-0.0184962879866361,-0.0003631813451647,0.0179728716611862,0.0150175346061587,0.006893974263221,-0.0047726272605359,0.008191680535674,0.0,0.0044882260262966,-0.0159453507512807,0.0075367223471403,0.005969759542495,0.0018877615220844,0.0079932622611522,0.0072252466343343,0.0160999186336994,-0.0012659637723118,-0.0495447851717472,0.0024111014790833,-0.0206518545746803,0.0025445874780416,0.0157520044595003,0.0111925266683101,0.015757905319333,0.0079097589477896,-0.013912889175117,-0.0178297758102417,-0.007116989698261,0.006537552922964,-0.0064134122803807,0.0039897710084915,-0.0124035356566309,-0.0069018523208796,0.000640818325337,0.0172928627580404,-0.0011527147144079,0.0086557855829596,-0.0032055391930043,0.0068664546124637,-0.0090043349191546,0.0226873774081468,-0.0041536823846399,-0.0197246205061674,0.0088634034618735,0.0019896740559488,0.0083979526534676,0.0003928598598577,0.0015374133363366,0.0026260102167725,0.0099782375618815,0.0325379818677902,0.0036732226144522,-0.0434444099664688,-0.0076981401070952,-0.023305844515562,-0.0077578611671924,0.0025396437849849,0.002179002854973,0.0001270273933187,0.0034530840348452,0.023927129805088,0.016441510990262,-0.0303870402276516,-0.0190595183521509,-0.0057665677741169,0.0121436389163136,0.0035224403254687,0.0085880309343338,-0.016942897811532,-0.0028800820000469,0.0073502426967024,0.0086650680750608,-0.0022374184336513,-0.0090828007087111,0.0037429246585816,-0.0043285037390887,0.033260304480791,0.0042194328270852,-0.015359217301011,-0.003692397614941,0.0102589819580316,-0.0052396636456251,0.0119388243183493,0.0060380427166819,0.002602094085887,-0.0123866843059659,0.0105180526152253,0.0,0.0070170634426176,0.0082752397283911,-0.0019820497836917,-0.0012824583100155,0.005580629222095,-0.0060348436236381,0.0002658728335518,0.0018085439223796,0.0001328526705037,-0.0167634170502424,0.0005319978226907,-0.0217705406248569,0.0079089002683758,0.0057648522779345,-0.0024070648942142,-0.0131964534521102,-0.0086172809824347,0.0049980110488832,0.0014604436000809,0.0104838544502854,-0.0086865443736314,0.0007980521186254,-0.0013143857941031,0.0003987078671343,0.009152440354228,-0.0018599627073854,0.005736397113651,0.0039931195788085,0.0103787118569016,0.0009280086960643,0.0153278056532144,-0.0004840381734538,-0.0184962879866361,-0.0008470437249836,-0.000855847735642,0.0141577703727222,0.0060322263353163,0.009317573351357,0.0188256088588787,-0.0273475577415359,0.0370558120105561,-0.0538479795463567,0.0516124827042454,-0.0742973916219759,0.1332142455611931,2019-02-05,2019-02-06,2019-02-07,2019-02-08,2019-02-11,2019-02-12,2019-02-13,2019-02-14,2019-02-15,2019-02-19,77057.0,2019-02-04,252.0,1.1258%,0.001,0.3828,0.2256,0.0423,1.0679%,1.1541%,14.3791%,0.007528,NHI,77057.0,2019-02-05,252.0,-0.0484%,0.0009,0.3894,0.2289,0.0514,1.0670%,1.1541%,14.5324%,-0.001796,NHI,77057.0,2019-02-06,252.0,-0.0363%,0.001,0.3575,0.2392,0.0199,1.0601%,1.1357%,12.8589%,0.0003799999999999,NHI,77057.0,2019-02-07,252.0,1.5018%,0.0011,0.3587,0.2301,0.025,1.0640%,1.1385%,12.6646%,0.018475,NHI,77057.0,2019-02-08,252.0,-0.4773%,0.0011,0.3599,0.2282,0.0288,1.0645%,1.1389%,12.6501%,-0.005138,NHI,77057.0,2019-02-11,252.0,0.0000%,0.0011,0.3318,0.2505,0.0261,1.0562%,1.1209%,11.2208%,-0.002176,NHI,77057.0,2019-02-12,252.0,-1.5945%,0.001,0.3166,0.2541,0.0177,1.0641%,1.1246%,10.4726%,-0.020564,NHI,77057.0,2019-02-13,252.0,0.5970%,0.0011,0.3268,0.2384,0.0158,1.0561%,1.1193%,10.9826%,0.004818,NHI,77057.0,2019-02-14,252.0,0.7993%,0.0011,0.3251,0.2417,0.0126,1.0565%,1.1197%,10.9615%,0.007431,NHI,77057.0,2019-02-15,252.0,1.6100%,0.0013,0.3541,0.269,0.0613,1.0447%,1.1157%,12.3142%,0.0116619999999999,NHI,77057.0,2019-02-19,252.0,-4.9545%,0.001,0.3401,0.2414,0.0314,1.0937%,1.1576%,10.7316%,-0.0512819999999999,NHI,0.005732,0.006112,0.0245869999999999,0.0172729999999999,-0.030662
33099,NATIONAL BANKSHARES INC,Sandler O'Neill Upgrades National Bankshares to Buy,6,increase,0.8,0.6,"upgrades from analysts typically signal positive sentiment and can lead to increased investor interest, likely resulting in a rise in stock price.",2,2019-02-04,NKSH,2019-02-04 17:09:00+00:00,87505.0,63486510,0.0741688162088394,22560.0,-0.0063491500914096,0.0132450070232152,0.0138445273041725,-0.004300502128899,0.0204831603914499,0.0151338893920183,-0.0465774908661842,-0.0089413784444332,-0.0067476383410394,-0.000576548220124,0.002717453520745,0.011370244435966,0.0111111067235469,0.0017522650305181,0.0147413350641727,0.003222988685593,0.0285260956734418,-0.0104378256946802,0.027735024690628,-0.020448662340641,-0.0154922269284725,-0.0398145392537117,0.0185279063880443,-0.0195188056677579,0.0029902548994868,-0.0365790352225303,-0.0121739543974399,0.0491891801357269,0.0047787334769964,0.0054348036646842,-0.0045056394301354,-0.0416667237877845,-0.0067890482023358,0.0350405164062976,0.0040506292134523,0.002702661557123,-0.0131114590913057,-0.0043057007715106,0.0219724234193563,0.0125340344384312,0.02524995803833,-0.0002723596116993,-0.0043890881352126,0.0076859393157064,0.0041635599918663,0.0016497491160407,0.0097561348229646,0.0055294656194746,-0.0086956666782498,0.0123145431280136,0.0185184776782989,0.0311687719076871,0.0212918519973754,-0.0350876711308956,0.0379480645060539,-0.0265654530376195,-0.0049650464206933,-0.0335341580212116,-0.015649776905775,-0.0111399050801992,-0.0292626824229955,-0.0041279634460806,0.0206503421068191,-0.002059779362753,-0.0425581820309162,-0.0251004006713628,-0.0162739418447017,-0.0374486409127712,0.0,0.0547909699380397,0.0083950655534863,0.0171073041856288,0.0232615265995264,0.004425982479006,0.0253648608922958,-0.0656774714589119,-0.0371061898767948,-0.0439534746110439,-0.0210857726633548,-0.0124024096876382,-0.0049517396837472,0.005775005556643,-0.0084598204120993,-0.0050562494434416,0.0050188400782644,-0.0048033599741756,0.0382023118436336,0.0162715185433626,-0.0271765515208244,-0.0130763864144682,0.0333744995296001,-0.0270089078694582,-0.0066985352896153,0.0218173675239086,-0.0077071217820048,0.0150684900581836,0.00097089598421,-0.0090498076751828,-0.0145490365102887,0.0,0.0282972827553749,-0.0133928237482905,0.0004785943310707,0.0384793654084205,-0.0098062623292207,-0.0097555201500654,0.0265700109302997,0.0061200782656669,0.0047059003263711,0.0069767264649271,0.0011709423270076,-0.0114942528307437,0.008304082788527,-0.00137744192034,0.0156594179570674,0.0053080897778272,-0.0340337567031383,0.0065041254274547,-0.0697564631700515,0.0046674623154103,-0.0063491500914096,0.0132450070232152,0.0074074762309639,0.0088875447134155,0.0280423651461485,0.0241559372240933,-0.0264550253619422,0.0144133757834885,0.0587301933427344,-0.0005680341485791,0.1481482157733094,-0.0883419659449017,0.0407407671526889,-0.1672144870422269,2019-02-05,2019-02-06,2019-02-07,2019-02-08,2019-02-11,2019-02-12,2019-02-13,2019-02-14,2019-02-15,2019-02-19,87505.0,2019-02-04,252.0,7.4169%,-0.0002,0.6466,0.9425,0.6226,1.7410%,1.9057%,16.5365%,0.0680989999999999,NKSH,87505.0,2019-02-05,252.0,-0.6349%,-0.0,0.6091,0.9312,0.5844,1.7195%,1.8706%,15.4982%,-0.0047399999999999,NKSH,87505.0,2019-02-06,252.0,1.3845%,0.0,0.6125,0.9298,0.5897,1.7220%,1.8691%,15.1247%,0.014769,NKSH,87505.0,2019-02-07,252.0,2.0483%,0.0001,0.5964,0.9396,0.5944,1.7259%,1.8689%,14.7163%,0.024988,NKSH,87505.0,2019-02-08,252.0,-4.6577%,0.0001,0.6027,0.989,0.6535,1.7264%,1.8761%,15.3202%,-0.043583,NKSH,87505.0,2019-02-11,252.0,-0.6748%,0.0,0.5972,0.9729,0.6419,1.7292%,1.8749%,14.9374%,-0.015722,NKSH,87505.0,2019-02-12,252.0,0.2717%,-0.0001,0.5825,0.9882,0.6317,1.7244%,1.8687%,14.8489%,-0.004607,NKSH,87505.0,2019-02-13,252.0,1.1111%,-0.0,0.5885,0.9815,0.6325,1.7240%,1.8692%,14.9372%,0.008345,NKSH,87505.0,2019-02-14,252.0,1.4741%,0.0002,0.5876,0.9907,0.6183,1.7099%,1.8573%,15.2402%,0.014442,NKSH,87505.0,2019-02-15,252.0,2.8526%,0.0004,0.6171,1.019,0.6685,1.7066%,1.8651%,16.2716%,0.016341,NKSH,87505.0,2019-02-19,252.0,2.7735%,0.0004,0.6176,1.0374,0.6891,1.7101%,1.8710%,16.4601%,0.021502,NKSH,0.063359,0.078128,0.103116,0.043811,0.099834
33107,NEKTAR THERAPEUTICS,Nektar Therapeutics Option Alert: Oct 18 $65 Calls at the Ask: 500 @ $3.351 vs 0 OI; Earnings 2/28 After Close [est] Ref=$42.625,6,uncertain,0.6,0.3,"the significant call option activity suggests bullish sentiment, but the upcoming earnings report introduces uncertainty regarding the stock's performance.",1,2019-02-04,NKTR,2019-02-04 19:30:00+00:00,80539.0,64026810,0.0061552631668746,1131160.0,0.0294117648154497,-0.0023617967963218,0.0134857175871729,-0.0176333729177713,-0.0117275696247816,0.0138790914788842,0.0244180671870708,-0.0111654652282595,0.0325239263474941,-0.0211747847497463,-0.0882416442036628,0.0159611068665981,-0.0002365906693739,-0.0163822807371616,0.0087573714554309,-0.0180964600294828,-0.0218207482248544,-0.0311688836663961,0.0268650222569704,0.017173109576106,0.0051389252766966,0.0179291628301143,-0.0643737018108367,0.0022461472544819,-0.0052160727791488,0.0722543373703956,0.0232209824025631,0.0124360434710979,0.0012200888013467,-0.0110924253240227,0.0,0.0070422757416963,-0.0119424294680357,0.012291052378714,-0.0594474524259567,0.1108684167265892,0.0044583836570382,0.078327439725399,0.0026110259350389,0.0753641277551651,-0.0523438043892383,-0.077147901058197,-0.0156636349856853,0.041070956736803,-0.0192629434168338,-0.022308150306344,0.0091090146452188,0.0135664995759725,0.0214385986328125,0.0118974801152944,0.0400442071259021,0.0772263705730438,-0.0355815216898918,-0.0062051122076809,-0.0217511262744665,-0.0615997612476348,-0.0168870948255062,-0.0475772731006145,-0.0148869296535849,-0.0414102748036384,-0.0523103512823581,0.0462529808282852,0.0266788993030786,-0.0643658861517906,-0.039127878844738,-0.0392105691134929,0.0062169963493943,0.0278603937476873,-0.0015446165343746,0.0148229729384183,-0.0167078897356987,-0.0062738554552197,0.0286342948675155,-0.0089213792234659,0.0278372559696435,-0.0276025030761957,-0.0107141910120844,0.0010526556288823,0.0138387205079197,-0.0624228678643703,0.0471810139715671,0.0034661893732845,0.0,0.0287825036793947,0.0286199580878019,0.018417615443468,-0.0088154189288616,0.0174188409000635,-0.0147303724661469,-0.0282124187797308,0.0107193533331155,0.0492465496063232,-0.0022328167688101,-0.0050869779661297,-0.0167831741273403,-0.0201993826776742,-0.0472261682152748,0.0028939915355294,-0.0032845805399119,-0.0057546747848391,-0.0656081661581993,0.0010474185692146,0.0157101564109325,0.0143425520509481,-0.021464655175805,0.0080322101712226,0.0200000274926424,0.0097322734072804,-0.0154965734109282,0.0873016193509101,0.0208802297711372,-0.0365335829555988,0.0151037639006972,-0.0695651993155479,0.0021699788048863,0.0518292374908924,-0.0095886597409844,-0.0979999527335167,-0.0118676163256168,0.0243278052657842,0.0294117648154497,-0.0023617967963218,0.0432941211566642,-0.0199535232704276,0.031058816711674,-0.0063513685663397,0.090588198629899,-0.0382512890050837,0.007294152231563,-0.0700131361905773,-0.1903529371414389,0.1818690443689508,-0.2555294188410186,0.0816902109266328,2019-02-05,2019-02-06,2019-02-07,2019-02-08,2019-02-11,2019-02-12,2019-02-13,2019-02-14,2019-02-15,2019-02-19,80539.0,2019-02-04,252.0,0.6155%,-0.0019,1.417,1.1472,-0.3703,4.4002%,4.7641%,14.6945%,-0.011361,NKTR,80539.0,2019-02-05,252.0,2.9412%,-0.0019,1.4361,1.1451,-0.3656,4.4005%,4.7680%,14.8195%,0.021915,NKTR,80539.0,2019-02-06,252.0,1.3486%,-0.0018,1.4096,1.1533,-0.3892,4.4010%,4.7529%,14.2574%,0.016915,NKTR,80539.0,2019-02-07,252.0,-1.1728%,-0.0015,1.444,1.1068,-0.3823,4.3837%,4.7453%,14.6580%,0.004299,NKTR,80539.0,2019-02-08,252.0,2.4418%,-0.0013,1.4396,1.1252,-0.3886,4.3828%,4.7451%,14.6869%,0.0198269999999999,NKTR,80539.0,2019-02-11,252.0,3.2524%,-0.0013,1.4736,1.1269,-0.3698,4.3833%,4.7472%,14.7432%,0.0238759999999999,NKTR,80539.0,2019-02-12,252.0,-8.8242%,-0.0017,1.4236,1.1122,-0.3927,4.4349%,4.7792%,13.8901%,-0.109237,NKTR,80539.0,2019-02-13,252.0,-0.0237%,-0.0018,1.4044,1.1434,-0.3879,4.4274%,4.7663%,13.7173%,-0.004715,NKTR,80539.0,2019-02-14,252.0,0.8757%,-0.0017,1.406,1.1478,-0.3975,4.4191%,4.7609%,13.8412%,0.003411,NKTR,80539.0,2019-02-15,252.0,-2.1821%,-0.0022,1.3069,1.0547,-0.5639,4.3875%,4.7103%,13.2377%,-0.03877,NKTR,80539.0,2019-02-19,252.0,2.6865%,-0.002,1.3239,1.0533,-0.5668,4.3837%,4.7119%,13.4442%,0.022915,NKTR,0.010554,0.027469,0.031768,0.075471,-0.050925
33115,NANOVIRICIDES INC,NanoViricides Announces its First Drug Candidate is Moving Toward Human Trials,6,increase,0.8,0.7,"the announcement of a drug candidate moving toward human trials is generally viewed positively, as it indicates progress in the company's development pipeline and potential for future revenue.",2,2019-02-04,NNVC,2019-02-04 12:04:00+00:00,14133.0,63008730,0.1111110970377922,375848.0,0.2571428716182709,0.0570469424128532,0.0840909108519554,0.0003357388195581,-0.1299790441989899,0.009830524213612,-0.0120481811463832,-0.0166667494922876,-0.0680488049983978,0.054111111909151,0.107040099799633,0.0424907989799976,0.0271867625415325,0.0003664954274427,-0.0299194734543561,-0.025357199832797,-0.0747331231832504,0.0765090137720108,0.0897436589002609,-0.0049732481129467,-0.030588261783123,-0.0132124759256839,-0.0264562889933586,0.009142898954451,-0.0014959116233512,-0.0757042989134788,0.0411984920501709,0.0142857432365417,0.4028776586055756,0.0370370000600814,-0.3143589198589325,-0.0663900300860405,-0.0526053719222545,-0.0027585646603256,0.021315798163414,0.1372548937797546,-0.111053854227066,-0.0562546923756599,-0.115942008793354,-0.0384340733289718,-0.0163934268057346,0.2477797120809555,0.0009999672183766,0.1259999722242355,-0.0342990681529045,-0.0909090712666511,0.0006896668928675,-0.0594270937144756,0.0337698720395565,0.14656862616539,-0.0916666761040687,-0.2258064746856689,0.0084403455257415,-0.1216666847467422,-0.0356623604893684,0.0,0.0373585075139999,-0.0624999403953552,0.0003638290218077,0.02960105240345,0.0799999460577964,0.0025805926416069,0.0101010808721184,0.0333333015441894,0.0166666507720947,-0.0624999403953552,0.0196720734238624,-0.0303030908107757,-0.0514469556510448,0.0,-0.0847456827759742,0.0,0.0618518479168415,-0.1020407974720001,-0.0582490377128124,0.050000037997961,-0.0174074247479438,-0.0277778338640928,0.0490010604262352,-0.012345602735877,-0.0388069525361061,-0.005457037128508,-0.0654206052422523,-0.0121293850243091,0.0348000526428222,0.0305554922670126,-0.0208736062049865,0.0492567829787731,0.0702724158763885,-0.0362359397113323,0.0881592407822609,0.0171428918838501,-0.0220338180661201,0.0507355257868766,-0.0339688621461391,0.009393872693181,0.0014352593570947,0.0784314349293708,0.0318881645798683,-0.1500000506639481,-0.0624999217689037,0.0434783063828945,0.0303703323006629,0.0661310404539108,-0.010783577337861,0.0786666050553321,-0.0185320191085338,-0.1438355892896652,-0.0188819393515586,0.0011428764555603,-0.0090565327554941,-0.0752972736954689,0.024371625855565,-0.0028977184556424,-0.0185873433947563,0.1131964772939682,-0.0477272905409336,0.0029411385767161,-0.0015911168884485,0.1314475834369659,0.2571428716182709,0.0570469424128532,0.3628571607636941,0.0574018341055164,0.18571428962788,0.0677966484392085,0.0917142734508311,0.1068166139462434,0.2142857749205409,0.2050496601761315,-0.2142856747490356,0.0135135644312147,-0.282857155708094,0.0482529012375865,2019-02-05,2019-02-06,2019-02-07,2019-02-08,2019-02-11,2019-02-12,2019-02-13,2019-02-14,2019-02-15,2019-02-19,14133.0,2019-02-04,252.0,11.1111%,-0.0021,-0.2372,-0.5969,-0.6529,5.8972%,5.9118%,0.4954%,0.113146,NNVC,14133.0,2019-02-05,252.0,25.7143%,-0.0015,-0.1701,-0.6663,-0.7543,6.0915%,6.1086%,0.5567%,0.253668,NNVC,14133.0,2019-02-06,252.0,8.4091%,-0.0009,-0.2544,-0.6406,-0.8259,6.1078%,6.1269%,0.6201%,0.084078,NNVC,14133.0,2019-02-07,252.0,-12.9979%,-0.0017,-0.2505,-0.59,-0.8618,6.1533%,6.1725%,0.6193%,-0.1300569999999999,NNVC,14133.0,2019-02-08,252.0,-1.2048%,-0.0021,-0.2453,-0.6657,-0.89,6.1295%,6.1507%,0.6900%,-0.017574,NNVC,14133.0,2019-02-11,252.0,-6.8049%,-0.0022,-0.3051,-0.6892,-0.9341,6.1363%,6.1603%,0.7801%,-0.0613649999999999,NNVC,14133.0,2019-02-12,252.0,10.7040%,-0.0017,-0.236,-0.696,-0.8977,6.1752%,6.1972%,0.7076%,0.109639,NNVC,14133.0,2019-02-13,252.0,2.7187%,-0.0015,-0.2261,-0.7003,-0.891,6.1778%,6.1995%,0.7002%,0.028793,NNVC,14133.0,2019-02-14,252.0,-2.9919%,-0.0014,-0.2154,-0.715,-0.8809,6.1718%,6.1934%,0.6980%,-0.032021,NNVC,14133.0,2019-02-15,252.0,-7.4733%,-0.0019,-0.305,-0.8025,-1.0356,6.1744%,6.2039%,0.9495%,-0.066383,NNVC,14133.0,2019-02-19,252.0,8.9744%,-0.0017,-0.3013,-0.7198,-0.9428,6.1961%,6.2208%,0.7904%,0.0956569999999999,NNVC,0.366814,0.450892,0.320835,0.241896,0.377581
33123,NAPCO SECURITY TECHNOLOGIES INC,NAPCO Security Technologies shares are trading higher after the company beat Q2 EPS and sales estimates.,6,increase,0.85,0.7,"beating eps and sales estimates typically signals strong company performance, which generally leads to an increase in stock price.",2,2019-02-04,NSSC,2019-02-04 16:58:00+00:00,55993.0,63040210,0.2015554457902908,222584.0,0.0140236411243677,-0.0178230255842208,0.0515958108007907,0.0006369572365656,0.0075872340239584,0.0188189465552568,0.0045180800370872,-0.014075512997806,-0.004497758578509,-0.0267745554447174,0.0547188818454742,0.0006230672588571,0.0085673630237579,0.0573121830821037,0.0113260857760906,-0.0374128185212612,-0.0130658270791173,-0.0562536604702472,0.0156028335914015,0.0245248079299926,-0.0097764935344457,0.0074119162745773,-0.0216267500072717,-0.0055282646790146,0.0009610984125174,0.0402556620538234,-0.0057609621435403,-0.018808789551258,-0.0222114492207765,0.0418027006089687,0.0207407437264919,0.0220294315367937,0.0396710075438022,-0.0013333638198673,0.0032573149073868,0.0053619253449141,0.0231910943984985,0.0053908303380012,-0.0512238964438438,0.0157426763325929,-0.0205446872860193,-0.0586340688169002,-0.0380488149821758,-0.0146031454205513,0.0197769422084093,0.0247234944254159,0.0372948758304119,0.0192307662218809,-0.0023969868198037,-0.010498677380383,-0.0019221052061766,0.0995671078562736,-0.0033702307846397,-0.0204946976155042,0.0091786775738,-0.0070175705477595,0.0124461576342582,-0.050000000745058,-0.0056737083941698,-0.034127477556467,-0.0095102591440081,0.0284767784178257,-0.0120019204914569,-0.0169270373880863,-0.049076784402132,-0.02476192638278,0.0362800732254982,-0.0223464053124189,-0.0078895390033721,-0.0055555645376443,-0.0064612855203449,0.0074627390131354,0.0255127679556608,0.0100502418354153,0.0117073059082031,-0.0197044145315885,-0.0033751057926565,0.0006161570781841,-0.0251572541892528,-0.0281437840312719,0.0332506261765956,0.0096735088154673,-0.0139288669452071,0.0054711336269974,-0.0014613096136599,0.007348489947617,0.0156097412109375,0.0168119836598634,-0.0076849111355841,0.0018714147154241,0.0159728918224573,-0.0135384192690253,0.0905192792415618,0.0086902165785431,0.0436872020363807,0.0018657143227756,0.0025115686003118,-0.0405728109180927,0.0325677990913391,-0.0204558949917554,-0.0606550760567188,0.0166369993239641,0.0099009703844785,0.0077843805775046,0.0110827041789889,-0.0089020542800426,0.0021079741418361,-0.0070712398737668,-0.0071518751792609,-0.0202078744769096,-0.0021186925005167,-0.0034522134810686,0.0165605656802654,0.0332936681807041,0.0501252636313438,-0.0105882529169321,-0.0143197579309344,0.0807374790310859,0.007263857871294,0.0444886535406112,0.0140236411243677,-0.0178230255842208,0.0663430130593496,-0.0171974208527786,0.0744336070492439,0.0012978883585614,0.0744336072913491,-0.0392278441795882,0.1585759676437372,-0.0539545785368078,0.1343041848817023,-0.0064391132306206,0.3462782082335069,0.0245683923783355,2019-02-05,2019-02-06,2019-02-07,2019-02-08,2019-02-11,2019-02-12,2019-02-13,2019-02-14,2019-02-15,2019-02-19,55993.0,2019-02-04,252.0,20.1555%,0.0029,0.813,1.2397,-0.0873,2.7549%,2.9871%,14.9423%,0.190222,NSSC,55993.0,2019-02-05,252.0,1.4024%,0.0028,0.8341,1.2441,-0.0696,2.7510%,2.9875%,15.2035%,0.0108949999999999,NSSC,55993.0,2019-02-06,252.0,5.1596%,0.0029,0.9031,1.221,0.0053,2.7562%,3.0010%,15.6497%,0.0535039999999999,NSSC,55993.0,2019-02-07,252.0,0.7587%,0.0031,0.9211,1.1917,0.0121,2.7475%,2.9956%,15.8780%,0.017453,NSSC,55993.0,2019-02-08,252.0,0.4518%,0.0031,0.9214,1.1829,0.0075,2.7468%,2.9946%,15.8633%,0.003077,NSSC,55993.0,2019-02-11,252.0,-0.4498%,0.0029,0.9464,1.1364,-0.0046,2.7453%,2.9949%,15.9734%,-0.013712,NSSC,55993.0,2019-02-12,252.0,5.4719%,0.0032,0.9813,1.1198,0.0162,2.7514%,3.0100%,16.4470%,0.041513,NSSC,55993.0,2019-02-13,252.0,0.8567%,0.0033,0.9917,1.1031,0.0137,2.7479%,3.0089%,16.5949%,0.005036,NSSC,55993.0,2019-02-14,252.0,1.1326%,0.0033,0.9912,1.1057,0.01,2.7476%,3.0092%,16.6263%,0.007652,NSSC,55993.0,2019-02-15,252.0,-1.3066%,0.0032,0.9711,1.0844,-0.027,2.7542%,3.0090%,16.2147%,-0.027178,NSSC,55993.0,2019-02-19,252.0,1.5603%,0.0032,0.9752,1.0852,-0.0265,2.7541%,3.0099%,16.2747%,0.010594,NSSC,0.201117,0.254621,0.272074,0.261439,0.299056
33131,NAPCO SECURITY TECHNOLOGIES INC,"NAPCO Security Q2 EPS $0.15 Beats $0.09 Estimate, Sales $24.829M Beat $23.24M Estimate",6,increase,0.8,0.7,"the company's earnings per share and sales both exceeded analyst estimates, which typically signals strong performance and can lead to a positive reaction in the stock price.",2,2019-02-04,NSSC,2019-02-04 13:05:00+00:00,55993.0,63040210,0.2015554457902908,222584.0,0.0140236411243677,-0.0178230255842208,0.0515958108007907,0.0006369572365656,0.0075872340239584,0.0188189465552568,0.0045180800370872,-0.014075512997806,-0.004497758578509,-0.0267745554447174,0.0547188818454742,0.0006230672588571,0.0085673630237579,0.0573121830821037,0.0113260857760906,-0.0374128185212612,-0.0130658270791173,-0.0562536604702472,0.0156028335914015,0.0245248079299926,-0.0097764935344457,0.0074119162745773,-0.0216267500072717,-0.0055282646790146,0.0009610984125174,0.0402556620538234,-0.0057609621435403,-0.018808789551258,-0.0222114492207765,0.0418027006089687,0.0207407437264919,0.0220294315367937,0.0396710075438022,-0.0013333638198673,0.0032573149073868,0.0053619253449141,0.0231910943984985,0.0053908303380012,-0.0512238964438438,0.0157426763325929,-0.0205446872860193,-0.0586340688169002,-0.0380488149821758,-0.0146031454205513,0.0197769422084093,0.0247234944254159,0.0372948758304119,0.0192307662218809,-0.0023969868198037,-0.010498677380383,-0.0019221052061766,0.0995671078562736,-0.0033702307846397,-0.0204946976155042,0.0091786775738,-0.0070175705477595,0.0124461576342582,-0.050000000745058,-0.0056737083941698,-0.034127477556467,-0.0095102591440081,0.0284767784178257,-0.0120019204914569,-0.0169270373880863,-0.049076784402132,-0.02476192638278,0.0362800732254982,-0.0223464053124189,-0.0078895390033721,-0.0055555645376443,-0.0064612855203449,0.0074627390131354,0.0255127679556608,0.0100502418354153,0.0117073059082031,-0.0197044145315885,-0.0033751057926565,0.0006161570781841,-0.0251572541892528,-0.0281437840312719,0.0332506261765956,0.0096735088154673,-0.0139288669452071,0.0054711336269974,-0.0014613096136599,0.007348489947617,0.0156097412109375,0.0168119836598634,-0.0076849111355841,0.0018714147154241,0.0159728918224573,-0.0135384192690253,0.0905192792415618,0.0086902165785431,0.0436872020363807,0.0018657143227756,0.0025115686003118,-0.0405728109180927,0.0325677990913391,-0.0204558949917554,-0.0606550760567188,0.0166369993239641,0.0099009703844785,0.0077843805775046,0.0110827041789889,-0.0089020542800426,0.0021079741418361,-0.0070712398737668,-0.0071518751792609,-0.0202078744769096,-0.0021186925005167,-0.0034522134810686,0.0165605656802654,0.0332936681807041,0.0501252636313438,-0.0105882529169321,-0.0143197579309344,0.0807374790310859,0.007263857871294,0.0444886535406112,0.0140236411243677,-0.0178230255842208,0.0663430130593496,-0.0171974208527786,0.0744336070492439,0.0012978883585614,0.0744336072913491,-0.0392278441795882,0.1585759676437372,-0.0539545785368078,0.1343041848817023,-0.0064391132306206,0.3462782082335069,0.0245683923783355,2019-02-05,2019-02-06,2019-02-07,2019-02-08,2019-02-11,2019-02-12,2019-02-13,2019-02-14,2019-02-15,2019-02-19,55993.0,2019-02-04,252.0,20.1555%,0.0029,0.813,1.2397,-0.0873,2.7549%,2.9871%,14.9423%,0.190222,NSSC,55993.0,2019-02-05,252.0,1.4024%,0.0028,0.8341,1.2441,-0.0696,2.7510%,2.9875%,15.2035%,0.0108949999999999,NSSC,55993.0,2019-02-06,252.0,5.1596%,0.0029,0.9031,1.221,0.0053,2.7562%,3.0010%,15.6497%,0.0535039999999999,NSSC,55993.0,2019-02-07,252.0,0.7587%,0.0031,0.9211,1.1917,0.0121,2.7475%,2.9956%,15.8780%,0.017453,NSSC,55993.0,2019-02-08,252.0,0.4518%,0.0031,0.9214,1.1829,0.0075,2.7468%,2.9946%,15.8633%,0.003077,NSSC,55993.0,2019-02-11,252.0,-0.4498%,0.0029,0.9464,1.1364,-0.0046,2.7453%,2.9949%,15.9734%,-0.013712,NSSC,55993.0,2019-02-12,252.0,5.4719%,0.0032,0.9813,1.1198,0.0162,2.7514%,3.0100%,16.4470%,0.041513,NSSC,55993.0,2019-02-13,252.0,0.8567%,0.0033,0.9917,1.1031,0.0137,2.7479%,3.0089%,16.5949%,0.005036,NSSC,55993.0,2019-02-14,252.0,1.1326%,0.0033,0.9912,1.1057,0.01,2.7476%,3.0092%,16.6263%,0.007652,NSSC,55993.0,2019-02-15,252.0,-1.3066%,0.0032,0.9711,1.0844,-0.027,2.7542%,3.0090%,16.2147%,-0.027178,NSSC,55993.0,2019-02-19,252.0,1.5603%,0.0032,0.9752,1.0852,-0.0265,2.7541%,3.0099%,16.2747%,0.010594,NSSC,0.201117,0.254621,0.272074,0.261439,0.299056
33139,NOVO NORDISK A S,Handelsbanken Downgrades Novo Nordisk to Accumulate from Buy; Lowers Price Target to DKK 363 from DKK 375,6,decrease,0.8,0.6,"the downgrade from buy to accumulate and the reduction in price target typically signal a less favorable outlook, which can lead to a decrease in stock price.",0,2019-02-04,NVO,2019-02-04 09:40:00+00:00,63263.0,67010020,-0.0012343421112746,1391099.0,0.0051493304781615,0.033815398812294,-0.0026639562565833,-0.0006375936209224,-0.000410861801356,0.0085744420066475,0.0053442614153027,0.0053879306651651,-0.005111429374665,0.0008628325304016,0.0152075970545411,-0.0091900043189525,-0.0062753311358392,-0.0128692109137773,0.0140557875856757,-0.016393382102251,0.0114503754302859,0.0029136189259588,-0.0005958049441687,0.0083944955840706,-0.0123211238533258,0.0166418310254812,-0.0008048473973758,-0.0069915642961859,0.0024164102505892,0.011789908632636,-0.0070309056900441,-0.0391348674893379,0.0004046218527946,0.0002059810794889,-0.007684551179409,-0.0067525682970881,-0.0024454642552882,0.0109639801084995,0.0132788093760609,0.0146935507655143,-0.008467704989016,0.0063371192663908,0.0101667344570159,0.0036040276754647,-0.0104669975116848,0.0081213349476456,0.0012205324601382,0.0156284179538488,0.0093457754701375,0.0052366978488862,0.0012077571591362,0.0052643492817878,-0.0038199122063815,0.0115376180037856,0.0155398678034544,0.0245509874075651,0.003577112685889,-0.0110161388292908,0.0077227600850164,-0.0191841013729572,0.0110041536390781,0.0106975603848695,0.0151603259146213,-0.0099294083192944,0.0076584629714488,-0.0188352223485708,-0.0087403170764446,-0.006666696164757,-0.012899961322546,-0.0057729412801563,0.0165615174919366,0.0165181960910558,0.0073700007051229,0.0179203003644943,0.0042356802150607,-0.0163220893591642,-0.0021089073270559,0.012560592032969,0.0049952380359172,-0.0056967204436659,-0.0034410303924232,-0.0008756768074817,-0.0007673300569877,-0.0078193005174398,-0.0195815023034811,-0.0124409701675176,-0.0099862609058618,0.0152439195662736,0.0039556357078254,-0.0010877322638407,0.0118203768506646,0.0028359743300825,-0.0038940957747399,-0.0071474555879831,-0.0001954323961399,0.022138588130474,-0.0046921148896217,0.021021619439125,-0.0137497698888182,0.0137489065527916,0.0029874830506742,-0.0402463562786579,-0.0188641920685768,0.0294318106025457,-0.0182149671018123,0.0137709081172943,-0.0024736947380006,-0.0200179796665906,-0.0059929927811026,0.0061099901795387,0.0116424402222037,-0.0078581562265753,-0.0059597394429147,-0.0089007057249546,0.0012404667213559,0.0060443356633186,0.0103241791948676,0.0029186629690229,0.0104230185970664,0.0322131961584091,-0.0086974175646901,-0.0039242422208189,0.0024485359899699,-0.0091491658240556,0.0051493304781615,0.033815398812294,0.0024716566304336,0.0331562447087998,0.002059779319782,0.0420149830128613,0.0022657178616478,0.0485332161224487,0.0364572696623726,0.0201468840525493,0.0757981533287435,0.0725948973136911,0.0274490171985632,0.111848104210225,2019-02-05,2019-02-06,2019-02-07,2019-02-08,2019-02-11,2019-02-12,2019-02-13,2019-02-14,2019-02-15,2019-02-19,63263.0,2019-02-04,252.0,-0.1234%,-0.0001,0.5413,0.0256,-0.104,1.3018%,1.4504%,19.4443%,-0.005906,NVO,63263.0,2019-02-05,252.0,0.5149%,-0.0001,0.5275,0.02,-0.1208,1.2980%,1.4407%,18.8347%,0.002118,NVO,63263.0,2019-02-06,252.0,-0.2664%,-0.0001,0.5224,0.0217,-0.126,1.2979%,1.4332%,17.9936%,-0.001517,NVO,63263.0,2019-02-07,252.0,-0.0411%,-0.0,0.5235,0.0182,-0.1244,1.2980%,1.4329%,17.9426%,0.004867,NVO,63263.0,2019-02-08,252.0,0.5344%,-0.0001,0.5231,0.0074,-0.1331,1.2964%,1.4322%,18.0676%,0.003905,NVO,63263.0,2019-02-11,252.0,-0.5111%,-0.0,0.5101,0.0121,-0.1374,1.2956%,1.4209%,16.8596%,-0.005686,NVO,63263.0,2019-02-12,252.0,1.5208%,-0.0001,0.4994,0.0316,-0.1463,1.2866%,1.4098%,16.7181%,0.007934,NVO,63263.0,2019-02-13,252.0,-0.6275%,-0.0002,0.4979,0.0312,-0.1482,1.2875%,1.4096%,16.5707%,-0.00769,NVO,63263.0,2019-02-14,252.0,1.4056%,-0.0001,0.4951,0.0392,-0.1579,1.2895%,1.4117%,16.5648%,0.0139789999999999,NVO,63263.0,2019-02-15,252.0,1.1450%,-0.0001,0.4943,0.0392,-0.1582,1.2896%,1.4112%,16.4928%,0.006416,NVO,63263.0,2019-02-19,252.0,-0.0596%,-0.0001,0.4915,0.042,-0.1548,1.2886%,1.4081%,16.2529%,-0.001274,NVO,-0.0037879999999999,-0.005305,-0.000438,-0.002219,0.0171459999999999
33147,OLIN CORP,"Olin Q4 EPS $0.32 Misses $0.34 Estimate, Adj., EBITDA $301.4M, Sales $1.635B Miss $1.71B Estimate",6,decrease,0.8,0.7,"the earnings per share and sales figures both missed analyst estimates, which typically leads to a negative reaction in stock prices.",0,2019-02-04,OLN,2019-02-04 21:27:00+00:00,13610.0,68066520,-0.0057851774618029,2625152.0,0.0872818157076835,0.0249894168227911,-0.0336391106247901,-0.0203319396823644,-0.0217563733458519,0.0083682332187891,0.0016174749471247,0.0174542292952537,0.009360990487039,-0.0101137701421976,0.0302419364452362,0.028162894770503,0.0082192169502377,0.0034782574512064,-0.0097049688920378,-0.0043290206231176,0.0341042317450046,-0.0207715034484863,0.0049280165694653,0.0229835510253906,0.0230102073401212,0.0136263500899076,-0.0306047163903713,0.0493542291224002,0.0015214532613754,-0.0229833349585533,0.0011394107714295,-0.0305809900164604,-0.0117602944374084,0.0092592183500528,0.0049904440529644,0.0197841972112655,-0.0122230593115091,0.0229990798979997,-0.0328693091869354,0.0130475629121065,-0.0127948699519038,0.003272543195635,-0.0238963197916746,0.0641790553927421,0.0095435492694377,-0.0280464179813861,-0.001644020085223,0.028344091027975,-0.0131742116063833,0.0302254166454076,0.0108469016849994,-0.0131446020677685,-0.0177466087043285,0.016444070264697,0.0063025853596627,0.0757323876023292,-0.024217115715146,-0.0315845906734466,-0.0055627329275012,-0.0194225162267684,0.0189328975975513,-0.0175348203629255,-0.01942571811378,-0.0091977678239345,-0.0107665807008743,-0.0071029625833034,0.0226382445544004,-0.0154845835641026,-0.0408684164285659,-0.0248417053371667,-0.023968081921339,-0.0205151923000812,0.0572987832129001,-0.0014292848063632,0.0004301173612475,0.0329724438488483,0.0042992425151169,0.0069375317543745,-0.0094178598374128,0.0090000154450535,0.0216076057404279,-0.0220049265772104,-0.0122673017904162,-0.0614961050450801,0.0295503437519073,0.0120761832222342,0.0195507202297449,-0.0046231383457779,0.0061199353076517,0.0107476422563195,0.010543399490416,0.0113421445712447,-0.0288924276828765,0.0061816051602363,-0.000413232599385,0.0293685942888259,0.0057874899357557,-0.0182604119181633,0.0205507613718509,0.0473074279725551,0.0149013632908463,-0.0089774765074253,-0.0071428688243031,-0.0484100840985775,-0.0083933249115943,-0.0070687853731215,-0.0189439468085765,0.0153109906241297,-0.0176664050668478,0.0295566692948341,-0.0008364892564713,-0.0049019795842468,-0.033486783504486,-0.0192307513207197,-0.0229536890983581,-0.0114069236442446,0.0088652819395065,-0.0367346182465553,-0.0131810698658227,0.0137930680066347,-0.0342831052839756,0.0013812470715492,-0.0262793768197298,0.0149532565847039,0.0872818157076835,0.0249894168227911,0.05070662242877,0.0041493938248882,0.0278470568742505,0.0125523501389206,0.0391468030642996,0.0198062054002876,0.1107976960915519,0.0494363108612925,-0.0270569050230272,0.2365866689004752,-0.1150491094973642,0.1415906129828124,2019-02-05,2019-02-06,2019-02-07,2019-02-08,2019-02-11,2019-02-12,2019-02-13,2019-02-14,2019-02-15,2019-02-19,13610.0,2019-02-04,252.0,-0.5785%,-0.0012,1.2598,0.3124,0.4358,1.6369%,2.1194%,40.3450%,-0.0145259999999999,OLN,13610.0,2019-02-05,252.0,8.7282%,-0.0009,1.263,0.2825,0.3805,1.7233%,2.1868%,37.8991%,0.084629,OLN,13610.0,2019-02-06,252.0,-3.3639%,-0.0011,1.3231,0.2637,0.4357,1.7197%,2.1938%,38.5543%,-0.0311989999999999,OLN,13610.0,2019-02-07,252.0,-2.1756%,-0.0012,1.3276,0.2622,0.4336,1.7206%,2.1952%,38.5632%,-0.010907,OLN,13610.0,2019-02-08,252.0,0.1617%,-0.0008,1.3249,0.3264,0.4644,1.6604%,2.1449%,40.0716%,0.003183,OLN,13610.0,2019-02-11,252.0,0.9361%,-0.0007,1.3018,0.3552,0.4679,1.6565%,2.1100%,38.3637%,0.004184,OLN,13610.0,2019-02-12,252.0,3.0242%,-0.0006,1.3263,0.3339,0.4842,1.6482%,2.1172%,39.3949%,0.013162,OLN,13610.0,2019-02-13,252.0,0.8219%,-0.0006,1.3221,0.3429,0.4869,1.6471%,2.1117%,39.1637%,0.003866,OLN,13610.0,2019-02-14,252.0,-0.9705%,-0.0007,1.3215,0.3389,0.4943,1.6381%,2.1035%,39.3562%,-0.005988,OLN,13610.0,2019-02-15,252.0,3.4104%,-0.0006,1.3398,0.3572,0.5264,1.6404%,2.1129%,39.7263%,0.015851,OLN,13610.0,2019-02-19,252.0,0.4928%,-0.0006,1.3387,0.359,0.5285,1.6402%,2.1107%,39.6145%,-0.000333,OLN,0.070103,0.038904,0.027997,0.035364,0.061922
33155,OLIN CORP,Q4 Earnings Outlook For Olin,6,uncertain,0.5,0.5,"the impact on olin corp's stock price is unclear without specific details on the earnings outlook, as it could be influenced by various factors such as market expectations and overall economic conditions.",1,2019-02-04,OLN,2019-02-04 12:34:00+00:00,13610.0,68066520,-0.0057851774618029,2625152.0,0.0872818157076835,0.0249894168227911,-0.0336391106247901,-0.0203319396823644,-0.0217563733458519,0.0083682332187891,0.0016174749471247,0.0174542292952537,0.009360990487039,-0.0101137701421976,0.0302419364452362,0.028162894770503,0.0082192169502377,0.0034782574512064,-0.0097049688920378,-0.0043290206231176,0.0341042317450046,-0.0207715034484863,0.0049280165694653,0.0229835510253906,0.0230102073401212,0.0136263500899076,-0.0306047163903713,0.0493542291224002,0.0015214532613754,-0.0229833349585533,0.0011394107714295,-0.0305809900164604,-0.0117602944374084,0.0092592183500528,0.0049904440529644,0.0197841972112655,-0.0122230593115091,0.0229990798979997,-0.0328693091869354,0.0130475629121065,-0.0127948699519038,0.003272543195635,-0.0238963197916746,0.0641790553927421,0.0095435492694377,-0.0280464179813861,-0.001644020085223,0.028344091027975,-0.0131742116063833,0.0302254166454076,0.0108469016849994,-0.0131446020677685,-0.0177466087043285,0.016444070264697,0.0063025853596627,0.0757323876023292,-0.024217115715146,-0.0315845906734466,-0.0055627329275012,-0.0194225162267684,0.0189328975975513,-0.0175348203629255,-0.01942571811378,-0.0091977678239345,-0.0107665807008743,-0.0071029625833034,0.0226382445544004,-0.0154845835641026,-0.0408684164285659,-0.0248417053371667,-0.023968081921339,-0.0205151923000812,0.0572987832129001,-0.0014292848063632,0.0004301173612475,0.0329724438488483,0.0042992425151169,0.0069375317543745,-0.0094178598374128,0.0090000154450535,0.0216076057404279,-0.0220049265772104,-0.0122673017904162,-0.0614961050450801,0.0295503437519073,0.0120761832222342,0.0195507202297449,-0.0046231383457779,0.0061199353076517,0.0107476422563195,0.010543399490416,0.0113421445712447,-0.0288924276828765,0.0061816051602363,-0.000413232599385,0.0293685942888259,0.0057874899357557,-0.0182604119181633,0.0205507613718509,0.0473074279725551,0.0149013632908463,-0.0089774765074253,-0.0071428688243031,-0.0484100840985775,-0.0083933249115943,-0.0070687853731215,-0.0189439468085765,0.0153109906241297,-0.0176664050668478,0.0295566692948341,-0.0008364892564713,-0.0049019795842468,-0.033486783504486,-0.0192307513207197,-0.0229536890983581,-0.0114069236442446,0.0088652819395065,-0.0367346182465553,-0.0131810698658227,0.0137930680066347,-0.0342831052839756,0.0013812470715492,-0.0262793768197298,0.0149532565847039,0.0872818157076835,0.0249894168227911,0.05070662242877,0.0041493938248882,0.0278470568742505,0.0125523501389206,0.0391468030642996,0.0198062054002876,0.1107976960915519,0.0494363108612925,-0.0270569050230272,0.2365866689004752,-0.1150491094973642,0.1415906129828124,2019-02-05,2019-02-06,2019-02-07,2019-02-08,2019-02-11,2019-02-12,2019-02-13,2019-02-14,2019-02-15,2019-02-19,13610.0,2019-02-04,252.0,-0.5785%,-0.0012,1.2598,0.3124,0.4358,1.6369%,2.1194%,40.3450%,-0.0145259999999999,OLN,13610.0,2019-02-05,252.0,8.7282%,-0.0009,1.263,0.2825,0.3805,1.7233%,2.1868%,37.8991%,0.084629,OLN,13610.0,2019-02-06,252.0,-3.3639%,-0.0011,1.3231,0.2637,0.4357,1.7197%,2.1938%,38.5543%,-0.0311989999999999,OLN,13610.0,2019-02-07,252.0,-2.1756%,-0.0012,1.3276,0.2622,0.4336,1.7206%,2.1952%,38.5632%,-0.010907,OLN,13610.0,2019-02-08,252.0,0.1617%,-0.0008,1.3249,0.3264,0.4644,1.6604%,2.1449%,40.0716%,0.003183,OLN,13610.0,2019-02-11,252.0,0.9361%,-0.0007,1.3018,0.3552,0.4679,1.6565%,2.1100%,38.3637%,0.004184,OLN,13610.0,2019-02-12,252.0,3.0242%,-0.0006,1.3263,0.3339,0.4842,1.6482%,2.1172%,39.3949%,0.013162,OLN,13610.0,2019-02-13,252.0,0.8219%,-0.0006,1.3221,0.3429,0.4869,1.6471%,2.1117%,39.1637%,0.003866,OLN,13610.0,2019-02-14,252.0,-0.9705%,-0.0007,1.3215,0.3389,0.4943,1.6381%,2.1035%,39.3562%,-0.005988,OLN,13610.0,2019-02-15,252.0,3.4104%,-0.0006,1.3398,0.3572,0.5264,1.6404%,2.1129%,39.7263%,0.015851,OLN,13610.0,2019-02-19,252.0,0.4928%,-0.0006,1.3387,0.359,0.5285,1.6402%,2.1107%,39.6145%,-0.000333,OLN,0.070103,0.038904,0.027997,0.035364,0.061922
33163,OPKO HEALTH INC,OPKO Health Earlier Issued Press Release Highlighting Proposed Offering Of $200M In Convertible Senior Notes,6,uncertain,0.6,0.3,"the proposed offering of $200m in convertible senior notes could be seen as a way to raise capital, which may be viewed positively, but it could also dilute existing shareholders, leading to uncertainty in its impact on the stock price.",1,2019-02-04,OPK,2019-02-04 22:12:00+00:00,82567.0,68375N10,-0.0194985885173082,2713145.0,-0.1562499850988388,-0.02445656247437,-0.0471380837261676,-0.0107526779174804,-0.0247349590063095,0.047887347638607,-0.0253622941672802,0.0230547320097684,0.0185873433947563,-0.0892388224601745,0.0328466854989528,0.0325202941894531,-0.0212013944983482,0.0165289100259542,0.0072202095761895,-0.0135869430378079,0.0250895824283361,-0.0315789170563221,-0.013986000791192,0.0215053558349609,-0.0248226728290319,-0.002680962672457,-0.003636360168457,-0.0132275009527802,0.0255474206060171,0.0216215997934341,0.0106761464849114,-0.0339425280690193,-0.0035211234353482,0.0213333126157522,-0.0176678281277418,0.027397233992815,-0.0827338173985481,0.0082873506471514,0.0745098292827606,-0.0136240301653742,-0.0255474206060171,0.0367231965065002,-0.0074906293302774,0.0792682915925979,-0.033962320536375,-0.0030395109206438,-0.0078124925494194,0.0930232480168342,-0.0275590289384126,-0.0474683828651905,0.0404857918620109,0.249011904001236,-0.0116731412708759,-0.0039370041340589,0.0039370041340589,0.0325202941894531,-0.050980344414711,-0.039062462747097,0.0371900461614131,-0.055350586771965,0.0039840601384639,-0.0491227619349956,-0.0039682500064373,-0.0531561747193336,-0.0199203006923198,-0.0504732131958007,0.1056910529732704,-0.0364741310477256,-0.0698529630899429,-0.0351906530559063,-0.0039525656029582,0.0209581349045038,0.0198412518948316,0.0030030002817511,-0.0428015179932117,0.0030120452865958,0.0284552574157714,0.0121951103210449,0.0316205248236656,0.0092307608574628,-0.0114942425861954,-0.0687679126858711,-0.023255793377757,-0.0742705464363098,0.0198412518948316,0.0080213826149702,-0.0116731412708759,0.0303029995411634,0.0275590289384126,0.0491329692304134,-0.0306513123214244,0.0613497085869312,-0.011857695877552,-0.0632183998823165,0.0159999839961528,0.0116278957575559,-0.0393700413405895,-0.0309858862310648,0.0163934268057346,0.0028248562011867,-0.0080645084381103,0.0260869320482015,0.0040650367736816,-0.0308988466858863,-0.0242914743721485,0.0084985755383968,-0.0041493736207485,0.0928792431950569,-0.025000074878335,-0.074498564004898,0.0299146044999361,-0.0630872249603271,-0.0331950858235359,0.2055016160011292,0.0128755243495106,-0.1146132051944733,0.0423729456961154,-0.0958548933267593,-0.0162601470947265,0.0376343727111816,-0.0123966820538044,0.047887347638607,-0.0376569665968418,-0.0583554469048976,-0.1562499850988388,-0.02445656247437,-0.1960227439452049,-0.0349462668525948,-0.2159090884157254,0.0112675967565705,-0.2215909000542569,-0.0577427881693701,-0.1988636477929957,-0.0349462624904655,-0.2869318101193411,0.192691012162713,-0.3465909119931115,-0.0477453741370789,2019-02-05,2019-02-06,2019-02-07,2019-02-08,2019-02-11,2019-02-12,2019-02-13,2019-02-14,2019-02-15,2019-02-19,82567.0,2019-02-04,248.0,-1.9499%,0.0008,1.7741,1.9469,1.2613,4.9051%,5.3045%,14.4948%,-0.036111,OPK,82567.0,2019-02-05,248.0,-15.6250%,0.0003,1.7717,2.0024,1.3652,5.0032%,5.3895%,13.8223%,-0.154854,OPK,82567.0,2019-02-06,248.0,-4.7138%,-0.0001,1.8356,1.9825,1.4222,5.0056%,5.3949%,13.9104%,-0.044096,OPK,82567.0,2019-02-07,248.0,-2.4735%,-0.0002,1.819,2.0083,1.4167,5.0016%,5.3873%,13.8080%,-0.010733,OPK,82567.0,2019-02-08,248.0,-2.5362%,-0.0001,1.8207,2.0607,1.4582,4.9916%,5.3818%,13.9771%,-0.0183289999999999,OPK,82567.0,2019-02-11,248.0,1.8587%,-0.0001,1.842,2.0392,1.4577,4.9904%,5.3805%,13.9750%,-0.001016,OPK,82567.0,2019-02-12,248.0,3.2847%,0.0001,1.8783,2.0001,1.4832,4.9794%,5.3794%,14.3190%,0.009765,OPK,82567.0,2019-02-13,248.0,-2.1201%,-0.0,1.8712,2.0004,1.4762,4.9826%,5.3799%,14.2232%,-0.028799,OPK,82567.0,2019-02-14,248.0,0.7220%,0.0001,1.8701,2.006,1.4683,4.9818%,5.3795%,14.2370%,0.00921,OPK,82567.0,2019-02-15,248.0,2.5090%,0.0002,1.8922,2.0249,1.503,4.9776%,5.3816%,14.4510%,-0.008206,OPK,82567.0,2019-02-19,248.0,-1.3986%,0.0001,1.8875,2.0062,1.4823,4.9808%,5.3821%,14.3588%,-0.0280629999999999,OPK,-0.190965,-0.235061,-0.2457939999999999,-0.265139,-0.311232
33171,PATHFINDER BANCORP INC MD,Pathfinder Bancorp Reports Q4 EPS Of $0.26 vs $0.20 In Q4FY17,6,increase,0.7,0.6,"the increase in eps from $0.20 to $0.26 indicates improved profitability, which is likely to positively influence investor sentiment and drive the stock price up.",2,2019-02-04,PBHC,2019-02-04 16:18:00+00:00,84825.0,70319R10,0.0072875125333666,10.0,-0.0121739264577627,0.0050000068731606,0.0,-0.0138888759538531,0.0,0.004646479152143,-0.0094507113099098,-0.0042793112806975,-0.0046779932454228,0.00029185184394,0.0232928823679685,-0.0006388293695636,-0.0018218606710433,-0.0038049328140914,-0.0034965167287737,0.003819465637207,0.0147368451580405,0.0096193877980113,-0.0055324980057775,-0.0163586065173149,-0.0187761094421148,-0.0148849617689847,0.0265769641846418,0.0353765413165092,-0.0162168089300394,-0.0069565484300255,-7.027024366834667e-06,-0.0086206896230578,0.0014035408385097,0.013986000791192,0.0203222837299108,-0.0117483846843242,-0.0041208425536751,0.0182969234883785,-0.0034482232294976,-0.0203378200531005,0.0069203753955662,0.0279943626374006,0.0051546259783208,-0.0593333579599857,-0.0413674898445606,0.0040160925127565,0.0057061286643147,-0.0459770299494266,0.000709168438334,0.0837370306253433,0.0194897651672363,0.0703703537583351,-0.0048661585897207,0.002971765352413,-0.0006985838990658,-0.0214466843754053,-0.0017476140055805,0.0181346349418163,-0.0301120653748512,-0.0519298091530799,0.0310469530522823,-0.0137043157592415,0.0003500812745187,0.0073276446200907,-0.0444522388279438,-0.0025799609720706,-0.0073259654454886,-0.0089593464508652,-0.0265683103352785,-0.0095562729984521,-0.0144048212096095,-0.0101351737976074,0.0503846667706966,-0.0006752348854206,-0.0391798429191112,-6.696925083815586e-06,-0.0198170915246009,0.0006823926232755,0.0147745367139577,0.0,0.0038314322009682,0.0102389473468065,0.0137404082342982,-0.0013633577618747,0.0018298625946044,-0.005423723720014,-0.0172350667417049,-0.0074023995548486,0.0099426470696926,-0.0076463352888822,0.0140098761767149,-0.0026972820051014,-0.0067214453592896,0.0036764272954314,0.0,-0.0190163906663656,0.0097744446247816,0.0066006854176521,-0.0096798297017812,0.0066444803960621,0.0048871864564716,-0.0013271070783957,0.0101010277867317,0.0013288706541061,-0.0148148322477936,-0.0013271070783957,0.0090634357184171,0.0013288706541061,0.0,-0.0049586649984121,0.0067365383729338,0.001655603875406,-0.0104088764637708,-0.0130718825384974,0.0751314759254455,0.0082372324541211,-0.0223620291799306,0.0081382114440202,-0.0064402669668197,-0.0080725150182843,-0.0035899577196687,0.0083056474104523,0.0036100530996918,0.0006649088463746,-0.0121739264577627,0.0050000068731606,-0.0121739264577627,-0.0089583135559222,-0.0121739264577627,-0.0043534590209551,-0.026086957052939,-0.0083248027042017,0.0003478343473319,-0.0157931107164109,-0.0062608801861522,-0.0008957763189045,-0.0286615297127567,-0.0472039698802794,2019-02-05,2019-02-06,2019-02-07,2019-02-08,2019-02-11,2019-02-12,2019-02-13,2019-02-14,2019-02-15,2019-02-19,84825.0,2019-02-04,252.0,0.7288%,-0.0002,-0.0018,0.1852,0.091,1.4987%,1.5019%,0.4266%,0.006765,PBHC,84825.0,2019-02-05,252.0,-1.2174%,-0.0002,-0.006,0.1879,0.0942,1.5001%,1.5035%,0.4531%,-0.011572,PBHC,84825.0,2019-02-06,252.0,0.0000%,-0.0002,-0.0088,0.1889,0.0914,1.5000%,1.5035%,0.4579%,-0.00016,PBHC,84825.0,2019-02-07,252.0,0.0000%,-0.0002,-0.004,0.1827,0.0921,1.4991%,1.5023%,0.4203%,-0.000293,PBHC,84825.0,2019-02-08,252.0,-0.9451%,-0.0003,-0.002,0.1711,0.0926,1.4971%,1.5000%,0.3740%,-0.009003,PBHC,84825.0,2019-02-11,252.0,-0.4678%,-0.0002,-0.0196,0.1798,0.0881,1.4955%,1.4988%,0.4438%,-0.006117,PBHC,84825.0,2019-02-12,252.0,2.3293%,-0.0001,-0.0047,0.1782,0.096,1.5027%,1.5057%,0.4022%,0.023573,PBHC,84825.0,2019-02-13,252.0,-0.1822%,-0.0001,-0.0041,0.1763,0.0952,1.5027%,1.5056%,0.3908%,-0.002083,PBHC,84825.0,2019-02-14,252.0,-0.3497%,-0.0002,-0.0037,0.174,0.0986,1.5021%,1.5050%,0.3885%,-0.00397,PBHC,84825.0,2019-02-15,252.0,1.4737%,-0.0001,0.0089,0.1868,0.1211,1.5044%,1.5078%,0.4525%,0.01377,PBHC,84825.0,2019-02-19,252.0,-0.5532%,-0.0001,0.0089,0.1811,0.1147,1.5047%,1.5079%,0.4197%,-0.006555,PBHC,-0.004807,-0.004967,-0.00526,-0.02038,0.0043549999999999
33179,POST HOLDINGS INC,Wells Fargo Raises Post Holdings Price Target After Q1 Beat,6,increase,0.8,0.7,"wells fargo raising the price target typically indicates positive sentiment and expectations for future performance, which is likely to boost investor confidence and increase the stock price.",2,2019-02-04,POST,2019-02-04 15:22:00+00:00,13188.0,73744610,-0.0044329930096864,767023.0,-0.0019675099756568,0.0450334027409553,0.0074704424478113,0.007161415182054,-0.0048403833061456,-0.0036756361369043,0.0146952895447611,-0.001834446680732,0.0277408827096223,0.0043351203203201,0.0191525295376777,0.0027168008964508,0.008276592940092,-0.0749900117516517,-0.0091743562370538,-0.012115130200982,0.0029240064322948,-0.0133255012333393,0.0029154072981327,0.0096952486783266,-0.0046511213295161,0.0153691489249467,-0.0015576680889353,-0.0031043216586112,-0.013260536827147,0.0051333885639905,-0.0106718800961971,0.0039409799501299,-0.000898960919585,0.0070214965380728,-0.0047985175624489,0.0268547516316175,0.0234052650630474,0.0150614995509386,0.0080486815422773,0.001806377316825,-0.020545283332467,0.0121531216427683,0.0009941953467205,0.0222076103091239,-0.0050650723278522,0.0114533388987183,-0.0040926695801317,0.008975688368082,-0.0009020381257869,0.0142239425331354,0.0142455678433179,0.0002275966689921,0.0004945900291204,-0.0053209690377116,0.0085022300481796,0.0468120947480201,0.0034310212358832,-0.0287753231823444,0.0055685783736407,-0.0317620187997818,0.0053434669971466,-0.0032214319799095,0.0035755229182541,-0.0008879226516,0.0072219548746943,0.003787837922573,0.0367113202810287,-0.0210491903126239,-0.0016599068185314,-0.010147844441235,0.0142250219359993,0.0018386131851002,-0.0008197082206606,0.0096090547740459,-0.0051955129019916,-0.0053220144473016,0.0030236560851335,0.0072201727889478,-0.0006394418305717,-0.0125310150906443,-0.0012797019444406,-0.0082493750378489,-0.0086033539846539,-0.0175771582871675,-0.0114475432783365,-0.0179844740778207,0.0004668978508561,0.0203543584793806,0.0119481608271598,0.0012671884614974,0.0076560666784644,0.016094421967864,-0.0122665353119373,0.0063707628287374,0.003614452201873,0.0110262241214513,0.0120971240103244,-0.0169564485549926,0.0058394107036292,0.015253884717822,0.0102504072710871,0.0003269621811341,0.0,-0.0447683818638324,-0.0180479679256677,0.056190900504589,0.0126188481226563,-0.0077468529343605,0.0048762951046228,-0.0046698553487658,0.0098849609494209,0.0011960488045588,-0.0048940684646368,-0.0070179388858377,-0.0102834794670343,0.013015448115766,0.0107517391443252,0.0020824468228966,-0.0023241452872753,-0.0050163478590548,0.0104829147458076,0.0119178341701626,-0.0082461461424827,0.0160331912338733,-0.0019675099756568,0.0450334027409553,0.0054882343021158,0.0525173208170979,0.0006212858382739,0.0486486501179848,0.0434917366627283,0.0512626387267616,0.0686548335910943,-0.0403640826422405,0.0753857189218014,0.0765815963794682,0.1582271806148552,0.0875658403614823,2019-02-05,2019-02-06,2019-02-07,2019-02-08,2019-02-11,2019-02-12,2019-02-13,2019-02-14,2019-02-15,2019-02-19,13188.0,2019-02-04,252.0,-0.4433%,0.001,0.6558,-0.1918,-0.0681,1.4952%,1.6793%,20.7308%,-0.008679,POST,13188.0,2019-02-05,252.0,-0.1968%,0.0011,0.6296,-0.1985,-0.0925,1.4834%,1.6565%,19.8025%,-0.00545,POST,13188.0,2019-02-06,252.0,0.7470%,0.001,0.6525,-0.2061,-0.0689,1.4816%,1.6549%,19.8469%,0.008801,POST,13188.0,2019-02-07,252.0,-0.4840%,0.0011,0.6568,-0.2115,-0.0682,1.4809%,1.6551%,19.9447%,0.001129,POST,13188.0,2019-02-08,252.0,1.4695%,0.0011,0.6546,-0.2141,-0.079,1.4830%,1.6571%,19.9058%,0.0136389999999999,POST,13188.0,2019-02-11,252.0,2.7741%,0.0012,0.6799,-0.2012,-0.0588,1.4896%,1.6639%,19.8502%,0.028319,POST,13188.0,2019-02-12,252.0,1.9153%,0.0013,0.7017,-0.2229,-0.0438,1.4787%,1.6631%,20.9466%,0.009747,POST,13188.0,2019-02-13,252.0,0.8277%,0.0013,0.7005,-0.2187,-0.0418,1.4788%,1.6610%,20.7344%,0.006376,POST,13188.0,2019-02-14,252.0,-0.9174%,0.0013,0.703,-0.2228,-0.0384,1.4784%,1.6617%,20.8372%,-0.0069089999999999,POST,13188.0,2019-02-15,252.0,0.2924%,0.0012,0.6812,-0.2431,-0.0747,1.4723%,1.6497%,20.3527%,-0.004379,POST,13188.0,2019-02-19,252.0,0.2915%,0.0012,0.6772,-0.2365,-0.067,1.4699%,1.6437%,20.0351%,0.00245,POST,-0.014129,-0.0053279999999999,-0.004199,0.037759,0.045044
33187,PAPA JOHNS INTL INC,"Proposal Stated Schnatter Was Willing To Make Investment In Papa John's Of Up To $250 Mln On Terms Substantially Similar, Superior To Starboard Deal",6,increase,0.7,0.6,"the willingness of schnatter to invest up to $250 million on favorable terms suggests confidence in the company's future, which could positively influence investor sentiment and drive the stock price up.",2,2019-02-04,PZZA,2019-02-04 14:03:00+00:00,79299.0,69881310,0.0898468717932701,7879166.0,0.0424112156033515,-0.0893828943371772,-0.0187428500503301,0.0035595996305346,0.0177031978964805,-0.0044885999523103,-0.0111009180545806,-0.0072701117023825,0.0190786346793174,0.0109056206420064,-0.0011415351182222,-0.0770240798592567,-0.0116571048274636,0.0196341164410114,0.0062441402114927,0.0766273960471153,0.0402206405997276,-0.0286980755627155,-0.0430843345820903,-0.0020954634528607,0.0041560907848179,0.0177725106477737,-0.0556450188159942,-0.0068251565098762,0.0206963345408439,0.0016502478392794,-0.0011927299201488,-0.0032895489130169,-0.0019106285180896,0.0018832823261618,0.0232112314552068,-0.0035186845343559,0.0222170446068048,-0.0249313842505216,-0.00892242975533,0.0231687743216753,0.0016158748185262,0.0237182043492794,0.050011571496725,0.0357320718467235,-0.0160228163003921,0.00423618638888,-0.0069150426425039,0.0080381734296679,0.0042677139863371,-0.0153351202607154,-0.0002236260770587,-0.0110078463330864,0.0158836487680673,-0.0231779552996158,0.0211406983435154,0.0290140248835086,-0.0030191803816705,-0.0036747066769748,0.0209820736199617,-0.0333885848522186,0.0029660887084901,-0.0256114583462476,-0.007604575715959,-0.0251911599189043,0.0031928804237395,-0.0015719671500846,-0.0050923335365951,-0.0193790141493082,0.0620601400732994,-0.0141120608896017,-0.0208835527300834,0.0267499051988124,0.0096390740945935,0.0076370202004909,0.0253910217434167,0.0118181919679045,0.0293185338377952,-0.023957448080182,0.0190531499683857,-0.0161501057446003,-0.0198300145566463,-0.0019603604450821,-0.0025048374664038,-0.0183878690004348,-0.0139076923951506,-0.0254219882190227,0.0039177425205707,-0.0043568275868892,0.0132682984694838,0.0066833687014877,-0.0402464866638183,-0.0751400291919708,0.0136436661705374,-0.1023061871528625,-0.0017814757302403,0.0066328723914921,0.0055522262118756,-0.0022639718372374,-0.0102543970569968,-0.0132325226441025,-0.0089658685028553,0.0135864615440368,-0.0205066427588462,-0.0256279427558183,-0.0158046074211597,-0.0020325668156147,0.0273200739175081,0.0499733500182628,-0.0004059408092871,0.0080674216151237,-0.006904958281666,-0.0023251846432685,0.0331288129091262,0.0126788765192031,0.0045526432804763,-0.0034296468365937,0.0126108257099986,-0.0137411346659064,0.0093403300270438,0.0547970868647098,-0.0136880492791533,-0.0192589741200208,0.0062548806890845,-0.0076446700841188,0.0424112156033515,-0.0893828943371772,0.0228734584985155,-0.0861414620243014,0.0409815897573722,-0.0902434074142775,0.0490657760262012,-0.0870081093135025,0.037329703425851,-0.1033760773120372,0.1252308384805252,-0.1338281832097759,0.2330115753205539,-0.2962067231723678,2019-02-05,2019-02-06,2019-02-07,2019-02-08,2019-02-11,2019-02-12,2019-02-13,2019-02-14,2019-02-15,2019-02-19,79299.0,2019-02-04,252.0,8.9847%,-0.0014,0.5658,0.0795,-0.3307,2.6343%,2.7376%,7.4019%,0.084193,PZZA,79299.0,2019-02-05,252.0,4.2411%,-0.0011,0.5413,0.0567,-0.3848,2.6400%,2.7404%,7.1913%,0.037957,PZZA,79299.0,2019-02-06,252.0,-1.8743%,-0.0011,0.4704,0.0798,-0.4569,2.6280%,2.7159%,6.3624%,-0.017377,PZZA,79299.0,2019-02-07,252.0,1.7703%,-0.001,0.4649,0.0761,-0.4507,2.6327%,2.7180%,6.1803%,0.023864,PZZA,79299.0,2019-02-08,252.0,-1.1101%,-0.001,0.4673,0.0786,-0.4389,2.6341%,2.7188%,6.1325%,-0.0147669999999999,PZZA,79299.0,2019-02-11,252.0,1.9079%,-0.0009,0.468,0.1048,-0.4244,2.6370%,2.7183%,5.8908%,0.018815,PZZA,79299.0,2019-02-12,252.0,-0.1142%,-0.001,0.4561,0.1146,-0.4322,2.6360%,2.7158%,5.7913%,-0.008349,PZZA,79299.0,2019-02-13,252.0,-1.1657%,-0.0011,0.4497,0.1208,-0.434,2.6362%,2.7146%,5.6914%,-0.0128,PZZA,79299.0,2019-02-14,252.0,0.6244%,-0.001,0.4492,0.1239,-0.4386,2.6356%,2.7144%,5.7277%,0.0039429999999999,PZZA,79299.0,2019-02-15,252.0,4.0221%,-0.0009,0.4607,0.1383,-0.4146,2.6443%,2.7234%,5.7235%,0.03684,PZZA,79299.0,2019-02-19,252.0,-4.3084%,-0.0011,0.4494,0.116,-0.4387,2.6571%,2.7346%,5.5900%,-0.043217,PZZA,0.12215,0.104773,0.128637,0.132685,0.109102
33195,PAPA JOHNS INTL INC,John H. Schnatter Says Sent A Non-binding Proposal To Papa John's International Inc.'s Board Of Directors,6,uncertain,0.6,0.3,"the non-binding proposal from john h. schnatter could lead to speculation and mixed reactions among investors, making the impact on the stock price uncertain.",1,2019-02-04,PZZA,2019-02-04 14:02:00+00:00,79299.0,69881310,0.0898468717932701,7879166.0,0.0424112156033515,-0.0893828943371772,-0.0187428500503301,0.0035595996305346,0.0177031978964805,-0.0044885999523103,-0.0111009180545806,-0.0072701117023825,0.0190786346793174,0.0109056206420064,-0.0011415351182222,-0.0770240798592567,-0.0116571048274636,0.0196341164410114,0.0062441402114927,0.0766273960471153,0.0402206405997276,-0.0286980755627155,-0.0430843345820903,-0.0020954634528607,0.0041560907848179,0.0177725106477737,-0.0556450188159942,-0.0068251565098762,0.0206963345408439,0.0016502478392794,-0.0011927299201488,-0.0032895489130169,-0.0019106285180896,0.0018832823261618,0.0232112314552068,-0.0035186845343559,0.0222170446068048,-0.0249313842505216,-0.00892242975533,0.0231687743216753,0.0016158748185262,0.0237182043492794,0.050011571496725,0.0357320718467235,-0.0160228163003921,0.00423618638888,-0.0069150426425039,0.0080381734296679,0.0042677139863371,-0.0153351202607154,-0.0002236260770587,-0.0110078463330864,0.0158836487680673,-0.0231779552996158,0.0211406983435154,0.0290140248835086,-0.0030191803816705,-0.0036747066769748,0.0209820736199617,-0.0333885848522186,0.0029660887084901,-0.0256114583462476,-0.007604575715959,-0.0251911599189043,0.0031928804237395,-0.0015719671500846,-0.0050923335365951,-0.0193790141493082,0.0620601400732994,-0.0141120608896017,-0.0208835527300834,0.0267499051988124,0.0096390740945935,0.0076370202004909,0.0253910217434167,0.0118181919679045,0.0293185338377952,-0.023957448080182,0.0190531499683857,-0.0161501057446003,-0.0198300145566463,-0.0019603604450821,-0.0025048374664038,-0.0183878690004348,-0.0139076923951506,-0.0254219882190227,0.0039177425205707,-0.0043568275868892,0.0132682984694838,0.0066833687014877,-0.0402464866638183,-0.0751400291919708,0.0136436661705374,-0.1023061871528625,-0.0017814757302403,0.0066328723914921,0.0055522262118756,-0.0022639718372374,-0.0102543970569968,-0.0132325226441025,-0.0089658685028553,0.0135864615440368,-0.0205066427588462,-0.0256279427558183,-0.0158046074211597,-0.0020325668156147,0.0273200739175081,0.0499733500182628,-0.0004059408092871,0.0080674216151237,-0.006904958281666,-0.0023251846432685,0.0331288129091262,0.0126788765192031,0.0045526432804763,-0.0034296468365937,0.0126108257099986,-0.0137411346659064,0.0093403300270438,0.0547970868647098,-0.0136880492791533,-0.0192589741200208,0.0062548806890845,-0.0076446700841188,0.0424112156033515,-0.0893828943371772,0.0228734584985155,-0.0861414620243014,0.0409815897573722,-0.0902434074142775,0.0490657760262012,-0.0870081093135025,0.037329703425851,-0.1033760773120372,0.1252308384805252,-0.1338281832097759,0.2330115753205539,-0.2962067231723678,2019-02-05,2019-02-06,2019-02-07,2019-02-08,2019-02-11,2019-02-12,2019-02-13,2019-02-14,2019-02-15,2019-02-19,79299.0,2019-02-04,252.0,8.9847%,-0.0014,0.5658,0.0795,-0.3307,2.6343%,2.7376%,7.4019%,0.084193,PZZA,79299.0,2019-02-05,252.0,4.2411%,-0.0011,0.5413,0.0567,-0.3848,2.6400%,2.7404%,7.1913%,0.037957,PZZA,79299.0,2019-02-06,252.0,-1.8743%,-0.0011,0.4704,0.0798,-0.4569,2.6280%,2.7159%,6.3624%,-0.017377,PZZA,79299.0,2019-02-07,252.0,1.7703%,-0.001,0.4649,0.0761,-0.4507,2.6327%,2.7180%,6.1803%,0.023864,PZZA,79299.0,2019-02-08,252.0,-1.1101%,-0.001,0.4673,0.0786,-0.4389,2.6341%,2.7188%,6.1325%,-0.0147669999999999,PZZA,79299.0,2019-02-11,252.0,1.9079%,-0.0009,0.468,0.1048,-0.4244,2.6370%,2.7183%,5.8908%,0.018815,PZZA,79299.0,2019-02-12,252.0,-0.1142%,-0.001,0.4561,0.1146,-0.4322,2.6360%,2.7158%,5.7913%,-0.008349,PZZA,79299.0,2019-02-13,252.0,-1.1657%,-0.0011,0.4497,0.1208,-0.434,2.6362%,2.7146%,5.6914%,-0.0128,PZZA,79299.0,2019-02-14,252.0,0.6244%,-0.001,0.4492,0.1239,-0.4386,2.6356%,2.7144%,5.7277%,0.0039429999999999,PZZA,79299.0,2019-02-15,252.0,4.0221%,-0.0009,0.4607,0.1383,-0.4146,2.6443%,2.7234%,5.7235%,0.03684,PZZA,79299.0,2019-02-19,252.0,-4.3084%,-0.0011,0.4494,0.116,-0.4387,2.6571%,2.7346%,5.5900%,-0.043217,PZZA,0.12215,0.104773,0.128637,0.132685,0.109102
33203,PAPA JOHNS INTL INC,Papa John's shares are trading higher despite lowering earnings expectations after hedge fund Starboard Equity made a $200M investment in the company.,6,increase,0.8,0.6,"the investment from starboard equity suggests strong confidence in papa john's future, which can positively influence investor sentiment despite the lowered earnings expectations.",2,2019-02-04,PZZA,2019-02-04 12:53:00+00:00,79299.0,69881310,0.0898468717932701,7879166.0,0.0424112156033515,-0.0893828943371772,-0.0187428500503301,0.0035595996305346,0.0177031978964805,-0.0044885999523103,-0.0111009180545806,-0.0072701117023825,0.0190786346793174,0.0109056206420064,-0.0011415351182222,-0.0770240798592567,-0.0116571048274636,0.0196341164410114,0.0062441402114927,0.0766273960471153,0.0402206405997276,-0.0286980755627155,-0.0430843345820903,-0.0020954634528607,0.0041560907848179,0.0177725106477737,-0.0556450188159942,-0.0068251565098762,0.0206963345408439,0.0016502478392794,-0.0011927299201488,-0.0032895489130169,-0.0019106285180896,0.0018832823261618,0.0232112314552068,-0.0035186845343559,0.0222170446068048,-0.0249313842505216,-0.00892242975533,0.0231687743216753,0.0016158748185262,0.0237182043492794,0.050011571496725,0.0357320718467235,-0.0160228163003921,0.00423618638888,-0.0069150426425039,0.0080381734296679,0.0042677139863371,-0.0153351202607154,-0.0002236260770587,-0.0110078463330864,0.0158836487680673,-0.0231779552996158,0.0211406983435154,0.0290140248835086,-0.0030191803816705,-0.0036747066769748,0.0209820736199617,-0.0333885848522186,0.0029660887084901,-0.0256114583462476,-0.007604575715959,-0.0251911599189043,0.0031928804237395,-0.0015719671500846,-0.0050923335365951,-0.0193790141493082,0.0620601400732994,-0.0141120608896017,-0.0208835527300834,0.0267499051988124,0.0096390740945935,0.0076370202004909,0.0253910217434167,0.0118181919679045,0.0293185338377952,-0.023957448080182,0.0190531499683857,-0.0161501057446003,-0.0198300145566463,-0.0019603604450821,-0.0025048374664038,-0.0183878690004348,-0.0139076923951506,-0.0254219882190227,0.0039177425205707,-0.0043568275868892,0.0132682984694838,0.0066833687014877,-0.0402464866638183,-0.0751400291919708,0.0136436661705374,-0.1023061871528625,-0.0017814757302403,0.0066328723914921,0.0055522262118756,-0.0022639718372374,-0.0102543970569968,-0.0132325226441025,-0.0089658685028553,0.0135864615440368,-0.0205066427588462,-0.0256279427558183,-0.0158046074211597,-0.0020325668156147,0.0273200739175081,0.0499733500182628,-0.0004059408092871,0.0080674216151237,-0.006904958281666,-0.0023251846432685,0.0331288129091262,0.0126788765192031,0.0045526432804763,-0.0034296468365937,0.0126108257099986,-0.0137411346659064,0.0093403300270438,0.0547970868647098,-0.0136880492791533,-0.0192589741200208,0.0062548806890845,-0.0076446700841188,0.0424112156033515,-0.0893828943371772,0.0228734584985155,-0.0861414620243014,0.0409815897573722,-0.0902434074142775,0.0490657760262012,-0.0870081093135025,0.037329703425851,-0.1033760773120372,0.1252308384805252,-0.1338281832097759,0.2330115753205539,-0.2962067231723678,2019-02-05,2019-02-06,2019-02-07,2019-02-08,2019-02-11,2019-02-12,2019-02-13,2019-02-14,2019-02-15,2019-02-19,79299.0,2019-02-04,252.0,8.9847%,-0.0014,0.5658,0.0795,-0.3307,2.6343%,2.7376%,7.4019%,0.084193,PZZA,79299.0,2019-02-05,252.0,4.2411%,-0.0011,0.5413,0.0567,-0.3848,2.6400%,2.7404%,7.1913%,0.037957,PZZA,79299.0,2019-02-06,252.0,-1.8743%,-0.0011,0.4704,0.0798,-0.4569,2.6280%,2.7159%,6.3624%,-0.017377,PZZA,79299.0,2019-02-07,252.0,1.7703%,-0.001,0.4649,0.0761,-0.4507,2.6327%,2.7180%,6.1803%,0.023864,PZZA,79299.0,2019-02-08,252.0,-1.1101%,-0.001,0.4673,0.0786,-0.4389,2.6341%,2.7188%,6.1325%,-0.0147669999999999,PZZA,79299.0,2019-02-11,252.0,1.9079%,-0.0009,0.468,0.1048,-0.4244,2.6370%,2.7183%,5.8908%,0.018815,PZZA,79299.0,2019-02-12,252.0,-0.1142%,-0.001,0.4561,0.1146,-0.4322,2.6360%,2.7158%,5.7913%,-0.008349,PZZA,79299.0,2019-02-13,252.0,-1.1657%,-0.0011,0.4497,0.1208,-0.434,2.6362%,2.7146%,5.6914%,-0.0128,PZZA,79299.0,2019-02-14,252.0,0.6244%,-0.001,0.4492,0.1239,-0.4386,2.6356%,2.7144%,5.7277%,0.0039429999999999,PZZA,79299.0,2019-02-15,252.0,4.0221%,-0.0009,0.4607,0.1383,-0.4146,2.6443%,2.7234%,5.7235%,0.03684,PZZA,79299.0,2019-02-19,252.0,-4.3084%,-0.0011,0.4494,0.116,-0.4387,2.6571%,2.7346%,5.5900%,-0.043217,PZZA,0.12215,0.104773,0.128637,0.132685,0.109102
33211,PAPA JOHNS INTL INC,Papa John's International Narrows FY2018 EPS Guidance from $1.30-1.60 to $1.30-1.45 vs $1.48 Est,6,decrease,0.75,0.6,"narrowing eps guidance downward suggests weaker-than-expected financial performance, which is likely to negatively impact investor sentiment and the stock price.",0,2019-02-04,PZZA,2019-02-04 12:03:00+00:00,79299.0,69881310,0.0898468717932701,7879166.0,0.0424112156033515,-0.0893828943371772,-0.0187428500503301,0.0035595996305346,0.0177031978964805,-0.0044885999523103,-0.0111009180545806,-0.0072701117023825,0.0190786346793174,0.0109056206420064,-0.0011415351182222,-0.0770240798592567,-0.0116571048274636,0.0196341164410114,0.0062441402114927,0.0766273960471153,0.0402206405997276,-0.0286980755627155,-0.0430843345820903,-0.0020954634528607,0.0041560907848179,0.0177725106477737,-0.0556450188159942,-0.0068251565098762,0.0206963345408439,0.0016502478392794,-0.0011927299201488,-0.0032895489130169,-0.0019106285180896,0.0018832823261618,0.0232112314552068,-0.0035186845343559,0.0222170446068048,-0.0249313842505216,-0.00892242975533,0.0231687743216753,0.0016158748185262,0.0237182043492794,0.050011571496725,0.0357320718467235,-0.0160228163003921,0.00423618638888,-0.0069150426425039,0.0080381734296679,0.0042677139863371,-0.0153351202607154,-0.0002236260770587,-0.0110078463330864,0.0158836487680673,-0.0231779552996158,0.0211406983435154,0.0290140248835086,-0.0030191803816705,-0.0036747066769748,0.0209820736199617,-0.0333885848522186,0.0029660887084901,-0.0256114583462476,-0.007604575715959,-0.0251911599189043,0.0031928804237395,-0.0015719671500846,-0.0050923335365951,-0.0193790141493082,0.0620601400732994,-0.0141120608896017,-0.0208835527300834,0.0267499051988124,0.0096390740945935,0.0076370202004909,0.0253910217434167,0.0118181919679045,0.0293185338377952,-0.023957448080182,0.0190531499683857,-0.0161501057446003,-0.0198300145566463,-0.0019603604450821,-0.0025048374664038,-0.0183878690004348,-0.0139076923951506,-0.0254219882190227,0.0039177425205707,-0.0043568275868892,0.0132682984694838,0.0066833687014877,-0.0402464866638183,-0.0751400291919708,0.0136436661705374,-0.1023061871528625,-0.0017814757302403,0.0066328723914921,0.0055522262118756,-0.0022639718372374,-0.0102543970569968,-0.0132325226441025,-0.0089658685028553,0.0135864615440368,-0.0205066427588462,-0.0256279427558183,-0.0158046074211597,-0.0020325668156147,0.0273200739175081,0.0499733500182628,-0.0004059408092871,0.0080674216151237,-0.006904958281666,-0.0023251846432685,0.0331288129091262,0.0126788765192031,0.0045526432804763,-0.0034296468365937,0.0126108257099986,-0.0137411346659064,0.0093403300270438,0.0547970868647098,-0.0136880492791533,-0.0192589741200208,0.0062548806890845,-0.0076446700841188,0.0424112156033515,-0.0893828943371772,0.0228734584985155,-0.0861414620243014,0.0409815897573722,-0.0902434074142775,0.0490657760262012,-0.0870081093135025,0.037329703425851,-0.1033760773120372,0.1252308384805252,-0.1338281832097759,0.2330115753205539,-0.2962067231723678,2019-02-05,2019-02-06,2019-02-07,2019-02-08,2019-02-11,2019-02-12,2019-02-13,2019-02-14,2019-02-15,2019-02-19,79299.0,2019-02-04,252.0,8.9847%,-0.0014,0.5658,0.0795,-0.3307,2.6343%,2.7376%,7.4019%,0.084193,PZZA,79299.0,2019-02-05,252.0,4.2411%,-0.0011,0.5413,0.0567,-0.3848,2.6400%,2.7404%,7.1913%,0.037957,PZZA,79299.0,2019-02-06,252.0,-1.8743%,-0.0011,0.4704,0.0798,-0.4569,2.6280%,2.7159%,6.3624%,-0.017377,PZZA,79299.0,2019-02-07,252.0,1.7703%,-0.001,0.4649,0.0761,-0.4507,2.6327%,2.7180%,6.1803%,0.023864,PZZA,79299.0,2019-02-08,252.0,-1.1101%,-0.001,0.4673,0.0786,-0.4389,2.6341%,2.7188%,6.1325%,-0.0147669999999999,PZZA,79299.0,2019-02-11,252.0,1.9079%,-0.0009,0.468,0.1048,-0.4244,2.6370%,2.7183%,5.8908%,0.018815,PZZA,79299.0,2019-02-12,252.0,-0.1142%,-0.001,0.4561,0.1146,-0.4322,2.6360%,2.7158%,5.7913%,-0.008349,PZZA,79299.0,2019-02-13,252.0,-1.1657%,-0.0011,0.4497,0.1208,-0.434,2.6362%,2.7146%,5.6914%,-0.0128,PZZA,79299.0,2019-02-14,252.0,0.6244%,-0.001,0.4492,0.1239,-0.4386,2.6356%,2.7144%,5.7277%,0.0039429999999999,PZZA,79299.0,2019-02-15,252.0,4.0221%,-0.0009,0.4607,0.1383,-0.4146,2.6443%,2.7234%,5.7235%,0.03684,PZZA,79299.0,2019-02-19,252.0,-4.3084%,-0.0011,0.4494,0.116,-0.4387,2.6571%,2.7346%,5.5900%,-0.043217,PZZA,0.12215,0.104773,0.128637,0.132685,0.109102
33219,PAPA JOHNS INTL INC,UPDATE: Starboard's Makes $200M Investment in Papa John's,6,increase,0.8,0.7,"a $200m investment from starboard is likely to be viewed positively by investors, suggesting confidence in papa john's future growth and potentially driving the stock price up.",2,2019-02-04,PZZA,2019-02-04 11:38:00+00:00,79299.0,69881310,0.0898468717932701,7879166.0,0.0424112156033515,-0.0893828943371772,-0.0187428500503301,0.0035595996305346,0.0177031978964805,-0.0044885999523103,-0.0111009180545806,-0.0072701117023825,0.0190786346793174,0.0109056206420064,-0.0011415351182222,-0.0770240798592567,-0.0116571048274636,0.0196341164410114,0.0062441402114927,0.0766273960471153,0.0402206405997276,-0.0286980755627155,-0.0430843345820903,-0.0020954634528607,0.0041560907848179,0.0177725106477737,-0.0556450188159942,-0.0068251565098762,0.0206963345408439,0.0016502478392794,-0.0011927299201488,-0.0032895489130169,-0.0019106285180896,0.0018832823261618,0.0232112314552068,-0.0035186845343559,0.0222170446068048,-0.0249313842505216,-0.00892242975533,0.0231687743216753,0.0016158748185262,0.0237182043492794,0.050011571496725,0.0357320718467235,-0.0160228163003921,0.00423618638888,-0.0069150426425039,0.0080381734296679,0.0042677139863371,-0.0153351202607154,-0.0002236260770587,-0.0110078463330864,0.0158836487680673,-0.0231779552996158,0.0211406983435154,0.0290140248835086,-0.0030191803816705,-0.0036747066769748,0.0209820736199617,-0.0333885848522186,0.0029660887084901,-0.0256114583462476,-0.007604575715959,-0.0251911599189043,0.0031928804237395,-0.0015719671500846,-0.0050923335365951,-0.0193790141493082,0.0620601400732994,-0.0141120608896017,-0.0208835527300834,0.0267499051988124,0.0096390740945935,0.0076370202004909,0.0253910217434167,0.0118181919679045,0.0293185338377952,-0.023957448080182,0.0190531499683857,-0.0161501057446003,-0.0198300145566463,-0.0019603604450821,-0.0025048374664038,-0.0183878690004348,-0.0139076923951506,-0.0254219882190227,0.0039177425205707,-0.0043568275868892,0.0132682984694838,0.0066833687014877,-0.0402464866638183,-0.0751400291919708,0.0136436661705374,-0.1023061871528625,-0.0017814757302403,0.0066328723914921,0.0055522262118756,-0.0022639718372374,-0.0102543970569968,-0.0132325226441025,-0.0089658685028553,0.0135864615440368,-0.0205066427588462,-0.0256279427558183,-0.0158046074211597,-0.0020325668156147,0.0273200739175081,0.0499733500182628,-0.0004059408092871,0.0080674216151237,-0.006904958281666,-0.0023251846432685,0.0331288129091262,0.0126788765192031,0.0045526432804763,-0.0034296468365937,0.0126108257099986,-0.0137411346659064,0.0093403300270438,0.0547970868647098,-0.0136880492791533,-0.0192589741200208,0.0062548806890845,-0.0076446700841188,0.0424112156033515,-0.0893828943371772,0.0228734584985155,-0.0861414620243014,0.0409815897573722,-0.0902434074142775,0.0490657760262012,-0.0870081093135025,0.037329703425851,-0.1033760773120372,0.1252308384805252,-0.1338281832097759,0.2330115753205539,-0.2962067231723678,2019-02-05,2019-02-06,2019-02-07,2019-02-08,2019-02-11,2019-02-12,2019-02-13,2019-02-14,2019-02-15,2019-02-19,79299.0,2019-02-04,252.0,8.9847%,-0.0014,0.5658,0.0795,-0.3307,2.6343%,2.7376%,7.4019%,0.084193,PZZA,79299.0,2019-02-05,252.0,4.2411%,-0.0011,0.5413,0.0567,-0.3848,2.6400%,2.7404%,7.1913%,0.037957,PZZA,79299.0,2019-02-06,252.0,-1.8743%,-0.0011,0.4704,0.0798,-0.4569,2.6280%,2.7159%,6.3624%,-0.017377,PZZA,79299.0,2019-02-07,252.0,1.7703%,-0.001,0.4649,0.0761,-0.4507,2.6327%,2.7180%,6.1803%,0.023864,PZZA,79299.0,2019-02-08,252.0,-1.1101%,-0.001,0.4673,0.0786,-0.4389,2.6341%,2.7188%,6.1325%,-0.0147669999999999,PZZA,79299.0,2019-02-11,252.0,1.9079%,-0.0009,0.468,0.1048,-0.4244,2.6370%,2.7183%,5.8908%,0.018815,PZZA,79299.0,2019-02-12,252.0,-0.1142%,-0.001,0.4561,0.1146,-0.4322,2.6360%,2.7158%,5.7913%,-0.008349,PZZA,79299.0,2019-02-13,252.0,-1.1657%,-0.0011,0.4497,0.1208,-0.434,2.6362%,2.7146%,5.6914%,-0.0128,PZZA,79299.0,2019-02-14,252.0,0.6244%,-0.001,0.4492,0.1239,-0.4386,2.6356%,2.7144%,5.7277%,0.0039429999999999,PZZA,79299.0,2019-02-15,252.0,4.0221%,-0.0009,0.4607,0.1383,-0.4146,2.6443%,2.7234%,5.7235%,0.03684,PZZA,79299.0,2019-02-19,252.0,-4.3084%,-0.0011,0.4494,0.116,-0.4387,2.6571%,2.7346%,5.5900%,-0.043217,PZZA,0.12215,0.104773,0.128637,0.132685,0.109102
33227,PAPA JOHNS INTL INC,"Starboard CEO Jeffrey Smith Becomes Chairman of Papa John's, Gets Another Board Seat",6,increase,0.7,0.6,"the appointment of a ceo as chairman typically signals strong leadership and strategic direction, which can positively influence investor confidence and stock performance.",2,2019-02-04,PZZA,2019-02-04 11:37:00+00:00,79299.0,69881310,0.0898468717932701,7879166.0,0.0424112156033515,-0.0893828943371772,-0.0187428500503301,0.0035595996305346,0.0177031978964805,-0.0044885999523103,-0.0111009180545806,-0.0072701117023825,0.0190786346793174,0.0109056206420064,-0.0011415351182222,-0.0770240798592567,-0.0116571048274636,0.0196341164410114,0.0062441402114927,0.0766273960471153,0.0402206405997276,-0.0286980755627155,-0.0430843345820903,-0.0020954634528607,0.0041560907848179,0.0177725106477737,-0.0556450188159942,-0.0068251565098762,0.0206963345408439,0.0016502478392794,-0.0011927299201488,-0.0032895489130169,-0.0019106285180896,0.0018832823261618,0.0232112314552068,-0.0035186845343559,0.0222170446068048,-0.0249313842505216,-0.00892242975533,0.0231687743216753,0.0016158748185262,0.0237182043492794,0.050011571496725,0.0357320718467235,-0.0160228163003921,0.00423618638888,-0.0069150426425039,0.0080381734296679,0.0042677139863371,-0.0153351202607154,-0.0002236260770587,-0.0110078463330864,0.0158836487680673,-0.0231779552996158,0.0211406983435154,0.0290140248835086,-0.0030191803816705,-0.0036747066769748,0.0209820736199617,-0.0333885848522186,0.0029660887084901,-0.0256114583462476,-0.007604575715959,-0.0251911599189043,0.0031928804237395,-0.0015719671500846,-0.0050923335365951,-0.0193790141493082,0.0620601400732994,-0.0141120608896017,-0.0208835527300834,0.0267499051988124,0.0096390740945935,0.0076370202004909,0.0253910217434167,0.0118181919679045,0.0293185338377952,-0.023957448080182,0.0190531499683857,-0.0161501057446003,-0.0198300145566463,-0.0019603604450821,-0.0025048374664038,-0.0183878690004348,-0.0139076923951506,-0.0254219882190227,0.0039177425205707,-0.0043568275868892,0.0132682984694838,0.0066833687014877,-0.0402464866638183,-0.0751400291919708,0.0136436661705374,-0.1023061871528625,-0.0017814757302403,0.0066328723914921,0.0055522262118756,-0.0022639718372374,-0.0102543970569968,-0.0132325226441025,-0.0089658685028553,0.0135864615440368,-0.0205066427588462,-0.0256279427558183,-0.0158046074211597,-0.0020325668156147,0.0273200739175081,0.0499733500182628,-0.0004059408092871,0.0080674216151237,-0.006904958281666,-0.0023251846432685,0.0331288129091262,0.0126788765192031,0.0045526432804763,-0.0034296468365937,0.0126108257099986,-0.0137411346659064,0.0093403300270438,0.0547970868647098,-0.0136880492791533,-0.0192589741200208,0.0062548806890845,-0.0076446700841188,0.0424112156033515,-0.0893828943371772,0.0228734584985155,-0.0861414620243014,0.0409815897573722,-0.0902434074142775,0.0490657760262012,-0.0870081093135025,0.037329703425851,-0.1033760773120372,0.1252308384805252,-0.1338281832097759,0.2330115753205539,-0.2962067231723678,2019-02-05,2019-02-06,2019-02-07,2019-02-08,2019-02-11,2019-02-12,2019-02-13,2019-02-14,2019-02-15,2019-02-19,79299.0,2019-02-04,252.0,8.9847%,-0.0014,0.5658,0.0795,-0.3307,2.6343%,2.7376%,7.4019%,0.084193,PZZA,79299.0,2019-02-05,252.0,4.2411%,-0.0011,0.5413,0.0567,-0.3848,2.6400%,2.7404%,7.1913%,0.037957,PZZA,79299.0,2019-02-06,252.0,-1.8743%,-0.0011,0.4704,0.0798,-0.4569,2.6280%,2.7159%,6.3624%,-0.017377,PZZA,79299.0,2019-02-07,252.0,1.7703%,-0.001,0.4649,0.0761,-0.4507,2.6327%,2.7180%,6.1803%,0.023864,PZZA,79299.0,2019-02-08,252.0,-1.1101%,-0.001,0.4673,0.0786,-0.4389,2.6341%,2.7188%,6.1325%,-0.0147669999999999,PZZA,79299.0,2019-02-11,252.0,1.9079%,-0.0009,0.468,0.1048,-0.4244,2.6370%,2.7183%,5.8908%,0.018815,PZZA,79299.0,2019-02-12,252.0,-0.1142%,-0.001,0.4561,0.1146,-0.4322,2.6360%,2.7158%,5.7913%,-0.008349,PZZA,79299.0,2019-02-13,252.0,-1.1657%,-0.0011,0.4497,0.1208,-0.434,2.6362%,2.7146%,5.6914%,-0.0128,PZZA,79299.0,2019-02-14,252.0,0.6244%,-0.001,0.4492,0.1239,-0.4386,2.6356%,2.7144%,5.7277%,0.0039429999999999,PZZA,79299.0,2019-02-15,252.0,4.0221%,-0.0009,0.4607,0.1383,-0.4146,2.6443%,2.7234%,5.7235%,0.03684,PZZA,79299.0,2019-02-19,252.0,-4.3084%,-0.0011,0.4494,0.116,-0.4387,2.6571%,2.7346%,5.5900%,-0.043217,PZZA,0.12215,0.104773,0.128637,0.132685,0.109102
33235,QIAGEN NV,"QIAGEN Sees FY19 Sales Growth 7-8% Year Over Year, Adj. EPS $1.45-$1.47",6,increase,0.75,0.6,"the projected sales growth of 7-8% year over year and adjusted eps guidance suggest positive financial performance, which is likely to boost investor confidence and increase the stock price.",2,2019-02-04,QGEN,2019-02-04 21:10:00+00:00,83686.0,N7248212,0.00163047213573,1522801.0,-0.0111231645569205,-0.0062111681327223,0.0241426900029182,-0.009628259576857,-0.014465601183474,0.0075451028533279,-0.0029899594374001,-0.0013455123407766,0.0,0.0,0.0133587205782532,0.0084125204011797,0.010223327204585,-0.0064707919955253,0.0170439258217811,0.0109021952375769,0.0117832096293568,-0.0064988266676664,-0.0002587557246442,0.0079148719087243,0.0082837091758847,0.0021881295833736,-0.0043646208941936,0.0079956138506531,0.0067045423202216,0.0061026690527796,-0.0017930249450728,-0.0117872888222336,-0.0143700633198022,0.0035763706546276,0.0049465927295386,0.004698677919805,-0.0044040977954864,0.0142977898940444,0.0213374886661768,0.0133521985262632,-0.0030572975520044,0.0103329680860042,0.0066444752737879,0.0313795581459999,-0.0033003571443259,-0.010254974476993,-0.0086602186784148,-0.0092888157814741,-0.0007707806071266,0.0156250782310962,0.0113140251487493,0.0,0.0005084322765469,0.0086231669411063,0.009911136701703,0.0300152990967035,0.0012581589398905,-0.013893055729568,0.0012565779034048,-0.0098683619871735,-0.0037650985177606,-0.0005977423279546,0.0060469056479632,-0.0091797858476638,0.0020034564658999,-0.0088053783401846,0.0079980883747339,-0.015317884273827,-0.0225639380514621,-0.0119932033121585,0.008878800086677,-0.0011409274302423,0.0160925164818763,0.0005707893287763,-0.009403639473021,-0.0090497648343443,0.0057456796057522,0.0054024010896682,0.0104322405532002,-0.0076185232028365,0.0051622195169329,0.0002821992966346,0.0061139645986258,-0.0239669140428304,0.0019446240039542,0.0242663845419883,-0.004609472118318,0.0053900321945548,0.0051182769238948,0.0071428571827709,0.0019398160511627,0.0201107133179903,-0.0043562515638768,-0.00377460103482,0.0060768108814954,-0.0020283889025449,-0.0091809872537851,0.0117266988381743,-0.0097536630928516,0.0058979876339435,-0.0039399126544594,-0.0093485163524746,-0.0177997834980487,-0.0106936115771532,-0.0302038956433534,0.0026079441886395,-0.0059693627990782,0.0072971400804817,-0.0080939307808876,-0.0174935646355152,0.019478753209114,-0.0059863994829356,-0.0051639755256474,-0.0247428230941295,0.0038931099697947,-0.0131687112152576,0.0043949889950454,-0.0038261653389781,0.0023166062310338,0.0200725179165601,0.0005136224790476,-0.030016241595149,-0.0084701748564839,0.0038002005312591,-0.0111231645569205,-0.0062111681327223,0.0127509823322484,-0.0157796249705221,-0.0018990694763414,-0.0083535810105835,-0.0048833507730384,-0.0096878535050207,0.0480195449395037,0.0043668071850784,0.08328810688187,0.089724573161487,0.048019544076262,-0.0010857991192917,2019-02-05,2019-02-06,2019-02-07,2019-02-08,2019-02-11,2019-02-12,2019-02-13,2019-02-14,2019-02-15,2019-02-19,83686.0,2019-02-04,252.0,0.1630%,0.0004,0.8158,0.0722,-0.0542,0.9836%,1.3584%,47.5694%,-0.0049559999999999,QGEN,83686.0,2019-02-05,252.0,-1.1123%,0.0003,0.8137,0.077,-0.046,0.9882%,1.3546%,46.7805%,-0.014999,QGEN,83686.0,2019-02-06,252.0,2.4143%,0.0004,0.8043,0.0796,-0.0518,1.0007%,1.3430%,44.4777%,0.025873,QGEN,83686.0,2019-02-07,252.0,-1.4466%,0.0004,0.8098,0.0757,-0.053,1.0010%,1.3457%,44.6708%,-0.00678,QGEN,83686.0,2019-02-08,252.0,-0.2990%,0.0004,0.8106,0.0767,-0.049,1.0014%,1.3458%,44.6303%,-0.004222,QGEN,83686.0,2019-02-11,252.0,0.0000%,0.0005,0.7952,0.0885,-0.0506,0.9988%,1.3208%,42.8133%,-0.001628,QGEN,83686.0,2019-02-12,252.0,1.3359%,0.0004,0.7873,0.1,-0.0567,0.9943%,1.3137%,42.7150%,0.00234,QGEN,83686.0,2019-02-13,252.0,1.0223%,0.0005,0.7919,0.0953,-0.0557,0.9943%,1.3150%,42.8245%,0.007899,QGEN,83686.0,2019-02-14,252.0,1.7044%,0.0005,0.7879,0.1047,-0.0661,1.0002%,1.3189%,42.4852%,0.0177879999999999,QGEN,83686.0,2019-02-15,252.0,1.1783%,0.0005,0.7733,0.0919,-0.0894,0.9927%,1.3060%,42.2257%,0.002836,QGEN,83686.0,2019-02-19,252.0,-0.0259%,0.0004,0.7687,0.0962,-0.0841,0.9894%,1.2982%,41.9178%,-0.001826,QGEN,-0.019955,0.005918,-0.000862,-0.006712,0.0223249999999999
33243,QIAGEN NV,"Qiagen NV Q4 EPS $0.40, Inline, Sales $403.2M Miss $408.56M Estimate",6,decrease,0.7,0.6,"the earnings per share (eps) met expectations, but the sales figure missed estimates, which is likely to lead to a negative reaction from investors.",0,2019-02-04,QGEN,2019-02-04 21:10:00+00:00,83686.0,N7248212,0.00163047213573,1522801.0,-0.0111231645569205,-0.0062111681327223,0.0241426900029182,-0.009628259576857,-0.014465601183474,0.0075451028533279,-0.0029899594374001,-0.0013455123407766,0.0,0.0,0.0133587205782532,0.0084125204011797,0.010223327204585,-0.0064707919955253,0.0170439258217811,0.0109021952375769,0.0117832096293568,-0.0064988266676664,-0.0002587557246442,0.0079148719087243,0.0082837091758847,0.0021881295833736,-0.0043646208941936,0.0079956138506531,0.0067045423202216,0.0061026690527796,-0.0017930249450728,-0.0117872888222336,-0.0143700633198022,0.0035763706546276,0.0049465927295386,0.004698677919805,-0.0044040977954864,0.0142977898940444,0.0213374886661768,0.0133521985262632,-0.0030572975520044,0.0103329680860042,0.0066444752737879,0.0313795581459999,-0.0033003571443259,-0.010254974476993,-0.0086602186784148,-0.0092888157814741,-0.0007707806071266,0.0156250782310962,0.0113140251487493,0.0,0.0005084322765469,0.0086231669411063,0.009911136701703,0.0300152990967035,0.0012581589398905,-0.013893055729568,0.0012565779034048,-0.0098683619871735,-0.0037650985177606,-0.0005977423279546,0.0060469056479632,-0.0091797858476638,0.0020034564658999,-0.0088053783401846,0.0079980883747339,-0.015317884273827,-0.0225639380514621,-0.0119932033121585,0.008878800086677,-0.0011409274302423,0.0160925164818763,0.0005707893287763,-0.009403639473021,-0.0090497648343443,0.0057456796057522,0.0054024010896682,0.0104322405532002,-0.0076185232028365,0.0051622195169329,0.0002821992966346,0.0061139645986258,-0.0239669140428304,0.0019446240039542,0.0242663845419883,-0.004609472118318,0.0053900321945548,0.0051182769238948,0.0071428571827709,0.0019398160511627,0.0201107133179903,-0.0043562515638768,-0.00377460103482,0.0060768108814954,-0.0020283889025449,-0.0091809872537851,0.0117266988381743,-0.0097536630928516,0.0058979876339435,-0.0039399126544594,-0.0093485163524746,-0.0177997834980487,-0.0106936115771532,-0.0302038956433534,0.0026079441886395,-0.0059693627990782,0.0072971400804817,-0.0080939307808876,-0.0174935646355152,0.019478753209114,-0.0059863994829356,-0.0051639755256474,-0.0247428230941295,0.0038931099697947,-0.0131687112152576,0.0043949889950454,-0.0038261653389781,0.0023166062310338,0.0200725179165601,0.0005136224790476,-0.030016241595149,-0.0084701748564839,0.0038002005312591,-0.0111231645569205,-0.0062111681327223,0.0127509823322484,-0.0157796249705221,-0.0018990694763414,-0.0083535810105835,-0.0048833507730384,-0.0096878535050207,0.0480195449395037,0.0043668071850784,0.08328810688187,0.089724573161487,0.048019544076262,-0.0010857991192917,2019-02-05,2019-02-06,2019-02-07,2019-02-08,2019-02-11,2019-02-12,2019-02-13,2019-02-14,2019-02-15,2019-02-19,83686.0,2019-02-04,252.0,0.1630%,0.0004,0.8158,0.0722,-0.0542,0.9836%,1.3584%,47.5694%,-0.0049559999999999,QGEN,83686.0,2019-02-05,252.0,-1.1123%,0.0003,0.8137,0.077,-0.046,0.9882%,1.3546%,46.7805%,-0.014999,QGEN,83686.0,2019-02-06,252.0,2.4143%,0.0004,0.8043,0.0796,-0.0518,1.0007%,1.3430%,44.4777%,0.025873,QGEN,83686.0,2019-02-07,252.0,-1.4466%,0.0004,0.8098,0.0757,-0.053,1.0010%,1.3457%,44.6708%,-0.00678,QGEN,83686.0,2019-02-08,252.0,-0.2990%,0.0004,0.8106,0.0767,-0.049,1.0014%,1.3458%,44.6303%,-0.004222,QGEN,83686.0,2019-02-11,252.0,0.0000%,0.0005,0.7952,0.0885,-0.0506,0.9988%,1.3208%,42.8133%,-0.001628,QGEN,83686.0,2019-02-12,252.0,1.3359%,0.0004,0.7873,0.1,-0.0567,0.9943%,1.3137%,42.7150%,0.00234,QGEN,83686.0,2019-02-13,252.0,1.0223%,0.0005,0.7919,0.0953,-0.0557,0.9943%,1.3150%,42.8245%,0.007899,QGEN,83686.0,2019-02-14,252.0,1.7044%,0.0005,0.7879,0.1047,-0.0661,1.0002%,1.3189%,42.4852%,0.0177879999999999,QGEN,83686.0,2019-02-15,252.0,1.1783%,0.0005,0.7733,0.0919,-0.0894,0.9927%,1.3060%,42.2257%,0.002836,QGEN,83686.0,2019-02-19,252.0,-0.0259%,0.0004,0.7687,0.0962,-0.0841,0.9894%,1.2982%,41.9178%,-0.001826,QGEN,-0.019955,0.005918,-0.000862,-0.006712,0.0223249999999999
33251,QIAGEN NV,QIAGEN Informatics Solutions Chosen to Support Genomics England's Bold Five Million Genomes in Five Years Project,6,increase,0.8,0.7,"the selection of qiagen informatics solutions for a significant genomics project indicates strong demand for their products and services, likely boosting investor confidence and stock price.",2,2019-02-04,QGEN,2019-02-04 09:10:00+00:00,83686.0,N7248212,0.00163047213573,1522801.0,-0.0111231645569205,-0.0062111681327223,0.0241426900029182,-0.009628259576857,-0.014465601183474,0.0075451028533279,-0.0029899594374001,-0.0013455123407766,0.0,0.0,0.0133587205782532,0.0084125204011797,0.010223327204585,-0.0064707919955253,0.0170439258217811,0.0109021952375769,0.0117832096293568,-0.0064988266676664,-0.0002587557246442,0.0079148719087243,0.0082837091758847,0.0021881295833736,-0.0043646208941936,0.0079956138506531,0.0067045423202216,0.0061026690527796,-0.0017930249450728,-0.0117872888222336,-0.0143700633198022,0.0035763706546276,0.0049465927295386,0.004698677919805,-0.0044040977954864,0.0142977898940444,0.0213374886661768,0.0133521985262632,-0.0030572975520044,0.0103329680860042,0.0066444752737879,0.0313795581459999,-0.0033003571443259,-0.010254974476993,-0.0086602186784148,-0.0092888157814741,-0.0007707806071266,0.0156250782310962,0.0113140251487493,0.0,0.0005084322765469,0.0086231669411063,0.009911136701703,0.0300152990967035,0.0012581589398905,-0.013893055729568,0.0012565779034048,-0.0098683619871735,-0.0037650985177606,-0.0005977423279546,0.0060469056479632,-0.0091797858476638,0.0020034564658999,-0.0088053783401846,0.0079980883747339,-0.015317884273827,-0.0225639380514621,-0.0119932033121585,0.008878800086677,-0.0011409274302423,0.0160925164818763,0.0005707893287763,-0.009403639473021,-0.0090497648343443,0.0057456796057522,0.0054024010896682,0.0104322405532002,-0.0076185232028365,0.0051622195169329,0.0002821992966346,0.0061139645986258,-0.0239669140428304,0.0019446240039542,0.0242663845419883,-0.004609472118318,0.0053900321945548,0.0051182769238948,0.0071428571827709,0.0019398160511627,0.0201107133179903,-0.0043562515638768,-0.00377460103482,0.0060768108814954,-0.0020283889025449,-0.0091809872537851,0.0117266988381743,-0.0097536630928516,0.0058979876339435,-0.0039399126544594,-0.0093485163524746,-0.0177997834980487,-0.0106936115771532,-0.0302038956433534,0.0026079441886395,-0.0059693627990782,0.0072971400804817,-0.0080939307808876,-0.0174935646355152,0.019478753209114,-0.0059863994829356,-0.0051639755256474,-0.0247428230941295,0.0038931099697947,-0.0131687112152576,0.0043949889950454,-0.0038261653389781,0.0023166062310338,0.0200725179165601,0.0005136224790476,-0.030016241595149,-0.0084701748564839,0.0038002005312591,-0.0111231645569205,-0.0062111681327223,0.0127509823322484,-0.0157796249705221,-0.0018990694763414,-0.0083535810105835,-0.0048833507730384,-0.0096878535050207,0.0480195449395037,0.0043668071850784,0.08328810688187,0.089724573161487,0.048019544076262,-0.0010857991192917,2019-02-05,2019-02-06,2019-02-07,2019-02-08,2019-02-11,2019-02-12,2019-02-13,2019-02-14,2019-02-15,2019-02-19,83686.0,2019-02-04,252.0,0.1630%,0.0004,0.8158,0.0722,-0.0542,0.9836%,1.3584%,47.5694%,-0.0049559999999999,QGEN,83686.0,2019-02-05,252.0,-1.1123%,0.0003,0.8137,0.077,-0.046,0.9882%,1.3546%,46.7805%,-0.014999,QGEN,83686.0,2019-02-06,252.0,2.4143%,0.0004,0.8043,0.0796,-0.0518,1.0007%,1.3430%,44.4777%,0.025873,QGEN,83686.0,2019-02-07,252.0,-1.4466%,0.0004,0.8098,0.0757,-0.053,1.0010%,1.3457%,44.6708%,-0.00678,QGEN,83686.0,2019-02-08,252.0,-0.2990%,0.0004,0.8106,0.0767,-0.049,1.0014%,1.3458%,44.6303%,-0.004222,QGEN,83686.0,2019-02-11,252.0,0.0000%,0.0005,0.7952,0.0885,-0.0506,0.9988%,1.3208%,42.8133%,-0.001628,QGEN,83686.0,2019-02-12,252.0,1.3359%,0.0004,0.7873,0.1,-0.0567,0.9943%,1.3137%,42.7150%,0.00234,QGEN,83686.0,2019-02-13,252.0,1.0223%,0.0005,0.7919,0.0953,-0.0557,0.9943%,1.3150%,42.8245%,0.007899,QGEN,83686.0,2019-02-14,252.0,1.7044%,0.0005,0.7879,0.1047,-0.0661,1.0002%,1.3189%,42.4852%,0.0177879999999999,QGEN,83686.0,2019-02-15,252.0,1.1783%,0.0005,0.7733,0.0919,-0.0894,0.9927%,1.3060%,42.2257%,0.002836,QGEN,83686.0,2019-02-19,252.0,-0.0259%,0.0004,0.7687,0.0962,-0.0841,0.9894%,1.2982%,41.9178%,-0.001826,QGEN,-0.019955,0.005918,-0.000862,-0.006712,0.0223249999999999
33259,UNIQURE N V,uniQure Announces First Patient Treated in HOPE-B Pivotal Trial of AMT-061 in Patients with Hemophilia B,6,increase,0.8,0.6,the announcement of the first patient treated in a pivotal trial for a gene therapy product is a positive development that may boost investor confidence and interest in uniqure n v.,2,2019-02-04,QURE,2019-02-04 12:09:00+00:00,14466.0,N9006410,0.0108077665790915,502564.0,-0.0039392062462866,0.0265693385154008,-0.0316384956240654,0.0369361564517021,-0.0320886373519897,0.0264138747006654,0.099758930504322,0.0125865200534462,0.0200054682791233,0.0022075560409575,0.0556152500212192,0.0130990371108055,-0.058793619275093,0.0080515295267105,-0.0273120161145925,-0.0028901784680783,0.0414233468472957,-0.0070153446868062,0.0253604054450988,0.0041626985184848,0.0244727581739425,0.0025682158302515,0.0233799759298563,-0.0176600273698568,0.0330270193517208,0.0212560333311557,0.3430288732051849,0.0391566306352615,-0.041345939040184,-0.0056572407484054,-0.0061613484285771,0.0358496718108654,0.014277703128755,0.0079916445538401,0.0614928603172302,-0.024737361818552,0.0362938046455383,0.0486851781606674,0.0020205241162329,0.02738225646317,-0.0502436235547065,-0.0399579852819442,0.0824486836791038,-0.0100624226033687,0.0199411772191524,0.0697846710681915,0.0453525930643081,0.043377261608839,0.0041391481645405,-0.0215990804135799,-0.0082442890852689,0.0568682476878166,-0.021705662831664,-0.0359073467552661,-0.0031471403781324,-0.0332213975489139,0.0383583307266235,-0.0282915774732828,0.0103374933823943,0.0245261937379837,-0.0096298437565565,-0.0033333390019834,0.0393498018383979,-0.040511704981327,-0.072796419262886,-0.005302280653268,-0.0233328007161617,-0.0429634153842926,-0.033414039760828,0.0288896597921848,-0.0225451271981,-0.0093103609979152,-0.0020502123516052,-0.0317195579409599,0.0212292708456516,-0.0260162353515625,0.0056999186053872,0.0381498709321022,-0.0066678030416369,-0.0288524311035871,0.0085584549233317,0.041666641831398,0.058569062501192,0.0027397233061492,-0.0240490231662988,0.0209790337830781,-0.03688196092844,0.0106007475405931,-0.0260869152843952,-0.0132496887817978,-0.0006868288619443,0.0493962801992893,-0.0020618373528122,-0.009064539335668,-0.0022383104078471,0.0506666637957096,-0.0191544536501169,-0.0929509475827217,-0.004398311022669,-0.0910803899168968,-0.0348118245601654,0.029421268031001,-0.0168436132371425,0.3565790057182312,-0.0175047013908624,-0.0472211055457592,0.0435936897993087,-0.0025010199751704,-0.0065383329056203,-0.0672628134489059,0.0319926887750625,-0.0554535537958145,0.0159432720392942,-0.0240143407136201,-0.0123801063746213,0.0885681062936782,-0.0079449284821748,0.0011718273162841,0.016195049509406,-0.0161414314061403,-0.0039392062462866,0.0265693385154008,-0.0354530713107665,0.0644868642113261,-0.0664040679144508,0.0926040868631083,0.0472706875182213,0.1087985133596718,0.0807540455375273,0.1258405493772556,0.8700055447656905,0.3065774813889106,0.6066403176319137,0.3512682284032991,2019-02-05,2019-02-06,2019-02-07,2019-02-08,2019-02-11,2019-02-12,2019-02-13,2019-02-14,2019-02-15,2019-02-19,14466.0,2019-02-04,252.0,1.0808%,0.0028,1.2977,1.5303,-1.545,3.9777%,4.5843%,24.7121%,-0.013167,QURE,14466.0,2019-02-05,252.0,-0.3939%,0.0027,1.3029,1.5395,-1.5252,3.9796%,4.5832%,24.6035%,-0.017665,QURE,14466.0,2019-02-06,252.0,-3.1638%,0.0025,1.3417,1.5276,-1.4911,3.9817%,4.5880%,24.6834%,-0.027651,QURE,14466.0,2019-02-07,252.0,-3.2089%,0.0023,1.3311,1.5474,-1.4967,3.9797%,4.5863%,24.7019%,-0.01191,QURE,14466.0,2019-02-08,252.0,9.9759%,0.0025,1.3171,1.5054,-1.5832,4.0125%,4.6241%,24.7035%,0.08736,QURE,14466.0,2019-02-11,252.0,2.0005%,0.0024,1.3759,1.462,-1.5758,4.0032%,4.6252%,25.0882%,0.011767,QURE,14466.0,2019-02-12,252.0,5.5615%,0.0026,1.4056,1.447,-1.5579,4.0055%,4.6358%,25.3426%,0.033831,QURE,14466.0,2019-02-13,252.0,-5.8794%,0.0018,1.329,1.55,-1.5555,3.9197%,4.5402%,25.4661%,-0.062607,QURE,14466.0,2019-02-14,252.0,-2.7312%,0.0017,1.3406,1.5271,-1.5327,3.9271%,4.5435%,25.2934%,-0.041703,QURE,14466.0,2019-02-15,252.0,4.1423%,0.0015,1.2878,1.4827,-1.6145,3.8932%,4.5045%,25.3023%,0.029714,QURE,14466.0,2019-02-19,252.0,2.5360%,0.0016,1.298,1.488,-1.6093,3.8939%,4.5067%,25.3477%,0.023357,QURE,-0.030832,-0.0584829999999999,-0.070393,0.028734,0.011326
33267,RYDER SYSTEMS INC,Ryder Honors Mexican Carrier Partners,6,increase,0.7,0.6,"honoring carrier partners can enhance ryder's reputation and strengthen business relationships, potentially leading to increased operational efficiency and customer satisfaction.",2,2019-02-04,R,2019-02-04 16:54:00+00:00,27633.0,78354910,0.0037697262596338,464405.0,0.0039262468926608,0.0077706919983029,-0.0068015903234481,0.0076561444438993,-0.0032528440933674,0.0255174916237592,-0.0051529207266867,0.0189091078937053,0.0077693504281342,-0.0003635124885477,0.0200445782393217,0.0171935725957155,0.0164595153182745,0.0068875453434884,0.0525446161627769,-0.0200656410306692,0.0199371986091136,-0.0328158177435398,-0.006518674083054,0.0451779589056968,0.008436195552349,0.0270833391696214,-0.0100697362795472,0.0169491730630397,-0.0054773441515862,-0.0648415386676788,-0.0058221705257892,-0.0017978870309889,-0.0186768006533384,0.0092541882768273,0.008548367768526,0.0104510392993688,-0.0059171426109969,0.0408396832644939,0.0027349097654223,0.0003818338445853,0.0040109097026288,0.0108066648244857,-0.0092681655660271,0.0605812333524227,-0.0117741860449314,0.0010243646102026,-0.0199118852615356,0.0137071618810296,-0.0168192889541387,0.0098574077710509,0.0316734239459037,-0.0079068047925829,-0.002134314039722,0.000833005295135,0.0054294476285576,0.0635658651590347,0.0050727794878184,-0.0199695713818073,-0.0078150369226932,-0.0109489504247903,0.0100098559632897,-0.0150137254968285,-0.0256701540201902,-0.0323306322097778,-0.0076705501414835,-0.0067073539830744,0.0105864740908145,0.0026492984034121,-0.0219487808644771,-0.0108849201351404,-0.0164910107851028,-0.030107544735074,0.0141745842993259,0.0009785332949832,0.0156809613108634,0.0,0.0340660996735096,-0.0042868517339229,0.0060045886784791,-0.0237778201699256,0.029682207852602,-0.0166479498147964,-0.0120633002370595,-0.0614466294646263,0.0098318886011838,0.0068941027857363,0.0161746032536029,0.0067627881653606,0.0003091372782364,0.008797088637948,0.0060250172391533,0.0182815361768007,-0.015970529988408,-0.0211166832596063,0.0051498413085937,0.0421484932303428,0.01226507127285,0.0035560289397835,0.0157976448535919,0.0310690980404615,-0.0119281420484185,-0.0341100059449672,0.0050426986999809,-0.0211640186607837,-0.0031929314136505,-0.0110773593187332,0.0001525646221125,0.0032263901084661,0.0024401962291449,-0.0065883002243936,0.0041076620109379,0.0148174865171313,0.0180303398519754,-0.0179236624389886,-0.0488168261945247,-0.009840122424066,0.0153340566903352,-0.0093994932249188,0.0092463940382003,0.0146591635420918,-0.0380210392177104,-0.0059691038914024,-0.0388889014720916,0.0117229102179408,0.0039262468926608,0.0077706919983029,-0.0029020481536599,0.0154863299825704,-0.006145452336832,0.0413989939019427,-0.0035848905940183,0.0607052000371852,0.1018518263729846,0.0761571300204499,0.0323082860406596,0.1941887068219032,0.042292222929207,0.0468024345154727,2019-02-05,2019-02-06,2019-02-07,2019-02-08,2019-02-11,2019-02-12,2019-02-13,2019-02-14,2019-02-15,2019-02-19,27633.0,2019-02-04,252.0,0.3770%,-0.0011,1.2637,0.5021,0.335,1.5769%,2.0937%,43.2746%,-0.006324,R,27633.0,2019-02-05,252.0,0.3926%,-0.0011,1.2576,0.4993,0.327,1.5763%,2.0826%,42.7099%,0.000804,R,27633.0,2019-02-06,252.0,-0.6802%,-0.0011,1.2752,0.4937,0.3439,1.5751%,2.0686%,42.0218%,-0.004314,R,27633.0,2019-02-07,252.0,-0.3253%,-0.0011,1.2668,0.5006,0.3452,1.5747%,2.0608%,41.6124%,0.007807,R,27633.0,2019-02-08,252.0,-0.5153%,-0.0012,1.2678,0.4872,0.3404,1.5718%,2.0591%,41.7304%,-0.004262,R,27633.0,2019-02-11,252.0,0.7769%,-0.0012,1.2557,0.5029,0.3426,1.5707%,2.0349%,40.4228%,0.001896,R,27633.0,2019-02-12,252.0,2.0045%,-0.0011,1.2591,0.5019,0.3445,1.5709%,2.0376%,40.5623%,0.0033489999999999,R,27633.0,2019-02-13,252.0,1.6460%,-0.0011,1.2566,0.5115,0.3495,1.5719%,2.0351%,40.3393%,0.012292,R,27633.0,2019-02-14,252.0,5.2545%,-0.001,1.2429,0.5414,0.3178,1.6092%,2.0613%,39.0533%,0.05445,R,27633.0,2019-02-15,252.0,1.9937%,-0.0009,1.2525,0.5504,0.3338,1.6085%,2.0637%,39.2492%,0.002913,R,27633.0,2019-02-19,252.0,-0.6519%,-0.0009,1.2529,0.5401,0.3222,1.6090%,2.0639%,39.2224%,-0.011596,R,-0.00552,-0.0098339999999999,-0.0020269999999999,-0.0043929999999999,0.057015
33275,R B C BEARINGS INC,Regal-Beloit Sees FY19 Adj. EPS $6.15-$6.55,6,uncertain,0.5,0.5,"the news provides an earnings forecast but does not indicate whether it meets, exceeds, or falls short of market expectations, leading to uncertainty in stock price movement.",1,2019-02-04,RBC,2019-02-04 21:33:00+00:00,90870.0,75524B10,0.0114942966029048,135102.0,-0.0662642195820808,-0.0015779746463522,0.0140716973692178,0.0052635064348578,-0.0243774373084306,0.0220339391380548,-0.0023834304884076,0.0132915079593658,0.0071671390905976,-0.0083673074841499,0.014997255988419,0.0103995166718959,0.0017339690821245,0.0070067653432488,0.014975843951106,-0.0112485820427537,0.0595388077199459,-0.0249853823333978,-0.0067879725247621,0.0220472551882267,0.018107570707798,0.0104260370135307,-0.0130795808508992,0.0051267184317111,-0.0037865035701543,0.0241680573672056,0.0167522318661212,-0.017374875023961,-0.012391785159707,-0.0035533469635993,-0.0049769151955842,0.0177746806293726,-0.0126805426552891,0.009162975475192,0.0143418470397591,-0.0037134129088371,-0.0133652864024043,0.0066193505190312,-0.0049193440936505,0.0381599254906177,-0.018127204850316,-0.0395247414708137,-0.0170752797275781,-0.0176964700222015,0.0063103646971285,0.0019872346892952,-0.0088527994230389,0.0041442308574914,-0.0177893508225679,-0.0228721629828214,0.0153834391385316,0.0640760138630867,-0.0039555099792778,-0.013306058011949,-0.0147609850391745,-0.0111336056143045,0.0244885627180337,-0.0247531849890947,-0.0145498225465416,-0.0188482366502285,-0.0045198202133178,0.0023147966712713,0.0062051257118582,-0.0118792932480573,-0.0511393770575523,0.0023666301276534,0.0037251424510031,-0.0039045142475515,0.0128711694851517,0.0115508083254098,-0.013799050822854,-0.0098870825022459,0.00324113573879,-0.0108743645250797,0.0020486526191234,-0.0345944389700889,0.0109302457422018,-0.0179893877357244,0.0077784694731235,-0.0803054124116897,0.0239271856844425,0.0269898679107427,-0.0053520780056715,0.0095665166154503,0.0084122819826006,-0.0077899135649204,-0.0229220129549503,0.0506189875304698,-0.0348434075713157,-0.0261871516704559,0.0205609984695911,0.0188331250101327,0.0085116066038608,0.0023940226528793,0.0029423530213534,0.0017129153711721,0.0052498104050755,-0.0340834483504295,0.0019199752714484,-0.0257898122072219,-0.0081251934170722,0.0126004302874207,0.0117465555667877,0.0128281591460108,-0.0053467536345124,-0.0209116339683532,0.0145906452089548,-0.0174299627542495,0.0104450872167944,-0.0181137360632419,-0.0023220791481435,-0.0185741353780031,0.012988930568099,0.0137335741892457,0.0208271387964487,0.018996961414814,-0.0013068516273051,-0.0271669048815965,0.0054525625891983,-0.0357015244662761,-0.0662642195820808,-0.0015779746463522,-0.0531249722572294,0.0036772261088005,-0.0762073588849473,0.0257921890231336,-0.0718039846559313,0.0307293128178034,0.0080254883510175,0.0333307836056453,-0.057173320547516,0.0370260098776535,-0.0177556887370268,-0.1731020565625304,2019-02-05,2019-02-06,2019-02-07,2019-02-08,2019-02-11,2019-02-12,2019-02-13,2019-02-14,2019-02-15,2019-02-19,90870.0,2019-02-04,252.0,1.1494%,0.0007,1.2721,0.9621,0.4715,1.3920%,1.9850%,50.8254%,-0.0002189999999999,ROLL,90870.0,2019-02-05,252.0,-6.6264%,0.0005,1.2696,0.9863,0.5161,1.4578%,2.0195%,47.8920%,-0.068235,ROLL,90870.0,2019-02-06,252.0,1.4072%,0.0006,1.2359,0.9968,0.485,1.4560%,1.9788%,45.8611%,0.016502,ROLL,90870.0,2019-02-07,252.0,-2.4377%,0.0004,1.2188,1.0248,0.4785,1.4411%,1.9597%,45.9247%,-0.013579,ROLL,90870.0,2019-02-08,252.0,-0.2383%,0.0004,1.2189,1.0306,0.4824,1.4406%,1.9596%,45.9553%,-0.000791,ROLL,90870.0,2019-02-11,252.0,0.7167%,0.0004,1.2204,1.025,0.4802,1.4407%,1.9493%,45.3765%,-0.002551,ROLL,90870.0,2019-02-12,252.0,1.4997%,0.0004,1.2158,1.0299,0.477,1.4401%,1.9482%,45.3566%,-0.001089,ROLL,90870.0,2019-02-13,252.0,0.1734%,0.0004,1.2147,1.0305,0.4763,1.4402%,1.9468%,45.2713%,-0.002722,ROLL,90870.0,2019-02-14,252.0,1.4976%,0.0005,1.2123,1.0389,0.4654,1.4397%,1.9473%,45.3409%,0.014831,ROLL,90870.0,2019-02-15,252.0,5.9539%,0.0008,1.2565,1.083,0.5429,1.4551%,1.9822%,46.1103%,0.040909,ROLL,90870.0,2019-02-19,252.0,-0.6788%,0.0006,1.2473,1.0825,0.5432,1.4529%,1.9739%,45.8270%,-0.014045,ROLL,-0.068454,-0.051952,-0.065531,-0.068873,-0.030989
33283,R B C BEARINGS INC,"Regal-Beloit Q4 EPS $1.41 Beats $1.31 Estimate, Sales $881.7M Beat $865.01M Estimate",6,increase,0.8,0.6,"the earnings per share and sales figures both exceeded estimates, which typically indicates strong performance and can lead to a positive reaction in the stock price.",2,2019-02-04,RBC,2019-02-04 21:33:00+00:00,90870.0,75524B10,0.0114942966029048,135102.0,-0.0662642195820808,-0.0015779746463522,0.0140716973692178,0.0052635064348578,-0.0243774373084306,0.0220339391380548,-0.0023834304884076,0.0132915079593658,0.0071671390905976,-0.0083673074841499,0.014997255988419,0.0103995166718959,0.0017339690821245,0.0070067653432488,0.014975843951106,-0.0112485820427537,0.0595388077199459,-0.0249853823333978,-0.0067879725247621,0.0220472551882267,0.018107570707798,0.0104260370135307,-0.0130795808508992,0.0051267184317111,-0.0037865035701543,0.0241680573672056,0.0167522318661212,-0.017374875023961,-0.012391785159707,-0.0035533469635993,-0.0049769151955842,0.0177746806293726,-0.0126805426552891,0.009162975475192,0.0143418470397591,-0.0037134129088371,-0.0133652864024043,0.0066193505190312,-0.0049193440936505,0.0381599254906177,-0.018127204850316,-0.0395247414708137,-0.0170752797275781,-0.0176964700222015,0.0063103646971285,0.0019872346892952,-0.0088527994230389,0.0041442308574914,-0.0177893508225679,-0.0228721629828214,0.0153834391385316,0.0640760138630867,-0.0039555099792778,-0.013306058011949,-0.0147609850391745,-0.0111336056143045,0.0244885627180337,-0.0247531849890947,-0.0145498225465416,-0.0188482366502285,-0.0045198202133178,0.0023147966712713,0.0062051257118582,-0.0118792932480573,-0.0511393770575523,0.0023666301276534,0.0037251424510031,-0.0039045142475515,0.0128711694851517,0.0115508083254098,-0.013799050822854,-0.0098870825022459,0.00324113573879,-0.0108743645250797,0.0020486526191234,-0.0345944389700889,0.0109302457422018,-0.0179893877357244,0.0077784694731235,-0.0803054124116897,0.0239271856844425,0.0269898679107427,-0.0053520780056715,0.0095665166154503,0.0084122819826006,-0.0077899135649204,-0.0229220129549503,0.0506189875304698,-0.0348434075713157,-0.0261871516704559,0.0205609984695911,0.0188331250101327,0.0085116066038608,0.0023940226528793,0.0029423530213534,0.0017129153711721,0.0052498104050755,-0.0340834483504295,0.0019199752714484,-0.0257898122072219,-0.0081251934170722,0.0126004302874207,0.0117465555667877,0.0128281591460108,-0.0053467536345124,-0.0209116339683532,0.0145906452089548,-0.0174299627542495,0.0104450872167944,-0.0181137360632419,-0.0023220791481435,-0.0185741353780031,0.012988930568099,0.0137335741892457,0.0208271387964487,0.018996961414814,-0.0013068516273051,-0.0271669048815965,0.0054525625891983,-0.0357015244662761,-0.0662642195820808,-0.0015779746463522,-0.0531249722572294,0.0036772261088005,-0.0762073588849473,0.0257921890231336,-0.0718039846559313,0.0307293128178034,0.0080254883510175,0.0333307836056453,-0.057173320547516,0.0370260098776535,-0.0177556887370268,-0.1731020565625304,2019-02-05,2019-02-06,2019-02-07,2019-02-08,2019-02-11,2019-02-12,2019-02-13,2019-02-14,2019-02-15,2019-02-19,90870.0,2019-02-04,252.0,1.1494%,0.0007,1.2721,0.9621,0.4715,1.3920%,1.9850%,50.8254%,-0.0002189999999999,ROLL,90870.0,2019-02-05,252.0,-6.6264%,0.0005,1.2696,0.9863,0.5161,1.4578%,2.0195%,47.8920%,-0.068235,ROLL,90870.0,2019-02-06,252.0,1.4072%,0.0006,1.2359,0.9968,0.485,1.4560%,1.9788%,45.8611%,0.016502,ROLL,90870.0,2019-02-07,252.0,-2.4377%,0.0004,1.2188,1.0248,0.4785,1.4411%,1.9597%,45.9247%,-0.013579,ROLL,90870.0,2019-02-08,252.0,-0.2383%,0.0004,1.2189,1.0306,0.4824,1.4406%,1.9596%,45.9553%,-0.000791,ROLL,90870.0,2019-02-11,252.0,0.7167%,0.0004,1.2204,1.025,0.4802,1.4407%,1.9493%,45.3765%,-0.002551,ROLL,90870.0,2019-02-12,252.0,1.4997%,0.0004,1.2158,1.0299,0.477,1.4401%,1.9482%,45.3566%,-0.001089,ROLL,90870.0,2019-02-13,252.0,0.1734%,0.0004,1.2147,1.0305,0.4763,1.4402%,1.9468%,45.2713%,-0.002722,ROLL,90870.0,2019-02-14,252.0,1.4976%,0.0005,1.2123,1.0389,0.4654,1.4397%,1.9473%,45.3409%,0.014831,ROLL,90870.0,2019-02-15,252.0,5.9539%,0.0008,1.2565,1.083,0.5429,1.4551%,1.9822%,46.1103%,0.040909,ROLL,90870.0,2019-02-19,252.0,-0.6788%,0.0006,1.2473,1.0825,0.5432,1.4529%,1.9739%,45.8270%,-0.014045,ROLL,-0.068454,-0.051952,-0.065531,-0.068873,-0.030989
33291,RECON TECHNOLOGY LTD,Recon Technology Wins $350K of Contracts to Procure and Import Coal Instruments for China Energy Investment Corporation,6,increase,0.75,0.6,"the announcement of winning contracts worth $350k suggests positive business activity and potential revenue growth for recon technology, which is likely to boost investor confidence and increase the stock price.",2,2019-02-04,RCON,2019-02-04 13:09:00+00:00,92986.0,G7415M12,0.0099999904632568,105405.0,0.0148514714092016,-0.0566037222743034,-0.0146341323852539,0.0192307513207197,0.0044554765336215,-0.0047846846282482,0.0029571424238383,-0.0324074849486351,-0.0005897784139961,0.0693069845438003,-0.006785281933844,-0.1583333760499954,0.0198019612580537,0.1214953139424324,0.0,0.2023823112249374,0.0,0.0347674563527107,-0.0254368335008621,-0.0172551739960908,-0.0036860110703855,0.0174398850649595,-0.0001000065894913,0.0047896788455545,0.0170999765396118,0.0080656921491026,-0.021728416904807,-0.0183225367218256,-0.0413115881383419,-0.0388888530433177,0.0378501191735267,-0.0088105909526348,0.010101000778377,0.1349999755620956,-0.0199999809265136,-0.0243902206420898,0.0178571250289678,0.0432569719851017,0.0536340810358524,-0.0174999982118606,-0.0199809968471527,0.1073860004544258,-0.0242718216031789,0.029311116784811,-0.0346268601715564,-0.0188033357262611,0.0410224571824073,-0.0040378784760832,0.0046535292640328,-0.0025000008754432,-0.028777053579688,-0.0652991607785224,-0.0006088080699555,-0.0055513265542685,-0.004975102841854,-0.0993023067712783,0.0011224527843296,0.0750000029802322,0.001834676018916,0.1267606168985367,0.0100294556468725,-0.0508022010326385,0.0274407304823398,-0.0159189328551292,-0.0294117368757724,-0.0267605762928724,-0.051212128251791,0.0012821112759411,0.0432236790657043,-0.0487805157899856,0.0001020681665977,-0.0120481811463832,-0.0051020360551774,-0.1012452840805054,0.0256409998983144,-0.0380208119750022,-0.0099999904632568,0.0457516312599182,-0.0030303241219371,-0.0820000171661377,-0.0100111048668623,0.0203040763735771,-0.012402843683958,-0.0100000333040952,0.0155440885573625,0.0421052873134613,-0.0016816416755318,-0.0686274468898773,-0.0093800891190767,-0.0097087286412715,0.0008512884960509,-0.0036757925990968,0.0515463426709175,0.0135294366627931,-0.01960782520473,-0.0122978230938315,-0.0289999842643737,-0.0056807487271726,0.0298661012202501,0.0283168088644743,-0.0250999927520752,-0.0471697673201561,0.0154887698590755,-0.0356623604893684,-0.010101000778377,-0.0199714880436658,0.0002040546678472,0.001428595627658,-0.0002040130493696,-0.0344827249646186,-0.0202040895819664,0.0245539341121912,-0.009477213025093,-0.0068420902825891,-0.0086215855553746,0.0269344691187143,-0.0100753279402852,9.010503708850592e-05,0.0124277025461196,-0.0089285625144839,0.0148514714092016,-0.0566037222743034,6.252296458342244e-10,-0.0384615030604679,0.0044554771616369,-0.0430621615262434,0.0068316370783756,-0.0099009787849763,-0.0061385708768778,0.142726519555786,-0.0268316513331411,0.4084507535804949,-0.0643564357001553,-0.1071428549170803,2019-02-05,2019-02-06,2019-02-07,2019-02-08,2019-02-11,2019-02-12,2019-02-13,2019-02-14,2019-02-15,2019-02-19,92986.0,2019-02-04,252.0,1.0000%,-0.0004,0.3829,0.8147,0.735,4.0507%,4.0888%,1.8530%,0.006611,RCON,92986.0,2019-02-05,252.0,1.4851%,-0.0005,0.416,0.8194,0.7588,4.0451%,4.0860%,1.9910%,0.018167,RCON,92986.0,2019-02-06,252.0,-1.4634%,-0.0003,0.2903,0.8601,0.6329,4.0178%,4.0497%,1.5690%,-0.014268,RCON,92986.0,2019-02-07,252.0,0.4455%,-0.0001,0.3139,0.8273,0.6382,4.0086%,4.0403%,1.5658%,0.005705,RCON,92986.0,2019-02-08,252.0,0.2957%,0.0,0.3124,0.8373,0.6385,4.0080%,4.0400%,1.5816%,0.0065639999999999,RCON,92986.0,2019-02-11,252.0,-0.0590%,0.0002,0.2399,0.8952,0.6318,3.9933%,4.0253%,1.5844%,-0.008122,RCON,92986.0,2019-02-12,252.0,-0.6785%,0.0001,0.2278,0.9038,0.6241,3.9930%,4.0249%,1.5804%,-0.009254,RCON,92986.0,2019-02-13,252.0,1.9802%,-0.0001,0.1968,0.9635,0.6391,3.9674%,4.0021%,1.7260%,0.018085,RCON,92986.0,2019-02-14,252.0,0.0000%,-0.0001,0.198,0.9636,0.6373,3.9663%,4.0010%,1.7266%,-0.000991,RCON,92986.0,2019-02-15,252.0,0.0000%,-0.0002,0.1677,0.9355,0.587,3.9618%,3.9934%,1.5752%,-0.0078049999999999,RCON,92986.0,2019-02-19,252.0,-2.5437%,-0.0005,0.1464,0.9383,0.5919,3.9546%,3.9863%,1.5839%,-0.030329,RCON,0.024778,0.01051,0.016215,0.014657,-0.0156369999999999
33299,REGENCY CENTERS CORP,"Barclays Upgrades Regency Centers to Overweight, Raises Price Target to $69",6,increase,0.8,0.7,the upgrade to 'overweight' by barclays and the increase in price target typically signal positive sentiment and potential for stock price appreciation.,2,2019-02-04,REG,2019-02-04 11:35:00+00:00,79782.0,75884910,0.0060511934570968,1132719.0,-0.0010795758571475,-0.0084615852683782,-0.0043229702860116,0.0006157776224426,0.0192278735339641,0.0164293423295021,-0.0001521700178273,0.0064566903747618,0.0083687677979469,0.0119521915912628,-0.0141843194141984,0.0213216375559568,0.0022960586939007,-0.0003254223556723,0.0042760958895087,-0.0014622283633798,0.0085157779976725,-0.0022694016806781,0.0037696019280701,0.0039055794477462,-0.0111160865053534,0.0045774499885737,0.0082029607146978,0.00940593611449,0.0014312864514067,0.0128697408363223,-0.0015178882749751,0.0006690234877169,0.0001520543737569,0.0038616443052887,-0.0106399841606617,0.0127529324963688,0.0024581912439316,-0.0011888535227626,-0.0163984633982181,0.0211585368961095,0.0052975434809923,0.0098073799163103,0.0089894896373152,0.003691318212077,-0.0101381884887814,0.0014081678818911,-0.0066728782840073,-0.0318677388131618,-0.0037494401913136,0.0035915696062147,0.0120746502652764,0.0022283350117504,0.0068175154738128,0.0044765551574528,0.0052323224954307,0.0416069515049457,0.0,-0.029585812240839,-0.0085731409490108,-0.0012167511740699,-0.0044780867174267,-0.0038095449563115,-0.0020165175665169,-0.0256453584879636,0.0073049617931246,0.0176854189485311,0.0183614026755094,-0.0530081018805503,0.0016666759038344,-0.0128410793840885,0.0003024753241334,0.0014467152068391,0.0148193463683128,-0.0269044451415538,0.003874268149957,-0.0035848401021212,0.01009351760149,-0.0138332908973097,-0.0082293190062046,-0.0115466751158237,0.0028152682352811,0.0416205264627933,-0.0002954586816485,-0.0135810011997818,0.0042860372923314,0.0062833447009325,0.0004415954463183,0.0133715402334928,0.0129449423402547,-0.0007952797459438,-0.0091489581391215,0.0036717678885906,-0.0099662942811846,0.0009587337262928,0.0182086694985628,-0.003026901744306,-0.0061063999310135,-0.0066465926356613,0.007314218673855,-0.0056648403406143,-0.0068254605866968,-0.0001573652552906,-0.0282205045223236,0.0006297373329289,-0.0115858661010861,0.0158324278891086,0.0105038024485111,-0.0211334098130464,-0.0262126829475164,-0.0102262133732438,0.0205755233764648,0.0009995716391131,0.0147036714479327,-0.0033716661855578,0.0071705365553498,0.0047735995613038,0.0022248819004744,0.013104585930705,-0.0137635087594389,0.0099259056150913,0.0079531632363796,0.0028440558817237,0.0019354606047272,0.0076420875266194,-0.0010795758571475,-0.0084615852683782,-0.0053978791688072,-0.0078510181007942,0.0137262046271473,0.0084493371646947,0.022054294154205,0.0270915856305513,0.0266811153636381,0.0488201172416125,0.0011000175881954,0.0873966027508084,0.047156327327452,0.034934277181573,2019-02-05,2019-02-06,2019-02-07,2019-02-08,2019-02-11,2019-02-12,2019-02-13,2019-02-14,2019-02-15,2019-02-19,79782.0,2019-02-04,252.0,0.6051%,0.0005,0.4855,-0.156,-0.0168,1.1312%,1.2621%,19.6620%,0.003116,REG,79782.0,2019-02-05,252.0,-0.1080%,0.0004,0.4859,-0.1544,-0.0136,1.1315%,1.2606%,19.4323%,-0.003493,REG,79782.0,2019-02-06,252.0,-0.4323%,0.0005,0.4684,-0.1487,-0.0314,1.1298%,1.2457%,17.7494%,-0.00336,REG,79782.0,2019-02-07,252.0,1.9228%,0.0006,0.4728,-0.1643,-0.0243,1.1333%,1.2498%,17.7748%,0.023413,REG,79782.0,2019-02-08,252.0,-0.0152%,0.0006,0.473,-0.1617,-0.0218,1.1332%,1.2494%,17.7301%,-0.000763,REG,79782.0,2019-02-11,252.0,0.8369%,0.0007,0.4536,-0.1323,-0.0161,1.1297%,1.2310%,15.7771%,0.0087239999999999,REG,79782.0,2019-02-12,252.0,-1.4184%,0.0006,0.435,-0.124,-0.027,1.1346%,1.2286%,14.7109%,-0.020454,REG,79782.0,2019-02-13,252.0,0.2296%,0.0006,0.4338,-0.1218,-0.0265,1.1345%,1.2272%,14.5416%,0.001071,REG,79782.0,2019-02-14,252.0,0.4276%,0.0006,0.4324,-0.1192,-0.0291,1.1348%,1.2272%,14.4885%,0.005566,REG,79782.0,2019-02-15,252.0,0.8516%,0.0006,0.4386,-0.1133,-0.0186,1.1346%,1.2281%,14.6516%,0.003967,REG,79782.0,2019-02-19,252.0,0.3770%,0.0007,0.4401,-0.1131,-0.0185,1.1345%,1.2282%,14.6681%,0.003221,REG,-0.000377,-0.003737,0.019676,0.027637,0.021008
33307,REGIONS FINANCIAL CORP NEW,"Wedbush Downgrades Regions Financial, Sees Slowing Capital Returns, Leverage To T-Note Yield",6,decrease,0.8,0.7,"the downgrade by wedbush suggests negative sentiment regarding regions financial's future performance, likely leading to a decrease in stock price.",0,2019-02-04,RF,2019-02-04 16:13:00+00:00,35044.0,7591EP10,0.0091324429959058,8603450.0,-0.0038785014767199,0.0105471219867467,0.0,-0.0168503057211637,0.0064893173985183,-0.0064391135238111,-0.0045132590457797,-0.0095663629472255,-0.0051813423633575,0.0019169768784195,0.0071614980697631,0.0090263951569795,0.00775694148615,0.0091086756438016,-0.0051314895972609,-0.0141116268932819,0.0315925069153308,-0.0070063476450741,0.0087499618530273,0.0057655447162687,0.0136308073997497,0.0136363664641976,-0.0067237536422908,0.0191925857216119,-0.0006153986905701,0.0100267129018902,0.0080049922689795,0.0121786408126354,-0.0103848548606038,0.0047586467117071,0.0228394400328397,0.0006802876596339,-0.0102595100179314,0.0110041163861751,-0.0054878140799701,0.0104238791391253,-0.0091967890039086,0.0169611815363168,-0.0030940121505409,0.0366300381720066,-0.0211049132049083,-0.0014630912337452,-0.0133164469152689,0.0216741375625133,0.0032425546087324,0.002247171010822,0.0064640869386494,-0.0007484487723559,0.0032113161869347,-0.0022405292838811,0.012163926847279,0.0652347356081008,-0.0012650510761886,-0.0225505419075489,-0.0031665731221437,-0.0038729815278202,0.0146124837920069,0.0054516894742846,-0.0212899278849363,-0.0294784121215343,-0.0428662858903408,-0.0119492756202817,-0.0354277901351451,-0.0059391180984675,-0.0623700991272926,-0.0224963333457708,0.0,-0.0336606241762638,0.0295639745891094,0.0070621739141643,0.0028714975342154,-0.0159833561629056,0.0143163781613111,-0.0342281386256218,-0.0014114648802205,-0.0261438284069299,0.0367491506040096,-0.0096215493977069,0.0115882800891995,-0.0625375285744667,0.002021545311436,0.0109421517699956,0.0154674174264073,0.0148057797923684,0.0026490041054785,-0.0133902141824364,0.0066049820743501,0.0104551091790199,-0.0157480165362358,-0.0048959562554955,0.0079999919980764,0.0238095317035913,0.005952391307801,0.0088495798408985,0.0256410483270883,-0.0006317264051176,-0.0217948816716671,-0.0185988377779722,0.0196592528373003,-0.0043210862204432,0.0128534575924277,-0.015197567641735,-0.0323604196310043,0.0048869834281504,-0.0006557527231052,-0.0302131716161966,0.0085301911458373,-0.0029534047935158,0.0006506330100819,-0.0179814081639051,0.0058517656289041,-0.0243350490927696,0.0051712943241,0.0085616214200854,0.0083601363003253,-0.0068026608787477,-0.0095663629472255,0.0184757336974144,-0.0231809187680482,0.003476214595139,-0.0038785014767199,0.0105471219867467,-0.0038785014767199,-0.006480905964372,0.0025856470946852,-0.0128782881989413,-0.0071105759274432,-0.0204472655975446,0.043309575130694,-0.0179372031693123,0.019515609343581,0.158730191403658,-0.010489327705042,-0.1036921104936915,2019-02-05,2019-02-06,2019-02-07,2019-02-08,2019-02-11,2019-02-12,2019-02-13,2019-02-14,2019-02-15,2019-02-19,35044.0,2019-02-04,252.0,0.9132%,-0.0001,1.2691,0.4786,1.5029,0.9954%,1.6770%,64.7691%,0.004539,RF,35044.0,2019-02-05,252.0,-0.3879%,-0.0001,1.2835,0.4835,1.5187,0.9899%,1.6747%,65.0640%,-3.5000000000000004e-05,RF,35044.0,2019-02-06,252.0,0.0000%,-0.0002,1.3109,0.4747,1.546,0.9845%,1.6552%,64.6213%,0.001709,RF,35044.0,2019-02-07,252.0,0.6489%,-0.0001,1.3104,0.4695,1.5497,0.9875%,1.6540%,64.3554%,0.013168,RF,35044.0,2019-02-08,252.0,-0.4513%,-0.0001,1.31,0.4548,1.5383,0.9835%,1.6511%,64.5197%,0.004666,RF,35044.0,2019-02-11,252.0,-0.5181%,-0.0001,1.2818,0.4633,1.5281,0.9792%,1.6139%,63.1871%,-0.0136549999999999,RF,35044.0,2019-02-12,252.0,0.7161%,-0.0002,1.2756,0.4656,1.5245,0.9801%,1.6091%,62.8983%,-0.007866,RF,35044.0,2019-02-13,252.0,0.7757%,-0.0002,1.2759,0.4663,1.5253,0.9803%,1.6083%,62.8494%,0.0027389999999999,RF,35044.0,2019-02-14,252.0,-0.5131%,-0.0002,1.2736,0.4678,1.5259,0.9724%,1.6031%,63.2028%,0.00387,RF,35044.0,2019-02-15,252.0,3.1593%,-0.0002,1.2796,0.4741,1.5369,0.9740%,1.6061%,63.2208%,0.008607,RF,35044.0,2019-02-19,252.0,0.8750%,-0.0002,1.2795,0.4746,1.5376,0.9740%,1.6066%,63.2478%,0.000233,RF,0.004504,0.006213,0.019381,0.010392,0.017975
33315,R G C RESOURCES INC,"RGC Resources Q1 EPS $0.30 Misses $0.32 Estimate, Sales $21.217M Beat $19.15M Estimate",6,decrease,0.7,0.5,"the earnings per share (eps) miss the estimate, which is likely to negatively impact investor sentiment despite the sales beat.",0,2019-02-04,RGCO,2019-02-04 22:04:00+00:00,80294.0,74955L10,0.0091872876510024,3389.0,0.0014005922712385,0.0060433731414377,0.0122377751395106,-0.019519044086337,-0.032124362885952,0.02647584117949,-0.0292648002505302,-0.0127163091674447,-0.0055147618986666,-0.0146188680082559,0.0388170480728149,-0.029063893482089,-0.015480407513678,-0.0030323502141982,-0.0113862473517656,0.0199312679469585,0.006947002839297,-0.0277313701808452,0.003994143102318,0.0063887201249599,-0.0151898767799139,-0.0142525788396596,0.0073448684997856,0.0192567463964223,0.0047393059358,-0.0026954151690006,-0.0126995788887143,-0.0084717627614736,0.0135979736223816,-0.002320175524801,0.0018128802767023,0.0124161355197429,-0.0025334670208394,-0.0066666919738054,0.0250363051891326,0.0030090322252362,-0.0134512977674603,0.0053781461901962,0.0050233006477355,0.0258620698004961,-0.0107105011120438,-0.0268456134945154,0.0050523746758699,-0.0053404490463435,-0.0010772239184007,-0.0013333638198673,0.0057512526400387,0.027397233992815,-0.0028591824229806,-0.0068026822991669,-0.0254479963332414,0.0103092519566416,0.0275836698710918,0.0585667751729488,-0.0100214993581175,0.017771178856492,-0.0025307193864136,-0.0238525420427322,-0.0108734769746661,-0.0124910911545157,-0.0007328859064728,0.0256222821772098,0.0,-0.0122921243309974,-0.021635502576828,0.0206641871482133,0.0344827622175216,-0.0087783383205533,0.0188405960798263,0.0118430675938725,-0.0206258855760097,-0.0167394131422042,-0.0206972248852253,0.0354181826114654,-0.0170559547841548,-0.0170370023697614,-0.0154658555984497,-0.0156762786209583,-0.0022988300770521,-0.0255772396922111,0.0138248344883322,0.0202971901744604,-0.0053030070848762,-0.0046897246502339,0.0083777345716953,0.0028943533543497,-0.0135951172560453,0.0069216256961226,-0.0130168506875634,-0.0227838866412639,0.0124127110466361,0.0032142910640686,-0.0114942966029048,-0.0277777519077062,0.0094961216673254,0.0378378108143806,-0.0023183720186352,-0.0135086802765727,0.0147173153236508,-0.0266436152160167,0.0041984235867857,0.0034722355194389,0.0144432187080383,0.0267379693686962,0.007868081331253,-0.0188877545297145,0.026022333651781,0.0120354034006595,-0.014130481518805,0.0078487088903784,0.0084528280422091,-0.0199300590902566,0.0109329167753458,-0.0072891041636466,-0.0014419252984225,0.0024356192443519,0.0,0.014472285285592,-0.0353791117668151,0.0089031336829066,0.0014005922712385,0.0060433731414377,0.0136555075440267,-0.0135936318116772,-0.0189075298216614,0.0125223065309143,-0.0528711594130322,-0.0149669441948798,-0.0318627432525436,-0.0484196555497422,-0.0444677392905807,0.0156076726289426,-0.0584609466841795,0.0134375912748414,2019-02-05,2019-02-06,2019-02-07,2019-02-08,2019-02-11,2019-02-12,2019-02-13,2019-02-14,2019-02-15,2019-02-19,80294.0,2019-02-04,252.0,0.9187%,0.001,0.6176,0.8158,0.1885,1.8694%,2.0222%,14.5397%,0.00158,RGCO,80294.0,2019-02-05,252.0,0.1401%,0.001,0.6065,0.8121,0.1766,1.8677%,2.0155%,14.1306%,0.000428,RGCO,80294.0,2019-02-06,252.0,1.2238%,0.0011,0.5647,0.8253,0.1371,1.8628%,1.9985%,13.1172%,0.01343,RGCO,80294.0,2019-02-07,252.0,-3.2124%,0.0008,0.5335,0.8771,0.1246,1.8238%,1.9596%,13.3805%,-0.026434,RGCO,80294.0,2019-02-08,252.0,-2.9265%,0.0008,0.538,0.9082,0.1639,1.8261%,1.9633%,13.4895%,-0.029424,RGCO,80294.0,2019-02-11,252.0,-0.5515%,0.0006,0.5583,0.8706,0.1542,1.8246%,1.9634%,13.6419%,-0.012739,RGCO,80294.0,2019-02-12,252.0,3.8817%,0.0008,0.5853,0.8584,0.1701,1.8308%,1.9754%,14.1030%,0.031212,RGCO,80294.0,2019-02-13,252.0,-1.5480%,0.0007,0.5794,0.8609,0.1661,1.8340%,1.9771%,13.9445%,-0.017853,RGCO,80294.0,2019-02-14,252.0,-1.1386%,0.0007,0.5837,0.8536,0.1725,1.8341%,1.9770%,13.9401%,-0.013783,RGCO,80294.0,2019-02-15,252.0,0.6947%,0.0008,0.5981,0.8662,0.1954,1.8298%,1.9767%,14.3158%,-0.002711,RGCO,80294.0,2019-02-19,252.0,0.3994%,0.0007,0.5898,0.8768,0.2081,1.8225%,1.9675%,14.1938%,-0.00034,RGCO,0.002008,0.015438,-0.010996,-0.053159,-0.056634
33323,ISHARES INC,RingCentral Announces Government Clients Can Purchase its Products Through NASPO ValuePoint,6,uncertain,0.5,0.1,"the announcement pertains to ringcentral and its government clients, which may not have a direct impact on ishares inc's stock price.",1,2019-02-04,RING,2019-02-04 13:08:00+00:00,13233.0,46434G85,-0.0011388696730136,295393.0,0.0034207219723612,-0.0067873778752982,-0.0090909004211425,0.0213749762624502,-0.0045871515758335,0.0087412362918257,0.0115206707268953,0.0269300285726785,-0.0079726306721568,0.0072332085110247,-0.0017221978632733,0.0336449183523654,-0.008050569333136,0.0037523119244724,0.0040579531341791,0.00439696572721,0.0103926276788115,0.0095117064192891,0.0400000438094139,-0.0217121820896863,0.0104394843801856,0.0093926470726728,-0.0108754141256213,0.0069357259199023,-0.0021990607492625,-0.0203830059617757,-0.0137741053476929,-0.0152068119496107,-0.0058658961206674,0.0048899706453084,-0.0171396639198064,-0.0138637460768222,-0.0040022698231041,0.0177914686501026,-0.0212400015443563,-0.00183715170715,0.0082112196832895,-0.0103030353784561,0.0011633827816694,-0.0060241194441914,-0.0249853823333978,0.0196560006588697,0.0137067660689353,0.0036992216482758,0.027630764991045,0.0143839614465832,-0.0028603682294487,-0.0160000137984752,0.0177853964269161,0.0162601768970489,0.0112740006297826,-0.016605194658041,-0.0250836536288261,0.0323809683322906,-0.0028587328270077,-0.0125391734763979,-0.0074541894719004,0.0445317178964614,0.0040438878349959,-0.0539032816886901,0.0241657141596078,0.0197273790836334,0.0005618106224574,0.0271844714879989,0.0022459807805716,-0.0270781051367521,0.0252100192010402,0.0,0.0054645021446049,0.021879032254219,-0.0163043066859245,-0.0082961143925786,-0.0276243090629577,-0.001274665701203,-0.0022727793548256,0.0275048539042472,-0.0205010659992694,0.0072559770196676,0.0063952733762562,0.0066400682553648,0.0017331419512629,0.0210169777274131,0.019031137228012,-0.0100670885294675,-0.0073570548556745,-0.0053404490463435,0.0165335796773433,0.026027338579297,0.0033650849945843,-0.0201341770589351,-0.0100615043193101,-0.0086493752896785,-0.0180688705295324,-0.0195694845169782,0.0011501125991344,0.0267916675657033,0.0005743957008235,-0.007313807029277,-0.0154994521290063,0.0,-0.0029154075309634,0.0127945840358734,-0.0181286241859197,0.0192176178097724,-0.0154854208230972,0.0253342483192682,-0.0084695275872945,-0.0111342966556549,0.0109823253005743,-0.020449910312891,-0.0096559962257742,-0.0187290795147419,0.018281489610672,-0.011896913871169,-0.0203469935804605,0.0006613907753489,0.0006107710069045,-0.0104711940512061,-0.0140414871275425,0.0105820009484887,0.0034207219723612,-0.0067873778752982,-0.0057012758916005,0.0144425183461831,-0.0102622748507437,0.023310000103522,-0.0068415532205424,0.058468913325909,0.0376282667439469,0.0893299318066849,-0.0091221080945121,0.0879801790413759,-0.079247506231694,0.1644750829611379,2019-02-05,2019-02-06,2019-02-07,2019-02-08,2019-02-11,2019-02-12,2019-02-13,2019-02-14,2019-02-15,2019-02-19,13233.0,2019-02-04,252.0,-0.1139%,-0.0002,0.0928,0.4559,0.2273,1.6240%,1.6416%,2.1364%,-0.0030659999999999,RING,13233.0,2019-02-05,252.0,0.3421%,-0.0001,0.06,0.4428,0.1878,1.6066%,1.6224%,1.9358%,0.00465,RING,13233.0,2019-02-06,252.0,-0.9091%,-0.0001,0.0372,0.4503,0.164,1.6052%,1.6212%,1.9604%,-0.009146,RING,13233.0,2019-02-07,252.0,-0.4587%,-0.0,0.0467,0.44,0.1642,1.6028%,1.6181%,1.8831%,-0.004396,RING,13233.0,2019-02-08,252.0,1.1521%,0.0001,0.0441,0.4537,0.1622,1.6005%,1.6167%,1.9890%,0.012292,RING,13233.0,2019-02-11,252.0,-0.7973%,0.0001,0.0311,0.4504,0.1536,1.6013%,1.6172%,1.9495%,-0.0115019999999999,RING,13233.0,2019-02-12,252.0,-0.1722%,0.0001,0.0393,0.4383,0.1599,1.5982%,1.6133%,1.8620%,-0.002074,RING,13233.0,2019-02-13,252.0,-0.8051%,-0.0,0.0216,0.4646,0.1625,1.5833%,1.6002%,2.1066%,-0.008635,RING,13233.0,2019-02-14,252.0,0.4058%,-0.0,0.0209,0.4659,0.1613,1.5833%,1.6003%,2.1206%,0.00253,RING,13233.0,2019-02-15,252.0,1.0393%,-0.0002,-0.0104,0.4386,0.1117,1.5590%,1.5746%,1.9668%,0.008118,RING,13233.0,2019-02-19,252.0,4.0000%,-0.0,-0.0032,0.4632,0.1387,1.5777%,1.5947%,2.1283%,0.038313,RING,0.001584,-0.0075619999999999,-0.011958,-0.0111679999999999,0.027084
33331,ROPER TECHNOLOGIES INC,"Wells Fargo Maintains Outperform on Roper Technologies, Raises Price Target to $345",6,increase,0.8,0.6,maintaining an 'outperform' rating and raising the price target typically signals positive sentiment and potential for stock price appreciation.,2,2019-02-04,ROP,2019-02-04 14:37:00+00:00,77338.0,77669610,0.0030797449871897,481200.0,0.0161361191421747,0.031667023897171,0.0063453125767409,-0.0147134875878691,-0.007105937693268,0.0149690741673111,0.0085344016551971,0.0120770530775189,0.0036313843447715,-0.0115839624777436,0.0229045432060957,0.0159669239073991,0.0038617637474089,0.0088322684168815,-0.0104092620313167,0.005678913090378,0.0190774742513895,-0.0260246638208627,-0.0023399810306727,0.0240732170641422,0.0071972180157899,0.0103081343695521,0.0042427876032888,0.0085091320797801,0.00759216863662,-0.0037594703026115,0.0068098101764917,-0.0067359656095504,0.0016282730503007,-0.0073406100273132,0.011535944417119,0.0129946582019329,0.0002781442017294,0.009325923398137,-6.176120223244652e-05,0.0019790660589933,-0.0083428984507918,0.0059068268164992,-0.0030224698130041,0.0335780642926693,-0.0004375051066745,-0.029293717816472,-0.0017822753870859,0.0003376720123924,-0.0049490574747323,0.0102341808378696,0.0172505434602499,-0.0050159781239926,0.00182576617226,0.0221270974725484,0.0080311549827456,0.0502004362642765,-0.0026965891011059,-0.042893648147583,0.0023044308181852,-0.0178857296705246,0.0161246135830879,-0.0248265210539102,0.0013576257042586,0.0022315843962132,-0.0036153655964881,0.0086659574881196,0.0099480180069804,-0.0265848636627197,-0.0135924322530627,-0.0261735972017049,0.0045831478200852,-0.0110778752714395,0.0129614416509866,0.010160275734961,0.0008948558242991,-0.013561800122261,0.0134994145482778,0.0018958570435643,0.0054983682930469,-0.0083559425547719,0.0174284037202596,0.0019535252358764,0.0009771975455805,-0.0477993190288543,-0.003646564669907,0.0116267064586281,-0.0053025833331048,0.0126586630940437,0.002295997692272,-0.0009179965709336,-0.0048047807067632,0.0311295110732317,-0.0023848321288824,-0.0017147514736279,-0.0002623723412398,0.0019284284207969,0.0103522324934601,-0.0114727299660444,0.0138251753523945,0.0049462309107184,0.0004839233297389,-0.0236030425876379,-0.0058047920465469,-0.0126263797283172,-0.0040642647072672,0.0113431690260767,0.0050291693769395,0.022466842085123,0.0032025480177253,-0.0092885019257664,0.0012826707679778,0.0046312171034514,-0.0029320470057427,-0.0251676198095083,-0.0088791633024811,0.0009442510781809,0.015353643335402,0.0016890179831534,0.0151213863864541,0.0219207610934972,0.0052821738645434,0.0046472786925733,-0.0071170348674058,0.0107262954115867,0.0161361191421747,0.031667023897171,0.0225838204386483,0.016487603946246,0.0153174035244674,0.0317034822798698,0.0277010041826135,0.032067870117763,0.0617473684098772,0.0610726093501932,0.1323303939507105,0.0887499368539614,0.2199983090932178,0.0261223745819936,2019-02-05,2019-02-06,2019-02-07,2019-02-08,2019-02-11,2019-02-12,2019-02-13,2019-02-14,2019-02-15,2019-02-19,77338.0,2019-02-04,252.0,0.3080%,0.0004,1.0286,0.0628,0.1924,1.0969%,1.5703%,51.2023%,-0.0038629999999999,ROP,77338.0,2019-02-05,252.0,1.6136%,0.0003,1.06,0.0691,0.2185,1.0754%,1.5711%,53.1425%,0.012818,ROP,77338.0,2019-02-06,252.0,0.6345%,0.0004,1.0218,0.0813,0.182,1.0672%,1.5168%,50.4976%,0.008431,ROP,77338.0,2019-02-07,252.0,-0.7106%,0.0005,1.0269,0.0743,0.1831,1.0656%,1.5169%,50.6499%,0.001693,ROP,77338.0,2019-02-08,252.0,0.8534%,0.0005,1.0252,0.0788,0.1793,1.0659%,1.5164%,50.5841%,0.008737,ROP,77338.0,2019-02-11,252.0,0.3631%,0.0005,1.0388,0.0669,0.1799,1.0639%,1.5074%,50.1866%,0.001163,ROP,77338.0,2019-02-12,252.0,2.2905%,0.0005,1.047,0.0625,0.1849,1.0645%,1.5132%,50.5114%,0.00897,ROP,77338.0,2019-02-13,252.0,0.3862%,0.0005,1.0383,0.0772,0.1875,1.0577%,1.4996%,50.2519%,0.000663,ROP,77338.0,2019-02-14,252.0,-1.0409%,0.0004,1.0403,0.0729,0.192,1.0589%,1.5013%,50.2519%,-0.007643,ROP,77338.0,2019-02-15,252.0,1.9077%,0.0005,1.0567,0.0882,0.2194,1.0550%,1.5057%,50.9092%,0.006118,ROP,77338.0,2019-02-19,252.0,-0.2340%,0.0005,1.0538,0.087,0.2183,1.0551%,1.5022%,50.6695%,-0.005362,ROP,0.008955,0.017386,0.019079,0.028979,0.031725
33339,ROPER TECHNOLOGIES INC,"Baird Maintains Neutral on Roper Technologies, Raises Price Target to $306",6,uncertain,0.6,0.2,"while maintaining a neutral rating suggests stability, the raised price target could indicate potential for growth, leading to uncertainty in the stock's immediate reaction.",1,2019-02-04,ROP,2019-02-04 14:33:00+00:00,77338.0,77669610,0.0030797449871897,481200.0,0.0161361191421747,0.031667023897171,0.0063453125767409,-0.0147134875878691,-0.007105937693268,0.0149690741673111,0.0085344016551971,0.0120770530775189,0.0036313843447715,-0.0115839624777436,0.0229045432060957,0.0159669239073991,0.0038617637474089,0.0088322684168815,-0.0104092620313167,0.005678913090378,0.0190774742513895,-0.0260246638208627,-0.0023399810306727,0.0240732170641422,0.0071972180157899,0.0103081343695521,0.0042427876032888,0.0085091320797801,0.00759216863662,-0.0037594703026115,0.0068098101764917,-0.0067359656095504,0.0016282730503007,-0.0073406100273132,0.011535944417119,0.0129946582019329,0.0002781442017294,0.009325923398137,-6.176120223244652e-05,0.0019790660589933,-0.0083428984507918,0.0059068268164992,-0.0030224698130041,0.0335780642926693,-0.0004375051066745,-0.029293717816472,-0.0017822753870859,0.0003376720123924,-0.0049490574747323,0.0102341808378696,0.0172505434602499,-0.0050159781239926,0.00182576617226,0.0221270974725484,0.0080311549827456,0.0502004362642765,-0.0026965891011059,-0.042893648147583,0.0023044308181852,-0.0178857296705246,0.0161246135830879,-0.0248265210539102,0.0013576257042586,0.0022315843962132,-0.0036153655964881,0.0086659574881196,0.0099480180069804,-0.0265848636627197,-0.0135924322530627,-0.0261735972017049,0.0045831478200852,-0.0110778752714395,0.0129614416509866,0.010160275734961,0.0008948558242991,-0.013561800122261,0.0134994145482778,0.0018958570435643,0.0054983682930469,-0.0083559425547719,0.0174284037202596,0.0019535252358764,0.0009771975455805,-0.0477993190288543,-0.003646564669907,0.0116267064586281,-0.0053025833331048,0.0126586630940437,0.002295997692272,-0.0009179965709336,-0.0048047807067632,0.0311295110732317,-0.0023848321288824,-0.0017147514736279,-0.0002623723412398,0.0019284284207969,0.0103522324934601,-0.0114727299660444,0.0138251753523945,0.0049462309107184,0.0004839233297389,-0.0236030425876379,-0.0058047920465469,-0.0126263797283172,-0.0040642647072672,0.0113431690260767,0.0050291693769395,0.022466842085123,0.0032025480177253,-0.0092885019257664,0.0012826707679778,0.0046312171034514,-0.0029320470057427,-0.0251676198095083,-0.0088791633024811,0.0009442510781809,0.015353643335402,0.0016890179831534,0.0151213863864541,0.0219207610934972,0.0052821738645434,0.0046472786925733,-0.0071170348674058,0.0107262954115867,0.0161361191421747,0.031667023897171,0.0225838204386483,0.016487603946246,0.0153174035244674,0.0317034822798698,0.0277010041826135,0.032067870117763,0.0617473684098772,0.0610726093501932,0.1323303939507105,0.0887499368539614,0.2199983090932178,0.0261223745819936,2019-02-05,2019-02-06,2019-02-07,2019-02-08,2019-02-11,2019-02-12,2019-02-13,2019-02-14,2019-02-15,2019-02-19,77338.0,2019-02-04,252.0,0.3080%,0.0004,1.0286,0.0628,0.1924,1.0969%,1.5703%,51.2023%,-0.0038629999999999,ROP,77338.0,2019-02-05,252.0,1.6136%,0.0003,1.06,0.0691,0.2185,1.0754%,1.5711%,53.1425%,0.012818,ROP,77338.0,2019-02-06,252.0,0.6345%,0.0004,1.0218,0.0813,0.182,1.0672%,1.5168%,50.4976%,0.008431,ROP,77338.0,2019-02-07,252.0,-0.7106%,0.0005,1.0269,0.0743,0.1831,1.0656%,1.5169%,50.6499%,0.001693,ROP,77338.0,2019-02-08,252.0,0.8534%,0.0005,1.0252,0.0788,0.1793,1.0659%,1.5164%,50.5841%,0.008737,ROP,77338.0,2019-02-11,252.0,0.3631%,0.0005,1.0388,0.0669,0.1799,1.0639%,1.5074%,50.1866%,0.001163,ROP,77338.0,2019-02-12,252.0,2.2905%,0.0005,1.047,0.0625,0.1849,1.0645%,1.5132%,50.5114%,0.00897,ROP,77338.0,2019-02-13,252.0,0.3862%,0.0005,1.0383,0.0772,0.1875,1.0577%,1.4996%,50.2519%,0.000663,ROP,77338.0,2019-02-14,252.0,-1.0409%,0.0004,1.0403,0.0729,0.192,1.0589%,1.5013%,50.2519%,-0.007643,ROP,77338.0,2019-02-15,252.0,1.9077%,0.0005,1.0567,0.0882,0.2194,1.0550%,1.5057%,50.9092%,0.006118,ROP,77338.0,2019-02-19,252.0,-0.2340%,0.0005,1.0538,0.087,0.2183,1.0551%,1.5022%,50.6695%,-0.005362,ROP,0.008955,0.017386,0.019079,0.028979,0.031725
33347,SAIA INC,"Saia Q4 EPS $0.97 Beats $0.89 Estimate, Sales $406.75M Beat $398.49M Estimate",6,increase,0.85,0.7,"the earnings per share and sales figures both exceeded estimates, which typically signals strong performance and can lead to a positive reaction in the stock price.",2,2019-02-04,SAIA,2019-02-04 11:12:00+00:00,89506.0,78709Y10,0.0799473673105239,573459.0,0.0231530331075191,0.0136734982952475,-0.0346881337463855,-0.0259866565465927,0.0183529071509838,0.0093442574143409,-0.0139330336824059,0.0212623551487922,0.004607634153217,0.0008377888007089,0.0386790819466114,0.0417175665497779,-0.001324756653048,0.0105839176103472,0.0159174930304288,-0.0149435382336378,0.0085593545809388,-0.0265561528503894,0.0146720986813306,0.0506486296653747,-0.0025517479516565,0.0146051459014415,-0.0177657753229141,0.0059858155436813,-0.0027492756489664,-0.0016298469854518,-0.0044979332014918,-0.0240367725491523,-0.016032624989748,-0.0098004471510648,-0.0038513129111379,0.0,-0.0162081234157085,0.014739797450602,0.0175331924110651,0.0260568559169769,-0.0414438657462596,-0.0034501294139772,-0.0185959544032812,0.0198148097842931,-0.0192641913890838,-0.0099010067060589,-0.0138464113697409,-0.0229308269917964,-0.0039183949120342,0.0073993834666907,0.0299951136112213,0.0021703550592064,-0.0133672840893268,0.0091257523745298,0.0227419324219226,0.0446139201521873,0.0070966845378279,-0.0056871892884373,-0.0181647334247827,0.0068715522065758,0.0073365084826946,-0.0351749509572982,-0.0452818349003791,-0.0180831830948591,-0.0092868581414222,0.0184162072837352,0.0194174721837043,0.008918609470129,-0.0302134659141302,-0.0124770700931549,-0.0071114455349743,-0.0146447541192174,0.0349590592086315,0.0012671920703724,0.0047783972695469,0.0032691664528101,0.0168907642364502,0.005845810752362,-0.0146750500425696,-0.0094100013375282,0.0363338999450206,0.003267910098657,-0.0241629630327224,-0.06006820499897,0.01521279476583,-0.0283535551279783,0.0167383905500173,0.0355425775051116,0.0089369658380746,-0.0653185620903968,0.0073038265109062,0.0496967770159244,-0.0180499572306871,-0.0419625341892242,-0.0081696845591068,0.0179070178419351,0.0438777208328247,-0.0044161016121506,0.0194233506917953,0.0254948083311319,0.0001488856214564,-0.0466901510953903,0.0077391965314745,-0.0091888150200247,0.0178703162819147,-0.0137500166893005,-0.0066743921488523,0.0191082917153835,0.0016067866235971,-0.0049120802432298,-0.0035000417847186,0.0041368678212165,0.0301477760076522,-0.0134986760094761,-0.0727376416325569,-0.0301416236907243,0.0131760481745004,-0.0025812049861997,-0.0148192308843135,0.0180862285196781,-0.0116654196754097,0.0147451367229223,-0.0010871206177398,-0.0004703477607108,0.0231530331075191,0.0136734982952475,-0.0123382361479345,-0.0126684867553341,0.0057882285006194,-0.0034426069422851,-0.0036557184883131,0.018599206936843,0.0744858998704156,0.0803270020948618,-0.0814927985830742,0.0992767047726126,-0.020258971545253,-0.0468798716307102,2019-02-05,2019-02-06,2019-02-07,2019-02-08,2019-02-11,2019-02-12,2019-02-13,2019-02-14,2019-02-15,2019-02-19,89506.0,2019-02-04,252.0,7.9947%,-0.0004,1.1021,0.987,0.1206,1.7924%,2.2240%,35.0435%,0.068085,SAIA,89506.0,2019-02-05,252.0,2.3153%,-0.0004,1.1278,0.9886,0.1351,1.7870%,2.2286%,35.7017%,0.0198269999999999,SAIA,89506.0,2019-02-06,252.0,-3.4688%,-0.0005,1.1021,0.9974,0.1054,1.7952%,2.2125%,34.1621%,-0.032303,SAIA,89506.0,2019-02-07,252.0,1.8353%,-0.0004,1.0975,0.9904,0.1131,1.8047%,2.2151%,33.6192%,0.029388,SAIA,89506.0,2019-02-08,252.0,-1.3933%,-0.0004,1.1,0.9928,0.1253,1.8070%,2.2168%,33.5535%,-0.014735,SAIA,89506.0,2019-02-11,252.0,0.4608%,-0.0004,1.0942,0.9936,0.1227,1.8069%,2.2054%,32.8683%,-0.0038729999999999,SAIA,89506.0,2019-02-12,252.0,3.8679%,-0.0002,1.1193,0.9792,0.1381,1.8083%,2.2175%,33.5050%,0.023708,SAIA,89506.0,2019-02-13,252.0,-0.1325%,-0.0002,1.1219,0.9728,0.1357,1.8079%,2.2175%,33.5252%,-0.005243,SAIA,89506.0,2019-02-14,252.0,1.5917%,-0.0002,1.1176,0.9799,0.1295,1.8077%,2.2166%,33.4920%,0.013902,SAIA,89506.0,2019-02-15,252.0,0.8559%,-0.0003,1.1005,0.9637,0.1007,1.8057%,2.2063%,33.0199%,-0.007241,SAIA,89506.0,2019-02-19,252.0,1.4672%,-0.0002,1.1087,0.9609,0.0968,1.8023%,2.2075%,33.3436%,0.009384,SAIA,0.087912,0.055609,0.084997,0.066389,0.100899
33355,S M ENERGY CO,SM Energy Announces 2018 Production of 120.3M Barrels of Oil Equivalent/Day,6,increase,0.8,0.7,"the announcement of a significant production level of 120.3 million barrels of oil equivalent per day is likely to be viewed positively by investors, suggesting strong operational performance and potential revenue growth.",2,2019-02-04,SM,2019-02-04 11:41:00+00:00,78170.0,78454L10,-0.0136778345331549,4347552.0,-0.0318438075482845,0.0061161532066762,-0.006896608043462,-0.0391772389411926,-0.0689102038741111,0.0376016125082969,-0.0384394749999046,0.0191610995680093,0.0417660400271415,-0.0087269032374024,0.0458190813660621,0.0182958915829658,0.0416210405528545,-0.0031266999430954,-0.0089379642158746,-0.0419371016323566,0.0509283319115638,-0.052507035434246,-0.0368500538170337,0.0398425720632076,0.0319706834852695,0.0154844885692,-0.1356018334627151,0.0085642356425523,-0.007638135459274,0.0263702291995286,0.0,0.0015536347636953,-0.027827076613903,-0.0066872974857687,0.0140072805806994,0.0351437591016292,-0.0186185874044895,0.045657105743885,0.0116279395297169,0.0274599287658929,0.0199636965990066,0.0511124730110168,-0.0142348613590002,0.085509106516838,-0.0342961251735687,-0.0013038107426837,-0.0161993317306041,-0.0090438881888985,-0.0455984957516193,0.0078124925494194,-0.005972140468657,-0.0122186839580535,0.054739698767662,0.0223537255078554,0.0335442870855331,0.1275018751621246,-0.0251071546226739,-0.0683701485395431,-0.0138191124424338,-0.0255720131099224,0.0242038294672966,-0.0268500838428735,-0.0348258391022682,-0.0161082465201616,0.060566920787096,-0.0484364815056324,0.0504253879189491,-0.023937739431858,-0.0508965328335762,-0.0991913899779319,0.0018281954107806,-0.0216244664043188,0.0334549397230148,0.011739557608962,0.0029429749120026,-0.0084656001999974,0.0093896621838212,-0.0381679385900497,0.016860406845808,0.0113226613029837,0.0131503455340862,-0.0558794774115085,-0.0039503215812146,-0.0494226180016994,-0.0589234568178653,0.0612745098769664,0.0427452772855758,-0.0267175324261188,0.0479214750230312,0.0052757170051336,0.0055096629075706,0.0220588613301515,-0.0290411338210105,-0.0111487908288836,0.0248307306319475,0.0202769469469785,-0.047907430678606,-0.0398860499262809,0.0589935518801212,0.0461997203528881,-0.0305843520909547,-0.0689177438616752,0.0090140756219625,0.0041802204214036,-0.0184254571795463,-0.0087476354092359,-0.0028440977912396,0.0298719368875026,0.0581858828663826,-0.0009474399266764,-0.0037735686637461,-0.0181395057588815,-0.061147142201662,-0.0566038116812706,-0.0484150610864162,-0.0155507000163197,-0.0303766150027513,-0.0543300621211528,0.010025112889707,0.0078220926225185,-0.0117866331711411,0.0049648671410977,-0.0458255149424076,0.0391229502856731,-0.0318438075482845,0.0061161532066762,-0.0385208013324746,-0.0333006997300953,-0.1047765289333708,0.0030487527706954,-0.1032357594809212,0.0133470335209424,-0.0200307858429305,-0.0290211591146684,-0.2028761706397758,0.271907170630806,-0.2169402757792594,-0.1513327745772403,2019-02-05,2019-02-06,2019-02-07,2019-02-08,2019-02-11,2019-02-12,2019-02-13,2019-02-14,2019-02-15,2019-02-19,78170.0,2019-02-04,252.0,-1.3678%,0.0002,1.8937,1.1327,1.1738,2.7583%,3.4105%,34.5924%,-0.02758,SM,78170.0,2019-02-05,252.0,-3.1844%,0.0001,1.9006,1.1468,1.2037,2.7653%,3.4091%,34.2011%,-0.032137,SM,78170.0,2019-02-06,252.0,-0.6897%,-0.0001,1.9716,1.124,1.2732,2.7524%,3.4027%,34.5691%,-0.003543,SM,78170.0,2019-02-07,252.0,-6.8910%,-0.0003,1.9792,1.1376,1.2591,2.7726%,3.4227%,34.3836%,-0.054179,SM,78170.0,2019-02-08,252.0,-3.8439%,-0.0003,1.9837,1.1772,1.3041,2.7708%,3.4245%,34.5320%,-0.032202,SM,78170.0,2019-02-11,252.0,4.1766%,-0.0002,1.98,1.2193,1.325,2.7762%,3.4114%,33.7723%,0.02812,SM,78170.0,2019-02-12,252.0,4.5819%,0.0001,2.0183,1.1856,1.3505,2.7635%,3.4201%,34.7087%,0.0208,SM,78170.0,2019-02-13,252.0,4.1621%,0.0001,2.0046,1.2224,1.3654,2.7598%,3.4099%,34.4937%,0.034213,SM,78170.0,2019-02-14,252.0,-0.8938%,0.0003,2.009,1.2226,1.3592,2.7389%,3.3958%,34.9483%,-0.003266,SM,78170.0,2019-02-15,252.0,5.0928%,0.0003,2.0159,1.2307,1.373,2.7410%,3.3981%,34.9350%,0.018546,SM,78170.0,2019-02-19,252.0,-3.6850%,0.0002,2.0071,1.1992,1.3382,2.7580%,3.4055%,34.4100%,-0.048468,SM,-0.059717,-0.06326,-0.117439,-0.1215209999999999,-0.0996959999999999
33363,STANDARD MOTOR PRODUCTS INC,Standard Motor Products Raises Qtr Dividend From $0.21 to $0.23/Share,6,increase,0.8,0.6,"raising the quarterly dividend typically signals financial strength and can attract investors, likely leading to an increase in stock price.",2,2019-02-04,SMP,2019-02-04 13:37:00+00:00,39220.0,85366610,0.0249999910593032,41593.0,-0.0055522262118756,0.0008136882679536,-0.0089730955660343,0.0012220239732414,0.0,0.0082135051488876,0.0,0.0041237268596887,0.0120724039152264,-0.0243411604315042,0.0200795661658048,-0.0058000180870294,0.0052621411159634,-0.0122481025755405,-0.0569988712668418,0.0041658221744,0.0165254957973957,0.010220406576991,0.0154440589249134,0.0030151060782372,0.0262156799435615,-0.0036050530616194,-0.0126754622906446,0.0097067654132843,0.0013825733913108,-0.0102081326767802,-0.0201183520257473,-0.0203921739012002,-0.0040257801301777,-0.0131579004228115,0.0006062809261493,0.0040800287388265,-0.0042415489442646,0.0263210292905569,0.0152129819616675,0.0293514020740985,-0.008191805332899,0.0026754694990813,-0.0096696121618151,0.0223017334938049,-0.0262408647686243,-0.0054405131377279,-0.0068936292082071,-0.0132149364799261,0.0044173132628202,0.0049803215079009,0.0154974171891808,0.0109083382412791,-0.006805564276874,0.0006296972860582,0.0047757378779351,0.0404018014669418,0.0008266359800472,-0.0226253494620323,-0.002684308681637,-0.0147213619202375,0.0074534290470182,-0.0037712194025516,-0.0004110246081836,-0.0018820608966052,-0.0041118576191365,-0.0091172531247138,0.0115607222542166,-0.0122800301760435,-0.0287755075842142,-0.0101296594366431,-0.0004202659765724,-0.022767724469304,0.0117721538990736,0.0114136906340718,0.0114273680374026,0.0060434979386627,0.0078061022795736,0.0038422371726483,0.0008152690716087,-0.0202100351452827,0.0016293652588501,0.000594817509409,0.0113867707550525,-0.0456007570028305,0.0162846315652132,0.0034175112377852,0.0201780516654253,-0.001137898187153,0.0106651009991765,-0.0301636829972267,0.0115119395777583,0.0293449312448501,-0.0163126066327095,-0.015654120594263,0.0163902509957552,0.0271821990609169,0.0047429329715669,0.0017257938161492,0.0152945881709456,0.0094851274043321,-0.0035335433203727,-0.0333083607256412,-0.0091452347114682,-0.0063220555894076,0.0188359394669532,-0.0014853663742542,-0.0033277927432209,0.0057890079915523,-0.0276386886835098,0.0048597985878586,0.0116367917507886,-0.0110905449837446,0.0035829236730933,-0.0078855734318494,-0.0325065664947032,-0.0117796575650572,0.0036900101695209,-0.0018089449731633,0.0021284946706146,0.0171113219112157,-0.0351419113576412,-0.0205442998558282,-0.038823340088129,-0.0028751094359904,-0.0055522262118756,0.0008136882679536,-0.0144755011215066,0.0020367065877653,-0.0144755011215066,0.0102669402366983,-0.0025778513026942,-0.0102594713718487,-0.0044137858180115,-0.0110552608981159,-0.0309123138897834,0.0288582444474563,-0.0430657666409874,-0.1124359267690617,2019-02-05,2019-02-06,2019-02-07,2019-02-08,2019-02-11,2019-02-12,2019-02-13,2019-02-14,2019-02-15,2019-02-19,39220.0,2019-02-04,252.0,2.5000%,0.0005,0.7391,0.7966,0.5169,1.7123%,1.9039%,19.1157%,0.0182349999999999,SMP,39220.0,2019-02-05,252.0,-0.5552%,0.0005,0.7335,0.7967,0.5146,1.7121%,1.8986%,18.6774%,-0.005092,SMP,39220.0,2019-02-06,252.0,-0.8973%,0.0005,0.725,0.7996,0.5051,1.7126%,1.8892%,17.8208%,-0.00774,SMP,39220.0,2019-02-07,252.0,0.0000%,0.0004,0.7106,0.8158,0.5044,1.7069%,1.8799%,17.5582%,0.005712,SMP,39220.0,2019-02-08,252.0,0.0000%,0.0004,0.7103,0.8151,0.5026,1.7070%,1.8798%,17.5460%,0.002333,SMP,39220.0,2019-02-11,252.0,1.2072%,0.0004,0.7238,0.8078,0.5057,1.7060%,1.8807%,17.7128%,0.004442,SMP,39220.0,2019-02-12,252.0,2.0080%,0.0005,0.7414,0.7929,0.5174,1.7023%,1.8825%,18.2300%,0.010834,SMP,39220.0,2019-02-13,252.0,0.5262%,0.0005,0.7427,0.7914,0.5175,1.7023%,1.8826%,18.2462%,0.002248,SMP,39220.0,2019-02-14,252.0,-5.6999%,0.0003,0.7561,0.7603,0.5514,1.7397%,1.9173%,17.6697%,-0.056653,SMP,39220.0,2019-02-15,252.0,1.6525%,0.0003,0.7583,0.7626,0.5553,1.7398%,1.9174%,17.6644%,0.0033339999999999,SMP,39220.0,2019-02-19,252.0,1.5444%,0.0004,0.7606,0.7681,0.5613,1.7409%,1.9196%,17.7542%,0.010026,SMP,0.0131429999999999,0.0054029999999999,0.0111149999999999,0.0178899999999999,-0.012321
33371,SPERO THERAPEUTICS INC,Spero Therapeutics Announces the FDA Has Accepted its Investigational New Drug Application for SPR994,6,increase,0.8,0.7,the acceptance of an investigational new drug application by the fda is generally viewed positively and can lead to an increase in stock price due to investor optimism about the potential for future drug development and revenue.,2,2019-02-04,SPRO,2019-02-04 12:05:00+00:00,17044.0,84833T10,0.0368271358311176,144119.0,-0.0063752001151442,0.0066539631225168,0.0045829690061509,0.1050420105457306,-0.0456204377114772,0.0074074761942029,0.0047801327891647,-0.0297741238027811,-0.0076117906719446,-0.0010256645036861,-0.0287632010877132,0.016684029251337,0.0029614740051329,0.0799549594521522,0.0157480165362358,0.0673077479004859,0.027131849899888,0.0335403084754943,-0.0028302534483373,-0.0254237335175275,0.0633869543671608,-0.0036187856458127,-0.0035587155725806,0.0221948605030775,0.0258928537368774,-0.0157767124474048,-0.0104438541457057,0.0036540478467941,0.0712401419878006,0.0123305041342973,-0.0221675243228673,-0.0169697385281324,-0.0092359073460102,0.0261194072663784,-0.0042373044416308,0.0468750186264514,-0.0110638393089175,0.1377777457237244,0.0249569676816463,0.0613207332789897,-0.020990764722228,0.0159744247794151,0.0094340145587921,0.0178862009197473,-0.0016992741730064,-0.0779610127210617,0.0553191155195236,0.0405616573989391,-0.0137096839025616,0.1128471493721008,0.0269829016178846,0.0123023148626089,0.0334394201636314,-0.0355932265520095,0.0254237968474626,-0.0215588901191949,-0.0293013025075197,0.008361236192286,0.0255417898297309,-0.0033333301544189,-0.0105660632252693,0.0016694873338565,0.0076277945190668,-0.0552051067352294,-0.0022709865588694,-0.0730994120240211,0.0,0.0193740855902433,-0.0212443619966507,-0.0190058648586273,-0.0325581468641758,0.0178571976721286,-0.0328525528311729,-0.0044444757513701,0.0613090917468071,-0.0343347340822219,0.0296642575412988,-0.0251046456396579,0.0045489324256777,-0.0565789267420768,0.0060377302579581,-0.0709046944975853,0.0367591716349124,-0.0108827268704772,0.0202605426311492,0.0222497284412384,0.0184396635740995,0.0385109372437,-0.0473537147045135,-0.0038363439962267,-0.0021930325310677,-0.0509708262979984,-0.0197801832109689,0.0274313334375619,-0.041106142103672,0.0321750938892364,-0.0475447885692119,-0.002567391609773,0.0098199574276804,0.0051612854003906,-0.0461912229657173,-0.0251572094857692,0.0067969346418976,0.0088832098990678,0.0337552428245544,-0.0685579106211662,0.0146939028054475,0.0011834590695798,-0.0064360355027019,-0.0140023212879896,-0.0113360602408647,-0.0664488673210144,-0.0114660393446683,0.0637311935424804,-0.004970958456397,0.0550122000277042,-0.0691090673208236,-0.0387778989970684,-0.0241503082215786,-0.008158472366631,-0.0063752001151442,0.0066539631225168,-0.001821448453529,0.1123949193327338,-0.0473587908892874,0.1206349582162433,-0.0500910070815643,0.086153860978219,-0.0373406079823308,0.2820823072805123,0.2067395739681421,0.7650000202112259,-0.0063751981755884,0.2342657517149347,2019-02-05,2019-02-06,2019-02-07,2019-02-08,2019-02-11,2019-02-12,2019-02-13,2019-02-14,2019-02-15,2019-02-19,17044.0,2019-02-04,252.0,3.6827%,0.0005,0.7806,2.0324,0.5232,4.3381%,4.5207%,7.9146%,0.023899,SPRO,17044.0,2019-02-05,252.0,-0.6375%,0.0005,0.7633,2.0284,0.5079,4.3364%,4.5148%,7.7472%,-0.005067,SPRO,17044.0,2019-02-06,252.0,0.4583%,0.0006,0.7498,2.0326,0.4954,4.3362%,4.5120%,7.6391%,0.006009,SPRO,17044.0,2019-02-07,252.0,-4.5620%,0.0004,0.7508,2.048,0.4846,4.3420%,4.5203%,7.7337%,-0.038037,SPRO,17044.0,2019-02-08,252.0,0.4780%,0.0005,0.7491,2.069,0.4912,4.3393%,4.5193%,7.8046%,0.006324,SPRO,17044.0,2019-02-11,252.0,-0.7612%,0.0003,0.7729,2.0138,0.4739,4.3397%,4.5188%,7.7708%,-0.023546,SPRO,17044.0,2019-02-12,252.0,-2.8763%,0.0002,0.7565,2.0061,0.4669,4.3465%,4.5223%,7.6254%,-0.038972,SPRO,17044.0,2019-02-13,252.0,0.2961%,0.0003,0.7688,1.985,0.4629,4.3431%,4.5190%,7.6342%,-0.000787,SPRO,17044.0,2019-02-14,252.0,1.5748%,0.0004,0.7689,1.9914,0.4522,4.3381%,4.5156%,7.7087%,0.009625,SPRO,17044.0,2019-02-15,252.0,2.7132%,0.001,0.8815,2.0938,0.6367,4.2621%,4.4668%,8.9566%,0.011195,SPRO,17044.0,2019-02-19,252.0,-0.2830%,0.001,0.8815,2.0815,0.6229,4.2626%,4.4668%,8.9336%,-0.012587,SPRO,0.018832,0.024841,-0.013196,-0.030418,-0.061944
33379,SEAGATE TECHNOLOGY HOLDINGS PLC,"Seagate Technology Q2 EPS $1.41 Beats $1.28 Estimate, Sales $2.715B Miss $2.72B Estimate",6,uncertain,0.6,0.2,"while the earnings per share (eps) beat estimates, the sales miss could lead to mixed reactions from investors, making the overall impact on the stock price uncertain.",1,2019-02-04,STX,2019-02-04 21:02:00+00:00,89641.0,G7997R10,0.0066284369677305,6594425.0,-0.0092186564579606,0.0221318788826465,0.0019938005134463,0.0123456120491027,-0.0170241091400384,0.0226794760674238,0.0125956228002905,-0.0113268122076988,-0.0082185454666614,-0.0091617386788129,0.0165733005851507,0.065657764673233,0.0077110002748668,0.057017620652914,0.0006558543536812,0.0072764754295349,-0.0013109323335811,-0.0434998758137226,0.0039378758519887,0.0387296676635742,0.0,-0.0249245129525661,-0.0169971399009227,0.0017654398689046,0.0421192124485969,-0.0117147909477353,0.022122973576188,-0.0135234631597995,-0.0118626365438103,0.0017241304740309,-0.0139005864039063,0.0114598674699664,-0.0055531463585793,0.0255493111908435,-0.0045103714801371,-0.0005107368924655,0.0015102415345609,0.0267435889691114,-0.0028004578780382,0.0443592257797718,-0.0006481441669166,-0.0655066817998886,-0.023130128160119,0.0126976333558559,0.022792711853981,0.0062581924721598,0.0521419234573841,-0.0023413151502609,-0.0113098751753568,0.0139804482460022,-0.0083194989711046,0.0492665022611618,-0.0102768810465931,-0.0063256197609007,0.0103835919871926,-0.0060142483562231,0.0100671043619513,0.0110558737069368,-0.0056063439697027,-0.0308063607662916,-0.0222175046801567,0.0141598051413893,0.0599437467753887,-0.0290531497448682,-0.041853804141283,-0.0215736608952283,-0.0021308006253093,-0.0149999614804983,0.0081143975257873,0.0126582281664013,-0.0294429026544094,-0.0077870222739875,0.0037102135829627,-0.002255642786622,0.0413132794201374,-0.0420168042182922,0.0112758595496416,0.0019245088333263,0.0068139173090457,-0.0712689608335495,0.0172272399067878,0.0387560501694679,-0.0076612350530922,0.0103164976462721,0.0002031353360507,-0.032879751175642,0.0028437820728868,0.0002267707313876,-0.0093173813074827,0.0038707193452864,0.0163565576076507,0.0225843396037817,-0.0048279594630002,0.0096379844471812,0.0040427925996482,0.0097317788749933,-0.0056371809914708,0.001664281822741,0.0253087673336267,-0.0286373645067215,-0.0069115022197365,-0.0127679286524653,0.0041757621802389,0.0266853775829076,-0.030891116708517,0.0039953463710844,-0.0147118391469121,0.0157555472105741,-0.025508077815175,-0.0264931302517652,-0.0195786748081445,-0.0507390908896923,-0.0234425440430641,-0.0102619519457221,-0.0011114259250462,0.0083663826808333,0.0752114206552505,0.0104560041800141,-0.0002069189067697,0.0153602957725524,-0.0092186564579606,0.0221318788826465,-0.0072432361064934,0.0347507225223522,-0.0241440356045279,0.0582183267695475,-0.0199736569455485,0.0366467815335127,0.0072431530803795,0.168603122501693,0.0511412856629784,0.212429585368483,0.0744951106045905,0.0396166495589556,2019-02-05,2019-02-06,2019-02-07,2019-02-08,2019-02-11,2019-02-12,2019-02-13,2019-02-14,2019-02-15,2019-02-19,89641.0,2019-02-04,252.0,0.6628%,-0.0002,1.2882,0.7785,0.1461,1.8658%,2.3780%,38.4398%,-0.0058509999999999,STX,89641.0,2019-02-05,252.0,-0.9219%,-0.0002,1.2697,0.7769,0.1347,1.8627%,2.3586%,37.6317%,-0.013359,STX,89641.0,2019-02-06,252.0,0.1994%,-0.0002,1.2782,0.774,0.1437,1.8626%,2.3444%,36.8779%,0.004671,STX,89641.0,2019-02-07,252.0,-1.7024%,-0.0001,1.3007,0.7473,0.1458,1.8483%,2.3436%,37.8028%,-0.004791,STX,89641.0,2019-02-08,252.0,1.2596%,-0.0001,1.2991,0.7275,0.1262,1.8461%,2.3423%,37.8782%,0.011957,STX,89641.0,2019-02-11,252.0,-0.8219%,-0.0001,1.2946,0.7113,0.1151,1.8485%,2.3273%,36.9109%,-0.015229,STX,89641.0,2019-02-12,252.0,1.6573%,-0.0001,1.2974,0.7071,0.1173,1.8482%,2.3291%,37.0283%,-0.00108,STX,89641.0,2019-02-13,252.0,0.7711%,-0.0002,1.2913,0.7187,0.1202,1.8461%,2.3228%,36.8313%,0.003472,STX,89641.0,2019-02-14,252.0,0.0656%,-0.0002,1.2909,0.7188,0.1207,1.8459%,2.3221%,36.8116%,0.000227,STX,89641.0,2019-02-15,252.0,-0.1311%,-0.0003,1.2679,0.6961,0.0808,1.8473%,2.3116%,36.1333%,-0.0183739999999999,STX,89641.0,2019-02-19,252.0,0.3938%,-0.0003,1.2711,0.6911,0.0748,1.8461%,2.3116%,36.2222%,-0.000832,STX,-0.01921,-0.014539,-0.01933,-0.0226019999999999,-0.0391889999999999
33387,SUPERIOR INDUSTRIES INTL INC,Superior Industries 8-K Shows Co. Named Timothy McQuay Interim Chair,6,uncertain,0.5,0.1,"the appointment of an interim chair can have mixed implications for investor confidence, making the impact on stock price uncertain.",1,2019-02-04,SUP,2019-02-04 21:36:00+00:00,52396.0,86816810,0.0039525656029582,251069.0,0.0039370041340589,-0.0174757577478885,0.0019608291331678,0.0038986317813396,-0.0508806705474853,0.0138340257108211,-0.0371133685111999,-0.0380228646099567,0.021413255482912,-0.0223048105835914,0.0188679564744234,0.0,0.0164608899503946,0.0074906293302774,0.0040485789068043,-0.0237659309059381,0.0282257795333862,-0.0617495961487293,0.0509804375469684,0.0264084674417972,0.0634327754378318,0.0215827133506536,0.0631579235196113,0.0392523445188999,0.089108906686306,-0.0580985806882381,0.0136363869532942,-0.0290598422288894,0.0612854771316051,-0.0084746088832616,-0.0492957606911659,0.0085470415651798,-0.0829629525542259,0.0502692498266696,-0.0210016332566738,0.0450281910598278,-0.0676567405462265,0.0471512302756309,-0.0159292295575141,0.0494845882058143,-0.0323740690946579,-0.0237154215574264,0.0204460322856903,0.0519750528037548,-0.0091074164956808,0.0479302369058132,-0.042279414832592,-0.0150213940069079,-0.0134357335045933,-0.048979640007019,0.0038910470902919,-0.0180360078811645,-0.0717054083943367,-0.0253906473517417,0.0521920658648014,-0.0375940389931201,0.0099206725135445,-0.037974689155817,0.0707268491387367,0.0317164324223995,-0.0366972126066684,-0.011070099659264,-0.0152380811050534,-0.0424027889966964,-0.0676982402801513,-0.0487394891679287,-0.066390074789524,-0.0309446360915899,-0.0066667133942246,0.0302013140171766,0.0268457196652889,-0.0628930926322937,0.0087145883589982,-0.0093457857146859,0.0280777774751186,-0.0586510375142097,0.1575630158185959,-0.0172910504043102,0.0344826802611351,-0.0659488290548324,0.0280702076852321,0.0095108281821012,0.022530348971486,-0.0120804933831095,-0.0118644358590245,-0.0261438284069299,0.0017153051448985,0.0508241578936576,-0.0462328717112541,-0.0458715446293354,0.0251346249133348,-0.0255427602678537,0.0087566003203392,-0.017565855756402,0.0034722187556326,0.023106524720788,0.0190310813486576,-0.0614458099007606,0.0169779136776924,0.0221675261855125,0.0150250680744648,-0.0216867830604314,0.0115131866186857,-0.0095465304329991,-0.0308943185955286,-0.0367815755307674,-0.0134228058159351,0.2270803451538086,-0.044217724353075,-0.027434816583991,-0.0960854068398475,-0.2515400350093842,0.0039370041340589,-0.0308458115905523,0.0058823940344154,0.0403727069497108,-0.0350877791643142,0.0020746372174471,-0.0282828025519847,-0.0173292625695467,0.0039370041340589,-0.0174757577478885,0.0059055530596303,-0.0136452575111077,-0.0452755959874827,-6.435261212800468e-10,-0.0610236137501231,-0.059479583005827,0.0551181503067037,-0.1091549131257652,0.0728346337661842,-0.0384521004264988,-0.0383807027066258,-0.4746282748833663,2019-02-05,2019-02-06,2019-02-07,2019-02-08,2019-02-11,2019-02-12,2019-02-13,2019-02-14,2019-02-15,2019-02-19,52396.0,2019-02-04,252.0,0.3953%,-0.0035,1.3911,1.7441,0.8096,3.5753%,3.9343%,17.4187%,-0.010872,SUP,52396.0,2019-02-05,252.0,0.3937%,-0.0035,1.3999,1.7444,0.8141,3.5750%,3.9324%,17.3506%,0.004108,SUP,52396.0,2019-02-06,252.0,0.1961%,-0.0035,1.3951,1.7458,0.8104,3.5754%,3.9199%,16.8070%,0.004545,SUP,52396.0,2019-02-07,252.0,-5.0881%,-0.0036,1.4038,1.7499,0.8017,3.5823%,3.9304%,16.9294%,-0.038897,SUP,52396.0,2019-02-08,252.0,-3.7113%,-0.0039,1.4099,1.7288,0.8132,3.5819%,3.9292%,16.8957%,-0.03382,SUP,52396.0,2019-02-11,252.0,2.1413%,-0.0039,1.4192,1.7334,0.8206,3.5823%,3.9285%,16.8463%,0.006059,SUP,52396.0,2019-02-12,252.0,1.8868%,-0.0038,1.4333,1.7186,0.8304,3.5802%,3.9305%,17.0340%,0.0005149999999999,SUP,52396.0,2019-02-13,252.0,1.6461%,-0.0037,1.438,1.7165,0.8335,3.5812%,3.9325%,17.0707%,0.010735,SUP,52396.0,2019-02-14,252.0,0.4049%,-0.0036,1.438,1.7209,0.8261,3.5783%,3.9308%,17.1311%,0.002877,SUP,52396.0,2019-02-15,252.0,2.8226%,-0.0035,1.4537,1.7358,0.8526,3.5776%,3.9344%,17.3154%,0.003609,SUP,52396.0,2019-02-19,252.0,5.0980%,-0.0033,1.4605,1.7659,0.886,3.5880%,3.9478%,17.3994%,0.040527,SUP,-0.006764,-0.0022189999999999,-0.041116,-0.068877,-0.010614
33395,SYSCO CORP,Sysco shares are trading higher after the company announced better than expected Q2 EPS and worse than expected sales.,6,increase,0.7,0.5,"the better than expected q2 eps suggests strong profitability, which can drive investor confidence and lead to a higher stock price despite the disappointing sales figures.",2,2019-02-04,SYY,2019-02-04 14:19:00+00:00,52038.0,87182910,0.0482932142913341,9543893.0,-0.0193577576428651,-0.0043852590024471,-0.0003059930168092,0.0151032898575067,-0.0033675373997539,0.0136986672878265,0.0167408436536788,-0.0035330210812389,0.0013595765922218,0.0040309578180313,0.009805423207581,-0.0081560583785176,-0.0061249425634741,-0.0057242903858423,0.0004509060527198,0.0036705960519611,0.0147236082702875,-0.0003190883435308,-0.0078471833840012,0.0070693865418434,0.0050738146528601,-0.0001606156001798,-0.0016332681989297,-0.007493641693145,0.0013385480269789,-0.0036536860279738,-0.001039650873281,-0.0014276673318818,0.0022301743738353,-0.0034776700194925,-0.0044504231773316,0.0124839758500456,0.006556436419487,-0.0047785798087716,0.0004440973862074,0.0158575978130102,-0.0069547384046018,-0.0008083950961008,-0.0078974636271595,0.0078214034438133,-0.0045059034600853,-0.0046736556105315,-0.0061858184635639,-0.0097350878641009,-0.0013663878198713,0.006101494655013,0.0103374933823943,0.0037066808436065,-0.0042130420915782,0.0133921233937144,0.0040797316469252,0.0213511046022176,-0.0049660527147352,-0.0154376523569226,0.0022685101721435,-0.0150436805561184,0.0028670958708971,-0.0263033863157033,-0.0042130420915782,-0.0082785850390791,-0.0116348844021558,-0.002959078643471,0.0076440908014774,-0.0189457274973392,-0.0053103640675544,-0.0080328341573476,0.0097620412707328,0.006559882313013,0.0012084869667887,0.003828483633697,-0.0096559962257742,0.0061633517034351,0.0094455024227499,-0.0018455110257491,0.0075460304506123,-0.0139521649107337,0.0002995303075294,-0.0028730502817779,-0.0067384988069534,-0.0135740404948592,0.0021106495987623,-0.0053412551060318,0.0117346076294779,-0.0020728367380797,0.0041878367774188,0.0103216525167226,0.0014894023770466,0.0234231296926736,-0.0041641700081527,0.0064714662730693,0.0068697594106197,0.0,0.0103827435523271,0.006513618864119,0.0130651695653796,-0.0093715321272611,0.0089841345325112,-0.014086646027863,0.0067499820142984,-0.0055731697939336,0.0077032940462231,0.0025671725161373,0.0049546784721314,-0.0037610952276736,-0.0057754055596888,-0.0058330749161541,-0.0025503018405288,-0.007570166606456,-0.0046875257976353,0.0083820568397641,-0.0099899666383862,0.0037560097407549,-0.0038922338280826,0.0016553892055526,0.0089725432917475,0.031031809747219,0.0093230279162526,-0.0017038509249687,-0.005684261675924,-0.0944031849503517,-0.0193577576428651,-0.0043852590024471,-0.0196578273210146,0.0106517990172454,-0.0229591662520671,0.0244963817558261,-0.0052520786658247,0.0249919258178492,0.0055522608632525,0.0213688624082672,-0.0069027488118387,-0.0007187799762927,0.0560945772911998,-0.1026233715404484,2019-02-05,2019-02-06,2019-02-07,2019-02-08,2019-02-11,2019-02-12,2019-02-13,2019-02-14,2019-02-15,2019-02-19,52038.0,2019-02-04,252.0,4.8293%,0.0003,0.4905,-0.0584,-0.3427,1.2357%,1.4013%,22.2449%,0.043576,SYY,52038.0,2019-02-05,252.0,-1.9358%,0.0002,0.4874,-0.0508,-0.3298,1.2446%,1.4043%,21.4556%,-0.02367,SYY,52038.0,2019-02-06,252.0,-0.0306%,0.0004,0.4131,-0.0269,-0.403,1.2125%,1.3505%,19.3861%,0.000892,SYY,52038.0,2019-02-07,252.0,-0.3368%,0.0003,0.3955,-0.0051,-0.4051,1.1980%,1.3304%,18.9044%,0.001911,SYY,52038.0,2019-02-08,252.0,1.6741%,0.0004,0.3927,0.0085,-0.4079,1.1953%,1.3277%,18.9503%,0.0134919999999999,SYY,52038.0,2019-02-11,252.0,0.1360%,0.0004,0.3818,0.0205,-0.4071,1.1941%,1.3182%,17.9423%,0.001592,SYY,52038.0,2019-02-12,252.0,0.9805%,0.0004,0.3727,0.0346,-0.4143,1.1886%,1.3117%,17.8932%,0.0038169999999999,SYY,52038.0,2019-02-13,252.0,-0.6125%,0.0004,0.3762,0.0257,-0.4176,1.1878%,1.3121%,18.0570%,-0.006999,SYY,52038.0,2019-02-14,252.0,0.0451%,0.0004,0.3765,0.0246,-0.4162,1.1877%,1.3119%,18.0278%,-0.0014149999999999,SYY,52038.0,2019-02-15,252.0,1.4724%,0.0004,0.3889,0.0371,-0.3943,1.1895%,1.3148%,18.1430%,0.012306,SYY,52038.0,2019-02-19,252.0,-0.7847%,0.0004,0.3842,0.0365,-0.3945,1.1890%,1.3116%,17.8271%,-0.007611,SYY,0.0199059999999999,0.0207979999999999,0.0227089999999999,0.037793,0.037891
33403,SYSCO CORP,"Sysco Q2 EPS $0.75 Beats $0.73 Estimate, Sales $14.766B Miss $14.81B Estimate",6,uncertain,0.6,0.2,"while sysco's eps beat estimates, the sales miss could raise concerns among investors, leading to uncertainty in the stock's reaction.",1,2019-02-04,SYY,2019-02-04 13:01:00+00:00,52038.0,87182910,0.0482932142913341,9543893.0,-0.0193577576428651,-0.0043852590024471,-0.0003059930168092,0.0151032898575067,-0.0033675373997539,0.0136986672878265,0.0167408436536788,-0.0035330210812389,0.0013595765922218,0.0040309578180313,0.009805423207581,-0.0081560583785176,-0.0061249425634741,-0.0057242903858423,0.0004509060527198,0.0036705960519611,0.0147236082702875,-0.0003190883435308,-0.0078471833840012,0.0070693865418434,0.0050738146528601,-0.0001606156001798,-0.0016332681989297,-0.007493641693145,0.0013385480269789,-0.0036536860279738,-0.001039650873281,-0.0014276673318818,0.0022301743738353,-0.0034776700194925,-0.0044504231773316,0.0124839758500456,0.006556436419487,-0.0047785798087716,0.0004440973862074,0.0158575978130102,-0.0069547384046018,-0.0008083950961008,-0.0078974636271595,0.0078214034438133,-0.0045059034600853,-0.0046736556105315,-0.0061858184635639,-0.0097350878641009,-0.0013663878198713,0.006101494655013,0.0103374933823943,0.0037066808436065,-0.0042130420915782,0.0133921233937144,0.0040797316469252,0.0213511046022176,-0.0049660527147352,-0.0154376523569226,0.0022685101721435,-0.0150436805561184,0.0028670958708971,-0.0263033863157033,-0.0042130420915782,-0.0082785850390791,-0.0116348844021558,-0.002959078643471,0.0076440908014774,-0.0189457274973392,-0.0053103640675544,-0.0080328341573476,0.0097620412707328,0.006559882313013,0.0012084869667887,0.003828483633697,-0.0096559962257742,0.0061633517034351,0.0094455024227499,-0.0018455110257491,0.0075460304506123,-0.0139521649107337,0.0002995303075294,-0.0028730502817779,-0.0067384988069534,-0.0135740404948592,0.0021106495987623,-0.0053412551060318,0.0117346076294779,-0.0020728367380797,0.0041878367774188,0.0103216525167226,0.0014894023770466,0.0234231296926736,-0.0041641700081527,0.0064714662730693,0.0068697594106197,0.0,0.0103827435523271,0.006513618864119,0.0130651695653796,-0.0093715321272611,0.0089841345325112,-0.014086646027863,0.0067499820142984,-0.0055731697939336,0.0077032940462231,0.0025671725161373,0.0049546784721314,-0.0037610952276736,-0.0057754055596888,-0.0058330749161541,-0.0025503018405288,-0.007570166606456,-0.0046875257976353,0.0083820568397641,-0.0099899666383862,0.0037560097407549,-0.0038922338280826,0.0016553892055526,0.0089725432917475,0.031031809747219,0.0093230279162526,-0.0017038509249687,-0.005684261675924,-0.0944031849503517,-0.0193577576428651,-0.0043852590024471,-0.0196578273210146,0.0106517990172454,-0.0229591662520671,0.0244963817558261,-0.0052520786658247,0.0249919258178492,0.0055522608632525,0.0213688624082672,-0.0069027488118387,-0.0007187799762927,0.0560945772911998,-0.1026233715404484,2019-02-05,2019-02-06,2019-02-07,2019-02-08,2019-02-11,2019-02-12,2019-02-13,2019-02-14,2019-02-15,2019-02-19,52038.0,2019-02-04,252.0,4.8293%,0.0003,0.4905,-0.0584,-0.3427,1.2357%,1.4013%,22.2449%,0.043576,SYY,52038.0,2019-02-05,252.0,-1.9358%,0.0002,0.4874,-0.0508,-0.3298,1.2446%,1.4043%,21.4556%,-0.02367,SYY,52038.0,2019-02-06,252.0,-0.0306%,0.0004,0.4131,-0.0269,-0.403,1.2125%,1.3505%,19.3861%,0.000892,SYY,52038.0,2019-02-07,252.0,-0.3368%,0.0003,0.3955,-0.0051,-0.4051,1.1980%,1.3304%,18.9044%,0.001911,SYY,52038.0,2019-02-08,252.0,1.6741%,0.0004,0.3927,0.0085,-0.4079,1.1953%,1.3277%,18.9503%,0.0134919999999999,SYY,52038.0,2019-02-11,252.0,0.1360%,0.0004,0.3818,0.0205,-0.4071,1.1941%,1.3182%,17.9423%,0.001592,SYY,52038.0,2019-02-12,252.0,0.9805%,0.0004,0.3727,0.0346,-0.4143,1.1886%,1.3117%,17.8932%,0.0038169999999999,SYY,52038.0,2019-02-13,252.0,-0.6125%,0.0004,0.3762,0.0257,-0.4176,1.1878%,1.3121%,18.0570%,-0.006999,SYY,52038.0,2019-02-14,252.0,0.0451%,0.0004,0.3765,0.0246,-0.4162,1.1877%,1.3119%,18.0278%,-0.0014149999999999,SYY,52038.0,2019-02-15,252.0,1.4724%,0.0004,0.3889,0.0371,-0.3943,1.1895%,1.3148%,18.1430%,0.012306,SYY,52038.0,2019-02-19,252.0,-0.7847%,0.0004,0.3842,0.0365,-0.3945,1.1890%,1.3116%,17.8271%,-0.007611,SYY,0.0199059999999999,0.0207979999999999,0.0227089999999999,0.037793,0.037891
33411,TAYLOR MORRISON HOME CORP,Former Arizona Senator Jeff Flake to Join the Taylor Morrison Board of Directors,6,increase,0.7,0.5,"the addition of a former senator to the board may enhance the company's credibility and connections, potentially leading to positive investor sentiment.",2,2019-02-04,TMHC,2019-02-04 11:16:00+00:00,13862.0,87724P10,0.0010553324827924,520178.0,0.0163416657596826,0.0026455633342266,-0.0119295353069901,0.0177705939859151,0.0,0.0075962771661579,-0.0104986280202865,0.0216185897588729,0.0005305160884745,0.0027793855406343,0.0477200224995613,0.0027870254125446,-0.043522298336029,0.0251428876072168,-0.0216931141912937,0.0198135282844305,-0.0205516051501035,-0.0211067218333482,0.0038652508519589,-0.0212171506136655,-0.0121012767776846,-0.0005580484867095,0.0133631229400634,-0.0132158463820815,0.0021977475844323,0.0139586823061108,-0.0230263210833072,-0.0170142408460378,-0.0387205705046653,-0.0140692768618464,-0.0093403300270438,-0.0080515099689364,-0.0117854364216327,0.0185892954468727,-0.0196779910475015,0.0138580920174717,0.0145985260605812,0.0373778939247131,-0.0035970902536064,0.0507552996277809,-0.029482651501894,0.004247554577887,0.0291383285075426,0.0364779829978942,0.011445814743638,-0.0062500238418579,0.034544363617897,0.0107391076162457,0.0080598378553986,0.0057179257273674,0.006282159127295,0.0348454788327217,-0.0028377491980791,-0.0281149893999099,0.00626070657745,-0.0410539284348487,0.0067872698418796,-0.0097087286412715,-0.0342695899307727,-0.0172928385436534,-0.0127982087433338,0.0066026779823005,0.0282852966338396,0.0078644379973411,-0.0103152031078934,-0.0054151713848114,0.0330051928758621,-0.0012018360430374,-0.0095291519537568,0.0214854795485734,0.0373514331877231,0.0,-0.0098199835047125,-0.0479251705110073,-0.022038547322154,0.0029308996163308,0.0033802515827119,0.0258569046854972,-0.0168444272130727,-0.0314502567052841,-0.0057110441848635,0.0153755312785506,0.0321653932332992,-0.0017709968378767,0.0267112664878368,-0.0076156510040163,0.0086720781400799,0.0295536648482084,-0.0053734756074845,0.003631928935647,0.0156671535223722,-0.0160810276865959,0.0132978726178407,0.0078031853772699,-0.0052492637187242,0.0412499904632568,0.0073878304101526,-0.0024938224814832,0.006809804122895,0.0100756175816059,0.0088449576869606,0.0338541977107524,0.0087674101814627,-0.0506798923015594,-0.025051113218069,-0.0012345961295068,0.0178290586918592,0.0068365824408829,0.0020608406048268,0.0031171592418104,-0.0308483466506004,0.0037547794636338,-0.0005305160884745,-0.023227447643876,0.0063693700358271,0.0055316626094281,0.0210971273481845,-0.0151331713423132,0.0655990988016128,0.0116350604221224,0.0163416657596826,0.0026455633342266,0.0042171819740373,0.0204631705520184,0.0042171819740373,0.0282148916333877,-0.0057985604792011,0.0533630348889753,-0.0416446505252648,0.0580681682056223,-0.0938323070410868,0.1299940501887395,0.0875065878941891,0.1604409574958729,2019-02-05,2019-02-06,2019-02-07,2019-02-08,2019-02-11,2019-02-12,2019-02-13,2019-02-14,2019-02-15,2019-02-19,13862.0,2019-02-04,252.0,0.1055%,-0.0009,0.9699,0.9234,0.5341,1.6844%,2.0034%,29.3090%,-0.008035,TMHC,13862.0,2019-02-05,252.0,1.6342%,-0.0008,0.9591,0.9135,0.5107,1.6860%,1.9950%,28.5802%,0.0160149999999999,TMHC,13862.0,2019-02-06,252.0,-1.1930%,-0.0008,0.9451,0.9182,0.4956,1.6862%,1.9779%,27.3251%,-0.0101859999999999,TMHC,13862.0,2019-02-07,252.0,0.0000%,-0.0008,0.9314,0.932,0.496,1.6824%,1.9689%,26.9883%,0.007951,TMHC,13862.0,2019-02-08,252.0,-1.0499%,-0.001,0.9335,0.9091,0.4896,1.6743%,1.9610%,27.1009%,-0.00848,TMHC,13862.0,2019-02-11,252.0,0.0531%,-0.0009,0.9129,0.9191,0.4843,1.6723%,1.9455%,26.1191%,-0.008003,TMHC,13862.0,2019-02-12,252.0,4.7720%,-0.0007,0.9408,0.9102,0.5001,1.6855%,1.9689%,26.7154%,0.035844,TMHC,13862.0,2019-02-13,252.0,-4.3522%,-0.0009,0.9383,0.8956,0.4862,1.7096%,1.9873%,26.0011%,-0.047153,TMHC,13862.0,2019-02-14,252.0,-2.1693%,-0.0009,0.9432,0.8843,0.4986,1.7145%,1.9917%,25.8932%,-0.02166,TMHC,13862.0,2019-02-15,252.0,-2.0552%,-0.0011,0.9155,0.8557,0.4487,1.7280%,1.9896%,24.5696%,-0.035914,TMHC,13862.0,2019-02-19,252.0,0.3865%,-0.0011,0.9201,0.8486,0.4404,1.7254%,1.9892%,24.7668%,-0.001802,TMHC,0.0079799999999999,-0.002206,0.0057449999999999,-0.010738,-0.081423
33419,TRANSCAT INC,"Transcat Q3 EPS $0.21 Misses $0.27 Estimate, Sales $40.868M Miss $43.48M Estimate",6,decrease,0.8,0.6,"the company reported earnings and sales that missed analyst estimates, which typically leads to a negative reaction in stock prices.",0,2019-02-04,TRNS,2019-02-04 21:30:00+00:00,76946.0,89352910,0.0318279489874839,18144.0,-0.0200083181262016,0.0379464477300643,0.0131858559325337,0.0195721574127674,0.0117548564448952,-0.0013636675430461,-0.0095435492694377,0.0045662275515496,-0.0427314788103103,0.0214551798999309,0.0503282099962234,-0.0092420913279056,0.0150000257417559,-0.016363663598895,-0.0147783495485782,0.0138248493894934,0.0033333301544189,-0.0027573283296078,-0.0091361841186881,0.0088085550814867,-0.0016764842439442,-0.022655189037323,-0.0025188692379742,0.0467157065868377,-0.0063131153583526,0.0146774966269731,-0.036425270140171,-0.0303312931209802,0.0017582819564267,0.024868506938219,0.0048266211524605,0.0555275306105613,0.004366829060018,-0.0045226207002997,0.0,-0.0116712497547268,0.0156522002071142,0.0384219102561473,-0.0025685518048703,0.0077962381765246,-0.00515016913414,-0.0118130221962928,-0.0021570811513811,0.0236592460423708,0.0030264421366155,0.0485116355121135,-0.0021552217658609,-0.0189291723072528,-0.0250539928674697,-0.0164893344044685,0.0186087768524885,0.0,-0.0104393111541867,-0.0068674627691507,0.0096702994778752,0.0288043860346078,0.015672642737627,-0.0436590537428855,-0.0030004156287759,0.0126315671950578,-0.0004299324355088,-0.0114463744685053,0.0025806222110986,-0.0067184013314545,0.009009052067995,-0.0137614905834198,-0.0008503595599904,-0.0170339811593294,-0.022127678617835,-0.0329457521438598,-0.0165360830724239,-0.0105465585365891,0.0053096869960427,0.0175610054284334,0.0114436727017164,-0.0024330529849976,-0.0056570568121969,-0.0019427350489422,0.0017505036666989,-0.0077108358964324,0.0126693286001682,0.0009648074628785,0.0185504872351884,-0.0067082555033266,0.0114357704296708,0.0326571874320507,-0.0117252422496676,0.0104999542236328,0.0088982665911316,-0.0123456791043281,-0.0004200012190267,0.0,0.0130252679809927,-0.0169903095811605,0.0037328971084207,0.0083210999146103,-0.0185950715094804,-0.002441368997097,0.0021052309311926,0.0343434512615203,0.0063025853596627,-0.0317849144339561,0.0104384133592248,-0.0024389871396124,0.0016528514679521,-0.0228789113461971,0.0107260821387171,-0.0154856843873858,-0.00653060618788,-0.0448229499161243,0.0016433446435257,0.0333487391471862,0.004922101739794,-0.0186363570392131,0.0102040814235806,-0.0265486892312765,-0.0686869025230407,-0.0048436243087053,0.0394793860614299,-0.0121792387217283,-0.0200083181262016,0.0379464477300643,-0.0070862889939322,0.05826129899106,0.0045852691411123,0.056818182405564,-0.047519774119872,0.0844216145994387,-0.0054188882288788,0.0778859687059161,-0.0304293274720105,0.2236842055525139,-0.0012505540174878,0.0113092677356367,2019-02-05,2019-02-06,2019-02-07,2019-02-08,2019-02-11,2019-02-12,2019-02-13,2019-02-14,2019-02-15,2019-02-19,76946.0,2019-02-04,252.0,3.1828%,0.0019,0.255,0.4492,0.1193,2.1845%,2.2114%,2.4193%,0.0284169999999999,TRNS,76946.0,2019-02-05,252.0,-2.0008%,0.0018,0.2613,0.4593,0.1413,2.1884%,2.2157%,2.4490%,-0.02013,TRNS,76946.0,2019-02-06,252.0,1.3186%,0.0018,0.2598,0.4596,0.1415,2.1897%,2.2162%,2.3833%,0.013608,TRNS,76946.0,2019-02-07,252.0,1.1755%,0.0019,0.2681,0.4437,0.1462,2.1875%,2.2142%,2.3978%,0.014117,TRNS,76946.0,2019-02-08,252.0,-0.9544%,0.002,0.2696,0.4586,0.1624,2.1869%,2.2142%,2.4436%,-0.009098,TRNS,76946.0,2019-02-11,252.0,-4.2731%,0.0018,0.2432,0.4179,0.1265,2.2065%,2.2291%,2.0142%,-0.046609,TRNS,76946.0,2019-02-12,252.0,5.0328%,0.0018,0.2433,0.4508,0.1207,2.2102%,2.2347%,2.1780%,0.047052,TRNS,76946.0,2019-02-13,252.0,1.5000%,0.0019,0.2442,0.4542,0.1242,2.2115%,2.2361%,2.1918%,0.013864,TRNS,76946.0,2019-02-14,252.0,-1.4778%,0.0018,0.2484,0.4445,0.1347,2.2143%,2.2386%,2.1596%,-0.016007,TRNS,76946.0,2019-02-15,252.0,0.3333%,0.0018,0.2565,0.4514,0.1473,2.2130%,2.2382%,2.2388%,-0.001332,TRNS,76946.0,2019-02-19,252.0,-0.9136%,0.0018,0.2574,0.4382,0.1324,2.2134%,2.2384%,2.2231%,-0.0114749999999999,TRNS,0.008287,0.0218949999999999,0.0360119999999999,-0.019695,0.0124069999999999
33427,UNIFI INC,"Unifi Q2 EPS $0.06 Beats $(0.06) Estimate, Sales $167.711M Beat $166.83M Estimate",6,increase,0.8,0.7,"the company reported better-than-expected earnings and sales, which typically boosts investor confidence and can lead to an increase in stock price.",2,2019-02-04,UFI,2019-02-04 11:11:00+00:00,78044.0,90467720,-0.0468607284128665,171775.0,-0.0052506257779896,0.0275829900056123,0.0062379636801779,0.0516223795711994,0.0119217932224273,-0.0396600626409053,0.03864286839962,-0.0051667732186615,0.0344826802611351,-0.0051401262171566,0.0118421260267496,-0.0023310557007789,0.0151712344959378,0.0051546678878366,-0.0230572558939456,0.0137767661362886,0.0087412921711802,-0.0070755435153841,-0.0051993429660797,0.005692639388144,0.0087108351290225,0.0198355037719011,-0.0133851235732436,0.0102639785036444,-0.0052516777068376,0.0240240022540092,0.0013198718661442,-0.1975903660058975,0.0193321853876113,0.0105519574135541,-0.0275862626731395,0.0098360562697052,-0.0195034854114055,-0.0004096775373909,0.0171789843589067,0.0037006642669439,-0.0186666697263717,0.0012350258184596,0.0235507450997829,0.0180218052119016,-0.0300885085016489,0.0076013640500605,-0.015510955825448,0.036777589470148,0.0037071327678859,0.0187332779169082,0.0027700585778802,0.0298575833439827,-0.0110497139394283,-0.0362992323935031,0.0041899513453245,0.0414937585592269,-0.0143717881292104,0.0018476173281669,-0.0084666181355714,-0.0676141157746315,0.0028462745249271,0.0108837615698576,-0.0146641191095113,-0.0192143786698579,0.0139222713187336,0.002568470314145,-0.012310616672039,0.0,-0.1212847828865051,-0.0072248224169015,0.0005455662030726,-0.0300906654447317,0.0245365742594003,0.0104123279452323,0.0191590581089258,-0.0086704827845096,0.0156658571213483,-0.0229932069778442,-0.0051414077170193,-0.0186064653098583,0.0160206444561481,-0.0148205608129501,-0.0127161750569939,-0.0703408494591713,0.0046367929317057,-0.0068419347517192,0.0302564185112714,-0.0017972406931221,-0.0099552394822239,0.0046948054805397,-0.00955247040838,-0.0043149562552571,-0.0076142903417348,-0.0131299085915088,-0.0148337092250585,0.0390855260193347,0.0098650325089693,0.0018471054499968,0.0010282030561938,0.0134781217202544,0.0159220024943351,-0.0201761238276958,-0.0015167181845754,0.0085090463981032,0.0111392056569457,-0.000739317969419,-0.0060089603066444,0.0018518236465752,-0.0377833731472492,0.0,0.0314136333763599,0.0138941360637545,0.0030456581152975,0.005284990184009,-0.0131579060107469,-0.0063765970990061,0.0128205129876732,-0.0111275687813758,0.0177215375006198,0.0108736036345362,0.004975143354386,0.0048982352018356,-0.0321782939136028,0.0056840293109416,-0.0052506257779896,0.0275829900056123,0.0009545846892868,0.0806292691565901,0.0128877582729931,0.0377714446502439,0.0883054140664583,0.027102799728333,0.0959426370451204,0.0426944782055087,-0.0057279638649733,-0.061485929698154,-0.066825841503864,-0.1671087522526546,2019-02-05,2019-02-06,2019-02-07,2019-02-08,2019-02-11,2019-02-12,2019-02-13,2019-02-14,2019-02-15,2019-02-19,78044.0,2019-02-04,252.0,-4.6861%,-0.0018,0.7907,1.5376,0.4865,2.1061%,2.3740%,21.2973%,-0.05808,UFI,78044.0,2019-02-05,252.0,-0.5251%,-0.0018,0.7984,1.5412,0.4969,2.1054%,2.3735%,21.3109%,-0.004602,UFI,78044.0,2019-02-06,252.0,0.6238%,-0.0018,0.805,1.5389,0.5047,2.1061%,2.3710%,21.0964%,0.007701,UFI,78044.0,2019-02-07,252.0,1.1922%,-0.0017,0.7977,1.5392,0.5096,2.1102%,2.3721%,20.8590%,0.019341,UFI,78044.0,2019-02-08,252.0,3.8643%,-0.0017,0.7911,1.5058,0.46,2.1207%,2.3772%,20.4147%,0.040572,UFI,78044.0,2019-02-11,252.0,3.4483%,-0.0015,0.7685,1.5597,0.4773,2.1218%,2.3778%,20.3714%,0.022279,UFI,78044.0,2019-02-12,252.0,1.1842%,-0.0016,0.7581,1.5755,0.4692,2.1178%,2.3749%,20.4771%,0.00179,UFI,78044.0,2019-02-13,252.0,1.5171%,-0.0014,0.7778,1.5476,0.4674,2.1053%,2.3657%,20.8021%,0.011675,UFI,78044.0,2019-02-14,252.0,-2.3057%,-0.0015,0.7832,1.5334,0.4839,2.1106%,2.3686%,20.5991%,-0.02686,UFI,78044.0,2019-02-15,252.0,0.8741%,-0.0015,0.7837,1.5334,0.4841,2.1106%,2.3679%,20.5497%,-0.0063649999999999,UFI,78044.0,2019-02-19,252.0,-0.5199%,-0.0016,0.7799,1.5287,0.4792,2.1116%,2.3673%,20.4405%,-0.0126869999999999,UFI,-0.062682,-0.054981,-0.03564,0.0272109999999999,-0.005236
33435,ULTA BEAUTY INC,Ulta Shares Down 1.4%; Credit Suisse Recently Dismissed A Concern Following A 20%-Off Coupon Issued By The Co. Saturday; The Firm Noted Its Belief 20%-Off Coupon Was Not Unplanned And Did Not Suggest New Downside Risk To Q4 Estimates,6,decrease,0.7,0.3,"the slight decline in shares suggests market concern, despite credit suisse's dismissal of risks, indicating a potential negative sentiment among investors.",0,2019-02-04,ULTA,2019-02-04 19:25:00+00:00,92322.0,90384S30,-0.0079625789076089,765040.0,0.0172986425459384,-0.0019184298580512,-0.0020065172575414,0.0115038370713591,0.0006474780384451,-0.0007617243099957,0.0082413256168365,-0.0050295973196625,0.0068905241787433,-0.0015134921995922,0.0147601263597607,0.009479533880949,0.0047934288159012,-0.0007287368644028,0.003454475197941,-0.0022502818610519,0.004458968527615,-0.0090908883139491,-0.0055816411040723,0.0267700105905532,0.0054488880559802,0.0067018335685133,0.0055825519375503,0.0126396622508764,0.0087657049298286,0.0130592808127403,-0.0053746569901704,-0.0324169918894767,0.0030739759095013,0.0255567505955696,-0.0093226274475455,-0.014794279821217,0.0175181701779365,0.0188043564558029,0.0089922798797488,0.0184501837939024,-0.0120519753545522,0.0626200884580612,0.0023755705915391,0.0479536429047584,0.0008647820213809,-0.0185909606516361,-0.0225912686437368,0.0127838794142007,0.0030774346087127,0.022509915754199,0.0109663670882582,-0.0116399358958005,0.0053591723553836,0.0002890475734602,0.0129411341622471,0.0573648810386657,-0.0092885894700884,-0.0062042078934609,0.0828773230314254,-0.015042046085,0.0112585248425602,-0.0218200106173753,-0.0227046608924865,-0.006973591633141,-0.0109433503821492,-0.0042983810417354,0.0131200952455401,-0.0198501478880643,-0.0137559026479721,-0.0185671038925647,0.0186071172356605,-0.0142268845811486,0.0185047090053558,0.0294117368757724,0.009186333976686,-0.0129032470285892,-0.0023695328272879,-0.0132431918755173,0.0101381679996848,-0.1312645375728607,0.0109539665281772,0.0061484854668378,-0.014891505241394,-0.0501157827675342,0.0093003483489155,0.0292151570320129,-0.0011125556193292,-0.0085893617942929,0.0099674137309193,0.0177203360944986,0.0023753535933792,-0.0056934002786874,-0.0176883488893508,-0.014214071445167,0.0059735397808253,-0.0072861067019402,-0.0001712845696602,-0.0014485199935734,-0.0153903681784868,0.0053617362864315,0.0264188628643751,-0.0355591922998428,0.0032208401244133,-0.0008929671603254,-0.0021122002508491,0.0056123919785022,-0.0097366347908973,-0.0042155249975621,-0.0098894238471984,-0.0035640257410705,0.0121470345184207,0.0170232374221086,0.0119727877900004,0.0028235593345016,-0.0060138944536447,0.0119215901941061,0.0119875324890017,0.0481221973896026,-0.019668124616146,-0.0043867123313248,-0.0054715955629944,0.0233577787876129,-0.0402315557003021,0.0112785687670111,0.0172986425459384,-0.0019184298580512,0.0152574152635966,0.009563337908788,0.0159147721433483,0.0087943289718224,0.031345132686976,0.0022013765718398,0.0540063126947829,0.0262768271439326,0.1571062872999149,0.2094142256043536,0.1588015216456568,0.0333746231023763,2019-02-05,2019-02-06,2019-02-07,2019-02-08,2019-02-11,2019-02-12,2019-02-13,2019-02-14,2019-02-15,2019-02-19,92322.0,2019-02-04,252.0,-0.7963%,0.0013,0.8419,0.2763,0.0098,1.8808%,2.1117%,20.6736%,-0.0155,ULTA,92322.0,2019-02-05,252.0,1.7299%,0.0013,0.8565,0.2768,0.0173,1.8794%,2.1141%,20.9688%,0.0138579999999999,ULTA,92322.0,2019-02-06,252.0,-0.2007%,0.0013,0.8594,0.2759,0.0199,1.8794%,2.1052%,20.2973%,-0.000207,ULTA,92322.0,2019-02-07,252.0,0.0647%,0.0012,0.8504,0.2841,0.0207,1.8785%,2.0993%,19.9356%,0.008821,ULTA,92322.0,2019-02-08,252.0,0.8241%,0.0013,0.8493,0.2845,0.0163,1.8788%,2.0996%,19.9286%,0.007377,ULTA,92322.0,2019-02-11,252.0,0.6891%,0.0013,0.8316,0.3046,0.0179,1.8768%,2.0826%,18.7876%,0.003686,ULTA,92322.0,2019-02-12,252.0,1.4760%,0.0012,0.8125,0.3305,0.0035,1.8641%,2.0659%,18.5822%,0.003319,ULTA,92322.0,2019-02-13,252.0,0.4793%,0.0014,0.8368,0.2899,-0.0035,1.8342%,2.0480%,19.7875%,0.002218,ULTA,92322.0,2019-02-14,252.0,0.3454%,0.0015,0.8374,0.2917,-0.0074,1.8311%,2.0460%,19.9052%,0.003584,ULTA,92322.0,2019-02-15,252.0,0.4459%,0.0015,0.8452,0.2979,0.0042,1.8291%,2.0460%,20.0776%,-0.005797,ULTA,92322.0,2019-02-19,252.0,-0.5582%,0.0016,0.851,0.281,-0.0153,1.8234%,2.0443%,20.4446%,-0.008164,ULTA,-0.001642,-0.001849,0.006972,0.018035,0.013195
33443,VALE S A,"RBC Lowers Vale Price Target After 'Enormous Tragedy' In Brazil, Anticipates $10B Liability",6,decrease,0.85,0.7,"the lowering of the price target and the anticipation of a significant liability suggest negative sentiment and potential financial strain on vale s a, likely leading to a decrease in stock price.",0,2019-02-04,VALE,2019-02-04 19:56:00+00:00,89330.0,91912E10,-0.0334128960967063,59850103.0,-0.003292178036645,0.0104501703754067,-0.0619322881102562,-0.011914262548089,-0.0167253147810697,0.0966899544000625,0.0196956377476453,0.024999976158142,-0.0149253793060779,-0.1800878494977951,0.0561497397720813,-0.0807536914944648,0.0126581955701112,0.007457603700459,0.011666695587337,0.0207612589001655,0.0156507063657045,-0.0109513932839036,-0.0113544482737779,0.0096751479431986,0.0032813751604408,0.0255138631910085,-0.0163532141596078,0.0035561334807425,0.039069015532732,-0.0049539767205715,0.0040000150911509,0.001417466904968,-0.0023904170375317,-0.0201388876885175,-0.002396220806986,-0.0075810207054018,-0.0008006588323041,0.032005675137043,-0.0072114747017621,0.0166305489838123,0.002421285957098,-0.0135521059855818,0.0193236526101827,0.0927514061331749,-0.0134281264618039,-0.0475130155682563,0.0088070947676897,0.0212282557040453,-0.0007936689071357,0.013056768104434,0.0317712165415287,0.0023095216602087,0.0046189702115952,-0.0061208819970488,0.0176244862377643,0.0373015329241752,-0.0097891651093959,-0.023255756124854,0.003802296007052,-0.0030911872163414,0.0060606002807617,0.01649646833539,0.0316265113651752,-0.0348749086260795,-0.0153284696862101,0.012279343791306,-0.0022238497622311,0.0054012108594179,-0.0475483164191246,-0.006134963594377,0.0031201220117509,0.0015360601246356,0.012441742233932,0.0007686570752412,-0.0268817488104105,0.0116641195490956,-0.0031570608261972,-0.0213090311735868,0.0340459458529949,-0.0288247894495725,0.0398161932826042,-0.0051471064798533,-0.0081001222133636,-0.0340908765792846,-0.0096510844305157,0.0277372356504201,0.0097451359033584,0.0170749463140964,-0.0059391180984675,-0.0036982388701289,0.0321134701371192,0.0488751046359539,-0.0180897247046232,0.010980418883264,-0.0007368662627413,-0.0384615547955036,-0.0117994686588645,-0.0759581997990608,-0.011940287426114,0.0199005473405122,0.0030211452394723,-0.0441576465964317,0.0218373462557792,-0.0167000666260719,-0.0221075341105461,0.0026791668497025,0.003767839865759,0.02752928994596,-0.0195194650441408,-0.0047945650294423,0.0084226382896304,0.0096819046884775,-0.0463173612952232,-0.0095890639349818,0.0095541309565305,-0.0375741384923458,0.011040961369872,-0.0097910976037383,-0.0031201220117509,0.0019620491657406,0.0,-0.0071428348310291,-0.0312988758087158,-0.0032362584024667,-0.003292178036645,0.0104501703754067,-0.0650205740282254,-0.0015885982462071,-0.0806583992414272,0.0949477546618695,-0.0765431563384151,-0.0797950289866059,0.0032921795953317,-0.1313061846047601,0.1275720361526455,-0.0470052965957203,0.0189300866185591,-0.1864077746019399,2019-02-05,2019-02-06,2019-02-07,2019-02-08,2019-02-11,2019-02-12,2019-02-13,2019-02-14,2019-02-15,2019-02-19,89330.0,2019-02-04,252.0,-3.3413%,0.0004,1.2071,-0.197,0.2586,2.4160%,2.7544%,23.0648%,-0.040271,VALE,89330.0,2019-02-05,252.0,-0.3292%,0.0004,1.1875,-0.2011,0.2423,2.4122%,2.7372%,22.3373%,-0.007189,VALE,89330.0,2019-02-06,252.0,-6.1932%,0.0,1.2581,-0.2227,0.3037,2.4283%,2.7642%,22.8255%,-0.0596089999999999,VALE,89330.0,2019-02-07,252.0,-1.6725%,-0.0001,1.2409,-0.1979,0.2993,2.4199%,2.7451%,22.2893%,-0.006599,VALE,89330.0,2019-02-08,252.0,1.9696%,0.0001,1.2368,-0.183,0.2915,2.4195%,2.7427%,22.1774%,0.0206429999999999,VALE,89330.0,2019-02-11,252.0,-1.4925%,-0.0001,1.2574,-0.2246,0.2798,2.4188%,2.7388%,21.9994%,-0.01622,VALE,89330.0,2019-02-12,252.0,5.6150%,-0.0,1.2632,-0.2031,0.2789,2.4262%,2.7472%,22.0044%,0.039469,VALE,89330.0,2019-02-13,252.0,1.2658%,0.0,1.2668,-0.2056,0.2806,2.4267%,2.7473%,21.9775%,0.008948,VALE,89330.0,2019-02-14,252.0,1.1667%,0.0,1.262,-0.1969,0.2724,2.4278%,2.7466%,21.8649%,0.0169239999999999,VALE,89330.0,2019-02-15,252.0,1.5651%,-0.0001,1.2332,-0.2227,0.2257,2.4175%,2.7264%,21.3732%,0.000474,VALE,89330.0,2019-02-19,252.0,-1.1354%,-0.0002,1.2318,-0.2331,0.2141,2.4189%,2.7267%,21.3019%,-0.013829,VALE,-0.04746,-0.107069,-0.1136679999999999,-0.109245,-0.057259
33451,VALE S A,"Trading Of Vale Shares Suspended In Sao Paulo, After Falling 4.6 Percent To Session Low",6,decrease,0.8,0.7,the suspension of trading after a significant drop in share price typically indicates negative sentiment and may lead to further declines once trading resumes.,0,2019-02-04,VALE,2019-02-04 17:34:00+00:00,89330.0,91912E10,-0.0334128960967063,59850103.0,-0.003292178036645,0.0104501703754067,-0.0619322881102562,-0.011914262548089,-0.0167253147810697,0.0966899544000625,0.0196956377476453,0.024999976158142,-0.0149253793060779,-0.1800878494977951,0.0561497397720813,-0.0807536914944648,0.0126581955701112,0.007457603700459,0.011666695587337,0.0207612589001655,0.0156507063657045,-0.0109513932839036,-0.0113544482737779,0.0096751479431986,0.0032813751604408,0.0255138631910085,-0.0163532141596078,0.0035561334807425,0.039069015532732,-0.0049539767205715,0.0040000150911509,0.001417466904968,-0.0023904170375317,-0.0201388876885175,-0.002396220806986,-0.0075810207054018,-0.0008006588323041,0.032005675137043,-0.0072114747017621,0.0166305489838123,0.002421285957098,-0.0135521059855818,0.0193236526101827,0.0927514061331749,-0.0134281264618039,-0.0475130155682563,0.0088070947676897,0.0212282557040453,-0.0007936689071357,0.013056768104434,0.0317712165415287,0.0023095216602087,0.0046189702115952,-0.0061208819970488,0.0176244862377643,0.0373015329241752,-0.0097891651093959,-0.023255756124854,0.003802296007052,-0.0030911872163414,0.0060606002807617,0.01649646833539,0.0316265113651752,-0.0348749086260795,-0.0153284696862101,0.012279343791306,-0.0022238497622311,0.0054012108594179,-0.0475483164191246,-0.006134963594377,0.0031201220117509,0.0015360601246356,0.012441742233932,0.0007686570752412,-0.0268817488104105,0.0116641195490956,-0.0031570608261972,-0.0213090311735868,0.0340459458529949,-0.0288247894495725,0.0398161932826042,-0.0051471064798533,-0.0081001222133636,-0.0340908765792846,-0.0096510844305157,0.0277372356504201,0.0097451359033584,0.0170749463140964,-0.0059391180984675,-0.0036982388701289,0.0321134701371192,0.0488751046359539,-0.0180897247046232,0.010980418883264,-0.0007368662627413,-0.0384615547955036,-0.0117994686588645,-0.0759581997990608,-0.011940287426114,0.0199005473405122,0.0030211452394723,-0.0441576465964317,0.0218373462557792,-0.0167000666260719,-0.0221075341105461,0.0026791668497025,0.003767839865759,0.02752928994596,-0.0195194650441408,-0.0047945650294423,0.0084226382896304,0.0096819046884775,-0.0463173612952232,-0.0095890639349818,0.0095541309565305,-0.0375741384923458,0.011040961369872,-0.0097910976037383,-0.0031201220117509,0.0019620491657406,0.0,-0.0071428348310291,-0.0312988758087158,-0.0032362584024667,-0.003292178036645,0.0104501703754067,-0.0650205740282254,-0.0015885982462071,-0.0806583992414272,0.0949477546618695,-0.0765431563384151,-0.0797950289866059,0.0032921795953317,-0.1313061846047601,0.1275720361526455,-0.0470052965957203,0.0189300866185591,-0.1864077746019399,2019-02-05,2019-02-06,2019-02-07,2019-02-08,2019-02-11,2019-02-12,2019-02-13,2019-02-14,2019-02-15,2019-02-19,89330.0,2019-02-04,252.0,-3.3413%,0.0004,1.2071,-0.197,0.2586,2.4160%,2.7544%,23.0648%,-0.040271,VALE,89330.0,2019-02-05,252.0,-0.3292%,0.0004,1.1875,-0.2011,0.2423,2.4122%,2.7372%,22.3373%,-0.007189,VALE,89330.0,2019-02-06,252.0,-6.1932%,0.0,1.2581,-0.2227,0.3037,2.4283%,2.7642%,22.8255%,-0.0596089999999999,VALE,89330.0,2019-02-07,252.0,-1.6725%,-0.0001,1.2409,-0.1979,0.2993,2.4199%,2.7451%,22.2893%,-0.006599,VALE,89330.0,2019-02-08,252.0,1.9696%,0.0001,1.2368,-0.183,0.2915,2.4195%,2.7427%,22.1774%,0.0206429999999999,VALE,89330.0,2019-02-11,252.0,-1.4925%,-0.0001,1.2574,-0.2246,0.2798,2.4188%,2.7388%,21.9994%,-0.01622,VALE,89330.0,2019-02-12,252.0,5.6150%,-0.0,1.2632,-0.2031,0.2789,2.4262%,2.7472%,22.0044%,0.039469,VALE,89330.0,2019-02-13,252.0,1.2658%,0.0,1.2668,-0.2056,0.2806,2.4267%,2.7473%,21.9775%,0.008948,VALE,89330.0,2019-02-14,252.0,1.1667%,0.0,1.262,-0.1969,0.2724,2.4278%,2.7466%,21.8649%,0.0169239999999999,VALE,89330.0,2019-02-15,252.0,1.5651%,-0.0001,1.2332,-0.2227,0.2257,2.4175%,2.7264%,21.3732%,0.000474,VALE,89330.0,2019-02-19,252.0,-1.1354%,-0.0002,1.2318,-0.2331,0.2141,2.4189%,2.7267%,21.3019%,-0.013829,VALE,-0.04746,-0.107069,-0.1136679999999999,-0.109245,-0.057259
33459,VALE S A,Vale Says Court Order Blocks Use Of Eight Mining Dams,6,decrease,0.8,0.7,"the court order blocking the use of eight mining dams could lead to operational disruptions and increased costs for vale s a, negatively impacting investor sentiment and stock price.",0,2019-02-04,VALE,2019-02-04 17:27:00+00:00,89330.0,91912E10,-0.0334128960967063,59850103.0,-0.003292178036645,0.0104501703754067,-0.0619322881102562,-0.011914262548089,-0.0167253147810697,0.0966899544000625,0.0196956377476453,0.024999976158142,-0.0149253793060779,-0.1800878494977951,0.0561497397720813,-0.0807536914944648,0.0126581955701112,0.007457603700459,0.011666695587337,0.0207612589001655,0.0156507063657045,-0.0109513932839036,-0.0113544482737779,0.0096751479431986,0.0032813751604408,0.0255138631910085,-0.0163532141596078,0.0035561334807425,0.039069015532732,-0.0049539767205715,0.0040000150911509,0.001417466904968,-0.0023904170375317,-0.0201388876885175,-0.002396220806986,-0.0075810207054018,-0.0008006588323041,0.032005675137043,-0.0072114747017621,0.0166305489838123,0.002421285957098,-0.0135521059855818,0.0193236526101827,0.0927514061331749,-0.0134281264618039,-0.0475130155682563,0.0088070947676897,0.0212282557040453,-0.0007936689071357,0.013056768104434,0.0317712165415287,0.0023095216602087,0.0046189702115952,-0.0061208819970488,0.0176244862377643,0.0373015329241752,-0.0097891651093959,-0.023255756124854,0.003802296007052,-0.0030911872163414,0.0060606002807617,0.01649646833539,0.0316265113651752,-0.0348749086260795,-0.0153284696862101,0.012279343791306,-0.0022238497622311,0.0054012108594179,-0.0475483164191246,-0.006134963594377,0.0031201220117509,0.0015360601246356,0.012441742233932,0.0007686570752412,-0.0268817488104105,0.0116641195490956,-0.0031570608261972,-0.0213090311735868,0.0340459458529949,-0.0288247894495725,0.0398161932826042,-0.0051471064798533,-0.0081001222133636,-0.0340908765792846,-0.0096510844305157,0.0277372356504201,0.0097451359033584,0.0170749463140964,-0.0059391180984675,-0.0036982388701289,0.0321134701371192,0.0488751046359539,-0.0180897247046232,0.010980418883264,-0.0007368662627413,-0.0384615547955036,-0.0117994686588645,-0.0759581997990608,-0.011940287426114,0.0199005473405122,0.0030211452394723,-0.0441576465964317,0.0218373462557792,-0.0167000666260719,-0.0221075341105461,0.0026791668497025,0.003767839865759,0.02752928994596,-0.0195194650441408,-0.0047945650294423,0.0084226382896304,0.0096819046884775,-0.0463173612952232,-0.0095890639349818,0.0095541309565305,-0.0375741384923458,0.011040961369872,-0.0097910976037383,-0.0031201220117509,0.0019620491657406,0.0,-0.0071428348310291,-0.0312988758087158,-0.0032362584024667,-0.003292178036645,0.0104501703754067,-0.0650205740282254,-0.0015885982462071,-0.0806583992414272,0.0949477546618695,-0.0765431563384151,-0.0797950289866059,0.0032921795953317,-0.1313061846047601,0.1275720361526455,-0.0470052965957203,0.0189300866185591,-0.1864077746019399,2019-02-05,2019-02-06,2019-02-07,2019-02-08,2019-02-11,2019-02-12,2019-02-13,2019-02-14,2019-02-15,2019-02-19,89330.0,2019-02-04,252.0,-3.3413%,0.0004,1.2071,-0.197,0.2586,2.4160%,2.7544%,23.0648%,-0.040271,VALE,89330.0,2019-02-05,252.0,-0.3292%,0.0004,1.1875,-0.2011,0.2423,2.4122%,2.7372%,22.3373%,-0.007189,VALE,89330.0,2019-02-06,252.0,-6.1932%,0.0,1.2581,-0.2227,0.3037,2.4283%,2.7642%,22.8255%,-0.0596089999999999,VALE,89330.0,2019-02-07,252.0,-1.6725%,-0.0001,1.2409,-0.1979,0.2993,2.4199%,2.7451%,22.2893%,-0.006599,VALE,89330.0,2019-02-08,252.0,1.9696%,0.0001,1.2368,-0.183,0.2915,2.4195%,2.7427%,22.1774%,0.0206429999999999,VALE,89330.0,2019-02-11,252.0,-1.4925%,-0.0001,1.2574,-0.2246,0.2798,2.4188%,2.7388%,21.9994%,-0.01622,VALE,89330.0,2019-02-12,252.0,5.6150%,-0.0,1.2632,-0.2031,0.2789,2.4262%,2.7472%,22.0044%,0.039469,VALE,89330.0,2019-02-13,252.0,1.2658%,0.0,1.2668,-0.2056,0.2806,2.4267%,2.7473%,21.9775%,0.008948,VALE,89330.0,2019-02-14,252.0,1.1667%,0.0,1.262,-0.1969,0.2724,2.4278%,2.7466%,21.8649%,0.0169239999999999,VALE,89330.0,2019-02-15,252.0,1.5651%,-0.0001,1.2332,-0.2227,0.2257,2.4175%,2.7264%,21.3732%,0.000474,VALE,89330.0,2019-02-19,252.0,-1.1354%,-0.0002,1.2318,-0.2331,0.2141,2.4189%,2.7267%,21.3019%,-0.013829,VALE,-0.04746,-0.107069,-0.1136679999999999,-0.109245,-0.057259
33467,VALE S A,Vale Says It Is Taking All Applicable Legal Measures In Response To New Court Order On Dams,6,uncertain,0.6,0.3,"the news indicates legal challenges related to dams, which could raise concerns about regulatory risks and potential liabilities, but the company's proactive legal measures may mitigate negative impacts, leading to uncertainty in stock price movement.",1,2019-02-04,VALE,2019-02-04 17:26:00+00:00,89330.0,91912E10,-0.0334128960967063,59850103.0,-0.003292178036645,0.0104501703754067,-0.0619322881102562,-0.011914262548089,-0.0167253147810697,0.0966899544000625,0.0196956377476453,0.024999976158142,-0.0149253793060779,-0.1800878494977951,0.0561497397720813,-0.0807536914944648,0.0126581955701112,0.007457603700459,0.011666695587337,0.0207612589001655,0.0156507063657045,-0.0109513932839036,-0.0113544482737779,0.0096751479431986,0.0032813751604408,0.0255138631910085,-0.0163532141596078,0.0035561334807425,0.039069015532732,-0.0049539767205715,0.0040000150911509,0.001417466904968,-0.0023904170375317,-0.0201388876885175,-0.002396220806986,-0.0075810207054018,-0.0008006588323041,0.032005675137043,-0.0072114747017621,0.0166305489838123,0.002421285957098,-0.0135521059855818,0.0193236526101827,0.0927514061331749,-0.0134281264618039,-0.0475130155682563,0.0088070947676897,0.0212282557040453,-0.0007936689071357,0.013056768104434,0.0317712165415287,0.0023095216602087,0.0046189702115952,-0.0061208819970488,0.0176244862377643,0.0373015329241752,-0.0097891651093959,-0.023255756124854,0.003802296007052,-0.0030911872163414,0.0060606002807617,0.01649646833539,0.0316265113651752,-0.0348749086260795,-0.0153284696862101,0.012279343791306,-0.0022238497622311,0.0054012108594179,-0.0475483164191246,-0.006134963594377,0.0031201220117509,0.0015360601246356,0.012441742233932,0.0007686570752412,-0.0268817488104105,0.0116641195490956,-0.0031570608261972,-0.0213090311735868,0.0340459458529949,-0.0288247894495725,0.0398161932826042,-0.0051471064798533,-0.0081001222133636,-0.0340908765792846,-0.0096510844305157,0.0277372356504201,0.0097451359033584,0.0170749463140964,-0.0059391180984675,-0.0036982388701289,0.0321134701371192,0.0488751046359539,-0.0180897247046232,0.010980418883264,-0.0007368662627413,-0.0384615547955036,-0.0117994686588645,-0.0759581997990608,-0.011940287426114,0.0199005473405122,0.0030211452394723,-0.0441576465964317,0.0218373462557792,-0.0167000666260719,-0.0221075341105461,0.0026791668497025,0.003767839865759,0.02752928994596,-0.0195194650441408,-0.0047945650294423,0.0084226382896304,0.0096819046884775,-0.0463173612952232,-0.0095890639349818,0.0095541309565305,-0.0375741384923458,0.011040961369872,-0.0097910976037383,-0.0031201220117509,0.0019620491657406,0.0,-0.0071428348310291,-0.0312988758087158,-0.0032362584024667,-0.003292178036645,0.0104501703754067,-0.0650205740282254,-0.0015885982462071,-0.0806583992414272,0.0949477546618695,-0.0765431563384151,-0.0797950289866059,0.0032921795953317,-0.1313061846047601,0.1275720361526455,-0.0470052965957203,0.0189300866185591,-0.1864077746019399,2019-02-05,2019-02-06,2019-02-07,2019-02-08,2019-02-11,2019-02-12,2019-02-13,2019-02-14,2019-02-15,2019-02-19,89330.0,2019-02-04,252.0,-3.3413%,0.0004,1.2071,-0.197,0.2586,2.4160%,2.7544%,23.0648%,-0.040271,VALE,89330.0,2019-02-05,252.0,-0.3292%,0.0004,1.1875,-0.2011,0.2423,2.4122%,2.7372%,22.3373%,-0.007189,VALE,89330.0,2019-02-06,252.0,-6.1932%,0.0,1.2581,-0.2227,0.3037,2.4283%,2.7642%,22.8255%,-0.0596089999999999,VALE,89330.0,2019-02-07,252.0,-1.6725%,-0.0001,1.2409,-0.1979,0.2993,2.4199%,2.7451%,22.2893%,-0.006599,VALE,89330.0,2019-02-08,252.0,1.9696%,0.0001,1.2368,-0.183,0.2915,2.4195%,2.7427%,22.1774%,0.0206429999999999,VALE,89330.0,2019-02-11,252.0,-1.4925%,-0.0001,1.2574,-0.2246,0.2798,2.4188%,2.7388%,21.9994%,-0.01622,VALE,89330.0,2019-02-12,252.0,5.6150%,-0.0,1.2632,-0.2031,0.2789,2.4262%,2.7472%,22.0044%,0.039469,VALE,89330.0,2019-02-13,252.0,1.2658%,0.0,1.2668,-0.2056,0.2806,2.4267%,2.7473%,21.9775%,0.008948,VALE,89330.0,2019-02-14,252.0,1.1667%,0.0,1.262,-0.1969,0.2724,2.4278%,2.7466%,21.8649%,0.0169239999999999,VALE,89330.0,2019-02-15,252.0,1.5651%,-0.0001,1.2332,-0.2227,0.2257,2.4175%,2.7264%,21.3732%,0.000474,VALE,89330.0,2019-02-19,252.0,-1.1354%,-0.0002,1.2318,-0.2331,0.2141,2.4189%,2.7267%,21.3019%,-0.013829,VALE,-0.04746,-0.107069,-0.1136679999999999,-0.109245,-0.057259
33475,VALE S A,"Vale Says Stoppage At Laranjeiras Dam Affects Brucutu Mine, With Capacity Of 30 Mln Tns Iron Ore Per Year",6,decrease,0.75,0.6,"the stoppage at the laranjeiras dam affecting the brucutu mine's capacity suggests potential production disruptions, which could negatively impact vale's revenue and stock price.",0,2019-02-04,VALE,2019-02-04 17:26:00+00:00,89330.0,91912E10,-0.0334128960967063,59850103.0,-0.003292178036645,0.0104501703754067,-0.0619322881102562,-0.011914262548089,-0.0167253147810697,0.0966899544000625,0.0196956377476453,0.024999976158142,-0.0149253793060779,-0.1800878494977951,0.0561497397720813,-0.0807536914944648,0.0126581955701112,0.007457603700459,0.011666695587337,0.0207612589001655,0.0156507063657045,-0.0109513932839036,-0.0113544482737779,0.0096751479431986,0.0032813751604408,0.0255138631910085,-0.0163532141596078,0.0035561334807425,0.039069015532732,-0.0049539767205715,0.0040000150911509,0.001417466904968,-0.0023904170375317,-0.0201388876885175,-0.002396220806986,-0.0075810207054018,-0.0008006588323041,0.032005675137043,-0.0072114747017621,0.0166305489838123,0.002421285957098,-0.0135521059855818,0.0193236526101827,0.0927514061331749,-0.0134281264618039,-0.0475130155682563,0.0088070947676897,0.0212282557040453,-0.0007936689071357,0.013056768104434,0.0317712165415287,0.0023095216602087,0.0046189702115952,-0.0061208819970488,0.0176244862377643,0.0373015329241752,-0.0097891651093959,-0.023255756124854,0.003802296007052,-0.0030911872163414,0.0060606002807617,0.01649646833539,0.0316265113651752,-0.0348749086260795,-0.0153284696862101,0.012279343791306,-0.0022238497622311,0.0054012108594179,-0.0475483164191246,-0.006134963594377,0.0031201220117509,0.0015360601246356,0.012441742233932,0.0007686570752412,-0.0268817488104105,0.0116641195490956,-0.0031570608261972,-0.0213090311735868,0.0340459458529949,-0.0288247894495725,0.0398161932826042,-0.0051471064798533,-0.0081001222133636,-0.0340908765792846,-0.0096510844305157,0.0277372356504201,0.0097451359033584,0.0170749463140964,-0.0059391180984675,-0.0036982388701289,0.0321134701371192,0.0488751046359539,-0.0180897247046232,0.010980418883264,-0.0007368662627413,-0.0384615547955036,-0.0117994686588645,-0.0759581997990608,-0.011940287426114,0.0199005473405122,0.0030211452394723,-0.0441576465964317,0.0218373462557792,-0.0167000666260719,-0.0221075341105461,0.0026791668497025,0.003767839865759,0.02752928994596,-0.0195194650441408,-0.0047945650294423,0.0084226382896304,0.0096819046884775,-0.0463173612952232,-0.0095890639349818,0.0095541309565305,-0.0375741384923458,0.011040961369872,-0.0097910976037383,-0.0031201220117509,0.0019620491657406,0.0,-0.0071428348310291,-0.0312988758087158,-0.0032362584024667,-0.003292178036645,0.0104501703754067,-0.0650205740282254,-0.0015885982462071,-0.0806583992414272,0.0949477546618695,-0.0765431563384151,-0.0797950289866059,0.0032921795953317,-0.1313061846047601,0.1275720361526455,-0.0470052965957203,0.0189300866185591,-0.1864077746019399,2019-02-05,2019-02-06,2019-02-07,2019-02-08,2019-02-11,2019-02-12,2019-02-13,2019-02-14,2019-02-15,2019-02-19,89330.0,2019-02-04,252.0,-3.3413%,0.0004,1.2071,-0.197,0.2586,2.4160%,2.7544%,23.0648%,-0.040271,VALE,89330.0,2019-02-05,252.0,-0.3292%,0.0004,1.1875,-0.2011,0.2423,2.4122%,2.7372%,22.3373%,-0.007189,VALE,89330.0,2019-02-06,252.0,-6.1932%,0.0,1.2581,-0.2227,0.3037,2.4283%,2.7642%,22.8255%,-0.0596089999999999,VALE,89330.0,2019-02-07,252.0,-1.6725%,-0.0001,1.2409,-0.1979,0.2993,2.4199%,2.7451%,22.2893%,-0.006599,VALE,89330.0,2019-02-08,252.0,1.9696%,0.0001,1.2368,-0.183,0.2915,2.4195%,2.7427%,22.1774%,0.0206429999999999,VALE,89330.0,2019-02-11,252.0,-1.4925%,-0.0001,1.2574,-0.2246,0.2798,2.4188%,2.7388%,21.9994%,-0.01622,VALE,89330.0,2019-02-12,252.0,5.6150%,-0.0,1.2632,-0.2031,0.2789,2.4262%,2.7472%,22.0044%,0.039469,VALE,89330.0,2019-02-13,252.0,1.2658%,0.0,1.2668,-0.2056,0.2806,2.4267%,2.7473%,21.9775%,0.008948,VALE,89330.0,2019-02-14,252.0,1.1667%,0.0,1.262,-0.1969,0.2724,2.4278%,2.7466%,21.8649%,0.0169239999999999,VALE,89330.0,2019-02-15,252.0,1.5651%,-0.0001,1.2332,-0.2227,0.2257,2.4175%,2.7264%,21.3732%,0.000474,VALE,89330.0,2019-02-19,252.0,-1.1354%,-0.0002,1.2318,-0.2331,0.2141,2.4189%,2.7267%,21.3019%,-0.013829,VALE,-0.04746,-0.107069,-0.1136679999999999,-0.109245,-0.057259
33483,VALE S A,Death Toll From Vale Dam Disaster In Brazil Rises To 134; 199 People Still Unaccounted For,6,decrease,0.85,0.7,"the rising death toll and the number of people unaccounted for from the dam disaster are likely to lead to negative sentiment and potential legal and financial repercussions for vale s a, which would decrease its stock price.",0,2019-02-04,VALE,2019-02-04 15:16:00+00:00,89330.0,91912E10,-0.0334128960967063,59850103.0,-0.003292178036645,0.0104501703754067,-0.0619322881102562,-0.011914262548089,-0.0167253147810697,0.0966899544000625,0.0196956377476453,0.024999976158142,-0.0149253793060779,-0.1800878494977951,0.0561497397720813,-0.0807536914944648,0.0126581955701112,0.007457603700459,0.011666695587337,0.0207612589001655,0.0156507063657045,-0.0109513932839036,-0.0113544482737779,0.0096751479431986,0.0032813751604408,0.0255138631910085,-0.0163532141596078,0.0035561334807425,0.039069015532732,-0.0049539767205715,0.0040000150911509,0.001417466904968,-0.0023904170375317,-0.0201388876885175,-0.002396220806986,-0.0075810207054018,-0.0008006588323041,0.032005675137043,-0.0072114747017621,0.0166305489838123,0.002421285957098,-0.0135521059855818,0.0193236526101827,0.0927514061331749,-0.0134281264618039,-0.0475130155682563,0.0088070947676897,0.0212282557040453,-0.0007936689071357,0.013056768104434,0.0317712165415287,0.0023095216602087,0.0046189702115952,-0.0061208819970488,0.0176244862377643,0.0373015329241752,-0.0097891651093959,-0.023255756124854,0.003802296007052,-0.0030911872163414,0.0060606002807617,0.01649646833539,0.0316265113651752,-0.0348749086260795,-0.0153284696862101,0.012279343791306,-0.0022238497622311,0.0054012108594179,-0.0475483164191246,-0.006134963594377,0.0031201220117509,0.0015360601246356,0.012441742233932,0.0007686570752412,-0.0268817488104105,0.0116641195490956,-0.0031570608261972,-0.0213090311735868,0.0340459458529949,-0.0288247894495725,0.0398161932826042,-0.0051471064798533,-0.0081001222133636,-0.0340908765792846,-0.0096510844305157,0.0277372356504201,0.0097451359033584,0.0170749463140964,-0.0059391180984675,-0.0036982388701289,0.0321134701371192,0.0488751046359539,-0.0180897247046232,0.010980418883264,-0.0007368662627413,-0.0384615547955036,-0.0117994686588645,-0.0759581997990608,-0.011940287426114,0.0199005473405122,0.0030211452394723,-0.0441576465964317,0.0218373462557792,-0.0167000666260719,-0.0221075341105461,0.0026791668497025,0.003767839865759,0.02752928994596,-0.0195194650441408,-0.0047945650294423,0.0084226382896304,0.0096819046884775,-0.0463173612952232,-0.0095890639349818,0.0095541309565305,-0.0375741384923458,0.011040961369872,-0.0097910976037383,-0.0031201220117509,0.0019620491657406,0.0,-0.0071428348310291,-0.0312988758087158,-0.0032362584024667,-0.003292178036645,0.0104501703754067,-0.0650205740282254,-0.0015885982462071,-0.0806583992414272,0.0949477546618695,-0.0765431563384151,-0.0797950289866059,0.0032921795953317,-0.1313061846047601,0.1275720361526455,-0.0470052965957203,0.0189300866185591,-0.1864077746019399,2019-02-05,2019-02-06,2019-02-07,2019-02-08,2019-02-11,2019-02-12,2019-02-13,2019-02-14,2019-02-15,2019-02-19,89330.0,2019-02-04,252.0,-3.3413%,0.0004,1.2071,-0.197,0.2586,2.4160%,2.7544%,23.0648%,-0.040271,VALE,89330.0,2019-02-05,252.0,-0.3292%,0.0004,1.1875,-0.2011,0.2423,2.4122%,2.7372%,22.3373%,-0.007189,VALE,89330.0,2019-02-06,252.0,-6.1932%,0.0,1.2581,-0.2227,0.3037,2.4283%,2.7642%,22.8255%,-0.0596089999999999,VALE,89330.0,2019-02-07,252.0,-1.6725%,-0.0001,1.2409,-0.1979,0.2993,2.4199%,2.7451%,22.2893%,-0.006599,VALE,89330.0,2019-02-08,252.0,1.9696%,0.0001,1.2368,-0.183,0.2915,2.4195%,2.7427%,22.1774%,0.0206429999999999,VALE,89330.0,2019-02-11,252.0,-1.4925%,-0.0001,1.2574,-0.2246,0.2798,2.4188%,2.7388%,21.9994%,-0.01622,VALE,89330.0,2019-02-12,252.0,5.6150%,-0.0,1.2632,-0.2031,0.2789,2.4262%,2.7472%,22.0044%,0.039469,VALE,89330.0,2019-02-13,252.0,1.2658%,0.0,1.2668,-0.2056,0.2806,2.4267%,2.7473%,21.9775%,0.008948,VALE,89330.0,2019-02-14,252.0,1.1667%,0.0,1.262,-0.1969,0.2724,2.4278%,2.7466%,21.8649%,0.0169239999999999,VALE,89330.0,2019-02-15,252.0,1.5651%,-0.0001,1.2332,-0.2227,0.2257,2.4175%,2.7264%,21.3732%,0.000474,VALE,89330.0,2019-02-19,252.0,-1.1354%,-0.0002,1.2318,-0.2331,0.2141,2.4189%,2.7267%,21.3019%,-0.013829,VALE,-0.04746,-0.107069,-0.1136679999999999,-0.109245,-0.057259
33491,VALE S A,Vale shares are trading lower after Brazil's Solicitor General said the company needs to change its behavior and cooperate better with authorities following a Dam collapse which killed more than 300 people in January.,6,decrease,0.8,0.7,"the statement from brazil's solicitor general suggests increased scrutiny and potential regulatory actions against vale, which is likely to negatively impact investor sentiment and the stock price.",0,2019-02-04,VALE,2019-02-04 14:23:00+00:00,89330.0,91912E10,-0.0334128960967063,59850103.0,-0.003292178036645,0.0104501703754067,-0.0619322881102562,-0.011914262548089,-0.0167253147810697,0.0966899544000625,0.0196956377476453,0.024999976158142,-0.0149253793060779,-0.1800878494977951,0.0561497397720813,-0.0807536914944648,0.0126581955701112,0.007457603700459,0.011666695587337,0.0207612589001655,0.0156507063657045,-0.0109513932839036,-0.0113544482737779,0.0096751479431986,0.0032813751604408,0.0255138631910085,-0.0163532141596078,0.0035561334807425,0.039069015532732,-0.0049539767205715,0.0040000150911509,0.001417466904968,-0.0023904170375317,-0.0201388876885175,-0.002396220806986,-0.0075810207054018,-0.0008006588323041,0.032005675137043,-0.0072114747017621,0.0166305489838123,0.002421285957098,-0.0135521059855818,0.0193236526101827,0.0927514061331749,-0.0134281264618039,-0.0475130155682563,0.0088070947676897,0.0212282557040453,-0.0007936689071357,0.013056768104434,0.0317712165415287,0.0023095216602087,0.0046189702115952,-0.0061208819970488,0.0176244862377643,0.0373015329241752,-0.0097891651093959,-0.023255756124854,0.003802296007052,-0.0030911872163414,0.0060606002807617,0.01649646833539,0.0316265113651752,-0.0348749086260795,-0.0153284696862101,0.012279343791306,-0.0022238497622311,0.0054012108594179,-0.0475483164191246,-0.006134963594377,0.0031201220117509,0.0015360601246356,0.012441742233932,0.0007686570752412,-0.0268817488104105,0.0116641195490956,-0.0031570608261972,-0.0213090311735868,0.0340459458529949,-0.0288247894495725,0.0398161932826042,-0.0051471064798533,-0.0081001222133636,-0.0340908765792846,-0.0096510844305157,0.0277372356504201,0.0097451359033584,0.0170749463140964,-0.0059391180984675,-0.0036982388701289,0.0321134701371192,0.0488751046359539,-0.0180897247046232,0.010980418883264,-0.0007368662627413,-0.0384615547955036,-0.0117994686588645,-0.0759581997990608,-0.011940287426114,0.0199005473405122,0.0030211452394723,-0.0441576465964317,0.0218373462557792,-0.0167000666260719,-0.0221075341105461,0.0026791668497025,0.003767839865759,0.02752928994596,-0.0195194650441408,-0.0047945650294423,0.0084226382896304,0.0096819046884775,-0.0463173612952232,-0.0095890639349818,0.0095541309565305,-0.0375741384923458,0.011040961369872,-0.0097910976037383,-0.0031201220117509,0.0019620491657406,0.0,-0.0071428348310291,-0.0312988758087158,-0.0032362584024667,-0.003292178036645,0.0104501703754067,-0.0650205740282254,-0.0015885982462071,-0.0806583992414272,0.0949477546618695,-0.0765431563384151,-0.0797950289866059,0.0032921795953317,-0.1313061846047601,0.1275720361526455,-0.0470052965957203,0.0189300866185591,-0.1864077746019399,2019-02-05,2019-02-06,2019-02-07,2019-02-08,2019-02-11,2019-02-12,2019-02-13,2019-02-14,2019-02-15,2019-02-19,89330.0,2019-02-04,252.0,-3.3413%,0.0004,1.2071,-0.197,0.2586,2.4160%,2.7544%,23.0648%,-0.040271,VALE,89330.0,2019-02-05,252.0,-0.3292%,0.0004,1.1875,-0.2011,0.2423,2.4122%,2.7372%,22.3373%,-0.007189,VALE,89330.0,2019-02-06,252.0,-6.1932%,0.0,1.2581,-0.2227,0.3037,2.4283%,2.7642%,22.8255%,-0.0596089999999999,VALE,89330.0,2019-02-07,252.0,-1.6725%,-0.0001,1.2409,-0.1979,0.2993,2.4199%,2.7451%,22.2893%,-0.006599,VALE,89330.0,2019-02-08,252.0,1.9696%,0.0001,1.2368,-0.183,0.2915,2.4195%,2.7427%,22.1774%,0.0206429999999999,VALE,89330.0,2019-02-11,252.0,-1.4925%,-0.0001,1.2574,-0.2246,0.2798,2.4188%,2.7388%,21.9994%,-0.01622,VALE,89330.0,2019-02-12,252.0,5.6150%,-0.0,1.2632,-0.2031,0.2789,2.4262%,2.7472%,22.0044%,0.039469,VALE,89330.0,2019-02-13,252.0,1.2658%,0.0,1.2668,-0.2056,0.2806,2.4267%,2.7473%,21.9775%,0.008948,VALE,89330.0,2019-02-14,252.0,1.1667%,0.0,1.262,-0.1969,0.2724,2.4278%,2.7466%,21.8649%,0.0169239999999999,VALE,89330.0,2019-02-15,252.0,1.5651%,-0.0001,1.2332,-0.2227,0.2257,2.4175%,2.7264%,21.3732%,0.000474,VALE,89330.0,2019-02-19,252.0,-1.1354%,-0.0002,1.2318,-0.2331,0.2141,2.4189%,2.7267%,21.3019%,-0.013829,VALE,-0.04746,-0.107069,-0.1136679999999999,-0.109245,-0.057259
33499,VALLEY NATIONAL BANCORP,"Valley National Bancorp Reports CFO Alan Eskow To Transition To Senior Advisor Role Support CEO, Pres; Co. Has Undertaken Search For Permanent Replacement",6,uncertain,0.6,0.3,"the transition of the cfo to a senior advisor role may raise concerns about leadership stability, but it could also be seen as a strategic move to support the ceo, leading to uncertainty in stock price reaction.",1,2019-02-04,VLY,2019-02-04 23:01:00+00:00,80072.0,91979410,0.0157636255025863,1675329.0,-0.0009699542424641,0.0039564752951264,0.0135921733453869,-0.0288184620440006,0.0057471669279038,0.0067697963677346,-0.01238096319139,-0.023607175797224,0.0057859616354107,0.0202312171459198,0.0153403496369719,0.009727663360536,0.0009443086455576,0.0009736391948536,-0.0103774154558777,0.004892386496067,0.0047664623707532,-0.0144647657871246,0.0047438512556254,0.0087548792362213,0.0103871254250407,0.0148074645549058,-0.0084112295880913,0.0099701276049017,0.0047125536948442,0.0040040002204477,-0.0093808090314269,0.0142131354659795,-0.0132576078176498,0.0051020602695643,0.0153550719842314,-0.007092167623341,-0.001890312298201,0.0196280553936958,0.0056817675940692,0.0157398302108049,0.0,0.0214362069964408,0.0103577831760048,0.0366666577756404,-0.0242310613393783,-0.0055248830467462,-0.0143267018720507,0.0191441532224416,0.0077519309706985,0.0022573880851268,-0.0019230293110013,0.0056752818636596,-0.0134875085204839,-0.0089988661929965,0.006836000829935,0.0520710684359073,0.0077593899331986,-0.0219908021390438,-0.0029182620346546,-0.0313901044428348,0.012682938016951,0.0067720566876232,-0.0240847785025835,-0.023153256624937,-0.032576497644186,-0.0215750541538,0.00612239446491,-0.0042964513413608,-0.0507099404931068,-0.0179323982447385,0.0,-0.0234216041862964,0.0288462042808532,0.0229165945202112,0.0031152369920164,-0.01437365449965,0.0062112235464155,-0.0346878468990325,-0.0144033273681998,-0.0068897339515388,0.0240084026008844,-0.0145490365102887,0.0,-0.0409301929175853,-0.0061162505298852,-0.0064694727770984,0.0225641299039125,0.0197926517575979,0.0080240638926625,0.0114394556730985,0.0109452391043305,0.0145067330449819,-0.0127952871844172,0.0019380289595574,0.0109671596437692,0.0248262174427509,0.0009861218277364,-0.0009920862503349,0.0216749031096696,0.0019880221225321,-0.0202507264912128,-0.0039603919722139,0.0226378440856933,0.0029792143031954,0.003849851898849,-0.0049407305195927,-0.0162991434335708,0.0253292806446552,-0.0175438895821571,-0.0139860482886433,0.0287698376923799,0.009072596207261,-0.0019285925664007,-0.0148956924676895,-0.0376811921596527,-0.0009920862503349,0.0421686805784702,0.0039840601384639,0.0086705349385738,-0.0049554202705621,0.0009550405666232,0.0110221058130264,-0.0200380813330411,-0.0029970714822411,-0.0009699542424641,0.0039564752951264,0.012609035316722,-0.0249760062819948,0.0184286684753909,-0.0183752923908685,0.0116391738921024,-0.0221580426400567,0.027158072735409,-0.0126459249815202,-0.0069452316310113,0.1190738653014071,0.0067791484820809,0.0257516133619384,2019-02-05,2019-02-06,2019-02-07,2019-02-08,2019-02-11,2019-02-12,2019-02-13,2019-02-14,2019-02-15,2019-02-19,80072.0,2019-02-04,252.0,1.5764%,-0.0,1.0254,0.821,1.3899,1.0116%,1.5172%,55.5444%,0.010789,VLY,80072.0,2019-02-05,252.0,-0.0970%,-0.0001,1.0401,0.8248,1.4037,1.0061%,1.5163%,55.9758%,0.003517,VLY,80072.0,2019-02-06,252.0,1.3592%,-0.0,1.0446,0.8231,1.4102,1.0103%,1.4976%,54.4921%,0.0148799999999999,VLY,80072.0,2019-02-07,252.0,0.5747%,0.0,1.0451,0.8178,1.4134,1.0120%,1.4978%,54.3445%,0.0109319999999999,VLY,80072.0,2019-02-08,252.0,-1.2381%,-0.0,1.046,0.812,1.4134,1.0113%,1.4980%,54.4288%,-0.004078,VLY,80072.0,2019-02-11,252.0,0.5786%,-0.0,1.0431,0.8089,1.4102,1.0116%,1.4897%,53.8876%,-0.004389,VLY,80072.0,2019-02-12,252.0,1.5340%,-0.0,1.0448,0.8091,1.411,1.0118%,1.4910%,53.9495%,0.00329,VLY,80072.0,2019-02-13,252.0,0.0944%,-0.0,1.0453,0.8068,1.4098,1.0120%,1.4908%,53.9217%,-0.003554,VLY,80072.0,2019-02-14,252.0,-1.0377%,-0.0001,1.0459,0.8043,1.4132,1.0116%,1.4915%,54.0004%,-0.004301,VLY,80072.0,2019-02-15,252.0,0.4766%,-0.0001,1.0328,0.7908,1.3896,1.0162%,1.4812%,52.9283%,-0.015947,VLY,80072.0,2019-02-19,252.0,0.4744%,-0.0002,1.0303,0.791,1.39,1.0159%,1.4806%,52.9208%,-0.003781,VLY,0.014306,0.0291859999999999,0.0401179999999999,0.031651,0.007358
33507,VMWARE INC,"Evercore ISI Group Reinstates In-Line on VMware, Announces $160 Target",6,uncertain,0.6,0.2,"the reinstatement of an 'in-line' rating with a target price suggests stability, but does not indicate a strong bullish or bearish sentiment, leading to uncertainty in stock price movement.",1,2019-02-04,VMW,2019-02-04 13:19:00+00:00,92257.0,92856340,0.0159458462148904,871049.0,0.021515879780054,-0.0037069756072014,0.0052497270517051,0.0320399105548858,-0.0045854109339416,0.007987905293703,0.0090211369097232,-0.0195125211030244,0.0079893125221133,-0.0088335145264863,0.0400704219937324,0.0086398841813206,0.0102213770151138,-0.0174426641315221,0.0056875827722251,0.0185773149132728,0.010120234452188,0.0025057233870029,0.002121644327417,0.026129325851798,0.0042343051172792,-0.0020804649684578,0.0001756780256982,-0.0198477320373058,0.0151648912578821,0.0203203596174716,0.0044410484842956,-0.0171097107231617,0.0055699180811643,-0.0146427182480692,0.0050822258926928,-0.0097112646326422,-0.023862263187766,0.0241143945604562,0.0371922440826892,0.0212884191423654,-0.0329965762794017,0.0347707271575927,0.0021471397485584,0.0630596578121185,-0.0148822013288736,-0.0403202511370182,-0.0062896315939724,-0.0070735886693,0.0004732435918413,0.0351054370403289,0.0250694155693054,0.0264420080929994,0.0101517550647258,0.0093544060364365,0.0095357624813914,0.0574847646057605,0.0139139788225293,-0.0029657764825969,0.0128305433318018,-0.0527863167226314,0.0061136847361922,-0.0235390868037939,0.0048174569383263,0.0152849787846207,0.0070825554430484,0.0096122492104768,0.0183391906321048,-0.0356287620961666,-0.0241181924939155,-0.0175330005586147,-0.0182906948029995,-0.0074406070634722,0.0060996236279606,-0.0114286011084914,-0.0244709122925996,0.0069784489460289,0.0056497175246477,0.0260661616921424,0.0141010927036404,-0.0202461127191782,0.0209406614303588,0.0251072142273187,0.0041239880956709,-0.0312289949506521,0.0063766152597963,-0.0221703816205263,-0.0259893480688333,0.0362893268465995,0.0242570918053388,0.0107661569491028,0.0039292266592383,0.049671471118927,-0.0043963505886495,-0.0111104324460029,0.019439959898591,0.006013452541083,0.0165337529033422,0.0227288529276847,0.0019226517761126,0.008018884807825,-0.0034749140031635,-0.0325945243239402,-0.0119704538956284,-0.0229921713471412,-0.0040559894405305,-0.0045647704973816,-0.0051833232864737,0.0356532670557498,0.0184486210346221,0.0118929548189044,0.0237523652613163,0.0160668976604938,0.0121360709890723,-0.017835846170783,0.0084135122597217,-0.0054730405099689,-0.0022481861524283,0.0147206224501133,0.0083621153607964,0.04495869576931,0.0136557752266526,0.0005596881965175,-0.0081810522824525,0.0112486472353339,0.021515879780054,-0.0037069756072014,0.0268785593278817,0.0282141637808004,0.0221698991541094,0.0364274411427256,0.0396311390605859,0.0072274748918175,0.1120266114662096,0.0459346808445342,0.2003792990944772,0.165387912423131,0.3240468339525841,0.2729811020531656,2019-02-05,2019-02-06,2019-02-07,2019-02-08,2019-02-11,2019-02-12,2019-02-13,2019-02-14,2019-02-15,2019-02-19,92257.0,2019-02-04,252.0,1.5946%,0.0014,0.9643,-0.0488,-0.866,1.6838%,2.1756%,40.0972%,0.005186,VMW,92257.0,2019-02-05,252.0,2.1516%,0.0014,0.9579,-0.0549,-0.8804,1.6845%,2.1731%,39.9118%,0.012035,VMW,92257.0,2019-02-06,252.0,0.5250%,0.0015,0.9243,-0.0442,-0.9126,1.6803%,2.1468%,38.7376%,0.007868,VMW,92257.0,2019-02-07,252.0,-0.4585%,0.0016,0.938,-0.0642,-0.9089,1.6725%,2.1465%,39.2849%,0.0074119999999999,VMW,92257.0,2019-02-08,252.0,0.9021%,0.0017,0.9374,-0.047,-0.8999,1.6682%,2.1410%,39.2878%,0.001838,VMW,92257.0,2019-02-11,252.0,0.7989%,0.0018,0.9367,-0.0365,-0.8946,1.6688%,2.1251%,38.3316%,0.008957,VMW,92257.0,2019-02-12,252.0,4.0070%,0.0017,0.9319,-0.0129,-0.9013,1.6651%,2.1228%,38.4758%,0.025717,VMW,92257.0,2019-02-13,252.0,1.0221%,0.0017,0.9267,-0.0015,-0.8977,1.6634%,2.1160%,38.2003%,0.008151,VMW,92257.0,2019-02-14,252.0,0.5688%,0.0016,0.925,-0.002,-0.8945,1.6569%,2.1088%,38.2660%,0.002335,VMW,92257.0,2019-02-15,252.0,1.0120%,0.0015,0.906,-0.0189,-0.9252,1.6495%,2.0985%,38.2166%,0.003866,VMW,92257.0,2019-02-19,252.0,0.2122%,0.0016,0.9141,-0.0289,-0.9372,1.6420%,2.0978%,38.7375%,0.003131,VMW,0.017221,0.025089,0.032501,0.043296,0.086496
33515,WINNEBAGO INDUSTRIES INC,"Winnebago Industries Announces Plans To Shift Winnebago-branded Class A Diesel Motorhome Manufacturing From Its Junction City, Oregon Plant To Its Manufacturing Campus In Forest City, Iowa",6,decrease,0.7,0.5,"the shift in manufacturing could lead to job losses and operational disruptions, which may negatively impact investor sentiment and stock price.",0,2019-02-04,WGO,2019-02-04 15:32:00+00:00,51086.0,97463710,0.0024578545708209,704378.0,0.0038529110606759,-0.0041958335787057,-0.017794843763113,-0.0421969257295131,-0.0003552479320205,0.0101488884538412,0.0174129270017147,-0.0077207600697875,-0.0031434944830834,0.0047217975370585,0.0476523712277412,-0.0083612045273184,0.0073579004965722,0.0335291847586631,0.0156042268499732,-0.0356666557490825,0.0402092039585113,-0.0202482305467128,0.0194845683872699,0.0268276706337928,0.0135635780170559,-0.0264446455985307,0.0045619742013514,0.0446793809533119,0.0224039275199174,0.0106859514489769,0.0076990914531052,0.0409041754901409,-0.029973566532135,0.008321326225996,-0.0006057753344066,-0.0075404304079711,-0.0109124155715107,0.0353160127997398,0.0042905113659799,0.0135084427893161,-0.0204455889761447,0.0562822073698043,-0.0133955897763371,0.0632111281156539,-0.0233659539371728,-0.0485164783895015,0.0090526603162288,0.030152890831232,0.0131368720903992,0.0112781347706913,0.0151801900938153,0.0195911843329668,-0.0161993317306041,0.0146931791678071,-0.0142495492473244,0.0311942435801029,-0.0125280888751149,0.0004458416660781,0.0146389314904809,-0.0260529909282922,0.0022442992776632,0.0158800445497036,-0.0127958934754133,0.1357716023921967,-0.0252754595130682,-0.0338819362223148,0.0089760795235633,0.0004842726048082,-0.0408566631376743,0.0009694841573946,-0.0034352587535977,-0.0236630383878946,-0.0041365334764122,0.0009473495883867,0.0380754731595516,-0.0199628733098506,0.0316772498190403,-0.0626631304621696,0.0067873005755245,-0.0208777077496051,0.0304975565522909,0.0182212628424167,-0.0274142641574144,-0.1006632819771767,0.02153648622334,0.0239711720496416,0.0365008786320686,0.0076489746570587,0.003339423565194,-0.0095693692564964,0.0111951269209384,0.027868865057826,-0.0119688129052519,-0.056822620332241,0.0305874720215797,0.005441169720143,0.025271838530898,0.0153906624764204,0.0034393502864986,0.025495795533061,-0.0002855847415048,-0.0418767668306827,0.0248571131378412,0.0082095777615904,0.0133816432207822,-0.0134978936985135,0.0137551585212349,-0.0053701340220868,-0.0192672759294509,-0.0454046055674552,0.0038738071452826,-0.0051002292893826,0.0027564028277993,-0.0054347687400877,-0.0197911262512207,-0.018492192029953,0.0213123485445976,-0.0174703001976013,-0.0074134171009063,-0.0041753281839191,-0.0215768348425626,-0.0034674196504056,-0.0113089550286531,-0.0106346299871802,0.0038529110606759,-0.0041958335787057,-0.0140104946527949,-0.0462157080303249,-0.0143607653855635,-0.0365358576420987,-0.0003502042079486,-0.0394603744262135,0.1362521736271087,-0.0449362899245516,0.0809107381153686,0.4326884700377935,0.2291996784293706,-0.0189893364975074,2019-02-05,2019-02-06,2019-02-07,2019-02-08,2019-02-11,2019-02-12,2019-02-13,2019-02-14,2019-02-15,2019-02-19,51086.0,2019-02-04,252.0,0.2458%,-0.001,1.223,1.1152,0.9207,2.8675%,3.1627%,17.7980%,-0.0075949999999999,WGO,51086.0,2019-02-05,252.0,0.3853%,-0.0009,1.1884,1.1011,0.8785,2.8566%,3.1341%,16.9221%,0.004911,WGO,51086.0,2019-02-06,252.0,-1.7795%,-0.0011,1.2477,1.0823,0.935,2.8496%,3.1351%,17.3872%,-0.015785,WGO,51086.0,2019-02-07,252.0,-0.0355%,-0.0012,1.2242,1.1081,0.9343,2.8410%,3.1194%,17.0511%,0.008909,WGO,51086.0,2019-02-08,252.0,1.7413%,-0.001,1.2199,1.1118,0.9187,2.8441%,3.1213%,16.9755%,0.022104,WGO,51086.0,2019-02-11,252.0,-0.3143%,-0.0011,1.2268,1.0872,0.909,2.8449%,3.1177%,16.7331%,-0.014402,WGO,51086.0,2019-02-12,252.0,4.7652%,-0.0011,1.2286,1.109,0.906,2.8477%,3.1234%,16.8759%,0.0321959999999999,WGO,51086.0,2019-02-13,252.0,0.7358%,-0.0011,1.224,1.1183,0.9086,2.8469%,3.1213%,16.8075%,0.002518,WGO,51086.0,2019-02-14,252.0,1.5604%,-0.0009,1.2223,1.1299,0.8914,2.8380%,3.1140%,16.9412%,0.017529,WGO,51086.0,2019-02-15,252.0,4.0209%,-0.0008,1.2383,1.1464,0.9202,2.8407%,3.1215%,17.1815%,0.019194,WGO,51086.0,2019-02-19,252.0,1.9485%,-0.0007,1.2425,1.1511,0.9251,2.8414%,3.1240%,17.2762%,0.010947,WGO,-0.0026839999999999,-0.018469,-0.0095599999999999,-0.001858,0.080526
33523,WESTPORT FUEL SYSTEMS INC,Westport Fuel Systems Announces CFO Michael Willis Resigns,6,decrease,0.7,0.6,"the resignation of a cfo can create uncertainty about the company's financial management and stability, potentially leading to a decrease in stock price.",0,2019-02-04,WPRT,2019-02-04 13:40:00+00:00,92776.0,96090850,-0.1372548490762711,3753805.0,-0.0833333432674408,0.0065789413638412,0.0495867282152175,0.0133333206176757,-0.0472440496087074,0.0204081442207098,0.0413222722709178,-0.0199999809265136,0.0317460000514984,-0.0322580337524414,0.0384615957736969,0.0064935004338622,-0.0148148005828261,-0.0128205008804798,0.0225563682615757,-0.0429448187351226,-0.0073529342189431,-0.0355029925704002,0.0444444008171558,0.0562500208616256,0.0354610458016395,-0.0062111741863191,-0.0342466235160827,0.110344797372818,0.056737620383501,-0.1317364722490311,-0.0536913052201271,-0.0118343783542513,-0.014184383675456,0.0304878484457731,0.0143884755671024,-0.0238095019012689,-0.0425531528890132,0.0434782207012176,0.0148148005828261,-0.1055555269122124,-0.0036496315151453,0.1688311696052551,-0.0402930900454521,0.0620689056813716,-0.038167905062437,-0.0333333015441894,0.0396825037896633,0.1278195083141327,-0.0076335808262228,-0.0291970521211624,0.076923094689846,0.0,-0.0142857013270258,-0.048611145466566,0.1086956337094307,0.133858323097229,-0.0653594955801963,-0.0230769012123346,0.0489510856568813,-0.051094926893711,-0.0066666603088378,0.0300751589238643,0.0067114029079675,-0.1133333072066307,-0.0399999618530273,-0.0853658467531204,0.0416666269302368,-0.0352941527962684,-0.0066666603088378,-0.0659340694546699,0.0067114029079675,-0.052083283662796,0.0,0.0158730000257492,0.0133333206176757,0.0161290168762207,0.0921052545309066,-0.0210526119917631,-0.0662650689482688,-0.0355330221354961,0.0322581119835376,-0.0199004784226417,-0.0062499940395355,-0.056338082998991,0.0503144152462482,0.0142858149483799,0.0538922362029552,-0.0232559014111757,0.0,0.023809615522623,0.03409094363451,0.0144927399232983,-0.0549450665712356,0.0097560882568359,0.0406976342201232,-0.0048543643206357,0.0837989374995231,-0.0236966609954834,-0.0257732328027486,0.0242718216031789,-0.0264550019055604,-0.0550459250807762,0.0,-0.0311110820621252,-0.0054347771219909,0.0227272510528564,-0.0491803437471389,-0.0350876860320568,-0.0201149228960275,-0.0338982753455638,0.0498533248901367,-0.0288066547363996,0.0,-0.0081632575020194,-0.0279329344630241,-0.1218637675046921,0.0229884833097457,0.0568181239068508,-0.0112359449267387,0.0476190969347953,-0.0113636255264282,-0.038167905062437,-0.0057471208274364,0.0781892240047454,-0.0833333432674408,0.0065789413638412,-0.0378788428960912,0.019999981116046,-0.0833333425718952,0.0408162878357836,-0.0151515948440081,-0.0129032119135585,0.0681817452681845,-0.0437500289766905,0.1363635742326152,0.0199999780499646,0.3106060041701126,-0.3703704037635447,2019-02-05,2019-02-06,2019-02-07,2019-02-08,2019-02-11,2019-02-12,2019-02-13,2019-02-14,2019-02-15,2019-02-19,92776.0,2019-02-04,252.0,-13.7255%,-0.0018,1.7277,2.3578,1.3296,3.9615%,4.4607%,21.1276%,-0.15577,WPRT,92776.0,2019-02-05,252.0,-8.3333%,-0.002,1.7228,2.3848,1.3784,3.9925%,4.4805%,20.5991%,-0.080999,WPRT,92776.0,2019-02-06,252.0,4.9587%,-0.0021,1.8442,2.3447,1.5057,3.9796%,4.4917%,21.5006%,0.05255,WPRT,92776.0,2019-02-07,252.0,-4.7244%,-0.0023,1.8372,2.367,1.4958,3.9811%,4.4929%,21.4874%,-0.033017,WPRT,92776.0,2019-02-08,252.0,4.1322%,-0.002,1.8279,2.3736,1.4609,3.9919%,4.5008%,21.3367%,0.048707,WPRT,92776.0,2019-02-11,252.0,3.1746%,-0.0021,1.8633,2.3563,1.4701,3.9893%,4.5048%,21.5779%,0.010061,WPRT,92776.0,2019-02-12,252.0,3.8462%,-0.002,1.8751,2.3537,1.4766,3.9906%,4.5117%,21.7640%,0.015049,WPRT,92776.0,2019-02-13,252.0,-1.4815%,-0.0022,1.8629,2.366,1.4738,3.9907%,4.5084%,21.6443%,-0.022611,WPRT,92776.0,2019-02-14,252.0,2.2556%,-0.0021,1.8561,2.3789,1.4614,3.9926%,4.5094%,21.6057%,0.0226129999999999,WPRT,92776.0,2019-02-15,252.0,-0.7353%,-0.0023,1.829,2.3504,1.4118,4.0002%,4.5014%,21.0320%,-0.041388,WPRT,92776.0,2019-02-19,252.0,4.4444%,-0.0024,1.8165,2.3968,1.4652,3.9868%,4.4891%,21.1247%,0.0298179999999999,WPRT,-0.236769,-0.184219,-0.217236,-0.158468,-0.1549869999999999
33531,WSFS FINANCIAL CORP,WSFS Financial Says Beneficial Bank To Sell 5 New Jersey Banking Offices With $190M In Deposits To Bank OF Princeton; WSFS Committed To Reinvest 50% (~$32M) Of Estimated Cost savings From Consolidation,6,uncertain,0.6,0.3,"while the sale of banking offices may streamline operations and lead to cost savings, the impact on stock price is uncertain as it depends on market perception and the overall financial health of wsfs financial corp.",1,2019-02-04,WSFS,2019-02-04 22:21:00+00:00,10892.0,92932810,0.0126641867682337,151426.0,0.0,0.0111453933641314,-0.00463179172948,0.0021386961452662,0.0037226439453661,-0.0061407256871461,-0.0197536256164312,-0.0023562316782772,0.0,-0.0016466642264276,0.0014225076884031,-0.0072396397590637,-0.0035511723253875,-0.0041860537603497,-0.0163934100419282,0.0406582839787006,0.0330917611718177,-0.0036171092651784,0.0095861544832587,0.0174191109836101,0.0127373607829213,0.0014741414925083,0.0016007247613742,0.0136986104771494,0.0068492977879941,0.0052579594776034,-0.0136054083704948,-0.0067147589288651,0.0011494077043607,-0.0088735669851303,0.0117107266560196,0.0104607259854674,-0.0177031904458999,0.0002491812629159,-0.0097042089328169,0.0313463844358921,0.0377974547445774,-0.0058749257586896,-0.0107913566753268,0.0139860371127724,-0.0231818277388811,0.007042265497148,-0.0241973232477903,0.0113426614552736,0.0004768826474901,0.0098561244085431,0.0047664623707532,0.006974306423217,0.0023718802258372,-0.0063966331072151,0.0023663581814616,0.0307692009955644,-0.0096789384260773,-0.0122115863487124,-0.0209773797541856,-0.0147059634327888,0.0236182436347007,-0.0087463036179542,-0.0214082188904285,-0.0238034147769212,-0.021390400826931,-0.0212712101638317,-0.0099353631958365,-0.0025258518289774,-0.0589564032852649,-0.0002524828887544,0.0013330592773854,-0.0082645090296864,0.033812578767538,0.0085880309343338,0.0025752889923751,0.014607885852456,0.0035961826797574,-0.0195979587733745,-0.0120297214016318,0.0058124726638197,0.0132124908268451,0.0032961731776595,0.0038352776318788,-0.064072161912918,0.0043301577679812,0.0016638862434774,0.0215571504086256,0.0120279043912887,0.0168818347156047,0.0070252162404358,0.0078124925494194,0.0180024560540914,-0.013323625549674,-0.0121802678331732,0.0169407967478036,0.0068677649833261,0.0033800872042775,-0.0022026468068361,0.0036091844085603,0.0007347239297814,-0.017501788213849,-0.0187454633414745,0.0280625075101852,-0.0104637015610933,0.0023735691793262,-0.0002378063654759,-0.004262379836291,0.0098439333960413,0.0085612516850233,-0.0275507885962724,0.0035369377583265,-0.0055722747929394,0.0129229137673974,-0.003009283915162,-0.0078868046402931,-0.0132480133324861,0.0107551803812384,0.0059742261655628,0.0074022598564624,0.0116225006058812,-0.0084959575906395,0.0203984957188367,-0.0034738657996058,-0.0100702792406082,0.0,0.0111453933641314,-0.00463179172948,0.013307926119223,-0.0009263902955518,0.007085480108314,-0.02066171634491,0.0030581291778275,0.0025563559566339,0.046123678883708,-0.0448085318312535,0.1032340922095578,-0.0009263900559857,0.0012002547178575,2019-02-05,2019-02-06,2019-02-07,2019-02-08,2019-02-11,2019-02-12,2019-02-13,2019-02-14,2019-02-15,2019-02-19,10892.0,2019-02-04,252.0,1.2664%,-0.0002,0.907,1.1358,1.0737,1.1843%,1.5790%,43.7404%,0.00555,WSFS,10892.0,2019-02-05,252.0,0.0000%,-0.0002,0.9179,1.1383,1.0832,1.1819%,1.5779%,43.8968%,0.003351,WSFS,10892.0,2019-02-06,252.0,-0.4632%,-0.0002,0.91,1.1409,1.075,1.1817%,1.5591%,42.5534%,-0.003357,WSFS,10892.0,2019-02-07,252.0,0.3723%,-0.0001,0.9194,1.1246,1.0791,1.1760%,1.5571%,42.9575%,0.009376,WSFS,10892.0,2019-02-08,252.0,-1.9754%,-0.0002,0.9221,1.1191,1.0865,1.1776%,1.5592%,42.9581%,-0.013798,WSFS,10892.0,2019-02-11,252.0,0.0000%,-0.0002,0.9118,1.1138,1.0782,1.1790%,1.5511%,42.2257%,-0.011276,WSFS,10892.0,2019-02-12,252.0,0.1423%,-0.0002,0.9137,1.1046,1.0809,1.1782%,1.5510%,42.2964%,-0.0094679999999999,WSFS,10892.0,2019-02-13,252.0,-0.3551%,-0.0003,0.9082,1.111,1.0802,1.1775%,1.5486%,42.1837%,-0.007629,WSFS,10892.0,2019-02-14,252.0,-1.6393%,-0.0003,0.9113,1.1034,1.0888,1.1806%,1.5517%,42.1127%,-0.014098,WSFS,10892.0,2019-02-15,252.0,3.3092%,-0.0002,0.9264,1.1186,1.1155,1.1836%,1.5628%,42.6385%,0.01471,WSFS,10892.0,2019-02-19,252.0,0.9586%,-0.0002,0.9268,1.1193,1.1162,1.1836%,1.5640%,42.7223%,0.001136,WSFS,0.008901,0.005544,0.01492,-0.0101539999999999,-0.0255029999999999
33539,WHITE MOUNTAINS INS GROUP INC,MediaAlpha Reaches A Definitive Agreement To Secure A New Investment From Insignia Capital Group; White Mountains Insurance Group Will Remain A Significant Equity Holder In Mediaalpha Going Forward With A 42% Ownership Interest On A Fully-diluted Basis,6,increase,0.7,0.6,"the news indicates a continued significant equity stake in mediaalpha, which may enhance investor confidence in white mountains insurance group's future prospects and financial performance.",2,2019-02-04,WTM,2019-02-04 18:06:00+00:00,68419.0,G9618E10,0.00653628539294,9702.0,-0.0079591311514377,0.0015890942886471,-0.0003692788304761,0.0046997894532978,0.011205025948584,-2.243990093120374e-05,0.0031438483856618,-0.0106563037261366,0.0185941029340028,0.0027103212196379,-0.0083527015522122,0.0049430979415774,-0.0129241775721311,-0.0016226455336436,-0.0033757099881768,0.0100026847794652,0.0061523863114416,-0.0081165805459022,-0.0012913718819618,0.0127962259575724,0.007802567910403,-0.0084437588229775,0.0023138595279306,0.0023359295446425,0.0077352379448711,-0.0035196673125028,0.0038976036012172,0.0093409987166523,-0.0002595443220343,0.0069257114082574,0.011120518669486,-0.0044147153384983,0.0050176554359495,0.0015041789738461,-0.0015329122543334,0.0240982417017221,0.0075163790024816,0.0029024970717728,0.0095132170245051,0.0043255863711237,0.0005136220133863,-0.0049707600846886,-0.0176011938601732,-0.0031363342422991,-0.0188550390303134,0.004167980980128,-0.0126086687669158,-0.002964943414554,-0.0002862282563,0.0133909126743674,0.0052744927816092,0.0134511059150099,0.0071746879257261,-0.0146364104002714,0.0005655583227053,0.0043423986062407,0.0077149365097284,-0.0141988471150398,-0.001058257301338,-0.0144546395167708,-0.0120093673467636,-0.0161826461553573,0.0040481532923877,-0.0144400913268327,0.0090770591050386,-0.0035305088385939,-0.0079911276698112,-0.0153417522087693,0.0033745637629181,-0.0044868835248053,0.0027448702603578,-0.0073043224401772,0.0004760591546073,-0.0017741780029609,0.0008434824994765,0.0004112606984563,-0.0005186286871321,-0.0063554248772561,-0.0007783467299304,-0.0015890673967078,-0.0002272276469739,0.0028425459749996,-0.0066661983728408,0.0119858346879482,-0.0008932752534747,0.004410573747009,0.0045905644074082,0.0096353264525532,-0.0085748005658388,0.0004200712719466,-0.0016860510222613,0.0051333280280232,0.0011624564649537,-0.0105323521420359,-0.0002957088290713,-0.003167176619172,-0.0003835387178696,0.0065080062486231,2.194402259192429e-05,0.0090041263028979,0.0001972911704797,0.0010138185461983,0.0010301396250724,0.0138711938634514,-0.0025726654566824,0.002559311222285,0.015904014930129,0.0048248744569718,0.0052615604363381,-0.0053761010058224,-0.0036218981258571,-0.0152910323813557,0.0177438966929912,0.0113732730969786,-0.0059139793738722,0.0023387272376567,0.001162072410807,0.0034350655041635,-0.0192643199115991,0.0067913210950791,-0.0079591311514377,0.0015890942886471,-0.0083254708432706,0.006296352150523,0.0027862679884804,0.0062737709600733,0.0246434069835148,-0.0017511260259269,0.0044180960135056,0.0162024917932075,0.0280475775786066,0.0316527470536307,0.0234247192577807,0.0215495658989375,2019-02-05,2019-02-06,2019-02-07,2019-02-08,2019-02-11,2019-02-12,2019-02-13,2019-02-14,2019-02-15,2019-02-19,68419.0,2019-02-04,252.0,0.6536%,0.0004,0.441,0.1414,0.294,0.7893%,0.9128%,25.2279%,0.003952,WTM,68419.0,2019-02-05,252.0,-0.7959%,0.0003,0.4458,0.1461,0.3051,0.7904%,0.9139%,25.2000%,-0.008078,WTM,68419.0,2019-02-06,252.0,-0.0369%,0.0004,0.4242,0.1531,0.2838,0.7861%,0.8927%,22.4532%,0.000313,WTM,68419.0,2019-02-07,252.0,1.1205%,0.0005,0.4224,0.1495,0.2874,0.7907%,0.8951%,21.9748%,0.0141419999999999,WTM,68419.0,2019-02-08,252.0,0.3144%,0.0005,0.4215,0.1539,0.2866,0.7902%,0.8944%,21.9508%,0.004572,WTM,68419.0,2019-02-11,252.0,1.8594%,0.0006,0.4076,0.1884,0.298,0.7919%,0.8872%,20.3180%,0.016229,WTM,68419.0,2019-02-12,252.0,-0.8353%,0.0005,0.3929,0.1968,0.2891,0.7930%,0.8824%,19.2294%,-0.013527,WTM,68419.0,2019-02-13,252.0,-1.2924%,0.0004,0.3859,0.2027,0.2865,0.7958%,0.8820%,18.5888%,-0.014445,WTM,68419.0,2019-02-14,252.0,-0.3376%,0.0004,0.3874,0.2018,0.2859,0.7913%,0.8786%,18.8764%,-0.002058,WTM,68419.0,2019-02-15,252.0,0.6152%,0.0004,0.3847,0.1994,0.2814,0.7911%,0.8768%,18.5803%,-0.000202,WTM,68419.0,2019-02-19,252.0,-0.1291%,0.0004,0.3857,0.1943,0.2756,0.7906%,0.8766%,18.6514%,-0.003545,WTM,-0.004126,-0.003813,0.0103289999999999,0.0311299999999999,-0.002647
33547,WHITE MOUNTAINS INS GROUP INC,White Mountains Insurance Group to Sell a Minority Stake of MediaAlpha to Insignia Capital for $85M,6,decrease,0.7,0.5,"selling a minority stake in mediaalpha for $85m may indicate a strategic shift or a need for liquidity, which could be perceived negatively by investors.",0,2019-02-04,WTM,2019-02-04 13:11:00+00:00,68419.0,G9618E10,0.00653628539294,9702.0,-0.0079591311514377,0.0015890942886471,-0.0003692788304761,0.0046997894532978,0.011205025948584,-2.243990093120374e-05,0.0031438483856618,-0.0106563037261366,0.0185941029340028,0.0027103212196379,-0.0083527015522122,0.0049430979415774,-0.0129241775721311,-0.0016226455336436,-0.0033757099881768,0.0100026847794652,0.0061523863114416,-0.0081165805459022,-0.0012913718819618,0.0127962259575724,0.007802567910403,-0.0084437588229775,0.0023138595279306,0.0023359295446425,0.0077352379448711,-0.0035196673125028,0.0038976036012172,0.0093409987166523,-0.0002595443220343,0.0069257114082574,0.011120518669486,-0.0044147153384983,0.0050176554359495,0.0015041789738461,-0.0015329122543334,0.0240982417017221,0.0075163790024816,0.0029024970717728,0.0095132170245051,0.0043255863711237,0.0005136220133863,-0.0049707600846886,-0.0176011938601732,-0.0031363342422991,-0.0188550390303134,0.004167980980128,-0.0126086687669158,-0.002964943414554,-0.0002862282563,0.0133909126743674,0.0052744927816092,0.0134511059150099,0.0071746879257261,-0.0146364104002714,0.0005655583227053,0.0043423986062407,0.0077149365097284,-0.0141988471150398,-0.001058257301338,-0.0144546395167708,-0.0120093673467636,-0.0161826461553573,0.0040481532923877,-0.0144400913268327,0.0090770591050386,-0.0035305088385939,-0.0079911276698112,-0.0153417522087693,0.0033745637629181,-0.0044868835248053,0.0027448702603578,-0.0073043224401772,0.0004760591546073,-0.0017741780029609,0.0008434824994765,0.0004112606984563,-0.0005186286871321,-0.0063554248772561,-0.0007783467299304,-0.0015890673967078,-0.0002272276469739,0.0028425459749996,-0.0066661983728408,0.0119858346879482,-0.0008932752534747,0.004410573747009,0.0045905644074082,0.0096353264525532,-0.0085748005658388,0.0004200712719466,-0.0016860510222613,0.0051333280280232,0.0011624564649537,-0.0105323521420359,-0.0002957088290713,-0.003167176619172,-0.0003835387178696,0.0065080062486231,2.194402259192429e-05,0.0090041263028979,0.0001972911704797,0.0010138185461983,0.0010301396250724,0.0138711938634514,-0.0025726654566824,0.002559311222285,0.015904014930129,0.0048248744569718,0.0052615604363381,-0.0053761010058224,-0.0036218981258571,-0.0152910323813557,0.0177438966929912,0.0113732730969786,-0.0059139793738722,0.0023387272376567,0.001162072410807,0.0034350655041635,-0.0192643199115991,0.0067913210950791,-0.0079591311514377,0.0015890942886471,-0.0083254708432706,0.006296352150523,0.0027862679884804,0.0062737709600733,0.0246434069835148,-0.0017511260259269,0.0044180960135056,0.0162024917932075,0.0280475775786066,0.0316527470536307,0.0234247192577807,0.0215495658989375,2019-02-05,2019-02-06,2019-02-07,2019-02-08,2019-02-11,2019-02-12,2019-02-13,2019-02-14,2019-02-15,2019-02-19,68419.0,2019-02-04,252.0,0.6536%,0.0004,0.441,0.1414,0.294,0.7893%,0.9128%,25.2279%,0.003952,WTM,68419.0,2019-02-05,252.0,-0.7959%,0.0003,0.4458,0.1461,0.3051,0.7904%,0.9139%,25.2000%,-0.008078,WTM,68419.0,2019-02-06,252.0,-0.0369%,0.0004,0.4242,0.1531,0.2838,0.7861%,0.8927%,22.4532%,0.000313,WTM,68419.0,2019-02-07,252.0,1.1205%,0.0005,0.4224,0.1495,0.2874,0.7907%,0.8951%,21.9748%,0.0141419999999999,WTM,68419.0,2019-02-08,252.0,0.3144%,0.0005,0.4215,0.1539,0.2866,0.7902%,0.8944%,21.9508%,0.004572,WTM,68419.0,2019-02-11,252.0,1.8594%,0.0006,0.4076,0.1884,0.298,0.7919%,0.8872%,20.3180%,0.016229,WTM,68419.0,2019-02-12,252.0,-0.8353%,0.0005,0.3929,0.1968,0.2891,0.7930%,0.8824%,19.2294%,-0.013527,WTM,68419.0,2019-02-13,252.0,-1.2924%,0.0004,0.3859,0.2027,0.2865,0.7958%,0.8820%,18.5888%,-0.014445,WTM,68419.0,2019-02-14,252.0,-0.3376%,0.0004,0.3874,0.2018,0.2859,0.7913%,0.8786%,18.8764%,-0.002058,WTM,68419.0,2019-02-15,252.0,0.6152%,0.0004,0.3847,0.1994,0.2814,0.7911%,0.8768%,18.5803%,-0.000202,WTM,68419.0,2019-02-19,252.0,-0.1291%,0.0004,0.3857,0.1943,0.2756,0.7906%,0.8766%,18.6514%,-0.003545,WTM,-0.004126,-0.003813,0.0103289999999999,0.0311299999999999,-0.002647
33555,EXXON MOBIL CORP,The FreightWaves Oil Report: Sorting Out What The Venezuela Sanctions Mean For The Market,6,uncertain,0.6,0.3,"the impact of venezuela sanctions on exxon mobil's stock price is unclear as it depends on various factors including market reactions, oil prices, and the company's operational adjustments.",1,2019-02-04,XOM,2019-02-04 16:49:00+00:00,11850.0,30231G10,-0.0144889159128069,15483835.0,0.0102913212031126,0.036026194691658,-0.0043655801564455,0.013694810681045,-0.0077066412195563,0.0109075475484132,0.0016068966360762,0.0037900656461715,0.0016219939570873,-0.0066927406005561,0.017543900758028,0.0044817882589995,0.0112731894478201,0.001402503112331,0.0002622510655783,-0.0082069318741559,0.0188803263008594,-0.0150705371052026,0.0066916006617248,0.0119229257106781,0.0038347872905433,0.0068397247232496,-0.0090411193668842,-0.000418568146415,0.0077100805938243,0.000558438070584,0.0010201713303104,-0.0012549353996291,0.0020382632501423,-0.0045801778323948,0.0102974511682987,-0.0051090186461806,-0.0055367113091051,0.0052748089656233,0.0122738359495997,0.0072707533836364,0.0038749694358557,0.0052002123557031,-0.0014941492117941,0.0368696972727775,-0.0113480938598513,-0.0153537048026919,0.0110999606549739,0.0219973586499691,-0.0143463257700204,0.0002934468793682,0.0097455587238073,-0.0111691942438483,0.0027575986459851,0.0043706740252673,0.0088749881833791,0.0477789230644702,-0.0033452687785029,-0.0383147448301315,-0.0036051827482879,-0.0074310726486146,0.0116032473742961,-0.0303758345544338,-0.0025900232139974,-0.0169444605708122,0.0055644484236836,-0.0275526866316795,0.0057796509936451,-0.0203757733106613,-0.016016598790884,-0.0181865617632865,-0.0069583146832883,0.0126283448189497,0.0130130248144269,-0.0086072469130158,-0.0076581370085477,0.0018291010055691,0.0049788593314588,-0.0141679346561431,0.0007431903504766,-0.0095675466582179,0.0115099046379327,-0.0130933010950684,-0.0042824675329029,-0.0220389179885387,-0.0058982027694582,0.0216352362185716,0.0142150986939668,0.0055654244497418,0.0053625204600393,0.007775661535561,0.0061825937591493,0.0181699395179748,-0.0128915626555681,0.0009093231055885,-0.0045160837471485,0.0197377875447273,0.0047817486338317,-0.0266890116035938,-0.012568624690175,0.0076652765274047,-0.0033365874551236,-0.0284019187092781,0.0068195341154932,0.0032928336877375,0.0028325538150966,0.0098477629944682,-0.0036841833498328,0.0103372922167182,0.0218168906867504,-0.0078205205500125,0.0057900571264326,-0.0229237359017133,-0.0194290615618228,-0.0128601565957069,0.0056262118741869,-0.0002447233418934,-0.0210411492735147,-0.0158978644758462,-0.0064603881910443,0.0126844849437475,0.003876422997564,0.0042870952747762,-0.0200548153370618,-0.0037827647756785,0.0102913212031126,0.036026194691658,0.0058808134590391,0.0502143772885637,-0.0018711490799251,0.061669640544866,0.00135430127729,0.0585610284356443,0.0571653434503951,0.0525440335546432,0.0928411151759021,0.0544444217824473,0.0631112378559772,-0.0641878047183344,2019-02-05,2019-02-06,2019-02-07,2019-02-08,2019-02-11,2019-02-12,2019-02-13,2019-02-14,2019-02-15,2019-02-19,11850.0,2019-02-04,252.0,-1.4489%,-0.0002,0.951,-0.0272,0.5944,0.9976%,1.4114%,50.0400%,-0.018654,XOM,11850.0,2019-02-05,252.0,1.0291%,-0.0,0.9256,-0.0395,0.5597,0.9823%,1.3763%,49.0640%,0.009647,XOM,11850.0,2019-02-06,252.0,-0.4366%,0.0,0.8978,-0.0305,0.5319,0.9767%,1.3290%,45.9935%,-0.002825,XOM,11850.0,2019-02-07,252.0,-0.7707%,0.0001,0.9166,-0.0538,0.5342,0.9560%,1.3255%,47.9814%,-0.001571,XOM,11850.0,2019-02-08,252.0,0.1607%,0.0002,0.9154,-0.0406,0.538,0.9513%,1.3206%,48.1121%,0.004395,XOM,11850.0,2019-02-11,252.0,0.1622%,0.0001,0.9413,-0.0665,0.5376,0.9427%,1.3187%,48.8973%,-0.000729,XOM,11850.0,2019-02-12,252.0,1.7544%,0.0002,0.9489,-0.0721,0.5424,0.9419%,1.3226%,49.2813%,0.0055689999999999,XOM,11850.0,2019-02-13,252.0,1.1273%,0.0002,0.9517,-0.0736,0.5441,0.9430%,1.3234%,49.2263%,0.00818,XOM,11850.0,2019-02-14,252.0,0.0262%,0.0003,0.9506,-0.0705,0.5403,0.9434%,1.3234%,49.1825%,0.0056999999999999,XOM,11850.0,2019-02-15,252.0,1.8880%,0.0003,0.9667,-0.0555,0.5673,0.9390%,1.3285%,50.0451%,0.005621,XOM,11850.0,2019-02-19,252.0,0.6692%,0.0004,0.9711,-0.059,0.563,0.9361%,1.3289%,50.3794%,0.003214,XOM,-0.009007,-0.011832,-0.013403,-0.009737,0.018547
33563,YELP INC,Yelp Option Alert: May 17 $30 Puts at the Bid: 500 @ $1.64 vs 3674 OI; Earnings 2/13 After Close Ref=$37.23,6,decrease,0.75,0.6,"the purchase of put options indicates that investors are betting on a decline in yelp's stock price, especially ahead of earnings, which often leads to increased volatility and potential downward pressure on the stock.",0,2019-02-04,YELP,2019-02-04 15:48:00+00:00,13318.0,98581710,0.0177563540637493,2355012.0,-0.0105736590921878,0.0205930825322866,-0.0077478201128542,-0.0008231163956224,-0.0239633657038211,0.0063500697724521,0.0477241240441799,-0.0130790062248706,-0.0021063196472823,-0.0097139934077858,0.0261213146150112,0.0340402126312255,-0.0110568348318338,0.0104313204064965,-0.0070202928036451,0.0028273195493966,0.0458235144615173,-0.024813937023282,-0.0060089603066444,0.001104082679376,-0.0239294897764921,0.0134265609085559,-0.0196128599345684,0.0223047975450754,0.0144774736836552,0.0142111862078309,-0.003113719401881,-0.0005797233898192,-0.0135345309972763,0.0055377036333084,-0.0050132567994296,-0.0389355570077896,-0.0119331944733858,0.0053506745025515,-0.0034889227245002,0.0195232983678579,-0.0105036189779639,0.007812513038516,-0.005443678703159,0.0273484550416469,-0.0166940502822399,-0.0269019473344087,-0.0314500704407692,-0.0120034860447049,-0.0017240678425878,0.0165602415800094,0.0279216282069683,-0.0151645950973033,-0.0184822138398885,0.0237258747220039,-0.0142653351649642,0.0589329302310943,0.0026049248408526,0.004361470695585,0.0132794193923473,-0.0345865115523338,-0.0062677324749529,-0.0180153753608465,-0.0051605589687824,0.001182759180665,-0.0028819101862609,-0.0041224793531,0.0083815297111868,-0.036322433501482,-0.0151905640959739,-0.0172894280403852,0.0101862186565995,0.0002789996215142,0.0048977811820805,-0.0025041778571903,-0.0126147484406828,0.0084174871444702,0.0069686900824308,0.0303555727005004,-0.0051903203129768,0.0052310465835034,0.0153622832149267,0.0204625912010669,0.0094205494970083,-0.0447591505944728,0.0090497648343443,0.0484110824763774,-0.0137332305312156,-0.0050236992537975,0.0059676868841052,0.0431566461920738,-0.0028249232564121,0.0341089516878128,0.0056657441891729,-0.0190743803977966,0.0112676490098238,0.0403383150696754,-0.0050139357335865,0.0022823505569249,-0.0039193555712699,-0.0176168885082006,-0.0044970111921429,-0.0015990132233127,0.0047996044158935,-0.0457735732197761,0.0016859053866937,-0.0072704595513641,0.0098176281899213,0.0210329871624708,0.0263889096677303,-0.0397979319095611,0.0316643603146076,-0.0117405792698264,-0.0020985838491469,0.0670215934514999,0.0386434644460678,-0.2659769952297211,0.0002531545469537,-0.0298840347677469,0.0136639904230833,0.0069616297259926,0.0,0.0243845768272876,-0.0104843229055404,0.008584750816226,-0.0105736590921878,0.0205930825322866,-0.0182395563964612,0.0197530156327954,-0.0417658409400785,0.0262285184327322,0.001850373630946,0.0029680738863337,0.0494316347411298,0.0259453134532336,-0.0827385921322232,0.0990537736465395,0.0478455566736368,-0.1375869963498535,2019-02-05,2019-02-06,2019-02-07,2019-02-08,2019-02-11,2019-02-12,2019-02-13,2019-02-14,2019-02-15,2019-02-19,13318.0,2019-02-04,252.0,1.7756%,-0.0005,1.1438,1.1297,-0.5222,2.9894%,3.3895%,22.2140%,0.0016389999999999,YELP,13318.0,2019-02-05,252.0,-1.0574%,-0.0006,1.1445,1.1363,-0.5095,2.9914%,3.3873%,22.0084%,-0.017821,YELP,13318.0,2019-02-06,252.0,-0.7748%,-0.0007,1.1778,1.1256,-0.4772,2.9889%,3.3862%,22.0872%,-0.00486,YELP,13318.0,2019-02-07,252.0,-2.3963%,-0.0007,1.1856,1.1196,-0.4787,2.9889%,3.3894%,22.2361%,-0.009785,YELP,13318.0,2019-02-08,252.0,4.7724%,-0.0006,1.1785,1.0956,-0.5241,2.9997%,3.4015%,22.2258%,0.042694,YELP,13318.0,2019-02-11,252.0,-0.2106%,-0.0002,1.0402,1.2145,-0.5323,2.9250%,3.2837%,20.6510%,-0.009882,YELP,13318.0,2019-02-12,252.0,2.6121%,-0.0001,1.0548,1.2037,-0.523,2.9243%,3.2871%,20.8590%,0.010727,YELP,13318.0,2019-02-13,252.0,-1.1057%,-0.0002,1.0492,1.2074,-0.5258,2.9253%,3.2861%,20.7569%,-0.014466,YELP,13318.0,2019-02-14,252.0,-0.7020%,-0.0002,1.0534,1.2002,-0.5194,2.9255%,3.2861%,20.7442%,-0.014245,YELP,13318.0,2019-02-15,252.0,4.5824%,-0.0002,1.0312,1.1839,-0.5506,2.9136%,3.2693%,20.5756%,0.033313,YELP,13318.0,2019-02-19,252.0,-0.6009%,-0.0003,1.0291,1.1782,-0.5569,2.9143%,3.2683%,20.4942%,-0.00985,YELP,-0.016182,-0.021042,-0.030827,0.001985,0.007464
33571,YELP INC,"Goldman Sachs Initiates Coverage On Yelp with Buy Rating, Announces $42 Price Target",6,increase,0.8,0.6,"goldman sachs' initiation of coverage with a buy rating and a price target of $42 is likely to attract positive investor sentiment, potentially driving the stock price up.",2,2019-02-04,YELP,2019-02-04 12:10:00+00:00,13318.0,98581710,0.0177563540637493,2355012.0,-0.0105736590921878,0.0205930825322866,-0.0077478201128542,-0.0008231163956224,-0.0239633657038211,0.0063500697724521,0.0477241240441799,-0.0130790062248706,-0.0021063196472823,-0.0097139934077858,0.0261213146150112,0.0340402126312255,-0.0110568348318338,0.0104313204064965,-0.0070202928036451,0.0028273195493966,0.0458235144615173,-0.024813937023282,-0.0060089603066444,0.001104082679376,-0.0239294897764921,0.0134265609085559,-0.0196128599345684,0.0223047975450754,0.0144774736836552,0.0142111862078309,-0.003113719401881,-0.0005797233898192,-0.0135345309972763,0.0055377036333084,-0.0050132567994296,-0.0389355570077896,-0.0119331944733858,0.0053506745025515,-0.0034889227245002,0.0195232983678579,-0.0105036189779639,0.007812513038516,-0.005443678703159,0.0273484550416469,-0.0166940502822399,-0.0269019473344087,-0.0314500704407692,-0.0120034860447049,-0.0017240678425878,0.0165602415800094,0.0279216282069683,-0.0151645950973033,-0.0184822138398885,0.0237258747220039,-0.0142653351649642,0.0589329302310943,0.0026049248408526,0.004361470695585,0.0132794193923473,-0.0345865115523338,-0.0062677324749529,-0.0180153753608465,-0.0051605589687824,0.001182759180665,-0.0028819101862609,-0.0041224793531,0.0083815297111868,-0.036322433501482,-0.0151905640959739,-0.0172894280403852,0.0101862186565995,0.0002789996215142,0.0048977811820805,-0.0025041778571903,-0.0126147484406828,0.0084174871444702,0.0069686900824308,0.0303555727005004,-0.0051903203129768,0.0052310465835034,0.0153622832149267,0.0204625912010669,0.0094205494970083,-0.0447591505944728,0.0090497648343443,0.0484110824763774,-0.0137332305312156,-0.0050236992537975,0.0059676868841052,0.0431566461920738,-0.0028249232564121,0.0341089516878128,0.0056657441891729,-0.0190743803977966,0.0112676490098238,0.0403383150696754,-0.0050139357335865,0.0022823505569249,-0.0039193555712699,-0.0176168885082006,-0.0044970111921429,-0.0015990132233127,0.0047996044158935,-0.0457735732197761,0.0016859053866937,-0.0072704595513641,0.0098176281899213,0.0210329871624708,0.0263889096677303,-0.0397979319095611,0.0316643603146076,-0.0117405792698264,-0.0020985838491469,0.0670215934514999,0.0386434644460678,-0.2659769952297211,0.0002531545469537,-0.0298840347677469,0.0136639904230833,0.0069616297259926,0.0,0.0243845768272876,-0.0104843229055404,0.008584750816226,-0.0105736590921878,0.0205930825322866,-0.0182395563964612,0.0197530156327954,-0.0417658409400785,0.0262285184327322,0.001850373630946,0.0029680738863337,0.0494316347411298,0.0259453134532336,-0.0827385921322232,0.0990537736465395,0.0478455566736368,-0.1375869963498535,2019-02-05,2019-02-06,2019-02-07,2019-02-08,2019-02-11,2019-02-12,2019-02-13,2019-02-14,2019-02-15,2019-02-19,13318.0,2019-02-04,252.0,1.7756%,-0.0005,1.1438,1.1297,-0.5222,2.9894%,3.3895%,22.2140%,0.0016389999999999,YELP,13318.0,2019-02-05,252.0,-1.0574%,-0.0006,1.1445,1.1363,-0.5095,2.9914%,3.3873%,22.0084%,-0.017821,YELP,13318.0,2019-02-06,252.0,-0.7748%,-0.0007,1.1778,1.1256,-0.4772,2.9889%,3.3862%,22.0872%,-0.00486,YELP,13318.0,2019-02-07,252.0,-2.3963%,-0.0007,1.1856,1.1196,-0.4787,2.9889%,3.3894%,22.2361%,-0.009785,YELP,13318.0,2019-02-08,252.0,4.7724%,-0.0006,1.1785,1.0956,-0.5241,2.9997%,3.4015%,22.2258%,0.042694,YELP,13318.0,2019-02-11,252.0,-0.2106%,-0.0002,1.0402,1.2145,-0.5323,2.9250%,3.2837%,20.6510%,-0.009882,YELP,13318.0,2019-02-12,252.0,2.6121%,-0.0001,1.0548,1.2037,-0.523,2.9243%,3.2871%,20.8590%,0.010727,YELP,13318.0,2019-02-13,252.0,-1.1057%,-0.0002,1.0492,1.2074,-0.5258,2.9253%,3.2861%,20.7569%,-0.014466,YELP,13318.0,2019-02-14,252.0,-0.7020%,-0.0002,1.0534,1.2002,-0.5194,2.9255%,3.2861%,20.7442%,-0.014245,YELP,13318.0,2019-02-15,252.0,4.5824%,-0.0002,1.0312,1.1839,-0.5506,2.9136%,3.2693%,20.5756%,0.033313,YELP,13318.0,2019-02-19,252.0,-0.6009%,-0.0003,1.0291,1.1782,-0.5569,2.9143%,3.2683%,20.4942%,-0.00985,YELP,-0.016182,-0.021042,-0.030827,0.001985,0.007464
33579,ZIONS BANCORPORATION N A,Analyst Raises Zions Bancorp Price Target After Board Approves Buyback,6,increase,0.8,0.7,"the approval of a buyback typically signals confidence from the board in the company's future performance, which can lead to an increase in stock price.",2,2019-02-04,ZION,2019-02-04 19:20:00+00:00,84129.0,98970110,0.01490986533463,2683933.0,-0.0036726484540849,0.0147089883685112,0.0030718350317329,-0.0081283738836646,0.0065332725644111,-0.0055958642624318,-0.0052737998776137,-0.0112704765051603,0.0077487202361226,0.0024650560226291,0.009510344825685,0.0016461282502859,-0.0008017666987143,0.0101849483326077,-0.0125125925987958,0.033956628292799,0.024116089567542,-0.0110520822927355,0.0121732307597994,0.0098733436316251,0.011040961369872,0.0183606594800949,-0.007410243153572,0.0209774281829595,0.0053044524975121,0.0110559947788715,-0.0035176177043467,0.0075016594491899,-0.0111787309870123,0.0052560186013579,0.0130901169031858,0.0048220227472484,0.0003914769331458,0.0085687572136521,0.001369857112877,0.0091142645105719,-0.0060581895522773,0.0039887842722237,-0.0013763211900368,0.0307134333997964,-0.0220516379922628,-0.005531586240977,-0.0193275436758995,0.0206185597926378,-0.0002052622003247,0.007667607627809,0.0032854177989065,-0.0007414428982883,0.0012279483489692,-0.0012342443224042,0.004088323097676,0.0519345663487911,-0.0008142732549458,-0.0140809789299964,0.0016299514099955,-0.0171112306416034,0.0179007537662982,-0.0097183994948863,-0.021382886916399,-0.0154562629759311,-0.0379824489355087,-0.0104394350200891,-0.0225005596876144,-0.0084256688132882,-0.0523344166576862,-0.0225882139056921,0.0025206373538821,-0.0279048755764961,0.0281142760068178,0.0062140496447682,-0.0024455450475215,-0.0176350623369216,0.011143303476274,-0.0195078924298286,0.0008816600311547,-0.0169971399009227,0.0288483016192913,0.0,0.0044948430731892,-0.0516635663807392,0.0053270827047526,-0.005548714660108,0.0105977104976773,0.0093341786414384,-0.0023070597089827,-0.0020700120367109,0.0010510665597394,0.0081386314705014,-0.015119643881917,-0.0031204810366034,0.0051172249950468,0.0223309062421321,0.0076368395239114,-0.0019104256061837,0.0193683821707963,-0.0056986166164278,-0.0159024503082037,-0.0230927616357803,0.0128016108646988,0.0014453787589445,0.0020721568726003,0.001654639840126,-0.0219189692288637,0.0104493210092186,-0.0124735767021775,-0.0222721733152866,0.0456005372107029,-0.0040453071705996,-0.0090089812874794,-0.0143540911376476,-0.0008264651987701,-0.005156650673598,0.0080645037814974,0.0142828226089477,0.0137435523793101,0.0105712637305259,-0.00182105100248,0.0108918780460953,-0.0152037292718887,0.0101723419502377,-0.0036726484540849,0.0147089883685112,-0.0006120951925325,0.0064610543279368,0.0059171783871503,0.0008290348824937,0.0083656362844044,-0.0080114909893016,0.0411566344383922,0.0364885340690033,0.0052334485147855,0.1847400135800645,-0.0027722777759581,0.0086364650638908,2019-02-05,2019-02-06,2019-02-07,2019-02-08,2019-02-11,2019-02-12,2019-02-13,2019-02-14,2019-02-15,2019-02-19,84129.0,2019-02-04,252.0,1.4910%,0.0003,1.2017,0.5626,1.4345,0.9619%,1.6006%,63.8854%,0.010112,ZION,84129.0,2019-02-05,252.0,-0.3673%,0.0003,1.214,0.5669,1.4482,0.9577%,1.5980%,64.0836%,0.000117,ZION,84129.0,2019-02-06,252.0,0.3072%,0.0003,1.2249,0.5633,1.4595,0.9572%,1.5715%,62.9010%,0.004686,ZION,84129.0,2019-02-07,252.0,0.6533%,0.0003,1.2207,0.5632,1.4625,0.9604%,1.5684%,62.5044%,0.012865,ZION,84129.0,2019-02-08,252.0,-0.5274%,0.0002,1.2209,0.538,1.4468,0.9454%,1.5583%,63.1871%,0.003337,ZION,84129.0,2019-02-11,252.0,0.7749%,0.0003,1.1828,0.5727,1.4456,0.9271%,1.5104%,62.3217%,-0.000939,ZION,84129.0,2019-02-12,252.0,0.9510%,0.0003,1.1785,0.5747,1.443,0.9274%,1.5071%,62.1385%,-0.004333,ZION,84129.0,2019-02-13,252.0,-0.0802%,0.0003,1.1783,0.5727,1.4413,0.9281%,1.5063%,62.0389%,-0.0055569999999999,ZION,84129.0,2019-02-14,252.0,-1.2513%,0.0003,1.1797,0.5701,1.4438,0.9284%,1.5083%,62.1116%,-0.004757,ZION,84129.0,2019-02-15,252.0,2.4116%,0.0002,1.1592,0.5519,1.4108,0.9133%,1.4786%,61.8499%,0.00233,ZION,84129.0,2019-02-19,252.0,1.2173%,0.0002,1.1599,0.5543,1.4135,0.9136%,1.4803%,61.9106%,0.004038,ZION,0.010229,0.014915,0.02778,0.030178,0.021899
33587,ARCHER DANIELS MIDLAND CO,Archer-Daniels Midland shares are trading lower after the company announced Q4 EPS of $0.88 versus the $0.93 analyst estimate and worse than expected revenue.,6,decrease,0.85,0.7,"the company's q4 eps and revenue fell short of analyst expectations, which typically leads to a decline in stock price.",0,2019-02-05,ADM,2019-02-05 14:12:00+00:00,10516.0,03948310,-0.0593392476439476,10306461.0,0.0004779082082677,-0.0089106196537613,-0.0112251592800021,-0.0002227647200925,0.0086955744773149,0.004699102602899,0.0059865904040634,0.0108572617173194,0.0078553166240453,0.0009056127746589,0.0014171320945024,0.0102927023544907,-0.0037735812366008,0.001145020709373,0.0021306311246007,-0.0009151433478109,-0.0030967381317168,0.0034434734843671,0.0028674493078142,-0.0158155672252178,0.0142958890646696,0.0195807069540023,-0.0018792111659422,0.0025404298212379,-0.0014121292624622,-0.0041398415341973,-0.0025925196241587,0.0147024756297469,0.007088828831911,-0.0071826083585619,-0.0028155546169728,-0.0048420359380543,-0.0016470516566187,0.0069653876125812,-0.0044779311865568,0.0086650801822543,0.0002367026754654,0.0186069328337907,-0.0028402113821357,0.0050347419455647,0.0009493733523413,0.0230561345815658,-0.0059283855371177,-0.0043956115841865,0.0219466127455234,-0.0004881732165813,0.001633979845792,0.0046592066064476,0.0083896666765213,-0.0043945387005805,0.0018488101195544,0.0071305860765278,-0.0039215264841914,0.0265017487108707,-0.0162112265825271,-0.0289215762168169,0.0124764312058687,-0.0104293068870902,-0.0165077690035104,-0.0275943856686353,0.0137116275727748,-0.0102707426995039,-0.0060634827241301,-0.0124481534585356,-0.0063350647687911,-0.0275722816586494,-0.0014167074114084,-0.0071221832185983,0.0047292681410908,-0.0057534482330083,0.0054130274802446,0.0143658677116036,0.0095973741263151,-0.0008970826747827,-0.0104335900396108,0.0029240006115287,-0.0098407212644815,-0.023500982671976,-0.000946452957578,-0.0017540414119139,0.0120795434340834,-0.0262595973908901,0.0046805702149868,0.0178183335810899,0.0037269939202815,-0.0004344148037489,-0.007194276433438,0.0008695851429365,0.0107527561485767,-0.0015194203006103,0.001156319049187,0.0120825842022895,0.0020790055859833,0.007079639006406,-0.0009221049840562,-0.0087718795984983,-0.0083064287900924,0.0060227471403777,0.0013960300711914,-0.0140358777716755,-0.006505636498332,-0.0015092645771801,-0.0023385987151414,0.0054194666445255,0.0009376679663546,-0.0100857820361852,0.0018734898185357,-0.0295710526406765,-0.024777878075838,0.001668790820986,-0.0194151811301708,-0.0066307438537478,0.057687621563673,-0.0063825692050158,0.0307371858507394,0.005590071901679,-0.0118833808228373,0.020494345575571,-0.0120262941345572,-0.0160082466900348,0.0004779082082677,-0.0089106196537613,-0.0107526156674934,-0.0091313994021609,-0.002150541360541,-0.0044752061819606,0.0117085235045484,0.0072448154939301,0.0112286599265254,0.0051966408269727,0.0191796578582079,0.0492924538086432,0.0490563593223258,-0.0682567860283067,2019-02-06,2019-02-07,2019-02-08,2019-02-11,2019-02-12,2019-02-13,2019-02-14,2019-02-15,2019-02-19,2019-02-20,10516.0,2019-02-05,252.0,-5.9339%,0.0003,0.7227,0.149,0.3326,0.9422%,1.2070%,39.0681%,-0.0606839999999999,ADM,10516.0,2019-02-06,252.0,0.0478%,0.0002,0.7392,0.1437,0.3491,0.9401%,1.2002%,38.6413%,0.0017499999999999,ADM,10516.0,2019-02-07,252.0,-1.1225%,0.0001,0.7272,0.1616,0.3457,0.9292%,1.1827%,38.2821%,-0.005625,ADM,10516.0,2019-02-08,252.0,0.8696%,0.0001,0.7256,0.1542,0.3341,0.9307%,1.1836%,38.1744%,0.0102449999999999,ADM,10516.0,2019-02-11,252.0,0.5987%,0.0001,0.7309,0.1531,0.3363,0.9306%,1.1774%,37.5307%,0.003085,ADM,10516.0,2019-02-12,252.0,0.7855%,0.0002,0.7337,0.1482,0.3386,0.9298%,1.1782%,37.7244%,-0.0016439999999999,ADM,10516.0,2019-02-13,252.0,0.1417%,0.0002,0.7399,0.1373,0.3364,0.9256%,1.1777%,38.2238%,-0.001063,ADM,10516.0,2019-02-14,252.0,-0.3774%,0.0002,0.7402,0.1366,0.3371,0.9257%,1.1779%,38.2450%,-0.001083,ADM,10516.0,2019-02-15,252.0,0.2131%,0.0002,0.7362,0.132,0.3293,0.9271%,1.1758%,37.8255%,-0.008294,ADM,10516.0,2019-02-19,252.0,-0.3097%,0.0,0.7267,0.1398,0.3389,0.9130%,1.1576%,37.7927%,-0.005966,ADM,10516.0,2019-02-20,252.0,0.2867%,0.0,0.726,0.1362,0.3359,0.9125%,1.1571%,37.8049%,-0.000784,ADM,-0.0589339999999999,-0.0645589999999999,-0.0543139999999999,-0.0528729999999999,-0.0700629999999999
33595,ARCHER DANIELS MIDLAND CO,Archer Daniels Midland Raises Quarterly Dividend From $0.335 To $0.35/Share,6,increase,0.8,0.6,"raising the quarterly dividend typically signals financial strength and can attract investors, likely leading to an increase in stock price.",2,2019-02-05,ADM,2019-02-05 12:12:00+00:00,10516.0,03948310,-0.0593392476439476,10306461.0,0.0004779082082677,-0.0089106196537613,-0.0112251592800021,-0.0002227647200925,0.0086955744773149,0.004699102602899,0.0059865904040634,0.0108572617173194,0.0078553166240453,0.0009056127746589,0.0014171320945024,0.0102927023544907,-0.0037735812366008,0.001145020709373,0.0021306311246007,-0.0009151433478109,-0.0030967381317168,0.0034434734843671,0.0028674493078142,-0.0158155672252178,0.0142958890646696,0.0195807069540023,-0.0018792111659422,0.0025404298212379,-0.0014121292624622,-0.0041398415341973,-0.0025925196241587,0.0147024756297469,0.007088828831911,-0.0071826083585619,-0.0028155546169728,-0.0048420359380543,-0.0016470516566187,0.0069653876125812,-0.0044779311865568,0.0086650801822543,0.0002367026754654,0.0186069328337907,-0.0028402113821357,0.0050347419455647,0.0009493733523413,0.0230561345815658,-0.0059283855371177,-0.0043956115841865,0.0219466127455234,-0.0004881732165813,0.001633979845792,0.0046592066064476,0.0083896666765213,-0.0043945387005805,0.0018488101195544,0.0071305860765278,-0.0039215264841914,0.0265017487108707,-0.0162112265825271,-0.0289215762168169,0.0124764312058687,-0.0104293068870902,-0.0165077690035104,-0.0275943856686353,0.0137116275727748,-0.0102707426995039,-0.0060634827241301,-0.0124481534585356,-0.0063350647687911,-0.0275722816586494,-0.0014167074114084,-0.0071221832185983,0.0047292681410908,-0.0057534482330083,0.0054130274802446,0.0143658677116036,0.0095973741263151,-0.0008970826747827,-0.0104335900396108,0.0029240006115287,-0.0098407212644815,-0.023500982671976,-0.000946452957578,-0.0017540414119139,0.0120795434340834,-0.0262595973908901,0.0046805702149868,0.0178183335810899,0.0037269939202815,-0.0004344148037489,-0.007194276433438,0.0008695851429365,0.0107527561485767,-0.0015194203006103,0.001156319049187,0.0120825842022895,0.0020790055859833,0.007079639006406,-0.0009221049840562,-0.0087718795984983,-0.0083064287900924,0.0060227471403777,0.0013960300711914,-0.0140358777716755,-0.006505636498332,-0.0015092645771801,-0.0023385987151414,0.0054194666445255,0.0009376679663546,-0.0100857820361852,0.0018734898185357,-0.0295710526406765,-0.024777878075838,0.001668790820986,-0.0194151811301708,-0.0066307438537478,0.057687621563673,-0.0063825692050158,0.0307371858507394,0.005590071901679,-0.0118833808228373,0.020494345575571,-0.0120262941345572,-0.0160082466900348,0.0004779082082677,-0.0089106196537613,-0.0107526156674934,-0.0091313994021609,-0.002150541360541,-0.0044752061819606,0.0117085235045484,0.0072448154939301,0.0112286599265254,0.0051966408269727,0.0191796578582079,0.0492924538086432,0.0490563593223258,-0.0682567860283067,2019-02-06,2019-02-07,2019-02-08,2019-02-11,2019-02-12,2019-02-13,2019-02-14,2019-02-15,2019-02-19,2019-02-20,10516.0,2019-02-05,252.0,-5.9339%,0.0003,0.7227,0.149,0.3326,0.9422%,1.2070%,39.0681%,-0.0606839999999999,ADM,10516.0,2019-02-06,252.0,0.0478%,0.0002,0.7392,0.1437,0.3491,0.9401%,1.2002%,38.6413%,0.0017499999999999,ADM,10516.0,2019-02-07,252.0,-1.1225%,0.0001,0.7272,0.1616,0.3457,0.9292%,1.1827%,38.2821%,-0.005625,ADM,10516.0,2019-02-08,252.0,0.8696%,0.0001,0.7256,0.1542,0.3341,0.9307%,1.1836%,38.1744%,0.0102449999999999,ADM,10516.0,2019-02-11,252.0,0.5987%,0.0001,0.7309,0.1531,0.3363,0.9306%,1.1774%,37.5307%,0.003085,ADM,10516.0,2019-02-12,252.0,0.7855%,0.0002,0.7337,0.1482,0.3386,0.9298%,1.1782%,37.7244%,-0.0016439999999999,ADM,10516.0,2019-02-13,252.0,0.1417%,0.0002,0.7399,0.1373,0.3364,0.9256%,1.1777%,38.2238%,-0.001063,ADM,10516.0,2019-02-14,252.0,-0.3774%,0.0002,0.7402,0.1366,0.3371,0.9257%,1.1779%,38.2450%,-0.001083,ADM,10516.0,2019-02-15,252.0,0.2131%,0.0002,0.7362,0.132,0.3293,0.9271%,1.1758%,37.8255%,-0.008294,ADM,10516.0,2019-02-19,252.0,-0.3097%,0.0,0.7267,0.1398,0.3389,0.9130%,1.1576%,37.7927%,-0.005966,ADM,10516.0,2019-02-20,252.0,0.2867%,0.0,0.726,0.1362,0.3359,0.9125%,1.1571%,37.8049%,-0.000784,ADM,-0.0589339999999999,-0.0645589999999999,-0.0543139999999999,-0.0528729999999999,-0.0700629999999999
33603,ARCHER DANIELS MIDLAND CO,"Archer-Daniels Midland Q4 Adj. EPS $0.88 Misses $0.93 Estimate, Sales $15.95B Miss $16.81B Estimate",6,decrease,0.8,0.7,"the company reported lower-than-expected earnings and sales, which typically leads to a negative reaction in stock prices.",0,2019-02-05,ADM,2019-02-05 12:01:00+00:00,10516.0,03948310,-0.0593392476439476,10306461.0,0.0004779082082677,-0.0089106196537613,-0.0112251592800021,-0.0002227647200925,0.0086955744773149,0.004699102602899,0.0059865904040634,0.0108572617173194,0.0078553166240453,0.0009056127746589,0.0014171320945024,0.0102927023544907,-0.0037735812366008,0.001145020709373,0.0021306311246007,-0.0009151433478109,-0.0030967381317168,0.0034434734843671,0.0028674493078142,-0.0158155672252178,0.0142958890646696,0.0195807069540023,-0.0018792111659422,0.0025404298212379,-0.0014121292624622,-0.0041398415341973,-0.0025925196241587,0.0147024756297469,0.007088828831911,-0.0071826083585619,-0.0028155546169728,-0.0048420359380543,-0.0016470516566187,0.0069653876125812,-0.0044779311865568,0.0086650801822543,0.0002367026754654,0.0186069328337907,-0.0028402113821357,0.0050347419455647,0.0009493733523413,0.0230561345815658,-0.0059283855371177,-0.0043956115841865,0.0219466127455234,-0.0004881732165813,0.001633979845792,0.0046592066064476,0.0083896666765213,-0.0043945387005805,0.0018488101195544,0.0071305860765278,-0.0039215264841914,0.0265017487108707,-0.0162112265825271,-0.0289215762168169,0.0124764312058687,-0.0104293068870902,-0.0165077690035104,-0.0275943856686353,0.0137116275727748,-0.0102707426995039,-0.0060634827241301,-0.0124481534585356,-0.0063350647687911,-0.0275722816586494,-0.0014167074114084,-0.0071221832185983,0.0047292681410908,-0.0057534482330083,0.0054130274802446,0.0143658677116036,0.0095973741263151,-0.0008970826747827,-0.0104335900396108,0.0029240006115287,-0.0098407212644815,-0.023500982671976,-0.000946452957578,-0.0017540414119139,0.0120795434340834,-0.0262595973908901,0.0046805702149868,0.0178183335810899,0.0037269939202815,-0.0004344148037489,-0.007194276433438,0.0008695851429365,0.0107527561485767,-0.0015194203006103,0.001156319049187,0.0120825842022895,0.0020790055859833,0.007079639006406,-0.0009221049840562,-0.0087718795984983,-0.0083064287900924,0.0060227471403777,0.0013960300711914,-0.0140358777716755,-0.006505636498332,-0.0015092645771801,-0.0023385987151414,0.0054194666445255,0.0009376679663546,-0.0100857820361852,0.0018734898185357,-0.0295710526406765,-0.024777878075838,0.001668790820986,-0.0194151811301708,-0.0066307438537478,0.057687621563673,-0.0063825692050158,0.0307371858507394,0.005590071901679,-0.0118833808228373,0.020494345575571,-0.0120262941345572,-0.0160082466900348,0.0004779082082677,-0.0089106196537613,-0.0107526156674934,-0.0091313994021609,-0.002150541360541,-0.0044752061819606,0.0117085235045484,0.0072448154939301,0.0112286599265254,0.0051966408269727,0.0191796578582079,0.0492924538086432,0.0490563593223258,-0.0682567860283067,2019-02-06,2019-02-07,2019-02-08,2019-02-11,2019-02-12,2019-02-13,2019-02-14,2019-02-15,2019-02-19,2019-02-20,10516.0,2019-02-05,252.0,-5.9339%,0.0003,0.7227,0.149,0.3326,0.9422%,1.2070%,39.0681%,-0.0606839999999999,ADM,10516.0,2019-02-06,252.0,0.0478%,0.0002,0.7392,0.1437,0.3491,0.9401%,1.2002%,38.6413%,0.0017499999999999,ADM,10516.0,2019-02-07,252.0,-1.1225%,0.0001,0.7272,0.1616,0.3457,0.9292%,1.1827%,38.2821%,-0.005625,ADM,10516.0,2019-02-08,252.0,0.8696%,0.0001,0.7256,0.1542,0.3341,0.9307%,1.1836%,38.1744%,0.0102449999999999,ADM,10516.0,2019-02-11,252.0,0.5987%,0.0001,0.7309,0.1531,0.3363,0.9306%,1.1774%,37.5307%,0.003085,ADM,10516.0,2019-02-12,252.0,0.7855%,0.0002,0.7337,0.1482,0.3386,0.9298%,1.1782%,37.7244%,-0.0016439999999999,ADM,10516.0,2019-02-13,252.0,0.1417%,0.0002,0.7399,0.1373,0.3364,0.9256%,1.1777%,38.2238%,-0.001063,ADM,10516.0,2019-02-14,252.0,-0.3774%,0.0002,0.7402,0.1366,0.3371,0.9257%,1.1779%,38.2450%,-0.001083,ADM,10516.0,2019-02-15,252.0,0.2131%,0.0002,0.7362,0.132,0.3293,0.9271%,1.1758%,37.8255%,-0.008294,ADM,10516.0,2019-02-19,252.0,-0.3097%,0.0,0.7267,0.1398,0.3389,0.9130%,1.1576%,37.7927%,-0.005966,ADM,10516.0,2019-02-20,252.0,0.2867%,0.0,0.726,0.1362,0.3359,0.9125%,1.1571%,37.8049%,-0.000784,ADM,-0.0589339999999999,-0.0645589999999999,-0.0543139999999999,-0.0528729999999999,-0.0700629999999999
33611,A G C O CORP,AGCO Reaffirms FY19 EPS Guidance At ~$4.60,6,uncertain,0.6,0.3,"while reaffirming eps guidance can be seen as a positive sign of stability, it does not provide new information that could significantly influence investor sentiment, leading to uncertainty in stock price movement.",1,2019-02-05,AGCO,2019-02-05 12:47:00+00:00,77520.0,00108410,-0.0339318253099918,1716601.0,0.0118128238245844,0.011543788947165,-0.0130759086459875,0.0119938366115093,-0.0088328290730714,0.0070587755180895,0.0052514006383717,0.0104612438008189,0.020737774670124,0.0172524936497211,0.00294656958431,-0.0175827741622924,-0.0052574281580746,0.0233425591140985,0.0090371118858456,0.0039055794477462,0.0046324185095727,-0.0222752224653959,0.0109129892662167,-0.0287436358630657,0.0097309872508049,0.0304140113294124,0.0081312041729688,0.0098086604848504,0.018371969461441,0.0051721301861107,-0.0145203555002808,0.0009706771816127,0.0063997660763561,-0.0022598770447075,-0.0005915545043535,0.0,0.0128735583275556,0.0122549021616578,0.0032140428666025,0.0169491600245237,-0.0056793270632624,0.0117686744779348,-0.0166959483176469,0.0335360616445541,-0.0123622557148337,0.0588776618242263,-0.0051273768767714,-0.0214260425418615,0.0110655706375837,-0.0023351402487605,-0.0011993134394288,0.018105300143361,0.0021014618687331,0.0003659066569525,-0.0116836242377758,0.0116602089256048,0.0090936413034796,0.0360498018562793,0.0165214538574218,-0.0290448255836963,0.0010342744644731,-0.0159399546682834,0.0030996175482869,-0.002193764783442,0.0098587134853005,-0.0304855983704328,-0.0179221294820308,0.0469474643468856,0.0136498240754008,-0.015887489542365,-0.0061475140973925,0.0021961736492812,0.0103092333301901,-0.0160273611545562,0.0043732225894927,0.0109229646623134,0.0094339838251471,-0.0120503269135952,0.0127965398132801,-0.0204369258135557,0.0015616213204339,-0.0245746746659278,0.0015591864939779,-0.018221728503704,0.0043871714733541,-0.0296332892030477,0.002958983881399,0.02345846965909,0.003793153213337,0.0201709456741809,-0.0228131189942359,-0.0109890364110469,0.0052993805147707,0.0147538278251886,0.0139620415866375,-0.0158703122287988,0.0111001953482627,0.0226174276322126,-0.0077820671722292,-0.0017235830891877,0.0126050626859068,0.0013807703508064,0.0037343932781368,0.0102877095341682,-0.0002755497116595,0.0029730354435741,0.0004134910705033,-0.0038327737711369,-0.0103334253653883,0.0103854984045028,-0.0036196871660649,-0.0088741919025778,-0.0272460095584392,0.022415978834033,0.0179546102881431,0.0077088619582355,-0.0008466937579214,-0.0371137857437133,-0.0004236517415847,-0.0056642298586666,-0.010172382928431,0.0100554442033171,0.0695118904113769,0.025422228500247,0.0118128238245844,0.011543788947165,-0.0014175482265844,0.0236760798771844,-0.0102378563384676,0.0309019795282754,0.0155930329632569,0.0596581861362315,0.03833219414125,0.0156081308575717,0.0729064694588983,0.2014625291220555,0.1829441325544989,0.1714404833967342,2019-02-06,2019-02-07,2019-02-08,2019-02-11,2019-02-12,2019-02-13,2019-02-14,2019-02-15,2019-02-19,2019-02-20,77520.0,2019-02-05,252.0,-3.3932%,-0.0002,1.0367,0.5409,0.6072,1.4722%,1.8283%,35.1611%,-0.034613,AGCO,77520.0,2019-02-06,252.0,1.1813%,-0.0002,1.0482,0.537,0.6204,1.4740%,1.8173%,34.2084%,0.013623,AGCO,77520.0,2019-02-07,252.0,-1.3076%,0.0,1.0847,0.4924,0.6244,1.4232%,1.7949%,37.1258%,-0.005149,AGCO,77520.0,2019-02-08,252.0,-0.8833%,-0.0001,1.0865,0.4678,0.6158,1.4123%,1.7868%,37.5269%,-0.005847,AGCO,77520.0,2019-02-11,252.0,0.5251%,-0.0002,1.1015,0.4525,0.6154,1.4103%,1.7819%,37.3586%,-0.000873,AGCO,77520.0,2019-02-12,252.0,2.0738%,-0.0001,1.1104,0.4462,0.621,1.4098%,1.7865%,37.7255%,0.006612,AGCO,77520.0,2019-02-13,252.0,0.2947%,-0.0001,1.1139,0.4398,0.6197,1.4089%,1.7865%,37.8031%,-0.000965,AGCO,77520.0,2019-02-14,252.0,-0.5257%,-0.0001,1.1144,0.439,0.6204,1.4089%,1.7868%,37.8246%,-0.001711,AGCO,77520.0,2019-02-15,252.0,0.9037%,-0.0001,1.1206,0.4438,0.6294,1.4071%,1.7871%,38.0022%,-0.007731,AGCO,77520.0,2019-02-19,252.0,0.4632%,-0.0001,1.1216,0.4417,0.627,1.4069%,1.7870%,38.0140%,-0.000772,AGCO,77520.0,2019-02-20,252.0,1.0913%,0.0001,1.1257,0.464,0.6449,1.3940%,1.7799%,38.6648%,0.004262,AGCO,-0.0209899999999999,-0.0261389999999999,-0.0319859999999999,-0.0262469999999999,-0.0331639999999999
33619,A G C O CORP,"AGCO Q4 EPS $1.26 Beats $1.22 Estimate, Sales $2.592B Beat $2.58B Estimate",6,increase,0.8,0.7,"the company reported better-than-expected earnings and sales, which typically leads to positive investor sentiment and an increase in stock price.",2,2019-02-05,AGCO,2019-02-05 12:47:00+00:00,77520.0,00108410,-0.0339318253099918,1716601.0,0.0118128238245844,0.011543788947165,-0.0130759086459875,0.0119938366115093,-0.0088328290730714,0.0070587755180895,0.0052514006383717,0.0104612438008189,0.020737774670124,0.0172524936497211,0.00294656958431,-0.0175827741622924,-0.0052574281580746,0.0233425591140985,0.0090371118858456,0.0039055794477462,0.0046324185095727,-0.0222752224653959,0.0109129892662167,-0.0287436358630657,0.0097309872508049,0.0304140113294124,0.0081312041729688,0.0098086604848504,0.018371969461441,0.0051721301861107,-0.0145203555002808,0.0009706771816127,0.0063997660763561,-0.0022598770447075,-0.0005915545043535,0.0,0.0128735583275556,0.0122549021616578,0.0032140428666025,0.0169491600245237,-0.0056793270632624,0.0117686744779348,-0.0166959483176469,0.0335360616445541,-0.0123622557148337,0.0588776618242263,-0.0051273768767714,-0.0214260425418615,0.0110655706375837,-0.0023351402487605,-0.0011993134394288,0.018105300143361,0.0021014618687331,0.0003659066569525,-0.0116836242377758,0.0116602089256048,0.0090936413034796,0.0360498018562793,0.0165214538574218,-0.0290448255836963,0.0010342744644731,-0.0159399546682834,0.0030996175482869,-0.002193764783442,0.0098587134853005,-0.0304855983704328,-0.0179221294820308,0.0469474643468856,0.0136498240754008,-0.015887489542365,-0.0061475140973925,0.0021961736492812,0.0103092333301901,-0.0160273611545562,0.0043732225894927,0.0109229646623134,0.0094339838251471,-0.0120503269135952,0.0127965398132801,-0.0204369258135557,0.0015616213204339,-0.0245746746659278,0.0015591864939779,-0.018221728503704,0.0043871714733541,-0.0296332892030477,0.002958983881399,0.02345846965909,0.003793153213337,0.0201709456741809,-0.0228131189942359,-0.0109890364110469,0.0052993805147707,0.0147538278251886,0.0139620415866375,-0.0158703122287988,0.0111001953482627,0.0226174276322126,-0.0077820671722292,-0.0017235830891877,0.0126050626859068,0.0013807703508064,0.0037343932781368,0.0102877095341682,-0.0002755497116595,0.0029730354435741,0.0004134910705033,-0.0038327737711369,-0.0103334253653883,0.0103854984045028,-0.0036196871660649,-0.0088741919025778,-0.0272460095584392,0.022415978834033,0.0179546102881431,0.0077088619582355,-0.0008466937579214,-0.0371137857437133,-0.0004236517415847,-0.0056642298586666,-0.010172382928431,0.0100554442033171,0.0695118904113769,0.025422228500247,0.0118128238245844,0.011543788947165,-0.0014175482265844,0.0236760798771844,-0.0102378563384676,0.0309019795282754,0.0155930329632569,0.0596581861362315,0.03833219414125,0.0156081308575717,0.0729064694588983,0.2014625291220555,0.1829441325544989,0.1714404833967342,2019-02-06,2019-02-07,2019-02-08,2019-02-11,2019-02-12,2019-02-13,2019-02-14,2019-02-15,2019-02-19,2019-02-20,77520.0,2019-02-05,252.0,-3.3932%,-0.0002,1.0367,0.5409,0.6072,1.4722%,1.8283%,35.1611%,-0.034613,AGCO,77520.0,2019-02-06,252.0,1.1813%,-0.0002,1.0482,0.537,0.6204,1.4740%,1.8173%,34.2084%,0.013623,AGCO,77520.0,2019-02-07,252.0,-1.3076%,0.0,1.0847,0.4924,0.6244,1.4232%,1.7949%,37.1258%,-0.005149,AGCO,77520.0,2019-02-08,252.0,-0.8833%,-0.0001,1.0865,0.4678,0.6158,1.4123%,1.7868%,37.5269%,-0.005847,AGCO,77520.0,2019-02-11,252.0,0.5251%,-0.0002,1.1015,0.4525,0.6154,1.4103%,1.7819%,37.3586%,-0.000873,AGCO,77520.0,2019-02-12,252.0,2.0738%,-0.0001,1.1104,0.4462,0.621,1.4098%,1.7865%,37.7255%,0.006612,AGCO,77520.0,2019-02-13,252.0,0.2947%,-0.0001,1.1139,0.4398,0.6197,1.4089%,1.7865%,37.8031%,-0.000965,AGCO,77520.0,2019-02-14,252.0,-0.5257%,-0.0001,1.1144,0.439,0.6204,1.4089%,1.7868%,37.8246%,-0.001711,AGCO,77520.0,2019-02-15,252.0,0.9037%,-0.0001,1.1206,0.4438,0.6294,1.4071%,1.7871%,38.0022%,-0.007731,AGCO,77520.0,2019-02-19,252.0,0.4632%,-0.0001,1.1216,0.4417,0.627,1.4069%,1.7870%,38.0140%,-0.000772,AGCO,77520.0,2019-02-20,252.0,1.0913%,0.0001,1.1257,0.464,0.6449,1.3940%,1.7799%,38.6648%,0.004262,AGCO,-0.0209899999999999,-0.0261389999999999,-0.0319859999999999,-0.0262469999999999,-0.0331639999999999
33627,ARGAN INC,Argan shares are trading higher after the company's subsidiary Gemma Power Systems entered into an EPC contract and received a limited notice to proceed for 1.8-gigawatt power project.,6,increase,0.8,0.7,"the announcement of a significant epc contract and a limited notice to proceed for a large power project typically signals positive growth prospects, likely boosting investor confidence and increasing the stock price.",2,2019-02-05,AGX,2019-02-05 16:02:00+00:00,64785.0,04010E10,0.1391158401966095,491996.0,-0.0086479615420103,-0.0090476442128419,-0.0163829885423183,-0.0052108294330537,0.0030283234082162,0.0011857494246214,-0.0015095901908352,-0.0147196510806679,0.0326134376227855,-0.0058072009123861,-0.0060656955465674,0.0170091520994901,-0.0119949430227279,0.0175481587648391,0.0080937389284372,0.0208588577806949,0.0183815527707338,0.006876197643578,0.0035269330255687,0.0007373456610366,-0.0121976463124156,0.0236477646976709,-0.022812895476818,0.0020166835747659,-0.0102805644273757,0.0081321401521563,-0.0049772677011787,-0.0043016695417463,0.005437146872282,-0.0095238359645009,0.0058403732255101,-0.0091879544779658,0.0015053697861731,0.0197518039494752,0.0188963077962398,-0.0010118164354935,-0.0115911327302455,-0.0040312386117875,-0.0008528979378752,0.0109526319429278,0.0046948618255555,0.0307166762650013,-0.0021240927744656,-0.0085892248898744,0.0206471104174852,0.0153276426717639,0.0089676808565855,0.0047796149738132,-0.0024804205168038,0.0018621892668306,-0.0008287837263196,-0.0071315490640699,0.0232268534600734,0.0401098616421222,0.0074989651329815,0.0133631229400634,-0.0177026204764843,-0.0509907640516758,0.0012287027202546,-0.0132951540872454,0.0028635589405894,-0.0211788229644298,-0.0187639854848384,-0.0106034325435757,0.0039492542855441,0.0,0.011180143803358,-0.0119730494916439,0.0108517361804842,-0.0267054755240678,0.0127608077600598,0.0080763092264533,-0.0009999847970902,0.0031917768064886,0.016416409984231,-0.0304689072072506,-0.0070908134803175,-0.0335864461958408,0.0047609936445951,0.0492397025227546,0.0171766821295023,-0.0400834009051322,0.0069875894114375,-0.0071313865482807,-0.0144564379006624,-0.0222671590745449,-0.0168198831379413,-0.0067023960873484,0.0063656195998191,0.0207525622099638,-0.0116623872891068,-0.0006837418768554,0.0059999846853315,0.0110598970204591,0.0139165166765451,-0.0122894197702407,-0.005294126458466,0.0199627839028835,-0.009461848065257,-0.0342972166836261,0.0003980190667789,0.016868058592081,-0.0113954357802867,-0.0015930745285004,0.0119312461465597,0.0173651315271854,0.0069943736307322,-0.0128000313416123,-0.0194482952356338,0.0115606933832168,-0.015179113484919,-0.0311379786580801,-0.0147965727373957,-0.0467649437487125,-0.0025031066033989,0.0301364455372095,0.0060644275508821,0.0044189300388097,-0.0128871109336614,0.0182226672768592,-0.0086479615420103,-0.0090476442128419,-0.0248892706294714,-0.0142113279151316,-0.0219363199821158,-0.0130424295644087,0.0084370705635754,-0.0332171964314821,0.0202488727261247,0.0291309367619911,0.0312170331676588,0.0916406594447787,0.0066938803746956,-0.0579227079984866,2019-02-06,2019-02-07,2019-02-08,2019-02-11,2019-02-12,2019-02-13,2019-02-14,2019-02-15,2019-02-19,2019-02-20,64785.0,2019-02-05,252.0,13.9116%,0.001,0.7573,0.9383,0.5654,2.7522%,2.8864%,9.0826%,0.140535,AGX,64785.0,2019-02-06,252.0,-0.8648%,0.0011,0.7007,0.9566,0.5084,2.7443%,2.8627%,8.1063%,-0.0073839999999999,AGX,64785.0,2019-02-07,252.0,-1.6383%,0.001,0.6975,0.9658,0.5046,2.7444%,2.8630%,8.1095%,-0.010706,AGX,64785.0,2019-02-08,252.0,0.3028%,0.0011,0.6966,0.969,0.5031,2.7444%,2.8630%,8.1124%,0.005299,AGX,64785.0,2019-02-11,252.0,-0.1510%,0.0011,0.6654,0.9835,0.4945,2.7416%,2.8535%,7.6850%,-0.010138,AGX,64785.0,2019-02-12,252.0,3.2613%,0.0012,0.6716,0.9924,0.4961,2.7447%,2.8589%,7.8304%,0.024108,AGX,64785.0,2019-02-13,252.0,-0.6066%,0.0012,0.6755,0.9816,0.4917,2.7444%,2.8588%,7.8395%,-0.008989,AGX,64785.0,2019-02-14,252.0,-1.1995%,0.0011,0.6785,0.9738,0.5008,2.7457%,2.8597%,7.8152%,-0.012929,AGX,64785.0,2019-02-15,252.0,0.8094%,0.0011,0.6747,0.9698,0.4939,2.7459%,2.8584%,7.7163%,-0.0045119999999999,AGX,64785.0,2019-02-19,252.0,1.8382%,0.0011,0.6794,0.9737,0.4979,2.7465%,2.8604%,7.8037%,0.012706,AGX,64785.0,2019-02-20,252.0,0.3527%,0.0011,0.6781,0.9693,0.4927,2.7465%,2.8600%,7.7779%,-0.002744,AGX,0.133151,0.122445,0.127744,0.1417139999999999,0.125246
33635,ARGAN INC,"Argan, Inc.'s Wholly Owned Subsidiary Gemma Power Systems Enters Into EPC Contract And Receives Limited Notice To Proceed For 1.8 Gigawatt Power Project",6,increase,0.8,0.7,"the announcement of a significant epc contract and a limited notice to proceed for a 1.8 gigawatt power project is likely to be viewed positively by investors, indicating growth potential and future revenue for argan inc.",2,2019-02-05,AGX,2019-02-05 13:45:00+00:00,64785.0,04010E10,0.1391158401966095,491996.0,-0.0086479615420103,-0.0090476442128419,-0.0163829885423183,-0.0052108294330537,0.0030283234082162,0.0011857494246214,-0.0015095901908352,-0.0147196510806679,0.0326134376227855,-0.0058072009123861,-0.0060656955465674,0.0170091520994901,-0.0119949430227279,0.0175481587648391,0.0080937389284372,0.0208588577806949,0.0183815527707338,0.006876197643578,0.0035269330255687,0.0007373456610366,-0.0121976463124156,0.0236477646976709,-0.022812895476818,0.0020166835747659,-0.0102805644273757,0.0081321401521563,-0.0049772677011787,-0.0043016695417463,0.005437146872282,-0.0095238359645009,0.0058403732255101,-0.0091879544779658,0.0015053697861731,0.0197518039494752,0.0188963077962398,-0.0010118164354935,-0.0115911327302455,-0.0040312386117875,-0.0008528979378752,0.0109526319429278,0.0046948618255555,0.0307166762650013,-0.0021240927744656,-0.0085892248898744,0.0206471104174852,0.0153276426717639,0.0089676808565855,0.0047796149738132,-0.0024804205168038,0.0018621892668306,-0.0008287837263196,-0.0071315490640699,0.0232268534600734,0.0401098616421222,0.0074989651329815,0.0133631229400634,-0.0177026204764843,-0.0509907640516758,0.0012287027202546,-0.0132951540872454,0.0028635589405894,-0.0211788229644298,-0.0187639854848384,-0.0106034325435757,0.0039492542855441,0.0,0.011180143803358,-0.0119730494916439,0.0108517361804842,-0.0267054755240678,0.0127608077600598,0.0080763092264533,-0.0009999847970902,0.0031917768064886,0.016416409984231,-0.0304689072072506,-0.0070908134803175,-0.0335864461958408,0.0047609936445951,0.0492397025227546,0.0171766821295023,-0.0400834009051322,0.0069875894114375,-0.0071313865482807,-0.0144564379006624,-0.0222671590745449,-0.0168198831379413,-0.0067023960873484,0.0063656195998191,0.0207525622099638,-0.0116623872891068,-0.0006837418768554,0.0059999846853315,0.0110598970204591,0.0139165166765451,-0.0122894197702407,-0.005294126458466,0.0199627839028835,-0.009461848065257,-0.0342972166836261,0.0003980190667789,0.016868058592081,-0.0113954357802867,-0.0015930745285004,0.0119312461465597,0.0173651315271854,0.0069943736307322,-0.0128000313416123,-0.0194482952356338,0.0115606933832168,-0.015179113484919,-0.0311379786580801,-0.0147965727373957,-0.0467649437487125,-0.0025031066033989,0.0301364455372095,0.0060644275508821,0.0044189300388097,-0.0128871109336614,0.0182226672768592,-0.0086479615420103,-0.0090476442128419,-0.0248892706294714,-0.0142113279151316,-0.0219363199821158,-0.0130424295644087,0.0084370705635754,-0.0332171964314821,0.0202488727261247,0.0291309367619911,0.0312170331676588,0.0916406594447787,0.0066938803746956,-0.0579227079984866,2019-02-06,2019-02-07,2019-02-08,2019-02-11,2019-02-12,2019-02-13,2019-02-14,2019-02-15,2019-02-19,2019-02-20,64785.0,2019-02-05,252.0,13.9116%,0.001,0.7573,0.9383,0.5654,2.7522%,2.8864%,9.0826%,0.140535,AGX,64785.0,2019-02-06,252.0,-0.8648%,0.0011,0.7007,0.9566,0.5084,2.7443%,2.8627%,8.1063%,-0.0073839999999999,AGX,64785.0,2019-02-07,252.0,-1.6383%,0.001,0.6975,0.9658,0.5046,2.7444%,2.8630%,8.1095%,-0.010706,AGX,64785.0,2019-02-08,252.0,0.3028%,0.0011,0.6966,0.969,0.5031,2.7444%,2.8630%,8.1124%,0.005299,AGX,64785.0,2019-02-11,252.0,-0.1510%,0.0011,0.6654,0.9835,0.4945,2.7416%,2.8535%,7.6850%,-0.010138,AGX,64785.0,2019-02-12,252.0,3.2613%,0.0012,0.6716,0.9924,0.4961,2.7447%,2.8589%,7.8304%,0.024108,AGX,64785.0,2019-02-13,252.0,-0.6066%,0.0012,0.6755,0.9816,0.4917,2.7444%,2.8588%,7.8395%,-0.008989,AGX,64785.0,2019-02-14,252.0,-1.1995%,0.0011,0.6785,0.9738,0.5008,2.7457%,2.8597%,7.8152%,-0.012929,AGX,64785.0,2019-02-15,252.0,0.8094%,0.0011,0.6747,0.9698,0.4939,2.7459%,2.8584%,7.7163%,-0.0045119999999999,AGX,64785.0,2019-02-19,252.0,1.8382%,0.0011,0.6794,0.9737,0.4979,2.7465%,2.8604%,7.8037%,0.012706,AGX,64785.0,2019-02-20,252.0,0.3527%,0.0011,0.6781,0.9693,0.4927,2.7465%,2.8600%,7.7779%,-0.002744,AGX,0.133151,0.122445,0.127744,0.1417139999999999,0.125246
33643,AMERICAN INTERNATIONAL GROUP INC,"Credit Suisse Initiates Coverage On American International Gr with Neutral Rating, Announces $46 Price Target",6,uncertain,0.6,0.3,"while a neutral rating suggests stability, the price target of $46 may not significantly influence investor sentiment, leading to uncertainty in stock price movement.",1,2019-02-05,AIG,2019-02-05 13:25:00+00:00,66800.0,02687478,-0.0077272760681807,10111874.0,-0.0002290041593369,0.0041077202185988,-0.0187857877463102,0.0136479334905743,-0.0088723106309771,0.0098107485100626,0.0141342394053936,0.0130147440358996,0.0181185267865657,-0.0130780329927802,0.0079853627830743,-0.0083372071385383,-0.0903123989701271,0.0055892337113618,0.0529982857406139,0.0028024038765579,0.0158318057656288,-0.0124538950622081,0.0069783488288521,-0.0181159246712923,-0.0064680664800107,0.0200969949364662,-0.0032550429459661,0.0037097111344337,0.022393349558115,0.0160188525915145,0.0006844348390586,0.010714303702116,-0.0088919149711728,0.0081613091751933,-0.0062111904844641,0.005794343072921,0.0006944161723367,0.0063167717307806,0.0064769554883241,0.0145427696406841,-0.0078142993152141,0.0039594122208654,-0.0155199952423572,0.0057242293842136,-0.0162352621555328,0.0369032323360443,0.0093278968706727,-0.0219585802406072,0.0146919172257185,0.0053285737521946,0.0053713112138211,0.0204557459801435,0.0171893537044525,-0.0180524494498968,0.0063941325061023,0.0191759951412677,0.0066285924986004,0.033752966672182,0.0054495427757501,-0.0018716495251283,-0.0094850538298487,-0.0196592397987842,-0.0205198712646961,-0.0302490759640932,0.0109404381364584,0.0473908074200153,-0.0186507329344749,0.0026695753913372,-0.0039886948652565,-0.0008002825197763,0.0141342394053936,0.0053633884526789,0.0020905958954244,-0.010350301861763,-0.0009272349416278,0.029789563268423,-0.0009280070080421,-0.0159956868737936,0.0215977765619754,-0.01029032189399,-0.0100023280829191,-0.0383151061832904,0.007347869221121,-0.0333578772842884,0.0166400633752346,-0.0558128729462623,0.0100897038355469,-0.001618490088731,-0.0039955675601959,-0.0043738177046179,-0.0053487378172576,-0.0198556203395128,0.0056016133166849,0.0204927325248718,0.018493715673685,-0.0095780659466981,0.0105009749531745,0.0110675478354096,-0.0084433732554316,-0.011171949096024,0.0205240715295076,0.0185787081718444,-0.0164741221815347,-0.0055426759645342,0.0015227255644276,0.0083838058635592,-0.0008688296074979,0.0058561726473271,-0.0004347925714682,0.017882689833641,-0.0052196141332387,-0.0052182450890541,-0.0120245525613427,-0.0072993021458387,0.0190307740122079,-0.0308078154921531,0.0204126480966806,-0.0097175212576985,0.0123430090025067,-0.0040513235144317,-0.0147151723504066,-0.0104677332565188,-0.001493486110121,0.0174484569579362,-0.0002290041593369,0.0041077202185988,-0.0190104898821168,0.0178117156015145,-0.0277141335416127,0.0277972103738763,0.0038937694196201,0.0275572236218648,-0.0084745559845761,-0.0036231840251722,-0.0088359911253209,0.1184544917076908,0.0797596813052277,0.0057739199581516,2019-02-06,2019-02-07,2019-02-08,2019-02-11,2019-02-12,2019-02-13,2019-02-14,2019-02-15,2019-02-19,2019-02-20,66800.0,2019-02-05,252.0,-0.7727%,-0.001,0.9418,0.3897,0.7512,1.1626%,1.5133%,40.9785%,-0.007097,AIG,66800.0,2019-02-06,252.0,-0.0229%,-0.001,0.9452,0.3886,0.7548,1.1626%,1.4951%,39.5337%,0.001256,AIG,66800.0,2019-02-07,252.0,-1.8786%,-0.001,0.9583,0.3767,0.7535,1.1595%,1.4990%,40.1648%,-0.012534,AIG,66800.0,2019-02-08,252.0,-0.8872%,-0.0011,0.9591,0.3735,0.7547,1.1594%,1.4995%,40.2162%,-0.004824,AIG,66800.0,2019-02-11,252.0,1.4134%,-0.001,0.9517,0.3934,0.7616,1.1601%,1.4861%,39.0668%,0.008491,AIG,66800.0,2019-02-12,252.0,1.8119%,-0.001,0.9424,0.4107,0.7537,1.1522%,1.4752%,38.9926%,0.006291,AIG,66800.0,2019-02-13,252.0,0.7985%,-0.001,0.9515,0.3976,0.7527,1.1471%,1.4751%,39.5301%,0.0044729999999999,AIG,66800.0,2019-02-14,252.0,-9.0312%,-0.0013,0.9717,0.3514,0.8028,1.2655%,1.5789%,35.7601%,-0.086116,AIG,66800.0,2019-02-15,252.0,5.2998%,-0.001,1.0128,0.3925,0.8751,1.2820%,1.6155%,37.0223%,0.037186,AIG,66800.0,2019-02-19,252.0,1.5832%,-0.0009,1.0177,0.3956,0.8782,1.2828%,1.6189%,37.2132%,0.0100439999999999,AIG,66800.0,2019-02-20,252.0,0.6978%,-0.0009,1.0175,0.3946,0.8776,1.2828%,1.6194%,37.2540%,-0.000756,AIG,-0.005841,-0.018375,-0.0231989999999999,-0.0084169999999999,-0.043586
33651,ALBEMARLE CORP,"Citigroup Downgrades Albemarle to Neutral, Lowers Price Target to $81",6,decrease,0.8,0.7,"a downgrade from citigroup typically signals reduced expectations for the company's performance, which can lead to a decline in stock price.",0,2019-02-05,ALB,2019-02-05 11:30:00+00:00,80191.0,01265310,-0.0075665451586246,1410616.0,0.0106985094025731,0.0078720711171627,-0.0188587792217731,0.0070605683140456,0.0045883278362452,0.0064830356277525,-0.0018516420386731,0.0241317600011825,-0.00507053732872,0.0159554202109575,0.0159105844795703,0.0066596302203834,-0.0160284489393234,0.0345853194594383,0.0118130389600992,0.0013527931878343,0.0216295253485441,-0.0192384831607341,-0.0038493890315294,-0.0164425745606422,0.0778892040252685,0.0177977997809648,-0.0008962785941548,0.0183957871049642,0.0267997235059738,0.0039380895905196,-0.0062247426249086,-0.0432636328041553,0.0140659203752875,-0.0056840511970222,-0.0107281953096389,0.0018119196174666,-0.0054770512506365,0.005596047732979,-0.0253332201391458,-0.0063365506939589,-0.0063283713534474,0.0097936792299151,-0.0177413579076528,0.0044596535153687,-0.0204932764172554,0.0488374643027782,-0.0192671082913875,-0.0693892985582351,0.0306134857237339,0.0134942382574081,-0.0004677922406699,0.0043002585880458,0.0086579835042357,-0.0062160496599972,-0.0129044856876134,0.0123230526223778,0.0081434529274702,0.0430740006268024,0.0118239540606737,-0.0228487327694892,-0.0138840330764651,-0.0173320285975933,-0.0092690475285053,-0.0456140264868736,0.0126717155799269,-0.0151795102283358,-0.032627772539854,0.0064587830565869,-0.0137814236804842,-0.0524891018867492,-0.0066192806698381,-0.0337730385363102,-0.0109822237864136,-0.0056881769560277,0.0127260964363813,-0.0033677935134619,0.0099791204556822,0.0004492465814109,0.0270796958357095,0.0043993163853883,-0.0154393762350082,-0.0278539415448904,0.0158021412789821,-0.0214615296572446,0.0159126464277505,-0.0535242408514022,0.0068965088576078,0.0222176015377044,0.0092872427776455,-0.0010371133685112,-0.0248447619378566,-0.0020700120367109,0.0090823816135525,0.0124698989093303,-0.0331970043480396,-0.0122140599414706,0.0114859705790877,-0.0016533640446141,-0.0167344193905592,0.0130862649530172,0.0115487100556492,-0.002297902945429,-0.0133397504687309,-0.038851547986269,0.0057247411459684,-0.0135670695453882,-0.0048443931154906,-0.0167477466166019,-0.0379700027406215,0.0276165138930082,-0.0284629967063665,0.0074597331695258,-0.0251302104443311,0.0115223536267876,0.0092159043997526,-0.0420980416238308,0.0019851976539939,-0.0329650081694126,-0.0085854120552539,-0.019631402567029,-0.0131894201040267,0.0018554313573986,0.0272714551538229,0.0148762064054608,0.0106985094025731,0.0078720711171627,-0.0083620306460252,0.0149882207271041,-0.0038120705477606,0.021568425523827,-0.0106985090498291,0.0629135600101054,0.0183226506344007,0.069294082426256,0.0428706949925752,0.0268170340218438,-0.0602555034796777,-0.2255705969638772,2019-02-06,2019-02-07,2019-02-08,2019-02-11,2019-02-12,2019-02-13,2019-02-14,2019-02-15,2019-02-19,2019-02-20,80191.0,2019-02-05,252.0,-0.7567%,-0.0008,1.0943,0.4763,0.3049,1.7638%,2.1242%,31.0560%,-0.010183,ALB,80191.0,2019-02-06,252.0,1.0699%,-0.0009,1.1621,0.4542,0.3737,1.7468%,2.1254%,32.4555%,0.01284,ALB,80191.0,2019-02-07,252.0,-1.8859%,-0.0009,1.1601,0.4604,0.371,1.7469%,2.1233%,32.3084%,-0.009018,ALB,80191.0,2019-02-08,252.0,0.4588%,-0.0009,1.1587,0.4647,0.3683,1.7469%,2.1230%,32.2889%,0.005774,ALB,80191.0,2019-02-11,252.0,-0.1852%,-0.001,1.1896,0.4263,0.3637,1.7403%,2.1215%,32.7058%,-0.007488,ALB,80191.0,2019-02-12,252.0,-0.5071%,-0.0011,1.1728,0.4334,0.3539,1.7433%,2.1158%,32.1073%,-0.0208159999999999,ALB,80191.0,2019-02-13,252.0,1.5911%,-0.0012,1.1637,0.4541,0.3607,1.7386%,2.1056%,31.8210%,0.012019,ALB,80191.0,2019-02-14,252.0,-1.6028%,-0.0011,1.1687,0.4483,0.3638,1.7300%,2.1008%,32.1812%,-0.013954,ALB,80191.0,2019-02-15,252.0,1.1813%,-0.0011,1.1577,0.4381,0.3456,1.7288%,2.0931%,31.7789%,-0.00436,ALB,80191.0,2019-02-19,252.0,2.1630%,-0.0011,1.1565,0.4562,0.3661,1.7297%,2.0911%,31.5765%,0.017023,ALB,80191.0,2019-02-20,252.0,-0.3849%,-0.0011,1.1563,0.4656,0.3681,1.7248%,2.0875%,31.7312%,-0.009164,ALB,0.002657,-0.0063609999999999,-0.0005869999999999,-0.0288909999999999,-0.027327
33659,ALLSTATE CORP,"Allstate Q4 EPS $1.24 Beats $1.16 Estimate, Sales $9.481B Beat $8.23B Estimate",6,increase,0.8,0.7,"the earnings per share (eps) and sales both exceeded estimates, which typically indicates strong financial performance and can lead to a positive reaction in the stock price.",2,2019-02-05,ALL,2019-02-05 21:44:00+00:00,79323.0,02000210,0.0018017570255324,2143167.0,0.0404676087200641,-0.0002251367113785,-0.0024848284665495,0.0108113912865519,0.0014079633401706,0.0060683125630021,0.000757080852054,0.0064530717208981,0.0041068289428949,0.0033529994543641,0.011731743812561,0.0039465622976422,-0.0081914532929658,-0.0011594025418162,0.0123350191861391,0.0041914149187505,0.0025429700035601,0.0003493917756713,0.0046501248143613,0.0018670206191018,-0.0045234621502459,0.0133616793900728,-0.000634022639133,0.0003548471722751,0.0034894980490207,0.0036803698167204,-0.0085353543981909,0.0051312684081494,0.0041450425051152,0.0041942014358937,0.0042561595328152,-0.0010773757239803,0.0066751949489116,0.004569471348077,-0.0085254730656743,0.0076336469501256,-0.0021231099963188,-0.0001211792623507,-0.0050000129267573,-0.0015724840341135,-0.0031006191857159,0.0295142587274313,0.000643556297291,-0.0164134781807661,0.008681645616889,-0.011981095187366,-0.0004250442725606,0.0074372179806232,-0.0055277626961469,0.002812027465552,0.0032067922875285,0.0122524481266737,0.0105487257242202,0.0456840507686138,0.0018979366868734,-0.0323106050491333,-0.0085244961082935,0.0005012018373236,-0.0124190440401434,-0.0144480830058455,0.0166594516485929,-0.0065022544004023,-0.0044401963241398,0.016841297969222,-0.0019114400492981,0.0108449002727866,0.0011703438358381,-0.0160068664699792,0.0005313820438459,-0.0219660811126232,-0.0022304735612124,-0.001090997015126,0.0025547994300723,-0.0094860820099711,0.0096623068675398,-0.0063238134607672,-0.0029445660766214,-0.015042882412672,0.0087543707340955,-0.0151620963588357,0.0044960300438106,-0.0265885591506958,0.0024981561582535,-0.0048211715184152,-0.0149516649544239,0.0080244019627571,-0.0053757997229695,-0.0024674774613231,0.0067825284786522,0.0189714711159467,0.0085262898355722,-0.010404865257442,0.0125248366966843,0.0078649809584021,-0.0062880176119506,-0.0038605239242315,0.0185684747993946,-0.0002270024269819,-0.0077401171438395,-0.0040701031684875,-0.0072872736491262,-0.0117318779230117,0.0036186773795634,0.0023518768139183,0.0022664181888103,0.0073330495506525,-0.0090450942516326,-0.0299846567213535,0.0006223167292773,-0.0019659274257719,0.0097439866513013,-0.0230474136769771,0.0035930443555116,0.0002134927781298,0.0132978251203894,0.0127540025860071,-0.0107005611062049,0.016368206590414,0.002959192963317,0.0070804227143526,0.0404676087200641,-0.0002251367113785,0.0378822251873938,0.0105838205340937,0.0393435253118723,0.0167163590282075,0.0444020299934588,0.0267083508501511,0.0685701277689416,0.036172768519509,0.0514276181860096,0.0965670460243839,0.1107568858090792,-0.0124829347794993,2019-02-06,2019-02-07,2019-02-08,2019-02-11,2019-02-12,2019-02-13,2019-02-14,2019-02-15,2019-02-19,2019-02-20,79323.0,2019-02-05,252.0,0.1802%,-0.0,0.8814,-0.2344,0.5555,0.9123%,1.3083%,51.3752%,0.001034,ALL,79323.0,2019-02-06,252.0,4.0468%,0.0001,0.8975,-0.2403,0.5771,0.9473%,1.3198%,48.4873%,0.041894,ALL,79323.0,2019-02-07,252.0,-0.2485%,0.0001,0.8959,-0.2397,0.5777,0.9474%,1.3157%,48.1492%,0.003198,ALL,79323.0,2019-02-08,252.0,0.1408%,0.0001,0.8953,-0.2463,0.5708,0.9471%,1.3156%,48.1820%,0.004608,ALL,79323.0,2019-02-11,252.0,0.0757%,0.0002,0.8441,-0.1981,0.57,0.9134%,1.2383%,45.5966%,-0.000284,ALL,79323.0,2019-02-12,252.0,0.4107%,0.0002,0.8432,-0.2019,0.5703,0.9139%,1.2372%,45.4409%,-0.006464,ALL,79323.0,2019-02-13,252.0,1.1732%,0.0003,0.8504,-0.2106,0.5708,0.9119%,1.2393%,45.8562%,0.008993,ALL,79323.0,2019-02-14,252.0,-0.8191%,0.0003,0.8501,-0.2124,0.5744,0.9077%,1.2367%,46.1264%,-0.002099,ALL,79323.0,2019-02-15,252.0,1.2335%,0.0002,0.8368,-0.2243,0.5529,0.9019%,1.2232%,45.6315%,0.000403,ALL,79323.0,2019-02-19,252.0,0.2543%,0.0002,0.8407,-0.2301,0.546,0.8984%,1.2228%,46.0217%,-0.000155,ALL,79323.0,2019-02-20,252.0,0.4650%,0.0002,0.8403,-0.2331,0.544,0.8979%,1.2227%,46.0735%,0.000456,ALL,0.042928,0.046126,0.050734,0.043986,0.051584
33667,ALLSTATE CORP,Q4 Earnings Preview For Allstate,6,uncertain,0.5,0.5,the impact on allstate corp's stock price is uncertain as it depends on the actual earnings results compared to market expectations.,1,2019-02-05,ALL,2019-02-05 12:50:00+00:00,79323.0,02000210,0.0018017570255324,2143167.0,0.0404676087200641,-0.0002251367113785,-0.0024848284665495,0.0108113912865519,0.0014079633401706,0.0060683125630021,0.000757080852054,0.0064530717208981,0.0041068289428949,0.0033529994543641,0.011731743812561,0.0039465622976422,-0.0081914532929658,-0.0011594025418162,0.0123350191861391,0.0041914149187505,0.0025429700035601,0.0003493917756713,0.0046501248143613,0.0018670206191018,-0.0045234621502459,0.0133616793900728,-0.000634022639133,0.0003548471722751,0.0034894980490207,0.0036803698167204,-0.0085353543981909,0.0051312684081494,0.0041450425051152,0.0041942014358937,0.0042561595328152,-0.0010773757239803,0.0066751949489116,0.004569471348077,-0.0085254730656743,0.0076336469501256,-0.0021231099963188,-0.0001211792623507,-0.0050000129267573,-0.0015724840341135,-0.0031006191857159,0.0295142587274313,0.000643556297291,-0.0164134781807661,0.008681645616889,-0.011981095187366,-0.0004250442725606,0.0074372179806232,-0.0055277626961469,0.002812027465552,0.0032067922875285,0.0122524481266737,0.0105487257242202,0.0456840507686138,0.0018979366868734,-0.0323106050491333,-0.0085244961082935,0.0005012018373236,-0.0124190440401434,-0.0144480830058455,0.0166594516485929,-0.0065022544004023,-0.0044401963241398,0.016841297969222,-0.0019114400492981,0.0108449002727866,0.0011703438358381,-0.0160068664699792,0.0005313820438459,-0.0219660811126232,-0.0022304735612124,-0.001090997015126,0.0025547994300723,-0.0094860820099711,0.0096623068675398,-0.0063238134607672,-0.0029445660766214,-0.015042882412672,0.0087543707340955,-0.0151620963588357,0.0044960300438106,-0.0265885591506958,0.0024981561582535,-0.0048211715184152,-0.0149516649544239,0.0080244019627571,-0.0053757997229695,-0.0024674774613231,0.0067825284786522,0.0189714711159467,0.0085262898355722,-0.010404865257442,0.0125248366966843,0.0078649809584021,-0.0062880176119506,-0.0038605239242315,0.0185684747993946,-0.0002270024269819,-0.0077401171438395,-0.0040701031684875,-0.0072872736491262,-0.0117318779230117,0.0036186773795634,0.0023518768139183,0.0022664181888103,0.0073330495506525,-0.0090450942516326,-0.0299846567213535,0.0006223167292773,-0.0019659274257719,0.0097439866513013,-0.0230474136769771,0.0035930443555116,0.0002134927781298,0.0132978251203894,0.0127540025860071,-0.0107005611062049,0.016368206590414,0.002959192963317,0.0070804227143526,0.0404676087200641,-0.0002251367113785,0.0378822251873938,0.0105838205340937,0.0393435253118723,0.0167163590282075,0.0444020299934588,0.0267083508501511,0.0685701277689416,0.036172768519509,0.0514276181860096,0.0965670460243839,0.1107568858090792,-0.0124829347794993,2019-02-06,2019-02-07,2019-02-08,2019-02-11,2019-02-12,2019-02-13,2019-02-14,2019-02-15,2019-02-19,2019-02-20,79323.0,2019-02-05,252.0,0.1802%,-0.0,0.8814,-0.2344,0.5555,0.9123%,1.3083%,51.3752%,0.001034,ALL,79323.0,2019-02-06,252.0,4.0468%,0.0001,0.8975,-0.2403,0.5771,0.9473%,1.3198%,48.4873%,0.041894,ALL,79323.0,2019-02-07,252.0,-0.2485%,0.0001,0.8959,-0.2397,0.5777,0.9474%,1.3157%,48.1492%,0.003198,ALL,79323.0,2019-02-08,252.0,0.1408%,0.0001,0.8953,-0.2463,0.5708,0.9471%,1.3156%,48.1820%,0.004608,ALL,79323.0,2019-02-11,252.0,0.0757%,0.0002,0.8441,-0.1981,0.57,0.9134%,1.2383%,45.5966%,-0.000284,ALL,79323.0,2019-02-12,252.0,0.4107%,0.0002,0.8432,-0.2019,0.5703,0.9139%,1.2372%,45.4409%,-0.006464,ALL,79323.0,2019-02-13,252.0,1.1732%,0.0003,0.8504,-0.2106,0.5708,0.9119%,1.2393%,45.8562%,0.008993,ALL,79323.0,2019-02-14,252.0,-0.8191%,0.0003,0.8501,-0.2124,0.5744,0.9077%,1.2367%,46.1264%,-0.002099,ALL,79323.0,2019-02-15,252.0,1.2335%,0.0002,0.8368,-0.2243,0.5529,0.9019%,1.2232%,45.6315%,0.000403,ALL,79323.0,2019-02-19,252.0,0.2543%,0.0002,0.8407,-0.2301,0.546,0.8984%,1.2228%,46.0217%,-0.000155,ALL,79323.0,2019-02-20,252.0,0.4650%,0.0002,0.8403,-0.2331,0.544,0.8979%,1.2227%,46.0735%,0.000456,ALL,0.042928,0.046126,0.050734,0.043986,0.051584
33675,ALLOT LTD,"Allot shares are trading higher after the company reported Q4 EPS of $(0.01), beating the $(0.03) estimate and sales of $26.89 million, beating the $25.18 million estimate; the company also issued strong FY19 sales guidance.",6,increase,0.8,0.6,"the company beat both eps and sales estimates and provided strong sales guidance, which typically boosts investor confidence and can lead to a higher stock price.",2,2019-02-05,ALLT,2019-02-05 14:40:00+00:00,91604.0,M0854Q10,0.0984307527542114,1493709.0,0.0,0.0014286041259765,-0.0272727329283952,0.0014306479133665,0.0066755930893123,0.0355555228888988,-0.0225464291870594,0.0135135371237993,-0.0108548067510128,0.0199080593883991,0.0082304449751973,0.0046154167503118,0.0122449193149805,0.0156249850988388,0.0107526779174804,0.0015649810666218,-0.0039893896318972,0.0126782767474651,-0.0120159788057208,0.00637957919389,-0.0013513822341337,0.0112903509289026,0.0081190718337893,-0.0189873985946178,-0.0134228067472577,-0.0047243675217032,-0.01768708974123,0.0192616190761327,0.0110803879797458,-0.00637957919389,0.0109588932245969,0.0031999968923628,0.0392953865230083,-0.0264797620475292,-0.0026075593195855,0.0422078296542167,0.0248366091400384,-0.0032362430356442,0.00127547851298,0.0065146517008543,-0.0127388415858149,0.0302013140171766,0.024516137316823,-0.0213464871048927,0.0251889526844024,0.003294889582321,0.0073709413409233,0.0323129333555698,-0.0195121765136718,-0.0033898272085934,-0.011194048449397,-0.0084033133462071,-0.0188678763806819,0.0456941574811935,0.0025641000829637,-0.0323129333555698,-0.0012788015883415,-0.0376432090997695,0.0012804390862584,-0.0512422248721122,0.0217390786856412,-0.0160427838563919,-0.0375468991696834,-0.0038051893934607,-0.0130038885399699,-0.0149924894794821,0.0263504348695278,-0.0074404338374733,-0.0089859012514352,0.0029850718565285,0.010362746194005,0.0044977110810577,0.0179487001150846,-0.0029895338229835,0.0214105285704135,0.0,0.0012330738827586,0.0,-0.0024629931431263,-0.0014925003051757,-0.0382716543972492,-0.0190336927771568,0.005134783219546,-0.0200860649347305,-0.0076628280803561,0.040298506617546,0.0038610307965427,-0.0147059382870793,0.0064102197065949,0.0029498497024178,0.0025477684102952,-0.0029411735013127,0.0114358514547348,-0.0058479476720094,0.0012562501942738,0.0,0.00627360958606,0.0208955742418766,-0.0261846017092466,-0.0261628348380327,0.0256082322448492,-0.0241134855896234,0.0024968169163912,-0.0112201850861311,-0.0049813156947493,-0.0069637484848499,0.0,0.0006968135712668,-0.0050062532536685,-0.0020862123928964,-0.0188678763806819,-0.0110041163861751,-0.0128205614164471,0.0268361661583185,-0.0402597337961196,-0.0014104695292189,-0.0094722183421254,0.0,-0.0163934919983148,0.0519288405776023,0.0,0.0014286041259765,-0.0272727329283952,0.0028612958688549,-0.0207792015065464,0.0385185536285108,-0.0532467347429196,0.0735068925789088,-0.0389610025456488,0.1180223695642728,0.0155844653975463,0.0885093464324047,-0.0649350646882358,0.0400594169921526,2019-02-06,2019-02-07,2019-02-08,2019-02-11,2019-02-12,2019-02-13,2019-02-14,2019-02-15,2019-02-19,2019-02-20,91604.0,2019-02-05,252.0,9.8431%,0.0018,0.5474,0.2614,-0.1762,1.6634%,1.7985%,14.4642%,0.095561,ALLT,91604.0,2019-02-06,252.0,0.0000%,0.0017,0.5809,0.2507,-0.1433,1.6586%,1.7986%,14.9622%,0.001254,ALLT,91604.0,2019-02-07,252.0,-2.7273%,0.0015,0.5676,0.2775,-0.1517,1.6517%,1.7890%,14.7652%,-0.021086,ALLT,91604.0,2019-02-08,252.0,0.6676%,0.0014,0.5679,0.2483,-0.1697,1.6400%,1.7793%,15.0387%,0.004879,ALLT,91604.0,2019-02-11,252.0,-2.2546%,0.0013,0.5492,0.2307,-0.1891,1.6469%,1.7756%,13.9716%,-0.02469,ALLT,91604.0,2019-02-12,252.0,-1.0855%,0.0012,0.5359,0.2331,-0.1963,1.6514%,1.7761%,13.5505%,-0.018792,ALLT,91604.0,2019-02-13,252.0,0.8230%,0.0013,0.5422,0.2246,-0.1965,1.6500%,1.7763%,13.7137%,0.0066279999999999,ALLT,91604.0,2019-02-14,252.0,1.2245%,0.0012,0.5379,0.2287,-0.1975,1.6391%,1.7649%,13.7414%,0.010976,ALLT,91604.0,2019-02-15,252.0,1.0753%,0.0012,0.5353,0.2268,-0.201,1.6388%,1.7637%,13.6592%,0.004951,ALLT,91604.0,2019-02-19,252.0,-0.3989%,0.0012,0.5368,0.2191,-0.2099,1.6384%,1.7640%,13.7362%,-0.005161,ALLT,91604.0,2019-02-20,252.0,-1.2016%,0.0011,0.5323,0.2059,-0.2267,1.6400%,1.7654%,13.7043%,-0.012464,ALLT,0.096815,0.075729,0.080608,0.037126,0.042056
33683,ALLOT LTD,Allot communications Sees FY19 Sales $106M-$110M vs $103.74M Est.,6,increase,0.75,0.6,"the forecasted sales for fy19 exceed analyst estimates, which is likely to positively influence investor sentiment and drive the stock price up.",2,2019-02-05,ALLT,2019-02-05 14:30:00+00:00,91604.0,M0854Q10,0.0984307527542114,1493709.0,0.0,0.0014286041259765,-0.0272727329283952,0.0014306479133665,0.0066755930893123,0.0355555228888988,-0.0225464291870594,0.0135135371237993,-0.0108548067510128,0.0199080593883991,0.0082304449751973,0.0046154167503118,0.0122449193149805,0.0156249850988388,0.0107526779174804,0.0015649810666218,-0.0039893896318972,0.0126782767474651,-0.0120159788057208,0.00637957919389,-0.0013513822341337,0.0112903509289026,0.0081190718337893,-0.0189873985946178,-0.0134228067472577,-0.0047243675217032,-0.01768708974123,0.0192616190761327,0.0110803879797458,-0.00637957919389,0.0109588932245969,0.0031999968923628,0.0392953865230083,-0.0264797620475292,-0.0026075593195855,0.0422078296542167,0.0248366091400384,-0.0032362430356442,0.00127547851298,0.0065146517008543,-0.0127388415858149,0.0302013140171766,0.024516137316823,-0.0213464871048927,0.0251889526844024,0.003294889582321,0.0073709413409233,0.0323129333555698,-0.0195121765136718,-0.0033898272085934,-0.011194048449397,-0.0084033133462071,-0.0188678763806819,0.0456941574811935,0.0025641000829637,-0.0323129333555698,-0.0012788015883415,-0.0376432090997695,0.0012804390862584,-0.0512422248721122,0.0217390786856412,-0.0160427838563919,-0.0375468991696834,-0.0038051893934607,-0.0130038885399699,-0.0149924894794821,0.0263504348695278,-0.0074404338374733,-0.0089859012514352,0.0029850718565285,0.010362746194005,0.0044977110810577,0.0179487001150846,-0.0029895338229835,0.0214105285704135,0.0,0.0012330738827586,0.0,-0.0024629931431263,-0.0014925003051757,-0.0382716543972492,-0.0190336927771568,0.005134783219546,-0.0200860649347305,-0.0076628280803561,0.040298506617546,0.0038610307965427,-0.0147059382870793,0.0064102197065949,0.0029498497024178,0.0025477684102952,-0.0029411735013127,0.0114358514547348,-0.0058479476720094,0.0012562501942738,0.0,0.00627360958606,0.0208955742418766,-0.0261846017092466,-0.0261628348380327,0.0256082322448492,-0.0241134855896234,0.0024968169163912,-0.0112201850861311,-0.0049813156947493,-0.0069637484848499,0.0,0.0006968135712668,-0.0050062532536685,-0.0020862123928964,-0.0188678763806819,-0.0110041163861751,-0.0128205614164471,0.0268361661583185,-0.0402597337961196,-0.0014104695292189,-0.0094722183421254,0.0,-0.0163934919983148,0.0519288405776023,0.0,0.0014286041259765,-0.0272727329283952,0.0028612958688549,-0.0207792015065464,0.0385185536285108,-0.0532467347429196,0.0735068925789088,-0.0389610025456488,0.1180223695642728,0.0155844653975463,0.0885093464324047,-0.0649350646882358,0.0400594169921526,2019-02-06,2019-02-07,2019-02-08,2019-02-11,2019-02-12,2019-02-13,2019-02-14,2019-02-15,2019-02-19,2019-02-20,91604.0,2019-02-05,252.0,9.8431%,0.0018,0.5474,0.2614,-0.1762,1.6634%,1.7985%,14.4642%,0.095561,ALLT,91604.0,2019-02-06,252.0,0.0000%,0.0017,0.5809,0.2507,-0.1433,1.6586%,1.7986%,14.9622%,0.001254,ALLT,91604.0,2019-02-07,252.0,-2.7273%,0.0015,0.5676,0.2775,-0.1517,1.6517%,1.7890%,14.7652%,-0.021086,ALLT,91604.0,2019-02-08,252.0,0.6676%,0.0014,0.5679,0.2483,-0.1697,1.6400%,1.7793%,15.0387%,0.004879,ALLT,91604.0,2019-02-11,252.0,-2.2546%,0.0013,0.5492,0.2307,-0.1891,1.6469%,1.7756%,13.9716%,-0.02469,ALLT,91604.0,2019-02-12,252.0,-1.0855%,0.0012,0.5359,0.2331,-0.1963,1.6514%,1.7761%,13.5505%,-0.018792,ALLT,91604.0,2019-02-13,252.0,0.8230%,0.0013,0.5422,0.2246,-0.1965,1.6500%,1.7763%,13.7137%,0.0066279999999999,ALLT,91604.0,2019-02-14,252.0,1.2245%,0.0012,0.5379,0.2287,-0.1975,1.6391%,1.7649%,13.7414%,0.010976,ALLT,91604.0,2019-02-15,252.0,1.0753%,0.0012,0.5353,0.2268,-0.201,1.6388%,1.7637%,13.6592%,0.004951,ALLT,91604.0,2019-02-19,252.0,-0.3989%,0.0012,0.5368,0.2191,-0.2099,1.6384%,1.7640%,13.7362%,-0.005161,ALLT,91604.0,2019-02-20,252.0,-1.2016%,0.0011,0.5323,0.2059,-0.2267,1.6400%,1.7654%,13.7043%,-0.012464,ALLT,0.096815,0.075729,0.080608,0.037126,0.042056
33691,ALLOT LTD,"Allot Communications Ealier Reported Q4 Adj. EPS $(0.01) Beat $(0.03) Estimate, Sales $26.885M Beat $25.18M Estimate",6,increase,0.7,0.6,"the company reported better-than-expected earnings and sales, which typically boosts investor confidence and can lead to an increase in stock price.",2,2019-02-05,ALLT,2019-02-05 14:26:00+00:00,91604.0,M0854Q10,0.0984307527542114,1493709.0,0.0,0.0014286041259765,-0.0272727329283952,0.0014306479133665,0.0066755930893123,0.0355555228888988,-0.0225464291870594,0.0135135371237993,-0.0108548067510128,0.0199080593883991,0.0082304449751973,0.0046154167503118,0.0122449193149805,0.0156249850988388,0.0107526779174804,0.0015649810666218,-0.0039893896318972,0.0126782767474651,-0.0120159788057208,0.00637957919389,-0.0013513822341337,0.0112903509289026,0.0081190718337893,-0.0189873985946178,-0.0134228067472577,-0.0047243675217032,-0.01768708974123,0.0192616190761327,0.0110803879797458,-0.00637957919389,0.0109588932245969,0.0031999968923628,0.0392953865230083,-0.0264797620475292,-0.0026075593195855,0.0422078296542167,0.0248366091400384,-0.0032362430356442,0.00127547851298,0.0065146517008543,-0.0127388415858149,0.0302013140171766,0.024516137316823,-0.0213464871048927,0.0251889526844024,0.003294889582321,0.0073709413409233,0.0323129333555698,-0.0195121765136718,-0.0033898272085934,-0.011194048449397,-0.0084033133462071,-0.0188678763806819,0.0456941574811935,0.0025641000829637,-0.0323129333555698,-0.0012788015883415,-0.0376432090997695,0.0012804390862584,-0.0512422248721122,0.0217390786856412,-0.0160427838563919,-0.0375468991696834,-0.0038051893934607,-0.0130038885399699,-0.0149924894794821,0.0263504348695278,-0.0074404338374733,-0.0089859012514352,0.0029850718565285,0.010362746194005,0.0044977110810577,0.0179487001150846,-0.0029895338229835,0.0214105285704135,0.0,0.0012330738827586,0.0,-0.0024629931431263,-0.0014925003051757,-0.0382716543972492,-0.0190336927771568,0.005134783219546,-0.0200860649347305,-0.0076628280803561,0.040298506617546,0.0038610307965427,-0.0147059382870793,0.0064102197065949,0.0029498497024178,0.0025477684102952,-0.0029411735013127,0.0114358514547348,-0.0058479476720094,0.0012562501942738,0.0,0.00627360958606,0.0208955742418766,-0.0261846017092466,-0.0261628348380327,0.0256082322448492,-0.0241134855896234,0.0024968169163912,-0.0112201850861311,-0.0049813156947493,-0.0069637484848499,0.0,0.0006968135712668,-0.0050062532536685,-0.0020862123928964,-0.0188678763806819,-0.0110041163861751,-0.0128205614164471,0.0268361661583185,-0.0402597337961196,-0.0014104695292189,-0.0094722183421254,0.0,-0.0163934919983148,0.0519288405776023,0.0,0.0014286041259765,-0.0272727329283952,0.0028612958688549,-0.0207792015065464,0.0385185536285108,-0.0532467347429196,0.0735068925789088,-0.0389610025456488,0.1180223695642728,0.0155844653975463,0.0885093464324047,-0.0649350646882358,0.0400594169921526,2019-02-06,2019-02-07,2019-02-08,2019-02-11,2019-02-12,2019-02-13,2019-02-14,2019-02-15,2019-02-19,2019-02-20,91604.0,2019-02-05,252.0,9.8431%,0.0018,0.5474,0.2614,-0.1762,1.6634%,1.7985%,14.4642%,0.095561,ALLT,91604.0,2019-02-06,252.0,0.0000%,0.0017,0.5809,0.2507,-0.1433,1.6586%,1.7986%,14.9622%,0.001254,ALLT,91604.0,2019-02-07,252.0,-2.7273%,0.0015,0.5676,0.2775,-0.1517,1.6517%,1.7890%,14.7652%,-0.021086,ALLT,91604.0,2019-02-08,252.0,0.6676%,0.0014,0.5679,0.2483,-0.1697,1.6400%,1.7793%,15.0387%,0.004879,ALLT,91604.0,2019-02-11,252.0,-2.2546%,0.0013,0.5492,0.2307,-0.1891,1.6469%,1.7756%,13.9716%,-0.02469,ALLT,91604.0,2019-02-12,252.0,-1.0855%,0.0012,0.5359,0.2331,-0.1963,1.6514%,1.7761%,13.5505%,-0.018792,ALLT,91604.0,2019-02-13,252.0,0.8230%,0.0013,0.5422,0.2246,-0.1965,1.6500%,1.7763%,13.7137%,0.0066279999999999,ALLT,91604.0,2019-02-14,252.0,1.2245%,0.0012,0.5379,0.2287,-0.1975,1.6391%,1.7649%,13.7414%,0.010976,ALLT,91604.0,2019-02-15,252.0,1.0753%,0.0012,0.5353,0.2268,-0.201,1.6388%,1.7637%,13.6592%,0.004951,ALLT,91604.0,2019-02-19,252.0,-0.3989%,0.0012,0.5368,0.2191,-0.2099,1.6384%,1.7640%,13.7362%,-0.005161,ALLT,91604.0,2019-02-20,252.0,-1.2016%,0.0011,0.5323,0.2059,-0.2267,1.6400%,1.7654%,13.7043%,-0.012464,ALLT,0.096815,0.075729,0.080608,0.037126,0.042056
33699,AMETEK INC NEW,AMETEK Sees FY19 Adj. EPS $3.95-$4.05,6,increase,0.75,0.6,"the forecasted adjusted eps range of $3.95-$4.05 suggests strong financial performance, which is likely to positively influence investor sentiment and increase the stock price.",2,2019-02-05,AME,2019-02-05 12:12:00+00:00,85257.0,03110010,0.0162822883576154,3157643.0,-0.0037383013404905,0.0039503239095211,0.0065665752626955,0.0069959140382707,0.0086539946496486,0.0042706322856247,0.0038278894498944,0.0114253833889961,0.0169624350965023,0.0230933018028736,0.0184897910803556,-0.0164049100130796,-0.0109177734702825,0.0016854319255799,0.0141188343986868,0.0069296825677156,0.0003796833043452,-0.0011301289778202,0.0097418604418635,-0.0216970667243003,-0.006891309749335,0.0158640630543232,0.0017663309117779,0.0135174244642257,0.004659887868911,0.0057241204194724,-0.0080230589956045,-0.0047002113424241,0.0064451177604496,-0.0048193330876529,-0.0007533595780842,-0.0007081505027599,-0.0001256865507457,0.0172910224646329,-0.000879724684637,0.0066724554635584,-0.0044024963863193,0.0147188687697053,0.0013897739117965,-0.0016164673725143,-0.0041635353118181,0.0378222279250621,-0.0036741532385349,-0.0284486319869756,0.0184384156018495,-0.0031019067391753,0.0006243357784114,0.0145360939204692,0.0118542173877358,-0.0086167613044381,-0.0036995292175561,0.0159999635070562,0.0019838316366076,0.0457774512469768,0.0117560280486941,-0.0285232421010732,-0.0081947864964604,-0.0136136971414089,-0.0028363021556288,-0.0263623110949993,0.0158298145979642,-0.014084524475038,-0.0332358852028846,-0.0043370742350816,0.0026444916147738,-0.017332024872303,0.0129364319145679,-0.0192280523478984,0.0003719625528901,-0.0115687092766165,0.0192117374390363,0.026579912751913,0.0089991223067045,0.0004244188021402,0.0124141108244657,-0.0021171704865992,-0.0033333187457174,-0.0089522926136851,0.0072861993685364,-0.0062431180849671,-0.0037946125958114,-0.0527006797492504,0.0033329220023006,0.0362249203026294,0.0039150770753622,0.0028680562973022,-0.0126447612419724,-0.0096036670729517,0.0058647259138524,0.0357243381440639,0.0090433377772569,-0.01080940105021,0.0119103118777275,0.0069773928262293,-0.0022141337394714,-0.0081660393625497,0.0033870697952806,0.0141774583607912,-0.0018624566728249,-0.0187327917665243,0.0086297122761607,-0.02393114939332,0.0015031204093247,-0.0002688746317289,0.0077349129132926,0.0195970982313156,-0.0021766803693026,0.0021975506097078,-0.0136623978614807,0.0009623274090699,0.0161797143518924,-0.0229684244841337,0.0016036584274843,-0.0069361645728349,0.0083485329523682,-0.0035884722601622,-0.0205284971743822,0.0080385645851492,0.0076423808932304,0.0153720201924443,-0.0037383013404905,0.0039503239095211,0.0028037260850979,0.0109738740742861,0.0114819841652862,0.0152913717408309,0.0325766987442452,0.0506057794325756,0.0655540181155229,0.0185184675995175,0.0814467780234722,0.0854196681071601,0.1638324788458871,0.0045479877190768,2019-02-06,2019-02-07,2019-02-08,2019-02-11,2019-02-12,2019-02-13,2019-02-14,2019-02-15,2019-02-19,2019-02-20,85257.0,2019-02-05,252.0,1.6282%,-0.0,1.1025,0.3054,0.1553,0.8870%,1.5014%,65.0949%,0.01264,AME,85257.0,2019-02-06,252.0,-0.3738%,-0.0001,1.1019,0.3057,0.1545,0.8871%,1.4763%,63.8965%,-0.001491,AME,85257.0,2019-02-07,252.0,0.6567%,0.0,1.1009,0.2998,0.159,0.8925%,1.4753%,63.4060%,0.016509,AME,85257.0,2019-02-08,252.0,0.8654%,0.0001,1.0993,0.3026,0.1541,0.8934%,1.4755%,63.3358%,0.008511,AME,85257.0,2019-02-11,252.0,0.3828%,0.0001,1.1107,0.2914,0.1541,0.8917%,1.4645%,62.9283%,-0.0001629999999999,AME,85257.0,2019-02-12,252.0,1.6962%,0.0001,1.1177,0.2838,0.159,0.8893%,1.4681%,63.3029%,0.001961,AME,85257.0,2019-02-13,252.0,1.8490%,0.0001,1.1154,0.2937,0.1644,0.8921%,1.4653%,62.9347%,0.014979,AME,85257.0,2019-02-14,252.0,-1.0918%,0.0001,1.1175,0.2885,0.1703,0.8939%,1.4666%,62.8509%,-0.009249,AME,85257.0,2019-02-15,252.0,1.4119%,0.0001,1.1296,0.2994,0.1901,0.8889%,1.4690%,63.3862%,-0.000147,AME,85257.0,2019-02-19,252.0,0.0380%,0.0001,1.128,0.2986,0.1893,0.8890%,1.4660%,63.2308%,-0.003305,AME,85257.0,2019-02-20,252.0,0.9742%,0.0001,1.1289,0.2973,0.1915,0.8884%,1.4661%,63.2788%,0.005801,AME,0.011149,0.027658,0.036169,0.0379669999999999,0.0460459999999999
33707,AMETEK INC NEW,"Ametek Q4 EPS $0.86 Beats $0.84 Estimate, Sales $1.271B Beat $1.26B Estimate",6,increase,0.8,0.7,"the earnings per share and sales figures both exceeded estimates, which typically signals strong performance and can lead to a positive reaction in the stock price.",2,2019-02-05,AME,2019-02-05 12:12:00+00:00,85257.0,03110010,0.0162822883576154,3157643.0,-0.0037383013404905,0.0039503239095211,0.0065665752626955,0.0069959140382707,0.0086539946496486,0.0042706322856247,0.0038278894498944,0.0114253833889961,0.0169624350965023,0.0230933018028736,0.0184897910803556,-0.0164049100130796,-0.0109177734702825,0.0016854319255799,0.0141188343986868,0.0069296825677156,0.0003796833043452,-0.0011301289778202,0.0097418604418635,-0.0216970667243003,-0.006891309749335,0.0158640630543232,0.0017663309117779,0.0135174244642257,0.004659887868911,0.0057241204194724,-0.0080230589956045,-0.0047002113424241,0.0064451177604496,-0.0048193330876529,-0.0007533595780842,-0.0007081505027599,-0.0001256865507457,0.0172910224646329,-0.000879724684637,0.0066724554635584,-0.0044024963863193,0.0147188687697053,0.0013897739117965,-0.0016164673725143,-0.0041635353118181,0.0378222279250621,-0.0036741532385349,-0.0284486319869756,0.0184384156018495,-0.0031019067391753,0.0006243357784114,0.0145360939204692,0.0118542173877358,-0.0086167613044381,-0.0036995292175561,0.0159999635070562,0.0019838316366076,0.0457774512469768,0.0117560280486941,-0.0285232421010732,-0.0081947864964604,-0.0136136971414089,-0.0028363021556288,-0.0263623110949993,0.0158298145979642,-0.014084524475038,-0.0332358852028846,-0.0043370742350816,0.0026444916147738,-0.017332024872303,0.0129364319145679,-0.0192280523478984,0.0003719625528901,-0.0115687092766165,0.0192117374390363,0.026579912751913,0.0089991223067045,0.0004244188021402,0.0124141108244657,-0.0021171704865992,-0.0033333187457174,-0.0089522926136851,0.0072861993685364,-0.0062431180849671,-0.0037946125958114,-0.0527006797492504,0.0033329220023006,0.0362249203026294,0.0039150770753622,0.0028680562973022,-0.0126447612419724,-0.0096036670729517,0.0058647259138524,0.0357243381440639,0.0090433377772569,-0.01080940105021,0.0119103118777275,0.0069773928262293,-0.0022141337394714,-0.0081660393625497,0.0033870697952806,0.0141774583607912,-0.0018624566728249,-0.0187327917665243,0.0086297122761607,-0.02393114939332,0.0015031204093247,-0.0002688746317289,0.0077349129132926,0.0195970982313156,-0.0021766803693026,0.0021975506097078,-0.0136623978614807,0.0009623274090699,0.0161797143518924,-0.0229684244841337,0.0016036584274843,-0.0069361645728349,0.0083485329523682,-0.0035884722601622,-0.0205284971743822,0.0080385645851492,0.0076423808932304,0.0153720201924443,-0.0037383013404905,0.0039503239095211,0.0028037260850979,0.0109738740742861,0.0114819841652862,0.0152913717408309,0.0325766987442452,0.0506057794325756,0.0655540181155229,0.0185184675995175,0.0814467780234722,0.0854196681071601,0.1638324788458871,0.0045479877190768,2019-02-06,2019-02-07,2019-02-08,2019-02-11,2019-02-12,2019-02-13,2019-02-14,2019-02-15,2019-02-19,2019-02-20,85257.0,2019-02-05,252.0,1.6282%,-0.0,1.1025,0.3054,0.1553,0.8870%,1.5014%,65.0949%,0.01264,AME,85257.0,2019-02-06,252.0,-0.3738%,-0.0001,1.1019,0.3057,0.1545,0.8871%,1.4763%,63.8965%,-0.001491,AME,85257.0,2019-02-07,252.0,0.6567%,0.0,1.1009,0.2998,0.159,0.8925%,1.4753%,63.4060%,0.016509,AME,85257.0,2019-02-08,252.0,0.8654%,0.0001,1.0993,0.3026,0.1541,0.8934%,1.4755%,63.3358%,0.008511,AME,85257.0,2019-02-11,252.0,0.3828%,0.0001,1.1107,0.2914,0.1541,0.8917%,1.4645%,62.9283%,-0.0001629999999999,AME,85257.0,2019-02-12,252.0,1.6962%,0.0001,1.1177,0.2838,0.159,0.8893%,1.4681%,63.3029%,0.001961,AME,85257.0,2019-02-13,252.0,1.8490%,0.0001,1.1154,0.2937,0.1644,0.8921%,1.4653%,62.9347%,0.014979,AME,85257.0,2019-02-14,252.0,-1.0918%,0.0001,1.1175,0.2885,0.1703,0.8939%,1.4666%,62.8509%,-0.009249,AME,85257.0,2019-02-15,252.0,1.4119%,0.0001,1.1296,0.2994,0.1901,0.8889%,1.4690%,63.3862%,-0.000147,AME,85257.0,2019-02-19,252.0,0.0380%,0.0001,1.128,0.2986,0.1893,0.8890%,1.4660%,63.2308%,-0.003305,AME,85257.0,2019-02-20,252.0,0.9742%,0.0001,1.1289,0.2973,0.1915,0.8884%,1.4661%,63.2788%,0.005801,AME,0.011149,0.027658,0.036169,0.0379669999999999,0.0460459999999999
33715,ARAMARK,Aramark Sees FY19 Adj. EPS $2.30-$2.40 vs $2.36 Est.,6,uncertain,0.6,0.2,"while aramark's adjusted eps guidance is within the expected range, the slight variation from estimates may not significantly sway investor sentiment either way.",1,2019-02-05,ARMK,2019-02-05 11:33:00+00:00,14329.0,03852U10,-0.0168589074164629,6192674.0,0.0033091693185269,0.0165364723652601,0.0005997138796374,0.0094081200659275,-0.0416541621088981,0.0107362670823931,-0.0178236309438943,0.0174780748784542,-0.0184654537588357,0.0012500286102294,0.0171910505741834,-0.0156874302774667,-0.0015999756287783,0.0162550341337919,0.0192307196557521,0.0028213213663548,0.0251572094857692,0.0066266669891774,-0.000920207996387,-0.0062715224921703,0.0055265678092837,0.0143129406496882,-0.0146564748138189,0.0141935655847191,-0.0024791394826024,-0.005134783219546,-0.0170860290527343,0.0093942014500498,-0.0088495193049311,-0.0093067716807127,-0.0338010638952255,0.0074361311271786,0.0075908070430159,0.0218037609010934,0.0019652624614536,0.0140703544020652,-0.0114416601136326,0.0043741948902606,-0.0138888917863369,0.0181568600237369,0.0046948152594268,0.0177824348211288,-0.008678182028234,-0.0248214732855558,0.0151514764875173,0.0151881445199251,0.0053067943081259,0.0111692743375897,-0.0095677664503455,-0.0027845432050526,-0.0053297751583158,-0.0013903689105063,0.0003349038306623,0.0461818352341651,0.0020086865406483,-0.017506243661046,0.0133645040914416,-0.0338280834257602,-0.0075832358561456,-0.0265457294881343,-0.0066445437259972,-0.0226601157337427,-0.033110361546278,-0.0227855928242206,0.0051885028369724,-0.0286783650517463,0.0141087351366877,-0.0192600823938846,0.0023753512650728,0.0186857189983129,0.0074475053697824,0.0304878298193216,-0.0070564849302172,-0.1237345710396767,0.0145516181364655,-0.0246845241636037,-0.0040026330389082,-0.0316069684922695,0.00703278882429,0.0040000407025218,-0.0073162391781806,-0.0239458158612251,0.0234505478292703,0.009458664804697,0.0163666121661663,0.0058139855973422,-0.032206118106842,-0.0070847664028406,0.0126456264406442,0.0263937395066022,0.0177456121891737,-0.0005383702809922,0.0083952285349369,0.020324133336544,-0.00672427425161,-0.0108341909945011,0.0,0.0272676572203636,0.0080593163147568,0.0030699635390192,0.0121521959081292,-0.0287340078502893,-0.012322255410254,0.004082681145519,-0.0047984523698687,0.0375600643455982,0.008357448503375,-0.0008464666898362,-0.0181702766567468,0.0245735328644514,0.0077922623604536,-0.0283707398921251,0.0028994278982281,-0.0173889342695474,-0.0016061431961134,0.005550951231271,-0.0080437576398253,0.0163610149174928,-0.003567973151803,-0.0081141833215951,0.0033091693185269,0.0165364723652601,0.0039108677529346,0.0261001695486668,-0.0379061982753307,0.0371166550222303,-0.0725030560473761,0.0565625420891289,-0.0167074456637369,0.060207023247313,-0.0912770495966908,0.13608874726727,-0.0725592009051383,-0.0511431198404218,2019-02-06,2019-02-07,2019-02-08,2019-02-11,2019-02-12,2019-02-13,2019-02-14,2019-02-15,2019-02-19,2019-02-20,14329.0,2019-02-05,252.0,-1.6859%,-0.0011,0.8959,0.3345,0.0338,1.4319%,1.7536%,33.3223%,-0.0204519999999999,ARMK,14329.0,2019-02-06,252.0,0.3309%,-0.0011,0.9096,0.33,0.0481,1.4315%,1.7463%,32.8010%,0.00519,ARMK,14329.0,2019-02-07,252.0,0.0600%,-0.0009,0.9345,0.2937,0.0548,1.4011%,1.7330%,34.6372%,0.0092,ARMK,14329.0,2019-02-08,252.0,-4.1654%,-0.001,0.9414,0.3134,0.0965,1.4234%,1.7502%,33.8583%,-0.042364,ARMK,14329.0,2019-02-11,252.0,-1.7824%,-0.0011,0.9358,0.2909,0.0814,1.4292%,1.7411%,32.6210%,-0.021532,ARMK,14329.0,2019-02-12,252.0,-1.8465%,-0.0012,0.9201,0.289,0.0737,1.4416%,1.7433%,31.6170%,-0.031213,ARMK,14329.0,2019-02-13,252.0,1.7191%,-0.0011,0.9285,0.281,0.076,1.4425%,1.7470%,31.8240%,0.01429,ARMK,14329.0,2019-02-14,252.0,-0.1600%,-0.0011,0.9283,0.2811,0.0763,1.4424%,1.7466%,31.8070%,-0.000771,ARMK,14329.0,2019-02-15,252.0,1.9231%,-0.001,0.9407,0.2933,0.0978,1.4424%,1.7507%,32.1142%,0.007573,ARMK,14329.0,2019-02-19,252.0,2.5157%,-0.001,0.938,0.318,0.1258,1.4420%,1.7452%,31.7357%,0.022126,ARMK,14329.0,2019-02-20,252.0,-0.0920%,-0.001,0.9384,0.3245,0.1286,1.4397%,1.7437%,31.8282%,-0.004194,ARMK,-0.0152619999999999,-0.0060619999999999,-0.048426,-0.101171,-0.0621469999999999
33723,ARAMARK,"Aramark Q1 Adj. EPS $0.63 Beats $0.61 Estimate, Sales $4.27B Beat $4.21B Estimate",6,increase,0.8,0.6,"the positive earnings per share and sales results beating estimates typically indicate strong financial performance, which can lead to an increase in stock price.",2,2019-02-05,ARMK,2019-02-05 11:32:00+00:00,14329.0,03852U10,-0.0168589074164629,6192674.0,0.0033091693185269,0.0165364723652601,0.0005997138796374,0.0094081200659275,-0.0416541621088981,0.0107362670823931,-0.0178236309438943,0.0174780748784542,-0.0184654537588357,0.0012500286102294,0.0171910505741834,-0.0156874302774667,-0.0015999756287783,0.0162550341337919,0.0192307196557521,0.0028213213663548,0.0251572094857692,0.0066266669891774,-0.000920207996387,-0.0062715224921703,0.0055265678092837,0.0143129406496882,-0.0146564748138189,0.0141935655847191,-0.0024791394826024,-0.005134783219546,-0.0170860290527343,0.0093942014500498,-0.0088495193049311,-0.0093067716807127,-0.0338010638952255,0.0074361311271786,0.0075908070430159,0.0218037609010934,0.0019652624614536,0.0140703544020652,-0.0114416601136326,0.0043741948902606,-0.0138888917863369,0.0181568600237369,0.0046948152594268,0.0177824348211288,-0.008678182028234,-0.0248214732855558,0.0151514764875173,0.0151881445199251,0.0053067943081259,0.0111692743375897,-0.0095677664503455,-0.0027845432050526,-0.0053297751583158,-0.0013903689105063,0.0003349038306623,0.0461818352341651,0.0020086865406483,-0.017506243661046,0.0133645040914416,-0.0338280834257602,-0.0075832358561456,-0.0265457294881343,-0.0066445437259972,-0.0226601157337427,-0.033110361546278,-0.0227855928242206,0.0051885028369724,-0.0286783650517463,0.0141087351366877,-0.0192600823938846,0.0023753512650728,0.0186857189983129,0.0074475053697824,0.0304878298193216,-0.0070564849302172,-0.1237345710396767,0.0145516181364655,-0.0246845241636037,-0.0040026330389082,-0.0316069684922695,0.00703278882429,0.0040000407025218,-0.0073162391781806,-0.0239458158612251,0.0234505478292703,0.009458664804697,0.0163666121661663,0.0058139855973422,-0.032206118106842,-0.0070847664028406,0.0126456264406442,0.0263937395066022,0.0177456121891737,-0.0005383702809922,0.0083952285349369,0.020324133336544,-0.00672427425161,-0.0108341909945011,0.0,0.0272676572203636,0.0080593163147568,0.0030699635390192,0.0121521959081292,-0.0287340078502893,-0.012322255410254,0.004082681145519,-0.0047984523698687,0.0375600643455982,0.008357448503375,-0.0008464666898362,-0.0181702766567468,0.0245735328644514,0.0077922623604536,-0.0283707398921251,0.0028994278982281,-0.0173889342695474,-0.0016061431961134,0.005550951231271,-0.0080437576398253,0.0163610149174928,-0.003567973151803,-0.0081141833215951,0.0033091693185269,0.0165364723652601,0.0039108677529346,0.0261001695486668,-0.0379061982753307,0.0371166550222303,-0.0725030560473761,0.0565625420891289,-0.0167074456637369,0.060207023247313,-0.0912770495966908,0.13608874726727,-0.0725592009051383,-0.0511431198404218,2019-02-06,2019-02-07,2019-02-08,2019-02-11,2019-02-12,2019-02-13,2019-02-14,2019-02-15,2019-02-19,2019-02-20,14329.0,2019-02-05,252.0,-1.6859%,-0.0011,0.8959,0.3345,0.0338,1.4319%,1.7536%,33.3223%,-0.0204519999999999,ARMK,14329.0,2019-02-06,252.0,0.3309%,-0.0011,0.9096,0.33,0.0481,1.4315%,1.7463%,32.8010%,0.00519,ARMK,14329.0,2019-02-07,252.0,0.0600%,-0.0009,0.9345,0.2937,0.0548,1.4011%,1.7330%,34.6372%,0.0092,ARMK,14329.0,2019-02-08,252.0,-4.1654%,-0.001,0.9414,0.3134,0.0965,1.4234%,1.7502%,33.8583%,-0.042364,ARMK,14329.0,2019-02-11,252.0,-1.7824%,-0.0011,0.9358,0.2909,0.0814,1.4292%,1.7411%,32.6210%,-0.021532,ARMK,14329.0,2019-02-12,252.0,-1.8465%,-0.0012,0.9201,0.289,0.0737,1.4416%,1.7433%,31.6170%,-0.031213,ARMK,14329.0,2019-02-13,252.0,1.7191%,-0.0011,0.9285,0.281,0.076,1.4425%,1.7470%,31.8240%,0.01429,ARMK,14329.0,2019-02-14,252.0,-0.1600%,-0.0011,0.9283,0.2811,0.0763,1.4424%,1.7466%,31.8070%,-0.000771,ARMK,14329.0,2019-02-15,252.0,1.9231%,-0.001,0.9407,0.2933,0.0978,1.4424%,1.7507%,32.1142%,0.007573,ARMK,14329.0,2019-02-19,252.0,2.5157%,-0.001,0.938,0.318,0.1258,1.4420%,1.7452%,31.7357%,0.022126,ARMK,14329.0,2019-02-20,252.0,-0.0920%,-0.001,0.9384,0.3245,0.1286,1.4397%,1.7437%,31.8282%,-0.004194,ARMK,-0.0152619999999999,-0.0060619999999999,-0.048426,-0.101171,-0.0621469999999999
33731,AMERICAN EXPRESS CO,American Express And Bill.com Announce A Strategic Partnership With A New Offering: American Express 'Vendor Pay' By Bill.com,6,increase,0.7,0.6,"the strategic partnership with bill.com and the introduction of 'vendor pay' could enhance american express's service offerings and attract more business clients, potentially boosting its stock price.",2,2019-02-05,AXP,2019-02-05 14:31:00+00:00,59176.0,02581610,0.0046413009986281,2231188.0,0.0102020939812064,0.0034931167028844,-0.0054306373931467,0.0035053614992648,0.0012453036615625,0.000292186421575,0.0085151838138699,0.0169373918324708,0.0150839230045676,0.0057780616916716,0.0052336221560835,-0.0038701936136931,-0.0087392600253224,0.0105294361710548,0.0071280668489634,0.0001003122670226,-0.0081951692700386,-0.0012020709691569,0.0026290966197848,-0.0064689638093113,-0.0015920413425192,0.0099508045241236,0.0077854031696915,0.0008046896546147,-0.0047468552365899,0.0144913345575332,9.353909990750252e-05,-0.0045713586732745,0.0044884583912789,-0.0011161908041685,0.0029789581894874,0.0029513628687709,0.0107666943222284,-0.0057674762792885,0.0009182596113532,0.0018246355466544,-0.0013761607697233,0.0048895115032792,0.0011943489080294,0.0054280906915664,-0.0102771399542689,0.0450604632496833,0.0011125787859782,-0.0194397997111082,0.0146322855725884,0.0037767584435641,0.007940880022943,0.0095318956300616,0.0154849141836166,-0.0027461147401481,0.0018726510461419,0.0089514488354325,0.0104138692840933,0.0484915785491466,0.0002643270709086,-0.0200372468680143,-0.0077499328181147,-0.0463610216975212,-0.0168634206056594,-0.0303735956549644,0.009479128755629,-0.0222728177905082,-0.0211053527891635,-0.0015813764184713,-0.0038370012771338,-0.0427625067532062,0.0042186267673969,-0.0093720713630318,-0.0047488277778029,-0.0072572235949337,0.001651681959629,0.0197343621402978,0.0012825154699385,-0.0036865430884063,0.0219578575342893,-0.008342701010406,-0.0062667587772011,-0.0145034613087773,-0.0039639859460294,0.0056670438498258,-0.0004521963419392,-0.0420078411698341,0.0076280087232589,0.0008016742649488,-0.002343205967918,0.0086245536804199,-0.0076783965341746,-0.0139959417283535,0.0028220773674547,0.0252474676817655,-0.0028141355141997,0.0039204987697303,0.0096495691686868,0.0372612290084362,-0.0034262454137206,-0.0071361702866852,0.0122138652950525,0.0038646778557449,-0.0010725341271609,-0.0199538450688123,0.017090156674385,-0.0110542578622698,-0.0117884781211614,-0.0012773667695,0.0145998336374759,0.0169806238263845,0.0004386717628221,-0.0008344517555087,0.0163129325956106,0.0128650842234492,0.014842951670289,-0.0165312234312295,-0.0071428259834647,-0.0020276610739529,0.0040253615006804,0.0110893901437521,-0.0017914075870066,0.0221946481615304,0.0019655048381537,-0.0021860634442418,0.0102020939812064,0.0034931167028844,0.0047160527149969,0.0070107228389519,0.0059672292942736,0.007304957698546,0.0298363662163698,0.030284926846529,0.0277189343603727,0.0292595008869533,0.0661212234862276,0.0514498567065258,0.1324855615509459,-0.0129103752106296,2019-02-06,2019-02-07,2019-02-08,2019-02-11,2019-02-12,2019-02-13,2019-02-14,2019-02-15,2019-02-19,2019-02-20,59176.0,2019-02-05,252.0,0.4641%,0.0006,1.1381,-0.4023,0.5124,0.9116%,1.5317%,64.5762%,0.002425,AXP,59176.0,2019-02-06,252.0,1.0202%,0.0007,1.1426,-0.404,0.5184,0.9143%,1.5015%,62.9195%,0.0122069999999999,AXP,59176.0,2019-02-07,252.0,-0.5431%,0.0007,1.1406,-0.4022,0.5186,0.9143%,1.4950%,62.6016%,0.002549,AXP,59176.0,2019-02-08,252.0,0.1245%,0.0007,1.14,-0.4017,0.5164,0.9144%,1.4944%,62.5575%,0.003898,AXP,59176.0,2019-02-11,252.0,0.8515%,0.0008,1.1221,-0.3744,0.5218,0.9107%,1.4513%,60.6178%,0.008283,AXP,59176.0,2019-02-12,252.0,1.5084%,0.0007,1.1108,-0.3599,0.5134,0.9025%,1.4347%,60.4298%,0.000685,AXP,59176.0,2019-02-13,252.0,0.5234%,0.0006,1.1033,-0.3469,0.516,0.8964%,1.4209%,60.1960%,0.00188,AXP,59176.0,2019-02-14,252.0,-0.8739%,0.0006,1.1042,-0.348,0.5168,0.8962%,1.4221%,60.2838%,-0.001725,AXP,59176.0,2019-02-15,252.0,0.7128%,0.0006,1.1002,-0.3524,0.5093,0.8974%,1.4186%,59.9760%,-0.0070599999999999,AXP,59176.0,2019-02-19,252.0,-0.8195%,0.0006,1.1003,-0.363,0.4974,0.8990%,1.4195%,59.8935%,-0.010891,AXP,59176.0,2019-02-20,252.0,0.2629%,0.0006,1.0996,-0.3655,0.4945,0.8990%,1.4195%,59.8930%,-0.001499,AXP,0.014632,0.017181,0.0210789999999999,0.030047,0.010752
33739,ASTRAZENECA PLC,AstraZeneca FDA Breakthrough Therapy Designation for Potential Next-generation RSV Medicine MEDI8897,6,increase,0.8,0.7,"the fda's breakthrough therapy designation for medi8897 suggests a promising advancement in astrazeneca's pipeline, likely boosting investor confidence and stock price.",2,2019-02-05,AZN,2019-02-05 09:07:00+00:00,79363.0,04635310,0.0065288818441331,2281575.0,-0.0035135424695909,0.0030012766364961,0.0018985542701557,0.0019136056071147,0.0018949565710499,0.0175243690609931,-0.0089164562523365,0.0112518016248941,0.0141766751185059,0.0016905481461435,-0.0166666377335786,-0.0072726802900433,0.0929469019174575,-0.0011176561238244,0.0235117226839065,-0.0245297830551862,-0.0112414248287677,0.0115797678008675,0.0017300962936133,-0.0076607055962085,-0.0024672707077115,0.0071644615381956,0.0126143535599112,0.0139703825116157,0.0136785879731178,-0.0088618025183677,0.0115662543103098,0.01575249992311,0.0097665516659617,-0.037889078259468,0.0033027231693267,-0.0342393517494201,0.0043289195746183,0.0121692884713411,-0.0016762380255386,-0.0086546503007411,0.0148717379197478,-0.0167611595243215,-0.0066178818233311,-0.0102093294262886,-0.0088032102212309,0.0221758000552654,0.0026404371019452,0.0140212327241897,0.0100550195202231,-0.0047393445856869,-0.0080587854608893,0.0055599440820515,0.0143369724974036,0.0126005690544843,-0.0042402897961437,-0.0082425251603126,0.0056777349673211,0.0203472599387168,0.0016467539826408,-0.0173286516219377,0.0068106409162282,-0.0139327701181173,0.0034989858977496,0.00184355257079,-0.0016271430067718,-0.0068008978851139,-0.0083818538114428,-0.0031290466431528,-0.0009392090723849,-0.0204343050718307,0.0091656735166907,-0.0022935818415135,-0.0067535424605011,0.0084811570122838,0.0077373506501317,0.0064666322432458,-0.059329904615879,0.0065087215043604,0.0207766555249691,0.0060240845195949,0.0077538089826703,-0.0177514441311359,-0.0120221208781004,-0.0250815153121948,-0.0136286532506346,0.0078361360356211,0.0041944729164242,-0.0065293400548398,0.0039312001317739,-0.0096990652382373,-0.0041605965234339,0.0022432741243392,-0.0036863533314317,0.0055137192830443,-0.0172669161111116,-0.0047393022105097,-0.0080321207642555,-0.0027363335248082,0.007338079623878,-0.0007456818129867,-0.0128109045326709,-0.0027268370613455,-0.0134859746322035,-0.0112744877114892,0.0007737627020105,0.0031964858062565,-0.0012886401964351,-0.0176329314708709,-0.0015484225004911,0.0,0.0007754612597636,-0.0021692009177058,0.0087809953838586,0.0141775077208876,-0.0273937452584505,-0.001464519649744,0.0050012799911201,0.0078720711171627,-0.0136197078973054,0.0367253869771957,-0.0082315821200609,0.022158458828926,0.0072289281524717,-0.016158016398549,-0.0035135424695909,0.0030012766364961,-0.0016216588504941,0.0049206255034111,0.000270224747461,0.0225312254217369,0.0054054251934982,0.0357846324878199,0.0954053759323516,0.0057455302515567,0.1892675936907661,-0.0318673365850936,0.0399871003759308,-0.0571942358637221,2019-02-06,2019-02-07,2019-02-08,2019-02-11,2019-02-12,2019-02-13,2019-02-14,2019-02-15,2019-02-19,2019-02-20,79363.0,2019-02-05,252.0,0.6529%,0.0003,0.4603,-0.1003,-0.0331,1.1149%,1.2335%,18.3093%,0.004119,AZN,79363.0,2019-02-06,252.0,-0.3514%,0.0004,0.3904,-0.0777,-0.1024,1.0831%,1.1752%,15.0584%,-0.0025879999999999,AZN,79363.0,2019-02-07,252.0,0.1899%,0.0004,0.3844,-0.0724,-0.1018,1.0825%,1.1715%,14.6172%,0.0057269999999999,AZN,79363.0,2019-02-08,252.0,0.1895%,0.0004,0.3841,-0.0633,-0.0972,1.0806%,1.1690%,14.5483%,0.000783,AZN,79363.0,2019-02-11,252.0,-0.8916%,0.0003,0.4097,-0.1003,-0.1038,1.0738%,1.1700%,15.7711%,-0.0089129999999999,AZN,79363.0,2019-02-12,252.0,1.4177%,0.0004,0.4262,-0.1155,-0.0927,1.0668%,1.1694%,16.7743%,0.008349,AZN,79363.0,2019-02-13,252.0,-1.6667%,0.0003,0.4201,-0.1126,-0.0966,1.0720%,1.1713%,16.2331%,-0.0178259999999999,AZN,79363.0,2019-02-14,252.0,9.2947%,0.0007,0.3983,-0.0617,-0.1526,1.2219%,1.3079%,12.7250%,0.093754,AZN,79363.0,2019-02-15,252.0,2.3512%,0.0007,0.4067,-0.0521,-0.1363,1.2273%,1.3141%,12.7674%,0.019797,AZN,79363.0,2019-02-19,252.0,-1.1241%,0.0006,0.4014,-0.0558,-0.14,1.2285%,1.3131%,12.4726%,-0.011554,AZN,79363.0,2019-02-20,252.0,0.1730%,0.0007,0.402,-0.0531,-0.1375,1.2284%,1.3129%,12.4688%,0.0017599999999999,AZN,0.001531,0.007258,0.008041,0.007477,0.093408
33747,ASTRAZENECA PLC,AstraZeneca Announces EMA Grants PRIME Eligibility for MEDI8897,6,increase,0.8,0.6,"the ema granting prime eligibility for medi8897 is likely to be viewed positively by investors, as it suggests potential for accelerated development and approval, which can enhance astrazeneca's market position and revenue prospects.",2,2019-02-05,AZN,2019-02-05 09:05:00+00:00,79363.0,04635310,0.0065288818441331,2281575.0,-0.0035135424695909,0.0030012766364961,0.0018985542701557,0.0019136056071147,0.0018949565710499,0.0175243690609931,-0.0089164562523365,0.0112518016248941,0.0141766751185059,0.0016905481461435,-0.0166666377335786,-0.0072726802900433,0.0929469019174575,-0.0011176561238244,0.0235117226839065,-0.0245297830551862,-0.0112414248287677,0.0115797678008675,0.0017300962936133,-0.0076607055962085,-0.0024672707077115,0.0071644615381956,0.0126143535599112,0.0139703825116157,0.0136785879731178,-0.0088618025183677,0.0115662543103098,0.01575249992311,0.0097665516659617,-0.037889078259468,0.0033027231693267,-0.0342393517494201,0.0043289195746183,0.0121692884713411,-0.0016762380255386,-0.0086546503007411,0.0148717379197478,-0.0167611595243215,-0.0066178818233311,-0.0102093294262886,-0.0088032102212309,0.0221758000552654,0.0026404371019452,0.0140212327241897,0.0100550195202231,-0.0047393445856869,-0.0080587854608893,0.0055599440820515,0.0143369724974036,0.0126005690544843,-0.0042402897961437,-0.0082425251603126,0.0056777349673211,0.0203472599387168,0.0016467539826408,-0.0173286516219377,0.0068106409162282,-0.0139327701181173,0.0034989858977496,0.00184355257079,-0.0016271430067718,-0.0068008978851139,-0.0083818538114428,-0.0031290466431528,-0.0009392090723849,-0.0204343050718307,0.0091656735166907,-0.0022935818415135,-0.0067535424605011,0.0084811570122838,0.0077373506501317,0.0064666322432458,-0.059329904615879,0.0065087215043604,0.0207766555249691,0.0060240845195949,0.0077538089826703,-0.0177514441311359,-0.0120221208781004,-0.0250815153121948,-0.0136286532506346,0.0078361360356211,0.0041944729164242,-0.0065293400548398,0.0039312001317739,-0.0096990652382373,-0.0041605965234339,0.0022432741243392,-0.0036863533314317,0.0055137192830443,-0.0172669161111116,-0.0047393022105097,-0.0080321207642555,-0.0027363335248082,0.007338079623878,-0.0007456818129867,-0.0128109045326709,-0.0027268370613455,-0.0134859746322035,-0.0112744877114892,0.0007737627020105,0.0031964858062565,-0.0012886401964351,-0.0176329314708709,-0.0015484225004911,0.0,0.0007754612597636,-0.0021692009177058,0.0087809953838586,0.0141775077208876,-0.0273937452584505,-0.001464519649744,0.0050012799911201,0.0078720711171627,-0.0136197078973054,0.0367253869771957,-0.0082315821200609,0.022158458828926,0.0072289281524717,-0.016158016398549,-0.0035135424695909,0.0030012766364961,-0.0016216588504941,0.0049206255034111,0.000270224747461,0.0225312254217369,0.0054054251934982,0.0357846324878199,0.0954053759323516,0.0057455302515567,0.1892675936907661,-0.0318673365850936,0.0399871003759308,-0.0571942358637221,2019-02-06,2019-02-07,2019-02-08,2019-02-11,2019-02-12,2019-02-13,2019-02-14,2019-02-15,2019-02-19,2019-02-20,79363.0,2019-02-05,252.0,0.6529%,0.0003,0.4603,-0.1003,-0.0331,1.1149%,1.2335%,18.3093%,0.004119,AZN,79363.0,2019-02-06,252.0,-0.3514%,0.0004,0.3904,-0.0777,-0.1024,1.0831%,1.1752%,15.0584%,-0.0025879999999999,AZN,79363.0,2019-02-07,252.0,0.1899%,0.0004,0.3844,-0.0724,-0.1018,1.0825%,1.1715%,14.6172%,0.0057269999999999,AZN,79363.0,2019-02-08,252.0,0.1895%,0.0004,0.3841,-0.0633,-0.0972,1.0806%,1.1690%,14.5483%,0.000783,AZN,79363.0,2019-02-11,252.0,-0.8916%,0.0003,0.4097,-0.1003,-0.1038,1.0738%,1.1700%,15.7711%,-0.0089129999999999,AZN,79363.0,2019-02-12,252.0,1.4177%,0.0004,0.4262,-0.1155,-0.0927,1.0668%,1.1694%,16.7743%,0.008349,AZN,79363.0,2019-02-13,252.0,-1.6667%,0.0003,0.4201,-0.1126,-0.0966,1.0720%,1.1713%,16.2331%,-0.0178259999999999,AZN,79363.0,2019-02-14,252.0,9.2947%,0.0007,0.3983,-0.0617,-0.1526,1.2219%,1.3079%,12.7250%,0.093754,AZN,79363.0,2019-02-15,252.0,2.3512%,0.0007,0.4067,-0.0521,-0.1363,1.2273%,1.3141%,12.7674%,0.019797,AZN,79363.0,2019-02-19,252.0,-1.1241%,0.0006,0.4014,-0.0558,-0.14,1.2285%,1.3131%,12.4726%,-0.011554,AZN,79363.0,2019-02-20,252.0,0.1730%,0.0007,0.402,-0.0531,-0.1375,1.2284%,1.3129%,12.4688%,0.0017599999999999,AZN,0.001531,0.007258,0.008041,0.007477,0.093408
33755,BECTON DICKINSON & CO,BD Reaffirms FY19 Adj. EPS Guidance Of $12.05-$12.15 vs $12.12 Est.,6,uncertain,0.6,0.2,"while reaffirming guidance can indicate stability, the fact that the guidance is in line with estimates suggests limited potential for significant stock movement in either direction.",1,2019-02-05,BDX,2019-02-05 11:20:00+00:00,39642.0,07588710,-0.0192183200269937,2125021.0,0.0027226749807596,-0.0010508225532248,-0.0062122424133121,-0.0081776976585388,0.0026908807922154,0.0162131786346435,0.0023532968480139,0.0124974176287651,0.0143339475616812,0.0025223314296454,-0.0049134716391563,-0.0050193420611321,-0.0022036668378859,0.0097208218649029,0.0156639888882637,0.006607016082853,-0.0012080335291102,-0.0002090515918098,0.004112257156521,-0.0119381994009017,-0.0055006630718708,0.0252848304808139,0.0079534947872161,0.0209279041737318,0.0024833579082041,0.0021232580766081,-0.004674756899476,0.0194363184273243,0.0047368337400257,-0.0108794961124658,-0.0059930481947958,-0.0025277917739003,0.0224285628646612,0.0087931416928768,-0.0059362133033573,0.021329142153263,-0.0024915165267884,0.0185693260282278,-0.0144708957523107,0.0076040085405111,-0.0045860633254051,0.0274148136377334,0.0002027123409789,-0.0403489843010902,0.0130512369796633,-0.0232558380812406,0.0025606120470911,0.0150006832554936,0.0121717732399702,-0.0010349911171942,-0.0054016099311411,0.0200128555297851,0.0065805269405245,0.0381700955331325,-0.0364287979900836,-0.0205824170261621,0.0118527375161647,-0.0148059651255607,-0.0178535897284746,-0.0214183293282985,0.0093358187004923,-0.004122594371438,-0.0215956438332796,-0.0119105707854032,0.0047060009092092,-0.0241952519863843,0.0238341968506574,-0.0229642558842897,-0.0056679914705455,0.0056461277417838,0.005700300913304,-0.0046480437740683,0.0110526140779256,0.0009728503064252,0.0066471938043832,0.0084882704541087,-0.0025855996645987,-0.0249554086476564,-0.005384087562561,-0.0150661543011665,0.0088215125724673,-0.030250234529376,-0.0012321537360548,-0.0007517405902035,-0.0011540643172338,0.0105957370251417,-0.0048607559874653,0.0018426802707836,0.0098490267992019,0.0251735243946313,-0.0019823177717626,0.0058239917270839,-0.0199419576674699,0.0003305587451905,-0.0020672439131885,-8.258558227680624e-05,-0.0251015145331621,0.0111964931711554,-0.0589534565806388,-0.0165981650352478,0.0089432168751955,-0.0108506251126527,-0.0125060603022575,0.025120873004198,0.0133309634402394,0.0204046405851841,0.0195580031722784,0.003155673854053,0.0212042704224586,-0.0072813532315194,0.0029061301611363,-0.028940200805664,-0.0059213354252278,-0.0049901884049177,0.0170250460505485,0.0321708805859088,-0.021143190562725,-0.0159125924110412,0.0043284716084599,0.0142002152279019,0.0027226749807596,-0.0010508225532248,-0.0035064813495456,-0.0092199269026306,-0.0008250360806419,0.0068437674101422,0.0158821449538004,0.0219980465004845,0.0274328356202107,0.0209848061233801,0.0061837464660121,0.1121310216464805,-0.0206312471979283,0.0448835934395304,2019-02-06,2019-02-07,2019-02-08,2019-02-11,2019-02-12,2019-02-13,2019-02-14,2019-02-15,2019-02-19,2019-02-20,39642.0,2019-02-05,252.0,-1.9218%,0.0001,0.8924,-0.2861,-0.1728,0.8528%,1.3571%,60.5107%,-0.0245319999999999,BDX,39642.0,2019-02-06,252.0,0.2723%,0.0002,0.8664,-0.2778,-0.1979,0.8477%,1.3166%,58.5473%,0.004678,BDX,39642.0,2019-02-07,252.0,-0.6212%,0.0002,0.8685,-0.2813,-0.197,0.8473%,1.3153%,58.4986%,0.002156,BDX,39642.0,2019-02-08,252.0,0.2691%,0.0003,0.8679,-0.2634,-0.1878,0.8381%,1.3058%,58.8073%,0.0005899999999999,BDX,39642.0,2019-02-11,252.0,0.2353%,0.0003,0.8518,-0.2442,-0.1858,0.8343%,1.2706%,56.8796%,0.003209,BDX,39642.0,2019-02-12,252.0,1.4334%,0.0003,0.8447,-0.2336,-0.1913,0.8298%,1.2626%,56.8093%,0.002382,BDX,39642.0,2019-02-13,252.0,-0.4913%,0.0003,0.8461,-0.2389,-0.1941,0.8304%,1.2622%,56.7194%,-0.007105,BDX,39642.0,2019-02-14,252.0,-0.2204%,0.0003,0.8475,-0.2386,-0.1966,0.8215%,1.2580%,57.3587%,-0.00041,BDX,39642.0,2019-02-15,252.0,1.5664%,0.0003,0.8445,-0.2406,-0.2005,0.8206%,1.2549%,57.2415%,0.007527,BDX,39642.0,2019-02-19,252.0,-0.1208%,0.0003,0.8443,-0.242,-0.2021,0.8207%,1.2530%,57.1034%,-0.001613,BDX,39642.0,2019-02-20,252.0,0.4112%,0.0003,0.8451,-0.2411,-0.1994,0.8209%,1.2532%,57.0927%,0.004052,BDX,-0.0198539999999999,-0.017698,-0.0171079999999999,-0.0115169999999999,-0.009066
33763,BECTON DICKINSON & CO,"Becton Dickinson Q1 Adj. EPS $2.70 Beats $2.62 Estimate, Sales $4.16B Beat $4.11B Estimate",6,increase,0.8,0.6,"the company reported better-than-expected earnings and sales, which typically boosts investor confidence and can lead to an increase in stock price.",2,2019-02-05,BDX,2019-02-05 11:18:00+00:00,39642.0,07588710,-0.0192183200269937,2125021.0,0.0027226749807596,-0.0010508225532248,-0.0062122424133121,-0.0081776976585388,0.0026908807922154,0.0162131786346435,0.0023532968480139,0.0124974176287651,0.0143339475616812,0.0025223314296454,-0.0049134716391563,-0.0050193420611321,-0.0022036668378859,0.0097208218649029,0.0156639888882637,0.006607016082853,-0.0012080335291102,-0.0002090515918098,0.004112257156521,-0.0119381994009017,-0.0055006630718708,0.0252848304808139,0.0079534947872161,0.0209279041737318,0.0024833579082041,0.0021232580766081,-0.004674756899476,0.0194363184273243,0.0047368337400257,-0.0108794961124658,-0.0059930481947958,-0.0025277917739003,0.0224285628646612,0.0087931416928768,-0.0059362133033573,0.021329142153263,-0.0024915165267884,0.0185693260282278,-0.0144708957523107,0.0076040085405111,-0.0045860633254051,0.0274148136377334,0.0002027123409789,-0.0403489843010902,0.0130512369796633,-0.0232558380812406,0.0025606120470911,0.0150006832554936,0.0121717732399702,-0.0010349911171942,-0.0054016099311411,0.0200128555297851,0.0065805269405245,0.0381700955331325,-0.0364287979900836,-0.0205824170261621,0.0118527375161647,-0.0148059651255607,-0.0178535897284746,-0.0214183293282985,0.0093358187004923,-0.004122594371438,-0.0215956438332796,-0.0119105707854032,0.0047060009092092,-0.0241952519863843,0.0238341968506574,-0.0229642558842897,-0.0056679914705455,0.0056461277417838,0.005700300913304,-0.0046480437740683,0.0110526140779256,0.0009728503064252,0.0066471938043832,0.0084882704541087,-0.0025855996645987,-0.0249554086476564,-0.005384087562561,-0.0150661543011665,0.0088215125724673,-0.030250234529376,-0.0012321537360548,-0.0007517405902035,-0.0011540643172338,0.0105957370251417,-0.0048607559874653,0.0018426802707836,0.0098490267992019,0.0251735243946313,-0.0019823177717626,0.0058239917270839,-0.0199419576674699,0.0003305587451905,-0.0020672439131885,-8.258558227680624e-05,-0.0251015145331621,0.0111964931711554,-0.0589534565806388,-0.0165981650352478,0.0089432168751955,-0.0108506251126527,-0.0125060603022575,0.025120873004198,0.0133309634402394,0.0204046405851841,0.0195580031722784,0.003155673854053,0.0212042704224586,-0.0072813532315194,0.0029061301611363,-0.028940200805664,-0.0059213354252278,-0.0049901884049177,0.0170250460505485,0.0321708805859088,-0.021143190562725,-0.0159125924110412,0.0043284716084599,0.0142002152279019,0.0027226749807596,-0.0010508225532248,-0.0035064813495456,-0.0092199269026306,-0.0008250360806419,0.0068437674101422,0.0158821449538004,0.0219980465004845,0.0274328356202107,0.0209848061233801,0.0061837464660121,0.1121310216464805,-0.0206312471979283,0.0448835934395304,2019-02-06,2019-02-07,2019-02-08,2019-02-11,2019-02-12,2019-02-13,2019-02-14,2019-02-15,2019-02-19,2019-02-20,39642.0,2019-02-05,252.0,-1.9218%,0.0001,0.8924,-0.2861,-0.1728,0.8528%,1.3571%,60.5107%,-0.0245319999999999,BDX,39642.0,2019-02-06,252.0,0.2723%,0.0002,0.8664,-0.2778,-0.1979,0.8477%,1.3166%,58.5473%,0.004678,BDX,39642.0,2019-02-07,252.0,-0.6212%,0.0002,0.8685,-0.2813,-0.197,0.8473%,1.3153%,58.4986%,0.002156,BDX,39642.0,2019-02-08,252.0,0.2691%,0.0003,0.8679,-0.2634,-0.1878,0.8381%,1.3058%,58.8073%,0.0005899999999999,BDX,39642.0,2019-02-11,252.0,0.2353%,0.0003,0.8518,-0.2442,-0.1858,0.8343%,1.2706%,56.8796%,0.003209,BDX,39642.0,2019-02-12,252.0,1.4334%,0.0003,0.8447,-0.2336,-0.1913,0.8298%,1.2626%,56.8093%,0.002382,BDX,39642.0,2019-02-13,252.0,-0.4913%,0.0003,0.8461,-0.2389,-0.1941,0.8304%,1.2622%,56.7194%,-0.007105,BDX,39642.0,2019-02-14,252.0,-0.2204%,0.0003,0.8475,-0.2386,-0.1966,0.8215%,1.2580%,57.3587%,-0.00041,BDX,39642.0,2019-02-15,252.0,1.5664%,0.0003,0.8445,-0.2406,-0.2005,0.8206%,1.2549%,57.2415%,0.007527,BDX,39642.0,2019-02-19,252.0,-0.1208%,0.0003,0.8443,-0.242,-0.2021,0.8207%,1.2530%,57.1034%,-0.001613,BDX,39642.0,2019-02-20,252.0,0.4112%,0.0003,0.8451,-0.2411,-0.1994,0.8209%,1.2532%,57.0927%,0.004052,BDX,-0.0198539999999999,-0.017698,-0.0171079999999999,-0.0115169999999999,-0.009066
33771,BLACKROCK INC,"BlackRock Global Chief Investment Officer Of Fixed Income, Rick Rieder Says Fed Could Hike Rates As Much As Twice In 2019",6,uncertain,0.6,0.3,"while a potential rate hike could indicate a stronger economy, it may also raise concerns about borrowing costs, leading to mixed reactions in the market regarding blackrock's stock price.",1,2019-02-05,BLK,2019-02-05 12:09:00+00:00,87267.0,09247X10,-0.0010048648109659,523368.0,-0.0028019517194479,0.0028070665430277,-0.0033142121974378,0.0041678976267576,-0.0078311366960406,0.0165307484567165,0.0022828890942037,0.0017417974304407,0.0310394894331693,0.0055753155611455,0.0045592403039336,-0.0111965527758002,-0.0095215979963541,0.0083382884040474,0.0202418807893991,-0.0047003854997456,-0.0020372839644551,-0.0123790986835956,0.0142668103799223,-0.0139468489214777,-0.0050318194553256,0.0167992413043975,0.0039078942500054,-0.0012590052792802,0.0050604310818016,0.0307704266160726,0.0036452421918511,0.0108217997476458,0.0033596146386116,-0.0037445407360792,0.0027374753262847,-0.0039799655787646,0.0012408911716192,-0.0017241870518773,-0.0145120276138186,0.0057299355976283,-0.0034527648240327,0.0127255599945783,-0.0061500133015215,0.0027818803209811,-0.0155166406184434,0.0366156846284866,-0.0044424603693187,-0.0293770283460617,0.0161164198070764,-0.0086553478613495,-0.0006073575350455,0.0118228783831,0.0093492893502116,0.0011088788742199,0.0041450737044215,0.0172336287796497,-0.0001845284859882,0.0537911467254161,0.0159843694418668,-0.0200184602290391,-0.0134171890094876,-0.0067533287219703,-0.0107002183794975,-0.0013971063308417,0.0010233809007331,-0.0291117876768112,-0.0302072688937187,0.0134831620380282,-0.0046721817925572,-0.0105937430635094,0.0174767337739467,-0.0128334276378154,-0.007168710231781,-0.0071782455779612,0.0127013307064771,0.0114349517971277,0.0056474432349205,-0.0193256512284278,0.0257856640964746,0.0004070304275956,-0.0044252886436879,-0.0178147684782743,0.0060029672458767,-0.0131865171715617,0.0063087637536227,-0.0600639171898365,0.007378258742392,0.0160276275128126,0.0023365728557109,0.0119875334203243,-0.0141884088516235,-0.0101340757682919,0.0067074694670736,0.0242352709174156,0.0075661204755306,-0.0031780607532709,0.0184708274900913,0.0292171984910965,-0.00548040214926,-0.00247782189399,0.0324879921972751,0.0116648003458976,0.0020362276118248,-0.0119181554764509,-0.003850323613733,-0.0078345527872443,-0.0035861053038388,0.0101258233189582,0.0215723682194948,0.012189645320177,0.0129527980461716,-0.0130858235061168,-0.0119124501943588,0.0046617928892374,0.0095478948205709,-0.0206063501536846,0.0017954513896256,-0.0176558587700128,0.0112537387758493,-0.0078638102859258,-0.0125916777178645,0.0273323617875576,-0.0056769587099552,0.0059123910032212,-0.0028019517194479,0.0028070665430277,-0.0061068776543206,0.0069866637357682,-0.0138901905566642,0.0236329069732523,0.0190392092401776,0.0311328851866212,0.0470830642316506,-0.0035045923960086,0.0374561258530194,0.1230285826443207,0.1496428688342399,0.0249363094913857,2019-02-06,2019-02-07,2019-02-08,2019-02-11,2019-02-12,2019-02-13,2019-02-14,2019-02-15,2019-02-19,2019-02-20,87267.0,2019-02-05,252.0,-0.1005%,-0.0007,1.2806,-0.2515,0.6027,0.9490%,1.6578%,67.2329%,-0.003208,BLK,87267.0,2019-02-06,252.0,-0.2802%,-0.0007,1.3068,-0.26,0.6286,0.9438%,1.6368%,66.7512%,-0.0005319999999999,BLK,87267.0,2019-02-07,252.0,-0.3314%,-0.0007,1.3062,-0.2621,0.6304,0.9446%,1.6318%,66.4896%,0.0059499999999999,BLK,87267.0,2019-02-08,252.0,-0.7831%,-0.0007,1.3069,-0.2612,0.6338,0.9450%,1.6322%,66.4804%,-0.004626,BLK,87267.0,2019-02-11,252.0,0.2283%,-0.0007,1.3132,-0.2655,0.6348,0.9445%,1.6103%,65.5957%,0.00062,BLK,87267.0,2019-02-12,252.0,3.1039%,-0.0007,1.3187,-0.2616,0.6369,0.9488%,1.6153%,65.4952%,0.014212,BLK,87267.0,2019-02-13,252.0,0.4559%,-0.0006,1.3231,-0.2686,0.6359,0.9470%,1.6148%,65.6063%,0.000478,BLK,87267.0,2019-02-14,252.0,-0.9522%,-0.0006,1.324,-0.2689,0.6352,0.9451%,1.6152%,65.7610%,-0.001758,BLK,87267.0,2019-02-15,252.0,2.0242%,-0.0006,1.3147,-0.2769,0.6205,0.9412%,1.6041%,65.5714%,0.0028039999999999,BLK,87267.0,2019-02-19,252.0,-0.2037%,-0.0006,1.317,-0.2846,0.6116,0.9394%,1.6041%,65.7033%,-0.005694,BLK,87267.0,2019-02-20,252.0,1.4267%,-0.0006,1.3196,-0.2794,0.6206,0.9413%,1.6068%,65.6820%,0.008927,BLK,-0.00374,0.0022099999999999,-0.002416,0.012416,0.017173
33779,BIOLINERX LTD,BioLineRx Prices 28M Share Offering Of ADSs And Warrants At $0.55/Unit,6,decrease,0.7,0.6,"the pricing of a share offering at a lower price per unit typically signals dilution of existing shares, which can lead to a decrease in stock price.",0,2019-02-05,BLRX,2019-02-05 14:01:00+00:00,12912.0,09071M20,-0.4022612571716309,16247590.0,-0.0202826261520385,0.1452418267726898,-0.0507094264030456,-0.0287879593670368,-0.0320999696850776,0.021671824157238,0.0377215147018432,-0.0032402265351265,-0.0004879321204498,0.040122028440237,-0.0065901903435587,0.0302579328417778,-0.0046683470718562,-0.0085246367380023,0.0004937136545777,0.0338983759284019,-0.0130766974762082,-0.0166667494922876,-0.0050000101327896,0.034482829272747,0.0298995170742273,-0.0063389032147824,0.0121980849653482,-0.0463976524770259,0.0147023350000381,0.0240923631936311,-0.0266033504158258,0.0867272466421127,0.02489017508924,-0.0831805244088172,-0.0238095019012689,0.017961548641324,0.0,0.0338859744369983,0.0,0.0857143178582191,0.0,0.0282021276652813,0.0107317436486482,0.0418281480669975,0.0135134542360901,-0.0735349506139755,0.0123809492215514,0.0579999685287475,0.0232831705361604,0.1433798372745514,-0.0257411655038595,0.0055185351520776,-0.0023590868804603,-0.0335555598139762,-0.0042563271708786,-0.0415335819125175,-0.002612215001136,0.0206521674990654,0.0476190745830535,-0.0416666269302368,0.0,0.0389609895646572,-0.0013636595103889,-0.0759999752044677,0.0498406887054443,-0.0860903039574623,-0.0307023357599973,-0.1070670485496521,-0.0175270605832338,-0.0101777575910091,-0.0220805834978818,-0.03281245008111,0.0412010848522186,-0.0052844695746898,-0.0409121327102184,-0.0131901782006025,0.0023310417309403,-0.0194014050066471,0.0069767236709594,0.0151145551353693,-0.0020785226952284,-0.0250075105577707,-0.0062485560774803,0.01633888669312,-0.0055892192758619,-0.030080709606409,-0.0283371936529874,-0.0032177963294088,0.012292074970901,0.0128889083862304,-0.024047564715147,0.0228822585195303,-0.0034155249595642,0.0156995896250009,0.0080783627927303,0.0105770668014884,0.0026712086983025,-0.0101372608914971,-0.0072656604461371,-0.0301867201924324,-0.0226885173469781,-0.0004477465117815,-0.0511731766164302,0.0468750484287738,-0.0134175522252917,-0.0447761639952659,0.0122666358947753,0.0276073720306158,-0.025289736688137,-0.0268656816333532,0.0,0.0060060182586312,-0.0213513504713773,-0.020444156602025,0.0082849794998765,-0.0273247640579938,0.0545055978000164,-0.0186719093471765,0.0098701426759362,-0.0370420664548873,-0.0120884906500577,0.0474370084702968,-0.0236917212605476,0.001986370421946,-0.0202826261520385,0.1452418267726898,-0.0699635322169669,0.1122726515981265,-0.0998176746388189,0.1363776289184659,-0.0663172300297587,0.1781415493562741,-0.0929808676209555,0.2656896567462139,0.0013673198606993,0.4681999595712838,-0.1453965496147727,0.0415720385146698,2019-02-06,2019-02-07,2019-02-08,2019-02-11,2019-02-12,2019-02-13,2019-02-14,2019-02-15,2019-02-19,2019-02-20,12912.0,2019-02-05,252.0,-40.2261%,-0.0021,0.9558,1.7637,0.8831,4.6341%,4.7997%,6.7787%,-0.401545,BLRX,12912.0,2019-02-06,252.0,-2.0283%,-0.0019,0.8321,1.8038,0.7589,4.6114%,4.7581%,6.0752%,-0.018722,BLRX,12912.0,2019-02-07,252.0,-5.0709%,-0.0022,0.8225,1.8341,0.7456,4.6135%,4.7620%,6.1383%,-0.043685,BLRX,12912.0,2019-02-08,252.0,-3.2100%,-0.0024,0.8279,1.8121,0.7539,4.6124%,4.7593%,6.0779%,-0.028712,BLRX,12912.0,2019-02-11,252.0,3.7722%,-0.0022,0.8121,1.8613,0.7723,4.6139%,4.7628%,6.1551%,0.022768,BLRX,12912.0,2019-02-12,252.0,-0.0488%,-0.0022,0.8132,1.8538,0.7742,4.6138%,4.7626%,6.1481%,-0.0106909999999999,BLRX,12912.0,2019-02-13,252.0,-0.6590%,-0.0023,0.8053,1.8636,0.7739,4.6133%,4.7618%,6.1405%,-0.010621,BLRX,12912.0,2019-02-14,252.0,-0.4668%,-0.0023,0.8074,1.8608,0.7759,4.6130%,4.7615%,6.1427%,-0.008279,BLRX,12912.0,2019-02-15,252.0,0.0494%,-0.0025,0.7804,1.8349,0.7299,4.6119%,4.7543%,5.9004%,-0.017106,BLRX,12912.0,2019-02-19,252.0,-1.3077%,-0.0026,0.7763,1.8229,0.7167,4.6136%,4.7548%,5.8506%,-0.02217,BLRX,12912.0,2019-02-20,252.0,-0.5000%,-0.0026,0.7735,1.819,0.7073,4.6141%,4.7548%,5.8309%,-0.014527,BLRX,-0.420267,-0.463952,-0.492664,-0.480587,-0.55329
33787,BIOLINERX LTD,BioLine Rx shares are trading lower after the company announced a proposed offering for its American depository shares and warrants.,6,decrease,0.8,0.7,"the announcement of a proposed offering typically dilutes existing shares, leading to a decrease in stock price.",0,2019-02-05,BLRX,2019-02-05 13:46:00+00:00,12912.0,09071M20,-0.4022612571716309,16247590.0,-0.0202826261520385,0.1452418267726898,-0.0507094264030456,-0.0287879593670368,-0.0320999696850776,0.021671824157238,0.0377215147018432,-0.0032402265351265,-0.0004879321204498,0.040122028440237,-0.0065901903435587,0.0302579328417778,-0.0046683470718562,-0.0085246367380023,0.0004937136545777,0.0338983759284019,-0.0130766974762082,-0.0166667494922876,-0.0050000101327896,0.034482829272747,0.0298995170742273,-0.0063389032147824,0.0121980849653482,-0.0463976524770259,0.0147023350000381,0.0240923631936311,-0.0266033504158258,0.0867272466421127,0.02489017508924,-0.0831805244088172,-0.0238095019012689,0.017961548641324,0.0,0.0338859744369983,0.0,0.0857143178582191,0.0,0.0282021276652813,0.0107317436486482,0.0418281480669975,0.0135134542360901,-0.0735349506139755,0.0123809492215514,0.0579999685287475,0.0232831705361604,0.1433798372745514,-0.0257411655038595,0.0055185351520776,-0.0023590868804603,-0.0335555598139762,-0.0042563271708786,-0.0415335819125175,-0.002612215001136,0.0206521674990654,0.0476190745830535,-0.0416666269302368,0.0,0.0389609895646572,-0.0013636595103889,-0.0759999752044677,0.0498406887054443,-0.0860903039574623,-0.0307023357599973,-0.1070670485496521,-0.0175270605832338,-0.0101777575910091,-0.0220805834978818,-0.03281245008111,0.0412010848522186,-0.0052844695746898,-0.0409121327102184,-0.0131901782006025,0.0023310417309403,-0.0194014050066471,0.0069767236709594,0.0151145551353693,-0.0020785226952284,-0.0250075105577707,-0.0062485560774803,0.01633888669312,-0.0055892192758619,-0.030080709606409,-0.0283371936529874,-0.0032177963294088,0.012292074970901,0.0128889083862304,-0.024047564715147,0.0228822585195303,-0.0034155249595642,0.0156995896250009,0.0080783627927303,0.0105770668014884,0.0026712086983025,-0.0101372608914971,-0.0072656604461371,-0.0301867201924324,-0.0226885173469781,-0.0004477465117815,-0.0511731766164302,0.0468750484287738,-0.0134175522252917,-0.0447761639952659,0.0122666358947753,0.0276073720306158,-0.025289736688137,-0.0268656816333532,0.0,0.0060060182586312,-0.0213513504713773,-0.020444156602025,0.0082849794998765,-0.0273247640579938,0.0545055978000164,-0.0186719093471765,0.0098701426759362,-0.0370420664548873,-0.0120884906500577,0.0474370084702968,-0.0236917212605476,0.001986370421946,-0.0202826261520385,0.1452418267726898,-0.0699635322169669,0.1122726515981265,-0.0998176746388189,0.1363776289184659,-0.0663172300297587,0.1781415493562741,-0.0929808676209555,0.2656896567462139,0.0013673198606993,0.4681999595712838,-0.1453965496147727,0.0415720385146698,2019-02-06,2019-02-07,2019-02-08,2019-02-11,2019-02-12,2019-02-13,2019-02-14,2019-02-15,2019-02-19,2019-02-20,12912.0,2019-02-05,252.0,-40.2261%,-0.0021,0.9558,1.7637,0.8831,4.6341%,4.7997%,6.7787%,-0.401545,BLRX,12912.0,2019-02-06,252.0,-2.0283%,-0.0019,0.8321,1.8038,0.7589,4.6114%,4.7581%,6.0752%,-0.018722,BLRX,12912.0,2019-02-07,252.0,-5.0709%,-0.0022,0.8225,1.8341,0.7456,4.6135%,4.7620%,6.1383%,-0.043685,BLRX,12912.0,2019-02-08,252.0,-3.2100%,-0.0024,0.8279,1.8121,0.7539,4.6124%,4.7593%,6.0779%,-0.028712,BLRX,12912.0,2019-02-11,252.0,3.7722%,-0.0022,0.8121,1.8613,0.7723,4.6139%,4.7628%,6.1551%,0.022768,BLRX,12912.0,2019-02-12,252.0,-0.0488%,-0.0022,0.8132,1.8538,0.7742,4.6138%,4.7626%,6.1481%,-0.0106909999999999,BLRX,12912.0,2019-02-13,252.0,-0.6590%,-0.0023,0.8053,1.8636,0.7739,4.6133%,4.7618%,6.1405%,-0.010621,BLRX,12912.0,2019-02-14,252.0,-0.4668%,-0.0023,0.8074,1.8608,0.7759,4.6130%,4.7615%,6.1427%,-0.008279,BLRX,12912.0,2019-02-15,252.0,0.0494%,-0.0025,0.7804,1.8349,0.7299,4.6119%,4.7543%,5.9004%,-0.017106,BLRX,12912.0,2019-02-19,252.0,-1.3077%,-0.0026,0.7763,1.8229,0.7167,4.6136%,4.7548%,5.8506%,-0.02217,BLRX,12912.0,2019-02-20,252.0,-0.5000%,-0.0026,0.7735,1.819,0.7073,4.6141%,4.7548%,5.8309%,-0.014527,BLRX,-0.420267,-0.463952,-0.492664,-0.480587,-0.55329
33795,BADGER METER INC,"Badger Meter Q4 EPS $0.40 Beats $0.38 Estimate, Sales $104.4M Beat $104.17M Estimate",6,increase,0.8,0.6,"the earnings per share and sales figures both exceeded estimates, which typically signals positive performance and can lead to an increase in stock price.",2,2019-02-05,BMI,2019-02-05 13:32:00+00:00,53110.0,05652510,0.0526608601212501,182436.0,0.0273031387478113,0.0175471752882003,0.0149176772683858,0.0039780088700354,0.0033789621666073,0.0093690566718578,-0.0028624038677662,0.0082899620756506,-0.0047281761653721,-0.0007705820607952,-0.0025449222885072,-0.0238811671733856,0.0037420887965708,0.0073877512477338,0.0194882489740848,0.0191120021045208,-0.0023271176032722,0.0025159874930977,0.0126624181866645,-0.0146834570914506,0.00444225827232,0.0053680748678743,-0.0075347926467657,0.007144215516746,0.0001650160411372,0.0032933356706053,-0.0110560758039355,0.0161417257040739,0.0008343322551809,-0.0107107935473322,-0.0165469106286764,-0.000972822017502,0.0171651653945446,0.017620338127017,-0.0113617433235049,-0.0035510023590177,-0.013858369551599,0.0236267801374197,-0.0214224513620138,0.0095820846036076,-0.0010507453698664,0.0244360510259866,0.0029803325887769,-0.0202577840536832,0.0139835560694336,-0.0069091678597033,-0.0094811106100678,0.0237154029309749,-0.0097458679229021,-0.0127335991710424,-0.0059753977693617,0.0043316641822457,0.0014143920270726,0.0317088291049003,0.0088276835158467,-0.0271221026778221,0.0005250048707239,-0.0267983432859182,0.0026237803976982,-0.0150823248550295,0.0055826883763074,-0.0194590389728546,-0.0482303760945797,-0.0031037798617035,0.0056507028639316,-0.0539548955857753,0.0074316416867077,-0.0010998635552823,-0.0030586898792535,-0.0063752690330147,0.0010828617960214,0.0191201530396938,0.0030646866653114,0.0039135124534368,0.0016175440978258,-0.0016744214808568,-0.009330709464848,-0.0243238359689712,0.0039848075248301,-0.0063131037168204,0.004510193131864,-0.0268562845885753,0.0159841850399971,0.0264865085482597,0.0033586465287953,0.0074423644691705,0.000880955834873,0.0029048351570963,0.0091533260419964,0.0279955193400383,0.013430954888463,0.0018699007341638,-0.0017211441881954,0.0130706308409571,-0.012931034900248,0.0130493240430951,0.0090829776600003,0.0059845824725925,-0.0278691463172435,-0.013145406730473,-0.0028490000404417,-0.0179606936872005,-0.0019642966799438,0.0165461935102939,0.0048309261910617,0.0233554057776927,-0.0010684005683287,-0.0036842860281467,-0.0294117238372564,0.0011648490326479,0.0078971590846776,-0.0046377135440707,-0.0138484351336956,-0.0155982440337538,0.0251293536275625,-0.0151742482557892,0.0043259132653474,0.0241750217974185,-0.0082556158304214,0.0399042293429374,0.0273031387478113,0.0175471752882003,0.0426281154284509,0.0215949869771763,0.0461511163843249,0.0311663683058514,0.0382243811652855,0.0389135128978668,0.0706358689496755,0.0284134572507368,0.0122195942505061,0.0702520551757244,-0.0241581747216347,0.0789473885710916,2019-02-06,2019-02-07,2019-02-08,2019-02-11,2019-02-12,2019-02-13,2019-02-14,2019-02-15,2019-02-19,2019-02-20,53110.0,2019-02-05,252.0,5.2661%,0.0006,0.8795,0.6432,-0.1367,1.4165%,1.7840%,36.9593%,0.048641,BMI,53110.0,2019-02-06,252.0,2.7303%,0.0008,0.8576,0.6498,-0.1544,1.4259%,1.7725%,35.2883%,0.029298,BMI,53110.0,2019-02-07,252.0,1.4918%,0.0008,0.8372,0.6658,-0.1508,1.4248%,1.7602%,34.4830%,0.0242399999999999,BMI,53110.0,2019-02-08,252.0,0.3379%,0.0008,0.8367,0.678,-0.1446,1.4223%,1.7582%,34.5653%,0.001152,BMI,53110.0,2019-02-11,252.0,-0.2862%,0.0007,0.8642,0.6395,-0.151,1.4161%,1.7582%,35.1254%,-0.008276,BMI,53110.0,2019-02-12,252.0,-0.4728%,0.0007,0.8656,0.6249,-0.1477,1.4159%,1.7573%,35.0827%,-0.016967,BMI,53110.0,2019-02-13,252.0,-0.2545%,0.0006,0.853,0.6436,-0.1459,1.4073%,1.7441%,34.8931%,-0.00534,BMI,53110.0,2019-02-14,252.0,0.3742%,0.0006,0.8533,0.6442,-0.1472,1.4067%,1.7440%,34.9422%,0.001241,BMI,53110.0,2019-02-15,252.0,1.9488%,0.0007,0.8606,0.6516,-0.1342,1.4076%,1.7464%,35.0412%,0.008842,BMI,53110.0,2019-02-19,252.0,-0.2327%,0.0006,0.8573,0.6506,-0.135,1.4075%,1.7435%,34.8239%,-0.0055489999999999,BMI,53110.0,2019-02-20,252.0,1.2662%,0.0007,0.8608,0.6618,-0.1219,1.4079%,1.7446%,34.8771%,0.0102449999999999,BMI,0.077939,0.1021789999999999,0.1033309999999999,0.0780879999999999,0.087527
33803,BOOT BARN HOLDINGS INC,"Boot Barn Raises FY19 Guidance: EPS From $1.16-$1.24 To $1.31-$1.33, Sales $770M-$773M",6,increase,0.85,0.7,"raising guidance for both eps and sales typically signals strong performance and positive outlook, which can lead to an increase in stock price.",2,2019-02-05,BOOT,2019-02-05 21:55:00+00:00,14953.0,09940610,0.0064322305843234,1120839.0,0.0860673412680625,0.0047393627464771,-0.0153000941500067,-0.0093897236511111,-0.0019920773338526,0.0038560477551072,0.0379241816699504,0.0130207994952797,0.0300000272691249,0.0026110259350389,0.0168035421520471,0.0159150622785091,-0.0099155511707067,0.0376147553324699,0.0304154902696609,0.0064634992741048,0.0244779828935861,-0.0096022393554449,-0.0038650282658636,-0.0428883805871009,-0.0253968685865402,0.036281231790781,0.0437930151820182,0.0161289609968662,0.0128293661400675,-0.015872947871685,-0.0126668587327003,0.0022726925089955,0.0006934971315786,0.1346054971218109,-0.012474033050239,-0.0025720752310007,-0.004561373963952,-0.0166919529438018,0.0017623981693759,-0.005533134099096,0.0028149164281785,0.0252707470208406,-0.0326315909624099,0.0630482286214828,0.0047153090126812,0.046471569687128,-0.0003610190760809,-0.0079680932685732,0.0267244409769773,0.0317086912691593,-0.0080900294706225,-0.0069970223121345,-0.0031914946157485,0.0220499951392412,-0.0352187752723693,-0.0059240804985165,0.0140117676928639,0.0883300378918647,0.0167272388935089,-0.0133587811142206,-0.0268240347504615,-0.036764670163393,-0.0132303824648261,-0.006090157199651,0.0167597346007823,-0.0161773785948753,-0.0084248920902609,0.0490258149802684,0.0354636497795581,-0.0569058060646057,0.0128433350473642,0.0181050784885883,0.016907412558794,-0.0920548141002655,0.0155870746821165,-0.0328564271330833,0.004092798102647,-0.0141065074130892,0.0254755429923534,-0.0548148453235626,-0.0228552669286727,-0.0795454531908035,-0.0033898435067385,-0.0261177569627761,0.0068027470260858,-0.0669144541025161,0.0442567393183708,0.0693462789058685,-0.0006470545777119,0.0179855953902006,-0.0249271150678396,0.0099908858537673,0.0073040938004851,0.0480723567306995,-0.0313118249177932,-0.0246054157614707,0.0340251810848712,0.0486854910850524,0.027640676125884,-0.0082085067406296,0.0137688219547271,0.079770527780056,-0.0404295846819877,-0.0738772973418235,-0.0181039907038211,-0.0208038073033094,-0.0325175784528255,-0.043419312685728,0.0180179681628942,-0.0203809961676597,-0.0132743157446384,-0.0935742929577827,0.0117281870916485,-0.0099403578788042,0.0085236961022019,-0.0007946148980408,-0.0263691917061805,-0.0315505862236022,-0.0003471639647614,0.0200157072395086,0.0111149596050381,0.0135242706164717,0.0257643423974514,-0.0267131458967924,0.0860673412680625,0.0047393627464771,0.0694504086934137,-0.0046948622111058,0.0673199807745761,-0.0008569180688882,0.141031164362863,0.0147954806797503,0.2079250600209967,0.020568901228861,0.1440136789437704,0.4202192227321115,0.2722625234610893,-0.0971738298039864,2019-02-06,2019-02-07,2019-02-08,2019-02-11,2019-02-12,2019-02-13,2019-02-14,2019-02-15,2019-02-19,2019-02-20,14953.0,2019-02-05,252.0,0.6432%,0.0013,1.5169,1.4159,0.41,2.8664%,3.3602%,27.2331%,0.0032719999999999,BOOT,14953.0,2019-02-06,252.0,8.6067%,0.0016,1.5252,1.4117,0.4301,2.9190%,3.3904%,25.8785%,0.089159,BOOT,14953.0,2019-02-07,252.0,-1.5300%,0.0016,1.5262,1.4116,0.4295,2.9190%,3.3905%,25.8797%,-0.001058,BOOT,14953.0,2019-02-08,252.0,-0.1992%,0.0013,1.5283,1.3588,0.4036,2.8955%,3.3687%,26.1196%,-0.001208,BOOT,14953.0,2019-02-11,252.0,3.7924%,0.0015,1.5154,1.4042,0.4214,2.8983%,3.3576%,25.4876%,0.025788,BOOT,14953.0,2019-02-12,252.0,3.0000%,0.0017,1.5419,1.3763,0.4399,2.8888%,3.3586%,26.0175%,0.009726,BOOT,14953.0,2019-02-13,252.0,1.6804%,0.0019,1.5614,1.3473,0.4371,2.8787%,3.3558%,26.4125%,0.011252,BOOT,14953.0,2019-02-14,252.0,-0.9916%,0.0017,1.5622,1.339,0.4499,2.8721%,3.3480%,26.4103%,-0.011208,BOOT,14953.0,2019-02-15,252.0,3.0415%,0.0019,1.599,1.3726,0.5103,2.8610%,3.3521%,27.1566%,0.007155,BOOT,14953.0,2019-02-19,252.0,2.4478%,0.0021,1.6102,1.3694,0.5058,2.8574%,3.3541%,27.4264%,0.015828,BOOT,14953.0,2019-02-20,252.0,-0.3865%,0.0021,1.6094,1.3837,0.5074,2.8497%,3.3489%,27.5896%,-0.012819,BOOT,0.092431,0.091373,0.090165,0.125679,0.135887
33811,BOOT BARN HOLDINGS INC,"Boot Barn Holdings Q3 EPS $0.66, Inline, Sales $254.006M Miss $254.29M Estimate",6,decrease,0.7,0.5,"the earnings per share (eps) met expectations, but the sales figure missed estimates, which could lead to negative sentiment among investors.",0,2019-02-05,BOOT,2019-02-05 21:55:00+00:00,14953.0,09940610,0.0064322305843234,1120839.0,0.0860673412680625,0.0047393627464771,-0.0153000941500067,-0.0093897236511111,-0.0019920773338526,0.0038560477551072,0.0379241816699504,0.0130207994952797,0.0300000272691249,0.0026110259350389,0.0168035421520471,0.0159150622785091,-0.0099155511707067,0.0376147553324699,0.0304154902696609,0.0064634992741048,0.0244779828935861,-0.0096022393554449,-0.0038650282658636,-0.0428883805871009,-0.0253968685865402,0.036281231790781,0.0437930151820182,0.0161289609968662,0.0128293661400675,-0.015872947871685,-0.0126668587327003,0.0022726925089955,0.0006934971315786,0.1346054971218109,-0.012474033050239,-0.0025720752310007,-0.004561373963952,-0.0166919529438018,0.0017623981693759,-0.005533134099096,0.0028149164281785,0.0252707470208406,-0.0326315909624099,0.0630482286214828,0.0047153090126812,0.046471569687128,-0.0003610190760809,-0.0079680932685732,0.0267244409769773,0.0317086912691593,-0.0080900294706225,-0.0069970223121345,-0.0031914946157485,0.0220499951392412,-0.0352187752723693,-0.0059240804985165,0.0140117676928639,0.0883300378918647,0.0167272388935089,-0.0133587811142206,-0.0268240347504615,-0.036764670163393,-0.0132303824648261,-0.006090157199651,0.0167597346007823,-0.0161773785948753,-0.0084248920902609,0.0490258149802684,0.0354636497795581,-0.0569058060646057,0.0128433350473642,0.0181050784885883,0.016907412558794,-0.0920548141002655,0.0155870746821165,-0.0328564271330833,0.004092798102647,-0.0141065074130892,0.0254755429923534,-0.0548148453235626,-0.0228552669286727,-0.0795454531908035,-0.0033898435067385,-0.0261177569627761,0.0068027470260858,-0.0669144541025161,0.0442567393183708,0.0693462789058685,-0.0006470545777119,0.0179855953902006,-0.0249271150678396,0.0099908858537673,0.0073040938004851,0.0480723567306995,-0.0313118249177932,-0.0246054157614707,0.0340251810848712,0.0486854910850524,0.027640676125884,-0.0082085067406296,0.0137688219547271,0.079770527780056,-0.0404295846819877,-0.0738772973418235,-0.0181039907038211,-0.0208038073033094,-0.0325175784528255,-0.043419312685728,0.0180179681628942,-0.0203809961676597,-0.0132743157446384,-0.0935742929577827,0.0117281870916485,-0.0099403578788042,0.0085236961022019,-0.0007946148980408,-0.0263691917061805,-0.0315505862236022,-0.0003471639647614,0.0200157072395086,0.0111149596050381,0.0135242706164717,0.0257643423974514,-0.0267131458967924,0.0860673412680625,0.0047393627464771,0.0694504086934137,-0.0046948622111058,0.0673199807745761,-0.0008569180688882,0.141031164362863,0.0147954806797503,0.2079250600209967,0.020568901228861,0.1440136789437704,0.4202192227321115,0.2722625234610893,-0.0971738298039864,2019-02-06,2019-02-07,2019-02-08,2019-02-11,2019-02-12,2019-02-13,2019-02-14,2019-02-15,2019-02-19,2019-02-20,14953.0,2019-02-05,252.0,0.6432%,0.0013,1.5169,1.4159,0.41,2.8664%,3.3602%,27.2331%,0.0032719999999999,BOOT,14953.0,2019-02-06,252.0,8.6067%,0.0016,1.5252,1.4117,0.4301,2.9190%,3.3904%,25.8785%,0.089159,BOOT,14953.0,2019-02-07,252.0,-1.5300%,0.0016,1.5262,1.4116,0.4295,2.9190%,3.3905%,25.8797%,-0.001058,BOOT,14953.0,2019-02-08,252.0,-0.1992%,0.0013,1.5283,1.3588,0.4036,2.8955%,3.3687%,26.1196%,-0.001208,BOOT,14953.0,2019-02-11,252.0,3.7924%,0.0015,1.5154,1.4042,0.4214,2.8983%,3.3576%,25.4876%,0.025788,BOOT,14953.0,2019-02-12,252.0,3.0000%,0.0017,1.5419,1.3763,0.4399,2.8888%,3.3586%,26.0175%,0.009726,BOOT,14953.0,2019-02-13,252.0,1.6804%,0.0019,1.5614,1.3473,0.4371,2.8787%,3.3558%,26.4125%,0.011252,BOOT,14953.0,2019-02-14,252.0,-0.9916%,0.0017,1.5622,1.339,0.4499,2.8721%,3.3480%,26.4103%,-0.011208,BOOT,14953.0,2019-02-15,252.0,3.0415%,0.0019,1.599,1.3726,0.5103,2.8610%,3.3521%,27.1566%,0.007155,BOOT,14953.0,2019-02-19,252.0,2.4478%,0.0021,1.6102,1.3694,0.5058,2.8574%,3.3541%,27.4264%,0.015828,BOOT,14953.0,2019-02-20,252.0,-0.3865%,0.0021,1.6094,1.3837,0.5074,2.8497%,3.3489%,27.5896%,-0.012819,BOOT,0.092431,0.091373,0.090165,0.125679,0.135887
33819,B P PLC,BP shares are trading higher after the company reported better than expected Q4 EPS and revenue results.,6,increase,0.85,0.7,"better than expected q4 eps and revenue results typically lead to positive investor sentiment, driving the stock price higher.",2,2019-02-05,BP,2019-02-05 13:13:00+00:00,29890.0,05562210,0.0345494151115417,11124330.0,0.0051378146745264,0.0012094639241695,-0.0078996317461133,0.0053502242080867,-0.0049180113710463,0.0110646858811378,-0.0065898466855287,0.0116914771497249,0.004975102841854,0.0159211792051792,0.0051862620748579,-0.0134629998356103,-0.0036350949667394,0.0,0.0100310957059264,-0.000249210424954,0.0021281661465764,0.0009979315800592,0.0023595674429088,-0.0166829377412796,-0.004472660832107,0.0156989097595214,0.0040198196657001,0.0002493055071681,0.0011775610037148,-0.0029821754433214,0.0002352890296606,-0.0044531542807817,0.0075258631259202,0.0044730734080076,-0.0044350754469633,-0.0113021889701485,-0.0016412589466199,0.0084241861477494,0.0014090548502281,0.0082438634708523,0.0023452695459127,-0.0032370784319937,-0.0009359128307551,0.0032475912012159,-0.0016393370460718,0.031435128301382,-0.008913935162127,0.0057009905576705,0.0018935344414785,0.0176688302308321,0.0030710429418832,-0.00550755020231,0.0322657264769077,0.0106016835197806,0.0027378262020647,-0.0086705684661865,-0.0018202918581664,0.0384720265865325,0.0084340721368789,-0.0270771626383066,0.005198904313147,0.0110037541016936,0.0013491692952811,-0.0103586502373218,0.0,-0.0044949278235435,-0.0130248824134469,-0.0153605872765183,-0.009556358680129,-0.0064666322432458,0.0066620935685932,-0.0160346403717994,-0.0052487342618405,0.0061460100114345,0.0009176626335829,-0.0007677224348299,0.0020628042984753,-0.0073659410700201,0.0084629217162728,-0.0035433913581073,0.0031753093935549,-0.0020207585766911,0.0,-0.0332112461328506,-0.0018086822237819,-0.0058266054838895,0.0086069591343402,0.0208178479224443,0.0157197564840316,-0.0032114889472723,-0.0053061656653881,-0.0088149020448327,0.0011113410582765,0.0128968367353081,-0.0037744666915386,-0.0051813246682286,-0.0044573382474482,0.0160441063344478,0.0,-0.0334383584558963,-0.0042533832602202,0.0291771087795496,0.0031474684365093,-0.0200390946120023,-0.0051546292379498,0.0019588153809309,0.0146429724991321,-0.0077745309099555,-0.0004440599004738,0.0205801632255315,-0.0197689775377512,0.0130620561540126,-0.0038522996474057,-0.025935836136341,-0.0147861177101731,-0.008971937932074,-0.0066959341056644,-0.0007268906920216,0.0165039300918579,-0.0285316668450832,-0.0148638859391212,0.0105485413223505,-0.0104457000270485,0.0011734155705198,0.0051378146745264,0.0012094639241695,-0.0028024039154953,0.0065661590354222,-0.0077066330322189,0.0177034974037326,-0.0093414651393866,0.0459944318178349,0.0066314740385908,0.0154563544892152,0.0552094811368859,0.0993359254532595,0.0101859996317554,-0.0142742918153299,2019-02-06,2019-02-07,2019-02-08,2019-02-11,2019-02-12,2019-02-13,2019-02-14,2019-02-15,2019-02-19,2019-02-20,29890.0,2019-02-05,252.0,3.4549%,0.0006,0.7948,-0.0018,0.5119,1.1479%,1.4134%,34.0430%,0.034325,BP,29890.0,2019-02-06,252.0,0.5138%,0.0006,0.7959,-0.0022,0.5137,1.1484%,1.3972%,32.4412%,0.006428,BP,29890.0,2019-02-07,252.0,-0.7900%,0.0006,0.7927,0.0032,0.5123,1.1478%,1.3930%,32.0999%,-0.002604,BP,29890.0,2019-02-08,252.0,-0.4918%,0.0006,0.7928,0.0155,0.521,1.1451%,1.3903%,32.1688%,-0.002198,BP,29890.0,2019-02-11,252.0,-0.6590%,0.0005,0.8102,-0.0141,0.514,1.1428%,1.3891%,32.3141%,-0.009101,BP,29890.0,2019-02-12,252.0,0.4975%,0.0006,0.821,-0.0322,0.5228,1.1336%,1.3874%,33.2444%,-0.0052669999999999,BP,29890.0,2019-02-13,252.0,0.5186%,0.0006,0.8172,-0.0249,0.5245,1.1322%,1.3826%,32.9423%,0.002441,BP,29890.0,2019-02-14,252.0,-0.3635%,0.0006,0.8175,-0.0244,0.5232,1.1315%,1.3825%,33.0168%,0.001153,BP,29890.0,2019-02-15,252.0,1.0031%,0.0006,0.8146,-0.0273,0.5182,1.1315%,1.3798%,32.7508%,-0.0017569999999999,BP,29890.0,2019-02-19,252.0,0.2128%,0.0006,0.816,-0.0307,0.5142,1.1310%,1.3798%,32.8120%,-0.000995,BP,29890.0,2019-02-20,252.0,0.2360%,0.0006,0.8159,-0.0277,0.5148,1.1302%,1.3793%,32.8566%,-0.002051,BP,0.040753,0.038149,0.035951,0.021583,0.020374
33827,B P PLC,BP PLC Q4 Rev $76.89B vs $74.36B Est,6,increase,0.75,0.6,"the revenue beat expectations, which is generally a positive indicator for a company's financial performance and can lead to an increase in stock price.",2,2019-02-05,BP,2019-02-05 09:28:00+00:00,29890.0,05562210,0.0345494151115417,11124330.0,0.0051378146745264,0.0012094639241695,-0.0078996317461133,0.0053502242080867,-0.0049180113710463,0.0110646858811378,-0.0065898466855287,0.0116914771497249,0.004975102841854,0.0159211792051792,0.0051862620748579,-0.0134629998356103,-0.0036350949667394,0.0,0.0100310957059264,-0.000249210424954,0.0021281661465764,0.0009979315800592,0.0023595674429088,-0.0166829377412796,-0.004472660832107,0.0156989097595214,0.0040198196657001,0.0002493055071681,0.0011775610037148,-0.0029821754433214,0.0002352890296606,-0.0044531542807817,0.0075258631259202,0.0044730734080076,-0.0044350754469633,-0.0113021889701485,-0.0016412589466199,0.0084241861477494,0.0014090548502281,0.0082438634708523,0.0023452695459127,-0.0032370784319937,-0.0009359128307551,0.0032475912012159,-0.0016393370460718,0.031435128301382,-0.008913935162127,0.0057009905576705,0.0018935344414785,0.0176688302308321,0.0030710429418832,-0.00550755020231,0.0322657264769077,0.0106016835197806,0.0027378262020647,-0.0086705684661865,-0.0018202918581664,0.0384720265865325,0.0084340721368789,-0.0270771626383066,0.005198904313147,0.0110037541016936,0.0013491692952811,-0.0103586502373218,0.0,-0.0044949278235435,-0.0130248824134469,-0.0153605872765183,-0.009556358680129,-0.0064666322432458,0.0066620935685932,-0.0160346403717994,-0.0052487342618405,0.0061460100114345,0.0009176626335829,-0.0007677224348299,0.0020628042984753,-0.0073659410700201,0.0084629217162728,-0.0035433913581073,0.0031753093935549,-0.0020207585766911,0.0,-0.0332112461328506,-0.0018086822237819,-0.0058266054838895,0.0086069591343402,0.0208178479224443,0.0157197564840316,-0.0032114889472723,-0.0053061656653881,-0.0088149020448327,0.0011113410582765,0.0128968367353081,-0.0037744666915386,-0.0051813246682286,-0.0044573382474482,0.0160441063344478,0.0,-0.0334383584558963,-0.0042533832602202,0.0291771087795496,0.0031474684365093,-0.0200390946120023,-0.0051546292379498,0.0019588153809309,0.0146429724991321,-0.0077745309099555,-0.0004440599004738,0.0205801632255315,-0.0197689775377512,0.0130620561540126,-0.0038522996474057,-0.025935836136341,-0.0147861177101731,-0.008971937932074,-0.0066959341056644,-0.0007268906920216,0.0165039300918579,-0.0285316668450832,-0.0148638859391212,0.0105485413223505,-0.0104457000270485,0.0011734155705198,0.0051378146745264,0.0012094639241695,-0.0028024039154953,0.0065661590354222,-0.0077066330322189,0.0177034974037326,-0.0093414651393866,0.0459944318178349,0.0066314740385908,0.0154563544892152,0.0552094811368859,0.0993359254532595,0.0101859996317554,-0.0142742918153299,2019-02-06,2019-02-07,2019-02-08,2019-02-11,2019-02-12,2019-02-13,2019-02-14,2019-02-15,2019-02-19,2019-02-20,29890.0,2019-02-05,252.0,3.4549%,0.0006,0.7948,-0.0018,0.5119,1.1479%,1.4134%,34.0430%,0.034325,BP,29890.0,2019-02-06,252.0,0.5138%,0.0006,0.7959,-0.0022,0.5137,1.1484%,1.3972%,32.4412%,0.006428,BP,29890.0,2019-02-07,252.0,-0.7900%,0.0006,0.7927,0.0032,0.5123,1.1478%,1.3930%,32.0999%,-0.002604,BP,29890.0,2019-02-08,252.0,-0.4918%,0.0006,0.7928,0.0155,0.521,1.1451%,1.3903%,32.1688%,-0.002198,BP,29890.0,2019-02-11,252.0,-0.6590%,0.0005,0.8102,-0.0141,0.514,1.1428%,1.3891%,32.3141%,-0.009101,BP,29890.0,2019-02-12,252.0,0.4975%,0.0006,0.821,-0.0322,0.5228,1.1336%,1.3874%,33.2444%,-0.0052669999999999,BP,29890.0,2019-02-13,252.0,0.5186%,0.0006,0.8172,-0.0249,0.5245,1.1322%,1.3826%,32.9423%,0.002441,BP,29890.0,2019-02-14,252.0,-0.3635%,0.0006,0.8175,-0.0244,0.5232,1.1315%,1.3825%,33.0168%,0.001153,BP,29890.0,2019-02-15,252.0,1.0031%,0.0006,0.8146,-0.0273,0.5182,1.1315%,1.3798%,32.7508%,-0.0017569999999999,BP,29890.0,2019-02-19,252.0,0.2128%,0.0006,0.816,-0.0307,0.5142,1.1310%,1.3798%,32.8120%,-0.000995,BP,29890.0,2019-02-20,252.0,0.2360%,0.0006,0.8159,-0.0277,0.5148,1.1302%,1.3793%,32.8566%,-0.002051,BP,0.040753,0.038149,0.035951,0.021583,0.020374
33835,BLACKSTONE INC,Blackstone Energy Partners Reports Partnership With Waterfield Midstream,6,increase,0.7,0.6,"the partnership with waterfield midstream suggests potential growth opportunities and increased revenue streams for blackstone energy partners, which could positively impact blackstone inc's stock price.",2,2019-02-05,BX,2019-02-05 13:32:00+00:00,92108.0,09260D10,0.0075668892823159,2853987.0,-0.0014442298561334,0.0105882529169321,-0.0017356486059725,0.0089020542800426,-0.0049261092208325,0.0168980509042739,-0.0136255659162998,-0.0006031501106917,0.0090089859440922,-0.0009038499556481,0.0050595831125974,0.0060623502358794,-0.0168788768351078,0.014764791354537,0.0045180032029747,0.0046352813951671,0.0044977972283959,-0.0070573654957115,0.0274626314640045,-0.0097234789282083,-0.0119116753339767,0.0082720732316374,-0.0105850286781787,0.0018415455706417,0.0074294200167059,0.0108595192432403,-0.0053097433410584,0.0078173857182264,-0.0056347101926803,0.000312800402753,-0.0041753472760319,0.0075638126581907,0.0044924085959792,-0.0003150670672766,0.0047704186290502,0.01082803029567,-0.0068249120377004,0.0086733205243945,0.0074693751521408,0.0297717377543449,-0.0145314848050475,0.0342114269733429,-0.0087270811200141,-0.0279348231852054,0.0166971180588007,0.0087219132110476,0.0041803340427577,-0.009305439889431,0.017543863505125,-0.0121470438316464,0.0061367349699139,-0.0058746836148202,0.0130700189620256,0.0572808794677257,0.0169151406735181,0.0164854191243648,-0.0115590589120984,0.0288704857230186,-0.0068454556167125,0.0039854603819549,0.0123492330312728,-0.0383275374770164,-0.0263829864561557,-0.0034721693955361,-0.0052447640337049,-0.0322580970823764,0.0108376955613493,-0.0210526119917631,-0.0028976667672395,-0.0032787011004984,0.0058122859336435,-0.0006553229759447,0.0104016354307532,0.0009839517297223,0.0122962621971964,-0.0295989904552698,-0.0217514242976903,-0.0211837515234947,0.0054865325801074,-0.0186487510800361,-0.002871868899092,-0.0614060126245021,0.0025921701453626,0.0332048311829567,0.0005745606613345,-0.0005926061421632,-0.0109101654961705,-0.010263885371387,0.0089984778314828,0.008279088884592,0.0031645747367292,-0.0160023067146539,0.0189274419099092,0.0358649380505085,0.000281512417132,0.0231267344206571,0.0070343273691833,0.0464666187763214,0.0039116898551583,-0.025471681728959,0.0748677626252174,-0.0203327126801013,0.0103573678061366,-0.0012307973811402,0.0181957725435495,-0.0127581469714641,0.0050339987501502,-0.0131895216181874,0.0052591804414987,0.0051220846362411,0.0104633597657084,-0.0235364232212305,0.0079621719196438,-0.0384723283350467,-0.0259195081889629,0.0051180073060095,0.0098834112286567,0.0259626433253288,-0.0070263184607028,0.0133017124608159,-0.0014442298561334,0.0105882529169321,-0.0031773717865695,0.0195845643991721,-0.0080878289269462,0.0368135562696012,-0.0127888305204535,0.0352516433978968,0.0113038153489719,0.0440595796051199,0.0230563732158921,0.244927541629911,0.173320857100871,0.0156665322342364,2019-02-06,2019-02-07,2019-02-08,2019-02-11,2019-02-12,2019-02-13,2019-02-14,2019-02-15,2019-02-19,2019-02-20,92108.0,2019-02-05,252.0,0.7567%,0.0003,0.9981,0.4642,0.1761,1.1906%,1.6232%,46.1987%,0.00464,BX,92108.0,2019-02-06,252.0,-0.1444%,0.0002,1.0107,0.4601,0.1886,1.1897%,1.6119%,45.5262%,0.000575,BX,92108.0,2019-02-07,252.0,-0.1736%,0.0003,1.0103,0.4575,0.1906,1.1904%,1.6103%,45.3495%,0.007426,BX,92108.0,2019-02-08,252.0,-0.4926%,0.0002,1.0115,0.4502,0.1906,1.1894%,1.6098%,45.4104%,-0.004849,BX,92108.0,2019-02-11,252.0,-1.3626%,0.0001,1.0109,0.4253,0.1768,1.1951%,1.6008%,44.2615%,-0.0185509999999999,BX,92108.0,2019-02-12,252.0,0.9009%,0.0002,1.0171,0.4139,0.1819,1.1918%,1.6015%,44.6190%,-0.004624,BX,92108.0,2019-02-13,252.0,0.5060%,0.0002,1.0181,0.4129,0.1821,1.1918%,1.6006%,44.5586%,0.001736,BX,92108.0,2019-02-14,252.0,-1.6879%,0.0001,1.0215,0.404,0.1925,1.1957%,1.6036%,44.4023%,-0.0159319999999999,BX,92108.0,2019-02-15,252.0,0.4518%,0.0001,1.0244,0.4056,0.1959,1.1952%,1.6033%,44.4319%,-0.009059,BX,92108.0,2019-02-19,252.0,0.4498%,0.0001,1.0198,0.4126,0.2041,1.1914%,1.5954%,44.2368%,0.000687,BX,92108.0,2019-02-20,252.0,2.7463%,0.0002,1.0269,0.431,0.23,1.1996%,1.6044%,44.0891%,0.023395,BX,0.005215,0.012641,0.0077919999999999,-0.0153829999999999,-0.0145559999999999
33843,CALIX INC,"Calix Sees Q1 Adj. EPS $(0.07)-$(0.02), Sales $100M-$106M",6,uncertain,0.6,0.3,"the projected adjusted eps loss and sales range indicate potential challenges, but the uncertainty in the estimates makes it difficult to predict the stock's immediate reaction.",1,2019-02-05,CALX,2019-02-05 21:22:00+00:00,93272.0,13100M50,-0.0153846219182014,354857.0,-0.2702205777168274,0.0,-0.0528967343270778,0.0156250074505806,-0.0159574318677187,0.0149253588169813,0.010810799896717,-0.0055658132769167,0.0374331846833229,-0.0146252149716019,0.009020579047501,-0.0153015376999974,0.0255427602678537,0.0334883406758308,0.0211706198751926,0.0189573280513286,0.0085366647690534,0.0353288166224956,-0.0181379150599241,0.0,0.0431034974753856,0.0139302872121334,0.0023612163495272,0.0276074092835187,-0.0023556542582809,0.02623294852674,-0.0271547213196754,0.0731981545686721,0.0097087286412715,-0.0155211016535759,-0.014423063956201,-0.0248648151755332,-0.0048780441284179,-0.0364583730697631,-0.0024509197100996,-0.0092878434807062,0.0012284121476113,-0.0081884209066629,-0.0294478256255388,0.0041110911406576,-0.0126422131434083,0.0462364889681339,-0.005121633876115,-0.0302398279309272,0.0257400013506412,-0.0164102409034967,-0.0037640819791704,0.0483870767056942,-0.008816142566502,0.0652921721339225,-0.0025412936229258,0.0046029877848923,0.0242038294672966,0.0382317453622818,0.0136815495789051,-0.0301274880766868,-0.020858846604824,-0.0259593166410923,-0.0087719513103365,-0.0067265043035149,0.0101137701421976,-0.0132743241265416,-0.0362953655421733,0.0157303754240274,0.0064935316331684,-0.0430108122527599,-0.0129032135009765,-0.0032154053915292,0.0091502871364355,-0.0063898209482431,0.0,0.0129449712112546,-0.0025906711816787,-0.0021527991630136,0.0194805320352315,-0.013800436630845,-0.0089171584695577,-0.0348360799252986,0.0115680815652012,0.0156088005751371,0.0,-0.0143590094521641,-0.0165184400975704,0.0103627340868115,0.002584038535133,-0.0122825829312205,0.0180412195622921,-0.0278606694191694,-0.1050632819533348,0.0255102030932903,-0.0325318276882171,-0.0080971578136086,0.0073098996654152,-0.0070351455360651,-0.0304789617657661,-0.0069860923103988,0.0,-0.0166829377412796,0.0464071780443191,-0.0386793203651905,-0.0214591734111309,-0.0009424387826584,0.0058479476720094,-0.0102612506598234,0.0348836854100227,0.0209524072706699,0.0042135128751397,0.0125361727550625,-0.0349650345742702,0.0206692945212125,0.0260869320482015,-0.0097466260194778,0.0014124617446213,0.0260000228881835,-0.0338505282998085,0.0214504636824131,0.0802920013666153,0.0448239147663116,-0.0540540665388107,0.2460106313228607,-0.2702205777168274,0.0,-0.3088235259347087,0.0156250074505805,-0.3198529274281756,0.0307835751102798,-0.2867646788141466,0.0100549018632223,-0.2536764743005639,0.0843965341735748,-0.2729779463427138,0.2387892537758105,-0.3566176418864182,0.4694149313805575,2019-02-06,2019-02-07,2019-02-08,2019-02-11,2019-02-12,2019-02-13,2019-02-14,2019-02-15,2019-02-19,2019-02-20,93272.0,2019-02-05,252.0,-1.5385%,0.0023,0.8387,0.6201,-0.3236,2.4566%,2.6924%,16.7439%,-0.020635,CALX,93272.0,2019-02-06,252.0,-27.0221%,0.0012,0.8843,0.6101,-0.3154,2.9873%,3.1937%,12.5082%,-0.268187,CALX,93272.0,2019-02-07,252.0,-5.2897%,0.001,0.8938,0.6169,-0.3264,2.9999%,3.2106%,12.6952%,-0.0427489999999999,CALX,93272.0,2019-02-08,252.0,-1.5957%,0.0009,0.8976,0.6145,-0.3123,3.0023%,3.2122%,12.6446%,-0.019422,CALX,93272.0,2019-02-11,252.0,1.0811%,0.0008,0.9155,0.6045,-0.3082,3.0013%,3.2109%,12.6308%,0.006117,CALX,93272.0,2019-02-12,252.0,3.7433%,0.001,0.9382,0.5926,-0.2945,3.0028%,3.2184%,12.9512%,0.024237,CALX,93272.0,2019-02-13,252.0,0.9021%,0.001,0.937,0.5968,-0.2925,3.0028%,3.2174%,12.8929%,0.0061439999999999,CALX,93272.0,2019-02-14,252.0,2.5543%,0.0008,0.9279,0.6065,-0.2964,2.9824%,3.1962%,12.9319%,0.02261,CALX,93272.0,2019-02-15,252.0,2.1171%,0.0012,0.9848,0.6586,-0.2025,2.9576%,3.1849%,13.7680%,0.0104909999999999,CALX,93272.0,2019-02-19,252.0,0.8537%,0.0009,0.9599,0.6974,-0.1568,2.9118%,3.1297%,13.4384%,0.005263,CALX,93272.0,2019-02-20,252.0,-1.8138%,0.0008,0.9549,0.691,-0.1733,2.9142%,3.1316%,13.4034%,-0.020733,CALX,-0.288822,-0.331571,-0.350993,-0.320639,-0.296864
33851,CALIX INC,"Calix Q4 EPS $0.13 Beats $0.11 Estimate, Sales $115.5M Miss $124.73M Estimate",6,uncertain,0.6,0.3,"while calix beat eps estimates, the significant miss on sales could lead to mixed reactions from investors, creating uncertainty about the stock's direction.",1,2019-02-05,CALX,2019-02-05 21:22:00+00:00,93272.0,13100M50,-0.0153846219182014,354857.0,-0.2702205777168274,0.0,-0.0528967343270778,0.0156250074505806,-0.0159574318677187,0.0149253588169813,0.010810799896717,-0.0055658132769167,0.0374331846833229,-0.0146252149716019,0.009020579047501,-0.0153015376999974,0.0255427602678537,0.0334883406758308,0.0211706198751926,0.0189573280513286,0.0085366647690534,0.0353288166224956,-0.0181379150599241,0.0,0.0431034974753856,0.0139302872121334,0.0023612163495272,0.0276074092835187,-0.0023556542582809,0.02623294852674,-0.0271547213196754,0.0731981545686721,0.0097087286412715,-0.0155211016535759,-0.014423063956201,-0.0248648151755332,-0.0048780441284179,-0.0364583730697631,-0.0024509197100996,-0.0092878434807062,0.0012284121476113,-0.0081884209066629,-0.0294478256255388,0.0041110911406576,-0.0126422131434083,0.0462364889681339,-0.005121633876115,-0.0302398279309272,0.0257400013506412,-0.0164102409034967,-0.0037640819791704,0.0483870767056942,-0.008816142566502,0.0652921721339225,-0.0025412936229258,0.0046029877848923,0.0242038294672966,0.0382317453622818,0.0136815495789051,-0.0301274880766868,-0.020858846604824,-0.0259593166410923,-0.0087719513103365,-0.0067265043035149,0.0101137701421976,-0.0132743241265416,-0.0362953655421733,0.0157303754240274,0.0064935316331684,-0.0430108122527599,-0.0129032135009765,-0.0032154053915292,0.0091502871364355,-0.0063898209482431,0.0,0.0129449712112546,-0.0025906711816787,-0.0021527991630136,0.0194805320352315,-0.013800436630845,-0.0089171584695577,-0.0348360799252986,0.0115680815652012,0.0156088005751371,0.0,-0.0143590094521641,-0.0165184400975704,0.0103627340868115,0.002584038535133,-0.0122825829312205,0.0180412195622921,-0.0278606694191694,-0.1050632819533348,0.0255102030932903,-0.0325318276882171,-0.0080971578136086,0.0073098996654152,-0.0070351455360651,-0.0304789617657661,-0.0069860923103988,0.0,-0.0166829377412796,0.0464071780443191,-0.0386793203651905,-0.0214591734111309,-0.0009424387826584,0.0058479476720094,-0.0102612506598234,0.0348836854100227,0.0209524072706699,0.0042135128751397,0.0125361727550625,-0.0349650345742702,0.0206692945212125,0.0260869320482015,-0.0097466260194778,0.0014124617446213,0.0260000228881835,-0.0338505282998085,0.0214504636824131,0.0802920013666153,0.0448239147663116,-0.0540540665388107,0.2460106313228607,-0.2702205777168274,0.0,-0.3088235259347087,0.0156250074505805,-0.3198529274281756,0.0307835751102798,-0.2867646788141466,0.0100549018632223,-0.2536764743005639,0.0843965341735748,-0.2729779463427138,0.2387892537758105,-0.3566176418864182,0.4694149313805575,2019-02-06,2019-02-07,2019-02-08,2019-02-11,2019-02-12,2019-02-13,2019-02-14,2019-02-15,2019-02-19,2019-02-20,93272.0,2019-02-05,252.0,-1.5385%,0.0023,0.8387,0.6201,-0.3236,2.4566%,2.6924%,16.7439%,-0.020635,CALX,93272.0,2019-02-06,252.0,-27.0221%,0.0012,0.8843,0.6101,-0.3154,2.9873%,3.1937%,12.5082%,-0.268187,CALX,93272.0,2019-02-07,252.0,-5.2897%,0.001,0.8938,0.6169,-0.3264,2.9999%,3.2106%,12.6952%,-0.0427489999999999,CALX,93272.0,2019-02-08,252.0,-1.5957%,0.0009,0.8976,0.6145,-0.3123,3.0023%,3.2122%,12.6446%,-0.019422,CALX,93272.0,2019-02-11,252.0,1.0811%,0.0008,0.9155,0.6045,-0.3082,3.0013%,3.2109%,12.6308%,0.006117,CALX,93272.0,2019-02-12,252.0,3.7433%,0.001,0.9382,0.5926,-0.2945,3.0028%,3.2184%,12.9512%,0.024237,CALX,93272.0,2019-02-13,252.0,0.9021%,0.001,0.937,0.5968,-0.2925,3.0028%,3.2174%,12.8929%,0.0061439999999999,CALX,93272.0,2019-02-14,252.0,2.5543%,0.0008,0.9279,0.6065,-0.2964,2.9824%,3.1962%,12.9319%,0.02261,CALX,93272.0,2019-02-15,252.0,2.1171%,0.0012,0.9848,0.6586,-0.2025,2.9576%,3.1849%,13.7680%,0.0104909999999999,CALX,93272.0,2019-02-19,252.0,0.8537%,0.0009,0.9599,0.6974,-0.1568,2.9118%,3.1297%,13.4384%,0.005263,CALX,93272.0,2019-02-20,252.0,-1.8138%,0.0008,0.9549,0.691,-0.1733,2.9142%,3.1316%,13.4034%,-0.020733,CALX,-0.288822,-0.331571,-0.350993,-0.320639,-0.296864
33859,CATERPILLAR INC,Caterpillar Option Alert: Mar 15 $135 Calls Sweep (6) near the Ask: 500 @ $2.771 vs 2815 OI; Ref=$130.88,6,increase,0.7,0.6,"the purchase of a significant number of call options suggests bullish sentiment among investors, indicating they expect the stock price to rise.",2,2019-02-05,CAT,2019-02-05 14:32:00+00:00,18542.0,14912310,0.0085574192926287,3614480.0,-0.01106065697968,-0.0002291557466378,-0.0134824160486459,-0.0168969649821519,-0.0013976757181808,0.0234417263418436,0.0025659918319433,0.0282937008887529,0.0290080327540636,0.0173675008118152,0.0032411844003945,-0.091261126101017,-0.0036063934676349,0.0311158373951911,0.0269944351166486,0.0069032646715641,-0.0029368128161877,-0.0031760295387357,0.033210564404726,-0.0319180116057395,-0.0101916659623384,0.0217036791145801,-0.0014401799999177,0.0218744464218616,0.0196856874972581,0.0074221533723175,-0.0242557656019926,-0.0084218559786677,0.0115959281101822,-0.0022710298653692,-0.0160481836646795,-0.0064681149087846,0.0009465915500186,0.0206494387239217,0.0064014322124421,0.0038529704324901,-0.008745982311666,0.0120097370818257,-0.0168440826237201,0.0006242827512323,-0.0150559870526194,0.0546456389129161,-0.0109186517074704,-0.038534540683031,0.0133992722257971,-0.0054300972260534,-0.0047329640947282,0.0116232708096504,0.0076993079856038,-0.0083681819960474,0.0014232392422854,0.0153093617409467,-0.0076296227052807,0.0667807236313819,0.0107786832377314,-0.0259848646819591,0.0003727650328073,-0.0121760861948132,-0.0084979459643363,-0.0063761854544281,0.0078941667452454,-0.0156111279502511,-0.032000545412302,-0.0016068496042862,0.012406569905579,-0.0181430578231811,0.0035012287553399,0.0069102072156965,-0.0048543643206357,0.0042274766601622,0.0089176688343286,0.0172833893448114,0.0235703755170106,-0.0012156700249761,0.0351317003369331,-0.0012950518867,-0.000427790073445,-0.0375476516783237,-0.0066339103505015,-0.0073462119325995,0.006247382145375,-0.0693054348230362,0.0016413024859502,0.0241763014346361,-0.0038472020532935,0.0417722687125206,-0.0248176306486129,-0.0041294526308774,0.0086541445925831,0.0495185069739818,0.009743302129209,-0.0016026007942855,0.0167782958596944,0.0202747173607349,-0.0067280237562954,-0.0125131430104374,0.0126916132867336,0.0130858439952135,0.0049989912658929,-0.0294491723179817,0.0103684673085808,-0.0306248310953378,-0.0068359076976776,0.0041725276969373,-0.0024582531768828,0.0345323719084262,-0.0302753150463104,-0.0068275691010057,-0.0116168651729822,0.0076799928210675,0.0213031210005283,-0.0150500638410449,-7.18874143785797e-05,-0.0340969301760196,0.0028772398363798,-0.0274611879140138,-0.0091091971844434,0.0446145832538604,-0.0215707272291183,0.0230994224548339,-0.01106065697968,-0.0002291557466378,-0.0243939486491546,-0.0171222486921633,-0.0257575295376379,0.0059181025814816,0.005075743306965,0.052343830932457,0.062954528436824,-0.0418740885823453,0.0076514758851609,0.0766287247676977,0.0301580898043796,0.0418795185471385,2019-02-06,2019-02-07,2019-02-08,2019-02-11,2019-02-12,2019-02-13,2019-02-14,2019-02-15,2019-02-19,2019-02-20,18542.0,2019-02-05,252.0,0.8557%,-0.0004,1.5588,0.0028,0.2316,1.3755%,2.1883%,60.4944%,0.0031509999999999,CAT,18542.0,2019-02-06,252.0,-1.1061%,-0.0005,1.6007,-0.0105,0.2719,1.3673%,2.1745%,60.4622%,-0.007893,CAT,18542.0,2019-02-07,252.0,-1.3482%,-0.0005,1.595,-0.0036,0.2712,1.3660%,2.1644%,60.1696%,0.00023,CAT,18542.0,2019-02-08,252.0,-0.1398%,-0.0005,1.5949,0.0032,0.2752,1.3652%,2.1629%,60.1594%,-0.00106,CAT,18542.0,2019-02-11,252.0,0.2566%,-0.0005,1.5996,-0.0012,0.2754,1.3650%,2.1362%,59.1671%,-0.000421,CAT,18542.0,2019-02-12,252.0,2.9008%,-0.0005,1.6037,-0.0005,0.2773,1.3660%,2.1395%,59.2363%,0.007621,CAT,18542.0,2019-02-13,252.0,0.3241%,-0.0005,1.6035,-0.0007,0.277,1.3660%,2.1356%,59.0849%,-0.0015429999999999,CAT,18542.0,2019-02-14,252.0,-0.3606%,-0.0005,1.6027,0.0,0.2771,1.3653%,2.1345%,59.0856%,0.001271,CAT,18542.0,2019-02-15,252.0,2.6994%,-0.0005,1.6068,0.0047,0.285,1.3662%,2.1347%,59.0400%,0.007454,CAT,18542.0,2019-02-19,252.0,-0.2937%,-0.0005,1.6071,-0.0016,0.278,1.3664%,2.1333%,58.9731%,-0.006958,CAT,18542.0,2019-02-20,252.0,3.3211%,-0.0003,1.6174,0.0316,0.3173,1.3702%,2.1388%,58.9573%,0.028531,CAT,-0.004742,-0.004512,-0.005572,0.0016279999999999,0.030383
33867,CABOT CORP,"Cabot Corp shares are trading lower after the company reported Q1 EPS Of $0.87, missing the $0.93 consensus estimate; the company also issued FY19 EPS guidance below consensus estimates.",6,decrease,0.85,0.7,"the missed eps estimate and lower fy19 guidance are likely to negatively impact investor sentiment, leading to a decrease in stock price.",0,2019-02-05,CBT,2019-02-05 15:18:00+00:00,46690.0,12705510,-0.0977334305644035,1738529.0,0.0099101243540644,0.0010407834779471,-0.0203103460371494,0.0245255175977945,-0.0037269939202815,-0.0113852182403206,0.0086508989334106,0.0119479708373546,0.0275846645236015,0.0099116368219256,0.0108278710395097,-0.0108695300295949,0.0087034003809094,0.0341635271906852,0.0292035322636365,0.0024304157122969,0.0083834780380129,-0.0264573730528354,0.015135345980525,-0.0241393316537141,-0.0146996807307004,0.0231958329677581,0.0231808982789516,0.0217248555272817,0.0018879831768572,0.0180965457111597,-0.0014656552812084,-0.0136624667793512,-0.0123715698719024,0.0028729517944157,-0.0046708579175174,-0.0145905530080199,0.0108788032084703,0.0096745518967509,0.0031652569305151,0.0160858184099197,-0.0164072904735803,0.0044882618822157,-0.0126176252961158,0.0079168127849698,-0.0032488135620951,0.0454007610678672,-0.0499782525002956,-0.0269212648272514,0.0267611648887395,0.0121099315583705,-0.0004455437301658,0.0103529086336493,-0.0153777273371815,-0.0051498413085937,-0.0301041603088378,0.0154504757374525,0.0119020342826843,0.0501746945083141,-0.0055350940674543,-0.0222113691270351,-0.0044062761589884,-0.0089501431211829,-0.0034940955229103,-0.0140710743144154,0.0100514329969883,-0.0223828181624412,-0.0560055114328861,0.0127509078010916,-0.0071096080355346,-0.032442357391119,0.0046913241967558,-0.0137449437752366,-0.0071269874460995,-0.03248305991292,0.0175742339342832,0.0114663830026984,0.0126490015536546,-0.0032967368606477,0.030506856739521,-0.0026304018683731,0.001864755526185,-0.0474003031849861,0.0158213190734386,-0.0037445456255227,0.0238204523921012,-0.0410931855440139,0.0136465458199381,0.0189024452120065,0.001103492337279,0.0144330058246851,-0.0182981006801128,0.013070523738861,0.0038176956586539,0.0277185328304767,0.0105144828557968,-0.022713067010045,0.0121762910857796,0.0143732884898781,0.0124671850353479,-0.0096294553950428,0.0231151357293129,0.0165992490947246,0.0130911935120821,-0.0210416316986084,0.00145893485751,-0.0273555926978588,-0.0137356892228126,-0.0221914555877447,0.0111837685108184,0.0233171433210372,-0.0110600749030709,0.0223880186676979,-0.0457902140915393,-0.0043343463912606,0.0163643937557935,-0.0309999845921993,-0.0019582279492169,-0.0234375149011611,-0.0106823164969682,-0.0065968208946287,0.0002203244075644,0.0285372231155633,-0.0096937352791428,-0.0250972937792539,0.0099101243540644,0.0010407834779471,-0.0106014997379871,0.0255918268292454,-0.0142889819331993,0.0139152400553053,0.0216640345467347,0.0361991012480387,0.0974878910246683,0.0094458585293388,-0.0070750634458214,0.1469115135851098,0.0432907421337409,-0.0580309576061291,2019-02-06,2019-02-07,2019-02-08,2019-02-11,2019-02-12,2019-02-13,2019-02-14,2019-02-15,2019-02-19,2019-02-20,46690.0,2019-02-05,252.0,-9.7733%,-0.0013,1.3425,0.8359,0.5914,1.4443%,2.0406%,49.8998%,-0.099842,CBT,46690.0,2019-02-06,252.0,0.9910%,-0.0012,1.3587,0.8304,0.6093,1.4455%,2.0251%,49.0519%,0.012433,CBT,46690.0,2019-02-07,252.0,-2.0310%,-0.0013,1.3565,0.8366,0.6067,1.4456%,2.0228%,48.9274%,-0.009071,CBT,46690.0,2019-02-08,252.0,-0.3727%,-0.0015,1.3577,0.7986,0.5865,1.4214%,2.0052%,49.7532%,-0.00128,CBT,46690.0,2019-02-11,252.0,0.8651%,-0.0013,1.3177,0.8386,0.5872,1.4077%,1.9558%,48.1946%,3.1e-05,CBT,46690.0,2019-02-12,252.0,2.7585%,-0.0013,1.3297,0.8318,0.5946,1.4082%,1.9640%,48.5913%,0.010395,CBT,46690.0,2019-02-13,252.0,1.0828%,-0.0013,1.3283,0.8372,0.5973,1.4085%,1.9621%,48.4708%,0.006089,CBT,46690.0,2019-02-14,252.0,0.8703%,-0.0012,1.3254,0.8436,0.5905,1.4104%,1.9629%,48.3713%,0.010504,CBT,46690.0,2019-02-15,252.0,2.9204%,-0.0012,1.3353,0.8536,0.6079,1.4117%,1.9675%,48.5153%,0.009183,CBT,46690.0,2019-02-19,252.0,0.8383%,-0.0011,1.3402,0.849,0.6024,1.4090%,1.9683%,48.7517%,0.001447,CBT,46690.0,2019-02-20,252.0,1.5135%,-0.001,1.3437,0.8619,0.6161,1.4080%,1.9703%,48.9339%,0.007308,CBT,-0.087409,-0.09648,-0.09776,-0.087334,-0.052803
33875,CHASE CORP,Chase Corporation Appoints Christian J. Talma To CFO,6,increase,0.7,0.6,"the appointment of a new cfo can signal positive changes in financial management and strategy, potentially boosting investor confidence in chase corporation.",2,2019-02-05,CCF,2019-02-05 22:34:00+00:00,82542.0,16150R10,-0.0144230891019105,5804.0,-0.01941261254251,0.0101089850068092,-0.0155329825356602,0.0007935115136206,-0.0084562199190258,0.044550385326147,-0.0066562597639858,-0.0018614303553476,0.0323525927960872,-0.0076962546445429,0.0018255609320476,-0.0266680549830198,-0.011945741251111,0.0391282252967357,-0.0102459015324711,0.0148514425382018,0.0072464244440197,-0.0028358013369143,-0.0040082153864204,-0.0324187241494655,0.0042306883260607,0.0003049586084671,0.0038019188214093,0.006857787258923,0.0021496475674211,0.0005119859124533,-0.010316670872271,0.0134925069287419,-0.0028898625168949,0.0019758194684982,-0.0006210284191183,-0.0205744206905365,0.0171931218355894,0.0051187551580369,-0.0200590696185827,0.0188797060400247,-0.0056109824217855,-0.0116494558751583,-0.0119122201576829,-0.0135259004309773,0.0098350290209054,0.0440645739436149,-0.0051314053125679,-0.0525151006877422,0.0105263162404298,-0.0064967665821313,-0.0020833015441894,0.0114234220236539,-0.0116910515353083,0.0161273721605539,-0.0453105308115482,-0.0144766177982091,-0.0098462151363492,0.0975555405020713,0.0002234261773992,-0.0372272506356239,-0.0259159933775663,-0.0379746295511722,-0.0044724703766405,-0.0056283571757376,0.0033406396396458,-0.003873570356518,-0.0525832585990428,0.0250783860683441,-0.0071497377939522,-0.0428086258471012,0.0061027705669403,-0.0246805064380168,0.027538476511836,-0.0037900814786553,0.0531286932528019,0.0324069783091545,0.0374439917504787,-0.0277994405478239,-0.0119948191568255,0.0206072647124528,-0.0170622058212757,-0.0499385818839073,0.0426170490682125,-0.0276806559413671,0.0159018728882074,-0.0493924431502819,0.016073103994131,0.0152658317238092,-0.0313275307416915,-0.0168411899358034,-0.0297790672630071,0.0247697085142135,0.0119911590591073,0.0608044378459453,-0.0077182203531265,-0.0139370076358318,0.0052585820667445,-0.0028912287671118,-0.0090453550219535,0.0022433898411691,0.0003299106901977,0.0098379086703062,0.0045075160451233,-0.0021502966992557,0.0052533186972141,-0.0243546310812234,-0.0053347619250416,0.0293896459043026,0.0025174664333462,-0.0367221198976039,-0.0040396889671683,-0.0108257951214909,-0.0030694887973368,-0.0029438165947794,0.0317791886627674,-0.009804792702198,-0.0001065984833985,-0.0130764534696936,-0.0015988225350156,-0.015787249431014,0.0191096495836973,0.0951889231801033,-0.0018856097012758,-0.0136249996721744,-0.01941261254251,0.0101089850068092,-0.0346440593065759,0.0109105181164237,-0.0428073214412176,0.0559469712287654,-0.0184171084193185,0.0458696902418507,-0.0352413473963504,0.0357723238855747,-0.1357889491235973,0.0429799111830739,-0.0514683710620648,-0.0482699048404514,2019-02-06,2019-02-07,2019-02-08,2019-02-11,2019-02-12,2019-02-13,2019-02-14,2019-02-15,2019-02-19,2019-02-20,82542.0,2019-02-05,252.0,-1.4423%,-0.0001,1.2207,1.0075,0.2976,1.6005%,2.1218%,43.1053%,-0.01724,CCF,82542.0,2019-02-06,252.0,-1.9413%,-0.0001,1.1826,1.0201,0.2576,1.5972%,2.0846%,41.2966%,-0.016935,CCF,82542.0,2019-02-07,252.0,-1.5533%,-0.0002,1.1675,1.0411,0.2542,1.5877%,2.0703%,41.1929%,-0.004314,CCF,82542.0,2019-02-08,252.0,-0.8456%,-0.0002,1.1686,1.0522,0.2662,1.5872%,2.0703%,41.2250%,-0.008374,CCF,82542.0,2019-02-11,252.0,-0.6656%,-0.0004,1.1908,1.0098,0.2549,1.5854%,2.0688%,41.2693%,-0.015949,CCF,82542.0,2019-02-12,252.0,3.2353%,-0.0003,1.1992,1.0113,0.2589,1.5889%,2.0776%,41.5150%,0.016289,CCF,82542.0,2019-02-13,252.0,0.1826%,-0.0003,1.2062,0.9986,0.2561,1.5857%,2.0774%,41.7351%,-0.00242,CCF,82542.0,2019-02-14,252.0,-1.1946%,-0.0004,1.2084,0.991,0.2658,1.5856%,2.0760%,41.6671%,-0.01322,CCF,82542.0,2019-02-15,252.0,-1.0246%,-0.0004,1.1993,0.9799,0.2472,1.5934%,2.0758%,41.0787%,-0.0277539999999999,CCF,82542.0,2019-02-19,252.0,0.7246%,-0.0004,1.2007,0.9796,0.2466,1.5933%,2.0757%,41.0792%,0.0012839999999999,CCF,82542.0,2019-02-20,252.0,-0.4008%,-0.0004,1.198,0.9735,0.2371,1.5944%,2.0757%,40.9946%,-0.009901,CCF,-0.034175,-0.0384889999999999,-0.0468629999999999,-0.0465229999999999,-0.098534
33883,CARLYLE GROUP L P,Q4 Earnings Preview For The Carlyle Group,6,uncertain,0.5,0.5,the q4 earnings preview could lead to varying investor reactions depending on the actual earnings results compared to expectations.,1,2019-02-05,CG,2019-02-05 19:06:00+00:00,13405.0,14316J10,0.0350076407194137,1401804.0,-0.0568627379834651,0.017027860507369,-0.0129937632009387,0.0259396396577358,-0.0126382187008857,0.0476982071995735,-0.0122666424140334,0.0157746858894825,0.0075593623332679,0.007377931382507,0.0085744829848408,-0.0123317996039986,-0.007970224134624,0.0119115710258483,0.0117835570126771,-0.0178273860365152,-0.0021667936816811,-0.0191256012767553,0.0076004010625183,-0.0302067603915929,-0.018857778981328,0.046008862555027,-0.000549056683667,0.0,-0.0082418415695428,0.0220963917672634,-0.0005539236590266,0.0214119739830493,-0.006651930976659,0.0064065586775541,-0.0117188049480319,-0.004637676756829,0.0073405462317168,-0.0086206682026386,0.0106502538546919,0.023529389873147,0.0022184695117175,0.0278113093227148,-0.0055340556427836,0.0209876634180545,-0.0211463086307048,0.0411311276257038,-0.0028424807824194,-0.0287141092121601,0.0193841643631458,0.0171428862959146,0.0055928626097738,-0.025974029675126,0.0339266210794448,0.0106250047683715,-0.0016138077480718,0.0037641418166458,0.0242457315325737,0.0133502893149852,0.0110467690974474,-0.0241936277598142,-0.0093651618808507,0.0075000524520874,0.0021007880568504,0.0443864427506923,0.0125786047428846,-0.0370836034417152,-0.0445134900510311,0.0012586220400407,-0.0119176227599382,-0.0239557940512895,0.007675405126065,-0.0468383617699146,-0.0097931670024991,-0.0240000039339065,0.0027472106739878,0.0330578200519084,0.0016438732855021,-0.0151162920519709,0.0027351879980415,-0.0205010659992694,-0.0049099917523562,-0.0129286926239728,0.0208333916962146,0.0125214131549,-0.0091299712657928,-0.0599251352250576,0.0027099857106804,0.0207537449896335,0.0081080878153443,-0.0065111685544252,-0.0187667775899171,-0.0112660452723503,0.0213115476071834,0.0102980276569724,0.0107008479535579,-0.0390625,0.0074113975279033,0.011591212823987,-0.0078823706135153,0.0209789872169494,0.01694923825562,0.077056773006916,0.0036458172835409,-0.0182024855166673,0.0612350963056087,-0.0217028055340051,0.0215158239006996,-0.0323101989924907,0.0105314133688807,-0.0096000162884593,-0.0085267787799239,-0.0162644013762474,-0.0033444669097661,-0.0185376219451427,0.0033556900452822,-0.0265664495527744,0.026278031989932,-0.0345971398055553,-0.0246740598231554,0.0047619231045246,-0.0214797500520944,0.0248902011662721,0.0102438582107424,0.0178837869316339,-0.0568627379834651,0.017027860507369,-0.0691176402320897,0.0434091967308081,-0.0808823350796332,0.0931779447904148,-0.0852941072934808,0.1186151043795817,-0.0690034700000205,0.0445150083006398,-0.042919489287562,0.2865534932804945,0.038843635866482,-0.0002510055538976,2019-02-06,2019-02-07,2019-02-08,2019-02-11,2019-02-12,2019-02-13,2019-02-14,2019-02-15,2019-02-19,2019-02-20,13405.0,2019-02-05,252.0,3.5008%,-0.0006,1.1108,0.6216,0.1517,1.5084%,1.9589%,40.7098%,0.031654,CG,13405.0,2019-02-06,252.0,-5.6863%,-0.0007,1.077,0.6334,0.1111,1.5400%,1.9520%,37.7568%,-0.054563,CG,13405.0,2019-02-07,252.0,-1.2994%,-0.0007,1.0758,0.6358,0.1103,1.5400%,1.9506%,37.6699%,-0.002687,CG,13405.0,2019-02-08,252.0,-1.2638%,-0.0007,1.0777,0.647,0.1258,1.5409%,1.9511%,37.6288%,-0.013263,CG,13405.0,2019-02-11,252.0,-1.2267%,-0.0008,1.0596,0.6404,0.1126,1.5432%,1.9316%,36.1741%,-0.018435,CG,13405.0,2019-02-12,252.0,0.7559%,-0.0007,1.0649,0.6291,0.1173,1.5409%,1.9321%,36.3935%,-0.006887,CG,13405.0,2019-02-13,252.0,0.8574%,-0.0008,1.0575,0.6439,0.1214,1.5372%,1.9244%,36.1891%,0.0050329999999999,CG,13405.0,2019-02-14,252.0,-0.7970%,-0.0008,1.0598,0.6399,0.1249,1.5374%,1.9248%,36.2077%,-0.008494,CG,13405.0,2019-02-15,252.0,1.1784%,-0.0008,1.0663,0.6455,0.1351,1.5363%,1.9255%,36.3424%,-0.0024909999999999,CG,13405.0,2019-02-19,252.0,-0.2167%,-0.0008,1.0637,0.6439,0.1335,1.5365%,1.9231%,36.1676%,-0.00657,CG,13405.0,2019-02-20,252.0,0.7600%,-0.0007,1.0665,0.6578,0.1455,1.5327%,1.9215%,36.3770%,0.003328,CG,-0.022909,-0.025596,-0.038859,-0.064181,-0.073375
33891,CHURCH & DWIGHT INC,Church & Dwight shares are trading lower after the company said it expects 2019 EPS of $2.43 to $2.47 versus the $2.48 analyst estimate.,6,decrease,0.8,0.6,"the company's eps guidance is below analyst expectations, which typically leads to a negative reaction in stock prices.",0,2019-02-05,CHD,2019-02-05 14:01:00+00:00,23393.0,17134010,-0.0751109570264816,7547064.0,0.0383724719285965,0.0108242556452751,-0.0031856794375926,0.0009286110289394,0.0121444277465343,0.0223101247102022,0.0132617643103003,-0.0081607103347778,-0.0004674163064919,0.0015718687791377,0.0104442425072193,0.0004717530973721,-0.0037411479279398,-0.0110420351848006,0.0052836672402918,-0.0184704475104808,0.0041736997663974,-0.0110204676166176,-0.0003078301087953,-0.0310123283416032,0.0186325684189796,0.0143938455730676,0.0019651888869702,0.0002968182088807,-0.0147856930270791,-0.0001483304658904,0.004594110418111,0.0103463008999824,0.0021341370884329,-0.0068503213115036,0.0009127652738243,0.001790284179151,-0.0033434834331274,0.0183834563940763,0.0047270134091377,0.0015215835301205,-0.0039460030384361,-0.0024285980034619,-0.0041139214299619,0.0126037457957863,0.0041309157386422,0.011976926587522,0.0003048038051929,-0.0021728912834078,0.012185763567686,-0.0202250871807336,-0.0007523765671066,0.0001521237427368,0.0081325434148311,0.000608749280218,-0.0001494194148108,0.0131051260977983,0.0070222802460193,0.035110130906105,-0.0080118831247091,-0.0345146618783474,-0.0071792304515838,0.0037116894964128,-0.00843623932451,-0.0015441394643858,0.0144332563504576,-0.0115994280204176,0.0049423668533563,0.0007636386435478,0.0135619025677442,-0.0474320091307163,0.0111747458577156,-0.0065047261305153,0.0084339370951056,0.0197524186223745,0.0374909676611423,-0.0081872101873159,-0.0100068608298897,0.0273355301469564,0.0103888502344489,-0.0034425344783812,0.0005557998665608,0.0013488659169524,0.0018052665982395,0.0018018430564552,0.0070696165785193,0.0028609365690499,-0.0046800267882645,0.0033237831667065,0.0006915095145814,0.0034870128147304,0.0089828846976161,-0.0058779111132025,0.0028763057198375,0.0021144750062376,0.0065555274486541,0.0086837252601981,0.002578052226454,-0.0045496365055441,-0.0016240729019045,0.0062567321583628,-0.0027110879309475,0.0172306839376688,0.0010874246945604,-0.0061709582805633,0.0024439960252493,-0.0088685294613242,-0.0010835950961336,-0.006229996215552,-0.0042033568024635,0.0050396178849041,-0.0021786990109831,0.0024031498469412,0.001637592096813,-0.0071201515384018,0.0098092807456851,0.0070175295695662,-0.0044522639364004,0.017383249476552,0.0157202333211898,-0.0254121962934732,-0.0174782872200012,-0.0260753780603408,0.0138512263074517,0.0193722937256097,0.0383724719285965,0.0108242556452751,0.0350645500962112,0.0117629181973868,0.0476348167378537,0.0343354750795286,0.0610321271221827,0.0275071345124955,0.0778959517245347,-0.0437389966653248,0.0925024399305127,0.009419406889537,0.2392317922381832,-0.0150601994100486,2019-02-06,2019-02-07,2019-02-08,2019-02-11,2019-02-12,2019-02-13,2019-02-14,2019-02-15,2019-02-19,2019-02-20,23393.0,2019-02-05,252.0,-7.5111%,0.0011,0.3582,-0.1239,-0.2234,1.5055%,1.5776%,8.9336%,-0.078458,CHD,23393.0,2019-02-06,252.0,3.8372%,0.0011,0.4194,-0.1442,-0.1578,1.5057%,1.5887%,10.1726%,0.039205,CHD,23393.0,2019-02-07,252.0,-0.3186%,0.0011,0.4193,-0.144,-0.1578,1.5057%,1.5881%,10.1053%,0.001043,CHD,23393.0,2019-02-08,252.0,1.2144%,0.0012,0.4174,-0.1381,-0.1619,1.5058%,1.5878%,10.0606%,0.01065,CHD,23393.0,2019-02-11,252.0,1.3262%,0.0012,0.4414,-0.1438,-0.1524,1.5042%,1.5896%,10.4467%,0.013861,CHD,23393.0,2019-02-12,252.0,-0.0467%,0.0011,0.4272,-0.1313,-0.1619,1.5011%,1.5826%,10.0370%,-0.006801,CHD,23393.0,2019-02-13,252.0,1.0444%,0.0011,0.4314,-0.1352,-0.1605,1.5014%,1.5837%,10.1170%,0.00934,CHD,23393.0,2019-02-14,252.0,-0.3741%,0.0011,0.4326,-0.1374,-0.1584,1.5016%,1.5840%,10.1339%,-0.003163,CHD,23393.0,2019-02-15,252.0,0.5284%,0.0011,0.4305,-0.1393,-0.1618,1.5015%,1.5833%,10.0746%,0.001399,CHD,23393.0,2019-02-19,252.0,0.4174%,0.0011,0.4282,-0.1333,-0.1548,1.5004%,1.5803%,9.8596%,0.0041449999999999,CHD,23393.0,2019-02-20,252.0,-0.0308%,0.0011,0.4278,-0.1345,-0.1563,1.5004%,1.5804%,9.8623%,-7.7e-05,CHD,-0.0392529999999999,-0.0382099999999999,-0.0275599999999999,-0.0204999999999999,-0.0088559999999999
33899,CHURCH & DWIGHT INC,"Church & Dwight Sees Q1 EPS $0.66, Organic Sales Growth 3.5-4% Year Over Year",6,increase,0.7,0.5,"the reported eps of $0.66 and organic sales growth of 3.5-4% year over year are positive indicators of the company's financial health, likely leading to an increase in stock price.",2,2019-02-05,CHD,2019-02-05 12:07:00+00:00,23393.0,17134010,-0.0751109570264816,7547064.0,0.0383724719285965,0.0108242556452751,-0.0031856794375926,0.0009286110289394,0.0121444277465343,0.0223101247102022,0.0132617643103003,-0.0081607103347778,-0.0004674163064919,0.0015718687791377,0.0104442425072193,0.0004717530973721,-0.0037411479279398,-0.0110420351848006,0.0052836672402918,-0.0184704475104808,0.0041736997663974,-0.0110204676166176,-0.0003078301087953,-0.0310123283416032,0.0186325684189796,0.0143938455730676,0.0019651888869702,0.0002968182088807,-0.0147856930270791,-0.0001483304658904,0.004594110418111,0.0103463008999824,0.0021341370884329,-0.0068503213115036,0.0009127652738243,0.001790284179151,-0.0033434834331274,0.0183834563940763,0.0047270134091377,0.0015215835301205,-0.0039460030384361,-0.0024285980034619,-0.0041139214299619,0.0126037457957863,0.0041309157386422,0.011976926587522,0.0003048038051929,-0.0021728912834078,0.012185763567686,-0.0202250871807336,-0.0007523765671066,0.0001521237427368,0.0081325434148311,0.000608749280218,-0.0001494194148108,0.0131051260977983,0.0070222802460193,0.035110130906105,-0.0080118831247091,-0.0345146618783474,-0.0071792304515838,0.0037116894964128,-0.00843623932451,-0.0015441394643858,0.0144332563504576,-0.0115994280204176,0.0049423668533563,0.0007636386435478,0.0135619025677442,-0.0474320091307163,0.0111747458577156,-0.0065047261305153,0.0084339370951056,0.0197524186223745,0.0374909676611423,-0.0081872101873159,-0.0100068608298897,0.0273355301469564,0.0103888502344489,-0.0034425344783812,0.0005557998665608,0.0013488659169524,0.0018052665982395,0.0018018430564552,0.0070696165785193,0.0028609365690499,-0.0046800267882645,0.0033237831667065,0.0006915095145814,0.0034870128147304,0.0089828846976161,-0.0058779111132025,0.0028763057198375,0.0021144750062376,0.0065555274486541,0.0086837252601981,0.002578052226454,-0.0045496365055441,-0.0016240729019045,0.0062567321583628,-0.0027110879309475,0.0172306839376688,0.0010874246945604,-0.0061709582805633,0.0024439960252493,-0.0088685294613242,-0.0010835950961336,-0.006229996215552,-0.0042033568024635,0.0050396178849041,-0.0021786990109831,0.0024031498469412,0.001637592096813,-0.0071201515384018,0.0098092807456851,0.0070175295695662,-0.0044522639364004,0.017383249476552,0.0157202333211898,-0.0254121962934732,-0.0174782872200012,-0.0260753780603408,0.0138512263074517,0.0193722937256097,0.0383724719285965,0.0108242556452751,0.0350645500962112,0.0117629181973868,0.0476348167378537,0.0343354750795286,0.0610321271221827,0.0275071345124955,0.0778959517245347,-0.0437389966653248,0.0925024399305127,0.009419406889537,0.2392317922381832,-0.0150601994100486,2019-02-06,2019-02-07,2019-02-08,2019-02-11,2019-02-12,2019-02-13,2019-02-14,2019-02-15,2019-02-19,2019-02-20,23393.0,2019-02-05,252.0,-7.5111%,0.0011,0.3582,-0.1239,-0.2234,1.5055%,1.5776%,8.9336%,-0.078458,CHD,23393.0,2019-02-06,252.0,3.8372%,0.0011,0.4194,-0.1442,-0.1578,1.5057%,1.5887%,10.1726%,0.039205,CHD,23393.0,2019-02-07,252.0,-0.3186%,0.0011,0.4193,-0.144,-0.1578,1.5057%,1.5881%,10.1053%,0.001043,CHD,23393.0,2019-02-08,252.0,1.2144%,0.0012,0.4174,-0.1381,-0.1619,1.5058%,1.5878%,10.0606%,0.01065,CHD,23393.0,2019-02-11,252.0,1.3262%,0.0012,0.4414,-0.1438,-0.1524,1.5042%,1.5896%,10.4467%,0.013861,CHD,23393.0,2019-02-12,252.0,-0.0467%,0.0011,0.4272,-0.1313,-0.1619,1.5011%,1.5826%,10.0370%,-0.006801,CHD,23393.0,2019-02-13,252.0,1.0444%,0.0011,0.4314,-0.1352,-0.1605,1.5014%,1.5837%,10.1170%,0.00934,CHD,23393.0,2019-02-14,252.0,-0.3741%,0.0011,0.4326,-0.1374,-0.1584,1.5016%,1.5840%,10.1339%,-0.003163,CHD,23393.0,2019-02-15,252.0,0.5284%,0.0011,0.4305,-0.1393,-0.1618,1.5015%,1.5833%,10.0746%,0.001399,CHD,23393.0,2019-02-19,252.0,0.4174%,0.0011,0.4282,-0.1333,-0.1548,1.5004%,1.5803%,9.8596%,0.0041449999999999,CHD,23393.0,2019-02-20,252.0,-0.0308%,0.0011,0.4278,-0.1345,-0.1563,1.5004%,1.5804%,9.8623%,-7.7e-05,CHD,-0.0392529999999999,-0.0382099999999999,-0.0275599999999999,-0.0204999999999999,-0.0088559999999999
33907,CHURCH & DWIGHT INC,Church & Dwight Raises Qtr. Dividend From $0.2175 To $0.2275/Share,6,increase,0.8,0.6,"raising the quarterly dividend typically signals financial strength and can attract investors, likely leading to an increase in stock price.",2,2019-02-05,CHD,2019-02-05 12:06:00+00:00,23393.0,17134010,-0.0751109570264816,7547064.0,0.0383724719285965,0.0108242556452751,-0.0031856794375926,0.0009286110289394,0.0121444277465343,0.0223101247102022,0.0132617643103003,-0.0081607103347778,-0.0004674163064919,0.0015718687791377,0.0104442425072193,0.0004717530973721,-0.0037411479279398,-0.0110420351848006,0.0052836672402918,-0.0184704475104808,0.0041736997663974,-0.0110204676166176,-0.0003078301087953,-0.0310123283416032,0.0186325684189796,0.0143938455730676,0.0019651888869702,0.0002968182088807,-0.0147856930270791,-0.0001483304658904,0.004594110418111,0.0103463008999824,0.0021341370884329,-0.0068503213115036,0.0009127652738243,0.001790284179151,-0.0033434834331274,0.0183834563940763,0.0047270134091377,0.0015215835301205,-0.0039460030384361,-0.0024285980034619,-0.0041139214299619,0.0126037457957863,0.0041309157386422,0.011976926587522,0.0003048038051929,-0.0021728912834078,0.012185763567686,-0.0202250871807336,-0.0007523765671066,0.0001521237427368,0.0081325434148311,0.000608749280218,-0.0001494194148108,0.0131051260977983,0.0070222802460193,0.035110130906105,-0.0080118831247091,-0.0345146618783474,-0.0071792304515838,0.0037116894964128,-0.00843623932451,-0.0015441394643858,0.0144332563504576,-0.0115994280204176,0.0049423668533563,0.0007636386435478,0.0135619025677442,-0.0474320091307163,0.0111747458577156,-0.0065047261305153,0.0084339370951056,0.0197524186223745,0.0374909676611423,-0.0081872101873159,-0.0100068608298897,0.0273355301469564,0.0103888502344489,-0.0034425344783812,0.0005557998665608,0.0013488659169524,0.0018052665982395,0.0018018430564552,0.0070696165785193,0.0028609365690499,-0.0046800267882645,0.0033237831667065,0.0006915095145814,0.0034870128147304,0.0089828846976161,-0.0058779111132025,0.0028763057198375,0.0021144750062376,0.0065555274486541,0.0086837252601981,0.002578052226454,-0.0045496365055441,-0.0016240729019045,0.0062567321583628,-0.0027110879309475,0.0172306839376688,0.0010874246945604,-0.0061709582805633,0.0024439960252493,-0.0088685294613242,-0.0010835950961336,-0.006229996215552,-0.0042033568024635,0.0050396178849041,-0.0021786990109831,0.0024031498469412,0.001637592096813,-0.0071201515384018,0.0098092807456851,0.0070175295695662,-0.0044522639364004,0.017383249476552,0.0157202333211898,-0.0254121962934732,-0.0174782872200012,-0.0260753780603408,0.0138512263074517,0.0193722937256097,0.0383724719285965,0.0108242556452751,0.0350645500962112,0.0117629181973868,0.0476348167378537,0.0343354750795286,0.0610321271221827,0.0275071345124955,0.0778959517245347,-0.0437389966653248,0.0925024399305127,0.009419406889537,0.2392317922381832,-0.0150601994100486,2019-02-06,2019-02-07,2019-02-08,2019-02-11,2019-02-12,2019-02-13,2019-02-14,2019-02-15,2019-02-19,2019-02-20,23393.0,2019-02-05,252.0,-7.5111%,0.0011,0.3582,-0.1239,-0.2234,1.5055%,1.5776%,8.9336%,-0.078458,CHD,23393.0,2019-02-06,252.0,3.8372%,0.0011,0.4194,-0.1442,-0.1578,1.5057%,1.5887%,10.1726%,0.039205,CHD,23393.0,2019-02-07,252.0,-0.3186%,0.0011,0.4193,-0.144,-0.1578,1.5057%,1.5881%,10.1053%,0.001043,CHD,23393.0,2019-02-08,252.0,1.2144%,0.0012,0.4174,-0.1381,-0.1619,1.5058%,1.5878%,10.0606%,0.01065,CHD,23393.0,2019-02-11,252.0,1.3262%,0.0012,0.4414,-0.1438,-0.1524,1.5042%,1.5896%,10.4467%,0.013861,CHD,23393.0,2019-02-12,252.0,-0.0467%,0.0011,0.4272,-0.1313,-0.1619,1.5011%,1.5826%,10.0370%,-0.006801,CHD,23393.0,2019-02-13,252.0,1.0444%,0.0011,0.4314,-0.1352,-0.1605,1.5014%,1.5837%,10.1170%,0.00934,CHD,23393.0,2019-02-14,252.0,-0.3741%,0.0011,0.4326,-0.1374,-0.1584,1.5016%,1.5840%,10.1339%,-0.003163,CHD,23393.0,2019-02-15,252.0,0.5284%,0.0011,0.4305,-0.1393,-0.1618,1.5015%,1.5833%,10.0746%,0.001399,CHD,23393.0,2019-02-19,252.0,0.4174%,0.0011,0.4282,-0.1333,-0.1548,1.5004%,1.5803%,9.8596%,0.0041449999999999,CHD,23393.0,2019-02-20,252.0,-0.0308%,0.0011,0.4278,-0.1345,-0.1563,1.5004%,1.5804%,9.8623%,-7.7e-05,CHD,-0.0392529999999999,-0.0382099999999999,-0.0275599999999999,-0.0204999999999999,-0.0088559999999999
33915,CHURCH & DWIGHT INC,"Church & Dwight Co Q4 EPS $0.57 Misses $0.58 Estimate, Sales $1.074B Beat $1.07B Estimate",6,uncertain,0.6,0.3,"while the earnings per share (eps) missed estimates, the sales beat expectations, leading to mixed signals that could result in an uncertain market reaction.",1,2019-02-05,CHD,2019-02-05 12:06:00+00:00,23393.0,17134010,-0.0751109570264816,7547064.0,0.0383724719285965,0.0108242556452751,-0.0031856794375926,0.0009286110289394,0.0121444277465343,0.0223101247102022,0.0132617643103003,-0.0081607103347778,-0.0004674163064919,0.0015718687791377,0.0104442425072193,0.0004717530973721,-0.0037411479279398,-0.0110420351848006,0.0052836672402918,-0.0184704475104808,0.0041736997663974,-0.0110204676166176,-0.0003078301087953,-0.0310123283416032,0.0186325684189796,0.0143938455730676,0.0019651888869702,0.0002968182088807,-0.0147856930270791,-0.0001483304658904,0.004594110418111,0.0103463008999824,0.0021341370884329,-0.0068503213115036,0.0009127652738243,0.001790284179151,-0.0033434834331274,0.0183834563940763,0.0047270134091377,0.0015215835301205,-0.0039460030384361,-0.0024285980034619,-0.0041139214299619,0.0126037457957863,0.0041309157386422,0.011976926587522,0.0003048038051929,-0.0021728912834078,0.012185763567686,-0.0202250871807336,-0.0007523765671066,0.0001521237427368,0.0081325434148311,0.000608749280218,-0.0001494194148108,0.0131051260977983,0.0070222802460193,0.035110130906105,-0.0080118831247091,-0.0345146618783474,-0.0071792304515838,0.0037116894964128,-0.00843623932451,-0.0015441394643858,0.0144332563504576,-0.0115994280204176,0.0049423668533563,0.0007636386435478,0.0135619025677442,-0.0474320091307163,0.0111747458577156,-0.0065047261305153,0.0084339370951056,0.0197524186223745,0.0374909676611423,-0.0081872101873159,-0.0100068608298897,0.0273355301469564,0.0103888502344489,-0.0034425344783812,0.0005557998665608,0.0013488659169524,0.0018052665982395,0.0018018430564552,0.0070696165785193,0.0028609365690499,-0.0046800267882645,0.0033237831667065,0.0006915095145814,0.0034870128147304,0.0089828846976161,-0.0058779111132025,0.0028763057198375,0.0021144750062376,0.0065555274486541,0.0086837252601981,0.002578052226454,-0.0045496365055441,-0.0016240729019045,0.0062567321583628,-0.0027110879309475,0.0172306839376688,0.0010874246945604,-0.0061709582805633,0.0024439960252493,-0.0088685294613242,-0.0010835950961336,-0.006229996215552,-0.0042033568024635,0.0050396178849041,-0.0021786990109831,0.0024031498469412,0.001637592096813,-0.0071201515384018,0.0098092807456851,0.0070175295695662,-0.0044522639364004,0.017383249476552,0.0157202333211898,-0.0254121962934732,-0.0174782872200012,-0.0260753780603408,0.0138512263074517,0.0193722937256097,0.0383724719285965,0.0108242556452751,0.0350645500962112,0.0117629181973868,0.0476348167378537,0.0343354750795286,0.0610321271221827,0.0275071345124955,0.0778959517245347,-0.0437389966653248,0.0925024399305127,0.009419406889537,0.2392317922381832,-0.0150601994100486,2019-02-06,2019-02-07,2019-02-08,2019-02-11,2019-02-12,2019-02-13,2019-02-14,2019-02-15,2019-02-19,2019-02-20,23393.0,2019-02-05,252.0,-7.5111%,0.0011,0.3582,-0.1239,-0.2234,1.5055%,1.5776%,8.9336%,-0.078458,CHD,23393.0,2019-02-06,252.0,3.8372%,0.0011,0.4194,-0.1442,-0.1578,1.5057%,1.5887%,10.1726%,0.039205,CHD,23393.0,2019-02-07,252.0,-0.3186%,0.0011,0.4193,-0.144,-0.1578,1.5057%,1.5881%,10.1053%,0.001043,CHD,23393.0,2019-02-08,252.0,1.2144%,0.0012,0.4174,-0.1381,-0.1619,1.5058%,1.5878%,10.0606%,0.01065,CHD,23393.0,2019-02-11,252.0,1.3262%,0.0012,0.4414,-0.1438,-0.1524,1.5042%,1.5896%,10.4467%,0.013861,CHD,23393.0,2019-02-12,252.0,-0.0467%,0.0011,0.4272,-0.1313,-0.1619,1.5011%,1.5826%,10.0370%,-0.006801,CHD,23393.0,2019-02-13,252.0,1.0444%,0.0011,0.4314,-0.1352,-0.1605,1.5014%,1.5837%,10.1170%,0.00934,CHD,23393.0,2019-02-14,252.0,-0.3741%,0.0011,0.4326,-0.1374,-0.1584,1.5016%,1.5840%,10.1339%,-0.003163,CHD,23393.0,2019-02-15,252.0,0.5284%,0.0011,0.4305,-0.1393,-0.1618,1.5015%,1.5833%,10.0746%,0.001399,CHD,23393.0,2019-02-19,252.0,0.4174%,0.0011,0.4282,-0.1333,-0.1548,1.5004%,1.5803%,9.8596%,0.0041449999999999,CHD,23393.0,2019-02-20,252.0,-0.0308%,0.0011,0.4278,-0.1345,-0.1563,1.5004%,1.5804%,9.8623%,-7.7e-05,CHD,-0.0392529999999999,-0.0382099999999999,-0.0275599999999999,-0.0204999999999999,-0.0088559999999999
33923,CIGNA GROUP,"Morgan Stanley Maintains Overweight on Cigna, Lowers Price Target to $299",6,uncertain,0.6,0.2,"while maintaining an 'overweight' rating suggests positive sentiment, the lowered price target may create uncertainty among investors regarding future performance.",1,2019-02-05,CI,2019-02-05 12:25:00+00:00,64186.0,12552310,-0.0292602181434631,4061139.0,0.0055242627859115,-0.0102545106783509,-0.008107473142445,-0.0287773385643959,-0.0246827881783247,5.002255420549773e-05,0.0083806822076439,0.0071072317659854,0.0121930986642837,0.0169673860073089,0.0198790412396192,-0.0061136996373534,0.0181143973022699,0.0166260488331317,0.029393371194601,-0.0195510406047105,0.0020720860920846,0.0198881104588508,-0.0209804493933916,-0.0089821899309754,-0.0115907685831189,0.0016966675175353,0.0099025862291455,-0.0113353114575147,-0.0110956756398081,0.0009157602326013,-0.0181087646633386,0.0234313979744911,-0.0394897311925888,-0.0134079959243536,-0.0347498841583728,0.0150172328576445,0.0218413062393665,0.0075124381110072,-0.0368583872914314,0.0022114117164164,-0.0091448752209544,0.0183913819491863,-0.0305684376507997,-0.0116063514724373,-0.0066703418269753,0.0168130360543727,-0.0038459079805761,-0.0085483295843005,0.0030035888776183,-0.0144797815009951,0.004094592295587,-0.0038289837539196,0.0225197616964578,-0.0111001580953598,0.0092856995761394,0.027500869706273,-0.0183415934443473,0.0540419667959213,0.003965176641941,-0.0181467644870281,0.0339297354221344,0.0083426022902131,-0.0284176617860794,-0.0698396265506744,0.0059569906443357,0.0064563443884253,-0.0164623614400625,-0.0332226231694221,-0.0139682833105325,-0.0326726958155632,-0.0185015499591827,-0.0310450661927461,-0.0059102410450577,0.0205113124102354,-0.0006257641362026,0.0084976209327578,0.0070762406103312,-0.00067934487015,0.0065289624035358,-0.0001455474266549,-0.0200778413563966,-0.038172535598278,0.0023956934455782,-0.0162963792681694,0.0155974570661783,-0.0311332512646913,0.0287961941212415,0.0065359091386199,0.0076445494778454,0.0038648238405585,0.0103345941752195,0.0036081681028008,-0.0054987757466733,0.0226937178522348,-0.0249108355492353,0.0024043105076998,-0.0207913443446159,0.0242469925433397,0.0200498197227716,0.0069142952561378,-0.0780125334858894,0.009288708679378,-0.0367451533675193,-0.0161466151475906,0.0241253301501274,-0.011837912723422,-0.0067784865386784,0.0043232995085418,0.0393945649266243,0.0021191285923123,0.0026004023384302,-0.0032855994068086,0.0167941655963659,-0.0200993251055479,0.0263376384973526,-0.001056722830981,-0.0016776703996583,-0.0128804547712206,-0.0113898171111941,0.0009079495794139,0.0198942571878433,0.0282393004745245,-0.0233333259820938,-0.0058468421921134,0.0055242627859115,-0.0102545106783509,-0.002627998168702,-0.0387367517171437,-0.0272459200248956,-0.0386886668742008,-0.0071332884209812,-0.0154295383338739,0.0411370278964318,-0.0141661678585297,-0.0994306386816835,-0.0063631448646704,-0.1511997993733871,-0.1087238658180024,2019-02-06,2019-02-07,2019-02-08,2019-02-11,2019-02-12,2019-02-13,2019-02-14,2019-02-15,2019-02-19,2019-02-20,64186.0,2019-02-05,252.0,-2.9260%,-0.0003,0.7881,-0.1358,0.0245,1.4170%,1.6701%,28.0105%,-0.032888,CI,64186.0,2019-02-06,252.0,0.5524%,-0.0002,0.7769,-0.1323,0.0144,1.4172%,1.6520%,26.4085%,0.007127,CI,64186.0,2019-02-07,252.0,-0.8107%,-0.0002,0.7815,-0.1378,0.0149,1.4164%,1.6523%,26.5193%,-0.00121,CI,64186.0,2019-02-08,252.0,-2.4683%,-0.0003,0.7857,-0.1255,0.0403,1.4245%,1.6582%,26.2078%,-0.0253149999999999,CI,64186.0,2019-02-11,252.0,0.8381%,-0.0002,0.785,-0.1138,0.0463,1.4253%,1.6471%,25.1186%,0.007916,CI,64186.0,2019-02-12,252.0,1.2193%,-0.0003,0.7786,-0.1042,0.0413,1.4231%,1.6421%,24.8870%,0.0015179999999999,CI,64186.0,2019-02-13,252.0,1.9879%,-0.0002,0.7867,-0.1107,0.0445,1.4256%,1.6468%,25.0624%,0.017633,CI,64186.0,2019-02-14,252.0,1.8114%,-0.0001,0.7814,-0.0998,0.0334,1.4307%,1.6496%,24.7801%,0.0204999999999999,CI,64186.0,2019-02-15,252.0,2.9393%,0.0,0.8044,-0.0768,0.0737,1.4346%,1.6599%,25.3035%,0.020553,CI,64186.0,2019-02-19,252.0,0.2072%,0.0001,0.8133,-0.0889,0.0593,1.4236%,1.6558%,26.0742%,0.000445,CI,64186.0,2019-02-20,252.0,-2.0980%,-0.0,0.806,-0.1092,0.0324,1.4295%,1.6601%,25.8466%,-0.022756,CI,-0.025761,-0.026971,-0.052286,-0.042852,-0.006477
33931,CLOROX CO,"Raymond James Still Sidelined As Clorox Cleans Up Prices, Gross Margins",6,uncertain,0.6,0.3,"the mention of clorox cleaning up prices and gross margins suggests potential improvements, but raymond james being sidelined indicates caution, leading to uncertainty in stock price movement.",1,2019-02-05,CLX,2019-02-05 20:09:00+00:00,46578.0,18905410,-0.0354843437671661,2682627.0,0.0070044994354248,0.0568530894815921,-0.0041604326106607,0.0099743613973259,0.0161237753927707,0.0187436398118734,-0.0010921120410785,-0.0021922814194113,-0.0037945306394249,-0.0052474052645266,0.0091026704758405,-0.0064323712140321,0.0002559564018156,-0.0099215377122163,-0.0004477602778933,-0.0166776459664106,-0.0017276956932619,0.003439636901021,-0.0046791601926088,-0.0144458282738924,0.0235703475773334,0.0157257504761219,0.0040266728028655,0.0005266743246465,-0.0124075431376695,-0.0047176075167953,0.0027283797971904,0.009525085799396,-0.0077833053655922,-0.0141507228836417,0.0078443605452775,0.0015675363829359,-0.0014553928049281,0.0143765611574053,0.001077301451005,-0.0013232562923803,-0.0076597244478762,-0.0241477619856596,0.0005103459698148,0.011890809983015,0.0017215268453583,0.0067749707959592,0.0045827841386199,0.0059550972655415,0.0078565888106822,-0.0195276662707328,0.0007543541141785,0.0066614700481295,0.0059049087576568,-0.0003916801360901,-0.001873496803455,0.0155803943052887,0.0052555608563125,0.0375593788921833,-0.0074687059968709,-0.0591547451913356,-0.0163040459156036,0.0061864871531724,-0.0058647170662879,-0.0083306971937417,0.0135299814864993,-0.0041800248436629,0.0004429161490406,-0.0079112248495221,0.0001264087331946,-0.0472890734672546,0.0113816196098923,-0.0033922798465937,0.0023757729213684,0.0075683929026126,0.0061123664490878,-0.0137844365090131,-0.0052693006582558,0.0242293961346149,-0.0119656817987561,-0.0016618715599179,-0.0056767626665532,-0.0078773405402898,-0.0044404780492186,0.0007944119279272,0.000191148079466,-0.0100428853183984,-0.0087277507409453,-0.0019925241358578,-0.0142031274735927,-0.0025896292645484,-0.0029336784500628,0.0038085170090198,0.0055576749145984,-0.0056504113599658,0.010013710707426,0.0185513906180858,0.0010300886351615,0.0030706871766597,-0.0066885878331959,0.0195353757590055,-0.0136613836511969,-0.0043637985363602,0.004398045130074,-0.0121928425505757,0.0030717027839273,0.0022836385760456,0.0067109642550349,0.0081513132899999,-0.0001294139510719,0.003308865474537,0.0044942516833543,0.0020017018541693,0.0056412601843476,-0.0075123030692338,0.0159262437373399,0.014486382715404,-0.0074891638942062,0.0065297246910631,0.0214221179485321,-0.0058611752465367,-0.0724346861243248,0.0036052628420293,0.0039146989583969,0.0072629926726222,0.0070044994354248,0.0568530894815921,0.0028149250768914,0.067394524139962,0.0189840876893494,0.0874013826376074,0.0140088992793523,0.0793239662872338,0.0164964928954518,0.0324916119192522,0.0208824438504098,0.0292910496922269,-0.0202274208936305,0.0154543754853313,2019-02-06,2019-02-07,2019-02-08,2019-02-11,2019-02-12,2019-02-13,2019-02-14,2019-02-15,2019-02-19,2019-02-20,46578.0,2019-02-05,252.0,-3.5484%,0.0008,0.3846,-0.3727,-0.0554,1.4765%,1.5543%,9.7642%,-0.037907,CLX,46578.0,2019-02-06,252.0,0.7004%,0.0008,0.3621,-0.3656,-0.0766,1.4748%,1.5426%,8.6000%,0.007752,CLX,46578.0,2019-02-07,252.0,-0.4160%,0.0008,0.3512,-0.3508,-0.0787,1.4696%,1.5330%,8.1097%,-0.0010689999999999,CLX,46578.0,2019-02-08,252.0,1.6124%,0.0009,0.3482,-0.3369,-0.0823,1.4675%,1.5295%,7.9439%,0.01534,CLX,46578.0,2019-02-11,252.0,-0.1092%,0.0008,0.3675,-0.3554,-0.0822,1.4644%,1.5295%,8.3309%,0.000733,CLX,46578.0,2019-02-12,252.0,-0.3795%,0.0008,0.3621,-0.3557,-0.0849,1.4657%,1.5292%,8.1253%,-0.008961,CLX,46578.0,2019-02-13,252.0,0.9103%,0.0009,0.3698,-0.3657,-0.0849,1.4637%,1.5293%,8.3960%,0.008262,CLX,46578.0,2019-02-14,252.0,0.0256%,0.0009,0.3693,-0.365,-0.0854,1.4636%,1.5291%,8.3848%,0.002342,CLX,46578.0,2019-02-15,252.0,-0.0448%,0.0009,0.369,-0.3657,-0.0864,1.4637%,1.5291%,8.3714%,-0.0033989999999999,CLX,46578.0,2019-02-19,252.0,-0.1728%,0.0008,0.3652,-0.3622,-0.0821,1.4621%,1.5257%,8.1598%,-0.001209,CLX,46578.0,2019-02-20,252.0,-0.4679%,0.0008,0.3633,-0.3689,-0.0896,1.4621%,1.5259%,8.1922%,-0.004225,CLX,-0.030155,-0.031224,-0.015884,-0.024112,-0.022341
33939,CUMMINS INC,Cummins Q4 Earnings Preview,6,uncertain,0.5,0.5,the impact on cummins inc's stock price is uncertain as it depends on the actual earnings results and market expectations.,1,2019-02-05,CMI,2019-02-05 19:08:00+00:00,41080.0,23102110,0.0071933264844119,1674774.0,-0.0031371058430522,0.0139049366116523,0.0018077603308483,-0.0027190123219043,-0.0089559974148869,0.0051243510097265,-0.0006744409329257,-0.000136659873533,0.0243622679263353,0.0249264631420373,0.0060610938817262,-0.0273766629397869,-0.0086438823491334,0.0205017514526844,0.0269502736628055,0.0030672878492623,-0.0116421012207865,-0.0186755768954753,0.0112585946917533,-0.0290914252400398,-0.0011583247687667,0.037629161030054,0.0088920295238494,0.0263847429305315,0.0041173403151333,0.017782587558031,-0.0049333949573338,-0.0094844317063689,0.0003219564387109,0.0049448362551629,-0.0081745898351073,0.0015071517555043,0.0020767559763044,0.0135302292183041,0.00407997937873,0.0019679612014442,-0.0035473930183798,0.002630814211443,0.0001941794180311,0.0049203066155314,-0.0014885514974594,0.0415327548980712,0.0018148554954677,-0.0197930671274662,0.0224492829293012,-0.0019454841967672,0.0024044855963438,0.0150387035682797,-0.0092159546911716,-0.0069391927681863,0.000955618568696,0.0115205189213156,0.0019095095340162,0.0444657690823078,0.0199479032307863,-0.0212915558367967,-0.0027405943255871,-0.0145261650905013,-0.0146774472668767,-0.0059591932222247,0.0054513225331902,-0.0034261988475918,-0.0188500210642814,-0.0008368247654289,0.0052688559517264,-0.0178571380674839,-0.0011504805879667,-0.0046850959770381,-0.0046074180863797,-0.0110318455845117,0.00282868812792,0.0116816023364663,0.0120519874617457,-0.0138674844056367,0.0282511357218027,-0.0166667588055133,-0.0030801454558968,-0.025932865217328,-0.0023481731768697,-0.0278745777904987,0.0122638326138258,-0.0400079116225242,-0.0009789415635168,0.0093340640887618,-0.0004899970954284,0.0192982498556375,-0.009069156832993,-0.0024232675787061,0.0051325615495443,0.0232814792543649,0.0124277370050549,-0.0136558851227164,0.009176043793559,0.0164353623986244,-0.0066237491555511,-0.0013103616656735,0.0136388437822461,0.0127820204943418,-0.0075349509716033,-0.0174993351101875,0.0113279679790139,-0.0094487080350518,-0.0112010827288031,-0.0023735663853585,0.0051216608844697,0.0111081348732113,-0.0038366967346519,0.0171626042574644,-0.024252263829112,0.0009697934729047,0.0074009927920997,0.0090165175497531,0.0048977779224514,-0.0217435397207737,0.0130985369905829,-0.0032712856773287,-0.0049310969188809,0.0111639108508825,0.0042303558439016,0.0088993869721889,-0.0031371058430522,0.0139049366116523,-0.0013350166477006,0.0111481165957656,-0.0102790576569419,0.0163295944680261,0.0131490187806047,0.0415207430976438,0.0371778935572759,-0.0120217684245229,0.0607882117520792,0.1364504600143956,0.1173376106293047,0.0422912085215403,2019-02-06,2019-02-07,2019-02-08,2019-02-11,2019-02-12,2019-02-13,2019-02-14,2019-02-15,2019-02-19,2019-02-20,41080.0,2019-02-05,252.0,0.7193%,-0.0004,1.0456,0.1253,0.5943,1.1690%,1.5932%,46.1693%,0.006296,CMI,41080.0,2019-02-06,252.0,-0.3137%,-0.0005,1.0739,0.1162,0.6221,1.1641%,1.5834%,45.9483%,-0.00134,CMI,41080.0,2019-02-07,252.0,0.1808%,-0.0003,1.0943,0.086,0.6279,1.1388%,1.5768%,47.8383%,0.00942,CMI,41080.0,2019-02-08,252.0,-0.8956%,-0.0003,1.0949,0.0958,0.6373,1.1378%,1.5760%,47.8821%,-0.0057509999999999,CMI,41080.0,2019-02-11,252.0,-0.0674%,-0.0003,1.0886,0.0962,0.6342,1.1378%,1.5554%,46.4917%,-0.004405,CMI,41080.0,2019-02-12,252.0,2.4362%,-0.0001,1.1091,0.0779,0.648,1.1284%,1.5618%,47.7986%,0.010516,CMI,41080.0,2019-02-13,252.0,0.6061%,-0.0001,1.1106,0.0764,0.6483,1.1284%,1.5608%,47.7337%,0.002355,CMI,41080.0,2019-02-14,252.0,-0.8644%,-0.0001,1.1114,0.0749,0.6496,1.1284%,1.5618%,47.7942%,-0.003049,CMI,41080.0,2019-02-15,252.0,2.6950%,0.0,1.1337,0.0962,0.6875,1.1246%,1.5710%,48.7550%,0.010985,CMI,41080.0,2019-02-19,252.0,-1.1642%,0.0,1.1352,0.0795,0.6685,1.1251%,1.5722%,48.7933%,-0.016238,CMI,41080.0,2019-02-20,252.0,1.1259%,0.0,1.1365,0.0815,0.6728,1.1255%,1.5737%,48.8501%,0.00515,CMI,0.004956,0.014376,0.008625,0.014736,0.013939
33947,CENTENE CORP DEL,"On A Split-Adjusted Basis, Centene Sees FY19 Adj. EPS $4.11-$4.31 Does Not Compare To $8.19 Est., Sales $70.3B-$71.1B vs $70.22B Est.",6,decrease,0.8,0.7,"the significant miss in adjusted eps estimates suggests weaker-than-expected financial performance, likely leading to a decrease in investor confidence and stock price.",0,2019-02-05,CNC,2019-02-05 11:10:00+00:00,89269.0,15135B10,-0.0192352086305618,3040646.0,-0.0102769089862704,-0.0137349944561719,0.0131578631699085,0.0092669939622282,-0.0158034469932317,0.0039213420823216,-0.0151033503934741,0.0169676914811134,0.0177562292665243,-0.0082972031086683,0.010150664485991,-0.0003100254689343,0.0042392914183437,0.0179120693355798,0.0157911535352468,0.0094790700823068,-0.008619325235486,-7.966655539348722e-05,0.013507142663002,-0.0084504792466759,-0.0271139778196811,0.0107767712324857,0.007872836664319,-0.0094101093709468,0.0001561397657496,0.0107096889987587,-0.0035925607662647,0.0264151040464639,-0.029785256832838,0.0160026513040065,-0.0161576997488737,0.0131734944880008,0.0073903887532651,0.0016069932607933,-0.0453211404383182,0.0185217224061489,-0.0081967134028673,0.0137991430237889,-0.0206611696630716,0.0085440082475543,-0.0079114055261015,0.0328420735895633,0.0023037581704556,-0.0272566527128219,0.0157354902476072,-0.019947987049818,0.0144473109394311,0.0221631191670894,0.0291695408523082,-0.0084388107061386,-0.0100033087655901,-0.0140405194833874,-0.0038733503315597,0.0576588250696659,0.0035502803511917,-0.0303973481059074,0.0102762905880808,-0.0271508805453777,-0.0215107705444097,-0.027497449889779,0.0039195558056235,-0.009742678143084,-0.0300458408892154,-0.0109537299722433,-0.0015750814927741,-0.0479102991521358,-0.0385626778006553,-0.0401896312832832,-0.049772098660469,-0.0105741173028945,0.0134305600076913,0.0109914280474185,0.0053009991534054,0.0027932589873671,0.0199623610824346,-0.0057048080489039,-0.008678013458848,-0.0163910314440727,-0.0059601361863315,-0.0474046319723129,0.0035600983537733,-0.0316693410277366,0.0425690561532974,0.0321968495845794,0.0143266338855028,0.0021840042900294,0.0218926854431629,0.0076672001741826,-0.0101935062557458,0.0350503660738468,-0.0377029106020927,-0.0170458704233169,-0.0400871187448501,0.016594422981143,0.0056689921766519,0.0199206452816724,-0.0591883026063442,0.0246316082775592,-0.0611144676804542,-0.0079926000908017,0.0253138151019811,-0.0340441539883613,-0.0024896042887121,0.000956832896918,0.0463810190558433,-0.0023497121874243,-0.0021864562295377,-0.005476851016283,0.0005975852254778,-0.004651834256947,0.0477802418172359,-0.0332372710108757,-0.0070302630774676,-0.0093282032757997,-0.0133945075795054,0.0048264348879456,-0.0354926660656929,0.0922982990741729,0.0380052179098129,-0.0067541878670454,-0.0102769089862704,-0.0137349944561719,0.002745732021387,-0.0045952826046402,-0.0131011070023022,-0.0006919601973763,-0.010747648895602,0.007831841576908,0.0242409685538913,0.0264571016927164,-0.0793127835786947,0.0929196390457156,-0.1900839680550916,-0.0136601893316374,2019-02-06,2019-02-07,2019-02-08,2019-02-11,2019-02-12,2019-02-13,2019-02-14,2019-02-15,2019-02-19,2019-02-20,89269.0,2019-02-05,252.0,-1.9235%,0.0007,0.9799,0.2148,-0.2514,1.3296%,1.7764%,43.9805%,-0.02498,CNC,89269.0,2019-02-06,252.0,-1.0277%,0.0007,0.969,0.2185,-0.2634,1.3300%,1.7568%,42.6885%,-0.008024,CNC,89269.0,2019-02-07,252.0,1.3158%,0.0007,0.9475,0.2362,-0.2602,1.3266%,1.7383%,41.7535%,0.023381,CNC,89269.0,2019-02-08,252.0,-1.5803%,0.0006,0.9511,0.2325,-0.2475,1.3310%,1.7411%,41.5599%,-0.018669,CNC,89269.0,2019-02-11,252.0,-1.5103%,0.0006,0.9414,0.2172,-0.2609,1.3355%,1.7262%,40.1441%,-0.0175,CNC,89269.0,2019-02-12,252.0,1.7756%,0.0006,0.9427,0.2183,-0.2604,1.3357%,1.7278%,40.2360%,0.0043669999999999,CNC,89269.0,2019-02-13,252.0,1.0151%,0.0006,0.9433,0.22,-0.2584,1.3364%,1.7267%,40.1034%,0.007462,CNC,89269.0,2019-02-14,252.0,0.4239%,0.0006,0.943,0.2218,-0.2609,1.3361%,1.7268%,40.1349%,0.003477,CNC,89269.0,2019-02-15,252.0,1.5791%,0.0007,0.9654,0.2425,-0.2238,1.3284%,1.7283%,40.9184%,0.005733,CNC,89269.0,2019-02-19,252.0,-0.8619%,0.0008,0.9746,0.2193,-0.2508,1.3097%,1.7226%,42.1873%,-0.010585,CNC,89269.0,2019-02-20,252.0,1.3507%,0.0009,0.9776,0.2245,-0.2407,1.3116%,1.7242%,42.1282%,0.012452,CNC,-0.033004,-0.009623,-0.028292,-0.041425,-0.022886
33955,CENTENE CORP DEL,"Centene Q4 Adj. EPS $1.38 Beats $1.32 Estimate, Sales $16.559B Beat $16.4B Estimate",6,increase,0.8,0.6,"the positive earnings per share and sales results beating estimates typically indicate strong performance, which can lead to an increase in stock price.",2,2019-02-05,CNC,2019-02-05 11:08:00+00:00,89269.0,15135B10,-0.0192352086305618,3040646.0,-0.0102769089862704,-0.0137349944561719,0.0131578631699085,0.0092669939622282,-0.0158034469932317,0.0039213420823216,-0.0151033503934741,0.0169676914811134,0.0177562292665243,-0.0082972031086683,0.010150664485991,-0.0003100254689343,0.0042392914183437,0.0179120693355798,0.0157911535352468,0.0094790700823068,-0.008619325235486,-7.966655539348722e-05,0.013507142663002,-0.0084504792466759,-0.0271139778196811,0.0107767712324857,0.007872836664319,-0.0094101093709468,0.0001561397657496,0.0107096889987587,-0.0035925607662647,0.0264151040464639,-0.029785256832838,0.0160026513040065,-0.0161576997488737,0.0131734944880008,0.0073903887532651,0.0016069932607933,-0.0453211404383182,0.0185217224061489,-0.0081967134028673,0.0137991430237889,-0.0206611696630716,0.0085440082475543,-0.0079114055261015,0.0328420735895633,0.0023037581704556,-0.0272566527128219,0.0157354902476072,-0.019947987049818,0.0144473109394311,0.0221631191670894,0.0291695408523082,-0.0084388107061386,-0.0100033087655901,-0.0140405194833874,-0.0038733503315597,0.0576588250696659,0.0035502803511917,-0.0303973481059074,0.0102762905880808,-0.0271508805453777,-0.0215107705444097,-0.027497449889779,0.0039195558056235,-0.009742678143084,-0.0300458408892154,-0.0109537299722433,-0.0015750814927741,-0.0479102991521358,-0.0385626778006553,-0.0401896312832832,-0.049772098660469,-0.0105741173028945,0.0134305600076913,0.0109914280474185,0.0053009991534054,0.0027932589873671,0.0199623610824346,-0.0057048080489039,-0.008678013458848,-0.0163910314440727,-0.0059601361863315,-0.0474046319723129,0.0035600983537733,-0.0316693410277366,0.0425690561532974,0.0321968495845794,0.0143266338855028,0.0021840042900294,0.0218926854431629,0.0076672001741826,-0.0101935062557458,0.0350503660738468,-0.0377029106020927,-0.0170458704233169,-0.0400871187448501,0.016594422981143,0.0056689921766519,0.0199206452816724,-0.0591883026063442,0.0246316082775592,-0.0611144676804542,-0.0079926000908017,0.0253138151019811,-0.0340441539883613,-0.0024896042887121,0.000956832896918,0.0463810190558433,-0.0023497121874243,-0.0021864562295377,-0.005476851016283,0.0005975852254778,-0.004651834256947,0.0477802418172359,-0.0332372710108757,-0.0070302630774676,-0.0093282032757997,-0.0133945075795054,0.0048264348879456,-0.0354926660656929,0.0922982990741729,0.0380052179098129,-0.0067541878670454,-0.0102769089862704,-0.0137349944561719,0.002745732021387,-0.0045952826046402,-0.0131011070023022,-0.0006919601973763,-0.010747648895602,0.007831841576908,0.0242409685538913,0.0264571016927164,-0.0793127835786947,0.0929196390457156,-0.1900839680550916,-0.0136601893316374,2019-02-06,2019-02-07,2019-02-08,2019-02-11,2019-02-12,2019-02-13,2019-02-14,2019-02-15,2019-02-19,2019-02-20,89269.0,2019-02-05,252.0,-1.9235%,0.0007,0.9799,0.2148,-0.2514,1.3296%,1.7764%,43.9805%,-0.02498,CNC,89269.0,2019-02-06,252.0,-1.0277%,0.0007,0.969,0.2185,-0.2634,1.3300%,1.7568%,42.6885%,-0.008024,CNC,89269.0,2019-02-07,252.0,1.3158%,0.0007,0.9475,0.2362,-0.2602,1.3266%,1.7383%,41.7535%,0.023381,CNC,89269.0,2019-02-08,252.0,-1.5803%,0.0006,0.9511,0.2325,-0.2475,1.3310%,1.7411%,41.5599%,-0.018669,CNC,89269.0,2019-02-11,252.0,-1.5103%,0.0006,0.9414,0.2172,-0.2609,1.3355%,1.7262%,40.1441%,-0.0175,CNC,89269.0,2019-02-12,252.0,1.7756%,0.0006,0.9427,0.2183,-0.2604,1.3357%,1.7278%,40.2360%,0.0043669999999999,CNC,89269.0,2019-02-13,252.0,1.0151%,0.0006,0.9433,0.22,-0.2584,1.3364%,1.7267%,40.1034%,0.007462,CNC,89269.0,2019-02-14,252.0,0.4239%,0.0006,0.943,0.2218,-0.2609,1.3361%,1.7268%,40.1349%,0.003477,CNC,89269.0,2019-02-15,252.0,1.5791%,0.0007,0.9654,0.2425,-0.2238,1.3284%,1.7283%,40.9184%,0.005733,CNC,89269.0,2019-02-19,252.0,-0.8619%,0.0008,0.9746,0.2193,-0.2508,1.3097%,1.7226%,42.1873%,-0.010585,CNC,89269.0,2019-02-20,252.0,1.3507%,0.0009,0.9776,0.2245,-0.2407,1.3116%,1.7242%,42.1282%,0.012452,CNC,-0.033004,-0.009623,-0.028292,-0.041425,-0.022886
33963,CANADIAN NATIONAL RAILWAY CO,Canadian National Railway Says United Steelworkers Ratified New Deal With Co.,6,increase,0.7,0.6,"the ratification of a new deal with the united steelworkers suggests improved labor relations and stability, which is likely to positively impact investor sentiment and the stock price.",2,2019-02-05,CNI,2019-02-05 22:08:00+00:00,84181.0,13637510,0.0091654863208532,975710.0,-0.0135037908330559,-0.0045618833974003,0.0020593358203768,-0.0026340230833739,-0.0004835700674448,0.0020395701285451,-0.0157233066856861,-0.0038245453033596,0.0025804755277931,-0.0007166509749367,0.0001225902233272,0.0034755622036755,0.0139705808833241,0.0168170239776372,0.0164370387792587,0.0079842014238238,0.0078478436917066,0.0046896813437342,0.0146295167505741,-0.0163874551653862,0.0002325191017007,0.0035327193327248,-0.0031387659255415,0.0023198388516902,0.0053644208237528,0.0076279868371784,0.0017399550415575,-0.0028217807412147,0.0039369654841721,0.0204056706279516,-0.0094578973948955,-0.0052304579876363,-0.0062878541648387,0.0105714071542024,0.0117178354412317,0.0206808038055896,0.0011582825100049,0.0054242303594946,0.0012725660344585,0.0291068907827138,0.0062534878961741,0.0282902792096138,-0.0026531706098467,-0.0105476509779691,0.0106407376006245,-0.0021590022370219,0.0022889056708663,0.0072030276060104,0.0091344527900218,0.0019063097424805,-0.0089386841282248,-0.0002722113276831,-0.0001141055763582,0.0356689505279064,0.0117606613785028,-0.0167729295790195,-0.0135424546897411,-0.022890456020832,-0.0053769727237522,-0.0123076681047678,0.0086266389116644,-0.0076994798146188,-0.0132284592837095,0.0001327952195424,-0.0047381953336298,-0.0263702291995286,0.0157919246703386,-0.0180248562246561,0.0060585136525332,-0.0022796392440795,0.0139756361022591,0.0119184972718358,0.0026894386392086,-0.0059872767888009,0.0132990023121237,-0.004691298585385,-0.0036395923234522,-0.0264164842665195,-0.0017710431711748,-0.0086315553635358,0.0038811096455901,-0.0387724637985229,-0.0045288414694368,-0.0052434974350035,0.0104304794222116,0.009290849789977,-0.0082363281399011,-0.0061944695189595,-0.0001106688869185,0.0188139341771602,0.0002214467531302,-0.0075632161460816,0.0130646619945764,0.007021349389106,0.0030600959435105,-0.0104804448783397,0.0039224298670887,0.0349786095321178,0.0108530493453145,-0.0489161200821399,0.0054756510071456,0.0064161852933466,0.0020287754014134,0.0057491241022944,0.0040494981221854,0.0032961319666355,-0.0076417024247348,0.0002354485186515,0.0048128017224371,0.0074732769280672,0.007131515070796,-0.016565540805459,-0.0075036892667412,-0.0029079911764711,-0.0120328487828373,-0.0037084214854985,-0.0082991663366556,0.0067670266143977,0.0020649365615099,0.0044532665051519,-0.0135037908330559,-0.0045618833974003,-0.0114722638528524,-0.0071838903746018,-0.0119502862768922,-0.0051589722942715,-0.0249761455818455,-0.009674013942707,0.0277246618847564,0.0065549998886802,0.0437667225663904,0.1092976313806755,0.1069161026784517,-0.0241445895121502,2019-02-06,2019-02-07,2019-02-08,2019-02-11,2019-02-12,2019-02-13,2019-02-14,2019-02-15,2019-02-19,2019-02-20,84181.0,2019-02-05,252.0,0.9165%,0.0004,0.7816,0.0239,0.2118,1.0769%,1.3636%,37.6221%,0.007024,CNI,84181.0,2019-02-06,252.0,-1.3504%,0.0003,0.8096,0.0151,0.2377,1.0748%,1.3623%,37.7470%,-0.01203,CNI,84181.0,2019-02-07,252.0,0.2059%,0.0004,0.8155,0.0039,0.2409,1.0725%,1.3623%,38.0180%,0.008581,CNI,84181.0,2019-02-08,252.0,-0.0484%,0.0004,0.8152,0.0135,0.246,1.0705%,1.3598%,38.0309%,0.000343,CNI,84181.0,2019-02-11,252.0,-1.5723%,0.0003,0.8192,-0.0147,0.2328,1.0758%,1.3559%,37.0490%,-0.01762,CNI,84181.0,2019-02-12,252.0,0.2580%,0.0003,0.8165,-0.0175,0.2319,1.0770%,1.3549%,36.8200%,-0.008262,CNI,84181.0,2019-02-13,252.0,0.0123%,0.0003,0.8104,-0.0083,0.2329,1.0742%,1.3472%,36.4215%,-0.002415,CNI,84181.0,2019-02-14,252.0,1.3971%,0.0004,0.8076,0.0015,0.2203,1.0733%,1.3461%,36.4211%,0.016966,CNI,84181.0,2019-02-15,252.0,1.6437%,0.0004,0.8074,0.0019,0.2208,1.0735%,1.3450%,36.2931%,0.00615,CNI,84181.0,2019-02-19,252.0,0.7848%,0.0005,0.8121,-0.0001,0.2182,1.0715%,1.3456%,36.5929%,0.005546,CNI,84181.0,2019-02-20,252.0,1.4630%,0.0005,0.8162,0.0134,0.2338,1.0719%,1.3472%,36.6877%,0.011787,CNI,-0.005006,0.0035749999999999,0.003918,-0.021964,0.01607
33971,CORCEPT THERAPEUTICS INC,Blue Orca Announces Corcept Therapeutics Short,6,decrease,0.8,0.6,"short selling announcements often indicate negative sentiment towards a company's stock, which can lead to a decrease in stock price.",0,2019-02-05,CORT,2019-02-05 15:33:00+00:00,90125.0,21835210,0.0794118046760559,7149412.0,0.0526793748140335,0.0169491600245237,-0.0474547185003757,-0.1028623059391975,0.0280797481536865,-0.0444444045424461,0.0026431481819599,0.0025706712622195,0.0219683647155761,-0.0315352790057659,-0.0094582680612802,-0.0195280537009239,-0.0121528068557381,-0.1100651994347572,0.036906860768795,-0.0774882957339286,-0.0279660951346159,0.0197547655552625,-0.013077643699944,-0.0174028966575861,-0.0203179810196161,0.0020120544359087,0.0279530622065067,-0.0349514558911323,0.0078947506844997,-0.0165499821305275,0.0443864427506923,0.0369637235999107,0.0508333034813404,0.0852435231208801,-0.0111022517085075,0.0050395745784044,0.0272654481232166,0.002888083923608,-0.005464531481266,0.0028964490629732,-0.0298273246735334,-0.0079022739082574,-0.0291261859238147,0.0072359177283942,0.0191666278988122,0.0290394183248281,-0.0114472117274999,-0.0282199271023273,0.0239867623895406,0.0344311408698558,0.0105008166283369,0.0261136088520288,0.0039968178607523,0.0132295778021216,-0.0302547849714756,-0.0100153442472219,-0.000821036810521,0.0639344081282615,0.0115037253126502,0.0166666507720947,-0.0081235077232122,-0.0790483281016349,-0.0229320004582405,-0.0243354421108961,-0.0083822617307305,-0.0877732783555984,-0.0557903498411178,-0.049967523664236,-0.0143240690231323,-0.0434513166546821,0.0236149150878191,-0.0628272220492363,0.0,0.0082112196832895,0.0159715469926595,-0.0069889831356704,0.0253275074064731,0.3228043615818024,-0.0383304767310619,-0.0046012592501938,0.0106288651004433,0.0,0.0420684069395065,-0.0297618769109249,-0.0117746293544769,-0.0323974639177322,0.0204255115240812,-0.0028714975342154,0.0108423782512545,-0.0141542684286832,-0.0090758791193366,0.013629880733788,0.0191506687551736,0.022743908688426,-0.0040849829092621,0.0202096160501241,-0.0221492629498243,0.0511408038437366,-0.0117449956014752,-0.0031372518278658,0.0,0.0408163256943225,0.0127334957942366,0.0132340649142861,0.0025146463885903,-0.0714285895228385,0.0259197670966386,0.0007686570752412,0.0,0.0458199903368949,-0.0008150145295076,-0.0063898460939526,-0.0138662373647093,-0.0118389595299959,0.0008271487895399,-0.0261337552219629,0.0264462549239397,-0.0276532042771577,-0.0032206089235842,-0.0339350365102291,-0.0040387874469161,0.0282108467072248,-0.0048661367036402,0.0274600014090538,0.0526793748140335,0.0169491600245237,0.002724771411082,-0.0876565755985288,0.0308810304597682,-0.1282051358342684,0.0563124310069109,-0.1535270057584982,0.0281561714714666,-0.3172690720724092,0.0835604009908617,-0.2362410959543606,0.1144414316013611,-0.2219679631643636,2019-02-06,2019-02-07,2019-02-08,2019-02-11,2019-02-12,2019-02-13,2019-02-14,2019-02-15,2019-02-19,2019-02-20,90125.0,2019-02-05,252.0,7.9412%,-0.002,1.628,1.0204,0.6132,3.8958%,4.2772%,17.0372%,0.07715,CORT,90125.0,2019-02-06,252.0,5.2679%,-0.0011,1.2742,1.1333,0.2721,3.6813%,3.9572%,13.4590%,0.055834,CORT,90125.0,2019-02-07,252.0,-4.7455%,-0.0011,1.3059,1.1074,0.2671,3.6790%,3.9651%,13.9079%,-0.035293,CORT,90125.0,2019-02-08,252.0,2.8080%,-0.0009,1.3004,1.1173,0.2504,3.6817%,3.9678%,13.8991%,0.028094,CORT,90125.0,2019-02-11,252.0,0.2643%,-0.0007,1.235,1.1708,0.2451,3.6686%,3.9306%,12.8853%,-0.007228,CORT,90125.0,2019-02-12,252.0,2.1968%,-0.0005,1.2635,1.1389,0.2653,3.6586%,3.9276%,13.2282%,0.005254,CORT,90125.0,2019-02-13,252.0,-0.9458%,-0.0007,1.2471,1.1611,0.266,3.6542%,3.9190%,13.0573%,-0.013965,CORT,90125.0,2019-02-14,252.0,-1.2153%,-0.0007,1.2517,1.1545,0.2708,3.6527%,3.9182%,13.0916%,-0.014129,CORT,90125.0,2019-02-15,252.0,3.6907%,-0.0008,1.2214,1.1294,0.2243,3.6400%,3.8968%,12.7451%,0.018477,CORT,90125.0,2019-02-19,252.0,-2.7966%,-0.0008,1.2274,1.0907,0.1802,3.6368%,3.8962%,12.8719%,-0.034335,CORT,90125.0,2019-02-20,252.0,-1.3078%,-0.001,1.2202,1.0645,0.1519,3.6356%,3.8931%,12.7921%,-0.0189,CORT,0.132984,0.097691,0.125785,0.123811,0.0609589999999999
33979,CROCS INC,"Crocs Announces That It Will Relocate Its Corporate Headquarters In 2020, From Niwot, Colo., To Broomfield, Colo.",6,uncertain,0.6,0.3,"the relocation of corporate headquarters may have mixed implications for investors, as it could signal growth and expansion but also involve costs and disruptions.",1,2019-02-05,CROX,2019-02-05 18:31:00+00:00,91090.0,22704610,0.0025362207088619,877263.0,-0.0151788964867591,0.0128440503031015,-0.0077063883654773,-0.0511838197708129,0.0003697604115586,0.0080729918554425,-0.0125693222507834,0.0049382499419152,0.0142269218340516,-0.0186915546655654,-0.0018456713296473,-0.0003460286825429,0.0214496999979019,0.0031239206437021,0.0086893467232584,0.0006946352659724,0.0229719802737236,0.0017397754127159,-0.0112280594184994,-0.0221163537353277,-0.002838890068233,-0.042359109967947,0.0060498248785734,0.0052407416515052,0.0074283368885517,0.0159734264016151,-0.0228230208158493,0.005352955777198,0.0247934069484472,-0.0345607139170169,-0.099579244852066,-0.0045016491785645,-0.0218068324029445,-0.0086069637909531,-0.0338375940918922,0.04150066152215,0.0403790473937988,0.0325677320361137,-0.0122772064059972,0.0526885986328125,0.0172413904219865,0.0236423853784799,-0.0074891811236739,-0.0192029234021902,-0.0087371412664651,0.0623556934297084,-0.0024038248229771,-0.024774769321084,0.0060240812599658,-0.0014992846408858,-0.0087824082002043,0.007933547720313,0.0036246536765247,0.1061428710818291,0.0329052843153476,-0.0208674389868974,0.0019425464561209,0.0061753648333251,-0.0058162668719887,-0.0268428772687912,0.0074103171937167,-0.007949155755341,-0.0282616931945085,-0.0011909760069102,0.0127489920705556,-0.0078770723193883,0.0003934000269509,-0.0003937098081223,0.0043256236240267,-0.0219483915716409,0.022709472104907,0.0093276239931583,-0.0141654219478368,0.0094154477119445,0.0411650277674198,0.0195999909192323,-0.0156657993793487,-0.049790933728218,0.0022736405953764,-0.0362637303769588,0.0026464911643415,-0.0618557073175907,0.0018853407818824,0.0467626340687274,-0.0237109214067459,0.0262088999152183,-0.001156541518867,-0.0241354499012231,0.0100347446277737,0.0436090156435966,-0.0019105555256828,0.0041525335982441,0.0160796344280242,0.0343615449965,-0.0041447100229561,-0.0015594155993312,0.0181611627340316,0.0235435012727975,0.0222965590655803,-0.0624766238033771,-0.0039985682815313,-0.0215959064662456,-0.0051094670780003,0.0167472586035728,-0.0253118313848972,-0.0044460515491664,0.0414000898599624,0.0165725257247686,-0.0148174865171313,0.0407682880759239,0.0102714849635958,0.0055183046497404,0.0185184571892023,-0.0723948627710342,-0.0071300840936601,0.2756529748439789,0.0053859828040003,0.0042154635302722,0.0067857331596314,0.0161827765405178,-0.0151788964867591,0.0128440503031015,-0.0227683103809501,-0.0389971770235526,-0.0224069687892084,-0.0312390090606065,-0.0209613268771186,-0.0446520942701026,0.0184315217946335,-0.0609050363317933,-0.0733646817895845,0.1057692868295958,0.018792931076123,0.3136601697891941,2019-02-06,2019-02-07,2019-02-08,2019-02-11,2019-02-12,2019-02-13,2019-02-14,2019-02-15,2019-02-19,2019-02-20,91090.0,2019-02-05,252.0,0.2536%,0.0032,1.1076,1.6527,0.2478,2.8877%,3.2316%,20.1534%,0.000475,CROX,91090.0,2019-02-06,252.0,-1.5179%,0.0032,1.0831,1.6608,0.2215,2.8879%,3.2196%,19.5440%,-0.0128499999999999,CROX,91090.0,2019-02-07,252.0,-0.7706%,0.0032,1.0843,1.6591,0.2218,2.8878%,3.2201%,19.5707%,0.003562,CROX,91090.0,2019-02-08,252.0,0.0370%,0.0032,1.085,1.6563,0.2227,2.8878%,3.2196%,19.5509%,-5e-06,CROX,91090.0,2019-02-11,252.0,-1.2569%,0.0031,1.0555,1.6453,0.2013,2.8911%,3.2094%,18.8520%,-0.025632,CROX,91090.0,2019-02-12,252.0,1.4227%,0.0031,1.0469,1.6538,0.1954,2.8902%,3.2084%,18.8524%,-0.000214,CROX,91090.0,2019-02-13,252.0,-0.1846%,0.0031,1.0548,1.6368,0.1902,2.8880%,3.2073%,18.9225%,-0.006006,CROX,91090.0,2019-02-14,252.0,2.1450%,0.0031,1.0514,1.6437,0.1832,2.8890%,3.2088%,18.9428%,0.016156,CROX,91090.0,2019-02-15,252.0,0.8689%,0.0031,1.0389,1.6313,0.1613,2.8896%,3.2045%,18.6914%,-0.00828,CROX,91090.0,2019-02-19,252.0,2.2972%,0.0032,1.0461,1.6325,0.1621,2.8892%,3.2067%,18.8234%,0.015684,CROX,91090.0,2019-02-20,252.0,-1.1228%,0.0031,1.0412,1.6264,0.1461,2.8914%,3.2079%,18.7591%,-0.017799,CROX,-0.0123749999999999,-0.0088129999999999,-0.0088179999999999,-0.034664,-0.0349089999999999
33987,CATALENT INC,"Catalent shares are trading higher after the company reported Q2 EPS Q2 of $0.45, beating the $0.37 estimate and sales of $623 million, beating the $607.91M estimate.",6,increase,0.8,0.6,the positive earnings surprise and higher-than-expected sales are likely to boost investor confidence and drive the stock price up.,2,2019-02-05,CTLT,2019-02-05 17:53:00+00:00,14763.0,14880610,0.050615943968296,1960818.0,0.0063726739026606,0.001609478960745,0.0010131944436579,0.0094773480668663,0.0048076575621962,0.0112267211079597,0.0075547532178461,0.0068927486427128,0.0209947563707828,-0.0060290824621915,0.0068544088862836,0.0136111574247479,0.0109409373253583,0.0112359980121254,0.0108224367722868,0.0082128886133432,0.0049965004436671,-0.0022604695986956,0.0130208143964409,-0.0061780740506947,-0.0058424863964319,0.0113604525104165,0.0244475994259119,0.0167484264820814,-0.0036714926827698,0.0164367891848087,-0.0128972269594669,0.0142899537459015,0.005133019760251,-0.0047407364472746,0.0032497534994035,-0.0038371034897863,0.0161961335688829,0.0149790290743112,-0.0047814003191888,0.0179932955652475,0.0002288294781465,0.0246875286102294,-0.0247026942670345,0.0296010319143533,-0.0016416439320892,0.0415549501776695,-0.008221716620028,-0.034616619348526,-0.0094742188230156,-0.0086594112217426,-0.0004782510222867,0.0143136158585548,0.0059808613732457,-0.0012995748547837,-0.003804990556091,-0.0083762956783175,0.0074003669433295,0.0363939926028251,0.0087677473202347,-0.0160972326993942,0.0023490362800657,-0.0218509081751108,-0.0051557864062488,-0.049190305173397,0.0157832317054271,-0.0150466449558734,-0.056818202137947,-0.0294977240264415,-0.0051634889096021,-0.0115472786128521,0.0101334620267152,-0.0391123406589031,-0.0225103553384542,-0.0125992633402347,0.0145180979743599,0.0066169798374176,0.0014804188394919,0.0159663781523704,0.0034491103142499,-0.0170704554766416,-0.0095752365887165,-0.0265344846993684,0.0009915942791849,-0.0199631825089454,-0.0108965439721941,-0.0551005490124225,0.003254909068346,0.0161412190645933,0.001247797277756,0.0007572588510811,-0.0142073705792427,-0.0042724800296127,0.0091024180874228,0.0140162901952862,-0.0107742501422762,-0.0043135797604918,-0.0055724726989865,0.0186094921082258,0.1311768144369125,0.0173547156155109,-0.0416572503745555,0.0114361783489584,0.0044642533175647,-0.0031814088579267,0.0285380408167839,-0.0423965007066726,0.0015919875586405,0.008706790395081,0.0093097146600484,0.0303429458290338,0.0,-0.0083725713193416,0.0040495004504919,0.0073801423422992,0.0085143903270363,0.0114636179059743,0.003776982659474,-0.0037185444962233,-0.0079681407660245,-0.0015910251531749,-0.0162873622030019,0.0443090125918388,0.0074846455827355,-0.1286196410655975,0.0063726739026606,0.001609478960745,0.0073923251041079,0.0111020806199286,0.0122355224339931,0.0224534416907264,0.0412949010696235,0.0232940101029615,0.0907469135647724,0.048581844615869,0.0820800719027421,0.1408493950714853,0.132296675524983,-0.098938183551578,2019-02-06,2019-02-07,2019-02-08,2019-02-11,2019-02-12,2019-02-13,2019-02-14,2019-02-15,2019-02-19,2019-02-20,14763.0,2019-02-05,252.0,5.0616%,-0.0007,1.0303,0.6794,-0.2281,1.6424%,2.0823%,37.7853%,0.045439,CTLT,14763.0,2019-02-06,252.0,0.6373%,-0.0006,0.9758,0.6967,-0.2805,1.6308%,2.0403%,36.1181%,0.008767,CTLT,14763.0,2019-02-07,252.0,0.1013%,-0.0003,1.0033,0.6561,-0.2729,1.5979%,2.0248%,37.7192%,0.011988,CTLT,14763.0,2019-02-08,252.0,0.4808%,-0.0003,1.0027,0.6662,-0.2689,1.5963%,2.0234%,37.7621%,0.001594,CTLT,14763.0,2019-02-11,252.0,0.7555%,-0.0003,1.0262,0.6473,-0.2668,1.5924%,2.0215%,37.9478%,0.002272,CTLT,14763.0,2019-02-12,252.0,2.0995%,-0.0003,1.037,0.6384,-0.2598,1.5910%,2.0256%,38.3095%,0.0063549999999999,CTLT,14763.0,2019-02-13,252.0,0.6854%,-0.0002,1.0412,0.6328,-0.2598,1.5904%,2.0259%,38.3771%,0.00365,CTLT,14763.0,2019-02-14,252.0,1.0941%,-0.0002,1.0392,0.6373,-0.2648,1.5912%,2.0269%,38.3649%,0.00823,CTLT,14763.0,2019-02-15,252.0,1.0822%,-0.0002,1.0361,0.6344,-0.27,1.5912%,2.0245%,38.2304%,-0.001343,CTLT,14763.0,2019-02-19,252.0,0.4997%,-0.0003,1.0309,0.6436,-0.2592,1.5872%,2.0154%,37.9783%,0.001898,CTLT,14763.0,2019-02-20,252.0,1.3021%,-0.0002,1.0332,0.6443,-0.2525,1.5876%,2.0157%,37.9658%,0.0109719999999999,CTLT,0.054206,0.066194,0.067788,0.076415,0.099822
33995,CATALENT INC,"Catalent Reaffirms FY19 Sales $2.5B-$2.59B, Adj. EBITDA $597M-$622M, Adj. Net Income $260M-$285M",6,uncertain,0.6,0.3,"while the reaffirmation of sales and earnings guidance may provide some stability, it does not indicate significant growth or improvement, leading to uncertainty in stock price movement.",1,2019-02-05,CTLT,2019-02-05 12:34:00+00:00,14763.0,14880610,0.050615943968296,1960818.0,0.0063726739026606,0.001609478960745,0.0010131944436579,0.0094773480668663,0.0048076575621962,0.0112267211079597,0.0075547532178461,0.0068927486427128,0.0209947563707828,-0.0060290824621915,0.0068544088862836,0.0136111574247479,0.0109409373253583,0.0112359980121254,0.0108224367722868,0.0082128886133432,0.0049965004436671,-0.0022604695986956,0.0130208143964409,-0.0061780740506947,-0.0058424863964319,0.0113604525104165,0.0244475994259119,0.0167484264820814,-0.0036714926827698,0.0164367891848087,-0.0128972269594669,0.0142899537459015,0.005133019760251,-0.0047407364472746,0.0032497534994035,-0.0038371034897863,0.0161961335688829,0.0149790290743112,-0.0047814003191888,0.0179932955652475,0.0002288294781465,0.0246875286102294,-0.0247026942670345,0.0296010319143533,-0.0016416439320892,0.0415549501776695,-0.008221716620028,-0.034616619348526,-0.0094742188230156,-0.0086594112217426,-0.0004782510222867,0.0143136158585548,0.0059808613732457,-0.0012995748547837,-0.003804990556091,-0.0083762956783175,0.0074003669433295,0.0363939926028251,0.0087677473202347,-0.0160972326993942,0.0023490362800657,-0.0218509081751108,-0.0051557864062488,-0.049190305173397,0.0157832317054271,-0.0150466449558734,-0.056818202137947,-0.0294977240264415,-0.0051634889096021,-0.0115472786128521,0.0101334620267152,-0.0391123406589031,-0.0225103553384542,-0.0125992633402347,0.0145180979743599,0.0066169798374176,0.0014804188394919,0.0159663781523704,0.0034491103142499,-0.0170704554766416,-0.0095752365887165,-0.0265344846993684,0.0009915942791849,-0.0199631825089454,-0.0108965439721941,-0.0551005490124225,0.003254909068346,0.0161412190645933,0.001247797277756,0.0007572588510811,-0.0142073705792427,-0.0042724800296127,0.0091024180874228,0.0140162901952862,-0.0107742501422762,-0.0043135797604918,-0.0055724726989865,0.0186094921082258,0.1311768144369125,0.0173547156155109,-0.0416572503745555,0.0114361783489584,0.0044642533175647,-0.0031814088579267,0.0285380408167839,-0.0423965007066726,0.0015919875586405,0.008706790395081,0.0093097146600484,0.0303429458290338,0.0,-0.0083725713193416,0.0040495004504919,0.0073801423422992,0.0085143903270363,0.0114636179059743,0.003776982659474,-0.0037185444962233,-0.0079681407660245,-0.0015910251531749,-0.0162873622030019,0.0443090125918388,0.0074846455827355,-0.1286196410655975,0.0063726739026606,0.001609478960745,0.0073923251041079,0.0111020806199286,0.0122355224339931,0.0224534416907264,0.0412949010696235,0.0232940101029615,0.0907469135647724,0.048581844615869,0.0820800719027421,0.1408493950714853,0.132296675524983,-0.098938183551578,2019-02-06,2019-02-07,2019-02-08,2019-02-11,2019-02-12,2019-02-13,2019-02-14,2019-02-15,2019-02-19,2019-02-20,14763.0,2019-02-05,252.0,5.0616%,-0.0007,1.0303,0.6794,-0.2281,1.6424%,2.0823%,37.7853%,0.045439,CTLT,14763.0,2019-02-06,252.0,0.6373%,-0.0006,0.9758,0.6967,-0.2805,1.6308%,2.0403%,36.1181%,0.008767,CTLT,14763.0,2019-02-07,252.0,0.1013%,-0.0003,1.0033,0.6561,-0.2729,1.5979%,2.0248%,37.7192%,0.011988,CTLT,14763.0,2019-02-08,252.0,0.4808%,-0.0003,1.0027,0.6662,-0.2689,1.5963%,2.0234%,37.7621%,0.001594,CTLT,14763.0,2019-02-11,252.0,0.7555%,-0.0003,1.0262,0.6473,-0.2668,1.5924%,2.0215%,37.9478%,0.002272,CTLT,14763.0,2019-02-12,252.0,2.0995%,-0.0003,1.037,0.6384,-0.2598,1.5910%,2.0256%,38.3095%,0.0063549999999999,CTLT,14763.0,2019-02-13,252.0,0.6854%,-0.0002,1.0412,0.6328,-0.2598,1.5904%,2.0259%,38.3771%,0.00365,CTLT,14763.0,2019-02-14,252.0,1.0941%,-0.0002,1.0392,0.6373,-0.2648,1.5912%,2.0269%,38.3649%,0.00823,CTLT,14763.0,2019-02-15,252.0,1.0822%,-0.0002,1.0361,0.6344,-0.27,1.5912%,2.0245%,38.2304%,-0.001343,CTLT,14763.0,2019-02-19,252.0,0.4997%,-0.0003,1.0309,0.6436,-0.2592,1.5872%,2.0154%,37.9783%,0.001898,CTLT,14763.0,2019-02-20,252.0,1.3021%,-0.0002,1.0332,0.6443,-0.2525,1.5876%,2.0157%,37.9658%,0.0109719999999999,CTLT,0.054206,0.066194,0.067788,0.076415,0.099822
34003,CATALENT INC,"Catalent Q2 EPS $0.45 Beats $0.37 Estimate, Sales $623M Beat $607.91M Estimate",6,increase,0.8,0.6,"the earnings per share and sales figures both exceeded analyst estimates, which typically signals positive performance and can lead to an increase in stock price.",2,2019-02-05,CTLT,2019-02-05 12:34:00+00:00,14763.0,14880610,0.050615943968296,1960818.0,0.0063726739026606,0.001609478960745,0.0010131944436579,0.0094773480668663,0.0048076575621962,0.0112267211079597,0.0075547532178461,0.0068927486427128,0.0209947563707828,-0.0060290824621915,0.0068544088862836,0.0136111574247479,0.0109409373253583,0.0112359980121254,0.0108224367722868,0.0082128886133432,0.0049965004436671,-0.0022604695986956,0.0130208143964409,-0.0061780740506947,-0.0058424863964319,0.0113604525104165,0.0244475994259119,0.0167484264820814,-0.0036714926827698,0.0164367891848087,-0.0128972269594669,0.0142899537459015,0.005133019760251,-0.0047407364472746,0.0032497534994035,-0.0038371034897863,0.0161961335688829,0.0149790290743112,-0.0047814003191888,0.0179932955652475,0.0002288294781465,0.0246875286102294,-0.0247026942670345,0.0296010319143533,-0.0016416439320892,0.0415549501776695,-0.008221716620028,-0.034616619348526,-0.0094742188230156,-0.0086594112217426,-0.0004782510222867,0.0143136158585548,0.0059808613732457,-0.0012995748547837,-0.003804990556091,-0.0083762956783175,0.0074003669433295,0.0363939926028251,0.0087677473202347,-0.0160972326993942,0.0023490362800657,-0.0218509081751108,-0.0051557864062488,-0.049190305173397,0.0157832317054271,-0.0150466449558734,-0.056818202137947,-0.0294977240264415,-0.0051634889096021,-0.0115472786128521,0.0101334620267152,-0.0391123406589031,-0.0225103553384542,-0.0125992633402347,0.0145180979743599,0.0066169798374176,0.0014804188394919,0.0159663781523704,0.0034491103142499,-0.0170704554766416,-0.0095752365887165,-0.0265344846993684,0.0009915942791849,-0.0199631825089454,-0.0108965439721941,-0.0551005490124225,0.003254909068346,0.0161412190645933,0.001247797277756,0.0007572588510811,-0.0142073705792427,-0.0042724800296127,0.0091024180874228,0.0140162901952862,-0.0107742501422762,-0.0043135797604918,-0.0055724726989865,0.0186094921082258,0.1311768144369125,0.0173547156155109,-0.0416572503745555,0.0114361783489584,0.0044642533175647,-0.0031814088579267,0.0285380408167839,-0.0423965007066726,0.0015919875586405,0.008706790395081,0.0093097146600484,0.0303429458290338,0.0,-0.0083725713193416,0.0040495004504919,0.0073801423422992,0.0085143903270363,0.0114636179059743,0.003776982659474,-0.0037185444962233,-0.0079681407660245,-0.0015910251531749,-0.0162873622030019,0.0443090125918388,0.0074846455827355,-0.1286196410655975,0.0063726739026606,0.001609478960745,0.0073923251041079,0.0111020806199286,0.0122355224339931,0.0224534416907264,0.0412949010696235,0.0232940101029615,0.0907469135647724,0.048581844615869,0.0820800719027421,0.1408493950714853,0.132296675524983,-0.098938183551578,2019-02-06,2019-02-07,2019-02-08,2019-02-11,2019-02-12,2019-02-13,2019-02-14,2019-02-15,2019-02-19,2019-02-20,14763.0,2019-02-05,252.0,5.0616%,-0.0007,1.0303,0.6794,-0.2281,1.6424%,2.0823%,37.7853%,0.045439,CTLT,14763.0,2019-02-06,252.0,0.6373%,-0.0006,0.9758,0.6967,-0.2805,1.6308%,2.0403%,36.1181%,0.008767,CTLT,14763.0,2019-02-07,252.0,0.1013%,-0.0003,1.0033,0.6561,-0.2729,1.5979%,2.0248%,37.7192%,0.011988,CTLT,14763.0,2019-02-08,252.0,0.4808%,-0.0003,1.0027,0.6662,-0.2689,1.5963%,2.0234%,37.7621%,0.001594,CTLT,14763.0,2019-02-11,252.0,0.7555%,-0.0003,1.0262,0.6473,-0.2668,1.5924%,2.0215%,37.9478%,0.002272,CTLT,14763.0,2019-02-12,252.0,2.0995%,-0.0003,1.037,0.6384,-0.2598,1.5910%,2.0256%,38.3095%,0.0063549999999999,CTLT,14763.0,2019-02-13,252.0,0.6854%,-0.0002,1.0412,0.6328,-0.2598,1.5904%,2.0259%,38.3771%,0.00365,CTLT,14763.0,2019-02-14,252.0,1.0941%,-0.0002,1.0392,0.6373,-0.2648,1.5912%,2.0269%,38.3649%,0.00823,CTLT,14763.0,2019-02-15,252.0,1.0822%,-0.0002,1.0361,0.6344,-0.27,1.5912%,2.0245%,38.2304%,-0.001343,CTLT,14763.0,2019-02-19,252.0,0.4997%,-0.0003,1.0309,0.6436,-0.2592,1.5872%,2.0154%,37.9783%,0.001898,CTLT,14763.0,2019-02-20,252.0,1.3021%,-0.0002,1.0332,0.6443,-0.2525,1.5876%,2.0157%,37.9658%,0.0109719999999999,CTLT,0.054206,0.066194,0.067788,0.076415,0.099822
34011,C T O REALTY GROWTH INC NEW,"Consolidated-Tomoka Land Q4 EPS $2.17 Beats $2.02 Estimate, Sales $33.23M Miss $36.35M Estimate",6,uncertain,0.6,0.3,"while the eps beat expectations, the sales miss could lead to mixed reactions from investors, making the overall impact on the stock price uncertain.",1,2019-02-05,CTO,2019-02-05 22:30:00+00:00,26650.0,22948Q10,0.0040983604267239,6689.0,-0.012408135458827,0.0104356650263071,-0.0046288818120956,-0.0114622693508863,0.0186324883252382,0.0217500291764736,-0.0053894827142357,0.0118503598496317,0.0106731969863176,-0.0075604966841638,-0.0097481478005647,-0.0078346589580178,-0.0114848362281918,-0.0095756649971008,-0.0036514725070446,0.0113541549071669,0.0119940238073468,-0.0157764852046966,-0.0041152262128889,-0.0424862429499626,0.0082644624635577,0.023844039067626,0.0,-0.0003221204387955,-0.0155737828463316,0.0284909922629594,0.0274771284312009,0.0187310259789228,-0.0115072783082723,-0.0072038918733596,-0.0309887379407882,0.0156542137265205,0.0236886888742446,0.0211989786475896,-0.0082644624635577,-0.0065596592612564,0.0006666819099336,0.0298666711896657,-0.0156562700867652,0.0309750474989414,0.0,0.0150697929784655,-0.0076141618192195,0.0080645214766263,0.0104006268084049,0.0156190413981676,0.0091124018654227,-0.0024700942449271,-0.0088628558441996,0.0309500861912965,-0.0231145415455102,-0.006422767881304,0.0096718054264783,0.0327638387680053,-0.0042764283716678,-0.0065894932486116,-0.0058409236371517,-0.0065462808124721,0.0136513030156493,-0.0303904935717582,0.002045668894425,-0.0104681998491287,-0.001190876122564,-0.0020892804022878,0.0095384325832128,-0.0246387179940938,0.0123165100812912,-0.0115363681688904,0.0038333258125931,-0.0160360243171453,0.0044828234240412,-0.0347826071083545,-0.0239669550210237,-0.0038115249481052,0.0060965386219322,-0.0101183354854583,0.0065645412541925,-0.0085019553080201,0.034280925989151,0.0408849790692329,0.0025869014207273,-0.0287089254707098,-0.009998369961977,0.002585276030004,0.0047239111736416,0.0143356584012508,-0.0273994579911232,-0.0093522844836115,-0.044340718537569,0.0085589811205863,0.0450025796890258,0.0130950575694441,0.0138541450724005,-0.0170464999973774,-0.007244030945003,0.0008705267100594,0.017247112467885,0.0134085798636078,0.0076622306369245,-0.0073554846458137,0.0069568078033626,-0.0052265338599681,0.007551372051239,-0.0111972047016024,0.0071759014390408,-0.0017197297420352,-0.0015832564095035,-0.0187309626489877,-0.0136378146708011,0.019965574145317,-0.0112540312111377,0.0039744176901876,0.0056910319253802,-0.0492853634059429,0.0024252471048384,0.0348047092556953,-0.0040322579443454,0.0056343148462474,-0.0050202650018036,0.0084366016089916,-0.012408135458827,0.0104356650263071,-0.0169795814783753,-0.0011462207279664,0.0013365349931997,0.0205788781142313,0.0065697112421203,0.0248655834880751,-0.0106016526561928,-0.0401258724936651,-0.040692448368653,0.1733025165557311,0.0047707975119126,0.0516557988961188,2019-02-06,2019-02-07,2019-02-08,2019-02-11,2019-02-12,2019-02-13,2019-02-14,2019-02-15,2019-02-19,2019-02-20,26650.0,2019-02-05,252.0,0.4098%,-0.0002,0.6115,0.7164,0.0996,1.5874%,1.7582%,18.4805%,0.00253,CTO,26650.0,2019-02-06,252.0,-1.2408%,-0.0003,0.6134,0.716,0.1,1.5889%,1.7558%,18.1080%,-0.011161,CTO,26650.0,2019-02-07,252.0,-0.4629%,-0.0002,0.6155,0.7126,0.1008,1.5887%,1.7560%,18.1460%,0.001517,CTO,26650.0,2019-02-08,252.0,1.8632%,-0.0001,0.612,0.7181,0.0897,1.5915%,1.7590%,18.1349%,0.018318,CTO,26650.0,2019-02-11,252.0,-0.5389%,-0.0003,0.6585,0.6588,0.082,1.5751%,1.7546%,19.4184%,-0.011292,CTO,26650.0,2019-02-12,252.0,1.0673%,-0.0003,0.6666,0.6498,0.0878,1.5733%,1.7554%,19.6738%,0.0016259999999999,CTO,26650.0,2019-02-13,252.0,-0.9748%,-0.0003,0.6642,0.6491,0.0848,1.5750%,1.7559%,19.5412%,-0.012166,CTO,26650.0,2019-02-14,252.0,-1.1485%,-0.0003,0.6676,0.6424,0.0914,1.5766%,1.7572%,19.5006%,-0.0130739999999999,CTO,26650.0,2019-02-15,252.0,-0.3651%,-0.0003,0.6692,0.6424,0.0922,1.5768%,1.7573%,19.4905%,-0.01334,CTO,26650.0,2019-02-19,252.0,1.1994%,-0.0003,0.6695,0.65,0.1006,1.5775%,1.7576%,19.4406%,0.008483,CTO,26650.0,2019-02-20,252.0,-0.4115%,-0.0003,0.6683,0.6509,0.0973,1.5773%,1.7574%,19.4459%,-0.007471,CTO,-0.008631,-0.007114,0.011204,0.001538,-0.03603
34019,C T S CORP,"CTS Corporation Sees FY19 Adj. EPS $1.50-$1.70 vs $1.62 Est., Sales $460M-$500M vs $479.85M Est.",6,uncertain,0.6,0.2,"while the adjusted eps guidance is slightly below estimates, the sales forecast range is also below expectations, leading to uncertainty about the overall market reaction.",1,2019-02-05,CTS,2019-02-05 13:04:00+00:00,28564.0,12650110,0.0352484993636608,260652.0,-0.0081716608256101,0.0132143152877688,-0.0116717563942074,-0.0130419749766588,0.0027787399012595,0.0139385741204023,0.0249393582344055,0.0174545291811227,0.0236566662788391,-0.01362981274724,0.0009903855388984,-0.0169252976775169,0.0148417139425873,0.0150322141125798,0.0217744577676057,0.0272058732807636,-0.0353053621947765,-0.0080233151093125,0.0220903418958187,-0.0143781313672661,-0.0009677640628069,0.0087019493803381,0.02163384296,-0.0075567103922367,0.0091656418517231,0.0083454810082912,0.0028186705894768,0.0003629847196862,-0.0012492478126659,-0.0007254427764564,0.0043777171522378,0.0018168326932936,0.0003113990242127,0.0087976455688476,-0.0183629039674997,0.0167722981423139,-0.0193405393511056,0.0295472163707017,-0.0223084557801485,0.0191630721092224,-0.0033068908378481,0.0187250711023807,0.0023224849719554,-0.0286377612501382,0.0248262174427509,-0.0019312181975692,-0.0003229432040825,0.0046565360389649,0.0025848117657005,0.0275119822472333,-0.0029004532843828,-0.0051485178992152,-0.0029126263689249,0.0459817983210086,0.004868536721915,-0.0130825722590088,-0.0025839768350124,-0.0381439737975597,-0.0068004885688424,-0.0200385525822639,0.0169546939432621,-0.0248026996850967,-0.0596345178782939,-0.0007509782444685,0.0034094913862645,-0.0029951301403343,0.0054366239346563,-0.0241140574216842,-0.0182494390755891,-0.0115565070882439,0.008605851791799,0.0105839753523469,0.0023891332093626,-0.0010937181068584,0.0132788345217704,-0.0043556783348321,-0.0006720583769492,-0.0178253129124641,0.0184936504811048,-0.0067280642688274,-0.0016507474938407,-0.0526668801903724,0.0138888917863369,0.0275766719132661,0.0022830951493233,0.0003448354837018,-0.0139928506687283,-0.013605429790914,0.0188119336962699,0.0326659753918647,-0.0110139343887567,-0.0155601920560002,0.0026203708257526,0.003818139899522,-0.0026135223452001,-0.0062090479768812,0.004913187585771,0.0276497956365346,0.0208604745566844,0.0202531460672617,0.0134099638089537,-0.018110804259777,-0.0233144219964742,0.0133141027763485,0.0203225538134574,0.0304042138159275,-0.015491615049541,-0.0149744283407926,-0.0404624342918396,0.0021961736492812,0.0043507721275091,-0.0228898208588361,-0.0006664597894996,-0.030849264934659,-0.0013337448472157,0.0230496320873498,-0.0010016923770308,0.0085837515071034,-0.0036764910910278,0.0302136968821287,-0.0081716608256101,0.0132143152877688,-0.019748039585325,-4.582066948088936e-10,-0.0170241743496328,0.0139385736558088,0.0313244810868518,0.0175753832030352,0.0554987765302572,0.0197699912473352,0.0456146219627353,0.0949998867001136,0.0162951172901761,0.046987791269756,2019-02-06,2019-02-07,2019-02-08,2019-02-11,2019-02-12,2019-02-13,2019-02-14,2019-02-15,2019-02-19,2019-02-20,28564.0,2019-02-05,252.0,3.5248%,0.0001,0.87,1.2059,-0.0482,1.1697%,1.6616%,50.4393%,0.0322169999999999,CTS,28564.0,2019-02-06,252.0,-0.8172%,0.0002,0.8305,1.2187,-0.0881,1.1607%,1.6340%,49.5429%,-0.0062029999999999,CTS,28564.0,2019-02-07,252.0,-1.1672%,0.0001,0.8313,1.2187,-0.0886,1.1608%,1.6352%,49.6093%,-0.002121,CTS,28564.0,2019-02-08,252.0,0.2779%,0.0002,0.831,1.2233,-0.0866,1.1603%,1.6352%,49.6494%,0.0007099999999999,CTS,28564.0,2019-02-11,252.0,2.4939%,0.0002,0.8296,1.2459,-0.0751,1.1642%,1.6350%,49.2961%,0.015801,CTS,28564.0,2019-02-12,252.0,2.3657%,0.0003,0.8438,1.2361,-0.0661,1.1631%,1.6401%,49.7054%,0.0118979999999999,CTS,28564.0,2019-02-13,252.0,0.0990%,0.0004,0.8455,1.2322,-0.0674,1.1629%,1.6401%,49.7248%,-0.002168,CTS,28564.0,2019-02-14,252.0,1.4842%,0.0004,0.8439,1.2376,-0.0742,1.1633%,1.6422%,49.8235%,0.009719,CTS,28564.0,2019-02-15,252.0,2.1774%,0.0005,0.8617,1.2546,-0.0439,1.1610%,1.6475%,50.3410%,0.009401,CTS,28564.0,2019-02-19,252.0,-3.5305%,0.0004,0.8539,1.2286,-0.0725,1.1893%,1.6626%,48.8364%,-0.040549,CTS,28564.0,2019-02-20,252.0,2.2090%,0.0004,0.8591,1.2415,-0.0536,1.1943%,1.6681%,48.7385%,0.018064,CTS,0.0260139999999999,0.0238929999999999,0.0246029999999999,0.0523019999999999,0.0467689999999999
34027,C T S CORP,"CTS Q4 EPS $0.41 Misses $0.42 Estimate, Sales $120.1M Beat $119.11M Estimate",6,decrease,0.7,0.5,"the earnings per share (eps) miss is likely to weigh more heavily on investor sentiment than the sales beat, leading to a potential decrease in stock price.",0,2019-02-05,CTS,2019-02-05 13:03:00+00:00,28564.0,12650110,0.0352484993636608,260652.0,-0.0081716608256101,0.0132143152877688,-0.0116717563942074,-0.0130419749766588,0.0027787399012595,0.0139385741204023,0.0249393582344055,0.0174545291811227,0.0236566662788391,-0.01362981274724,0.0009903855388984,-0.0169252976775169,0.0148417139425873,0.0150322141125798,0.0217744577676057,0.0272058732807636,-0.0353053621947765,-0.0080233151093125,0.0220903418958187,-0.0143781313672661,-0.0009677640628069,0.0087019493803381,0.02163384296,-0.0075567103922367,0.0091656418517231,0.0083454810082912,0.0028186705894768,0.0003629847196862,-0.0012492478126659,-0.0007254427764564,0.0043777171522378,0.0018168326932936,0.0003113990242127,0.0087976455688476,-0.0183629039674997,0.0167722981423139,-0.0193405393511056,0.0295472163707017,-0.0223084557801485,0.0191630721092224,-0.0033068908378481,0.0187250711023807,0.0023224849719554,-0.0286377612501382,0.0248262174427509,-0.0019312181975692,-0.0003229432040825,0.0046565360389649,0.0025848117657005,0.0275119822472333,-0.0029004532843828,-0.0051485178992152,-0.0029126263689249,0.0459817983210086,0.004868536721915,-0.0130825722590088,-0.0025839768350124,-0.0381439737975597,-0.0068004885688424,-0.0200385525822639,0.0169546939432621,-0.0248026996850967,-0.0596345178782939,-0.0007509782444685,0.0034094913862645,-0.0029951301403343,0.0054366239346563,-0.0241140574216842,-0.0182494390755891,-0.0115565070882439,0.008605851791799,0.0105839753523469,0.0023891332093626,-0.0010937181068584,0.0132788345217704,-0.0043556783348321,-0.0006720583769492,-0.0178253129124641,0.0184936504811048,-0.0067280642688274,-0.0016507474938407,-0.0526668801903724,0.0138888917863369,0.0275766719132661,0.0022830951493233,0.0003448354837018,-0.0139928506687283,-0.013605429790914,0.0188119336962699,0.0326659753918647,-0.0110139343887567,-0.0155601920560002,0.0026203708257526,0.003818139899522,-0.0026135223452001,-0.0062090479768812,0.004913187585771,0.0276497956365346,0.0208604745566844,0.0202531460672617,0.0134099638089537,-0.018110804259777,-0.0233144219964742,0.0133141027763485,0.0203225538134574,0.0304042138159275,-0.015491615049541,-0.0149744283407926,-0.0404624342918396,0.0021961736492812,0.0043507721275091,-0.0228898208588361,-0.0006664597894996,-0.030849264934659,-0.0013337448472157,0.0230496320873498,-0.0010016923770308,0.0085837515071034,-0.0036764910910278,0.0302136968821287,-0.0081716608256101,0.0132143152877688,-0.019748039585325,-4.582066948088936e-10,-0.0170241743496328,0.0139385736558088,0.0313244810868518,0.0175753832030352,0.0554987765302572,0.0197699912473352,0.0456146219627353,0.0949998867001136,0.0162951172901761,0.046987791269756,2019-02-06,2019-02-07,2019-02-08,2019-02-11,2019-02-12,2019-02-13,2019-02-14,2019-02-15,2019-02-19,2019-02-20,28564.0,2019-02-05,252.0,3.5248%,0.0001,0.87,1.2059,-0.0482,1.1697%,1.6616%,50.4393%,0.0322169999999999,CTS,28564.0,2019-02-06,252.0,-0.8172%,0.0002,0.8305,1.2187,-0.0881,1.1607%,1.6340%,49.5429%,-0.0062029999999999,CTS,28564.0,2019-02-07,252.0,-1.1672%,0.0001,0.8313,1.2187,-0.0886,1.1608%,1.6352%,49.6093%,-0.002121,CTS,28564.0,2019-02-08,252.0,0.2779%,0.0002,0.831,1.2233,-0.0866,1.1603%,1.6352%,49.6494%,0.0007099999999999,CTS,28564.0,2019-02-11,252.0,2.4939%,0.0002,0.8296,1.2459,-0.0751,1.1642%,1.6350%,49.2961%,0.015801,CTS,28564.0,2019-02-12,252.0,2.3657%,0.0003,0.8438,1.2361,-0.0661,1.1631%,1.6401%,49.7054%,0.0118979999999999,CTS,28564.0,2019-02-13,252.0,0.0990%,0.0004,0.8455,1.2322,-0.0674,1.1629%,1.6401%,49.7248%,-0.002168,CTS,28564.0,2019-02-14,252.0,1.4842%,0.0004,0.8439,1.2376,-0.0742,1.1633%,1.6422%,49.8235%,0.009719,CTS,28564.0,2019-02-15,252.0,2.1774%,0.0005,0.8617,1.2546,-0.0439,1.1610%,1.6475%,50.3410%,0.009401,CTS,28564.0,2019-02-19,252.0,-3.5305%,0.0004,0.8539,1.2286,-0.0725,1.1893%,1.6626%,48.8364%,-0.040549,CTS,28564.0,2019-02-20,252.0,2.2090%,0.0004,0.8591,1.2415,-0.0536,1.1943%,1.6681%,48.7385%,0.018064,CTS,0.0260139999999999,0.0238929999999999,0.0246029999999999,0.0523019999999999,0.0467689999999999
34035,COMMVAULT SYSTEMS INC,"Commvault Reports Chair, Pres, CEO Bob Hammer To Retire; Sanjay Mirchandani Named Replacement; Nick Adamo Named Replacement As Chair; Hammer Will Remain As Chair Emeritus",6,uncertain,0.6,0.3,"leadership changes can lead to uncertainty in a company's direction, which may affect investor sentiment both positively and negatively.",1,2019-02-05,CVLT,2019-02-05 12:32:00+00:00,91463.0,20416610,0.0014781740028411,381722.0,0.0081181265413761,0.0237590745091438,-0.0079063083976507,0.000151386950165,0.0088547589257359,0.0060910847969353,-0.0266237519681453,0.0354777686297893,0.0169822257012128,0.0300470758229494,0.0014777372125536,-0.011400113813579,0.0008854240877553,-0.008280262351036,0.0035382257774472,0.0001592342887306,0.0074923187494277,0.0007969275466166,-0.0080198748037219,0.0033584344200789,0.0054388176649808,0.008060616441071,-0.0095029463991522,0.007798530627042,-0.011512896977365,0.0076947836205363,0.0086606219410896,0.0146179581061005,-0.001628432306461,-0.0144073516130447,-0.0007414449937641,0.0044400664046406,0.0016322986921295,0.0051239896565675,-0.0145185682922601,0.0095110908150672,-0.016536358743906,0.0251454189419746,-0.014521506614983,0.0068893851712346,0.0034124588128179,0.0408749133348465,-0.0074200546368956,-0.0288997199386358,0.0191559474915266,-0.0279235318303108,0.0010696774115785,0.0228492245078086,-0.0059532802551984,-0.0104487938806414,-0.0004607863666024,0.0133657427504658,-0.0070671243593096,0.0672471523284912,0.0071174236945807,-0.0231632068753242,0.011368959210813,-0.0472414083778858,-0.0047091776505112,-0.0001723551395116,0.0178572330623865,0.0170055646449327,-0.0326885618269443,0.0187533348798751,-0.0130212977528572,-0.0130442073568701,0.0185330659151077,-0.0218965597450733,-0.0053970469161868,0.0013812470715492,-0.0038759689778089,0.0118797430768609,0.0076264259405434,0.0172383375465869,0.0135929090902209,0.0005334064480848,-0.0504419580101966,-0.0186703838407993,0.0141228893771767,0.0107583878561854,-0.0009494787082076,-0.0282775964587926,-0.0020592596847563,-0.0100101828575134,0.0,0.0078659215942025,0.0080952113494277,-0.006118297111243,-0.0015745311975479,0.0270553193986415,0.0045734257437288,-0.0041716992855072,-0.0089481901377439,-0.000521240348462,0.006969722919166,0.0029622230213135,-0.0140003049746155,0.0312668085098266,-0.0189852993935346,-0.0030454706866294,-0.003577837254852,-0.0448322892189025,0.0021217735484242,-0.0069668623618781,0.0118892434984445,0.0249042212963104,-0.008047642186284,-0.0076046050526201,-0.0056790895760059,-0.0066952686756849,0.0029373418074101,-0.0200201664119958,0.0009762670961208,-0.0080106733366847,-0.1449935287237167,-0.0072896359488368,0.0,0.0274042654782533,-0.005323170684278,0.0068552107550203,0.0081181265413761,0.0237590745091438,0.0001476337316781,0.0239140582731376,0.0090036999185174,0.0301508056268535,-0.0011808371705458,0.0987494209878678,0.0041328252613312,0.0818807425745777,-0.0329151768171364,0.1661783089070789,-0.2277490789589596,0.1593830968202843,2019-02-06,2019-02-07,2019-02-08,2019-02-11,2019-02-12,2019-02-13,2019-02-14,2019-02-15,2019-02-19,2019-02-20,91463.0,2019-02-05,252.0,0.1478%,0.0007,0.7282,0.3843,-0.7834,1.4210%,1.8211%,39.1101%,-0.006177,CVLT,91463.0,2019-02-06,252.0,0.8118%,0.0007,0.7231,0.3857,-0.787,1.4222%,1.8149%,38.5905%,0.0102069999999999,CVLT,91463.0,2019-02-07,252.0,-0.7906%,0.0008,0.7271,0.38,-0.786,1.4215%,1.8157%,38.7081%,0.00229,CVLT,91463.0,2019-02-08,252.0,0.8855%,0.0008,0.7268,0.379,-0.7878,1.4215%,1.8162%,38.7441%,0.002487,CVLT,91463.0,2019-02-11,252.0,-2.6624%,0.0007,0.7033,0.3618,-0.8095,1.4306%,1.8056%,37.2236%,-0.028431,CVLT,91463.0,2019-02-12,252.0,1.6982%,0.0007,0.7102,0.3568,-0.8051,1.4303%,1.8083%,37.4380%,0.005869,CVLT,91463.0,2019-02-13,252.0,0.1478%,0.0007,0.7078,0.3605,-0.8047,1.4300%,1.8059%,37.3009%,-0.000261,CVLT,91463.0,2019-02-14,252.0,0.0885%,0.0007,0.7082,0.3574,-0.8001,1.4287%,1.8036%,37.2482%,-0.0042699999999999,CVLT,91463.0,2019-02-15,252.0,0.3538%,0.0006,0.6984,0.3484,-0.8163,1.4274%,1.8003%,37.1412%,-0.001618,CVLT,91463.0,2019-02-19,252.0,0.7492%,0.0007,0.7015,0.3503,-0.8144,1.4276%,1.8001%,37.1042%,0.0075039999999999,CVLT,91463.0,2019-02-20,252.0,-0.8020%,0.0006,0.7002,0.35,-0.8182,1.4278%,1.8007%,37.1318%,-0.005744,CVLT,0.0040299999999999,0.0063199999999999,0.0088069999999999,-0.013755,-0.018144
34043,SPDR DOW JONES IND AVG ETF TRUST,"While 'Baby Bears' Are Hibernating, Some Think Goldilocks Growth Phase Is Next",6,uncertain,0.6,0.2,"the mention of a potential 'goldilocks growth phase' suggests optimism, but the reference to 'baby bears' hibernating indicates caution, leading to uncertainty in the etf's stock price movement.",1,2019-02-05,DIA,2019-02-05 16:40:00+00:00,85765.0,78467X10,0.006499680224806,3090516.0,-0.0003544321807567,0.0073459423147141,-0.0077598821371793,0.0014393116580322,-0.0023024477995932,-0.0002398175711277,-0.0015120359603315,0.0181921198964119,0.0143061941489577,0.0024887826293706,0.004989605396986,-0.009256612509489,-0.0025019522290676,0.0078217219561338,0.0164131131023168,-0.0010174182243645,0.0006186107057146,0.0070491852238774,0.0026660580188035,-0.0123456912115216,-0.0037379623390734,0.0140436831861734,0.0063436143100261,0.0080211795866489,0.0027674259617924,0.0050698188133537,-0.0013415849534794,0.0071147438138723,-0.0025716335512697,-0.003918636124581,-0.0022703518625348,-0.0004999796510674,0.004396847449243,0.0045203492045402,-0.0082175508141517,0.0042030937038362,-0.0003484448534436,0.0108769442886114,-0.0051125423051416,0.0046098763123154,-0.0080196112394332,0.0333450846374034,-0.0003924133488908,-0.0284538883715868,0.0080483807250857,0.0006861220463179,-0.0035052543971687,0.0118014635518193,0.005823518615216,-0.0033728219568729,0.0007383036427199,0.0111494371667504,0.0052210441790521,0.0486474111676216,0.0025160405784845,-0.0267302878201007,-0.0004246702883392,-0.0182797983288765,-0.0061418274417519,-0.0194070730358362,0.0089003769680857,-0.0165992695838213,-0.0177979040890932,0.0039335447363555,0.0004314426041673,-0.0206693951040506,0.0054494221694767,-0.0196938570588827,-0.0013647590531036,0.0015861371066421,0.003787440015003,0.0067559643648564,0.0079742427915334,-0.0019615502096712,0.0125805959105491,0.001637301640585,-0.002667831024155,-0.0216642785817384,0.0011845984263345,-0.0040282155387103,0.0067938882857561,-0.0309203211218118,0.0014406129484996,0.0126023115590214,-0.0035584585275501,0.0075712692923843,-0.0064964345656335,-0.0009848723420873,0.000344141095411,0.0256161466240882,-0.0007645726436749,0.0045050554908812,0.0102142831310629,0.0147440461441874,-0.0009846243774518,-0.0075209336355328,0.0027292415034025,0.0006134719587862,0.0,-0.0214520152658224,0.0044893538579344,-0.0164928250014782,-0.001845120685175,0.00565074570477,0.0053193634375929,0.0092064784839749,-0.0021014618687331,-0.0084959845989942,-0.0052271909080445,-0.0045629912056028,0.0030620254110544,-0.0225690919905901,0.0003768979513552,-0.0076688658446073,0.001318588387221,0.0012224285164847,-0.0061703398823738,0.021660178899765,-0.0048078326508402,0.0068768286146223,-0.0003544321807567,0.0073459423147141,-0.0081115639659877,0.0087958270731591,-0.0103953353129762,0.0085539001081467,0.0022444166977111,0.0294573685286365,0.0245718486761763,0.0213317304486857,0.0179878786555609,0.0847039231972168,0.0407222800804067,-0.0027096733280961,2019-02-06,2019-02-07,2019-02-08,2019-02-11,2019-02-12,2019-02-13,2019-02-14,2019-02-15,2019-02-19,2019-02-20,85765.0,2019-02-05,252.0,0.6500%,0.0001,1.0175,-0.2735,0.1203,0.2492%,1.1576%,95.3657%,0.002546,DIA,85765.0,2019-02-06,252.0,-0.0354%,0.0001,1.0137,-0.2723,0.1168,0.2490%,1.1207%,95.0629%,0.0016719999999999,DIA,85765.0,2019-02-07,252.0,-0.7760%,0.0001,1.0106,-0.2686,0.1165,0.2470%,1.1123%,95.0707%,0.000758,DIA,85765.0,2019-02-08,252.0,-0.2302%,0.0001,1.0112,-0.2717,0.1168,0.2461%,1.1124%,95.1050%,-0.002374,DIA,85765.0,2019-02-11,252.0,-0.1512%,0.0001,1.0083,-0.2712,0.1156,0.2460%,1.0822%,94.8327%,-0.001503,DIA,85765.0,2019-02-12,252.0,1.4306%,0.0001,1.0096,-0.2723,0.1164,0.2459%,1.0823%,94.8403%,0.000744,DIA,85765.0,2019-02-13,252.0,0.4990%,0.0001,1.0088,-0.2702,0.1173,0.2458%,1.0775%,94.7982%,0.0021449999999999,DIA,85765.0,2019-02-14,252.0,-0.2502%,0.0001,1.0086,-0.2693,0.1162,0.2458%,1.0776%,94.7963%,0.001602,DIA,85765.0,2019-02-15,252.0,1.6413%,0.0001,1.0154,-0.2626,0.128,0.2462%,1.0803%,94.8078%,0.005032,DIA,85765.0,2019-02-19,252.0,0.0619%,0.0001,1.0149,-0.263,0.1276,0.2462%,1.0774%,94.7770%,-0.001033,DIA,85765.0,2019-02-20,252.0,0.2666%,0.0001,1.015,-0.2632,0.1277,0.2462%,1.0775%,94.7790%,0.000514,DIA,0.0042179999999999,0.0049759999999999,0.0026019999999999,0.0018429999999999,0.010103
34051,SPDR DOW JONES IND AVG ETF TRUST,This Day In Market History: Peak Tulip Mania,6,uncertain,0.5,0.5,"the reference to 'peak tulip mania' suggests a historical market bubble, which could evoke concerns about current market valuations, leading to uncertainty in the etf's stock price.",1,2019-02-05,DIA,2019-02-05 12:35:00+00:00,85765.0,78467X10,0.006499680224806,3090516.0,-0.0003544321807567,0.0073459423147141,-0.0077598821371793,0.0014393116580322,-0.0023024477995932,-0.0002398175711277,-0.0015120359603315,0.0181921198964119,0.0143061941489577,0.0024887826293706,0.004989605396986,-0.009256612509489,-0.0025019522290676,0.0078217219561338,0.0164131131023168,-0.0010174182243645,0.0006186107057146,0.0070491852238774,0.0026660580188035,-0.0123456912115216,-0.0037379623390734,0.0140436831861734,0.0063436143100261,0.0080211795866489,0.0027674259617924,0.0050698188133537,-0.0013415849534794,0.0071147438138723,-0.0025716335512697,-0.003918636124581,-0.0022703518625348,-0.0004999796510674,0.004396847449243,0.0045203492045402,-0.0082175508141517,0.0042030937038362,-0.0003484448534436,0.0108769442886114,-0.0051125423051416,0.0046098763123154,-0.0080196112394332,0.0333450846374034,-0.0003924133488908,-0.0284538883715868,0.0080483807250857,0.0006861220463179,-0.0035052543971687,0.0118014635518193,0.005823518615216,-0.0033728219568729,0.0007383036427199,0.0111494371667504,0.0052210441790521,0.0486474111676216,0.0025160405784845,-0.0267302878201007,-0.0004246702883392,-0.0182797983288765,-0.0061418274417519,-0.0194070730358362,0.0089003769680857,-0.0165992695838213,-0.0177979040890932,0.0039335447363555,0.0004314426041673,-0.0206693951040506,0.0054494221694767,-0.0196938570588827,-0.0013647590531036,0.0015861371066421,0.003787440015003,0.0067559643648564,0.0079742427915334,-0.0019615502096712,0.0125805959105491,0.001637301640585,-0.002667831024155,-0.0216642785817384,0.0011845984263345,-0.0040282155387103,0.0067938882857561,-0.0309203211218118,0.0014406129484996,0.0126023115590214,-0.0035584585275501,0.0075712692923843,-0.0064964345656335,-0.0009848723420873,0.000344141095411,0.0256161466240882,-0.0007645726436749,0.0045050554908812,0.0102142831310629,0.0147440461441874,-0.0009846243774518,-0.0075209336355328,0.0027292415034025,0.0006134719587862,0.0,-0.0214520152658224,0.0044893538579344,-0.0164928250014782,-0.001845120685175,0.00565074570477,0.0053193634375929,0.0092064784839749,-0.0021014618687331,-0.0084959845989942,-0.0052271909080445,-0.0045629912056028,0.0030620254110544,-0.0225690919905901,0.0003768979513552,-0.0076688658446073,0.001318588387221,0.0012224285164847,-0.0061703398823738,0.021660178899765,-0.0048078326508402,0.0068768286146223,-0.0003544321807567,0.0073459423147141,-0.0081115639659877,0.0087958270731591,-0.0103953353129762,0.0085539001081467,0.0022444166977111,0.0294573685286365,0.0245718486761763,0.0213317304486857,0.0179878786555609,0.0847039231972168,0.0407222800804067,-0.0027096733280961,2019-02-06,2019-02-07,2019-02-08,2019-02-11,2019-02-12,2019-02-13,2019-02-14,2019-02-15,2019-02-19,2019-02-20,85765.0,2019-02-05,252.0,0.6500%,0.0001,1.0175,-0.2735,0.1203,0.2492%,1.1576%,95.3657%,0.002546,DIA,85765.0,2019-02-06,252.0,-0.0354%,0.0001,1.0137,-0.2723,0.1168,0.2490%,1.1207%,95.0629%,0.0016719999999999,DIA,85765.0,2019-02-07,252.0,-0.7760%,0.0001,1.0106,-0.2686,0.1165,0.2470%,1.1123%,95.0707%,0.000758,DIA,85765.0,2019-02-08,252.0,-0.2302%,0.0001,1.0112,-0.2717,0.1168,0.2461%,1.1124%,95.1050%,-0.002374,DIA,85765.0,2019-02-11,252.0,-0.1512%,0.0001,1.0083,-0.2712,0.1156,0.2460%,1.0822%,94.8327%,-0.001503,DIA,85765.0,2019-02-12,252.0,1.4306%,0.0001,1.0096,-0.2723,0.1164,0.2459%,1.0823%,94.8403%,0.000744,DIA,85765.0,2019-02-13,252.0,0.4990%,0.0001,1.0088,-0.2702,0.1173,0.2458%,1.0775%,94.7982%,0.0021449999999999,DIA,85765.0,2019-02-14,252.0,-0.2502%,0.0001,1.0086,-0.2693,0.1162,0.2458%,1.0776%,94.7963%,0.001602,DIA,85765.0,2019-02-15,252.0,1.6413%,0.0001,1.0154,-0.2626,0.128,0.2462%,1.0803%,94.8078%,0.005032,DIA,85765.0,2019-02-19,252.0,0.0619%,0.0001,1.0149,-0.263,0.1276,0.2462%,1.0774%,94.7770%,-0.001033,DIA,85765.0,2019-02-20,252.0,0.2666%,0.0001,1.015,-0.2632,0.1277,0.2462%,1.0775%,94.7790%,0.000514,DIA,0.0042179999999999,0.0049759999999999,0.0026019999999999,0.0018429999999999,0.010103
34059,DIGITAL REALTY TRUST INC,"Digital Realty Sees FY19 EPS $1.40-$1.45 vs $1.19 Est., Sees Constant Currency Core FFO $6.65-$6.85",6,increase,0.75,0.6,"the forecasted eps is higher than the estimate, which typically signals positive financial performance and can lead to an increase in stock price.",2,2019-02-05,DLR,2019-02-05 21:53:00+00:00,90373.0,25386810,0.0141837764531374,1634643.0,-0.0264368876814842,0.0066322884522378,0.0199258718639612,0.0020306555088609,0.0206269565969705,0.008470594882965,0.0081018842756748,0.0073136310093104,-0.0143071860074996,0.0089877443388104,0.0051966835744678,0.0146875185891985,0.0144397458061575,0.0007685832679271,0.0107196317985653,0.0005767332622781,0.0119969127699732,-0.0101807778701186,0.0178678296506404,-0.0200466345995664,-0.0178917646408081,0.0059088091365993,0.0182177107781171,-0.0029923291876912,-0.0116465296596288,-0.0032621724531054,-0.0176756866276264,0.0073232445865869,-0.0077364342287182,-0.0012190290726721,-0.0090232044458389,0.0148458080366253,0.0135254487395286,0.0319159366190433,-0.0109027475118637,-0.051332164555788,-0.002292787656188,0.0107344575226306,-0.0051264083012938,0.0132620874792337,0.0007996088243089,0.0208434741944074,-0.0058588874526321,-0.0050392891280353,0.0174123104661703,-0.0315344966948032,0.007547837216407,0.0045253452844917,0.0101916212588548,0.0120217744261026,0.0041390149854123,0.0012418538099154,-0.0012134817661717,0.0221657697111368,0.0034712650813162,-0.0347784608602523,0.0,0.0,0.0081293992698192,-0.0222099684178829,0.0243630781769752,-0.0044953930191695,-0.0024286150000989,0.013859155587852,-0.0119208004325628,-0.0595696084201335,0.0101104713976383,-0.0090152649208903,-0.0010093594901263,0.006660918239504,0.007325105369091,-0.0101892491802573,-0.0053493762388825,0.0037817142438143,0.0086554521694779,0.0054441518150269,0.0139965033158659,-0.0100940996780991,-0.0004107749846298,0.0290493238717317,0.0022192720789462,-0.019760126248002,0.003936712630093,0.0073887212201952,-0.0081692673265933,0.0118743814527988,-0.0072482074610888,0.0041512208990752,0.0120302382856607,0.0148799186572432,-0.0021315144840627,0.0077687501907348,0.0082977497950196,0.0120680173859,-0.0067628272809088,0.0015566172078251,-0.0232157651335001,0.0112036950886249,0.0004199466784484,-0.0359724983572959,0.0111651625484228,0.0055649862624704,-0.0088833514600992,0.0016182711115106,-0.0174233056604862,-0.0034939919132739,0.0167092848569154,-0.0046370308846235,0.0046117343008518,0.005199012812227,-0.0252065490931272,0.0084975119680166,0.0028256000950932,-0.0123214041814208,0.0050375368446111,0.0007148126605898,-0.0005946792662143,0.0064748311415314,0.0098606226965785,0.0065169585868716,-0.0264368876814842,0.0066322884522378,-0.0070377938539462,0.0086764118541806,0.0134439944746604,0.0172205011070003,0.0070377951724536,0.0338694593090356,0.06911482406952,0.0189277260367963,0.06163702115401,0.0070960874279304,0.0819463153146797,-0.0022016341712057,2019-02-06,2019-02-07,2019-02-08,2019-02-11,2019-02-12,2019-02-13,2019-02-14,2019-02-15,2019-02-19,2019-02-20,90373.0,2019-02-05,252.0,1.4184%,0.0002,0.5018,-0.4566,-0.1917,1.3606%,1.5094%,18.7367%,0.010439,DLR,90373.0,2019-02-06,252.0,-2.6437%,0.0002,0.4877,-0.4516,-0.2091,1.3689%,1.5056%,17.3305%,-0.025344,DLR,90373.0,2019-02-07,252.0,1.9926%,0.0003,0.487,-0.4612,-0.2023,1.3762%,1.5106%,17.0024%,0.02459,DLR,90373.0,2019-02-08,252.0,2.0627%,0.0004,0.4838,-0.4667,-0.2193,1.3811%,1.5157%,16.9718%,0.018923,DLR,90373.0,2019-02-11,252.0,0.8102%,0.0005,0.4489,-0.4192,-0.2119,1.3708%,1.4823%,14.4841%,0.010909,DLR,90373.0,2019-02-12,252.0,-1.4307%,0.0004,0.4234,-0.4023,-0.2279,1.3686%,1.4714%,13.4852%,-0.020788,DLR,90373.0,2019-02-13,252.0,0.5197%,0.0003,0.4152,-0.3868,-0.2242,1.3634%,1.4616%,12.9816%,0.004312,DLR,90373.0,2019-02-14,252.0,1.4440%,0.0004,0.4116,-0.3782,-0.2337,1.3669%,1.4642%,12.8470%,0.015923,DLR,90373.0,2019-02-15,252.0,1.0720%,0.0004,0.4193,-0.3705,-0.22,1.3676%,1.4656%,12.9247%,0.008036,DLR,90373.0,2019-02-19,252.0,1.1997%,0.0005,0.4237,-0.3654,-0.2147,1.3694%,1.4673%,12.9087%,0.012835,DLR,90373.0,2019-02-20,252.0,1.7868%,0.0007,0.4316,-0.3347,-0.183,1.3611%,1.4578%,12.8261%,0.018948,DLR,-0.014905,0.009685,0.028608,0.018729,0.0787829999999999
34067,DIGITAL REALTY TRUST INC,"Digital Realty Trust Q4 Core FFO $1.68 Up From $1.55 YoY, Sales $778.27M Up From $731.445M YoY",6,increase,0.8,0.7,"the increase in core ffo and sales year-over-year suggests strong financial performance, which is likely to positively influence investor sentiment and drive the stock price up.",2,2019-02-05,DLR,2019-02-05 21:50:00+00:00,90373.0,25386810,0.0141837764531374,1634643.0,-0.0264368876814842,0.0066322884522378,0.0199258718639612,0.0020306555088609,0.0206269565969705,0.008470594882965,0.0081018842756748,0.0073136310093104,-0.0143071860074996,0.0089877443388104,0.0051966835744678,0.0146875185891985,0.0144397458061575,0.0007685832679271,0.0107196317985653,0.0005767332622781,0.0119969127699732,-0.0101807778701186,0.0178678296506404,-0.0200466345995664,-0.0178917646408081,0.0059088091365993,0.0182177107781171,-0.0029923291876912,-0.0116465296596288,-0.0032621724531054,-0.0176756866276264,0.0073232445865869,-0.0077364342287182,-0.0012190290726721,-0.0090232044458389,0.0148458080366253,0.0135254487395286,0.0319159366190433,-0.0109027475118637,-0.051332164555788,-0.002292787656188,0.0107344575226306,-0.0051264083012938,0.0132620874792337,0.0007996088243089,0.0208434741944074,-0.0058588874526321,-0.0050392891280353,0.0174123104661703,-0.0315344966948032,0.007547837216407,0.0045253452844917,0.0101916212588548,0.0120217744261026,0.0041390149854123,0.0012418538099154,-0.0012134817661717,0.0221657697111368,0.0034712650813162,-0.0347784608602523,0.0,0.0,0.0081293992698192,-0.0222099684178829,0.0243630781769752,-0.0044953930191695,-0.0024286150000989,0.013859155587852,-0.0119208004325628,-0.0595696084201335,0.0101104713976383,-0.0090152649208903,-0.0010093594901263,0.006660918239504,0.007325105369091,-0.0101892491802573,-0.0053493762388825,0.0037817142438143,0.0086554521694779,0.0054441518150269,0.0139965033158659,-0.0100940996780991,-0.0004107749846298,0.0290493238717317,0.0022192720789462,-0.019760126248002,0.003936712630093,0.0073887212201952,-0.0081692673265933,0.0118743814527988,-0.0072482074610888,0.0041512208990752,0.0120302382856607,0.0148799186572432,-0.0021315144840627,0.0077687501907348,0.0082977497950196,0.0120680173859,-0.0067628272809088,0.0015566172078251,-0.0232157651335001,0.0112036950886249,0.0004199466784484,-0.0359724983572959,0.0111651625484228,0.0055649862624704,-0.0088833514600992,0.0016182711115106,-0.0174233056604862,-0.0034939919132739,0.0167092848569154,-0.0046370308846235,0.0046117343008518,0.005199012812227,-0.0252065490931272,0.0084975119680166,0.0028256000950932,-0.0123214041814208,0.0050375368446111,0.0007148126605898,-0.0005946792662143,0.0064748311415314,0.0098606226965785,0.0065169585868716,-0.0264368876814842,0.0066322884522378,-0.0070377938539462,0.0086764118541806,0.0134439944746604,0.0172205011070003,0.0070377951724536,0.0338694593090356,0.06911482406952,0.0189277260367963,0.06163702115401,0.0070960874279304,0.0819463153146797,-0.0022016341712057,2019-02-06,2019-02-07,2019-02-08,2019-02-11,2019-02-12,2019-02-13,2019-02-14,2019-02-15,2019-02-19,2019-02-20,90373.0,2019-02-05,252.0,1.4184%,0.0002,0.5018,-0.4566,-0.1917,1.3606%,1.5094%,18.7367%,0.010439,DLR,90373.0,2019-02-06,252.0,-2.6437%,0.0002,0.4877,-0.4516,-0.2091,1.3689%,1.5056%,17.3305%,-0.025344,DLR,90373.0,2019-02-07,252.0,1.9926%,0.0003,0.487,-0.4612,-0.2023,1.3762%,1.5106%,17.0024%,0.02459,DLR,90373.0,2019-02-08,252.0,2.0627%,0.0004,0.4838,-0.4667,-0.2193,1.3811%,1.5157%,16.9718%,0.018923,DLR,90373.0,2019-02-11,252.0,0.8102%,0.0005,0.4489,-0.4192,-0.2119,1.3708%,1.4823%,14.4841%,0.010909,DLR,90373.0,2019-02-12,252.0,-1.4307%,0.0004,0.4234,-0.4023,-0.2279,1.3686%,1.4714%,13.4852%,-0.020788,DLR,90373.0,2019-02-13,252.0,0.5197%,0.0003,0.4152,-0.3868,-0.2242,1.3634%,1.4616%,12.9816%,0.004312,DLR,90373.0,2019-02-14,252.0,1.4440%,0.0004,0.4116,-0.3782,-0.2337,1.3669%,1.4642%,12.8470%,0.015923,DLR,90373.0,2019-02-15,252.0,1.0720%,0.0004,0.4193,-0.3705,-0.22,1.3676%,1.4656%,12.9247%,0.008036,DLR,90373.0,2019-02-19,252.0,1.1997%,0.0005,0.4237,-0.3654,-0.2147,1.3694%,1.4673%,12.9087%,0.012835,DLR,90373.0,2019-02-20,252.0,1.7868%,0.0007,0.4316,-0.3347,-0.183,1.3611%,1.4578%,12.8261%,0.018948,DLR,-0.014905,0.009685,0.028608,0.018729,0.0787829999999999
34075,AMDOCS LTD,"Amdocs Sees Q2 Adj. EPS $1-$1.06, Sales $995M-$1.035B; Reaffirms FY19 Sales Growth 0.5-4.5% Year Over Year, Adj. EPS Growth 3-7%",6,uncertain,0.6,0.3,"while amdocs' guidance for adjusted eps and sales falls within a reasonable range, the modest growth projections for fy19 may not excite investors, leading to uncertainty in stock price movement.",1,2019-02-05,DOX,2019-02-05 21:42:00+00:00,86144.0,G0260210,-0.0033789547160267,1906532.0,-0.0155246742069721,0.010603885166347,0.0201196428388357,-0.004294947721064,-0.0145700024440884,0.0093930717557668,0.0010818855371326,-0.0034203173127025,0.0037824041210114,0.0034320561680942,0.0075363717041909,-0.0014429657021537,-0.0119323590770363,0.0027129265945404,0.0095529705286026,0.0041772527620196,0.0010712618241086,-0.0894658491015434,0.0042803939431905,-0.0055911880917847,0.0015982978511601,0.0143452975898981,0.0076241185888648,0.0075630382634699,-0.0058068241924047,-0.0016778267454355,-0.0012389326002448,0.0033669518306851,-0.0097465747967362,-0.009999974630773,-0.0055476264096796,0.0040160925127565,0.0208745691925287,0.0080971587449312,-0.0144544281065464,0.0023672538809478,-0.0046503008343279,0.0083546098321676,-0.0156334713101387,0.0053137019276618,-0.0104052517563104,0.0199300590902566,0.0066408524289727,-0.0178571585565805,0.0065970425494015,-0.0058040311560034,-0.0074640423990786,0.0108714587986469,-0.0018342313123866,-0.0015440067509189,-0.0036750633735209,0.0036156866699457,0.0094060916453599,0.0232558771967887,-0.0127900745719671,-0.0196891743689775,0.0118452599272131,-0.0114392722025513,-0.0031095331069082,-0.0011937192175537,0.0097247483208775,0.0049700243398547,-0.0218062326312065,-0.0095060495659708,-0.0007430970435962,-0.0109133897349238,0.0094812847673892,-0.0074986997060477,-0.0060773114673793,-0.0008325516246259,0.0084305750206112,0.0003331188927404,-0.0005540964193642,0.0070446492172777,0.0055442475713789,-0.0111129870638251,-0.0012865226017311,-0.0348967537283897,0.0095693860203027,-0.020846365019679,-0.0072913146577775,-0.027142459526658,0.0137715758755803,0.0103219551965594,-0.0027168577071279,0.0023162681609392,-0.0076280781067907,0.0001544731494504,-0.0040263766422867,0.0101404292508959,-0.0009187658433802,-0.0150584410876035,-0.0003678583307191,0.0061843153089284,-0.0045998161658644,-0.0035434192977845,0.0044362605549395,0.0062006125226616,-0.0011041843099519,-0.014813701622188,-0.0040530106052756,-0.0053167017176747,0.0003699677763506,0.0067288950085639,0.0024037952534854,0.0024527981877326,-0.0046116951853036,-0.0167318824678659,0.0016679050168022,-0.00045210798271,-0.002590182935819,-0.0062883389182388,0.0087182568386197,0.0380790270864963,0.0128723932430148,-0.0004661551502067,-0.0025418156292289,0.0034294810611754,-0.0030942515004426,0.0084892455488443,-0.0155246742069721,0.010603885166347,0.0042826177316299,0.0062633943128533,-0.0103497824632754,0.0157152985808355,-0.0055317873692551,0.0157152987172073,0.0048179960462511,-0.0753165905744585,-0.0274803865083844,-0.0369614632027193,-0.0175175595010711,-0.1122059662290221,2019-02-06,2019-02-07,2019-02-08,2019-02-11,2019-02-12,2019-02-13,2019-02-14,2019-02-15,2019-02-19,2019-02-20,86144.0,2019-02-05,252.0,-0.3379%,-0.0006,0.6466,0.1268,0.1853,0.9598%,1.1823%,34.0951%,-0.005076,DOX,86144.0,2019-02-06,252.0,-1.5525%,-0.0006,0.6168,0.1367,0.1541,0.9568%,1.1535%,31.2027%,-0.014319,DOX,86144.0,2019-02-07,252.0,2.0120%,-0.0005,0.612,0.1316,0.1607,0.9704%,1.1601%,30.0402%,0.025333,DOX,86144.0,2019-02-08,252.0,-1.4570%,-0.0006,0.6144,0.1337,0.1721,0.9741%,1.1636%,29.9110%,-0.014178,DOX,86144.0,2019-02-11,252.0,0.1082%,-0.0006,0.6217,0.1259,0.1717,0.9735%,1.1597%,29.5371%,-0.001156,DOX,86144.0,2019-02-12,252.0,0.3782%,-0.0007,0.6114,0.1362,0.1647,0.9697%,1.1518%,29.1143%,-0.004506,DOX,86144.0,2019-02-13,252.0,0.7536%,-0.0006,0.6141,0.1341,0.1658,0.9702%,1.1527%,29.1595%,0.005527,DOX,86144.0,2019-02-14,252.0,-1.1932%,-0.0006,0.6166,0.1288,0.1714,0.9721%,1.1550%,29.1606%,-0.010478,DOX,86144.0,2019-02-15,252.0,0.9553%,-0.0006,0.6178,0.1301,0.1737,0.9722%,1.1548%,29.1263%,0.001341,DOX,86144.0,2019-02-19,252.0,0.1071%,-0.0007,0.6153,0.1333,0.1774,0.9709%,1.1515%,28.8995%,-0.001101,DOX,86144.0,2019-02-20,252.0,0.4280%,-0.0007,0.6155,0.1316,0.1776,0.9706%,1.1513%,28.9315%,0.0017419999999999,DOX,-0.019395,0.0059379999999999,-0.00824,-0.013902,-0.016871
34083,AMDOCS LTD,Amdocs Raises Qtr. Dividend From $0.255 To $0.285/Share,6,increase,0.8,0.6,"raising the quarterly dividend typically signals financial strength and can attract investors, likely leading to an increase in stock price.",2,2019-02-05,DOX,2019-02-05 21:41:00+00:00,86144.0,G0260210,-0.0033789547160267,1906532.0,-0.0155246742069721,0.010603885166347,0.0201196428388357,-0.004294947721064,-0.0145700024440884,0.0093930717557668,0.0010818855371326,-0.0034203173127025,0.0037824041210114,0.0034320561680942,0.0075363717041909,-0.0014429657021537,-0.0119323590770363,0.0027129265945404,0.0095529705286026,0.0041772527620196,0.0010712618241086,-0.0894658491015434,0.0042803939431905,-0.0055911880917847,0.0015982978511601,0.0143452975898981,0.0076241185888648,0.0075630382634699,-0.0058068241924047,-0.0016778267454355,-0.0012389326002448,0.0033669518306851,-0.0097465747967362,-0.009999974630773,-0.0055476264096796,0.0040160925127565,0.0208745691925287,0.0080971587449312,-0.0144544281065464,0.0023672538809478,-0.0046503008343279,0.0083546098321676,-0.0156334713101387,0.0053137019276618,-0.0104052517563104,0.0199300590902566,0.0066408524289727,-0.0178571585565805,0.0065970425494015,-0.0058040311560034,-0.0074640423990786,0.0108714587986469,-0.0018342313123866,-0.0015440067509189,-0.0036750633735209,0.0036156866699457,0.0094060916453599,0.0232558771967887,-0.0127900745719671,-0.0196891743689775,0.0118452599272131,-0.0114392722025513,-0.0031095331069082,-0.0011937192175537,0.0097247483208775,0.0049700243398547,-0.0218062326312065,-0.0095060495659708,-0.0007430970435962,-0.0109133897349238,0.0094812847673892,-0.0074986997060477,-0.0060773114673793,-0.0008325516246259,0.0084305750206112,0.0003331188927404,-0.0005540964193642,0.0070446492172777,0.0055442475713789,-0.0111129870638251,-0.0012865226017311,-0.0348967537283897,0.0095693860203027,-0.020846365019679,-0.0072913146577775,-0.027142459526658,0.0137715758755803,0.0103219551965594,-0.0027168577071279,0.0023162681609392,-0.0076280781067907,0.0001544731494504,-0.0040263766422867,0.0101404292508959,-0.0009187658433802,-0.0150584410876035,-0.0003678583307191,0.0061843153089284,-0.0045998161658644,-0.0035434192977845,0.0044362605549395,0.0062006125226616,-0.0011041843099519,-0.014813701622188,-0.0040530106052756,-0.0053167017176747,0.0003699677763506,0.0067288950085639,0.0024037952534854,0.0024527981877326,-0.0046116951853036,-0.0167318824678659,0.0016679050168022,-0.00045210798271,-0.002590182935819,-0.0062883389182388,0.0087182568386197,0.0380790270864963,0.0128723932430148,-0.0004661551502067,-0.0025418156292289,0.0034294810611754,-0.0030942515004426,0.0084892455488443,-0.0155246742069721,0.010603885166347,0.0042826177316299,0.0062633943128533,-0.0103497824632754,0.0157152985808355,-0.0055317873692551,0.0157152987172073,0.0048179960462511,-0.0753165905744585,-0.0274803865083844,-0.0369614632027193,-0.0175175595010711,-0.1122059662290221,2019-02-06,2019-02-07,2019-02-08,2019-02-11,2019-02-12,2019-02-13,2019-02-14,2019-02-15,2019-02-19,2019-02-20,86144.0,2019-02-05,252.0,-0.3379%,-0.0006,0.6466,0.1268,0.1853,0.9598%,1.1823%,34.0951%,-0.005076,DOX,86144.0,2019-02-06,252.0,-1.5525%,-0.0006,0.6168,0.1367,0.1541,0.9568%,1.1535%,31.2027%,-0.014319,DOX,86144.0,2019-02-07,252.0,2.0120%,-0.0005,0.612,0.1316,0.1607,0.9704%,1.1601%,30.0402%,0.025333,DOX,86144.0,2019-02-08,252.0,-1.4570%,-0.0006,0.6144,0.1337,0.1721,0.9741%,1.1636%,29.9110%,-0.014178,DOX,86144.0,2019-02-11,252.0,0.1082%,-0.0006,0.6217,0.1259,0.1717,0.9735%,1.1597%,29.5371%,-0.001156,DOX,86144.0,2019-02-12,252.0,0.3782%,-0.0007,0.6114,0.1362,0.1647,0.9697%,1.1518%,29.1143%,-0.004506,DOX,86144.0,2019-02-13,252.0,0.7536%,-0.0006,0.6141,0.1341,0.1658,0.9702%,1.1527%,29.1595%,0.005527,DOX,86144.0,2019-02-14,252.0,-1.1932%,-0.0006,0.6166,0.1288,0.1714,0.9721%,1.1550%,29.1606%,-0.010478,DOX,86144.0,2019-02-15,252.0,0.9553%,-0.0006,0.6178,0.1301,0.1737,0.9722%,1.1548%,29.1263%,0.001341,DOX,86144.0,2019-02-19,252.0,0.1071%,-0.0007,0.6153,0.1333,0.1774,0.9709%,1.1515%,28.8995%,-0.001101,DOX,86144.0,2019-02-20,252.0,0.4280%,-0.0007,0.6155,0.1316,0.1776,0.9706%,1.1513%,28.9315%,0.0017419999999999,DOX,-0.019395,0.0059379999999999,-0.00824,-0.013902,-0.016871
34091,AMDOCS LTD,"Amdocs Q1 EPS $0.98 Misses $0.99 Estimate, Sales $1.012B Beat $1.01B Estimate",6,uncertain,0.6,0.2,"while amdocs missed eps estimates, it beat sales expectations, leading to mixed signals that could result in an uncertain market reaction.",1,2019-02-05,DOX,2019-02-05 21:41:00+00:00,86144.0,G0260210,-0.0033789547160267,1906532.0,-0.0155246742069721,0.010603885166347,0.0201196428388357,-0.004294947721064,-0.0145700024440884,0.0093930717557668,0.0010818855371326,-0.0034203173127025,0.0037824041210114,0.0034320561680942,0.0075363717041909,-0.0014429657021537,-0.0119323590770363,0.0027129265945404,0.0095529705286026,0.0041772527620196,0.0010712618241086,-0.0894658491015434,0.0042803939431905,-0.0055911880917847,0.0015982978511601,0.0143452975898981,0.0076241185888648,0.0075630382634699,-0.0058068241924047,-0.0016778267454355,-0.0012389326002448,0.0033669518306851,-0.0097465747967362,-0.009999974630773,-0.0055476264096796,0.0040160925127565,0.0208745691925287,0.0080971587449312,-0.0144544281065464,0.0023672538809478,-0.0046503008343279,0.0083546098321676,-0.0156334713101387,0.0053137019276618,-0.0104052517563104,0.0199300590902566,0.0066408524289727,-0.0178571585565805,0.0065970425494015,-0.0058040311560034,-0.0074640423990786,0.0108714587986469,-0.0018342313123866,-0.0015440067509189,-0.0036750633735209,0.0036156866699457,0.0094060916453599,0.0232558771967887,-0.0127900745719671,-0.0196891743689775,0.0118452599272131,-0.0114392722025513,-0.0031095331069082,-0.0011937192175537,0.0097247483208775,0.0049700243398547,-0.0218062326312065,-0.0095060495659708,-0.0007430970435962,-0.0109133897349238,0.0094812847673892,-0.0074986997060477,-0.0060773114673793,-0.0008325516246259,0.0084305750206112,0.0003331188927404,-0.0005540964193642,0.0070446492172777,0.0055442475713789,-0.0111129870638251,-0.0012865226017311,-0.0348967537283897,0.0095693860203027,-0.020846365019679,-0.0072913146577775,-0.027142459526658,0.0137715758755803,0.0103219551965594,-0.0027168577071279,0.0023162681609392,-0.0076280781067907,0.0001544731494504,-0.0040263766422867,0.0101404292508959,-0.0009187658433802,-0.0150584410876035,-0.0003678583307191,0.0061843153089284,-0.0045998161658644,-0.0035434192977845,0.0044362605549395,0.0062006125226616,-0.0011041843099519,-0.014813701622188,-0.0040530106052756,-0.0053167017176747,0.0003699677763506,0.0067288950085639,0.0024037952534854,0.0024527981877326,-0.0046116951853036,-0.0167318824678659,0.0016679050168022,-0.00045210798271,-0.002590182935819,-0.0062883389182388,0.0087182568386197,0.0380790270864963,0.0128723932430148,-0.0004661551502067,-0.0025418156292289,0.0034294810611754,-0.0030942515004426,0.0084892455488443,-0.0155246742069721,0.010603885166347,0.0042826177316299,0.0062633943128533,-0.0103497824632754,0.0157152985808355,-0.0055317873692551,0.0157152987172073,0.0048179960462511,-0.0753165905744585,-0.0274803865083844,-0.0369614632027193,-0.0175175595010711,-0.1122059662290221,2019-02-06,2019-02-07,2019-02-08,2019-02-11,2019-02-12,2019-02-13,2019-02-14,2019-02-15,2019-02-19,2019-02-20,86144.0,2019-02-05,252.0,-0.3379%,-0.0006,0.6466,0.1268,0.1853,0.9598%,1.1823%,34.0951%,-0.005076,DOX,86144.0,2019-02-06,252.0,-1.5525%,-0.0006,0.6168,0.1367,0.1541,0.9568%,1.1535%,31.2027%,-0.014319,DOX,86144.0,2019-02-07,252.0,2.0120%,-0.0005,0.612,0.1316,0.1607,0.9704%,1.1601%,30.0402%,0.025333,DOX,86144.0,2019-02-08,252.0,-1.4570%,-0.0006,0.6144,0.1337,0.1721,0.9741%,1.1636%,29.9110%,-0.014178,DOX,86144.0,2019-02-11,252.0,0.1082%,-0.0006,0.6217,0.1259,0.1717,0.9735%,1.1597%,29.5371%,-0.001156,DOX,86144.0,2019-02-12,252.0,0.3782%,-0.0007,0.6114,0.1362,0.1647,0.9697%,1.1518%,29.1143%,-0.004506,DOX,86144.0,2019-02-13,252.0,0.7536%,-0.0006,0.6141,0.1341,0.1658,0.9702%,1.1527%,29.1595%,0.005527,DOX,86144.0,2019-02-14,252.0,-1.1932%,-0.0006,0.6166,0.1288,0.1714,0.9721%,1.1550%,29.1606%,-0.010478,DOX,86144.0,2019-02-15,252.0,0.9553%,-0.0006,0.6178,0.1301,0.1737,0.9722%,1.1548%,29.1263%,0.001341,DOX,86144.0,2019-02-19,252.0,0.1071%,-0.0007,0.6153,0.1333,0.1774,0.9709%,1.1515%,28.8995%,-0.001101,DOX,86144.0,2019-02-20,252.0,0.4280%,-0.0007,0.6155,0.1316,0.1776,0.9706%,1.1513%,28.9315%,0.0017419999999999,DOX,-0.019395,0.0059379999999999,-0.00824,-0.013902,-0.016871
34099,AMDOCS LTD,"Andocs Limited Sees Q2 Adj. EPS $1.00-$1.06 vs $1.06 Est., Sales $995M-$1.04B vs $1.02B Est.",6,uncertain,0.6,0.2,"the adjusted eps guidance is slightly below estimates, while sales guidance is mixed, leading to uncertainty about the stock's immediate reaction.",1,2019-02-05,DOX,2019-02-05 21:08:00+00:00,86144.0,G0260210,-0.0033789547160267,1906532.0,-0.0155246742069721,0.010603885166347,0.0201196428388357,-0.004294947721064,-0.0145700024440884,0.0093930717557668,0.0010818855371326,-0.0034203173127025,0.0037824041210114,0.0034320561680942,0.0075363717041909,-0.0014429657021537,-0.0119323590770363,0.0027129265945404,0.0095529705286026,0.0041772527620196,0.0010712618241086,-0.0894658491015434,0.0042803939431905,-0.0055911880917847,0.0015982978511601,0.0143452975898981,0.0076241185888648,0.0075630382634699,-0.0058068241924047,-0.0016778267454355,-0.0012389326002448,0.0033669518306851,-0.0097465747967362,-0.009999974630773,-0.0055476264096796,0.0040160925127565,0.0208745691925287,0.0080971587449312,-0.0144544281065464,0.0023672538809478,-0.0046503008343279,0.0083546098321676,-0.0156334713101387,0.0053137019276618,-0.0104052517563104,0.0199300590902566,0.0066408524289727,-0.0178571585565805,0.0065970425494015,-0.0058040311560034,-0.0074640423990786,0.0108714587986469,-0.0018342313123866,-0.0015440067509189,-0.0036750633735209,0.0036156866699457,0.0094060916453599,0.0232558771967887,-0.0127900745719671,-0.0196891743689775,0.0118452599272131,-0.0114392722025513,-0.0031095331069082,-0.0011937192175537,0.0097247483208775,0.0049700243398547,-0.0218062326312065,-0.0095060495659708,-0.0007430970435962,-0.0109133897349238,0.0094812847673892,-0.0074986997060477,-0.0060773114673793,-0.0008325516246259,0.0084305750206112,0.0003331188927404,-0.0005540964193642,0.0070446492172777,0.0055442475713789,-0.0111129870638251,-0.0012865226017311,-0.0348967537283897,0.0095693860203027,-0.020846365019679,-0.0072913146577775,-0.027142459526658,0.0137715758755803,0.0103219551965594,-0.0027168577071279,0.0023162681609392,-0.0076280781067907,0.0001544731494504,-0.0040263766422867,0.0101404292508959,-0.0009187658433802,-0.0150584410876035,-0.0003678583307191,0.0061843153089284,-0.0045998161658644,-0.0035434192977845,0.0044362605549395,0.0062006125226616,-0.0011041843099519,-0.014813701622188,-0.0040530106052756,-0.0053167017176747,0.0003699677763506,0.0067288950085639,0.0024037952534854,0.0024527981877326,-0.0046116951853036,-0.0167318824678659,0.0016679050168022,-0.00045210798271,-0.002590182935819,-0.0062883389182388,0.0087182568386197,0.0380790270864963,0.0128723932430148,-0.0004661551502067,-0.0025418156292289,0.0034294810611754,-0.0030942515004426,0.0084892455488443,-0.0155246742069721,0.010603885166347,0.0042826177316299,0.0062633943128533,-0.0103497824632754,0.0157152985808355,-0.0055317873692551,0.0157152987172073,0.0048179960462511,-0.0753165905744585,-0.0274803865083844,-0.0369614632027193,-0.0175175595010711,-0.1122059662290221,2019-02-06,2019-02-07,2019-02-08,2019-02-11,2019-02-12,2019-02-13,2019-02-14,2019-02-15,2019-02-19,2019-02-20,86144.0,2019-02-05,252.0,-0.3379%,-0.0006,0.6466,0.1268,0.1853,0.9598%,1.1823%,34.0951%,-0.005076,DOX,86144.0,2019-02-06,252.0,-1.5525%,-0.0006,0.6168,0.1367,0.1541,0.9568%,1.1535%,31.2027%,-0.014319,DOX,86144.0,2019-02-07,252.0,2.0120%,-0.0005,0.612,0.1316,0.1607,0.9704%,1.1601%,30.0402%,0.025333,DOX,86144.0,2019-02-08,252.0,-1.4570%,-0.0006,0.6144,0.1337,0.1721,0.9741%,1.1636%,29.9110%,-0.014178,DOX,86144.0,2019-02-11,252.0,0.1082%,-0.0006,0.6217,0.1259,0.1717,0.9735%,1.1597%,29.5371%,-0.001156,DOX,86144.0,2019-02-12,252.0,0.3782%,-0.0007,0.6114,0.1362,0.1647,0.9697%,1.1518%,29.1143%,-0.004506,DOX,86144.0,2019-02-13,252.0,0.7536%,-0.0006,0.6141,0.1341,0.1658,0.9702%,1.1527%,29.1595%,0.005527,DOX,86144.0,2019-02-14,252.0,-1.1932%,-0.0006,0.6166,0.1288,0.1714,0.9721%,1.1550%,29.1606%,-0.010478,DOX,86144.0,2019-02-15,252.0,0.9553%,-0.0006,0.6178,0.1301,0.1737,0.9722%,1.1548%,29.1263%,0.001341,DOX,86144.0,2019-02-19,252.0,0.1071%,-0.0007,0.6153,0.1333,0.1774,0.9709%,1.1515%,28.8995%,-0.001101,DOX,86144.0,2019-02-20,252.0,0.4280%,-0.0007,0.6155,0.1316,0.1776,0.9706%,1.1513%,28.9315%,0.0017419999999999,DOX,-0.019395,0.0059379999999999,-0.00824,-0.013902,-0.016871
34107,AMDOCS LTD,"Amdocs Q1 Adj. EPS $0.98 Misses $0.99 Estimate, Sales $1.01B Inline",6,decrease,0.7,0.5,"the miss on adjusted eps estimates typically signals weaker-than-expected performance, which can lead to a decrease in stock price.",0,2019-02-05,DOX,2019-02-05 21:02:00+00:00,86144.0,G0260210,-0.0033789547160267,1906532.0,-0.0155246742069721,0.010603885166347,0.0201196428388357,-0.004294947721064,-0.0145700024440884,0.0093930717557668,0.0010818855371326,-0.0034203173127025,0.0037824041210114,0.0034320561680942,0.0075363717041909,-0.0014429657021537,-0.0119323590770363,0.0027129265945404,0.0095529705286026,0.0041772527620196,0.0010712618241086,-0.0894658491015434,0.0042803939431905,-0.0055911880917847,0.0015982978511601,0.0143452975898981,0.0076241185888648,0.0075630382634699,-0.0058068241924047,-0.0016778267454355,-0.0012389326002448,0.0033669518306851,-0.0097465747967362,-0.009999974630773,-0.0055476264096796,0.0040160925127565,0.0208745691925287,0.0080971587449312,-0.0144544281065464,0.0023672538809478,-0.0046503008343279,0.0083546098321676,-0.0156334713101387,0.0053137019276618,-0.0104052517563104,0.0199300590902566,0.0066408524289727,-0.0178571585565805,0.0065970425494015,-0.0058040311560034,-0.0074640423990786,0.0108714587986469,-0.0018342313123866,-0.0015440067509189,-0.0036750633735209,0.0036156866699457,0.0094060916453599,0.0232558771967887,-0.0127900745719671,-0.0196891743689775,0.0118452599272131,-0.0114392722025513,-0.0031095331069082,-0.0011937192175537,0.0097247483208775,0.0049700243398547,-0.0218062326312065,-0.0095060495659708,-0.0007430970435962,-0.0109133897349238,0.0094812847673892,-0.0074986997060477,-0.0060773114673793,-0.0008325516246259,0.0084305750206112,0.0003331188927404,-0.0005540964193642,0.0070446492172777,0.0055442475713789,-0.0111129870638251,-0.0012865226017311,-0.0348967537283897,0.0095693860203027,-0.020846365019679,-0.0072913146577775,-0.027142459526658,0.0137715758755803,0.0103219551965594,-0.0027168577071279,0.0023162681609392,-0.0076280781067907,0.0001544731494504,-0.0040263766422867,0.0101404292508959,-0.0009187658433802,-0.0150584410876035,-0.0003678583307191,0.0061843153089284,-0.0045998161658644,-0.0035434192977845,0.0044362605549395,0.0062006125226616,-0.0011041843099519,-0.014813701622188,-0.0040530106052756,-0.0053167017176747,0.0003699677763506,0.0067288950085639,0.0024037952534854,0.0024527981877326,-0.0046116951853036,-0.0167318824678659,0.0016679050168022,-0.00045210798271,-0.002590182935819,-0.0062883389182388,0.0087182568386197,0.0380790270864963,0.0128723932430148,-0.0004661551502067,-0.0025418156292289,0.0034294810611754,-0.0030942515004426,0.0084892455488443,-0.0155246742069721,0.010603885166347,0.0042826177316299,0.0062633943128533,-0.0103497824632754,0.0157152985808355,-0.0055317873692551,0.0157152987172073,0.0048179960462511,-0.0753165905744585,-0.0274803865083844,-0.0369614632027193,-0.0175175595010711,-0.1122059662290221,2019-02-06,2019-02-07,2019-02-08,2019-02-11,2019-02-12,2019-02-13,2019-02-14,2019-02-15,2019-02-19,2019-02-20,86144.0,2019-02-05,252.0,-0.3379%,-0.0006,0.6466,0.1268,0.1853,0.9598%,1.1823%,34.0951%,-0.005076,DOX,86144.0,2019-02-06,252.0,-1.5525%,-0.0006,0.6168,0.1367,0.1541,0.9568%,1.1535%,31.2027%,-0.014319,DOX,86144.0,2019-02-07,252.0,2.0120%,-0.0005,0.612,0.1316,0.1607,0.9704%,1.1601%,30.0402%,0.025333,DOX,86144.0,2019-02-08,252.0,-1.4570%,-0.0006,0.6144,0.1337,0.1721,0.9741%,1.1636%,29.9110%,-0.014178,DOX,86144.0,2019-02-11,252.0,0.1082%,-0.0006,0.6217,0.1259,0.1717,0.9735%,1.1597%,29.5371%,-0.001156,DOX,86144.0,2019-02-12,252.0,0.3782%,-0.0007,0.6114,0.1362,0.1647,0.9697%,1.1518%,29.1143%,-0.004506,DOX,86144.0,2019-02-13,252.0,0.7536%,-0.0006,0.6141,0.1341,0.1658,0.9702%,1.1527%,29.1595%,0.005527,DOX,86144.0,2019-02-14,252.0,-1.1932%,-0.0006,0.6166,0.1288,0.1714,0.9721%,1.1550%,29.1606%,-0.010478,DOX,86144.0,2019-02-15,252.0,0.9553%,-0.0006,0.6178,0.1301,0.1737,0.9722%,1.1548%,29.1263%,0.001341,DOX,86144.0,2019-02-19,252.0,0.1071%,-0.0007,0.6153,0.1333,0.1774,0.9709%,1.1515%,28.8995%,-0.001101,DOX,86144.0,2019-02-20,252.0,0.4280%,-0.0007,0.6155,0.1316,0.1776,0.9706%,1.1513%,28.9315%,0.0017419999999999,DOX,-0.019395,0.0059379999999999,-0.00824,-0.013902,-0.016871
34115,AMDOCS LTD,Vimpelcom Announces Partnership with Amdocs for New Digital IT Modernization Project in Russia,6,increase,0.75,0.6,the partnership with vimpelcom for a digital it modernization project suggests potential revenue growth and positive market sentiment for amdocs ltd.,2,2019-02-05,DOX,2019-02-05 08:51:00+00:00,86144.0,G0260210,-0.0033789547160267,1906532.0,-0.0155246742069721,0.010603885166347,0.0201196428388357,-0.004294947721064,-0.0145700024440884,0.0093930717557668,0.0010818855371326,-0.0034203173127025,0.0037824041210114,0.0034320561680942,0.0075363717041909,-0.0014429657021537,-0.0119323590770363,0.0027129265945404,0.0095529705286026,0.0041772527620196,0.0010712618241086,-0.0894658491015434,0.0042803939431905,-0.0055911880917847,0.0015982978511601,0.0143452975898981,0.0076241185888648,0.0075630382634699,-0.0058068241924047,-0.0016778267454355,-0.0012389326002448,0.0033669518306851,-0.0097465747967362,-0.009999974630773,-0.0055476264096796,0.0040160925127565,0.0208745691925287,0.0080971587449312,-0.0144544281065464,0.0023672538809478,-0.0046503008343279,0.0083546098321676,-0.0156334713101387,0.0053137019276618,-0.0104052517563104,0.0199300590902566,0.0066408524289727,-0.0178571585565805,0.0065970425494015,-0.0058040311560034,-0.0074640423990786,0.0108714587986469,-0.0018342313123866,-0.0015440067509189,-0.0036750633735209,0.0036156866699457,0.0094060916453599,0.0232558771967887,-0.0127900745719671,-0.0196891743689775,0.0118452599272131,-0.0114392722025513,-0.0031095331069082,-0.0011937192175537,0.0097247483208775,0.0049700243398547,-0.0218062326312065,-0.0095060495659708,-0.0007430970435962,-0.0109133897349238,0.0094812847673892,-0.0074986997060477,-0.0060773114673793,-0.0008325516246259,0.0084305750206112,0.0003331188927404,-0.0005540964193642,0.0070446492172777,0.0055442475713789,-0.0111129870638251,-0.0012865226017311,-0.0348967537283897,0.0095693860203027,-0.020846365019679,-0.0072913146577775,-0.027142459526658,0.0137715758755803,0.0103219551965594,-0.0027168577071279,0.0023162681609392,-0.0076280781067907,0.0001544731494504,-0.0040263766422867,0.0101404292508959,-0.0009187658433802,-0.0150584410876035,-0.0003678583307191,0.0061843153089284,-0.0045998161658644,-0.0035434192977845,0.0044362605549395,0.0062006125226616,-0.0011041843099519,-0.014813701622188,-0.0040530106052756,-0.0053167017176747,0.0003699677763506,0.0067288950085639,0.0024037952534854,0.0024527981877326,-0.0046116951853036,-0.0167318824678659,0.0016679050168022,-0.00045210798271,-0.002590182935819,-0.0062883389182388,0.0087182568386197,0.0380790270864963,0.0128723932430148,-0.0004661551502067,-0.0025418156292289,0.0034294810611754,-0.0030942515004426,0.0084892455488443,-0.0155246742069721,0.010603885166347,0.0042826177316299,0.0062633943128533,-0.0103497824632754,0.0157152985808355,-0.0055317873692551,0.0157152987172073,0.0048179960462511,-0.0753165905744585,-0.0274803865083844,-0.0369614632027193,-0.0175175595010711,-0.1122059662290221,2019-02-06,2019-02-07,2019-02-08,2019-02-11,2019-02-12,2019-02-13,2019-02-14,2019-02-15,2019-02-19,2019-02-20,86144.0,2019-02-05,252.0,-0.3379%,-0.0006,0.6466,0.1268,0.1853,0.9598%,1.1823%,34.0951%,-0.005076,DOX,86144.0,2019-02-06,252.0,-1.5525%,-0.0006,0.6168,0.1367,0.1541,0.9568%,1.1535%,31.2027%,-0.014319,DOX,86144.0,2019-02-07,252.0,2.0120%,-0.0005,0.612,0.1316,0.1607,0.9704%,1.1601%,30.0402%,0.025333,DOX,86144.0,2019-02-08,252.0,-1.4570%,-0.0006,0.6144,0.1337,0.1721,0.9741%,1.1636%,29.9110%,-0.014178,DOX,86144.0,2019-02-11,252.0,0.1082%,-0.0006,0.6217,0.1259,0.1717,0.9735%,1.1597%,29.5371%,-0.001156,DOX,86144.0,2019-02-12,252.0,0.3782%,-0.0007,0.6114,0.1362,0.1647,0.9697%,1.1518%,29.1143%,-0.004506,DOX,86144.0,2019-02-13,252.0,0.7536%,-0.0006,0.6141,0.1341,0.1658,0.9702%,1.1527%,29.1595%,0.005527,DOX,86144.0,2019-02-14,252.0,-1.1932%,-0.0006,0.6166,0.1288,0.1714,0.9721%,1.1550%,29.1606%,-0.010478,DOX,86144.0,2019-02-15,252.0,0.9553%,-0.0006,0.6178,0.1301,0.1737,0.9722%,1.1548%,29.1263%,0.001341,DOX,86144.0,2019-02-19,252.0,0.1071%,-0.0007,0.6153,0.1333,0.1774,0.9709%,1.1515%,28.8995%,-0.001101,DOX,86144.0,2019-02-20,252.0,0.4280%,-0.0007,0.6155,0.1316,0.1776,0.9706%,1.1513%,28.9315%,0.0017419999999999,DOX,-0.019395,0.0059379999999999,-0.00824,-0.013902,-0.016871
34123,DIANA SHIPPING INC,Diana Shipping Inc. Announces Time Charter Contract For m/v Danae With Phaethon; Contract Expected To Generate $2.67M Of Gross Revenue,6,increase,0.7,0.6,"the announcement of a time charter contract that is expected to generate significant gross revenue is likely to be viewed positively by investors, potentially leading to an increase in stock price.",2,2019-02-05,DSX,2019-02-05 13:55:00+00:00,90630.0,Y2066G10,0.0066445120610296,126550.0,0.016501635313034,0.0100671043619513,-0.0292207524180412,0.0136054288595914,0.0234113484621048,0.0,-0.00653594173491,-0.0264900419861078,0.0625000223517417,0.0033222560305148,-0.0340557694435119,-0.0652174055576324,-0.0160256270319223,-0.0030959723517298,-0.0162866301834583,-0.0092024449259042,0.0033112552482634,-0.0060975551605224,-0.0132013075053691,-0.0437318049371242,0.0133779132738709,0.020833384245634,-0.0231022890657186,0.0338461212813854,0.0168918762356042,0.0030864167492836,-0.0963454991579055,-0.0270270016044378,-0.0147058684378862,-0.0147929554805159,-0.0186566989868879,-0.0145772453397512,-0.0076046460308134,-0.0199999809265136,0.0153257474303245,-0.01960782520473,-0.0037735812366008,0.0288184154778718,-0.0303030908107757,0.0205882154405117,-0.0156249850988388,0.0429448187351226,-0.0277777519077062,0.0092879170551896,0.0489795431494712,0.0157232545316219,0.0116731412708759,0.009523800574243,0.0423077456653118,-0.006309141870588,-0.0147601328790187,-0.0155279356986284,-0.0074906293302774,0.0189873222261667,0.030188649892807,-0.0395136401057243,-0.0073260003700852,-0.0090361358597874,0.0036900332197546,0.0152905052527785,0.0036764671094715,-0.0353982672095298,-0.0036630001850426,0.0119403582066297,0.0,0.0307692009955644,0.0294117368757724,-0.0240240022540092,0.0,-0.0263158343732357,0.0142857013270258,-0.0029154489748179,-0.0070422468706965,0.0029239738360047,0.0283688530325889,-0.0115606822073459,0.0068965447135269,0.0087463473901152,0.0376711972057819,-0.0199999809265136,-0.0099009806290268,0.0,0.0066666603088378,0.0174418427050113,-0.0264900419861078,-0.0143266338855028,-0.0068027144297957,0.0234603881835937,0.0479451566934585,-0.02849000133574,0.0163398534059524,0.057228934019804,-0.0225080177187919,-0.0292398072779178,0.0559210777282714,0.0891719609498977,-0.0218068324029445,0.0261438451707363,0.0,-0.0347003564238548,0.0,-0.0364741310477256,-0.003184710163623,0.0217391103506088,0.0031948850955814,0.012578603811562,0.003184710163623,-0.0334346182644367,0.0,-0.0237388499081134,0.0031745999585837,-0.0371428914368152,0.0158227700740099,-0.0666666701436042,-0.0093457857146859,-0.0105540798977017,0.012578603811562,-0.0231959149241447,0.0,0.0077922623604536,0.016501635313034,0.0100671043619513,-0.0132013073049821,0.0238095004937615,0.0099009807516503,0.0238095004937615,0.0660066196329032,-9.703259307158874e-10,-0.0132013068681203,-0.1224490024570787,-0.1023102107281282,-0.0795107048463107,0.0627062922224599,-0.2181818115607183,2019-02-06,2019-02-07,2019-02-08,2019-02-11,2019-02-12,2019-02-13,2019-02-14,2019-02-15,2019-02-19,2019-02-20,90630.0,2019-02-05,252.0,0.6645%,-0.0003,0.9945,0.6347,0.2186,2.3184%,2.5706%,18.6596%,0.004203,DSX,90630.0,2019-02-06,252.0,1.6502%,-0.0002,0.992,0.6351,0.2187,2.3214%,2.5619%,17.8983%,0.0185,DSX,90630.0,2019-02-07,252.0,-2.9221%,-0.0003,0.9924,0.6433,0.2131,2.3242%,2.5651%,17.9038%,-0.020122,DSX,90630.0,2019-02-08,252.0,2.3411%,-0.0003,0.9887,0.6242,0.1849,2.3271%,2.5677%,17.8620%,0.023567,DSX,90630.0,2019-02-11,252.0,-0.6536%,-0.0004,1.0002,0.5965,0.1761,2.3274%,2.5649%,17.6651%,-0.012565,DSX,90630.0,2019-02-12,252.0,6.2500%,-0.0004,0.9959,0.6382,0.1664,2.3252%,2.5656%,17.8591%,0.048977,DSX,90630.0,2019-02-13,252.0,-3.4056%,-0.0005,0.9935,0.6272,0.1554,2.3365%,2.5744%,17.6299%,-0.037444,DSX,90630.0,2019-02-14,252.0,-1.6026%,-0.0006,0.9965,0.6182,0.1665,2.3376%,2.5748%,17.5787%,-0.016399,DSX,90630.0,2019-02-15,252.0,-1.6287%,-0.0008,0.9639,0.5857,0.1094,2.3424%,2.5682%,16.8102%,-0.029992,DSX,90630.0,2019-02-19,252.0,0.3311%,-0.0009,0.9552,0.598,0.124,2.3359%,2.5573%,16.5696%,-0.0006469999999999,DSX,90630.0,2019-02-20,252.0,-1.3201%,-0.0009,0.9542,0.6122,0.1248,2.3262%,2.5491%,16.7241%,-0.017114,DSX,0.022703,0.002581,0.026148,0.06256,-0.039036
34131,ELECTRONIC ARTS INC,From EA Earnings Conference Call: 'Battlefield V' Did Not Meet Sales Expectations,6,decrease,0.8,0.7,"the news indicates that 'battlefield v' did not meet sales expectations, which is likely to negatively impact investor sentiment and lead to a decrease in electronic arts inc's stock price.",0,2019-02-05,EA,2019-02-05 22:07:00+00:00,75828.0,28551210,0.0462512299418449,11926765.0,-0.1330522894859314,-0.0305854082107543,0.0484976880252361,-0.011058073490858,0.1605231910943985,0.0337329879403114,-0.0036885309964418,0.0228107012808322,0.0523447543382644,-0.0357024781405925,-0.0007818022859282,-0.0138434348627924,0.0293398536741733,0.0028420910239219,0.0151068540289998,0.0263660512864589,-0.0363159626722335,-0.0238747168332338,-0.0420551858842372,-0.013078243471682,-0.0179458241909742,0.0359422154724597,-0.0097047537565231,-0.0067838146351277,-0.0006254957988858,0.0048050098121166,0.0275401566177606,0.0102731548249721,-0.0067005446180701,-0.0233737062662839,-0.0210547596216201,-0.0034062759950757,0.0170182175934314,0.0236193723976612,-0.0012319345260038,-0.001235598581843,-0.0161373186856508,0.016326067969203,-0.0099248280748724,0.0375503227114677,0.0484330914914608,0.0725447759032249,-0.0100644119083881,-0.0206545181572437,0.0069133825600147,0.0185020789504051,-0.0045436648651957,-0.0049180248752236,0.0156202549114823,-0.0016366266645491,-0.0129830762743949,0.019771484658122,0.0015177731402218,0.0424250289797782,0.0068700774572789,-0.0241608787328004,-0.0215733647346496,-0.0112345395609736,-0.0049226065166294,-0.0117406602948904,0.0809027999639511,-0.0204999931156635,-0.0242181625217199,0.0097184982150793,-0.0059604551643133,-0.0116018000990152,0.0057996297255158,-0.0086569003760814,-0.0161258950829505,-0.0256657097488641,0.0151981599628925,-0.0053931516595184,-0.0055772964842617,-0.0034635243937373,0.0102332085371017,0.0146631943061947,-0.0178241152316331,-0.016213646158576,-0.0068424716591835,0.0332593843340873,-0.0220668893307447,-0.0335714258253574,0.0152133740484714,-0.0008326358511112,-0.0148848770186305,-0.0268549565225839,0.0030628184322267,0.0057042823173105,0.0140457740053534,0.0101128946989774,0.0095353266224265,0.0012951914686709,0.0124279176816344,0.0273376330733299,-0.0390847809612751,-0.0160675849765539,-0.0410832576453685,0.0120452903211116,-0.0200362876057624,-0.0002408992295386,0.0129418428987264,-0.0340816602110862,-0.0066566755995154,-0.0258356798440218,0.0228058863431215,0.0290344897657632,-0.0050723422318696,-0.0186519883573055,-0.0124269584193825,-0.0030801307875663,0.0160249285399913,-0.0138372788205742,0.0027522190939635,-0.0530521273612976,-0.0008445247076451,0.000746265402995,0.002218690700829,0.017022656276822,-0.0048492420464754,-0.0049627693369984,-0.1330522894859314,-0.0305854082107543,-0.0910073298872273,-0.04130526600987,0.0549070742006927,-0.0089656281097408,0.106031191961976,-0.0225489190616966,0.0660397871465872,-0.0442066187832649,0.0487462433275798,0.1285094449324133,0.0203199874414614,-0.0459596705345127,2019-02-06,2019-02-07,2019-02-08,2019-02-11,2019-02-12,2019-02-13,2019-02-14,2019-02-15,2019-02-19,2019-02-20,75828.0,2019-02-05,252.0,4.6251%,-0.0014,1.0083,0.2159,-0.6687,1.5381%,2.0522%,43.8284%,0.038169,EA,75828.0,2019-02-06,252.0,-13.3052%,-0.0019,1.0393,0.2082,-0.6557,1.7373%,2.2103%,38.2199%,-0.130444,EA,75828.0,2019-02-07,252.0,4.8498%,-0.0017,1.0251,0.1993,-0.64,1.7815%,2.2309%,36.2269%,0.060891,EA,75828.0,2019-02-08,252.0,16.0523%,-0.0011,0.9982,0.1579,-0.7802,2.0351%,2.4526%,31.1490%,0.154985,EA,75828.0,2019-02-11,252.0,-0.3689%,-0.0011,0.9812,0.1695,-0.7828,2.0336%,2.4303%,29.9812%,-0.004433,EA,75828.0,2019-02-12,252.0,5.2345%,-0.001,0.9868,0.1905,-0.7837,2.0420%,2.4426%,30.1133%,0.037536,EA,75828.0,2019-02-13,252.0,-0.0782%,-0.001,0.9869,0.1896,-0.7843,2.0420%,2.4412%,30.0255%,-0.003211,EA,75828.0,2019-02-14,252.0,2.9340%,-0.0009,0.9808,0.2043,-0.8008,2.0488%,2.4483%,29.9706%,0.025777,EA,75828.0,2019-02-15,252.0,1.5107%,-0.0009,0.985,0.209,-0.7928,2.0495%,2.4490%,29.9654%,0.007257,EA,75828.0,2019-02-19,252.0,-3.6316%,-0.0011,0.9758,0.1899,-0.8136,2.0613%,2.4554%,29.5273%,-0.036515,EA,75828.0,2019-02-20,252.0,-4.2055%,-0.0012,0.9652,0.1674,-0.8509,2.0756%,2.4693%,29.3421%,-0.039952,EA,-0.092275,-0.0313839999999999,0.123601,0.156704,0.11006
34139,ELECTRONIC ARTS INC,EA Sees FY19 Net Bookings ~$4.75B,6,increase,0.7,0.6,"the announcement of projected net bookings of ~$4.75b suggests strong financial performance, which is likely to positively influence investor sentiment and increase the stock price.",2,2019-02-05,EA,2019-02-05 21:09:00+00:00,75828.0,28551210,0.0462512299418449,11926765.0,-0.1330522894859314,-0.0305854082107543,0.0484976880252361,-0.011058073490858,0.1605231910943985,0.0337329879403114,-0.0036885309964418,0.0228107012808322,0.0523447543382644,-0.0357024781405925,-0.0007818022859282,-0.0138434348627924,0.0293398536741733,0.0028420910239219,0.0151068540289998,0.0263660512864589,-0.0363159626722335,-0.0238747168332338,-0.0420551858842372,-0.013078243471682,-0.0179458241909742,0.0359422154724597,-0.0097047537565231,-0.0067838146351277,-0.0006254957988858,0.0048050098121166,0.0275401566177606,0.0102731548249721,-0.0067005446180701,-0.0233737062662839,-0.0210547596216201,-0.0034062759950757,0.0170182175934314,0.0236193723976612,-0.0012319345260038,-0.001235598581843,-0.0161373186856508,0.016326067969203,-0.0099248280748724,0.0375503227114677,0.0484330914914608,0.0725447759032249,-0.0100644119083881,-0.0206545181572437,0.0069133825600147,0.0185020789504051,-0.0045436648651957,-0.0049180248752236,0.0156202549114823,-0.0016366266645491,-0.0129830762743949,0.019771484658122,0.0015177731402218,0.0424250289797782,0.0068700774572789,-0.0241608787328004,-0.0215733647346496,-0.0112345395609736,-0.0049226065166294,-0.0117406602948904,0.0809027999639511,-0.0204999931156635,-0.0242181625217199,0.0097184982150793,-0.0059604551643133,-0.0116018000990152,0.0057996297255158,-0.0086569003760814,-0.0161258950829505,-0.0256657097488641,0.0151981599628925,-0.0053931516595184,-0.0055772964842617,-0.0034635243937373,0.0102332085371017,0.0146631943061947,-0.0178241152316331,-0.016213646158576,-0.0068424716591835,0.0332593843340873,-0.0220668893307447,-0.0335714258253574,0.0152133740484714,-0.0008326358511112,-0.0148848770186305,-0.0268549565225839,0.0030628184322267,0.0057042823173105,0.0140457740053534,0.0101128946989774,0.0095353266224265,0.0012951914686709,0.0124279176816344,0.0273376330733299,-0.0390847809612751,-0.0160675849765539,-0.0410832576453685,0.0120452903211116,-0.0200362876057624,-0.0002408992295386,0.0129418428987264,-0.0340816602110862,-0.0066566755995154,-0.0258356798440218,0.0228058863431215,0.0290344897657632,-0.0050723422318696,-0.0186519883573055,-0.0124269584193825,-0.0030801307875663,0.0160249285399913,-0.0138372788205742,0.0027522190939635,-0.0530521273612976,-0.0008445247076451,0.000746265402995,0.002218690700829,0.017022656276822,-0.0048492420464754,-0.0049627693369984,-0.1330522894859314,-0.0305854082107543,-0.0910073298872273,-0.04130526600987,0.0549070742006927,-0.0089656281097408,0.106031191961976,-0.0225489190616966,0.0660397871465872,-0.0442066187832649,0.0487462433275798,0.1285094449324133,0.0203199874414614,-0.0459596705345127,2019-02-06,2019-02-07,2019-02-08,2019-02-11,2019-02-12,2019-02-13,2019-02-14,2019-02-15,2019-02-19,2019-02-20,75828.0,2019-02-05,252.0,4.6251%,-0.0014,1.0083,0.2159,-0.6687,1.5381%,2.0522%,43.8284%,0.038169,EA,75828.0,2019-02-06,252.0,-13.3052%,-0.0019,1.0393,0.2082,-0.6557,1.7373%,2.2103%,38.2199%,-0.130444,EA,75828.0,2019-02-07,252.0,4.8498%,-0.0017,1.0251,0.1993,-0.64,1.7815%,2.2309%,36.2269%,0.060891,EA,75828.0,2019-02-08,252.0,16.0523%,-0.0011,0.9982,0.1579,-0.7802,2.0351%,2.4526%,31.1490%,0.154985,EA,75828.0,2019-02-11,252.0,-0.3689%,-0.0011,0.9812,0.1695,-0.7828,2.0336%,2.4303%,29.9812%,-0.004433,EA,75828.0,2019-02-12,252.0,5.2345%,-0.001,0.9868,0.1905,-0.7837,2.0420%,2.4426%,30.1133%,0.037536,EA,75828.0,2019-02-13,252.0,-0.0782%,-0.001,0.9869,0.1896,-0.7843,2.0420%,2.4412%,30.0255%,-0.003211,EA,75828.0,2019-02-14,252.0,2.9340%,-0.0009,0.9808,0.2043,-0.8008,2.0488%,2.4483%,29.9706%,0.025777,EA,75828.0,2019-02-15,252.0,1.5107%,-0.0009,0.985,0.209,-0.7928,2.0495%,2.4490%,29.9654%,0.007257,EA,75828.0,2019-02-19,252.0,-3.6316%,-0.0011,0.9758,0.1899,-0.8136,2.0613%,2.4554%,29.5273%,-0.036515,EA,75828.0,2019-02-20,252.0,-4.2055%,-0.0012,0.9652,0.1674,-0.8509,2.0756%,2.4693%,29.3421%,-0.039952,EA,-0.092275,-0.0313839999999999,0.123601,0.156704,0.11006
34147,ELECTRONIC ARTS INC,Electronic Arts Q3 Net Bookings $1.289B,6,increase,0.7,0.6,"the reported net bookings of $1.289 billion suggest strong financial performance, which is likely to positively influence investor sentiment and increase the stock price.",2,2019-02-05,EA,2019-02-05 21:08:00+00:00,75828.0,28551210,0.0462512299418449,11926765.0,-0.1330522894859314,-0.0305854082107543,0.0484976880252361,-0.011058073490858,0.1605231910943985,0.0337329879403114,-0.0036885309964418,0.0228107012808322,0.0523447543382644,-0.0357024781405925,-0.0007818022859282,-0.0138434348627924,0.0293398536741733,0.0028420910239219,0.0151068540289998,0.0263660512864589,-0.0363159626722335,-0.0238747168332338,-0.0420551858842372,-0.013078243471682,-0.0179458241909742,0.0359422154724597,-0.0097047537565231,-0.0067838146351277,-0.0006254957988858,0.0048050098121166,0.0275401566177606,0.0102731548249721,-0.0067005446180701,-0.0233737062662839,-0.0210547596216201,-0.0034062759950757,0.0170182175934314,0.0236193723976612,-0.0012319345260038,-0.001235598581843,-0.0161373186856508,0.016326067969203,-0.0099248280748724,0.0375503227114677,0.0484330914914608,0.0725447759032249,-0.0100644119083881,-0.0206545181572437,0.0069133825600147,0.0185020789504051,-0.0045436648651957,-0.0049180248752236,0.0156202549114823,-0.0016366266645491,-0.0129830762743949,0.019771484658122,0.0015177731402218,0.0424250289797782,0.0068700774572789,-0.0241608787328004,-0.0215733647346496,-0.0112345395609736,-0.0049226065166294,-0.0117406602948904,0.0809027999639511,-0.0204999931156635,-0.0242181625217199,0.0097184982150793,-0.0059604551643133,-0.0116018000990152,0.0057996297255158,-0.0086569003760814,-0.0161258950829505,-0.0256657097488641,0.0151981599628925,-0.0053931516595184,-0.0055772964842617,-0.0034635243937373,0.0102332085371017,0.0146631943061947,-0.0178241152316331,-0.016213646158576,-0.0068424716591835,0.0332593843340873,-0.0220668893307447,-0.0335714258253574,0.0152133740484714,-0.0008326358511112,-0.0148848770186305,-0.0268549565225839,0.0030628184322267,0.0057042823173105,0.0140457740053534,0.0101128946989774,0.0095353266224265,0.0012951914686709,0.0124279176816344,0.0273376330733299,-0.0390847809612751,-0.0160675849765539,-0.0410832576453685,0.0120452903211116,-0.0200362876057624,-0.0002408992295386,0.0129418428987264,-0.0340816602110862,-0.0066566755995154,-0.0258356798440218,0.0228058863431215,0.0290344897657632,-0.0050723422318696,-0.0186519883573055,-0.0124269584193825,-0.0030801307875663,0.0160249285399913,-0.0138372788205742,0.0027522190939635,-0.0530521273612976,-0.0008445247076451,0.000746265402995,0.002218690700829,0.017022656276822,-0.0048492420464754,-0.0049627693369984,-0.1330522894859314,-0.0305854082107543,-0.0910073298872273,-0.04130526600987,0.0549070742006927,-0.0089656281097408,0.106031191961976,-0.0225489190616966,0.0660397871465872,-0.0442066187832649,0.0487462433275798,0.1285094449324133,0.0203199874414614,-0.0459596705345127,2019-02-06,2019-02-07,2019-02-08,2019-02-11,2019-02-12,2019-02-13,2019-02-14,2019-02-15,2019-02-19,2019-02-20,75828.0,2019-02-05,252.0,4.6251%,-0.0014,1.0083,0.2159,-0.6687,1.5381%,2.0522%,43.8284%,0.038169,EA,75828.0,2019-02-06,252.0,-13.3052%,-0.0019,1.0393,0.2082,-0.6557,1.7373%,2.2103%,38.2199%,-0.130444,EA,75828.0,2019-02-07,252.0,4.8498%,-0.0017,1.0251,0.1993,-0.64,1.7815%,2.2309%,36.2269%,0.060891,EA,75828.0,2019-02-08,252.0,16.0523%,-0.0011,0.9982,0.1579,-0.7802,2.0351%,2.4526%,31.1490%,0.154985,EA,75828.0,2019-02-11,252.0,-0.3689%,-0.0011,0.9812,0.1695,-0.7828,2.0336%,2.4303%,29.9812%,-0.004433,EA,75828.0,2019-02-12,252.0,5.2345%,-0.001,0.9868,0.1905,-0.7837,2.0420%,2.4426%,30.1133%,0.037536,EA,75828.0,2019-02-13,252.0,-0.0782%,-0.001,0.9869,0.1896,-0.7843,2.0420%,2.4412%,30.0255%,-0.003211,EA,75828.0,2019-02-14,252.0,2.9340%,-0.0009,0.9808,0.2043,-0.8008,2.0488%,2.4483%,29.9706%,0.025777,EA,75828.0,2019-02-15,252.0,1.5107%,-0.0009,0.985,0.209,-0.7928,2.0495%,2.4490%,29.9654%,0.007257,EA,75828.0,2019-02-19,252.0,-3.6316%,-0.0011,0.9758,0.1899,-0.8136,2.0613%,2.4554%,29.5273%,-0.036515,EA,75828.0,2019-02-20,252.0,-4.2055%,-0.0012,0.9652,0.1674,-0.8509,2.0756%,2.4693%,29.3421%,-0.039952,EA,-0.092275,-0.0313839999999999,0.123601,0.156704,0.11006
34155,ELECTRONIC ARTS INC,"EA Sees FY19 Sales ~$4.875B, EPS ~$3.20",6,increase,0.75,0.6,"the projected sales and earnings per share (eps) figures suggest strong financial performance, which is likely to positively influence investor sentiment and drive the stock price up.",2,2019-02-05,EA,2019-02-05 21:04:00+00:00,75828.0,28551210,0.0462512299418449,11926765.0,-0.1330522894859314,-0.0305854082107543,0.0484976880252361,-0.011058073490858,0.1605231910943985,0.0337329879403114,-0.0036885309964418,0.0228107012808322,0.0523447543382644,-0.0357024781405925,-0.0007818022859282,-0.0138434348627924,0.0293398536741733,0.0028420910239219,0.0151068540289998,0.0263660512864589,-0.0363159626722335,-0.0238747168332338,-0.0420551858842372,-0.013078243471682,-0.0179458241909742,0.0359422154724597,-0.0097047537565231,-0.0067838146351277,-0.0006254957988858,0.0048050098121166,0.0275401566177606,0.0102731548249721,-0.0067005446180701,-0.0233737062662839,-0.0210547596216201,-0.0034062759950757,0.0170182175934314,0.0236193723976612,-0.0012319345260038,-0.001235598581843,-0.0161373186856508,0.016326067969203,-0.0099248280748724,0.0375503227114677,0.0484330914914608,0.0725447759032249,-0.0100644119083881,-0.0206545181572437,0.0069133825600147,0.0185020789504051,-0.0045436648651957,-0.0049180248752236,0.0156202549114823,-0.0016366266645491,-0.0129830762743949,0.019771484658122,0.0015177731402218,0.0424250289797782,0.0068700774572789,-0.0241608787328004,-0.0215733647346496,-0.0112345395609736,-0.0049226065166294,-0.0117406602948904,0.0809027999639511,-0.0204999931156635,-0.0242181625217199,0.0097184982150793,-0.0059604551643133,-0.0116018000990152,0.0057996297255158,-0.0086569003760814,-0.0161258950829505,-0.0256657097488641,0.0151981599628925,-0.0053931516595184,-0.0055772964842617,-0.0034635243937373,0.0102332085371017,0.0146631943061947,-0.0178241152316331,-0.016213646158576,-0.0068424716591835,0.0332593843340873,-0.0220668893307447,-0.0335714258253574,0.0152133740484714,-0.0008326358511112,-0.0148848770186305,-0.0268549565225839,0.0030628184322267,0.0057042823173105,0.0140457740053534,0.0101128946989774,0.0095353266224265,0.0012951914686709,0.0124279176816344,0.0273376330733299,-0.0390847809612751,-0.0160675849765539,-0.0410832576453685,0.0120452903211116,-0.0200362876057624,-0.0002408992295386,0.0129418428987264,-0.0340816602110862,-0.0066566755995154,-0.0258356798440218,0.0228058863431215,0.0290344897657632,-0.0050723422318696,-0.0186519883573055,-0.0124269584193825,-0.0030801307875663,0.0160249285399913,-0.0138372788205742,0.0027522190939635,-0.0530521273612976,-0.0008445247076451,0.000746265402995,0.002218690700829,0.017022656276822,-0.0048492420464754,-0.0049627693369984,-0.1330522894859314,-0.0305854082107543,-0.0910073298872273,-0.04130526600987,0.0549070742006927,-0.0089656281097408,0.106031191961976,-0.0225489190616966,0.0660397871465872,-0.0442066187832649,0.0487462433275798,0.1285094449324133,0.0203199874414614,-0.0459596705345127,2019-02-06,2019-02-07,2019-02-08,2019-02-11,2019-02-12,2019-02-13,2019-02-14,2019-02-15,2019-02-19,2019-02-20,75828.0,2019-02-05,252.0,4.6251%,-0.0014,1.0083,0.2159,-0.6687,1.5381%,2.0522%,43.8284%,0.038169,EA,75828.0,2019-02-06,252.0,-13.3052%,-0.0019,1.0393,0.2082,-0.6557,1.7373%,2.2103%,38.2199%,-0.130444,EA,75828.0,2019-02-07,252.0,4.8498%,-0.0017,1.0251,0.1993,-0.64,1.7815%,2.2309%,36.2269%,0.060891,EA,75828.0,2019-02-08,252.0,16.0523%,-0.0011,0.9982,0.1579,-0.7802,2.0351%,2.4526%,31.1490%,0.154985,EA,75828.0,2019-02-11,252.0,-0.3689%,-0.0011,0.9812,0.1695,-0.7828,2.0336%,2.4303%,29.9812%,-0.004433,EA,75828.0,2019-02-12,252.0,5.2345%,-0.001,0.9868,0.1905,-0.7837,2.0420%,2.4426%,30.1133%,0.037536,EA,75828.0,2019-02-13,252.0,-0.0782%,-0.001,0.9869,0.1896,-0.7843,2.0420%,2.4412%,30.0255%,-0.003211,EA,75828.0,2019-02-14,252.0,2.9340%,-0.0009,0.9808,0.2043,-0.8008,2.0488%,2.4483%,29.9706%,0.025777,EA,75828.0,2019-02-15,252.0,1.5107%,-0.0009,0.985,0.209,-0.7928,2.0495%,2.4490%,29.9654%,0.007257,EA,75828.0,2019-02-19,252.0,-3.6316%,-0.0011,0.9758,0.1899,-0.8136,2.0613%,2.4554%,29.5273%,-0.036515,EA,75828.0,2019-02-20,252.0,-4.2055%,-0.0012,0.9652,0.1674,-0.8509,2.0756%,2.4693%,29.3421%,-0.039952,EA,-0.092275,-0.0313839999999999,0.123601,0.156704,0.11006
34163,ELECTRONIC ARTS INC,"Electronic Arts Q3 GAAP EPS $0.86, Total Sales $1.289B",6,increase,0.7,0.6,"the reported gaap eps of $0.86 and total sales of $1.289 billion suggest strong financial performance, which is likely to positively influence investor sentiment and increase the stock price.",2,2019-02-05,EA,2019-02-05 21:03:00+00:00,75828.0,28551210,0.0462512299418449,11926765.0,-0.1330522894859314,-0.0305854082107543,0.0484976880252361,-0.011058073490858,0.1605231910943985,0.0337329879403114,-0.0036885309964418,0.0228107012808322,0.0523447543382644,-0.0357024781405925,-0.0007818022859282,-0.0138434348627924,0.0293398536741733,0.0028420910239219,0.0151068540289998,0.0263660512864589,-0.0363159626722335,-0.0238747168332338,-0.0420551858842372,-0.013078243471682,-0.0179458241909742,0.0359422154724597,-0.0097047537565231,-0.0067838146351277,-0.0006254957988858,0.0048050098121166,0.0275401566177606,0.0102731548249721,-0.0067005446180701,-0.0233737062662839,-0.0210547596216201,-0.0034062759950757,0.0170182175934314,0.0236193723976612,-0.0012319345260038,-0.001235598581843,-0.0161373186856508,0.016326067969203,-0.0099248280748724,0.0375503227114677,0.0484330914914608,0.0725447759032249,-0.0100644119083881,-0.0206545181572437,0.0069133825600147,0.0185020789504051,-0.0045436648651957,-0.0049180248752236,0.0156202549114823,-0.0016366266645491,-0.0129830762743949,0.019771484658122,0.0015177731402218,0.0424250289797782,0.0068700774572789,-0.0241608787328004,-0.0215733647346496,-0.0112345395609736,-0.0049226065166294,-0.0117406602948904,0.0809027999639511,-0.0204999931156635,-0.0242181625217199,0.0097184982150793,-0.0059604551643133,-0.0116018000990152,0.0057996297255158,-0.0086569003760814,-0.0161258950829505,-0.0256657097488641,0.0151981599628925,-0.0053931516595184,-0.0055772964842617,-0.0034635243937373,0.0102332085371017,0.0146631943061947,-0.0178241152316331,-0.016213646158576,-0.0068424716591835,0.0332593843340873,-0.0220668893307447,-0.0335714258253574,0.0152133740484714,-0.0008326358511112,-0.0148848770186305,-0.0268549565225839,0.0030628184322267,0.0057042823173105,0.0140457740053534,0.0101128946989774,0.0095353266224265,0.0012951914686709,0.0124279176816344,0.0273376330733299,-0.0390847809612751,-0.0160675849765539,-0.0410832576453685,0.0120452903211116,-0.0200362876057624,-0.0002408992295386,0.0129418428987264,-0.0340816602110862,-0.0066566755995154,-0.0258356798440218,0.0228058863431215,0.0290344897657632,-0.0050723422318696,-0.0186519883573055,-0.0124269584193825,-0.0030801307875663,0.0160249285399913,-0.0138372788205742,0.0027522190939635,-0.0530521273612976,-0.0008445247076451,0.000746265402995,0.002218690700829,0.017022656276822,-0.0048492420464754,-0.0049627693369984,-0.1330522894859314,-0.0305854082107543,-0.0910073298872273,-0.04130526600987,0.0549070742006927,-0.0089656281097408,0.106031191961976,-0.0225489190616966,0.0660397871465872,-0.0442066187832649,0.0487462433275798,0.1285094449324133,0.0203199874414614,-0.0459596705345127,2019-02-06,2019-02-07,2019-02-08,2019-02-11,2019-02-12,2019-02-13,2019-02-14,2019-02-15,2019-02-19,2019-02-20,75828.0,2019-02-05,252.0,4.6251%,-0.0014,1.0083,0.2159,-0.6687,1.5381%,2.0522%,43.8284%,0.038169,EA,75828.0,2019-02-06,252.0,-13.3052%,-0.0019,1.0393,0.2082,-0.6557,1.7373%,2.2103%,38.2199%,-0.130444,EA,75828.0,2019-02-07,252.0,4.8498%,-0.0017,1.0251,0.1993,-0.64,1.7815%,2.2309%,36.2269%,0.060891,EA,75828.0,2019-02-08,252.0,16.0523%,-0.0011,0.9982,0.1579,-0.7802,2.0351%,2.4526%,31.1490%,0.154985,EA,75828.0,2019-02-11,252.0,-0.3689%,-0.0011,0.9812,0.1695,-0.7828,2.0336%,2.4303%,29.9812%,-0.004433,EA,75828.0,2019-02-12,252.0,5.2345%,-0.001,0.9868,0.1905,-0.7837,2.0420%,2.4426%,30.1133%,0.037536,EA,75828.0,2019-02-13,252.0,-0.0782%,-0.001,0.9869,0.1896,-0.7843,2.0420%,2.4412%,30.0255%,-0.003211,EA,75828.0,2019-02-14,252.0,2.9340%,-0.0009,0.9808,0.2043,-0.8008,2.0488%,2.4483%,29.9706%,0.025777,EA,75828.0,2019-02-15,252.0,1.5107%,-0.0009,0.985,0.209,-0.7928,2.0495%,2.4490%,29.9654%,0.007257,EA,75828.0,2019-02-19,252.0,-3.6316%,-0.0011,0.9758,0.1899,-0.8136,2.0613%,2.4554%,29.5273%,-0.036515,EA,75828.0,2019-02-20,252.0,-4.2055%,-0.0012,0.9652,0.1674,-0.8509,2.0756%,2.4693%,29.3421%,-0.039952,EA,-0.092275,-0.0313839999999999,0.123601,0.156704,0.11006
34171,ELECTRONIC ARTS INC,Electronic Arts To Report Q3 Earnings After The Closing Bell; Co. Historically Issues Its Report Around 4:02 p.m. ET,6,uncertain,0.6,0.5,"the announcement of earnings reports can lead to volatility in stock prices, as the actual results may differ from market expectations, making the impact on the stock price uncertain.",1,2019-02-05,EA,2019-02-05 20:27:00+00:00,75828.0,28551210,0.0462512299418449,11926765.0,-0.1330522894859314,-0.0305854082107543,0.0484976880252361,-0.011058073490858,0.1605231910943985,0.0337329879403114,-0.0036885309964418,0.0228107012808322,0.0523447543382644,-0.0357024781405925,-0.0007818022859282,-0.0138434348627924,0.0293398536741733,0.0028420910239219,0.0151068540289998,0.0263660512864589,-0.0363159626722335,-0.0238747168332338,-0.0420551858842372,-0.013078243471682,-0.0179458241909742,0.0359422154724597,-0.0097047537565231,-0.0067838146351277,-0.0006254957988858,0.0048050098121166,0.0275401566177606,0.0102731548249721,-0.0067005446180701,-0.0233737062662839,-0.0210547596216201,-0.0034062759950757,0.0170182175934314,0.0236193723976612,-0.0012319345260038,-0.001235598581843,-0.0161373186856508,0.016326067969203,-0.0099248280748724,0.0375503227114677,0.0484330914914608,0.0725447759032249,-0.0100644119083881,-0.0206545181572437,0.0069133825600147,0.0185020789504051,-0.0045436648651957,-0.0049180248752236,0.0156202549114823,-0.0016366266645491,-0.0129830762743949,0.019771484658122,0.0015177731402218,0.0424250289797782,0.0068700774572789,-0.0241608787328004,-0.0215733647346496,-0.0112345395609736,-0.0049226065166294,-0.0117406602948904,0.0809027999639511,-0.0204999931156635,-0.0242181625217199,0.0097184982150793,-0.0059604551643133,-0.0116018000990152,0.0057996297255158,-0.0086569003760814,-0.0161258950829505,-0.0256657097488641,0.0151981599628925,-0.0053931516595184,-0.0055772964842617,-0.0034635243937373,0.0102332085371017,0.0146631943061947,-0.0178241152316331,-0.016213646158576,-0.0068424716591835,0.0332593843340873,-0.0220668893307447,-0.0335714258253574,0.0152133740484714,-0.0008326358511112,-0.0148848770186305,-0.0268549565225839,0.0030628184322267,0.0057042823173105,0.0140457740053534,0.0101128946989774,0.0095353266224265,0.0012951914686709,0.0124279176816344,0.0273376330733299,-0.0390847809612751,-0.0160675849765539,-0.0410832576453685,0.0120452903211116,-0.0200362876057624,-0.0002408992295386,0.0129418428987264,-0.0340816602110862,-0.0066566755995154,-0.0258356798440218,0.0228058863431215,0.0290344897657632,-0.0050723422318696,-0.0186519883573055,-0.0124269584193825,-0.0030801307875663,0.0160249285399913,-0.0138372788205742,0.0027522190939635,-0.0530521273612976,-0.0008445247076451,0.000746265402995,0.002218690700829,0.017022656276822,-0.0048492420464754,-0.0049627693369984,-0.1330522894859314,-0.0305854082107543,-0.0910073298872273,-0.04130526600987,0.0549070742006927,-0.0089656281097408,0.106031191961976,-0.0225489190616966,0.0660397871465872,-0.0442066187832649,0.0487462433275798,0.1285094449324133,0.0203199874414614,-0.0459596705345127,2019-02-06,2019-02-07,2019-02-08,2019-02-11,2019-02-12,2019-02-13,2019-02-14,2019-02-15,2019-02-19,2019-02-20,75828.0,2019-02-05,252.0,4.6251%,-0.0014,1.0083,0.2159,-0.6687,1.5381%,2.0522%,43.8284%,0.038169,EA,75828.0,2019-02-06,252.0,-13.3052%,-0.0019,1.0393,0.2082,-0.6557,1.7373%,2.2103%,38.2199%,-0.130444,EA,75828.0,2019-02-07,252.0,4.8498%,-0.0017,1.0251,0.1993,-0.64,1.7815%,2.2309%,36.2269%,0.060891,EA,75828.0,2019-02-08,252.0,16.0523%,-0.0011,0.9982,0.1579,-0.7802,2.0351%,2.4526%,31.1490%,0.154985,EA,75828.0,2019-02-11,252.0,-0.3689%,-0.0011,0.9812,0.1695,-0.7828,2.0336%,2.4303%,29.9812%,-0.004433,EA,75828.0,2019-02-12,252.0,5.2345%,-0.001,0.9868,0.1905,-0.7837,2.0420%,2.4426%,30.1133%,0.037536,EA,75828.0,2019-02-13,252.0,-0.0782%,-0.001,0.9869,0.1896,-0.7843,2.0420%,2.4412%,30.0255%,-0.003211,EA,75828.0,2019-02-14,252.0,2.9340%,-0.0009,0.9808,0.2043,-0.8008,2.0488%,2.4483%,29.9706%,0.025777,EA,75828.0,2019-02-15,252.0,1.5107%,-0.0009,0.985,0.209,-0.7928,2.0495%,2.4490%,29.9654%,0.007257,EA,75828.0,2019-02-19,252.0,-3.6316%,-0.0011,0.9758,0.1899,-0.8136,2.0613%,2.4554%,29.5273%,-0.036515,EA,75828.0,2019-02-20,252.0,-4.2055%,-0.0012,0.9652,0.1674,-0.8509,2.0756%,2.4693%,29.3421%,-0.039952,EA,-0.092275,-0.0313839999999999,0.123601,0.156704,0.11006
34179,EBIX INC,Ebix Says 'a renowned third party North American firm that specializes in accounting investigations and compliance has concluded that the Company has successfully remediated the weakness in its internal control...',6,increase,0.8,0.6,"the news indicates that a reputable third-party firm has validated ebix's remediation of internal control weaknesses, which is likely to boost investor confidence and positively impact the stock price.",2,2019-02-05,EBIX,2019-02-05 12:45:00+00:00,11481.0,27871520,0.0101636545732617,235159.0,-0.0209754351526498,0.0303514208644628,-0.0055739367380738,-0.0136554408818483,-0.0185671988874673,0.0178189594298601,0.0,0.0124481078237295,0.0167767703533172,0.0178112611174583,0.0077233389019966,0.0179439075291156,0.0104511147364974,0.014410282485187,0.0096535319462418,0.0109258871525526,0.0001707723422441,0.0126164155080914,0.0078524937853217,-0.0510222949087619,-0.0032181984279304,0.0418345853686332,0.0027187741361558,0.0491242706775665,0.0289781894534826,0.0215960349887609,0.0021409296896308,-0.0008220492163673,-0.0308134257793426,0.0037128776311874,-0.0106961131095886,0.0502599589526653,-0.072593092918396,0.0034782574512064,-0.0138786081224679,0.0161254592239856,0.0108838053420186,0.0216655172407627,-0.0365694724023342,0.0123372375965118,-0.0287090875208377,0.0315814316272735,-0.0035707261413335,-0.0299497321248054,0.0213020052760839,0.0277255699038505,-0.0072124549187719,-0.0309653207659721,-0.0019634494092315,0.0029686514753848,-0.0064922645688056,0.0,0.0253465101122856,0.0709220245480537,-0.0036693438887596,0.0126299727708101,0.0040705385617911,-0.0222759842872619,-0.0283783283084631,-0.0275489035993814,0.0085435416549444,-0.030365252867341,-0.0559495724737644,0.0108469277620315,0.0058431262150406,-0.0018428476760163,0.0097509836778044,-0.0370452962815761,-0.0084240781143307,-0.0087950248271226,0.0082884691655635,0.0129175502806901,0.0145910214632749,-0.0630216374993324,0.0224833022803068,0.016546431928873,-0.0209984425455331,0.0053316270932555,0.0321732126176357,0.0332745313644409,-0.0121544590219855,-0.0472391322255134,0.0178607180714607,0.0086827585473656,-0.0033145248889923,0.0051085925661027,-0.0041079632937908,-0.0041269939392805,0.0139461616054177,0.024945804849267,-0.0141417970880866,-0.0694388821721077,-0.0076635763980448,0.0164136067032814,-0.0089109065011143,0.0028807243797928,-0.0075924289412796,0.0158862527459859,-0.0362391658127307,-0.011570275761187,-0.0077292444184422,-0.0621972307562828,-0.0054736486636102,0.0373869463801384,0.0448771975934505,-0.0079761017113924,0.0079011218622326,-0.0182067397981882,-0.0092462124302983,-0.0102693038061261,0.0099411206319928,-0.0217967722564935,0.0130574833601713,-0.0037764494773,0.0009914581896737,-0.038664024323225,0.008518231101334,-0.0027154511772096,-0.0125711923465132,0.0032691664528101,-0.0209754351526498,0.0303514208644628,-0.0264324561421293,0.0162815179493196,-0.0445088783593214,0.0343905970869751,-0.0284788232369223,0.0659199452551722,0.0068213089606572,0.0692576585306079,-0.1406192049236212,0.3668471288684909,-0.1416437275897815,0.0559874718678168,2019-02-06,2019-02-07,2019-02-08,2019-02-11,2019-02-12,2019-02-13,2019-02-14,2019-02-15,2019-02-19,2019-02-20,11481.0,2019-02-05,252.0,1.0164%,-0.0013,0.8784,0.9331,-0.3813,2.1706%,2.4950%,24.3133%,0.004802,EBIX,11481.0,2019-02-06,252.0,-2.0975%,-0.0014,0.8996,0.9266,-0.3627,2.1721%,2.4966%,24.3047%,-0.018783,EBIX,11481.0,2019-02-07,252.0,-0.5574%,-0.0014,0.895,0.9296,-0.3615,2.1723%,2.4948%,24.1861%,0.005312,EBIX,11481.0,2019-02-08,252.0,-1.8567%,-0.0015,0.8986,0.9346,-0.343,2.1763%,2.4973%,24.0546%,-0.0224319999999999,EBIX,11481.0,2019-02-11,252.0,0.0000%,-0.0015,0.9026,0.9236,-0.3468,2.1764%,2.4927%,23.7698%,-0.0067379999999999,EBIX,11481.0,2019-02-12,252.0,1.6777%,-0.0016,0.8932,0.9394,-0.3545,2.1727%,2.4896%,23.8372%,0.003627,EBIX,11481.0,2019-02-13,252.0,0.7723%,-0.0016,0.8915,0.9449,-0.352,2.1728%,2.4886%,23.7720%,0.004807,EBIX,11481.0,2019-02-14,252.0,1.0451%,-0.0015,0.8901,0.9487,-0.3565,2.1731%,2.4896%,23.8145%,0.005269,EBIX,11481.0,2019-02-15,252.0,0.9654%,-0.0016,0.8744,0.9346,-0.3821,2.1696%,2.4818%,23.5755%,-0.001165,EBIX,11481.0,2019-02-19,252.0,0.0171%,-0.0016,0.8707,0.9384,-0.3775,2.1686%,2.4779%,23.4100%,-0.003155,EBIX,11481.0,2019-02-20,252.0,0.7852%,-0.0017,0.8717,0.9354,-0.3752,2.1678%,2.4769%,23.3983%,0.00611,EBIX,-0.013981,-0.008669,-0.0311009999999999,-0.034212,-0.022346
34187,LAUDER ESTEE COS INC,Estee Lauder shares are trading higher after the company reported Q2 EPS of $1.86 versus the $1.54 analyst estimate and better than expected revenue.,6,increase,0.85,0.7,"the better-than-expected earnings per share and revenue typically lead to positive investor sentiment, likely driving the stock price higher.",2,2019-02-05,EL,2019-02-05 13:24:00+00:00,82642.0,51843910,0.1163986623287201,10521345.0,-0.0116432327777147,-0.0040228427387773,0.0137104662135243,0.002199113368988,0.0157573968172073,0.015180779621005,-0.006593007594347,0.0305215585976839,-0.005010113120079,-0.0119715249165892,0.0148443914949894,0.030530085787177,-0.0116631062701344,0.0226783026009798,0.0106271328404545,-0.0130821662023663,0.0025159628130495,0.0089853471145033,0.0081724859774112,-0.0139563959091901,-0.0008935941150411,0.0168221369385719,0.0156519319862127,0.0020771920680999,-0.0108189787715673,0.0007195101934485,-0.0052142445929348,0.0013609651941806,0.0066479197703301,-0.008178487420082,-0.0007004177314229,0.0051077362149953,-0.0001274644600925,-0.0197919011116027,-0.0040148156695067,-0.0369170047342777,-0.0019834768027067,0.0093535799533128,-0.0134632065892219,0.0121613442897796,0.0098777553066611,0.0337364561855793,0.0041184001602232,-0.047445822507143,0.0094206696376204,0.0141429379582405,0.0108564961701631,0.0119789093732833,0.0013817435828968,0.0013240764383226,0.003449592506513,0.0117415115237236,0.0171885732561349,0.0362567566335201,0.0022121211513876,-0.0267048217356205,-0.0147149544209241,0.0072852135635912,-0.0062849689275026,-0.0282401572912931,0.0131504219025373,-0.0180290360003709,-0.014154109172523,0.0046046879142522,0.0030093775130808,-0.0360999405384063,0.0114389415830373,-0.035324428230524,0.006736272946,0.0100916111841797,0.0093309041112661,-0.0027316862251609,0.0068726730532944,0.0081896279007196,-0.0047115599736571,0.0062718833796679,-0.0094070704653859,-0.0302001852542161,0.0064942869357764,-0.018738267943263,-0.0073654213920235,-0.0560759752988815,0.0026368594262748,0.0700265690684318,0.0080734388902783,0.0081979054957628,-0.0058852154761552,0.0123395370319485,0.0162953808903694,0.0015000459970906,0.0091279661282897,-0.0066698873415589,-0.003094436135143,0.0058524878695607,-0.002507152268663,-0.0039809308946132,0.0163973085582256,-0.0095057459548115,-0.001825232990086,-0.0059494008310139,0.0047189467586576,-0.007985065691173,-0.0024071135558187,-0.0057300780899822,0.007003310136497,6.910912634339184e-05,-0.0040325080044567,0.0101122595369815,-0.0001760285085765,0.0162295754998922,0.0123833594843745,0.0062041673809289,-0.0002318451297469,-0.0103042321279645,-0.0037690429016947,-0.0045664878562092,-0.0087887467816472,-0.0004213311767671,-0.0002936174569185,0.0041604707948863,-0.0116432327777147,-0.0040228427387773,0.0019075992861945,-0.0018325760570375,0.0176950549023227,0.0133203836307069,0.0059202325416558,0.0317472541479144,0.0305880398280657,0.0676650234039972,0.0533299960114925,0.0593589958993874,0.1229847149159921,-0.0368535105799132,2019-02-06,2019-02-07,2019-02-08,2019-02-11,2019-02-12,2019-02-13,2019-02-14,2019-02-15,2019-02-19,2019-02-20,82642.0,2019-02-05,252.0,11.6399%,0.0005,0.8378,-0.0947,-0.3003,1.5497%,1.8580%,30.4357%,0.111277,EL,82642.0,2019-02-06,252.0,-1.1643%,0.0003,0.8934,-0.1124,-0.2468,1.5370%,1.8596%,31.6893%,-0.009699,EL,82642.0,2019-02-07,252.0,1.3710%,0.0004,0.8845,-0.1107,-0.2418,1.5430%,1.8566%,30.9304%,0.022735,EL,82642.0,2019-02-08,252.0,1.5757%,0.0005,0.8819,-0.1006,-0.2462,1.5425%,1.8552%,30.8738%,0.013248,EL,82642.0,2019-02-11,252.0,-0.6593%,0.0004,0.8936,-0.1216,-0.2513,1.5418%,1.8491%,30.4807%,-0.006697,EL,82642.0,2019-02-12,252.0,-0.5010%,0.0003,0.8769,-0.1135,-0.2613,1.5440%,1.8431%,29.8266%,-0.017666,EL,82642.0,2019-02-13,252.0,1.4844%,0.0004,0.8772,-0.109,-0.2575,1.5458%,1.8424%,29.6121%,0.01254,EL,82642.0,2019-02-14,252.0,-1.1663%,0.0003,0.8799,-0.1151,-0.2509,1.5474%,1.8440%,29.5864%,-0.010848,EL,82642.0,2019-02-15,252.0,1.0627%,0.0003,0.8778,-0.1169,-0.2541,1.5472%,1.8425%,29.4824%,0.002076,EL,82642.0,2019-02-19,252.0,0.2516%,0.0004,0.8823,-0.1219,-0.2602,1.5449%,1.8425%,29.6964%,0.001849,EL,82642.0,2019-02-20,252.0,0.8172%,0.0004,0.8835,-0.1237,-0.2571,1.5443%,1.8421%,29.7225%,0.008095,EL,0.101578,0.124313,0.137561,0.113198,0.12691
34195,LAUDER ESTEE COS INC,"Estée Lauder Sees Q3 EPS $1.17-$1.20 vs $1.24 Est., Sees FY19 EPS $4.55-$4.67 vs $4.86 Est.",6,decrease,0.8,0.7,"the company's earnings per share (eps) guidance for q3 and fy19 is below analyst estimates, which typically leads to a negative reaction in stock prices.",0,2019-02-05,EL,2019-02-05 11:53:00+00:00,82642.0,51843910,0.1163986623287201,10521345.0,-0.0116432327777147,-0.0040228427387773,0.0137104662135243,0.002199113368988,0.0157573968172073,0.015180779621005,-0.006593007594347,0.0305215585976839,-0.005010113120079,-0.0119715249165892,0.0148443914949894,0.030530085787177,-0.0116631062701344,0.0226783026009798,0.0106271328404545,-0.0130821662023663,0.0025159628130495,0.0089853471145033,0.0081724859774112,-0.0139563959091901,-0.0008935941150411,0.0168221369385719,0.0156519319862127,0.0020771920680999,-0.0108189787715673,0.0007195101934485,-0.0052142445929348,0.0013609651941806,0.0066479197703301,-0.008178487420082,-0.0007004177314229,0.0051077362149953,-0.0001274644600925,-0.0197919011116027,-0.0040148156695067,-0.0369170047342777,-0.0019834768027067,0.0093535799533128,-0.0134632065892219,0.0121613442897796,0.0098777553066611,0.0337364561855793,0.0041184001602232,-0.047445822507143,0.0094206696376204,0.0141429379582405,0.0108564961701631,0.0119789093732833,0.0013817435828968,0.0013240764383226,0.003449592506513,0.0117415115237236,0.0171885732561349,0.0362567566335201,0.0022121211513876,-0.0267048217356205,-0.0147149544209241,0.0072852135635912,-0.0062849689275026,-0.0282401572912931,0.0131504219025373,-0.0180290360003709,-0.014154109172523,0.0046046879142522,0.0030093775130808,-0.0360999405384063,0.0114389415830373,-0.035324428230524,0.006736272946,0.0100916111841797,0.0093309041112661,-0.0027316862251609,0.0068726730532944,0.0081896279007196,-0.0047115599736571,0.0062718833796679,-0.0094070704653859,-0.0302001852542161,0.0064942869357764,-0.018738267943263,-0.0073654213920235,-0.0560759752988815,0.0026368594262748,0.0700265690684318,0.0080734388902783,0.0081979054957628,-0.0058852154761552,0.0123395370319485,0.0162953808903694,0.0015000459970906,0.0091279661282897,-0.0066698873415589,-0.003094436135143,0.0058524878695607,-0.002507152268663,-0.0039809308946132,0.0163973085582256,-0.0095057459548115,-0.001825232990086,-0.0059494008310139,0.0047189467586576,-0.007985065691173,-0.0024071135558187,-0.0057300780899822,0.007003310136497,6.910912634339184e-05,-0.0040325080044567,0.0101122595369815,-0.0001760285085765,0.0162295754998922,0.0123833594843745,0.0062041673809289,-0.0002318451297469,-0.0103042321279645,-0.0037690429016947,-0.0045664878562092,-0.0087887467816472,-0.0004213311767671,-0.0002936174569185,0.0041604707948863,-0.0116432327777147,-0.0040228427387773,0.0019075992861945,-0.0018325760570375,0.0176950549023227,0.0133203836307069,0.0059202325416558,0.0317472541479144,0.0305880398280657,0.0676650234039972,0.0533299960114925,0.0593589958993874,0.1229847149159921,-0.0368535105799132,2019-02-06,2019-02-07,2019-02-08,2019-02-11,2019-02-12,2019-02-13,2019-02-14,2019-02-15,2019-02-19,2019-02-20,82642.0,2019-02-05,252.0,11.6399%,0.0005,0.8378,-0.0947,-0.3003,1.5497%,1.8580%,30.4357%,0.111277,EL,82642.0,2019-02-06,252.0,-1.1643%,0.0003,0.8934,-0.1124,-0.2468,1.5370%,1.8596%,31.6893%,-0.009699,EL,82642.0,2019-02-07,252.0,1.3710%,0.0004,0.8845,-0.1107,-0.2418,1.5430%,1.8566%,30.9304%,0.022735,EL,82642.0,2019-02-08,252.0,1.5757%,0.0005,0.8819,-0.1006,-0.2462,1.5425%,1.8552%,30.8738%,0.013248,EL,82642.0,2019-02-11,252.0,-0.6593%,0.0004,0.8936,-0.1216,-0.2513,1.5418%,1.8491%,30.4807%,-0.006697,EL,82642.0,2019-02-12,252.0,-0.5010%,0.0003,0.8769,-0.1135,-0.2613,1.5440%,1.8431%,29.8266%,-0.017666,EL,82642.0,2019-02-13,252.0,1.4844%,0.0004,0.8772,-0.109,-0.2575,1.5458%,1.8424%,29.6121%,0.01254,EL,82642.0,2019-02-14,252.0,-1.1663%,0.0003,0.8799,-0.1151,-0.2509,1.5474%,1.8440%,29.5864%,-0.010848,EL,82642.0,2019-02-15,252.0,1.0627%,0.0003,0.8778,-0.1169,-0.2541,1.5472%,1.8425%,29.4824%,0.002076,EL,82642.0,2019-02-19,252.0,0.2516%,0.0004,0.8823,-0.1219,-0.2602,1.5449%,1.8425%,29.6964%,0.001849,EL,82642.0,2019-02-20,252.0,0.8172%,0.0004,0.8835,-0.1237,-0.2571,1.5443%,1.8421%,29.7225%,0.008095,EL,0.101578,0.124313,0.137561,0.113198,0.12691
34203,LAUDER ESTEE COS INC,"Estee Lauder Q2 Adj. EPS $1.86 Beats $1.54 Estimate, Sales $4.005B Beat $3.92B Estimate",6,increase,0.85,0.7,the company's better-than-expected earnings per share and sales figures are likely to boost investor confidence and lead to an increase in stock price.,2,2019-02-05,EL,2019-02-05 11:51:00+00:00,82642.0,51843910,0.1163986623287201,10521345.0,-0.0116432327777147,-0.0040228427387773,0.0137104662135243,0.002199113368988,0.0157573968172073,0.015180779621005,-0.006593007594347,0.0305215585976839,-0.005010113120079,-0.0119715249165892,0.0148443914949894,0.030530085787177,-0.0116631062701344,0.0226783026009798,0.0106271328404545,-0.0130821662023663,0.0025159628130495,0.0089853471145033,0.0081724859774112,-0.0139563959091901,-0.0008935941150411,0.0168221369385719,0.0156519319862127,0.0020771920680999,-0.0108189787715673,0.0007195101934485,-0.0052142445929348,0.0013609651941806,0.0066479197703301,-0.008178487420082,-0.0007004177314229,0.0051077362149953,-0.0001274644600925,-0.0197919011116027,-0.0040148156695067,-0.0369170047342777,-0.0019834768027067,0.0093535799533128,-0.0134632065892219,0.0121613442897796,0.0098777553066611,0.0337364561855793,0.0041184001602232,-0.047445822507143,0.0094206696376204,0.0141429379582405,0.0108564961701631,0.0119789093732833,0.0013817435828968,0.0013240764383226,0.003449592506513,0.0117415115237236,0.0171885732561349,0.0362567566335201,0.0022121211513876,-0.0267048217356205,-0.0147149544209241,0.0072852135635912,-0.0062849689275026,-0.0282401572912931,0.0131504219025373,-0.0180290360003709,-0.014154109172523,0.0046046879142522,0.0030093775130808,-0.0360999405384063,0.0114389415830373,-0.035324428230524,0.006736272946,0.0100916111841797,0.0093309041112661,-0.0027316862251609,0.0068726730532944,0.0081896279007196,-0.0047115599736571,0.0062718833796679,-0.0094070704653859,-0.0302001852542161,0.0064942869357764,-0.018738267943263,-0.0073654213920235,-0.0560759752988815,0.0026368594262748,0.0700265690684318,0.0080734388902783,0.0081979054957628,-0.0058852154761552,0.0123395370319485,0.0162953808903694,0.0015000459970906,0.0091279661282897,-0.0066698873415589,-0.003094436135143,0.0058524878695607,-0.002507152268663,-0.0039809308946132,0.0163973085582256,-0.0095057459548115,-0.001825232990086,-0.0059494008310139,0.0047189467586576,-0.007985065691173,-0.0024071135558187,-0.0057300780899822,0.007003310136497,6.910912634339184e-05,-0.0040325080044567,0.0101122595369815,-0.0001760285085765,0.0162295754998922,0.0123833594843745,0.0062041673809289,-0.0002318451297469,-0.0103042321279645,-0.0037690429016947,-0.0045664878562092,-0.0087887467816472,-0.0004213311767671,-0.0002936174569185,0.0041604707948863,-0.0116432327777147,-0.0040228427387773,0.0019075992861945,-0.0018325760570375,0.0176950549023227,0.0133203836307069,0.0059202325416558,0.0317472541479144,0.0305880398280657,0.0676650234039972,0.0533299960114925,0.0593589958993874,0.1229847149159921,-0.0368535105799132,2019-02-06,2019-02-07,2019-02-08,2019-02-11,2019-02-12,2019-02-13,2019-02-14,2019-02-15,2019-02-19,2019-02-20,82642.0,2019-02-05,252.0,11.6399%,0.0005,0.8378,-0.0947,-0.3003,1.5497%,1.8580%,30.4357%,0.111277,EL,82642.0,2019-02-06,252.0,-1.1643%,0.0003,0.8934,-0.1124,-0.2468,1.5370%,1.8596%,31.6893%,-0.009699,EL,82642.0,2019-02-07,252.0,1.3710%,0.0004,0.8845,-0.1107,-0.2418,1.5430%,1.8566%,30.9304%,0.022735,EL,82642.0,2019-02-08,252.0,1.5757%,0.0005,0.8819,-0.1006,-0.2462,1.5425%,1.8552%,30.8738%,0.013248,EL,82642.0,2019-02-11,252.0,-0.6593%,0.0004,0.8936,-0.1216,-0.2513,1.5418%,1.8491%,30.4807%,-0.006697,EL,82642.0,2019-02-12,252.0,-0.5010%,0.0003,0.8769,-0.1135,-0.2613,1.5440%,1.8431%,29.8266%,-0.017666,EL,82642.0,2019-02-13,252.0,1.4844%,0.0004,0.8772,-0.109,-0.2575,1.5458%,1.8424%,29.6121%,0.01254,EL,82642.0,2019-02-14,252.0,-1.1663%,0.0003,0.8799,-0.1151,-0.2509,1.5474%,1.8440%,29.5864%,-0.010848,EL,82642.0,2019-02-15,252.0,1.0627%,0.0003,0.8778,-0.1169,-0.2541,1.5472%,1.8425%,29.4824%,0.002076,EL,82642.0,2019-02-19,252.0,0.2516%,0.0004,0.8823,-0.1219,-0.2602,1.5449%,1.8425%,29.6964%,0.001849,EL,82642.0,2019-02-20,252.0,0.8172%,0.0004,0.8835,-0.1237,-0.2571,1.5443%,1.8421%,29.7225%,0.008095,EL,0.101578,0.124313,0.137561,0.113198,0.12691
34211,ENERGIZER HOLDINGS INC NEW,Energizer Holdings Sees FY19 Adj. EPS $3.45-$3.55 vs $3.38 Est,6,increase,0.7,0.6,"the adjusted eps guidance is higher than the market estimate, which typically signals positive performance and can lead to an increase in stock price.",2,2019-02-05,ENR,2019-02-05 11:57:00+00:00,15400.0,29272W10,-0.0127748819068074,1832698.0,-0.0004242778522893,0.001888379221782,-0.0409592613577842,0.0054851965978741,0.0258907284587621,0.0360656082630157,-0.0073339119553565,0.0010940751526504,-0.0243372209370136,0.0032931179739534,0.0207127016037702,-0.0136422924697399,-0.0063277524895966,0.0189761836081743,0.0019762879237532,-0.0017621548613533,0.0109577029943466,0.0033149507362395,-0.0034684552811086,-0.0339453481137752,0.0032629477791488,0.0002135024842573,0.0045533361844718,0.0049356943927705,0.0084727220237255,-0.0046988725662231,0.0034468693193048,-0.013277156278491,0.0015027843182906,0.0063626561313867,-0.016505904495716,-0.0304338783025741,0.0309502650052309,0.0160886012017726,-0.0158562362194061,0.0071548852138221,-0.0021481949370354,0.0145175131037831,-0.0215285252779722,0.0066623981110751,-0.0242024697363376,0.0082339597865939,0.0184892825782299,0.0319767519831657,0.00132834573742,-0.0095238164067268,0.0187928881496191,0.001330702449195,-0.0041233166120946,-0.0006648665876127,0.0021791739854961,-0.0030932256486266,0.0078277187421917,0.0498723648488521,0.0034519925247877,-0.026202842593193,-0.005805131047964,-0.0146895134821534,-0.0220588333904743,-0.0221980512142181,0.0203449390828609,-0.0281302463263273,-0.0227568112313747,-0.0085971876978874,-0.0124196354299783,-0.0383142083883285,0.0089827431365847,0.0145253492519259,-0.0028934134170413,0.0191826932132244,0.0035714253317564,-0.0062163127586245,-0.0006672326708212,0.0298761781305074,0.0638771206140518,0.0186956655234098,-0.0096234120428562,-0.002818145789206,-0.0073932926170527,0.0235190019011497,0.0102149294689297,-0.0144325355067849,0.0069517171941697,0.0200757905840873,-0.0018828484462574,-0.0216062385588884,-0.013833574950695,-0.0094502074643969,-0.0014877724461257,0.0067027322947978,0.014474251307547,-0.0318191424012184,0.0165757648646831,0.0105775333940982,-0.0072239893488585,0.0059586884453892,-0.0041579408571124,0.0103204334154725,0.005010393448174,-0.0368606857955455,0.0076858941465616,-0.0336201786994934,0.0030921774450689,-0.0285769328474998,-0.0022605962585657,-0.0811004117131233,0.0024716567713767,-0.0364887937903404,-0.0316416099667549,-0.0356846712529659,0.0214300509542226,-0.0187296662479639,0.0010386215290054,0.0039241607300937,-0.0062253423966467,-0.0035842491779476,-0.0087700597941875,0.0128713306039571,-0.0025279701221734,0.0171197820454835,-0.0004242778522893,0.001888379221782,-0.0413661611026333,0.0073839339509391,-0.0165464326883608,0.0437158482832695,-0.0475179876002933,0.0482985917021763,-0.0248196476383745,0.0194278385223238,-0.0344776685910925,0.0391730003214831,0.0110013241645545,-0.193309246337536,2019-02-06,2019-02-07,2019-02-08,2019-02-11,2019-02-12,2019-02-13,2019-02-14,2019-02-15,2019-02-19,2019-02-20,15400.0,2019-02-05,252.0,-1.2775%,-0.0004,0.7255,0.1809,0.1657,1.8373%,1.9973%,15.3770%,-0.014877,ENR,15400.0,2019-02-06,252.0,-0.0424%,-0.0005,0.7597,0.1699,0.1996,1.8328%,1.9965%,15.7260%,0.000974,ENR,15400.0,2019-02-07,252.0,-4.0959%,-0.0006,0.7681,0.1738,0.1912,1.8452%,2.0114%,15.8353%,-0.034552,ENR,15400.0,2019-02-08,252.0,2.5891%,-0.0004,0.7627,0.1912,0.1801,1.8457%,2.0107%,15.7374%,0.026332,ENR,15400.0,2019-02-11,252.0,-0.7334%,-0.0005,0.758,0.1824,0.1729,1.8467%,2.0035%,15.0454%,-0.010178,ENR,15400.0,2019-02-12,252.0,-2.4337%,-0.0006,0.7398,0.1809,0.1639,1.8590%,2.0083%,14.3183%,-0.034489,ENR,15400.0,2019-02-13,252.0,2.0713%,-0.0005,0.7449,0.1799,0.1683,1.8625%,2.0126%,14.3540%,0.018318,ENR,15400.0,2019-02-14,252.0,-0.6328%,-0.0005,0.7466,0.1779,0.1695,1.8617%,2.0123%,14.4079%,-0.004823,ENR,15400.0,2019-02-15,252.0,0.1976%,-0.0006,0.7349,0.1667,0.1495,1.8616%,2.0082%,14.0675%,-0.007818,ENR,15400.0,2019-02-19,252.0,1.0958%,-0.0005,0.7405,0.1671,0.1495,1.8610%,2.0093%,14.2172%,0.008529,ENR,15400.0,2019-02-20,252.0,-0.3468%,-0.0005,0.7387,0.1624,0.1431,1.8613%,2.0093%,14.1906%,-0.006165,ENR,-0.0139029999999999,-0.048455,-0.0221229999999999,-0.0667899999999999,-0.0587489999999999
34219,ENERGIZER HOLDINGS INC NEW,"Energizer Holdings Q1 Adj. EPS $1.64 Beats $1.40 Estimate, Sales $571.9M Miss $572.23M Estimate",6,uncertain,0.6,0.2,"while the adjusted eps beat estimates, the sales miss could create mixed reactions among investors, leading to uncertainty in the stock price movement.",1,2019-02-05,ENR,2019-02-05 11:56:00+00:00,15400.0,29272W10,-0.0127748819068074,1832698.0,-0.0004242778522893,0.001888379221782,-0.0409592613577842,0.0054851965978741,0.0258907284587621,0.0360656082630157,-0.0073339119553565,0.0010940751526504,-0.0243372209370136,0.0032931179739534,0.0207127016037702,-0.0136422924697399,-0.0063277524895966,0.0189761836081743,0.0019762879237532,-0.0017621548613533,0.0109577029943466,0.0033149507362395,-0.0034684552811086,-0.0339453481137752,0.0032629477791488,0.0002135024842573,0.0045533361844718,0.0049356943927705,0.0084727220237255,-0.0046988725662231,0.0034468693193048,-0.013277156278491,0.0015027843182906,0.0063626561313867,-0.016505904495716,-0.0304338783025741,0.0309502650052309,0.0160886012017726,-0.0158562362194061,0.0071548852138221,-0.0021481949370354,0.0145175131037831,-0.0215285252779722,0.0066623981110751,-0.0242024697363376,0.0082339597865939,0.0184892825782299,0.0319767519831657,0.00132834573742,-0.0095238164067268,0.0187928881496191,0.001330702449195,-0.0041233166120946,-0.0006648665876127,0.0021791739854961,-0.0030932256486266,0.0078277187421917,0.0498723648488521,0.0034519925247877,-0.026202842593193,-0.005805131047964,-0.0146895134821534,-0.0220588333904743,-0.0221980512142181,0.0203449390828609,-0.0281302463263273,-0.0227568112313747,-0.0085971876978874,-0.0124196354299783,-0.0383142083883285,0.0089827431365847,0.0145253492519259,-0.0028934134170413,0.0191826932132244,0.0035714253317564,-0.0062163127586245,-0.0006672326708212,0.0298761781305074,0.0638771206140518,0.0186956655234098,-0.0096234120428562,-0.002818145789206,-0.0073932926170527,0.0235190019011497,0.0102149294689297,-0.0144325355067849,0.0069517171941697,0.0200757905840873,-0.0018828484462574,-0.0216062385588884,-0.013833574950695,-0.0094502074643969,-0.0014877724461257,0.0067027322947978,0.014474251307547,-0.0318191424012184,0.0165757648646831,0.0105775333940982,-0.0072239893488585,0.0059586884453892,-0.0041579408571124,0.0103204334154725,0.005010393448174,-0.0368606857955455,0.0076858941465616,-0.0336201786994934,0.0030921774450689,-0.0285769328474998,-0.0022605962585657,-0.0811004117131233,0.0024716567713767,-0.0364887937903404,-0.0316416099667549,-0.0356846712529659,0.0214300509542226,-0.0187296662479639,0.0010386215290054,0.0039241607300937,-0.0062253423966467,-0.0035842491779476,-0.0087700597941875,0.0128713306039571,-0.0025279701221734,0.0171197820454835,-0.0004242778522893,0.001888379221782,-0.0413661611026333,0.0073839339509391,-0.0165464326883608,0.0437158482832695,-0.0475179876002933,0.0482985917021763,-0.0248196476383745,0.0194278385223238,-0.0344776685910925,0.0391730003214831,0.0110013241645545,-0.193309246337536,2019-02-06,2019-02-07,2019-02-08,2019-02-11,2019-02-12,2019-02-13,2019-02-14,2019-02-15,2019-02-19,2019-02-20,15400.0,2019-02-05,252.0,-1.2775%,-0.0004,0.7255,0.1809,0.1657,1.8373%,1.9973%,15.3770%,-0.014877,ENR,15400.0,2019-02-06,252.0,-0.0424%,-0.0005,0.7597,0.1699,0.1996,1.8328%,1.9965%,15.7260%,0.000974,ENR,15400.0,2019-02-07,252.0,-4.0959%,-0.0006,0.7681,0.1738,0.1912,1.8452%,2.0114%,15.8353%,-0.034552,ENR,15400.0,2019-02-08,252.0,2.5891%,-0.0004,0.7627,0.1912,0.1801,1.8457%,2.0107%,15.7374%,0.026332,ENR,15400.0,2019-02-11,252.0,-0.7334%,-0.0005,0.758,0.1824,0.1729,1.8467%,2.0035%,15.0454%,-0.010178,ENR,15400.0,2019-02-12,252.0,-2.4337%,-0.0006,0.7398,0.1809,0.1639,1.8590%,2.0083%,14.3183%,-0.034489,ENR,15400.0,2019-02-13,252.0,2.0713%,-0.0005,0.7449,0.1799,0.1683,1.8625%,2.0126%,14.3540%,0.018318,ENR,15400.0,2019-02-14,252.0,-0.6328%,-0.0005,0.7466,0.1779,0.1695,1.8617%,2.0123%,14.4079%,-0.004823,ENR,15400.0,2019-02-15,252.0,0.1976%,-0.0006,0.7349,0.1667,0.1495,1.8616%,2.0082%,14.0675%,-0.007818,ENR,15400.0,2019-02-19,252.0,1.0958%,-0.0005,0.7405,0.1671,0.1495,1.8610%,2.0093%,14.2172%,0.008529,ENR,15400.0,2019-02-20,252.0,-0.3468%,-0.0005,0.7387,0.1624,0.1431,1.8613%,2.0093%,14.1906%,-0.006165,ENR,-0.0139029999999999,-0.048455,-0.0221229999999999,-0.0667899999999999,-0.0587489999999999
34227,ENTEGRIS INC,"Entegris Q4 Adj. EPS $0.47 Beats $0.45 Estimate, Sales $401.6M Beat $389.63M Estimate",6,increase,0.8,0.7,"the company's adjusted eps and sales both exceeded analyst estimates, which typically signals strong performance and can lead to a positive reaction in the stock price.",2,2019-02-05,ENTG,2019-02-05 11:04:00+00:00,88439.0,29362U10,-0.0092151472344994,2892597.0,0.0216020811349153,0.0077890446409583,-0.0217326842248439,0.009984927251935,0.0057039512321352,-0.0195787567645311,0.0032836003229022,0.0086774667724967,0.0157690793275833,0.0099516985937953,-0.0067369523458182,0.0587484091520309,0.0088469255715608,0.0132643105462193,-0.0008769009145908,0.0449628084897995,0.0052662463858723,0.0023720669560134,0.0299766808748245,-0.0176431648433208,0.0059338537976145,0.024207329377532,0.0210674162954092,0.0138264643028378,0.0192572437226772,0.0080139208585023,0.0183535851538181,0.0003485614724922,-0.0267691053450107,-0.0194805096834898,-0.0378540121018886,0.0058439350686967,0.0251910369843244,0.005183124449104,0.0107675148174166,0.0346800573170185,-0.0051899054087698,-0.0368457846343517,-0.0285556595772504,0.0111421169713139,-0.0121537670493125,0.0470287650823593,0.0025751115754246,-0.0745613723993301,0.0134131675586104,0.0625559762120246,-0.0022528306581079,0.0154714649543166,-0.0039514363743364,0.0288388971239328,0.0014168103225529,0.026923106983304,0.0,0.0638297647237777,-0.0050933873280882,-0.0223999787122011,0.0008532076026313,-0.016135374084115,-0.0167661309242248,0.0127540733665227,0.0367052182555198,-0.033885221928358,-0.0342904813587665,0.008152138441801,0.0011547608301043,-0.0092307608574628,0.0167242791503667,-0.0240240022540092,-0.0155983911827206,-0.0041121724061667,0.0057620503939688,0.0206028595566749,0.0223431326448917,-0.0190868359059095,0.0305407736450433,0.0007490093703381,-0.0019032000564038,-0.0416367501020431,0.0220648702234029,-0.0241680778563022,-0.0010661224368959,-0.057444754987955,0.0106723997741937,0.0302721541374921,0.0205913074314594,0.0158949233591556,0.0134506067261099,-0.006863378919661,0.0045941886492073,0.047071486711502,-0.0020325668156147,-0.015564220957458,0.0239308159798383,0.0280000157654285,-0.0111884819343686,0.0080644907429814,0.0015087093925103,0.00073369249003,0.0130554009228944,0.0396644137799739,0.0064436714164912,-0.038856353610754,0.0019699092954397,-0.004016017075628,0.0,0.0422373935580253,0.0041779796592891,0.0019062579376623,-0.0460107922554016,0.0194325689226388,0.0187275409698486,-0.0388494916260242,0.0186351463198661,-0.0332249924540519,0.0118664978072047,-0.0046728672459721,-0.0058737560175359,0.0168128311634063,0.0088626444339752,0.0021978525910526,0.0216020811349153,0.0077890446409583,-0.0006000742978331,0.0178517449369952,0.0051004541397716,-0.0020765267994797,0.0243023545612464,0.0166001308199743,0.0618061026094278,0.1221857221009912,0.0381037089971705,0.343581506405503,0.2316292512167896,0.2348154248265523,2019-02-06,2019-02-07,2019-02-08,2019-02-11,2019-02-12,2019-02-13,2019-02-14,2019-02-15,2019-02-19,2019-02-20,88439.0,2019-02-05,252.0,-0.9215%,0.0003,1.5255,0.7858,0.1393,1.8435%,2.5248%,46.6842%,-0.014504,ENTG,88439.0,2019-02-06,252.0,2.1602%,0.0004,1.543,0.7798,0.1599,1.8486%,2.5119%,45.8407%,0.024839,ENTG,88439.0,2019-02-07,252.0,-2.1733%,0.0002,1.5246,0.8065,0.155,1.8359%,2.4909%,45.6740%,-0.007093,ENTG,88439.0,2019-02-08,252.0,0.5704%,0.0004,1.523,0.834,0.1661,1.8254%,2.4826%,45.9334%,0.004898,ENTG,88439.0,2019-02-11,252.0,0.3284%,0.0004,1.5037,0.8452,0.1621,1.8236%,2.4512%,44.6537%,-0.004835,ENTG,88439.0,2019-02-12,252.0,1.5769%,0.0003,1.4878,0.8619,0.151,1.8182%,2.4412%,44.5314%,-0.004675,ENTG,88439.0,2019-02-13,252.0,-0.6737%,0.0003,1.4889,0.8551,0.1469,1.8193%,2.4410%,44.4549%,-0.011626,ENTG,88439.0,2019-02-14,252.0,0.8847%,0.0003,1.4873,0.8596,0.1415,1.8198%,2.4416%,44.4460%,0.008279,ENTG,88439.0,2019-02-15,252.0,-0.0877%,0.0002,1.4642,0.8366,0.1011,1.8230%,2.4308%,43.7543%,-0.020612,ENTG,88439.0,2019-02-19,252.0,0.5266%,0.0001,1.4614,0.8401,0.1052,1.8222%,2.4261%,43.5893%,-0.000345,ENTG,88439.0,2019-02-20,252.0,2.9977%,0.0003,1.4687,0.8587,0.1319,1.8284%,2.4332%,43.5368%,0.0246729999999999,ENTG,0.010335,0.003242,0.00814,-0.0013699999999999,-0.001001
34235,E Q T CORP,"EQT Shareholders, Rice Team, Presents Plan For Co. To Increase Value, Says Plans To Generate At Least $500M In Incremental Free Cash Flow Per Year",6,increase,0.8,0.7,"the announcement of a plan to generate at least $500m in incremental free cash flow per year is likely to be viewed positively by investors, suggesting potential for increased shareholder value.",2,2019-02-05,EQT,2019-02-05 14:08:00+00:00,24328.0,26884L10,-0.0348837450146675,4778606.0,-0.0214772056788206,0.0061038066633045,-0.0449678860604763,0.0097586307674646,-0.0028026478830724,-0.0191436298191547,0.0331645980477333,0.004046531394124,0.0272034835070371,0.0217054300010204,0.0174788106232881,-0.0310465171933174,-0.0510150119662284,0.0571731068193912,0.0401098616421222,-0.0083989426493644,0.0021129956003278,-0.0470235385000705,0.0200316850095987,-0.0561851039528846,-0.0165374521166086,0.0104962419718504,0.0147135453298687,0.0224389806389808,0.0258933193981647,-0.0214797500520944,-0.0388691872358322,0.0076959999278187,-0.0383404120802879,0.0206185597926378,-0.0103767681866884,0.0293077267706394,0.0756070017814636,-0.0085169430822134,0.0174448508769273,-0.0191646832972765,-0.021684331819415,0.0309017542749643,-0.0283504761755466,0.0112704560160636,0.001061032176949,0.0103520061820745,-0.0270270388573408,-0.0291457250714302,0.0185185261070728,0.0534674562513828,0.0508020743727684,-0.015633201226592,-0.0005089174956083,-0.0322743020951747,0.0112016918137669,0.0237480159848928,-0.0226586479693651,0.1011938974261284,0.0324575528502464,-0.0578468069434166,0.0004989182343706,0.0064690480940043,0.0389027781784534,-0.0179989505559206,-0.0273643638938665,0.0010598065564408,-0.0370187573134899,-0.0010586845455691,0.0251153130084276,-0.0262886714190244,0.0064999582245945,-0.0391283258795738,0.0099354581907391,0.0100050410255789,0.0157402697950601,-0.0142998471856117,0.0043583610095083,0.0331126637756824,-0.0091610671952366,0.0662682950496673,0.0034064040519297,0.0233463086187839,-0.0252182558178901,-0.0142465876415371,0.039303433150053,-0.0349021591246128,0.0344663113355636,0.0106895118951797,-0.004627504851669,-0.0047872425056993,-0.0269641987979412,-0.0141583885997533,0.0062111397273838,0.021424725651741,-0.0047483565285801,-0.000535344122909,0.0176527127623558,0.0314743071794509,0.0117205809801816,0.0179876144975423,0.0069508627057075,0.0646320730447769,-0.0216290522366762,-0.0210527069866657,-0.0385700687766075,0.0282622519880533,0.0298433806747198,-0.0331396274268627,-0.001900190487504,-0.0160182379186153,-0.0123750707134604,-0.0581896528601646,-0.0284337420016527,0.018244793638587,0.0411706306040287,-0.0350975506007671,0.0038113351911306,0.0316092632710933,-0.029425673186779,0.0184372570365667,-0.0180929508060216,-0.0242719091475009,-0.0179283171892166,-0.0093351639807224,-0.0214772056788206,0.0061038066633045,-0.0654793072014342,0.0159220022262724,-0.0680984396427936,-0.0035264325094818,-0.0110005755581684,0.0222222383031618,0.0152905069861062,-0.0661000721524907,0.0929457700640545,0.0471149487647315,0.0347042675511501,0.0652904299656169,2019-02-06,2019-02-07,2019-02-08,2019-02-11,2019-02-12,2019-02-13,2019-02-14,2019-02-15,2019-02-19,2019-02-20,24328.0,2019-02-05,252.0,-3.4884%,-0.0009,1.2697,0.1989,0.6283,2.4590%,2.7914%,22.3950%,-0.036681,EQT,24328.0,2019-02-06,252.0,-2.1477%,-0.001,1.2764,0.1971,0.6324,2.4616%,2.7766%,21.3994%,-0.019204,EQT,24328.0,2019-02-07,252.0,-4.4968%,-0.001,1.2915,0.1926,0.6249,2.4702%,2.7899%,21.6058%,-0.035408,EQT,24328.0,2019-02-08,252.0,-0.2803%,-0.0009,1.2903,0.2258,0.6416,2.4593%,2.7790%,21.6852%,0.000151,EQT,24328.0,2019-02-11,252.0,3.3165%,-0.0008,1.314,0.2427,0.6633,2.4646%,2.7815%,21.4894%,0.028293,EQT,24328.0,2019-02-12,252.0,2.7203%,-0.0007,1.3364,0.2222,0.6783,2.4591%,2.7862%,22.1037%,0.0103119999999999,EQT,24328.0,2019-02-13,252.0,1.7479%,-0.0007,1.3246,0.2477,0.6862,2.4532%,2.7739%,21.7850%,0.0130289999999999,EQT,24328.0,2019-02-14,252.0,-5.1015%,-0.0009,1.3358,0.2236,0.7114,2.4686%,2.7916%,21.8028%,-0.0456419999999999,EQT,24328.0,2019-02-15,252.0,4.0110%,-0.0008,1.3498,0.2386,0.7373,2.4724%,2.7991%,21.9843%,0.020942,EQT,24328.0,2019-02-19,252.0,0.2113%,-0.0011,1.3212,0.2763,0.7822,2.4071%,2.7263%,22.0439%,-0.0034549999999999,EQT,24328.0,2019-02-20,252.0,2.0032%,-0.001,1.3266,0.2954,0.8031,2.4064%,2.7282%,22.2001%,0.012511,EQT,-0.055885,-0.091293,-0.091142,-0.052537,-0.055152
34243,EDWARDS LIFESCIENCES CORP,Hearing FDA Recalls Swan-Ganz Thermodilution Catheter Due To Incorrect Assembly Causing Reversal Of Lumens,6,decrease,0.8,0.7,"the fda recall of a medical device due to assembly issues can lead to safety concerns and potential financial liabilities, likely resulting in a decrease in stock price.",0,2019-02-05,EW,2019-02-05 19:59:00+00:00,87657.0,28176E10,-0.007004827260971,1208906.0,0.0027629253454506,0.0154712544754147,-0.0019345869077369,-0.0100927194580435,0.0098677985370159,0.009956101886928,0.0080265514552593,0.0157717950642108,0.0246956255286932,-0.0131876040250062,-0.0076580923050642,-0.0134786861017346,-0.0006241877563297,0.0085106529295444,0.0094254128634929,0.0091250594705343,-0.0042186970822513,-0.0036840878892689,-0.0019771005026996,-0.000712608336471,-0.0155082093551755,0.0584501475095748,-0.0082212714478373,0.0157686490565538,-0.0119992587715387,-0.0336232781410217,-0.0135531416162848,0.0842865109443664,0.0027359272353351,-0.0216622874140739,0.0041520670056343,-0.014892641454935,0.0261091236025095,0.0049238386563956,-0.0143918022513389,0.0114016477018594,0.008001840673387,0.0191665217280387,-0.0055626765824854,0.0068585546687245,-0.0038456381298601,0.0352220349013805,-0.0099439173936843,-0.0373894497752189,0.0254047214984893,-0.0256577190011739,0.0108320172876119,0.0183498077094554,0.0140788936987519,0.0026665499899536,0.000618293590378,0.0136494962498545,0.0097179850563406,0.0576758682727813,0.061974961310625,-0.0297483410686254,-0.0080150812864303,-0.0291503090411424,-0.0023764097131788,-0.0332574099302291,0.0171509720385074,-0.0154428025707602,-0.0164454262703657,0.0067087681964039,0.0021693655289709,-0.0319115743041038,0.0046462770551443,-0.0232401937246322,-0.0143472552299499,0.00490378215909,0.0064515671692788,-0.000306410016492,0.0136152114719152,0.0078434059396386,-0.0069513502530753,0.0299598705023527,0.0,-0.0374701209366321,0.0037368773482739,0.038004420697689,-0.0073934434913098,-0.0372613556683063,-0.0052298228256404,0.0088266646489501,0.0011682928306981,-0.004852632060647,0.0075850416906178,0.0108661903068423,-0.0059486464597284,0.042259894311428,0.0081025194376707,0.0122503144666552,0.007091857958585,0.0300269704312086,-0.0129362624138593,-0.0001349633821519,0.0061301258392632,-0.0091583337634801,-0.0677556246519088,-0.0019349381327629,-0.0012959095183759,-0.0374414063990116,0.005697900429368,0.0169149134308099,0.0152016123756766,0.0300706457346677,-0.0179577860981226,0.0027657069731503,-0.0028694903012365,0.0029770124237984,-0.0062070088461041,-0.0351220108568668,-0.0101634869351983,-0.0252624973654747,0.0099811013787984,-0.004497698508203,-0.0038621451240032,0.0335887186229229,0.0186441894620657,0.0198998041450977,0.0027629253454506,0.0154712544754147,0.0008229933185133,0.0052223879862867,0.0106989129877936,0.0152304845000992,0.0439715231512127,0.0176428740110048,0.0386220223485169,0.0172198441361943,0.1105167411341057,0.1149365723811486,0.0502616140724085,0.1439732812334904,2019-02-06,2019-02-07,2019-02-08,2019-02-11,2019-02-12,2019-02-13,2019-02-14,2019-02-15,2019-02-19,2019-02-20,87657.0,2019-02-05,252.0,-0.7005%,0.0006,1.0099,0.0257,-1.1023,1.3229%,2.0209%,57.1486%,-0.018249,EW,87657.0,2019-02-06,252.0,0.2763%,0.0007,1.0,0.0288,-1.1114,1.3228%,2.0050%,56.4712%,0.005659,EW,87657.0,2019-02-07,252.0,-0.1935%,0.0008,1.0067,0.0155,-1.1073,1.3205%,2.0050%,56.6236%,0.011637,EW,87657.0,2019-02-08,252.0,0.9868%,0.0007,1.0073,-0.0083,-1.1203,1.3103%,2.0021%,57.1649%,0.001214,EW,87657.0,2019-02-11,252.0,0.8027%,0.0007,1.0044,0.006,-1.1141,1.3112%,1.9803%,56.1616%,0.009148,EW,87657.0,2019-02-12,252.0,2.4696%,0.0007,1.0044,0.012,-1.1151,1.3114%,1.9822%,56.2311%,0.009041,EW,87657.0,2019-02-13,252.0,-0.7658%,0.0007,1.0087,0.0005,-1.1197,1.3106%,1.9830%,56.3168%,-0.009797,EW,87657.0,2019-02-14,252.0,-0.0624%,0.0007,1.0103,-0.0025,-1.1167,1.3110%,1.9830%,56.2915%,-0.005103,EW,87657.0,2019-02-15,252.0,0.9425%,0.0007,1.0022,-0.0095,-1.1294,1.3090%,1.9792%,56.2578%,0.003276,EW,87657.0,2019-02-19,252.0,-0.4219%,0.0006,0.997,-0.0053,-1.1242,1.3060%,1.9685%,55.9838%,-0.002807,EW,87657.0,2019-02-20,252.0,-0.1977%,0.0006,0.998,-0.0007,-1.1201,1.3056%,1.9680%,55.9914%,0.002223,EW,-0.01259,-0.000953,0.0002609999999999,0.01845,0.006242
34251,ISHARES INC,"'During his State of the Union address tonight, Trump isn't planning to declare a national emergency on the U.S. border with Mexico.' -Bloomberg's Jennifer Jacobs Tweets",6,uncertain,0.5,0.5,"the news about trump's decision not to declare a national emergency may have mixed implications for market sentiment, leading to uncertainty in ishares inc's stock price.",1,2019-02-05,EWW,2019-02-05 19:39:00+00:00,83223.0,46428682,0.01086719147861,3030240.0,-0.0076788566075265,0.0053512081503868,-0.0050851101987063,-0.0033333671744912,-0.0126666594296693,0.0087424209341406,-0.0112536577507853,-0.0044633061625063,0.0011381569784134,0.0044833165593445,-0.0306957364082336,-0.0044633061625063,0.0171240791678428,0.0044833165593445,0.0099169807508587,-0.0015666896943002,0.0038821229245513,0.0076680234633386,-0.0011373802553862,-0.0161970164626836,0.0059211640618741,-0.0004435674927663,0.0108671812340617,-0.0026542565319687,0.0026875459589064,0.0109570184722542,-0.0058075077831745,0.0056217671371996,-0.0094360411167144,0.0047447560355067,-0.0120208384469151,-0.0042745205573737,-0.0061983573250472,0.002254843013361,-0.0053129945881664,0.011171861551702,-0.0046446993947029,0.0164542067795991,-0.0118992561474442,0.0117233293130993,-0.0136953489854931,0.0205790996551513,0.0047881435602903,-0.0125236008316278,0.0114367296919226,0.0276833269745111,0.0025912981946021,0.0009723120019771,0.0025845111813396,0.0024366099387407,-0.0030465726740658,0.0009756321087479,0.0145744923502206,0.0098522547632455,0.0169137977063655,0.004453248810023,-0.0015948894433677,-0.0141463857144117,0.0255590807646513,0.0219342242926359,0.0028927696403115,0.0032507439609616,-0.0392722524702549,0.017695078626275,0.0143186822533607,-0.0151477679610252,0.0013661514967679,-0.0022299343254417,-0.0111413793638348,-0.0078662661835551,-0.0020694446284323,0.0149700213223695,0.0043778484687209,-0.0022403867915272,0.0227116700261831,-0.0105911409482359,-0.0094213094562292,-0.0004923795931972,0.0015851380303502,0.0183003153651952,0.0156002407893538,-0.0167611613869667,0.0249332766979932,0.0059508518315851,0.0154213523492217,-0.0100638149306178,-0.0038502740208059,0.0159601811319589,0.0008589416975155,0.0445428267121315,-0.005792757961899,0.0166843514889478,0.0036684973165392,-0.04934548959136,-0.0051601347513496,-0.0158572699874639,0.0079965190961956,0.0014888677978888,0.0115780644118785,-0.0213696230202913,-0.0010597548680379,-0.0048332712613046,-0.0012731036404147,0.0283300038427114,-0.0091353366151452,-0.0117878075689077,-0.0102915856987237,0.0034499601460993,0.0054159443825483,-0.022168630734086,0.00237019197084,-0.0290126726031303,-0.0064488225616514,0.0030509519856423,-0.0015144892968237,-0.0676148831844329,-0.0099675599485635,0.0035133913625031,-0.0052527440711855,0.0019802013412117,-0.0076788566075265,0.0053512081503868,-0.0127249189741835,0.002000003434303,-0.0252303961889368,0.010759909240336,-0.0351031641365332,0.0107599092225572,-0.0366389196145942,0.0004437651461983,-0.0140413168411777,0.1238783989004039,-0.0028521507367468,0.0013025029294295,2019-02-06,2019-02-07,2019-02-08,2019-02-11,2019-02-12,2019-02-13,2019-02-14,2019-02-15,2019-02-19,2019-02-20,83223.0,2019-02-05,252.0,1.0867%,-0.0004,0.668,0.0705,0.1027,1.4265%,1.6017%,20.6837%,0.0086229999999999,EWW,83223.0,2019-02-06,252.0,-0.7679%,-0.0004,0.6435,0.0785,0.0777,1.4239%,1.5811%,18.8939%,-0.0063739999999999,EWW,83223.0,2019-02-07,252.0,-0.5085%,-0.0005,0.6333,0.0911,0.0765,1.4198%,1.5721%,18.4314%,0.000599,EWW,83223.0,2019-02-08,252.0,-1.2667%,-0.0004,0.635,0.1096,0.0956,1.4178%,1.5695%,18.3916%,-0.012855,EWW,83223.0,2019-02-11,252.0,-1.1254%,-0.0005,0.6233,0.1035,0.0862,1.4194%,1.5603%,17.2444%,-0.013186,EWW,83223.0,2019-02-12,252.0,0.1138%,-0.0005,0.6146,0.1096,0.0807,1.4190%,1.5568%,16.9265%,-0.0073129999999999,EWW,83223.0,2019-02-13,252.0,-3.0696%,-0.0006,0.6105,0.1035,0.0718,1.4333%,1.5681%,16.4562%,-0.032639,EWW,83223.0,2019-02-14,252.0,1.7124%,-0.0006,0.606,0.1137,0.0608,1.4381%,1.5719%,16.2951%,0.018184,EWW,83223.0,2019-02-15,252.0,0.9917%,-0.0006,0.6031,0.1114,0.0565,1.4378%,1.5701%,16.1517%,0.002393,EWW,83223.0,2019-02-19,252.0,0.3882%,-0.0006,0.6016,0.1159,0.0617,1.4373%,1.5682%,15.9987%,0.002144,EWW,83223.0,2019-02-20,252.0,-0.1137%,-0.0006,0.6011,0.1154,0.06,1.4373%,1.5682%,15.9929%,-0.0029749999999999,EWW,0.0022489999999999,0.0028479999999999,-0.010007,-0.030506,-0.043399
34259,FREEPORT MCMORAN INC,Freeport-McMoRan Option Alert: Mar 15 $13 Calls Sweep (15) near the Ask: 1000 @ $0.241 vs 19574 OI; Ref=$11.92,6,increase,0.7,0.6,"the significant call option activity suggests bullish sentiment among investors, indicating a potential increase in freeport-mcmoran's stock price.",2,2019-02-05,FCX,2019-02-05 14:38:00+00:00,81774.0,35671D85,0.0008431896567344,18497275.0,0.0033698368351906,0.0304082911461591,-0.0041981688700616,-0.0111683942377567,-0.021079258993268,0.0328305102884769,-0.0068906052038073,0.0784689635038375,-0.0034692075569182,0.0165369734168052,0.0696257799863815,-0.0854092612862587,-0.0105777150020003,0.0504672862589359,0.00986841134727,-0.1307880282402039,0.0659609511494636,-0.0056542563252151,0.0198625084012746,-0.0143312336876988,-0.0247190948575735,0.0354493223130703,0.0153609681874513,0.0201850105077028,0.0030257157050073,0.0276577919721603,-0.0060331765562295,0.0017315588193014,-0.0015174853615462,-1.637843105584125e-08,-0.0197568573057651,0.0078193005174398,-0.002325560664758,0.0,-0.0069930190220475,0.0276786088943481,0.0046948688104748,0.0181818008422851,-0.0233645010739564,0.01663588732481,-0.0183412712067365,0.0744786486029625,-0.0178716704249382,-0.0279922746121883,0.022332465276122,0.0048495861701667,0.0234627798199653,-0.0152817424386739,0.0007905319798737,-0.0187441240996122,-0.0268562529236078,0.0259615834802389,0.0024351207539439,0.0633946731686592,0.0218623075634241,-0.026865717023611,0.0047543914988636,-0.0185546465218067,0.011040961369872,0.0058938572183251,0.0078003420494496,-0.0396226458251476,-0.0572755225002765,0.0009443086455576,0.0164203457534313,0.0018921908922493,0.0258481167256832,-0.0320513173937797,0.0007874196162447,-0.0135501017794013,0.0015735251363366,0.0288103595376014,0.0125687988474965,0.0065482365898787,0.0162917021661996,-0.0210623163729906,0.0015266796108335,-0.0206277631223201,0.0030487775802612,-0.0304348152130842,0.0303951799869537,-0.0488006733357906,-0.0169616881757974,0.0125628625974059,0.0307576786726713,0.0101522747427225,-0.0262008495628833,-0.0125313755124807,0.0082211997359991,0.0649466663599014,-0.0059303133748471,0.0135256638750433,0.0253542102873325,0.0297121331095695,-0.0007299437420442,-0.0560910962522029,0.0343316495418548,0.0487132109701633,0.0028248562011867,-0.0547350235283374,-0.014084493741393,-0.0376254022121429,-0.0250000264495611,0.0,-0.0139193832874298,0.0363951548933982,0.0089152958244085,0.0257777739316225,-0.1008836477994919,0.0080645298585295,0.0237510204315185,-0.016740133985877,-0.0055999755859375,-0.048616923391819,-0.0096540534868836,-0.0324411690235137,-0.0487408898770809,0.010655746795237,-0.0170794036239385,-0.001636698609218,0.0033698368351906,0.0304082911461591,-0.0008424791789696,0.0189002851247857,-0.0219039793354276,0.052351301418507,-0.0320134896451825,0.1536964950419186,0.1246841243422873,-0.0557325529223067,0.0800336853502812,0.1700728009928269,-0.0267895842778749,-0.0252584912714777,2019-02-06,2019-02-07,2019-02-08,2019-02-11,2019-02-12,2019-02-13,2019-02-14,2019-02-15,2019-02-19,2019-02-20,81774.0,2019-02-05,252.0,0.0843%,-0.001,1.6105,0.4783,0.5919,2.4337%,2.9709%,32.8984%,-0.002165,FCX,81774.0,2019-02-06,252.0,0.3370%,-0.0012,1.6932,0.4515,0.6745,2.4137%,2.9692%,33.9152%,0.0064459999999999,FCX,81774.0,2019-02-07,252.0,-0.4198%,-0.0013,1.6682,0.4789,0.6738,2.4024%,2.9425%,33.3434%,0.009405,FCX,81774.0,2019-02-08,252.0,-2.1079%,-0.0012,1.6699,0.5226,0.7098,2.3890%,2.9311%,33.5668%,-0.018271,FCX,81774.0,2019-02-11,252.0,-0.6891%,-0.0013,1.688,0.4875,0.7003,2.3883%,2.9214%,33.1686%,-0.01441,FCX,81774.0,2019-02-12,252.0,-0.3469%,-0.0014,1.6729,0.4891,0.6923,2.3929%,2.9172%,32.7126%,-0.0254329999999999,FCX,81774.0,2019-02-13,252.0,6.9626%,-0.0011,1.6908,0.4856,0.7075,2.4257%,2.9511%,32.4387%,0.064063,FCX,81774.0,2019-02-14,252.0,-1.0578%,-0.0011,1.6911,0.4828,0.7117,2.4250%,2.9504%,32.4449%,-0.0055489999999999,FCX,81774.0,2019-02-15,252.0,0.9868%,-0.0014,1.6452,0.4401,0.6353,2.4091%,2.9127%,31.5885%,-0.013964,FCX,81774.0,2019-02-19,252.0,6.5961%,-0.0011,1.6621,0.4713,0.669,2.4377%,2.9433%,31.4021%,0.059553,FCX,81774.0,2019-02-20,252.0,1.9863%,-0.0009,1.6678,0.494,0.692,2.4348%,2.9436%,31.5820%,0.011888,FCX,0.004281,0.013686,-0.0045849999999999,-0.0444279999999999,0.071563
34267,FEDEX CORP,CNBC Reports Amazon Makes Clear It's Now Competing With Shippers Like Fedex And Ups In Its Annual Filing,6,decrease,0.8,0.7,"amazon's clear intention to compete with fedex and ups could lead to increased competition and potential loss of market share for fedex, negatively impacting its stock price.",0,2019-02-05,FDX,2019-02-05 18:21:00+00:00,60628.0,31428X10,0.0054725552909076,1671226.0,0.0004354315169621,0.0190731044858694,-0.0132745904847979,0.0097988974303007,-0.0227710735052824,0.0005635098787024,0.0217219069600105,0.0224104113876819,0.0240764301270246,-0.0021844382863491,0.0009166792733594,-0.007983542047441,-0.0091584799811244,0.007237188052386,-0.0251195915043354,0.0024183178320527,0.0052983653731644,-0.0126208150759339,0.0092094512656331,-0.0057091726921498,0.002033945871517,0.0210076719522476,-0.0098200198262929,0.0111461468040943,0.003213484538719,0.0042782379314303,0.0035345412325114,-0.0053628571331501,0.0005502770654857,0.0032750309910625,-0.0044551868923008,0.0051140980795025,0.0099447686225175,-0.002755151130259,-0.0090809827670454,0.021374637261033,-0.0062382956966757,0.0017393903108313,-0.0101661123335361,0.0139877339825034,-0.0298574045300483,0.0460588485002517,-0.0024875728413462,-0.0367669574916362,0.0271859243512153,0.0115291671827435,0.0040804832242429,0.0147817721590399,0.013320542871952,-0.0126692866906523,-0.0025065278168767,0.0054324720986187,-0.0061425403691828,0.0487884543836116,0.0248342417180538,-0.0335443243384361,-0.0054275779984891,-0.0107688531279563,-0.0349484384059906,-0.0171681344509124,0.0223910324275493,-0.1216150522232056,-0.0279345214366912,0.0154783027246594,-0.0110351061448454,-0.0104285385459661,0.0178996138274669,-0.016401283442974,0.0053668427281081,-0.0057896189391613,0.0102788209915161,-0.0072765075601637,0.0197302419692277,-0.0170009788125753,0.0277823340147733,-0.0420080758631229,-0.0129793416708707,-0.0605412349104881,0.0063033401966094,-0.0021344036795198,0.0133916288614273,-0.0631194114685058,0.0118825370445847,0.0045414553023874,0.0077936337329447,0.0065934066660702,-0.0074720862321555,-0.0187621563673019,0.0055277864448726,0.0293922238051891,0.0045549483038485,0.0008443052065558,0.0264762695878744,0.0073410896584391,-0.0039096432738006,0.0038193252403289,0.0053522433154284,0.0054667331278324,0.0042082942090928,-0.0219178367406129,0.0004543892573565,-0.0017204084433615,-0.0109512908384203,-0.0049163564108312,-0.0043371305800974,0.0117693813517689,0.0139906508848071,0.0119096189737319,-0.0454361960291862,0.0131129147484898,-0.025573156774044,-0.0212566368281841,0.014073091559112,-0.0217959899455308,0.0151637019589543,-0.0081286961212754,-0.020268190652132,0.0198879670351743,0.0076500279828906,0.0186874065548181,0.0004354315169621,0.0190731044858694,-0.0128449391429076,0.0290588973107046,-0.0353235195947959,0.0296387821651058,0.0093615713045436,0.0504138233749147,-0.0099057973019447,0.0328980376334604,-0.0435287620655225,0.1244231217266396,0.0218676316739776,-0.1764980512556401,2019-02-06,2019-02-07,2019-02-08,2019-02-11,2019-02-12,2019-02-13,2019-02-14,2019-02-15,2019-02-19,2019-02-20,60628.0,2019-02-05,252.0,0.5473%,-0.001,1.2737,0.2072,0.4788,1.2506%,1.8346%,53.5282%,0.002937,FDX,60628.0,2019-02-06,252.0,0.0435%,-0.0011,1.3164,0.1934,0.5215,1.2403%,1.8262%,53.8725%,0.002823,FDX,60628.0,2019-02-07,252.0,-1.3275%,-0.001,1.324,0.1844,0.5221,1.2379%,1.8272%,54.1003%,-0.002914,FDX,60628.0,2019-02-08,252.0,-2.2771%,-0.0011,1.3276,0.1818,0.5354,1.2430%,1.8321%,53.9690%,-0.020553,FDX,60628.0,2019-02-11,252.0,2.1722%,-0.0011,1.3289,0.2056,0.549,1.2483%,1.8143%,52.6615%,0.017332,FDX,60628.0,2019-02-12,252.0,2.4076%,-0.0009,1.3526,0.181,0.5655,1.2312%,1.8184%,54.1588%,0.006795,FDX,60628.0,2019-02-13,252.0,0.0917%,-0.0009,1.3502,0.1841,0.5654,1.2310%,1.8139%,53.9469%,-0.003475,FDX,60628.0,2019-02-14,252.0,-0.9158%,-0.0009,1.351,0.1824,0.5672,1.2311%,1.8146%,53.9706%,-0.004101,FDX,60628.0,2019-02-15,252.0,-2.5120%,-0.001,1.3398,0.1678,0.5431,1.2533%,1.8209%,52.6241%,-0.0436639999999999,FDX,60628.0,2019-02-19,252.0,0.5298%,-0.001,1.3383,0.1714,0.5473,1.2528%,1.8176%,52.4908%,0.0005369999999999,FDX,60628.0,2019-02-20,252.0,0.9209%,-0.001,1.3399,0.1768,0.5534,1.2528%,1.8187%,52.5485%,0.003179,FDX,0.00576,0.002846,-0.0177069999999999,0.00642,-0.0411039999999999
34275,FOOT LOCKER INC,"Foot Locker Reports Global Realignment To Support Its Int'l. Growth Strategy; Will Form 3 Distinct Geographical Regions: EMEA, Asia Pacific, North America",6,increase,0.7,0.6,"the global realignment to support international growth suggests a strategic focus that could enhance foot locker's market presence and profitability, likely leading to a positive investor sentiment.",2,2019-02-05,FL,2019-02-05 21:45:00+00:00,15456.0,34484910,0.0146821793168783,1555595.0,0.0,0.0143479313701391,-0.0017645752523094,-0.0148505643010139,-0.0014141420833766,-0.0139379128813743,0.0079659577459096,0.0022988694254308,0.0173867531120777,-0.002997213974595,0.0037977078463882,-0.0005286128725856,0.0135855041444301,0.0024730504956096,0.0059382813051342,-0.0014111486962065,0.0091077908873558,-0.006310265045613,0.0036770415026694,-0.0226143524050712,-0.0006661268416792,0.0135439969599247,-0.0061656213365495,0.0270342193543911,0.002682760823518,-0.0106980111449956,-0.0152173889800906,0.0036965161561965,0.0081507815048098,0.0054867500439286,0.0025265542790293,0.0139985419809818,0.059643805027008,-0.0106533821672201,0.0044394922442734,-0.0081014279276132,-0.0089976275339722,0.0067375395447015,0.0058936406858265,0.0276968013495206,-0.0163104124367237,0.0273306425660848,-0.0328396186232566,0.012509474530816,-0.0038282847963273,-0.0082707228139042,0.0041771093383431,0.0175975896418094,-0.0066555361263453,0.0071277003735303,-0.0058626849204301,0.0063977898098528,-0.0062341862358152,0.0541590340435504,0.0147507451474666,0.0034865050110965,0.0116959195584058,0.0175292193889617,-0.0175061523914337,0.0113971522077918,0.0055471174418926,-0.03207353875041,-0.0486459359526634,0.0279294811189174,0.0238973926752805,-0.0332927219569683,-0.0006864753086119,-0.0136163458228111,0.0121930120512843,-0.0381355844438076,0.0244316682219505,-0.0049827927723526,0.0036435476504266,-0.0062844795174896,0.0099010281264781,-0.0101790940389037,-0.008986915461719,-0.0260694324970245,0.0189612153917551,-0.0083742775022983,0.0428802222013473,-0.0241606067866087,-0.0116368690505623,-0.001950365374796,-0.0058084605261683,0.0186021775007247,-0.0350544936954975,-0.0147687159478664,0.0021273288875818,0.0262966118752956,-0.0084911892190575,-0.0094066653400659,0.0194334704428911,0.04380664229393,0.0180936809629201,0.0,0.0087273763492703,0.1490561664104462,-0.0067642186768352,-0.055726308375597,-0.0149776712059974,-0.0406839549541473,-0.0347784124314785,-0.010116740129888,0.0095525979995727,0.004691198002547,0.0258963722735643,0.001566131832078,-0.0224919002503156,0.0037335909437388,-0.0177122950553894,0.0129378521814942,-0.0092686088755726,-0.0110235745087266,-0.0268753487616777,0.0077365483157336,-0.0195769779384136,-0.0057199392467737,-0.0048137004487216,0.0099601596593856,0.0,0.0143479313701391,-0.0017645752523094,-0.0007157078082735,-0.0031762219755625,-0.0146436452165676,0.0222340252721442,-0.015338552761786,0.0596435716771428,-0.0431728717936037,0.0497618451047334,0.1858289043284382,-0.0090350897113644,0.1192146171319323,2019-02-06,2019-02-07,2019-02-08,2019-02-11,2019-02-12,2019-02-13,2019-02-14,2019-02-15,2019-02-19,2019-02-20,15456.0,2019-02-05,252.0,1.4682%,0.0012,0.9655,0.8007,0.618,2.5656%,2.7684%,14.1190%,0.014831,FL,15456.0,2019-02-06,252.0,0.0000%,0.0013,0.9274,0.813,0.5805,2.5615%,2.7441%,12.8634%,0.0016719999999999,FL,15456.0,2019-02-07,252.0,-0.1765%,0.0012,0.9073,0.8368,0.5787,2.5533%,2.7308%,12.5785%,0.005553,FL,15456.0,2019-02-08,252.0,-0.1414%,0.0011,0.9074,0.8328,0.5765,2.5532%,2.7306%,12.5711%,0.0012439999999999,FL,15456.0,2019-02-11,252.0,0.7966%,0.0012,0.878,0.8589,0.5752,2.5492%,2.7157%,11.8863%,-0.000227,FL,15456.0,2019-02-12,252.0,1.7387%,0.0013,0.8814,0.8582,0.577,2.5494%,2.7173%,11.9762%,0.0061519999999999,FL,15456.0,2019-02-13,252.0,0.3798%,0.0013,0.8838,0.8537,0.576,2.5491%,2.7173%,11.9948%,0.0003109999999999,FL,15456.0,2019-02-14,252.0,1.3586%,0.0013,0.8805,0.8607,0.5688,2.5504%,2.7182%,11.9681%,0.0142429999999999,FL,15456.0,2019-02-15,252.0,0.5938%,0.0012,0.8555,0.837,0.5266,2.5473%,2.7064%,11.4167%,-0.008993,FL,15456.0,2019-02-19,252.0,0.9108%,0.0012,0.8539,0.8413,0.5315,2.5470%,2.7058%,11.3932%,0.003375,FL,15456.0,2019-02-20,252.0,0.3677%,0.0012,0.8534,0.8432,0.5306,2.5467%,2.7057%,11.4090%,-0.002819,FL,0.016503,0.022056,0.0232999999999999,0.0292249999999999,0.0353419999999999
34283,AMICUS THERAPEUTICS INC,"Amicus Therapeutics Highlights Data in Pompe Disease Phase 1/2 Study for Up to 24 Months Will Be Presented at 15th Annual WORLDSymposium Feb. 6, 2019",6,increase,0.7,0.6,"the presentation of data from a phase 1/2 study in pompe disease at a prominent symposium suggests positive developments in amicus therapeutics' research, which could boost investor confidence and lead to an increase in stock price.",2,2019-02-05,FOLD,2019-02-05 21:38:00+00:00,92040.0,03152W10,-0.0521955378353595,3264059.0,0.0183566473424434,-0.0008278335444629,-0.0394849814474582,0.0033222560305148,0.0187667608261108,0.0317052155733108,-0.0377192422747612,0.0291005223989486,0.0209662299603223,0.0115967988967895,-0.0008928775787353,-0.0369416065514087,0.0017873510951176,0.0448833033442497,0.0187332779169082,-0.0287706982344389,0.0148861715570092,-0.0204952843487262,-0.0431406386196613,-0.0487408898770809,0.0144273983314633,0.0008130267378874,0.0444444455206394,0.0115131866186857,0.0587233677506446,0.0141784884035587,-0.0233118943870067,0.0536027811467647,0.0230453256517648,-0.0306643657386302,-0.0265486650168895,-0.007607789710164,0.1504132002592087,0.0304878391325473,-0.0014368144329637,0.0017451574094593,-0.0244603753089904,0.0456204377114772,-0.0353982672095298,0.0064278873614966,-0.0030581010505557,0.05421107634902,0.0015337774530053,0.0288844592869281,0.0329249091446399,0.0480167046189308,0.0200148597359657,0.0356756672263145,0.0079941609874367,-0.0032327298540622,-0.0245133489370346,0.0097932703793048,0.0221729632467031,0.0673635229468345,-0.0216919872909784,0.0274462457746267,-0.0051736654713749,-0.0594836957752704,-0.0066864895634353,-0.0511182621121406,0.0336574278771877,-0.0647410005331039,-0.0405209474265575,-0.0428979806602001,0.0007541650556959,-0.0019029930699616,0.0158251002430915,-0.0009505920461378,-0.0229969937354326,-0.0410209484398365,0.0197418555617332,0.0388257429003715,0.0126582328230142,-0.0047124633565545,-0.0088235912844538,0.0695564076304435,0.0126112820580601,-0.0424710027873516,0.0300366897135973,0.0443547964096069,-0.0106686037033796,-0.0932357907295227,0.0352264381945133,-0.0090580051764845,-0.0069444049149751,0.0464454740285873,-0.0209790337830781,-0.0176908373832702,0.0114285601302981,0.0386846810579299,-0.0240113101899623,-0.0625566244125366,0.0043415646068751,0.0504761636257171,-0.0244956873357296,0.009615421295166,0.0073855523951351,0.0389609783887863,-0.0564516447484493,-0.0272108577191829,-0.013986038044095,-0.042790699750185,0.0,0.0336538851261138,0.0472813546657562,0.0156249850988388,-0.0105342622846365,-0.0500927604734897,0.0083650657907128,0.0662710294127464,0.014328776858747,-0.0453258268535137,-0.0007435114239342,-0.0212568901479244,-0.0074404338374733,-0.0517090409994125,0.0052473535761237,0.0242369379848241,0.010439995676279,-0.048269934952259,0.0183566473424434,-0.0008278335444629,-0.0218531459847687,0.0024916722110666,-0.0034964979226521,0.0342758867889674,-0.0209789985352699,0.0767171849512269,-0.0305943531870295,-0.0194964025488568,0.1687063372934487,0.2854099303532946,0.1844406280019102,0.03118323549339,2019-02-06,2019-02-07,2019-02-08,2019-02-11,2019-02-12,2019-02-13,2019-02-14,2019-02-15,2019-02-19,2019-02-20,92040.0,2019-02-05,252.0,-5.2196%,-0.0013,1.5198,1.7942,-0.3908,2.7741%,3.4650%,35.9034%,-0.060041,FOLD,92040.0,2019-02-06,252.0,1.8357%,-0.0013,1.5437,1.7861,-0.3641,2.7764%,3.4616%,35.6708%,0.022053,FOLD,92040.0,2019-02-07,252.0,-3.9485%,-0.0014,1.5409,1.7984,-0.3703,2.7780%,3.4649%,35.7224%,-0.021487,FOLD,92040.0,2019-02-08,252.0,1.8767%,-0.0015,1.5391,1.7666,-0.3986,2.7727%,3.4608%,35.8102%,0.013826,FOLD,92040.0,2019-02-11,252.0,-3.7719%,-0.0014,1.4328,1.8008,-0.4358,2.7497%,3.3877%,34.1220%,-0.050716,FOLD,92040.0,2019-02-12,252.0,2.0966%,-0.0013,1.444,1.7877,-0.4278,2.7474%,3.3899%,34.3130%,0.000279,FOLD,92040.0,2019-02-13,252.0,-0.0893%,-0.0013,1.446,1.7826,-0.4298,2.7473%,3.3897%,34.3080%,-0.005809,FOLD,92040.0,2019-02-14,252.0,0.1787%,-0.0012,1.4485,1.7802,-0.4291,2.7452%,3.3888%,34.3804%,-0.007039,FOLD,92040.0,2019-02-15,252.0,1.8733%,-0.0014,1.4084,1.7442,-0.4942,2.7272%,3.3595%,34.0998%,-0.000126,FOLD,92040.0,2019-02-19,252.0,1.4886%,-0.0014,1.4125,1.7473,-0.491,2.7276%,3.3603%,34.1130%,0.008535,FOLD,92040.0,2019-02-20,252.0,-4.3141%,-0.0014,1.4042,1.7491,-0.5153,2.7271%,3.3610%,34.1636%,-0.047068,FOLD,-0.037988,-0.059475,-0.045649,-0.096086,-0.147593
34291,GLADSTONE INVESTMENT CORP,Gladstone Investment Q3 EPS $0.24 Beats $0.18 Estimate,6,increase,0.8,0.6,beating earnings estimates typically signals positive performance and can lead to an increase in stock price.,2,2019-02-05,GAIN,2019-02-05 21:54:00+00:00,90729.0,37654610,0.0091743469238281,73148.0,0.0500000156462192,-0.0054744910448789,0.0069264001213014,-0.000911597860977,0.0085984030738472,0.013863269239664,0.0238704774528741,0.0197926517575979,-0.0041632130742073,0.0018885273020714,-0.0033444783184677,-0.0014143696753308,0.0041946470737457,0.0004716189287137,0.0066833687014877,0.0114504620432853,-0.0117842350155115,0.0164887607097625,-0.0042229890823364,-0.0264400113373994,0.0161153171211481,0.0028408837970346,0.0058431262150406,-0.0150138586759567,0.0,0.0237191654741764,-0.0074688922613859,0.0047664623707532,-0.0100334351882338,0.0125482743605971,-0.0126689672470092,0.0038759654853492,0.0017109032487496,0.0167487766593694,-0.0025618900544941,0.0129739679396152,-0.015410984866321,0.0162272620946168,-0.0060869301669299,0.0228215046226978,-0.0017498212400823,0.025531992316246,0.0035056935157626,-0.0010627235751599,0.0262008905410766,0.0096566686406731,-0.0136170079931616,0.0021504843607544,0.012079325504601,-0.001074138446711,0.0025576034095138,0.016375608742237,0.0068027144297957,0.0350281856954097,0.0092905117198824,0.0068259863182902,-0.0110460091382265,-0.0079006431624293,-0.0068085039965808,-0.0390456169843673,0.0017137535614892,-0.0087512927129864,-0.0076988195069134,-0.0021299740765243,-0.0051724496297538,-0.0543806590139865,0.0034662012476474,0.0070994575507938,0.0120898401364684,-0.002024337882176,-0.0017065237043425,0.0040650367736816,-0.0085469596087932,0.0010173172922804,0.0172413624823093,-0.009072596207261,0.0161016583442688,-0.0060119708068668,0.0025021424517035,-4.1928068128527236e-08,-0.0016639315290376,-0.0069238077849149,0.0075000128708779,0.0171026233583688,0.0016542186494916,0.007092167623341,0.0,0.0,0.0148637741804122,0.0175257809460163,0.0187144428491592,0.0,-0.0119808763265609,0.0031023507472127,0.0105093056336045,0.0093945879489183,0.0112000275403261,-0.0123711228370666,-0.0047468687407672,-0.0192113779485225,-0.0160571932792663,0.0068756318651139,0.0064987749792635,0.0061038066633045,-0.0016142418608069,0.0010183532722294,0.0,0.0020407657139003,-0.0040420526638627,-0.0080971578136086,0.0129870008677244,-0.0060361637733876,0.0040064258500933,0.0040404004976153,-0.0007980267982929,0.012269927188754,-0.0079872505739331,-0.03929278627038,-0.0032206089235842,-0.0405277423560619,0.0500000156462192,-0.0054744910448789,0.0572727358819578,-0.0063810983715295,0.0663635930240602,0.0073937079833652,0.0872727293183137,0.0292728466821003,0.0779738901370454,0.0292728480520132,0.0731771482250316,0.1898252383021033,0.1447578541920386,0.0550402501418412,2019-02-06,2019-02-07,2019-02-08,2019-02-11,2019-02-12,2019-02-13,2019-02-14,2019-02-15,2019-02-19,2019-02-20,90729.0,2019-02-05,252.0,0.9174%,0.001,0.4765,0.3831,0.2718,1.3657%,1.4596%,12.4574%,0.00904,GAIN,90729.0,2019-02-06,252.0,5.0000%,0.0012,0.4287,0.3976,0.2314,1.3909%,1.4662%,10.0184%,0.050796,GAIN,90729.0,2019-02-07,252.0,0.6926%,0.0012,0.4204,0.4043,0.2328,1.3905%,1.4636%,9.7407%,0.010428,GAIN,90729.0,2019-02-08,252.0,0.8598%,0.0008,0.4219,0.3051,0.1739,1.2177%,1.2979%,11.9872%,0.009524,GAIN,90729.0,2019-02-11,252.0,2.3870%,0.0009,0.4164,0.3374,0.1885,1.2232%,1.3003%,11.5133%,0.020766,GAIN,90729.0,2019-02-12,252.0,-0.4163%,0.0009,0.4103,0.3375,0.1853,1.2250%,1.3004%,11.2610%,-0.009673,GAIN,90729.0,2019-02-13,252.0,-0.3344%,0.0008,0.4061,0.3423,0.1847,1.2246%,1.2989%,11.1072%,-0.004925,GAIN,90729.0,2019-02-14,252.0,0.4195%,0.0008,0.4051,0.344,0.1832,1.2247%,1.2988%,11.0892%,0.004239,GAIN,90729.0,2019-02-15,252.0,0.6683%,0.0009,0.4121,0.3502,0.1944,1.2234%,1.2993%,11.3429%,0.000267,GAIN,90729.0,2019-02-19,252.0,-1.1784%,0.0009,0.4113,0.3376,0.1802,1.2262%,1.3015%,11.2446%,-0.014266,GAIN,90729.0,2019-02-20,252.0,-0.4223%,0.0008,0.409,0.3313,0.1716,1.2270%,1.3017%,11.1443%,-0.0068379999999999,GAIN,0.059836,0.070264,0.079788,0.090881,0.069358
34299,GEOSPACE TECHNOLOGIES CORP,"Geospace Technologies Q1 EPS $(0.44) Misses $(0.15) Estimate, Sales $17.875M Beat $16.2M Estimate",6,decrease,0.7,0.6,"the significant miss in eps expectations is likely to weigh more heavily on investor sentiment than the sales beat, leading to a potential decrease in stock price.",0,2019-02-05,GEOS,2019-02-05 21:28:00+00:00,85567.0,37364X10,-0.0380253307521343,67668.0,0.0020804253872483,-0.0079417526721954,0.0352941341698169,0.0053226831369102,-0.0314171314239502,0.0019999821670353,0.0462387911975383,0.0033444943837821,-0.0046173939481377,0.0,0.0079522784799337,0.0060565378516912,-0.0019723689183592,0.0178081691265106,0.02173912525177,-0.001367955119349,0.0348161831498146,-0.0311464723199605,0.018691660836339,0.0066711395047605,0.0061162309721112,0.0316586419939994,0.0097264340147376,0.0453237518668174,-0.0066225528717041,0.0123816523700952,-0.0169697385281324,0.025392023846507,0.0234279334545135,0.0022455605212599,-0.0120482388883829,0.0237547475844621,0.0158536732196807,0.0171473324298858,-0.0480192191898822,0.0439381599426269,-0.0081967283040285,0.0049060033634305,-0.0222504418343305,0.0225752089172601,-0.0039011975750327,0.0196078866720199,-0.0156657826155424,0.0605785809457302,-0.0258620921522378,0.0727449059486389,0.0088495658710598,-0.0264400113373994,0.0215924866497516,-0.0381471440196037,0.0026420054491609,-0.008108121342957,-0.0671937018632888,0.0090909441933035,0.0451977662742137,-0.0359333790838718,-0.00202700891532,-0.0922832041978836,0.0176031999289989,-0.0086751263588666,-0.0219560824334621,-0.052316877990961,-0.0625850409269332,-0.0066815256141126,-0.0232220385223627,-0.0323275737464427,0.0170876327902078,-0.0556309148669242,-0.0226442273706197,-0.0277044903486967,-0.005979067645967,0.0271002445369958,-0.0270677153021097,0.0416372716426849,0.0270479433238506,-0.0353981964290142,-0.0045147044584155,-0.0534794367849826,0.0166288949549198,0.0084470510482788,-0.0104088764637708,0.0032594648655503,0.0015025923494249,-0.0135048255324363,0.0075019039213657,-0.0006426881882362,0.0290394183248281,-0.0095480345189571,0.0289436019957065,0.0355965681374073,-0.0042194388806819,0.0013201622059568,-0.0317796468734741,0.072946161031723,-0.0036469870246946,-0.0548861920833587,0.0080527532845735,-0.0361290611326694,0.0021786298602819,0.0084580425173044,0.0036232022102922,0.0392156802117824,0.0180505402386188,0.0779883116483688,-0.0035461126826703,0.0433460585772991,0.0085409171879291,0.0099845742806792,-0.0119971828535199,-0.1076079308986664,0.0100000249221921,0.0603197626769542,0.0176803395152092,0.0007272893562912,-0.0653231739997863,-0.0107913399115204,-0.0089219249784946,0.0145985260605812,-0.0667667165398597,0.0193452555686235,0.0020804253872483,-0.0079417526721954,0.0374479863698131,-0.002661340968311,0.0048543466365202,-0.0006666814357527,0.0464632494448362,0.0026755832357117,0.1338419056945361,-6.01817484735534e-11,0.0423023359497967,0.1821766216113611,-0.1373093206928236,0.115327403783912,2019-02-06,2019-02-07,2019-02-08,2019-02-11,2019-02-12,2019-02-13,2019-02-14,2019-02-15,2019-02-19,2019-02-20,85567.0,2019-02-05,252.0,-3.8025%,0.0008,0.9362,1.0031,0.8989,2.7821%,2.9672%,12.0840%,-0.036118,GEOS,85567.0,2019-02-06,252.0,0.2080%,0.0008,0.931,1.0047,0.8941,2.7821%,2.9576%,11.5132%,0.003511,GEOS,85567.0,2019-02-07,252.0,3.5294%,0.001,0.9231,0.9973,0.9045,2.7938%,2.9654%,11.2394%,0.041672,GEOS,85567.0,2019-02-08,252.0,-3.1417%,0.0012,0.926,1.0646,0.9611,2.7673%,2.9461%,11.7667%,-0.026606,GEOS,85567.0,2019-02-11,252.0,4.6239%,0.0014,0.9196,1.1172,0.9862,2.7750%,2.9537%,11.7369%,0.035606,GEOS,85567.0,2019-02-12,252.0,-0.4617%,0.0013,0.9095,1.1176,0.981,2.7770%,2.9533%,11.5839%,-0.015771,GEOS,85567.0,2019-02-13,252.0,0.7952%,0.0014,0.9159,1.1078,0.9799,2.7758%,2.9531%,11.6481%,0.003948,GEOS,85567.0,2019-02-14,252.0,-0.1972%,0.0014,0.9174,1.1075,0.9784,2.7740%,2.9518%,11.6836%,-0.000226,GEOS,85567.0,2019-02-15,252.0,2.1739%,0.0016,0.9513,1.1383,1.0339,2.7629%,2.9526%,12.4357%,0.003808,GEOS,85567.0,2019-02-19,252.0,3.4816%,0.0018,0.9599,1.1487,1.0449,2.7664%,2.9596%,12.6286%,0.026506,GEOS,85567.0,2019-02-20,252.0,1.8692%,0.0019,0.9636,1.1657,1.0605,2.7639%,2.9603%,12.8292%,0.008494,GEOS,-0.032607,0.0090649999999999,-0.017541,0.0022939999999999,0.0448239999999999
34307,GILEAD SCIENCES INC,Analysts Focus On Gilead's Late-Stage Data Readouts Following Mixed Q4,6,uncertain,0.6,0.3,"the focus on late-stage data readouts suggests potential for positive developments, but the mixed q4 results create uncertainty about immediate investor sentiment.",1,2019-02-05,GILD,2019-02-05 20:26:00+00:00,77274.0,37555810,-0.0338330157101154,14499946.0,0.0158096887171268,0.0,-0.0213818363845348,0.0005713599966838,0.0028240552637726,0.0025776929687708,0.002223232993856,0.0034488504752516,-0.0328305400907993,0.0247385147958993,0.0082568945363163,-0.014368618838489,0.0065210843458771,0.0153256841003894,0.0183817017823457,-0.00571427680552,-0.0122798383235931,-0.0043764119036495,0.0032954046037048,-0.009106638841331,-0.0213496591895818,0.007720302324742,0.002898471429944,0.0149320242926478,-0.0059324521571397,-0.0128429261967539,-0.0010711506474763,0.0188847091048955,0.0044424161314964,-0.0133509915322065,-0.0083880284801125,0.001763708773069,0.015226169489324,0.0014718644088134,-0.0084836417809128,-0.0022028770763427,-0.0161955319344997,-0.0068553271703422,-0.0228296518325805,0.0045420886017382,-0.0061983377672731,0.0459770113229751,0.0111946389079093,0.0285309180617332,0.0175549071282148,0.0142286075279116,0.0076158768497407,0.0108273783698678,0.0141909327358007,-0.0168413985520601,-0.0050189974717795,-0.0044290190562605,0.0129649071022868,0.0442682579159736,-0.0092945396900177,-0.033216193318367,0.0072285640053451,-0.0261275898665189,-0.013589852489531,0.0015577275771647,0.0049535557627677,-0.0098704416304826,-0.017714075744152,-0.0042998525314033,0.0003136342857033,-0.0068628480657935,0.0070543494075536,-0.026429085060954,-0.0090286117047071,-0.0032286604400724,0.000471234350698,0.006201981101185,0.0207254439592361,0.003407962154597,0.0133824814110994,-0.0096845729276537,0.0054644905030727,-0.029063981026411,0.0063406676054,0.0092020034790039,0.0027001600246876,-0.0184871237725019,0.0104728396981954,-0.0150125352665782,-0.0023690208327025,0.0322858355939388,-0.0191451609134674,0.0072264773771166,0.019821535795927,0.0259489901363849,-0.0161721650511026,0.0074693751521408,-0.0155330840498209,0.0052561364136636,0.0022978174965828,-0.0022475507576018,-0.0136023135855794,-0.0122835850343108,-0.0199876185506582,-0.0064696725457906,-0.0047430708073079,-0.0171964578330516,-0.0171565022319555,-0.0083118639886379,0.018910652026534,-0.0109143052250146,-0.0038071330636739,-0.0052170772105455,0.0213375817984342,0.0061001605354249,0.0157468374818563,-0.0096937688067555,-0.0035303661134094,-0.0097384108230471,0.0018484712345525,-0.0082782292738556,-0.0026137479580938,0.0302772559225559,0.0066286465153098,0.0110663501545786,0.0158096887171268,0.0,-0.0059101878448479,0.0005713599966838,-0.0031028232781684,0.0031505257561008,-0.0336879247752206,0.0315122842871347,-0.0103427442915193,0.0125759278797441,-0.0362270883291115,0.0911215962283289,-0.0257836580314524,0.0152752499050097,2019-02-06,2019-02-07,2019-02-08,2019-02-11,2019-02-12,2019-02-13,2019-02-14,2019-02-15,2019-02-19,2019-02-20,77274.0,2019-02-05,252.0,-3.3833%,-0.0006,0.9498,0.078,0.0563,1.3110%,1.6825%,39.2874%,-0.037782,GILD,77274.0,2019-02-06,252.0,1.5810%,-0.0005,0.9441,0.0795,0.0532,1.3160%,1.6659%,37.6003%,0.017768,GILD,77274.0,2019-02-07,252.0,-2.1382%,-0.0006,0.941,0.0889,0.0492,1.3164%,1.6631%,37.3448%,-0.012805,GILD,77274.0,2019-02-08,252.0,0.2824%,-0.0007,0.9414,0.0579,0.0307,1.2997%,1.6523%,38.1314%,0.002172,GILD,77274.0,2019-02-11,252.0,0.2223%,-0.0006,0.9147,0.0847,0.0312,1.2930%,1.6164%,36.0060%,0.0003529999999999,GILD,77274.0,2019-02-12,252.0,-3.2831%,-0.0008,0.8896,0.0842,0.0184,1.3230%,1.6267%,33.8528%,-0.045335,GILD,77274.0,2019-02-13,252.0,0.8257%,-0.0008,0.8908,0.0847,0.02,1.3236%,1.6262%,33.7504%,0.005603,GILD,77274.0,2019-02-14,252.0,0.6521%,-0.0008,0.8884,0.0893,0.0158,1.3242%,1.6259%,33.6655%,0.007967,GILD,77274.0,2019-02-15,252.0,1.8382%,-0.0007,0.8944,0.0957,0.0269,1.3253%,1.6281%,33.7334%,0.007945,GILD,77274.0,2019-02-19,252.0,-1.2280%,-0.0007,0.8958,0.0814,0.0107,1.3255%,1.6297%,33.8459%,-0.014437,GILD,77274.0,2019-02-20,252.0,0.3295%,-0.0007,0.8973,0.0894,0.0174,1.3239%,1.6287%,33.9189%,0.001255,GILD,-0.020014,-0.032819,-0.030647,-0.075629,-0.067296
34315,GILEAD SCIENCES INC,Gilead Sciences shares are trading lower after the company reported Q4 EPS of $1.44 versus $1.70 estimate; sales declined 3.8% year over year due to weakness in its hepatitis C segment.,6,decrease,0.8,0.6,the lower-than-expected eps and declining sales in a key segment are likely to negatively impact investor sentiment and lead to a decrease in stock price.,0,2019-02-05,GILD,2019-02-05 15:39:00+00:00,77274.0,37555810,-0.0338330157101154,14499946.0,0.0158096887171268,0.0,-0.0213818363845348,0.0005713599966838,0.0028240552637726,0.0025776929687708,0.002223232993856,0.0034488504752516,-0.0328305400907993,0.0247385147958993,0.0082568945363163,-0.014368618838489,0.0065210843458771,0.0153256841003894,0.0183817017823457,-0.00571427680552,-0.0122798383235931,-0.0043764119036495,0.0032954046037048,-0.009106638841331,-0.0213496591895818,0.007720302324742,0.002898471429944,0.0149320242926478,-0.0059324521571397,-0.0128429261967539,-0.0010711506474763,0.0188847091048955,0.0044424161314964,-0.0133509915322065,-0.0083880284801125,0.001763708773069,0.015226169489324,0.0014718644088134,-0.0084836417809128,-0.0022028770763427,-0.0161955319344997,-0.0068553271703422,-0.0228296518325805,0.0045420886017382,-0.0061983377672731,0.0459770113229751,0.0111946389079093,0.0285309180617332,0.0175549071282148,0.0142286075279116,0.0076158768497407,0.0108273783698678,0.0141909327358007,-0.0168413985520601,-0.0050189974717795,-0.0044290190562605,0.0129649071022868,0.0442682579159736,-0.0092945396900177,-0.033216193318367,0.0072285640053451,-0.0261275898665189,-0.013589852489531,0.0015577275771647,0.0049535557627677,-0.0098704416304826,-0.017714075744152,-0.0042998525314033,0.0003136342857033,-0.0068628480657935,0.0070543494075536,-0.026429085060954,-0.0090286117047071,-0.0032286604400724,0.000471234350698,0.006201981101185,0.0207254439592361,0.003407962154597,0.0133824814110994,-0.0096845729276537,0.0054644905030727,-0.029063981026411,0.0063406676054,0.0092020034790039,0.0027001600246876,-0.0184871237725019,0.0104728396981954,-0.0150125352665782,-0.0023690208327025,0.0322858355939388,-0.0191451609134674,0.0072264773771166,0.019821535795927,0.0259489901363849,-0.0161721650511026,0.0074693751521408,-0.0155330840498209,0.0052561364136636,0.0022978174965828,-0.0022475507576018,-0.0136023135855794,-0.0122835850343108,-0.0199876185506582,-0.0064696725457906,-0.0047430708073079,-0.0171964578330516,-0.0171565022319555,-0.0083118639886379,0.018910652026534,-0.0109143052250146,-0.0038071330636739,-0.0052170772105455,0.0213375817984342,0.0061001605354249,0.0157468374818563,-0.0096937688067555,-0.0035303661134094,-0.0097384108230471,0.0018484712345525,-0.0082782292738556,-0.0026137479580938,0.0302772559225559,0.0066286465153098,0.0110663501545786,0.0158096887171268,0.0,-0.0059101878448479,0.0005713599966838,-0.0031028232781684,0.0031505257561008,-0.0336879247752206,0.0315122842871347,-0.0103427442915193,0.0125759278797441,-0.0362270883291115,0.0911215962283289,-0.0257836580314524,0.0152752499050097,2019-02-06,2019-02-07,2019-02-08,2019-02-11,2019-02-12,2019-02-13,2019-02-14,2019-02-15,2019-02-19,2019-02-20,77274.0,2019-02-05,252.0,-3.3833%,-0.0006,0.9498,0.078,0.0563,1.3110%,1.6825%,39.2874%,-0.037782,GILD,77274.0,2019-02-06,252.0,1.5810%,-0.0005,0.9441,0.0795,0.0532,1.3160%,1.6659%,37.6003%,0.017768,GILD,77274.0,2019-02-07,252.0,-2.1382%,-0.0006,0.941,0.0889,0.0492,1.3164%,1.6631%,37.3448%,-0.012805,GILD,77274.0,2019-02-08,252.0,0.2824%,-0.0007,0.9414,0.0579,0.0307,1.2997%,1.6523%,38.1314%,0.002172,GILD,77274.0,2019-02-11,252.0,0.2223%,-0.0006,0.9147,0.0847,0.0312,1.2930%,1.6164%,36.0060%,0.0003529999999999,GILD,77274.0,2019-02-12,252.0,-3.2831%,-0.0008,0.8896,0.0842,0.0184,1.3230%,1.6267%,33.8528%,-0.045335,GILD,77274.0,2019-02-13,252.0,0.8257%,-0.0008,0.8908,0.0847,0.02,1.3236%,1.6262%,33.7504%,0.005603,GILD,77274.0,2019-02-14,252.0,0.6521%,-0.0008,0.8884,0.0893,0.0158,1.3242%,1.6259%,33.6655%,0.007967,GILD,77274.0,2019-02-15,252.0,1.8382%,-0.0007,0.8944,0.0957,0.0269,1.3253%,1.6281%,33.7334%,0.007945,GILD,77274.0,2019-02-19,252.0,-1.2280%,-0.0007,0.8958,0.0814,0.0107,1.3255%,1.6297%,33.8459%,-0.014437,GILD,77274.0,2019-02-20,252.0,0.3295%,-0.0007,0.8973,0.0894,0.0174,1.3239%,1.6287%,33.9189%,0.001255,GILD,-0.020014,-0.032819,-0.030647,-0.075629,-0.067296
34323,GLATFELTER CORP,"PH Glatfelter Q4 Adj. EPS $0.03, Inline, Sales $229.5M Beat $224.87M Estimate",6,increase,0.7,0.5,"the company's sales beat estimates, which is generally a positive indicator for stock performance, despite the adjusted eps being inline with expectations.",2,2019-02-05,GLT,2019-02-05 11:58:00+00:00,57154.0,37732010,0.0152671607211232,446183.0,0.0353383645415306,0.0061443871818482,-0.0268700681626796,0.0187794007360935,-0.0037312863860279,0.0,0.0074905934743583,0.0142856622114777,0.0200743842869997,0.0128618013113737,-0.003644328797236,0.0008044469286687,-0.0065837712027132,0.0196883287280798,0.0272459425032138,0.0260942317545414,0.0043011056259274,-0.0222221817821264,0.011420402675867,0.0150375394150614,-0.0056457249447703,0.0318965390324592,0.0,-0.0025795127730816,0.0092264097183942,-0.0118946759030222,-0.0260196812450885,-0.005071806255728,-0.0043321601115167,-0.0092127015814185,-0.024655558168888,0.0144434254616498,0.014869874343276,0.0315513238310813,0.0007326175109483,0.0061728125438094,0.0146412746980786,0.042279414832592,-0.0440115220844745,0.0583657957613468,-0.0173584558069706,0.0587023384869098,-0.0053763939067721,-0.0433497130870819,0.0146718565374612,0.053278625011444,-0.0022831573151052,-0.0346191339194774,0.0076277945190668,-0.0155794350430369,0.0143830114975571,0.0039101582951843,-0.0037312863860279,0.0260781608521938,0.0389512740075588,0.003018177812919,0.0050468416884541,-0.0542341247200965,-0.0035867460537701,-0.0462795123457908,0.0064794239588081,-0.0036166328936815,-0.0479255467653274,-0.0246913339942693,0.0150262815877795,0.0356164686381816,0.0177646018564701,-0.0054496293887495,0.0072727547958493,-0.0265252143144607,0.0108302971348166,0.0366636626422405,0.0085714207962155,-0.0699061974883079,0.0516997538506984,-0.0084531176835298,-0.0040404400788247,-0.0033698368351906,-0.0129604078829288,-0.0141196073964238,0.0034554381854832,-0.0467141829431057,0.0103305522352457,-0.0094117559492588,-0.0047716218978166,-0.0039062649011611,-0.0212329048663377,0.0015649810666218,0.0111966300755739,0.0223999787122011,-0.0048442697152495,-0.0362374894320964,0.0013907861430197,0.0023184458259493,-0.0145833361893892,0.01889762096107,0.0077519812621176,-0.0327494516968727,-0.0013986333506181,-0.0007610524189658,0.0140055892989039,0.0045871878974139,-0.0096684666350483,-0.0015267524868249,0.0299860741943121,-0.0274684391915798,0.0,0.0097451359033584,-0.0027082541491836,-0.0241404473781585,0.0257977005094289,-0.0500347651541233,0.0039709080010652,-0.015731843188405,0.0402109213173389,-0.0317881107330322,-0.0234473943710327,0.0464310497045517,-0.015574287623167,-0.2187330424785614,0.0353383645415306,0.0061443871818482,0.0075187521148623,0.0250391758271073,0.0037594111114283,0.0250391758271073,0.0315789513074953,0.053054729493198,0.0654135236444573,0.094402682507501,0.0443609138071006,0.2039730527770851,0.1507159746353183,-0.2816576071795237,2019-02-06,2019-02-07,2019-02-08,2019-02-11,2019-02-12,2019-02-13,2019-02-14,2019-02-15,2019-02-19,2019-02-20,57154.0,2019-02-05,252.0,1.5267%,-0.0012,0.9642,1.057,0.8772,2.9830%,3.1684%,11.3588%,0.017211,GLT,57154.0,2019-02-06,252.0,3.5338%,-0.0011,0.9646,1.0562,0.8828,2.9926%,3.1695%,10.8513%,0.0368509999999999,GLT,57154.0,2019-02-07,252.0,-2.6870%,-0.0011,0.9825,1.0415,0.8801,2.9916%,3.1726%,11.0835%,-0.020069,GLT,57154.0,2019-02-08,252.0,-0.3731%,-0.0008,0.9807,1.0912,0.905,2.9714%,3.1562%,11.3696%,0.0008359999999999,GLT,57154.0,2019-02-11,252.0,0.7491%,-0.0008,0.9789,1.0895,0.9032,2.9714%,3.1533%,11.1992%,-0.003266,GLT,57154.0,2019-02-12,252.0,2.0074%,-0.0009,0.9731,1.1034,0.8978,2.9698%,3.1517%,11.2065%,0.0079779999999999,GLT,57154.0,2019-02-13,252.0,-0.3644%,-0.0008,0.9857,1.0794,0.8918,2.9642%,3.1481%,11.3402%,-0.00776,GLT,57154.0,2019-02-14,252.0,-0.6584%,-0.0009,0.9856,1.0765,0.8969,2.9625%,3.1461%,11.3344%,-0.0050539999999999,GLT,57154.0,2019-02-15,252.0,2.7246%,-0.0008,0.9891,1.0807,0.904,2.9630%,3.1469%,11.3444%,0.009013,GLT,57154.0,2019-02-19,252.0,0.4301%,-0.0009,0.9883,1.0795,0.9027,2.9631%,3.1468%,11.3395%,-0.003524,GLT,57154.0,2019-02-20,252.0,1.1420%,-0.0009,0.9886,1.0778,0.9032,2.9629%,3.1470%,11.3576%,0.002103,GLT,0.054062,0.0339929999999999,0.034829,0.039541,0.0343189999999999
34331,GENTEX CORP,Longbow Research Downgrades Gentex to Neutral,6,decrease,0.8,0.6,"a downgrade from longbow research typically signals reduced expectations for the company's performance, which can lead to a decline in stock price.",0,2019-02-05,GNTX,2019-02-05 11:11:00+00:00,38659.0,37190110,-0.009069237858057,2277061.0,0.0004817065782845,-0.0023809161502867,-0.0380356721580028,-0.0084985978901386,-0.0105104651302099,-0.0480898730456829,0.0106221083551645,-0.0338688939809799,0.0085085127502679,0.0069960579276084,-0.01339952647686,0.0035103079862892,-0.005533134099096,0.0088535090908408,0.0298432037234306,0.0044464375823736,0.0063850274309515,-0.0031028233934193,-0.0043923938646912,-0.0169935207813978,-0.0200980324298143,0.0259275771677494,0.0060030436143279,0.0035890499129891,0.0,0.0026991171762347,0.0109397964552044,0.0072496533393859,-0.0009837903780862,0.000453319546068,0.0014771387213841,0.0040965024381875,0.0078662661835551,0.0190166905522346,-0.0180488210171461,0.0256897713989019,0.0168902222067117,0.0347698517143726,0.0004885309608653,0.0,0.0029297545552253,0.0204897467046976,-0.0029211961664259,-0.0157402697950601,0.009277369827032,0.0059376964345574,0.0091920914128422,0.0186491403728723,-0.0086289690807461,-0.0119521794840693,-0.0062863184139132,0.0050050243735313,0.013625337742269,0.0309597738087177,-0.0072011337615549,-0.024660374969244,0.0009671401348896,-0.006002948153764,-0.020772960036993,0.0010015252046287,0.0074000796303153,0.0,-0.0235063433647155,-0.0039900210686028,0.0020059682428836,-0.0142576657235622,0.0110110724344849,-0.0150120807811617,0.0138613255694508,-0.0208629928529262,0.006836000829935,0.0105414139106869,0.0029097702354192,0.00288329529576,0.0212766211479902,-0.0095193125307559,-0.0151515901088714,-0.0300092156976461,0.01009620167315,-0.0145586756989359,0.0071394392289221,-0.0338461734354496,0.0018904024036601,0.0102131236344575,0.008490489795804,0.0044603203423321,-0.0119269853457808,-0.0053239054977893,0.0142788784578442,0.0162308663129806,0.0065697464160621,-0.0098213981837034,0.0172493662685155,-0.0004462395736481,-0.006874409969896,0.0026845398824661,0.0119981644675135,0.0090293800458312,0.0036479672417044,-0.0220750551670789,0.0131757836788892,0.0062194308266043,-0.020179321989417,-0.0131520926952362,0.0114416470751166,0.0101859848946332,0.0597284920513629,0.0231083016842603,-0.0277540404349565,0.0109940348193049,0.0228370856493711,0.0,-0.0072992732748389,-0.0081781148910522,-0.0038927400019019,0.0045641432516276,-0.0065133096650242,0.0157626401633024,0.0069930837489664,-0.0050738286226987,0.0004817065782845,-0.0023809161502867,-0.0375722876132063,-0.0108592795914539,-0.0476878505245954,-0.0584269312602162,-0.0293834592234839,-0.0839527745249736,-0.0173410696752788,-0.0871459647700128,-0.0236030702172374,0.054563607705087,0.1159013486477797,-0.028614654489534,2019-02-06,2019-02-07,2019-02-08,2019-02-11,2019-02-12,2019-02-13,2019-02-14,2019-02-15,2019-02-19,2019-02-20,38659.0,2019-02-05,252.0,-0.9069%,0.0001,0.8946,0.4735,0.7612,1.3852%,1.6657%,30.8378%,-0.008045,GNTX,38659.0,2019-02-06,252.0,0.0482%,0.0001,0.8933,0.4739,0.7601,1.3853%,1.6490%,29.4250%,0.001864,GNTX,38659.0,2019-02-07,252.0,-3.8036%,-0.0001,0.8884,0.494,0.7502,1.3927%,1.6526%,28.9726%,-0.032177,GNTX,38659.0,2019-02-08,252.0,-1.0510%,-0.0002,0.8896,0.4925,0.7542,1.3932%,1.6536%,29.0201%,-0.006481,GNTX,38659.0,2019-02-11,252.0,1.0622%,-0.0001,0.8917,0.4966,0.7575,1.3934%,1.6482%,28.5258%,0.004292,GNTX,38659.0,2019-02-12,252.0,0.8509%,-0.0002,0.8903,0.4966,0.7568,1.3935%,1.6477%,28.4768%,-0.00253,GNTX,38659.0,2019-02-13,252.0,-1.3400%,-0.0002,0.8898,0.4907,0.7517,1.3972%,1.6497%,28.2710%,-0.0168199999999999,GNTX,38659.0,2019-02-14,252.0,-0.5533%,-0.0002,0.8906,0.49,0.7518,1.3967%,1.6498%,28.3285%,-0.001956,GNTX,38659.0,2019-02-15,252.0,2.9843%,-0.0002,0.8914,0.4923,0.7552,1.3982%,1.6501%,28.2047%,0.014846,GNTX,38659.0,2019-02-19,252.0,0.6385%,-0.0002,0.891,0.4937,0.7569,1.3981%,1.6500%,28.1979%,0.000898,GNTX,38659.0,2019-02-20,252.0,-0.4392%,-0.0002,0.8886,0.4919,0.7493,1.3990%,1.6499%,28.1019%,-0.011434,GNTX,-0.006181,-0.0383579999999999,-0.044839,-0.043077,-0.0575429999999999
34339,GENWORTH FINANCIAL INC,Genworth Financial Q4 EPS $(0.58) Does Not Compare To $0.27 Estimate,6,decrease,0.8,0.7,"the significant miss in earnings per share (eps) compared to estimates typically leads to negative investor sentiment, likely resulting in a decrease in stock price.",0,2019-02-05,GNW,2019-02-05 22:11:00+00:00,90162.0,37247D10,-0.0041493736207485,1721891.0,-0.0145833687856793,-0.0041322275064885,-0.010570865124464,0.0,-0.0149572007358074,0.0210971273481845,0.0021691436413675,-0.0021053112577646,-0.0021644486114382,0.0021097529679536,-0.0043383906595408,-0.0083682918921113,-0.0087145883589982,-0.0164608899503946,0.0,-0.0020533371716737,-0.002197852358222,0.0124740004539489,-0.0110132582485675,-0.0399202145636081,0.0111359003931284,0.0060241385363042,-0.052863385528326,0.0020121184643357,-0.0651163235306739,0.0,-0.0422885753214359,0.0354165807366371,0.0233766641467809,0.0,-0.0177665408700704,0.0062893521972,-0.0077519309706985,0.0021007880568504,0.0130208833143115,0.0021053112577646,0.0205655321478843,0.0042283255606889,-0.0201511140912771,-0.0125260837376117,-0.0231362860649824,0.0191489700227975,-0.0447367988526821,-0.0063425390981137,-0.0082645202055573,0.0150214964523911,0.0527777932584285,0.0130434660241007,0.0369393415749073,-0.004329000134021,-0.0305343829095363,-0.0170212611556053,0.049868781119585,0.0421285070478916,-0.0099999904632568,0.0,0.0,0.0687204897403717,-0.010101000778377,-0.0093897739425301,0.0076530538499355,-0.0023418623022735,-0.0303797777742147,-0.0228832736611366,0.0052219270728528,-0.0179775115102529,0.020779263228178,0.0113635715097188,-0.0101781068369746,0.0,-0.0128535190597176,0.0208817068487405,-0.0026041641831398,0.0117370216175913,0.0391645170748233,-0.0161662120372057,-0.0175879225134849,0.0164318531751632,0.0025575421750545,-0.0637362524867057,0.0178571250289678,-0.0421052239835262,0.0025062633212655,0.0193133372813463,-0.0074999928474426,-0.0127118527889251,-0.0277078412473201,-0.0125523889437317,-0.0051813423633575,0.0598669536411762,0.0078124925494194,-0.0044150068424642,0.002584038535133,0.0022124401293694,-0.0103093292564153,0.0111857252195477,0.0,0.0395347885787487,-0.0208333134651184,-0.0507726296782493,-0.0026595718227326,-0.0109169678762555,-0.0133333206176757,-0.0065076374448835,0.0405405014753341,0.0021739627700299,-0.0207792017608881,0.002178595168516,0.0,0.0,0.0159151051193475,-0.0086393002420663,0.0078328913077712,-0.0169851221144199,-0.0181346982717514,0.0021277084015309,0.0052770399488508,0.0307017248123884,-0.0183726865798234,0.0604650564491748,-0.0145833687856793,-0.0041322275064885,-0.0250000750856496,-0.0041322275064885,-0.0395833446799906,0.0168777217117599,-0.0395833446511909,0.0168777217356712,-0.0645834194833253,-0.0379241622596833,-0.1833333514221252,0.1314553792401094,-0.2208333614839301,0.1209302202662798,2019-02-06,2019-02-07,2019-02-08,2019-02-11,2019-02-12,2019-02-13,2019-02-14,2019-02-15,2019-02-19,2019-02-20,90162.0,2019-02-05,252.0,-0.4149%,0.0028,1.1354,1.0448,1.6212,2.9899%,3.2467%,15.1954%,0.001411,GNW,90162.0,2019-02-06,252.0,-1.4583%,0.0028,1.127,1.0478,1.6107,2.9914%,3.2320%,14.3321%,-0.013216,GNW,90162.0,2019-02-07,252.0,-1.0571%,0.003,1.1632,1.005,1.6139,2.9686%,3.2190%,14.9539%,-0.005109,GNW,90162.0,2019-02-08,252.0,-1.4957%,0.0027,1.1666,0.9437,1.5877,2.9366%,3.1869%,15.0905%,-0.005471,GNW,90162.0,2019-02-11,252.0,0.2169%,0.0028,1.1158,0.9756,1.5783,2.9280%,3.1618%,14.2442%,-0.009445,GNW,90162.0,2019-02-12,252.0,-0.2164%,0.0028,1.1193,0.9582,1.5833,2.9269%,3.1614%,14.2870%,-0.014951,GNW,90162.0,2019-02-13,252.0,-0.4338%,0.0027,1.1167,0.9578,1.5803,2.9278%,3.1612%,14.2226%,-0.009256,GNW,90162.0,2019-02-14,252.0,-0.8715%,0.0028,1.1193,0.9558,1.5801,2.9249%,3.1594%,14.2925%,-0.002284,GNW,90162.0,2019-02-15,252.0,0.0000%,0.0026,1.0877,0.9247,1.5252,2.9270%,3.1466%,13.4713%,-0.022721,GNW,90162.0,2019-02-19,252.0,-0.2198%,0.0025,1.082,0.9199,1.5203,2.9278%,3.1459%,13.3830%,-0.0116219999999999,GNW,90162.0,2019-02-20,252.0,-1.1013%,0.0024,1.0736,0.8961,1.4892,2.9314%,3.1448%,13.1142%,-0.023555,GNW,-0.011805,-0.016914,-0.022385,-0.0467809999999999,-0.116219
34347,ALPHABET INC,"PiperJaffray Maintains Overweight on Alphabet, Raises Price Target to $1.355K",6,increase,0.8,0.7,maintaining an 'overweight' rating and raising the price target typically signals positive sentiment and potential for stock price appreciation.,2,2019-02-05,GOOG,2019-02-05 13:19:00+00:00,14542.0,02079K10,0.0116436621174216,3552194.0,-0.0268414299935102,0.0198514964431524,-0.0148131055757403,-0.00503416871652,-0.0033219889737665,0.025076612830162,-4.570418604998849e-05,0.0268145650625228,0.0240728259086608,-0.0088404240086674,-0.0010790023952722,-0.0191661100834608,0.0013480304041877,0.0159139260649681,-0.0071500702761113,-0.0015525924973189,0.0044089560396969,0.0047172652557492,-0.0042554796673357,-0.0252581257373094,-0.0151105020195245,0.0076704150997102,0.0122154885903,0.0082611488178372,-0.0008735563023947,0.0035463457461446,0.0051649361848831,0.0310714989900589,0.0008250553510151,-0.0118237975984811,0.0034675821661949,-0.0122766019776463,0.018813794478774,-0.004029253963381,0.0059685525484383,-0.0015051799127832,0.0123976124450564,0.0073849572800099,-0.003588585415855,-0.0021667364053428,-0.0125748682767152,0.0537861585617065,-0.0008572575170546,-0.0284839887171983,0.0292738154530525,0.0098878825083374,0.0148329092189669,-0.0014174131210893,0.0001005658050416,-0.006514205597341,-0.006511160172522,0.0042522503063082,-0.0009194785961881,0.0647804737091064,-0.0001688120973994,-0.0033893536310642,0.0123199010267853,-0.0295915398746728,0.0209534093737602,-0.0132941380143165,0.0061848480254411,-0.0055408729240298,-0.0211442895233631,0.0119818709790706,-0.0103691415861249,-0.0245369412004947,-0.0070243123918771,-0.0186458695679903,-0.009792149066925,-0.0016734630335122,-0.0038618517573922,0.0113430507481098,0.0041250404901802,0.0117357997223734,0.0180003531277179,0.0028652809560298,0.0050734961405396,-0.030082456767559,0.0045231976546347,0.0170438662171363,0.0075294841080904,-0.050260841846466,-0.0064608850516378,0.0109646115452051,-0.0027420441620051,0.0056326421909034,-0.0054741213098168,0.0019057367462664,0.0041010933928191,0.0400416925549507,0.0020462840329855,-0.0040147630497813,0.0109993191435933,0.0241629779338836,0.0026521554682403,-0.0132323130965232,0.004938194528222,0.0115523859858512,0.0075052855536341,0.0056470683775842,2.428886728012003e-05,-0.0390865579247474,0.0100859533995389,-0.0030242702923715,0.0125797409564256,0.0201693326234817,-0.0067613366991281,0.0073451907373964,0.0059314896352589,-0.0024839991237968,0.0069097336381673,-0.0258125215768814,0.0121051277965307,-0.0150129338726401,-0.0769660770893096,-0.0100512988865375,-0.0171648021787405,0.0355934835970401,-0.0046828733757138,0.0151141667738556,-0.0268414299935102,0.0198514964431524,-0.0412569306329528,0.014717391944262,-0.0444418645380653,0.04016306711408,-0.02148360423698,0.0586125319362424,-0.0280891997611668,0.0314497863149834,0.068045950583871,0.1073205956579854,0.0145027358771332,0.0891366082290514,2019-02-06,2019-02-07,2019-02-08,2019-02-11,2019-02-12,2019-02-13,2019-02-14,2019-02-15,2019-02-19,2019-02-20,14542.0,2019-02-05,252.0,1.1644%,-0.0001,1.2066,-0.3459,-0.7125,0.9124%,1.8178%,74.8076%,0.0018659999999999,GOOG,14542.0,2019-02-06,252.0,-2.6841%,-0.0002,1.2024,-0.3441,-0.7198,0.9243%,1.7975%,73.5583%,-0.0238229999999999,GOOG,14542.0,2019-02-07,252.0,-1.4813%,-0.0002,1.2025,-0.3437,-0.7201,0.9244%,1.7941%,73.4557%,-0.001371,GOOG,14542.0,2019-02-08,252.0,-0.3322%,-0.0001,1.2034,-0.3218,-0.7016,0.9159%,1.7843%,73.6494%,-0.009301,GOOG,14542.0,2019-02-11,252.0,-0.0046%,-0.0001,1.2115,-0.3266,-0.7,0.9153%,1.7613%,72.9948%,0.001907,GOOG,14542.0,2019-02-12,252.0,2.4073%,-0.0002,1.2037,-0.312,-0.7066,0.9083%,1.7531%,73.1586%,0.006372,GOOG,14542.0,2019-02-13,252.0,-0.1079%,-0.0002,1.206,-0.3172,-0.7084,0.9077%,1.7511%,73.1293%,-0.003868,GOOG,14542.0,2019-02-14,252.0,0.1348%,-0.0002,1.2059,-0.3162,-0.7101,0.9072%,1.7511%,73.1581%,0.001321,GOOG,14542.0,2019-02-15,252.0,-0.7150%,-0.0002,1.1927,-0.3299,-0.734,0.9129%,1.7487%,72.7484%,-0.016678,GOOG,14542.0,2019-02-19,252.0,0.4409%,-0.0002,1.194,-0.3269,-0.7307,0.9135%,1.7451%,72.5978%,0.005202,GOOG,14542.0,2019-02-20,252.0,-0.4255%,-0.0003,1.1929,-0.3325,-0.7355,0.9125%,1.7451%,72.6587%,-0.0018859999999999,GOOG,-0.0219569999999999,-0.0233279999999999,-0.032629,-0.02435,-0.040259
34355,ALPHABET INC,"Deutsche Bank Maintains Buy on Alphabet, Raises Price Target to $1.38K",6,increase,0.8,0.7,maintaining a 'buy' rating and raising the price target typically signals positive sentiment and potential for stock price appreciation.,2,2019-02-05,GOOG,2019-02-05 12:56:00+00:00,14542.0,02079K10,0.0116436621174216,3552194.0,-0.0268414299935102,0.0198514964431524,-0.0148131055757403,-0.00503416871652,-0.0033219889737665,0.025076612830162,-4.570418604998849e-05,0.0268145650625228,0.0240728259086608,-0.0088404240086674,-0.0010790023952722,-0.0191661100834608,0.0013480304041877,0.0159139260649681,-0.0071500702761113,-0.0015525924973189,0.0044089560396969,0.0047172652557492,-0.0042554796673357,-0.0252581257373094,-0.0151105020195245,0.0076704150997102,0.0122154885903,0.0082611488178372,-0.0008735563023947,0.0035463457461446,0.0051649361848831,0.0310714989900589,0.0008250553510151,-0.0118237975984811,0.0034675821661949,-0.0122766019776463,0.018813794478774,-0.004029253963381,0.0059685525484383,-0.0015051799127832,0.0123976124450564,0.0073849572800099,-0.003588585415855,-0.0021667364053428,-0.0125748682767152,0.0537861585617065,-0.0008572575170546,-0.0284839887171983,0.0292738154530525,0.0098878825083374,0.0148329092189669,-0.0014174131210893,0.0001005658050416,-0.006514205597341,-0.006511160172522,0.0042522503063082,-0.0009194785961881,0.0647804737091064,-0.0001688120973994,-0.0033893536310642,0.0123199010267853,-0.0295915398746728,0.0209534093737602,-0.0132941380143165,0.0061848480254411,-0.0055408729240298,-0.0211442895233631,0.0119818709790706,-0.0103691415861249,-0.0245369412004947,-0.0070243123918771,-0.0186458695679903,-0.009792149066925,-0.0016734630335122,-0.0038618517573922,0.0113430507481098,0.0041250404901802,0.0117357997223734,0.0180003531277179,0.0028652809560298,0.0050734961405396,-0.030082456767559,0.0045231976546347,0.0170438662171363,0.0075294841080904,-0.050260841846466,-0.0064608850516378,0.0109646115452051,-0.0027420441620051,0.0056326421909034,-0.0054741213098168,0.0019057367462664,0.0041010933928191,0.0400416925549507,0.0020462840329855,-0.0040147630497813,0.0109993191435933,0.0241629779338836,0.0026521554682403,-0.0132323130965232,0.004938194528222,0.0115523859858512,0.0075052855536341,0.0056470683775842,2.428886728012003e-05,-0.0390865579247474,0.0100859533995389,-0.0030242702923715,0.0125797409564256,0.0201693326234817,-0.0067613366991281,0.0073451907373964,0.0059314896352589,-0.0024839991237968,0.0069097336381673,-0.0258125215768814,0.0121051277965307,-0.0150129338726401,-0.0769660770893096,-0.0100512988865375,-0.0171648021787405,0.0355934835970401,-0.0046828733757138,0.0151141667738556,-0.0268414299935102,0.0198514964431524,-0.0412569306329528,0.014717391944262,-0.0444418645380653,0.04016306711408,-0.02148360423698,0.0586125319362424,-0.0280891997611668,0.0314497863149834,0.068045950583871,0.1073205956579854,0.0145027358771332,0.0891366082290514,2019-02-06,2019-02-07,2019-02-08,2019-02-11,2019-02-12,2019-02-13,2019-02-14,2019-02-15,2019-02-19,2019-02-20,14542.0,2019-02-05,252.0,1.1644%,-0.0001,1.2066,-0.3459,-0.7125,0.9124%,1.8178%,74.8076%,0.0018659999999999,GOOG,14542.0,2019-02-06,252.0,-2.6841%,-0.0002,1.2024,-0.3441,-0.7198,0.9243%,1.7975%,73.5583%,-0.0238229999999999,GOOG,14542.0,2019-02-07,252.0,-1.4813%,-0.0002,1.2025,-0.3437,-0.7201,0.9244%,1.7941%,73.4557%,-0.001371,GOOG,14542.0,2019-02-08,252.0,-0.3322%,-0.0001,1.2034,-0.3218,-0.7016,0.9159%,1.7843%,73.6494%,-0.009301,GOOG,14542.0,2019-02-11,252.0,-0.0046%,-0.0001,1.2115,-0.3266,-0.7,0.9153%,1.7613%,72.9948%,0.001907,GOOG,14542.0,2019-02-12,252.0,2.4073%,-0.0002,1.2037,-0.312,-0.7066,0.9083%,1.7531%,73.1586%,0.006372,GOOG,14542.0,2019-02-13,252.0,-0.1079%,-0.0002,1.206,-0.3172,-0.7084,0.9077%,1.7511%,73.1293%,-0.003868,GOOG,14542.0,2019-02-14,252.0,0.1348%,-0.0002,1.2059,-0.3162,-0.7101,0.9072%,1.7511%,73.1581%,0.001321,GOOG,14542.0,2019-02-15,252.0,-0.7150%,-0.0002,1.1927,-0.3299,-0.734,0.9129%,1.7487%,72.7484%,-0.016678,GOOG,14542.0,2019-02-19,252.0,0.4409%,-0.0002,1.194,-0.3269,-0.7307,0.9135%,1.7451%,72.5978%,0.005202,GOOG,14542.0,2019-02-20,252.0,-0.4255%,-0.0003,1.1929,-0.3325,-0.7355,0.9125%,1.7451%,72.6587%,-0.0018859999999999,GOOG,-0.0219569999999999,-0.0233279999999999,-0.032629,-0.02435,-0.040259
34363,ALPHABET INC,'Waymo reportedly in talks with Renault-Nissan Alliance on self-driving partnership' -Electrek,6,increase,0.7,0.6,"the potential partnership with renault-nissan could enhance waymo's market position and accelerate the development of self-driving technology, positively impacting investor sentiment towards alphabet inc.",2,2019-02-05,GOOGL,2019-02-05 18:42:00+00:00,90319.0,02079K30,0.0091552194207906,4114790.0,-0.0251590721309185,0.0203823000192642,-0.0151216769590973,-0.0064571313560009,-0.003191967960447,0.0254100896418094,-0.0002358621859457,0.0261012744158506,0.0231008976697921,-0.0090751824900507,0.0009312411420978,-0.0196548588573932,0.0005049894680269,0.0161531455814838,-0.0084749795496463,-0.000378117285436,0.0061448914930224,0.0053586764261126,-0.0052552074193954,-0.0258918479084968,-0.0146173043176531,0.0074423663318157,0.011184555478394,0.0088204657658934,0.0006895262631587,0.002761134179309,0.0041886046528816,0.0332854650914669,0.0007843110943213,-0.0121750365942716,0.0032594769727438,-0.0133107034489512,0.019501993432641,-0.0026071912143379,0.0042663812637329,-0.0034273755736649,0.013672293163836,0.0087831355631351,-0.0036349953152239,-0.0019942142535001,-0.0120950145646929,0.0512935295701026,-0.0007646564627066,-0.027695681899786,0.0254702642560005,0.0093018803745508,0.0152553208172321,-0.0016433796845376,0.0015118467854335,-0.0059074657037854,-0.0054459567181766,0.0048194387927651,-0.0018699575448408,0.0641636252403259,-0.0014702174812555,-0.0066381003707647,0.0117032611742615,-0.0315852351486682,0.0199342127889394,-0.0114731080830097,0.0079090949147939,-0.0076193185523152,-0.0230396315455436,0.0173158571124076,-0.0085041355341672,-0.0247786343097686,-0.0062971147708594,-0.0203346665948629,-0.0099424766376614,-0.0001768986694514,-0.0048726159147918,0.0113784726709127,0.003941067494452,0.0080422814935445,0.0187697801738977,0.0063063483685255,0.0054713664576411,-0.0292186122387647,0.0043715010397136,0.0146921658888459,0.0071356301195919,-0.0482729710638523,-0.0065603349357843,0.0060469163581728,-0.0026166345924139,0.0137679008767008,-0.004626483656466,0.0025553603190928,0.0031263334676623,0.0375470481812953,0.0026026894338428,-0.0034660228993743,0.0108631970360875,0.0250849109143018,0.0031078397296369,-0.0127752488479018,0.0043863621540367,0.0125965382903814,0.0066806669346988,0.0029490443412214,0.0010724241146817,-0.0382393710315227,0.0098995864391326,-0.0025956109166145,0.0134235862642526,0.0156176807358861,-0.0082952938973903,0.0063074184581637,0.0057854186743497,-0.0013246309245005,0.0079537285491824,-0.0256820060312748,0.0147014344111084,-0.0160876139998436,-0.075019285082817,-0.0122807202860713,-0.0213852133601903,0.0361547581851482,-0.0058039892464876,0.0131093803793191,-0.0251590721309185,0.0203823000192642,-0.0399003017286615,0.0137935574747014,-0.0429649092043785,0.0395541426484225,-0.0210874824224553,0.0570074438732499,-0.0271558671234114,0.0308136842681927,0.0647295784636909,0.1023314171268774,0.0127097794414496,0.0811666487709796,2019-02-06,2019-02-07,2019-02-08,2019-02-11,2019-02-12,2019-02-13,2019-02-14,2019-02-15,2019-02-19,2019-02-20,90319.0,2019-02-05,252.0,0.9155%,-0.0001,1.192,-0.3181,-0.7308,0.9235%,1.8148%,74.1076%,-0.0006469999999999,GOOGL,90319.0,2019-02-06,252.0,-2.5159%,-0.0002,1.1856,-0.3157,-0.7401,0.9334%,1.7932%,72.9051%,-0.022157,GOOGL,90319.0,2019-02-07,252.0,-1.5122%,-0.0002,1.1871,-0.3169,-0.7403,0.9334%,1.7912%,72.8464%,-0.001719,GOOGL,90319.0,2019-02-08,252.0,-0.3192%,-0.0001,1.1882,-0.2975,-0.7231,0.9274%,1.7832%,72.9497%,-0.00931,GOOGL,90319.0,2019-02-11,252.0,-0.0236%,-0.0002,1.1949,-0.3015,-0.7217,0.9270%,1.7598%,72.2533%,0.001627,GOOGL,90319.0,2019-02-12,252.0,2.3101%,-0.0002,1.1853,-0.285,-0.7296,0.9176%,1.7494%,72.4844%,0.005584,GOOGL,90319.0,2019-02-13,252.0,0.0931%,-0.0002,1.1903,-0.2942,-0.7316,0.9148%,1.7488%,72.6345%,-0.001806,GOOGL,90319.0,2019-02-14,252.0,0.0505%,-0.0002,1.1906,-0.2938,-0.7327,0.9142%,1.7487%,72.6735%,0.0001909999999999,GOOGL,90319.0,2019-02-15,252.0,-0.8475%,-0.0003,1.1756,-0.3091,-0.7595,0.9204%,1.7463%,72.2219%,-0.017777,GOOGL,90319.0,2019-02-19,252.0,0.6145%,-0.0002,1.1777,-0.3055,-0.7556,0.9214%,1.7433%,72.0642%,0.006986,GOOGL,90319.0,2019-02-20,252.0,-0.5255%,-0.0002,1.1764,-0.3109,-0.7607,0.9208%,1.7435%,72.1087%,-0.002765,GOOGL,-0.0228039999999999,-0.0245229999999999,-0.0338329999999999,-0.0266219999999999,-0.041793
34371,ALPHABET INC,"Citigroup Maintains Buy on Alphabet, Lowers Price Target to $1.325K",6,decrease,0.7,0.5,"while maintaining a 'buy' rating suggests confidence in the stock, lowering the price target indicates a less optimistic outlook, which could lead to a decrease in stock price.",0,2019-02-05,GOOGL,2019-02-05 13:06:00+00:00,90319.0,02079K30,0.0091552194207906,4114790.0,-0.0251590721309185,0.0203823000192642,-0.0151216769590973,-0.0064571313560009,-0.003191967960447,0.0254100896418094,-0.0002358621859457,0.0261012744158506,0.0231008976697921,-0.0090751824900507,0.0009312411420978,-0.0196548588573932,0.0005049894680269,0.0161531455814838,-0.0084749795496463,-0.000378117285436,0.0061448914930224,0.0053586764261126,-0.0052552074193954,-0.0258918479084968,-0.0146173043176531,0.0074423663318157,0.011184555478394,0.0088204657658934,0.0006895262631587,0.002761134179309,0.0041886046528816,0.0332854650914669,0.0007843110943213,-0.0121750365942716,0.0032594769727438,-0.0133107034489512,0.019501993432641,-0.0026071912143379,0.0042663812637329,-0.0034273755736649,0.013672293163836,0.0087831355631351,-0.0036349953152239,-0.0019942142535001,-0.0120950145646929,0.0512935295701026,-0.0007646564627066,-0.027695681899786,0.0254702642560005,0.0093018803745508,0.0152553208172321,-0.0016433796845376,0.0015118467854335,-0.0059074657037854,-0.0054459567181766,0.0048194387927651,-0.0018699575448408,0.0641636252403259,-0.0014702174812555,-0.0066381003707647,0.0117032611742615,-0.0315852351486682,0.0199342127889394,-0.0114731080830097,0.0079090949147939,-0.0076193185523152,-0.0230396315455436,0.0173158571124076,-0.0085041355341672,-0.0247786343097686,-0.0062971147708594,-0.0203346665948629,-0.0099424766376614,-0.0001768986694514,-0.0048726159147918,0.0113784726709127,0.003941067494452,0.0080422814935445,0.0187697801738977,0.0063063483685255,0.0054713664576411,-0.0292186122387647,0.0043715010397136,0.0146921658888459,0.0071356301195919,-0.0482729710638523,-0.0065603349357843,0.0060469163581728,-0.0026166345924139,0.0137679008767008,-0.004626483656466,0.0025553603190928,0.0031263334676623,0.0375470481812953,0.0026026894338428,-0.0034660228993743,0.0108631970360875,0.0250849109143018,0.0031078397296369,-0.0127752488479018,0.0043863621540367,0.0125965382903814,0.0066806669346988,0.0029490443412214,0.0010724241146817,-0.0382393710315227,0.0098995864391326,-0.0025956109166145,0.0134235862642526,0.0156176807358861,-0.0082952938973903,0.0063074184581637,0.0057854186743497,-0.0013246309245005,0.0079537285491824,-0.0256820060312748,0.0147014344111084,-0.0160876139998436,-0.075019285082817,-0.0122807202860713,-0.0213852133601903,0.0361547581851482,-0.0058039892464876,0.0131093803793191,-0.0251590721309185,0.0203823000192642,-0.0399003017286615,0.0137935574747014,-0.0429649092043785,0.0395541426484225,-0.0210874824224553,0.0570074438732499,-0.0271558671234114,0.0308136842681927,0.0647295784636909,0.1023314171268774,0.0127097794414496,0.0811666487709796,2019-02-06,2019-02-07,2019-02-08,2019-02-11,2019-02-12,2019-02-13,2019-02-14,2019-02-15,2019-02-19,2019-02-20,90319.0,2019-02-05,252.0,0.9155%,-0.0001,1.192,-0.3181,-0.7308,0.9235%,1.8148%,74.1076%,-0.0006469999999999,GOOGL,90319.0,2019-02-06,252.0,-2.5159%,-0.0002,1.1856,-0.3157,-0.7401,0.9334%,1.7932%,72.9051%,-0.022157,GOOGL,90319.0,2019-02-07,252.0,-1.5122%,-0.0002,1.1871,-0.3169,-0.7403,0.9334%,1.7912%,72.8464%,-0.001719,GOOGL,90319.0,2019-02-08,252.0,-0.3192%,-0.0001,1.1882,-0.2975,-0.7231,0.9274%,1.7832%,72.9497%,-0.00931,GOOGL,90319.0,2019-02-11,252.0,-0.0236%,-0.0002,1.1949,-0.3015,-0.7217,0.9270%,1.7598%,72.2533%,0.001627,GOOGL,90319.0,2019-02-12,252.0,2.3101%,-0.0002,1.1853,-0.285,-0.7296,0.9176%,1.7494%,72.4844%,0.005584,GOOGL,90319.0,2019-02-13,252.0,0.0931%,-0.0002,1.1903,-0.2942,-0.7316,0.9148%,1.7488%,72.6345%,-0.001806,GOOGL,90319.0,2019-02-14,252.0,0.0505%,-0.0002,1.1906,-0.2938,-0.7327,0.9142%,1.7487%,72.6735%,0.0001909999999999,GOOGL,90319.0,2019-02-15,252.0,-0.8475%,-0.0003,1.1756,-0.3091,-0.7595,0.9204%,1.7463%,72.2219%,-0.017777,GOOGL,90319.0,2019-02-19,252.0,0.6145%,-0.0002,1.1777,-0.3055,-0.7556,0.9214%,1.7433%,72.0642%,0.006986,GOOGL,90319.0,2019-02-20,252.0,-0.5255%,-0.0002,1.1764,-0.3109,-0.7607,0.9208%,1.7435%,72.1087%,-0.002765,GOOGL,-0.0228039999999999,-0.0245229999999999,-0.0338329999999999,-0.0266219999999999,-0.041793
34379,ALPHABET INC,"BMO Capital Maintains Market Perform on Alphabet, Lowers Price Target to $1.1K",6,decrease,0.7,0.6,"lowering the price target typically signals reduced expectations for the stock's future performance, which can lead to a decrease in stock price.",0,2019-02-05,GOOGL,2019-02-05 12:51:00+00:00,90319.0,02079K30,0.0091552194207906,4114790.0,-0.0251590721309185,0.0203823000192642,-0.0151216769590973,-0.0064571313560009,-0.003191967960447,0.0254100896418094,-0.0002358621859457,0.0261012744158506,0.0231008976697921,-0.0090751824900507,0.0009312411420978,-0.0196548588573932,0.0005049894680269,0.0161531455814838,-0.0084749795496463,-0.000378117285436,0.0061448914930224,0.0053586764261126,-0.0052552074193954,-0.0258918479084968,-0.0146173043176531,0.0074423663318157,0.011184555478394,0.0088204657658934,0.0006895262631587,0.002761134179309,0.0041886046528816,0.0332854650914669,0.0007843110943213,-0.0121750365942716,0.0032594769727438,-0.0133107034489512,0.019501993432641,-0.0026071912143379,0.0042663812637329,-0.0034273755736649,0.013672293163836,0.0087831355631351,-0.0036349953152239,-0.0019942142535001,-0.0120950145646929,0.0512935295701026,-0.0007646564627066,-0.027695681899786,0.0254702642560005,0.0093018803745508,0.0152553208172321,-0.0016433796845376,0.0015118467854335,-0.0059074657037854,-0.0054459567181766,0.0048194387927651,-0.0018699575448408,0.0641636252403259,-0.0014702174812555,-0.0066381003707647,0.0117032611742615,-0.0315852351486682,0.0199342127889394,-0.0114731080830097,0.0079090949147939,-0.0076193185523152,-0.0230396315455436,0.0173158571124076,-0.0085041355341672,-0.0247786343097686,-0.0062971147708594,-0.0203346665948629,-0.0099424766376614,-0.0001768986694514,-0.0048726159147918,0.0113784726709127,0.003941067494452,0.0080422814935445,0.0187697801738977,0.0063063483685255,0.0054713664576411,-0.0292186122387647,0.0043715010397136,0.0146921658888459,0.0071356301195919,-0.0482729710638523,-0.0065603349357843,0.0060469163581728,-0.0026166345924139,0.0137679008767008,-0.004626483656466,0.0025553603190928,0.0031263334676623,0.0375470481812953,0.0026026894338428,-0.0034660228993743,0.0108631970360875,0.0250849109143018,0.0031078397296369,-0.0127752488479018,0.0043863621540367,0.0125965382903814,0.0066806669346988,0.0029490443412214,0.0010724241146817,-0.0382393710315227,0.0098995864391326,-0.0025956109166145,0.0134235862642526,0.0156176807358861,-0.0082952938973903,0.0063074184581637,0.0057854186743497,-0.0013246309245005,0.0079537285491824,-0.0256820060312748,0.0147014344111084,-0.0160876139998436,-0.075019285082817,-0.0122807202860713,-0.0213852133601903,0.0361547581851482,-0.0058039892464876,0.0131093803793191,-0.0251590721309185,0.0203823000192642,-0.0399003017286615,0.0137935574747014,-0.0429649092043785,0.0395541426484225,-0.0210874824224553,0.0570074438732499,-0.0271558671234114,0.0308136842681927,0.0647295784636909,0.1023314171268774,0.0127097794414496,0.0811666487709796,2019-02-06,2019-02-07,2019-02-08,2019-02-11,2019-02-12,2019-02-13,2019-02-14,2019-02-15,2019-02-19,2019-02-20,90319.0,2019-02-05,252.0,0.9155%,-0.0001,1.192,-0.3181,-0.7308,0.9235%,1.8148%,74.1076%,-0.0006469999999999,GOOGL,90319.0,2019-02-06,252.0,-2.5159%,-0.0002,1.1856,-0.3157,-0.7401,0.9334%,1.7932%,72.9051%,-0.022157,GOOGL,90319.0,2019-02-07,252.0,-1.5122%,-0.0002,1.1871,-0.3169,-0.7403,0.9334%,1.7912%,72.8464%,-0.001719,GOOGL,90319.0,2019-02-08,252.0,-0.3192%,-0.0001,1.1882,-0.2975,-0.7231,0.9274%,1.7832%,72.9497%,-0.00931,GOOGL,90319.0,2019-02-11,252.0,-0.0236%,-0.0002,1.1949,-0.3015,-0.7217,0.9270%,1.7598%,72.2533%,0.001627,GOOGL,90319.0,2019-02-12,252.0,2.3101%,-0.0002,1.1853,-0.285,-0.7296,0.9176%,1.7494%,72.4844%,0.005584,GOOGL,90319.0,2019-02-13,252.0,0.0931%,-0.0002,1.1903,-0.2942,-0.7316,0.9148%,1.7488%,72.6345%,-0.001806,GOOGL,90319.0,2019-02-14,252.0,0.0505%,-0.0002,1.1906,-0.2938,-0.7327,0.9142%,1.7487%,72.6735%,0.0001909999999999,GOOGL,90319.0,2019-02-15,252.0,-0.8475%,-0.0003,1.1756,-0.3091,-0.7595,0.9204%,1.7463%,72.2219%,-0.017777,GOOGL,90319.0,2019-02-19,252.0,0.6145%,-0.0002,1.1777,-0.3055,-0.7556,0.9214%,1.7433%,72.0642%,0.006986,GOOGL,90319.0,2019-02-20,252.0,-0.5255%,-0.0002,1.1764,-0.3109,-0.7607,0.9208%,1.7435%,72.1087%,-0.002765,GOOGL,-0.0228039999999999,-0.0245229999999999,-0.0338329999999999,-0.0266219999999999,-0.041793
34387,ALPHABET INC,"Nomura Maintains Buy on Alphabet, Lowers Price Target to $1.31K",6,uncertain,0.6,0.2,"while maintaining a 'buy' rating suggests positive sentiment, lowering the price target may create mixed reactions among investors, leading to uncertainty in the stock price movement.",1,2019-02-05,GOOGL,2019-02-05 12:33:00+00:00,90319.0,02079K30,0.0091552194207906,4114790.0,-0.0251590721309185,0.0203823000192642,-0.0151216769590973,-0.0064571313560009,-0.003191967960447,0.0254100896418094,-0.0002358621859457,0.0261012744158506,0.0231008976697921,-0.0090751824900507,0.0009312411420978,-0.0196548588573932,0.0005049894680269,0.0161531455814838,-0.0084749795496463,-0.000378117285436,0.0061448914930224,0.0053586764261126,-0.0052552074193954,-0.0258918479084968,-0.0146173043176531,0.0074423663318157,0.011184555478394,0.0088204657658934,0.0006895262631587,0.002761134179309,0.0041886046528816,0.0332854650914669,0.0007843110943213,-0.0121750365942716,0.0032594769727438,-0.0133107034489512,0.019501993432641,-0.0026071912143379,0.0042663812637329,-0.0034273755736649,0.013672293163836,0.0087831355631351,-0.0036349953152239,-0.0019942142535001,-0.0120950145646929,0.0512935295701026,-0.0007646564627066,-0.027695681899786,0.0254702642560005,0.0093018803745508,0.0152553208172321,-0.0016433796845376,0.0015118467854335,-0.0059074657037854,-0.0054459567181766,0.0048194387927651,-0.0018699575448408,0.0641636252403259,-0.0014702174812555,-0.0066381003707647,0.0117032611742615,-0.0315852351486682,0.0199342127889394,-0.0114731080830097,0.0079090949147939,-0.0076193185523152,-0.0230396315455436,0.0173158571124076,-0.0085041355341672,-0.0247786343097686,-0.0062971147708594,-0.0203346665948629,-0.0099424766376614,-0.0001768986694514,-0.0048726159147918,0.0113784726709127,0.003941067494452,0.0080422814935445,0.0187697801738977,0.0063063483685255,0.0054713664576411,-0.0292186122387647,0.0043715010397136,0.0146921658888459,0.0071356301195919,-0.0482729710638523,-0.0065603349357843,0.0060469163581728,-0.0026166345924139,0.0137679008767008,-0.004626483656466,0.0025553603190928,0.0031263334676623,0.0375470481812953,0.0026026894338428,-0.0034660228993743,0.0108631970360875,0.0250849109143018,0.0031078397296369,-0.0127752488479018,0.0043863621540367,0.0125965382903814,0.0066806669346988,0.0029490443412214,0.0010724241146817,-0.0382393710315227,0.0098995864391326,-0.0025956109166145,0.0134235862642526,0.0156176807358861,-0.0082952938973903,0.0063074184581637,0.0057854186743497,-0.0013246309245005,0.0079537285491824,-0.0256820060312748,0.0147014344111084,-0.0160876139998436,-0.075019285082817,-0.0122807202860713,-0.0213852133601903,0.0361547581851482,-0.0058039892464876,0.0131093803793191,-0.0251590721309185,0.0203823000192642,-0.0399003017286615,0.0137935574747014,-0.0429649092043785,0.0395541426484225,-0.0210874824224553,0.0570074438732499,-0.0271558671234114,0.0308136842681927,0.0647295784636909,0.1023314171268774,0.0127097794414496,0.0811666487709796,2019-02-06,2019-02-07,2019-02-08,2019-02-11,2019-02-12,2019-02-13,2019-02-14,2019-02-15,2019-02-19,2019-02-20,90319.0,2019-02-05,252.0,0.9155%,-0.0001,1.192,-0.3181,-0.7308,0.9235%,1.8148%,74.1076%,-0.0006469999999999,GOOGL,90319.0,2019-02-06,252.0,-2.5159%,-0.0002,1.1856,-0.3157,-0.7401,0.9334%,1.7932%,72.9051%,-0.022157,GOOGL,90319.0,2019-02-07,252.0,-1.5122%,-0.0002,1.1871,-0.3169,-0.7403,0.9334%,1.7912%,72.8464%,-0.001719,GOOGL,90319.0,2019-02-08,252.0,-0.3192%,-0.0001,1.1882,-0.2975,-0.7231,0.9274%,1.7832%,72.9497%,-0.00931,GOOGL,90319.0,2019-02-11,252.0,-0.0236%,-0.0002,1.1949,-0.3015,-0.7217,0.9270%,1.7598%,72.2533%,0.001627,GOOGL,90319.0,2019-02-12,252.0,2.3101%,-0.0002,1.1853,-0.285,-0.7296,0.9176%,1.7494%,72.4844%,0.005584,GOOGL,90319.0,2019-02-13,252.0,0.0931%,-0.0002,1.1903,-0.2942,-0.7316,0.9148%,1.7488%,72.6345%,-0.001806,GOOGL,90319.0,2019-02-14,252.0,0.0505%,-0.0002,1.1906,-0.2938,-0.7327,0.9142%,1.7487%,72.6735%,0.0001909999999999,GOOGL,90319.0,2019-02-15,252.0,-0.8475%,-0.0003,1.1756,-0.3091,-0.7595,0.9204%,1.7463%,72.2219%,-0.017777,GOOGL,90319.0,2019-02-19,252.0,0.6145%,-0.0002,1.1777,-0.3055,-0.7556,0.9214%,1.7433%,72.0642%,0.006986,GOOGL,90319.0,2019-02-20,252.0,-0.5255%,-0.0002,1.1764,-0.3109,-0.7607,0.9208%,1.7435%,72.1087%,-0.002765,GOOGL,-0.0228039999999999,-0.0245229999999999,-0.0338329999999999,-0.0266219999999999,-0.041793
34395,ALPHABET INC,"Barclays Maintains Overweight on Alphabet, Lowers Price Target to $1.35K",6,uncertain,0.6,0.3,"while maintaining an 'overweight' rating suggests positive sentiment, lowering the price target may create mixed reactions among investors, leading to uncertainty in the stock price movement.",1,2019-02-05,GOOGL,2019-02-05 12:30:00+00:00,90319.0,02079K30,0.0091552194207906,4114790.0,-0.0251590721309185,0.0203823000192642,-0.0151216769590973,-0.0064571313560009,-0.003191967960447,0.0254100896418094,-0.0002358621859457,0.0261012744158506,0.0231008976697921,-0.0090751824900507,0.0009312411420978,-0.0196548588573932,0.0005049894680269,0.0161531455814838,-0.0084749795496463,-0.000378117285436,0.0061448914930224,0.0053586764261126,-0.0052552074193954,-0.0258918479084968,-0.0146173043176531,0.0074423663318157,0.011184555478394,0.0088204657658934,0.0006895262631587,0.002761134179309,0.0041886046528816,0.0332854650914669,0.0007843110943213,-0.0121750365942716,0.0032594769727438,-0.0133107034489512,0.019501993432641,-0.0026071912143379,0.0042663812637329,-0.0034273755736649,0.013672293163836,0.0087831355631351,-0.0036349953152239,-0.0019942142535001,-0.0120950145646929,0.0512935295701026,-0.0007646564627066,-0.027695681899786,0.0254702642560005,0.0093018803745508,0.0152553208172321,-0.0016433796845376,0.0015118467854335,-0.0059074657037854,-0.0054459567181766,0.0048194387927651,-0.0018699575448408,0.0641636252403259,-0.0014702174812555,-0.0066381003707647,0.0117032611742615,-0.0315852351486682,0.0199342127889394,-0.0114731080830097,0.0079090949147939,-0.0076193185523152,-0.0230396315455436,0.0173158571124076,-0.0085041355341672,-0.0247786343097686,-0.0062971147708594,-0.0203346665948629,-0.0099424766376614,-0.0001768986694514,-0.0048726159147918,0.0113784726709127,0.003941067494452,0.0080422814935445,0.0187697801738977,0.0063063483685255,0.0054713664576411,-0.0292186122387647,0.0043715010397136,0.0146921658888459,0.0071356301195919,-0.0482729710638523,-0.0065603349357843,0.0060469163581728,-0.0026166345924139,0.0137679008767008,-0.004626483656466,0.0025553603190928,0.0031263334676623,0.0375470481812953,0.0026026894338428,-0.0034660228993743,0.0108631970360875,0.0250849109143018,0.0031078397296369,-0.0127752488479018,0.0043863621540367,0.0125965382903814,0.0066806669346988,0.0029490443412214,0.0010724241146817,-0.0382393710315227,0.0098995864391326,-0.0025956109166145,0.0134235862642526,0.0156176807358861,-0.0082952938973903,0.0063074184581637,0.0057854186743497,-0.0013246309245005,0.0079537285491824,-0.0256820060312748,0.0147014344111084,-0.0160876139998436,-0.075019285082817,-0.0122807202860713,-0.0213852133601903,0.0361547581851482,-0.0058039892464876,0.0131093803793191,-0.0251590721309185,0.0203823000192642,-0.0399003017286615,0.0137935574747014,-0.0429649092043785,0.0395541426484225,-0.0210874824224553,0.0570074438732499,-0.0271558671234114,0.0308136842681927,0.0647295784636909,0.1023314171268774,0.0127097794414496,0.0811666487709796,2019-02-06,2019-02-07,2019-02-08,2019-02-11,2019-02-12,2019-02-13,2019-02-14,2019-02-15,2019-02-19,2019-02-20,90319.0,2019-02-05,252.0,0.9155%,-0.0001,1.192,-0.3181,-0.7308,0.9235%,1.8148%,74.1076%,-0.0006469999999999,GOOGL,90319.0,2019-02-06,252.0,-2.5159%,-0.0002,1.1856,-0.3157,-0.7401,0.9334%,1.7932%,72.9051%,-0.022157,GOOGL,90319.0,2019-02-07,252.0,-1.5122%,-0.0002,1.1871,-0.3169,-0.7403,0.9334%,1.7912%,72.8464%,-0.001719,GOOGL,90319.0,2019-02-08,252.0,-0.3192%,-0.0001,1.1882,-0.2975,-0.7231,0.9274%,1.7832%,72.9497%,-0.00931,GOOGL,90319.0,2019-02-11,252.0,-0.0236%,-0.0002,1.1949,-0.3015,-0.7217,0.9270%,1.7598%,72.2533%,0.001627,GOOGL,90319.0,2019-02-12,252.0,2.3101%,-0.0002,1.1853,-0.285,-0.7296,0.9176%,1.7494%,72.4844%,0.005584,GOOGL,90319.0,2019-02-13,252.0,0.0931%,-0.0002,1.1903,-0.2942,-0.7316,0.9148%,1.7488%,72.6345%,-0.001806,GOOGL,90319.0,2019-02-14,252.0,0.0505%,-0.0002,1.1906,-0.2938,-0.7327,0.9142%,1.7487%,72.6735%,0.0001909999999999,GOOGL,90319.0,2019-02-15,252.0,-0.8475%,-0.0003,1.1756,-0.3091,-0.7595,0.9204%,1.7463%,72.2219%,-0.017777,GOOGL,90319.0,2019-02-19,252.0,0.6145%,-0.0002,1.1777,-0.3055,-0.7556,0.9214%,1.7433%,72.0642%,0.006986,GOOGL,90319.0,2019-02-20,252.0,-0.5255%,-0.0002,1.1764,-0.3109,-0.7607,0.9208%,1.7435%,72.1087%,-0.002765,GOOGL,-0.0228039999999999,-0.0245229999999999,-0.0338329999999999,-0.0266219999999999,-0.041793
34403,GROUP 1 AUTOMOTIVE INC,"Group 1 Automotive Q4 EPS $2.31 Beats $2.27 Estimate, Sales $2.909B Beat $2.83B Estimate",6,increase,0.8,0.7,"the company reported better-than-expected earnings per share and sales, which typically signals strong performance and can lead to a positive reaction in the stock price.",2,2019-02-05,GPI,2019-02-05 12:11:00+00:00,85427.0,39890510,0.0074325269088149,296940.0,-0.0134723363444209,0.0160893052816391,-0.0590147525072097,-0.0019662287086248,-0.0186593271791935,0.0003278226358816,0.0167253650724887,0.0129503365606069,0.0353246927261352,-0.0126229580491781,-0.0020070704631507,0.0102682830765843,-0.0036869014147669,0.0056628938764333,0.0390243828296661,0.0036777202039957,-0.0033996936399489,-0.0225490368902683,0.0341130346059799,-0.0029325562063604,-0.0251334980130195,0.0155526548624038,0.0154688861221075,0.0063269603997468,-0.0020628541242331,0.0126454224810004,-0.0004770039813593,0.0059362668544054,-0.0030226286035031,-0.0160213466733694,-0.0036699837073683,0.0169721655547618,-0.0011257589794695,-0.0132306301966309,0.0040251165628433,0.0307267177850008,0.0186016652733087,0.0122313601896166,-0.0250314883887767,0.0321009680628776,-0.0188923291862011,0.0325884521007537,-0.0034562062937766,-0.010320633649826,0.013707710430026,0.0292108692228794,0.0017921245889738,0.0091883521527051,0.0082940040156245,0.0094686318188905,-0.0109677473083138,0.0103474967181682,0.0014677129220217,0.0383133850991725,0.0143299307674169,-0.0078439135104417,-0.0073847980238497,-0.0197160877287387,-0.0040433444082736,0.0099561922252178,0.023221768438816,-0.0152940936386585,-0.0423741973936557,-0.0081679923459887,0.0192243922501802,0.0156033392995595,0.0084552923217415,0.0113863302394747,0.0282167047262191,-0.0094974189996719,0.0086247334256768,-0.0068775489926338,0.0059079173952341,-0.0013736203545704,0.027820760384202,-0.0289634242653846,-0.0126315234228968,-0.0157539416104555,0.0315260365605354,-0.0003749617026187,0.0186031963676214,-0.041164856404066,-0.019278073683381,-0.0101423431187868,0.0165532827377319,0.0087546817958354,-0.0063972440548241,-0.0255918782204389,0.016096081584692,0.0034940065816044,0.0004320100415498,-0.0176763124763965,0.0146825481206178,0.0114563414826989,-0.0147538790479302,0.008578460663557,0.0390209779143333,0.017094001173973,-0.000970167980995,-0.0100475884974002,0.0009711101301945,0.0227149501442909,-0.0315965376794338,-0.0173604879528284,0.0384945981204509,-0.0122484816238284,0.0287998337298631,0.0169039275497198,0.0221001040190458,-0.0198813993483781,0.041147943586111,0.0121800284832716,-0.019634960219264,-0.0204046387225389,0.0053921961225569,0.0158089157193899,-0.0107265533879399,0.0110104586929082,-0.0081322435289621,-0.0232437141239643,-0.0134723363444209,0.0160893052816391,-0.0716920222565707,0.0140914413190675,-0.0890136245363408,0.0144238834483858,-0.0410585035433975,0.0145901545795215,0.0210104444976371,0.0083088686974295,-0.0082198180629861,0.2323774917546617,0.2375508902068606,0.0785138106705702,2019-02-06,2019-02-07,2019-02-08,2019-02-11,2019-02-12,2019-02-13,2019-02-14,2019-02-15,2019-02-19,2019-02-20,85427.0,2019-02-05,252.0,0.7433%,-0.0,0.9184,1.2253,1.1155,1.9364%,2.2104%,23.2542%,0.0111989999999999,GPI,85427.0,2019-02-06,252.0,-1.3472%,0.0,0.8676,1.2418,1.0638,1.9282%,2.1757%,21.4569%,-0.01221,GPI,85427.0,2019-02-07,252.0,-5.9015%,-0.0004,0.8523,1.2845,1.0464,1.9316%,2.1781%,21.3606%,-0.053581,GPI,85427.0,2019-02-08,252.0,-1.8659%,-0.0005,0.8548,1.2739,1.0502,1.9309%,2.1771%,21.3429%,-0.0129489999999999,GPI,85427.0,2019-02-11,252.0,1.6725%,-0.0007,0.9172,1.2215,1.0545,1.9077%,2.1712%,22.8033%,0.004606,GPI,85427.0,2019-02-12,252.0,3.5325%,-0.0006,0.9177,1.2391,1.0517,1.9093%,2.1756%,22.9816%,0.024299,GPI,85427.0,2019-02-13,252.0,-0.2007%,-0.0007,0.9142,1.2429,1.051,1.9093%,2.1747%,22.9249%,-0.006156,GPI,85427.0,2019-02-14,252.0,-0.3687%,-0.0006,0.9168,1.2433,1.0467,1.8969%,2.1649%,23.2240%,-0.002234,GPI,85427.0,2019-02-15,252.0,3.9024%,-0.0005,0.9341,1.2611,1.0778,1.9012%,2.1762%,23.6739%,0.020432,GPI,85427.0,2019-02-19,252.0,-0.3400%,-0.0005,0.9336,1.2512,1.0667,1.9022%,2.1762%,23.5900%,-0.0121649999999999,GPI,85427.0,2019-02-20,252.0,3.4113%,-0.0003,0.9411,1.2712,1.0941,1.9075%,2.1870%,23.9280%,0.02362,GPI,-0.001011,-0.054592,-0.067541,-0.038636,-0.015139
34411,GEOPARK LTD,GeoPark shares are trading higher after the company announced year-over-year growth in certified oil and gas reserves.,6,increase,0.8,0.7,"the announcement of year-over-year growth in certified oil and gas reserves is likely to boost investor confidence and demand for geopark shares, leading to an increase in stock price.",2,2019-02-05,GPRK,2019-02-05 17:53:00+00:00,14493.0,G3832710,0.0636573135852813,1299502.0,-0.0190423559397459,0.0040674959309399,-0.0088740903884172,0.0117577221244573,-0.0229435786604881,0.0005882487748749,0.0080184023827314,0.0334346033632755,0.0085227051749825,0.0166872963309288,0.0597182810306549,-0.0116066290065646,0.0101010389626026,0.028266379609704,0.0210526119917631,0.0218228604644537,-0.0015463288873434,-0.0201257672160863,0.0030975458212196,-0.0215384848415851,-0.0025733991060405,0.0143570248037576,0.0180598758161068,-0.0123303858563303,0.0243284106254577,-0.0199395734816789,-0.0197921637445688,0.0254027172923088,-0.0156486351042985,0.0056074862368404,-0.0158974081277847,-0.0319662652909755,0.0052110673859715,-0.031542107462883,0.0088127609342336,0.01361761149019,-0.0082219867035746,0.0569461733102798,-0.0300518106669187,0.0276526901870966,0.0053419009782373,0.0874125882983207,-0.0223166886717081,-0.0171821303665638,0.0255435444414615,0.0528220348060131,0.0084790587425231,0.0043604262173175,0.0078822709619998,0.04958051815629,-0.0135557986795902,0.0623986609280109,-0.0121564241126179,0.0601374395191669,0.0155162652954459,-0.0316139832139015,-0.0168598368763923,0.0160609073936939,-0.0005359179340302,0.0331877842545509,-0.0042895404621958,-0.0560593828558921,-0.05654276907444,-0.0395882800221443,-0.0239726062864065,-0.0747252404689788,0.0251462161540985,-0.0427770391106605,-0.0176840480417013,-0.0312500037252903,0.0052264900878071,0.0172771252691745,-0.0011553177610039,-0.0075445580296218,0.0075187482871115,-0.0214764904230833,-0.0103329680860042,0.0074374345131218,0.0162413399666547,-0.030163936316967,0.0416666381061077,-0.0456820763647556,0.016986271366477,0.0396876819431781,0.0,0.0091924061998724,-0.026400851085782,0.0066093476489186,-0.0011068321764469,0.0073235454037785,-0.0282547567039728,-0.058897215873003,0.0068414439447224,0.0191571004688739,0.0118913361802697,-0.0831381753087043,0.0050362753681838,0.0376671254634857,-0.0027839220128953,-0.0901050865650177,-0.0022333338856697,-0.0005524987936951,0.0033575524576008,0.0547785870730876,-0.0161740612238645,0.0495412498712539,-0.0283446721732616,0.018691660836339,-0.0210034251213073,-0.0646853521466255,-0.0661502107977867,-0.0418760478496551,-0.0280791651457548,-0.0148515105247497,0.0308601632714271,-0.001098926179111,-0.0331209860742092,0.0299943797290325,0.0046113105490803,-0.0016949540004134,-0.0190423559397459,0.0040674959309399,-0.0277474627403454,0.0158730425422957,-0.0500544153068215,0.0164706286149998,-0.0342763453795872,0.0679851901480181,0.0571273767558748,0.0633846605081596,0.0146899055427158,0.5091703997103174,-0.1702937560982628,-0.0237288060250787,2019-02-06,2019-02-07,2019-02-08,2019-02-11,2019-02-12,2019-02-13,2019-02-14,2019-02-15,2019-02-19,2019-02-20,14493.0,2019-02-05,252.0,6.3657%,0.0032,1.247,0.8245,0.9723,2.7995%,3.0884%,17.8371%,0.064945,GPRK,14493.0,2019-02-06,252.0,-1.9042%,0.0029,1.3235,0.8002,1.0451,2.7878%,3.0913%,18.6735%,-0.0169969999999999,GPRK,14493.0,2019-02-07,252.0,-0.8874%,0.0028,1.3146,0.8127,1.043,2.7859%,3.0854%,18.4685%,0.000299,GPRK,14493.0,2019-02-08,252.0,-2.2944%,0.0029,1.3171,0.8518,1.0791,2.7786%,3.0813%,18.6809%,-0.017436,GPRK,14493.0,2019-02-11,252.0,0.8018%,0.0029,1.3157,0.8464,1.0755,2.7788%,3.0730%,18.2331%,-0.00203,GPRK,14493.0,2019-02-12,252.0,0.8523%,0.0031,1.3413,0.8058,1.0958,2.7591%,3.0637%,18.8924%,-0.007812,GPRK,14493.0,2019-02-13,252.0,5.9718%,0.0031,1.3284,0.8486,1.1159,2.7635%,3.0638%,18.6403%,0.054612,GPRK,14493.0,2019-02-14,252.0,1.0101%,0.0032,1.3268,0.8556,1.1063,2.7622%,3.0625%,18.6501%,0.01485,GPRK,14493.0,2019-02-15,252.0,2.1053%,0.0032,1.3219,0.8507,1.0977,2.7624%,3.0588%,18.4426%,-0.001489,GPRK,14493.0,2019-02-19,252.0,-0.1546%,0.0032,1.3262,0.8329,1.0772,2.7600%,3.0576%,18.5195%,-0.009918,GPRK,14493.0,2019-02-20,252.0,0.3098%,0.0032,1.3234,0.8273,1.0674,2.7608%,3.0575%,18.4682%,-0.007279,GPRK,0.047948,0.048247,0.030811,0.020969,0.071745
34419,GEOPARK LTD,"GeoPark Reports PDP Reservers Up 55% To 44 mmboe In 2018, 1P Reserves Up 17%, 2P Reserves Up 15%, 3P Reserves Up 44%",6,increase,0.8,0.7,"the significant increase in pdp reserves and overall reserves suggests improved asset value and future production potential, which is likely to positively influence investor sentiment and stock price.",2,2019-02-05,GPRK,2019-02-05 12:18:00+00:00,14493.0,G3832710,0.0636573135852813,1299502.0,-0.0190423559397459,0.0040674959309399,-0.0088740903884172,0.0117577221244573,-0.0229435786604881,0.0005882487748749,0.0080184023827314,0.0334346033632755,0.0085227051749825,0.0166872963309288,0.0597182810306549,-0.0116066290065646,0.0101010389626026,0.028266379609704,0.0210526119917631,0.0218228604644537,-0.0015463288873434,-0.0201257672160863,0.0030975458212196,-0.0215384848415851,-0.0025733991060405,0.0143570248037576,0.0180598758161068,-0.0123303858563303,0.0243284106254577,-0.0199395734816789,-0.0197921637445688,0.0254027172923088,-0.0156486351042985,0.0056074862368404,-0.0158974081277847,-0.0319662652909755,0.0052110673859715,-0.031542107462883,0.0088127609342336,0.01361761149019,-0.0082219867035746,0.0569461733102798,-0.0300518106669187,0.0276526901870966,0.0053419009782373,0.0874125882983207,-0.0223166886717081,-0.0171821303665638,0.0255435444414615,0.0528220348060131,0.0084790587425231,0.0043604262173175,0.0078822709619998,0.04958051815629,-0.0135557986795902,0.0623986609280109,-0.0121564241126179,0.0601374395191669,0.0155162652954459,-0.0316139832139015,-0.0168598368763923,0.0160609073936939,-0.0005359179340302,0.0331877842545509,-0.0042895404621958,-0.0560593828558921,-0.05654276907444,-0.0395882800221443,-0.0239726062864065,-0.0747252404689788,0.0251462161540985,-0.0427770391106605,-0.0176840480417013,-0.0312500037252903,0.0052264900878071,0.0172771252691745,-0.0011553177610039,-0.0075445580296218,0.0075187482871115,-0.0214764904230833,-0.0103329680860042,0.0074374345131218,0.0162413399666547,-0.030163936316967,0.0416666381061077,-0.0456820763647556,0.016986271366477,0.0396876819431781,0.0,0.0091924061998724,-0.026400851085782,0.0066093476489186,-0.0011068321764469,0.0073235454037785,-0.0282547567039728,-0.058897215873003,0.0068414439447224,0.0191571004688739,0.0118913361802697,-0.0831381753087043,0.0050362753681838,0.0376671254634857,-0.0027839220128953,-0.0901050865650177,-0.0022333338856697,-0.0005524987936951,0.0033575524576008,0.0547785870730876,-0.0161740612238645,0.0495412498712539,-0.0283446721732616,0.018691660836339,-0.0210034251213073,-0.0646853521466255,-0.0661502107977867,-0.0418760478496551,-0.0280791651457548,-0.0148515105247497,0.0308601632714271,-0.001098926179111,-0.0331209860742092,0.0299943797290325,0.0046113105490803,-0.0016949540004134,-0.0190423559397459,0.0040674959309399,-0.0277474627403454,0.0158730425422957,-0.0500544153068215,0.0164706286149998,-0.0342763453795872,0.0679851901480181,0.0571273767558748,0.0633846605081596,0.0146899055427158,0.5091703997103174,-0.1702937560982628,-0.0237288060250787,2019-02-06,2019-02-07,2019-02-08,2019-02-11,2019-02-12,2019-02-13,2019-02-14,2019-02-15,2019-02-19,2019-02-20,14493.0,2019-02-05,252.0,6.3657%,0.0032,1.247,0.8245,0.9723,2.7995%,3.0884%,17.8371%,0.064945,GPRK,14493.0,2019-02-06,252.0,-1.9042%,0.0029,1.3235,0.8002,1.0451,2.7878%,3.0913%,18.6735%,-0.0169969999999999,GPRK,14493.0,2019-02-07,252.0,-0.8874%,0.0028,1.3146,0.8127,1.043,2.7859%,3.0854%,18.4685%,0.000299,GPRK,14493.0,2019-02-08,252.0,-2.2944%,0.0029,1.3171,0.8518,1.0791,2.7786%,3.0813%,18.6809%,-0.017436,GPRK,14493.0,2019-02-11,252.0,0.8018%,0.0029,1.3157,0.8464,1.0755,2.7788%,3.0730%,18.2331%,-0.00203,GPRK,14493.0,2019-02-12,252.0,0.8523%,0.0031,1.3413,0.8058,1.0958,2.7591%,3.0637%,18.8924%,-0.007812,GPRK,14493.0,2019-02-13,252.0,5.9718%,0.0031,1.3284,0.8486,1.1159,2.7635%,3.0638%,18.6403%,0.054612,GPRK,14493.0,2019-02-14,252.0,1.0101%,0.0032,1.3268,0.8556,1.1063,2.7622%,3.0625%,18.6501%,0.01485,GPRK,14493.0,2019-02-15,252.0,2.1053%,0.0032,1.3219,0.8507,1.0977,2.7624%,3.0588%,18.4426%,-0.001489,GPRK,14493.0,2019-02-19,252.0,-0.1546%,0.0032,1.3262,0.8329,1.0772,2.7600%,3.0576%,18.5195%,-0.009918,GPRK,14493.0,2019-02-20,252.0,0.3098%,0.0032,1.3234,0.8273,1.0674,2.7608%,3.0575%,18.4682%,-0.007279,GPRK,0.047948,0.048247,0.030811,0.020969,0.071745
34427,G S K PLC,Q4 Earnings Outlook For GlaxoSmithKline,6,uncertain,0.5,0.5,"the q4 earnings outlook could vary based on actual performance and market expectations, leading to uncertainty in stock price movement.",1,2019-02-05,GSK,2019-02-05 19:13:00+00:00,75064.0,37733W20,0.0079203210771083,3197453.0,0.0311786942183971,-0.001530647277832,-0.0027040464337915,0.0,0.0128173641860485,0.0126582719385623,-0.0209296811372041,-0.0002583196328487,0.0074571026489138,0.007284146733582,-0.0039476891979575,0.0005205741617828,0.0121377678588032,0.0013030815171077,0.0093000745400786,-0.0179165787994861,0.0012123965425416,0.0025660372339189,0.0016953182639554,-0.0023041511885821,-0.0053908536210656,0.0020523816347122,0.0002466285368427,0.0148398773744702,-0.0014795946190133,-0.0163892284035682,0.0002469331084284,0.01139597594738,-0.0009876769036054,-0.0195530839264392,-0.0024715391919016,0.0005081417039036,0.0007432799320667,0.0040816287510097,-0.0027234614826738,0.0035842135548591,0.0019861429464071,0.0064416383393108,-0.0042121401056647,0.0049197939224541,-0.0017417193157598,0.0208828188478946,0.0,-0.001319937640801,-0.0009969366947188,-0.0086364308372139,-0.0007485676906071,0.0015726750716567,0.0074906176887452,0.0039474084042012,0.0019826972857117,0.0,0.0049468404613435,0.0204081181436777,-0.0034457147121429,-0.0090473694726824,-0.0009879207937046,-0.0084432633593678,0.0088998917490243,0.0133689837530255,0.0105366399511694,0.0083580845966935,0.0002424423146294,0.0005395321641117,-0.0009697191417217,-0.0143579076975584,0.0094637079164385,-0.0086978925392031,0.0031250258907675,0.0069001675583422,0.003354885848239,0.0085653020069003,-0.0019106285180896,-0.0084925610572099,0.0004785943310707,0.0101876966655254,0.0016742332372814,-0.0032068127766251,-0.0028653950430452,-0.023995878174901,-0.0016762380255386,-0.0069930185563862,-0.0021587947849184,-0.0778600051999092,0.001682684989646,0.0140469362959265,-0.004319570492953,0.0024278294295072,-0.0053025116212666,0.0193021222949028,-0.0079961670562624,-0.0036982623860239,-0.0083048399537801,-0.0024593821726739,0.0041872411966323,0.0037028272636234,-0.0122639192268252,-0.0029535500798374,-0.0072014131583273,-0.0048983776941895,-0.0032516524661332,0.0121467942371964,-0.004265951924026,-0.001732236938551,0.0136088943108916,0.0002652596158441,-0.0072103654965758,-0.0123188914731144,0.0072627328336238,0.0090178586542606,0.0044753928668797,-0.0065375412814319,0.0012376048834994,0.0014548389008268,0.0168108846992254,0.0105366399511694,-0.0175055004656314,0.0253769382834434,0.0012372985947877,-0.0062421974726021,0.0311786942183971,-0.001530647277832,0.028390339147694,-0.001530647277832,0.041571592649964,0.0111082493112455,0.0273763745589605,0.0182102185112165,0.0484157104351536,0.0020480815295691,0.0497087668851581,0.0465240071506323,0.0407060607971803,-0.010850939085465,2019-02-06,2019-02-07,2019-02-08,2019-02-11,2019-02-12,2019-02-13,2019-02-14,2019-02-15,2019-02-19,2019-02-20,75064.0,2019-02-05,252.0,0.7920%,0.0005,0.3971,-0.0184,0.1994,1.1433%,1.2165%,11.6816%,0.007335,GSK,75064.0,2019-02-06,252.0,3.1179%,0.0008,0.3487,-0.0033,0.1559,1.1465%,1.1998%,8.6841%,0.031811,GSK,75064.0,2019-02-07,252.0,-0.2704%,0.0007,0.3444,0.0025,0.155,1.1455%,1.1971%,8.4319%,-0.000174,GSK,75064.0,2019-02-08,252.0,1.2817%,0.0008,0.3422,-0.0017,0.1432,1.1483%,1.1995%,8.3556%,0.0134759999999999,GSK,75064.0,2019-02-11,252.0,-2.0930%,0.0006,0.3579,-0.0471,0.1268,1.1528%,1.2071%,8.8034%,-0.021827,GSK,75064.0,2019-02-12,252.0,0.7457%,0.0006,0.3573,-0.0448,0.1261,1.1527%,1.2068%,8.7605%,0.002715,GSK,75064.0,2019-02-13,252.0,-0.3948%,0.0006,0.3617,-0.0546,0.123,1.1510%,1.2064%,8.9722%,-0.005109,GSK,75064.0,2019-02-14,252.0,1.2138%,0.0007,0.3584,-0.0476,0.1157,1.1537%,1.2082%,8.8127%,0.0137939999999999,GSK,75064.0,2019-02-15,252.0,0.9300%,0.0007,0.3583,-0.0471,0.1162,1.1538%,1.2080%,8.7701%,0.0047139999999999,GSK,75064.0,2019-02-19,252.0,0.1212%,0.0006,0.3554,-0.0435,0.1206,1.1524%,1.2054%,8.5929%,0.0002199999999999,GSK,75064.0,2019-02-20,252.0,0.1695%,0.0006,0.3544,-0.0499,0.116,1.1508%,1.2038%,8.6106%,0.000352,GSK,0.039146,0.038972,0.0524479999999999,0.033336,0.0473069999999999
34435,G S K PLC,"GlaxoSmithKline, Merck KGaa Report Global Alliance For M7824; Merck KGaa Will Receive Upfront Payment Of €300M; Deal Has Total Potential Value Of €3.7B",6,increase,0.75,0.6,the announcement of a significant global alliance and a substantial upfront payment suggests positive market sentiment and potential future revenue growth for gsk plc.,2,2019-02-05,GSK,2019-02-05 12:04:00+00:00,75064.0,37733W20,0.0079203210771083,3197453.0,0.0311786942183971,-0.001530647277832,-0.0027040464337915,0.0,0.0128173641860485,0.0126582719385623,-0.0209296811372041,-0.0002583196328487,0.0074571026489138,0.007284146733582,-0.0039476891979575,0.0005205741617828,0.0121377678588032,0.0013030815171077,0.0093000745400786,-0.0179165787994861,0.0012123965425416,0.0025660372339189,0.0016953182639554,-0.0023041511885821,-0.0053908536210656,0.0020523816347122,0.0002466285368427,0.0148398773744702,-0.0014795946190133,-0.0163892284035682,0.0002469331084284,0.01139597594738,-0.0009876769036054,-0.0195530839264392,-0.0024715391919016,0.0005081417039036,0.0007432799320667,0.0040816287510097,-0.0027234614826738,0.0035842135548591,0.0019861429464071,0.0064416383393108,-0.0042121401056647,0.0049197939224541,-0.0017417193157598,0.0208828188478946,0.0,-0.001319937640801,-0.0009969366947188,-0.0086364308372139,-0.0007485676906071,0.0015726750716567,0.0074906176887452,0.0039474084042012,0.0019826972857117,0.0,0.0049468404613435,0.0204081181436777,-0.0034457147121429,-0.0090473694726824,-0.0009879207937046,-0.0084432633593678,0.0088998917490243,0.0133689837530255,0.0105366399511694,0.0083580845966935,0.0002424423146294,0.0005395321641117,-0.0009697191417217,-0.0143579076975584,0.0094637079164385,-0.0086978925392031,0.0031250258907675,0.0069001675583422,0.003354885848239,0.0085653020069003,-0.0019106285180896,-0.0084925610572099,0.0004785943310707,0.0101876966655254,0.0016742332372814,-0.0032068127766251,-0.0028653950430452,-0.023995878174901,-0.0016762380255386,-0.0069930185563862,-0.0021587947849184,-0.0778600051999092,0.001682684989646,0.0140469362959265,-0.004319570492953,0.0024278294295072,-0.0053025116212666,0.0193021222949028,-0.0079961670562624,-0.0036982623860239,-0.0083048399537801,-0.0024593821726739,0.0041872411966323,0.0037028272636234,-0.0122639192268252,-0.0029535500798374,-0.0072014131583273,-0.0048983776941895,-0.0032516524661332,0.0121467942371964,-0.004265951924026,-0.001732236938551,0.0136088943108916,0.0002652596158441,-0.0072103654965758,-0.0123188914731144,0.0072627328336238,0.0090178586542606,0.0044753928668797,-0.0065375412814319,0.0012376048834994,0.0014548389008268,0.0168108846992254,0.0105366399511694,-0.0175055004656314,0.0253769382834434,0.0012372985947877,-0.0062421974726021,0.0311786942183971,-0.001530647277832,0.028390339147694,-0.001530647277832,0.041571592649964,0.0111082493112455,0.0273763745589605,0.0182102185112165,0.0484157104351536,0.0020480815295691,0.0497087668851581,0.0465240071506323,0.0407060607971803,-0.010850939085465,2019-02-06,2019-02-07,2019-02-08,2019-02-11,2019-02-12,2019-02-13,2019-02-14,2019-02-15,2019-02-19,2019-02-20,75064.0,2019-02-05,252.0,0.7920%,0.0005,0.3971,-0.0184,0.1994,1.1433%,1.2165%,11.6816%,0.007335,GSK,75064.0,2019-02-06,252.0,3.1179%,0.0008,0.3487,-0.0033,0.1559,1.1465%,1.1998%,8.6841%,0.031811,GSK,75064.0,2019-02-07,252.0,-0.2704%,0.0007,0.3444,0.0025,0.155,1.1455%,1.1971%,8.4319%,-0.000174,GSK,75064.0,2019-02-08,252.0,1.2817%,0.0008,0.3422,-0.0017,0.1432,1.1483%,1.1995%,8.3556%,0.0134759999999999,GSK,75064.0,2019-02-11,252.0,-2.0930%,0.0006,0.3579,-0.0471,0.1268,1.1528%,1.2071%,8.8034%,-0.021827,GSK,75064.0,2019-02-12,252.0,0.7457%,0.0006,0.3573,-0.0448,0.1261,1.1527%,1.2068%,8.7605%,0.002715,GSK,75064.0,2019-02-13,252.0,-0.3948%,0.0006,0.3617,-0.0546,0.123,1.1510%,1.2064%,8.9722%,-0.005109,GSK,75064.0,2019-02-14,252.0,1.2138%,0.0007,0.3584,-0.0476,0.1157,1.1537%,1.2082%,8.8127%,0.0137939999999999,GSK,75064.0,2019-02-15,252.0,0.9300%,0.0007,0.3583,-0.0471,0.1162,1.1538%,1.2080%,8.7701%,0.0047139999999999,GSK,75064.0,2019-02-19,252.0,0.1212%,0.0006,0.3554,-0.0435,0.1206,1.1524%,1.2054%,8.5929%,0.0002199999999999,GSK,75064.0,2019-02-20,252.0,0.1695%,0.0006,0.3544,-0.0499,0.116,1.1508%,1.2038%,8.6106%,0.000352,GSK,0.039146,0.038972,0.0524479999999999,0.033336,0.0473069999999999
34443,HAEMONETICS CORP MASS,"Haemonetics shares are trading lower after the company reported Q3 sales of $247.356 million, missing the $250.13 million estimate.",6,decrease,0.8,0.7,"the company's q3 sales missed analyst estimates, which typically leads to a negative reaction in stock prices.",0,2019-02-05,HAE,2019-02-05 15:40:00+00:00,76837.0,40502410,-0.1292579770088196,2480631.0,0.0087459860369563,0.0050682444125413,-0.003749264171347,-0.0225457809865474,-0.020933773368597,0.0162334516644477,0.0097297001630067,0.0143825421109795,0.0148703306913375,-0.0041515468619763,0.0082054222002625,-0.0068034599535167,0.0018602026393637,-0.0033901194110512,0.0212371107190847,-0.0015386349987238,-0.0015909021021798,-0.0066232071258127,0.0130890225991606,-0.0275465603917837,-0.004381523001939,0.0135582853108644,0.0110584031790494,0.0066726924851536,-0.0013392312685027,-0.0005052083870396,-0.0217926297336816,0.0141422133892774,-0.0045698792673647,-0.0220484770834446,-0.0029839838389307,-0.0209008418023586,0.014504368416965,-0.0020563951693475,-0.019743537530303,0.0242728777229785,-0.0078712850809097,0.0100293578580021,-0.0184342768043279,-0.0001013182336464,0.0052300305105745,0.0366480909287929,0.0156083684414625,-0.0212744046002626,0.0164163894951343,-0.0274862553924322,0.0073310350999236,0.0451269149780273,-0.0072776824235916,0.0103430431336164,-0.0063001494854688,0.0023273164406418,-0.0006916145212017,0.0426869057118892,-0.0184566397219896,-0.0163827110081911,0.0205664597451686,-0.0414934009313583,-0.0010363466572016,-0.0217700842767953,0.0160230472683906,-0.0288480352610349,-0.0410710535943508,-0.0022670845501124,0.0101751144975423,-0.0136120710521936,0.0037479468155652,-0.0008743342477828,-0.0032671971712261,-0.0082851694896817,0.0029267151840031,0.0054243043996393,0.0211276430636644,-0.0092130433768033,0.0259487498551607,0.009983510710299,-0.0139275770634412,-0.0192965660244226,0.023050857707858,0.0038167354650795,-0.018555337563157,-0.0332103185355663,0.0060769855044782,0.010439995676279,0.0003355568042024,0.0073239323683083,-0.0140892555937171,-0.0063444701954722,0.0071453428827226,0.0435206033289432,-0.001914479653351,-0.0133525403216481,-0.0122982775792479,0.0191893391311168,-0.0051405592821538,-0.000391475012293,-0.0250314939767122,0.0004896019818261,-0.0373337157070636,-0.0070004980079829,0.0046489466913044,-0.0717509388923645,0.0142474202439189,0.0233675669878721,0.0248529203236103,0.0184366386383771,-0.0080834403634071,-9.40757745411247e-05,0.0060234102420508,0.0100702783092856,0.0152618344873189,-0.0568945296108722,0.0130665730684995,-0.0301529467105865,-0.0037667141295969,-8.684079512022436e-05,0.0223419405519962,0.0577152743935585,0.0161380115896463,0.031863447278738,0.0087459860369563,0.0050682444125413,0.0049639308535178,-0.0175918041025174,-0.016073756318584,-0.0016439281396583,0.0082732178802373,0.0085106364494067,0.0520033265437875,-0.0371581453098407,0.0252925097011558,-0.0114954711337911,0.0716227093599433,-0.0785206160995068,2019-02-06,2019-02-07,2019-02-08,2019-02-11,2019-02-12,2019-02-13,2019-02-14,2019-02-15,2019-02-19,2019-02-20,76837.0,2019-02-05,252.0,-12.9258%,0.001,0.9017,0.6239,-0.5238,1.7612%,2.1561%,33.2757%,-0.136487,HAE,76837.0,2019-02-06,252.0,0.8746%,0.0011,0.8738,0.6327,-0.5499,1.7593%,2.1382%,32.3006%,0.011059,HAE,76837.0,2019-02-07,252.0,-0.3749%,0.0008,0.8255,0.6918,-0.5554,1.6842%,2.0578%,33.0152%,0.007244,HAE,76837.0,2019-02-08,252.0,-2.0934%,0.0005,0.8315,0.6524,-0.5562,1.6626%,2.0390%,33.5172%,-0.025955,HAE,76837.0,2019-02-11,252.0,0.9730%,0.0004,0.8528,0.6388,-0.5523,1.6599%,2.0380%,33.6686%,0.005439,HAE,76837.0,2019-02-12,252.0,1.4870%,0.0005,0.8596,0.6314,-0.5475,1.6587%,2.0398%,33.8777%,0.002106,HAE,76837.0,2019-02-13,252.0,0.8205%,0.0005,0.8645,0.6252,-0.5473,1.6580%,2.0403%,33.9600%,0.005703,HAE,76837.0,2019-02-14,252.0,0.1860%,0.0005,0.8652,0.6234,-0.5452,1.6582%,2.0401%,33.9364%,-0.0028499999999999,HAE,76837.0,2019-02-15,252.0,2.1237%,0.0006,0.8791,0.6371,-0.5211,1.6592%,2.0438%,34.0987%,0.012418,HAE,76837.0,2019-02-19,252.0,-0.1591%,0.0006,0.8795,0.6327,-0.5261,1.6592%,2.0432%,34.0566%,-0.003645,HAE,76837.0,2019-02-20,252.0,1.3089%,0.0007,0.8841,0.6485,-0.5082,1.6589%,2.0433%,34.0805%,0.012819,HAE,-0.1254279999999999,-0.1181839999999999,-0.144139,-0.136594,-0.1121489999999999
34451,HAEMONETICS CORP MASS,"Haemonetics Reaffirms FY19 Adj. EPS Guidance Of $2.25-$2.35 vs $2.33 Est., Raises Cash Flow Guidance From  $150M-$175M To $160M-$185M",6,increase,0.8,0.6,the reaffirmation of adjusted eps guidance and the increase in cash flow guidance are positive indicators that may boost investor confidence and lead to an increase in stock price.,2,2019-02-05,HAE,2019-02-05 11:16:00+00:00,76837.0,40502410,-0.1292579770088196,2480631.0,0.0087459860369563,0.0050682444125413,-0.003749264171347,-0.0225457809865474,-0.020933773368597,0.0162334516644477,0.0097297001630067,0.0143825421109795,0.0148703306913375,-0.0041515468619763,0.0082054222002625,-0.0068034599535167,0.0018602026393637,-0.0033901194110512,0.0212371107190847,-0.0015386349987238,-0.0015909021021798,-0.0066232071258127,0.0130890225991606,-0.0275465603917837,-0.004381523001939,0.0135582853108644,0.0110584031790494,0.0066726924851536,-0.0013392312685027,-0.0005052083870396,-0.0217926297336816,0.0141422133892774,-0.0045698792673647,-0.0220484770834446,-0.0029839838389307,-0.0209008418023586,0.014504368416965,-0.0020563951693475,-0.019743537530303,0.0242728777229785,-0.0078712850809097,0.0100293578580021,-0.0184342768043279,-0.0001013182336464,0.0052300305105745,0.0366480909287929,0.0156083684414625,-0.0212744046002626,0.0164163894951343,-0.0274862553924322,0.0073310350999236,0.0451269149780273,-0.0072776824235916,0.0103430431336164,-0.0063001494854688,0.0023273164406418,-0.0006916145212017,0.0426869057118892,-0.0184566397219896,-0.0163827110081911,0.0205664597451686,-0.0414934009313583,-0.0010363466572016,-0.0217700842767953,0.0160230472683906,-0.0288480352610349,-0.0410710535943508,-0.0022670845501124,0.0101751144975423,-0.0136120710521936,0.0037479468155652,-0.0008743342477828,-0.0032671971712261,-0.0082851694896817,0.0029267151840031,0.0054243043996393,0.0211276430636644,-0.0092130433768033,0.0259487498551607,0.009983510710299,-0.0139275770634412,-0.0192965660244226,0.023050857707858,0.0038167354650795,-0.018555337563157,-0.0332103185355663,0.0060769855044782,0.010439995676279,0.0003355568042024,0.0073239323683083,-0.0140892555937171,-0.0063444701954722,0.0071453428827226,0.0435206033289432,-0.001914479653351,-0.0133525403216481,-0.0122982775792479,0.0191893391311168,-0.0051405592821538,-0.000391475012293,-0.0250314939767122,0.0004896019818261,-0.0373337157070636,-0.0070004980079829,0.0046489466913044,-0.0717509388923645,0.0142474202439189,0.0233675669878721,0.0248529203236103,0.0184366386383771,-0.0080834403634071,-9.40757745411247e-05,0.0060234102420508,0.0100702783092856,0.0152618344873189,-0.0568945296108722,0.0130665730684995,-0.0301529467105865,-0.0037667141295969,-8.684079512022436e-05,0.0223419405519962,0.0577152743935585,0.0161380115896463,0.031863447278738,0.0087459860369563,0.0050682444125413,0.0049639308535178,-0.0175918041025174,-0.016073756318584,-0.0016439281396583,0.0082732178802373,0.0085106364494067,0.0520033265437875,-0.0371581453098407,0.0252925097011558,-0.0114954711337911,0.0716227093599433,-0.0785206160995068,2019-02-06,2019-02-07,2019-02-08,2019-02-11,2019-02-12,2019-02-13,2019-02-14,2019-02-15,2019-02-19,2019-02-20,76837.0,2019-02-05,252.0,-12.9258%,0.001,0.9017,0.6239,-0.5238,1.7612%,2.1561%,33.2757%,-0.136487,HAE,76837.0,2019-02-06,252.0,0.8746%,0.0011,0.8738,0.6327,-0.5499,1.7593%,2.1382%,32.3006%,0.011059,HAE,76837.0,2019-02-07,252.0,-0.3749%,0.0008,0.8255,0.6918,-0.5554,1.6842%,2.0578%,33.0152%,0.007244,HAE,76837.0,2019-02-08,252.0,-2.0934%,0.0005,0.8315,0.6524,-0.5562,1.6626%,2.0390%,33.5172%,-0.025955,HAE,76837.0,2019-02-11,252.0,0.9730%,0.0004,0.8528,0.6388,-0.5523,1.6599%,2.0380%,33.6686%,0.005439,HAE,76837.0,2019-02-12,252.0,1.4870%,0.0005,0.8596,0.6314,-0.5475,1.6587%,2.0398%,33.8777%,0.002106,HAE,76837.0,2019-02-13,252.0,0.8205%,0.0005,0.8645,0.6252,-0.5473,1.6580%,2.0403%,33.9600%,0.005703,HAE,76837.0,2019-02-14,252.0,0.1860%,0.0005,0.8652,0.6234,-0.5452,1.6582%,2.0401%,33.9364%,-0.0028499999999999,HAE,76837.0,2019-02-15,252.0,2.1237%,0.0006,0.8791,0.6371,-0.5211,1.6592%,2.0438%,34.0987%,0.012418,HAE,76837.0,2019-02-19,252.0,-0.1591%,0.0006,0.8795,0.6327,-0.5261,1.6592%,2.0432%,34.0566%,-0.003645,HAE,76837.0,2019-02-20,252.0,1.3089%,0.0007,0.8841,0.6485,-0.5082,1.6589%,2.0433%,34.0805%,0.012819,HAE,-0.1254279999999999,-0.1181839999999999,-0.144139,-0.136594,-0.1121489999999999
34459,HAEMONETICS CORP MASS,"Haemonetics Q3 Adj. EPS $0.63 Beats $0.59 Estimate, Sales $247.356M Miss $250.13M Estimate",6,uncertain,0.6,0.2,"while the adjusted eps beat estimates, the sales miss could lead to mixed reactions from investors, making the overall impact on the stock price uncertain.",1,2019-02-05,HAE,2019-02-05 11:13:00+00:00,76837.0,40502410,-0.1292579770088196,2480631.0,0.0087459860369563,0.0050682444125413,-0.003749264171347,-0.0225457809865474,-0.020933773368597,0.0162334516644477,0.0097297001630067,0.0143825421109795,0.0148703306913375,-0.0041515468619763,0.0082054222002625,-0.0068034599535167,0.0018602026393637,-0.0033901194110512,0.0212371107190847,-0.0015386349987238,-0.0015909021021798,-0.0066232071258127,0.0130890225991606,-0.0275465603917837,-0.004381523001939,0.0135582853108644,0.0110584031790494,0.0066726924851536,-0.0013392312685027,-0.0005052083870396,-0.0217926297336816,0.0141422133892774,-0.0045698792673647,-0.0220484770834446,-0.0029839838389307,-0.0209008418023586,0.014504368416965,-0.0020563951693475,-0.019743537530303,0.0242728777229785,-0.0078712850809097,0.0100293578580021,-0.0184342768043279,-0.0001013182336464,0.0052300305105745,0.0366480909287929,0.0156083684414625,-0.0212744046002626,0.0164163894951343,-0.0274862553924322,0.0073310350999236,0.0451269149780273,-0.0072776824235916,0.0103430431336164,-0.0063001494854688,0.0023273164406418,-0.0006916145212017,0.0426869057118892,-0.0184566397219896,-0.0163827110081911,0.0205664597451686,-0.0414934009313583,-0.0010363466572016,-0.0217700842767953,0.0160230472683906,-0.0288480352610349,-0.0410710535943508,-0.0022670845501124,0.0101751144975423,-0.0136120710521936,0.0037479468155652,-0.0008743342477828,-0.0032671971712261,-0.0082851694896817,0.0029267151840031,0.0054243043996393,0.0211276430636644,-0.0092130433768033,0.0259487498551607,0.009983510710299,-0.0139275770634412,-0.0192965660244226,0.023050857707858,0.0038167354650795,-0.018555337563157,-0.0332103185355663,0.0060769855044782,0.010439995676279,0.0003355568042024,0.0073239323683083,-0.0140892555937171,-0.0063444701954722,0.0071453428827226,0.0435206033289432,-0.001914479653351,-0.0133525403216481,-0.0122982775792479,0.0191893391311168,-0.0051405592821538,-0.000391475012293,-0.0250314939767122,0.0004896019818261,-0.0373337157070636,-0.0070004980079829,0.0046489466913044,-0.0717509388923645,0.0142474202439189,0.0233675669878721,0.0248529203236103,0.0184366386383771,-0.0080834403634071,-9.40757745411247e-05,0.0060234102420508,0.0100702783092856,0.0152618344873189,-0.0568945296108722,0.0130665730684995,-0.0301529467105865,-0.0037667141295969,-8.684079512022436e-05,0.0223419405519962,0.0577152743935585,0.0161380115896463,0.031863447278738,0.0087459860369563,0.0050682444125413,0.0049639308535178,-0.0175918041025174,-0.016073756318584,-0.0016439281396583,0.0082732178802373,0.0085106364494067,0.0520033265437875,-0.0371581453098407,0.0252925097011558,-0.0114954711337911,0.0716227093599433,-0.0785206160995068,2019-02-06,2019-02-07,2019-02-08,2019-02-11,2019-02-12,2019-02-13,2019-02-14,2019-02-15,2019-02-19,2019-02-20,76837.0,2019-02-05,252.0,-12.9258%,0.001,0.9017,0.6239,-0.5238,1.7612%,2.1561%,33.2757%,-0.136487,HAE,76837.0,2019-02-06,252.0,0.8746%,0.0011,0.8738,0.6327,-0.5499,1.7593%,2.1382%,32.3006%,0.011059,HAE,76837.0,2019-02-07,252.0,-0.3749%,0.0008,0.8255,0.6918,-0.5554,1.6842%,2.0578%,33.0152%,0.007244,HAE,76837.0,2019-02-08,252.0,-2.0934%,0.0005,0.8315,0.6524,-0.5562,1.6626%,2.0390%,33.5172%,-0.025955,HAE,76837.0,2019-02-11,252.0,0.9730%,0.0004,0.8528,0.6388,-0.5523,1.6599%,2.0380%,33.6686%,0.005439,HAE,76837.0,2019-02-12,252.0,1.4870%,0.0005,0.8596,0.6314,-0.5475,1.6587%,2.0398%,33.8777%,0.002106,HAE,76837.0,2019-02-13,252.0,0.8205%,0.0005,0.8645,0.6252,-0.5473,1.6580%,2.0403%,33.9600%,0.005703,HAE,76837.0,2019-02-14,252.0,0.1860%,0.0005,0.8652,0.6234,-0.5452,1.6582%,2.0401%,33.9364%,-0.0028499999999999,HAE,76837.0,2019-02-15,252.0,2.1237%,0.0006,0.8791,0.6371,-0.5211,1.6592%,2.0438%,34.0987%,0.012418,HAE,76837.0,2019-02-19,252.0,-0.1591%,0.0006,0.8795,0.6327,-0.5261,1.6592%,2.0432%,34.0566%,-0.003645,HAE,76837.0,2019-02-20,252.0,1.3089%,0.0007,0.8841,0.6485,-0.5082,1.6589%,2.0433%,34.0805%,0.012819,HAE,-0.1254279999999999,-0.1181839999999999,-0.144139,-0.136594,-0.1121489999999999
34467,HEALTHCARE SERVICES GROUP INC,"Healthcare Services Group Q4 EPS $0.42 Beats $0.37 Estimate, Sales $496.41M Miss $508.89M Estimate",6,uncertain,0.6,0.3,"while the earnings per share (eps) beat estimates, the sales miss could lead to mixed investor reactions, making the overall impact on the stock price uncertain.",1,2019-02-05,HCSG,2019-02-05 21:56:00+00:00,41292.0,42190610,0.015166038647294,681427.0,-0.0751718804240226,-0.0012021936709061,0.0097436169162392,-0.0465382598340511,-0.0159979946911335,0.0048375739715993,-0.0002580212021712,-0.0036722479853779,0.0307175684720277,-0.0117940679192543,0.0072627328336238,0.012167097069323,-0.0105358706787228,-0.005025066435337,0.0164141803979873,-0.0043211835436522,0.0009938115254044,-0.0020426725968718,-0.0079424092546105,0.0063956738449633,0.0087565286085009,0.0120203532278537,-0.0009920862503349,0.0116931712254881,-0.004965167492628,-0.0018674563616514,-0.0274451654404401,0.0178189594298601,-0.0164186600595712,-0.0117398453876376,-0.0041731833480298,0.0097202425822615,-0.0115243224427104,-0.0049539771862328,-0.1314256191253662,0.0229247286915779,0.0216596368700265,0.0196850206702947,-0.0113467015326023,0.0037045618519186,0.0172153338789939,0.0355499573051929,-0.0175178200006485,-0.0096251536160707,-0.0148081500083208,-0.0174216218292713,-0.0122698694467544,0.0182463563978672,-0.0102484449744224,-0.0152233745902776,-0.0229055993258953,0.0060255550779402,-0.0073859840631484,0.0321327187120914,0.0045292587019503,-0.0041290284134447,0.0186795461922884,-0.058780625462532,0.0041100559756159,-0.0081908013671636,0.0135389920324087,-0.0165837667882442,-0.0015532537363469,0.0035662793088704,0.0115121016278863,-0.0156798083335161,0.0101507799699902,0.0032871423754841,0.0237514860928058,-0.0028096213936805,-0.0270672179758548,0.0171468779444694,0.0085601527243852,0.0067130806855857,0.0090936413034796,0.0008398283971473,0.0081105576828122,0.0013214874779805,0.0146006513386964,-0.0993291512131691,0.0052863527089357,-0.0380932912230491,0.002044980879873,0.0177966132760047,0.00262391124852,0.0094098048284649,-0.0305321104824543,0.0055913617834448,0.0251949653029441,0.0273972991853952,0.0040959445759654,-0.0085433339700102,-0.0067016184329986,0.0203397367149591,0.0117336912080645,-0.0026749649550765,-0.0156567376106977,0.0152095425873994,-0.004123693332076,0.0072628161869943,0.022182784974575,-0.0004537308705039,-0.0289351847022771,0.0201342925429344,0.0128128807991743,0.0224799048155546,0.0020594201050698,-0.0009456481202505,-0.0058720125816762,-0.0206066090613603,-0.0047253351658582,-0.0208569932729005,-0.0029674267861992,-0.0006796279922127,0.0074404766783118,-0.0022604495752602,-0.0558345504105091,0.0212373491376638,0.0416145771741867,0.0114405285567045,-0.0751718804240226,-0.0012021936709061,-0.0661607095135083,-0.0476845055035297,-0.0811002655250832,-0.0430776088546028,-0.0531182786273484,-0.0578362278333275,-0.0474724492858976,-0.051164869863045,-0.2431254930671328,0.0007227740973185,-0.2066639535095148,-0.0259031632686668,2019-02-06,2019-02-07,2019-02-08,2019-02-11,2019-02-12,2019-02-13,2019-02-14,2019-02-15,2019-02-19,2019-02-20,41292.0,2019-02-05,252.0,1.5166%,-0.0007,0.752,0.5151,0.3446,1.7422%,1.9219%,17.8237%,0.0143959999999999,HCSG,41292.0,2019-02-06,252.0,-7.5172%,-0.0009,0.7064,0.5311,0.2897,1.7924%,1.9456%,15.1318%,-0.073807,HCSG,41292.0,2019-02-07,252.0,0.9744%,-0.0008,0.6984,0.5341,0.2932,1.7950%,1.9445%,14.7863%,0.015774,HCSG,41292.0,2019-02-08,252.0,-1.5998%,-0.0008,0.7,0.5633,0.3193,1.7882%,1.9391%,14.9593%,-0.014971,HCSG,41292.0,2019-02-11,252.0,-0.0258%,-0.0008,0.7134,0.5438,0.3158,1.7871%,1.9383%,14.9952%,-0.0057909999999999,HCSG,41292.0,2019-02-12,252.0,3.0718%,-0.0006,0.7421,0.5233,0.3341,1.7829%,1.9434%,15.8334%,0.021344,HCSG,41292.0,2019-02-13,252.0,0.7263%,-0.0006,0.7462,0.5184,0.3345,1.7826%,1.9440%,15.9135%,0.004537,HCSG,41292.0,2019-02-14,252.0,-1.0536%,-0.0005,0.7495,0.514,0.3375,1.7805%,1.9428%,16.0133%,-0.009824,HCSG,41292.0,2019-02-15,252.0,1.6414%,-0.0006,0.7377,0.504,0.3191,1.7769%,1.9346%,15.6397%,0.00494,HCSG,41292.0,2019-02-19,252.0,0.0994%,-0.0006,0.735,0.5057,0.3213,1.7764%,1.9328%,15.5316%,-0.002927,HCSG,41292.0,2019-02-20,252.0,-0.7942%,-0.0007,0.7315,0.4968,0.3086,1.7778%,1.9331%,15.4215%,-0.012318,HCSG,-0.059411,-0.0436369999999999,-0.0586079999999999,-0.0430549999999999,-0.058647
34475,HORACE MANN EDUCATORS CORP NEW,"Horace Mann Educators Q4 EPS $(0.21) Misses $(0.10) Estimate, Sales $278.5M Miss $304.7M Estimate",6,decrease,0.8,0.7,"the company reported a larger-than-expected loss and lower sales than anticipated, which typically leads to a decline in stock price.",0,2019-02-05,HMN,2019-02-05 22:03:00+00:00,77120.0,44032710,-0.0090090343728661,220717.0,-0.0645933225750923,0.0021382786799222,-0.0260868724435567,0.0105641921982169,-0.0091912364587187,0.0087188323959708,0.0137821482494473,0.0053567378781735,-0.002352945273742,-0.0086893700063228,0.0167714729905128,-0.0064748311415314,-0.0110824825242161,-0.0023923080880194,0.01876469142735,-0.0011947249295189,0.0138142984360456,0.0108694909140467,0.0166540462523698,0.003636400680989,-0.0183668825775384,0.0122699383646249,-0.0053097116760909,0.0371595583856105,-0.0015252000885084,0.0128899198025465,-0.0056007485836744,0.0023255853448063,0.0035842135548591,-0.0069284178316593,-0.0002551565412431,0.0067166658118367,0.0132687035948038,0.0,-0.0100729716941714,0.0157438591122627,-0.0081404140219092,0.0106073068454861,-0.0120544033125042,-0.0060621914453804,-0.0163551680743694,0.0223658848553896,-0.0087093701586127,-0.012769341468811,0.0117145534604787,0.0037383013404905,-0.013157894834876,0.0037523286882787,0.00933329295367,0.0083784153684973,-0.0060766064561903,-0.0002701519115362,0.0036550315562635,0.0274846702814102,-0.0005337725160643,-0.0322407484054565,-0.0261682122945785,0.0174958817660808,-0.0205648466944694,0.0215023849159479,0.0011197396088391,-0.0460841618478298,-0.0302012879401445,-0.0021264757961034,0.0141291189938783,-0.0015923931496217,-0.0039806482382118,-0.0006581041379831,0.0079932231456041,-0.0096454359591007,0.0008495830697938,-0.0179211664944887,-0.0036785814445465,0.0187793746590614,0.0167566072195768,0.0034022787585854,-0.0097764935344457,-0.0002616989950183,-0.0062059583142399,0.0049961199983954,0.0130570279434323,-0.0459107309579849,0.0064443694427609,-0.0104269655421376,-0.0016703107394278,0.0062453160062432,-0.0111545324325561,-0.0022432741243392,0.0282007902860641,0.0281906314194202,0.0038398078177124,-0.0131512507796287,0.0019125600811094,0.0076452400535345,-0.0051813097670674,-0.0030487533658742,0.0238486547023057,0.0076804715208709,0.0018741552485153,-0.014134214259684,0.0130946468561887,0.0030379476957023,-0.0205750148743391,0.0071391831152141,0.0035011379513889,0.0197608470916748,0.0104670748114585,-0.0309901628643274,-0.0047808843664824,-0.0062593892216682,0.0181478597223758,-0.0186732709407806,0.0039317877963185,-0.0147664146497845,0.0073107727803289,-0.0016916310414671,0.0471746921539306,0.0100073181092739,-0.0044554527848958,-0.0012188990367576,-0.0645933225750923,0.0021382786799222,-0.0889951572519271,0.0127250600650872,-0.0973684181766626,0.0215548401269942,-0.0870813297308699,0.0181028236624793,-0.0361243652965239,0.0225454613808959,-0.1388977426565095,0.1778832353284842,-0.0304162209334017,0.0360564730749239,2019-02-06,2019-02-07,2019-02-08,2019-02-11,2019-02-12,2019-02-13,2019-02-14,2019-02-15,2019-02-19,2019-02-20,77120.0,2019-02-05,252.0,-0.9009%,0.0006,1.0345,0.6951,0.9173,1.0542%,1.5101%,51.2624%,-0.00753,HMN,77120.0,2019-02-06,252.0,-6.4593%,0.0003,1.0471,0.6922,0.9211,1.1272%,1.5479%,46.9727%,-0.06299,HMN,77120.0,2019-02-07,252.0,-2.6087%,0.0003,1.0625,0.6809,0.9179,1.1282%,1.5564%,47.4611%,-0.019141,HMN,77120.0,2019-02-08,252.0,-0.9191%,0.0001,1.0646,0.6388,0.8989,1.0880%,1.5264%,49.1933%,-0.004255,HMN,77120.0,2019-02-11,252.0,1.3782%,0.0002,1.0439,0.6663,0.903,1.0833%,1.5015%,47.9452%,0.005908,HMN,77120.0,2019-02-12,252.0,-0.2353%,0.0,1.023,0.6818,0.8895,1.0788%,1.4867%,47.3443%,-0.015248,HMN,77120.0,2019-02-13,252.0,1.6771%,0.0,1.0184,0.6947,0.8949,1.0780%,1.4837%,47.2035%,0.012775,HMN,77120.0,2019-02-14,252.0,-1.1082%,0.0001,1.0214,0.6914,0.8964,1.0717%,1.4808%,47.6250%,-0.007466,HMN,77120.0,2019-02-15,252.0,1.8765%,0.0,1.0071,0.6786,0.8732,1.0655%,1.4641%,47.0390%,0.001091,HMN,77120.0,2019-02-19,252.0,1.3814%,0.0,1.0078,0.6841,0.8794,1.0663%,1.4658%,47.0741%,0.007213,HMN,77120.0,2019-02-20,252.0,1.6654%,0.0001,1.0102,0.6904,0.8884,1.0675%,1.4694%,47.2213%,0.008298,HMN,-0.07052,-0.0896609999999999,-0.0939159999999999,-0.1032559999999999,-0.0813449999999999
34483,HERON THERAPEUTICS INC,Heron Therapeutics Reports Pres Robert Rosen To Retire; CEO Barry Quart Will Take On Added Role Of Pres,6,uncertain,0.6,0.2,"the retirement of a president and the ceo taking on additional responsibilities could be seen as a positive sign of leadership continuity or a negative sign of instability, leading to uncertainty in the stock price reaction.",1,2019-02-05,HRTX,2019-02-05 21:34:00+00:00,11636.0,42774610,-0.0014321845956146,653028.0,-0.0207959823310375,0.0156363751739263,-0.0142804617062211,0.0223048478364944,0.011144102551043,-0.0029651566874235,0.0014695413410663,0.0392912365496158,0.0234776008874177,0.0046439212746918,-0.0569892525672912,-0.0230624042451381,-0.0041808704845607,0.0275835655629634,0.0541984736919403,0.0098077682778239,-0.0083273509517312,-0.0285823177546262,0.0346842184662818,-0.0292268190532922,-0.0095271859318017,0.0089585576206445,-0.033131469041109,-0.0176017433404922,0.0195283964276313,0.02211394906044,0.0054210196249186,0.0289240255951881,-0.0093458024784922,-0.0061326120048761,-0.0395500771701335,0.0034615444019436,0.0574235171079635,0.0260457713156938,0.0050017647445201,-0.0375996865332126,-0.0216849874705076,-0.0190014988183975,-0.067223846912384,0.029930954799056,0.0019477693131193,-0.0011498921085149,0.0007776228012517,0.0034615444019436,-0.0190365109592676,0.0023130094632506,-0.0075247734785079,0.0922105461359024,-0.0043894136324524,0.0097788916900753,-0.0344689600169658,-0.0204081535339355,-0.0161892641335725,0.0898774191737175,0.0295358151197433,-0.0072104479186236,0.0086065977811813,-0.0031446402426809,0.0036570560187101,-0.0693979859352111,-0.0024292052257806,-0.0216769184917211,-0.0349025465548038,-0.0196471437811851,-0.0264928955584764,-0.0012013928499072,0.031965434551239,-0.0418265610933303,-0.0209292601794004,-0.0236043855547905,0.0068405237980186,-0.0092798806726932,0.0377919897437095,0.0003713415935635,0.0045007653534412,0.0143126584589481,0.041140541434288,-0.0477044470608234,0.025821590796113,0.0,-0.013729928061366,-0.0478142574429512,0.008894027210772,0.0191437918692827,0.0019164137775078,0.0242424365133047,-0.0355776697397232,-0.0126716159284114,-0.0015866326866671,0.07491485029459,-0.0202622264623642,0.0192826837301254,0.010543399490416,-0.0042242938652634,-0.0409309975802898,0.055105373263359,-0.0150627074763178,0.0601374395191669,-0.0348343923687934,-0.0316139832139015,0.0343310162425041,-0.0999624952673912,-0.0212765950709581,-0.0409336201846599,0.0478261038661003,0.0123591478914022,-0.0232364926487207,0.0128866117447614,0.0106202205643057,-0.0141560584306716,0.0159730613231658,-0.0282187350094318,-0.0595780126750469,-0.0543695539236068,-0.0461944229900836,-0.0363227576017379,-0.1812730729579926,0.0768432393670082,0.0056338245049119,-0.0176810771226882,-0.0207959823310375,0.0156363751739263,-0.0347794678079369,0.0382899899793895,-0.0240229512128162,0.0352112974721172,0.0003585595169379,0.0808823594611889,0.0161348420892426,0.0332963217657551,-0.1143778626271447,0.1676421504798004,-0.3599856261152172,-0.0503230040466414,2019-02-06,2019-02-07,2019-02-08,2019-02-11,2019-02-12,2019-02-13,2019-02-14,2019-02-15,2019-02-19,2019-02-20,11636.0,2019-02-05,252.0,-0.1432%,0.0014,1.1378,1.2824,-0.3546,3.7607%,4.0717%,14.6915%,-0.007588,HRTX,11636.0,2019-02-06,252.0,-2.0796%,0.0014,1.1189,1.2888,-0.3759,3.7619%,4.0640%,14.3112%,-0.018016,HRTX,11636.0,2019-02-07,252.0,-1.4280%,0.0013,1.1108,1.3002,-0.3777,3.7608%,4.0616%,14.2651%,-0.000833,HRTX,11636.0,2019-02-08,252.0,1.1144%,0.0013,1.1097,1.3018,-0.381,3.7609%,4.0620%,14.2780%,0.006788,HRTX,11636.0,2019-02-11,252.0,0.1470%,0.0013,1.0867,1.3113,-0.388,3.7599%,4.0503%,13.8282%,-0.0079,HRTX,11636.0,2019-02-12,252.0,2.3478%,0.0014,1.0889,1.313,-0.3872,3.7601%,4.0523%,13.9029%,0.007677,HRTX,11636.0,2019-02-13,252.0,-5.6989%,0.001,1.0623,1.3329,-0.3987,3.7727%,4.0584%,13.5861%,-0.060655,HRTX,11636.0,2019-02-14,252.0,-0.4181%,0.0008,1.0628,1.325,-0.386,3.7668%,4.0506%,13.5231%,-0.011294,HRTX,11636.0,2019-02-15,252.0,5.4198%,0.0009,1.075,1.3403,-0.3605,3.7735%,4.0585%,13.5478%,0.04063,HRTX,11636.0,2019-02-19,252.0,-0.8327%,0.0008,1.0671,1.3386,-0.3617,3.7733%,4.0549%,13.4074%,-0.0132749999999999,HRTX,11636.0,2019-02-20,252.0,3.4684%,0.0009,1.0766,1.3638,-0.3269,3.7777%,4.0601%,13.4288%,0.031601,HRTX,-0.025604,-0.026437,-0.019649,-0.019872,-0.032865
34491,H S B C HOLDINGS PLC,HSBC Cuts Dozens Of Investment Banking Jobs,6,decrease,0.7,0.6,"the news of job cuts in investment banking typically signals cost-cutting measures and potential challenges in revenue generation, which can negatively impact investor sentiment and lead to a decrease in stock price.",0,2019-02-05,HSBC,2019-02-05 15:44:00+00:00,87033.0,40428040,0.0088157951831817,901948.0,-0.0056684385053813,0.006233568303287,-0.0066508026793599,-0.0099691897630691,-0.001673833001405,-0.008239135146141,-0.0016766394255682,0.0095056481659412,0.0100767314434051,0.0110524483025074,0.0054632630199193,-0.0057334369048476,0.000944887753576,0.0108669586479663,0.0101486975327134,-0.0055235242471098,-0.0299065131694078,0.0062831877730786,0.0146917290985584,-0.0128816105425357,-0.0064087286591529,0.0103638581931591,-0.0024504358880221,-0.0012036407133564,-0.0029476524796336,0.00776321394369,0.0041881785728037,0.0058565563522279,0.009077594615519,-0.0106228543445467,-0.0072939274832606,-0.0026487023569643,-0.0053882244974374,0.0021718183998018,0.0017237057909369,0.0068026916123926,0.0078662661835551,0.0026796739548444,-0.0007316775154322,-0.0134583357721567,-0.0024408660829067,0.0291862543672323,0.0,-0.0110078463330864,0.0034254805650562,-0.0055947345681488,0.0014630913501605,0.0009739692322909,0.0012174150906503,0.0090908827260136,0.000486392469611,-0.0128546878695488,0.0065629668533802,0.0213029626756906,0.0028978250920772,-0.0046844780445098,-0.0036117918789386,-0.010248857550323,-0.0041083125397562,0.0158651303499937,-0.0033972188830375,-0.0110321342945098,-0.0158266741782426,0.0022113060113042,0.0002474551438353,-0.0048899939283728,0.0037101539783179,-0.010164525359869,0.0017249800730496,-0.000725484394934,-0.0034441130701452,0.0270740240812301,0.0017280550673604,-0.0037119903136044,0.0290782768279314,-0.0107710808515548,0.0093391574919223,-0.0039014839567244,0.0094898622483015,-0.036192737519741,-0.0058754407800734,-0.0211640670895576,0.0042553264647722,0.0218617841601371,0.0018832823261618,-0.0063069481402635,0.0016447296366095,-0.0106309009715914,-0.002111192792654,0.0098016802221536,0.0011753464350476,-0.0074125481769442,0.0105658788233995,0.0342596173286438,-0.0034851655364036,-0.0031047828961163,0.0102588590234518,0.0199756324291229,0.0030001671984791,-0.0205201767385006,-0.0048320083878934,-0.0078125428408384,-0.0006936133722774,-0.0037735812366008,-0.0016196134965866,0.0150826210156083,-0.0074159833602607,-0.0004785943310707,-0.0016344502801075,0.0222602691501379,0.0072497986257076,-0.0084889270365238,0.0053401333279907,-0.0166945084929466,0.0062355767004191,-0.0082781100645661,-0.0084920572116971,0.011725241318345,0.0062500103376805,0.0021582769695669,-0.0056684385053813,0.006233568303287,-0.0122815415187418,-0.0037977650850986,-0.0139348172706446,-0.0120056099314502,-0.0056684386159838,0.0084094734171984,-0.0049598267297421,0.0011928206264337,-0.0016464230403916,0.0404065690689821,0.0531043989079993,0.0064748275619861,2019-02-06,2019-02-07,2019-02-08,2019-02-11,2019-02-12,2019-02-13,2019-02-14,2019-02-15,2019-02-19,2019-02-20,87033.0,2019-02-05,252.0,0.8816%,-0.0005,0.7146,0.1209,0.6393,0.8868%,1.1532%,40.8674%,0.009616,HSBC,87033.0,2019-02-06,252.0,-0.5668%,-0.0005,0.7146,0.121,0.6388,0.8871%,1.1364%,39.0523%,-0.004632,HSBC,87033.0,2019-02-07,252.0,-0.6651%,-0.0005,0.7121,0.1251,0.6379,0.8866%,1.1328%,38.7403%,-0.002439,HSBC,87033.0,2019-02-08,252.0,-0.1674%,-0.0005,0.7114,0.1341,0.6408,0.8842%,1.1307%,38.8393%,0.001924,HSBC,87033.0,2019-02-11,252.0,-0.1677%,-0.0005,0.7171,0.1223,0.6375,0.8841%,1.1258%,38.3250%,-0.005132,HSBC,87033.0,2019-02-12,252.0,1.0077%,-0.0005,0.7174,0.1232,0.6375,0.8842%,1.1256%,38.2941%,0.0012839999999999,HSBC,87033.0,2019-02-13,252.0,0.5463%,-0.0004,0.7212,0.1182,0.6374,0.8833%,1.1262%,38.4894%,0.0028339999999999,HSBC,87033.0,2019-02-14,252.0,0.0945%,-0.0004,0.7194,0.1212,0.6347,0.8834%,1.1255%,38.3992%,0.005441,HSBC,87033.0,2019-02-15,252.0,1.0149%,-0.0005,0.7059,0.1089,0.6125,0.8778%,1.1115%,37.6340%,-0.0014299999999999,HSBC,87033.0,2019-02-19,252.0,-2.9907%,-0.0007,0.6971,0.0915,0.5936,0.9011%,1.1246%,35.8062%,-0.0335009999999999,HSBC,87033.0,2019-02-20,252.0,1.4692%,-0.0006,0.7,0.0975,0.6037,0.9035%,1.1287%,35.9332%,0.0098009999999999,HSBC,0.004984,0.0025449999999999,0.0044689999999999,0.0006209999999999,-0.016234
34499,HUMANA INC,Humana Q4 Earnings Outlook,6,uncertain,0.5,0.5,"the impact on humana inc's stock price is unclear without specific details on the earnings outlook, which could be positive or negative.",1,2019-02-05,HUM,2019-02-05 19:17:00+00:00,48653.0,44485910,-0.0083343833684921,964438.0,-0.0054052756167948,-0.0011100108968093,0.0072903609834611,-0.0087057910859584,-0.0167121309787035,0.0084858369082212,-0.0171635206788778,0.0185160804539918,0.0087485592812299,-0.002685401123017,0.0101914070546627,0.0031595458276569,0.0073826336301863,0.0004990979214198,0.0289825908839702,0.0041766907088458,-0.0157911516726017,0.0016734721139073,0.0113949282094836,0.0108945770189166,-0.0042735277675092,0.0156003320589661,0.0068929479457437,-0.0077736065723001,-0.0155321545898914,0.0162503123283386,-0.0082657821476459,0.0231494586914777,-0.0475607886910438,-0.0049035688862204,-0.0101746451109647,0.0307250842452049,0.0209794417023658,-0.0044525284320116,-0.0459074489772319,0.004801248665899,-0.0015486301854252,-0.0059657022356987,-0.0185045078396797,-0.0001446335954824,-0.01345095038414,0.0256580747663974,-0.0006333386409096,-0.0422244556248188,0.0180043131113052,-0.0170693043619394,0.0049432665109634,0.0148788867518305,0.0312624759972095,-0.005801054649055,-0.0113415233790874,0.0064399964176118,0.0011436184868216,0.0338381640613079,0.0072463722899556,-0.0046607530675828,0.0159123577177524,-0.0124059896916151,-0.0395939648151397,-0.0183557905256748,0.0052668345160782,-0.0298951473087072,-0.0150310862809419,-0.036936916410923,-0.0089508527889847,0.0109692551195621,-0.026835948228836,-0.0402240231633186,-7.602987170685083e-05,0.006376436445862,0.0010269341291859,0.0145390974357724,0.0129089327529072,-0.0040674214251339,0.0087593477219343,0.0043137492612004,-0.0223977174609899,-0.0324722193181514,0.0054894876666367,-0.0252720192074775,0.028851930052042,-0.0270181410014629,0.0188304372131824,0.0121710924431681,-0.0105613907799124,-0.0024826887529343,0.0039114174433052,0.0042262533679604,-0.0296034831553697,0.0622355341911315,-0.0216135457158088,-0.0125019391998648,-0.028495792299509,0.0249410755932331,0.0027239448390901,0.0026876672636717,-0.0744094252586364,-0.0069005764089524,-0.0094002839177846,-0.0102448221296072,0.0334922187030315,-0.0291809234768152,0.0079355342313647,0.0054086386226117,0.024113729596138,-0.007490383926779,0.005795944482088,-0.0408896431326866,0.0078834732994437,-0.0106026558205485,0.0243786200881004,-0.003835427807644,-0.0044961380772292,-0.001884578843601,-0.0055676400661468,-0.0406520552933216,-0.036216277629137,0.0668153837323188,0.0049561308696866,0.0159211680293083,-0.0054052756167948,-0.0011100108968093,0.0018456789562046,-0.0098061384597971,-0.0148972972509595,-0.0014035148432451,-0.0233348176257151,0.0143552925781784,0.0180284125019438,0.0351874215464325,-0.092613973991578,0.081936980654599,-0.182960005931656,-0.0615659349310928,2019-02-06,2019-02-07,2019-02-08,2019-02-11,2019-02-12,2019-02-13,2019-02-14,2019-02-15,2019-02-19,2019-02-20,48653.0,2019-02-05,252.0,-0.8334%,0.0004,0.6957,-0.1147,-0.056,1.1951%,1.4368%,30.8173%,-0.011914,HUM,48653.0,2019-02-06,252.0,-0.5405%,0.0004,0.6858,-0.1115,-0.0663,1.1948%,1.4207%,29.2731%,-0.003947,HUM,48653.0,2019-02-07,252.0,0.7290%,0.0005,0.6854,-0.1166,-0.0626,1.1973%,1.4206%,28.9724%,0.013682,HUM,48653.0,2019-02-08,252.0,-1.6712%,0.0005,0.6882,-0.1005,-0.0403,1.2000%,1.4211%,28.6987%,-0.017803,HUM,48653.0,2019-02-11,252.0,-1.7164%,0.0003,0.7065,-0.1422,-0.0533,1.2005%,1.4241%,28.9409%,-0.017471,HUM,48653.0,2019-02-12,252.0,0.8749%,0.0003,0.7055,-0.1419,-0.0539,1.2005%,1.4235%,28.8713%,-0.001022,HUM,48653.0,2019-02-13,252.0,1.0191%,0.0004,0.7086,-0.144,-0.0523,1.2012%,1.4243%,28.8638%,0.008239,HUM,48653.0,2019-02-14,252.0,0.7383%,0.0004,0.7065,-0.1393,-0.0574,1.2025%,1.4247%,28.7633%,0.009216,HUM,48653.0,2019-02-15,252.0,2.8983%,0.0005,0.7312,-0.1148,-0.0143,1.2068%,1.4358%,29.3547%,0.021523,HUM,48653.0,2019-02-19,252.0,-1.5791%,0.0005,0.7307,-0.1298,-0.0311,1.2102%,1.4396%,29.3287%,-0.016905,HUM,48653.0,2019-02-20,252.0,1.1395%,0.0005,0.7329,-0.1273,-0.0239,1.2113%,1.4408%,29.3210%,0.010363,HUM,-0.015861,-0.0021789999999999,-0.019982,-0.038475,-0.006039
34507,I E S HOLDINGS INC,"IES Holdings Q1 EPS $0.40 Up From $0.11 YoY, Sales $243.8M Up From $198.3M YoY",6,increase,0.85,0.7,"the significant year-over-year increase in both eps and sales suggests strong financial performance, which is likely to positively influence investor sentiment and drive the stock price up.",2,2019-02-05,IESC,2019-02-05 22:01:00+00:00,85768.0,44951W10,-0.0029674267861992,36988.0,0.0625000745058059,0.0107978582382202,-0.0162465497851371,-0.0041815829463303,0.0478360019624233,0.0060096383094787,0.008695644326508,0.0030138178262859,-0.0005388054414652,0.0097382739186286,0.0053908564150333,-0.0161676909774541,-0.0107237994670867,-0.0141676366329193,0.0086720781400799,0.0017741387709975,0.0091348774731159,-0.0064630205743014,-0.0042598466388881,0.0071006417274475,0.0155079681426286,0.0095579363405704,-0.0005266049993224,0.0023951500188559,0.001053764950484,0.0127350511029362,-0.0126315671950578,-0.0030230437405407,0.0,-0.018397593870759,-0.0202559195458889,-0.0064857727847993,0.0065288818441331,0.0137477312237024,0.0210810489952564,-0.0035736372228711,-0.0015880772843956,-0.0023766492959111,-0.0217391215264797,0.0053763533942401,0.0086720781400799,0.0554855056107044,-0.0102095929905772,-0.0062656882219016,0.0233442075550556,0.0263665486127138,-0.0244032349437475,-0.014575382694602,-0.0065252278000116,0.0193798579275608,0.0027366850990802,0.0104438541457057,-0.0272925775498151,0.0261218603700399,-0.003928153309971,-0.0158206839114427,0.0056338245049119,-0.0052458965219557,-0.006722736172378,-0.0255590807646513,0.0129723381251096,-0.0249220952391624,-0.0295099560171365,0.0164660718291997,0.0195066053420305,-0.0210786871612072,0.0073156533762812,-0.0128519581630826,0.0061452854424715,-0.0438853129744529,-0.0066630113869905,0.0395376868546009,-0.0067075984552502,-0.0318020619451999,0.0045019653625786,-0.0064365481957793,-0.0084033394232392,0.0313820429146289,-0.0022599387448281,-0.0131031097844243,0.0031144001986831,-0.0289184488356113,0.0183460768312215,-0.0153757724910974,-0.0022173456382006,-0.0090293372049927,-0.0050000082701444,-0.0106086283922195,0.0134003227576613,0.0124363657087087,-0.0126721514388918,-0.0468749441206455,0.0050223297439515,0.036871500313282,-0.0038867127150297,0.0056179990060627,0.0,0.047058779746294,0.0033444517757743,0.0185739640146493,0.0111111532896757,-0.0239765979349613,-0.0137362629175186,-0.03061218932271,-0.0027855790685862,0.0437869690358638,-0.0139664812013506,-0.0326273441314697,-0.0107649033889174,0.0156975891441106,0.0,0.0076157627627253,-0.0085910437628626,-0.0495545342564582,0.0115540595725178,0.0129723381251096,-0.0034265827853232,0.0266357306391,-0.0045845224522054,-0.0057570738717913,0.0625000745058059,0.0107978582382202,0.0452381141486353,0.006571123152024,0.0952381266282491,0.0126202515349334,0.1041666760920008,0.025562997665401,0.113095338872873,-0.0029585354820368,0.0553571700009847,0.0766773650339669,0.0339286738145376,-0.0299367004385374,2019-02-06,2019-02-07,2019-02-08,2019-02-11,2019-02-12,2019-02-13,2019-02-14,2019-02-15,2019-02-19,2019-02-20,85768.0,2019-02-05,252.0,-0.2967%,0.0,0.7302,0.9912,0.3455,1.4996%,1.7432%,25.9873%,-0.003323,IESC,85768.0,2019-02-06,252.0,6.2500%,0.0003,0.7218,0.9928,0.3459,1.5525%,1.7791%,23.8493%,0.063864,IESC,85768.0,2019-02-07,252.0,-1.6247%,0.0002,0.7178,1.0023,0.3425,1.5521%,1.7787%,23.8569%,-0.009692,IESC,85768.0,2019-02-08,252.0,4.7836%,0.0005,0.7082,1.029,0.3199,1.5597%,1.7872%,23.8333%,0.048952,IESC,85768.0,2019-02-11,252.0,0.8696%,0.0006,0.6922,1.0436,0.3194,1.5578%,1.7791%,23.3284%,7.7e-05,IESC,85768.0,2019-02-12,252.0,-0.0539%,0.0006,0.6931,1.0349,0.3214,1.5577%,1.7785%,23.2952%,-0.009718,IESC,85768.0,2019-02-13,252.0,0.5391%,0.0006,0.6968,1.0293,0.3209,1.5570%,1.7786%,23.3686%,0.002504,IESC,85768.0,2019-02-14,252.0,-1.0724%,0.0006,0.6998,1.0219,0.3294,1.5591%,1.7797%,23.2561%,-0.0128519999999999,IESC,85768.0,2019-02-15,252.0,0.8672%,0.0006,0.7152,1.0354,0.354,1.5531%,1.7799%,23.8552%,-0.003471,IESC,85768.0,2019-02-19,252.0,0.9135%,0.0007,0.7176,1.0347,0.353,1.5528%,1.7806%,23.9504%,0.003612,IESC,85768.0,2019-02-20,252.0,-0.4260%,0.0006,0.7149,1.0295,0.3434,1.5542%,1.7809%,23.8350%,-0.009941,IESC,0.060541,0.050849,0.099801,0.0901599999999999,0.0700119999999999
34515,INTUIT INC,Morgan Stanley Upgrades Intuit to Equal Weight from Underweight; Raises Price Target to $225 from $172,6,increase,0.8,0.6,"the upgrade from underweight to equal weight by morgan stanley, along with a significant increase in the price target, is likely to boost investor sentiment and demand for intuit's stock.",2,2019-02-05,INTU,2019-02-05 09:31:00+00:00,78975.0,46120210,0.0162057019770145,1818218.0,0.0004008924006484,0.0301236044615507,-0.0160744525492191,-0.0063479305244982,0.017468437552452,0.0080336341634392,0.0028465925715863,0.0276964642107486,0.0154788019135594,-0.0128879472613334,-0.001616048044525,-0.0151656549423933,0.0095804827287793,0.0100867236033082,0.0110061904415488,-0.00037694038474,0.0056145959533751,-0.0004708997148554,0.0057111037895083,-0.0071538728661835,-0.003983567468822,0.0101072089746594,0.0676935017108917,0.0082860616967082,-0.0128317577764391,0.0008579568821005,0.0048038205131888,0.0227151047438383,0.0037764750886708,-0.0048508369363844,-0.0108865369111299,0.0004367482324596,0.0132723618298769,0.0167768374085426,-0.0056307800114154,-0.0030918279662728,-0.0076706972904503,0.0239709988236427,-0.0007284498424269,0.0152551298961043,-0.0059941313229501,0.0396774634718895,0.0018335664644837,-0.030595963820815,0.0189522877335548,-0.0120904482901096,-0.0009578919271007,0.0051059480756521,0.0133839026093483,-0.0070472490042448,0.0123003954067826,0.0230290573090314,0.0052966307848691,0.0549931749701499,-0.0015883611049503,-0.0164684224873781,-0.0064411130733788,-0.0325419157743454,-0.0002733424480538,-0.0179475881159305,0.0180866029113531,-0.0129207968711853,-0.0304658226668834,0.003240667283535,0.0045512472279369,-0.0171203278005123,0.0085096471011638,-0.0360295996069908,-0.0023829080164432,-0.0035375766456127,0.0150364013388752,0.0148949204012751,0.0084484312683343,-0.0032883249223232,0.0166022572666406,0.0213868729770183,0.0094450041651725,-0.0429685488343238,0.0030566493514925,0.0187816489487886,-0.0239704996347427,-0.0274916179478168,-0.0035410753916949,-0.0047079408541321,-0.0035919083748012,0.0255270153284072,-0.0053306329064071,0.001292381202802,0.0007338835275731,0.0511698015034198,0.0019298313418403,-0.0132558746263384,0.0018105520866811,0.0221770871430635,0.0031531467102468,-0.0068043894134461,-0.0110779460519552,0.0164975989609956,-0.0066669299267232,-0.0203774981200695,0.0058532017283141,-0.0576995685696601,0.0148194413632154,-0.0144494781270623,0.0156351402401924,0.0246441308408975,-0.0061727799475193,-0.0162563025951385,-0.0007575072231702,-0.0001409253600286,-0.038887184113264,-0.0418598502874374,-0.023069666698575,-0.0047930805012583,0.0134420618414878,0.0061294417828321,-0.0287182014435529,0.0382779985666275,0.0086118141189217,-0.0034508742392063,0.0004008924006484,0.0301236044615507,-0.0156800042744422,0.023584451388783,0.0015145281025195,0.0318075544066251,0.0199118054880458,0.0467187897698386,0.0511381161060637,0.0329172341884558,0.1403180526253373,0.1321895928011573,0.0975833294402164,0.0325607345230551,2019-02-06,2019-02-07,2019-02-08,2019-02-11,2019-02-12,2019-02-13,2019-02-14,2019-02-15,2019-02-19,2019-02-20,78975.0,2019-02-05,252.0,1.6206%,0.0009,1.0707,-0.1227,-1.0131,0.9422%,1.8089%,72.8721%,0.005332,INTU,78975.0,2019-02-06,252.0,0.0401%,0.0009,1.0739,-0.1238,-1.0096,0.9422%,1.7940%,72.4150%,0.003353,INTU,78975.0,2019-02-07,252.0,-1.6074%,0.0009,1.0753,-0.1242,-1.0104,0.9424%,1.7934%,72.3864%,-0.00241,INTU,78975.0,2019-02-08,252.0,1.7468%,0.0009,1.0741,-0.134,-1.022,0.9424%,1.7962%,72.4727%,0.009491,INTU,78975.0,2019-02-11,252.0,0.2847%,0.001,1.0641,-0.1197,-1.0195,0.9412%,1.7629%,71.4948%,0.0044779999999999,INTU,78975.0,2019-02-12,252.0,1.5479%,0.0009,1.0552,-0.1095,-1.0259,0.9373%,1.7571%,71.5435%,-0.000803,INTU,78975.0,2019-02-13,252.0,-0.1616%,0.0009,1.0563,-0.1134,-1.0277,0.9375%,1.7553%,71.4755%,-0.003887,INTU,78975.0,2019-02-14,252.0,0.9580%,0.0009,1.0555,-0.1102,-1.032,0.9371%,1.7560%,71.5190%,0.006327,INTU,78975.0,2019-02-15,252.0,1.1006%,0.0009,1.0438,-0.1204,-1.0506,0.9313%,1.7487%,71.6385%,0.004208,INTU,78975.0,2019-02-19,252.0,0.5615%,0.0009,1.0411,-0.111,-1.0398,0.9286%,1.7376%,71.4373%,0.007032,INTU,78975.0,2019-02-20,252.0,0.5711%,0.0008,1.0421,-0.1152,-1.0379,0.9255%,1.7360%,71.5765%,0.009596,INTU,0.008685,0.006275,0.015766,0.019441,0.042717
34523,INVESTAR HOLDING CORP,Investar Holding Corporation Adds 300K Shares To Buyback,6,increase,0.75,0.6,"the announcement of a share buyback typically signals confidence from the company in its own stock, which can lead to an increase in stock price as it reduces the number of shares outstanding and may indicate that the stock is undervalued.",2,2019-02-05,ISTR,2019-02-05 22:06:00+00:00,14810.0,46134L10,0.0179640762507915,30887.0,-0.009243668988347,-0.0225752890110015,-0.0110263032838702,0.037294041365385,-0.0068610571324825,-0.0178875681012868,0.0215889457613229,0.0253275074064731,0.0008453279151581,-0.0474210157990455,0.020270250737667,0.0216744672507047,0.0244205370545387,0.056104127317667,0.000404049642384,-0.0396551750600338,0.008481384254992,0.0197802539914846,-0.0200240295380353,-0.0117289507761597,0.0126686301082372,0.0092065325006842,0.0108958249911665,-0.0272921659052372,-0.0267465114593505,-0.0134623339399695,0.009844203479588,-0.0012604529038071,0.0,-0.0124481804668903,-0.0113728949800133,0.0181664675474166,0.0024650560226291,0.0038168004248291,-0.0258196387439966,-0.0096597876399755,-0.0063104592263698,0.0004201777046546,-0.0046570957638323,0.0084745278581976,-0.0127605758607387,-0.0042194253765046,-0.0004307764756958,-0.0250925011932849,0.0172413624823093,-0.0197580549865961,-0.0029660887084901,0.0044551924802362,-0.0055249072611331,0.0052824025042355,-0.0055555198341608,0.0275574047118425,-0.0116029419004917,0.0431185401976108,0.0030434650834649,0.0536942705512046,-0.019939275458455,-0.019351864233613,0.0291906166821718,-0.059271864593029,-0.0107434466481208,-0.0315702557563781,-0.0321459509432315,0.0099378786981105,0.0040395040996372,0.0147058991715312,0.0102816065773367,-0.0301549173891544,0.0150442542508244,-0.0376470237970352,0.0130775598809123,0.0594100691378116,-0.0228055380284786,-0.0497433952987194,0.0061647426337003,0.0011857979698106,-0.0236324239522218,-0.0078431675210595,0.0017929590540006,0.0232744757086038,0.0089484946802258,-0.0378378219902515,0.0023281597532331,0.0306406877934932,-0.0039911377243697,-0.0160533171147108,-0.0048975381068885,0.0365260355174541,0.0089484946802258,-0.0183267332613468,0.0230598878115415,-0.0094711827114224,0.0099696377292275,-0.0159223247319459,-0.0199570879340171,0.0193982496857643,0.0019706625025719,0.0206060707569122,0.0139860846102237,0.0176809336990118,-0.0086207222193479,-0.0291416998952627,-0.0191304571926593,0.0052166595123708,-0.0026595508679747,-0.002801108174026,-0.0088889226317405,0.0117408502846956,0.0224215257912874,-0.0287062339484691,0.004385981708765,0.0075277551077306,0.0104803396388888,-0.0015823146095499,0.006050185766071,-0.0167249478399753,-0.014175253920257,0.0251195840537548,0.0100217666476965,-0.0187793243676424,-0.009243668988347,-0.0225752890110015,-0.020168048774496,0.0138768285921715,-0.0268907317720861,-0.0042589622255877,-0.0050419731418531,-0.0274543160766745,0.0281512638563536,0.0156385172733457,-0.0222688582906026,-0.0081564152888206,-0.0237828657415184,-0.0834371346794028,2019-02-06,2019-02-07,2019-02-08,2019-02-11,2019-02-12,2019-02-13,2019-02-14,2019-02-15,2019-02-19,2019-02-20,14810.0,2019-02-05,252.0,1.7964%,0.0,0.7647,1.1166,0.4484,1.9734%,2.1851%,18.4389%,0.018241,ISTR,14810.0,2019-02-06,252.0,-0.9244%,0.0001,0.7219,1.1306,0.405,1.9672%,2.1634%,17.3102%,-0.007863,ISTR,14810.0,2019-02-07,252.0,-1.1026%,0.0001,0.7239,1.13,0.404,1.9674%,2.1644%,17.3711%,-0.004523,ISTR,14810.0,2019-02-08,252.0,-0.6861%,0.0001,0.7246,1.1389,0.4129,1.9670%,2.1647%,17.4278%,-0.00539,ISTR,14810.0,2019-02-11,252.0,2.1589%,0.0001,0.7193,1.1601,0.4216,1.9681%,2.1648%,17.3489%,0.012008,ISTR,14810.0,2019-02-12,252.0,0.0845%,0.0,0.6994,1.1792,0.408,1.9619%,2.1567%,17.2543%,-0.0085519999999999,ISTR,14810.0,2019-02-13,252.0,2.0270%,0.0001,0.7005,1.1843,0.4131,1.9647%,2.1601%,17.2695%,0.0172189999999999,ISTR,14810.0,2019-02-14,252.0,2.4421%,0.0002,0.6958,1.1964,0.3991,1.9692%,2.1653%,17.2948%,0.0220299999999999,ISTR,14810.0,2019-02-15,252.0,0.0404%,0.0002,0.6972,1.1963,0.3995,1.9694%,2.1651%,17.2654%,-0.0124649999999999,ISTR,14810.0,2019-02-19,252.0,0.8481%,0.0002,0.6977,1.1975,0.4008,1.9694%,2.1656%,17.2977%,0.002389,ISTR,14810.0,2019-02-20,252.0,-2.0024%,-0.0,0.6888,1.1701,0.3669,1.9734%,2.1649%,16.9074%,-0.0262889999999999,ISTR,0.010378,0.005855,0.0004649999999999,0.003921,0.006805
34531,GARTNER INC,"Gartner Sees FY19 Adj. EPS $3.82-$4.19 vs $3.75	Est., Sales $4.22B-$4.32B vs $3.98B Est.",6,increase,0.8,0.7,"gartner's adjusted eps and sales guidance both exceed analyst estimates, which typically signals positive performance and can lead to an increase in stock price.",2,2019-02-05,IT,2019-02-05 11:07:00+00:00,79698.0,36665110,-0.015706805512309,3795686.0,0.0142552806064486,0.035492293536663,-0.0269911251962184,0.0180292651057243,-0.002946377499029,0.0147860180586576,0.0136225987225771,0.0147003289312124,0.0054042129777371,-0.0015886781038716,0.000707306782715,0.0023507815785706,0.007562315557152,0.0115057146176695,0.0055415863171219,0.002769022481516,-0.0119986124336719,0.0010008440585806,-0.0037421362940222,0.0010790764354169,0.0049609988927841,0.0048795980401337,0.0035260929726064,7.74167783674784e-05,0.0002108136250171,0.0007752411183901,0.0055504338815808,0.0133542567491531,0.0051705250516533,-0.0140190348029136,-0.0108438590541482,0.0067841163836419,0.0185523498803377,0.0101615488529205,-0.0073133539408445,-0.0117547074332833,-0.0026411237195134,0.0167801994830369,-0.0054355314932763,-0.0001583117409609,-0.0072169196791946,0.0257325936108827,-0.0031053880229592,-0.0211362428963184,0.0206017959862947,-0.0155663164332509,0.0006242808885872,0.0169437378644943,0.0047139874659478,0.0012743610423058,-0.0055198222398757,-0.0221961922943592,0.0063136639073491,0.0433934368193149,0.0149614829570055,-0.0268859844654798,-0.0006793431239202,-0.0205251444131135,-0.0044864634983241,-0.0122408848255872,0.0132468584924936,-0.014253388158977,-0.0167126879096031,-0.0055496492423117,0.0013021893100813,-0.0416158139705658,0.0132784880697727,-0.0357612371444702,0.003039801493287,-0.0033844832796603,0.0104383304715156,0.0069550704210996,0.0109304152429103,0.0036998169962316,0.0217563509941101,-0.0045169834047555,-0.0121305305510759,-0.027045302093029,0.0009144310024566,-0.0135396439582109,0.0020881758537143,-0.0249724369496107,0.0099635245278477,0.0037861599121242,0.0094783753156661,0.0002612376410979,0.0002555476967245,-0.0037080883048474,0.0043422263115644,0.0393509641289711,0.0073754047043621,0.0055751432664692,0.0059328605420887,0.0065010394901037,0.0034507955424487,0.0008219326264224,-0.0073156896978616,0.0138879250735044,-0.013794326223433,-0.0091509688645601,0.004023693036288,-0.012300357222557,0.0057252491824328,0.0105761503800749,0.0087285870686173,0.0193209275603294,6.276502244872972e-05,-0.0179430805146694,-0.0090915551409125,-0.0004122976679354,0.0053151836618781,-0.0143592189997434,-0.0070494106039404,0.0058591132983565,0.0076699210330843,0.0083120930939912,-0.0156633667647838,0.02362703345716,0.0094581479206681,0.0096556656062603,0.0142552806064486,0.035492293536663,-0.0131206106533257,0.05416145861177,-0.0160283298803523,0.0697483089755446,0.0027659532338386,0.0837494922769441,0.0007092635874514,0.1041312919990204,0.0386524617812169,0.0959375130172082,0.1202837378617789,0.017039358242616,2019-02-06,2019-02-07,2019-02-08,2019-02-11,2019-02-12,2019-02-13,2019-02-14,2019-02-15,2019-02-19,2019-02-20,79698.0,2019-02-05,252.0,-1.5707%,0.0001,0.8946,0.0385,-0.16,1.1125%,1.5280%,46.9891%,-0.020658,IT,79698.0,2019-02-06,252.0,1.4255%,0.0002,0.8645,0.0479,-0.1875,1.1117%,1.4952%,44.7252%,0.016239,IT,79698.0,2019-02-07,252.0,-2.6991%,0.0004,0.8972,0.0141,-0.1878,1.0755%,1.4904%,47.9269%,-0.018257,IT,79698.0,2019-02-08,252.0,-0.2946%,0.0005,0.8972,0.0461,-0.1667,1.0548%,1.4717%,48.6277%,-0.005157,IT,79698.0,2019-02-11,252.0,1.3623%,0.0006,0.8855,0.0733,-0.1581,1.0552%,1.4472%,46.8362%,0.012346,IT,79698.0,2019-02-12,252.0,0.5404%,0.0005,0.8822,0.072,-0.1595,1.0562%,1.4461%,46.6519%,-0.007022,IT,79698.0,2019-02-13,252.0,0.0707%,0.0005,0.8767,0.0803,-0.1586,1.0540%,1.4388%,46.3402%,-0.001794,IT,79698.0,2019-02-14,252.0,0.7562%,0.0005,0.8749,0.0843,-0.1629,1.0550%,1.4392%,46.2646%,0.0079659999999999,IT,79698.0,2019-02-15,252.0,0.5542%,0.0005,0.8718,0.081,-0.1685,1.0553%,1.4372%,46.0829%,-0.003874,IT,79698.0,2019-02-19,252.0,-1.1999%,0.0006,0.8793,0.0578,-0.1953,1.0380%,1.4329%,47.5233%,-0.013484,IT,79698.0,2019-02-20,252.0,-0.3742%,0.0005,0.8779,0.0545,-0.2004,1.0385%,1.4332%,47.4945%,-0.004566,IT,-0.0044189999999999,-0.022676,-0.027833,-0.022509,-0.038261
34539,GARTNER INC,"Gartner Q4 Adj. EPS $1.20 Beats $1.25 Estimate, Sales $1.1B Inline",6,decrease,0.8,0.6,"gartner's adjusted eps of $1.20 missed the estimate of $1.25, which may lead to negative sentiment among investors despite sales being inline.",0,2019-02-05,IT,2019-02-05 11:05:00+00:00,79698.0,36665110,-0.015706805512309,3795686.0,0.0142552806064486,0.035492293536663,-0.0269911251962184,0.0180292651057243,-0.002946377499029,0.0147860180586576,0.0136225987225771,0.0147003289312124,0.0054042129777371,-0.0015886781038716,0.000707306782715,0.0023507815785706,0.007562315557152,0.0115057146176695,0.0055415863171219,0.002769022481516,-0.0119986124336719,0.0010008440585806,-0.0037421362940222,0.0010790764354169,0.0049609988927841,0.0048795980401337,0.0035260929726064,7.74167783674784e-05,0.0002108136250171,0.0007752411183901,0.0055504338815808,0.0133542567491531,0.0051705250516533,-0.0140190348029136,-0.0108438590541482,0.0067841163836419,0.0185523498803377,0.0101615488529205,-0.0073133539408445,-0.0117547074332833,-0.0026411237195134,0.0167801994830369,-0.0054355314932763,-0.0001583117409609,-0.0072169196791946,0.0257325936108827,-0.0031053880229592,-0.0211362428963184,0.0206017959862947,-0.0155663164332509,0.0006242808885872,0.0169437378644943,0.0047139874659478,0.0012743610423058,-0.0055198222398757,-0.0221961922943592,0.0063136639073491,0.0433934368193149,0.0149614829570055,-0.0268859844654798,-0.0006793431239202,-0.0205251444131135,-0.0044864634983241,-0.0122408848255872,0.0132468584924936,-0.014253388158977,-0.0167126879096031,-0.0055496492423117,0.0013021893100813,-0.0416158139705658,0.0132784880697727,-0.0357612371444702,0.003039801493287,-0.0033844832796603,0.0104383304715156,0.0069550704210996,0.0109304152429103,0.0036998169962316,0.0217563509941101,-0.0045169834047555,-0.0121305305510759,-0.027045302093029,0.0009144310024566,-0.0135396439582109,0.0020881758537143,-0.0249724369496107,0.0099635245278477,0.0037861599121242,0.0094783753156661,0.0002612376410979,0.0002555476967245,-0.0037080883048474,0.0043422263115644,0.0393509641289711,0.0073754047043621,0.0055751432664692,0.0059328605420887,0.0065010394901037,0.0034507955424487,0.0008219326264224,-0.0073156896978616,0.0138879250735044,-0.013794326223433,-0.0091509688645601,0.004023693036288,-0.012300357222557,0.0057252491824328,0.0105761503800749,0.0087285870686173,0.0193209275603294,6.276502244872972e-05,-0.0179430805146694,-0.0090915551409125,-0.0004122976679354,0.0053151836618781,-0.0143592189997434,-0.0070494106039404,0.0058591132983565,0.0076699210330843,0.0083120930939912,-0.0156633667647838,0.02362703345716,0.0094581479206681,0.0096556656062603,0.0142552806064486,0.035492293536663,-0.0131206106533257,0.05416145861177,-0.0160283298803523,0.0697483089755446,0.0027659532338386,0.0837494922769441,0.0007092635874514,0.1041312919990204,0.0386524617812169,0.0959375130172082,0.1202837378617789,0.017039358242616,2019-02-06,2019-02-07,2019-02-08,2019-02-11,2019-02-12,2019-02-13,2019-02-14,2019-02-15,2019-02-19,2019-02-20,79698.0,2019-02-05,252.0,-1.5707%,0.0001,0.8946,0.0385,-0.16,1.1125%,1.5280%,46.9891%,-0.020658,IT,79698.0,2019-02-06,252.0,1.4255%,0.0002,0.8645,0.0479,-0.1875,1.1117%,1.4952%,44.7252%,0.016239,IT,79698.0,2019-02-07,252.0,-2.6991%,0.0004,0.8972,0.0141,-0.1878,1.0755%,1.4904%,47.9269%,-0.018257,IT,79698.0,2019-02-08,252.0,-0.2946%,0.0005,0.8972,0.0461,-0.1667,1.0548%,1.4717%,48.6277%,-0.005157,IT,79698.0,2019-02-11,252.0,1.3623%,0.0006,0.8855,0.0733,-0.1581,1.0552%,1.4472%,46.8362%,0.012346,IT,79698.0,2019-02-12,252.0,0.5404%,0.0005,0.8822,0.072,-0.1595,1.0562%,1.4461%,46.6519%,-0.007022,IT,79698.0,2019-02-13,252.0,0.0707%,0.0005,0.8767,0.0803,-0.1586,1.0540%,1.4388%,46.3402%,-0.001794,IT,79698.0,2019-02-14,252.0,0.7562%,0.0005,0.8749,0.0843,-0.1629,1.0550%,1.4392%,46.2646%,0.0079659999999999,IT,79698.0,2019-02-15,252.0,0.5542%,0.0005,0.8718,0.081,-0.1685,1.0553%,1.4372%,46.0829%,-0.003874,IT,79698.0,2019-02-19,252.0,-1.1999%,0.0006,0.8793,0.0578,-0.1953,1.0380%,1.4329%,47.5233%,-0.013484,IT,79698.0,2019-02-20,252.0,-0.3742%,0.0005,0.8779,0.0545,-0.2004,1.0385%,1.4332%,47.4945%,-0.004566,IT,-0.0044189999999999,-0.022676,-0.027833,-0.022509,-0.038261
34547,ILLINOIS TOOL WORKS INC,"Bank of America Downgrades Illinois Tool Works to Underperform, Lowers Price Target to $124",6,decrease,0.8,0.7,"a downgrade from a major financial institution like bank of america typically signals negative sentiment towards the stock, likely leading to a decrease in its price.",0,2019-02-05,ITW,2019-02-05 12:14:00+00:00,56573.0,45230810,-0.0041182525455951,2300223.0,-0.0019587131682783,0.029606569558382,-0.0185360386967659,-0.0209744740277528,0.0051843943074345,0.0125359259545803,0.0037576959002763,0.0049651558510959,0.017690697684884,0.0296833217144012,0.0085113095119595,-0.0165102966129779,-0.007652748376131,0.0177194494754076,0.039351399987936,-0.001372953527607,-0.0066570048220455,-0.0080199558287858,0.0025130931753665,-0.0329260267317295,-0.0027156840078532,0.0301499962806701,0.0112414509057998,0.0207740012556314,0.0013118997449055,-0.0009224007953889,-0.0046890629455447,-0.0006145950173959,0.0066510098986327,-0.0010743564926087,-0.0083964290097355,-0.0085971150547266,0.0022904069628566,0.0111546805128455,-0.0004847816890105,-0.0001537498174002,-0.0047110482119023,0.022010812535882,-0.0077265808358788,0.000235876548686,-0.0126271694898605,0.0302146896719932,-0.0007105229306034,-0.0248815286904573,0.0211874227970838,-0.0007104267715476,0.0024367528967559,0.0157953910529613,0.0086817620322108,-0.0017468732548877,-0.0022722703870385,0.0190145336091518,-0.0118702640756964,0.0390079841017723,0.0153653603047132,-0.0410351827740669,0.0041959043592214,-0.0092651443555951,-0.0022604411933571,-0.0032641005236655,0.0055608781985938,-0.0126552479341626,-0.0329078137874603,-0.0068696709349751,0.0027532610110938,-0.0224358011037111,0.0085187749937176,-0.0165116488933563,-0.0043280636891722,0.0077906264923512,0.0085536083206534,0.0082361148670315,0.0047601866535842,0.0035971314646303,0.0335121415555477,0.0091913370415568,0.0026965697761625,-0.0284405928105115,0.0092778643593192,0.0037661946844309,0.0109245898202061,-0.0479059666395187,0.0028993308078497,0.0028047419618815,0.0112352613359689,0.0231788754463195,-0.0189721137285232,-0.0154314637184143,0.0046360483393073,0.0157480277121067,0.0174039117991924,-7.354310218943283e-05,0.0134127652272582,0.0125921098515391,-0.0049872044473886,0.0011936117662116,0.0136872185394167,0.0028428584337234,-0.0101426690816879,-0.0023882924579083,0.0139609863981604,-0.0118731604889035,-0.0072001474909484,0.0027361561078578,0.0047076162882149,0.0151639431715011,-0.0070917187258601,0.0017296660225838,-0.0357119515538215,0.0136442808434367,0.0157396309077739,-0.010334906168282,0.0092453816905617,-0.0093416040763258,0.0039998088032007,0.0,-0.0082246270030736,0.0160212647169828,0.0016196954529732,0.0057273767888545,-0.0019587131682783,0.029606569558382,-0.0204584450819611,0.008011113306376,-0.0153801154207484,0.0206474659841788,0.005803853245061,0.0561617722015113,0.0418601604208495,0.0127314356334338,0.0567324990010615,0.110737750384936,0.129441848886435,0.0654430853442795,2019-02-06,2019-02-07,2019-02-08,2019-02-11,2019-02-12,2019-02-13,2019-02-14,2019-02-15,2019-02-19,2019-02-20,56573.0,2019-02-05,252.0,-0.4118%,-0.0006,1.0669,0.0602,0.3226,1.1907%,1.6457%,47.6492%,-0.0068689999999999,ITW,56573.0,2019-02-06,252.0,-0.1959%,-0.0005,1.0504,0.0655,0.3064,1.1891%,1.6103%,45.4684%,6.9e-05,ITW,56573.0,2019-02-07,252.0,-1.8536%,-0.0006,1.0513,0.0684,0.3039,1.1905%,1.6097%,45.3070%,-0.009977,ITW,56573.0,2019-02-08,252.0,0.5184%,-0.0006,1.0501,0.0675,0.2983,1.1912%,1.6100%,45.2534%,0.006201,ITW,56573.0,2019-02-11,252.0,0.3758%,-0.0005,1.0403,0.079,0.2994,1.1903%,1.5859%,43.6683%,0.001056,ITW,56573.0,2019-02-12,252.0,1.7691%,-0.0005,1.0357,0.0881,0.2954,1.1882%,1.5815%,43.5527%,0.003935,ITW,56573.0,2019-02-13,252.0,0.8511%,-0.0005,1.0386,0.0856,0.2963,1.1885%,1.5816%,43.5359%,0.005252,ITW,56573.0,2019-02-14,252.0,-0.7653%,-0.0005,1.0394,0.0836,0.2987,1.1887%,1.5822%,43.5535%,-0.004298,ITW,56573.0,2019-02-15,252.0,3.9351%,-0.0003,1.0679,0.112,0.3487,1.1969%,1.6016%,44.1554%,0.025863,ITW,56573.0,2019-02-19,252.0,-0.6657%,-0.0004,1.0675,0.1039,0.3396,1.1981%,1.6017%,44.0502%,-0.010157,ITW,56573.0,2019-02-20,252.0,0.2513%,-0.0004,1.0676,0.1069,0.3409,1.1975%,1.6016%,44.0891%,-0.001711,ITW,-0.0068,-0.016777,-0.010576,-0.005585,0.0093639999999999
34555,J D COM INC,JD.com Option Alert: Feb 15 $25 Calls at the Ask: 2000 @ $0.891 vs 21162 OI; Earnings 3/1 Before Open [est] Ref=$25.27,6,uncertain,0.6,0.3,"the significant volume of call options suggests bullish sentiment, but the upcoming earnings report introduces uncertainty that could impact the stock price in either direction.",1,2019-02-05,JD,2019-02-05 15:18:00+00:00,14655.0,47215P10,0.0465211644768714,19154447.0,-0.0121951010078191,-0.0138042327016592,-0.045002032071352,-0.0088531672954559,0.000417023722548,0.008522767573595,0.0120884086936712,0.0476190000772476,0.0164744481444358,-0.0084316553547978,-0.0028362923767417,0.0038087242282927,-0.0113775162026286,0.0692307129502296,-0.0152075970545411,0.0059172087348997,0.0283806473016738,0.0133763374760747,0.0016234138747677,-0.0679277703166008,-0.0166126359254121,0.050587210804224,0.0692212730646133,-0.0085087567567825,0.0092485453933477,0.003595502115786,0.0152729898691177,0.0095280883833765,-0.0233170688152313,-0.0367132127285003,0.0670003816485405,-0.0222222413867712,0.0368098318576812,-0.0122414901852607,0.0055690864101052,0.0322439968585968,0.01592249982059,0.0083480020985007,-0.0109028853476047,0.0220026839524507,-0.0409920960664749,0.0943489000201225,-0.0283764693886041,-0.0432534106075763,0.0210721492767334,0.0162446312606334,0.0177407581359148,-0.035928089171648,0.0007114390027709,0.0004607521404977,-0.0085318088531494,0.0284360367804765,0.0014342386275529,0.0683544501662254,0.0075187641195952,-0.0630929768085479,0.0060412255115807,0.0587644428014755,-0.0081243216991424,-0.0128904422745108,0.0242165345698595,-0.0413498468697071,-0.0264255981892347,-0.0145198814570903,0.0139285493642091,-0.036986906081438,0.0147939445450902,-0.0237780287861824,0.0121485730633139,0.0374600142240524,0.0085733886808156,0.0468675047159194,0.0251615028828382,0.0195026621222496,0.0368159413337707,-0.0200668927282095,-0.0310300476849079,-0.0141309108585119,0.0006602360517717,-0.0102564664557576,-0.0019795270636677,-0.0254429560154676,0.032727263867855,0.036740493029356,-0.014404572546482,0.0123986760154366,0.003572546178475,-0.0191767942160368,-0.0236245803534984,0.0259116608649492,0.0009943880140781,0.0185728780925273,0.0122516201809048,0.0617539472877979,-0.0297677423804998,-0.0526056885719299,0.0084288604557514,0.0436121299862861,-0.0020060001406818,-0.0767409205436706,0.0053601288236677,-0.0841648057103157,-0.0119960214942693,-0.0475207231938839,0.0043845218606293,0.0632689148187637,-0.004029578063637,0.0165252722799778,-0.0144976498559117,0.0172648411244154,-0.0034211557358503,0.0142856892198324,0.0252317413687706,-0.0312499497085809,0.0135610476136207,-0.0693809762597084,-0.0023125105071812,0.0199152249842882,-0.0069536748342216,-0.0227742958813905,-0.0121951010078191,-0.0138042327016592,-0.0566483287525039,-0.0225351888156219,-0.0562549287268884,-0.0142044834185295,-0.0291109266635752,0.0240304215180837,-0.0291109271425776,0.0442820558924583,0.1046420079727972,0.2042637951346508,0.1797796905832633,0.0057971402863739,2019-02-06,2019-02-07,2019-02-08,2019-02-11,2019-02-12,2019-02-13,2019-02-14,2019-02-15,2019-02-19,2019-02-20,14655.0,2019-02-05,252.0,4.6521%,-0.0024,1.3314,-0.0432,-0.8959,2.3673%,2.9607%,36.0661%,0.035463,JD,14655.0,2019-02-06,252.0,-1.2195%,-0.0025,1.3668,-0.0545,-0.8619,2.3639%,2.9556%,36.0318%,-0.0087429999999999,JD,14655.0,2019-02-07,252.0,-4.5002%,-0.0026,1.3807,-0.0608,-0.8674,2.3686%,2.9671%,36.2770%,-0.029101,JD,14655.0,2019-02-08,252.0,0.0417%,-0.0026,1.3813,-0.0555,-0.8613,2.3685%,2.9661%,36.2348%,-0.00688,JD,14655.0,2019-02-11,252.0,1.2088%,-0.0025,1.3974,-0.0506,-0.8501,2.3695%,2.9530%,35.6133%,0.012402,JD,14655.0,2019-02-12,252.0,1.6474%,-0.0026,1.3963,-0.0502,-0.8508,2.3695%,2.9531%,35.6160%,-0.004066,JD,14655.0,2019-02-13,252.0,-0.2836%,-0.0026,1.3961,-0.0514,-0.8519,2.3696%,2.9503%,35.4900%,-0.00622,JD,14655.0,2019-02-14,252.0,-1.1378%,-0.0027,1.3976,-0.0577,-0.8432,2.3686%,2.9480%,35.4425%,-0.013219,JD,14655.0,2019-02-15,252.0,-1.5208%,-0.0029,1.3503,-0.1028,-0.9235,2.3611%,2.9294%,35.0387%,-0.026909,JD,14655.0,2019-02-19,252.0,2.8381%,-0.0027,1.3613,-0.0896,-0.9095,2.3678%,2.9354%,34.9341%,0.028784,JD,14655.0,2019-02-20,252.0,0.1623%,-0.0027,1.3642,-0.0785,-0.898,2.3672%,2.9344%,34.9222%,0.004137,JD,0.02672,-0.0023809999999999,-0.0092609999999999,-0.0009249999999999,-0.014352
34563,JAMES HARDIE INDUSTRIES PLC,"James Hardie Industries Late Monday Reported Q3 EPS $0.15 Down From $0.22 YoY, Sales $586.2M Up From $495.1M YoY",6,decrease,0.7,0.6,"the decline in eps from $0.22 to $0.15 suggests reduced profitability, which may negatively impact investor sentiment despite an increase in sales.",0,2019-02-05,JHX,2019-02-05 13:51:00+00:00,89191.0,47030M10,0.0495494790375232,30586.0,0.0060086394660174,0.0109290387481451,0.0187712721526622,-0.0231316927820444,-0.021775484085083,0.0283622555434703,0.0196917410939931,0.0055198180489242,0.0260285828262567,0.0046210899017751,0.0139116263017058,-0.004599833395332,-0.0096852201968431,0.0130475629121065,0.0268948581069707,-0.008317943662405,0.0134920692071318,-0.0009233821765519,0.0039153667166829,-0.0145586756989359,-0.0085803167894482,0.0082568954676389,0.0180959515273571,0.0073937084525823,0.0061824480071663,0.0,0.016897028312087,-0.0208145249634981,-0.0241691619157791,-0.0125111164525151,-0.0286377612501382,-0.0017841621302068,0.0167330708354711,0.0099098784849047,0.018025042489171,-0.0071556279435753,0.0100077074021101,0.014519041404128,-0.0007622125558555,0.0091575440019369,-0.0022883091587573,0.020560773089528,0.0,-0.0018657143227756,0.0015290869632735,-0.0868824124336242,-0.007633616682142,0.0830257907509803,-0.0123076802119612,-0.046613872051239,0.0,0.0736543610692024,0.0070093576796352,0.0372184254229068,-0.0100541459396481,-0.0068093091249465,-0.0093749910593032,-0.0320150814950466,-0.0118296975269913,-0.0139276292175054,0.0119713144376874,-0.0119265289977192,-0.0015773231862112,0.0196445323526859,0.0102685717865824,-0.0101852416992187,0.0234558396041393,-0.0172884054481983,-0.0206264667212963,-0.0116906575858593,-0.0039000965189188,0.0155251212418079,0.0078308088704943,0.0250463895499706,0.013986038044095,-0.0323160327970981,-0.0053640343248844,-0.0097777470946311,-0.0046224552206695,-0.0079365214332938,-0.0116098774597048,-0.0332480296492576,0.0180109273642301,0.0025640798266977,0.0207692664116621,-0.0159798599779605,0.003767839865759,0.024117199704051,0.0045045362785458,0.0347593016922473,-0.0089686010032892,0.0099010448902845,0.0022624232806265,0.0009008355555124,0.0112866526469588,0.0164835434406995,0.0081845698878169,-0.0117647163569927,0.011808106675744,-0.0465918853878974,-0.0029175756499171,-0.0276845563203096,-0.0036576583515852,0.0025231060571968,0.0029368547257035,0.0197256002575159,-0.0095168463885784,0.0112749449908733,0.0036955056712031,-0.0237087793648243,0.005154616665095,-0.0239669382572174,0.0036630176473408,-0.0449881367385387,-0.0007299437420442,-0.1530748605728149,0.0029218380805104,0.0476190708577632,-0.0087399771437048,0.0423357598483562,0.0060086394660174,0.0109290387481451,0.0248927014253637,-0.0124554612006244,0.0025751667165578,0.015553529369362,0.0489270961041397,0.0258780685379738,0.1004291947048572,0.0100091567364914,0.0755364956999209,0.0306406562137862,0.1682403570603927,-0.18238172485225,2019-02-06,2019-02-07,2019-02-08,2019-02-11,2019-02-12,2019-02-13,2019-02-14,2019-02-15,2019-02-19,2019-02-20,89191.0,2019-02-05,252.0,4.9549%,-0.0017,0.7915,-0.489,-0.387,1.9178%,2.1729%,22.1015%,0.043406,JHX,89191.0,2019-02-06,252.0,0.6009%,-0.0018,0.8267,-0.5005,-0.3509,1.9140%,2.1719%,22.3357%,0.007872,JHX,89191.0,2019-02-07,252.0,1.8771%,-0.0016,0.8223,-0.5071,-0.3434,1.9223%,2.1743%,21.8363%,0.027078,JHX,89191.0,2019-02-08,252.0,-2.1775%,-0.0016,0.8255,-0.4774,-0.3102,1.9205%,2.1680%,21.5337%,-0.0247319999999999,JHX,89191.0,2019-02-11,252.0,1.9692%,-0.0015,0.8432,-0.4619,-0.2925,1.9253%,2.1657%,20.9749%,0.022301,JHX,89191.0,2019-02-12,252.0,2.6029%,-0.0015,0.8464,-0.4546,-0.2922,1.9270%,2.1681%,21.0034%,0.0140559999999999,JHX,89191.0,2019-02-13,252.0,1.3912%,-0.0015,0.8456,-0.4478,-0.2877,1.9285%,2.1664%,20.7574%,0.0119189999999999,JHX,89191.0,2019-02-14,252.0,-0.9685%,-0.0015,0.846,-0.4515,-0.2821,1.9268%,2.1645%,20.7559%,-0.00735,JHX,89191.0,2019-02-15,252.0,2.6895%,-0.0014,0.8689,-0.4287,-0.2419,1.9301%,2.1717%,21.0119%,0.019718,JHX,89191.0,2019-02-19,252.0,1.3492%,-0.0013,0.8788,-0.429,-0.2431,1.9275%,2.1729%,21.3059%,0.01371,JHX,89191.0,2019-02-20,252.0,0.3915%,-0.0012,0.8805,-0.4248,-0.2371,1.9279%,2.1730%,21.2906%,0.0044269999999999,JHX,0.051278,0.078356,0.053624,0.089981,0.132405
34571,JOHNSON & JOHNSON,'Research Announcement: Moody's - Talc-related lawsuits could increase risk to Johnson & Johnson's strong credit profile' -Moody's,6,decrease,0.8,0.6,"the news indicates that talc-related lawsuits could pose a risk to johnson & johnson's credit profile, which may lead to investor concerns and a potential decline in stock price.",0,2019-02-05,JNJ,2019-02-05 15:56:00+00:00,22111.0,47816010,0.0,6449787.0,0.0009030336514115,-0.0098360069096088,-0.0071428343653678,0.0084159532561898,0.002650441834703,0.0109389433637261,-0.0030211021658033,0.0100513892248272,0.016363663598895,0.0103883733972907,0.0021615480072796,0.0059269266203045,-0.0010412747506052,0.0094465631991624,0.0154121611267328,-0.0137422690168023,-0.0050594108179211,0.0,0.0048640551976859,-0.0144616980105638,-0.0068207401782274,0.0123945008963346,0.0087136905640363,0.0082005867734551,0.0036602546460926,-0.0102041382342577,-0.000660766090732,0.0084190974012017,-0.0017633200623095,-0.0113294888287782,0.0056672133505344,0.0003083284536842,0.0125146862119436,0.0060499035753309,0.0009395707747898,-0.0079256230965256,0.0020942268893122,0.0232265535742044,0.002305916743353,-0.0064147673547267,-0.0061110854148864,0.016783332452178,-0.0013021406484767,-0.0158904008567333,0.0036216138396412,-0.0100736385211348,0.0044745607301592,0.0139860650524497,0.0016526152612641,-0.0010988699505105,-0.0099705858156085,0.0055244620889425,-0.0030430238693952,0.0315044187009334,-0.0031250575557351,-0.0409868061542511,0.009258615784347,-0.0014033517800271,-0.0083069140091538,0.0051720370538532,0.0059000137262046,-0.0215457566082477,-0.0086169615387916,0.0099117141216993,-0.0021912427619099,-0.0290225613862276,0.0143474610522389,-0.1003787666559219,0.0009380790870636,0.0050305249169468,0.0012978222221136,0.0040956046432256,0.0065523358061909,0.0085364552214741,-0.0057943887077271,-0.0011689347447827,-0.0091379266232252,-0.0032897742930799,-0.0039213458076119,-0.0008217155118472,-0.0116642918437719,-0.0012311601312831,0.0044994121417403,-0.0046969857066869,-0.0002936795935966,0.0071990932337939,-0.0041868081316351,-0.0040289289318025,7.372210529865697e-05,0.0224829018115997,-0.0027289800345897,0.0130862714722752,0.0056947637349367,0.0002812301681842,0.0039712353609502,0.0016901909839361,0.0109874010086059,-0.030454022809863,0.0036226632073521,-0.0086644478142261,-0.0072191739454865,0.0119185568764805,0.0022541997022926,0.0103114563971757,0.0150184435769915,0.0017331022536382,-0.0050035524182021,-0.0029720258899033,0.0032327368389815,-0.0064551741816103,0.0052990014664828,0.00192650873214,-0.0039176796562969,0.0002752462751232,0.0097254049032926,0.0037996757309883,0.0053116148337721,0.0152906822040677,-0.0047199591062963,0.0026020421646535,0.0009030336514115,-0.0098360069096088,-0.0062462509337547,-0.0015028330277978,-0.0036123644238365,0.009419670930552,0.0096327410974021,0.0301573705541828,0.0261137941703175,0.0167572300802185,0.040014980495119,0.0412977383625885,0.0702405304326829,-0.0595924204704678,2019-02-06,2019-02-07,2019-02-08,2019-02-11,2019-02-12,2019-02-13,2019-02-14,2019-02-15,2019-02-19,2019-02-20,22111.0,2019-02-05,252.0,0.0000%,0.0001,0.7549,-0.5189,0.2291,1.0435%,1.3563%,40.8045%,-0.002398,JNJ,22111.0,2019-02-06,252.0,0.0903%,0.0002,0.7245,-0.5092,0.1995,1.0373%,1.3143%,37.7001%,0.002251,JNJ,22111.0,2019-02-07,252.0,-0.7143%,0.0002,0.7272,-0.5116,0.1993,1.0372%,1.3133%,37.6303%,-0.001944,JNJ,22111.0,2019-02-08,252.0,0.2650%,0.0002,0.7267,-0.514,0.1955,1.0373%,1.3132%,37.6042%,0.003527,JNJ,22111.0,2019-02-11,252.0,-0.3021%,0.0002,0.7146,-0.5044,0.1944,1.0358%,1.2904%,35.5709%,-0.001196,JNJ,22111.0,2019-02-12,252.0,1.6364%,0.0002,0.7112,-0.4951,0.1909,1.0339%,1.2849%,35.2479%,0.0069759999999999,JNJ,22111.0,2019-02-13,252.0,0.2162%,0.0002,0.7139,-0.4997,0.1901,1.0332%,1.2845%,35.2941%,0.000234,JNJ,22111.0,2019-02-14,252.0,-0.1041%,0.0003,0.7133,-0.4975,0.1872,1.0332%,1.2844%,35.2907%,0.004059,JNJ,22111.0,2019-02-15,252.0,1.5412%,0.0004,0.729,-0.4826,0.2138,1.0308%,1.2878%,35.9317%,0.007597,JNJ,22111.0,2019-02-19,252.0,-0.5059%,0.0003,0.7266,-0.4848,0.2115,1.0313%,1.2861%,35.7059%,-0.005786,JNJ,22111.0,2019-02-20,252.0,0.4864%,0.0003,0.726,-0.493,0.2075,1.0268%,1.2833%,35.9763%,0.003287,JNJ,-0.000147,-0.002091,0.001436,0.007216,0.016607
34579,JOHNSON & JOHNSON,Johnson & Johnson Talc-related Lawsuits Could Increase Risk To Johnson & Johnson's Strong Credit Profile,6,decrease,0.75,0.6,"the news about potential lawsuits related to talc could raise concerns about johnson & johnson's financial stability, leading to a decrease in investor confidence and a potential drop in stock price.",0,2019-02-05,JNJ,2019-02-05 15:54:00+00:00,22111.0,47816010,0.0,6449787.0,0.0009030336514115,-0.0098360069096088,-0.0071428343653678,0.0084159532561898,0.002650441834703,0.0109389433637261,-0.0030211021658033,0.0100513892248272,0.016363663598895,0.0103883733972907,0.0021615480072796,0.0059269266203045,-0.0010412747506052,0.0094465631991624,0.0154121611267328,-0.0137422690168023,-0.0050594108179211,0.0,0.0048640551976859,-0.0144616980105638,-0.0068207401782274,0.0123945008963346,0.0087136905640363,0.0082005867734551,0.0036602546460926,-0.0102041382342577,-0.000660766090732,0.0084190974012017,-0.0017633200623095,-0.0113294888287782,0.0056672133505344,0.0003083284536842,0.0125146862119436,0.0060499035753309,0.0009395707747898,-0.0079256230965256,0.0020942268893122,0.0232265535742044,0.002305916743353,-0.0064147673547267,-0.0061110854148864,0.016783332452178,-0.0013021406484767,-0.0158904008567333,0.0036216138396412,-0.0100736385211348,0.0044745607301592,0.0139860650524497,0.0016526152612641,-0.0010988699505105,-0.0099705858156085,0.0055244620889425,-0.0030430238693952,0.0315044187009334,-0.0031250575557351,-0.0409868061542511,0.009258615784347,-0.0014033517800271,-0.0083069140091538,0.0051720370538532,0.0059000137262046,-0.0215457566082477,-0.0086169615387916,0.0099117141216993,-0.0021912427619099,-0.0290225613862276,0.0143474610522389,-0.1003787666559219,0.0009380790870636,0.0050305249169468,0.0012978222221136,0.0040956046432256,0.0065523358061909,0.0085364552214741,-0.0057943887077271,-0.0011689347447827,-0.0091379266232252,-0.0032897742930799,-0.0039213458076119,-0.0008217155118472,-0.0116642918437719,-0.0012311601312831,0.0044994121417403,-0.0046969857066869,-0.0002936795935966,0.0071990932337939,-0.0041868081316351,-0.0040289289318025,7.372210529865697e-05,0.0224829018115997,-0.0027289800345897,0.0130862714722752,0.0056947637349367,0.0002812301681842,0.0039712353609502,0.0016901909839361,0.0109874010086059,-0.030454022809863,0.0036226632073521,-0.0086644478142261,-0.0072191739454865,0.0119185568764805,0.0022541997022926,0.0103114563971757,0.0150184435769915,0.0017331022536382,-0.0050035524182021,-0.0029720258899033,0.0032327368389815,-0.0064551741816103,0.0052990014664828,0.00192650873214,-0.0039176796562969,0.0002752462751232,0.0097254049032926,0.0037996757309883,0.0053116148337721,0.0152906822040677,-0.0047199591062963,0.0026020421646535,0.0009030336514115,-0.0098360069096088,-0.0062462509337547,-0.0015028330277978,-0.0036123644238365,0.009419670930552,0.0096327410974021,0.0301573705541828,0.0261137941703175,0.0167572300802185,0.040014980495119,0.0412977383625885,0.0702405304326829,-0.0595924204704678,2019-02-06,2019-02-07,2019-02-08,2019-02-11,2019-02-12,2019-02-13,2019-02-14,2019-02-15,2019-02-19,2019-02-20,22111.0,2019-02-05,252.0,0.0000%,0.0001,0.7549,-0.5189,0.2291,1.0435%,1.3563%,40.8045%,-0.002398,JNJ,22111.0,2019-02-06,252.0,0.0903%,0.0002,0.7245,-0.5092,0.1995,1.0373%,1.3143%,37.7001%,0.002251,JNJ,22111.0,2019-02-07,252.0,-0.7143%,0.0002,0.7272,-0.5116,0.1993,1.0372%,1.3133%,37.6303%,-0.001944,JNJ,22111.0,2019-02-08,252.0,0.2650%,0.0002,0.7267,-0.514,0.1955,1.0373%,1.3132%,37.6042%,0.003527,JNJ,22111.0,2019-02-11,252.0,-0.3021%,0.0002,0.7146,-0.5044,0.1944,1.0358%,1.2904%,35.5709%,-0.001196,JNJ,22111.0,2019-02-12,252.0,1.6364%,0.0002,0.7112,-0.4951,0.1909,1.0339%,1.2849%,35.2479%,0.0069759999999999,JNJ,22111.0,2019-02-13,252.0,0.2162%,0.0002,0.7139,-0.4997,0.1901,1.0332%,1.2845%,35.2941%,0.000234,JNJ,22111.0,2019-02-14,252.0,-0.1041%,0.0003,0.7133,-0.4975,0.1872,1.0332%,1.2844%,35.2907%,0.004059,JNJ,22111.0,2019-02-15,252.0,1.5412%,0.0004,0.729,-0.4826,0.2138,1.0308%,1.2878%,35.9317%,0.007597,JNJ,22111.0,2019-02-19,252.0,-0.5059%,0.0003,0.7266,-0.4848,0.2115,1.0313%,1.2861%,35.7059%,-0.005786,JNJ,22111.0,2019-02-20,252.0,0.4864%,0.0003,0.726,-0.493,0.2075,1.0268%,1.2833%,35.9763%,0.003287,JNJ,-0.000147,-0.002091,0.001436,0.007216,0.016607
34587,COCA COLA CO,Coca-Cola Option Alert: Mar 15 $50 Calls Sweep (3) near the Ask: 606 @ $0.59 vs 17084 OI; Earnings 2/14 Before Open Ref=$49.335,6,increase,0.7,0.6,"the significant call option activity suggests bullish sentiment among investors ahead of the earnings report, which could lead to an increase in coca-cola's stock price.",2,2019-02-05,KO,2019-02-05 17:57:00+00:00,11308.0,19121610,0.0002030116011155,12651851.0,0.0,0.0112936189398169,0.0032480685040354,0.0118429185822606,0.0016188148874789,0.0056414636783301,0.002222234616056,0.0097046215087175,0.0010078459745272,0.0048760520294308,0.0026178224943578,-0.0042220978066325,-0.0843543037772178,-0.0067099956795573,-0.0076770884916186,-0.0120157822966575,-0.009062772616744,0.0115255499258637,0.0060226772911846,0.00231045181863,0.0168514885008335,0.0116871912032365,-0.0126472264528274,0.0029838706832379,-0.0075088376179337,-0.0136641059070825,-0.0055629732087254,0.0089077018201351,0.0055940928868949,-0.0040134903974831,0.0089007904753088,0.005736147519201,0.0008822433883324,0.0107365259900689,0.0059497677721083,-0.0191659610718488,-0.0010953571181744,0.0112885786220431,-0.0032894236501306,-0.0130334021523594,-0.0037404175382107,0.0199399720877409,-0.0097172847017645,-0.0061794356442987,0.0298840347677469,-0.0088700773194432,-0.0028150945436209,0.0031779175624251,0.0036916825920343,-0.0069429418072104,-0.0025962884537875,0.0125692412257194,-0.0087527688592672,0.0213228799402713,0.0024282694794237,-0.0338448733091354,0.0033032707870006,0.0006310218595899,-0.0006585292867384,-0.0075156702660024,-0.0004392808768898,-0.0086920149624347,0.0092287845909595,-0.0002069550100713,0.0021771930623799,-0.0204701721668243,0.0132522406056523,-0.0026278768200427,-0.000643198553007,0.005079235881567,-0.0006436125258915,-0.0064594205468893,0.0060111372731626,0.0060925921425223,-0.0029876097105443,0.0030556432902812,-0.0032106491271406,-0.0058728414587676,-0.0083744768053293,-0.0040338998660445,0.0064963023178279,-0.0022136606276035,-0.0002151101944036,-0.0140873584896326,0.0017214980907738,0.0289914663881063,0.0025778503622859,-0.0068396613933146,-0.0006427851039916,0.0068867765367031,0.0015008511254563,0.0102312257513403,0.0006423162994906,-0.0030600065365433,0.0055626509711146,0.0059511782601475,-0.0010638135718181,-0.0131632545962929,0.0070287114940583,-0.0223717540502548,0.0042301346547901,0.0067769614979624,-0.0016848782543092,0.0086448825895786,0.0170885547995567,-0.0004018618201371,-0.0047707851044833,-0.0020056616049259,-0.00291786971502,-0.0002004877023864,0.0087792258709669,0.0038244489114731,0.0033153719268739,0.0070950426161289,0.0132177453488111,-0.000810149940662,-0.0095801306888461,0.0052942032925784,-0.0041160890832543,0.0086260419338941,0.0,0.0112936189398169,0.0032480685040354,0.0232702869316809,0.0048721414131642,0.0290430290885206,0.008120209995363,0.0440958641148594,-0.084449859675653,0.0344465324163048,-0.067630690864185,0.0281836847398331,-0.0090632229996978,0.0195553773776815,2019-02-06,2019-02-07,2019-02-08,2019-02-11,2019-02-12,2019-02-13,2019-02-14,2019-02-15,2019-02-19,2019-02-20,11308.0,2019-02-05,252.0,0.0203%,0.0004,0.4399,-0.4641,0.1035,0.7991%,0.9670%,31.7167%,-0.001535,KO,11308.0,2019-02-06,252.0,0.0000%,0.0005,0.4088,-0.4541,0.0728,0.7904%,0.9338%,28.3582%,0.000749,KO,11308.0,2019-02-07,252.0,0.3248%,0.0005,0.4158,-0.4655,0.0754,0.7858%,0.9333%,29.1171%,0.006075,KO,11308.0,2019-02-08,252.0,0.1619%,0.0005,0.4156,-0.4666,0.0738,0.7858%,0.9331%,29.0853%,0.001898,KO,11308.0,2019-02-11,252.0,0.2222%,0.0006,0.3968,-0.4434,0.0765,0.7803%,0.9090%,26.3147%,0.00445,KO,11308.0,2019-02-12,252.0,0.1008%,0.0006,0.3989,-0.4498,0.0787,0.7793%,0.9090%,26.5159%,-0.004269,KO,11308.0,2019-02-13,252.0,0.2618%,0.0006,0.3938,-0.4406,0.0806,0.7758%,0.9014%,25.9105%,0.001616,KO,11308.0,2019-02-14,252.0,-8.4354%,0.0003,0.4126,-0.4851,0.1296,0.9289%,1.0481%,21.4512%,-0.080869,KO,11308.0,2019-02-15,252.0,-0.7677%,0.0003,0.4112,-0.4876,0.1256,0.9307%,1.0493%,21.3183%,-0.011849,KO,11308.0,2019-02-19,252.0,-0.9063%,0.0002,0.4061,-0.4887,0.1248,0.9302%,1.0465%,20.9891%,-0.008907,KO,11308.0,2019-02-20,252.0,0.6023%,0.0002,0.4071,-0.4891,0.1276,0.9302%,1.0468%,21.0454%,0.00554,KO,-0.0007859999999999,0.005289,0.007187,0.007368,-0.0871009999999999
34595,KILROY REALTY CORP,"Kilroy Realty Late Monday Reported Q4 EPS $0.90 Down From $0.91 YoY, Sales $166.957M Beat $163.61M Estimate",6,uncertain,0.6,0.2,"while the sales beat expectations, the slight decline in eps may raise concerns among investors, leading to an uncertain overall impact on the stock price.",1,2019-02-05,KRC,2019-02-05 13:58:00+00:00,84392.0,49427F10,0.0171558074653148,780131.0,-0.0047392854467034,0.0091572385281324,0.0242296308279037,-0.0080896923318505,-0.0105291493237018,0.0052789663895964,0.0031784926541149,0.0064617595635354,-0.0022041057236492,0.0111804362386465,0.0117354476824402,0.0045216628350317,0.0015011000214144,0.0140511309728026,0.0079030087217688,-0.0039775581099092,0.0081113753840327,-0.0013241718988865,-0.0048276870511472,-0.0045400932431221,-0.0025603347457945,0.0038224367890506,0.0112132104113698,0.0054692551493644,-0.0018703993409872,-0.0005909427418373,-0.0021415611263364,0.0104493889957666,-0.0024144910275936,-0.0010438368190079,-0.0088745951652526,0.0041928538121283,0.0025777022819966,0.0198533199727535,0.0027063186280429,0.0115865897387266,0.0086369691416621,0.0216225180774927,-0.0103023368865251,0.0148966889828443,-0.0017575352685526,0.0134740564972162,0.001489715767093,0.0026041641831398,0.0140635697171092,-0.0229008011519908,-0.0001332778629148,0.0150121115148067,-0.0009335781796835,0.0065322704613208,0.0076091266237199,0.0045365970581769,-0.0090090129524469,0.0380087830126285,0.0009358247625641,-0.0530339516699314,-0.0084146503359079,0.0027148192748427,0.009967747144401,-0.0083927568048238,0.0186715628951787,-0.0128185041248798,-0.0036658651661127,0.0067673954181373,-0.0039421212859451,-0.0355190709233284,0.0089709796011447,-0.0102163506671786,-0.0030073658563196,0.0110891042277216,0.0092459013685584,-0.0171693265438079,-0.0070588355883955,-0.0334776267409324,-0.0034228824079036,-0.0193858090788126,0.0023778113536536,-0.0061876308172941,0.0051396861672401,0.0292372908443212,0.0023600407876074,-0.0204168781638145,0.0014388569397851,0.0062776780687272,-0.000522478017956,0.0084891561418771,-0.0094092218205332,0.0017296447185799,0.0080475015565752,0.0146241597831249,0.0014395102625712,0.0038167131133377,0.0082332054153084,0.0076923710294067,-0.0011666100472211,0.0002958958502858,-0.0228392761200666,0.0071535524912178,-0.0096945995464921,-0.0181445404887199,0.0103258229792118,-0.0114277582615613,-0.0083620557561516,-0.0071808132342994,0.0147235775366425,-0.0038627220783382,0.0143781034275889,-0.0099149709567427,0.0018205381929874,0.001560513745062,0.0085669262334704,-0.0035340685863047,-0.0122264735400676,0.0,0.0020847383420914,0.0009905149927362,0.0053308545611798,0.0178596843034029,-0.0051733255386352,0.009303668513894,-0.0047392854467034,0.0091572385281324,0.0193755142444387,0.0009934669539799,0.0086423572380336,0.0062776778222355,0.0096180988885341,0.0241033244691897,0.0344299021958429,0.0329525493581008,0.0451631652066319,0.1250675238213261,0.0785823547224184,0.0328247595408157,2019-02-06,2019-02-07,2019-02-08,2019-02-11,2019-02-12,2019-02-13,2019-02-14,2019-02-15,2019-02-19,2019-02-20,84392.0,2019-02-05,252.0,1.7156%,0.0003,0.629,-0.1225,0.0267,1.0365%,1.2533%,31.6113%,0.014478,KRC,84392.0,2019-02-06,252.0,-0.4739%,0.0003,0.6186,-0.1191,0.0159,1.0360%,1.2367%,29.8334%,-0.003486,KRC,84392.0,2019-02-07,252.0,2.4230%,0.0005,0.6241,-0.1388,0.0251,1.0426%,1.2436%,29.7069%,0.029666,KRC,84392.0,2019-02-08,252.0,-1.0529%,0.0004,0.6262,-0.1388,0.0337,1.0449%,1.2456%,29.6201%,-0.010948,KRC,84392.0,2019-02-11,252.0,0.3178%,0.0005,0.6126,-0.1224,0.0355,1.0428%,1.2263%,27.6864%,0.003041,KRC,84392.0,2019-02-12,252.0,-0.2204%,0.0004,0.5964,-0.1098,0.025,1.0390%,1.2149%,26.8557%,-0.0105499999999999,KRC,84392.0,2019-02-13,252.0,1.1735%,0.0005,0.6071,-0.1239,0.0248,1.0330%,1.2147%,27.6812%,0.010014,KRC,84392.0,2019-02-14,252.0,0.1501%,0.0004,0.6051,-0.123,0.026,1.0257%,1.2072%,27.8194%,0.003464,KRC,84392.0,2019-02-15,252.0,0.7903%,0.0005,0.6095,-0.1189,0.0334,1.0252%,1.2078%,27.9544%,0.001148,KRC,84392.0,2019-02-19,252.0,0.8111%,0.0004,0.6075,-0.11,0.0435,1.0238%,1.2034%,27.6215%,0.007098,KRC,84392.0,2019-02-20,252.0,-0.4828%,0.0004,0.6047,-0.1208,0.0324,1.0224%,1.2021%,27.6577%,-0.006079,KRC,0.0109919999999999,0.040658,0.02971,0.022201,0.037846
34603,LAZARD LTD,"Lazard Q4 EPS $0.94 Beats $0.93 Estimate, Sales $684.54M Beat $666.8M Estimate",6,increase,0.8,0.6,"the earnings per share and sales figures both exceeded estimates, which typically signals positive performance and can lead to an increase in stock price.",2,2019-02-05,LAZ,2019-02-05 11:56:00+00:00,90701.0,G5405010,-0.0364431478083133,1769911.0,-0.0206757355481386,0.0188118387013673,-0.0002574233221821,0.0153304999694228,-0.0046355985105037,0.0,0.0041397111490368,0.022616321220994,0.0051532322540879,0.0041290284134447,-0.0115354256704449,-0.0046236915513873,-0.02515559643507,0.0161837358027696,0.0021827560849487,0.0047207004390656,0.0070787407457828,-0.0007861315389163,-0.0037848930805921,-0.0312261879444122,-0.010040677152574,0.0063873277977108,0.0005482581909745,0.0069462428800761,0.0147945452481508,0.0332270078361034,0.0062094908207654,0.0123788770288229,-0.0005366369150578,0.0081388829275965,0.0048322230577468,-0.0059331501834094,0.0216404311358928,-0.0090859532356262,-0.0135983377695083,-0.0042576808482408,-0.0068929512053728,-0.014941013418138,-0.0258942190557718,-0.0078023206442594,-0.0320636332035064,0.0589369125664234,0.012740678153932,-0.0361029170453548,0.013419053517282,0.0205905809998512,0.0060689994134008,0.0019001002656295,0.0021935293916612,0.0090386699885129,-0.0136798908933997,0.01276003010571,0.001664393232204,0.060918178409338,0.037108838558197,-0.0235632099211216,0.0008010354940779,0.0107464110478758,-0.017342522740364,-0.021318931132555,0.0133043127134442,-0.0211463086307048,-0.0377813465893268,0.0087004648521542,0.013088310137391,-0.0312669314444065,-0.005772482138127,-0.0136766461655497,-0.0080176144838333,0.0081102792173624,0.0022295990493148,0.0323750972747802,0.00500557012856,0.0216710045933723,0.0309905633330345,-0.0115558020770549,0.0029522441327571,-0.0421166680753231,0.0016056027961894,-0.0024239199701696,0.0205717459321022,-0.081167995929718,-0.0047120498493313,0.0072283381596207,-0.0071015376597642,-0.0022382531315088,-0.0174834392964839,-0.0171107500791549,0.013211153447628,0.0232616383582353,0.0063863187097013,-0.01502834726125,0.0216816421598196,0.0252589043229818,-0.0134575692936778,0.0198351480066776,0.0023609695490449,0.0180959515273571,-0.0044490494765341,0.0039494871161878,-0.0068349665962159,-0.0028879130259156,-0.0219692438840866,-0.001049066777341,0.0078484686091542,0.0310979317873716,0.0093984548002481,-0.020397363230586,0.0774141997098922,-0.022020686417818,-0.0266667120158672,-0.0426587611436843,-0.0202942490577697,-0.033093549311161,0.0067323185503482,-0.0009583352366462,-0.007201712578535,0.0009592545684427,-0.0108807822689414,0.0109091093763709,-0.0206757355481386,0.0188118387013673,-0.0209278364537873,0.0344307335634261,-0.0254664219167979,0.0344307335634261,-0.0163893469106645,0.0621935438982164,-0.0470214773201825,0.0449352752498526,-0.0475386133676237,0.1699829286379579,-0.012626279284594,-0.0021818238399156,2019-02-06,2019-02-07,2019-02-08,2019-02-11,2019-02-12,2019-02-13,2019-02-14,2019-02-15,2019-02-19,2019-02-20,90701.0,2019-02-05,252.0,-3.6443%,-0.001,1.2875,0.0978,0.5011,1.2359%,1.8343%,54.6006%,-0.039182,LAZ,90701.0,2019-02-06,252.0,-2.0676%,-0.0012,1.3406,0.081,0.5511,1.2250%,1.8322%,55.3032%,-0.018284,LAZ,90701.0,2019-02-07,252.0,-0.0257%,-0.0011,1.3478,0.0669,0.5554,1.2220%,1.8321%,55.5123%,0.0100659999999999,LAZ,90701.0,2019-02-08,252.0,-0.4636%,-0.0011,1.3483,0.0574,0.5512,1.2202%,1.8317%,55.6254%,-0.00215,LAZ,90701.0,2019-02-11,252.0,0.4140%,-0.0011,1.3438,0.0639,0.5524,1.2200%,1.8047%,54.3035%,0.000505,LAZ,90701.0,2019-02-12,252.0,0.5153%,-0.0012,1.3342,0.068,0.5467,1.2213%,1.7983%,53.8720%,-0.012297,LAZ,90701.0,2019-02-13,252.0,-1.1535%,-0.0012,1.3358,0.0593,0.5416,1.2237%,1.7988%,53.7208%,-0.015795,LAZ,90701.0,2019-02-14,252.0,-2.5156%,-0.0013,1.3399,0.0492,0.5532,1.2289%,1.8046%,53.6307%,-0.019618,LAZ,90701.0,2019-02-15,252.0,0.2183%,-0.0014,1.3183,0.0283,0.5162,1.2287%,1.7892%,52.8394%,-0.015836,LAZ,90701.0,2019-02-19,252.0,0.7079%,-0.0013,1.3264,0.0208,0.507,1.2204%,1.7888%,53.4539%,0.002843,LAZ,90701.0,2019-02-20,252.0,-0.3785%,-0.0013,1.3249,0.0209,0.5027,1.2205%,1.7885%,53.4301%,-0.00924,LAZ,-0.057466,-0.0474,-0.04955,-0.061342,-0.118988
34611,LIBERTY GLOBAL PLC,"'NEW: John Malone's Liberty Media joins the bidding for the regional sports networks being sold by Disney to complete its Fox deal, sources say.' -CNBC Now Tweets",6,increase,0.7,0.6,the involvement of liberty media in the bidding for regional sports networks suggests a strategic expansion that could positively impact investor sentiment and increase liberty global plc's stock price.,2,2019-02-05,LBTYA,2019-02-05 14:47:00+00:00,90227.0,G5480U10,0.0054158368147909,2275485.0,-0.0250096041709184,0.0448666363954544,0.0047355536371469,0.013934432528913,-0.0129615059122443,0.026503961533308,-0.0338240563869476,0.0101997349411249,0.0222404859960079,0.0042680487968027,-0.0040290243923664,0.0120950620621442,0.0080906460061669,0.0189260710030794,0.0296950154006481,0.0202065035700798,-0.004676497541368,-0.0053594880737364,0.0039153667166829,0.0103790406137704,-0.0011699992464855,0.0091075031086802,0.0179616976529359,-0.0139201330021023,-0.0272343344986438,0.0159671697765588,0.0370661914348602,0.0242990870028734,-0.0015208749100565,0.0234337523579597,0.0034272714983671,0.0170233659446239,-0.0049336268566548,-0.0167384203523397,0.0076277945190668,0.0072254152037203,-0.0113550052046775,-0.0424354262650013,-0.0003828571352642,-0.0478700101375579,-0.0053619798272848,0.0645161792635917,-0.0273392032831907,0.0014044372364878,-0.0154394060373306,0.0009372285567224,0.0116605954244732,0.0023484844714403,0.0135135194286704,0.0104414438828826,0.0047059152275323,-0.0023674783296883,0.0160031169652938,0.0414201244711875,0.0030733738094568,-0.0264041889458894,0.0022979495115578,-0.0518889129161834,-0.0003821256686933,-0.0054323603399097,0.0114678610116243,-0.0395652092993259,-0.0162508841603994,0.0070052472874522,-0.0099884830415248,-0.0116832731291651,-0.0112534305080771,-0.0195162948220968,0.0051020826213061,-0.0100797889754176,-0.0148379951715469,0.0080439718440175,-0.012286938726902,-0.000845962378662,-0.0008025866118259,-0.0037926740478724,0.0164658576250076,-0.0157611388713121,0.0403002947568893,-0.0061830016784369,0.0125332288444042,-0.0213796161115169,0.0435108728706836,-0.0016109145944938,-0.0028756263200193,-0.0036115630064159,0.0021629224065691,0.0080906460061669,-0.0151079166680574,-0.0147469444200396,-0.005113199353218,-0.0090837106108665,0.0249633006751537,0.0338913798332214,0.0132521791383624,0.0255444142967462,-0.020148517563939,0.0557028427720069,-0.0057720001786947,-0.0443599186837673,0.0007257060497067,-0.0263265892863273,-0.0105148302391171,-0.0165857542306184,-0.0007328859064728,0.0185413621366024,-0.0007334234542213,0.0244829002767801,-0.0220183618366718,-0.0125051792711019,0.0093808630481362,-0.0449841171503067,0.0048327534459531,-0.0156739652156829,-0.0007399355527013,-0.0406014993786811,-0.0170307662338018,0.0402816087007522,-0.0128060327842831,-0.0015619256300851,-0.0250096041709184,0.0448666363954544,-0.0203924848557667,0.0594262600420192,-0.0330896734549877,0.0875052528855493,-0.0450173185846584,0.1032863860278383,-0.013466733156104,0.1665162694027531,0.0065409802506748,0.1702127725839151,0.0084647698366826,0.0093713313738987,2019-02-06,2019-02-07,2019-02-08,2019-02-11,2019-02-12,2019-02-13,2019-02-14,2019-02-15,2019-02-19,2019-02-20,90227.0,2019-02-05,252.0,0.5416%,-0.0013,0.9719,0.4021,0.3624,1.8688%,2.1358%,23.4366%,0.003525,LBTYA,90227.0,2019-02-06,252.0,-2.5010%,-0.0014,0.959,0.4066,0.3467,1.8732%,2.1211%,22.0094%,-0.0231849999999999,LBTYA,90227.0,2019-02-07,252.0,0.4736%,-0.0012,0.9724,0.3834,0.3527,1.8661%,2.1190%,22.4491%,0.012731,LBTYA,90227.0,2019-02-08,252.0,-1.2962%,-0.0012,0.974,0.3921,0.3652,1.8667%,2.1198%,22.4492%,-0.011695,LBTYA,90227.0,2019-02-11,252.0,-3.3824%,-0.0014,0.9867,0.3292,0.3379,1.8789%,2.1274%,21.9998%,-0.038715,LBTYA,90227.0,2019-02-12,252.0,2.2240%,-0.0013,0.9983,0.3222,0.345,1.8789%,2.1325%,22.3665%,0.009229,LBTYA,90227.0,2019-02-13,252.0,-0.4029%,-0.0014,0.9966,0.3227,0.3437,1.8793%,2.1310%,22.2308%,-0.007359,LBTYA,90227.0,2019-02-14,252.0,0.8091%,-0.0013,0.9942,0.3293,0.3358,1.8804%,2.1317%,22.1893%,0.010399,LBTYA,90227.0,2019-02-15,252.0,2.9695%,-0.0013,0.9931,0.3302,0.3365,1.8812%,2.1307%,22.0529%,0.015926,LBTYA,90227.0,2019-02-19,252.0,-0.4676%,-0.001,1.0152,0.2925,0.2922,1.8204%,2.0900%,24.1321%,-0.008631,LBTYA,90227.0,2019-02-20,252.0,0.3915%,-0.001,1.0173,0.3058,0.3018,1.8160%,2.0870%,24.2839%,-0.000364,LBTYA,-0.0196599999999999,-0.0069289999999999,-0.0186239999999999,-0.04811,-0.038139
34619,LENNOX INTERNATIONAL INC,"Lennox Sees FY19 Adj. EPS $12-$12.60, Sales Growth 3-7% Year Over Year",6,increase,0.7,0.6,"the positive guidance for adjusted eps and projected sales growth suggests strong financial performance, which is likely to boost investor confidence and increase the stock price.",2,2019-02-05,LII,2019-02-05 12:38:00+00:00,87034.0,52610710,0.0111407935619354,622360.0,-0.0003403319278731,0.0117503562942147,-0.0087663847953081,0.0021807397715747,0.0012450459180399,0.0222480073571205,0.0187805704772472,-0.0108053814619779,0.0264730341732502,0.0124581763520836,0.0027471326757222,-0.0015604373766109,-0.0013902368955314,-0.0056302002631127,0.0101957479491829,0.0036485309246927,-0.0001216571545228,0.0034378261771053,0.0075401356443762,-0.0061676329933106,0.0015691615408286,0.0214376170188188,-0.0009239373612217,0.0025445180945098,-0.0029754331335425,-0.0192513018846511,-0.010162946768105,0.0011153245577588,0.0050521115772426,-0.0039548496715724,-0.0057969545014202,-8.888417505659163e-05,0.0014271400868892,0.0016021389747038,-0.0007736255647614,0.0124814324080944,0.0093312952667474,0.0134252114221453,-0.0069034779444336,-0.0028231642208993,-0.0080491518601775,0.0346760936081409,0.0004918256308883,-0.0179521813988685,0.0070454315282404,-0.0124737080186605,0.0064673433080315,0.0039449566975235,0.003233119379729,-0.0020995258819311,-8.058440289460123e-05,0.0187380798161029,0.007775330916047,0.0493779480457305,0.00839498732239,-0.0074580293148756,0.0022596921771764,-0.0169483330100774,0.0149117512628436,-0.0073251561261713,0.0146926576271653,-0.0122303944081068,-0.0124058248475194,0.0191731229424476,0.0118228467181325,-0.0172526761889457,0.0074565545655786,-0.0155120603740215,0.0028233213815838,0.0166120883077383,0.0053262081928551,0.0311218183487653,0.0029895701445639,-0.0030306179542094,0.0130484579131007,-0.015020128339529,-0.0014560935087502,-0.0259380396455526,0.0089732818305492,0.0060361381620168,0.0023345621302723,-0.0459800884127616,0.0126807764172554,-0.0007082628435455,0.008907607756555,0.0152345830574631,-0.0126284211874008,0.0078355502337217,-0.0112873772159218,0.0269779413938522,0.0045961309224367,-0.0077079208567738,0.0091133872047066,0.0225599333643913,0.0103838993236422,-0.0090730627998709,-0.015813834965229,0.005738481413573,-0.012133645825088,-0.0177869759500026,0.0073324195109307,0.0027332359459251,-0.0111218206584453,0.0030669316183775,-0.0114336861297488,-4.651161725632846e-05,0.0049892552196979,-0.0179337076842784,0.0115085085853934,0.0300836414098739,0.0090351086109876,0.0046753506176173,0.0120863690972328,-0.0166712943464517,-0.0116871455684304,-0.0064593944698572,-0.0225824452936649,0.0190418120473623,0.0028643873520195,-0.0077443602494895,-0.0003403319278731,0.0117503562942147,-0.0091037332425434,0.0139567205350903,-0.0078700218904159,0.0365152371133568,0.0375207017777723,0.0380888533416254,0.0573020173331462,0.0315481231702483,0.0915471477831606,0.1019021699700366,0.1346579520983621,0.0877653348318037,2019-02-06,2019-02-07,2019-02-08,2019-02-11,2019-02-12,2019-02-13,2019-02-14,2019-02-15,2019-02-19,2019-02-20,87034.0,2019-02-05,252.0,1.1141%,0.0006,0.9683,0.0405,0.1029,1.1576%,1.5730%,45.8413%,0.007557,LII,87034.0,2019-02-06,252.0,-0.0340%,0.0007,0.9198,0.0561,0.0552,1.1431%,1.5148%,43.0524%,0.001622,LII,87034.0,2019-02-07,252.0,-0.8766%,0.0007,0.9238,0.0514,0.0555,1.1424%,1.5150%,43.1418%,-0.000455,LII,87034.0,2019-02-08,252.0,0.1245%,0.0006,0.9243,0.0347,0.0466,1.1365%,1.5120%,43.5038%,0.000671,LII,87034.0,2019-02-11,252.0,1.8781%,0.0007,0.9185,0.0625,0.0586,1.1403%,1.4947%,41.7988%,0.01705,LII,87034.0,2019-02-12,252.0,2.6473%,0.0007,0.9178,0.073,0.0564,1.1404%,1.4949%,41.8116%,0.013969,LII,87034.0,2019-02-13,252.0,0.2747%,0.0007,0.9148,0.0777,0.0571,1.1397%,1.4907%,41.5457%,-5.999999999999999e-06,LII,87034.0,2019-02-14,252.0,-0.1390%,0.0007,0.9157,0.078,0.0554,1.1370%,1.4895%,41.7254%,0.000358,LII,87034.0,2019-02-15,252.0,1.0196%,0.0007,0.912,0.0745,0.0491,1.1369%,1.4865%,41.5075%,-0.000713,LII,87034.0,2019-02-19,252.0,-0.0122%,0.0007,0.9096,0.0752,0.0502,1.1364%,1.4829%,41.2718%,-0.002318,LII,87034.0,2019-02-20,252.0,0.7540%,0.0007,0.9116,0.0836,0.0585,1.1355%,1.4826%,41.3462%,0.005271,LII,0.009179,0.0087239999999999,0.0093949999999999,0.040414,0.0430059999999999
34627,LENNOX INTERNATIONAL INC,"Lennox International Q4 EPS $1.93, Inline, Sales $843.6M Miss $848.65M Estimate",6,decrease,0.7,0.6,"the earnings per share (eps) met expectations, but the sales figure missed estimates, which is likely to lead to a negative reaction from investors.",0,2019-02-05,LII,2019-02-05 12:37:00+00:00,87034.0,52610710,0.0111407935619354,622360.0,-0.0003403319278731,0.0117503562942147,-0.0087663847953081,0.0021807397715747,0.0012450459180399,0.0222480073571205,0.0187805704772472,-0.0108053814619779,0.0264730341732502,0.0124581763520836,0.0027471326757222,-0.0015604373766109,-0.0013902368955314,-0.0056302002631127,0.0101957479491829,0.0036485309246927,-0.0001216571545228,0.0034378261771053,0.0075401356443762,-0.0061676329933106,0.0015691615408286,0.0214376170188188,-0.0009239373612217,0.0025445180945098,-0.0029754331335425,-0.0192513018846511,-0.010162946768105,0.0011153245577588,0.0050521115772426,-0.0039548496715724,-0.0057969545014202,-8.888417505659163e-05,0.0014271400868892,0.0016021389747038,-0.0007736255647614,0.0124814324080944,0.0093312952667474,0.0134252114221453,-0.0069034779444336,-0.0028231642208993,-0.0080491518601775,0.0346760936081409,0.0004918256308883,-0.0179521813988685,0.0070454315282404,-0.0124737080186605,0.0064673433080315,0.0039449566975235,0.003233119379729,-0.0020995258819311,-8.058440289460123e-05,0.0187380798161029,0.007775330916047,0.0493779480457305,0.00839498732239,-0.0074580293148756,0.0022596921771764,-0.0169483330100774,0.0149117512628436,-0.0073251561261713,0.0146926576271653,-0.0122303944081068,-0.0124058248475194,0.0191731229424476,0.0118228467181325,-0.0172526761889457,0.0074565545655786,-0.0155120603740215,0.0028233213815838,0.0166120883077383,0.0053262081928551,0.0311218183487653,0.0029895701445639,-0.0030306179542094,0.0130484579131007,-0.015020128339529,-0.0014560935087502,-0.0259380396455526,0.0089732818305492,0.0060361381620168,0.0023345621302723,-0.0459800884127616,0.0126807764172554,-0.0007082628435455,0.008907607756555,0.0152345830574631,-0.0126284211874008,0.0078355502337217,-0.0112873772159218,0.0269779413938522,0.0045961309224367,-0.0077079208567738,0.0091133872047066,0.0225599333643913,0.0103838993236422,-0.0090730627998709,-0.015813834965229,0.005738481413573,-0.012133645825088,-0.0177869759500026,0.0073324195109307,0.0027332359459251,-0.0111218206584453,0.0030669316183775,-0.0114336861297488,-4.651161725632846e-05,0.0049892552196979,-0.0179337076842784,0.0115085085853934,0.0300836414098739,0.0090351086109876,0.0046753506176173,0.0120863690972328,-0.0166712943464517,-0.0116871455684304,-0.0064593944698572,-0.0225824452936649,0.0190418120473623,0.0028643873520195,-0.0077443602494895,-0.0003403319278731,0.0117503562942147,-0.0091037332425434,0.0139567205350903,-0.0078700218904159,0.0365152371133568,0.0375207017777723,0.0380888533416254,0.0573020173331462,0.0315481231702483,0.0915471477831606,0.1019021699700366,0.1346579520983621,0.0877653348318037,2019-02-06,2019-02-07,2019-02-08,2019-02-11,2019-02-12,2019-02-13,2019-02-14,2019-02-15,2019-02-19,2019-02-20,87034.0,2019-02-05,252.0,1.1141%,0.0006,0.9683,0.0405,0.1029,1.1576%,1.5730%,45.8413%,0.007557,LII,87034.0,2019-02-06,252.0,-0.0340%,0.0007,0.9198,0.0561,0.0552,1.1431%,1.5148%,43.0524%,0.001622,LII,87034.0,2019-02-07,252.0,-0.8766%,0.0007,0.9238,0.0514,0.0555,1.1424%,1.5150%,43.1418%,-0.000455,LII,87034.0,2019-02-08,252.0,0.1245%,0.0006,0.9243,0.0347,0.0466,1.1365%,1.5120%,43.5038%,0.000671,LII,87034.0,2019-02-11,252.0,1.8781%,0.0007,0.9185,0.0625,0.0586,1.1403%,1.4947%,41.7988%,0.01705,LII,87034.0,2019-02-12,252.0,2.6473%,0.0007,0.9178,0.073,0.0564,1.1404%,1.4949%,41.8116%,0.013969,LII,87034.0,2019-02-13,252.0,0.2747%,0.0007,0.9148,0.0777,0.0571,1.1397%,1.4907%,41.5457%,-5.999999999999999e-06,LII,87034.0,2019-02-14,252.0,-0.1390%,0.0007,0.9157,0.078,0.0554,1.1370%,1.4895%,41.7254%,0.000358,LII,87034.0,2019-02-15,252.0,1.0196%,0.0007,0.912,0.0745,0.0491,1.1369%,1.4865%,41.5075%,-0.000713,LII,87034.0,2019-02-19,252.0,-0.0122%,0.0007,0.9096,0.0752,0.0502,1.1364%,1.4829%,41.2718%,-0.002318,LII,87034.0,2019-02-20,252.0,0.7540%,0.0007,0.9116,0.0836,0.0585,1.1355%,1.4826%,41.3462%,0.005271,LII,0.009179,0.0087239999999999,0.0093949999999999,0.040414,0.0430059999999999
34635,COMSTOCK INC,Comstock Mining shares are trading higher after the company announced 2018 financial results and announced plans to sell the company's Lucerne properties.,6,increase,0.7,0.6,"the announcement of positive financial results and plans to sell properties typically signals improved financial health and strategic focus, which can boost investor confidence and drive the stock price higher.",2,2019-02-05,LODE,2019-02-05 14:05:00+00:00,12840.0,20575030,0.0245129261165857,2650240.0,-0.0245399270206689,-0.1011299714446068,-0.0566037036478519,0.0056818295270204,-0.0233333297073841,-0.0613333396613597,-0.010238979011774,0.1029411628842354,0.0620689913630485,0.0303029995411634,-0.0006493616383522,0.1836441904306412,-0.0168940834701061,0.070660576224327,0.0508922412991523,0.0054053817875683,-0.0037735551595687,-0.0263157859444618,-0.002525201300159,-0.0424765720963478,0.0284809283912181,0.0072516463696956,-0.0147692058235406,0.006569345947355,0.0149906054139137,0.0148147335276007,0.2923077046871185,-0.0217390675097703,-0.2142856568098068,-0.0528482943773269,-0.0303030908107757,-0.028666753321886,0.031250063329935,-0.0322580337524414,-0.0060606179758906,-0.0312499701976776,-0.0121951466426253,0.0,-0.030864167958498,-0.0123457042500376,-0.0063694394193589,0.012500025331974,0.0192307122051715,0.2041482925415039,0.0314466059207916,-0.0009474001126363,0.0060975733213126,0.0160428248345851,-0.0121212359517812,0.0015301336534321,0.0122699635103344,-0.0022900013718754,0.0121211456134915,-0.016797050833702,-0.029940091073513,-0.0137824155390262,0.0432098731398582,-0.0669889524579048,0.0650888010859489,0.0197183284908533,0.104999952018261,-0.0340135730803012,-0.0070386822335422,-0.0630975365638732,-0.0096202651038765,0.0057692327536642,0.0736195817589759,0.0758621245622634,0.0333333313465118,-0.0363271385431289,-0.0142856817692518,0.0376965478062629,-0.0182328484952449,-0.0333333984017372,-0.014285672456026,-0.0654205530881881,0.0352657213807106,0.0031250528991222,-0.020065389573574,-0.0123457042500376,-0.0023809217382222,-0.0374331697821617,-0.0157517716288566,0.0538509488105773,0.018428660929203,-0.0488385334610939,0.0952381491661071,0.00538922380656,0.0217391084879636,0.0127349346876144,-0.0510638058185577,-0.0412790738046169,0.0304932538419961,-0.0182648096233606,0.0008703367202542,-0.0112867038697004,-0.0043478347361087,0.005104936659336,0.0,-0.0106621906161308,-0.0174672845751047,0.0125000420957803,0.0222222674638032,0.0144092077389359,0.0,0.0389221906661987,0.0,-0.0176470950245857,-0.0217391736805439,0.0204081498086452,0.0,-0.0342028737068176,0.1111111417412758,-0.0916271582245826,0.0,0.0264864508062601,-0.0400000214576721,-0.0512820035219192,-0.0449999570846557,0.0263157654553651,-0.0245399270206689,-0.1011299714446067,-0.079754579911903,-0.0960227451754069,-0.1012269697105288,-0.1514666891917073,-0.0552147434719026,-0.0357576420215207,-0.0306748187902133,0.1454283586109865,0.1042945127529215,0.120422463000031,0.4061349926482052,-0.1626315948943092,2019-02-06,2019-02-07,2019-02-08,2019-02-11,2019-02-12,2019-02-13,2019-02-14,2019-02-15,2019-02-19,2019-02-20,12840.0,2019-02-05,252.0,2.4513%,-0.0013,0.7055,2.4744,1.5428,6.6527%,6.7953%,4.1544%,0.032735,LODE,12840.0,2019-02-06,252.0,-2.4540%,-0.0011,0.5781,2.5158,1.4141,6.6364%,6.7722%,3.9684%,-0.02392,LODE,12840.0,2019-02-07,252.0,-5.6604%,-0.0012,0.6097,2.4979,1.4039,6.6416%,6.7771%,3.9588%,-0.0535719999999999,LODE,12840.0,2019-02-08,252.0,-2.3333%,-0.0012,0.6119,2.5127,1.4226,6.6418%,6.7785%,3.9943%,-0.015544,LODE,12840.0,2019-02-11,252.0,-1.0239%,-0.0013,0.5997,2.4838,1.4006,6.6444%,6.7788%,3.9264%,-0.031051,LODE,12840.0,2019-02-12,252.0,6.2069%,-0.001,0.6345,2.4809,1.4189,6.6538%,6.7902%,3.9774%,0.055697,LODE,12840.0,2019-02-13,252.0,-0.0649%,-0.0014,0.5965,2.5435,1.429,6.6338%,6.7738%,4.0913%,-0.005008,LODE,12840.0,2019-02-14,252.0,-1.6894%,-0.0012,0.6052,2.5353,1.4311,6.6233%,6.7634%,4.0996%,-0.020679,LODE,12840.0,2019-02-15,252.0,5.0892%,-0.0008,0.6845,2.61,1.5645,6.6110%,6.7648%,4.4961%,0.030746,LODE,12840.0,2019-02-19,252.0,-0.3774%,-0.0009,0.6753,2.6079,1.5629,6.6108%,6.7643%,4.4874%,-0.017436,LODE,12840.0,2019-02-20,252.0,-0.2525%,-0.0009,0.6726,2.612,1.556,6.6101%,6.7640%,4.4977%,-0.018241,LODE,0.008815,-0.0447569999999999,-0.0603009999999999,-0.0356549999999999,-0.0662729999999999
34643,LYONDELLBASELL INDUSTRIES N V,"BMO Capital Maintains Market Perform on LyondellBasell Industries, Lowers Price Target to $95",6,decrease,0.7,0.6,"lowering the price target typically signals reduced expectations for the stock's future performance, which can lead to a decrease in stock price.",0,2019-02-05,LYB,2019-02-05 12:53:00+00:00,12345.0,N5374510,-0.001368488301523,2745321.0,-0.0042252228595316,-0.013499797321856,-0.0299312006682157,0.0220765564590692,-0.0001181523475679,-0.0141691220924258,-0.0079214721918106,0.0129751395434141,0.0184721164405345,0.0110285226255655,0.0069038611836731,-0.0008119672420434,0.0031376716215163,0.0267984755337238,0.0152919339016079,-0.0055667562410235,-0.0018256051698699,-0.015967397019267,0.0192043930292129,-0.0234463643282651,-0.007402463350445,0.0234129540622234,0.0072316313162446,0.012620897963643,-0.0061701037921011,0.0023645891342312,-0.0195281151682138,-0.0131839606910944,-0.0019571513403207,-0.0033721036743372,-0.0134964324533939,-0.0160183236002922,0.006197455804795,-0.0080580990761518,0.0005878356168977,-0.0056427037343382,-0.0115158138796687,0.0192086286842823,0.0611031763255596,0.0027682294603437,-0.0240869540721178,0.0539751350879669,0.0003443781461101,-0.0194301735609769,0.0179021991789341,0.0087782070040702,0.006538915913552,0.0094683952629566,-0.0044803037308156,-0.0125854378566145,-0.0162015631794929,0.0246868357062339,-0.0050320499576628,0.0369332879781723,0.0031034096609801,-0.006201815791428,-0.0035521665122359,-0.0070377974770963,-0.0072446786798536,-0.0135135622695088,0.0229351986199617,-0.0218287110328674,-0.0366889126598835,0.0032850301358848,-0.0188080221414566,-0.0018216407625004,0.0100634517148137,-0.0160134322941303,-0.0097260074689984,-0.0205992758274078,0.0044317012652754,0.0073096291162073,0.0026234344113618,0.0046192039735615,0.0367506705224514,0.0007111242739483,0.0251233503222465,-0.03241528570652,0.013652654364705,-0.0258363299071788,0.0178846884518861,-0.0397582687437534,-0.0123644191771745,0.0108241578564047,0.002965125022456,0.0031176190823316,-0.011825269088149,0.0108672035858035,-0.0076454565860331,0.0092125060036778,0.0106074651703238,-0.0099891228601336,0.0196663215756416,0.0138705661520361,-0.0007584753911942,-0.0166702847927808,-0.0005422148387879,0.0107220541685819,-0.0044482592493295,-0.0148738659918308,0.0003269265289418,-0.0277690608054399,0.0021788533776998,0.0212970655411481,0.0002174613910028,0.0169787239283323,-0.0154331680387258,-0.0020636736880987,-0.0213047005236148,-0.0332843139767646,-0.0073313950560987,-0.008536328561604,0.0122712664306163,-0.0048689655959606,-0.0096530811861157,-0.0033040754497051,-0.0199478864669799,0.0186158660799264,-0.0058980239555239,0.0170072093605995,-0.0042252228595316,-0.013499797321856,-0.0340299575344708,0.0082787300994513,-0.0341440891626684,-0.0060076943305238,-0.0240950172284337,0.0179939981126029,0.0181569491475324,-0.0019348765611018,-0.0025687777980797,0.0871559429806212,-0.006843678846081,-0.0509214388855895,2019-02-06,2019-02-07,2019-02-08,2019-02-11,2019-02-12,2019-02-13,2019-02-14,2019-02-15,2019-02-19,2019-02-20,12345.0,2019-02-05,252.0,-0.1368%,-0.0006,1.0716,0.3237,0.5328,1.2110%,1.6471%,45.9481%,-0.0025819999999999,LYB,12345.0,2019-02-06,252.0,-0.4225%,-0.0007,1.096,0.3158,0.5567,1.2075%,1.6366%,45.5638%,-0.002308,LYB,12345.0,2019-02-07,252.0,-2.9931%,-0.0009,1.0831,0.3414,0.5489,1.1981%,1.6198%,45.2867%,-0.021599,LYB,12345.0,2019-02-08,252.0,-0.0118%,-0.0007,1.0817,0.3674,0.5602,1.1839%,1.6084%,45.8246%,0.002424,LYB,12345.0,2019-02-11,252.0,-0.7921%,-0.0008,1.0713,0.3603,0.5509,1.1858%,1.5893%,44.3234%,-0.013249,LYB,12345.0,2019-02-12,252.0,1.8472%,-0.0007,1.075,0.3596,0.5529,1.1863%,1.5920%,44.4731%,0.004666,LYB,12345.0,2019-02-13,252.0,0.6904%,-0.0008,1.0688,0.3716,0.556,1.1829%,1.5842%,44.2473%,0.003191,LYB,12345.0,2019-02-14,252.0,0.3138%,-0.0007,1.0672,0.3757,0.5513,1.1837%,1.5844%,44.1826%,0.006574,LYB,12345.0,2019-02-15,252.0,1.5292%,-0.0007,1.0654,0.3741,0.5484,1.1836%,1.5814%,43.9786%,-0.000453,LYB,12345.0,2019-02-19,252.0,-0.1826%,-0.0007,1.0725,0.3588,0.5306,1.1724%,1.5776%,44.7747%,-0.00668,LYB,12345.0,2019-02-20,252.0,1.9204%,-0.0006,1.0778,0.3767,0.5508,1.1722%,1.5808%,45.0156%,0.013359,LYB,-0.00489,-0.026489,-0.024065,-0.0326479999999999,-0.0166569999999999
34651,MANHATTAN ASSOCIATES INC,"Manhattan Associates Q4 EPS $0.46 Beats $0.37 Estimate, Sales $144.37M Beat $139.18M Estimate",6,increase,0.8,0.6,"the company reported better-than-expected earnings and sales, which typically leads to positive investor sentiment and an increase in stock price.",2,2019-02-05,MANH,2019-02-05 21:42:00+00:00,85992.0,56275010,0.0195045825093984,739600.0,-0.0669600144028663,0.0336693972349166,0.0270658135414123,0.0170186180621385,0.0245557911694049,0.0053597637452185,0.0194855816662311,0.0053885662928223,0.0198776926845312,-0.0016553243622183,-0.0031859441660344,-0.0018586604855954,0.0109043400734663,0.0206576641649007,0.0085549391806125,0.0091469967737793,0.0047944337129592,-0.0169385485351085,0.0011010746238753,-0.01137066911906,-0.0093491906300187,0.0193887911736965,0.01480383425951,0.0110803423449397,-0.0003647056582849,0.0092473188415169,-0.0089383050799369,0.0278514213860034,0.0114117227494716,-0.0111475046724081,-0.0036396861542016,0.0148624256253242,0.0027397538069635,-0.0033163323532789,-0.0287796314805746,0.0118567962199449,0.0065641123801469,0.031141921877861,-0.0078255673870444,0.0176056344062089,0.0065727410838007,0.0342316068708896,-0.0061566797085106,-0.0237022992223501,0.0163318738341331,-0.0042482963763177,-0.0033247193787246,0.006891565863043,-0.0020385584793984,0.0019048055401071,0.0248839408159256,0.0026259396690875,0.0012683402746915,0.0475118197500705,0.0047050695866346,-0.0094128623604774,-0.0075648771598935,-0.0591936819255352,0.0012704118853434,-0.0046393126249313,0.0224760137498378,-0.0175478681921958,-0.0413046963512897,-0.0031803585588932,0.0105399349704384,-0.0388646014034748,0.0098810084164142,-0.014841953292489,-0.0188439413905143,-0.0055614612065255,0.0048014461062848,0.0125623103231191,0.0128652965649962,0.0010841118637472,0.0070767444558441,-0.01579175516963,0.010991002433002,-0.0237499866634607,0.0160398799926042,-0.0053874496370553,-0.0117522925138473,-0.0250505395233631,0.0037273531779646,-0.0006056688725948,-0.0072502186521887,0.0004039680643472,-0.0003562603960745,0.0044633271172642,0.0130078326910734,0.0324675142765045,0.0045734765008091,-0.0089266449213027,-0.0014008375583216,0.0012470912188291,0.0057864603586494,0.0160507317632436,0.0064504696056246,0.0176230333745479,-0.0114325284957885,-0.0212453119456768,0.0040301303379237,-0.052799317985773,0.0502617992460727,0.0068204645067453,0.0154536440968513,0.0305974688380956,0.0960563346743583,0.0087590860202908,-0.0229919496923685,0.0025088631082326,0.0314791798591613,-0.0395581796765327,0.0057777687907218,0.0060605905018746,-0.0064811082556843,0.0093800788745284,-0.0111193479970097,0.0244412366300821,0.0061469818465411,0.0035639028064906,-0.0669600144028663,0.0336693972349166,-0.0417065281260122,0.0512610219089786,-0.0181748737516705,0.0568955326209676,0.0208532668166092,0.0608317520163566,0.0436196456740025,0.05995455107149,0.0554811120839553,0.1892832274056937,0.2839104686715605,0.074842767516519,2019-02-06,2019-02-07,2019-02-08,2019-02-11,2019-02-12,2019-02-13,2019-02-14,2019-02-15,2019-02-19,2019-02-20,85992.0,2019-02-05,252.0,1.9505%,-0.0,1.012,0.7201,-0.4357,1.6150%,2.0991%,40.8048%,0.01311,MANH,85992.0,2019-02-06,252.0,-6.6960%,-0.0004,1.0522,0.7083,-0.4049,1.6594%,2.1402%,39.8825%,-0.064457,MANH,85992.0,2019-02-07,252.0,2.7066%,-0.0002,1.0461,0.699,-0.3946,1.6774%,2.1465%,38.9272%,0.039251,MANH,85992.0,2019-02-08,252.0,2.4556%,0.0006,1.0378,0.8489,-0.3305,1.2965%,1.8623%,51.5353%,0.020442,MANH,85992.0,2019-02-11,252.0,1.9486%,0.0007,1.0241,0.8789,-0.3215,1.2964%,1.8437%,50.5551%,0.01309,MANH,85992.0,2019-02-12,252.0,1.9878%,0.0006,1.0132,0.896,-0.3301,1.2889%,1.8375%,50.7976%,0.005128,MANH,85992.0,2019-02-13,252.0,-0.3186%,0.0006,1.0114,0.8961,-0.3318,1.2896%,1.8362%,50.6732%,-0.006429,MANH,85992.0,2019-02-14,252.0,1.0904%,0.0007,1.0111,0.8997,-0.3374,1.2867%,1.8360%,50.8866%,0.006344,MANH,85992.0,2019-02-15,252.0,0.8555%,0.0006,0.9921,0.8822,-0.3689,1.2809%,1.8232%,50.6389%,-0.0036,MANH,85992.0,2019-02-19,252.0,0.4794%,0.0006,0.9909,0.8845,-0.3662,1.2806%,1.8202%,50.4986%,0.001358,MANH,85992.0,2019-02-20,252.0,0.1101%,0.0006,0.9924,0.8965,-0.3586,1.2745%,1.8169%,50.7921%,-0.000814,MANH,-0.051347,-0.012096,0.008346,0.0265639999999999,0.023423
34659,MICROCHIP TECHNOLOGY INC,"Microchip Sees Q4 Adj. EPS $1.26-$1.53 vs $1.57 Estimate, Sales $1.251B-$1.403B vs $1.39B Est.",6,decrease,0.75,0.6,"the adjusted eps and sales guidance provided by microchip technology inc. is below analyst estimates, which typically leads to a negative reaction in stock prices.",0,2019-02-05,MCHP,2019-02-05 21:17:00+00:00,78987.0,59501710,0.0079922014847397,3418795.0,0.0729216709733009,0.0086722737178206,-0.0138841997832059,0.0186636801809072,-0.0074939937330782,-0.001490807859227,0.0177324712276458,0.0125801991671323,0.0286646038293838,-0.0094704320654273,-0.0034968822728842,-0.0047128521837294,-0.0064700511284172,0.0279193613678216,0.0055187637917697,0.0548682324588298,-0.0045005055144429,-0.010907151736319,-0.0074429474771022,-0.031684685498476,-0.0072504351846873,0.0195666160434484,0.0004494484746828,0.0142514603212475,0.0086477613076567,0.0009332048357464,-0.008350963704288,0.0103718247264623,-0.0223444625735282,-0.0374692007899284,-0.0022969674319028,0.0066561535932123,0.0203752350062131,0.0101516712456941,-0.0007897077593952,0.0396107360720634,-0.0146776903420686,0.0271716229617595,-0.0090522896498441,0.0292710699141025,-0.0234737079590559,0.0405609533190727,0.0071048680692911,-0.0704975351691246,0.0205761305987834,-0.0079254684969782,-0.005760368425399,0.0039084139280021,-0.0143685452640056,0.0020982169080525,-0.0124617628753185,0.0157715361565351,0.0249999817460775,0.0707438588142395,-0.0089430501684546,-0.0332401022315025,0.0090237502008676,-0.0104788420721888,-0.0211382079869508,0.001457491191104,0.0367821380496025,-0.0489326156675815,-0.0224307533353567,0.0130599681288003,-0.0187309589236974,-0.0060022375546395,0.0051300441846251,-0.010907094925642,-0.0341839455068111,-0.0156292673200368,-0.0027037139516323,0.0191136412322521,0.0223043449223041,0.0041723977774381,0.0542430095374584,0.0233418643474578,0.0029728119261562,-0.0427792817354202,0.0294117853045463,-0.0145005611702799,0.0107418997213244,-0.0421810522675514,0.0180782470852136,0.0368000268936157,0.0122686121612787,0.0077936286106705,-0.0123325120657682,-0.0193701572716236,0.0145317381247878,0.0295753665268421,-0.0029708093497902,-0.0268022026866674,0.0147919477894902,0.0189694073051214,0.0025167560670524,0.0182192027568817,0.0226987265050411,0.0,0.0153421303257346,-0.0069774943403899,-0.0056411563418805,-0.0228806156665086,-0.0112450672313571,0.0034505925141274,0.0057377582415938,0.0462371855974197,0.0069273905828595,0.0163702517747879,-0.0137595413252711,0.0172264836728572,0.0095404209569096,-0.0342436395585537,0.0031500614713877,-0.0311618503183126,0.0118516832590103,0.0590326264500618,-0.0093102445825934,0.0038555515930056,0.0117219453677535,0.0100965946912765,0.0729216709733009,0.0086722737178206,0.0580250121417764,0.0274978104418386,0.0500961793313459,0.0259660086306934,0.0993513284440741,0.0290342904619869,0.081391204690606,0.0636270291216212,0.0166162647142595,0.2036146467450998,0.2076842036823101,0.1970623643084534,2019-02-06,2019-02-07,2019-02-08,2019-02-11,2019-02-12,2019-02-13,2019-02-14,2019-02-15,2019-02-19,2019-02-20,78987.0,2019-02-05,252.0,0.7992%,-0.0004,1.283,0.4648,-0.3094,1.7357%,2.3281%,44.4195%,0.000866,MCHP,78987.0,2019-02-06,252.0,7.2922%,-0.0001,1.2883,0.4618,-0.2938,1.8006%,2.3589%,41.7313%,0.075907,MCHP,78987.0,2019-02-07,252.0,-1.3884%,-0.0001,1.284,0.4673,-0.2945,1.8000%,2.3545%,41.5554%,-0.000257,MCHP,78987.0,2019-02-08,252.0,-0.7494%,0.0002,1.2832,0.5568,-0.2388,1.6977%,2.2717%,44.1504%,-0.0110149999999999,MCHP,78987.0,2019-02-11,252.0,1.7732%,0.0002,1.2954,0.5622,-0.2295,1.6989%,2.2623%,43.6075%,0.0127099999999999,MCHP,78987.0,2019-02-12,252.0,2.8665%,0.0003,1.3008,0.5627,-0.2268,1.7001%,2.2675%,43.7869%,0.010445,MCHP,78987.0,2019-02-13,252.0,-0.3497%,0.0002,1.2958,0.5681,-0.2277,1.6999%,2.2627%,43.5590%,-0.007418,MCHP,78987.0,2019-02-14,252.0,-0.6470%,0.0003,1.2999,0.5647,-0.2276,1.6888%,2.2566%,43.9961%,-0.008123,MCHP,78987.0,2019-02-15,252.0,0.5519%,0.0003,1.2959,0.5601,-0.2354,1.6898%,2.2544%,43.8170%,-0.009589,MCHP,78987.0,2019-02-19,252.0,-0.4501%,0.0003,1.2985,0.5491,-0.2479,1.6885%,2.2546%,43.9130%,-0.007981,MCHP,78987.0,2019-02-20,252.0,-0.7443%,0.0002,1.2948,0.5371,-0.2619,1.6887%,2.2542%,43.8768%,-0.009855,MCHP,0.076773,0.076516,0.065501,0.088656,0.04569
34667,MICROCHIP TECHNOLOGY INC,"Microchip Technology Q3 EPS $1.66 Beats $1.58 Estimate, Sales $1.416B Beat $1.41B Estimate",6,increase,0.8,0.7,"the company reported better-than-expected earnings and sales, which typically leads to positive investor sentiment and an increase in stock price.",2,2019-02-05,MCHP,2019-02-05 21:16:00+00:00,78987.0,59501710,0.0079922014847397,3418795.0,0.0729216709733009,0.0086722737178206,-0.0138841997832059,0.0186636801809072,-0.0074939937330782,-0.001490807859227,0.0177324712276458,0.0125801991671323,0.0286646038293838,-0.0094704320654273,-0.0034968822728842,-0.0047128521837294,-0.0064700511284172,0.0279193613678216,0.0055187637917697,0.0548682324588298,-0.0045005055144429,-0.010907151736319,-0.0074429474771022,-0.031684685498476,-0.0072504351846873,0.0195666160434484,0.0004494484746828,0.0142514603212475,0.0086477613076567,0.0009332048357464,-0.008350963704288,0.0103718247264623,-0.0223444625735282,-0.0374692007899284,-0.0022969674319028,0.0066561535932123,0.0203752350062131,0.0101516712456941,-0.0007897077593952,0.0396107360720634,-0.0146776903420686,0.0271716229617595,-0.0090522896498441,0.0292710699141025,-0.0234737079590559,0.0405609533190727,0.0071048680692911,-0.0704975351691246,0.0205761305987834,-0.0079254684969782,-0.005760368425399,0.0039084139280021,-0.0143685452640056,0.0020982169080525,-0.0124617628753185,0.0157715361565351,0.0249999817460775,0.0707438588142395,-0.0089430501684546,-0.0332401022315025,0.0090237502008676,-0.0104788420721888,-0.0211382079869508,0.001457491191104,0.0367821380496025,-0.0489326156675815,-0.0224307533353567,0.0130599681288003,-0.0187309589236974,-0.0060022375546395,0.0051300441846251,-0.010907094925642,-0.0341839455068111,-0.0156292673200368,-0.0027037139516323,0.0191136412322521,0.0223043449223041,0.0041723977774381,0.0542430095374584,0.0233418643474578,0.0029728119261562,-0.0427792817354202,0.0294117853045463,-0.0145005611702799,0.0107418997213244,-0.0421810522675514,0.0180782470852136,0.0368000268936157,0.0122686121612787,0.0077936286106705,-0.0123325120657682,-0.0193701572716236,0.0145317381247878,0.0295753665268421,-0.0029708093497902,-0.0268022026866674,0.0147919477894902,0.0189694073051214,0.0025167560670524,0.0182192027568817,0.0226987265050411,0.0,0.0153421303257346,-0.0069774943403899,-0.0056411563418805,-0.0228806156665086,-0.0112450672313571,0.0034505925141274,0.0057377582415938,0.0462371855974197,0.0069273905828595,0.0163702517747879,-0.0137595413252711,0.0172264836728572,0.0095404209569096,-0.0342436395585537,0.0031500614713877,-0.0311618503183126,0.0118516832590103,0.0590326264500618,-0.0093102445825934,0.0038555515930056,0.0117219453677535,0.0100965946912765,0.0729216709733009,0.0086722737178206,0.0580250121417764,0.0274978104418386,0.0500961793313459,0.0259660086306934,0.0993513284440741,0.0290342904619869,0.081391204690606,0.0636270291216212,0.0166162647142595,0.2036146467450998,0.2076842036823101,0.1970623643084534,2019-02-06,2019-02-07,2019-02-08,2019-02-11,2019-02-12,2019-02-13,2019-02-14,2019-02-15,2019-02-19,2019-02-20,78987.0,2019-02-05,252.0,0.7992%,-0.0004,1.283,0.4648,-0.3094,1.7357%,2.3281%,44.4195%,0.000866,MCHP,78987.0,2019-02-06,252.0,7.2922%,-0.0001,1.2883,0.4618,-0.2938,1.8006%,2.3589%,41.7313%,0.075907,MCHP,78987.0,2019-02-07,252.0,-1.3884%,-0.0001,1.284,0.4673,-0.2945,1.8000%,2.3545%,41.5554%,-0.000257,MCHP,78987.0,2019-02-08,252.0,-0.7494%,0.0002,1.2832,0.5568,-0.2388,1.6977%,2.2717%,44.1504%,-0.0110149999999999,MCHP,78987.0,2019-02-11,252.0,1.7732%,0.0002,1.2954,0.5622,-0.2295,1.6989%,2.2623%,43.6075%,0.0127099999999999,MCHP,78987.0,2019-02-12,252.0,2.8665%,0.0003,1.3008,0.5627,-0.2268,1.7001%,2.2675%,43.7869%,0.010445,MCHP,78987.0,2019-02-13,252.0,-0.3497%,0.0002,1.2958,0.5681,-0.2277,1.6999%,2.2627%,43.5590%,-0.007418,MCHP,78987.0,2019-02-14,252.0,-0.6470%,0.0003,1.2999,0.5647,-0.2276,1.6888%,2.2566%,43.9961%,-0.008123,MCHP,78987.0,2019-02-15,252.0,0.5519%,0.0003,1.2959,0.5601,-0.2354,1.6898%,2.2544%,43.8170%,-0.009589,MCHP,78987.0,2019-02-19,252.0,-0.4501%,0.0003,1.2985,0.5491,-0.2479,1.6885%,2.2546%,43.9130%,-0.007981,MCHP,78987.0,2019-02-20,252.0,-0.7443%,0.0002,1.2948,0.5371,-0.2619,1.6887%,2.2542%,43.8768%,-0.009855,MCHP,0.076773,0.076516,0.065501,0.088656,0.04569
34675,MARCUS CORP,The Marcus Corp. Prices 1.5M Share Common Stock Offering At $40.25/Share,6,decrease,0.7,0.5,"the pricing of a new share offering typically dilutes existing shareholders' equity, which can lead to a decrease in the stock price.",0,2019-02-05,MCS,2019-02-05 12:46:00+00:00,51423.0,56633010,0.0004911703872494,1382214.0,-0.0427099056541919,-0.0094867283478379,-0.0002563672314863,-0.0776306763291359,0.0164144486188888,-0.001791754271835,-0.0148877147585153,-0.0029030204750597,0.0233094226568937,0.0423649847507476,-0.0017521826084703,-0.0053252964280545,0.0190571285784244,0.0041850805282592,-0.0125491712242364,0.0,-0.0134562896564602,0.0065527446568012,0.0287951342761516,-0.0115660419687628,0.0164498407393693,0.0032489995937794,0.0236714854836463,0.0016271430067718,-0.0184049680829048,0.0056101377122104,0.0072116120718419,0.0077738049440085,-0.0021479749120771,-0.0039886948652565,0.0138722313567996,0.004004668444395,0.01745699159801,-0.0081775346770882,-0.0123342471197247,-0.0060381358489394,-0.003770024748519,0.0333574116230011,-0.0089876363053917,0.0225766412913799,-0.0102625368162989,0.0337392650544643,0.0007233850774355,-0.004042537882924,0.0228915847837925,0.0020253628026694,-0.0282685682177543,0.0091977678239345,-0.0050908867269754,0.0163594149053096,-0.0019493623403832,-0.0079856095835566,-0.0100097618997097,0.0368590056896209,-0.0004932295414619,-0.006896608043462,-0.0204786099493503,-0.0286008901894092,-0.0125944586470723,-0.0273182988166809,0.0170917902141809,-0.0343658812344074,-0.026084704324603,0.0016969622811302,0.0226628184318542,-0.0300963744521141,0.0027700986247509,0.0068654613569378,-0.001255631330423,-0.0091484719887375,0.0118179833516478,0.0205889530479908,-0.0047217304818332,0.0062636025249958,0.0024969361256808,0.0050847236998379,-0.0194272119551897,0.0087933717295527,0.0030480758287012,-0.0021935207769274,0.0088629638776183,-0.0354960523545742,0.0027610594406723,0.0018841694109141,0.0077596385963261,-0.0143918925896287,-0.0079483287408947,-0.0004639592661987,0.0175263099372386,0.018912510946393,0.0140255829319357,0.0023696320131421,-0.0016986094415187,0.0064393146894872,-0.0024306871928274,0.0002377137279836,-0.0060916179791092,0.0223571844398975,-0.0071096080355346,-0.0110550122335553,-0.0192592293024063,-0.0144481426104903,-0.0176233816891908,-0.0156213147565722,-0.0048692626878619,0.0372430719435215,-0.0015452322550117,0.0087825516238808,-0.0451379939913749,-0.0014615727122873,0.0297136269509792,-0.0055716945789754,-0.0207239538431167,-0.0053012343123555,0.0077684726566076,0.0021733918692916,-0.0066454014740884,0.0344741716980934,0.0206047762185335,-0.0108723109588027,-0.0427099056541919,-0.0094867283478379,-0.0429553234654087,-0.0863809435391803,-0.0272459627964506,-0.0880179243864239,-0.0193912814698893,-0.0521414817073965,-0.0002455101865456,-0.0580614962988729,-0.0342179298276057,0.0205513684454079,-0.06033349924365,0.0097769045108841,2019-02-06,2019-02-07,2019-02-08,2019-02-11,2019-02-12,2019-02-13,2019-02-14,2019-02-15,2019-02-19,2019-02-20,51423.0,2019-02-05,252.0,0.0491%,0.0021,0.7638,0.9465,0.5104,1.5010%,1.7419%,25.7390%,0.000963,MCS,51423.0,2019-02-06,252.0,-4.2710%,0.0019,0.7512,0.9513,0.4921,1.5248%,1.7507%,24.1466%,-0.041392,MCS,51423.0,2019-02-07,252.0,-0.0256%,0.002,0.7552,0.9444,0.4938,1.5240%,1.7507%,24.2273%,0.005947,MCS,51423.0,2019-02-08,252.0,1.6414%,0.0021,0.7518,0.96,0.4896,1.5216%,1.7493%,24.3476%,0.01857,MCS,51423.0,2019-02-11,252.0,-1.4888%,0.002,0.7454,0.9313,0.4707,1.5300%,1.7488%,23.4557%,-0.023502,MCS,51423.0,2019-02-12,252.0,2.3309%,0.002,0.7462,0.9388,0.4698,1.5307%,1.7515%,23.6227%,0.013686,MCS,51423.0,2019-02-13,252.0,-0.1752%,0.002,0.7454,0.9374,0.4679,1.5313%,1.7515%,23.5614%,-0.004834,MCS,51423.0,2019-02-14,252.0,1.9057%,0.0021,0.7413,0.9462,0.4588,1.5345%,1.7543%,23.4866%,0.018362,MCS,51423.0,2019-02-15,252.0,-1.2549%,0.002,0.7329,0.9356,0.4413,1.5425%,1.7566%,22.8894%,-0.0255929999999999,MCS,51423.0,2019-02-19,252.0,-1.3456%,0.0019,0.7301,0.9206,0.4246,1.5478%,1.7593%,22.5979%,-0.018986,MCS,51423.0,2019-02-20,252.0,2.8795%,0.002,0.7364,0.9363,0.4473,1.5532%,1.7674%,22.7675%,0.022947,MCS,-0.040429,-0.034482,-0.015912,-0.025728,-0.033832
34683,M D U RESOURCES GROUP INC,MDU Resources Sees FY19 EPS $1.35-$1.55,6,uncertain,0.6,0.3,"the forecasted eps range of $1.35-$1.55 is positive, but without context on market expectations or previous performance, the impact on stock price is uncertain.",1,2019-02-05,MDU,2019-02-05 22:06:00+00:00,23835.0,55269010,0.0034992285072803,919981.0,-0.0220844522118568,0.0066536236554384,0.0206022374331951,-0.0062232539057731,0.0031055870931595,0.0142011316493153,-0.0030959723517298,0.0103627033531665,0.0069875894114375,0.0011971542844548,0.0115651208907365,-0.0075247734785079,0.0003811062779277,-0.0059054968878626,0.0,0.0083366045728325,0.0038095384370535,0.0092148017138242,0.0064516155980527,-0.0008006588323041,0.0113121885806322,0.0137987080961465,0.0082028796896338,0.0090089812874794,-0.0103550544008612,0.0,-0.0235426407307386,0.0213299971073865,0.0026789745315909,-0.0156443417072296,0.0083969198167324,-0.001644020085223,0.0068130320869386,0.0116424402222037,0.0022556190378963,-0.009064738638699,-0.0093773445114493,0.0116715589538216,-0.0064369584433734,-0.0111294500529766,0.0038109901361167,0.0129436096176505,-0.0129081299528479,0.0165535360574722,0.0157692246139049,-0.0117449956014752,0.0022718464024364,0.0123142646625638,-0.019928203895688,0.0107296137139201,-0.0019424722995609,0.0043102786876261,0.0023355183657258,0.0065076583996415,0.0015534335980191,-0.0572597756981849,-0.0147344339638948,-0.0093192681670188,-0.0086579816415905,-0.0044372975826263,0.0103215649724006,-0.0004031581338495,-0.0039292881265282,-0.0158730763942003,0.0059171444736421,-0.0407308600842952,0.0098039219155907,0.0003808160254266,-0.0023300764150917,0.0026727642398327,-0.0042818454094231,0.0147058935835957,0.0097732599824666,-0.0015354705974459,0.0065814973786473,0.0015378318494185,-0.0123076802119612,0.0073586576618254,0.0,-0.0256603881716728,0.0097352024167776,-0.0119313830509781,0.0119552435353398,0.0132225304841995,-0.0087652262300252,0.0157329179346561,-0.0103806406259536,0.0038520949892699,-0.0038850186392664,0.0050328751094639,0.0042901956476271,-0.0046243094839155,0.0015534335980191,0.0023175501264631,-0.0015510241501033,0.0089633492752909,-0.006601944565773,-0.0168582573533058,-0.0086004426702857,-0.0180586744099855,0.009069382213056,0.0106464140117168,-0.007034009322524,-0.0011394107714295,0.0062967278063297,0.0080397808924317,0.0015643690712749,-0.0121028628200292,-0.0042952210642397,-0.0026405013632029,0.0031372518278658,-0.00075388076948,-0.004691198002547,0.0072133839130401,0.0271013565361499,0.0049599800258874,-0.0267685987055301,0.0115785114467144,0.0188604928553104,-0.0003858112904708,-0.0220844522118568,0.0066536236554384,-0.0019372039067124,0.0003889625602639,0.0011623670309974,0.0145956179181043,0.0050368490485177,0.0263367856453657,0.027508756848166,0.029623689242445,-0.0163435036648921,0.037515058150582,0.0125531048572835,-4.378532274074143e-05,2019-02-06,2019-02-07,2019-02-08,2019-02-11,2019-02-12,2019-02-13,2019-02-14,2019-02-15,2019-02-19,2019-02-20,23835.0,2019-02-05,252.0,0.3499%,0.0002,0.3474,-0.0703,0.1519,1.1347%,1.1934%,9.6039%,0.0027939999999999,MDU,23835.0,2019-02-06,252.0,-2.2084%,0.0001,0.3347,-0.0658,0.1364,1.1417%,1.1926%,8.3476%,-0.021533,MDU,23835.0,2019-02-07,252.0,2.0602%,0.0002,0.3327,-0.0731,0.1426,1.1499%,1.1994%,8.0822%,0.022997,MDU,23835.0,2019-02-08,252.0,0.3106%,0.0002,0.3327,-0.0938,0.129,1.1419%,1.1926%,8.3278%,0.003727,MDU,23835.0,2019-02-11,252.0,-0.3096%,0.0001,0.342,-0.1074,0.1265,1.1410%,1.1924%,8.4273%,-0.003339,MDU,23835.0,2019-02-12,252.0,0.6988%,-0.0,0.3218,-0.0799,0.1113,1.1176%,1.1637%,7.7644%,0.002474,MDU,23835.0,2019-02-13,252.0,1.1565%,0.0,0.3222,-0.0763,0.1145,1.1195%,1.1651%,7.6797%,0.0105339999999999,MDU,23835.0,2019-02-14,252.0,0.0381%,0.0,0.3215,-0.0753,0.1139,1.1193%,1.1648%,7.6567%,0.002018,MDU,23835.0,2019-02-15,252.0,0.0000%,-0.0,0.3142,-0.0823,0.1015,1.1190%,1.1628%,7.3883%,-0.004091,MDU,23835.0,2019-02-19,252.0,0.3810%,-0.0,0.3129,-0.0776,0.1068,1.1185%,1.1615%,7.2666%,0.003047,MDU,23835.0,2019-02-20,252.0,0.6452%,-0.0,0.3141,-0.076,0.111,1.1189%,1.1621%,7.2952%,0.00534,MDU,-0.018739,0.0042579999999999,0.0079849999999999,0.0071199999999999,0.0239679999999999
34691,M D U RESOURCES GROUP INC,"MDU Resources Sees FY19 EPS $1.35-$1.55 vs $1.55 Est., Sees Construction Services Sales $1.35B-$1.50B, Sees Construction Materials Sales $2.00-$2.15B",6,decrease,0.7,0.5,"the projected fy19 eps is below the analyst estimate, which may lead to a negative reaction in the stock price.",0,2019-02-05,MDU,2019-02-05 21:22:00+00:00,23835.0,55269010,0.0034992285072803,919981.0,-0.0220844522118568,0.0066536236554384,0.0206022374331951,-0.0062232539057731,0.0031055870931595,0.0142011316493153,-0.0030959723517298,0.0103627033531665,0.0069875894114375,0.0011971542844548,0.0115651208907365,-0.0075247734785079,0.0003811062779277,-0.0059054968878626,0.0,0.0083366045728325,0.0038095384370535,0.0092148017138242,0.0064516155980527,-0.0008006588323041,0.0113121885806322,0.0137987080961465,0.0082028796896338,0.0090089812874794,-0.0103550544008612,0.0,-0.0235426407307386,0.0213299971073865,0.0026789745315909,-0.0156443417072296,0.0083969198167324,-0.001644020085223,0.0068130320869386,0.0116424402222037,0.0022556190378963,-0.009064738638699,-0.0093773445114493,0.0116715589538216,-0.0064369584433734,-0.0111294500529766,0.0038109901361167,0.0129436096176505,-0.0129081299528479,0.0165535360574722,0.0157692246139049,-0.0117449956014752,0.0022718464024364,0.0123142646625638,-0.019928203895688,0.0107296137139201,-0.0019424722995609,0.0043102786876261,0.0023355183657258,0.0065076583996415,0.0015534335980191,-0.0572597756981849,-0.0147344339638948,-0.0093192681670188,-0.0086579816415905,-0.0044372975826263,0.0103215649724006,-0.0004031581338495,-0.0039292881265282,-0.0158730763942003,0.0059171444736421,-0.0407308600842952,0.0098039219155907,0.0003808160254266,-0.0023300764150917,0.0026727642398327,-0.0042818454094231,0.0147058935835957,0.0097732599824666,-0.0015354705974459,0.0065814973786473,0.0015378318494185,-0.0123076802119612,0.0073586576618254,0.0,-0.0256603881716728,0.0097352024167776,-0.0119313830509781,0.0119552435353398,0.0132225304841995,-0.0087652262300252,0.0157329179346561,-0.0103806406259536,0.0038520949892699,-0.0038850186392664,0.0050328751094639,0.0042901956476271,-0.0046243094839155,0.0015534335980191,0.0023175501264631,-0.0015510241501033,0.0089633492752909,-0.006601944565773,-0.0168582573533058,-0.0086004426702857,-0.0180586744099855,0.009069382213056,0.0106464140117168,-0.007034009322524,-0.0011394107714295,0.0062967278063297,0.0080397808924317,0.0015643690712749,-0.0121028628200292,-0.0042952210642397,-0.0026405013632029,0.0031372518278658,-0.00075388076948,-0.004691198002547,0.0072133839130401,0.0271013565361499,0.0049599800258874,-0.0267685987055301,0.0115785114467144,0.0188604928553104,-0.0003858112904708,-0.0220844522118568,0.0066536236554384,-0.0019372039067124,0.0003889625602639,0.0011623670309974,0.0145956179181043,0.0050368490485177,0.0263367856453657,0.027508756848166,0.029623689242445,-0.0163435036648921,0.037515058150582,0.0125531048572835,-4.378532274074143e-05,2019-02-06,2019-02-07,2019-02-08,2019-02-11,2019-02-12,2019-02-13,2019-02-14,2019-02-15,2019-02-19,2019-02-20,23835.0,2019-02-05,252.0,0.3499%,0.0002,0.3474,-0.0703,0.1519,1.1347%,1.1934%,9.6039%,0.0027939999999999,MDU,23835.0,2019-02-06,252.0,-2.2084%,0.0001,0.3347,-0.0658,0.1364,1.1417%,1.1926%,8.3476%,-0.021533,MDU,23835.0,2019-02-07,252.0,2.0602%,0.0002,0.3327,-0.0731,0.1426,1.1499%,1.1994%,8.0822%,0.022997,MDU,23835.0,2019-02-08,252.0,0.3106%,0.0002,0.3327,-0.0938,0.129,1.1419%,1.1926%,8.3278%,0.003727,MDU,23835.0,2019-02-11,252.0,-0.3096%,0.0001,0.342,-0.1074,0.1265,1.1410%,1.1924%,8.4273%,-0.003339,MDU,23835.0,2019-02-12,252.0,0.6988%,-0.0,0.3218,-0.0799,0.1113,1.1176%,1.1637%,7.7644%,0.002474,MDU,23835.0,2019-02-13,252.0,1.1565%,0.0,0.3222,-0.0763,0.1145,1.1195%,1.1651%,7.6797%,0.0105339999999999,MDU,23835.0,2019-02-14,252.0,0.0381%,0.0,0.3215,-0.0753,0.1139,1.1193%,1.1648%,7.6567%,0.002018,MDU,23835.0,2019-02-15,252.0,0.0000%,-0.0,0.3142,-0.0823,0.1015,1.1190%,1.1628%,7.3883%,-0.004091,MDU,23835.0,2019-02-19,252.0,0.3810%,-0.0,0.3129,-0.0776,0.1068,1.1185%,1.1615%,7.2666%,0.003047,MDU,23835.0,2019-02-20,252.0,0.6452%,-0.0,0.3141,-0.076,0.111,1.1189%,1.1621%,7.2952%,0.00534,MDU,-0.018739,0.0042579999999999,0.0079849999999999,0.0071199999999999,0.0239679999999999
34699,M D U RESOURCES GROUP INC,"MDU Resources Group Q4 EPS $0.39 Misses $0.41 Estimate, Sales $1.21B Beat $1.15B Estimate",6,decrease,0.7,0.6,"the earnings per share (eps) miss the estimate, which typically signals weaker performance and can lead to a decrease in stock price, despite the sales beat.",0,2019-02-05,MDU,2019-02-05 21:21:00+00:00,23835.0,55269010,0.0034992285072803,919981.0,-0.0220844522118568,0.0066536236554384,0.0206022374331951,-0.0062232539057731,0.0031055870931595,0.0142011316493153,-0.0030959723517298,0.0103627033531665,0.0069875894114375,0.0011971542844548,0.0115651208907365,-0.0075247734785079,0.0003811062779277,-0.0059054968878626,0.0,0.0083366045728325,0.0038095384370535,0.0092148017138242,0.0064516155980527,-0.0008006588323041,0.0113121885806322,0.0137987080961465,0.0082028796896338,0.0090089812874794,-0.0103550544008612,0.0,-0.0235426407307386,0.0213299971073865,0.0026789745315909,-0.0156443417072296,0.0083969198167324,-0.001644020085223,0.0068130320869386,0.0116424402222037,0.0022556190378963,-0.009064738638699,-0.0093773445114493,0.0116715589538216,-0.0064369584433734,-0.0111294500529766,0.0038109901361167,0.0129436096176505,-0.0129081299528479,0.0165535360574722,0.0157692246139049,-0.0117449956014752,0.0022718464024364,0.0123142646625638,-0.019928203895688,0.0107296137139201,-0.0019424722995609,0.0043102786876261,0.0023355183657258,0.0065076583996415,0.0015534335980191,-0.0572597756981849,-0.0147344339638948,-0.0093192681670188,-0.0086579816415905,-0.0044372975826263,0.0103215649724006,-0.0004031581338495,-0.0039292881265282,-0.0158730763942003,0.0059171444736421,-0.0407308600842952,0.0098039219155907,0.0003808160254266,-0.0023300764150917,0.0026727642398327,-0.0042818454094231,0.0147058935835957,0.0097732599824666,-0.0015354705974459,0.0065814973786473,0.0015378318494185,-0.0123076802119612,0.0073586576618254,0.0,-0.0256603881716728,0.0097352024167776,-0.0119313830509781,0.0119552435353398,0.0132225304841995,-0.0087652262300252,0.0157329179346561,-0.0103806406259536,0.0038520949892699,-0.0038850186392664,0.0050328751094639,0.0042901956476271,-0.0046243094839155,0.0015534335980191,0.0023175501264631,-0.0015510241501033,0.0089633492752909,-0.006601944565773,-0.0168582573533058,-0.0086004426702857,-0.0180586744099855,0.009069382213056,0.0106464140117168,-0.007034009322524,-0.0011394107714295,0.0062967278063297,0.0080397808924317,0.0015643690712749,-0.0121028628200292,-0.0042952210642397,-0.0026405013632029,0.0031372518278658,-0.00075388076948,-0.004691198002547,0.0072133839130401,0.0271013565361499,0.0049599800258874,-0.0267685987055301,0.0115785114467144,0.0188604928553104,-0.0003858112904708,-0.0220844522118568,0.0066536236554384,-0.0019372039067124,0.0003889625602639,0.0011623670309974,0.0145956179181043,0.0050368490485177,0.0263367856453657,0.027508756848166,0.029623689242445,-0.0163435036648921,0.037515058150582,0.0125531048572835,-4.378532274074143e-05,2019-02-06,2019-02-07,2019-02-08,2019-02-11,2019-02-12,2019-02-13,2019-02-14,2019-02-15,2019-02-19,2019-02-20,23835.0,2019-02-05,252.0,0.3499%,0.0002,0.3474,-0.0703,0.1519,1.1347%,1.1934%,9.6039%,0.0027939999999999,MDU,23835.0,2019-02-06,252.0,-2.2084%,0.0001,0.3347,-0.0658,0.1364,1.1417%,1.1926%,8.3476%,-0.021533,MDU,23835.0,2019-02-07,252.0,2.0602%,0.0002,0.3327,-0.0731,0.1426,1.1499%,1.1994%,8.0822%,0.022997,MDU,23835.0,2019-02-08,252.0,0.3106%,0.0002,0.3327,-0.0938,0.129,1.1419%,1.1926%,8.3278%,0.003727,MDU,23835.0,2019-02-11,252.0,-0.3096%,0.0001,0.342,-0.1074,0.1265,1.1410%,1.1924%,8.4273%,-0.003339,MDU,23835.0,2019-02-12,252.0,0.6988%,-0.0,0.3218,-0.0799,0.1113,1.1176%,1.1637%,7.7644%,0.002474,MDU,23835.0,2019-02-13,252.0,1.1565%,0.0,0.3222,-0.0763,0.1145,1.1195%,1.1651%,7.6797%,0.0105339999999999,MDU,23835.0,2019-02-14,252.0,0.0381%,0.0,0.3215,-0.0753,0.1139,1.1193%,1.1648%,7.6567%,0.002018,MDU,23835.0,2019-02-15,252.0,0.0000%,-0.0,0.3142,-0.0823,0.1015,1.1190%,1.1628%,7.3883%,-0.004091,MDU,23835.0,2019-02-19,252.0,0.3810%,-0.0,0.3129,-0.0776,0.1068,1.1185%,1.1615%,7.2666%,0.003047,MDU,23835.0,2019-02-20,252.0,0.6452%,-0.0,0.3141,-0.076,0.111,1.1189%,1.1621%,7.2952%,0.00534,MDU,-0.018739,0.0042579999999999,0.0079849999999999,0.0071199999999999,0.0239679999999999
34707,M I HOMES INC,"M/I Homes shares are trading higher after the company reported Q4 EPS of $1.31, beating the $1.10 consensus estimate and sales of $722.485 million, beating the $684.59 million estimate.",6,increase,0.85,0.7,"the company reported better-than-expected earnings and sales, which typically boosts investor confidence and can lead to an increase in stock price.",2,2019-02-05,MHO,2019-02-05 16:03:00+00:00,79909.0,55305B10,0.1411947011947632,651061.0,-0.0397688671946525,-0.0322822332382202,-0.0205309707671403,0.0056624999269843,-0.0122876819223165,0.0392310731112957,-0.0139041040092706,0.0075099025852978,0.0575138852000236,0.0140279941260814,-0.0126316007226705,-0.0087405368685722,-0.0202558524906635,-0.0031683137640357,-0.0101559227332472,0.0260056629776954,0.0120923379436135,0.0190476607531309,-0.0097755417227745,-0.0210782513022422,0.0073125720955431,-0.0139888236299157,-0.0014518696116283,0.0113177318125963,-0.023627758026123,-0.0056269853375852,-0.0044676410034298,0.0036304253153502,-0.0071054799482226,-0.0083999633789062,-0.0192089769989252,0.0060362019576132,-0.0042242938652634,-0.0193370077759027,0.0084843542426824,0.0140056172385811,-0.0252390000969171,0.0377906896173954,-0.0160847324877977,0.053829301148653,0.0267145168036222,0.0448102205991745,0.0116504561156034,0.0064427657052874,0.0207294020801782,0.0337773114442825,-0.0026325571816414,-0.0186741184443235,-0.0018854126101359,0.0080000031739473,-0.0102001717314124,-0.0216390118002891,-0.0072519285604357,0.0482625514268875,0.0049980455078184,-0.0416281893849372,-0.0175975169986486,-0.0348213762044906,-0.0070093576796352,-0.0106006972491741,0.0360784344375133,-0.0087566003203392,0.0,0.0228392407298088,0.0283875856548547,-0.0079964594915509,-0.0121457464993,-0.0135845514014363,0.03055140376091,-0.011265174485743,-0.0220535285770893,0.0158450976014137,-0.0158964283764362,-0.0227957293391227,0.0015025923494249,-0.0210526324808597,-0.0015003378503024,0.0175664033740758,-0.0097671011462807,0.0259340722113847,0.0197268035262823,-0.036425270140171,0.0189732238650322,0.0029736487194895,0.0098576294258236,-0.0042300540953874,-0.0065076034516096,-0.0174563620239496,0.0189228691160678,0.0255754645913839,0.021071434020996,-0.0055108550004661,-0.0143406735733151,-0.0264135114848613,-0.0024840203113853,0.0197811163961887,0.002134452573955,0.033942587673664,0.0046148085966706,0.0127809168770909,0.0113074770197272,0.0022085311356931,-0.0258561018854379,0.0262919291853904,0.0143472570925951,-0.0491379834711551,-0.0169731769710779,0.0008628325304016,0.0,0.0056399595923721,0.0,-0.025781936943531,-0.0017985337181016,-0.0112829273566603,0.0151351382955908,-0.0299959369003772,0.0141994897276163,0.0016240729019045,0.0164508651942014,-0.012825715355575,-0.0397688671946525,-0.0322822332382202,-0.0594833445119772,-0.0268025314545902,-0.071040114017255,0.0113770495856426,-0.0312712464060525,0.0332665314445421,-0.0703602891657464,0.0449939467265096,-0.1332426943004356,0.1386926434551239,-0.0129163546365844,0.0332665317629539,2019-02-06,2019-02-07,2019-02-08,2019-02-11,2019-02-12,2019-02-13,2019-02-14,2019-02-15,2019-02-19,2019-02-20,79909.0,2019-02-05,252.0,14.1195%,-0.0002,0.7971,0.9876,0.1538,1.9292%,2.1697%,20.9445%,0.139985,MHO,79909.0,2019-02-06,252.0,-3.9769%,-0.0004,0.8247,0.9794,0.1759,1.9415%,2.1830%,20.9059%,-0.038124,MHO,79909.0,2019-02-07,252.0,-2.0531%,-0.0005,0.8261,0.9827,0.1727,1.9428%,2.1857%,20.9850%,-0.012374,MHO,79909.0,2019-02-08,252.0,-1.2288%,-0.0005,0.8279,0.9943,0.1878,1.9434%,2.1865%,21.0041%,-0.012431,MHO,79909.0,2019-02-11,252.0,-1.3904%,-0.0006,0.8277,0.9651,0.1719,1.9480%,2.1850%,20.5187%,-0.022157,MHO,79909.0,2019-02-12,252.0,5.7514%,-0.0004,0.8497,0.9711,0.1821,1.9699%,2.2142%,20.8523%,0.046257,MHO,79909.0,2019-02-13,252.0,-1.2632%,-0.0005,0.8485,0.967,0.1776,1.9722%,2.2155%,20.7548%,-0.015821,MHO,79909.0,2019-02-14,252.0,-2.0256%,-0.0005,0.8541,0.9552,0.1898,1.9767%,2.2190%,20.6453%,-0.022572,MHO,79909.0,2019-02-15,252.0,-1.0156%,-0.0006,0.8429,0.9427,0.1685,1.9816%,2.2187%,20.2295%,-0.023206,MHO,79909.0,2019-02-19,252.0,1.2092%,-0.0006,0.8441,0.948,0.1744,1.9822%,2.2194%,20.2310%,0.0071509999999999,MHO,79909.0,2019-02-20,252.0,-0.9776%,-0.0007,0.8393,0.9325,0.1558,1.9829%,2.2183%,20.0916%,-0.0145239999999999,MHO,0.101861,0.089487,0.077056,0.101156,0.032184
34715,M I HOMES INC,"M/I Homes Earlier Reported Q4 Adj. EPS $1.32 Beat $1.10 Estimate, Sales $722.485M Beat $684.59M Estimate",6,increase,0.85,0.7,"the company reported better-than-expected earnings and sales, which typically leads to positive investor sentiment and an increase in stock price.",2,2019-02-05,MHO,2019-02-05 15:21:00+00:00,79909.0,55305B10,0.1411947011947632,651061.0,-0.0397688671946525,-0.0322822332382202,-0.0205309707671403,0.0056624999269843,-0.0122876819223165,0.0392310731112957,-0.0139041040092706,0.0075099025852978,0.0575138852000236,0.0140279941260814,-0.0126316007226705,-0.0087405368685722,-0.0202558524906635,-0.0031683137640357,-0.0101559227332472,0.0260056629776954,0.0120923379436135,0.0190476607531309,-0.0097755417227745,-0.0210782513022422,0.0073125720955431,-0.0139888236299157,-0.0014518696116283,0.0113177318125963,-0.023627758026123,-0.0056269853375852,-0.0044676410034298,0.0036304253153502,-0.0071054799482226,-0.0083999633789062,-0.0192089769989252,0.0060362019576132,-0.0042242938652634,-0.0193370077759027,0.0084843542426824,0.0140056172385811,-0.0252390000969171,0.0377906896173954,-0.0160847324877977,0.053829301148653,0.0267145168036222,0.0448102205991745,0.0116504561156034,0.0064427657052874,0.0207294020801782,0.0337773114442825,-0.0026325571816414,-0.0186741184443235,-0.0018854126101359,0.0080000031739473,-0.0102001717314124,-0.0216390118002891,-0.0072519285604357,0.0482625514268875,0.0049980455078184,-0.0416281893849372,-0.0175975169986486,-0.0348213762044906,-0.0070093576796352,-0.0106006972491741,0.0360784344375133,-0.0087566003203392,0.0,0.0228392407298088,0.0283875856548547,-0.0079964594915509,-0.0121457464993,-0.0135845514014363,0.03055140376091,-0.011265174485743,-0.0220535285770893,0.0158450976014137,-0.0158964283764362,-0.0227957293391227,0.0015025923494249,-0.0210526324808597,-0.0015003378503024,0.0175664033740758,-0.0097671011462807,0.0259340722113847,0.0197268035262823,-0.036425270140171,0.0189732238650322,0.0029736487194895,0.0098576294258236,-0.0042300540953874,-0.0065076034516096,-0.0174563620239496,0.0189228691160678,0.0255754645913839,0.021071434020996,-0.0055108550004661,-0.0143406735733151,-0.0264135114848613,-0.0024840203113853,0.0197811163961887,0.002134452573955,0.033942587673664,0.0046148085966706,0.0127809168770909,0.0113074770197272,0.0022085311356931,-0.0258561018854379,0.0262919291853904,0.0143472570925951,-0.0491379834711551,-0.0169731769710779,0.0008628325304016,0.0,0.0056399595923721,0.0,-0.025781936943531,-0.0017985337181016,-0.0112829273566603,0.0151351382955908,-0.0299959369003772,0.0141994897276163,0.0016240729019045,0.0164508651942014,-0.012825715355575,-0.0397688671946525,-0.0322822332382202,-0.0594833445119772,-0.0268025314545902,-0.071040114017255,0.0113770495856426,-0.0312712464060525,0.0332665314445421,-0.0703602891657464,0.0449939467265096,-0.1332426943004356,0.1386926434551239,-0.0129163546365844,0.0332665317629539,2019-02-06,2019-02-07,2019-02-08,2019-02-11,2019-02-12,2019-02-13,2019-02-14,2019-02-15,2019-02-19,2019-02-20,79909.0,2019-02-05,252.0,14.1195%,-0.0002,0.7971,0.9876,0.1538,1.9292%,2.1697%,20.9445%,0.139985,MHO,79909.0,2019-02-06,252.0,-3.9769%,-0.0004,0.8247,0.9794,0.1759,1.9415%,2.1830%,20.9059%,-0.038124,MHO,79909.0,2019-02-07,252.0,-2.0531%,-0.0005,0.8261,0.9827,0.1727,1.9428%,2.1857%,20.9850%,-0.012374,MHO,79909.0,2019-02-08,252.0,-1.2288%,-0.0005,0.8279,0.9943,0.1878,1.9434%,2.1865%,21.0041%,-0.012431,MHO,79909.0,2019-02-11,252.0,-1.3904%,-0.0006,0.8277,0.9651,0.1719,1.9480%,2.1850%,20.5187%,-0.022157,MHO,79909.0,2019-02-12,252.0,5.7514%,-0.0004,0.8497,0.9711,0.1821,1.9699%,2.2142%,20.8523%,0.046257,MHO,79909.0,2019-02-13,252.0,-1.2632%,-0.0005,0.8485,0.967,0.1776,1.9722%,2.2155%,20.7548%,-0.015821,MHO,79909.0,2019-02-14,252.0,-2.0256%,-0.0005,0.8541,0.9552,0.1898,1.9767%,2.2190%,20.6453%,-0.022572,MHO,79909.0,2019-02-15,252.0,-1.0156%,-0.0006,0.8429,0.9427,0.1685,1.9816%,2.2187%,20.2295%,-0.023206,MHO,79909.0,2019-02-19,252.0,1.2092%,-0.0006,0.8441,0.948,0.1744,1.9822%,2.2194%,20.2310%,0.0071509999999999,MHO,79909.0,2019-02-20,252.0,-0.9776%,-0.0007,0.8393,0.9325,0.1558,1.9829%,2.2183%,20.0916%,-0.0145239999999999,MHO,0.101861,0.089487,0.077056,0.101156,0.032184
34723,MARKEL GROUP INC,Markel Q4 Sales $1.043B,6,increase,0.7,0.6,"the reported q4 sales of $1.043 billion suggest strong financial performance, which is likely to positively influence investor sentiment and increase the stock price.",2,2019-02-05,MKL,2019-02-05 22:09:00+00:00,10933.0,57053510,0.0034725023433566,41614.0,-0.0478862263262271,0.0049137128517031,-0.0052848770283162,0.0064356573857367,0.0053228405304253,0.0017877055797725,0.0020923221018165,0.0195548497140407,0.011400400660932,-0.0031795497052371,-0.0144412266090512,-0.0038411829154938,-0.0063823205418884,-0.0001347746147075,-0.0005740583874285,-0.001393741578795,0.0070013939402997,0.0051497160457074,0.0028420689050108,-0.0310802776366472,-0.0091786161065101,0.0112178502604365,-0.008313562721014,0.0009949082741513,0.0004191446350887,0.0146140502765774,0.010574446991086,0.0097469240427017,-0.0108290370553731,-0.0087475012987852,0.0028242275584489,-0.0022371588274836,0.0013932255096733,0.0020397121552377,-0.0154927317053079,-0.0010188756277784,0.0009589399560354,0.0003942598414141,-0.0177786331623792,0.0103952651843428,-0.0138602275401353,0.0217186957597732,-0.0031441831961274,-0.0144877890124917,0.0118121309205889,-0.0152305355295538,0.0121284062042832,0.0227900389581918,0.0088521670550107,0.0041256323456764,0.0156687535345554,0.0138727454468607,0.0040309824980795,0.0445624627172946,-0.0107456790283322,-0.0207869578152895,-0.0067940251901745,-0.0089984498918056,-0.0033092219382524,-0.0262183230370283,0.0025104065425693,0.0022426962386816,-0.0059069185517728,-0.0194033663719892,0.0012289980659261,-0.0199507176876068,-0.0055289040319621,-0.0118736661970615,-5.10561658302322e-05,0.0020585965830832,0.0015404805308207,-0.0021953172981739,0.0147800417616963,0.0053138951770961,-0.0120954671874642,0.0071453694254159,-0.0055375611409544,-0.0868520438671112,0.0012873794184997,0.0100928265601396,0.0034081905614584,-0.0067819212563335,-0.0005898438976146,6.98831063346006e-05,-0.0023302119225263,0.0250772647559642,-0.0004079302598256,-0.0035353321582078,-0.0004183723358437,0.0233053267002105,0.0062471227720379,-0.0182079542428255,0.0155917089432478,0.0252708047628402,0.0015981376636773,0.0015012155054137,0.0108900349587202,-0.0029659513384103,-0.0013120207004249,-0.0222920104861259,0.0024497504346072,0.0046812738291919,0.0006996531155891,0.0081018721684813,0.0114816026762127,0.0124653978273272,0.0002921064733527,-0.0160606391727924,0.0018977811560034,0.000607214809861,0.0010976890334859,-0.0166846141219139,0.0257819164544343,-0.0078172367066144,0.0135932750999927,0.0032114647328853,-0.009780571796,0.0192233026027679,0.0012345894938334,0.0065528564155101,-0.0478862263262271,0.0049137128517031,-0.0529180305370592,0.0113809932098454,-0.0478768642443668,0.0131890446546825,-0.0350074194490425,0.0297173235729075,-0.0462401265951959,-0.0025275702778778,-0.0760568160621282,0.0549714083298671,-0.0064159970336207,-0.0302616572648508,2019-02-06,2019-02-07,2019-02-08,2019-02-11,2019-02-12,2019-02-13,2019-02-14,2019-02-15,2019-02-19,2019-02-20,10933.0,2019-02-05,252.0,0.3473%,-0.0002,0.7238,-0.1549,0.0061,1.0554%,1.3346%,37.4645%,0.0002,MKL,10933.0,2019-02-06,252.0,-4.7886%,-0.0004,0.7327,-0.1569,0.0085,1.0946%,1.3576%,34.9958%,-0.046414,MKL,10933.0,2019-02-07,252.0,-0.5285%,-0.0003,0.7355,-0.1611,0.0094,1.0941%,1.3572%,35.0148%,0.001192,MKL,10933.0,2019-02-08,252.0,0.5323%,-0.0004,0.7349,-0.1733,-0.0009,1.0919%,1.3566%,35.2213%,0.004706,MKL,10933.0,2019-02-11,252.0,0.2092%,-0.0003,0.7184,-0.1543,0.0008,1.0888%,1.3313%,33.1133%,0.00211,MKL,10933.0,2019-02-12,252.0,1.1400%,-0.0003,0.7105,-0.1429,-0.0053,1.0847%,1.3235%,32.8329%,0.001563,MKL,10933.0,2019-02-13,252.0,-1.4441%,-0.0004,0.7113,-0.1507,-0.0106,1.0885%,1.3264%,32.6539%,-0.0164409999999999,MKL,10933.0,2019-02-14,252.0,-0.6382%,-0.0004,0.7118,-0.153,-0.0073,1.0880%,1.3258%,32.6656%,-0.004266,MKL,10933.0,2019-02-15,252.0,-0.0574%,-0.0005,0.7016,-0.163,-0.0249,1.0884%,1.3219%,32.2097%,-0.0082989999999999,MKL,10933.0,2019-02-19,252.0,0.7001%,-0.0005,0.7005,-0.1556,-0.0164,1.0881%,1.3186%,31.9093%,0.006116,MKL,10933.0,2019-02-20,252.0,0.2842%,-0.0005,0.7013,-0.153,-0.0134,1.0881%,1.3187%,31.9121%,0.001844,MKL,-0.046214,-0.045022,-0.040316,-0.0366429999999999,-0.0576889999999999
34731,3M CO,3M Raises Qtr. Dividend From $1.36 To $1.44/Share,6,increase,0.8,0.6,"raising the dividend typically signals financial strength and can attract investors, likely leading to an increase in stock price.",2,2019-02-05,MMM,2019-02-05 22:02:00+00:00,22592.0,88579Y10,0.004545169416815,2036879.0,0.0072096870280802,0.005272158421576,-0.0134768765419721,-0.0056914598681032,-0.0001000250922515,0.0051688603125512,0.0054548908956348,0.0117796771228313,0.0281718354672193,0.0194099377840757,0.0152490381151437,-0.0137825272977352,-0.0159737188369035,0.0175565630197525,0.0191773194819688,0.0011961671989411,-0.0021545386407524,0.0001560323580633,0.0005757646868005,-0.0183805078268051,-0.0036445332225412,0.0216472465544939,0.0076045715250074,0.0117691103368997,0.0058753076009452,0.002858014544472,-0.0056985323317348,-0.0168080125004053,-0.0016716310055926,-0.000208150173421,-0.0078457612544298,-0.0071797487325966,0.0004822127521038,0.0067602861672639,-0.003036314388737,0.0032346118241548,-0.014599266462028,0.0041910507716238,-0.0051020081155002,-0.0022998244967311,-0.0144970528781414,0.0411406904458999,0.0051536015234887,-0.037653848528862,0.0309124737977981,0.0021517984569072,-0.0062771751545369,0.0061783716082572,0.0041788173839449,-0.0069743148051202,0.0034839892759919,0.0238376595079898,0.0033754312898963,0.0427723638713359,0.0019704136066138,-0.0279183946549892,0.0025420824531465,-0.0193724241107702,-0.0034446523059159,-0.0135818161070346,0.0062889945693314,-0.0236430447548627,-0.0236152708530426,0.0090239094570279,-0.0070849061012268,-0.0167261529713869,0.0198316946625709,-0.0298322793096303,-0.0003860346914734,0.0116110676899552,0.006613221950829,0.0119010973721742,-0.0035966048017144,-0.0043364288285374,0.0200211945921182,0.0004035604652017,0.0008964916341938,-0.0219063907861709,0.0047140903770923,0.0023738660383969,0.0089147184044122,-0.031423632055521,0.0017672179965302,0.0040399977006018,-0.0018104980699718,0.0164255015552043,-0.0142312226817011,0.0010766430059447,0.0007076518959365,0.0181872230023145,0.0066946307197213,0.0041529163718223,0.0182175785303115,0.0155487675219774,-0.0073130177333951,-0.0095123024657368,0.0049575688317418,-0.0022941103670746,0.0034117358736693,-0.0246619675308466,0.0056975074112415,-0.0163636282086372,-0.0015534155536443,0.0199599638581275,0.0043928194791078,0.0345855094492435,-0.0019134313333779,-0.0015627240063622,-0.1294504255056381,0.0067499079741537,0.0049811080098152,-0.0201890245079994,-0.0076172142289578,-0.0145538346841931,-0.0036802070681005,0.013810989446938,-0.0181520096957683,0.0306707117706537,-0.0070941434241831,0.010608036071062,0.0072096870280802,0.005272158421576,-0.0063643535758756,-0.0004493077246019,-0.0064637420730736,0.0047172301790834,0.0270983107816467,0.0362836950394906,0.0441293781694491,0.0222097713155402,0.0429777687204557,0.0539587248176411,-0.0749393113302844,0.0431069099910317,2019-02-06,2019-02-07,2019-02-08,2019-02-11,2019-02-12,2019-02-13,2019-02-14,2019-02-15,2019-02-19,2019-02-20,22592.0,2019-02-05,252.0,0.4545%,-0.0006,1.1297,-0.245,0.2016,0.9198%,1.5431%,64.4732%,0.000575,MMM,22592.0,2019-02-06,252.0,0.7210%,-0.0005,1.117,-0.2411,0.1905,0.9208%,1.5036%,62.4957%,0.009429,MMM,22592.0,2019-02-07,252.0,-1.3477%,-0.0005,1.1237,-0.248,0.1904,0.9190%,1.5046%,62.6889%,-0.004245,MMM,22592.0,2019-02-08,252.0,-0.0100%,-0.0005,1.1236,-0.2515,0.188,0.9187%,1.5045%,62.7111%,0.000226,MMM,22592.0,2019-02-11,252.0,0.5455%,-0.0004,1.1229,-0.2434,0.192,0.9193%,1.4793%,61.3773%,0.00501,MMM,22592.0,2019-02-12,252.0,2.8172%,-0.0004,1.1337,-0.2473,0.1982,0.9224%,1.4885%,61.5991%,0.013176,MMM,22592.0,2019-02-13,252.0,1.5249%,-0.0003,1.1347,-0.2439,0.2018,0.9256%,1.4875%,61.2761%,0.011984,MMM,22592.0,2019-02-14,252.0,-1.5974%,-0.0004,1.1368,-0.2501,0.2094,0.9271%,1.4895%,61.2597%,-0.011252,MMM,22592.0,2019-02-15,252.0,1.9177%,-0.0003,1.153,-0.2348,0.2367,0.9232%,1.4944%,61.8380%,0.005852,MMM,22592.0,2019-02-19,252.0,-0.2155%,-0.0003,1.1504,-0.2348,0.2368,0.9229%,1.4899%,61.6350%,-0.004474,MMM,22592.0,2019-02-20,252.0,0.0576%,-0.0004,1.149,-0.2414,0.2311,0.9215%,1.4891%,61.7019%,-0.002496,MMM,0.0100039999999999,0.0057589999999999,0.0059849999999999,0.0241709999999999,0.023785
34739,ALTRIA GROUP INC,"GMP Downgrades Cronos On Steep Valuation, Still Thinks It Has 'Bright Outlook'",6,uncertain,0.5,0.5,"the downgrade of cronos may not directly impact altria's stock price, as the news pertains to a different company in the same sector, leading to uncertainty in its effect.",1,2019-02-05,MO,2019-02-05 14:40:00+00:00,13901.0,02209S10,-0.001425365335308,17882103.0,0.0046900394372642,-0.0018292713211849,-0.0111629636958241,-0.0030394673813134,0.0024630322586745,0.0324267633259296,0.0010237353853881,0.0411674901843071,0.0157496519386768,0.0134657975286245,-0.0132903717458248,0.0239601600915193,0.0028571304865181,0.021001610904932,-0.0081399613991379,-0.0306487455964088,0.0051292572170495,-0.0060040126554667,0.0310266707092523,-0.0691368281841278,-0.002771716332063,0.0265618357807397,0.0224340092390775,-0.0029660887084901,0.006601944565773,-0.0148194339126348,0.0050153997726738,-0.0072523513808846,0.004222672432661,-0.0130880000069737,0.0017201864393427,0.0008186842896975,0.0064873145893216,-0.0161095298826694,-0.0054976479150354,0.0122298914939165,0.0080061377957463,0.0057401107624173,0.0338501706719398,-0.0302186980843544,0.0012804740108549,0.0256932768970727,0.0115089006721973,-0.0054755718447268,0.0115585951134562,-0.0016197209479287,-0.0046419985592365,0.01022704038769,0.0068161627277731,0.0039014092180877,0.004810269922018,0.0055750664323568,0.0062056463211774,0.0182926598936319,0.0096916165202856,-0.0148706203326582,-0.0225131046026945,-0.0267644431442022,-0.0051775951869785,-0.0186770986765623,0.0217157043516635,0.0100216576829552,-0.0036887777969241,-0.0278891902416944,0.0112661141902208,-0.0072065442800521,0.0084880553185939,-0.0220697075128555,-0.0128002725541591,0.011063122190535,0.0071048229001462,-0.011492102406919,0.0128747709095478,0.01105697453022,0.0052237375639379,-0.0151347303763032,-0.0180149134248495,-0.0040441397577524,-0.0478038303554058,0.0,0.0114857153967022,-0.0238650292158126,0.0031135894823819,0.0164143294095993,0.0093116359785199,-0.0198426321148872,-0.003075220156461,0.0180163402110338,0.0056250691413879,0.021565344184637,0.0101046804338693,0.0109002413228154,0.0103608760982751,-0.0094937104731798,0.0067184804938733,-0.0123184071853756,-0.0096592772752046,-0.0222901608794927,-0.0037240483798086,-0.0008979748236015,-0.0322178937494754,-0.0193729922175407,0.0044142301194369,-0.0087290508672595,0.0038454327732324,-0.030795257538557,-0.0020065780263394,-0.0150000257417559,-0.0603180266916751,-0.0196078550070524,0.0268430467694997,-0.0350046902894973,0.0136388977989554,-0.029830265790224,0.0153243048116564,0.0,-0.017301719635725,0.0077077229507267,-0.0043079145252704,0.0037135309539735,0.0046900394372642,-0.0018292713211849,-0.00652527899853,-0.004863178691986,-0.0040783187125258,0.0274058874894869,0.0126427191114661,0.0841059945645912,0.0299754776195455,0.0165597006673807,0.1362153376206882,-0.0284811009720623,0.0995210840665021,-0.227354554490322,2019-02-06,2019-02-07,2019-02-08,2019-02-11,2019-02-12,2019-02-13,2019-02-14,2019-02-15,2019-02-19,2019-02-20,13901.0,2019-02-05,252.0,-0.1425%,-0.0009,0.5646,-0.3661,0.338,1.5086%,1.6383%,15.2029%,-0.002238,MO,13901.0,2019-02-06,252.0,0.4690%,-0.0008,0.5295,-0.3549,0.3042,1.5034%,1.6110%,12.9143%,0.005559,MO,13901.0,2019-02-07,252.0,-1.1163%,-0.0009,0.5324,-0.3556,0.3026,1.5040%,1.6115%,12.8930%,-0.007987,MO,13901.0,2019-02-08,252.0,0.2463%,-0.0009,0.5318,-0.3641,0.2944,1.5035%,1.6114%,12.9372%,0.00415,MO,13901.0,2019-02-11,252.0,0.1024%,-0.0008,0.5067,-0.3365,0.2961,1.4984%,1.5913%,11.3371%,0.001905,MO,13901.0,2019-02-12,252.0,1.5750%,-0.0007,0.5173,-0.3427,0.3026,1.4986%,1.5947%,11.6821%,0.0093289999999999,MO,13901.0,2019-02-13,252.0,-1.3290%,-0.0008,0.5089,-0.3343,0.3007,1.4988%,1.5909%,11.2488%,-0.0148449999999999,MO,13901.0,2019-02-14,252.0,0.2857%,-0.0008,0.5067,-0.33,0.2966,1.4994%,1.5908%,11.1588%,0.007308,MO,13901.0,2019-02-15,252.0,-0.8140%,-0.0008,0.5097,-0.3288,0.2994,1.4991%,1.5910%,11.2156%,-0.0145639999999999,MO,13901.0,2019-02-19,252.0,0.5129%,-0.0008,0.5113,-0.3266,0.3018,1.4994%,1.5913%,11.2199%,0.004116,MO,13901.0,2019-02-20,252.0,3.1027%,-0.0007,0.5192,-0.3105,0.3297,1.5108%,1.6038%,11.2517%,0.029014,MO,0.0033209999999999,-0.004666,-0.000516,0.0107179999999999,0.021747
34747,MODEL N INC,"Model N Sees Q2 Adj. EPS $(0.05)-$(0.03), GAAP Sales $34.3M-$34.7M; FY19 Adj. EPS $0.05-$0.17, GAAP Sales $138M-$142M",6,uncertain,0.6,0.3,"the guidance for q2 shows a potential loss in adjusted eps, which could negatively impact sentiment, but the overall sales figures suggest stability, leading to uncertainty in stock price movement.",1,2019-02-05,MODN,2019-02-05 22:00:00+00:00,13816.0,60752510,0.0457296781241893,249930.0,0.0578778497874736,0.0319222807884216,0.0212765019387006,-0.0068918247707188,-0.0011903899721801,0.0097425431013107,-0.0143027268350124,0.0112596657127142,0.0272067002952098,-0.0069881468079984,-0.0035314576234668,-0.0164948292076587,-0.0011813619639724,-0.0075033875182271,0.0141927720978856,0.0034223266411572,-0.0239066965878009,-0.0013670852640643,0.0083631658926606,-0.0061141406185925,0.0130332484841346,-0.0013568184804171,0.0017543145222589,0.0351123586297035,0.0070053031668066,-0.0239890590310096,-0.004637676756829,0.0146036185324192,0.0034944359213113,0.0420289784669876,0.0040626637637615,0.0029069739393889,0.0052023213356733,-0.022032655775547,-0.0097757382318377,0.0210449900478124,0.0023229336366057,0.0154753159731626,-0.003476214595139,0.0256991814821958,-0.0087210182100534,-0.0293470695614814,-0.0123166628181934,0.0066469833254814,0.0059382650069892,0.0234316270798444,-0.0070838746614754,-0.0119492756202817,0.0011890878668054,-0.0081481225788593,-0.0047505893744528,-0.0036900509148836,0.008353185839951,0.0343511290848255,-0.0005917295347899,0.0,0.0319716371595859,-0.0514120198786258,-0.0051635196432471,-0.0100357988849282,0.0144175319001078,-0.0028591824229806,-0.0318362414836883,-0.0140944197773933,0.0229007266461849,0.0085287764668464,0.0103329680860042,0.0049999780021607,0.0,0.0071942722424864,-0.0039772554300725,-0.0466392524540424,0.0005704637151211,-0.005457020830363,-0.0074116908945143,0.0345800817012786,-0.0080413203686475,-0.0301163308322429,-0.0081066181883215,0.0633187666535377,-0.0128429261967539,-0.0014535216614604,0.005322303622961,0.0021850464399904,-0.0035293803084641,0.0029218380805104,0.0053128777071833,-0.0043636667542159,0.0058719008229672,0.0200297087430954,0.0122592533007264,-0.0146199380978941,0.0201845653355121,-0.0029154489748179,0.0073487367480993,-0.003631095867604,0.0016835402930155,0.0154867283999919,-0.0011204738402739,-0.0044052470475435,-0.0011217306600883,-0.0243553109467029,0.0044918544590473,-0.0014305796939879,0.021799961104989,0.0130434306338429,-0.0103939017280936,-0.0036101220175623,0.0105030694976449,-0.0057429950684309,0.0158642772585153,-0.0251924190670251,0.0070005962625145,0.0243727713823318,-0.0085561415180563,0.0394932739436626,-0.0102481404319405,-0.1023411229252815,-0.0141689497977495,-0.0125495726242661,0.0578778497874736,0.0319222807884216,0.0803857899093853,0.0248104532522273,0.0790997094989913,0.0347947132637109,0.092604473438721,0.0391334364528339,0.0855304805474765,0.0101901931635077,0.1151125389849878,0.0659498289396904,0.1633440462004607,-0.017833586455539,2019-02-06,2019-02-07,2019-02-08,2019-02-11,2019-02-12,2019-02-13,2019-02-14,2019-02-15,2019-02-19,2019-02-20,13816.0,2019-02-05,252.0,4.5730%,0.0003,0.3908,0.5488,-0.356,2.5375%,2.6218%,6.3256%,0.042469,MODN,13816.0,2019-02-06,252.0,5.7878%,0.0006,0.3376,0.5649,-0.4005,2.5573%,2.6354%,5.8407%,0.0589419999999999,MODN,13816.0,2019-02-07,252.0,2.1277%,0.0008,0.3478,0.5406,-0.3916,2.5559%,2.6335%,5.8031%,0.026612,MODN,13816.0,2019-02-08,252.0,-0.1190%,-0.0003,0.3561,0.3003,-0.5152,1.9318%,2.0347%,9.8554%,-0.004576,MODN,13816.0,2019-02-11,252.0,-1.4303%,-0.0003,0.3484,0.2867,-0.5266,1.9341%,2.0338%,9.5626%,-0.015698,MODN,13816.0,2019-02-12,252.0,2.7207%,-0.0003,0.3593,0.2886,-0.5213,1.9389%,2.0409%,9.7418%,0.021416,MODN,13816.0,2019-02-13,252.0,-0.3531%,-0.0002,0.369,0.2705,-0.5255,1.9339%,2.0380%,9.9527%,-0.004446,MODN,13816.0,2019-02-14,252.0,-0.1181%,-0.0003,0.3683,0.267,-0.5186,1.9265%,2.0295%,9.8920%,-0.004961,MODN,13816.0,2019-02-15,252.0,1.4193%,-0.0003,0.3769,0.276,-0.5029,1.9279%,2.0313%,9.9200%,0.011752,MODN,13816.0,2019-02-19,252.0,-2.3907%,-0.0004,0.3662,0.2697,-0.5091,1.9300%,2.0304%,9.6422%,-0.024014,MODN,13816.0,2019-02-20,252.0,0.8363%,-0.0002,0.3732,0.305,-0.4789,1.9101%,2.0112%,9.8027%,0.009774,MODN,0.101411,0.128023,0.123447,0.129165,0.11727
34755,MODEL N INC,"Model N Q1 EPS $0.03, Same YoY, Sales $35.077M Beat $34.62M Estimate",6,increase,0.7,0.5,"the earnings per share (eps) met expectations and sales exceeded estimates, which typically signals positive performance and can lead to an increase in stock price.",2,2019-02-05,MODN,2019-02-05 22:00:00+00:00,13816.0,60752510,0.0457296781241893,249930.0,0.0578778497874736,0.0319222807884216,0.0212765019387006,-0.0068918247707188,-0.0011903899721801,0.0097425431013107,-0.0143027268350124,0.0112596657127142,0.0272067002952098,-0.0069881468079984,-0.0035314576234668,-0.0164948292076587,-0.0011813619639724,-0.0075033875182271,0.0141927720978856,0.0034223266411572,-0.0239066965878009,-0.0013670852640643,0.0083631658926606,-0.0061141406185925,0.0130332484841346,-0.0013568184804171,0.0017543145222589,0.0351123586297035,0.0070053031668066,-0.0239890590310096,-0.004637676756829,0.0146036185324192,0.0034944359213113,0.0420289784669876,0.0040626637637615,0.0029069739393889,0.0052023213356733,-0.022032655775547,-0.0097757382318377,0.0210449900478124,0.0023229336366057,0.0154753159731626,-0.003476214595139,0.0256991814821958,-0.0087210182100534,-0.0293470695614814,-0.0123166628181934,0.0066469833254814,0.0059382650069892,0.0234316270798444,-0.0070838746614754,-0.0119492756202817,0.0011890878668054,-0.0081481225788593,-0.0047505893744528,-0.0036900509148836,0.008353185839951,0.0343511290848255,-0.0005917295347899,0.0,0.0319716371595859,-0.0514120198786258,-0.0051635196432471,-0.0100357988849282,0.0144175319001078,-0.0028591824229806,-0.0318362414836883,-0.0140944197773933,0.0229007266461849,0.0085287764668464,0.0103329680860042,0.0049999780021607,0.0,0.0071942722424864,-0.0039772554300725,-0.0466392524540424,0.0005704637151211,-0.005457020830363,-0.0074116908945143,0.0345800817012786,-0.0080413203686475,-0.0301163308322429,-0.0081066181883215,0.0633187666535377,-0.0128429261967539,-0.0014535216614604,0.005322303622961,0.0021850464399904,-0.0035293803084641,0.0029218380805104,0.0053128777071833,-0.0043636667542159,0.0058719008229672,0.0200297087430954,0.0122592533007264,-0.0146199380978941,0.0201845653355121,-0.0029154489748179,0.0073487367480993,-0.003631095867604,0.0016835402930155,0.0154867283999919,-0.0011204738402739,-0.0044052470475435,-0.0011217306600883,-0.0243553109467029,0.0044918544590473,-0.0014305796939879,0.021799961104989,0.0130434306338429,-0.0103939017280936,-0.0036101220175623,0.0105030694976449,-0.0057429950684309,0.0158642772585153,-0.0251924190670251,0.0070005962625145,0.0243727713823318,-0.0085561415180563,0.0394932739436626,-0.0102481404319405,-0.1023411229252815,-0.0141689497977495,-0.0125495726242661,0.0578778497874736,0.0319222807884216,0.0803857899093853,0.0248104532522273,0.0790997094989913,0.0347947132637109,0.092604473438721,0.0391334364528339,0.0855304805474765,0.0101901931635077,0.1151125389849878,0.0659498289396904,0.1633440462004607,-0.017833586455539,2019-02-06,2019-02-07,2019-02-08,2019-02-11,2019-02-12,2019-02-13,2019-02-14,2019-02-15,2019-02-19,2019-02-20,13816.0,2019-02-05,252.0,4.5730%,0.0003,0.3908,0.5488,-0.356,2.5375%,2.6218%,6.3256%,0.042469,MODN,13816.0,2019-02-06,252.0,5.7878%,0.0006,0.3376,0.5649,-0.4005,2.5573%,2.6354%,5.8407%,0.0589419999999999,MODN,13816.0,2019-02-07,252.0,2.1277%,0.0008,0.3478,0.5406,-0.3916,2.5559%,2.6335%,5.8031%,0.026612,MODN,13816.0,2019-02-08,252.0,-0.1190%,-0.0003,0.3561,0.3003,-0.5152,1.9318%,2.0347%,9.8554%,-0.004576,MODN,13816.0,2019-02-11,252.0,-1.4303%,-0.0003,0.3484,0.2867,-0.5266,1.9341%,2.0338%,9.5626%,-0.015698,MODN,13816.0,2019-02-12,252.0,2.7207%,-0.0003,0.3593,0.2886,-0.5213,1.9389%,2.0409%,9.7418%,0.021416,MODN,13816.0,2019-02-13,252.0,-0.3531%,-0.0002,0.369,0.2705,-0.5255,1.9339%,2.0380%,9.9527%,-0.004446,MODN,13816.0,2019-02-14,252.0,-0.1181%,-0.0003,0.3683,0.267,-0.5186,1.9265%,2.0295%,9.8920%,-0.004961,MODN,13816.0,2019-02-15,252.0,1.4193%,-0.0003,0.3769,0.276,-0.5029,1.9279%,2.0313%,9.9200%,0.011752,MODN,13816.0,2019-02-19,252.0,-2.3907%,-0.0004,0.3662,0.2697,-0.5091,1.9300%,2.0304%,9.6422%,-0.024014,MODN,13816.0,2019-02-20,252.0,0.8363%,-0.0002,0.3732,0.305,-0.4789,1.9101%,2.0112%,9.8027%,0.009774,MODN,0.101411,0.128023,0.123447,0.129165,0.11727
34763,MERCK & CO INC NEW,Merck Says CEO Frazier Plans To Testify At Feb 26 Senate Drug Pricing Hearing,6,uncertain,0.6,0.3,"while ceo frazier's testimony could be seen as a proactive step in addressing drug pricing concerns, the potential outcomes of the hearing and market reactions are unpredictable.",1,2019-02-05,MRK,2019-02-05 17:48:00+00:00,22752.0,58933Y10,0.0036424973513931,12362293.0,0.0031107952818274,0.0054938630200922,-0.0073652886785566,0.0271395482122898,0.0091121708974242,0.0144472876563668,-0.0104488851502537,0.0019117763731628,0.0235953275114297,0.0042513054795563,0.0063678044825792,-0.0004112238530069,-0.0010123285464942,-0.0030067134648561,0.0110209668055176,-0.0300901941955089,-0.0071419584564864,-0.0051430752500891,0.002397809876129,-0.0005272296839393,0.0050359000451862,0.0035714851692318,0.0117749562487006,0.0132689699530601,-0.004828518256545,0.0014765182277187,0.0044787339866161,0.0154013521969318,-0.0014861917588859,-0.020427219569683,0.0083105694502592,0.0056390729732811,0.0044285962358117,-0.0123325856402516,-0.0034292563796043,-0.0076325070112943,0.0040554772131145,0.0074240695685148,-0.0115054445341229,-0.0110134575515985,-0.003838598029688,0.0301187969744205,-0.0080794766545295,-0.0205052979290485,0.0134085165336728,-0.0107316747307777,0.0044515961781144,0.0137986056506633,0.0045549068599939,-0.0001325883204117,0.0053921495564281,0.0186486113816499,0.0009817380923777,0.0400561951100826,-0.0026970850303769,-0.0240054856985807,0.0068838992156088,-0.0080282539129257,0.0020754262804985,-0.0037955644074827,0.0105993552133441,-0.0075340396724641,-0.0079565532505512,-0.0119633320719003,0.000729099032469,-0.0163441412150859,0.0069216722622513,-0.0250601023435592,-0.0075976513326168,0.012818869203329,0.0041316845454275,0.0116716576740145,0.0065351678058505,-0.0040041017346084,0.0015631223795935,0.0091240480542182,-0.0010804797057062,-0.0210539940744638,-0.0003605189267545,0.0020458209328353,-0.0159894432872533,-0.012749332934618,-0.00855219271034,-0.0015124165220186,-0.0024646280799061,0.0183544158935546,-0.0018529203953221,0.008804871700704,0.0002474831999279,0.0116584626957774,-0.0121257528662681,0.0119299292564392,-0.0051352209411561,0.0103120971471071,-0.0113307507708668,-0.0016045293305069,-0.0123519832268357,0.0001337541616521,-0.0469314008951187,-0.0205631926655769,-0.0098754838109016,0.0038127915468066,0.0036889824550598,0.0163014605641365,0.0155186410993337,0.010122824460268,0.0017426927806809,-0.006969632115215,0.0215441305190324,-0.0010711182840168,0.0037988070398569,-0.0022708813194185,0.0019574780017137,-0.0082141328603029,0.0251367595046758,0.0053276708349585,0.0001270758075406,0.0241441056132316,0.0101625435054302,0.0025983972009271,0.0031107952818274,0.0054938630200922,-0.0042774053019998,0.0327825121926874,0.0047957891473149,0.0477034182328004,0.0177575518296442,0.0541690154138099,0.0295528036701084,0.0131804378738991,0.0710820776164653,0.04202258455956,0.0376759408888085,0.0588457917944478,2019-02-06,2019-02-07,2019-02-08,2019-02-11,2019-02-12,2019-02-13,2019-02-14,2019-02-15,2019-02-19,2019-02-20,22752.0,2019-02-05,252.0,0.3642%,0.0012,0.6468,-0.4391,0.0038,0.9678%,1.2333%,38.4297%,0.00045,MRK,22752.0,2019-02-06,252.0,0.3111%,0.0013,0.6314,-0.4342,-0.0109,0.9663%,1.2095%,36.1802%,0.0043869999999999,MRK,22752.0,2019-02-07,252.0,-0.7365%,0.0014,0.6503,-0.4569,-0.009,0.9463%,1.2054%,38.3650%,-0.002115,MRK,22752.0,2019-02-08,252.0,0.9112%,0.0014,0.6494,-0.4687,-0.0207,0.9448%,1.2057%,38.5951%,0.008593,MRK,22752.0,2019-02-11,252.0,-1.0449%,0.0013,0.6553,-0.4874,-0.0277,0.9460%,1.2001%,37.8561%,-0.008317,MRK,22752.0,2019-02-12,252.0,2.3595%,0.0014,0.6685,-0.4946,-0.0197,0.9473%,1.2080%,38.5120%,0.014634,MRK,22752.0,2019-02-13,252.0,0.6368%,0.0014,0.6702,-0.4962,-0.0192,0.9473%,1.2072%,38.4158%,0.004707,MRK,22752.0,2019-02-14,252.0,-0.1012%,0.0015,0.6708,-0.495,-0.0219,0.9439%,1.2052%,38.6632%,0.002764,MRK,22752.0,2019-02-15,252.0,1.1021%,0.0016,0.6815,-0.485,-0.004,0.9418%,1.2066%,39.0826%,0.004684,MRK,22752.0,2019-02-19,252.0,-0.7142%,0.0015,0.6768,-0.4862,-0.0049,0.9415%,1.2024%,38.6896%,-0.007118,MRK,22752.0,2019-02-20,252.0,0.2398%,0.0015,0.6765,-0.4893,-0.0067,0.9409%,1.2022%,38.7451%,0.002109,MRK,0.0048369999999999,0.0027219999999999,0.0113149999999999,0.017632,0.024778
34771,MERCK & CO INC NEW,Codexis shares are trading higher after the company reported a multi-year agreement with Merck to perform technology upgrades.,6,increase,0.7,0.5,"the multi-year agreement with codexis for technology upgrades suggests a positive development for merck, potentially enhancing its operational efficiency and future growth prospects.",2,2019-02-05,MRK,2019-02-05 13:39:00+00:00,22752.0,58933Y10,0.0036424973513931,12362293.0,0.0031107952818274,0.0054938630200922,-0.0073652886785566,0.0271395482122898,0.0091121708974242,0.0144472876563668,-0.0104488851502537,0.0019117763731628,0.0235953275114297,0.0042513054795563,0.0063678044825792,-0.0004112238530069,-0.0010123285464942,-0.0030067134648561,0.0110209668055176,-0.0300901941955089,-0.0071419584564864,-0.0051430752500891,0.002397809876129,-0.0005272296839393,0.0050359000451862,0.0035714851692318,0.0117749562487006,0.0132689699530601,-0.004828518256545,0.0014765182277187,0.0044787339866161,0.0154013521969318,-0.0014861917588859,-0.020427219569683,0.0083105694502592,0.0056390729732811,0.0044285962358117,-0.0123325856402516,-0.0034292563796043,-0.0076325070112943,0.0040554772131145,0.0074240695685148,-0.0115054445341229,-0.0110134575515985,-0.003838598029688,0.0301187969744205,-0.0080794766545295,-0.0205052979290485,0.0134085165336728,-0.0107316747307777,0.0044515961781144,0.0137986056506633,0.0045549068599939,-0.0001325883204117,0.0053921495564281,0.0186486113816499,0.0009817380923777,0.0400561951100826,-0.0026970850303769,-0.0240054856985807,0.0068838992156088,-0.0080282539129257,0.0020754262804985,-0.0037955644074827,0.0105993552133441,-0.0075340396724641,-0.0079565532505512,-0.0119633320719003,0.000729099032469,-0.0163441412150859,0.0069216722622513,-0.0250601023435592,-0.0075976513326168,0.012818869203329,0.0041316845454275,0.0116716576740145,0.0065351678058505,-0.0040041017346084,0.0015631223795935,0.0091240480542182,-0.0010804797057062,-0.0210539940744638,-0.0003605189267545,0.0020458209328353,-0.0159894432872533,-0.012749332934618,-0.00855219271034,-0.0015124165220186,-0.0024646280799061,0.0183544158935546,-0.0018529203953221,0.008804871700704,0.0002474831999279,0.0116584626957774,-0.0121257528662681,0.0119299292564392,-0.0051352209411561,0.0103120971471071,-0.0113307507708668,-0.0016045293305069,-0.0123519832268357,0.0001337541616521,-0.0469314008951187,-0.0205631926655769,-0.0098754838109016,0.0038127915468066,0.0036889824550598,0.0163014605641365,0.0155186410993337,0.010122824460268,0.0017426927806809,-0.006969632115215,0.0215441305190324,-0.0010711182840168,0.0037988070398569,-0.0022708813194185,0.0019574780017137,-0.0082141328603029,0.0251367595046758,0.0053276708349585,0.0001270758075406,0.0241441056132316,0.0101625435054302,0.0025983972009271,0.0031107952818274,0.0054938630200922,-0.0042774053019998,0.0327825121926874,0.0047957891473149,0.0477034182328004,0.0177575518296442,0.0541690154138099,0.0295528036701084,0.0131804378738991,0.0710820776164653,0.04202258455956,0.0376759408888085,0.0588457917944478,2019-02-06,2019-02-07,2019-02-08,2019-02-11,2019-02-12,2019-02-13,2019-02-14,2019-02-15,2019-02-19,2019-02-20,22752.0,2019-02-05,252.0,0.3642%,0.0012,0.6468,-0.4391,0.0038,0.9678%,1.2333%,38.4297%,0.00045,MRK,22752.0,2019-02-06,252.0,0.3111%,0.0013,0.6314,-0.4342,-0.0109,0.9663%,1.2095%,36.1802%,0.0043869999999999,MRK,22752.0,2019-02-07,252.0,-0.7365%,0.0014,0.6503,-0.4569,-0.009,0.9463%,1.2054%,38.3650%,-0.002115,MRK,22752.0,2019-02-08,252.0,0.9112%,0.0014,0.6494,-0.4687,-0.0207,0.9448%,1.2057%,38.5951%,0.008593,MRK,22752.0,2019-02-11,252.0,-1.0449%,0.0013,0.6553,-0.4874,-0.0277,0.9460%,1.2001%,37.8561%,-0.008317,MRK,22752.0,2019-02-12,252.0,2.3595%,0.0014,0.6685,-0.4946,-0.0197,0.9473%,1.2080%,38.5120%,0.014634,MRK,22752.0,2019-02-13,252.0,0.6368%,0.0014,0.6702,-0.4962,-0.0192,0.9473%,1.2072%,38.4158%,0.004707,MRK,22752.0,2019-02-14,252.0,-0.1012%,0.0015,0.6708,-0.495,-0.0219,0.9439%,1.2052%,38.6632%,0.002764,MRK,22752.0,2019-02-15,252.0,1.1021%,0.0016,0.6815,-0.485,-0.004,0.9418%,1.2066%,39.0826%,0.004684,MRK,22752.0,2019-02-19,252.0,-0.7142%,0.0015,0.6768,-0.4862,-0.0049,0.9415%,1.2024%,38.6896%,-0.007118,MRK,22752.0,2019-02-20,252.0,0.2398%,0.0015,0.6765,-0.4893,-0.0067,0.9409%,1.2022%,38.7451%,0.002109,MRK,0.0048369999999999,0.0027219999999999,0.0113149999999999,0.017632,0.024778
34779,MERCK & CO INC NEW,FDA Accepts For Review New Drug Application For Merck's Investigational Combination Of Imipenem/Cilastatin And Relebactam; Acceps Supplemental NDA For ZERBAXA,6,increase,0.75,0.6,the acceptance of a new drug application by the fda is generally viewed positively and can lead to an increase in stock price due to potential future revenue from the new treatment.,2,2019-02-05,MRK,2019-02-05 11:49:00+00:00,22752.0,58933Y10,0.0036424973513931,12362293.0,0.0031107952818274,0.0054938630200922,-0.0073652886785566,0.0271395482122898,0.0091121708974242,0.0144472876563668,-0.0104488851502537,0.0019117763731628,0.0235953275114297,0.0042513054795563,0.0063678044825792,-0.0004112238530069,-0.0010123285464942,-0.0030067134648561,0.0110209668055176,-0.0300901941955089,-0.0071419584564864,-0.0051430752500891,0.002397809876129,-0.0005272296839393,0.0050359000451862,0.0035714851692318,0.0117749562487006,0.0132689699530601,-0.004828518256545,0.0014765182277187,0.0044787339866161,0.0154013521969318,-0.0014861917588859,-0.020427219569683,0.0083105694502592,0.0056390729732811,0.0044285962358117,-0.0123325856402516,-0.0034292563796043,-0.0076325070112943,0.0040554772131145,0.0074240695685148,-0.0115054445341229,-0.0110134575515985,-0.003838598029688,0.0301187969744205,-0.0080794766545295,-0.0205052979290485,0.0134085165336728,-0.0107316747307777,0.0044515961781144,0.0137986056506633,0.0045549068599939,-0.0001325883204117,0.0053921495564281,0.0186486113816499,0.0009817380923777,0.0400561951100826,-0.0026970850303769,-0.0240054856985807,0.0068838992156088,-0.0080282539129257,0.0020754262804985,-0.0037955644074827,0.0105993552133441,-0.0075340396724641,-0.0079565532505512,-0.0119633320719003,0.000729099032469,-0.0163441412150859,0.0069216722622513,-0.0250601023435592,-0.0075976513326168,0.012818869203329,0.0041316845454275,0.0116716576740145,0.0065351678058505,-0.0040041017346084,0.0015631223795935,0.0091240480542182,-0.0010804797057062,-0.0210539940744638,-0.0003605189267545,0.0020458209328353,-0.0159894432872533,-0.012749332934618,-0.00855219271034,-0.0015124165220186,-0.0024646280799061,0.0183544158935546,-0.0018529203953221,0.008804871700704,0.0002474831999279,0.0116584626957774,-0.0121257528662681,0.0119299292564392,-0.0051352209411561,0.0103120971471071,-0.0113307507708668,-0.0016045293305069,-0.0123519832268357,0.0001337541616521,-0.0469314008951187,-0.0205631926655769,-0.0098754838109016,0.0038127915468066,0.0036889824550598,0.0163014605641365,0.0155186410993337,0.010122824460268,0.0017426927806809,-0.006969632115215,0.0215441305190324,-0.0010711182840168,0.0037988070398569,-0.0022708813194185,0.0019574780017137,-0.0082141328603029,0.0251367595046758,0.0053276708349585,0.0001270758075406,0.0241441056132316,0.0101625435054302,0.0025983972009271,0.0031107952818274,0.0054938630200922,-0.0042774053019998,0.0327825121926874,0.0047957891473149,0.0477034182328004,0.0177575518296442,0.0541690154138099,0.0295528036701084,0.0131804378738991,0.0710820776164653,0.04202258455956,0.0376759408888085,0.0588457917944478,2019-02-06,2019-02-07,2019-02-08,2019-02-11,2019-02-12,2019-02-13,2019-02-14,2019-02-15,2019-02-19,2019-02-20,22752.0,2019-02-05,252.0,0.3642%,0.0012,0.6468,-0.4391,0.0038,0.9678%,1.2333%,38.4297%,0.00045,MRK,22752.0,2019-02-06,252.0,0.3111%,0.0013,0.6314,-0.4342,-0.0109,0.9663%,1.2095%,36.1802%,0.0043869999999999,MRK,22752.0,2019-02-07,252.0,-0.7365%,0.0014,0.6503,-0.4569,-0.009,0.9463%,1.2054%,38.3650%,-0.002115,MRK,22752.0,2019-02-08,252.0,0.9112%,0.0014,0.6494,-0.4687,-0.0207,0.9448%,1.2057%,38.5951%,0.008593,MRK,22752.0,2019-02-11,252.0,-1.0449%,0.0013,0.6553,-0.4874,-0.0277,0.9460%,1.2001%,37.8561%,-0.008317,MRK,22752.0,2019-02-12,252.0,2.3595%,0.0014,0.6685,-0.4946,-0.0197,0.9473%,1.2080%,38.5120%,0.014634,MRK,22752.0,2019-02-13,252.0,0.6368%,0.0014,0.6702,-0.4962,-0.0192,0.9473%,1.2072%,38.4158%,0.004707,MRK,22752.0,2019-02-14,252.0,-0.1012%,0.0015,0.6708,-0.495,-0.0219,0.9439%,1.2052%,38.6632%,0.002764,MRK,22752.0,2019-02-15,252.0,1.1021%,0.0016,0.6815,-0.485,-0.004,0.9418%,1.2066%,39.0826%,0.004684,MRK,22752.0,2019-02-19,252.0,-0.7142%,0.0015,0.6768,-0.4862,-0.0049,0.9415%,1.2024%,38.6896%,-0.007118,MRK,22752.0,2019-02-20,252.0,0.2398%,0.0015,0.6765,-0.4893,-0.0067,0.9409%,1.2022%,38.7451%,0.002109,MRK,0.0048369999999999,0.0027219999999999,0.0113149999999999,0.017632,0.024778
34787,MACOM TECHNOLOGY SOLS HLDS INC,"MACOM Sees Q2 Adj. EPS $0.04-$0.12, Sales $134M-$142M",6,uncertain,0.6,0.3,"the guidance for q2 shows a range of expected earnings and sales, which may lead to mixed investor reactions depending on market expectations and previous performance.",1,2019-02-05,MTSI,2019-02-05 21:49:00+00:00,13326.0,55405Y10,-0.0359598249197006,726949.0,-0.1629182398319244,0.0482261031866073,0.0242463871836662,0.0005546438624151,0.0531029403209686,0.02501424215734,0.0303766727447509,0.0161756612360477,0.0188680198043584,-0.0091585488989949,0.0034721912816166,-0.025111649185419,0.0017301434418186,0.0370370000600814,0.0230281855911016,0.0800000429153442,-0.0196961387991905,0.0,0.0200918707996606,-0.0401919670403003,-0.0033765544649213,0.0084694121032953,0.0338791869580745,0.0141105186194181,0.049153447151184,-0.0174804646521806,0.0031234449706971,0.029156282544136,0.0005189532530494,-0.039332527667284,-0.0098547991365194,0.0213025175034999,0.0230487436056137,0.0192307345569133,-0.015873085707426,0.0453956387937068,-0.0306971985846757,0.0131405917927622,-0.0563606694340705,0.0367847383022308,0.0011376824695616,0.0381895303726196,-0.007386424113065,-0.0490921027958393,0.0475100129842758,0.0248104520142078,-0.0005463563720695,-0.0326666496694088,0.0169491227716207,0.0094212880358099,-0.0021505868062376,-0.0086724562570452,0.042025901377201,0.0776419788599014,-0.0134436516091227,-0.0113717019557952,0.0052411099895834,-0.0336538963019847,-0.0156413521617651,-0.0088495006784796,0.0100635876879096,-0.0667090341448783,-0.0576822459697723,0.0227420032024383,-0.0261546652764082,-0.0109254540875554,0.0171428136527538,-0.0182965267449617,-0.0758426114916801,-0.0136900637298822,0.0018236339092254,0.0056320498697459,0.0139562832191586,0.0056638889946043,0.0371035821735858,0.0159846544265747,-0.0023080790415406,-0.019435703754425,0.0375939607620239,-0.0927190035581588,0.0033444517757743,-0.0308709740638732,-0.0022222730331122,0.0208215489983558,-0.001113505102694,0.0154285980388522,0.0005574263632297,-0.0410958901047706,0.0150417014956474,0.0641399621963501,-0.1130625456571579,-0.0316205248236656,-0.00061882607406,0.0338587239384651,0.0142414579167962,-0.0143843507394194,0.0189256034791469,0.0122305816039443,-0.008388333953917,0.0275284871459007,-0.0084591777995228,-0.072182185947895,-0.012797019444406,0.0163657404482364,0.0006171803106553,-0.0128134507685899,-0.0222084335982799,0.1856010854244232,-0.0940063521265983,0.0167897921055555,-0.0006963283522054,-0.0734287127852439,-0.0209059361368417,0.0126023823395371,-0.0113878892734646,-0.0031407154165208,-0.0215982850641012,-0.0087172724306583,0.0066225277259945,-0.0006222918163985,-0.1629182398319244,0.0482261031866073,-0.1426220313705044,0.048807495361163,-0.097092740269859,0.0750426200265603,-0.0521118506783248,0.0824270520412033,-0.0252330925159675,0.1343731106045527,0.0356554812266673,0.287270274202426,-0.2495885640365391,0.1767268308198082,2019-02-06,2019-02-07,2019-02-08,2019-02-11,2019-02-12,2019-02-13,2019-02-14,2019-02-15,2019-02-19,2019-02-20,13326.0,2019-02-05,252.0,-3.5960%,-0.0014,1.6399,1.5591,-0.6116,4.0690%,4.6338%,22.8930%,-0.045753,MTSI,13326.0,2019-02-06,252.0,-16.2918%,-0.002,1.6291,1.5654,-0.6437,4.1874%,4.7287%,21.5839%,-0.158826,MTSI,13326.0,2019-02-07,252.0,2.4246%,-0.002,1.5914,1.5938,-0.6363,4.1878%,4.7141%,21.0847%,0.043842,MTSI,13326.0,2019-02-08,252.0,5.3103%,-0.0003,1.5728,1.9179,-0.5007,3.4967%,4.1210%,28.0031%,0.046383,MTSI,13326.0,2019-02-11,252.0,3.0377%,-0.0002,1.5419,1.9701,-0.4886,3.4943%,4.1007%,27.3910%,0.016568,MTSI,13326.0,2019-02-12,252.0,1.8868%,-0.0004,1.51,2.0086,-0.5118,3.4791%,4.0852%,27.4730%,-0.003427,MTSI,13326.0,2019-02-13,252.0,0.3472%,-0.0004,1.5109,2.0065,-0.5125,3.4790%,4.0848%,27.4596%,-0.001703,MTSI,13326.0,2019-02-14,252.0,0.1730%,-0.0004,1.5133,2.0023,-0.5088,3.4791%,4.0848%,27.4579%,-0.008603,MTSI,13326.0,2019-02-15,252.0,2.3028%,-0.0003,1.52,2.0086,-0.4975,3.4790%,4.0853%,27.4801%,0.003264,MTSI,13326.0,2019-02-19,252.0,-1.9696%,-0.0005,1.5077,2.0019,-0.5041,3.4803%,4.0796%,27.2207%,-0.027017,MTSI,13326.0,2019-02-20,252.0,2.0092%,-0.0005,1.5122,2.0124,-0.4879,3.4818%,4.0814%,27.2239%,0.015496,MTSI,-0.204579,-0.160737,-0.114354,-0.101213,-0.119776
34795,MACOM TECHNOLOGY SOLS HLDS INC,"M/A-COM Technology Q1 EPS $0.20, Inline, Sales $150.7M Up From $130.925M YoY",6,uncertain,0.6,0.3,"while the eps is inline with expectations and sales have increased year-over-year, the overall market reaction could vary based on investor sentiment and broader market conditions.",1,2019-02-05,MTSI,2019-02-05 21:49:00+00:00,13326.0,55405Y10,-0.0359598249197006,726949.0,-0.1629182398319244,0.0482261031866073,0.0242463871836662,0.0005546438624151,0.0531029403209686,0.02501424215734,0.0303766727447509,0.0161756612360477,0.0188680198043584,-0.0091585488989949,0.0034721912816166,-0.025111649185419,0.0017301434418186,0.0370370000600814,0.0230281855911016,0.0800000429153442,-0.0196961387991905,0.0,0.0200918707996606,-0.0401919670403003,-0.0033765544649213,0.0084694121032953,0.0338791869580745,0.0141105186194181,0.049153447151184,-0.0174804646521806,0.0031234449706971,0.029156282544136,0.0005189532530494,-0.039332527667284,-0.0098547991365194,0.0213025175034999,0.0230487436056137,0.0192307345569133,-0.015873085707426,0.0453956387937068,-0.0306971985846757,0.0131405917927622,-0.0563606694340705,0.0367847383022308,0.0011376824695616,0.0381895303726196,-0.007386424113065,-0.0490921027958393,0.0475100129842758,0.0248104520142078,-0.0005463563720695,-0.0326666496694088,0.0169491227716207,0.0094212880358099,-0.0021505868062376,-0.0086724562570452,0.042025901377201,0.0776419788599014,-0.0134436516091227,-0.0113717019557952,0.0052411099895834,-0.0336538963019847,-0.0156413521617651,-0.0088495006784796,0.0100635876879096,-0.0667090341448783,-0.0576822459697723,0.0227420032024383,-0.0261546652764082,-0.0109254540875554,0.0171428136527538,-0.0182965267449617,-0.0758426114916801,-0.0136900637298822,0.0018236339092254,0.0056320498697459,0.0139562832191586,0.0056638889946043,0.0371035821735858,0.0159846544265747,-0.0023080790415406,-0.019435703754425,0.0375939607620239,-0.0927190035581588,0.0033444517757743,-0.0308709740638732,-0.0022222730331122,0.0208215489983558,-0.001113505102694,0.0154285980388522,0.0005574263632297,-0.0410958901047706,0.0150417014956474,0.0641399621963501,-0.1130625456571579,-0.0316205248236656,-0.00061882607406,0.0338587239384651,0.0142414579167962,-0.0143843507394194,0.0189256034791469,0.0122305816039443,-0.008388333953917,0.0275284871459007,-0.0084591777995228,-0.072182185947895,-0.012797019444406,0.0163657404482364,0.0006171803106553,-0.0128134507685899,-0.0222084335982799,0.1856010854244232,-0.0940063521265983,0.0167897921055555,-0.0006963283522054,-0.0734287127852439,-0.0209059361368417,0.0126023823395371,-0.0113878892734646,-0.0031407154165208,-0.0215982850641012,-0.0087172724306583,0.0066225277259945,-0.0006222918163985,-0.1629182398319244,0.0482261031866073,-0.1426220313705044,0.048807495361163,-0.097092740269859,0.0750426200265603,-0.0521118506783248,0.0824270520412033,-0.0252330925159675,0.1343731106045527,0.0356554812266673,0.287270274202426,-0.2495885640365391,0.1767268308198082,2019-02-06,2019-02-07,2019-02-08,2019-02-11,2019-02-12,2019-02-13,2019-02-14,2019-02-15,2019-02-19,2019-02-20,13326.0,2019-02-05,252.0,-3.5960%,-0.0014,1.6399,1.5591,-0.6116,4.0690%,4.6338%,22.8930%,-0.045753,MTSI,13326.0,2019-02-06,252.0,-16.2918%,-0.002,1.6291,1.5654,-0.6437,4.1874%,4.7287%,21.5839%,-0.158826,MTSI,13326.0,2019-02-07,252.0,2.4246%,-0.002,1.5914,1.5938,-0.6363,4.1878%,4.7141%,21.0847%,0.043842,MTSI,13326.0,2019-02-08,252.0,5.3103%,-0.0003,1.5728,1.9179,-0.5007,3.4967%,4.1210%,28.0031%,0.046383,MTSI,13326.0,2019-02-11,252.0,3.0377%,-0.0002,1.5419,1.9701,-0.4886,3.4943%,4.1007%,27.3910%,0.016568,MTSI,13326.0,2019-02-12,252.0,1.8868%,-0.0004,1.51,2.0086,-0.5118,3.4791%,4.0852%,27.4730%,-0.003427,MTSI,13326.0,2019-02-13,252.0,0.3472%,-0.0004,1.5109,2.0065,-0.5125,3.4790%,4.0848%,27.4596%,-0.001703,MTSI,13326.0,2019-02-14,252.0,0.1730%,-0.0004,1.5133,2.0023,-0.5088,3.4791%,4.0848%,27.4579%,-0.008603,MTSI,13326.0,2019-02-15,252.0,2.3028%,-0.0003,1.52,2.0086,-0.4975,3.4790%,4.0853%,27.4801%,0.003264,MTSI,13326.0,2019-02-19,252.0,-1.9696%,-0.0005,1.5077,2.0019,-0.5041,3.4803%,4.0796%,27.2207%,-0.027017,MTSI,13326.0,2019-02-20,252.0,2.0092%,-0.0005,1.5122,2.0124,-0.4879,3.4818%,4.0814%,27.2239%,0.015496,MTSI,-0.204579,-0.160737,-0.114354,-0.101213,-0.119776
34803,MUELLER WATER PRODUCTS INC,"Mueller Water Products Late Mon. Reported Q1 EPS $0.07, Inline, Sales $192.8M Miss $194.94M Estimate",6,decrease,0.7,0.6,"the company's sales missed estimates, which is likely to negatively impact investor sentiment and lead to a decrease in stock price.",0,2019-02-05,MWA,2019-02-05 12:08:00+00:00,91234.0,62475810,0.0615540482103824,1983107.0,-0.0114069236442446,0.0030364100821316,-0.0240383893251419,0.0,0.0138613255694508,0.0280957818031311,0.0048828311264514,0.0,0.0077745309099555,0.0223404299467802,0.0260366890579462,-0.0198123604059219,0.0028195236809551,0.0169671103358268,0.0140580711886286,0.0085561415180563,0.0073937084525823,0.001070688245818,0.0064220782369375,-0.0400821603834629,-0.010027403011918,0.0167188979685306,0.0009208314004354,-0.003125071292743,0.0027598650194704,0.014799190685153,-0.0321100391447544,-0.003161194268614,0.0018956875428557,-0.0083594489842653,-0.0122989704832434,0.0020941889379173,0.0105364574119448,0.0105820512399077,-0.0047393543645739,0.0139485104009509,-0.0085714431479573,0.0108459247276186,-0.01344854850322,0.0032644926104694,-0.0165530741214752,0.0165928788483142,-0.0049505135975778,-0.0131004247814416,0.036815907806158,0.0065933475270867,-0.0095969652757048,-0.0021929282229393,0.0125969108194112,-0.0108460281044244,-0.0153109906241297,0.0278706792742013,0.0,0.0357968173921108,0.0097182104364037,-0.0377777963876724,-0.0009624859085306,-0.0163934007287025,-0.0134875085204839,0.0032894443720579,0.0087890774011611,-0.0308182742446661,-0.0367860719561576,-0.001061595394276,-0.0010050481650978,-0.0377936549484729,0.003018177812919,-0.0239281933754682,-0.0020060639362782,-0.0137660121545195,0.0,0.0119402864947915,0.0090452414005994,-0.0029761639889329,0.0288844592869281,0.0059879701584577,-0.0048402897082269,-0.0186091661453247,0.0058366167359054,0.0059113716706633,0.0048356084153056,-0.051401887089014,0.011549555696547,0.0161443576216697,-0.0019029930699616,0.0164092741906642,-0.0200190693140029,-0.0207939762622118,0.0272374209016561,0.0047483565285801,0.009469642303884,-0.0168067514896392,0.0121951326727867,0.0278310906141996,0.0009268052526749,-0.004775567445904,0.0222222004085779,0.0019139194628223,-0.0018115493003278,-0.0270018596202135,-0.0027223853394389,-0.024523202329874,-0.0109190074726939,0.0027323029935359,-0.0091995792463421,0.0223463475704193,0.0074280332773923,-0.0146788852289319,-0.0110599845647811,-0.0027448020409792,0.0018639756599441,-0.0310283191502094,0.0037209265865385,-0.0292599108070135,-0.0055607431568205,-0.0025640961248427,-0.0027958746068179,0.0263158064335584,0.0,0.0526315495371818,-0.0114069236442446,0.0030364100821316,-0.035171108897824,0.0030364100821316,-0.0217973015194445,0.031217502200395,-0.0093787015613554,0.0542553445681965,0.0479379013135821,0.018499516447082,-0.0217972995031521,0.086622802849908,0.0221454034150587,-0.0810118308767777,2019-02-06,2019-02-07,2019-02-08,2019-02-11,2019-02-12,2019-02-13,2019-02-14,2019-02-15,2019-02-19,2019-02-20,91234.0,2019-02-05,252.0,6.1554%,-0.0001,1.0271,0.8357,0.4705,1.4130%,1.8081%,38.9238%,0.0608089999999999,MWA,91234.0,2019-02-06,252.0,-1.1407%,-0.0001,1.0517,0.828,0.4935,1.4113%,1.8033%,38.7467%,-0.009493,MWA,91234.0,2019-02-07,252.0,-2.4038%,-0.0002,1.0622,0.821,0.4908,1.4127%,1.8096%,39.0614%,-0.0152059999999999,MWA,91234.0,2019-02-08,252.0,1.3861%,-0.0001,1.0594,0.8193,0.4778,1.4161%,1.8118%,38.9050%,0.015781,MWA,91234.0,2019-02-11,252.0,0.4883%,-0.0002,1.095,0.7812,0.4759,1.4052%,1.8120%,39.8617%,-0.003206,MWA,91234.0,2019-02-12,252.0,0.7775%,-0.0001,1.105,0.7637,0.4842,1.3983%,1.8111%,40.3900%,-0.0065639999999999,MWA,91234.0,2019-02-13,252.0,2.6037%,-0.0001,1.1079,0.7678,0.4903,1.4052%,1.8171%,40.1968%,0.022045,MWA,91234.0,2019-02-14,252.0,0.2820%,-0.0,1.107,0.77,0.4879,1.4055%,1.8172%,40.1783%,0.003897,MWA,91234.0,2019-02-15,252.0,1.4058%,-0.0,1.113,0.7751,0.4972,1.4043%,1.8178%,40.3179%,-0.0028179999999999,MWA,91234.0,2019-02-19,252.0,0.7394%,0.0,1.1145,0.7742,0.4961,1.4041%,1.8180%,40.3518%,0.0014399999999999,MWA,91234.0,2019-02-20,252.0,0.6422%,0.0,1.1146,0.7755,0.4969,1.4041%,1.8184%,40.3838%,-0.000228,MWA,0.0513159999999999,0.0361099999999999,0.0518909999999999,0.0421209999999999,0.0664569999999999
34811,MAXLINEAR INC,MaxLinear Sees Q1 Sales ~$82M-$87M,6,uncertain,0.6,0.2,"the projected sales range of $82m-$87m is relatively broad and does not provide a clear indication of performance compared to market expectations, leading to uncertainty in stock price movement.",1,2019-02-05,MXL,2019-02-05 21:50:00+00:00,93289.0,57776J10,0.0,841368.0,0.1114488765597343,0.0367646440863609,-0.0082042068243026,-0.0295616667717695,-0.0013787080533802,0.0160539299249649,0.0082834931090474,0.0254912134259939,0.0182564873248338,-0.0026482648681849,0.0058270315639674,0.009625582024455,0.0111408196389675,0.058890201151371,0.0096958708018064,0.016110511496663,0.0021824198774993,-0.0085568465292453,0.0104530351236462,-0.0389253906905651,-0.0030173102859407,0.016155932098627,0.0216169487684965,0.0027933600358664,-0.0025391227100044,-0.0110497660934925,0.041578259319067,0.0117384567856788,0.0065173055045306,-0.0584210865199565,0.0174018740653991,0.0106383385136723,0.0234685819596052,0.0352422557771205,0.0023319616448134,0.057043045759201,-0.0155099462717771,-0.01264363899827,-0.0208743121474981,0.0133954305201768,-0.0225262008607387,0.0287597086280584,0.0065843560732901,-0.0538548119366169,0.0245298612862825,0.0022726708557456,-0.0011970782652497,-0.0017015758203342,0.0087894247844815,0.0085812136530876,-0.0186138339340686,0.0300530493259429,0.0238095298409462,0.0514250285923481,-0.0031533276196569,-0.0140501791611313,0.0055357604287564,-0.0404454059898853,-0.0086512472480535,-0.0273661017417907,0.0238000955432653,-0.0341409109532833,-0.0565671883523464,0.012827637605369,0.0,-0.0406634658575058,0.0184804461896419,-0.0084880553185939,-0.000806393160019,-0.0197607465088367,0.0189668796956539,0.0190778318792581,0.0110891358926892,0.0058635720051825,0.0254602264612913,-0.0063558761030435,-0.0080214282497763,-0.0425963588058948,0.0261840708553791,-0.0149850714951753,0.0026266302447766,-0.0356454588472843,-0.0007484487723559,0.0176470894366502,-0.0022472424898296,0.0104011427611112,-0.0052552325651049,-0.0019772124942392,0.0166037939488887,0.0454779900610446,-0.0033407628070563,-0.0242057256400585,0.0216014869511127,0.0536663271486759,-0.0040102298371493,-0.0015915483236312,0.0142752341926097,0.0183684583753347,-0.0021652639843523,-0.0242487657815218,0.0025316346436738,-0.021660653874278,-0.0057720001786947,0.0167802665382623,0.0119738727807998,0.0105987731367349,0.025815749540925,0.0385250821709632,-0.035302348434925,-0.0021965408232063,-0.0021738936193287,-0.0390502177178859,-0.0206972248852253,-0.0272073298692703,-0.0022246744483709,0.0056788176298141,-0.0107766259461641,-0.0353585220873355,-0.0582269392907619,0.0120967626571655,0.1114488765597343,0.0367646440863609,0.1023303201017995,0.0061161531571276,0.10081052841199,0.0222682713762873,0.1301924911072753,0.0455508821516577,0.1752786771119014,0.0822368420819108,0.277102302510162,0.1254275177008319,0.270010134920984,-0.005040341517818,2019-02-06,2019-02-07,2019-02-08,2019-02-11,2019-02-12,2019-02-13,2019-02-14,2019-02-15,2019-02-19,2019-02-20,93289.0,2019-02-05,252.0,0.0000%,-0.0009,0.938,0.8167,-0.4578,2.4838%,2.7999%,21.3088%,-0.006242,MXL,93289.0,2019-02-06,252.0,11.1449%,-0.0006,0.9742,0.8031,-0.4065,2.5819%,2.8873%,20.0356%,0.113815,MXL,93289.0,2019-02-07,252.0,-0.8204%,-0.0005,0.9755,0.7998,-0.4052,2.5819%,2.8872%,20.0329%,0.003385,MXL,93289.0,2019-02-08,252.0,-0.1379%,-0.0005,0.9762,0.8068,-0.3977,2.5818%,2.8869%,20.0223%,-0.005552,MXL,93289.0,2019-02-11,252.0,0.8283%,-0.0005,0.9755,0.8114,-0.3955,2.5818%,2.8800%,19.6328%,0.002407,MXL,93289.0,2019-02-12,252.0,1.8256%,-0.0005,0.9719,0.8194,-0.3988,2.5812%,2.8801%,19.6798%,0.004055,MXL,93289.0,2019-02-13,252.0,0.5827%,-0.0006,0.9648,0.8325,-0.3957,2.5792%,2.8754%,19.5463%,0.002793,MXL,93289.0,2019-02-14,252.0,1.1141%,-0.0006,0.9627,0.8361,-0.3988,2.5792%,2.8754%,19.5463%,0.006443,MXL,93289.0,2019-02-15,252.0,0.9696%,-0.0001,1.0492,0.9137,-0.2584,2.4912%,2.8191%,21.9083%,-0.001459,MXL,93289.0,2019-02-19,252.0,0.2182%,-0.0001,1.0551,0.9039,-0.27,2.4880%,2.8187%,22.0878%,-0.001786,MXL,93289.0,2019-02-20,252.0,1.0453%,0.0,1.0583,0.9156,-0.2575,2.4876%,2.8190%,22.1287%,0.007845,MXL,0.107573,0.110958,0.105406,0.111868,0.125704
34819,MAXLINEAR INC,"MaxLinear Q4 EPS $0.20 Beats $0.19 Estimate, Sales $87.6M Beat $87.03M Estimate",6,increase,0.8,0.6,"the earnings per share and sales both exceeded estimates, which typically signals positive performance and can lead to an increase in stock price.",2,2019-02-05,MXL,2019-02-05 21:50:00+00:00,93289.0,57776J10,0.0,841368.0,0.1114488765597343,0.0367646440863609,-0.0082042068243026,-0.0295616667717695,-0.0013787080533802,0.0160539299249649,0.0082834931090474,0.0254912134259939,0.0182564873248338,-0.0026482648681849,0.0058270315639674,0.009625582024455,0.0111408196389675,0.058890201151371,0.0096958708018064,0.016110511496663,0.0021824198774993,-0.0085568465292453,0.0104530351236462,-0.0389253906905651,-0.0030173102859407,0.016155932098627,0.0216169487684965,0.0027933600358664,-0.0025391227100044,-0.0110497660934925,0.041578259319067,0.0117384567856788,0.0065173055045306,-0.0584210865199565,0.0174018740653991,0.0106383385136723,0.0234685819596052,0.0352422557771205,0.0023319616448134,0.057043045759201,-0.0155099462717771,-0.01264363899827,-0.0208743121474981,0.0133954305201768,-0.0225262008607387,0.0287597086280584,0.0065843560732901,-0.0538548119366169,0.0245298612862825,0.0022726708557456,-0.0011970782652497,-0.0017015758203342,0.0087894247844815,0.0085812136530876,-0.0186138339340686,0.0300530493259429,0.0238095298409462,0.0514250285923481,-0.0031533276196569,-0.0140501791611313,0.0055357604287564,-0.0404454059898853,-0.0086512472480535,-0.0273661017417907,0.0238000955432653,-0.0341409109532833,-0.0565671883523464,0.012827637605369,0.0,-0.0406634658575058,0.0184804461896419,-0.0084880553185939,-0.000806393160019,-0.0197607465088367,0.0189668796956539,0.0190778318792581,0.0110891358926892,0.0058635720051825,0.0254602264612913,-0.0063558761030435,-0.0080214282497763,-0.0425963588058948,0.0261840708553791,-0.0149850714951753,0.0026266302447766,-0.0356454588472843,-0.0007484487723559,0.0176470894366502,-0.0022472424898296,0.0104011427611112,-0.0052552325651049,-0.0019772124942392,0.0166037939488887,0.0454779900610446,-0.0033407628070563,-0.0242057256400585,0.0216014869511127,0.0536663271486759,-0.0040102298371493,-0.0015915483236312,0.0142752341926097,0.0183684583753347,-0.0021652639843523,-0.0242487657815218,0.0025316346436738,-0.021660653874278,-0.0057720001786947,0.0167802665382623,0.0119738727807998,0.0105987731367349,0.025815749540925,0.0385250821709632,-0.035302348434925,-0.0021965408232063,-0.0021738936193287,-0.0390502177178859,-0.0206972248852253,-0.0272073298692703,-0.0022246744483709,0.0056788176298141,-0.0107766259461641,-0.0353585220873355,-0.0582269392907619,0.0120967626571655,0.1114488765597343,0.0367646440863609,0.1023303201017995,0.0061161531571276,0.10081052841199,0.0222682713762873,0.1301924911072753,0.0455508821516577,0.1752786771119014,0.0822368420819108,0.277102302510162,0.1254275177008319,0.270010134920984,-0.005040341517818,2019-02-06,2019-02-07,2019-02-08,2019-02-11,2019-02-12,2019-02-13,2019-02-14,2019-02-15,2019-02-19,2019-02-20,93289.0,2019-02-05,252.0,0.0000%,-0.0009,0.938,0.8167,-0.4578,2.4838%,2.7999%,21.3088%,-0.006242,MXL,93289.0,2019-02-06,252.0,11.1449%,-0.0006,0.9742,0.8031,-0.4065,2.5819%,2.8873%,20.0356%,0.113815,MXL,93289.0,2019-02-07,252.0,-0.8204%,-0.0005,0.9755,0.7998,-0.4052,2.5819%,2.8872%,20.0329%,0.003385,MXL,93289.0,2019-02-08,252.0,-0.1379%,-0.0005,0.9762,0.8068,-0.3977,2.5818%,2.8869%,20.0223%,-0.005552,MXL,93289.0,2019-02-11,252.0,0.8283%,-0.0005,0.9755,0.8114,-0.3955,2.5818%,2.8800%,19.6328%,0.002407,MXL,93289.0,2019-02-12,252.0,1.8256%,-0.0005,0.9719,0.8194,-0.3988,2.5812%,2.8801%,19.6798%,0.004055,MXL,93289.0,2019-02-13,252.0,0.5827%,-0.0006,0.9648,0.8325,-0.3957,2.5792%,2.8754%,19.5463%,0.002793,MXL,93289.0,2019-02-14,252.0,1.1141%,-0.0006,0.9627,0.8361,-0.3988,2.5792%,2.8754%,19.5463%,0.006443,MXL,93289.0,2019-02-15,252.0,0.9696%,-0.0001,1.0492,0.9137,-0.2584,2.4912%,2.8191%,21.9083%,-0.001459,MXL,93289.0,2019-02-19,252.0,0.2182%,-0.0001,1.0551,0.9039,-0.27,2.4880%,2.8187%,22.0878%,-0.001786,MXL,93289.0,2019-02-20,252.0,1.0453%,0.0,1.0583,0.9156,-0.2575,2.4876%,2.8190%,22.1287%,0.007845,MXL,0.107573,0.110958,0.105406,0.111868,0.125704
34827,MYRIAD GENETICS INC,"Myriad Genetics Sees Q3 Adj. EPS $0.42-$0.44 vs $0.42 Est., Sales $216M-$218M vs $215.9M Est., Sees FY19 Adj. EPS $1.70-$1.75 vs $1.74 Est., Sales $855M-$865M vs $863.69M Est.",6,increase,0.75,0.6,"the company reported adjusted eps and sales figures that are in line with or slightly above estimates, which typically signals positive performance and can lead to an increase in stock price.",2,2019-02-05,MYGN,2019-02-05 21:15:00+00:00,82508.0,62855J10,0.0057741524651646,1246024.0,0.0272694043815136,0.0289639346301555,-0.0174641981720924,-0.04469670727849,0.0447920449078083,-0.0245674420148134,-0.0047635044902563,0.0478607565164566,0.0434188172221183,0.0069368579424917,-0.0111402403563261,-0.0111913848668336,0.0241881888359785,-0.0078796315938234,0.0177935697138309,-0.0169013924896717,0.00063574250089,-0.0169608779251575,0.0158831011503934,-0.0262892041355371,-0.0087554343044757,0.0366876050829887,0.0223974473774433,0.0141743989661335,-0.0191298648715019,-0.038173172622919,-0.0424661934375762,0.0145228244364261,0.0144546199589967,-0.0442828871309757,0.004857562482357,-0.0133681073784828,-0.0061231236904859,0.0059035848826169,-0.0132944174110889,0.0531951300799846,-0.0262898821383714,0.0346676632761955,-0.0388120040297508,-0.1066411286592484,0.0143960621207952,0.0693068876862526,0.009691959246993,0.0100000314414501,0.0274254102259874,-0.0024079703725874,0.0640640705823898,0.0164335425943136,0.0194417983293533,0.0042135128751397,0.0501384548842907,-0.0045439028181135,-0.0143526028841733,0.050679437816143,0.0077265473082661,-0.0065669575706124,-0.0153347235172987,-0.0429469123482704,-0.0104821352288126,-0.0151306921616196,0.0145278312265873,-0.0142372911795973,-0.0125298919156193,-0.0499194599688053,0.0018127304501831,-0.0032102852128446,0.0319662652909755,-0.0032000122591853,0.0128579372540116,-0.0015974197303876,0.0011540944688022,0.0165637638419866,-0.0432276651263237,-0.0131410202011466,-0.003012116998434,-0.0098381293937563,-0.0090634217485785,-0.019296633079648,-0.0329268276691436,0.0170940458774566,0.0138713913038373,-0.030684258788824,0.0208333954215049,0.0108560314401984,-0.0003046645142603,0.0059283133596181,-0.00365627463907,0.0194019936025142,0.0192660875618457,0.011583031155169,0.0069006760604679,0.0016113192541524,-0.0256257615983486,0.0104201110079884,0.0168195478618145,0.0006516308058053,-0.0075187971815466,-0.0318612046539783,-0.0287879016250371,-0.0152220530435442,0.0,0.0248328167945146,-0.004056136123836,0.0132258012890815,0.0166040323674678,0.0490694008767604,-0.0123267034068703,-0.0146715752780437,-0.0143525460734963,0.0111260935664176,0.0050648893229663,-0.0385737605392932,0.0028346504550427,-0.0099486354738473,-0.0113065522164106,-0.050578910857439,0.0139771457761526,-0.1049904227256775,0.0394736900925636,-0.042808748781681,0.0272694043815135,0.0289639346301555,0.0093289679272674,-0.0170273651561319,0.0545388763854173,-0.041176488364807,0.0950843006662376,0.0116830853001859,0.147470345566423,-0.066060025681455,0.1855041279029823,-0.0471114421426477,0.1905274275844577,-0.2766902097304565,2019-02-06,2019-02-07,2019-02-08,2019-02-11,2019-02-12,2019-02-13,2019-02-14,2019-02-15,2019-02-19,2019-02-20,82508.0,2019-02-05,252.0,0.5774%,-0.0007,0.8148,0.6238,0.176,2.9079%,3.0519%,9.2141%,0.003793,MYGN,82508.0,2019-02-06,252.0,2.7269%,-0.0005,0.7797,0.6346,0.1454,2.9111%,3.0417%,8.4028%,0.028901,MYGN,82508.0,2019-02-07,252.0,-1.7464%,-0.0006,0.7635,0.6594,0.1403,2.9047%,3.0324%,8.2492%,-0.010055,MYGN,82508.0,2019-02-08,252.0,4.4792%,-0.0002,0.7541,0.6998,0.1276,2.8971%,3.0259%,8.3315%,0.0446429999999999,MYGN,82508.0,2019-02-11,252.0,-0.4764%,-0.0002,0.7333,0.7052,0.1196,2.8964%,3.0176%,7.8727%,-0.010831,MYGN,82508.0,2019-02-12,252.0,4.3419%,-0.0001,0.7484,0.7104,0.1264,2.9040%,3.0293%,8.1017%,0.033408,MYGN,82508.0,2019-02-13,252.0,-1.1140%,-0.0002,0.7457,0.7095,0.1228,2.9053%,3.0297%,8.0477%,-0.013851,MYGN,82508.0,2019-02-14,252.0,2.4188%,-0.0001,0.7409,0.7222,0.1081,2.9084%,3.0334%,8.0687%,0.0226779999999999,MYGN,82508.0,2019-02-15,252.0,1.7794%,-0.0001,0.7405,0.7226,0.1086,2.9085%,3.0329%,8.0345%,0.006998,MYGN,82508.0,2019-02-19,252.0,0.0636%,-0.0,0.7452,0.7132,0.0976,2.9066%,3.0323%,8.1159%,-0.003293,MYGN,82508.0,2019-02-20,252.0,1.5883%,0.0001,0.7505,0.7338,0.1188,2.9048%,3.0319%,8.2058%,0.012261,MYGN,0.032694,0.022639,0.067282,0.089859,0.1146519999999999
34835,MYRIAD GENETICS INC,"Myriad Genetics Q2 EPS $0.38 Misses $0.41 Estimate, Sales $216.8M Beat $216.73M Estimate",6,uncertain,0.6,0.2,"while myriad genetics missed eps estimates, it beat sales expectations, leading to mixed signals that could result in an uncertain market reaction.",1,2019-02-05,MYGN,2019-02-05 21:09:00+00:00,82508.0,62855J10,0.0057741524651646,1246024.0,0.0272694043815136,0.0289639346301555,-0.0174641981720924,-0.04469670727849,0.0447920449078083,-0.0245674420148134,-0.0047635044902563,0.0478607565164566,0.0434188172221183,0.0069368579424917,-0.0111402403563261,-0.0111913848668336,0.0241881888359785,-0.0078796315938234,0.0177935697138309,-0.0169013924896717,0.00063574250089,-0.0169608779251575,0.0158831011503934,-0.0262892041355371,-0.0087554343044757,0.0366876050829887,0.0223974473774433,0.0141743989661335,-0.0191298648715019,-0.038173172622919,-0.0424661934375762,0.0145228244364261,0.0144546199589967,-0.0442828871309757,0.004857562482357,-0.0133681073784828,-0.0061231236904859,0.0059035848826169,-0.0132944174110889,0.0531951300799846,-0.0262898821383714,0.0346676632761955,-0.0388120040297508,-0.1066411286592484,0.0143960621207952,0.0693068876862526,0.009691959246993,0.0100000314414501,0.0274254102259874,-0.0024079703725874,0.0640640705823898,0.0164335425943136,0.0194417983293533,0.0042135128751397,0.0501384548842907,-0.0045439028181135,-0.0143526028841733,0.050679437816143,0.0077265473082661,-0.0065669575706124,-0.0153347235172987,-0.0429469123482704,-0.0104821352288126,-0.0151306921616196,0.0145278312265873,-0.0142372911795973,-0.0125298919156193,-0.0499194599688053,0.0018127304501831,-0.0032102852128446,0.0319662652909755,-0.0032000122591853,0.0128579372540116,-0.0015974197303876,0.0011540944688022,0.0165637638419866,-0.0432276651263237,-0.0131410202011466,-0.003012116998434,-0.0098381293937563,-0.0090634217485785,-0.019296633079648,-0.0329268276691436,0.0170940458774566,0.0138713913038373,-0.030684258788824,0.0208333954215049,0.0108560314401984,-0.0003046645142603,0.0059283133596181,-0.00365627463907,0.0194019936025142,0.0192660875618457,0.011583031155169,0.0069006760604679,0.0016113192541524,-0.0256257615983486,0.0104201110079884,0.0168195478618145,0.0006516308058053,-0.0075187971815466,-0.0318612046539783,-0.0287879016250371,-0.0152220530435442,0.0,0.0248328167945146,-0.004056136123836,0.0132258012890815,0.0166040323674678,0.0490694008767604,-0.0123267034068703,-0.0146715752780437,-0.0143525460734963,0.0111260935664176,0.0050648893229663,-0.0385737605392932,0.0028346504550427,-0.0099486354738473,-0.0113065522164106,-0.050578910857439,0.0139771457761526,-0.1049904227256775,0.0394736900925636,-0.042808748781681,0.0272694043815135,0.0289639346301555,0.0093289679272674,-0.0170273651561319,0.0545388763854173,-0.041176488364807,0.0950843006662376,0.0116830853001859,0.147470345566423,-0.066060025681455,0.1855041279029823,-0.0471114421426477,0.1905274275844577,-0.2766902097304565,2019-02-06,2019-02-07,2019-02-08,2019-02-11,2019-02-12,2019-02-13,2019-02-14,2019-02-15,2019-02-19,2019-02-20,82508.0,2019-02-05,252.0,0.5774%,-0.0007,0.8148,0.6238,0.176,2.9079%,3.0519%,9.2141%,0.003793,MYGN,82508.0,2019-02-06,252.0,2.7269%,-0.0005,0.7797,0.6346,0.1454,2.9111%,3.0417%,8.4028%,0.028901,MYGN,82508.0,2019-02-07,252.0,-1.7464%,-0.0006,0.7635,0.6594,0.1403,2.9047%,3.0324%,8.2492%,-0.010055,MYGN,82508.0,2019-02-08,252.0,4.4792%,-0.0002,0.7541,0.6998,0.1276,2.8971%,3.0259%,8.3315%,0.0446429999999999,MYGN,82508.0,2019-02-11,252.0,-0.4764%,-0.0002,0.7333,0.7052,0.1196,2.8964%,3.0176%,7.8727%,-0.010831,MYGN,82508.0,2019-02-12,252.0,4.3419%,-0.0001,0.7484,0.7104,0.1264,2.9040%,3.0293%,8.1017%,0.033408,MYGN,82508.0,2019-02-13,252.0,-1.1140%,-0.0002,0.7457,0.7095,0.1228,2.9053%,3.0297%,8.0477%,-0.013851,MYGN,82508.0,2019-02-14,252.0,2.4188%,-0.0001,0.7409,0.7222,0.1081,2.9084%,3.0334%,8.0687%,0.0226779999999999,MYGN,82508.0,2019-02-15,252.0,1.7794%,-0.0001,0.7405,0.7226,0.1086,2.9085%,3.0329%,8.0345%,0.006998,MYGN,82508.0,2019-02-19,252.0,0.0636%,-0.0,0.7452,0.7132,0.0976,2.9066%,3.0323%,8.1159%,-0.003293,MYGN,82508.0,2019-02-20,252.0,1.5883%,0.0001,0.7505,0.7338,0.1188,2.9048%,3.0319%,8.2058%,0.012261,MYGN,0.032694,0.022639,0.067282,0.089859,0.1146519999999999
34843,NEUROCRINE BIOSCIENCES INC,"Neurocrine Biosciences Q4 EPS $0.19 Beats $0.15 Estimate, Sales $131.492M Beat $128.11M Estimate",6,increase,0.8,0.6,"the company reported better-than-expected earnings and sales, which typically boosts investor confidence and can lead to an increase in stock price.",2,2019-02-05,NBIX,2019-02-05 21:36:00+00:00,83534.0,64125C10,-0.0077992812730371,1030280.0,-0.0385053232312202,0.0031749492045491,-0.0396919250488281,-0.000340045109624,0.0412090830504894,0.011349281296134,0.0030809591989964,0.0246682278811931,-0.0009450895595364,-0.0419761799275875,-0.0073312371969223,-0.0166002660989761,0.0071471841074526,0.0152809061110019,-0.0027203233912587,-0.0035826207604259,-0.0406783707439899,-0.0214723832905292,-0.0189145598560571,-0.0027313448954373,-0.0258316919207572,0.0330699831247329,0.0206959787756204,0.0070470003411173,0.0258521512150764,0.0031927756499499,-0.0090178595855832,0.0311580691486597,0.0054849470034241,-0.020499812439084,-0.0422762632369995,0.030378608033061,0.0243365336209535,-0.0141554363071918,-0.0029065555427223,0.0125563284382224,-0.0283903405070304,0.0312728732824325,-0.0147404754534363,0.0957034081220626,0.0202568359673023,0.0779108628630638,-0.0025953406002372,-0.011128531768918,0.0411136597394943,-0.0184849072247743,0.0118720894679427,0.0435482002794742,0.036556739360094,-0.0325180664658546,-0.0114380922168493,-0.0038027695845812,0.0171145983040332,0.0392271727323532,0.0049768714234232,-0.0242787357419729,0.0331329479813575,-0.0070901876315474,-0.0318420529365539,-0.0202835034579038,0.0589414127171039,0.0099622104316949,-0.0525437071919441,-0.0069666993804275,-0.0002350402064621,0.006027478724718,0.0239746272563934,-0.0228736568242311,-0.0252495929598808,-0.0111065916717052,0.0073001617565751,-0.1391091346740723,0.0298070758581161,-0.0005826293490827,0.006696980446577,0.019363235682249,0.0146577451378107,-0.0320800393819809,0.0136682232841849,0.0084647890180349,-0.0359570123255252,-0.0419906564056873,0.0378666594624519,0.0198255367577076,-0.000328681722749,0.0178735628724098,-0.0211530067026615,-0.0285649765282869,0.021498218178749,0.0395946651697158,-0.0542585141956806,-0.0670360475778579,-0.0004636174708139,0.0189305767416954,-0.0165816359221935,0.0017744667129591,-0.0011790882563218,0.0189852006733417,-0.0421437807381153,0.0132829044014215,-0.0333990529179573,-0.0294510051608085,0.0210378877818584,-0.0188637636601924,0.0078670987859368,0.0647858157753944,-0.0195762831717729,-0.134371891617775,-0.0146593712270259,-0.0339805819094181,-0.0070540341548621,-0.0228631403297185,-0.0083957836031913,-0.0267749410122633,-0.0590074099600315,-0.0017511745681986,0.0321151688694953,0.0182057283818721,0.0358101651072502,-0.0360923148691654,-0.0385053232312202,0.0031749492045491,-0.0766688978763738,0.0028338244689747,-0.0386192698058613,0.0142152676361508,-0.0365686852237411,-0.0043889191493561,-0.0959216017109217,-0.0334316356506968,-0.0336067047882875,0.2290913826918281,-0.1201867687831388,-0.1997286256867673,2019-02-06,2019-02-07,2019-02-08,2019-02-11,2019-02-12,2019-02-13,2019-02-14,2019-02-15,2019-02-19,2019-02-20,83534.0,2019-02-05,252.0,-0.7799%,-0.0,0.9249,0.3695,-1.1174,2.3401%,2.7718%,28.7238%,-0.018333,NBIX,83534.0,2019-02-06,252.0,-3.8505%,-0.0002,0.9373,0.3662,-1.1101,2.3505%,2.7791%,28.4624%,-0.035751,NBIX,83534.0,2019-02-07,252.0,-3.9692%,-0.0003,0.946,0.3663,-1.1161,2.3561%,2.7896%,28.6629%,-0.0262699999999999,NBIX,83534.0,2019-02-08,252.0,4.1209%,-0.0002,0.9405,0.3518,-1.1485,2.3646%,2.8014%,28.7544%,0.032373,NBIX,83534.0,2019-02-11,252.0,0.3081%,-0.0001,0.9241,0.3703,-1.1471,2.3632%,2.7828%,27.8856%,0.001984,NBIX,83534.0,2019-02-12,252.0,-0.0945%,-0.0002,0.9157,0.3698,-1.1513,2.3652%,2.7824%,27.7384%,-0.015637,NBIX,83534.0,2019-02-13,252.0,-0.7331%,-0.0003,0.9039,0.386,-1.1506,2.3616%,2.7736%,27.5026%,-0.009411,NBIX,83534.0,2019-02-14,252.0,0.7147%,-0.0004,0.9029,0.3858,-1.149,2.3601%,2.7715%,27.4831%,0.000265,NBIX,83534.0,2019-02-15,252.0,-0.2720%,-0.0005,0.8881,0.3717,-1.1742,2.3595%,2.7688%,27.3754%,-0.008473,NBIX,83534.0,2019-02-19,252.0,-4.0678%,-0.0006,0.8848,0.3408,-1.2087,2.3707%,2.7808%,27.3182%,-0.040021,NBIX,83534.0,2019-02-20,252.0,-1.8915%,-0.0006,0.8811,0.3338,-1.2215,2.3723%,2.7833%,27.3494%,-0.014797,NBIX,-0.0540839999999999,-0.080354,-0.0479809999999999,-0.0616339999999999,-0.134071
34851,NETFLIX INC,"Disney Reports Big Q1 Earnings Beat, Gets Boost From TV Networks",6,decrease,0.7,0.5,"disney's strong earnings report may indicate increased competition and market share challenges for netflix, potentially leading to a decrease in its stock price.",0,2019-02-05,NFLX,2019-02-05 21:20:00+00:00,89393.0,64110L10,0.0127227222546935,9052123.0,-0.0101739559322595,0.0338090024888515,-0.0212385673075914,0.0010309458011761,0.008296875283122,-0.0034051653929054,-0.0052938871085643,0.0357555784285068,0.0411881804466247,-0.020139455795288,-0.0227797105908393,-0.0070699132047593,0.0207522492855787,0.0348362997174263,-0.0061269728466868,0.0145346857607364,0.0141508625820279,-0.0097490875050425,-0.0055537400767207,-0.0411088243126869,-0.0081687159836292,-0.0398935303092002,0.0169481690973043,0.0051224785856902,0.0024516959674656,-0.0091642225161194,0.002912801457569,0.0651769414544105,-0.0057539143599569,-0.0137740867212414,-0.0131451729685068,0.0398262552917003,-0.0021781590767204,0.0146893747150898,-0.0175752788782119,-0.0009679257054813,0.0092866318300366,0.0156338959932327,0.0149872926995158,0.0597170032560825,-0.0194932837039232,0.0972344875335693,-0.0085082240402698,0.0132257658988237,0.0264873541891574,0.0,-0.0072172894142568,0.0452203117311,0.0138658955693244,0.002015080768615,-0.0066166059114038,0.0074703525751829,0.0073574050329625,0.0846160128712654,0.0054778149351477,-0.0507731437683105,-0.0128219341859221,-0.0544553995132446,0.0458219572901725,-0.0232035182416439,0.0070625068619847,-0.0153909111395478,-0.0446184799075126,0.030974181368947,0.0144594358280301,-0.0151401907205581,-0.0170931089669466,-0.0332584343850612,-0.0183348786085844,0.0041472064331173,0.0035090423189103,0.0360319502651691,0.0054990337230265,-0.0162402838468551,0.0291675850749015,0.0171984508633613,0.0020710970275104,-0.0627120658755302,0.0055205011740326,0.0274217072874307,-0.0050574578344821,-0.0515673495829105,-0.0064967232756316,0.0145737351849675,-0.0111630596220493,-0.0090735759586095,0.0091308699920773,0.0215814840048551,-0.0021660444326698,0.0600832179188728,0.0102494517341256,0.0198906492441892,-0.0449067838490009,0.0100841717794537,-0.0064647132530808,-0.012627312913537,0.0303551368415355,-0.0181661769747734,-0.0131308110430836,-0.0133776608854532,0.0158144440501928,-0.0545403212308883,0.0471485778689384,-0.0132731366902589,0.0120581397786736,0.0116136660799384,-0.0200581401586532,-0.0260529313236475,-0.0157657712697982,0.0011221361346542,0.0177015718072652,-0.0309750344604253,-0.0080566080287098,-0.0454517230391502,-0.0034692683257162,-0.0292518679052591,0.0223187487572431,0.0535967163741588,0.0006599614862352,-0.0145828239619731,-0.0101739559322595,0.0338090024888515,-0.0311964429919991,0.0348748035391854,-0.0231584007056587,0.031350883672184,0.0116916422135964,0.0467139119530721,0.0115230197506579,0.0360955160688496,0.0545515937267493,0.3170146850683222,0.0653438657804448,0.1138092552713674,2019-02-06,2019-02-07,2019-02-08,2019-02-11,2019-02-12,2019-02-13,2019-02-14,2019-02-15,2019-02-19,2019-02-20,89393.0,2019-02-05,252.0,1.2723%,0.0009,1.6493,0.1889,-1.1824,1.9235%,2.9557%,57.6522%,-0.001512,NFLX,89393.0,2019-02-06,252.0,-1.0174%,0.0009,1.6635,0.1844,-1.1693,1.9232%,2.9392%,57.1851%,-0.0057989999999999,NFLX,89393.0,2019-02-07,252.0,-2.1239%,0.0008,1.6551,0.196,-1.1711,1.9208%,2.9299%,57.0208%,-0.001068,NFLX,89393.0,2019-02-08,252.0,0.8297%,0.0008,1.6555,0.1942,-1.1704,1.9208%,2.9300%,57.0238%,-0.001471,NFLX,89393.0,2019-02-11,252.0,-0.5294%,0.0007,1.6675,0.1733,-1.1754,1.9202%,2.9087%,56.4202%,-0.0063019999999999,NFLX,89393.0,2019-02-12,252.0,4.1188%,0.0009,1.6894,0.1567,-1.1612,1.9170%,2.9192%,56.8781%,0.016378,NFLX,89393.0,2019-02-13,252.0,-2.2780%,0.0007,1.6818,0.1583,-1.1677,1.9243%,2.9162%,56.4584%,-0.0268909999999999,NFLX,89393.0,2019-02-14,252.0,2.0752%,0.0008,1.6786,0.1673,-1.1783,1.9262%,2.9187%,56.4437%,0.016588,NFLX,89393.0,2019-02-15,252.0,-0.6127%,0.0007,1.6575,0.146,-1.2155,1.9297%,2.9136%,56.1352%,-0.019957,NFLX,89393.0,2019-02-19,252.0,1.4151%,0.0006,1.6522,0.1655,-1.1931,1.9248%,2.8961%,55.8260%,0.014125,NFLX,89393.0,2019-02-20,252.0,-0.5554%,0.0006,1.6519,0.1675,-1.1935,1.9246%,2.8960%,55.8369%,-0.002595,NFLX,-0.007311,-0.008379,-0.00985,0.000226,-0.0185039999999999
34859,NOVAVAX INC,Novavax Option Alert: Mar 15 $3 Calls at the Ask: 4982 @ $0.651 vs 2109 OI; Earnings 3/13 After Close [est] Ref=$2.325,6,uncertain,0.6,0.3,"the significant volume of call options suggests bullish sentiment, but the upcoming earnings report introduces uncertainty that could impact the stock price in either direction.",1,2019-02-05,NVAX,2019-02-05 16:00:00+00:00,82779.0,67000240,-0.004347822163254,11127038.0,0.0043668081052601,0.0,-0.0260869320482015,-0.017094001173973,0.0133928442373871,0.0263157654553651,-0.0308369752019643,0.045871514827013,-0.0045454502105712,0.0186915695667266,0.0045662056654691,-0.0228310283273458,0.0,0.0478469617664814,-0.031818151473999,0.0145630929619073,-0.0187794361263513,0.0198019612580537,-0.0430621616542339,-0.0146341323852539,-0.0500000119209289,-0.0238095019012689,0.0105263059958815,0.0047846846282482,0.052083346992731,-0.0141509305685758,0.0099009806290268,0.0192307513207197,0.0441177226603031,-0.0545455105602741,-0.6689671277999878,-0.0134529015049338,-0.0036874404177069,-0.0176211278885603,-0.1017793640494347,-0.0130434660241007,-0.0529318526387214,0.0176990982145071,-0.0508701130747795,0.05607470870018,-0.025916775688529,0.0490196794271469,-0.0586425550282001,0.035532958805561,-0.0215343404561281,0.0706521719694137,0.0220082756131887,0.0,0.0109594156965613,-0.0212765745818615,0.0079877935349941,-0.0600000023841857,-0.037735816091299,0.156069353222847,0.0215687006711959,-0.0894736647605896,0.0591170489788055,-0.0731707215309143,0.1638274341821671,-0.0509259849786758,-0.0267829224467277,0.0,-0.1343999803066254,-0.0484581030905246,-0.038632184267044,-0.058091327548027,0.0207652449607849,0.0478261448442935,-0.0011301193153485,-0.0725806728005409,0.0181029289960861,0.1121076196432114,0.0203741025179624,0.042056031525135,0.0179706551134586,0.0439025126397609,0.091654784977436,0.0199004784226417,-0.0287487730383873,-0.0098522072657942,-0.0230407137423753,-0.073059394955635,0.0156652778387069,0.0579710751771926,-0.0327118374407291,0.0402009673416614,-0.036095954477787,0.0,0.0376294814050197,0.1117318719625473,-0.0061317179352045,-0.0324324667453765,-0.0477701835334301,0.075581394135952,0.0140688810497522,0.0058479476720094,0.0005476271617226,0.0178571976721286,-0.031745970249176,-0.0232558604329824,-0.0171472001820802,-0.0549450665712356,0.0128450524061918,0.0224719569087028,-0.0236607771366834,0.0658682733774185,-0.0085304668173193,-0.0118343783542513,-0.0132968248799443,-0.0116958953440189,-0.0281411055475473,-0.0446926951408386,0.0746330022811889,-0.0271739512681961,0.008159389719367,-0.0659898445010185,-0.0314323902130127,0.0314136445522308,0.0242908056825399,-0.0154639640823006,0.0043668081052601,0.0,-0.0218340405692508,-0.017094001173973,-0.0087336162362804,0.008771922555804,-0.0436680813612856,0.0747662810758038,-0.1266375409266871,0.1219512239903168,-0.7195632947505542,0.0648147531741594,-0.7698252907783311,0.1855669509260666,2019-02-06,2019-02-07,2019-02-08,2019-02-11,2019-02-12,2019-02-13,2019-02-14,2019-02-15,2019-02-19,2019-02-20,82779.0,2019-02-05,252.0,-0.4348%,0.0009,1.698,1.7939,-0.5028,3.7040%,4.3548%,27.6569%,-0.0134349999999999,NVAX,82779.0,2019-02-06,252.0,0.4367%,0.001,1.6811,1.7992,-0.5185,3.7038%,4.3375%,27.0859%,0.008534,NVAX,82779.0,2019-02-07,252.0,-2.6087%,0.0006,1.6329,1.8639,-0.5277,3.6637%,4.2901%,27.0731%,-0.006192,NVAX,82779.0,2019-02-08,252.0,1.3393%,0.0006,1.6318,1.861,-0.5343,3.6639%,4.2908%,27.0855%,0.0072499999999999,NVAX,82779.0,2019-02-11,252.0,-3.0837%,0.0004,1.6287,1.8031,-0.5672,3.6746%,4.2864%,26.5114%,-0.044275,NVAX,82779.0,2019-02-12,252.0,-0.4545%,0.0004,1.6262,1.7854,-0.5654,3.6765%,4.2860%,26.4191%,-0.028121,NVAX,82779.0,2019-02-13,252.0,0.4566%,0.0004,1.6264,1.7846,-0.5658,3.6765%,4.2852%,26.3898%,-0.000763,NVAX,82779.0,2019-02-14,252.0,0.0000%,0.0004,1.6299,1.78,-0.5628,3.6752%,4.2846%,26.4222%,-0.0092459999999999,NVAX,82779.0,2019-02-15,252.0,-3.1818%,0.0002,1.6009,1.7483,-0.6174,3.6897%,4.2880%,25.9604%,-0.052084,NVAX,82779.0,2019-02-19,252.0,-1.8779%,-0.0,1.5822,1.7517,-0.6119,3.6830%,4.2713%,25.6469%,-0.025139,NVAX,82779.0,2019-02-20,252.0,-4.3062%,-0.0005,1.5619,1.6727,-0.6929,3.6616%,4.2480%,25.7056%,-0.046656,NVAX,-0.0049009999999999,-0.0110929999999999,-0.0038429999999999,-0.076239,-0.210127
34867,NVIDIA CORP,AMD Falls As Major Shareholder Sells,6,uncertain,0.6,0.3,"the news about amd's major shareholder selling shares does not directly impact nvidia's stock price, leading to uncertainty in how investors will react.",1,2019-02-05,NVDA,2019-02-05 13:17:00+00:00,86580.0,67066G10,0.0051615787670016,13506207.0,0.0203401334583759,0.0307468883693218,-0.0364705994725227,0.006817361805588,0.005087505094707,0.0462915822863578,-0.0116082960739731,0.0439969077706337,0.0322294384241104,-0.0464458279311657,0.011311812326312,-0.1382454037666321,0.0107927387580275,0.014635058119893,0.0181841552257537,0.0572711043059825,-0.0044489447027444,0.0034952543210238,0.012193588539958,-0.051997635513544,-0.0175338927656412,0.0343395173549652,0.0219554342329502,0.0193496700376272,-0.0031409007497131,-0.0068726148456335,-0.0100195119157433,-0.0037889345549046,-0.0107574947178363,0.0108177158981561,-0.006370305083692,0.0247883088886737,0.0141968270763754,0.0185860134661197,0.0021093117538839,0.019666738808155,-0.0016583397518843,-0.0248953439295291,-0.0285586584359407,0.0529406815767288,-0.0183492824435234,0.064067542552948,0.0092456443235278,-0.0604169964790344,0.0697026029229164,0.0203745402395725,0.0085640121251344,-0.0011222888715565,0.0375337861478328,0.0189067292958498,-0.0181472990661859,-0.0145004345104098,0.0256704520434141,0.0473717674612999,-0.0050644874572753,-0.0192174520343542,0.0400118976831436,-0.0409326329827308,-0.007455538958311,-0.0246190782636404,0.0547018870711326,-0.0573704093694686,-0.0350114293396472,0.0234015919268131,-0.0209577530622482,-0.0195971000939607,0.0177810806781053,-0.0163879543542861,-0.0020919044036418,-6.712228059768677e-05,0.00424929196015,0.0047910888679325,0.0130324261263012,-0.0241669844835996,0.0151481470093131,0.0287920869886875,0.003949973732233,-0.0674710571765899,0.0307103563100099,0.0075106145814061,-0.0019086025422438,-0.076040893793106,0.0142887625843286,0.0404454544186592,0.0043990383855998,0.0385739207267761,-0.0131915053352713,-0.0159305725246667,0.0150058735162019,0.0412412136793136,-0.0029152149800211,0.0044429446570575,-0.0079878820106387,0.0555172637104988,-0.0279458854347467,0.002003961475566,0.0190038438886404,-0.0293130874633789,-0.0048882281407713,0.0302695576101541,-0.0052858684211969,-0.1199902519583702,0.0116478698328137,-0.1875587105751038,0.0116729289293289,0.0263704899698495,0.0026223317254334,-0.0106366723775863,-0.0222838018089532,0.0515458732843399,-0.0471885241568088,-0.0784266293048858,0.0069628027267754,-0.0015535090351477,0.009312430396676,-0.036484345793724,-0.0029281701426953,0.0129346903413534,0.0150717636570334,-0.0033527256455272,0.0203401334583759,0.0307468883693218,-0.0168722828747248,0.0377738628373194,-0.0118706156051023,0.0858140570034846,0.0081360533672589,0.0809361535688664,0.0573524921295398,-0.0493850899290673,0.1642606682868581,0.0770341256916244,0.2229410703452554,-0.2948403074882837,2019-02-06,2019-02-07,2019-02-08,2019-02-11,2019-02-12,2019-02-13,2019-02-14,2019-02-15,2019-02-19,2019-02-20,86580.0,2019-02-05,252.0,0.5162%,-0.0018,1.7617,0.1794,-1.0666,2.3681%,3.3147%,48.9600%,-0.008817,NVDA,86580.0,2019-02-06,252.0,2.0340%,-0.0016,1.7257,0.1905,-1.0985,2.3704%,3.2749%,47.6084%,0.02488,NVDA,86580.0,2019-02-07,252.0,-3.6471%,-0.0018,1.7134,0.2124,-1.1044,2.3657%,3.2631%,47.4369%,-0.01599,NVDA,86580.0,2019-02-08,252.0,0.5088%,-0.0019,1.7145,0.1913,-1.1137,2.3610%,3.2618%,47.6077%,-0.004281,NVDA,86580.0,2019-02-11,252.0,-1.1608%,-0.002,1.7389,0.1534,-1.1215,2.3584%,3.2483%,47.2859%,-0.0128099999999999,NVDA,86580.0,2019-02-12,252.0,3.2229%,-0.0022,1.7152,0.1899,-1.1401,2.3394%,3.2266%,47.4343%,0.006543,NVDA,86580.0,2019-02-13,252.0,1.1312%,-0.002,1.7356,0.1592,-1.1433,2.3255%,3.2259%,48.0357%,0.007093,NVDA,86580.0,2019-02-14,252.0,1.0793%,-0.002,1.7326,0.1635,-1.1465,2.3245%,3.2240%,48.0172%,0.0068779999999999,NVDA,86580.0,2019-02-15,252.0,1.8184%,-0.0021,1.7209,0.1537,-1.1646,2.3218%,3.2170%,47.9095%,0.0036,NVDA,86580.0,2019-02-19,252.0,-0.4449%,-0.002,1.7219,0.1498,-1.169,2.3217%,3.2139%,47.8186%,-0.00477,NVDA,86580.0,2019-02-20,252.0,1.2194%,-0.0019,1.7274,0.1655,-1.1487,2.3235%,3.2145%,47.7521%,0.014922,NVDA,0.016063,7.300000000000015e-05,-0.004208,-0.0104749999999999,0.017248
34875,NEW YORK TIMES CO,Q4 Earnings Outlook For New York Times,6,uncertain,0.5,0.5,"the q4 earnings outlook could vary based on market expectations and actual performance, making the impact on stock price uncertain.",1,2019-02-05,NYT,2019-02-05 19:32:00+00:00,47466.0,65011110,0.0007437879685312,3757460.0,0.103307344019413,0.0208807606250047,0.030650045722723,0.0245041269809007,0.0248366091400384,-0.0107734007760882,-0.0035076723434031,-0.0072574685327708,0.0054400023072957,0.0061491099186241,-0.0015913187526166,-0.0030651311390101,0.0188077222555875,0.0131987631320953,0.0021902283187955,0.0391286499798297,-0.0021854417864233,0.0012116594007238,-0.0028159650973975,-0.0166799072176218,0.0081581491976976,-0.0125490073114633,0.0099595291540026,0.0139165166765451,-0.0003082322364207,0.0219422597438097,-0.0006165369413793,0.0024440479464828,0.0268353726714849,0.0111202038824558,-0.0132172554731369,0.0214556250721216,0.014307496137917,0.0008421245147474,-0.0027010850608348,0.0149572817608714,0.0117363650351762,0.0253717843443155,-0.0071385446935892,0.0173565335571765,-0.0038945795968174,0.0504908822476863,0.0027067714836448,-0.0210526771843433,0.0191961415112018,-0.0197398159652948,0.0064744325354695,-0.0049106562510132,0.0084795588627457,-0.0088495910167694,-0.0089881522580981,-0.0035273334942758,0.0020479722879827,0.0370370112359523,-0.0037956517189741,-0.0117486817762255,-0.0041031474247574,-0.0181899610906839,-0.0185403488576412,-0.0267702471464872,0.0110945357009768,-0.0173949878662824,-0.0332147888839244,0.0120222745463252,-0.0006133939605206,-0.0489995442330837,0.0009207727853208,-0.0196156837046146,0.0039865397848188,-0.0103011187165975,0.0018325459677726,-0.0178988706320524,0.0015243670204654,0.0054773590527474,0.0203957986086607,0.0179211013019084,0.0011932536726817,-0.0308760795742273,-0.0017904374981299,-0.0207860637456178,0.0032885083928704,-0.0228951573371887,0.0,0.009317927993834,0.0002979237469844,0.0003728646261151,-0.0092344768345355,0.0026168110780417,0.0162357464432716,0.0171102955937385,0.0029586476739495,0.0003803089202847,0.0032447429839521,0.0170212965458631,-0.0094089889898896,0.0185185670852661,0.0077174874022603,0.0233870949596166,-0.002061846666038,-0.0323839224874973,-0.0070838746614754,-0.0254752896726131,-0.0208085849881172,-0.0075471987947821,0.0024287139531224,0.0211945753544569,0.0024227139074355,-0.0046029509976506,-0.0172205362468957,-0.0110015515238046,0.0169075652956962,-0.0411058254539966,0.002116072922945,-0.0036245153751224,0.0,-0.0025307193864136,0.0027149366214871,0.0267260316759347,-0.0111312493681907,-0.0375133715569973,0.103307344019413,0.0208807606250047,0.137123764559824,0.0458965524157184,0.1653660630440454,0.0346286896862149,0.167595697587775,0.0334357777202629,0.1843181347882021,0.0679110021316551,0.239316187439436,0.1630382322301367,0.2233015256914396,-0.0376575362590109,2019-02-06,2019-02-07,2019-02-08,2019-02-11,2019-02-12,2019-02-13,2019-02-14,2019-02-15,2019-02-19,2019-02-20,47466.0,2019-02-05,252.0,0.0744%,0.0007,0.7171,0.7128,0.0818,1.8076%,2.0041%,18.6445%,-0.001346,NYT,47466.0,2019-02-06,252.0,10.3307%,0.0012,0.6827,0.7221,0.0619,1.9197%,2.0899%,15.6218%,0.104799,NYT,47466.0,2019-02-07,252.0,3.0650%,0.0013,0.6705,0.7219,0.0704,1.9331%,2.0966%,14.9892%,0.037596,NYT,47466.0,2019-02-08,252.0,2.4837%,0.0015,0.6662,0.7294,0.057,1.9364%,2.1002%,14.9888%,0.024258,NYT,47466.0,2019-02-11,252.0,-0.3508%,0.0009,0.8216,0.5669,0.0506,1.7776%,2.0030%,21.2421%,-0.009485,NYT,47466.0,2019-02-12,252.0,0.5440%,0.001,0.8305,0.5505,0.0581,1.7730%,2.0013%,21.5203%,-0.005861,NYT,47466.0,2019-02-13,252.0,-0.1591%,0.001,0.8342,0.5422,0.0553,1.7722%,2.0014%,21.5902%,-0.004388,NYT,47466.0,2019-02-14,252.0,1.8808%,0.0011,0.8303,0.5515,0.0449,1.7754%,2.0044%,21.5486%,0.017961,NYT,47466.0,2019-02-15,252.0,0.2190%,0.001,0.8158,0.5374,0.02,1.7754%,1.9989%,21.1133%,-0.008887,NYT,47466.0,2019-02-19,252.0,-0.2185%,0.0009,0.8119,0.5371,0.0199,1.7751%,1.9962%,20.9211%,-0.005454,NYT,47466.0,2019-02-20,252.0,-0.2816%,0.0009,0.811,0.5389,0.0175,1.7747%,1.9958%,20.9331%,-0.00575,NYT,0.103453,0.141049,0.165307,0.149961,0.143443
34883,OMEGA HEALTHCARE INVESTORS INC,One Horizon Group Sells Majority Stake In Banana Whale Studios For $2M,6,uncertain,0.4,0.2,"the news about one horizon group selling a stake in a separate company does not directly relate to omega healthcare investors inc's core business or financial performance, making the impact on its stock price unclear.",1,2019-02-05,OHI,2019-02-05 13:31:00+00:00,77857.0,68193610,0.003034874331206,1691854.0,-0.0073121762834489,0.0264797620475292,-0.0007619705284014,-0.0415525808930397,-0.0040671033784747,0.0133635597303509,0.0020418073982,0.0125565091148018,-0.061130866408348,0.0158162992447614,-0.0181769393384456,0.0071943118236958,0.0149212749674916,0.0088127609342336,-0.007350951898843,0.004425982479006,-0.0106966374441981,0.0118546038866043,-0.0144164254888892,-0.0052411099895834,0.0095639992505311,-0.0018310147570446,0.0094733955338597,0.0049947062507271,-0.0096604600548744,0.0162971038371324,-0.0005574263632297,0.0146381380036473,0.0005577372503466,-0.0013535256730392,0.0005574263632297,0.0027143994811922,-0.022005595266819,0.0101452954113483,0.0148106077685952,0.0071803960017859,-0.0014032903127372,0.0301564019173383,-0.0008432432077825,0.0037121949717402,0.0126582495868206,0.0141906077042222,-0.0069444444961845,0.0170838888734579,0.0131468875333666,-0.0341394245624542,0.0063500697724521,-0.0005685710348188,0.0046638729982078,-0.0014197345590218,0.0019115154864266,0.001421753084287,-0.0087217148393392,0.0430010929703712,-0.0134725840762257,-0.0461102500557899,-0.0011148527264595,-0.006743514444679,0.0044642812572419,-0.0016830678796395,0.0324999503791332,-0.0050237313844263,-0.0051116123795509,0.0228376556187868,0.009464637376368,-0.0455041415989399,0.0096436319872736,0.0013642356498166,-0.0039797751232981,0.0104770073667168,0.0205114670097827,-0.0213168077170848,-0.0041764508932828,-0.0034954897128045,-0.0039318879134953,-0.0029490781016647,-0.0063158334232866,-0.0212542992085218,-0.0079448949545621,0.0071353185921907,-0.0029364819638431,-0.0096833016723394,0.0024096427951008,0.0071165119297802,-0.0168268494307994,0.0171581618487834,-0.0130399223417043,0.0081080878153443,0.0085328249260783,0.0125889182090759,0.0125545607879757,0.0130302533507347,-0.0083557292819023,-0.0071566784754395,0.0032617268152534,0.0013782539172098,-0.0224870778620243,-0.0054824771359562,-0.0313193202018737,0.0287648197263479,0.0223175603896379,0.0048171766102314,-0.011474946513772,0.0273654293268919,0.0164213422685861,-0.0031921246554702,0.0058495565317571,0.0026185673195868,-0.0058155381120741,-0.0230244845151901,0.0080779129639267,0.0,-0.0146448910236358,-0.0017026495188474,0.0111428396776318,0.0025604593101888,-0.0036733841989189,0.0203193258494138,0.0056721717119216,-0.0026056789793074,-0.0073121762834489,0.0264797620475292,-0.0080685751490239,-0.0161731213000189,-0.0121028627982505,-0.0030256920421869,-0.0706000818410758,0.0254592655476453,-0.1036308784574837,0.0534068174983581,-0.0922844139741031,0.1275736929712134,-0.0890400015948575,0.1638101578295889,2019-02-06,2019-02-07,2019-02-08,2019-02-11,2019-02-12,2019-02-13,2019-02-14,2019-02-15,2019-02-19,2019-02-20,77857.0,2019-02-05,252.0,0.3035%,0.0019,0.4236,-0.0173,-0.0949,1.3640%,1.4531%,11.8903%,0.000495,OHI,77857.0,2019-02-06,252.0,-0.7312%,0.0019,0.4121,-0.0134,-0.1075,1.3642%,1.4466%,11.0652%,-0.006415,OHI,77857.0,2019-02-07,252.0,-0.0762%,0.0019,0.4043,-0.0042,-0.1082,1.3619%,1.4414%,10.7254%,0.003372,OHI,77857.0,2019-02-08,252.0,-0.4067%,0.0019,0.4053,0.0056,-0.0976,1.3615%,1.4403%,10.6471%,-0.0052759999999999,OHI,77857.0,2019-02-11,252.0,0.2042%,0.002,0.3834,0.026,-0.0981,1.3573%,1.4262%,9.4231%,0.001562,OHI,77857.0,2019-02-12,252.0,-6.1131%,0.0016,0.3334,0.0399,-0.1261,1.4156%,1.4699%,7.2541%,-0.066618,OHI,77857.0,2019-02-13,252.0,-1.8177%,0.0015,0.3288,0.0393,-0.1313,1.4215%,1.4745%,7.0625%,-0.019146,OHI,77857.0,2019-02-14,252.0,1.4921%,0.0015,0.3244,0.0457,-0.1361,1.4187%,1.4713%,7.0124%,0.0145459999999999,OHI,77857.0,2019-02-15,252.0,-0.7351%,0.0017,0.3631,0.0791,-0.0751,1.3754%,1.4356%,8.2202%,-0.010578,OHI,77857.0,2019-02-19,252.0,-1.0697%,0.0016,0.3594,0.0725,-0.0822,1.3777%,1.4369%,8.0754%,-0.011491,OHI,77857.0,2019-02-20,252.0,-1.4416%,0.0014,0.3517,0.0415,-0.113,1.3663%,1.4259%,8.1814%,-0.0149069999999999,OHI,-0.00592,-0.002548,-0.007824,-0.07288,-0.114456
34891,O I GLASS INC,Owens-Illinois Sees FY19 Adj. EPS ~$3,6,increase,0.7,0.6,"the announcement of an adjusted eps of ~$3 suggests strong financial performance, which is likely to positively influence investor sentiment and increase the stock price.",2,2019-02-05,OI,2019-02-05 21:33:00+00:00,77157.0,67098H10,-0.0079800421372056,2164131.0,-0.0090497890487313,-0.0039741643704473,-0.035007543861866,0.0029895100742578,-0.0157729312777519,0.0187816713005304,0.02457270398736,0.009221326559782,0.0245046559721231,0.0010256645036861,0.0076335687190294,-0.0061162505298852,-0.0070706764236092,0.0139535116031765,0.0122075164690613,0.0,0.0075376695021986,0.0005170748918317,0.012967593036592,-0.0076962350867688,-0.0103396894410252,0.0289626121520996,0.0024875241797417,0.0106438985094428,0.0009925785707309,0.0010655544465407,-0.0109072541818022,0.0080558331683278,0.0085213063284754,0.0026925764977931,-0.0099403951317071,0.0231405012309551,0.0010040390770882,0.0072141597047448,-0.003009095788002,-0.0005546438624151,0.0261569656431675,0.0163472890853881,-0.002941150451079,-0.0033707567490637,-0.037856463342905,0.0446008369326591,0.000510997895617,-0.0345608331263065,0.0112359197810292,0.023781893774867,0.0,0.0075978464446961,-0.0101009523496031,-0.0052325669676065,0.003061197232455,0.0348977074027061,0.0020346345845609,0.0439698956906795,0.0126903550699353,-0.0074813487008214,-0.0035088520962744,-0.0165541730821132,-0.0160965640097856,-0.0109157254919409,0.0117587652057409,-0.0066265426576137,-0.0303183607757091,-0.0006020606961101,-0.0088587841019034,-0.0212138313800096,0.0094637386500835,0.0,0.0,-0.0087617710232734,-0.0062500433996319,0.0130178239196538,-0.0052411099895834,-0.023121366277337,0.0194942485541105,-0.0187180899083614,-0.015503934584558,0.0108944159001112,-0.0094487350434064,0.0069284550845623,0.0211976468563079,-0.0673128738999366,-0.0020758130121976,0.0097879450768232,0.0041601625271141,-0.0010863909265026,-0.0155359525233507,0.0027232698630541,0.0094687165692448,0.0279955193400383,0.0067743179388344,-0.0044593042694032,0.0103520061820745,0.0170068684965372,0.0076844063587486,-0.0039525520987808,-0.0254194196313619,0.0260717757046222,-0.0046948436647653,-0.0176436807960271,-0.0073374942876398,-0.0330214835703373,0.0158394519239664,0.0055340556427836,0.0171517636626958,0.0325714126229286,-0.0183955356478691,0.0441527292132377,-0.0109317591413855,0.0339297465980052,0.0215789396315813,-0.0234940536320209,0.0020608406048268,-0.0218031201511621,0.0159382745623588,-0.0269496105611324,-0.0096154119819402,0.0240751523524522,-0.0848237052559852,-0.0223880242556333,-0.0090497890487313,-0.0039741643704473,-0.0437405220235331,-0.0009965351006117,-0.0588235370533549,0.0177664196052196,-0.0120663556758106,0.0282050890335132,0.0211161418856922,0.0287326559918172,-0.0165912499744121,0.2190076466754358,-0.0995474962099589,0.1539285731575674,2019-02-06,2019-02-07,2019-02-08,2019-02-11,2019-02-12,2019-02-13,2019-02-14,2019-02-15,2019-02-19,2019-02-20,77157.0,2019-02-05,252.0,-0.7980%,-0.0001,1.1925,0.3761,0.628,1.7311%,2.1291%,33.8893%,-0.009171,OI,77157.0,2019-02-06,252.0,-0.9050%,-0.0001,1.1679,0.3842,0.6028,1.7291%,2.0923%,31.7080%,-0.006928,OI,77157.0,2019-02-07,252.0,-3.5008%,-0.0003,1.1663,0.3973,0.5952,1.7345%,2.0950%,31.4539%,-0.026098,OI,77157.0,2019-02-08,252.0,-1.5773%,-0.0005,1.1697,0.3633,0.5868,1.7173%,2.0823%,31.9875%,-0.013014,OI,77157.0,2019-02-11,252.0,2.4573%,-0.0003,1.1577,0.4012,0.601,1.7199%,2.0653%,30.6553%,0.019088,OI,77157.0,2019-02-12,252.0,2.4505%,-0.0002,1.1811,0.3785,0.617,1.7097%,2.0685%,31.6840%,0.009602,OI,77157.0,2019-02-13,252.0,0.7634%,-0.0001,1.185,0.3734,0.617,1.7092%,2.0688%,31.7397%,0.003568,OI,77157.0,2019-02-14,252.0,-0.7071%,-0.0001,1.1865,0.3722,0.617,1.7077%,2.0684%,31.8389%,-0.003045,OI,77157.0,2019-02-15,252.0,1.2208%,-0.0001,1.1898,0.3747,0.6217,1.7072%,2.0680%,31.8488%,-0.005191,OI,77157.0,2019-02-19,252.0,0.7538%,-0.0001,1.1871,0.3807,0.6287,1.7060%,2.0646%,31.7179%,0.002225,OI,77157.0,2019-02-20,252.0,1.2968%,-0.0001,1.1884,0.3819,0.6331,1.7063%,2.0658%,31.7730%,0.006317,OI,-0.016099,-0.042197,-0.0552109999999999,-0.0265209999999999,-0.0226469999999999
34899,O I GLASS INC,Owens-Illinois Q4 EPS $0.61 Misses $0.63 Estimate,6,decrease,0.75,0.6,"the earnings per share (eps) miss compared to estimates typically signals weaker performance, which can lead to a decrease in stock price.",0,2019-02-05,OI,2019-02-05 21:32:00+00:00,77157.0,67098H10,-0.0079800421372056,2164131.0,-0.0090497890487313,-0.0039741643704473,-0.035007543861866,0.0029895100742578,-0.0157729312777519,0.0187816713005304,0.02457270398736,0.009221326559782,0.0245046559721231,0.0010256645036861,0.0076335687190294,-0.0061162505298852,-0.0070706764236092,0.0139535116031765,0.0122075164690613,0.0,0.0075376695021986,0.0005170748918317,0.012967593036592,-0.0076962350867688,-0.0103396894410252,0.0289626121520996,0.0024875241797417,0.0106438985094428,0.0009925785707309,0.0010655544465407,-0.0109072541818022,0.0080558331683278,0.0085213063284754,0.0026925764977931,-0.0099403951317071,0.0231405012309551,0.0010040390770882,0.0072141597047448,-0.003009095788002,-0.0005546438624151,0.0261569656431675,0.0163472890853881,-0.002941150451079,-0.0033707567490637,-0.037856463342905,0.0446008369326591,0.000510997895617,-0.0345608331263065,0.0112359197810292,0.023781893774867,0.0,0.0075978464446961,-0.0101009523496031,-0.0052325669676065,0.003061197232455,0.0348977074027061,0.0020346345845609,0.0439698956906795,0.0126903550699353,-0.0074813487008214,-0.0035088520962744,-0.0165541730821132,-0.0160965640097856,-0.0109157254919409,0.0117587652057409,-0.0066265426576137,-0.0303183607757091,-0.0006020606961101,-0.0088587841019034,-0.0212138313800096,0.0094637386500835,0.0,0.0,-0.0087617710232734,-0.0062500433996319,0.0130178239196538,-0.0052411099895834,-0.023121366277337,0.0194942485541105,-0.0187180899083614,-0.015503934584558,0.0108944159001112,-0.0094487350434064,0.0069284550845623,0.0211976468563079,-0.0673128738999366,-0.0020758130121976,0.0097879450768232,0.0041601625271141,-0.0010863909265026,-0.0155359525233507,0.0027232698630541,0.0094687165692448,0.0279955193400383,0.0067743179388344,-0.0044593042694032,0.0103520061820745,0.0170068684965372,0.0076844063587486,-0.0039525520987808,-0.0254194196313619,0.0260717757046222,-0.0046948436647653,-0.0176436807960271,-0.0073374942876398,-0.0330214835703373,0.0158394519239664,0.0055340556427836,0.0171517636626958,0.0325714126229286,-0.0183955356478691,0.0441527292132377,-0.0109317591413855,0.0339297465980052,0.0215789396315813,-0.0234940536320209,0.0020608406048268,-0.0218031201511621,0.0159382745623588,-0.0269496105611324,-0.0096154119819402,0.0240751523524522,-0.0848237052559852,-0.0223880242556333,-0.0090497890487313,-0.0039741643704473,-0.0437405220235331,-0.0009965351006117,-0.0588235370533549,0.0177664196052196,-0.0120663556758106,0.0282050890335132,0.0211161418856922,0.0287326559918172,-0.0165912499744121,0.2190076466754358,-0.0995474962099589,0.1539285731575674,2019-02-06,2019-02-07,2019-02-08,2019-02-11,2019-02-12,2019-02-13,2019-02-14,2019-02-15,2019-02-19,2019-02-20,77157.0,2019-02-05,252.0,-0.7980%,-0.0001,1.1925,0.3761,0.628,1.7311%,2.1291%,33.8893%,-0.009171,OI,77157.0,2019-02-06,252.0,-0.9050%,-0.0001,1.1679,0.3842,0.6028,1.7291%,2.0923%,31.7080%,-0.006928,OI,77157.0,2019-02-07,252.0,-3.5008%,-0.0003,1.1663,0.3973,0.5952,1.7345%,2.0950%,31.4539%,-0.026098,OI,77157.0,2019-02-08,252.0,-1.5773%,-0.0005,1.1697,0.3633,0.5868,1.7173%,2.0823%,31.9875%,-0.013014,OI,77157.0,2019-02-11,252.0,2.4573%,-0.0003,1.1577,0.4012,0.601,1.7199%,2.0653%,30.6553%,0.019088,OI,77157.0,2019-02-12,252.0,2.4505%,-0.0002,1.1811,0.3785,0.617,1.7097%,2.0685%,31.6840%,0.009602,OI,77157.0,2019-02-13,252.0,0.7634%,-0.0001,1.185,0.3734,0.617,1.7092%,2.0688%,31.7397%,0.003568,OI,77157.0,2019-02-14,252.0,-0.7071%,-0.0001,1.1865,0.3722,0.617,1.7077%,2.0684%,31.8389%,-0.003045,OI,77157.0,2019-02-15,252.0,1.2208%,-0.0001,1.1898,0.3747,0.6217,1.7072%,2.0680%,31.8488%,-0.005191,OI,77157.0,2019-02-19,252.0,0.7538%,-0.0001,1.1871,0.3807,0.6287,1.7060%,2.0646%,31.7179%,0.002225,OI,77157.0,2019-02-20,252.0,1.2968%,-0.0001,1.1884,0.3819,0.6331,1.7063%,2.0658%,31.7730%,0.006317,OI,-0.016099,-0.042197,-0.0552109999999999,-0.0265209999999999,-0.0226469999999999
34907,OPKO HEALTH INC,OPKO Health Option Alert: Mar 15 $3 Puts Sweep (234) near the Bid: 2212 @ $0.35 vs 7710 OI; Earnings 2/28 After Close [est] Ref=$2.915,6,decrease,0.7,0.6,"the significant put option activity suggests bearish sentiment among investors, indicating they expect the stock price to decline, especially ahead of the earnings report.",0,2019-02-05,OPK,2019-02-05 14:39:00+00:00,82567.0,68375N10,-0.1562499850988388,33388843.0,-0.0471380837261676,-0.0194985885173082,-0.0247349590063095,-0.02445656247437,-0.0253622941672802,-0.0107526779174804,0.0185873433947563,0.047887347638607,0.0328466854989528,0.0230547320097684,-0.0212013944983482,-0.0892388224601745,0.0072202095761895,0.0325202941894531,0.0250895824283361,0.0165289100259542,-0.013986000791192,-0.0135869430378079,-0.0248226728290319,-0.0315789170563221,-0.003636360168457,0.0215053558349609,0.0255474206060171,-0.002680962672457,0.0106761464849114,-0.0132275009527802,-0.0035211234353482,0.0216215997934341,-0.0176678281277418,-0.0339425280690193,-0.0827338173985481,0.0213333126157522,0.0745098292827606,0.027397233992815,-0.0255474206060171,0.0082873506471514,-0.0074906293302774,-0.0136240301653742,-0.033962320536375,0.0367231965065002,-0.0078124925494194,0.0792682915925979,-0.0275590289384126,-0.0030395109206438,0.0404857918620109,0.0930232480168342,-0.0116731412708759,-0.0474683828651905,0.0039370041340589,0.249011904001236,-0.050980344414711,-0.0039370041340589,0.0371900461614131,0.0325202941894531,0.0039840601384639,-0.039062462747097,-0.0039682500064373,-0.055350586771965,-0.0199203006923198,-0.0491227619349956,0.1056910529732704,-0.0531561747193336,-0.0698529630899429,-0.0504732131958007,-0.0039525656029582,-0.0364741310477256,0.0198412518948316,-0.0351906530559063,-0.0428015179932117,0.0209581349045038,0.0284552574157714,0.0030030002817511,0.0316205248236656,0.0030120452865958,-0.0114942425861954,0.0121951103210449,-0.023255793377757,0.0092307608574628,0.0198412518948316,-0.0687679126858711,-0.0116731412708759,-0.0742705464363098,0.0275590289384126,0.0080213826149702,-0.0306513123214244,0.0303029995411634,-0.011857695877552,0.0491329692304134,0.0159999839961528,0.0613497085869312,-0.0393700413405895,-0.0632183998823165,0.0163934268057346,0.0116278957575559,-0.0080645084381103,-0.0309858862310648,0.0040650367736816,0.0028248562011867,-0.0242914743721485,0.0260869320482015,-0.0041493736207485,-0.0308988466858863,-0.025000074878335,0.0084985755383968,0.0299146044999361,0.0928792431950569,-0.0331950858235359,-0.074498564004898,0.0128755243495106,-0.0630872249603271,0.0423729456961154,0.2055016160011292,-0.0162601470947265,-0.1146132051944733,-0.0123966820538044,-0.0958548933267593,-0.0376569665968418,0.0376343727111816,0.0304347537457943,0.047887347638607,-0.0471380837261676,-0.0194985885173082,-0.0707070841638743,-0.0434782825434426,-0.0942760844628797,-0.0537634524923282,-0.047138080423781,0.0144092095309793,-0.0740740825512837,-0.0736841991285418,-0.1717171617401697,0.2350877617453044,-0.202020242009106,-0.0084506922696364,2019-02-06,2019-02-07,2019-02-08,2019-02-11,2019-02-12,2019-02-13,2019-02-14,2019-02-15,2019-02-19,2019-02-20,82567.0,2019-02-05,248.0,-15.6250%,0.0003,1.7717,2.0024,1.3652,5.0032%,5.3895%,13.8223%,-0.154854,OPK,82567.0,2019-02-06,248.0,-4.7138%,-0.0001,1.8356,1.9825,1.4222,5.0056%,5.3949%,13.9104%,-0.044096,OPK,82567.0,2019-02-07,248.0,-2.4735%,-0.0002,1.819,2.0083,1.4167,5.0016%,5.3873%,13.8080%,-0.010733,OPK,82567.0,2019-02-08,248.0,-2.5362%,-0.0001,1.8207,2.0607,1.4582,4.9916%,5.3818%,13.9771%,-0.0183289999999999,OPK,82567.0,2019-02-11,248.0,1.8587%,-0.0001,1.842,2.0392,1.4577,4.9904%,5.3805%,13.9750%,-0.001016,OPK,82567.0,2019-02-12,248.0,3.2847%,0.0001,1.8783,2.0001,1.4832,4.9794%,5.3794%,14.3190%,0.009765,OPK,82567.0,2019-02-13,248.0,-2.1201%,-0.0,1.8712,2.0004,1.4762,4.9826%,5.3799%,14.2232%,-0.028799,OPK,82567.0,2019-02-14,248.0,0.7220%,0.0001,1.8701,2.006,1.4683,4.9818%,5.3795%,14.2370%,0.00921,OPK,82567.0,2019-02-15,248.0,2.5090%,0.0002,1.8922,2.0249,1.503,4.9776%,5.3816%,14.4510%,-0.008206,OPK,82567.0,2019-02-19,248.0,-1.3986%,0.0001,1.8875,2.0062,1.4823,4.9808%,5.3821%,14.3588%,-0.0280629999999999,OPK,82567.0,2019-02-20,248.0,-2.4823%,0.0,1.8796,2.0055,1.4588,4.9817%,5.3815%,14.3069%,-0.041075,OPK,-0.19895,-0.2096829999999999,-0.228012,-0.2192629999999999,-0.3161959999999999
34915,OTTER TAIL CORP,Otter Tail Increases Quarterly Dividend From $0.335/Share To $0.35/Share,6,increase,0.8,0.6,"increasing the quarterly dividend typically signals financial health and can attract more investors, likely leading to a rise in stock price.",2,2019-02-05,OTTR,2019-02-05 17:06:00+00:00,60098.0,68964810,-0.0100575052201747,150223.0,-0.0082935458049178,0.0120482305064797,0.0265523009002208,-0.0063983770087361,0.0160896331071853,0.0202147625386714,0.0026057539507746,0.0061440872959792,-0.0033986801281571,0.0042553353123366,-0.0064192516729235,-0.0101095102727413,-0.001413248013705,-0.020627062767744,0.0228059235960245,0.0087390374392271,0.0051762321963906,-0.0031113403383642,-0.0160428080707788,-0.0033078324049711,0.0054347915574908,0.0041519775986671,-0.0002002429682761,0.0050072576850652,0.001802165643312,0.0118218576535582,-0.0065960027277469,0.0178340785205364,0.0048289308324456,-0.0200042258948087,0.0068081729114055,-0.0171771105378866,0.0069610639475286,0.0146997226402163,0.0055302935652434,-0.0209704041481018,-0.0137497698888182,0.0289824176579713,-0.0029874071478843,-0.0281660966575145,0.0027966317720711,0.026376873254776,0.0045816642232239,-0.0089920600876212,0.0220107194036245,-0.0366639755666256,-0.0095072109252214,0.0022208886221051,-0.0060724304057657,0.0237701050937175,-0.0065037803724408,-0.0002066195884253,-0.0055544292554259,0.0172377489507198,0.0003989718097727,-0.0447791069746017,-0.0207378044724464,0.0008038769592531,-0.0020362916402518,0.0150958355516195,0.0036727262195199,-0.0108959022909402,-0.0124008292332291,-0.0044193933717906,0.0067928778007626,-0.0175646226853132,0.0192189458757638,-0.0105448337271809,0.0088265286758542,-0.0071733761578798,-0.0089481156319379,0.0109761143103241,-0.0004012933059129,0.0208083409816026,-0.0044159218668937,0.0220858491957187,-0.014516077004373,0.0094963442534208,-0.001636698609218,0.0116958552971482,0.0077869072556495,-0.0319449678063392,0.0203334689140319,0.0110384495928883,-0.0085691567510366,0.0117890322580933,-0.000402019242756,-0.010235414840281,-0.0054293274879455,0.0273396261036396,0.0004043764201924,-0.002308027818799,0.0220291055738925,0.0012605331139639,0.0087007833644747,0.0074073751457035,-0.0096059180796146,-0.0025332265067845,0.0005938000394962,-0.0075424388051033,-0.0009891046211123,-0.0132313296198844,-0.0073267114348709,0.0129842711612582,0.0055854534730315,0.0084477625787258,0.0057528452016413,-0.0019882859196513,0.0011833837488666,0.0012572832638397,0.0035461054649204,-0.0142532251775264,-0.0011778083862736,-0.0004129766311962,0.0082546807825565,0.0087482193484902,-0.0161792989820241,0.0115886908024549,0.00673667807132,0.0525615215301513,-0.0082935458049178,0.0120482305064797,0.0180385423715612,0.0055727643766749,0.0344184090072934,0.0259001790239048,0.0335890306345498,0.036595770855262,0.0374054126809066,0.007235937312584,0.0234145968324916,-0.0061199327611454,0.061001814307652,0.0881502318103604,2019-02-06,2019-02-07,2019-02-08,2019-02-11,2019-02-12,2019-02-13,2019-02-14,2019-02-15,2019-02-19,2019-02-20,60098.0,2019-02-05,252.0,-1.0058%,0.0007,0.4556,0.2902,0.0784,1.2498%,1.3512%,14.4458%,-0.01147,OTTR,60098.0,2019-02-06,252.0,-0.8294%,0.0007,0.4173,0.3027,0.0395,1.2423%,1.3300%,12.7556%,-0.007417,OTTR,60098.0,2019-02-07,252.0,2.6552%,0.0009,0.4201,0.2863,0.0484,1.2512%,1.3373%,12.4668%,0.030573,OTTR,60098.0,2019-02-08,252.0,1.6090%,0.001,0.4177,0.2785,0.0331,1.2543%,1.3404%,12.4244%,0.015802,OTTR,60098.0,2019-02-11,252.0,0.2606%,0.0009,0.4267,0.2686,0.0325,1.2535%,1.3399%,12.4699%,7e-06,OTTR,60098.0,2019-02-12,252.0,-0.3399%,0.0008,0.4045,0.2896,0.0174,1.2419%,1.3241%,12.0319%,-0.009301,OTTR,60098.0,2019-02-13,252.0,-0.6419%,0.0008,0.4094,0.2778,0.0132,1.2401%,1.3236%,12.2093%,-0.007838,OTTR,60098.0,2019-02-14,252.0,-0.1413%,0.0007,0.4091,0.2758,0.0171,1.2367%,1.3197%,12.1806%,-0.002022,OTTR,60098.0,2019-02-15,252.0,2.2806%,0.0009,0.4409,0.3062,0.0712,1.2305%,1.3219%,13.3579%,0.017312,OTTR,60098.0,2019-02-19,252.0,0.5176%,0.0008,0.4357,0.3155,0.0821,1.2253%,1.3146%,13.1323%,0.0031369999999999,OTTR,60098.0,2019-02-20,252.0,-1.6043%,0.0007,0.4295,0.2975,0.059,1.2294%,1.3171%,12.8719%,-0.018116,OTTR,-0.018887,0.011686,0.027488,0.018194,0.010667
34923,PAR TECHNOLOGY CORP,Roth Capital Initiates Coverage On PAR Technology with Buy Rating,6,increase,0.8,0.6,"initiating coverage with a 'buy' rating typically signals positive sentiment and can attract investor interest, likely leading to an increase in stock price.",2,2019-02-05,PAR,2019-02-05 13:38:00+00:00,61146.0,69888410,0.0004113627655897,61063.0,0.0275493450462818,-0.0081599662080407,-0.0212085116654634,-0.0168471746146678,0.0126738101243972,0.0146520398557186,-0.0028259868267923,0.000814682629425,0.0230769105255603,0.0169842522591352,0.0514443702995777,-0.0226721204817295,0.0022581657394766,0.0347716771066188,0.0045062275603413,0.0020991244819015,0.0340186841785907,0.0080406488850712,-0.0014460957609117,-0.0417680740356445,0.0025343841407448,0.0262171924114227,-0.0133622549474239,0.0751677975058555,0.0175695288926363,0.0332871600985527,-0.0122302221134305,-0.0023063258267939,-0.0003641049552243,-0.0050482149235904,-0.0174863915890455,0.0258945934474468,-0.0292917694896459,-0.0046860533766448,-0.0427807793021202,-0.015228422358632,-0.0007980267982929,0.0478723272681236,-0.0019968508277088,-0.0019304541638121,-0.028411328792572,0.0339320525527,-0.0024712262675166,-0.1001346856355667,0.0293146576732397,0.0239080674946308,0.0024067175108939,-0.0176151487976312,-0.0136054484173655,0.1086630001664162,0.0170385427772998,0.0357883088290691,-0.0235341116786003,0.0740946978330612,-0.0502450801432132,0.0540223158895969,-0.0464516095817089,-0.0411035791039466,0.0509697422385215,-0.0166112538427114,0.0515021793544292,-0.0114943068474531,-0.0416326709091663,0.0398406833410263,0.0136286076158285,-0.0844190120697021,0.0491596683859825,-0.0337361544370651,-0.0228273812681436,0.0050607481971383,-0.0286884773522615,0.0201341956853866,0.0320674404501915,-0.0005159092834219,0.0261652208864688,0.010954569093883,0.0266932304948568,-0.0164186600595712,-0.0100892595946788,0.0263296477496624,-0.0188161320984363,-0.0413932204246521,0.0431482195854187,-0.0030196965672075,0.0034469610545784,0.0106816375628113,-0.0469466187059879,-0.0005084000295028,-0.1369643658399582,0.0586652383208274,0.053828302770853,0.037409272044897,-0.0176133699715137,0.0061798100359737,0.0192738827317953,0.040327213704586,-0.0087950248271226,0.0332126319408416,-0.0137533880770206,0.0184501372277736,-0.0085469465702772,-0.0121505996212363,-0.0063521456904709,0.003658503992483,0.0132420510053634,0.0167390257120132,-0.0234340000897646,-0.0312312599271535,-0.0078449500724673,0.0084796724840998,0.015813959762454,-0.0259587317705154,0.0856226608157157,-0.1116351783275604,0.0,-0.0144628444686532,0.0248840227723121,0.0476191081106662,0.0106995981186628,0.0295263938605785,0.0275493450462818,-0.0081599662080407,0.0057565527750285,-0.0248696684471519,0.0185033203562676,-0.0105820199647195,0.0390625316437236,0.0070422565937562,0.1356908368752334,-0.0141930410970252,-0.0419408111629393,0.346068664416473,0.0098684123472458,0.3543174621783087,2019-02-06,2019-02-07,2019-02-08,2019-02-11,2019-02-12,2019-02-13,2019-02-14,2019-02-15,2019-02-19,2019-02-20,61146.0,2019-02-05,252.0,0.0411%,0.0038,0.5996,1.0684,-1.4234,3.7383%,4.0307%,13.9802%,-0.010203,PAR,61146.0,2019-02-06,252.0,2.7549%,0.0042,0.4907,1.103,-1.5273,3.7198%,4.0089%,13.9026%,0.029872,PAR,61146.0,2019-02-07,252.0,-2.1209%,0.004,0.484,1.1173,-1.5322,3.7191%,4.0099%,13.9778%,-0.009355,PAR,61146.0,2019-02-08,252.0,1.2674%,0.0041,0.4841,1.133,-1.5216,3.7177%,4.0089%,13.9988%,0.001008,PAR,61146.0,2019-02-11,252.0,-0.2826%,0.0039,0.5152,1.0876,-1.5298,3.7148%,4.0089%,14.1322%,-0.007582,PAR,61146.0,2019-02-12,252.0,2.3077%,0.004,0.5268,1.0795,-1.5224,3.7146%,4.0096%,14.1732%,0.013153,PAR,61146.0,2019-02-13,252.0,5.1444%,0.0042,0.5387,1.0781,-1.5114,3.7253%,4.0201%,14.1260%,0.050287,PAR,61146.0,2019-02-14,252.0,0.2258%,0.0043,0.544,1.0707,-1.5062,3.7232%,4.0181%,14.1431%,-0.011083,PAR,61146.0,2019-02-15,252.0,0.4506%,0.0044,0.5614,1.0862,-1.4781,3.7205%,4.0163%,14.1876%,0.002812,PAR,61146.0,2019-02-19,252.0,3.4019%,0.0045,0.569,1.1022,-1.4606,3.7251%,4.0200%,14.1341%,0.034136,PAR,61146.0,2019-02-20,252.0,-0.1446%,0.0039,0.5543,1.0025,-1.5308,3.5975%,3.9012%,14.9601%,0.0029809999999999,PAR,0.019669,0.0103139999999999,0.0113219999999999,0.016893,0.0960259999999999
34931,PAYCOM SOFTWARE INC,"Paycom Sees Q1 Adj. EBITDA $97M-$99M; FY19 Sales $710M-$712M, Adj. EBITDA $288M-$290M",6,increase,0.7,0.6,"the positive outlook for q1 adjusted ebitda and full-year sales suggests strong financial performance, which is likely to boost investor confidence and increase the stock price.",2,2019-02-05,PAYC,2019-02-05 21:10:00+00:00,14579.0,70432V10,0.0064119002781808,1025877.0,0.0775993391871452,0.0338747128844261,-0.0057349014095962,0.0176065880805254,0.046322226524353,0.0184117071330547,-0.0213116612285375,0.0274581741541624,0.0065616955980658,-0.0161805674433708,-0.0016153154429048,0.0066410130821168,0.030740825459361,0.0329265445470809,0.0229285582900047,0.0107283694669604,-0.0159478466957807,0.003515533870086,-0.0140343299135565,0.0022019068710505,0.0106755504384636,0.0304039046168327,0.0298999957740306,0.0063936389051377,-0.0160082317888736,0.0046646827831864,-0.0049633770249783,0.049771249294281,0.0126919504255056,-0.0214454308152198,-0.005418156273663,-0.0101858144626021,0.0003852271183859,0.0010897438041865,-0.0240924358367919,0.0104609234258532,0.0064818463288247,0.0244138166308403,-0.0164081752300262,0.025533003732562,0.0033591229002922,0.0387982539832592,0.0104976799339056,-0.0267334748059511,0.0172956082969903,-0.0224581472575664,0.0062375226989388,0.0099801970645785,-0.0069120335392653,-0.0041889292187988,0.0128155956044793,0.0127266570925712,-0.0076902299188077,0.0778196156024932,-0.0013740793801844,-0.0301712993532419,0.0078705083578825,-0.0380561687052249,-0.0062800017185509,-0.0330772660672664,0.0444029346108436,-0.0097701707854866,-0.0467771589756012,0.0123226940631866,0.0146279195323586,-0.055657610297203,0.0103368107229471,-0.020545931532979,-0.0147542152553796,-0.0091388346627354,0.0203312076628208,0.0225649699568748,0.0130698075518012,-0.0007592324982397,0.0060804411768913,0.016044445335865,0.0023123945575207,-0.0294228326529264,-0.0021497674752026,0.0196183770895004,-0.0347853265702724,-0.0276849679648876,-0.001143267028965,0.0147623065859079,0.0041966661810874,0.0106569929048419,0.0004884469090029,0.0101498812437057,0.0176304653286933,0.0704585164785385,0.0052774962969124,-0.0109094195067882,0.0009544632048346,0.0308854412287473,0.0074168741703033,-0.0074141900986433,-0.0066786087118089,0.0529824644327163,-0.0103234527632594,0.0072450935840606,0.0107520837336778,-0.0844523683190345,0.0065626120194792,-0.008660739287734,0.0232924576848745,0.014480953104794,-0.0103791439905762,-0.0063055683858692,0.020456837490201,0.0090545769780874,0.0179607924073934,-0.0344963744282722,-0.0101465182378888,-0.0028273039497435,0.0226722154766321,-0.00701859081164,-0.0052831289358437,0.0411658957600593,4.961037848261185e-05,-0.0086130537092685,0.0775993391871452,0.0338747128844261,0.0714194132178609,0.0520777190810537,0.121049945979528,0.0714482659259863,0.1043577294714654,0.0830556055741853,0.1279305935328181,0.1447445733252708,0.1593399177736902,0.2613020972563451,0.283575385016793,0.2554133669391474,2019-02-06,2019-02-07,2019-02-08,2019-02-11,2019-02-12,2019-02-13,2019-02-14,2019-02-15,2019-02-19,2019-02-20,14579.0,2019-02-05,252.0,0.6412%,0.0019,1.2595,0.6554,-1.3233,1.9003%,2.7257%,51.3943%,-0.006563,PAYC,14579.0,2019-02-06,252.0,7.7599%,0.0022,1.2293,0.6638,-1.3424,1.9625%,2.7455%,48.9052%,0.081262,PAYC,14579.0,2019-02-07,252.0,-0.5735%,0.0023,1.2219,0.6691,-1.3408,1.9626%,2.7407%,48.7178%,0.011695,PAYC,14579.0,2019-02-08,252.0,4.6322%,0.0025,1.2155,0.6821,-1.359,1.9684%,2.7487%,48.7154%,0.035536,PAYC,14579.0,2019-02-11,252.0,-2.1312%,0.0023,1.2435,0.619,-1.3784,1.9689%,2.7495%,48.7207%,-0.0244899999999999,PAYC,14579.0,2019-02-12,252.0,0.6562%,0.0022,1.2403,0.6121,-1.3788,1.9706%,2.7496%,48.6364%,-0.012917,PAYC,14579.0,2019-02-13,252.0,-0.1615%,0.0022,1.2422,0.6061,-1.3816,1.9706%,2.7489%,48.6094%,-0.00459,PAYC,14579.0,2019-02-14,252.0,3.0741%,0.0021,1.2348,0.6153,-1.387,1.9567%,2.7371%,48.8971%,0.022085,PAYC,14579.0,2019-02-15,252.0,2.2929%,0.0021,1.2261,0.6088,-1.3994,1.9541%,2.7322%,48.8496%,0.013995,PAYC,14579.0,2019-02-19,252.0,-1.5948%,0.002,1.2203,0.6008,-1.4079,1.9569%,2.7288%,48.5732%,-0.015945,PAYC,14579.0,2019-02-20,252.0,-1.4034%,0.002,1.2172,0.5957,-1.4183,1.9582%,2.7307%,48.5773%,-0.010031,PAYC,0.074699,0.086394,0.12193,0.084523,0.090037
34939,PAYCOM SOFTWARE INC,"Paycom Software Q4 EPS $0.61 Beats $0.56 Estimate, Sales $150.3M Beat $143.81M Estimate",6,increase,0.8,0.7,"the earnings per share and sales figures both exceeded estimates, which typically signals strong performance and can lead to a positive reaction in the stock price.",2,2019-02-05,PAYC,2019-02-05 21:10:00+00:00,14579.0,70432V10,0.0064119002781808,1025877.0,0.0775993391871452,0.0338747128844261,-0.0057349014095962,0.0176065880805254,0.046322226524353,0.0184117071330547,-0.0213116612285375,0.0274581741541624,0.0065616955980658,-0.0161805674433708,-0.0016153154429048,0.0066410130821168,0.030740825459361,0.0329265445470809,0.0229285582900047,0.0107283694669604,-0.0159478466957807,0.003515533870086,-0.0140343299135565,0.0022019068710505,0.0106755504384636,0.0304039046168327,0.0298999957740306,0.0063936389051377,-0.0160082317888736,0.0046646827831864,-0.0049633770249783,0.049771249294281,0.0126919504255056,-0.0214454308152198,-0.005418156273663,-0.0101858144626021,0.0003852271183859,0.0010897438041865,-0.0240924358367919,0.0104609234258532,0.0064818463288247,0.0244138166308403,-0.0164081752300262,0.025533003732562,0.0033591229002922,0.0387982539832592,0.0104976799339056,-0.0267334748059511,0.0172956082969903,-0.0224581472575664,0.0062375226989388,0.0099801970645785,-0.0069120335392653,-0.0041889292187988,0.0128155956044793,0.0127266570925712,-0.0076902299188077,0.0778196156024932,-0.0013740793801844,-0.0301712993532419,0.0078705083578825,-0.0380561687052249,-0.0062800017185509,-0.0330772660672664,0.0444029346108436,-0.0097701707854866,-0.0467771589756012,0.0123226940631866,0.0146279195323586,-0.055657610297203,0.0103368107229471,-0.020545931532979,-0.0147542152553796,-0.0091388346627354,0.0203312076628208,0.0225649699568748,0.0130698075518012,-0.0007592324982397,0.0060804411768913,0.016044445335865,0.0023123945575207,-0.0294228326529264,-0.0021497674752026,0.0196183770895004,-0.0347853265702724,-0.0276849679648876,-0.001143267028965,0.0147623065859079,0.0041966661810874,0.0106569929048419,0.0004884469090029,0.0101498812437057,0.0176304653286933,0.0704585164785385,0.0052774962969124,-0.0109094195067882,0.0009544632048346,0.0308854412287473,0.0074168741703033,-0.0074141900986433,-0.0066786087118089,0.0529824644327163,-0.0103234527632594,0.0072450935840606,0.0107520837336778,-0.0844523683190345,0.0065626120194792,-0.008660739287734,0.0232924576848745,0.014480953104794,-0.0103791439905762,-0.0063055683858692,0.020456837490201,0.0090545769780874,0.0179607924073934,-0.0344963744282722,-0.0101465182378888,-0.0028273039497435,0.0226722154766321,-0.00701859081164,-0.0052831289358437,0.0411658957600593,4.961037848261185e-05,-0.0086130537092685,0.0775993391871452,0.0338747128844261,0.0714194132178609,0.0520777190810537,0.121049945979528,0.0714482659259863,0.1043577294714654,0.0830556055741853,0.1279305935328181,0.1447445733252708,0.1593399177736902,0.2613020972563451,0.283575385016793,0.2554133669391474,2019-02-06,2019-02-07,2019-02-08,2019-02-11,2019-02-12,2019-02-13,2019-02-14,2019-02-15,2019-02-19,2019-02-20,14579.0,2019-02-05,252.0,0.6412%,0.0019,1.2595,0.6554,-1.3233,1.9003%,2.7257%,51.3943%,-0.006563,PAYC,14579.0,2019-02-06,252.0,7.7599%,0.0022,1.2293,0.6638,-1.3424,1.9625%,2.7455%,48.9052%,0.081262,PAYC,14579.0,2019-02-07,252.0,-0.5735%,0.0023,1.2219,0.6691,-1.3408,1.9626%,2.7407%,48.7178%,0.011695,PAYC,14579.0,2019-02-08,252.0,4.6322%,0.0025,1.2155,0.6821,-1.359,1.9684%,2.7487%,48.7154%,0.035536,PAYC,14579.0,2019-02-11,252.0,-2.1312%,0.0023,1.2435,0.619,-1.3784,1.9689%,2.7495%,48.7207%,-0.0244899999999999,PAYC,14579.0,2019-02-12,252.0,0.6562%,0.0022,1.2403,0.6121,-1.3788,1.9706%,2.7496%,48.6364%,-0.012917,PAYC,14579.0,2019-02-13,252.0,-0.1615%,0.0022,1.2422,0.6061,-1.3816,1.9706%,2.7489%,48.6094%,-0.00459,PAYC,14579.0,2019-02-14,252.0,3.0741%,0.0021,1.2348,0.6153,-1.387,1.9567%,2.7371%,48.8971%,0.022085,PAYC,14579.0,2019-02-15,252.0,2.2929%,0.0021,1.2261,0.6088,-1.3994,1.9541%,2.7322%,48.8496%,0.013995,PAYC,14579.0,2019-02-19,252.0,-1.5948%,0.002,1.2203,0.6008,-1.4079,1.9569%,2.7288%,48.5732%,-0.015945,PAYC,14579.0,2019-02-20,252.0,-1.4034%,0.002,1.2172,0.5957,-1.4183,1.9582%,2.7307%,48.5773%,-0.010031,PAYC,0.074699,0.086394,0.12193,0.084523,0.090037
34947,PITNEY BOWES INC,Pitney Bowes Cuts Quarterly Dividend From $0.1875 To $0.05/Share,6,decrease,0.8,0.7,"cutting the quarterly dividend typically signals financial distress or a need to conserve cash, which can lead to a decrease in investor confidence and a subsequent drop in stock price.",0,2019-02-05,PBI,2019-02-05 12:10:00+00:00,24459.0,72447910,-0.0222222357988357,12014039.0,0.0348484888672828,-0.0425532162189483,0.0248902011662721,-0.0221913792192935,-0.0157143045216798,-0.0027662490028887,0.0449927374720573,0.0,-0.0208332818001508,0.0083681931719183,-0.004255348816514,0.0056100925430655,0.002848973032087,0.0229555703699588,0.0085837515071034,0.0057720001786947,-0.004255348816514,-0.0128205344080925,0.0085470005869865,-0.0181818343698978,-0.0070621063932776,-0.0192043706774711,0.1180654168128967,0.0,-0.0445292480289936,0.008298747241497,-0.0292943082749843,0.0358166173100471,0.0246913339942693,0.0189781188964843,-0.0374832302331924,-0.0072464044205844,-0.0097357677295804,0.0267857611179351,-0.0028089862316846,0.0059880185872316,-0.0183098763227462,0.0261136088520288,-0.0143471891060471,0.0046296617947518,-0.0407568775117397,0.0854271799325943,-0.0045523839071393,-0.0261011943221092,0.0198170915246009,0.0372250899672508,0.0284006055444479,-0.0083892941474914,0.0145348692312836,0.0016807108186185,-0.0200572870671749,-0.0066777900792658,0.0014619519934058,0.0583038739860057,0.0043795928359031,-0.0535117350518703,-0.015988390892744,-0.0582676976919174,-0.0221565868705511,-0.0031397144775837,0.0211480893194675,0.0015722879907116,-0.0621301867067813,0.009523800574243,-0.006309141870588,-0.0366972126066684,0.0142856622114777,-0.0452554672956466,0.051643181592226,-0.0352112688124179,0.020833384245634,0.011396000161767,0.001457689795643,0.0173912867903709,0.0262009184807539,-0.026798315346241,-0.0326241143047809,-0.0392953865230083,-0.0234604571014642,-0.0340313799679279,0.0195195376873016,-0.0990565717220306,0.0103093041107058,0.0047393320128321,-0.0102041065692901,0.011990338563919,-0.0103093041107058,-0.0023922852706164,0.0297619476914405,0.0245097801089286,-0.0028901705518364,0.0061652520671486,-0.0086956433951854,0.0201257672160863,-0.0058479476720094,0.0050568850710988,0.0338235311210155,0.0219638347625732,-0.0028449473902583,-0.0127551509067416,0.0099856909364461,-0.0210365448147058,-0.0240113101899623,-0.014423063956201,0.0376266613602638,0.0158730298280715,-0.0027893974911421,0.0327868536114692,-0.0181818343698978,0.0166666191071271,0.017094001173973,-0.0274314526468515,0.0042017102241516,-0.014742000028491,-0.0083681931719183,0.0124378586187958,-0.24472576379776,-0.0049504903145134,-0.014897565357387,0.0,0.0348484888672828,-0.0425532162189483,0.0606060759318023,-0.0638002808801266,0.043939389077066,-0.0663900424196468,0.0681818636656805,-0.0585774139473879,0.0804005780500325,-0.0559440677098839,0.0102050525828529,0.0596546545656,-0.1927515374086994,-0.1446247755823961,2019-02-06,2019-02-07,2019-02-08,2019-02-11,2019-02-12,2019-02-13,2019-02-14,2019-02-15,2019-02-19,2019-02-20,24459.0,2019-02-05,252.0,-2.2222%,-0.002,1.2675,1.3353,0.7366,2.1209%,2.5561%,31.1569%,-0.022331,PBI,24459.0,2019-02-06,252.0,3.4848%,-0.0019,1.2997,1.3243,0.7737,2.1312%,2.5617%,30.7902%,0.037155,PBI,24459.0,2019-02-07,252.0,2.4890%,-0.0017,1.2918,1.3182,0.7831,2.1441%,2.5664%,30.2043%,0.0355819999999999,PBI,24459.0,2019-02-08,252.0,-1.5714%,-0.0017,1.2933,1.3319,0.7983,2.1437%,2.5674%,30.2823%,-0.012233,PBI,24459.0,2019-02-11,252.0,4.4993%,-0.0016,1.301,1.3709,0.8234,2.1543%,2.5764%,30.0798%,0.032455,PBI,24459.0,2019-02-12,252.0,-2.0833%,-0.0016,1.2886,1.3605,0.8189,2.1650%,2.5793%,29.5414%,-0.037501,PBI,24459.0,2019-02-13,252.0,-0.4255%,-0.0017,1.2862,1.3614,0.8172,2.1655%,2.5783%,29.4583%,-0.009353,PBI,24459.0,2019-02-14,252.0,0.2849%,-0.0017,1.2854,1.3642,0.8136,2.1655%,2.5785%,29.4652%,0.003111,PBI,24459.0,2019-02-15,252.0,0.8584%,-0.0016,1.2947,1.3712,0.8271,2.1629%,2.5789%,29.6621%,-0.013357,PBI,24459.0,2019-02-19,252.0,-0.4255%,-0.0017,1.2908,1.3663,0.8218,2.1639%,2.5776%,29.5222%,-0.013273,PBI,24459.0,2019-02-20,252.0,0.8547%,-0.0017,1.2908,1.3665,0.822,2.1639%,2.5780%,29.5476%,-0.001532,PBI,0.014824,0.0504059999999999,0.0381729999999999,0.033127,-0.001277
34955,PITNEY BOWES INC,Pitney Bowes Adds $100M To Buyback,6,increase,0.7,0.6,the announcement of a $100 million buyback typically signals confidence in the company's financial health and can lead to an increase in stock price due to reduced share supply and positive investor sentiment.,2,2019-02-05,PBI,2019-02-05 12:09:00+00:00,24459.0,72447910,-0.0222222357988357,12014039.0,0.0348484888672828,-0.0425532162189483,0.0248902011662721,-0.0221913792192935,-0.0157143045216798,-0.0027662490028887,0.0449927374720573,0.0,-0.0208332818001508,0.0083681931719183,-0.004255348816514,0.0056100925430655,0.002848973032087,0.0229555703699588,0.0085837515071034,0.0057720001786947,-0.004255348816514,-0.0128205344080925,0.0085470005869865,-0.0181818343698978,-0.0070621063932776,-0.0192043706774711,0.1180654168128967,0.0,-0.0445292480289936,0.008298747241497,-0.0292943082749843,0.0358166173100471,0.0246913339942693,0.0189781188964843,-0.0374832302331924,-0.0072464044205844,-0.0097357677295804,0.0267857611179351,-0.0028089862316846,0.0059880185872316,-0.0183098763227462,0.0261136088520288,-0.0143471891060471,0.0046296617947518,-0.0407568775117397,0.0854271799325943,-0.0045523839071393,-0.0261011943221092,0.0198170915246009,0.0372250899672508,0.0284006055444479,-0.0083892941474914,0.0145348692312836,0.0016807108186185,-0.0200572870671749,-0.0066777900792658,0.0014619519934058,0.0583038739860057,0.0043795928359031,-0.0535117350518703,-0.015988390892744,-0.0582676976919174,-0.0221565868705511,-0.0031397144775837,0.0211480893194675,0.0015722879907116,-0.0621301867067813,0.009523800574243,-0.006309141870588,-0.0366972126066684,0.0142856622114777,-0.0452554672956466,0.051643181592226,-0.0352112688124179,0.020833384245634,0.011396000161767,0.001457689795643,0.0173912867903709,0.0262009184807539,-0.026798315346241,-0.0326241143047809,-0.0392953865230083,-0.0234604571014642,-0.0340313799679279,0.0195195376873016,-0.0990565717220306,0.0103093041107058,0.0047393320128321,-0.0102041065692901,0.011990338563919,-0.0103093041107058,-0.0023922852706164,0.0297619476914405,0.0245097801089286,-0.0028901705518364,0.0061652520671486,-0.0086956433951854,0.0201257672160863,-0.0058479476720094,0.0050568850710988,0.0338235311210155,0.0219638347625732,-0.0028449473902583,-0.0127551509067416,0.0099856909364461,-0.0210365448147058,-0.0240113101899623,-0.014423063956201,0.0376266613602638,0.0158730298280715,-0.0027893974911421,0.0327868536114692,-0.0181818343698978,0.0166666191071271,0.017094001173973,-0.0274314526468515,0.0042017102241516,-0.014742000028491,-0.0083681931719183,0.0124378586187958,-0.24472576379776,-0.0049504903145134,-0.014897565357387,0.0,0.0348484888672828,-0.0425532162189483,0.0606060759318023,-0.0638002808801266,0.043939389077066,-0.0663900424196468,0.0681818636656805,-0.0585774139473879,0.0804005780500325,-0.0559440677098839,0.0102050525828529,0.0596546545656,-0.1927515374086994,-0.1446247755823961,2019-02-06,2019-02-07,2019-02-08,2019-02-11,2019-02-12,2019-02-13,2019-02-14,2019-02-15,2019-02-19,2019-02-20,24459.0,2019-02-05,252.0,-2.2222%,-0.002,1.2675,1.3353,0.7366,2.1209%,2.5561%,31.1569%,-0.022331,PBI,24459.0,2019-02-06,252.0,3.4848%,-0.0019,1.2997,1.3243,0.7737,2.1312%,2.5617%,30.7902%,0.037155,PBI,24459.0,2019-02-07,252.0,2.4890%,-0.0017,1.2918,1.3182,0.7831,2.1441%,2.5664%,30.2043%,0.0355819999999999,PBI,24459.0,2019-02-08,252.0,-1.5714%,-0.0017,1.2933,1.3319,0.7983,2.1437%,2.5674%,30.2823%,-0.012233,PBI,24459.0,2019-02-11,252.0,4.4993%,-0.0016,1.301,1.3709,0.8234,2.1543%,2.5764%,30.0798%,0.032455,PBI,24459.0,2019-02-12,252.0,-2.0833%,-0.0016,1.2886,1.3605,0.8189,2.1650%,2.5793%,29.5414%,-0.037501,PBI,24459.0,2019-02-13,252.0,-0.4255%,-0.0017,1.2862,1.3614,0.8172,2.1655%,2.5783%,29.4583%,-0.009353,PBI,24459.0,2019-02-14,252.0,0.2849%,-0.0017,1.2854,1.3642,0.8136,2.1655%,2.5785%,29.4652%,0.003111,PBI,24459.0,2019-02-15,252.0,0.8584%,-0.0016,1.2947,1.3712,0.8271,2.1629%,2.5789%,29.6621%,-0.013357,PBI,24459.0,2019-02-19,252.0,-0.4255%,-0.0017,1.2908,1.3663,0.8218,2.1639%,2.5776%,29.5222%,-0.013273,PBI,24459.0,2019-02-20,252.0,0.8547%,-0.0017,1.2908,1.3665,0.822,2.1639%,2.5780%,29.5476%,-0.001532,PBI,0.014824,0.0504059999999999,0.0381729999999999,0.033127,-0.001277
34963,PITNEY BOWES INC,Pitney Bowes Sees FY19 Adj. EPS $1.05-$1.20 vs $1.24 Est.,6,decrease,0.8,0.6,"the adjusted eps guidance for fy19 is below the analyst estimate, which is likely to lead to a negative reaction in the stock price.",0,2019-02-05,PBI,2019-02-05 12:08:00+00:00,24459.0,72447910,-0.0222222357988357,12014039.0,0.0348484888672828,-0.0425532162189483,0.0248902011662721,-0.0221913792192935,-0.0157143045216798,-0.0027662490028887,0.0449927374720573,0.0,-0.0208332818001508,0.0083681931719183,-0.004255348816514,0.0056100925430655,0.002848973032087,0.0229555703699588,0.0085837515071034,0.0057720001786947,-0.004255348816514,-0.0128205344080925,0.0085470005869865,-0.0181818343698978,-0.0070621063932776,-0.0192043706774711,0.1180654168128967,0.0,-0.0445292480289936,0.008298747241497,-0.0292943082749843,0.0358166173100471,0.0246913339942693,0.0189781188964843,-0.0374832302331924,-0.0072464044205844,-0.0097357677295804,0.0267857611179351,-0.0028089862316846,0.0059880185872316,-0.0183098763227462,0.0261136088520288,-0.0143471891060471,0.0046296617947518,-0.0407568775117397,0.0854271799325943,-0.0045523839071393,-0.0261011943221092,0.0198170915246009,0.0372250899672508,0.0284006055444479,-0.0083892941474914,0.0145348692312836,0.0016807108186185,-0.0200572870671749,-0.0066777900792658,0.0014619519934058,0.0583038739860057,0.0043795928359031,-0.0535117350518703,-0.015988390892744,-0.0582676976919174,-0.0221565868705511,-0.0031397144775837,0.0211480893194675,0.0015722879907116,-0.0621301867067813,0.009523800574243,-0.006309141870588,-0.0366972126066684,0.0142856622114777,-0.0452554672956466,0.051643181592226,-0.0352112688124179,0.020833384245634,0.011396000161767,0.001457689795643,0.0173912867903709,0.0262009184807539,-0.026798315346241,-0.0326241143047809,-0.0392953865230083,-0.0234604571014642,-0.0340313799679279,0.0195195376873016,-0.0990565717220306,0.0103093041107058,0.0047393320128321,-0.0102041065692901,0.011990338563919,-0.0103093041107058,-0.0023922852706164,0.0297619476914405,0.0245097801089286,-0.0028901705518364,0.0061652520671486,-0.0086956433951854,0.0201257672160863,-0.0058479476720094,0.0050568850710988,0.0338235311210155,0.0219638347625732,-0.0028449473902583,-0.0127551509067416,0.0099856909364461,-0.0210365448147058,-0.0240113101899623,-0.014423063956201,0.0376266613602638,0.0158730298280715,-0.0027893974911421,0.0327868536114692,-0.0181818343698978,0.0166666191071271,0.017094001173973,-0.0274314526468515,0.0042017102241516,-0.014742000028491,-0.0083681931719183,0.0124378586187958,-0.24472576379776,-0.0049504903145134,-0.014897565357387,0.0,0.0348484888672828,-0.0425532162189483,0.0606060759318023,-0.0638002808801266,0.043939389077066,-0.0663900424196468,0.0681818636656805,-0.0585774139473879,0.0804005780500325,-0.0559440677098839,0.0102050525828529,0.0596546545656,-0.1927515374086994,-0.1446247755823961,2019-02-06,2019-02-07,2019-02-08,2019-02-11,2019-02-12,2019-02-13,2019-02-14,2019-02-15,2019-02-19,2019-02-20,24459.0,2019-02-05,252.0,-2.2222%,-0.002,1.2675,1.3353,0.7366,2.1209%,2.5561%,31.1569%,-0.022331,PBI,24459.0,2019-02-06,252.0,3.4848%,-0.0019,1.2997,1.3243,0.7737,2.1312%,2.5617%,30.7902%,0.037155,PBI,24459.0,2019-02-07,252.0,2.4890%,-0.0017,1.2918,1.3182,0.7831,2.1441%,2.5664%,30.2043%,0.0355819999999999,PBI,24459.0,2019-02-08,252.0,-1.5714%,-0.0017,1.2933,1.3319,0.7983,2.1437%,2.5674%,30.2823%,-0.012233,PBI,24459.0,2019-02-11,252.0,4.4993%,-0.0016,1.301,1.3709,0.8234,2.1543%,2.5764%,30.0798%,0.032455,PBI,24459.0,2019-02-12,252.0,-2.0833%,-0.0016,1.2886,1.3605,0.8189,2.1650%,2.5793%,29.5414%,-0.037501,PBI,24459.0,2019-02-13,252.0,-0.4255%,-0.0017,1.2862,1.3614,0.8172,2.1655%,2.5783%,29.4583%,-0.009353,PBI,24459.0,2019-02-14,252.0,0.2849%,-0.0017,1.2854,1.3642,0.8136,2.1655%,2.5785%,29.4652%,0.003111,PBI,24459.0,2019-02-15,252.0,0.8584%,-0.0016,1.2947,1.3712,0.8271,2.1629%,2.5789%,29.6621%,-0.013357,PBI,24459.0,2019-02-19,252.0,-0.4255%,-0.0017,1.2908,1.3663,0.8218,2.1639%,2.5776%,29.5222%,-0.013273,PBI,24459.0,2019-02-20,252.0,0.8547%,-0.0017,1.2908,1.3665,0.822,2.1639%,2.5780%,29.5476%,-0.001532,PBI,0.014824,0.0504059999999999,0.0381729999999999,0.033127,-0.001277
34971,PITNEY BOWES INC,"Pitney Bowes Q4 Adj. EPS $0.38, Inline, Sales $947M Beat $933.93M Estimate",6,increase,0.7,0.5,"the company's sales beat estimates, which is generally a positive indicator for stock performance, despite the adjusted eps being inline with expectations.",2,2019-02-05,PBI,2019-02-05 12:06:00+00:00,24459.0,72447910,-0.0222222357988357,12014039.0,0.0348484888672828,-0.0425532162189483,0.0248902011662721,-0.0221913792192935,-0.0157143045216798,-0.0027662490028887,0.0449927374720573,0.0,-0.0208332818001508,0.0083681931719183,-0.004255348816514,0.0056100925430655,0.002848973032087,0.0229555703699588,0.0085837515071034,0.0057720001786947,-0.004255348816514,-0.0128205344080925,0.0085470005869865,-0.0181818343698978,-0.0070621063932776,-0.0192043706774711,0.1180654168128967,0.0,-0.0445292480289936,0.008298747241497,-0.0292943082749843,0.0358166173100471,0.0246913339942693,0.0189781188964843,-0.0374832302331924,-0.0072464044205844,-0.0097357677295804,0.0267857611179351,-0.0028089862316846,0.0059880185872316,-0.0183098763227462,0.0261136088520288,-0.0143471891060471,0.0046296617947518,-0.0407568775117397,0.0854271799325943,-0.0045523839071393,-0.0261011943221092,0.0198170915246009,0.0372250899672508,0.0284006055444479,-0.0083892941474914,0.0145348692312836,0.0016807108186185,-0.0200572870671749,-0.0066777900792658,0.0014619519934058,0.0583038739860057,0.0043795928359031,-0.0535117350518703,-0.015988390892744,-0.0582676976919174,-0.0221565868705511,-0.0031397144775837,0.0211480893194675,0.0015722879907116,-0.0621301867067813,0.009523800574243,-0.006309141870588,-0.0366972126066684,0.0142856622114777,-0.0452554672956466,0.051643181592226,-0.0352112688124179,0.020833384245634,0.011396000161767,0.001457689795643,0.0173912867903709,0.0262009184807539,-0.026798315346241,-0.0326241143047809,-0.0392953865230083,-0.0234604571014642,-0.0340313799679279,0.0195195376873016,-0.0990565717220306,0.0103093041107058,0.0047393320128321,-0.0102041065692901,0.011990338563919,-0.0103093041107058,-0.0023922852706164,0.0297619476914405,0.0245097801089286,-0.0028901705518364,0.0061652520671486,-0.0086956433951854,0.0201257672160863,-0.0058479476720094,0.0050568850710988,0.0338235311210155,0.0219638347625732,-0.0028449473902583,-0.0127551509067416,0.0099856909364461,-0.0210365448147058,-0.0240113101899623,-0.014423063956201,0.0376266613602638,0.0158730298280715,-0.0027893974911421,0.0327868536114692,-0.0181818343698978,0.0166666191071271,0.017094001173973,-0.0274314526468515,0.0042017102241516,-0.014742000028491,-0.0083681931719183,0.0124378586187958,-0.24472576379776,-0.0049504903145134,-0.014897565357387,0.0,0.0348484888672828,-0.0425532162189483,0.0606060759318023,-0.0638002808801266,0.043939389077066,-0.0663900424196468,0.0681818636656805,-0.0585774139473879,0.0804005780500325,-0.0559440677098839,0.0102050525828529,0.0596546545656,-0.1927515374086994,-0.1446247755823961,2019-02-06,2019-02-07,2019-02-08,2019-02-11,2019-02-12,2019-02-13,2019-02-14,2019-02-15,2019-02-19,2019-02-20,24459.0,2019-02-05,252.0,-2.2222%,-0.002,1.2675,1.3353,0.7366,2.1209%,2.5561%,31.1569%,-0.022331,PBI,24459.0,2019-02-06,252.0,3.4848%,-0.0019,1.2997,1.3243,0.7737,2.1312%,2.5617%,30.7902%,0.037155,PBI,24459.0,2019-02-07,252.0,2.4890%,-0.0017,1.2918,1.3182,0.7831,2.1441%,2.5664%,30.2043%,0.0355819999999999,PBI,24459.0,2019-02-08,252.0,-1.5714%,-0.0017,1.2933,1.3319,0.7983,2.1437%,2.5674%,30.2823%,-0.012233,PBI,24459.0,2019-02-11,252.0,4.4993%,-0.0016,1.301,1.3709,0.8234,2.1543%,2.5764%,30.0798%,0.032455,PBI,24459.0,2019-02-12,252.0,-2.0833%,-0.0016,1.2886,1.3605,0.8189,2.1650%,2.5793%,29.5414%,-0.037501,PBI,24459.0,2019-02-13,252.0,-0.4255%,-0.0017,1.2862,1.3614,0.8172,2.1655%,2.5783%,29.4583%,-0.009353,PBI,24459.0,2019-02-14,252.0,0.2849%,-0.0017,1.2854,1.3642,0.8136,2.1655%,2.5785%,29.4652%,0.003111,PBI,24459.0,2019-02-15,252.0,0.8584%,-0.0016,1.2947,1.3712,0.8271,2.1629%,2.5789%,29.6621%,-0.013357,PBI,24459.0,2019-02-19,252.0,-0.4255%,-0.0017,1.2908,1.3663,0.8218,2.1639%,2.5776%,29.5222%,-0.013273,PBI,24459.0,2019-02-20,252.0,0.8547%,-0.0017,1.2908,1.3665,0.822,2.1639%,2.5780%,29.5476%,-0.001532,PBI,0.014824,0.0504059999999999,0.0381729999999999,0.033127,-0.001277
34979,P G & E CORP,PG&E Option Alert: Feb 15 $15 Calls Sweep (44) near the Ask: 5010 @ $0.35 vs 14215 OI; Earnings 2/14 Before Open [est] Ref=$13.,6,uncertain,0.6,0.5,"the option activity suggests bullish sentiment with the call sweep, but the upcoming earnings report could significantly impact the stock price in either direction.",1,2019-02-05,PCG,2019-02-05 15:13:00+00:00,13688.0,69331C10,0.0594431869685649,9157107.0,-0.0291193071752786,0.0160550493746995,0.0285296514630317,0.0061538401059806,0.0099572818726301,-0.049012441188097,0.0091549381613731,-0.0228734593838453,0.0767620652914047,0.1648625731468201,-0.0142579562962055,0.0203908029943704,0.0170940328389406,-0.1562723517417908,0.0006463655736297,0.7459324598312378,0.1459948569536209,0.0376623347401619,0.0264937616884708,0.0650068894028663,0.065348744392395,0.1367924362421036,-0.0324741825461387,-0.0953058376908302,-0.0063932249322533,0.0173661895096302,-0.0069704647175967,-0.1754176914691925,-0.0388769544661045,-0.5235929489135742,-0.0432583466172218,-0.0095720766112208,0.0516734644770622,-0.0039259502664208,0.0078168278560042,0.0153758805245161,0.0144044458866119,-0.0733509883284568,0.0027308107819408,-0.223360612988472,0.0386709719896316,0.0187890958040952,0.0167802665382623,0.0063025853596627,-0.0005157415871508,0.0021052309311926,-0.0082559268921613,-0.0058601670898497,0.0124869812279939,0.0122880935668945,0.0025694319047033,0.0115731013938784,0.0071757757104933,0.0077753914520144,-0.0111958943307399,0.0175824016332626,-0.0185280796140432,-0.0461216084659099,0.0005243958439677,0.0042105424217879,-0.0015723630785942,0.031711533665657,0.0194226168096065,-0.0581014752388,-0.0623069517314434,-0.0603613853454589,-0.014277777634561,-0.0188608076423406,-0.0150418076664209,0.0045472090132534,-0.0243212841451168,0.0126630822196602,0.0318840146064758,0.0065662451088428,0.0117978090420365,0.0038774125277996,-0.019433669745922,-0.0092201214283704,0.0458663366734981,-0.0269158612936735,0.0211153924465179,-0.0132792545482516,0.0270413681864738,0.0276725348085165,0.0160041023045778,-0.0142003390938043,-0.0436992160975933,-0.0254915840923786,0.002656809054315,0.0181683264672756,0.0137783950194716,0.0736464336514473,0.206482008099556,0.0536913052201271,0.0277296099811792,-0.0189300049096345,-0.0615513958036899,0.0336026810109615,-0.0184186808764934,0.0107480650767684,-0.0389016196131706,-0.0467212870717048,0.0190476011484861,0.3754227757453918,0.0060748164542019,-0.3067604601383209,0.0650255233049392,-0.2179095596075058,0.0069777518510818,-0.0078835152089595,0.0138587998226285,-0.1738476753234863,0.0004271776706445,-0.1648535877466202,-0.0384286753833293,-0.0204918030649423,-0.036412063986063,0.0045285588130354,-0.0341014601290226,-0.0026688000652939,-0.0291193071752786,0.0160550493746995,-0.0014204193968025,0.0223076896874256,0.0085227189595162,-0.0277981058295185,0.0958807102049088,0.1065778281796774,0.2933238147299741,0.8381743010364131,0.3551136505048979,-0.4404210400192312,0.4886363117072654,-0.7271607359015682,2019-02-06,2019-02-07,2019-02-08,2019-02-11,2019-02-12,2019-02-13,2019-02-14,2019-02-15,2019-02-19,2019-02-20,13688.0,2019-02-05,252.0,5.9443%,-0.0014,0.5632,0.1005,0.2629,7.5331%,7.5560%,0.6045%,0.058875,PCG,13688.0,2019-02-06,252.0,-2.9119%,-0.0015,0.5601,0.1019,0.2562,7.5349%,7.5562%,0.5614%,-0.028154,PCG,13688.0,2019-02-07,252.0,2.8530%,-0.0013,0.5617,0.0851,0.2662,7.5372%,7.5583%,0.5582%,0.032772,PCG,13688.0,2019-02-08,252.0,0.9957%,-0.0012,0.5594,0.0887,0.2587,7.5374%,7.5584%,0.5550%,0.011146,PCG,13688.0,2019-02-11,252.0,0.9155%,-0.0011,0.5453,0.1133,0.2647,7.5372%,7.5563%,0.5043%,0.0070909999999999,PCG,13688.0,2019-02-12,252.0,7.6762%,-0.0009,0.5813,0.1191,0.282,7.5503%,7.5719%,0.5702%,0.069673,PCG,13688.0,2019-02-13,252.0,-1.4258%,-0.001,0.5724,0.1279,0.2798,7.5504%,7.5713%,0.5508%,-0.016254,PCG,13688.0,2019-02-14,252.0,1.7094%,-0.001,0.5668,0.1384,0.2697,7.5511%,7.5717%,0.5431%,0.019154,PCG,13688.0,2019-02-15,252.0,0.0646%,-0.0009,0.586,0.1549,0.2998,7.5490%,7.5708%,0.5741%,-0.007499,PCG,13688.0,2019-02-19,252.0,14.5995%,-0.0003,0.6097,0.2515,0.4066,7.6025%,7.6257%,0.6086%,0.143433,PCG,13688.0,2019-02-20,252.0,2.6494%,-0.0003,0.6152,0.2593,0.4248,7.6036%,7.6272%,0.6195%,0.022446,PCG,0.030721,0.063493,0.074639,0.151403,0.312683
34987,POTLATCHDELTIC CORP,"Potlatch Late Monday Reported Q4 Adj. EPS $0.04 Misses $0.05 Estimate, Sales $217.25M Miss $219.54M Estimate",6,decrease,0.75,0.6,"the company reported lower-than-expected earnings and sales, which typically leads to a negative reaction in stock prices.",0,2019-02-05,PCH,2019-02-05 13:55:00+00:00,49744.0,73763010,0.0106638642027974,522431.0,-0.0182009655982255,0.0029410906136035,-0.0206878148019313,0.014099795371294,-0.0172839798033237,0.0154185397550463,-0.0083751883357763,0.0142417848110199,-0.0050675761885941,0.0058989580720663,0.0014148057671263,0.0033821570686995,-0.0107375271618366,0.00225983094424,0.0131391864269971,0.0278746504336595,0.020862640812993,-0.0077787516638636,0.0157414991408586,-0.0192144755274057,0.0002719449985306,0.0128792440518736,0.0067953248508274,0.012460165657103,0.0186284724622964,0.0120234563946723,-0.0318049490451812,0.0160904973745346,0.0049274652265012,-0.0158356931060552,-0.0196131151169538,-0.0005861798999831,0.0061127366498112,0.0215568076819181,-0.0082849832251667,0.0017996812239289,-0.0075188097544014,0.0048221773467957,-0.0109427440911531,0.0131297800689935,-4.3118252079921155e-08,0.0400127097964286,0.0120517071336507,0.0237321052700281,0.048766691237688,-0.0278128683567047,0.0008109969785436,0.0102171041071414,0.0081037068739533,0.0289093013852834,-0.008842390961945,0.0119681051000952,-0.011084072291851,0.034387893974781,-0.0019137097988277,-0.0316350571811199,0.0120515599846839,-0.014440388418734,-0.0002706937957555,-0.0543141476809978,0.0129940323531627,-0.0043263100087642,-0.0283270347863435,0.0034108716063201,-0.0228273328393697,-0.0360200479626655,-0.0022515626624226,-0.0311784949153661,0.0073342262767255,-0.0017133458750322,0.047325748950243,0.003438364714384,0.0104277906939387,-0.0107708973810076,0.0007938285125419,-0.0056370003148913,-0.0074034580029547,-0.0548748336732387,0.0069259009324014,0.0544944517314434,0.0060846442356705,-0.0289143864065408,0.0249802991747856,-0.0118598015978932,-0.0051308558322489,0.0008092467905953,-0.0157297737896442,0.0095315482467412,0.0112653998658061,0.0093457987532019,0.0085492702201008,0.0033095078542828,0.0025686738081276,0.0022111115977168,-0.0064053293317556,-0.0079517662525177,-0.0162454172968864,0.0074585760012269,0.0052423835732042,-0.0218859110027551,-0.0031290466431528,0.015920890495181,-0.021449115127325,-0.0089770955964922,0.0291365981101989,-0.0067549315281212,0.0116883311420679,0.0048872246406972,-0.0007702847942709,0.0087648183107376,0.0254368372261524,0.0096791610121726,-0.0243047159165144,-0.0090436236932873,-0.0071905185468494,0.0,0.0196585189551115,0.0080110747367143,-0.0030441130511462,-0.0242586992681026,-0.0182009655982255,0.0029410906136035,-0.0385122421946445,0.0170823547607179,-0.0551305771816953,0.0327642794817522,-0.0677921322806528,0.0536516835676406,-0.0298074680771573,0.0599039001258541,-0.0144028684467647,0.1641836401376621,0.0485643718064812,0.0235913777259597,2019-02-06,2019-02-07,2019-02-08,2019-02-11,2019-02-12,2019-02-13,2019-02-14,2019-02-15,2019-02-19,2019-02-20,49744.0,2019-02-05,252.0,1.0664%,-0.0007,0.6506,0.3302,0.2248,1.6929%,1.8320%,14.6128%,0.009424,PCH,49744.0,2019-02-06,252.0,-1.8201%,-0.0007,0.6493,0.3309,0.2213,1.6960%,1.8279%,13.9126%,-0.016994,PCH,49744.0,2019-02-07,252.0,-2.0688%,-0.0008,0.6566,0.3278,0.2183,1.6980%,1.8322%,14.1156%,-0.015182,PCH,49744.0,2019-02-08,252.0,-1.7284%,-0.0008,0.6589,0.3451,0.2394,1.6983%,1.8328%,14.1303%,-0.016633,PCH,49744.0,2019-02-11,252.0,-0.8375%,-0.0008,0.6606,0.3279,0.231,1.6997%,1.8301%,13.7423%,-0.0122259999999999,PCH,49744.0,2019-02-12,252.0,-0.5068%,-0.0009,0.6535,0.3275,0.2274,1.7017%,1.8297%,13.5005%,-0.013825,PCH,49744.0,2019-02-13,252.0,0.1415%,-0.0009,0.6436,0.3442,0.2304,1.6963%,1.8211%,13.2435%,-0.0008709999999999,PCH,49744.0,2019-02-14,252.0,-1.0738%,-0.0011,0.6443,0.3386,0.2389,1.6921%,1.8166%,13.2452%,-0.00994,PCH,49744.0,2019-02-15,252.0,1.3139%,-0.0012,0.618,0.3155,0.1968,1.6772%,1.7942%,12.6159%,0.003765,PCH,49744.0,2019-02-19,252.0,2.0863%,-0.0011,0.6252,0.3228,0.2045,1.6803%,1.7993%,12.7841%,0.018083,PCH,49744.0,2019-02-20,252.0,1.5741%,-0.0011,0.6278,0.3226,0.212,1.6805%,1.7999%,12.8306%,0.012619,PCH,-0.0075699999999999,-0.0227519999999999,-0.0393849999999999,-0.065436,-0.0417799999999999
34995,PRINCIPAL FINANCIAL GROUP INC,"UBS Downgrades Principal Financial Group to Sell, Lowers Price Target to $45",6,decrease,0.85,0.7,"a downgrade to 'sell' and a lowered price target typically signal negative sentiment, which is likely to lead to a decrease in stock price.",0,2019-02-05,PFG,2019-02-05 11:34:00+00:00,89195.0,74251V10,-0.0171026606112718,1905094.0,-0.001637625740841,0.0018141533946618,-0.0166085995733737,-0.0091871200129389,-0.0027105349581688,0.0400914065539836,0.011499042622745,-0.0298266746103763,0.0086812349036335,-0.0034143798984587,0.0084016360342502,-0.0057907528243958,-0.0073155988939106,0.0199593361467123,0.0397134609520435,0.0036794829647988,0.0112226754426956,-0.0121163623407483,0.0167445596307516,-0.0115768071264028,-0.0032554955687373,0.022240363061428,0.0157540775835514,0.0153303882107138,0.0041611730121076,0.0179249756038188,-0.0096062971279025,0.0123825361952185,-0.0030430515762418,0.0178183335810899,0.0041968948207795,0.0021777502261102,-0.0132978316396474,0.0070175374858081,-0.0007782279280945,0.0101904980838298,0.0042835129424929,-0.0107385860756039,-0.0122140571475029,0.0072848089039325,-0.0186457466334104,0.0440193563699722,-0.0018000029958784,-0.0218665730208158,0.0136245302855968,0.0043016173876821,0.0033603117335587,0.0140035990625619,0.006895238533616,-0.0095497537404298,0.0113480342552065,0.0140650365501642,0.0092861205339431,0.0557448156177997,0.0118842776864767,-0.0124999200925231,-0.0162909757345914,-0.035474207252264,-0.0238783303648233,-0.0030050221830606,0.0145985735580325,-0.0091617386788129,-0.0384989231824874,-0.0025131506845355,-0.0088979257270693,0.0034388245549052,0.0232606250792741,0.0085548888891935,-0.0047856764867901,0.0109864715486764,0.0020035759080201,0.0168766118586063,0.0035992863122373,-0.020032625645399,0.0356644950807094,-0.0331081338226795,-0.0050018914043903,-0.0139906127005815,0.0104407789185643,-0.0183126255869865,0.0066973268985748,-0.050507191568613,0.0110244825482368,-0.0204784739762544,0.0024440886918455,0.0036231765989214,-0.0285071358084678,-0.0135027859359979,0.0183397829532623,0.0302782226353883,0.0134596982970833,-0.0022453686688095,0.0263748578727245,0.0140757663175463,-0.010570403188467,-0.0033010076731443,0.0208140946924686,0.0097916917875409,0.0045110071077942,-0.0208078417927026,-0.0080832941457629,0.0161691289395093,-0.0034408264327794,-0.0057707908563315,0.0094494000077247,0.0041390885598957,-0.008280811831355,-0.0138775575906038,0.0125249344855547,0.0086454953998327,0.0286841578781604,-0.0146044101566076,0.0008713704301044,-0.0046436414122581,-0.0047013834118843,0.0024286366533488,-0.0048985090106725,0.0234051588922739,-0.00597749883309,0.0049957921728491,-0.001637625740841,0.0018141533946618,-0.0182190266440341,-0.0073896334632357,-0.0208801782935805,0.0324055122912885,-0.0010235270521768,-0.0018075958554284,0.06898675168576,-0.0079839867704637,0.0485678815915227,0.1488673767726038,0.169580401552009,0.0458817745911575,2019-02-06,2019-02-07,2019-02-08,2019-02-11,2019-02-12,2019-02-13,2019-02-14,2019-02-15,2019-02-19,2019-02-20,89195.0,2019-02-05,252.0,-1.7103%,-0.0005,1.2806,-0.0495,1.2161,1.0474%,1.7050%,62.2603%,-0.01552,PFG,89195.0,2019-02-06,252.0,-0.1638%,-0.0005,1.3107,-0.0592,1.2458,1.0413%,1.6849%,61.8098%,0.000224,PFG,89195.0,2019-02-07,252.0,-1.6609%,-0.0006,1.3152,-0.0612,1.244,1.0425%,1.6847%,61.7103%,-0.009455,PFG,89195.0,2019-02-08,252.0,-0.2711%,-0.0005,1.3141,-0.0566,1.2425,1.0422%,1.6838%,61.6921%,0.00462,PFG,89195.0,2019-02-11,252.0,1.1499%,-0.0004,1.2988,-0.0317,1.2479,1.0400%,1.6499%,60.2673%,0.007075,PFG,89195.0,2019-02-12,252.0,0.8681%,-0.0004,1.2969,-0.0341,1.2474,1.0407%,1.6473%,60.0896%,-0.006955,PFG,89195.0,2019-02-13,252.0,0.8402%,-0.0004,1.3006,-0.0385,1.2476,1.0402%,1.6476%,60.1358%,0.0038169999999999,PFG,89195.0,2019-02-14,252.0,-0.7316%,-0.0004,1.3,-0.0367,1.2453,1.0403%,1.6481%,60.1568%,0.002752,PFG,89195.0,2019-02-15,252.0,3.9713%,-0.0003,1.3131,-0.0228,1.2694,1.0473%,1.6597%,60.1764%,0.019037,PFG,89195.0,2019-02-19,252.0,1.1223%,-0.0002,1.3186,-0.0258,1.2655,1.0441%,1.6609%,60.4851%,0.004886,PFG,89195.0,2019-02-20,252.0,1.6745%,-0.0002,1.3206,-0.0217,1.2725,1.0451%,1.6643%,60.5685%,0.007236,PFG,-0.015296,-0.024751,-0.020131,-0.020011,0.017717
35003,PREMIER INC,"Premier Inc. Sees FY19 Adj. EPS $2.55-$2.67 vs $2.64 Est., Sales $1.66B-$1.72B vs $1.69B Est.",6,increase,0.75,0.6,"the adjusted eps guidance is slightly above estimates, and the sales range is also in line with expectations, which typically signals positive performance and can lead to an increase in stock price.",2,2019-02-05,PINC,2019-02-05 12:04:00+00:00,14169.0,74051N10,-0.0325820185244083,1483869.0,-0.0630539804697036,0.016434259712696,0.0108108520507812,0.0092987921088933,-0.0120321055874228,0.0070868795737624,-0.0102841965854167,-0.0005059564718976,0.0142193185165524,-0.0072827953845262,-0.0018872929504141,-0.0062390817329287,0.0054025058634579,0.0180385950952768,0.0115529363974928,-0.0098113054409623,0.0116865504533052,0.0017641051672399,-0.0005250842077657,0.0032870054710656,-0.024428691715002,-0.0105079300701618,-0.0096930703148245,-0.0019974536262452,-0.0019032000564038,0.006281407084316,-0.0204304009675979,0.0173824205994606,0.008064541965723,-0.0015314286574721,0.0091034984216094,0.0221758000552654,0.0027336925268173,-0.0123679339885711,-0.0327153950929641,0.0410408452153205,-0.031003339216113,-0.002141376491636,-0.0189063847064971,-0.00743886269629,-0.0038541674148291,0.0270122196525335,-0.0110118733718991,-0.0147849256172776,0.0195606835186481,-0.0040160031057894,0.0064934296533465,0.0113728176802396,0.0058651254512369,0.0117808301001787,-0.0023323036730289,-0.0016411753604188,0.0087667806074023,0.0401137918233871,0.0014484135899692,0.0,0.005785385146737,-0.0238821674138307,-0.0253092050552368,-0.0112575469538569,0.0253762360662221,-0.0122050661593675,-0.0083453496918082,-0.0064673046581447,0.0063842493109405,-0.021360695362091,-0.0031718744430691,-0.0392704084515571,-0.0049175056628882,-0.0072936899960041,-0.0093023162335157,0.0202719289809465,0.0120305111631751,0.0098471380770206,-0.0020296755246818,0.0070459409616887,-0.0087158409878611,-0.0090509047731757,0.0035170793998986,-0.0094775287434458,0.0058410321362316,-0.0278884191066026,0.0127759138122201,0.0126071609556675,-0.0068807820789515,0.0068545434623956,0.003175537334755,0.0025451378896832,-0.0339568443596363,0.007435921113938,0.0005957836983725,0.0002564329479355,-0.0023817156907171,0.0036036861129105,0.0014921830734238,0.0122458934783935,-0.0160906109958887,-0.0123520214110612,-0.0411871783435344,-0.0176946595311164,0.009791518561542,-0.0002526742755435,0.0081326318904757,-0.0072754868306219,0.0167546048760414,-0.0002507730678189,0.0204454734921455,-0.0155555820092558,-0.0116626620292663,0.0,0.0163389090448617,-0.021029707044363,-0.0005954289226792,-0.0031325558666139,-0.0101280948147177,-0.0102551942691206,-0.000300882384181,0.0103614535182714,0.0114388093352317,-0.0775728300213813,-0.0630539804697036,0.016434259712696,-0.0529247956729932,0.0258858705861213,-0.0643201045306858,0.0331562002073895,-0.0607749185171014,0.0251130098857257,-0.0359585214292866,0.0321112654294939,-0.141808104998788,0.1208127906130194,-0.1491517592666925,-0.0926873037420207,2019-02-06,2019-02-07,2019-02-08,2019-02-11,2019-02-12,2019-02-13,2019-02-14,2019-02-15,2019-02-19,2019-02-20,14169.0,2019-02-05,252.0,-3.2582%,0.0009,0.7666,0.4696,0.3024,1.5158%,1.7271%,22.9686%,-0.0340209999999999,PINC,14169.0,2019-02-06,252.0,-6.3054%,0.0007,0.7379,0.4799,0.2655,1.5614%,1.7479%,20.2027%,-0.061632,PINC,14169.0,2019-02-07,252.0,1.0811%,0.0006,0.7181,0.4981,0.2672,1.5557%,1.7343%,19.5399%,0.017161,PINC,14169.0,2019-02-08,252.0,-1.2032%,0.0007,0.7194,0.5275,0.2918,1.5464%,1.7267%,19.7911%,-0.011183,PINC,14169.0,2019-02-11,252.0,-1.0284%,0.0006,0.7289,0.4964,0.28,1.5485%,1.7267%,19.5719%,-0.015544,PINC,14169.0,2019-02-12,252.0,1.4219%,0.0006,0.7298,0.4982,0.2801,1.5487%,1.7277%,19.6538%,0.004583,PINC,14169.0,2019-02-13,252.0,-0.1887%,0.0006,0.7303,0.4953,0.2783,1.5489%,1.7276%,19.6194%,-0.004526,PINC,14169.0,2019-02-14,252.0,0.5403%,0.0007,0.7304,0.4989,0.2722,1.5441%,1.7241%,19.7905%,0.005875,PINC,14169.0,2019-02-15,252.0,1.1553%,0.0007,0.736,0.5039,0.2813,1.5435%,1.7249%,19.9254%,0.000646,PINC,14169.0,2019-02-19,252.0,1.1687%,0.0007,0.7365,0.5096,0.2876,1.5440%,1.7252%,19.9009%,0.007883,PINC,14169.0,2019-02-20,252.0,-0.0525%,0.0007,0.7351,0.5072,0.2829,1.5444%,1.7252%,19.8649%,-0.0047279999999999,PINC,-0.0956529999999999,-0.0784919999999999,-0.0896749999999999,-0.1006359999999999,-0.0954859999999999
35011,PREMIER INC,"Premier Q2 Adj. EPS $0.66 Beats $0.64 Estimate, Sales $421.9M Beat $418.68M Estimate",6,increase,0.8,0.6,"the company reported better-than-expected earnings and sales, which typically boosts investor confidence and can lead to an increase in stock price.",2,2019-02-05,PINC,2019-02-05 12:03:00+00:00,14169.0,74051N10,-0.0325820185244083,1483869.0,-0.0630539804697036,0.016434259712696,0.0108108520507812,0.0092987921088933,-0.0120321055874228,0.0070868795737624,-0.0102841965854167,-0.0005059564718976,0.0142193185165524,-0.0072827953845262,-0.0018872929504141,-0.0062390817329287,0.0054025058634579,0.0180385950952768,0.0115529363974928,-0.0098113054409623,0.0116865504533052,0.0017641051672399,-0.0005250842077657,0.0032870054710656,-0.024428691715002,-0.0105079300701618,-0.0096930703148245,-0.0019974536262452,-0.0019032000564038,0.006281407084316,-0.0204304009675979,0.0173824205994606,0.008064541965723,-0.0015314286574721,0.0091034984216094,0.0221758000552654,0.0027336925268173,-0.0123679339885711,-0.0327153950929641,0.0410408452153205,-0.031003339216113,-0.002141376491636,-0.0189063847064971,-0.00743886269629,-0.0038541674148291,0.0270122196525335,-0.0110118733718991,-0.0147849256172776,0.0195606835186481,-0.0040160031057894,0.0064934296533465,0.0113728176802396,0.0058651254512369,0.0117808301001787,-0.0023323036730289,-0.0016411753604188,0.0087667806074023,0.0401137918233871,0.0014484135899692,0.0,0.005785385146737,-0.0238821674138307,-0.0253092050552368,-0.0112575469538569,0.0253762360662221,-0.0122050661593675,-0.0083453496918082,-0.0064673046581447,0.0063842493109405,-0.021360695362091,-0.0031718744430691,-0.0392704084515571,-0.0049175056628882,-0.0072936899960041,-0.0093023162335157,0.0202719289809465,0.0120305111631751,0.0098471380770206,-0.0020296755246818,0.0070459409616887,-0.0087158409878611,-0.0090509047731757,0.0035170793998986,-0.0094775287434458,0.0058410321362316,-0.0278884191066026,0.0127759138122201,0.0126071609556675,-0.0068807820789515,0.0068545434623956,0.003175537334755,0.0025451378896832,-0.0339568443596363,0.007435921113938,0.0005957836983725,0.0002564329479355,-0.0023817156907171,0.0036036861129105,0.0014921830734238,0.0122458934783935,-0.0160906109958887,-0.0123520214110612,-0.0411871783435344,-0.0176946595311164,0.009791518561542,-0.0002526742755435,0.0081326318904757,-0.0072754868306219,0.0167546048760414,-0.0002507730678189,0.0204454734921455,-0.0155555820092558,-0.0116626620292663,0.0,0.0163389090448617,-0.021029707044363,-0.0005954289226792,-0.0031325558666139,-0.0101280948147177,-0.0102551942691206,-0.000300882384181,0.0103614535182714,0.0114388093352317,-0.0775728300213813,-0.0630539804697036,0.016434259712696,-0.0529247956729932,0.0258858705861213,-0.0643201045306858,0.0331562002073895,-0.0607749185171014,0.0251130098857257,-0.0359585214292866,0.0321112654294939,-0.141808104998788,0.1208127906130194,-0.1491517592666925,-0.0926873037420207,2019-02-06,2019-02-07,2019-02-08,2019-02-11,2019-02-12,2019-02-13,2019-02-14,2019-02-15,2019-02-19,2019-02-20,14169.0,2019-02-05,252.0,-3.2582%,0.0009,0.7666,0.4696,0.3024,1.5158%,1.7271%,22.9686%,-0.0340209999999999,PINC,14169.0,2019-02-06,252.0,-6.3054%,0.0007,0.7379,0.4799,0.2655,1.5614%,1.7479%,20.2027%,-0.061632,PINC,14169.0,2019-02-07,252.0,1.0811%,0.0006,0.7181,0.4981,0.2672,1.5557%,1.7343%,19.5399%,0.017161,PINC,14169.0,2019-02-08,252.0,-1.2032%,0.0007,0.7194,0.5275,0.2918,1.5464%,1.7267%,19.7911%,-0.011183,PINC,14169.0,2019-02-11,252.0,-1.0284%,0.0006,0.7289,0.4964,0.28,1.5485%,1.7267%,19.5719%,-0.015544,PINC,14169.0,2019-02-12,252.0,1.4219%,0.0006,0.7298,0.4982,0.2801,1.5487%,1.7277%,19.6538%,0.004583,PINC,14169.0,2019-02-13,252.0,-0.1887%,0.0006,0.7303,0.4953,0.2783,1.5489%,1.7276%,19.6194%,-0.004526,PINC,14169.0,2019-02-14,252.0,0.5403%,0.0007,0.7304,0.4989,0.2722,1.5441%,1.7241%,19.7905%,0.005875,PINC,14169.0,2019-02-15,252.0,1.1553%,0.0007,0.736,0.5039,0.2813,1.5435%,1.7249%,19.9254%,0.000646,PINC,14169.0,2019-02-19,252.0,1.1687%,0.0007,0.7365,0.5096,0.2876,1.5440%,1.7252%,19.9009%,0.007883,PINC,14169.0,2019-02-20,252.0,-0.0525%,0.0007,0.7351,0.5072,0.2829,1.5444%,1.7252%,19.8649%,-0.0047279999999999,PINC,-0.0956529999999999,-0.0784919999999999,-0.0896749999999999,-0.1006359999999999,-0.0954859999999999
35019,PROTALIX BIOTHERAPEUTICS INC,Protalix BioTherapeutics Highlights Prelim. Data From BRIGHT Study Of pegunigalsidase alfa for the Treatment of Fabry Disease Will Be Featured at the 15th Annual WORLDSymposium,6,increase,0.75,0.6,"the presentation of preliminary data at a prominent symposium suggests positive developments in the treatment of fabry disease, which could boost investor confidence and interest in protalix biotherapeutics.",2,2019-02-05,PLX,2019-02-05 12:13:00+00:00,86080.0,74365A30,-0.111604705452919,4346576.0,0.0312500335276126,-0.017636364325881,-0.0707070603966713,0.131687268614769,-0.0108695542439818,0.1489361524581909,-0.0109890652820467,-0.004705891944468,0.0206667184829711,-0.0118576660752296,-0.0256913136690855,-0.0092829773202538,0.0055865868926048,0.0096046645194292,0.0075555513612926,-0.0200546942651271,0.1468901634216309,-0.0027272512670606,-0.1271153390407562,0.0277972631156444,0.0367922447621822,0.0072940657846629,0.0624734163284301,0.0675710216164588,-0.0356000065803527,0.0002512231003493,-0.0045624375343322,0.0002513611398171,-0.0143749639391899,-0.0005023948615416,-0.0002114068774972,-0.0939918085932731,0.03065543808043,0.0101149082183837,-0.0055384635925292,0.0484454035758972,-0.0445544719696044,0.0506457611918449,-0.0274179428815841,0.038937073200941,0.0299666486680507,0.0,-0.0191810056567192,0.1179412007331848,0.0239507593214511,0.0932476371526718,0.0148068936541676,0.0560271516442298,-0.0186085850000381,-0.0251572635024786,-0.0732600912451744,0.0154621452093124,0.1415949910879135,-0.0083333253860473,-0.0160896126180887,-0.0384615212678909,0.0349824130535125,-0.0123456520959734,-0.0401999950408935,-0.0843478292226791,-0.0333402827382087,-0.0443213358521461,-0.010562639683485,-0.0243243332952261,-0.106535904109478,-0.0537084341049194,0.0616922602057457,-0.0246944464743137,-0.0124023929238319,-0.0295327957719564,-0.0020930240862071,0.0125000290572643,0.0254019815474748,-0.0288026928901672,-0.014318186789751,-0.0177694857120513,-0.0200599115341901,0.0183333959430456,0.0049411547370254,0.0,0.0117068486288189,-0.0282277353107929,-0.0043971012346446,-0.0029987941961735,0.0027893781661987,-0.0066452897153794,0.0199350863695144,0.0485343188047409,0.0193182043731212,-0.0016790523659437,0.0118171358481049,-0.0192895550280809,-0.0077126151882112,0.0116611337289214,-0.0450810566544532,0.0052631041035056,0.0139534473419189,-0.0097133256494998,-0.0137614281848073,0.0107758659869432,-0.0337209813296794,-0.0615730062127113,0.0004813559353351,-0.0064746695570647,0.0199663378298282,0.0608716309070587,-0.0094339810311794,0.0424691177904605,-0.0002380638034082,-0.0354846380650997,-0.0235770512372255,-0.0668888613581657,0.0341463387012481,-0.0275380183011293,0.0299528110772371,-0.002278997329995,-0.0316006317734718,-0.0499795079231262,0.0238827317953109,-0.0137373656034469,0.0312500335276126,-0.017636364325881,-0.0416666248770934,0.1117284196425176,-0.05208328148181,0.2773049730424992,-0.0431249516095579,0.2562195327736818,-0.054374954580612,0.262088358935264,-0.0002082932945798,0.5660869968787852,-0.0979166374419561,0.0915151616044744,2019-02-06,2019-02-07,2019-02-08,2019-02-11,2019-02-12,2019-02-13,2019-02-14,2019-02-15,2019-02-19,2019-02-20,86080.0,2019-02-05,252.0,-11.1605%,-0.0007,0.5257,0.108,-0.1937,4.0594%,4.1112%,2.5061%,-0.115546,PLX,86080.0,2019-02-06,252.0,3.1250%,-0.0005,0.4583,0.1291,-0.2557,4.0571%,4.1003%,2.0921%,0.0324529999999999,PLX,86080.0,2019-02-07,252.0,-7.0707%,-0.0007,0.4758,0.1346,-0.2715,4.0776%,4.1241%,2.2414%,-0.06538,PLX,86080.0,2019-02-08,252.0,-1.0870%,-0.0008,0.4785,0.1219,-0.2687,4.0769%,4.1235%,2.2445%,-0.013338,PLX,86080.0,2019-02-11,252.0,-1.0989%,-0.0009,0.4979,0.0883,-0.2767,4.0761%,4.1240%,2.3060%,-0.0119449999999999,PLX,86080.0,2019-02-12,252.0,2.0667%,-0.0008,0.5254,0.0636,-0.2582,4.0714%,4.1223%,2.4530%,0.013307,PLX,86080.0,2019-02-13,252.0,-2.5691%,-0.001,0.5024,0.0917,-0.2597,4.0664%,4.1139%,2.2987%,-0.02712,PLX,86080.0,2019-02-14,252.0,0.5587%,-0.0007,0.5062,0.0975,-0.2745,4.0376%,4.0871%,2.4052%,0.004559,PLX,86080.0,2019-02-15,252.0,0.7556%,-0.0009,0.4592,0.0556,-0.3504,4.0199%,4.0662%,2.2656%,0.002809,PLX,86080.0,2019-02-19,252.0,14.6890%,-0.0003,0.4896,0.146,-0.2513,4.1258%,4.1708%,2.1486%,0.146808,PLX,86080.0,2019-02-20,252.0,-12.7115%,-0.0009,0.4536,0.0624,-0.3802,4.2014%,4.2466%,2.1188%,-0.127085,PLX,-0.083093,-0.148473,-0.161811,-0.160449,-0.160478
35027,PROVIDENT FINANCIAL HOLDINGS INC,Fig Partners Upgrades Provident Financial Hldgs to Outperform,6,increase,0.8,0.6,"upgrades from analysts typically signal positive sentiment and can lead to increased investor interest, likely resulting in a rise in stock price.",2,2019-02-05,PROV,2019-02-05 13:43:00+00:00,83683.0,74386810,0.0349238403141498,9210.0,0.0179640669375658,0.0056713633239269,0.0016042126808315,0.0321636982262134,-0.0053390488028526,-0.036619696766138,0.0118089765310287,0.0597014911472797,0.0265251975506544,0.0207190830260515,-0.0020672306418418,0.0104679847136139,0.0025893913116306,0.0080694695934653,0.0196280870586633,-0.0067816711962223,0.0165867321193218,0.0037128382828086,-0.0112972864881157,-0.0049261036328971,0.0340101532638073,0.0143659925088286,0.0063818925991654,0.0,-0.0131707536056637,0.0006250143051147,-0.0098862508311867,0.0088272597640752,0.0045031709596514,-0.0018314705230295,0.0074453167617321,0.0081916144117712,-0.0064134714193642,0.0025445267092436,0.0054617980495095,0.0012739144731312,-0.002716064453125,0.0031115228775888,-0.0146075803786516,-0.0081558497622609,0.0,0.0128369582816958,0.0050251446664333,-0.043585080653429,0.0164999961853027,0.050967801362276,-0.0245941951870918,-0.0127388415858149,0.0148764541372656,0.0288335233926773,-0.0161491055041551,-0.0129365986213088,0.0025253104977309,0.0164365544915199,0.0105792991816997,-0.0039293002337217,-0.0044865482486784,-0.0390182435512542,-0.010515728034079,-0.0236558709293603,0.0131579060107469,0.0003072624967899,-0.0159840006381273,-0.0186971928924322,0.0025380321312695,-0.0042041861452162,0.0070885769091546,-0.0136255659162998,0.0005027767037972,-0.0082256933674216,-0.0040200967341661,0.0005879029049538,0.0050454279407858,-0.0229752790182828,-0.0035140409599989,0.0075230994261801,0.0211586933583021,-0.012571389786899,-0.0251603461802005,0.0057471483014523,0.0258097276091575,-0.0113636795431375,0.0064133773557841,0.0028490682598203,-0.002941150451079,-0.0056657441891729,0.0127827050164341,0.0085714068263769,-0.0072815348394215,0.0040160468779504,0.0053789094090461,0.0017241773894056,-0.0131322257220745,-0.0091116093099117,-0.0152785293757915,0.0150289153680205,-0.0170170255005359,-0.0102975005283951,0.0188391469419002,0.0074927466921508,-0.0049975202418863,-0.005730680655688,0.0030135342385619,0.0,-0.011016490869224,-0.0005726416129618,0.0126582281664013,0.0080183278769254,-0.0225000381469726,0.0057602804154157,-0.0327365435659885,-0.0037301939446479,0.0153358494862914,0.0049019078724086,0.0546874590218067,-0.0195080190896987,-0.0202469062060117,0.0108601665124297,0.0093245701864361,0.0101039921864867,0.0179640669375658,0.0056713633239269,0.0195970978023778,0.0380174735686222,0.0141534191379639,5.588448586557604e-06,0.053347821640495,0.0816635791127096,0.0800606503516414,0.0929864170694323,0.0833501468058144,0.0906359140322798,0.0978788452892938,0.0330499712859173,2019-02-06,2019-02-07,2019-02-08,2019-02-11,2019-02-12,2019-02-13,2019-02-14,2019-02-15,2019-02-19,2019-02-20,83683.0,2019-02-05,252.0,3.4924%,0.0001,0.3216,0.3363,0.1159,1.0799%,1.1426%,10.6743%,0.034553,PROV,83683.0,2019-02-06,252.0,1.7964%,0.0002,0.3316,0.3328,0.1283,1.0853%,1.1477%,10.5764%,0.018524,PROV,83683.0,2019-02-07,252.0,0.1604%,0.0002,0.334,0.3278,0.1299,1.0850%,1.1476%,10.6193%,0.004521,PROV,83683.0,2019-02-08,252.0,-0.5339%,0.0002,0.335,0.329,0.1345,1.0855%,1.1482%,10.6219%,-0.005007,PROV,83683.0,2019-02-11,252.0,1.1809%,0.0003,0.3342,0.3413,0.1407,1.0867%,1.1484%,10.4575%,0.008759,PROV,83683.0,2019-02-12,252.0,2.6525%,0.0003,0.3417,0.3476,0.1434,1.0945%,1.1586%,10.7612%,0.0220509999999999,PROV,83683.0,2019-02-13,252.0,-0.2067%,0.0003,0.3427,0.3443,0.1419,1.0945%,1.1587%,10.7718%,-0.003433,PROV,83683.0,2019-02-14,252.0,0.2589%,0.0003,0.3426,0.3456,0.14,1.0941%,1.1585%,10.8058%,0.002242,PROV,83683.0,2019-02-15,252.0,1.9628%,0.0004,0.361,0.3635,0.1718,1.0951%,1.1644%,11.5523%,0.0141199999999999,PROV,83683.0,2019-02-19,252.0,1.6587%,0.0005,0.3617,0.375,0.1845,1.0977%,1.1673%,11.5651%,0.014231,PROV,83683.0,2019-02-20,252.0,-1.1297%,0.0004,0.3575,0.3647,0.1694,1.1013%,1.1694%,11.3064%,-0.013924,PROV,0.053077,0.0575979999999999,0.052591,0.083401,0.0966369999999999
35035,PARATEK PHARMACEUTICALS INC,Paratek Pharmaceuticals Launches NUZYRA In The United States,6,increase,0.8,0.7,"the launch of nuzyra in the united states is likely to boost paratek pharmaceuticals' revenue and market presence, which generally leads to a positive impact on stock prices.",2,2019-02-05,PRTK,2019-02-05 21:49:00+00:00,91279.0,69937430,-0.0274566560983657,298909.0,0.0267458874732255,0.0312965773046016,-0.0274963900446891,-0.005189006216824,-0.0059523754753172,0.0173453651368618,0.050898227840662,0.0200000181794166,0.009971534833312,0.0172144193202257,0.0211565047502517,-0.0712209641933441,-0.0082872854545712,0.0345864668488502,0.006963815074414,0.0152671607211232,-0.0013831575633957,0.0030627842061221,-0.011080321855843,-0.0282737482339143,-0.0238095354288816,0.0322579964995384,0.0272596925497055,-0.0151285780593752,0.0097765605896711,0.0376766473054885,0.0,0.0095087075605988,-0.0041494066826999,0.0112179769203066,-0.0999999716877937,0.0179444793611764,0.0185185000300407,0.0016340243164449,0.0287878885865211,0.0132450209930539,-0.0235640425235033,0.020270250737667,-0.0648567602038383,0.0533808171749115,-0.0032258033752441,0.0035714253317564,-0.0550161302089691,0.0053859483450651,0.05479446798563,0.0857699885964393,0.0259740799665451,-0.009652454406023,0.0221518762409687,-0.0189394652843475,0.0,0.0954356864094734,-0.0092879170551896,0.0041666626930236,-0.0234375149011611,-0.01437365449965,-0.0048000337556004,-0.0897196307778358,0.0032154312357306,-0.0711806118488311,0.006410326808691,-0.0136986169964075,-0.0812102258205413,0.005163547117263,-0.0103986039757728,-0.0332779176533222,-0.0315236113965511,-0.0399360992014408,-0.0271247904747724,-0.0457316637039184,0.0018586899386718,-0.0478954911231994,-0.0055658132769167,0.0014534522779285,0.0541044697165489,0.0014556373935192,0.01238932646811,-0.037815123796463,0.0314685851335525,-0.0041841296479105,0.0135593088343739,-0.0375838577747345,0.0501672551035881,-0.0158520955592393,-0.011146523989737,0.0313351526856422,-0.0450886003673076,-0.0160857755690813,0.0354131609201431,0.055162638425827,0.0065146517008543,-0.0341530032455921,0.0226537771522998,0.0138504691421985,-0.0632911548018455,-0.013661254197359,0.001689147320576,0.0068776053376495,-0.0607082061469554,0.0013773762620985,0.0,-0.0135869430378079,-0.0251347105950117,0.0013605753192678,0.0497237555682659,0.0236768908798694,-0.0192981865257024,0.0481751710176467,-0.0322004109621048,-0.073698453605175,0.0240295957773923,-0.0073825274594128,0.0126354098320007,-0.0424165017902851,-0.0178252942860126,0.0058177215978503,-0.0163339655846357,0.1081662029027939,-0.018450167030096,0.0014347530668601,0.0267458874732255,0.0312965773046016,-0.0014859179255187,0.0259451729535786,-0.0074294486594178,0.0437405665888592,0.0534918479960024,0.082942132752154,0.0609212264986049,0.0297619486389038,-0.0728083588931898,0.2013888485965049,-0.2095096400728904,-0.0071735639179353,2019-02-06,2019-02-07,2019-02-08,2019-02-11,2019-02-12,2019-02-13,2019-02-14,2019-02-15,2019-02-19,2019-02-20,91279.0,2019-02-05,252.0,-2.7457%,-0.0028,1.2217,0.7228,-0.3675,3.0907%,3.4519%,19.8352%,-0.03455,PRTK,91279.0,2019-02-06,252.0,2.6746%,-0.0027,1.2129,0.725,-0.3718,3.0973%,3.4447%,19.1516%,0.029663,PRTK,91279.0,2019-02-07,252.0,-2.7496%,-0.0027,1.2179,0.7234,-0.3742,3.0981%,3.4474%,19.2409%,-0.013924,PRTK,91279.0,2019-02-08,252.0,-0.5952%,-0.0027,1.2188,0.7377,-0.3611,3.0972%,3.4461%,19.2239%,-0.010092,PRTK,91279.0,2019-02-11,252.0,5.0898%,-0.0023,1.1838,0.8355,-0.3264,3.1040%,3.4303%,18.1213%,0.045054,PRTK,91279.0,2019-02-12,252.0,0.9972%,-0.0023,1.1887,0.8259,-0.3222,3.1031%,3.4310%,18.2034%,-0.00695,PRTK,91279.0,2019-02-13,252.0,2.1157%,-0.0025,1.153,0.8941,-0.3053,3.0597%,3.3794%,18.0273%,0.017458,PRTK,91279.0,2019-02-14,252.0,-0.8287%,-0.0025,1.1567,0.8895,-0.3026,3.0575%,3.3781%,18.0796%,-0.012386,PRTK,91279.0,2019-02-15,252.0,0.6964%,-0.0026,1.1334,0.8681,-0.3411,3.0536%,3.3679%,17.7932%,-0.006979,PRTK,91279.0,2019-02-19,252.0,-0.1383%,-0.0025,1.1411,0.8549,-0.3566,3.0491%,3.3671%,17.9935%,-0.005131,PRTK,91279.0,2019-02-20,252.0,-1.1080%,-0.0026,1.138,0.8474,-0.3678,3.0499%,3.3675%,17.9734%,-0.013268,PRTK,-0.0048869999999999,-0.018811,-0.028903,0.0092009999999999,-0.011105
35043,PAPA JOHNS INTL INC,Papa John's International Option Alert: Jul 19 $45 Puts at the Bid: 854 @ $5.401 vs 7 OI; Earnings 2/26 After Close [est] Ref=$43.58,6,decrease,0.7,0.6,the high volume of put options suggests that investors are anticipating a decline in papa john's stock price ahead of the earnings report.,0,2019-02-05,PZZA,2019-02-05 18:57:00+00:00,79299.0,69881310,0.0424112156033515,3400685.0,-0.0187428500503301,0.0898468717932701,0.0177031978964805,-0.0893828943371772,-0.0111009180545806,0.0035595996305346,0.0190786346793174,-0.0044885999523103,-0.0011415351182222,-0.0072701117023825,-0.0116571048274636,0.0109056206420064,0.0062441402114927,-0.0770240798592567,0.0402206405997276,0.0196341164410114,-0.0430843345820903,0.0766273960471153,0.0041560907848179,-0.0286980755627155,-0.0556450188159942,-0.0020954634528607,0.0206963345408439,0.0177725106477737,-0.0011927299201488,-0.0068251565098762,-0.0019106285180896,0.0016502478392794,0.0232112314552068,-0.0032895489130169,0.0222170446068048,0.0018832823261618,-0.00892242975533,-0.0035186845343559,0.0016158748185262,-0.0249313842505216,0.050011571496725,0.0231687743216753,-0.0160228163003921,0.0237182043492794,-0.0069150426425039,0.0357320718467235,0.0042677139863371,0.00423618638888,-0.0002236260770587,0.0080381734296679,0.0158836487680673,-0.0153351202607154,0.0211406983435154,-0.0110078463330864,-0.0030191803816705,-0.0231779552996158,0.0209820736199617,0.0290140248835086,0.0029660887084901,-0.0036747066769748,-0.007604575715959,-0.0333885848522186,0.0031928804237395,-0.0256114583462476,-0.0050923335365951,-0.0251911599189043,0.0620601400732994,-0.0015719671500846,-0.0208835527300834,-0.0193790141493082,0.0096390740945935,-0.0141120608896017,0.0253910217434167,0.0267499051988124,0.0293185338377952,0.0076370202004909,0.0190531499683857,0.0118181919679045,-0.0198300145566463,-0.023957448080182,-0.0025048374664038,-0.0161501057446003,-0.0139076923951506,-0.0019603604450821,0.0039177425205707,-0.0183878690004348,0.0132682984694838,-0.0254219882190227,-0.0402464866638183,-0.0043568275868892,0.0136436661705374,0.0066833687014877,-0.0017814757302403,-0.0751400291919708,0.0055522262118756,-0.1023061871528625,-0.0102543970569968,0.0066328723914921,-0.0089658685028553,-0.0022639718372374,-0.0205066427588462,-0.0132325226441025,-0.0158046074211597,0.0135864615440368,0.0273200739175081,-0.0256279427558183,-0.0004059408092871,-0.0020325668156147,-0.006904958281666,0.0499733500182628,0.0331288129091262,0.0080674216151237,0.0045526432804763,-0.0023251846432685,0.0126108257099986,0.0126788765192031,0.0093403300270438,-0.0034296468365937,-0.0136880492791533,-0.0137411346659064,0.0062548806890845,0.0547970868647098,0.0149572743102908,-0.0192589741200208,-0.0187428500503301,0.0898468717932701,-0.0013714605374346,-0.0075667959919309,-0.0124571541209741,-0.0040341311256135,0.0052349925984174,-0.0157129056168628,-0.0007389365585714,-0.0207652720994254,0.0828966046221308,-0.0316105002845616,0.2005378001962887,-0.2270642601327611,2019-02-06,2019-02-07,2019-02-08,2019-02-11,2019-02-12,2019-02-13,2019-02-14,2019-02-15,2019-02-19,2019-02-20,79299.0,2019-02-05,252.0,4.2411%,-0.0011,0.5413,0.0567,-0.3848,2.6400%,2.7404%,7.1913%,0.037957,PZZA,79299.0,2019-02-06,252.0,-1.8743%,-0.0011,0.4704,0.0798,-0.4569,2.6280%,2.7159%,6.3624%,-0.017377,PZZA,79299.0,2019-02-07,252.0,1.7703%,-0.001,0.4649,0.0761,-0.4507,2.6327%,2.7180%,6.1803%,0.023864,PZZA,79299.0,2019-02-08,252.0,-1.1101%,-0.001,0.4673,0.0786,-0.4389,2.6341%,2.7188%,6.1325%,-0.0147669999999999,PZZA,79299.0,2019-02-11,252.0,1.9079%,-0.0009,0.468,0.1048,-0.4244,2.6370%,2.7183%,5.8908%,0.018815,PZZA,79299.0,2019-02-12,252.0,-0.1142%,-0.001,0.4561,0.1146,-0.4322,2.6360%,2.7158%,5.7913%,-0.008349,PZZA,79299.0,2019-02-13,252.0,-1.1657%,-0.0011,0.4497,0.1208,-0.434,2.6362%,2.7146%,5.6914%,-0.0128,PZZA,79299.0,2019-02-14,252.0,0.6244%,-0.001,0.4492,0.1239,-0.4386,2.6356%,2.7144%,5.7277%,0.0039429999999999,PZZA,79299.0,2019-02-15,252.0,4.0221%,-0.0009,0.4607,0.1383,-0.4146,2.6443%,2.7234%,5.7235%,0.03684,PZZA,79299.0,2019-02-19,252.0,-4.3084%,-0.0011,0.4494,0.116,-0.4387,2.6571%,2.7346%,5.5900%,-0.043217,PZZA,79299.0,2019-02-20,252.0,0.4156%,-0.001,0.4547,0.1438,-0.4157,2.6472%,2.7247%,5.6090%,0.00536,PZZA,0.0205799999999999,0.044444,0.029677,0.0401429999999999,0.0302689999999999
35051,QUALCOMM INC,'Apple Wins Ruling on Pre-Suit Damages in Qualcomm Patent Case' -Bloomberg,6,decrease,0.8,0.7,"the ruling in favor of apple regarding pre-suit damages suggests potential financial liabilities for qualcomm, which could negatively impact its stock price.",0,2019-02-05,QCOM,2019-02-05 20:16:00+00:00,77178.0,74752510,0.0209297835826873,15441542.0,0.0072934934869408,0.001612538122572,-0.010763194411993,0.0018174505094066,-0.0051433891057968,-0.0129559049382805,0.0107377395033836,0.0155869759619236,0.0163288991898298,-0.0244865305721759,-0.0013550076400861,-0.012865494005382,-0.0003876808914355,0.0096437288448214,0.0079503562301397,-0.0185435395687818,0.000577121565584,-0.0464173965156078,0.0084599591791629,-0.0177311301231384,-0.0019066212698817,0.0091290855780243,0.0147087005898356,-0.0090464986860752,-0.0024472374934703,-0.0082540661096572,0.0007548046996816,-0.0273996461182832,0.0001886128011392,-0.0034782742150127,0.0065987645648419,0.0123239569365978,0.0151714058592915,0.0033562732860445,-0.0077491141855716,0.0117962434887886,0.0029750808607786,-0.0086817480623722,0.0274379067122936,-0.0028268524911254,-0.0140511030331254,0.0161579474806785,-0.0092541184276342,-0.0296167377382516,0.0153185073286294,0.0086101153865456,0.0090156700462102,0.0017602265579625,0.0100291622802615,0.0128365345299243,0.0001805765787139,0.0023231070954352,0.0216605942696332,0.0430568046867847,0.0040636635385453,-0.0218777935951948,0.0024634767323732,-0.0269647054374218,0.0033350645098835,-0.005644729360938,0.0106718093156814,-0.0188646614551544,-0.0164445340633392,0.0136841889470815,-0.0031679039821028,-0.0107601340860128,0.0240113101899623,-0.0080909142270684,-0.0187931060791015,0.0064102378673851,-0.0063257883302867,0.0064516607671976,0.0084880553185939,0.0019216770306229,0.0136770578101277,0.0223254151642322,0.0048434315249323,-0.01961125805974,-0.0070580109022557,1.858450815461765e-08,0.0031206710264086,-0.0238417293876409,0.0022468210663646,0.0151047222316265,-0.0039662588387727,0.0025812718085944,-0.0055401609279215,0.0257722698152065,-0.0193244572728872,0.019434979185462,-0.0076335929334163,-0.002870982280001,0.0187835283577442,0.0086877746507525,0.0040386221371591,-0.0003618682385422,0.2320740967988968,0.0063729477114975,0.1224983036518097,0.0003642375813797,0.0102427611127495,-0.0175375714898109,0.0260358229279518,0.0088463928550481,0.0579480305314064,0.0268817357718944,0.0012684571556746,-0.0040620607323944,-0.0202695168554782,-0.0060561904683709,0.0184553861618042,-0.039315927773714,0.0070406347513198,-0.0229112487286329,-0.0128367077559232,-0.0816326513886451,0.0027865495067089,-0.0066006910055875,0.0089150937274098,0.0025208734441548,0.0072934934869408,0.001612538122572,-0.0035482022133946,0.0034329193402109,-0.0086733415345819,-0.0095674621747021,0.0183323536785509,-0.0187598899737629,0.0339050121687831,-0.1009589622956601,0.1394973614217975,-0.1234785708588765,0.7371553626857177,-0.2086112403668072,2019-02-06,2019-02-07,2019-02-08,2019-02-11,2019-02-12,2019-02-13,2019-02-14,2019-02-15,2019-02-19,2019-02-20,77178.0,2019-02-05,252.0,2.0930%,-0.0009,1.0443,-0.0168,-0.1085,1.4763%,1.9028%,39.8080%,0.015722,QCOM,77178.0,2019-02-06,252.0,0.7293%,-0.0007,1.0031,-0.0038,-0.1478,1.4697%,1.8586%,37.4680%,0.009565,QCOM,77178.0,2019-02-07,252.0,-1.0763%,-0.0008,0.9875,0.0163,-0.1502,1.4597%,1.8390%,36.9991%,-0.000963,QCOM,77178.0,2019-02-08,252.0,-0.5143%,-0.0009,0.989,0.0044,-0.1518,1.4573%,1.8380%,37.1413%,-0.007177,QCOM,77178.0,2019-02-11,252.0,1.0738%,-0.0009,0.9879,0.0196,-0.1441,1.4587%,1.8223%,35.9276%,0.009574,QCOM,77178.0,2019-02-12,252.0,1.6329%,-0.0009,0.9821,0.0295,-0.1488,1.4565%,1.8182%,35.8244%,0.002545,QCOM,77178.0,2019-02-13,252.0,-0.1355%,-0.001,0.9755,0.0393,-0.1478,1.4542%,1.8104%,35.4749%,-0.004118,QCOM,77178.0,2019-02-14,252.0,-0.0388%,-0.001,0.9753,0.0402,-0.149,1.4542%,1.8103%,35.4755%,0.000499,QCOM,77178.0,2019-02-15,252.0,0.7950%,-0.001,0.974,0.0389,-0.1513,1.4542%,1.8089%,35.3716%,-0.002556,QCOM,77178.0,2019-02-19,252.0,0.0577%,-0.0009,0.9839,0.025,-0.1678,1.4405%,1.8050%,36.3094%,-0.001033,QCOM,77178.0,2019-02-20,252.0,0.8460%,-0.0008,0.9868,0.0339,-0.157,1.4409%,1.8055%,36.3066%,0.007359,QCOM,0.025287,0.024324,0.017147,0.029266,0.029417
35059,R B C BEARINGS INC,"Regal Beloit shares are trading higher after the company reported Q4 EPS of $1.41, beating the $1.31 estimate and sales of $881.7 million, beating the $865.01 million estimate.",6,increase,0.8,0.6,"the positive earnings report and sales beat for regal beloit, which is related to r b c bearings inc, is likely to boost investor confidence and lead to an increase in stock price.",2,2019-02-05,RBC,2019-02-05 17:51:00+00:00,90870.0,75524B10,-0.0662642195820808,265699.0,0.0140716973692178,0.0114942966029048,-0.0243774373084306,-0.0015779746463522,-0.0023834304884076,0.0052635064348578,0.0071671390905976,0.0220339391380548,0.014997255988419,0.0132915079593658,0.0017339690821245,-0.0083673074841499,0.014975843951106,0.0103995166718959,0.0595388077199459,0.0070067653432488,-0.0067879725247621,-0.0112485820427537,0.018107570707798,-0.0249853823333978,-0.0130795808508992,0.0220472551882267,-0.0037865035701543,0.0104260370135307,0.0167522318661212,0.0051267184317111,-0.012391785159707,0.0241680573672056,-0.0049769151955842,-0.017374875023961,-0.0126805426552891,-0.0035533469635993,0.0143418470397591,0.0177746806293726,-0.0133652864024043,0.009162975475192,-0.0049193440936505,-0.0037134129088371,-0.018127204850316,0.0066193505190312,-0.0170752797275781,0.0381599254906177,0.0063103646971285,-0.0395247414708137,-0.0088527994230389,-0.0176964700222015,-0.0177893508225679,0.0019872346892952,0.0153834391385316,0.0041442308574914,-0.0039555099792778,-0.0228721629828214,-0.0147609850391745,0.0640760138630867,0.0244885627180337,-0.013306058011949,-0.0145498225465416,-0.0111336056143045,-0.0045198202133178,-0.0247531849890947,0.0062051257118582,-0.0188482366502285,-0.0511393770575523,0.0023147966712713,0.0037251424510031,-0.0118792932480573,0.0128711694851517,0.0023666301276534,-0.013799050822854,-0.0039045142475515,0.00324113573879,0.0115508083254098,0.0020486526191234,-0.0098870825022459,0.0109302457422018,-0.0108743645250797,0.0077784694731235,-0.0345944389700889,0.0239271856844425,-0.0179893877357244,-0.0053520780056715,-0.0803054124116897,0.0084122819826006,0.0269898679107427,-0.0229220129549503,0.0095665166154503,-0.0348434075713157,-0.0077899135649204,0.0205609984695911,0.0506189875304698,0.0085116066038608,-0.0261871516704559,0.0029423530213534,0.0188331250101327,0.0052498104050755,0.0023940226528793,0.0019199752714484,0.0017129153711721,-0.0081251934170722,-0.0340834483504295,0.0117465555667877,-0.0257898122072219,-0.0053467536345124,0.0126004302874207,0.0145906452089548,0.0128281591460108,0.0104450872167944,-0.0209116339683532,-0.0023220791481435,-0.0174299627542495,0.012988930568099,-0.0181137360632419,0.0208271387964487,-0.0185741353780031,-0.0013068516273051,0.0137335741892457,0.0054525625891983,0.018996961414814,0.0020245753694325,-0.0271669048815965,0.0140716973692178,0.0114942966029047,-0.010648771859654,0.0098981842479355,-0.0130068217405472,0.0152137898392759,0.008975374352629,0.051373990717813,0.0991100509153211,0.0226613190491162,0.0051722254329364,0.0690964778362981,0.0540807791062705,-0.1326310526450468,2019-02-06,2019-02-07,2019-02-08,2019-02-11,2019-02-12,2019-02-13,2019-02-14,2019-02-15,2019-02-19,2019-02-20,90870.0,2019-02-05,252.0,-6.6264%,0.0005,1.2696,0.9863,0.5161,1.4578%,2.0195%,47.8920%,-0.068235,ROLL,90870.0,2019-02-06,252.0,1.4072%,0.0006,1.2359,0.9968,0.485,1.4560%,1.9788%,45.8611%,0.016502,ROLL,90870.0,2019-02-07,252.0,-2.4377%,0.0004,1.2188,1.0248,0.4785,1.4411%,1.9597%,45.9247%,-0.013579,ROLL,90870.0,2019-02-08,252.0,-0.2383%,0.0004,1.2189,1.0306,0.4824,1.4406%,1.9596%,45.9553%,-0.000791,ROLL,90870.0,2019-02-11,252.0,0.7167%,0.0004,1.2204,1.025,0.4802,1.4407%,1.9493%,45.3765%,-0.002551,ROLL,90870.0,2019-02-12,252.0,1.4997%,0.0004,1.2158,1.0299,0.477,1.4401%,1.9482%,45.3566%,-0.001089,ROLL,90870.0,2019-02-13,252.0,0.1734%,0.0004,1.2147,1.0305,0.4763,1.4402%,1.9468%,45.2713%,-0.002722,ROLL,90870.0,2019-02-14,252.0,1.4976%,0.0005,1.2123,1.0389,0.4654,1.4397%,1.9473%,45.3409%,0.014831,ROLL,90870.0,2019-02-15,252.0,5.9539%,0.0008,1.2565,1.083,0.5429,1.4551%,1.9822%,46.1103%,0.040909,ROLL,90870.0,2019-02-19,252.0,-0.6788%,0.0006,1.2473,1.0825,0.5432,1.4529%,1.9739%,45.8270%,-0.014045,ROLL,90870.0,2019-02-20,252.0,1.8108%,0.0007,1.2499,1.088,0.5524,1.4541%,1.9766%,45.8804%,0.010268,ROLL,-0.051733,-0.065312,-0.066103,-0.069743,-0.020502
35067,REGENERON PHARMACEUTICALS INC,Regeneron Pharmaceuticals Q4 Earnings Preview,6,uncertain,0.6,0.5,"the earnings preview does not provide specific information about expected performance, making the impact on stock price uncertain.",1,2019-02-05,REGN,2019-02-05 19:15:00+00:00,76614.0,75886F10,-0.0102491425350308,629616.0,-0.0343910567462444,-0.0110426601022481,-0.0002459811803419,0.0020500032696872,0.0009840916609391,0.0222904551774263,0.0040555093437433,0.006616348400712,0.0191671848297119,0.0077303578145802,-0.0102080032229423,-0.0103755677118897,0.0069887763820588,0.02539655379951,0.0216883141547441,0.0167493373155593,-0.0079486640170216,-0.0087461611256003,0.0045411405153572,-0.0336405225098133,-0.0092069171369075,0.0034979907795786,0.0093163102865219,0.0317397452890873,-0.0050648115575313,-0.0011850785231217,0.0137256504967808,0.0107054077088832,0.0168485101312398,-0.0193328782916069,-0.0059769609943032,0.0013968714047223,0.0204996448010206,0.0212223120033741,-0.0130582628771662,0.005839945282787,0.0076067084446549,0.0015883943997323,-0.0307460073381662,-0.0023141314741224,-0.0333026871085166,0.0684530287981033,-0.0169441178441047,-0.0009666412370279,0.0233706850558519,-0.0028380122967064,0.0135177951306104,0.0300038754940033,-0.0206167940050363,-0.0059486646205186,-0.0036918651312589,0.0041289324872195,0.017104297876358,0.066492460668087,-0.0165753737092018,-0.011491559445858,-0.0014966041781008,-0.0326474606990814,-0.0036609997041523,-0.0123925730586051,-0.007176334504038,-0.022493191063404,-0.0268014818429946,-0.0173102524131536,0.0081674633547663,-0.0148752871900796,0.0268860626965761,0.007027565035969,-0.0067797447554767,0.0014552288921549,0.0048650717362761,0.0059618605300784,0.0143023217096924,-0.0049524488858878,-0.0013881626073271,0.0127672394737601,0.0116327758878469,-0.0232125967741012,-0.0188515670597553,0.0238466057926416,-0.0011547941248863,-0.0256396792829036,0.0059282309375703,0.0463831312954425,-0.0187802426517009,0.016909047961235,-0.0137815847992897,-0.0111924074590206,0.0315871909260749,0.0284228008240461,-0.0361315906047821,0.0011608914937824,-0.0267866421490907,0.0361438952386379,-0.0194286368787288,-0.0067314393818378,-0.0207989290356636,0.0174330826848745,-0.0672305524349212,-0.0050148433074355,-0.0280782710760831,-0.0183592401444912,0.0020699659362435,0.0107712354511022,0.0302667897194623,0.0129265179857611,-0.0106933889910578,-0.0140602085739374,0.0279915388673543,-0.0128693198785185,-0.0180861931294202,-0.0283183027058839,0.0014257994480431,-0.018384963274002,-0.0029347066301852,-0.0024982942268252,-0.0068485341034829,0.018567755818367,-0.015786862000823,0.007550764363259,-0.0343910567462444,-0.0110426601022481,-0.0346285783738546,-0.0090152943218765,-0.0336785644081234,0.0130742058415567,-0.0111628624645971,0.0276602992906336,0.0034913582213638,0.0156622992801234,-0.0369086263506037,0.1793733820736229,-0.2033773586834613,0.1985462010709602,2019-02-06,2019-02-07,2019-02-08,2019-02-11,2019-02-12,2019-02-13,2019-02-14,2019-02-15,2019-02-19,2019-02-20,76614.0,2019-02-05,252.0,-1.0249%,0.0007,1.0659,0.2186,-0.3271,1.5319%,2.0076%,41.7814%,-0.0168579999999999,REGN,76614.0,2019-02-06,252.0,-3.4391%,0.0006,1.0556,0.2225,-0.3416,1.5449%,1.9985%,40.2435%,-0.031895,REGN,76614.0,2019-02-07,252.0,-0.0246%,0.0006,1.0513,0.2235,-0.3393,1.5462%,1.9947%,39.9129%,0.0110929999999999,REGN,76614.0,2019-02-08,252.0,0.0984%,0.0006,1.0516,0.233,-0.3319,1.5451%,1.9929%,39.8883%,-0.002515,REGN,76614.0,2019-02-11,252.0,0.4056%,0.0006,1.0544,0.2317,-0.3311,1.5451%,1.9794%,39.0660%,0.001709,REGN,76614.0,2019-02-12,252.0,1.9167%,0.0005,1.0389,0.2541,-0.3431,1.5339%,1.9652%,39.0795%,0.004117,REGN,76614.0,2019-02-13,252.0,-1.0208%,0.0005,1.0349,0.2553,-0.3462,1.5360%,1.9633%,38.7872%,-0.013129,REGN,76614.0,2019-02-14,252.0,0.6989%,0.0007,1.0375,0.2602,-0.358,1.4925%,1.9340%,40.4414%,0.0057269999999999,REGN,76614.0,2019-02-15,252.0,2.1688%,0.0007,1.0415,0.2649,-0.3501,1.4938%,1.9351%,40.4106%,0.0109319999999999,REGN,76614.0,2019-02-19,252.0,-0.7949%,0.0007,1.0418,0.2551,-0.3612,1.4944%,1.9355%,40.3850%,-0.009746,REGN,76614.0,2019-02-20,252.0,0.4541%,0.0008,1.0431,0.26,-0.356,1.4943%,1.9355%,40.3927%,0.003887,REGN,-0.048753,-0.03766,-0.040175,-0.034349,-0.0366779999999999
35075,RALPH LAUREN CORP,Ralph Lauren shares are trading higher after the company reported Q3 EPS of $2.32 beating the $2.14 estimate and sales of $1.73B beating the $1.66B estimate.,6,increase,0.85,0.7,the positive earnings and sales results exceeding estimates typically lead to increased investor confidence and demand for the stock.,2,2019-02-05,RL,2019-02-05 13:36:00+00:00,85072.0,75121210,0.0838935002684593,3927222.0,0.0154639026150107,-0.0106235593557357,-0.0046002683229744,-0.0030997125431895,-0.0037450296804308,-0.0069260159507393,0.0045589036308228,0.0068876058794558,0.0084395315498113,0.0092102289199829,-0.027001466602087,0.0127595644444227,-0.003651387291029,0.0243374519050121,0.0187311302870512,0.0059847994707524,0.0028779327403754,0.0086892610415816,-0.0009565174696035,-0.0200770627707243,0.0072607998736202,0.0342046953737735,0.0069708880037069,0.0213007666170597,0.0002359878708375,-0.0050861914642155,-0.0050334203988313,-0.004687353502959,0.0056912591680884,0.011761337518692,-0.0161911901086568,-0.0133819980546832,0.0143804671242833,-0.0237529557198286,-0.0122076319530606,0.0104310642927885,-0.0043852292001247,0.0152765223756432,-0.0062465476803481,0.0182268917560577,-0.0059633967466652,0.0408224128186702,-0.0104580540210008,-0.0451441779732704,0.0114697813987731,0.0191378630697727,-0.0049408767372369,0.0165061932057142,-0.0095237949863076,-0.0026458036154508,-0.0012327542062848,0.0073089646175503,-0.006171315908432,0.0595634467899799,0.0283987447619438,-0.0136368488892912,0.0048305168747901,-0.0187141634523868,-0.016505068168044,-0.0164275467395782,0.0153971435502171,-0.0139539446681737,-0.035381868481636,0.0150555102154612,0.0196289848536253,-0.005320206284523,-0.0026103246491402,-0.0191341638565063,0.0251083653420209,-0.0430922508239746,0.0373783111572265,0.0268730595707893,0.0021638236939907,0.0016168743604794,-0.005320691037923,0.0022878728341311,-0.0131793515756726,-0.036111369729042,0.0002356727054575,-0.0094657400622963,0.0082469005137681,-0.0441099666059017,-0.0060761766508221,0.0317773856222629,-0.0014891043538227,0.0009884141618385,-0.0113815115764737,-0.0105796800926327,0.0040492429398,-0.0007106805569492,0.000790751830209,-0.0385239794850349,0.012563182041049,0.0188859719783067,-0.0075692050158977,0.0008710668189451,0.0187136121094226,0.0307057444006204,0.0169805269688367,-0.0181594248861074,-0.0050090197473764,-0.0327421240508556,-0.0026697642169892,-0.021198472008109,0.010095658712089,-0.0193960443139076,-0.0003029343788512,0.006341659463942,-0.0174203068017959,0.0032223365269601,0.0112541951239109,-0.0234003197401762,0.0068602324463427,-0.0626276805996894,-0.0038609623443335,0.0377551428973674,-0.014211849309504,-0.0030518772546201,0.0168066658079624,-0.065862588584423,0.0154639026150107,-0.0106235593557357,0.0107924961906868,-0.0136903419187369,0.0070070482916959,-0.020521538342976,0.0201353087426425,-0.0046919212638187,0.0094233097476081,0.0267097193888341,-0.0113563441055679,0.1405398778704061,0.0673890281715841,-0.1575178690613883,2019-02-06,2019-02-07,2019-02-08,2019-02-11,2019-02-12,2019-02-13,2019-02-14,2019-02-15,2019-02-19,2019-02-20,85072.0,2019-02-05,252.0,8.3894%,0.0006,1.0519,0.6802,-0.0357,1.8656%,2.2421%,30.7672%,0.079939,RL,85072.0,2019-02-06,252.0,1.5464%,0.0007,1.0447,0.6822,-0.0404,1.8685%,2.2293%,29.7451%,0.017771,RL,85072.0,2019-02-07,252.0,-0.4600%,0.0007,1.0448,0.6798,-0.0389,1.8688%,2.2284%,29.6740%,0.0060599999999999,RL,85072.0,2019-02-08,252.0,-0.3745%,0.0007,1.0461,0.6732,-0.0378,1.8683%,2.2280%,29.6810%,-0.0053939999999999,RL,85072.0,2019-02-11,252.0,0.4559%,0.0008,1.0101,0.7046,-0.0396,1.8603%,2.1954%,28.2011%,-0.001362,RL,85072.0,2019-02-12,252.0,0.8440%,0.0007,1.0003,0.7126,-0.0461,1.8594%,2.1922%,28.0569%,-0.005607,RL,85072.0,2019-02-13,252.0,-2.7001%,0.0006,1.0012,0.6984,-0.0561,1.8680%,2.1993%,27.8552%,-0.030298,RL,85072.0,2019-02-14,252.0,-0.3651%,0.0006,1.0023,0.6948,-0.0514,1.8680%,2.1985%,27.8116%,-0.005606,RL,85072.0,2019-02-15,252.0,1.8731%,0.0006,1.0032,0.6962,-0.0491,1.8682%,2.1979%,27.7572%,0.005815,RL,85072.0,2019-02-19,252.0,0.2878%,0.0006,1.0059,0.691,-0.0552,1.8672%,2.1979%,27.8327%,-0.001,RL,85072.0,2019-02-20,252.0,-0.0957%,0.0007,1.0061,0.6984,-0.0527,1.8647%,2.1963%,27.9193%,-0.004184,RL,0.0977099999999999,0.1037699999999999,0.0983759999999999,0.0914069999999999,0.0561339999999999
35083,RALPH LAUREN CORP,Ralph Lauren Sees Q4 Sales Down Slightly; sees FY19 Sales Up Slightly,6,uncertain,0.6,0.3,"while a slight decrease in q4 sales may raise concerns, the expectation of slight growth in fy19 sales could balance investor sentiment, leading to uncertainty in stock price movement.",1,2019-02-05,RL,2019-02-05 13:02:00+00:00,85072.0,75121210,0.0838935002684593,3927222.0,0.0154639026150107,-0.0106235593557357,-0.0046002683229744,-0.0030997125431895,-0.0037450296804308,-0.0069260159507393,0.0045589036308228,0.0068876058794558,0.0084395315498113,0.0092102289199829,-0.027001466602087,0.0127595644444227,-0.003651387291029,0.0243374519050121,0.0187311302870512,0.0059847994707524,0.0028779327403754,0.0086892610415816,-0.0009565174696035,-0.0200770627707243,0.0072607998736202,0.0342046953737735,0.0069708880037069,0.0213007666170597,0.0002359878708375,-0.0050861914642155,-0.0050334203988313,-0.004687353502959,0.0056912591680884,0.011761337518692,-0.0161911901086568,-0.0133819980546832,0.0143804671242833,-0.0237529557198286,-0.0122076319530606,0.0104310642927885,-0.0043852292001247,0.0152765223756432,-0.0062465476803481,0.0182268917560577,-0.0059633967466652,0.0408224128186702,-0.0104580540210008,-0.0451441779732704,0.0114697813987731,0.0191378630697727,-0.0049408767372369,0.0165061932057142,-0.0095237949863076,-0.0026458036154508,-0.0012327542062848,0.0073089646175503,-0.006171315908432,0.0595634467899799,0.0283987447619438,-0.0136368488892912,0.0048305168747901,-0.0187141634523868,-0.016505068168044,-0.0164275467395782,0.0153971435502171,-0.0139539446681737,-0.035381868481636,0.0150555102154612,0.0196289848536253,-0.005320206284523,-0.0026103246491402,-0.0191341638565063,0.0251083653420209,-0.0430922508239746,0.0373783111572265,0.0268730595707893,0.0021638236939907,0.0016168743604794,-0.005320691037923,0.0022878728341311,-0.0131793515756726,-0.036111369729042,0.0002356727054575,-0.0094657400622963,0.0082469005137681,-0.0441099666059017,-0.0060761766508221,0.0317773856222629,-0.0014891043538227,0.0009884141618385,-0.0113815115764737,-0.0105796800926327,0.0040492429398,-0.0007106805569492,0.000790751830209,-0.0385239794850349,0.012563182041049,0.0188859719783067,-0.0075692050158977,0.0008710668189451,0.0187136121094226,0.0307057444006204,0.0169805269688367,-0.0181594248861074,-0.0050090197473764,-0.0327421240508556,-0.0026697642169892,-0.021198472008109,0.010095658712089,-0.0193960443139076,-0.0003029343788512,0.006341659463942,-0.0174203068017959,0.0032223365269601,0.0112541951239109,-0.0234003197401762,0.0068602324463427,-0.0626276805996894,-0.0038609623443335,0.0377551428973674,-0.014211849309504,-0.0030518772546201,0.0168066658079624,-0.065862588584423,0.0154639026150107,-0.0106235593557357,0.0107924961906868,-0.0136903419187369,0.0070070482916959,-0.020521538342976,0.0201353087426425,-0.0046919212638187,0.0094233097476081,0.0267097193888341,-0.0113563441055679,0.1405398778704061,0.0673890281715841,-0.1575178690613883,2019-02-06,2019-02-07,2019-02-08,2019-02-11,2019-02-12,2019-02-13,2019-02-14,2019-02-15,2019-02-19,2019-02-20,85072.0,2019-02-05,252.0,8.3894%,0.0006,1.0519,0.6802,-0.0357,1.8656%,2.2421%,30.7672%,0.079939,RL,85072.0,2019-02-06,252.0,1.5464%,0.0007,1.0447,0.6822,-0.0404,1.8685%,2.2293%,29.7451%,0.017771,RL,85072.0,2019-02-07,252.0,-0.4600%,0.0007,1.0448,0.6798,-0.0389,1.8688%,2.2284%,29.6740%,0.0060599999999999,RL,85072.0,2019-02-08,252.0,-0.3745%,0.0007,1.0461,0.6732,-0.0378,1.8683%,2.2280%,29.6810%,-0.0053939999999999,RL,85072.0,2019-02-11,252.0,0.4559%,0.0008,1.0101,0.7046,-0.0396,1.8603%,2.1954%,28.2011%,-0.001362,RL,85072.0,2019-02-12,252.0,0.8440%,0.0007,1.0003,0.7126,-0.0461,1.8594%,2.1922%,28.0569%,-0.005607,RL,85072.0,2019-02-13,252.0,-2.7001%,0.0006,1.0012,0.6984,-0.0561,1.8680%,2.1993%,27.8552%,-0.030298,RL,85072.0,2019-02-14,252.0,-0.3651%,0.0006,1.0023,0.6948,-0.0514,1.8680%,2.1985%,27.8116%,-0.005606,RL,85072.0,2019-02-15,252.0,1.8731%,0.0006,1.0032,0.6962,-0.0491,1.8682%,2.1979%,27.7572%,0.005815,RL,85072.0,2019-02-19,252.0,0.2878%,0.0006,1.0059,0.691,-0.0552,1.8672%,2.1979%,27.8327%,-0.001,RL,85072.0,2019-02-20,252.0,-0.0957%,0.0007,1.0061,0.6984,-0.0527,1.8647%,2.1963%,27.9193%,-0.004184,RL,0.0977099999999999,0.1037699999999999,0.0983759999999999,0.0914069999999999,0.0561339999999999
35091,RALPH LAUREN CORP,Ralph Lauren Q3 Sales $1.726B Beat $1.66B Estimate,6,increase,0.8,0.6,"beating sales estimates typically indicates strong performance and can lead to positive investor sentiment, likely resulting in an increase in stock price.",2,2019-02-05,RL,2019-02-05 13:02:00+00:00,85072.0,75121210,0.0838935002684593,3927222.0,0.0154639026150107,-0.0106235593557357,-0.0046002683229744,-0.0030997125431895,-0.0037450296804308,-0.0069260159507393,0.0045589036308228,0.0068876058794558,0.0084395315498113,0.0092102289199829,-0.027001466602087,0.0127595644444227,-0.003651387291029,0.0243374519050121,0.0187311302870512,0.0059847994707524,0.0028779327403754,0.0086892610415816,-0.0009565174696035,-0.0200770627707243,0.0072607998736202,0.0342046953737735,0.0069708880037069,0.0213007666170597,0.0002359878708375,-0.0050861914642155,-0.0050334203988313,-0.004687353502959,0.0056912591680884,0.011761337518692,-0.0161911901086568,-0.0133819980546832,0.0143804671242833,-0.0237529557198286,-0.0122076319530606,0.0104310642927885,-0.0043852292001247,0.0152765223756432,-0.0062465476803481,0.0182268917560577,-0.0059633967466652,0.0408224128186702,-0.0104580540210008,-0.0451441779732704,0.0114697813987731,0.0191378630697727,-0.0049408767372369,0.0165061932057142,-0.0095237949863076,-0.0026458036154508,-0.0012327542062848,0.0073089646175503,-0.006171315908432,0.0595634467899799,0.0283987447619438,-0.0136368488892912,0.0048305168747901,-0.0187141634523868,-0.016505068168044,-0.0164275467395782,0.0153971435502171,-0.0139539446681737,-0.035381868481636,0.0150555102154612,0.0196289848536253,-0.005320206284523,-0.0026103246491402,-0.0191341638565063,0.0251083653420209,-0.0430922508239746,0.0373783111572265,0.0268730595707893,0.0021638236939907,0.0016168743604794,-0.005320691037923,0.0022878728341311,-0.0131793515756726,-0.036111369729042,0.0002356727054575,-0.0094657400622963,0.0082469005137681,-0.0441099666059017,-0.0060761766508221,0.0317773856222629,-0.0014891043538227,0.0009884141618385,-0.0113815115764737,-0.0105796800926327,0.0040492429398,-0.0007106805569492,0.000790751830209,-0.0385239794850349,0.012563182041049,0.0188859719783067,-0.0075692050158977,0.0008710668189451,0.0187136121094226,0.0307057444006204,0.0169805269688367,-0.0181594248861074,-0.0050090197473764,-0.0327421240508556,-0.0026697642169892,-0.021198472008109,0.010095658712089,-0.0193960443139076,-0.0003029343788512,0.006341659463942,-0.0174203068017959,0.0032223365269601,0.0112541951239109,-0.0234003197401762,0.0068602324463427,-0.0626276805996894,-0.0038609623443335,0.0377551428973674,-0.014211849309504,-0.0030518772546201,0.0168066658079624,-0.065862588584423,0.0154639026150107,-0.0106235593557357,0.0107924961906868,-0.0136903419187369,0.0070070482916959,-0.020521538342976,0.0201353087426425,-0.0046919212638187,0.0094233097476081,0.0267097193888341,-0.0113563441055679,0.1405398778704061,0.0673890281715841,-0.1575178690613883,2019-02-06,2019-02-07,2019-02-08,2019-02-11,2019-02-12,2019-02-13,2019-02-14,2019-02-15,2019-02-19,2019-02-20,85072.0,2019-02-05,252.0,8.3894%,0.0006,1.0519,0.6802,-0.0357,1.8656%,2.2421%,30.7672%,0.079939,RL,85072.0,2019-02-06,252.0,1.5464%,0.0007,1.0447,0.6822,-0.0404,1.8685%,2.2293%,29.7451%,0.017771,RL,85072.0,2019-02-07,252.0,-0.4600%,0.0007,1.0448,0.6798,-0.0389,1.8688%,2.2284%,29.6740%,0.0060599999999999,RL,85072.0,2019-02-08,252.0,-0.3745%,0.0007,1.0461,0.6732,-0.0378,1.8683%,2.2280%,29.6810%,-0.0053939999999999,RL,85072.0,2019-02-11,252.0,0.4559%,0.0008,1.0101,0.7046,-0.0396,1.8603%,2.1954%,28.2011%,-0.001362,RL,85072.0,2019-02-12,252.0,0.8440%,0.0007,1.0003,0.7126,-0.0461,1.8594%,2.1922%,28.0569%,-0.005607,RL,85072.0,2019-02-13,252.0,-2.7001%,0.0006,1.0012,0.6984,-0.0561,1.8680%,2.1993%,27.8552%,-0.030298,RL,85072.0,2019-02-14,252.0,-0.3651%,0.0006,1.0023,0.6948,-0.0514,1.8680%,2.1985%,27.8116%,-0.005606,RL,85072.0,2019-02-15,252.0,1.8731%,0.0006,1.0032,0.6962,-0.0491,1.8682%,2.1979%,27.7572%,0.005815,RL,85072.0,2019-02-19,252.0,0.2878%,0.0006,1.0059,0.691,-0.0552,1.8672%,2.1979%,27.8327%,-0.001,RL,85072.0,2019-02-20,252.0,-0.0957%,0.0007,1.0061,0.6984,-0.0527,1.8647%,2.1963%,27.9193%,-0.004184,RL,0.0977099999999999,0.1037699999999999,0.0983759999999999,0.0914069999999999,0.0561339999999999
35099,RALPH LAUREN CORP,Ralph Lauren Q3 EPS $2.32 Beats $2.14 Estimate,6,increase,0.8,0.6,"beating earnings estimates typically signals strong financial performance, which can positively influence investor sentiment and lead to an increase in stock price.",2,2019-02-05,RL,2019-02-05 13:01:00+00:00,85072.0,75121210,0.0838935002684593,3927222.0,0.0154639026150107,-0.0106235593557357,-0.0046002683229744,-0.0030997125431895,-0.0037450296804308,-0.0069260159507393,0.0045589036308228,0.0068876058794558,0.0084395315498113,0.0092102289199829,-0.027001466602087,0.0127595644444227,-0.003651387291029,0.0243374519050121,0.0187311302870512,0.0059847994707524,0.0028779327403754,0.0086892610415816,-0.0009565174696035,-0.0200770627707243,0.0072607998736202,0.0342046953737735,0.0069708880037069,0.0213007666170597,0.0002359878708375,-0.0050861914642155,-0.0050334203988313,-0.004687353502959,0.0056912591680884,0.011761337518692,-0.0161911901086568,-0.0133819980546832,0.0143804671242833,-0.0237529557198286,-0.0122076319530606,0.0104310642927885,-0.0043852292001247,0.0152765223756432,-0.0062465476803481,0.0182268917560577,-0.0059633967466652,0.0408224128186702,-0.0104580540210008,-0.0451441779732704,0.0114697813987731,0.0191378630697727,-0.0049408767372369,0.0165061932057142,-0.0095237949863076,-0.0026458036154508,-0.0012327542062848,0.0073089646175503,-0.006171315908432,0.0595634467899799,0.0283987447619438,-0.0136368488892912,0.0048305168747901,-0.0187141634523868,-0.016505068168044,-0.0164275467395782,0.0153971435502171,-0.0139539446681737,-0.035381868481636,0.0150555102154612,0.0196289848536253,-0.005320206284523,-0.0026103246491402,-0.0191341638565063,0.0251083653420209,-0.0430922508239746,0.0373783111572265,0.0268730595707893,0.0021638236939907,0.0016168743604794,-0.005320691037923,0.0022878728341311,-0.0131793515756726,-0.036111369729042,0.0002356727054575,-0.0094657400622963,0.0082469005137681,-0.0441099666059017,-0.0060761766508221,0.0317773856222629,-0.0014891043538227,0.0009884141618385,-0.0113815115764737,-0.0105796800926327,0.0040492429398,-0.0007106805569492,0.000790751830209,-0.0385239794850349,0.012563182041049,0.0188859719783067,-0.0075692050158977,0.0008710668189451,0.0187136121094226,0.0307057444006204,0.0169805269688367,-0.0181594248861074,-0.0050090197473764,-0.0327421240508556,-0.0026697642169892,-0.021198472008109,0.010095658712089,-0.0193960443139076,-0.0003029343788512,0.006341659463942,-0.0174203068017959,0.0032223365269601,0.0112541951239109,-0.0234003197401762,0.0068602324463427,-0.0626276805996894,-0.0038609623443335,0.0377551428973674,-0.014211849309504,-0.0030518772546201,0.0168066658079624,-0.065862588584423,0.0154639026150107,-0.0106235593557357,0.0107924961906868,-0.0136903419187369,0.0070070482916959,-0.020521538342976,0.0201353087426425,-0.0046919212638187,0.0094233097476081,0.0267097193888341,-0.0113563441055679,0.1405398778704061,0.0673890281715841,-0.1575178690613883,2019-02-06,2019-02-07,2019-02-08,2019-02-11,2019-02-12,2019-02-13,2019-02-14,2019-02-15,2019-02-19,2019-02-20,85072.0,2019-02-05,252.0,8.3894%,0.0006,1.0519,0.6802,-0.0357,1.8656%,2.2421%,30.7672%,0.079939,RL,85072.0,2019-02-06,252.0,1.5464%,0.0007,1.0447,0.6822,-0.0404,1.8685%,2.2293%,29.7451%,0.017771,RL,85072.0,2019-02-07,252.0,-0.4600%,0.0007,1.0448,0.6798,-0.0389,1.8688%,2.2284%,29.6740%,0.0060599999999999,RL,85072.0,2019-02-08,252.0,-0.3745%,0.0007,1.0461,0.6732,-0.0378,1.8683%,2.2280%,29.6810%,-0.0053939999999999,RL,85072.0,2019-02-11,252.0,0.4559%,0.0008,1.0101,0.7046,-0.0396,1.8603%,2.1954%,28.2011%,-0.001362,RL,85072.0,2019-02-12,252.0,0.8440%,0.0007,1.0003,0.7126,-0.0461,1.8594%,2.1922%,28.0569%,-0.005607,RL,85072.0,2019-02-13,252.0,-2.7001%,0.0006,1.0012,0.6984,-0.0561,1.8680%,2.1993%,27.8552%,-0.030298,RL,85072.0,2019-02-14,252.0,-0.3651%,0.0006,1.0023,0.6948,-0.0514,1.8680%,2.1985%,27.8116%,-0.005606,RL,85072.0,2019-02-15,252.0,1.8731%,0.0006,1.0032,0.6962,-0.0491,1.8682%,2.1979%,27.7572%,0.005815,RL,85072.0,2019-02-19,252.0,0.2878%,0.0006,1.0059,0.691,-0.0552,1.8672%,2.1979%,27.8327%,-0.001,RL,85072.0,2019-02-20,252.0,-0.0957%,0.0007,1.0061,0.6984,-0.0527,1.8647%,2.1963%,27.9193%,-0.004184,RL,0.0977099999999999,0.1037699999999999,0.0983759999999999,0.0914069999999999,0.0561339999999999
35107,REPUBLIC SERVICES INC,KeyBanc Initiates Coverage On Republic Services with Sector Weight Rating,6,uncertain,0.6,0.2,"the initiation of coverage with a sector weight rating suggests a neutral stance, which may not significantly impact the stock price in either direction.",1,2019-02-05,RSG,2019-02-05 12:17:00+00:00,86228.0,76075910,0.0057892310433089,1188891.0,-0.010360674932599,0.010136536322534,0.0046529741957783,0.0031286384910345,-0.0135083366185426,0.0019592675380408,0.0028690821491181,0.0068384618498384,0.0087125897407531,0.0040934574790298,-0.0045120338909327,-0.0066893300972878,-0.008676485158503,0.0052742818370461,0.0141083495691418,-0.0056378697045147,-0.0046373903751373,0.0011813644086942,-0.0005175784463062,-0.001049066777341,0.0053087663836777,0.0157165732234716,-0.0001288271014345,0.0088686328381299,0.0007729639182798,-0.0061431503854691,-0.002445648657158,0.0139471739530563,0.006451612804085,-0.0107167186215519,0.0055128242820501,0.0013413610868155,0.0011474733473733,0.0086591709405183,-0.0059856548905372,-0.0009461974841542,0.0002562029694672,0.0120383705943822,0.0048673916608095,0.0039829821325838,0.0003824908926617,0.0203194636851549,-0.0073904409073293,-0.002376599702984,0.0074454662390053,-0.0077680340036749,-0.0005096956156194,0.0074377316050231,0.0033145651686936,-0.0004168813175056,0.0029225333128124,0.0074198343791067,-0.0038008748088032,0.0328223891556263,0.0044513051398098,-0.0335382036864757,-0.0020258754957467,-0.0074896104633808,-0.0052016749978065,-0.008389500901103,0.0121157616376876,-0.0114208552986383,-0.005796359386295,-0.0031173180323094,0.0067173480056226,-0.0085998307913541,0.01485585141927,-0.0058776708319783,-0.0043418742716312,0.0158772990107536,0.0043608080595731,-0.0060695568099617,0.001798742567189,-0.0016159808728843,-0.0048519456759095,-0.0084123015403747,-0.0031253907363861,-0.0083421254530549,0.0023827746044844,-0.006969183217734,-0.0047541256062686,-0.0168066639453172,0.0026398375630378,0.0001293268287554,-0.0003761130792554,0.0071623311378061,-0.005518655758351,-0.002727260813117,0.0045403027907013,0.0089098569005727,-0.0278719551861286,-0.0010471444111317,0.010202775709331,0.0071183880791068,0.0109946383163332,-0.0099191088229417,-0.004046531394124,-0.0023437538184225,-0.0020315344445407,0.0037903659977018,0.0055979955941438,0.0115018868818879,-0.0013917081523686,-0.000132215936901,0.0079817213118076,0.0128531139343977,-0.0030165645293891,0.0012064875336363,0.0018910933285951,-0.0010712618241086,0.0135900564491748,-0.0008027503499761,0.0193668212741613,0.0095906946808099,0.0086469259113073,0.0089954482391476,-0.0096595389768481,0.014659178443253,0.002072735922411,0.0048637920990586,-0.010360674932599,0.010136536322534,-0.0057559086899329,0.0132968883712729,-0.0191864925563464,0.0152822080710566,-0.0078025147996402,0.0264096120126584,-0.0121514063998769,0.0192761758542754,0.0029419719233638,0.0746024305223469,0.0561965496817526,0.0858024285601108,2019-02-06,2019-02-07,2019-02-08,2019-02-11,2019-02-12,2019-02-13,2019-02-14,2019-02-15,2019-02-19,2019-02-20,86228.0,2019-02-05,252.0,0.5789%,0.0007,0.5755,-0.3344,0.1195,0.7888%,1.0250%,40.7788%,0.003668,RSG,86228.0,2019-02-06,252.0,-1.0361%,0.0007,0.5368,-0.3217,0.0799,0.7773%,0.9796%,37.0407%,-0.009312,RSG,86228.0,2019-02-07,252.0,0.4653%,0.0008,0.5447,-0.3353,0.0834,0.7713%,0.9790%,37.9297%,0.008815,RSG,86228.0,2019-02-08,252.0,-1.3508%,0.0007,0.5473,-0.3351,0.0942,0.7761%,0.9832%,37.6873%,-0.0133549999999999,RSG,86228.0,2019-02-11,252.0,0.2869%,0.0008,0.5378,-0.3218,0.0965,0.7748%,0.9649%,35.5210%,0.003998,RSG,86228.0,2019-02-12,252.0,0.8713%,0.0009,0.5514,-0.3385,0.1064,0.7617%,0.9626%,37.3850%,0.001527,RSG,86228.0,2019-02-13,252.0,-0.4512%,0.0009,0.5499,-0.3388,0.1047,0.7629%,0.9613%,37.0136%,-0.006027,RSG,86228.0,2019-02-14,252.0,-0.8676%,0.0008,0.5507,-0.3425,0.1096,0.7620%,0.9613%,37.1645%,-0.005253,RSG,86228.0,2019-02-15,252.0,1.4108%,0.0008,0.5467,-0.3453,0.104,0.7604%,0.9576%,36.9521%,0.008115,RSG,86228.0,2019-02-19,252.0,-0.4637%,0.0008,0.5492,-0.3542,0.0938,0.7575%,0.9576%,37.4298%,-0.005087,RSG,86228.0,2019-02-20,252.0,-0.0518%,0.0007,0.5473,-0.3649,0.0851,0.7521%,0.9538%,37.8330%,-0.001398,RSG,-0.005644,0.0031709999999999,-0.0101839999999999,-0.0046589999999999,-0.0143089999999999
35115,REDWOOD TRUST INC,"Credit Suisse Initiates Coverage On Redwood Trust with Outperform Rating, Announces $18 Price Target",6,increase,0.8,0.6,"the initiation of coverage with an 'outperform' rating and a price target above the current market price typically signals positive sentiment, likely leading to an increase in stock price.",2,2019-02-05,RWT,2019-02-05 13:27:00+00:00,82213.0,75807540,0.0006230672588571,1058212.0,-0.0056039355695247,0.0024983764160424,0.0025046938098967,-0.0074394876137375,-0.0012492478126659,0.0081249475479125,0.0006254051695577,-0.0068280948325991,-0.0012500286102294,-0.0018586604855954,-0.0037546600215137,0.0037313101347535,-0.0075376811437308,0.0043722484260797,-0.0031645689159631,0.0018773897318169,-0.0107936551794409,0.0018808610038831,-0.0109114302322268,-0.0018773300107568,0.0025957145262509,-0.0068365824408829,0.0032362584024667,0.0031171592418104,-0.0045161093585193,0.0056427028030157,-0.001944308867678,0.0031446660868823,0.002597400220111,0.0012594145955517,-0.0090673184022307,0.0101781068369746,0.0019607667345553,0.0,0.0300065260380506,0.0051150843501091,0.0025332465302199,0.0038511180318892,-0.0056854169815778,0.0045131975784897,-0.0069885426200926,0.0163826998323202,0.0019193687476217,0.0039473962970077,0.0121328569948673,0.0086264181882143,-0.0018927877536043,-0.0124508868902921,0.0050568850710988,0.00527008716017,0.0056603760458529,0.0072993105277419,-0.0057360869832336,0.0378787331283092,0.0064102197065949,-0.0102249225601553,0.0057324939407408,-0.001361436676234,0.0006333267083391,-0.0284391734749078,0.0018987172516062,-0.0059171696193516,-0.0018951189704239,-0.0110533209517598,0.0018987172516062,-0.032704371958971,0.0107391076162457,0.0031545259989798,0.0043749809265136,-0.001854135422036,0.0056005073711276,-0.0030806676950305,-0.00061882607406,-0.0085523081943392,-0.0006192092550918,-0.0126658072695136,-0.0080544715747237,0.0060679842717945,-0.0006246239063329,0.0079510184004902,0.0043749809265136,-0.0168369691818952,0.0031114588491618,-0.0035950492601841,0.0037220511585474,-0.0029868122655898,-0.0080346763134002,-0.0005970285856164,0.004361470695585,0.0066106137819588,0.0024813278578221,-0.0035928965080529,0.007425794377923,0.0017996812239289,-0.0042998525314033,0.0072508063167333,0.0012338346568867,-0.0012070282828062,-0.0006161570781841,0.0024197825696319,0.0055487151257693,0.0018182233907282,0.0,-0.0060241194441914,0.005518096499145,0.0006027865456417,-0.0018291939049959,-0.0059916344471275,-0.0067196460440754,0.0042117745615541,0.0061500850133597,-0.0124776642769575,0.0006112608825787,0.001785755273886,-0.000610887480434,0.0212765019387006,-0.0024450435303151,-0.002425652462989,0.0006127591477707,-0.0048279981128871,-0.0056039355695247,0.0024983764160424,-0.0031132779023601,-0.0049596978380966,-0.0043586364594163,0.0031249524250278,-0.0049813157604708,-0.0055762178210916,-0.0404732030259048,0.0043804569303516,0.0026216690314919,0.0615078938859592,0.0362538970365187,-0.013048581955199,2019-02-06,2019-02-07,2019-02-08,2019-02-11,2019-02-12,2019-02-13,2019-02-14,2019-02-15,2019-02-19,2019-02-20,82213.0,2019-02-05,252.0,0.0623%,0.0007,0.4505,0.3916,0.3829,0.8479%,0.9753%,24.4220%,0.001216,RWT,82213.0,2019-02-06,252.0,-0.5604%,0.0007,0.4445,0.3937,0.3762,0.8483%,0.9672%,23.0728%,-0.0049419999999999,RWT,82213.0,2019-02-07,252.0,0.2505%,0.0007,0.4416,0.3953,0.3772,0.8486%,0.9660%,22.8275%,0.005583,RWT,82213.0,2019-02-08,252.0,-0.1249%,0.0007,0.4416,0.3952,0.3772,0.8486%,0.9661%,22.8338%,0.000658,RWT,82213.0,2019-02-11,252.0,0.0625%,0.0007,0.4437,0.3874,0.3741,0.8489%,0.9645%,22.5211%,-0.003569,RWT,82213.0,2019-02-12,252.0,-0.1250%,0.0007,0.4427,0.3832,0.3743,0.8496%,0.9645%,22.4033%,-0.006825,RWT,82213.0,2019-02-13,252.0,-0.3755%,0.0006,0.4385,0.3878,0.3736,0.8493%,0.9627%,22.1684%,-0.005586,RWT,82213.0,2019-02-14,252.0,-0.7538%,0.0006,0.4399,0.3838,0.3784,0.8503%,0.9638%,22.1647%,-0.006566,RWT,82213.0,2019-02-15,252.0,-0.3165%,0.0005,0.4283,0.3721,0.3578,0.8528%,0.9598%,21.0636%,-0.011012,RWT,82213.0,2019-02-19,252.0,-1.0794%,0.0004,0.4221,0.3679,0.3536,0.8550%,0.9590%,20.5216%,-0.0138599999999999,RWT,82213.0,2019-02-20,252.0,-1.0911%,0.0003,0.4176,0.356,0.337,0.8597%,0.9609%,19.9528%,-0.014568,RWT,-0.0037259999999999,0.001857,0.002515,-0.007879,-0.0594709999999999
35123,SPIRIT AIRLINES INC,"Spirit Airlines Q4 EPS $1.38 Beats $1.35 Estimate, Sales $862.8M Beat $853.45M Estimate",6,increase,0.8,0.6,"the earnings per share and sales figures both exceeded estimates, which typically signals positive performance and can lead to an increase in stock price.",2,2019-02-05,SAVE,2019-02-05 21:56:00+00:00,12796.0,84857710,0.0027079004794359,1386058.0,-0.0325655154883861,0.026991618797183,0.0297208130359649,0.039272379130125,-0.0202519614249467,-0.0102641861885786,0.0263672322034835,0.0310548394918441,-0.0223596543073654,-0.0145324375480413,-0.0116788512095809,0.0091442819684743,0.0080419806763529,0.0087017053738236,0.0040703355334699,0.0006966373766772,0.0108643099665641,-0.0110231349244713,-0.0694578438997268,-0.0219002570956945,0.0270643606781959,-0.0157519597560167,0.0090633947402238,-0.0074061383493244,0.0078177182003855,0.0375682525336742,0.0069318069145083,-0.0045895026996731,-0.0399934239685535,-0.0212942734360694,-0.0396107174456119,-0.0105349691584706,0.0064000110141932,0.0218671020120382,0.0079491389915347,0.0418857224285602,-0.0148966396227479,-0.01057736761868,-0.0517701469361782,0.0279857348650693,-0.0095684491097927,0.03965899720788,-0.0210267212241888,-0.0670816227793693,0.0268962737172842,-0.0013811812968924,-0.004899158142507,0.0069540631957352,0.0371141657233238,0.007355551701039,0.0069381240755319,-0.0114265903830528,-0.0172257609665393,0.0641120076179504,-0.0249077901244163,-0.0093083065003156,0.0160832982510328,-0.0217817798256874,-0.0204842127859592,-0.0308012217283248,0.0264259167015552,-0.0129803298041224,-0.0174106769263744,0.0070519410073757,-0.0282752122730016,-0.0147432461380958,0.0174588076770305,-0.0272008161991834,0.0144899580627679,-0.0050844904035329,-0.0274384338408708,-0.0074881832115352,0.0214492864906787,0.0167163554579019,0.0069996011443436,0.012569130398333,0.011083978228271,-0.076172761619091,0.0085469912737607,0.0231268052011728,0.0003684682887978,-0.0221498850733041,0.0025782575830817,0.0068620522506535,0.0047759395092725,0.0341935940086841,0.0020109801553189,-0.0068877190351486,0.0370370149612426,0.0624574907124042,0.0014074246864765,0.1526088416576385,-0.0122979087755084,-0.0112490653991699,-0.0186766814440488,0.0139626925811171,-0.0034438758157193,0.0347985178232193,0.0105493236333131,-0.0400468707084655,0.0113390432670712,-0.0238367673009634,-0.0096101993694901,-0.0124293761327862,0.0330637916922569,0.0066350423730909,0.0140893636271357,-0.0123572340235114,-0.0929673761129379,0.0084969932213425,-0.0034039390739053,-0.0005661934847012,0.0206831153482198,-0.0063754012808203,0.0109685845673084,-0.001310855615884,-0.0334681794047355,-0.0042886356823146,-0.0007610524189658,-0.0051938188262283,-0.0325655154883861,0.026991618797183,-0.0038125760496713,0.0673240230140468,-0.0239873253315304,0.0563688105182877,-0.0206512986870844,0.0733458187051065,-0.0784750205037375,0.0576145213400369,-0.16441623988716,0.0863470814334439,-0.1656870546778286,0.1645334586119857,2019-02-06,2019-02-07,2019-02-08,2019-02-11,2019-02-12,2019-02-13,2019-02-14,2019-02-15,2019-02-19,2019-02-20,12796.0,2019-02-05,252.0,0.2708%,0.0018,0.9157,0.5601,-0.1745,2.2876%,2.5477%,19.3779%,-0.001933,SAVE,12796.0,2019-02-06,252.0,-3.2566%,0.0016,0.919,0.5596,-0.1757,2.2966%,2.5496%,18.8611%,-0.030473,SAVE,12796.0,2019-02-07,252.0,2.9721%,0.0018,0.9098,0.555,-0.1664,2.3090%,2.5545%,18.3032%,0.03958,SAVE,12796.0,2019-02-08,252.0,-2.0252%,0.0017,0.9139,0.5644,-0.143,2.3139%,2.5582%,18.1887%,-0.0225959999999999,SAVE,12796.0,2019-02-11,252.0,2.6367%,0.0018,0.9139,0.5912,-0.1284,2.3172%,2.5544%,17.7109%,0.0215919999999999,SAVE,12796.0,2019-02-12,252.0,-2.2360%,0.0017,0.8978,0.5848,-0.1355,2.3286%,2.5590%,17.2007%,-0.035226,SAVE,12796.0,2019-02-13,252.0,-1.1679%,0.0016,0.893,0.5864,-0.1392,2.3306%,2.5588%,17.0428%,-0.014549,SAVE,12796.0,2019-02-14,252.0,0.8042%,0.0017,0.8937,0.5897,-0.1457,2.3250%,2.5551%,17.1998%,0.0059609999999999,SAVE,12796.0,2019-02-15,252.0,0.4070%,0.0017,0.8923,0.5875,-0.1492,2.3254%,2.5545%,17.1327%,-0.006903,SAVE,12796.0,2019-02-19,252.0,1.0864%,0.0018,0.8965,0.587,-0.1501,2.3249%,2.5551%,17.2061%,0.007813,SAVE,12796.0,2019-02-20,252.0,-6.9458%,0.0015,0.8763,0.5429,-0.2219,2.3702%,2.5946%,16.5478%,-0.071727,SAVE,-0.032406,0.007174,-0.0154219999999999,-0.0290559999999999,-0.108461
35131,SINCLAIR INC,CNBC Reports Sinclair No Longer Bidding For Fox Regional Sports Networks,6,decrease,0.7,0.6,"sinclair's decision to no longer bid for the fox regional sports networks may signal a lack of growth opportunities, potentially leading to a decrease in investor confidence and stock price.",0,2019-02-05,SBGI,2019-02-05 14:53:00+00:00,81740.0,82924210,-0.002858055057004,982595.0,0.0085987411439418,0.0109149329364299,-0.0110514806583523,0.0110353836789727,0.001596460584551,0.0003246827691327,0.0124322399497032,-0.0112359672784805,0.011334971524775,0.0061369682662189,0.0149439461529254,-0.002255932893604,0.013497008010745,0.0100911911576986,0.0048426100984215,0.0055646509863436,-0.0108433915302157,0.0334911979734897,0.0106576876714825,-0.0289093647152185,-0.0087374849244952,0.012304650619626,-0.0006079166196286,0.0066956426016986,-0.0066910344175994,-0.0043333051726222,0.0045928210020065,0.0111223431304097,0.0615666061639785,-0.0033590991515666,0.0364627204835414,-0.0132581908255815,0.0174515545368194,0.0093677043914794,0.0002723151701502,0.0013400003081187,0.0362002700567245,0.0514265932142734,0.0034147903788834,0.0157423466444015,-0.035863846540451,0.0367211326956749,0.0051587796770036,-0.0025897743180394,0.0312330666929483,0.0261959191411733,0.0118513805791735,-0.0045351074077188,0.0059865531511604,-0.0011325287632644,-0.002846070099622,-0.0048835859633982,0.019979253411293,0.0555115602910518,-0.0206054784357547,-0.0258787218481302,-0.0072726956568658,-0.0274230446666479,-0.025117814540863,-0.027402264997363,0.0359635055065155,-0.0047272420488297,-0.0207253694534301,-0.0043447078205645,0.0050265197642147,-0.0264363754540681,0.0073703280650079,-0.0132173625752329,0.0023517154622823,-0.0400668010115623,-0.0018248095875605,-0.0115511054173111,0.0049620950594544,0.0079840244725346,0.0207900013774633,-0.0195694845169782,0.0048371297307312,-0.0061588501557707,0.0491512194275856,-0.0012948854127898,0.023907309398055,-0.0252445917576551,0.0099056167528033,0.0076311533339321,-0.0072396397590637,0.0067221829667687,0.0051752817817032,0.0171465519815683,0.0217645764350891,-0.0022595124319195,0.0100778434425592,0.0074796597473323,-0.0136054083704948,0.0055591915734112,0.0163218174129724,0.0045991912484169,0.0174168851226568,0.046767558902502,0.0091151585802435,-0.0424761585891246,-0.0193875543773174,-0.003608881495893,-0.0233654715120792,-0.0061949961818754,0.0213940721005201,-0.0068004885688424,0.0060810050927102,-0.0159337166696786,-0.0094022424891591,0.003196882084012,0.0192090049386024,-0.0038216221146285,0.0126385744661092,-0.0116462334990501,0.0026276055723428,0.0121058002114296,-0.0087355645373463,0.0268236733973026,-0.0367922037839889,0.0220661927014589,0.0085987411439418,0.0109149329364299,-0.0025477683358489,0.0220707670881865,-0.0009553751630245,0.0224026158550945,0.0229299141631409,0.01711888638476,0.0570063373193505,0.0344940629210461,0.1930696998625143,0.150529729731939,0.3999197882361978,0.0595653714656341,2019-02-06,2019-02-07,2019-02-08,2019-02-11,2019-02-12,2019-02-13,2019-02-14,2019-02-15,2019-02-19,2019-02-20,81740.0,2019-02-05,252.0,-0.2858%,-0.0002,0.9659,0.8783,0.4641,1.9114%,2.1923%,23.9851%,-0.0036309999999999,SBGI,81740.0,2019-02-06,252.0,0.8599%,-0.0002,0.9924,0.8696,0.4917,1.9098%,2.1897%,23.9282%,0.010387,SBGI,81740.0,2019-02-07,252.0,-1.1051%,-0.0002,0.9962,0.8659,0.4916,1.9096%,2.1905%,24.0017%,-0.0027089999999999,SBGI,81740.0,2019-02-08,252.0,0.1596%,-0.0002,0.9954,0.8704,0.4911,1.9094%,2.1903%,24.0107%,0.003559,SBGI,81740.0,2019-02-11,252.0,1.2432%,-0.0002,0.9968,0.8748,0.4943,1.9095%,2.1853%,23.6470%,0.004065,SBGI,81740.0,2019-02-12,252.0,1.1335%,-0.0002,0.9963,0.8743,0.4941,1.9096%,2.1858%,23.6789%,-0.001656,SBGI,81740.0,2019-02-13,252.0,1.4944%,-0.0002,0.9937,0.8832,0.4984,1.9100%,2.1851%,23.5961%,0.011184,SBGI,81740.0,2019-02-14,252.0,1.3497%,-0.0002,0.9889,0.8899,0.4936,1.9066%,2.1809%,23.5758%,0.013782,SBGI,81740.0,2019-02-15,252.0,0.4843%,-0.0002,0.9935,0.8929,0.4994,1.9057%,2.1809%,23.6398%,-0.011026,SBGI,81740.0,2019-02-19,252.0,-1.0843%,-0.0003,0.9873,0.8865,0.4928,1.9078%,2.1794%,23.3736%,-0.016919,SBGI,81740.0,2019-02-20,252.0,1.0658%,-0.0001,0.9912,0.9083,0.5104,1.8988%,2.1746%,23.7591%,0.004021,SBGI,0.006756,0.004047,0.007606,0.010015,0.011057
35139,SCANSOURCE INC,"ScanSource Sees Q3 Adj. EPS $0.76-$0.82, Sales $910M-$970M",6,increase,0.7,0.6,"the projected adjusted eps and sales figures suggest positive financial performance, which is likely to boost investor confidence and increase the stock price.",2,2019-02-05,SCSC,2019-02-05 21:49:00+00:00,80362.0,80603710,-0.0031324129085987,155088.0,0.0070699257776141,0.016450060531497,-0.026261007413268,-0.0161838345229625,0.0066755674779415,0.0194252133369445,-0.0005305160884745,0.0083177182823419,0.0098195048049092,-0.008776543661952,-0.000788404198829,-0.0274185556918382,0.0065754866227507,0.0214003007858991,0.0282204858958721,0.0152896922081708,0.0073697823099792,0.0032292499672621,0.0085771987214684,-0.0024161115288734,-0.008754339069128,0.0032318590674549,-0.0095887221395969,0.0089674415066838,-0.0076432926580309,0.0029981089755892,-0.0059049944393336,0.0132559947669506,-0.02091945707798,-0.0043992260470986,-0.0094961915165185,0.0125278616324067,0.0141145829111337,-0.0121012767776846,-0.0018383273854851,0.0207748934626579,-0.0013154232874512,0.0162624735385179,-0.0105373477563262,0.023357642814517,-0.0205005444586277,0.0245288573205471,0.0054362802766263,-0.0296081397682428,0.0227088425308466,0.0020360585767775,-0.0087232831865549,-0.0020319214090704,0.00933329295367,0.0070155416615307,-0.0005283129285089,0.0082522481679916,-0.0010573860490694,0.0430372431874275,-0.0010585052659735,-0.029244989156723,0.0021192538551986,-0.0320624113082885,0.0005285921506583,0.0002888853196054,0.0208718869835138,-0.0388780273497104,-0.065476156771183,0.0135096972808241,-0.005261767655611,-0.0276409983634948,0.0052896006964147,-0.0307692252099514,-0.0102464389055967,0.0047974493354558,0.006435353308916,0.0192882120609283,-0.0041701840236783,-0.0010854030260816,0.0139586823061108,0.0060059349052608,-0.0027532619424164,-0.0229394659399986,0.0088348891586065,0.0050938995555043,0.0254515670239925,-0.0520965531468391,0.0250866990536451,0.0344373695552349,-0.0044258832931518,-0.0057500633411109,-0.0235356036573648,-0.0149331055581569,0.0299946144223213,0.0343542210757732,0.0007800986641086,0.0162381175905466,-0.0002598632418084,-0.0122961532324552,-0.0020789506379514,-0.0002671919355634,0.0148437414318323,0.0021424214355647,-0.0094945533201098,-0.0328930430114269,-0.0041450737044215,-0.0274559222161769,-0.0221123434603214,-0.0074999807402491,0.0247406307607889,0.0285420585423708,0.0023364524822682,-0.0378525182604789,-0.0354830063879489,0.0019830940291285,0.0201396346092224,-0.0251329354941844,0.0076335109770298,-0.0208234097808599,-0.0164576098322868,0.027473796159029,-0.0063745463266968,-0.0120105687528848,-0.0026730413082987,0.0021665899548679,0.0070699257776141,0.016450060531497,-0.0193767450089111,9.509999454593299e-10,-0.0128305282997794,0.0194252143064179,-0.0036658647818054,0.0188830572712792,0.0468709348677003,0.0284564133950713,-0.008902860061247,0.1069055398403329,-0.0230426081182985,-0.0777563592906206,2019-02-06,2019-02-07,2019-02-08,2019-02-11,2019-02-12,2019-02-13,2019-02-14,2019-02-15,2019-02-19,2019-02-20,80362.0,2019-02-05,252.0,-0.3132%,0.0006,1.0755,1.2702,0.2854,1.5756%,2.0458%,40.6882%,-0.005137,SCSC,80362.0,2019-02-06,252.0,0.7070%,0.0006,1.0643,1.2737,0.2756,1.5760%,2.0295%,39.6982%,0.009263,SCSC,80362.0,2019-02-07,252.0,-2.6261%,0.0006,1.0738,1.2686,0.2723,1.5784%,2.0367%,39.9423%,-0.015882,SCSC,80362.0,2019-02-08,252.0,0.6676%,0.0004,1.0743,1.2173,0.2404,1.5407%,2.0043%,40.9109%,0.006854,SCSC,80362.0,2019-02-11,252.0,-0.0531%,0.0004,1.0708,1.2055,0.2322,1.5422%,1.9956%,40.2732%,-0.010722,SCSC,80362.0,2019-02-12,252.0,0.9820%,0.0005,1.0951,1.1709,0.2508,1.5150%,1.9819%,41.5644%,-0.00469,SCSC,80362.0,2019-02-13,252.0,-0.0788%,0.0005,1.0943,1.17,0.2493,1.5154%,1.9812%,41.4943%,-0.004833,SCSC,80362.0,2019-02-14,252.0,0.6575%,0.0005,1.0935,1.172,0.247,1.5155%,1.9815%,41.4991%,0.004136,SCSC,80362.0,2019-02-15,252.0,2.8220%,0.0006,1.1162,1.1936,0.2854,1.5125%,1.9889%,42.1714%,0.011648,SCSC,80362.0,2019-02-19,252.0,0.7370%,0.0006,1.1149,1.1957,0.2879,1.5122%,1.9872%,42.0959%,0.0008309999999999,SCSC,80362.0,2019-02-20,252.0,0.8577%,0.0007,1.1164,1.2043,0.2947,1.5104%,1.9873%,42.2415%,0.0021449999999999,SCSC,0.004126,-0.0117559999999999,-0.0049019999999999,-0.020314,-0.0063869999999999
35147,SCANSOURCE INC,"ScanSource Q2 EPS $0.99 Beats $0.97 Estimate, Sales $1.046B Miss $1.05B Estimate",6,uncertain,0.6,0.3,"while the earnings per share (eps) beat estimates, the sales miss could lead to mixed investor reactions, making the overall impact on the stock price uncertain.",1,2019-02-05,SCSC,2019-02-05 21:48:00+00:00,80362.0,80603710,-0.0031324129085987,155088.0,0.0070699257776141,0.016450060531497,-0.026261007413268,-0.0161838345229625,0.0066755674779415,0.0194252133369445,-0.0005305160884745,0.0083177182823419,0.0098195048049092,-0.008776543661952,-0.000788404198829,-0.0274185556918382,0.0065754866227507,0.0214003007858991,0.0282204858958721,0.0152896922081708,0.0073697823099792,0.0032292499672621,0.0085771987214684,-0.0024161115288734,-0.008754339069128,0.0032318590674549,-0.0095887221395969,0.0089674415066838,-0.0076432926580309,0.0029981089755892,-0.0059049944393336,0.0132559947669506,-0.02091945707798,-0.0043992260470986,-0.0094961915165185,0.0125278616324067,0.0141145829111337,-0.0121012767776846,-0.0018383273854851,0.0207748934626579,-0.0013154232874512,0.0162624735385179,-0.0105373477563262,0.023357642814517,-0.0205005444586277,0.0245288573205471,0.0054362802766263,-0.0296081397682428,0.0227088425308466,0.0020360585767775,-0.0087232831865549,-0.0020319214090704,0.00933329295367,0.0070155416615307,-0.0005283129285089,0.0082522481679916,-0.0010573860490694,0.0430372431874275,-0.0010585052659735,-0.029244989156723,0.0021192538551986,-0.0320624113082885,0.0005285921506583,0.0002888853196054,0.0208718869835138,-0.0388780273497104,-0.065476156771183,0.0135096972808241,-0.005261767655611,-0.0276409983634948,0.0052896006964147,-0.0307692252099514,-0.0102464389055967,0.0047974493354558,0.006435353308916,0.0192882120609283,-0.0041701840236783,-0.0010854030260816,0.0139586823061108,0.0060059349052608,-0.0027532619424164,-0.0229394659399986,0.0088348891586065,0.0050938995555043,0.0254515670239925,-0.0520965531468391,0.0250866990536451,0.0344373695552349,-0.0044258832931518,-0.0057500633411109,-0.0235356036573648,-0.0149331055581569,0.0299946144223213,0.0343542210757732,0.0007800986641086,0.0162381175905466,-0.0002598632418084,-0.0122961532324552,-0.0020789506379514,-0.0002671919355634,0.0148437414318323,0.0021424214355647,-0.0094945533201098,-0.0328930430114269,-0.0041450737044215,-0.0274559222161769,-0.0221123434603214,-0.0074999807402491,0.0247406307607889,0.0285420585423708,0.0023364524822682,-0.0378525182604789,-0.0354830063879489,0.0019830940291285,0.0201396346092224,-0.0251329354941844,0.0076335109770298,-0.0208234097808599,-0.0164576098322868,0.027473796159029,-0.0063745463266968,-0.0120105687528848,-0.0026730413082987,0.0021665899548679,0.0070699257776141,0.016450060531497,-0.0193767450089111,9.509999454593299e-10,-0.0128305282997794,0.0194252143064179,-0.0036658647818054,0.0188830572712792,0.0468709348677003,0.0284564133950713,-0.008902860061247,0.1069055398403329,-0.0230426081182985,-0.0777563592906206,2019-02-06,2019-02-07,2019-02-08,2019-02-11,2019-02-12,2019-02-13,2019-02-14,2019-02-15,2019-02-19,2019-02-20,80362.0,2019-02-05,252.0,-0.3132%,0.0006,1.0755,1.2702,0.2854,1.5756%,2.0458%,40.6882%,-0.005137,SCSC,80362.0,2019-02-06,252.0,0.7070%,0.0006,1.0643,1.2737,0.2756,1.5760%,2.0295%,39.6982%,0.009263,SCSC,80362.0,2019-02-07,252.0,-2.6261%,0.0006,1.0738,1.2686,0.2723,1.5784%,2.0367%,39.9423%,-0.015882,SCSC,80362.0,2019-02-08,252.0,0.6676%,0.0004,1.0743,1.2173,0.2404,1.5407%,2.0043%,40.9109%,0.006854,SCSC,80362.0,2019-02-11,252.0,-0.0531%,0.0004,1.0708,1.2055,0.2322,1.5422%,1.9956%,40.2732%,-0.010722,SCSC,80362.0,2019-02-12,252.0,0.9820%,0.0005,1.0951,1.1709,0.2508,1.5150%,1.9819%,41.5644%,-0.00469,SCSC,80362.0,2019-02-13,252.0,-0.0788%,0.0005,1.0943,1.17,0.2493,1.5154%,1.9812%,41.4943%,-0.004833,SCSC,80362.0,2019-02-14,252.0,0.6575%,0.0005,1.0935,1.172,0.247,1.5155%,1.9815%,41.4991%,0.004136,SCSC,80362.0,2019-02-15,252.0,2.8220%,0.0006,1.1162,1.1936,0.2854,1.5125%,1.9889%,42.1714%,0.011648,SCSC,80362.0,2019-02-19,252.0,0.7370%,0.0006,1.1149,1.1957,0.2879,1.5122%,1.9872%,42.0959%,0.0008309999999999,SCSC,80362.0,2019-02-20,252.0,0.8577%,0.0007,1.1164,1.2043,0.2947,1.5104%,1.9873%,42.2415%,0.0021449999999999,SCSC,0.004126,-0.0117559999999999,-0.0049019999999999,-0.020314,-0.0063869999999999
35155,STAR GROUP LP,"Star Group Q1 EPS $0.04, Sales $535M vs $436.8M In Same Qtr. Last Year",6,increase,0.7,0.6,"the increase in sales from $436.8m to $535m suggests strong performance, which is likely to positively influence investor sentiment and drive the stock price up.",2,2019-02-05,SGU,2019-02-05 21:59:00+00:00,82743.0,85512C10,0.0010905375238507,78837.0,0.0424835905432701,0.0,-0.0083594489842653,0.002185842487961,-0.0126448776572942,0.0155382230877876,-0.0010672602802515,-0.007709217723459,0.0053419009782373,-0.0098146293312311,-0.0010627235751599,-0.0139785064384341,-0.0053190682083368,0.0192100033164024,0.0363635495305061,0.0109408563002944,0.0082560246810317,-0.0032715084962546,0.0010234671644866,-0.0160943809896707,-0.0020449392031878,-0.002141376491636,-0.0081967134028673,-0.0042643882334232,-0.00206616288051,0.0042826510034501,0.0031055624131113,-0.0021366991568356,0.0134159047156572,-0.013698642142117,0.0030550598166882,-0.011458396911621,-0.0081218192353844,0.0062893521972,-0.0030706943944096,0.0073917312547564,-0.0082135442644357,0.0074468776583671,0.0124223483726382,-0.0052910256199538,-0.0061349146999418,0.0106951259076595,-0.0051440522074699,0.0064586028456687,0.0072388513945043,-0.0053533394820988,0.0061602075584232,0.0130151715129613,-0.006122491788119,-0.0212314017117023,-0.0051334900781512,0.0272628124803304,0.0,0.0043811569921672,0.0061919940635561,-0.0021857381798326,0.0041025602258741,-0.0054348036646842,-0.0040857978165149,0.0065644928254187,0.0020513290073722,0.0043955999426543,-0.0081884209066629,-0.0256959069520235,0.0082560246810317,-0.0280956830829381,-0.0040942593477666,-0.0082559268921613,-0.0020554475486278,-0.0041109933517873,-0.0061792400665581,0.0041279634460806,-0.0051812683232128,0.0093749165534973,0.0052082538604736,-0.0041493736207485,-0.0041450737044215,-0.002070341957733,0.0083246538415551,0.0010362932225689,-0.0061918958090245,0.003118475433439,0.0010384453926235,-0.0010384453926235,0.0,0.0020812130533158,-0.0072614778764545,-0.0041450737044215,-0.0020898124203085,0.0083594489842653,0.0,-0.0123838894069194,-0.0010471444111317,-0.0061538890004158,0.0073374942876398,0.0020555455703288,0.0145681947469711,0.0041279634460806,-0.0030768956057727,0.0041450737044215,-0.0041152224875986,0.0115303620696067,-0.007231471594423,-0.0062500433996319,0.0124869812279939,-0.0123456669971346,0.0,-0.0051177265122532,-0.0087357750162482,-0.0040774680674076,0.0063024647533893,0.0061538890004158,-0.0052192267030477,0.0010267175966873,-0.0041972678154706,0.0,-0.0073761534877121,0.0,-0.0106157520785927,0.0041237073019146,0.0424835905432701,0.0,0.0337690021511898,0.002185842487961,0.0206971195930849,0.0177580296839614,0.0250544138436874,3.7531755481268187e-10,0.0653594107459543,-0.0036633140927008,0.0620914662661336,0.0159581247551796,0.0285809695360328,-0.0426950737977925,2019-02-06,2019-02-07,2019-02-08,2019-02-11,2019-02-12,2019-02-13,2019-02-14,2019-02-15,2019-02-19,2019-02-20,82743.0,2019-02-05,252.0,0.1091%,-0.0003,0.0559,-0.0039,-0.0697,1.1737%,1.1770%,0.5605%,0.0003509999999999,SGU,82743.0,2019-02-06,252.0,4.2484%,-0.0001,0.0399,0.0005,-0.0796,1.2032%,1.2056%,0.4130%,0.0425549999999999,SGU,82743.0,2019-02-07,252.0,-0.8359%,-0.0002,0.0337,0.0117,-0.0827,1.2008%,1.2032%,0.3907%,-0.0077769999999999,SGU,82743.0,2019-02-08,252.0,-1.2645%,-0.0001,0.0355,0.0314,-0.0624,1.1982%,1.2002%,0.3358%,-0.013352,SGU,82743.0,2019-02-11,252.0,-0.1067%,-0.0002,0.0543,0.0119,-0.063,1.1946%,1.1975%,0.4783%,-0.00128,SGU,82743.0,2019-02-12,252.0,0.5342%,0.0001,0.0967,-0.0389,-0.0322,1.1141%,1.1198%,1.0082%,0.004394,SGU,82743.0,2019-02-13,252.0,-0.1063%,0.0001,0.0978,-0.0413,-0.033,1.1140%,1.1198%,1.0266%,-0.001388,SGU,82743.0,2019-02-14,252.0,-0.5319%,0.0001,0.0995,-0.044,-0.0309,1.1137%,1.1196%,1.0498%,-0.00519,SGU,82743.0,2019-02-15,252.0,3.6364%,0.0002,0.1189,-0.0227,0.0056,1.1350%,1.1419%,1.1928%,0.035398,SGU,82743.0,2019-02-19,252.0,0.8256%,0.0003,0.1223,-0.0206,0.0077,1.1355%,1.1426%,1.2455%,0.007979,SGU,82743.0,2019-02-20,252.0,0.1023%,0.0003,0.1225,-0.0195,0.0087,1.1354%,1.1426%,1.2460%,0.000694,SGU,0.0429059999999999,0.0351289999999999,0.0217769999999999,0.0248909999999999,0.0623839999999999
35163,SKYLINE CHAMPION CORP,"Skyline Q3 EPS $0.27 Up From $0.14 YoY, Sales $354.7M Up From $57.978M YoY",6,increase,0.85,0.7,"the significant year-over-year increase in both eps and sales suggests strong financial performance, which is likely to positively influence investor sentiment and drive the stock price up.",2,2019-02-05,SKY,2019-02-05 22:55:00+00:00,38850.0,83083010,-0.0474844612181186,1141399.0,0.1643917113542557,-0.0056211566552519,-0.0203874371945858,-0.0149500863626599,0.0020812130533158,0.0549064576625824,-0.0031152369920164,0.0388350300490856,0.0260416660457849,0.0172838736325502,-0.0142132323235273,0.0,-0.0061792400665581,0.0220820419490337,0.0222798101603984,0.0475875921547412,0.0248352643102407,0.0,0.0044510462321341,-0.0537835955619812,0.0172329097986221,0.0107458960264921,0.0353339575231075,0.0121560832485556,0.0149602480232715,0.0123057346791029,0.0128973145037889,0.0124589884653687,0.0004547625721897,0.0072654988616704,-0.0972727015614509,-0.0187945533543825,0.061933510005474,-0.0089916111901402,-0.0146988844498992,-0.0120558710768818,-0.0317612998187542,-0.0131496582180261,-0.0313121788203716,0.0653769522905349,0.0256541818380355,0.0526685416698455,-0.0025012125261127,-0.0345762856304645,0.0295887738466262,0.0040844399482011,-0.0004871031851507,0.0448079034686088,-0.0277777630835771,0.0035688928328454,-0.0290726758539676,0.0122832423076033,0.0046462696045637,0.0812499970197677,0.0118191912770271,-0.0490341633558273,-0.0309802237898111,-0.0893098562955856,-0.0015723630785942,-0.0639645457267761,0.0262467209249734,-0.0131250023841857,-0.0409206785261631,0.0688042566180229,0.0127999875694513,-0.0157790780067443,0.0,-0.0330578200519084,0.0010532099986448,-0.0472441352903842,-0.0052604093216359,-0.0207592155784368,0.0047593945637345,-0.0387685447931289,0.0173684172332286,-0.0045402906835079,0.023797258734703,-0.0371583849191665,0.0186962559819221,-0.0027248580008745,0.0079365000128746,-0.1636280864477158,0.0221457071602344,-0.0257548801600933,-0.0009629492997191,0.0162455141544342,-0.03999999538064,0.007272720336914,0.0090361600741744,-0.0329670347273349,-0.004975143354386,-0.0356083139777183,-0.0034999847412109,-0.0016927215037867,-0.0070245554670691,0.0072463802061975,0.0156644489616155,0.0596205852925777,0.0029850481078028,0.0,0.0014881292590871,-0.0751880183815956,-0.0178306382149457,0.0195911843329668,0.0363085903227329,0.0195396803319454,-0.0019464237848296,-0.0081825423985719,-0.0248659290373325,0.0483069829642772,-0.0125000001862645,-0.0626322329044342,0.0227848496288061,-0.0755086243152618,0.0450494959950447,0.0171110350638628,-0.0009474399266764,-0.0086785489693284,0.0132764670997858,0.0300690680742263,0.1643917113542556,-0.0056211566552519,0.1406527484691244,-0.0204872062404578,0.143026689858539,0.0332943715000582,0.1691394810310247,0.0919752864007086,0.2053411830216138,0.1063164914078174,0.1305637229319505,0.1203293639037239,0.2682492817412418,-0.2811865172528518,2019-02-06,2019-02-07,2019-02-08,2019-02-11,2019-02-12,2019-02-13,2019-02-14,2019-02-15,2019-02-19,2019-02-20,38850.0,2019-02-05,252.0,-4.7484%,-0.0005,1.7152,1.3995,0.0251,3.0845%,3.7057%,30.7188%,-0.053979,SKY,38850.0,2019-02-06,252.0,16.4392%,0.0002,1.6759,1.4093,0.0092,3.2603%,3.8181%,27.0853%,0.168188,SKY,38850.0,2019-02-07,252.0,-2.0387%,0.0001,1.6658,1.4236,0.0068,3.2582%,3.8124%,26.9622%,-0.003105,SKY,38850.0,2019-02-08,252.0,0.2081%,-0.0001,1.6673,1.3769,-0.0178,3.2420%,3.7981%,27.1422%,-0.000183,SKY,38850.0,2019-02-11,252.0,-0.3115%,-0.0002,1.6874,1.3381,-0.0283,3.2413%,3.7923%,26.9492%,-0.014596,SKY,38850.0,2019-02-12,252.0,2.6042%,-0.0002,1.6928,1.3333,-0.0247,3.2411%,3.7954%,27.0784%,0.002678,SKY,38850.0,2019-02-13,252.0,-1.4213%,-0.0002,1.7006,1.3122,-0.0332,3.2401%,3.7963%,27.1576%,-0.019836,SKY,38850.0,2019-02-14,252.0,-0.6179%,-0.0002,1.7029,1.307,-0.0276,3.2406%,3.7964%,27.1359%,-0.009724,SKY,38850.0,2019-02-15,252.0,2.2280%,-0.0001,1.7259,1.3277,0.0098,3.2358%,3.7989%,27.4477%,-0.000198,SKY,38850.0,2019-02-19,252.0,2.4835%,0.0001,1.734,1.3322,0.0141,3.2364%,3.8019%,27.5347%,0.017577,SKY,38850.0,2019-02-20,252.0,0.4451%,0.0001,1.7347,1.3395,0.0182,3.2353%,3.8016%,27.5717%,-0.001952,SKY,0.114209,0.111104,0.110921,0.099003,0.08487
35171,SUNPOWER CORP,SPWR Positions Itself For Split Into Two Cos,6,uncertain,0.6,0.3,"the news about sunpower corp positioning itself for a split into two companies could lead to mixed investor reactions, as some may view it as a strategic move for growth while others may be concerned about the implications of such a split.",1,2019-02-05,SPWR,2019-02-05 18:34:00+00:00,90978.0,86765240,0.0427046716213226,3238565.0,-0.0204778779298067,0.0017824869137257,0.026132421568036,-0.0344233736395835,-0.0305602438747882,0.0301418583840131,0.0175131186842918,0.0329670011997222,-0.001721127773635,-0.0179855953902006,0.024137906730175,0.0090743582695722,0.0589225441217422,0.0036430708132684,-0.0588235110044479,0.0578034110367298,0.0574324578046798,-0.0057470756582915,-0.0111821359023451,-0.0386740416288375,0.0500807650387287,-0.0109289521351456,0.0061538401059806,0.0129150729626417,-0.0321100987493991,-0.0109488945454359,0.0189573280513286,-0.003636360168457,-0.0015503491740673,0.0054844990372657,0.0015527565265074,0.009225039742887,0.0031007723882794,0.0149812586605548,-0.0061823744326829,0.0229885764420032,-0.0093312514945864,-0.0474452972412109,-0.014128677546978,0.0300751589238643,-0.0238853655755519,0.0555555969476699,0.0032626395113766,-0.0059172008186578,0.0585366077721118,0.0201208014041185,-0.0184332355856895,-0.0177865922451019,0.021909287199378,0.0242914743721485,-0.0153139932081103,-0.0020201520528644,-0.0139968395233154,0.076086938381195,0.0157728549093008,-0.092702217400074,0.0326087027788162,-0.059369146823883,0.0090225478634238,-0.0477031767368316,-0.0312965773046016,-0.0357751362025737,-0.0553846359252929,0.0138169126585125,0.0,-0.0523731857538223,0.0130293034017086,-0.0316956900060176,0.0048231850378215,-0.0156006095930934,0.0304000098258256,0.0174602624028921,0.0108695914968848,-0.0483383238315582,0.0399385169148445,0.0122324042022228,0.0192023795098066,-0.0267856903374195,0.0492753162980079,0.0090090008452534,0.0082873506471514,-0.0458452962338924,0.0136986169964075,0.0189781188964843,0.0297297015786171,-0.0115440003573894,-0.0196850523352623,-0.0519835986196994,0.0441767610609531,0.0209497343748807,-0.0102564617991447,0.0156027879565954,-0.0168393310159444,0.1633663773536682,-0.0158103238791227,0.0,0.0147255873307585,0.0116861723363399,-0.0092347878962755,-0.056692935526371,-0.0106525160372257,-0.0245776213705539,0.0067295008338987,0.0366242043673992,0.0080213826149702,0.0328947827219963,0.0039788074791431,-0.0097719775512814,-0.0118890553712844,-0.0315457843244075,0.0187165588140487,0.0144000239670276,0.0039370353333652,-0.0015974806156009,-0.0562091879546642,-0.027950283139944,-0.0069251684471964,0.042071234434843,0.0041840630583465,-0.0283019337803125,-0.0204778779298067,0.0017824869137257,0.0051194070993487,-0.0327022459388967,-0.0255972871048899,-0.0035460940208129,-0.0102388990730112,0.0107913577599252,0.0563139795753557,0.0349908032697248,0.1450511749581544,-0.007067127876097,0.2286688851571272,-0.1163522367787502,2019-02-06,2019-02-07,2019-02-08,2019-02-11,2019-02-12,2019-02-13,2019-02-14,2019-02-15,2019-02-19,2019-02-20,90978.0,2019-02-05,252.0,4.2705%,-0.0005,1.4967,0.7752,0.369,3.0325%,3.4478%,22.6389%,0.03918,SPWR,90978.0,2019-02-06,252.0,-2.0478%,-0.0006,1.516,0.7693,0.3857,3.0336%,3.4379%,22.1371%,-0.017466,SPWR,90978.0,2019-02-07,252.0,2.6132%,-0.0002,1.5296,0.7345,0.3991,3.0329%,3.4395%,22.2428%,0.0396269999999999,SPWR,90978.0,2019-02-08,252.0,-3.0560%,-0.0003,1.5347,0.7416,0.4251,3.0386%,3.4448%,22.1957%,-0.02965,SPWR,90978.0,2019-02-11,252.0,1.7513%,-0.0003,1.5538,0.7366,0.4324,3.0380%,3.4394%,21.9781%,0.009393,SPWR,90978.0,2019-02-12,252.0,-0.1721%,-0.0004,1.5471,0.7291,0.4303,3.0407%,3.4389%,21.8191%,-0.022365,SPWR,90978.0,2019-02-13,252.0,2.4138%,-0.0003,1.5548,0.724,0.4341,3.0424%,3.4421%,21.8744%,0.018967,SPWR,90978.0,2019-02-14,252.0,5.8923%,-0.0003,1.536,0.7548,0.4079,3.0374%,3.4329%,21.7144%,0.060841,SPWR,90978.0,2019-02-15,252.0,-5.8824%,-0.0006,1.4941,0.7086,0.3286,3.0772%,3.4517%,20.5231%,-0.0801249999999999,SPWR,90978.0,2019-02-19,252.0,5.7432%,-0.0003,1.5131,0.7287,0.3497,3.0899%,3.4700%,20.7066%,0.051453,SPWR,90978.0,2019-02-20,252.0,-1.1182%,-0.0005,1.5054,0.6983,0.3188,3.0858%,3.4641%,20.6473%,-0.017684,SPWR,0.021714,0.0613409999999999,0.031691,0.0187189999999999,0.052171
35179,DIREXION SHARES E T F TRUST,An Inverse ETF For Nervous Traders,6,uncertain,0.5,0.5,"the mention of an inverse etf may attract both nervous traders looking for hedging options and those who may be cautious about market volatility, leading to mixed reactions in stock price.",1,2019-02-05,SPXS,2019-02-05 17:50:00+00:00,92817.0,25460E26,-0.01263686735183,4953788.0,0.0038395968731492,-0.020627062767744,0.0293242074549198,-0.0012361222179606,-0.003715943545103,-0.0245176330208778,-0.0012432150542736,-0.0482020005583763,-0.0373443812131881,0.0034549003466963,-0.0099138552322983,0.0235755778849124,0.0056596025824546,-0.0237820837646722,-0.0307359732687473,-0.0030592705588787,-0.0044662114232778,-0.004567980300635,-0.0071781850419938,0.0395726151764392,0.0112968822941184,-0.039163451641798,-0.0169794093817472,-0.0230312347412109,-0.0050000278279185,-0.0066420775838196,0.0031977933831512,-0.0331787467002868,0.0018215354066342,0.0177922938019037,0.007272720336914,0.0007267608307301,-0.021209355443716,-0.0118491891771554,0.0129091180860996,-0.0138101764023304,0.0031862359028309,-0.0278829429298639,0.0195099078118801,-0.0228725299239158,0.0244771316647529,-0.1023550555109978,0.00608164165169,0.0753246694803237,-0.04360968247056,0.0003247262502554,-0.009932248853147,-0.0296249184757471,-0.0196078568696975,0.0066624074243009,0.0013953808229416,-0.0237174723297357,-0.0143985766917467,-0.1512054651975632,-0.010367545299232,0.0788804367184639,-0.0013271501520648,0.0602517463266849,0.0114777507260441,0.048067882657051,-0.0335696972906589,0.0487644001841545,0.0572407059371471,0.0043018222786486,0.0032392269931733,0.0584938749670982,-0.0212177578359842,0.0546730533242225,0.0136663960292935,0.0029640579596161,-0.010692679323256,-0.0153228780254721,-0.0197368450462818,-0.0010933195007964,-0.0340364798903465,-0.0047152396291494,-0.0009925785707309,0.0719284787774086,-0.005464416462928,0.0062597752548754,-0.0064935595728456,0.0941780284047126,-0.0130719076842069,-0.0370980873703956,-0.003056518966332,-0.0197979714721441,0.015840545296669,0.0060975453816354,-0.0095572751015424,-0.0688871964812278,0.0005078836111351,-0.0093738278374075,-0.0192893929779529,-0.0471596904098987,0.0020704409107565,0.0204155836254358,-0.0015496221603825,-0.0090317921712994,0.0077599389478564,0.0633883848786354,-0.0046201311051845,0.0424509979784488,-0.0025786096230149,-0.0079459976404905,-0.0263702291995286,-0.0300578288733959,0.0058417744003236,0.0196463651955127,0.0031678704544901,0.0055314619094133,-0.0147368786856532,0.0585528910160064,-0.0026708994992077,0.0279449541121721,-0.0021425236482173,0.0051858616061508,0.0220076106488704,-0.0631579458713531,0.0073529086075723,-0.0190627295523881,0.0038395968731492,-0.020627062767744,0.0332763974633205,-0.0218376874151262,0.0294368007038594,-0.0458199120299354,-0.0102388971824526,-0.0886756066223831,-0.0558874285086282,-0.0605461283872523,-0.0950152629177427,-0.2517541507742424,-0.1793093214059772,-0.0541435604254927,2019-02-06,2019-02-07,2019-02-08,2019-02-11,2019-02-12,2019-02-13,2019-02-14,2019-02-15,2019-02-19,2019-02-20,92817.0,2019-02-05,252.0,-1.2637%,-0.0001,-2.9416,0.4172,-0.0201,0.2071%,3.3167%,99.6099%,0.000122,SPXS,92817.0,2019-02-06,252.0,0.3840%,-0.0001,-2.9377,0.416,-0.0166,0.2073%,3.2226%,99.5862%,-0.002676,SPXS,92817.0,2019-02-07,252.0,2.9324%,-0.0001,-2.935,0.4115,-0.0155,0.2047%,3.2082%,99.5929%,0.002509,SPXS,92817.0,2019-02-08,252.0,-0.3716%,-0.0001,-2.9346,0.4071,-0.0167,0.2023%,3.2061%,99.6017%,-0.001487,SPXS,92817.0,2019-02-11,252.0,-0.1243%,-0.0001,-2.9342,0.407,-0.0165,0.2023%,3.1273%,99.5814%,0.000117,SPXS,92817.0,2019-02-12,252.0,-3.7344%,-0.0001,-2.9303,0.4039,-0.014,0.2010%,3.1224%,99.5856%,0.002351,SPXS,92817.0,2019-02-13,252.0,-0.9914%,-0.0001,-2.9312,0.4044,-0.0144,0.2013%,3.1128%,99.5819%,-0.002041,SPXS,92817.0,2019-02-14,252.0,0.5660%,-0.0001,-2.9305,0.403,-0.0129,0.2020%,3.1125%,99.5790%,-0.002782,SPXS,92817.0,2019-02-15,252.0,-3.0736%,-0.0001,-2.9317,0.402,-0.0147,0.2015%,3.1079%,99.5798%,0.001333,SPXS,92817.0,2019-02-19,252.0,-0.4466%,-0.0001,-2.9319,0.4023,-0.0144,0.2014%,3.1002%,99.5779%,-0.000118,SPXS,92817.0,2019-02-20,252.0,-0.7178%,-0.0001,-2.9324,0.4023,-0.0157,0.2015%,3.1005%,99.5778%,-0.002513,SPXS,-0.002554,-4.49999999999999e-05,-0.001532,0.000936,-0.005185
35187,SEAGATE TECHNOLOGY HOLDINGS PLC,Seagate Technology shares are trading lower after the company said it expects Q3 revenue of $2.19B to $2.42B versus the $2.48B analyst estimate and EPS of $0.67 to $0.74 versus the $1.05 analyst estimate.,6,decrease,0.85,0.7,the company's revenue and eps guidance falling short of analyst estimates is likely to lead to a negative reaction in the stock price.,0,2019-02-05,STX,2019-02-05 13:32:00+00:00,89641.0,G7997R10,-0.0092186564579606,10639852.0,0.0019938005134463,0.0066284369677305,-0.0170241091400384,0.0221318788826465,0.0125956228002905,0.0123456120491027,-0.0082185454666614,0.0226794760674238,0.0165733005851507,-0.0113268122076988,0.0077110002748668,-0.0091617386788129,0.0006558543536812,0.065657764673233,-0.0013109323335811,0.057017620652914,0.0039378758519887,0.0072764754295349,0.0,-0.0434998758137226,-0.0169971399009227,0.0387296676635742,0.0421192124485969,-0.0249245129525661,0.022122973576188,0.0017654398689046,-0.0118626365438103,-0.0117147909477353,-0.0139005864039063,-0.0135234631597995,-0.0055531463585793,0.0017241304740309,-0.0045103714801371,0.0114598674699664,0.0015102415345609,0.0255493111908435,-0.0028004578780382,-0.0005107368924655,-0.0006481441669166,0.0267435889691114,-0.023130128160119,0.0443592257797718,0.022792711853981,-0.0655066817998886,0.0521419234573841,0.0126976333558559,-0.0113098751753568,0.0062581924721598,-0.0083194989711046,-0.0023413151502609,-0.0102768810465931,0.0139804482460022,0.0103835919871926,0.0492665022611618,0.0100671043619513,-0.0063256197609007,-0.0056063439697027,-0.0060142483562231,-0.0222175046801567,0.0110558737069368,0.0599437467753887,-0.0308063607662916,-0.041853804141283,0.0141598051413893,-0.0021308006253093,-0.0290531497448682,0.0081143975257873,-0.0215736608952283,-0.0294429026544094,-0.0149999614804983,0.0037102135829627,0.0126582281664013,0.0413132794201374,-0.0077870222739875,0.0112758595496416,-0.002255642786622,0.0068139173090457,-0.0420168042182922,0.0172272399067878,0.0019245088333263,-0.0076612350530922,-0.0712689608335495,0.0002031353360507,0.0387560501694679,0.0028437820728868,0.0103164976462721,-0.0093173813074827,-0.032879751175642,0.0163565576076507,0.0002267707313876,-0.0048279594630002,0.0038707193452864,0.0040427925996482,0.0225843396037817,-0.0056371809914708,0.0096379844471812,0.0253087673336267,0.0097317788749933,-0.0069115022197365,0.001664281822741,0.0041757621802389,-0.0286373645067215,-0.030891116708517,-0.0127679286524653,-0.0147118391469121,0.0266853775829076,-0.025508077815175,0.0039953463710844,-0.0195786748081445,0.0157555472105741,-0.0234425440430641,-0.0264931302517652,-0.0011114259250462,-0.0507390908896923,0.0752114206552505,-0.0102619519457221,-0.0002069189067697,0.0083663826808333,0.0016559307696297,0.0104560041800141,0.0019938005134463,0.0066284369677305,-0.0150642513041365,0.0289070156145281,-0.0026583721310416,0.0416095024639051,0.0055383266075665,0.0531669699465153,0.0166149773061827,0.1324882414165209,0.0373505273675411,0.2592592945800482,0.0862885208076098,0.0306761918387874,2019-02-06,2019-02-07,2019-02-08,2019-02-11,2019-02-12,2019-02-13,2019-02-14,2019-02-15,2019-02-19,2019-02-20,89641.0,2019-02-05,252.0,-0.9219%,-0.0002,1.2697,0.7769,0.1347,1.8627%,2.3586%,37.6317%,-0.013359,STX,89641.0,2019-02-06,252.0,0.1994%,-0.0002,1.2782,0.774,0.1437,1.8626%,2.3444%,36.8779%,0.004671,STX,89641.0,2019-02-07,252.0,-1.7024%,-0.0001,1.3007,0.7473,0.1458,1.8483%,2.3436%,37.8028%,-0.004791,STX,89641.0,2019-02-08,252.0,1.2596%,-0.0001,1.2991,0.7275,0.1262,1.8461%,2.3423%,37.8782%,0.011957,STX,89641.0,2019-02-11,252.0,-0.8219%,-0.0001,1.2946,0.7113,0.1151,1.8485%,2.3273%,36.9109%,-0.015229,STX,89641.0,2019-02-12,252.0,1.6573%,-0.0001,1.2974,0.7071,0.1173,1.8482%,2.3291%,37.0283%,-0.00108,STX,89641.0,2019-02-13,252.0,0.7711%,-0.0002,1.2913,0.7187,0.1202,1.8461%,2.3228%,36.8313%,0.003472,STX,89641.0,2019-02-14,252.0,0.0656%,-0.0002,1.2909,0.7188,0.1207,1.8459%,2.3221%,36.8116%,0.000227,STX,89641.0,2019-02-15,252.0,-0.1311%,-0.0003,1.2679,0.6961,0.0808,1.8473%,2.3116%,36.1333%,-0.0183739999999999,STX,89641.0,2019-02-19,252.0,0.3938%,-0.0003,1.2711,0.6911,0.0748,1.8461%,2.3116%,36.2222%,-0.000832,STX,89641.0,2019-02-20,252.0,0.0000%,-0.0003,1.2704,0.6915,0.0728,1.8460%,2.3116%,36.2240%,-0.0044469999999999,STX,-0.008688,-0.013479,-0.001522,-0.017831,-0.037785
35195,CONSTELLATION BRANDS INC,Cannabiniers Rolls Out Cannabis-Infused Craft Beer Line In California,6,uncertain,0.6,0.3,"the introduction of a cannabis-infused craft beer line could attract new customers and enhance brand appeal, but regulatory challenges and market acceptance may also pose risks to constellation brands' stock price.",1,2019-02-05,STZ,2019-02-05 14:31:00+00:00,69796.0,21036P10,0.0110526224598288,2604569.0,-0.0139080127701163,-0.0054100858978927,0.0102153914049267,0.0005182329332455,0.0067221955396234,0.017877047881484,-0.0097591420635581,0.0146298352628946,-0.0048040854744613,0.0014889815356582,0.0164592396467924,0.0065946690738201,-0.0046346485614776,0.0121974013745784,0.0054610078223049,-0.0048312279395759,-0.0010862868512049,0.0052206679247319,-0.0442994832992553,0.0035333649720996,-0.0079650366678833,0.0236342810094356,0.0205855946987867,0.0030022249557077,-0.0112977856770157,-0.0040490492247045,0.0135208489373326,-0.0020514847710728,-0.0009444758761674,0.0103636318817734,-0.0005317361210472,-0.0045018820092082,0.0164341367781162,0.0595600232481956,-0.007618922740221,-0.1241731122136116,-0.0185196250677108,0.0130496192723512,-0.0084194401279091,0.0210058819502592,0.009514644742012,0.031064286828041,-0.008649468421936,-0.0148743437603116,0.0128768235445022,0.0200222972780466,0.0028515162412077,-0.0125260548666119,0.0109591027721762,-0.0039143692702054,-0.0002929980691988,0.0004895473830401,-0.000937832868658,0.0412233285605907,0.0036961273290216,-0.0322480946779251,-0.0219195690006017,-0.0281640216708183,-0.0163150411099195,-0.0302748065441846,0.0291008092463016,-0.0030703209340572,0.0008264914504252,-0.0194831453263759,-0.0087890373542904,-0.0287968292832374,0.0218401197344064,-0.0074467533268034,-0.0092598656192421,-0.0219567883759737,0.0139901535585522,-0.0108068473637104,0.0164058078080415,0.0078483782708644,0.0128899477422237,-0.006945536006242,-0.0049551757983863,-0.0110633419826626,0.0168637633323669,-0.0023539098910987,0.0654460117220878,-0.0355179272592067,0.0096631292253732,0.0125153874978423,-0.0049664080142974,-0.0022935231681913,-0.0075387177057564,-0.0253824777901172,-0.0041384738869965,0.0281920544803142,0.0056285746395587,0.008706416003406,-0.0033478024415671,0.0065857926383614,0.0020469184964895,-0.0070542730391025,-0.0047664134763181,0.0182991065084934,0.0082627618685364,-0.0138062890619039,0.0376866124570369,-0.0159772019833326,0.0335010252892971,-0.00460901344195,0.0098315440118312,0.0006588864489458,0.0128205306828022,-0.0116710169240832,0.0096126599237322,-0.011536375619471,0.0,-0.0057106465101242,0.0017910521710291,-0.0077666877768933,-0.0040933242999017,-0.0098186153918504,0.0019842120818793,0.0134803922846913,-0.0140034947544336,0.0184722766280174,-0.0139080127701163,-0.0054100858978927,-0.0038346971593009,-0.004894656649331,0.0028617207961825,0.0128948892208693,-0.0116961647121013,0.0292436208275101,-0.040206074945138,0.0527566495150162,-0.0538861545478726,0.0041838656857047,0.2020128539566588,-0.1372441581737886,2019-02-06,2019-02-07,2019-02-08,2019-02-11,2019-02-12,2019-02-13,2019-02-14,2019-02-15,2019-02-19,2019-02-20,69796.0,2019-02-05,252.0,1.1053%,-0.0008,0.6411,-0.0826,-0.1131,1.4930%,1.6708%,20.1591%,0.0075049999999999,STZ,69796.0,2019-02-06,252.0,-1.3908%,-0.0008,0.6486,-0.0848,-0.1073,1.4946%,1.6672%,19.6349%,-0.012527,STZ,69796.0,2019-02-07,252.0,1.0215%,-0.0008,0.6358,-0.0759,-0.1043,1.4957%,1.6607%,18.8780%,0.016456,STZ,69796.0,2019-02-08,252.0,0.6722%,-0.0008,0.6346,-0.0718,-0.1068,1.4957%,1.6603%,18.8403%,0.005368,STZ,69796.0,2019-02-11,252.0,-0.9759%,-0.0008,0.6359,-0.0856,-0.1136,1.4968%,1.6553%,18.2405%,-0.0100279999999999,STZ,69796.0,2019-02-12,252.0,-0.4804%,-0.0009,0.6296,-0.0869,-0.1166,1.4989%,1.6548%,17.9485%,-0.013729,STZ,69796.0,2019-02-13,252.0,1.6459%,-0.0008,0.6299,-0.081,-0.1117,1.5019%,1.6560%,17.7489%,0.01473,STZ,69796.0,2019-02-14,252.0,-0.4635%,-0.0008,0.6305,-0.0826,-0.1099,1.5020%,1.6561%,17.7489%,-0.003639,STZ,69796.0,2019-02-15,252.0,0.5461%,-0.0008,0.635,-0.0785,-0.1026,1.5016%,1.6565%,17.8272%,-0.001029,STZ,69796.0,2019-02-19,252.0,-0.1086%,-0.0008,0.6331,-0.0768,-0.1005,1.5012%,1.6542%,17.6425%,-0.001857,STZ,69796.0,2019-02-20,252.0,-4.4299%,-0.0011,0.6196,-0.1125,-0.1499,1.5240%,1.6749%,17.2051%,-0.044881,STZ,-0.005022,0.0114339999999999,0.0168019999999999,-0.006955,-0.043631
35203,CONSTELLATION BRANDS INC,Cannabiniers Rolls Out Cannabis-Infused Craft Beer Line In California,6,increase,0.7,0.6,"the introduction of a cannabis-infused craft beer line could attract new customers and expand market share, positively impacting constellation brands' stock price.",2,2019-02-05,STZ,2019-02-05 14:31:00+00:00,69796.0,21036P10,0.0110526224598288,2604569.0,-0.0139080127701163,-0.0054100858978927,0.0102153914049267,0.0005182329332455,0.0067221955396234,0.017877047881484,-0.0097591420635581,0.0146298352628946,-0.0048040854744613,0.0014889815356582,0.0164592396467924,0.0065946690738201,-0.0046346485614776,0.0121974013745784,0.0054610078223049,-0.0048312279395759,-0.0010862868512049,0.0052206679247319,-0.0442994832992553,0.0035333649720996,-0.0079650366678833,0.0236342810094356,0.0205855946987867,0.0030022249557077,-0.0112977856770157,-0.0040490492247045,0.0135208489373326,-0.0020514847710728,-0.0009444758761674,0.0103636318817734,-0.0005317361210472,-0.0045018820092082,0.0164341367781162,0.0595600232481956,-0.007618922740221,-0.1241731122136116,-0.0185196250677108,0.0130496192723512,-0.0084194401279091,0.0210058819502592,0.009514644742012,0.031064286828041,-0.008649468421936,-0.0148743437603116,0.0128768235445022,0.0200222972780466,0.0028515162412077,-0.0125260548666119,0.0109591027721762,-0.0039143692702054,-0.0002929980691988,0.0004895473830401,-0.000937832868658,0.0412233285605907,0.0036961273290216,-0.0322480946779251,-0.0219195690006017,-0.0281640216708183,-0.0163150411099195,-0.0302748065441846,0.0291008092463016,-0.0030703209340572,0.0008264914504252,-0.0194831453263759,-0.0087890373542904,-0.0287968292832374,0.0218401197344064,-0.0074467533268034,-0.0092598656192421,-0.0219567883759737,0.0139901535585522,-0.0108068473637104,0.0164058078080415,0.0078483782708644,0.0128899477422237,-0.006945536006242,-0.0049551757983863,-0.0110633419826626,0.0168637633323669,-0.0023539098910987,0.0654460117220878,-0.0355179272592067,0.0096631292253732,0.0125153874978423,-0.0049664080142974,-0.0022935231681913,-0.0075387177057564,-0.0253824777901172,-0.0041384738869965,0.0281920544803142,0.0056285746395587,0.008706416003406,-0.0033478024415671,0.0065857926383614,0.0020469184964895,-0.0070542730391025,-0.0047664134763181,0.0182991065084934,0.0082627618685364,-0.0138062890619039,0.0376866124570369,-0.0159772019833326,0.0335010252892971,-0.00460901344195,0.0098315440118312,0.0006588864489458,0.0128205306828022,-0.0116710169240832,0.0096126599237322,-0.011536375619471,0.0,-0.0057106465101242,0.0017910521710291,-0.0077666877768933,-0.0040933242999017,-0.0098186153918504,0.0019842120818793,0.0134803922846913,-0.0140034947544336,0.0184722766280174,-0.0139080127701163,-0.0054100858978927,-0.0038346971593009,-0.004894656649331,0.0028617207961825,0.0128948892208693,-0.0116961647121013,0.0292436208275101,-0.040206074945138,0.0527566495150162,-0.0538861545478726,0.0041838656857047,0.2020128539566588,-0.1372441581737886,2019-02-06,2019-02-07,2019-02-08,2019-02-11,2019-02-12,2019-02-13,2019-02-14,2019-02-15,2019-02-19,2019-02-20,69796.0,2019-02-05,252.0,1.1053%,-0.0008,0.6411,-0.0826,-0.1131,1.4930%,1.6708%,20.1591%,0.0075049999999999,STZ,69796.0,2019-02-06,252.0,-1.3908%,-0.0008,0.6486,-0.0848,-0.1073,1.4946%,1.6672%,19.6349%,-0.012527,STZ,69796.0,2019-02-07,252.0,1.0215%,-0.0008,0.6358,-0.0759,-0.1043,1.4957%,1.6607%,18.8780%,0.016456,STZ,69796.0,2019-02-08,252.0,0.6722%,-0.0008,0.6346,-0.0718,-0.1068,1.4957%,1.6603%,18.8403%,0.005368,STZ,69796.0,2019-02-11,252.0,-0.9759%,-0.0008,0.6359,-0.0856,-0.1136,1.4968%,1.6553%,18.2405%,-0.0100279999999999,STZ,69796.0,2019-02-12,252.0,-0.4804%,-0.0009,0.6296,-0.0869,-0.1166,1.4989%,1.6548%,17.9485%,-0.013729,STZ,69796.0,2019-02-13,252.0,1.6459%,-0.0008,0.6299,-0.081,-0.1117,1.5019%,1.6560%,17.7489%,0.01473,STZ,69796.0,2019-02-14,252.0,-0.4635%,-0.0008,0.6305,-0.0826,-0.1099,1.5020%,1.6561%,17.7489%,-0.003639,STZ,69796.0,2019-02-15,252.0,0.5461%,-0.0008,0.635,-0.0785,-0.1026,1.5016%,1.6565%,17.8272%,-0.001029,STZ,69796.0,2019-02-19,252.0,-0.1086%,-0.0008,0.6331,-0.0768,-0.1005,1.5012%,1.6542%,17.6425%,-0.001857,STZ,69796.0,2019-02-20,252.0,-4.4299%,-0.0011,0.6196,-0.1125,-0.1499,1.5240%,1.6749%,17.2051%,-0.044881,STZ,-0.005022,0.0114339999999999,0.0168019999999999,-0.006955,-0.043631
35211,SUNCOR ENERGY INC NEW,Suncor Raises Qtr. Dividend To C$0.42/Share; Reports C$2B Buyback,6,increase,0.8,0.7,"the increase in dividend and the announcement of a significant buyback typically signal strong financial health and shareholder value, which are likely to boost investor confidence and stock price.",2,2019-02-05,SU,2019-02-05 22:17:00+00:00,80070.0,86722410,0.0015110074309632,3538049.0,0.0015087277861312,0.0212962534278631,-0.0174750834703445,0.0024753042962402,-0.0113461799919605,0.0018599310424178,0.0024813278578221,0.0068663358688354,0.0064974962733685,0.0065975808538496,-0.0058407206088304,-0.0059338081628084,0.0064934780821204,0.0104133766144514,0.0411674417555332,0.0183161851018667,0.0153437731787562,-0.0133164254948496,-0.0031967628747224,-0.0143749713897705,-0.0058309263549745,0.0223642420023679,0.0026393008884042,0.0182172898203134,-0.0070195342414081,-0.0141116268932819,0.0047128084115684,0.0206219665706157,0.0149515774101018,0.0042734765447676,-0.0046216016635298,-0.0084745837375521,0.0017124686855822,-0.0006514806882478,-0.0084795588627457,0.0267558917403221,0.0041285576298832,0.0067339679226279,-0.0120411114767193,0.012960473075509,-0.0095124766230583,0.0397162735462188,-0.020408172160387,-0.0024761122185736,0.0119485110044479,0.0107258185744285,0.0051468964666128,0.0097472397610545,0.0126505466178059,0.0047153090126812,0.0002975055540446,-0.0010869813850149,0.0038655144162476,0.0542398802936077,0.0159952882677316,-0.0205761026591062,0.0014577037654817,-0.0294118132442235,0.011062623001635,-0.0340231247246265,-0.0046069636009633,-0.0145178036764264,-0.0266126170754432,-0.0078875012695789,-0.0199109055101871,-0.0145319467410445,0.0090963989496231,-0.0352135598659515,-0.0252403896301984,-0.0100064389407634,0.0003083272604271,0.0157376900315284,-0.0006163468933664,-0.021180996671319,0.015726126730442,-0.0111075965687632,0.0,0.0240493901073932,-0.0100181549787521,-0.0420298427343368,0.0042931428179144,-0.0113882031291723,0.0149618834257125,0.0061938916333019,0.0114319268614053,-0.0072828754782676,-0.0148721002042293,0.0076804915443062,-0.0006038785795681,-0.0006140760960988,-0.0081569990143179,0.0003070737584494,0.0109654823318123,-0.0036719378549605,-0.0063271797262132,-0.0273808985948562,-0.0027289313729852,0.0444513633847236,0.0106416018679738,-0.0189082864671945,-0.0015043035382404,-0.0123493922874331,0.0231997743248939,-0.0095465304329991,0.0067726606503129,0.0032924457918852,-0.0374378114938736,0.0270519852638244,0.0063810115680098,-0.0289552602916955,-0.0045289164409041,-0.0041616940870881,0.0048528918996453,-0.0137789864093065,-0.0039239679463207,-0.0298634599894285,-0.014242460951209,0.023580826818943,-0.0267445109784603,0.0085143009200692,0.0015087277861312,0.0212962534278631,-0.01599272082821,0.023824272431707,-0.0271574445310924,0.0257285149779837,-0.018406777743376,0.0395853050225538,0.0350030150203743,0.0340625051504375,0.0577535889273685,0.1606453870991517,-0.0357477963794679,-0.0203219019892659,2019-02-06,2019-02-07,2019-02-08,2019-02-11,2019-02-12,2019-02-13,2019-02-14,2019-02-15,2019-02-19,2019-02-20,80070.0,2019-02-05,252.0,0.1511%,0.0001,0.9439,0.2715,0.5432,1.3797%,1.6903%,33.3717%,0.000851,SU,80070.0,2019-02-06,252.0,0.1509%,0.0001,0.9433,0.2717,0.543,1.3799%,1.6721%,31.9004%,0.003132,SU,80070.0,2019-02-07,252.0,-1.7475%,0.0001,0.9483,0.2699,0.5407,1.3813%,1.6747%,31.9706%,-0.010567,SU,80070.0,2019-02-08,252.0,-1.1346%,0.0001,0.9495,0.2819,0.5537,1.3807%,1.6746%,32.0223%,-0.008704,SU,80070.0,2019-02-11,252.0,0.2481%,0.0001,0.9479,0.2804,0.5521,1.3808%,1.6635%,31.1061%,-0.002082,SU,80070.0,2019-02-12,252.0,0.6497%,0.0,0.9359,0.2916,0.5439,1.3778%,1.6550%,30.6951%,-0.005612,SU,80070.0,2019-02-13,252.0,-0.5841%,0.0001,0.9434,0.2753,0.5388,1.3737%,1.6544%,31.0592%,-0.009117,SU,80070.0,2019-02-14,252.0,0.6493%,0.0001,0.9409,0.2807,0.5332,1.3751%,1.6547%,30.9464%,0.0100679999999999,SU,80070.0,2019-02-15,252.0,4.1167%,0.0002,0.9615,0.3021,0.5705,1.3852%,1.6723%,31.3866%,0.027174,SU,80070.0,2019-02-19,252.0,1.5344%,0.0003,0.9664,0.3048,0.5732,1.3858%,1.6750%,31.5525%,0.010829,SU,80070.0,2019-02-20,252.0,-0.3197%,0.0002,0.9625,0.2902,0.5578,1.3842%,1.6720%,31.4632%,-0.0089559999999999,SU,0.0039829999999999,-0.006584,-0.015288,-0.022982,0.007016
35219,SOUTHWESTERN ENERGY CO,"Southwestern Energy Sees FY19 Total Production 750-785 Bcfe, Capital Investment $1.08B-$1.18B",6,uncertain,0.6,0.3,"while the production forecast and capital investment figures provide insight into the company's operational plans, the impact on stock price will depend on market perception and broader economic factors.",1,2019-02-05,SWN,2019-02-05 22:10:00+00:00,63765.0,84546710,-0.0252873878926038,13359206.0,-0.0613206997513771,-0.0068493629805743,-0.0653266310691833,0.0022883820347487,0.0215053558349609,-0.0500000044703483,0.0368421338498592,0.0290828011929988,0.0177665408700704,0.0182232186198234,0.0099750524386763,-0.0309051517397165,-0.0098765334114432,0.0413793809711933,0.0448877364397049,0.0332541242241859,-0.0047732652164995,-0.0140515090897679,0.0383692681789398,-0.0697168111801147,-0.0115472786128521,0.0314607508480548,-0.0093458965420722,0.013667413033545,0.0400943607091903,-0.004535143263638,-0.015872947871685,0.0068492540158331,-0.0115207806229591,0.0068966001272201,-0.013986000791192,0.0116278398782014,0.075650155544281,-0.0160182379186153,0.0373625494539737,0.0632602795958519,-0.0084745688363909,0.0098280003294348,-0.0106836995109915,0.0435897633433342,-0.0453563779592514,0.0714285671710968,-0.0339366719126701,-0.0215053558349609,-0.0093676727265119,0.0909090712666511,0.0401891432702541,-0.0339943021535873,0.0159090217202901,-0.0407608933746814,-0.0022370810620486,0.0054644756019115,-0.0313901044428348,0.1261538714170456,0.048611119389534,-0.052478153258562,-0.037527609616518,-0.0086705116555094,0.0504586659371852,-0.0362116657197475,0.0283843055367469,-0.0191257297992706,-0.0594480261206626,0.0110497791320085,0.0090293372049927,-0.0473684407770633,0.0246085319668054,-0.0843373835086822,-0.0087336162105202,0.0171569045633077,0.0352422557771205,-0.037735816091299,-0.0021276068873703,0.0047393320128321,-0.0042643882334232,-0.0387243926525116,-0.0149893295019865,-0.0067873778752982,-0.0239130724221468,-0.0199556872248649,0.0356348194181919,-0.0280171632766723,0.0129032135009765,-0.0373444594442844,0.0127388415858149,-0.0203251838684082,0.0104822199791669,-0.0060605523176491,-0.0186722297221422,0.0227272007614374,-0.0549683347344398,-0.04158416390419,0.0268457196652889,-0.0155945271253585,-0.0065359934233129,-0.0228571202605962,0.0043859607540071,0.0396039225161075,-0.0262008495628833,-0.0648147985339164,-0.069506712257862,0.0018553300760686,0.0024095787666738,-0.0110091641545295,-0.0024037866387516,-0.048865657299757,0.0024095787666738,-0.015463943593204,-0.0240384396165609,0.0051813833415508,0.0197044145315885,0.0069565149024128,-0.0048309136182069,0.0070052472874522,-0.0412620976567268,-0.0172116868197917,-0.0202532056719064,-0.0034305285662412,-0.018087837845087,-0.0101867476478219,-0.0613206997513771,-0.0068493629805743,-0.122641456090998,-0.0045766549050197,-0.1037735484093917,-0.0543478266096578,-0.0542451780935484,-0.0091116072981138,0.0212264541863378,-0.052287634132038,0.0801887232023634,0.2116991658243769,-0.1037735416655447,-0.2614601070765013,2019-02-06,2019-02-07,2019-02-08,2019-02-11,2019-02-12,2019-02-13,2019-02-14,2019-02-15,2019-02-19,2019-02-20,63765.0,2019-02-05,252.0,-2.5287%,0.0013,1.7629,1.7913,1.8791,2.8221%,3.4172%,31.7976%,-0.020358,SWN,63765.0,2019-02-06,252.0,-6.1321%,0.001,1.7967,1.7815,1.9042,2.8449%,3.4250%,31.0073%,-0.0586789999999999,SWN,63765.0,2019-02-07,252.0,-6.5327%,0.0007,1.8078,1.7909,1.8904,2.8655%,3.4472%,30.8996%,-0.0538279999999999,SWN,63765.0,2019-02-08,252.0,2.1505%,0.0012,1.7998,1.8694,1.9085,2.8100%,3.4059%,31.9292%,0.031927,SWN,63765.0,2019-02-11,252.0,3.6842%,0.0011,1.8706,1.8241,1.9212,2.7923%,3.4128%,33.0562%,0.017495,SWN,63765.0,2019-02-12,252.0,1.7767%,0.0011,1.8705,1.8199,1.9219,2.7924%,3.4135%,33.0803%,-0.004873,SWN,63765.0,2019-02-13,252.0,0.9975%,0.0012,1.8815,1.8017,1.9189,2.7884%,3.4132%,33.2580%,0.0022,SWN,63765.0,2019-02-14,252.0,-0.9877%,0.0013,1.8849,1.7999,1.9174,2.7816%,3.4092%,33.4276%,-0.004265,SWN,63765.0,2019-02-15,252.0,4.4888%,0.0014,1.8989,1.8135,1.9414,2.7813%,3.4141%,33.6325%,0.009785,SWN,63765.0,2019-02-19,252.0,-0.4773%,0.0013,1.8942,1.8012,1.928,2.7844%,3.4137%,33.4704%,-0.019565,SWN,63765.0,2019-02-20,252.0,3.8369%,0.0015,1.9038,1.8429,1.9676,2.7712%,3.4141%,34.1160%,0.020103,SWN,-0.079037,-0.1328649999999999,-0.1009379999999999,-0.0883159999999999,-0.080058
35227,SUNCOKE ENERGY INC,"SunCoke Energy Earlier Reported Q4 EPS $0.03 Beats $0.02 Estimate, Sales $368.9M Beat $339.45M Estimate",6,increase,0.8,0.6,"the company reported better-than-expected earnings and sales, which typically boosts investor confidence and can lead to an increase in stock price.",2,2019-02-05,SXC,2019-02-05 14:02:00+00:00,12905.0,86722A10,-0.0750229284167289,3226856.0,0.0098912352696061,0.001833222573623,-0.0058766328729689,-0.0293594244867563,-0.0216748099774122,0.0053666783496737,-0.0010070723947137,0.0458373017609119,0.009072596207261,-0.0027985714841634,-0.0139860482886433,-0.0192131772637367,-0.0263424757868051,0.0301602873951196,0.0270551759749651,-0.0018815106013789,0.0192503072321414,-0.0046816654503345,0.025844857096672,-0.007434937171638,-0.0222867783159017,0.0276981815695762,-0.001982205780223,0.0586450845003128,0.0,0.0143590094521641,0.0148957874625921,-0.0010246136225759,0.0009784026769921,-0.0030643241479992,-0.0303029790520668,0.0082389209419488,-0.00100808753632,0.0188877563923597,-0.0060544367879629,0.0280473846942186,-0.0375635363161563,0.0369128510355949,-0.0548522695899009,0.013605429790914,0.0044642812572419,0.0562873408198356,-0.0200000330805778,-0.0478905439376831,0.0249433424323797,0.0257310252636671,-0.0011062200646847,0.0058823754079639,0.0332226119935512,0.0059171826578676,-0.0267952848225832,0.0267315041273832,-0.0143171930685639,0.060566920787096,0.012290570884943,-0.0525029748678207,0.0055186795070767,-0.0072727780789136,-0.0054883905686438,-0.0119760930538177,0.0220750328153371,-0.0313224494457244,-0.0529157407581806,-0.0126001900061965,-0.0307868234813213,0.0210525561124086,-0.0047058779746294,-0.0338983237743377,0.018912510946393,-0.0122767472639679,0.002320238854736,0.0181818008422851,-0.0173611771315336,-0.0178571250289678,0.0282685253769159,-0.0033370114397257,0.0080184023827314,-0.0405549742281436,-0.0147727401927113,-0.0136842224746942,0.0288350638002157,-0.0509490743279457,0.0213004015386104,0.0256147533655166,0.0032931601162999,0.0134994927793741,-0.0284464135766029,-0.0112935993820428,0.0180179998278617,0.0220356807112693,-0.0353981964290142,-0.0517413392663002,0.0,0.0080240638926625,-0.0206422358751297,-0.0385727696120739,0.0152224963530898,0.0107212141156196,0.0011534289224073,-0.041121456772089,-0.0276498515158891,0.0056390473619103,0.0094787776470184,0.0123691828921437,0.0187793243676424,0.0047801327891647,-0.0253456514328718,-0.0057034618221223,0.016548503190279,-0.0018974861595779,-0.0232559014111757,-0.0294659025967121,0.0285715162754058,-0.0498688220977783,-0.0034723016433417,-0.0197255183011293,-0.0360045842826366,0.0103986039757728,0.0289156343787908,-0.0077386200428009,0.0098912352696061,0.001833222573623,0.0039564752382976,-0.027580024272851,-0.0178040905880849,-0.0223613590423258,-0.0098911401816014,0.0195895562603674,0.020771517178072,0.0157992637891228,-0.1038574949515309,0.3089820127582128,-0.1552917634058543,-0.0601891475550661,2019-02-06,2019-02-07,2019-02-08,2019-02-11,2019-02-12,2019-02-13,2019-02-14,2019-02-15,2019-02-19,2019-02-20,12905.0,2019-02-05,252.0,-7.5023%,0.0005,1.4447,0.851,0.4745,1.9511%,2.5058%,39.3732%,-0.078093,SXC,12905.0,2019-02-06,252.0,0.9891%,0.0004,1.5109,0.8295,0.5415,1.9362%,2.5045%,40.2317%,0.012723,SXC,12905.0,2019-02-07,252.0,-0.5877%,0.0003,1.4968,0.8447,0.5412,1.9319%,2.4912%,39.8630%,0.0070409999999999,SXC,12905.0,2019-02-08,252.0,-2.1675%,0.0002,1.5003,0.8479,0.5581,1.9360%,2.4951%,39.7935%,-0.01981,SXC,12905.0,2019-02-11,252.0,-0.1007%,0.0003,1.4801,0.8531,0.5503,1.9351%,2.4669%,38.4710%,-0.0100869999999999,SXC,12905.0,2019-02-12,252.0,0.9073%,0.0001,1.4584,0.873,0.5357,1.9284%,2.4525%,38.1725%,-0.010391,SXC,12905.0,2019-02-13,252.0,-1.3986%,-0.0,1.4519,0.8763,0.5317,1.9315%,2.4502%,37.8569%,-0.019068,SXC,12905.0,2019-02-14,252.0,-2.6342%,-0.0001,1.4578,0.8629,0.5461,1.9378%,2.4559%,37.7428%,-0.024867,SXC,12905.0,2019-02-15,252.0,2.7055%,-0.0001,1.4503,0.8567,0.5347,1.9362%,2.4484%,37.4643%,0.005703,SXC,12905.0,2019-02-19,252.0,1.9250%,-0.0001,1.4533,0.8637,0.5423,1.9377%,2.4503%,37.4626%,0.012306,SXC,12905.0,2019-02-20,252.0,2.5845%,-0.0,1.4571,0.8662,0.5542,1.9392%,2.4531%,37.5079%,0.018101,SXC,-0.06537,-0.058329,-0.078139,-0.098617,-0.106442
35235,SUNCOKE ENERGY INC,SunCoke Energy Sees FY19 Adj. EBITDA $182M-$188M,6,uncertain,0.6,0.3,"the forecasted adjusted ebitda range provides some positive guidance, but without context on market expectations or previous performance, the impact on stock price remains uncertain.",1,2019-02-05,SXC,2019-02-05 11:55:00+00:00,12905.0,86722A10,-0.0750229284167289,3226856.0,0.0098912352696061,0.001833222573623,-0.0058766328729689,-0.0293594244867563,-0.0216748099774122,0.0053666783496737,-0.0010070723947137,0.0458373017609119,0.009072596207261,-0.0027985714841634,-0.0139860482886433,-0.0192131772637367,-0.0263424757868051,0.0301602873951196,0.0270551759749651,-0.0018815106013789,0.0192503072321414,-0.0046816654503345,0.025844857096672,-0.007434937171638,-0.0222867783159017,0.0276981815695762,-0.001982205780223,0.0586450845003128,0.0,0.0143590094521641,0.0148957874625921,-0.0010246136225759,0.0009784026769921,-0.0030643241479992,-0.0303029790520668,0.0082389209419488,-0.00100808753632,0.0188877563923597,-0.0060544367879629,0.0280473846942186,-0.0375635363161563,0.0369128510355949,-0.0548522695899009,0.013605429790914,0.0044642812572419,0.0562873408198356,-0.0200000330805778,-0.0478905439376831,0.0249433424323797,0.0257310252636671,-0.0011062200646847,0.0058823754079639,0.0332226119935512,0.0059171826578676,-0.0267952848225832,0.0267315041273832,-0.0143171930685639,0.060566920787096,0.012290570884943,-0.0525029748678207,0.0055186795070767,-0.0072727780789136,-0.0054883905686438,-0.0119760930538177,0.0220750328153371,-0.0313224494457244,-0.0529157407581806,-0.0126001900061965,-0.0307868234813213,0.0210525561124086,-0.0047058779746294,-0.0338983237743377,0.018912510946393,-0.0122767472639679,0.002320238854736,0.0181818008422851,-0.0173611771315336,-0.0178571250289678,0.0282685253769159,-0.0033370114397257,0.0080184023827314,-0.0405549742281436,-0.0147727401927113,-0.0136842224746942,0.0288350638002157,-0.0509490743279457,0.0213004015386104,0.0256147533655166,0.0032931601162999,0.0134994927793741,-0.0284464135766029,-0.0112935993820428,0.0180179998278617,0.0220356807112693,-0.0353981964290142,-0.0517413392663002,0.0,0.0080240638926625,-0.0206422358751297,-0.0385727696120739,0.0152224963530898,0.0107212141156196,0.0011534289224073,-0.041121456772089,-0.0276498515158891,0.0056390473619103,0.0094787776470184,0.0123691828921437,0.0187793243676424,0.0047801327891647,-0.0253456514328718,-0.0057034618221223,0.016548503190279,-0.0018974861595779,-0.0232559014111757,-0.0294659025967121,0.0285715162754058,-0.0498688220977783,-0.0034723016433417,-0.0197255183011293,-0.0360045842826366,0.0103986039757728,0.0289156343787908,-0.0077386200428009,0.0098912352696061,0.001833222573623,0.0039564752382976,-0.027580024272851,-0.0178040905880849,-0.0223613590423258,-0.0098911401816014,0.0195895562603674,0.020771517178072,0.0157992637891228,-0.1038574949515309,0.3089820127582128,-0.1552917634058543,-0.0601891475550661,2019-02-06,2019-02-07,2019-02-08,2019-02-11,2019-02-12,2019-02-13,2019-02-14,2019-02-15,2019-02-19,2019-02-20,12905.0,2019-02-05,252.0,-7.5023%,0.0005,1.4447,0.851,0.4745,1.9511%,2.5058%,39.3732%,-0.078093,SXC,12905.0,2019-02-06,252.0,0.9891%,0.0004,1.5109,0.8295,0.5415,1.9362%,2.5045%,40.2317%,0.012723,SXC,12905.0,2019-02-07,252.0,-0.5877%,0.0003,1.4968,0.8447,0.5412,1.9319%,2.4912%,39.8630%,0.0070409999999999,SXC,12905.0,2019-02-08,252.0,-2.1675%,0.0002,1.5003,0.8479,0.5581,1.9360%,2.4951%,39.7935%,-0.01981,SXC,12905.0,2019-02-11,252.0,-0.1007%,0.0003,1.4801,0.8531,0.5503,1.9351%,2.4669%,38.4710%,-0.0100869999999999,SXC,12905.0,2019-02-12,252.0,0.9073%,0.0001,1.4584,0.873,0.5357,1.9284%,2.4525%,38.1725%,-0.010391,SXC,12905.0,2019-02-13,252.0,-1.3986%,-0.0,1.4519,0.8763,0.5317,1.9315%,2.4502%,37.8569%,-0.019068,SXC,12905.0,2019-02-14,252.0,-2.6342%,-0.0001,1.4578,0.8629,0.5461,1.9378%,2.4559%,37.7428%,-0.024867,SXC,12905.0,2019-02-15,252.0,2.7055%,-0.0001,1.4503,0.8567,0.5347,1.9362%,2.4484%,37.4643%,0.005703,SXC,12905.0,2019-02-19,252.0,1.9250%,-0.0001,1.4533,0.8637,0.5423,1.9377%,2.4503%,37.4626%,0.012306,SXC,12905.0,2019-02-20,252.0,2.5845%,-0.0,1.4571,0.8662,0.5542,1.9392%,2.4531%,37.5079%,0.018101,SXC,-0.06537,-0.058329,-0.078139,-0.098617,-0.106442
35243,SUNCOKE ENERGY INC,"SunCoke Energy, Inc. And SunCoke Energy Parnters, L.P. Announce Simplification Transaction; SunCoke Energy, Inc. To Acquire All Publicly Traded Common Units Of SunCoke Energy Partners In A Stock-For-Unit Transactin",6,increase,0.7,0.6,"the simplification transaction may be viewed positively by investors as it consolidates ownership and could lead to operational efficiencies, potentially boosting the stock price.",2,2019-02-05,SXC,2019-02-05 11:51:00+00:00,12905.0,86722A10,-0.0750229284167289,3226856.0,0.0098912352696061,0.001833222573623,-0.0058766328729689,-0.0293594244867563,-0.0216748099774122,0.0053666783496737,-0.0010070723947137,0.0458373017609119,0.009072596207261,-0.0027985714841634,-0.0139860482886433,-0.0192131772637367,-0.0263424757868051,0.0301602873951196,0.0270551759749651,-0.0018815106013789,0.0192503072321414,-0.0046816654503345,0.025844857096672,-0.007434937171638,-0.0222867783159017,0.0276981815695762,-0.001982205780223,0.0586450845003128,0.0,0.0143590094521641,0.0148957874625921,-0.0010246136225759,0.0009784026769921,-0.0030643241479992,-0.0303029790520668,0.0082389209419488,-0.00100808753632,0.0188877563923597,-0.0060544367879629,0.0280473846942186,-0.0375635363161563,0.0369128510355949,-0.0548522695899009,0.013605429790914,0.0044642812572419,0.0562873408198356,-0.0200000330805778,-0.0478905439376831,0.0249433424323797,0.0257310252636671,-0.0011062200646847,0.0058823754079639,0.0332226119935512,0.0059171826578676,-0.0267952848225832,0.0267315041273832,-0.0143171930685639,0.060566920787096,0.012290570884943,-0.0525029748678207,0.0055186795070767,-0.0072727780789136,-0.0054883905686438,-0.0119760930538177,0.0220750328153371,-0.0313224494457244,-0.0529157407581806,-0.0126001900061965,-0.0307868234813213,0.0210525561124086,-0.0047058779746294,-0.0338983237743377,0.018912510946393,-0.0122767472639679,0.002320238854736,0.0181818008422851,-0.0173611771315336,-0.0178571250289678,0.0282685253769159,-0.0033370114397257,0.0080184023827314,-0.0405549742281436,-0.0147727401927113,-0.0136842224746942,0.0288350638002157,-0.0509490743279457,0.0213004015386104,0.0256147533655166,0.0032931601162999,0.0134994927793741,-0.0284464135766029,-0.0112935993820428,0.0180179998278617,0.0220356807112693,-0.0353981964290142,-0.0517413392663002,0.0,0.0080240638926625,-0.0206422358751297,-0.0385727696120739,0.0152224963530898,0.0107212141156196,0.0011534289224073,-0.041121456772089,-0.0276498515158891,0.0056390473619103,0.0094787776470184,0.0123691828921437,0.0187793243676424,0.0047801327891647,-0.0253456514328718,-0.0057034618221223,0.016548503190279,-0.0018974861595779,-0.0232559014111757,-0.0294659025967121,0.0285715162754058,-0.0498688220977783,-0.0034723016433417,-0.0197255183011293,-0.0360045842826366,0.0103986039757728,0.0289156343787908,-0.0077386200428009,0.0098912352696061,0.001833222573623,0.0039564752382976,-0.027580024272851,-0.0178040905880849,-0.0223613590423258,-0.0098911401816014,0.0195895562603674,0.020771517178072,0.0157992637891228,-0.1038574949515309,0.3089820127582128,-0.1552917634058543,-0.0601891475550661,2019-02-06,2019-02-07,2019-02-08,2019-02-11,2019-02-12,2019-02-13,2019-02-14,2019-02-15,2019-02-19,2019-02-20,12905.0,2019-02-05,252.0,-7.5023%,0.0005,1.4447,0.851,0.4745,1.9511%,2.5058%,39.3732%,-0.078093,SXC,12905.0,2019-02-06,252.0,0.9891%,0.0004,1.5109,0.8295,0.5415,1.9362%,2.5045%,40.2317%,0.012723,SXC,12905.0,2019-02-07,252.0,-0.5877%,0.0003,1.4968,0.8447,0.5412,1.9319%,2.4912%,39.8630%,0.0070409999999999,SXC,12905.0,2019-02-08,252.0,-2.1675%,0.0002,1.5003,0.8479,0.5581,1.9360%,2.4951%,39.7935%,-0.01981,SXC,12905.0,2019-02-11,252.0,-0.1007%,0.0003,1.4801,0.8531,0.5503,1.9351%,2.4669%,38.4710%,-0.0100869999999999,SXC,12905.0,2019-02-12,252.0,0.9073%,0.0001,1.4584,0.873,0.5357,1.9284%,2.4525%,38.1725%,-0.010391,SXC,12905.0,2019-02-13,252.0,-1.3986%,-0.0,1.4519,0.8763,0.5317,1.9315%,2.4502%,37.8569%,-0.019068,SXC,12905.0,2019-02-14,252.0,-2.6342%,-0.0001,1.4578,0.8629,0.5461,1.9378%,2.4559%,37.7428%,-0.024867,SXC,12905.0,2019-02-15,252.0,2.7055%,-0.0001,1.4503,0.8567,0.5347,1.9362%,2.4484%,37.4643%,0.005703,SXC,12905.0,2019-02-19,252.0,1.9250%,-0.0001,1.4533,0.8637,0.5423,1.9377%,2.4503%,37.4626%,0.012306,SXC,12905.0,2019-02-20,252.0,2.5845%,-0.0,1.4571,0.8662,0.5542,1.9392%,2.4531%,37.5079%,0.018101,SXC,-0.06537,-0.058329,-0.078139,-0.098617,-0.106442
35251,CONTAINER STORE GROUP INC,"The Container Store Sees FY18 Sales At Lower End Of Previously-Issued $885M-$895M Range, Adj. EPS At Low End To Slightly Below $0.41-$0.51 Range",6,decrease,0.8,0.6,"the container store's guidance for lower sales and adjusted eps at the low end or slightly below expectations suggests weaker performance, which is likely to negatively impact investor sentiment and lead to a decrease in stock price.",0,2019-02-05,TCS,2019-02-05 21:47:00+00:00,14274.0,21075110,0.0556309819221496,637414.0,-0.2326478660106659,0.0278939753770828,-0.0351758077740669,0.0013966800179332,-0.0243056137114763,0.0170454382896423,0.0284698083996772,0.005714280065149,0.0311418380588293,0.0248902011662721,0.0553691126406192,-0.0172661710530519,0.0174880977720022,0.0482654124498367,0.0499999523162841,0.0279070250689983,-0.0223213732242584,0.040322583168745,-0.0015221048379316,0.0247933249920606,0.0121951103210449,0.0202361494302749,-0.0150602273643016,-0.0100166853517293,0.0076452889479696,-0.0180328097194433,0.0182093903422355,0.0374149307608604,-0.0119224926456809,0.0034129659179598,0.0301658827811479,0.026269719004631,-0.0043923472985625,0.0306859351694583,-0.0058823470026254,-0.0018018429400399,-0.0162722077220678,0.0315985269844532,-0.0195488892495632,0.0507812947034835,0.0214723721146583,0.0385395660996437,-0.0015014642849564,-0.0040404004976153,0.0105262696743011,0.0377358123660087,0.022321444004774,0.0170575529336929,-0.011644821614027,0.0539326407015323,-0.0147275263443589,0.0045146686024963,-0.0074738701805472,0.0497630462050437,0.0271084811538457,-0.016317056491971,0.0102638844400644,-0.0250000301748514,0.0551524125039577,-0.028697595000267,-0.0151306921616196,-0.0022025885991752,-0.013966467231512,0.0044247745536267,0.0155807556584477,-0.0258620455861091,0.0585774146020412,-0.0432989783585071,0.054018422961235,-0.0221774466335773,0.056249976158142,0.0143149634823203,0.0414201654493808,-0.0081135826185345,0.0136363506317138,-0.0352251082658767,-0.0067265043035149,-0.0210727322846651,0.0045146686024963,-0.0224719773977994,-0.0022471353877335,-0.0290908813476562,-0.0236486531794071,0.0128913763910532,0.0080737825483083,-0.0456942394375801,-0.0274599287658929,-0.0017543425783514,-0.0058823754079639,0.0160427223891019,-0.0201183520257473,-0.0192307103425264,0.0289855953305959,0.01238932646811,-0.0046949428506195,-0.017391288653016,0.0247641559690237,0.034172672778368,-0.0023014389444142,-0.014184383675456,0.0034601767547428,-0.0157068334519863,-0.0448275171220302,-0.0434056371450424,0.0036100759170949,0.0118242725729942,-0.0011990681523457,-0.0016862988704815,-0.00960383284837,-0.0342019610106945,0.0133332917466759,0.00986841134727,0.0370813906192779,-0.0500000268220901,-0.0034601767547428,0.0648918226361274,0.0219906903803348,-0.0179738011211156,0.009060014039278,0.0680628046393394,-0.2326478660106659,0.0278939753770828,-0.2596400971708947,0.0293296143530459,-0.2776349989765251,0.0468749887742021,-0.2339331815493136,0.0790629513101104,-0.1568123749661433,0.2181817605018938,-0.0655527324107058,0.6269314653652673,0.1452441546326239,0.2862128830740584,2019-02-06,2019-02-07,2019-02-08,2019-02-11,2019-02-12,2019-02-13,2019-02-14,2019-02-15,2019-02-19,2019-02-20,14274.0,2019-02-05,252.0,5.5631%,0.0034,0.9024,1.6539,0.9476,4.7645%,4.9060%,5.6837%,0.058899,TCS,14274.0,2019-02-06,252.0,-23.2648%,0.0025,0.8945,1.6606,0.908,4.9879%,5.1197%,5.0805%,-0.23126,TCS,14274.0,2019-02-07,252.0,-3.5176%,0.0022,0.8756,1.6981,0.8964,4.9831%,5.1151%,5.0928%,-0.028339,TCS,14274.0,2019-02-08,252.0,-2.4306%,0.0022,0.879,1.7161,0.9226,4.9843%,5.1176%,5.1447%,-0.019858,TCS,14274.0,2019-02-11,252.0,2.8470%,0.0021,0.9329,1.6805,0.9316,4.9784%,5.1178%,5.3752%,0.013691,TCS,14274.0,2019-02-12,252.0,3.1142%,0.0023,0.9691,1.6471,0.956,4.9711%,5.1145%,5.5280%,0.0196019999999999,TCS,14274.0,2019-02-13,252.0,5.5369%,0.0024,0.9689,1.667,0.9713,4.9795%,5.1240%,5.5607%,0.050898,TCS,14274.0,2019-02-14,252.0,1.7488%,0.0023,0.9627,1.673,0.9697,4.9726%,5.1167%,5.5533%,0.016388,TCS,14274.0,2019-02-15,252.0,5.0000%,0.0025,0.9879,1.6987,1.0146,4.9753%,5.1245%,5.7387%,0.030184,TCS,14274.0,2019-02-19,252.0,-2.2321%,0.0024,0.9845,1.6722,0.9851,4.9796%,5.1266%,5.6556%,-0.032268,TCS,14274.0,2019-02-20,252.0,-0.1522%,0.0024,0.9826,1.6786,0.9812,4.9781%,5.1257%,5.6748%,-0.012589,TCS,-0.172361,-0.2007,-0.220558,-0.187265,-0.134652
35259,CONTAINER STORE GROUP INC,"The Container Store Group Q3 EPS $0.07 Misses $0.12 Estimate, Sales $221.6M Miss $230.55M Estimate",6,decrease,0.8,0.7,"the company's earnings per share and sales both missed analyst estimates, which typically leads to negative investor sentiment and a decrease in stock price.",0,2019-02-05,TCS,2019-02-05 21:46:00+00:00,14274.0,21075110,0.0556309819221496,637414.0,-0.2326478660106659,0.0278939753770828,-0.0351758077740669,0.0013966800179332,-0.0243056137114763,0.0170454382896423,0.0284698083996772,0.005714280065149,0.0311418380588293,0.0248902011662721,0.0553691126406192,-0.0172661710530519,0.0174880977720022,0.0482654124498367,0.0499999523162841,0.0279070250689983,-0.0223213732242584,0.040322583168745,-0.0015221048379316,0.0247933249920606,0.0121951103210449,0.0202361494302749,-0.0150602273643016,-0.0100166853517293,0.0076452889479696,-0.0180328097194433,0.0182093903422355,0.0374149307608604,-0.0119224926456809,0.0034129659179598,0.0301658827811479,0.026269719004631,-0.0043923472985625,0.0306859351694583,-0.0058823470026254,-0.0018018429400399,-0.0162722077220678,0.0315985269844532,-0.0195488892495632,0.0507812947034835,0.0214723721146583,0.0385395660996437,-0.0015014642849564,-0.0040404004976153,0.0105262696743011,0.0377358123660087,0.022321444004774,0.0170575529336929,-0.011644821614027,0.0539326407015323,-0.0147275263443589,0.0045146686024963,-0.0074738701805472,0.0497630462050437,0.0271084811538457,-0.016317056491971,0.0102638844400644,-0.0250000301748514,0.0551524125039577,-0.028697595000267,-0.0151306921616196,-0.0022025885991752,-0.013966467231512,0.0044247745536267,0.0155807556584477,-0.0258620455861091,0.0585774146020412,-0.0432989783585071,0.054018422961235,-0.0221774466335773,0.056249976158142,0.0143149634823203,0.0414201654493808,-0.0081135826185345,0.0136363506317138,-0.0352251082658767,-0.0067265043035149,-0.0210727322846651,0.0045146686024963,-0.0224719773977994,-0.0022471353877335,-0.0290908813476562,-0.0236486531794071,0.0128913763910532,0.0080737825483083,-0.0456942394375801,-0.0274599287658929,-0.0017543425783514,-0.0058823754079639,0.0160427223891019,-0.0201183520257473,-0.0192307103425264,0.0289855953305959,0.01238932646811,-0.0046949428506195,-0.017391288653016,0.0247641559690237,0.034172672778368,-0.0023014389444142,-0.014184383675456,0.0034601767547428,-0.0157068334519863,-0.0448275171220302,-0.0434056371450424,0.0036100759170949,0.0118242725729942,-0.0011990681523457,-0.0016862988704815,-0.00960383284837,-0.0342019610106945,0.0133332917466759,0.00986841134727,0.0370813906192779,-0.0500000268220901,-0.0034601767547428,0.0648918226361274,0.0219906903803348,-0.0179738011211156,0.009060014039278,0.0680628046393394,-0.2326478660106659,0.0278939753770828,-0.2596400971708947,0.0293296143530459,-0.2776349989765251,0.0468749887742021,-0.2339331815493136,0.0790629513101104,-0.1568123749661433,0.2181817605018938,-0.0655527324107058,0.6269314653652673,0.1452441546326239,0.2862128830740584,2019-02-06,2019-02-07,2019-02-08,2019-02-11,2019-02-12,2019-02-13,2019-02-14,2019-02-15,2019-02-19,2019-02-20,14274.0,2019-02-05,252.0,5.5631%,0.0034,0.9024,1.6539,0.9476,4.7645%,4.9060%,5.6837%,0.058899,TCS,14274.0,2019-02-06,252.0,-23.2648%,0.0025,0.8945,1.6606,0.908,4.9879%,5.1197%,5.0805%,-0.23126,TCS,14274.0,2019-02-07,252.0,-3.5176%,0.0022,0.8756,1.6981,0.8964,4.9831%,5.1151%,5.0928%,-0.028339,TCS,14274.0,2019-02-08,252.0,-2.4306%,0.0022,0.879,1.7161,0.9226,4.9843%,5.1176%,5.1447%,-0.019858,TCS,14274.0,2019-02-11,252.0,2.8470%,0.0021,0.9329,1.6805,0.9316,4.9784%,5.1178%,5.3752%,0.013691,TCS,14274.0,2019-02-12,252.0,3.1142%,0.0023,0.9691,1.6471,0.956,4.9711%,5.1145%,5.5280%,0.0196019999999999,TCS,14274.0,2019-02-13,252.0,5.5369%,0.0024,0.9689,1.667,0.9713,4.9795%,5.1240%,5.5607%,0.050898,TCS,14274.0,2019-02-14,252.0,1.7488%,0.0023,0.9627,1.673,0.9697,4.9726%,5.1167%,5.5533%,0.016388,TCS,14274.0,2019-02-15,252.0,5.0000%,0.0025,0.9879,1.6987,1.0146,4.9753%,5.1245%,5.7387%,0.030184,TCS,14274.0,2019-02-19,252.0,-2.2321%,0.0024,0.9845,1.6722,0.9851,4.9796%,5.1266%,5.6556%,-0.032268,TCS,14274.0,2019-02-20,252.0,-0.1522%,0.0024,0.9826,1.6786,0.9812,4.9781%,5.1257%,5.6748%,-0.012589,TCS,-0.172361,-0.2007,-0.220558,-0.187265,-0.134652
35267,BIO TECHNE CORP,"Bio-Techne Q2 Adj. EPS $1.06 Beats $0.98 Estimate, Sales $174.5M Beat $170.19M Estimate",6,increase,0.8,0.7,"the company reported better-than-expected earnings and sales, which typically boosts investor confidence and can lead to an increase in stock price.",2,2019-02-05,TECH,2019-02-05 11:35:00+00:00,75694.0,09073M10,0.0607492588460445,498352.0,-0.007158797699958,0.0118959322571754,-0.0160230733454227,0.0070503018796443,-0.0027139987796545,0.03604731336236,0.0003810337220784,0.0234607700258493,0.0155059350654482,0.0035988553427159,0.0128583405166864,-0.0021303235553205,-0.0009521290776319,0.0126355262473225,0.0163351986557245,0.000678471638821,0.0012523625046014,0.0069561544805765,0.0095898872241377,-0.0132377501577138,0.0012905889889225,0.0075331968255341,0.0052072308026254,0.0101671004667878,0.0,0.0095718149095773,-0.0174898896366357,0.0161249320954084,0.0144080696627497,-0.0094441622495651,-0.002161452313885,0.0265469569712877,0.0150077557191252,0.0317534618079662,-0.0083329072222113,0.0111322244629263,0.0035353919956833,0.0098711429163813,-0.0234861951321363,0.0096200378611683,-0.0025619065854698,0.0617239288985729,-0.0066572534851729,-0.0410119593143463,0.013034307397902,-0.0194167885929346,0.0072407112456858,0.0209523886442184,0.0084298970177769,0.0026170257478952,-0.0024103862233459,0.0147860860452055,0.005809118039906,0.0494915805757045,0.0056223161518573,-0.0365773551166057,0.0117916511371731,-0.0247717481106519,-0.0027628624811768,-0.0292015951126813,0.0096715604886412,-0.0041737984865903,-0.0404111258685588,-0.0044278553687036,0.0096184164285659,-0.0289720185101032,0.0090117920190095,-0.0288431011140346,-0.0086761098355054,-0.0389554128050804,0.0137458713725209,0.028248568996787,0.0083286743611097,0.0122084030881524,0.0069503379054367,-0.0037767016328871,0.0013504941016435,-0.0266060456633567,0.0084415711462497,0.0006235183100216,-0.0147604923695325,-0.0232629384845495,-0.0024132069665938,0.0172841567546129,0.0162273924797773,-0.0059120994992554,-0.0026778739411383,-0.0047805760987102,0.0114365424960851,0.0314831919968128,-0.0057027856819331,-0.0034650228917598,-0.0037082817871123,-0.0047027841210365,-0.0043672700412571,0.019171779975295,-0.0266672857105732,0.0010234671644866,-0.0335433147847652,0.0075411759316921,0.0023315092548727,-0.0317044369876384,0.0105730593204498,-0.0172953531146049,0.0039234147407114,0.010160457342863,-0.0051066176965832,-0.003395918989554,0.0018331645987927,-0.0104478001594543,0.0192388538271188,-0.0417447574436664,0.0065141003578901,-0.0119742704555392,0.0426030717790126,-0.0306710861623287,-0.0120240068063139,0.0348082594573497,-0.0039578638970851,0.0122530115768313,-0.007158797699958,0.0118959322571754,-0.0230671651047693,0.0190301040503726,-0.0257185596264793,0.0557634015367547,-0.0102344244614046,0.0844211037886542,0.0289466661988644,0.0895385210021184,0.0544963574196464,0.2215199002876933,0.0694224699238148,0.0441993277261187,2019-02-06,2019-02-07,2019-02-08,2019-02-11,2019-02-12,2019-02-13,2019-02-14,2019-02-15,2019-02-19,2019-02-20,75694.0,2019-02-05,252.0,6.0749%,0.001,0.9574,0.2369,-0.6581,1.2706%,1.8194%,51.2307%,0.052995,TECH,75694.0,2019-02-06,252.0,-0.7159%,0.001,0.9418,0.242,-0.6743,1.2696%,1.8003%,50.2649%,-0.004668,TECH,75694.0,2019-02-07,252.0,-1.6023%,0.0009,0.9299,0.2596,-0.6776,1.2618%,1.7876%,50.1758%,-0.00442,TECH,75694.0,2019-02-08,252.0,-0.2714%,0.0009,0.9313,0.2681,-0.666,1.2624%,1.7865%,50.0643%,-0.008456,TECH,75694.0,2019-02-11,252.0,0.0381%,0.0009,0.9331,0.2634,-0.6676,1.2624%,1.7733%,49.3175%,-0.00126,TECH,75694.0,2019-02-12,252.0,1.5506%,0.0009,0.9327,0.2644,-0.668,1.2624%,1.7742%,49.3685%,0.0015279999999999,TECH,75694.0,2019-02-13,252.0,1.2858%,0.0009,0.9344,0.2654,-0.6655,1.2638%,1.7739%,49.2380%,0.010456,TECH,75694.0,2019-02-14,252.0,-0.0952%,0.0009,0.9353,0.2623,-0.6614,1.2637%,1.7728%,49.1858%,-0.00433,TECH,75694.0,2019-02-15,252.0,1.6335%,0.0008,0.926,0.2548,-0.6755,1.2600%,1.7663%,49.1159%,0.008186,TECH,75694.0,2019-02-19,252.0,0.1252%,0.0009,0.9293,0.25,-0.6812,1.2582%,1.7662%,49.2513%,0.000681,TECH,75694.0,2019-02-20,252.0,0.9590%,0.0009,0.9324,0.2582,-0.6698,1.2596%,1.7668%,49.1726%,0.010921,TECH,0.048327,0.043907,0.035451,0.035719,0.061633
35275,TEVA PHARMACEUTICAL INDS LTD,Teva Pharmaceutical Wins Tentative FDA Approval For Dapagliflozin,6,increase,0.7,0.6,tentative fda approval for a drug can positively impact teva's stock price by signaling potential future revenue growth from the product.,2,2019-02-05,TEVA,2019-02-05 17:42:00+00:00,75652.0,88162420,0.0147432135418057,5195706.0,-0.0395791120827198,-0.0015228774864226,-0.0427751541137695,-0.007556655909866,-0.0070845265872776,-0.0079959938302636,0.0329308658838272,0.0131645686924457,0.0159405507147312,-0.0015167181845754,-0.0779289528727531,0.01124750636518,-0.0198524389415979,0.0113753518089652,0.0405091904103756,-0.0061664409004151,0.0022247449960559,0.0378666184842586,-0.0344062596559524,-0.003719431348145,-0.0086206682026386,0.0031982657965272,0.0,0.0058981562033295,0.0202898774296045,-0.0095592299476265,-0.0374999903142452,0.0194911006838083,0.0035418809857219,0.0010839322349056,-0.0100000044330954,0.015410054475069,0.0148544264957308,0.0116927064955234,-0.0193208381533622,0.0158370342105627,-0.0011940571712329,0.0005659438902512,-0.0454273335635662,0.0172711126506328,0.0018785054562613,0.0533657409250736,-0.015625,0.0403785109519958,0.0019047450041398,0.0278858821839094,-0.0063370992429554,-0.017208382487297,0.035076480358839,0.003196882084012,0.0147874169051647,-0.0113779613748192,0.0024287139531224,0.0843042880296707,0.0078739644959568,-0.0337748490273952,0.0162259899079799,-0.0497168004512786,-0.002956785261631,-0.0245549753308296,0.0130485948175191,-0.0423280000686645,-0.0439110063016414,-0.0362605899572372,-0.0263319239020347,-0.0438786298036575,0.0018868356710299,-0.0294427629560232,0.0043942052870988,0.0015798150561749,-0.0262500047683715,0.025931904092431,0.0064185098744928,0.0037960787303745,0.0025510180275887,-0.0499742068350315,-0.0438931621611118,-0.0419546104967594,-0.0106453662738204,-0.0141118746250867,0.0215198174118995,-0.0481704920530319,0.0032916518393903,0.0023212272208184,-0.0131233474239707,-0.0164382979273796,-0.0325797721743583,0.0027472283691167,0.0075601139105856,0.0018349044257774,-0.0115961851552128,-0.0027448020409792,-0.0075914189219474,-0.0036463045980781,0.0132127664983272,-0.0045372219756245,0.0082360934466123,0.0124024096876382,-0.0319945067167282,-0.010454524308443,0.009845245629549,-0.011235955171287,0.0236768908798694,-0.0163572430610656,0.0142857171595096,-0.002205524360761,0.006036227568984,-0.0365491099655628,0.009333356283605,-0.0067538982257246,0.0145309977233409,0.0102345319464802,0.0162760429084301,-0.0163590349256992,-0.0249839462339878,0.004635508172214,0.0006569825927726,0.027717599645257,-0.021667756140232,0.0105032725259661,-0.0395791120827198,-0.0015228774864226,-0.0806612635774648,-0.0090680255351309,-0.0871743432983644,-0.016991511489163,-0.0420840851732227,-0.0055612032392463,-0.1282564931167362,0.0451647396140428,-0.1553105526891768,0.2074891972308319,-0.2535069975684175,-0.139168501001328,2019-02-06,2019-02-07,2019-02-08,2019-02-11,2019-02-12,2019-02-13,2019-02-14,2019-02-15,2019-02-19,2019-02-20,75652.0,2019-02-05,252.0,1.4743%,0.0004,1.379,0.7297,0.7885,2.2609%,2.6831%,28.9932%,0.014085,TEVA,75652.0,2019-02-06,252.0,-3.9579%,0.0002,1.4051,0.722,0.8091,2.2714%,2.6827%,28.3095%,-0.037124,TEVA,75652.0,2019-02-07,252.0,-4.2775%,0.0,1.4046,0.7365,0.8,2.2785%,2.6881%,28.1532%,-0.032025,TEVA,75652.0,2019-02-08,252.0,-0.7085%,-0.0001,1.4058,0.7173,0.7923,2.2744%,2.6848%,28.2350%,-0.003297,TEVA,75652.0,2019-02-11,252.0,3.2931%,0.0003,1.325,0.8271,0.8094,2.2406%,2.6082%,26.1973%,0.024306,TEVA,75652.0,2019-02-12,252.0,1.5941%,0.0003,1.334,0.8147,0.8162,2.2382%,2.6100%,26.4580%,-0.000969,TEVA,75652.0,2019-02-13,252.0,-7.7929%,-0.0001,1.3108,0.8202,0.797,2.2939%,2.6469%,24.8950%,-0.082824,TEVA,75652.0,2019-02-14,252.0,-1.9852%,0.0,1.3175,0.8126,0.8006,2.2811%,2.6384%,25.2507%,-0.016842,TEVA,75652.0,2019-02-15,252.0,4.0509%,0.0,1.3159,0.8132,0.8007,2.2818%,2.6363%,25.0912%,0.0196469999999999,TEVA,75652.0,2019-02-19,252.0,0.2225%,-0.0002,1.2938,0.8396,0.8323,2.2423%,2.5916%,25.1390%,-0.0051359999999999,TEVA,75652.0,2019-02-20,252.0,-3.4406%,-0.0004,1.2818,0.8132,0.7898,2.2586%,2.6004%,24.5589%,-0.043389,TEVA,-0.023039,-0.055064,-0.058361,-0.035024,-0.163568
35283,TOLL BROTHERS INC,Toll Brothers Inc. Recommends Stockholders Reject Mini-Tender Offer By TRC Capital Corporation At $33.40/Share,6,decrease,0.7,0.5,"the recommendation to reject a mini-tender offer may signal to investors that the company's stock is undervalued at the offered price, potentially leading to a decrease in stock price due to perceived lack of confidence in the offer.",0,2019-02-05,TOL,2019-02-05 21:31:00+00:00,70228.0,88947810,0.0127579048275947,1208000.0,-0.0265344846993684,-0.0035163934808224,0.0093612382188439,0.0008121980354189,-0.0084561202675104,0.0341544598340988,-0.0110040642321109,0.0159272290766239,0.0420027337968349,0.0086058303713798,-0.0224239230155944,-0.0034305013250559,0.0024576776195317,-0.0124223222956061,0.0038136581424623,0.0169393140822649,0.0065129357390105,0.0098579339683055,-0.0097061367705464,-0.0131616331636905,0.0155186410993337,-0.006820058915764,0.0101876966655254,-0.0162147562950849,-0.0098195048049092,-0.009415678679943,-0.0010721231810748,0.0114845894277095,-0.0252213198691606,-0.0055710515007376,-0.0200936775654554,-0.0066407821141183,-0.0039325673133134,-0.0016524919774383,0.0115623194724321,0.0365401841700077,-0.0234179031103849,-0.0084914527833461,-0.0059948354028165,0.0123209254816174,0.0198161583393812,0.0512048415839672,0.0022529382258653,-0.0077704223804175,0.0221972726285457,0.016094708815217,-0.007421672809869,-0.0081325434148311,-0.0105234300717711,0.0134310889989137,0.0117548834532499,-0.0015240185894072,-0.0060857874341309,0.0519397519528865,0.0019482241477817,0.0016056887106969,-0.019444465637207,-0.0394817665219306,-0.0118979653343558,0.0137585559859871,0.0246559791266918,-0.0105198072269558,-0.0078344317153096,0.0112640997394919,0.0282007902860641,-0.0080695878714323,-0.0002742271462921,-0.0128675913438201,0.0194787122309207,-0.0085054310038685,-0.0201829932630062,0.0322984866797924,-0.0057676210999488,-0.0068514859303832,-0.0002763021038845,-0.0310802292078733,-0.0049737584777176,-0.0018072702223435,0.0144404461607337,0.0063655371777713,0.0191623531281948,-0.0161048956215381,0.0115498341619968,0.0169850625097751,0.0053106946870684,-0.019041933119297,-0.0161120072007179,0.0008933524950407,0.0053691482171416,0.0148081500083208,0.0080106444656848,0.0009074040572158,-0.0039850613102316,0.0141105186194181,0.0032008248381316,0.0009210555581375,0.0194097198545932,0.0280934143811464,0.0099113471806049,0.0196331068873405,0.0129132224246859,0.0223757922649383,-0.0260071493685245,0.0150300217792391,0.0107329804450273,-0.0593779273331165,-0.0059569939039647,-0.0154655696824193,-0.0213652867823839,0.0109444120898842,-0.0034611572045832,-0.0123533513396978,0.0040075215511024,0.0006180611089803,0.0138370571658015,-0.0308475233614444,0.0015748392324894,0.0069360537454485,0.0036687471438199,-0.0107398750260472,-0.0265344846993684,-0.0035163934808224,-0.0174216421128096,-0.0027070514532803,-0.0257304428793565,0.0313549505006887,0.0040203090389563,0.0567986075750293,-0.0155454779526768,0.0540772330729948,-0.0651299964920325,0.1554762759804127,0.0295343500281293,0.1023905167623022,2019-02-06,2019-02-07,2019-02-08,2019-02-11,2019-02-12,2019-02-13,2019-02-14,2019-02-15,2019-02-19,2019-02-20,70228.0,2019-02-05,252.0,1.2758%,-0.0006,0.9187,0.8108,0.4174,1.9578%,2.2079%,21.3676%,0.011914,TOL,70228.0,2019-02-06,252.0,-2.6534%,-0.0007,0.9195,0.811,0.4148,1.9638%,2.2039%,20.6005%,-0.024824,TOL,70228.0,2019-02-07,252.0,0.9361%,-0.0007,0.8955,0.834,0.4163,1.9556%,2.1875%,20.0771%,0.017249,TOL,70228.0,2019-02-08,252.0,-0.8456%,-0.0007,0.8961,0.8504,0.4297,1.9532%,2.1861%,20.1726%,-0.006906,TOL,70228.0,2019-02-11,252.0,-1.1004%,-0.0007,0.8591,0.8608,0.4159,1.9497%,2.1650%,18.8962%,-0.0189599999999999,TOL,70228.0,2019-02-12,252.0,4.2003%,-0.0006,0.8691,0.8709,0.4193,1.9585%,2.1784%,19.1735%,0.030754,TOL,70228.0,2019-02-13,252.0,-2.2424%,-0.0007,0.8601,0.8761,0.4141,1.9635%,2.1799%,18.8642%,-0.025774,TOL,70228.0,2019-02-14,252.0,0.2458%,-0.0007,0.8591,0.8774,0.4131,1.9634%,2.1795%,18.8497%,0.00201,TOL,70228.0,2019-02-15,252.0,0.3814%,-0.0008,0.8503,0.8684,0.3974,1.9642%,2.1759%,18.5155%,-0.010171,TOL,70228.0,2019-02-19,252.0,0.6513%,-0.0008,0.8518,0.8679,0.3967,1.9641%,2.1763%,18.5535%,0.001087,TOL,70228.0,2019-02-20,252.0,-0.9706%,-0.0009,0.8471,0.8543,0.379,1.9657%,2.1760%,18.3890%,-0.015516,TOL,-0.01291,0.0043389999999999,-0.002567,0.009227,-0.0391369999999999
35291,TYSON FOODS INC,'Jimmy Dean parent Tyson Foods has held talks to buy Foster Farms for $2 billion' -CNBC,6,increase,0.7,0.6,"the potential acquisition of foster farms for $2 billion could be seen as a strategic move to expand tyson foods' market presence, likely boosting investor confidence and stock price.",2,2019-02-05,TSN,2019-02-05 16:55:00+00:00,77730.0,90249410,-0.0014567846665158,4069139.0,-0.0128059182316064,-0.0022609720472246,-0.0128079243004322,0.0,-0.0138056892901659,-0.0038610307965427,0.0023612647783011,0.0061508752405643,0.0328117236495018,-0.0003236320044379,-0.0112414862960577,0.0177865289151668,0.0080738458782434,0.0104842912405729,0.0233736559748649,-0.0067768571898341,0.005270691588521,0.0071583203971385,0.0104861753061413,-0.0145997274667024,-0.0084905205294489,0.0264354217797517,0.0041230306960642,0.0152136646211147,-0.0157927982509136,-0.0015361008699983,-0.0088254045695066,0.0141942128539085,-0.0019426733488217,-0.0010375474812462,0.0062449038960039,0.0046907654032111,0.0085955038666725,0.0178603380918502,0.001125577953644,-0.0173761956393718,0.0274655148386955,0.0267618205398321,-0.0067219054326415,0.0161348693072795,0.0089707225561141,0.0122958002611994,-0.0207456219941377,0.0213683824986219,0.0229372810572385,-0.0009363866993226,-0.0063843014650046,0.0202522240579128,0.0098730772733688,-0.0028577160555869,0.0068279765546321,0.0082597061991691,0.0052405050955712,0.0258128345012664,0.0016866085352376,-0.0189445111900568,0.0067349579185247,-0.0301837380975484,-0.0135319968685507,0.0127207515761256,0.0252774264663457,0.0055364086292684,0.0013530362630262,-0.0203852653503418,0.0127608235925436,-0.0330921895802021,0.0057811946608126,-0.0139087475836277,0.0022107816766947,0.0071839354932308,0.0130882263183593,-0.0021505185868591,0.0078385965898633,0.0070384298451244,0.0038887604605406,-0.0142323300242424,-0.0063126948662102,-0.029188297688961,-0.0047646812163293,-0.0058379145339131,0.0159581955522298,-0.033681746572256,-0.0032842457294464,0.022391851991415,0.0091690449044108,0.0213097631931304,-0.0123509755358099,0.0193893574178218,0.0155239589512348,-0.0231401864439249,0.007360178977251,-0.018836174160242,-0.0046368110924959,0.0096790576353669,0.0080464053899049,-0.0003395086969248,0.0091022802516818,0.0015300944214686,0.0169303528964519,-0.0100975846871733,0.0028657079674303,-0.0132846739143133,-0.0087086595594882,0.0201592836529016,0.0219629164785146,0.0045949704945087,-0.0092678954824805,0.0101426886394619,-0.0018980393651872,-0.0558351315557956,0.0073349755257368,-0.0075708958320319,0.0005392837920226,0.0094309244304895,0.0109165124595165,-0.0087040765210986,-0.0027996143326163,0.0003224840038456,0.0042780707590281,-0.0003223800449632,-0.0128059182316064,-0.0022609720472246,-0.0254498253007307,-0.0022609720472246,-0.0389041622103056,-0.0061132731610629,-0.0050250864466372,-0.0003236319054938,0.0309612556827998,0.0134514394939848,0.0581063704636781,0.1729637530450323,0.2251072231940682,0.0022787706724594,2019-02-06,2019-02-07,2019-02-08,2019-02-11,2019-02-12,2019-02-13,2019-02-14,2019-02-15,2019-02-19,2019-02-20,77730.0,2019-02-05,252.0,-0.1457%,-0.0006,0.5499,0.1708,0.1114,1.3520%,1.4784%,16.3686%,-0.003118,TSN,77730.0,2019-02-06,252.0,-1.2806%,-0.0007,0.5595,0.1679,0.1194,1.3534%,1.4769%,16.0182%,-0.011757,TSN,77730.0,2019-02-07,252.0,-1.2808%,-0.0007,0.5582,0.1727,0.1171,1.3537%,1.4763%,15.9189%,-0.007952,TSN,77730.0,2019-02-08,252.0,-1.3806%,-0.0007,0.5602,0.1843,0.133,1.3549%,1.4773%,15.8792%,-0.013686,TSN,77730.0,2019-02-11,252.0,0.2361%,-0.0008,0.5955,0.1516,0.1339,1.3439%,1.4765%,17.1535%,-4.5e-05,TSN,77730.0,2019-02-12,252.0,3.2812%,-0.0008,0.6054,0.1577,0.1378,1.3530%,1.4891%,17.4392%,0.02481,TSN,77730.0,2019-02-13,252.0,-1.1241%,-0.0008,0.6086,0.1473,0.133,1.3535%,1.4904%,17.5230%,-0.013228,TSN,77730.0,2019-02-14,252.0,0.8074%,-0.0007,0.6061,0.1527,0.1273,1.3549%,1.4912%,17.4441%,0.009257,TSN,77730.0,2019-02-15,252.0,2.3374%,-0.0007,0.6124,0.1602,0.1398,1.3583%,1.4957%,17.5229%,0.015432,TSN,77730.0,2019-02-19,252.0,0.5271%,-0.0007,0.6148,0.1602,0.1397,1.3582%,1.4961%,17.5924%,0.003123,TSN,77730.0,2019-02-20,252.0,1.0486%,-0.0006,0.6171,0.1648,0.1478,1.3593%,1.4977%,17.6299%,0.008097,TSN,-0.014875,-0.022827,-0.036513,-0.011748,0.0109329999999999
35299,TRAVELZOO,A Preview Of Travelzoo's Q4 Earnings,6,uncertain,0.5,0.5,the preview of travelzoo's q4 earnings could lead to mixed investor reactions depending on the actual results and market expectations.,1,2019-02-05,TZOO,2019-02-05 19:37:00+00:00,89941.0,89421Q20,0.0272162053734064,102052.0,0.1445874273777008,0.0182105731219053,0.0304232835769653,0.0268292613327503,0.0667523071169853,-0.0024330683518201,0.0595667697489261,0.016488030552864,0.0329358279705047,-0.0934230163693428,-0.0555250234901905,0.0,-0.0692666172981262,0.0485893301665782,0.0293933283537626,0.0257235262542963,-0.1075333878397942,0.0113820638507604,0.00204225233756,-0.0191387385129928,-0.0312500037252903,0.044999998062849,0.0378681607544422,0.027397233992815,-0.1412162184715271,-0.021775484085083,0.0692368298768997,0.0547703094780445,0.0095658656209707,0.0244343429803848,-0.0327988192439079,0.0,0.003767839865759,-0.0203900299966335,-0.0210210010409355,0.034862395375967,0.029908001422882,0.1449578851461411,-0.0253164656460285,-0.0335025303065776,-0.0206264667212963,0.1104848384857178,0.0023401472717523,-0.01988953538239,0.0319066010415554,-0.0793489068746566,0.0067873415537178,0.2380352467298508,0.0082396743819117,0.0153452539816498,0.0133729791268706,-0.0038216221146285,0.0366568900644779,0.0064102197065949,0.0530410185456275,-0.0382243506610393,-0.0436534956097602,-0.0470035895705223,-0.0301965847611427,-0.0307516530156135,0.001448189956136,-0.0079096769914031,0.0007230823393911,0.0314685851335525,-0.0252890437841415,0.0792452991008758,-0.0214974023401737,-0.0269278176128864,-0.0136363143101334,-0.0108959022909402,-0.0023042000830173,-0.0559999756515026,0.0315627306699752,-0.0234375037252903,-0.0589552223682403,0.0193401686847209,0.0483743548393249,-0.0233333371579647,0.059757936745882,0.0440835393965244,-0.0349749997258186,-0.054824560880661,0.0658283531665802,0.0110864108428359,-0.0215128008276224,-0.0077007361687719,0.007092157844454,-0.0032894443720579,0.0380281656980514,0.0580046400427818,-0.0067842216230928,-0.0325476936995983,-0.0280055180191993,0.0276816338300705,-0.0028109601698815,-0.0170067604631185,0.0232558771967887,0.0475058928132057,-0.0309917870908975,0.0193704403936862,-0.0227434039115905,-0.1021738722920418,0.0152727300301194,0.0121011724695563,0.0085959807038307,0.0448276251554489,0.0291193071752786,-0.0147225502878427,0.2028985917568207,-0.0022599387448281,0.0476190410554409,-0.0285399872809648,-0.0115006016567349,-0.0520291365683078,-0.0265927743166685,-0.063352882862091,-0.0836653038859367,0.0437436737120151,-0.0018633966101333,0.0627026930451393,0.1445874273777008,0.0182105731219053,0.1794095352594418,0.0455284106799624,0.258137842773781,0.0429845685930083,0.3769871780991407,-0.0388640077233677,0.1143073748268008,0.0255183174452378,0.0454201864885983,0.4646924870452757,0.2165026455972469,0.3902702227690962,2019-02-06,2019-02-07,2019-02-08,2019-02-11,2019-02-12,2019-02-13,2019-02-14,2019-02-15,2019-02-19,2019-02-20,89941.0,2019-02-05,252.0,2.7216%,0.0038,1.2839,1.9759,-0.4292,4.6526%,5.0335%,14.5603%,0.02061,TZOO,89941.0,2019-02-06,252.0,14.4587%,0.0044,1.2849,1.9731,-0.4085,4.7401%,5.1071%,13.8564%,0.14781,TZOO,89941.0,2019-02-07,252.0,3.0423%,0.0046,1.2838,1.9565,-0.3968,4.7463%,5.1095%,13.7117%,0.046432,TZOO,89941.0,2019-02-08,252.0,6.6752%,0.0049,1.2734,1.9591,-0.4385,4.7585%,5.1235%,13.7390%,0.0617809999999999,TZOO,89941.0,2019-02-11,252.0,5.9567%,0.0046,1.4406,1.8556,-0.4068,4.7015%,5.1059%,15.2150%,0.045762,TZOO,89941.0,2019-02-12,252.0,3.2936%,0.0047,1.4613,1.8348,-0.3926,4.6983%,5.1072%,15.3727%,0.01218,TZOO,89941.0,2019-02-13,252.0,-5.5525%,0.0043,1.4308,1.8599,-0.404,4.7075%,5.1091%,15.0998%,-0.0605429999999999,TZOO,89941.0,2019-02-14,252.0,-6.9267%,0.0039,1.448,1.8138,-0.3499,4.7315%,5.1245%,14.7505%,-0.078376,TZOO,89941.0,2019-02-15,252.0,2.9393%,0.004,1.4821,1.8451,-0.2936,4.7260%,5.1263%,15.0087%,0.010076,TZOO,89941.0,2019-02-19,252.0,-10.7533%,0.0035,1.4578,1.7721,-0.3738,4.7848%,5.1738%,14.4723%,-0.114919,TZOO,89941.0,2019-02-20,252.0,0.2042%,0.0037,1.4602,1.7969,-0.36,4.7767%,5.1680%,14.5700%,-0.00267,TZOO,0.16842,0.214852,0.2766329999999999,0.334575,0.088143
35307,UNITED COMMUNITY BANKS INC GA,United Community Banks To Acquire First Madison Bank & Trust For $52M In Cash,6,increase,0.7,0.6,"the acquisition of first madison bank & trust for $52m in cash is likely to be viewed positively by investors as it suggests growth and expansion for united community banks, potentially leading to an increase in stock price.",2,2019-02-05,UCBI,2019-02-05 14:04:00+00:00,89323.0,90984P30,0.0110391704365611,485363.0,0.028614467009902,0.0080583654344081,0.0175695288926363,0.013219291344285,-0.0003596518654376,-0.0134254079312086,0.0151132838800549,-0.0030592705588787,-0.0053172498010098,-0.009094345383346,0.0064148362725973,0.0026595629751682,-0.0074362284503877,0.0146491574123501,0.0203353427350521,-0.0007703602313995,0.0206293761730194,0.0587275139987468,0.0078793950378894,-0.0068853814154863,-0.0037389737553894,0.0077551240101456,-0.0098942006006836,0.0098928185179829,-0.0165403001010417,0.0275306906551122,-0.0231254994869232,-0.0104777868837118,0.0100430669263005,0.0127334957942366,-0.0166903175413608,0.0098585318773984,0.0065005524083971,-0.0042680487968027,-0.0053821858018636,0.0142857106402516,-0.0043289656750857,0.0043478426523506,-0.0402174144983291,0.0061242077499628,-0.0230275802314281,0.0339213013648986,0.0003864076279569,0.0109739257022738,0.0131324902176857,0.0191053953021764,0.0,0.003272543195635,0.0053374492563307,0.0056416983716189,0.0045505906455218,-0.0056100483052432,0.0053171054460108,0.0449438244104385,0.004155671223998,-0.0067928815260529,-0.035364955663681,-0.000969391723629,-0.0269110240042209,0.0034046545624732,-0.0020040539093315,-0.0428305454552173,-0.0538152679800987,-0.0249660070985555,-0.0063667073845863,-0.0089967995882034,0.0324647687375545,-0.0168067701160907,0.014067031443119,-0.0269230343401432,0.0187678132206201,0.0182767659425735,-0.0016018826281651,-0.0107619455084204,0.0348976701498031,-0.02558727376163,-0.0034883781336247,-0.0029276325367391,0.0062233279459178,0.0058897510170936,0.0193274058401584,-0.0696672722697258,0.0030337474308907,-0.0116054601967334,0.0083175543695688,0.0233570914715528,-0.0206223931163549,-0.0090231280773878,0.0053598540835082,0.0079082185402512,0.0007616320508532,-0.0097885662689805,0.0121765481308102,0.0191540885716676,-0.0214285589754581,-0.0059500047937035,0.0238186288625001,0.0043824184685945,0.0060037467628717,-0.0129767954349517,-0.0149197923019528,-0.0097352024167776,-0.0022718464024364,0.0,0.026944937184453,0.0206677448004484,0.0310421343892812,-0.0363845564424991,0.0071684862487018,0.0143745467066764,0.0046263043768703,-0.0038699838332831,0.0060219652950763,0.0149254156276583,-0.0112675949931144,0.0047355536371469,-0.0035612671636044,0.0011853293981403,0.0207290891557931,-0.0007895956514403,0.028614467009902,0.0080583654344081,0.0466867386074161,0.0213841826591294,0.046310295769347,0.0076716833524466,0.0564759044316818,-0.0045471357777325,0.1076807470986438,0.0639935177212276,-0.0549090608207025,0.2777237943602912,0.0818355082050485,0.044449294095316,2019-02-06,2019-02-07,2019-02-08,2019-02-11,2019-02-12,2019-02-13,2019-02-14,2019-02-15,2019-02-19,2019-02-20,89323.0,2019-02-05,252.0,1.1039%,-0.0,1.146,0.9723,1.519,0.9896%,1.5957%,61.5408%,0.015921,UCBI,89323.0,2019-02-06,252.0,2.8614%,0.0001,1.1454,0.9719,1.5225,1.0076%,1.5793%,59.2979%,0.03007,UCBI,89323.0,2019-02-07,252.0,1.7570%,0.0002,1.137,0.9726,1.5279,1.0179%,1.5802%,58.5038%,0.023447,UCBI,89323.0,2019-02-08,252.0,-0.0360%,0.0002,1.1356,0.9685,1.5194,1.0192%,1.5796%,58.3701%,0.0085729999999999,UCBI,89323.0,2019-02-11,252.0,1.5113%,0.0002,1.1237,0.9845,1.5217,1.0175%,1.5669%,57.8303%,0.003536,UCBI,89323.0,2019-02-12,252.0,-0.5317%,0.0001,1.1096,0.9889,1.5137,1.0230%,1.5624%,57.1245%,-0.018309,UCBI,89323.0,2019-02-13,252.0,0.6415%,0.0002,1.113,0.9837,1.5131,1.0221%,1.5629%,57.2319%,0.001555,UCBI,89323.0,2019-02-14,252.0,-0.7436%,0.0001,1.1131,0.9826,1.5148,1.0218%,1.5632%,57.2768%,-0.0015379999999999,UCBI,89323.0,2019-02-15,252.0,2.0335%,0.0001,1.1038,0.974,1.4994,1.0201%,1.5515%,56.7730%,-0.002071,UCBI,89323.0,2019-02-19,252.0,2.0629%,0.0001,1.1065,0.9801,1.5061,1.0224%,1.5570%,56.8839%,0.011109,UCBI,89323.0,2019-02-20,252.0,0.7879%,0.0001,1.1051,0.977,1.5011,1.0229%,1.5573%,56.8574%,-0.004763,UCBI,0.045991,0.069438,0.078011,0.0632379999999999,0.0675299999999999
35315,U G I CORP NEW,"UGI Q1 EPS $1.01 Misses $1.09 Estimate, Sales $2.2B Miss $2.21B Estimate",6,decrease,0.8,0.7,"the company's earnings per share and sales both missed analyst estimates, which typically leads to a negative reaction in stock prices.",0,2019-02-05,UGI,2019-02-05 22:54:00+00:00,17929.0,90268110,0.0049417363479733,724361.0,-0.0825429782271385,-0.0070101912133395,0.0061255684122443,0.0005260844482108,0.0123667754232883,0.013866645283997,-0.0086449747905135,0.0142445173114538,-0.0096682142466306,-0.0035932583268731,0.0145482067018747,-0.0051832157187163,0.0005660147289745,-0.0104350931942462,0.0077314702793955,0.0163580775260925,0.0018713003955781,0.0,-0.0014942440902814,0.0072424681857228,0.0056116580963134,-0.002168002538383,0.0111607573926448,0.0113283200189471,0.0068064555525779,0.009033883921802,-0.0025580008514225,0.0121291568502783,0.0095255626365542,-0.0136204976588487,-0.0038105440326035,-0.0127202793955802,-0.0072860019281506,0.0186967477202415,0.0073394775390625,-0.0102601936087012,-0.0065573877654969,0.0075688329525291,-0.0089842621237039,0.0020347167737782,0.0090657109394669,0.0217350497841835,0.0009167443495243,0.0124378409236669,0.0051291221752762,-0.0204311180859804,-0.0034627050627022,0.0167714357376098,0.006035076919943,0.0003813242656178,0.0009089421364478,0.0055598337203264,0.0036496489774435,0.0040423306636512,0.0029090880416333,-0.0694967061281204,-0.0072516594082117,0.0012554432032629,-0.0049305451102554,0.0075894137844443,0.0222058910876512,0.0105917062610387,-0.0001795715652406,-0.0081507116556167,0.0048482753336429,-0.0359699912369251,0.0078628025949001,-0.0130966454744339,-0.0023049833253026,-0.0025667326990514,-0.0143949063494801,-0.0020492272451519,-0.0007212570635601,-0.0034036240540444,-0.0005412988248281,-0.0033921431750059,-0.0734789595007896,0.0068305619060993,0.0189010370522737,0.0065314723178744,0.0040160468779504,0.0102448370307683,0.0100952144712209,0.0024368909653276,-0.0001885408564703,0.0119781624525785,0.001508827204816,-0.0043844264000654,-0.0043314415961503,0.0014050198951736,0.0001891835854621,0.0017592975636944,0.0058622835204005,0.0069087580777704,-0.0022560432553291,-0.0047602336853742,-0.0054644979536533,0.0035385838709771,-0.0083364648744463,-0.0124060651287436,0.0032479588408023,0.0052696159109473,0.0038088129367679,-0.001052840379998,0.008916737511754,0.001405760529451,0.0110943987965583,-0.0177769903093576,-0.0005579092539846,0.025123817846179,0.0007442705682478,0.0087453452870249,-0.0050204624421894,0.0121025675907731,0.0186880957335233,-0.0048535042442381,-0.0080718882381916,0.0092525789514184,-0.0025892248377203,0.0113761276006698,-0.0825429782271385,-0.0070101912133395,-0.0769230324749749,-0.0064877947177049,-0.0655075469191829,0.0072888866182663,-0.08254297761477,0.0179662241154334,-0.0611169595095836,0.0258917314032121,-0.0384873168681486,0.0238525396582733,-0.0483689158454232,0.0442910356184902,2019-02-06,2019-02-07,2019-02-08,2019-02-11,2019-02-12,2019-02-13,2019-02-14,2019-02-15,2019-02-19,2019-02-20,17929.0,2019-02-05,252.0,0.4942%,0.001,0.2985,-0.2352,0.0705,1.0428%,1.1001%,10.1440%,0.003811,UGI,17929.0,2019-02-06,252.0,-8.2543%,0.0007,0.292,-0.2316,0.0528,1.1660%,1.2127%,7.5553%,-0.0820589999999999,UGI,17929.0,2019-02-07,252.0,0.6126%,0.0008,0.3015,-0.2471,0.0564,1.1602%,1.2100%,8.0685%,0.008234,UGI,17929.0,2019-02-08,252.0,1.2367%,0.0009,0.299,-0.2348,0.054,1.1579%,1.2064%,7.8834%,0.0125079999999999,UGI,17929.0,2019-02-11,252.0,-0.8645%,0.0009,0.2857,-0.2338,0.0475,1.1577%,1.2003%,6.9684%,-0.007738,UGI,17929.0,2019-02-12,252.0,-0.9668%,0.0007,0.2612,-0.2131,0.0314,1.1468%,1.1830%,6.0206%,-0.013526,UGI,17929.0,2019-02-13,252.0,1.4548%,0.0009,0.2732,-0.228,0.0319,1.1415%,1.1811%,6.5915%,0.013823,UGI,17929.0,2019-02-14,252.0,0.0566%,0.0009,0.2728,-0.2272,0.0311,1.1415%,1.1811%,6.5813%,0.00241,UGI,17929.0,2019-02-15,252.0,0.7731%,0.0009,0.2822,-0.2182,0.0471,1.1406%,1.1815%,6.7989%,0.004968,UGI,17929.0,2019-02-19,252.0,0.1871%,0.0009,0.2799,-0.2143,0.0518,1.1396%,1.1794%,6.6369%,0.001727,UGI,17929.0,2019-02-20,252.0,-0.1494%,0.0009,0.2793,-0.2146,0.0499,1.1396%,1.1793%,6.6234%,-0.001939,UGI,-0.078248,-0.0700139999999999,-0.0575059999999999,-0.0787699999999999,-0.057781
35323,UNILEVER PLC,Unilever Says Acquired Uk Snack Brand Graze For Undisclosed Price,6,increase,0.7,0.6,"the acquisition of a popular snack brand like graze could enhance unilever's product portfolio and market presence, potentially leading to positive investor sentiment and an increase in stock price.",2,2019-02-05,UL,2019-02-05 16:44:00+00:00,28302.0,90476770,0.0191699005663394,1315689.0,-0.0127829983830452,0.0101523017510771,0.004439472220838,0.0112167336046695,0.0007366650970652,-0.0075471987947821,-0.0062569039873778,0.0011333845322951,0.0162963159382343,0.0169035196304321,-0.0020043842960149,-0.0024908459745347,0.002778876805678,-0.0011483515845611,0.0009177540196105,-0.0111657865345478,0.0080689974129199,0.0124545227736234,0.0072766547091305,-0.0026753908023238,0.0025284339208155,0.005186331924051,-0.0100882286205887,0.0089147854596376,-0.0100090848281979,-0.0122512094676494,0.0062500024214386,0.0094686318188905,-0.0286811012774705,-0.0124046085402369,0.0011284818174317,0.0047938637435436,-0.0101446723565459,0.0048169554211199,0.0075916023924946,-0.0084065459668636,0.0120549891144037,0.0001910628925543,-0.005025134421885,-0.0073975604027509,0.0095398826524615,0.016387166455388,0.0133406966924667,-0.0046056741848587,-0.006948203779757,-0.0026794141158461,0.0011047238949686,0.0044213677756488,0.0104837175458669,-0.0026840374339371,0.0176556464284658,0.0005754609592258,0.0160973258316516,0.0227584820240736,-0.0019362894818186,-0.0246842168271541,0.0007054834859445,-0.01022728998214,0.0068734469823539,0.0015174130676314,0.0094520756974816,-0.0030257157050073,-0.01057736761868,0.0,0.0038555450737476,-0.0207407213747501,0.0096020083874464,-0.0131579171866178,-0.0024209441617131,0.002565030939877,0.0008667542715556,0.0079409107565879,-0.0003463882312644,0.0104497363790869,-0.0032917954958975,-0.0083271786570549,0.0001738594874041,0.0031557821203023,0.0024330792948603,-0.0048032905906438,0.0003467485657893,-0.0034977656323462,-0.0031195892952382,0.0005525654414668,0.0046940273605287,-0.0042186267673969,-0.0041529964655637,-0.0065597775392234,-0.0005212646210566,0.0049441577866673,0.0003477130958344,0.0111090969294309,-0.0048662251792848,-0.0060729081742465,0.0,-0.0014700114261358,0.0006985839572735,0.0001837588933994,0.002443270292133,-0.0047557768411934,0.0238510239869356,-0.0020080432295799,-0.0022105264943093,0.0088397711515426,0.0010225182631984,0.0079821851104497,-0.000851260672789,-0.0027767776045948,0.0011927023297175,0.0127484118565917,0.0112321283668279,-0.0113067766651511,0.0045439326204359,0.010678150691092,0.0185960903763771,-0.013126254081726,-0.0090460404753685,0.0119737954810261,0.0002340122882742,-0.0007478204206563,-0.0127829983830451,0.0101523017510771,-0.0084002759284276,0.0214829110199628,-0.0076697990214444,0.0137735764250224,0.0021914302203827,0.0320783353301588,0.0193466853198158,0.0267532519150088,0.0517478461184786,0.0191577840359475,0.1094457449950359,0.0044867822786687,2019-02-06,2019-02-07,2019-02-08,2019-02-11,2019-02-12,2019-02-13,2019-02-14,2019-02-15,2019-02-19,2019-02-20,28302.0,2019-02-05,252.0,1.9170%,0.0,0.4718,-0.1185,0.0792,1.0024%,1.1291%,21.1746%,0.017503,UL,28302.0,2019-02-06,252.0,-1.2783%,0.0001,0.421,-0.102,0.0276,0.9863%,1.0872%,17.6915%,-0.011912,UL,28302.0,2019-02-07,252.0,0.4439%,0.0001,0.4177,-0.1012,0.0293,0.9875%,1.0858%,17.2867%,0.008015,UL,28302.0,2019-02-08,252.0,0.0737%,0.0002,0.4173,-0.0891,0.0355,0.9839%,1.0814%,17.2272%,0.000514,UL,28302.0,2019-02-11,252.0,-0.6257%,0.0001,0.4153,-0.0961,0.0306,0.9847%,1.0772%,16.4316%,-0.006435,UL,28302.0,2019-02-12,252.0,1.6296%,0.0002,0.4287,-0.1056,0.0391,0.9832%,1.0809%,17.2601%,0.010619,UL,28302.0,2019-02-13,252.0,-0.2004%,0.0002,0.4225,-0.0966,0.0399,0.9804%,1.0748%,16.7931%,-0.003269,UL,28302.0,2019-02-14,252.0,0.2779%,0.0002,0.422,-0.0941,0.0364,0.9798%,1.0743%,16.8184%,0.0043,UL,28302.0,2019-02-15,252.0,0.0918%,0.0002,0.4213,-0.0951,0.0347,0.9800%,1.0740%,16.7401%,-0.00389,UL,28302.0,2019-02-19,252.0,0.8069%,0.0002,0.4191,-0.0855,0.0458,0.9781%,1.0698%,16.4089%,0.00734,UL,28302.0,2019-02-20,252.0,0.7277%,0.0002,0.4212,-0.0789,0.0537,0.9785%,1.0704%,16.4284%,0.006317,UL,0.005591,0.013606,0.01412,0.018304,0.0291019999999999
35331,UNUM GROUP,Unum Sees FY19 After-Tax Adj. Operating Income Growth 4-7% Year Over Year,6,increase,0.75,0.6,"the projected growth in after-tax adjusted operating income suggests positive financial performance, which is likely to boost investor confidence and increase the stock price.",2,2019-02-05,UNM,2019-02-05 21:59:00+00:00,71175.0,91529Y10,-0.0017266581999138,2308184.0,0.0524646788835525,-0.0020103300921618,-0.0334154330193996,0.0017261615721508,-0.0062340949662029,0.0247641559690237,0.0014256982831284,0.0026602521538734,0.0259111579507589,-0.010818681679666,-0.0052733453921973,-0.0049461210146546,-0.0125558245927095,0.0128692695870995,0.026278618723154,0.0076627857051789,0.0112885423004627,-0.0020588145125657,0.015790956094861,-0.0130624314770102,-0.0056285951286554,0.0246877409517765,0.0045822639949619,0.0114319268614053,0.0045612603425979,0.0208845287561416,0.0005342002841643,0.0009223053930327,-0.0008008216973394,0.0049428436905145,-0.0018701495137065,0.0052794460207223,0.0082975793629884,-0.0030959281139075,-0.013273162767291,0.0218284912407398,-0.0026903008110821,0.0057270219549536,-0.021041240543127,0.00287173432298,-0.0057866927236318,0.0488621480762958,-0.00138589378912,-0.0056572407484054,0.0027755284681916,0.0228046327829361,0.0008303010836243,0.013103418983519,-0.0002765022509265,-0.00137744192034,0.0008298417087644,0.0097357677295804,0.0055279368534684,0.0558003112673759,0.0107201589271426,-0.0316387973725795,-0.0133261261507868,-0.0081100650131702,-0.0479602515697479,-0.0156195368617773,0.002316097728908,-0.0106456512585282,-0.0361062996089458,-0.0047846683301031,-0.0026970379985868,-0.0144830010831356,0.0135216582566499,-0.0217462871223688,-0.0032612099312245,0.0026428780984133,-0.0017845794791355,-0.0013196637155488,0.0080453054979443,-0.0241468138992786,0.0271947421133518,-0.0368992425501346,-0.0158273167908191,-0.0055504254996776,0.0122806476429104,-0.0351086072623729,0.0057770297862589,-0.0616973489522934,0.0034462646581232,-0.0025062698405236,0.0091585488989949,-0.0131904250010848,-0.0155983911827206,-0.0060093202628195,0.0193028524518013,0.0231973696500062,0.0265686437487602,-0.0102352071553468,0.0209251698106527,0.0194586142897605,-0.0037757065147161,-0.0005637107533402,0.0162426177412271,0.0207135006785392,-0.0031966634560376,-0.0183564405888319,-0.0224477928131818,-0.0193852335214614,-0.0060142483562231,-0.0248446725308895,0.0165016073733568,0.0002700789191294,-0.0192099325358867,-0.0260457228869199,0.0057930783368647,0.0267422441393137,0.0104224560782313,-0.0182974971830844,0.0103881144896149,-0.0115334838628768,-0.0010822758777067,0.0026281811296939,-0.0159804001450538,0.0209283269941806,0.0055050081573426,-0.0032093857880681,0.0524646788835525,-0.0020103300921618,0.0172961159010351,-0.0002876386745633,0.0109541953057588,0.0244693941654607,0.0386278509596154,0.0160818481511184,0.0755261683208916,0.0163388622128473,-0.0043239484698048,0.2153028539104524,0.0605259343372952,-0.0635764877512874,2019-02-06,2019-02-07,2019-02-08,2019-02-11,2019-02-12,2019-02-13,2019-02-14,2019-02-15,2019-02-19,2019-02-20,71175.0,2019-02-05,252.0,-0.1727%,-0.0009,1.3824,-0.1427,1.2687,1.5386%,2.1199%,47.3222%,-0.000322,UNM,71175.0,2019-02-06,252.0,5.2465%,-0.0007,1.4168,-0.1548,1.3102,1.5713%,2.1302%,45.5879%,0.054504,UNM,71175.0,2019-02-07,252.0,-3.3415%,-0.0007,1.4333,-0.1651,1.3056,1.5753%,2.1397%,45.8006%,-0.02565,UNM,71175.0,2019-02-08,252.0,-0.6234%,-0.0007,1.433,-0.1684,1.3021,1.5752%,2.1400%,45.8172%,0.001467,UNM,71175.0,2019-02-11,252.0,0.1426%,-0.0007,1.4253,-0.1635,1.3007,1.5748%,2.1142%,44.5120%,-0.002564,UNM,71175.0,2019-02-12,252.0,2.5911%,-0.0007,1.4265,-0.1582,1.3004,1.5754%,2.1130%,44.4112%,0.008672,UNM,71175.0,2019-02-13,252.0,-0.5273%,-0.0008,1.4204,-0.1518,1.2993,1.5752%,2.1064%,44.0763%,-0.010183,UNM,71175.0,2019-02-14,252.0,-1.2556%,-0.0008,1.4201,-0.1523,1.3005,1.5747%,2.1071%,44.1479%,-0.001348,UNM,71175.0,2019-02-15,252.0,2.6279%,-0.0008,1.419,-0.1527,1.2994,1.5747%,2.1038%,43.9732%,0.0042699999999999,UNM,71175.0,2019-02-19,252.0,1.1289%,-0.0007,1.4246,-0.1554,1.296,1.5726%,2.1050%,44.1910%,0.005037,UNM,71175.0,2019-02-20,252.0,1.5791%,-0.0007,1.4261,-0.154,1.3008,1.5729%,2.1073%,44.2843%,0.006198,UNM,0.054182,0.028532,0.029999,0.036107,0.040081
35339,UNUM GROUP,"Unum Q4 EPS $1.30 Misses $1.31 Estimate, Sales $2.881B Miss $2.9B Estimate",6,decrease,0.75,0.6,"the earnings per share and sales figures both missed analyst estimates, which typically leads to a negative reaction in stock prices.",0,2019-02-05,UNM,2019-02-05 21:59:00+00:00,71175.0,91529Y10,-0.0017266581999138,2308184.0,0.0524646788835525,-0.0020103300921618,-0.0334154330193996,0.0017261615721508,-0.0062340949662029,0.0247641559690237,0.0014256982831284,0.0026602521538734,0.0259111579507589,-0.010818681679666,-0.0052733453921973,-0.0049461210146546,-0.0125558245927095,0.0128692695870995,0.026278618723154,0.0076627857051789,0.0112885423004627,-0.0020588145125657,0.015790956094861,-0.0130624314770102,-0.0056285951286554,0.0246877409517765,0.0045822639949619,0.0114319268614053,0.0045612603425979,0.0208845287561416,0.0005342002841643,0.0009223053930327,-0.0008008216973394,0.0049428436905145,-0.0018701495137065,0.0052794460207223,0.0082975793629884,-0.0030959281139075,-0.013273162767291,0.0218284912407398,-0.0026903008110821,0.0057270219549536,-0.021041240543127,0.00287173432298,-0.0057866927236318,0.0488621480762958,-0.00138589378912,-0.0056572407484054,0.0027755284681916,0.0228046327829361,0.0008303010836243,0.013103418983519,-0.0002765022509265,-0.00137744192034,0.0008298417087644,0.0097357677295804,0.0055279368534684,0.0558003112673759,0.0107201589271426,-0.0316387973725795,-0.0133261261507868,-0.0081100650131702,-0.0479602515697479,-0.0156195368617773,0.002316097728908,-0.0106456512585282,-0.0361062996089458,-0.0047846683301031,-0.0026970379985868,-0.0144830010831356,0.0135216582566499,-0.0217462871223688,-0.0032612099312245,0.0026428780984133,-0.0017845794791355,-0.0013196637155488,0.0080453054979443,-0.0241468138992786,0.0271947421133518,-0.0368992425501346,-0.0158273167908191,-0.0055504254996776,0.0122806476429104,-0.0351086072623729,0.0057770297862589,-0.0616973489522934,0.0034462646581232,-0.0025062698405236,0.0091585488989949,-0.0131904250010848,-0.0155983911827206,-0.0060093202628195,0.0193028524518013,0.0231973696500062,0.0265686437487602,-0.0102352071553468,0.0209251698106527,0.0194586142897605,-0.0037757065147161,-0.0005637107533402,0.0162426177412271,0.0207135006785392,-0.0031966634560376,-0.0183564405888319,-0.0224477928131818,-0.0193852335214614,-0.0060142483562231,-0.0248446725308895,0.0165016073733568,0.0002700789191294,-0.0192099325358867,-0.0260457228869199,0.0057930783368647,0.0267422441393137,0.0104224560782313,-0.0182974971830844,0.0103881144896149,-0.0115334838628768,-0.0010822758777067,0.0026281811296939,-0.0159804001450538,0.0209283269941806,0.0055050081573426,-0.0032093857880681,0.0524646788835525,-0.0020103300921618,0.0172961159010351,-0.0002876386745633,0.0109541953057588,0.0244693941654607,0.0386278509596154,0.0160818481511184,0.0755261683208916,0.0163388622128473,-0.0043239484698048,0.2153028539104524,0.0605259343372952,-0.0635764877512874,2019-02-06,2019-02-07,2019-02-08,2019-02-11,2019-02-12,2019-02-13,2019-02-14,2019-02-15,2019-02-19,2019-02-20,71175.0,2019-02-05,252.0,-0.1727%,-0.0009,1.3824,-0.1427,1.2687,1.5386%,2.1199%,47.3222%,-0.000322,UNM,71175.0,2019-02-06,252.0,5.2465%,-0.0007,1.4168,-0.1548,1.3102,1.5713%,2.1302%,45.5879%,0.054504,UNM,71175.0,2019-02-07,252.0,-3.3415%,-0.0007,1.4333,-0.1651,1.3056,1.5753%,2.1397%,45.8006%,-0.02565,UNM,71175.0,2019-02-08,252.0,-0.6234%,-0.0007,1.433,-0.1684,1.3021,1.5752%,2.1400%,45.8172%,0.001467,UNM,71175.0,2019-02-11,252.0,0.1426%,-0.0007,1.4253,-0.1635,1.3007,1.5748%,2.1142%,44.5120%,-0.002564,UNM,71175.0,2019-02-12,252.0,2.5911%,-0.0007,1.4265,-0.1582,1.3004,1.5754%,2.1130%,44.4112%,0.008672,UNM,71175.0,2019-02-13,252.0,-0.5273%,-0.0008,1.4204,-0.1518,1.2993,1.5752%,2.1064%,44.0763%,-0.010183,UNM,71175.0,2019-02-14,252.0,-1.2556%,-0.0008,1.4201,-0.1523,1.3005,1.5747%,2.1071%,44.1479%,-0.001348,UNM,71175.0,2019-02-15,252.0,2.6279%,-0.0008,1.419,-0.1527,1.2994,1.5747%,2.1038%,43.9732%,0.0042699999999999,UNM,71175.0,2019-02-19,252.0,1.1289%,-0.0007,1.4246,-0.1554,1.296,1.5726%,2.1050%,44.1910%,0.005037,UNM,71175.0,2019-02-20,252.0,1.5791%,-0.0007,1.4261,-0.154,1.3008,1.5729%,2.1073%,44.2843%,0.006198,UNM,0.054182,0.028532,0.029999,0.036107,0.040081
35347,USANA HEALTH SCIENCES INC,"USANA Health Sciences Sees FY19 EPS $5.25-$5.55 vs $5.84 Est., Sales $1.25B-$1.30B vs $1.31B Est.",6,decrease,0.8,0.7,"the company's earnings per share (eps) and sales guidance for fy19 fell short of analyst estimates, which is likely to negatively impact investor sentiment and lead to a decrease in stock price.",0,2019-02-05,USNA,2019-02-05 21:19:00+00:00,84010.0,90328M10,0.0097363851964473,106276.0,-0.1227067559957504,0.0161982178688049,0.0091431038454175,-0.0246797557920217,0.0458795391023159,0.0190583486109972,0.0192608628422021,-0.0047635147348046,0.02531648427248,0.0071528237313032,-0.0386243797838687,0.0016601349925622,-0.0198128428310155,-0.0033960239961743,-0.0170316267758607,-0.0087181888520717,0.0066640987060964,0.0027698406483978,-0.0592963583767414,-0.0289148725569248,0.0394088476896286,0.0200634822249412,0.001644241856411,-0.0031624166294932,-0.025685554370284,-0.0085586151108145,-0.0101090613752603,0.0342682190239429,-0.0156187182292342,-0.0072218030691146,0.0018307598074898,-0.0026900169905275,-0.004162473604083,0.0038327074144035,0.0176368989050388,0.0059586423449218,-0.0080144563689827,-0.0183225572109222,-0.0157543681561946,-0.0012886729091405,-0.0252411160618066,0.0360480919480323,-0.0001052856459864,-0.0360360741615295,0.0064217350445687,-0.0100229363888502,-0.0172594301402568,0.0240953750908374,0.0005322304787114,-0.0029488634318113,-0.0172340720891952,0.0177420973777771,-0.0038969540037214,0.0303774811327457,-0.0077157043851912,-0.0353571362793445,0.0010952372103929,-0.0094724632799625,-0.0456187017261982,0.0075299940072,0.0132966954261064,-0.0436275266110897,-0.0248869284987449,0.0199863016605377,0.008584750816226,-0.0303933601826429,-0.0029905927367508,-0.0177336726337671,-0.0294185858219862,-0.0139568289741873,-0.009865615516901,0.0280366260558366,0.0068427333608269,0.0090696979314088,0.0072731678374111,0.0007494709570892,-0.0039062714204192,-0.0053834812715649,-0.0344622880220413,0.0120703671127557,0.0174769014120101,-0.0139680542051792,0.0185073036700487,-0.0113580599427223,0.0165083073079586,0.0092363115400075,-0.0008178490097634,0.0024801839608699,0.0230355616658926,0.0059880344197154,-0.0088009675964713,0.0026684431359171,-0.0189114324748516,0.0031788293272256,-0.0042313188314437,0.0009210467105731,-0.0040132668800652,-0.0029220110736787,-0.012562190182507,-0.0015837495448067,-0.0115218320861458,-0.0026602351572364,-0.0069208317436277,-0.0039744619280099,0.0073358411900699,0.009444979019463,-0.0093457540497183,-0.0050727701745927,-0.0094340145587921,0.0040077096782624,0.0256029646843671,0.0017564326990395,0.0072358716279268,0.0242439322173595,-0.0007183615816757,-0.0189931467175483,0.0944164544343948,0.012594636529684,-0.04926647990942,0.0212932787835598,-0.1227067559957504,0.0161982178688049,-0.1146855727629363,-0.0088813059844848,-0.074067754880669,0.010007779600939,-0.032340651175053,0.01238658670315,-0.1512074488634034,-0.0244599774605988,-0.2555679142178869,0.0161982183821636,-0.2589811897422448,0.0086911180387254,2019-02-06,2019-02-07,2019-02-08,2019-02-11,2019-02-12,2019-02-13,2019-02-14,2019-02-15,2019-02-19,2019-02-20,84010.0,2019-02-05,252.0,0.9736%,0.0019,0.5571,-0.0021,-0.3496,2.2899%,2.4050%,9.3415%,0.0051759999999999,USNA,84010.0,2019-02-06,252.0,-12.2707%,0.0014,0.5367,0.0066,-0.3866,2.4157%,2.5199%,8.0998%,-0.1213369999999999,USNA,84010.0,2019-02-07,252.0,0.9143%,0.0016,0.542,-0.0063,-0.3818,2.4154%,2.5201%,8.1362%,0.01555,USNA,84010.0,2019-02-08,252.0,4.5880%,0.0015,0.5367,-0.0728,-0.4481,2.3971%,2.5079%,8.6403%,0.042661,USNA,84010.0,2019-02-11,252.0,1.9261%,0.0015,0.5532,-0.0634,-0.4344,2.3991%,2.5089%,8.5656%,0.01992,USNA,84010.0,2019-02-12,252.0,2.5316%,0.0015,0.5522,-0.0509,-0.4371,2.3990%,2.5093%,8.5932%,0.016967,USNA,84010.0,2019-02-13,252.0,-3.8624%,0.0014,0.5539,-0.0705,-0.4506,2.4108%,2.5217%,8.6038%,-0.039934,USNA,84010.0,2019-02-14,252.0,-1.9813%,0.0013,0.5594,-0.0825,-0.4378,2.4148%,2.5254%,8.5661%,-0.020997,USNA,84010.0,2019-02-15,252.0,-1.7032%,0.0012,0.5485,-0.0947,-0.4586,2.4187%,2.5281%,8.4688%,-0.021145,USNA,84010.0,2019-02-19,252.0,0.6664%,0.0013,0.5486,-0.0895,-0.4528,2.4189%,2.5270%,8.3738%,0.0071719999999999,USNA,84010.0,2019-02-20,252.0,-5.9296%,0.001,0.5319,-0.1281,-0.5126,2.4469%,2.5559%,8.3445%,-0.057752,USNA,-0.1161609999999999,-0.1006109999999999,-0.0579499999999999,-0.0210629999999999,-0.153719
35355,USANA HEALTH SCIENCES INC,"Usana Health Sciences Q4 EPS $1.32 Misses $1.33 Estimate, Sales $299M Miss $307.69M Estimate",6,decrease,0.8,0.7,"the company reported earnings and sales that missed analyst estimates, which typically leads to a negative reaction in stock prices.",0,2019-02-05,USNA,2019-02-05 21:18:00+00:00,84010.0,90328M10,0.0097363851964473,106276.0,-0.1227067559957504,0.0161982178688049,0.0091431038454175,-0.0246797557920217,0.0458795391023159,0.0190583486109972,0.0192608628422021,-0.0047635147348046,0.02531648427248,0.0071528237313032,-0.0386243797838687,0.0016601349925622,-0.0198128428310155,-0.0033960239961743,-0.0170316267758607,-0.0087181888520717,0.0066640987060964,0.0027698406483978,-0.0592963583767414,-0.0289148725569248,0.0394088476896286,0.0200634822249412,0.001644241856411,-0.0031624166294932,-0.025685554370284,-0.0085586151108145,-0.0101090613752603,0.0342682190239429,-0.0156187182292342,-0.0072218030691146,0.0018307598074898,-0.0026900169905275,-0.004162473604083,0.0038327074144035,0.0176368989050388,0.0059586423449218,-0.0080144563689827,-0.0183225572109222,-0.0157543681561946,-0.0012886729091405,-0.0252411160618066,0.0360480919480323,-0.0001052856459864,-0.0360360741615295,0.0064217350445687,-0.0100229363888502,-0.0172594301402568,0.0240953750908374,0.0005322304787114,-0.0029488634318113,-0.0172340720891952,0.0177420973777771,-0.0038969540037214,0.0303774811327457,-0.0077157043851912,-0.0353571362793445,0.0010952372103929,-0.0094724632799625,-0.0456187017261982,0.0075299940072,0.0132966954261064,-0.0436275266110897,-0.0248869284987449,0.0199863016605377,0.008584750816226,-0.0303933601826429,-0.0029905927367508,-0.0177336726337671,-0.0294185858219862,-0.0139568289741873,-0.009865615516901,0.0280366260558366,0.0068427333608269,0.0090696979314088,0.0072731678374111,0.0007494709570892,-0.0039062714204192,-0.0053834812715649,-0.0344622880220413,0.0120703671127557,0.0174769014120101,-0.0139680542051792,0.0185073036700487,-0.0113580599427223,0.0165083073079586,0.0092363115400075,-0.0008178490097634,0.0024801839608699,0.0230355616658926,0.0059880344197154,-0.0088009675964713,0.0026684431359171,-0.0189114324748516,0.0031788293272256,-0.0042313188314437,0.0009210467105731,-0.0040132668800652,-0.0029220110736787,-0.012562190182507,-0.0015837495448067,-0.0115218320861458,-0.0026602351572364,-0.0069208317436277,-0.0039744619280099,0.0073358411900699,0.009444979019463,-0.0093457540497183,-0.0050727701745927,-0.0094340145587921,0.0040077096782624,0.0256029646843671,0.0017564326990395,0.0072358716279268,0.0242439322173595,-0.0007183615816757,-0.0189931467175483,0.0944164544343948,0.012594636529684,-0.04926647990942,0.0212932787835598,-0.1227067559957504,0.0161982178688049,-0.1146855727629363,-0.0088813059844848,-0.074067754880669,0.010007779600939,-0.032340651175053,0.01238658670315,-0.1512074488634034,-0.0244599774605988,-0.2555679142178869,0.0161982183821636,-0.2589811897422448,0.0086911180387254,2019-02-06,2019-02-07,2019-02-08,2019-02-11,2019-02-12,2019-02-13,2019-02-14,2019-02-15,2019-02-19,2019-02-20,84010.0,2019-02-05,252.0,0.9736%,0.0019,0.5571,-0.0021,-0.3496,2.2899%,2.4050%,9.3415%,0.0051759999999999,USNA,84010.0,2019-02-06,252.0,-12.2707%,0.0014,0.5367,0.0066,-0.3866,2.4157%,2.5199%,8.0998%,-0.1213369999999999,USNA,84010.0,2019-02-07,252.0,0.9143%,0.0016,0.542,-0.0063,-0.3818,2.4154%,2.5201%,8.1362%,0.01555,USNA,84010.0,2019-02-08,252.0,4.5880%,0.0015,0.5367,-0.0728,-0.4481,2.3971%,2.5079%,8.6403%,0.042661,USNA,84010.0,2019-02-11,252.0,1.9261%,0.0015,0.5532,-0.0634,-0.4344,2.3991%,2.5089%,8.5656%,0.01992,USNA,84010.0,2019-02-12,252.0,2.5316%,0.0015,0.5522,-0.0509,-0.4371,2.3990%,2.5093%,8.5932%,0.016967,USNA,84010.0,2019-02-13,252.0,-3.8624%,0.0014,0.5539,-0.0705,-0.4506,2.4108%,2.5217%,8.6038%,-0.039934,USNA,84010.0,2019-02-14,252.0,-1.9813%,0.0013,0.5594,-0.0825,-0.4378,2.4148%,2.5254%,8.5661%,-0.020997,USNA,84010.0,2019-02-15,252.0,-1.7032%,0.0012,0.5485,-0.0947,-0.4586,2.4187%,2.5281%,8.4688%,-0.021145,USNA,84010.0,2019-02-19,252.0,0.6664%,0.0013,0.5486,-0.0895,-0.4528,2.4189%,2.5270%,8.3738%,0.0071719999999999,USNA,84010.0,2019-02-20,252.0,-5.9296%,0.001,0.5319,-0.1281,-0.5126,2.4469%,2.5559%,8.3445%,-0.057752,USNA,-0.1161609999999999,-0.1006109999999999,-0.0579499999999999,-0.0210629999999999,-0.153719
35363,UNIVERSAL TECHNICAL INSTITUTE IN,Universal Technical Institute Sees FY19 Sales $322M-$332M vs $325.6M Est.,6,uncertain,0.6,0.2,"the sales forecast is within a close range of the estimate, which may not significantly impact investor sentiment either way.",1,2019-02-05,UTI,2019-02-05 21:44:00+00:00,89973.0,91391510,-0.0029106992296874,38900.0,-0.0057515664957463,0.0116617958992719,0.0029069739393889,0.0029239738360047,0.0144927399232983,0.0363636761903762,-0.0142857003957033,-0.1152815222740173,0.0086956433951854,-0.0026737942826002,0.0086206812411546,-0.041025660932064,-0.011396000161767,0.0344827882945537,0.0057636830024421,-0.0258397702127695,0.0200572870671749,-0.0152672212570905,-0.0449437797069549,0.020779263228178,0.0249999407678842,0.0052219270728528,-0.01004299800843,-0.0566502511501312,0.0144927399232983,0.0383631326258182,-0.0199999809265136,0.0103359697386622,0.0204081442207098,0.0130889927968382,-0.0028571400325745,-0.0077922004275023,0.0200572870671749,0.0212201382964849,-0.0393258072435855,0.0300546158105135,0.0350876860320568,-0.0639386177062988,-0.0084745679050683,0.034391563385725,-0.0370370000600814,0.0271738860756158,0.0177514608949422,-0.0290237199515104,0.0058139478787779,0.0383561253547668,-0.0606936514377594,-0.0108400974422693,0.0,0.0336134806275367,-0.0676923170685768,0.0317918770015239,0.0957095623016357,0.0028985480312258,-0.0180722717195749,0.0207100380212068,0.0521472617983818,0.0059524462558329,-0.0058308979496359,0.0566037185490131,-0.049853391945362,0.0192308276891708,-0.0092592500150203,-0.006369496230036,0.0280373562127351,0.0,-3.027193451998755e-05,-0.012578603811562,0.0273038726300001,0.0079239606857299,0.0058996994048357,-0.0140625238418579,0.0,0.0191082619130611,0.0205278396606445,0.0295082479715347,-0.0114942416548728,0.0066006537526845,-0.0058139478787779,-0.0350318886339664,0.0116958953440189,-0.0570570044219493,0.0,0.0341614596545696,-0.0028901705518364,0.1500000357627869,0.0,0.0108303148299455,0.0,0.007272720336914,0.0144927399232983,-0.0036231849808245,-0.0085714207962155,0.0,0.0,-0.0107526779174804,0.0,0.0145454406738281,-0.0115273660048842,0.026119377464056,0.0204081442207098,0.0268199909478426,-0.0228571202605962,-0.0150944143533706,-0.0789473578333854,0.0076045552268624,0.1142856776714325,-0.0401459485292434,-0.011396000161767,-0.0143884755671024,-0.0172910504043102,0.010909080505371,0.0029325485229492,0.0,-0.0087719215080142,0.026119377464056,0.0058996994048357,0.0113207437098026,-0.0146628124639391,0.0037878749426454,-0.0057515664957463,0.0116617958992719,-0.0028613122102711,0.0146198685213669,0.0115899594593242,0.0515151768766002,0.0058094508248403,-0.0721925106103448,-0.0173125852907246,-0.0987012718671357,-0.0144223263819853,0.0911949454817206,-0.0288736582643119,0.314393896890615,2019-02-06,2019-02-07,2019-02-08,2019-02-11,2019-02-12,2019-02-13,2019-02-14,2019-02-15,2019-02-19,2019-02-20,89973.0,2019-02-05,252.0,-0.2911%,0.0012,0.0905,-0.1094,0.0041,2.6830%,2.6856%,0.1904%,-0.003469,UTI,89973.0,2019-02-06,252.0,-0.5752%,0.0012,0.0774,-0.105,-0.0099,2.6829%,2.6848%,0.1443%,-0.005666,UTI,89973.0,2019-02-07,252.0,0.2907%,0.0013,0.0873,-0.1187,-0.0078,2.6805%,2.6829%,0.1806%,0.003428,UTI,89973.0,2019-02-08,252.0,1.4493%,0.0016,0.0838,-0.0799,0.003,2.6660%,2.6678%,0.1388%,0.01432,UTI,89973.0,2019-02-11,252.0,-1.4286%,0.0014,0.1152,-0.1308,-0.008,2.6624%,2.6660%,0.2730%,-0.013983,UTI,89973.0,2019-02-12,252.0,0.8696%,0.0012,0.0886,-0.0926,-0.0285,2.6434%,2.6456%,0.1709%,0.0070409999999999,UTI,89973.0,2019-02-13,252.0,0.8621%,0.0014,0.1079,-0.1224,-0.0321,2.6317%,2.6351%,0.2582%,0.008348,UTI,89973.0,2019-02-14,252.0,-1.1396%,0.0014,0.1117,-0.1286,-0.0268,2.6315%,2.6351%,0.2731%,-0.010819,UTI,89973.0,2019-02-15,252.0,0.5764%,0.0014,0.1162,-0.1241,-0.0189,2.6316%,2.6352%,0.2799%,0.004852,UTI,89973.0,2019-02-19,252.0,2.0057%,0.0015,0.1222,-0.1157,-0.01,2.6338%,2.6376%,0.2879%,0.0201529999999999,UTI,89973.0,2019-02-20,252.0,-4.4944%,0.0013,0.1076,-0.1562,-0.0641,2.6473%,2.6515%,0.3111%,-0.044966,UTI,-0.009135,-0.005707,0.0086129999999999,0.0016709999999999,-0.020761
35371,UNIVERSAL TECHNICAL INSTITUTE IN,"Universal Technical Q1 EPS $(0.36) May Not Compare To $(0.11) Estimate, Sales $83.1M Beat $81.3M Estimate",6,uncertain,0.6,0.3,"while the sales beat expectations, the significantly worse-than-expected eps may lead to mixed reactions from investors, creating uncertainty about the stock's direction.",1,2019-02-05,UTI,2019-02-05 21:43:00+00:00,89973.0,91391510,-0.0029106992296874,38900.0,-0.0057515664957463,0.0116617958992719,0.0029069739393889,0.0029239738360047,0.0144927399232983,0.0363636761903762,-0.0142857003957033,-0.1152815222740173,0.0086956433951854,-0.0026737942826002,0.0086206812411546,-0.041025660932064,-0.011396000161767,0.0344827882945537,0.0057636830024421,-0.0258397702127695,0.0200572870671749,-0.0152672212570905,-0.0449437797069549,0.020779263228178,0.0249999407678842,0.0052219270728528,-0.01004299800843,-0.0566502511501312,0.0144927399232983,0.0383631326258182,-0.0199999809265136,0.0103359697386622,0.0204081442207098,0.0130889927968382,-0.0028571400325745,-0.0077922004275023,0.0200572870671749,0.0212201382964849,-0.0393258072435855,0.0300546158105135,0.0350876860320568,-0.0639386177062988,-0.0084745679050683,0.034391563385725,-0.0370370000600814,0.0271738860756158,0.0177514608949422,-0.0290237199515104,0.0058139478787779,0.0383561253547668,-0.0606936514377594,-0.0108400974422693,0.0,0.0336134806275367,-0.0676923170685768,0.0317918770015239,0.0957095623016357,0.0028985480312258,-0.0180722717195749,0.0207100380212068,0.0521472617983818,0.0059524462558329,-0.0058308979496359,0.0566037185490131,-0.049853391945362,0.0192308276891708,-0.0092592500150203,-0.006369496230036,0.0280373562127351,0.0,-3.027193451998755e-05,-0.012578603811562,0.0273038726300001,0.0079239606857299,0.0058996994048357,-0.0140625238418579,0.0,0.0191082619130611,0.0205278396606445,0.0295082479715347,-0.0114942416548728,0.0066006537526845,-0.0058139478787779,-0.0350318886339664,0.0116958953440189,-0.0570570044219493,0.0,0.0341614596545696,-0.0028901705518364,0.1500000357627869,0.0,0.0108303148299455,0.0,0.007272720336914,0.0144927399232983,-0.0036231849808245,-0.0085714207962155,0.0,0.0,-0.0107526779174804,0.0,0.0145454406738281,-0.0115273660048842,0.026119377464056,0.0204081442207098,0.0268199909478426,-0.0228571202605962,-0.0150944143533706,-0.0789473578333854,0.0076045552268624,0.1142856776714325,-0.0401459485292434,-0.011396000161767,-0.0143884755671024,-0.0172910504043102,0.010909080505371,0.0029325485229492,0.0,-0.0087719215080142,0.026119377464056,0.0058996994048357,0.0113207437098026,-0.0146628124639391,0.0037878749426454,-0.0057515664957463,0.0116617958992719,-0.0028613122102711,0.0146198685213669,0.0115899594593242,0.0515151768766002,0.0058094508248403,-0.0721925106103448,-0.0173125852907246,-0.0987012718671357,-0.0144223263819853,0.0911949454817206,-0.0288736582643119,0.314393896890615,2019-02-06,2019-02-07,2019-02-08,2019-02-11,2019-02-12,2019-02-13,2019-02-14,2019-02-15,2019-02-19,2019-02-20,89973.0,2019-02-05,252.0,-0.2911%,0.0012,0.0905,-0.1094,0.0041,2.6830%,2.6856%,0.1904%,-0.003469,UTI,89973.0,2019-02-06,252.0,-0.5752%,0.0012,0.0774,-0.105,-0.0099,2.6829%,2.6848%,0.1443%,-0.005666,UTI,89973.0,2019-02-07,252.0,0.2907%,0.0013,0.0873,-0.1187,-0.0078,2.6805%,2.6829%,0.1806%,0.003428,UTI,89973.0,2019-02-08,252.0,1.4493%,0.0016,0.0838,-0.0799,0.003,2.6660%,2.6678%,0.1388%,0.01432,UTI,89973.0,2019-02-11,252.0,-1.4286%,0.0014,0.1152,-0.1308,-0.008,2.6624%,2.6660%,0.2730%,-0.013983,UTI,89973.0,2019-02-12,252.0,0.8696%,0.0012,0.0886,-0.0926,-0.0285,2.6434%,2.6456%,0.1709%,0.0070409999999999,UTI,89973.0,2019-02-13,252.0,0.8621%,0.0014,0.1079,-0.1224,-0.0321,2.6317%,2.6351%,0.2582%,0.008348,UTI,89973.0,2019-02-14,252.0,-1.1396%,0.0014,0.1117,-0.1286,-0.0268,2.6315%,2.6351%,0.2731%,-0.010819,UTI,89973.0,2019-02-15,252.0,0.5764%,0.0014,0.1162,-0.1241,-0.0189,2.6316%,2.6352%,0.2799%,0.004852,UTI,89973.0,2019-02-19,252.0,2.0057%,0.0015,0.1222,-0.1157,-0.01,2.6338%,2.6376%,0.2879%,0.0201529999999999,UTI,89973.0,2019-02-20,252.0,-4.4944%,0.0013,0.1076,-0.1562,-0.0641,2.6473%,2.6515%,0.3111%,-0.044966,UTI,-0.009135,-0.005707,0.0086129999999999,0.0016709999999999,-0.020761
35379,VALE S A,CORRECTION: Bank Of America Price Target On Vale Is $13; Initial headline suggested $12.15; this was incorrect,6,increase,0.7,0.5,the correction of the price target to a higher value ($13) from an initially suggested lower value ($12.15) is likely to positively influence investor sentiment and increase the stock price.,2,2019-02-05,VALE,2019-02-05 13:35:00+00:00,89330.0,91912E10,-0.003292178036645,29661770.0,-0.0619322881102562,-0.0334128960967063,-0.0167253147810697,0.0104501703754067,0.0196956377476453,-0.011914262548089,-0.0149253793060779,0.0966899544000625,0.0561497397720813,0.024999976158142,0.0126581955701112,-0.1800878494977951,0.011666695587337,-0.0807536914944648,0.0156507063657045,0.007457603700459,-0.0113544482737779,0.0207612589001655,0.0032813751604408,-0.0109513932839036,-0.0163532141596078,0.0096751479431986,0.039069015532732,0.0255138631910085,0.0040000150911509,0.0035561334807425,-0.0023904170375317,-0.0049539767205715,-0.002396220806986,0.001417466904968,-0.0008006588323041,-0.0201388876885175,-0.0072114747017621,-0.0075810207054018,0.002421285957098,0.032005675137043,0.0193236526101827,0.0166305489838123,-0.0134281264618039,-0.0135521059855818,0.0088070947676897,0.0927514061331749,-0.0007936689071357,-0.0475130155682563,0.0317712165415287,0.0212282557040453,0.0046189702115952,0.013056768104434,0.0176244862377643,0.0023095216602087,-0.0097891651093959,-0.0061208819970488,0.003802296007052,0.0373015329241752,0.0060606002807617,-0.023255756124854,0.0316265113651752,-0.0030911872163414,-0.0153284696862101,0.01649646833539,-0.0022238497622311,-0.0348749086260795,-0.0475483164191246,0.012279343791306,0.0031201220117509,0.0054012108594179,0.012441742233932,-0.006134963594377,-0.0268817488104105,0.0015360601246356,-0.0031570608261972,0.0007686570752412,0.0340459458529949,0.0116641195490956,0.0398161932826042,-0.0213090311735868,-0.0081001222133636,-0.0288247894495725,-0.0096510844305157,-0.0051471064798533,0.0097451359033584,-0.0340908765792846,-0.0059391180984675,0.0277372356504201,0.0321134701371192,0.0170749463140964,-0.0180897247046232,-0.0036982388701289,-0.0007368662627413,0.0488751046359539,-0.0117994686588645,0.010980418883264,-0.011940287426114,-0.0384615547955036,0.0030211452394723,-0.0759581997990608,0.0218373462557792,0.0199005473405122,-0.0221075341105461,-0.0441576465964317,0.003767839865759,-0.0167000666260719,-0.0195194650441408,0.0026791668497025,0.0084226382896304,0.02752928994596,-0.0463173612952232,-0.0047945650294423,0.0095541309565305,0.0096819046884775,0.011040961369872,-0.0095890639349818,-0.0031201220117509,-0.0375741384923458,0.0,-0.0097910976037383,-0.0312988758087158,0.0019620491657406,-0.0016155458288267,-0.0071428348310291,-0.0619322881102561,-0.0334128960967063,-0.0776217658775699,-0.023311896178246,-0.0594549383119817,-0.0349484146747736,-0.0214697992409367,0.0848214133483058,0.0099091583823536,-0.1683778283420475,0.1139554219514118,-0.0455616596938759,0.0206441004580157,-0.2110389653165398,2019-02-06,2019-02-07,2019-02-08,2019-02-11,2019-02-12,2019-02-13,2019-02-14,2019-02-15,2019-02-19,2019-02-20,89330.0,2019-02-05,252.0,-0.3292%,0.0004,1.1875,-0.2011,0.2423,2.4122%,2.7372%,22.3373%,-0.007189,VALE,89330.0,2019-02-06,252.0,-6.1932%,0.0,1.2581,-0.2227,0.3037,2.4283%,2.7642%,22.8255%,-0.0596089999999999,VALE,89330.0,2019-02-07,252.0,-1.6725%,-0.0001,1.2409,-0.1979,0.2993,2.4199%,2.7451%,22.2893%,-0.006599,VALE,89330.0,2019-02-08,252.0,1.9696%,0.0001,1.2368,-0.183,0.2915,2.4195%,2.7427%,22.1774%,0.0206429999999999,VALE,89330.0,2019-02-11,252.0,-1.4925%,-0.0001,1.2574,-0.2246,0.2798,2.4188%,2.7388%,21.9994%,-0.01622,VALE,89330.0,2019-02-12,252.0,5.6150%,-0.0,1.2632,-0.2031,0.2789,2.4262%,2.7472%,22.0044%,0.039469,VALE,89330.0,2019-02-13,252.0,1.2658%,0.0,1.2668,-0.2056,0.2806,2.4267%,2.7473%,21.9775%,0.008948,VALE,89330.0,2019-02-14,252.0,1.1667%,0.0,1.262,-0.1969,0.2724,2.4278%,2.7466%,21.8649%,0.0169239999999999,VALE,89330.0,2019-02-15,252.0,1.5651%,-0.0001,1.2332,-0.2227,0.2257,2.4175%,2.7264%,21.3732%,0.000474,VALE,89330.0,2019-02-19,252.0,-1.1354%,-0.0002,1.2318,-0.2331,0.2141,2.4189%,2.7267%,21.3019%,-0.013829,VALE,89330.0,2019-02-20,252.0,0.3281%,-0.0002,1.232,-0.2326,0.2146,2.4189%,2.7267%,21.3064%,0.000176,VALE,-0.066798,-0.0733969999999999,-0.0527539999999999,-0.0295049999999999,-0.016812
35387,VALE S A,"Bank of America Reinstates Neutral on Vale, Announces $13 Price Target",6,uncertain,0.6,0.3,"while a neutral rating suggests stability, the specific price target of $13 may not provide enough positive sentiment to significantly influence the stock price in either direction.",1,2019-02-05,VALE,2019-02-05 13:33:00+00:00,89330.0,91912E10,-0.003292178036645,29661770.0,-0.0619322881102562,-0.0334128960967063,-0.0167253147810697,0.0104501703754067,0.0196956377476453,-0.011914262548089,-0.0149253793060779,0.0966899544000625,0.0561497397720813,0.024999976158142,0.0126581955701112,-0.1800878494977951,0.011666695587337,-0.0807536914944648,0.0156507063657045,0.007457603700459,-0.0113544482737779,0.0207612589001655,0.0032813751604408,-0.0109513932839036,-0.0163532141596078,0.0096751479431986,0.039069015532732,0.0255138631910085,0.0040000150911509,0.0035561334807425,-0.0023904170375317,-0.0049539767205715,-0.002396220806986,0.001417466904968,-0.0008006588323041,-0.0201388876885175,-0.0072114747017621,-0.0075810207054018,0.002421285957098,0.032005675137043,0.0193236526101827,0.0166305489838123,-0.0134281264618039,-0.0135521059855818,0.0088070947676897,0.0927514061331749,-0.0007936689071357,-0.0475130155682563,0.0317712165415287,0.0212282557040453,0.0046189702115952,0.013056768104434,0.0176244862377643,0.0023095216602087,-0.0097891651093959,-0.0061208819970488,0.003802296007052,0.0373015329241752,0.0060606002807617,-0.023255756124854,0.0316265113651752,-0.0030911872163414,-0.0153284696862101,0.01649646833539,-0.0022238497622311,-0.0348749086260795,-0.0475483164191246,0.012279343791306,0.0031201220117509,0.0054012108594179,0.012441742233932,-0.006134963594377,-0.0268817488104105,0.0015360601246356,-0.0031570608261972,0.0007686570752412,0.0340459458529949,0.0116641195490956,0.0398161932826042,-0.0213090311735868,-0.0081001222133636,-0.0288247894495725,-0.0096510844305157,-0.0051471064798533,0.0097451359033584,-0.0340908765792846,-0.0059391180984675,0.0277372356504201,0.0321134701371192,0.0170749463140964,-0.0180897247046232,-0.0036982388701289,-0.0007368662627413,0.0488751046359539,-0.0117994686588645,0.010980418883264,-0.011940287426114,-0.0384615547955036,0.0030211452394723,-0.0759581997990608,0.0218373462557792,0.0199005473405122,-0.0221075341105461,-0.0441576465964317,0.003767839865759,-0.0167000666260719,-0.0195194650441408,0.0026791668497025,0.0084226382896304,0.02752928994596,-0.0463173612952232,-0.0047945650294423,0.0095541309565305,0.0096819046884775,0.011040961369872,-0.0095890639349818,-0.0031201220117509,-0.0375741384923458,0.0,-0.0097910976037383,-0.0312988758087158,0.0019620491657406,-0.0016155458288267,-0.0071428348310291,-0.0619322881102561,-0.0334128960967063,-0.0776217658775699,-0.023311896178246,-0.0594549383119817,-0.0349484146747736,-0.0214697992409367,0.0848214133483058,0.0099091583823536,-0.1683778283420475,0.1139554219514118,-0.0455616596938759,0.0206441004580157,-0.2110389653165398,2019-02-06,2019-02-07,2019-02-08,2019-02-11,2019-02-12,2019-02-13,2019-02-14,2019-02-15,2019-02-19,2019-02-20,89330.0,2019-02-05,252.0,-0.3292%,0.0004,1.1875,-0.2011,0.2423,2.4122%,2.7372%,22.3373%,-0.007189,VALE,89330.0,2019-02-06,252.0,-6.1932%,0.0,1.2581,-0.2227,0.3037,2.4283%,2.7642%,22.8255%,-0.0596089999999999,VALE,89330.0,2019-02-07,252.0,-1.6725%,-0.0001,1.2409,-0.1979,0.2993,2.4199%,2.7451%,22.2893%,-0.006599,VALE,89330.0,2019-02-08,252.0,1.9696%,0.0001,1.2368,-0.183,0.2915,2.4195%,2.7427%,22.1774%,0.0206429999999999,VALE,89330.0,2019-02-11,252.0,-1.4925%,-0.0001,1.2574,-0.2246,0.2798,2.4188%,2.7388%,21.9994%,-0.01622,VALE,89330.0,2019-02-12,252.0,5.6150%,-0.0,1.2632,-0.2031,0.2789,2.4262%,2.7472%,22.0044%,0.039469,VALE,89330.0,2019-02-13,252.0,1.2658%,0.0,1.2668,-0.2056,0.2806,2.4267%,2.7473%,21.9775%,0.008948,VALE,89330.0,2019-02-14,252.0,1.1667%,0.0,1.262,-0.1969,0.2724,2.4278%,2.7466%,21.8649%,0.0169239999999999,VALE,89330.0,2019-02-15,252.0,1.5651%,-0.0001,1.2332,-0.2227,0.2257,2.4175%,2.7264%,21.3732%,0.000474,VALE,89330.0,2019-02-19,252.0,-1.1354%,-0.0002,1.2318,-0.2331,0.2141,2.4189%,2.7267%,21.3019%,-0.013829,VALE,89330.0,2019-02-20,252.0,0.3281%,-0.0002,1.232,-0.2326,0.2146,2.4189%,2.7267%,21.3064%,0.000176,VALE,-0.066798,-0.0733969999999999,-0.0527539999999999,-0.0295049999999999,-0.016812
35395,VANGUARD SCOTTSDALE FUNDS,Get In The Middle With Corporate Bonds,6,uncertain,0.5,0.5,"the news about corporate bonds could attract investors seeking stability, but the overall impact on vanguard scottsdale funds's stock price is unclear without additional context on market conditions and fund performance.",1,2019-02-05,VCIT,2019-02-05 20:40:00+00:00,93142.0,92206C87,0.0022471295669674,1784046.0,-0.0002359764475841,-0.0007091072038747,0.000826247560326,-0.0036531591322273,0.0012973300181329,0.0057872389443218,-0.0014134598895907,0.0046274252235889,0.0008256628643721,0.002021140884608,-0.0016499633202329,0.0002378912322456,0.0017707652878016,-0.0003567095554899,0.0004713753878604,0.0023832768201828,0.0005888742161914,0.0026284495834261,-0.0001176516452687,0.0013758194399997,-0.0014127942267805,0.0008980594575405,0.0036547696217894,0.0001197860619868,-0.0002348953858017,0.0017996584065258,0.0017624429892748,0.0007203452987596,-0.0011728650424629,-0.0007198267267085,-0.0014091444900259,0.002887713490054,-0.0011524204164743,-0.0016816743882372,0.0015346151776611,0.0037376121617853,0.0,0.0008446928113698,0.0023574326187372,-0.0013256279053166,0.0019990378059446,-0.0021645056549459,0.0008214962435886,0.0022900137118995,0.0010553936008363,0.0013275478268042,0.0022255452349781,0.0031477257143706,-0.0007012337446212,0.0036451446358114,-0.0008187099010683,0.0030469223856925,0.0032775229774415,-0.0027952811215072,-0.0007000065525062,-0.0015130810206756,0.0003502484469208,0.0015747698489576,0.0058356677182018,-0.0014514953363686,0.0009283108520321,-0.0015701071824878,0.003941529430449,0.0025427620857954,0.0020785254891961,0.0007269787602126,0.0006913754041306,0.0002423541736789,0.0004606277798302,0.0021863270085304,0.0009208314004354,-0.0008495108340866,-0.001034916494973,0.0,-0.0037515896838158,0.0010934754973277,0.0008114965748973,0.0014599722344428,-0.0010425571817904,0.002072735922411,0.0008116848184727,-0.0004874593869317,0.0016220529796555,0.0024430272169411,-0.0010410218965262,-0.0007301638252101,0.0013895640149712,-0.0019434429705142,0.0041627311147749,0.0024352194741368,-0.0008060766849666,-0.0001217693716171,-0.001843909616582,-0.0006083836196921,-0.0001154847705038,0.0003651263250503,-0.0021939354483038,0.0004871031851507,0.0,-0.00060843891697,0.0008100878330878,-0.0017008795402944,-0.0005782036460004,0.001825631596148,0.0027767887804657,0.0004871031851507,0.0031153140589594,-0.0017019133083522,-0.0014953402569517,0.0004865107766818,0.0034558582119643,-0.0002431498432997,-0.0024107345379889,0.0013393475674092,0.0010356310522183,-0.0025503898505121,-0.0013598701916635,0.0019468974787741,-0.0016162478132173,0.0002433865884086,-0.0002359764475841,-0.0007091072038747,0.0005900761377777,-0.0043596758546444,0.0018881716793972,0.0014023326037868,0.0012980955475667,0.0080695880068812,0.0023602146605896,0.0144013232599553,0.0197784808334973,0.0290554895060286,0.029682194456011,0.0386052814018886,2019-02-06,2019-02-07,2019-02-08,2019-02-11,2019-02-12,2019-02-13,2019-02-14,2019-02-15,2019-02-19,2019-02-20,93142.0,2019-02-05,252.0,0.2247%,-0.0,-0.0318,-0.0183,-0.1047,0.1777%,0.1868%,9.4848%,0.0016569999999999,VCIT,93142.0,2019-02-06,252.0,-0.0236%,-0.0,-0.0286,-0.0193,-0.1015,0.1773%,0.1855%,8.5949%,-0.000335,VCIT,93142.0,2019-02-07,252.0,0.0826%,-0.0,-0.0268,-0.022,-0.101,0.1760%,0.1840%,8.5246%,0.0008309999999999,VCIT,93142.0,2019-02-08,252.0,0.1297%,0.0,-0.027,-0.0205,-0.1006,0.1757%,0.1837%,8.5597%,0.000535,VCIT,93142.0,2019-02-11,252.0,-0.1413%,0.0,-0.0308,-0.0183,-0.1015,0.1749%,0.1833%,8.9471%,-0.001109,VCIT,93142.0,2019-02-12,252.0,0.0826%,0.0,-0.0293,-0.0195,-0.1005,0.1747%,0.1829%,8.7198%,0.000975,VCIT,93142.0,2019-02-13,252.0,-0.1650%,0.0,-0.0293,-0.0203,-0.1011,0.1750%,0.1832%,8.7644%,-0.001586,VCIT,93142.0,2019-02-14,252.0,0.1771%,0.0,-0.0295,-0.0196,-0.1018,0.1751%,0.1835%,8.9117%,0.0011279999999999,VCIT,93142.0,2019-02-15,252.0,0.0471%,0.0,-0.0266,-0.0169,-0.0969,0.1745%,0.1821%,8.1650%,0.001242,VCIT,93142.0,2019-02-19,252.0,0.0589%,0.0,-0.027,-0.0156,-0.0954,0.1743%,0.1817%,8.0182%,0.000879,VCIT,93142.0,2019-02-20,252.0,-0.0118%,0.0,-0.0271,-0.0169,-0.0961,0.1737%,0.1813%,8.1803%,0.000393,VCIT,0.0013219999999999,0.0021529999999999,0.0026879999999999,0.0025539999999999,0.0046099999999999
35403,VIA RENEWABLES INC,Viacom shares are trading higher after the company reported Q1 EPS of $1.12 and sales of $3.09 billion; the company announced they continue to see full year 2019 revenue growth in the mid-single digits.,6,uncertain,0.4,0.2,"the news pertains to viacom's performance, which does not directly relate to via renewables inc., making the impact on its stock price unclear.",1,2019-02-05,VIA,2019-02-05 18:02:00+00:00,14830.0,92556D30,0.0047281277365982,71849.0,0.0176470130681991,0.0143884755671024,-0.0069363545626401,0.0048192725516855,-0.023282865062356,0.0146699119359254,0.0143027268350124,0.0,0.0117508135735988,-0.0012209127889946,0.0255517158657312,0.0224718283861875,0.022650035098195,-0.0012469112407416,0.0343300588428974,-0.0049627739936113,0.0342612080276012,-0.0110428472980856,0.0082815652713179,0.0086633283644914,0.0123203173279762,-0.0073710586875677,0.0081135826185345,-0.0103343511000275,0.0140845421701669,-0.021997557953,-0.0208333376795053,-0.0254924986511468,0.0141844321042299,0.0787500143051147,0.0161088462918996,-0.0099009806290268,0.0210210252553224,0.0012391858035698,-0.0323529355227947,-0.0182482451200485,-0.058763924986124,0.0405063517391681,-0.0139935538172721,0.0025380686856806,-0.0272925775498151,0.0409511141479015,-0.0033669734839349,0.0174731332808733,0.0529279559850692,0.0013459258479997,-0.020320912823081,0.0150272753089666,-0.0141921527683734,-0.0134770758450031,0.0166113600134849,0.0027026999741792,-0.0566449277102947,0.0027100243605673,0.0023095216602087,-0.0120481494814157,-0.0046082902699708,-0.0132100898772478,0.0034721912816166,-0.0194300021976232,0.0,-0.0153061682358384,0.0023067479487508,-0.0439023971557617,0.012658298946917,-0.0318772681057453,0.0113635715097188,-0.0023556542582809,-0.0067415134981274,-0.0070175928995013,0.0022623871918767,0.0070671872235834,0.0056433626450598,-0.0058548231609165,-0.0089786676689982,-0.0172611773014068,0.0373725853860378,-0.012500069104135,-0.0010917281033471,-0.0090089999139308,0.0338798277080059,-0.0295081436634063,0.0084566511213779,0.0066006011329591,-0.0115303620696067,-0.0054704803042113,-0.0159067418426275,0.0333979912102222,-0.0053879516199231,0.0157658047974109,-0.0065004839561879,0.0265896543860435,0.038167979568243,0.0236686170101165,-0.0220588259398937,-0.0151515286415815,0.0193339791148901,0.0324909128248691,-0.0231822244822979,0.0146521180868148,0.0129449712112546,0.0012224052334204,0.000532493519131,-0.0238663256168365,-0.0058542098850011,-0.0378874763846397,0.0074946139939129,-0.046002198010683,-0.0212539657950401,-0.0108341751620173,0.0325733087956905,0.0010845200158655,-0.0031546463724225,0.0032644926104694,-0.0021096523851156,-0.0316122435033321,-0.0158561971038579,0.1138496771454811,0.0171858053654432,0.092307724058628,0.0176470130681991,0.0143884755671024,0.0105882525659464,0.0192770901041492,-0.0129411373521486,0.0342297952542836,0.0129411342883285,0.0329670908704984,0.1458823225722503,0.0470297173779088,0.0385060087422834,0.0958549583514876,0.1343312658347717,0.106123737430775,2019-02-06,2019-02-07,2019-02-08,2019-02-11,2019-02-12,2019-02-13,2019-02-14,2019-02-15,2019-02-19,2019-02-20,14830.0,2019-02-05,252.0,0.4728%,0.0005,0.4507,0.0428,0.278,3.1575%,3.1917%,2.1304%,0.00448,SPKE,14830.0,2019-02-06,252.0,1.7647%,0.0003,0.5622,0.0066,0.3904,3.1308%,3.1807%,3.1110%,0.018348,SPKE,14830.0,2019-02-07,252.0,-0.6936%,0.0004,0.5729,-0.0055,0.3909,3.1291%,3.1806%,3.2137%,-0.003322,SPKE,14830.0,2019-02-08,252.0,-2.3283%,0.0002,0.5769,-0.0108,0.4044,3.1312%,3.1835%,3.2561%,-0.021198,SPKE,14830.0,2019-02-11,252.0,1.4303%,0.0003,0.5839,-0.0008,0.4135,3.1321%,3.1832%,3.1845%,0.012537,SPKE,14830.0,2019-02-12,252.0,1.1751%,0.0003,0.5852,0.0005,0.4139,3.1322%,3.1834%,3.1893%,0.004413,SPKE,14830.0,2019-02-13,252.0,2.5552%,0.0003,0.5801,0.0186,0.4227,3.1334%,3.1833%,3.1104%,0.023523,SPKE,14830.0,2019-02-14,252.0,2.2650%,0.0002,0.5701,0.0305,0.4163,3.1153%,3.1638%,3.0415%,0.0261229999999999,SPKE,14830.0,2019-02-15,252.0,3.4330%,0.0005,0.6278,0.0851,0.5137,3.1033%,3.1619%,3.6679%,0.025713,SPKE,14830.0,2019-02-19,252.0,3.4261%,0.0005,0.6278,0.1127,0.5448,3.1068%,3.1654%,3.6670%,0.031181,SPKE,14830.0,2019-02-20,252.0,0.8282%,0.0006,0.6303,0.1254,0.5554,3.1051%,3.1643%,3.7096%,0.003744,SPKE,0.022828,0.019506,-0.0016919999999999,0.015258,0.125542
35411,VIA RENEWABLES INC,"Viacom Inc. - Class A Common Stock Q1 EPS $1.12 Up From $1.03 YoY, Sales $3.09B Up From $3.073B YoY",6,uncertain,0.3,0.2,"the news pertains to viacom inc., not via renewables inc., making its impact on via renewables' stock price unclear.",1,2019-02-05,VIA,2019-02-05 12:05:00+00:00,14830.0,92556D30,0.0047281277365982,71849.0,0.0176470130681991,0.0143884755671024,-0.0069363545626401,0.0048192725516855,-0.023282865062356,0.0146699119359254,0.0143027268350124,0.0,0.0117508135735988,-0.0012209127889946,0.0255517158657312,0.0224718283861875,0.022650035098195,-0.0012469112407416,0.0343300588428974,-0.0049627739936113,0.0342612080276012,-0.0110428472980856,0.0082815652713179,0.0086633283644914,0.0123203173279762,-0.0073710586875677,0.0081135826185345,-0.0103343511000275,0.0140845421701669,-0.021997557953,-0.0208333376795053,-0.0254924986511468,0.0141844321042299,0.0787500143051147,0.0161088462918996,-0.0099009806290268,0.0210210252553224,0.0012391858035698,-0.0323529355227947,-0.0182482451200485,-0.058763924986124,0.0405063517391681,-0.0139935538172721,0.0025380686856806,-0.0272925775498151,0.0409511141479015,-0.0033669734839349,0.0174731332808733,0.0529279559850692,0.0013459258479997,-0.020320912823081,0.0150272753089666,-0.0141921527683734,-0.0134770758450031,0.0166113600134849,0.0027026999741792,-0.0566449277102947,0.0027100243605673,0.0023095216602087,-0.0120481494814157,-0.0046082902699708,-0.0132100898772478,0.0034721912816166,-0.0194300021976232,0.0,-0.0153061682358384,0.0023067479487508,-0.0439023971557617,0.012658298946917,-0.0318772681057453,0.0113635715097188,-0.0023556542582809,-0.0067415134981274,-0.0070175928995013,0.0022623871918767,0.0070671872235834,0.0056433626450598,-0.0058548231609165,-0.0089786676689982,-0.0172611773014068,0.0373725853860378,-0.012500069104135,-0.0010917281033471,-0.0090089999139308,0.0338798277080059,-0.0295081436634063,0.0084566511213779,0.0066006011329591,-0.0115303620696067,-0.0054704803042113,-0.0159067418426275,0.0333979912102222,-0.0053879516199231,0.0157658047974109,-0.0065004839561879,0.0265896543860435,0.038167979568243,0.0236686170101165,-0.0220588259398937,-0.0151515286415815,0.0193339791148901,0.0324909128248691,-0.0231822244822979,0.0146521180868148,0.0129449712112546,0.0012224052334204,0.000532493519131,-0.0238663256168365,-0.0058542098850011,-0.0378874763846397,0.0074946139939129,-0.046002198010683,-0.0212539657950401,-0.0108341751620173,0.0325733087956905,0.0010845200158655,-0.0031546463724225,0.0032644926104694,-0.0021096523851156,-0.0316122435033321,-0.0158561971038579,0.1138496771454811,0.0171858053654432,0.092307724058628,0.0176470130681991,0.0143884755671024,0.0105882525659464,0.0192770901041492,-0.0129411373521486,0.0342297952542836,0.0129411342883285,0.0329670908704984,0.1458823225722503,0.0470297173779088,0.0385060087422834,0.0958549583514876,0.1343312658347717,0.106123737430775,2019-02-06,2019-02-07,2019-02-08,2019-02-11,2019-02-12,2019-02-13,2019-02-14,2019-02-15,2019-02-19,2019-02-20,14830.0,2019-02-05,252.0,0.4728%,0.0005,0.4507,0.0428,0.278,3.1575%,3.1917%,2.1304%,0.00448,SPKE,14830.0,2019-02-06,252.0,1.7647%,0.0003,0.5622,0.0066,0.3904,3.1308%,3.1807%,3.1110%,0.018348,SPKE,14830.0,2019-02-07,252.0,-0.6936%,0.0004,0.5729,-0.0055,0.3909,3.1291%,3.1806%,3.2137%,-0.003322,SPKE,14830.0,2019-02-08,252.0,-2.3283%,0.0002,0.5769,-0.0108,0.4044,3.1312%,3.1835%,3.2561%,-0.021198,SPKE,14830.0,2019-02-11,252.0,1.4303%,0.0003,0.5839,-0.0008,0.4135,3.1321%,3.1832%,3.1845%,0.012537,SPKE,14830.0,2019-02-12,252.0,1.1751%,0.0003,0.5852,0.0005,0.4139,3.1322%,3.1834%,3.1893%,0.004413,SPKE,14830.0,2019-02-13,252.0,2.5552%,0.0003,0.5801,0.0186,0.4227,3.1334%,3.1833%,3.1104%,0.023523,SPKE,14830.0,2019-02-14,252.0,2.2650%,0.0002,0.5701,0.0305,0.4163,3.1153%,3.1638%,3.0415%,0.0261229999999999,SPKE,14830.0,2019-02-15,252.0,3.4330%,0.0005,0.6278,0.0851,0.5137,3.1033%,3.1619%,3.6679%,0.025713,SPKE,14830.0,2019-02-19,252.0,3.4261%,0.0005,0.6278,0.1127,0.5448,3.1068%,3.1654%,3.6670%,0.031181,SPKE,14830.0,2019-02-20,252.0,0.8282%,0.0006,0.6303,0.1254,0.5554,3.1051%,3.1643%,3.7096%,0.003744,SPKE,0.022828,0.019506,-0.0016919999999999,0.015258,0.125542
35419,CONTROLADORA VUELA COMP DE AVIA,"Volaris Reports January RPMs Up 12.1% YoY, ASMs Up 10.2% YoY, Total Passengers Up 13.6% YoY",6,increase,0.8,0.7,"the reported increases in rpms, asms, and total passengers indicate strong operational performance, which is likely to positively influence investor sentiment and drive the stock price up.",2,2019-02-05,VLRS,2019-02-05 11:40:00+00:00,14132.0,21240E10,0.0065104416571557,127371.0,0.0051746391691267,-0.0013004199136048,-0.0205920003354549,0.0267023090273141,0.0118265012279152,0.0080753630027174,-0.0220778714865446,-0.0132802631705999,-0.0278884507715702,0.0053405128419399,0.0232239887118339,-0.0066313249990344,0.0293725337833166,0.0066755930893123,0.0051880623213946,-0.0105680841952562,-0.0103225708007812,0.0188425760716199,0.0508475005626678,-0.0145888775587081,-0.0024814461357891,0.0107238506898284,0.0547263175249099,0.0026881694793701,0.037735927850008,0.04347825050354,0.01022728998214,0.0200286619365215,-0.0573678538203239,0.0130434306338429,0.0238663256168365,0.0132158817723393,-0.0023309446405619,0.0209894850850105,-0.0233645737171173,0.0454545393586158,0.0191388521343469,0.0175438802689313,0.0187793243676424,0.0699658393859863,-0.003456300124526,0.0635208487510681,0.0150289153680205,0.0318352207541465,0.0022779565770179,-0.001869112602435,0.0022726708557456,-0.0183486063033342,0.0294784847646951,0.0092592062428593,0.0143171930685639,0.0093458304181694,-0.0054289023391902,0.0018726127455011,-0.009825344197452,0.0075471624732017,-0.0066151563078165,-0.045045044273138,0.0055494108237326,0.0127737540751695,-0.0132451253011822,0.0129390340298414,-0.0469797700643539,0.0037105716764926,0.0070421905256807,-0.0477031767368316,-0.0069929449819028,-0.0455311946570873,-0.0070423022843897,-0.008361236192286,0.005910187959671,-0.0049917153082787,0.0011751150013878,0.0,0.0140844928100705,-0.0399360992014408,0.0162036325782537,0.0080515602603554,0.0193621963262558,0.0,0.0089385388419032,0.0016129402210935,-0.0044296747073531,-0.0282132141292095,0.0011123724980279,0.0047244424931705,-0.0155555941164493,0.0275081042200326,0.012415419332683,0.0317195430397987,0.0022295990493148,-0.0244299843907356,-0.0144605245441198,-0.0096774101257324,0.0056433626450598,0.0333333015441894,-0.0101010277867317,0.0309278052300214,0.0,-0.0051281596533954,0.0079365819692611,-0.0362438634037971,-0.0022497700992971,-0.0177992973476648,-0.0022547354456037,-0.0236966982483863,0.0,-0.004717013798654,-0.0169492159038782,0.0159744247794151,0.0333333313465118,-0.044274803251028,0.0022247449960559,0.0380349047482013,0.0177580285817384,-0.0395738556981086,0.0229007676243782,-0.0281065162271261,-0.0031982657965272,-0.0160115957260131,0.0051746391691267,-0.0013004199136048,-0.0155239173378347,0.025367164899311,-0.0038810097373774,0.0336473769669403,-0.0530400841862996,0.0253671650630273,0.0426908654750901,0.0185676211044973,0.1720569718140647,0.401459810085248,0.2095731390808211,0.1179039185426005,2019-02-06,2019-02-07,2019-02-08,2019-02-11,2019-02-12,2019-02-13,2019-02-14,2019-02-15,2019-02-19,2019-02-20,14132.0,2019-02-05,252.0,0.6510%,0.0001,0.7083,0.3536,0.0576,3.1392%,3.2399%,6.1181%,0.004035,VLRS,14132.0,2019-02-06,252.0,0.5175%,0.0002,0.6904,0.3593,0.0409,3.1388%,3.2319%,5.6822%,0.0066279999999999,VLRS,14132.0,2019-02-07,252.0,-2.0592%,0.0002,0.6984,0.3552,0.0381,3.1397%,3.2346%,5.7838%,-0.013963,VLRS,14132.0,2019-02-08,252.0,1.1827%,0.0002,0.6967,0.3443,0.024,3.1399%,3.2350%,5.7922%,0.011183,VLRS,14132.0,2019-02-11,252.0,-2.2078%,0.0001,0.6777,0.3276,0.005,3.1433%,3.2312%,5.3664%,-0.0254809999999999,VLRS,14132.0,2019-02-12,252.0,-2.7888%,0.0001,0.6744,0.3046,0.0074,3.1472%,3.2335%,5.2651%,-0.037263,VLRS,14132.0,2019-02-13,252.0,2.3224%,0.0001,0.6662,0.3269,0.0164,3.1461%,3.2303%,5.1455%,0.021048,VLRS,14132.0,2019-02-14,252.0,2.9373%,0.0001,0.659,0.3424,0.0001,3.1512%,3.2351%,5.1215%,0.029067,VLRS,14132.0,2019-02-15,252.0,0.5188%,0.0,0.6339,0.3194,-0.0412,3.1463%,3.2262%,4.8911%,-0.003215,VLRS,14132.0,2019-02-19,252.0,-1.0323%,-0.0001,0.6254,0.3202,-0.0397,3.1450%,3.2226%,4.7596%,-0.01243,VLRS,14132.0,2019-02-20,252.0,5.0848%,0.0,0.6378,0.3422,0.0032,3.1591%,3.2373%,4.7686%,0.049073,VLRS,0.0106629999999999,-0.0033,0.0078829999999999,-0.054861,0.0286819999999999
35427,VANDA PHARMACEUTICALS INC,Vanda Pharmaceuticals Files Complaint Against FDA For Requiring Studies In  Animals Without Legal Authority,6,uncertain,0.6,0.3,"the outcome of the complaint against the fda could lead to either positive or negative implications for vanda pharmaceuticals, making the stock price reaction uncertain.",1,2019-02-05,VNDA,2019-02-05 22:08:00+00:00,91186.0,92165910,-0.0094861574470996,817913.0,-0.1995211541652679,-0.0343512035906314,-0.0533399656414985,-0.0342793390154838,-0.0021063196472823,-0.0379433184862136,-0.0501319654285907,-0.0115667693316936,0.0227777697145938,-0.0128027312457561,0.0005431954632513,-0.0302013307809829,0.0922910273075103,0.0322133153676986,0.0492047592997551,0.0024306112900376,-0.0459498427808284,-0.0409590899944305,0.010923596099019,-0.032850194722414,-0.0162082463502883,0.00746267195791,0.0384422615170478,0.0215445682406425,-0.0076923007145524,0.0300443544983863,-0.023255793377757,0.0438346937298774,0.0228175092488527,-0.0270457938313484,-0.018428761512041,-0.0017306762747466,-0.0009881649166345,0.0172535125166177,-0.0187932327389717,-0.0210272520780563,-0.0045362981036305,0.0108013749122619,-0.0303797665983438,0.0342342630028724,-0.0208877082914114,0.066897340118885,-0.0090666711330413,-0.0373797267675399,0.0215285047888755,0.0340605191886425,-0.0057955062948167,0.0183164197951555,0.0100688189268112,0.0015612414572387,-0.0220356807112693,-0.0127167599275708,-0.0187767427414655,0.0912531539797782,-0.0038273152895271,-0.009166638366878,0.0071350755169987,-0.0163934268057346,-0.024523202329874,-0.0093381870537996,0.0301676504313945,-0.0179426148533821,-0.0460954643785953,-0.0267753396183252,0.0096645867452025,-0.0179115589708089,0.0225225016474723,0.0034416883718222,0.0104625849053263,-0.0161775890737772,0.0234332587569952,-0.0213549304753541,-0.0202343482524156,-0.0526683032512664,-0.0021738591603934,0.0387681052088737,-0.0103486124426126,-0.0618626661598682,0.0071546044200658,0.0165860243141651,0.0163935050368309,-0.0803939923644065,0.013440859504044,0.2567890584468842,-0.0228116866201162,0.0166464373469352,-0.0266015082597732,0.0241164211183786,-0.0016732116928324,0.031303584575653,-0.0195530951023101,-0.0271172150969505,0.0068376548588275,-0.0196319613605737,-0.0147142177447676,0.0157873313874006,0.0005743957008235,0.0143278613686561,-0.0447761602699756,0.0055084391497075,0.000600975297857,-0.0117252422496676,0.0084084868431091,0.0020981635898351,0.0309707280248403,0.0662192180752754,-0.0283073242753744,-0.0097474223002791,-0.0118905389681458,-0.0022104836534708,0.0324909128248691,-0.0499789454042911,0.0017482917755842,0.014919027686119,-0.0523559972643852,0.1471881717443466,-0.0178023874759674,0.0169070176780223,-0.0131250023841857,-0.0049479701556265,-0.1995211541652679,-0.0343512035906314,-0.2422186682988389,-0.0674530060526421,-0.2438147980061449,-0.1028369336473479,-0.2653631196377136,-0.1245674920065081,-0.1875498393168184,-0.1851851924939401,-0.2857142878807712,0.0272026055972636,-0.3699122020776989,0.2518555234630981,2019-02-06,2019-02-07,2019-02-08,2019-02-11,2019-02-12,2019-02-13,2019-02-14,2019-02-15,2019-02-19,2019-02-20,91186.0,2019-02-05,252.0,-0.9486%,0.0018,1.0175,0.8013,-0.7123,2.9566%,3.3024%,19.8459%,-0.017672,VNDA,91186.0,2019-02-06,252.0,-19.9521%,0.001,1.0098,0.8073,-0.7469,3.2095%,3.5288%,17.2756%,-0.1968039999999999,VNDA,91186.0,2019-02-07,252.0,-5.3340%,0.0009,1.0235,0.8075,-0.7564,3.2197%,3.5454%,17.5257%,-0.040086,VNDA,91186.0,2019-02-08,252.0,-0.2106%,0.0008,1.0254,0.8036,-0.7512,3.2200%,3.5453%,17.5075%,-0.008751,VNDA,91186.0,2019-02-11,252.0,-5.0132%,0.0005,1.0225,0.7305,-0.7924,3.2389%,3.5551%,17.0009%,-0.055243,VNDA,91186.0,2019-02-12,252.0,2.2778%,0.0005,1.0189,0.74,-0.7959,3.2382%,3.5555%,17.0498%,0.007279,VNDA,91186.0,2019-02-13,252.0,0.0543%,0.0006,1.0253,0.7279,-0.7987,3.2369%,3.5554%,17.1166%,-0.002296,VNDA,91186.0,2019-02-14,252.0,9.2291%,0.0008,1.0047,0.774,-0.848,3.2804%,3.6002%,16.9749%,0.0859259999999999,VNDA,91186.0,2019-02-15,252.0,4.9205%,0.0011,1.0424,0.8121,-0.7812,3.2881%,3.6126%,17.1597%,0.039888,VNDA,91186.0,2019-02-19,252.0,-4.5950%,0.0007,1.017,0.8035,-0.7887,3.2880%,3.6020%,16.6738%,-0.048042,VNDA,91186.0,2019-02-20,252.0,1.0924%,0.0007,1.0191,0.8043,-0.7822,3.2882%,3.6019%,16.6591%,0.0114609999999999,VNDA,-0.2144759999999999,-0.2545619999999999,-0.2633129999999999,-0.3112769999999999,-0.2243399999999999
35435,VIPER ENERGY PARTNERS LP,"Viper Energy Partners Q4 EPS $0.10 Misses $0.32 Estimate, Sales $73.665M Miss $81.95M Estimate",6,decrease,0.8,0.7,the significant misses in both eps and sales estimates are likely to negatively impact investor sentiment and lead to a decrease in stock price.,0,2019-02-05,VNOM,2019-02-05 21:39:00+00:00,15139.0,92763M10,-0.0388106927275657,549745.0,0.063822828233242,-0.0229357797652483,0.006428004708141,0.0312204882502555,-0.0255474485456943,0.0235635749995708,0.0121722649782896,0.029235852882266,0.0434782542288303,0.0252043511718511,0.0130023229867219,-0.0177316423505544,0.0204200930893421,0.0317569933831691,0.0205831639468669,0.0108164502307772,0.0233020670711994,-0.0440293438732624,0.0111080687493085,-0.0199411772191524,-0.0211480483412742,0.0306603722274303,-0.0070145903155207,0.0061017051339149,-0.0113025633618235,0.0282328147441148,-0.0328665748238563,0.0134228570386767,-0.0366430766880512,0.0042567905038595,0.0095092449337244,-0.0440827161073684,0.0118504827842116,-0.0150300851091742,-0.0021020930726081,0.0475857444107532,0.0060186809860169,-0.0079833231866359,-0.0077775092795491,0.0522279180586338,0.0018089049262925,0.0546995438635349,-0.0027084005996584,-0.0306199248880147,0.0199155062437057,0.0284178089350462,0.0065089119598269,0.0211765058338642,-0.0029395145829766,0.0294711161404848,-0.0041273408569395,-0.0380582362413406,-0.0041444464586675,0.122004322707653,0.0059453258290886,-0.0745967179536819,-0.01034274417907,-0.0189873985946178,0.0005970929050818,-0.0616184026002883,0.014324183575809,0.0124013498425483,-0.0406002067029476,-0.0323636159300804,0.0036798198707401,-0.0299823768436908,0.0201649814844131,-0.048338383436203,-0.0128781162202358,-0.0299576092511415,-0.0160800609737634,0.0385525673627853,0.0225100070238113,0.0489534996449947,0.0180940441787242,-0.0049417363479733,0.0068128961138427,0.0508160553872585,-0.0247131548821926,-0.0625869631767273,-0.0120664108544588,-0.0625814869999885,0.0366412438452243,0.0216450076550245,-0.0079528847709298,0.0107708387076854,-0.0160332806408405,0.0348310694098472,-0.0012070282828062,-0.0079475278034806,-0.0078549347817897,-0.0169836953282356,0.0353227704763412,0.0054644756019115,-0.0029411315917968,-0.0307844560593366,-0.0050148074515163,0.0137583846226334,-0.0231247786432504,-0.0554675124585628,-0.0006069941446185,-0.0018981769680976,0.0400850176811218,0.0554257035255432,0.0020437866915017,-0.0115511054173111,-0.0061188545078039,0.0116860922425985,0.0172969847917556,-0.0218811258673667,0.0034581823274493,-0.0368040278553962,-0.0137851675972342,-0.0490577146410942,-0.020966837182641,-0.0196021441370248,-0.0544318296015262,0.0220978204160928,0.0,0.0092178871855139,0.063822828233242,-0.0229357797652483,0.0706610863817533,0.0075686422423359,0.0433084273675383,0.0313105615110289,0.1019212319433719,0.0882152614611759,0.2027900351342288,0.0444589917417417,0.1069896245966113,0.185968822415147,0.0501701817930189,-0.0334724302666548,2019-02-06,2019-02-07,2019-02-08,2019-02-11,2019-02-12,2019-02-13,2019-02-14,2019-02-15,2019-02-19,2019-02-20,15139.0,2019-02-05,252.0,-3.8811%,0.0016,1.226,0.7736,0.657,2.5371%,2.8516%,20.8400%,-0.039848,VNOM,15139.0,2019-02-06,252.0,6.3823%,0.0018,1.2568,0.7626,0.6962,2.5661%,2.8733%,20.2382%,0.066037,VNOM,15139.0,2019-02-07,252.0,0.6428%,0.002,1.2711,0.738,0.7024,2.5601%,2.8718%,20.5277%,0.016292,VNOM,15139.0,2019-02-08,252.0,-2.5547%,0.002,1.2746,0.7692,0.7374,2.5586%,2.8719%,20.6303%,-0.0223139999999999,VNOM,15139.0,2019-02-11,252.0,1.2172%,0.002,1.3049,0.7423,0.7387,2.5544%,2.8712%,20.8551%,0.003515,VNOM,15139.0,2019-02-12,252.0,4.3478%,0.0021,1.3304,0.7279,0.7543,2.5555%,2.8827%,21.4139%,0.0267379999999999,VNOM,15139.0,2019-02-13,252.0,1.3002%,0.0021,1.3266,0.7368,0.7574,2.5550%,2.8799%,21.2945%,0.008212,VNOM,15139.0,2019-02-14,252.0,2.0420%,0.0023,1.3223,0.7489,0.7428,2.5575%,2.8817%,21.2347%,0.0236669999999999,VNOM,15139.0,2019-02-15,252.0,2.0583%,0.0023,1.3333,0.7586,0.7605,2.5558%,2.8832%,21.4249%,0.000104,VNOM,15139.0,2019-02-19,252.0,2.3302%,0.0024,1.3372,0.7657,0.7681,2.5572%,2.8859%,21.4844%,0.016187,VNOM,15139.0,2019-02-20,252.0,1.1108%,0.0024,1.3372,0.7658,0.7682,2.5572%,2.8863%,21.5051%,0.002558,VNOM,0.0261889999999999,0.042481,0.020167,0.05042,0.101148
35443,VOYA FINANCIAL INC,Voya Financial Q4 EPS $1.32 Beats $1.23 Estimate,6,increase,0.8,0.6,"beating earnings estimates typically signals strong financial performance, which can positively influence investor sentiment and lead to an increase in stock price.",2,2019-02-05,VOYA,2019-02-05 22:01:00+00:00,13904.0,92908910,-0.001067756791599,1584138.0,0.0421120412647724,-0.0027682550717145,-0.0112820360809564,0.0114150065928697,-0.0114107728004455,0.0062852390110492,0.0077649299055337,-0.0004332854878157,0.0181174278259277,-0.0051724496297538,0.0030681432690471,-0.0072742863558232,-0.0095840375870466,0.0250000711530447,0.0207947734743356,0.0101904980838298,0.0018151741242036,0.0062416135333478,0.010267810896039,-0.0108048040419817,-0.0029892690945416,0.019788559526205,-0.001599000999704,0.0033845109865069,0.0004004095681011,0.0245030373334884,-0.0050030015408992,0.0128775285556912,0.0108607960864901,0.0061248131096363,0.0063681532628834,0.0071174195036292,0.0021752147004008,0.0014255493879318,0.0029597776010632,0.0091105513274669,0.0011803571833297,0.0131163699552416,-0.0218117628246545,0.0039014839567244,-0.0136601105332374,0.0374399088323116,-0.0089612761512398,-0.0124906320124864,0.0098643554374575,-0.0027404238935559,0.0065120002254843,0.0156882312148809,0.0010109024588018,-0.0005058284732513,0.009695079177618,0.0117707028985023,0.020804101601243,0.0545062161982059,0.0054870191961526,-0.0135746160522103,-0.0111089395359158,-0.0321998968720436,-0.0094600580632686,-0.0112073011696338,0.0017906915163621,-0.0211917795240879,-0.0403177514672279,-0.0076694106683135,-0.0051738410256803,-0.0208333488553762,0.0257957503199577,-0.0227273404598236,0.0085175046697258,-0.0009460052242502,0.0038206039462238,0.0192863848060369,0.0008013003971427,-0.0161290392279624,0.0250200163573026,-0.0165616776794195,-0.0089826025068759,-0.0144827831536531,0.005320206284523,-0.0091116521507501,0.0139160929247736,-0.0379136428236961,0.0115987295284867,0.015127926133573,0.0040129767730832,0.0062682474963366,-0.0121811833232641,-0.0101905455812811,0.0167629849165678,0.0221920181065797,0.0066325273364782,-0.0100874416530132,0.0240964349359273,0.0243398714810609,-0.00238972553052,-0.0072942716069519,0.0186106190085411,0.0199953652918338,-0.0119392164051532,-0.0096707800403237,0.0007323492318391,-0.0236060973256826,-0.0060372855514287,-0.0194003768265247,0.0112276235595345,0.0064344555139541,-0.0172915365546941,-0.0098857814446091,0.0035191446077078,0.0217733159661293,0.0064599202014505,-0.0236686784774065,0.006785306148231,-0.0180761814117431,-0.0001821882615331,0.0049740383401513,-0.0078338552266359,0.0282410588115453,0.0014690016396343,0.0073925140313804,0.0421120412647724,-0.0027682550717145,0.030354895614824,0.0086151518712609,0.0185977499971365,0.0149545391709375,0.0451047582459922,0.0092672475306574,0.0726806660819272,0.0326351359977497,0.0746045647461677,0.1928172155712084,0.1661149205401488,0.0492940398161603,2019-02-06,2019-02-07,2019-02-08,2019-02-11,2019-02-12,2019-02-13,2019-02-14,2019-02-15,2019-02-19,2019-02-20,13904.0,2019-02-05,252.0,-0.1068%,0.0001,1.3638,0.1905,0.9572,0.9894%,1.7176%,66.8182%,-0.00116,VOYA,13904.0,2019-02-06,252.0,4.2112%,0.0002,1.3812,0.1841,0.9804,1.0253%,1.7122%,64.1458%,0.044361,VOYA,13904.0,2019-02-07,252.0,-1.1282%,0.0003,1.389,0.1751,0.9809,1.0223%,1.7130%,64.3836%,-0.002121,VOYA,13904.0,2019-02-08,252.0,-1.1411%,0.0003,1.3898,0.1866,0.9918,1.0207%,1.7126%,64.4773%,-0.0060799999999999,VOYA,13904.0,2019-02-11,252.0,0.7765%,0.0003,1.3964,0.183,0.9933,1.0203%,1.6949%,63.7605%,0.002206,VOYA,13904.0,2019-02-12,252.0,1.8117%,0.0003,1.4063,0.1707,1.0005,1.0150%,1.6985%,64.2884%,0.000678,VOYA,13904.0,2019-02-13,252.0,0.3068%,0.0003,1.4018,0.1773,1.0012,1.0135%,1.6916%,64.1003%,-0.001772,VOYA,13904.0,2019-02-14,252.0,-0.9584%,0.0003,1.4026,0.1763,1.0019,1.0134%,1.6927%,64.1580%,-0.0018549999999999,VOYA,13904.0,2019-02-15,252.0,2.0795%,0.0001,1.3696,0.1465,0.9482,0.9821%,1.6459%,64.3955%,-0.000404,VOYA,13904.0,2019-02-19,252.0,0.1815%,0.0002,1.376,0.1337,0.9332,0.9715%,1.6440%,65.0816%,-0.004157,VOYA,13904.0,2019-02-20,252.0,1.0268%,0.0002,1.3766,0.1356,0.9356,0.9715%,1.6453%,65.1297%,0.002127,VOYA,0.0432009999999999,0.04108,0.0349999999999999,0.0378839999999999,0.0318229999999999
35451,VERTEX PHARMACEUTICALS INC,"Vertex Pharmaceuticals Q4 EPS $1.30 Beats $1.06 Estimate, Sales $868M Beat $819.6M Estimate",6,increase,0.8,0.7,"the company's earnings per share and sales both exceeded analyst estimates, which typically signals strong performance and can lead to a positive reaction in the stock price.",2,2019-02-05,VRTX,2019-02-05 21:23:00+00:00,76744.0,92532F10,-0.0051068807952106,1643480.0,-0.0247567351907491,-0.0184837542474269,-0.0121169295161962,0.0031952259596437,0.0064380271360278,0.0206361971795558,0.0010477690957486,0.0035947964061051,0.0136616304516792,-0.0090913474559783,0.0067387940362095,-0.0074406526982784,0.0025371185038238,0.015650114044547,0.0126534895971417,-0.0174311306327581,-0.0064338101074099,-0.0205797683447599,0.0052445451728999,-0.00421156687662,-0.0254471823573112,0.0219399146735668,0.0147492457181215,0.0234757475554943,0.0030685148667544,-0.0028390765655785,0.0139000499621033,0.0150616550818085,0.0047109858132898,-0.0225871596485376,-0.0055845188908278,0.0114497924223542,0.018066244199872,0.0204607546329498,-0.0110325263813138,0.0230652708560228,-0.0117869414389133,0.0133067741990089,-0.035623013973236,0.0182397756725549,-0.0138037651777267,0.0547853261232376,-0.0075584016740322,-0.0021331429015845,0.0183911193162202,-0.009836490266025,0.0113560995087027,0.0265766847878694,0.0169249940663576,-0.0058508156798779,0.0024237688630819,0.0032748319208621,0.0106388460844755,0.0653676018118858,-0.0032431315630674,-0.0293290503323078,-0.0305099282413721,-0.029758233577013,-0.0097931269556283,0.0166393499821424,0.0143349366262555,-0.0291867423802614,-0.005641974043101,-0.0164891704916954,0.0127802975475788,-0.0228742770850658,0.0329616405069828,-0.019374931231141,-0.0215364973992109,-0.0115702413022518,-0.0182973258197307,0.0128153394907712,0.0083872312679886,-0.0031649386510252,0.0114161791279912,0.0091167297214269,0.0056973798200488,-0.0412003435194492,0.0041686641052365,0.0094419606029987,-0.0199052933603525,-0.0363931842148304,0.0257399175316095,0.0213507432490587,0.0002117279218509,0.0074672410264611,-0.0032816128805279,0.0059983856044709,0.0109393959864974,0.0166999604552984,-0.0275778751820325,0.0480884313583374,-0.0126404296606779,0.0437059327960014,-0.0015865701716393,0.0008736311574466,-0.0150693180039525,0.0030671351123601,-0.0710470899939537,-0.0081331888213753,0.0071270433254539,-0.0244684945791959,0.0021408218890428,-0.0093597983941435,0.0406479388475418,0.0126989688724279,-0.015909181907773,-0.0336445048451423,0.0117626534774899,-0.0146948713809251,-0.0100795747712254,-0.0426474474370479,-0.0019091803114861,0.001608834718354,-0.0205194093286991,-0.019686808809638,0.021422715857625,0.0493637472391128,-0.0177289266139268,0.003665727796033,-0.0247567351907491,-0.0184837542474269,-0.0365736890915879,-0.0153475880591863,-0.0303711243583965,0.0049718932669495,-0.0160945863190625,-0.0005848300803856,0.0043845157832818,-0.0345146440766657,-0.0376430748358309,0.1847976234298902,-0.0934659909542547,0.076693969410325,2019-02-06,2019-02-07,2019-02-08,2019-02-11,2019-02-12,2019-02-13,2019-02-14,2019-02-15,2019-02-19,2019-02-20,76744.0,2019-02-05,252.0,-0.5107%,0.0004,1.1589,-0.1366,-0.533,1.5888%,2.1552%,45.6576%,-0.013523,VRTX,76744.0,2019-02-06,252.0,-2.4757%,0.0004,1.121,-0.1241,-0.5733,1.5881%,2.1188%,43.8174%,-0.021948,VRTX,76744.0,2019-02-07,252.0,-1.2117%,0.0003,1.1176,-0.1197,-0.5739,1.5877%,2.1141%,43.5969%,0.000283,VRTX,76744.0,2019-02-08,252.0,0.6438%,0.0004,1.117,-0.1045,-0.5666,1.5841%,2.1092%,43.5953%,0.001432,VRTX,76744.0,2019-02-11,252.0,0.1048%,0.0003,1.1415,-0.1265,-0.5656,1.5796%,2.1023%,43.5436%,0.001377,VRTX,76744.0,2019-02-12,252.0,1.3662%,0.0004,1.1438,-0.1318,-0.5635,1.5792%,2.1032%,43.6257%,-0.002899,VRTX,76744.0,2019-02-13,252.0,0.6739%,0.0005,1.1556,-0.1503,-0.5659,1.5717%,2.1031%,44.1505%,0.00391,VRTX,76744.0,2019-02-14,252.0,0.2537%,0.0004,1.1546,-0.1496,-0.5657,1.5708%,2.1015%,44.1306%,0.002363,VRTX,76744.0,2019-02-15,252.0,1.2653%,0.0004,1.1516,-0.152,-0.5703,1.5705%,2.0992%,44.0326%,0.002596,VRTX,76744.0,2019-02-19,252.0,-0.6434%,0.0004,1.1485,-0.154,-0.5723,1.5707%,2.0949%,43.7822%,-0.00657,VRTX,76744.0,2019-02-20,252.0,0.5245%,0.0004,1.1503,-0.1498,-0.566,1.5712%,2.0951%,43.7570%,0.006449,VRTX,-0.035471,-0.035188,-0.033756,-0.035278,-0.0265299999999999
35459,VISHAY INTERTECHNOLOGY INC,"Vishay International shares are trading higher after the company reported Q4 EPS of $0.58, beating the $0.51 estimate and sales of $775.9 million, beating the $763.04 million estimate.",6,increase,0.8,0.7,"the company reported better-than-expected earnings and sales, which typically leads to positive investor sentiment and an increase in stock price.",2,2019-02-05,VSH,2019-02-05 17:37:00+00:00,57808.0,92829810,0.1003566607832909,3467360.0,0.0083333477377891,0.0192107446491718,-0.0022957366891205,-0.0123076802119612,0.0004602038243319,0.0077519179321825,-0.002299872925505,0.0243515614420175,0.0133701702579855,-0.0120293637737631,-0.0040946383960545,-0.023991797119379,-0.002284113317728,0.0381557643413543,0.0297618862241506,0.0607082545757293,-0.0248999316245317,-0.0203743912279605,0.0136798555031418,-0.0411827154457569,0.000449852872407,0.0177323967218399,0.0161870773881673,-0.0137784956023097,0.0030973316170275,0.0233188886195421,-0.0101455468684434,-0.0032432144507765,-0.0200535096228122,-0.0128068178892135,-0.0031832512468099,0.0048257457092404,0.0027372019831091,0.0471645258367061,-0.0090991295874118,0.0206302981823682,-0.0211203396320343,0.0086706085130572,-0.0281426068395376,0.012880521826446,-0.0304053667932748,0.0258258450776338,-0.0084619252011179,-0.0603837333619594,0.0356425233185291,-0.0161022152751684,-0.0082404306158423,0.0078343246132135,0.0021994621492922,-0.0033463169820606,-0.0293829757720232,0.0090039307251572,0.0216952729970216,0.055225670337677,-0.0108641637489199,-0.0288350638002157,-0.0014977876562625,-0.0393351316452026,-0.0090000154450535,0.0140449441969394,0.0191726069897413,-0.032082661986351,-0.0613862201571464,0.0115511044859886,-0.011603339575231,-0.0157010834664106,0.008004249073565,-0.0562085025012493,-0.0280571095645427,-0.0302279777824878,0.0027232698630541,0.0306435339152813,0.0032590692862868,0.0082389209419488,0.0330265648663044,-0.0035915698390454,0.0120544834062457,-0.0361028462648391,0.0248576626181602,0.0056958287023007,0.0171803049743175,-0.0503292419016361,0.0109290229156613,0.0196642614901065,0.0063881650567054,0.0200587008148431,-0.0249023549258709,0.0029441302176564,0.0175263099372386,0.0456644110381603,-0.0118110124021768,0.007235110271722,0.0109561411663889,-0.0036045156884938,-0.0068965218961238,0.0104058673605322,0.0109126642346382,0.0142479436472058,0.0,-0.0052492637187242,0.0044161020778119,-0.0225757081061601,-0.0346848629415035,0.0087991757318377,-0.006072917021811,0.02114162966609,0.0096741616725921,0.0243638753890991,-0.0242057256400585,0.0181918367743492,0.0067183026112616,-0.0517511665821075,0.0020534351933747,-0.0128998970612883,0.0148565061390399,-0.0102145439013838,-0.0131246959790587,0.0150336436927318,0.0005115206586197,0.0046875076368451,0.0083333477377891,0.0192107446491718,0.0060184798765237,0.006666624735435,0.0064814534283115,0.0144702217954513,0.0175925533821039,0.0266735517889997,0.0291666267718806,0.0364307613769441,-0.0785878834047459,0.1028089909554057,-0.0906750352592656,0.0266936572504319,2019-02-06,2019-02-07,2019-02-08,2019-02-11,2019-02-12,2019-02-13,2019-02-14,2019-02-15,2019-02-19,2019-02-20,57808.0,2019-02-05,252.0,10.0357%,0.0,1.2706,1.0545,0.0385,1.9715%,2.4890%,37.2609%,0.096265,VSH,57808.0,2019-02-06,252.0,0.8333%,0.0001,1.2513,1.0606,0.0209,1.9714%,2.4659%,36.0838%,0.011107,VSH,57808.0,2019-02-07,252.0,-0.2296%,0.0005,1.3034,0.9895,0.0316,1.8801%,2.4152%,39.4065%,0.010539,VSH,57808.0,2019-02-08,252.0,0.0460%,0.0006,1.303,1.012,0.0448,1.8739%,2.4105%,39.5684%,-0.001089,VSH,57808.0,2019-02-11,252.0,-0.2300%,0.0006,1.2859,1.0124,0.0361,1.8739%,2.3890%,38.4750%,-0.011006,VSH,57808.0,2019-02-12,252.0,1.3370%,0.0008,1.3037,0.9861,0.0498,1.8613%,2.3858%,39.1343%,-0.00436,VSH,57808.0,2019-02-13,252.0,-0.4095%,0.0008,1.3087,0.9739,0.0454,1.8601%,2.3860%,39.2221%,-0.008471,VSH,57808.0,2019-02-14,252.0,-0.2284%,0.0008,1.3103,0.9713,0.0477,1.8601%,2.3861%,39.2295%,-0.004437,VSH,57808.0,2019-02-15,252.0,2.9762%,0.001,1.3469,1.0054,0.1088,1.8479%,2.3915%,40.2956%,0.012199,VSH,57808.0,2019-02-19,252.0,-2.4900%,0.0008,1.3397,0.9868,0.0884,1.8586%,2.3951%,39.7819%,-0.030801,VSH,57808.0,2019-02-20,252.0,1.3680%,0.0009,1.3415,0.9892,0.0943,1.8591%,2.3960%,39.7938%,0.008377,VSH,0.107372,0.117911,0.116822,0.101456,0.078323
35467,VISHAY INTERTECHNOLOGY INC,"Vishay Intertechnology Q4 EPS $0.58 Beats $0.51 Estimate, Sales $775.9M Beat $763.04M Estimate",6,increase,0.8,0.6,"the company reported better-than-expected earnings and sales, which typically leads to positive investor sentiment and an increase in stock price.",2,2019-02-05,VSH,2019-02-05 12:30:00+00:00,57808.0,92829810,0.1003566607832909,3467360.0,0.0083333477377891,0.0192107446491718,-0.0022957366891205,-0.0123076802119612,0.0004602038243319,0.0077519179321825,-0.002299872925505,0.0243515614420175,0.0133701702579855,-0.0120293637737631,-0.0040946383960545,-0.023991797119379,-0.002284113317728,0.0381557643413543,0.0297618862241506,0.0607082545757293,-0.0248999316245317,-0.0203743912279605,0.0136798555031418,-0.0411827154457569,0.000449852872407,0.0177323967218399,0.0161870773881673,-0.0137784956023097,0.0030973316170275,0.0233188886195421,-0.0101455468684434,-0.0032432144507765,-0.0200535096228122,-0.0128068178892135,-0.0031832512468099,0.0048257457092404,0.0027372019831091,0.0471645258367061,-0.0090991295874118,0.0206302981823682,-0.0211203396320343,0.0086706085130572,-0.0281426068395376,0.012880521826446,-0.0304053667932748,0.0258258450776338,-0.0084619252011179,-0.0603837333619594,0.0356425233185291,-0.0161022152751684,-0.0082404306158423,0.0078343246132135,0.0021994621492922,-0.0033463169820606,-0.0293829757720232,0.0090039307251572,0.0216952729970216,0.055225670337677,-0.0108641637489199,-0.0288350638002157,-0.0014977876562625,-0.0393351316452026,-0.0090000154450535,0.0140449441969394,0.0191726069897413,-0.032082661986351,-0.0613862201571464,0.0115511044859886,-0.011603339575231,-0.0157010834664106,0.008004249073565,-0.0562085025012493,-0.0280571095645427,-0.0302279777824878,0.0027232698630541,0.0306435339152813,0.0032590692862868,0.0082389209419488,0.0330265648663044,-0.0035915698390454,0.0120544834062457,-0.0361028462648391,0.0248576626181602,0.0056958287023007,0.0171803049743175,-0.0503292419016361,0.0109290229156613,0.0196642614901065,0.0063881650567054,0.0200587008148431,-0.0249023549258709,0.0029441302176564,0.0175263099372386,0.0456644110381603,-0.0118110124021768,0.007235110271722,0.0109561411663889,-0.0036045156884938,-0.0068965218961238,0.0104058673605322,0.0109126642346382,0.0142479436472058,0.0,-0.0052492637187242,0.0044161020778119,-0.0225757081061601,-0.0346848629415035,0.0087991757318377,-0.006072917021811,0.02114162966609,0.0096741616725921,0.0243638753890991,-0.0242057256400585,0.0181918367743492,0.0067183026112616,-0.0517511665821075,0.0020534351933747,-0.0128998970612883,0.0148565061390399,-0.0102145439013838,-0.0131246959790587,0.0150336436927318,0.0005115206586197,0.0046875076368451,0.0083333477377891,0.0192107446491718,0.0060184798765237,0.006666624735435,0.0064814534283115,0.0144702217954513,0.0175925533821039,0.0266735517889997,0.0291666267718806,0.0364307613769441,-0.0785878834047459,0.1028089909554057,-0.0906750352592656,0.0266936572504319,2019-02-06,2019-02-07,2019-02-08,2019-02-11,2019-02-12,2019-02-13,2019-02-14,2019-02-15,2019-02-19,2019-02-20,57808.0,2019-02-05,252.0,10.0357%,0.0,1.2706,1.0545,0.0385,1.9715%,2.4890%,37.2609%,0.096265,VSH,57808.0,2019-02-06,252.0,0.8333%,0.0001,1.2513,1.0606,0.0209,1.9714%,2.4659%,36.0838%,0.011107,VSH,57808.0,2019-02-07,252.0,-0.2296%,0.0005,1.3034,0.9895,0.0316,1.8801%,2.4152%,39.4065%,0.010539,VSH,57808.0,2019-02-08,252.0,0.0460%,0.0006,1.303,1.012,0.0448,1.8739%,2.4105%,39.5684%,-0.001089,VSH,57808.0,2019-02-11,252.0,-0.2300%,0.0006,1.2859,1.0124,0.0361,1.8739%,2.3890%,38.4750%,-0.011006,VSH,57808.0,2019-02-12,252.0,1.3370%,0.0008,1.3037,0.9861,0.0498,1.8613%,2.3858%,39.1343%,-0.00436,VSH,57808.0,2019-02-13,252.0,-0.4095%,0.0008,1.3087,0.9739,0.0454,1.8601%,2.3860%,39.2221%,-0.008471,VSH,57808.0,2019-02-14,252.0,-0.2284%,0.0008,1.3103,0.9713,0.0477,1.8601%,2.3861%,39.2295%,-0.004437,VSH,57808.0,2019-02-15,252.0,2.9762%,0.001,1.3469,1.0054,0.1088,1.8479%,2.3915%,40.2956%,0.012199,VSH,57808.0,2019-02-19,252.0,-2.4900%,0.0008,1.3397,0.9868,0.0884,1.8586%,2.3951%,39.7819%,-0.030801,VSH,57808.0,2019-02-20,252.0,1.3680%,0.0009,1.3415,0.9892,0.0943,1.8591%,2.3960%,39.7938%,0.008377,VSH,0.107372,0.117911,0.116822,0.101456,0.078323
35475,WASTE CONNECTIONS INC NEW,"KeyBanc Initiates Coverage On Waste Connections with Overweight Rating, Announces $94 Price Target",6,increase,0.8,0.7,"the initiation of coverage with an overweight rating and a price target above the current market price typically signals positive sentiment, likely leading to an increase in stock price.",2,2019-02-05,WCN,2019-02-05 12:21:00+00:00,92949.0,94106B10,0.0099199451506137,945476.0,-0.0043787308968603,-0.0087667983025312,-0.0042790994048118,0.0101724043488502,-0.0007162177353166,0.0094225509092211,-0.0004778511065524,0.0217230580747127,0.0152981812134385,0.0047122677788138,-0.012124765664339,-0.0041986163705587,-0.0347950235009193,0.0089708594605326,0.0224691312760114,-0.0013686774764209,-0.0042260140180587,0.0016202004626393,0.0116405850276351,-0.0023623330052942,-0.003475978737697,0.017714811488986,0.0033677986357361,0.0085502574220299,-0.0061135762371122,-0.0074730380438268,-0.0020504859276115,0.0166107807308435,0.0132946399971842,0.0027115135453641,-0.0033396328799426,0.0029784475918859,0.0037169971037656,0.0140512101352214,0.0082427719607949,0.0080752000212669,-0.0020141962449997,0.0113803511485457,0.0018995135324075,0.0090516861528158,0.0047399164177477,0.0098225586116313,-0.0002359272621106,-0.0054273256100714,0.0089654615148901,-0.0074074487201869,-0.0047935931943356,0.0065067559480667,0.0009397814865224,-0.0021642588544636,-0.0044600619003176,0.0135727701708674,-0.0040084454230964,0.0294989980757236,0.0050899656489491,-0.0222191642969846,-0.002826586831361,-0.0262062158435583,-0.0033069420605897,-0.0116881029680371,0.0094798328354954,0.0010637127561494,0.0017606983892619,-0.0011952717322856,0.0117178354412317,-0.0209335647523403,0.0177207142114639,-0.0085083926096558,0.0040969680994749,0.0002578548446763,0.0056670065969228,0.0044036260806024,-0.0015778994420543,0.0073059042915701,-0.0106106204912066,-0.0029916199855506,-0.0039931372739374,-0.0132204638794064,0.0108819808810949,0.0,-0.0069121881388127,-0.003835768206045,0.0025102831423282,-0.0034404213074594,-0.0011381569784134,0.002298854291439,-0.000569770403672,-0.0076045431196689,0.0076387887820601,0.0272100511938333,-0.010635832324624,-0.0018193554133176,0.006518751848489,0.0123667251318693,0.0118168490007519,0.0021094747353345,-0.0038181240670382,0.0101212169975042,-0.0056363432668149,-0.0206078235059976,0.0038544833660125,-0.00208256742917,0.0028232636395841,-0.0023373626172542,0.0050675328820943,0.0146245136857032,-0.0001120687520597,-0.0123617043718695,0.0208426788449287,0.001825047424063,0.007464328315109,-0.0032484408002346,0.0049030790105462,0.0104821724817156,0.0058548548258841,0.0,-0.0090546123683452,0.0138151030987501,0.0034809061326086,0.0033320006914436,-0.0043787308968603,-0.0087667983025312,-0.0086390932768976,0.0013164266291407,-0.0093491235403921,0.0107513816352933,0.0053254075610509,0.0375743891960944,-0.0126627214796508,0.0402834485269842,0.0006141826819339,0.1113029215756875,0.0938103921264388,0.1174723397895438,2019-02-06,2019-02-07,2019-02-08,2019-02-11,2019-02-12,2019-02-13,2019-02-14,2019-02-15,2019-02-19,2019-02-20,92949.0,2019-02-05,252.0,0.9920%,0.0007,0.6267,-0.1376,-0.0614,0.7619%,1.0501%,47.3625%,0.0066869999999999,WCN,92949.0,2019-02-06,252.0,-0.4379%,0.0008,0.6,-0.129,-0.0883,0.7554%,1.0174%,44.8669%,-0.003071,WCN,92949.0,2019-02-07,252.0,-0.4279%,0.0008,0.6008,-0.1302,-0.088,0.7554%,1.0163%,44.7548%,0.001378,WCN,92949.0,2019-02-08,252.0,-0.0716%,0.0008,0.6012,-0.1265,-0.084,0.7553%,1.0155%,44.6847%,-0.001899,WCN,92949.0,2019-02-11,252.0,-0.0478%,0.0008,0.5892,-0.1167,-0.085,0.7531%,0.9945%,42.6555%,-0.000391,WCN,92949.0,2019-02-12,252.0,1.5298%,0.0008,0.5876,-0.1101,-0.0869,0.7523%,0.9930%,42.6009%,0.007064,WCN,92949.0,2019-02-13,252.0,-1.2125%,0.0007,0.5823,-0.1071,-0.0899,0.7567%,0.9918%,41.7912%,-0.013743,WCN,92949.0,2019-02-14,252.0,-3.4795%,0.0006,0.5899,-0.126,-0.0685,0.7856%,1.0155%,40.1595%,-0.033637,WCN,92949.0,2019-02-15,252.0,2.2469%,0.0006,0.597,-0.1179,-0.0547,0.7914%,1.0218%,40.0108%,0.016347,WCN,92949.0,2019-02-19,252.0,-0.4226%,0.0006,0.6003,-0.1274,-0.0657,0.7873%,1.0215%,40.6049%,-0.004954,WCN,92949.0,2019-02-20,252.0,1.1641%,0.0006,0.6006,-0.1389,-0.0679,0.7704%,1.0093%,41.7336%,0.011042,WCN,0.0036159999999999,0.0049939999999999,0.0030949999999999,0.0097679999999999,-0.0151769999999999
35483,WASTE MANAGEMENT INC DEL,KeyBanc Initiates Coverage On Waste Management with Overweight Rating,6,increase,0.8,0.6,"initiating coverage with an overweight rating typically signals positive sentiment from analysts, which can lead to increased investor interest and a potential rise in stock price.",2,2019-02-05,WM,2019-02-05 12:19:00+00:00,11955.0,94106L10,0.0126041574403643,2099404.0,-0.0056578069925308,0.0055514695122838,0.0023794302251189,-0.0020904876291751,0.0054701082408428,0.0076890215277671,-0.0005131946527399,0.0018995387945324,0.0131457196548581,0.0027513452805578,-0.0009123564814217,-0.0042149792425334,0.0028408968355506,0.0051901051774621,0.0022258318495005,-0.005268148612231,0.0002019409730564,0.0003162564244121,0.0010092699667438,0.0043399599380791,0.0014115687226876,0.0123232053592801,0.0041281078010797,0.0066882716491818,-0.0043116444721817,-0.0115163344889879,0.0013091363944113,0.0071957702748477,0.0081464098766446,-0.0057661603204905,0.0100758392363786,0.0049361418932676,-0.0024691359139978,0.0143681252375245,-0.0075247734785079,-0.0050898161716759,-0.0052872984670102,0.0141679653897881,0.0010028930846601,0.0024221206549555,0.0040326560847461,0.0265596564859151,-0.0075225681066513,-0.0027051155921071,0.00909551884979,-0.00303401122801,0.0066099516116082,0.0118249114602804,0.0056710741482675,-0.0017026279820129,0.000791470403783,0.0133424894884228,-0.0018782367696985,0.038709744811058,0.0042586936615407,-0.048971764743328,-0.0013806645292788,0.0006822647992521,-0.0045427521690726,0.0003412054211366,0.0114086689427495,-0.0142393121495842,-0.000490391626954,0.0015721435192972,0.0027477799449115,-0.0229317136108875,0.0128204887732863,-0.0026263720355927,-0.0052179042249917,0.005391108803451,0.0046624904498457,-0.0063408967107534,0.0046408521011471,0.0021913507953286,0.0010585407726466,0.0006577958702109,-0.0001922384544741,-0.0177686996757984,0.0001922754163388,0.0025912099517881,-0.0194193106144666,-0.0049419752322137,0.0019607543945312,-0.0071466471999883,-0.001076326938346,0.0111087011173367,-0.0044078454375267,0.004040552303195,0.0126918628811836,0.015315543860197,-0.0229282099753618,-0.0003280706296209,0.0121308667585253,0.006605087313801,0.024265656247735,-0.0029634975362569,0.0017264559864997,-0.0037178387865424,0.0067981528118252,-0.0129520185291767,0.0059914146549999,0.0003238909412175,-0.0002835959603544,0.006958027370274,0.0044444561935961,0.0106581822037696,-0.0010355922859162,0.0025336346589028,-0.0055603049695491,-0.0008804955868981,0.002843091962859,0.004421860910952,0.0059534800238907,0.0063410801813006,0.0083607276901602,0.0051436773501336,-0.0120178246870636,0.0182169917970895,0.0011314956936985,0.0005696406005881,-0.0056578069925308,0.0055514695122838,-0.0032918391243776,0.0034493766047694,0.0021602624001433,0.011164920463508,0.0148133160842027,0.015873015927559,0.0202654174749972,0.0161956041319104,0.0422606563748026,0.0919017532244055,0.0977858008901273,0.0991279449542839,2019-02-06,2019-02-07,2019-02-08,2019-02-11,2019-02-12,2019-02-13,2019-02-14,2019-02-15,2019-02-19,2019-02-20,11955.0,2019-02-05,252.0,1.2604%,0.0006,0.6214,-0.4366,0.0116,0.8914%,1.1558%,40.5241%,0.009598,WM,11955.0,2019-02-06,252.0,-0.5658%,0.0006,0.574,-0.4213,-0.0358,0.8736%,1.1013%,37.0787%,-0.004443,WM,11955.0,2019-02-07,252.0,0.2379%,0.0007,0.5793,-0.4309,-0.0331,0.8712%,1.1013%,37.4195%,0.0072099999999999,WM,11955.0,2019-02-08,252.0,0.5470%,0.0007,0.5787,-0.4345,-0.0382,0.8714%,1.1017%,37.4307%,0.004836,WM,11955.0,2019-02-11,252.0,-0.0513%,0.0008,0.5686,-0.4238,-0.0377,0.8700%,1.0821%,35.3548%,0.001532,WM,11955.0,2019-02-12,252.0,1.3146%,0.0008,0.5701,-0.4225,-0.0371,0.8704%,1.0824%,35.3284%,0.005334,WM,11955.0,2019-02-13,252.0,-0.0912%,0.0008,0.5719,-0.4267,-0.0386,0.8701%,1.0820%,35.3283%,-0.002329,WM,11955.0,2019-02-14,252.0,0.2841%,0.0008,0.5706,-0.4239,-0.0416,0.8707%,1.0820%,35.2397%,0.005937,WM,11955.0,2019-02-15,252.0,0.2226%,0.0007,0.5563,-0.4372,-0.0655,0.8663%,1.0735%,34.8769%,-0.003063,WM,11955.0,2019-02-19,252.0,0.0202%,0.0007,0.5535,-0.4335,-0.0611,0.8645%,1.0685%,34.5324%,0.0005099999999999,WM,11955.0,2019-02-20,252.0,0.1009%,0.0006,0.5523,-0.4425,-0.067,0.8599%,1.0655%,34.8733%,0.001147,WM,0.005155,0.012365,0.017201,0.0240669999999999,0.0262689999999999
35491,WESTPORT FUEL SYSTEMS INC,Lake Street Downgrades Westport Fuel Systems to Hold,6,decrease,0.8,0.6,"a downgrade typically signals reduced expectations for a company's performance, which can lead to a decline in stock price.",0,2019-02-05,WPRT,2019-02-05 13:49:00+00:00,92776.0,96090850,-0.0833333432674408,2831421.0,0.0495867282152175,-0.1372548490762711,-0.0472440496087074,0.0065789413638412,0.0413222722709178,0.0133333206176757,0.0317460000514984,0.0204081442207098,0.0384615957736969,-0.0199999809265136,-0.0148148005828261,-0.0322580337524414,0.0225563682615757,0.0064935004338622,-0.0073529342189431,-0.0128205008804798,0.0444444008171558,-0.0429448187351226,0.0354610458016395,-0.0355029925704002,-0.0342466235160827,0.0562500208616256,0.056737620383501,-0.0062111741863191,-0.0536913052201271,0.110344797372818,-0.014184383675456,-0.1317364722490311,0.0143884755671024,-0.0118343783542513,-0.0425531528890132,0.0304878484457731,0.0148148005828261,-0.0238095019012689,-0.0036496315151453,0.0434782207012176,-0.0402930900454521,-0.1055555269122124,-0.038167905062437,0.1688311696052551,0.0396825037896633,0.0620689056813716,-0.0076335808262228,-0.0333333015441894,0.076923094689846,0.1278195083141327,-0.0142857013270258,-0.0291970521211624,0.1086956337094307,0.0,-0.0653594955801963,-0.048611145466566,0.0489510856568813,0.133858323097229,-0.0066666603088378,-0.0230769012123346,0.0067114029079675,-0.051094926893711,-0.0399999618530273,0.0300751589238643,0.0416666269302368,-0.1133333072066307,-0.0066666603088378,-0.0853658467531204,0.0067114029079675,-0.0352941527962684,0.0,-0.0659340694546699,0.0133333206176757,-0.052083283662796,0.0921052545309066,0.0158730000257492,-0.0662650689482688,0.0161290168762207,0.0322581119835376,-0.0210526119917631,-0.0062499940395355,-0.0355330221354961,0.0503144152462482,-0.0199004784226417,0.0538922362029552,-0.056338082998991,0.0,0.0142858149483799,0.03409094363451,-0.0232559014111757,-0.0549450665712356,0.023809615522623,0.0406976342201232,0.0144927399232983,0.0837989374995231,0.0097560882568359,-0.0257732328027486,-0.0048543643206357,-0.0264550019055604,-0.0236966609954834,0.0,0.0242718216031789,-0.0054347771219909,-0.0550459250807762,-0.0491803437471389,-0.0311110820621252,-0.0201149228960275,0.0227272510528564,0.0498533248901367,-0.0350876860320568,0.0,-0.0338982753455638,-0.0279329344630241,-0.0288066547363996,0.0229884833097457,-0.0081632575020194,-0.0112359449267387,-0.1218637675046921,-0.0113636255264282,0.0568181239068508,-0.0057471208274364,0.0476190969347953,-0.0231213644146919,-0.038167905062437,0.0495867282152175,-0.137254849076271,7.587770411987548e-10,-0.1315788993164054,0.0413222730610494,-0.1199999623498361,0.1157024627239782,-0.119999961646684,0.2066115625980629,-0.2189349024596176,0.1900826397467812,-0.0075187867579079,0.3966942025656603,-0.4961831662410717,2019-02-06,2019-02-07,2019-02-08,2019-02-11,2019-02-12,2019-02-13,2019-02-14,2019-02-15,2019-02-19,2019-02-20,92776.0,2019-02-05,252.0,-8.3333%,-0.002,1.7228,2.3848,1.3784,3.9925%,4.4805%,20.5991%,-0.080999,WPRT,92776.0,2019-02-06,252.0,4.9587%,-0.0021,1.8442,2.3447,1.5057,3.9796%,4.4917%,21.5006%,0.05255,WPRT,92776.0,2019-02-07,252.0,-4.7244%,-0.0023,1.8372,2.367,1.4958,3.9811%,4.4929%,21.4874%,-0.033017,WPRT,92776.0,2019-02-08,252.0,4.1322%,-0.002,1.8279,2.3736,1.4609,3.9919%,4.5008%,21.3367%,0.048707,WPRT,92776.0,2019-02-11,252.0,3.1746%,-0.0021,1.8633,2.3563,1.4701,3.9893%,4.5048%,21.5779%,0.010061,WPRT,92776.0,2019-02-12,252.0,3.8462%,-0.002,1.8751,2.3537,1.4766,3.9906%,4.5117%,21.7640%,0.015049,WPRT,92776.0,2019-02-13,252.0,-1.4815%,-0.0022,1.8629,2.366,1.4738,3.9907%,4.5084%,21.6443%,-0.022611,WPRT,92776.0,2019-02-14,252.0,2.2556%,-0.0021,1.8561,2.3789,1.4614,3.9926%,4.5094%,21.6057%,0.0226129999999999,WPRT,92776.0,2019-02-15,252.0,-0.7353%,-0.0023,1.829,2.3504,1.4118,4.0002%,4.5014%,21.0320%,-0.041388,WPRT,92776.0,2019-02-19,252.0,4.4444%,-0.0024,1.8165,2.3968,1.4652,3.9868%,4.4891%,21.1247%,0.0298179999999999,WPRT,92776.0,2019-02-20,252.0,3.5461%,-0.0019,1.8312,2.4709,1.5284,3.9439%,4.4647%,21.9710%,0.0185779999999999,WPRT,-0.028449,-0.061466,-0.012759,0.012351,0.0193609999999999
35499,SELECT SECTOR SPDR TRUST,"'Senate Panel To Consider Nomination Of Fannie, Freddie Overseer Next Week ' -Dow Jones, Citing Sources",6,uncertain,0.5,0.2,"the news about the senate panel considering the nomination of an overseer for fannie mae and freddie mac may have mixed implications for the financial sector, leading to uncertainty in the stock price of select sector spdr trust.",1,2019-02-05,XLF,2019-02-05 17:59:00+00:00,86455.0,81369Y60,-0.0026758292224258,39095274.0,-0.0011498921085149,0.004222672432661,-0.0099769849330186,0.0042405049316585,-0.0050387275405228,-0.001539607765153,0.00311647541821,0.0058071860112249,0.0147572485730052,-0.0034722280688583,0.0026789745315909,-0.0030769200529903,-0.0122138010337948,0.0081426547840237,0.0212519764900207,0.0023319616448134,0.0015133941778913,0.0011672676773741,0.0064223678782582,-0.0115384319797158,-0.0052552325651049,0.0172144193202257,-0.0015094685368239,0.0055074505507946,0.0041572414338588,0.0212937202304601,-0.0030109116341918,0.0089176855981349,0.0037750238552689,0.0069387787953019,-0.0026325571816414,0.002454969799146,0.0064102592878043,0.0004093421448487,-0.0063694296404719,0.0049362750723958,-0.003770753275603,0.0008233243715949,-0.0064345221035182,0.0012366317678242,-0.0102857314050197,0.0332197919487953,-0.0003849202767014,-0.0224813036620616,0.0103966295719146,0.0083963377401232,0.0022865650244057,0.0097498744726181,0.0068441182374954,-0.0004237385001033,0.0037764494773,0.0120068909600377,0.0069472244940698,0.0452711917459964,0.0101389586925506,-0.0210619326680898,-0.0078066573478281,-0.0198740046471357,-0.0206070113927125,-0.0088945776224136,-0.0030604409985244,-0.0125470198690891,-0.0276285242289304,-0.0037500064354389,-0.0043409871868789,-0.0099009806290268,0.0118906516581773,-0.009803912602365,-0.0043086800724267,-0.0072992825880646,0.0086545757949352,0.0057095997035503,0.0027300973888486,-0.0096930442377924,0.0245041269809007,-0.0139386849477887,-0.0007593188202008,-0.0191406160593032,0.0030395109206438,-0.0138674387708306,0.0060606002807617,-0.0434782728552818,0.0015060586156323,0.0063033029437065,0.001127773663029,0.0052180169150233,-0.0082613341510295,-0.0084996139630675,0.0030291527509689,0.019209049642086,0.0060400092042982,0.0007538088830187,0.0183864831924438,0.0203846413642168,-0.0062638199888169,-0.0080121746286749,0.0140897696837782,0.0007635948713868,0.0025594038888812,-0.0220313724130392,-0.0029175756499171,-0.0003732821496669,-0.0029261128511279,0.0011211019009351,0.0062362463213503,0.0147895095869898,-0.0010937181068584,-0.0134679647162556,0.001824859296903,0.0056433263234794,0.0091074677184224,-0.0199115369468927,0.010108258575201,-0.0091340877115726,0.0014296253211796,0.0029314737766981,-0.0082084061577916,0.0129918474704027,0.0010794810950756,0.0052239289507269,-0.0011498921085149,0.004222672432661,-0.0111154045852923,0.008481083627595,-0.0160981246306072,0.006928418320232,0.0015331161641529,0.0092592502499584,0.0210808439702392,0.0061538400376508,0.0069827320621664,0.1150520877772511,0.0717008390616593,-0.0176723432521673,2019-02-06,2019-02-07,2019-02-08,2019-02-11,2019-02-12,2019-02-13,2019-02-14,2019-02-15,2019-02-19,2019-02-20,86455.0,2019-02-05,252.0,-0.2676%,-0.0,1.1406,-0.146,0.8982,0.3678%,1.2526%,91.3772%,-0.002429,XLF,86455.0,2019-02-06,252.0,-0.1150%,-0.0,1.1437,-0.147,0.9015,0.3676%,1.2119%,90.7976%,0.000616,XLF,86455.0,2019-02-07,252.0,-0.9977%,-0.0,1.1445,-0.1467,0.9007,0.3682%,1.2079%,90.7093%,-0.0031469999999999,XLF,86455.0,2019-02-08,252.0,-0.5039%,-0.0,1.1446,-0.1503,0.8987,0.3673%,1.2083%,90.7569%,0.000119,XLF,86455.0,2019-02-11,252.0,0.3116%,-0.0,1.1376,-0.1431,0.8989,0.3657%,1.1764%,90.3362%,0.000339,XLF,86455.0,2019-02-12,252.0,1.4757%,-0.0,1.1371,-0.142,0.8984,0.3656%,1.1738%,90.2985%,0.000743,XLF,86455.0,2019-02-13,252.0,0.2679%,-0.0,1.1367,-0.1417,0.8982,0.3657%,1.1705%,90.2408%,-0.001149,XLF,86455.0,2019-02-14,252.0,-1.2214%,-0.0001,1.1374,-0.144,0.901,0.3660%,1.1726%,90.2579%,-0.00398,XLF,86455.0,2019-02-15,252.0,2.1252%,-0.0,1.1383,-0.1428,0.903,0.3667%,1.1707%,90.1877%,0.004334,XLF,86455.0,2019-02-19,252.0,0.1513%,-0.0,1.1385,-0.1458,0.8995,0.3668%,1.1701%,90.1753%,-0.003044,XLF,86455.0,2019-02-20,252.0,0.6422%,-0.0,1.1386,-0.1444,0.9003,0.3664%,1.1709%,90.2073%,-0.0004669999999999,XLF,-0.001813,-0.00496,-0.004841,-0.0037589999999999,-0.008065
35507,XENCOR INC,"Xencor Will Develop, Commercialize Novel IL-15 Immune Activating Cytokines With Genentech, Will Receive $120M Upfront Payment, Up To $180M In Development Milestones",6,increase,0.8,0.7,"the substantial upfront payment and potential for significant development milestones indicate strong partnership value and future revenue potential, likely boosting investor confidence in xencor's stock.",2,2019-02-05,XNCR,2019-02-05 13:06:00+00:00,14359.0,98401F10,0.0027443000581115,193592.0,0.0295565947890281,-0.0111261839047074,-0.0499733462929725,0.0207756236195564,0.0083939349278807,0.1036380156874657,-0.0066593140363693,0.0030664971563965,0.0142458695918321,0.0021511891391128,-0.015422785654664,-0.0130421686917543,-0.0190209876745939,0.0271028913557529,0.0396349988877773,-0.0055762180127203,-0.0104223052039742,-0.0179495029151439,-0.0654102116823196,-0.0228894315659999,-0.043594341725111,-0.0249275546520948,-0.0192248318344354,-0.0020248682703822,0.0177046936005353,0.0023194553796201,-0.0475302524864673,-0.0054786223918199,0.0264187697321176,-0.0764314010739326,-0.0359071865677833,-0.0094961915165185,0.0346077531576156,-0.0026308465749025,-0.0079643195495009,0.0,-0.0234425030648708,-0.002100336831063,-0.0299243628978729,0.0412793383002281,-0.0135593088343739,0.0493402518332004,0.0013745363103225,-0.0259849205613136,0.0161290746182203,-0.0102322716265916,-0.0016886573284864,0.0414746142923831,-0.0094722183421254,0.0057937647216022,-0.0488388054072856,0.014101043343544,0.0764811187982559,0.0509416982531547,0.0146764693781733,-0.0021564909256994,-0.0049309539608657,-0.0130738923326134,0.0677237957715988,0.0,-0.0068069687113165,-0.0383041314780712,-0.0672896578907966,-0.03061218932271,0.0297260973602533,-0.0232558194547891,0.0230295490473508,-0.0474683381617069,0.0155357597395777,-0.0070699257776141,0.0106150535866618,0.0175859276205301,-0.0404695570468902,0.000266479793936,0.0444301106035709,-0.0018621892668306,-0.0003082096809521,-0.0228749942034483,0.0144927911460399,-0.0238517802208662,-0.0212766174226999,-0.0627823919057846,0.0478261150419712,0.0009521760512143,-0.0231180358678102,0.0125330593436956,-0.0488470494747161,0.0094891292974352,0.008612454868853,0.0524967797100544,-0.0205566566437482,0.0023100655525922,0.0041976450011134,0.047311782836914,0.0482314489781856,-0.0287205874919891,-0.0177913513034582,0.0194303840398788,-0.029981292784214,-0.0182911101728677,0.0096587622538208,-0.0389251448214054,0.0194514896720647,0.0220739375799894,0.0200188085436821,0.0470303706824779,-0.0239190645515918,-0.0276979710906744,-0.0216776803135871,0.0393807925283908,0.0131663409993052,-0.0279831402003765,-0.0123613122850656,-0.0463242717087268,-0.0144416159018874,-0.0472534783184528,-0.0244220122694969,0.0337217152118682,0.0330441147089004,0.0683444216847419,0.0295565947890281,-0.0111261839047074,-0.0218937934505776,0.0094182863057228,-0.0136836336002454,0.11403239449709,-0.0062944592755128,0.1198524148978359,-0.0771756856236747,0.0832342235336098,-0.1154898967272772,0.1079355155188772,-0.1529830237143516,-0.0347020307606494,2019-02-06,2019-02-07,2019-02-08,2019-02-11,2019-02-12,2019-02-13,2019-02-14,2019-02-15,2019-02-19,2019-02-20,14359.0,2019-02-05,252.0,0.2744%,0.002,1.2484,1.0914,-0.7572,2.6358%,3.1802%,31.3061%,-0.006408,XNCR,14359.0,2019-02-06,252.0,2.9557%,0.002,1.3274,1.0654,-0.6751,2.6254%,3.1843%,32.0259%,0.0328419999999999,XNCR,14359.0,2019-02-07,252.0,-4.9973%,0.0019,1.3374,1.068,-0.6837,2.6349%,3.2000%,32.1978%,-0.033711,XNCR,14359.0,2019-02-08,252.0,0.8394%,0.0018,1.3376,1.0619,-0.6869,2.6346%,3.2000%,32.2170%,0.001839,XNCR,14359.0,2019-02-11,252.0,-0.6659%,0.0017,1.3528,1.026,-0.6984,2.6349%,3.1945%,31.9656%,-0.0140609999999999,XNCR,14359.0,2019-02-12,252.0,1.4246%,0.0017,1.357,1.0153,-0.6943,2.6339%,3.1953%,32.0517%,-0.005645,XNCR,14359.0,2019-02-13,252.0,-1.5423%,0.0016,1.3502,1.0182,-0.699,2.6368%,3.1941%,31.8477%,-0.019446,XNCR,14359.0,2019-02-14,252.0,-1.9021%,0.0015,1.3555,1.0027,-0.6802,2.6402%,3.1936%,31.6549%,-0.025634,XNCR,14359.0,2019-02-15,252.0,3.9635%,0.0014,1.3357,0.9875,-0.7091,2.6306%,3.1785%,31.5020%,0.0249759999999999,XNCR,14359.0,2019-02-19,252.0,-1.0422%,0.0013,1.3342,0.976,-0.7219,2.6322%,3.1783%,31.4142%,-0.0137969999999999,XNCR,14359.0,2019-02-20,252.0,-6.5410%,0.0009,1.3129,0.9173,-0.8005,2.6607%,3.2014%,30.9298%,-0.066222,XNCR,0.0264339999999999,-0.007277,-0.005438,-0.025144,-0.125267
35515,SPDR SERIES TRUST,From Earlier: 'NRF Says 'State of the Economy is Sound' and Forecasts Retail Sales Will Grow Between 3.8 and 4.4 Percent',6,increase,0.7,0.6,"the positive forecast for retail sales growth suggests a favorable economic environment, which could boost investor confidence in spdr series trust, particularly if it is related to retail investments.",2,2019-02-05,XRT,2019-02-05 17:09:00+00:00,91316.0,78464A71,0.0103790406137704,3394860.0,-0.0064760409295558,0.0109488945454359,-0.0067431568168103,-0.0072463699616491,-0.0061099901795387,0.0018148369854316,0.0054645193740725,0.0038716006092727,0.0165307875722646,-0.0141446124762296,0.0004455437301658,-0.0029101693071424,-0.0020040115341544,0.016151025891304,0.0116019733250141,0.0036529647186398,0.0052933762781322,0.0009140977635979,0.0015357545344159,-0.0245207827538251,-0.0155531847849488,0.0186194293200969,0.0046729617752134,0.0066285924986004,0.0031007616780698,0.002290915697813,0.0072863325476646,0.0032177248504012,0.0100833605974912,-0.0073010153137147,-0.0043402942828834,0.0052753067575395,0.0063207736238837,-0.0160235352814197,-0.0192765742540359,0.0084206359460949,0.0081714391708374,0.0087235365062952,-0.0078861033543944,0.0310059487819671,-0.0139103783294558,0.0307391621172428,-0.0080609181895852,-0.0139523223042488,0.0182844549417495,0.0141497440636158,0.0026601403951644,0.0056428695097565,0.0028742221184074,0.0051787691190838,-0.0156525373458862,-0.0024600808974355,-0.0023334305733442,0.0572171844542026,0.0067552183754742,-0.0038859511259943,-0.0040259519591927,-0.0300858560949564,-0.0089826574549078,-0.017453271895647,0.0101971616968512,-0.0140571510419249,-0.0260207187384367,0.0036486915778368,0.0115154311060905,-0.0216563511639833,0.0072860545478761,-0.011759172193706,0.0101717207580804,-0.0267795417457819,0.0040277536027133,0.0090069146826863,0.0031201113015413,-0.0043688765726983,0.0064430334605276,0.0041560907848179,-0.0092714829370379,-0.0373416356742382,0.0055704098194837,-0.0057458193041384,0.011079104617238,-0.03682417050004,0.0,0.0135922562330961,-0.0028490261174738,0.0,-0.0120878955349326,-0.0057915155775845,0.0146829774603247,0.0163505561649799,-0.0063582747243344,0.002403859514743,-0.0022064975928515,0.0196077823638916,0.0011056885123252,0.0029050516895949,0.0048597576096653,0.0170454550534486,0.0013189174933359,-0.0331794843077659,-0.004829800222069,-0.02044771425426,-0.0205162204802036,-0.0137975271791219,0.0164414308965206,-0.0067467782646417,0.0168402008712291,-0.0153622152283787,-0.0091522810980677,-0.0006224604439921,0.0072574885562062,-0.0092497589066624,0.0024017600808292,-0.0195485167205333,-0.0050097918137907,0.011620788834989,-0.0131348175927996,0.0094669498503208,0.0070984843187034,0.0014426977140828,-0.0064760409295558,0.0109488945454359,-0.0131755287868261,0.0036231848432393,-0.0192050166148671,0.0054445973185295,0.0024564680619769,-0.0049394074101912,0.0194283782378996,-0.0120374707691377,-0.0115015649981041,0.0942056856702084,0.0169460526856866,-0.0825991896749611,2019-02-06,2019-02-07,2019-02-08,2019-02-11,2019-02-12,2019-02-13,2019-02-14,2019-02-15,2019-02-19,2019-02-20,91316.0,2019-02-05,252.0,1.0379%,0.0,0.945,0.7958,0.2653,0.7670%,1.3195%,66.2094%,0.008495,XRT,91316.0,2019-02-06,252.0,-0.6476%,-0.0,0.9471,0.7952,0.2667,0.7676%,1.3042%,65.3650%,-0.0046029999999999,XRT,91316.0,2019-02-07,252.0,-0.6743%,-0.0001,0.9362,0.8084,0.2657,0.7592%,1.2921%,65.4721%,0.001958,XRT,91316.0,2019-02-08,252.0,-0.6110%,-0.0001,0.9374,0.8017,0.2663,0.7580%,1.2911%,65.5301%,-0.005624,XRT,91316.0,2019-02-11,252.0,0.5465%,-0.0001,0.9342,0.8024,0.265,0.7580%,1.2786%,64.8588%,-0.001852,XRT,91316.0,2019-02-12,252.0,1.6531%,-0.0001,0.9372,0.8016,0.2667,0.7584%,1.2821%,65.0112%,0.004016,XRT,91316.0,2019-02-13,252.0,0.0446%,-0.0001,0.9407,0.7946,0.2648,0.7567%,1.2821%,65.1672%,-0.002946,XRT,91316.0,2019-02-14,252.0,-0.2004%,-0.0001,0.9411,0.7931,0.2667,0.7567%,1.2818%,65.1451%,-0.002725,XRT,91316.0,2019-02-15,252.0,1.1602%,-0.0001,0.9391,0.791,0.263,0.7569%,1.2787%,64.9656%,-0.002396,XRT,91316.0,2019-02-19,252.0,0.5293%,-0.0001,0.9382,0.7926,0.2649,0.7566%,1.2771%,64.8975%,0.0003259999999999,XRT,91316.0,2019-02-20,252.0,0.1536%,-0.0001,0.9378,0.794,0.264,0.7562%,1.2770%,64.9396%,-0.003547,XRT,0.003892,0.00585,0.000226,0.00239,-0.008898
35523,XEROX HOLDINGS CORP,"Xerox Delivering Greater Than 50 Percent Of Free Cash Flow Back To Shareholders Through Dividends, Share Repurchases In Each Of Next 3 Years",6,increase,0.8,0.7,"the commitment to return over 50% of free cash flow to shareholders through dividends and share repurchases is likely to be viewed positively by investors, potentially driving up the stock price.",2,2019-02-05,XRX,2019-02-05 17:13:00+00:00,27983.0,98421M10,0.0104602240025997,5402735.0,0.0155279766768217,0.0056100925430655,-0.0152905452996492,0.0109890596941113,0.0037957422900944,0.0017755411099642,0.0068752411752939,0.0402659848332405,0.0273130498826503,0.1139917895197868,-0.0029910320881754,-0.0097800195217132,-0.0056666689924895,0.0259197670966386,0.021119650453329,0.0148494010791182,0.0062377066351473,0.0081266267225146,0.0071778539568185,-0.002134065143764,0.0149011686444282,0.0134082809090614,0.0051069213077425,0.0004327229980845,-0.0003175683959852,0.0131521765142679,-0.0003176692698616,0.0228699669241905,-0.0015887905610725,0.0072267320938408,-0.0165499821305275,-0.0004514776228461,0.0126214018091559,0.0118775805458426,0.0022371266968548,0.0143651282414794,-0.0086097083985805,0.0330301858484745,-0.0077195167541503,0.0215158239006996,-0.0197731144726276,0.038598284125328,0.0019841094035655,-0.0218578558415174,0.0280528180301189,0.0187246426939964,-0.0006420692661777,0.0055979955941438,0.0134918112307786,0.0111788269132375,-0.0148969674482941,-0.0010152516188099,0.0170527882874012,0.041226252913475,0.0126541508361697,-0.0212105456739664,-0.0040612048469483,-0.0117586683481931,0.0040777656249701,-0.0537010468542575,0.028116263449192,-0.0189843196421861,-0.0559100620448589,-0.010333546437323,0.0022529673296958,-0.1292433440685272,0.0285805854946374,-0.0121211810037493,-0.0084295524284243,-0.0166865345090627,0.0157430134713649,0.0051916595548391,-0.0009371690102852,0.0016000366304069,0.0322075933218002,-0.0199921689927578,-0.0018175571458414,-0.0424173884093761,0.004248843062669,-0.0022472424898296,-0.001208852045238,-0.0290908813476562,0.009984927251935,0.0215453170239925,0.0110844494774937,0.0014881293755024,-0.0151110617443919,-0.0044444757513701,0.0180504955351352,0.0336906239390373,0.0121158342808485,0.0108359400182962,0.0040875733830034,0.0185257904231548,0.0040709329769015,0.0071457047015428,0.0136113883927464,-0.0039541469886898,-0.0094286240637302,-0.0467395298182964,-0.0031726795714348,-0.0188609547913074,-0.0217013880610466,-0.0036845421418547,0.0112391961738467,0.0051851626485586,-0.0146241597831249,-0.0120746409520506,-0.0439299382269382,0.0007323492318391,0.0031046969816088,-0.0393950343132019,0.0222840420901775,-0.0243651028722524,0.0099909733980894,0.0037891387473791,-0.0029976705554872,0.0010345064802095,-0.0093204323202371,0.0132773984223604,0.0155279766768217,0.0056100925430655,1.4638357193064166e-10,0.0166608018790221,0.0037957424370336,0.0184659249276475,0.0383023000263305,0.1802469618708599,0.0652174386875432,0.2240716970717253,0.1045548270387501,0.405171054269267,0.1458710465172459,0.0148457330838065,2019-02-06,2019-02-07,2019-02-08,2019-02-11,2019-02-12,2019-02-13,2019-02-14,2019-02-15,2019-02-19,2019-02-20,27983.0,2019-02-05,252.0,1.0460%,0.0,1.0291,0.1926,0.2525,1.7855%,2.1002%,27.7202%,0.007664,XRX,27983.0,2019-02-06,252.0,1.5528%,-0.0,1.0862,0.1739,0.3112,1.7754%,2.1019%,28.6495%,0.017534,XRX,27983.0,2019-02-07,252.0,-1.5291%,0.0001,1.1075,0.1495,0.3126,1.7629%,2.1014%,29.6186%,-0.006276,XRX,27983.0,2019-02-08,252.0,0.3796%,0.0001,1.107,0.1362,0.302,1.7611%,2.1004%,29.6975%,0.004781,XRX,27983.0,2019-02-11,252.0,0.6875%,0.0001,1.0993,0.1484,0.3046,1.7608%,2.0820%,28.4768%,0.003632,XRX,27983.0,2019-02-12,252.0,2.7313%,0.0002,1.1184,0.1332,0.3171,1.7574%,2.0885%,29.1937%,0.0127509999999999,XRX,27983.0,2019-02-13,252.0,-0.2991%,0.0002,1.1186,0.1302,0.3149,1.7579%,2.0875%,29.0859%,-0.0065239999999999,XRX,27983.0,2019-02-14,252.0,-0.5667%,0.0003,1.1211,0.1299,0.312,1.7482%,2.0811%,29.4317%,-0.0022689999999999,XRX,27983.0,2019-02-15,252.0,2.1120%,0.0003,1.1235,0.1328,0.3169,1.7486%,2.0811%,29.3954%,0.006529,XRX,27983.0,2019-02-19,252.0,0.6238%,0.0003,1.1202,0.1396,0.3247,1.7470%,2.0761%,29.1895%,0.002667,XRX,27983.0,2019-02-20,252.0,0.7178%,0.0003,1.1209,0.1412,0.3273,1.7471%,2.0765%,29.2123%,0.002856,XRX,0.025198,0.018922,0.023703,0.040086,0.0433449999999999
35531,XEROX HOLDINGS CORP,Xerox Expects Adjusted Operating Margin Expansion Of More Than 200 Basis Points Over Next Three Years,6,increase,0.8,0.6,"the expectation of adjusted operating margin expansion suggests improved profitability, which is likely to positively influence investor sentiment and drive the stock price higher.",2,2019-02-05,XRX,2019-02-05 17:11:00+00:00,27983.0,98421M10,0.0104602240025997,5402735.0,0.0155279766768217,0.0056100925430655,-0.0152905452996492,0.0109890596941113,0.0037957422900944,0.0017755411099642,0.0068752411752939,0.0402659848332405,0.0273130498826503,0.1139917895197868,-0.0029910320881754,-0.0097800195217132,-0.0056666689924895,0.0259197670966386,0.021119650453329,0.0148494010791182,0.0062377066351473,0.0081266267225146,0.0071778539568185,-0.002134065143764,0.0149011686444282,0.0134082809090614,0.0051069213077425,0.0004327229980845,-0.0003175683959852,0.0131521765142679,-0.0003176692698616,0.0228699669241905,-0.0015887905610725,0.0072267320938408,-0.0165499821305275,-0.0004514776228461,0.0126214018091559,0.0118775805458426,0.0022371266968548,0.0143651282414794,-0.0086097083985805,0.0330301858484745,-0.0077195167541503,0.0215158239006996,-0.0197731144726276,0.038598284125328,0.0019841094035655,-0.0218578558415174,0.0280528180301189,0.0187246426939964,-0.0006420692661777,0.0055979955941438,0.0134918112307786,0.0111788269132375,-0.0148969674482941,-0.0010152516188099,0.0170527882874012,0.041226252913475,0.0126541508361697,-0.0212105456739664,-0.0040612048469483,-0.0117586683481931,0.0040777656249701,-0.0537010468542575,0.028116263449192,-0.0189843196421861,-0.0559100620448589,-0.010333546437323,0.0022529673296958,-0.1292433440685272,0.0285805854946374,-0.0121211810037493,-0.0084295524284243,-0.0166865345090627,0.0157430134713649,0.0051916595548391,-0.0009371690102852,0.0016000366304069,0.0322075933218002,-0.0199921689927578,-0.0018175571458414,-0.0424173884093761,0.004248843062669,-0.0022472424898296,-0.001208852045238,-0.0290908813476562,0.009984927251935,0.0215453170239925,0.0110844494774937,0.0014881293755024,-0.0151110617443919,-0.0044444757513701,0.0180504955351352,0.0336906239390373,0.0121158342808485,0.0108359400182962,0.0040875733830034,0.0185257904231548,0.0040709329769015,0.0071457047015428,0.0136113883927464,-0.0039541469886898,-0.0094286240637302,-0.0467395298182964,-0.0031726795714348,-0.0188609547913074,-0.0217013880610466,-0.0036845421418547,0.0112391961738467,0.0051851626485586,-0.0146241597831249,-0.0120746409520506,-0.0439299382269382,0.0007323492318391,0.0031046969816088,-0.0393950343132019,0.0222840420901775,-0.0243651028722524,0.0099909733980894,0.0037891387473791,-0.0029976705554872,0.0010345064802095,-0.0093204323202371,0.0132773984223604,0.0155279766768217,0.0056100925430655,1.4638357193064166e-10,0.0166608018790221,0.0037957424370336,0.0184659249276475,0.0383023000263305,0.1802469618708599,0.0652174386875432,0.2240716970717253,0.1045548270387501,0.405171054269267,0.1458710465172459,0.0148457330838065,2019-02-06,2019-02-07,2019-02-08,2019-02-11,2019-02-12,2019-02-13,2019-02-14,2019-02-15,2019-02-19,2019-02-20,27983.0,2019-02-05,252.0,1.0460%,0.0,1.0291,0.1926,0.2525,1.7855%,2.1002%,27.7202%,0.007664,XRX,27983.0,2019-02-06,252.0,1.5528%,-0.0,1.0862,0.1739,0.3112,1.7754%,2.1019%,28.6495%,0.017534,XRX,27983.0,2019-02-07,252.0,-1.5291%,0.0001,1.1075,0.1495,0.3126,1.7629%,2.1014%,29.6186%,-0.006276,XRX,27983.0,2019-02-08,252.0,0.3796%,0.0001,1.107,0.1362,0.302,1.7611%,2.1004%,29.6975%,0.004781,XRX,27983.0,2019-02-11,252.0,0.6875%,0.0001,1.0993,0.1484,0.3046,1.7608%,2.0820%,28.4768%,0.003632,XRX,27983.0,2019-02-12,252.0,2.7313%,0.0002,1.1184,0.1332,0.3171,1.7574%,2.0885%,29.1937%,0.0127509999999999,XRX,27983.0,2019-02-13,252.0,-0.2991%,0.0002,1.1186,0.1302,0.3149,1.7579%,2.0875%,29.0859%,-0.0065239999999999,XRX,27983.0,2019-02-14,252.0,-0.5667%,0.0003,1.1211,0.1299,0.312,1.7482%,2.0811%,29.4317%,-0.0022689999999999,XRX,27983.0,2019-02-15,252.0,2.1120%,0.0003,1.1235,0.1328,0.3169,1.7486%,2.0811%,29.3954%,0.006529,XRX,27983.0,2019-02-19,252.0,0.6238%,0.0003,1.1202,0.1396,0.3247,1.7470%,2.0761%,29.1895%,0.002667,XRX,27983.0,2019-02-20,252.0,0.7178%,0.0003,1.1209,0.1412,0.3273,1.7471%,2.0765%,29.2123%,0.002856,XRX,0.025198,0.018922,0.023703,0.040086,0.0433449999999999
35539,XEROX HOLDINGS CORP,Xerox Outlines Three-year Strategy At Investor Day; Guides To Over $3 Billion Of Cumulative Cash Flow Over Next 3 Years,6,increase,0.75,0.6,"the announcement of a three-year strategy and guidance for over $3 billion in cumulative cash flow is likely to be viewed positively by investors, suggesting improved financial health and potential for growth.",2,2019-02-05,XRX,2019-02-05 17:05:00+00:00,27983.0,98421M10,0.0104602240025997,5402735.0,0.0155279766768217,0.0056100925430655,-0.0152905452996492,0.0109890596941113,0.0037957422900944,0.0017755411099642,0.0068752411752939,0.0402659848332405,0.0273130498826503,0.1139917895197868,-0.0029910320881754,-0.0097800195217132,-0.0056666689924895,0.0259197670966386,0.021119650453329,0.0148494010791182,0.0062377066351473,0.0081266267225146,0.0071778539568185,-0.002134065143764,0.0149011686444282,0.0134082809090614,0.0051069213077425,0.0004327229980845,-0.0003175683959852,0.0131521765142679,-0.0003176692698616,0.0228699669241905,-0.0015887905610725,0.0072267320938408,-0.0165499821305275,-0.0004514776228461,0.0126214018091559,0.0118775805458426,0.0022371266968548,0.0143651282414794,-0.0086097083985805,0.0330301858484745,-0.0077195167541503,0.0215158239006996,-0.0197731144726276,0.038598284125328,0.0019841094035655,-0.0218578558415174,0.0280528180301189,0.0187246426939964,-0.0006420692661777,0.0055979955941438,0.0134918112307786,0.0111788269132375,-0.0148969674482941,-0.0010152516188099,0.0170527882874012,0.041226252913475,0.0126541508361697,-0.0212105456739664,-0.0040612048469483,-0.0117586683481931,0.0040777656249701,-0.0537010468542575,0.028116263449192,-0.0189843196421861,-0.0559100620448589,-0.010333546437323,0.0022529673296958,-0.1292433440685272,0.0285805854946374,-0.0121211810037493,-0.0084295524284243,-0.0166865345090627,0.0157430134713649,0.0051916595548391,-0.0009371690102852,0.0016000366304069,0.0322075933218002,-0.0199921689927578,-0.0018175571458414,-0.0424173884093761,0.004248843062669,-0.0022472424898296,-0.001208852045238,-0.0290908813476562,0.009984927251935,0.0215453170239925,0.0110844494774937,0.0014881293755024,-0.0151110617443919,-0.0044444757513701,0.0180504955351352,0.0336906239390373,0.0121158342808485,0.0108359400182962,0.0040875733830034,0.0185257904231548,0.0040709329769015,0.0071457047015428,0.0136113883927464,-0.0039541469886898,-0.0094286240637302,-0.0467395298182964,-0.0031726795714348,-0.0188609547913074,-0.0217013880610466,-0.0036845421418547,0.0112391961738467,0.0051851626485586,-0.0146241597831249,-0.0120746409520506,-0.0439299382269382,0.0007323492318391,0.0031046969816088,-0.0393950343132019,0.0222840420901775,-0.0243651028722524,0.0099909733980894,0.0037891387473791,-0.0029976705554872,0.0010345064802095,-0.0093204323202371,0.0132773984223604,0.0155279766768217,0.0056100925430655,1.4638357193064166e-10,0.0166608018790221,0.0037957424370336,0.0184659249276475,0.0383023000263305,0.1802469618708599,0.0652174386875432,0.2240716970717253,0.1045548270387501,0.405171054269267,0.1458710465172459,0.0148457330838065,2019-02-06,2019-02-07,2019-02-08,2019-02-11,2019-02-12,2019-02-13,2019-02-14,2019-02-15,2019-02-19,2019-02-20,27983.0,2019-02-05,252.0,1.0460%,0.0,1.0291,0.1926,0.2525,1.7855%,2.1002%,27.7202%,0.007664,XRX,27983.0,2019-02-06,252.0,1.5528%,-0.0,1.0862,0.1739,0.3112,1.7754%,2.1019%,28.6495%,0.017534,XRX,27983.0,2019-02-07,252.0,-1.5291%,0.0001,1.1075,0.1495,0.3126,1.7629%,2.1014%,29.6186%,-0.006276,XRX,27983.0,2019-02-08,252.0,0.3796%,0.0001,1.107,0.1362,0.302,1.7611%,2.1004%,29.6975%,0.004781,XRX,27983.0,2019-02-11,252.0,0.6875%,0.0001,1.0993,0.1484,0.3046,1.7608%,2.0820%,28.4768%,0.003632,XRX,27983.0,2019-02-12,252.0,2.7313%,0.0002,1.1184,0.1332,0.3171,1.7574%,2.0885%,29.1937%,0.0127509999999999,XRX,27983.0,2019-02-13,252.0,-0.2991%,0.0002,1.1186,0.1302,0.3149,1.7579%,2.0875%,29.0859%,-0.0065239999999999,XRX,27983.0,2019-02-14,252.0,-0.5667%,0.0003,1.1211,0.1299,0.312,1.7482%,2.0811%,29.4317%,-0.0022689999999999,XRX,27983.0,2019-02-15,252.0,2.1120%,0.0003,1.1235,0.1328,0.3169,1.7486%,2.0811%,29.3954%,0.006529,XRX,27983.0,2019-02-19,252.0,0.6238%,0.0003,1.1202,0.1396,0.3247,1.7470%,2.0761%,29.1895%,0.002667,XRX,27983.0,2019-02-20,252.0,0.7178%,0.0003,1.1209,0.1412,0.3273,1.7471%,2.0765%,29.2123%,0.002856,XRX,0.025198,0.018922,0.023703,0.040086,0.0433449999999999
35547,XEROX HOLDINGS CORP,Xerox Sees FY 2020 Adjusted EPS Of At Least $4.00 Including Items,6,increase,0.7,0.6,"the announcement of an adjusted eps of at least $4.00 suggests strong financial performance, which is likely to positively influence investor sentiment and increase the stock price.",2,2019-02-05,XRX,2019-02-05 17:03:00+00:00,27983.0,98421M10,0.0104602240025997,5402735.0,0.0155279766768217,0.0056100925430655,-0.0152905452996492,0.0109890596941113,0.0037957422900944,0.0017755411099642,0.0068752411752939,0.0402659848332405,0.0273130498826503,0.1139917895197868,-0.0029910320881754,-0.0097800195217132,-0.0056666689924895,0.0259197670966386,0.021119650453329,0.0148494010791182,0.0062377066351473,0.0081266267225146,0.0071778539568185,-0.002134065143764,0.0149011686444282,0.0134082809090614,0.0051069213077425,0.0004327229980845,-0.0003175683959852,0.0131521765142679,-0.0003176692698616,0.0228699669241905,-0.0015887905610725,0.0072267320938408,-0.0165499821305275,-0.0004514776228461,0.0126214018091559,0.0118775805458426,0.0022371266968548,0.0143651282414794,-0.0086097083985805,0.0330301858484745,-0.0077195167541503,0.0215158239006996,-0.0197731144726276,0.038598284125328,0.0019841094035655,-0.0218578558415174,0.0280528180301189,0.0187246426939964,-0.0006420692661777,0.0055979955941438,0.0134918112307786,0.0111788269132375,-0.0148969674482941,-0.0010152516188099,0.0170527882874012,0.041226252913475,0.0126541508361697,-0.0212105456739664,-0.0040612048469483,-0.0117586683481931,0.0040777656249701,-0.0537010468542575,0.028116263449192,-0.0189843196421861,-0.0559100620448589,-0.010333546437323,0.0022529673296958,-0.1292433440685272,0.0285805854946374,-0.0121211810037493,-0.0084295524284243,-0.0166865345090627,0.0157430134713649,0.0051916595548391,-0.0009371690102852,0.0016000366304069,0.0322075933218002,-0.0199921689927578,-0.0018175571458414,-0.0424173884093761,0.004248843062669,-0.0022472424898296,-0.001208852045238,-0.0290908813476562,0.009984927251935,0.0215453170239925,0.0110844494774937,0.0014881293755024,-0.0151110617443919,-0.0044444757513701,0.0180504955351352,0.0336906239390373,0.0121158342808485,0.0108359400182962,0.0040875733830034,0.0185257904231548,0.0040709329769015,0.0071457047015428,0.0136113883927464,-0.0039541469886898,-0.0094286240637302,-0.0467395298182964,-0.0031726795714348,-0.0188609547913074,-0.0217013880610466,-0.0036845421418547,0.0112391961738467,0.0051851626485586,-0.0146241597831249,-0.0120746409520506,-0.0439299382269382,0.0007323492318391,0.0031046969816088,-0.0393950343132019,0.0222840420901775,-0.0243651028722524,0.0099909733980894,0.0037891387473791,-0.0029976705554872,0.0010345064802095,-0.0093204323202371,0.0132773984223604,0.0155279766768217,0.0056100925430655,1.4638357193064166e-10,0.0166608018790221,0.0037957424370336,0.0184659249276475,0.0383023000263305,0.1802469618708599,0.0652174386875432,0.2240716970717253,0.1045548270387501,0.405171054269267,0.1458710465172459,0.0148457330838065,2019-02-06,2019-02-07,2019-02-08,2019-02-11,2019-02-12,2019-02-13,2019-02-14,2019-02-15,2019-02-19,2019-02-20,27983.0,2019-02-05,252.0,1.0460%,0.0,1.0291,0.1926,0.2525,1.7855%,2.1002%,27.7202%,0.007664,XRX,27983.0,2019-02-06,252.0,1.5528%,-0.0,1.0862,0.1739,0.3112,1.7754%,2.1019%,28.6495%,0.017534,XRX,27983.0,2019-02-07,252.0,-1.5291%,0.0001,1.1075,0.1495,0.3126,1.7629%,2.1014%,29.6186%,-0.006276,XRX,27983.0,2019-02-08,252.0,0.3796%,0.0001,1.107,0.1362,0.302,1.7611%,2.1004%,29.6975%,0.004781,XRX,27983.0,2019-02-11,252.0,0.6875%,0.0001,1.0993,0.1484,0.3046,1.7608%,2.0820%,28.4768%,0.003632,XRX,27983.0,2019-02-12,252.0,2.7313%,0.0002,1.1184,0.1332,0.3171,1.7574%,2.0885%,29.1937%,0.0127509999999999,XRX,27983.0,2019-02-13,252.0,-0.2991%,0.0002,1.1186,0.1302,0.3149,1.7579%,2.0875%,29.0859%,-0.0065239999999999,XRX,27983.0,2019-02-14,252.0,-0.5667%,0.0003,1.1211,0.1299,0.312,1.7482%,2.0811%,29.4317%,-0.0022689999999999,XRX,27983.0,2019-02-15,252.0,2.1120%,0.0003,1.1235,0.1328,0.3169,1.7486%,2.0811%,29.3954%,0.006529,XRX,27983.0,2019-02-19,252.0,0.6238%,0.0003,1.1202,0.1396,0.3247,1.7470%,2.0761%,29.1895%,0.002667,XRX,27983.0,2019-02-20,252.0,0.7178%,0.0003,1.1209,0.1412,0.3273,1.7471%,2.0765%,29.2123%,0.002856,XRX,0.025198,0.018922,0.023703,0.040086,0.0433449999999999
35555,XEROX HOLDINGS CORP,"Xerox Shares Sharply Drop, Now Down 0.6% Following Investor Day Presentation",6,decrease,0.8,0.6,"the sharp drop in xerox shares following the investor day presentation indicates negative investor sentiment, likely leading to a decrease in stock price.",0,2019-02-05,XRX,2019-02-05 17:03:00+00:00,27983.0,98421M10,0.0104602240025997,5402735.0,0.0155279766768217,0.0056100925430655,-0.0152905452996492,0.0109890596941113,0.0037957422900944,0.0017755411099642,0.0068752411752939,0.0402659848332405,0.0273130498826503,0.1139917895197868,-0.0029910320881754,-0.0097800195217132,-0.0056666689924895,0.0259197670966386,0.021119650453329,0.0148494010791182,0.0062377066351473,0.0081266267225146,0.0071778539568185,-0.002134065143764,0.0149011686444282,0.0134082809090614,0.0051069213077425,0.0004327229980845,-0.0003175683959852,0.0131521765142679,-0.0003176692698616,0.0228699669241905,-0.0015887905610725,0.0072267320938408,-0.0165499821305275,-0.0004514776228461,0.0126214018091559,0.0118775805458426,0.0022371266968548,0.0143651282414794,-0.0086097083985805,0.0330301858484745,-0.0077195167541503,0.0215158239006996,-0.0197731144726276,0.038598284125328,0.0019841094035655,-0.0218578558415174,0.0280528180301189,0.0187246426939964,-0.0006420692661777,0.0055979955941438,0.0134918112307786,0.0111788269132375,-0.0148969674482941,-0.0010152516188099,0.0170527882874012,0.041226252913475,0.0126541508361697,-0.0212105456739664,-0.0040612048469483,-0.0117586683481931,0.0040777656249701,-0.0537010468542575,0.028116263449192,-0.0189843196421861,-0.0559100620448589,-0.010333546437323,0.0022529673296958,-0.1292433440685272,0.0285805854946374,-0.0121211810037493,-0.0084295524284243,-0.0166865345090627,0.0157430134713649,0.0051916595548391,-0.0009371690102852,0.0016000366304069,0.0322075933218002,-0.0199921689927578,-0.0018175571458414,-0.0424173884093761,0.004248843062669,-0.0022472424898296,-0.001208852045238,-0.0290908813476562,0.009984927251935,0.0215453170239925,0.0110844494774937,0.0014881293755024,-0.0151110617443919,-0.0044444757513701,0.0180504955351352,0.0336906239390373,0.0121158342808485,0.0108359400182962,0.0040875733830034,0.0185257904231548,0.0040709329769015,0.0071457047015428,0.0136113883927464,-0.0039541469886898,-0.0094286240637302,-0.0467395298182964,-0.0031726795714348,-0.0188609547913074,-0.0217013880610466,-0.0036845421418547,0.0112391961738467,0.0051851626485586,-0.0146241597831249,-0.0120746409520506,-0.0439299382269382,0.0007323492318391,0.0031046969816088,-0.0393950343132019,0.0222840420901775,-0.0243651028722524,0.0099909733980894,0.0037891387473791,-0.0029976705554872,0.0010345064802095,-0.0093204323202371,0.0132773984223604,0.0155279766768217,0.0056100925430655,1.4638357193064166e-10,0.0166608018790221,0.0037957424370336,0.0184659249276475,0.0383023000263305,0.1802469618708599,0.0652174386875432,0.2240716970717253,0.1045548270387501,0.405171054269267,0.1458710465172459,0.0148457330838065,2019-02-06,2019-02-07,2019-02-08,2019-02-11,2019-02-12,2019-02-13,2019-02-14,2019-02-15,2019-02-19,2019-02-20,27983.0,2019-02-05,252.0,1.0460%,0.0,1.0291,0.1926,0.2525,1.7855%,2.1002%,27.7202%,0.007664,XRX,27983.0,2019-02-06,252.0,1.5528%,-0.0,1.0862,0.1739,0.3112,1.7754%,2.1019%,28.6495%,0.017534,XRX,27983.0,2019-02-07,252.0,-1.5291%,0.0001,1.1075,0.1495,0.3126,1.7629%,2.1014%,29.6186%,-0.006276,XRX,27983.0,2019-02-08,252.0,0.3796%,0.0001,1.107,0.1362,0.302,1.7611%,2.1004%,29.6975%,0.004781,XRX,27983.0,2019-02-11,252.0,0.6875%,0.0001,1.0993,0.1484,0.3046,1.7608%,2.0820%,28.4768%,0.003632,XRX,27983.0,2019-02-12,252.0,2.7313%,0.0002,1.1184,0.1332,0.3171,1.7574%,2.0885%,29.1937%,0.0127509999999999,XRX,27983.0,2019-02-13,252.0,-0.2991%,0.0002,1.1186,0.1302,0.3149,1.7579%,2.0875%,29.0859%,-0.0065239999999999,XRX,27983.0,2019-02-14,252.0,-0.5667%,0.0003,1.1211,0.1299,0.312,1.7482%,2.0811%,29.4317%,-0.0022689999999999,XRX,27983.0,2019-02-15,252.0,2.1120%,0.0003,1.1235,0.1328,0.3169,1.7486%,2.0811%,29.3954%,0.006529,XRX,27983.0,2019-02-19,252.0,0.6238%,0.0003,1.1202,0.1396,0.3247,1.7470%,2.0761%,29.1895%,0.002667,XRX,27983.0,2019-02-20,252.0,0.7178%,0.0003,1.1209,0.1412,0.3273,1.7471%,2.0765%,29.2123%,0.002856,XRX,0.025198,0.018922,0.023703,0.040086,0.0433449999999999
35563,XEROX HOLDINGS CORP,"Xerox Outlines Three-Year Strategy Qt Investor Day; Guides To Over $3B of Cumulative Cash Flow, Sees FY20 Adj. EPS $4.00+",6,increase,0.8,0.7,"the announcement of a clear three-year strategy and guidance for significant cumulative cash flow and adjusted eps suggests positive future performance, likely boosting investor confidence.",2,2019-02-05,XRX,2019-02-05 17:02:00+00:00,27983.0,98421M10,0.0104602240025997,5402735.0,0.0155279766768217,0.0056100925430655,-0.0152905452996492,0.0109890596941113,0.0037957422900944,0.0017755411099642,0.0068752411752939,0.0402659848332405,0.0273130498826503,0.1139917895197868,-0.0029910320881754,-0.0097800195217132,-0.0056666689924895,0.0259197670966386,0.021119650453329,0.0148494010791182,0.0062377066351473,0.0081266267225146,0.0071778539568185,-0.002134065143764,0.0149011686444282,0.0134082809090614,0.0051069213077425,0.0004327229980845,-0.0003175683959852,0.0131521765142679,-0.0003176692698616,0.0228699669241905,-0.0015887905610725,0.0072267320938408,-0.0165499821305275,-0.0004514776228461,0.0126214018091559,0.0118775805458426,0.0022371266968548,0.0143651282414794,-0.0086097083985805,0.0330301858484745,-0.0077195167541503,0.0215158239006996,-0.0197731144726276,0.038598284125328,0.0019841094035655,-0.0218578558415174,0.0280528180301189,0.0187246426939964,-0.0006420692661777,0.0055979955941438,0.0134918112307786,0.0111788269132375,-0.0148969674482941,-0.0010152516188099,0.0170527882874012,0.041226252913475,0.0126541508361697,-0.0212105456739664,-0.0040612048469483,-0.0117586683481931,0.0040777656249701,-0.0537010468542575,0.028116263449192,-0.0189843196421861,-0.0559100620448589,-0.010333546437323,0.0022529673296958,-0.1292433440685272,0.0285805854946374,-0.0121211810037493,-0.0084295524284243,-0.0166865345090627,0.0157430134713649,0.0051916595548391,-0.0009371690102852,0.0016000366304069,0.0322075933218002,-0.0199921689927578,-0.0018175571458414,-0.0424173884093761,0.004248843062669,-0.0022472424898296,-0.001208852045238,-0.0290908813476562,0.009984927251935,0.0215453170239925,0.0110844494774937,0.0014881293755024,-0.0151110617443919,-0.0044444757513701,0.0180504955351352,0.0336906239390373,0.0121158342808485,0.0108359400182962,0.0040875733830034,0.0185257904231548,0.0040709329769015,0.0071457047015428,0.0136113883927464,-0.0039541469886898,-0.0094286240637302,-0.0467395298182964,-0.0031726795714348,-0.0188609547913074,-0.0217013880610466,-0.0036845421418547,0.0112391961738467,0.0051851626485586,-0.0146241597831249,-0.0120746409520506,-0.0439299382269382,0.0007323492318391,0.0031046969816088,-0.0393950343132019,0.0222840420901775,-0.0243651028722524,0.0099909733980894,0.0037891387473791,-0.0029976705554872,0.0010345064802095,-0.0093204323202371,0.0132773984223604,0.0155279766768217,0.0056100925430655,1.4638357193064166e-10,0.0166608018790221,0.0037957424370336,0.0184659249276475,0.0383023000263305,0.1802469618708599,0.0652174386875432,0.2240716970717253,0.1045548270387501,0.405171054269267,0.1458710465172459,0.0148457330838065,2019-02-06,2019-02-07,2019-02-08,2019-02-11,2019-02-12,2019-02-13,2019-02-14,2019-02-15,2019-02-19,2019-02-20,27983.0,2019-02-05,252.0,1.0460%,0.0,1.0291,0.1926,0.2525,1.7855%,2.1002%,27.7202%,0.007664,XRX,27983.0,2019-02-06,252.0,1.5528%,-0.0,1.0862,0.1739,0.3112,1.7754%,2.1019%,28.6495%,0.017534,XRX,27983.0,2019-02-07,252.0,-1.5291%,0.0001,1.1075,0.1495,0.3126,1.7629%,2.1014%,29.6186%,-0.006276,XRX,27983.0,2019-02-08,252.0,0.3796%,0.0001,1.107,0.1362,0.302,1.7611%,2.1004%,29.6975%,0.004781,XRX,27983.0,2019-02-11,252.0,0.6875%,0.0001,1.0993,0.1484,0.3046,1.7608%,2.0820%,28.4768%,0.003632,XRX,27983.0,2019-02-12,252.0,2.7313%,0.0002,1.1184,0.1332,0.3171,1.7574%,2.0885%,29.1937%,0.0127509999999999,XRX,27983.0,2019-02-13,252.0,-0.2991%,0.0002,1.1186,0.1302,0.3149,1.7579%,2.0875%,29.0859%,-0.0065239999999999,XRX,27983.0,2019-02-14,252.0,-0.5667%,0.0003,1.1211,0.1299,0.312,1.7482%,2.0811%,29.4317%,-0.0022689999999999,XRX,27983.0,2019-02-15,252.0,2.1120%,0.0003,1.1235,0.1328,0.3169,1.7486%,2.0811%,29.3954%,0.006529,XRX,27983.0,2019-02-19,252.0,0.6238%,0.0003,1.1202,0.1396,0.3247,1.7470%,2.0761%,29.1895%,0.002667,XRX,27983.0,2019-02-20,252.0,0.7178%,0.0003,1.1209,0.1412,0.3273,1.7471%,2.0765%,29.2123%,0.002856,XRX,0.025198,0.018922,0.023703,0.040086,0.0433449999999999
35571,ADMA BIOLOGICS INC,"H.C. Wainwright Assumes ADMA Biologics at Buy, Announces Price Target $10",6,increase,0.8,0.6,"the initiation of coverage with a 'buy' rating and a price target of $10 is likely to attract positive investor sentiment, potentially driving the stock price higher.",2,2019-02-07,ADMA,2019-02-07 13:22:00+00:00,15056.0,00089910,-0.0611511059105396,801468.0,0.0613027177751064,-0.0380623303353786,0.0397112406790256,-0.0170067865401506,0.2083332985639572,0.0425532348453998,0.0344827249646186,-0.0440678335726261,0.0611111223697662,-0.0634920746088028,0.1047120094299316,0.0260586850345134,-0.050947792828083,-0.0191693864762783,-0.001248467946425,-0.027950283139944,-0.0049999952316284,-0.0030959723517298,0.0929647982120513,0.0031055870931595,-0.0229884851723909,-0.05294119566679,0.0070588728412985,0.0119048217311501,-0.0186916813254356,0.0,-0.0261903963983058,-0.0117647647857666,0.0195598825812339,0.0493827424943447,0.0215827692300081,-0.0211480166763067,-0.0258216261863708,-0.011940287426114,0.0048192725516855,-0.0117994686588645,-0.0527577996253967,-0.0087719215080142,0.0151899186894297,0.0029325485229492,-0.0299252159893512,0.0859872549772262,0.0102827660739421,0.0644067972898483,-0.0101781068369746,0.0498221032321453,0.0102827660739421,0.0725191086530685,0.0152671607211232,0.0962342172861099,0.0626565814018249,0.0717489197850227,-0.0636791884899139,-0.0470085032284259,-0.0176322255283594,0.07834093272686,-0.1025641262531281,-0.0920502170920372,-0.0542857311666011,-0.008298747241497,-0.0030211452394723,0.0524018034338951,0.0151515007019043,-0.4560570120811462,0.056716438382864,0.0498752631247043,-0.0706214681267738,-0.0988763123750686,0.151975691318512,-0.0176601316779851,0.0738786831498146,-0.0621117427945137,0.2432431727647781,0.0168420895934104,0.011857695877552,-0.0041928682476282,0.0136719085276126,0.0719101503491401,-0.0211946312338113,-0.0611814297735691,0.0118110124021768,-0.0385395660996437,-0.0058365240693092,-0.002024337882176,0.0254402421414852,-0.0608365312218666,-0.0515267178416252,-0.0018974861595779,-0.0080482820048928,-0.0258779805153608,0.0040567913092672,0.0018518059514462,-0.0202020015567541,0.0018553300760686,-0.0350515618920326,-0.0036968542262911,-0.0128205008804798,0.0484496131539344,-0.008658000268042,0.0117646949365735,0.0327511131763458,0.0179640054702758,0.010570865124464,0.0,-0.0251046773046255,-0.0271844398230314,0.0085836835205554,0.0238568354398012,-0.0063829221762716,0.003992011770606,-0.0085653020069003,-0.0195694528520107,-0.0323974266648292,-0.0096898674964904,-0.0044642812572419,-0.0190114788711071,0.0919282138347625,-0.0836236178874969,-0.0164270885288715,-0.0034723016433417,0.0613027177751064,-0.0380623303353786,0.1034483654339777,-0.0544217989482948,0.3333334031998451,-0.0141843876942509,0.4636015771716697,-0.1174603535841702,0.666666720202935,-0.1366459796162078,0.2681992719843205,0.1535269219829831,0.8352491228423897,-0.5173611258327255,2019-02-08,2019-02-11,2019-02-12,2019-02-13,2019-02-14,2019-02-15,2019-02-19,2019-02-20,2019-02-21,2019-02-22,15056.0,2019-02-07,252.0,-6.1151%,-0.0003,0.7421,1.4653,0.3565,4.5552%,4.6727%,4.9693%,-0.053665,ADMA,15056.0,2019-02-08,252.0,6.1303%,-0.0001,0.7313,1.4532,0.3028,4.5721%,4.6887%,4.9149%,0.062262,ADMA,15056.0,2019-02-11,252.0,3.9711%,0.0001,0.6953,1.5258,0.3233,4.5710%,4.6868%,4.8828%,0.0283,ADMA,15056.0,2019-02-12,252.0,20.8333%,0.0009,0.7898,1.5501,0.3672,4.7374%,4.8652%,5.1827%,0.199022,ADMA,15056.0,2019-02-13,252.0,3.4483%,0.0009,0.7811,1.5771,0.3793,4.7377%,4.8657%,5.1933%,0.0309839999999999,ADMA,15056.0,2019-02-14,252.0,6.1111%,0.001,0.7661,1.6064,0.3503,4.7475%,4.8767%,5.2291%,0.05665,ADMA,15056.0,2019-02-15,252.0,10.4712%,0.0014,0.8262,1.67,0.4605,4.7801%,4.9190%,5.5657%,0.090257,ADMA,15056.0,2019-02-19,252.0,-5.0948%,0.0012,0.8221,1.6215,0.4063,4.7922%,4.9283%,5.4440%,-0.058842,ADMA,15056.0,2019-02-20,252.0,-0.1248%,0.0012,0.8213,1.6288,0.4058,4.7909%,4.9275%,5.4683%,-0.008712,ADMA,15056.0,2019-02-21,252.0,-0.5000%,0.0012,0.8226,1.6313,0.4083,4.7908%,4.9273%,5.4630%,1.2e-05,ADMA,15056.0,2019-02-22,252.0,9.2965%,0.0015,0.8104,1.6551,0.2832,4.8188%,4.9607%,5.6403%,0.084547,ADMA,0.008597,0.036897,0.235919,0.323553,0.430815
35579,AEMETIS INC,Aemetis Dairy Biomethene Receives $3M CDFA Grants For Two Dairy Digesters,6,increase,0.7,0.6,"the $3m cdfa grants for dairy digesters indicate financial support and potential growth opportunities for aemetis, which could positively influence investor sentiment and stock price.",2,2019-02-07,AMTX,2019-02-07 13:28:00+00:00,14689.0,00770K20,-0.0327038690447807,34002.0,0.0190477147698402,-0.0560869351029396,-0.0186916813254356,0.0,0.0476191192865371,0.1499999761581421,-0.0272727012634277,-0.0384615026414394,-0.0467290356755256,0.01960782520473,-0.03921565040946,0.0099009806290268,-0.0805102437734603,0.0202020015567541,0.0320719443261623,0.0312500335276126,0.0,0.0104199284687638,0.0286021530628204,-0.0104155717417597,-0.0757892429828643,-0.039900004863739,-0.0046375123783946,-0.0740741118788719,0.03409094363451,0.0384616181254386,0.0209889560937881,0.2023120820522308,0.0009687117999419,0.0116958953440189,-0.0215053558349609,0.0058823470026254,0.0549449995160102,-0.0335417278110981,-0.0364582985639572,0.1572368144989014,-0.010810799896717,0.1016089469194412,0.0273223780095577,-0.0144285820424556,-0.0212765745818615,0.0430635772645473,-0.0228261165320873,-0.0266859382390976,0.0297675151377916,0.1031999588012695,-0.01216403208673,-0.0219092313200235,0.0096227768808603,0.0535860955715179,-0.0275100637227296,0.0623576901853084,-0.0298473965376615,-0.1972721815109253,-0.0001148164301412,-0.099746860563755,-0.0011480908142402,0.4363636374473572,0.0344827249646186,0.0782199651002883,-0.0323333367705345,0.1862790733575821,0.0047078020870685,-0.0889830440282821,0.005714280065149,-0.142286017537117,-0.0113636255264282,-0.0452810227870941,-0.0436781458556652,-0.1145929917693138,0.0216346234083175,0.084999993443489,-0.0003529997193254,-0.0314769297838211,-0.0193009059876203,0.0316402912139892,0.0680427104234695,-0.1584921479225159,-0.0324718728661537,-0.0492939017713069,-0.0012774401111528,-0.0175392907112836,0.0062790717929601,0.016768705099821,0.0210307147353887,-0.0341902337968349,0.016296973451972,0.0595124326646328,-0.0423162430524826,-0.0703886374831199,0.0,0.0231865160167217,0.0081825396046042,0.0077487346716225,-0.0427167639136314,-0.0424200296401977,-0.019277075305581,0.0781671553850174,0.0319409854710102,-0.0487179346382618,-0.0432833321392536,-0.0394088737666606,-0.0294185765087604,-0.0773776099085807,-0.0150820389389991,-0.0328571572899818,0.067380353808403,0.0111111672595143,0.0141853969544172,-0.0275526735931634,-0.0332262329757213,0.015916533768177,-0.003731369273737,-0.0410526059567928,0.0237203426659107,0.0215053558349609,0.0609756261110305,-0.0412371344864368,0.4827585816383362,-0.0328048430383205,0.0190477147698402,-0.0560869351029396,-3.7005110087307e-10,-0.0560869351029396,0.0476191188988646,0.0855000021269782,-0.0285714014275165,0.0642157092878328,-0.0889523301373687,0.1306114054018272,-0.1428571277815713,1.1280140783060406,0.2285714651062875,0.0823611577690373,2019-02-08,2019-02-11,2019-02-12,2019-02-13,2019-02-14,2019-02-15,2019-02-19,2019-02-20,2019-02-21,2019-02-22,14689.0,2019-02-07,252.0,-3.2704%,0.0071,2.3531,3.3152,2.5958,10.4835%,10.8289%,6.2784%,-0.016917,AMTX,14689.0,2019-02-08,252.0,1.9048%,0.0075,2.3466,3.3752,2.608,10.4748%,10.8231%,6.3334%,0.033083,AMTX,14689.0,2019-02-11,252.0,-1.8692%,0.0071,2.3859,3.2594,2.566,10.4781%,10.8242%,6.2935%,-0.050351,AMTX,14689.0,2019-02-12,252.0,4.7619%,0.0072,2.3961,3.255,2.5719,10.4783%,10.8271%,6.3395%,0.018781,AMTX,14689.0,2019-02-13,252.0,-2.7273%,0.0073,2.4215,3.1939,2.5502,10.4727%,10.8227%,6.3631%,-0.037835,AMTX,14689.0,2019-02-14,252.0,-4.6729%,0.0073,2.4367,3.168,2.5728,10.4728%,10.8242%,6.3863%,-0.0435609999999999,AMTX,14689.0,2019-02-15,252.0,-3.9216%,0.007,2.3944,3.1198,2.4906,10.4885%,10.8260%,6.1384%,-0.08712,AMTX,14689.0,2019-02-19,252.0,-8.0510%,0.0066,2.3783,3.0445,2.4071,10.5099%,10.8397%,5.9925%,-0.1016789999999999,AMTX,14689.0,2019-02-20,252.0,3.2072%,0.0065,2.3774,3.0367,2.4022,10.5096%,10.8394%,5.9928%,0.007516,AMTX,14689.0,2019-02-21,252.0,0.0000%,0.0065,2.3842,3.0528,2.4147,10.5086%,10.8394%,6.0114%,0.016347,AMTX,14689.0,2019-02-22,252.0,2.8602%,0.0069,2.3758,3.1844,2.4334,10.4932%,10.8305%,6.1311%,0.0317099999999999,AMTX,0.016166,-0.034185,-0.0154039999999999,-0.0968,-0.2300259999999999
35587,ARDELYX INC,"Ardelyx Reports Its Collaboration Partner, Kyowa Hakko Kirin, Initiated Phase 2 Study Of Tenapanor for Hyperphosphatemia Patients on Dialysis in Japan",6,increase,0.7,0.6,"the initiation of a phase 2 study for tenapanor by a collaboration partner suggests progress in clinical development, which is generally viewed positively by investors and may lead to an increase in stock price.",2,2019-02-07,ARDX,2019-02-07 11:45:00+00:00,14690.0,03969710,0.0309734214097261,223517.0,0.03433483466506,0.0660377889871597,0.0497924834489822,-0.0275230184197425,0.0039525656029582,0.0234741549938917,0.0236220248043537,0.0142858149483799,-0.0307692028582096,0.0,0.035714253783226,0.0447760783135891,0.0,0.0100502418354153,0.0076629198156297,-0.0148514714092016,-0.030418312177062,0.0049751196056604,0.0627451315522193,0.0360824391245842,-0.0405904538929462,-0.0419753268361091,-0.0115384506061673,-0.0919282138347625,0.0272374209016561,-0.0387930683791637,0.0643938779830932,0.0403587073087692,0.0782918259501457,-0.0429184138774871,-0.0330032706260681,0.0130434660241007,0.0238907616585493,-0.0456432066857814,-0.0500000305473804,0.0,0.1368421465158463,0.0041666626930236,0.0123456669971346,0.0256411042064428,0.0030487775802612,0.0446428135037422,-0.0091185327619314,0.0873786732554435,-0.0030674817971885,0.0957446545362472,0.0276922807097435,-0.0600000023841857,-0.0089820278808474,0.1173184588551521,-0.0090634357184171,0.0170454382896423,-0.0030487775802612,0.0476190745830535,0.0122324042022228,-0.0344827957451343,-0.0090634357184171,0.0481927990913391,0.0213414430618286,-0.0119047509506344,-0.0208955034613609,-0.0400000289082527,-0.0762195140123367,-0.0489130616188049,-0.052805308252573,-0.0315789170563221,-0.0418118089437484,-0.005235597025603,0.0181818008422851,-0.111627958714962,0.0392857640981674,-0.0182648226618766,0.0326460562646389,-0.0912863165140152,-0.0083194989711046,-0.0082304449751973,0.0302013140171766,-0.0040983567014336,0.0651465952396392,0.0472103580832481,0.0825688019394874,-0.0371901430189609,-0.0254237055778503,-0.0546874478459358,0.0666666701436042,-0.055350586771965,-0.0081521663814783,-0.0036764671094715,0.0219177864491939,-0.0072992630302906,-0.0509383529424667,-0.003636360168457,0.0225988496094942,0.0576923452317714,-0.0441988557577133,-0.0681003779172897,-0.0231213644146919,-0.0210526119917631,0.0029585768934339,0.0,0.0442477427423,0.0070671313442289,-0.0677966102957725,0.0071174311451613,0.0060606002807617,-0.0602006912231445,0.0391566604375839,0.0204777959734201,0.0028985480312258,0.0772058963775634,-0.0173410233110189,-0.0250895824283361,-0.029411805793643,-0.0542373172938823,-0.0060606002807617,-0.0296052359044551,0.0396341830492019,-0.0129870008677244,0.0,-0.1020408570766449,0.03433483466506,0.0660377889871597,0.0858369348008258,0.0366972112847245,0.0901287765197411,0.0610328023041575,0.0815450928018639,0.0761905205720356,0.1630901843064605,0.1649484162155148,0.4377682476889735,0.3452381354608302,0.4635193983384966,-0.3411078822404914,2019-02-08,2019-02-11,2019-02-12,2019-02-13,2019-02-14,2019-02-15,2019-02-19,2019-02-20,2019-02-21,2019-02-22,14690.0,2019-02-07,252.0,3.0973%,-0.0034,1.4528,2.5053,-0.1689,3.7008%,4.2753%,25.0723%,0.0484159999999999,ARDX,14690.0,2019-02-08,252.0,3.4335%,-0.0035,1.4487,2.4419,-0.2281,3.6870%,4.2605%,25.1105%,0.0305089999999999,ARDX,14690.0,2019-02-11,252.0,4.9792%,-0.0033,1.4154,2.5217,-0.2024,3.6885%,4.2535%,24.8030%,0.0320719999999999,ARDX,14690.0,2019-02-12,252.0,0.3953%,-0.003,1.4548,2.462,-0.1716,3.6556%,4.2274%,25.2219%,-0.016246,ARDX,14690.0,2019-02-13,252.0,2.3622%,-0.0029,1.4587,2.4639,-0.1661,3.6580%,4.2304%,25.2278%,0.018092,ARDX,14690.0,2019-02-14,252.0,-3.0769%,-0.0031,1.4669,2.4424,-0.1411,3.6651%,4.2323%,25.0099%,-0.041582,ARDX,14690.0,2019-02-15,252.0,3.5714%,-0.0029,1.5059,2.4793,-0.0753,3.6601%,4.2389%,25.4440%,0.01361,ARDX,14690.0,2019-02-19,252.0,0.0000%,-0.003,1.4947,2.4887,-0.0637,3.6551%,4.2291%,25.3034%,-0.009925,ARDX,14690.0,2019-02-20,252.0,0.7663%,-0.0029,1.4991,2.516,-0.0432,3.6465%,4.2250%,25.5121%,-0.000402,ARDX,14690.0,2019-02-21,252.0,-3.0418%,-0.0031,1.5146,2.5431,-0.0147,3.6438%,4.2282%,25.7312%,-0.02331,ARDX,14690.0,2019-02-22,252.0,6.2745%,-0.0027,1.5058,2.6249,-0.0454,3.6372%,4.2403%,26.4209%,0.038597,ARDX,0.078925,0.1109969999999999,0.0947509999999999,0.0712609999999999,0.089831
35595,ARDELYX INC,"Ardelyx Collaboration Partner, Kyowa Hakko Kirin, Announces Initiation of a Phase 2 Clinical Study of Tenapanor for Hyperphosphatemia Patients on Dialysis in Japan",6,increase,0.7,0.6,"the initiation of a phase 2 clinical study by a collaboration partner suggests progress in the development of tenapanor, which could positively impact ardelyx's stock price due to potential future revenue opportunities.",2,2019-02-07,ARDX,2019-02-07 11:34:00+00:00,14690.0,03969710,0.0309734214097261,223517.0,0.03433483466506,0.0660377889871597,0.0497924834489822,-0.0275230184197425,0.0039525656029582,0.0234741549938917,0.0236220248043537,0.0142858149483799,-0.0307692028582096,0.0,0.035714253783226,0.0447760783135891,0.0,0.0100502418354153,0.0076629198156297,-0.0148514714092016,-0.030418312177062,0.0049751196056604,0.0627451315522193,0.0360824391245842,-0.0405904538929462,-0.0419753268361091,-0.0115384506061673,-0.0919282138347625,0.0272374209016561,-0.0387930683791637,0.0643938779830932,0.0403587073087692,0.0782918259501457,-0.0429184138774871,-0.0330032706260681,0.0130434660241007,0.0238907616585493,-0.0456432066857814,-0.0500000305473804,0.0,0.1368421465158463,0.0041666626930236,0.0123456669971346,0.0256411042064428,0.0030487775802612,0.0446428135037422,-0.0091185327619314,0.0873786732554435,-0.0030674817971885,0.0957446545362472,0.0276922807097435,-0.0600000023841857,-0.0089820278808474,0.1173184588551521,-0.0090634357184171,0.0170454382896423,-0.0030487775802612,0.0476190745830535,0.0122324042022228,-0.0344827957451343,-0.0090634357184171,0.0481927990913391,0.0213414430618286,-0.0119047509506344,-0.0208955034613609,-0.0400000289082527,-0.0762195140123367,-0.0489130616188049,-0.052805308252573,-0.0315789170563221,-0.0418118089437484,-0.005235597025603,0.0181818008422851,-0.111627958714962,0.0392857640981674,-0.0182648226618766,0.0326460562646389,-0.0912863165140152,-0.0083194989711046,-0.0082304449751973,0.0302013140171766,-0.0040983567014336,0.0651465952396392,0.0472103580832481,0.0825688019394874,-0.0371901430189609,-0.0254237055778503,-0.0546874478459358,0.0666666701436042,-0.055350586771965,-0.0081521663814783,-0.0036764671094715,0.0219177864491939,-0.0072992630302906,-0.0509383529424667,-0.003636360168457,0.0225988496094942,0.0576923452317714,-0.0441988557577133,-0.0681003779172897,-0.0231213644146919,-0.0210526119917631,0.0029585768934339,0.0,0.0442477427423,0.0070671313442289,-0.0677966102957725,0.0071174311451613,0.0060606002807617,-0.0602006912231445,0.0391566604375839,0.0204777959734201,0.0028985480312258,0.0772058963775634,-0.0173410233110189,-0.0250895824283361,-0.029411805793643,-0.0542373172938823,-0.0060606002807617,-0.0296052359044551,0.0396341830492019,-0.0129870008677244,0.0,-0.1020408570766449,0.03433483466506,0.0660377889871597,0.0858369348008258,0.0366972112847245,0.0901287765197411,0.0610328023041575,0.0815450928018639,0.0761905205720356,0.1630901843064605,0.1649484162155148,0.4377682476889735,0.3452381354608302,0.4635193983384966,-0.3411078822404914,2019-02-08,2019-02-11,2019-02-12,2019-02-13,2019-02-14,2019-02-15,2019-02-19,2019-02-20,2019-02-21,2019-02-22,14690.0,2019-02-07,252.0,3.0973%,-0.0034,1.4528,2.5053,-0.1689,3.7008%,4.2753%,25.0723%,0.0484159999999999,ARDX,14690.0,2019-02-08,252.0,3.4335%,-0.0035,1.4487,2.4419,-0.2281,3.6870%,4.2605%,25.1105%,0.0305089999999999,ARDX,14690.0,2019-02-11,252.0,4.9792%,-0.0033,1.4154,2.5217,-0.2024,3.6885%,4.2535%,24.8030%,0.0320719999999999,ARDX,14690.0,2019-02-12,252.0,0.3953%,-0.003,1.4548,2.462,-0.1716,3.6556%,4.2274%,25.2219%,-0.016246,ARDX,14690.0,2019-02-13,252.0,2.3622%,-0.0029,1.4587,2.4639,-0.1661,3.6580%,4.2304%,25.2278%,0.018092,ARDX,14690.0,2019-02-14,252.0,-3.0769%,-0.0031,1.4669,2.4424,-0.1411,3.6651%,4.2323%,25.0099%,-0.041582,ARDX,14690.0,2019-02-15,252.0,3.5714%,-0.0029,1.5059,2.4793,-0.0753,3.6601%,4.2389%,25.4440%,0.01361,ARDX,14690.0,2019-02-19,252.0,0.0000%,-0.003,1.4947,2.4887,-0.0637,3.6551%,4.2291%,25.3034%,-0.009925,ARDX,14690.0,2019-02-20,252.0,0.7663%,-0.0029,1.4991,2.516,-0.0432,3.6465%,4.2250%,25.5121%,-0.000402,ARDX,14690.0,2019-02-21,252.0,-3.0418%,-0.0031,1.5146,2.5431,-0.0147,3.6438%,4.2282%,25.7312%,-0.02331,ARDX,14690.0,2019-02-22,252.0,6.2745%,-0.0027,1.5058,2.6249,-0.0454,3.6372%,4.2403%,26.4209%,0.038597,ARDX,0.078925,0.1109969999999999,0.0947509999999999,0.0712609999999999,0.089831
35603,ARROW ELECTRONICS INC,"Arrow Electronics Sees Q1 Adj. EPS $1.84-$1.96 vs $1.90 Est., Sales $6.78B-$7.18B vs $7.04B Est.",6,uncertain,0.6,0.2,"while arrow electronics' adjusted eps guidance is slightly below estimates, the sales range is also mixed, leading to uncertainty about the overall market reaction.",1,2019-02-07,ARW,2019-02-07 13:20:00+00:00,29209.0,04273510,0.0196916256099939,1186007.0,0.0067335637286305,0.0111344791948795,0.0034074240829795,0.0064600906334817,0.0153439966961741,-0.0002636651042848,0.0078037562780082,-0.0010532482992857,-0.0063913995400071,0.005960224661976,0.0043296157382428,0.0109801776707172,-0.0017243426991626,-0.0045320759527385,0.0115977143868804,-0.0072780610062181,-0.0026832690928131,0.0210781991481781,0.00207907310687,0.0123102385550737,-0.000610239803791,-0.00813998747617,-0.0129441637545824,-0.0212454982101917,-0.0081653306260705,0.015370087698102,-0.0058625573292374,0.0121451886370778,0.0072773131541907,-0.0038064001128077,-0.007847499102354,0.002179782371968,-0.0085373548790812,-0.0016321425791829,-0.0129163516685366,0.0136494953185319,-0.0069274315610527,0.0227016452699899,-0.0032295568380504,0.0121307047083973,0.0116639947518706,-0.0027042760048061,-0.001409180345945,0.0160520691424608,0.0070558446459472,0.0384442918002605,-0.0099362898617982,-0.0425594039261341,0.0106793856248259,0.0087020471692085,-0.0029281140305101,0.0104044415056705,-0.0003830283239949,0.0036770114675164,-0.001277282834053,0.0161409974098205,0.0222534574568271,0.057865671813488,-0.040910754352808,-0.0352348648011684,-0.0092617617920041,-0.029316009953618,0.0007900617783889,-0.0174570400267839,-0.0026312929112464,-0.0237183030694723,0.0092336712405085,0.0074403244070708,0.0071885427460074,-0.0073853749781847,0.0232286658138036,-0.0130360629409551,-0.0041851848363876,-0.008615936152637,0.017065767198801,0.015237046405673,0.0177810937166214,-0.0086713675409555,0.0137795619666576,-0.0030675015877932,0.0080096600577235,-0.0397643744945526,-0.0137250106781721,-0.0095478212460875,0.0139160081744194,-0.0381377264857292,0.0038526330608874,0.0185786709189415,0.0148717379197478,0.0065385117195546,-0.0015363375423476,0.0148640051484108,0.0046159238554537,0.0279671940952539,-0.0087181655690073,-0.010128291323781,0.0097456583753228,0.0074830348603427,-0.0148305334150791,0.0039612199179828,0.0280765369534492,0.0202061999589204,0.0005810043076053,-0.0251324344426393,-0.027177657932043,-0.0191872399300336,0.0145654389634728,0.0068419924937188,-0.0022358489222824,0.0291315838694572,-0.003302261698991,-0.0178983006626367,-0.0119512733072042,0.0119374692440033,-0.0995209291577339,-0.0195076614618301,0.0127676427364349,-0.0028172670863568,-0.0183847863227129,-0.0090401526540517,0.0067335637286305,0.0111344791948795,0.0101639319188233,0.0176664995731168,0.02566388395278,0.0173981764293795,0.0270613302903226,0.0223841384173428,0.0410367604271142,0.0558063440066856,-0.0260449161441449,0.1773948373517242,-0.0503112564719964,0.0261898633044503,2019-02-08,2019-02-11,2019-02-12,2019-02-13,2019-02-14,2019-02-15,2019-02-19,2019-02-20,2019-02-21,2019-02-22,29209.0,2019-02-07,252.0,1.9692%,0.0,1.2239,0.6493,0.2936,0.9437%,1.6153%,65.8682%,0.030691,ARW,29209.0,2019-02-08,252.0,0.6734%,0.0,1.223,0.6366,0.2814,0.9417%,1.6142%,65.9684%,0.007233,ARW,29209.0,2019-02-11,252.0,0.3407%,-0.0,1.2182,0.6367,0.2789,0.9417%,1.5928%,65.0471%,-0.003254,ARW,29209.0,2019-02-12,252.0,1.5344%,0.0001,1.2274,0.6243,0.2858,0.9359%,1.5955%,65.5884%,-0.000977,ARW,29209.0,2019-02-13,252.0,0.7804%,0.0,1.2228,0.6336,0.2883,0.9335%,1.5890%,65.4852%,0.0036919999999999,ARW,29209.0,2019-02-14,252.0,-0.6391%,0.0,1.2239,0.6305,0.292,0.9341%,1.5891%,65.4516%,-0.005546,ARW,29209.0,2019-02-15,252.0,0.4330%,-0.0001,1.2147,0.6209,0.2753,0.9373%,1.5830%,64.9382%,-0.012578,ARW,29209.0,2019-02-19,252.0,-0.1724%,-0.0001,1.2121,0.6185,0.2728,0.9380%,1.5799%,64.7529%,-0.0067589999999999,ARW,29209.0,2019-02-20,252.0,1.1598%,-0.0001,1.2138,0.6217,0.2786,0.9388%,1.5813%,64.7542%,0.0063339999999999,ARW,29209.0,2019-02-21,252.0,-0.2683%,-0.0001,1.2175,0.6299,0.2855,0.9358%,1.5814%,64.9814%,0.002784,ARW,29209.0,2019-02-22,252.0,0.2079%,-0.0001,1.2179,0.6386,0.2977,0.9352%,1.5808%,64.9996%,-0.005203,ARW,0.037924,0.03467,0.033693,0.031839,0.016417
35611,ARROW ELECTRONICS INC,"Arrow Electronics Q4 Adj. EPS $2.57 Beats $2.56 Estimate, Sales $7.92B Miss $7.94B Estimate",6,uncertain,0.6,0.2,"while the adjusted eps beat estimates, the sales miss could create mixed reactions among investors, leading to uncertainty in the stock price movement.",1,2019-02-07,ARW,2019-02-07 13:19:00+00:00,29209.0,04273510,0.0196916256099939,1186007.0,0.0067335637286305,0.0111344791948795,0.0034074240829795,0.0064600906334817,0.0153439966961741,-0.0002636651042848,0.0078037562780082,-0.0010532482992857,-0.0063913995400071,0.005960224661976,0.0043296157382428,0.0109801776707172,-0.0017243426991626,-0.0045320759527385,0.0115977143868804,-0.0072780610062181,-0.0026832690928131,0.0210781991481781,0.00207907310687,0.0123102385550737,-0.000610239803791,-0.00813998747617,-0.0129441637545824,-0.0212454982101917,-0.0081653306260705,0.015370087698102,-0.0058625573292374,0.0121451886370778,0.0072773131541907,-0.0038064001128077,-0.007847499102354,0.002179782371968,-0.0085373548790812,-0.0016321425791829,-0.0129163516685366,0.0136494953185319,-0.0069274315610527,0.0227016452699899,-0.0032295568380504,0.0121307047083973,0.0116639947518706,-0.0027042760048061,-0.001409180345945,0.0160520691424608,0.0070558446459472,0.0384442918002605,-0.0099362898617982,-0.0425594039261341,0.0106793856248259,0.0087020471692085,-0.0029281140305101,0.0104044415056705,-0.0003830283239949,0.0036770114675164,-0.001277282834053,0.0161409974098205,0.0222534574568271,0.057865671813488,-0.040910754352808,-0.0352348648011684,-0.0092617617920041,-0.029316009953618,0.0007900617783889,-0.0174570400267839,-0.0026312929112464,-0.0237183030694723,0.0092336712405085,0.0074403244070708,0.0071885427460074,-0.0073853749781847,0.0232286658138036,-0.0130360629409551,-0.0041851848363876,-0.008615936152637,0.017065767198801,0.015237046405673,0.0177810937166214,-0.0086713675409555,0.0137795619666576,-0.0030675015877932,0.0080096600577235,-0.0397643744945526,-0.0137250106781721,-0.0095478212460875,0.0139160081744194,-0.0381377264857292,0.0038526330608874,0.0185786709189415,0.0148717379197478,0.0065385117195546,-0.0015363375423476,0.0148640051484108,0.0046159238554537,0.0279671940952539,-0.0087181655690073,-0.010128291323781,0.0097456583753228,0.0074830348603427,-0.0148305334150791,0.0039612199179828,0.0280765369534492,0.0202061999589204,0.0005810043076053,-0.0251324344426393,-0.027177657932043,-0.0191872399300336,0.0145654389634728,0.0068419924937188,-0.0022358489222824,0.0291315838694572,-0.003302261698991,-0.0178983006626367,-0.0119512733072042,0.0119374692440033,-0.0995209291577339,-0.0195076614618301,0.0127676427364349,-0.0028172670863568,-0.0183847863227129,-0.0090401526540517,0.0067335637286305,0.0111344791948795,0.0101639319188233,0.0176664995731168,0.02566388395278,0.0173981764293795,0.0270613302903226,0.0223841384173428,0.0410367604271142,0.0558063440066856,-0.0260449161441449,0.1773948373517242,-0.0503112564719964,0.0261898633044503,2019-02-08,2019-02-11,2019-02-12,2019-02-13,2019-02-14,2019-02-15,2019-02-19,2019-02-20,2019-02-21,2019-02-22,29209.0,2019-02-07,252.0,1.9692%,0.0,1.2239,0.6493,0.2936,0.9437%,1.6153%,65.8682%,0.030691,ARW,29209.0,2019-02-08,252.0,0.6734%,0.0,1.223,0.6366,0.2814,0.9417%,1.6142%,65.9684%,0.007233,ARW,29209.0,2019-02-11,252.0,0.3407%,-0.0,1.2182,0.6367,0.2789,0.9417%,1.5928%,65.0471%,-0.003254,ARW,29209.0,2019-02-12,252.0,1.5344%,0.0001,1.2274,0.6243,0.2858,0.9359%,1.5955%,65.5884%,-0.000977,ARW,29209.0,2019-02-13,252.0,0.7804%,0.0,1.2228,0.6336,0.2883,0.9335%,1.5890%,65.4852%,0.0036919999999999,ARW,29209.0,2019-02-14,252.0,-0.6391%,0.0,1.2239,0.6305,0.292,0.9341%,1.5891%,65.4516%,-0.005546,ARW,29209.0,2019-02-15,252.0,0.4330%,-0.0001,1.2147,0.6209,0.2753,0.9373%,1.5830%,64.9382%,-0.012578,ARW,29209.0,2019-02-19,252.0,-0.1724%,-0.0001,1.2121,0.6185,0.2728,0.9380%,1.5799%,64.7529%,-0.0067589999999999,ARW,29209.0,2019-02-20,252.0,1.1598%,-0.0001,1.2138,0.6217,0.2786,0.9388%,1.5813%,64.7542%,0.0063339999999999,ARW,29209.0,2019-02-21,252.0,-0.2683%,-0.0001,1.2175,0.6299,0.2855,0.9358%,1.5814%,64.9814%,0.002784,ARW,29209.0,2019-02-22,252.0,0.2079%,-0.0001,1.2179,0.6386,0.2977,0.9352%,1.5808%,64.9996%,-0.005203,ARW,0.037924,0.03467,0.033693,0.031839,0.016417
35619,ARROW ELECTRONICS INC,"Arrow Electronics Sees Q1 Adj. EPS $1.84-$1.96 vs $1.90 Estimate, Sales $6.775B-$7.175B vs $7.04B Est.",6,uncertain,0.6,0.2,"while the adjusted eps guidance is slightly below the estimate, the sales range is also mixed, making the overall impact on the stock price uncertain.",1,2019-02-07,ARW,2019-02-07 13:06:00+00:00,29209.0,04273510,0.0196916256099939,1186007.0,0.0067335637286305,0.0111344791948795,0.0034074240829795,0.0064600906334817,0.0153439966961741,-0.0002636651042848,0.0078037562780082,-0.0010532482992857,-0.0063913995400071,0.005960224661976,0.0043296157382428,0.0109801776707172,-0.0017243426991626,-0.0045320759527385,0.0115977143868804,-0.0072780610062181,-0.0026832690928131,0.0210781991481781,0.00207907310687,0.0123102385550737,-0.000610239803791,-0.00813998747617,-0.0129441637545824,-0.0212454982101917,-0.0081653306260705,0.015370087698102,-0.0058625573292374,0.0121451886370778,0.0072773131541907,-0.0038064001128077,-0.007847499102354,0.002179782371968,-0.0085373548790812,-0.0016321425791829,-0.0129163516685366,0.0136494953185319,-0.0069274315610527,0.0227016452699899,-0.0032295568380504,0.0121307047083973,0.0116639947518706,-0.0027042760048061,-0.001409180345945,0.0160520691424608,0.0070558446459472,0.0384442918002605,-0.0099362898617982,-0.0425594039261341,0.0106793856248259,0.0087020471692085,-0.0029281140305101,0.0104044415056705,-0.0003830283239949,0.0036770114675164,-0.001277282834053,0.0161409974098205,0.0222534574568271,0.057865671813488,-0.040910754352808,-0.0352348648011684,-0.0092617617920041,-0.029316009953618,0.0007900617783889,-0.0174570400267839,-0.0026312929112464,-0.0237183030694723,0.0092336712405085,0.0074403244070708,0.0071885427460074,-0.0073853749781847,0.0232286658138036,-0.0130360629409551,-0.0041851848363876,-0.008615936152637,0.017065767198801,0.015237046405673,0.0177810937166214,-0.0086713675409555,0.0137795619666576,-0.0030675015877932,0.0080096600577235,-0.0397643744945526,-0.0137250106781721,-0.0095478212460875,0.0139160081744194,-0.0381377264857292,0.0038526330608874,0.0185786709189415,0.0148717379197478,0.0065385117195546,-0.0015363375423476,0.0148640051484108,0.0046159238554537,0.0279671940952539,-0.0087181655690073,-0.010128291323781,0.0097456583753228,0.0074830348603427,-0.0148305334150791,0.0039612199179828,0.0280765369534492,0.0202061999589204,0.0005810043076053,-0.0251324344426393,-0.027177657932043,-0.0191872399300336,0.0145654389634728,0.0068419924937188,-0.0022358489222824,0.0291315838694572,-0.003302261698991,-0.0178983006626367,-0.0119512733072042,0.0119374692440033,-0.0995209291577339,-0.0195076614618301,0.0127676427364349,-0.0028172670863568,-0.0183847863227129,-0.0090401526540517,0.0067335637286305,0.0111344791948795,0.0101639319188233,0.0176664995731168,0.02566388395278,0.0173981764293795,0.0270613302903226,0.0223841384173428,0.0410367604271142,0.0558063440066856,-0.0260449161441449,0.1773948373517242,-0.0503112564719964,0.0261898633044503,2019-02-08,2019-02-11,2019-02-12,2019-02-13,2019-02-14,2019-02-15,2019-02-19,2019-02-20,2019-02-21,2019-02-22,29209.0,2019-02-07,252.0,1.9692%,0.0,1.2239,0.6493,0.2936,0.9437%,1.6153%,65.8682%,0.030691,ARW,29209.0,2019-02-08,252.0,0.6734%,0.0,1.223,0.6366,0.2814,0.9417%,1.6142%,65.9684%,0.007233,ARW,29209.0,2019-02-11,252.0,0.3407%,-0.0,1.2182,0.6367,0.2789,0.9417%,1.5928%,65.0471%,-0.003254,ARW,29209.0,2019-02-12,252.0,1.5344%,0.0001,1.2274,0.6243,0.2858,0.9359%,1.5955%,65.5884%,-0.000977,ARW,29209.0,2019-02-13,252.0,0.7804%,0.0,1.2228,0.6336,0.2883,0.9335%,1.5890%,65.4852%,0.0036919999999999,ARW,29209.0,2019-02-14,252.0,-0.6391%,0.0,1.2239,0.6305,0.292,0.9341%,1.5891%,65.4516%,-0.005546,ARW,29209.0,2019-02-15,252.0,0.4330%,-0.0001,1.2147,0.6209,0.2753,0.9373%,1.5830%,64.9382%,-0.012578,ARW,29209.0,2019-02-19,252.0,-0.1724%,-0.0001,1.2121,0.6185,0.2728,0.9380%,1.5799%,64.7529%,-0.0067589999999999,ARW,29209.0,2019-02-20,252.0,1.1598%,-0.0001,1.2138,0.6217,0.2786,0.9388%,1.5813%,64.7542%,0.0063339999999999,ARW,29209.0,2019-02-21,252.0,-0.2683%,-0.0001,1.2175,0.6299,0.2855,0.9358%,1.5814%,64.9814%,0.002784,ARW,29209.0,2019-02-22,252.0,0.2079%,-0.0001,1.2179,0.6386,0.2977,0.9352%,1.5808%,64.9996%,-0.005203,ARW,0.037924,0.03467,0.033693,0.031839,0.016417
35627,ARROW ELECTRONICS INC,"Arrow Electronics Q4 EPS $2.57 Beats $2.56 Estimate, Sales $7.92B Miss $7.94B Estimate",6,uncertain,0.6,0.2,"while arrow electronics beat eps estimates, the miss on sales could create mixed reactions among investors, leading to uncertainty in stock price movement.",1,2019-02-07,ARW,2019-02-07 13:04:00+00:00,29209.0,04273510,0.0196916256099939,1186007.0,0.0067335637286305,0.0111344791948795,0.0034074240829795,0.0064600906334817,0.0153439966961741,-0.0002636651042848,0.0078037562780082,-0.0010532482992857,-0.0063913995400071,0.005960224661976,0.0043296157382428,0.0109801776707172,-0.0017243426991626,-0.0045320759527385,0.0115977143868804,-0.0072780610062181,-0.0026832690928131,0.0210781991481781,0.00207907310687,0.0123102385550737,-0.000610239803791,-0.00813998747617,-0.0129441637545824,-0.0212454982101917,-0.0081653306260705,0.015370087698102,-0.0058625573292374,0.0121451886370778,0.0072773131541907,-0.0038064001128077,-0.007847499102354,0.002179782371968,-0.0085373548790812,-0.0016321425791829,-0.0129163516685366,0.0136494953185319,-0.0069274315610527,0.0227016452699899,-0.0032295568380504,0.0121307047083973,0.0116639947518706,-0.0027042760048061,-0.001409180345945,0.0160520691424608,0.0070558446459472,0.0384442918002605,-0.0099362898617982,-0.0425594039261341,0.0106793856248259,0.0087020471692085,-0.0029281140305101,0.0104044415056705,-0.0003830283239949,0.0036770114675164,-0.001277282834053,0.0161409974098205,0.0222534574568271,0.057865671813488,-0.040910754352808,-0.0352348648011684,-0.0092617617920041,-0.029316009953618,0.0007900617783889,-0.0174570400267839,-0.0026312929112464,-0.0237183030694723,0.0092336712405085,0.0074403244070708,0.0071885427460074,-0.0073853749781847,0.0232286658138036,-0.0130360629409551,-0.0041851848363876,-0.008615936152637,0.017065767198801,0.015237046405673,0.0177810937166214,-0.0086713675409555,0.0137795619666576,-0.0030675015877932,0.0080096600577235,-0.0397643744945526,-0.0137250106781721,-0.0095478212460875,0.0139160081744194,-0.0381377264857292,0.0038526330608874,0.0185786709189415,0.0148717379197478,0.0065385117195546,-0.0015363375423476,0.0148640051484108,0.0046159238554537,0.0279671940952539,-0.0087181655690073,-0.010128291323781,0.0097456583753228,0.0074830348603427,-0.0148305334150791,0.0039612199179828,0.0280765369534492,0.0202061999589204,0.0005810043076053,-0.0251324344426393,-0.027177657932043,-0.0191872399300336,0.0145654389634728,0.0068419924937188,-0.0022358489222824,0.0291315838694572,-0.003302261698991,-0.0178983006626367,-0.0119512733072042,0.0119374692440033,-0.0995209291577339,-0.0195076614618301,0.0127676427364349,-0.0028172670863568,-0.0183847863227129,-0.0090401526540517,0.0067335637286305,0.0111344791948795,0.0101639319188233,0.0176664995731168,0.02566388395278,0.0173981764293795,0.0270613302903226,0.0223841384173428,0.0410367604271142,0.0558063440066856,-0.0260449161441449,0.1773948373517242,-0.0503112564719964,0.0261898633044503,2019-02-08,2019-02-11,2019-02-12,2019-02-13,2019-02-14,2019-02-15,2019-02-19,2019-02-20,2019-02-21,2019-02-22,29209.0,2019-02-07,252.0,1.9692%,0.0,1.2239,0.6493,0.2936,0.9437%,1.6153%,65.8682%,0.030691,ARW,29209.0,2019-02-08,252.0,0.6734%,0.0,1.223,0.6366,0.2814,0.9417%,1.6142%,65.9684%,0.007233,ARW,29209.0,2019-02-11,252.0,0.3407%,-0.0,1.2182,0.6367,0.2789,0.9417%,1.5928%,65.0471%,-0.003254,ARW,29209.0,2019-02-12,252.0,1.5344%,0.0001,1.2274,0.6243,0.2858,0.9359%,1.5955%,65.5884%,-0.000977,ARW,29209.0,2019-02-13,252.0,0.7804%,0.0,1.2228,0.6336,0.2883,0.9335%,1.5890%,65.4852%,0.0036919999999999,ARW,29209.0,2019-02-14,252.0,-0.6391%,0.0,1.2239,0.6305,0.292,0.9341%,1.5891%,65.4516%,-0.005546,ARW,29209.0,2019-02-15,252.0,0.4330%,-0.0001,1.2147,0.6209,0.2753,0.9373%,1.5830%,64.9382%,-0.012578,ARW,29209.0,2019-02-19,252.0,-0.1724%,-0.0001,1.2121,0.6185,0.2728,0.9380%,1.5799%,64.7529%,-0.0067589999999999,ARW,29209.0,2019-02-20,252.0,1.1598%,-0.0001,1.2138,0.6217,0.2786,0.9388%,1.5813%,64.7542%,0.0063339999999999,ARW,29209.0,2019-02-21,252.0,-0.2683%,-0.0001,1.2175,0.6299,0.2855,0.9358%,1.5814%,64.9814%,0.002784,ARW,29209.0,2019-02-22,252.0,0.2079%,-0.0001,1.2179,0.6386,0.2977,0.9352%,1.5808%,64.9996%,-0.005203,ARW,0.037924,0.03467,0.033693,0.031839,0.016417
35635,ARROWHEAD PHARMACEUTICALS INC,"Arrowhead Research Q1 EPS $0.13 May Not compare To $0.54 Estimate, Sales $34.66M May Not Compare To $74.76M Estimate",6,decrease,0.8,0.7,"the significant miss on both eps and sales estimates typically leads to negative investor sentiment, likely resulting in a decrease in stock price.",0,2019-02-07,ARWR,2019-02-07 21:01:00+00:00,80069.0,04280A10,-0.0390173383057117,1638218.0,0.1774435788393021,0.0021723194513469,0.080459788441658,-0.037630658596754,0.025413729250431,0.0034965167287737,-0.0040345643647015,0.0127478968352079,0.0190972164273262,0.0367107205092907,0.0176036041229963,0.031818188726902,0.0117186987772584,0.0015174130676314,-0.0016546486876904,-0.0393585972487926,-0.00441988511011,0.0513410009443759,0.0210876334458589,0.0187353435903787,0.0391305014491081,-0.022137401625514,0.0015689737629145,-0.0977961421012878,0.028720686212182,-0.007518773432821,-0.0091370707377791,0.0082701500505208,0.0338114686310291,-0.0102318972349166,-0.0168483722954988,0.030942304059863,-0.0100806839764118,-0.0437121465802192,-0.0835030227899551,-0.008666674606502,0.0072221755981445,0.0162601470947265,0.0154440542683005,0.0179310496896505,0.035306878387928,0.0276399962604045,0.0136411460116505,0.070561408996582,-0.0010352204553782,0.0937759429216384,-0.0388601049780845,-0.0815548524260521,0.0037736713420599,0.0563606917858123,0.0139633892104029,0.040201049298048,-0.0026482648681849,-0.0025063229259103,-0.0154009032994508,0.0008361395448446,0.028586771339178,0.1135940700769424,-0.0681698620319366,-0.0419268757104873,0.0168823432177305,-0.1289821118116379,0.0193691421300172,-0.0431226715445518,-0.0358306095004081,-0.0203932803124189,0.0185810774564743,-0.0164756793528795,0.0143725937232375,-0.0251396410167217,-0.0027248580008745,-0.0324324667453765,0.0262295883148908,-0.0256747473031282,0.0378061272203922,0.1152716353535652,-0.0071831396780908,-0.0029282548930495,0.0325580947101116,0.0403655543923378,-0.0115114888176322,-0.0366837866604328,-0.0268354769796133,0.0073910113424062,0.0140478909015655,-0.1033797487616539,-0.0225757081061601,0.039256177842617,-0.0383201874792575,-0.0061601097695529,0.018013097345829,-0.0128378737717866,0.0321716032922267,0.1028316020965576,-0.0451948493719101,-0.0059259203262627,-0.0114254131913185,0.0384615398943424,0.0198129117488861,0.0038610186893492,0.0291418768465519,0.0528454966843128,-0.0068169459700584,0.0073710200376808,0.0058077457360923,-0.0881254896521568,-0.0026246318593621,0.0315871201455593,-0.0347368344664573,0.0762851685285568,-0.0196292586624622,-0.0328788980841636,-0.0305895023047924,-0.0280592087656259,0.0218014437705278,-0.1145617589354515,0.0185289122164249,-0.0560260973870754,0.0226019769906997,-0.0412242263555526,0.177443578839302,0.0021723194513469,0.272180440094701,-0.0355400849570438,0.3045112893569619,-0.0321678347298645,0.3240601777966871,0.0161527364163891,0.3834585999418491,0.0804059086731476,0.3360902475352441,0.2346119747280788,0.3947367754350963,-0.135540279663873,2019-02-08,2019-02-11,2019-02-12,2019-02-13,2019-02-14,2019-02-15,2019-02-19,2019-02-20,2019-02-21,2019-02-22,80069.0,2019-02-07,252.0,-3.9017%,0.0037,1.9555,1.9351,-1.5009,4.4491%,5.3372%,30.5114%,-0.012544,ARWR,80069.0,2019-02-08,252.0,17.7444%,0.0042,1.9284,1.8767,-1.653,4.5597%,5.4454%,29.8841%,0.16426,ARWR,80069.0,2019-02-11,252.0,8.0460%,0.0044,1.9751,1.9202,-1.605,4.5748%,5.4601%,29.7990%,0.069076,ARWR,80069.0,2019-02-12,252.0,2.5414%,0.0045,1.988,1.897,-1.5942,4.5712%,5.4603%,29.9155%,-0.00466,ARWR,80069.0,2019-02-13,252.0,-0.4035%,0.0047,2.0217,1.8344,-1.6088,4.5454%,5.4492%,30.4195%,-0.009723,ARWR,80069.0,2019-02-14,252.0,1.9097%,0.0049,2.0247,1.8358,-1.6153,4.5366%,5.4454%,30.5929%,0.004373,ARWR,80069.0,2019-02-15,252.0,1.7604%,0.0047,1.9973,1.8104,-1.661,4.5335%,5.4353%,30.4309%,-0.002212,ARWR,80069.0,2019-02-19,252.0,1.1719%,0.0046,1.9887,1.8249,-1.6439,4.5298%,5.4223%,30.2102%,0.007557,ARWR,80069.0,2019-02-20,252.0,-0.1655%,0.0048,1.9923,1.8566,-1.6248,4.5171%,5.4131%,30.3658%,-0.0005059999999999,ARWR,80069.0,2019-02-21,252.0,-0.4420%,0.0047,2.0023,1.8759,-1.6065,4.5144%,5.4132%,30.4503%,0.000414,ARWR,80069.0,2019-02-22,252.0,2.1088%,0.0047,2.0053,1.9054,-1.543,4.5153%,5.4117%,30.3837%,-0.02596,ARWR,0.151716,0.220792,0.216132,0.2107819999999999,0.1900749999999999
35643,AMTECH SYSTEMS INC,Amtech Systems Sees Q2 Sales $27M-$29M vs $29.03M Est.,6,decrease,0.75,0.6,"the projected sales for q2 are below the analyst estimate, which is likely to lead to a negative reaction in the stock price.",0,2019-02-07,ASYS,2019-02-07 21:45:00+00:00,65008.0,03233250,-0.0134099042043089,117254.0,0.0,-0.0019120896467939,-0.0699029341340065,-0.0019083496881648,0.0229645371437072,0.0174756646156311,-0.006122491788119,0.0238568354398012,-0.0061601097695529,0.0,0.0123966820538044,0.0545073859393596,0.0142856519669294,0.0042105223983526,0.0181086827069521,0.0,-0.023715391755104,0.0281385537236928,-0.006072917021811,-0.0375000610947608,-0.0101832412183284,0.0191083122044801,-0.0020576601382344,0.0021277084015309,0.0185567326843738,0.0173160005360841,-0.0323886312544345,0.0065358891151845,0.0125522883608937,0.0021834562066942,-0.0041322275064885,-0.0213675014674663,-0.0103734834119677,-0.0147368786856532,-0.0041928682476282,-0.0145228570327162,0.0042105223983526,0.0168777219951152,0.020964341238141,0.0085106305778026,0.0061602075584232,-0.0063425390981137,0.00612239446491,0.0172042846679687,0.0202840529382228,-0.0210526119917631,0.0,-0.0266393665224313,0.0357852540910244,0.077262669801712,0.0134357335045933,-0.0087527269497513,0.0151514997705817,0.0133037557825446,0.0018656253814697,0.0273349359631538,-0.0297951307147741,0.0893299356102943,0.0019193382468074,-0.053990613669157,0.0019157527713105,-0.0637362524867057,0.0191204398870468,0.0411900021135807,0.0037523417267948,-0.0721868649125099,-0.0112149426713585,0.0172786004841327,0.0075614294037222,0.0427928045392036,0.0112570254132151,-0.0788381919264793,0.0278293322771787,-0.0801526010036468,0.014440419152379,0.0376236774027347,0.1192170977592468,0.0,0.060413371771574,-0.0136718153953552,-0.0269865524023771,-0.0096712168306112,-0.0215716287493705,-0.0263653229922056,0.02992126904428,-0.0056180167011916,-0.0061162021011114,-0.0290908813476562,0.0430769547820091,-0.0125673552975058,-0.0014749600086361,-0.0124112935736775,0.0295420698821544,-0.0087873796001076,-0.0387374460697174,0.0307971145957708,-0.0104477163404226,-0.0071942377835512,0.004524846561253,0.0164534114301204,-0.0225224662572145,0.0478927232325077,-0.0092166541144251,0.0116278966888785,-0.0062015447765588,-0.0264151580631732,-0.0109203895553946,0.0018904024036601,0.009463713504374,0.0392926931381225,0.0343749672174453,0.0180000308901071,-0.0166162624955177,0.0224949158728122,0.0138248344883322,0.0124223483726382,0.0196969881653785,0.0020746372174471,-0.002971765352413,-0.002070341957733,0.0,-0.0019120896467939,-0.0699029341340065,-0.0038167903992776,-0.0485436855176737,0.0135921732674275,-0.0601941599423638,0.0377732749481389,-0.0466019859848712,0.0874999147581456,0.0135921785496162,0.2253519974196989,0.3029126072795753,0.0807453232981005,2019-02-08,2019-02-11,2019-02-12,2019-02-13,2019-02-14,2019-02-15,2019-02-19,2019-02-20,2019-02-21,2019-02-22,65008.0,2019-02-07,252.0,-1.3410%,-0.0016,1.2163,0.9126,0.7884,3.1647%,3.4064%,13.6889%,-0.004059,ASYS,65008.0,2019-02-08,252.0,0.0000%,-0.0015,1.2151,0.9209,0.7887,3.1642%,3.4060%,13.6965%,0.003789,ASYS,65008.0,2019-02-11,252.0,-6.9903%,-0.0018,1.2047,0.8251,0.7314,3.2017%,3.4280%,12.7658%,-0.079596,ASYS,65008.0,2019-02-12,252.0,2.2965%,-0.0017,1.2243,0.8069,0.7446,3.1983%,3.4306%,13.0851%,0.007559,ASYS,65008.0,2019-02-13,252.0,-0.6122%,-0.0017,1.2304,0.7929,0.74,3.1972%,3.4306%,13.1452%,-0.010656,ASYS,65008.0,2019-02-14,252.0,-0.6160%,-0.0015,1.2334,0.7932,0.7353,3.1882%,3.4235%,13.2726%,-0.003507,ASYS,65008.0,2019-02-15,252.0,1.2397%,-0.0015,1.2435,0.8018,0.7511,3.1866%,3.4243%,13.3972%,-0.007153,ASYS,65008.0,2019-02-19,252.0,1.4286%,-0.0015,1.2439,0.8091,0.7593,3.1870%,3.4246%,13.3957%,0.007244,ASYS,65008.0,2019-02-20,252.0,1.8109%,-0.0012,1.2512,0.8446,0.7902,3.1754%,3.4176%,13.6717%,0.009689,ASYS,65008.0,2019-02-21,252.0,-2.3715%,-0.0014,1.2694,0.8783,0.8237,3.1665%,3.4160%,14.0752%,-0.016777,ASYS,65008.0,2019-02-22,252.0,-0.6073%,-0.0013,1.2677,0.9433,0.8626,3.1515%,3.4041%,14.2908%,-0.007146,ASYS,-0.0002699999999999,-0.079866,-0.072307,-0.08647,-0.100613
35651,AMTECH SYSTEMS INC,"Amsmtech Syste Q1 Adj. EPS $(0.17) Beats $(0.20) Estimate, Sales $29.5M Beat $27.7M Estimate",6,increase,0.8,0.6,"the company reported better-than-expected earnings and sales, which typically boosts investor confidence and can lead to an increase in stock price.",2,2019-02-07,ASYS,2019-02-07 21:44:00+00:00,65008.0,03233250,-0.0134099042043089,117254.0,0.0,-0.0019120896467939,-0.0699029341340065,-0.0019083496881648,0.0229645371437072,0.0174756646156311,-0.006122491788119,0.0238568354398012,-0.0061601097695529,0.0,0.0123966820538044,0.0545073859393596,0.0142856519669294,0.0042105223983526,0.0181086827069521,0.0,-0.023715391755104,0.0281385537236928,-0.006072917021811,-0.0375000610947608,-0.0101832412183284,0.0191083122044801,-0.0020576601382344,0.0021277084015309,0.0185567326843738,0.0173160005360841,-0.0323886312544345,0.0065358891151845,0.0125522883608937,0.0021834562066942,-0.0041322275064885,-0.0213675014674663,-0.0103734834119677,-0.0147368786856532,-0.0041928682476282,-0.0145228570327162,0.0042105223983526,0.0168777219951152,0.020964341238141,0.0085106305778026,0.0061602075584232,-0.0063425390981137,0.00612239446491,0.0172042846679687,0.0202840529382228,-0.0210526119917631,0.0,-0.0266393665224313,0.0357852540910244,0.077262669801712,0.0134357335045933,-0.0087527269497513,0.0151514997705817,0.0133037557825446,0.0018656253814697,0.0273349359631538,-0.0297951307147741,0.0893299356102943,0.0019193382468074,-0.053990613669157,0.0019157527713105,-0.0637362524867057,0.0191204398870468,0.0411900021135807,0.0037523417267948,-0.0721868649125099,-0.0112149426713585,0.0172786004841327,0.0075614294037222,0.0427928045392036,0.0112570254132151,-0.0788381919264793,0.0278293322771787,-0.0801526010036468,0.014440419152379,0.0376236774027347,0.1192170977592468,0.0,0.060413371771574,-0.0136718153953552,-0.0269865524023771,-0.0096712168306112,-0.0215716287493705,-0.0263653229922056,0.02992126904428,-0.0056180167011916,-0.0061162021011114,-0.0290908813476562,0.0430769547820091,-0.0125673552975058,-0.0014749600086361,-0.0124112935736775,0.0295420698821544,-0.0087873796001076,-0.0387374460697174,0.0307971145957708,-0.0104477163404226,-0.0071942377835512,0.004524846561253,0.0164534114301204,-0.0225224662572145,0.0478927232325077,-0.0092166541144251,0.0116278966888785,-0.0062015447765588,-0.0264151580631732,-0.0109203895553946,0.0018904024036601,0.009463713504374,0.0392926931381225,0.0343749672174453,0.0180000308901071,-0.0166162624955177,0.0224949158728122,0.0138248344883322,0.0124223483726382,0.0196969881653785,0.0020746372174471,-0.002971765352413,-0.002070341957733,0.0,-0.0019120896467939,-0.0699029341340065,-0.0038167903992776,-0.0485436855176737,0.0135921732674275,-0.0601941599423638,0.0377732749481389,-0.0466019859848712,0.0874999147581456,0.0135921785496162,0.2253519974196989,0.3029126072795753,0.0807453232981005,2019-02-08,2019-02-11,2019-02-12,2019-02-13,2019-02-14,2019-02-15,2019-02-19,2019-02-20,2019-02-21,2019-02-22,65008.0,2019-02-07,252.0,-1.3410%,-0.0016,1.2163,0.9126,0.7884,3.1647%,3.4064%,13.6889%,-0.004059,ASYS,65008.0,2019-02-08,252.0,0.0000%,-0.0015,1.2151,0.9209,0.7887,3.1642%,3.4060%,13.6965%,0.003789,ASYS,65008.0,2019-02-11,252.0,-6.9903%,-0.0018,1.2047,0.8251,0.7314,3.2017%,3.4280%,12.7658%,-0.079596,ASYS,65008.0,2019-02-12,252.0,2.2965%,-0.0017,1.2243,0.8069,0.7446,3.1983%,3.4306%,13.0851%,0.007559,ASYS,65008.0,2019-02-13,252.0,-0.6122%,-0.0017,1.2304,0.7929,0.74,3.1972%,3.4306%,13.1452%,-0.010656,ASYS,65008.0,2019-02-14,252.0,-0.6160%,-0.0015,1.2334,0.7932,0.7353,3.1882%,3.4235%,13.2726%,-0.003507,ASYS,65008.0,2019-02-15,252.0,1.2397%,-0.0015,1.2435,0.8018,0.7511,3.1866%,3.4243%,13.3972%,-0.007153,ASYS,65008.0,2019-02-19,252.0,1.4286%,-0.0015,1.2439,0.8091,0.7593,3.1870%,3.4246%,13.3957%,0.007244,ASYS,65008.0,2019-02-20,252.0,1.8109%,-0.0012,1.2512,0.8446,0.7902,3.1754%,3.4176%,13.6717%,0.009689,ASYS,65008.0,2019-02-21,252.0,-2.3715%,-0.0014,1.2694,0.8783,0.8237,3.1665%,3.4160%,14.0752%,-0.016777,ASYS,65008.0,2019-02-22,252.0,-0.6073%,-0.0013,1.2677,0.9433,0.8626,3.1515%,3.4041%,14.2908%,-0.007146,ASYS,-0.0002699999999999,-0.079866,-0.072307,-0.08647,-0.100613
35659,A10 NETWORKS INC,"A10 Networks Q4 Adj. EPS $0.05 Beats $0.01 Estimate, Sales $61.8M Beat $61.06M Estimate",6,increase,0.8,0.6,"the company reported better-than-expected earnings and sales, which typically boosts investor confidence and can lead to an increase in stock price.",2,2019-02-07,ATEN,2019-02-07 22:25:00+00:00,14495.0,00212110,0.0071326266042888,366751.0,-0.0821529626846313,-0.0014244661433622,0.0216049179434776,0.0028571400325745,0.0075528989546,0.0159651860594749,-0.0014992846408858,0.0147275263443589,0.0015015358803793,0.0134328594431281,0.0044977110810577,0.0213414430618286,0.0014925715513527,0.006134963594377,-0.0074515934102237,-0.0136157562956214,0.0195195376873016,0.0030348983127623,0.0220913253724575,0.0045732026919722,0.007204569876194,0.006134963594377,-0.005722455214709,-0.0283159539103508,0.0,0.0468019023537635,0.0043165772221982,-0.0077399676665663,0.0042980243451893,-0.001545556820929,-0.0128388227894902,0.0351999662816524,-0.0028901705518364,-0.0671641528606414,0.0043477872386574,0.0014947312884032,-0.0043289656750857,0.0198170915246009,-0.0028985480312258,0.0154798617586493,0.0421511568129062,0.0402576476335525,-0.0125523228198289,0.0081169139593839,0.0056497124023735,0.0249583385884761,-0.007022432051599,-0.0306450948119163,0.0198019612580537,-0.0064102504402399,0.0055478448048233,0.0297029428184032,0.0,0.0116861723363399,-0.0082758544012904,-0.0164204239845275,0.0250347461551427,0.051813505589962,-0.0352781228721141,-0.0017241773894056,0.0056258738040924,-0.0301003064960241,-0.0055944002233445,0.0067340000532567,-0.025316497310996,-0.0465489514172077,0.0057720001786947,0.0179738774895668,0.017216695472598,-0.023923460394144,0.0183356329798698,-0.0187793243676424,-0.0138504030182957,-0.0077640046365559,-0.0028089862316846,0.0206022374331951,-0.014084493741393,-0.0109718134626746,-0.0042857443913817,0.052805308252573,-0.0014346847310662,-0.0130293034017086,-0.0086206812411546,0.0065573710016906,-0.0072464044205844,-0.0240000151097774,-0.00437952298671,-0.0079365381971001,0.0175952911376953,0.001589861465618,-0.0129683213308453,-0.0078864656388759,0.0,0.0111643020063638,0.0058394107036292,-0.011041035875678,-0.0029027548152953,0.0359477549791336,0.0203785076737403,0.0497427023947238,0.0042795622721314,0.0,0.0156250186264514,-0.025083627551794,0.0195804014801979,-0.0212766136974096,-0.0754458457231521,-0.0176848322153091,-0.0237388499081134,0.0130293034017086,-0.0182370655238628,-0.0016260534757748,-0.0170278847217559,-0.0096618263050913,0.009448810480535,-0.0205047503113746,0.0124804880470037,-0.0139968395233154,-0.0123266447335481,-0.0092449840158224,-0.0821529626846313,-0.0014244661433622,-0.0623229527587687,0.0014286039899691,-0.0552407727689079,0.0174165979779492,-0.0552407727596395,0.0462687202491229,-0.0169971481780391,0.0685976047887297,0.0070821822732405,0.2086206891426336,-0.0920680006239759,0.0801233336744142,2019-02-08,2019-02-11,2019-02-12,2019-02-13,2019-02-14,2019-02-15,2019-02-19,2019-02-20,2019-02-21,2019-02-22,14495.0,2019-02-07,252.0,0.7133%,0.0004,0.8902,0.811,-0.3174,1.5297%,1.9303%,37.1980%,0.0178259999999999,ATEN,14495.0,2019-02-08,252.0,-8.2153%,0.0002,0.9043,0.8529,-0.2302,1.6155%,1.9942%,34.3753%,-0.0856499999999999,ATEN,14495.0,2019-02-11,252.0,2.1605%,0.0002,0.9367,0.8424,-0.2189,1.6118%,1.9983%,34.9404%,0.015139,ATEN,14495.0,2019-02-12,252.0,0.7553%,0.0001,0.9231,0.8554,-0.2281,1.6083%,1.9926%,34.8532%,-0.005827,ATEN,14495.0,2019-02-13,252.0,-0.1499%,0.0002,0.9306,0.8409,-0.2319,1.6047%,1.9919%,35.1021%,-0.004537,ATEN,14495.0,2019-02-14,252.0,0.1502%,-0.0,0.9284,0.838,-0.2242,1.5840%,1.9720%,35.4832%,-0.002362,ATEN,14495.0,2019-02-15,252.0,0.4498%,0.0,0.9378,0.8457,-0.2101,1.5810%,1.9721%,35.7337%,-0.007113,ATEN,14495.0,2019-02-19,252.0,0.1493%,-0.0,0.9319,0.8519,-0.2025,1.5773%,1.9640%,35.5037%,-0.002211,ATEN,14495.0,2019-02-20,252.0,-0.7452%,-0.0,0.9307,0.8567,-0.2048,1.5749%,1.9626%,35.6035%,-0.010082,ATEN,14495.0,2019-02-21,252.0,1.9520%,0.0001,0.9261,0.8524,-0.2134,1.5815%,1.9658%,35.2759%,0.022992,ATEN,14495.0,2019-02-22,252.0,2.2091%,0.0001,0.9249,0.8553,-0.2253,1.5823%,1.9705%,35.5188%,0.008146,ATEN,-0.067824,-0.0526849999999999,-0.0585119999999999,-0.065411,-0.053679
35667,BANK OF AMERICA CORP,Bank Of America Adds $2.5B To Buyback,6,increase,0.8,0.7,"the announcement of a $2.5 billion buyback typically signals confidence in the company's financial health and can lead to an increase in stock price as it reduces the number of shares outstanding, potentially boosting earnings per share.",2,2019-02-07,BAC,2019-02-07 22:35:00+00:00,59408.0,06050510,-0.0170553345233202,62289176.0,0.001770578790456,-0.0017373573500663,0.0042417435906827,-0.0034625511616468,0.0098557090386748,0.017618041485548,0.0003485614724922,-0.0031612277962267,-0.0108014410361647,-0.0206398479640483,0.0253610853105783,-0.0108880465850234,0.0006869992939755,-0.0080998912453651,0.0096121076494455,0.0016903055366128,-0.0040802084840834,0.0171939469873905,-0.0071697160601615,0.0055324980057775,0.0065337186679244,-0.0058439350686967,0.0006833091028966,-0.0071672042831778,0.0081939147785305,0.0106933237984776,-0.0101591851562261,0.0189806316047906,0.0079092001542449,0.071563147008419,-0.0095530124381184,0.0068258778192102,0.0017223298782482,0.0130618568509817,-0.0082530872896313,0.0116595858708024,-0.0100555103272199,-0.0011646229540929,0.0035026404075324,0.0098000783473253,0.0101221958175301,-0.0019561517983675,0.0,-0.000781878712587,0.0120940003544092,0.0415309630334377,0.0058039659634232,-0.0160256270319223,-0.0054310881532728,0.0129870008677244,0.0177474562078714,0.0102501027286052,-0.00570087460801,0.0008206216734834,-0.0340640880167484,0.0107839163392782,-0.0160614214837551,0.0607127621769905,-0.0415188111364841,-0.0273855905979871,-0.0062939678318798,-0.0306926481425762,0.0137853547930717,-0.0028949419502168,-0.0066151563078165,-0.0118512064218521,0.0110987508669495,0.0,0.0095133632421493,-0.0004085060791112,0.0344327911734581,0.0032786855008453,0.0115627162158489,-0.0048939981497824,-0.0010391647228971,-0.0024409871548414,0.0107489414513111,-0.0072698020376265,-0.0024013617075979,-0.0263468362390995,0.0030949157662689,-0.032344002276659,-0.009598926641047,-0.0207483917474746,0.0062305401079356,-0.0543097779154777,0.0,0.0049296231009066,0.0378397107124328,0.0128387548029422,-0.0109380157664418,-0.013717882335186,0.001340449322015,0.0248738471418619,0.0050201313570141,0.0065312157385051,0.0,0.0218761656433343,0.0006659523933194,-0.0110011417418718,0.0006655726465396,-0.004017483908683,-0.0016627614386379,-0.0133333634585142,0.0019986496772617,0.0,0.0089760795235633,-0.005376330576837,0.0138385528698563,0.0253583453595638,-0.0061748628504574,-0.0198127217590808,-0.0104643460363149,0.0003603686054702,0.0079312548041343,-0.0269986130297184,0.0068852161057293,-0.0121233239769935,-0.0078150369226932,0.0115627162158489,0.001770578790456,-0.0017373573500663,0.006019832722375,-0.0051938928230025,0.0159348714808231,0.0123326424433183,0.005311601664254,-0.0116959115418391,0.0297450478090222,-0.0065698665187111,-0.0386217083852877,0.229353803968024,0.0845314913377732,0.0124030329609647,2019-02-08,2019-02-11,2019-02-12,2019-02-13,2019-02-14,2019-02-15,2019-02-19,2019-02-20,2019-02-21,2019-02-22,59408.0,2019-02-07,252.0,-1.7055%,0.0001,1.3174,-0.1604,1.205,0.8974%,1.6064%,68.7912%,-0.009805,BAC,59408.0,2019-02-08,252.0,0.1771%,0.0001,1.316,-0.1668,1.195,0.8986%,1.6064%,68.7091%,0.008879,BAC,59408.0,2019-02-11,252.0,0.4242%,0.0002,1.3096,-0.16,1.1953,0.8980%,1.5775%,67.5952%,0.0006519999999999,BAC,59408.0,2019-02-12,252.0,0.9856%,0.0001,1.3068,-0.161,1.1941,0.8988%,1.5737%,67.3810%,-0.00599,BAC,59408.0,2019-02-13,252.0,0.0349%,0.0001,1.3012,-0.1532,1.1944,0.8966%,1.5651%,67.1819%,-0.00415,BAC,59408.0,2019-02-14,252.0,-1.0801%,0.0001,1.3013,-0.1535,1.1949,0.8966%,1.5665%,67.2408%,-0.000445,BAC,59408.0,2019-02-15,252.0,2.5361%,0.0001,1.3038,-0.1507,1.1997,0.8971%,1.5658%,67.1732%,0.0052049999999999,BAC,59408.0,2019-02-19,252.0,0.0687%,0.0001,1.3034,-0.1547,1.1952,0.8976%,1.5652%,67.1131%,-0.005052,BAC,59408.0,2019-02-20,252.0,0.9612%,0.0001,1.3045,-0.1482,1.2001,0.8957%,1.5658%,67.2777%,0.000803,BAC,59408.0,2019-02-21,252.0,-0.4080%,0.0001,1.307,-0.1424,1.2047,0.8941%,1.5660%,67.4015%,0.003303,BAC,59408.0,2019-02-22,252.0,-0.7170%,0.0001,1.3067,-0.1444,1.1995,0.8942%,1.5666%,67.4214%,0.002727,BAC,-0.000926,-0.000274,-0.006264,-0.010859,-0.003873
35675,B C E INC,"BCE Earlier Reported Q4 EPS $0.67 Beats $0.65 Estimate, Sales $4.661B Beat $4.43B Estimate",6,increase,0.8,0.6,"the company reported better-than-expected earnings and sales, which typically leads to a positive reaction in stock prices.",2,2019-02-07,BCE,2019-02-07 13:39:00+00:00,29647.0,05534B76,-0.0059728538617491,1212662.0,-0.0009244491811841,-0.0043458929285407,-0.0087902164086699,0.0059825619682669,0.0084014143794775,-0.0034396129194647,-0.0037028430961072,0.0025287496391683,-0.0006968357483856,0.0081112040206789,0.0069734826683998,0.0058275056071579,0.0066943885758519,0.0084626376628875,0.0036688796244561,0.0044864802621304,0.0009138888563029,0.0117056341841816,0.0077607883140444,0.0011958678951486,0.001811959547922,0.0021572422701865,0.0036174508277326,-0.0076117906719446,0.0009011244983412,0.0038204356096684,0.0015755051281303,0.0,-0.0213483311235904,-0.0011924454011023,0.0055109458044171,0.0084174713119864,-0.0009134714491665,-0.0052630957216024,0.0015999929746612,0.0045661767944693,-0.0002281679917359,0.012162490747869,0.0082172285765409,-0.0002431498432997,0.0067920098081231,0.01857815310359,0.0031481760088354,0.0125407576560974,0.0049316571094095,-0.0042458036914467,-0.0099462615326046,0.0075490493327379,0.0086777172982692,0.0053124944679439,0.0047544240951538,0.0005062125856056,-0.0018026550533249,0.0002531220670789,-0.0015801285626366,-0.0075376695021986,-0.0009043842437677,0.0122075164690613,-0.0027155224233865,-0.0160160008817911,0.0029498767107725,-0.0220264680683612,0.0047511104494333,-0.005597457755357,0.0013510780408978,-0.0033955709077417,-0.0056217671371996,-0.0088942050933837,0.0038443726953119,-0.009759577922523,0.0006758003728464,0.0014302158961072,0.006753783673048,-0.0010589893208816,-0.0013417121954262,0.0082919280976057,0.0015673913294449,-0.0023635614197701,-0.002012075856328,-0.0114485481753945,0.0051523195579648,-0.004419689066708,-0.0049029956571757,-0.0044001536443829,0.0058230306021869,0.0055892337113618,0.0037853927351534,0.0013991968007758,0.0064329435117542,-0.0025587487034499,-0.0002203729673055,0.0037356954999268,0.0004409271932672,-0.001398870605044,-0.0008814657339826,-0.0004661025013774,0.002205524360761,0.0163429323583841,-0.0096830688416957,0.0026122205890715,-0.0031110974960029,0.0137217063456773,-0.0080249803140759,-0.0170373264700174,0.0004494484746828,0.0064300224184989,0.0040431334637105,0.0069544580765068,-0.0017897500656545,0.0036101450677961,0.0026894386392086,0.0058096796274185,-0.0020116260275244,0.0097775980830192,-0.0058231158182024,-0.0019517401233315,0.0006758003728464,0.0,-0.0002250860416097,0.0024456416722387,-0.0009244491811841,-0.0043458929285407,-0.0097065394814926,0.0016106694659738,-0.0013866737623899,-0.0018344835329949,-0.0057776749922237,0.0088064248838457,0.0203374401324911,0.0411384197165956,0.0323066340016082,0.0893393339845831,0.040270882474247,0.078899657169458,2019-02-08,2019-02-11,2019-02-12,2019-02-13,2019-02-14,2019-02-15,2019-02-19,2019-02-20,2019-02-21,2019-02-22,29647.0,2019-02-07,252.0,-0.5973%,0.0001,0.3133,0.0723,0.142,0.7598%,0.8230%,14.7669%,-0.0036609999999999,BCE,29647.0,2019-02-08,252.0,-0.0924%,0.0,0.3137,0.0641,0.1379,0.7576%,0.8212%,14.8901%,-0.000363,BCE,29647.0,2019-02-11,252.0,-0.8790%,0.0,0.3073,0.0564,0.1305,0.7600%,0.8186%,13.8188%,-0.0100699999999999,BCE,29647.0,2019-02-12,252.0,0.8401%,0.0,0.3123,0.0532,0.1336,0.7599%,0.8203%,14.1837%,0.004332,BCE,29647.0,2019-02-13,252.0,-0.3703%,-0.0,0.3077,0.0591,0.1334,0.7586%,0.8171%,13.8071%,-0.004803,BCE,29647.0,2019-02-14,252.0,-0.0697%,0.0,0.3083,0.0596,0.1316,0.7555%,0.8146%,13.9796%,0.000316,BCE,29647.0,2019-02-15,252.0,0.6973%,0.0001,0.3147,0.0656,0.1423,0.7548%,0.8157%,14.3746%,0.002609,BCE,29647.0,2019-02-19,252.0,0.6694%,0.0001,0.3165,0.0678,0.1447,0.7554%,0.8168%,14.4550%,0.005379,BCE,29647.0,2019-02-20,252.0,0.3669%,0.0001,0.3171,0.0698,0.1471,0.7555%,0.8171%,14.5014%,0.002023,BCE,29647.0,2019-02-21,252.0,0.0914%,0.0001,0.3145,0.065,0.1424,0.7548%,0.8154%,14.3201%,0.002374,BCE,29647.0,2019-02-22,252.0,0.7761%,0.0002,0.3136,0.0637,0.13,0.7560%,0.8167%,14.3202%,0.007351,BCE,-0.004024,-0.0140939999999999,-0.009762,-0.014249,0.005487
35683,BEACON ROOFING SUPPLY INC,"Beacon Roofing Supply Q1 Adj. EPS $0.60 Beats $0.56 Estimate, Sales $1.72B Beat $1.66B Estimate",6,increase,0.8,0.7,"the company reported better-than-expected earnings and sales, which typically leads to positive investor sentiment and an increase in stock price.",2,2019-02-07,BECN,2019-02-07 21:35:00+00:00,90353.0,07368510,-0.0129941226914525,862329.0,-0.0507003180682659,-0.0071370336227118,0.0342283807694912,-0.0068157031200826,0.0353780798614025,0.0052068680524826,-0.0074400785379111,0.0044040693901479,0.0166573692113161,-0.0030185729265213,0.0174767728894949,0.0005491613992489,0.0101986331865191,0.0111048780381679,-0.0239106733351945,0.0265032853931188,0.0163309313356876,0.0092033268883824,0.0066952328197658,0.0247568562626838,-0.0154296839609742,-0.007023642770946,-0.0148608284071087,-0.0008772687870077,-0.0008227860671468,0.0124334516003727,-0.0043919803574681,0.0156344100832939,0.0173697564750909,-0.0217647552490234,0.0078590000048279,-0.0072992700152099,-0.0325356051325798,0.0026346649974584,-0.0277932193130254,-0.0008774138987064,-0.0160091873258352,-0.0158319808542728,-0.0107495337724685,0.0287237558513879,-0.0032305612694472,-0.0351428426802158,-0.0100176827982068,0.0269952490925788,0.001785755273886,0.0557621791958808,-0.0029708400834351,-0.0076852138154208,0.0315851457417011,0.0255359224975109,0.0132872015237808,0.0089058130979537,-0.0042759841307997,0.02111073769629,-0.022044101729989,-0.0115569410845637,0.0140515090897679,0.0324825830757618,-0.0381062291562557,-0.0357942096889019,0.0237095113843679,0.0126214018091559,-0.0474933721125125,-0.0218423716723918,-0.0150816142559051,-0.0009487883071415,0.0081249475479125,0.0028544291853904,-0.0030997667927294,-0.0044205682352185,0.0133706564083695,-0.0047140042297542,0.0184105075895786,-0.0071762730367481,0.0156673844903707,-0.0062015741132199,0.0249184276908636,-0.0137614905834198,0.0150506645441055,-0.0090908855199813,-0.0125462971627712,0.0009098810260184,-0.0109731750562787,-0.0027223275974392,0.0315328985452652,-0.0372742787003517,0.0192469991743564,-0.0149168232455849,0.0247154477983713,-0.0014322325587272,0.0108400462195277,0.0112977800890803,0.0032171295024454,0.0146972369402647,0.0125601617619395,0.0290380828082561,0.0240168869495391,0.0015147849917411,-0.0244845561683177,0.0060956091620028,0.0089828316122293,0.1692801862955093,0.0170202031731605,0.0104428883641958,-0.0198249351233243,0.0054308334365487,-0.0018387101590633,0.001087375334464,0.0076316031627357,-0.0163992550224065,-0.0164534095674753,0.028980154544115,-0.0018587280064821,0.0171642173081636,0.0058526527136564,-0.015791418030858,0.028034845367074,-0.0278472211211919,-0.0144069353118538,-0.0287794694304466,-0.0507003180682659,-0.0071370336227118,-0.0182073270907496,-0.013904092840464,0.0165266124987735,-0.0087696215647912,0.0257702534498851,-0.0074094528020678,0.0529411538847495,0.0660182082889722,-0.0666667016725633,0.1559602783339062,0.0731092503323982,0.2541608232466641,2019-02-08,2019-02-11,2019-02-12,2019-02-13,2019-02-14,2019-02-15,2019-02-19,2019-02-20,2019-02-21,2019-02-22,90353.0,2019-02-07,252.0,-1.2994%,-0.0017,0.8432,1.192,0.5177,2.3762%,2.5801%,15.1785%,-0.005607,BECN,90353.0,2019-02-08,252.0,-5.0700%,-0.0018,0.8508,1.221,0.5684,2.3912%,2.5967%,15.2061%,-0.048583,BECN,90353.0,2019-02-11,252.0,3.4228%,-0.0016,0.8124,1.2918,0.5866,2.3870%,2.5866%,14.8406%,0.023572,BECN,90353.0,2019-02-12,252.0,3.5378%,-0.0014,0.8284,1.2907,0.5949,2.3927%,2.5970%,15.1157%,0.024968,BECN,90353.0,2019-02-13,252.0,-0.7440%,-0.0014,0.832,1.2808,0.5908,2.3925%,2.5969%,15.1241%,-0.0110499999999999,BECN,90353.0,2019-02-14,252.0,1.6657%,-0.0014,0.8283,1.2899,0.5804,2.3946%,2.5993%,15.1329%,0.015071,BECN,90353.0,2019-02-15,252.0,1.7477%,-0.0012,0.8495,1.3093,0.6154,2.3902%,2.6018%,15.6061%,0.002006,BECN,90353.0,2019-02-19,252.0,1.0199%,-0.0012,0.8507,1.3113,0.6175,2.3903%,2.6027%,15.6550%,0.002842,BECN,90353.0,2019-02-20,252.0,-2.3911%,-0.0014,0.8422,1.2922,0.5871,2.3981%,2.6064%,15.3468%,-0.031908,BECN,90353.0,2019-02-21,252.0,1.6331%,-0.0013,0.8389,1.2906,0.5809,2.4022%,2.6085%,15.1927%,0.021602,BECN,90353.0,2019-02-22,252.0,0.6695%,-0.0012,0.8371,1.3249,0.5902,2.3972%,2.6068%,15.4347%,0.002583,BECN,-0.05419,-0.030618,-0.0056499999999999,-0.0016289999999999,-0.0045039999999999
35691,BENCHMARK ELECTRONICS INC,"Benchmark Electronics Sees Q1 Adj. EPS $0.29-$0.37, Sales $570M-$610M",6,increase,0.7,0.6,"the positive guidance for adjusted eps and sales suggests strong performance expectations, which typically boosts investor confidence and can lead to an increase in stock price.",2,2019-02-07,BHE,2019-02-07 22:29:00+00:00,76224.0,08160H10,0.0169172491878271,438180.0,0.0177449714392423,0.0137195354327559,-0.0039956630207598,0.0139103792607784,0.0047410344704985,0.01649646833539,0.0137931425124406,0.0015735251363366,-0.0021482086740434,0.0204737149178981,0.0064584999345242,0.0146639766171574,-0.0096256174147129,0.0053234710358083,0.0111590875312686,0.0032867675181478,-0.0024919791612774,0.0192630235105752,0.0096359904855489,0.0270967371761798,-0.0056557706557214,-0.008105824701488,-0.0060433731414377,-0.0225187242031097,-0.013233152218163,0.0313978306949138,-0.0068865725770592,-0.0068346797488629,0.0029197053518146,0.0191554445773363,-0.0029112054035067,0.0008713965071365,-0.0029197053518146,-0.0064934897236526,-0.0168374478816986,0.0065359310247004,-0.0264333952218294,0.0087912427261471,0.0007648358587175,0.0120106963440775,0.0221627783030271,-0.0061892704106867,-0.0123364459723234,0.0589887723326683,0.0022709865588694,0.0343826152384281,-0.0135951172560453,-0.0305164158344268,0.0057427110150456,0.0056656720116734,-0.0038066380657255,0.0066539631225168,-0.0049674878828227,0.0133907739073038,-0.0026882335077971,0.0048054005019366,0.0173277147114276,0.0312189869582653,-0.0264951083809137,-0.0054214196279644,0.0023328682873398,-0.0442769043147563,0.0073700007051229,-0.001411132980138,0.0042356802150607,-0.0171058233827352,0.0080521274358034,0.0207644458860158,0.0042081335559487,-0.0125814797356724,0.0266666952520608,-0.020985446870327,-0.0018553299596533,-0.0262105800211429,0.0159851424396038,0.0125956228002905,0.0157336369156837,-0.0008988969493657,0.0198126528412103,-0.013741111382842,0.0084775621071457,-0.0079155806452035,-0.0084062973037362,-0.0052493805997073,0.0162487104535102,-0.0530239790678024,0.0055613433942198,0.0125838601961731,0.015554747544229,0.0059071471914649,-0.0023825629614293,-0.0037831084337085,0.0139883952215313,0.0127714406698942,0.0023553702048957,-0.0113636553287506,-0.0080564506351947,0.0038022878579795,-0.0108290929347276,0.0163159780204296,0.0130003793165087,0.0056131724268198,0.0141843995079398,0.0030316021293401,-0.0995670929551124,-0.0240912809967994,0.0125738987699151,0.0012696016347035,-0.0054784375242888,0.0269447602331638,-0.0073447981849312,-0.018344722688198,-0.0003699677763506,0.0060086394660174,-0.0155440438538789,-0.0189474001526832,0.0221804566681385,-0.0333740226924419,0.0014710925752297,0.0020391205325722,0.0177449714392423,0.0137195354327559,0.0136784054922982,0.0278207586346856,0.0184842897547372,0.0447761712339593,0.0303142936763485,0.0678442606940377,0.0458410985347716,0.1440860363522598,-0.0491682075233878,0.3203370110256651,0.0124308683069378,0.0925627436819624,2019-02-08,2019-02-11,2019-02-12,2019-02-13,2019-02-14,2019-02-15,2019-02-19,2019-02-20,2019-02-21,2019-02-22,76224.0,2019-02-07,252.0,1.6917%,0.0002,0.8147,1.2744,0.6666,1.7723%,2.0287%,23.6754%,0.023552,BHE,76224.0,2019-02-08,252.0,1.7745%,0.0003,0.8109,1.2777,0.6528,1.7762%,2.0316%,23.5592%,0.020874,BHE,76224.0,2019-02-11,252.0,-0.3996%,-0.0,0.8983,1.1737,0.6423,1.7228%,2.0050%,26.1669%,-0.015165,BHE,76224.0,2019-02-12,252.0,0.4741%,-0.0001,0.8965,1.1711,0.6419,1.7233%,2.0051%,26.1391%,-0.0067179999999999,BHE,76224.0,2019-02-13,252.0,1.3793%,0.0,0.9035,1.1635,0.643,1.7228%,2.0065%,26.2810%,0.010031,BHE,76224.0,2019-02-14,252.0,-0.2148%,0.0001,0.9049,1.1624,0.6427,1.7210%,2.0055%,26.3554%,-0.002672,BHE,76224.0,2019-02-15,252.0,0.6458%,0.0001,0.9049,1.1613,0.6412,1.7215%,2.0044%,26.2427%,-0.009858,BHE,76224.0,2019-02-19,252.0,-0.9626%,-0.0001,0.8972,1.157,0.6369,1.7226%,2.0019%,25.9578%,-0.016736,BHE,76224.0,2019-02-20,252.0,1.1159%,-0.0,0.8988,1.1637,0.6435,1.7221%,2.0031%,26.0861%,0.003306,BHE,76224.0,2019-02-21,252.0,-0.2492%,-0.0001,0.9064,1.1799,0.6574,1.7160%,2.0018%,26.5128%,0.003028,BHE,76224.0,2019-02-22,252.0,0.9636%,-0.0,0.9047,1.2022,0.6563,1.7138%,2.0020%,26.7168%,0.0068189999999999,BHE,0.044426,0.029261,0.022543,0.029902,0.016461
35699,BENCHMARK ELECTRONICS INC,"Benchmark Electronics Q4 EPS $0.41 Beats $0.35 Estimate, Sales $657.05M Beat $630.8M Estimate",6,increase,0.8,0.6,"the company reported better-than-expected earnings and sales, which typically leads to positive investor sentiment and an increase in stock price.",2,2019-02-07,BHE,2019-02-07 22:29:00+00:00,76224.0,08160H10,0.0169172491878271,438180.0,0.0177449714392423,0.0137195354327559,-0.0039956630207598,0.0139103792607784,0.0047410344704985,0.01649646833539,0.0137931425124406,0.0015735251363366,-0.0021482086740434,0.0204737149178981,0.0064584999345242,0.0146639766171574,-0.0096256174147129,0.0053234710358083,0.0111590875312686,0.0032867675181478,-0.0024919791612774,0.0192630235105752,0.0096359904855489,0.0270967371761798,-0.0056557706557214,-0.008105824701488,-0.0060433731414377,-0.0225187242031097,-0.013233152218163,0.0313978306949138,-0.0068865725770592,-0.0068346797488629,0.0029197053518146,0.0191554445773363,-0.0029112054035067,0.0008713965071365,-0.0029197053518146,-0.0064934897236526,-0.0168374478816986,0.0065359310247004,-0.0264333952218294,0.0087912427261471,0.0007648358587175,0.0120106963440775,0.0221627783030271,-0.0061892704106867,-0.0123364459723234,0.0589887723326683,0.0022709865588694,0.0343826152384281,-0.0135951172560453,-0.0305164158344268,0.0057427110150456,0.0056656720116734,-0.0038066380657255,0.0066539631225168,-0.0049674878828227,0.0133907739073038,-0.0026882335077971,0.0048054005019366,0.0173277147114276,0.0312189869582653,-0.0264951083809137,-0.0054214196279644,0.0023328682873398,-0.0442769043147563,0.0073700007051229,-0.001411132980138,0.0042356802150607,-0.0171058233827352,0.0080521274358034,0.0207644458860158,0.0042081335559487,-0.0125814797356724,0.0266666952520608,-0.020985446870327,-0.0018553299596533,-0.0262105800211429,0.0159851424396038,0.0125956228002905,0.0157336369156837,-0.0008988969493657,0.0198126528412103,-0.013741111382842,0.0084775621071457,-0.0079155806452035,-0.0084062973037362,-0.0052493805997073,0.0162487104535102,-0.0530239790678024,0.0055613433942198,0.0125838601961731,0.015554747544229,0.0059071471914649,-0.0023825629614293,-0.0037831084337085,0.0139883952215313,0.0127714406698942,0.0023553702048957,-0.0113636553287506,-0.0080564506351947,0.0038022878579795,-0.0108290929347276,0.0163159780204296,0.0130003793165087,0.0056131724268198,0.0141843995079398,0.0030316021293401,-0.0995670929551124,-0.0240912809967994,0.0125738987699151,0.0012696016347035,-0.0054784375242888,0.0269447602331638,-0.0073447981849312,-0.018344722688198,-0.0003699677763506,0.0060086394660174,-0.0155440438538789,-0.0189474001526832,0.0221804566681385,-0.0333740226924419,0.0014710925752297,0.0020391205325722,0.0177449714392423,0.0137195354327559,0.0136784054922982,0.0278207586346856,0.0184842897547372,0.0447761712339593,0.0303142936763485,0.0678442606940377,0.0458410985347716,0.1440860363522598,-0.0491682075233878,0.3203370110256651,0.0124308683069378,0.0925627436819624,2019-02-08,2019-02-11,2019-02-12,2019-02-13,2019-02-14,2019-02-15,2019-02-19,2019-02-20,2019-02-21,2019-02-22,76224.0,2019-02-07,252.0,1.6917%,0.0002,0.8147,1.2744,0.6666,1.7723%,2.0287%,23.6754%,0.023552,BHE,76224.0,2019-02-08,252.0,1.7745%,0.0003,0.8109,1.2777,0.6528,1.7762%,2.0316%,23.5592%,0.020874,BHE,76224.0,2019-02-11,252.0,-0.3996%,-0.0,0.8983,1.1737,0.6423,1.7228%,2.0050%,26.1669%,-0.015165,BHE,76224.0,2019-02-12,252.0,0.4741%,-0.0001,0.8965,1.1711,0.6419,1.7233%,2.0051%,26.1391%,-0.0067179999999999,BHE,76224.0,2019-02-13,252.0,1.3793%,0.0,0.9035,1.1635,0.643,1.7228%,2.0065%,26.2810%,0.010031,BHE,76224.0,2019-02-14,252.0,-0.2148%,0.0001,0.9049,1.1624,0.6427,1.7210%,2.0055%,26.3554%,-0.002672,BHE,76224.0,2019-02-15,252.0,0.6458%,0.0001,0.9049,1.1613,0.6412,1.7215%,2.0044%,26.2427%,-0.009858,BHE,76224.0,2019-02-19,252.0,-0.9626%,-0.0001,0.8972,1.157,0.6369,1.7226%,2.0019%,25.9578%,-0.016736,BHE,76224.0,2019-02-20,252.0,1.1159%,-0.0,0.8988,1.1637,0.6435,1.7221%,2.0031%,26.0861%,0.003306,BHE,76224.0,2019-02-21,252.0,-0.2492%,-0.0001,0.9064,1.1799,0.6574,1.7160%,2.0018%,26.5128%,0.003028,BHE,76224.0,2019-02-22,252.0,0.9636%,-0.0,0.9047,1.2022,0.6563,1.7138%,2.0020%,26.7168%,0.0068189999999999,BHE,0.044426,0.029261,0.022543,0.029902,0.016461
35707,BIOGEN INC,UPDATE: USPTO Says Mylan Has 'demonstrated a reasonable likelihood of success in proving that at least claim 1 of the '514 patent is unpatentable',6,decrease,0.8,0.7,"the news indicates a potential challenge to the validity of a key patent, which could negatively impact biogen inc's market position and revenue prospects.",0,2019-02-07,BIIB,2019-02-07 14:50:00+00:00,76841.0,09062X10,-0.0735505372285842,2786037.0,0.0206976439803838,-0.0111279273405671,0.0055534401908516,0.0087406318634748,0.0080790156498551,0.0095494352281093,0.0066055660136044,-0.0085984636098146,0.0098587507382035,0.0180565286427736,0.0251301284879446,-0.0197919923812151,0.0003905575431417,0.0135450474917888,0.0064864973537623,-0.0200729854404926,-0.0417412295937538,0.011716267094016,0.0129525577649474,-0.0128996092826128,0.0066087497398257,-0.0051333205774426,0.0004274585517123,0.0045639793388545,0.0038765019271522,-0.0027191077824682,-0.002675681374967,0.0190043002367019,0.0185664948076009,-0.0163240190595388,-0.0204729009419679,0.0215483158826828,-0.0011917577357962,-0.008373032324016,-0.0272279325872659,0.006099184975028,-0.0084284450858831,0.0139607433229684,-0.0233436375856399,0.0067500998266041,0.0114636402577161,0.0063275699503719,0.0040454948320984,0.0127854980528354,0.0250703394412994,0.0369054935872554,0.002994732465595,0.007581468205899,0.0259704105556011,0.0125282099470496,-0.0128080947324633,0.0252113137394189,-0.0057884487323462,-0.0030230449046939,-0.009791244752705,-0.0025748203042894,-0.2923047840595245,0.0598564222455024,-0.0448254495859146,-0.0074839843437075,0.0163812823593616,-0.0401258207857608,0.0574321672320365,-0.0012300244998186,-0.0127087999135255,-0.0069889654405415,0.0124810198321938,-0.058607492595911,0.0152907716110348,-0.004609702154994,-0.0164565499871969,-0.0174611937254667,0.0033549775835126,-0.0076562128961086,-0.0080165062099695,0.008818213827908,0.0157303344458341,0.0010956865735352,0.0284207295626401,0.0085561564192175,-0.0081912782043218,-0.0305172968655824,-0.0090097757056355,0.0123013081029057,0.0113645801320672,-0.0284776519984006,-0.0268436688929796,-0.0045846779830753,0.0028653217013925,0.0217691324651241,-0.0090831760317087,-0.0169455967843532,-0.0157076809555292,0.0260337628424167,-0.006733160931617,0.0134898200631141,-0.0034773894585669,-0.0018120050663128,0.0106895100325346,0.0143237076699733,0.006118653807789,-0.0122699802741408,-0.0252378806471824,0.0008458993979729,0.0244652666151523,-0.0149359563365578,0.0027839376125484,0.007242280524224,-0.0049884784966707,0.0260564945638179,-0.0006103382329456,-0.0173310730606317,0.0011341585777699,0.0005644173361361,0.0044444631785154,-0.0193727500736713,0.0028630418237298,-0.0025763597805053,0.0211524125188589,-0.0165002588182687,0.0206976439803838,-0.0111279273405671,0.0263660272991721,-0.0024845605933796,0.0346580544962018,0.0070411484842729,0.0517603720876678,0.0164094575555691,0.0537685824024851,-0.0118024186595322,-0.2980597930366666,0.1875979438259223,-0.2353512756253921,0.0052184868431046,2019-02-08,2019-02-11,2019-02-12,2019-02-13,2019-02-14,2019-02-15,2019-02-19,2019-02-20,2019-02-21,2019-02-22,76841.0,2019-02-07,252.0,-7.3551%,-0.0003,0.8658,-0.0489,-0.4157,1.9755%,2.2477%,22.7553%,-0.0642689999999999,BIIB,76841.0,2019-02-08,252.0,2.0698%,-0.0002,0.8625,-0.0409,-0.4245,1.9767%,2.2486%,22.7242%,0.016975,BIIB,76841.0,2019-02-11,252.0,0.5553%,-0.0002,0.8479,-0.0193,-0.4204,1.9755%,2.2297%,21.5024%,0.005492,BIIB,76841.0,2019-02-12,252.0,0.8079%,-0.0002,0.8427,-0.0157,-0.4237,1.9754%,2.2280%,21.3926%,-0.004264,BIIB,76841.0,2019-02-13,252.0,0.6606%,-0.0001,0.8495,-0.0252,-0.4243,1.9738%,2.2284%,21.5401%,0.004452,BIIB,76841.0,2019-02-14,252.0,0.9859%,-0.0001,0.8475,-0.0201,-0.4302,1.9747%,2.2292%,21.5323%,0.009213,BIIB,76841.0,2019-02-15,252.0,2.5130%,0.0003,0.9231,0.0498,-0.3048,1.9154%,2.1948%,23.8446%,0.0175689999999999,BIIB,76841.0,2019-02-19,252.0,0.0391%,0.0003,0.9236,0.0482,-0.3067,1.9153%,2.1939%,23.7788%,-0.000693,BIIB,76841.0,2019-02-20,252.0,0.6486%,0.0005,0.9276,0.0683,-0.2894,1.9089%,2.1881%,23.8938%,0.006212,BIIB,76841.0,2019-02-21,252.0,-4.1741%,0.0003,0.933,0.0706,-0.2792,1.9239%,2.2022%,23.6764%,-0.039027,BIIB,76841.0,2019-02-22,252.0,1.2953%,0.0004,0.9327,0.0724,-0.2816,1.9240%,2.2033%,23.7496%,0.002295,BIIB,-0.0472939999999999,-0.0418019999999999,-0.0460659999999999,-0.032401,-0.046045
35715,BIOGEN INC,Biogen shares are trading lower after the U.S. Patent and Trademark Office reportedly stated that Mylan could likely succeed in a patent challenge against a Biogen multiple sclerosis drug.,6,decrease,0.85,0.7,"the news indicates a potential patent challenge against biogen's drug, which could negatively impact its market position and revenue, leading to a decrease in stock price.",0,2019-02-07,BIIB,2019-02-07 14:50:00+00:00,76841.0,09062X10,-0.0735505372285842,2786037.0,0.0206976439803838,-0.0111279273405671,0.0055534401908516,0.0087406318634748,0.0080790156498551,0.0095494352281093,0.0066055660136044,-0.0085984636098146,0.0098587507382035,0.0180565286427736,0.0251301284879446,-0.0197919923812151,0.0003905575431417,0.0135450474917888,0.0064864973537623,-0.0200729854404926,-0.0417412295937538,0.011716267094016,0.0129525577649474,-0.0128996092826128,0.0066087497398257,-0.0051333205774426,0.0004274585517123,0.0045639793388545,0.0038765019271522,-0.0027191077824682,-0.002675681374967,0.0190043002367019,0.0185664948076009,-0.0163240190595388,-0.0204729009419679,0.0215483158826828,-0.0011917577357962,-0.008373032324016,-0.0272279325872659,0.006099184975028,-0.0084284450858831,0.0139607433229684,-0.0233436375856399,0.0067500998266041,0.0114636402577161,0.0063275699503719,0.0040454948320984,0.0127854980528354,0.0250703394412994,0.0369054935872554,0.002994732465595,0.007581468205899,0.0259704105556011,0.0125282099470496,-0.0128080947324633,0.0252113137394189,-0.0057884487323462,-0.0030230449046939,-0.009791244752705,-0.0025748203042894,-0.2923047840595245,0.0598564222455024,-0.0448254495859146,-0.0074839843437075,0.0163812823593616,-0.0401258207857608,0.0574321672320365,-0.0012300244998186,-0.0127087999135255,-0.0069889654405415,0.0124810198321938,-0.058607492595911,0.0152907716110348,-0.004609702154994,-0.0164565499871969,-0.0174611937254667,0.0033549775835126,-0.0076562128961086,-0.0080165062099695,0.008818213827908,0.0157303344458341,0.0010956865735352,0.0284207295626401,0.0085561564192175,-0.0081912782043218,-0.0305172968655824,-0.0090097757056355,0.0123013081029057,0.0113645801320672,-0.0284776519984006,-0.0268436688929796,-0.0045846779830753,0.0028653217013925,0.0217691324651241,-0.0090831760317087,-0.0169455967843532,-0.0157076809555292,0.0260337628424167,-0.006733160931617,0.0134898200631141,-0.0034773894585669,-0.0018120050663128,0.0106895100325346,0.0143237076699733,0.006118653807789,-0.0122699802741408,-0.0252378806471824,0.0008458993979729,0.0244652666151523,-0.0149359563365578,0.0027839376125484,0.007242280524224,-0.0049884784966707,0.0260564945638179,-0.0006103382329456,-0.0173310730606317,0.0011341585777699,0.0005644173361361,0.0044444631785154,-0.0193727500736713,0.0028630418237298,-0.0025763597805053,0.0211524125188589,-0.0165002588182687,0.0206976439803838,-0.0111279273405671,0.0263660272991721,-0.0024845605933796,0.0346580544962018,0.0070411484842729,0.0517603720876678,0.0164094575555691,0.0537685824024851,-0.0118024186595322,-0.2980597930366666,0.1875979438259223,-0.2353512756253921,0.0052184868431046,2019-02-08,2019-02-11,2019-02-12,2019-02-13,2019-02-14,2019-02-15,2019-02-19,2019-02-20,2019-02-21,2019-02-22,76841.0,2019-02-07,252.0,-7.3551%,-0.0003,0.8658,-0.0489,-0.4157,1.9755%,2.2477%,22.7553%,-0.0642689999999999,BIIB,76841.0,2019-02-08,252.0,2.0698%,-0.0002,0.8625,-0.0409,-0.4245,1.9767%,2.2486%,22.7242%,0.016975,BIIB,76841.0,2019-02-11,252.0,0.5553%,-0.0002,0.8479,-0.0193,-0.4204,1.9755%,2.2297%,21.5024%,0.005492,BIIB,76841.0,2019-02-12,252.0,0.8079%,-0.0002,0.8427,-0.0157,-0.4237,1.9754%,2.2280%,21.3926%,-0.004264,BIIB,76841.0,2019-02-13,252.0,0.6606%,-0.0001,0.8495,-0.0252,-0.4243,1.9738%,2.2284%,21.5401%,0.004452,BIIB,76841.0,2019-02-14,252.0,0.9859%,-0.0001,0.8475,-0.0201,-0.4302,1.9747%,2.2292%,21.5323%,0.009213,BIIB,76841.0,2019-02-15,252.0,2.5130%,0.0003,0.9231,0.0498,-0.3048,1.9154%,2.1948%,23.8446%,0.0175689999999999,BIIB,76841.0,2019-02-19,252.0,0.0391%,0.0003,0.9236,0.0482,-0.3067,1.9153%,2.1939%,23.7788%,-0.000693,BIIB,76841.0,2019-02-20,252.0,0.6486%,0.0005,0.9276,0.0683,-0.2894,1.9089%,2.1881%,23.8938%,0.006212,BIIB,76841.0,2019-02-21,252.0,-4.1741%,0.0003,0.933,0.0706,-0.2792,1.9239%,2.2022%,23.6764%,-0.039027,BIIB,76841.0,2019-02-22,252.0,1.2953%,0.0004,0.9327,0.0724,-0.2816,1.9240%,2.2033%,23.7496%,0.002295,BIIB,-0.0472939999999999,-0.0418019999999999,-0.0460659999999999,-0.032401,-0.046045
35723,BIOGEN INC,Documents From Wednesday Show Mylan Pharmaceuticals Has Filed Petition Requesting Review Of Patent Claims Against Biogen,6,decrease,0.7,0.6,the filing of a petition by mylan pharmaceuticals to review patent claims against biogen suggests potential legal challenges that could negatively impact biogen's market position and stock value.,0,2019-02-07,BIIB,2019-02-07 14:47:00+00:00,76841.0,09062X10,-0.0735505372285842,2786037.0,0.0206976439803838,-0.0111279273405671,0.0055534401908516,0.0087406318634748,0.0080790156498551,0.0095494352281093,0.0066055660136044,-0.0085984636098146,0.0098587507382035,0.0180565286427736,0.0251301284879446,-0.0197919923812151,0.0003905575431417,0.0135450474917888,0.0064864973537623,-0.0200729854404926,-0.0417412295937538,0.011716267094016,0.0129525577649474,-0.0128996092826128,0.0066087497398257,-0.0051333205774426,0.0004274585517123,0.0045639793388545,0.0038765019271522,-0.0027191077824682,-0.002675681374967,0.0190043002367019,0.0185664948076009,-0.0163240190595388,-0.0204729009419679,0.0215483158826828,-0.0011917577357962,-0.008373032324016,-0.0272279325872659,0.006099184975028,-0.0084284450858831,0.0139607433229684,-0.0233436375856399,0.0067500998266041,0.0114636402577161,0.0063275699503719,0.0040454948320984,0.0127854980528354,0.0250703394412994,0.0369054935872554,0.002994732465595,0.007581468205899,0.0259704105556011,0.0125282099470496,-0.0128080947324633,0.0252113137394189,-0.0057884487323462,-0.0030230449046939,-0.009791244752705,-0.0025748203042894,-0.2923047840595245,0.0598564222455024,-0.0448254495859146,-0.0074839843437075,0.0163812823593616,-0.0401258207857608,0.0574321672320365,-0.0012300244998186,-0.0127087999135255,-0.0069889654405415,0.0124810198321938,-0.058607492595911,0.0152907716110348,-0.004609702154994,-0.0164565499871969,-0.0174611937254667,0.0033549775835126,-0.0076562128961086,-0.0080165062099695,0.008818213827908,0.0157303344458341,0.0010956865735352,0.0284207295626401,0.0085561564192175,-0.0081912782043218,-0.0305172968655824,-0.0090097757056355,0.0123013081029057,0.0113645801320672,-0.0284776519984006,-0.0268436688929796,-0.0045846779830753,0.0028653217013925,0.0217691324651241,-0.0090831760317087,-0.0169455967843532,-0.0157076809555292,0.0260337628424167,-0.006733160931617,0.0134898200631141,-0.0034773894585669,-0.0018120050663128,0.0106895100325346,0.0143237076699733,0.006118653807789,-0.0122699802741408,-0.0252378806471824,0.0008458993979729,0.0244652666151523,-0.0149359563365578,0.0027839376125484,0.007242280524224,-0.0049884784966707,0.0260564945638179,-0.0006103382329456,-0.0173310730606317,0.0011341585777699,0.0005644173361361,0.0044444631785154,-0.0193727500736713,0.0028630418237298,-0.0025763597805053,0.0211524125188589,-0.0165002588182687,0.0206976439803838,-0.0111279273405671,0.0263660272991721,-0.0024845605933796,0.0346580544962018,0.0070411484842729,0.0517603720876678,0.0164094575555691,0.0537685824024851,-0.0118024186595322,-0.2980597930366666,0.1875979438259223,-0.2353512756253921,0.0052184868431046,2019-02-08,2019-02-11,2019-02-12,2019-02-13,2019-02-14,2019-02-15,2019-02-19,2019-02-20,2019-02-21,2019-02-22,76841.0,2019-02-07,252.0,-7.3551%,-0.0003,0.8658,-0.0489,-0.4157,1.9755%,2.2477%,22.7553%,-0.0642689999999999,BIIB,76841.0,2019-02-08,252.0,2.0698%,-0.0002,0.8625,-0.0409,-0.4245,1.9767%,2.2486%,22.7242%,0.016975,BIIB,76841.0,2019-02-11,252.0,0.5553%,-0.0002,0.8479,-0.0193,-0.4204,1.9755%,2.2297%,21.5024%,0.005492,BIIB,76841.0,2019-02-12,252.0,0.8079%,-0.0002,0.8427,-0.0157,-0.4237,1.9754%,2.2280%,21.3926%,-0.004264,BIIB,76841.0,2019-02-13,252.0,0.6606%,-0.0001,0.8495,-0.0252,-0.4243,1.9738%,2.2284%,21.5401%,0.004452,BIIB,76841.0,2019-02-14,252.0,0.9859%,-0.0001,0.8475,-0.0201,-0.4302,1.9747%,2.2292%,21.5323%,0.009213,BIIB,76841.0,2019-02-15,252.0,2.5130%,0.0003,0.9231,0.0498,-0.3048,1.9154%,2.1948%,23.8446%,0.0175689999999999,BIIB,76841.0,2019-02-19,252.0,0.0391%,0.0003,0.9236,0.0482,-0.3067,1.9153%,2.1939%,23.7788%,-0.000693,BIIB,76841.0,2019-02-20,252.0,0.6486%,0.0005,0.9276,0.0683,-0.2894,1.9089%,2.1881%,23.8938%,0.006212,BIIB,76841.0,2019-02-21,252.0,-4.1741%,0.0003,0.933,0.0706,-0.2792,1.9239%,2.2022%,23.6764%,-0.039027,BIIB,76841.0,2019-02-22,252.0,1.2953%,0.0004,0.9327,0.0724,-0.2816,1.9240%,2.2033%,23.7496%,0.002295,BIIB,-0.0472939999999999,-0.0418019999999999,-0.0460659999999999,-0.032401,-0.046045
35731,BIOCEPT INC,Biocept shares are trading higher after the company announced an agreement with Agiomix in which Agiomix will purchase Biocept's liquid biopsy kits for use in its laboratory assuming Agiomix can replicate results Biocept showed in its own testing.,6,increase,0.7,0.6,"the agreement with agiomix to purchase biocept's liquid biopsy kits suggests potential revenue growth, which is likely to positively impact investor sentiment and increase the stock price.",2,2019-02-07,BIOC,2019-02-07 13:53:00+00:00,14449.0,09072V60,0.0797872245311737,3998316.0,-0.4729063808917999,0.0107526779174804,0.0046728923916816,-0.0261779855936765,-0.0232559014111757,-0.0402010269463062,-0.009523800574243,0.0101522747427225,-0.0384615026414394,0.0479281097650528,0.0099999904632568,-5.320031777955592e-05,0.0,-0.1090046986937523,0.0099009806290268,0.0876287817955017,-0.01960782520473,-0.0490195602178573,0.0,0.0625000074505806,0.0099999904632568,-0.0153846610337495,0.0297029428184032,-0.1484715789556503,0.0384616181254386,-0.2442244291305542,-0.0462963618338108,0.2948718369007111,0.0194174572825431,0.4011975824832916,-0.009523800574243,-0.2409091293811798,-0.0192307513207197,1.4043716192245483,0.009803912602365,-0.0045691705308854,-0.0097087286412715,-0.000869579904247,0.0,0.0056843338534235,0.1862745732069016,0.0698164105415344,-0.0247934628278017,-0.1050759106874466,0.01694923825562,0.0082304347306489,0.3166666626930237,-0.0329591780900955,-0.2594937086105347,0.139402449131012,-0.0769230052828788,0.048774491995573,0.0370370000600814,0.0354798138141632,-0.0267856884747743,0.0153846470639109,-0.0366973206400871,-0.0901668220758438,-0.009523800574243,0.071491003036499,-0.0096153756603598,-0.0429425798356533,0.1941748112440109,0.0450000166893005,-0.0731707587838172,-0.2982456088066101,0.0350876860320568,0.6627771258354187,-0.0254237055778503,-0.1611403822898865,0.0,0.0614286251366138,-0.0347825773060321,-0.0851847901940345,-0.0180179998278617,0.0044152960181236,-0.0183486063033342,-0.1178947240114212,-0.0046728923916816,-0.0776698887348175,0.0140844928100705,-0.0803571715950965,-0.0370371118187904,-0.0175438430160284,0.0288462415337562,0.0654204934835434,-0.0186916813254356,0.0094340657815337,0.0,-0.0535714849829673,-0.0190476011484861,-0.0260869320482015,-0.0145630929619073,-0.1417910903692245,0.0049261036328971,-0.1518987417221069,0.0,0.0193548984825611,-0.03921565040946,0.0,-0.0306122750043869,0.0,0.0315789803862571,-0.037267118692398,-0.0419388003647327,0.0454545803368091,0.0080945892259478,-0.0434782914817333,-0.0147913349792361,0.0189873222261667,-0.0241286624222993,-0.1222221776843071,0.0329670011997222,-0.0055248569697141,-0.0425532162189483,-0.0423280671238899,0.0110000371932983,-0.0357143133878707,0.0113199036568403,-0.0248755980283021,-0.4729063808917999,0.0107526779174804,-0.4704433291293652,-0.0157067911238133,-0.4827586468587631,-0.0552763889369111,-0.5073891646823092,5.320463669233888e-05,-0.5073891649425482,-0.020833307096949,-0.4876847362629497,1.3497062064215348,-0.546699502486792,-0.0646766644589251,2019-02-08,2019-02-11,2019-02-12,2019-02-13,2019-02-14,2019-02-15,2019-02-19,2019-02-20,2019-02-21,2019-02-22,14449.0,2019-02-07,252.0,7.9787%,0.0008,-0.7496,0.4487,0.1995,14.2660%,14.2939%,0.3901%,0.072697,BIOC,14449.0,2019-02-08,252.0,-47.2906%,-0.0006,-0.6698,0.6149,0.6438,14.5660%,14.5983%,0.4427%,-0.471179,BIOC,14449.0,2019-02-11,252.0,0.4673%,-0.0003,-0.7778,0.7182,0.6431,14.5564%,14.5952%,0.5314%,-2.8e-05,BIOC,14449.0,2019-02-12,252.0,-2.3256%,-0.0002,-0.7671,0.6962,0.6525,14.5554%,14.5935%,0.5212%,-0.011829,BIOC,14449.0,2019-02-13,252.0,-0.9524%,-0.0005,-0.7949,0.7398,0.6583,14.5509%,14.5912%,0.5507%,-0.00835,BIOC,14449.0,2019-02-14,252.0,-3.8462%,-0.0007,-0.7873,0.7172,0.6861,14.5520%,14.5923%,0.5508%,-0.040259,BIOC,14449.0,2019-02-15,252.0,1.0000%,-0.0007,-0.7881,0.718,0.6868,14.5521%,14.5924%,0.5514%,0.013711,BIOC,14449.0,2019-02-19,252.0,0.0000%,-0.0009,-0.8034,0.7376,0.7102,14.5490%,14.5909%,0.5736%,-0.002745,BIOC,14449.0,2019-02-20,252.0,0.9901%,-0.0007,-0.7986,0.7624,0.7311,14.5477%,14.5900%,0.5795%,0.0057989999999999,BIOC,14449.0,2019-02-21,252.0,-1.9608%,-0.0008,-0.7982,0.7589,0.7321,14.5481%,14.5904%,0.5790%,-0.020447,BIOC,14449.0,2019-02-22,252.0,0.0000%,-0.0005,-0.8024,0.8253,0.742,14.5452%,14.5886%,0.5945%,0.0116759999999999,BIOC,-0.398482,-0.39851,-0.4103389999999999,-0.4589479999999999,-0.4509539999999999
35739,BIOCEPT INC,Biocept Reports Deal With Agiomix FZ-LLC For Target Selector Liquid Biopsy Kits,6,increase,0.7,0.6,"the deal with agiomix fz-llc for target selector liquid biopsy kits suggests potential revenue growth and market expansion for biocept, which could positively influence investor sentiment and stock price.",2,2019-02-07,BIOC,2019-02-07 13:43:00+00:00,14449.0,09072V60,0.0797872245311737,3998316.0,-0.4729063808917999,0.0107526779174804,0.0046728923916816,-0.0261779855936765,-0.0232559014111757,-0.0402010269463062,-0.009523800574243,0.0101522747427225,-0.0384615026414394,0.0479281097650528,0.0099999904632568,-5.320031777955592e-05,0.0,-0.1090046986937523,0.0099009806290268,0.0876287817955017,-0.01960782520473,-0.0490195602178573,0.0,0.0625000074505806,0.0099999904632568,-0.0153846610337495,0.0297029428184032,-0.1484715789556503,0.0384616181254386,-0.2442244291305542,-0.0462963618338108,0.2948718369007111,0.0194174572825431,0.4011975824832916,-0.009523800574243,-0.2409091293811798,-0.0192307513207197,1.4043716192245483,0.009803912602365,-0.0045691705308854,-0.0097087286412715,-0.000869579904247,0.0,0.0056843338534235,0.1862745732069016,0.0698164105415344,-0.0247934628278017,-0.1050759106874466,0.01694923825562,0.0082304347306489,0.3166666626930237,-0.0329591780900955,-0.2594937086105347,0.139402449131012,-0.0769230052828788,0.048774491995573,0.0370370000600814,0.0354798138141632,-0.0267856884747743,0.0153846470639109,-0.0366973206400871,-0.0901668220758438,-0.009523800574243,0.071491003036499,-0.0096153756603598,-0.0429425798356533,0.1941748112440109,0.0450000166893005,-0.0731707587838172,-0.2982456088066101,0.0350876860320568,0.6627771258354187,-0.0254237055778503,-0.1611403822898865,0.0,0.0614286251366138,-0.0347825773060321,-0.0851847901940345,-0.0180179998278617,0.0044152960181236,-0.0183486063033342,-0.1178947240114212,-0.0046728923916816,-0.0776698887348175,0.0140844928100705,-0.0803571715950965,-0.0370371118187904,-0.0175438430160284,0.0288462415337562,0.0654204934835434,-0.0186916813254356,0.0094340657815337,0.0,-0.0535714849829673,-0.0190476011484861,-0.0260869320482015,-0.0145630929619073,-0.1417910903692245,0.0049261036328971,-0.1518987417221069,0.0,0.0193548984825611,-0.03921565040946,0.0,-0.0306122750043869,0.0,0.0315789803862571,-0.037267118692398,-0.0419388003647327,0.0454545803368091,0.0080945892259478,-0.0434782914817333,-0.0147913349792361,0.0189873222261667,-0.0241286624222993,-0.1222221776843071,0.0329670011997222,-0.0055248569697141,-0.0425532162189483,-0.0423280671238899,0.0110000371932983,-0.0357143133878707,0.0113199036568403,-0.0248755980283021,-0.4729063808917999,0.0107526779174804,-0.4704433291293652,-0.0157067911238133,-0.4827586468587631,-0.0552763889369111,-0.5073891646823092,5.320463669233888e-05,-0.5073891649425482,-0.020833307096949,-0.4876847362629497,1.3497062064215348,-0.546699502486792,-0.0646766644589251,2019-02-08,2019-02-11,2019-02-12,2019-02-13,2019-02-14,2019-02-15,2019-02-19,2019-02-20,2019-02-21,2019-02-22,14449.0,2019-02-07,252.0,7.9787%,0.0008,-0.7496,0.4487,0.1995,14.2660%,14.2939%,0.3901%,0.072697,BIOC,14449.0,2019-02-08,252.0,-47.2906%,-0.0006,-0.6698,0.6149,0.6438,14.5660%,14.5983%,0.4427%,-0.471179,BIOC,14449.0,2019-02-11,252.0,0.4673%,-0.0003,-0.7778,0.7182,0.6431,14.5564%,14.5952%,0.5314%,-2.8e-05,BIOC,14449.0,2019-02-12,252.0,-2.3256%,-0.0002,-0.7671,0.6962,0.6525,14.5554%,14.5935%,0.5212%,-0.011829,BIOC,14449.0,2019-02-13,252.0,-0.9524%,-0.0005,-0.7949,0.7398,0.6583,14.5509%,14.5912%,0.5507%,-0.00835,BIOC,14449.0,2019-02-14,252.0,-3.8462%,-0.0007,-0.7873,0.7172,0.6861,14.5520%,14.5923%,0.5508%,-0.040259,BIOC,14449.0,2019-02-15,252.0,1.0000%,-0.0007,-0.7881,0.718,0.6868,14.5521%,14.5924%,0.5514%,0.013711,BIOC,14449.0,2019-02-19,252.0,0.0000%,-0.0009,-0.8034,0.7376,0.7102,14.5490%,14.5909%,0.5736%,-0.002745,BIOC,14449.0,2019-02-20,252.0,0.9901%,-0.0007,-0.7986,0.7624,0.7311,14.5477%,14.5900%,0.5795%,0.0057989999999999,BIOC,14449.0,2019-02-21,252.0,-1.9608%,-0.0008,-0.7982,0.7589,0.7321,14.5481%,14.5904%,0.5790%,-0.020447,BIOC,14449.0,2019-02-22,252.0,0.0000%,-0.0005,-0.8024,0.8253,0.742,14.5452%,14.5886%,0.5945%,0.0116759999999999,BIOC,-0.398482,-0.39851,-0.4103389999999999,-0.4589479999999999,-0.4509539999999999
35747,BUCKLE INC,The Buckle Jan. Comps Down 0.6% Year Over Year,6,decrease,0.7,0.5,"a year-over-year decline in comparable sales typically signals weaker performance, which can negatively impact investor sentiment and lead to a decrease in stock price.",0,2019-02-07,BKE,2019-02-07 11:50:00+00:00,77584.0,11844010,-0.0190751403570175,494201.0,0.0341779589653015,-0.029725220054388,0.0159544553607702,0.0188571382313966,-0.0022433544509112,0.0069045363925397,-0.015177090652287,0.0005756085738539,-0.0142694059759378,-0.0011500029359012,0.0225824769586324,0.0011513269273564,0.0300113633275032,-0.0164212342351675,0.0060472073964774,-0.0134078087285161,-0.009835978038609,0.0240274649113416,0.0115893529728055,0.0045976969413459,-0.0103655504062771,-0.0051458063535392,0.0203969590365886,-0.0347682684659957,0.0178281962871551,0.013989926315844,0.0185775142163038,0.0188141334801912,0.0187597032636404,-0.0034090604167431,-0.0030690263956785,-0.0297684129327535,-0.0118009001016616,-0.034078873693943,0.0088265873491764,0.0279146265238523,-0.0180134009569883,-0.0454767867922782,-0.0324948020279407,0.0088801328092813,0.0319610051810741,0.0191051326692104,-0.0146980993449688,0.0153138963505625,0.0015982300974428,0.0235110130161047,-0.0382978357374668,-0.0144181605428457,-0.0254424270242452,0.0041365008801221,0.0334845744073391,-0.0056555583141744,0.0214168764650821,-0.0020522836130112,-0.0139785064384341,0.0114166736602783,-0.0201745275408029,0.0711506754159927,-0.0200333166867494,0.0140924463048577,0.0124928625300526,-0.0316593833267688,0.0095344968140125,-0.0342646092176437,0.0261110737919807,-0.0036765546537935,0.0064970678649842,0.0225563943386077,0.0069929617457091,-0.019483882933855,0.0219017025083303,-0.0099061802029609,-0.0266596097499132,-0.0138817708939313,-0.0037594842724502,0.0345745496451854,0.0312668420374393,0.0064239255152642,-0.014113881625235,0.0064655626192688,-0.0053022471256554,-0.0501536019146442,-0.0271855127066373,0.0150649826973676,0.0241096187382936,-0.0408569872379303,-0.0155163677409291,0.0507853031158447,0.0148760583251714,-0.0710116326808929,-0.0086862025782465,-0.0086788963526487,0.0043811569921672,0.0527918264269828,0.021264960989356,-0.0565133355557918,0.0186866205185651,0.0250367354601621,-0.0676100105047226,-0.0024485425092279,-0.0011242527980357,0.0144064044579863,0.0298254787921905,-0.0137187987565994,-0.0180327836424112,-0.0168593637645244,-0.0100166052579879,-0.0147128365933895,0.0477795638144016,0.0042898072861135,-0.0085836835205554,-0.0103774154558777,-0.0119047248736023,-0.0153274461627006,0.0164293125271797,-0.0096595715731382,0.0220905095338821,-0.0290308017283678,-0.0015813801437616,-0.0035602992866188,0.0341779589653015,-0.029725220054388,0.0506777050467057,-0.0114286144065156,0.048320662540616,-0.0046029872980619,0.0176783244663998,-0.0051753966347519,0.0801414654994687,-0.0057471472068207,0.0377136911577913,0.0419184771851266,0.1314603970311234,-0.1774083635576544,2019-02-08,2019-02-11,2019-02-12,2019-02-13,2019-02-14,2019-02-15,2019-02-19,2019-02-20,2019-02-21,2019-02-22,77584.0,2019-02-07,252.0,-1.9075%,0.0001,0.9251,1.9581,0.9048,2.3546%,2.6807%,22.8469%,-0.011434,BKE,77584.0,2019-02-08,252.0,3.4178%,0.0001,0.9196,1.9121,0.8514,2.3530%,2.6712%,22.4038%,0.038509,BKE,77584.0,2019-02-11,252.0,1.5954%,0.0001,0.9223,1.9094,0.8513,2.3530%,2.6721%,22.4551%,-1.1e-05,BKE,77584.0,2019-02-12,252.0,-0.2243%,-0.0001,0.9054,1.9208,0.8407,2.3523%,2.6694%,22.3461%,-0.013821,BKE,77584.0,2019-02-13,252.0,-1.5177%,-0.0001,0.9083,1.908,0.8337,2.3541%,2.6701%,22.2664%,-0.019553,BKE,77584.0,2019-02-14,252.0,-1.4269%,-0.0002,0.9113,1.8979,0.8466,2.3543%,2.6689%,22.1855%,-0.0175479999999999,BKE,77584.0,2019-02-15,252.0,2.2582%,-0.0003,0.9017,1.8897,0.8314,2.3527%,2.6624%,21.9145%,0.003376,BKE,77584.0,2019-02-19,252.0,3.0011%,-0.0001,0.9124,1.893,0.8343,2.3525%,2.6668%,22.1823%,0.020224,BKE,77584.0,2019-02-20,252.0,0.6047%,-0.0001,0.912,1.8957,0.8337,2.3521%,2.6671%,22.2264%,-0.00454,BKE,77584.0,2019-02-21,252.0,-0.9836%,0.0,0.9031,1.877,0.8175,2.3461%,2.6552%,21.9225%,-0.003317,BKE,77584.0,2019-02-22,252.0,1.1589%,0.0,0.9019,1.8832,0.8084,2.3465%,2.6555%,21.9185%,0.0073129999999999,BKE,0.027075,0.027064,0.013243,-0.0238579999999999,-0.0008019999999999
35755,BLACK HILLS CORP,"Black Hills Reaffirms FY19, FY20 Guidance",6,uncertain,0.6,0.3,"reaffirming guidance may indicate stability, but without new positive developments or changes, the impact on stock price is unclear.",1,2019-02-07,BKH,2019-02-07 22:11:00+00:00,61946.0,09211310,0.022734148427844,388080.0,0.0220815539360046,-0.0107238786295056,0.0126745970919728,0.0029877044726163,0.0015645087696611,-0.0020870510488748,-0.0004259980050846,-0.0119310291483998,-0.005043338984251,0.0134348645806312,0.0015820597764104,0.0224359165877103,0.002297582803294,0.004753834567964,0.0045845224522054,0.0110077373683452,0.0035653165541589,-0.0081500662490725,0.0116526884958148,-0.0085378503426909,-0.0084282355383038,-0.0016742864390835,0.001416717772372,0.0007615448557771,0.0049511734396219,0.0134301139041781,-0.0008445602143183,0.0084059918299317,0.0136657301336526,0.0073701962828636,0.0006949694943614,0.0254060439765453,-0.0016667047748342,-0.022323565557599,0.0029215232934802,-0.004226682242006,0.0033292481675744,0.0214262884110212,0.0066361911594867,-0.0172847025096416,0.0059057865291833,0.016613433137536,-0.0032768687233328,-0.0030259983614087,-0.003835599636659,0.0171715766191482,-0.0004125244740862,0.0075077377259731,0.0045397467911243,-0.0240522194653749,-0.0038345493376255,0.0104618975892663,-0.0122353509068489,0.0012893123785033,-0.0064022140577435,0.0124000376090407,0.0176495611667633,0.0152393905445933,0.0030282342340797,-0.0573079623281955,0.0097433654591441,-0.0021813553757965,0.0101929865777492,-0.000467197940452,0.0008071782067418,-0.002485686680302,-0.012904948554933,-0.0072485134005546,0.0087157757952809,-0.0273028388619422,-0.0117456829175353,-0.0136134680360555,-0.0057376800104975,0.0055051739327609,-0.0001374297426082,-0.0004461448697838,-0.0052218944765627,0.0008930866024456,0.0200303494930267,-0.0023759435862302,-0.0161158572882413,0.0040255947969853,-0.0008259488968178,-0.0109128132462501,-0.0045460010878741,0.0128454165533185,0.0085800597444176,0.0111765274778008,0.0005488599999807,0.0145571092143654,-0.0028798559214919,0.001996082952246,-0.0100398259237408,-0.0032139439135789,-0.0066685653291642,0.0095796519890427,-0.0025174866896122,0.0112500190734863,-0.0071508991532027,-0.0031152174342423,0.0048016379587352,-0.0040335422381758,0.0113843642175197,0.0154379261657595,0.0015286355046555,0.0015777606749907,0.0012488409411162,0.0065385196357965,-0.0054047531448304,0.0053857141174376,0.0137941418215632,-0.0034727293532341,-0.0094832656905055,0.0007898773765191,-0.0037463111802935,0.0020579558331519,0.0374651066958904,0.0087831243872642,0.0033561552409082,-0.0019126990810036,0.0220815539360046,-0.0107238786295056,0.035036025827281,-0.0077682139370345,0.036655348766603,-0.0098390523268642,0.0309877585270175,-0.0085087278520346,0.0556022200837218,0.0126543955062277,0.0805131905312763,0.0371642277330011,0.1082413957162837,0.0670898695696344,2019-02-08,2019-02-11,2019-02-12,2019-02-13,2019-02-14,2019-02-15,2019-02-19,2019-02-20,2019-02-21,2019-02-22,61946.0,2019-02-07,252.0,2.2734%,0.0013,0.2407,-0.2246,0.1275,1.1648%,1.1972%,5.3392%,0.024087,BKH,61946.0,2019-02-08,252.0,2.2082%,0.0013,0.237,-0.2306,0.108,1.1726%,1.2044%,5.2012%,0.022757,BKH,61946.0,2019-02-11,252.0,1.2675%,0.0014,0.2235,-0.2013,0.1168,1.1725%,1.1985%,4.2879%,0.0135159999999999,BKH,61946.0,2019-02-12,252.0,0.1565%,0.0013,0.2102,-0.1863,0.1073,1.1656%,1.1884%,3.8022%,-0.001337,BKH,61946.0,2019-02-13,252.0,-0.0426%,0.0013,0.202,-0.1734,0.109,1.1607%,1.1815%,3.4839%,-0.001078,BKH,61946.0,2019-02-14,252.0,-0.5043%,0.0013,0.2042,-0.1752,0.109,1.1555%,1.1769%,3.5983%,-0.003185,BKH,61946.0,2019-02-15,252.0,0.1582%,0.0013,0.2076,-0.1725,0.1141,1.1550%,1.1768%,3.6631%,-0.000911,BKH,61946.0,2019-02-19,252.0,0.2298%,0.0013,0.2062,-0.1699,0.1171,1.1546%,1.1760%,3.5990%,0.001961,BKH,61946.0,2019-02-20,252.0,0.4585%,0.0013,0.2066,-0.1702,0.1183,1.1546%,1.1760%,3.6151%,0.0038229999999999,BKH,61946.0,2019-02-21,252.0,0.3565%,0.0014,0.1999,-0.1832,0.1059,1.1499%,1.1709%,3.5497%,0.004383,BKH,61946.0,2019-02-22,252.0,1.1653%,0.0015,0.1974,-0.1583,0.0986,1.1473%,1.1668%,3.3062%,0.012818,BKH,0.046844,0.06036,0.059023,0.0547599999999999,0.0768339999999999
35763,BLACK HILLS CORP,"Black Hills Q4 EPS $1.05 Beats $0.92 Estimate, Sales $501.2M Beat $438.81M Estimate",6,increase,0.85,0.7,"the company's earnings per share and sales both exceeded analyst estimates, which typically signals strong performance and can lead to a positive reaction in the stock price.",2,2019-02-07,BKH,2019-02-07 22:11:00+00:00,61946.0,09211310,0.022734148427844,388080.0,0.0220815539360046,-0.0107238786295056,0.0126745970919728,0.0029877044726163,0.0015645087696611,-0.0020870510488748,-0.0004259980050846,-0.0119310291483998,-0.005043338984251,0.0134348645806312,0.0015820597764104,0.0224359165877103,0.002297582803294,0.004753834567964,0.0045845224522054,0.0110077373683452,0.0035653165541589,-0.0081500662490725,0.0116526884958148,-0.0085378503426909,-0.0084282355383038,-0.0016742864390835,0.001416717772372,0.0007615448557771,0.0049511734396219,0.0134301139041781,-0.0008445602143183,0.0084059918299317,0.0136657301336526,0.0073701962828636,0.0006949694943614,0.0254060439765453,-0.0016667047748342,-0.022323565557599,0.0029215232934802,-0.004226682242006,0.0033292481675744,0.0214262884110212,0.0066361911594867,-0.0172847025096416,0.0059057865291833,0.016613433137536,-0.0032768687233328,-0.0030259983614087,-0.003835599636659,0.0171715766191482,-0.0004125244740862,0.0075077377259731,0.0045397467911243,-0.0240522194653749,-0.0038345493376255,0.0104618975892663,-0.0122353509068489,0.0012893123785033,-0.0064022140577435,0.0124000376090407,0.0176495611667633,0.0152393905445933,0.0030282342340797,-0.0573079623281955,0.0097433654591441,-0.0021813553757965,0.0101929865777492,-0.000467197940452,0.0008071782067418,-0.002485686680302,-0.012904948554933,-0.0072485134005546,0.0087157757952809,-0.0273028388619422,-0.0117456829175353,-0.0136134680360555,-0.0057376800104975,0.0055051739327609,-0.0001374297426082,-0.0004461448697838,-0.0052218944765627,0.0008930866024456,0.0200303494930267,-0.0023759435862302,-0.0161158572882413,0.0040255947969853,-0.0008259488968178,-0.0109128132462501,-0.0045460010878741,0.0128454165533185,0.0085800597444176,0.0111765274778008,0.0005488599999807,0.0145571092143654,-0.0028798559214919,0.001996082952246,-0.0100398259237408,-0.0032139439135789,-0.0066685653291642,0.0095796519890427,-0.0025174866896122,0.0112500190734863,-0.0071508991532027,-0.0031152174342423,0.0048016379587352,-0.0040335422381758,0.0113843642175197,0.0154379261657595,0.0015286355046555,0.0015777606749907,0.0012488409411162,0.0065385196357965,-0.0054047531448304,0.0053857141174376,0.0137941418215632,-0.0034727293532341,-0.0094832656905055,0.0007898773765191,-0.0037463111802935,0.0020579558331519,0.0374651066958904,0.0087831243872642,0.0033561552409082,-0.0019126990810036,0.0220815539360046,-0.0107238786295056,0.035036025827281,-0.0077682139370345,0.036655348766603,-0.0098390523268642,0.0309877585270175,-0.0085087278520346,0.0556022200837218,0.0126543955062277,0.0805131905312763,0.0371642277330011,0.1082413957162837,0.0670898695696344,2019-02-08,2019-02-11,2019-02-12,2019-02-13,2019-02-14,2019-02-15,2019-02-19,2019-02-20,2019-02-21,2019-02-22,61946.0,2019-02-07,252.0,2.2734%,0.0013,0.2407,-0.2246,0.1275,1.1648%,1.1972%,5.3392%,0.024087,BKH,61946.0,2019-02-08,252.0,2.2082%,0.0013,0.237,-0.2306,0.108,1.1726%,1.2044%,5.2012%,0.022757,BKH,61946.0,2019-02-11,252.0,1.2675%,0.0014,0.2235,-0.2013,0.1168,1.1725%,1.1985%,4.2879%,0.0135159999999999,BKH,61946.0,2019-02-12,252.0,0.1565%,0.0013,0.2102,-0.1863,0.1073,1.1656%,1.1884%,3.8022%,-0.001337,BKH,61946.0,2019-02-13,252.0,-0.0426%,0.0013,0.202,-0.1734,0.109,1.1607%,1.1815%,3.4839%,-0.001078,BKH,61946.0,2019-02-14,252.0,-0.5043%,0.0013,0.2042,-0.1752,0.109,1.1555%,1.1769%,3.5983%,-0.003185,BKH,61946.0,2019-02-15,252.0,0.1582%,0.0013,0.2076,-0.1725,0.1141,1.1550%,1.1768%,3.6631%,-0.000911,BKH,61946.0,2019-02-19,252.0,0.2298%,0.0013,0.2062,-0.1699,0.1171,1.1546%,1.1760%,3.5990%,0.001961,BKH,61946.0,2019-02-20,252.0,0.4585%,0.0013,0.2066,-0.1702,0.1183,1.1546%,1.1760%,3.6151%,0.0038229999999999,BKH,61946.0,2019-02-21,252.0,0.3565%,0.0014,0.1999,-0.1832,0.1059,1.1499%,1.1709%,3.5497%,0.004383,BKH,61946.0,2019-02-22,252.0,1.1653%,0.0015,0.1974,-0.1583,0.0986,1.1473%,1.1668%,3.3062%,0.012818,BKH,0.046844,0.06036,0.059023,0.0547599999999999,0.0768339999999999
35771,BIOMARIN PHARMACEUTICAL INC,Biomarin Announces Ongoing Study Demonstrates Durable Treatment Benefit From Brineura For 3 Years; Reduced Rate Of Decline Maintained In Children With CLN2 Disease,6,increase,0.8,0.7,"the announcement of a durable treatment benefit from brineura for children with cln2 disease is likely to be viewed positively by investors, suggesting potential for continued revenue growth and market confidence in biomarin's product pipeline.",2,2019-02-07,BMRN,2019-02-07 21:30:00+00:00,87056.0,09061G10,-0.0228243339806795,778609.0,0.0055460389703512,-0.0167042929679155,-0.0172888971865177,-0.0083333300426602,0.0278467535972595,-0.002230797195807,0.0002099825942423,0.0045839319936931,-0.0186876505613327,0.0123749300837516,0.0055632465519011,0.0296241343021392,-0.0227683745324611,0.0106234345585107,-0.0129558499902486,-0.0235750209540128,-0.0204059779644012,0.0297799110412597,-0.0105843357741832,-0.0096174553036689,0.0397177375853061,-0.021743694320321,0.0088659981265664,-0.0207800045609474,0.0173592120409011,0.0018459676066413,-0.0054387813434004,0.0188068449497222,0.0160840656608343,0.0082165673375129,-0.0170958489179611,0.0191089510917663,-0.0049387919716537,-0.0138682778924703,-0.0175873674452304,0.0055354121141135,0.0028555134776979,0.0338983237743377,-0.0144562451168894,-0.0156013257801532,0.0142237897962331,0.0233950614929199,0.0193930566310882,0.0354765094816684,0.0227859281003475,0.0344418250024318,-0.006935725454241,-0.0089454110711812,0.000317447411362,-0.0022313850931823,-0.0123770041391253,0.0185407064855098,-0.0205655321478843,-0.0047619231045246,-0.016185512766242,0.0026259396690875,0.0091151585802435,0.0454205051064491,-0.0300726573914289,-0.0096391346305608,0.0056785913184285,-0.0572061464190483,0.0125352973118424,-0.0005821544327773,-0.0191835947334766,-0.041303914040327,-0.0014783361693844,-0.0310437548905611,0.0116160381585359,-0.0070884292945265,0.0067544574849307,-0.0083075808361172,0.0201275087893009,-0.0065601812675595,0.0072344187647104,0.0235001724213361,0.0053324396722018,-0.0158798415213823,0.0164538249373436,0.0121899126097559,-0.0161874778568744,-0.0297258105129003,-0.0115825906395912,0.0197459533810615,0.0108422460034489,-0.0419265627861022,-0.0375948101282119,0.0183276291936636,0.0123831862583756,-0.0074418731965124,0.0213499180972576,-0.0188621897250413,-0.03636359795928,0.0232437252998352,-0.0695966929197311,-0.0065972516313195,0.0098361289128661,0.0344423465430736,0.0066137011162936,0.0020301574841141,0.0273563601076602,0.0231769438832998,-0.0059302574954926,-0.0239035096019506,-0.0021055131219327,-0.0207941271364688,-0.0025788445491343,0.0100263534113764,0.0075215306133031,0.0325849801301956,-0.0023329588584601,-0.0188194457441568,-0.015783917158842,0.0048350375145673,-0.0098598459735512,-0.0271767377853393,0.0089982002973556,-0.0291252564638853,-0.0074910493567585,-0.0052493102848529,0.0055460389703512,-0.0167042929679155,-0.0118387431137173,-0.0248984206241448,0.0156783399211533,-0.0270736744930435,-0.0030930128097017,-0.0105187610661967,-0.0628199577482787,0.0253258727516108,-0.0609001591366888,0.1857389909234144,-0.1097482959751762,-0.0313951246169241,2019-02-08,2019-02-11,2019-02-12,2019-02-13,2019-02-14,2019-02-15,2019-02-19,2019-02-20,2019-02-21,2019-02-22,87056.0,2019-02-07,252.0,-2.2824%,0.0002,1.1982,0.489,-0.3515,1.6684%,2.2097%,42.9948%,-0.009906,BMRN,87056.0,2019-02-08,252.0,0.5546%,0.0003,1.1974,0.5068,-0.3432,1.6637%,2.2052%,43.0850%,0.001698,BMRN,87056.0,2019-02-11,252.0,-1.7289%,0.0002,1.2039,0.4709,-0.3592,1.6685%,2.1977%,42.3605%,-0.02162,BMRN,87056.0,2019-02-12,252.0,2.7847%,0.0003,1.2304,0.4446,-0.3409,1.6542%,2.1994%,43.4324%,0.010669,BMRN,87056.0,2019-02-13,252.0,0.0210%,0.0003,1.2204,0.4601,-0.3391,1.6492%,2.1878%,43.1746%,-0.0033629999999999,BMRN,87056.0,2019-02-14,252.0,-1.8688%,0.0003,1.227,0.4497,-0.3306,1.6464%,2.1871%,43.3350%,-0.0205839999999999,BMRN,87056.0,2019-02-15,252.0,0.5563%,0.0002,1.2066,0.4306,-0.3648,1.6431%,2.1756%,42.9624%,-0.007939,BMRN,87056.0,2019-02-19,252.0,-2.2768%,0.0001,1.2045,0.4107,-0.387,1.6498%,2.1803%,42.7439%,-0.0253149999999999,BMRN,87056.0,2019-02-20,252.0,-1.2956%,0.0,1.2008,0.4039,-0.3997,1.6521%,2.1819%,42.6690%,-0.014119,BMRN,87056.0,2019-02-21,252.0,-2.0406%,0.0,1.2027,0.4041,-0.3961,1.6551%,2.1842%,42.5789%,-0.0167,BMRN,87056.0,2019-02-22,252.0,-1.0584%,-0.0001,1.2069,0.3884,-0.3599,1.6627%,2.1851%,42.1010%,-0.026546,BMRN,-0.008208,-0.029828,-0.019159,-0.043106,-0.1337249999999999
35779,BROADRIDGE FINANCIAL SOLUTNS INC,Broadridge Financial Solutions shares are trading lower after the company reported Q2 EPS of $0.56 missing the $0.71 estimate and sales of $953.4 million missing the $967.68 million; the company also issued weak Q3 sales guidance.,6,decrease,0.85,0.7,"the company's missed earnings and sales estimates, along with weak guidance, are likely to negatively impact investor sentiment and lead to a decrease in stock price.",0,2019-02-07,BR,2019-02-07 16:36:00+00:00,91849.0,11133T10,-0.064226396381855,2857467.0,0.0066054225899279,-0.0077623152174055,0.0079975267872214,0.0089924614876508,0.010883935727179,0.0042726239189505,0.0036224655341356,0.0213230345398187,-0.0028072868008166,0.0002976069226861,0.0089483149349689,0.0090090241283178,-0.0051818299107253,-0.0064644603990018,0.003305637743324,-0.0126668633893132,-0.0055911061353981,0.0103173935785889,0.0124497776851058,0.0099189011380076,-0.0126933641731739,0.0017061237012967,0.0130574833601713,-0.0164840407669544,0.011897649616003,0.0119867837056517,-0.0079364841803908,0.0074468939565122,0.0023703493643552,-0.0066973026841878,-0.0181298293173313,0.0115267885848879,-0.0015052837552502,0.0012148485984653,-0.0065326788462698,-0.0034302256535738,-0.002326714573428,0.0060901963151991,0.0032447746489197,0.0016266371821984,0.0055588781833648,0.0124549567699432,0.0095487441867589,0.002786997007206,0.0302668344229459,0.0344900749623775,0.0059431507252156,-0.0150399692356586,-0.000579071114771,-0.0121558252722024,-0.0021245891693979,0.0117733916267752,-0.0034839892759919,-0.0076153073459863,-0.0117509867995977,0.0036645217332988,0.010023551993072,0.0405273027718067,-0.0234481040388345,-0.0227829162031412,-0.0001993052865145,-0.0180849190801382,0.0040857368148863,-0.0056132362224161,0.0030765933915972,0.0019789063371717,0.0161274094134569,0.0128705687820911,0.0096397809684276,-0.0190416686236858,0.0125373266637325,-0.0130732953548431,0.0018097194842994,-0.0159515365958213,0.0230081584304571,0.0121469469740986,-0.0024163767229765,-0.0059367716312408,0.0170486476272344,0.0075020059011876,0.0004580292443279,-0.0206513293087482,9.157788008451462e-05,-0.0229895748198032,0.0024718176573514,-0.0149068813771009,0.0073059638962149,-0.0115235783159732,0.0107887107878923,0.0402869842946529,0.0086106294766068,-0.006540470290929,0.0071143005043268,0.0379977710545063,0.0066225165501236,-0.0022242565173655,-0.0106140272691845,-0.0004041767388116,0.0053196069784462,-0.0124750500544905,0.0148161239922046,0.0181891396641731,0.0163378566503524,-0.0271846577525138,0.0009405781165696,-0.0339953936636447,0.0074321096763014,-0.0110491849482059,-0.0013567680725827,0.00369667657651,0.0030568109359592,0.0007588866865262,-0.0090578151866793,-0.0077183707617223,-0.0005125367897562,-0.0090476749464869,0.0065811676904559,-0.0028831618838012,0.0022077111061662,-0.01067357044667,0.0066054225899279,-0.0077623152174055,0.0146557764212531,0.0011603439495977,0.0256992246770331,0.0054379255818615,0.026524922228974,0.0271825188748011,0.0407678495655203,0.0373710406704319,0.0407661954114266,0.1023102364335135,0.2238879065781729,-0.0425755544901754,2019-02-08,2019-02-11,2019-02-12,2019-02-13,2019-02-14,2019-02-15,2019-02-19,2019-02-20,2019-02-21,2019-02-22,91849.0,2019-02-07,252.0,-6.4226%,0.0002,0.8494,0.1415,-0.3601,1.3329%,1.6940%,38.0882%,-0.055077,BR,91849.0,2019-02-08,252.0,0.6605%,0.0001,0.8492,0.1303,-0.3684,1.3310%,1.6937%,38.2373%,0.003185,BR,91849.0,2019-02-11,252.0,0.7998%,0.0001,0.8799,0.1101,-0.3632,1.3239%,1.6931%,38.8530%,0.006696,BR,91849.0,2019-02-12,252.0,1.0884%,0.0,0.8759,0.1138,-0.3659,1.3236%,1.6915%,38.7719%,-0.001822,BR,91849.0,2019-02-13,252.0,0.3622%,0.0,0.8734,0.1185,-0.3648,1.3231%,1.6879%,38.5519%,0.001258,BR,91849.0,2019-02-14,252.0,-0.2807%,-0.0,0.8734,0.116,-0.3605,1.3206%,1.6847%,38.5518%,-0.003805,BR,91849.0,2019-02-15,252.0,0.8948%,-0.0001,0.8675,0.1107,-0.3701,1.3197%,1.6812%,38.3825%,0.000419,BR,91849.0,2019-02-19,252.0,-0.5182%,-0.0001,0.8648,0.1089,-0.3719,1.3200%,1.6783%,38.1391%,-0.006141,BR,91849.0,2019-02-20,252.0,0.3306%,-0.0001,0.866,0.1125,-0.3674,1.3201%,1.6783%,38.1321%,0.003368,BR,91849.0,2019-02-21,252.0,-0.5591%,-0.0001,0.8678,0.1155,-0.3641,1.3201%,1.6786%,38.1572%,-0.003253,BR,91849.0,2019-02-22,252.0,1.2450%,-0.0002,0.8682,0.1031,-0.3711,1.3188%,1.6801%,38.3846%,0.000722,BR,-0.051892,-0.045196,-0.047018,-0.049565,-0.0544499999999999
35787,BROADRIDGE FINANCIAL SOLUTNS INC,"Broadridge Financial Solutions Sees Q3 Adj. EPS $1.40-$1.56 vs $1.53 Est., Sales $1.20B-$1.25B vs $1.27B Est.",6,decrease,0.7,0.6,"the company's adjusted eps guidance is below the consensus estimate, and sales projections also fall short, which may lead to a negative reaction in the stock price.",0,2019-02-07,BR,2019-02-07 13:45:00+00:00,91849.0,11133T10,-0.064226396381855,2857467.0,0.0066054225899279,-0.0077623152174055,0.0079975267872214,0.0089924614876508,0.010883935727179,0.0042726239189505,0.0036224655341356,0.0213230345398187,-0.0028072868008166,0.0002976069226861,0.0089483149349689,0.0090090241283178,-0.0051818299107253,-0.0064644603990018,0.003305637743324,-0.0126668633893132,-0.0055911061353981,0.0103173935785889,0.0124497776851058,0.0099189011380076,-0.0126933641731739,0.0017061237012967,0.0130574833601713,-0.0164840407669544,0.011897649616003,0.0119867837056517,-0.0079364841803908,0.0074468939565122,0.0023703493643552,-0.0066973026841878,-0.0181298293173313,0.0115267885848879,-0.0015052837552502,0.0012148485984653,-0.0065326788462698,-0.0034302256535738,-0.002326714573428,0.0060901963151991,0.0032447746489197,0.0016266371821984,0.0055588781833648,0.0124549567699432,0.0095487441867589,0.002786997007206,0.0302668344229459,0.0344900749623775,0.0059431507252156,-0.0150399692356586,-0.000579071114771,-0.0121558252722024,-0.0021245891693979,0.0117733916267752,-0.0034839892759919,-0.0076153073459863,-0.0117509867995977,0.0036645217332988,0.010023551993072,0.0405273027718067,-0.0234481040388345,-0.0227829162031412,-0.0001993052865145,-0.0180849190801382,0.0040857368148863,-0.0056132362224161,0.0030765933915972,0.0019789063371717,0.0161274094134569,0.0128705687820911,0.0096397809684276,-0.0190416686236858,0.0125373266637325,-0.0130732953548431,0.0018097194842994,-0.0159515365958213,0.0230081584304571,0.0121469469740986,-0.0024163767229765,-0.0059367716312408,0.0170486476272344,0.0075020059011876,0.0004580292443279,-0.0206513293087482,9.157788008451462e-05,-0.0229895748198032,0.0024718176573514,-0.0149068813771009,0.0073059638962149,-0.0115235783159732,0.0107887107878923,0.0402869842946529,0.0086106294766068,-0.006540470290929,0.0071143005043268,0.0379977710545063,0.0066225165501236,-0.0022242565173655,-0.0106140272691845,-0.0004041767388116,0.0053196069784462,-0.0124750500544905,0.0148161239922046,0.0181891396641731,0.0163378566503524,-0.0271846577525138,0.0009405781165696,-0.0339953936636447,0.0074321096763014,-0.0110491849482059,-0.0013567680725827,0.00369667657651,0.0030568109359592,0.0007588866865262,-0.0090578151866793,-0.0077183707617223,-0.0005125367897562,-0.0090476749464869,0.0065811676904559,-0.0028831618838012,0.0022077111061662,-0.01067357044667,0.0066054225899279,-0.0077623152174055,0.0146557764212531,0.0011603439495977,0.0256992246770331,0.0054379255818615,0.026524922228974,0.0271825188748011,0.0407678495655203,0.0373710406704319,0.0407661954114266,0.1023102364335135,0.2238879065781729,-0.0425755544901754,2019-02-08,2019-02-11,2019-02-12,2019-02-13,2019-02-14,2019-02-15,2019-02-19,2019-02-20,2019-02-21,2019-02-22,91849.0,2019-02-07,252.0,-6.4226%,0.0002,0.8494,0.1415,-0.3601,1.3329%,1.6940%,38.0882%,-0.055077,BR,91849.0,2019-02-08,252.0,0.6605%,0.0001,0.8492,0.1303,-0.3684,1.3310%,1.6937%,38.2373%,0.003185,BR,91849.0,2019-02-11,252.0,0.7998%,0.0001,0.8799,0.1101,-0.3632,1.3239%,1.6931%,38.8530%,0.006696,BR,91849.0,2019-02-12,252.0,1.0884%,0.0,0.8759,0.1138,-0.3659,1.3236%,1.6915%,38.7719%,-0.001822,BR,91849.0,2019-02-13,252.0,0.3622%,0.0,0.8734,0.1185,-0.3648,1.3231%,1.6879%,38.5519%,0.001258,BR,91849.0,2019-02-14,252.0,-0.2807%,-0.0,0.8734,0.116,-0.3605,1.3206%,1.6847%,38.5518%,-0.003805,BR,91849.0,2019-02-15,252.0,0.8948%,-0.0001,0.8675,0.1107,-0.3701,1.3197%,1.6812%,38.3825%,0.000419,BR,91849.0,2019-02-19,252.0,-0.5182%,-0.0001,0.8648,0.1089,-0.3719,1.3200%,1.6783%,38.1391%,-0.006141,BR,91849.0,2019-02-20,252.0,0.3306%,-0.0001,0.866,0.1125,-0.3674,1.3201%,1.6783%,38.1321%,0.003368,BR,91849.0,2019-02-21,252.0,-0.5591%,-0.0001,0.8678,0.1155,-0.3641,1.3201%,1.6786%,38.1572%,-0.003253,BR,91849.0,2019-02-22,252.0,1.2450%,-0.0002,0.8682,0.1031,-0.3711,1.3188%,1.6801%,38.3846%,0.000722,BR,-0.051892,-0.045196,-0.047018,-0.049565,-0.0544499999999999
35795,BROADRIDGE FINANCIAL SOLUTNS INC,"Broadridge Q2 EPS $0.56 Misses $0.71 Estimate, Sales $953.4M Miss $967.68M Estimate",6,decrease,0.8,0.7,"the company's earnings per share and sales both missed analyst estimates, which typically leads to a negative reaction in stock prices.",0,2019-02-07,BR,2019-02-07 13:43:00+00:00,91849.0,11133T10,-0.064226396381855,2857467.0,0.0066054225899279,-0.0077623152174055,0.0079975267872214,0.0089924614876508,0.010883935727179,0.0042726239189505,0.0036224655341356,0.0213230345398187,-0.0028072868008166,0.0002976069226861,0.0089483149349689,0.0090090241283178,-0.0051818299107253,-0.0064644603990018,0.003305637743324,-0.0126668633893132,-0.0055911061353981,0.0103173935785889,0.0124497776851058,0.0099189011380076,-0.0126933641731739,0.0017061237012967,0.0130574833601713,-0.0164840407669544,0.011897649616003,0.0119867837056517,-0.0079364841803908,0.0074468939565122,0.0023703493643552,-0.0066973026841878,-0.0181298293173313,0.0115267885848879,-0.0015052837552502,0.0012148485984653,-0.0065326788462698,-0.0034302256535738,-0.002326714573428,0.0060901963151991,0.0032447746489197,0.0016266371821984,0.0055588781833648,0.0124549567699432,0.0095487441867589,0.002786997007206,0.0302668344229459,0.0344900749623775,0.0059431507252156,-0.0150399692356586,-0.000579071114771,-0.0121558252722024,-0.0021245891693979,0.0117733916267752,-0.0034839892759919,-0.0076153073459863,-0.0117509867995977,0.0036645217332988,0.010023551993072,0.0405273027718067,-0.0234481040388345,-0.0227829162031412,-0.0001993052865145,-0.0180849190801382,0.0040857368148863,-0.0056132362224161,0.0030765933915972,0.0019789063371717,0.0161274094134569,0.0128705687820911,0.0096397809684276,-0.0190416686236858,0.0125373266637325,-0.0130732953548431,0.0018097194842994,-0.0159515365958213,0.0230081584304571,0.0121469469740986,-0.0024163767229765,-0.0059367716312408,0.0170486476272344,0.0075020059011876,0.0004580292443279,-0.0206513293087482,9.157788008451462e-05,-0.0229895748198032,0.0024718176573514,-0.0149068813771009,0.0073059638962149,-0.0115235783159732,0.0107887107878923,0.0402869842946529,0.0086106294766068,-0.006540470290929,0.0071143005043268,0.0379977710545063,0.0066225165501236,-0.0022242565173655,-0.0106140272691845,-0.0004041767388116,0.0053196069784462,-0.0124750500544905,0.0148161239922046,0.0181891396641731,0.0163378566503524,-0.0271846577525138,0.0009405781165696,-0.0339953936636447,0.0074321096763014,-0.0110491849482059,-0.0013567680725827,0.00369667657651,0.0030568109359592,0.0007588866865262,-0.0090578151866793,-0.0077183707617223,-0.0005125367897562,-0.0090476749464869,0.0065811676904559,-0.0028831618838012,0.0022077111061662,-0.01067357044667,0.0066054225899279,-0.0077623152174055,0.0146557764212531,0.0011603439495977,0.0256992246770331,0.0054379255818615,0.026524922228974,0.0271825188748011,0.0407678495655203,0.0373710406704319,0.0407661954114266,0.1023102364335135,0.2238879065781729,-0.0425755544901754,2019-02-08,2019-02-11,2019-02-12,2019-02-13,2019-02-14,2019-02-15,2019-02-19,2019-02-20,2019-02-21,2019-02-22,91849.0,2019-02-07,252.0,-6.4226%,0.0002,0.8494,0.1415,-0.3601,1.3329%,1.6940%,38.0882%,-0.055077,BR,91849.0,2019-02-08,252.0,0.6605%,0.0001,0.8492,0.1303,-0.3684,1.3310%,1.6937%,38.2373%,0.003185,BR,91849.0,2019-02-11,252.0,0.7998%,0.0001,0.8799,0.1101,-0.3632,1.3239%,1.6931%,38.8530%,0.006696,BR,91849.0,2019-02-12,252.0,1.0884%,0.0,0.8759,0.1138,-0.3659,1.3236%,1.6915%,38.7719%,-0.001822,BR,91849.0,2019-02-13,252.0,0.3622%,0.0,0.8734,0.1185,-0.3648,1.3231%,1.6879%,38.5519%,0.001258,BR,91849.0,2019-02-14,252.0,-0.2807%,-0.0,0.8734,0.116,-0.3605,1.3206%,1.6847%,38.5518%,-0.003805,BR,91849.0,2019-02-15,252.0,0.8948%,-0.0001,0.8675,0.1107,-0.3701,1.3197%,1.6812%,38.3825%,0.000419,BR,91849.0,2019-02-19,252.0,-0.5182%,-0.0001,0.8648,0.1089,-0.3719,1.3200%,1.6783%,38.1391%,-0.006141,BR,91849.0,2019-02-20,252.0,0.3306%,-0.0001,0.866,0.1125,-0.3674,1.3201%,1.6783%,38.1321%,0.003368,BR,91849.0,2019-02-21,252.0,-0.5591%,-0.0001,0.8678,0.1155,-0.3641,1.3201%,1.6786%,38.1572%,-0.003253,BR,91849.0,2019-02-22,252.0,1.2450%,-0.0002,0.8682,0.1031,-0.3711,1.3188%,1.6801%,38.3846%,0.000722,BR,-0.051892,-0.045196,-0.047018,-0.049565,-0.0544499999999999
35803,B R T APARTMENTS CORP,"BRT Realty Trust Q1 EPS $0.22 Down From $0.26 YoY, Sales $31.439M Beat $31.2M Estimate",6,uncertain,0.6,0.3,"while the sales beat expectations, the decrease in eps may raise concerns among investors, leading to uncertainty in the stock price movement.",1,2019-02-07,BRT,2019-02-07 22:13:00+00:00,56856.0,05564530,0.0116279516369104,12677.0,0.0,0.0086004426702857,0.0076627912931144,0.0070866262540221,-0.010646341368556,-0.0047022271901369,0.006917767226696,-0.0192159879952669,-0.0030534320976585,0.0325396694242954,0.0076569239608943,0.0071942568756639,0.0060790218412876,-0.012628243304789,-0.0007553042960353,-0.0140078058466315,0.0105820372700691,0.0094266179949045,-0.0052355793304741,-0.0680820122361183,0.0097744446247816,-0.017972681671381,-0.0022338558919727,0.0545868314802646,-0.006716358475387,0.0007586703286506,-0.0007513319724239,0.0038080876693129,0.0067669288255274,0.01546788867563,0.0328603126108646,0.0062256748788058,-0.0057845208793878,0.004691198002547,-0.0189091078937053,0.0500820726156234,0.0,-0.0016393036348745,-0.0037064633797854,-0.0169218406081199,0.0260416958481073,0.0264681298285722,-0.0188542585819959,0.016820840537548,-0.0221729632467031,0.0206009205430746,0.0211640745401382,0.0051768305711448,0.0111028579995036,0.0131119387224316,0.0109810084104538,-0.0129422405734658,0.0043446389026939,0.0078261001035571,-0.0302811879664659,0.015004419721663,0.0208178237080574,0.016143525019288,0.0,-0.0630252137780189,0.0043700374662876,0.046613872051239,0.015452541410923,0.0078397514298558,0.0036232022102922,-0.0043365298770368,0.002888083923608,0.0221631210297346,-0.0007199588580988,0.0062443972565233,0.0064841606654226,-0.0105913402512669,-0.0028632755856961,-0.0087489392608404,0.0028714975342154,0.0070484513416886,-0.0057265511713922,0.003536689793691,-0.0115191359072923,0.0053333705291152,0.0189366526901722,0.0008897000807337,-0.0028591824229806,0.0035714253317564,0.0071684862487018,-0.0201225280761718,-0.001423520152457,0.0017528885509818,-0.0042765121906995,0.003518026554957,0.0035791115369647,0.0026454790495336,-0.0057061966508626,-0.0052631110884249,0.0,0.0044052191078662,-0.0043041226454079,-0.0008802179363556,0.0100864795967936,-0.003508768742904,0.0021397811360657,0.017857126891613,0.0064057046547532,-0.0114739732816815,-0.0049505406059324,-0.0070113870315253,0.0049751703627407,0.0008772130822762,0.0028288515750318,-0.0214592274278402,-0.0105783194303512,-0.0347970239818096,-0.0028510307893157,0.0272340159863233,0.0007148126605898,0.0146804898977279,0.0035714420955628,-0.0374064706265926,0.0099643692374229,0.0397580005228519,0.0,0.0086004426702857,0.0076627912931144,0.0157480170471313,-0.0030651307673841,0.0109717391030446,0.00076630148121,0.0238094621617372,0.0191570890472576,-0.0556369113203931,0.0521072322618936,0.0840336158882042,0.1033585764797866,0.1345646394701416,2019-02-08,2019-02-11,2019-02-12,2019-02-13,2019-02-14,2019-02-15,2019-02-19,2019-02-20,2019-02-21,2019-02-22,56856.0,2019-02-07,252.0,1.1628%,0.0009,0.2421,0.2025,0.0869,1.7554%,1.7754%,2.2314%,0.0136979999999999,BRT,56856.0,2019-02-08,252.0,0.0000%,0.0009,0.2422,0.2039,0.0881,1.7554%,1.7754%,2.2330%,0.0001799999999999,BRT,56856.0,2019-02-11,252.0,0.7663%,0.0009,0.2473,0.2055,0.0917,1.7556%,1.7757%,2.2562%,0.005675,BRT,56856.0,2019-02-12,252.0,-1.0646%,0.0007,0.2211,0.2282,0.0742,1.7467%,1.7646%,2.0144%,-0.013995,BRT,56856.0,2019-02-13,252.0,0.6918%,0.0009,0.2396,0.199,0.0703,1.7299%,1.7496%,2.2469%,0.00601,BRT,56856.0,2019-02-14,252.0,-0.3053%,0.0009,0.2417,0.1974,0.0701,1.7265%,1.7465%,2.2856%,-0.003277,BRT,56856.0,2019-02-15,252.0,0.7657%,0.001,0.2596,0.2138,0.0996,1.7223%,1.7446%,2.5457%,0.003995,BRT,56856.0,2019-02-19,252.0,0.6079%,0.0011,0.2646,0.21,0.095,1.7203%,1.7434%,2.6365%,0.004567,BRT,56856.0,2019-02-20,252.0,-0.0755%,0.0012,0.2652,0.2189,0.0992,1.7171%,1.7406%,2.6769%,-0.002342,BRT,56856.0,2019-02-21,252.0,1.0582%,0.0012,0.2626,0.2159,0.0943,1.7184%,1.7415%,2.6255%,0.011845,BRT,56856.0,2019-02-22,252.0,-0.5236%,0.0013,0.2625,0.2462,0.1212,1.7126%,1.7360%,2.6723%,-0.006843,BRT,0.0138779999999999,0.0195529999999999,0.0055579999999999,0.0082909999999999,0.0195129999999999
35811,BRIGHTVIEW HOLDINGS INC,"BrightView Reports Purchase Of Benchmark Landscapes, No Terms Disclosed",6,uncertain,0.6,0.3,"the acquisition of benchmark landscapes could be seen as a growth opportunity for brightview, but the lack of disclosed terms makes it difficult to assess the financial impact on the stock price.",1,2019-02-07,BV,2019-02-07 21:30:00+00:00,17867.0,10948C10,-0.1024423539638519,606752.0,-0.0362811461091041,-0.0094086248427629,0.0196078438311815,0.0226804073899984,0.0200000181794166,-0.0047879409976303,0.0384615547955036,-0.0128292050212621,0.0130718480795621,0.0256233271211385,0.0172042846679687,0.0006929504452273,-0.0303029846400022,-0.0282828323543071,0.016715083271265,0.0,-0.0185847207903862,0.0122699597850441,-0.0218499079346656,0.0301966518163681,0.0349962264299392,-0.0062805409543216,-0.0273380707949399,-0.0013937600888311,0.0029585768934339,0.0077247619628906,-0.0044248094782233,-0.0152144031599164,0.0185185186564922,0.0097765605896711,-0.0007272893562912,0.0163236018270254,-0.0101891839876771,0.0269679203629493,0.0294117350131273,0.0441400222480297,-0.0028571400325745,0.03709552064538,0.0050143050029873,0.0250809416174888,0.0,0.0591259263455867,-0.0042765121906995,0.01478261500597,-0.0078740594908595,0.0818438231945037,0.0101010352373123,-0.0037488248199224,0.0300000049173831,0.0450538732111454,0.0450762547552585,0.0461065359413623,0.045122779905796,-0.0220440197736024,-0.0107936551794409,0.0162932630628347,-0.0186136048287153,0.0616215877234935,-0.0712884366512298,-0.0414507389068603,-0.0267605725675821,-0.0291750468313694,0.0282199960201978,0.0060728201642632,0.0274454858154058,-0.0351562164723873,0.016438340768218,-0.0144370133057236,-0.0296496320515871,-0.0379629470407962,0.0277778189629316,-0.0064397142268717,-0.0189188998192548,-0.057241965085268,0.0151514671742916,-0.010300419293344,0.01899597607553,0.0373998284339904,-0.0066578146070241,-0.0318966247141361,0.0,-0.0614886172115802,-0.0201072506606578,0.0299999713897705,0.0109439017251133,-0.0551180951297283,0.0040595685131847,0.007936461828649,0.0026954151690006,-0.0440060645341873,0.0047042807564139,-0.0229799468070268,0.0026755826547741,0.1451613008975983,0.0073382663540542,-0.0215947031974792,0.0350993201136589,-0.0041356650181114,0.0230326075106859,-0.01306121237576,0.0062539326027035,0.0,-0.0062150638550519,-0.0466926358640193,0.0006254051695577,-0.0242976229637861,0.0099999904632568,-0.0156950708478689,0.0111386328935623,0.0007479602936655,-0.0183598063886165,-0.0081602120772004,0.0137156667187809,0.0052199624478816,0.0147601328790187,-0.0317689925432205,0.0145454406738281,-0.0177304968237876,0.0071685090661048,-0.0049399924464523,-0.0362811461091041,-0.0094086248427629,-0.0173846973248462,0.0130583911028219,0.0022676265920298,0.0082079272990671,0.0544217916631348,0.020775637539395,0.0151172182689938,0.0351123620309046,0.0733182350511307,0.5274611683546107,0.2743765048558853,0.0402257983604785,2019-02-08,2019-02-11,2019-02-12,2019-02-13,2019-02-14,2019-02-15,2019-02-19,2019-02-20,2019-02-21,2019-02-22,17867.0,2019-02-07,153.0,-10.2442%,-0.0023,1.4012,0.5915,0.4292,2.6936%,3.1029%,24.6413%,-0.090823,BV,17867.0,2019-02-08,154.0,-3.6281%,-0.0025,1.411,0.5961,0.4665,2.6976%,3.1046%,24.4997%,-0.034976,BV,17867.0,2019-02-11,155.0,1.9608%,-0.0023,1.4147,0.6242,0.4818,2.6915%,3.0997%,24.6075%,0.012525,BV,17867.0,2019-02-12,156.0,2.0000%,-0.0023,1.4178,0.6246,0.4838,2.6829%,3.0951%,24.8589%,0.001354,BV,17867.0,2019-02-13,157.0,3.8462%,-0.0021,1.4262,0.6369,0.4987,2.6897%,3.1025%,24.8401%,0.033678,BV,17867.0,2019-02-14,158.0,1.3072%,-0.002,1.4187,0.6547,0.4847,2.6847%,3.0950%,24.7548%,0.015548,BV,17867.0,2019-02-15,159.0,1.7204%,-0.002,1.4178,0.6538,0.4831,2.6762%,3.0890%,24.9412%,-0.002891,BV,17867.0,2019-02-19,160.0,-3.0303%,-0.0022,1.4079,0.6197,0.4517,2.6816%,3.0873%,24.5589%,-0.036442,BV,17867.0,2019-02-20,161.0,1.6715%,-0.0021,1.413,0.6314,0.4678,2.6749%,3.0813%,24.6389%,0.010092,BV,17867.0,2019-02-21,162.0,-1.8585%,-0.0022,1.4164,0.6331,0.4735,2.6677%,3.0744%,24.7090%,-0.011939,BV,17867.0,2019-02-22,163.0,-2.1850%,-0.0023,1.4244,0.6192,0.5225,2.6667%,3.0688%,24.4860%,-0.0276779999999999,BV,-0.125799,-0.113274,-0.11192,-0.062694,-0.131552
35819,BRIGHTVIEW HOLDINGS INC,"BrightView Holdings Q1 EPS $(0.10), Sales $526M Down From $551.1M YoY",6,decrease,0.8,0.7,the reported loss in eps and a decline in sales compared to the previous year are likely to negatively impact investor sentiment and lead to a decrease in stock price.,0,2019-02-07,BV,2019-02-07 11:34:00+00:00,17867.0,10948C10,-0.1024423539638519,606752.0,-0.0362811461091041,-0.0094086248427629,0.0196078438311815,0.0226804073899984,0.0200000181794166,-0.0047879409976303,0.0384615547955036,-0.0128292050212621,0.0130718480795621,0.0256233271211385,0.0172042846679687,0.0006929504452273,-0.0303029846400022,-0.0282828323543071,0.016715083271265,0.0,-0.0185847207903862,0.0122699597850441,-0.0218499079346656,0.0301966518163681,0.0349962264299392,-0.0062805409543216,-0.0273380707949399,-0.0013937600888311,0.0029585768934339,0.0077247619628906,-0.0044248094782233,-0.0152144031599164,0.0185185186564922,0.0097765605896711,-0.0007272893562912,0.0163236018270254,-0.0101891839876771,0.0269679203629493,0.0294117350131273,0.0441400222480297,-0.0028571400325745,0.03709552064538,0.0050143050029873,0.0250809416174888,0.0,0.0591259263455867,-0.0042765121906995,0.01478261500597,-0.0078740594908595,0.0818438231945037,0.0101010352373123,-0.0037488248199224,0.0300000049173831,0.0450538732111454,0.0450762547552585,0.0461065359413623,0.045122779905796,-0.0220440197736024,-0.0107936551794409,0.0162932630628347,-0.0186136048287153,0.0616215877234935,-0.0712884366512298,-0.0414507389068603,-0.0267605725675821,-0.0291750468313694,0.0282199960201978,0.0060728201642632,0.0274454858154058,-0.0351562164723873,0.016438340768218,-0.0144370133057236,-0.0296496320515871,-0.0379629470407962,0.0277778189629316,-0.0064397142268717,-0.0189188998192548,-0.057241965085268,0.0151514671742916,-0.010300419293344,0.01899597607553,0.0373998284339904,-0.0066578146070241,-0.0318966247141361,0.0,-0.0614886172115802,-0.0201072506606578,0.0299999713897705,0.0109439017251133,-0.0551180951297283,0.0040595685131847,0.007936461828649,0.0026954151690006,-0.0440060645341873,0.0047042807564139,-0.0229799468070268,0.0026755826547741,0.1451613008975983,0.0073382663540542,-0.0215947031974792,0.0350993201136589,-0.0041356650181114,0.0230326075106859,-0.01306121237576,0.0062539326027035,0.0,-0.0062150638550519,-0.0466926358640193,0.0006254051695577,-0.0242976229637861,0.0099999904632568,-0.0156950708478689,0.0111386328935623,0.0007479602936655,-0.0183598063886165,-0.0081602120772004,0.0137156667187809,0.0052199624478816,0.0147601328790187,-0.0317689925432205,0.0145454406738281,-0.0177304968237876,0.0071685090661048,-0.0049399924464523,-0.0362811461091041,-0.0094086248427629,-0.0173846973248462,0.0130583911028219,0.0022676265920298,0.0082079272990671,0.0544217916631348,0.020775637539395,0.0151172182689938,0.0351123620309046,0.0733182350511307,0.5274611683546107,0.2743765048558853,0.0402257983604785,2019-02-08,2019-02-11,2019-02-12,2019-02-13,2019-02-14,2019-02-15,2019-02-19,2019-02-20,2019-02-21,2019-02-22,17867.0,2019-02-07,153.0,-10.2442%,-0.0023,1.4012,0.5915,0.4292,2.6936%,3.1029%,24.6413%,-0.090823,BV,17867.0,2019-02-08,154.0,-3.6281%,-0.0025,1.411,0.5961,0.4665,2.6976%,3.1046%,24.4997%,-0.034976,BV,17867.0,2019-02-11,155.0,1.9608%,-0.0023,1.4147,0.6242,0.4818,2.6915%,3.0997%,24.6075%,0.012525,BV,17867.0,2019-02-12,156.0,2.0000%,-0.0023,1.4178,0.6246,0.4838,2.6829%,3.0951%,24.8589%,0.001354,BV,17867.0,2019-02-13,157.0,3.8462%,-0.0021,1.4262,0.6369,0.4987,2.6897%,3.1025%,24.8401%,0.033678,BV,17867.0,2019-02-14,158.0,1.3072%,-0.002,1.4187,0.6547,0.4847,2.6847%,3.0950%,24.7548%,0.015548,BV,17867.0,2019-02-15,159.0,1.7204%,-0.002,1.4178,0.6538,0.4831,2.6762%,3.0890%,24.9412%,-0.002891,BV,17867.0,2019-02-19,160.0,-3.0303%,-0.0022,1.4079,0.6197,0.4517,2.6816%,3.0873%,24.5589%,-0.036442,BV,17867.0,2019-02-20,161.0,1.6715%,-0.0021,1.413,0.6314,0.4678,2.6749%,3.0813%,24.6389%,0.010092,BV,17867.0,2019-02-21,162.0,-1.8585%,-0.0022,1.4164,0.6331,0.4735,2.6677%,3.0744%,24.7090%,-0.011939,BV,17867.0,2019-02-22,163.0,-2.1850%,-0.0023,1.4244,0.6192,0.5225,2.6667%,3.0688%,24.4860%,-0.0276779999999999,BV,-0.125799,-0.113274,-0.11192,-0.062694,-0.131552
35827,CATO CORP NEW,Cato Reports Jan. Comps Up 2%; Q4 Comps Down 2% Year Over Year,6,uncertain,0.6,0.3,"while january's comparable store sales increase may be seen positively, the overall decline in q4 comps could raise concerns among investors, leading to uncertainty in the stock's reaction.",1,2019-02-07,CATO,2019-02-07 12:23:00+00:00,11267.0,14920510,-0.0020283795893192,171141.0,0.0081300735473632,-0.0224719196557998,0.0282258111983537,0.0216070003807544,0.0039215334691107,0.0054311528801918,-0.0091145439073443,-0.0080808643251657,-0.0170828010886907,0.0027008750475943,0.0207219533622264,-0.0230870340019464,-0.0072037070058286,-0.0174984093755483,0.0098944967612624,-0.0057989787310361,-0.0293926037847995,0.0230718776583671,0.0222072638571262,-0.0097910976037383,0.0019750287756323,0.0052493386901915,-0.0013140904484316,-0.0292993653565645,0.0151316113770008,0.0356200523674488,0.0200906973332166,0.0277966000139713,-0.0069885426200926,-0.0027045274619013,-0.0275112148374319,-0.0073825274594128,0.0,0.0184551943093538,-0.0078947292640805,0.0555555894970893,-0.0716180354356765,-0.098243348300457,-0.0335714407265186,-0.0051779886707663,0.0196969881653785,0.0025957145262509,-0.0089152958244085,0.0468749701976776,0.0127436341717839,0.0222222674638032,-0.005181394983083,0.0069929668679833,-0.0066963690333068,0.0021022937726229,0.0284643564373254,-0.0007002293714322,0.0131100006401538,-0.0124481534585356,0.0057512526400387,0.0140252318233251,0.0021444379817694,0.0348331294953823,0.0042795622721314,0.0184774585068225,0.0184659250080585,-0.0223988741636276,0.0153417196124792,-0.0156472455710172,0.0315934084355831,-0.0242886487394571,0.003328843973577,0.0285510066896677,-0.005972140468657,-0.0077903438359498,0.0200267154723405,0.0269090831279754,-0.0104711940512061,-0.0391335003077983,-0.0013227185700088,0.0077465218491852,0.0165562909096479,-0.012517406605184,-0.0136807840317487,0.0148200448602438,-0.0284016039222478,-0.031396135687828,-0.0740992650389671,-0.0072944071143865,-0.0088105639442801,-0.0437539964914321,-0.0074074356816709,0.0436797365546226,0.028358219191432,-0.0104781137779355,0.0,-0.0148386796936392,0.0021771180909127,-0.0038560680113732,0.0188268832862377,0.005168015602976,0.0099502736702561,-0.0791195705533027,-0.0457424074411392,0.0077937147580087,0.0088495491072535,0.0145985260605812,0.0584794767200946,-0.0114250537008047,-0.010359089821577,-0.0286215916275978,0.0286112949252128,-0.0283768437802791,-0.0020352599676698,-0.0249030906707048,0.0305914208292961,-0.0253506582230329,-0.036279696971178,0.0103542525321245,0.0164271555840969,0.001637592096813,0.0323232002556324,-0.052250400185585,-0.0352250449359417,-0.0847538262605667,0.0081300735473632,-0.0224719196557998,0.0365853626666936,-0.0013504700516044,0.0406503668599813,0.0040733482192769,0.0135501214606887,-0.0013504699353307,0.029132745861405,-0.0345952835571425,-0.0222222424380599,0.0931264055598941,0.0270833172495885,-0.2834072740044734,2019-02-08,2019-02-11,2019-02-12,2019-02-13,2019-02-14,2019-02-15,2019-02-19,2019-02-20,2019-02-21,2019-02-22,11267.0,2019-02-07,252.0,-0.2028%,0.0018,0.5042,1.7521,0.6821,2.9806%,3.1342%,9.5599%,0.0022589999999999,CATO,11267.0,2019-02-08,252.0,0.8130%,0.0018,0.5028,1.7444,0.6708,2.9810%,3.1331%,9.4715%,0.011407,CATO,11267.0,2019-02-11,252.0,2.8226%,0.0021,0.432,1.8287,0.6793,2.9604%,3.1175%,9.8275%,0.014366,CATO,11267.0,2019-02-12,252.0,0.3922%,0.002,0.4122,1.8515,0.6651,2.9541%,3.1129%,9.9458%,-0.001264,CATO,11267.0,2019-02-13,252.0,-0.9115%,0.0019,0.412,1.8462,0.6608,2.9552%,3.1132%,9.8897%,-0.0119449999999999,CATO,11267.0,2019-02-14,252.0,-1.7083%,0.0019,0.4186,1.8336,0.6729,2.9578%,3.1145%,9.8086%,-0.022085,CATO,11267.0,2019-02-15,252.0,2.0722%,0.0019,0.4169,1.8327,0.6711,2.9578%,3.1138%,9.7741%,0.008078,CATO,11267.0,2019-02-19,252.0,-0.7204%,0.0018,0.4139,1.8213,0.6584,2.9597%,3.1143%,9.6798%,-0.015424,CATO,11267.0,2019-02-20,252.0,0.9894%,0.0019,0.4166,1.8403,0.6714,2.9537%,3.1115%,9.8881%,0.00138,CATO,11267.0,2019-02-21,252.0,-2.9393%,0.0019,0.4173,1.8358,0.6729,2.9570%,3.1135%,9.7967%,-0.025119,CATO,11267.0,2019-02-22,252.0,2.2207%,0.002,0.4143,1.8542,0.653,2.9582%,3.1160%,9.8706%,0.019189,CATO,0.013666,0.028032,0.026768,-0.0072619999999999,-0.0191579999999999
35835,CENTURY COMMUNITIES INC,"Century Communities Says Will Not Issue Sales, Closing Guidance For FY19 At This Time",6,uncertain,0.7,0.5,"the lack of sales and closing guidance may create uncertainty among investors, potentially leading to mixed reactions in the stock price.",1,2019-02-07,CCS,2019-02-07 21:37:00+00:00,14716.0,15650430,0.0088644605129957,660315.0,-0.0405857451260089,-0.008786573074758,0.0021805162541568,0.0209312159568071,0.0704961195588111,-0.006788283586502,-0.0162601470947265,0.0046888580545783,-0.0392562299966812,0.0463871099054813,0.0180645193904638,0.0076404530555009,0.0071820900775492,0.021579397842288,-0.0058724577538669,0.007400547619909,0.0063290977850556,0.0178908221423625,0.0142557714134454,0.0325717106461525,-0.0107482522726059,0.0014605053002014,-0.0112829273566603,-0.0162834413349628,-0.0097210286185145,-0.0174118038266897,-0.0256082098931074,-0.0083994539454579,-0.0039421878755092,-0.003255799645558,0.0268250051885843,-0.0064694727770984,-0.0295503437519073,-0.0105167552828788,-0.0075022098608314,0.0036714051384478,0.057358868420124,-0.0041132653132081,-0.0008410621085204,0.0433953218162059,0.0303030014038085,0.0417287722229957,-0.0159313473850488,0.0517241284251213,-0.0136986272409558,0.0657015815377235,-0.0109427701681852,0.0011147463228553,-0.0017021666280925,0.0393974669277668,0.0072463802061975,-0.0040392205119133,-0.0334320366382598,0.0134502649307251,0.0039404621347785,-0.0189328696578741,0.0244221314787864,0.0455908961594104,-0.0063856798224151,-0.0059630516916513,0.0317052155733108,-0.0295139010995626,-0.0087208924815058,-0.0405330099165439,0.026392925530672,-0.0071664368733763,0.0016326904296875,0.019101133570075,-0.023227447643876,-0.032082661986351,-0.0037546998355537,-0.0218085031956434,-0.0201004836708307,-0.0089615229517221,0.0051282411441206,0.0063659907318651,0.0429421849548816,0.0010621591936796,0.0615572854876518,-0.046582281589508,-0.0034562270157039,-0.0040342877618968,-0.0138728553429245,0.0205867011100053,0.0042985780164599,-0.0554204881191253,0.0116731217131018,0.0,-0.0096153849735856,0.000486392469611,-0.0050485110841691,-0.0048402897082269,-0.0046838731504976,0.0212555769830942,-0.0019607543945312,-0.005408092867583,0.000392861344153,-0.0188132841140031,-0.0357423350214958,0.019675338640809,0.0252546183764934,0.0340793542563915,0.0147000728175044,-0.0238331463187933,-0.0281911194324493,-0.001982205780223,0.0060434979386627,0.0186774786561727,0.0104125048965215,-0.0289215762168169,0.0079271011054515,0.0069101378321647,-0.0114038893952965,0.0044620800763368,0.0083532612770795,-0.0218235086649656,0.113214947283268,-0.0241362210363149,0.0028348662890493,-0.0456188023090362,-0.0405857451260089,-0.008786573074758,-0.0384937267487864,0.0119607292235011,0.0292887344468779,0.0050912528151285,-0.0271966396436488,0.0566458713753508,0.0121339270211318,0.1516772410129505,-0.0234309389149676,0.4126416194732341,0.1841004100460002,0.0700090929835908,2019-02-08,2019-02-11,2019-02-12,2019-02-13,2019-02-14,2019-02-15,2019-02-19,2019-02-20,2019-02-21,2019-02-22,14716.0,2019-02-07,252.0,0.8864%,-0.001,1.0432,1.3086,0.0474,1.9122%,2.3293%,32.6078%,0.0201589999999999,CCS,14716.0,2019-02-08,252.0,-4.0586%,-0.0011,1.0498,1.3334,0.0915,1.9266%,2.3412%,32.2872%,-0.0419519999999999,CCS,14716.0,2019-02-11,252.0,0.2181%,-0.001,1.0055,1.3656,0.0857,1.9157%,2.3106%,31.2615%,-0.0084,CCS,14716.0,2019-02-12,252.0,7.0496%,-0.0007,1.0399,1.3636,0.1036,1.9489%,2.3535%,31.4293%,0.056594,CCS,14716.0,2019-02-13,252.0,-1.6260%,-0.0008,1.0345,1.3649,0.0991,1.9524%,2.3543%,31.2265%,-0.020163,CCS,14716.0,2019-02-14,252.0,-3.9256%,-0.001,1.044,1.3413,0.126,1.9701%,2.3657%,30.6454%,-0.0437059999999999,CCS,14716.0,2019-02-15,252.0,1.8065%,-0.0012,1.0022,1.3041,0.0586,1.9413%,2.3241%,30.2269%,0.00221,CCS,14716.0,2019-02-19,252.0,0.7182%,-0.0012,1.0005,1.3088,0.064,1.9408%,2.3222%,30.1483%,0.00122,CCS,14716.0,2019-02-20,252.0,-0.5872%,-0.0013,0.9964,1.2931,0.0476,1.9395%,2.3191%,30.0548%,-0.011105,CCS,14716.0,2019-02-21,252.0,0.6329%,-0.0013,0.9946,1.2922,0.0443,1.9410%,2.3189%,29.9421%,0.01093,CCS,14716.0,2019-02-22,252.0,1.4256%,-0.0013,0.9936,1.3098,0.0481,1.9394%,2.3205%,30.1498%,0.0012339999999999,CCS,-0.021793,-0.0301929999999999,0.026401,-0.0374679999999999,-0.032979
35843,CENTURY COMMUNITIES INC,"Century Communities Q4 EPS $1.11 Up From $1.01 YoY, Home Sales $640.2M Up From $523.946M YoY",6,increase,0.8,0.7,"the increase in eps and home sales year-over-year suggests strong financial performance, which is likely to positively influence investor sentiment and drive the stock price up.",2,2019-02-07,CCS,2019-02-07 21:37:00+00:00,14716.0,15650430,0.0088644605129957,660315.0,-0.0405857451260089,-0.008786573074758,0.0021805162541568,0.0209312159568071,0.0704961195588111,-0.006788283586502,-0.0162601470947265,0.0046888580545783,-0.0392562299966812,0.0463871099054813,0.0180645193904638,0.0076404530555009,0.0071820900775492,0.021579397842288,-0.0058724577538669,0.007400547619909,0.0063290977850556,0.0178908221423625,0.0142557714134454,0.0325717106461525,-0.0107482522726059,0.0014605053002014,-0.0112829273566603,-0.0162834413349628,-0.0097210286185145,-0.0174118038266897,-0.0256082098931074,-0.0083994539454579,-0.0039421878755092,-0.003255799645558,0.0268250051885843,-0.0064694727770984,-0.0295503437519073,-0.0105167552828788,-0.0075022098608314,0.0036714051384478,0.057358868420124,-0.0041132653132081,-0.0008410621085204,0.0433953218162059,0.0303030014038085,0.0417287722229957,-0.0159313473850488,0.0517241284251213,-0.0136986272409558,0.0657015815377235,-0.0109427701681852,0.0011147463228553,-0.0017021666280925,0.0393974669277668,0.0072463802061975,-0.0040392205119133,-0.0334320366382598,0.0134502649307251,0.0039404621347785,-0.0189328696578741,0.0244221314787864,0.0455908961594104,-0.0063856798224151,-0.0059630516916513,0.0317052155733108,-0.0295139010995626,-0.0087208924815058,-0.0405330099165439,0.026392925530672,-0.0071664368733763,0.0016326904296875,0.019101133570075,-0.023227447643876,-0.032082661986351,-0.0037546998355537,-0.0218085031956434,-0.0201004836708307,-0.0089615229517221,0.0051282411441206,0.0063659907318651,0.0429421849548816,0.0010621591936796,0.0615572854876518,-0.046582281589508,-0.0034562270157039,-0.0040342877618968,-0.0138728553429245,0.0205867011100053,0.0042985780164599,-0.0554204881191253,0.0116731217131018,0.0,-0.0096153849735856,0.000486392469611,-0.0050485110841691,-0.0048402897082269,-0.0046838731504976,0.0212555769830942,-0.0019607543945312,-0.005408092867583,0.000392861344153,-0.0188132841140031,-0.0357423350214958,0.019675338640809,0.0252546183764934,0.0340793542563915,0.0147000728175044,-0.0238331463187933,-0.0281911194324493,-0.001982205780223,0.0060434979386627,0.0186774786561727,0.0104125048965215,-0.0289215762168169,0.0079271011054515,0.0069101378321647,-0.0114038893952965,0.0044620800763368,0.0083532612770795,-0.0218235086649656,0.113214947283268,-0.0241362210363149,0.0028348662890493,-0.0456188023090362,-0.0405857451260089,-0.008786573074758,-0.0384937267487864,0.0119607292235011,0.0292887344468779,0.0050912528151285,-0.0271966396436488,0.0566458713753508,0.0121339270211318,0.1516772410129505,-0.0234309389149676,0.4126416194732341,0.1841004100460002,0.0700090929835908,2019-02-08,2019-02-11,2019-02-12,2019-02-13,2019-02-14,2019-02-15,2019-02-19,2019-02-20,2019-02-21,2019-02-22,14716.0,2019-02-07,252.0,0.8864%,-0.001,1.0432,1.3086,0.0474,1.9122%,2.3293%,32.6078%,0.0201589999999999,CCS,14716.0,2019-02-08,252.0,-4.0586%,-0.0011,1.0498,1.3334,0.0915,1.9266%,2.3412%,32.2872%,-0.0419519999999999,CCS,14716.0,2019-02-11,252.0,0.2181%,-0.001,1.0055,1.3656,0.0857,1.9157%,2.3106%,31.2615%,-0.0084,CCS,14716.0,2019-02-12,252.0,7.0496%,-0.0007,1.0399,1.3636,0.1036,1.9489%,2.3535%,31.4293%,0.056594,CCS,14716.0,2019-02-13,252.0,-1.6260%,-0.0008,1.0345,1.3649,0.0991,1.9524%,2.3543%,31.2265%,-0.020163,CCS,14716.0,2019-02-14,252.0,-3.9256%,-0.001,1.044,1.3413,0.126,1.9701%,2.3657%,30.6454%,-0.0437059999999999,CCS,14716.0,2019-02-15,252.0,1.8065%,-0.0012,1.0022,1.3041,0.0586,1.9413%,2.3241%,30.2269%,0.00221,CCS,14716.0,2019-02-19,252.0,0.7182%,-0.0012,1.0005,1.3088,0.064,1.9408%,2.3222%,30.1483%,0.00122,CCS,14716.0,2019-02-20,252.0,-0.5872%,-0.0013,0.9964,1.2931,0.0476,1.9395%,2.3191%,30.0548%,-0.011105,CCS,14716.0,2019-02-21,252.0,0.6329%,-0.0013,0.9946,1.2922,0.0443,1.9410%,2.3189%,29.9421%,0.01093,CCS,14716.0,2019-02-22,252.0,1.4256%,-0.0013,0.9936,1.3098,0.0481,1.9394%,2.3205%,30.1498%,0.0012339999999999,CCS,-0.021793,-0.0301929999999999,0.026401,-0.0374679999999999,-0.032979
35851,C D W CORP NEW,"CDW Q4 EPS $1.32 Beats $1.21 Estimate, Sales $4.075B Beat $4B Estimate",6,increase,0.85,0.7,"the company reported better-than-expected earnings and sales, which typically leads to positive investor sentiment and an increase in stock price.",2,2019-02-07,CDW,2019-02-07 12:09:00+00:00,13949.0,12514G10,0.0666354671120643,1853785.0,-0.0084541533142328,-0.0016368454089388,0.0022146450355648,0.0159163363277912,0.0244171805679798,0.0076600760221481,-0.0001078746354323,0.0033626325894147,0.0122964018955826,0.0034947369713336,0.0105487257242202,0.012939516454935,-0.0016870101680979,-0.0018277266062796,0.0011618146672844,0.001342125586234,0.0022154138423502,0.009857015684247,0.0109999999403953,-0.0028258475940674,-0.0018798987148329,0.0131955379620194,-0.0031390923541039,-0.0166483111679554,-0.0034637788776308,0.011515605263412,-0.0110596483573317,0.0028561202343553,0.0100117418915033,0.0004969675210304,-0.0060107526369392,0.0157748609781265,-0.0044558220542967,-0.0167514402419328,-0.0067135258577764,-0.0164755433797836,-0.0158780794590711,0.0075003146193921,0.0062138848006725,0.0132054965943098,0.0261104647070169,0.0348072312772274,0.0135149275884032,-0.0039804517291486,0.0102094318717718,0.009723843075335,-0.0036093478556722,-0.0257673487067222,0.012419756501913,-0.0231956169009208,-0.0080760670825839,0.0163009781390428,0.0053592114709317,0.0036496466491371,-0.003895488101989,-0.0026358615141361,0.0145106893032789,0.057613119482994,-0.0274903532117605,-0.0256111212074756,-0.0021904567256569,-0.0405808426439762,0.0004180773976258,-0.0435608103871345,-0.0156739819794893,-0.0092897564172744,0.0096603361889719,0.003658651607111,0.0132478410378098,-0.0339755527675151,0.0233475137501955,-0.0233826804906129,0.0065908930264413,-0.0190060678869485,0.0123904841020703,0.0083709890022873,0.0005969906342215,0.0018759452505037,0.0022872250992804,-0.009400968439877,0.011905912309885,-0.0424952656030654,-0.0001960647496161,0.0180074851959943,0.0203981734812259,-0.0220902655273675,0.0254684649407863,0.0354984998703002,0.0028116500470787,0.0031388776842504,0.0106541998684406,0.0141602735966444,-0.0042537366971373,0.0262476280331611,-0.0231240522116422,-0.0109192570671439,0.001901292358525,0.0213952101767063,-0.0044596376828849,0.0165455937385559,0.0112466672435402,0.0084884110838174,0.0026390082202851,-0.0211700499057769,-0.0106222722679376,-0.0176654942333698,0.0003800562117248,0.0099368216469883,-0.0039889654144644,0.0152469808235764,0.0069609582424163,-0.0268852747976779,0.0166666880249977,0.0050453743897378,0.003353209933266,-0.0207509808242321,0.0127181131392717,-0.007086029741913,-0.0003666082047857,0.0169623773545026,-0.0084541533142328,-0.0016368454089388,-0.0062582312273351,0.0142534383368071,0.0180061409787306,0.0220226967801921,0.0304127862245751,0.0290430944280009,0.0545124952520839,0.0491460873789928,0.0558341068159897,0.1045143202988432,0.2009878896152406,-0.0501477172948161,2019-02-08,2019-02-11,2019-02-12,2019-02-13,2019-02-14,2019-02-15,2019-02-19,2019-02-20,2019-02-21,2019-02-22,13949.0,2019-02-07,252.0,6.6635%,0.0007,0.8632,0.2681,-0.5498,1.3715%,1.7872%,41.1118%,0.077232,CDW,13949.0,2019-02-08,252.0,-0.8454%,0.0009,0.8638,0.3298,-0.5065,1.3133%,1.7371%,42.8427%,-0.013259,CDW,13949.0,2019-02-11,252.0,0.2215%,0.0007,0.9172,0.2777,-0.5067,1.2868%,1.7363%,45.0730%,-0.000107,CDW,13949.0,2019-02-12,252.0,2.4417%,0.0008,0.9283,0.271,-0.4998,1.2870%,1.7424%,45.4476%,0.010926,CDW,13949.0,2019-02-13,252.0,-0.0108%,0.0009,0.9396,0.2505,-0.5043,1.2767%,1.7404%,46.1855%,-0.00262,CDW,13949.0,2019-02-14,252.0,1.2296%,0.0009,0.9368,0.2551,-0.5082,1.2764%,1.7395%,46.1586%,0.009942,CDW,13949.0,2019-02-15,252.0,1.0549%,0.0009,0.9364,0.2547,-0.5088,1.2764%,1.7385%,46.0953%,0.001664,CDW,13949.0,2019-02-19,252.0,-0.1687%,0.0009,0.9362,0.2517,-0.5122,1.2765%,1.7369%,45.9856%,-0.002779,CDW,13949.0,2019-02-20,252.0,0.1162%,0.0009,0.9363,0.2517,-0.5118,1.2765%,1.7369%,45.9853%,0.0015459999999999,CDW,13949.0,2019-02-21,252.0,0.2215%,0.0009,0.9343,0.2484,-0.5155,1.2766%,1.7360%,45.9233%,0.004579,CDW,13949.0,2019-02-22,252.0,1.1000%,0.0009,0.9353,0.24,-0.5111,1.2765%,1.7370%,45.9936%,-0.004117,CDW,0.063973,0.063866,0.074792,0.082114,0.083007
35859,C D W CORP NEW,CDW Adds $1B To Buyback,6,increase,0.8,0.7,a $1 billion buyback typically signals confidence in the company's financial health and can lead to an increase in stock price due to reduced share supply and positive investor sentiment.,2,2019-02-07,CDW,2019-02-07 12:08:00+00:00,13949.0,12514G10,0.0666354671120643,1853785.0,-0.0084541533142328,-0.0016368454089388,0.0022146450355648,0.0159163363277912,0.0244171805679798,0.0076600760221481,-0.0001078746354323,0.0033626325894147,0.0122964018955826,0.0034947369713336,0.0105487257242202,0.012939516454935,-0.0016870101680979,-0.0018277266062796,0.0011618146672844,0.001342125586234,0.0022154138423502,0.009857015684247,0.0109999999403953,-0.0028258475940674,-0.0018798987148329,0.0131955379620194,-0.0031390923541039,-0.0166483111679554,-0.0034637788776308,0.011515605263412,-0.0110596483573317,0.0028561202343553,0.0100117418915033,0.0004969675210304,-0.0060107526369392,0.0157748609781265,-0.0044558220542967,-0.0167514402419328,-0.0067135258577764,-0.0164755433797836,-0.0158780794590711,0.0075003146193921,0.0062138848006725,0.0132054965943098,0.0261104647070169,0.0348072312772274,0.0135149275884032,-0.0039804517291486,0.0102094318717718,0.009723843075335,-0.0036093478556722,-0.0257673487067222,0.012419756501913,-0.0231956169009208,-0.0080760670825839,0.0163009781390428,0.0053592114709317,0.0036496466491371,-0.003895488101989,-0.0026358615141361,0.0145106893032789,0.057613119482994,-0.0274903532117605,-0.0256111212074756,-0.0021904567256569,-0.0405808426439762,0.0004180773976258,-0.0435608103871345,-0.0156739819794893,-0.0092897564172744,0.0096603361889719,0.003658651607111,0.0132478410378098,-0.0339755527675151,0.0233475137501955,-0.0233826804906129,0.0065908930264413,-0.0190060678869485,0.0123904841020703,0.0083709890022873,0.0005969906342215,0.0018759452505037,0.0022872250992804,-0.009400968439877,0.011905912309885,-0.0424952656030654,-0.0001960647496161,0.0180074851959943,0.0203981734812259,-0.0220902655273675,0.0254684649407863,0.0354984998703002,0.0028116500470787,0.0031388776842504,0.0106541998684406,0.0141602735966444,-0.0042537366971373,0.0262476280331611,-0.0231240522116422,-0.0109192570671439,0.001901292358525,0.0213952101767063,-0.0044596376828849,0.0165455937385559,0.0112466672435402,0.0084884110838174,0.0026390082202851,-0.0211700499057769,-0.0106222722679376,-0.0176654942333698,0.0003800562117248,0.0099368216469883,-0.0039889654144644,0.0152469808235764,0.0069609582424163,-0.0268852747976779,0.0166666880249977,0.0050453743897378,0.003353209933266,-0.0207509808242321,0.0127181131392717,-0.007086029741913,-0.0003666082047857,0.0169623773545026,-0.0084541533142328,-0.0016368454089388,-0.0062582312273351,0.0142534383368071,0.0180061409787306,0.0220226967801921,0.0304127862245751,0.0290430944280009,0.0545124952520839,0.0491460873789928,0.0558341068159897,0.1045143202988432,0.2009878896152406,-0.0501477172948161,2019-02-08,2019-02-11,2019-02-12,2019-02-13,2019-02-14,2019-02-15,2019-02-19,2019-02-20,2019-02-21,2019-02-22,13949.0,2019-02-07,252.0,6.6635%,0.0007,0.8632,0.2681,-0.5498,1.3715%,1.7872%,41.1118%,0.077232,CDW,13949.0,2019-02-08,252.0,-0.8454%,0.0009,0.8638,0.3298,-0.5065,1.3133%,1.7371%,42.8427%,-0.013259,CDW,13949.0,2019-02-11,252.0,0.2215%,0.0007,0.9172,0.2777,-0.5067,1.2868%,1.7363%,45.0730%,-0.000107,CDW,13949.0,2019-02-12,252.0,2.4417%,0.0008,0.9283,0.271,-0.4998,1.2870%,1.7424%,45.4476%,0.010926,CDW,13949.0,2019-02-13,252.0,-0.0108%,0.0009,0.9396,0.2505,-0.5043,1.2767%,1.7404%,46.1855%,-0.00262,CDW,13949.0,2019-02-14,252.0,1.2296%,0.0009,0.9368,0.2551,-0.5082,1.2764%,1.7395%,46.1586%,0.009942,CDW,13949.0,2019-02-15,252.0,1.0549%,0.0009,0.9364,0.2547,-0.5088,1.2764%,1.7385%,46.0953%,0.001664,CDW,13949.0,2019-02-19,252.0,-0.1687%,0.0009,0.9362,0.2517,-0.5122,1.2765%,1.7369%,45.9856%,-0.002779,CDW,13949.0,2019-02-20,252.0,0.1162%,0.0009,0.9363,0.2517,-0.5118,1.2765%,1.7369%,45.9853%,0.0015459999999999,CDW,13949.0,2019-02-21,252.0,0.2215%,0.0009,0.9343,0.2484,-0.5155,1.2766%,1.7360%,45.9233%,0.004579,CDW,13949.0,2019-02-22,252.0,1.1000%,0.0009,0.9353,0.24,-0.5111,1.2765%,1.7370%,45.9936%,-0.004117,CDW,0.063973,0.063866,0.074792,0.082114,0.083007
35867,CHURCHILL DOWNS INC,"Churchill Downs Reports Launch Of BetAmerica Sports Betting, Online Casino Platform In New Jersey",6,increase,0.75,0.6,"the launch of a new sports betting and online casino platform in new jersey is likely to attract more customers and revenue, positively impacting churchill downs inc's stock price.",2,2019-02-07,CHDN,2019-02-07 22:31:00+00:00,79026.0,17148410,-0.0106060970574617,167258.0,0.0030627737287431,0.0054406961426138,0.0176663342863321,-0.0070232469588518,0.0072867586277425,0.0029259240254759,0.0100000258535146,0.0032615286763757,-0.0077944542281329,0.009327401407063,0.0096603361889719,0.01594203338027,0.0054673184640705,-0.0067545189522206,0.0029280185699462,0.0147190736606717,-0.0030236775055527,-0.0055865920148789,0.0132817048579454,0.0112994350492954,0.0019610119052231,-0.0028917603194713,0.0058714430779218,-0.0032568150199949,-0.011674340814352,0.0191905293613672,-0.0280799809843301,0.013220390304923,-0.0022388775832951,-0.0087366318330168,-0.0329094380140304,0.0033448485191911,-0.0067395935766398,-0.0159655008465051,-0.0080089122056961,0.0223168432712554,-0.0195110775530338,0.0135240359231829,-0.0006862441077828,0.0111380275338888,0.0185397434979677,0.0110202776268124,-0.0169663168489933,0.0340197719633579,-0.0117727601900696,0.037443071603775,-0.0077492273412644,-0.0405048951506614,-0.0046625658869743,-0.0061490531079471,0.0012882142327725,0.0286317039281129,-0.0111110750585794,0.0024940664879977,-0.0014193109236657,0.0080538606271147,0.02451734803617,0.0450678914785385,-0.0195375997573137,-0.0392760559916496,0.0142671754583716,-0.0438535548746585,0.009067733772099,-0.0117243137210607,-0.0129032572731375,-0.027368139475584,0.0316293090581893,0.0001572866895003,0.0211562700569629,-0.0148392161354422,0.0043208440765738,-0.0261111743748188,-0.008714847266674,-0.0231838431209325,0.0087914634495973,0.0261346586048603,-0.002647521905601,0.0122124059125781,0.0175865087658166,-0.00476263044402,-0.0025000364985316,-0.0221676249057054,-0.0231011789292097,0.0011864245170727,0.023870600387454,-0.0386712960898876,0.0002178520808229,0.0101166386157274,0.0171005316078662,0.0008287788368761,-0.0094238305464386,0.001118236570619,0.0102702369913458,0.031516283750534,-0.0058854515664279,-0.0074968566186726,-0.0062432917766273,0.0276280790567398,-0.0207972079515457,-0.0017426559934392,-0.0099557684734463,0.0124270869418978,0.0297207105904817,-0.0164849497377872,0.0224609337747097,0.0003396088141016,0.0602780431509017,0.0114503819495439,0.0190170537680387,0.0116221085190773,-0.009429320693016,-0.005070905201137,-0.0163609478622674,0.0,0.0162298455834388,-0.0176981221884489,0.0152762718498706,-0.0335521958768367,-0.0267708636820316,-0.0073848036117851,0.0030627737287431,0.0054406961426138,0.0207832159996106,-0.0016207621688755,0.0282214169058505,0.0013004196296309,0.0304090884326824,0.0139361817528604,0.0598337493232943,0.0440678139479708,-0.0723036608843235,0.1859838752097056,0.0895865524750709,0.0095691987480162,2019-02-08,2019-02-11,2019-02-12,2019-02-13,2019-02-14,2019-02-15,2019-02-19,2019-02-20,2019-02-21,2019-02-22,79026.0,2019-02-07,252.0,-1.0606%,0.0002,1.006,0.72,-0.0978,1.4788%,1.9039%,39.6704%,-3.7000000000000005e-05,CHDN,79026.0,2019-02-08,252.0,0.3063%,0.0002,1.0061,0.7115,-0.103,1.4776%,1.9031%,39.7158%,0.001022,CHDN,79026.0,2019-02-11,252.0,1.7666%,0.0002,1.0316,0.7028,-0.0943,1.4750%,1.9040%,39.9829%,0.011699,CHDN,79026.0,2019-02-12,252.0,0.7287%,0.0003,1.0564,0.6658,-0.075,1.4430%,1.8883%,41.5992%,-0.007144,CHDN,79026.0,2019-02-13,252.0,1.0000%,0.0005,1.0743,0.6381,-0.0784,1.4245%,1.8822%,42.7191%,0.006595,CHDN,79026.0,2019-02-14,252.0,-0.7794%,0.0004,1.0757,0.6322,-0.0703,1.4230%,1.8796%,42.6801%,-0.009411,CHDN,79026.0,2019-02-15,252.0,0.9660%,0.0003,1.0484,0.6073,-0.1151,1.4108%,1.8572%,42.2893%,-0.003838,CHDN,79026.0,2019-02-19,252.0,0.5467%,0.0002,1.0432,0.6162,-0.1046,1.4063%,1.8477%,42.0650%,0.00196,CHDN,79026.0,2019-02-20,252.0,0.2928%,0.0002,1.0428,0.6137,-0.1064,1.4062%,1.8474%,42.0620%,6.6e-05,CHDN,79026.0,2019-02-21,252.0,-0.3024%,0.0002,1.041,0.6102,-0.1098,1.4059%,1.8456%,41.9757%,0.000919,CHDN,79026.0,2019-02-22,252.0,1.3282%,0.0003,1.0396,0.6413,-0.0976,1.3985%,1.8416%,42.3378%,0.001446,CHDN,0.000985,0.0126839999999999,0.0055399999999999,0.0027239999999999,0.0032769999999999
35875,CIGNA GROUP,Cigna Earlier Highlighted It Achieved Goal To Have 50% Of Payments To Health Care Professionals Made Through Alternative Payment Arrangements,6,increase,0.75,0.6,"achieving a goal of 50% of payments through alternative payment arrangements indicates cigna's commitment to innovative payment models, which may enhance operational efficiency and attract investors.",2,2019-02-07,CI,2019-02-07 13:41:00+00:00,64186.0,12552310,-0.008107473142445,2349247.0,-0.0246827881783247,0.0055242627859115,0.0083806822076439,-0.0292602181434631,0.0121930986642837,-0.0102545106783509,0.0198790412396192,-0.0287773385643959,0.0181143973022699,5.002255420549773e-05,0.029393371194601,0.0071072317659854,0.0020720860920846,0.0169673860073089,-0.0209804493933916,-0.0061136996373534,-0.0115907685831189,0.0166260488331317,0.0099025862291455,-0.0195510406047105,-0.0110956756398081,0.0198881104588508,-0.0181087646633386,-0.0089821899309754,-0.0394897311925888,0.0016966675175353,-0.0347498841583728,-0.0113353114575147,0.0218413062393665,0.0009157602326013,-0.0368583872914314,0.0234313979744911,-0.0091448752209544,-0.0134079959243536,-0.0305684376507997,0.0150172328576445,-0.0066703418269753,0.0075124381110072,-0.0038459079805761,0.0022114117164164,0.0030035888776183,0.0183913819491863,0.004094592295587,-0.0116063514724373,0.0225197616964578,0.0168130360543727,0.0092856995761394,-0.0085483295843005,-0.0183415934443473,-0.0144797815009951,0.003965176641941,-0.0038289837539196,0.0339297354221344,-0.0111001580953598,-0.0284176617860794,0.027500869706273,0.0059569906443357,0.0540419667959213,-0.0164623614400625,-0.0181467644870281,-0.0139682833105325,0.0083426022902131,-0.0185015499591827,-0.0698396265506744,-0.0059102410450577,0.0064563443884253,-0.0006257641362026,-0.0332226231694221,0.0070762406103312,-0.0326726958155632,0.0065289624035358,-0.0310450661927461,-0.0200778413563966,0.0205113124102354,0.0023956934455782,0.0084976209327578,0.0155974570661783,-0.00067934487015,0.0287961941212415,-0.0001455474266549,0.0076445494778454,-0.038172535598278,0.0103345941752195,-0.0162963792681694,-0.0054987757466733,-0.0311332512646913,-0.0249108355492353,0.0065359091386199,-0.0207913443446159,0.0038648238405585,0.0200498197227716,0.0036081681028008,-0.0780125334858894,0.0226937178522348,-0.0367451533675193,0.0024043105076998,0.0241253301501274,0.0242469925433397,-0.0067784865386784,0.0069142952561378,0.0393945649266243,0.009288708679378,0.0026004023384302,-0.0161466151475906,0.0167941655963659,-0.011837912723422,0.0263376384973526,0.0043232995085418,-0.0016776703996583,0.0021191285923123,-0.0113898171111941,-0.0032855994068086,0.0198942571878433,-0.0200993251055479,-0.0233333259820938,-0.001056722830981,-0.0340664871037006,-0.0128804547712206,0.0390630178153514,0.0009079495794139,-0.0246827881783247,0.0055242627859115,-0.0165089645744018,-0.0238975964917491,-0.0045171613440189,-0.0339070490116885,0.0336631249413896,-0.0616616972161865,0.0419982680428518,-0.0479382614920628,-0.1066319996355048,0.0340871073232149,-0.1458435537292889,-0.1489400289958934,2019-02-08,2019-02-11,2019-02-12,2019-02-13,2019-02-14,2019-02-15,2019-02-19,2019-02-20,2019-02-21,2019-02-22,64186.0,2019-02-07,252.0,-0.8107%,-0.0002,0.7815,-0.1378,0.0149,1.4164%,1.6523%,26.5193%,-0.00121,CI,64186.0,2019-02-08,252.0,-2.4683%,-0.0003,0.7857,-0.1255,0.0403,1.4245%,1.6582%,26.2078%,-0.0253149999999999,CI,64186.0,2019-02-11,252.0,0.8381%,-0.0002,0.785,-0.1138,0.0463,1.4253%,1.6471%,25.1186%,0.007916,CI,64186.0,2019-02-12,252.0,1.2193%,-0.0003,0.7786,-0.1042,0.0413,1.4231%,1.6421%,24.8870%,0.0015179999999999,CI,64186.0,2019-02-13,252.0,1.9879%,-0.0002,0.7867,-0.1107,0.0445,1.4256%,1.6468%,25.0624%,0.017633,CI,64186.0,2019-02-14,252.0,1.8114%,-0.0001,0.7814,-0.0998,0.0334,1.4307%,1.6496%,24.7801%,0.0204999999999999,CI,64186.0,2019-02-15,252.0,2.9393%,0.0,0.8044,-0.0768,0.0737,1.4346%,1.6599%,25.3035%,0.020553,CI,64186.0,2019-02-19,252.0,0.2072%,0.0001,0.8133,-0.0889,0.0593,1.4236%,1.6558%,26.0742%,0.000445,CI,64186.0,2019-02-20,252.0,-2.0980%,-0.0,0.806,-0.1092,0.0324,1.4295%,1.6601%,25.8466%,-0.022756,CI,64186.0,2019-02-21,252.0,-1.1591%,-0.0,0.8075,-0.1082,0.0351,1.4306%,1.6613%,25.8459%,-0.00871,CI,64186.0,2019-02-22,252.0,0.9903%,-0.0,0.8066,-0.106,0.0269,1.4310%,1.6621%,25.8746%,0.005666,CI,-0.0265249999999999,-0.0186089999999999,-0.017091,0.0210419999999999,0.0162399999999999
35883,CHIPOTLE MEXICAN GRILL INC,Hearing Argus Research Sets Chipotle Price Target To Street High Of $670; Unconfirmed,6,increase,0.75,0.6,"a price target set by argus research at a street high of $670 suggests positive sentiment and potential for stock appreciation, likely leading to an increase in chipotle's stock price.",2,2019-02-07,CMG,2019-02-07 19:32:00+00:00,91068.0,16965610,0.1135232299566269,4368373.0,-0.0051384642720222,-0.0011203396134078,0.0353312045335769,-0.0024055889807641,-0.0160766579210758,0.0013656499795615,0.0100394543260335,-0.004550467710942,0.0080217430368065,-0.0063229301013052,0.0024155352730304,0.0055087781511247,-0.0106124747544527,-0.0036466210149228,-0.0028693019412457,-0.0209249593317508,0.005771760828793,0.0187104754149913,-0.0016135193873196,0.0230546817183494,-0.0059311548247933,0.0024803453125059,0.004759875126183,0.0133271506056189,-0.0003669236029963,-0.0085383905097842,0.0137665187940001,0.0055164247751235,0.0067485976032912,0.0006414451054297,0.011804474517703,0.0249008946120739,-0.004589102230966,-0.0097840456292033,-0.0042207702063024,-0.0052391644567251,-0.0063252048566937,0.022347904741764,0.0113365594297647,0.0022317708935588,0.0007137798238545,0.0251880884170532,0.0228731445968151,0.0662637203931808,0.009635679423809,0.035385113209486,0.0083507420495152,-0.0088189579546451,-0.0052771908231079,0.0267953779548406,0.0262910611927509,0.0179165136069059,0.0153400395065546,0.0232541672885417,-0.0001051382059813,0.0217637456953525,0.0069992556236684,0.0515239611268043,0.0015064654871821,-0.0217535030096769,0.0079081365838646,-0.0158444382250309,0.0178051441907882,-0.0615384615957737,0.0131383929401636,-0.0377422273159027,0.0066488236188888,0.0006764099234715,0.0111030275002121,-0.0312997996807098,-0.0064338208176195,-0.0315191000699996,-0.0013319387799128,0.0030129074584692,0.0011918655363842,-0.0022017753217369,-0.003202780149877,-0.0058928504586219,0.0070943022146821,0.0165158454328775,0.0089077707380056,-0.0053411279805004,-0.0056109162978827,0.0033948891796171,0.0115102548152208,-0.0147881666198372,-0.0157472994178533,0.0045857303775846,0.0069395969621837,-0.019375842064619,-0.0002385925909038,-0.0162276588380336,-0.0081289941444993,0.0360544435679912,-0.025860546156764,0.0159435719251632,0.0171313658356666,-0.0114548048004508,0.0023856898769736,0.0003395231033209,0.0011259410530328,0.0208608731627464,0.0103777833282947,-0.0091012306511402,-0.0446354262530803,-0.0145740220323205,-0.0018877538386732,0.0009740037494339,0.0016401637112721,-0.0146457888185977,0.01495788898319,-0.0113444160670042,0.0007557984208688,-0.0099046416580677,0.0280440300703048,-0.0022210374008864,0.0023309709504246,0.026050642132759,0.0100771831348538,0.0016963655361905,-0.0051384642720222,-0.0011203396134078,0.0300111921293715,-0.0035232335175432,0.013452054538628,-0.0021623950417628,0.0318378293829815,-0.0129835702002849,0.0246507940062625,0.0089955359894777,0.1462665016544644,0.3337558402276703,0.2234455753446766,0.1017194223690114,2019-02-08,2019-02-11,2019-02-12,2019-02-13,2019-02-14,2019-02-15,2019-02-19,2019-02-20,2019-02-21,2019-02-22,91068.0,2019-02-07,252.0,11.3523%,0.0028,0.8099,0.4207,0.0769,2.7030%,2.8473%,9.8735%,0.121614,CMG,91068.0,2019-02-08,252.0,-0.5138%,0.0033,0.8084,0.5214,0.1367,2.6157%,2.7638%,10.4302%,-0.005647,CMG,91068.0,2019-02-11,252.0,3.5331%,0.0034,0.8117,0.5549,0.1566,2.6212%,2.7662%,10.2050%,0.030344,CMG,91068.0,2019-02-12,252.0,-1.6077%,0.0035,0.8258,0.5147,0.171,2.6082%,2.7554%,10.4026%,-0.027061,CMG,91068.0,2019-02-13,252.0,1.0039%,0.0035,0.8337,0.5029,0.1698,2.6063%,2.7553%,10.5201%,0.007199,CMG,91068.0,2019-02-14,252.0,0.8022%,0.0036,0.8339,0.506,0.1644,2.6039%,2.7536%,10.5767%,0.008043,CMG,91068.0,2019-02-15,252.0,0.2416%,0.003,0.7129,0.3959,-0.034,2.4574%,2.5857%,9.6841%,-0.009161,CMG,91068.0,2019-02-19,252.0,-1.0612%,0.003,0.7167,0.376,-0.0567,2.4553%,2.5856%,9.8285%,-0.013113,CMG,91068.0,2019-02-20,252.0,-0.2869%,0.0027,0.7087,0.3312,-0.0922,2.4244%,2.5550%,9.9610%,-0.004846,CMG,91068.0,2019-02-21,252.0,0.5772%,0.0026,0.7225,0.3605,-0.067,2.4103%,2.5449%,10.2976%,0.008314,CMG,91068.0,2019-02-22,252.0,-0.1614%,0.0025,0.7247,0.3464,-0.054,2.4108%,2.5445%,10.2334%,-0.009378,CMG,0.115967,0.146311,0.11925,0.134492,0.106308
35891,CHIPOTLE MEXICAN GRILL INC,Raymond James Reiterates Market Perform On Chipotle As Firm Believes 'very high expectations are reflected in the stock's elevated valuation metrics (2020 P/E nearing 40x) leaving little room for error',6,decrease,0.75,0.6,"the reiteration of a 'market perform' rating suggests that the firm believes the stock is overvalued, which could lead to a decrease in investor confidence and stock price.",0,2019-02-07,CMG,2019-02-07 15:40:00+00:00,91068.0,16965610,0.1135232299566269,4368373.0,-0.0051384642720222,-0.0011203396134078,0.0353312045335769,-0.0024055889807641,-0.0160766579210758,0.0013656499795615,0.0100394543260335,-0.004550467710942,0.0080217430368065,-0.0063229301013052,0.0024155352730304,0.0055087781511247,-0.0106124747544527,-0.0036466210149228,-0.0028693019412457,-0.0209249593317508,0.005771760828793,0.0187104754149913,-0.0016135193873196,0.0230546817183494,-0.0059311548247933,0.0024803453125059,0.004759875126183,0.0133271506056189,-0.0003669236029963,-0.0085383905097842,0.0137665187940001,0.0055164247751235,0.0067485976032912,0.0006414451054297,0.011804474517703,0.0249008946120739,-0.004589102230966,-0.0097840456292033,-0.0042207702063024,-0.0052391644567251,-0.0063252048566937,0.022347904741764,0.0113365594297647,0.0022317708935588,0.0007137798238545,0.0251880884170532,0.0228731445968151,0.0662637203931808,0.009635679423809,0.035385113209486,0.0083507420495152,-0.0088189579546451,-0.0052771908231079,0.0267953779548406,0.0262910611927509,0.0179165136069059,0.0153400395065546,0.0232541672885417,-0.0001051382059813,0.0217637456953525,0.0069992556236684,0.0515239611268043,0.0015064654871821,-0.0217535030096769,0.0079081365838646,-0.0158444382250309,0.0178051441907882,-0.0615384615957737,0.0131383929401636,-0.0377422273159027,0.0066488236188888,0.0006764099234715,0.0111030275002121,-0.0312997996807098,-0.0064338208176195,-0.0315191000699996,-0.0013319387799128,0.0030129074584692,0.0011918655363842,-0.0022017753217369,-0.003202780149877,-0.0058928504586219,0.0070943022146821,0.0165158454328775,0.0089077707380056,-0.0053411279805004,-0.0056109162978827,0.0033948891796171,0.0115102548152208,-0.0147881666198372,-0.0157472994178533,0.0045857303775846,0.0069395969621837,-0.019375842064619,-0.0002385925909038,-0.0162276588380336,-0.0081289941444993,0.0360544435679912,-0.025860546156764,0.0159435719251632,0.0171313658356666,-0.0114548048004508,0.0023856898769736,0.0003395231033209,0.0011259410530328,0.0208608731627464,0.0103777833282947,-0.0091012306511402,-0.0446354262530803,-0.0145740220323205,-0.0018877538386732,0.0009740037494339,0.0016401637112721,-0.0146457888185977,0.01495788898319,-0.0113444160670042,0.0007557984208688,-0.0099046416580677,0.0280440300703048,-0.0022210374008864,0.0023309709504246,0.026050642132759,0.0100771831348538,0.0016963655361905,-0.0051384642720222,-0.0011203396134078,0.0300111921293715,-0.0035232335175432,0.013452054538628,-0.0021623950417628,0.0318378293829815,-0.0129835702002849,0.0246507940062625,0.0089955359894777,0.1462665016544644,0.3337558402276703,0.2234455753446766,0.1017194223690114,2019-02-08,2019-02-11,2019-02-12,2019-02-13,2019-02-14,2019-02-15,2019-02-19,2019-02-20,2019-02-21,2019-02-22,91068.0,2019-02-07,252.0,11.3523%,0.0028,0.8099,0.4207,0.0769,2.7030%,2.8473%,9.8735%,0.121614,CMG,91068.0,2019-02-08,252.0,-0.5138%,0.0033,0.8084,0.5214,0.1367,2.6157%,2.7638%,10.4302%,-0.005647,CMG,91068.0,2019-02-11,252.0,3.5331%,0.0034,0.8117,0.5549,0.1566,2.6212%,2.7662%,10.2050%,0.030344,CMG,91068.0,2019-02-12,252.0,-1.6077%,0.0035,0.8258,0.5147,0.171,2.6082%,2.7554%,10.4026%,-0.027061,CMG,91068.0,2019-02-13,252.0,1.0039%,0.0035,0.8337,0.5029,0.1698,2.6063%,2.7553%,10.5201%,0.007199,CMG,91068.0,2019-02-14,252.0,0.8022%,0.0036,0.8339,0.506,0.1644,2.6039%,2.7536%,10.5767%,0.008043,CMG,91068.0,2019-02-15,252.0,0.2416%,0.003,0.7129,0.3959,-0.034,2.4574%,2.5857%,9.6841%,-0.009161,CMG,91068.0,2019-02-19,252.0,-1.0612%,0.003,0.7167,0.376,-0.0567,2.4553%,2.5856%,9.8285%,-0.013113,CMG,91068.0,2019-02-20,252.0,-0.2869%,0.0027,0.7087,0.3312,-0.0922,2.4244%,2.5550%,9.9610%,-0.004846,CMG,91068.0,2019-02-21,252.0,0.5772%,0.0026,0.7225,0.3605,-0.067,2.4103%,2.5449%,10.2976%,0.008314,CMG,91068.0,2019-02-22,252.0,-0.1614%,0.0025,0.7247,0.3464,-0.054,2.4108%,2.5445%,10.2334%,-0.009378,CMG,0.115967,0.146311,0.11925,0.134492,0.106308
35899,CHIPOTLE MEXICAN GRILL INC,"Chipotle Shares Are Soaring, But Some Analysts Remain Bearish",6,uncertain,0.6,0.3,"while chipotle's shares are currently soaring, the presence of bearish analysts suggests potential volatility and differing opinions on future performance, leading to uncertainty in stock price movement.",1,2019-02-07,CMG,2019-02-07 15:24:00+00:00,91068.0,16965610,0.1135232299566269,4368373.0,-0.0051384642720222,-0.0011203396134078,0.0353312045335769,-0.0024055889807641,-0.0160766579210758,0.0013656499795615,0.0100394543260335,-0.004550467710942,0.0080217430368065,-0.0063229301013052,0.0024155352730304,0.0055087781511247,-0.0106124747544527,-0.0036466210149228,-0.0028693019412457,-0.0209249593317508,0.005771760828793,0.0187104754149913,-0.0016135193873196,0.0230546817183494,-0.0059311548247933,0.0024803453125059,0.004759875126183,0.0133271506056189,-0.0003669236029963,-0.0085383905097842,0.0137665187940001,0.0055164247751235,0.0067485976032912,0.0006414451054297,0.011804474517703,0.0249008946120739,-0.004589102230966,-0.0097840456292033,-0.0042207702063024,-0.0052391644567251,-0.0063252048566937,0.022347904741764,0.0113365594297647,0.0022317708935588,0.0007137798238545,0.0251880884170532,0.0228731445968151,0.0662637203931808,0.009635679423809,0.035385113209486,0.0083507420495152,-0.0088189579546451,-0.0052771908231079,0.0267953779548406,0.0262910611927509,0.0179165136069059,0.0153400395065546,0.0232541672885417,-0.0001051382059813,0.0217637456953525,0.0069992556236684,0.0515239611268043,0.0015064654871821,-0.0217535030096769,0.0079081365838646,-0.0158444382250309,0.0178051441907882,-0.0615384615957737,0.0131383929401636,-0.0377422273159027,0.0066488236188888,0.0006764099234715,0.0111030275002121,-0.0312997996807098,-0.0064338208176195,-0.0315191000699996,-0.0013319387799128,0.0030129074584692,0.0011918655363842,-0.0022017753217369,-0.003202780149877,-0.0058928504586219,0.0070943022146821,0.0165158454328775,0.0089077707380056,-0.0053411279805004,-0.0056109162978827,0.0033948891796171,0.0115102548152208,-0.0147881666198372,-0.0157472994178533,0.0045857303775846,0.0069395969621837,-0.019375842064619,-0.0002385925909038,-0.0162276588380336,-0.0081289941444993,0.0360544435679912,-0.025860546156764,0.0159435719251632,0.0171313658356666,-0.0114548048004508,0.0023856898769736,0.0003395231033209,0.0011259410530328,0.0208608731627464,0.0103777833282947,-0.0091012306511402,-0.0446354262530803,-0.0145740220323205,-0.0018877538386732,0.0009740037494339,0.0016401637112721,-0.0146457888185977,0.01495788898319,-0.0113444160670042,0.0007557984208688,-0.0099046416580677,0.0280440300703048,-0.0022210374008864,0.0023309709504246,0.026050642132759,0.0100771831348538,0.0016963655361905,-0.0051384642720222,-0.0011203396134078,0.0300111921293715,-0.0035232335175432,0.013452054538628,-0.0021623950417628,0.0318378293829815,-0.0129835702002849,0.0246507940062625,0.0089955359894777,0.1462665016544644,0.3337558402276703,0.2234455753446766,0.1017194223690114,2019-02-08,2019-02-11,2019-02-12,2019-02-13,2019-02-14,2019-02-15,2019-02-19,2019-02-20,2019-02-21,2019-02-22,91068.0,2019-02-07,252.0,11.3523%,0.0028,0.8099,0.4207,0.0769,2.7030%,2.8473%,9.8735%,0.121614,CMG,91068.0,2019-02-08,252.0,-0.5138%,0.0033,0.8084,0.5214,0.1367,2.6157%,2.7638%,10.4302%,-0.005647,CMG,91068.0,2019-02-11,252.0,3.5331%,0.0034,0.8117,0.5549,0.1566,2.6212%,2.7662%,10.2050%,0.030344,CMG,91068.0,2019-02-12,252.0,-1.6077%,0.0035,0.8258,0.5147,0.171,2.6082%,2.7554%,10.4026%,-0.027061,CMG,91068.0,2019-02-13,252.0,1.0039%,0.0035,0.8337,0.5029,0.1698,2.6063%,2.7553%,10.5201%,0.007199,CMG,91068.0,2019-02-14,252.0,0.8022%,0.0036,0.8339,0.506,0.1644,2.6039%,2.7536%,10.5767%,0.008043,CMG,91068.0,2019-02-15,252.0,0.2416%,0.003,0.7129,0.3959,-0.034,2.4574%,2.5857%,9.6841%,-0.009161,CMG,91068.0,2019-02-19,252.0,-1.0612%,0.003,0.7167,0.376,-0.0567,2.4553%,2.5856%,9.8285%,-0.013113,CMG,91068.0,2019-02-20,252.0,-0.2869%,0.0027,0.7087,0.3312,-0.0922,2.4244%,2.5550%,9.9610%,-0.004846,CMG,91068.0,2019-02-21,252.0,0.5772%,0.0026,0.7225,0.3605,-0.067,2.4103%,2.5449%,10.2976%,0.008314,CMG,91068.0,2019-02-22,252.0,-0.1614%,0.0025,0.7247,0.3464,-0.054,2.4108%,2.5445%,10.2334%,-0.009378,CMG,0.115967,0.146311,0.11925,0.134492,0.106308
35907,CHIPOTLE MEXICAN GRILL INC,UPDATE: Bank Of America Reiterates Underperform On Chipotle As Firm Thinks 'CMG is a strong company executing on a solid sales growth plan' But Firm Is 'not comfortable with the assumptions that would be necessary to justify a more than 45x multiple',6,decrease,0.7,0.6,"the reiteration of an 'underperform' rating by bank of america suggests a lack of confidence in chipotle's current valuation, which may lead to a decrease in stock price.",0,2019-02-07,CMG,2019-02-07 14:11:00+00:00,91068.0,16965610,0.1135232299566269,4368373.0,-0.0051384642720222,-0.0011203396134078,0.0353312045335769,-0.0024055889807641,-0.0160766579210758,0.0013656499795615,0.0100394543260335,-0.004550467710942,0.0080217430368065,-0.0063229301013052,0.0024155352730304,0.0055087781511247,-0.0106124747544527,-0.0036466210149228,-0.0028693019412457,-0.0209249593317508,0.005771760828793,0.0187104754149913,-0.0016135193873196,0.0230546817183494,-0.0059311548247933,0.0024803453125059,0.004759875126183,0.0133271506056189,-0.0003669236029963,-0.0085383905097842,0.0137665187940001,0.0055164247751235,0.0067485976032912,0.0006414451054297,0.011804474517703,0.0249008946120739,-0.004589102230966,-0.0097840456292033,-0.0042207702063024,-0.0052391644567251,-0.0063252048566937,0.022347904741764,0.0113365594297647,0.0022317708935588,0.0007137798238545,0.0251880884170532,0.0228731445968151,0.0662637203931808,0.009635679423809,0.035385113209486,0.0083507420495152,-0.0088189579546451,-0.0052771908231079,0.0267953779548406,0.0262910611927509,0.0179165136069059,0.0153400395065546,0.0232541672885417,-0.0001051382059813,0.0217637456953525,0.0069992556236684,0.0515239611268043,0.0015064654871821,-0.0217535030096769,0.0079081365838646,-0.0158444382250309,0.0178051441907882,-0.0615384615957737,0.0131383929401636,-0.0377422273159027,0.0066488236188888,0.0006764099234715,0.0111030275002121,-0.0312997996807098,-0.0064338208176195,-0.0315191000699996,-0.0013319387799128,0.0030129074584692,0.0011918655363842,-0.0022017753217369,-0.003202780149877,-0.0058928504586219,0.0070943022146821,0.0165158454328775,0.0089077707380056,-0.0053411279805004,-0.0056109162978827,0.0033948891796171,0.0115102548152208,-0.0147881666198372,-0.0157472994178533,0.0045857303775846,0.0069395969621837,-0.019375842064619,-0.0002385925909038,-0.0162276588380336,-0.0081289941444993,0.0360544435679912,-0.025860546156764,0.0159435719251632,0.0171313658356666,-0.0114548048004508,0.0023856898769736,0.0003395231033209,0.0011259410530328,0.0208608731627464,0.0103777833282947,-0.0091012306511402,-0.0446354262530803,-0.0145740220323205,-0.0018877538386732,0.0009740037494339,0.0016401637112721,-0.0146457888185977,0.01495788898319,-0.0113444160670042,0.0007557984208688,-0.0099046416580677,0.0280440300703048,-0.0022210374008864,0.0023309709504246,0.026050642132759,0.0100771831348538,0.0016963655361905,-0.0051384642720222,-0.0011203396134078,0.0300111921293715,-0.0035232335175432,0.013452054538628,-0.0021623950417628,0.0318378293829815,-0.0129835702002849,0.0246507940062625,0.0089955359894777,0.1462665016544644,0.3337558402276703,0.2234455753446766,0.1017194223690114,2019-02-08,2019-02-11,2019-02-12,2019-02-13,2019-02-14,2019-02-15,2019-02-19,2019-02-20,2019-02-21,2019-02-22,91068.0,2019-02-07,252.0,11.3523%,0.0028,0.8099,0.4207,0.0769,2.7030%,2.8473%,9.8735%,0.121614,CMG,91068.0,2019-02-08,252.0,-0.5138%,0.0033,0.8084,0.5214,0.1367,2.6157%,2.7638%,10.4302%,-0.005647,CMG,91068.0,2019-02-11,252.0,3.5331%,0.0034,0.8117,0.5549,0.1566,2.6212%,2.7662%,10.2050%,0.030344,CMG,91068.0,2019-02-12,252.0,-1.6077%,0.0035,0.8258,0.5147,0.171,2.6082%,2.7554%,10.4026%,-0.027061,CMG,91068.0,2019-02-13,252.0,1.0039%,0.0035,0.8337,0.5029,0.1698,2.6063%,2.7553%,10.5201%,0.007199,CMG,91068.0,2019-02-14,252.0,0.8022%,0.0036,0.8339,0.506,0.1644,2.6039%,2.7536%,10.5767%,0.008043,CMG,91068.0,2019-02-15,252.0,0.2416%,0.003,0.7129,0.3959,-0.034,2.4574%,2.5857%,9.6841%,-0.009161,CMG,91068.0,2019-02-19,252.0,-1.0612%,0.003,0.7167,0.376,-0.0567,2.4553%,2.5856%,9.8285%,-0.013113,CMG,91068.0,2019-02-20,252.0,-0.2869%,0.0027,0.7087,0.3312,-0.0922,2.4244%,2.5550%,9.9610%,-0.004846,CMG,91068.0,2019-02-21,252.0,0.5772%,0.0026,0.7225,0.3605,-0.067,2.4103%,2.5449%,10.2976%,0.008314,CMG,91068.0,2019-02-22,252.0,-0.1614%,0.0025,0.7247,0.3464,-0.054,2.4108%,2.5445%,10.2334%,-0.009378,CMG,0.115967,0.146311,0.11925,0.134492,0.106308
35915,CHIPOTLE MEXICAN GRILL INC,"Bank of America Reiterates Underperform on Chipotle Mexican Grill, Raises Price Target to $400",6,decrease,0.7,0.5,"the reiteration of an 'underperform' rating typically suggests a negative outlook, which may lead to a decrease in stock price despite the raised price target.",0,2019-02-07,CMG,2019-02-07 14:07:00+00:00,91068.0,16965610,0.1135232299566269,4368373.0,-0.0051384642720222,-0.0011203396134078,0.0353312045335769,-0.0024055889807641,-0.0160766579210758,0.0013656499795615,0.0100394543260335,-0.004550467710942,0.0080217430368065,-0.0063229301013052,0.0024155352730304,0.0055087781511247,-0.0106124747544527,-0.0036466210149228,-0.0028693019412457,-0.0209249593317508,0.005771760828793,0.0187104754149913,-0.0016135193873196,0.0230546817183494,-0.0059311548247933,0.0024803453125059,0.004759875126183,0.0133271506056189,-0.0003669236029963,-0.0085383905097842,0.0137665187940001,0.0055164247751235,0.0067485976032912,0.0006414451054297,0.011804474517703,0.0249008946120739,-0.004589102230966,-0.0097840456292033,-0.0042207702063024,-0.0052391644567251,-0.0063252048566937,0.022347904741764,0.0113365594297647,0.0022317708935588,0.0007137798238545,0.0251880884170532,0.0228731445968151,0.0662637203931808,0.009635679423809,0.035385113209486,0.0083507420495152,-0.0088189579546451,-0.0052771908231079,0.0267953779548406,0.0262910611927509,0.0179165136069059,0.0153400395065546,0.0232541672885417,-0.0001051382059813,0.0217637456953525,0.0069992556236684,0.0515239611268043,0.0015064654871821,-0.0217535030096769,0.0079081365838646,-0.0158444382250309,0.0178051441907882,-0.0615384615957737,0.0131383929401636,-0.0377422273159027,0.0066488236188888,0.0006764099234715,0.0111030275002121,-0.0312997996807098,-0.0064338208176195,-0.0315191000699996,-0.0013319387799128,0.0030129074584692,0.0011918655363842,-0.0022017753217369,-0.003202780149877,-0.0058928504586219,0.0070943022146821,0.0165158454328775,0.0089077707380056,-0.0053411279805004,-0.0056109162978827,0.0033948891796171,0.0115102548152208,-0.0147881666198372,-0.0157472994178533,0.0045857303775846,0.0069395969621837,-0.019375842064619,-0.0002385925909038,-0.0162276588380336,-0.0081289941444993,0.0360544435679912,-0.025860546156764,0.0159435719251632,0.0171313658356666,-0.0114548048004508,0.0023856898769736,0.0003395231033209,0.0011259410530328,0.0208608731627464,0.0103777833282947,-0.0091012306511402,-0.0446354262530803,-0.0145740220323205,-0.0018877538386732,0.0009740037494339,0.0016401637112721,-0.0146457888185977,0.01495788898319,-0.0113444160670042,0.0007557984208688,-0.0099046416580677,0.0280440300703048,-0.0022210374008864,0.0023309709504246,0.026050642132759,0.0100771831348538,0.0016963655361905,-0.0051384642720222,-0.0011203396134078,0.0300111921293715,-0.0035232335175432,0.013452054538628,-0.0021623950417628,0.0318378293829815,-0.0129835702002849,0.0246507940062625,0.0089955359894777,0.1462665016544644,0.3337558402276703,0.2234455753446766,0.1017194223690114,2019-02-08,2019-02-11,2019-02-12,2019-02-13,2019-02-14,2019-02-15,2019-02-19,2019-02-20,2019-02-21,2019-02-22,91068.0,2019-02-07,252.0,11.3523%,0.0028,0.8099,0.4207,0.0769,2.7030%,2.8473%,9.8735%,0.121614,CMG,91068.0,2019-02-08,252.0,-0.5138%,0.0033,0.8084,0.5214,0.1367,2.6157%,2.7638%,10.4302%,-0.005647,CMG,91068.0,2019-02-11,252.0,3.5331%,0.0034,0.8117,0.5549,0.1566,2.6212%,2.7662%,10.2050%,0.030344,CMG,91068.0,2019-02-12,252.0,-1.6077%,0.0035,0.8258,0.5147,0.171,2.6082%,2.7554%,10.4026%,-0.027061,CMG,91068.0,2019-02-13,252.0,1.0039%,0.0035,0.8337,0.5029,0.1698,2.6063%,2.7553%,10.5201%,0.007199,CMG,91068.0,2019-02-14,252.0,0.8022%,0.0036,0.8339,0.506,0.1644,2.6039%,2.7536%,10.5767%,0.008043,CMG,91068.0,2019-02-15,252.0,0.2416%,0.003,0.7129,0.3959,-0.034,2.4574%,2.5857%,9.6841%,-0.009161,CMG,91068.0,2019-02-19,252.0,-1.0612%,0.003,0.7167,0.376,-0.0567,2.4553%,2.5856%,9.8285%,-0.013113,CMG,91068.0,2019-02-20,252.0,-0.2869%,0.0027,0.7087,0.3312,-0.0922,2.4244%,2.5550%,9.9610%,-0.004846,CMG,91068.0,2019-02-21,252.0,0.5772%,0.0026,0.7225,0.3605,-0.067,2.4103%,2.5449%,10.2976%,0.008314,CMG,91068.0,2019-02-22,252.0,-0.1614%,0.0025,0.7247,0.3464,-0.054,2.4108%,2.5445%,10.2334%,-0.009378,CMG,0.115967,0.146311,0.11925,0.134492,0.106308
35923,CHIPOTLE MEXICAN GRILL INC,UPDATE: KeyBanc Maintains Overweight And Raises Price Target On Chipotle As Firm Notes 'Marketing and digital/delivery initiatives drove stronger-than-expected results',6,increase,0.8,0.7,"the maintenance of an 'overweight' rating and an increase in the price target, along with positive commentary on marketing and digital initiatives, suggests strong future performance, likely leading to an increase in stock price.",2,2019-02-07,CMG,2019-02-07 14:05:00+00:00,91068.0,16965610,0.1135232299566269,4368373.0,-0.0051384642720222,-0.0011203396134078,0.0353312045335769,-0.0024055889807641,-0.0160766579210758,0.0013656499795615,0.0100394543260335,-0.004550467710942,0.0080217430368065,-0.0063229301013052,0.0024155352730304,0.0055087781511247,-0.0106124747544527,-0.0036466210149228,-0.0028693019412457,-0.0209249593317508,0.005771760828793,0.0187104754149913,-0.0016135193873196,0.0230546817183494,-0.0059311548247933,0.0024803453125059,0.004759875126183,0.0133271506056189,-0.0003669236029963,-0.0085383905097842,0.0137665187940001,0.0055164247751235,0.0067485976032912,0.0006414451054297,0.011804474517703,0.0249008946120739,-0.004589102230966,-0.0097840456292033,-0.0042207702063024,-0.0052391644567251,-0.0063252048566937,0.022347904741764,0.0113365594297647,0.0022317708935588,0.0007137798238545,0.0251880884170532,0.0228731445968151,0.0662637203931808,0.009635679423809,0.035385113209486,0.0083507420495152,-0.0088189579546451,-0.0052771908231079,0.0267953779548406,0.0262910611927509,0.0179165136069059,0.0153400395065546,0.0232541672885417,-0.0001051382059813,0.0217637456953525,0.0069992556236684,0.0515239611268043,0.0015064654871821,-0.0217535030096769,0.0079081365838646,-0.0158444382250309,0.0178051441907882,-0.0615384615957737,0.0131383929401636,-0.0377422273159027,0.0066488236188888,0.0006764099234715,0.0111030275002121,-0.0312997996807098,-0.0064338208176195,-0.0315191000699996,-0.0013319387799128,0.0030129074584692,0.0011918655363842,-0.0022017753217369,-0.003202780149877,-0.0058928504586219,0.0070943022146821,0.0165158454328775,0.0089077707380056,-0.0053411279805004,-0.0056109162978827,0.0033948891796171,0.0115102548152208,-0.0147881666198372,-0.0157472994178533,0.0045857303775846,0.0069395969621837,-0.019375842064619,-0.0002385925909038,-0.0162276588380336,-0.0081289941444993,0.0360544435679912,-0.025860546156764,0.0159435719251632,0.0171313658356666,-0.0114548048004508,0.0023856898769736,0.0003395231033209,0.0011259410530328,0.0208608731627464,0.0103777833282947,-0.0091012306511402,-0.0446354262530803,-0.0145740220323205,-0.0018877538386732,0.0009740037494339,0.0016401637112721,-0.0146457888185977,0.01495788898319,-0.0113444160670042,0.0007557984208688,-0.0099046416580677,0.0280440300703048,-0.0022210374008864,0.0023309709504246,0.026050642132759,0.0100771831348538,0.0016963655361905,-0.0051384642720222,-0.0011203396134078,0.0300111921293715,-0.0035232335175432,0.013452054538628,-0.0021623950417628,0.0318378293829815,-0.0129835702002849,0.0246507940062625,0.0089955359894777,0.1462665016544644,0.3337558402276703,0.2234455753446766,0.1017194223690114,2019-02-08,2019-02-11,2019-02-12,2019-02-13,2019-02-14,2019-02-15,2019-02-19,2019-02-20,2019-02-21,2019-02-22,91068.0,2019-02-07,252.0,11.3523%,0.0028,0.8099,0.4207,0.0769,2.7030%,2.8473%,9.8735%,0.121614,CMG,91068.0,2019-02-08,252.0,-0.5138%,0.0033,0.8084,0.5214,0.1367,2.6157%,2.7638%,10.4302%,-0.005647,CMG,91068.0,2019-02-11,252.0,3.5331%,0.0034,0.8117,0.5549,0.1566,2.6212%,2.7662%,10.2050%,0.030344,CMG,91068.0,2019-02-12,252.0,-1.6077%,0.0035,0.8258,0.5147,0.171,2.6082%,2.7554%,10.4026%,-0.027061,CMG,91068.0,2019-02-13,252.0,1.0039%,0.0035,0.8337,0.5029,0.1698,2.6063%,2.7553%,10.5201%,0.007199,CMG,91068.0,2019-02-14,252.0,0.8022%,0.0036,0.8339,0.506,0.1644,2.6039%,2.7536%,10.5767%,0.008043,CMG,91068.0,2019-02-15,252.0,0.2416%,0.003,0.7129,0.3959,-0.034,2.4574%,2.5857%,9.6841%,-0.009161,CMG,91068.0,2019-02-19,252.0,-1.0612%,0.003,0.7167,0.376,-0.0567,2.4553%,2.5856%,9.8285%,-0.013113,CMG,91068.0,2019-02-20,252.0,-0.2869%,0.0027,0.7087,0.3312,-0.0922,2.4244%,2.5550%,9.9610%,-0.004846,CMG,91068.0,2019-02-21,252.0,0.5772%,0.0026,0.7225,0.3605,-0.067,2.4103%,2.5449%,10.2976%,0.008314,CMG,91068.0,2019-02-22,252.0,-0.1614%,0.0025,0.7247,0.3464,-0.054,2.4108%,2.5445%,10.2334%,-0.009378,CMG,0.115967,0.146311,0.11925,0.134492,0.106308
35931,CHIPOTLE MEXICAN GRILL INC,Chipotle Mexican Grill shares are trading higher after the company reported Q4 EPS of $1.72 versus the $1.33 estimate and increased its buyback by $100M.,6,increase,0.8,0.7,"the better-than-expected earnings per share and the increase in share buyback typically signal strong financial health, which can positively influence investor sentiment and drive the stock price higher.",2,2019-02-07,CMG,2019-02-07 13:04:00+00:00,91068.0,16965610,0.1135232299566269,4368373.0,-0.0051384642720222,-0.0011203396134078,0.0353312045335769,-0.0024055889807641,-0.0160766579210758,0.0013656499795615,0.0100394543260335,-0.004550467710942,0.0080217430368065,-0.0063229301013052,0.0024155352730304,0.0055087781511247,-0.0106124747544527,-0.0036466210149228,-0.0028693019412457,-0.0209249593317508,0.005771760828793,0.0187104754149913,-0.0016135193873196,0.0230546817183494,-0.0059311548247933,0.0024803453125059,0.004759875126183,0.0133271506056189,-0.0003669236029963,-0.0085383905097842,0.0137665187940001,0.0055164247751235,0.0067485976032912,0.0006414451054297,0.011804474517703,0.0249008946120739,-0.004589102230966,-0.0097840456292033,-0.0042207702063024,-0.0052391644567251,-0.0063252048566937,0.022347904741764,0.0113365594297647,0.0022317708935588,0.0007137798238545,0.0251880884170532,0.0228731445968151,0.0662637203931808,0.009635679423809,0.035385113209486,0.0083507420495152,-0.0088189579546451,-0.0052771908231079,0.0267953779548406,0.0262910611927509,0.0179165136069059,0.0153400395065546,0.0232541672885417,-0.0001051382059813,0.0217637456953525,0.0069992556236684,0.0515239611268043,0.0015064654871821,-0.0217535030096769,0.0079081365838646,-0.0158444382250309,0.0178051441907882,-0.0615384615957737,0.0131383929401636,-0.0377422273159027,0.0066488236188888,0.0006764099234715,0.0111030275002121,-0.0312997996807098,-0.0064338208176195,-0.0315191000699996,-0.0013319387799128,0.0030129074584692,0.0011918655363842,-0.0022017753217369,-0.003202780149877,-0.0058928504586219,0.0070943022146821,0.0165158454328775,0.0089077707380056,-0.0053411279805004,-0.0056109162978827,0.0033948891796171,0.0115102548152208,-0.0147881666198372,-0.0157472994178533,0.0045857303775846,0.0069395969621837,-0.019375842064619,-0.0002385925909038,-0.0162276588380336,-0.0081289941444993,0.0360544435679912,-0.025860546156764,0.0159435719251632,0.0171313658356666,-0.0114548048004508,0.0023856898769736,0.0003395231033209,0.0011259410530328,0.0208608731627464,0.0103777833282947,-0.0091012306511402,-0.0446354262530803,-0.0145740220323205,-0.0018877538386732,0.0009740037494339,0.0016401637112721,-0.0146457888185977,0.01495788898319,-0.0113444160670042,0.0007557984208688,-0.0099046416580677,0.0280440300703048,-0.0022210374008864,0.0023309709504246,0.026050642132759,0.0100771831348538,0.0016963655361905,-0.0051384642720222,-0.0011203396134078,0.0300111921293715,-0.0035232335175432,0.013452054538628,-0.0021623950417628,0.0318378293829815,-0.0129835702002849,0.0246507940062625,0.0089955359894777,0.1462665016544644,0.3337558402276703,0.2234455753446766,0.1017194223690114,2019-02-08,2019-02-11,2019-02-12,2019-02-13,2019-02-14,2019-02-15,2019-02-19,2019-02-20,2019-02-21,2019-02-22,91068.0,2019-02-07,252.0,11.3523%,0.0028,0.8099,0.4207,0.0769,2.7030%,2.8473%,9.8735%,0.121614,CMG,91068.0,2019-02-08,252.0,-0.5138%,0.0033,0.8084,0.5214,0.1367,2.6157%,2.7638%,10.4302%,-0.005647,CMG,91068.0,2019-02-11,252.0,3.5331%,0.0034,0.8117,0.5549,0.1566,2.6212%,2.7662%,10.2050%,0.030344,CMG,91068.0,2019-02-12,252.0,-1.6077%,0.0035,0.8258,0.5147,0.171,2.6082%,2.7554%,10.4026%,-0.027061,CMG,91068.0,2019-02-13,252.0,1.0039%,0.0035,0.8337,0.5029,0.1698,2.6063%,2.7553%,10.5201%,0.007199,CMG,91068.0,2019-02-14,252.0,0.8022%,0.0036,0.8339,0.506,0.1644,2.6039%,2.7536%,10.5767%,0.008043,CMG,91068.0,2019-02-15,252.0,0.2416%,0.003,0.7129,0.3959,-0.034,2.4574%,2.5857%,9.6841%,-0.009161,CMG,91068.0,2019-02-19,252.0,-1.0612%,0.003,0.7167,0.376,-0.0567,2.4553%,2.5856%,9.8285%,-0.013113,CMG,91068.0,2019-02-20,252.0,-0.2869%,0.0027,0.7087,0.3312,-0.0922,2.4244%,2.5550%,9.9610%,-0.004846,CMG,91068.0,2019-02-21,252.0,0.5772%,0.0026,0.7225,0.3605,-0.067,2.4103%,2.5449%,10.2976%,0.008314,CMG,91068.0,2019-02-22,252.0,-0.1614%,0.0025,0.7247,0.3464,-0.054,2.4108%,2.5445%,10.2334%,-0.009378,CMG,0.115967,0.146311,0.11925,0.134492,0.106308
35939,CHIPOTLE MEXICAN GRILL INC,"BMO Capital Maintains Market Perform on Chipotle Mexican Grill, Raises Price Target to $540",6,increase,0.7,0.6,"the maintenance of a 'market perform' rating combined with a raised price target suggests a positive outlook, which could lead to an increase in investor confidence and stock price.",2,2019-02-07,CMG,2019-02-07 12:52:00+00:00,91068.0,16965610,0.1135232299566269,4368373.0,-0.0051384642720222,-0.0011203396134078,0.0353312045335769,-0.0024055889807641,-0.0160766579210758,0.0013656499795615,0.0100394543260335,-0.004550467710942,0.0080217430368065,-0.0063229301013052,0.0024155352730304,0.0055087781511247,-0.0106124747544527,-0.0036466210149228,-0.0028693019412457,-0.0209249593317508,0.005771760828793,0.0187104754149913,-0.0016135193873196,0.0230546817183494,-0.0059311548247933,0.0024803453125059,0.004759875126183,0.0133271506056189,-0.0003669236029963,-0.0085383905097842,0.0137665187940001,0.0055164247751235,0.0067485976032912,0.0006414451054297,0.011804474517703,0.0249008946120739,-0.004589102230966,-0.0097840456292033,-0.0042207702063024,-0.0052391644567251,-0.0063252048566937,0.022347904741764,0.0113365594297647,0.0022317708935588,0.0007137798238545,0.0251880884170532,0.0228731445968151,0.0662637203931808,0.009635679423809,0.035385113209486,0.0083507420495152,-0.0088189579546451,-0.0052771908231079,0.0267953779548406,0.0262910611927509,0.0179165136069059,0.0153400395065546,0.0232541672885417,-0.0001051382059813,0.0217637456953525,0.0069992556236684,0.0515239611268043,0.0015064654871821,-0.0217535030096769,0.0079081365838646,-0.0158444382250309,0.0178051441907882,-0.0615384615957737,0.0131383929401636,-0.0377422273159027,0.0066488236188888,0.0006764099234715,0.0111030275002121,-0.0312997996807098,-0.0064338208176195,-0.0315191000699996,-0.0013319387799128,0.0030129074584692,0.0011918655363842,-0.0022017753217369,-0.003202780149877,-0.0058928504586219,0.0070943022146821,0.0165158454328775,0.0089077707380056,-0.0053411279805004,-0.0056109162978827,0.0033948891796171,0.0115102548152208,-0.0147881666198372,-0.0157472994178533,0.0045857303775846,0.0069395969621837,-0.019375842064619,-0.0002385925909038,-0.0162276588380336,-0.0081289941444993,0.0360544435679912,-0.025860546156764,0.0159435719251632,0.0171313658356666,-0.0114548048004508,0.0023856898769736,0.0003395231033209,0.0011259410530328,0.0208608731627464,0.0103777833282947,-0.0091012306511402,-0.0446354262530803,-0.0145740220323205,-0.0018877538386732,0.0009740037494339,0.0016401637112721,-0.0146457888185977,0.01495788898319,-0.0113444160670042,0.0007557984208688,-0.0099046416580677,0.0280440300703048,-0.0022210374008864,0.0023309709504246,0.026050642132759,0.0100771831348538,0.0016963655361905,-0.0051384642720222,-0.0011203396134078,0.0300111921293715,-0.0035232335175432,0.013452054538628,-0.0021623950417628,0.0318378293829815,-0.0129835702002849,0.0246507940062625,0.0089955359894777,0.1462665016544644,0.3337558402276703,0.2234455753446766,0.1017194223690114,2019-02-08,2019-02-11,2019-02-12,2019-02-13,2019-02-14,2019-02-15,2019-02-19,2019-02-20,2019-02-21,2019-02-22,91068.0,2019-02-07,252.0,11.3523%,0.0028,0.8099,0.4207,0.0769,2.7030%,2.8473%,9.8735%,0.121614,CMG,91068.0,2019-02-08,252.0,-0.5138%,0.0033,0.8084,0.5214,0.1367,2.6157%,2.7638%,10.4302%,-0.005647,CMG,91068.0,2019-02-11,252.0,3.5331%,0.0034,0.8117,0.5549,0.1566,2.6212%,2.7662%,10.2050%,0.030344,CMG,91068.0,2019-02-12,252.0,-1.6077%,0.0035,0.8258,0.5147,0.171,2.6082%,2.7554%,10.4026%,-0.027061,CMG,91068.0,2019-02-13,252.0,1.0039%,0.0035,0.8337,0.5029,0.1698,2.6063%,2.7553%,10.5201%,0.007199,CMG,91068.0,2019-02-14,252.0,0.8022%,0.0036,0.8339,0.506,0.1644,2.6039%,2.7536%,10.5767%,0.008043,CMG,91068.0,2019-02-15,252.0,0.2416%,0.003,0.7129,0.3959,-0.034,2.4574%,2.5857%,9.6841%,-0.009161,CMG,91068.0,2019-02-19,252.0,-1.0612%,0.003,0.7167,0.376,-0.0567,2.4553%,2.5856%,9.8285%,-0.013113,CMG,91068.0,2019-02-20,252.0,-0.2869%,0.0027,0.7087,0.3312,-0.0922,2.4244%,2.5550%,9.9610%,-0.004846,CMG,91068.0,2019-02-21,252.0,0.5772%,0.0026,0.7225,0.3605,-0.067,2.4103%,2.5449%,10.2976%,0.008314,CMG,91068.0,2019-02-22,252.0,-0.1614%,0.0025,0.7247,0.3464,-0.054,2.4108%,2.5445%,10.2334%,-0.009378,CMG,0.115967,0.146311,0.11925,0.134492,0.106308
35947,CHIPOTLE MEXICAN GRILL INC,"Stephens & Co. Maintains Equal-Weight on Chipotle Mexican Grill, Raises Price Target to $525",6,increase,0.7,0.5,"raising the price target typically indicates positive sentiment and potential for stock appreciation, which may lead to an increase in chipotle's stock price.",2,2019-02-07,CMG,2019-02-07 12:05:00+00:00,91068.0,16965610,0.1135232299566269,4368373.0,-0.0051384642720222,-0.0011203396134078,0.0353312045335769,-0.0024055889807641,-0.0160766579210758,0.0013656499795615,0.0100394543260335,-0.004550467710942,0.0080217430368065,-0.0063229301013052,0.0024155352730304,0.0055087781511247,-0.0106124747544527,-0.0036466210149228,-0.0028693019412457,-0.0209249593317508,0.005771760828793,0.0187104754149913,-0.0016135193873196,0.0230546817183494,-0.0059311548247933,0.0024803453125059,0.004759875126183,0.0133271506056189,-0.0003669236029963,-0.0085383905097842,0.0137665187940001,0.0055164247751235,0.0067485976032912,0.0006414451054297,0.011804474517703,0.0249008946120739,-0.004589102230966,-0.0097840456292033,-0.0042207702063024,-0.0052391644567251,-0.0063252048566937,0.022347904741764,0.0113365594297647,0.0022317708935588,0.0007137798238545,0.0251880884170532,0.0228731445968151,0.0662637203931808,0.009635679423809,0.035385113209486,0.0083507420495152,-0.0088189579546451,-0.0052771908231079,0.0267953779548406,0.0262910611927509,0.0179165136069059,0.0153400395065546,0.0232541672885417,-0.0001051382059813,0.0217637456953525,0.0069992556236684,0.0515239611268043,0.0015064654871821,-0.0217535030096769,0.0079081365838646,-0.0158444382250309,0.0178051441907882,-0.0615384615957737,0.0131383929401636,-0.0377422273159027,0.0066488236188888,0.0006764099234715,0.0111030275002121,-0.0312997996807098,-0.0064338208176195,-0.0315191000699996,-0.0013319387799128,0.0030129074584692,0.0011918655363842,-0.0022017753217369,-0.003202780149877,-0.0058928504586219,0.0070943022146821,0.0165158454328775,0.0089077707380056,-0.0053411279805004,-0.0056109162978827,0.0033948891796171,0.0115102548152208,-0.0147881666198372,-0.0157472994178533,0.0045857303775846,0.0069395969621837,-0.019375842064619,-0.0002385925909038,-0.0162276588380336,-0.0081289941444993,0.0360544435679912,-0.025860546156764,0.0159435719251632,0.0171313658356666,-0.0114548048004508,0.0023856898769736,0.0003395231033209,0.0011259410530328,0.0208608731627464,0.0103777833282947,-0.0091012306511402,-0.0446354262530803,-0.0145740220323205,-0.0018877538386732,0.0009740037494339,0.0016401637112721,-0.0146457888185977,0.01495788898319,-0.0113444160670042,0.0007557984208688,-0.0099046416580677,0.0280440300703048,-0.0022210374008864,0.0023309709504246,0.026050642132759,0.0100771831348538,0.0016963655361905,-0.0051384642720222,-0.0011203396134078,0.0300111921293715,-0.0035232335175432,0.013452054538628,-0.0021623950417628,0.0318378293829815,-0.0129835702002849,0.0246507940062625,0.0089955359894777,0.1462665016544644,0.3337558402276703,0.2234455753446766,0.1017194223690114,2019-02-08,2019-02-11,2019-02-12,2019-02-13,2019-02-14,2019-02-15,2019-02-19,2019-02-20,2019-02-21,2019-02-22,91068.0,2019-02-07,252.0,11.3523%,0.0028,0.8099,0.4207,0.0769,2.7030%,2.8473%,9.8735%,0.121614,CMG,91068.0,2019-02-08,252.0,-0.5138%,0.0033,0.8084,0.5214,0.1367,2.6157%,2.7638%,10.4302%,-0.005647,CMG,91068.0,2019-02-11,252.0,3.5331%,0.0034,0.8117,0.5549,0.1566,2.6212%,2.7662%,10.2050%,0.030344,CMG,91068.0,2019-02-12,252.0,-1.6077%,0.0035,0.8258,0.5147,0.171,2.6082%,2.7554%,10.4026%,-0.027061,CMG,91068.0,2019-02-13,252.0,1.0039%,0.0035,0.8337,0.5029,0.1698,2.6063%,2.7553%,10.5201%,0.007199,CMG,91068.0,2019-02-14,252.0,0.8022%,0.0036,0.8339,0.506,0.1644,2.6039%,2.7536%,10.5767%,0.008043,CMG,91068.0,2019-02-15,252.0,0.2416%,0.003,0.7129,0.3959,-0.034,2.4574%,2.5857%,9.6841%,-0.009161,CMG,91068.0,2019-02-19,252.0,-1.0612%,0.003,0.7167,0.376,-0.0567,2.4553%,2.5856%,9.8285%,-0.013113,CMG,91068.0,2019-02-20,252.0,-0.2869%,0.0027,0.7087,0.3312,-0.0922,2.4244%,2.5550%,9.9610%,-0.004846,CMG,91068.0,2019-02-21,252.0,0.5772%,0.0026,0.7225,0.3605,-0.067,2.4103%,2.5449%,10.2976%,0.008314,CMG,91068.0,2019-02-22,252.0,-0.1614%,0.0025,0.7247,0.3464,-0.054,2.4108%,2.5445%,10.2334%,-0.009378,CMG,0.115967,0.146311,0.11925,0.134492,0.106308
35955,CHIPOTLE MEXICAN GRILL INC,"KeyBanc Maintains Overweight on Chipotle Mexican Grill, Raises Price Target to $625",6,increase,0.8,0.7,maintaining an 'overweight' rating and raising the price target typically signals positive sentiment and potential for stock price appreciation.,2,2019-02-07,CMG,2019-02-07 12:01:00+00:00,91068.0,16965610,0.1135232299566269,4368373.0,-0.0051384642720222,-0.0011203396134078,0.0353312045335769,-0.0024055889807641,-0.0160766579210758,0.0013656499795615,0.0100394543260335,-0.004550467710942,0.0080217430368065,-0.0063229301013052,0.0024155352730304,0.0055087781511247,-0.0106124747544527,-0.0036466210149228,-0.0028693019412457,-0.0209249593317508,0.005771760828793,0.0187104754149913,-0.0016135193873196,0.0230546817183494,-0.0059311548247933,0.0024803453125059,0.004759875126183,0.0133271506056189,-0.0003669236029963,-0.0085383905097842,0.0137665187940001,0.0055164247751235,0.0067485976032912,0.0006414451054297,0.011804474517703,0.0249008946120739,-0.004589102230966,-0.0097840456292033,-0.0042207702063024,-0.0052391644567251,-0.0063252048566937,0.022347904741764,0.0113365594297647,0.0022317708935588,0.0007137798238545,0.0251880884170532,0.0228731445968151,0.0662637203931808,0.009635679423809,0.035385113209486,0.0083507420495152,-0.0088189579546451,-0.0052771908231079,0.0267953779548406,0.0262910611927509,0.0179165136069059,0.0153400395065546,0.0232541672885417,-0.0001051382059813,0.0217637456953525,0.0069992556236684,0.0515239611268043,0.0015064654871821,-0.0217535030096769,0.0079081365838646,-0.0158444382250309,0.0178051441907882,-0.0615384615957737,0.0131383929401636,-0.0377422273159027,0.0066488236188888,0.0006764099234715,0.0111030275002121,-0.0312997996807098,-0.0064338208176195,-0.0315191000699996,-0.0013319387799128,0.0030129074584692,0.0011918655363842,-0.0022017753217369,-0.003202780149877,-0.0058928504586219,0.0070943022146821,0.0165158454328775,0.0089077707380056,-0.0053411279805004,-0.0056109162978827,0.0033948891796171,0.0115102548152208,-0.0147881666198372,-0.0157472994178533,0.0045857303775846,0.0069395969621837,-0.019375842064619,-0.0002385925909038,-0.0162276588380336,-0.0081289941444993,0.0360544435679912,-0.025860546156764,0.0159435719251632,0.0171313658356666,-0.0114548048004508,0.0023856898769736,0.0003395231033209,0.0011259410530328,0.0208608731627464,0.0103777833282947,-0.0091012306511402,-0.0446354262530803,-0.0145740220323205,-0.0018877538386732,0.0009740037494339,0.0016401637112721,-0.0146457888185977,0.01495788898319,-0.0113444160670042,0.0007557984208688,-0.0099046416580677,0.0280440300703048,-0.0022210374008864,0.0023309709504246,0.026050642132759,0.0100771831348538,0.0016963655361905,-0.0051384642720222,-0.0011203396134078,0.0300111921293715,-0.0035232335175432,0.013452054538628,-0.0021623950417628,0.0318378293829815,-0.0129835702002849,0.0246507940062625,0.0089955359894777,0.1462665016544644,0.3337558402276703,0.2234455753446766,0.1017194223690114,2019-02-08,2019-02-11,2019-02-12,2019-02-13,2019-02-14,2019-02-15,2019-02-19,2019-02-20,2019-02-21,2019-02-22,91068.0,2019-02-07,252.0,11.3523%,0.0028,0.8099,0.4207,0.0769,2.7030%,2.8473%,9.8735%,0.121614,CMG,91068.0,2019-02-08,252.0,-0.5138%,0.0033,0.8084,0.5214,0.1367,2.6157%,2.7638%,10.4302%,-0.005647,CMG,91068.0,2019-02-11,252.0,3.5331%,0.0034,0.8117,0.5549,0.1566,2.6212%,2.7662%,10.2050%,0.030344,CMG,91068.0,2019-02-12,252.0,-1.6077%,0.0035,0.8258,0.5147,0.171,2.6082%,2.7554%,10.4026%,-0.027061,CMG,91068.0,2019-02-13,252.0,1.0039%,0.0035,0.8337,0.5029,0.1698,2.6063%,2.7553%,10.5201%,0.007199,CMG,91068.0,2019-02-14,252.0,0.8022%,0.0036,0.8339,0.506,0.1644,2.6039%,2.7536%,10.5767%,0.008043,CMG,91068.0,2019-02-15,252.0,0.2416%,0.003,0.7129,0.3959,-0.034,2.4574%,2.5857%,9.6841%,-0.009161,CMG,91068.0,2019-02-19,252.0,-1.0612%,0.003,0.7167,0.376,-0.0567,2.4553%,2.5856%,9.8285%,-0.013113,CMG,91068.0,2019-02-20,252.0,-0.2869%,0.0027,0.7087,0.3312,-0.0922,2.4244%,2.5550%,9.9610%,-0.004846,CMG,91068.0,2019-02-21,252.0,0.5772%,0.0026,0.7225,0.3605,-0.067,2.4103%,2.5449%,10.2976%,0.008314,CMG,91068.0,2019-02-22,252.0,-0.1614%,0.0025,0.7247,0.3464,-0.054,2.4108%,2.5445%,10.2334%,-0.009378,CMG,0.115967,0.146311,0.11925,0.134492,0.106308
35963,CUMMINS INC,"Oppenheimer Downgrades Cummins, Projects Softening North American Truck Market In 2020",6,decrease,0.8,0.7,the downgrade by oppenheimer and the projection of a softening north american truck market are likely to negatively impact investor sentiment and lead to a decrease in cummins inc's stock price.,0,2019-02-07,CMI,2019-02-07 16:36:00+00:00,41080.0,23102110,0.0018077603308483,1141638.0,-0.0089559974148869,-0.0031371058430522,-0.0006744409329257,0.0071933264844119,0.0243622679263353,0.0139049366116523,0.0060610938817262,-0.0027190123219043,-0.0086438823491334,0.0051243510097265,0.0269502736628055,-0.000136659873533,-0.0116421012207865,0.0249264631420373,0.0112585946917533,-0.0273766629397869,-0.0011583247687667,0.0205017514526844,0.0088920295238494,0.0030672878492623,0.0041173403151333,-0.0186755768954753,-0.0049333949573338,-0.0290914252400398,0.0003219564387109,0.037629161030054,-0.0081745898351073,0.0263847429305315,0.0020767559763044,0.017782587558031,0.00407997937873,-0.0094844317063689,-0.0035473930183798,0.0049448362551629,0.0001941794180311,0.0015071517555043,-0.0014885514974594,0.0135302292183041,0.0018148554954677,0.0019679612014442,0.0224492829293012,0.002630814211443,0.0024044855963438,0.0049203066155314,-0.0092159546911716,0.0415327548980712,0.000955618568696,-0.0197930671274662,0.0019095095340162,-0.0019454841967672,0.0199479032307863,0.0150387035682797,-0.0027405943255871,-0.0069391927681863,-0.0146774472668767,0.0115205189213156,0.0054513225331902,0.0444657690823078,-0.0188500210642814,-0.0212915558367967,0.0052688559517264,-0.0145261650905013,-0.0011504805879667,-0.0059591932222247,-0.0046074180863797,-0.0034261988475918,0.00282868812792,-0.0008368247654289,0.0120519874617457,-0.0178571380674839,0.0282511357218027,-0.0046850959770381,-0.0030801454558968,-0.0110318455845117,-0.0023481731768697,0.0116816023364663,0.0122638326138258,-0.0138674844056367,-0.0009789415635168,-0.0166667588055133,-0.0004899970954284,-0.025932865217328,-0.009069156832993,-0.0278745777904987,0.0051325615495443,-0.0400079116225242,0.0124277370050549,0.0093340640887618,0.009176043793559,0.0192982498556375,-0.0066237491555511,-0.0024232675787061,0.0136388437822461,0.0232814792543649,-0.0075349509716033,-0.0136558851227164,0.0113279679790139,0.0164353623986244,-0.0112010827288031,-0.0013103616656735,0.0051216608844697,0.0127820204943418,-0.0038366967346519,-0.0174993351101875,-0.024252263829112,-0.0094487080350518,0.0074009927920997,-0.0023735663853585,0.0048977779224514,0.0111081348732113,0.0130985369905829,0.0171626042574644,-0.0049310969188809,0.0009697934729047,0.0042303558439016,0.0090165175497531,0.0181741844862699,-0.0217435397207737,-0.0093976967036724,-0.0032712856773287,-0.0089559974148869,-0.0031371058430522,-0.009624398056561,0.0040336544148145,0.0145033977056907,0.0179946787354181,0.0118299987944747,0.0204291168236587,0.0465856476423258,0.0411293788901847,0.0478649434495661,0.1647949201609639,0.1284595866460371,0.0258123557807037,2019-02-08,2019-02-11,2019-02-12,2019-02-13,2019-02-14,2019-02-15,2019-02-19,2019-02-20,2019-02-21,2019-02-22,41080.0,2019-02-07,252.0,0.1808%,-0.0003,1.0943,0.086,0.6279,1.1388%,1.5768%,47.8383%,0.00942,CMI,41080.0,2019-02-08,252.0,-0.8956%,-0.0003,1.0949,0.0958,0.6373,1.1378%,1.5760%,47.8821%,-0.0057509999999999,CMI,41080.0,2019-02-11,252.0,-0.0674%,-0.0003,1.0886,0.0962,0.6342,1.1378%,1.5554%,46.4917%,-0.004405,CMI,41080.0,2019-02-12,252.0,2.4362%,-0.0001,1.1091,0.0779,0.648,1.1284%,1.5618%,47.7986%,0.010516,CMI,41080.0,2019-02-13,252.0,0.6061%,-0.0001,1.1106,0.0764,0.6483,1.1284%,1.5608%,47.7337%,0.002355,CMI,41080.0,2019-02-14,252.0,-0.8644%,-0.0001,1.1114,0.0749,0.6496,1.1284%,1.5618%,47.7942%,-0.003049,CMI,41080.0,2019-02-15,252.0,2.6950%,0.0,1.1337,0.0962,0.6875,1.1246%,1.5710%,48.7550%,0.010985,CMI,41080.0,2019-02-19,252.0,-1.1642%,0.0,1.1352,0.0795,0.6685,1.1251%,1.5722%,48.7933%,-0.016238,CMI,41080.0,2019-02-20,252.0,1.1259%,0.0,1.1365,0.0815,0.6728,1.1255%,1.5737%,48.8501%,0.00515,CMI,41080.0,2019-02-21,252.0,-0.1158%,-0.0,1.1413,0.0924,0.6816,1.1211%,1.5730%,49.2004%,0.004551,CMI,41080.0,2019-02-22,252.0,0.8892%,0.0,1.1397,0.0957,0.6653,1.1232%,1.5739%,49.0710%,0.010885,CMI,0.003669,-0.0007359999999999,0.00978,0.009086,0.024419
35971,CUMMINS INC,UPDATE: Oppenheimer Downgrades Cummins On 'Increasing likelihood of FY20 being a down year for NorAm truck given recent Class 8 truck order/cancellation trends'; 'decelerating growth in off-highway markets'; NS6 China Enforcement Uncertainty,6,decrease,0.8,0.7,"the downgrade by oppenheimer, citing concerns over declining truck orders and growth in off-highway markets, is likely to negatively impact investor sentiment and lead to a decrease in cummins inc's stock price.",0,2019-02-07,CMI,2019-02-07 13:45:00+00:00,41080.0,23102110,0.0018077603308483,1141638.0,-0.0089559974148869,-0.0031371058430522,-0.0006744409329257,0.0071933264844119,0.0243622679263353,0.0139049366116523,0.0060610938817262,-0.0027190123219043,-0.0086438823491334,0.0051243510097265,0.0269502736628055,-0.000136659873533,-0.0116421012207865,0.0249264631420373,0.0112585946917533,-0.0273766629397869,-0.0011583247687667,0.0205017514526844,0.0088920295238494,0.0030672878492623,0.0041173403151333,-0.0186755768954753,-0.0049333949573338,-0.0290914252400398,0.0003219564387109,0.037629161030054,-0.0081745898351073,0.0263847429305315,0.0020767559763044,0.017782587558031,0.00407997937873,-0.0094844317063689,-0.0035473930183798,0.0049448362551629,0.0001941794180311,0.0015071517555043,-0.0014885514974594,0.0135302292183041,0.0018148554954677,0.0019679612014442,0.0224492829293012,0.002630814211443,0.0024044855963438,0.0049203066155314,-0.0092159546911716,0.0415327548980712,0.000955618568696,-0.0197930671274662,0.0019095095340162,-0.0019454841967672,0.0199479032307863,0.0150387035682797,-0.0027405943255871,-0.0069391927681863,-0.0146774472668767,0.0115205189213156,0.0054513225331902,0.0444657690823078,-0.0188500210642814,-0.0212915558367967,0.0052688559517264,-0.0145261650905013,-0.0011504805879667,-0.0059591932222247,-0.0046074180863797,-0.0034261988475918,0.00282868812792,-0.0008368247654289,0.0120519874617457,-0.0178571380674839,0.0282511357218027,-0.0046850959770381,-0.0030801454558968,-0.0110318455845117,-0.0023481731768697,0.0116816023364663,0.0122638326138258,-0.0138674844056367,-0.0009789415635168,-0.0166667588055133,-0.0004899970954284,-0.025932865217328,-0.009069156832993,-0.0278745777904987,0.0051325615495443,-0.0400079116225242,0.0124277370050549,0.0093340640887618,0.009176043793559,0.0192982498556375,-0.0066237491555511,-0.0024232675787061,0.0136388437822461,0.0232814792543649,-0.0075349509716033,-0.0136558851227164,0.0113279679790139,0.0164353623986244,-0.0112010827288031,-0.0013103616656735,0.0051216608844697,0.0127820204943418,-0.0038366967346519,-0.0174993351101875,-0.024252263829112,-0.0094487080350518,0.0074009927920997,-0.0023735663853585,0.0048977779224514,0.0111081348732113,0.0130985369905829,0.0171626042574644,-0.0049310969188809,0.0009697934729047,0.0042303558439016,0.0090165175497531,0.0181741844862699,-0.0217435397207737,-0.0093976967036724,-0.0032712856773287,-0.0089559974148869,-0.0031371058430522,-0.009624398056561,0.0040336544148145,0.0145033977056907,0.0179946787354181,0.0118299987944747,0.0204291168236587,0.0465856476423258,0.0411293788901847,0.0478649434495661,0.1647949201609639,0.1284595866460371,0.0258123557807037,2019-02-08,2019-02-11,2019-02-12,2019-02-13,2019-02-14,2019-02-15,2019-02-19,2019-02-20,2019-02-21,2019-02-22,41080.0,2019-02-07,252.0,0.1808%,-0.0003,1.0943,0.086,0.6279,1.1388%,1.5768%,47.8383%,0.00942,CMI,41080.0,2019-02-08,252.0,-0.8956%,-0.0003,1.0949,0.0958,0.6373,1.1378%,1.5760%,47.8821%,-0.0057509999999999,CMI,41080.0,2019-02-11,252.0,-0.0674%,-0.0003,1.0886,0.0962,0.6342,1.1378%,1.5554%,46.4917%,-0.004405,CMI,41080.0,2019-02-12,252.0,2.4362%,-0.0001,1.1091,0.0779,0.648,1.1284%,1.5618%,47.7986%,0.010516,CMI,41080.0,2019-02-13,252.0,0.6061%,-0.0001,1.1106,0.0764,0.6483,1.1284%,1.5608%,47.7337%,0.002355,CMI,41080.0,2019-02-14,252.0,-0.8644%,-0.0001,1.1114,0.0749,0.6496,1.1284%,1.5618%,47.7942%,-0.003049,CMI,41080.0,2019-02-15,252.0,2.6950%,0.0,1.1337,0.0962,0.6875,1.1246%,1.5710%,48.7550%,0.010985,CMI,41080.0,2019-02-19,252.0,-1.1642%,0.0,1.1352,0.0795,0.6685,1.1251%,1.5722%,48.7933%,-0.016238,CMI,41080.0,2019-02-20,252.0,1.1259%,0.0,1.1365,0.0815,0.6728,1.1255%,1.5737%,48.8501%,0.00515,CMI,41080.0,2019-02-21,252.0,-0.1158%,-0.0,1.1413,0.0924,0.6816,1.1211%,1.5730%,49.2004%,0.004551,CMI,41080.0,2019-02-22,252.0,0.8892%,0.0,1.1397,0.0957,0.6653,1.1232%,1.5739%,49.0710%,0.010885,CMI,0.003669,-0.0007359999999999,0.00978,0.009086,0.024419
35979,CUMMINS INC,Oppenheimer Downgrades Cummins to Perform,6,decrease,0.8,0.6,"a downgrade from an analyst typically signals reduced expectations for a company's performance, which can lead to a decline in stock price.",0,2019-02-07,CMI,2019-02-07 11:52:00+00:00,41080.0,23102110,0.0018077603308483,1141638.0,-0.0089559974148869,-0.0031371058430522,-0.0006744409329257,0.0071933264844119,0.0243622679263353,0.0139049366116523,0.0060610938817262,-0.0027190123219043,-0.0086438823491334,0.0051243510097265,0.0269502736628055,-0.000136659873533,-0.0116421012207865,0.0249264631420373,0.0112585946917533,-0.0273766629397869,-0.0011583247687667,0.0205017514526844,0.0088920295238494,0.0030672878492623,0.0041173403151333,-0.0186755768954753,-0.0049333949573338,-0.0290914252400398,0.0003219564387109,0.037629161030054,-0.0081745898351073,0.0263847429305315,0.0020767559763044,0.017782587558031,0.00407997937873,-0.0094844317063689,-0.0035473930183798,0.0049448362551629,0.0001941794180311,0.0015071517555043,-0.0014885514974594,0.0135302292183041,0.0018148554954677,0.0019679612014442,0.0224492829293012,0.002630814211443,0.0024044855963438,0.0049203066155314,-0.0092159546911716,0.0415327548980712,0.000955618568696,-0.0197930671274662,0.0019095095340162,-0.0019454841967672,0.0199479032307863,0.0150387035682797,-0.0027405943255871,-0.0069391927681863,-0.0146774472668767,0.0115205189213156,0.0054513225331902,0.0444657690823078,-0.0188500210642814,-0.0212915558367967,0.0052688559517264,-0.0145261650905013,-0.0011504805879667,-0.0059591932222247,-0.0046074180863797,-0.0034261988475918,0.00282868812792,-0.0008368247654289,0.0120519874617457,-0.0178571380674839,0.0282511357218027,-0.0046850959770381,-0.0030801454558968,-0.0110318455845117,-0.0023481731768697,0.0116816023364663,0.0122638326138258,-0.0138674844056367,-0.0009789415635168,-0.0166667588055133,-0.0004899970954284,-0.025932865217328,-0.009069156832993,-0.0278745777904987,0.0051325615495443,-0.0400079116225242,0.0124277370050549,0.0093340640887618,0.009176043793559,0.0192982498556375,-0.0066237491555511,-0.0024232675787061,0.0136388437822461,0.0232814792543649,-0.0075349509716033,-0.0136558851227164,0.0113279679790139,0.0164353623986244,-0.0112010827288031,-0.0013103616656735,0.0051216608844697,0.0127820204943418,-0.0038366967346519,-0.0174993351101875,-0.024252263829112,-0.0094487080350518,0.0074009927920997,-0.0023735663853585,0.0048977779224514,0.0111081348732113,0.0130985369905829,0.0171626042574644,-0.0049310969188809,0.0009697934729047,0.0042303558439016,0.0090165175497531,0.0181741844862699,-0.0217435397207737,-0.0093976967036724,-0.0032712856773287,-0.0089559974148869,-0.0031371058430522,-0.009624398056561,0.0040336544148145,0.0145033977056907,0.0179946787354181,0.0118299987944747,0.0204291168236587,0.0465856476423258,0.0411293788901847,0.0478649434495661,0.1647949201609639,0.1284595866460371,0.0258123557807037,2019-02-08,2019-02-11,2019-02-12,2019-02-13,2019-02-14,2019-02-15,2019-02-19,2019-02-20,2019-02-21,2019-02-22,41080.0,2019-02-07,252.0,0.1808%,-0.0003,1.0943,0.086,0.6279,1.1388%,1.5768%,47.8383%,0.00942,CMI,41080.0,2019-02-08,252.0,-0.8956%,-0.0003,1.0949,0.0958,0.6373,1.1378%,1.5760%,47.8821%,-0.0057509999999999,CMI,41080.0,2019-02-11,252.0,-0.0674%,-0.0003,1.0886,0.0962,0.6342,1.1378%,1.5554%,46.4917%,-0.004405,CMI,41080.0,2019-02-12,252.0,2.4362%,-0.0001,1.1091,0.0779,0.648,1.1284%,1.5618%,47.7986%,0.010516,CMI,41080.0,2019-02-13,252.0,0.6061%,-0.0001,1.1106,0.0764,0.6483,1.1284%,1.5608%,47.7337%,0.002355,CMI,41080.0,2019-02-14,252.0,-0.8644%,-0.0001,1.1114,0.0749,0.6496,1.1284%,1.5618%,47.7942%,-0.003049,CMI,41080.0,2019-02-15,252.0,2.6950%,0.0,1.1337,0.0962,0.6875,1.1246%,1.5710%,48.7550%,0.010985,CMI,41080.0,2019-02-19,252.0,-1.1642%,0.0,1.1352,0.0795,0.6685,1.1251%,1.5722%,48.7933%,-0.016238,CMI,41080.0,2019-02-20,252.0,1.1259%,0.0,1.1365,0.0815,0.6728,1.1255%,1.5737%,48.8501%,0.00515,CMI,41080.0,2019-02-21,252.0,-0.1158%,-0.0,1.1413,0.0924,0.6816,1.1211%,1.5730%,49.2004%,0.004551,CMI,41080.0,2019-02-22,252.0,0.8892%,0.0,1.1397,0.0957,0.6653,1.1232%,1.5739%,49.0710%,0.010885,CMI,0.003669,-0.0007359999999999,0.00978,0.009086,0.024419
35987,CUMMINS INC,Baird Upgrades Cummins to Outperform,6,increase,0.8,0.7,"upgrades from analysts typically signal positive sentiment and can lead to increased investor interest, likely driving the stock price up.",2,2019-02-07,CMI,2019-02-07 11:29:00+00:00,41080.0,23102110,0.0018077603308483,1141638.0,-0.0089559974148869,-0.0031371058430522,-0.0006744409329257,0.0071933264844119,0.0243622679263353,0.0139049366116523,0.0060610938817262,-0.0027190123219043,-0.0086438823491334,0.0051243510097265,0.0269502736628055,-0.000136659873533,-0.0116421012207865,0.0249264631420373,0.0112585946917533,-0.0273766629397869,-0.0011583247687667,0.0205017514526844,0.0088920295238494,0.0030672878492623,0.0041173403151333,-0.0186755768954753,-0.0049333949573338,-0.0290914252400398,0.0003219564387109,0.037629161030054,-0.0081745898351073,0.0263847429305315,0.0020767559763044,0.017782587558031,0.00407997937873,-0.0094844317063689,-0.0035473930183798,0.0049448362551629,0.0001941794180311,0.0015071517555043,-0.0014885514974594,0.0135302292183041,0.0018148554954677,0.0019679612014442,0.0224492829293012,0.002630814211443,0.0024044855963438,0.0049203066155314,-0.0092159546911716,0.0415327548980712,0.000955618568696,-0.0197930671274662,0.0019095095340162,-0.0019454841967672,0.0199479032307863,0.0150387035682797,-0.0027405943255871,-0.0069391927681863,-0.0146774472668767,0.0115205189213156,0.0054513225331902,0.0444657690823078,-0.0188500210642814,-0.0212915558367967,0.0052688559517264,-0.0145261650905013,-0.0011504805879667,-0.0059591932222247,-0.0046074180863797,-0.0034261988475918,0.00282868812792,-0.0008368247654289,0.0120519874617457,-0.0178571380674839,0.0282511357218027,-0.0046850959770381,-0.0030801454558968,-0.0110318455845117,-0.0023481731768697,0.0116816023364663,0.0122638326138258,-0.0138674844056367,-0.0009789415635168,-0.0166667588055133,-0.0004899970954284,-0.025932865217328,-0.009069156832993,-0.0278745777904987,0.0051325615495443,-0.0400079116225242,0.0124277370050549,0.0093340640887618,0.009176043793559,0.0192982498556375,-0.0066237491555511,-0.0024232675787061,0.0136388437822461,0.0232814792543649,-0.0075349509716033,-0.0136558851227164,0.0113279679790139,0.0164353623986244,-0.0112010827288031,-0.0013103616656735,0.0051216608844697,0.0127820204943418,-0.0038366967346519,-0.0174993351101875,-0.024252263829112,-0.0094487080350518,0.0074009927920997,-0.0023735663853585,0.0048977779224514,0.0111081348732113,0.0130985369905829,0.0171626042574644,-0.0049310969188809,0.0009697934729047,0.0042303558439016,0.0090165175497531,0.0181741844862699,-0.0217435397207737,-0.0093976967036724,-0.0032712856773287,-0.0089559974148869,-0.0031371058430522,-0.009624398056561,0.0040336544148145,0.0145033977056907,0.0179946787354181,0.0118299987944747,0.0204291168236587,0.0465856476423258,0.0411293788901847,0.0478649434495661,0.1647949201609639,0.1284595866460371,0.0258123557807037,2019-02-08,2019-02-11,2019-02-12,2019-02-13,2019-02-14,2019-02-15,2019-02-19,2019-02-20,2019-02-21,2019-02-22,41080.0,2019-02-07,252.0,0.1808%,-0.0003,1.0943,0.086,0.6279,1.1388%,1.5768%,47.8383%,0.00942,CMI,41080.0,2019-02-08,252.0,-0.8956%,-0.0003,1.0949,0.0958,0.6373,1.1378%,1.5760%,47.8821%,-0.0057509999999999,CMI,41080.0,2019-02-11,252.0,-0.0674%,-0.0003,1.0886,0.0962,0.6342,1.1378%,1.5554%,46.4917%,-0.004405,CMI,41080.0,2019-02-12,252.0,2.4362%,-0.0001,1.1091,0.0779,0.648,1.1284%,1.5618%,47.7986%,0.010516,CMI,41080.0,2019-02-13,252.0,0.6061%,-0.0001,1.1106,0.0764,0.6483,1.1284%,1.5608%,47.7337%,0.002355,CMI,41080.0,2019-02-14,252.0,-0.8644%,-0.0001,1.1114,0.0749,0.6496,1.1284%,1.5618%,47.7942%,-0.003049,CMI,41080.0,2019-02-15,252.0,2.6950%,0.0,1.1337,0.0962,0.6875,1.1246%,1.5710%,48.7550%,0.010985,CMI,41080.0,2019-02-19,252.0,-1.1642%,0.0,1.1352,0.0795,0.6685,1.1251%,1.5722%,48.7933%,-0.016238,CMI,41080.0,2019-02-20,252.0,1.1259%,0.0,1.1365,0.0815,0.6728,1.1255%,1.5737%,48.8501%,0.00515,CMI,41080.0,2019-02-21,252.0,-0.1158%,-0.0,1.1413,0.0924,0.6816,1.1211%,1.5730%,49.2004%,0.004551,CMI,41080.0,2019-02-22,252.0,0.8892%,0.0,1.1397,0.0957,0.6653,1.1232%,1.5739%,49.0710%,0.010885,CMI,0.003669,-0.0007359999999999,0.00978,0.009086,0.024419
35995,CENTENE CORP DEL,"Centene Reports 2-For-1 Stock Split Effective As Of Feb. 7, 2019",6,uncertain,0.6,0.2,"a stock split typically does not directly affect the overall market capitalization of a company, so the impact on centene's stock price is uncertain and may depend on investor sentiment and market conditions.",1,2019-02-07,CNC,2019-02-07 11:13:00+00:00,89269.0,15135B10,0.0131578631699085,2904665.0,-0.0158034469932317,-0.0102769089862704,-0.0151033503934741,-0.0192352086305618,0.0177562292665243,-0.0137349944561719,0.010150664485991,0.0092669939622282,0.0042392914183437,0.0039213420823216,0.0157911535352468,0.0169676914811134,-0.008619325235486,-0.0082972031086683,0.013507142663002,-0.0003100254689343,-0.0271139778196811,0.0179120693355798,0.007872836664319,0.0094790700823068,0.0001561397657496,-7.966655539348722e-05,-0.0035925607662647,-0.0084504792466759,-0.029785256832838,0.0107767712324857,-0.0161576997488737,-0.0094101093709468,0.0073903887532651,0.0107096889987587,-0.0453211404383182,0.0264151040464639,-0.0081967134028673,0.0160026513040065,-0.0206611696630716,0.0131734944880008,-0.0079114055261015,0.0016069932607933,0.0023037581704556,0.0185217224061489,0.0157354902476072,0.0137991430237889,0.0144473109394311,0.0085440082475543,0.0291695408523082,0.0328420735895633,-0.0100033087655901,-0.0272566527128219,-0.0038733503315597,-0.019947987049818,0.0035502803511917,0.0221631191670894,0.0102762905880808,-0.0084388107061386,-0.0215107705444097,-0.0140405194833874,0.0039195558056235,0.0576588250696659,-0.0300458408892154,-0.0303973481059074,-0.0015750814927741,-0.0271508805453777,-0.0385626778006553,-0.027497449889779,-0.049772098660469,-0.009742678143084,0.0134305600076913,-0.0109537299722433,0.0053009991534054,-0.0479102991521358,0.0199623610824346,-0.0401896312832832,-0.008678013458848,-0.0105741173028945,-0.0059601361863315,0.0109914280474185,0.0035600983537733,0.0027932589873671,0.0425690561532974,-0.0057048080489039,0.0143266338855028,-0.0163910314440727,0.0218926854431629,-0.0474046319723129,-0.0101935062557458,-0.0316693410277366,-0.0377029106020927,0.0321968495845794,-0.0400871187448501,0.0021840042900294,0.0056689921766519,0.0076672001741826,-0.0591883026063442,0.0350503660738468,-0.0611144676804542,-0.0170458704233169,0.0253138151019811,0.016594422981143,-0.0024896042887121,0.0199206452816724,0.0463810190558433,0.0246316082775592,-0.0021864562295377,-0.0079926000908017,0.0005975852254778,-0.0340441539883613,0.0477802418172359,0.000956832896918,-0.0070302630774676,-0.0023497121874243,-0.0133945075795054,-0.005476851016283,-0.0354926660656929,-0.004651834256947,0.0380052179098129,-0.0332372710108757,0.018791189417243,-0.0093282032757997,0.0656018406152725,0.0048264348879456,-0.0158034469932317,-0.0102769089862704,-0.0306681123893424,-0.029314439128404,-0.0134564331575748,-0.0426467999256615,0.0007823378396554,-0.0299861149006951,0.0015647366411186,0.0049386844220906,-0.1059302222588894,0.1213225617192752,-0.1231419042529222,-0.1175154069010206,2019-02-08,2019-02-11,2019-02-12,2019-02-13,2019-02-14,2019-02-15,2019-02-19,2019-02-20,2019-02-21,2019-02-22,89269.0,2019-02-07,252.0,1.3158%,0.0007,0.9475,0.2362,-0.2602,1.3266%,1.7383%,41.7535%,0.023381,CNC,89269.0,2019-02-08,252.0,-1.5803%,0.0006,0.9511,0.2325,-0.2475,1.3310%,1.7411%,41.5599%,-0.018669,CNC,89269.0,2019-02-11,252.0,-1.5103%,0.0006,0.9414,0.2172,-0.2609,1.3355%,1.7262%,40.1441%,-0.0175,CNC,89269.0,2019-02-12,252.0,1.7756%,0.0006,0.9427,0.2183,-0.2604,1.3357%,1.7278%,40.2360%,0.0043669999999999,CNC,89269.0,2019-02-13,252.0,1.0151%,0.0006,0.9433,0.22,-0.2584,1.3364%,1.7267%,40.1034%,0.007462,CNC,89269.0,2019-02-14,252.0,0.4239%,0.0006,0.943,0.2218,-0.2609,1.3361%,1.7268%,40.1349%,0.003477,CNC,89269.0,2019-02-15,252.0,1.5791%,0.0007,0.9654,0.2425,-0.2238,1.3284%,1.7283%,40.9184%,0.005733,CNC,89269.0,2019-02-19,252.0,-0.8619%,0.0008,0.9746,0.2193,-0.2508,1.3097%,1.7226%,42.1873%,-0.010585,CNC,89269.0,2019-02-20,252.0,1.3507%,0.0009,0.9776,0.2245,-0.2407,1.3116%,1.7242%,42.1282%,0.012452,CNC,89269.0,2019-02-21,252.0,-2.7114%,0.0007,0.9854,0.235,-0.2261,1.3204%,1.7334%,41.9741%,-0.023993,CNC,89269.0,2019-02-22,252.0,0.7873%,0.0007,0.9861,0.232,-0.2209,1.3206%,1.7339%,41.9893%,-0.0032479999999999,CNC,0.0047119999999999,-0.012788,-0.008421,0.0025179999999999,-0.017123
36003,C N H INDUSTRIAL N V,"CNH Industrial N.V. Earlier Reported Q4 EPS $0.21 Beats $0.15 Estimate, Sales $8.202B Beat $8.16B Estimate",6,increase,0.8,0.6,"the company reported better-than-expected earnings and sales, which typically boosts investor confidence and can lead to an increase in stock price.",2,2019-02-07,CNHI,2019-02-07 14:22:00+00:00,14144.0,N2094410,0.0208126883953809,2654805.0,0.0019416994182392,0.0110221058130264,0.0029070433229207,-0.0099206725135445,0.0173912402242422,0.0110330646857619,0.0094967130571603,0.006054532714188,-0.0075258631259202,-0.0293829757720232,0.0104265073314309,0.0189620330929756,-0.0093808090314269,0.0100806839764118,0.00662875873968,-0.0293542258441448,0.0037629315629601,0.0271357242017984,0.0178068950772285,-0.0030059854034334,0.0018416628008708,-0.0059761372394859,-0.0036764671094715,-0.0242954324930906,-0.0036900332197546,0.019821586087346,0.007407400291413,0.019191974774003,0.0119485398754477,0.0174717456102371,-0.0009082859614863,0.0051652104593813,-0.0099999690428376,-0.0041152224875986,-0.0073461821302771,-0.009174327366054,-0.0305273700505495,0.0176348611712455,-0.0152671616524457,0.0158061720430851,0.0164728760719299,0.0,0.0066730841062963,0.0074309655465185,0.0056817675940692,0.0728929787874221,-0.0112994248047471,-0.0287610869854688,0.0095238462090492,-0.0184582062065601,0.0113207437098026,0.0176795404404401,0.0158582162111997,0.0,0.0045912978239357,0.017997732385993,-0.0036563037429004,0.0471143200993537,-0.0422018393874168,-0.0308219697326421,-0.0047891992144286,-0.0384192578494548,-0.0125120412558317,-0.0010965163819491,-0.0077972635626792,-0.0193548705428838,0.0,0.0064935521222651,0.0019645877182483,-0.0053821518085896,0.0284313689917326,-0.0272251535207033,0.008579614572227,-0.0062434407882392,0.0236294902861118,0.0212539657950401,0.0064634992741048,-0.0042328000999987,0.0091743469238281,-0.0083945356309413,-0.0018182233907282,-0.0265577360987663,-0.0182149205356836,0.0020470321178436,-0.0046382369473576,-0.0650717094540596,0.0195713005959987,0.0773195922374725,0.0082267057150602,0.0041407826356589,0.0090662175789475,-0.0051493500359356,0.0170709416270256,0.0188877563923597,-0.0026501531247049,-0.0062565607950091,-0.0053144749253988,0.0084121897816658,-0.0017808998236432,-0.0010504442034289,-0.0050474777817726,0.0138445273041725,-0.0173515602946281,-0.0269429311156272,-0.007434937171638,-0.0193089973181486,0.0131085570901632,-0.0060605523176491,0.008317943662405,0.0102040227502584,-0.0009166112868115,-0.0030518549028784,-0.0100917117670178,0.0154958274215459,-0.0074142655357718,-0.0348952561616897,0.0093371039256453,-0.0166666749864816,-0.0314523726701736,-0.030418312177062,0.0019416994182392,0.0110221058130264,0.0048543873454889,0.0009920865973012,0.0223300513861981,0.012036097038665,0.024271843584795,-0.0117531708355536,0.0543688781025897,0.0110221060323048,0.013592173021202,0.1518264684062582,0.0353884571790228,-0.040874548827989,2019-02-08,2019-02-11,2019-02-12,2019-02-13,2019-02-14,2019-02-15,2019-02-19,2019-02-20,2019-02-21,2019-02-22,14144.0,2019-02-07,252.0,2.0813%,-0.001,1.2619,0.1504,0.5165,1.5621%,2.0184%,40.1000%,0.030753,CNHI,14144.0,2019-02-08,252.0,0.1942%,-0.001,1.2607,0.159,0.5171,1.5610%,2.0167%,40.0847%,0.004195,CNHI,14144.0,2019-02-11,252.0,0.2907%,-0.0009,1.2467,0.172,0.5168,1.5595%,1.9889%,38.5203%,-0.001197,CNHI,14144.0,2019-02-12,252.0,1.7391%,-0.0009,1.2488,0.1709,0.5181,1.5595%,1.9900%,38.5829%,0.0011799999999999,CNHI,14144.0,2019-02-13,252.0,0.9497%,-0.0009,1.251,0.1697,0.5194,1.5599%,1.9896%,38.5286%,0.005435,CNHI,14144.0,2019-02-14,252.0,-0.7526%,-0.0009,1.2511,0.1684,0.5215,1.5595%,1.9893%,38.5421%,-0.002869,CNHI,14144.0,2019-02-15,252.0,1.0427%,-0.0009,1.2564,0.1725,0.5292,1.5584%,1.9893%,38.6335%,-0.006735,CNHI,14144.0,2019-02-19,252.0,-0.9381%,-0.0009,1.255,0.1625,0.5182,1.5603%,1.9895%,38.4942%,-0.013956,CNHI,14144.0,2019-02-20,252.0,0.6629%,-0.001,1.254,0.1532,0.5127,1.5570%,1.9869%,38.5893%,0.000937,CNHI,14144.0,2019-02-21,252.0,0.3763%,-0.001,1.2541,0.1557,0.5128,1.5578%,1.9870%,38.5351%,0.009589,CNHI,14144.0,2019-02-22,252.0,1.7807%,-0.0009,1.2514,0.1657,0.4893,1.5612%,1.9899%,38.4457%,0.016236,CNHI,0.034948,0.033751,0.034931,0.037497,0.043568
36011,C N X RESOURCES CORP,"CNX Resources Reports Proved Reserves As Of Dec. 31, 2018 Were 7.9 Tcfe, Up 4% Year Over Year",6,increase,0.8,0.6,"the report of a 4% increase in proved reserves typically signals positive growth and potential for future revenue, which can boost investor confidence and lead to an increase in stock price.",2,2019-02-07,CNX,2019-02-07 11:47:00+00:00,86799.0,12653C10,-0.0567643754184246,5067675.0,-0.0190572254359722,-0.0121495435014367,0.0081799514591693,-0.0009337281808257,0.0101420264691114,-0.0403225645422935,0.0090361600741744,-0.0807249173521995,-0.0119402864947915,-0.1027346178889275,0.0292044263333082,0.0242240503430366,0.0097846798598766,0.00075759307947,0.0164728760719299,0.0007581674726679,-0.0028598411008715,0.0232737958431243,0.0,0.010980418883264,0.0162523966282606,-0.0199846439063549,-0.0122295496985316,-0.0319940000772476,-0.0104761580005288,0.0120481811463832,0.0202117450535297,0.011424190364778,0.0424528121948242,0.0162538737058639,-0.0045249038375914,0.0046656625345349,0.0200000237673521,0.0222575310617685,-0.0383244454860687,0.0039904383011162,-0.0315106734633445,-0.0094861574470996,-0.0325358994305133,0.0119999693706631,0.0356083698570728,0.0088780997321009,0.0200573094189167,0.0256622862070798,0.0205991864204406,0.0522648431360721,-0.0247705969959497,-0.0145922815427184,0.0094072837382555,0.0201400648802518,0.0074558136984705,-0.0205831713974475,-0.0185014568269252,-0.035566609352827,0.0292177591472864,0.0075000128708779,0.0009157718741334,0.098901093006134,-0.0558097511529922,-0.0658682212233543,-0.0106588816270232,0.0068906052038073,0.0137120801955461,-0.0127551509067416,0.0096617797389626,-0.0059171342290937,0.0172249097377061,-0.0100418319925665,0.0131703047081828,-0.031604565680027,-0.0009285263367928,-0.0329153649508953,-0.0204461216926574,-0.015432083979249,-0.0189753137528896,0.0007722184527665,0.0319148860871791,0.0023219606373459,0.0178068950772285,-0.0336574278771877,-0.0092080505564808,-0.0118255615234375,-0.0111524052917957,-0.0073367850854992,-0.0028196133207529,-0.0360679067671299,-0.0094250170513987,0.0216763149946928,0.0076117906719446,0.0043541667982935,0.014164269901812,0.0065741529688239,0.0139665342867374,0.0186011902987957,-0.0192837491631507,-0.0204082131385803,-0.0393258482217788,0.0155440438538789,0.0009746811701916,-0.0245487466454505,0.0233690124005079,0.0072727547958493,-0.0047573917545378,-0.0364401154220104,-0.0095602655783295,-0.0090277194976806,0.0125482743605971,-0.0041494066826999,-0.0019065304659307,-0.0089102201163768,-0.1442216038703918,-0.0457815453410148,-0.0401785336434841,0.0026229482609778,0.0058138645254075,-0.0199229065328836,0.0127168344333767,0.0103896623477339,0.0262556541711092,-0.0283912140876054,-0.0190572254359722,-0.0121495435014367,-0.0110331611558155,-0.0130719273111109,-0.0010030332991843,-0.05286739822071,-0.004012032902779,-0.2187731038252448,0.0491474176685522,-0.1709804155123822,0.0351052606662445,-0.0958083724246393,-0.0982949301520832,-0.3331230614212451,2019-02-08,2019-02-11,2019-02-12,2019-02-13,2019-02-14,2019-02-15,2019-02-19,2019-02-20,2019-02-21,2019-02-22,86799.0,2019-02-07,252.0,-5.6764%,-0.0005,1.413,0.4117,0.8279,2.2165%,2.6267%,28.7906%,-0.046615,CNX,86799.0,2019-02-08,252.0,-1.9057%,-0.0003,1.4134,0.4827,0.8765,2.1684%,2.5861%,29.6943%,-0.014922,CNX,86799.0,2019-02-11,252.0,0.8180%,-0.0004,1.4572,0.4427,0.8778,2.1579%,2.5858%,30.3574%,0.000899,CNX,86799.0,2019-02-12,252.0,1.0142%,-0.0007,1.4194,0.4852,0.8509,2.1276%,2.5421%,29.9501%,-0.008373,CNX,86799.0,2019-02-13,252.0,0.9036%,-0.0007,1.4101,0.5029,0.8552,2.1233%,2.5324%,29.6973%,0.004075,CNX,86799.0,2019-02-14,252.0,-1.1940%,-0.0009,1.41,0.4988,0.862,2.1192%,2.5286%,29.7622%,-0.006734,CNX,86799.0,2019-02-15,252.0,2.9204%,-0.0011,1.3613,0.456,0.7841,2.0785%,2.4677%,29.0565%,0.0077859999999999,CNX,86799.0,2019-02-19,252.0,0.9785%,-0.0011,1.3604,0.4614,0.7903,2.0784%,2.4664%,28.9884%,0.003423,CNX,86799.0,2019-02-20,252.0,1.6473%,-0.001,1.3634,0.4701,0.8016,2.0791%,2.4689%,29.0847%,0.008427,CNX,86799.0,2019-02-21,252.0,-0.2860%,-0.001,1.3596,0.4634,0.7945,2.0788%,2.4659%,28.9304%,0.004258,CNX,86799.0,2019-02-22,252.0,0.0000%,-0.0009,1.3587,0.4816,0.8009,2.0771%,2.4644%,28.9609%,0.000193,CNX,-0.061537,-0.060638,-0.069011,-0.07167,-0.047583
36019,COLUMBIA SPORTSWEAR CO,Columbia Sportswear Adds $200M To Buyback,6,increase,0.75,0.6,the announcement of a $200 million buyback typically signals confidence in the company's financial health and can lead to an increase in stock price due to reduced share supply and positive investor sentiment.,2,2019-02-07,COLM,2019-02-07 21:38:00+00:00,85863.0,19851610,-0.0098533341661095,567495.0,0.1558680832386017,0.001179504673928,0.0010293899103999,0.0231486614793539,-0.0170141123235225,0.0148074133321642,-0.007608207874,0.0070635410957038,-0.003737416351214,0.0051842564716935,0.0066371918655931,0.0096723502501845,-0.0015289408620446,0.0038838968612253,-0.0075605409219861,-0.0012549983803182,0.0107039595022797,0.0142328552901744,0.0041980962269008,0.0085190301761031,0.0003800562117248,0.0011684321798384,-0.0005698315217159,-0.0058078756555914,-0.0024707985576242,0.0268368329852819,-0.0192436333745718,0.0135395927354693,0.0210782494395971,-0.000120900949696,-0.0132229775190353,0.0013314040843397,-0.0031813536770641,0.0008479672251269,-0.0129593983292579,0.0087987435981631,-0.0050088600255548,-0.0259492956101894,-0.0034547278191894,-0.0045028706081211,0.0180269386619329,0.0059601860120892,0.0020431901793926,0.0109664499759674,0.0047577968798577,0.017784921452403,0.0024159257300198,-0.0267398580908775,0.0001927758858073,-0.0038054431788623,0.012144599109888,-0.004027051385492,0.0026664009783416,-0.0027167887892574,-0.0199448987841606,0.0076173176057636,0.0174435060471296,0.0463261939585208,-0.0372416041791439,-0.0191767383366823,0.0179065838456153,-0.021513033658266,0.0,-0.0029790278058499,0.0022354295942932,-0.0094429068267345,0.0162917021661996,0.0163147859275341,-0.0059160566888749,-0.0124393198639154,0.0056632398627698,-0.0015377011150121,-0.0068721352145075,-0.0364713594317436,-0.0027871301863342,0.0014838174683973,0.0138781303539872,-0.0044318111613392,-0.010646341368556,-0.0041869720444083,-0.0084550809115171,-0.0392476692795753,-0.0125968549400568,-0.0032509258016943,0.0061825048178434,-0.028017733246088,0.0006827240576967,0.0395269952714443,0.0133528532460331,0.0135390209034085,-0.0061556156724691,0.0027821054682135,0.0088066970929503,0.0206724181771278,-0.0118956053629517,-0.0361286997795105,0.0017475758213549,0.0168094672262668,-0.0124054932966828,-0.0008897989755496,0.0144259193912148,0.0217045862227678,0.0161555390805006,-0.0071081719361245,-0.0056169456802308,-0.0209875348955392,-0.0306366402655839,-0.0140492366626858,-0.0268642101436853,-0.0026069723535329,0.0146148633211851,0.0113959610462188,-0.0144043453037738,-0.0041466308757662,0.0070029683411121,-0.015153182670474,0.0078613059595227,-0.0068310317583382,-0.0084999846294522,0.008503776974976,0.1558680832386016,0.001179504673928,0.1570579221812407,0.024355470107692,0.1373716087284273,0.03952352495264,0.1244997590591383,0.0522934651816522,0.1384532578174235,0.0896253938948956,0.0959249463260636,0.1404665880215636,0.0749995862667589,0.0076793962461754,2019-02-08,2019-02-11,2019-02-12,2019-02-13,2019-02-14,2019-02-15,2019-02-19,2019-02-20,2019-02-21,2019-02-22,85863.0,2019-02-07,252.0,-0.9853%,0.0008,0.7574,0.7863,-0.0354,1.2458%,1.5629%,36.4569%,-0.001758,COLM,85863.0,2019-02-08,252.0,15.5868%,0.0013,0.7313,0.7342,-0.1789,1.5720%,1.8386%,26.8981%,0.154449,COLM,85863.0,2019-02-11,252.0,0.1029%,0.0013,0.7217,0.7354,-0.1833,1.5718%,1.8297%,26.1990%,-0.004528,COLM,85863.0,2019-02-12,252.0,-1.7014%,0.0011,0.6831,0.7638,-0.2081,1.5615%,1.8115%,25.6988%,-0.027388,COLM,85863.0,2019-02-13,252.0,-0.7608%,0.0012,0.7053,0.7218,-0.2182,1.5280%,1.7892%,27.0666%,-0.0099329999999999,COLM,85863.0,2019-02-14,252.0,-0.3737%,0.0011,0.7064,0.7166,-0.211,1.5263%,1.7863%,26.9849%,-0.007375,COLM,85863.0,2019-02-15,252.0,0.6637%,0.0011,0.6972,0.7079,-0.2264,1.5255%,1.7822%,26.7321%,-0.002224,COLM,85863.0,2019-02-19,252.0,-0.1529%,0.0011,0.6995,0.6999,-0.2357,1.5244%,1.7823%,26.8440%,-0.004327,COLM,85863.0,2019-02-20,252.0,-0.7561%,0.0011,0.6988,0.7085,-0.2355,1.5188%,1.7783%,27.0497%,-0.009233,COLM,85863.0,2019-02-21,252.0,1.0704%,0.0012,0.6934,0.7002,-0.2455,1.5200%,1.7770%,26.8371%,0.013144,COLM,85863.0,2019-02-22,252.0,0.4198%,0.0012,0.695,0.6904,-0.2351,1.5206%,1.7765%,26.7333%,-0.007868,COLM,0.152691,0.148163,0.120775,0.1034669999999999,0.0929589999999999
36027,COLUMBIA SPORTSWEAR CO,"Columbia Sportswear Sees FY19 EPS $4.30-$4.45 vs $4.08 Estimate, Sales $2.97B-$3.03B vs $2.93B Est.",6,increase,0.8,0.7,"the company's earnings per share and sales projections are both above analyst estimates, which typically signals positive performance and can lead to an increase in stock price.",2,2019-02-07,COLM,2019-02-07 21:08:00+00:00,85863.0,19851610,-0.0098533341661095,567495.0,0.1558680832386017,0.001179504673928,0.0010293899103999,0.0231486614793539,-0.0170141123235225,0.0148074133321642,-0.007608207874,0.0070635410957038,-0.003737416351214,0.0051842564716935,0.0066371918655931,0.0096723502501845,-0.0015289408620446,0.0038838968612253,-0.0075605409219861,-0.0012549983803182,0.0107039595022797,0.0142328552901744,0.0041980962269008,0.0085190301761031,0.0003800562117248,0.0011684321798384,-0.0005698315217159,-0.0058078756555914,-0.0024707985576242,0.0268368329852819,-0.0192436333745718,0.0135395927354693,0.0210782494395971,-0.000120900949696,-0.0132229775190353,0.0013314040843397,-0.0031813536770641,0.0008479672251269,-0.0129593983292579,0.0087987435981631,-0.0050088600255548,-0.0259492956101894,-0.0034547278191894,-0.0045028706081211,0.0180269386619329,0.0059601860120892,0.0020431901793926,0.0109664499759674,0.0047577968798577,0.017784921452403,0.0024159257300198,-0.0267398580908775,0.0001927758858073,-0.0038054431788623,0.012144599109888,-0.004027051385492,0.0026664009783416,-0.0027167887892574,-0.0199448987841606,0.0076173176057636,0.0174435060471296,0.0463261939585208,-0.0372416041791439,-0.0191767383366823,0.0179065838456153,-0.021513033658266,0.0,-0.0029790278058499,0.0022354295942932,-0.0094429068267345,0.0162917021661996,0.0163147859275341,-0.0059160566888749,-0.0124393198639154,0.0056632398627698,-0.0015377011150121,-0.0068721352145075,-0.0364713594317436,-0.0027871301863342,0.0014838174683973,0.0138781303539872,-0.0044318111613392,-0.010646341368556,-0.0041869720444083,-0.0084550809115171,-0.0392476692795753,-0.0125968549400568,-0.0032509258016943,0.0061825048178434,-0.028017733246088,0.0006827240576967,0.0395269952714443,0.0133528532460331,0.0135390209034085,-0.0061556156724691,0.0027821054682135,0.0088066970929503,0.0206724181771278,-0.0118956053629517,-0.0361286997795105,0.0017475758213549,0.0168094672262668,-0.0124054932966828,-0.0008897989755496,0.0144259193912148,0.0217045862227678,0.0161555390805006,-0.0071081719361245,-0.0056169456802308,-0.0209875348955392,-0.0306366402655839,-0.0140492366626858,-0.0268642101436853,-0.0026069723535329,0.0146148633211851,0.0113959610462188,-0.0144043453037738,-0.0041466308757662,0.0070029683411121,-0.015153182670474,0.0078613059595227,-0.0068310317583382,-0.0084999846294522,0.008503776974976,0.1558680832386016,0.001179504673928,0.1570579221812407,0.024355470107692,0.1373716087284273,0.03952352495264,0.1244997590591383,0.0522934651816522,0.1384532578174235,0.0896253938948956,0.0959249463260636,0.1404665880215636,0.0749995862667589,0.0076793962461754,2019-02-08,2019-02-11,2019-02-12,2019-02-13,2019-02-14,2019-02-15,2019-02-19,2019-02-20,2019-02-21,2019-02-22,85863.0,2019-02-07,252.0,-0.9853%,0.0008,0.7574,0.7863,-0.0354,1.2458%,1.5629%,36.4569%,-0.001758,COLM,85863.0,2019-02-08,252.0,15.5868%,0.0013,0.7313,0.7342,-0.1789,1.5720%,1.8386%,26.8981%,0.154449,COLM,85863.0,2019-02-11,252.0,0.1029%,0.0013,0.7217,0.7354,-0.1833,1.5718%,1.8297%,26.1990%,-0.004528,COLM,85863.0,2019-02-12,252.0,-1.7014%,0.0011,0.6831,0.7638,-0.2081,1.5615%,1.8115%,25.6988%,-0.027388,COLM,85863.0,2019-02-13,252.0,-0.7608%,0.0012,0.7053,0.7218,-0.2182,1.5280%,1.7892%,27.0666%,-0.0099329999999999,COLM,85863.0,2019-02-14,252.0,-0.3737%,0.0011,0.7064,0.7166,-0.211,1.5263%,1.7863%,26.9849%,-0.007375,COLM,85863.0,2019-02-15,252.0,0.6637%,0.0011,0.6972,0.7079,-0.2264,1.5255%,1.7822%,26.7321%,-0.002224,COLM,85863.0,2019-02-19,252.0,-0.1529%,0.0011,0.6995,0.6999,-0.2357,1.5244%,1.7823%,26.8440%,-0.004327,COLM,85863.0,2019-02-20,252.0,-0.7561%,0.0011,0.6988,0.7085,-0.2355,1.5188%,1.7783%,27.0497%,-0.009233,COLM,85863.0,2019-02-21,252.0,1.0704%,0.0012,0.6934,0.7002,-0.2455,1.5200%,1.7770%,26.8371%,0.013144,COLM,85863.0,2019-02-22,252.0,0.4198%,0.0012,0.695,0.6904,-0.2351,1.5206%,1.7765%,26.7333%,-0.007868,COLM,0.152691,0.148163,0.120775,0.1034669999999999,0.0929589999999999
36035,COLUMBIA SPORTSWEAR CO,"Columbia Sportswear Q4 EPS $1.63 Beats $1.28 Estimate, Sales $917.6M Beat $841.93M Estimate",6,increase,0.85,0.7,"the company's earnings per share and sales significantly exceeded estimates, which typically indicates strong financial performance and can lead to a positive reaction in the stock price.",2,2019-02-07,COLM,2019-02-07 21:07:00+00:00,85863.0,19851610,-0.0098533341661095,567495.0,0.1558680832386017,0.001179504673928,0.0010293899103999,0.0231486614793539,-0.0170141123235225,0.0148074133321642,-0.007608207874,0.0070635410957038,-0.003737416351214,0.0051842564716935,0.0066371918655931,0.0096723502501845,-0.0015289408620446,0.0038838968612253,-0.0075605409219861,-0.0012549983803182,0.0107039595022797,0.0142328552901744,0.0041980962269008,0.0085190301761031,0.0003800562117248,0.0011684321798384,-0.0005698315217159,-0.0058078756555914,-0.0024707985576242,0.0268368329852819,-0.0192436333745718,0.0135395927354693,0.0210782494395971,-0.000120900949696,-0.0132229775190353,0.0013314040843397,-0.0031813536770641,0.0008479672251269,-0.0129593983292579,0.0087987435981631,-0.0050088600255548,-0.0259492956101894,-0.0034547278191894,-0.0045028706081211,0.0180269386619329,0.0059601860120892,0.0020431901793926,0.0109664499759674,0.0047577968798577,0.017784921452403,0.0024159257300198,-0.0267398580908775,0.0001927758858073,-0.0038054431788623,0.012144599109888,-0.004027051385492,0.0026664009783416,-0.0027167887892574,-0.0199448987841606,0.0076173176057636,0.0174435060471296,0.0463261939585208,-0.0372416041791439,-0.0191767383366823,0.0179065838456153,-0.021513033658266,0.0,-0.0029790278058499,0.0022354295942932,-0.0094429068267345,0.0162917021661996,0.0163147859275341,-0.0059160566888749,-0.0124393198639154,0.0056632398627698,-0.0015377011150121,-0.0068721352145075,-0.0364713594317436,-0.0027871301863342,0.0014838174683973,0.0138781303539872,-0.0044318111613392,-0.010646341368556,-0.0041869720444083,-0.0084550809115171,-0.0392476692795753,-0.0125968549400568,-0.0032509258016943,0.0061825048178434,-0.028017733246088,0.0006827240576967,0.0395269952714443,0.0133528532460331,0.0135390209034085,-0.0061556156724691,0.0027821054682135,0.0088066970929503,0.0206724181771278,-0.0118956053629517,-0.0361286997795105,0.0017475758213549,0.0168094672262668,-0.0124054932966828,-0.0008897989755496,0.0144259193912148,0.0217045862227678,0.0161555390805006,-0.0071081719361245,-0.0056169456802308,-0.0209875348955392,-0.0306366402655839,-0.0140492366626858,-0.0268642101436853,-0.0026069723535329,0.0146148633211851,0.0113959610462188,-0.0144043453037738,-0.0041466308757662,0.0070029683411121,-0.015153182670474,0.0078613059595227,-0.0068310317583382,-0.0084999846294522,0.008503776974976,0.1558680832386016,0.001179504673928,0.1570579221812407,0.024355470107692,0.1373716087284273,0.03952352495264,0.1244997590591383,0.0522934651816522,0.1384532578174235,0.0896253938948956,0.0959249463260636,0.1404665880215636,0.0749995862667589,0.0076793962461754,2019-02-08,2019-02-11,2019-02-12,2019-02-13,2019-02-14,2019-02-15,2019-02-19,2019-02-20,2019-02-21,2019-02-22,85863.0,2019-02-07,252.0,-0.9853%,0.0008,0.7574,0.7863,-0.0354,1.2458%,1.5629%,36.4569%,-0.001758,COLM,85863.0,2019-02-08,252.0,15.5868%,0.0013,0.7313,0.7342,-0.1789,1.5720%,1.8386%,26.8981%,0.154449,COLM,85863.0,2019-02-11,252.0,0.1029%,0.0013,0.7217,0.7354,-0.1833,1.5718%,1.8297%,26.1990%,-0.004528,COLM,85863.0,2019-02-12,252.0,-1.7014%,0.0011,0.6831,0.7638,-0.2081,1.5615%,1.8115%,25.6988%,-0.027388,COLM,85863.0,2019-02-13,252.0,-0.7608%,0.0012,0.7053,0.7218,-0.2182,1.5280%,1.7892%,27.0666%,-0.0099329999999999,COLM,85863.0,2019-02-14,252.0,-0.3737%,0.0011,0.7064,0.7166,-0.211,1.5263%,1.7863%,26.9849%,-0.007375,COLM,85863.0,2019-02-15,252.0,0.6637%,0.0011,0.6972,0.7079,-0.2264,1.5255%,1.7822%,26.7321%,-0.002224,COLM,85863.0,2019-02-19,252.0,-0.1529%,0.0011,0.6995,0.6999,-0.2357,1.5244%,1.7823%,26.8440%,-0.004327,COLM,85863.0,2019-02-20,252.0,-0.7561%,0.0011,0.6988,0.7085,-0.2355,1.5188%,1.7783%,27.0497%,-0.009233,COLM,85863.0,2019-02-21,252.0,1.0704%,0.0012,0.6934,0.7002,-0.2455,1.5200%,1.7770%,26.8371%,0.013144,COLM,85863.0,2019-02-22,252.0,0.4198%,0.0012,0.695,0.6904,-0.2351,1.5206%,1.7765%,26.7333%,-0.007868,COLM,0.152691,0.148163,0.120775,0.1034669999999999,0.0929589999999999
36043,CORCEPT THERAPEUTICS INC,Corcept's Korlym Patent Added To The FDA Orange Book,6,increase,0.7,0.6,"the addition of corcept's korlym patent to the fda orange book typically indicates a strengthened market position and potential for future revenue, which could positively influence investor sentiment and stock price.",2,2019-02-07,CORT,2019-02-07 20:36:00+00:00,90125.0,21835210,-0.0474547185003757,2385531.0,0.0280797481536865,0.0526793748140335,0.0026431481819599,0.0794118046760559,0.0219683647155761,0.0169491600245237,-0.0094582680612802,-0.1028623059391975,-0.0121528068557381,-0.0444444045424461,0.036906860768795,0.0025706712622195,-0.0279660951346159,-0.0315352790057659,-0.013077643699944,-0.0195280537009239,-0.0203179810196161,-0.1100651994347572,0.0279530622065067,-0.0774882957339286,0.0078947506844997,0.0197547655552625,0.0443864427506923,-0.0174028966575861,0.0508333034813404,0.0020120544359087,-0.0111022517085075,-0.0349514558911323,0.0272654481232166,-0.0165499821305275,-0.005464531481266,0.0369637235999107,-0.0298273246735334,0.0852435231208801,-0.0291261859238147,0.0050395745784044,0.0191666278988122,0.002888083923608,-0.0114472117274999,0.0028964490629732,0.0239867623895406,-0.0079022739082574,0.0105008166283369,0.0072359177283942,0.0039968178607523,0.0290394183248281,-0.0302547849714756,-0.0282199271023273,-0.000821036810521,0.0344311408698558,0.0115037253126502,0.0261136088520288,-0.0081235077232122,0.0132295778021216,-0.0229320004582405,-0.0100153442472219,-0.0083822617307305,0.0639344081282615,-0.0557903498411178,0.0166666507720947,-0.0143240690231323,-0.0790483281016349,0.0236149150878191,-0.0243354421108961,0.0,-0.0877732783555984,0.0159715469926595,-0.049967523664236,0.0253275074064731,-0.0434513166546821,-0.0383304767310619,-0.0628272220492363,0.0106288651004433,0.0082112196832895,0.0420684069395065,-0.0069889831356704,-0.0117746293544769,0.3228043615818024,0.0204255115240812,-0.0046012592501938,0.0108423782512545,0.0,-0.0090758791193366,-0.0297618769109249,0.0191506687551736,-0.0323974639177322,-0.0040849829092621,-0.0028714975342154,-0.0221492629498243,-0.0141542684286832,-0.0117449956014752,0.013629880733788,0.0,0.022743908688426,0.0127334957942366,0.0202096160501241,0.0025146463885903,0.0511408038437366,0.0259197670966386,-0.0031372518278658,0.0,0.0408163256943225,-0.0008150145295076,0.0132340649142861,-0.0138662373647093,-0.0714285895228385,0.0008271487895399,0.0007686570752412,0.0264462549239397,0.0458199903368949,-0.0032206089235842,-0.0063898460939526,-0.0040387874469161,-0.0118389595299959,-0.0048661367036402,-0.0261337552219629,0.0293398238718509,-0.0276532042771577,0.010292962193489,-0.0339350365102291,0.0280797481536865,0.0526793748140335,0.0307971152709287,0.1362745437132781,0.0534420422469643,0.1555334427864672,0.0307971147252559,-0.009401688508504,0.0326086636689015,-0.2257849112610297,0.0117753699396436,-0.0341666579306849,0.1557971217769369,-0.1631769148703091,2019-02-08,2019-02-11,2019-02-12,2019-02-13,2019-02-14,2019-02-15,2019-02-19,2019-02-20,2019-02-21,2019-02-22,90125.0,2019-02-07,252.0,-4.7455%,-0.0011,1.3059,1.1074,0.2671,3.6790%,3.9651%,13.9079%,-0.035293,CORT,90125.0,2019-02-08,252.0,2.8080%,-0.0009,1.3004,1.1173,0.2504,3.6817%,3.9678%,13.8991%,0.028094,CORT,90125.0,2019-02-11,252.0,0.2643%,-0.0007,1.235,1.1708,0.2451,3.6686%,3.9306%,12.8853%,-0.007228,CORT,90125.0,2019-02-12,252.0,2.1968%,-0.0005,1.2635,1.1389,0.2653,3.6586%,3.9276%,13.2282%,0.005254,CORT,90125.0,2019-02-13,252.0,-0.9458%,-0.0007,1.2471,1.1611,0.266,3.6542%,3.9190%,13.0573%,-0.013965,CORT,90125.0,2019-02-14,252.0,-1.2153%,-0.0007,1.2517,1.1545,0.2708,3.6527%,3.9182%,13.0916%,-0.014129,CORT,90125.0,2019-02-15,252.0,3.6907%,-0.0008,1.2214,1.1294,0.2243,3.6400%,3.8968%,12.7451%,0.018477,CORT,90125.0,2019-02-19,252.0,-2.7966%,-0.0008,1.2274,1.0907,0.1802,3.6368%,3.8962%,12.8719%,-0.034335,CORT,90125.0,2019-02-20,252.0,-1.3078%,-0.001,1.2202,1.0645,0.1519,3.6356%,3.8931%,12.7921%,-0.0189,CORT,90125.0,2019-02-21,252.0,-2.0318%,-0.0009,1.2137,1.0483,0.1401,3.6327%,3.8874%,12.6746%,-0.014809,CORT,90125.0,2019-02-22,252.0,2.7953%,-0.001,1.2126,1.0183,0.0985,3.6309%,3.8876%,12.7707%,0.0162579999999999,CORT,-0.0071989999999999,-0.0144269999999999,-0.0091729999999999,-0.037267,-0.070576
36051,CROWN CRAFTS INC,"Crown Crafts Q3 EPS $0.15 Up From $0.10 YoY, Sales $18.668M Miss $20.54M Estimate",6,decrease,0.7,0.6,"while the eps increased year-over-year, the significant miss in sales estimates is likely to negatively impact investor sentiment and lead to a decrease in stock price.",0,2019-02-07,CRWS,2019-02-07 11:48:00+00:00,59256.0,22830910,-0.059829045087099,125272.0,0.010909080505371,0.017391288653016,0.0107913566753268,-0.0237690787762403,-0.0053380308672785,0.0,0.0071556279435753,0.0076989014632999,0.0124333379790186,-0.0090869544073939,-0.0105263059958815,0.0046668513678014,-0.0207978785037994,0.0001533598988316,-0.0004888644907623,0.0178063251078128,0.0253622941672802,-0.0021453546360135,-0.0194345694035291,-0.015197985805571,-0.0072071999311447,-0.0035313474945724,-0.0090744439512491,0.0046736970543861,-0.0018315437482669,0.0303338821977376,0.0,0.0017606037436053,-0.0073210694827139,0.0179211292415857,-0.0055636437609791,-0.0176056176424026,0.003903328673914,-0.024055041372776,-0.0316608026623725,0.0017212098464369,0.0076481760479509,-0.0247423220425844,0.0070019057020545,0.00489167496562,0.0269648544490337,-0.001952864928171,-0.038532119244337,-0.0083471983671188,0.0114504620432853,0.0187074244022369,-0.0037736571393907,-0.0084316553547978,0.0,0.0981481000781059,0.0051154540851712,-0.0133201442658901,-0.007002661935985,0.0153803434222936,-0.0048169740475714,-0.0018518941942602,-0.0048402897082269,-0.0145985260605812,0.003793824231252,0.0073529342189431,9.685537952464074e-05,-0.0072992630302906,0.0116278966888785,-0.037972018122673,-0.0086206132546067,-0.0262734834104776,-0.0042319181375205,-0.0084746088832616,0.0013389675877988,0.0034013572148978,-0.0019379365257918,0.0352113172411918,0.0038834912702441,-0.0086058722808957,0.0096711246296763,-0.0034305285662412,-0.003831414040178,0.0174519903957843,-0.0096153300255537,-0.010362684726715,-0.0058252834714949,0.0157895013689994,-0.01843748614192,-0.0206186175346374,-0.0468799732625484,-0.0348258763551712,0.0260960329324007,0.043252594769001,-0.0030518549028784,-0.0327006988227367,0.0204081442207098,-0.0024207651149481,-0.0039999959990382,0.0205823741853237,-0.0381526201963424,0.029666718095541,0.0271816104650497,0.0052909580990672,0.0101215234026312,-0.047058779746294,0.0160966608673334,0.0136286076158285,0.0039603919722139,-0.0067681833170354,0.0059171067550778,0.0085323741659522,0.0058823940344154,-0.0167785082012414,0.01364516466856,0.0501092374324798,0.0,-0.0197581890970468,0.0,-0.005154674872756,0.0,-0.0184669755399227,0.0,0.0050000012852251,0.0057692714035511,0.1434109061956406,0.010909080505371,0.017391288653016,0.0218181609594312,-0.0067911650332381,0.016363664075484,-0.0067911650332381,0.0363636014447363,-0.0082392759403355,0.0090909428195409,-0.003271368626311,-0.047476900858552,0.0753676211452325,-0.0344615313202505,0.1496888505296665,2019-02-08,2019-02-11,2019-02-12,2019-02-13,2019-02-14,2019-02-15,2019-02-19,2019-02-20,2019-02-21,2019-02-22,59256.0,2019-02-07,252.0,-5.9829%,-0.0005,0.4268,0.3976,0.5349,1.9965%,2.0473%,4.9060%,-0.0577989999999999,CRWS,59256.0,2019-02-08,252.0,1.0909%,-0.0005,0.4249,0.3758,0.5124,1.9945%,2.0439%,4.7837%,0.0139169999999999,CRWS,59256.0,2019-02-11,252.0,1.0791%,-0.0001,0.3153,0.4894,0.5164,1.9196%,1.9585%,3.9282%,0.006437,CRWS,59256.0,2019-02-12,252.0,-0.5338%,-0.0001,0.3225,0.4738,0.5229,1.9162%,1.9556%,3.9826%,-0.008947,CRWS,59256.0,2019-02-13,252.0,0.7156%,-0.0001,0.317,0.4853,0.5263,1.9146%,1.9540%,3.9898%,0.005502,CRWS,59256.0,2019-02-14,252.0,1.2433%,-0.0002,0.3123,0.4919,0.5216,1.9110%,1.9500%,3.9662%,0.013528,CRWS,59256.0,2019-02-15,252.0,-1.0526%,-0.0001,0.3201,0.497,0.5317,1.9085%,1.9489%,4.1025%,-0.017889,CRWS,59256.0,2019-02-19,252.0,-2.0798%,-0.0002,0.3162,0.4804,0.5134,1.9145%,1.9531%,3.9111%,-0.024542,CRWS,59256.0,2019-02-20,252.0,-0.0489%,-0.0003,0.314,0.4716,0.5046,1.9139%,1.9517%,3.8336%,-0.00507,CRWS,59256.0,2019-02-21,252.0,2.5362%,-0.0001,0.3038,0.4571,0.4857,1.9210%,1.9561%,3.5532%,0.027915,CRWS,59256.0,2019-02-22,252.0,-1.9435%,-0.0002,0.3061,0.4579,0.5134,1.9237%,1.9598%,3.6530%,-0.016883,CRWS,-0.043882,-0.037445,-0.046392,-0.027362,-0.063831
36059,CARLISLE COMPANIES,"Carlisle Companies Q4 EPS $1.49 Beats $1.24 Estimate, Sales $1.1B Beat $1.06B Estimate",6,increase,0.8,0.7,"the company's earnings per share and sales both exceeded analyst estimates, which typically signals strong performance and can lead to a positive reaction in the stock price.",2,2019-02-07,CSL,2019-02-07 21:34:00+00:00,27334.0,14233910,0.0026700163725763,637909.0,0.0590271055698394,0.0141709512099623,-0.0031849574297666,0.0052626971155405,0.0060539916157722,0.0131458016112446,0.0077726729214191,0.0097465459257364,0.0019903620705008,0.0004643671272788,0.0049660527147352,-0.0008350778371095,0.0064240233041346,-0.0053530395962297,0.0005747101386077,0.0010162658290937,0.0023795922752469,0.0050139361992478,0.008104108273983,0.0056022265926003,0.0013804155169054,-0.0052939509041607,0.0016217721858993,-0.0096578644588589,-0.0001618899259483,0.0175011958926916,-0.0034007949288934,0.0133724957704544,0.0083685303106904,0.0084162671118974,-0.0036257912870496,-0.0143288485705852,-8.088416507234797e-05,-0.0016939610941335,-0.0053376760333776,0.0061547346413135,-0.0092690410092473,0.0153831215575337,-0.0031185660045593,0.0138415619730949,0.0017288143280893,0.0153404138982296,-0.0036981997545808,0.0,0.0093211019411683,0.0201938617974519,0.0094801895320415,-0.0191145911812782,0.0030764644034206,0.0044767665676772,0.0091202361509203,0.0143289426341652,-0.0097576677799224,-0.0027171608526259,-0.0156691297888755,0.0212744046002626,0.0120619805529713,0.0442155264317989,-0.0238365083932876,-0.0130283161997795,0.0087208924815058,-0.0072554661892354,-0.0107039557769894,-0.0037712194025516,-0.0053266696631908,-0.0009419567068107,0.0205003507435321,-0.0015673344023525,0.0054116402752697,-0.0089063858613371,0.021774573251605,-0.0174010284245014,-0.0079814828932285,-0.0167100839316844,0.0029769309330731,-0.0023956664372235,-0.0045724958181381,-0.0052626230753958,0.0091063333675265,0.0119574200361967,0.0022360547445714,-0.0161147285252809,-0.009641426615417,-0.0091105047613382,0.0099766505882143,-0.0336078330874443,0.0081255817785859,0.0010424621868878,0.0027656932361423,0.0088918665423989,0.004412904381752,-0.0017180520808324,-0.000627662288025,0.0168882645666599,-0.0040822471491992,-0.0134061239659786,0.0084344921633601,0.0054881540127098,-0.009536474943161,0.0028969009872525,0.0135742528364062,0.0114268790930509,0.0752940401434898,-0.0088093280792236,-0.0044170934706926,-0.017126502469182,0.0178921483457088,0.0046661873348057,-0.0016434135613963,0.0162585917860269,0.0121671697124838,-0.0028948704712092,-0.0089803729206323,0.0234050471335649,-0.0024259460624307,-0.0073522203601896,0.0047207185998559,-0.000195987871848,-0.010393725708127,0.0037382906302809,0.0590271055698394,0.0141709512099623,0.0556541493216304,0.01950822574956,0.0620450706907789,0.0329104786262957,0.0724302841764303,0.0434621126426506,0.0967018561687313,0.0491129990027403,0.0722119636057805,0.1901281248801407,0.2379416711352904,0.1095684211683787,2019-02-08,2019-02-11,2019-02-12,2019-02-13,2019-02-14,2019-02-15,2019-02-19,2019-02-20,2019-02-21,2019-02-22,27334.0,2019-02-07,252.0,0.2670%,0.0002,0.7654,0.451,0.1286,1.2894%,1.5383%,29.7367%,0.009705,CSL,27334.0,2019-02-08,252.0,5.9027%,0.0003,0.7559,0.4184,0.067,1.3348%,1.5770%,28.3558%,0.0588999999999999,CSL,27334.0,2019-02-11,252.0,-0.3185%,0.0002,0.7765,0.3885,0.0616,1.3312%,1.5764%,28.6873%,-0.007259,CSL,27334.0,2019-02-12,252.0,0.6054%,0.0003,0.7915,0.3659,0.0733,1.3181%,1.5709%,29.5962%,-0.004579,CSL,27334.0,2019-02-13,252.0,0.7773%,0.0005,0.8093,0.3378,0.0695,1.2973%,1.5613%,30.9584%,0.005186,CSL,27334.0,2019-02-14,252.0,0.1990%,0.0005,0.8085,0.3385,0.0693,1.2968%,1.5605%,30.9333%,0.002237,CSL,27334.0,2019-02-15,252.0,0.4966%,0.0005,0.8153,0.344,0.0796,1.2948%,1.5607%,31.1706%,-0.005449,CSL,27334.0,2019-02-19,252.0,0.6424%,0.0005,0.8148,0.3474,0.0835,1.2947%,1.5592%,31.0417%,0.003539,CSL,27334.0,2019-02-20,252.0,0.0575%,0.0005,0.8139,0.3451,0.0803,1.2948%,1.5591%,31.0237%,-0.002297,CSL,27334.0,2019-02-21,252.0,0.2380%,0.0005,0.8089,0.336,0.0711,1.2935%,1.5554%,30.8331%,0.005717,CSL,27334.0,2019-02-22,252.0,0.8104%,0.0006,0.8084,0.3435,0.0722,1.2931%,1.5556%,30.8948%,0.001943,CSL,0.068605,0.061346,0.056767,0.06419,0.067643
36067,CHARLES & COLVARD LTD,"Charles & Colvard Q4 EPS $0.05 Up From $0.03 YoY, Sales $10.1M Up From $8.537M YoY",6,increase,0.8,0.6,"the increase in both eps and sales year-over-year suggests improved financial performance, which is likely to positively influence investor sentiment and drive the stock price up.",2,2019-02-07,CTHR,2019-02-07 21:52:00+00:00,85539.0,15976510,-0.0098009500652551,53617.0,0.0816325768828392,0.0417895056307315,0.0094340657815337,0.0168040059506893,-0.0002804203541018,0.0244517605751752,-0.0090680187568068,0.002197773894295,-0.0566037222743034,-0.0418026447296142,0.0299999713897705,-0.008146196603775,0.0,0.0407608300447464,-0.0485436432063579,-0.0611286722123622,-0.0102040721103549,0.0833609700202941,0.0309278052300214,-0.0478947162628173,0.0,0.0387054160237312,0.0,-0.0472916290163993,0.0299999713897705,0.0322580337524414,0.0097087286412715,0.0,0.0096153756603598,0.0333333685994148,0.0190477147698402,0.0550996400415897,-0.0186916813254356,-0.0295790936797857,-0.009523800574243,0.0220930147916078,0.0,0.0236876849085092,-0.0096153756603598,-0.0116470977663993,0.0388350300490856,-0.0229884833097457,-0.0280374661087989,0.0057803411036729,9.61698024184443e-05,-0.0279806926846504,-0.0097106117755174,0.0112500376999378,0.0097087286412715,0.0352940820157527,0.0230769701302051,-0.0229884833097457,-0.0131579488515853,0.0,0.0666667222976684,0.0,-0.0446428135037422,0.0223266668617725,0.05607470870018,0.0011764554074034,-0.0973451435565948,-0.0859231799840927,0.078431412577629,-0.0211578924208879,-0.0272727012634277,0.1175156012177467,0.0042989985086023,-0.0186786875128746,0.0608598589897155,-0.0374655611813068,0.0350876860320568,0.0112359449267387,0.0,-0.0273224432021379,-0.0254237055778503,0.0054945000447332,0.0347826816141605,-0.0319148637354373,0.0084033524617552,0.0445604808628559,0.0,-0.0218478236347436,-0.0166667494922876,0.0337079018354415,-0.0254237055778503,-0.0531915016472339,0.0260869320482015,0.0,-0.0423728413879871,-0.0105263059958815,0.0265486482530832,0.0674157366156578,0.0,-0.0430107749998569,0.0,0.0219780001789331,0.0,-0.0109770111739635,0.0,0.0110988430678844,0.0172413624823093,0.0,0.0254238061606884,-0.0319148637354373,0.0,0.0107526779174804,-0.0131405089050531,0.0,0.013315481133759,0.0333333685994148,-0.0082644550129771,-0.0049751591868698,-0.0333333984017372,-0.013308604247868,-0.0258620455861091,-0.0549484752118587,0.0228318497538566,-0.029902946203947,-0.0050181769765913,-0.0050746388733386,0.0816325768828392,0.0417895056307315,0.0918367697646016,0.059295742682716,0.0915305965110029,0.0851973885610963,0.0204081466201742,0.0421185860756667,0.020408148031858,0.04178951051399,0.1530612030997673,0.1643529360698377,0.1734693467087236,-0.0152238455519493,2019-02-08,2019-02-11,2019-02-12,2019-02-13,2019-02-14,2019-02-15,2019-02-19,2019-02-20,2019-02-21,2019-02-22,85539.0,2019-02-07,252.0,-0.9801%,-0.0012,0.1666,0.2925,-0.6667,3.4161%,3.4628%,2.6812%,-0.005362,CTHR,85539.0,2019-02-08,252.0,8.1633%,-0.0009,0.1524,0.2985,-0.7223,3.4468%,3.4972%,2.8621%,0.076636,CTHR,85539.0,2019-02-11,252.0,0.9434%,-0.0005,0.0681,0.3917,-0.7161,3.4214%,3.4679%,2.6654%,0.008812,CTHR,85539.0,2019-02-12,252.0,-0.0280%,-0.0009,0.0192,0.4527,-0.7519,3.3823%,3.4324%,2.9000%,-0.0026019999999999,CTHR,85539.0,2019-02-13,252.0,-0.9068%,-0.001,0.0111,0.4631,-0.752,3.3813%,3.4316%,2.9058%,-0.008967,CTHR,85539.0,2019-02-14,252.0,-5.6604%,-0.0013,0.0244,0.4284,-0.7118,3.4016%,3.4469%,2.6114%,-0.0634499999999999,CTHR,85539.0,2019-02-15,252.0,3.0000%,-0.0013,0.0148,0.4233,-0.7228,3.3995%,3.4449%,2.6198%,0.03197,CTHR,85539.0,2019-02-19,252.0,0.0000%,-0.0012,0.0255,0.4102,-0.7385,3.3932%,3.4401%,2.7067%,0.0008129999999999,CTHR,85539.0,2019-02-20,252.0,-4.8544%,-0.0014,0.0128,0.3805,-0.784,3.4045%,3.4532%,2.7985%,-0.045533,CTHR,85539.0,2019-02-21,252.0,-1.0204%,-0.0013,0.003,0.3581,-0.8019,3.3984%,3.4471%,2.8042%,-0.011793,CTHR,85539.0,2019-02-22,252.0,3.0928%,-0.0011,-0.0008,0.3913,-0.8167,3.3976%,3.4504%,3.0342%,0.017051,CTHR,0.0712739999999999,0.0800859999999999,0.077484,0.005067,-0.002425
36075,COGNIZANT TECHNOLOGY SOLS CORP,BMO Capital Markets Upgrades Cognizant On CEO Change,6,increase,0.75,0.6,"upgrades from financial institutions often signal positive sentiment and can lead to increased investor confidence, especially following a leadership change.",2,2019-02-07,CTSH,2019-02-07 15:39:00+00:00,86158.0,19244610,-0.0202684849500656,5877743.0,0.0023291655816137,0.0462013892829418,-0.0025970807764679,-0.0011222027242183,0.0065779872238636,0.0163958016782999,0.0017699780873954,0.0066015943884849,-0.0062516862526535,-0.0017192369559779,0.0060174344107508,0.0166035443544387,-0.0051658139564096,-0.0042058490216732,-0.0099754072725772,-0.0152813447639346,-0.0125952064990997,0.0278918650001287,0.0145780900493264,0.0158068183809518,-0.0017960383556783,0.0038921332452446,-0.0029065618291497,-0.0150397615507245,-0.0101333055645227,0.0190833453088998,-0.0046276007778942,0.011551939882338,0.0162016600370407,-0.0030307159759104,-0.005129559431225,0.0210428703576326,-0.0051561137661337,-0.0044670505449175,0.0009805252775549,0.0016972784651443,0.0121746817603707,0.008558907546103,-0.0163141191005706,-0.0009327978477813,0.0168657340109348,0.0113207744434475,-0.0078783649951219,-0.0015698946081101,-0.0079409265890717,0.0425532311201095,-0.0039320150390267,-0.0315422676503658,0.0169180445373058,-0.0061436579562723,-0.0034659644588828,0.0087398579344153,0.0019476822344586,-0.0023779568728059,-0.0043043261393904,0.0115458825603127,0.0068330480717122,0.0389870069921016,-0.0181440114974975,-0.0011649142252281,-0.0019748820923268,-0.0428480207920074,0.004805602133274,-0.0225751902908086,-0.0008439662633463,-0.0060352734290063,0.0077432501129806,-0.0007730852812528,0.0121541647240519,-0.0457429327070713,0.019323693588376,-0.0189635958522558,-0.0037914528511464,0.0154344122856855,0.0082914317026734,0.011448061093688,-0.0052574733272194,0.0025339962448924,0.0055562546476721,-0.0133824069052934,0.0028302792925387,-0.0201729331165552,-0.0005375744076445,-0.0088545437902212,0.0030925872270017,-0.0265536438673734,-0.0054959254339337,0.0098272766917943,0.0013478699838742,0.0132290218025445,0.0004038064216729,-0.0065008345991373,-0.0325618684291839,0.0123032992705702,0.0034770513884723,0.0167272947728633,-0.0112266829237341,0.0113268112763762,0.0019625318236649,-0.0100479805842042,0.0191661305725574,0.0156781170517206,-0.0024708346463739,-0.0231180246919393,0.003577847033739,-0.0130812274292111,0.006033216137439,0.0241736378520727,-0.0132206780835986,0.0162793919444084,0.0077347727492451,-0.0293061472475528,-0.0106907729059457,0.0008626536000519,-0.0771681889891624,-0.011231068521738,-0.110493928194046,-0.0126333739608526,0.0059071471914649,-0.0018215619493275,0.0023291655816137,0.0462013892829418,-0.0002739642260113,0.0450273392338074,0.0063022208646736,0.0621614002362864,0.0017811329007655,0.0673351966246535,-0.0056122866024403,0.110945463127799,-0.0260825211205291,0.2398069590733034,-0.1811894384493355,0.0468724140372207,2019-02-08,2019-02-11,2019-02-12,2019-02-13,2019-02-14,2019-02-15,2019-02-19,2019-02-20,2019-02-21,2019-02-22,86158.0,2019-02-07,252.0,-2.0268%,-0.0001,0.8668,-0.2299,-0.2559,1.1408%,1.5299%,44.3973%,-0.01168,CTSH,86158.0,2019-02-08,252.0,0.2329%,-0.0003,0.8679,-0.267,-0.2755,1.1114%,1.5135%,46.0775%,-0.000202,CTSH,86158.0,2019-02-11,252.0,-0.2597%,-0.0004,0.8916,-0.2912,-0.2762,1.1053%,1.5095%,46.3855%,-0.001516,CTSH,86158.0,2019-02-12,252.0,0.6578%,-0.0004,0.8875,-0.2901,-0.2785,1.1058%,1.5070%,46.1638%,-0.006059,CTSH,86158.0,2019-02-13,252.0,0.1770%,-0.0004,0.887,-0.2892,-0.2784,1.1057%,1.5041%,45.9560%,-0.000446,CTSH,86158.0,2019-02-14,252.0,-0.6252%,-0.0004,0.8876,-0.2917,-0.275,1.1054%,1.5036%,45.9493%,-0.0046,CTSH,86158.0,2019-02-15,252.0,0.6017%,-0.0005,0.8774,-0.301,-0.2917,1.1033%,1.4976%,45.7299%,-0.002063,CTSH,86158.0,2019-02-19,252.0,-0.5166%,-0.0005,0.8743,-0.3008,-0.2912,1.1028%,1.4928%,45.4279%,-0.0051849999999999,CTSH,86158.0,2019-02-20,252.0,-0.9975%,-0.0006,0.8721,-0.3041,-0.2985,1.1040%,1.4938%,45.3757%,-0.009473,CTSH,86158.0,2019-02-21,252.0,-1.2595%,-0.0006,0.8785,-0.2933,-0.2867,1.1033%,1.4950%,45.5314%,-0.0103679999999999,CTSH,86158.0,2019-02-22,252.0,1.4578%,-0.0007,0.8782,-0.3094,-0.3051,1.1011%,1.4975%,45.9346%,0.006166,CTSH,-0.011882,-0.013398,-0.019457,-0.024503,-0.045426
36083,COGNIZANT TECHNOLOGY SOLS CORP,BMO Capital Upgrades Cognizant Tech Solns to Outperform,6,increase,0.8,0.6,upgrades from financial institutions like bmo capital typically signal positive sentiment and can lead to an increase in stock price as investors may view the upgrade as a sign of improved future performance.,2,2019-02-07,CTSH,2019-02-07 11:22:00+00:00,86158.0,19244610,-0.0202684849500656,5877743.0,0.0023291655816137,0.0462013892829418,-0.0025970807764679,-0.0011222027242183,0.0065779872238636,0.0163958016782999,0.0017699780873954,0.0066015943884849,-0.0062516862526535,-0.0017192369559779,0.0060174344107508,0.0166035443544387,-0.0051658139564096,-0.0042058490216732,-0.0099754072725772,-0.0152813447639346,-0.0125952064990997,0.0278918650001287,0.0145780900493264,0.0158068183809518,-0.0017960383556783,0.0038921332452446,-0.0029065618291497,-0.0150397615507245,-0.0101333055645227,0.0190833453088998,-0.0046276007778942,0.011551939882338,0.0162016600370407,-0.0030307159759104,-0.005129559431225,0.0210428703576326,-0.0051561137661337,-0.0044670505449175,0.0009805252775549,0.0016972784651443,0.0121746817603707,0.008558907546103,-0.0163141191005706,-0.0009327978477813,0.0168657340109348,0.0113207744434475,-0.0078783649951219,-0.0015698946081101,-0.0079409265890717,0.0425532311201095,-0.0039320150390267,-0.0315422676503658,0.0169180445373058,-0.0061436579562723,-0.0034659644588828,0.0087398579344153,0.0019476822344586,-0.0023779568728059,-0.0043043261393904,0.0115458825603127,0.0068330480717122,0.0389870069921016,-0.0181440114974975,-0.0011649142252281,-0.0019748820923268,-0.0428480207920074,0.004805602133274,-0.0225751902908086,-0.0008439662633463,-0.0060352734290063,0.0077432501129806,-0.0007730852812528,0.0121541647240519,-0.0457429327070713,0.019323693588376,-0.0189635958522558,-0.0037914528511464,0.0154344122856855,0.0082914317026734,0.011448061093688,-0.0052574733272194,0.0025339962448924,0.0055562546476721,-0.0133824069052934,0.0028302792925387,-0.0201729331165552,-0.0005375744076445,-0.0088545437902212,0.0030925872270017,-0.0265536438673734,-0.0054959254339337,0.0098272766917943,0.0013478699838742,0.0132290218025445,0.0004038064216729,-0.0065008345991373,-0.0325618684291839,0.0123032992705702,0.0034770513884723,0.0167272947728633,-0.0112266829237341,0.0113268112763762,0.0019625318236649,-0.0100479805842042,0.0191661305725574,0.0156781170517206,-0.0024708346463739,-0.0231180246919393,0.003577847033739,-0.0130812274292111,0.006033216137439,0.0241736378520727,-0.0132206780835986,0.0162793919444084,0.0077347727492451,-0.0293061472475528,-0.0106907729059457,0.0008626536000519,-0.0771681889891624,-0.011231068521738,-0.110493928194046,-0.0126333739608526,0.0059071471914649,-0.0018215619493275,0.0023291655816137,0.0462013892829418,-0.0002739642260113,0.0450273392338074,0.0063022208646736,0.0621614002362864,0.0017811329007655,0.0673351966246535,-0.0056122866024403,0.110945463127799,-0.0260825211205291,0.2398069590733034,-0.1811894384493355,0.0468724140372207,2019-02-08,2019-02-11,2019-02-12,2019-02-13,2019-02-14,2019-02-15,2019-02-19,2019-02-20,2019-02-21,2019-02-22,86158.0,2019-02-07,252.0,-2.0268%,-0.0001,0.8668,-0.2299,-0.2559,1.1408%,1.5299%,44.3973%,-0.01168,CTSH,86158.0,2019-02-08,252.0,0.2329%,-0.0003,0.8679,-0.267,-0.2755,1.1114%,1.5135%,46.0775%,-0.000202,CTSH,86158.0,2019-02-11,252.0,-0.2597%,-0.0004,0.8916,-0.2912,-0.2762,1.1053%,1.5095%,46.3855%,-0.001516,CTSH,86158.0,2019-02-12,252.0,0.6578%,-0.0004,0.8875,-0.2901,-0.2785,1.1058%,1.5070%,46.1638%,-0.006059,CTSH,86158.0,2019-02-13,252.0,0.1770%,-0.0004,0.887,-0.2892,-0.2784,1.1057%,1.5041%,45.9560%,-0.000446,CTSH,86158.0,2019-02-14,252.0,-0.6252%,-0.0004,0.8876,-0.2917,-0.275,1.1054%,1.5036%,45.9493%,-0.0046,CTSH,86158.0,2019-02-15,252.0,0.6017%,-0.0005,0.8774,-0.301,-0.2917,1.1033%,1.4976%,45.7299%,-0.002063,CTSH,86158.0,2019-02-19,252.0,-0.5166%,-0.0005,0.8743,-0.3008,-0.2912,1.1028%,1.4928%,45.4279%,-0.0051849999999999,CTSH,86158.0,2019-02-20,252.0,-0.9975%,-0.0006,0.8721,-0.3041,-0.2985,1.1040%,1.4938%,45.3757%,-0.009473,CTSH,86158.0,2019-02-21,252.0,-1.2595%,-0.0006,0.8785,-0.2933,-0.2867,1.1033%,1.4950%,45.5314%,-0.0103679999999999,CTSH,86158.0,2019-02-22,252.0,1.4578%,-0.0007,0.8782,-0.3094,-0.3051,1.1011%,1.4975%,45.9346%,0.006166,CTSH,-0.011882,-0.013398,-0.019457,-0.024503,-0.045426
36091,C V D EQUIPMENT CORP,"CVD Names Thomas McNeill CFO, Secretary",6,uncertain,0.6,0.3,"the appointment of a new cfo can have mixed implications for a company's stock price, depending on investor perception of the new leadership and its potential impact on company performance.",1,2019-02-07,CVV,2019-02-07 22:41:00+00:00,86290.0,12660110,-0.0324831716716289,2615.0,0.0081391325220465,-0.0040772804059088,0.0,0.0294265393167734,0.0733944252133369,-0.0090909004211425,-0.0021366991568356,-0.0329670533537864,-0.0342612080276012,0.0156250391155481,-0.0199556872248649,0.0158730559051036,0.0180995296686887,0.0184757336974144,-0.0511111170053482,-0.0334821641445159,0.0117096463218331,0.0418604239821434,-0.0040972670540213,0.0262530148029327,-0.0214536264538765,0.0072115892544388,0.0142517676576972,-0.025761155411601,0.035128828138113,0.0118483873084187,-0.063348464667797,0.0212230216711759,0.0,0.030498668551445,0.0024155143182724,0.0050125862471759,-0.0272771529853344,0.0101265721023082,-0.0143430326133966,0.0076530538499355,-0.0399356670677661,0.0370370633900165,0.0602094940841198,-0.03748220205307,-0.0049382667057216,0.0018367352895438,0.0123324515298008,0.0129199465736746,7.351780368480831e-05,0.0,-0.0171567890793085,0.0375334769487381,-0.0049875853583216,0.0507042445242404,-0.0225563701242208,-0.0405405648052692,0.0415640585124492,0.0136986169964075,-0.0251347571611404,0.0641399472951889,0.0328283123672008,0.0058650970458984,-0.0151833575218915,-0.0501392297446727,-0.0292708668857812,-0.0426666885614395,0.0076726269908249,-0.0259740017354488,-0.0050761373713612,-0.0228426773101091,0.0,0.0025445267092436,0.0025510180275887,0.0102827660739421,-0.0076335803605616,-0.0323382765054702,-0.0307692624628543,-0.0171149559319019,-0.0028836033307015,-0.007281488738954,-0.0767026469111442,-0.0167064853012561,0.0747126415371894,-0.0278422012925148,-0.0374331846833229,-0.0422222353518009,0.0388889200985431,-0.0153173236176371,-0.0133689707145094,-0.0043572941794991,0.0058807330206036,-0.0234041828662157,0.0130129130557179,0.0284463092684745,-0.0079787159338593,0.0386363789439201,-0.0107238506898284,-0.0200444720685482,-0.0054200487211346,-0.0066372146829962,0.0190735515207052,-0.0022075560409575,-0.0320855937898159,0.0,0.0185359250754118,-0.0299785584211349,-0.0154863772913813,0.0043010711669921,0.0077409846708178,0.0839161127805709,0.0087477285414934,-0.0046403668820858,-0.0054741101339459,-0.015981774777174,-0.0026975816581398,0.0403800643980503,0.0,0.0169082544744014,0.0098906578496098,-0.0212766323238611,0.0226719547063112,-0.0682819262146949,-0.0423280671238899,-0.023655941709876,0.0081391325220465,-0.0040772804059088,0.0081391325220465,0.0252292786586945,0.0821309246885741,0.0159090213775685,0.0428228420924472,-0.0022321937539295,-0.0052025608541778,0.0668257127341733,-0.0686505283718745,0.2451253191675881,-0.1629671082115735,-0.0387097467474237,2019-02-08,2019-02-11,2019-02-12,2019-02-13,2019-02-14,2019-02-15,2019-02-19,2019-02-20,2019-02-21,2019-02-22,86290.0,2019-02-07,252.0,-3.2483%,-0.0027,0.4804,-0.0119,0.1811,2.7528%,2.7960%,3.0651%,-0.029001,CVV,86290.0,2019-02-08,252.0,0.8139%,-0.0028,0.4795,-0.05,0.1522,2.7429%,2.7870%,3.1395%,0.008863,CVV,86290.0,2019-02-11,252.0,0.0000%,-0.0028,0.4926,-0.0597,0.1538,2.7422%,2.7866%,3.1615%,-0.000792,CVV,86290.0,2019-02-12,252.0,7.3394%,-0.0023,0.557,-0.0911,0.1923,2.7604%,2.8163%,3.9293%,0.066868,CVV,86290.0,2019-02-13,252.0,-0.2137%,-0.0024,0.553,-0.0851,0.193,2.7600%,2.8146%,3.8456%,-0.003876,CVV,86290.0,2019-02-14,252.0,-3.4261%,-0.0026,0.5588,-0.1016,0.2129,2.7641%,2.8197%,3.8988%,-0.031638,CVV,86290.0,2019-02-15,252.0,-1.9956%,-0.0027,0.5356,-0.1251,0.1717,2.7678%,2.8196%,3.6391%,-0.027138,CVV,86290.0,2019-02-19,252.0,1.8100%,-0.0026,0.5429,-0.1177,0.1794,2.7698%,2.8225%,3.6986%,0.016829,CVV,86290.0,2019-02-20,252.0,-5.1111%,-0.0028,0.5292,-0.1462,0.1314,2.7877%,2.8389%,3.5777%,-0.052971,CVV,86290.0,2019-02-21,252.0,1.1710%,-0.0027,0.5221,-0.1572,0.1182,2.7890%,2.8393%,3.5124%,0.013768,CVV,86290.0,2019-02-22,252.0,-0.4097%,-0.0026,0.5219,-0.145,0.1275,2.7884%,2.8382%,3.4792%,-0.00499,CVV,-0.020138,-0.02093,0.0459379999999999,0.0104239999999999,-0.044078
36099,CURTISS WRIGHT CORP,"Honeywell, Curtiss-Wright Report Partnership To Develop New Reinvented Cockpit Voice Recorder, Flight Data Recorder, No Terms Disclosed",6,increase,0.7,0.6,"the partnership with honeywell to develop advanced cockpit voice and flight data recorders suggests potential for innovation and revenue growth, which is likely to positively impact curtiss-wright's stock price.",2,2019-02-07,CW,2019-02-07 14:06:00+00:00,18091.0,23156110,-0.0038740062154829,418595.0,0.0060496465303003,-8.603346213931218e-05,-0.0054978695698082,0.0176068190485239,0.0150298485532403,0.0102655189111828,0.0039996700361371,-0.004580661188811,0.0011866366257891,-0.0014953451463952,0.0170165468007326,0.0082476083189249,-0.0004161776741966,0.0042750565335154,0.0092438422143459,0.0019632449839264,-0.0018978740554302,0.0143930148333311,0.0038029025308787,0.0071109379641711,0.0016472127754241,0.0090148411691188,-0.0198980905115604,-0.0294616818428039,0.0424497090280056,0.0101001244038343,-0.0078062224201858,0.0184607114642858,-0.0056777074933052,0.0082414979115128,-0.0123174367472529,0.0152298118919134,-0.0056161237880587,-0.0100511331111192,-0.0245847105979919,-9.307776053901762e-05,-0.0131982546299696,0.0201253350824117,-0.0113901086151599,0.0060165910981595,-0.0024439101107418,0.0213617105036974,8.751540735829622e-05,-0.0035961002577096,0.0063866642303764,0.0345902703702449,-0.0034773671068251,-0.0346534624695777,-0.0207624305039644,0.0088131008669734,0.025567952543497,0.0151093862950801,-0.0095552997663617,-0.0079874284565448,0.0130679309368133,0.0198109522461891,0.0067526511847972,0.0235718060284853,-0.0292372647672891,-0.0190831925719976,-0.0038090203888714,-0.0099960016086697,-0.0045349649153649,-0.0149664897471666,0.0062528187409043,-0.0218627005815506,0.005511135328561,0.0227541886270046,0.001944780582562,-0.0176117643713951,-0.0070583680644631,-0.0082533648237586,-0.0047983019612729,-0.0135378241539001,-0.017589297145605,0.0317444838583469,0.0222666971385479,-0.0072723748162388,0.0035561334807425,-0.0043445122428238,0.0029234748799353,-0.0132418731227517,-0.0224361885339021,-0.025348151102662,-0.0046082455664873,-0.0265726894140243,0.0153412744402885,0.0021738936193287,0.0029503963887691,0.0177929401397705,0.0013371503446251,9.207822586176916e-05,0.0032938227523118,0.0283090118318796,-0.0192546434700489,-0.020676827058196,0.0168280154466629,0.0024166014045476,-0.0020464074332267,0.0039189900271594,0.0223786942660808,0.0146752074360847,-0.0047963322140276,-0.0077970335260033,-0.0051700309850275,-0.0222283992916345,0.0105699338018894,-0.0119793051853776,0.0031377405393868,0.0220759194344282,-0.0099921273067593,-0.0021288723219186,0.003247280139476,0.006615103688091,0.00227453536354,-0.0307928137481212,0.011172198690474,-0.0125724803656339,-0.0002589450159575,-0.018810162320733,0.0060496465303003,-8.603346213931218e-05,0.0005185167929251,0.0175192708107845,0.0155561585750354,0.0279646341277857,0.0208279642327084,0.0217257557164338,0.0493474999296663,0.0589844210963441,-0.0243712732573284,0.1728594778089047,0.0022852543241673,0.0176783436102032,2019-02-08,2019-02-11,2019-02-12,2019-02-13,2019-02-14,2019-02-15,2019-02-19,2019-02-20,2019-02-21,2019-02-22,18091.0,2019-02-07,252.0,-0.3874%,-0.0002,1.0708,0.3161,0.1479,1.1669%,1.6355%,49.0950%,0.005768,CW,18091.0,2019-02-08,252.0,0.6050%,-0.0002,1.0701,0.3022,0.136,1.1643%,1.6343%,49.2492%,0.005849,CW,18091.0,2019-02-11,252.0,-0.5498%,-0.0002,1.0519,0.3069,0.1291,1.1630%,1.6055%,47.5281%,-0.009403,CW,18091.0,2019-02-12,252.0,1.5030%,-0.0002,1.0511,0.3087,0.1284,1.1629%,1.6056%,47.5381%,0.000782,CW,18091.0,2019-02-13,252.0,0.4000%,-0.0002,1.0505,0.31,0.1288,1.1629%,1.6034%,47.3967%,0.000681,CW,18091.0,2019-02-14,252.0,0.1187%,-0.0001,1.0505,0.3117,0.126,1.1618%,1.6030%,47.4709%,0.002428,CW,18091.0,2019-02-15,252.0,1.7017%,-0.0001,1.0482,0.3101,0.1229,1.1615%,1.6000%,47.3022%,0.003662,CW,18091.0,2019-02-19,252.0,-0.0416%,-0.0002,1.0422,0.3153,0.1292,1.1569%,1.5902%,47.0716%,-0.003776,CW,18091.0,2019-02-20,252.0,0.9244%,-0.0003,1.0427,0.3108,0.1294,1.1548%,1.5888%,47.1696%,0.0057599999999999,CW,18091.0,2019-02-21,252.0,-0.1898%,-0.0003,1.0523,0.3309,0.1469,1.1412%,1.5838%,48.0841%,0.002375,CW,18091.0,2019-02-22,252.0,0.3803%,-0.0003,1.0524,0.337,0.1537,1.1408%,1.5834%,48.0898%,-0.002797,CW,0.0116169999999999,0.0022139999999999,0.0029959999999999,0.0061049999999999,0.0113289999999999
36107,CEMEX S A B DE C V,"CEMEX Reports Q4 Sales $3.5B, Up 4% Year Over Year",6,increase,0.7,0.5,"the 4% year-over-year increase in sales suggests positive growth, which is likely to boost investor confidence and potentially increase the stock price.",2,2019-02-07,CX,2019-02-07 11:16:00+00:00,87204.0,15129088,-0.0714285895228385,15009339.0,-0.0161943156272172,-0.0327272415161132,0.0082304449751973,0.026119377464056,0.0244897715747356,0.0037453146651387,-0.0378486178815364,-0.0183823350816965,0.0144927892833948,0.0168224591761827,0.0040816287510097,0.0094339083880186,-0.0060976035892963,-0.003759394865483,0.0245399512350559,0.0,-0.0019960536155849,0.0133333662524819,-0.0060000419616699,0.0019084407249465,-0.0080482820048928,-0.0314233042299747,-0.0020283472258597,-0.0287253707647323,-0.0101626403629779,0.020146545022726,-0.0041067721322178,0.0224718879908323,0.0041237073019146,0.026923144236207,-0.0123203173279762,-0.0057361777871847,-0.0103949513286352,-0.0019083496881648,-0.0042017768137156,-0.005692639388144,-0.0168776214122772,-0.0056604165583848,-0.0064377109520137,0.0172745008021593,0.0151187246665358,0.0276133846491575,0.0063830236904323,0.0325866267085075,-0.0042283255606889,0.0102880066260695,-0.0106157520785927,-0.0221327282488346,0.023605179041624,0.0311202518641948,0.0125786047428846,0.0062630916945636,0.0124223483726382,0.0,0.0163599029183387,0.0041928682476282,-0.0120724234730005,0.0170575529336929,-0.0753563940525055,-0.0188284832984209,0.0572687722742557,-0.006236950866878,-0.0187500305473804,-0.0041407826356589,0.0063693700358271,0.010460190474987,-0.0379746481776237,0.0279570128768682,0.0175438430160284,0.0,0.0258621480315923,0.0064935521222651,0.0,-0.0191083122044801,0.0084033524617552,0.0064103016629815,0.0166666507720947,-0.0147368786856532,0.0184425562620163,-0.0537848584353923,0.0261569656431675,0.0080321207642555,-0.0254902187734842,0.0184049401432275,-0.0060361637733876,-0.0504854805767536,-0.0323886312544345,0.001945569878444,0.0020919982343912,0.0058707892894744,0.002087730448693,0.0386178977787494,0.0145832691341638,0.0557940416038036,0.0082135442644357,0.0219298042356967,-0.0061099254526197,-0.0400000102818012,-0.0081967134028673,0.014957302249968,-0.0123966820538044,-0.0409836657345295,0.0083681922405958,-0.0200803019106388,-0.0456432066857814,-0.0138614196330308,0.0021739627700299,0.0120241325348615,-0.0086767813190817,0.0040241410024464,0.0065644928254187,0.0,-0.004347822163254,-0.0119285127148032,-0.0021833518985658,-0.0527306459844112,0.0153172193095088,-0.0018797422526404,-0.0064654597081243,-0.0567375347018241,-0.0161943156272172,-0.0327272415161132,-0.0080971570757008,-0.0074626792265739,0.0161943169718461,-0.0037453146433837,-0.0080971584631625,-0.0056074262178773,0.0060728192149184,0.0152672539052376,-0.0809716787105359,0.1129707038908998,-0.0668016015385729,-0.0567375305794636,2019-02-08,2019-02-11,2019-02-12,2019-02-13,2019-02-14,2019-02-15,2019-02-19,2019-02-20,2019-02-21,2019-02-22,87204.0,2019-02-07,252.0,-7.1429%,-0.0018,0.8799,0.6313,0.1526,2.1282%,2.3435%,17.5339%,-0.063253,CX,87204.0,2019-02-08,252.0,-1.6194%,-0.0017,0.8817,0.6585,0.1781,2.1237%,2.3397%,17.6071%,-0.016349,CX,87204.0,2019-02-11,252.0,0.8230%,-0.0016,0.8444,0.6992,0.1805,2.1157%,2.3146%,16.4520%,0.00214,CX,87204.0,2019-02-12,252.0,2.4490%,-0.0015,0.8502,0.7025,0.1829,2.1176%,2.3193%,16.6406%,0.013073,CX,87204.0,2019-02-13,252.0,-3.7849%,-0.0017,0.8502,0.6864,0.1705,2.1305%,2.3305%,16.4325%,-0.040879,CX,87204.0,2019-02-14,252.0,1.4493%,-0.0016,0.8468,0.6948,0.161,2.1325%,2.3327%,16.4226%,0.0135979999999999,CX,87204.0,2019-02-15,252.0,0.4082%,-0.0017,0.8259,0.6753,0.126,2.1290%,2.3222%,15.9463%,-0.008098,CX,87204.0,2019-02-19,252.0,-0.6098%,-0.0016,0.832,0.6591,0.1072,2.1238%,2.3200%,16.1969%,-0.010103,CX,87204.0,2019-02-20,252.0,2.4540%,-0.0015,0.8385,0.6746,0.1306,2.1284%,2.3257%,16.2485%,0.0208199999999999,CX,87204.0,2019-02-21,252.0,-0.1996%,-0.0014,0.828,0.654,0.1114,2.1217%,2.3153%,16.0206%,0.001779,CX,87204.0,2019-02-22,252.0,-0.6000%,-0.0014,0.8286,0.6822,0.1439,2.1181%,2.3117%,16.0433%,-0.013442,CX,-0.079602,-0.077462,-0.064389,-0.09167,-0.1007139999999999
36115,DEUTSCHE BANK A G,Deutsche Bank shares are trading lower after senator Elizabeth Warren called for the Senate Banking Committee to investigate allegations of money laundering by the company.,6,decrease,0.85,0.7,"the call for an investigation into money laundering allegations typically raises concerns about a company's reputation and regulatory scrutiny, leading to a decline in stock price.",0,2019-02-07,DB,2019-02-07 13:22:00+00:00,89199.0,D1819089,-0.0659218057990074,8587370.0,-0.0203349385410547,0.0056179990060627,0.0158730298280715,0.0113635715097188,0.0264423415064811,-0.0056497389450669,0.0,-0.0033783481922,-0.0234191808849573,-0.0441334620118141,0.0551558770239353,0.0065005873329937,-0.021590968593955,-0.0043150931596755,0.0150987366214394,0.0032468277495354,-0.0091533092781901,0.042889405041933,-0.0011547608301043,-0.0209945328533649,0.0138729298487305,0.022598847746849,0.0171037185937166,-0.031728658825159,0.0213004015386104,0.0246637072414159,0.0142700457945466,-0.0398277603089809,0.005411276128143,0.0764773860573768,-0.0096878530457615,0.0058275279588997,-0.004347822163254,0.002336390549317,0.0010917281033471,-0.0058071124367415,-0.0556161627173423,0.0058410321362316,-0.0023094115313142,-0.0205948911607265,0.0555555000901222,0.0045976969413459,-0.0285087972879409,0.0211266838014125,0.0225734505802393,0.0531520769000053,-0.016556354239583,-0.0134145924821496,-0.0033669734839349,0.0061349929310381,0.0427928045392036,0.0124222887679934,-0.0226781889796257,0.030729865655303,-0.0298343040049076,-0.0428921468555927,-0.0398632623255252,0.031605564057827,-0.0260973032563924,0.0050825872458517,-0.0048721022903919,-0.0235732663422823,0.013463850133121,-0.0370369739830493,0.0217391680926084,-0.0368239022791385,-0.0319149494171142,0.0104650231078267,-0.0085469717159867,-0.0227272510528564,0.0529557019472122,-0.0078917359933257,-0.0058479756116867,-0.0177186988294124,0.0105882529169321,0.0840335935354232,-0.0104773165658116,-0.0059666098095476,-0.0176470130681991,-0.0400915741920471,-0.0035928965080529,-0.019101133570075,-0.0096153756603598,-0.0176601316779851,-0.003640744369477,-0.0351437591016292,0.0219245199114084,0.0251092240214347,0.0262216087430715,-0.0276008732616901,0.0034844004549086,-0.0475227758288383,0.0266203172504901,0.0050813201814889,0.0067644217051565,0.0113053051754832,-0.0167973767966032,0.051891840994358,-0.0034168262500315,-0.0201270747929811,-0.0240000039339065,0.0227519012987613,-0.0046838363632559,-0.0562372393906116,-0.0176470130681991,-0.0030581739265471,-0.0191617719829082,-0.0090908287093043,0.0158730298280715,0.0030394867062568,-0.0048076878301799,0.0010142220417037,-0.0157004967331886,0.013360752724111,0.0085890367627143,-0.0385375842452049,0.0,-0.0212766211479902,-0.0133820688351988,-0.0254476442933082,-0.0203349385410547,0.0056179990060627,-0.0047846857989972,0.0170454110492286,0.0215311374115856,0.0112993699815222,-0.0023922850750724,-0.0365985108271322,0.0346889919132527,-0.0110497662034135,-0.0179425398253162,0.1372299826076521,-0.0299043101867896,-0.1564561601826261,2019-02-08,2019-02-11,2019-02-12,2019-02-13,2019-02-14,2019-02-15,2019-02-19,2019-02-20,2019-02-21,2019-02-22,89199.0,2019-02-07,252.0,-6.5922%,-0.0021,1.2983,0.5285,1.2929,1.8341%,2.2440%,33.1941%,-0.0585259999999999,DB,89199.0,2019-02-08,252.0,-2.0335%,-0.0021,1.2995,0.5535,1.3144,1.8288%,2.2419%,33.4596%,-0.012946,DB,89199.0,2019-02-11,252.0,1.5873%,-0.002,1.3029,0.563,1.3213,1.8297%,2.2339%,32.9166%,0.007277,DB,89199.0,2019-02-12,252.0,2.6442%,-0.0019,1.3147,0.5571,1.3284,1.8306%,2.2406%,33.2511%,0.010757,DB,89199.0,2019-02-13,252.0,0.0000%,-0.002,1.306,0.5707,1.33,1.8271%,2.2328%,33.0366%,-0.0050449999999999,DB,89199.0,2019-02-14,252.0,-2.3419%,-0.0021,1.3097,0.5633,1.3374,1.8288%,2.2366%,33.1406%,-0.01603,DB,89199.0,2019-02-15,252.0,5.5156%,-0.0019,1.3352,0.59,1.3838,1.8413%,2.2602%,33.6351%,0.032429,DB,89199.0,2019-02-19,252.0,-2.1591%,-0.002,1.3339,0.5665,1.3575,1.8477%,2.2631%,33.3447%,-0.03009,DB,89199.0,2019-02-20,252.0,1.5099%,-0.0019,1.3359,0.573,1.3652,1.8478%,2.2658%,33.4901%,0.0037519999999999,DB,89199.0,2019-02-21,252.0,-0.9153%,-0.0021,1.3498,0.6016,1.3906,1.8311%,2.2603%,34.3724%,-0.00077,DB,89199.0,2019-02-22,252.0,-0.1155%,-0.0021,1.3488,0.5947,1.3726,1.8315%,2.2596%,34.3016%,0.007105,DB,-0.071472,-0.0641949999999999,-0.0534379999999999,-0.0745129999999999,-0.0620869999999999
36123,D R HORTON INC,D.R. Horton Option Alert: Aug 16 $38 Calls Sweep (30) near the Ask: 1139 @ $3.8 vs 44 OI; Ref=$37.93,6,increase,0.7,0.6,"the significant call option activity suggests bullish sentiment among investors, indicating a potential increase in d.r. horton inc's stock price.",2,2019-02-07,DHI,2019-02-07 15:28:00+00:00,77661.0,23331A10,0.0245137754827737,7052327.0,-0.0150845134630799,-0.0213820002973079,0.0010603684931993,0.0164325181394815,0.0754767581820488,-0.0068439622409641,-0.0108348298817873,-0.011963564902544,-0.0092108277603983,0.0228784419596195,0.0042714066803455,0.0248091556131839,0.0115086082369089,0.0079692471772432,-0.0138511341065168,-0.0243967790156602,0.010032644495368,-0.0261096619069576,0.0141544500365853,0.0268096514046192,-0.0012242712546139,0.0241625793278217,-0.0046580643393099,-0.0204411540180444,-0.0137930437922477,-0.0114331375807523,-0.0287213157862424,-0.0063407630659639,-0.0028285062871873,-0.0163721684366464,0.0312017258256673,0.0015617224853485,-0.0210052542388439,-0.029797988012433,0.0,0.0125287100672721,0.0360153205692768,-0.0118747148662805,-0.003944769501686,0.062550388276577,0.0173266567289829,-0.0040107360109686,0.0072993445210158,0.0176871158182621,-0.0108695831149816,0.0461144000291824,-0.0036630409304052,-0.0039693615399301,-0.0009804145665839,0.017599556595087,-0.007360138464719,0.0020236973650753,-0.021749809384346,0.0008680201717652,-0.0093482248485088,0.0111176436766982,0.0339199677109718,0.0370145998895168,0.0096201132982969,-0.0196311678737402,0.0251648854464292,-0.0410725139081478,-0.00881789624691,-0.0162737946957349,0.0228420477360487,-0.0110988216474652,-0.0204514041543006,0.0209632199257612,-0.0069593740627169,-0.0056338245049119,0.0079748192802071,-0.016075437888503,-0.0002397104253759,0.0030581208411604,0.004556322004646,0.006435353308916,0.0219623297452926,-0.0050110383890569,0.0172856301069259,-0.0148107772693038,0.0034443519543856,-0.0135281383991241,-0.0068649710156023,0.0187431182712316,0.0122119532898068,-0.0450119189918041,0.0209423657506704,0.0206878148019313,0.0111482720822095,-0.0034805156756192,0.0015435435343533,0.0008038257947191,0.0059445281513035,0.0280991867184639,0.0017509702593088,0.0049833972007036,0.0142013914883136,0.0086567308753728,-0.0163722187280654,0.0044693336822092,0.0162067823112011,0.0269649624824523,0.0058188932016491,-0.0028603682294487,-0.0475679785013198,0.0051753972657024,-0.0101237511262297,0.0357354655861854,-0.0011363462544977,-0.0261020213365554,0.0081911403685808,-0.0060535916127264,0.0009026653133332,0.0236057620495557,0.0006764959543943,-0.0148256430402398,-0.0056331679224967,0.0052600903436541,0.0,-0.0896514728665351,-0.0150845134630799,-0.0213820002973079,-0.014040140112692,-0.0053008422655703,0.0603769138092289,-0.0121085257422236,0.0392267844554481,-0.0015962052831828,0.0663824844705471,0.006166206182264,0.0687325008504997,0.1162998232609275,0.1522884420639736,0.0025858889803318,2019-02-08,2019-02-11,2019-02-12,2019-02-13,2019-02-14,2019-02-15,2019-02-19,2019-02-20,2019-02-21,2019-02-22,77661.0,2019-02-07,252.0,2.4514%,-0.0006,0.8845,0.8255,0.2113,1.7911%,2.0562%,24.1286%,0.033091,DHI,77661.0,2019-02-08,252.0,-1.5085%,-0.0007,0.8871,0.8261,0.2224,1.7932%,2.0581%,24.0838%,-0.014935,DHI,77661.0,2019-02-11,252.0,0.1060%,-0.0006,0.8698,0.8349,0.2182,1.7918%,2.0448%,23.2090%,-0.006245,DHI,77661.0,2019-02-12,252.0,7.5477%,-0.0003,0.914,0.8254,0.2424,1.8333%,2.0988%,23.7008%,0.063752,DHI,77661.0,2019-02-13,252.0,-1.0835%,-0.0004,0.9075,0.8308,0.24,1.8343%,2.0970%,23.4844%,-0.014159,DHI,77661.0,2019-02-14,252.0,-0.9211%,-0.0004,0.91,0.8254,0.2456,1.8353%,2.0978%,23.4575%,-0.010333,DHI,77661.0,2019-02-15,252.0,0.4271%,-0.0004,0.9075,0.8222,0.2402,1.8360%,2.0964%,23.2984%,-0.009354,DHI,77661.0,2019-02-19,252.0,1.1509%,-0.0004,0.9135,0.82,0.2372,1.8342%,2.0973%,23.5181%,0.006579,DHI,77661.0,2019-02-20,252.0,-1.3851%,-0.0005,0.9078,0.8041,0.2159,1.8373%,2.0980%,23.3136%,-0.018795,DHI,77661.0,2019-02-21,252.0,1.0033%,-0.0004,0.9045,0.8007,0.2097,1.8396%,2.0983%,23.1353%,0.014351,DHI,77661.0,2019-02-22,252.0,1.4154%,-0.0004,0.9031,0.8128,0.2034,1.8395%,2.1000%,23.2673%,0.006854,DHI,0.018156,0.011911,0.075663,0.051171,0.050806
36131,D H I GROUP INC,"Dice Holdings Earlier Reported Q4 EPS $0.06, Inline, Sales $37.987M Beat $37.91M Estimate",6,increase,0.7,0.5,"the sales beat expectations, which is generally viewed positively by investors and could lead to an increase in stock price.",2,2019-02-07,DHX,2019-02-07 13:40:00+00:00,92172.0,23331S10,0.1063829436898232,288493.0,0.0961538702249527,-0.0208333134651184,0.0175438430160284,-0.0051813423633575,-0.0172413624823093,0.0,0.0175438430160284,-0.0153061682358384,-0.0043103406205773,-0.0248755980283021,0.0173160005360841,-0.0289854798465967,0.0765957757830619,0.0,0.0988142266869545,0.0048543643206357,0.0539568699896335,0.0,0.0375426262617111,-0.0143540538847446,0.0592105500400066,-0.0047619002871215,0.0,0.0194174572825431,-0.1832297891378403,0.0248755980283021,0.0076045552268624,0.0,0.0150943249464035,0.0,0.0,0.0255101788789033,0.0371746867895126,0.0,-0.0071684522554278,0.0155440885573625,-0.0469313636422157,-0.0203046090900898,0.0,0.0314136445522308,-0.0492424666881561,0.0159574318677187,0.0478088147938251,0.093023233115673,-0.030418312177062,-0.0227272510528564,0.0,0.0292397383600473,-0.0784313902258873,0.1250000447034836,0.0340426228940486,0.0066225104965269,-0.020576111972332,-0.01307188346982,0.0336134098470211,0.0851063877344131,0.0243902206420898,0.036764670163393,-0.0555555038154125,-0.1052631363272667,-0.0168068055063486,-0.0129870008677244,0.0128205008804798,-0.0064516067504882,-0.0168776214122772,0.0,0.0429185181856155,-0.0189873985946178,0.0,-0.018633522093296,0.0082304449751973,-0.0295358784496784,0.0204081442207098,-0.0241176523268222,0.0439999587833881,0.0119048217311501,0.0076629198156297,0.0,0.0228136647492647,-0.0232558604329824,0.0594794973731041,-0.0444444045424461,0.0526316128671169,0.0,0.0,0.0112359449267387,0.0233333110809326,0.0056497124023735,0.0325733385980129,-0.0380435064435005,-0.0252366438508033,0.0454545691609382,0.0097087286412715,0.0292397383600473,-0.0512820035219192,-0.0338982716202735,-0.0371622070670127,0.0056818127632141,-0.0456139929592609,0.0292397383600473,0.0036764671094715,0.0058823470026254,0.098901093006134,-0.0285714007914066,-0.0366666316986084,0.0233917906880378,0.0138408169150352,-0.0284090638160705,0.0238907616585493,-0.0329670645296573,0.0166666507720947,0.0224719569087028,-0.0065573710016906,0.017142841592431,0.0297029428184032,-0.0056818127632141,0.0897436589002609,-0.022222202271223,0.1176470145583153,-0.0374331846833229,0.0961538702249527,-0.0208333134651184,0.1153846216455911,-0.02590671129885,0.0961538710766061,-0.02590671129885,0.1105769348662044,-0.0646766140391362,0.4615384904242479,-0.1004784329227724,0.1442308562047058,0.2368421227897448,0.8269231165244817,0.0053475964688169,2019-02-08,2019-02-11,2019-02-12,2019-02-13,2019-02-14,2019-02-15,2019-02-19,2019-02-20,2019-02-21,2019-02-22,92172.0,2019-02-07,252.0,10.6383%,0.0016,0.5587,2.2185,0.5704,4.3965%,4.5621%,7.1285%,0.1124189999999999,DHX,92172.0,2019-02-08,252.0,9.6154%,0.0021,0.5408,2.2334,0.5053,4.4307%,4.5967%,7.0927%,0.098378,DHX,92172.0,2019-02-11,252.0,1.7544%,0.0021,0.5366,2.2356,0.5043,4.4306%,4.5977%,7.1345%,0.000784,DHX,92172.0,2019-02-12,252.0,-1.7241%,0.0022,0.5558,2.1919,0.5219,4.4195%,4.5831%,7.0142%,-0.0242289999999999,DHX,92172.0,2019-02-13,252.0,1.7544%,0.0019,0.5135,2.2681,0.5383,4.3783%,4.5476%,7.3079%,0.014207,DHX,92172.0,2019-02-14,252.0,-0.4310%,0.002,0.5189,2.2618,0.5417,4.3743%,4.5436%,7.3157%,-0.0120039999999999,DHX,92172.0,2019-02-15,252.0,1.7316%,0.0021,0.535,2.2763,0.5679,4.3727%,4.5446%,7.4224%,0.003098,DHX,92172.0,2019-02-19,252.0,7.6596%,0.0024,0.5582,2.3024,0.5954,4.3873%,4.5642%,7.6010%,0.067174,DHX,92172.0,2019-02-20,252.0,9.8814%,0.0025,0.5749,2.3048,0.6456,4.3932%,4.5705%,7.6113%,0.089314,DHX,92172.0,2019-02-21,252.0,5.3957%,0.0029,0.5456,2.2576,0.5915,4.3983%,4.5670%,7.2520%,0.0590819999999999,DHX,92172.0,2019-02-22,252.0,3.7543%,0.0029,0.5422,2.2506,0.5438,4.4011%,4.5691%,7.2181%,0.030174,DHX,0.2107969999999999,0.211581,0.187352,0.189555,0.438397
36139,SPDR DOW JONES IND AVG ETF TRUST,"Fed's Kaplan Says Muted Inflation Gives Fed The Luxury Of Being Patient, Says Says Focused On Financial Conditions, Europe's Growth, US Corporate Earnings",6,uncertain,0.6,0.2,"while muted inflation may suggest a stable economic environment that could support stock prices, the focus on financial conditions and external factors introduces uncertainty about future market performance.",1,2019-02-07,DIA,2019-02-07 16:17:00+00:00,85765.0,78467X10,-0.0077598821371793,3884789.0,-0.0023024477995932,-0.0003544321807567,-0.0015120359603315,0.006499680224806,0.0143061941489577,0.0073459423147141,0.004989605396986,0.0014393116580322,-0.0025019522290676,-0.0002398175711277,0.0164131131023168,0.0181921198964119,0.0006186107057146,0.0024887826293706,0.0026660580188035,-0.009256612509489,-0.0037379623390734,0.0078217219561338,0.0063436143100261,-0.0010174182243645,0.0027674259617924,0.0070491852238774,-0.0013415849534794,-0.0123456912115216,-0.0025716335512697,0.0140436831861734,-0.0022703518625348,0.0080211795866489,0.004396847449243,0.0050698188133537,-0.0082175508141517,0.0071147438138723,-0.0003484448534436,-0.003918636124581,-0.0051125423051416,-0.0004999796510674,-0.0080196112394332,0.0045203492045402,-0.0003924133488908,0.0042030937038362,0.0080483807250857,0.0108769442886114,-0.0035052543971687,0.0046098763123154,0.005823518615216,0.0333450846374034,0.0007383036427199,-0.0284538883715868,0.0052210441790521,0.0006861220463179,0.0025160405784845,0.0118014635518193,-0.0004246702883392,-0.0033728219568729,-0.0061418274417519,0.0111494371667504,0.0089003769680857,0.0486474111676216,-0.0177979040890932,-0.0267302878201007,0.0004314426041673,-0.0182797983288765,0.0054494221694767,-0.0194070730358362,-0.0013647590531036,-0.0165992695838213,0.003787440015003,0.0039335447363555,0.0079742427915334,-0.0206693951040506,0.0125805959105491,-0.0196938570588827,-0.002667831024155,0.0015861371066421,0.0011845984263345,0.0067559643648564,0.0067938882857561,-0.0019615502096712,0.0014406129484996,0.001637301640585,-0.0035584585275501,-0.0216642785817384,-0.0064964345656335,-0.0040282155387103,0.000344141095411,-0.0309203211218118,-0.0007645726436749,0.0126023115590214,0.0102142831310629,0.0075712692923843,-0.0009846243774518,-0.0009848723420873,0.0027292415034025,0.0256161466240882,0.0,0.0045050554908812,0.0044893538579344,0.0147440461441874,-0.001845120685175,-0.0075209336355328,0.0053193634375929,0.0006134719587862,-0.0021014618687331,-0.0214520152658224,-0.0052271909080445,-0.0164928250014782,0.0030620254110544,0.00565074570477,0.0003768979513552,0.0092064784839749,0.001318588387221,-0.0084959845989942,-0.0061703398823738,-0.0045629912056028,-0.0048078326508402,-0.0225690919905901,0.0079503813758492,-0.0076688658446073,-0.0026418545749038,0.0012224285164847,-0.0023024477995932,-0.0003544321807567,-0.003811002376055,0.006142944348213,0.0104406708330087,0.0135340123777516,0.0129416826756847,0.0147493905886841,0.0356177107947202,0.033167807469371,0.017018658317393,0.1336902527700594,0.054781047057818,-0.0245646739300723,2019-02-08,2019-02-11,2019-02-12,2019-02-13,2019-02-14,2019-02-15,2019-02-19,2019-02-20,2019-02-21,2019-02-22,85765.0,2019-02-07,252.0,-0.7760%,0.0001,1.0106,-0.2686,0.1165,0.2470%,1.1123%,95.0707%,0.000758,DIA,85765.0,2019-02-08,252.0,-0.2302%,0.0001,1.0112,-0.2717,0.1168,0.2461%,1.1124%,95.1050%,-0.002374,DIA,85765.0,2019-02-11,252.0,-0.1512%,0.0001,1.0083,-0.2712,0.1156,0.2460%,1.0822%,94.8327%,-0.001503,DIA,85765.0,2019-02-12,252.0,1.4306%,0.0001,1.0096,-0.2723,0.1164,0.2459%,1.0823%,94.8403%,0.000744,DIA,85765.0,2019-02-13,252.0,0.4990%,0.0001,1.0088,-0.2702,0.1173,0.2458%,1.0775%,94.7982%,0.0021449999999999,DIA,85765.0,2019-02-14,252.0,-0.2502%,0.0001,1.0086,-0.2693,0.1162,0.2458%,1.0776%,94.7963%,0.001602,DIA,85765.0,2019-02-15,252.0,1.6413%,0.0001,1.0154,-0.2626,0.128,0.2462%,1.0803%,94.8078%,0.005032,DIA,85765.0,2019-02-19,252.0,0.0619%,0.0001,1.0149,-0.263,0.1276,0.2462%,1.0774%,94.7770%,-0.001033,DIA,85765.0,2019-02-20,252.0,0.2666%,0.0001,1.015,-0.2632,0.1277,0.2462%,1.0775%,94.7790%,0.000514,DIA,85765.0,2019-02-21,252.0,-0.3738%,0.0002,1.0132,-0.2668,0.1245,0.2442%,1.0757%,94.8453%,2.7e-05,DIA,85765.0,2019-02-22,252.0,0.6344%,0.0002,1.0128,-0.2654,0.1206,0.2448%,1.0755%,94.8183%,0.002956,DIA,-0.0016159999999999,-0.003119,-0.002375,0.001372,0.008868
36147,SPDR DOW JONES IND AVG ETF TRUST,Fed's Kaplan Says He IS Skeptical Of Negative Rates,6,uncertain,0.6,0.3,"while skepticism about negative rates may suggest a more stable economic outlook, the overall impact on the spdr dow jones ind avg etf trust is uncertain as it depends on broader market reactions and investor sentiment.",1,2019-02-07,DIA,2019-02-07 15:34:00+00:00,85765.0,78467X10,-0.0077598821371793,3884789.0,-0.0023024477995932,-0.0003544321807567,-0.0015120359603315,0.006499680224806,0.0143061941489577,0.0073459423147141,0.004989605396986,0.0014393116580322,-0.0025019522290676,-0.0002398175711277,0.0164131131023168,0.0181921198964119,0.0006186107057146,0.0024887826293706,0.0026660580188035,-0.009256612509489,-0.0037379623390734,0.0078217219561338,0.0063436143100261,-0.0010174182243645,0.0027674259617924,0.0070491852238774,-0.0013415849534794,-0.0123456912115216,-0.0025716335512697,0.0140436831861734,-0.0022703518625348,0.0080211795866489,0.004396847449243,0.0050698188133537,-0.0082175508141517,0.0071147438138723,-0.0003484448534436,-0.003918636124581,-0.0051125423051416,-0.0004999796510674,-0.0080196112394332,0.0045203492045402,-0.0003924133488908,0.0042030937038362,0.0080483807250857,0.0108769442886114,-0.0035052543971687,0.0046098763123154,0.005823518615216,0.0333450846374034,0.0007383036427199,-0.0284538883715868,0.0052210441790521,0.0006861220463179,0.0025160405784845,0.0118014635518193,-0.0004246702883392,-0.0033728219568729,-0.0061418274417519,0.0111494371667504,0.0089003769680857,0.0486474111676216,-0.0177979040890932,-0.0267302878201007,0.0004314426041673,-0.0182797983288765,0.0054494221694767,-0.0194070730358362,-0.0013647590531036,-0.0165992695838213,0.003787440015003,0.0039335447363555,0.0079742427915334,-0.0206693951040506,0.0125805959105491,-0.0196938570588827,-0.002667831024155,0.0015861371066421,0.0011845984263345,0.0067559643648564,0.0067938882857561,-0.0019615502096712,0.0014406129484996,0.001637301640585,-0.0035584585275501,-0.0216642785817384,-0.0064964345656335,-0.0040282155387103,0.000344141095411,-0.0309203211218118,-0.0007645726436749,0.0126023115590214,0.0102142831310629,0.0075712692923843,-0.0009846243774518,-0.0009848723420873,0.0027292415034025,0.0256161466240882,0.0,0.0045050554908812,0.0044893538579344,0.0147440461441874,-0.001845120685175,-0.0075209336355328,0.0053193634375929,0.0006134719587862,-0.0021014618687331,-0.0214520152658224,-0.0052271909080445,-0.0164928250014782,0.0030620254110544,0.00565074570477,0.0003768979513552,0.0092064784839749,0.001318588387221,-0.0084959845989942,-0.0061703398823738,-0.0045629912056028,-0.0048078326508402,-0.0225690919905901,0.0079503813758492,-0.0076688658446073,-0.0026418545749038,0.0012224285164847,-0.0023024477995932,-0.0003544321807567,-0.003811002376055,0.006142944348213,0.0104406708330087,0.0135340123777516,0.0129416826756847,0.0147493905886841,0.0356177107947202,0.033167807469371,0.017018658317393,0.1336902527700594,0.054781047057818,-0.0245646739300723,2019-02-08,2019-02-11,2019-02-12,2019-02-13,2019-02-14,2019-02-15,2019-02-19,2019-02-20,2019-02-21,2019-02-22,85765.0,2019-02-07,252.0,-0.7760%,0.0001,1.0106,-0.2686,0.1165,0.2470%,1.1123%,95.0707%,0.000758,DIA,85765.0,2019-02-08,252.0,-0.2302%,0.0001,1.0112,-0.2717,0.1168,0.2461%,1.1124%,95.1050%,-0.002374,DIA,85765.0,2019-02-11,252.0,-0.1512%,0.0001,1.0083,-0.2712,0.1156,0.2460%,1.0822%,94.8327%,-0.001503,DIA,85765.0,2019-02-12,252.0,1.4306%,0.0001,1.0096,-0.2723,0.1164,0.2459%,1.0823%,94.8403%,0.000744,DIA,85765.0,2019-02-13,252.0,0.4990%,0.0001,1.0088,-0.2702,0.1173,0.2458%,1.0775%,94.7982%,0.0021449999999999,DIA,85765.0,2019-02-14,252.0,-0.2502%,0.0001,1.0086,-0.2693,0.1162,0.2458%,1.0776%,94.7963%,0.001602,DIA,85765.0,2019-02-15,252.0,1.6413%,0.0001,1.0154,-0.2626,0.128,0.2462%,1.0803%,94.8078%,0.005032,DIA,85765.0,2019-02-19,252.0,0.0619%,0.0001,1.0149,-0.263,0.1276,0.2462%,1.0774%,94.7770%,-0.001033,DIA,85765.0,2019-02-20,252.0,0.2666%,0.0001,1.015,-0.2632,0.1277,0.2462%,1.0775%,94.7790%,0.000514,DIA,85765.0,2019-02-21,252.0,-0.3738%,0.0002,1.0132,-0.2668,0.1245,0.2442%,1.0757%,94.8453%,2.7e-05,DIA,85765.0,2019-02-22,252.0,0.6344%,0.0002,1.0128,-0.2654,0.1206,0.2448%,1.0755%,94.8183%,0.002956,DIA,-0.0016159999999999,-0.003119,-0.002375,0.001372,0.008868
36155,SPDR DOW JONES IND AVG ETF TRUST,Fed's Kaplan Repeats View That High National Debt Will Be A Headwind In The Longer Term For US Growth,6,decrease,0.7,0.6,"concerns about high national debt as a headwind for us growth may lead to negative sentiment in the market, potentially decreasing the stock price of the spdr dow jones ind avg etf trust.",0,2019-02-07,DIA,2019-02-07 15:32:00+00:00,85765.0,78467X10,-0.0077598821371793,3884789.0,-0.0023024477995932,-0.0003544321807567,-0.0015120359603315,0.006499680224806,0.0143061941489577,0.0073459423147141,0.004989605396986,0.0014393116580322,-0.0025019522290676,-0.0002398175711277,0.0164131131023168,0.0181921198964119,0.0006186107057146,0.0024887826293706,0.0026660580188035,-0.009256612509489,-0.0037379623390734,0.0078217219561338,0.0063436143100261,-0.0010174182243645,0.0027674259617924,0.0070491852238774,-0.0013415849534794,-0.0123456912115216,-0.0025716335512697,0.0140436831861734,-0.0022703518625348,0.0080211795866489,0.004396847449243,0.0050698188133537,-0.0082175508141517,0.0071147438138723,-0.0003484448534436,-0.003918636124581,-0.0051125423051416,-0.0004999796510674,-0.0080196112394332,0.0045203492045402,-0.0003924133488908,0.0042030937038362,0.0080483807250857,0.0108769442886114,-0.0035052543971687,0.0046098763123154,0.005823518615216,0.0333450846374034,0.0007383036427199,-0.0284538883715868,0.0052210441790521,0.0006861220463179,0.0025160405784845,0.0118014635518193,-0.0004246702883392,-0.0033728219568729,-0.0061418274417519,0.0111494371667504,0.0089003769680857,0.0486474111676216,-0.0177979040890932,-0.0267302878201007,0.0004314426041673,-0.0182797983288765,0.0054494221694767,-0.0194070730358362,-0.0013647590531036,-0.0165992695838213,0.003787440015003,0.0039335447363555,0.0079742427915334,-0.0206693951040506,0.0125805959105491,-0.0196938570588827,-0.002667831024155,0.0015861371066421,0.0011845984263345,0.0067559643648564,0.0067938882857561,-0.0019615502096712,0.0014406129484996,0.001637301640585,-0.0035584585275501,-0.0216642785817384,-0.0064964345656335,-0.0040282155387103,0.000344141095411,-0.0309203211218118,-0.0007645726436749,0.0126023115590214,0.0102142831310629,0.0075712692923843,-0.0009846243774518,-0.0009848723420873,0.0027292415034025,0.0256161466240882,0.0,0.0045050554908812,0.0044893538579344,0.0147440461441874,-0.001845120685175,-0.0075209336355328,0.0053193634375929,0.0006134719587862,-0.0021014618687331,-0.0214520152658224,-0.0052271909080445,-0.0164928250014782,0.0030620254110544,0.00565074570477,0.0003768979513552,0.0092064784839749,0.001318588387221,-0.0084959845989942,-0.0061703398823738,-0.0045629912056028,-0.0048078326508402,-0.0225690919905901,0.0079503813758492,-0.0076688658446073,-0.0026418545749038,0.0012224285164847,-0.0023024477995932,-0.0003544321807567,-0.003811002376055,0.006142944348213,0.0104406708330087,0.0135340123777516,0.0129416826756847,0.0147493905886841,0.0356177107947202,0.033167807469371,0.017018658317393,0.1336902527700594,0.054781047057818,-0.0245646739300723,2019-02-08,2019-02-11,2019-02-12,2019-02-13,2019-02-14,2019-02-15,2019-02-19,2019-02-20,2019-02-21,2019-02-22,85765.0,2019-02-07,252.0,-0.7760%,0.0001,1.0106,-0.2686,0.1165,0.2470%,1.1123%,95.0707%,0.000758,DIA,85765.0,2019-02-08,252.0,-0.2302%,0.0001,1.0112,-0.2717,0.1168,0.2461%,1.1124%,95.1050%,-0.002374,DIA,85765.0,2019-02-11,252.0,-0.1512%,0.0001,1.0083,-0.2712,0.1156,0.2460%,1.0822%,94.8327%,-0.001503,DIA,85765.0,2019-02-12,252.0,1.4306%,0.0001,1.0096,-0.2723,0.1164,0.2459%,1.0823%,94.8403%,0.000744,DIA,85765.0,2019-02-13,252.0,0.4990%,0.0001,1.0088,-0.2702,0.1173,0.2458%,1.0775%,94.7982%,0.0021449999999999,DIA,85765.0,2019-02-14,252.0,-0.2502%,0.0001,1.0086,-0.2693,0.1162,0.2458%,1.0776%,94.7963%,0.001602,DIA,85765.0,2019-02-15,252.0,1.6413%,0.0001,1.0154,-0.2626,0.128,0.2462%,1.0803%,94.8078%,0.005032,DIA,85765.0,2019-02-19,252.0,0.0619%,0.0001,1.0149,-0.263,0.1276,0.2462%,1.0774%,94.7770%,-0.001033,DIA,85765.0,2019-02-20,252.0,0.2666%,0.0001,1.015,-0.2632,0.1277,0.2462%,1.0775%,94.7790%,0.000514,DIA,85765.0,2019-02-21,252.0,-0.3738%,0.0002,1.0132,-0.2668,0.1245,0.2442%,1.0757%,94.8453%,2.7e-05,DIA,85765.0,2019-02-22,252.0,0.6344%,0.0002,1.0128,-0.2654,0.1206,0.2448%,1.0755%,94.8183%,0.002956,DIA,-0.0016159999999999,-0.003119,-0.002375,0.001372,0.008868
36163,SPDR DOW JONES IND AVG ETF TRUST,Fed's Kaplan Says Does Not Think Fed Should Be Stimulating Economy At This Point,6,decrease,0.7,0.6,"if the fed is not stimulating the economy, it may signal a lack of support for growth, which could negatively impact investor sentiment and lead to a decrease in the spdr dow jones ind avg etf trust's stock price.",0,2019-02-07,DIA,2019-02-07 15:27:00+00:00,85765.0,78467X10,-0.0077598821371793,3884789.0,-0.0023024477995932,-0.0003544321807567,-0.0015120359603315,0.006499680224806,0.0143061941489577,0.0073459423147141,0.004989605396986,0.0014393116580322,-0.0025019522290676,-0.0002398175711277,0.0164131131023168,0.0181921198964119,0.0006186107057146,0.0024887826293706,0.0026660580188035,-0.009256612509489,-0.0037379623390734,0.0078217219561338,0.0063436143100261,-0.0010174182243645,0.0027674259617924,0.0070491852238774,-0.0013415849534794,-0.0123456912115216,-0.0025716335512697,0.0140436831861734,-0.0022703518625348,0.0080211795866489,0.004396847449243,0.0050698188133537,-0.0082175508141517,0.0071147438138723,-0.0003484448534436,-0.003918636124581,-0.0051125423051416,-0.0004999796510674,-0.0080196112394332,0.0045203492045402,-0.0003924133488908,0.0042030937038362,0.0080483807250857,0.0108769442886114,-0.0035052543971687,0.0046098763123154,0.005823518615216,0.0333450846374034,0.0007383036427199,-0.0284538883715868,0.0052210441790521,0.0006861220463179,0.0025160405784845,0.0118014635518193,-0.0004246702883392,-0.0033728219568729,-0.0061418274417519,0.0111494371667504,0.0089003769680857,0.0486474111676216,-0.0177979040890932,-0.0267302878201007,0.0004314426041673,-0.0182797983288765,0.0054494221694767,-0.0194070730358362,-0.0013647590531036,-0.0165992695838213,0.003787440015003,0.0039335447363555,0.0079742427915334,-0.0206693951040506,0.0125805959105491,-0.0196938570588827,-0.002667831024155,0.0015861371066421,0.0011845984263345,0.0067559643648564,0.0067938882857561,-0.0019615502096712,0.0014406129484996,0.001637301640585,-0.0035584585275501,-0.0216642785817384,-0.0064964345656335,-0.0040282155387103,0.000344141095411,-0.0309203211218118,-0.0007645726436749,0.0126023115590214,0.0102142831310629,0.0075712692923843,-0.0009846243774518,-0.0009848723420873,0.0027292415034025,0.0256161466240882,0.0,0.0045050554908812,0.0044893538579344,0.0147440461441874,-0.001845120685175,-0.0075209336355328,0.0053193634375929,0.0006134719587862,-0.0021014618687331,-0.0214520152658224,-0.0052271909080445,-0.0164928250014782,0.0030620254110544,0.00565074570477,0.0003768979513552,0.0092064784839749,0.001318588387221,-0.0084959845989942,-0.0061703398823738,-0.0045629912056028,-0.0048078326508402,-0.0225690919905901,0.0079503813758492,-0.0076688658446073,-0.0026418545749038,0.0012224285164847,-0.0023024477995932,-0.0003544321807567,-0.003811002376055,0.006142944348213,0.0104406708330087,0.0135340123777516,0.0129416826756847,0.0147493905886841,0.0356177107947202,0.033167807469371,0.017018658317393,0.1336902527700594,0.054781047057818,-0.0245646739300723,2019-02-08,2019-02-11,2019-02-12,2019-02-13,2019-02-14,2019-02-15,2019-02-19,2019-02-20,2019-02-21,2019-02-22,85765.0,2019-02-07,252.0,-0.7760%,0.0001,1.0106,-0.2686,0.1165,0.2470%,1.1123%,95.0707%,0.000758,DIA,85765.0,2019-02-08,252.0,-0.2302%,0.0001,1.0112,-0.2717,0.1168,0.2461%,1.1124%,95.1050%,-0.002374,DIA,85765.0,2019-02-11,252.0,-0.1512%,0.0001,1.0083,-0.2712,0.1156,0.2460%,1.0822%,94.8327%,-0.001503,DIA,85765.0,2019-02-12,252.0,1.4306%,0.0001,1.0096,-0.2723,0.1164,0.2459%,1.0823%,94.8403%,0.000744,DIA,85765.0,2019-02-13,252.0,0.4990%,0.0001,1.0088,-0.2702,0.1173,0.2458%,1.0775%,94.7982%,0.0021449999999999,DIA,85765.0,2019-02-14,252.0,-0.2502%,0.0001,1.0086,-0.2693,0.1162,0.2458%,1.0776%,94.7963%,0.001602,DIA,85765.0,2019-02-15,252.0,1.6413%,0.0001,1.0154,-0.2626,0.128,0.2462%,1.0803%,94.8078%,0.005032,DIA,85765.0,2019-02-19,252.0,0.0619%,0.0001,1.0149,-0.263,0.1276,0.2462%,1.0774%,94.7770%,-0.001033,DIA,85765.0,2019-02-20,252.0,0.2666%,0.0001,1.015,-0.2632,0.1277,0.2462%,1.0775%,94.7790%,0.000514,DIA,85765.0,2019-02-21,252.0,-0.3738%,0.0002,1.0132,-0.2668,0.1245,0.2442%,1.0757%,94.8453%,2.7e-05,DIA,85765.0,2019-02-22,252.0,0.6344%,0.0002,1.0128,-0.2654,0.1206,0.2448%,1.0755%,94.8183%,0.002956,DIA,-0.0016159999999999,-0.003119,-0.002375,0.001372,0.008868
36171,SPDR DOW JONES IND AVG ETF TRUST,Is US Unemployment So Low That A Recession Is Unavoidable?,6,uncertain,0.7,0.5,"while low unemployment can indicate a strong economy, concerns about an impending recession may lead to mixed investor sentiment, making the impact on the etf's stock price uncertain.",1,2019-02-07,DIA,2019-02-07 13:52:00+00:00,85765.0,78467X10,-0.0077598821371793,3884789.0,-0.0023024477995932,-0.0003544321807567,-0.0015120359603315,0.006499680224806,0.0143061941489577,0.0073459423147141,0.004989605396986,0.0014393116580322,-0.0025019522290676,-0.0002398175711277,0.0164131131023168,0.0181921198964119,0.0006186107057146,0.0024887826293706,0.0026660580188035,-0.009256612509489,-0.0037379623390734,0.0078217219561338,0.0063436143100261,-0.0010174182243645,0.0027674259617924,0.0070491852238774,-0.0013415849534794,-0.0123456912115216,-0.0025716335512697,0.0140436831861734,-0.0022703518625348,0.0080211795866489,0.004396847449243,0.0050698188133537,-0.0082175508141517,0.0071147438138723,-0.0003484448534436,-0.003918636124581,-0.0051125423051416,-0.0004999796510674,-0.0080196112394332,0.0045203492045402,-0.0003924133488908,0.0042030937038362,0.0080483807250857,0.0108769442886114,-0.0035052543971687,0.0046098763123154,0.005823518615216,0.0333450846374034,0.0007383036427199,-0.0284538883715868,0.0052210441790521,0.0006861220463179,0.0025160405784845,0.0118014635518193,-0.0004246702883392,-0.0033728219568729,-0.0061418274417519,0.0111494371667504,0.0089003769680857,0.0486474111676216,-0.0177979040890932,-0.0267302878201007,0.0004314426041673,-0.0182797983288765,0.0054494221694767,-0.0194070730358362,-0.0013647590531036,-0.0165992695838213,0.003787440015003,0.0039335447363555,0.0079742427915334,-0.0206693951040506,0.0125805959105491,-0.0196938570588827,-0.002667831024155,0.0015861371066421,0.0011845984263345,0.0067559643648564,0.0067938882857561,-0.0019615502096712,0.0014406129484996,0.001637301640585,-0.0035584585275501,-0.0216642785817384,-0.0064964345656335,-0.0040282155387103,0.000344141095411,-0.0309203211218118,-0.0007645726436749,0.0126023115590214,0.0102142831310629,0.0075712692923843,-0.0009846243774518,-0.0009848723420873,0.0027292415034025,0.0256161466240882,0.0,0.0045050554908812,0.0044893538579344,0.0147440461441874,-0.001845120685175,-0.0075209336355328,0.0053193634375929,0.0006134719587862,-0.0021014618687331,-0.0214520152658224,-0.0052271909080445,-0.0164928250014782,0.0030620254110544,0.00565074570477,0.0003768979513552,0.0092064784839749,0.001318588387221,-0.0084959845989942,-0.0061703398823738,-0.0045629912056028,-0.0048078326508402,-0.0225690919905901,0.0079503813758492,-0.0076688658446073,-0.0026418545749038,0.0012224285164847,-0.0023024477995932,-0.0003544321807567,-0.003811002376055,0.006142944348213,0.0104406708330087,0.0135340123777516,0.0129416826756847,0.0147493905886841,0.0356177107947202,0.033167807469371,0.017018658317393,0.1336902527700594,0.054781047057818,-0.0245646739300723,2019-02-08,2019-02-11,2019-02-12,2019-02-13,2019-02-14,2019-02-15,2019-02-19,2019-02-20,2019-02-21,2019-02-22,85765.0,2019-02-07,252.0,-0.7760%,0.0001,1.0106,-0.2686,0.1165,0.2470%,1.1123%,95.0707%,0.000758,DIA,85765.0,2019-02-08,252.0,-0.2302%,0.0001,1.0112,-0.2717,0.1168,0.2461%,1.1124%,95.1050%,-0.002374,DIA,85765.0,2019-02-11,252.0,-0.1512%,0.0001,1.0083,-0.2712,0.1156,0.2460%,1.0822%,94.8327%,-0.001503,DIA,85765.0,2019-02-12,252.0,1.4306%,0.0001,1.0096,-0.2723,0.1164,0.2459%,1.0823%,94.8403%,0.000744,DIA,85765.0,2019-02-13,252.0,0.4990%,0.0001,1.0088,-0.2702,0.1173,0.2458%,1.0775%,94.7982%,0.0021449999999999,DIA,85765.0,2019-02-14,252.0,-0.2502%,0.0001,1.0086,-0.2693,0.1162,0.2458%,1.0776%,94.7963%,0.001602,DIA,85765.0,2019-02-15,252.0,1.6413%,0.0001,1.0154,-0.2626,0.128,0.2462%,1.0803%,94.8078%,0.005032,DIA,85765.0,2019-02-19,252.0,0.0619%,0.0001,1.0149,-0.263,0.1276,0.2462%,1.0774%,94.7770%,-0.001033,DIA,85765.0,2019-02-20,252.0,0.2666%,0.0001,1.015,-0.2632,0.1277,0.2462%,1.0775%,94.7790%,0.000514,DIA,85765.0,2019-02-21,252.0,-0.3738%,0.0002,1.0132,-0.2668,0.1245,0.2442%,1.0757%,94.8453%,2.7e-05,DIA,85765.0,2019-02-22,252.0,0.6344%,0.0002,1.0128,-0.2654,0.1206,0.2448%,1.0755%,94.8183%,0.002956,DIA,-0.0016159999999999,-0.003119,-0.002375,0.001372,0.008868
36179,D T E ENERGY CO,DTE Q4 Net Operating EPS $0.91,6,increase,0.7,0.6,"a net operating eps of $0.91 suggests strong financial performance, which is likely to positively influence investor sentiment and increase the stock price.",2,2019-02-07,DTE,2019-02-07 12:17:00+00:00,11674.0,23333110,0.0104202358052134,1305075.0,0.0021977557335048,-0.0018755431519821,0.0040486115030944,-0.0007666440214961,0.003780216211453,0.0002556133258622,-0.0011716410517692,-0.0033120966982096,-0.0011730154510587,0.0213374886661768,0.0050331219099462,0.0031323467846959,0.0058426223695278,0.0072743371129035,0.0104555180296301,-0.000262847461272,0.0079658478498458,-0.0118614956736564,0.007984384894371,0.0107640093192458,-0.0072745028883218,0.0108810663223266,-0.0042338105849921,0.0005310458363965,0.0004905769019387,-0.0018552794354036,0.0098071014508605,0.0130672072991728,-0.0053415023721754,0.004314636811614,0.0017086988082155,0.0118235843256115,-0.0028429734520614,-0.0170749481767416,-0.0030955106485635,0.0014324410585686,0.000980574870482,0.0148087330162525,0.0057142609730362,-0.0047020222991704,0.0039773173630237,0.0088486913591623,0.0029913098551332,-0.0033638977911323,0.0008061107946559,0.0152298463508486,0.0017718555172905,0.0041708867065608,0.004381782375276,-0.0218495335429906,-0.0051621794700622,0.0017255693674087,-0.0097291795536875,-0.0004539129440672,0.002128722378984,0.0046511823311448,0.0068627148866653,0.0064250077120959,0.0133885229006409,-0.0447172820568084,0.0017615599790588,-0.0042779627256095,0.0063943974673748,0.0064142285846173,-0.0057183797471225,0.0015840914566069,-0.0112629095092415,-0.0044682156294584,0.0077556883916258,-0.0345119424164295,-0.007535632699728,-0.0054665203206241,0.0008077421225607,0.0090955179184675,-0.0034705430734902,-0.0094269197434186,-0.0052644489333033,0.0046936986036598,0.0094447452574968,-0.0017570204799994,-0.010969515889883,0.001088845427148,0.0049747233279049,0.0018461124273017,-0.001785289379768,8.387467823922634e-05,0.0073977401480078,-0.0048437798395752,0.0040348614566028,0.017591567710042,0.0003214990720152,0.0022998009808361,-0.0132572837173938,-0.0008510508341714,0.0,0.0068552107550203,0.0032570762559771,0.0002571250661276,-0.0039769327268004,-0.000685240549501,0.0034224099945276,-0.0147679327055811,0.0073087667115032,-0.0059558684006333,0.0010480268392711,0.001512226415798,0.0013690760824829,-0.0023468174040317,-0.0057905227877199,0.0001676305109867,0.0169066190719604,-0.0055022598244249,-0.0135231642052531,0.0075597972609102,0.0008870301535353,0.0077027566730976,0.0088623790070414,0.0151228923350572,-0.0011180273722857,0.0020664532203227,0.0021977557335048,-0.0018755431519821,0.006255265095743,-0.0026407492995337,0.0100591275617178,-0.0023858109843827,0.007692274037889,0.0155260725892882,0.0458157065366235,0.0245909272264841,0.0637525983168478,0.0265672832516652,0.065370947120583,0.0161519693604224,2019-02-08,2019-02-11,2019-02-12,2019-02-13,2019-02-14,2019-02-15,2019-02-19,2019-02-20,2019-02-21,2019-02-22,11674.0,2019-02-07,252.0,1.0420%,0.0008,0.0802,-0.5419,-0.1768,1.0524%,1.0943%,7.5115%,0.010961,DTE,11674.0,2019-02-08,252.0,0.2198%,0.0008,0.0802,-0.5436,-0.1779,1.0523%,1.0943%,7.5174%,0.001077,DTE,11674.0,2019-02-11,252.0,0.4049%,0.0008,0.081,-0.5347,-0.1727,1.0533%,1.0930%,7.1474%,0.007833,DTE,11674.0,2019-02-12,252.0,0.3780%,0.0007,0.0693,-0.5186,-0.1816,1.0446%,1.0815%,6.7214%,0.002392,DTE,11674.0,2019-02-13,252.0,-0.1172%,0.0007,0.0703,-0.521,-0.1825,1.0445%,1.0816%,6.7470%,-0.001027,DTE,11674.0,2019-02-14,252.0,-0.1173%,0.0007,0.0698,-0.5214,-0.1811,1.0431%,1.0803%,6.7653%,0.000526,DTE,11674.0,2019-02-15,252.0,0.5033%,0.0008,0.0812,-0.5106,-0.1618,1.0420%,1.0786%,6.6733%,0.006317,DTE,11674.0,2019-02-19,252.0,0.5843%,0.0007,0.0777,-0.4996,-0.1491,1.0383%,1.0730%,6.3636%,0.007554,DTE,11674.0,2019-02-20,252.0,1.0456%,0.0007,0.0789,-0.5064,-0.1474,1.0320%,1.0678%,6.5826%,0.0121269999999999,DTE,11674.0,2019-02-21,252.0,0.7966%,0.0008,0.0694,-0.524,-0.1647,1.0237%,1.0612%,6.9474%,0.0074639999999999,DTE,11674.0,2019-02-22,252.0,0.7984%,0.0009,0.068,-0.5107,-0.1702,1.0232%,1.0587%,6.6056%,0.007894,DTE,0.012038,0.019871,0.0222629999999999,0.0217619999999999,0.063118
36187,D T E ENERGY CO,DTE Energy Q4 Net Operating Income $165M,6,increase,0.7,0.6,"a net operating income of $165 million in q4 suggests strong financial performance, which is likely to positively influence investor sentiment and increase the stock price.",2,2019-02-07,DTE,2019-02-07 12:17:00+00:00,11674.0,23333110,0.0104202358052134,1305075.0,0.0021977557335048,-0.0018755431519821,0.0040486115030944,-0.0007666440214961,0.003780216211453,0.0002556133258622,-0.0011716410517692,-0.0033120966982096,-0.0011730154510587,0.0213374886661768,0.0050331219099462,0.0031323467846959,0.0058426223695278,0.0072743371129035,0.0104555180296301,-0.000262847461272,0.0079658478498458,-0.0118614956736564,0.007984384894371,0.0107640093192458,-0.0072745028883218,0.0108810663223266,-0.0042338105849921,0.0005310458363965,0.0004905769019387,-0.0018552794354036,0.0098071014508605,0.0130672072991728,-0.0053415023721754,0.004314636811614,0.0017086988082155,0.0118235843256115,-0.0028429734520614,-0.0170749481767416,-0.0030955106485635,0.0014324410585686,0.000980574870482,0.0148087330162525,0.0057142609730362,-0.0047020222991704,0.0039773173630237,0.0088486913591623,0.0029913098551332,-0.0033638977911323,0.0008061107946559,0.0152298463508486,0.0017718555172905,0.0041708867065608,0.004381782375276,-0.0218495335429906,-0.0051621794700622,0.0017255693674087,-0.0097291795536875,-0.0004539129440672,0.002128722378984,0.0046511823311448,0.0068627148866653,0.0064250077120959,0.0133885229006409,-0.0447172820568084,0.0017615599790588,-0.0042779627256095,0.0063943974673748,0.0064142285846173,-0.0057183797471225,0.0015840914566069,-0.0112629095092415,-0.0044682156294584,0.0077556883916258,-0.0345119424164295,-0.007535632699728,-0.0054665203206241,0.0008077421225607,0.0090955179184675,-0.0034705430734902,-0.0094269197434186,-0.0052644489333033,0.0046936986036598,0.0094447452574968,-0.0017570204799994,-0.010969515889883,0.001088845427148,0.0049747233279049,0.0018461124273017,-0.001785289379768,8.387467823922634e-05,0.0073977401480078,-0.0048437798395752,0.0040348614566028,0.017591567710042,0.0003214990720152,0.0022998009808361,-0.0132572837173938,-0.0008510508341714,0.0,0.0068552107550203,0.0032570762559771,0.0002571250661276,-0.0039769327268004,-0.000685240549501,0.0034224099945276,-0.0147679327055811,0.0073087667115032,-0.0059558684006333,0.0010480268392711,0.001512226415798,0.0013690760824829,-0.0023468174040317,-0.0057905227877199,0.0001676305109867,0.0169066190719604,-0.0055022598244249,-0.0135231642052531,0.0075597972609102,0.0008870301535353,0.0077027566730976,0.0088623790070414,0.0151228923350572,-0.0011180273722857,0.0020664532203227,0.0021977557335048,-0.0018755431519821,0.006255265095743,-0.0026407492995337,0.0100591275617178,-0.0023858109843827,0.007692274037889,0.0155260725892882,0.0458157065366235,0.0245909272264841,0.0637525983168478,0.0265672832516652,0.065370947120583,0.0161519693604224,2019-02-08,2019-02-11,2019-02-12,2019-02-13,2019-02-14,2019-02-15,2019-02-19,2019-02-20,2019-02-21,2019-02-22,11674.0,2019-02-07,252.0,1.0420%,0.0008,0.0802,-0.5419,-0.1768,1.0524%,1.0943%,7.5115%,0.010961,DTE,11674.0,2019-02-08,252.0,0.2198%,0.0008,0.0802,-0.5436,-0.1779,1.0523%,1.0943%,7.5174%,0.001077,DTE,11674.0,2019-02-11,252.0,0.4049%,0.0008,0.081,-0.5347,-0.1727,1.0533%,1.0930%,7.1474%,0.007833,DTE,11674.0,2019-02-12,252.0,0.3780%,0.0007,0.0693,-0.5186,-0.1816,1.0446%,1.0815%,6.7214%,0.002392,DTE,11674.0,2019-02-13,252.0,-0.1172%,0.0007,0.0703,-0.521,-0.1825,1.0445%,1.0816%,6.7470%,-0.001027,DTE,11674.0,2019-02-14,252.0,-0.1173%,0.0007,0.0698,-0.5214,-0.1811,1.0431%,1.0803%,6.7653%,0.000526,DTE,11674.0,2019-02-15,252.0,0.5033%,0.0008,0.0812,-0.5106,-0.1618,1.0420%,1.0786%,6.6733%,0.006317,DTE,11674.0,2019-02-19,252.0,0.5843%,0.0007,0.0777,-0.4996,-0.1491,1.0383%,1.0730%,6.3636%,0.007554,DTE,11674.0,2019-02-20,252.0,1.0456%,0.0007,0.0789,-0.5064,-0.1474,1.0320%,1.0678%,6.5826%,0.0121269999999999,DTE,11674.0,2019-02-21,252.0,0.7966%,0.0008,0.0694,-0.524,-0.1647,1.0237%,1.0612%,6.9474%,0.0074639999999999,DTE,11674.0,2019-02-22,252.0,0.7984%,0.0009,0.068,-0.5107,-0.1702,1.0232%,1.0587%,6.6056%,0.007894,DTE,0.012038,0.019871,0.0222629999999999,0.0217619999999999,0.063118
36195,DYNEX CAPITAL INC,"Dynex Capital Q4 EPS $0.18 Down From $0.20 YoY, Book Value $6.02/Share vs $7.34/Share In Same Qtr. Last Year",6,decrease,0.8,0.7,"the decline in eps and book value year-over-year suggests weakening financial performance, which is likely to negatively impact investor sentiment and lead to a decrease in stock price.",0,2019-02-07,DX,2019-02-07 12:56:00+00:00,75269.0,26817Q88,-0.0111821359023451,1552454.0,-0.014539604075253,0.0080515602603554,0.0131147420033812,0.0032310145907104,-0.0048543256707489,0.0130932768806815,-0.0016260443953797,0.0149501916021108,0.0,0.0033333301544189,-0.0016446961089968,0.0050251609645783,-0.0016474841395393,-0.0292683411389589,-0.0049504511989653,-0.0096618263050913,0.0016583335818722,0.0,0.0049669221043586,0.0016129402210935,0.0049422951415181,0.0032362430356442,0.0016393818659707,-0.0016155458288267,0.0,-0.0032206089235842,-0.001636698609218,0.0015974133275449,0.0032786855008453,0.0064309388399124,-0.0114378584548831,-0.0048000337556004,0.0016528514679521,0.0016026007942855,-0.0066006537526845,-0.0031949612312018,-0.0033222560305148,0.0096774874255061,0.0,0.0064935004338622,0.008333365432918,0.0016259759431704,-0.0016529303975403,0.01821194216609,-0.0033112552482634,0.018549770116806,0.0,0.0154109029099345,-0.0099667683243751,0.0209790859371423,0.0117449956014752,-0.017182195559144,-0.0049751591868698,0.0221465583890676,-0.0016667047748342,0.0017064423300325,0.0083472868427634,0.0427046716213226,-0.0100334351882338,0.0,-0.0033783752005547,-0.015761848539114,0.0135593088343739,-0.0305602438747882,0.0050167576409876,-0.0100840246304869,0.0083194198086857,0.0050675221718847,0.0049505298957228,-0.037398375570774,-0.0032840690109878,0.001628701807931,-0.0049423738382756,-0.0096774101257324,0.0033112552482634,-0.0032154312357306,0.0,0.0471380017697811,0.0115511836484074,-0.0116472830995917,0.0097879189997911,0.0016667047748342,-0.0064620291814208,0.0050251609645783,0.0,-0.0115894321352243,0.0016259759431704,0.0016583335818722,0.0,-0.0033057818654924,-0.0048700864426791,0.0066555673256516,0.0,0.0083892941474914,0.0,-0.0066666603088378,0.0032626485917717,0.0,0.0114942025393247,0.0067114029079675,-0.0064935004338622,-0.0016750004142522,0.01307188346982,-0.0016722790896892,-0.014516077004373,-0.0033333301544189,0.0049099395982921,0.0,-0.0048859501257538,-0.0082644941285252,-0.001636698609218,-0.0049341665580868,0.0016393818659707,0.0116472030058503,-0.0163665954023599,-0.0049668434076011,-0.0016639315290376,0.0033222560305148,-0.0033333301544189,-0.0033112552482634,-0.014539604075253,0.0080515602603554,-0.0016155452281499,0.0113085895597451,-0.0064620285162256,0.0245499329346623,-0.0080775653663538,0.0433333712681098,-0.0097089766340191,0.0096774880871095,-0.0244902689246736,0.1594239021982562,-0.0048950124204123,0.0788016941088092,2019-02-08,2019-02-11,2019-02-12,2019-02-13,2019-02-14,2019-02-15,2019-02-19,2019-02-20,2019-02-21,2019-02-22,75269.0,2019-02-07,252.0,-1.1182%,0.0005,0.3993,0.4913,0.2327,0.9002%,1.0098%,20.5284%,-0.007831,DX,75269.0,2019-02-08,252.0,-1.4540%,0.0005,0.4014,0.5039,0.2501,0.9023%,1.0129%,20.6416%,-0.0136389999999999,DX,75269.0,2019-02-11,252.0,1.3115%,0.0005,0.404,0.5125,0.256,0.9037%,1.0145%,20.6486%,0.0085519999999999,DX,75269.0,2019-02-12,252.0,-0.4854%,0.0005,0.3994,0.5105,0.254,0.9061%,1.0151%,20.3173%,-0.010115,DX,75269.0,2019-02-13,252.0,-0.1626%,0.0004,0.3964,0.5141,0.2538,0.9058%,1.0140%,20.2078%,-0.003329,DX,75269.0,2019-02-14,252.0,0.0000%,0.0004,0.3966,0.5136,0.2543,0.9058%,1.0140%,20.2019%,-0.0004689999999999,DX,75269.0,2019-02-15,252.0,-0.1645%,0.0004,0.3927,0.5091,0.2466,0.9075%,1.0134%,19.8101%,-0.008731,DX,75269.0,2019-02-19,252.0,-0.1647%,0.0003,0.3855,0.5146,0.2535,0.8995%,1.0039%,19.7081%,-0.00471,DX,75269.0,2019-02-20,252.0,-0.4950%,0.0003,0.3832,0.5101,0.2455,0.9011%,1.0044%,19.5099%,-0.008309,DX,75269.0,2019-02-21,252.0,0.1658%,0.0003,0.3783,0.5009,0.2365,0.8986%,0.9993%,19.1425%,0.003898,DX,75269.0,2019-02-22,252.0,0.4967%,0.0003,0.378,0.4995,0.2313,0.8987%,0.9993%,19.1254%,0.003129,DX,-0.0214699999999999,-0.0129179999999999,-0.0230329999999999,-0.0268309999999999,-0.041554
36203,ISHARES INC,Put The Clamps On Emerging Market Volatility With This ETF,6,increase,0.7,0.6,"the news suggests a strategy to mitigate volatility in emerging markets, which could attract investors seeking stability, potentially driving up ishares inc's stock price.",2,2019-02-07,EEMV,2019-02-07 20:17:00+00:00,13025.0,46428653,-0.0054026623256504,847302.0,-0.0032252355013042,-0.0096974056214094,-0.0049387076869606,0.0096218716353178,0.0025672004558146,0.0017756550805643,-0.003926312085241,-0.0041260146535933,0.0030848381575196,0.0067819859832525,-0.0023919253144413,0.0118373408913612,0.0037677893415093,0.0003432376543059,0.0056304046884179,-0.0044421376660466,-0.0027146225329488,0.0068810889497399,0.0090167168527841,0.0051876055076718,0.0075872018933296,0.0088974554091691,-0.0028446817304939,-0.0118944775313139,-0.0045309690758585,0.0038068420253694,-0.0096088955178856,0.00399582227692,0.0017021016683429,0.006117851473391,-0.0022089593112468,0.0038602808490395,0.0066416789777576,-0.0038454362656921,-0.0045677628368139,-0.0022671967744827,-0.0096872821450233,0.0066713672131299,-0.0039471345953643,0.0068050962872803,0.0136113185435533,0.0015046747867017,0.0011898638913407,0.001773404655978,0.0007639756659045,0.0232262518256902,-0.0043260846287012,-0.0114798098802566,0.0110751669853925,-0.0021478240378201,0.0079204784706234,0.0005372274317778,-0.0015047675697132,0.0041359383612871,0.003516394412145,-0.0012571783736348,-0.0003337303060106,0.013838349841535,-0.0183608494699001,-0.0032667932100594,0.0015303544932976,-0.0104166995733976,0.0013582005631178,0.005417104344815,-0.0081383446231484,-0.0055664852261543,0.0056410571560263,0.0042951735667884,0.007479153573513,-0.0063525112345814,0.0055677071213722,-0.0101310359314084,-0.0025167402345687,0.0028904427308589,0.0051303668878972,0.0092821372672915,0.0005857225041836,0.0069432654418051,0.003846789477393,-0.0065440880134701,-0.0031655884813517,-0.0160111058503389,-0.0013371524401009,0.0019180577946826,0.0036820287350565,-0.0084716752171516,-0.0085042873397469,0.0083681931719183,0.007399973925203,-0.0003485614724922,-0.0028380965813994,-0.0053735058754682,0.0021764787379652,0.0176397953182458,0.0003341205883771,0.002298395615071,-0.000167036341736,0.0118067944422364,-0.0028394549153745,-0.0039201248437166,0.0048576365225017,0.0109890224412083,-0.0075012627057731,-0.013856858946383,-0.0018475076649338,-0.0098504414781928,0.0052162436768412,0.0040621608495712,0.0015065307961776,0.0146953351795673,0.0014206765918061,0.0034166269470006,-0.0065926807001233,0.0118268113583326,0.0018481285078451,-0.0123989656567573,0.0050310119986534,-0.0113696819171309,-0.0128483306616544,-0.0140129486098885,-0.0032252355013042,-0.0096974056214094,-0.0081480146929023,-0.0001688411781763,-0.0056017318241213,0.001606514098692,-0.0064505362295165,0.0042387247557917,0.0067900445356934,0.0242088473347905,-0.0016974780323769,0.0749546486475385,0.0042437620779838,0.0535408779487551,2019-02-08,2019-02-11,2019-02-12,2019-02-13,2019-02-14,2019-02-15,2019-02-19,2019-02-20,2019-02-21,2019-02-22,13025.0,2019-02-07,252.0,-0.5403%,-0.0002,0.6265,-0.0679,-0.0144,0.5787%,0.8985%,58.5142%,0.000316,EEMV,13025.0,2019-02-08,252.0,-0.3225%,-0.0002,0.6268,-0.0557,-0.0052,0.5740%,0.8937%,58.7532%,-0.003955,EEMV,13025.0,2019-02-11,252.0,-0.4939%,-0.0002,0.617,-0.0537,-0.0092,0.5734%,0.8736%,56.9258%,-0.0055369999999999,EEMV,13025.0,2019-02-12,252.0,0.2567%,-0.0002,0.6124,-0.052,-0.0118,0.5742%,0.8709%,56.5226%,-0.005929,EEMV,13025.0,2019-02-13,252.0,-0.3926%,-0.0002,0.6132,-0.0555,-0.0138,0.5749%,0.8707%,56.4069%,-0.005702,EEMV,13025.0,2019-02-14,252.0,0.3085%,-0.0002,0.612,-0.053,-0.0164,0.5755%,0.8706%,56.3011%,0.004481,EEMV,13025.0,2019-02-15,252.0,-0.2392%,-0.0003,0.6002,-0.0646,-0.0369,0.5764%,0.8648%,55.5774%,-0.009196,EEMV,13025.0,2019-02-19,252.0,0.3768%,-0.0003,0.5995,-0.0608,-0.0325,0.5761%,0.8620%,55.3305%,0.002825,EEMV,13025.0,2019-02-20,252.0,0.5630%,-0.0003,0.6009,-0.0573,-0.0273,0.5769%,0.8627%,55.2783%,0.004704,EEMV,13025.0,2019-02-21,252.0,-0.2715%,-0.0002,0.5992,-0.0608,-0.0303,0.5761%,0.8613%,55.2524%,-0.000694,EEMV,13025.0,2019-02-22,252.0,0.9017%,-0.0002,0.5986,-0.0628,-0.0396,0.5768%,0.8631%,55.3376%,0.00491,EEMV,-0.003639,-0.009176,-0.015105,-0.016326,-0.0137769999999999
36211,EGAIN CORP,"eGain Corporation Raises FY19 SaaS Sales Growth From 25%-30% To 30%-35%, Raises Subscription Revenue Growth From 10%-15% To 13%-16%",6,increase,0.8,0.6,"the upward revision of saas sales and subscription revenue growth indicates stronger expected performance, which is likely to positively influence investor sentiment and drive the stock price higher.",2,2019-02-07,EGAN,2019-02-07 22:14:00+00:00,87227.0,28225C80,-0.0325097516179084,135195.0,0.4771504998207092,-0.0012986691435799,0.0636942535638809,0.0,-0.0179640762507915,0.0984307527542114,0.0026133002247661,-0.0209496673196554,0.0008688296074979,-0.0205198489129543,-0.0243056137114763,0.0310295894742012,0.0329181402921676,-0.0028129369020462,-0.0172265134751796,0.00851062964648,0.0140227740630507,0.0413589663803577,-0.0121002066880464,0.0134730767458677,0.010498677380383,-0.0074294488877058,-0.0242424011230468,-0.0494350157678127,-0.0053239054977893,-0.0139275640249252,0.0115967988967895,0.0112675949931144,-0.0123457089066505,0.0973725095391273,0.0892857164144516,-0.0015432451618835,-0.0073770619928836,-0.02262444794178,-0.0189925301820039,-0.0119224926456809,-0.0404040813446044,-0.002971765352413,0.0140351587906479,-0.0073746591806411,0.0155708780512213,-0.0029411735013127,0.0596251972019672,0.03186646848917,0.0016077539185062,0.044374044984579,-0.109951838850975,-0.0610118843615055,0.0144273983314633,0.0228309910744428,0.0008889092132449,-0.0120300631970167,-0.0213143657892942,-0.00894186925143,0.0127041181549429,0.0166666880249977,0.020609363913536,0.2110092043876648,-0.0570676513016223,-0.0197841972112655,-0.0316573716700077,-0.0495726428925991,0.0278846118599176,-0.0409836061298847,-0.0261926800012588,-0.058641992509365,0.0,-0.0270270016044378,0.003842455567792,-0.0579915568232536,-0.0095693236216902,0.0042613935656845,0.0048308437690138,-0.0056497124023735,0.0278846118599176,0.0014143920270726,-0.0299344900995492,-0.0084151392802596,-0.0009643422090448,0.0200286619365215,0.0019305461319163,-0.0042735342867672,-0.0028901477344334,0.0100719677284359,0.0038647304754704,-0.0782493576407432,0.0,0.0148048633709549,0.002887365873903,0.0,-0.0201535541564226,-0.0053547471761703,0.0048971781507134,0.0610795207321643,-0.0380117297172546,-0.0098453126847743,-0.0243160873651504,0.0215517375618219,-0.006230573169887,0.0086956433951854,0.0292581710964441,0.0329341739416122,0.0050760642625391,-0.0353791117668151,-0.0363636016845703,-0.107603095471859,0.0272536929696798,-0.0336238481104373,0.0224490072578191,0.0347937494516372,-0.0029940803069621,-0.0012869694037362,-0.0240240022540092,-0.0152091113850474,0.0082051204517483,-0.0761124268174171,0.0264496672898531,0.0595532916486263,0.0039643174968659,-0.0300842337310314,0.4771504998207092,-0.0012986691435799,0.5712364983083029,-0.0012986691435799,0.543010686044666,0.0970042546292502,0.5483871530112621,0.0519836034706266,0.5362903593644506,0.1511976449408449,0.44354835286607,0.383093558460075,0.3615591474083002,-0.0746089357439097,2019-02-08,2019-02-11,2019-02-12,2019-02-13,2019-02-14,2019-02-15,2019-02-19,2019-02-20,2019-02-21,2019-02-22,87227.0,2019-02-07,252.0,-3.2510%,0.0018,1.7604,0.6247,-1.4454,4.2879%,4.9551%,25.1188%,-0.0096189999999999,EGAN,87227.0,2019-02-08,252.0,47.7150%,0.0036,1.6798,0.5381,-1.8408,5.1802%,5.7830%,19.7605%,0.4651809999999999,EGAN,87227.0,2019-02-11,252.0,6.3694%,0.0035,1.8011,0.5019,-1.7968,5.1654%,5.7942%,20.5286%,0.061925,EGAN,87227.0,2019-02-12,252.0,-1.7964%,0.0031,1.7429,0.5403,-1.8334,5.1627%,5.7780%,20.1630%,-0.045713,EGAN,87227.0,2019-02-13,252.0,0.2613%,0.003,1.7312,0.5583,-1.8313,5.1606%,5.7696%,19.9987%,-0.001408,EGAN,87227.0,2019-02-14,252.0,0.0869%,0.0024,1.7259,0.5473,-1.8056,5.1027%,5.7095%,20.1278%,-0.00912,EGAN,87227.0,2019-02-15,252.0,-2.4306%,0.002,1.6557,0.48,-1.9252,5.0969%,5.6946%,19.8906%,-0.03661,EGAN,87227.0,2019-02-19,252.0,3.2918%,0.002,1.6465,0.5216,-1.8775,5.0911%,5.6752%,19.5249%,0.034056,EGAN,87227.0,2019-02-20,252.0,-1.7227%,0.0021,1.6466,0.5393,-1.8727,5.0855%,5.6706%,19.5697%,-0.011276,EGAN,87227.0,2019-02-21,252.0,1.4023%,0.0022,1.6405,0.53,-1.8839,5.0860%,5.6700%,19.5375%,0.016086,EGAN,87227.0,2019-02-22,252.0,-1.2100%,0.0019,1.6499,0.4832,-1.8144,5.0953%,5.6698%,19.2392%,-0.053472,EGAN,0.4555619999999999,0.5174869999999999,0.4717739999999999,0.4612459999999999,0.4100299999999998
36219,EGAIN CORP,"EGain Q2 EPS $0.09 Up From $0.02 YoY, Sales $17.7M Beat $16.28M Estimate",6,increase,0.8,0.6,the positive earnings per share (eps) growth and sales exceeding estimates are likely to boost investor confidence and lead to an increase in egain corp's stock price.,2,2019-02-07,EGAN,2019-02-07 22:13:00+00:00,87227.0,28225C80,-0.0325097516179084,135195.0,0.4771504998207092,-0.0012986691435799,0.0636942535638809,0.0,-0.0179640762507915,0.0984307527542114,0.0026133002247661,-0.0209496673196554,0.0008688296074979,-0.0205198489129543,-0.0243056137114763,0.0310295894742012,0.0329181402921676,-0.0028129369020462,-0.0172265134751796,0.00851062964648,0.0140227740630507,0.0413589663803577,-0.0121002066880464,0.0134730767458677,0.010498677380383,-0.0074294488877058,-0.0242424011230468,-0.0494350157678127,-0.0053239054977893,-0.0139275640249252,0.0115967988967895,0.0112675949931144,-0.0123457089066505,0.0973725095391273,0.0892857164144516,-0.0015432451618835,-0.0073770619928836,-0.02262444794178,-0.0189925301820039,-0.0119224926456809,-0.0404040813446044,-0.002971765352413,0.0140351587906479,-0.0073746591806411,0.0155708780512213,-0.0029411735013127,0.0596251972019672,0.03186646848917,0.0016077539185062,0.044374044984579,-0.109951838850975,-0.0610118843615055,0.0144273983314633,0.0228309910744428,0.0008889092132449,-0.0120300631970167,-0.0213143657892942,-0.00894186925143,0.0127041181549429,0.0166666880249977,0.020609363913536,0.2110092043876648,-0.0570676513016223,-0.0197841972112655,-0.0316573716700077,-0.0495726428925991,0.0278846118599176,-0.0409836061298847,-0.0261926800012588,-0.058641992509365,0.0,-0.0270270016044378,0.003842455567792,-0.0579915568232536,-0.0095693236216902,0.0042613935656845,0.0048308437690138,-0.0056497124023735,0.0278846118599176,0.0014143920270726,-0.0299344900995492,-0.0084151392802596,-0.0009643422090448,0.0200286619365215,0.0019305461319163,-0.0042735342867672,-0.0028901477344334,0.0100719677284359,0.0038647304754704,-0.0782493576407432,0.0,0.0148048633709549,0.002887365873903,0.0,-0.0201535541564226,-0.0053547471761703,0.0048971781507134,0.0610795207321643,-0.0380117297172546,-0.0098453126847743,-0.0243160873651504,0.0215517375618219,-0.006230573169887,0.0086956433951854,0.0292581710964441,0.0329341739416122,0.0050760642625391,-0.0353791117668151,-0.0363636016845703,-0.107603095471859,0.0272536929696798,-0.0336238481104373,0.0224490072578191,0.0347937494516372,-0.0029940803069621,-0.0012869694037362,-0.0240240022540092,-0.0152091113850474,0.0082051204517483,-0.0761124268174171,0.0264496672898531,0.0595532916486263,0.0039643174968659,-0.0300842337310314,0.4771504998207092,-0.0012986691435799,0.5712364983083029,-0.0012986691435799,0.543010686044666,0.0970042546292502,0.5483871530112621,0.0519836034706266,0.5362903593644506,0.1511976449408449,0.44354835286607,0.383093558460075,0.3615591474083002,-0.0746089357439097,2019-02-08,2019-02-11,2019-02-12,2019-02-13,2019-02-14,2019-02-15,2019-02-19,2019-02-20,2019-02-21,2019-02-22,87227.0,2019-02-07,252.0,-3.2510%,0.0018,1.7604,0.6247,-1.4454,4.2879%,4.9551%,25.1188%,-0.0096189999999999,EGAN,87227.0,2019-02-08,252.0,47.7150%,0.0036,1.6798,0.5381,-1.8408,5.1802%,5.7830%,19.7605%,0.4651809999999999,EGAN,87227.0,2019-02-11,252.0,6.3694%,0.0035,1.8011,0.5019,-1.7968,5.1654%,5.7942%,20.5286%,0.061925,EGAN,87227.0,2019-02-12,252.0,-1.7964%,0.0031,1.7429,0.5403,-1.8334,5.1627%,5.7780%,20.1630%,-0.045713,EGAN,87227.0,2019-02-13,252.0,0.2613%,0.003,1.7312,0.5583,-1.8313,5.1606%,5.7696%,19.9987%,-0.001408,EGAN,87227.0,2019-02-14,252.0,0.0869%,0.0024,1.7259,0.5473,-1.8056,5.1027%,5.7095%,20.1278%,-0.00912,EGAN,87227.0,2019-02-15,252.0,-2.4306%,0.002,1.6557,0.48,-1.9252,5.0969%,5.6946%,19.8906%,-0.03661,EGAN,87227.0,2019-02-19,252.0,3.2918%,0.002,1.6465,0.5216,-1.8775,5.0911%,5.6752%,19.5249%,0.034056,EGAN,87227.0,2019-02-20,252.0,-1.7227%,0.0021,1.6466,0.5393,-1.8727,5.0855%,5.6706%,19.5697%,-0.011276,EGAN,87227.0,2019-02-21,252.0,1.4023%,0.0022,1.6405,0.53,-1.8839,5.0860%,5.6700%,19.5375%,0.016086,EGAN,87227.0,2019-02-22,252.0,-1.2100%,0.0019,1.6499,0.4832,-1.8144,5.0953%,5.6698%,19.2392%,-0.053472,EGAN,0.4555619999999999,0.5174869999999999,0.4717739999999999,0.4612459999999999,0.4100299999999998
36227,ERICSSON,Ericsson Launches Critical Communications Broadband Networks Offering,6,increase,0.75,0.6,"the launch of a new offering in critical communications broadband networks suggests potential for revenue growth and market expansion, which is likely to positively impact ericsson's stock price.",2,2019-02-07,ERIC,2019-02-07 08:59:00+00:00,33452.0,29482160,-0.014689277857542,4026569.0,0.006880672648549,0.0125858820974826,0.0125285433605313,-0.0113122602924704,0.0168728474527597,0.0011325287632644,0.0353981964290142,-0.0089786676689982,-0.0021366991568356,-0.0066890097223222,0.001070688245818,0.0101351523771882,-0.026737967506051,0.016018345952034,0.0131868002936244,-0.0157658047974109,-0.0010846235090866,0.0422534793615341,0.0314875096082687,0.0070922481827437,-0.0336841791868209,0.0095465304329991,0.007625238969922,-0.0198830496519804,-0.0075675346888601,0.0118343653157353,-0.011982636526227,-0.003537704469636,0.0154355401173234,-0.0011778832413256,0.0043431012891232,0.0035460677463561,0.0086486404761672,-0.0082062948495149,-0.0096463188529014,-0.032879814505577,-0.0183982774615287,-0.0392157509922981,0.0154355401173234,0.0245536006987094,0.0141151044517755,0.0181818008422851,-0.0032119627576321,0.012658298946917,0.0042964513413608,0.0482508577406406,0.0128342118114233,-0.0393974669277668,0.016895443201065,-0.0270574726164341,-0.007268919609487,0.0195402391254901,0.0094141419976949,0.0259434282779693,0.0176165886223316,-0.0023529950994998,-0.001018256181851,0.0353227704763412,-0.0530071817338466,0.0024420584086328,0.0053821518085896,-0.0629290863871574,-0.0042826510034501,-0.0011428833240643,-0.0096774352714419,-0.013528736308217,0.0053438199684023,0.0011286940425634,0.0032787637319415,-0.0133630167692899,0.0196077711880207,-0.0239130724221468,0.0117522021755576,0.0032715084962546,0.0126715824007988,0.0432309582829475,-0.0093847913667559,0.0011389782885089,0.0021053112577646,0.0138568002730608,0.0168067049235105,-0.0159091297537088,-0.0061983903869986,0.045130655169487,0.0103950500488281,-0.0388128012418746,0.003086392302066,0.0441001020371913,0.0112820165231823,-0.0023780623450875,-0.0202839579433202,-0.0047337235882878,0.0020704409107565,0.0242424011230468,0.0733471065759658,-0.0213523488491773,-0.0269490554928779,0.010791384615004,0.0019782846793532,0.0208078417927026,-0.0029614740051329,0.0061576589941978,0.0039603919722139,-0.034482754766941,-0.0226824935525655,-0.0175234302878379,0.0131180742755532,0.0046948310919106,-0.0029880211222916,0.0047170892357826,-0.0109890718013048,-0.0493274144828319,-0.0101009523496031,0.0194285809993743,-0.0163265150040388,-0.0288568511605262,0.0,-0.0131434705108404,-0.0041493736207485,-0.0021857381798326,0.006880672648549,0.0125858820974826,0.0194954208147073,0.0011312470307152,0.036697211528901,0.0022650569637803,0.0711009021013078,-0.0133779141783036,0.0894495076308745,0.0460993302151218,0.0653669328422588,0.0805861802562883,0.1140582975654207,-0.0327868080665165,2019-02-08,2019-02-11,2019-02-12,2019-02-13,2019-02-14,2019-02-15,2019-02-19,2019-02-20,2019-02-21,2019-02-22,33452.0,2019-02-07,252.0,-1.4689%,0.0014,0.9182,0.2398,0.1617,1.8624%,2.1010%,21.4270%,-0.006522,ERIC,33452.0,2019-02-08,252.0,0.6881%,0.0014,0.9173,0.2367,0.1559,1.8626%,2.1013%,21.4232%,0.00695,ERIC,33452.0,2019-02-11,252.0,1.2529%,0.0014,0.9207,0.244,0.1616,1.8633%,2.0941%,20.8284%,0.009224,ERIC,33452.0,2019-02-12,252.0,1.6873%,0.0014,0.9157,0.2526,0.1575,1.8620%,2.0915%,20.7401%,0.004477,ERIC,33452.0,2019-02-13,252.0,3.5398%,0.0015,0.9131,0.2696,0.1681,1.8696%,2.0956%,20.4077%,0.032472,ERIC,33452.0,2019-02-14,252.0,-0.2137%,0.0015,0.9141,0.2686,0.1683,1.8691%,2.0955%,20.4454%,-0.000746,ERIC,33452.0,2019-02-15,252.0,0.1071%,0.0014,0.906,0.2601,0.1535,1.8707%,2.0934%,20.1440%,-0.010838,ERIC,33452.0,2019-02-19,252.0,-2.6738%,0.0013,0.8975,0.244,0.1361,1.8804%,2.0984%,19.6958%,-0.029774,ERIC,33452.0,2019-02-20,252.0,1.3187%,0.0014,0.9007,0.255,0.1486,1.8804%,2.0992%,19.7546%,0.010096,ERIC,33452.0,2019-02-21,252.0,-0.1085%,0.0014,0.8981,0.2499,0.1438,1.8800%,2.0975%,19.6656%,0.002669,ERIC,33452.0,2019-02-22,252.0,3.1488%,0.0015,0.8945,0.2553,0.1057,1.8864%,2.1059%,19.7634%,0.0262889999999999,ERIC,0.0004279999999999,0.0096519999999999,0.014129,0.045855,0.044297
36235,E S C O TECHNOLOGIES INC,"ESCO Technologies Sees Q2 Adj. EPS $0.58-$0.63 vs $0.65 Est., FY19 Adj. EPS $2.95-$3.03 vs $3.03 Est.",6,decrease,0.7,0.6,"the adjusted eps guidance for q2 is below the estimate, which may lead to negative sentiment among investors.",0,2019-02-07,ESE,2019-02-07 21:22:00+00:00,76478.0,29631510,-0.0077566863037645,113988.0,0.0203862953931093,0.0004564634582493,-0.0135196261107921,0.0079755261540412,0.0217755492776632,0.0050870077684521,0.0152012566104531,-0.003686036914587,-0.0117440251633524,0.0160736385732889,0.0243612509220838,0.0042313188314437,0.0043503921478986,-0.0043687778525054,0.0161708798259496,-0.011109416373074,-0.0099459644407033,-0.0024627314414829,0.004592418204993,0.0138888787478208,-0.0009999956237152,-0.0092764142900705,-0.0035750034730881,-0.019702985882759,-0.0033008519094437,0.0111877908930182,-0.003743621520698,0.0016886799130588,-0.0036132386885583,-0.0035184847656637,-0.0017406838014721,0.0029150419868528,-0.0008718041353859,-0.0086691966280341,-0.0104712219908833,-0.0052949846722185,-0.009406222961843,0.0044066393747925,-0.0010385711211711,0.0039663538336753,0.0148522201925516,0.0137642957270145,-0.0077564576640725,0.0024806768633425,0.0081120263785123,0.012558857910335,0.0019020466133952,-0.0171269383281469,0.0132884932681918,-0.0160727743059396,-0.0004323213652241,0.0116581451147794,-0.0007209205650724,0.0021521812304854,-0.0001442000793758,-0.006263306364417,0.0227993372827768,0.0351043231785297,-0.0299096386879682,-0.0356816127896308,-0.0187609195709228,0.0086128143593668,-0.0077071920968592,0.0153028685599565,-0.0095593640580773,-0.0204955097287893,-0.0025636884383857,-0.0015272770542651,0.0134562952443957,-0.0181436352431774,0.0214829556643962,-0.001048527425155,0.0004381034814286,-0.0114022903144359,0.0030692645814269,0.0098698372021317,0.0107825370505452,0.0099683385342359,0.0136946365237236,0.0037901760078966,0.0,-0.0093121463432908,-0.0093856090679764,0.0018056386616081,0.0219638049602508,-0.0515199191868305,0.0042140106670558,-0.0029880348592996,0.0114701315760612,0.0116596734151244,-0.003180690575391,-0.0084213009104132,0.0033296039327979,0.0289323143661022,0.0017975283553823,-0.0139030655845999,0.0070393672212958,0.0142479613423347,-0.0067159794270992,-0.0023446078412234,0.0215261150151491,0.005599723663181,0.0045927865430712,-0.007023642770946,-0.0289095267653465,-0.0032088861335068,-0.0008307609823532,0.0749451071023941,0.025221724063158,0.0307045523077249,0.0137874642387032,-0.0155901927500963,-0.0027999877929687,-0.0012710202718153,0.0008022136171348,-0.0361409559845924,0.0259185377508401,0.0016873846761882,-0.0013022329658269,0.0012287179706618,0.0203862953931093,0.0004564634582493,0.006591054190818,0.0084356301485402,0.0285101272938053,0.0135655500330897,0.0318823111691406,0.0260611445647005,0.0729614107576825,0.0260611440355569,0.0539546978341338,0.0038298019053044,0.1768803626211204,0.0110760164609986,2019-02-08,2019-02-11,2019-02-12,2019-02-13,2019-02-14,2019-02-15,2019-02-19,2019-02-20,2019-02-21,2019-02-22,76478.0,2019-02-07,252.0,-0.7757%,0.0005,0.9706,0.7836,0.3714,1.1768%,1.5793%,44.4782%,0.000612,ESE,76478.0,2019-02-08,252.0,2.0386%,0.0002,0.9693,0.7008,0.3115,1.0544%,1.4875%,49.7560%,0.021584,ESE,76478.0,2019-02-11,252.0,-1.3520%,0.0002,0.9421,0.699,0.2962,1.0561%,1.4614%,47.7768%,-0.0203189999999999,ESE,76478.0,2019-02-12,252.0,2.1776%,0.0003,0.9558,0.6881,0.3051,1.0532%,1.4671%,48.4652%,0.0092269999999999,ESE,76478.0,2019-02-13,252.0,1.5201%,0.0003,0.9565,0.6915,0.3085,1.0556%,1.4684%,48.3197%,0.0117989999999999,ESE,76478.0,2019-02-14,252.0,-1.1744%,0.0004,0.9611,0.686,0.3115,1.0441%,1.4621%,49.0091%,-0.011642,ESE,76478.0,2019-02-15,252.0,2.4361%,0.0004,0.9636,0.6892,0.3169,1.0455%,1.4629%,48.9245%,0.01019,ESE,76478.0,2019-02-19,252.0,0.4350%,0.0004,0.963,0.6893,0.317,1.0454%,1.4617%,48.8451%,-0.00053,ESE,76478.0,2019-02-20,252.0,1.6171%,0.0005,0.9667,0.7008,0.331,1.0464%,1.4647%,48.9630%,0.010981,ESE,76478.0,2019-02-21,252.0,-0.9946%,0.0005,0.9659,0.6981,0.3297,1.0464%,1.4631%,48.8538%,-0.005217,ESE,76478.0,2019-02-22,252.0,0.4592%,0.0005,0.9658,0.7058,0.3352,1.0457%,1.4631%,48.9169%,-0.00078,ESE,0.022196,0.001877,0.011104,0.011261,0.025905
36243,E S C O TECHNOLOGIES INC,"ESCO Technologies Q1 Adj. EPS $0.47 Beats $0.44 Estimate, Sales $183M Beat $171.59M Estimate",6,increase,0.8,0.6,"the company reported better-than-expected earnings and sales, which typically leads to positive investor sentiment and an increase in stock price.",2,2019-02-07,ESE,2019-02-07 21:21:00+00:00,76478.0,29631510,-0.0077566863037645,113988.0,0.0203862953931093,0.0004564634582493,-0.0135196261107921,0.0079755261540412,0.0217755492776632,0.0050870077684521,0.0152012566104531,-0.003686036914587,-0.0117440251633524,0.0160736385732889,0.0243612509220838,0.0042313188314437,0.0043503921478986,-0.0043687778525054,0.0161708798259496,-0.011109416373074,-0.0099459644407033,-0.0024627314414829,0.004592418204993,0.0138888787478208,-0.0009999956237152,-0.0092764142900705,-0.0035750034730881,-0.019702985882759,-0.0033008519094437,0.0111877908930182,-0.003743621520698,0.0016886799130588,-0.0036132386885583,-0.0035184847656637,-0.0017406838014721,0.0029150419868528,-0.0008718041353859,-0.0086691966280341,-0.0104712219908833,-0.0052949846722185,-0.009406222961843,0.0044066393747925,-0.0010385711211711,0.0039663538336753,0.0148522201925516,0.0137642957270145,-0.0077564576640725,0.0024806768633425,0.0081120263785123,0.012558857910335,0.0019020466133952,-0.0171269383281469,0.0132884932681918,-0.0160727743059396,-0.0004323213652241,0.0116581451147794,-0.0007209205650724,0.0021521812304854,-0.0001442000793758,-0.006263306364417,0.0227993372827768,0.0351043231785297,-0.0299096386879682,-0.0356816127896308,-0.0187609195709228,0.0086128143593668,-0.0077071920968592,0.0153028685599565,-0.0095593640580773,-0.0204955097287893,-0.0025636884383857,-0.0015272770542651,0.0134562952443957,-0.0181436352431774,0.0214829556643962,-0.001048527425155,0.0004381034814286,-0.0114022903144359,0.0030692645814269,0.0098698372021317,0.0107825370505452,0.0099683385342359,0.0136946365237236,0.0037901760078966,0.0,-0.0093121463432908,-0.0093856090679764,0.0018056386616081,0.0219638049602508,-0.0515199191868305,0.0042140106670558,-0.0029880348592996,0.0114701315760612,0.0116596734151244,-0.003180690575391,-0.0084213009104132,0.0033296039327979,0.0289323143661022,0.0017975283553823,-0.0139030655845999,0.0070393672212958,0.0142479613423347,-0.0067159794270992,-0.0023446078412234,0.0215261150151491,0.005599723663181,0.0045927865430712,-0.007023642770946,-0.0289095267653465,-0.0032088861335068,-0.0008307609823532,0.0749451071023941,0.025221724063158,0.0307045523077249,0.0137874642387032,-0.0155901927500963,-0.0027999877929687,-0.0012710202718153,0.0008022136171348,-0.0361409559845924,0.0259185377508401,0.0016873846761882,-0.0013022329658269,0.0012287179706618,0.0203862953931093,0.0004564634582493,0.006591054190818,0.0084356301485402,0.0285101272938053,0.0135655500330897,0.0318823111691406,0.0260611445647005,0.0729614107576825,0.0260611440355569,0.0539546978341338,0.0038298019053044,0.1768803626211204,0.0110760164609986,2019-02-08,2019-02-11,2019-02-12,2019-02-13,2019-02-14,2019-02-15,2019-02-19,2019-02-20,2019-02-21,2019-02-22,76478.0,2019-02-07,252.0,-0.7757%,0.0005,0.9706,0.7836,0.3714,1.1768%,1.5793%,44.4782%,0.000612,ESE,76478.0,2019-02-08,252.0,2.0386%,0.0002,0.9693,0.7008,0.3115,1.0544%,1.4875%,49.7560%,0.021584,ESE,76478.0,2019-02-11,252.0,-1.3520%,0.0002,0.9421,0.699,0.2962,1.0561%,1.4614%,47.7768%,-0.0203189999999999,ESE,76478.0,2019-02-12,252.0,2.1776%,0.0003,0.9558,0.6881,0.3051,1.0532%,1.4671%,48.4652%,0.0092269999999999,ESE,76478.0,2019-02-13,252.0,1.5201%,0.0003,0.9565,0.6915,0.3085,1.0556%,1.4684%,48.3197%,0.0117989999999999,ESE,76478.0,2019-02-14,252.0,-1.1744%,0.0004,0.9611,0.686,0.3115,1.0441%,1.4621%,49.0091%,-0.011642,ESE,76478.0,2019-02-15,252.0,2.4361%,0.0004,0.9636,0.6892,0.3169,1.0455%,1.4629%,48.9245%,0.01019,ESE,76478.0,2019-02-19,252.0,0.4350%,0.0004,0.963,0.6893,0.317,1.0454%,1.4617%,48.8451%,-0.00053,ESE,76478.0,2019-02-20,252.0,1.6171%,0.0005,0.9667,0.7008,0.331,1.0464%,1.4647%,48.9630%,0.010981,ESE,76478.0,2019-02-21,252.0,-0.9946%,0.0005,0.9659,0.6981,0.3297,1.0464%,1.4631%,48.8538%,-0.005217,ESE,76478.0,2019-02-22,252.0,0.4592%,0.0005,0.9658,0.7058,0.3352,1.0457%,1.4631%,48.9169%,-0.00078,ESE,0.022196,0.001877,0.011104,0.011261,0.025905
36251,ESSEX PROPERTY TRUST INC,"Jefferies Downgrades Essex Property Trust to Hold, Raises Price Target to $295",6,uncertain,0.6,0.3,"while the downgrade to 'hold' may suggest a negative outlook, the raised price target could counterbalance this sentiment, leading to uncertainty in the stock's immediate reaction.",1,2019-02-07,ESS,2019-02-07 11:50:00+00:00,80681.0,29717810,0.0070777162909507,230663.0,0.0021985722705721,-0.0050917360931634,0.0021217546891421,0.008118282072246,-0.0074643548578023,0.0170313827693462,0.0052426503971219,-0.0040929787792265,-0.0006473858375102,0.0007010901463218,0.00349109666422,0.0078093269839882,0.0050928299315273,0.0091188549995422,-0.0123108113184571,0.0139258941635489,0.0116333719342947,0.0046636131592094,0.0052140685729682,-0.0007638720562681,-0.0073897275142371,0.0020285481587052,0.0023264749906957,0.0051552201621234,-0.000714227266144,0.006778216920793,0.0,0.0059221889823675,-0.0026801030617207,0.0160728320479393,0.0105342455208301,0.0149062108248472,-0.0024465569294989,-0.0021649091504514,0.0001066282056854,0.003015924245119,0.0032697638962417,0.0147718731313943,0.0042863418348133,-0.0008562266593798,0.0078659998252987,0.0249906443059444,0.0044096847996115,0.0041543859988451,0.0077354656532406,0.0019341015722602,0.0059472401626408,0.005283401813358,-0.0052589927799999,-0.0351535826921463,-0.0108845680952072,0.0041047274135053,-0.0018165555084124,0.0014244061894714,-0.0016449136892333,0.0037173351738601,0.0148635981604456,0.0214897114783525,0.0041795903816819,-0.0480635799467563,-0.0063293194398283,-0.0142527092248201,0.0138124078512191,-0.0008216224960051,-0.0045413733460009,-0.0096477596089243,0.0020238559227436,0.0150233684107661,-0.0032050975132733,-0.0305398609489202,-0.0033536206465214,0.002101355465129,0.012037331238389,0.0139858052134513,-0.0056900107301771,-0.0196361932903528,-0.0079288054257631,0.0026275797281414,0.0054555819369852,-0.0040203197859227,-0.0063936617225408,-0.0076030902564525,-0.0001391601545037,0.0234600584954023,0.0043137157335877,-0.0121394414454698,0.0038794425781816,0.0010284903692081,0.0011731293052434,0.0122233880683779,-0.0050316769629716,-0.0034583227243274,-0.0353308357298374,0.0074325753375887,-0.0138958534225821,0.0074096941389143,0.0133270351216197,-0.0004677442484535,-0.0112113086506724,-0.0085026733577251,0.0062869512476027,0.0014708349481225,0.0063561205752193,0.0021333065815269,-0.0011483790585771,0.0083701619878411,0.0111015178263187,0.0197431277483701,-0.0134314000606536,-0.0097946124151349,0.0174680575728416,-0.0079147573560476,0.0041769654490053,0.0020416344050318,-0.0021855439990758,0.0030323485843837,0.0045220050960779,0.000827650364954,-0.0016881584888324,-0.005019602831453,0.0021985722705721,-0.0050917360931634,0.0043249917907388,0.0029852098292408,-0.0031716463405466,0.0200674348498357,0.0014056604120462,0.0166045525812319,0.0144525683764833,0.052368305819104,0.0477546317703714,0.1026806183062056,0.029941573391935,0.0886268450022547,2019-02-08,2019-02-11,2019-02-12,2019-02-13,2019-02-14,2019-02-15,2019-02-19,2019-02-20,2019-02-21,2019-02-22,80681.0,2019-02-07,252.0,0.7078%,0.0011,0.3763,-0.4003,0.0199,1.1642%,1.2501%,13.2748%,0.009887,ESS,80681.0,2019-02-08,252.0,0.2199%,0.0011,0.376,-0.3984,0.0201,1.1641%,1.2496%,13.2143%,0.002097,ESS,80681.0,2019-02-11,252.0,0.2122%,0.001,0.4005,-0.4176,0.0225,1.1584%,1.2496%,14.0639%,0.004079,ESS,80681.0,2019-02-12,252.0,-0.7464%,0.0008,0.3723,-0.3918,0.0035,1.1396%,1.2207%,12.8410%,-0.012889,ESS,80681.0,2019-02-13,252.0,0.5243%,0.0009,0.3766,-0.3976,0.0034,1.1387%,1.2210%,13.0266%,0.004333,ESS,80681.0,2019-02-14,252.0,-0.0647%,0.0009,0.3763,-0.3969,0.0026,1.1387%,1.2210%,13.0269%,0.002131,ESS,80681.0,2019-02-15,252.0,0.3491%,0.001,0.3933,-0.3817,0.0302,1.1307%,1.2167%,13.6311%,0.000119,ESS,80681.0,2019-02-19,252.0,0.5093%,0.0009,0.3894,-0.3723,0.0411,1.1269%,1.2101%,13.2831%,0.005262,ESS,80681.0,2019-02-20,252.0,-1.2311%,0.0009,0.3856,-0.381,0.0275,1.1301%,1.2130%,13.2118%,-0.012558,ESS,80681.0,2019-02-21,252.0,1.1633%,0.001,0.3762,-0.3975,0.0102,1.1265%,1.2087%,13.1330%,0.012757,ESS,80681.0,2019-02-22,252.0,0.5214%,0.0011,0.3746,-0.3697,0.0163,1.1198%,1.1990%,12.7803%,0.0050049999999999,ESS,0.011984,0.016063,0.003174,0.009638,0.020223
36259,ISHARES TRUST,"Senior Official In UK Prime Minister Theresa May's Office Says Considering Labour Party's Brexit Proposal From Corbyn, 'But There Are Considerable Points Of Difference'",6,uncertain,0.6,0.2,"the news indicates a consideration of a brexit proposal, which introduces uncertainty in the political landscape, potentially affecting market sentiment and ishares trust's stock price.",1,2019-02-07,EWU,2019-02-07 18:24:00+00:00,14907.0,46435G33,-0.0043956451117992,3030817.0,-0.0006306701689027,-0.0037534856237471,-0.0059955990873277,0.0088355559855699,0.0073015727102756,0.0028481059707701,0.002206104574725,0.0034931919071823,0.0,0.0060703046619892,0.0132076097652316,0.0132728992030024,0.0052761686965823,0.0068448199890553,0.0055572804994881,-0.0071197189390659,-0.0064476230181753,0.0068425899371504,0.0030901876743882,-0.0042180130258202,0.0006161570781841,0.0071895201690495,0.0086206523701548,-0.011627865023911,-0.0012209127889946,0.0091264266520738,-0.0045843985863029,0.0082155764102935,0.0018422282300889,-0.0029488909058272,-0.0024517874699085,0.0049390718340873,0.0055299634113907,-0.0065423245541751,0.0012221484212204,0.0003272326139267,-0.0106805702671408,0.004272072110325,-0.0040097860619425,0.0096217952668666,0.0086713768541812,0.0060080210678279,-0.0018422282300889,0.0,0.013841918669641,0.0277872886508703,0.0033373972401022,-0.0061370716430246,0.0105835646390914,-0.0006814465741626,0.0053860056214034,-0.0010210613254457,0.0020833243615925,0.013103418983519,-0.0038609225302934,-0.0092244772240519,-0.0017889497103169,0.0248599797487258,-0.0155316749587655,-0.009021520614624,-0.0015169671969488,-0.0082587674260139,0.0045579313300549,0.0006886553019285,0.0027223275974392,-0.0037735404912382,-0.0063349287956953,-0.0021023366134613,0.002125066705048,-0.0092930234968662,0.0133293690159916,-0.0134250735864043,0.0056800781749188,-0.0003272773174103,0.0059453258290886,0.0173159688711166,-0.0035460677463561,0.0030060170684009,0.0023724203929305,-0.0118811456486582,0.0017751886043697,-0.0081833060830831,-0.005611412692815,-0.016103059053421,0.0032670216169208,-0.0214308332651853,-0.0011840468505397,0.0095449965447187,0.0059275915846228,-0.0078914137557148,-0.0005892887129448,-0.0084507185965776,-0.0014740341575816,0.0129993604496121,0.0017715197755023,-0.0078641083091497,-0.0035366616211831,0.0163043551146984,0.0011829960858449,-0.012314474210143,0.0002954840892925,0.0166934337466955,-0.0079740239307284,-0.0142405303195118,-0.0035724600311368,-0.0034688964951783,0.0014938522363081,-0.0050204503349959,0.0020882964599877,-0.0059264046140015,0.0050609754398465,0.002188233891502,-0.0112558435648679,0.0062912502326071,-0.0011983497533947,-0.018221128731966,0.0158967841416597,-0.0079656345769763,-0.0082668671384453,-0.0079028001055121,-0.0006306701689027,-0.0037534856237471,-0.0066224880107413,0.0050489062294531,0.0006307301218009,0.0079113920202011,0.002838226153133,0.0175719216579386,0.023651845469168,0.0334198795755897,0.0394197412851344,0.1051353467025317,0.0592873250532119,-0.0107516916987632,2019-02-08,2019-02-11,2019-02-12,2019-02-13,2019-02-14,2019-02-15,2019-02-19,2019-02-20,2019-02-21,2019-02-22,14907.0,2019-02-07,252.0,-0.4396%,-0.0002,0.6538,0.0958,0.2847,0.5819%,0.8800%,56.2797%,0.0006519999999999,EWU,14907.0,2019-02-08,252.0,-0.0631%,-0.0002,0.6534,0.1035,0.2881,0.5793%,0.8778%,56.4420%,0.000597,EWU,14907.0,2019-02-11,252.0,-0.5996%,-0.0002,0.6562,0.0898,0.2822,0.5812%,0.8708%,55.4583%,-0.008357,EWU,14907.0,2019-02-12,252.0,0.7302%,-0.0002,0.6609,0.083,0.2858,0.5784%,0.8720%,56.0050%,-0.001261,EWU,14907.0,2019-02-13,252.0,0.2206%,-0.0002,0.6592,0.086,0.2864,0.5779%,0.8691%,55.7849%,5.999999999999999e-06,EWU,14907.0,2019-02-14,252.0,0.0000%,-0.0002,0.6586,0.0875,0.2848,0.5782%,0.8691%,55.7393%,0.002498,EWU,14907.0,2019-02-15,252.0,1.3208%,-0.0002,0.6568,0.0863,0.2826,0.5777%,0.8664%,55.5311%,0.0040799999999999,EWU,14907.0,2019-02-19,252.0,0.5276%,-0.0002,0.6564,0.0897,0.2865,0.5777%,0.8650%,55.4010%,0.0028299999999999,EWU,14907.0,2019-02-20,252.0,0.5557%,-0.0002,0.6573,0.0924,0.2898,0.5778%,0.8657%,55.4548%,0.002437,EWU,14907.0,2019-02-21,252.0,-0.6448%,-0.0002,0.656,0.0892,0.2876,0.5771%,0.8641%,55.3909%,-0.003384,EWU,14907.0,2019-02-22,252.0,0.3090%,-0.0002,0.6556,0.0915,0.2843,0.5773%,0.8641%,55.3695%,0.002463,EWU,0.001249,-0.007108,-0.008369,-0.0058649999999999,0.002561
36267,ISHARES TRUST,UK PM May's Spokeswoman Says Brexit Minister Barclay Will Discuss Alternative Arrangements To Backstop With Eu's Barnier On Monday,6,uncertain,0.6,0.2,"the news indicates ongoing discussions regarding brexit, which could lead to either positive or negative market reactions depending on the outcomes of those discussions.",1,2019-02-07,EWU,2019-02-07 16:00:00+00:00,14907.0,46435G33,-0.0043956451117992,3030817.0,-0.0006306701689027,-0.0037534856237471,-0.0059955990873277,0.0088355559855699,0.0073015727102756,0.0028481059707701,0.002206104574725,0.0034931919071823,0.0,0.0060703046619892,0.0132076097652316,0.0132728992030024,0.0052761686965823,0.0068448199890553,0.0055572804994881,-0.0071197189390659,-0.0064476230181753,0.0068425899371504,0.0030901876743882,-0.0042180130258202,0.0006161570781841,0.0071895201690495,0.0086206523701548,-0.011627865023911,-0.0012209127889946,0.0091264266520738,-0.0045843985863029,0.0082155764102935,0.0018422282300889,-0.0029488909058272,-0.0024517874699085,0.0049390718340873,0.0055299634113907,-0.0065423245541751,0.0012221484212204,0.0003272326139267,-0.0106805702671408,0.004272072110325,-0.0040097860619425,0.0096217952668666,0.0086713768541812,0.0060080210678279,-0.0018422282300889,0.0,0.013841918669641,0.0277872886508703,0.0033373972401022,-0.0061370716430246,0.0105835646390914,-0.0006814465741626,0.0053860056214034,-0.0010210613254457,0.0020833243615925,0.013103418983519,-0.0038609225302934,-0.0092244772240519,-0.0017889497103169,0.0248599797487258,-0.0155316749587655,-0.009021520614624,-0.0015169671969488,-0.0082587674260139,0.0045579313300549,0.0006886553019285,0.0027223275974392,-0.0037735404912382,-0.0063349287956953,-0.0021023366134613,0.002125066705048,-0.0092930234968662,0.0133293690159916,-0.0134250735864043,0.0056800781749188,-0.0003272773174103,0.0059453258290886,0.0173159688711166,-0.0035460677463561,0.0030060170684009,0.0023724203929305,-0.0118811456486582,0.0017751886043697,-0.0081833060830831,-0.005611412692815,-0.016103059053421,0.0032670216169208,-0.0214308332651853,-0.0011840468505397,0.0095449965447187,0.0059275915846228,-0.0078914137557148,-0.0005892887129448,-0.0084507185965776,-0.0014740341575816,0.0129993604496121,0.0017715197755023,-0.0078641083091497,-0.0035366616211831,0.0163043551146984,0.0011829960858449,-0.012314474210143,0.0002954840892925,0.0166934337466955,-0.0079740239307284,-0.0142405303195118,-0.0035724600311368,-0.0034688964951783,0.0014938522363081,-0.0050204503349959,0.0020882964599877,-0.0059264046140015,0.0050609754398465,0.002188233891502,-0.0112558435648679,0.0062912502326071,-0.0011983497533947,-0.018221128731966,0.0158967841416597,-0.0079656345769763,-0.0082668671384453,-0.0079028001055121,-0.0006306701689027,-0.0037534856237471,-0.0066224880107413,0.0050489062294531,0.0006307301218009,0.0079113920202011,0.002838226153133,0.0175719216579386,0.023651845469168,0.0334198795755897,0.0394197412851344,0.1051353467025317,0.0592873250532119,-0.0107516916987632,2019-02-08,2019-02-11,2019-02-12,2019-02-13,2019-02-14,2019-02-15,2019-02-19,2019-02-20,2019-02-21,2019-02-22,14907.0,2019-02-07,252.0,-0.4396%,-0.0002,0.6538,0.0958,0.2847,0.5819%,0.8800%,56.2797%,0.0006519999999999,EWU,14907.0,2019-02-08,252.0,-0.0631%,-0.0002,0.6534,0.1035,0.2881,0.5793%,0.8778%,56.4420%,0.000597,EWU,14907.0,2019-02-11,252.0,-0.5996%,-0.0002,0.6562,0.0898,0.2822,0.5812%,0.8708%,55.4583%,-0.008357,EWU,14907.0,2019-02-12,252.0,0.7302%,-0.0002,0.6609,0.083,0.2858,0.5784%,0.8720%,56.0050%,-0.001261,EWU,14907.0,2019-02-13,252.0,0.2206%,-0.0002,0.6592,0.086,0.2864,0.5779%,0.8691%,55.7849%,5.999999999999999e-06,EWU,14907.0,2019-02-14,252.0,0.0000%,-0.0002,0.6586,0.0875,0.2848,0.5782%,0.8691%,55.7393%,0.002498,EWU,14907.0,2019-02-15,252.0,1.3208%,-0.0002,0.6568,0.0863,0.2826,0.5777%,0.8664%,55.5311%,0.0040799999999999,EWU,14907.0,2019-02-19,252.0,0.5276%,-0.0002,0.6564,0.0897,0.2865,0.5777%,0.8650%,55.4010%,0.0028299999999999,EWU,14907.0,2019-02-20,252.0,0.5557%,-0.0002,0.6573,0.0924,0.2898,0.5778%,0.8657%,55.4548%,0.002437,EWU,14907.0,2019-02-21,252.0,-0.6448%,-0.0002,0.656,0.0892,0.2876,0.5771%,0.8641%,55.3909%,-0.003384,EWU,14907.0,2019-02-22,252.0,0.3090%,-0.0002,0.6556,0.0915,0.2843,0.5773%,0.8641%,55.3695%,0.002463,EWU,0.001249,-0.007108,-0.008369,-0.0058649999999999,0.002561
36275,ISHARES TRUST,EU's Says Still No Breakthrough In Sight For Brexit Talks,6,uncertain,0.6,0.3,"the lack of progress in brexit talks creates uncertainty in the market, which could lead to volatility in ishares trust's stock price, but the overall impact is unclear.",1,2019-02-07,EWU,2019-02-07 15:45:00+00:00,14907.0,46435G33,-0.0043956451117992,3030817.0,-0.0006306701689027,-0.0037534856237471,-0.0059955990873277,0.0088355559855699,0.0073015727102756,0.0028481059707701,0.002206104574725,0.0034931919071823,0.0,0.0060703046619892,0.0132076097652316,0.0132728992030024,0.0052761686965823,0.0068448199890553,0.0055572804994881,-0.0071197189390659,-0.0064476230181753,0.0068425899371504,0.0030901876743882,-0.0042180130258202,0.0006161570781841,0.0071895201690495,0.0086206523701548,-0.011627865023911,-0.0012209127889946,0.0091264266520738,-0.0045843985863029,0.0082155764102935,0.0018422282300889,-0.0029488909058272,-0.0024517874699085,0.0049390718340873,0.0055299634113907,-0.0065423245541751,0.0012221484212204,0.0003272326139267,-0.0106805702671408,0.004272072110325,-0.0040097860619425,0.0096217952668666,0.0086713768541812,0.0060080210678279,-0.0018422282300889,0.0,0.013841918669641,0.0277872886508703,0.0033373972401022,-0.0061370716430246,0.0105835646390914,-0.0006814465741626,0.0053860056214034,-0.0010210613254457,0.0020833243615925,0.013103418983519,-0.0038609225302934,-0.0092244772240519,-0.0017889497103169,0.0248599797487258,-0.0155316749587655,-0.009021520614624,-0.0015169671969488,-0.0082587674260139,0.0045579313300549,0.0006886553019285,0.0027223275974392,-0.0037735404912382,-0.0063349287956953,-0.0021023366134613,0.002125066705048,-0.0092930234968662,0.0133293690159916,-0.0134250735864043,0.0056800781749188,-0.0003272773174103,0.0059453258290886,0.0173159688711166,-0.0035460677463561,0.0030060170684009,0.0023724203929305,-0.0118811456486582,0.0017751886043697,-0.0081833060830831,-0.005611412692815,-0.016103059053421,0.0032670216169208,-0.0214308332651853,-0.0011840468505397,0.0095449965447187,0.0059275915846228,-0.0078914137557148,-0.0005892887129448,-0.0084507185965776,-0.0014740341575816,0.0129993604496121,0.0017715197755023,-0.0078641083091497,-0.0035366616211831,0.0163043551146984,0.0011829960858449,-0.012314474210143,0.0002954840892925,0.0166934337466955,-0.0079740239307284,-0.0142405303195118,-0.0035724600311368,-0.0034688964951783,0.0014938522363081,-0.0050204503349959,0.0020882964599877,-0.0059264046140015,0.0050609754398465,0.002188233891502,-0.0112558435648679,0.0062912502326071,-0.0011983497533947,-0.018221128731966,0.0158967841416597,-0.0079656345769763,-0.0082668671384453,-0.0079028001055121,-0.0006306701689027,-0.0037534856237471,-0.0066224880107413,0.0050489062294531,0.0006307301218009,0.0079113920202011,0.002838226153133,0.0175719216579386,0.023651845469168,0.0334198795755897,0.0394197412851344,0.1051353467025317,0.0592873250532119,-0.0107516916987632,2019-02-08,2019-02-11,2019-02-12,2019-02-13,2019-02-14,2019-02-15,2019-02-19,2019-02-20,2019-02-21,2019-02-22,14907.0,2019-02-07,252.0,-0.4396%,-0.0002,0.6538,0.0958,0.2847,0.5819%,0.8800%,56.2797%,0.0006519999999999,EWU,14907.0,2019-02-08,252.0,-0.0631%,-0.0002,0.6534,0.1035,0.2881,0.5793%,0.8778%,56.4420%,0.000597,EWU,14907.0,2019-02-11,252.0,-0.5996%,-0.0002,0.6562,0.0898,0.2822,0.5812%,0.8708%,55.4583%,-0.008357,EWU,14907.0,2019-02-12,252.0,0.7302%,-0.0002,0.6609,0.083,0.2858,0.5784%,0.8720%,56.0050%,-0.001261,EWU,14907.0,2019-02-13,252.0,0.2206%,-0.0002,0.6592,0.086,0.2864,0.5779%,0.8691%,55.7849%,5.999999999999999e-06,EWU,14907.0,2019-02-14,252.0,0.0000%,-0.0002,0.6586,0.0875,0.2848,0.5782%,0.8691%,55.7393%,0.002498,EWU,14907.0,2019-02-15,252.0,1.3208%,-0.0002,0.6568,0.0863,0.2826,0.5777%,0.8664%,55.5311%,0.0040799999999999,EWU,14907.0,2019-02-19,252.0,0.5276%,-0.0002,0.6564,0.0897,0.2865,0.5777%,0.8650%,55.4010%,0.0028299999999999,EWU,14907.0,2019-02-20,252.0,0.5557%,-0.0002,0.6573,0.0924,0.2898,0.5778%,0.8657%,55.4548%,0.002437,EWU,14907.0,2019-02-21,252.0,-0.6448%,-0.0002,0.656,0.0892,0.2876,0.5771%,0.8641%,55.3909%,-0.003384,EWU,14907.0,2019-02-22,252.0,0.3090%,-0.0002,0.6556,0.0915,0.2843,0.5773%,0.8641%,55.3695%,0.002463,EWU,0.001249,-0.007108,-0.008369,-0.0058649999999999,0.002561
36283,ISHARES TRUST,UK Prime Minister May Said To Have Asked Eu For A Time-limit On Brexit Backstop,6,uncertain,0.6,0.3,"the news regarding a time-limit on the brexit backstop could lead to mixed reactions in the market, as it may be seen as a step towards a resolution or as a potential source of further negotiation challenges.",1,2019-02-07,EWU,2019-02-07 15:31:00+00:00,14907.0,46435G33,-0.0043956451117992,3030817.0,-0.0006306701689027,-0.0037534856237471,-0.0059955990873277,0.0088355559855699,0.0073015727102756,0.0028481059707701,0.002206104574725,0.0034931919071823,0.0,0.0060703046619892,0.0132076097652316,0.0132728992030024,0.0052761686965823,0.0068448199890553,0.0055572804994881,-0.0071197189390659,-0.0064476230181753,0.0068425899371504,0.0030901876743882,-0.0042180130258202,0.0006161570781841,0.0071895201690495,0.0086206523701548,-0.011627865023911,-0.0012209127889946,0.0091264266520738,-0.0045843985863029,0.0082155764102935,0.0018422282300889,-0.0029488909058272,-0.0024517874699085,0.0049390718340873,0.0055299634113907,-0.0065423245541751,0.0012221484212204,0.0003272326139267,-0.0106805702671408,0.004272072110325,-0.0040097860619425,0.0096217952668666,0.0086713768541812,0.0060080210678279,-0.0018422282300889,0.0,0.013841918669641,0.0277872886508703,0.0033373972401022,-0.0061370716430246,0.0105835646390914,-0.0006814465741626,0.0053860056214034,-0.0010210613254457,0.0020833243615925,0.013103418983519,-0.0038609225302934,-0.0092244772240519,-0.0017889497103169,0.0248599797487258,-0.0155316749587655,-0.009021520614624,-0.0015169671969488,-0.0082587674260139,0.0045579313300549,0.0006886553019285,0.0027223275974392,-0.0037735404912382,-0.0063349287956953,-0.0021023366134613,0.002125066705048,-0.0092930234968662,0.0133293690159916,-0.0134250735864043,0.0056800781749188,-0.0003272773174103,0.0059453258290886,0.0173159688711166,-0.0035460677463561,0.0030060170684009,0.0023724203929305,-0.0118811456486582,0.0017751886043697,-0.0081833060830831,-0.005611412692815,-0.016103059053421,0.0032670216169208,-0.0214308332651853,-0.0011840468505397,0.0095449965447187,0.0059275915846228,-0.0078914137557148,-0.0005892887129448,-0.0084507185965776,-0.0014740341575816,0.0129993604496121,0.0017715197755023,-0.0078641083091497,-0.0035366616211831,0.0163043551146984,0.0011829960858449,-0.012314474210143,0.0002954840892925,0.0166934337466955,-0.0079740239307284,-0.0142405303195118,-0.0035724600311368,-0.0034688964951783,0.0014938522363081,-0.0050204503349959,0.0020882964599877,-0.0059264046140015,0.0050609754398465,0.002188233891502,-0.0112558435648679,0.0062912502326071,-0.0011983497533947,-0.018221128731966,0.0158967841416597,-0.0079656345769763,-0.0082668671384453,-0.0079028001055121,-0.0006306701689027,-0.0037534856237471,-0.0066224880107413,0.0050489062294531,0.0006307301218009,0.0079113920202011,0.002838226153133,0.0175719216579386,0.023651845469168,0.0334198795755897,0.0394197412851344,0.1051353467025317,0.0592873250532119,-0.0107516916987632,2019-02-08,2019-02-11,2019-02-12,2019-02-13,2019-02-14,2019-02-15,2019-02-19,2019-02-20,2019-02-21,2019-02-22,14907.0,2019-02-07,252.0,-0.4396%,-0.0002,0.6538,0.0958,0.2847,0.5819%,0.8800%,56.2797%,0.0006519999999999,EWU,14907.0,2019-02-08,252.0,-0.0631%,-0.0002,0.6534,0.1035,0.2881,0.5793%,0.8778%,56.4420%,0.000597,EWU,14907.0,2019-02-11,252.0,-0.5996%,-0.0002,0.6562,0.0898,0.2822,0.5812%,0.8708%,55.4583%,-0.008357,EWU,14907.0,2019-02-12,252.0,0.7302%,-0.0002,0.6609,0.083,0.2858,0.5784%,0.8720%,56.0050%,-0.001261,EWU,14907.0,2019-02-13,252.0,0.2206%,-0.0002,0.6592,0.086,0.2864,0.5779%,0.8691%,55.7849%,5.999999999999999e-06,EWU,14907.0,2019-02-14,252.0,0.0000%,-0.0002,0.6586,0.0875,0.2848,0.5782%,0.8691%,55.7393%,0.002498,EWU,14907.0,2019-02-15,252.0,1.3208%,-0.0002,0.6568,0.0863,0.2826,0.5777%,0.8664%,55.5311%,0.0040799999999999,EWU,14907.0,2019-02-19,252.0,0.5276%,-0.0002,0.6564,0.0897,0.2865,0.5777%,0.8650%,55.4010%,0.0028299999999999,EWU,14907.0,2019-02-20,252.0,0.5557%,-0.0002,0.6573,0.0924,0.2898,0.5778%,0.8657%,55.4548%,0.002437,EWU,14907.0,2019-02-21,252.0,-0.6448%,-0.0002,0.656,0.0892,0.2876,0.5771%,0.8641%,55.3909%,-0.003384,EWU,14907.0,2019-02-22,252.0,0.3090%,-0.0002,0.6556,0.0915,0.2843,0.5773%,0.8641%,55.3695%,0.002463,EWU,0.001249,-0.007108,-0.008369,-0.0058649999999999,0.002561
36291,ISHARES TRUST,Bank Of England Governor Mark Carney Earlier Suggested A No-Deal Brexit Would Increase The Risk Of A UK Recession,6,decrease,0.7,0.6,"the suggestion of a no-deal brexit increasing the risk of a uk recession is likely to negatively impact investor sentiment, leading to a decrease in ishares trust's stock price.",0,2019-02-07,EWU,2019-02-07 13:27:00+00:00,14907.0,46435G33,-0.0043956451117992,3030817.0,-0.0006306701689027,-0.0037534856237471,-0.0059955990873277,0.0088355559855699,0.0073015727102756,0.0028481059707701,0.002206104574725,0.0034931919071823,0.0,0.0060703046619892,0.0132076097652316,0.0132728992030024,0.0052761686965823,0.0068448199890553,0.0055572804994881,-0.0071197189390659,-0.0064476230181753,0.0068425899371504,0.0030901876743882,-0.0042180130258202,0.0006161570781841,0.0071895201690495,0.0086206523701548,-0.011627865023911,-0.0012209127889946,0.0091264266520738,-0.0045843985863029,0.0082155764102935,0.0018422282300889,-0.0029488909058272,-0.0024517874699085,0.0049390718340873,0.0055299634113907,-0.0065423245541751,0.0012221484212204,0.0003272326139267,-0.0106805702671408,0.004272072110325,-0.0040097860619425,0.0096217952668666,0.0086713768541812,0.0060080210678279,-0.0018422282300889,0.0,0.013841918669641,0.0277872886508703,0.0033373972401022,-0.0061370716430246,0.0105835646390914,-0.0006814465741626,0.0053860056214034,-0.0010210613254457,0.0020833243615925,0.013103418983519,-0.0038609225302934,-0.0092244772240519,-0.0017889497103169,0.0248599797487258,-0.0155316749587655,-0.009021520614624,-0.0015169671969488,-0.0082587674260139,0.0045579313300549,0.0006886553019285,0.0027223275974392,-0.0037735404912382,-0.0063349287956953,-0.0021023366134613,0.002125066705048,-0.0092930234968662,0.0133293690159916,-0.0134250735864043,0.0056800781749188,-0.0003272773174103,0.0059453258290886,0.0173159688711166,-0.0035460677463561,0.0030060170684009,0.0023724203929305,-0.0118811456486582,0.0017751886043697,-0.0081833060830831,-0.005611412692815,-0.016103059053421,0.0032670216169208,-0.0214308332651853,-0.0011840468505397,0.0095449965447187,0.0059275915846228,-0.0078914137557148,-0.0005892887129448,-0.0084507185965776,-0.0014740341575816,0.0129993604496121,0.0017715197755023,-0.0078641083091497,-0.0035366616211831,0.0163043551146984,0.0011829960858449,-0.012314474210143,0.0002954840892925,0.0166934337466955,-0.0079740239307284,-0.0142405303195118,-0.0035724600311368,-0.0034688964951783,0.0014938522363081,-0.0050204503349959,0.0020882964599877,-0.0059264046140015,0.0050609754398465,0.002188233891502,-0.0112558435648679,0.0062912502326071,-0.0011983497533947,-0.018221128731966,0.0158967841416597,-0.0079656345769763,-0.0082668671384453,-0.0079028001055121,-0.0006306701689027,-0.0037534856237471,-0.0066224880107413,0.0050489062294531,0.0006307301218009,0.0079113920202011,0.002838226153133,0.0175719216579386,0.023651845469168,0.0334198795755897,0.0394197412851344,0.1051353467025317,0.0592873250532119,-0.0107516916987632,2019-02-08,2019-02-11,2019-02-12,2019-02-13,2019-02-14,2019-02-15,2019-02-19,2019-02-20,2019-02-21,2019-02-22,14907.0,2019-02-07,252.0,-0.4396%,-0.0002,0.6538,0.0958,0.2847,0.5819%,0.8800%,56.2797%,0.0006519999999999,EWU,14907.0,2019-02-08,252.0,-0.0631%,-0.0002,0.6534,0.1035,0.2881,0.5793%,0.8778%,56.4420%,0.000597,EWU,14907.0,2019-02-11,252.0,-0.5996%,-0.0002,0.6562,0.0898,0.2822,0.5812%,0.8708%,55.4583%,-0.008357,EWU,14907.0,2019-02-12,252.0,0.7302%,-0.0002,0.6609,0.083,0.2858,0.5784%,0.8720%,56.0050%,-0.001261,EWU,14907.0,2019-02-13,252.0,0.2206%,-0.0002,0.6592,0.086,0.2864,0.5779%,0.8691%,55.7849%,5.999999999999999e-06,EWU,14907.0,2019-02-14,252.0,0.0000%,-0.0002,0.6586,0.0875,0.2848,0.5782%,0.8691%,55.7393%,0.002498,EWU,14907.0,2019-02-15,252.0,1.3208%,-0.0002,0.6568,0.0863,0.2826,0.5777%,0.8664%,55.5311%,0.0040799999999999,EWU,14907.0,2019-02-19,252.0,0.5276%,-0.0002,0.6564,0.0897,0.2865,0.5777%,0.8650%,55.4010%,0.0028299999999999,EWU,14907.0,2019-02-20,252.0,0.5557%,-0.0002,0.6573,0.0924,0.2898,0.5778%,0.8657%,55.4548%,0.002437,EWU,14907.0,2019-02-21,252.0,-0.6448%,-0.0002,0.656,0.0892,0.2876,0.5771%,0.8641%,55.3909%,-0.003384,EWU,14907.0,2019-02-22,252.0,0.3090%,-0.0002,0.6556,0.0915,0.2843,0.5773%,0.8641%,55.3695%,0.002463,EWU,0.001249,-0.007108,-0.008369,-0.0058649999999999,0.002561
36299,ISHARES TRUST,"Bank Of England's Carney Hints At Neutral Rates In Speech Following BoE Rate Decision, Says Markets Should Not Start Preparing For Neither Rate Cuts Or Hikes",6,uncertain,0.6,0.2,"the indication of neutral rates suggests stability, but the lack of clear direction on rate cuts or hikes creates uncertainty in market sentiment, which could lead to mixed reactions in ishares trust's stock price.",1,2019-02-07,EWU,2019-02-07 13:09:00+00:00,14907.0,46435G33,-0.0043956451117992,3030817.0,-0.0006306701689027,-0.0037534856237471,-0.0059955990873277,0.0088355559855699,0.0073015727102756,0.0028481059707701,0.002206104574725,0.0034931919071823,0.0,0.0060703046619892,0.0132076097652316,0.0132728992030024,0.0052761686965823,0.0068448199890553,0.0055572804994881,-0.0071197189390659,-0.0064476230181753,0.0068425899371504,0.0030901876743882,-0.0042180130258202,0.0006161570781841,0.0071895201690495,0.0086206523701548,-0.011627865023911,-0.0012209127889946,0.0091264266520738,-0.0045843985863029,0.0082155764102935,0.0018422282300889,-0.0029488909058272,-0.0024517874699085,0.0049390718340873,0.0055299634113907,-0.0065423245541751,0.0012221484212204,0.0003272326139267,-0.0106805702671408,0.004272072110325,-0.0040097860619425,0.0096217952668666,0.0086713768541812,0.0060080210678279,-0.0018422282300889,0.0,0.013841918669641,0.0277872886508703,0.0033373972401022,-0.0061370716430246,0.0105835646390914,-0.0006814465741626,0.0053860056214034,-0.0010210613254457,0.0020833243615925,0.013103418983519,-0.0038609225302934,-0.0092244772240519,-0.0017889497103169,0.0248599797487258,-0.0155316749587655,-0.009021520614624,-0.0015169671969488,-0.0082587674260139,0.0045579313300549,0.0006886553019285,0.0027223275974392,-0.0037735404912382,-0.0063349287956953,-0.0021023366134613,0.002125066705048,-0.0092930234968662,0.0133293690159916,-0.0134250735864043,0.0056800781749188,-0.0003272773174103,0.0059453258290886,0.0173159688711166,-0.0035460677463561,0.0030060170684009,0.0023724203929305,-0.0118811456486582,0.0017751886043697,-0.0081833060830831,-0.005611412692815,-0.016103059053421,0.0032670216169208,-0.0214308332651853,-0.0011840468505397,0.0095449965447187,0.0059275915846228,-0.0078914137557148,-0.0005892887129448,-0.0084507185965776,-0.0014740341575816,0.0129993604496121,0.0017715197755023,-0.0078641083091497,-0.0035366616211831,0.0163043551146984,0.0011829960858449,-0.012314474210143,0.0002954840892925,0.0166934337466955,-0.0079740239307284,-0.0142405303195118,-0.0035724600311368,-0.0034688964951783,0.0014938522363081,-0.0050204503349959,0.0020882964599877,-0.0059264046140015,0.0050609754398465,0.002188233891502,-0.0112558435648679,0.0062912502326071,-0.0011983497533947,-0.018221128731966,0.0158967841416597,-0.0079656345769763,-0.0082668671384453,-0.0079028001055121,-0.0006306701689027,-0.0037534856237471,-0.0066224880107413,0.0050489062294531,0.0006307301218009,0.0079113920202011,0.002838226153133,0.0175719216579386,0.023651845469168,0.0334198795755897,0.0394197412851344,0.1051353467025317,0.0592873250532119,-0.0107516916987632,2019-02-08,2019-02-11,2019-02-12,2019-02-13,2019-02-14,2019-02-15,2019-02-19,2019-02-20,2019-02-21,2019-02-22,14907.0,2019-02-07,252.0,-0.4396%,-0.0002,0.6538,0.0958,0.2847,0.5819%,0.8800%,56.2797%,0.0006519999999999,EWU,14907.0,2019-02-08,252.0,-0.0631%,-0.0002,0.6534,0.1035,0.2881,0.5793%,0.8778%,56.4420%,0.000597,EWU,14907.0,2019-02-11,252.0,-0.5996%,-0.0002,0.6562,0.0898,0.2822,0.5812%,0.8708%,55.4583%,-0.008357,EWU,14907.0,2019-02-12,252.0,0.7302%,-0.0002,0.6609,0.083,0.2858,0.5784%,0.8720%,56.0050%,-0.001261,EWU,14907.0,2019-02-13,252.0,0.2206%,-0.0002,0.6592,0.086,0.2864,0.5779%,0.8691%,55.7849%,5.999999999999999e-06,EWU,14907.0,2019-02-14,252.0,0.0000%,-0.0002,0.6586,0.0875,0.2848,0.5782%,0.8691%,55.7393%,0.002498,EWU,14907.0,2019-02-15,252.0,1.3208%,-0.0002,0.6568,0.0863,0.2826,0.5777%,0.8664%,55.5311%,0.0040799999999999,EWU,14907.0,2019-02-19,252.0,0.5276%,-0.0002,0.6564,0.0897,0.2865,0.5777%,0.8650%,55.4010%,0.0028299999999999,EWU,14907.0,2019-02-20,252.0,0.5557%,-0.0002,0.6573,0.0924,0.2898,0.5778%,0.8657%,55.4548%,0.002437,EWU,14907.0,2019-02-21,252.0,-0.6448%,-0.0002,0.656,0.0892,0.2876,0.5771%,0.8641%,55.3909%,-0.003384,EWU,14907.0,2019-02-22,252.0,0.3090%,-0.0002,0.6556,0.0915,0.2843,0.5773%,0.8641%,55.3695%,0.002463,EWU,0.001249,-0.007108,-0.008369,-0.0058649999999999,0.002561
36307,ISHARES TRUST,Bank Of England Maintained Key Interest Rate At 0.75%,6,uncertain,0.6,0.2,"the maintenance of the key interest rate at 0.75% may have mixed effects on ishares trust, as it could indicate stability in the economy but also reflects ongoing economic challenges that could impact investor sentiment.",1,2019-02-07,EWU,2019-02-07 12:13:00+00:00,14907.0,46435G33,-0.0043956451117992,3030817.0,-0.0006306701689027,-0.0037534856237471,-0.0059955990873277,0.0088355559855699,0.0073015727102756,0.0028481059707701,0.002206104574725,0.0034931919071823,0.0,0.0060703046619892,0.0132076097652316,0.0132728992030024,0.0052761686965823,0.0068448199890553,0.0055572804994881,-0.0071197189390659,-0.0064476230181753,0.0068425899371504,0.0030901876743882,-0.0042180130258202,0.0006161570781841,0.0071895201690495,0.0086206523701548,-0.011627865023911,-0.0012209127889946,0.0091264266520738,-0.0045843985863029,0.0082155764102935,0.0018422282300889,-0.0029488909058272,-0.0024517874699085,0.0049390718340873,0.0055299634113907,-0.0065423245541751,0.0012221484212204,0.0003272326139267,-0.0106805702671408,0.004272072110325,-0.0040097860619425,0.0096217952668666,0.0086713768541812,0.0060080210678279,-0.0018422282300889,0.0,0.013841918669641,0.0277872886508703,0.0033373972401022,-0.0061370716430246,0.0105835646390914,-0.0006814465741626,0.0053860056214034,-0.0010210613254457,0.0020833243615925,0.013103418983519,-0.0038609225302934,-0.0092244772240519,-0.0017889497103169,0.0248599797487258,-0.0155316749587655,-0.009021520614624,-0.0015169671969488,-0.0082587674260139,0.0045579313300549,0.0006886553019285,0.0027223275974392,-0.0037735404912382,-0.0063349287956953,-0.0021023366134613,0.002125066705048,-0.0092930234968662,0.0133293690159916,-0.0134250735864043,0.0056800781749188,-0.0003272773174103,0.0059453258290886,0.0173159688711166,-0.0035460677463561,0.0030060170684009,0.0023724203929305,-0.0118811456486582,0.0017751886043697,-0.0081833060830831,-0.005611412692815,-0.016103059053421,0.0032670216169208,-0.0214308332651853,-0.0011840468505397,0.0095449965447187,0.0059275915846228,-0.0078914137557148,-0.0005892887129448,-0.0084507185965776,-0.0014740341575816,0.0129993604496121,0.0017715197755023,-0.0078641083091497,-0.0035366616211831,0.0163043551146984,0.0011829960858449,-0.012314474210143,0.0002954840892925,0.0166934337466955,-0.0079740239307284,-0.0142405303195118,-0.0035724600311368,-0.0034688964951783,0.0014938522363081,-0.0050204503349959,0.0020882964599877,-0.0059264046140015,0.0050609754398465,0.002188233891502,-0.0112558435648679,0.0062912502326071,-0.0011983497533947,-0.018221128731966,0.0158967841416597,-0.0079656345769763,-0.0082668671384453,-0.0079028001055121,-0.0006306701689027,-0.0037534856237471,-0.0066224880107413,0.0050489062294531,0.0006307301218009,0.0079113920202011,0.002838226153133,0.0175719216579386,0.023651845469168,0.0334198795755897,0.0394197412851344,0.1051353467025317,0.0592873250532119,-0.0107516916987632,2019-02-08,2019-02-11,2019-02-12,2019-02-13,2019-02-14,2019-02-15,2019-02-19,2019-02-20,2019-02-21,2019-02-22,14907.0,2019-02-07,252.0,-0.4396%,-0.0002,0.6538,0.0958,0.2847,0.5819%,0.8800%,56.2797%,0.0006519999999999,EWU,14907.0,2019-02-08,252.0,-0.0631%,-0.0002,0.6534,0.1035,0.2881,0.5793%,0.8778%,56.4420%,0.000597,EWU,14907.0,2019-02-11,252.0,-0.5996%,-0.0002,0.6562,0.0898,0.2822,0.5812%,0.8708%,55.4583%,-0.008357,EWU,14907.0,2019-02-12,252.0,0.7302%,-0.0002,0.6609,0.083,0.2858,0.5784%,0.8720%,56.0050%,-0.001261,EWU,14907.0,2019-02-13,252.0,0.2206%,-0.0002,0.6592,0.086,0.2864,0.5779%,0.8691%,55.7849%,5.999999999999999e-06,EWU,14907.0,2019-02-14,252.0,0.0000%,-0.0002,0.6586,0.0875,0.2848,0.5782%,0.8691%,55.7393%,0.002498,EWU,14907.0,2019-02-15,252.0,1.3208%,-0.0002,0.6568,0.0863,0.2826,0.5777%,0.8664%,55.5311%,0.0040799999999999,EWU,14907.0,2019-02-19,252.0,0.5276%,-0.0002,0.6564,0.0897,0.2865,0.5777%,0.8650%,55.4010%,0.0028299999999999,EWU,14907.0,2019-02-20,252.0,0.5557%,-0.0002,0.6573,0.0924,0.2898,0.5778%,0.8657%,55.4548%,0.002437,EWU,14907.0,2019-02-21,252.0,-0.6448%,-0.0002,0.656,0.0892,0.2876,0.5771%,0.8641%,55.3909%,-0.003384,EWU,14907.0,2019-02-22,252.0,0.3090%,-0.0002,0.6556,0.0915,0.2843,0.5773%,0.8641%,55.3695%,0.002463,EWU,0.001249,-0.007108,-0.008369,-0.0058649999999999,0.002561
36315,ISHARES TRUST,Parliamentary Debate On Motion On Brexit To Take Place On Feb 14,6,uncertain,0.6,0.3,"the parliamentary debate on brexit could lead to various outcomes that may positively or negatively impact market sentiment, making the effect on ishares trust's stock price uncertain.",1,2019-02-07,EWU,2019-02-07 11:29:00+00:00,14907.0,46435G33,-0.0043956451117992,3030817.0,-0.0006306701689027,-0.0037534856237471,-0.0059955990873277,0.0088355559855699,0.0073015727102756,0.0028481059707701,0.002206104574725,0.0034931919071823,0.0,0.0060703046619892,0.0132076097652316,0.0132728992030024,0.0052761686965823,0.0068448199890553,0.0055572804994881,-0.0071197189390659,-0.0064476230181753,0.0068425899371504,0.0030901876743882,-0.0042180130258202,0.0006161570781841,0.0071895201690495,0.0086206523701548,-0.011627865023911,-0.0012209127889946,0.0091264266520738,-0.0045843985863029,0.0082155764102935,0.0018422282300889,-0.0029488909058272,-0.0024517874699085,0.0049390718340873,0.0055299634113907,-0.0065423245541751,0.0012221484212204,0.0003272326139267,-0.0106805702671408,0.004272072110325,-0.0040097860619425,0.0096217952668666,0.0086713768541812,0.0060080210678279,-0.0018422282300889,0.0,0.013841918669641,0.0277872886508703,0.0033373972401022,-0.0061370716430246,0.0105835646390914,-0.0006814465741626,0.0053860056214034,-0.0010210613254457,0.0020833243615925,0.013103418983519,-0.0038609225302934,-0.0092244772240519,-0.0017889497103169,0.0248599797487258,-0.0155316749587655,-0.009021520614624,-0.0015169671969488,-0.0082587674260139,0.0045579313300549,0.0006886553019285,0.0027223275974392,-0.0037735404912382,-0.0063349287956953,-0.0021023366134613,0.002125066705048,-0.0092930234968662,0.0133293690159916,-0.0134250735864043,0.0056800781749188,-0.0003272773174103,0.0059453258290886,0.0173159688711166,-0.0035460677463561,0.0030060170684009,0.0023724203929305,-0.0118811456486582,0.0017751886043697,-0.0081833060830831,-0.005611412692815,-0.016103059053421,0.0032670216169208,-0.0214308332651853,-0.0011840468505397,0.0095449965447187,0.0059275915846228,-0.0078914137557148,-0.0005892887129448,-0.0084507185965776,-0.0014740341575816,0.0129993604496121,0.0017715197755023,-0.0078641083091497,-0.0035366616211831,0.0163043551146984,0.0011829960858449,-0.012314474210143,0.0002954840892925,0.0166934337466955,-0.0079740239307284,-0.0142405303195118,-0.0035724600311368,-0.0034688964951783,0.0014938522363081,-0.0050204503349959,0.0020882964599877,-0.0059264046140015,0.0050609754398465,0.002188233891502,-0.0112558435648679,0.0062912502326071,-0.0011983497533947,-0.018221128731966,0.0158967841416597,-0.0079656345769763,-0.0082668671384453,-0.0079028001055121,-0.0006306701689027,-0.0037534856237471,-0.0066224880107413,0.0050489062294531,0.0006307301218009,0.0079113920202011,0.002838226153133,0.0175719216579386,0.023651845469168,0.0334198795755897,0.0394197412851344,0.1051353467025317,0.0592873250532119,-0.0107516916987632,2019-02-08,2019-02-11,2019-02-12,2019-02-13,2019-02-14,2019-02-15,2019-02-19,2019-02-20,2019-02-21,2019-02-22,14907.0,2019-02-07,252.0,-0.4396%,-0.0002,0.6538,0.0958,0.2847,0.5819%,0.8800%,56.2797%,0.0006519999999999,EWU,14907.0,2019-02-08,252.0,-0.0631%,-0.0002,0.6534,0.1035,0.2881,0.5793%,0.8778%,56.4420%,0.000597,EWU,14907.0,2019-02-11,252.0,-0.5996%,-0.0002,0.6562,0.0898,0.2822,0.5812%,0.8708%,55.4583%,-0.008357,EWU,14907.0,2019-02-12,252.0,0.7302%,-0.0002,0.6609,0.083,0.2858,0.5784%,0.8720%,56.0050%,-0.001261,EWU,14907.0,2019-02-13,252.0,0.2206%,-0.0002,0.6592,0.086,0.2864,0.5779%,0.8691%,55.7849%,5.999999999999999e-06,EWU,14907.0,2019-02-14,252.0,0.0000%,-0.0002,0.6586,0.0875,0.2848,0.5782%,0.8691%,55.7393%,0.002498,EWU,14907.0,2019-02-15,252.0,1.3208%,-0.0002,0.6568,0.0863,0.2826,0.5777%,0.8664%,55.5311%,0.0040799999999999,EWU,14907.0,2019-02-19,252.0,0.5276%,-0.0002,0.6564,0.0897,0.2865,0.5777%,0.8650%,55.4010%,0.0028299999999999,EWU,14907.0,2019-02-20,252.0,0.5557%,-0.0002,0.6573,0.0924,0.2898,0.5778%,0.8657%,55.4548%,0.002437,EWU,14907.0,2019-02-21,252.0,-0.6448%,-0.0002,0.656,0.0892,0.2876,0.5771%,0.8641%,55.3909%,-0.003384,EWU,14907.0,2019-02-22,252.0,0.3090%,-0.0002,0.6556,0.0915,0.2843,0.5773%,0.8641%,55.3695%,0.002463,EWU,0.001249,-0.007108,-0.008369,-0.0058649999999999,0.002561
36323,ISHARES INC,"US Democratic Senator Tester, Border Security Negotiator, Says Deal Is Possible As Early As Friday",6,uncertain,0.5,0.2,"while a potential deal on border security could positively impact market sentiment, the actual effect on ishares inc's stock price is unclear without more specific information on how this deal relates to the company's operations or investments.",1,2019-02-07,EWW,2019-02-07 19:30:00+00:00,83223.0,46428682,-0.0050851101987063,3038637.0,-0.0126666594296693,-0.0076788566075265,-0.0112536577507853,0.01086719147861,0.0011381569784134,0.0053512081503868,-0.0306957364082336,-0.0033333671744912,0.0171240791678428,0.0087424209341406,0.0099169807508587,-0.0044633061625063,0.0038821229245513,0.0044833165593445,-0.0011373802553862,-0.0044633061625063,0.0059211640618741,0.0044833165593445,0.0108671812340617,-0.0015666896943002,0.0026875459589064,0.0076680234633386,-0.0058075077831745,-0.0161970164626836,-0.0094360411167144,-0.0004435674927663,-0.0120208384469151,-0.0026542565319687,-0.0061983573250472,0.0109570184722542,-0.0053129945881664,0.0056217671371996,-0.0046446993947029,0.0047447560355067,-0.0118992561474442,-0.0042745205573737,-0.0136953489854931,0.002254843013361,0.0047881435602903,0.011171861551702,0.0114367296919226,0.0164542067795991,0.0025912981946021,0.0117233293130993,0.0025845111813396,0.0205790996551513,-0.0030465726740658,-0.0125236008316278,0.0145744923502206,0.0276833269745111,0.0169137977063655,0.0009723120019771,-0.0015948894433677,0.0024366099387407,0.0255590807646513,0.0009756321087479,0.0028927696403115,0.0098522547632455,-0.0392722524702549,0.004453248810023,0.0143186822533607,-0.0141463857144117,0.0013661514967679,0.0219342242926359,-0.0111413793638348,0.0032507439609616,-0.0020694446284323,0.017695078626275,0.0043778484687209,-0.0151477679610252,0.0227116700261831,-0.0022299343254417,-0.0094213094562292,-0.0078662661835551,0.0015851380303502,0.0149700213223695,0.0156002407893538,-0.0022403867915272,0.0249332766979932,-0.0105911409482359,0.0154213523492217,-0.0004923795931972,-0.0038502740208059,0.0183003153651952,0.0008589416975155,-0.0167611613869667,-0.005792757961899,0.0059508518315851,0.0036684973165392,-0.0100638149306178,-0.0051601347513496,0.0159601811319589,0.0079965190961956,0.0445428267121315,0.0115780644118785,0.0166843514889478,-0.0010597548680379,-0.04934548959136,-0.0012731036404147,-0.0158572699874639,-0.0091353366151452,0.0014888677978888,-0.0102915856987237,-0.0213696230202913,0.0054159443825483,-0.0048332712613046,0.00237019197084,0.0283300038427114,-0.0064488225616514,-0.0117878075689077,-0.0015144892968237,0.0034499601460993,-0.0099675599485635,-0.022168630734086,-0.0052527440711855,-0.0290126726031303,0.0121011929586529,0.0030509519856423,-0.006521722767502,-0.0676148831844329,-0.0126666594296693,-0.0076788566075265,-0.0237777709303874,0.0031048872659926,-0.0226666767878895,0.0084727103144233,-0.036444431454191,0.0138982048115123,-0.0077777445658809,0.0123097409073522,-0.0377777946354777,0.1190005337761597,0.015555572810064,-0.0010831576431272,2019-02-08,2019-02-11,2019-02-12,2019-02-13,2019-02-14,2019-02-15,2019-02-19,2019-02-20,2019-02-21,2019-02-22,83223.0,2019-02-07,252.0,-0.5085%,-0.0005,0.6333,0.0911,0.0765,1.4198%,1.5721%,18.4314%,0.000599,EWW,83223.0,2019-02-08,252.0,-1.2667%,-0.0004,0.635,0.1096,0.0956,1.4178%,1.5695%,18.3916%,-0.012855,EWW,83223.0,2019-02-11,252.0,-1.1254%,-0.0005,0.6233,0.1035,0.0862,1.4194%,1.5603%,17.2444%,-0.013186,EWW,83223.0,2019-02-12,252.0,0.1138%,-0.0005,0.6146,0.1096,0.0807,1.4190%,1.5568%,16.9265%,-0.0073129999999999,EWW,83223.0,2019-02-13,252.0,-3.0696%,-0.0006,0.6105,0.1035,0.0718,1.4333%,1.5681%,16.4562%,-0.032639,EWW,83223.0,2019-02-14,252.0,1.7124%,-0.0006,0.606,0.1137,0.0608,1.4381%,1.5719%,16.2951%,0.018184,EWW,83223.0,2019-02-15,252.0,0.9917%,-0.0006,0.6031,0.1114,0.0565,1.4378%,1.5701%,16.1517%,0.002393,EWW,83223.0,2019-02-19,252.0,0.3882%,-0.0006,0.6016,0.1159,0.0617,1.4373%,1.5682%,15.9987%,0.002144,EWW,83223.0,2019-02-20,252.0,-0.1137%,-0.0006,0.6011,0.1154,0.06,1.4373%,1.5682%,15.9929%,-0.0029749999999999,EWW,83223.0,2019-02-21,252.0,0.5921%,-0.0005,0.5963,0.1075,0.0511,1.4376%,1.5669%,15.8203%,0.008264,EWW,83223.0,2019-02-22,252.0,1.0867%,-0.0005,0.5947,0.1217,0.0451,1.4372%,1.5670%,15.8774%,0.0070509999999999,EWW,-0.012256,-0.025442,-0.032755,-0.04721,-0.030333
36331,ISHARES INC,Mexico Central Bank Leaves Benchmark Interest Rate Unchanged At 8.25 Percent,6,uncertain,0.6,0.2,"the unchanged interest rate may have mixed implications for ishares inc, as it could stabilize the economy but also reflect ongoing economic challenges, leading to uncertainty in stock price movement.",1,2019-02-07,EWW,2019-02-07 19:01:00+00:00,83223.0,46428682,-0.0050851101987063,3038637.0,-0.0126666594296693,-0.0076788566075265,-0.0112536577507853,0.01086719147861,0.0011381569784134,0.0053512081503868,-0.0306957364082336,-0.0033333671744912,0.0171240791678428,0.0087424209341406,0.0099169807508587,-0.0044633061625063,0.0038821229245513,0.0044833165593445,-0.0011373802553862,-0.0044633061625063,0.0059211640618741,0.0044833165593445,0.0108671812340617,-0.0015666896943002,0.0026875459589064,0.0076680234633386,-0.0058075077831745,-0.0161970164626836,-0.0094360411167144,-0.0004435674927663,-0.0120208384469151,-0.0026542565319687,-0.0061983573250472,0.0109570184722542,-0.0053129945881664,0.0056217671371996,-0.0046446993947029,0.0047447560355067,-0.0118992561474442,-0.0042745205573737,-0.0136953489854931,0.002254843013361,0.0047881435602903,0.011171861551702,0.0114367296919226,0.0164542067795991,0.0025912981946021,0.0117233293130993,0.0025845111813396,0.0205790996551513,-0.0030465726740658,-0.0125236008316278,0.0145744923502206,0.0276833269745111,0.0169137977063655,0.0009723120019771,-0.0015948894433677,0.0024366099387407,0.0255590807646513,0.0009756321087479,0.0028927696403115,0.0098522547632455,-0.0392722524702549,0.004453248810023,0.0143186822533607,-0.0141463857144117,0.0013661514967679,0.0219342242926359,-0.0111413793638348,0.0032507439609616,-0.0020694446284323,0.017695078626275,0.0043778484687209,-0.0151477679610252,0.0227116700261831,-0.0022299343254417,-0.0094213094562292,-0.0078662661835551,0.0015851380303502,0.0149700213223695,0.0156002407893538,-0.0022403867915272,0.0249332766979932,-0.0105911409482359,0.0154213523492217,-0.0004923795931972,-0.0038502740208059,0.0183003153651952,0.0008589416975155,-0.0167611613869667,-0.005792757961899,0.0059508518315851,0.0036684973165392,-0.0100638149306178,-0.0051601347513496,0.0159601811319589,0.0079965190961956,0.0445428267121315,0.0115780644118785,0.0166843514889478,-0.0010597548680379,-0.04934548959136,-0.0012731036404147,-0.0158572699874639,-0.0091353366151452,0.0014888677978888,-0.0102915856987237,-0.0213696230202913,0.0054159443825483,-0.0048332712613046,0.00237019197084,0.0283300038427114,-0.0064488225616514,-0.0117878075689077,-0.0015144892968237,0.0034499601460993,-0.0099675599485635,-0.022168630734086,-0.0052527440711855,-0.0290126726031303,0.0121011929586529,0.0030509519856423,-0.006521722767502,-0.0676148831844329,-0.0126666594296693,-0.0076788566075265,-0.0237777709303874,0.0031048872659926,-0.0226666767878895,0.0084727103144233,-0.036444431454191,0.0138982048115123,-0.0077777445658809,0.0123097409073522,-0.0377777946354777,0.1190005337761597,0.015555572810064,-0.0010831576431272,2019-02-08,2019-02-11,2019-02-12,2019-02-13,2019-02-14,2019-02-15,2019-02-19,2019-02-20,2019-02-21,2019-02-22,83223.0,2019-02-07,252.0,-0.5085%,-0.0005,0.6333,0.0911,0.0765,1.4198%,1.5721%,18.4314%,0.000599,EWW,83223.0,2019-02-08,252.0,-1.2667%,-0.0004,0.635,0.1096,0.0956,1.4178%,1.5695%,18.3916%,-0.012855,EWW,83223.0,2019-02-11,252.0,-1.1254%,-0.0005,0.6233,0.1035,0.0862,1.4194%,1.5603%,17.2444%,-0.013186,EWW,83223.0,2019-02-12,252.0,0.1138%,-0.0005,0.6146,0.1096,0.0807,1.4190%,1.5568%,16.9265%,-0.0073129999999999,EWW,83223.0,2019-02-13,252.0,-3.0696%,-0.0006,0.6105,0.1035,0.0718,1.4333%,1.5681%,16.4562%,-0.032639,EWW,83223.0,2019-02-14,252.0,1.7124%,-0.0006,0.606,0.1137,0.0608,1.4381%,1.5719%,16.2951%,0.018184,EWW,83223.0,2019-02-15,252.0,0.9917%,-0.0006,0.6031,0.1114,0.0565,1.4378%,1.5701%,16.1517%,0.002393,EWW,83223.0,2019-02-19,252.0,0.3882%,-0.0006,0.6016,0.1159,0.0617,1.4373%,1.5682%,15.9987%,0.002144,EWW,83223.0,2019-02-20,252.0,-0.1137%,-0.0006,0.6011,0.1154,0.06,1.4373%,1.5682%,15.9929%,-0.0029749999999999,EWW,83223.0,2019-02-21,252.0,0.5921%,-0.0005,0.5963,0.1075,0.0511,1.4376%,1.5669%,15.8203%,0.008264,EWW,83223.0,2019-02-22,252.0,1.0867%,-0.0005,0.5947,0.1217,0.0451,1.4372%,1.5670%,15.8774%,0.0070509999999999,EWW,-0.012256,-0.025442,-0.032755,-0.04721,-0.030333
36339,EXPEDIA GROUP INC,Expedia Reports Q4 Gross Bookings Up 13% YoY,6,increase,0.8,0.6,"the 13% year-over-year increase in gross bookings suggests strong demand and positive performance, which is likely to boost investor confidence and lead to an increase in stock price.",2,2019-02-07,EXPE,2019-02-07 21:08:00+00:00,90808.0,30212P30,-7.815535354893655e-05,3287626.0,0.0229138992726802,0.0132319005206227,-0.0318807773292064,0.0216124188154935,-0.0003948149969801,0.0128720151260495,0.0069521032273769,0.0228092353790998,-0.005491895135492,-0.0014235317939892,0.0026032992172986,0.0199863016605377,0.0091274194419384,0.000341771316016,0.0026510434690862,-0.0005977260298095,-0.00381048489362,-0.0026400745846331,-0.0087431902065873,0.0066009140573441,-0.0064577073790133,0.0086467787623405,0.0110969711095094,-0.0238859020173549,0.0050172419287264,0.0151658318936824,-0.0381435230374336,0.0061206817626953,0.0158948916941881,-0.0062537766061723,-0.0021553176920861,0.013193336315453,0.007760009728372,0.0086674652993679,-0.0029372267890721,0.0001751687668729,-0.0169220548123121,-0.0036643324419856,-0.0146151594817638,-0.0200906079262495,0.0042023905552923,0.0210370440036058,-0.0108312107622623,0.0129985082894563,-0.0005806693807244,0.0421120524406433,0.0026560397818684,-0.0308984331786632,0.0062913452275097,-0.0059476089663803,-0.0033727874979376,-0.0056492132134735,0.0089970808476209,-0.0094430511817336,0.0018815719522535,0.0014886673307046,0.013309359550476,0.046746090054512,-0.0198227167129516,-0.0095324832946062,0.003617251291871,-0.0363922342658042,0.0001637995010241,-0.0072948671877384,-0.0188369806855917,-0.0262979920953512,-0.0061770072206854,0.0113743422552943,-0.0005039271200075,-0.0120817869901657,0.0105042019858956,-0.0102851055562496,0.0015800618566572,-0.0124690514057874,0.0135336862877011,0.0232361648231744,0.0039321975782513,-0.0036201407201588,-0.0004080216167494,0.0045669903047382,0.0057959109544754,-0.0199751649051904,0.0059248711913824,0.015743413940072,0.0017750622937455,-0.0154994009062647,0.0034632140304893,-0.0011590312933549,0.009631629101932,0.0087690250948071,-0.0027029491029679,-0.0034953877329826,0.0043045110069215,0.0222903080284595,-0.0092864371836185,0.0082346806302666,-0.0024835567455738,0.0304048303514719,-0.0012850667117163,0.0004421527264639,0.0123039707541465,0.0131696248427033,-0.0110422577708959,-0.0130857275798916,0.0058639519847929,-0.0329200401902198,0.0202843062579631,-0.0233820714056491,0.0173762794584035,-0.0178791135549545,-0.0010770841035991,-0.0010622402187436,-0.0079328315332531,0.0010633722413331,-0.0045027704909443,-0.0144308358430862,-0.0088122691959142,-0.0110818734392523,-0.0236821565777063,-0.0229786913841962,0.0229138992726802,0.0132319005206227,-0.0096973909769824,0.035130292711893,-0.0100883772985732,0.0484545054971126,-0.0086806953822657,0.0708423998005001,-0.0069601879877768,0.09627085843422,-0.0462915524720607,0.1609622864038615,-0.0270825520621541,-0.0012805105561013,2019-02-08,2019-02-11,2019-02-12,2019-02-13,2019-02-14,2019-02-15,2019-02-19,2019-02-20,2019-02-21,2019-02-22,90808.0,2019-02-07,252.0,-0.0078%,0.0,0.7042,0.1247,-0.2825,1.7853%,1.9823%,18.8869%,0.0076859999999999,EXPE,90808.0,2019-02-08,252.0,2.2914%,0.0,0.7013,0.1029,-0.3092,1.7859%,1.9849%,19.0475%,0.020169,EXPE,90808.0,2019-02-11,252.0,-3.1881%,-0.0,0.6656,0.0922,-0.3338,1.7922%,1.9712%,17.3396%,-0.032931,EXPE,90808.0,2019-02-12,252.0,-0.0395%,0.0006,0.7562,-0.031,-0.2654,1.4644%,1.7101%,26.6744%,-0.010133,EXPE,90808.0,2019-02-13,252.0,0.6952%,0.0007,0.7676,-0.0484,-0.2675,1.4572%,1.7088%,27.2772%,0.004939,EXPE,90808.0,2019-02-14,252.0,-0.5492%,0.0007,0.7699,-0.0511,-0.266,1.4550%,1.7078%,27.4136%,-0.00528,EXPE,90808.0,2019-02-15,252.0,0.2603%,0.0008,0.7891,-0.0345,-0.2357,1.4449%,1.7043%,28.1201%,-0.004792,EXPE,90808.0,2019-02-19,252.0,0.9127%,0.0008,0.7877,-0.0258,-0.2258,1.4445%,1.7003%,27.8233%,0.008335,EXPE,90808.0,2019-02-20,252.0,0.2651%,0.0008,0.7867,-0.0347,-0.2311,1.4413%,1.6977%,27.9243%,0.002353,EXPE,90808.0,2019-02-21,252.0,-0.3810%,0.0007,0.7893,-0.0298,-0.2262,1.4409%,1.6980%,27.9853%,-0.0015559999999999,EXPE,90808.0,2019-02-22,252.0,-0.8743%,0.0007,0.7915,-0.0239,-0.1944,1.4445%,1.6975%,27.5894%,-0.017135,EXPE,0.027855,-0.005076,-0.015209,-0.01555,-0.028345
36347,EXPEDIA GROUP INC,"Expedia Q4 Adj. EPS $1.24 Beats $1.08 Estimate, Sales $2.56B Beat $2.54B Estimate",6,increase,0.8,0.7,"the better-than-expected adjusted eps and sales figures suggest strong financial performance, which is likely to positively influence investor sentiment and increase the stock price.",2,2019-02-07,EXPE,2019-02-07 21:08:00+00:00,90808.0,30212P30,-7.815535354893655e-05,3287626.0,0.0229138992726802,0.0132319005206227,-0.0318807773292064,0.0216124188154935,-0.0003948149969801,0.0128720151260495,0.0069521032273769,0.0228092353790998,-0.005491895135492,-0.0014235317939892,0.0026032992172986,0.0199863016605377,0.0091274194419384,0.000341771316016,0.0026510434690862,-0.0005977260298095,-0.00381048489362,-0.0026400745846331,-0.0087431902065873,0.0066009140573441,-0.0064577073790133,0.0086467787623405,0.0110969711095094,-0.0238859020173549,0.0050172419287264,0.0151658318936824,-0.0381435230374336,0.0061206817626953,0.0158948916941881,-0.0062537766061723,-0.0021553176920861,0.013193336315453,0.007760009728372,0.0086674652993679,-0.0029372267890721,0.0001751687668729,-0.0169220548123121,-0.0036643324419856,-0.0146151594817638,-0.0200906079262495,0.0042023905552923,0.0210370440036058,-0.0108312107622623,0.0129985082894563,-0.0005806693807244,0.0421120524406433,0.0026560397818684,-0.0308984331786632,0.0062913452275097,-0.0059476089663803,-0.0033727874979376,-0.0056492132134735,0.0089970808476209,-0.0094430511817336,0.0018815719522535,0.0014886673307046,0.013309359550476,0.046746090054512,-0.0198227167129516,-0.0095324832946062,0.003617251291871,-0.0363922342658042,0.0001637995010241,-0.0072948671877384,-0.0188369806855917,-0.0262979920953512,-0.0061770072206854,0.0113743422552943,-0.0005039271200075,-0.0120817869901657,0.0105042019858956,-0.0102851055562496,0.0015800618566572,-0.0124690514057874,0.0135336862877011,0.0232361648231744,0.0039321975782513,-0.0036201407201588,-0.0004080216167494,0.0045669903047382,0.0057959109544754,-0.0199751649051904,0.0059248711913824,0.015743413940072,0.0017750622937455,-0.0154994009062647,0.0034632140304893,-0.0011590312933549,0.009631629101932,0.0087690250948071,-0.0027029491029679,-0.0034953877329826,0.0043045110069215,0.0222903080284595,-0.0092864371836185,0.0082346806302666,-0.0024835567455738,0.0304048303514719,-0.0012850667117163,0.0004421527264639,0.0123039707541465,0.0131696248427033,-0.0110422577708959,-0.0130857275798916,0.0058639519847929,-0.0329200401902198,0.0202843062579631,-0.0233820714056491,0.0173762794584035,-0.0178791135549545,-0.0010770841035991,-0.0010622402187436,-0.0079328315332531,0.0010633722413331,-0.0045027704909443,-0.0144308358430862,-0.0088122691959142,-0.0110818734392523,-0.0236821565777063,-0.0229786913841962,0.0229138992726802,0.0132319005206227,-0.0096973909769824,0.035130292711893,-0.0100883772985732,0.0484545054971126,-0.0086806953822657,0.0708423998005001,-0.0069601879877768,0.09627085843422,-0.0462915524720607,0.1609622864038615,-0.0270825520621541,-0.0012805105561013,2019-02-08,2019-02-11,2019-02-12,2019-02-13,2019-02-14,2019-02-15,2019-02-19,2019-02-20,2019-02-21,2019-02-22,90808.0,2019-02-07,252.0,-0.0078%,0.0,0.7042,0.1247,-0.2825,1.7853%,1.9823%,18.8869%,0.0076859999999999,EXPE,90808.0,2019-02-08,252.0,2.2914%,0.0,0.7013,0.1029,-0.3092,1.7859%,1.9849%,19.0475%,0.020169,EXPE,90808.0,2019-02-11,252.0,-3.1881%,-0.0,0.6656,0.0922,-0.3338,1.7922%,1.9712%,17.3396%,-0.032931,EXPE,90808.0,2019-02-12,252.0,-0.0395%,0.0006,0.7562,-0.031,-0.2654,1.4644%,1.7101%,26.6744%,-0.010133,EXPE,90808.0,2019-02-13,252.0,0.6952%,0.0007,0.7676,-0.0484,-0.2675,1.4572%,1.7088%,27.2772%,0.004939,EXPE,90808.0,2019-02-14,252.0,-0.5492%,0.0007,0.7699,-0.0511,-0.266,1.4550%,1.7078%,27.4136%,-0.00528,EXPE,90808.0,2019-02-15,252.0,0.2603%,0.0008,0.7891,-0.0345,-0.2357,1.4449%,1.7043%,28.1201%,-0.004792,EXPE,90808.0,2019-02-19,252.0,0.9127%,0.0008,0.7877,-0.0258,-0.2258,1.4445%,1.7003%,27.8233%,0.008335,EXPE,90808.0,2019-02-20,252.0,0.2651%,0.0008,0.7867,-0.0347,-0.2311,1.4413%,1.6977%,27.9243%,0.002353,EXPE,90808.0,2019-02-21,252.0,-0.3810%,0.0007,0.7893,-0.0298,-0.2262,1.4409%,1.6980%,27.9853%,-0.0015559999999999,EXPE,90808.0,2019-02-22,252.0,-0.8743%,0.0007,0.7915,-0.0239,-0.1944,1.4445%,1.6975%,27.5894%,-0.017135,EXPE,0.027855,-0.005076,-0.015209,-0.01555,-0.028345
36355,EXPEDIA GROUP INC,Expedia Q4 Adj. EPS $1.24 Beats $1.08 Estimate,6,increase,0.8,0.7,"beating earnings estimates typically signals strong performance, which can positively influence investor sentiment and drive the stock price up.",2,2019-02-07,EXPE,2019-02-07 21:07:00+00:00,90808.0,30212P30,-7.815535354893655e-05,3287626.0,0.0229138992726802,0.0132319005206227,-0.0318807773292064,0.0216124188154935,-0.0003948149969801,0.0128720151260495,0.0069521032273769,0.0228092353790998,-0.005491895135492,-0.0014235317939892,0.0026032992172986,0.0199863016605377,0.0091274194419384,0.000341771316016,0.0026510434690862,-0.0005977260298095,-0.00381048489362,-0.0026400745846331,-0.0087431902065873,0.0066009140573441,-0.0064577073790133,0.0086467787623405,0.0110969711095094,-0.0238859020173549,0.0050172419287264,0.0151658318936824,-0.0381435230374336,0.0061206817626953,0.0158948916941881,-0.0062537766061723,-0.0021553176920861,0.013193336315453,0.007760009728372,0.0086674652993679,-0.0029372267890721,0.0001751687668729,-0.0169220548123121,-0.0036643324419856,-0.0146151594817638,-0.0200906079262495,0.0042023905552923,0.0210370440036058,-0.0108312107622623,0.0129985082894563,-0.0005806693807244,0.0421120524406433,0.0026560397818684,-0.0308984331786632,0.0062913452275097,-0.0059476089663803,-0.0033727874979376,-0.0056492132134735,0.0089970808476209,-0.0094430511817336,0.0018815719522535,0.0014886673307046,0.013309359550476,0.046746090054512,-0.0198227167129516,-0.0095324832946062,0.003617251291871,-0.0363922342658042,0.0001637995010241,-0.0072948671877384,-0.0188369806855917,-0.0262979920953512,-0.0061770072206854,0.0113743422552943,-0.0005039271200075,-0.0120817869901657,0.0105042019858956,-0.0102851055562496,0.0015800618566572,-0.0124690514057874,0.0135336862877011,0.0232361648231744,0.0039321975782513,-0.0036201407201588,-0.0004080216167494,0.0045669903047382,0.0057959109544754,-0.0199751649051904,0.0059248711913824,0.015743413940072,0.0017750622937455,-0.0154994009062647,0.0034632140304893,-0.0011590312933549,0.009631629101932,0.0087690250948071,-0.0027029491029679,-0.0034953877329826,0.0043045110069215,0.0222903080284595,-0.0092864371836185,0.0082346806302666,-0.0024835567455738,0.0304048303514719,-0.0012850667117163,0.0004421527264639,0.0123039707541465,0.0131696248427033,-0.0110422577708959,-0.0130857275798916,0.0058639519847929,-0.0329200401902198,0.0202843062579631,-0.0233820714056491,0.0173762794584035,-0.0178791135549545,-0.0010770841035991,-0.0010622402187436,-0.0079328315332531,0.0010633722413331,-0.0045027704909443,-0.0144308358430862,-0.0088122691959142,-0.0110818734392523,-0.0236821565777063,-0.0229786913841962,0.0229138992726802,0.0132319005206227,-0.0096973909769824,0.035130292711893,-0.0100883772985732,0.0484545054971126,-0.0086806953822657,0.0708423998005001,-0.0069601879877768,0.09627085843422,-0.0462915524720607,0.1609622864038615,-0.0270825520621541,-0.0012805105561013,2019-02-08,2019-02-11,2019-02-12,2019-02-13,2019-02-14,2019-02-15,2019-02-19,2019-02-20,2019-02-21,2019-02-22,90808.0,2019-02-07,252.0,-0.0078%,0.0,0.7042,0.1247,-0.2825,1.7853%,1.9823%,18.8869%,0.0076859999999999,EXPE,90808.0,2019-02-08,252.0,2.2914%,0.0,0.7013,0.1029,-0.3092,1.7859%,1.9849%,19.0475%,0.020169,EXPE,90808.0,2019-02-11,252.0,-3.1881%,-0.0,0.6656,0.0922,-0.3338,1.7922%,1.9712%,17.3396%,-0.032931,EXPE,90808.0,2019-02-12,252.0,-0.0395%,0.0006,0.7562,-0.031,-0.2654,1.4644%,1.7101%,26.6744%,-0.010133,EXPE,90808.0,2019-02-13,252.0,0.6952%,0.0007,0.7676,-0.0484,-0.2675,1.4572%,1.7088%,27.2772%,0.004939,EXPE,90808.0,2019-02-14,252.0,-0.5492%,0.0007,0.7699,-0.0511,-0.266,1.4550%,1.7078%,27.4136%,-0.00528,EXPE,90808.0,2019-02-15,252.0,0.2603%,0.0008,0.7891,-0.0345,-0.2357,1.4449%,1.7043%,28.1201%,-0.004792,EXPE,90808.0,2019-02-19,252.0,0.9127%,0.0008,0.7877,-0.0258,-0.2258,1.4445%,1.7003%,27.8233%,0.008335,EXPE,90808.0,2019-02-20,252.0,0.2651%,0.0008,0.7867,-0.0347,-0.2311,1.4413%,1.6977%,27.9243%,0.002353,EXPE,90808.0,2019-02-21,252.0,-0.3810%,0.0007,0.7893,-0.0298,-0.2262,1.4409%,1.6980%,27.9853%,-0.0015559999999999,EXPE,90808.0,2019-02-22,252.0,-0.8743%,0.0007,0.7915,-0.0239,-0.1944,1.4445%,1.6975%,27.5894%,-0.017135,EXPE,0.027855,-0.005076,-0.015209,-0.01555,-0.028345
36363,EXPEDIA GROUP INC,Expedia Q4 Earnings Preview,6,uncertain,0.5,0.5,the impact on expedia group inc's stock price is uncertain as it depends on the actual earnings results and market expectations.,1,2019-02-07,EXPE,2019-02-07 13:28:00+00:00,90808.0,30212P30,-7.815535354893655e-05,3287626.0,0.0229138992726802,0.0132319005206227,-0.0318807773292064,0.0216124188154935,-0.0003948149969801,0.0128720151260495,0.0069521032273769,0.0228092353790998,-0.005491895135492,-0.0014235317939892,0.0026032992172986,0.0199863016605377,0.0091274194419384,0.000341771316016,0.0026510434690862,-0.0005977260298095,-0.00381048489362,-0.0026400745846331,-0.0087431902065873,0.0066009140573441,-0.0064577073790133,0.0086467787623405,0.0110969711095094,-0.0238859020173549,0.0050172419287264,0.0151658318936824,-0.0381435230374336,0.0061206817626953,0.0158948916941881,-0.0062537766061723,-0.0021553176920861,0.013193336315453,0.007760009728372,0.0086674652993679,-0.0029372267890721,0.0001751687668729,-0.0169220548123121,-0.0036643324419856,-0.0146151594817638,-0.0200906079262495,0.0042023905552923,0.0210370440036058,-0.0108312107622623,0.0129985082894563,-0.0005806693807244,0.0421120524406433,0.0026560397818684,-0.0308984331786632,0.0062913452275097,-0.0059476089663803,-0.0033727874979376,-0.0056492132134735,0.0089970808476209,-0.0094430511817336,0.0018815719522535,0.0014886673307046,0.013309359550476,0.046746090054512,-0.0198227167129516,-0.0095324832946062,0.003617251291871,-0.0363922342658042,0.0001637995010241,-0.0072948671877384,-0.0188369806855917,-0.0262979920953512,-0.0061770072206854,0.0113743422552943,-0.0005039271200075,-0.0120817869901657,0.0105042019858956,-0.0102851055562496,0.0015800618566572,-0.0124690514057874,0.0135336862877011,0.0232361648231744,0.0039321975782513,-0.0036201407201588,-0.0004080216167494,0.0045669903047382,0.0057959109544754,-0.0199751649051904,0.0059248711913824,0.015743413940072,0.0017750622937455,-0.0154994009062647,0.0034632140304893,-0.0011590312933549,0.009631629101932,0.0087690250948071,-0.0027029491029679,-0.0034953877329826,0.0043045110069215,0.0222903080284595,-0.0092864371836185,0.0082346806302666,-0.0024835567455738,0.0304048303514719,-0.0012850667117163,0.0004421527264639,0.0123039707541465,0.0131696248427033,-0.0110422577708959,-0.0130857275798916,0.0058639519847929,-0.0329200401902198,0.0202843062579631,-0.0233820714056491,0.0173762794584035,-0.0178791135549545,-0.0010770841035991,-0.0010622402187436,-0.0079328315332531,0.0010633722413331,-0.0045027704909443,-0.0144308358430862,-0.0088122691959142,-0.0110818734392523,-0.0236821565777063,-0.0229786913841962,0.0229138992726802,0.0132319005206227,-0.0096973909769824,0.035130292711893,-0.0100883772985732,0.0484545054971126,-0.0086806953822657,0.0708423998005001,-0.0069601879877768,0.09627085843422,-0.0462915524720607,0.1609622864038615,-0.0270825520621541,-0.0012805105561013,2019-02-08,2019-02-11,2019-02-12,2019-02-13,2019-02-14,2019-02-15,2019-02-19,2019-02-20,2019-02-21,2019-02-22,90808.0,2019-02-07,252.0,-0.0078%,0.0,0.7042,0.1247,-0.2825,1.7853%,1.9823%,18.8869%,0.0076859999999999,EXPE,90808.0,2019-02-08,252.0,2.2914%,0.0,0.7013,0.1029,-0.3092,1.7859%,1.9849%,19.0475%,0.020169,EXPE,90808.0,2019-02-11,252.0,-3.1881%,-0.0,0.6656,0.0922,-0.3338,1.7922%,1.9712%,17.3396%,-0.032931,EXPE,90808.0,2019-02-12,252.0,-0.0395%,0.0006,0.7562,-0.031,-0.2654,1.4644%,1.7101%,26.6744%,-0.010133,EXPE,90808.0,2019-02-13,252.0,0.6952%,0.0007,0.7676,-0.0484,-0.2675,1.4572%,1.7088%,27.2772%,0.004939,EXPE,90808.0,2019-02-14,252.0,-0.5492%,0.0007,0.7699,-0.0511,-0.266,1.4550%,1.7078%,27.4136%,-0.00528,EXPE,90808.0,2019-02-15,252.0,0.2603%,0.0008,0.7891,-0.0345,-0.2357,1.4449%,1.7043%,28.1201%,-0.004792,EXPE,90808.0,2019-02-19,252.0,0.9127%,0.0008,0.7877,-0.0258,-0.2258,1.4445%,1.7003%,27.8233%,0.008335,EXPE,90808.0,2019-02-20,252.0,0.2651%,0.0008,0.7867,-0.0347,-0.2311,1.4413%,1.6977%,27.9243%,0.002353,EXPE,90808.0,2019-02-21,252.0,-0.3810%,0.0007,0.7893,-0.0298,-0.2262,1.4409%,1.6980%,27.9853%,-0.0015559999999999,EXPE,90808.0,2019-02-22,252.0,-0.8743%,0.0007,0.7915,-0.0239,-0.1944,1.4445%,1.6975%,27.5894%,-0.017135,EXPE,0.027855,-0.005076,-0.015209,-0.01555,-0.028345
36371,FORUM ENERGY TECHNOLOGIES INC,"Forum Energy Technologies Q4 EPS $0.08 Beats $(0.03) Estimate, Sales $272.9M Beat $257.91M Estimate",6,increase,0.8,0.7,"the company reported better-than-expected earnings and sales, which typically boosts investor confidence and can lead to an increase in stock price.",2,2019-02-07,FET,2019-02-07 22:38:00+00:00,13337.0,34984V20,-0.0857142508029937,1302539.0,0.216666653752327,0.0019084407249465,0.1404109001159668,0.0057581062428653,0.0195195376873016,0.0296442881226539,-0.0662739053368568,0.0305499192327261,0.0126182837411761,-0.0100806839764118,0.0264797620475292,0.0163934268057346,-0.0045523839071393,-0.0061099254526197,0.0091463327407836,-0.0296442881226539,-0.054380614310503,0.0652631446719169,-0.0063898460939526,0.0193133372813463,-0.0257234498858451,-0.069860354065895,-0.0198019612580537,-0.0195694528520107,0.0134680001065135,0.0220000259578228,-0.0315614715218544,0.0,0.013722114264965,-0.0059642563574016,0.0033840916585177,0.0202840529382228,-0.0303541030734777,-0.0836431756615638,-0.0730434879660606,-0.012843981385231,-0.0112570254132151,0.0,-0.0455407537519931,0.036121591925621,0.055665947496891,0.0154440933838486,0.0546139292418956,0.0724637508392334,0.0089286053553223,0.070953369140625,0.0530972927808761,0.0157658047974109,0.0050420523621141,0.0750605165958404,0.0150501923635602,-0.0282352678477764,-0.0362438634037971,0.0625,0.0393162444233894,0.0050251209177076,-0.0016446961089968,0.08743167668581,-0.0988468453288078,-0.0393700413405895,-0.0310785379260778,-0.0255754832178354,-0.0132075790315866,-0.0756501033902168,-0.0267686173319816,-0.0703297033905983,0.0314341522753238,-0.0298507176339626,-0.0266666412353515,0.0021368011366575,0.0450097881257534,-0.0526316240429878,-0.0112359439954161,-0.023715391755104,-0.0340909659862518,0.0039682500064373,0.0,-0.0508474558591842,0.1078431755304337,-0.0667838528752327,0.0300885085016489,-0.0052447086200118,-0.0360824801027774,-0.0759289637207984,0.0374331623315811,-0.0816023349761962,-0.013745772652328,0.0074737989343702,-0.0435540080070495,-0.0374100357294082,-0.0327868536114692,-0.0320334285497665,0.0188323743641376,-0.0082872854545712,0.0184843596071004,-0.0013793419348075,-0.039927452802658,0.0196905583143234,0.0037807147018611,-0.0607661865651607,0.0790960639715194,0.0470262989401817,-0.0366492196917533,-0.0585937276482582,-0.0307971145957708,0.0078740082681179,0.1457944363355637,0.0173564907163381,0.0440456718206405,0.0359612368047237,-0.0656250119209289,0.0097765605896711,-0.0334447845816612,-0.0440587364137172,0.0069204084575176,-0.0672478154301643,-0.005154674872756,-0.0195360016077756,-0.0017270728712901,-0.0443407371640205,0.2166666537523269,0.0019084407249465,0.3874999137467725,0.0076775359722642,0.4145832706042804,0.037549419183352,0.3374999623533279,0.0584677343809965,0.2958332364512204,0.1266094774426025,0.1395832495236548,0.3779527776966791,0.2041666750172324,-0.3873978795095274,2019-02-08,2019-02-11,2019-02-12,2019-02-13,2019-02-14,2019-02-15,2019-02-19,2019-02-20,2019-02-21,2019-02-22,13337.0,2019-02-07,252.0,-8.5714%,-0.0037,2.1035,2.1153,1.7087,2.9756%,3.7286%,36.3128%,-0.070403,FET,13337.0,2019-02-08,252.0,21.6667%,-0.0027,2.0627,2.1022,1.5289,3.2934%,3.9720%,31.2501%,0.225406,FET,13337.0,2019-02-11,252.0,14.0411%,-0.0021,2.0512,2.2794,1.6188,3.3775%,4.0441%,30.2501%,0.120032,FET,13337.0,2019-02-12,252.0,1.9520%,-0.0014,2.1491,2.1512,1.6918,3.2002%,3.9295%,33.6761%,-0.00618,FET,13337.0,2019-02-13,252.0,-6.6274%,-0.0016,2.1558,2.1102,1.6666,3.2243%,3.9479%,33.2976%,-0.074866,FET,13337.0,2019-02-14,252.0,1.2618%,-0.0015,2.1523,2.1199,1.6552,3.2258%,3.9488%,33.2681%,0.015739,FET,13337.0,2019-02-15,252.0,2.6480%,-0.0017,2.121,2.0907,1.603,3.2206%,3.9234%,32.6172%,-0.011186,FET,13337.0,2019-02-19,252.0,-0.4552%,-0.0016,2.1285,2.064,1.5723,3.2147%,3.9208%,32.7759%,-0.019554,FET,13337.0,2019-02-20,252.0,0.9146%,-0.0016,2.1271,2.0631,1.568,3.2148%,3.9213%,32.7850%,-0.008186,FET,13337.0,2019-02-21,252.0,-5.4381%,-0.0017,2.1322,2.0646,1.5776,3.2239%,3.9289%,32.6688%,-0.04156,FET,13337.0,2019-02-22,252.0,-0.6390%,-0.0017,2.1325,2.0814,1.5963,3.2230%,3.9289%,32.7072%,-0.008513,FET,0.155003,0.275035,0.268855,0.209728,0.120729
36379,FOOT LOCKER INC,Foot Locker Reports $100M Strategic Investment In GOAT Group,6,increase,0.7,0.6,"the strategic investment in goat group suggests foot locker is positioning itself for growth in the sneaker resale market, which could positively impact investor sentiment and stock price.",2,2019-02-07,FL,2019-02-07 12:41:00+00:00,15456.0,34484910,-0.0017645752523094,1568650.0,-0.0014141420833766,0.0,0.0079659577459096,0.0146821793168783,0.0173867531120777,0.0143479313701391,0.0037977078463882,-0.0148505643010139,0.0135855041444301,-0.0139379128813743,0.0059382813051342,0.0022988694254308,0.0091077908873558,-0.002997213974595,0.0036770415026694,-0.0005286128725856,-0.0006661268416792,0.0024730504956096,-0.0061656213365495,-0.0014111486962065,0.002682760823518,-0.006310265045613,-0.0152173889800906,-0.0226143524050712,0.0081507815048098,0.0135439969599247,0.0025265542790293,0.0270342193543911,0.059643805027008,-0.0106980111449956,0.0044394922442734,0.0036965161561965,-0.0089976275339722,0.0054867500439286,0.0058936406858265,0.0139985419809818,-0.0163104124367237,-0.0106533821672201,-0.0328396186232566,-0.0081014279276132,-0.0038282847963273,0.0067375395447015,0.0041771093383431,0.0276968013495206,-0.0066555361263453,0.0273306425660848,-0.0058626849204301,0.012509474530816,-0.0062341862358152,-0.0082707228139042,0.0147507451474666,0.0175975896418094,0.0116959195584058,0.0071277003735303,-0.0175061523914337,0.0063977898098528,0.0055471174418926,0.0541590340435504,-0.0486459359526634,0.0034865050110965,0.0238973926752805,0.0175292193889617,-0.0006864753086119,0.0113971522077918,0.0121930120512843,-0.03207353875041,0.0244316682219505,0.0279294811189174,0.0036435476504266,-0.0332927219569683,0.0099010281264781,-0.0136163458228111,-0.008986915461719,-0.0381355844438076,0.0189612153917551,-0.0049827927723526,0.0428802222013473,-0.0062844795174896,-0.0116368690505623,-0.0101790940389037,-0.0058084605261683,-0.0260694324970245,-0.0350544936954975,-0.0083742775022983,0.0021273288875818,-0.0241606067866087,-0.0084911892190575,-0.001950365374796,0.0194334704428911,0.0186021775007247,0.0180936809629201,-0.0147687159478664,0.0087273763492703,0.0262966118752956,-0.0067642186768352,-0.0094066653400659,-0.0149776712059974,0.04380664229393,-0.0347784124314785,0.0,0.0095525979995727,0.1490561664104462,0.0258963722735643,-0.055726308375597,-0.0224919002503156,-0.0406839549541473,-0.0177122950553894,-0.010116740129888,-0.0092686088755726,0.004691198002547,-0.0268753487616777,0.001566131832078,-0.0195769779384136,0.0037335909437388,-0.0048137004487216,0.0129378521814942,-0.0098530855029821,-0.0110235745087266,-0.0164646245539188,0.0077365483157336,-0.0014141420833766,0.0,0.0065405506664502,0.0146821793168783,0.0240410227181824,0.0292407695882201,0.0418949790462068,-0.0001764665246115,0.0542690427460101,-0.0003528037977303,0.0060102579768797,0.1691855768647094,-0.0332483492440375,0.1309162227847207,2019-02-08,2019-02-11,2019-02-12,2019-02-13,2019-02-14,2019-02-15,2019-02-19,2019-02-20,2019-02-21,2019-02-22,15456.0,2019-02-07,252.0,-0.1765%,0.0012,0.9073,0.8368,0.5787,2.5533%,2.7308%,12.5785%,0.005553,FL,15456.0,2019-02-08,252.0,-0.1414%,0.0011,0.9074,0.8328,0.5765,2.5532%,2.7306%,12.5711%,0.0012439999999999,FL,15456.0,2019-02-11,252.0,0.7966%,0.0012,0.878,0.8589,0.5752,2.5492%,2.7157%,11.8863%,-0.000227,FL,15456.0,2019-02-12,252.0,1.7387%,0.0013,0.8814,0.8582,0.577,2.5494%,2.7173%,11.9762%,0.0061519999999999,FL,15456.0,2019-02-13,252.0,0.3798%,0.0013,0.8838,0.8537,0.576,2.5491%,2.7173%,11.9948%,0.0003109999999999,FL,15456.0,2019-02-14,252.0,1.3586%,0.0013,0.8805,0.8607,0.5688,2.5504%,2.7182%,11.9681%,0.0142429999999999,FL,15456.0,2019-02-15,252.0,0.5938%,0.0012,0.8555,0.837,0.5266,2.5473%,2.7064%,11.4167%,-0.008993,FL,15456.0,2019-02-19,252.0,0.9108%,0.0012,0.8539,0.8413,0.5315,2.5470%,2.7058%,11.3932%,0.003375,FL,15456.0,2019-02-20,252.0,0.3677%,0.0012,0.8534,0.8432,0.5306,2.5467%,2.7057%,11.4090%,-0.002819,FL,15456.0,2019-02-21,252.0,-0.0666%,0.0012,0.8484,0.8336,0.5213,2.5457%,2.7023%,11.2593%,0.004202,FL,15456.0,2019-02-22,252.0,-0.6166%,0.0012,0.8498,0.8317,0.5367,2.5464%,2.7026%,11.2269%,-0.008701,FL,0.0067969999999999,0.0065699999999999,0.0127219999999999,0.0272759999999999,0.01434
36387,FLEETCOR TECHNOLOGIES INC,CORRECTION: FLEETCOR Q4 Adj. EPS $2.78 Compared To (Beat) $2.72 Estimate; Initial headline compared the GAAP EPS figure of $3.33 to the non-GAAP estimate; this was incorrect,6,increase,0.7,0.6,"the correction clarifies that fleetcor's adjusted eps beat estimates, which is generally viewed positively by investors.",2,2019-02-07,FLT,2019-02-07 18:18:00+00:00,12449.0,33904110,0.0628229603171348,1322667.0,-0.0038061256054788,0.0017086893785744,9.20134989428334e-05,0.0139095019549131,0.0074565517716109,-0.0047785663045942,0.0023300186730921,0.0058471234515309,0.0050594857893884,-0.0039484873414039,0.0160997863858938,0.0255099106580019,0.0090158637613058,-0.0046851015649735,0.0063254418782889,-0.0063573322258889,-0.0076923076994717,0.0162275023758411,0.011871506460011,-0.002131970366463,0.0080112153664231,0.0054098069667816,0.0064709698781371,-0.0120008308440446,-0.0002157628914574,0.0296454317867755,0.0068191708996891,0.0067952699027955,0.000214347790461,0.0013608714798465,-0.0054429532028734,0.0122390454635024,-0.003102651098743,-0.0013756323605775,-0.002161320997402,-0.0055771735496819,-0.0144688803702592,0.0025847456417977,0.0014066256117075,0.0113097382709384,0.0132121602073311,0.007633167784661,0.0042022322304546,0.0058937836438417,0.0136755742132663,0.0183920487761497,0.0069370763376355,-0.0212880466133356,0.0112848607823252,-0.0009153466089628,0.0061854626983404,0.0121532268822193,0.0005399995134212,-0.0086980042979121,-0.0110013661906123,0.0125820729881525,0.0138941258192062,0.041595458984375,-0.0168915577232837,-0.005102006252855,0.0010106554254889,-0.0097120692953467,0.0144720338284969,-0.0101689361035823,0.0042299255728721,0.0049140322953462,0.005863883998245,0.0045436560176312,0.0123573141172528,0.0076875281520187,0.0100166322663426,-0.0153614655137062,0.0041757351718842,-0.0095915626734495,-0.0005198115832172,-0.0061903675086796,-0.0066007678396999,-0.0179157573729753,0.0080138137564063,-0.0056705591268837,0.0022772056981921,-0.0107430880889296,-0.0023916058707982,-0.0048451554030179,-0.0005194377736188,-0.032014675438404,-0.0009194312733598,0.0142709920182824,0.0058418964035809,0.0089732958003878,0.0007558375364169,-0.0065305782482028,0.0020669754594564,0.0274789836257696,-0.0036494829691946,-0.0064550330862402,0.0009953418048098,0.0265602059662342,0.0042956084944307,-0.0212641544640064,0.0165149047970771,-0.0010620623361319,-0.0012857641559094,-0.0148059111088514,0.0034329597838222,-0.0355719402432441,0.0025269959587603,-0.0001009246334433,0.0091131431981921,0.037966065108776,0.0028053608257323,-0.0184023175388574,-0.0129526909440755,0.0043884082697331,-0.0028342236764729,-0.0306776333600282,0.0035430761054158,-0.0232671536505222,-0.0043452768586575,0.00166469020769,-0.0038061256054788,0.0017086893785744,-0.0037144623214704,0.0156419583517393,0.0037143923695368,0.0107886459120274,0.0111431768352168,0.0126844293613017,0.0475076112142556,0.0415228061629122,0.0889163952043401,0.1631519238179473,0.1768239385002703,0.0046023651380135,2019-02-08,2019-02-11,2019-02-12,2019-02-13,2019-02-14,2019-02-15,2019-02-19,2019-02-20,2019-02-21,2019-02-22,12449.0,2019-02-07,252.0,6.2823%,0.0001,0.8345,0.1337,-0.4392,1.2291%,1.6221%,42.5793%,0.072629,FLT,12449.0,2019-02-08,252.0,-0.3806%,0.0,0.8359,0.1332,-0.4336,1.2300%,1.6223%,42.5122%,-0.007755,FLT,12449.0,2019-02-11,252.0,0.0092%,0.0001,0.8211,0.1458,-0.4345,1.2280%,1.5991%,41.0314%,-0.00106,FLT,12449.0,2019-02-12,252.0,0.7457%,0.0002,0.8386,0.12,-0.421,1.2092%,1.5920%,42.3081%,-0.004578,FLT,12449.0,2019-02-13,252.0,0.2330%,0.0002,0.8375,0.1217,-0.4207,1.2092%,1.5896%,42.1419%,0.000105,FLT,12449.0,2019-02-14,252.0,0.5059%,0.0002,0.8365,0.1234,-0.4221,1.2091%,1.5892%,42.1171%,0.003646,FLT,12449.0,2019-02-15,252.0,1.6100%,0.0003,0.8488,0.1354,-0.401,1.2089%,1.5921%,42.3448%,0.008265,FLT,12449.0,2019-02-19,252.0,0.9016%,0.0003,0.8519,0.1381,-0.3982,1.2096%,1.5923%,42.2969%,0.008114,FLT,12449.0,2019-02-20,252.0,0.6325%,0.0003,0.8526,0.1348,-0.3971,1.2082%,1.5913%,42.3485%,0.006493,FLT,12449.0,2019-02-21,252.0,-0.7692%,0.0002,0.8571,0.1427,-0.3888,1.2075%,1.5920%,42.4702%,-0.005457,FLT,12449.0,2019-02-22,252.0,1.1872%,0.0001,0.8584,0.1097,-0.4029,1.1977%,1.5883%,43.1425%,-0.000299,FLT,0.064874,0.063814,0.059236,0.062987,0.080103
36395,FLEETCOR TECHNOLOGIES INC,Fleetcor Technologies shares are trading higher after the company reported Q4 EPS of $3.33 beating the $2.72 estimate and sales of $643.4 million beating the $620.11 million estimate; the company provided strong FY19 sales guidance.,6,increase,0.85,0.7,"the strong earnings report and positive sales guidance typically lead to increased investor confidence, likely resulting in a rise in stock price.",2,2019-02-07,FLT,2019-02-07 16:59:00+00:00,12449.0,33904110,0.0628229603171348,1322667.0,-0.0038061256054788,0.0017086893785744,9.20134989428334e-05,0.0139095019549131,0.0074565517716109,-0.0047785663045942,0.0023300186730921,0.0058471234515309,0.0050594857893884,-0.0039484873414039,0.0160997863858938,0.0255099106580019,0.0090158637613058,-0.0046851015649735,0.0063254418782889,-0.0063573322258889,-0.0076923076994717,0.0162275023758411,0.011871506460011,-0.002131970366463,0.0080112153664231,0.0054098069667816,0.0064709698781371,-0.0120008308440446,-0.0002157628914574,0.0296454317867755,0.0068191708996891,0.0067952699027955,0.000214347790461,0.0013608714798465,-0.0054429532028734,0.0122390454635024,-0.003102651098743,-0.0013756323605775,-0.002161320997402,-0.0055771735496819,-0.0144688803702592,0.0025847456417977,0.0014066256117075,0.0113097382709384,0.0132121602073311,0.007633167784661,0.0042022322304546,0.0058937836438417,0.0136755742132663,0.0183920487761497,0.0069370763376355,-0.0212880466133356,0.0112848607823252,-0.0009153466089628,0.0061854626983404,0.0121532268822193,0.0005399995134212,-0.0086980042979121,-0.0110013661906123,0.0125820729881525,0.0138941258192062,0.041595458984375,-0.0168915577232837,-0.005102006252855,0.0010106554254889,-0.0097120692953467,0.0144720338284969,-0.0101689361035823,0.0042299255728721,0.0049140322953462,0.005863883998245,0.0045436560176312,0.0123573141172528,0.0076875281520187,0.0100166322663426,-0.0153614655137062,0.0041757351718842,-0.0095915626734495,-0.0005198115832172,-0.0061903675086796,-0.0066007678396999,-0.0179157573729753,0.0080138137564063,-0.0056705591268837,0.0022772056981921,-0.0107430880889296,-0.0023916058707982,-0.0048451554030179,-0.0005194377736188,-0.032014675438404,-0.0009194312733598,0.0142709920182824,0.0058418964035809,0.0089732958003878,0.0007558375364169,-0.0065305782482028,0.0020669754594564,0.0274789836257696,-0.0036494829691946,-0.0064550330862402,0.0009953418048098,0.0265602059662342,0.0042956084944307,-0.0212641544640064,0.0165149047970771,-0.0010620623361319,-0.0012857641559094,-0.0148059111088514,0.0034329597838222,-0.0355719402432441,0.0025269959587603,-0.0001009246334433,0.0091131431981921,0.037966065108776,0.0028053608257323,-0.0184023175388574,-0.0129526909440755,0.0043884082697331,-0.0028342236764729,-0.0306776333600282,0.0035430761054158,-0.0232671536505222,-0.0043452768586575,0.00166469020769,-0.0038061256054788,0.0017086893785744,-0.0037144623214704,0.0156419583517393,0.0037143923695368,0.0107886459120274,0.0111431768352168,0.0126844293613017,0.0475076112142556,0.0415228061629122,0.0889163952043401,0.1631519238179473,0.1768239385002703,0.0046023651380135,2019-02-08,2019-02-11,2019-02-12,2019-02-13,2019-02-14,2019-02-15,2019-02-19,2019-02-20,2019-02-21,2019-02-22,12449.0,2019-02-07,252.0,6.2823%,0.0001,0.8345,0.1337,-0.4392,1.2291%,1.6221%,42.5793%,0.072629,FLT,12449.0,2019-02-08,252.0,-0.3806%,0.0,0.8359,0.1332,-0.4336,1.2300%,1.6223%,42.5122%,-0.007755,FLT,12449.0,2019-02-11,252.0,0.0092%,0.0001,0.8211,0.1458,-0.4345,1.2280%,1.5991%,41.0314%,-0.00106,FLT,12449.0,2019-02-12,252.0,0.7457%,0.0002,0.8386,0.12,-0.421,1.2092%,1.5920%,42.3081%,-0.004578,FLT,12449.0,2019-02-13,252.0,0.2330%,0.0002,0.8375,0.1217,-0.4207,1.2092%,1.5896%,42.1419%,0.000105,FLT,12449.0,2019-02-14,252.0,0.5059%,0.0002,0.8365,0.1234,-0.4221,1.2091%,1.5892%,42.1171%,0.003646,FLT,12449.0,2019-02-15,252.0,1.6100%,0.0003,0.8488,0.1354,-0.401,1.2089%,1.5921%,42.3448%,0.008265,FLT,12449.0,2019-02-19,252.0,0.9016%,0.0003,0.8519,0.1381,-0.3982,1.2096%,1.5923%,42.2969%,0.008114,FLT,12449.0,2019-02-20,252.0,0.6325%,0.0003,0.8526,0.1348,-0.3971,1.2082%,1.5913%,42.3485%,0.006493,FLT,12449.0,2019-02-21,252.0,-0.7692%,0.0002,0.8571,0.1427,-0.3888,1.2075%,1.5920%,42.4702%,-0.005457,FLT,12449.0,2019-02-22,252.0,1.1872%,0.0001,0.8584,0.1097,-0.4029,1.1977%,1.5883%,43.1425%,-0.000299,FLT,0.064874,0.063814,0.059236,0.062987,0.080103
36403,FRANCO NEVADA CORP,"Franco-Nevada Sees FY18 Gold, Gold Equivalent Production Within Previously-Issued 445K-450K Oz. Range; Sees Oil & Gas Sales $85M-$88M",6,uncertain,0.6,0.3,"while the production forecast is within the previously issued range, the lack of significant changes or surprises in the news makes the impact on stock price uncertain.",1,2019-02-07,FNV,2019-02-07 22:10:00+00:00,12994.0,35185810,-0.0127749405801296,430557.0,0.0061365938745439,-0.0113281607627868,-0.0157782398164272,-0.0010405073408037,0.0022901543416082,0.0002601697051431,-0.0037634244654327,-0.0100463526323437,0.0070156045258045,0.0171622894704341,0.0238477867096662,-0.0032645598985254,0.0068045575171709,0.0270923320204019,-0.0006498966831713,0.0240351613610982,-0.0040317019447684,0.0246270764619112,0.0019587557762861,0.0093749435618519,-0.0087319919839501,0.0068650366738438,0.0051275230944156,0.0148040149360895,-0.0158273261040449,-0.0031828877981752,0.0019936407916247,0.0001447277754778,-0.0124685298651456,-0.0120085254311561,-0.0017461015377193,-0.0096276421099901,0.0078041153028607,0.0045512686483561,0.0016020709881559,0.0073065110482275,0.0051987073384225,-0.0008588256314396,0.0236042793840169,0.0197051297873258,-0.0015546410577371,-0.0001458626356907,0.0129752177745103,-0.0101127503439784,0.0007685370510444,-0.0280819982290267,-0.0224675834178924,0.0146744372323155,0.0080115655437111,0.0002850829914677,-0.0151140540838241,0.0109493508934974,0.0011906862491741,-0.0169947165995836,-0.020745238289237,0.0136376237496733,-0.0060720136389136,-0.0140127083286643,0.030409961938858,0.0239130649715662,0.0135704707354307,-0.0274841021746397,0.0042896377854049,0.0276650637388229,-0.018250111490488,-0.0465405695140361,-0.0110744414851069,0.0125856734812259,0.0005332744331099,-0.0065296082757413,-0.0061293365433812,-0.0165323000401258,-0.0034856484271585,0.0196434054523706,-0.0009417421533726,0.0135554801672697,0.0201992988586425,-0.0050576091744005,-0.002244004746899,-0.0142639353871345,-0.0001322199677815,0.0257101915776729,-0.0113786794245243,-0.0038076734635978,0.0021412745118141,0.0232323314994573,-0.0038728755898773,0.0056595467031002,0.0001340948801953,0.009818373247981,-0.0021447190083563,-0.0053928396664559,-0.0214939024299383,0.0184057857841253,-0.0193574428558349,-0.0206425078213214,-0.0043398789130151,0.003501062747091,-0.0115298042073845,-0.0232259519398212,-0.0065434807911515,0.0267739854753017,-0.0005726416129618,0.013343240134418,-0.0068768383935093,0.0022287352476269,0.0238026771694421,0.0166164077818393,-0.0074679269455373,0.0173658709973096,0.0176036041229963,0.0273129064589738,-0.0136719215661287,-0.0029906914569437,-0.0052333115600049,-0.0209585539996624,0.0049765175208449,-0.0076464293524622,0.0055178180336952,0.0016850583488121,0.0061365938745439,-0.0113281607627868,-0.0097384705916918,-0.0123568810691591,-0.0074706188507898,-0.0120999262501201,-0.0042689400413041,-0.0052404238849002,0.023612650022299,0.078551116443353,0.0156599633565719,0.100434785209482,-0.0489729670892892,0.1671086658306058,2019-02-08,2019-02-11,2019-02-12,2019-02-13,2019-02-14,2019-02-15,2019-02-19,2019-02-20,2019-02-21,2019-02-22,12994.0,2019-02-07,252.0,-1.2775%,0.0003,0.0451,0.1874,-0.0182,1.6085%,1.6127%,0.5266%,-0.012336,FNV,12994.0,2019-02-08,252.0,0.6137%,0.0004,0.0438,0.1995,-0.016,1.6062%,1.6107%,0.5665%,0.005776,FNV,12994.0,2019-02-11,252.0,-1.5778%,0.0003,0.0304,0.1884,-0.029,1.6092%,1.6133%,0.5015%,-0.0172189999999999,FNV,12994.0,2019-02-12,252.0,0.2290%,0.0004,0.0386,0.1789,-0.0231,1.6072%,1.6111%,0.4784%,0.00169,FNV,12994.0,2019-02-13,252.0,-0.3763%,0.0003,0.0263,0.1979,-0.0208,1.5994%,1.6035%,0.5120%,-0.004063,FNV,12994.0,2019-02-14,252.0,0.7016%,0.0002,0.0243,0.2006,-0.0227,1.5987%,1.6029%,0.5252%,0.005821,FNV,12994.0,2019-02-15,252.0,2.3848%,0.0002,0.008,0.1884,-0.046,1.5872%,1.5912%,0.5011%,0.02308,FNV,12994.0,2019-02-19,252.0,0.6805%,0.0002,0.0064,0.1963,-0.037,1.5866%,1.5907%,0.5084%,0.006281,FNV,12994.0,2019-02-20,252.0,-0.0650%,0.0002,0.0078,0.2075,-0.0298,1.5823%,1.5867%,0.5467%,-0.00099,FNV,12994.0,2019-02-21,252.0,-0.4032%,0.0003,0.0022,0.1951,-0.0401,1.5783%,1.5823%,0.5087%,-0.004026,FNV,12994.0,2019-02-22,252.0,0.1959%,0.0003,0.0015,0.2126,-0.032,1.5762%,1.5807%,0.5708%,0.000182,FNV,-0.00656,-0.0237789999999999,-0.0220889999999999,-0.020331,0.004196
36411,FORMFACTOR INC,"Craig-Hallum Downgrades FormFactor to Hold, Raises Price Target to $17",6,decrease,0.7,0.5,"a downgrade to 'hold' typically signals a lack of confidence in the stock's performance, which may lead to a decrease in stock price despite the raised price target.",0,2019-02-07,FORM,2019-02-07 12:44:00+00:00,89753.0,34637510,-0.001963333459571,623557.0,0.0006557527231052,0.0,0.0013105834368616,0.0006548313540406,0.022905783727765,0.0046053058467805,0.0063979160040616,0.0119839776307344,0.0076287887059152,0.0196877755224704,0.0050473138689994,0.0222067795693874,-0.0050219660624861,-0.0150376120582222,0.0220820419490337,-0.0013651539338752,-0.008024756796658,0.0531991198658943,0.0161792300641536,0.0537878833711147,0.0128598278388381,-0.0141897331923246,-0.0108827268704772,-0.034607034176588,-0.0195598825812339,0.0206033643335104,-0.0118454191833734,0.0059215337969362,0.0031545259989798,-0.0036873295903205,-0.0062892725691199,-0.0216449666768312,-0.0037974948063492,-0.0184136144816875,-0.0152477622032165,0.0092923603951931,-0.0238709598779678,0.0196792632341384,-0.0033047052565962,0.0073421718552708,0.023209573701024,0.0014705517096444,-0.0038885560352355,0.0096510844305157,0.0032531027682125,0.0458074659109115,-0.0025940311606973,-0.0845770835876464,0.0201560128480196,-0.0014194789109751,-0.0050987843424081,0.0057102013379335,0.0172966346144676,0.0226277690380811,-0.0075566680170595,0.0231515653431415,0.0387056209146976,0.0493730492889881,-0.0366524346172809,-0.0108526665717363,-0.0019023896893486,-0.0437361113727092,0.0063532646745443,-0.0146091906353831,-0.0170454829931259,-0.0479833483695983,0.00449586706236,0.0184136144816875,0.0287723653018474,-0.0241880007088184,0.0515848286449909,-0.0359760113060474,0.0035460677463561,-0.0111989509314298,0.030035350471735,0.0093085337430238,-0.0011435367632657,-0.0150622455403208,0.0188895221799612,0.0214047264307737,0.0112359980121254,-0.0323624610900878,-0.0022222730331122,-0.0083440383896231,0.0217149946838617,-0.0511571355164051,0.0070844227448105,-0.0042449785396456,0.0021645517554134,0.0254975035786628,-0.0037796811666339,-0.009242121130228,0.0054199714213609,0.0532121807336807,-0.0123988976702094,-0.0019429879030212,-0.0010917281033471,0.0348525121808052,-0.0027321989182382,0.008789730258286,0.0147945452481508,0.0144032947719097,0.0091792698949575,0.0282087177038192,-0.0176564957946538,-0.0540359877049922,0.0016339203575626,0.0033467330504208,0.0,0.0425680167973041,0.0304514076560735,0.0091549381613731,-0.0126649960875511,0.011396000161767,-0.0951362326741218,-0.035714317113161,0.0738334283232688,-0.0267379414290189,-0.0264026150107383,-0.0020013165194541,0.0006557527231052,0.0,0.0019671955786244,0.0006548313540406,0.0249180394628636,0.0052631528994846,0.0393442867120661,0.0373387789706294,0.0708196660545172,0.1575757535020929,0.0340983880413223,0.1844961408501872,0.1606557774329702,0.0193462330510281,2019-02-08,2019-02-11,2019-02-12,2019-02-13,2019-02-14,2019-02-15,2019-02-19,2019-02-20,2019-02-21,2019-02-22,89753.0,2019-02-07,252.0,-0.1963%,0.0005,1.4903,1.8557,-0.4502,2.8280%,3.5035%,34.8424%,0.016027,FORM,89753.0,2019-02-08,252.0,0.0656%,0.0006,1.4903,1.8873,-0.4293,2.8204%,3.4982%,34.9986%,-0.00482,FORM,89753.0,2019-02-11,252.0,0.1311%,0.0007,1.4468,1.9111,-0.4393,2.8144%,3.4675%,34.1206%,-0.012345,FORM,89753.0,2019-02-12,252.0,2.2906%,0.0007,1.443,1.9169,-0.4423,2.8140%,3.4689%,34.1913%,0.002,FORM,89753.0,2019-02-13,252.0,0.6398%,0.0008,1.4509,1.9039,-0.4444,2.8120%,3.4688%,34.2851%,0.0014169999999999,FORM,89753.0,2019-02-14,252.0,0.7629%,0.0008,1.4523,1.9028,-0.4447,2.8110%,3.4689%,34.3313%,-0.001902,FORM,89753.0,2019-02-15,252.0,0.5047%,0.0006,1.4268,1.8783,-0.4883,2.8099%,3.4583%,33.9809%,-0.014087,FORM,89753.0,2019-02-19,252.0,-0.5022%,0.0006,1.4264,1.8676,-0.5002,2.8107%,3.4579%,33.9310%,-0.0118149999999999,FORM,89753.0,2019-02-20,252.0,2.2082%,0.0008,1.4333,1.8928,-0.4731,2.8092%,3.4587%,34.0343%,0.017914,FORM,89753.0,2019-02-21,252.0,-0.8025%,0.0006,1.4489,1.9239,-0.4444,2.7972%,3.4554%,34.4698%,-0.002585,FORM,89753.0,2019-02-22,252.0,1.6179%,0.0006,1.4498,1.9383,-0.4198,2.7969%,3.4565%,34.5238%,-0.0104529999999999,FORM,0.011207,-0.001138,0.0008619999999999,0.0003769999999999,-0.020649
36419,FORWARD AIR CORP,Forward Air Reports 5M Share Buyback,6,increase,0.75,0.6,"a share buyback typically signals that a company believes its stock is undervalued, which can lead to an increase in stock price due to reduced supply and increased investor confidence.",2,2019-02-07,FWRD,2019-02-07 21:44:00+00:00,79841.0,34985310,-0.0076013640500605,133707.0,0.0982127115130424,0.0003379597328603,0.0055796750821173,0.0018622077768668,0.0055487151257693,0.0030565513297915,0.0038320049643516,0.0061507024802267,-0.0019849939271807,0.0003418297565076,-0.0065789520740509,0.0074035204015672,0.0046204072423279,-0.0005162412417121,0.0294342804700136,-0.0098823998123407,0.0139984330162406,0.0118965283036232,-0.0171831138432025,0.0,-0.0177823491394519,-0.0046336101368069,-0.0118668247014284,-0.0138771310448646,-0.0018474999815225,0.0224952269345521,-0.0027764970436692,0.0246453788131475,-0.0086621064692735,-0.0047643664292991,-0.0232485253363847,-0.0087458463385701,-0.0086261518299579,-0.0124374022707343,-0.0033838734962046,0.0066075650975108,-0.005351030267775,0.0133920405060052,0.0102706402540206,0.0060273027047514,0.0235597714781761,0.0237749796360731,-0.0067791314795613,0.0128675904124975,0.0184127558022737,0.0124697936698794,0.0028053720016032,-0.0202407110482454,-0.0119676198810339,-0.0001822848134906,0.0091238291934132,0.0020094409119337,-0.0222915094345808,0.0012804740108549,-0.0133928591385483,0.0016488884575665,0.0219780318439006,0.0581620745360851,-0.0322580784559249,-0.0218091737478971,0.0037581624928861,-0.0171482190489769,0.0164414513856172,0.0018674563616514,0.0123318461701273,-0.0302427001297473,0.0150293400511145,-0.0089734382927417,0.0088840350508689,-0.011004596017301,0.0054070516489446,-0.0110584702342748,-0.0135218938812613,-0.0327674075961113,0.0068536209873855,0.0028946362435817,0.0061881425790488,-0.0003404333256185,-0.0006150202243588,-0.0150880385190248,0.0113845821470022,-0.0335385538637638,-0.006236630026251,0.0022734554950147,0.0134700322523713,-0.0546514838933944,0.0098172714933753,-0.0021445986349135,0.0161531828343868,0.0099009806290268,0.0026494008488953,0.0045066187158226,-0.0074868192896246,0.0133858025074005,0.0007395807188004,0.0006303327390924,0.0010345801711082,0.015847573056817,-0.0082681998610496,0.0019246632000431,0.0022331625223159,0.017906529828906,0.0101010147482156,-0.0213477797806263,-0.0245587974786758,0.0041593685746192,-0.0357304774224758,0.0051455171778798,-0.015791093930602,0.0237036813050508,0.005877663847059,0.0013186391443014,-0.0135818161070346,0.0019818155560642,0.0136087462306022,-0.0135223492980003,0.0118464091792702,-0.014767225831747,-0.0001560179080115,-0.0085932668298482,0.0982127115130424,0.0003379597328603,0.1043403816143362,0.00220079686097,0.1104680517937977,0.0052640750393335,0.1125106517593399,0.0117928980137702,0.1390638022218491,0.0206896681467074,0.0447426218359563,0.122700570583935,0.0933948907483306,-0.0552051764888037,2019-02-08,2019-02-11,2019-02-12,2019-02-13,2019-02-14,2019-02-15,2019-02-19,2019-02-20,2019-02-21,2019-02-22,79841.0,2019-02-07,252.0,-0.7601%,0.0002,0.9746,0.7535,0.384,1.2858%,1.6597%,39.9814%,0.000782,FWRD,79841.0,2019-02-08,252.0,9.8213%,0.0004,0.958,0.7127,0.2874,1.4242%,1.7663%,34.9853%,0.0995079999999999,FWRD,79841.0,2019-02-11,252.0,0.5580%,0.0006,0.8891,0.7758,0.2854,1.3842%,1.6934%,33.1857%,-0.001226,FWRD,79841.0,2019-02-12,252.0,0.5549%,0.0006,0.8878,0.7725,0.2853,1.3846%,1.6935%,33.1466%,-0.006313,FWRD,79841.0,2019-02-13,252.0,0.3832%,0.0006,0.8865,0.7746,0.2857,1.3845%,1.6923%,33.0670%,0.000583,FWRD,79841.0,2019-02-14,252.0,-0.1985%,0.0006,0.8864,0.7723,0.2896,1.3822%,1.6895%,33.0722%,-0.002594,FWRD,79841.0,2019-02-15,252.0,-0.6579%,0.0007,0.9078,0.7893,0.3215,1.3623%,1.6825%,34.4371%,-0.020016,FWRD,79841.0,2019-02-19,252.0,0.4620%,0.0007,0.91,0.7852,0.3166,1.3615%,1.6827%,34.5359%,-0.000458,FWRD,79841.0,2019-02-20,252.0,2.9434%,0.0008,0.916,0.7961,0.3373,1.3690%,1.6913%,34.4864%,0.024137,FWRD,79841.0,2019-02-21,252.0,1.3998%,0.0009,0.9064,0.7806,0.3196,1.3702%,1.6862%,33.9685%,0.018621,FWRD,79841.0,2019-02-22,252.0,-1.7183%,0.0008,0.91,0.7729,0.3547,1.3781%,1.6899%,33.4989%,-0.0227689999999999,FWRD,0.1002899999999999,0.0990639999999999,0.0927509999999999,0.0907399999999999,0.0902549999999999
36427,FORWARD AIR CORP,"Forward Air Q4 EPS $0.95 Beats $0.82 Estimate, Sales $356.561M Beat $345.98M Estimate",6,increase,0.8,0.7,"the company reported better-than-expected earnings and sales, which typically leads to positive investor sentiment and an increase in stock price.",2,2019-02-07,FWRD,2019-02-07 21:43:00+00:00,79841.0,34985310,-0.0076013640500605,133707.0,0.0982127115130424,0.0003379597328603,0.0055796750821173,0.0018622077768668,0.0055487151257693,0.0030565513297915,0.0038320049643516,0.0061507024802267,-0.0019849939271807,0.0003418297565076,-0.0065789520740509,0.0074035204015672,0.0046204072423279,-0.0005162412417121,0.0294342804700136,-0.0098823998123407,0.0139984330162406,0.0118965283036232,-0.0171831138432025,0.0,-0.0177823491394519,-0.0046336101368069,-0.0118668247014284,-0.0138771310448646,-0.0018474999815225,0.0224952269345521,-0.0027764970436692,0.0246453788131475,-0.0086621064692735,-0.0047643664292991,-0.0232485253363847,-0.0087458463385701,-0.0086261518299579,-0.0124374022707343,-0.0033838734962046,0.0066075650975108,-0.005351030267775,0.0133920405060052,0.0102706402540206,0.0060273027047514,0.0235597714781761,0.0237749796360731,-0.0067791314795613,0.0128675904124975,0.0184127558022737,0.0124697936698794,0.0028053720016032,-0.0202407110482454,-0.0119676198810339,-0.0001822848134906,0.0091238291934132,0.0020094409119337,-0.0222915094345808,0.0012804740108549,-0.0133928591385483,0.0016488884575665,0.0219780318439006,0.0581620745360851,-0.0322580784559249,-0.0218091737478971,0.0037581624928861,-0.0171482190489769,0.0164414513856172,0.0018674563616514,0.0123318461701273,-0.0302427001297473,0.0150293400511145,-0.0089734382927417,0.0088840350508689,-0.011004596017301,0.0054070516489446,-0.0110584702342748,-0.0135218938812613,-0.0327674075961113,0.0068536209873855,0.0028946362435817,0.0061881425790488,-0.0003404333256185,-0.0006150202243588,-0.0150880385190248,0.0113845821470022,-0.0335385538637638,-0.006236630026251,0.0022734554950147,0.0134700322523713,-0.0546514838933944,0.0098172714933753,-0.0021445986349135,0.0161531828343868,0.0099009806290268,0.0026494008488953,0.0045066187158226,-0.0074868192896246,0.0133858025074005,0.0007395807188004,0.0006303327390924,0.0010345801711082,0.015847573056817,-0.0082681998610496,0.0019246632000431,0.0022331625223159,0.017906529828906,0.0101010147482156,-0.0213477797806263,-0.0245587974786758,0.0041593685746192,-0.0357304774224758,0.0051455171778798,-0.015791093930602,0.0237036813050508,0.005877663847059,0.0013186391443014,-0.0135818161070346,0.0019818155560642,0.0136087462306022,-0.0135223492980003,0.0118464091792702,-0.014767225831747,-0.0001560179080115,-0.0085932668298482,0.0982127115130424,0.0003379597328603,0.1043403816143362,0.00220079686097,0.1104680517937977,0.0052640750393335,0.1125106517593399,0.0117928980137702,0.1390638022218491,0.0206896681467074,0.0447426218359563,0.122700570583935,0.0933948907483306,-0.0552051764888037,2019-02-08,2019-02-11,2019-02-12,2019-02-13,2019-02-14,2019-02-15,2019-02-19,2019-02-20,2019-02-21,2019-02-22,79841.0,2019-02-07,252.0,-0.7601%,0.0002,0.9746,0.7535,0.384,1.2858%,1.6597%,39.9814%,0.000782,FWRD,79841.0,2019-02-08,252.0,9.8213%,0.0004,0.958,0.7127,0.2874,1.4242%,1.7663%,34.9853%,0.0995079999999999,FWRD,79841.0,2019-02-11,252.0,0.5580%,0.0006,0.8891,0.7758,0.2854,1.3842%,1.6934%,33.1857%,-0.001226,FWRD,79841.0,2019-02-12,252.0,0.5549%,0.0006,0.8878,0.7725,0.2853,1.3846%,1.6935%,33.1466%,-0.006313,FWRD,79841.0,2019-02-13,252.0,0.3832%,0.0006,0.8865,0.7746,0.2857,1.3845%,1.6923%,33.0670%,0.000583,FWRD,79841.0,2019-02-14,252.0,-0.1985%,0.0006,0.8864,0.7723,0.2896,1.3822%,1.6895%,33.0722%,-0.002594,FWRD,79841.0,2019-02-15,252.0,-0.6579%,0.0007,0.9078,0.7893,0.3215,1.3623%,1.6825%,34.4371%,-0.020016,FWRD,79841.0,2019-02-19,252.0,0.4620%,0.0007,0.91,0.7852,0.3166,1.3615%,1.6827%,34.5359%,-0.000458,FWRD,79841.0,2019-02-20,252.0,2.9434%,0.0008,0.916,0.7961,0.3373,1.3690%,1.6913%,34.4864%,0.024137,FWRD,79841.0,2019-02-21,252.0,1.3998%,0.0009,0.9064,0.7806,0.3196,1.3702%,1.6862%,33.9685%,0.018621,FWRD,79841.0,2019-02-22,252.0,-1.7183%,0.0008,0.91,0.7729,0.3547,1.3781%,1.6899%,33.4989%,-0.0227689999999999,FWRD,0.1002899999999999,0.0990639999999999,0.0927509999999999,0.0907399999999999,0.0902549999999999
36435,GENPACT LTD,Genpact Raises Quarterly Dividend from $0.30 To $0.34/Share,6,increase,0.8,0.6,"raising the quarterly dividend typically signals financial strength and can attract investors, likely leading to an increase in stock price.",2,2019-02-07,G,2019-02-07 21:49:00+00:00,92261.0,G3922B10,-0.0122186839580535,1264688.0,0.0657552853226661,0.014020225033164,-0.0045815980993211,0.0013059391640126,0.0009204903035424,0.0169322155416011,-0.005518096499145,0.0097217876464128,0.0073983259499073,0.0070897731930017,0.0079558845609426,0.0129959322512149,0.0024287139531224,0.0,0.0060569583438336,-0.0044263214804232,-0.0006020606961101,0.0110155455768108,0.0039156945422291,0.0041479063220322,0.0036003277637064,-0.0013807044597342,-0.003587411949411,-0.0085557838901877,-0.0048005897551774,0.0135275544598698,0.001507478300482,0.0098073799163103,0.0096327420324087,0.0084775621071457,-0.0020870510488748,0.0183453317731618,-0.0011951273772865,-0.0067881578579545,-0.0017948361346498,0.0104692783206701,-0.001048814272508,-0.0043134051375091,0.0054135429672896,0.0010794810950756,0.0083756735548377,0.0172035582363605,0.0,0.0077461851760745,0.0029665466863662,0.0257283505052328,0.0029576595406979,-0.0134378718212246,0.0058979876339435,-0.0074101095087826,0.00175894331187,0.0097269071266055,-0.0023411770816892,0.0,0.0002932919305749,0.0167363490909338,0.0170088522136211,0.0158424172550439,-0.0161476749926805,-0.0122138010337948,0.0041031474247574,-0.0299888737499713,0.0128430370241403,-0.0106226745992898,-0.0043228105641901,0.005154616665095,0.0138928955420851,-0.0025706829037517,0.0042820875532925,-0.0062043825164437,0.0065377922728657,-0.0294013433158397,0.0016944754170253,-0.0063358079642057,0.0062023513019084,0.009236242622137,-0.0058839758858084,-0.0028338620904833,0.0011274215066805,-0.0066854516044259,0.001970712095499,-0.0054101063869893,-0.0005619684816338,-0.0151254907250404,0.0042170798406004,-0.0383471027016639,0.0011197396088391,-0.0042791035957634,0.0053132674656808,0.0049619455821812,-0.0036161630414426,0.0069953058846294,0.005025134421885,0.0252732150256633,-0.0030555725097656,-0.0101419622078537,0.0025076665915548,0.0112820491194725,0.0025013939011842,-0.0010246136225759,0.0105351004749536,0.0075705857016146,-0.0041152681224048,-0.0112283062189817,-0.0035812966525554,-0.014750269241631,0.0011059142416343,0.0163543280214071,-0.0046947854571044,0.0082445815205574,0.0072141597047448,-0.0247906111180782,-0.0162534471601247,-0.0006695834454149,0.0070008402690291,-0.0083001321181654,0.0102892871946096,0.0379049070179462,-0.0022020870819687,-0.0132607752457261,0.0657552853226661,0.014020225033164,0.0608724229330903,0.0153444737581358,0.0618489457116959,0.0325365052367823,0.0638021157319581,0.0499662233703208,0.084961019697177,0.075008643840893,0.1135163962102998,0.1870228816454344,0.1830296197478833,0.0602540999735754,2019-02-08,2019-02-11,2019-02-12,2019-02-13,2019-02-14,2019-02-15,2019-02-19,2019-02-20,2019-02-21,2019-02-22,92261.0,2019-02-07,252.0,-1.2219%,-0.0002,0.7016,0.0612,-0.0782,1.1209%,1.3703%,33.0923%,-0.005485,G,92261.0,2019-02-08,252.0,6.5755%,-0.0,0.6907,0.0404,-0.138,1.1916%,1.4314%,30.7024%,0.064454,G,92261.0,2019-02-11,252.0,-0.4582%,-0.0,0.6905,0.0331,-0.1421,1.1921%,1.4228%,29.7993%,-0.005598,G,92261.0,2019-02-12,252.0,0.0920%,-0.0001,0.6818,0.0378,-0.1473,1.1926%,1.4194%,29.4060%,-0.008818,G,92261.0,2019-02-13,252.0,-0.5518%,-0.0001,0.68,0.0378,-0.1491,1.1934%,1.4182%,29.1872%,-0.007447,G,92261.0,2019-02-14,252.0,0.7398%,0.0002,0.6824,0.0443,-0.1634,1.1242%,1.3646%,32.1292%,0.007665,G,92261.0,2019-02-15,252.0,0.7956%,0.0001,0.6771,0.0396,-0.1719,1.1234%,1.3615%,31.9219%,0.0008179999999999,G,92261.0,2019-02-19,252.0,0.2429%,0.0001,0.674,0.0452,-0.1654,1.1213%,1.3558%,31.5990%,0.001443,G,92261.0,2019-02-20,252.0,0.6057%,0.0001,0.6751,0.0458,-0.162,1.1215%,1.3561%,31.5972%,0.005487,G,92261.0,2019-02-21,252.0,-0.0602%,0.0001,0.6724,0.0405,-0.167,1.1208%,1.3544%,31.5190%,0.001455,G,92261.0,2019-02-22,252.0,0.3916%,0.0001,0.6733,0.0273,-0.1675,1.1195%,1.3540%,31.6450%,-0.003232,G,0.0589689999999999,0.0533709999999999,0.0445529999999999,0.0447709999999999,0.0507419999999999
36443,GENPACT LTD,"Genpact Sees FY19 Adj. EPS $1.96-$2.00 vs $1.98 Est., Sales $3.33B-$3.39B vs $3.29B Est.",6,increase,0.75,0.6,"the adjusted eps and sales guidance for fy19 is in line with or slightly above estimates, which is likely to be viewed positively by investors.",2,2019-02-07,G,2019-02-07 21:48:00+00:00,92261.0,G3922B10,-0.0122186839580535,1264688.0,0.0657552853226661,0.014020225033164,-0.0045815980993211,0.0013059391640126,0.0009204903035424,0.0169322155416011,-0.005518096499145,0.0097217876464128,0.0073983259499073,0.0070897731930017,0.0079558845609426,0.0129959322512149,0.0024287139531224,0.0,0.0060569583438336,-0.0044263214804232,-0.0006020606961101,0.0110155455768108,0.0039156945422291,0.0041479063220322,0.0036003277637064,-0.0013807044597342,-0.003587411949411,-0.0085557838901877,-0.0048005897551774,0.0135275544598698,0.001507478300482,0.0098073799163103,0.0096327420324087,0.0084775621071457,-0.0020870510488748,0.0183453317731618,-0.0011951273772865,-0.0067881578579545,-0.0017948361346498,0.0104692783206701,-0.001048814272508,-0.0043134051375091,0.0054135429672896,0.0010794810950756,0.0083756735548377,0.0172035582363605,0.0,0.0077461851760745,0.0029665466863662,0.0257283505052328,0.0029576595406979,-0.0134378718212246,0.0058979876339435,-0.0074101095087826,0.00175894331187,0.0097269071266055,-0.0023411770816892,0.0,0.0002932919305749,0.0167363490909338,0.0170088522136211,0.0158424172550439,-0.0161476749926805,-0.0122138010337948,0.0041031474247574,-0.0299888737499713,0.0128430370241403,-0.0106226745992898,-0.0043228105641901,0.005154616665095,0.0138928955420851,-0.0025706829037517,0.0042820875532925,-0.0062043825164437,0.0065377922728657,-0.0294013433158397,0.0016944754170253,-0.0063358079642057,0.0062023513019084,0.009236242622137,-0.0058839758858084,-0.0028338620904833,0.0011274215066805,-0.0066854516044259,0.001970712095499,-0.0054101063869893,-0.0005619684816338,-0.0151254907250404,0.0042170798406004,-0.0383471027016639,0.0011197396088391,-0.0042791035957634,0.0053132674656808,0.0049619455821812,-0.0036161630414426,0.0069953058846294,0.005025134421885,0.0252732150256633,-0.0030555725097656,-0.0101419622078537,0.0025076665915548,0.0112820491194725,0.0025013939011842,-0.0010246136225759,0.0105351004749536,0.0075705857016146,-0.0041152681224048,-0.0112283062189817,-0.0035812966525554,-0.014750269241631,0.0011059142416343,0.0163543280214071,-0.0046947854571044,0.0082445815205574,0.0072141597047448,-0.0247906111180782,-0.0162534471601247,-0.0006695834454149,0.0070008402690291,-0.0083001321181654,0.0102892871946096,0.0379049070179462,-0.0022020870819687,-0.0132607752457261,0.0657552853226661,0.014020225033164,0.0608724229330903,0.0153444737581358,0.0618489457116959,0.0325365052367823,0.0638021157319581,0.0499662233703208,0.084961019697177,0.075008643840893,0.1135163962102998,0.1870228816454344,0.1830296197478833,0.0602540999735754,2019-02-08,2019-02-11,2019-02-12,2019-02-13,2019-02-14,2019-02-15,2019-02-19,2019-02-20,2019-02-21,2019-02-22,92261.0,2019-02-07,252.0,-1.2219%,-0.0002,0.7016,0.0612,-0.0782,1.1209%,1.3703%,33.0923%,-0.005485,G,92261.0,2019-02-08,252.0,6.5755%,-0.0,0.6907,0.0404,-0.138,1.1916%,1.4314%,30.7024%,0.064454,G,92261.0,2019-02-11,252.0,-0.4582%,-0.0,0.6905,0.0331,-0.1421,1.1921%,1.4228%,29.7993%,-0.005598,G,92261.0,2019-02-12,252.0,0.0920%,-0.0001,0.6818,0.0378,-0.1473,1.1926%,1.4194%,29.4060%,-0.008818,G,92261.0,2019-02-13,252.0,-0.5518%,-0.0001,0.68,0.0378,-0.1491,1.1934%,1.4182%,29.1872%,-0.007447,G,92261.0,2019-02-14,252.0,0.7398%,0.0002,0.6824,0.0443,-0.1634,1.1242%,1.3646%,32.1292%,0.007665,G,92261.0,2019-02-15,252.0,0.7956%,0.0001,0.6771,0.0396,-0.1719,1.1234%,1.3615%,31.9219%,0.0008179999999999,G,92261.0,2019-02-19,252.0,0.2429%,0.0001,0.674,0.0452,-0.1654,1.1213%,1.3558%,31.5990%,0.001443,G,92261.0,2019-02-20,252.0,0.6057%,0.0001,0.6751,0.0458,-0.162,1.1215%,1.3561%,31.5972%,0.005487,G,92261.0,2019-02-21,252.0,-0.0602%,0.0001,0.6724,0.0405,-0.167,1.1208%,1.3544%,31.5190%,0.001455,G,92261.0,2019-02-22,252.0,0.3916%,0.0001,0.6733,0.0273,-0.1675,1.1195%,1.3540%,31.6450%,-0.003232,G,0.0589689999999999,0.0533709999999999,0.0445529999999999,0.0447709999999999,0.0507419999999999
36451,GENPACT LTD,"Genpact Q4 Adj. EPS $0.52 Beats $0.48 Estimate, Sales $835.34M Beat $811.08M Estimate",6,increase,0.8,0.7,"the company reported better-than-expected earnings and sales, which typically leads to positive investor sentiment and an increase in stock price.",2,2019-02-07,G,2019-02-07 21:46:00+00:00,92261.0,G3922B10,-0.0122186839580535,1264688.0,0.0657552853226661,0.014020225033164,-0.0045815980993211,0.0013059391640126,0.0009204903035424,0.0169322155416011,-0.005518096499145,0.0097217876464128,0.0073983259499073,0.0070897731930017,0.0079558845609426,0.0129959322512149,0.0024287139531224,0.0,0.0060569583438336,-0.0044263214804232,-0.0006020606961101,0.0110155455768108,0.0039156945422291,0.0041479063220322,0.0036003277637064,-0.0013807044597342,-0.003587411949411,-0.0085557838901877,-0.0048005897551774,0.0135275544598698,0.001507478300482,0.0098073799163103,0.0096327420324087,0.0084775621071457,-0.0020870510488748,0.0183453317731618,-0.0011951273772865,-0.0067881578579545,-0.0017948361346498,0.0104692783206701,-0.001048814272508,-0.0043134051375091,0.0054135429672896,0.0010794810950756,0.0083756735548377,0.0172035582363605,0.0,0.0077461851760745,0.0029665466863662,0.0257283505052328,0.0029576595406979,-0.0134378718212246,0.0058979876339435,-0.0074101095087826,0.00175894331187,0.0097269071266055,-0.0023411770816892,0.0,0.0002932919305749,0.0167363490909338,0.0170088522136211,0.0158424172550439,-0.0161476749926805,-0.0122138010337948,0.0041031474247574,-0.0299888737499713,0.0128430370241403,-0.0106226745992898,-0.0043228105641901,0.005154616665095,0.0138928955420851,-0.0025706829037517,0.0042820875532925,-0.0062043825164437,0.0065377922728657,-0.0294013433158397,0.0016944754170253,-0.0063358079642057,0.0062023513019084,0.009236242622137,-0.0058839758858084,-0.0028338620904833,0.0011274215066805,-0.0066854516044259,0.001970712095499,-0.0054101063869893,-0.0005619684816338,-0.0151254907250404,0.0042170798406004,-0.0383471027016639,0.0011197396088391,-0.0042791035957634,0.0053132674656808,0.0049619455821812,-0.0036161630414426,0.0069953058846294,0.005025134421885,0.0252732150256633,-0.0030555725097656,-0.0101419622078537,0.0025076665915548,0.0112820491194725,0.0025013939011842,-0.0010246136225759,0.0105351004749536,0.0075705857016146,-0.0041152681224048,-0.0112283062189817,-0.0035812966525554,-0.014750269241631,0.0011059142416343,0.0163543280214071,-0.0046947854571044,0.0082445815205574,0.0072141597047448,-0.0247906111180782,-0.0162534471601247,-0.0006695834454149,0.0070008402690291,-0.0083001321181654,0.0102892871946096,0.0379049070179462,-0.0022020870819687,-0.0132607752457261,0.0657552853226661,0.014020225033164,0.0608724229330903,0.0153444737581358,0.0618489457116959,0.0325365052367823,0.0638021157319581,0.0499662233703208,0.084961019697177,0.075008643840893,0.1135163962102998,0.1870228816454344,0.1830296197478833,0.0602540999735754,2019-02-08,2019-02-11,2019-02-12,2019-02-13,2019-02-14,2019-02-15,2019-02-19,2019-02-20,2019-02-21,2019-02-22,92261.0,2019-02-07,252.0,-1.2219%,-0.0002,0.7016,0.0612,-0.0782,1.1209%,1.3703%,33.0923%,-0.005485,G,92261.0,2019-02-08,252.0,6.5755%,-0.0,0.6907,0.0404,-0.138,1.1916%,1.4314%,30.7024%,0.064454,G,92261.0,2019-02-11,252.0,-0.4582%,-0.0,0.6905,0.0331,-0.1421,1.1921%,1.4228%,29.7993%,-0.005598,G,92261.0,2019-02-12,252.0,0.0920%,-0.0001,0.6818,0.0378,-0.1473,1.1926%,1.4194%,29.4060%,-0.008818,G,92261.0,2019-02-13,252.0,-0.5518%,-0.0001,0.68,0.0378,-0.1491,1.1934%,1.4182%,29.1872%,-0.007447,G,92261.0,2019-02-14,252.0,0.7398%,0.0002,0.6824,0.0443,-0.1634,1.1242%,1.3646%,32.1292%,0.007665,G,92261.0,2019-02-15,252.0,0.7956%,0.0001,0.6771,0.0396,-0.1719,1.1234%,1.3615%,31.9219%,0.0008179999999999,G,92261.0,2019-02-19,252.0,0.2429%,0.0001,0.674,0.0452,-0.1654,1.1213%,1.3558%,31.5990%,0.001443,G,92261.0,2019-02-20,252.0,0.6057%,0.0001,0.6751,0.0458,-0.162,1.1215%,1.3561%,31.5972%,0.005487,G,92261.0,2019-02-21,252.0,-0.0602%,0.0001,0.6724,0.0405,-0.167,1.1208%,1.3544%,31.5190%,0.001455,G,92261.0,2019-02-22,252.0,0.3916%,0.0001,0.6733,0.0273,-0.1675,1.1195%,1.3540%,31.6450%,-0.003232,G,0.0589689999999999,0.0533709999999999,0.0445529999999999,0.0447709999999999,0.0507419999999999
36459,ALPHABET INC,Google Removes Sites Banned in Russia from Search,6,uncertain,0.6,0.2,"the removal of banned sites from search may have mixed implications for user experience and regulatory compliance, leading to uncertainty in its impact on stock price.",1,2019-02-07,GOOGL,2019-02-07 09:17:00+00:00,90319.0,02079K30,-0.0151216769590973,1914877.0,-0.003191967960447,-0.0251590721309185,-0.0002358621859457,0.0091552194207906,0.0231008976697921,0.0203823000192642,0.0009312411420978,-0.0064571313560009,0.0005049894680269,0.0254100896418094,-0.0084749795496463,0.0261012744158506,0.0061448914930224,-0.0090751824900507,-0.0052552074193954,-0.0196548588573932,-0.0146173043176531,0.0161531455814838,0.011184555478394,-0.000378117285436,0.0006895262631587,0.0053586764261126,0.0041886046528816,-0.0258918479084968,0.0007843110943213,0.0074423663318157,0.0032594769727438,0.0088204657658934,0.019501993432641,0.002761134179309,0.0042663812637329,0.0332854650914669,0.013672293163836,-0.0121750365942716,-0.0036349953152239,-0.0133107034489512,-0.0120950145646929,-0.0026071912143379,-0.0007646564627066,-0.0034273755736649,0.0254702642560005,0.0087831355631351,0.0152553208172321,-0.0019942142535001,0.0015118467854335,0.0512935295701026,-0.0054459567181766,-0.027695681899786,-0.0018699575448408,0.0093018803745508,-0.0014702174812555,-0.0016433796845376,0.0117032611742615,-0.0059074657037854,0.0199342127889394,0.0048194387927651,0.0079090949147939,0.0641636252403259,-0.0230396315455436,-0.0066381003707647,-0.0085041355341672,-0.0315852351486682,-0.0062971147708594,-0.0114731080830097,-0.0099424766376614,-0.0076193185523152,-0.0048726159147918,0.0173158571124076,0.003941067494452,-0.0247786343097686,0.0187697801738977,-0.0203346665948629,0.0054713664576411,-0.0001768986694514,0.0043715010397136,0.0113784726709127,0.0071356301195919,0.0080422814935445,-0.0065603349357843,0.0063063483685255,-0.0026166345924139,-0.0292186122387647,-0.004626483656466,0.0146921658888459,0.0031263334676623,-0.0482729710638523,0.0026026894338428,0.0060469163581728,0.0108631970360875,0.0137679008767008,0.0031078397296369,0.0025553603190928,0.0043863621540367,0.0375470481812953,0.0066806669346988,-0.0034660228993743,0.0010724241146817,0.0250849109143018,0.0098995864391326,-0.0127752488479018,0.0134235862642526,0.0125965382903814,-0.0082952938973903,0.0029490443412214,0.0057854186743497,-0.0382393710315227,0.0079537285491824,-0.0025956109166145,0.0147014344111084,0.0156176807358861,-0.075019285082817,0.0063074184581637,-0.0213852133601903,-0.0013246309245005,-0.0058039892464876,-0.0256820060312748,0.0197512563318014,-0.0160876139998436,0.0032868832349777,-0.0122807202860713,-0.003191967960447,-0.0251590721309185,-0.0034270772818522,-0.0162341895359099,0.0195946518263454,0.0038172203616637,0.0210595043569044,0.0226778236638276,0.0096301005642343,0.0354847141428629,0.091996625595965,0.1328020329941965,0.0791655030612907,0.0132191823524714,2019-02-08,2019-02-11,2019-02-12,2019-02-13,2019-02-14,2019-02-15,2019-02-19,2019-02-20,2019-02-21,2019-02-22,90319.0,2019-02-07,252.0,-1.5122%,-0.0002,1.1871,-0.3169,-0.7403,0.9334%,1.7912%,72.8464%,-0.001719,GOOGL,90319.0,2019-02-08,252.0,-0.3192%,-0.0001,1.1882,-0.2975,-0.7231,0.9274%,1.7832%,72.9497%,-0.00931,GOOGL,90319.0,2019-02-11,252.0,-0.0236%,-0.0002,1.1949,-0.3015,-0.7217,0.9270%,1.7598%,72.2533%,0.001627,GOOGL,90319.0,2019-02-12,252.0,2.3101%,-0.0002,1.1853,-0.285,-0.7296,0.9176%,1.7494%,72.4844%,0.005584,GOOGL,90319.0,2019-02-13,252.0,0.0931%,-0.0002,1.1903,-0.2942,-0.7316,0.9148%,1.7488%,72.6345%,-0.001806,GOOGL,90319.0,2019-02-14,252.0,0.0505%,-0.0002,1.1906,-0.2938,-0.7327,0.9142%,1.7487%,72.6735%,0.0001909999999999,GOOGL,90319.0,2019-02-15,252.0,-0.8475%,-0.0003,1.1756,-0.3091,-0.7595,0.9204%,1.7463%,72.2219%,-0.017777,GOOGL,90319.0,2019-02-19,252.0,0.6145%,-0.0002,1.1777,-0.3055,-0.7556,0.9214%,1.7433%,72.0642%,0.006986,GOOGL,90319.0,2019-02-20,252.0,-0.5255%,-0.0002,1.1764,-0.3109,-0.7607,0.9208%,1.7435%,72.1087%,-0.002765,GOOGL,90319.0,2019-02-21,252.0,-1.4617%,-0.0003,1.1836,-0.299,-0.7476,0.9208%,1.7454%,72.1708%,-0.012332,GOOGL,90319.0,2019-02-22,252.0,1.1185%,-0.0004,1.1853,-0.3257,-0.7506,0.9137%,1.7459%,72.6080%,-0.005954,GOOGL,-0.011029,-0.009402,-0.003818,-0.005433,-0.037275
36467,GOPRO INC,Analysts See Blurry Longterm Picture For GoPro Despite Profitable Quarter,6,decrease,0.75,0.6,"the mention of a 'blurry longterm picture' suggests uncertainty about future performance, which is likely to negatively impact investor sentiment and stock price.",0,2019-02-07,GPRO,2019-02-07 21:10:00+00:00,14694.0,38268T10,-0.0019417919684201,13443155.0,0.0350195169448852,0.0078277811408042,0.0319548100233078,-0.0038986317813396,0.0382513739168644,0.0178571734577417,-0.0157894175499677,0.0223124008625745,0.0320855304598808,0.0123203173279762,0.0345422811806201,0.0103733846917748,0.003338974667713,-0.0163265150040388,0.0149749871343374,-0.0060851387679576,-0.0049179890193045,-0.0060484292916953,0.0230642277747392,0.0247933641076088,0.0177133865654468,0.0104384534060955,-0.0047468687407672,-0.0244398955255746,-0.0095389420166611,-0.0020325668156147,-0.0642054751515388,0.0,0.0428816489875316,0.0020367065444588,-0.0131578827276825,0.0102880066260695,0.0016667047748342,-0.0260520335286855,0.023294486105442,0.0204498786479234,-0.03902443125844,-0.0060976035892963,0.0152284521609544,0.0401691459119319,0.0416666679084301,0.0215982515364885,-0.0016000366304069,0.0266075115650892,-0.0160256270319223,0.0562061481177806,0.0,-0.0206422358751297,0.0195440333336591,0.0283019728958606,-0.0015974806156009,-0.0162413399666547,0.0016000366304069,-0.015981774777174,0.0287539642304182,0.0379147715866565,0.013975178822875,0.0445544123649597,-0.0137825654819607,-0.0217918045818805,0.0155279356986284,-0.035046748816967,0.0045871878974139,-0.0675381124019622,0.0030441370327025,-0.0086393002420663,-0.0106221809983253,0.0131290899589657,-0.0030674817971885,-0.027659498155117,0.0092307608574628,-0.0187891758978366,0.0106707578524947,-0.0224490072578191,0.004524846561253,-0.0020366094540804,0.0015015358803793,-0.0020325668156147,0.0014992131618782,-0.010060304775834,-0.0149700455367565,-0.040540549904108,0.0121580436825752,0.0298209972679615,0.0105105368420481,-0.0326922312378883,0.0059435307048261,0.0236220248043537,-0.0029542068950831,-0.0469043143093586,-0.0074074356816709,-0.0184161886572837,0.0014925715513527,0.0206766258925199,-0.0417287945747375,0.0056711169891059,-0.0077760056592524,0.0311890542507171,-0.0156739652156829,-0.0357142947614193,0.0127388406544923,0.0152672529220581,-0.004717013798654,-0.0296296887099742,-0.0442337654531002,-0.0217391103506088,0.0033057818654924,0.0165746137499809,-0.0148270428180694,0.0130596440285444,-0.0117057142779231,0.0037453146651387,-0.0084601882845163,-0.0219780001789331,0.0017064423300325,-0.0090744439512491,0.0272572953253984,0.0073126945644617,0.0182420648634433,-0.0486956872045993,0.0350195169448852,0.0078277811408042,0.0680933689792748,0.0038986317231317,0.1089494078142245,0.0218254237238013,0.1264591656778892,0.057494911241146,0.2081712444904393,0.064049573518206,0.2529183246666762,0.2469733526883595,0.1945525287606837,-0.1043478057756416,2019-02-08,2019-02-11,2019-02-12,2019-02-13,2019-02-14,2019-02-15,2019-02-19,2019-02-20,2019-02-21,2019-02-22,14694.0,2019-02-07,252.0,-0.1942%,0.0,1.1893,0.5508,-0.2147,3.4152%,3.6916%,14.4115%,0.010619,GPRO,14694.0,2019-02-08,252.0,3.5020%,0.0002,1.1838,0.5448,-0.2421,3.4212%,3.6980%,14.4102%,0.032092,GPRO,14694.0,2019-02-11,252.0,3.1955%,0.0001,1.2351,0.5325,-0.2218,3.4179%,3.7031%,14.8065%,0.027159,GPRO,14694.0,2019-02-12,252.0,3.8251%,0.0004,1.2668,0.5072,-0.2011,3.4130%,3.7080%,15.2749%,0.02087,GPRO,14694.0,2019-02-13,252.0,-1.5789%,0.0005,1.288,0.4633,-0.2137,3.3990%,3.7019%,15.6923%,-0.0196,GPRO,14694.0,2019-02-14,252.0,3.2086%,0.0006,1.2808,0.4799,-0.2319,3.4045%,3.7070%,15.6546%,0.031042,GPRO,14694.0,2019-02-15,252.0,3.4542%,0.0005,1.2507,0.4549,-0.2781,3.3909%,3.6860%,15.3708%,0.019882,GPRO,14694.0,2019-02-19,252.0,0.3339%,0.0005,1.2587,0.4435,-0.2916,3.3870%,3.6855%,15.5427%,0.000378,GPRO,14694.0,2019-02-20,252.0,1.4975%,0.0007,1.2646,0.4676,-0.2678,3.3841%,3.6834%,15.5903%,0.013111,GPRO,14694.0,2019-02-21,252.0,-0.4918%,0.0006,1.2731,0.4847,-0.2522,3.3810%,3.6826%,15.7064%,-0.000628,GPRO,14694.0,2019-02-22,252.0,2.3064%,0.0006,1.2719,0.4892,-0.2627,3.3813%,3.6851%,15.8045%,0.008316,GPRO,0.042711,0.06987,0.09074,0.102182,0.143241
36475,GOPRO INC,"Longbow Maintains Neutral On GoPro As Firm Sees 'Decent 2019 Outlook On Surface, Though Underlying Demand Appears to Remain Challenged'",6,uncertain,0.7,0.2,"while the neutral rating suggests stability, the mention of 'underlying demand' being challenged indicates potential risks that could affect investor sentiment.",1,2019-02-07,GPRO,2019-02-07 13:38:00+00:00,14694.0,38268T10,-0.0019417919684201,13443155.0,0.0350195169448852,0.0078277811408042,0.0319548100233078,-0.0038986317813396,0.0382513739168644,0.0178571734577417,-0.0157894175499677,0.0223124008625745,0.0320855304598808,0.0123203173279762,0.0345422811806201,0.0103733846917748,0.003338974667713,-0.0163265150040388,0.0149749871343374,-0.0060851387679576,-0.0049179890193045,-0.0060484292916953,0.0230642277747392,0.0247933641076088,0.0177133865654468,0.0104384534060955,-0.0047468687407672,-0.0244398955255746,-0.0095389420166611,-0.0020325668156147,-0.0642054751515388,0.0,0.0428816489875316,0.0020367065444588,-0.0131578827276825,0.0102880066260695,0.0016667047748342,-0.0260520335286855,0.023294486105442,0.0204498786479234,-0.03902443125844,-0.0060976035892963,0.0152284521609544,0.0401691459119319,0.0416666679084301,0.0215982515364885,-0.0016000366304069,0.0266075115650892,-0.0160256270319223,0.0562061481177806,0.0,-0.0206422358751297,0.0195440333336591,0.0283019728958606,-0.0015974806156009,-0.0162413399666547,0.0016000366304069,-0.015981774777174,0.0287539642304182,0.0379147715866565,0.013975178822875,0.0445544123649597,-0.0137825654819607,-0.0217918045818805,0.0155279356986284,-0.035046748816967,0.0045871878974139,-0.0675381124019622,0.0030441370327025,-0.0086393002420663,-0.0106221809983253,0.0131290899589657,-0.0030674817971885,-0.027659498155117,0.0092307608574628,-0.0187891758978366,0.0106707578524947,-0.0224490072578191,0.004524846561253,-0.0020366094540804,0.0015015358803793,-0.0020325668156147,0.0014992131618782,-0.010060304775834,-0.0149700455367565,-0.040540549904108,0.0121580436825752,0.0298209972679615,0.0105105368420481,-0.0326922312378883,0.0059435307048261,0.0236220248043537,-0.0029542068950831,-0.0469043143093586,-0.0074074356816709,-0.0184161886572837,0.0014925715513527,0.0206766258925199,-0.0417287945747375,0.0056711169891059,-0.0077760056592524,0.0311890542507171,-0.0156739652156829,-0.0357142947614193,0.0127388406544923,0.0152672529220581,-0.004717013798654,-0.0296296887099742,-0.0442337654531002,-0.0217391103506088,0.0033057818654924,0.0165746137499809,-0.0148270428180694,0.0130596440285444,-0.0117057142779231,0.0037453146651387,-0.0084601882845163,-0.0219780001789331,0.0017064423300325,-0.0090744439512491,0.0272572953253984,0.0073126945644617,0.0182420648634433,-0.0486956872045993,0.0350195169448852,0.0078277811408042,0.0680933689792748,0.0038986317231317,0.1089494078142245,0.0218254237238013,0.1264591656778892,0.057494911241146,0.2081712444904393,0.064049573518206,0.2529183246666762,0.2469733526883595,0.1945525287606837,-0.1043478057756416,2019-02-08,2019-02-11,2019-02-12,2019-02-13,2019-02-14,2019-02-15,2019-02-19,2019-02-20,2019-02-21,2019-02-22,14694.0,2019-02-07,252.0,-0.1942%,0.0,1.1893,0.5508,-0.2147,3.4152%,3.6916%,14.4115%,0.010619,GPRO,14694.0,2019-02-08,252.0,3.5020%,0.0002,1.1838,0.5448,-0.2421,3.4212%,3.6980%,14.4102%,0.032092,GPRO,14694.0,2019-02-11,252.0,3.1955%,0.0001,1.2351,0.5325,-0.2218,3.4179%,3.7031%,14.8065%,0.027159,GPRO,14694.0,2019-02-12,252.0,3.8251%,0.0004,1.2668,0.5072,-0.2011,3.4130%,3.7080%,15.2749%,0.02087,GPRO,14694.0,2019-02-13,252.0,-1.5789%,0.0005,1.288,0.4633,-0.2137,3.3990%,3.7019%,15.6923%,-0.0196,GPRO,14694.0,2019-02-14,252.0,3.2086%,0.0006,1.2808,0.4799,-0.2319,3.4045%,3.7070%,15.6546%,0.031042,GPRO,14694.0,2019-02-15,252.0,3.4542%,0.0005,1.2507,0.4549,-0.2781,3.3909%,3.6860%,15.3708%,0.019882,GPRO,14694.0,2019-02-19,252.0,0.3339%,0.0005,1.2587,0.4435,-0.2916,3.3870%,3.6855%,15.5427%,0.000378,GPRO,14694.0,2019-02-20,252.0,1.4975%,0.0007,1.2646,0.4676,-0.2678,3.3841%,3.6834%,15.5903%,0.013111,GPRO,14694.0,2019-02-21,252.0,-0.4918%,0.0006,1.2731,0.4847,-0.2522,3.3810%,3.6826%,15.7064%,-0.000628,GPRO,14694.0,2019-02-22,252.0,2.3064%,0.0006,1.2719,0.4892,-0.2627,3.3813%,3.6851%,15.8045%,0.008316,GPRO,0.042711,0.06987,0.09074,0.102182,0.143241
36483,GREEN BRICK PARTNERS INC,"BTIG Research Initiates Coverage On Green Brick Partners with Neutral Rating, Announces $9 Price Target",6,uncertain,0.6,0.3,"the initiation of coverage with a neutral rating and a specific price target suggests a lack of strong positive or negative sentiment, leading to uncertainty in the stock's immediate price movement.",1,2019-02-07,GRBK,2019-02-07 11:55:00+00:00,92089.0,39270910,-0.015348301269114,92350.0,0.0203837025910615,-0.0035293803084641,-0.0094006955623626,0.0023585446178913,0.0106761744245886,0.0011805519461631,0.0269952490925788,0.0011820601066574,0.014857156202197,-0.0035335374996066,-0.0022523037623614,0.0083135031163692,0.0079007502645254,-0.0094117559492588,0.0,-0.0173409972339868,0.0123179899528622,0.0093348808586597,0.0055309943854808,0.0541204884648323,-0.0099010067060589,0.0162500143051147,-0.0022222730331122,-0.0074442205950617,0.0077951727434992,-0.0253929905593395,-0.0154696507379412,0.0048603788018226,0.028058361262083,0.0135467555373907,0.0131004247814416,0.0252525005489587,-0.0431034080684185,-0.0582639463245868,-0.0101351523771882,0.0071855643764138,0.0011376824695616,-0.0011960855918005,0.0113635715097188,0.008443871513009,0.0337078869342804,0.028535921126604,-0.0032608406618237,0.0508475005626678,-0.0043620457872748,0.0132100265473127,-0.018619941547513,0.0161074306815862,-0.0145089412108063,0.0290055312216281,0.0147225502878427,0.0182840563356876,-0.0100446594879031,-0.0206611696630716,0.0033821570686995,-0.0013754817191511,-0.019101133570075,0.0460431911051273,-0.0103091867640614,-0.009971534833312,0.0370370000600814,-0.0195530541241169,0.0,-0.0083102416247129,0.0245536006987094,-0.0109589584171772,-0.040304996073246,-0.072426900267601,-0.0068104900419712,-0.0012690646108239,0.0662857070565223,-0.003792633768171,-0.0257234480232,-0.0050314418040215,0.0220021791756153,-0.0099626313894987,0.0409042090177536,-0.0024845288135111,-0.0175801534205675,0.0075094392523169,-0.0147368786856532,-0.0037407337222248,-0.0224359016865491,0.0025000572204589,0.0054645021446049,-0.039615835994482,-0.0032608406618237,0.0036144256591796,-0.0229007676243782,-0.0165876056998968,0.0033481845166534,-0.029885085299611,0.0189099088311195,0.0456730909645557,0.016375608742237,-0.0200235657393932,-0.0064447280019521,-0.0184970926493406,-0.0497297346591949,-0.003456300124526,0.0398180186748504,0.026004759594798,-0.0109409606084227,0.0071429074741899,-0.0132743241265416,-0.0344827808439731,0.0112108048051595,-0.005714307539165,-0.0011086728191003,0.015081220306456,-0.007769217249006,-0.0270880106836557,-0.0022370810620486,0.0242774616926908,-0.00336319883354,-0.0181612707674503,0.0191226173192262,-0.0371583849191665,-0.0077263405546545,0.0066006011329591,0.0203837025910615,-0.0035293803084641,0.0107913860462065,-0.0011791598915038,0.0215827711905076,-4.845457368674033e-12,0.0647481962638765,-0.0023556542514968,0.0899280555237334,0.0418204362237533,0.0359712458641801,0.2065527406201688,0.0779376014043522,-0.0682068116965214,2019-02-08,2019-02-11,2019-02-12,2019-02-13,2019-02-14,2019-02-15,2019-02-19,2019-02-20,2019-02-21,2019-02-22,92089.0,2019-02-07,252.0,-1.5348%,-0.0009,0.7587,1.0315,0.1164,1.9990%,2.2207%,18.9684%,-0.0075149999999999,GRBK,92089.0,2019-02-08,252.0,2.0384%,-0.0009,0.7556,1.0111,0.0899,2.0004%,2.2212%,18.8941%,0.019888,GRBK,92089.0,2019-02-11,252.0,-0.9401%,-0.001,0.7667,0.9782,0.0779,2.0019%,2.2212%,18.7768%,-0.017439,GRBK,92089.0,2019-02-12,252.0,1.0676%,-0.001,0.7612,0.9859,0.0737,2.0008%,2.2204%,18.8008%,8.6e-05,GRBK,92089.0,2019-02-13,252.0,2.6995%,-0.0009,0.7629,0.9932,0.0811,2.0069%,2.2264%,18.7460%,0.024121,GRBK,92089.0,2019-02-14,252.0,1.4857%,-0.0009,0.7598,0.9999,0.074,2.0084%,2.2283%,18.7626%,0.011665,GRBK,92089.0,2019-02-15,252.0,-0.2252%,-0.0009,0.7626,1.0011,0.0768,2.0082%,2.2283%,18.7808%,-0.013793,GRBK,92089.0,2019-02-19,252.0,0.7901%,-0.0008,0.7669,0.9987,0.0737,2.0071%,2.2288%,18.9034%,0.003218,GRBK,92089.0,2019-02-20,252.0,0.0000%,-0.0009,0.7655,0.9927,0.0677,2.0068%,2.2279%,18.8621%,-0.00416,GRBK,92089.0,2019-02-21,252.0,1.2318%,-0.0008,0.7666,0.9987,0.0696,2.0077%,2.2292%,18.8809%,0.015901,GRBK,92089.0,2019-02-22,252.0,0.5531%,-0.0008,0.7666,1.0096,0.0797,2.0071%,2.2294%,18.9450%,-0.004022,GRBK,0.012373,-0.0050659999999999,-0.0049799999999999,0.030806,0.02795
36491,GRIFOLS S A,Grifols Receives FDA Approval For Procleix Babesia Assay For Donor Screening On Procleix Panther System,6,increase,0.8,0.6,the fda approval for the procleix babesia assay enhances grifols' product offerings and could lead to increased sales and market confidence.,2,2019-02-07,GRFS,2019-02-07 17:33:00+00:00,12886.0,39843840,0.0256273113191127,1004341.0,-0.0624674074351787,-0.0142105501145124,0.0088839447125792,0.0122535713016986,0.0330214835703373,-0.0079280985519289,0.0122535713016986,0.0161116663366556,0.0015789835015311,-0.0116772456094622,0.0404623486101627,-0.001589861465618,-0.0040404004976153,0.0047923400998115,-0.0116632627323269,-0.0188087094575166,-0.0261672772467136,-0.0077761285938322,0.0158061720430851,0.0025988121051341,0.0025933212600648,0.0083857364952564,0.0160372201353311,-0.0144628444686532,-0.0056007485836744,0.0062370500527322,-0.0128008192405104,0.0083857364952564,0.0202281828969717,0.0063291583210229,0.0040671033784747,0.0042372844181954,-0.0035442884545773,-0.0171785503625869,-0.0243902206420898,-0.0015592873096466,0.0052082538604736,0.0010406065266579,0.0067358068190515,0.0,-0.0159546807408332,0.0153195457533001,0.0026150227058678,-0.0031595295295119,-0.0088680265471339,0.0457048416137695,0.0089473724365234,0.0066518252715468,0.0015649810666218,-0.0174291767179966,0.0005207458743825,0.0166113600134849,0.0026028708089143,-0.0027609686367213,-0.007268919609487,-0.0120021449401974,-0.0010460489429533,0.0510320737957954,-0.0193717721849679,-0.0202246475964784,0.0144154010340571,-0.0203632824122905,0.0042105223983526,-0.0199568942189216,-0.0005241209873929,-0.0021527991630136,0.0005243958439677,0.0021574436686933,0.0539832636713981,-0.0180083829909563,-0.0004972764290869,-0.0110005754977464,0.0084577146917581,-0.0072802598588168,-0.0098668355494737,0.0217853263020515,-0.0059790201485157,-0.0089520839974284,0.0035087564028799,-0.0140187153592705,-0.0089910244569182,-0.0128139415755868,-0.0085685523226857,0.0093119665980339,0.0122013101354241,-0.0373505987226963,-0.0155700389295816,0.0182556100189685,-0.0112245520576834,-0.044166337698698,0.0051599787548184,-0.012304700911045,-0.0015399784315377,0.0217600986361503,-0.0308483466506004,-0.0175771471112966,-0.0100796036422252,0.0095922714099287,-0.0101822363212704,0.0230618864297866,0.0254467371851205,-0.0149831492453813,0.000527995172888,-0.0390153340995311,0.0,0.0122237997129559,0.0100263124331831,0.0056737987324595,0.009926882572472,0.0076226703822612,-0.0098293088376522,-0.0066256220452487,-0.0104492614045739,0.0207728687673807,0.0036958656273782,-0.0226628668606281,0.0131509732455015,-0.0014143696753308,-0.0046729049645364,-0.0023518882226198,-0.0624674074351787,-0.0142105501145124,-0.0541384197165918,-0.0021311088018782,-0.0229046670834499,-0.0100423117132011,-0.0093700373197614,-0.0058386733468377,0.0036440170843268,-0.0265072879698904,-0.0249869663103986,0.0522472111808556,-0.0020822019506554,-0.1088057124258646,2019-02-08,2019-02-11,2019-02-12,2019-02-13,2019-02-14,2019-02-15,2019-02-19,2019-02-20,2019-02-21,2019-02-22,12886.0,2019-02-07,252.0,2.5627%,-0.0005,0.854,0.3328,0.2476,1.5993%,1.8316%,23.7580%,0.032987,GRFS,12886.0,2019-02-08,252.0,-6.2467%,-0.0007,0.8646,0.3443,0.2999,1.6449%,1.8728%,22.8594%,-0.061794,GRFS,12886.0,2019-02-11,252.0,0.8884%,-0.0007,0.85,0.3654,0.3037,1.6434%,1.8573%,21.7030%,0.004611,GRFS,12886.0,2019-02-12,252.0,3.3021%,-0.0006,0.8553,0.375,0.3046,1.6480%,1.8645%,21.8801%,0.021804,GRFS,12886.0,2019-02-13,252.0,1.2254%,-0.0006,0.8553,0.379,0.3077,1.6490%,1.8647%,21.7919%,0.009321,GRFS,12886.0,2019-02-14,252.0,0.1579%,-0.0005,0.855,0.3813,0.3043,1.6484%,1.8643%,21.8257%,0.003089,GRFS,12886.0,2019-02-15,252.0,4.0462%,-0.0004,0.8804,0.4072,0.3495,1.6574%,1.8813%,22.3904%,0.028287,GRFS,12886.0,2019-02-19,252.0,-0.4040%,-0.0004,0.8764,0.4058,0.3483,1.6574%,1.8790%,22.1948%,-0.008042,GRFS,12886.0,2019-02-20,252.0,-1.1663%,-0.0005,0.8725,0.3992,0.3349,1.6601%,1.8803%,22.0494%,-0.0162369999999999,GRFS,12886.0,2019-02-21,252.0,-2.6167%,-0.0006,0.8795,0.4087,0.3478,1.6652%,1.8873%,22.1456%,-0.021989,GRFS,12886.0,2019-02-22,252.0,1.5806%,-0.0005,0.8772,0.4196,0.3309,1.6669%,1.8897%,22.1884%,0.012855,GRFS,-0.028807,-0.024196,-0.0023919999999999,0.010018,0.004892
36499,GOOD TIMES RESTAURANTS INC,Good Times Reaffirms FY19 Sales Guidance $112M-$114M,6,uncertain,0.6,0.2,"while reaffirming sales guidance may indicate stability, it does not provide new positive information that would clearly drive the stock price up or down.",1,2019-02-07,GTIM,2019-02-07 21:45:00+00:00,76360.0,38214087,0.0078740082681179,14420.0,-0.0117187388241291,-0.0078124925494194,-0.0395256541669368,-0.0038910470902919,0.0699587762355804,0.0239043589681386,0.0076923007145524,0.0080321207642555,0.0,0.0222094655036926,0.0114504620432853,0.0149582820013165,0.0264150686562061,-0.0438246577978134,-0.0441176928579807,0.0458332896232605,0.0346154458820819,-0.0736451894044876,0.003717468585819,0.0160000380128622,-0.0237037520855665,0.0119047509506344,-0.0212443079799413,0.0632911846041679,0.0115891760215163,-0.0042017768137156,0.0358634553849697,-0.0285714007914066,-0.0308859422802925,-0.0466925650835037,0.0038168814498931,0.0078431302681565,0.0,-0.0077820941805839,-0.0190114788711071,0.0279999729245901,-0.0077519309706985,0.0,0.0117187388241291,-0.0272373296320438,0.0231660939753055,0.0078431302681565,-0.0301887392997741,0.0580912306904792,-0.0077820941805839,-0.0041322275064885,-0.0039215651340782,-0.0358565412461757,-0.0196850206702947,0.0039999959990382,0.0040160603821277,0.0504201166331768,-0.0079999919980764,0.0214593093842268,0.0483870506286621,0.0130434660241007,-0.0499999523162841,0.0,0.048582948744297,-0.065040685236454,-0.0617760047316551,0.0336134098470211,0.0041152224875986,-0.0881225243210792,-0.0245901402086019,-0.0113637149333953,-0.0084034530445933,-0.0329670011997222,0.0254238061606884,-0.024999976158142,0.0,-0.2631579041481018,-0.0041322275064885,0.0270270016044378,-0.0414938330650329,0.024930790066719,-0.021645002067089,-0.0109589584171772,0.0,-0.0897755920886993,0.0176990982145071,-0.0098765334114432,-0.008695644326508,-0.0145985260605812,-0.0131578827276825,-0.0120191620662808,0.0177777614444494,0.0024095787666738,-0.0174672324210405,-0.0481651462614536,-0.0222222004085779,0.0,0.0136363506317138,-0.0068336525000631,0.0,0.0477326512336731,0.0,0.0527638271450996,0.0,0.0371065326035022,0.0,0.031612891703844,0.0179372020065784,-0.0210526119917631,-0.0176211278885603,-0.0379747077822685,0.0179372020065784,-0.034229852259159,-0.0176211278885603,-0.002438963856548,0.0044843005016446,0.0135969910770654,-0.0044642812572419,0.0112500190734863,0.0089686010032892,-0.0697674825787544,0.0089333849027752,0.0,-4.411074405652471e-05,0.0117647508159279,-0.0117187388241291,-0.0078124925494194,-0.0507812021730308,-0.011673140863309,0.0156249833027528,0.0119521791553474,0.0234374760875299,0.0427357395279377,0.0546875409753173,-0.0039215649308881,0.0117187378549146,0.0325202905940007,-0.1132812378820645,-0.4023529598913964,2019-02-08,2019-02-11,2019-02-12,2019-02-13,2019-02-14,2019-02-15,2019-02-19,2019-02-20,2019-02-21,2019-02-22,76360.0,2019-02-07,252.0,0.7874%,0.0009,0.4352,0.206,0.0037,3.6808%,3.7131%,1.7297%,0.0120849999999999,GTIM,76360.0,2019-02-08,252.0,-1.1719%,0.0005,0.4399,0.1316,-0.0259,3.6423%,3.6756%,1.8035%,-0.0122879999999999,GTIM,76360.0,2019-02-11,252.0,-3.9526%,0.0003,0.4386,0.0765,-0.0564,3.6515%,3.6838%,1.7453%,-0.04105,GTIM,76360.0,2019-02-12,252.0,6.9959%,0.0007,0.4931,0.0532,-0.0244,3.6659%,3.7046%,2.0781%,0.063783,GTIM,76360.0,2019-02-13,252.0,0.7692%,0.0006,0.4784,0.0801,-0.0183,3.6599%,3.6962%,1.9580%,0.006197,GTIM,76360.0,2019-02-14,252.0,0.0000%,0.0006,0.4786,0.08,-0.0185,3.6598%,3.6962%,1.9595%,0.0003819999999999,GTIM,76360.0,2019-02-15,252.0,1.1450%,0.0006,0.4725,0.0751,-0.0277,3.6593%,3.6949%,1.9216%,0.0058299999999999,GTIM,76360.0,2019-02-19,252.0,2.6415%,0.0007,0.4735,0.0959,-0.0044,3.6617%,3.6966%,1.8834%,0.025283,GTIM,76360.0,2019-02-20,252.0,-4.4118%,0.0005,0.4626,0.0805,-0.0408,3.6709%,3.7054%,1.8553%,-0.045304,GTIM,76360.0,2019-02-21,252.0,3.4615%,0.0007,0.4553,0.0733,-0.0546,3.6777%,3.7116%,1.8158%,0.03619,GTIM,76360.0,2019-02-22,252.0,0.3717%,0.0007,0.4555,0.072,-0.0532,3.6777%,3.7116%,1.8176%,-0.000547,GTIM,-0.000203,-0.041253,0.02253,0.029109,0.050561
36507,GOOD TIMES RESTAURANTS INC,"Good Times Restaurants Q1 EPS $(0.08), Inline, Sales $25.37M Miss $26.07M Estimate",6,decrease,0.75,0.6,"the company's earnings per share (eps) were in line with expectations, but sales missed estimates, which typically signals weaker performance and can lead to a decrease in stock price.",0,2019-02-07,GTIM,2019-02-07 21:44:00+00:00,76360.0,38214087,0.0078740082681179,14420.0,-0.0117187388241291,-0.0078124925494194,-0.0395256541669368,-0.0038910470902919,0.0699587762355804,0.0239043589681386,0.0076923007145524,0.0080321207642555,0.0,0.0222094655036926,0.0114504620432853,0.0149582820013165,0.0264150686562061,-0.0438246577978134,-0.0441176928579807,0.0458332896232605,0.0346154458820819,-0.0736451894044876,0.003717468585819,0.0160000380128622,-0.0237037520855665,0.0119047509506344,-0.0212443079799413,0.0632911846041679,0.0115891760215163,-0.0042017768137156,0.0358634553849697,-0.0285714007914066,-0.0308859422802925,-0.0466925650835037,0.0038168814498931,0.0078431302681565,0.0,-0.0077820941805839,-0.0190114788711071,0.0279999729245901,-0.0077519309706985,0.0,0.0117187388241291,-0.0272373296320438,0.0231660939753055,0.0078431302681565,-0.0301887392997741,0.0580912306904792,-0.0077820941805839,-0.0041322275064885,-0.0039215651340782,-0.0358565412461757,-0.0196850206702947,0.0039999959990382,0.0040160603821277,0.0504201166331768,-0.0079999919980764,0.0214593093842268,0.0483870506286621,0.0130434660241007,-0.0499999523162841,0.0,0.048582948744297,-0.065040685236454,-0.0617760047316551,0.0336134098470211,0.0041152224875986,-0.0881225243210792,-0.0245901402086019,-0.0113637149333953,-0.0084034530445933,-0.0329670011997222,0.0254238061606884,-0.024999976158142,0.0,-0.2631579041481018,-0.0041322275064885,0.0270270016044378,-0.0414938330650329,0.024930790066719,-0.021645002067089,-0.0109589584171772,0.0,-0.0897755920886993,0.0176990982145071,-0.0098765334114432,-0.008695644326508,-0.0145985260605812,-0.0131578827276825,-0.0120191620662808,0.0177777614444494,0.0024095787666738,-0.0174672324210405,-0.0481651462614536,-0.0222222004085779,0.0,0.0136363506317138,-0.0068336525000631,0.0,0.0477326512336731,0.0,0.0527638271450996,0.0,0.0371065326035022,0.0,0.031612891703844,0.0179372020065784,-0.0210526119917631,-0.0176211278885603,-0.0379747077822685,0.0179372020065784,-0.034229852259159,-0.0176211278885603,-0.002438963856548,0.0044843005016446,0.0135969910770654,-0.0044642812572419,0.0112500190734863,0.0089686010032892,-0.0697674825787544,0.0089333849027752,0.0,-4.411074405652471e-05,0.0117647508159279,-0.0117187388241291,-0.0078124925494194,-0.0507812021730308,-0.011673140863309,0.0156249833027528,0.0119521791553474,0.0234374760875299,0.0427357395279377,0.0546875409753173,-0.0039215649308881,0.0117187378549146,0.0325202905940007,-0.1132812378820645,-0.4023529598913964,2019-02-08,2019-02-11,2019-02-12,2019-02-13,2019-02-14,2019-02-15,2019-02-19,2019-02-20,2019-02-21,2019-02-22,76360.0,2019-02-07,252.0,0.7874%,0.0009,0.4352,0.206,0.0037,3.6808%,3.7131%,1.7297%,0.0120849999999999,GTIM,76360.0,2019-02-08,252.0,-1.1719%,0.0005,0.4399,0.1316,-0.0259,3.6423%,3.6756%,1.8035%,-0.0122879999999999,GTIM,76360.0,2019-02-11,252.0,-3.9526%,0.0003,0.4386,0.0765,-0.0564,3.6515%,3.6838%,1.7453%,-0.04105,GTIM,76360.0,2019-02-12,252.0,6.9959%,0.0007,0.4931,0.0532,-0.0244,3.6659%,3.7046%,2.0781%,0.063783,GTIM,76360.0,2019-02-13,252.0,0.7692%,0.0006,0.4784,0.0801,-0.0183,3.6599%,3.6962%,1.9580%,0.006197,GTIM,76360.0,2019-02-14,252.0,0.0000%,0.0006,0.4786,0.08,-0.0185,3.6598%,3.6962%,1.9595%,0.0003819999999999,GTIM,76360.0,2019-02-15,252.0,1.1450%,0.0006,0.4725,0.0751,-0.0277,3.6593%,3.6949%,1.9216%,0.0058299999999999,GTIM,76360.0,2019-02-19,252.0,2.6415%,0.0007,0.4735,0.0959,-0.0044,3.6617%,3.6966%,1.8834%,0.025283,GTIM,76360.0,2019-02-20,252.0,-4.4118%,0.0005,0.4626,0.0805,-0.0408,3.6709%,3.7054%,1.8553%,-0.045304,GTIM,76360.0,2019-02-21,252.0,3.4615%,0.0007,0.4553,0.0733,-0.0546,3.6777%,3.7116%,1.8158%,0.03619,GTIM,76360.0,2019-02-22,252.0,0.3717%,0.0007,0.4555,0.072,-0.0532,3.6777%,3.7116%,1.8176%,-0.000547,GTIM,-0.000203,-0.041253,0.02253,0.029109,0.050561
36515,HAIN CELESTIAL GROUP INC,Hain Celestial shares are trading lower after the company said it expects 2019 EPS of $0.60 to $0.70 versus the $1.14 analyst estimate from revenue of $2.32B to $2.35B versus the $2.45B analyst estimate.,6,decrease,0.85,0.7,the company's lower-than-expected eps and revenue guidance compared to analyst estimates is likely to lead to a decrease in investor confidence and stock price.,0,2019-02-07,HAIN,2019-02-07 13:43:00+00:00,80167.0,40521710,-0.092186689376831,10159523.0,-0.0148606672883033,0.0090755391865968,0.0584538206458091,-0.0334430150687694,0.0718526765704155,0.0027487210463732,-0.0144043397158384,-0.0076377191580832,-0.01911186799407,0.0149501916021108,0.0177650116384029,0.0,0.0090089999139308,-0.0082372119650244,0.0312499701976776,0.0122289778664708,-0.0211038626730442,0.0055897366255521,-0.0248756632208824,-0.015410054475069,-0.0232426226139068,0.0022063385695219,0.0063842493109405,-0.0231681205332279,0.0247981715947389,0.011444091796875,0.1069217547774315,0.0177481807768344,-0.0213523171842098,-0.0082508036866784,0.0171428527683019,0.021922392770648,0.0393258668482303,-0.0011228832881897,0.0196560006588697,-0.0061384267173707,0.0390361174941062,0.0011173440143466,-0.0027829066384583,0.0193621963262558,0.0181395057588815,0.006880672648549,0.0009136801236309,0.0234741549938917,0.0241898987442255,0.0333536192774772,-0.0178252942860126,0.0166461449116468,0.0231396686285734,0.0226985923945903,0.0079822754487395,0.0192801561206579,-0.0008799145580269,-0.0051150843501091,-0.0110083669424057,-0.0094996588304638,0.0347284376621246,0.0193673465400934,0.0021515123080462,-0.0019330339273437,0.0072991913184523,-0.0275688953697681,0.011508971452713,-0.0178461521863937,-0.0037926740478724,-0.0429917275905609,-0.0114212585613131,0.0095124766230583,-0.0106974747031927,-0.0883469358086586,-0.0173011031001806,-0.0390625,-0.0294894408434629,0.0041840961202979,-0.0331065580248832,0.0170213617384433,0.0243902653455734,-0.0198123604059219,-0.0009157718741334,-0.0062175616621971,0.0032080521341413,-0.0311245396733284,-0.0054819067008793,-0.0128840543329715,0.0179145336151123,-0.0251207947731018,0.0072202095761895,0.0,-0.0112007167190313,-0.0057636373676359,0.0285455863922834,0.0019248799653723,-0.004405302926898,-0.0128265349194407,-0.0044247955083847,-0.0168146006762981,-0.0053333705291152,-0.0522355139255523,-0.0142984678968787,0.0044464375823736,-0.0022665113210678,0.0035698316060006,-0.0072694160044193,-0.0053262687288224,-0.0132723525166511,-0.0066137397661805,0.0162337850779295,0.0048737535253167,0.0031948743853718,0.0102954134345054,-0.0072793378494679,0.0117753725498914,-0.0032080521341413,-0.0234409850090742,0.0119540337473154,0.0166367292404174,0.0213538985699415,-0.0119946897029876,0.022686842828989,-0.1385380476713181,-0.0148606672883033,0.0090755391865968,0.0427244905771582,-0.0246709892759471,0.11764703615065,-0.0219900818970315,0.0804954272841036,-0.0149500857402106,0.0922600499029904,-0.0209135475088368,0.4421053505097845,0.1462629179796519,0.4235294297492418,-0.3191733051015769,2019-02-08,2019-02-11,2019-02-12,2019-02-13,2019-02-14,2019-02-15,2019-02-19,2019-02-20,2019-02-21,2019-02-22,80167.0,2019-02-07,252.0,-9.2187%,-0.0031,0.6677,0.3631,0.1485,2.0580%,2.1800%,10.8762%,-0.086448,HAIN,80167.0,2019-02-08,252.0,-1.4861%,-0.0029,0.6685,0.4049,0.1795,2.0415%,2.1644%,11.0282%,-0.014718,HAIN,80167.0,2019-02-11,252.0,5.8454%,-0.0028,0.6971,0.4553,0.2218,2.0712%,2.1980%,11.2128%,0.054333,HAIN,80167.0,2019-02-12,252.0,7.1853%,-0.0024,0.7449,0.4418,0.2486,2.1062%,2.2453%,12.0064%,0.062558,HAIN,80167.0,2019-02-13,252.0,-1.4404%,-0.0024,0.7521,0.4237,0.2418,2.1042%,2.2450%,12.1540%,-0.017029,HAIN,80167.0,2019-02-14,252.0,-1.9112%,-0.0025,0.7558,0.4149,0.2517,2.1066%,2.2474%,12.1423%,-0.0184329999999999,HAIN,80167.0,2019-02-15,252.0,1.7765%,-0.0025,0.7417,0.4032,0.2301,2.1017%,2.2381%,11.8176%,0.00688,HAIN,80167.0,2019-02-19,252.0,0.9009%,-0.0025,0.7401,0.4128,0.241,2.1013%,2.2366%,11.7333%,0.0056399999999999,HAIN,80167.0,2019-02-20,252.0,3.1250%,-0.0025,0.747,0.4216,0.2639,2.1077%,2.2441%,11.7872%,0.02751,HAIN,80167.0,2019-02-21,252.0,-2.1104%,-0.0025,0.7457,0.4156,0.2616,2.1081%,2.2436%,11.7106%,-0.017538,HAIN,80167.0,2019-02-22,252.0,-2.4876%,-0.0025,0.7484,0.4357,0.3128,2.1108%,2.2451%,11.6065%,-0.0282629999999999,HAIN,-0.1011659999999999,-0.0468329999999999,0.015725,-0.0197369999999999,-0.0255079999999999
36523,HAIN CELESTIAL GROUP INC,Hain Shares To Resume Trade At 8 a.m. EST,6,uncertain,0.5,0.5,"the resumption of trading could indicate a resolution of prior issues, but without additional context on the reasons for the halt, the impact on stock price remains unclear.",1,2019-02-07,HAIN,2019-02-07 12:56:00+00:00,80167.0,40521710,-0.092186689376831,10159523.0,-0.0148606672883033,0.0090755391865968,0.0584538206458091,-0.0334430150687694,0.0718526765704155,0.0027487210463732,-0.0144043397158384,-0.0076377191580832,-0.01911186799407,0.0149501916021108,0.0177650116384029,0.0,0.0090089999139308,-0.0082372119650244,0.0312499701976776,0.0122289778664708,-0.0211038626730442,0.0055897366255521,-0.0248756632208824,-0.015410054475069,-0.0232426226139068,0.0022063385695219,0.0063842493109405,-0.0231681205332279,0.0247981715947389,0.011444091796875,0.1069217547774315,0.0177481807768344,-0.0213523171842098,-0.0082508036866784,0.0171428527683019,0.021922392770648,0.0393258668482303,-0.0011228832881897,0.0196560006588697,-0.0061384267173707,0.0390361174941062,0.0011173440143466,-0.0027829066384583,0.0193621963262558,0.0181395057588815,0.006880672648549,0.0009136801236309,0.0234741549938917,0.0241898987442255,0.0333536192774772,-0.0178252942860126,0.0166461449116468,0.0231396686285734,0.0226985923945903,0.0079822754487395,0.0192801561206579,-0.0008799145580269,-0.0051150843501091,-0.0110083669424057,-0.0094996588304638,0.0347284376621246,0.0193673465400934,0.0021515123080462,-0.0019330339273437,0.0072991913184523,-0.0275688953697681,0.011508971452713,-0.0178461521863937,-0.0037926740478724,-0.0429917275905609,-0.0114212585613131,0.0095124766230583,-0.0106974747031927,-0.0883469358086586,-0.0173011031001806,-0.0390625,-0.0294894408434629,0.0041840961202979,-0.0331065580248832,0.0170213617384433,0.0243902653455734,-0.0198123604059219,-0.0009157718741334,-0.0062175616621971,0.0032080521341413,-0.0311245396733284,-0.0054819067008793,-0.0128840543329715,0.0179145336151123,-0.0251207947731018,0.0072202095761895,0.0,-0.0112007167190313,-0.0057636373676359,0.0285455863922834,0.0019248799653723,-0.004405302926898,-0.0128265349194407,-0.0044247955083847,-0.0168146006762981,-0.0053333705291152,-0.0522355139255523,-0.0142984678968787,0.0044464375823736,-0.0022665113210678,0.0035698316060006,-0.0072694160044193,-0.0053262687288224,-0.0132723525166511,-0.0066137397661805,0.0162337850779295,0.0048737535253167,0.0031948743853718,0.0102954134345054,-0.0072793378494679,0.0117753725498914,-0.0032080521341413,-0.0234409850090742,0.0119540337473154,0.0166367292404174,0.0213538985699415,-0.0119946897029876,0.022686842828989,-0.1385380476713181,-0.0148606672883033,0.0090755391865968,0.0427244905771582,-0.0246709892759471,0.11764703615065,-0.0219900818970315,0.0804954272841036,-0.0149500857402106,0.0922600499029904,-0.0209135475088368,0.4421053505097845,0.1462629179796519,0.4235294297492418,-0.3191733051015769,2019-02-08,2019-02-11,2019-02-12,2019-02-13,2019-02-14,2019-02-15,2019-02-19,2019-02-20,2019-02-21,2019-02-22,80167.0,2019-02-07,252.0,-9.2187%,-0.0031,0.6677,0.3631,0.1485,2.0580%,2.1800%,10.8762%,-0.086448,HAIN,80167.0,2019-02-08,252.0,-1.4861%,-0.0029,0.6685,0.4049,0.1795,2.0415%,2.1644%,11.0282%,-0.014718,HAIN,80167.0,2019-02-11,252.0,5.8454%,-0.0028,0.6971,0.4553,0.2218,2.0712%,2.1980%,11.2128%,0.054333,HAIN,80167.0,2019-02-12,252.0,7.1853%,-0.0024,0.7449,0.4418,0.2486,2.1062%,2.2453%,12.0064%,0.062558,HAIN,80167.0,2019-02-13,252.0,-1.4404%,-0.0024,0.7521,0.4237,0.2418,2.1042%,2.2450%,12.1540%,-0.017029,HAIN,80167.0,2019-02-14,252.0,-1.9112%,-0.0025,0.7558,0.4149,0.2517,2.1066%,2.2474%,12.1423%,-0.0184329999999999,HAIN,80167.0,2019-02-15,252.0,1.7765%,-0.0025,0.7417,0.4032,0.2301,2.1017%,2.2381%,11.8176%,0.00688,HAIN,80167.0,2019-02-19,252.0,0.9009%,-0.0025,0.7401,0.4128,0.241,2.1013%,2.2366%,11.7333%,0.0056399999999999,HAIN,80167.0,2019-02-20,252.0,3.1250%,-0.0025,0.747,0.4216,0.2639,2.1077%,2.2441%,11.7872%,0.02751,HAIN,80167.0,2019-02-21,252.0,-2.1104%,-0.0025,0.7457,0.4156,0.2616,2.1081%,2.2436%,11.7106%,-0.017538,HAIN,80167.0,2019-02-22,252.0,-2.4876%,-0.0025,0.7484,0.4357,0.3128,2.1108%,2.2451%,11.6065%,-0.0282629999999999,HAIN,-0.1011659999999999,-0.0468329999999999,0.015725,-0.0197369999999999,-0.0255079999999999
36531,HAIN CELESTIAL GROUP INC,"Hain Sees FY19 Adj. EPS $0.60-$0.70 vs $1.14 Estimate, Sales $2.32B-$2.35B vs $2.45B Est.",6,decrease,0.85,0.7,"the company's adjusted eps and sales guidance are both significantly below analyst estimates, which is likely to lead to a negative reaction in the stock price.",0,2019-02-07,HAIN,2019-02-07 12:32:00+00:00,80167.0,40521710,-0.092186689376831,10159523.0,-0.0148606672883033,0.0090755391865968,0.0584538206458091,-0.0334430150687694,0.0718526765704155,0.0027487210463732,-0.0144043397158384,-0.0076377191580832,-0.01911186799407,0.0149501916021108,0.0177650116384029,0.0,0.0090089999139308,-0.0082372119650244,0.0312499701976776,0.0122289778664708,-0.0211038626730442,0.0055897366255521,-0.0248756632208824,-0.015410054475069,-0.0232426226139068,0.0022063385695219,0.0063842493109405,-0.0231681205332279,0.0247981715947389,0.011444091796875,0.1069217547774315,0.0177481807768344,-0.0213523171842098,-0.0082508036866784,0.0171428527683019,0.021922392770648,0.0393258668482303,-0.0011228832881897,0.0196560006588697,-0.0061384267173707,0.0390361174941062,0.0011173440143466,-0.0027829066384583,0.0193621963262558,0.0181395057588815,0.006880672648549,0.0009136801236309,0.0234741549938917,0.0241898987442255,0.0333536192774772,-0.0178252942860126,0.0166461449116468,0.0231396686285734,0.0226985923945903,0.0079822754487395,0.0192801561206579,-0.0008799145580269,-0.0051150843501091,-0.0110083669424057,-0.0094996588304638,0.0347284376621246,0.0193673465400934,0.0021515123080462,-0.0019330339273437,0.0072991913184523,-0.0275688953697681,0.011508971452713,-0.0178461521863937,-0.0037926740478724,-0.0429917275905609,-0.0114212585613131,0.0095124766230583,-0.0106974747031927,-0.0883469358086586,-0.0173011031001806,-0.0390625,-0.0294894408434629,0.0041840961202979,-0.0331065580248832,0.0170213617384433,0.0243902653455734,-0.0198123604059219,-0.0009157718741334,-0.0062175616621971,0.0032080521341413,-0.0311245396733284,-0.0054819067008793,-0.0128840543329715,0.0179145336151123,-0.0251207947731018,0.0072202095761895,0.0,-0.0112007167190313,-0.0057636373676359,0.0285455863922834,0.0019248799653723,-0.004405302926898,-0.0128265349194407,-0.0044247955083847,-0.0168146006762981,-0.0053333705291152,-0.0522355139255523,-0.0142984678968787,0.0044464375823736,-0.0022665113210678,0.0035698316060006,-0.0072694160044193,-0.0053262687288224,-0.0132723525166511,-0.0066137397661805,0.0162337850779295,0.0048737535253167,0.0031948743853718,0.0102954134345054,-0.0072793378494679,0.0117753725498914,-0.0032080521341413,-0.0234409850090742,0.0119540337473154,0.0166367292404174,0.0213538985699415,-0.0119946897029876,0.022686842828989,-0.1385380476713181,-0.0148606672883033,0.0090755391865968,0.0427244905771582,-0.0246709892759471,0.11764703615065,-0.0219900818970315,0.0804954272841036,-0.0149500857402106,0.0922600499029904,-0.0209135475088368,0.4421053505097845,0.1462629179796519,0.4235294297492418,-0.3191733051015769,2019-02-08,2019-02-11,2019-02-12,2019-02-13,2019-02-14,2019-02-15,2019-02-19,2019-02-20,2019-02-21,2019-02-22,80167.0,2019-02-07,252.0,-9.2187%,-0.0031,0.6677,0.3631,0.1485,2.0580%,2.1800%,10.8762%,-0.086448,HAIN,80167.0,2019-02-08,252.0,-1.4861%,-0.0029,0.6685,0.4049,0.1795,2.0415%,2.1644%,11.0282%,-0.014718,HAIN,80167.0,2019-02-11,252.0,5.8454%,-0.0028,0.6971,0.4553,0.2218,2.0712%,2.1980%,11.2128%,0.054333,HAIN,80167.0,2019-02-12,252.0,7.1853%,-0.0024,0.7449,0.4418,0.2486,2.1062%,2.2453%,12.0064%,0.062558,HAIN,80167.0,2019-02-13,252.0,-1.4404%,-0.0024,0.7521,0.4237,0.2418,2.1042%,2.2450%,12.1540%,-0.017029,HAIN,80167.0,2019-02-14,252.0,-1.9112%,-0.0025,0.7558,0.4149,0.2517,2.1066%,2.2474%,12.1423%,-0.0184329999999999,HAIN,80167.0,2019-02-15,252.0,1.7765%,-0.0025,0.7417,0.4032,0.2301,2.1017%,2.2381%,11.8176%,0.00688,HAIN,80167.0,2019-02-19,252.0,0.9009%,-0.0025,0.7401,0.4128,0.241,2.1013%,2.2366%,11.7333%,0.0056399999999999,HAIN,80167.0,2019-02-20,252.0,3.1250%,-0.0025,0.747,0.4216,0.2639,2.1077%,2.2441%,11.7872%,0.02751,HAIN,80167.0,2019-02-21,252.0,-2.1104%,-0.0025,0.7457,0.4156,0.2616,2.1081%,2.2436%,11.7106%,-0.017538,HAIN,80167.0,2019-02-22,252.0,-2.4876%,-0.0025,0.7484,0.4357,0.3128,2.1108%,2.2451%,11.6065%,-0.0282629999999999,HAIN,-0.1011659999999999,-0.0468329999999999,0.015725,-0.0197369999999999,-0.0255079999999999
36539,HAIN CELESTIAL GROUP INC,"Hain Celestial Group Q2 EPS $0.14 Misses $0.26 Estimate, Sales $584.2M Miss $613.15M Estimate",6,decrease,0.8,0.7,"the company's earnings and sales both missed analyst estimates, which typically leads to a negative reaction in stock prices.",0,2019-02-07,HAIN,2019-02-07 12:31:00+00:00,80167.0,40521710,-0.092186689376831,10159523.0,-0.0148606672883033,0.0090755391865968,0.0584538206458091,-0.0334430150687694,0.0718526765704155,0.0027487210463732,-0.0144043397158384,-0.0076377191580832,-0.01911186799407,0.0149501916021108,0.0177650116384029,0.0,0.0090089999139308,-0.0082372119650244,0.0312499701976776,0.0122289778664708,-0.0211038626730442,0.0055897366255521,-0.0248756632208824,-0.015410054475069,-0.0232426226139068,0.0022063385695219,0.0063842493109405,-0.0231681205332279,0.0247981715947389,0.011444091796875,0.1069217547774315,0.0177481807768344,-0.0213523171842098,-0.0082508036866784,0.0171428527683019,0.021922392770648,0.0393258668482303,-0.0011228832881897,0.0196560006588697,-0.0061384267173707,0.0390361174941062,0.0011173440143466,-0.0027829066384583,0.0193621963262558,0.0181395057588815,0.006880672648549,0.0009136801236309,0.0234741549938917,0.0241898987442255,0.0333536192774772,-0.0178252942860126,0.0166461449116468,0.0231396686285734,0.0226985923945903,0.0079822754487395,0.0192801561206579,-0.0008799145580269,-0.0051150843501091,-0.0110083669424057,-0.0094996588304638,0.0347284376621246,0.0193673465400934,0.0021515123080462,-0.0019330339273437,0.0072991913184523,-0.0275688953697681,0.011508971452713,-0.0178461521863937,-0.0037926740478724,-0.0429917275905609,-0.0114212585613131,0.0095124766230583,-0.0106974747031927,-0.0883469358086586,-0.0173011031001806,-0.0390625,-0.0294894408434629,0.0041840961202979,-0.0331065580248832,0.0170213617384433,0.0243902653455734,-0.0198123604059219,-0.0009157718741334,-0.0062175616621971,0.0032080521341413,-0.0311245396733284,-0.0054819067008793,-0.0128840543329715,0.0179145336151123,-0.0251207947731018,0.0072202095761895,0.0,-0.0112007167190313,-0.0057636373676359,0.0285455863922834,0.0019248799653723,-0.004405302926898,-0.0128265349194407,-0.0044247955083847,-0.0168146006762981,-0.0053333705291152,-0.0522355139255523,-0.0142984678968787,0.0044464375823736,-0.0022665113210678,0.0035698316060006,-0.0072694160044193,-0.0053262687288224,-0.0132723525166511,-0.0066137397661805,0.0162337850779295,0.0048737535253167,0.0031948743853718,0.0102954134345054,-0.0072793378494679,0.0117753725498914,-0.0032080521341413,-0.0234409850090742,0.0119540337473154,0.0166367292404174,0.0213538985699415,-0.0119946897029876,0.022686842828989,-0.1385380476713181,-0.0148606672883033,0.0090755391865968,0.0427244905771582,-0.0246709892759471,0.11764703615065,-0.0219900818970315,0.0804954272841036,-0.0149500857402106,0.0922600499029904,-0.0209135475088368,0.4421053505097845,0.1462629179796519,0.4235294297492418,-0.3191733051015769,2019-02-08,2019-02-11,2019-02-12,2019-02-13,2019-02-14,2019-02-15,2019-02-19,2019-02-20,2019-02-21,2019-02-22,80167.0,2019-02-07,252.0,-9.2187%,-0.0031,0.6677,0.3631,0.1485,2.0580%,2.1800%,10.8762%,-0.086448,HAIN,80167.0,2019-02-08,252.0,-1.4861%,-0.0029,0.6685,0.4049,0.1795,2.0415%,2.1644%,11.0282%,-0.014718,HAIN,80167.0,2019-02-11,252.0,5.8454%,-0.0028,0.6971,0.4553,0.2218,2.0712%,2.1980%,11.2128%,0.054333,HAIN,80167.0,2019-02-12,252.0,7.1853%,-0.0024,0.7449,0.4418,0.2486,2.1062%,2.2453%,12.0064%,0.062558,HAIN,80167.0,2019-02-13,252.0,-1.4404%,-0.0024,0.7521,0.4237,0.2418,2.1042%,2.2450%,12.1540%,-0.017029,HAIN,80167.0,2019-02-14,252.0,-1.9112%,-0.0025,0.7558,0.4149,0.2517,2.1066%,2.2474%,12.1423%,-0.0184329999999999,HAIN,80167.0,2019-02-15,252.0,1.7765%,-0.0025,0.7417,0.4032,0.2301,2.1017%,2.2381%,11.8176%,0.00688,HAIN,80167.0,2019-02-19,252.0,0.9009%,-0.0025,0.7401,0.4128,0.241,2.1013%,2.2366%,11.7333%,0.0056399999999999,HAIN,80167.0,2019-02-20,252.0,3.1250%,-0.0025,0.747,0.4216,0.2639,2.1077%,2.2441%,11.7872%,0.02751,HAIN,80167.0,2019-02-21,252.0,-2.1104%,-0.0025,0.7457,0.4156,0.2616,2.1081%,2.2436%,11.7106%,-0.017538,HAIN,80167.0,2019-02-22,252.0,-2.4876%,-0.0025,0.7484,0.4357,0.3128,2.1108%,2.2451%,11.6065%,-0.0282629999999999,HAIN,-0.1011659999999999,-0.0468329999999999,0.015725,-0.0197369999999999,-0.0255079999999999
36547,HAIN CELESTIAL GROUP INC,Hain Celestial Shares Halted News Pending,6,uncertain,0.7,0.5,"the halting of shares typically indicates that significant news is forthcoming, which could lead to either an increase or decrease in stock price depending on the nature of the news.",1,2019-02-07,HAIN,2019-02-07 12:25:00+00:00,80167.0,40521710,-0.092186689376831,10159523.0,-0.0148606672883033,0.0090755391865968,0.0584538206458091,-0.0334430150687694,0.0718526765704155,0.0027487210463732,-0.0144043397158384,-0.0076377191580832,-0.01911186799407,0.0149501916021108,0.0177650116384029,0.0,0.0090089999139308,-0.0082372119650244,0.0312499701976776,0.0122289778664708,-0.0211038626730442,0.0055897366255521,-0.0248756632208824,-0.015410054475069,-0.0232426226139068,0.0022063385695219,0.0063842493109405,-0.0231681205332279,0.0247981715947389,0.011444091796875,0.1069217547774315,0.0177481807768344,-0.0213523171842098,-0.0082508036866784,0.0171428527683019,0.021922392770648,0.0393258668482303,-0.0011228832881897,0.0196560006588697,-0.0061384267173707,0.0390361174941062,0.0011173440143466,-0.0027829066384583,0.0193621963262558,0.0181395057588815,0.006880672648549,0.0009136801236309,0.0234741549938917,0.0241898987442255,0.0333536192774772,-0.0178252942860126,0.0166461449116468,0.0231396686285734,0.0226985923945903,0.0079822754487395,0.0192801561206579,-0.0008799145580269,-0.0051150843501091,-0.0110083669424057,-0.0094996588304638,0.0347284376621246,0.0193673465400934,0.0021515123080462,-0.0019330339273437,0.0072991913184523,-0.0275688953697681,0.011508971452713,-0.0178461521863937,-0.0037926740478724,-0.0429917275905609,-0.0114212585613131,0.0095124766230583,-0.0106974747031927,-0.0883469358086586,-0.0173011031001806,-0.0390625,-0.0294894408434629,0.0041840961202979,-0.0331065580248832,0.0170213617384433,0.0243902653455734,-0.0198123604059219,-0.0009157718741334,-0.0062175616621971,0.0032080521341413,-0.0311245396733284,-0.0054819067008793,-0.0128840543329715,0.0179145336151123,-0.0251207947731018,0.0072202095761895,0.0,-0.0112007167190313,-0.0057636373676359,0.0285455863922834,0.0019248799653723,-0.004405302926898,-0.0128265349194407,-0.0044247955083847,-0.0168146006762981,-0.0053333705291152,-0.0522355139255523,-0.0142984678968787,0.0044464375823736,-0.0022665113210678,0.0035698316060006,-0.0072694160044193,-0.0053262687288224,-0.0132723525166511,-0.0066137397661805,0.0162337850779295,0.0048737535253167,0.0031948743853718,0.0102954134345054,-0.0072793378494679,0.0117753725498914,-0.0032080521341413,-0.0234409850090742,0.0119540337473154,0.0166367292404174,0.0213538985699415,-0.0119946897029876,0.022686842828989,-0.1385380476713181,-0.0148606672883033,0.0090755391865968,0.0427244905771582,-0.0246709892759471,0.11764703615065,-0.0219900818970315,0.0804954272841036,-0.0149500857402106,0.0922600499029904,-0.0209135475088368,0.4421053505097845,0.1462629179796519,0.4235294297492418,-0.3191733051015769,2019-02-08,2019-02-11,2019-02-12,2019-02-13,2019-02-14,2019-02-15,2019-02-19,2019-02-20,2019-02-21,2019-02-22,80167.0,2019-02-07,252.0,-9.2187%,-0.0031,0.6677,0.3631,0.1485,2.0580%,2.1800%,10.8762%,-0.086448,HAIN,80167.0,2019-02-08,252.0,-1.4861%,-0.0029,0.6685,0.4049,0.1795,2.0415%,2.1644%,11.0282%,-0.014718,HAIN,80167.0,2019-02-11,252.0,5.8454%,-0.0028,0.6971,0.4553,0.2218,2.0712%,2.1980%,11.2128%,0.054333,HAIN,80167.0,2019-02-12,252.0,7.1853%,-0.0024,0.7449,0.4418,0.2486,2.1062%,2.2453%,12.0064%,0.062558,HAIN,80167.0,2019-02-13,252.0,-1.4404%,-0.0024,0.7521,0.4237,0.2418,2.1042%,2.2450%,12.1540%,-0.017029,HAIN,80167.0,2019-02-14,252.0,-1.9112%,-0.0025,0.7558,0.4149,0.2517,2.1066%,2.2474%,12.1423%,-0.0184329999999999,HAIN,80167.0,2019-02-15,252.0,1.7765%,-0.0025,0.7417,0.4032,0.2301,2.1017%,2.2381%,11.8176%,0.00688,HAIN,80167.0,2019-02-19,252.0,0.9009%,-0.0025,0.7401,0.4128,0.241,2.1013%,2.2366%,11.7333%,0.0056399999999999,HAIN,80167.0,2019-02-20,252.0,3.1250%,-0.0025,0.747,0.4216,0.2639,2.1077%,2.2441%,11.7872%,0.02751,HAIN,80167.0,2019-02-21,252.0,-2.1104%,-0.0025,0.7457,0.4156,0.2616,2.1081%,2.2436%,11.7106%,-0.017538,HAIN,80167.0,2019-02-22,252.0,-2.4876%,-0.0025,0.7484,0.4357,0.3128,2.1108%,2.2451%,11.6065%,-0.0282629999999999,HAIN,-0.1011659999999999,-0.0468329999999999,0.015725,-0.0197369999999999,-0.0255079999999999
36555,HANESBRANDS INC,"Hanesbrands Earlier Reported Q4 EPS $0.48 Beats $0.46 Estimate, Sales $1.768B Beat $1.71B Estimate",6,increase,0.8,0.6,"the company reported better-than-expected earnings and sales, which typically leads to positive investor sentiment and an increase in stock price.",2,2019-02-07,HBI,2019-02-07 13:31:00+00:00,91416.0,41034510,0.201669842004776,29578024.0,-0.0464991442859172,-0.0019231209298595,0.0308295525610446,0.0149642480537295,0.011419303715229,0.0118499221280217,0.0118279196321964,0.0133422156795859,-0.0058448784984648,0.0026755826547741,0.0112240184098482,-0.0183847490698099,0.0010655544465407,-0.0084635494276881,0.0090472679585218,0.0105263059958815,0.0094936871901154,0.0333106555044651,-0.000522478017956,-0.0060810912400484,-0.0047045610845088,0.0150891812518239,-0.0183823723345994,-0.0175202302634716,0.0048154173418879,0.0363128818571567,-0.0101171741262078,0.0369297079741954,-0.0037654489278793,0.0021771180909127,-0.0053995884954929,-0.0021723886020481,0.0054289023391902,0.0080292420461773,-0.0134989200159907,0.0058737094514071,0.0032840429339557,-0.014471766538918,-0.0021821607369929,0.0050908867269754,-0.021869957447052,0.0330578200519084,-0.0083845509216189,0.0317830070853233,-0.0028184463735669,0.0303513687103986,0.003391716396436,-0.0118389595299959,-0.0067606107331812,0.0111732119694352,0.0011344560189172,0.0278917271643877,0.0113314883783459,-0.0081367278471589,-0.0140056023374199,-0.0080710556358098,0.01022728998214,0.0662650987505912,-0.0483689866960048,-0.0227081961929798,-0.0017730902181938,-0.0165425818413496,0.0130255315452814,-0.0024752255994826,0.0035066897980868,-0.0509005896747112,0.0320325717329978,-0.0154201854020357,0.0090293372049927,-0.0442151390016078,0.0167785882949829,-0.0166667029261589,-0.0148515105247497,-0.066305786371231,-0.0044667739421129,-0.0067204558290541,0.0314077101647853,-0.0046822540462017,0.0038064001128077,-0.0138522451743483,-0.0065004839561879,-0.0343949012458324,-0.0196292586624622,0.0161812305450439,0.0022247449960559,-0.0439356453716754,0.0166481267660856,0.0157133881002664,0.0109170721843838,0.0159642398357391,-0.0016199074452742,-0.0107391076162457,0.0140616679564118,0.0180064141750335,0.0031999715138226,-0.0082908235490322,0.0042530531063675,0.0241672024130821,-0.013763909228146,-0.0260814148932695,0.0101986331865191,0.0657627284526825,0.00743886269629,-0.0120562827214598,-0.011603339575231,0.0013414123095571,0.002134520560503,-0.048500332981348,-0.0117146549746394,-0.0119797969236969,-0.026400851085782,0.0044331662356853,0.0038738071452826,-0.0235003158450126,-0.0501653738319873,-0.0235506892204284,0.0342426113784313,2.3185529940406013e-08,-0.0011223601177334,-0.0118273664265871,-0.0464991442859172,-0.0019231209298595,-0.0171031395376788,0.0130123490652382,-0.0058791417673145,0.0250164665163856,-2.0924910693054244e-09,0.0414715648101382,0.0306187592143414,0.0520269919686093,-0.0884437942626182,0.309503715849805,-0.0410342945096243,-0.0709028699605841,2019-02-08,2019-02-11,2019-02-12,2019-02-13,2019-02-14,2019-02-15,2019-02-19,2019-02-20,2019-02-21,2019-02-22,91416.0,2019-02-07,252.0,20.1670%,0.0001,1.1614,0.8771,0.9275,2.5253%,2.7921%,18.1986%,0.210725,HBI,91416.0,2019-02-08,252.0,-4.6499%,-0.0001,1.1689,0.875,0.9579,2.5375%,2.8057%,18.2012%,-0.041683,HBI,91416.0,2019-02-11,252.0,3.0830%,0.0003,1.0694,0.9984,0.9725,2.4897%,2.7273%,16.6605%,0.021115,HBI,91416.0,2019-02-12,252.0,1.1419%,0.0004,1.0839,0.9783,0.9835,2.4841%,2.7263%,16.9761%,-0.001771,HBI,91416.0,2019-02-13,252.0,1.1828%,0.0004,1.0782,0.9907,0.9874,2.4828%,2.7237%,16.9064%,0.007418,HBI,91416.0,2019-02-14,252.0,-0.5845%,0.0003,1.0784,0.9884,0.9909,2.4821%,2.7229%,16.9077%,-0.003105,HBI,91416.0,2019-02-15,252.0,1.1224%,0.0001,1.0422,0.955,0.9309,2.4715%,2.6968%,16.0147%,-0.008289,HBI,91416.0,2019-02-19,252.0,0.1066%,0.0002,1.0488,0.9396,0.913,2.4666%,2.6939%,16.1666%,-0.0065769999999999,HBI,91416.0,2019-02-20,252.0,0.9047%,0.0002,1.0496,0.9454,0.9169,2.4659%,2.6944%,16.2426%,-0.000134,HBI,91416.0,2019-02-21,252.0,0.9494%,0.0003,1.0403,0.93,0.8997,2.4659%,2.6894%,15.9291%,0.016048,HBI,91416.0,2019-02-22,252.0,-0.0522%,0.0004,1.0401,0.9353,0.9015,2.4658%,2.6894%,15.9370%,0.000726,HBI,0.169042,0.190157,0.188386,0.192699,0.194473
36563,HANESBRANDS INC,HanesBrands shares are trading higher after the company reported Q4 EPS of $0.48 versus the $0.46 estimate and sales of $1.77B versus the $1.71B estimate.,6,increase,0.8,0.6,"the company exceeded both eps and sales estimates, which typically boosts investor confidence and can lead to a higher stock price.",2,2019-02-07,HBI,2019-02-07 13:28:00+00:00,91416.0,41034510,0.201669842004776,29578024.0,-0.0464991442859172,-0.0019231209298595,0.0308295525610446,0.0149642480537295,0.011419303715229,0.0118499221280217,0.0118279196321964,0.0133422156795859,-0.0058448784984648,0.0026755826547741,0.0112240184098482,-0.0183847490698099,0.0010655544465407,-0.0084635494276881,0.0090472679585218,0.0105263059958815,0.0094936871901154,0.0333106555044651,-0.000522478017956,-0.0060810912400484,-0.0047045610845088,0.0150891812518239,-0.0183823723345994,-0.0175202302634716,0.0048154173418879,0.0363128818571567,-0.0101171741262078,0.0369297079741954,-0.0037654489278793,0.0021771180909127,-0.0053995884954929,-0.0021723886020481,0.0054289023391902,0.0080292420461773,-0.0134989200159907,0.0058737094514071,0.0032840429339557,-0.014471766538918,-0.0021821607369929,0.0050908867269754,-0.021869957447052,0.0330578200519084,-0.0083845509216189,0.0317830070853233,-0.0028184463735669,0.0303513687103986,0.003391716396436,-0.0118389595299959,-0.0067606107331812,0.0111732119694352,0.0011344560189172,0.0278917271643877,0.0113314883783459,-0.0081367278471589,-0.0140056023374199,-0.0080710556358098,0.01022728998214,0.0662650987505912,-0.0483689866960048,-0.0227081961929798,-0.0017730902181938,-0.0165425818413496,0.0130255315452814,-0.0024752255994826,0.0035066897980868,-0.0509005896747112,0.0320325717329978,-0.0154201854020357,0.0090293372049927,-0.0442151390016078,0.0167785882949829,-0.0166667029261589,-0.0148515105247497,-0.066305786371231,-0.0044667739421129,-0.0067204558290541,0.0314077101647853,-0.0046822540462017,0.0038064001128077,-0.0138522451743483,-0.0065004839561879,-0.0343949012458324,-0.0196292586624622,0.0161812305450439,0.0022247449960559,-0.0439356453716754,0.0166481267660856,0.0157133881002664,0.0109170721843838,0.0159642398357391,-0.0016199074452742,-0.0107391076162457,0.0140616679564118,0.0180064141750335,0.0031999715138226,-0.0082908235490322,0.0042530531063675,0.0241672024130821,-0.013763909228146,-0.0260814148932695,0.0101986331865191,0.0657627284526825,0.00743886269629,-0.0120562827214598,-0.011603339575231,0.0013414123095571,0.002134520560503,-0.048500332981348,-0.0117146549746394,-0.0119797969236969,-0.026400851085782,0.0044331662356853,0.0038738071452826,-0.0235003158450126,-0.0501653738319873,-0.0235506892204284,0.0342426113784313,2.3185529940406013e-08,-0.0011223601177334,-0.0118273664265871,-0.0464991442859172,-0.0019231209298595,-0.0171031395376788,0.0130123490652382,-0.0058791417673145,0.0250164665163856,-2.0924910693054244e-09,0.0414715648101382,0.0306187592143414,0.0520269919686093,-0.0884437942626182,0.309503715849805,-0.0410342945096243,-0.0709028699605841,2019-02-08,2019-02-11,2019-02-12,2019-02-13,2019-02-14,2019-02-15,2019-02-19,2019-02-20,2019-02-21,2019-02-22,91416.0,2019-02-07,252.0,20.1670%,0.0001,1.1614,0.8771,0.9275,2.5253%,2.7921%,18.1986%,0.210725,HBI,91416.0,2019-02-08,252.0,-4.6499%,-0.0001,1.1689,0.875,0.9579,2.5375%,2.8057%,18.2012%,-0.041683,HBI,91416.0,2019-02-11,252.0,3.0830%,0.0003,1.0694,0.9984,0.9725,2.4897%,2.7273%,16.6605%,0.021115,HBI,91416.0,2019-02-12,252.0,1.1419%,0.0004,1.0839,0.9783,0.9835,2.4841%,2.7263%,16.9761%,-0.001771,HBI,91416.0,2019-02-13,252.0,1.1828%,0.0004,1.0782,0.9907,0.9874,2.4828%,2.7237%,16.9064%,0.007418,HBI,91416.0,2019-02-14,252.0,-0.5845%,0.0003,1.0784,0.9884,0.9909,2.4821%,2.7229%,16.9077%,-0.003105,HBI,91416.0,2019-02-15,252.0,1.1224%,0.0001,1.0422,0.955,0.9309,2.4715%,2.6968%,16.0147%,-0.008289,HBI,91416.0,2019-02-19,252.0,0.1066%,0.0002,1.0488,0.9396,0.913,2.4666%,2.6939%,16.1666%,-0.0065769999999999,HBI,91416.0,2019-02-20,252.0,0.9047%,0.0002,1.0496,0.9454,0.9169,2.4659%,2.6944%,16.2426%,-0.000134,HBI,91416.0,2019-02-21,252.0,0.9494%,0.0003,1.0403,0.93,0.8997,2.4659%,2.6894%,15.9291%,0.016048,HBI,91416.0,2019-02-22,252.0,-0.0522%,0.0004,1.0401,0.9353,0.9015,2.4658%,2.6894%,15.9370%,0.000726,HBI,0.169042,0.190157,0.188386,0.192699,0.194473
36571,TURTLE BEACH CORP,Turtle Beach Raises Q4 Sales Guidance From ~$94M To $109M-$111M vs $94.2M Estimate; Raises FY18 Sales Guidance From ~$270M To $285M-$287M vs $270.3M Est.,6,increase,0.85,0.7,"the upward revision of sales guidance for both q4 and fy18 indicates strong performance expectations, which is likely to positively influence investor sentiment and drive the stock price higher.",2,2019-02-07,HEAR,2019-02-07 12:25:00+00:00,13328.0,90045020,-0.0106117399409413,3579307.0,0.008201839402318,-0.0349397547543048,-0.0143929626792669,0.0702772513031959,0.0793650820851326,0.0190538745373487,-0.0005882487748749,0.0221625193953514,0.048263669013977,0.0254820846021175,-0.0168444272130727,0.023977443575859,-0.0411193221807479,-0.0300957299768924,-0.0589637085795402,-0.0394218377768993,0.0050632860511541,0.0092838425189256,-0.0264483671635389,-0.0072415838949382,0.0478655062615871,0.0079628322273492,0.0,-0.1008353531360626,-0.008024756796658,0.0883117318153381,-0.0423148311674594,-0.0045249285176396,-0.0201429761946201,-0.0313087031245231,0.0583554469048976,-0.0123685719445347,0.0043860054574906,-0.00369682488963,-0.011228964664042,-0.0139732416719198,-0.0227129720151424,0.0061123757623136,-0.0032279014121741,0.036098837852478,0.0356217734515667,-0.0018963168840855,-0.0287679824978113,0.0239482130855321,0.0264005064964294,0.0766550078988075,0.0194479562342166,-0.048408456146717,-0.1803077161312103,0.0567624010145664,-0.0645645409822464,0.0214746017009019,-0.0024076832924038,-0.0424948520958423,-0.0321802534162998,0.0013727149926126,-0.002493743551895,0.0979652777314186,-0.0625,-0.0320933312177658,0.0080000134184956,-0.0896414592862129,-0.0537919402122497,0.0019960536155849,0.0456664264202117,0.0337001234292984,0.0401069335639476,-0.0762388706207275,-0.0265638753771781,-0.0454821102321147,0.0651409104466438,0.0061013046652078,0.0355371348559856,-0.0531484745442867,-0.0119712390005588,-0.0097254049032926,-0.0525040850043296,-0.0196298584342002,0.023017942905426,0.0556542687118053,-0.011666695587337,-0.0387023501098156,0.0126476036384701,0.0994993895292282,0.0383014194667339,-0.0600000284612178,-0.0489174500107765,0.0500308498740196,0.0286678038537502,-0.0801136270165443,-0.0172131173312664,-0.0073321582749485,0.010008331388235,0.0784670934081077,-0.0297274701297283,0.0830039680004119,-0.0161701776087284,0.0468965731561183,-0.0441176667809486,-0.018280329182744,-0.0018099962035194,0.058022953569889,0.0135993268340826,-0.0496936403214931,-0.0322004109621048,-0.0316414311528205,-0.0110905626788735,0.0053015192970633,0.0056075160391628,0.1046852394938469,-0.0483271777629852,-0.0899400636553764,0.0390625558793544,-0.0176701247692108,0.0253758933395147,-0.0926366001367569,0.0238313693553209,-0.0501973740756511,-0.0161146204918623,-0.0614081472158432,0.008201839402318,-0.0349397547543048,-0.0063091720453678,0.0328820266235507,0.072555182082495,0.0525624311707184,0.1236592501563569,0.1033057830662143,-0.0246056965766544,0.0546412730391767,-0.2902208379113646,0.1684901913330503,-0.3066246374554454,-0.1519321702913125,2019-02-08,2019-02-11,2019-02-12,2019-02-13,2019-02-14,2019-02-15,2019-02-19,2019-02-20,2019-02-21,2019-02-22,13328.0,2019-02-07,252.0,-1.0612%,0.011,1.6125,0.5016,-0.0393,7.5837%,7.7934%,5.3079%,0.005019,HEAR,13328.0,2019-02-08,252.0,0.8202%,0.0111,1.6127,0.5223,-0.0246,7.5826%,7.7918%,5.2979%,0.006129,HEAR,13328.0,2019-02-11,252.0,-1.4393%,0.0108,1.655,0.4398,-0.047,7.5814%,7.7925%,5.3461%,-0.020141,HEAR,13328.0,2019-02-12,252.0,7.9365%,0.0113,1.7237,0.3855,-0.0022,7.5714%,7.7962%,5.6832%,0.056589,HEAR,13328.0,2019-02-13,252.0,-0.0588%,0.0113,1.7301,0.3678,-0.0095,7.5712%,7.7966%,5.6987%,-0.005744,HEAR,13328.0,2019-02-14,252.0,4.8264%,0.0111,1.7162,0.3861,-0.0213,7.5609%,7.7841%,5.6542%,0.049829,HEAR,13328.0,2019-02-15,252.0,-1.6844%,0.0113,1.7536,0.4144,0.0325,7.5485%,7.7779%,5.8112%,-0.0372,HEAR,13328.0,2019-02-19,252.0,-4.1119%,0.0111,1.7433,0.3775,-0.0083,7.5570%,7.7844%,5.7561%,-0.0458509999999999,HEAR,13328.0,2019-02-20,252.0,-5.8964%,0.0108,1.7239,0.3401,-0.0758,7.5710%,7.7967%,5.7066%,-0.063161,HEAR,13328.0,2019-02-21,252.0,0.5063%,0.0108,1.7194,0.3311,-0.084,7.5706%,7.7953%,5.6827%,0.011405,HEAR,13328.0,2019-02-22,252.0,-2.6448%,0.0108,1.7257,0.3512,0.0094,7.5760%,7.7969%,5.5857%,-0.04078,HEAR,0.011148,-0.008993,0.047596,0.091681,-0.083906
36579,HEALTHEQUITY INC,SunTrust Robinson Humphrey Upgrades HealthEquity to Buy,6,increase,0.8,0.6,"upgrades from analysts typically signal positive sentiment and can lead to increased investor interest, likely resulting in a rise in stock price.",2,2019-02-07,HQY,2019-02-07 12:07:00+00:00,14803.0,42226A10,0.0860797837376594,2484113.0,-0.0070665720850229,0.022150358185172,0.011861546896398,0.014513112604618,0.0053785596974194,0.006913929246366,0.0275720451027154,0.0208533722907304,0.0116138709709048,-0.0143873495981097,0.0174188409000635,0.0228007733821868,0.0083009004592895,-0.0218285508453846,0.0291999522596597,-0.0158779062330722,-0.0079989926889538,0.0258703120052814,0.0128511609509587,0.023369837552309,0.0151760326698422,0.0120740914717316,-0.0268349759280681,-0.0124142784625291,0.0207756422460079,0.052251648157835,-0.0072776162996888,0.0037957422900944,0.0347911939024925,0.0272953025996685,-0.0531940497457981,0.0089413449168205,0.0065948544070124,0.0073860539123415,-0.0469951257109642,-0.0092807505279779,-0.0076679247431457,0.040289606899023,-0.0029310048557817,0.0189178958535194,0.0428915955126285,-0.0117779215797781,0.0208840128034353,-0.0777585953474044,0.0131777487695217,0.0564662739634513,0.0120152803137898,-0.0712231248617172,0.005630437284708,-0.0090528232976794,0.0086416630074381,0.0268549043685197,0.0197900254279375,-0.0061591207049787,-0.057744700461626,0.000856151280459,0.0389301292598247,0.0737268254160881,-0.1081832945346832,-0.0169890187680721,-0.0028462875634431,-0.058533240109682,0.0005437123472802,-0.038606259971857,-0.0131775736808776,-0.0132364761084318,0.0028909565880894,0.0389065854251384,0.0155113916844129,-0.039619892835617,0.0043254890479147,-0.0552343428134918,0.0020187601912766,-0.0569665804505348,0.0073875496163964,0.0280277542769908,0.0151999918743968,0.0017733522690832,0.02088263630867,-0.0103831402957439,-0.0074617499485611,-0.076320432126522,-0.0016850924585014,-0.1144736856222153,0.0166191440075635,-0.068108357489109,-0.0306513588875532,0.0115006947889924,-0.0284585449844598,0.0160385090857744,0.0183075461536645,0.0257344599813222,-0.0561991445720195,0.0570115037262439,-0.1168336719274521,-0.0014882192481309,0.0335517227649688,0.0420005172491073,0.0214870814234018,0.0091288071125745,0.0444914475083351,0.0056393481791019,0.0226022209972143,-0.0018326926510781,-0.0144517458975315,-0.104454904794693,0.0435594990849494,0.0088704908266663,0.0046838955022394,0.0018960026791319,-0.0710270181298255,-0.051691185683012,0.023173427209258,-0.0257280338555574,0.0025966577231884,-0.0586416833102703,0.0253237709403038,-0.0179150216281414,-0.0134717803448438,-0.0163281504064798,-0.0070665720850229,0.022150358185172,0.0047111543351918,0.0369849414323641,0.0101150532574467,0.0441545819469746,0.0500207941572068,0.0505928369432626,0.1138977618571592,0.0859617331493878,0.0223084554236323,0.2009758665216714,-0.0259109724103852,-0.3384110435904119,2019-02-08,2019-02-11,2019-02-12,2019-02-13,2019-02-14,2019-02-15,2019-02-19,2019-02-20,2019-02-21,2019-02-22,14803.0,2019-02-07,252.0,8.6080%,0.0013,1.3628,0.634,-0.4874,2.3283%,2.8768%,34.5007%,0.101742,HQY,14803.0,2019-02-08,252.0,-0.7067%,0.0014,1.3644,0.6629,-0.462,2.3230%,2.8706%,34.5139%,-0.012073,HQY,14803.0,2019-02-11,252.0,1.1862%,0.0011,1.4545,0.5842,-0.4573,2.2820%,2.8687%,36.7212%,0.006539,HQY,14803.0,2019-02-12,252.0,0.5379%,0.0011,1.4522,0.575,-0.4568,2.2833%,2.8686%,36.6468%,-0.015396,HQY,14803.0,2019-02-13,252.0,2.7572%,0.0012,1.4524,0.5837,-0.4498,2.2872%,2.8690%,36.4466%,0.023381,HQY,14803.0,2019-02-14,252.0,1.1614%,0.0012,1.4502,0.5877,-0.4535,2.2874%,2.8687%,36.4237%,0.00892,HQY,14803.0,2019-02-15,252.0,1.7419%,0.0012,1.4486,0.5863,-0.456,2.2873%,2.8667%,36.3361%,0.0016389999999999,HQY,14803.0,2019-02-19,252.0,0.8301%,0.0013,1.4558,0.5796,-0.4641,2.2838%,2.8670%,36.5464%,0.005116,HQY,14803.0,2019-02-20,252.0,2.9200%,0.0014,1.4632,0.5961,-0.4379,2.2897%,2.8721%,36.4439%,0.027611,HQY,14803.0,2019-02-21,252.0,-0.7999%,0.0013,1.4744,0.618,-0.4173,2.2830%,2.8707%,36.7544%,-0.003275,HQY,14803.0,2019-02-22,252.0,1.2851%,0.0012,1.4763,0.5956,-0.4151,2.2814%,2.8705%,36.8317%,-0.006366,HQY,0.089669,0.096208,0.080812,0.113113,0.137838
36587,HUB GROUP INC,Hub Group Sees FY19 EPS $3.10-$3.30 vs $3.20 Est.,6,uncertain,0.6,0.2,"the guidance for fy19 eps is within the expected range, which may not significantly sway investor sentiment either way.",1,2019-02-07,HUBG,2019-02-07 21:54:00+00:00,83272.0,44332010,0.0077553391456604,276430.0,-0.0164907649159431,-0.0092205964028835,-0.0194500107318162,-0.0021906306501477,0.0246237572282552,0.0219387374818325,0.0071205985732376,0.0035946944262832,0.0028723170980811,-0.0004491457075346,0.007490640040487,0.0051918635144829,0.012464459054172,0.0061321933753788,-0.0006479218136519,-0.0015872947406023,-0.0038902161177247,0.0189463887363672,-0.0295074991881847,0.0039433580823242,-0.0064833648502826,-0.0116918459534645,-0.0216021407395601,-0.0056986552663147,-0.0195491835474968,0.0425379537045955,0.0082101449370384,0.0351783595979213,0.0058166589587926,-0.0031877700239419,-0.0326162353157997,-0.0116335330531001,-0.005021499004215,-0.0074573340825736,-0.0228310674428939,0.0106977540999651,0.0145105794072151,0.0066079404205083,0.0169697161763906,0.0294785089790821,0.0400476828217506,0.0403668954968452,-0.0041256085969507,0.0291341207921505,0.010586860589683,0.0308676492422819,-0.0143475532531738,-0.0333333760499954,-0.0110905626788735,0.0035069077275693,0.0074766282923519,0.0081588039174675,-0.0322356075048446,0.0005442301626317,-0.0167745221406221,0.0082304319366812,0.0043870415538549,0.0577481649816036,-0.0356708914041519,-0.0159909017384052,0.0005031867767684,-0.0190476272255182,0.0135815124958753,-0.0083333123475313,0.001736965146847,-0.0153173236176371,0.0213029626756906,0.0206588972359895,-0.0092166159301996,-0.0226467065513134,0.0411260798573494,-0.0147849256172776,-0.0065835593268275,-0.0743965655565261,0.0028402113821357,-0.0130157805979251,0.0101486975327134,0.0084200138226151,0.0063084219582378,0.0022338086273521,-0.0018573952838778,-0.0450343154370784,-0.01442202180624,0.0492414720356464,0.0,-0.1010507568717003,0.015813123434782,0.0065256734378635,0.0144051797688007,0.0049750655889511,-0.0190104898065328,-0.009852185845375,0.0046695526689291,0.0505763739347457,0.0334650836884975,-0.0323241986334323,-0.0042725978419184,0.0054932865314185,-0.0090333726257085,0.0029843260999768,-0.0072926091961562,0.0189474001526832,0.0351239368319511,-0.053365807980299,-0.0683078691363334,-0.0122484983876347,0.009759577922523,-0.0088879214599728,-0.0082507897168397,0.0039173080585896,-0.0118849538266658,0.008781592361629,0.0175607297569513,-0.0074090249836444,0.0794326364994049,-0.0143900765106082,0.0260621681809425,-0.0392075479030609,-0.0091782351955771,0.0,-0.0164907649159431,-0.0092205964028835,-0.0356200300931685,-0.0113910281319384,-0.0118733718383905,0.0102978045740591,-0.0019788959950836,0.0134741143709866,-0.0164907666173788,0.0468568879491642,-0.1262092763667864,0.2886921991092293,0.0206683938905847,-0.0687164181893538,2019-02-08,2019-02-11,2019-02-12,2019-02-13,2019-02-14,2019-02-15,2019-02-19,2019-02-20,2019-02-21,2019-02-22,83272.0,2019-02-07,252.0,0.7755%,0.0001,1.252,1.5057,0.5203,1.6816%,2.2286%,43.0664%,0.019288,HUBG,83272.0,2019-02-08,252.0,-1.6491%,0.0,1.2545,1.5093,0.5336,1.6842%,2.2309%,43.0071%,-0.0148799999999999,HUBG,83272.0,2019-02-11,252.0,-1.9450%,-0.0001,1.2468,1.4726,0.5096,1.6965%,2.2250%,41.8614%,-0.0324949999999999,HUBG,83272.0,2019-02-12,252.0,2.4624%,0.0001,1.2716,1.4468,0.5269,1.6827%,2.2243%,42.7668%,0.008139,HUBG,83272.0,2019-02-13,252.0,0.7121%,0.0,1.2662,1.4569,0.5292,1.6809%,2.2206%,42.6995%,0.002223,HUBG,83272.0,2019-02-14,252.0,0.2872%,-0.0001,1.2637,1.4561,0.534,1.6661%,2.2070%,43.0107%,0.000925,HUBG,83272.0,2019-02-15,252.0,0.7491%,-0.0,1.2772,1.4668,0.5541,1.6596%,2.2075%,43.4801%,-0.013092,HUBG,83272.0,2019-02-19,252.0,1.2464%,0.0,1.2798,1.4668,0.5539,1.6594%,2.2087%,43.5543%,0.004022,HUBG,83272.0,2019-02-20,252.0,-0.0648%,0.0,1.2789,1.4729,0.5529,1.6564%,2.2074%,43.6927%,-0.009453,HUBG,83272.0,2019-02-21,252.0,-0.3890%,0.0002,1.2673,1.45,0.5316,1.6455%,2.1893%,43.5124%,0.003044,HUBG,83272.0,2019-02-22,252.0,-2.9507%,0.0,1.273,1.4377,0.5883,1.6624%,2.1965%,42.7179%,-0.038005,HUBG,0.004408,-0.0280869999999999,-0.0199479999999999,-0.0167999999999999,-0.0702839999999999
36595,HUB GROUP INC,"Hub Group Q4 EPS $1.01 Beats $0.90 Estimate, Sales $1.02B Beat $970.97M Estimate",6,increase,0.85,0.7,"the company's earnings per share and sales both exceeded analyst estimates, which typically signals strong performance and can lead to a positive reaction in the stock price.",2,2019-02-07,HUBG,2019-02-07 21:53:00+00:00,83272.0,44332010,0.0077553391456604,276430.0,-0.0164907649159431,-0.0092205964028835,-0.0194500107318162,-0.0021906306501477,0.0246237572282552,0.0219387374818325,0.0071205985732376,0.0035946944262832,0.0028723170980811,-0.0004491457075346,0.007490640040487,0.0051918635144829,0.012464459054172,0.0061321933753788,-0.0006479218136519,-0.0015872947406023,-0.0038902161177247,0.0189463887363672,-0.0295074991881847,0.0039433580823242,-0.0064833648502826,-0.0116918459534645,-0.0216021407395601,-0.0056986552663147,-0.0195491835474968,0.0425379537045955,0.0082101449370384,0.0351783595979213,0.0058166589587926,-0.0031877700239419,-0.0326162353157997,-0.0116335330531001,-0.005021499004215,-0.0074573340825736,-0.0228310674428939,0.0106977540999651,0.0145105794072151,0.0066079404205083,0.0169697161763906,0.0294785089790821,0.0400476828217506,0.0403668954968452,-0.0041256085969507,0.0291341207921505,0.010586860589683,0.0308676492422819,-0.0143475532531738,-0.0333333760499954,-0.0110905626788735,0.0035069077275693,0.0074766282923519,0.0081588039174675,-0.0322356075048446,0.0005442301626317,-0.0167745221406221,0.0082304319366812,0.0043870415538549,0.0577481649816036,-0.0356708914041519,-0.0159909017384052,0.0005031867767684,-0.0190476272255182,0.0135815124958753,-0.0083333123475313,0.001736965146847,-0.0153173236176371,0.0213029626756906,0.0206588972359895,-0.0092166159301996,-0.0226467065513134,0.0411260798573494,-0.0147849256172776,-0.0065835593268275,-0.0743965655565261,0.0028402113821357,-0.0130157805979251,0.0101486975327134,0.0084200138226151,0.0063084219582378,0.0022338086273521,-0.0018573952838778,-0.0450343154370784,-0.01442202180624,0.0492414720356464,0.0,-0.1010507568717003,0.015813123434782,0.0065256734378635,0.0144051797688007,0.0049750655889511,-0.0190104898065328,-0.009852185845375,0.0046695526689291,0.0505763739347457,0.0334650836884975,-0.0323241986334323,-0.0042725978419184,0.0054932865314185,-0.0090333726257085,0.0029843260999768,-0.0072926091961562,0.0189474001526832,0.0351239368319511,-0.053365807980299,-0.0683078691363334,-0.0122484983876347,0.009759577922523,-0.0088879214599728,-0.0082507897168397,0.0039173080585896,-0.0118849538266658,0.008781592361629,0.0175607297569513,-0.0074090249836444,0.0794326364994049,-0.0143900765106082,0.0260621681809425,-0.0392075479030609,-0.0091782351955771,0.0,-0.0164907649159431,-0.0092205964028835,-0.0356200300931685,-0.0113910281319384,-0.0118733718383905,0.0102978045740591,-0.0019788959950836,0.0134741143709866,-0.0164907666173788,0.0468568879491642,-0.1262092763667864,0.2886921991092293,0.0206683938905847,-0.0687164181893538,2019-02-08,2019-02-11,2019-02-12,2019-02-13,2019-02-14,2019-02-15,2019-02-19,2019-02-20,2019-02-21,2019-02-22,83272.0,2019-02-07,252.0,0.7755%,0.0001,1.252,1.5057,0.5203,1.6816%,2.2286%,43.0664%,0.019288,HUBG,83272.0,2019-02-08,252.0,-1.6491%,0.0,1.2545,1.5093,0.5336,1.6842%,2.2309%,43.0071%,-0.0148799999999999,HUBG,83272.0,2019-02-11,252.0,-1.9450%,-0.0001,1.2468,1.4726,0.5096,1.6965%,2.2250%,41.8614%,-0.0324949999999999,HUBG,83272.0,2019-02-12,252.0,2.4624%,0.0001,1.2716,1.4468,0.5269,1.6827%,2.2243%,42.7668%,0.008139,HUBG,83272.0,2019-02-13,252.0,0.7121%,0.0,1.2662,1.4569,0.5292,1.6809%,2.2206%,42.6995%,0.002223,HUBG,83272.0,2019-02-14,252.0,0.2872%,-0.0001,1.2637,1.4561,0.534,1.6661%,2.2070%,43.0107%,0.000925,HUBG,83272.0,2019-02-15,252.0,0.7491%,-0.0,1.2772,1.4668,0.5541,1.6596%,2.2075%,43.4801%,-0.013092,HUBG,83272.0,2019-02-19,252.0,1.2464%,0.0,1.2798,1.4668,0.5539,1.6594%,2.2087%,43.5543%,0.004022,HUBG,83272.0,2019-02-20,252.0,-0.0648%,0.0,1.2789,1.4729,0.5529,1.6564%,2.2074%,43.6927%,-0.009453,HUBG,83272.0,2019-02-21,252.0,-0.3890%,0.0002,1.2673,1.45,0.5316,1.6455%,2.1893%,43.5124%,0.003044,HUBG,83272.0,2019-02-22,252.0,-2.9507%,0.0,1.273,1.4377,0.5883,1.6624%,2.1965%,42.7179%,-0.038005,HUBG,0.004408,-0.0280869999999999,-0.0199479999999999,-0.0167999999999999,-0.0702839999999999
36603,HUMANA INC,"Citigroup Maintains Buy on Humana, Lowers Price Target to $362",6,uncertain,0.6,0.2,"while maintaining a 'buy' rating suggests positive sentiment, the lowered price target may create uncertainty among investors regarding future performance.",1,2019-02-07,HUM,2019-02-07 12:49:00+00:00,48653.0,44485910,0.0072903609834611,1018675.0,-0.0167121309787035,-0.0054052756167948,-0.0171635206788778,-0.0083343833684921,0.0087485592812299,-0.0011100108968093,0.0101914070546627,-0.0087057910859584,0.0073826336301863,0.0084858369082212,0.0289825908839702,0.0185160804539918,-0.0157911516726017,-0.002685401123017,0.0113949282094836,0.0031595458276569,-0.0042735277675092,0.0004990979214198,0.0068929479457437,0.0041766907088458,-0.0155321545898914,0.0016734721139073,-0.0082657821476459,0.0108945770189166,-0.0475607886910438,0.0156003320589661,-0.0101746451109647,-0.0077736065723001,0.0209794417023658,0.0162503123283386,-0.0459074489772319,0.0231494586914777,-0.0015486301854252,-0.0049035688862204,-0.0185045078396797,0.0307250842452049,-0.01345095038414,-0.0044525284320116,-0.0006333386409096,0.004801248665899,0.0180043131113052,-0.0059657022356987,0.0049432665109634,-0.0001446335954824,0.0312624759972095,0.0256580747663974,-0.0113415233790874,-0.0422244556248188,0.0011436184868216,-0.0170693043619394,0.0072463722899556,0.0148788867518305,0.0159123577177524,-0.005801054649055,-0.0395939648151397,0.0064399964176118,0.0052668345160782,0.0338381640613079,-0.0150310862809419,-0.0046607530675828,-0.0089508527889847,-0.0124059896916151,-0.026835948228836,-0.0183557905256748,-7.602987170685083e-05,-0.0298951473087072,0.0010269341291859,-0.036936916410923,0.0129089327529072,0.0109692551195621,0.0087593477219343,-0.0402240231633186,-0.0223977174609899,0.006376436445862,0.0054894876666367,0.0145390974357724,0.028851930052042,-0.0040674214251339,0.0188304372131824,0.0043137492612004,-0.0105613907799124,-0.0324722193181514,0.0039114174433052,-0.0252720192074775,-0.0296034831553697,-0.0270181410014629,-0.0216135457158088,0.0121710924431681,-0.028495792299509,-0.0024826887529343,0.0027239448390901,0.0042262533679604,-0.0744094252586364,0.0622355341911315,-0.0094002839177846,-0.0125019391998648,0.0334922187030315,0.0249410755932331,0.0079355342313647,0.0026876672636717,0.024113729596138,-0.0069005764089524,0.005795944482088,-0.0102448221296072,0.0078834732994437,-0.0291809234768152,0.0243786200881004,0.0054086386226117,-0.0044961380772292,-0.007490383926779,-0.0055676400661468,-0.0408896431326866,-0.036216277629137,-0.0106026558205485,0.0049561308696866,-0.003835427807644,0.0085697919130325,-0.001884578843601,0.0006011779187247,-0.0406520552933216,-0.0167121309787035,-0.0054052756167948,-0.0335888126519402,-0.0136946093460842,-0.0251341070893819,-0.0147894190772919,-0.00792842587639,-0.0150789036018397,0.0187847188800487,0.0083199362499728,-0.1032009570625097,0.1007300315083852,-0.1769817748481863,-0.145984227056066,2019-02-08,2019-02-11,2019-02-12,2019-02-13,2019-02-14,2019-02-15,2019-02-19,2019-02-20,2019-02-21,2019-02-22,48653.0,2019-02-07,252.0,0.7290%,0.0005,0.6854,-0.1166,-0.0626,1.1973%,1.4206%,28.9724%,0.013682,HUM,48653.0,2019-02-08,252.0,-1.6712%,0.0005,0.6882,-0.1005,-0.0403,1.2000%,1.4211%,28.6987%,-0.017803,HUM,48653.0,2019-02-11,252.0,-1.7164%,0.0003,0.7065,-0.1422,-0.0533,1.2005%,1.4241%,28.9409%,-0.017471,HUM,48653.0,2019-02-12,252.0,0.8749%,0.0003,0.7055,-0.1419,-0.0539,1.2005%,1.4235%,28.8713%,-0.001022,HUM,48653.0,2019-02-13,252.0,1.0191%,0.0004,0.7086,-0.144,-0.0523,1.2012%,1.4243%,28.8638%,0.008239,HUM,48653.0,2019-02-14,252.0,0.7383%,0.0004,0.7065,-0.1393,-0.0574,1.2025%,1.4247%,28.7633%,0.009216,HUM,48653.0,2019-02-15,252.0,2.8983%,0.0005,0.7312,-0.1148,-0.0143,1.2068%,1.4358%,29.3547%,0.021523,HUM,48653.0,2019-02-19,252.0,-1.5791%,0.0005,0.7307,-0.1298,-0.0311,1.2102%,1.4396%,29.3287%,-0.016905,HUM,48653.0,2019-02-20,252.0,1.1395%,0.0005,0.7329,-0.1273,-0.0239,1.2113%,1.4408%,29.3210%,0.010363,HUM,48653.0,2019-02-21,252.0,-0.4274%,0.0005,0.7324,-0.1287,-0.0247,1.2112%,1.4405%,29.2948%,-0.001806,HUM,48653.0,2019-02-22,252.0,0.6893%,0.0005,0.7322,-0.1284,-0.0276,1.2113%,1.4407%,29.3154%,0.0023769999999999,HUM,-0.0041209999999999,-0.021592,-0.022614,-0.0051589999999999,0.010393
36611,HAWKINS INC,Hawkin Reports 500K Share Increase In Co.'s Outstanding Shares,6,decrease,0.7,0.5,"an increase in outstanding shares can dilute existing shareholders' equity, which may lead to a decrease in stock price.",0,2019-02-07,HWKN,2019-02-07 21:31:00+00:00,41241.0,42026110,-0.081874094903469,44308.0,-0.0018041158327832,-0.0203987266868352,-0.0441517978906631,0.0266539491713047,0.0764451101422309,-0.0166159402579069,0.0035132549237459,0.0298866666853427,0.0075018559582531,-0.0050359494052827,0.0359890982508659,0.0168252252042293,0.0270722862333059,-0.0021897847764194,0.0130627797916531,-0.0050835846923291,-0.013815376907587,0.016486270353198,-0.003051578765735,-0.0014742352068424,-0.0204851124435663,-0.0152431903406977,-0.0026441537775099,-0.0334423892199993,0.011086986400187,-0.0106432875618338,-0.0174016579985618,0.0119410473853349,0.0206210203468799,0.0009374482324346,-0.0240075662732124,0.0113770933821797,-0.0090112695470452,-0.024959597736597,-0.0049151377752423,-0.0084784356877207,-0.0116078341379761,0.005066817626357,-0.0022488792892545,0.0069573107175529,0.0185323785990476,0.0230129864066839,-0.0066387178376317,-0.0014214062830433,-0.0042079696431756,0.0404239445924758,-0.0198856387287378,-0.0305853951722383,-0.0010144792031496,0.0219779647886753,-0.0066006174311041,-0.0014629983343183,0.000255515507888,0.0019545080140233,0.0084313191473484,0.0151289831846952,0.0007600400131195,0.0130653381347656,-0.0653165057301521,-0.0391115173697471,0.0178765896707773,0.0191928837448358,-0.0061203655786812,0.0159999839961528,0.0,-0.0291262324899435,0.0074967229738831,-0.0004852124548051,-0.0212596114724874,-0.0280593875795602,0.0111322244629263,-0.022811098024249,0.007518763653934,-0.000230322999414,0.0090618375688791,0.0472858622670173,0.0229793693870306,0.0267525855451822,0.0183320194482803,0.0120330797508359,-0.0098884226754307,0.0012550009414553,-0.0281689763069152,-0.0017539387336,0.0379446260631084,-0.0573925450444221,-0.0038080150261521,0.0143746631219983,-0.0117228049784898,0.0180488210171461,-0.0067044436000287,-0.0233444385230541,0.0197299662977457,0.052394088357687,-0.0142565574496984,-0.0189375411719083,0.0074895941652357,0.0142180016264319,-0.0187131389975547,-0.0084096007049083,0.0104493610560894,0.0240628365427255,-0.0082730017602443,-0.0139860482886433,-0.0312826037406921,-0.013307069428265,0.0150700043886899,0.0160241164267063,-0.000795402796939,0.0089172879233956,-0.020695112645626,0.0012576220324262,0.0018964967457577,0.0247422456741333,0.0289345514029264,0.0234766397625207,0.0646517500281333,-0.036839447915554,-0.0071586547419428,0.0231348928064107,-0.0018041158327832,-0.0203987266868352,-0.045876258765826,0.0057115158601992,0.0270618357221379,-0.0109993266040228,0.0384021048975817,0.0134291972628128,0.100497428068101,0.038329178549112,-0.0433161824320984,0.0202800619752201,0.0421946441835558,0.104706693026771,2019-02-08,2019-02-11,2019-02-12,2019-02-13,2019-02-14,2019-02-15,2019-02-19,2019-02-20,2019-02-21,2019-02-22,41241.0,2019-02-07,252.0,-8.1874%,0.0008,1.1806,1.3485,0.3553,2.0525%,2.4788%,31.4337%,-0.070953,HWKN,41241.0,2019-02-08,252.0,-0.1804%,0.0009,1.1802,1.373,0.3698,2.0458%,2.4746%,31.6517%,-0.001189,HWKN,41241.0,2019-02-11,252.0,-4.4152%,0.0006,1.1809,1.2955,0.3282,2.0756%,2.4871%,30.3523%,-0.055816,HWKN,41241.0,2019-02-12,252.0,7.6445%,0.0007,1.1867,1.3318,0.3247,2.0915%,2.5105%,30.5900%,0.060584,HWKN,41241.0,2019-02-13,252.0,0.3513%,0.0006,1.1823,1.3386,0.3255,2.0908%,2.5080%,30.5030%,-0.000936,HWKN,41241.0,2019-02-14,252.0,0.7502%,0.0006,1.1813,1.3409,0.3232,2.0909%,2.5081%,30.5014%,0.004812,HWKN,41241.0,2019-02-15,252.0,3.5989%,0.0007,1.2005,1.36,0.3569,2.0927%,2.5165%,30.8448%,0.017637,HWKN,41241.0,2019-02-19,252.0,2.7072%,0.0009,1.2092,1.3648,0.3615,2.0938%,2.5216%,31.0522%,0.019677,HWKN,41241.0,2019-02-20,252.0,1.3063%,0.0009,1.2117,1.3758,0.3719,2.0925%,2.5223%,31.1764%,0.005674,HWKN,41241.0,2019-02-21,252.0,-1.3815%,0.001,1.2095,1.3694,0.3678,2.0919%,2.5191%,31.0394%,-0.0076139999999999,HWKN,41241.0,2019-02-22,252.0,-0.3052%,0.001,1.211,1.3803,0.3958,2.0927%,2.5191%,30.9869%,-0.013137,HWKN,-0.072142,-0.127958,-0.0673739999999999,-0.063498,-0.041261
36619,INTERCONTINENTALEXCHANGE GRP INC,Intercontinental Exchange Raises Qtr. Dividend From $0.24 To $0.275/Share,6,increase,0.8,0.6,"raising the quarterly dividend typically signals financial strength and can attract investors, likely leading to an increase in stock price.",2,2019-02-07,ICE,2019-02-07 12:39:00+00:00,90993.0,45866F10,-0.0237756352871656,5770691.0,0.0080741308629512,0.0010348187061026,-0.0084034530445933,0.0027237236499786,0.0080773392692208,-0.0054179332219064,0.0072245248593389,0.0099009182304143,-0.0095201274380087,0.0070847664028406,-0.0059249107725918,0.0115461545065045,-0.0084768133237957,-0.0047549940645694,-0.0050761052407324,-0.0006600191700272,0.0052362964488565,0.0073128980584442,0.0041404776275157,-0.0111753679811954,0.002128172898665,0.0025042151100933,-0.0005308373947627,0.0031734167132526,0.0120849404484033,0.0104208253324031,0.0123343719169497,0.0045630964450538,0.0005184823530726,0.0136035913601517,-0.0130846239626407,0.0111417500302195,-0.0105014843866229,-0.00547197740525,-0.0065003698691725,0.0043968083336949,-0.0165575891733169,0.0046934885904192,-0.0156144127249717,0.0040194164030253,0.0006896972772665,-0.0167620033025741,0.0078566456213593,-0.0302629973739385,0.012718821875751,0.0228439401835203,0.0015529552474617,-0.0179211255162954,0.010014858096838,0.0,-0.0002679437748156,0.0118200797587633,-0.004825098440051,0.0026935616042464,-0.0141414552927017,0.0136518767103552,0.0025956619065254,0.0363610610365867,-0.0085842385888099,-0.0293875224888324,0.0140186445787549,-0.0104633327573537,0.0028462875634431,-0.0198455713689327,-0.0017569571500644,0.0009332048357464,0.0123205529525876,-0.0179365687072277,0.0183228943496942,-0.0093385372310876,0.0112949907779693,-0.00631521968171,0.0048052305355668,-0.0021795341745018,0.0006461861194111,-0.0011524694273248,-0.0020665982738137,-0.010642391629517,0.0,0.004837648011744,-0.0033652877900749,-0.0089578479528427,-0.0003895945264957,0.001769456313923,-0.0015590846305713,-0.0247749853879213,0.0027325840201228,-0.007219823077321,0.0028549341950565,0.0077692060731351,0.0175983514636755,-0.0069802510552108,0.0101729789748787,0.0035639782436192,0.0090634590014815,0.0124424528330564,-0.0037425528280436,0.0183730944991111,0.0080140167847275,-0.0051683303900063,0.0003726556315086,-0.007382336538285,-0.0007450336706824,-0.018061202019453,0.0043494277633726,0.0020930578466504,0.0045781088992953,0.0128444787114858,0.0061583938077092,0.017639584839344,-0.0041621243581175,-0.0013940008357167,-0.0083589470013976,0.0129653671756386,-0.0117763355374336,-0.0149216018617153,-0.0003763017884921,-0.0108817405998706,0.0158111993223428,0.0178229641169309,0.0080741308629512,0.0010348187061026,-0.0003971727612247,0.0037613609162645,0.0076769584088551,-0.0016769511079096,0.00529442617843,0.0153502774246196,-0.0048974550007044,0.0174862197811351,-0.0333448893626845,0.0627574807305104,0.075463522139467,-0.0117202062174817,2019-02-08,2019-02-11,2019-02-12,2019-02-13,2019-02-14,2019-02-15,2019-02-19,2019-02-20,2019-02-21,2019-02-22,90993.0,2019-02-07,252.0,-2.3776%,0.0003,0.8331,-0.4452,0.2768,0.9215%,1.2837%,48.4759%,-0.0178709999999999,ICE,90993.0,2019-02-08,252.0,0.8074%,0.0004,0.8311,-0.4319,0.2771,0.9170%,1.2772%,48.4589%,0.0093569999999999,ICE,90993.0,2019-02-11,252.0,-0.8403%,0.0005,0.8024,-0.4153,0.271,0.9087%,1.2338%,45.7573%,-0.007454,ICE,90993.0,2019-02-12,252.0,0.8077%,0.0004,0.7965,-0.4099,0.267,0.9076%,1.2275%,45.3260%,-0.002392,ICE,90993.0,2019-02-13,252.0,0.7225%,0.0005,0.802,-0.4172,0.2668,0.9057%,1.2282%,45.6146%,0.004953,ICE,90993.0,2019-02-14,252.0,-0.9520%,0.0005,0.8027,-0.42,0.2705,0.9055%,1.2290%,45.7120%,-0.004219,ICE,90993.0,2019-02-15,252.0,-0.5925%,0.0003,0.7795,-0.4426,0.2305,0.9054%,1.2171%,44.6587%,-0.015344,ICE,90993.0,2019-02-19,252.0,-0.8477%,0.0002,0.7737,-0.4433,0.2301,0.9044%,1.2114%,44.2701%,-0.009466,ICE,90993.0,2019-02-20,252.0,-0.5076%,0.0002,0.7727,-0.4409,0.2278,0.9030%,1.2097%,44.2778%,-0.006936,ICE,90993.0,2019-02-21,252.0,0.5236%,0.0002,0.7778,-0.4287,0.2371,0.8962%,1.2061%,44.7889%,0.008211,ICE,90993.0,2019-02-22,252.0,0.4140%,0.0002,0.7775,-0.4358,0.2264,0.8959%,1.2064%,44.8518%,0.004828,ICE,-0.0085139999999999,-0.015968,-0.01836,-0.017626,-0.036333
36627,INTERCONTINENTALEXCHANGE GRP INC,Intercontinental Exchange Sees Q1 Data Sales $540M-$545M; FY19 Data Sales $2.19B-$2.24B,6,increase,0.75,0.6,"the projected increase in data sales for q1 and fy19 suggests strong revenue growth, which is likely to positively influence investor sentiment and drive the stock price up.",2,2019-02-07,ICE,2019-02-07 12:38:00+00:00,90993.0,45866F10,-0.0237756352871656,5770691.0,0.0080741308629512,0.0010348187061026,-0.0084034530445933,0.0027237236499786,0.0080773392692208,-0.0054179332219064,0.0072245248593389,0.0099009182304143,-0.0095201274380087,0.0070847664028406,-0.0059249107725918,0.0115461545065045,-0.0084768133237957,-0.0047549940645694,-0.0050761052407324,-0.0006600191700272,0.0052362964488565,0.0073128980584442,0.0041404776275157,-0.0111753679811954,0.002128172898665,0.0025042151100933,-0.0005308373947627,0.0031734167132526,0.0120849404484033,0.0104208253324031,0.0123343719169497,0.0045630964450538,0.0005184823530726,0.0136035913601517,-0.0130846239626407,0.0111417500302195,-0.0105014843866229,-0.00547197740525,-0.0065003698691725,0.0043968083336949,-0.0165575891733169,0.0046934885904192,-0.0156144127249717,0.0040194164030253,0.0006896972772665,-0.0167620033025741,0.0078566456213593,-0.0302629973739385,0.012718821875751,0.0228439401835203,0.0015529552474617,-0.0179211255162954,0.010014858096838,0.0,-0.0002679437748156,0.0118200797587633,-0.004825098440051,0.0026935616042464,-0.0141414552927017,0.0136518767103552,0.0025956619065254,0.0363610610365867,-0.0085842385888099,-0.0293875224888324,0.0140186445787549,-0.0104633327573537,0.0028462875634431,-0.0198455713689327,-0.0017569571500644,0.0009332048357464,0.0123205529525876,-0.0179365687072277,0.0183228943496942,-0.0093385372310876,0.0112949907779693,-0.00631521968171,0.0048052305355668,-0.0021795341745018,0.0006461861194111,-0.0011524694273248,-0.0020665982738137,-0.010642391629517,0.0,0.004837648011744,-0.0033652877900749,-0.0089578479528427,-0.0003895945264957,0.001769456313923,-0.0015590846305713,-0.0247749853879213,0.0027325840201228,-0.007219823077321,0.0028549341950565,0.0077692060731351,0.0175983514636755,-0.0069802510552108,0.0101729789748787,0.0035639782436192,0.0090634590014815,0.0124424528330564,-0.0037425528280436,0.0183730944991111,0.0080140167847275,-0.0051683303900063,0.0003726556315086,-0.007382336538285,-0.0007450336706824,-0.018061202019453,0.0043494277633726,0.0020930578466504,0.0045781088992953,0.0128444787114858,0.0061583938077092,0.017639584839344,-0.0041621243581175,-0.0013940008357167,-0.0083589470013976,0.0129653671756386,-0.0117763355374336,-0.0149216018617153,-0.0003763017884921,-0.0108817405998706,0.0158111993223428,0.0178229641169309,0.0080741308629512,0.0010348187061026,-0.0003971727612247,0.0037613609162645,0.0076769584088551,-0.0016769511079096,0.00529442617843,0.0153502774246196,-0.0048974550007044,0.0174862197811351,-0.0333448893626845,0.0627574807305104,0.075463522139467,-0.0117202062174817,2019-02-08,2019-02-11,2019-02-12,2019-02-13,2019-02-14,2019-02-15,2019-02-19,2019-02-20,2019-02-21,2019-02-22,90993.0,2019-02-07,252.0,-2.3776%,0.0003,0.8331,-0.4452,0.2768,0.9215%,1.2837%,48.4759%,-0.0178709999999999,ICE,90993.0,2019-02-08,252.0,0.8074%,0.0004,0.8311,-0.4319,0.2771,0.9170%,1.2772%,48.4589%,0.0093569999999999,ICE,90993.0,2019-02-11,252.0,-0.8403%,0.0005,0.8024,-0.4153,0.271,0.9087%,1.2338%,45.7573%,-0.007454,ICE,90993.0,2019-02-12,252.0,0.8077%,0.0004,0.7965,-0.4099,0.267,0.9076%,1.2275%,45.3260%,-0.002392,ICE,90993.0,2019-02-13,252.0,0.7225%,0.0005,0.802,-0.4172,0.2668,0.9057%,1.2282%,45.6146%,0.004953,ICE,90993.0,2019-02-14,252.0,-0.9520%,0.0005,0.8027,-0.42,0.2705,0.9055%,1.2290%,45.7120%,-0.004219,ICE,90993.0,2019-02-15,252.0,-0.5925%,0.0003,0.7795,-0.4426,0.2305,0.9054%,1.2171%,44.6587%,-0.015344,ICE,90993.0,2019-02-19,252.0,-0.8477%,0.0002,0.7737,-0.4433,0.2301,0.9044%,1.2114%,44.2701%,-0.009466,ICE,90993.0,2019-02-20,252.0,-0.5076%,0.0002,0.7727,-0.4409,0.2278,0.9030%,1.2097%,44.2778%,-0.006936,ICE,90993.0,2019-02-21,252.0,0.5236%,0.0002,0.7778,-0.4287,0.2371,0.8962%,1.2061%,44.7889%,0.008211,ICE,90993.0,2019-02-22,252.0,0.4140%,0.0002,0.7775,-0.4358,0.2264,0.8959%,1.2064%,44.8518%,0.004828,ICE,-0.0085139999999999,-0.015968,-0.01836,-0.017626,-0.036333
36635,INTERCONTINENTALEXCHANGE GRP INC,"Intercontinental Exchange Q4 EPS $0.94 Beats $0.92 Estimate, Sales $1.3B Inline",6,increase,0.7,0.5,"the earnings per share (eps) beat estimates, which is generally viewed positively by investors, potentially leading to an increase in stock price.",2,2019-02-07,ICE,2019-02-07 12:37:00+00:00,90993.0,45866F10,-0.0237756352871656,5770691.0,0.0080741308629512,0.0010348187061026,-0.0084034530445933,0.0027237236499786,0.0080773392692208,-0.0054179332219064,0.0072245248593389,0.0099009182304143,-0.0095201274380087,0.0070847664028406,-0.0059249107725918,0.0115461545065045,-0.0084768133237957,-0.0047549940645694,-0.0050761052407324,-0.0006600191700272,0.0052362964488565,0.0073128980584442,0.0041404776275157,-0.0111753679811954,0.002128172898665,0.0025042151100933,-0.0005308373947627,0.0031734167132526,0.0120849404484033,0.0104208253324031,0.0123343719169497,0.0045630964450538,0.0005184823530726,0.0136035913601517,-0.0130846239626407,0.0111417500302195,-0.0105014843866229,-0.00547197740525,-0.0065003698691725,0.0043968083336949,-0.0165575891733169,0.0046934885904192,-0.0156144127249717,0.0040194164030253,0.0006896972772665,-0.0167620033025741,0.0078566456213593,-0.0302629973739385,0.012718821875751,0.0228439401835203,0.0015529552474617,-0.0179211255162954,0.010014858096838,0.0,-0.0002679437748156,0.0118200797587633,-0.004825098440051,0.0026935616042464,-0.0141414552927017,0.0136518767103552,0.0025956619065254,0.0363610610365867,-0.0085842385888099,-0.0293875224888324,0.0140186445787549,-0.0104633327573537,0.0028462875634431,-0.0198455713689327,-0.0017569571500644,0.0009332048357464,0.0123205529525876,-0.0179365687072277,0.0183228943496942,-0.0093385372310876,0.0112949907779693,-0.00631521968171,0.0048052305355668,-0.0021795341745018,0.0006461861194111,-0.0011524694273248,-0.0020665982738137,-0.010642391629517,0.0,0.004837648011744,-0.0033652877900749,-0.0089578479528427,-0.0003895945264957,0.001769456313923,-0.0015590846305713,-0.0247749853879213,0.0027325840201228,-0.007219823077321,0.0028549341950565,0.0077692060731351,0.0175983514636755,-0.0069802510552108,0.0101729789748787,0.0035639782436192,0.0090634590014815,0.0124424528330564,-0.0037425528280436,0.0183730944991111,0.0080140167847275,-0.0051683303900063,0.0003726556315086,-0.007382336538285,-0.0007450336706824,-0.018061202019453,0.0043494277633726,0.0020930578466504,0.0045781088992953,0.0128444787114858,0.0061583938077092,0.017639584839344,-0.0041621243581175,-0.0013940008357167,-0.0083589470013976,0.0129653671756386,-0.0117763355374336,-0.0149216018617153,-0.0003763017884921,-0.0108817405998706,0.0158111993223428,0.0178229641169309,0.0080741308629512,0.0010348187061026,-0.0003971727612247,0.0037613609162645,0.0076769584088551,-0.0016769511079096,0.00529442617843,0.0153502774246196,-0.0048974550007044,0.0174862197811351,-0.0333448893626845,0.0627574807305104,0.075463522139467,-0.0117202062174817,2019-02-08,2019-02-11,2019-02-12,2019-02-13,2019-02-14,2019-02-15,2019-02-19,2019-02-20,2019-02-21,2019-02-22,90993.0,2019-02-07,252.0,-2.3776%,0.0003,0.8331,-0.4452,0.2768,0.9215%,1.2837%,48.4759%,-0.0178709999999999,ICE,90993.0,2019-02-08,252.0,0.8074%,0.0004,0.8311,-0.4319,0.2771,0.9170%,1.2772%,48.4589%,0.0093569999999999,ICE,90993.0,2019-02-11,252.0,-0.8403%,0.0005,0.8024,-0.4153,0.271,0.9087%,1.2338%,45.7573%,-0.007454,ICE,90993.0,2019-02-12,252.0,0.8077%,0.0004,0.7965,-0.4099,0.267,0.9076%,1.2275%,45.3260%,-0.002392,ICE,90993.0,2019-02-13,252.0,0.7225%,0.0005,0.802,-0.4172,0.2668,0.9057%,1.2282%,45.6146%,0.004953,ICE,90993.0,2019-02-14,252.0,-0.9520%,0.0005,0.8027,-0.42,0.2705,0.9055%,1.2290%,45.7120%,-0.004219,ICE,90993.0,2019-02-15,252.0,-0.5925%,0.0003,0.7795,-0.4426,0.2305,0.9054%,1.2171%,44.6587%,-0.015344,ICE,90993.0,2019-02-19,252.0,-0.8477%,0.0002,0.7737,-0.4433,0.2301,0.9044%,1.2114%,44.2701%,-0.009466,ICE,90993.0,2019-02-20,252.0,-0.5076%,0.0002,0.7727,-0.4409,0.2278,0.9030%,1.2097%,44.2778%,-0.006936,ICE,90993.0,2019-02-21,252.0,0.5236%,0.0002,0.7778,-0.4287,0.2371,0.8962%,1.2061%,44.7889%,0.008211,ICE,90993.0,2019-02-22,252.0,0.4140%,0.0002,0.7775,-0.4358,0.2264,0.8959%,1.2064%,44.8518%,0.004828,ICE,-0.0085139999999999,-0.015968,-0.01836,-0.017626,-0.036333
36643,ISHARES TRUST,"US Envoy On Venezuela Abrams Urges Countries To Deal Solely With Guaido, Not Maduro",6,uncertain,0.6,0.2,"the news regarding us policy on venezuela may have mixed implications for ishares trust, depending on investor sentiment and the potential impact on markets related to venezuelan assets.",1,2019-02-07,ILF,2019-02-07 19:52:00+00:00,89190.0,46428739,-0.0081562064588069,1494690.0,-0.0026431763544678,-0.0343177914619445,-0.0103061981499195,0.0005629174993373,0.0223147869110107,0.0062304558232426,-0.0148429023101925,-0.0025423769839107,0.0242245122790336,0.0181190986186265,0.0066340747289359,0.0163695234805345,-0.0017192369559779,0.0145313711836934,-0.0040183523669838,-0.0248698834329843,-0.0002882459957618,0.0017381625948473,0.0126838413998484,0.0029053543694317,-0.005693161394447,0.0192477852106094,0.0002862387918867,-0.0242704469710588,-0.0040068514645099,0.0034792381338775,-0.0224137585610151,0.0087745850905776,-0.0105820279568433,0.0014645353658124,-0.0026738012675195,-0.0035025959368795,0.0062555582262575,0.0061673740856349,-0.0213143117725849,-0.0055491365492343,-0.0084695275872945,0.0008770124404691,0.0073215891607105,0.0221092868596315,0.0314960889518261,0.0139352595433592,0.0032295007258653,-0.0015124939382076,0.0111208977177739,0.0254342332482338,-0.010709086433053,-0.0018575096037238,0.0131656164303422,0.0480207502841949,0.0176148023456335,0.0039087599143385,-0.0019864786881953,0.0095363669097423,0.0011373590677976,0.0069536119699478,-0.0170405711978673,0.0247710030525922,-0.0528749451041221,-0.0104097165167331,0.0103721832856535,-0.0142336450517177,0.0138889765366911,0.0110441744327545,-0.0393092148005962,-0.0128840859979391,0.0195288620889186,0.0059362319298088,0.0103374933823943,-0.0135658327490091,0.0168522838503122,-0.0105465585365891,-0.0053270286880433,0.001600548857823,-0.0074382624588906,0.0152745954692363,0.0218824800103902,0.0035877563059329,0.0117336912080645,-0.0266666710376739,0.0118874981999397,-0.0116096902638673,-0.0094556398689746,0.0009422326111234,0.0046282862313091,-0.0187981687486171,-0.0181399676948785,0.0102740302681922,-0.0211142934858799,-0.0027941681910306,0.0014978799736127,0.0078222779557108,0.0065809516236186,0.0223927982151508,-0.0074294200167059,0.0313428156077861,0.0086825471371412,-0.0344058610498905,-0.0029681946616619,-0.0190625190734863,0.0071450336836278,0.0181355290114879,-0.0209873747080564,-0.0352977737784385,0.0117753446102142,-0.009124063886702,0.0044763213954865,0.0166976172477006,-0.0044563733972609,0.0176211278885603,0.0008953326032496,0.0159846544265747,-0.0172928385436534,-0.0215826909989118,-0.0009101571631617,-0.0175169501453638,0.0109322993084788,-0.0006142646307125,-0.0165214538574218,-0.037825021892786,-0.0026431763544678,-0.0343177914619445,-0.012922133405133,-0.0337741920479597,0.0091042988525065,-0.0277541648362376,0.0182084861724172,-0.0126545491689961,0.0317181162474033,-0.0026146541869426,-0.037298107991932,0.1527871369897142,-0.0384727652475598,0.0296047535798937,2019-02-08,2019-02-11,2019-02-12,2019-02-13,2019-02-14,2019-02-15,2019-02-19,2019-02-20,2019-02-21,2019-02-22,89190.0,2019-02-07,252.0,-0.8156%,-0.0002,0.8446,-0.0414,0.3279,1.4350%,1.6730%,26.4273%,-0.001651,ILF,89190.0,2019-02-08,252.0,-0.2643%,-0.0001,0.8441,-0.0198,0.3402,1.4273%,1.6649%,26.5054%,-0.00122,ILF,89190.0,2019-02-11,252.0,-1.0306%,-0.0001,0.8399,-0.0323,0.3312,1.4293%,1.6548%,25.3880%,-0.012239,ILF,89190.0,2019-02-12,252.0,2.2315%,-0.0001,0.8436,-0.0287,0.3325,1.4310%,1.6577%,25.4811%,0.011362,ILF,89190.0,2019-02-13,252.0,-1.4843%,-0.0002,0.8407,-0.0308,0.3279,1.4352%,1.6588%,25.1437%,-0.017521,ILF,89190.0,2019-02-14,252.0,2.4225%,-0.0001,0.834,-0.0156,0.3114,1.4459%,1.6657%,24.6428%,0.0279519999999999,ILF,89190.0,2019-02-15,252.0,0.6634%,-0.0001,0.8209,-0.0278,0.2896,1.4440%,1.6578%,24.1296%,-0.004346,ILF,89190.0,2019-02-19,252.0,-0.1719%,-0.0001,0.8201,-0.0302,0.287,1.4443%,1.6571%,24.0336%,-0.004167,ILF,89190.0,2019-02-20,252.0,-0.4018%,-0.0002,0.8182,-0.034,0.2804,1.4449%,1.6572%,23.9803%,-0.007188,ILF,89190.0,2019-02-21,252.0,-0.0288%,-0.0002,0.8209,-0.0277,0.2853,1.4438%,1.6570%,24.0815%,0.00326,ILF,89190.0,2019-02-22,252.0,1.2684%,-0.0002,0.8191,-0.0238,0.2678,1.4457%,1.6588%,24.0473%,0.011594,ILF,-0.002871,-0.01511,-0.0037479999999999,0.006683,0.005836
36651,INGLES MARKETS INC,"Ingles Markets Q1 EPS $1.09 Down From $2.23 YoY, Sales $1.06B Up From $1.01B YoY",6,decrease,0.75,0.6,"the significant drop in eps from $2.23 to $1.09 suggests declining profitability, which is likely to negatively impact investor sentiment despite an increase in sales.",0,2019-02-07,IMKTA,2019-02-07 12:42:00+00:00,11701.0,45703010,0.0735497623682022,79341.0,-0.0421357192099094,-0.0116041013970971,0.0137676242738962,0.0262697022408247,-0.0119244987145066,-0.0017482917755842,0.0318471603095531,0.0021022937726229,0.00682258233428,0.0255120731890201,0.0041949362494051,-0.0255602076649665,-0.0028920357581228,-0.0148327117785811,-0.0225588381290435,-0.0212694481015205,-0.0135179636999964,-0.0162736549973487,0.0110294092446565,0.0003322335251141,0.0062810094095766,0.0009976949077099,0.0019710729829967,-0.0092257224023342,0.0163934417068958,0.0013197266962379,0.0038709947839379,0.0110073359683156,0.0080334190279245,0.0256585702300071,-0.0232706870883703,0.0216707065701484,0.0022845854982733,-0.0013961259974166,-0.0286551341414451,0.0123675046488642,0.0006704812985844,-0.0238013286143541,-0.0093802576884627,-0.0137009369209408,0.0016909416299313,0.0006769989849999,-0.0057393675670027,0.0292682964354753,-0.0020373980514705,0.0188143663108348,-0.0180333033204078,0.014038854278624,-0.0301455594599247,0.0205731596797704,0.0203644055873155,0.0267823114991188,-0.0038514952175319,0.0037864590995013,-0.0158172491937875,-0.0438088700175285,0.0014286041259765,0.0643545314669609,-0.0174750946462154,-0.043846670538187,0.0010889541590586,-0.0180897247046232,0.0065264794975519,-0.0288123581558466,-0.0072046383284032,-0.0280055180191993,-0.0097967544570565,0.006185577251017,0.0120923379436135,-0.011213045567274,0.0003619957133196,-0.0271074287593364,-0.0184581372886896,-0.0335463024675846,-0.0376106351613998,-0.004769523628056,0.0095785437151789,0.0458929538726806,0.0250474326312542,0.0433726571500301,0.0029618630651384,0.0256227515637874,-0.0011074451031163,0.0192238185554742,0.0157058481127023,-0.0635190457105636,0.0018302029930055,0.0120316389948129,-0.0073072984814643,-0.0168976001441478,0.0117776850238442,-0.0260039176791906,0.0058202929794788,0.0029712195973843,0.0173598397523164,0.0103402724489569,-0.0046213711611926,-0.0173713751137256,-0.011071409098804,0.0190380662679672,0.0169736109673976,-0.0019999821670353,-0.0003551217669155,-0.0269218273460865,0.0014209917280822,-0.0074050077237188,-0.0241220388561487,-0.0101975686848163,0.0141766406595706,-0.0266750138252973,-0.0161289907991886,-0.0122548323124647,-0.0076503092423081,-0.0112086925655603,-0.0198237523436546,-0.0006055240519344,0.03333330899477,-0.022781079635024,0.0105110183358192,0.011370469816029,-0.0421357192099094,-0.0116041013970971,-0.0289482036866056,0.0143607645552534,-0.040527509583464,0.0125873659731061,-0.0032164812440425,0.0406036340595861,-0.0270183388458714,-0.0378737967996859,-0.1138630080555576,0.0731329793979889,-0.0978327058355275,-0.1285209399856927,2019-02-08,2019-02-11,2019-02-12,2019-02-13,2019-02-14,2019-02-15,2019-02-19,2019-02-20,2019-02-21,2019-02-22,11701.0,2019-02-07,252.0,7.3550%,0.0004,0.6559,1.2886,0.6588,2.2263%,2.3907%,13.2829%,0.0790869999999999,IMKTA,11701.0,2019-02-08,252.0,-4.2136%,0.0003,0.6625,1.3065,0.698,2.2392%,2.4056%,13.3588%,-0.038925,IMKTA,11701.0,2019-02-11,252.0,1.3768%,0.0004,0.6584,1.3133,0.6995,2.2391%,2.4056%,13.3642%,0.002512,IMKTA,11701.0,2019-02-12,252.0,-1.1924%,0.0,0.6141,1.3551,0.6694,2.2131%,2.3774%,13.3422%,-0.020053,IMKTA,11701.0,2019-02-13,252.0,3.1847%,0.0003,0.6388,1.325,0.6711,2.2026%,2.3695%,13.5894%,0.028746,IMKTA,11701.0,2019-02-14,252.0,0.6823%,0.0003,0.6366,1.327,0.6707,2.2004%,2.3672%,13.5940%,0.005066,IMKTA,11701.0,2019-02-15,252.0,0.4195%,0.0003,0.6352,1.3247,0.667,2.2010%,2.3665%,13.4977%,-0.009636,IMKTA,11701.0,2019-02-19,252.0,-0.2892%,0.0001,0.6239,1.3312,0.6753,2.1942%,2.3586%,13.4535%,-0.010041,IMKTA,11701.0,2019-02-20,252.0,-2.2559%,0.0001,0.6167,1.3214,0.6514,2.2009%,2.3624%,13.2088%,-0.030487,IMKTA,11701.0,2019-02-21,252.0,-1.3518%,0.0,0.6157,1.3172,0.6495,2.2009%,2.3610%,13.1019%,-0.0089129999999999,IMKTA,11701.0,2019-02-22,252.0,1.1029%,0.0,0.6153,1.2954,0.6246,2.1988%,2.3559%,12.8925%,0.009231,IMKTA,0.0401619999999999,0.0426739999999999,0.0226209999999999,0.0564329999999999,0.0065869999999999
36659,INCYTE CORP,"Incyte Reports FDA Has Extended Review Period For Jakafi in Acute Graft-Versus-Host Disease; New PDUFA Date Is May 24, 2019",6,uncertain,0.6,0.3,"the extension of the review period for jakafi may indicate regulatory concerns, which could negatively impact investor sentiment, but it also allows more time for potential approval, leading to mixed reactions in the stock price.",1,2019-02-07,INCY,2019-02-07 12:20:00+00:00,79906.0,45337C10,-0.0195283275097608,1182461.0,0.0130276950076222,0.0002456590009387,-0.0081612914800643,-0.002450942993164,0.0148360859602689,-0.015918955206871,-0.0041769528761506,0.0289117991924285,0.029114244505763,0.0076268184930086,0.0087509397417306,0.0087022632360458,-0.0008318442269228,-0.0169849079102277,-0.0040438147261738,0.008880634792149,-0.0048960596323013,0.0381767898797988,0.018240688368678,0.0240692198276519,0.0239245593547821,-0.0275443531572818,-0.0135819558054208,-0.0138994688168168,0.0151692312210798,-0.0031778314150869,-0.0088505363091826,0.0275600925087928,0.022497909143567,-0.0279330182820558,-0.0313031040132045,0.0709817931056022,-0.0043320772238075,-0.0148693984374404,-0.0196377951651811,-0.0062566720880568,-0.0110352141782641,0.0192673802375793,-0.004002355504781,-0.0160214230418205,0.0249634124338626,0.0092979716137051,0.0086729638278484,0.0268438160419464,0.0018845233134925,0.0618571750819683,-0.0088173057883977,0.0707991868257522,0.0058119501918554,-0.0004717530973721,0.0096698077395558,0.0210340619087219,0.0005839221994392,-0.0009624859085306,0.0074705192819237,0.0051596211269497,0.0089213801547884,0.0601709485054016,-0.019981687888503,-0.0028975314926356,0.0079681314527988,-0.0495707355439662,0.012787795625627,-0.0162549875676631,-0.0126263322308659,-0.0234983209520578,-0.0032550429459661,-0.0086392713710665,0.0031491052359342,-0.0215849094092845,-0.0006976536242291,-0.0154555048793554,0.0087260035797953,-0.005615446716547,-0.0271049421280622,0.0315548740327358,-0.0133965294808149,0.0027514568064361,0.0185051783919334,0.0141062783077359,-0.0038933674804866,-0.0090629244223237,-0.020134987309575,-0.0064102290198206,0.0082195121794939,-0.0409836508333683,-0.028174152597785,0.0633462965488433,-0.0204786099493503,-0.0083346338942646,-0.0157430730760097,-0.0147506259381771,-0.0149711854755878,-0.0212829336524009,-0.034554474055767,-0.0028197509236633,-0.0048439265228807,0.041905041784048,-0.0040561845526099,0.0093647334724664,0.023757804185152,0.007548349443823,-0.0250630807131528,-0.0102723715826869,0.0057128104381263,-0.0339798852801322,0.014741632156074,0.0227587781846523,-0.0086632221937179,0.0137178059667348,0.0325357057154178,0.0065903342328965,0.0274739656597375,0.0138402627781033,0.0257254932075738,-0.0480084531009197,0.0261921808123588,-0.0384447276592254,0.0233566388487815,-0.0052151326090097,0.0130276950076222,0.0002456590009387,0.0047600807112873,-0.0022058860884324,0.0196667876381666,-0.0180897258934702,0.0449705152042223,0.0180044343824403,0.0628835839006205,0.0827127839752508,0.0690216020725595,0.3877620769220193,0.0647625964484117,0.1794871699027156,2019-02-08,2019-02-11,2019-02-12,2019-02-13,2019-02-14,2019-02-15,2019-02-19,2019-02-20,2019-02-21,2019-02-22,79906.0,2019-02-07,252.0,-1.9528%,-0.0002,1.3062,0.0766,-0.1758,2.3135%,2.7436%,28.8954%,-0.006674,INCY,79906.0,2019-02-08,252.0,1.3028%,-0.0001,1.3039,0.0878,-0.178,2.3125%,2.7419%,28.8653%,0.010501,INCY,79906.0,2019-02-11,252.0,-0.8161%,-0.0003,1.329,0.0503,-0.1851,2.3096%,2.7366%,28.7718%,-0.010257,INCY,79906.0,2019-02-12,252.0,1.4836%,-0.0002,1.3333,0.0422,-0.1815,2.3088%,2.7378%,28.8871%,-0.003663,INCY,79906.0,2019-02-13,252.0,-0.4177%,-0.0003,1.3241,0.0547,-0.1811,2.3066%,2.7287%,28.5471%,-0.007909,INCY,79906.0,2019-02-14,252.0,2.9114%,-0.0002,1.3168,0.0714,-0.1992,2.3147%,2.7346%,28.3548%,0.0304599999999999,INCY,79906.0,2019-02-15,252.0,0.8751%,-0.0002,1.3279,0.0808,-0.1819,2.3122%,2.7351%,28.5323%,-0.005451,INCY,79906.0,2019-02-19,252.0,-0.0832%,-0.0,1.3419,0.0585,-0.2082,2.2936%,2.7288%,29.3523%,-0.003143,INCY,79906.0,2019-02-20,252.0,-0.4044%,-0.0001,1.3398,0.0519,-0.216,2.2937%,2.7288%,29.3464%,-0.005677,INCY,79906.0,2019-02-21,252.0,-0.4896%,-0.0001,1.3406,0.0534,-0.2145,2.2936%,2.7287%,29.3435%,-0.000499,INCY,79906.0,2019-02-22,252.0,1.8241%,-0.0,1.3396,0.0596,-0.2216,2.2938%,2.7303%,29.4165%,0.00598,INCY,0.0038269999999999,-0.00643,-0.010093,0.0124579999999999,0.0036679999999999
36667,RENAISSANCE CAPITAL GREENWICH FD,Postmates Announces Confidential Submission Of Draft Registration Statement For Proposed Initial Public Offering,6,uncertain,0.5,0.5,"the news about postmates' ipo submission may have mixed implications for renaissance capital greenwich fd, as it could attract investor interest in ipos generally, but the specific impact on the fund's stock price is unclear.",1,2019-02-07,IPO,2019-02-07 18:51:00+00:00,14222.0,75993720,-0.0106951603665947,4226.0,0.0066666472703218,-0.0024006781168282,0.0031108183320611,0.0101491371169686,0.0165263749659061,0.0116961430758237,0.0103492997586727,0.0026676466222852,0.0036483763251453,0.0178042091429233,0.0011355687165632,0.0099571654573082,0.0160594005137682,-0.0037618794012814,0.0108229797333478,-0.0068569113500416,-0.016154920682311,0.0227522086352109,0.0215536095201969,0.0142176300287246,0.0108877336606383,0.0011547608301043,-0.0051366621628403,-0.0203620251268148,0.0208627209067344,0.0192159879952669,-0.0104840910062193,0.0195924770087003,0.0166528988629579,0.0039220987819135,-0.0107038570567965,0.0087420139461755,0.0022950719576328,-0.0043460573069751,-0.0111220199614763,-0.0007106621051207,-0.0197485983371734,0.0045212344266474,-0.0098876003175973,0.0109863737598061,0.0327198058366775,0.0152697991579771,0.0003300405514892,0.0317051671445369,-0.0019795270636677,0.0392206348478794,0.0097520686686038,-0.0162559486925602,0.0010413830168545,0.0012897973647341,0.0030182122718542,0.0121712647378444,0.0167642459273338,0.0048229149542748,-0.007069447543472,-0.0004369895905256,0.0169708970934152,0.0544167309999465,-0.0343968421220779,-0.0123258829116821,0.00021422196005,-0.0372480452060699,0.0032949054148048,-0.0226981025189161,-0.0121510941535234,-0.0180824343115091,0.0099733788520097,0.0088711390271782,0.0041310610249638,-0.0387071967124939,0.0162101648747921,-0.0176281500607729,0.0016128786373883,-0.007949155755341,0.0047246348112821,0.007609152700752,-0.0136776873841881,0.0,0.0042248670943081,-0.0055794473737478,-0.0045307246036827,-0.0246042683720588,-0.0026007776614278,-0.0002524366718716,0.0068448199890553,-0.0316636227071285,-0.0013790457742288,0.0097971986979246,0.0068919518962502,-0.0055812085047364,-0.0077269729226827,0.0288189705461263,-0.0042180130258202,0.00147848832421,-0.0130335483700037,-0.0037984331138432,-0.008913847617805,0.0181530807167291,0.0079946620389819,-0.006469280924648,0.0174719057977199,0.0288422033190727,4.224964868626557e-05,-0.0162698347121477,-0.001601206487976,-0.039634108543396,0.0098403673619031,-0.0041745961643755,0.0121379410848021,0.0134888393804431,-0.0012731036404147,-0.0015630150446668,-0.0105162505060434,0.0013035869924351,0.0009501114836893,-0.0317908003926277,0.0193214211612939,-0.0179266482591629,-0.0015783188864588,-0.0045024785213172,0.0066666472703218,-0.0024006781168282,0.0097982043309248,0.007724094188759,0.0264865080955964,0.0195105793753458,0.0408936919618361,0.0404302749073741,0.0756756887688174,0.0784313339051303,0.0956815191528219,0.2767410216576367,0.1421360540440415,0.0209652207683355,2019-02-08,2019-02-11,2019-02-12,2019-02-13,2019-02-14,2019-02-15,2019-02-19,2019-02-20,2019-02-21,2019-02-22,14222.0,2019-02-07,252.0,-1.0695%,-0.0001,0.969,0.5788,-0.3561,0.8089%,1.4679%,69.6308%,0.000316,IPO,14222.0,2019-02-08,252.0,0.6667%,-0.0003,0.9697,0.5367,-0.3807,0.7568%,1.4425%,72.4765%,0.002948,IPO,14222.0,2019-02-11,252.0,0.3111%,-0.0003,0.9778,0.5281,-0.3812,0.7557%,1.4321%,72.1531%,-0.001014,IPO,14222.0,2019-02-12,252.0,1.6526%,-0.0002,0.992,0.5119,-0.371,0.7431%,1.4336%,73.1305%,0.002375,IPO,14222.0,2019-02-13,252.0,1.0349%,-0.0002,0.9908,0.5171,-0.3682,0.7439%,1.4310%,72.9716%,0.0074239999999999,IPO,14222.0,2019-02-14,252.0,0.3648%,-0.0002,0.9908,0.5178,-0.3695,0.7434%,1.4311%,73.0160%,0.000805,IPO,14222.0,2019-02-15,252.0,0.1136%,-0.0003,0.9788,0.506,-0.3905,0.7444%,1.4249%,72.7081%,-0.009682,IPO,14222.0,2019-02-19,252.0,1.6059%,-0.0002,0.9799,0.517,-0.3781,0.7488%,1.4234%,72.3282%,0.013804,IPO,14222.0,2019-02-20,252.0,1.0823%,-0.0002,0.9819,0.5179,-0.3719,0.7497%,1.4238%,72.2768%,0.009803,IPO,14222.0,2019-02-21,252.0,-1.6155%,-0.0003,0.9836,0.5184,-0.3687,0.7537%,1.4258%,72.0577%,-0.013115,IPO,14222.0,2019-02-22,252.0,2.1554%,-0.0003,0.9827,0.517,-0.3809,0.7548%,1.4321%,72.2194%,0.006789,IPO,0.003264,0.00225,0.004625,0.0128539999999999,0.0204529999999999
36675,IROBOT CORP,"'...Wouldn't a d/g to ""Sell"" make sense given the current price premium?' -Spruce Point Capital Tweets (2/2)",6,decrease,0.75,0.6,"the suggestion from spruce point capital to downgrade irobot corp to 'sell' indicates a negative outlook, which is likely to lead to a decrease in stock price due to investor sentiment.",0,2019-02-07,IRBT,2019-02-07 15:52:00+00:00,90971.0,46272610,0.0963990464806556,3283487.0,0.0625254735350608,0.0035914669279009,0.0199673790484666,-0.0172072034329175,0.0776470601558685,0.0185372605919838,0.0051528066396713,-0.0086869224905967,0.001650903141126,-0.0135134672746062,0.0356523320078849,0.0835713893175125,0.0093810427933931,-0.0252958964556455,0.0167620666325092,0.0018600751645863,-0.0249734558165073,0.0052588167600333,0.0086214011535048,0.0048144198954105,0.0098755387589335,0.0047192252241075,-0.0068206246942281,-0.0534896776080131,0.0265596471726894,0.0174980219453573,0.00797934923321,0.0354117900133132,0.0359827280044555,0.0008242045878432,0.0094164963811635,0.0181012004613876,-0.0108579155057668,-0.0349375791847705,-0.0357143059372901,-0.0001734936085995,-0.02445082180202,-0.0169982388615608,0.0041909320279955,-0.0040765553712844,0.0063011809252202,0.0318999253213405,0.0082134027034044,0.0271243657916784,0.0084690703079104,0.0643842741847038,0.0035191748756915,-0.0121150817722082,-0.0060572419315576,-0.0537377595901489,0.0250180643051862,0.0297589544206857,-0.0508487820625305,-0.0129870092496275,0.0117860408499836,0.0073358411900699,0.0227272789925336,0.0764674544334411,-0.0501792356371879,0.0070246048271656,0.0102306185290217,-0.051659133285284,0.0066406191326677,-0.0198349226266145,-0.0458480902016162,-0.0091552734375,0.0063952803611755,-0.0089524006471037,0.0106483940035104,-0.0429547168314456,0.0106211230158805,-0.015053023584187,0.0213553123176097,-0.0410104990005493,0.0094665279611945,0.0329869613051414,-0.0084808031097054,-0.0273596905171871,0.0227815154939889,0.0019817273132503,-0.0040205852128565,-0.0095954341813921,-0.0145325614139437,-0.0252949018031358,0.0322792269289493,-0.0672152861952781,0.0151587594300508,0.057337537407875,0.0010162584949284,0.0159744415432214,-0.0039830873720347,0.0207631662487983,0.0168587304651737,0.0532402321696281,-0.0040097860619425,-0.0609612464904785,-0.0026323655620217,0.0119682131335139,-0.0006987392553128,0.0186190865933895,0.0142935728654265,0.020239720121026,-0.2309106737375259,-0.0049504367634654,-0.0154351266101002,-0.042757149785757,0.0118337022140622,0.0318959206342697,0.0190923232585191,0.0118070738390088,0.0155959194526076,-0.0261716973036527,-0.009658102877438,-0.0039267083629965,0.0128730218857526,-0.0450994856655597,0.0098208803683519,-0.0381686799228191,-0.0421433858573436,-0.0031955232843756,0.0625254735350608,0.0035914669279009,0.083741322413787,-0.0136775356070676,0.167890650068651,0.0046061809431117,0.1758465741016994,-0.0175785366699432,0.2290901628082773,0.0500234197358857,0.2163402622036603,0.1851557581188554,0.0246837936189778,-0.1070501362549775,2019-02-08,2019-02-11,2019-02-12,2019-02-13,2019-02-14,2019-02-15,2019-02-19,2019-02-20,2019-02-21,2019-02-22,90971.0,2019-02-07,252.0,9.6399%,0.0006,1.7656,0.5739,-0.8938,3.0835%,3.8203%,34.8531%,0.117497,IRBT,90971.0,2019-02-08,252.0,6.2525%,0.0008,1.7568,0.5469,-0.9487,3.1003%,3.8393%,34.7894%,0.054382,IRBT,90971.0,2019-02-11,252.0,1.9967%,0.0019,1.4184,0.8889,-0.941,2.6138%,3.2556%,35.5445%,0.015981,IRBT,90971.0,2019-02-12,252.0,7.7647%,0.0023,1.4747,0.8568,-0.9066,2.6190%,3.2822%,36.3269%,0.056479,IRBT,90971.0,2019-02-13,252.0,0.5153%,0.0022,1.4549,0.8897,-0.901,2.6051%,3.2600%,36.1398%,0.001044,IRBT,90971.0,2019-02-14,252.0,0.1651%,0.002,1.4541,0.8843,-0.8908,2.5942%,3.2476%,36.1891%,-0.005246,IRBT,90971.0,2019-02-15,252.0,3.5652%,0.0022,1.4875,0.9164,-0.8338,2.5920%,3.2539%,36.5479%,0.0211859999999999,IRBT,90971.0,2019-02-19,252.0,0.9381%,0.0022,1.4882,0.9191,-0.8307,2.5921%,3.2513%,36.4381%,0.006299,IRBT,90971.0,2019-02-20,252.0,1.6762%,0.0022,1.492,0.9266,-0.8176,2.5936%,3.2524%,36.4066%,0.016381,IRBT,90971.0,2019-02-21,252.0,-2.4973%,0.0022,1.4942,0.9262,-0.8132,2.5971%,3.2548%,36.3286%,-0.020785,IRBT,90971.0,2019-02-22,252.0,0.8621%,0.0021,1.4975,0.9138,-0.7856,2.6000%,3.2549%,36.1925%,-0.01824,IRBT,0.171879,0.18786,0.244339,0.240137,0.2449779999999999
36683,IROBOT CORP,'The old wall-st research model has to be causing lost trust in our financial system among the investing public. A firm pumper jaffray increases price tgt on $IRBT to $96 (which is below the current price)...' -Spruce Point Capital Tweets (1/2),6,decrease,0.7,0.6,the downgrade of the price target by a research firm below the current price may lead to decreased investor confidence and a potential decline in stock price.,0,2019-02-07,IRBT,2019-02-07 15:51:00+00:00,90971.0,46272610,0.0963990464806556,3283487.0,0.0625254735350608,0.0035914669279009,0.0199673790484666,-0.0172072034329175,0.0776470601558685,0.0185372605919838,0.0051528066396713,-0.0086869224905967,0.001650903141126,-0.0135134672746062,0.0356523320078849,0.0835713893175125,0.0093810427933931,-0.0252958964556455,0.0167620666325092,0.0018600751645863,-0.0249734558165073,0.0052588167600333,0.0086214011535048,0.0048144198954105,0.0098755387589335,0.0047192252241075,-0.0068206246942281,-0.0534896776080131,0.0265596471726894,0.0174980219453573,0.00797934923321,0.0354117900133132,0.0359827280044555,0.0008242045878432,0.0094164963811635,0.0181012004613876,-0.0108579155057668,-0.0349375791847705,-0.0357143059372901,-0.0001734936085995,-0.02445082180202,-0.0169982388615608,0.0041909320279955,-0.0040765553712844,0.0063011809252202,0.0318999253213405,0.0082134027034044,0.0271243657916784,0.0084690703079104,0.0643842741847038,0.0035191748756915,-0.0121150817722082,-0.0060572419315576,-0.0537377595901489,0.0250180643051862,0.0297589544206857,-0.0508487820625305,-0.0129870092496275,0.0117860408499836,0.0073358411900699,0.0227272789925336,0.0764674544334411,-0.0501792356371879,0.0070246048271656,0.0102306185290217,-0.051659133285284,0.0066406191326677,-0.0198349226266145,-0.0458480902016162,-0.0091552734375,0.0063952803611755,-0.0089524006471037,0.0106483940035104,-0.0429547168314456,0.0106211230158805,-0.015053023584187,0.0213553123176097,-0.0410104990005493,0.0094665279611945,0.0329869613051414,-0.0084808031097054,-0.0273596905171871,0.0227815154939889,0.0019817273132503,-0.0040205852128565,-0.0095954341813921,-0.0145325614139437,-0.0252949018031358,0.0322792269289493,-0.0672152861952781,0.0151587594300508,0.057337537407875,0.0010162584949284,0.0159744415432214,-0.0039830873720347,0.0207631662487983,0.0168587304651737,0.0532402321696281,-0.0040097860619425,-0.0609612464904785,-0.0026323655620217,0.0119682131335139,-0.0006987392553128,0.0186190865933895,0.0142935728654265,0.020239720121026,-0.2309106737375259,-0.0049504367634654,-0.0154351266101002,-0.042757149785757,0.0118337022140622,0.0318959206342697,0.0190923232585191,0.0118070738390088,0.0155959194526076,-0.0261716973036527,-0.009658102877438,-0.0039267083629965,0.0128730218857526,-0.0450994856655597,0.0098208803683519,-0.0381686799228191,-0.0421433858573436,-0.0031955232843756,0.0625254735350608,0.0035914669279009,0.083741322413787,-0.0136775356070676,0.167890650068651,0.0046061809431117,0.1758465741016994,-0.0175785366699432,0.2290901628082773,0.0500234197358857,0.2163402622036603,0.1851557581188554,0.0246837936189778,-0.1070501362549775,2019-02-08,2019-02-11,2019-02-12,2019-02-13,2019-02-14,2019-02-15,2019-02-19,2019-02-20,2019-02-21,2019-02-22,90971.0,2019-02-07,252.0,9.6399%,0.0006,1.7656,0.5739,-0.8938,3.0835%,3.8203%,34.8531%,0.117497,IRBT,90971.0,2019-02-08,252.0,6.2525%,0.0008,1.7568,0.5469,-0.9487,3.1003%,3.8393%,34.7894%,0.054382,IRBT,90971.0,2019-02-11,252.0,1.9967%,0.0019,1.4184,0.8889,-0.941,2.6138%,3.2556%,35.5445%,0.015981,IRBT,90971.0,2019-02-12,252.0,7.7647%,0.0023,1.4747,0.8568,-0.9066,2.6190%,3.2822%,36.3269%,0.056479,IRBT,90971.0,2019-02-13,252.0,0.5153%,0.0022,1.4549,0.8897,-0.901,2.6051%,3.2600%,36.1398%,0.001044,IRBT,90971.0,2019-02-14,252.0,0.1651%,0.002,1.4541,0.8843,-0.8908,2.5942%,3.2476%,36.1891%,-0.005246,IRBT,90971.0,2019-02-15,252.0,3.5652%,0.0022,1.4875,0.9164,-0.8338,2.5920%,3.2539%,36.5479%,0.0211859999999999,IRBT,90971.0,2019-02-19,252.0,0.9381%,0.0022,1.4882,0.9191,-0.8307,2.5921%,3.2513%,36.4381%,0.006299,IRBT,90971.0,2019-02-20,252.0,1.6762%,0.0022,1.492,0.9266,-0.8176,2.5936%,3.2524%,36.4066%,0.016381,IRBT,90971.0,2019-02-21,252.0,-2.4973%,0.0022,1.4942,0.9262,-0.8132,2.5971%,3.2548%,36.3286%,-0.020785,IRBT,90971.0,2019-02-22,252.0,0.8621%,0.0021,1.4975,0.9138,-0.7856,2.6000%,3.2549%,36.1925%,-0.01824,IRBT,0.171879,0.18786,0.244339,0.240137,0.2449779999999999
36691,IROBOT CORP,iRobot shares are trading higher after the company reported strong Q4 results and announced better than expected 2019 EPS and revenue guidance.,6,increase,0.9,0.7,"the strong q4 results and better than expected guidance typically lead to positive investor sentiment, which is likely to drive the stock price higher.",2,2019-02-07,IRBT,2019-02-07 13:24:00+00:00,90971.0,46272610,0.0963990464806556,3283487.0,0.0625254735350608,0.0035914669279009,0.0199673790484666,-0.0172072034329175,0.0776470601558685,0.0185372605919838,0.0051528066396713,-0.0086869224905967,0.001650903141126,-0.0135134672746062,0.0356523320078849,0.0835713893175125,0.0093810427933931,-0.0252958964556455,0.0167620666325092,0.0018600751645863,-0.0249734558165073,0.0052588167600333,0.0086214011535048,0.0048144198954105,0.0098755387589335,0.0047192252241075,-0.0068206246942281,-0.0534896776080131,0.0265596471726894,0.0174980219453573,0.00797934923321,0.0354117900133132,0.0359827280044555,0.0008242045878432,0.0094164963811635,0.0181012004613876,-0.0108579155057668,-0.0349375791847705,-0.0357143059372901,-0.0001734936085995,-0.02445082180202,-0.0169982388615608,0.0041909320279955,-0.0040765553712844,0.0063011809252202,0.0318999253213405,0.0082134027034044,0.0271243657916784,0.0084690703079104,0.0643842741847038,0.0035191748756915,-0.0121150817722082,-0.0060572419315576,-0.0537377595901489,0.0250180643051862,0.0297589544206857,-0.0508487820625305,-0.0129870092496275,0.0117860408499836,0.0073358411900699,0.0227272789925336,0.0764674544334411,-0.0501792356371879,0.0070246048271656,0.0102306185290217,-0.051659133285284,0.0066406191326677,-0.0198349226266145,-0.0458480902016162,-0.0091552734375,0.0063952803611755,-0.0089524006471037,0.0106483940035104,-0.0429547168314456,0.0106211230158805,-0.015053023584187,0.0213553123176097,-0.0410104990005493,0.0094665279611945,0.0329869613051414,-0.0084808031097054,-0.0273596905171871,0.0227815154939889,0.0019817273132503,-0.0040205852128565,-0.0095954341813921,-0.0145325614139437,-0.0252949018031358,0.0322792269289493,-0.0672152861952781,0.0151587594300508,0.057337537407875,0.0010162584949284,0.0159744415432214,-0.0039830873720347,0.0207631662487983,0.0168587304651737,0.0532402321696281,-0.0040097860619425,-0.0609612464904785,-0.0026323655620217,0.0119682131335139,-0.0006987392553128,0.0186190865933895,0.0142935728654265,0.020239720121026,-0.2309106737375259,-0.0049504367634654,-0.0154351266101002,-0.042757149785757,0.0118337022140622,0.0318959206342697,0.0190923232585191,0.0118070738390088,0.0155959194526076,-0.0261716973036527,-0.009658102877438,-0.0039267083629965,0.0128730218857526,-0.0450994856655597,0.0098208803683519,-0.0381686799228191,-0.0421433858573436,-0.0031955232843756,0.0625254735350608,0.0035914669279009,0.083741322413787,-0.0136775356070676,0.167890650068651,0.0046061809431117,0.1758465741016994,-0.0175785366699432,0.2290901628082773,0.0500234197358857,0.2163402622036603,0.1851557581188554,0.0246837936189778,-0.1070501362549775,2019-02-08,2019-02-11,2019-02-12,2019-02-13,2019-02-14,2019-02-15,2019-02-19,2019-02-20,2019-02-21,2019-02-22,90971.0,2019-02-07,252.0,9.6399%,0.0006,1.7656,0.5739,-0.8938,3.0835%,3.8203%,34.8531%,0.117497,IRBT,90971.0,2019-02-08,252.0,6.2525%,0.0008,1.7568,0.5469,-0.9487,3.1003%,3.8393%,34.7894%,0.054382,IRBT,90971.0,2019-02-11,252.0,1.9967%,0.0019,1.4184,0.8889,-0.941,2.6138%,3.2556%,35.5445%,0.015981,IRBT,90971.0,2019-02-12,252.0,7.7647%,0.0023,1.4747,0.8568,-0.9066,2.6190%,3.2822%,36.3269%,0.056479,IRBT,90971.0,2019-02-13,252.0,0.5153%,0.0022,1.4549,0.8897,-0.901,2.6051%,3.2600%,36.1398%,0.001044,IRBT,90971.0,2019-02-14,252.0,0.1651%,0.002,1.4541,0.8843,-0.8908,2.5942%,3.2476%,36.1891%,-0.005246,IRBT,90971.0,2019-02-15,252.0,3.5652%,0.0022,1.4875,0.9164,-0.8338,2.5920%,3.2539%,36.5479%,0.0211859999999999,IRBT,90971.0,2019-02-19,252.0,0.9381%,0.0022,1.4882,0.9191,-0.8307,2.5921%,3.2513%,36.4381%,0.006299,IRBT,90971.0,2019-02-20,252.0,1.6762%,0.0022,1.492,0.9266,-0.8176,2.5936%,3.2524%,36.4066%,0.016381,IRBT,90971.0,2019-02-21,252.0,-2.4973%,0.0022,1.4942,0.9262,-0.8132,2.5971%,3.2548%,36.3286%,-0.020785,IRBT,90971.0,2019-02-22,252.0,0.8621%,0.0021,1.4975,0.9138,-0.7856,2.6000%,3.2549%,36.1925%,-0.01824,IRBT,0.171879,0.18786,0.244339,0.240137,0.2449779999999999
36699,HUNT J B TRANSPORT SERVICES INC,Consolidation In Transportation Technology Is On The Horizon: Vancouver Panel,6,uncertain,0.6,0.3,"the news about consolidation in transportation technology could have mixed implications for hunt j b transport services inc, depending on how the company adapts to or benefits from these changes in the industry.",1,2019-02-07,JBHT,2019-02-07 21:49:00+00:00,42877.0,44565810,0.0045103402808308,1722994.0,0.0037659229710698,-0.0080350376665592,0.0032027678098529,0.0081001222133636,0.016966164112091,0.0075118015520274,-0.0037671376485377,0.0073804268613457,0.0093634724617004,0.000560829648748,0.0132012823596596,0.0160509292036294,0.0019368010107427,0.0080421632155776,-0.0001757019927026,0.0008623643079772,-0.0205642320215702,0.0160646624863147,-0.0209959298372268,0.008047891780734,-0.0157639198005199,-0.0184008050709962,0.0056802364997565,-0.0217698384076356,-0.0091666467487812,0.0619495846331119,0.0061676106415688,0.0306343603879213,-0.0041794087737798,-0.0013391519896686,-0.0105391237884759,-0.0094888303428888,-0.0305400881916284,0.0054370001889765,0.0037919241003692,0.0039135417900979,-0.0129794301465153,0.0013405925128608,-0.0011776520404964,0.0113684190437197,0.0278050880879163,0.028314022347331,-0.0068827187642455,-0.0012853764928877,0.01472710352391,0.0271757207810878,-0.0121418973430991,-0.0252037588506937,-0.0080660302191972,0.0021495802793651,0.0080347936600446,-0.0020379966590553,-0.0348602458834648,-0.0060767554678022,-0.0080596767365932,0.0123030366376042,0.0037114566657692,0.0449983701109886,-0.0251848567277193,-0.0239956006407737,-0.0097396411001682,-0.0170940365642309,0.0155295580625534,0.0058766016736626,0.0102966884151101,-0.0179544761776924,0.0189707856625318,-0.0011742166243493,0.0030698906630277,0.010680740699172,0.0213248692452907,-0.0331699214875698,-0.0022232551127672,-0.0247202459722757,0.0031001714523881,-0.0036489013582468,0.0071469754911959,-0.0125112598761916,0.0038358413148671,0.000701195152942,-0.0064004408195614,-0.0347095020115375,-0.0097106248140335,0.0278247352689504,-0.0060194442048668,-0.0417103581130504,0.0226606726646423,-0.0126927271485328,0.0189112070947885,0.001129543990828,-0.0110611198469996,-0.0220913253724575,-0.0494786836206913,0.0254860948771238,-0.0176505446434021,-0.0188923962414264,-0.0131966602057218,0.0243809856474399,0.014504718594253,-0.0022716314997524,-0.0063882060348987,0.0122640486806631,0.0052046347409486,-0.0381531603634357,-0.0167512837797403,0.0139226829633116,0.0151781234890222,0.0043168081901967,-0.0275630503892898,0.0127351861447095,-0.0118188187479972,-0.0018971442477777,-0.0282600093632936,-0.0073446216993033,0.031913798302412,-0.0048726038075983,0.0156646445393562,-0.0231578834354877,0.0073989066295325,-0.0141364810988307,0.0037659229710698,-0.0080350376665592,0.0069807521577889,-2.4028368184048077e-10,0.0240653528566148,0.0075118013099388,0.029760243083154,0.0155168812158561,0.0022044437836494,0.0662479125630144,-0.1040690891924566,0.1958172925883901,-0.1096167709411904,-0.0196410819630683,2019-02-08,2019-02-11,2019-02-12,2019-02-13,2019-02-14,2019-02-15,2019-02-19,2019-02-20,2019-02-21,2019-02-22,42877.0,2019-02-07,252.0,0.4510%,-0.0001,0.957,0.5589,0.4405,1.2167%,1.5699%,39.9359%,0.012359,JBHT,42877.0,2019-02-08,252.0,0.3766%,-0.0002,0.9565,0.5418,0.4271,1.2123%,1.5662%,40.0842%,0.005565,JBHT,42877.0,2019-02-11,252.0,0.3203%,-0.0002,0.9614,0.5335,0.4253,1.2121%,1.5587%,39.5239%,-0.0027939999999999,JBHT,42877.0,2019-02-12,252.0,1.6966%,-0.0001,0.9685,0.5278,0.4299,1.2114%,1.5623%,39.8709%,0.0044069999999999,JBHT,42877.0,2019-02-13,252.0,-0.3767%,-0.0002,0.9687,0.5246,0.4276,1.2121%,1.5619%,39.7720%,-0.007197,JBHT,42877.0,2019-02-14,252.0,0.9363%,-0.0002,0.9648,0.53,0.4238,1.2083%,1.5573%,39.7928%,0.0110499999999999,JBHT,42877.0,2019-02-15,252.0,1.3201%,-0.0002,0.9674,0.5322,0.4278,1.2081%,1.5569%,39.7900%,-0.001161,JBHT,42877.0,2019-02-19,252.0,0.1937%,-0.0002,0.9675,0.5297,0.4249,1.2081%,1.5565%,39.7518%,-0.002828,JBHT,42877.0,2019-02-20,252.0,-0.0176%,-0.0002,0.9664,0.5289,0.4213,1.2084%,1.5565%,39.7284%,-0.0056159999999999,JBHT,42877.0,2019-02-21,252.0,-2.0564%,-0.0002,0.9661,0.5249,0.421,1.2105%,1.5569%,39.5533%,-0.015749,JBHT,42877.0,2019-02-22,252.0,-2.0996%,-0.0003,0.9698,0.5115,0.4538,1.2190%,1.5619%,39.0897%,-0.0240739999999999,JBHT,0.017924,0.01513,0.019537,0.0233899999999999,-0.026038
36707,JEWETT CAMERON TRADING LTD,Jewett-Cameron Trading Company Reports 250K Share Buyback,6,increase,0.75,0.6,"a share buyback typically signals that a company believes its stock is undervalued, which can lead to increased investor confidence and a potential rise in stock price.",2,2019-02-07,JCTCF,2019-02-07 21:25:00+00:00,83387.0,47733C20,-0.0136849647387862,728.0,0.0430411100387573,0.0190123170614242,-0.041278351098299,0.0019300234271213,0.0,-0.0529801435768604,0.0305555928498506,0.0265126004815101,-0.0363881364464759,-0.0258278362452983,0.0,0.0145940463989973,0.0209790337830781,0.0055945883505046,-0.0383561924099922,-0.006711371243,0.0754986032843589,0.0290055312216281,-0.0423841290175914,0.0125731863081455,0.0262793991714716,-0.0013826279900968,0.0040430906228721,-0.0453333519399166,-0.0295301731675863,0.0489510335028171,0.0822959616780281,-0.0376850254833698,-0.0389776155352592,0.075050950050354,0.0039893896318972,-0.0126714026555419,-0.0423841290175914,0.0370370373129844,0.1065006852149963,-0.0366363674402236,-0.024999976158142,0.0426637306809425,0.0187050979584455,0.0402476377785205,-0.0372393131256103,-0.1363636404275894,0.0183006357401609,-0.0006680179503746,0.0372272096574306,-0.0059760427102446,0.0086633283644914,0.0590716712176799,-0.0306747891008853,0.0,0.0569620616734027,-0.0313351526856422,-0.0419162102043628,0.0152144031599164,0.0012500286102294,-0.0282258111983537,0.0141572412103414,0.027624350041151,0.0106605989858508,-0.0027548838406801,-0.0365408286452293,-0.0447367988526821,0.0208596661686897,0.0228802263736724,0.1083591356873512,-0.0053547471761703,-0.0391060821712017,0.0080971587449312,-0.0058139753527939,-0.0952380672097206,0.0350877419114112,0.0111110117286443,0.022598847746849,0.0771277099847793,0.0165745429694652,0.0013315249234437,0.009782625362277,0.0080537479370832,-0.0226049553602933,0.0043815020471811,0.0,0.018887335434556,-0.0506607964634895,-0.0122116254642605,0.0034802474547177,-0.0100739132612943,0.0057803690433502,0.017076501622796,-0.0034482453484088,-0.0013642226113006,-0.0028834622353315,-0.0342556275427341,-0.0919607281684875,0.0383037216961383,0.0254777446389198,-0.0027285104151815,-0.003155299462378,-0.0880816355347633,-0.0541584454476833,0.0236230678856372,0.0079051302745938,0.0198052152991294,0.0444444008171558,0.0405405014753341,0.0,-0.106280155479908,-0.0206508096307516,-0.0510029383003711,-0.0174696072936058,-0.0056979190558195,0.0047734570689499,0.0203487481921911,0.0032362584024667,0.0225922167301178,0.042580634355545,0.00960383284837,-0.0259901043027639,-0.0501818358898162,-0.0279542300850153,-0.0362528264522552,0.0430411100387573,0.0190123170614242,-1.390711138204992e-05,0.020979034705878,-1.390711138204992e-05,-0.0331125811418037,-0.0069582152132213,-0.0331125800467666,0.0041527269117858,0.0209647373856176,0.1402619513714067,0.0055096296792744,0.0624852643509794,-0.1978022180625847,2019-02-08,2019-02-11,2019-02-12,2019-02-13,2019-02-14,2019-02-15,2019-02-19,2019-02-20,2019-02-21,2019-02-22,83387.0,2019-02-07,252.0,-1.3685%,0.0001,-0.1558,0.1178,-0.2334,2.7793%,2.7862%,0.4889%,-0.0142639999999999,JCTCF,83387.0,2019-02-08,252.0,4.3041%,0.0002,-0.1628,0.1028,-0.2726,2.7912%,2.7989%,0.5473%,0.041412,JCTCF,83387.0,2019-02-11,252.0,-4.1278%,0.0001,-0.1692,0.0527,-0.303,2.8032%,2.8109%,0.5430%,-0.0412019999999999,JCTCF,83387.0,2019-02-12,252.0,0.0000%,0.0001,-0.1652,0.0488,-0.3002,2.8030%,2.8104%,0.5199%,0.001676,JCTCF,83387.0,2019-02-13,252.0,3.0556%,0.0003,-0.1497,0.0351,-0.2951,2.8058%,2.8123%,0.4582%,0.031099,JCTCF,83387.0,2019-02-14,252.0,-3.6388%,0.0,-0.1427,0.0128,-0.2671,2.8092%,2.8146%,0.3784%,-0.038697,JCTCF,83387.0,2019-02-15,252.0,0.0000%,0.0,-0.145,0.011,-0.2706,2.8091%,2.8146%,0.3862%,0.002762,JCTCF,83387.0,2019-02-19,252.0,2.0979%,0.0001,-0.14,0.0236,-0.2567,2.8125%,2.8176%,0.3614%,0.021934,JCTCF,83387.0,2019-02-20,252.0,-3.8356%,-0.0,-0.1503,0.0007,-0.2933,2.8220%,2.8281%,0.4285%,-0.03683,JCTCF,83387.0,2019-02-21,252.0,7.5499%,0.0004,-0.1771,-0.0377,-0.3431,2.8552%,2.8631%,0.5529%,0.074169,JCTCF,83387.0,2019-02-22,252.0,-4.2384%,0.0002,-0.1699,-0.0619,-0.2782,2.8691%,2.8752%,0.4217%,-0.04617,JCTCF,0.027148,-0.0140539999999999,-0.0123779999999999,-0.0199759999999999,-0.0041109999999999
36715,KELLOGG CO,"Kellogg shares are trading lower after the company reported Q4 sales of $3.317 billion, missing the $3.33 billion estimate.",6,decrease,0.8,0.7,"the missed sales estimate typically leads to negative investor sentiment, resulting in a decrease in stock price.",0,2019-02-07,K,2019-02-07 16:35:00+00:00,26825.0,48783610,-0.0561189949512481,8770923.0,-0.0085959807038307,0.0003381883434485,0.005599666852504,0.0037338973488658,0.0154481884092092,0.0037478262092918,0.0076065859757363,-0.005253305658698,-0.0066713001579046,0.0204045735299587,0.0037115425802767,-0.0068692723289132,0.0110934535041451,0.0018926464254036,0.017938045784831,0.005884391721338,-0.0020530184265226,0.002081146929413,-0.0274301767349243,-0.0248604975640773,-0.0188612677156925,0.0073253884911537,0.0046711880713701,-0.0122833512723445,-0.0028612276073545,0.0025303901638835,0.0089670019224286,0.0027063575107604,0.0103093115612864,-0.0032035480253398,-0.0293807089328765,0.0131534067913889,0.0029298635199666,-0.0006828425102867,-0.0054774372838437,0.004975140094757,-0.0031210202723741,0.0058671291917562,0.0047882529906928,0.0010364721529185,-0.0075146597810089,0.0055584451183676,0.0001846412051236,0.0047120498493313,-0.0101550817489624,0.0098695373162627,0.0037306614685803,0.001765577122569,0.008548580110073,-0.0064900708384811,0.0,-0.0041921688243746,0.0025796827394515,0.0019251069752499,-0.005513678304851,-0.0001750155061017,0.0437996461987495,0.0238266177475452,0.0046034371480345,-0.0315752886235714,-0.0012337593361735,0.0055826883763074,0.0158814452588558,-0.0233429707586765,-0.0109432181343436,-0.0027187741361558,0.000526915944647,-0.0064156856387853,0.0071967672556638,-0.0187210254371166,-0.023701649159193,-0.0113021889701485,0.0058907177299261,0.0008196596172638,0.005501355510205,0.0021357166115194,-0.00370630226098,0.0094527313485741,0.0062001501210033,-0.008875754661858,0.0123239569365978,-0.0070181214250624,-0.0059130461886525,-0.0076125883497297,0.0068229422904551,-0.0218630749732255,-0.0034752523060888,-0.0083268275484442,0.0038361155893653,0.015177889727056,0.0135487020015716,0.0103834113106131,0.0006855341489426,0.0056224656291306,-0.005137852858752,0.0121951214969158,0.006197290495038,-0.0038872961886227,-0.0015397801762446,-0.0024236179888248,0.0011994463857263,0.0029168741311877,0.002396018942818,0.0003242090751882,-0.0107563780620694,-0.00064799800748,0.0251985322684049,-0.0126359714195132,0.0040403679013252,0.0009606367675587,0.0110663957893848,-0.0151371667161583,-0.0150912078097462,-0.0136859230697155,-0.0338440537452697,-0.0109213823452591,-0.015859181061387,-0.0026081339456141,0.0164689272642135,0.0141590740531683,-0.0085959807038307,0.0003381883434485,-0.0030444484795386,0.0040733484528734,0.0123567087159566,0.0078364408642566,0.0132521787186901,0.0229984092890707,0.0159383837650228,0.0005073357660545,0.0265373154030397,0.0263705842763459,0.038477999353661,-0.0714096886155984,2019-02-08,2019-02-11,2019-02-12,2019-02-13,2019-02-14,2019-02-15,2019-02-19,2019-02-20,2019-02-21,2019-02-22,26825.0,2019-02-07,252.0,-5.6119%,-0.0004,0.33,-0.3269,0.0409,1.3848%,1.4389%,7.3816%,-0.053884,K,26825.0,2019-02-08,252.0,-0.8596%,-0.0004,0.331,-0.3147,0.0535,1.3838%,1.4370%,7.2660%,-0.008547,K,26825.0,2019-02-11,252.0,0.5600%,-0.0006,0.3888,-0.3595,0.0595,1.3570%,1.4266%,9.5281%,0.00699,K,26825.0,2019-02-12,252.0,1.5448%,-0.0006,0.3865,-0.3488,0.0564,1.3560%,1.4240%,9.3289%,0.010234,K,26825.0,2019-02-13,252.0,0.7607%,-0.0005,0.3923,-0.3555,0.057,1.3552%,1.4248%,9.5245%,0.006594,K,26825.0,2019-02-14,252.0,-0.6671%,-0.0005,0.3926,-0.3575,0.0598,1.3549%,1.4247%,9.5624%,-0.003768,K,26825.0,2019-02-15,252.0,0.3712%,-0.0005,0.3938,-0.3564,0.0618,1.3548%,1.4247%,9.5644%,-0.0002189999999999,K,26825.0,2019-02-19,252.0,1.1093%,-0.0006,0.3879,-0.3377,0.0834,1.3465%,1.4129%,9.1736%,0.011094,K,26825.0,2019-02-20,252.0,1.7938%,-0.0005,0.393,-0.326,0.1015,1.3512%,1.4176%,9.1477%,0.0173849999999999,K,26825.0,2019-02-21,252.0,-0.2053%,-0.0005,0.3938,-0.3243,0.1031,1.3511%,1.4176%,9.1613%,-0.000694,K,26825.0,2019-02-22,252.0,-2.7430%,-0.0005,0.3968,-0.3096,0.1527,1.3576%,1.4227%,8.9398%,-0.026791,K,-0.062431,-0.055441,-0.045207,-0.042381,-0.041606
36723,KELLOGG CO,"Kellogg Q4 EPS $0.93 Beats $0.88 Estimate, Sales $3.317B Miss $3.33B Estimate",6,uncertain,0.6,0.3,"while kellogg's q4 eps beat estimates, the sales miss could create mixed reactions among investors, leading to uncertainty in the stock price movement.",1,2019-02-07,K,2019-02-07 13:03:00+00:00,26825.0,48783610,-0.0561189949512481,8770923.0,-0.0085959807038307,0.0003381883434485,0.005599666852504,0.0037338973488658,0.0154481884092092,0.0037478262092918,0.0076065859757363,-0.005253305658698,-0.0066713001579046,0.0204045735299587,0.0037115425802767,-0.0068692723289132,0.0110934535041451,0.0018926464254036,0.017938045784831,0.005884391721338,-0.0020530184265226,0.002081146929413,-0.0274301767349243,-0.0248604975640773,-0.0188612677156925,0.0073253884911537,0.0046711880713701,-0.0122833512723445,-0.0028612276073545,0.0025303901638835,0.0089670019224286,0.0027063575107604,0.0103093115612864,-0.0032035480253398,-0.0293807089328765,0.0131534067913889,0.0029298635199666,-0.0006828425102867,-0.0054774372838437,0.004975140094757,-0.0031210202723741,0.0058671291917562,0.0047882529906928,0.0010364721529185,-0.0075146597810089,0.0055584451183676,0.0001846412051236,0.0047120498493313,-0.0101550817489624,0.0098695373162627,0.0037306614685803,0.001765577122569,0.008548580110073,-0.0064900708384811,0.0,-0.0041921688243746,0.0025796827394515,0.0019251069752499,-0.005513678304851,-0.0001750155061017,0.0437996461987495,0.0238266177475452,0.0046034371480345,-0.0315752886235714,-0.0012337593361735,0.0055826883763074,0.0158814452588558,-0.0233429707586765,-0.0109432181343436,-0.0027187741361558,0.000526915944647,-0.0064156856387853,0.0071967672556638,-0.0187210254371166,-0.023701649159193,-0.0113021889701485,0.0058907177299261,0.0008196596172638,0.005501355510205,0.0021357166115194,-0.00370630226098,0.0094527313485741,0.0062001501210033,-0.008875754661858,0.0123239569365978,-0.0070181214250624,-0.0059130461886525,-0.0076125883497297,0.0068229422904551,-0.0218630749732255,-0.0034752523060888,-0.0083268275484442,0.0038361155893653,0.015177889727056,0.0135487020015716,0.0103834113106131,0.0006855341489426,0.0056224656291306,-0.005137852858752,0.0121951214969158,0.006197290495038,-0.0038872961886227,-0.0015397801762446,-0.0024236179888248,0.0011994463857263,0.0029168741311877,0.002396018942818,0.0003242090751882,-0.0107563780620694,-0.00064799800748,0.0251985322684049,-0.0126359714195132,0.0040403679013252,0.0009606367675587,0.0110663957893848,-0.0151371667161583,-0.0150912078097462,-0.0136859230697155,-0.0338440537452697,-0.0109213823452591,-0.015859181061387,-0.0026081339456141,0.0164689272642135,0.0141590740531683,-0.0085959807038307,0.0003381883434485,-0.0030444484795386,0.0040733484528734,0.0123567087159566,0.0078364408642566,0.0132521787186901,0.0229984092890707,0.0159383837650228,0.0005073357660545,0.0265373154030397,0.0263705842763459,0.038477999353661,-0.0714096886155984,2019-02-08,2019-02-11,2019-02-12,2019-02-13,2019-02-14,2019-02-15,2019-02-19,2019-02-20,2019-02-21,2019-02-22,26825.0,2019-02-07,252.0,-5.6119%,-0.0004,0.33,-0.3269,0.0409,1.3848%,1.4389%,7.3816%,-0.053884,K,26825.0,2019-02-08,252.0,-0.8596%,-0.0004,0.331,-0.3147,0.0535,1.3838%,1.4370%,7.2660%,-0.008547,K,26825.0,2019-02-11,252.0,0.5600%,-0.0006,0.3888,-0.3595,0.0595,1.3570%,1.4266%,9.5281%,0.00699,K,26825.0,2019-02-12,252.0,1.5448%,-0.0006,0.3865,-0.3488,0.0564,1.3560%,1.4240%,9.3289%,0.010234,K,26825.0,2019-02-13,252.0,0.7607%,-0.0005,0.3923,-0.3555,0.057,1.3552%,1.4248%,9.5245%,0.006594,K,26825.0,2019-02-14,252.0,-0.6671%,-0.0005,0.3926,-0.3575,0.0598,1.3549%,1.4247%,9.5624%,-0.003768,K,26825.0,2019-02-15,252.0,0.3712%,-0.0005,0.3938,-0.3564,0.0618,1.3548%,1.4247%,9.5644%,-0.0002189999999999,K,26825.0,2019-02-19,252.0,1.1093%,-0.0006,0.3879,-0.3377,0.0834,1.3465%,1.4129%,9.1736%,0.011094,K,26825.0,2019-02-20,252.0,1.7938%,-0.0005,0.393,-0.326,0.1015,1.3512%,1.4176%,9.1477%,0.0173849999999999,K,26825.0,2019-02-21,252.0,-0.2053%,-0.0005,0.3938,-0.3243,0.1031,1.3511%,1.4176%,9.1613%,-0.000694,K,26825.0,2019-02-22,252.0,-2.7430%,-0.0005,0.3968,-0.3096,0.1527,1.3576%,1.4227%,8.9398%,-0.026791,K,-0.062431,-0.055441,-0.045207,-0.042381,-0.041606
36731,K K R & CO INC,'KKR takes stake in Nordic region's biggest insurance broker' -FT,6,increase,0.7,0.6,"kkr's investment in a major insurance broker in the nordic region suggests strategic growth and potential for increased revenue, which is likely to positively impact its stock price.",2,2019-02-07,KKR,2019-02-07 18:23:00+00:00,11990.0,48251W10,0.0004303024616092,5748191.0,0.0019354871474206,-0.0210615005344152,0.0116530191153287,0.0012653179001063,0.007252562791109,0.0097955511882901,-0.0046590683050453,0.0458796769380569,-0.0046808770857751,-0.0048758289776742,0.0059855193831026,0.0044523770920932,0.0072248224169015,-0.0140474801883101,-0.0021097529679536,-0.0021900674328207,0.000422842655098,0.021019646897912,-0.0131022594869136,0.0031404078472405,-0.0239828452467918,0.005866474006325,0.0,-0.0289219915866851,0.001755112200044,0.0075055221095681,-0.0262812264263629,0.0179775115102529,0.0148448012769222,0.0545023493468761,0.0230496656149625,0.0163776557892561,-0.0090987468138337,-0.0066985352896153,-0.0043725571595132,-0.0104167237877845,-0.0021959219593554,-0.0167597159743309,-0.0145246451720595,0.0165641456842422,0.0254577808082103,0.021266246214509,0.0100174853578209,0.0345000252127647,0.0271668452769517,0.0689471364021301,0.0134340766817331,-0.0463813319802284,0.0008285194053314,-0.0005093388608656,0.0144867710769176,-0.0005091766361147,-0.0122399488463997,-0.0100806839764118,-0.0053696474060416,0.0112130120396614,0.0182724483311176,0.0503212250769138,-0.0350734330713748,-0.0178759284317493,-0.0042265588417649,-0.004709584172815,0.0055178725160658,-0.0124030886217951,-0.019839646294713,-0.0281265433877706,0.0017226923955604,0.0055555864237248,0.0098882000893354,-0.01590465195477,0.0272456109523773,-0.0322270356118679,-0.0364690907299518,-0.0170212164521217,0.01462366245687,0.0114777507260441,0.0025434279814362,-0.0094742188230156,0.0063424785621464,0.0052381241694092,-0.0063025052659213,-0.028227699920535,-0.0317124724388122,-0.0265765823423862,0.0074235843494534,-0.0613107345998287,-0.0043346504680812,0.0318498909473419,0.0161080043762922,0.0079155806452035,0.0004284588212613,-0.0113043580204248,0.0218415521085262,0.0304659642279148,-0.016345402225852,-0.0158730428665876,0.0123562384396791,0.0234657246619463,-0.0143097704276442,0.0193192306905984,0.0153715033084154,0.0382043570280075,0.0021025750320404,-0.0075829308480024,0.0117499241605401,-0.0334401987493038,0.0186644066125154,-0.0210762023925781,0.0101791536435484,-0.0053524011746048,-0.0145102264359593,-0.0196764655411243,0.0077709048055112,0.0026304854545742,-0.0170454587787389,-0.0411938391625881,0.0185797177255153,-0.0265957284718751,-0.0206728912889957,-0.0121260806918144,0.0019354871474206,-0.0210615005344152,0.0136110605314758,-0.0198228321279382,0.0209623383937431,-0.0102214565064542,0.0114488715908347,0.0301418575018295,0.0097192029673471,0.0426199550931225,0.0231244470674971,0.221871662069869,0.0447458452944582,-0.0606305713348388,2019-02-08,2019-02-11,2019-02-12,2019-02-13,2019-02-14,2019-02-15,2019-02-19,2019-02-20,2019-02-21,2019-02-22,11990.0,2019-02-07,252.0,0.0430%,0.0003,1.3081,0.7162,0.1561,1.3509%,1.9758%,53.2482%,0.0128119999999999,KKR,11990.0,2019-02-08,252.0,0.1935%,0.0003,1.3081,0.7106,0.1523,1.3504%,1.9755%,53.2721%,0.001377,KKR,11990.0,2019-02-11,252.0,1.1653%,0.0004,1.2972,0.7269,0.1554,1.3495%,1.9508%,52.1453%,0.004681,KKR,11990.0,2019-02-12,252.0,0.7253%,0.0004,1.2968,0.7196,0.1564,1.3500%,1.9510%,52.1184%,-0.0103709999999999,KKR,11990.0,2019-02-13,252.0,-0.4659%,0.0003,1.2945,0.7196,0.1542,1.3512%,1.9489%,51.9277%,-0.008931,KKR,11990.0,2019-02-14,252.0,-0.4681%,0.0004,1.2969,0.7174,0.1546,1.3470%,1.9473%,52.1457%,-0.00491,KKR,11990.0,2019-02-15,252.0,0.5986%,0.0003,1.2948,0.7142,0.1495,1.3484%,1.9451%,51.9460%,-0.011306,KKR,11990.0,2019-02-19,252.0,0.7225%,0.0003,1.2866,0.7273,0.1649,1.3374%,1.9286%,51.9095%,0.0021449999999999,KKR,11990.0,2019-02-20,252.0,-0.2110%,0.0002,1.2852,0.7273,0.1608,1.3375%,1.9285%,51.9005%,-0.0071619999999999,KKR,11990.0,2019-02-21,252.0,0.0423%,0.0003,1.2819,0.7218,0.1547,1.3375%,1.9256%,51.7546%,0.005957,KKR,11990.0,2019-02-22,252.0,-1.3102%,0.0002,1.2853,0.7165,0.1907,1.3455%,1.9275%,51.2736%,-0.023231,KKR,0.0141889999999999,0.0188699999999999,0.008499,-0.005342,-0.038939
36739,K K R & CO INC,Onestream Software To Receive Significant Investment From KKR Bringing Onestream's Valuation To $1B+,6,increase,0.8,0.6,"the significant investment in onestream software, which raises its valuation to over $1 billion, suggests kkr's strong growth potential and could positively influence investor sentiment towards kkr & co inc.",2,2019-02-07,KKR,2019-02-07 11:36:00+00:00,11990.0,48251W10,0.0004303024616092,5748191.0,0.0019354871474206,-0.0210615005344152,0.0116530191153287,0.0012653179001063,0.007252562791109,0.0097955511882901,-0.0046590683050453,0.0458796769380569,-0.0046808770857751,-0.0048758289776742,0.0059855193831026,0.0044523770920932,0.0072248224169015,-0.0140474801883101,-0.0021097529679536,-0.0021900674328207,0.000422842655098,0.021019646897912,-0.0131022594869136,0.0031404078472405,-0.0239828452467918,0.005866474006325,0.0,-0.0289219915866851,0.001755112200044,0.0075055221095681,-0.0262812264263629,0.0179775115102529,0.0148448012769222,0.0545023493468761,0.0230496656149625,0.0163776557892561,-0.0090987468138337,-0.0066985352896153,-0.0043725571595132,-0.0104167237877845,-0.0021959219593554,-0.0167597159743309,-0.0145246451720595,0.0165641456842422,0.0254577808082103,0.021266246214509,0.0100174853578209,0.0345000252127647,0.0271668452769517,0.0689471364021301,0.0134340766817331,-0.0463813319802284,0.0008285194053314,-0.0005093388608656,0.0144867710769176,-0.0005091766361147,-0.0122399488463997,-0.0100806839764118,-0.0053696474060416,0.0112130120396614,0.0182724483311176,0.0503212250769138,-0.0350734330713748,-0.0178759284317493,-0.0042265588417649,-0.004709584172815,0.0055178725160658,-0.0124030886217951,-0.019839646294713,-0.0281265433877706,0.0017226923955604,0.0055555864237248,0.0098882000893354,-0.01590465195477,0.0272456109523773,-0.0322270356118679,-0.0364690907299518,-0.0170212164521217,0.01462366245687,0.0114777507260441,0.0025434279814362,-0.0094742188230156,0.0063424785621464,0.0052381241694092,-0.0063025052659213,-0.028227699920535,-0.0317124724388122,-0.0265765823423862,0.0074235843494534,-0.0613107345998287,-0.0043346504680812,0.0318498909473419,0.0161080043762922,0.0079155806452035,0.0004284588212613,-0.0113043580204248,0.0218415521085262,0.0304659642279148,-0.016345402225852,-0.0158730428665876,0.0123562384396791,0.0234657246619463,-0.0143097704276442,0.0193192306905984,0.0153715033084154,0.0382043570280075,0.0021025750320404,-0.0075829308480024,0.0117499241605401,-0.0334401987493038,0.0186644066125154,-0.0210762023925781,0.0101791536435484,-0.0053524011746048,-0.0145102264359593,-0.0196764655411243,0.0077709048055112,0.0026304854545742,-0.0170454587787389,-0.0411938391625881,0.0185797177255153,-0.0265957284718751,-0.0206728912889957,-0.0121260806918144,0.0019354871474206,-0.0210615005344152,0.0136110605314758,-0.0198228321279382,0.0209623383937431,-0.0102214565064542,0.0114488715908347,0.0301418575018295,0.0097192029673471,0.0426199550931225,0.0231244470674971,0.221871662069869,0.0447458452944582,-0.0606305713348388,2019-02-08,2019-02-11,2019-02-12,2019-02-13,2019-02-14,2019-02-15,2019-02-19,2019-02-20,2019-02-21,2019-02-22,11990.0,2019-02-07,252.0,0.0430%,0.0003,1.3081,0.7162,0.1561,1.3509%,1.9758%,53.2482%,0.0128119999999999,KKR,11990.0,2019-02-08,252.0,0.1935%,0.0003,1.3081,0.7106,0.1523,1.3504%,1.9755%,53.2721%,0.001377,KKR,11990.0,2019-02-11,252.0,1.1653%,0.0004,1.2972,0.7269,0.1554,1.3495%,1.9508%,52.1453%,0.004681,KKR,11990.0,2019-02-12,252.0,0.7253%,0.0004,1.2968,0.7196,0.1564,1.3500%,1.9510%,52.1184%,-0.0103709999999999,KKR,11990.0,2019-02-13,252.0,-0.4659%,0.0003,1.2945,0.7196,0.1542,1.3512%,1.9489%,51.9277%,-0.008931,KKR,11990.0,2019-02-14,252.0,-0.4681%,0.0004,1.2969,0.7174,0.1546,1.3470%,1.9473%,52.1457%,-0.00491,KKR,11990.0,2019-02-15,252.0,0.5986%,0.0003,1.2948,0.7142,0.1495,1.3484%,1.9451%,51.9460%,-0.011306,KKR,11990.0,2019-02-19,252.0,0.7225%,0.0003,1.2866,0.7273,0.1649,1.3374%,1.9286%,51.9095%,0.0021449999999999,KKR,11990.0,2019-02-20,252.0,-0.2110%,0.0002,1.2852,0.7273,0.1608,1.3375%,1.9285%,51.9005%,-0.0071619999999999,KKR,11990.0,2019-02-21,252.0,0.0423%,0.0003,1.2819,0.7218,0.1547,1.3375%,1.9256%,51.7546%,0.005957,KKR,11990.0,2019-02-22,252.0,-1.3102%,0.0002,1.2853,0.7165,0.1907,1.3455%,1.9275%,51.2736%,-0.023231,KKR,0.0141889999999999,0.0188699999999999,0.008499,-0.005342,-0.038939
36747,KIMBERLY CLARK CORP,"Kimberly Clark Files For Mixed Shelf Offering, Size Not Disclosed",6,uncertain,0.6,0.3,"the filing for a mixed shelf offering can indicate potential future capital raising, which may be viewed positively or negatively by investors depending on the context and purpose of the offering.",1,2019-02-07,KMB,2019-02-07 16:55:00+00:00,17750.0,49436810,-0.007007734850049,1735823.0,0.0205540042370557,0.0172874927520752,0.0095081552863121,-0.004877143073827,-0.0067642857320606,0.0092178164049983,0.0007758304709568,0.0032321836333721,0.0065466635860502,0.0325391143560409,0.0136072225868701,-0.0025889854878187,0.0095406724140048,0.0009254832984879,-0.0082796514034271,-0.0006474259425885,0.0096981069073081,-0.0297918133437633,-0.0052618798799812,-0.0063307988457381,-0.0110831214115023,-0.0267291646450758,-8.492219785694033e-05,-0.0140326805412769,-0.009340226650238,0.0218588784337043,0.0013714208034798,-0.0032246394548565,-0.0098433746024966,-0.0167951937764883,0.0065698660910129,0.0038709414657205,0.0020611290819942,-0.0081057762727141,-0.0047137732617557,0.0046287784352898,0.0006889092037454,0.0232435874640941,0.0060774176381528,-0.0081774238497018,0.0147566376253962,0.013757805339992,0.0016158045036718,0.0134966233745217,0.0058584008365869,0.0112075004726648,-0.0001688551710685,-0.0102871591225266,0.0146897891536355,-0.0188695937395095,-0.0051585217006504,0.0064482232555747,0.0030944447498768,0.0030122825410217,-0.003084898693487,0.0191422365605831,0.0158066358417272,0.0364997796714305,0.0048575988039374,-0.0784820914268493,-0.0011470658937469,0.0164810847491025,0.0095972288399934,0.0016684443689882,0.0021936679258942,0.0038786565419286,0.0043777944520115,-0.0064809760078787,8.073401113506407e-05,-0.0275932364165782,-0.0091202976182103,-0.008277054876089,-0.0009773977799341,0.0393258742988109,-0.0071749277412891,-0.0158949885517358,0.0018066947814077,0.0182074028998613,-0.0005738150211982,0.0016740303253754,-0.002296577906236,0.005225368309766,-0.0024663191288709,0.0124433515593409,0.0026372782886028,-0.0060076005756855,0.0074798292480409,-0.0188957285135984,0.0049767531454563,0.0036538131535053,-0.0014612786471843,0.0080680362880229,0.0026016235351562,-0.0122996810823679,0.0010541457450017,0.0215006228536367,0.0008100940030999,0.0017727082595229,0.0542290322482585,0.0194271393120288,-0.0355470031499862,-0.0083333365619182,-0.0097118392586708,0.0104119656607508,-0.0031350431963801,-0.0073694591410458,0.0139504531398415,0.0043324823491275,-0.0038969132583588,-0.0017120421398431,0.0249900594353675,0.0091843418776988,-0.022667109966278,-0.0037144052330404,0.0142663652077317,0.0084970332682132,0.0018858860712498,0.0208935532718896,0.0031372669618576,-0.0026048822328448,0.0205540042370557,0.0172874927520751,0.0302575901874093,0.0123260361027086,0.0232886334697575,0.0216574716455031,0.0307868557933597,0.0583109356678273,0.0506351260451245,0.0179224422781392,0.0862865003436452,-0.0154376328346533,0.1383534770957197,0.0714585250695301,2019-02-08,2019-02-11,2019-02-12,2019-02-13,2019-02-14,2019-02-15,2019-02-19,2019-02-20,2019-02-21,2019-02-22,17750.0,2019-02-07,252.0,-0.7008%,0.0002,0.3877,-0.519,0.0442,1.4162%,1.5004%,10.9046%,-0.004321,KMB,17750.0,2019-02-08,252.0,2.0554%,0.0003,0.3839,-0.5131,0.0319,1.4201%,1.5025%,10.6638%,0.020669,KMB,17750.0,2019-02-11,252.0,0.9508%,0.0003,0.4018,-0.514,0.0408,1.4200%,1.5030%,10.7401%,0.0121839999999999,KMB,17750.0,2019-02-12,252.0,-0.6764%,0.0003,0.4017,-0.5231,0.0424,1.4204%,1.5036%,10.7560%,-0.012156,KMB,17750.0,2019-02-13,252.0,0.0776%,0.0003,0.3962,-0.5139,0.0439,1.4184%,1.4985%,10.3992%,-0.000165,KMB,17750.0,2019-02-14,252.0,0.6547%,0.0003,0.3945,-0.5081,0.0365,1.4184%,1.4979%,10.3269%,0.0102049999999999,KMB,17750.0,2019-02-15,252.0,1.3607%,0.0004,0.4049,-0.4977,0.0547,1.4194%,1.5002%,10.4769%,0.010144,KMB,17750.0,2019-02-19,252.0,0.9541%,0.0004,0.4,-0.4823,0.0726,1.4140%,1.4915%,10.1300%,0.009951,KMB,17750.0,2019-02-20,252.0,-0.8280%,0.0003,0.3972,-0.49,0.0623,1.4149%,1.4925%,10.1289%,-0.008478,KMB,17750.0,2019-02-21,252.0,0.9698%,0.0004,0.3898,-0.5028,0.0486,1.4137%,1.4908%,10.0714%,0.010868,KMB,17750.0,2019-02-22,252.0,-0.5262%,0.0004,0.3896,-0.4809,0.0664,1.4100%,1.4845%,9.7913%,-0.004416,KMB,0.016348,0.028532,0.016376,0.026416,0.044485
36755,KARYOPHARM THERAPEUTICS INC,"Karyopharm Reports FDA Panel To Review Selinexor For Treatment of Patients with Triple Class Refractory Multiple Myeloma Who Have Received At Least Three Prior Therapies On Feb. 26, 2019 At 12:30 p.m. EST",6,increase,0.7,0.6,"the fda panel review for selinexor indicates potential progress in treatment options for a challenging patient population, which could positively influence investor sentiment and stock price.",2,2019-02-07,KPTI,2019-02-07 13:44:00+00:00,14316.0,48576U10,-0.0088790142908692,1366924.0,-0.0145576829090714,0.0078300507739186,-0.0204545799642801,-0.0055617564357817,0.0162413399666547,0.0502335652709007,0.0456620566546917,0.0106257554143667,-0.0382095463573932,-0.010514035820961,0.0454029068350791,0.0388350300490856,-0.0043431012891232,-0.0119904531165957,0.0174481831490993,-0.0825082510709762,-0.0385851711034774,0.0088790142908692,-0.4347825944423676,0.0078300507739186,-0.0019724315498024,-0.0240174960345029,-0.0375494174659252,-0.0709939002990722,-0.0965091958642005,0.0154479527845978,-0.0613636299967765,-0.0132113937288522,0.0121064679697156,-0.0090634590014815,0.0741626694798469,0.0247678775340318,-0.040089052170515,-0.0396432690322399,-0.0162413399666547,-0.0078662661835551,-0.023584883660078,-0.0058650504797697,0.0193236544728279,-0.0019512642174959,-0.0236966609954834,0.0019550791475921,0.0825243145227432,0.0168985202908515,-0.0089686010032892,0.0770878195762634,-0.0045248824171721,-0.0230125784873962,0.0704545304179191,0.020277539268136,0.1273885071277618,0.0262869410216808,0.0075329495593905,-0.0119047248736023,0.0093458304181694,0.0076335542835295,0.0777777880430221,0.1074879691004753,-0.0652921125292778,0.0097560882568359,0.0110294008627533,-0.0755355209112167,0.0018182233907282,-0.0033707567490637,0.0217785630375146,-0.0283843055367469,0.0124333379790186,-0.0368034057319164,0.0245614647865295,-0.0114344758912921,-0.0530821792781353,-0.0193680450320243,0.0090415393933653,-0.061243962496519,0.0125448340550065,0.014563069678843,0.0194690506905317,0.0198019612580537,-0.0347222723066806,0.0089910244569182,-0.0197841972112655,-0.0176643133163452,-0.0605504475533962,-0.0350379571318626,0.0410156324505806,-0.036496315151453,-0.0075046834535896,0.0538461953401565,-0.0283554065972566,0.0878660231828689,0.0,-0.0860420316457748,-0.0058365240693092,0.032576497644186,-0.0567514598369598,-0.0559179373085498,-0.0394190959632396,0.0209323801100254,0.0475161522626876,0.0105769820511341,0.0268041472882032,0.0176124610006809,-0.0240963622927665,-0.043071161955595,-0.0123456669971346,-0.0430107116699218,0.0104166064411401,0.0145454406738281,0.0020619030110538,0.0638297721743583,-0.0390946604311466,-0.0582877434790134,0.0064239255152642,0.0242536626756191,0.025531992316246,-0.0758620798587799,-0.0020747361704707,0.0043290206231176,0.0207900013774633,-0.031040258705616,-0.0145576829090714,0.0078300507739186,-0.0347144915841933,0.0022247455028525,-0.019036961477127,0.052570067672182,-0.0134378365111801,0.0525700676936065,-0.4322508269962205,0.0078300467201528,-0.3908174678962119,0.0987805339843166,-0.4501679959353191,-0.2441275107264129,2019-02-08,2019-02-11,2019-02-12,2019-02-13,2019-02-14,2019-02-15,2019-02-19,2019-02-20,2019-02-21,2019-02-22,14316.0,2019-02-07,252.0,-0.8879%,-0.0011,1.8527,1.9901,-0.3934,3.1046%,3.9405%,37.9269%,0.012804,KPTI,14316.0,2019-02-08,252.0,-1.4558%,-0.0013,1.8573,1.9506,-0.4001,3.0919%,3.9287%,38.0611%,-0.0200349999999999,KPTI,14316.0,2019-02-11,252.0,-2.0455%,-0.0019,1.9832,1.7853,-0.4236,3.0304%,3.9206%,40.2557%,-0.035109,KPTI,14316.0,2019-02-12,252.0,1.6241%,-0.0017,2.013,1.7399,-0.4002,3.0074%,3.9121%,40.9019%,-0.011907,KPTI,14316.0,2019-02-13,252.0,4.5662%,-0.0015,2.0229,1.7397,-0.3904,3.0179%,3.9223%,40.7988%,0.039162,KPTI,14316.0,2019-02-14,252.0,-3.8210%,-0.0019,2.0288,1.7135,-0.3542,3.0011%,3.9013%,40.8232%,-0.045372,KPTI,14316.0,2019-02-15,252.0,4.5403%,-0.0018,2.0514,1.7361,-0.3143,3.0034%,3.9096%,40.9824%,0.019794,KPTI,14316.0,2019-02-19,252.0,-0.4343%,-0.0018,2.0501,1.7285,-0.3229,3.0041%,3.9074%,40.8880%,-0.012433,KPTI,14316.0,2019-02-20,252.0,1.7448%,-0.0018,2.0529,1.7304,-0.3141,3.0047%,3.9079%,40.8833%,0.011426,KPTI,14316.0,2019-02-21,252.0,-3.8585%,-0.0019,2.0573,1.7331,-0.3057,3.0099%,3.9119%,40.7987%,-0.030601,KPTI,14316.0,2019-02-22,252.0,-43.4783%,-0.0034,2.1246,1.6136,0.3912,4.1566%,4.7701%,24.0678%,-0.462282,KPTI,-0.0072309999999999,-0.04234,-0.054247,-0.060457,-0.5345530000000001
36763,LEE ENTERPRISES INC,"Lee Enterprises Q1 EPS $0.18 Down From $0.19 YoY, Sales $136.201M Miss $139.75M Estimate",6,decrease,0.75,0.6,"the earnings per share (eps) decreased year-over-year and sales missed estimates, which typically signals weaker performance and can lead to a decline in stock price.",0,2019-02-07,LEE,2019-02-07 12:21:00+00:00,50286.0,52376840,0.0112359439954161,160939.0,-0.007407400291413,-0.007434937171638,-0.0111940186470747,0.0037313397042453,0.0037735812366008,-0.0183150004595518,-0.003759394865483,0.0,-0.0075471624732017,0.0224718879908323,-0.0076046460308134,-0.0219780001789331,0.0114943338558077,-0.0520833656191825,-0.0151515901088714,0.0746268779039383,0.0307692941278219,0.0428016111254692,0.0746268779039383,0.0118110124021768,0.0104166567325592,0.0452674441039562,0.0171821136027574,-0.0318724811077117,0.0101351253688335,-0.0233462825417518,0.0200668703764677,0.0078431302681565,0.0327869318425655,0.0323886312544345,-0.0095238760113716,0.0555556081235408,0.0320513285696506,0.0,-0.0124223483726382,-0.0370371006429195,0.072327047586441,0.0340426228940486,-0.020527908578515,0.0730592906475067,0.0449102111160755,0.0092165805399417,0.0286532677710056,-0.0136363506317138,-0.0083565386012196,0.0426541045308113,-0.0252808760851621,0.0047619002871215,0.0230547320097684,-0.0047393320128321,-0.0197182912379503,-0.0093897739425301,0.0028735604137182,0.0094787776470184,0.0200572870671749,0.014423063956201,-0.0533708035945892,0.055837508291006,-0.0118694249540567,-0.0436892807483673,-0.0570570044219493,0.0198019612580537,0.0063694203272461,0.052083346992731,-0.0158228445798158,0.0105263059958815,0.0257235262542963,-0.0155440270900726,0.0344827249646186,-0.0051546953618526,0.0272727739065885,-0.0628018751740455,0.0176990982145071,0.0048543643206357,-0.0028985480312258,-0.0048309136182069,-0.0319767817854881,-0.023584883660078,-0.0390390008687973,-0.0275230184197425,-0.025000050663948,0.0,0.0128205772489309,-0.0045662056654691,-0.0063291075639426,-0.0045454502105712,-0.022293047979474,-0.0178571250289678,0.0065146517008543,-0.0386265739798545,-0.0129449721425771,-0.0127118527889251,0.0098360562697052,0.0042553152889013,-0.0064935004338622,0.0217391103506088,0.0,-0.017094001173973,0.01307188346982,0.0129870008677244,0.0129032908007502,0.004347822163254,-0.0509554408490657,-0.0212765764445066,-0.0167785082012414,-0.024896340444684,0.0375426262617111,-0.032128483057022,-0.0723684281110763,0.0080971578136086,-0.007092191837728,-0.023715391755104,0.0035714253317564,-0.0155641883611679,-0.0177935771644115,-0.0301887392997741,-0.0072463699616491,0.0114504620432853,-0.0036496315151453,-0.0187266618013382,-0.007407400291413,-0.007434937171638,-0.0185185003614993,-0.0037313397436598,-0.0148148001903926,-0.0219780007140917,-0.0259259007142401,1.0643108616648077e-10,0.0666666866696976,0.0511811455545976,0.233333276520423,0.2961165689778391,0.0111110996336964,-6.027952914600121e-09,2019-02-08,2019-02-11,2019-02-12,2019-02-13,2019-02-14,2019-02-15,2019-02-19,2019-02-20,2019-02-21,2019-02-22,50286.0,2019-02-07,252.0,1.1236%,0.0012,0.3976,0.2765,0.5494,3.1363%,3.1642%,1.7534%,0.012984,LEE,50286.0,2019-02-08,252.0,-0.7407%,0.001,0.3997,0.2401,0.5342,3.1256%,3.1532%,1.7437%,-0.004213,LEE,50286.0,2019-02-11,252.0,-1.1194%,0.0009,0.4086,0.2104,0.5228,3.1266%,3.1542%,1.7389%,-0.014667,LEE,50286.0,2019-02-12,252.0,0.3774%,0.0011,0.4358,0.1743,0.5431,3.1118%,3.1427%,1.9558%,-0.001037,LEE,50286.0,2019-02-13,252.0,-0.3759%,0.0011,0.4369,0.1696,0.5406,3.1120%,3.1429%,1.9557%,-0.005564,LEE,50286.0,2019-02-14,252.0,-0.7547%,0.0009,0.4354,0.1651,0.5503,3.1007%,3.1318%,1.9760%,-0.004476,LEE,50286.0,2019-02-15,252.0,-0.7605%,0.0009,0.4333,0.1613,0.5445,3.1018%,3.1323%,1.9387%,-0.015679,LEE,50286.0,2019-02-19,252.0,1.1494%,0.0008,0.4225,0.1833,0.5701,3.0922%,3.1223%,1.9227%,0.00847,LEE,50286.0,2019-02-20,252.0,-1.5152%,0.0008,0.4189,0.1853,0.5602,3.0916%,3.1212%,1.8905%,-0.019593,LEE,50286.0,2019-02-21,252.0,3.0769%,0.0009,0.4127,0.1799,0.5485,3.0984%,3.1269%,1.8172%,0.033638,LEE,50286.0,2019-02-22,252.0,7.4627%,0.001,0.4034,0.1443,0.4049,3.1266%,3.1513%,1.5637%,0.078917,LEE,0.008771,-0.0058959999999999,-0.0069329999999999,-0.016973,0.06878
36771,LIGAND PHARMACEUTICALS INC,Ligand Raises FY19 Sales Guidance From ~$212M To ~$224M vs $213M Estimate,6,increase,0.8,0.6,"raising sales guidance typically signals positive performance expectations, which can lead to an increase in stock price.",2,2019-02-07,LGND,2019-02-07 21:11:00+00:00,78081.0,53220K50,-0.0095205949619412,745198.0,-0.01750766672194,0.0060720010660588,0.0304856542497873,-0.035151433199644,0.0151733569800853,0.0081524280831217,0.0056780250743031,0.0178662203252315,0.0036532282829284,0.0040809023194015,-0.0001654255756875,0.0143153127282857,-0.0174582209438085,0.0162124130874872,0.0013473993167281,-0.0063566332682967,-0.0145488465204834,0.0158336423337459,0.0187745094299316,0.0113616418093442,0.0345954522490501,-0.0100080138072371,0.002590880729258,-0.0423239842057228,0.0234999265521764,0.0648482665419578,-0.0209878180176019,0.0060881250537931,0.0182140115648508,-0.164832666516304,-0.0288902483880519,0.0264860112220048,-0.0169533118605613,-0.0469226166605949,-0.1168228462338448,-0.0094138318672776,-0.0011265032226219,-0.0425321720540523,-0.0044173044152557,0.0118274912238121,0.0476730205118656,-0.0148802911862731,0.0213551539927721,0.0342649817466735,0.026113798841834,0.0385253354907035,0.0162496734410524,-0.0318248234689235,0.0070220124907791,0.0095799788832664,0.0470469519495964,-0.001030619838275,-0.0048944926820695,-0.0076704146340489,-0.0025802266318351,-0.0070361322723329,0.044219896197319,0.0740105956792831,-0.0333668626844883,-0.0312452781945467,-0.0138555448502302,-0.0253769550472497,8.123232692014426e-05,0.0237970016896724,-0.0189215671271085,-0.0057652313262224,0.0225147027522325,0.0082282507792115,0.0176475383341312,-0.032076571136713,-0.0135231642052531,-0.0347016379237175,-0.0044351508840918,-0.0415736772119998,0.0296452585607767,0.009278742596507,0.0051919133402407,-0.0137934861704707,0.0122084645554423,0.0206716191023588,-0.0044843191280961,-0.0518947839736938,-0.0277259405702352,0.0053020720370113,0.0235641580075025,-0.0579057671129703,-0.002341213170439,0.0278253108263015,0.0,-0.0416109301149845,-0.0160356350243091,0.0119874402880668,-0.0085857529193162,0.0468498542904853,-0.0386496633291244,-0.0021832424681633,0.0185169838368892,0.0395860634744167,0.030628103762865,-0.0110905254259705,0.0201033484190702,0.0176003966480493,-0.0352859199047088,0.0021543512120842,0.0033911843784153,-0.0383271612226963,0.022692522034049,0.0167862754315137,-0.0075536952354013,0.0278078522533178,-0.0022199221421033,-0.0042443554848432,-0.000953477283474,-0.0452821031212806,0.0109758786857128,-0.019673341885209,-0.043269608169794,-0.0736024677753448,0.0185017678886652,0.0503743216395378,-0.01750766672194,0.0060720010660588,0.0124442548534418,-0.0292928716734469,0.0278064329547695,-0.0213792516199911,0.0374184750968809,0.0001700094996031,0.0245451487661436,0.0524244102884297,0.0715757367936109,-0.1121509507426093,0.0629935191287642,-0.2781936361844057,2019-02-08,2019-02-11,2019-02-12,2019-02-13,2019-02-14,2019-02-15,2019-02-19,2019-02-20,2019-02-21,2019-02-22,78081.0,2019-02-07,252.0,-0.9521%,-0.0013,1.1461,0.8347,-0.8212,2.2636%,2.7934%,34.3311%,0.005324,LGND,78081.0,2019-02-08,252.0,-1.7508%,-0.0014,1.1502,0.8394,-0.801,2.2684%,2.7954%,34.1475%,-0.024723,LGND,78081.0,2019-02-11,252.0,3.0486%,-0.0013,1.1771,0.8496,-0.7813,2.2720%,2.7982%,34.0754%,0.025078,LGND,78081.0,2019-02-12,252.0,1.5173%,-0.0013,1.1813,0.8434,-0.7781,2.2714%,2.8000%,34.1912%,-0.002434,LGND,78081.0,2019-02-13,252.0,0.5678%,-0.0013,1.1808,0.8458,-0.7768,2.2715%,2.7984%,34.1127%,0.002309,LGND,78081.0,2019-02-14,252.0,0.3653%,-0.0013,1.1814,0.8451,-0.7764,2.2713%,2.7985%,34.1256%,-0.002871,LGND,78081.0,2019-02-15,252.0,-0.0165%,-0.0014,1.1612,0.8258,-0.8107,2.2701%,2.7914%,33.8665%,-0.012001,LGND,78081.0,2019-02-19,252.0,-1.7458%,-0.0014,1.1629,0.807,-0.8321,2.2704%,2.7934%,33.9424%,-0.0197269999999999,LGND,78081.0,2019-02-20,252.0,0.1347%,-0.0014,1.1639,0.8095,-0.8285,2.2705%,2.7935%,33.9388%,0.001839,LGND,78081.0,2019-02-21,252.0,-1.4549%,-0.0014,1.1659,0.8114,-0.8247,2.2714%,2.7942%,33.9187%,-0.0116809999999999,LGND,78081.0,2019-02-22,252.0,1.8775%,-0.0015,1.1669,0.8007,-0.8229,2.2711%,2.7966%,34.0523%,-0.005489,LGND,-0.019399,0.0056789999999999,0.0032449999999999,0.0026829999999999,-0.044376
36779,LIGAND PHARMACEUTICALS INC,"Ligand Pharmaceuticals Q4 EPS $1.70 Beats $1.18 Estimate, Sales $59.6M Beat $51.26M Estimate",6,increase,0.8,0.7,"the company reported better-than-expected earnings and sales, which typically leads to positive investor sentiment and an increase in stock price.",2,2019-02-07,LGND,2019-02-07 21:10:00+00:00,78081.0,53220K50,-0.0095205949619412,745198.0,-0.01750766672194,0.0060720010660588,0.0304856542497873,-0.035151433199644,0.0151733569800853,0.0081524280831217,0.0056780250743031,0.0178662203252315,0.0036532282829284,0.0040809023194015,-0.0001654255756875,0.0143153127282857,-0.0174582209438085,0.0162124130874872,0.0013473993167281,-0.0063566332682967,-0.0145488465204834,0.0158336423337459,0.0187745094299316,0.0113616418093442,0.0345954522490501,-0.0100080138072371,0.002590880729258,-0.0423239842057228,0.0234999265521764,0.0648482665419578,-0.0209878180176019,0.0060881250537931,0.0182140115648508,-0.164832666516304,-0.0288902483880519,0.0264860112220048,-0.0169533118605613,-0.0469226166605949,-0.1168228462338448,-0.0094138318672776,-0.0011265032226219,-0.0425321720540523,-0.0044173044152557,0.0118274912238121,0.0476730205118656,-0.0148802911862731,0.0213551539927721,0.0342649817466735,0.026113798841834,0.0385253354907035,0.0162496734410524,-0.0318248234689235,0.0070220124907791,0.0095799788832664,0.0470469519495964,-0.001030619838275,-0.0048944926820695,-0.0076704146340489,-0.0025802266318351,-0.0070361322723329,0.044219896197319,0.0740105956792831,-0.0333668626844883,-0.0312452781945467,-0.0138555448502302,-0.0253769550472497,8.123232692014426e-05,0.0237970016896724,-0.0189215671271085,-0.0057652313262224,0.0225147027522325,0.0082282507792115,0.0176475383341312,-0.032076571136713,-0.0135231642052531,-0.0347016379237175,-0.0044351508840918,-0.0415736772119998,0.0296452585607767,0.009278742596507,0.0051919133402407,-0.0137934861704707,0.0122084645554423,0.0206716191023588,-0.0044843191280961,-0.0518947839736938,-0.0277259405702352,0.0053020720370113,0.0235641580075025,-0.0579057671129703,-0.002341213170439,0.0278253108263015,0.0,-0.0416109301149845,-0.0160356350243091,0.0119874402880668,-0.0085857529193162,0.0468498542904853,-0.0386496633291244,-0.0021832424681633,0.0185169838368892,0.0395860634744167,0.030628103762865,-0.0110905254259705,0.0201033484190702,0.0176003966480493,-0.0352859199047088,0.0021543512120842,0.0033911843784153,-0.0383271612226963,0.022692522034049,0.0167862754315137,-0.0075536952354013,0.0278078522533178,-0.0022199221421033,-0.0042443554848432,-0.000953477283474,-0.0452821031212806,0.0109758786857128,-0.019673341885209,-0.043269608169794,-0.0736024677753448,0.0185017678886652,0.0503743216395378,-0.01750766672194,0.0060720010660588,0.0124442548534418,-0.0292928716734469,0.0278064329547695,-0.0213792516199911,0.0374184750968809,0.0001700094996031,0.0245451487661436,0.0524244102884297,0.0715757367936109,-0.1121509507426093,0.0629935191287642,-0.2781936361844057,2019-02-08,2019-02-11,2019-02-12,2019-02-13,2019-02-14,2019-02-15,2019-02-19,2019-02-20,2019-02-21,2019-02-22,78081.0,2019-02-07,252.0,-0.9521%,-0.0013,1.1461,0.8347,-0.8212,2.2636%,2.7934%,34.3311%,0.005324,LGND,78081.0,2019-02-08,252.0,-1.7508%,-0.0014,1.1502,0.8394,-0.801,2.2684%,2.7954%,34.1475%,-0.024723,LGND,78081.0,2019-02-11,252.0,3.0486%,-0.0013,1.1771,0.8496,-0.7813,2.2720%,2.7982%,34.0754%,0.025078,LGND,78081.0,2019-02-12,252.0,1.5173%,-0.0013,1.1813,0.8434,-0.7781,2.2714%,2.8000%,34.1912%,-0.002434,LGND,78081.0,2019-02-13,252.0,0.5678%,-0.0013,1.1808,0.8458,-0.7768,2.2715%,2.7984%,34.1127%,0.002309,LGND,78081.0,2019-02-14,252.0,0.3653%,-0.0013,1.1814,0.8451,-0.7764,2.2713%,2.7985%,34.1256%,-0.002871,LGND,78081.0,2019-02-15,252.0,-0.0165%,-0.0014,1.1612,0.8258,-0.8107,2.2701%,2.7914%,33.8665%,-0.012001,LGND,78081.0,2019-02-19,252.0,-1.7458%,-0.0014,1.1629,0.807,-0.8321,2.2704%,2.7934%,33.9424%,-0.0197269999999999,LGND,78081.0,2019-02-20,252.0,0.1347%,-0.0014,1.1639,0.8095,-0.8285,2.2705%,2.7935%,33.9388%,0.001839,LGND,78081.0,2019-02-21,252.0,-1.4549%,-0.0014,1.1659,0.8114,-0.8247,2.2714%,2.7942%,33.9187%,-0.0116809999999999,LGND,78081.0,2019-02-22,252.0,1.8775%,-0.0015,1.1669,0.8007,-0.8229,2.2711%,2.7966%,34.0523%,-0.005489,LGND,-0.019399,0.0056789999999999,0.0032449999999999,0.0026829999999999,-0.044376
36787,LIGAND PHARMACEUTICALS INC,"Ligand Pharmaceuticals Says On Feb 4 Entered Into  Worldwide Commercial Platform License Agreement With Genagon Therapeutics; Genagon Gained Access To Full Omniab Transgenic Animal Technology Platform;  Ligand Eligible To Receive Milestone Payments, Tiered Royalties Of 4%-6% For Each Product Incorporating Omniab-derived Antibody",6,increase,0.7,0.6,"the licensing agreement with genagon therapeutics provides ligand with potential milestone payments and royalties, which could positively impact future revenue and investor sentiment.",2,2019-02-07,LGND,2019-02-07 11:08:00+00:00,78081.0,53220K50,-0.0095205949619412,745198.0,-0.01750766672194,0.0060720010660588,0.0304856542497873,-0.035151433199644,0.0151733569800853,0.0081524280831217,0.0056780250743031,0.0178662203252315,0.0036532282829284,0.0040809023194015,-0.0001654255756875,0.0143153127282857,-0.0174582209438085,0.0162124130874872,0.0013473993167281,-0.0063566332682967,-0.0145488465204834,0.0158336423337459,0.0187745094299316,0.0113616418093442,0.0345954522490501,-0.0100080138072371,0.002590880729258,-0.0423239842057228,0.0234999265521764,0.0648482665419578,-0.0209878180176019,0.0060881250537931,0.0182140115648508,-0.164832666516304,-0.0288902483880519,0.0264860112220048,-0.0169533118605613,-0.0469226166605949,-0.1168228462338448,-0.0094138318672776,-0.0011265032226219,-0.0425321720540523,-0.0044173044152557,0.0118274912238121,0.0476730205118656,-0.0148802911862731,0.0213551539927721,0.0342649817466735,0.026113798841834,0.0385253354907035,0.0162496734410524,-0.0318248234689235,0.0070220124907791,0.0095799788832664,0.0470469519495964,-0.001030619838275,-0.0048944926820695,-0.0076704146340489,-0.0025802266318351,-0.0070361322723329,0.044219896197319,0.0740105956792831,-0.0333668626844883,-0.0312452781945467,-0.0138555448502302,-0.0253769550472497,8.123232692014426e-05,0.0237970016896724,-0.0189215671271085,-0.0057652313262224,0.0225147027522325,0.0082282507792115,0.0176475383341312,-0.032076571136713,-0.0135231642052531,-0.0347016379237175,-0.0044351508840918,-0.0415736772119998,0.0296452585607767,0.009278742596507,0.0051919133402407,-0.0137934861704707,0.0122084645554423,0.0206716191023588,-0.0044843191280961,-0.0518947839736938,-0.0277259405702352,0.0053020720370113,0.0235641580075025,-0.0579057671129703,-0.002341213170439,0.0278253108263015,0.0,-0.0416109301149845,-0.0160356350243091,0.0119874402880668,-0.0085857529193162,0.0468498542904853,-0.0386496633291244,-0.0021832424681633,0.0185169838368892,0.0395860634744167,0.030628103762865,-0.0110905254259705,0.0201033484190702,0.0176003966480493,-0.0352859199047088,0.0021543512120842,0.0033911843784153,-0.0383271612226963,0.022692522034049,0.0167862754315137,-0.0075536952354013,0.0278078522533178,-0.0022199221421033,-0.0042443554848432,-0.000953477283474,-0.0452821031212806,0.0109758786857128,-0.019673341885209,-0.043269608169794,-0.0736024677753448,0.0185017678886652,0.0503743216395378,-0.01750766672194,0.0060720010660588,0.0124442548534418,-0.0292928716734469,0.0278064329547695,-0.0213792516199911,0.0374184750968809,0.0001700094996031,0.0245451487661436,0.0524244102884297,0.0715757367936109,-0.1121509507426093,0.0629935191287642,-0.2781936361844057,2019-02-08,2019-02-11,2019-02-12,2019-02-13,2019-02-14,2019-02-15,2019-02-19,2019-02-20,2019-02-21,2019-02-22,78081.0,2019-02-07,252.0,-0.9521%,-0.0013,1.1461,0.8347,-0.8212,2.2636%,2.7934%,34.3311%,0.005324,LGND,78081.0,2019-02-08,252.0,-1.7508%,-0.0014,1.1502,0.8394,-0.801,2.2684%,2.7954%,34.1475%,-0.024723,LGND,78081.0,2019-02-11,252.0,3.0486%,-0.0013,1.1771,0.8496,-0.7813,2.2720%,2.7982%,34.0754%,0.025078,LGND,78081.0,2019-02-12,252.0,1.5173%,-0.0013,1.1813,0.8434,-0.7781,2.2714%,2.8000%,34.1912%,-0.002434,LGND,78081.0,2019-02-13,252.0,0.5678%,-0.0013,1.1808,0.8458,-0.7768,2.2715%,2.7984%,34.1127%,0.002309,LGND,78081.0,2019-02-14,252.0,0.3653%,-0.0013,1.1814,0.8451,-0.7764,2.2713%,2.7985%,34.1256%,-0.002871,LGND,78081.0,2019-02-15,252.0,-0.0165%,-0.0014,1.1612,0.8258,-0.8107,2.2701%,2.7914%,33.8665%,-0.012001,LGND,78081.0,2019-02-19,252.0,-1.7458%,-0.0014,1.1629,0.807,-0.8321,2.2704%,2.7934%,33.9424%,-0.0197269999999999,LGND,78081.0,2019-02-20,252.0,0.1347%,-0.0014,1.1639,0.8095,-0.8285,2.2705%,2.7935%,33.9388%,0.001839,LGND,78081.0,2019-02-21,252.0,-1.4549%,-0.0014,1.1659,0.8114,-0.8247,2.2714%,2.7942%,33.9187%,-0.0116809999999999,LGND,78081.0,2019-02-22,252.0,1.8775%,-0.0015,1.1669,0.8007,-0.8229,2.2711%,2.7966%,34.0523%,-0.005489,LGND,-0.019399,0.0056789999999999,0.0032449999999999,0.0026829999999999,-0.044376
36795,LABORATORY CORP AMERICA HLDGS,LabCorp Sees FY19 Adj. EPS $11-$11.40,6,increase,0.7,0.6,"the positive guidance for adjusted eps suggests strong financial performance, which typically boosts investor confidence and can lead to an increase in stock price.",2,2019-02-07,LH,2019-02-07 11:59:00+00:00,12062.0,50540R40,0.0440385229885578,1625188.0,-0.0178353767842054,-0.0047212890349328,-0.0037285683210939,0.0066681024618446,0.0159401427954435,-0.0001418843312421,0.0040930905379354,0.0117689222097396,-0.0029214480891823,0.0070825396105647,0.0232352390885353,0.0128092523664236,-0.0025304979644715,0.0008790850988589,-0.0002669957175385,-0.0065501742064952,-0.0095491996034979,0.007626820821315,0.0029664721805602,0.002647063229233,-0.0112261241301894,0.0022107816766947,-0.0011557425605133,-0.0145243285223841,0.0013612642651423,0.0180393513292074,0.0076129040680825,0.0244641043245792,0.0033053846564143,-0.0045989188365638,-0.0114972870796918,0.0113610792905092,0.0023805662058293,-0.0058369031175971,-0.0146569078788161,0.0077922409400343,0.0041318833827972,0.0093298749998211,0.0048007471486926,0.0103614972904324,0.017063682898879,0.0108678312972188,0.0161063633859157,-0.0076586101204156,0.0232480615377426,0.0344381742179393,-0.013618960045278,-0.021593002602458,0.0100771710276603,0.0005539703415706,0.0034335241653025,0.0148582318797707,0.0069081755355,-0.0007222820422612,-0.0118620544672012,0.0004817533190362,0.0142106441780924,0.0307896137237548,-0.0126679185777902,-0.0265871975570917,-0.0090721165761351,-0.011704702861607,-0.0116400653496384,-0.0218847170472145,-0.0015217396430671,-0.0159411542117595,-0.0019217317458242,-0.0248132087290287,0.0156685747206211,-0.0262717455625534,0.011831596493721,-0.016462692990899,0.0180244762450456,-0.0080937119200825,-0.0057114427909255,-0.0008512103231623,0.0049145030789077,0.0101755512878298,0.0097173629328608,-0.0169766377657651,-0.0013208671007305,-0.0113516934216022,-0.0071172439493238,0.0018139573512598,0.0124968355521559,-0.0320119224488735,-0.0109016066417098,0.0166850313544273,-0.0026604053564369,-0.0999320074915885,0.0102890469133853,-0.0198679435998201,-0.0406110920011997,0.0284058898687362,-0.0553698763251304,-0.010478931479156,0.0073529239743947,0.0032776673324406,-0.0066795288585126,0.0062853600829839,0.0488041117787361,-0.0019254506332799,0.0176483150571584,-0.0043289856985211,0.0049363113939762,-0.0158247482031583,-0.0006463683093897,0.0,0.0055620269849896,0.002624079817906,0.0285567436367273,-0.0034663544502109,0.0077539114281535,-0.0182686429470777,0.0277364179491996,-0.0155744580551981,-0.0041055842302739,-0.0076403403654694,0.0029706305358558,0.0027487059123814,-0.0178353767842054,-0.0047212890349328,-0.0214974446844269,0.0019153313878748,-0.0058999742269902,0.0017731753011196,-0.004747131639593,0.0207415657266398,0.0088158674543448,0.0385294518731487,0.0465210935397946,0.1379310531464432,0.1219313387900635,-0.1739867766846393,2019-02-08,2019-02-11,2019-02-12,2019-02-13,2019-02-14,2019-02-15,2019-02-19,2019-02-20,2019-02-21,2019-02-22,12062.0,2019-02-07,252.0,4.4039%,-0.0005,0.8298,0.1661,0.2025,1.2186%,1.4942%,33.4810%,0.051348,LH,12062.0,2019-02-08,252.0,-1.7835%,-0.0006,0.833,0.1626,0.2134,1.2221%,1.4976%,33.4092%,-0.0173679999999999,LH,12062.0,2019-02-11,252.0,-0.3729%,-0.0006,0.8372,0.1506,0.209,1.2224%,1.4899%,32.6865%,-0.006559,LH,12062.0,2019-02-12,252.0,1.5940%,-0.0006,0.8367,0.155,0.208,1.2224%,1.4900%,32.6927%,0.0047799999999999,LH,12062.0,2019-02-13,252.0,0.4093%,-0.0006,0.8403,0.1499,0.2076,1.2216%,1.4901%,32.7905%,0.0014119999999999,LH,12062.0,2019-02-14,252.0,-0.2921%,-0.0006,0.8395,0.1492,0.2097,1.2187%,1.4870%,32.8279%,-0.000832,LH,12062.0,2019-02-15,252.0,2.3235%,-0.0006,0.8512,0.1612,0.2306,1.2211%,1.4931%,33.1107%,0.012269,LH,12062.0,2019-02-19,252.0,-0.2530%,-0.0006,0.8504,0.1579,0.2269,1.2215%,1.4923%,33.0021%,-0.0054069999999999,LH,12062.0,2019-02-20,252.0,-0.0267%,-0.0007,0.8476,0.1422,0.2144,1.2141%,1.4855%,33.2022%,-0.003578,LH,12062.0,2019-02-21,252.0,-0.9549%,-0.0007,0.8444,0.1346,0.2086,1.2122%,1.4821%,33.1060%,-0.0059209999999999,LH,12062.0,2019-02-22,252.0,0.2966%,-0.0007,0.8443,0.1361,0.2087,1.2121%,1.4821%,33.1099%,-0.000296,LH,0.03398,0.027421,0.032201,0.032781,0.029848
36803,LABORATORY CORP AMERICA HLDGS,"Laboratory Corp Q4 EPS $2.52 Beats $2.49 Estimate, Sales $2.8B Beat $2.79B Estimate",6,increase,0.8,0.6,"the company reported better-than-expected earnings per share and sales, which typically signals strong performance and can lead to a positive reaction in the stock price.",2,2019-02-07,LH,2019-02-07 11:58:00+00:00,12062.0,50540R40,0.0440385229885578,1625188.0,-0.0178353767842054,-0.0047212890349328,-0.0037285683210939,0.0066681024618446,0.0159401427954435,-0.0001418843312421,0.0040930905379354,0.0117689222097396,-0.0029214480891823,0.0070825396105647,0.0232352390885353,0.0128092523664236,-0.0025304979644715,0.0008790850988589,-0.0002669957175385,-0.0065501742064952,-0.0095491996034979,0.007626820821315,0.0029664721805602,0.002647063229233,-0.0112261241301894,0.0022107816766947,-0.0011557425605133,-0.0145243285223841,0.0013612642651423,0.0180393513292074,0.0076129040680825,0.0244641043245792,0.0033053846564143,-0.0045989188365638,-0.0114972870796918,0.0113610792905092,0.0023805662058293,-0.0058369031175971,-0.0146569078788161,0.0077922409400343,0.0041318833827972,0.0093298749998211,0.0048007471486926,0.0103614972904324,0.017063682898879,0.0108678312972188,0.0161063633859157,-0.0076586101204156,0.0232480615377426,0.0344381742179393,-0.013618960045278,-0.021593002602458,0.0100771710276603,0.0005539703415706,0.0034335241653025,0.0148582318797707,0.0069081755355,-0.0007222820422612,-0.0118620544672012,0.0004817533190362,0.0142106441780924,0.0307896137237548,-0.0126679185777902,-0.0265871975570917,-0.0090721165761351,-0.011704702861607,-0.0116400653496384,-0.0218847170472145,-0.0015217396430671,-0.0159411542117595,-0.0019217317458242,-0.0248132087290287,0.0156685747206211,-0.0262717455625534,0.011831596493721,-0.016462692990899,0.0180244762450456,-0.0080937119200825,-0.0057114427909255,-0.0008512103231623,0.0049145030789077,0.0101755512878298,0.0097173629328608,-0.0169766377657651,-0.0013208671007305,-0.0113516934216022,-0.0071172439493238,0.0018139573512598,0.0124968355521559,-0.0320119224488735,-0.0109016066417098,0.0166850313544273,-0.0026604053564369,-0.0999320074915885,0.0102890469133853,-0.0198679435998201,-0.0406110920011997,0.0284058898687362,-0.0553698763251304,-0.010478931479156,0.0073529239743947,0.0032776673324406,-0.0066795288585126,0.0062853600829839,0.0488041117787361,-0.0019254506332799,0.0176483150571584,-0.0043289856985211,0.0049363113939762,-0.0158247482031583,-0.0006463683093897,0.0,0.0055620269849896,0.002624079817906,0.0285567436367273,-0.0034663544502109,0.0077539114281535,-0.0182686429470777,0.0277364179491996,-0.0155744580551981,-0.0041055842302739,-0.0076403403654694,0.0029706305358558,0.0027487059123814,-0.0178353767842054,-0.0047212890349328,-0.0214974446844269,0.0019153313878748,-0.0058999742269902,0.0017731753011196,-0.004747131639593,0.0207415657266398,0.0088158674543448,0.0385294518731487,0.0465210935397946,0.1379310531464432,0.1219313387900635,-0.1739867766846393,2019-02-08,2019-02-11,2019-02-12,2019-02-13,2019-02-14,2019-02-15,2019-02-19,2019-02-20,2019-02-21,2019-02-22,12062.0,2019-02-07,252.0,4.4039%,-0.0005,0.8298,0.1661,0.2025,1.2186%,1.4942%,33.4810%,0.051348,LH,12062.0,2019-02-08,252.0,-1.7835%,-0.0006,0.833,0.1626,0.2134,1.2221%,1.4976%,33.4092%,-0.0173679999999999,LH,12062.0,2019-02-11,252.0,-0.3729%,-0.0006,0.8372,0.1506,0.209,1.2224%,1.4899%,32.6865%,-0.006559,LH,12062.0,2019-02-12,252.0,1.5940%,-0.0006,0.8367,0.155,0.208,1.2224%,1.4900%,32.6927%,0.0047799999999999,LH,12062.0,2019-02-13,252.0,0.4093%,-0.0006,0.8403,0.1499,0.2076,1.2216%,1.4901%,32.7905%,0.0014119999999999,LH,12062.0,2019-02-14,252.0,-0.2921%,-0.0006,0.8395,0.1492,0.2097,1.2187%,1.4870%,32.8279%,-0.000832,LH,12062.0,2019-02-15,252.0,2.3235%,-0.0006,0.8512,0.1612,0.2306,1.2211%,1.4931%,33.1107%,0.012269,LH,12062.0,2019-02-19,252.0,-0.2530%,-0.0006,0.8504,0.1579,0.2269,1.2215%,1.4923%,33.0021%,-0.0054069999999999,LH,12062.0,2019-02-20,252.0,-0.0267%,-0.0007,0.8476,0.1422,0.2144,1.2141%,1.4855%,33.2022%,-0.003578,LH,12062.0,2019-02-21,252.0,-0.9549%,-0.0007,0.8444,0.1346,0.2086,1.2122%,1.4821%,33.1060%,-0.0059209999999999,LH,12062.0,2019-02-22,252.0,0.2966%,-0.0007,0.8443,0.1361,0.2087,1.2121%,1.4821%,33.1099%,-0.000296,LH,0.03398,0.027421,0.032201,0.032781,0.029848
36811,MACERICH CO,"Macerich Q4 FFO $1.09 Beats $0.29 Estimate, Sales $246.874M Miss $251M Estimate",6,uncertain,0.6,0.3,"while the ffo beat expectations, the sales miss could create mixed reactions among investors, leading to uncertainty in the stock price movement.",1,2019-02-07,MAC,2019-02-07 12:19:00+00:00,80399.0,55438210,-0.0454646125435829,3285001.0,0.0095727257430553,-0.0136294290423393,0.0122571401298046,0.0002199238369939,0.0013708332553505,-0.0028502754867076,0.0088980011641979,-0.011915061622858,-0.0158299580216407,-0.0060292589478194,0.0039062078576534,0.0021579300519078,0.0116732008755207,-0.0034408569335937,0.0015837034443393,0.0078023541718721,0.0101102627813816,0.0255611836910247,-0.0045496081002056,0.0040169670246541,0.0031993421725928,-0.0095048695802688,-0.0161731857806444,-0.0224718488752841,-0.0076406118459999,0.0074009611271321,0.0172654651105403,0.0070144608616828,-0.0149082047864794,-0.0039301379583776,-0.0002328786067664,0.0164224989712238,0.0044248355552554,-0.008580844849348,-0.0048690675757825,-0.0117417024448514,-0.0086206654086709,-0.0101161729544401,-0.0129259517416358,-0.0010750212240964,0.0188095457851886,0.0244492683559656,0.0105164935812354,0.0264526791870594,0.0048565929755568,0.0144495666027069,-0.0016110400902107,0.0177403893321752,-0.0172890722751617,-0.0101663274690508,-0.000234626699239,0.0032452340237796,0.0018770960159599,-0.0016199883539229,0.0049180113710463,0.0076958490535616,0.0209741666913032,0.045089017599821,-0.0006848343764431,-0.0165388882160186,-0.0130196372047066,-0.0023911639582365,0.0199028141796588,-0.0224403720349073,-0.0163376722484827,-0.0470038019120693,0.0013841147301718,0.0020089319441467,-0.0013822016771882,-0.0621729381382465,-0.0055362829007208,-0.020705172792077,0.010670356452465,0.0354489088058471,0.0004590419412124,-0.0448093898594379,0.0048175975680351,-0.0143885137513279,0.0095890862867236,-0.0118483109399676,-0.0133423823863267,-0.0054987980984151,-0.004813268315047,0.0272341836243867,-0.0004605399444699,-0.021129535511136,-0.0073732645250856,0.0069596036337316,0.0102135241031646,0.0045944773592054,-0.0119485398754477,0.0066358703188598,-0.0455813743174076,0.0211498718708753,0.0004873405850958,-0.0049039204604923,0.0097417850047349,0.004928087349981,-0.0267728082835674,-0.0006156121380627,0.021809197962284,0.003294211346656,-0.0009701895760372,-0.0258724614977836,-0.0145666059106588,0.0130028314888477,0.0118255615234375,0.0117163341492414,0.0068175988271832,-0.0498046725988388,-0.0292623732239007,-0.0017547309398651,-0.0029895100742578,0.005686292424798,0.029985025525093,-0.0023473969195038,0.0145560037344694,0.0088810101151466,0.0129125043749809,-0.0056082173250615,0.0095727257430553,-0.0136294290423393,0.0219472001137168,-0.0134125026416763,0.0233481193208451,-0.016224548800889,0.0161101706236674,-0.0338070574300953,0.039321326698638,0.001338931953988,0.0397963476557639,0.0755032970832103,0.0060706971189194,-0.1194324146411252,2019-02-08,2019-02-11,2019-02-12,2019-02-13,2019-02-14,2019-02-15,2019-02-19,2019-02-20,2019-02-21,2019-02-22,80399.0,2019-02-07,252.0,-4.5465%,-0.0011,0.6145,0.1938,0.0183,1.3685%,1.5260%,19.5842%,-0.039843,MAC,80399.0,2019-02-08,252.0,0.9573%,-0.0011,0.613,0.181,0.0039,1.3680%,1.5262%,19.6494%,0.008949,MAC,80399.0,2019-02-11,252.0,1.2257%,-0.001,0.6042,0.2047,0.0121,1.3688%,1.5170%,18.5940%,0.010095,MAC,80399.0,2019-02-12,252.0,0.1371%,-0.0012,0.5839,0.2263,-0.0021,1.3566%,1.5000%,18.1974%,-0.006966,MAC,80399.0,2019-02-13,252.0,0.8898%,-0.0012,0.5848,0.228,0.0002,1.3576%,1.5005%,18.1391%,0.007029,MAC,80399.0,2019-02-14,252.0,-1.5830%,-0.0012,0.5883,0.22,0.0089,1.3608%,1.5034%,18.0773%,-0.015887,MAC,80399.0,2019-02-15,252.0,0.3906%,-0.0012,0.5838,0.2158,0.0013,1.3606%,1.5015%,17.8814%,-0.003434,MAC,80399.0,2019-02-19,252.0,1.1673%,-0.0011,0.5902,0.2168,0.0019,1.3599%,1.5031%,18.1430%,0.009834,MAC,80399.0,2019-02-20,252.0,0.1584%,-0.0011,0.5911,0.222,0.0061,1.3592%,1.5026%,18.1833%,-0.000125,MAC,80399.0,2019-02-21,252.0,1.0110%,-0.001,0.5868,0.2161,-0.002,1.3616%,1.5034%,17.9681%,0.012367,MAC,80399.0,2019-02-22,252.0,-0.4550%,-0.001,0.5869,0.2443,0.0249,1.3554%,1.4965%,17.9644%,-0.009682,MAC,-0.030894,-0.020799,-0.027765,-0.036623,-0.027663
36819,MASCO CORP,"Masco Filing Shows Registration For Mixed Securities Offering, No Size Disclosed",6,uncertain,0.6,0.3,"the registration for a mixed securities offering could indicate a potential for raising capital, but without the size disclosed, the market reaction remains uncertain.",1,2019-02-07,MAS,2019-02-07 21:42:00+00:00,34032.0,57459910,0.0682706907391548,8549732.0,0.0106982281431555,0.0018078149296343,0.009192144498229,-0.0056921043433249,0.0151807684451341,0.0102905612438917,0.0108755175024271,0.0194384772330522,0.0018827244639396,0.0071472823619842,0.0056375591084361,-0.0015513260150328,0.0120128346607089,0.0037371201906353,-0.0089686140418052,0.0154965138062834,0.0039925877936184,0.0047664926387369,0.0023860060609877,0.0171298887580633,0.0021157898008823,-0.0016133991302922,-0.0034310126211494,-0.0381750911474227,0.0034428250510245,0.0192977096885442,-0.0087093701586127,0.0272993221879005,0.0649626851081848,-0.0216216314584016,-0.0010000228649005,-0.0305178146809339,-0.0100099528208375,-0.0036855877842754,-0.0053084655664861,-0.00761962775141,-0.0096568558365106,0.0058032888919115,0.0069284178316593,0.0266541950404644,0.0025483809877187,0.0091771837323904,-0.0020336001180112,0.0279765985906124,-0.00764134619385,0.0574475452303886,-0.0012833479559049,-0.016243640333414,0.0017990155611187,0.0106018967926502,0.004361261613667,0.0117647117003798,-0.004853191319853,-0.0085763297975063,-0.0102668823674321,0.0203010123223066,0.0142634650692343,0.0374001003801822,-0.0219892766326665,-0.0336841791868209,0.0122876139357686,-0.0165631305426359,0.002324383938685,-0.0085528567433357,-0.0059262956492602,0.011768783442676,0.0139968134462833,0.0,0.0048569133505225,-0.0220041126012802,0.0,0.0003386464086361,0.0068684928119182,-0.0030384925194084,0.0002526104508433,0.0098875183612108,0.0133871883153915,-0.0203741006553173,0.0157029181718826,-0.006305961869657,0.0024539502337574,-0.0118071697652339,-0.0146878454834222,-0.0061929770745337,0.0039751515723764,-0.0568705350160598,0.0004949647118337,0.0265067294239997,0.003721104003489,0.0131074115633964,0.0017300962936133,-0.0209702681750059,-0.0014803246594965,0.0293170046061277,-0.0118606258183717,-0.0089399358257651,0.0012502934550866,0.0152349853888154,-0.0084915123879909,0.0016234138747677,0.0073048085905611,0.0048939515836536,0.0,-0.0042235562577843,-0.0622656047344207,-0.0162991434335708,0.0261333212256431,-0.0028680129908025,0.0220894571393728,0.0083547020331025,-0.0068649998866021,0.0054927323944866,0.0064004096202552,0.0120994392782449,0.0109387002885341,-0.0145021192729473,0.0176144167780876,0.0,-0.008654760196805,-0.0146077834069728,0.0106982281431555,0.0018078149296343,0.0199887123003514,-0.0038945796849034,0.0354729247584337,0.0063559041482215,0.0487049408145028,0.0332504556087129,0.0644707449038495,0.074660613861843,0.0768580891679371,0.1709336555599694,0.1320198362397757,0.059752606071483,2019-02-08,2019-02-11,2019-02-12,2019-02-13,2019-02-14,2019-02-15,2019-02-19,2019-02-20,2019-02-21,2019-02-22,34032.0,2019-02-07,252.0,6.8271%,-0.0006,1.0535,0.3066,0.2524,1.4362%,1.8114%,37.1347%,0.077699,MAS,34032.0,2019-02-08,252.0,1.0698%,-0.0006,1.0518,0.2941,0.2368,1.4365%,1.8119%,37.1415%,0.011238,MAS,34032.0,2019-02-11,252.0,0.9192%,-0.0005,1.0382,0.3147,0.2409,1.4352%,1.7893%,35.6627%,0.005134,MAS,34032.0,2019-02-12,252.0,1.5181%,-0.0006,1.0256,0.3321,0.2314,1.4278%,1.7779%,35.5054%,0.001308,MAS,34032.0,2019-02-13,252.0,1.0876%,-0.0006,1.0212,0.3428,0.2352,1.4266%,1.7729%,35.2513%,0.0075429999999999,MAS,34032.0,2019-02-14,252.0,0.1883%,-0.0005,1.021,0.3455,0.2312,1.4252%,1.7723%,35.3282%,0.003509,MAS,34032.0,2019-02-15,252.0,0.5638%,-0.0005,1.0267,0.3498,0.2395,1.4237%,1.7724%,35.4804%,-0.007973,MAS,34032.0,2019-02-19,252.0,1.2013%,-0.0004,1.0325,0.3496,0.2388,1.4225%,1.7741%,35.7054%,0.008229,MAS,34032.0,2019-02-20,252.0,-0.8969%,-0.0005,1.0282,0.3371,0.223,1.4240%,1.7740%,35.5662%,-0.013113,MAS,34032.0,2019-02-21,252.0,0.3993%,-0.0005,1.0235,0.3294,0.2142,1.4243%,1.7714%,35.3509%,0.008446,MAS,34032.0,2019-02-22,252.0,0.2386%,-0.0005,1.0238,0.3303,0.2188,1.4244%,1.7714%,35.3446%,-0.0030299999999999,MAS,0.088937,0.094071,0.095379,0.106431,0.0989899999999999
36827,MASCO CORP,Masco shares are trading higher after the company reported Q4 EPS of $0.64 versus the $0.56 analyst estimate on in-line revenue.,6,increase,0.8,0.6,"the better-than-expected eps report is likely to boost investor confidence, leading to an increase in masco's stock price.",2,2019-02-07,MAS,2019-02-07 13:57:00+00:00,34032.0,57459910,0.0682706907391548,8549732.0,0.0106982281431555,0.0018078149296343,0.009192144498229,-0.0056921043433249,0.0151807684451341,0.0102905612438917,0.0108755175024271,0.0194384772330522,0.0018827244639396,0.0071472823619842,0.0056375591084361,-0.0015513260150328,0.0120128346607089,0.0037371201906353,-0.0089686140418052,0.0154965138062834,0.0039925877936184,0.0047664926387369,0.0023860060609877,0.0171298887580633,0.0021157898008823,-0.0016133991302922,-0.0034310126211494,-0.0381750911474227,0.0034428250510245,0.0192977096885442,-0.0087093701586127,0.0272993221879005,0.0649626851081848,-0.0216216314584016,-0.0010000228649005,-0.0305178146809339,-0.0100099528208375,-0.0036855877842754,-0.0053084655664861,-0.00761962775141,-0.0096568558365106,0.0058032888919115,0.0069284178316593,0.0266541950404644,0.0025483809877187,0.0091771837323904,-0.0020336001180112,0.0279765985906124,-0.00764134619385,0.0574475452303886,-0.0012833479559049,-0.016243640333414,0.0017990155611187,0.0106018967926502,0.004361261613667,0.0117647117003798,-0.004853191319853,-0.0085763297975063,-0.0102668823674321,0.0203010123223066,0.0142634650692343,0.0374001003801822,-0.0219892766326665,-0.0336841791868209,0.0122876139357686,-0.0165631305426359,0.002324383938685,-0.0085528567433357,-0.0059262956492602,0.011768783442676,0.0139968134462833,0.0,0.0048569133505225,-0.0220041126012802,0.0,0.0003386464086361,0.0068684928119182,-0.0030384925194084,0.0002526104508433,0.0098875183612108,0.0133871883153915,-0.0203741006553173,0.0157029181718826,-0.006305961869657,0.0024539502337574,-0.0118071697652339,-0.0146878454834222,-0.0061929770745337,0.0039751515723764,-0.0568705350160598,0.0004949647118337,0.0265067294239997,0.003721104003489,0.0131074115633964,0.0017300962936133,-0.0209702681750059,-0.0014803246594965,0.0293170046061277,-0.0118606258183717,-0.0089399358257651,0.0012502934550866,0.0152349853888154,-0.0084915123879909,0.0016234138747677,0.0073048085905611,0.0048939515836536,0.0,-0.0042235562577843,-0.0622656047344207,-0.0162991434335708,0.0261333212256431,-0.0028680129908025,0.0220894571393728,0.0083547020331025,-0.0068649998866021,0.0054927323944866,0.0064004096202552,0.0120994392782449,0.0109387002885341,-0.0145021192729473,0.0176144167780876,0.0,-0.008654760196805,-0.0146077834069728,0.0106982281431555,0.0018078149296343,0.0199887123003514,-0.0038945796849034,0.0354729247584337,0.0063559041482215,0.0487049408145028,0.0332504556087129,0.0644707449038495,0.074660613861843,0.0768580891679371,0.1709336555599694,0.1320198362397757,0.059752606071483,2019-02-08,2019-02-11,2019-02-12,2019-02-13,2019-02-14,2019-02-15,2019-02-19,2019-02-20,2019-02-21,2019-02-22,34032.0,2019-02-07,252.0,6.8271%,-0.0006,1.0535,0.3066,0.2524,1.4362%,1.8114%,37.1347%,0.077699,MAS,34032.0,2019-02-08,252.0,1.0698%,-0.0006,1.0518,0.2941,0.2368,1.4365%,1.8119%,37.1415%,0.011238,MAS,34032.0,2019-02-11,252.0,0.9192%,-0.0005,1.0382,0.3147,0.2409,1.4352%,1.7893%,35.6627%,0.005134,MAS,34032.0,2019-02-12,252.0,1.5181%,-0.0006,1.0256,0.3321,0.2314,1.4278%,1.7779%,35.5054%,0.001308,MAS,34032.0,2019-02-13,252.0,1.0876%,-0.0006,1.0212,0.3428,0.2352,1.4266%,1.7729%,35.2513%,0.0075429999999999,MAS,34032.0,2019-02-14,252.0,0.1883%,-0.0005,1.021,0.3455,0.2312,1.4252%,1.7723%,35.3282%,0.003509,MAS,34032.0,2019-02-15,252.0,0.5638%,-0.0005,1.0267,0.3498,0.2395,1.4237%,1.7724%,35.4804%,-0.007973,MAS,34032.0,2019-02-19,252.0,1.2013%,-0.0004,1.0325,0.3496,0.2388,1.4225%,1.7741%,35.7054%,0.008229,MAS,34032.0,2019-02-20,252.0,-0.8969%,-0.0005,1.0282,0.3371,0.223,1.4240%,1.7740%,35.5662%,-0.013113,MAS,34032.0,2019-02-21,252.0,0.3993%,-0.0005,1.0235,0.3294,0.2142,1.4243%,1.7714%,35.3509%,0.008446,MAS,34032.0,2019-02-22,252.0,0.2386%,-0.0005,1.0238,0.3303,0.2188,1.4244%,1.7714%,35.3446%,-0.0030299999999999,MAS,0.088937,0.094071,0.095379,0.106431,0.0989899999999999
36835,MASCO CORP,Masco Sees FY19 Adj. EPS $2.60-$2.80,6,increase,0.7,0.6,"the forecasted adjusted eps range of $2.60-$2.80 suggests positive earnings expectations, which typically leads to an increase in stock price.",2,2019-02-07,MAS,2019-02-07 12:10:00+00:00,34032.0,57459910,0.0682706907391548,8549732.0,0.0106982281431555,0.0018078149296343,0.009192144498229,-0.0056921043433249,0.0151807684451341,0.0102905612438917,0.0108755175024271,0.0194384772330522,0.0018827244639396,0.0071472823619842,0.0056375591084361,-0.0015513260150328,0.0120128346607089,0.0037371201906353,-0.0089686140418052,0.0154965138062834,0.0039925877936184,0.0047664926387369,0.0023860060609877,0.0171298887580633,0.0021157898008823,-0.0016133991302922,-0.0034310126211494,-0.0381750911474227,0.0034428250510245,0.0192977096885442,-0.0087093701586127,0.0272993221879005,0.0649626851081848,-0.0216216314584016,-0.0010000228649005,-0.0305178146809339,-0.0100099528208375,-0.0036855877842754,-0.0053084655664861,-0.00761962775141,-0.0096568558365106,0.0058032888919115,0.0069284178316593,0.0266541950404644,0.0025483809877187,0.0091771837323904,-0.0020336001180112,0.0279765985906124,-0.00764134619385,0.0574475452303886,-0.0012833479559049,-0.016243640333414,0.0017990155611187,0.0106018967926502,0.004361261613667,0.0117647117003798,-0.004853191319853,-0.0085763297975063,-0.0102668823674321,0.0203010123223066,0.0142634650692343,0.0374001003801822,-0.0219892766326665,-0.0336841791868209,0.0122876139357686,-0.0165631305426359,0.002324383938685,-0.0085528567433357,-0.0059262956492602,0.011768783442676,0.0139968134462833,0.0,0.0048569133505225,-0.0220041126012802,0.0,0.0003386464086361,0.0068684928119182,-0.0030384925194084,0.0002526104508433,0.0098875183612108,0.0133871883153915,-0.0203741006553173,0.0157029181718826,-0.006305961869657,0.0024539502337574,-0.0118071697652339,-0.0146878454834222,-0.0061929770745337,0.0039751515723764,-0.0568705350160598,0.0004949647118337,0.0265067294239997,0.003721104003489,0.0131074115633964,0.0017300962936133,-0.0209702681750059,-0.0014803246594965,0.0293170046061277,-0.0118606258183717,-0.0089399358257651,0.0012502934550866,0.0152349853888154,-0.0084915123879909,0.0016234138747677,0.0073048085905611,0.0048939515836536,0.0,-0.0042235562577843,-0.0622656047344207,-0.0162991434335708,0.0261333212256431,-0.0028680129908025,0.0220894571393728,0.0083547020331025,-0.0068649998866021,0.0054927323944866,0.0064004096202552,0.0120994392782449,0.0109387002885341,-0.0145021192729473,0.0176144167780876,0.0,-0.008654760196805,-0.0146077834069728,0.0106982281431555,0.0018078149296343,0.0199887123003514,-0.0038945796849034,0.0354729247584337,0.0063559041482215,0.0487049408145028,0.0332504556087129,0.0644707449038495,0.074660613861843,0.0768580891679371,0.1709336555599694,0.1320198362397757,0.059752606071483,2019-02-08,2019-02-11,2019-02-12,2019-02-13,2019-02-14,2019-02-15,2019-02-19,2019-02-20,2019-02-21,2019-02-22,34032.0,2019-02-07,252.0,6.8271%,-0.0006,1.0535,0.3066,0.2524,1.4362%,1.8114%,37.1347%,0.077699,MAS,34032.0,2019-02-08,252.0,1.0698%,-0.0006,1.0518,0.2941,0.2368,1.4365%,1.8119%,37.1415%,0.011238,MAS,34032.0,2019-02-11,252.0,0.9192%,-0.0005,1.0382,0.3147,0.2409,1.4352%,1.7893%,35.6627%,0.005134,MAS,34032.0,2019-02-12,252.0,1.5181%,-0.0006,1.0256,0.3321,0.2314,1.4278%,1.7779%,35.5054%,0.001308,MAS,34032.0,2019-02-13,252.0,1.0876%,-0.0006,1.0212,0.3428,0.2352,1.4266%,1.7729%,35.2513%,0.0075429999999999,MAS,34032.0,2019-02-14,252.0,0.1883%,-0.0005,1.021,0.3455,0.2312,1.4252%,1.7723%,35.3282%,0.003509,MAS,34032.0,2019-02-15,252.0,0.5638%,-0.0005,1.0267,0.3498,0.2395,1.4237%,1.7724%,35.4804%,-0.007973,MAS,34032.0,2019-02-19,252.0,1.2013%,-0.0004,1.0325,0.3496,0.2388,1.4225%,1.7741%,35.7054%,0.008229,MAS,34032.0,2019-02-20,252.0,-0.8969%,-0.0005,1.0282,0.3371,0.223,1.4240%,1.7740%,35.5662%,-0.013113,MAS,34032.0,2019-02-21,252.0,0.3993%,-0.0005,1.0235,0.3294,0.2142,1.4243%,1.7714%,35.3509%,0.008446,MAS,34032.0,2019-02-22,252.0,0.2386%,-0.0005,1.0238,0.3303,0.2188,1.4244%,1.7714%,35.3446%,-0.0030299999999999,MAS,0.088937,0.094071,0.095379,0.106431,0.0989899999999999
36843,MASCO CORP,"Masco Q4 EPS $0.64 Beats $0.56 Estimate, Sales $2.041B Beat $2.01B Estimate",6,increase,0.8,0.7,"the earnings per share and sales figures both exceeded analyst estimates, which typically signals positive performance and can lead to an increase in stock price.",2,2019-02-07,MAS,2019-02-07 12:09:00+00:00,34032.0,57459910,0.0682706907391548,8549732.0,0.0106982281431555,0.0018078149296343,0.009192144498229,-0.0056921043433249,0.0151807684451341,0.0102905612438917,0.0108755175024271,0.0194384772330522,0.0018827244639396,0.0071472823619842,0.0056375591084361,-0.0015513260150328,0.0120128346607089,0.0037371201906353,-0.0089686140418052,0.0154965138062834,0.0039925877936184,0.0047664926387369,0.0023860060609877,0.0171298887580633,0.0021157898008823,-0.0016133991302922,-0.0034310126211494,-0.0381750911474227,0.0034428250510245,0.0192977096885442,-0.0087093701586127,0.0272993221879005,0.0649626851081848,-0.0216216314584016,-0.0010000228649005,-0.0305178146809339,-0.0100099528208375,-0.0036855877842754,-0.0053084655664861,-0.00761962775141,-0.0096568558365106,0.0058032888919115,0.0069284178316593,0.0266541950404644,0.0025483809877187,0.0091771837323904,-0.0020336001180112,0.0279765985906124,-0.00764134619385,0.0574475452303886,-0.0012833479559049,-0.016243640333414,0.0017990155611187,0.0106018967926502,0.004361261613667,0.0117647117003798,-0.004853191319853,-0.0085763297975063,-0.0102668823674321,0.0203010123223066,0.0142634650692343,0.0374001003801822,-0.0219892766326665,-0.0336841791868209,0.0122876139357686,-0.0165631305426359,0.002324383938685,-0.0085528567433357,-0.0059262956492602,0.011768783442676,0.0139968134462833,0.0,0.0048569133505225,-0.0220041126012802,0.0,0.0003386464086361,0.0068684928119182,-0.0030384925194084,0.0002526104508433,0.0098875183612108,0.0133871883153915,-0.0203741006553173,0.0157029181718826,-0.006305961869657,0.0024539502337574,-0.0118071697652339,-0.0146878454834222,-0.0061929770745337,0.0039751515723764,-0.0568705350160598,0.0004949647118337,0.0265067294239997,0.003721104003489,0.0131074115633964,0.0017300962936133,-0.0209702681750059,-0.0014803246594965,0.0293170046061277,-0.0118606258183717,-0.0089399358257651,0.0012502934550866,0.0152349853888154,-0.0084915123879909,0.0016234138747677,0.0073048085905611,0.0048939515836536,0.0,-0.0042235562577843,-0.0622656047344207,-0.0162991434335708,0.0261333212256431,-0.0028680129908025,0.0220894571393728,0.0083547020331025,-0.0068649998866021,0.0054927323944866,0.0064004096202552,0.0120994392782449,0.0109387002885341,-0.0145021192729473,0.0176144167780876,0.0,-0.008654760196805,-0.0146077834069728,0.0106982281431555,0.0018078149296343,0.0199887123003514,-0.0038945796849034,0.0354729247584337,0.0063559041482215,0.0487049408145028,0.0332504556087129,0.0644707449038495,0.074660613861843,0.0768580891679371,0.1709336555599694,0.1320198362397757,0.059752606071483,2019-02-08,2019-02-11,2019-02-12,2019-02-13,2019-02-14,2019-02-15,2019-02-19,2019-02-20,2019-02-21,2019-02-22,34032.0,2019-02-07,252.0,6.8271%,-0.0006,1.0535,0.3066,0.2524,1.4362%,1.8114%,37.1347%,0.077699,MAS,34032.0,2019-02-08,252.0,1.0698%,-0.0006,1.0518,0.2941,0.2368,1.4365%,1.8119%,37.1415%,0.011238,MAS,34032.0,2019-02-11,252.0,0.9192%,-0.0005,1.0382,0.3147,0.2409,1.4352%,1.7893%,35.6627%,0.005134,MAS,34032.0,2019-02-12,252.0,1.5181%,-0.0006,1.0256,0.3321,0.2314,1.4278%,1.7779%,35.5054%,0.001308,MAS,34032.0,2019-02-13,252.0,1.0876%,-0.0006,1.0212,0.3428,0.2352,1.4266%,1.7729%,35.2513%,0.0075429999999999,MAS,34032.0,2019-02-14,252.0,0.1883%,-0.0005,1.021,0.3455,0.2312,1.4252%,1.7723%,35.3282%,0.003509,MAS,34032.0,2019-02-15,252.0,0.5638%,-0.0005,1.0267,0.3498,0.2395,1.4237%,1.7724%,35.4804%,-0.007973,MAS,34032.0,2019-02-19,252.0,1.2013%,-0.0004,1.0325,0.3496,0.2388,1.4225%,1.7741%,35.7054%,0.008229,MAS,34032.0,2019-02-20,252.0,-0.8969%,-0.0005,1.0282,0.3371,0.223,1.4240%,1.7740%,35.5662%,-0.013113,MAS,34032.0,2019-02-21,252.0,0.3993%,-0.0005,1.0235,0.3294,0.2142,1.4243%,1.7714%,35.3509%,0.008446,MAS,34032.0,2019-02-22,252.0,0.2386%,-0.0005,1.0238,0.3303,0.2188,1.4244%,1.7714%,35.3446%,-0.0030299999999999,MAS,0.088937,0.094071,0.095379,0.106431,0.0989899999999999
36851,PEDIATRIX MEDICAL GROUP INC,"MEDNAX Sees Q1 Adj. EPS $0.67-$0.75 vs $0.86 Estimate, Adj. EBITDA $108M-$118M",6,decrease,0.75,0.6,"the adjusted eps guidance is below the analyst estimate, which may lead to negative sentiment and a decrease in stock price.",0,2019-02-07,MD,2019-02-07 11:06:00+00:00,82272.0,58502B10,-0.0087336162105202,2412525.0,-0.0338656269013881,-0.004347822163254,-0.0210886765271425,-0.0005431954632513,0.0034935299772769,0.0087671149522066,0.0188569091260433,0.010800315067172,0.0193621963262558,-0.0068756872788071,0.0256983805447816,0.005253039766103,-0.0122549226507544,0.0011070328764617,0.0024813937488943,-0.0198046527802944,-0.0101759880781173,0.0221852250397205,-0.0002779143105726,-0.007704974617809,-0.0166758894920349,0.012256228365004,-0.0302430652081966,-0.0241913385689258,-0.0265228748321533,0.0096048926934599,-0.0146707082167267,0.0091386875137686,-0.00303854374215,-0.0035872256848961,0.0009143181378021,0.0389908403158187,-0.012180314399302,0.0028752814978361,-0.054870493710041,0.0075318170711398,-0.0166340582072734,-0.0071901064366102,-0.0072968262247741,0.0095819346606731,-0.0043435036204755,0.0204444043338298,0.0077181695960462,0.0239684749394655,0.0099899843335151,0.0293566081672906,0.0092318067327141,-0.0225884579122066,-0.0186213552951812,-0.0072727780789136,0.0286284517496824,0.0057908752933144,0.0077669830061495,0.0092280246317386,-0.0205523241311311,-0.0103500811383128,0.0039344537071883,0.0182889085263013,-0.0551927015185356,-0.0143599519506096,-0.0169374272227287,-0.0203531961888074,-0.0179324969649314,-0.035229604691267,-0.0290010552853345,-0.0217514242976903,0.0081120692193508,-0.0053385398350656,-0.0062179984524846,-0.0182068925350904,0.0220831930637359,-0.0341060161590576,0.0010802585165947,-0.0201044511049985,0.0043165772221982,-0.0075149238109588,0.0046561304479837,-0.0208068937063217,0.0049911336973309,0.0010160253150388,-0.007449485361576,-0.0042994935065507,-0.0007148126605898,-0.0070316116325557,-0.0064377109520137,-0.0158180780708789,-0.0187185183167457,0.0064676199108362,0.0157740395516157,0.0022438331507146,-0.004694873932749,-0.0032306427601724,-0.0326560102403163,0.0100401984527707,-0.0360089689493179,0.0063147260807454,0.010116665624082,0.0030402566771954,-0.0150230899453163,0.0146529478952288,0.031286709010601,0.0072501967661082,0.0345089063048362,-0.0160509832203388,-0.0153958965092897,-0.0007637164089828,0.0372300818562507,-0.0147980982437729,0.0071787098422646,0.0010041953064501,-0.0032074181362986,0.0025170473381876,0.0103682847693562,-0.0092269061133265,0.0102618187665939,-0.0115849450230598,0.0273205153644084,0.0024709284771233,0.0102284094318747,0.0049664950929582,-0.0338656269013881,-0.004347822163254,-0.0542401221774184,-0.0048886559092312,-0.0509360816929395,0.0038355996346572,-0.0143171938743035,0.0077007363049668,-0.0093612381067513,0.0082553458057499,-0.203469147098635,0.1194622640833265,-0.1841960495479828,-0.0901415702277953,2019-02-08,2019-02-11,2019-02-12,2019-02-13,2019-02-14,2019-02-15,2019-02-19,2019-02-20,2019-02-21,2019-02-22,82272.0,2019-02-07,252.0,-0.8734%,-0.0012,0.5633,0.6726,0.3651,1.5194%,1.6468%,14.8694%,-0.004108,MD,82272.0,2019-02-08,252.0,-3.3866%,-0.0013,0.5686,0.6823,0.3936,1.5318%,1.6596%,14.8076%,-0.03229,MD,82272.0,2019-02-11,252.0,-2.1089%,-0.0017,0.635,0.584,0.3752,1.5002%,1.6446%,16.7943%,-0.027393,MD,82272.0,2019-02-12,252.0,0.3494%,-0.0018,0.6204,0.6004,0.3648,1.4937%,1.6355%,16.5878%,-0.004721,MD,82272.0,2019-02-13,252.0,1.8857%,-0.0017,0.6206,0.6073,0.3704,1.4977%,1.6394%,16.5382%,0.016404,MD,82272.0,2019-02-14,252.0,1.9362%,-0.0016,0.6161,0.6191,0.3567,1.5029%,1.6442%,16.4540%,0.019556,MD,82272.0,2019-02-15,252.0,2.5698%,-0.0015,0.6248,0.6288,0.3732,1.5065%,1.6502%,16.6494%,0.015376,MD,82272.0,2019-02-19,252.0,-1.2255%,-0.0017,0.6132,0.6315,0.3773,1.4997%,1.6397%,16.3401%,-0.016485,MD,82272.0,2019-02-20,252.0,0.2481%,-0.0017,0.6129,0.6296,0.3756,1.4997%,1.6395%,16.3315%,-0.002248,MD,82272.0,2019-02-21,252.0,-1.0176%,-0.0018,0.616,0.6349,0.3814,1.4996%,1.6404%,16.4277%,-0.006704,MD,82272.0,2019-02-22,252.0,-0.0278%,-0.0018,0.6171,0.6082,0.3701,1.4944%,1.6341%,16.3607%,-0.002267,MD,-0.036398,-0.063791,-0.068512,-0.032552,-0.0448799999999999
36859,PEDIATRIX MEDICAL GROUP INC,"Mednax Q4 EPS $0.92 Beats $0.90 Estimate, Sales $933M Beat $910.31M Estimate",6,increase,0.8,0.7,"the earnings per share and sales figures exceeding estimates typically indicate strong performance, which can positively influence investor sentiment and lead to an increase in stock price.",2,2019-02-07,MD,2019-02-07 11:05:00+00:00,82272.0,58502B10,-0.0087336162105202,2412525.0,-0.0338656269013881,-0.004347822163254,-0.0210886765271425,-0.0005431954632513,0.0034935299772769,0.0087671149522066,0.0188569091260433,0.010800315067172,0.0193621963262558,-0.0068756872788071,0.0256983805447816,0.005253039766103,-0.0122549226507544,0.0011070328764617,0.0024813937488943,-0.0198046527802944,-0.0101759880781173,0.0221852250397205,-0.0002779143105726,-0.007704974617809,-0.0166758894920349,0.012256228365004,-0.0302430652081966,-0.0241913385689258,-0.0265228748321533,0.0096048926934599,-0.0146707082167267,0.0091386875137686,-0.00303854374215,-0.0035872256848961,0.0009143181378021,0.0389908403158187,-0.012180314399302,0.0028752814978361,-0.054870493710041,0.0075318170711398,-0.0166340582072734,-0.0071901064366102,-0.0072968262247741,0.0095819346606731,-0.0043435036204755,0.0204444043338298,0.0077181695960462,0.0239684749394655,0.0099899843335151,0.0293566081672906,0.0092318067327141,-0.0225884579122066,-0.0186213552951812,-0.0072727780789136,0.0286284517496824,0.0057908752933144,0.0077669830061495,0.0092280246317386,-0.0205523241311311,-0.0103500811383128,0.0039344537071883,0.0182889085263013,-0.0551927015185356,-0.0143599519506096,-0.0169374272227287,-0.0203531961888074,-0.0179324969649314,-0.035229604691267,-0.0290010552853345,-0.0217514242976903,0.0081120692193508,-0.0053385398350656,-0.0062179984524846,-0.0182068925350904,0.0220831930637359,-0.0341060161590576,0.0010802585165947,-0.0201044511049985,0.0043165772221982,-0.0075149238109588,0.0046561304479837,-0.0208068937063217,0.0049911336973309,0.0010160253150388,-0.007449485361576,-0.0042994935065507,-0.0007148126605898,-0.0070316116325557,-0.0064377109520137,-0.0158180780708789,-0.0187185183167457,0.0064676199108362,0.0157740395516157,0.0022438331507146,-0.004694873932749,-0.0032306427601724,-0.0326560102403163,0.0100401984527707,-0.0360089689493179,0.0063147260807454,0.010116665624082,0.0030402566771954,-0.0150230899453163,0.0146529478952288,0.031286709010601,0.0072501967661082,0.0345089063048362,-0.0160509832203388,-0.0153958965092897,-0.0007637164089828,0.0372300818562507,-0.0147980982437729,0.0071787098422646,0.0010041953064501,-0.0032074181362986,0.0025170473381876,0.0103682847693562,-0.0092269061133265,0.0102618187665939,-0.0115849450230598,0.0273205153644084,0.0024709284771233,0.0102284094318747,0.0049664950929582,-0.0338656269013881,-0.004347822163254,-0.0542401221774184,-0.0048886559092312,-0.0509360816929395,0.0038355996346572,-0.0143171938743035,0.0077007363049668,-0.0093612381067513,0.0082553458057499,-0.203469147098635,0.1194622640833265,-0.1841960495479828,-0.0901415702277953,2019-02-08,2019-02-11,2019-02-12,2019-02-13,2019-02-14,2019-02-15,2019-02-19,2019-02-20,2019-02-21,2019-02-22,82272.0,2019-02-07,252.0,-0.8734%,-0.0012,0.5633,0.6726,0.3651,1.5194%,1.6468%,14.8694%,-0.004108,MD,82272.0,2019-02-08,252.0,-3.3866%,-0.0013,0.5686,0.6823,0.3936,1.5318%,1.6596%,14.8076%,-0.03229,MD,82272.0,2019-02-11,252.0,-2.1089%,-0.0017,0.635,0.584,0.3752,1.5002%,1.6446%,16.7943%,-0.027393,MD,82272.0,2019-02-12,252.0,0.3494%,-0.0018,0.6204,0.6004,0.3648,1.4937%,1.6355%,16.5878%,-0.004721,MD,82272.0,2019-02-13,252.0,1.8857%,-0.0017,0.6206,0.6073,0.3704,1.4977%,1.6394%,16.5382%,0.016404,MD,82272.0,2019-02-14,252.0,1.9362%,-0.0016,0.6161,0.6191,0.3567,1.5029%,1.6442%,16.4540%,0.019556,MD,82272.0,2019-02-15,252.0,2.5698%,-0.0015,0.6248,0.6288,0.3732,1.5065%,1.6502%,16.6494%,0.015376,MD,82272.0,2019-02-19,252.0,-1.2255%,-0.0017,0.6132,0.6315,0.3773,1.4997%,1.6397%,16.3401%,-0.016485,MD,82272.0,2019-02-20,252.0,0.2481%,-0.0017,0.6129,0.6296,0.3756,1.4997%,1.6395%,16.3315%,-0.002248,MD,82272.0,2019-02-21,252.0,-1.0176%,-0.0018,0.616,0.6349,0.3814,1.4996%,1.6404%,16.4277%,-0.006704,MD,82272.0,2019-02-22,252.0,-0.0278%,-0.0018,0.6171,0.6082,0.3701,1.4944%,1.6341%,16.3607%,-0.002267,MD,-0.036398,-0.063791,-0.068512,-0.032552,-0.0448799999999999
36867,MEDTRONIC PLC,"UPDATE: Medtronic Says New Indication For Pipeline Flex Provides Options For Patients With Small, Medium, Wide-Necked Brain Aneurysms",6,increase,0.75,0.6,"the announcement of a new indication for the pipeline flex device suggests expanded treatment options for patients, which could positively impact medtronic's market position and revenue potential.",2,2019-02-07,MDT,2019-02-07 12:28:00+00:00,60097.0,G5960L10,0.0004501565999817,4304926.0,0.0012373521458357,0.0094286249950528,0.0066284271888434,0.0025054232683032,0.0072544813156127,-0.0056618731468915,0.004653719253838,-0.0009051004890352,0.0061763008125126,0.0063759256154298,0.0113996844738721,0.0157280042767524,0.000650321773719,0.0005786051042377,0.0050904494710266,-0.0068949493579566,-0.0020474400371313,-0.002407505409792,0.0125256022438406,0.0008031171746551,-0.0165297593921423,0.0018391225021332,-0.0100845834240317,-0.0034364608582109,-0.004381657578051,-0.0034246053546667,-0.0042908946052193,0.0070123076438903,0.0175690203905105,0.011158887296915,0.0021718381904065,0.0151032302528619,0.0046592294238507,-0.0010607772273942,-0.0069024953991174,0.0,-0.0108601218089461,0.0064056138508021,-0.0061484975740313,0.0152957281097769,0.0163500159978866,0.0070345890708267,0.0047826352529227,-0.0644502490758895,0.006274277344346,0.0313633754849433,0.0033326726406812,-0.0280937366187572,0.0049287374131381,-0.0334212929010391,-0.0202580392360687,0.0190454497933387,0.0083796307444572,-0.0043502440676093,-0.0101446406915783,0.016805749386549,0.0095943873748183,0.0333333387970924,-0.0185667648911476,-0.0316026583313942,0.0025445665232837,-0.0144605450332164,0.0049657574854791,-0.014902482740581,-0.0088942302390933,-0.0080434549599885,-0.003323765238747,0.0016331140650436,0.0124500086531043,-0.0199530813843011,-0.0042819431982934,-0.0186387300491333,-0.0031977165490388,-0.0021941184531897,-0.0215708464384079,0.0025138563942164,0.0088186142966151,-0.0001047563491738,-0.0033621320035308,0.0131579535081982,0.0006746604922227,-0.0207813810557127,-0.00303401122801,-0.0025909421965479,-0.001014472101815,-0.0228860974311828,-0.0116213336586952,0.0125089846551418,-0.0097031788900494,0.0096273329108953,0.0013833169359713,0.0128970919176936,-0.0082882605493068,0.0240524597465992,-0.0164828579872846,0.0116228517144918,-0.0060191443189978,0.0005433694459497,-0.0008311528363265,-0.010325901210308,0.0112893274053931,0.0087890354916453,0.0063454867340624,0.0198074672371149,0.0142456935718655,-0.0355388931930065,0.0056412373669445,0.0100247962400317,0.0010303831659257,0.0071653025224804,0.0156678296625614,0.0004344619810581,-0.0056299967691302,-0.0061528463847935,0.0093987304717302,-0.0182280763983726,0.0049360832199454,-0.0040109483525156,0.0063630240038037,0.0065872832201421,0.0012373521458357,0.0094286249950528,0.0078739810332848,0.0119576709598068,0.015185583997183,0.0062280949968085,0.0262092434886993,0.0117271861469856,0.0547805955012383,0.0195043234388536,0.022280251306683,0.0085281716925076,0.0195659565993144,-0.0506205709010094,2019-02-08,2019-02-11,2019-02-12,2019-02-13,2019-02-14,2019-02-15,2019-02-19,2019-02-20,2019-02-21,2019-02-22,60097.0,2019-02-07,252.0,0.0450%,0.0003,0.7488,-0.2959,-0.2386,0.9858%,1.3282%,44.9120%,0.007838,MDT,60097.0,2019-02-08,252.0,0.1237%,0.0003,0.7491,-0.2961,-0.2377,0.9859%,1.3280%,44.8850%,-0.001035,MDT,60097.0,2019-02-11,252.0,0.6628%,0.0004,0.7429,-0.2799,-0.2321,0.9863%,1.3077%,43.1091%,0.007981,MDT,60097.0,2019-02-12,252.0,0.7254%,0.0003,0.7397,-0.2785,-0.234,0.9865%,1.3056%,42.9101%,-0.0032879999999999,MDT,60097.0,2019-02-13,252.0,0.4654%,0.0004,0.7414,-0.2803,-0.2338,0.9864%,1.3046%,42.8303%,0.0028139999999999,MDT,60097.0,2019-02-14,252.0,0.6176%,0.0004,0.7399,-0.2762,-0.2387,0.9873%,1.3051%,42.7698%,0.007735,MDT,60097.0,2019-02-15,252.0,1.1400%,0.0004,0.734,-0.281,-0.2477,0.9854%,1.3008%,42.6187%,0.004775,MDT,60097.0,2019-02-19,252.0,0.0650%,0.0004,0.7334,-0.28,-0.2464,0.9853%,1.2984%,42.4124%,0.000714,MDT,60097.0,2019-02-20,252.0,0.5090%,0.0004,0.7344,-0.2802,-0.2436,0.9853%,1.2985%,42.4196%,0.005568,MDT,60097.0,2019-02-21,252.0,-0.2047%,0.0004,0.728,-0.2932,-0.2553,0.9788%,1.2918%,42.5917%,-0.000187,MDT,60097.0,2019-02-22,252.0,1.2526%,0.0005,0.727,-0.2848,-0.2598,0.9787%,1.2919%,42.6066%,0.005554,MDT,0.006803,0.014784,0.011496,0.022045,0.038469
36875,MEDTRONIC PLC,Medtronic Reports Received FDA Approval For Expanded Indication Of Pipeline Flex Embolization Device,6,increase,0.8,0.6,"fda approval for an expanded indication of a medical device typically signals potential for increased sales and market share, which is likely to positively impact medtronic's stock price.",2,2019-02-07,MDT,2019-02-07 12:27:00+00:00,60097.0,G5960L10,0.0004501565999817,4304926.0,0.0012373521458357,0.0094286249950528,0.0066284271888434,0.0025054232683032,0.0072544813156127,-0.0056618731468915,0.004653719253838,-0.0009051004890352,0.0061763008125126,0.0063759256154298,0.0113996844738721,0.0157280042767524,0.000650321773719,0.0005786051042377,0.0050904494710266,-0.0068949493579566,-0.0020474400371313,-0.002407505409792,0.0125256022438406,0.0008031171746551,-0.0165297593921423,0.0018391225021332,-0.0100845834240317,-0.0034364608582109,-0.004381657578051,-0.0034246053546667,-0.0042908946052193,0.0070123076438903,0.0175690203905105,0.011158887296915,0.0021718381904065,0.0151032302528619,0.0046592294238507,-0.0010607772273942,-0.0069024953991174,0.0,-0.0108601218089461,0.0064056138508021,-0.0061484975740313,0.0152957281097769,0.0163500159978866,0.0070345890708267,0.0047826352529227,-0.0644502490758895,0.006274277344346,0.0313633754849433,0.0033326726406812,-0.0280937366187572,0.0049287374131381,-0.0334212929010391,-0.0202580392360687,0.0190454497933387,0.0083796307444572,-0.0043502440676093,-0.0101446406915783,0.016805749386549,0.0095943873748183,0.0333333387970924,-0.0185667648911476,-0.0316026583313942,0.0025445665232837,-0.0144605450332164,0.0049657574854791,-0.014902482740581,-0.0088942302390933,-0.0080434549599885,-0.003323765238747,0.0016331140650436,0.0124500086531043,-0.0199530813843011,-0.0042819431982934,-0.0186387300491333,-0.0031977165490388,-0.0021941184531897,-0.0215708464384079,0.0025138563942164,0.0088186142966151,-0.0001047563491738,-0.0033621320035308,0.0131579535081982,0.0006746604922227,-0.0207813810557127,-0.00303401122801,-0.0025909421965479,-0.001014472101815,-0.0228860974311828,-0.0116213336586952,0.0125089846551418,-0.0097031788900494,0.0096273329108953,0.0013833169359713,0.0128970919176936,-0.0082882605493068,0.0240524597465992,-0.0164828579872846,0.0116228517144918,-0.0060191443189978,0.0005433694459497,-0.0008311528363265,-0.010325901210308,0.0112893274053931,0.0087890354916453,0.0063454867340624,0.0198074672371149,0.0142456935718655,-0.0355388931930065,0.0056412373669445,0.0100247962400317,0.0010303831659257,0.0071653025224804,0.0156678296625614,0.0004344619810581,-0.0056299967691302,-0.0061528463847935,0.0093987304717302,-0.0182280763983726,0.0049360832199454,-0.0040109483525156,0.0063630240038037,0.0065872832201421,0.0012373521458357,0.0094286249950528,0.0078739810332848,0.0119576709598068,0.015185583997183,0.0062280949968085,0.0262092434886993,0.0117271861469856,0.0547805955012383,0.0195043234388536,0.022280251306683,0.0085281716925076,0.0195659565993144,-0.0506205709010094,2019-02-08,2019-02-11,2019-02-12,2019-02-13,2019-02-14,2019-02-15,2019-02-19,2019-02-20,2019-02-21,2019-02-22,60097.0,2019-02-07,252.0,0.0450%,0.0003,0.7488,-0.2959,-0.2386,0.9858%,1.3282%,44.9120%,0.007838,MDT,60097.0,2019-02-08,252.0,0.1237%,0.0003,0.7491,-0.2961,-0.2377,0.9859%,1.3280%,44.8850%,-0.001035,MDT,60097.0,2019-02-11,252.0,0.6628%,0.0004,0.7429,-0.2799,-0.2321,0.9863%,1.3077%,43.1091%,0.007981,MDT,60097.0,2019-02-12,252.0,0.7254%,0.0003,0.7397,-0.2785,-0.234,0.9865%,1.3056%,42.9101%,-0.0032879999999999,MDT,60097.0,2019-02-13,252.0,0.4654%,0.0004,0.7414,-0.2803,-0.2338,0.9864%,1.3046%,42.8303%,0.0028139999999999,MDT,60097.0,2019-02-14,252.0,0.6176%,0.0004,0.7399,-0.2762,-0.2387,0.9873%,1.3051%,42.7698%,0.007735,MDT,60097.0,2019-02-15,252.0,1.1400%,0.0004,0.734,-0.281,-0.2477,0.9854%,1.3008%,42.6187%,0.004775,MDT,60097.0,2019-02-19,252.0,0.0650%,0.0004,0.7334,-0.28,-0.2464,0.9853%,1.2984%,42.4124%,0.000714,MDT,60097.0,2019-02-20,252.0,0.5090%,0.0004,0.7344,-0.2802,-0.2436,0.9853%,1.2985%,42.4196%,0.005568,MDT,60097.0,2019-02-21,252.0,-0.2047%,0.0004,0.728,-0.2932,-0.2553,0.9788%,1.2918%,42.5917%,-0.000187,MDT,60097.0,2019-02-22,252.0,1.2526%,0.0005,0.727,-0.2848,-0.2598,0.9787%,1.2919%,42.6066%,0.005554,MDT,0.006803,0.014784,0.011496,0.022045,0.038469
36883,M E I PHARMA INC,"MEI Pharma Q2 EPS $(0.15) Misses $(0.12) Estimate, Sales $2.05M Miss $2.08M Estimate",6,decrease,0.8,0.6,"the company reported a larger-than-expected loss and lower sales than anticipated, which typically negatively impacts investor sentiment and stock price.",0,2019-02-07,MEIP,2019-02-07 21:58:00+00:00,89935.0,55279B30,0.0228136647492647,90832.0,0.007434937171638,0.0115385428071022,0.0590405315160751,-0.0280374009162187,0.0313589386641979,-0.0237226486206054,-0.0219594780355691,0.0148148005828261,0.0189982969313859,0.0188679061830043,0.0305084455758333,-0.0111940186470747,-0.0460525900125503,-0.0147058684378862,-0.0413793511688709,0.0187265742570161,0.0323740690946579,-0.0111111002042889,-0.0209059044718742,0.0505837015807628,-0.0035587155725806,-0.0410448238253593,-0.0071428506635129,-0.0183150004595518,0.0107913566753268,-0.0179855953902006,0.024911094456911,-0.0176678281277418,0.045138843357563,-0.0070175374858081,0.0431894063949585,-0.0172414444386959,0.0318471007049083,0.0034602042287588,-0.0833333283662796,-0.0034482723567634,0.026936000213027,0.0357143357396125,-0.0327868536114692,0.0144927399232983,0.0033898272085934,0.0,0.0135135008022189,0.095238097012043,0.0299999713897705,-0.0194552354514598,-0.0032362430356442,-0.022813756018877,-0.0097402511164546,-0.0037878749426454,-0.0131147420033812,0.0775510445237159,0.0199335366487503,0.212871327996254,0.0130293034017086,0.0150753622874617,-0.0064308624714612,0.0364583618938922,-0.0129449721425771,-0.0634146332740783,-0.0229507982730865,-0.0048543643206357,0.0167785082012414,-0.0236966609954834,0.0,-0.0231482349336147,0.0132013075053691,-0.0769230052828788,0.0,-0.0750988349318504,0.0130293034017086,0.0326530300080776,-0.0032154312357306,-0.0466925650835037,0.0129032908007502,0.044715404510498,0.0191082619130611,-0.0238095019012689,-0.0062499940395355,-0.0270270016044378,0.0377358123660087,0.0038759654853492,-0.0090909004211425,-0.0785714387893676,-0.0183486063033342,0.0332102999091148,-0.0093457857146859,-0.0590278021991252,0.0,0.0034844004549086,-0.0157232545316219,0.0213522929698228,-0.0255591571331024,0.0107913566753268,-0.0262294840067625,-0.0176678281277418,-0.0168350003659725,0.0253622941672802,0.027397233992815,-0.0071942377835512,0.0233333110809326,0.0334572158753871,0.0097719775512814,-0.0146520007401704,-0.0064516067504882,-0.0990098863840103,0.03733766451478,-0.0130293034017086,-0.0140844564884901,0.092526689171791,-0.0031745999585837,-0.0602006912231445,0.0,-0.0292207524180412,-0.003184710163623,-0.0609756261110305,-0.0095847314223647,-0.0409357026219368,-0.0032258033752441,-0.0115606822073459,0.007434937171638,0.0115385428071022,0.0669144313301153,-0.0168223688597882,0.100371735542144,-0.0401459463349668,0.0966542685133349,-0.0075471612061001,0.0446096189301026,0.0233463749793794,0.1338289467478413,0.2829269198028927,0.1486988192652758,-0.2398843633975864,2019-02-08,2019-02-11,2019-02-12,2019-02-13,2019-02-14,2019-02-15,2019-02-19,2019-02-20,2019-02-21,2019-02-22,89935.0,2019-02-07,252.0,2.2814%,0.0017,0.7733,2.027,0.2399,4.5106%,4.6981%,7.8219%,0.031732,MEIP,89935.0,2019-02-08,252.0,0.7435%,0.0014,0.7744,1.9582,0.1992,4.4865%,4.6696%,7.6910%,0.0072809999999999,MEIP,89935.0,2019-02-11,252.0,5.9041%,0.0018,0.7102,2.0775,0.2301,4.4804%,4.6648%,7.7494%,0.044474,MEIP,89935.0,2019-02-12,252.0,3.1359%,0.002,0.7314,2.0648,0.2432,4.4806%,4.6667%,7.8139%,0.0215759999999999,MEIP,89935.0,2019-02-13,252.0,-2.1959%,0.0019,0.7345,2.0484,0.2336,4.4829%,4.6680%,7.7764%,-0.0255169999999999,MEIP,89935.0,2019-02-14,252.0,1.8998%,0.0019,0.7319,2.0532,0.2291,4.4831%,4.6688%,7.8002%,0.011144,MEIP,89935.0,2019-02-15,252.0,3.0508%,0.002,0.7439,2.0654,0.2505,4.4838%,4.6714%,7.8676%,0.015905,MEIP,89935.0,2019-02-19,252.0,-4.6053%,0.0018,0.7373,2.0238,0.2043,4.4967%,4.6808%,7.7108%,-0.054307,MEIP,89935.0,2019-02-20,252.0,-4.1379%,0.0016,0.7225,1.9871,0.1506,4.5074%,4.6877%,7.5440%,-0.048456,MEIP,89935.0,2019-02-21,252.0,3.2374%,0.0017,0.7181,1.9859,0.1422,4.5123%,4.6915%,7.4941%,0.0366849999999999,MEIP,89935.0,2019-02-22,252.0,-2.0906%,0.0018,0.7205,2.0536,0.2322,4.5040%,4.6859%,7.6105%,-0.034505,MEIP,0.039013,0.083487,0.105063,0.09069,0.006012
36891,MACROGENICS INC,"UPDATE: Wedbush Downgrades MacroGenics To Neutral And Raises Price Target From $20 To $26 As Firm Awaits 'the presentation of a more detailed dataset at a medical meeting later this half, particularly regarding PFS duration'",6,uncertain,0.6,0.3,"the downgrade to 'neutral' suggests a cautious outlook, but the raised price target indicates some positive sentiment, leading to uncertainty about the stock's immediate direction.",1,2019-02-07,MGNX,2019-02-07 13:52:00+00:00,14257.0,55609910,-0.1066406071186066,3732555.0,-0.018801936879754,1.304230570793152,-0.0476826950907707,-0.021145436912775,-0.0177819859236478,-0.0069991182535886,0.0142925744876265,-0.0255753826349973,-0.0079849725589156,0.0262466520071029,0.0340908765792846,-0.00953203253448,0.0141941150650382,0.0167400501668453,0.0036117348354309,-0.0299144815653562,-0.0157445073127746,0.0227272938936948,-0.0306215770542621,0.003508768742904,0.0245167594403028,-0.0112749449908733,-0.0409571751952171,-0.0633631721138954,0.0139154996722936,-0.0183412712067365,-0.0534784272313118,-0.0226032715290784,0.0234999656677246,-0.051736868917942,-0.0107474019750952,0.0014803481753915,-0.0079012271016836,-0.0552447512745857,-0.0428073965013027,0.031746070832014,-0.0083203250542283,0.0021691781003028,0.0136339925229549,-0.0308339539915323,0.022245230153203,0.0156583823263645,-0.006072917021811,0.0563909783959388,0.0274949558079242,0.0555555373430252,-0.0460852459073066,-0.0047392942942678,-0.0062338099814951,-0.003149603260681,-0.0026136559899896,0.0071372049860656,-0.0099580995738506,0.0015885229222476,0.0185283422470092,0.0072000119835138,0.030145525932312,0.0638297870755195,-0.0423814430832862,-0.0033927024342119,0.0337197743356227,-0.0552884303033351,0.0163098722696304,-0.0234741941094398,-0.0646941289305687,-0.0281368736177682,-0.0611259751021862,-0.0186567176133394,0.0268417652696371,-0.021183343604207,0.0305896084755659,-0.0724932700395584,0.0140313124284148,0.0307262949645519,0.0133049488067627,0.0084506962448358,0.0099789192900061,0.0573342889547348,0.0249609760940074,-0.1815965622663498,-0.0172500386834144,-0.011445814743638,-0.0387196689844131,0.0593490935862064,-0.0150376297533512,-0.0793184712529182,-0.0321701280772686,-0.0110400142148137,-0.0191549379378557,0.0274626314640045,0.0045950561761856,-0.0423098802566528,-0.0348771065473556,0.0710348933935165,-0.0313980318605899,-0.0455874130129814,-0.0085627706721425,-0.0058104870840907,0.0061690551228821,0.0,0.0306560397148132,0.0299222040921449,-0.0184413734823465,-0.0100710950791835,0.0090908855199813,-0.0359795019030571,0.0138137862086296,0.0017162864096462,0.0219194814562797,0.0523780174553394,-0.0278260596096515,-0.0118976123631,0.0005963165313005,0.0114319268614053,0.0333730317652225,-0.0426267124712467,0.0322952382266521,-0.04876708984375,0.0273742899298667,0.09939756244421,-0.018801936879754,1.304230570793152,-0.0655881049471716,1.2555066086259576,-0.0822038041118901,1.2397200511504338,-0.0765194552954756,1.2397200538473625,-0.0725842446515416,1.2456141891541457,-0.1700918734176626,1.1713317208103584,-0.1958898685754263,0.5421686731179294,2019-02-08,2019-02-11,2019-02-12,2019-02-13,2019-02-14,2019-02-15,2019-02-19,2019-02-20,2019-02-21,2019-02-22,14257.0,2019-02-07,252.0,-10.6641%,0.0024,1.3488,1.4109,0.0846,8.8153%,8.9663%,3.3402%,-0.092968,MGNX,14257.0,2019-02-08,252.0,-1.8802%,0.0022,1.3536,1.386,0.0885,8.8139%,8.9645%,3.3313%,-0.0202369999999999,MGNX,14257.0,2019-02-11,252.0,-4.7683%,0.0019,1.3745,1.2831,0.0438,8.8208%,8.9697%,3.2919%,-0.059029,MGNX,14257.0,2019-02-12,252.0,-1.7782%,0.0017,1.354,1.2811,0.0336,8.8241%,8.9703%,3.2321%,-0.036758,MGNX,14257.0,2019-02-13,252.0,1.4293%,0.0018,1.3606,1.2733,0.0342,8.8240%,8.9706%,3.2427%,0.009609,MGNX,14257.0,2019-02-14,252.0,-0.7985%,0.0016,1.3621,1.2651,0.0458,8.8230%,8.9690%,3.2277%,-0.011651,MGNX,14257.0,2019-02-15,252.0,3.4091%,0.0017,1.3778,1.2807,0.0732,8.8233%,8.9707%,3.2592%,0.015216,MGNX,14257.0,2019-02-19,252.0,1.4194%,0.0019,1.3882,1.2713,0.0618,8.8214%,8.9705%,3.2960%,0.0075429999999999,MGNX,14257.0,2019-02-20,252.0,0.3612%,0.0019,1.3886,1.2799,0.0655,8.8208%,8.9701%,3.3025%,-0.002263,MGNX,14257.0,2019-02-21,252.0,-1.5745%,0.0019,1.3939,1.2881,0.0752,8.8210%,8.9708%,3.3121%,-0.00966,MGNX,14257.0,2019-02-22,252.0,-3.0622%,0.0018,1.4,1.2983,0.1575,8.8254%,8.9729%,3.2601%,-0.045761,MGNX,-0.113205,-0.172234,-0.208992,-0.211034,-0.2459589999999999
36899,MACROGENICS INC,Wedbush Downgrades Macrogenics to Neutral,6,decrease,0.8,0.6,"a downgrade from wedbush typically signals reduced confidence in the company's future performance, which is likely to lead to a decrease in stock price.",0,2019-02-07,MGNX,2019-02-07 13:28:00+00:00,14257.0,55609910,-0.1066406071186066,3732555.0,-0.018801936879754,1.304230570793152,-0.0476826950907707,-0.021145436912775,-0.0177819859236478,-0.0069991182535886,0.0142925744876265,-0.0255753826349973,-0.0079849725589156,0.0262466520071029,0.0340908765792846,-0.00953203253448,0.0141941150650382,0.0167400501668453,0.0036117348354309,-0.0299144815653562,-0.0157445073127746,0.0227272938936948,-0.0306215770542621,0.003508768742904,0.0245167594403028,-0.0112749449908733,-0.0409571751952171,-0.0633631721138954,0.0139154996722936,-0.0183412712067365,-0.0534784272313118,-0.0226032715290784,0.0234999656677246,-0.051736868917942,-0.0107474019750952,0.0014803481753915,-0.0079012271016836,-0.0552447512745857,-0.0428073965013027,0.031746070832014,-0.0083203250542283,0.0021691781003028,0.0136339925229549,-0.0308339539915323,0.022245230153203,0.0156583823263645,-0.006072917021811,0.0563909783959388,0.0274949558079242,0.0555555373430252,-0.0460852459073066,-0.0047392942942678,-0.0062338099814951,-0.003149603260681,-0.0026136559899896,0.0071372049860656,-0.0099580995738506,0.0015885229222476,0.0185283422470092,0.0072000119835138,0.030145525932312,0.0638297870755195,-0.0423814430832862,-0.0033927024342119,0.0337197743356227,-0.0552884303033351,0.0163098722696304,-0.0234741941094398,-0.0646941289305687,-0.0281368736177682,-0.0611259751021862,-0.0186567176133394,0.0268417652696371,-0.021183343604207,0.0305896084755659,-0.0724932700395584,0.0140313124284148,0.0307262949645519,0.0133049488067627,0.0084506962448358,0.0099789192900061,0.0573342889547348,0.0249609760940074,-0.1815965622663498,-0.0172500386834144,-0.011445814743638,-0.0387196689844131,0.0593490935862064,-0.0150376297533512,-0.0793184712529182,-0.0321701280772686,-0.0110400142148137,-0.0191549379378557,0.0274626314640045,0.0045950561761856,-0.0423098802566528,-0.0348771065473556,0.0710348933935165,-0.0313980318605899,-0.0455874130129814,-0.0085627706721425,-0.0058104870840907,0.0061690551228821,0.0,0.0306560397148132,0.0299222040921449,-0.0184413734823465,-0.0100710950791835,0.0090908855199813,-0.0359795019030571,0.0138137862086296,0.0017162864096462,0.0219194814562797,0.0523780174553394,-0.0278260596096515,-0.0118976123631,0.0005963165313005,0.0114319268614053,0.0333730317652225,-0.0426267124712467,0.0322952382266521,-0.04876708984375,0.0273742899298667,0.09939756244421,-0.018801936879754,1.304230570793152,-0.0655881049471716,1.2555066086259576,-0.0822038041118901,1.2397200511504338,-0.0765194552954756,1.2397200538473625,-0.0725842446515416,1.2456141891541457,-0.1700918734176626,1.1713317208103584,-0.1958898685754263,0.5421686731179294,2019-02-08,2019-02-11,2019-02-12,2019-02-13,2019-02-14,2019-02-15,2019-02-19,2019-02-20,2019-02-21,2019-02-22,14257.0,2019-02-07,252.0,-10.6641%,0.0024,1.3488,1.4109,0.0846,8.8153%,8.9663%,3.3402%,-0.092968,MGNX,14257.0,2019-02-08,252.0,-1.8802%,0.0022,1.3536,1.386,0.0885,8.8139%,8.9645%,3.3313%,-0.0202369999999999,MGNX,14257.0,2019-02-11,252.0,-4.7683%,0.0019,1.3745,1.2831,0.0438,8.8208%,8.9697%,3.2919%,-0.059029,MGNX,14257.0,2019-02-12,252.0,-1.7782%,0.0017,1.354,1.2811,0.0336,8.8241%,8.9703%,3.2321%,-0.036758,MGNX,14257.0,2019-02-13,252.0,1.4293%,0.0018,1.3606,1.2733,0.0342,8.8240%,8.9706%,3.2427%,0.009609,MGNX,14257.0,2019-02-14,252.0,-0.7985%,0.0016,1.3621,1.2651,0.0458,8.8230%,8.9690%,3.2277%,-0.011651,MGNX,14257.0,2019-02-15,252.0,3.4091%,0.0017,1.3778,1.2807,0.0732,8.8233%,8.9707%,3.2592%,0.015216,MGNX,14257.0,2019-02-19,252.0,1.4194%,0.0019,1.3882,1.2713,0.0618,8.8214%,8.9705%,3.2960%,0.0075429999999999,MGNX,14257.0,2019-02-20,252.0,0.3612%,0.0019,1.3886,1.2799,0.0655,8.8208%,8.9701%,3.3025%,-0.002263,MGNX,14257.0,2019-02-21,252.0,-1.5745%,0.0019,1.3939,1.2881,0.0752,8.8210%,8.9708%,3.3121%,-0.00966,MGNX,14257.0,2019-02-22,252.0,-3.0622%,0.0018,1.4,1.2983,0.1575,8.8254%,8.9729%,3.2601%,-0.045761,MGNX,-0.113205,-0.172234,-0.208992,-0.211034,-0.2459589999999999
36907,MACROGENICS INC,Raymond James Upgrades Macrogenics to Market Perform,6,increase,0.7,0.6,"upgrading a stock to 'market perform' typically indicates a more favorable outlook, which can lead to increased investor interest and potentially raise the stock price.",2,2019-02-07,MGNX,2019-02-07 12:23:00+00:00,14257.0,55609910,-0.1066406071186066,3732555.0,-0.018801936879754,1.304230570793152,-0.0476826950907707,-0.021145436912775,-0.0177819859236478,-0.0069991182535886,0.0142925744876265,-0.0255753826349973,-0.0079849725589156,0.0262466520071029,0.0340908765792846,-0.00953203253448,0.0141941150650382,0.0167400501668453,0.0036117348354309,-0.0299144815653562,-0.0157445073127746,0.0227272938936948,-0.0306215770542621,0.003508768742904,0.0245167594403028,-0.0112749449908733,-0.0409571751952171,-0.0633631721138954,0.0139154996722936,-0.0183412712067365,-0.0534784272313118,-0.0226032715290784,0.0234999656677246,-0.051736868917942,-0.0107474019750952,0.0014803481753915,-0.0079012271016836,-0.0552447512745857,-0.0428073965013027,0.031746070832014,-0.0083203250542283,0.0021691781003028,0.0136339925229549,-0.0308339539915323,0.022245230153203,0.0156583823263645,-0.006072917021811,0.0563909783959388,0.0274949558079242,0.0555555373430252,-0.0460852459073066,-0.0047392942942678,-0.0062338099814951,-0.003149603260681,-0.0026136559899896,0.0071372049860656,-0.0099580995738506,0.0015885229222476,0.0185283422470092,0.0072000119835138,0.030145525932312,0.0638297870755195,-0.0423814430832862,-0.0033927024342119,0.0337197743356227,-0.0552884303033351,0.0163098722696304,-0.0234741941094398,-0.0646941289305687,-0.0281368736177682,-0.0611259751021862,-0.0186567176133394,0.0268417652696371,-0.021183343604207,0.0305896084755659,-0.0724932700395584,0.0140313124284148,0.0307262949645519,0.0133049488067627,0.0084506962448358,0.0099789192900061,0.0573342889547348,0.0249609760940074,-0.1815965622663498,-0.0172500386834144,-0.011445814743638,-0.0387196689844131,0.0593490935862064,-0.0150376297533512,-0.0793184712529182,-0.0321701280772686,-0.0110400142148137,-0.0191549379378557,0.0274626314640045,0.0045950561761856,-0.0423098802566528,-0.0348771065473556,0.0710348933935165,-0.0313980318605899,-0.0455874130129814,-0.0085627706721425,-0.0058104870840907,0.0061690551228821,0.0,0.0306560397148132,0.0299222040921449,-0.0184413734823465,-0.0100710950791835,0.0090908855199813,-0.0359795019030571,0.0138137862086296,0.0017162864096462,0.0219194814562797,0.0523780174553394,-0.0278260596096515,-0.0118976123631,0.0005963165313005,0.0114319268614053,0.0333730317652225,-0.0426267124712467,0.0322952382266521,-0.04876708984375,0.0273742899298667,0.09939756244421,-0.018801936879754,1.304230570793152,-0.0655881049471716,1.2555066086259576,-0.0822038041118901,1.2397200511504338,-0.0765194552954756,1.2397200538473625,-0.0725842446515416,1.2456141891541457,-0.1700918734176626,1.1713317208103584,-0.1958898685754263,0.5421686731179294,2019-02-08,2019-02-11,2019-02-12,2019-02-13,2019-02-14,2019-02-15,2019-02-19,2019-02-20,2019-02-21,2019-02-22,14257.0,2019-02-07,252.0,-10.6641%,0.0024,1.3488,1.4109,0.0846,8.8153%,8.9663%,3.3402%,-0.092968,MGNX,14257.0,2019-02-08,252.0,-1.8802%,0.0022,1.3536,1.386,0.0885,8.8139%,8.9645%,3.3313%,-0.0202369999999999,MGNX,14257.0,2019-02-11,252.0,-4.7683%,0.0019,1.3745,1.2831,0.0438,8.8208%,8.9697%,3.2919%,-0.059029,MGNX,14257.0,2019-02-12,252.0,-1.7782%,0.0017,1.354,1.2811,0.0336,8.8241%,8.9703%,3.2321%,-0.036758,MGNX,14257.0,2019-02-13,252.0,1.4293%,0.0018,1.3606,1.2733,0.0342,8.8240%,8.9706%,3.2427%,0.009609,MGNX,14257.0,2019-02-14,252.0,-0.7985%,0.0016,1.3621,1.2651,0.0458,8.8230%,8.9690%,3.2277%,-0.011651,MGNX,14257.0,2019-02-15,252.0,3.4091%,0.0017,1.3778,1.2807,0.0732,8.8233%,8.9707%,3.2592%,0.015216,MGNX,14257.0,2019-02-19,252.0,1.4194%,0.0019,1.3882,1.2713,0.0618,8.8214%,8.9705%,3.2960%,0.0075429999999999,MGNX,14257.0,2019-02-20,252.0,0.3612%,0.0019,1.3886,1.2799,0.0655,8.8208%,8.9701%,3.3025%,-0.002263,MGNX,14257.0,2019-02-21,252.0,-1.5745%,0.0019,1.3939,1.2881,0.0752,8.8210%,8.9708%,3.3121%,-0.00966,MGNX,14257.0,2019-02-22,252.0,-3.0622%,0.0018,1.4,1.2983,0.1575,8.8254%,8.9729%,3.2601%,-0.045761,MGNX,-0.113205,-0.172234,-0.208992,-0.211034,-0.2459589999999999
36915,MACROGENICS INC,"Citigroup Upgrades Macrogenics to Buy, Raises Price Target to $39",6,increase,0.8,0.7,upgrades from reputable financial institutions like citigroup typically signal positive sentiment and can lead to an increase in stock price.,2,2019-02-07,MGNX,2019-02-07 11:26:00+00:00,14257.0,55609910,-0.1066406071186066,3732555.0,-0.018801936879754,1.304230570793152,-0.0476826950907707,-0.021145436912775,-0.0177819859236478,-0.0069991182535886,0.0142925744876265,-0.0255753826349973,-0.0079849725589156,0.0262466520071029,0.0340908765792846,-0.00953203253448,0.0141941150650382,0.0167400501668453,0.0036117348354309,-0.0299144815653562,-0.0157445073127746,0.0227272938936948,-0.0306215770542621,0.003508768742904,0.0245167594403028,-0.0112749449908733,-0.0409571751952171,-0.0633631721138954,0.0139154996722936,-0.0183412712067365,-0.0534784272313118,-0.0226032715290784,0.0234999656677246,-0.051736868917942,-0.0107474019750952,0.0014803481753915,-0.0079012271016836,-0.0552447512745857,-0.0428073965013027,0.031746070832014,-0.0083203250542283,0.0021691781003028,0.0136339925229549,-0.0308339539915323,0.022245230153203,0.0156583823263645,-0.006072917021811,0.0563909783959388,0.0274949558079242,0.0555555373430252,-0.0460852459073066,-0.0047392942942678,-0.0062338099814951,-0.003149603260681,-0.0026136559899896,0.0071372049860656,-0.0099580995738506,0.0015885229222476,0.0185283422470092,0.0072000119835138,0.030145525932312,0.0638297870755195,-0.0423814430832862,-0.0033927024342119,0.0337197743356227,-0.0552884303033351,0.0163098722696304,-0.0234741941094398,-0.0646941289305687,-0.0281368736177682,-0.0611259751021862,-0.0186567176133394,0.0268417652696371,-0.021183343604207,0.0305896084755659,-0.0724932700395584,0.0140313124284148,0.0307262949645519,0.0133049488067627,0.0084506962448358,0.0099789192900061,0.0573342889547348,0.0249609760940074,-0.1815965622663498,-0.0172500386834144,-0.011445814743638,-0.0387196689844131,0.0593490935862064,-0.0150376297533512,-0.0793184712529182,-0.0321701280772686,-0.0110400142148137,-0.0191549379378557,0.0274626314640045,0.0045950561761856,-0.0423098802566528,-0.0348771065473556,0.0710348933935165,-0.0313980318605899,-0.0455874130129814,-0.0085627706721425,-0.0058104870840907,0.0061690551228821,0.0,0.0306560397148132,0.0299222040921449,-0.0184413734823465,-0.0100710950791835,0.0090908855199813,-0.0359795019030571,0.0138137862086296,0.0017162864096462,0.0219194814562797,0.0523780174553394,-0.0278260596096515,-0.0118976123631,0.0005963165313005,0.0114319268614053,0.0333730317652225,-0.0426267124712467,0.0322952382266521,-0.04876708984375,0.0273742899298667,0.09939756244421,-0.018801936879754,1.304230570793152,-0.0655881049471716,1.2555066086259576,-0.0822038041118901,1.2397200511504338,-0.0765194552954756,1.2397200538473625,-0.0725842446515416,1.2456141891541457,-0.1700918734176626,1.1713317208103584,-0.1958898685754263,0.5421686731179294,2019-02-08,2019-02-11,2019-02-12,2019-02-13,2019-02-14,2019-02-15,2019-02-19,2019-02-20,2019-02-21,2019-02-22,14257.0,2019-02-07,252.0,-10.6641%,0.0024,1.3488,1.4109,0.0846,8.8153%,8.9663%,3.3402%,-0.092968,MGNX,14257.0,2019-02-08,252.0,-1.8802%,0.0022,1.3536,1.386,0.0885,8.8139%,8.9645%,3.3313%,-0.0202369999999999,MGNX,14257.0,2019-02-11,252.0,-4.7683%,0.0019,1.3745,1.2831,0.0438,8.8208%,8.9697%,3.2919%,-0.059029,MGNX,14257.0,2019-02-12,252.0,-1.7782%,0.0017,1.354,1.2811,0.0336,8.8241%,8.9703%,3.2321%,-0.036758,MGNX,14257.0,2019-02-13,252.0,1.4293%,0.0018,1.3606,1.2733,0.0342,8.8240%,8.9706%,3.2427%,0.009609,MGNX,14257.0,2019-02-14,252.0,-0.7985%,0.0016,1.3621,1.2651,0.0458,8.8230%,8.9690%,3.2277%,-0.011651,MGNX,14257.0,2019-02-15,252.0,3.4091%,0.0017,1.3778,1.2807,0.0732,8.8233%,8.9707%,3.2592%,0.015216,MGNX,14257.0,2019-02-19,252.0,1.4194%,0.0019,1.3882,1.2713,0.0618,8.8214%,8.9705%,3.2960%,0.0075429999999999,MGNX,14257.0,2019-02-20,252.0,0.3612%,0.0019,1.3886,1.2799,0.0655,8.8208%,8.9701%,3.3025%,-0.002263,MGNX,14257.0,2019-02-21,252.0,-1.5745%,0.0019,1.3939,1.2881,0.0752,8.8210%,8.9708%,3.3121%,-0.00966,MGNX,14257.0,2019-02-22,252.0,-3.0622%,0.0018,1.4,1.2983,0.1575,8.8254%,8.9729%,3.2601%,-0.045761,MGNX,-0.113205,-0.172234,-0.208992,-0.211034,-0.2459589999999999
36923,MOHAWK INDUSTRIES INC,Mohawk Industries Sees Q1 EPS $2.02-$2.12 vs $2.29 Estimate,6,decrease,0.8,0.6,"the projected eps for q1 is below the analyst estimate, which typically signals weaker performance and can lead to a decrease in stock price.",0,2019-02-07,MHK,2019-02-07 21:22:00+00:00,77496.0,60819010,0.0060425070114433,1723708.0,0.0591263808310031,0.0041765072382986,0.0162026584148407,-0.0076634013094007,0.0373967513442039,-0.0069886748678982,-0.0260583739727735,-7.760313019389287e-05,-0.0043755872175097,0.0238492116332054,0.0029539167881011,-0.0098394202068448,0.0035916958004236,-0.0074999928474426,0.0004294435202609,0.0034493764396756,0.0018601595656946,0.0032245067413896,0.0033564323093742,0.0194018930196762,0.0064056506380438,-0.0157038979232311,-0.0097594745457172,0.0007897525792941,-0.0101413950324058,0.0196489170193672,-0.0178932957351207,0.0087733697146177,0.0099911894649267,-0.00757822021842,0.0054553393274545,-0.0156336892396211,-0.0221370011568069,0.0027055300306528,-0.0136124612763524,-0.0072675426490604,-0.0279007069766521,-0.0064359726384282,0.0190571807324886,0.0353486612439155,0.0077982945367693,-0.00877973344177,0.0011268416419625,0.0165397878736257,-0.0019510319689288,0.0447390563786029,-0.0281203426420688,-0.0143338702619075,-0.0053379791788756,0.0140218827873468,0.007311092223972,-0.0020477634388953,-0.0124314185231924,-0.005599895492196,-0.0146990213543176,0.0064901974983513,0.0168227478861808,0.0520168989896774,-0.0255969930440187,-0.0167829841375351,-0.0008809915743768,-0.0198268480598926,0.0040881936438381,-0.0125673348084092,0.0069455141201615,-0.0119107626378536,-0.0011892007896676,0.0227213576436042,0.0013494059676304,-0.0105146458372473,0.0137137984856963,-0.0103214345872402,-0.0040662861429154,-0.0059709586203098,-0.0042399568483233,-0.0028511222917586,0.0226305220276117,-0.0060843750834465,0.0146502722054719,-0.0038193215150386,0.0088152876123785,-0.0208926070481538,-0.010847476311028,0.0140972714871168,-0.0008377169724553,-0.0396642759442329,0.0015243670204654,-0.0136654693633317,0.0055556395091116,0.0053383600898087,-0.0041625900194048,-0.0268164277076721,-0.0036479383707046,0.0347035527229309,-0.0017544697038829,-0.0174757279455661,0.0068771238438785,0.0150583703070879,-0.0028080015908926,0.0038780993781983,0.0208524018526077,0.0140449441969394,0.0001491298025939,0.0019298638217151,-0.0257155392318964,0.0068005505017936,-0.0283834934234619,-0.001697298255749,0.0280314777046442,0.0191088020801544,0.0435815155506134,-0.0149289760738611,-0.0066054598428308,0.0141528937965631,0.0035463294479995,-0.0327895171940326,0.0240005478262901,-0.0124184684827923,-0.0094183450564742,0.006646126974374,0.0591263808310031,0.0041765072382986,0.0762870437977545,-0.0035189003221408,0.1165366827496474,-0.010482982739795,0.0826833569601332,0.0130375970297331,0.0959438637926328,0.0216467321612805,-0.0260530143820963,0.1256072891226749,0.0747270072565495,0.0082285045117591,2019-02-08,2019-02-11,2019-02-12,2019-02-13,2019-02-14,2019-02-15,2019-02-19,2019-02-20,2019-02-21,2019-02-22,77496.0,2019-02-07,252.0,0.6043%,-0.0027,0.9311,-0.0016,-0.0134,2.2314%,2.4532%,17.2647%,0.014733,MHK,77496.0,2019-02-08,252.0,5.9126%,-0.0025,0.9207,-0.0203,-0.0692,2.2637%,2.4838%,16.9367%,0.0580959999999999,MHK,77496.0,2019-02-11,252.0,1.6203%,-0.0024,0.918,0.0062,-0.0563,2.2662%,2.4741%,16.1058%,0.0151069999999999,MHK,77496.0,2019-02-12,252.0,3.7397%,-0.0022,0.9546,-0.0207,-0.0328,2.2597%,2.4813%,17.0660%,0.0247149999999999,MHK,77496.0,2019-02-13,252.0,-2.6058%,-0.0023,0.9462,-0.0174,-0.0387,2.2651%,2.4819%,16.7127%,-0.028796,MHK,77496.0,2019-02-14,252.0,-0.4376%,-0.0023,0.9472,-0.0171,-0.0406,2.2634%,2.4811%,16.7728%,-0.002623,MHK,77496.0,2019-02-15,252.0,0.2954%,-0.0023,0.9463,-0.0185,-0.0429,2.2636%,2.4803%,16.7102%,-0.007612,MHK,77496.0,2019-02-19,252.0,0.3592%,-0.0022,0.9513,-0.0219,-0.0472,2.2621%,2.4805%,16.8327%,0.0018759999999999,MHK,77496.0,2019-02-20,252.0,0.0429%,-0.0022,0.9525,-0.0155,-0.0422,2.2615%,2.4799%,16.8438%,-0.001171,MHK,77496.0,2019-02-21,252.0,0.1860%,-0.0021,0.9497,-0.0195,-0.0473,2.2619%,2.4794%,16.7805%,0.0051759999999999,MHK,77496.0,2019-02-22,252.0,0.3356%,-0.0022,0.9501,-0.0249,-0.0475,2.2618%,2.4797%,16.8029%,-0.0035039999999999,MHK,0.0728289999999999,0.0879359999999999,0.1126509999999999,0.0812319999999999,0.075997
36931,MOHAWK INDUSTRIES INC,"Mohawk Industries Q4 EPS $2.53 Beats $2.50 Estimate, Sales $2.45B Beat $2.43B Estimate",6,increase,0.8,0.6,"the company reported better-than-expected earnings and sales, which typically leads to positive investor sentiment and an increase in stock price.",2,2019-02-07,MHK,2019-02-07 21:21:00+00:00,77496.0,60819010,0.0060425070114433,1723708.0,0.0591263808310031,0.0041765072382986,0.0162026584148407,-0.0076634013094007,0.0373967513442039,-0.0069886748678982,-0.0260583739727735,-7.760313019389287e-05,-0.0043755872175097,0.0238492116332054,0.0029539167881011,-0.0098394202068448,0.0035916958004236,-0.0074999928474426,0.0004294435202609,0.0034493764396756,0.0018601595656946,0.0032245067413896,0.0033564323093742,0.0194018930196762,0.0064056506380438,-0.0157038979232311,-0.0097594745457172,0.0007897525792941,-0.0101413950324058,0.0196489170193672,-0.0178932957351207,0.0087733697146177,0.0099911894649267,-0.00757822021842,0.0054553393274545,-0.0156336892396211,-0.0221370011568069,0.0027055300306528,-0.0136124612763524,-0.0072675426490604,-0.0279007069766521,-0.0064359726384282,0.0190571807324886,0.0353486612439155,0.0077982945367693,-0.00877973344177,0.0011268416419625,0.0165397878736257,-0.0019510319689288,0.0447390563786029,-0.0281203426420688,-0.0143338702619075,-0.0053379791788756,0.0140218827873468,0.007311092223972,-0.0020477634388953,-0.0124314185231924,-0.005599895492196,-0.0146990213543176,0.0064901974983513,0.0168227478861808,0.0520168989896774,-0.0255969930440187,-0.0167829841375351,-0.0008809915743768,-0.0198268480598926,0.0040881936438381,-0.0125673348084092,0.0069455141201615,-0.0119107626378536,-0.0011892007896676,0.0227213576436042,0.0013494059676304,-0.0105146458372473,0.0137137984856963,-0.0103214345872402,-0.0040662861429154,-0.0059709586203098,-0.0042399568483233,-0.0028511222917586,0.0226305220276117,-0.0060843750834465,0.0146502722054719,-0.0038193215150386,0.0088152876123785,-0.0208926070481538,-0.010847476311028,0.0140972714871168,-0.0008377169724553,-0.0396642759442329,0.0015243670204654,-0.0136654693633317,0.0055556395091116,0.0053383600898087,-0.0041625900194048,-0.0268164277076721,-0.0036479383707046,0.0347035527229309,-0.0017544697038829,-0.0174757279455661,0.0068771238438785,0.0150583703070879,-0.0028080015908926,0.0038780993781983,0.0208524018526077,0.0140449441969394,0.0001491298025939,0.0019298638217151,-0.0257155392318964,0.0068005505017936,-0.0283834934234619,-0.001697298255749,0.0280314777046442,0.0191088020801544,0.0435815155506134,-0.0149289760738611,-0.0066054598428308,0.0141528937965631,0.0035463294479995,-0.0327895171940326,0.0240005478262901,-0.0124184684827923,-0.0094183450564742,0.006646126974374,0.0591263808310031,0.0041765072382986,0.0762870437977545,-0.0035189003221408,0.1165366827496474,-0.010482982739795,0.0826833569601332,0.0130375970297331,0.0959438637926328,0.0216467321612805,-0.0260530143820963,0.1256072891226749,0.0747270072565495,0.0082285045117591,2019-02-08,2019-02-11,2019-02-12,2019-02-13,2019-02-14,2019-02-15,2019-02-19,2019-02-20,2019-02-21,2019-02-22,77496.0,2019-02-07,252.0,0.6043%,-0.0027,0.9311,-0.0016,-0.0134,2.2314%,2.4532%,17.2647%,0.014733,MHK,77496.0,2019-02-08,252.0,5.9126%,-0.0025,0.9207,-0.0203,-0.0692,2.2637%,2.4838%,16.9367%,0.0580959999999999,MHK,77496.0,2019-02-11,252.0,1.6203%,-0.0024,0.918,0.0062,-0.0563,2.2662%,2.4741%,16.1058%,0.0151069999999999,MHK,77496.0,2019-02-12,252.0,3.7397%,-0.0022,0.9546,-0.0207,-0.0328,2.2597%,2.4813%,17.0660%,0.0247149999999999,MHK,77496.0,2019-02-13,252.0,-2.6058%,-0.0023,0.9462,-0.0174,-0.0387,2.2651%,2.4819%,16.7127%,-0.028796,MHK,77496.0,2019-02-14,252.0,-0.4376%,-0.0023,0.9472,-0.0171,-0.0406,2.2634%,2.4811%,16.7728%,-0.002623,MHK,77496.0,2019-02-15,252.0,0.2954%,-0.0023,0.9463,-0.0185,-0.0429,2.2636%,2.4803%,16.7102%,-0.007612,MHK,77496.0,2019-02-19,252.0,0.3592%,-0.0022,0.9513,-0.0219,-0.0472,2.2621%,2.4805%,16.8327%,0.0018759999999999,MHK,77496.0,2019-02-20,252.0,0.0429%,-0.0022,0.9525,-0.0155,-0.0422,2.2615%,2.4799%,16.8438%,-0.001171,MHK,77496.0,2019-02-21,252.0,0.1860%,-0.0021,0.9497,-0.0195,-0.0473,2.2619%,2.4794%,16.7805%,0.0051759999999999,MHK,77496.0,2019-02-22,252.0,0.3356%,-0.0022,0.9501,-0.0249,-0.0475,2.2618%,2.4797%,16.8029%,-0.0035039999999999,MHK,0.0728289999999999,0.0879359999999999,0.1126509999999999,0.0812319999999999,0.075997
36939,MAXIMUS INC,"MAXIMUS Reaffirms FY19 Guidance: GAAP EPS $3.55-$3.75, Sales $2.925B-$3B vs $2.95B Est.",6,increase,0.7,0.6,"the reaffirmation of guidance suggests stability and confidence in future performance, which is likely to positively influence investor sentiment and increase the stock price.",2,2019-02-07,MMS,2019-02-07 11:31:00+00:00,85067.0,57793310,-0.0155901331454515,396080.0,-0.0117364507168531,-0.0016676313243806,-0.0030047085601836,0.0140924463048577,0.004592418204993,0.0114024430513382,0.0054285321384668,0.0004278683918528,0.0254333764314651,0.0172613114118576,0.0258620772510767,0.0024720926303416,-0.0103009240701794,-0.0070748697035014,-0.0082169063389301,0.0015907535562291,-0.0095276832580566,-0.0011555948294699,0.0079464614391326,0.0024617116432636,0.0031811301596462,-0.0002895812503993,-0.0048255682922899,-0.0046109464019536,-0.0131614981219172,0.0047777881845831,-0.0077215079218149,-0.0005788006819784,0.0113186622038483,0.0086106825619935,-0.0097930124029517,0.0054291286505758,-0.010172382928431,-0.0072833211161196,-0.0154152764007449,-0.0043509127572178,0.00739336758852,0.0059818504378199,0.0023025423288345,0.0032201583962887,0.0202440209686756,0.0300014745444059,-0.0045032324269413,-0.0098521579056978,0.0086231362074613,0.0318853929638862,-0.0047651906497776,-0.0012307973811402,0.0012673755409196,-0.0013826446374878,-0.0045006992295384,0.0046302736736834,0.0063577927649021,0.006368494592607,-0.0002808405261021,-0.0003106253279838,0.0074427579529583,0.0317206569015979,-0.0253693852573633,-0.0054174656979739,-0.0031464705243706,-0.0247086267918348,0.0149211045354604,-0.0049481941387057,-0.0015549988020211,-0.0165754854679107,0.0084950607270002,-0.0267869997769594,-0.0035097568761557,-0.0272098965942859,0.0056353039108216,-0.0070049734786152,-0.0089660882949829,-0.0052617001347243,0.0120158111676573,0.0048584784381091,0.0041905720718204,0.0085027236491441,-0.0038948224391788,-0.0067277587950229,-0.0076805339194834,-0.0073884152807295,-0.0108358664438128,-0.0050890673883259,0.0059752194210886,-0.0153117831796407,-0.0055154771544039,0.0101236440241336,0.0014220488956198,0.0193493794649839,0.0055381907150149,0.0028747585602104,-0.0007060503121465,0.0218859836459159,0.0002825981064233,-0.0043871807865798,0.0026844085659831,0.0140886390581727,-0.0040862462483346,0.0133754042908549,0.012874873355031,0.04787402972579,0.0118732526898384,-0.0070367595180869,0.0008282379712909,-0.0309137310832738,0.0110345249995589,-0.0063244355842471,0.0015006903558969,0.0151330716907978,0.0032692800741642,-0.0114406459033489,-0.0090970555320382,-0.0049431067891418,-0.0019184298580512,-0.0069909445010125,0.0137287210673093,0.0077949976548552,0.0002709137916099,0.0106044076383113,-0.0117364507168531,-0.0016676313243806,-0.0147058946631016,0.0124013139755818,-0.0101810120764802,0.0239451623032884,0.0205033512803369,0.0420654748066275,0.0258954007126093,0.0402548352516185,-0.007875496031007,0.1446781112402759,0.0480308712124382,0.0924788362291979,2019-02-08,2019-02-11,2019-02-12,2019-02-13,2019-02-14,2019-02-15,2019-02-19,2019-02-20,2019-02-21,2019-02-22,85067.0,2019-02-07,252.0,-1.5590%,0.0003,0.616,0.5548,0.0792,1.0315%,1.2558%,32.5407%,-0.009641,MMS,85067.0,2019-02-08,252.0,-1.1736%,0.0002,0.6183,0.5521,0.0872,1.0337%,1.2575%,32.4224%,-0.0121219999999999,MMS,85067.0,2019-02-11,252.0,-0.3005%,0.0002,0.6143,0.5451,0.0812,1.0349%,1.2514%,31.6111%,-0.0078149999999999,MMS,85067.0,2019-02-12,252.0,0.4592%,0.0002,0.6171,0.5385,0.0838,1.0338%,1.2515%,31.7617%,-0.003832,MMS,85067.0,2019-02-13,252.0,0.5429%,0.0002,0.6155,0.5424,0.0852,1.0336%,1.2503%,31.6604%,0.003219,MMS,85067.0,2019-02-14,252.0,2.5433%,0.0003,0.6091,0.5551,0.0726,1.0422%,1.2574%,31.3008%,0.0243,MMS,85067.0,2019-02-15,252.0,2.5862%,0.0003,0.6096,0.5573,0.0758,1.0444%,1.2586%,31.1350%,0.017143,MMS,85067.0,2019-02-19,252.0,-1.0301%,0.0003,0.6103,0.544,0.0608,1.0456%,1.2600%,31.1372%,-0.013403,MMS,85067.0,2019-02-20,252.0,-0.8217%,0.0002,0.6064,0.532,0.0461,1.0468%,1.2596%,30.9378%,-0.011008,MMS,85067.0,2019-02-21,252.0,-0.9528%,0.0002,0.6094,0.5366,0.0517,1.0475%,1.2611%,31.0116%,-0.006905,MMS,85067.0,2019-02-22,252.0,0.7946%,0.0001,0.6097,0.5248,0.0438,1.0460%,1.2603%,31.1157%,0.001694,MMS,-0.0217629999999999,-0.0295779999999999,-0.0334099999999999,-0.0058909999999999,-0.0183699999999999
36947,MAXIMUS INC,"Maximus Q1 EPS $0.86 Beats $0.80 Estimate, Sales $664.6M Miss $672.09M Estimate",6,uncertain,0.6,0.2,"while the eps beat expectations, the sales miss could lead to mixed reactions from investors, making the overall impact on the stock price uncertain.",1,2019-02-07,MMS,2019-02-07 11:30:00+00:00,85067.0,57793310,-0.0155901331454515,396080.0,-0.0117364507168531,-0.0016676313243806,-0.0030047085601836,0.0140924463048577,0.004592418204993,0.0114024430513382,0.0054285321384668,0.0004278683918528,0.0254333764314651,0.0172613114118576,0.0258620772510767,0.0024720926303416,-0.0103009240701794,-0.0070748697035014,-0.0082169063389301,0.0015907535562291,-0.0095276832580566,-0.0011555948294699,0.0079464614391326,0.0024617116432636,0.0031811301596462,-0.0002895812503993,-0.0048255682922899,-0.0046109464019536,-0.0131614981219172,0.0047777881845831,-0.0077215079218149,-0.0005788006819784,0.0113186622038483,0.0086106825619935,-0.0097930124029517,0.0054291286505758,-0.010172382928431,-0.0072833211161196,-0.0154152764007449,-0.0043509127572178,0.00739336758852,0.0059818504378199,0.0023025423288345,0.0032201583962887,0.0202440209686756,0.0300014745444059,-0.0045032324269413,-0.0098521579056978,0.0086231362074613,0.0318853929638862,-0.0047651906497776,-0.0012307973811402,0.0012673755409196,-0.0013826446374878,-0.0045006992295384,0.0046302736736834,0.0063577927649021,0.006368494592607,-0.0002808405261021,-0.0003106253279838,0.0074427579529583,0.0317206569015979,-0.0253693852573633,-0.0054174656979739,-0.0031464705243706,-0.0247086267918348,0.0149211045354604,-0.0049481941387057,-0.0015549988020211,-0.0165754854679107,0.0084950607270002,-0.0267869997769594,-0.0035097568761557,-0.0272098965942859,0.0056353039108216,-0.0070049734786152,-0.0089660882949829,-0.0052617001347243,0.0120158111676573,0.0048584784381091,0.0041905720718204,0.0085027236491441,-0.0038948224391788,-0.0067277587950229,-0.0076805339194834,-0.0073884152807295,-0.0108358664438128,-0.0050890673883259,0.0059752194210886,-0.0153117831796407,-0.0055154771544039,0.0101236440241336,0.0014220488956198,0.0193493794649839,0.0055381907150149,0.0028747585602104,-0.0007060503121465,0.0218859836459159,0.0002825981064233,-0.0043871807865798,0.0026844085659831,0.0140886390581727,-0.0040862462483346,0.0133754042908549,0.012874873355031,0.04787402972579,0.0118732526898384,-0.0070367595180869,0.0008282379712909,-0.0309137310832738,0.0110345249995589,-0.0063244355842471,0.0015006903558969,0.0151330716907978,0.0032692800741642,-0.0114406459033489,-0.0090970555320382,-0.0049431067891418,-0.0019184298580512,-0.0069909445010125,0.0137287210673093,0.0077949976548552,0.0002709137916099,0.0106044076383113,-0.0117364507168531,-0.0016676313243806,-0.0147058946631016,0.0124013139755818,-0.0101810120764802,0.0239451623032884,0.0205033512803369,0.0420654748066275,0.0258954007126093,0.0402548352516185,-0.007875496031007,0.1446781112402759,0.0480308712124382,0.0924788362291979,2019-02-08,2019-02-11,2019-02-12,2019-02-13,2019-02-14,2019-02-15,2019-02-19,2019-02-20,2019-02-21,2019-02-22,85067.0,2019-02-07,252.0,-1.5590%,0.0003,0.616,0.5548,0.0792,1.0315%,1.2558%,32.5407%,-0.009641,MMS,85067.0,2019-02-08,252.0,-1.1736%,0.0002,0.6183,0.5521,0.0872,1.0337%,1.2575%,32.4224%,-0.0121219999999999,MMS,85067.0,2019-02-11,252.0,-0.3005%,0.0002,0.6143,0.5451,0.0812,1.0349%,1.2514%,31.6111%,-0.0078149999999999,MMS,85067.0,2019-02-12,252.0,0.4592%,0.0002,0.6171,0.5385,0.0838,1.0338%,1.2515%,31.7617%,-0.003832,MMS,85067.0,2019-02-13,252.0,0.5429%,0.0002,0.6155,0.5424,0.0852,1.0336%,1.2503%,31.6604%,0.003219,MMS,85067.0,2019-02-14,252.0,2.5433%,0.0003,0.6091,0.5551,0.0726,1.0422%,1.2574%,31.3008%,0.0243,MMS,85067.0,2019-02-15,252.0,2.5862%,0.0003,0.6096,0.5573,0.0758,1.0444%,1.2586%,31.1350%,0.017143,MMS,85067.0,2019-02-19,252.0,-1.0301%,0.0003,0.6103,0.544,0.0608,1.0456%,1.2600%,31.1372%,-0.013403,MMS,85067.0,2019-02-20,252.0,-0.8217%,0.0002,0.6064,0.532,0.0461,1.0468%,1.2596%,30.9378%,-0.011008,MMS,85067.0,2019-02-21,252.0,-0.9528%,0.0002,0.6094,0.5366,0.0517,1.0475%,1.2611%,31.0116%,-0.006905,MMS,85067.0,2019-02-22,252.0,0.7946%,0.0001,0.6097,0.5248,0.0438,1.0460%,1.2603%,31.1157%,0.001694,MMS,-0.0217629999999999,-0.0295779999999999,-0.0334099999999999,-0.0058909999999999,-0.0183699999999999
36955,MARATHON PETROLEUM CORP,"From Marathon Petroleum Conference Call: Co. Is Not Exposed To Venezuela, Sees Replacement Barrels From Arabian Gulf, Latin America",6,increase,0.7,0.6,"the news indicates that marathon petroleum is not exposed to the risks associated with venezuela and has alternative sources for replacement barrels, which could positively impact investor confidence and stock performance.",2,2019-02-07,MPC,2019-02-07 14:46:00+00:00,12872.0,56585A10,-0.0474054403603076,9498466.0,-0.0153846079483628,-0.0046144323423504,-0.0159438773989677,0.0192686468362808,0.002430293476209,0.0067206723615527,0.0287700444459915,-0.0119227422401309,0.0061272485181689,0.0142354248091578,0.0173329263925552,0.018553202971816,0.0059861945919692,0.0065913083963096,0.00153820135165,-0.0056179868988692,-0.0069113336503505,0.0153700085356831,0.0055674752220511,-0.0268311165273189,-0.0041525168344378,0.0004628012829925,-0.0024710991419851,-0.0192161705344915,-0.0184238255023956,0.004559894092381,-0.0219243410974741,0.0225365962833166,0.0108047416433692,0.0001553630718262,-0.0106892464682459,-0.0084771187976002,-0.0193516686558723,0.0001540697703603,-0.0144713213667273,0.0194876883178949,-0.0181878879666328,-0.0091871712356805,-0.0227736253291368,0.021472917869687,0.02956523001194,0.0097976326942443,-0.0057432455942034,0.0098945135250687,0.0120625058189034,0.0490046106278896,0.002014418831095,-0.0145875075832009,0.0127324871718883,0.0106761753559112,0.0269644502550363,0.0132210962474346,-0.0008054614881984,-0.0145515538752079,0.0025793947279453,0.0128534706309437,0.0096478899940848,0.0741899609565734,-0.023729920387268,-0.0426507219672203,-0.0021207351237535,-0.0118425032123923,0.0129148429259657,-0.0206379480659961,0.003712065052241,-0.0055969813838601,-0.0199388638138771,0.0020394108723849,-0.0180476177483797,-0.0172039214521646,0.0200501382350921,-0.0362202189862728,-0.0185094363987445,0.0012894587125629,0.0076769511215388,0.0114118158817291,0.016064878553152,0.0059035848826169,0.0345558710396289,-0.009421732276678,-0.0017331117996945,-0.0313138924539089,-0.0189394056797027,0.0033154259435832,0.0231660008430481,-0.0204145293682813,-0.0077043692581355,-0.0076734186150133,-0.0240849386900663,0.0040061962790787,-0.0170482099056243,-0.0058210366405546,-0.008589370176196,0.0241606067866087,0.0036654651630669,-0.0068556969054043,-0.0071381190791726,0.0396889820694923,0.0220698826014995,-0.031382393091917,-0.0011450955644249,0.0297301691025495,-0.0255486629903316,-0.0167166125029325,0.0193277560174465,-0.0310208201408386,-0.0042869271710515,0.0012240181677043,0.0099354581907391,0.0238095317035913,-0.0019675807561725,-0.0051425592973828,-0.0151141481474041,-0.0262519475072622,-0.0210175495594739,-0.0190532710403204,0.0216391291469335,-0.0076808962039649,-0.0078385155647993,-0.0303638316690921,-0.0153846079483628,-0.0046144323423504,-0.0310831950443707,0.0145653006267756,-0.0287284428542977,0.0213838616016883,0.0053375221506404,0.0235726435716818,0.0290436002589113,0.0311488708429883,-0.0298312041423036,0.1785336681377169,-0.0584772640279073,-0.0351329549204011,2019-02-08,2019-02-11,2019-02-12,2019-02-13,2019-02-14,2019-02-15,2019-02-19,2019-02-20,2019-02-21,2019-02-22,12872.0,2019-02-07,252.0,-4.7405%,0.0001,1.1516,0.3808,0.1895,1.6022%,2.0191%,37.0296%,-0.037169,MPC,12872.0,2019-02-08,252.0,-1.5385%,0.0,1.154,0.3911,0.2066,1.6045%,2.0206%,36.9467%,-0.015404,MPC,12872.0,2019-02-11,252.0,-1.5944%,-0.0001,1.1539,0.3631,0.1914,1.6096%,2.0107%,35.9159%,-0.020716,MPC,12872.0,2019-02-12,252.0,0.2430%,-0.0001,1.1453,0.3646,0.1868,1.6116%,2.0081%,35.5884%,-0.0131089999999999,MPC,12872.0,2019-02-13,252.0,2.8770%,-0.0,1.1485,0.3693,0.1938,1.6194%,2.0141%,35.3517%,0.025114,MPC,12872.0,2019-02-14,252.0,0.6127%,-0.0001,1.1456,0.3729,0.1917,1.6166%,2.0105%,35.3390%,0.0076419999999999,MPC,12872.0,2019-02-15,252.0,1.7333%,-0.0001,1.1371,0.3655,0.1783,1.6149%,2.0036%,35.0410%,0.002435,MPC,12872.0,2019-02-19,252.0,0.5986%,-0.0,1.143,0.3592,0.1707,1.6112%,2.0037%,35.3418%,0.002131,MPC,12872.0,2019-02-20,252.0,0.1538%,-0.0,1.1424,0.3577,0.1683,1.6112%,2.0037%,35.3351%,-0.002463,MPC,12872.0,2019-02-21,252.0,-0.6911%,-0.0,1.1395,0.3515,0.1631,1.6102%,2.0009%,35.2367%,-0.002147,MPC,12872.0,2019-02-22,252.0,0.5567%,-0.0,1.1398,0.3484,0.1641,1.6102%,2.0012%,35.2570%,-0.001475,MPC,-0.052573,-0.073289,-0.086398,-0.053642,-0.055161
36963,MARATHON PETROLEUM CORP,Marathon Petroleum Raises Qtr. Dividend From $0.46 To $0.53/Share,6,increase,0.8,0.6,"raising the quarterly dividend typically signals financial strength and can attract investors, likely leading to an increase in stock price.",2,2019-02-07,MPC,2019-02-07 11:37:00+00:00,12872.0,56585A10,-0.0474054403603076,9498466.0,-0.0153846079483628,-0.0046144323423504,-0.0159438773989677,0.0192686468362808,0.002430293476209,0.0067206723615527,0.0287700444459915,-0.0119227422401309,0.0061272485181689,0.0142354248091578,0.0173329263925552,0.018553202971816,0.0059861945919692,0.0065913083963096,0.00153820135165,-0.0056179868988692,-0.0069113336503505,0.0153700085356831,0.0055674752220511,-0.0268311165273189,-0.0041525168344378,0.0004628012829925,-0.0024710991419851,-0.0192161705344915,-0.0184238255023956,0.004559894092381,-0.0219243410974741,0.0225365962833166,0.0108047416433692,0.0001553630718262,-0.0106892464682459,-0.0084771187976002,-0.0193516686558723,0.0001540697703603,-0.0144713213667273,0.0194876883178949,-0.0181878879666328,-0.0091871712356805,-0.0227736253291368,0.021472917869687,0.02956523001194,0.0097976326942443,-0.0057432455942034,0.0098945135250687,0.0120625058189034,0.0490046106278896,0.002014418831095,-0.0145875075832009,0.0127324871718883,0.0106761753559112,0.0269644502550363,0.0132210962474346,-0.0008054614881984,-0.0145515538752079,0.0025793947279453,0.0128534706309437,0.0096478899940848,0.0741899609565734,-0.023729920387268,-0.0426507219672203,-0.0021207351237535,-0.0118425032123923,0.0129148429259657,-0.0206379480659961,0.003712065052241,-0.0055969813838601,-0.0199388638138771,0.0020394108723849,-0.0180476177483797,-0.0172039214521646,0.0200501382350921,-0.0362202189862728,-0.0185094363987445,0.0012894587125629,0.0076769511215388,0.0114118158817291,0.016064878553152,0.0059035848826169,0.0345558710396289,-0.009421732276678,-0.0017331117996945,-0.0313138924539089,-0.0189394056797027,0.0033154259435832,0.0231660008430481,-0.0204145293682813,-0.0077043692581355,-0.0076734186150133,-0.0240849386900663,0.0040061962790787,-0.0170482099056243,-0.0058210366405546,-0.008589370176196,0.0241606067866087,0.0036654651630669,-0.0068556969054043,-0.0071381190791726,0.0396889820694923,0.0220698826014995,-0.031382393091917,-0.0011450955644249,0.0297301691025495,-0.0255486629903316,-0.0167166125029325,0.0193277560174465,-0.0310208201408386,-0.0042869271710515,0.0012240181677043,0.0099354581907391,0.0238095317035913,-0.0019675807561725,-0.0051425592973828,-0.0151141481474041,-0.0262519475072622,-0.0210175495594739,-0.0190532710403204,0.0216391291469335,-0.0076808962039649,-0.0078385155647993,-0.0303638316690921,-0.0153846079483628,-0.0046144323423504,-0.0310831950443707,0.0145653006267756,-0.0287284428542977,0.0213838616016883,0.0053375221506404,0.0235726435716818,0.0290436002589113,0.0311488708429883,-0.0298312041423036,0.1785336681377169,-0.0584772640279073,-0.0351329549204011,2019-02-08,2019-02-11,2019-02-12,2019-02-13,2019-02-14,2019-02-15,2019-02-19,2019-02-20,2019-02-21,2019-02-22,12872.0,2019-02-07,252.0,-4.7405%,0.0001,1.1516,0.3808,0.1895,1.6022%,2.0191%,37.0296%,-0.037169,MPC,12872.0,2019-02-08,252.0,-1.5385%,0.0,1.154,0.3911,0.2066,1.6045%,2.0206%,36.9467%,-0.015404,MPC,12872.0,2019-02-11,252.0,-1.5944%,-0.0001,1.1539,0.3631,0.1914,1.6096%,2.0107%,35.9159%,-0.020716,MPC,12872.0,2019-02-12,252.0,0.2430%,-0.0001,1.1453,0.3646,0.1868,1.6116%,2.0081%,35.5884%,-0.0131089999999999,MPC,12872.0,2019-02-13,252.0,2.8770%,-0.0,1.1485,0.3693,0.1938,1.6194%,2.0141%,35.3517%,0.025114,MPC,12872.0,2019-02-14,252.0,0.6127%,-0.0001,1.1456,0.3729,0.1917,1.6166%,2.0105%,35.3390%,0.0076419999999999,MPC,12872.0,2019-02-15,252.0,1.7333%,-0.0001,1.1371,0.3655,0.1783,1.6149%,2.0036%,35.0410%,0.002435,MPC,12872.0,2019-02-19,252.0,0.5986%,-0.0,1.143,0.3592,0.1707,1.6112%,2.0037%,35.3418%,0.002131,MPC,12872.0,2019-02-20,252.0,0.1538%,-0.0,1.1424,0.3577,0.1683,1.6112%,2.0037%,35.3351%,-0.002463,MPC,12872.0,2019-02-21,252.0,-0.6911%,-0.0,1.1395,0.3515,0.1631,1.6102%,2.0009%,35.2367%,-0.002147,MPC,12872.0,2019-02-22,252.0,0.5567%,-0.0,1.1398,0.3484,0.1641,1.6102%,2.0012%,35.2570%,-0.001475,MPC,-0.052573,-0.073289,-0.086398,-0.053642,-0.055161
36971,MARATHON PETROLEUM CORP,"Marathon Petroleum Q4 EPS $2.41 Beats $1.68 Estimate, Sales $32.541B Beat $32.24B Estimate",6,increase,0.85,0.7,"the company's earnings per share and sales both exceeded analyst estimates, which typically signals strong performance and can lead to a positive reaction in the stock price.",2,2019-02-07,MPC,2019-02-07 11:36:00+00:00,12872.0,56585A10,-0.0474054403603076,9498466.0,-0.0153846079483628,-0.0046144323423504,-0.0159438773989677,0.0192686468362808,0.002430293476209,0.0067206723615527,0.0287700444459915,-0.0119227422401309,0.0061272485181689,0.0142354248091578,0.0173329263925552,0.018553202971816,0.0059861945919692,0.0065913083963096,0.00153820135165,-0.0056179868988692,-0.0069113336503505,0.0153700085356831,0.0055674752220511,-0.0268311165273189,-0.0041525168344378,0.0004628012829925,-0.0024710991419851,-0.0192161705344915,-0.0184238255023956,0.004559894092381,-0.0219243410974741,0.0225365962833166,0.0108047416433692,0.0001553630718262,-0.0106892464682459,-0.0084771187976002,-0.0193516686558723,0.0001540697703603,-0.0144713213667273,0.0194876883178949,-0.0181878879666328,-0.0091871712356805,-0.0227736253291368,0.021472917869687,0.02956523001194,0.0097976326942443,-0.0057432455942034,0.0098945135250687,0.0120625058189034,0.0490046106278896,0.002014418831095,-0.0145875075832009,0.0127324871718883,0.0106761753559112,0.0269644502550363,0.0132210962474346,-0.0008054614881984,-0.0145515538752079,0.0025793947279453,0.0128534706309437,0.0096478899940848,0.0741899609565734,-0.023729920387268,-0.0426507219672203,-0.0021207351237535,-0.0118425032123923,0.0129148429259657,-0.0206379480659961,0.003712065052241,-0.0055969813838601,-0.0199388638138771,0.0020394108723849,-0.0180476177483797,-0.0172039214521646,0.0200501382350921,-0.0362202189862728,-0.0185094363987445,0.0012894587125629,0.0076769511215388,0.0114118158817291,0.016064878553152,0.0059035848826169,0.0345558710396289,-0.009421732276678,-0.0017331117996945,-0.0313138924539089,-0.0189394056797027,0.0033154259435832,0.0231660008430481,-0.0204145293682813,-0.0077043692581355,-0.0076734186150133,-0.0240849386900663,0.0040061962790787,-0.0170482099056243,-0.0058210366405546,-0.008589370176196,0.0241606067866087,0.0036654651630669,-0.0068556969054043,-0.0071381190791726,0.0396889820694923,0.0220698826014995,-0.031382393091917,-0.0011450955644249,0.0297301691025495,-0.0255486629903316,-0.0167166125029325,0.0193277560174465,-0.0310208201408386,-0.0042869271710515,0.0012240181677043,0.0099354581907391,0.0238095317035913,-0.0019675807561725,-0.0051425592973828,-0.0151141481474041,-0.0262519475072622,-0.0210175495594739,-0.0190532710403204,0.0216391291469335,-0.0076808962039649,-0.0078385155647993,-0.0303638316690921,-0.0153846079483628,-0.0046144323423504,-0.0310831950443707,0.0145653006267756,-0.0287284428542977,0.0213838616016883,0.0053375221506404,0.0235726435716818,0.0290436002589113,0.0311488708429883,-0.0298312041423036,0.1785336681377169,-0.0584772640279073,-0.0351329549204011,2019-02-08,2019-02-11,2019-02-12,2019-02-13,2019-02-14,2019-02-15,2019-02-19,2019-02-20,2019-02-21,2019-02-22,12872.0,2019-02-07,252.0,-4.7405%,0.0001,1.1516,0.3808,0.1895,1.6022%,2.0191%,37.0296%,-0.037169,MPC,12872.0,2019-02-08,252.0,-1.5385%,0.0,1.154,0.3911,0.2066,1.6045%,2.0206%,36.9467%,-0.015404,MPC,12872.0,2019-02-11,252.0,-1.5944%,-0.0001,1.1539,0.3631,0.1914,1.6096%,2.0107%,35.9159%,-0.020716,MPC,12872.0,2019-02-12,252.0,0.2430%,-0.0001,1.1453,0.3646,0.1868,1.6116%,2.0081%,35.5884%,-0.0131089999999999,MPC,12872.0,2019-02-13,252.0,2.8770%,-0.0,1.1485,0.3693,0.1938,1.6194%,2.0141%,35.3517%,0.025114,MPC,12872.0,2019-02-14,252.0,0.6127%,-0.0001,1.1456,0.3729,0.1917,1.6166%,2.0105%,35.3390%,0.0076419999999999,MPC,12872.0,2019-02-15,252.0,1.7333%,-0.0001,1.1371,0.3655,0.1783,1.6149%,2.0036%,35.0410%,0.002435,MPC,12872.0,2019-02-19,252.0,0.5986%,-0.0,1.143,0.3592,0.1707,1.6112%,2.0037%,35.3418%,0.002131,MPC,12872.0,2019-02-20,252.0,0.1538%,-0.0,1.1424,0.3577,0.1683,1.6112%,2.0037%,35.3351%,-0.002463,MPC,12872.0,2019-02-21,252.0,-0.6911%,-0.0,1.1395,0.3515,0.1631,1.6102%,2.0009%,35.2367%,-0.002147,MPC,12872.0,2019-02-22,252.0,0.5567%,-0.0,1.1398,0.3484,0.1641,1.6102%,2.0012%,35.2570%,-0.001475,MPC,-0.052573,-0.073289,-0.086398,-0.053642,-0.055161
36979,M P L X L P,"MPLX LP Q4 Adj. EBITDA $911M vs $569M In Same Qtr. Last Year, Sales $1.715B Miss $1.76B Estimate",6,uncertain,0.6,0.3,"while the adjusted ebitda shows significant growth year-over-year, the sales miss against estimates may create mixed reactions among investors.",1,2019-02-07,MPLX,2019-02-07 11:50:00+00:00,13618.0,55336V10,-0.0345721915364265,3381111.0,-0.0226797480136156,-0.0139205018058419,-0.0036640895996242,-0.0005678721354342,0.0208397265523672,0.0052550700493156,0.019213430583477,0.0159453693777322,0.0082473866641521,-0.0017055534990504,0.0032135732471942,0.0262544211000204,0.0168898664414882,0.0082352580502629,-0.0220503062009811,-0.0005879029049538,-0.010834633372724,0.0152194015681743,-0.0035523662809282,0.0014942988054826,0.0029708400834351,0.0069214426912367,-0.0103672537952661,-0.0257989168167114,0.0176593884825706,0.0194262266159057,-0.0247058868408203,0.0017963340505957,0.0006031501106917,0.0060241194441914,-0.0090415682643651,0.0078932037577033,-0.0054744617082178,-0.0066345361992716,-0.0058104721829295,-0.0130951981991529,0.0224547330290079,-0.0132158817723393,0.0009024902828969,0.0118870045989751,0.0165313873440027,0.0196970161050558,-0.004435290582478,0.0135134709998965,-0.0068309935741126,0.0516796633601188,-0.0035884850658476,0.0081406710669398,-0.0099039021879434,0.0135313486680388,0.0230372324585914,0.0036435476504266,0.0029629177879542,-0.0026428780984133,0.0032496489584445,-0.014648400247097,0.0108952522277832,0.0651872083544731,-0.0171861387789249,-0.0475561581552028,-0.0171903315931558,-0.0184764899313449,0.0030156355351209,-0.0329153351485729,-0.0033071797806769,-0.0093168057501316,0.0021116046700626,-0.0212766174226999,-0.0099338293075561,-0.0237388499081134,0.0103374933823943,-0.0002965980966109,0.0051159188151359,0.0221346132457256,-0.0050898795016109,0.0027363987173885,-0.0117363650351762,-0.011718732304871,0.0015225103124976,-0.0240469127893447,0.0021282972302287,-0.0124529488384723,-0.0109223490580916,0.0084695406258106,-0.0027607409283518,-0.0063841384835541,0.0058444309979677,0.0401448234915733,0.0015290286391973,0.0030276200268417,-0.004580199252814,-0.0060186809860169,-0.0027607409283518,0.027837848290801,-0.0156874302774667,-0.0137277906760573,-0.0078125,0.0079950280487537,0.0207873973995447,-0.0100456019863486,0.0033940330613404,0.0142018860206008,-0.0015374919166788,-0.0325567536056041,0.0,-0.0091743525117635,0.0006159672630019,0.0239394214004278,0.0064634988084435,0.030284147709608,-0.013455731794238,-0.0052795647643506,0.0061996518634259,-0.0098400888964533,-0.0194084774702787,-0.0222488846629858,0.0109959281980991,-0.0206125080585479,0.0083903186023235,-0.001763708773069,-0.0226797480136156,-0.0139205018058419,-0.0262607369844211,-0.0144804688761893,-0.0059682770098729,-0.0093014947051649,0.0214861613279684,0.0047789268814615,0.0044763216195959,0.0564292856418173,0.0068637239320314,0.1673752367274055,-0.0316322757815116,0.039039462071033,2019-02-08,2019-02-11,2019-02-12,2019-02-13,2019-02-14,2019-02-15,2019-02-19,2019-02-20,2019-02-21,2019-02-22,13618.0,2019-02-07,252.0,-3.4572%,0.0001,0.9611,0.3128,0.4093,1.2591%,1.5942%,37.6265%,-0.027006,MPLX,13618.0,2019-02-08,252.0,-2.2680%,0.0001,0.9644,0.33,0.4343,1.2632%,1.5981%,37.5243%,-0.020977,MPLX,13618.0,2019-02-11,252.0,-0.3664%,0.0,0.9678,0.3154,0.4282,1.2640%,1.5894%,36.7507%,-0.008291,MPLX,13618.0,2019-02-12,252.0,2.0840%,0.0001,0.9771,0.3096,0.434,1.2639%,1.5945%,37.1672%,0.008242,MPLX,13618.0,2019-02-13,252.0,1.9213%,0.0001,0.9693,0.329,0.4413,1.2602%,1.5858%,36.8490%,0.015888,MPLX,13618.0,2019-02-14,252.0,0.8247%,0.0001,0.9666,0.3349,0.435,1.2620%,1.5864%,36.7143%,0.011031,MPLX,13618.0,2019-02-15,252.0,0.3214%,0.0001,0.9671,0.3342,0.4343,1.2625%,1.5856%,36.6016%,-0.010735,MPLX,13618.0,2019-02-19,252.0,1.6890%,0.0002,0.9776,0.3308,0.4295,1.2549%,1.5856%,37.3630%,0.01268,MPLX,13618.0,2019-02-20,252.0,-2.2050%,0.0002,0.9714,0.3237,0.4093,1.2631%,1.5898%,36.8777%,-0.027098,MPLX,13618.0,2019-02-21,252.0,-1.0835%,0.0001,0.9767,0.333,0.419,1.2620%,1.5913%,37.1073%,-0.0061719999999999,MPLX,13618.0,2019-02-22,252.0,-0.3552%,0.0001,0.9771,0.343,0.433,1.2614%,1.5905%,37.1011%,-0.005673,MPLX,-0.047983,-0.056274,-0.048032,-0.021113,-0.058111
36987,MEDICAL PROPERTIES TRUST INC,Medical Properties Trust Option Alert: Dec 20 $20 Calls at the Ask: 1500 @ $0.401 vs 763 OI; Earnings 2/7 Before Open Ref=$18.31,6,uncertain,0.6,0.3,"the significant call option activity suggests bullish sentiment, but the upcoming earnings report introduces uncertainty regarding the stock's performance.",1,2019-02-07,MPW,2019-02-07 16:49:00+00:00,90790.0,58463J30,0.0291316770017147,3896509.0,0.0048991967923939,-0.0121748372912406,0.0016251726774498,0.0055648516863584,-0.0183883272111415,0.0169778857380151,0.0115703027695417,-0.0291209165006876,-0.0016340243164449,0.0111111532896757,0.0016366987256333,0.0129431365057826,0.0065358891151845,0.0079410839825868,-0.0129870008677244,0.0051310285925865,0.0043859607540071,0.0221445839852094,0.009825344197452,0.0011668879305943,-0.00378376734443,0.0088287005200982,-0.0081388829275965,-0.0058513972908258,-0.001094116945751,0.0029342274647206,-0.0016429729294031,0.0064973779954016,-0.0082281744107604,0.0241984035819768,0.0132743241265416,0.0073126656934618,-0.0065501602366566,-0.011445814743638,-0.0065934523008763,0.0048426100984215,0.0038716646376997,0.0012121489271521,-0.0060605346225202,-0.0066225528717041,0.0249445028603076,0.0177696645259857,-0.0129799768328666,0.0168224591761827,0.0136986300349235,-0.0037244798149913,0.0120547572150826,0.0307102035731077,-0.0092041194438934,-0.0279850624501705,-0.0038251201622188,0.0043722484260797,-0.0016455721342936,-0.0055900714360177,0.0076922737061977,-0.0024782533291727,0.0272628124803304,0.0549019090831279,-0.0159235261380672,-0.0584615282714366,0.0053936606273055,-0.015748044475913,0.0010729859350249,0.0060938685201108,-0.0064308107830584,0.0061312313191592,0.0080905938521027,0.0124145774170756,-0.0096308346837759,-0.0439168997108936,0.0124256908893585,-0.0053128777071833,0.0048025697469711,0.0143712433055043,0.0005310795968398,-0.004112790338695,-0.0084925610572099,0.0023557664826512,0.0037473069969564,0.0005892887129448,-0.0069332886487245,-0.0297313015908002,-0.0064447280019521,0.0127388136461377,0.0172972809523344,-0.0051843402907252,0.0015940853627398,0.0052113579586148,-0.0047745439223945,0.0069971336051821,-0.0186567362397909,0.0123966401442885,-0.0249863713979721,0.0131579684093594,-0.0384401381015777,0.0157958827912807,-0.0011587750632315,-0.0006071784882806,-0.015081220306456,-0.0018182233907282,0.0141342626884579,-0.0066225528717041,0.0180024039000272,-0.0006016984698362,-0.0039932457730174,0.0006020606961101,0.0011455016210675,0.0159021541476249,-0.0131578687578439,-0.0006112608825787,0.0121738603338599,-0.0108827268704772,-0.0017181432340294,-0.0036144256591796,0.0126218767836689,-0.0071769701316952,0.0254957936704158,0.0078359954059124,-0.009944767691195,-0.0089605506509542,0.0048991967923939,-0.0121748372912406,0.0065323315106122,-0.0066777367687135,-0.011976114349798,0.0101867751174538,-0.0021775136374541,-0.0083333125724123,0.0070767086572203,0.0414236293401588,0.0230796221360236,0.098461562804359,-0.0111334394519991,0.0822709799765433,2019-02-08,2019-02-11,2019-02-12,2019-02-13,2019-02-14,2019-02-15,2019-02-19,2019-02-20,2019-02-21,2019-02-22,90790.0,2019-02-07,252.0,2.9132%,0.0018,0.5069,-0.0117,0.0108,1.2660%,1.3804%,15.8919%,0.033807,MPW,90790.0,2019-02-08,252.0,0.4899%,0.0019,0.5061,-0.0028,0.0135,1.2644%,1.3783%,15.8497%,0.004423,MPW,90790.0,2019-02-11,252.0,0.1625%,0.0019,0.4879,0.0131,0.0126,1.2613%,1.3632%,14.3903%,0.000804,MPW,90790.0,2019-02-12,252.0,-1.8388%,0.0017,0.4508,0.0407,-0.0113,1.2484%,1.3393%,13.1096%,-0.025105,MPW,90790.0,2019-02-13,252.0,1.1570%,0.0018,0.4612,0.0266,-0.0117,1.2432%,1.3377%,13.6372%,0.0101909999999999,MPW,90790.0,2019-02-14,252.0,-0.1634%,0.0017,0.4614,0.0248,-0.0089,1.2422%,1.3366%,13.6188%,-0.000972,MPW,90790.0,2019-02-15,252.0,0.1637%,0.0018,0.4711,0.033,0.0063,1.2385%,1.3353%,13.9761%,-0.0036959999999999,MPW,90790.0,2019-02-19,252.0,0.6536%,0.0018,0.4712,0.0362,0.0099,1.2386%,1.3347%,13.8814%,0.0054259999999999,MPW,90790.0,2019-02-20,252.0,-1.2987%,0.0016,0.4644,0.0101,-0.0172,1.2323%,1.3284%,13.9385%,-0.014116,MPW,90790.0,2019-02-21,252.0,0.4386%,0.0017,0.4553,-0.0074,-0.0338,1.2245%,1.3189%,13.8005%,0.005972,MPW,90790.0,2019-02-22,252.0,0.9825%,0.0018,0.454,0.0106,-0.0331,1.2222%,1.3165%,13.8130%,0.00631,MPW,0.03823,0.039034,0.013929,0.023148,0.023044
36995,MEDICAL PROPERTIES TRUST INC,"Medical Properties Trust Q4 EPS $0.21 Misses $0.22 Estimate, Normalized FFO $0.31, Sales $180.578M Miss $183.9M Estimate",6,decrease,0.75,0.6,"the company reported earnings and sales that missed analyst estimates, which typically leads to a negative reaction in stock prices.",0,2019-02-07,MPW,2019-02-07 13:33:00+00:00,90790.0,58463J30,0.0291316770017147,3896509.0,0.0048991967923939,-0.0121748372912406,0.0016251726774498,0.0055648516863584,-0.0183883272111415,0.0169778857380151,0.0115703027695417,-0.0291209165006876,-0.0016340243164449,0.0111111532896757,0.0016366987256333,0.0129431365057826,0.0065358891151845,0.0079410839825868,-0.0129870008677244,0.0051310285925865,0.0043859607540071,0.0221445839852094,0.009825344197452,0.0011668879305943,-0.00378376734443,0.0088287005200982,-0.0081388829275965,-0.0058513972908258,-0.001094116945751,0.0029342274647206,-0.0016429729294031,0.0064973779954016,-0.0082281744107604,0.0241984035819768,0.0132743241265416,0.0073126656934618,-0.0065501602366566,-0.011445814743638,-0.0065934523008763,0.0048426100984215,0.0038716646376997,0.0012121489271521,-0.0060605346225202,-0.0066225528717041,0.0249445028603076,0.0177696645259857,-0.0129799768328666,0.0168224591761827,0.0136986300349235,-0.0037244798149913,0.0120547572150826,0.0307102035731077,-0.0092041194438934,-0.0279850624501705,-0.0038251201622188,0.0043722484260797,-0.0016455721342936,-0.0055900714360177,0.0076922737061977,-0.0024782533291727,0.0272628124803304,0.0549019090831279,-0.0159235261380672,-0.0584615282714366,0.0053936606273055,-0.015748044475913,0.0010729859350249,0.0060938685201108,-0.0064308107830584,0.0061312313191592,0.0080905938521027,0.0124145774170756,-0.0096308346837759,-0.0439168997108936,0.0124256908893585,-0.0053128777071833,0.0048025697469711,0.0143712433055043,0.0005310795968398,-0.004112790338695,-0.0084925610572099,0.0023557664826512,0.0037473069969564,0.0005892887129448,-0.0069332886487245,-0.0297313015908002,-0.0064447280019521,0.0127388136461377,0.0172972809523344,-0.0051843402907252,0.0015940853627398,0.0052113579586148,-0.0047745439223945,0.0069971336051821,-0.0186567362397909,0.0123966401442885,-0.0249863713979721,0.0131579684093594,-0.0384401381015777,0.0157958827912807,-0.0011587750632315,-0.0006071784882806,-0.015081220306456,-0.0018182233907282,0.0141342626884579,-0.0066225528717041,0.0180024039000272,-0.0006016984698362,-0.0039932457730174,0.0006020606961101,0.0011455016210675,0.0159021541476249,-0.0131578687578439,-0.0006112608825787,0.0121738603338599,-0.0108827268704772,-0.0017181432340294,-0.0036144256591796,0.0126218767836689,-0.0071769701316952,0.0254957936704158,0.0078359954059124,-0.009944767691195,-0.0089605506509542,0.0048991967923939,-0.0121748372912406,0.0065323315106122,-0.0066777367687135,-0.011976114349798,0.0101867751174538,-0.0021775136374541,-0.0083333125724123,0.0070767086572203,0.0414236293401588,0.0230796221360236,0.098461562804359,-0.0111334394519991,0.0822709799765433,2019-02-08,2019-02-11,2019-02-12,2019-02-13,2019-02-14,2019-02-15,2019-02-19,2019-02-20,2019-02-21,2019-02-22,90790.0,2019-02-07,252.0,2.9132%,0.0018,0.5069,-0.0117,0.0108,1.2660%,1.3804%,15.8919%,0.033807,MPW,90790.0,2019-02-08,252.0,0.4899%,0.0019,0.5061,-0.0028,0.0135,1.2644%,1.3783%,15.8497%,0.004423,MPW,90790.0,2019-02-11,252.0,0.1625%,0.0019,0.4879,0.0131,0.0126,1.2613%,1.3632%,14.3903%,0.000804,MPW,90790.0,2019-02-12,252.0,-1.8388%,0.0017,0.4508,0.0407,-0.0113,1.2484%,1.3393%,13.1096%,-0.025105,MPW,90790.0,2019-02-13,252.0,1.1570%,0.0018,0.4612,0.0266,-0.0117,1.2432%,1.3377%,13.6372%,0.0101909999999999,MPW,90790.0,2019-02-14,252.0,-0.1634%,0.0017,0.4614,0.0248,-0.0089,1.2422%,1.3366%,13.6188%,-0.000972,MPW,90790.0,2019-02-15,252.0,0.1637%,0.0018,0.4711,0.033,0.0063,1.2385%,1.3353%,13.9761%,-0.0036959999999999,MPW,90790.0,2019-02-19,252.0,0.6536%,0.0018,0.4712,0.0362,0.0099,1.2386%,1.3347%,13.8814%,0.0054259999999999,MPW,90790.0,2019-02-20,252.0,-1.2987%,0.0016,0.4644,0.0101,-0.0172,1.2323%,1.3284%,13.9385%,-0.014116,MPW,90790.0,2019-02-21,252.0,0.4386%,0.0017,0.4553,-0.0074,-0.0338,1.2245%,1.3189%,13.8005%,0.005972,MPW,90790.0,2019-02-22,252.0,0.9825%,0.0018,0.454,0.0106,-0.0331,1.2222%,1.3165%,13.8130%,0.00631,MPW,0.03823,0.039034,0.013929,0.023148,0.023044
37003,MERCURY SYSTEMS INC,Mercury Systems Wins $6.5M Order For Sensor Fusion Processing Subsystems,6,increase,0.8,0.6,"the $6.5m order for sensor fusion processing subsystems indicates strong demand for mercury systems' products, which is likely to positively impact investor sentiment and stock price.",2,2019-02-07,MRCY,2019-02-07 22:16:00+00:00,85738.0,58937810,0.0084745567291975,334422.0,-0.0042809648439288,0.0252459160983562,-0.0044585792347788,0.0024651032872498,0.0054382621310651,0.0471519157290458,-0.013681205920875,-0.0088691869750618,0.0096773942932486,0.0063508884049952,0.0276358369737863,0.1509284824132919,0.0059069991111755,0.0324291288852691,0.017926188185811,0.0109278103336691,-0.0189767722040414,0.0058066938072443,0.0017022687243297,0.0081538651138544,0.0089602069929242,-0.0033340246882289,-0.0258765686303377,-0.020012242719531,0.0061301980167627,0.0130327073857188,-0.0076550799421966,0.0054076188243925,0.0187342353165149,0.0162756387144327,-0.0477515086531639,0.0046719308011233,0.0051931142807006,-0.0212014224380254,-0.0169518776237964,0.0033368058502674,-0.0200361516326665,0.0137421041727066,-0.0020110430195927,-0.0040008933283388,-0.013937834650278,0.0396234989166259,0.0119209289550781,0.0061673736199736,0.0074049555696547,0.0531199462711811,-0.0008352695731446,-0.0560542531311512,0.0401270315051078,-0.0342567712068557,0.0065905777737498,0.0218237284570932,-0.0099009731784462,0.0074009611271321,0.0082257790490984,0.0450409352779388,0.0332746468484401,0.0564767718315124,-0.0294162854552269,-0.0443270616233348,-0.0023926896974444,-0.0266040377318859,-0.0041573732160031,-0.0364066921174526,0.0088311349973082,-0.0403142608702182,0.0144835244864225,0.005613315384835,0.0053341723978519,-0.0057875690981745,0.0042134304530918,-0.0006196814356371,-0.0063714040443301,-0.0341180972754955,0.0068814298138022,0.0253682043403387,-0.0091642802581191,-0.0046833544038236,0.032450221478939,0.0186683572828769,-0.0004554931656457,-0.0022765027824789,-0.0129120228812098,-0.0144809121266007,0.0172359962016344,-0.0514606274664402,-0.011648965999484,-0.0023162080906331,0.0122454520314931,0.0178781896829605,-0.0066534830257296,-0.0072166752070188,0.0138528849929571,0.0506147816777229,0.001501478604041,-0.011945741251111,0.0082459235563874,0.0373870767652988,0.0463940910995006,0.0029492182657122,0.021884337067604,0.0147499460726976,0.0158531405031681,-0.0099471155554056,-0.0075291311368346,-0.0496782213449478,-0.0030344997067004,-0.0055999755859375,0.0011068321764469,0.0309278350323438,0.0091210063546895,0.0129490168765187,0.0156122576445341,-0.0158273465931415,-0.0308791901916265,-0.0453296229243278,0.0237929467111825,-0.0297029968351125,0.0267735961824655,0.015860728919506,-0.0042809648439288,0.0252459160983562,-0.0087204570577497,0.0277732531763696,-0.0033296190580672,0.0762347309987092,-0.0074520571059807,0.0734638293076426,0.0263200186804757,0.3075475384781885,-0.0060250682734578,0.4363803355036015,0.1978754298204315,0.2096711916830065,2019-02-08,2019-02-11,2019-02-12,2019-02-13,2019-02-14,2019-02-15,2019-02-19,2019-02-20,2019-02-21,2019-02-22,85738.0,2019-02-07,252.0,0.8475%,0.0015,1.1767,0.6268,-0.434,2.5586%,2.9536%,24.9601%,0.021903,MRCY,85738.0,2019-02-08,252.0,-0.4281%,0.0014,1.1788,0.6179,-0.431,2.5582%,2.9532%,24.9617%,-0.008748,MRCY,85738.0,2019-02-11,252.0,-0.4459%,0.0014,1.1399,0.6404,-0.4392,2.5528%,2.9214%,23.6438%,-0.009296,MRCY,85738.0,2019-02-12,252.0,0.5438%,0.0011,1.0959,0.6875,-0.4701,2.5217%,2.8837%,23.5301%,-0.011039,MRCY,85738.0,2019-02-13,252.0,-1.3681%,0.0012,1.1065,0.6623,-0.479,2.5176%,2.8835%,23.7688%,-0.016933,MRCY,85738.0,2019-02-14,252.0,0.9677%,0.0012,1.1058,0.6649,-0.4824,2.5176%,2.8839%,23.7928%,0.005679,MRCY,85738.0,2019-02-15,252.0,2.7636%,0.0013,1.1309,0.6891,-0.4395,2.5163%,2.8884%,24.1085%,0.015694,MRCY,85738.0,2019-02-19,252.0,0.5907%,0.0013,1.1288,0.6936,-0.4342,2.5158%,2.8849%,23.9518%,0.002978,MRCY,85738.0,2019-02-20,252.0,1.7926%,0.0014,1.1325,0.6995,-0.4216,2.5174%,2.8864%,23.9313%,0.016544,MRCY,85738.0,2019-02-21,252.0,-1.8977%,0.0013,1.1346,0.7001,-0.4176,2.5194%,2.8881%,23.8977%,-0.015366,MRCY,85738.0,2019-02-22,252.0,0.1702%,0.0012,1.1378,0.6786,-0.3995,2.5203%,2.8870%,23.7897%,-0.015762,MRCY,0.013155,0.003859,-0.0071799999999999,-0.018434,-0.014346
37011,MERCK & CO INC NEW,"Bank Of America Reiterates Buy And $84 Target On Merck Due To 'Keytruda driven upside, undemanding valuation + optionality (animal health spin + OM expansion)'",6,increase,0.8,0.6,"the reiteration of a 'buy' rating and a target price of $84, along with positive factors like keytruda's performance and potential growth from animal health and om expansion, suggests a favorable outlook for merck's stock price.",2,2019-02-07,MRK,2019-02-07 16:01:00+00:00,22752.0,58933Y10,-0.0073652886785566,9218891.0,0.0091121708974242,0.0031107952818274,-0.0104488851502537,0.0036424973513931,0.0235953275114297,0.0054938630200922,0.0063678044825792,0.0271395482122898,-0.0010123285464942,0.0144472876563668,0.0110209668055176,0.0019117763731628,-0.0071419584564864,0.0042513054795563,0.002397809876129,-0.0004112238530069,0.0050359000451862,-0.0030067134648561,0.0117749562487006,-0.0300901941955089,-0.004828518256545,-0.0051430752500891,0.0044787339866161,-0.0005272296839393,-0.0014861917588859,0.0035714851692318,0.0083105694502592,0.0132689699530601,0.0044285962358117,0.0014765182277187,-0.0034292563796043,0.0154013521969318,0.0040554772131145,-0.020427219569683,-0.0115054445341229,0.0056390729732811,-0.003838598029688,-0.0123325856402516,-0.0080794766545295,-0.0076325070112943,0.0134085165336728,0.0074240695685148,0.0044515961781144,-0.0110134575515985,0.0045549068599939,0.0301187969744205,0.0053921495564281,-0.0205052979290485,0.0009817380923777,-0.0107316747307777,-0.0026970850303769,0.0137986056506633,0.0068838992156088,-0.0001325883204117,0.0020754262804985,0.0186486113816499,0.0105993552133441,0.0400561951100826,-0.0079565532505512,-0.0240054856985807,0.000729099032469,-0.0080282539129257,0.0069216722622513,-0.0037955644074827,-0.0075976513326168,-0.0075340396724641,0.0041316845454275,-0.0119633320719003,0.0065351678058505,-0.0163441412150859,0.0015631223795935,-0.0250601023435592,-0.0010804797057062,0.012818869203329,-0.0003605189267545,0.0116716576740145,-0.0159894432872533,-0.0040041017346084,-0.00855219271034,0.0091240480542182,-0.0024646280799061,-0.0210539940744638,-0.0018529203953221,0.0020458209328353,0.0002474831999279,-0.012749332934618,-0.0121257528662681,-0.0015124165220186,-0.0051352209411561,0.0183544158935546,-0.0113307507708668,0.008804871700704,-0.0123519832268357,0.0116584626957774,-0.0469314008951187,0.0119299292564392,-0.0098754838109016,0.0103120971471071,0.0036889824550598,-0.0016045293305069,0.0155186410993337,0.0001337541616521,0.0017426927806809,-0.0205631926655769,0.0215441305190324,0.0038127915468066,0.0037988070398569,0.0163014605641365,0.0019574780017137,0.010122824460268,0.0251367595046758,-0.006969632115215,0.0001270758075406,-0.0010711182840168,0.0101625435054302,-0.0022708813194185,0.0060362596996128,-0.0082141328603029,-0.0064999582245945,0.0053276708349585,0.0091121708974242,0.0031107952818274,-0.0014319262800062,0.0067646236967953,0.0221296144618745,0.0122956506328602,0.0275970160510681,0.0547907376029914,0.0514188624265012,0.0258483133540885,0.078435311358306,0.0615911880189652,0.0416094441769012,0.0381798269596325,2019-02-08,2019-02-11,2019-02-12,2019-02-13,2019-02-14,2019-02-15,2019-02-19,2019-02-20,2019-02-21,2019-02-22,22752.0,2019-02-07,252.0,-0.7365%,0.0014,0.6503,-0.4569,-0.009,0.9463%,1.2054%,38.3650%,-0.002115,MRK,22752.0,2019-02-08,252.0,0.9112%,0.0014,0.6494,-0.4687,-0.0207,0.9448%,1.2057%,38.5951%,0.008593,MRK,22752.0,2019-02-11,252.0,-1.0449%,0.0013,0.6553,-0.4874,-0.0277,0.9460%,1.2001%,37.8561%,-0.008317,MRK,22752.0,2019-02-12,252.0,2.3595%,0.0014,0.6685,-0.4946,-0.0197,0.9473%,1.2080%,38.5120%,0.014634,MRK,22752.0,2019-02-13,252.0,0.6368%,0.0014,0.6702,-0.4962,-0.0192,0.9473%,1.2072%,38.4158%,0.004707,MRK,22752.0,2019-02-14,252.0,-0.1012%,0.0015,0.6708,-0.495,-0.0219,0.9439%,1.2052%,38.6632%,0.002764,MRK,22752.0,2019-02-15,252.0,1.1021%,0.0016,0.6815,-0.485,-0.004,0.9418%,1.2066%,39.0826%,0.004684,MRK,22752.0,2019-02-19,252.0,-0.7142%,0.0015,0.6768,-0.4862,-0.0049,0.9415%,1.2024%,38.6896%,-0.007118,MRK,22752.0,2019-02-20,252.0,0.2398%,0.0015,0.6765,-0.4893,-0.0067,0.9409%,1.2022%,38.7451%,0.002109,MRK,22752.0,2019-02-21,252.0,0.5036%,0.0016,0.6671,-0.5072,-0.024,0.9308%,1.1921%,39.0379%,0.007081,MRK,22752.0,2019-02-22,252.0,1.1775%,0.0016,0.6658,-0.502,-0.035,0.9320%,1.1923%,38.8899%,0.009776,MRK,0.0064779999999999,-0.001839,0.012795,0.020266,0.036798
37019,MARVELL TECHNOLOGY INC,Craig-Hallum Downgrades Marvell Technology Group to Hold,6,decrease,0.8,0.6,"a downgrade from an analyst typically signals reduced expectations for the company's performance, which can lead to a decrease in stock price.",0,2019-02-07,MRVL,2019-02-07 14:31:00+00:00,88360.0,57387410,-0.0372899658977985,21153109.0,0.0032732933759689,0.0203644726425409,0.0358890630304813,0.0048465351574122,0.0183727238327264,0.0086909206584095,-0.005670036189258,-0.0064760297536849,-0.0051840525120496,0.0087098442018032,-0.0187598019838333,0.0132378209382295,0.0254912134259939,-0.0125273112207651,0.0253754425793886,-0.0113085126504302,-0.0095958905294537,0.0611428394913673,0.0020397249609231,0.0491606518626213,0.0025445874780416,0.0012005076278001,0.0091369738802313,-0.0130331348627805,-0.0085513116791844,0.0217916890978813,0.0121766459196806,-0.0072114747017621,0.0040100212208926,-0.0118765300139784,0.0054916972294449,-0.0117371333763003,-0.0044687264598906,-0.0167339295148849,-0.0224438346922397,0.0128579372540116,-0.0219387914985418,0.0011703018099069,-0.0255607608705759,0.0239664241671562,0.0374731719493866,0.0048163710162043,0.02115592174232,0.0227833036333322,-0.0050530759617686,0.02980338037014,-0.0142204510048031,-0.0442423969507217,0.0376094579696655,0.0191475879400968,-0.0094338944181799,0.0345048531889915,0.0140350256115198,-0.0031847255304455,-0.010874904692173,0.0148674556985497,0.0389805436134338,0.0735600590705871,-0.0519481375813484,-0.0282068829983472,0.0010147365974262,0.0026936000213027,-0.002027319278568,0.0060975709930062,0.0066022933460772,-0.0440414100885391,-0.0201816149055957,0.0124589884653687,0.0242018178105354,-0.0084525430575013,0.0180995780974626,-0.0172523651272058,-0.0004938121419399,0.0195439234375953,0.0222992487251758,0.0032679862342774,0.0164808612316846,-0.0032573414500802,0.0157367642968893,-0.0058289635926485,0.0065728309564292,-0.0403977967798709,0.0125932153314352,0.0380645245313644,0.029018934816122,-0.053724005818367,0.0134287932887673,0.0167596861720085,0.0485865920782089,0.002489167265594,-0.001263718935661,-0.0018633966101333,0.0126529382541775,0.004993753042072,0.0358184352517128,0.002503186231479,-0.0008042001281864,0.0210862569510936,-0.0004024236986879,-0.0012763533741235,0.0112721696496009,0.0295663475990295,0.013933059759438,0.0019750287756323,-0.0027483194135129,-0.0446540899574756,-0.0133858332410454,-0.0124224070459604,0.0031923353672027,0.0235219858586788,-0.0047732274979352,0.0006360862171277,-0.013589134439826,-0.0044331662356853,0.0012155097210779,-0.0366076529026031,-0.0008093302603811,-0.0191501919180154,-0.0105305882170796,-0.0100710950791835,0.0032732933759689,0.0203644726425409,0.0392798318387377,0.0253097049325774,0.0583742331740333,0.0342205902284438,0.0469176549718464,0.0364725116956516,0.0720130779922958,0.1414868447827599,0.075286370231574,0.2840348461212729,0.3367505031719713,0.132658783683925,2019-02-08,2019-02-11,2019-02-12,2019-02-13,2019-02-14,2019-02-15,2019-02-19,2019-02-20,2019-02-21,2019-02-22,88360.0,2019-02-07,252.0,-3.7290%,-0.0008,1.2274,0.3331,-0.5135,1.7183%,2.2941%,43.8969%,-0.0236289999999999,MRVL,88360.0,2019-02-08,252.0,0.3273%,-0.0007,1.2272,0.3447,-0.5067,1.7166%,2.2918%,43.9002%,-0.0016409999999999,MRVL,88360.0,2019-02-11,252.0,3.5889%,-0.0006,1.2575,0.3616,-0.4817,1.7257%,2.2965%,43.5354%,0.032961,MRVL,88360.0,2019-02-12,252.0,1.8373%,-0.0007,1.2501,0.3716,-0.4873,1.7236%,2.2931%,43.5023%,0.00028,MRVL,88360.0,2019-02-13,252.0,-0.5670%,-0.0008,1.2428,0.3805,-0.4878,1.7224%,2.2859%,43.2249%,-0.009152,MRVL,88360.0,2019-02-14,252.0,-0.5184%,-0.0009,1.2435,0.3764,-0.4817,1.7208%,2.2831%,43.1963%,-0.007482,MRVL,88360.0,2019-02-15,252.0,-1.8760%,-0.0009,1.2393,0.3693,-0.4929,1.7273%,2.2861%,42.9136%,-0.03154,MRVL,88360.0,2019-02-19,252.0,2.5491%,-0.0008,1.2427,0.3864,-0.474,1.7338%,2.2877%,42.5645%,0.023444,MRVL,88360.0,2019-02-20,252.0,2.5375%,-0.0007,1.2501,0.404,-0.4475,1.7410%,2.2934%,42.3688%,0.024671,MRVL,88360.0,2019-02-21,252.0,-0.9596%,-0.0008,1.2628,0.4287,-0.4242,1.7296%,2.2894%,42.9240%,-0.005817,MRVL,88360.0,2019-02-22,252.0,0.2040%,-0.0009,1.265,0.4209,-0.4049,1.7317%,2.2895%,42.7898%,-0.014862,MRVL,-0.0252699999999999,0.007691,0.007971,-0.008663,-0.012767
37027,MARVELL TECHNOLOGY INC,Marvell Technology shares are trading lower after the company said it expects Q4 sales of $735M to $745M while analysts expected $810M.,6,decrease,0.9,0.8,"the company's lower-than-expected sales forecast for q4 is likely to lead to a negative reaction from investors, resulting in a decrease in stock price.",0,2019-02-07,MRVL,2019-02-07 13:18:00+00:00,88360.0,57387410,-0.0372899658977985,21153109.0,0.0032732933759689,0.0203644726425409,0.0358890630304813,0.0048465351574122,0.0183727238327264,0.0086909206584095,-0.005670036189258,-0.0064760297536849,-0.0051840525120496,0.0087098442018032,-0.0187598019838333,0.0132378209382295,0.0254912134259939,-0.0125273112207651,0.0253754425793886,-0.0113085126504302,-0.0095958905294537,0.0611428394913673,0.0020397249609231,0.0491606518626213,0.0025445874780416,0.0012005076278001,0.0091369738802313,-0.0130331348627805,-0.0085513116791844,0.0217916890978813,0.0121766459196806,-0.0072114747017621,0.0040100212208926,-0.0118765300139784,0.0054916972294449,-0.0117371333763003,-0.0044687264598906,-0.0167339295148849,-0.0224438346922397,0.0128579372540116,-0.0219387914985418,0.0011703018099069,-0.0255607608705759,0.0239664241671562,0.0374731719493866,0.0048163710162043,0.02115592174232,0.0227833036333322,-0.0050530759617686,0.02980338037014,-0.0142204510048031,-0.0442423969507217,0.0376094579696655,0.0191475879400968,-0.0094338944181799,0.0345048531889915,0.0140350256115198,-0.0031847255304455,-0.010874904692173,0.0148674556985497,0.0389805436134338,0.0735600590705871,-0.0519481375813484,-0.0282068829983472,0.0010147365974262,0.0026936000213027,-0.002027319278568,0.0060975709930062,0.0066022933460772,-0.0440414100885391,-0.0201816149055957,0.0124589884653687,0.0242018178105354,-0.0084525430575013,0.0180995780974626,-0.0172523651272058,-0.0004938121419399,0.0195439234375953,0.0222992487251758,0.0032679862342774,0.0164808612316846,-0.0032573414500802,0.0157367642968893,-0.0058289635926485,0.0065728309564292,-0.0403977967798709,0.0125932153314352,0.0380645245313644,0.029018934816122,-0.053724005818367,0.0134287932887673,0.0167596861720085,0.0485865920782089,0.002489167265594,-0.001263718935661,-0.0018633966101333,0.0126529382541775,0.004993753042072,0.0358184352517128,0.002503186231479,-0.0008042001281864,0.0210862569510936,-0.0004024236986879,-0.0012763533741235,0.0112721696496009,0.0295663475990295,0.013933059759438,0.0019750287756323,-0.0027483194135129,-0.0446540899574756,-0.0133858332410454,-0.0124224070459604,0.0031923353672027,0.0235219858586788,-0.0047732274979352,0.0006360862171277,-0.013589134439826,-0.0044331662356853,0.0012155097210779,-0.0366076529026031,-0.0008093302603811,-0.0191501919180154,-0.0105305882170796,-0.0100710950791835,0.0032732933759689,0.0203644726425409,0.0392798318387377,0.0253097049325774,0.0583742331740333,0.0342205902284438,0.0469176549718464,0.0364725116956516,0.0720130779922958,0.1414868447827599,0.075286370231574,0.2840348461212729,0.3367505031719713,0.132658783683925,2019-02-08,2019-02-11,2019-02-12,2019-02-13,2019-02-14,2019-02-15,2019-02-19,2019-02-20,2019-02-21,2019-02-22,88360.0,2019-02-07,252.0,-3.7290%,-0.0008,1.2274,0.3331,-0.5135,1.7183%,2.2941%,43.8969%,-0.0236289999999999,MRVL,88360.0,2019-02-08,252.0,0.3273%,-0.0007,1.2272,0.3447,-0.5067,1.7166%,2.2918%,43.9002%,-0.0016409999999999,MRVL,88360.0,2019-02-11,252.0,3.5889%,-0.0006,1.2575,0.3616,-0.4817,1.7257%,2.2965%,43.5354%,0.032961,MRVL,88360.0,2019-02-12,252.0,1.8373%,-0.0007,1.2501,0.3716,-0.4873,1.7236%,2.2931%,43.5023%,0.00028,MRVL,88360.0,2019-02-13,252.0,-0.5670%,-0.0008,1.2428,0.3805,-0.4878,1.7224%,2.2859%,43.2249%,-0.009152,MRVL,88360.0,2019-02-14,252.0,-0.5184%,-0.0009,1.2435,0.3764,-0.4817,1.7208%,2.2831%,43.1963%,-0.007482,MRVL,88360.0,2019-02-15,252.0,-1.8760%,-0.0009,1.2393,0.3693,-0.4929,1.7273%,2.2861%,42.9136%,-0.03154,MRVL,88360.0,2019-02-19,252.0,2.5491%,-0.0008,1.2427,0.3864,-0.474,1.7338%,2.2877%,42.5645%,0.023444,MRVL,88360.0,2019-02-20,252.0,2.5375%,-0.0007,1.2501,0.404,-0.4475,1.7410%,2.2934%,42.3688%,0.024671,MRVL,88360.0,2019-02-21,252.0,-0.9596%,-0.0008,1.2628,0.4287,-0.4242,1.7296%,2.2894%,42.9240%,-0.005817,MRVL,88360.0,2019-02-22,252.0,0.2040%,-0.0009,1.265,0.4209,-0.4049,1.7317%,2.2895%,42.7898%,-0.014862,MRVL,-0.0252699999999999,0.007691,0.007971,-0.008663,-0.012767
37035,MOTOROLA SOLUTIONS INC,Motorola Solutions Sees Q1 Adj. EPS $1.11-$1.16 vs $1.14 Estimate; FY19 Adj. EPS $7.55-$7.70 vs $7.56 Est.,6,uncertain,0.6,0.2,"while motorola solutions' adjusted eps guidance is in line with estimates, the slight range suggests potential volatility, leading to uncertainty in stock price movement.",1,2019-02-07,MSI,2019-02-07 21:14:00+00:00,22779.0,62007630,-0.0150294573977589,1031726.0,0.14120714366436,0.0087954690679907,-0.0087907398119568,-0.0055810562334954,0.0226561985909938,0.0141927879303693,0.0030607648659497,0.0124882301315665,-0.0032693762332201,0.0008561433642171,0.0104964096099138,0.0094192558899521,0.0020197560079395,0.0042523462325334,0.0021596937440335,-0.0081769404932856,-0.0058904336765408,0.012109063565731,0.0114892432466149,0.0028831192757934,0.0087870480492711,-8.737779717193916e-05,0.0030450581107288,-0.0097750630229711,0.0095312492921948,0.016263723373413,0.0009090818930417,-0.0069838762283325,0.0034237389918416,-0.0105380807071924,-0.0112109230831265,0.0056462287902832,-0.0028168584685772,-0.0075861830264329,-0.0093220854178071,-0.0132697988301515,-0.0056315460242331,0.0120522882789373,-0.00458813784644,-0.0280311144888401,0.0187251754105091,0.0293712634593248,-0.0088370451703667,0.0046729054301977,0.005777443293482,0.0433369018137455,-0.0024820805992931,-0.035023495554924,0.0039260694757103,-0.0022601019591093,-0.0009954450652003,0.0248552411794662,-0.0002846497227437,-0.0014233934925869,-0.0125303268432617,0.0021396584343165,0.0139870401471853,0.0293658524751663,-0.014220705255866,-0.024702426046133,0.0,-0.0326406620442867,0.0126947090029716,-0.0298194289207458,-0.0073361741378903,-0.023299666121602,-0.001291473628953,-0.0109542235732078,0.0088368104770779,-0.0269246231764555,0.0064094085246324,-0.0185974538326263,0.0024765839334577,-0.0048368289135396,0.004376333206892,0.0061022187583148,-0.0113149248063564,-0.0010802421020343,-0.0001420885382685,0.016231533139944,-0.0002132715599145,-0.017185540869832,0.0010665853042155,-0.0024600808974355,0.013638287782669,-0.0277299620211124,0.0024527406785637,0.0193523298949003,0.0012582500930875,-0.0100316926836967,0.0023738853633403,0.0038615467492491,0.0086368331685662,0.0214230790734291,-0.0082176811993122,0.0151527067646384,-0.0018102946924045,0.0242863241583108,0.0053013009019196,0.0019337511621415,0.013530476950109,0.0043700002133846,0.0062983371317386,-0.0215377397835254,-0.0098646990954875,-0.0286879185587167,0.0049471021629869,0.0048690382391214,-0.0068371393717825,0.0051270388066768,-0.0024094097316265,0.0144207580015063,-0.015043874271214,-0.0007086883997544,-0.002662296872586,-0.0205167457461357,0.0089215943589806,0.0004629798640962,-0.0093301516026258,0.0071500595659017,0.14120714366436,0.0087954690679907,0.1311750885928602,0.0031653248270269,0.1568032160412051,0.0174030375413969,0.1565503178515823,0.0309905214537757,0.1800707468669857,0.0521579700806176,0.1735297225220433,0.0778662521367912,0.2043407980487004,-0.0599057381110298,2019-02-08,2019-02-11,2019-02-12,2019-02-13,2019-02-14,2019-02-15,2019-02-19,2019-02-20,2019-02-21,2019-02-22,22779.0,2019-02-07,252.0,-1.5029%,0.0004,0.7714,0.1008,-0.4135,0.9425%,1.3593%,51.9201%,-0.006222,MSI,22779.0,2019-02-08,252.0,14.1207%,0.0009,0.7478,0.0673,-0.5346,1.2767%,1.6218%,38.0329%,0.13751,MSI,22779.0,2019-02-11,252.0,-0.8791%,0.0009,0.7338,0.067,-0.5422,1.2769%,1.6041%,36.6338%,-0.009152,MSI,22779.0,2019-02-12,252.0,2.2656%,0.001,0.7429,0.0632,-0.5369,1.2781%,1.6096%,36.9447%,0.011642,MSI,22779.0,2019-02-13,252.0,0.3061%,0.0009,0.7385,0.0706,-0.5355,1.2767%,1.6044%,36.6797%,0.001219,MSI,22779.0,2019-02-14,252.0,-0.3269%,0.0009,0.7399,0.0672,-0.5315,1.2772%,1.6044%,36.6222%,-0.005291,MSI,22779.0,2019-02-15,252.0,1.0496%,0.0008,0.7252,0.0544,-0.5548,1.2708%,1.5950%,36.5188%,0.004419,MSI,22779.0,2019-02-19,252.0,0.2020%,0.0009,0.7263,0.054,-0.5553,1.2707%,1.5939%,36.4410%,0.002048,MSI,22779.0,2019-02-20,252.0,0.2160%,0.0009,0.7273,0.0573,-0.5515,1.2708%,1.5938%,36.4291%,0.0036149999999999,MSI,22779.0,2019-02-21,252.0,-0.5890%,0.0009,0.7289,0.0594,-0.5485,1.2712%,1.5944%,36.4288%,-0.004528,MSI,22779.0,2019-02-22,252.0,1.1489%,0.0009,0.729,0.0645,-0.5419,1.2710%,1.5948%,36.4778%,-0.001738,MSI,0.131288,0.122136,0.133778,0.129706,0.133522
37043,MOTOROLA SOLUTIONS INC,"Motorola Solutions Q4 EPS $2.63 Beats $2.53 Estimate, Sales $2.254B Beat $2.22B Estimate",6,increase,0.8,0.7,"the company's earnings per share and sales both exceeded analyst estimates, which typically signals strong performance and can lead to a positive reaction in the stock price.",2,2019-02-07,MSI,2019-02-07 21:13:00+00:00,22779.0,62007630,-0.0150294573977589,1031726.0,0.14120714366436,0.0087954690679907,-0.0087907398119568,-0.0055810562334954,0.0226561985909938,0.0141927879303693,0.0030607648659497,0.0124882301315665,-0.0032693762332201,0.0008561433642171,0.0104964096099138,0.0094192558899521,0.0020197560079395,0.0042523462325334,0.0021596937440335,-0.0081769404932856,-0.0058904336765408,0.012109063565731,0.0114892432466149,0.0028831192757934,0.0087870480492711,-8.737779717193916e-05,0.0030450581107288,-0.0097750630229711,0.0095312492921948,0.016263723373413,0.0009090818930417,-0.0069838762283325,0.0034237389918416,-0.0105380807071924,-0.0112109230831265,0.0056462287902832,-0.0028168584685772,-0.0075861830264329,-0.0093220854178071,-0.0132697988301515,-0.0056315460242331,0.0120522882789373,-0.00458813784644,-0.0280311144888401,0.0187251754105091,0.0293712634593248,-0.0088370451703667,0.0046729054301977,0.005777443293482,0.0433369018137455,-0.0024820805992931,-0.035023495554924,0.0039260694757103,-0.0022601019591093,-0.0009954450652003,0.0248552411794662,-0.0002846497227437,-0.0014233934925869,-0.0125303268432617,0.0021396584343165,0.0139870401471853,0.0293658524751663,-0.014220705255866,-0.024702426046133,0.0,-0.0326406620442867,0.0126947090029716,-0.0298194289207458,-0.0073361741378903,-0.023299666121602,-0.001291473628953,-0.0109542235732078,0.0088368104770779,-0.0269246231764555,0.0064094085246324,-0.0185974538326263,0.0024765839334577,-0.0048368289135396,0.004376333206892,0.0061022187583148,-0.0113149248063564,-0.0010802421020343,-0.0001420885382685,0.016231533139944,-0.0002132715599145,-0.017185540869832,0.0010665853042155,-0.0024600808974355,0.013638287782669,-0.0277299620211124,0.0024527406785637,0.0193523298949003,0.0012582500930875,-0.0100316926836967,0.0023738853633403,0.0038615467492491,0.0086368331685662,0.0214230790734291,-0.0082176811993122,0.0151527067646384,-0.0018102946924045,0.0242863241583108,0.0053013009019196,0.0019337511621415,0.013530476950109,0.0043700002133846,0.0062983371317386,-0.0215377397835254,-0.0098646990954875,-0.0286879185587167,0.0049471021629869,0.0048690382391214,-0.0068371393717825,0.0051270388066768,-0.0024094097316265,0.0144207580015063,-0.015043874271214,-0.0007086883997544,-0.002662296872586,-0.0205167457461357,0.0089215943589806,0.0004629798640962,-0.0093301516026258,0.0071500595659017,0.14120714366436,0.0087954690679907,0.1311750885928602,0.0031653248270269,0.1568032160412051,0.0174030375413969,0.1565503178515823,0.0309905214537757,0.1800707468669857,0.0521579700806176,0.1735297225220433,0.0778662521367912,0.2043407980487004,-0.0599057381110298,2019-02-08,2019-02-11,2019-02-12,2019-02-13,2019-02-14,2019-02-15,2019-02-19,2019-02-20,2019-02-21,2019-02-22,22779.0,2019-02-07,252.0,-1.5029%,0.0004,0.7714,0.1008,-0.4135,0.9425%,1.3593%,51.9201%,-0.006222,MSI,22779.0,2019-02-08,252.0,14.1207%,0.0009,0.7478,0.0673,-0.5346,1.2767%,1.6218%,38.0329%,0.13751,MSI,22779.0,2019-02-11,252.0,-0.8791%,0.0009,0.7338,0.067,-0.5422,1.2769%,1.6041%,36.6338%,-0.009152,MSI,22779.0,2019-02-12,252.0,2.2656%,0.001,0.7429,0.0632,-0.5369,1.2781%,1.6096%,36.9447%,0.011642,MSI,22779.0,2019-02-13,252.0,0.3061%,0.0009,0.7385,0.0706,-0.5355,1.2767%,1.6044%,36.6797%,0.001219,MSI,22779.0,2019-02-14,252.0,-0.3269%,0.0009,0.7399,0.0672,-0.5315,1.2772%,1.6044%,36.6222%,-0.005291,MSI,22779.0,2019-02-15,252.0,1.0496%,0.0008,0.7252,0.0544,-0.5548,1.2708%,1.5950%,36.5188%,0.004419,MSI,22779.0,2019-02-19,252.0,0.2020%,0.0009,0.7263,0.054,-0.5553,1.2707%,1.5939%,36.4410%,0.002048,MSI,22779.0,2019-02-20,252.0,0.2160%,0.0009,0.7273,0.0573,-0.5515,1.2708%,1.5938%,36.4291%,0.0036149999999999,MSI,22779.0,2019-02-21,252.0,-0.5890%,0.0009,0.7289,0.0594,-0.5485,1.2712%,1.5944%,36.4288%,-0.004528,MSI,22779.0,2019-02-22,252.0,1.1489%,0.0009,0.729,0.0645,-0.5419,1.2710%,1.5948%,36.4778%,-0.001738,MSI,0.131288,0.122136,0.133778,0.129706,0.133522
37051,ARCELORMITTAL S A LUXEMBOURG,ArcelorMittal Late Wednesday Reported 4M Share Buyback,6,increase,0.75,0.6,"a share buyback typically signals that a company believes its stock is undervalued, which can lead to an increase in stock price due to reduced supply and increased investor confidence.",2,2019-02-07,MT,2019-02-07 14:29:00+00:00,85261.0,03938L20,-0.0390428341925144,3707094.0,-0.0397553443908691,0.0080406488850712,-0.0209280755370855,-0.0112970909103751,0.0195167325437068,0.0016764042666181,0.0264357291162014,0.0153191750869154,-0.0226465463638305,0.0077187097631394,0.048614252358675,0.0264084674417972,-0.0203639212995767,-0.012173943221569,0.0291906166821718,0.0008703419589437,-0.0081650419160723,0.0723284780979156,0.0086655439808964,0.0028076493181288,0.0201889742165803,-0.0037295999936759,-0.0202105063945055,-0.0521431043744087,0.000429747684393,0.0225937645882368,-0.0184708032757043,0.01374252140522,0.0118162119761109,0.0013761783484369,-0.0030277508776634,-0.0131281539797782,-0.0255965366959571,0.0059199030511081,-0.0097951609641313,-0.0200803559273481,-0.0287769511342048,-0.0040000067092478,-0.0319444686174392,0.0135134784504771,0.0234337523579597,0.0296846628189086,0.0121495435014367,0.0131578370928764,0.0087719541043043,0.0774683877825737,-0.0265446193516254,-0.0232442785054445,0.0145744923502206,-0.0217707194387912,0.0352178066968917,0.0043731853365898,-0.0031333793886005,-0.0067567275837063,0.0112258642911911,-0.0138029940426349,-0.0222024861723184,0.0463147573173046,-0.0576748624444007,-0.0228710137307643,-0.0144577948376536,-0.0306604485958814,-0.0048899939283728,-0.0004713966045528,-0.0039312001317739,-0.0266177970916032,-0.005920120049268,0.0149045931175351,0.0114143695682287,-0.0083141019567847,0.0525025352835655,-0.0238954313099384,0.0088577447459101,0.0004510703147388,0.0212569776922464,0.02781642973423,0.00723981205374,0.0079439291730523,0.0022461472544819,-0.0092592947185039,0.0067234253510832,-0.0208521801978349,-0.0222618002444505,-0.0341506414115428,0.0150274066254496,-0.0379106849431991,-0.01480492670089,0.033522006124258,0.0277778059244155,0.003933573141694,0.0017723046476021,-0.0276243742555379,0.0207872316241264,0.0580036379396915,0.0337955243885517,-0.0275470502674579,-0.0067057772539556,0.0035103079862892,-0.0236287489533424,-0.0496246293187141,-0.0133966924622654,0.0239111632108688,-0.0271572861820459,-0.0487408898770809,-0.023412812501192,-0.0076581472530961,0.0027662271168082,0.0004032350552733,0.0124138137325644,0.0151452692225575,-0.0081744007766246,0.0070074228569865,-0.0242674313485622,-0.0041051059961318,-0.0323791019618511,-0.0394321754574775,0.0417070165276527,-0.0011815194739028,-0.0451582558453083,-0.0257099028676748,-0.0397553443908691,0.0080406488850712,-0.0598514170775397,-0.0033472779667369,-0.041502788633297,-0.0016764850911837,-0.0384446986918378,0.0214408231199445,0.0170380678408867,0.1146466446575358,-0.0934905816934301,0.1591241169947415,-0.1039755001619479,-0.0859554781263295,2019-02-08,2019-02-11,2019-02-12,2019-02-13,2019-02-14,2019-02-15,2019-02-19,2019-02-20,2019-02-21,2019-02-22,85261.0,2019-02-07,252.0,-3.9043%,-0.0013,1.5078,0.4149,0.6416,1.7930%,2.3571%,42.1403%,-0.0271159999999999,MT,85261.0,2019-02-08,252.0,-3.9755%,-0.0013,1.5133,0.4461,0.685,1.8000%,2.3634%,41.9956%,-0.036993,MT,85261.0,2019-02-11,252.0,-2.0928%,-0.0015,1.5167,0.4072,0.6658,1.8070%,2.3517%,40.9545%,-0.027667,MT,85261.0,2019-02-12,252.0,1.9517%,-0.0015,1.5151,0.4103,0.6644,1.8069%,2.3508%,40.9211%,-0.00016,MT,85261.0,2019-02-13,252.0,2.6436%,-0.0014,1.518,0.4145,0.6707,1.8126%,2.3546%,40.7395%,0.0213819999999999,MT,85261.0,2019-02-14,252.0,-2.2647%,-0.0015,1.5207,0.405,0.683,1.8123%,2.3549%,40.7742%,-0.017824,MT,85261.0,2019-02-15,252.0,4.8614%,-0.0015,1.5221,0.4093,0.6894,1.8163%,2.3561%,40.5711%,0.027039,MT,85261.0,2019-02-19,252.0,-2.0364%,-0.0015,1.5234,0.385,0.6619,1.8187%,2.3588%,40.5516%,-0.026611,MT,85261.0,2019-02-20,252.0,2.9191%,-0.0016,1.5268,0.3784,0.6703,1.8132%,2.3562%,40.7847%,0.021709,MT,85261.0,2019-02-21,252.0,-0.8165%,-0.0014,1.517,0.3586,0.6523,1.8053%,2.3437%,40.6669%,-0.000809,MT,85261.0,2019-02-22,252.0,0.8666%,-0.0014,1.5155,0.3683,0.644,1.8055%,2.3439%,40.6643%,0.0063219999999999,MT,-0.064109,-0.091776,-0.0919359999999999,-0.0883779999999999,-0.060728
37059,ARCELORMITTAL S A LUXEMBOURG,"ArcelorMittal Late Wednesday Reported Q4 EPS $1.17 Beats $0.94 Estimate, Sales $18.327B Beat $9.59B Estimate",6,increase,0.85,0.7,"the company reported better-than-expected earnings and sales, which typically boosts investor confidence and can lead to an increase in stock price.",2,2019-02-07,MT,2019-02-07 14:29:00+00:00,85261.0,03938L20,-0.0390428341925144,3707094.0,-0.0397553443908691,0.0080406488850712,-0.0209280755370855,-0.0112970909103751,0.0195167325437068,0.0016764042666181,0.0264357291162014,0.0153191750869154,-0.0226465463638305,0.0077187097631394,0.048614252358675,0.0264084674417972,-0.0203639212995767,-0.012173943221569,0.0291906166821718,0.0008703419589437,-0.0081650419160723,0.0723284780979156,0.0086655439808964,0.0028076493181288,0.0201889742165803,-0.0037295999936759,-0.0202105063945055,-0.0521431043744087,0.000429747684393,0.0225937645882368,-0.0184708032757043,0.01374252140522,0.0118162119761109,0.0013761783484369,-0.0030277508776634,-0.0131281539797782,-0.0255965366959571,0.0059199030511081,-0.0097951609641313,-0.0200803559273481,-0.0287769511342048,-0.0040000067092478,-0.0319444686174392,0.0135134784504771,0.0234337523579597,0.0296846628189086,0.0121495435014367,0.0131578370928764,0.0087719541043043,0.0774683877825737,-0.0265446193516254,-0.0232442785054445,0.0145744923502206,-0.0217707194387912,0.0352178066968917,0.0043731853365898,-0.0031333793886005,-0.0067567275837063,0.0112258642911911,-0.0138029940426349,-0.0222024861723184,0.0463147573173046,-0.0576748624444007,-0.0228710137307643,-0.0144577948376536,-0.0306604485958814,-0.0048899939283728,-0.0004713966045528,-0.0039312001317739,-0.0266177970916032,-0.005920120049268,0.0149045931175351,0.0114143695682287,-0.0083141019567847,0.0525025352835655,-0.0238954313099384,0.0088577447459101,0.0004510703147388,0.0212569776922464,0.02781642973423,0.00723981205374,0.0079439291730523,0.0022461472544819,-0.0092592947185039,0.0067234253510832,-0.0208521801978349,-0.0222618002444505,-0.0341506414115428,0.0150274066254496,-0.0379106849431991,-0.01480492670089,0.033522006124258,0.0277778059244155,0.003933573141694,0.0017723046476021,-0.0276243742555379,0.0207872316241264,0.0580036379396915,0.0337955243885517,-0.0275470502674579,-0.0067057772539556,0.0035103079862892,-0.0236287489533424,-0.0496246293187141,-0.0133966924622654,0.0239111632108688,-0.0271572861820459,-0.0487408898770809,-0.023412812501192,-0.0076581472530961,0.0027662271168082,0.0004032350552733,0.0124138137325644,0.0151452692225575,-0.0081744007766246,0.0070074228569865,-0.0242674313485622,-0.0041051059961318,-0.0323791019618511,-0.0394321754574775,0.0417070165276527,-0.0011815194739028,-0.0451582558453083,-0.0257099028676748,-0.0397553443908691,0.0080406488850712,-0.0598514170775397,-0.0033472779667369,-0.041502788633297,-0.0016764850911837,-0.0384446986918378,0.0214408231199445,0.0170380678408867,0.1146466446575358,-0.0934905816934301,0.1591241169947415,-0.1039755001619479,-0.0859554781263295,2019-02-08,2019-02-11,2019-02-12,2019-02-13,2019-02-14,2019-02-15,2019-02-19,2019-02-20,2019-02-21,2019-02-22,85261.0,2019-02-07,252.0,-3.9043%,-0.0013,1.5078,0.4149,0.6416,1.7930%,2.3571%,42.1403%,-0.0271159999999999,MT,85261.0,2019-02-08,252.0,-3.9755%,-0.0013,1.5133,0.4461,0.685,1.8000%,2.3634%,41.9956%,-0.036993,MT,85261.0,2019-02-11,252.0,-2.0928%,-0.0015,1.5167,0.4072,0.6658,1.8070%,2.3517%,40.9545%,-0.027667,MT,85261.0,2019-02-12,252.0,1.9517%,-0.0015,1.5151,0.4103,0.6644,1.8069%,2.3508%,40.9211%,-0.00016,MT,85261.0,2019-02-13,252.0,2.6436%,-0.0014,1.518,0.4145,0.6707,1.8126%,2.3546%,40.7395%,0.0213819999999999,MT,85261.0,2019-02-14,252.0,-2.2647%,-0.0015,1.5207,0.405,0.683,1.8123%,2.3549%,40.7742%,-0.017824,MT,85261.0,2019-02-15,252.0,4.8614%,-0.0015,1.5221,0.4093,0.6894,1.8163%,2.3561%,40.5711%,0.027039,MT,85261.0,2019-02-19,252.0,-2.0364%,-0.0015,1.5234,0.385,0.6619,1.8187%,2.3588%,40.5516%,-0.026611,MT,85261.0,2019-02-20,252.0,2.9191%,-0.0016,1.5268,0.3784,0.6703,1.8132%,2.3562%,40.7847%,0.021709,MT,85261.0,2019-02-21,252.0,-0.8165%,-0.0014,1.517,0.3586,0.6523,1.8053%,2.3437%,40.6669%,-0.000809,MT,85261.0,2019-02-22,252.0,0.8666%,-0.0014,1.5155,0.3683,0.644,1.8055%,2.3439%,40.6643%,0.0063219999999999,MT,-0.064109,-0.091776,-0.0919359999999999,-0.0883779999999999,-0.060728
37067,METTLER TOLEDO INTERNATIONAL INC,Mettler-Toledo International Raises FY19 Adj. EPS From $22.40-$22.60 To $22.50-$22.70 vs $22.48 Est.,6,increase,0.8,0.6,"the upward revision of the adjusted eps guidance suggests stronger-than-expected financial performance, which is likely to positively influence investor sentiment and increase the stock price.",2,2019-02-07,MTD,2019-02-07 22:06:00+00:00,85621.0,59268810,-0.0107151325792074,147793.0,0.0218628719449043,0.0035383822396397,0.0002868827432394,0.0160617679357528,0.0150945680215954,-0.0004666746244765,-0.0057696099393069,0.0073022977448999,-0.0085251675918698,0.0082631260156631,0.0089755961671471,0.0191945098340511,0.0044852434657514,0.0046105161309242,0.00177120603621,0.0058741932734847,0.0017235482810065,0.0146948946639895,0.0068524568341672,0.0007766808848828,0.0164105203002691,0.0193535182625055,-0.0188268925994634,-0.0139677356928587,0.0133239086717367,0.0245196837931871,-0.0074198641814291,0.0129966000095009,0.02621497400105,-0.0033669942058622,-0.0136957000941038,0.0155089059844613,0.0061230873689055,-0.0064823403954505,-0.0165413990616798,0.0011626854538917,0.0027862046845257,0.0137562360614538,-0.0042261560447514,0.0214542634785175,0.0117188934236764,0.0430113784968853,0.003701374400407,0.012197651900351,-0.0022125996183604,0.0264623928815126,0.0126530621200799,-0.0594827868044376,0.0141696119681,-0.0345486737787723,-0.0024556017015129,0.0144205605611205,0.0125911990180611,-0.0108225755393505,-0.0039958441630005,0.0179335605353117,0.0236224401742219,0.0422187745571136,-0.0378911979496479,-0.0257641933858394,0.009301021695137,-0.0141193866729736,0.0110076898708939,-0.0087984465062618,-0.0191094391047954,-0.0286674629896879,0.0015226869145408,0.0038089118897914,0.0273096282035112,-0.0251736752688884,0.0101521806791424,-0.0207812488079071,0.0056274957023561,-0.0132644288241863,-0.0023419316858053,0.016307346522808,-0.007547075394541,0.0105297667905688,0.0105060702189803,0.0014894610503688,0.004803723655641,-0.0316668525338172,-0.0059319920837879,-0.0295385625213384,0.0054223905317485,-0.0258163008838892,0.0037671306636184,0.0136180128902196,0.0021599400788545,0.0090978099033236,0.0026807454414665,0.0144876427948474,-0.0163501128554344,0.0265250653028488,-0.0231503788381815,0.0019018412567675,0.018889307975769,0.0138661004602909,0.0074925171211361,0.0088123688474297,-0.0143968285992741,0.0117741767317056,0.0026395542081445,0.0113190589472651,0.0075530717149376,-0.0358918905258178,0.0081257466226816,0.0115792071446776,0.0062012444250285,0.0196901932358741,0.0050436807796359,-0.0140008488669991,-0.0081851119175553,-0.0103624043986201,0.0189945884048938,-0.0207391828298568,0.0122543554753065,0.021367073059082,-0.0021772137843072,0.0043697310611605,0.0218628719449043,0.0035383822396397,0.0221560267688223,0.0196569828497936,0.037585030443568,0.0191811348102273,0.0228040188461913,0.0351066182547523,0.0473670597015725,0.0825705276821009,0.0832240461904572,0.2013826509262888,0.1737923144267261,0.1053280722624907,2019-02-08,2019-02-11,2019-02-12,2019-02-13,2019-02-14,2019-02-15,2019-02-19,2019-02-20,2019-02-21,2019-02-22,85621.0,2019-02-07,252.0,-1.0715%,-0.0,1.0632,-0.0708,-0.2027,1.0764%,1.6231%,56.0198%,-0.000294,MTD,85621.0,2019-02-08,252.0,2.1863%,-0.0,1.0601,-0.0864,-0.2257,1.0806%,1.6282%,55.9539%,0.019443,MTD,85621.0,2019-02-11,252.0,0.0287%,0.0001,1.0295,-0.0576,-0.2261,1.0702%,1.5770%,53.9467%,-0.000208,MTD,85621.0,2019-02-12,252.0,1.5095%,0.0002,1.0388,-0.0691,-0.2194,1.0658%,1.5796%,54.4749%,0.00062,MTD,85621.0,2019-02-13,252.0,-0.5770%,0.0001,1.0341,-0.0648,-0.2207,1.0662%,1.5740%,54.1134%,-0.008583,MTD,85621.0,2019-02-14,252.0,-0.8525%,0.0001,1.0362,-0.0687,-0.2169,1.0670%,1.5750%,54.1105%,-0.007397,MTD,85621.0,2019-02-15,252.0,0.8976%,0.0001,1.0324,-0.0723,-0.2233,1.0668%,1.5721%,53.9510%,-0.00162,MTD,85621.0,2019-02-19,252.0,0.4485%,0.0001,1.0338,-0.0714,-0.2224,1.0669%,1.5707%,53.8609%,0.003303,MTD,85621.0,2019-02-20,252.0,0.1771%,0.0001,1.0337,-0.0733,-0.2232,1.0666%,1.5706%,53.8773%,0.001087,MTD,85621.0,2019-02-21,252.0,0.1724%,0.0001,1.0288,-0.0823,-0.2323,1.0650%,1.5672%,53.8231%,0.004884,MTD,85621.0,2019-02-22,252.0,0.6852%,0.0001,1.0299,-0.0999,-0.2354,1.0622%,1.5671%,54.0624%,-0.002896,MTD,0.019149,0.018941,0.019561,0.0035809999999999,0.008339
37075,METTLER TOLEDO INTERNATIONAL INC,"Mettler-Toledo Q4 Adj. EPS $6.85 Beats $6.75 Estimate, Sales $817.923M Beat $807.03M Estimate",6,increase,0.8,0.7,"the company reported better-than-expected earnings and sales, which typically leads to positive investor sentiment and an increase in stock price.",2,2019-02-07,MTD,2019-02-07 22:04:00+00:00,85621.0,59268810,-0.0107151325792074,147793.0,0.0218628719449043,0.0035383822396397,0.0002868827432394,0.0160617679357528,0.0150945680215954,-0.0004666746244765,-0.0057696099393069,0.0073022977448999,-0.0085251675918698,0.0082631260156631,0.0089755961671471,0.0191945098340511,0.0044852434657514,0.0046105161309242,0.00177120603621,0.0058741932734847,0.0017235482810065,0.0146948946639895,0.0068524568341672,0.0007766808848828,0.0164105203002691,0.0193535182625055,-0.0188268925994634,-0.0139677356928587,0.0133239086717367,0.0245196837931871,-0.0074198641814291,0.0129966000095009,0.02621497400105,-0.0033669942058622,-0.0136957000941038,0.0155089059844613,0.0061230873689055,-0.0064823403954505,-0.0165413990616798,0.0011626854538917,0.0027862046845257,0.0137562360614538,-0.0042261560447514,0.0214542634785175,0.0117188934236764,0.0430113784968853,0.003701374400407,0.012197651900351,-0.0022125996183604,0.0264623928815126,0.0126530621200799,-0.0594827868044376,0.0141696119681,-0.0345486737787723,-0.0024556017015129,0.0144205605611205,0.0125911990180611,-0.0108225755393505,-0.0039958441630005,0.0179335605353117,0.0236224401742219,0.0422187745571136,-0.0378911979496479,-0.0257641933858394,0.009301021695137,-0.0141193866729736,0.0110076898708939,-0.0087984465062618,-0.0191094391047954,-0.0286674629896879,0.0015226869145408,0.0038089118897914,0.0273096282035112,-0.0251736752688884,0.0101521806791424,-0.0207812488079071,0.0056274957023561,-0.0132644288241863,-0.0023419316858053,0.016307346522808,-0.007547075394541,0.0105297667905688,0.0105060702189803,0.0014894610503688,0.004803723655641,-0.0316668525338172,-0.0059319920837879,-0.0295385625213384,0.0054223905317485,-0.0258163008838892,0.0037671306636184,0.0136180128902196,0.0021599400788545,0.0090978099033236,0.0026807454414665,0.0144876427948474,-0.0163501128554344,0.0265250653028488,-0.0231503788381815,0.0019018412567675,0.018889307975769,0.0138661004602909,0.0074925171211361,0.0088123688474297,-0.0143968285992741,0.0117741767317056,0.0026395542081445,0.0113190589472651,0.0075530717149376,-0.0358918905258178,0.0081257466226816,0.0115792071446776,0.0062012444250285,0.0196901932358741,0.0050436807796359,-0.0140008488669991,-0.0081851119175553,-0.0103624043986201,0.0189945884048938,-0.0207391828298568,0.0122543554753065,0.021367073059082,-0.0021772137843072,0.0043697310611605,0.0218628719449043,0.0035383822396397,0.0221560267688223,0.0196569828497936,0.037585030443568,0.0191811348102273,0.0228040188461913,0.0351066182547523,0.0473670597015725,0.0825705276821009,0.0832240461904572,0.2013826509262888,0.1737923144267261,0.1053280722624907,2019-02-08,2019-02-11,2019-02-12,2019-02-13,2019-02-14,2019-02-15,2019-02-19,2019-02-20,2019-02-21,2019-02-22,85621.0,2019-02-07,252.0,-1.0715%,-0.0,1.0632,-0.0708,-0.2027,1.0764%,1.6231%,56.0198%,-0.000294,MTD,85621.0,2019-02-08,252.0,2.1863%,-0.0,1.0601,-0.0864,-0.2257,1.0806%,1.6282%,55.9539%,0.019443,MTD,85621.0,2019-02-11,252.0,0.0287%,0.0001,1.0295,-0.0576,-0.2261,1.0702%,1.5770%,53.9467%,-0.000208,MTD,85621.0,2019-02-12,252.0,1.5095%,0.0002,1.0388,-0.0691,-0.2194,1.0658%,1.5796%,54.4749%,0.00062,MTD,85621.0,2019-02-13,252.0,-0.5770%,0.0001,1.0341,-0.0648,-0.2207,1.0662%,1.5740%,54.1134%,-0.008583,MTD,85621.0,2019-02-14,252.0,-0.8525%,0.0001,1.0362,-0.0687,-0.2169,1.0670%,1.5750%,54.1105%,-0.007397,MTD,85621.0,2019-02-15,252.0,0.8976%,0.0001,1.0324,-0.0723,-0.2233,1.0668%,1.5721%,53.9510%,-0.00162,MTD,85621.0,2019-02-19,252.0,0.4485%,0.0001,1.0338,-0.0714,-0.2224,1.0669%,1.5707%,53.8609%,0.003303,MTD,85621.0,2019-02-20,252.0,0.1771%,0.0001,1.0337,-0.0733,-0.2232,1.0666%,1.5706%,53.8773%,0.001087,MTD,85621.0,2019-02-21,252.0,0.1724%,0.0001,1.0288,-0.0823,-0.2323,1.0650%,1.5672%,53.8231%,0.004884,MTD,85621.0,2019-02-22,252.0,0.6852%,0.0001,1.0299,-0.0999,-0.2354,1.0622%,1.5671%,54.0624%,-0.002896,MTD,0.019149,0.018941,0.019561,0.0035809999999999,0.008339
37083,MANITOWOC CO INC,"Manitowoc Sees FY19 Adj. EBITDA $125M-$145M, Sales $1.85B-$1.95B vs $1.95B Estimate",6,decrease,0.7,0.6,"the company's adjusted ebitda and sales guidance for fy19 falls short of market expectations, which is likely to negatively impact investor sentiment and lead to a decrease in stock price.",0,2019-02-07,MTW,2019-02-07 21:19:00+00:00,51263.0,56357140,-0.0213650204241275,829198.0,-0.0479078218340873,0.0,0.0159235671162605,0.0305810384452343,0.0457680560648441,0.0637606084346771,0.0383692681789398,0.0098554277792572,-0.0225172862410545,-0.003926666919142,0.0318959839642047,0.0317352674901485,0.0234687961637973,0.0123035069555044,0.0397092290222644,-0.0499999672174453,0.0,0.0342511273920536,0.0322754383087158,0.0191650036722421,-0.0031266999430954,-0.0646607056260109,-0.0292733665555715,-0.031618058681488,-0.0091545544564723,0.0453660935163497,-0.022282600402832,0.0198281686753034,0.0272373408079147,0.0046480540186166,0.0070346901193261,-0.0376996286213398,0.0096722356975078,-0.0163419377058744,-0.0180947389453649,-0.0093399519100785,-0.0243902839720249,0.0018714147154241,-0.0144444573670625,0.0262484513223171,0.0039458679966628,0.0077419281005859,-0.0224592722952365,-0.0183660518378019,-0.0149339595809578,0.0726901963353157,-0.0274052079766988,-0.0303030330687761,0.0167864970862865,0.0277589596807956,0.0277123376727104,0.0214384794235229,-0.0040160468779504,-0.0275722835212945,-0.0201613120734691,0.0129427500069141,0.0058789169415831,0.084195002913475,-0.0473408140242099,-0.0286943782120943,0.0042945770546793,-0.0196906253695488,-0.0073305335827171,-0.016597494482994,-0.0043076733127236,-0.034068152308464,0.0074164974503219,-0.0019999821670353,0.0067485040053725,-0.0176817588508129,0.0365630947053432,-0.0148386796936392,-0.0111699309200048,-0.040247656404972,0.0112961083650589,0.0260482747107744,0.018812445923686,-0.0217526648193597,0.0040392205119133,-0.0030978461727499,0.0005747257964685,-0.0438388511538505,-0.0229752790182828,-0.0220162849873304,0.018812445923686,-0.0939632058143615,-0.0034621735103428,-0.0354430750012397,0.0214243736118078,0.0190918911248445,-0.0226757153868675,-0.0117287831380963,0.0307424999773502,0.0375661924481391,-0.0039392062462866,-0.0347293317317962,0.0389829725027084,0.0327004678547382,0.0119630899280309,0.0106609193608164,0.0225685145705938,0.0498041063547134,0.0073567726649343,-0.06586504727602,-0.0641627311706543,0.0063124108128249,0.0,-0.0031462751794606,0.0027870254125446,0.0274784620851278,-0.0072261900641024,-0.0032224152237176,-0.0162374526262283,-0.0032119627576321,0.0011383299715816,-0.0230125784873962,0.0432063788175582,-0.0249872393906116,-0.0032697257120162,-0.0263157300651073,-0.0479078218340873,0.0,-0.0327471181341958,0.0305810384452343,0.0115221659919202,0.0962915124977437,0.0266828704761219,0.1027487373425506,0.1637356471540065,0.153319705260287,-0.011522167117886,0.208751867241806,0.1091571389195535,-0.1633564515692482,2019-02-08,2019-02-11,2019-02-12,2019-02-13,2019-02-14,2019-02-15,2019-02-19,2019-02-20,2019-02-21,2019-02-22,51263.0,2019-02-07,252.0,-2.1365%,-0.0024,1.9638,0.8468,1.1974,2.4128%,3.1150%,40.0002%,-0.006801,MTW,51263.0,2019-02-08,252.0,-4.7908%,-0.0027,1.9712,0.838,1.2225,2.4223%,3.1255%,39.9364%,-0.0419369999999999,MTW,51263.0,2019-02-11,252.0,1.5924%,-0.0026,1.9724,0.8469,1.2279,2.4228%,3.1052%,39.1234%,0.004722,MTW,51263.0,2019-02-12,252.0,4.5768%,-0.0025,1.9977,0.8315,1.2436,2.4230%,3.1200%,39.6876%,0.020762,MTW,51263.0,2019-02-13,252.0,3.8369%,-0.0022,2.013,0.8194,1.2496,2.4283%,3.1305%,39.8325%,0.031306,MTW,51263.0,2019-02-14,252.0,-2.2517%,-0.0022,2.0167,0.8126,1.2561,2.4290%,3.1330%,39.8901%,-0.015403,MTW,51263.0,2019-02-15,252.0,3.1896%,-0.0022,2.0262,0.8215,1.2721,2.4284%,3.1347%,39.9848%,0.000947,MTW,51263.0,2019-02-19,252.0,2.3469%,-0.0021,2.0301,0.83,1.2813,2.4303%,3.1378%,40.0087%,0.01332,MTW,51263.0,2019-02-20,252.0,3.9709%,-0.0018,2.043,0.8811,1.333,2.4152%,3.1356%,40.6704%,0.026879,MTW,51263.0,2019-02-21,252.0,0.0000%,-0.0017,2.041,0.8797,1.3291,2.4166%,3.1339%,40.5422%,0.011142,MTW,51263.0,2019-02-22,252.0,3.2275%,-0.0016,2.035,0.9085,1.2845,2.4246%,3.1400%,40.3768%,0.033609,MTW,-0.048738,-0.044016,-0.023254,-0.007351,0.078546
37091,MANITOWOC CO INC,"Manitowoc Q4 EPS $0.16 Beats $0.02 Estimate, Sales $515.3M Beat $487.98M Estimate",6,increase,0.8,0.7,"the company reported better-than-expected earnings and sales, which typically leads to positive investor sentiment and an increase in stock price.",2,2019-02-07,MTW,2019-02-07 21:19:00+00:00,51263.0,56357140,-0.0213650204241275,829198.0,-0.0479078218340873,0.0,0.0159235671162605,0.0305810384452343,0.0457680560648441,0.0637606084346771,0.0383692681789398,0.0098554277792572,-0.0225172862410545,-0.003926666919142,0.0318959839642047,0.0317352674901485,0.0234687961637973,0.0123035069555044,0.0397092290222644,-0.0499999672174453,0.0,0.0342511273920536,0.0322754383087158,0.0191650036722421,-0.0031266999430954,-0.0646607056260109,-0.0292733665555715,-0.031618058681488,-0.0091545544564723,0.0453660935163497,-0.022282600402832,0.0198281686753034,0.0272373408079147,0.0046480540186166,0.0070346901193261,-0.0376996286213398,0.0096722356975078,-0.0163419377058744,-0.0180947389453649,-0.0093399519100785,-0.0243902839720249,0.0018714147154241,-0.0144444573670625,0.0262484513223171,0.0039458679966628,0.0077419281005859,-0.0224592722952365,-0.0183660518378019,-0.0149339595809578,0.0726901963353157,-0.0274052079766988,-0.0303030330687761,0.0167864970862865,0.0277589596807956,0.0277123376727104,0.0214384794235229,-0.0040160468779504,-0.0275722835212945,-0.0201613120734691,0.0129427500069141,0.0058789169415831,0.084195002913475,-0.0473408140242099,-0.0286943782120943,0.0042945770546793,-0.0196906253695488,-0.0073305335827171,-0.016597494482994,-0.0043076733127236,-0.034068152308464,0.0074164974503219,-0.0019999821670353,0.0067485040053725,-0.0176817588508129,0.0365630947053432,-0.0148386796936392,-0.0111699309200048,-0.040247656404972,0.0112961083650589,0.0260482747107744,0.018812445923686,-0.0217526648193597,0.0040392205119133,-0.0030978461727499,0.0005747257964685,-0.0438388511538505,-0.0229752790182828,-0.0220162849873304,0.018812445923686,-0.0939632058143615,-0.0034621735103428,-0.0354430750012397,0.0214243736118078,0.0190918911248445,-0.0226757153868675,-0.0117287831380963,0.0307424999773502,0.0375661924481391,-0.0039392062462866,-0.0347293317317962,0.0389829725027084,0.0327004678547382,0.0119630899280309,0.0106609193608164,0.0225685145705938,0.0498041063547134,0.0073567726649343,-0.06586504727602,-0.0641627311706543,0.0063124108128249,0.0,-0.0031462751794606,0.0027870254125446,0.0274784620851278,-0.0072261900641024,-0.0032224152237176,-0.0162374526262283,-0.0032119627576321,0.0011383299715816,-0.0230125784873962,0.0432063788175582,-0.0249872393906116,-0.0032697257120162,-0.0263157300651073,-0.0479078218340873,0.0,-0.0327471181341958,0.0305810384452343,0.0115221659919202,0.0962915124977437,0.0266828704761219,0.1027487373425506,0.1637356471540065,0.153319705260287,-0.011522167117886,0.208751867241806,0.1091571389195535,-0.1633564515692482,2019-02-08,2019-02-11,2019-02-12,2019-02-13,2019-02-14,2019-02-15,2019-02-19,2019-02-20,2019-02-21,2019-02-22,51263.0,2019-02-07,252.0,-2.1365%,-0.0024,1.9638,0.8468,1.1974,2.4128%,3.1150%,40.0002%,-0.006801,MTW,51263.0,2019-02-08,252.0,-4.7908%,-0.0027,1.9712,0.838,1.2225,2.4223%,3.1255%,39.9364%,-0.0419369999999999,MTW,51263.0,2019-02-11,252.0,1.5924%,-0.0026,1.9724,0.8469,1.2279,2.4228%,3.1052%,39.1234%,0.004722,MTW,51263.0,2019-02-12,252.0,4.5768%,-0.0025,1.9977,0.8315,1.2436,2.4230%,3.1200%,39.6876%,0.020762,MTW,51263.0,2019-02-13,252.0,3.8369%,-0.0022,2.013,0.8194,1.2496,2.4283%,3.1305%,39.8325%,0.031306,MTW,51263.0,2019-02-14,252.0,-2.2517%,-0.0022,2.0167,0.8126,1.2561,2.4290%,3.1330%,39.8901%,-0.015403,MTW,51263.0,2019-02-15,252.0,3.1896%,-0.0022,2.0262,0.8215,1.2721,2.4284%,3.1347%,39.9848%,0.000947,MTW,51263.0,2019-02-19,252.0,2.3469%,-0.0021,2.0301,0.83,1.2813,2.4303%,3.1378%,40.0087%,0.01332,MTW,51263.0,2019-02-20,252.0,3.9709%,-0.0018,2.043,0.8811,1.333,2.4152%,3.1356%,40.6704%,0.026879,MTW,51263.0,2019-02-21,252.0,0.0000%,-0.0017,2.041,0.8797,1.3291,2.4166%,3.1339%,40.5422%,0.011142,MTW,51263.0,2019-02-22,252.0,3.2275%,-0.0016,2.035,0.9085,1.2845,2.4246%,3.1400%,40.3768%,0.033609,MTW,-0.048738,-0.044016,-0.023254,-0.007351,0.078546
37099,N C R CORP NEW,"NCR Sees FY19 Sales Growth 1-2% Year Over Year, Adj. EPS $2.75-$2.85 vs $2.90 Estimate",6,decrease,0.7,0.6,"the lower-than-expected adjusted eps guidance and modest sales growth outlook suggest weaker performance than anticipated, likely leading to a decrease in stock price.",0,2019-02-07,NCR,2019-02-07 21:43:00+00:00,84372.0,62886E10,-0.0286725480109453,1325412.0,-0.0371720269322395,-0.0056318142451345,0.0151400305330753,0.0131953964009881,0.0044743041507899,0.0211216993629932,0.0233852695673704,0.0265420209616422,-0.0184983760118484,-0.003353209933266,0.0236511938273906,0.0090225478634238,0.0140794003382325,0.0049112606793642,0.0234959013760089,-0.0041384729556739,-0.0149565320461988,0.0242774244397878,0.0225988496094942,0.0160532426089048,-0.0148480115458369,-0.0007824159110896,-0.0098142540082335,-0.0351076014339923,-0.0077875861898064,0.0168906152248382,-0.0003567687817849,0.0026943685952574,0.0192719120532274,-0.0076394486241042,-0.0094537306576967,0.0151221165433526,-0.0077766422182321,-0.0061656972393393,-0.0199501067399978,0.0046457932330667,-0.0243547819554805,0.0149312047287821,-0.0018628627294674,0.0408997945487499,0.0261291097849607,0.0065870662219822,0.0130956936627626,0.0112406518310308,0.0078994370996952,0.0380294322967529,0.0003562603960745,-0.0281394403427839,0.0103276679292321,0.0316290967166423,0.0095170438289642,0.017188161611557,-0.0076815402135252,0.0,-0.0158339459449052,-0.0052608037367463,0.0171612966805696,0.0851569473743438,-0.044991236180067,-0.0353373289108276,-0.036805298179388,-0.0542534701526165,0.0103171747177839,-0.0303030014038085,0.003782162675634,-0.0062735099345445,0.0097964704036712,0.0528401955962181,0.0182836446911096,-0.0348491966724395,0.0355441272258758,-0.0272839944809675,0.0145081328228116,-0.0442512445151805,-0.0097663300111889,0.0132105657830834,0.0084536727517843,-0.0110847456380724,0.0111771430820226,-0.0209301952272653,0.0017270892858505,-0.0351533479988575,-0.0168965440243482,0.0041307029314339,0.0140301510691642,-0.044492345303297,-0.0003459089784882,0.0057741524651646,0.0020761061459779,0.0172540135681629,0.0093232207000255,0.008515347726643,-0.0006842442089691,0.0380476452410221,0.0058199274353682,-0.0038284983020275,0.007147753611207,0.032003216445446,-0.0087867602705955,-0.0101681752130389,0.015342678874731,0.0110715208575129,-0.014103427529335,-0.0239289440214633,-0.0258855652064085,-0.014454205520451,0.0118881175294518,0.008052185177803,-0.0034554381854832,0.0187499821186065,0.0038141682744026,-0.0146266035735607,-0.0079447822645306,0.0112883998081088,-0.0153202870860695,-0.0755667611956596,0.0275812856853008,-0.0039426060393452,-0.0209910087287426,-0.0014316720189526,-0.0371720269322395,-0.0056318142451345,-0.0225947820218945,0.0074892681344322,-0.0182215737980913,0.0287691535674099,-0.013848434182057,0.052533525610444,0.0553935355265022,0.1061080260213644,-0.0098396619434376,0.2964662178431652,0.0368075925755406,0.011095185713559,2019-02-08,2019-02-11,2019-02-12,2019-02-13,2019-02-14,2019-02-15,2019-02-19,2019-02-20,2019-02-21,2019-02-22,84372.0,2019-02-07,252.0,-2.8673%,-0.0009,1.4809,0.4356,0.0892,1.7720%,2.3963%,45.3175%,-0.014811,NCR,84372.0,2019-02-08,252.0,-3.7172%,-0.0009,1.4869,0.46,0.1303,1.7842%,2.4039%,44.9145%,-0.038207,NCR,84372.0,2019-02-11,252.0,1.5140%,-0.001,1.5222,0.4408,0.1385,1.7780%,2.4006%,45.1436%,0.009622,NCR,84372.0,2019-02-12,252.0,0.4474%,-0.0006,1.5763,0.3605,0.1805,1.6496%,2.3363%,50.1415%,-0.01618,NCR,84372.0,2019-02-13,252.0,2.3385%,-0.0006,1.5703,0.3784,0.1883,1.6495%,2.3285%,49.8162%,0.018529,NCR,84372.0,2019-02-14,252.0,-1.8498%,-0.0006,1.5748,0.3704,0.1957,1.6506%,2.3308%,49.8510%,-0.016176,NCR,84372.0,2019-02-15,252.0,2.3651%,-0.0007,1.562,0.3594,0.1756,1.6465%,2.3188%,49.5814%,0.003891,NCR,84372.0,2019-02-19,252.0,1.4079%,-0.0006,1.567,0.3617,0.1777,1.6467%,2.3200%,49.6210%,0.009442,NCR,84372.0,2019-02-20,252.0,2.3496%,-0.0005,1.5738,0.3837,0.2038,1.6481%,2.3232%,49.6752%,0.018646,NCR,84372.0,2019-02-21,252.0,-1.4957%,-0.0006,1.5816,0.3978,0.2181,1.6456%,2.3249%,49.9009%,-0.008496,NCR,84372.0,2019-02-22,252.0,2.2599%,-0.0005,1.579,0.4166,0.2042,1.6462%,2.3274%,49.9737%,0.013237,NCR,-0.0530179999999999,-0.043396,-0.059576,-0.0572229999999999,-0.020503
37107,N C R CORP NEW,"NCR Q4 EPS $0.84 Beats $0.82 Estimate, Sales $1.8B Beat $1.78B Estimate",6,increase,0.8,0.7,"the company reported better-than-expected earnings and sales, which typically leads to positive investor sentiment and an increase in stock price.",2,2019-02-07,NCR,2019-02-07 21:43:00+00:00,84372.0,62886E10,-0.0286725480109453,1325412.0,-0.0371720269322395,-0.0056318142451345,0.0151400305330753,0.0131953964009881,0.0044743041507899,0.0211216993629932,0.0233852695673704,0.0265420209616422,-0.0184983760118484,-0.003353209933266,0.0236511938273906,0.0090225478634238,0.0140794003382325,0.0049112606793642,0.0234959013760089,-0.0041384729556739,-0.0149565320461988,0.0242774244397878,0.0225988496094942,0.0160532426089048,-0.0148480115458369,-0.0007824159110896,-0.0098142540082335,-0.0351076014339923,-0.0077875861898064,0.0168906152248382,-0.0003567687817849,0.0026943685952574,0.0192719120532274,-0.0076394486241042,-0.0094537306576967,0.0151221165433526,-0.0077766422182321,-0.0061656972393393,-0.0199501067399978,0.0046457932330667,-0.0243547819554805,0.0149312047287821,-0.0018628627294674,0.0408997945487499,0.0261291097849607,0.0065870662219822,0.0130956936627626,0.0112406518310308,0.0078994370996952,0.0380294322967529,0.0003562603960745,-0.0281394403427839,0.0103276679292321,0.0316290967166423,0.0095170438289642,0.017188161611557,-0.0076815402135252,0.0,-0.0158339459449052,-0.0052608037367463,0.0171612966805696,0.0851569473743438,-0.044991236180067,-0.0353373289108276,-0.036805298179388,-0.0542534701526165,0.0103171747177839,-0.0303030014038085,0.003782162675634,-0.0062735099345445,0.0097964704036712,0.0528401955962181,0.0182836446911096,-0.0348491966724395,0.0355441272258758,-0.0272839944809675,0.0145081328228116,-0.0442512445151805,-0.0097663300111889,0.0132105657830834,0.0084536727517843,-0.0110847456380724,0.0111771430820226,-0.0209301952272653,0.0017270892858505,-0.0351533479988575,-0.0168965440243482,0.0041307029314339,0.0140301510691642,-0.044492345303297,-0.0003459089784882,0.0057741524651646,0.0020761061459779,0.0172540135681629,0.0093232207000255,0.008515347726643,-0.0006842442089691,0.0380476452410221,0.0058199274353682,-0.0038284983020275,0.007147753611207,0.032003216445446,-0.0087867602705955,-0.0101681752130389,0.015342678874731,0.0110715208575129,-0.014103427529335,-0.0239289440214633,-0.0258855652064085,-0.014454205520451,0.0118881175294518,0.008052185177803,-0.0034554381854832,0.0187499821186065,0.0038141682744026,-0.0146266035735607,-0.0079447822645306,0.0112883998081088,-0.0153202870860695,-0.0755667611956596,0.0275812856853008,-0.0039426060393452,-0.0209910087287426,-0.0014316720189526,-0.0371720269322395,-0.0056318142451345,-0.0225947820218945,0.0074892681344322,-0.0182215737980913,0.0287691535674099,-0.013848434182057,0.052533525610444,0.0553935355265022,0.1061080260213644,-0.0098396619434376,0.2964662178431652,0.0368075925755406,0.011095185713559,2019-02-08,2019-02-11,2019-02-12,2019-02-13,2019-02-14,2019-02-15,2019-02-19,2019-02-20,2019-02-21,2019-02-22,84372.0,2019-02-07,252.0,-2.8673%,-0.0009,1.4809,0.4356,0.0892,1.7720%,2.3963%,45.3175%,-0.014811,NCR,84372.0,2019-02-08,252.0,-3.7172%,-0.0009,1.4869,0.46,0.1303,1.7842%,2.4039%,44.9145%,-0.038207,NCR,84372.0,2019-02-11,252.0,1.5140%,-0.001,1.5222,0.4408,0.1385,1.7780%,2.4006%,45.1436%,0.009622,NCR,84372.0,2019-02-12,252.0,0.4474%,-0.0006,1.5763,0.3605,0.1805,1.6496%,2.3363%,50.1415%,-0.01618,NCR,84372.0,2019-02-13,252.0,2.3385%,-0.0006,1.5703,0.3784,0.1883,1.6495%,2.3285%,49.8162%,0.018529,NCR,84372.0,2019-02-14,252.0,-1.8498%,-0.0006,1.5748,0.3704,0.1957,1.6506%,2.3308%,49.8510%,-0.016176,NCR,84372.0,2019-02-15,252.0,2.3651%,-0.0007,1.562,0.3594,0.1756,1.6465%,2.3188%,49.5814%,0.003891,NCR,84372.0,2019-02-19,252.0,1.4079%,-0.0006,1.567,0.3617,0.1777,1.6467%,2.3200%,49.6210%,0.009442,NCR,84372.0,2019-02-20,252.0,2.3496%,-0.0005,1.5738,0.3837,0.2038,1.6481%,2.3232%,49.6752%,0.018646,NCR,84372.0,2019-02-21,252.0,-1.4957%,-0.0006,1.5816,0.3978,0.2181,1.6456%,2.3249%,49.9009%,-0.008496,NCR,84372.0,2019-02-22,252.0,2.2599%,-0.0005,1.579,0.4166,0.2042,1.6462%,2.3274%,49.9737%,0.013237,NCR,-0.0530179999999999,-0.043396,-0.059576,-0.0572229999999999,-0.020503
37115,NEXTERA ENERGY PARTNERS LP,"Barclays Initiates Coverage On NextEra Energy Partners with Overweight Rating, Announces $49 Price Target",6,increase,0.8,0.6,the initiation of coverage with an 'overweight' rating and a price target of $49 suggests positive sentiment and potential for stock price appreciation.,2,2019-02-07,NEP,2019-02-07 16:47:00+00:00,14734.0,65341B10,0.0301961973309516,501206.0,-0.0046409047208726,-0.0182805806398391,0.0213496666401624,-0.024654597043991,-0.0012013271916657,0.0236527975648641,-0.008900623768568,0.0211653001606464,0.0135921733453869,-0.0044620800763368,0.0258621145039796,-0.0251329354941844,-0.0058356677182018,-0.0009656471083872,0.0032871423754841,0.0214549675583839,0.0102971829473972,-0.0626444593071937,-0.0136668141931295,0.0210054144263267,0.0002348126145079,-0.0060990410856902,-0.001173966564238,-0.0079125007614493,-0.0018806259613484,0.0053813648410141,0.0171926412731409,0.0007024723454378,-0.0074091157875955,0.0220147911459207,0.0403545498847961,0.0140742985531687,0.0004484407836571,-0.0584875792264938,0.0125504564493894,-0.0077080060727894,0.0033200869802385,0.0253370553255081,0.0057356785982847,-0.0025504429358989,0.0100899115204811,-0.0125915575772523,0.0041260030120611,-0.02543506026268,0.0012975250137969,0.049402967095375,-0.0045356173068284,0.0169047396630048,0.0008678870508447,-0.0243902262300252,0.0041187647730112,0.0356025882065296,-0.0125215463340282,0.0271805897355079,0.0006558543536812,-0.0259927324950695,-0.0026217813137918,0.0416144356131553,0.0015333995688706,-0.0660266876220703,0.0190288480371236,0.0323906242847442,0.0049366718158125,-0.0009659723727963,0.0140965366736054,-0.0161558631807565,-0.0162173639982938,-0.0033151644747704,-0.0014986019814386,-0.066534087061882,0.0083619076758623,-0.0154515579342842,-0.0027641346678137,-0.0075593623332679,0.0040511433035135,0.0043384116142988,0.0144404396414756,-0.0079621849581599,0.0094201536849141,0.0025890560355037,-0.0186644848436117,-0.0057915155775845,0.0016906558303162,-0.0057581672444939,-0.0056962119415402,0.0090380497276782,0.0099723618477582,-0.0049250437878072,-0.0018907595658674,0.0097297457978129,0.0061039975844323,-0.0028029552195221,-0.0138075286522507,-0.0117195658385753,-0.0038184197619557,0.002777800662443,0.004897775594145,0.0019267855677753,-0.0055096065625548,-0.009331970475614,-0.0161943770945072,0.0210047904402017,-0.0056313262321054,-0.0098627591505646,-0.0015247156843543,-0.0166561435908079,0.0185427237302064,0.0769754648208618,-0.0143499290570616,-0.0107816606760025,0.0002172603562939,-0.0468850061297416,-0.0054312404245138,-0.0215752534568309,-0.0122323632240295,-0.0002093889343086,0.0145953083410859,-0.0004186823789495,-0.0012532896362245,-0.0031301693525165,-0.0046409047208726,-0.0182805806398391,0.0166096801505903,-0.0424844773344248,0.0153883992985148,-0.0198365565116008,0.0200293038219998,-0.0035572386711025,0.0400587017815023,-0.0512980401304291,0.1167562934819643,-0.0588503429598147,0.1192599323572498,-0.1611748208499633,2019-02-08,2019-02-11,2019-02-12,2019-02-13,2019-02-14,2019-02-15,2019-02-19,2019-02-20,2019-02-21,2019-02-22,14734.0,2019-02-07,252.0,3.0196%,0.0002,0.4765,-0.1077,-0.0119,1.7865%,1.8619%,7.9393%,0.034559,NEP,14734.0,2019-02-08,252.0,-0.4641%,0.0003,0.4765,-0.0754,0.0093,1.7738%,1.8480%,7.8638%,-0.005198,NEP,14734.0,2019-02-11,252.0,2.1350%,0.0004,0.4594,-0.0311,0.0243,1.7756%,1.8402%,6.9007%,0.021059,NEP,14734.0,2019-02-12,252.0,-0.1201%,0.0005,0.4738,-0.0552,0.036,1.7650%,1.8334%,7.3207%,-0.007502,NEP,14734.0,2019-02-13,252.0,-0.8901%,0.0004,0.4555,-0.0286,0.0381,1.7512%,1.8143%,6.8380%,-0.010319,NEP,14734.0,2019-02-14,252.0,1.3592%,0.0003,0.4506,-0.0216,0.0329,1.7478%,1.8100%,6.7559%,0.014819,NEP,14734.0,2019-02-15,252.0,2.5862%,0.0004,0.4658,-0.0057,0.0605,1.7523%,1.8168%,6.9761%,0.020567,NEP,14734.0,2019-02-19,252.0,-0.5836%,0.0004,0.465,-0.0112,0.0543,1.7529%,1.8172%,6.9529%,-0.006986,NEP,14734.0,2019-02-20,252.0,0.3287%,0.0004,0.4653,-0.0113,0.0553,1.7529%,1.8172%,6.9579%,0.002029,NEP,14734.0,2019-02-21,252.0,1.0297%,0.0005,0.4574,-0.0248,0.0407,1.7520%,1.8149%,6.8140%,0.012038,NEP,14734.0,2019-02-22,252.0,-1.3667%,0.0006,0.458,0.018,0.0871,1.7415%,1.8027%,6.6686%,-0.016006,NEP,0.0293609999999999,0.05042,0.042918,0.0474179999999999,0.0590599999999999
37123,NATRL GROCERS BY VIT COTTAGE INC,Natural Grocers Sees FY19 EPS $0.33-$0.40 vs $0.39 Est.,6,uncertain,0.6,0.2,"the earnings per share (eps) guidance is in line with estimates, which may not significantly impact investor sentiment either way.",1,2019-02-07,NGVC,2019-02-07 22:29:00+00:00,13508.0,63888U10,0.0,164934.0,-0.0335714481770992,-0.0189208444207906,0.0539542138576507,0.0163818020373582,-0.0161290671676397,0.0353981964290142,0.0555952042341232,-0.0073206024244427,-0.0013504697708413,0.0081180557608604,0.0189316924661397,-0.0095029324293136,-0.0139349726960063,-0.0552485696971416,-0.0168236885219812,-0.022282300516963,-0.0171115677803754,-0.0560866259038448,0.0104457223787903,-0.0350553914904594,-0.024810517206788,0.0323809683322906,0.001413460006006,-0.0241635311394929,-0.0112914498895406,0.0228136666119098,0.0135617116466164,0.0,0.0042253816500306,-0.0031585716642439,-0.0161290671676397,0.0044416049495339,0.0014255493879318,-0.0050505003891885,-0.0654804334044456,0.002531643025577,-0.020563630387187,0.0070108738727867,-0.0046655884943902,-0.0272783394902944,0.0007812678813934,0.0043586362153291,-0.0023419738281518,0.0216284468770027,0.0289514791220426,0.0214424896985292,-0.016729986295104,-0.0191204100847244,-0.0378964208066463,0.0234833434224128,0.0329582653939724,-0.024809181690216,-0.0303502194583416,-0.0075757503509521,-0.0240770615637302,-0.0167598035186529,0.0156250447034835,0.0447471179068088,-0.0340081006288528,-0.0722022056579589,0.0226319786161184,-0.0263619720935821,0.0065573710016906,-0.0029206273611634,-0.0276873093098402,0.0041056661866605,0.011725322343409,-0.0064102918840944,-0.0107615990564227,-0.0445433892309665,0.003347277175635,0.0033519256394356,-0.0350291989743709,-0.0154015775769949,0.0008643240435048,0.0100000165402889,0.025906752794981,0.0416666269302368,0.0370370000600814,-0.0292134024202823,-0.0081168366596102,-0.0089086778461933,0.0171849448233842,0.0262856613844633,0.0144810415804386,-0.0745637118816375,0.006344165187329,-0.0010565482079982,-0.003152085468173,-0.0981419458985328,-0.001580988522619,-0.0259860549122095,-0.0285035353153944,0.0103140790015459,0.0,0.0304347407072782,0.0407497957348823,-0.0376568771898746,-0.0086139859631657,0.011759172193706,-0.0300158075988292,-0.0120817944407463,0.0073290029540658,0.0346154458820819,-0.0088924542069435,-0.0755555927753448,0.0024469601921737,0.3505402207374573,0.0040683639235794,0.0042193909175693,0.0032414880115538,-0.0136741707101464,-0.0177706200629472,-0.0005941906711086,0.0131578827276825,-0.023781893774867,0.0251623727381229,-0.0063400925137102,0.042755339294672,0.0134345516562461,-0.0335714481770992,-0.0189208444207906,0.0185714445860933,-0.0028489999111134,0.0021428373413243,0.032448347059421,0.0564285689210004,0.0332103190050561,0.03642858758292,-0.1389914029289827,-0.1478571202038748,-0.1576414341879268,-0.059285710009642,-0.1822430253348468,2019-02-08,2019-02-11,2019-02-12,2019-02-13,2019-02-14,2019-02-15,2019-02-19,2019-02-20,2019-02-21,2019-02-22,13508.0,2019-02-07,252.0,0.0000%,0.0034,0.8538,0.4137,0.1341,4.4040%,4.5003%,4.2336%,0.007959,NGVC,13508.0,2019-02-08,252.0,-3.3571%,0.0034,0.8593,0.4525,0.1828,4.4052%,4.5013%,4.2250%,-0.033721,NGVC,13508.0,2019-02-11,252.0,5.3954%,0.0034,0.9312,0.4463,0.2171,4.4039%,4.5107%,4.6790%,0.049244,NGVC,13508.0,2019-02-12,252.0,-1.6129%,0.0033,0.92,0.4373,0.213,4.4081%,4.5124%,4.5707%,-0.028614,NGVC,13508.0,2019-02-13,252.0,5.5595%,0.0038,0.9616,0.3871,0.2161,4.3938%,4.5060%,4.9165%,0.052508,NGVC,13508.0,2019-02-14,252.0,-0.1350%,0.0038,0.9621,0.3847,0.2192,4.3937%,4.5058%,4.9127%,-0.0001909999999999,NGVC,13508.0,2019-02-15,252.0,1.8932%,0.0039,0.9807,0.4016,0.2496,4.3918%,4.5067%,5.0352%,0.005946,NGVC,13508.0,2019-02-19,252.0,-1.3935%,0.0038,0.9792,0.3842,0.2301,4.3935%,4.5082%,5.0209%,-0.0178119999999999,NGVC,13508.0,2019-02-20,252.0,-1.6824%,0.0036,0.9704,0.356,0.1967,4.3944%,4.5079%,4.9726%,-0.020895,NGVC,13508.0,2019-02-21,252.0,-1.7112%,0.0037,0.9635,0.3382,0.1842,4.3916%,4.5036%,4.9111%,-0.012919,NGVC,13508.0,2019-02-22,252.0,1.0446%,0.0036,0.9641,0.3184,0.1731,4.3906%,4.5030%,4.9278%,0.00493,NGVC,-0.025762,0.023482,-0.0051319999999999,0.047185,0.006435
37131,NATRL GROCERS BY VIT COTTAGE INC,"Natural Grocers Earlier Reported Q1 EPS $0.10 Beats $0.05 Estimate, Sales $221.515M Beat $217.84M Estimate",6,increase,0.8,0.7,"the company reported better-than-expected earnings and sales, which typically leads to positive investor sentiment and an increase in stock price.",2,2019-02-07,NGVC,2019-02-07 22:27:00+00:00,13508.0,63888U10,0.0,164934.0,-0.0335714481770992,-0.0189208444207906,0.0539542138576507,0.0163818020373582,-0.0161290671676397,0.0353981964290142,0.0555952042341232,-0.0073206024244427,-0.0013504697708413,0.0081180557608604,0.0189316924661397,-0.0095029324293136,-0.0139349726960063,-0.0552485696971416,-0.0168236885219812,-0.022282300516963,-0.0171115677803754,-0.0560866259038448,0.0104457223787903,-0.0350553914904594,-0.024810517206788,0.0323809683322906,0.001413460006006,-0.0241635311394929,-0.0112914498895406,0.0228136666119098,0.0135617116466164,0.0,0.0042253816500306,-0.0031585716642439,-0.0161290671676397,0.0044416049495339,0.0014255493879318,-0.0050505003891885,-0.0654804334044456,0.002531643025577,-0.020563630387187,0.0070108738727867,-0.0046655884943902,-0.0272783394902944,0.0007812678813934,0.0043586362153291,-0.0023419738281518,0.0216284468770027,0.0289514791220426,0.0214424896985292,-0.016729986295104,-0.0191204100847244,-0.0378964208066463,0.0234833434224128,0.0329582653939724,-0.024809181690216,-0.0303502194583416,-0.0075757503509521,-0.0240770615637302,-0.0167598035186529,0.0156250447034835,0.0447471179068088,-0.0340081006288528,-0.0722022056579589,0.0226319786161184,-0.0263619720935821,0.0065573710016906,-0.0029206273611634,-0.0276873093098402,0.0041056661866605,0.011725322343409,-0.0064102918840944,-0.0107615990564227,-0.0445433892309665,0.003347277175635,0.0033519256394356,-0.0350291989743709,-0.0154015775769949,0.0008643240435048,0.0100000165402889,0.025906752794981,0.0416666269302368,0.0370370000600814,-0.0292134024202823,-0.0081168366596102,-0.0089086778461933,0.0171849448233842,0.0262856613844633,0.0144810415804386,-0.0745637118816375,0.006344165187329,-0.0010565482079982,-0.003152085468173,-0.0981419458985328,-0.001580988522619,-0.0259860549122095,-0.0285035353153944,0.0103140790015459,0.0,0.0304347407072782,0.0407497957348823,-0.0376568771898746,-0.0086139859631657,0.011759172193706,-0.0300158075988292,-0.0120817944407463,0.0073290029540658,0.0346154458820819,-0.0088924542069435,-0.0755555927753448,0.0024469601921737,0.3505402207374573,0.0040683639235794,0.0042193909175693,0.0032414880115538,-0.0136741707101464,-0.0177706200629472,-0.0005941906711086,0.0131578827276825,-0.023781893774867,0.0251623727381229,-0.0063400925137102,0.042755339294672,0.0134345516562461,-0.0335714481770992,-0.0189208444207906,0.0185714445860933,-0.0028489999111134,0.0021428373413243,0.032448347059421,0.0564285689210004,0.0332103190050561,0.03642858758292,-0.1389914029289827,-0.1478571202038748,-0.1576414341879268,-0.059285710009642,-0.1822430253348468,2019-02-08,2019-02-11,2019-02-12,2019-02-13,2019-02-14,2019-02-15,2019-02-19,2019-02-20,2019-02-21,2019-02-22,13508.0,2019-02-07,252.0,0.0000%,0.0034,0.8538,0.4137,0.1341,4.4040%,4.5003%,4.2336%,0.007959,NGVC,13508.0,2019-02-08,252.0,-3.3571%,0.0034,0.8593,0.4525,0.1828,4.4052%,4.5013%,4.2250%,-0.033721,NGVC,13508.0,2019-02-11,252.0,5.3954%,0.0034,0.9312,0.4463,0.2171,4.4039%,4.5107%,4.6790%,0.049244,NGVC,13508.0,2019-02-12,252.0,-1.6129%,0.0033,0.92,0.4373,0.213,4.4081%,4.5124%,4.5707%,-0.028614,NGVC,13508.0,2019-02-13,252.0,5.5595%,0.0038,0.9616,0.3871,0.2161,4.3938%,4.5060%,4.9165%,0.052508,NGVC,13508.0,2019-02-14,252.0,-0.1350%,0.0038,0.9621,0.3847,0.2192,4.3937%,4.5058%,4.9127%,-0.0001909999999999,NGVC,13508.0,2019-02-15,252.0,1.8932%,0.0039,0.9807,0.4016,0.2496,4.3918%,4.5067%,5.0352%,0.005946,NGVC,13508.0,2019-02-19,252.0,-1.3935%,0.0038,0.9792,0.3842,0.2301,4.3935%,4.5082%,5.0209%,-0.0178119999999999,NGVC,13508.0,2019-02-20,252.0,-1.6824%,0.0036,0.9704,0.356,0.1967,4.3944%,4.5079%,4.9726%,-0.020895,NGVC,13508.0,2019-02-21,252.0,-1.7112%,0.0037,0.9635,0.3382,0.1842,4.3916%,4.5036%,4.9111%,-0.012919,NGVC,13508.0,2019-02-22,252.0,1.0446%,0.0036,0.9641,0.3184,0.1731,4.3906%,4.5030%,4.9278%,0.00493,NGVC,-0.025762,0.023482,-0.0051319999999999,0.047185,0.006435
37139,N O V INC,National Oilwell Varco shares are trading lower after the company reported mixed Q4 earnings. The company warned of headwinds in the upcoming quarter.,6,decrease,0.8,0.7,"the mixed q4 earnings report and the warning of headwinds suggest potential challenges ahead, likely leading to a decrease in investor confidence and stock price.",0,2019-02-07,NOV,2019-02-07 17:14:00+00:00,84032.0,62955J10,-0.0634401738643646,9381155.0,-0.010125664062798,0.0125827537849545,0.0169312003999948,0.0016584127442911,-0.0006937377038411,0.0080240648239851,0.0242971461266279,0.0145861711353063,-0.0162656567990779,-0.0137169575318694,0.0268687140196561,0.0036937105469405,-0.0194565560668706,-0.0056761293672025,0.0198426246643066,-0.0160972326993942,-0.0352230556309223,0.0360790118575096,-0.0097357677295804,0.0222685933113098,0.0024578545708209,-0.027081960812211,-0.0021015575621277,-0.0298850517719984,0.0080729918554425,0.0221550799906253,-0.0201949831098318,0.0146457869559526,0.0230988468974828,0.001705941511318,-0.0149357514455914,0.002051263814792,-0.0063469782471656,0.0048093227669596,-0.0308729894459247,0.012169693596661,-0.0267301183193922,0.0137468939647078,-0.0267117787152528,0.0146638685837388,0.0243524983525276,0.0082942498847842,0.0162264257669448,0.0374111495912075,0.0063126650638878,0.0400777719914913,-0.0003689839504659,-0.0061871553771197,-0.0207101088017225,0.0062256748788058,0.06193358451128,-0.0027163249906152,0.0014224398182705,-0.0122652240097522,0.0074574216268956,0.0019200935494154,-0.016566839069128,0.0659026056528091,-0.0455197319388389,-0.0320918969810009,0.0,-0.0159843992441892,0.0056328023783862,-0.0213658716529607,-0.0175504554063081,-0.009073787368834,0.0072216093540191,0.0037950808182358,0.0052829957567155,-0.012368812225759,0.0225225370377302,-0.0298181716352701,-0.0029368547257035,-0.0303244218230247,0.0036818992812186,0.0103313475847244,0.0044020148925483,-0.0373799763619899,0.0299489274621009,-0.0218047518283128,0.0042552812956273,-0.0151965972036123,-0.0102400779724121,-0.0429292879998683,0.0231894254684448,-0.0364963710308075,0.0226638633757829,0.0239800829440355,-0.0838731378316879,-0.0189428329467773,0.0245627034455537,0.004295777529478,-0.0127134174108505,0.0190744400024414,0.0025754119269549,-0.0065237367525696,-0.0102752549573779,0.0180264953523874,0.0285502579063177,-0.0285713803023099,0.0057678390294313,0.0229415316134691,-0.0505376309156417,-0.0301737766712904,-0.0018874759553,-0.024962855502963,0.0363085865974426,0.0044776573777198,0.0127737363800406,0.0257195401936769,-0.0580180399119854,-0.007596475072205,-0.0466717407107353,-0.0360281057655811,0.0012038798304274,-0.0317640081048011,0.018436836078763,-0.0117713557556271,0.0114128654822707,-0.0146368071436882,-0.010125664062798,0.0125827537849545,0.0066340966897666,0.0142620339284809,0.0059357566629207,0.02240053823723,0.0136173640519741,0.0230846629507859,-0.0055865881971579,0.0640222731910553,-0.0684622373866518,0.2115689488017198,-0.1009942972536176,-0.1540869089971682,2019-02-08,2019-02-11,2019-02-12,2019-02-13,2019-02-14,2019-02-15,2019-02-19,2019-02-20,2019-02-21,2019-02-22,84032.0,2019-02-07,252.0,-6.3440%,-0.0005,1.2418,0.5206,0.9027,1.6459%,2.0578%,36.0233%,-0.0549059999999999,NOV,84032.0,2019-02-08,252.0,-1.0126%,-0.0003,1.2416,0.556,0.9252,1.6291%,2.0452%,36.5541%,-0.005375,NOV,84032.0,2019-02-11,252.0,1.6931%,-0.0003,1.2371,0.5734,0.9322,1.6299%,2.0317%,35.6432%,0.009295,NOV,84032.0,2019-02-12,252.0,-0.0694%,-0.0003,1.2292,0.5718,0.9285,1.6329%,2.0297%,35.2789%,-0.016148,NOV,84032.0,2019-02-13,252.0,2.4297%,-0.0003,1.2287,0.5807,0.9349,1.6371%,2.0321%,35.0971%,0.019762,NOV,84032.0,2019-02-14,252.0,-1.6266%,-0.0003,1.2316,0.5748,0.9411,1.6385%,2.0346%,35.1481%,-0.011382,NOV,84032.0,2019-02-15,252.0,2.6869%,-0.0004,1.2201,0.5653,0.9235,1.6344%,2.0225%,34.6962%,0.006898,NOV,84032.0,2019-02-19,252.0,-1.9457%,-0.0004,1.2174,0.5458,0.9018,1.6417%,2.0261%,34.3428%,-0.026285,NOV,84032.0,2019-02-20,252.0,1.9843%,-0.0004,1.2197,0.5464,0.9087,1.6421%,2.0282%,34.4472%,0.011269,NOV,84032.0,2019-02-21,252.0,-3.5223%,-0.0006,1.2282,0.5576,0.9245,1.6511%,2.0396%,34.4726%,-0.028338,NOV,84032.0,2019-02-22,252.0,-0.9736%,-0.0005,1.2285,0.5732,0.9426,1.6496%,2.0392%,34.5582%,-0.007295,NOV,-0.0602809999999999,-0.050986,-0.067134,-0.058754,-0.102505
37147,N O V INC,National Oilwell Varco shares are trading higher after the company announced better than expected Q4 revenue despite worse than expected EPS.,6,increase,0.7,0.6,"the better than expected q4 revenue suggests strong business performance, which typically drives stock prices higher, despite the disappointing eps.",2,2019-02-07,NOV,2019-02-07 13:18:00+00:00,84032.0,62955J10,-0.0634401738643646,9381155.0,-0.010125664062798,0.0125827537849545,0.0169312003999948,0.0016584127442911,-0.0006937377038411,0.0080240648239851,0.0242971461266279,0.0145861711353063,-0.0162656567990779,-0.0137169575318694,0.0268687140196561,0.0036937105469405,-0.0194565560668706,-0.0056761293672025,0.0198426246643066,-0.0160972326993942,-0.0352230556309223,0.0360790118575096,-0.0097357677295804,0.0222685933113098,0.0024578545708209,-0.027081960812211,-0.0021015575621277,-0.0298850517719984,0.0080729918554425,0.0221550799906253,-0.0201949831098318,0.0146457869559526,0.0230988468974828,0.001705941511318,-0.0149357514455914,0.002051263814792,-0.0063469782471656,0.0048093227669596,-0.0308729894459247,0.012169693596661,-0.0267301183193922,0.0137468939647078,-0.0267117787152528,0.0146638685837388,0.0243524983525276,0.0082942498847842,0.0162264257669448,0.0374111495912075,0.0063126650638878,0.0400777719914913,-0.0003689839504659,-0.0061871553771197,-0.0207101088017225,0.0062256748788058,0.06193358451128,-0.0027163249906152,0.0014224398182705,-0.0122652240097522,0.0074574216268956,0.0019200935494154,-0.016566839069128,0.0659026056528091,-0.0455197319388389,-0.0320918969810009,0.0,-0.0159843992441892,0.0056328023783862,-0.0213658716529607,-0.0175504554063081,-0.009073787368834,0.0072216093540191,0.0037950808182358,0.0052829957567155,-0.012368812225759,0.0225225370377302,-0.0298181716352701,-0.0029368547257035,-0.0303244218230247,0.0036818992812186,0.0103313475847244,0.0044020148925483,-0.0373799763619899,0.0299489274621009,-0.0218047518283128,0.0042552812956273,-0.0151965972036123,-0.0102400779724121,-0.0429292879998683,0.0231894254684448,-0.0364963710308075,0.0226638633757829,0.0239800829440355,-0.0838731378316879,-0.0189428329467773,0.0245627034455537,0.004295777529478,-0.0127134174108505,0.0190744400024414,0.0025754119269549,-0.0065237367525696,-0.0102752549573779,0.0180264953523874,0.0285502579063177,-0.0285713803023099,0.0057678390294313,0.0229415316134691,-0.0505376309156417,-0.0301737766712904,-0.0018874759553,-0.024962855502963,0.0363085865974426,0.0044776573777198,0.0127737363800406,0.0257195401936769,-0.0580180399119854,-0.007596475072205,-0.0466717407107353,-0.0360281057655811,0.0012038798304274,-0.0317640081048011,0.018436836078763,-0.0117713557556271,0.0114128654822707,-0.0146368071436882,-0.010125664062798,0.0125827537849545,0.0066340966897666,0.0142620339284809,0.0059357566629207,0.02240053823723,0.0136173640519741,0.0230846629507859,-0.0055865881971579,0.0640222731910553,-0.0684622373866518,0.2115689488017198,-0.1009942972536176,-0.1540869089971682,2019-02-08,2019-02-11,2019-02-12,2019-02-13,2019-02-14,2019-02-15,2019-02-19,2019-02-20,2019-02-21,2019-02-22,84032.0,2019-02-07,252.0,-6.3440%,-0.0005,1.2418,0.5206,0.9027,1.6459%,2.0578%,36.0233%,-0.0549059999999999,NOV,84032.0,2019-02-08,252.0,-1.0126%,-0.0003,1.2416,0.556,0.9252,1.6291%,2.0452%,36.5541%,-0.005375,NOV,84032.0,2019-02-11,252.0,1.6931%,-0.0003,1.2371,0.5734,0.9322,1.6299%,2.0317%,35.6432%,0.009295,NOV,84032.0,2019-02-12,252.0,-0.0694%,-0.0003,1.2292,0.5718,0.9285,1.6329%,2.0297%,35.2789%,-0.016148,NOV,84032.0,2019-02-13,252.0,2.4297%,-0.0003,1.2287,0.5807,0.9349,1.6371%,2.0321%,35.0971%,0.019762,NOV,84032.0,2019-02-14,252.0,-1.6266%,-0.0003,1.2316,0.5748,0.9411,1.6385%,2.0346%,35.1481%,-0.011382,NOV,84032.0,2019-02-15,252.0,2.6869%,-0.0004,1.2201,0.5653,0.9235,1.6344%,2.0225%,34.6962%,0.006898,NOV,84032.0,2019-02-19,252.0,-1.9457%,-0.0004,1.2174,0.5458,0.9018,1.6417%,2.0261%,34.3428%,-0.026285,NOV,84032.0,2019-02-20,252.0,1.9843%,-0.0004,1.2197,0.5464,0.9087,1.6421%,2.0282%,34.4472%,0.011269,NOV,84032.0,2019-02-21,252.0,-3.5223%,-0.0006,1.2282,0.5576,0.9245,1.6511%,2.0396%,34.4726%,-0.028338,NOV,84032.0,2019-02-22,252.0,-0.9736%,-0.0005,1.2285,0.5732,0.9426,1.6496%,2.0392%,34.5582%,-0.007295,NOV,-0.0602809999999999,-0.050986,-0.067134,-0.058754,-0.102505
37155,NEWPARK RESOURCES INC,"Newpark Resources Q4 EPS $0.11 Beats $0.10 Estimate, Sales $247.7M Beat $244.32M Estimate",6,increase,0.8,0.6,"the company reported better-than-expected earnings and sales, which typically leads to positive investor sentiment and an increase in stock price.",2,2019-02-07,NR,2019-02-07 21:27:00+00:00,34673.0,65171850,-0.0294117648154497,412023.0,0.1260606050491333,-0.0196078512817621,-0.0021527991630136,0.0093131456524133,0.0129449712112546,0.0094006955623626,-0.0266240667551755,0.0240673646330833,0.0240699462592601,-0.0035970902536064,0.0010684005683287,0.0072464277036488,0.0074706184677779,0.0012091021053493,0.0222457684576511,-0.0131264505907893,-0.0362693704664707,0.023199088871479,-0.0118280220776796,0.0036764380056411,-0.0087051065638661,-0.0227545537054538,-0.0054883905686438,-0.0222481936216354,-0.0044150068424642,0.0401948764920234,-0.0199556872248649,0.0061274743638932,0.0056561301462352,0.0024569414090365,-0.0123735219240188,0.0213300567120313,-0.0261958483606576,-0.0244798380881547,-0.0292397662997245,0.0,-0.0168675109744072,0.0024540440645068,-0.0183823071420192,0.0162093713879585,0.0174780748784542,0.0050125862471759,0.0147240301594138,0.0513833798468112,0.0374848172068595,0.0383037216961383,-0.0174824725836515,0.0152777964249253,-0.0094899078831076,0.0480349250137805,0.0419160984456539,-0.0043478566221892,0.0149425426498055,0.0391566604375839,0.027180042117834,-0.020649017766118,-0.0066151563078165,0.0366972871124744,-0.0543839894235134,-0.0180180016905069,0.0199529472738504,0.0373831428587436,0.0322210229933261,-0.0243160873651504,-0.0211817752569913,-0.0463768355548381,0.0296127833425998,0.0298507902771234,0.0132743241265416,0.0151515007019043,0.0141921527683734,-0.032258104532957,0.0053821518085896,-0.0130245555192232,-0.0074946139939129,0.0390977077186107,0.0097086513414978,-0.024926695972681,0.0170941036194562,-0.025714261457324,-0.0283613912761211,-0.023709911853075,-0.0194594915956258,-0.0297699309885501,0.0198456794023513,-0.0573979951441288,-0.0118918549269437,0.0195058640092611,-0.0054704803042113,0.0039164763875305,-0.0088008716702461,0.0,0.0077691115438938,0.0281879249960184,-0.0187224764376878,0.0108548067510128,-0.013468001037836,-0.0391134545207023,0.0193401686847209,-0.0278833713382482,-0.0066964752040803,0.0233462806791067,-0.0370786450803279,-0.055147036910057,-0.0058342167176306,-0.0144927399232983,-0.1713615506887436,0.0109890298917889,0.0694051384925842,0.0554122850298881,-0.0331125818192958,0.0157068539410829,0.0068492759019136,-0.0242656525224447,-0.0027210859116166,-0.0321384705603122,0.0150068392977118,-0.0217654537409544,0.0188171863555908,-0.006009523756802,0.1260606050491333,-0.0196078512817621,0.1236364227210808,-0.0104773164042666,0.1381818638651224,-0.001175114903731,0.1345454179368042,0.0191846338011021,0.113939351033615,0.0416666855077583,0.0327273345698575,0.2762763066900706,-0.0812121177966949,0.0216346503028044,2019-02-08,2019-02-11,2019-02-12,2019-02-13,2019-02-14,2019-02-15,2019-02-19,2019-02-20,2019-02-21,2019-02-22,34673.0,2019-02-07,252.0,-2.9412%,0.0004,1.3447,1.4346,1.2626,2.1603%,2.5993%,30.9257%,-0.020167,NR,34673.0,2019-02-08,252.0,12.6061%,0.0011,1.3208,1.4359,1.1635,2.3038%,2.7107%,27.7669%,0.132745,NR,34673.0,2019-02-11,252.0,-0.2153%,0.001,1.3248,1.4086,1.1508,2.3061%,2.7060%,27.3767%,-0.016255,NR,34673.0,2019-02-12,252.0,1.2945%,0.0011,1.3372,1.3895,1.1606,2.3007%,2.7057%,27.6977%,-0.003498,NR,34673.0,2019-02-13,252.0,-2.6624%,0.0009,1.3249,1.3968,1.1538,2.3079%,2.7070%,27.3078%,-0.032114,NR,34673.0,2019-02-14,252.0,2.4070%,0.001,1.3201,1.4112,1.1364,2.3113%,2.7096%,27.2420%,0.026181,NR,34673.0,2019-02-15,252.0,0.1068%,0.0009,1.2981,1.3888,1.0973,2.3156%,2.6997%,26.4356%,-0.022931,NR,34673.0,2019-02-19,252.0,0.7471%,0.0008,1.2961,1.3887,1.0974,2.3155%,2.6991%,26.4067%,-0.002415,NR,34673.0,2019-02-20,252.0,2.2246%,0.0009,1.2984,1.3922,1.1053,2.3162%,2.7016%,26.4976%,0.0105929999999999,NR,34673.0,2019-02-21,252.0,-3.6269%,0.0008,1.3041,1.3974,1.1159,2.3233%,2.7092%,26.4639%,-0.028048,NR,34673.0,2019-02-22,252.0,-1.1828%,0.0007,1.3058,1.3985,1.1367,2.3245%,2.7102%,26.4387%,-0.011687,NR,0.112578,0.0963229999999999,0.0928249999999999,0.086892,0.0324039999999999
37163,NEWS CORP NEW,"News Q2 EPS $0.18 Beats $0.16 Estimate, Sales $2.63B Miss $2.64B Estimate",6,uncertain,0.6,0.2,"while the eps beat expectations, the sales miss could lead to mixed investor reactions, making the overall impact on the stock price uncertain.",1,2019-02-07,NWSA,2019-02-07 21:20:00+00:00,13963.0,65249B10,-0.0162538737058639,3517103.0,-0.0196695514023304,-0.0046224552206695,-0.0192616190761327,0.008546981960535,0.0147298974916338,0.0102040907368063,0.0032258033752441,-0.0070148208178579,0.0048231850378215,0.012628243304789,0.0199999995529651,-0.0039308327250182,0.0007843316998332,0.0071259029209613,0.0094043798744678,-0.0047280904836952,-0.0062111741863191,0.0200964640825986,0.0140624493360519,0.0221856608986854,0.0030817347578704,-0.0145749226212501,0.0,-0.0135782808065414,0.0015360601246356,0.0064309388399124,-0.0015337043441832,0.0048464834690093,0.0176650956273078,0.0,-0.0007547342684119,0.0073230392299592,-0.0045316820032894,0.0040849829092621,-0.0045523839071393,0.004926064517349,-0.0167683139443397,-0.0024569805245846,-0.0077518937177956,0.0041118576191365,0.0187499821186065,0.0150250680744648,-0.0053681037388741,0.0178418923169374,-0.0101010194048285,0.0434397831559181,-0.0078492490574717,-0.009657647460699,0.0,0.0035242256708443,-0.0015823146095499,0.0088889226317405,-0.0063391383737325,0.0035682392772287,0.0047847223468124,0.0026833391748368,0.019841268658638,0.0285188984125852,-0.0171206425875425,-0.0153985572978854,-0.0055423351004719,-0.0264550428837537,-0.011146523989737,-0.0422297306358814,-0.0088566550984978,-0.0108604934066534,0.0056864088401198,-0.0082849571481347,0.0048464834690093,-0.0146939028054475,0.0064309388399124,-0.0277778077870607,-0.0063898460939526,-0.0102120321244001,0.0040193079039454,0.0216693021357059,0.0008006588323041,-0.005586567800492,0.0040000150911509,0.0137540521100163,-0.0023904170375317,-0.0088212192058563,0.0,-0.0325834043323993,0.0103833191096782,-0.0308270566165447,-0.0086956257000565,0.0246533639729023,0.0087719028815627,-0.0174110904335975,-0.0086956257000565,0.0060929111205041,0.0103668356314301,0.0202020388096571,-0.0063141216523945,-0.012279343791306,-0.0055599440820515,0.0333069078624248,-0.0063898460939526,0.0015885229222476,0.0048231850378215,-0.0007936689071357,0.0008000183152034,-0.052631564438343,-0.0127897560596466,-0.0198967959731817,0.0089068543165922,0.0,-0.0016051732236519,-0.0173787623643875,-0.0016076772008091,0.0109810084104538,-0.0040257801301777,-0.0021913610398769,-0.0088924542069435,-0.038623608648777,0.0065252790227532,0.0070720952935516,-0.0251215901225805,0.0528667196631431,-0.0196695514023304,-0.0046224552206695,-0.0385523030719531,0.0038850186984811,-0.0243902770526355,0.0141287525186009,-0.016522426530084,0.0197316492049839,0.0212430763206634,0.0616269504240423,0.0014268499457055,0.1702898675903024,-0.0461469035423963,-0.0379746982767991,2019-02-08,2019-02-11,2019-02-12,2019-02-13,2019-02-14,2019-02-15,2019-02-19,2019-02-20,2019-02-21,2019-02-22,13963.0,2019-02-07,252.0,-1.6254%,-0.0008,0.9608,0.0631,0.2537,1.4825%,1.7852%,31.0288%,-0.008293,NWSA,13963.0,2019-02-08,252.0,-1.9670%,-0.0008,0.9636,0.077,0.2748,1.4854%,1.7872%,30.9195%,-0.018915,NWSA,13963.0,2019-02-11,252.0,-1.9262%,-0.001,0.9712,0.0413,0.2594,1.4901%,1.7842%,30.2464%,-0.021851,NWSA,13963.0,2019-02-12,252.0,1.4730%,-0.0009,0.9755,0.0379,0.2623,1.4899%,1.7860%,30.4122%,0.001854,NWSA,13963.0,2019-02-13,252.0,0.3226%,-0.0009,0.9816,0.0281,0.2608,1.4877%,1.7862%,30.6292%,0.000188,NWSA,13963.0,2019-02-14,252.0,0.4823%,-0.001,0.9776,0.032,0.2597,1.4781%,1.7761%,30.7399%,0.008151,NWSA,13963.0,2019-02-15,252.0,2.0000%,-0.0009,0.9898,0.0439,0.2807,1.4781%,1.7801%,31.0523%,0.007527,NWSA,13963.0,2019-02-19,252.0,0.0784%,-0.0009,0.9919,0.0398,0.276,1.4774%,1.7801%,31.1176%,-0.002166,NWSA,13963.0,2019-02-20,252.0,0.9404%,-0.0008,0.9944,0.0483,0.2856,1.4773%,1.7808%,31.1796%,0.005814,NWSA,13963.0,2019-02-21,252.0,-0.6211%,-0.0008,0.9906,0.0403,0.2786,1.4756%,1.7774%,31.0743%,-0.001941,NWSA,13963.0,2019-02-22,252.0,1.4062%,-0.0008,0.9892,0.0324,0.2552,1.4767%,1.7796%,31.1395%,0.0113979999999999,NWSA,-0.027208,-0.049059,-0.047205,-0.038866,-0.018234
37171,N X P SEMICONDUCTORS N V,NXP Semiconductors Sees Q1 Sales $2.02B-$-2.16B vs $2.26B Est.,6,decrease,0.8,0.7,"the forecasted sales for q1 are below the expected estimate, which is likely to negatively impact investor sentiment and lead to a decrease in stock price.",0,2019-02-07,NXPI,2019-02-07 14:32:00+00:00,12084.0,N6596X10,-0.0186045821756124,8800220.0,-0.0354899279773235,0.0244902390986681,0.0198834165930748,0.0173619054257869,0.0445938743650913,0.0033936132676899,-0.0144803822040557,0.0157417301088571,-0.0014148590853437,-0.0078659644350409,0.0140599552541971,0.0230931118130683,-0.0058039650321006,0.0009338571107946,0.0189189184457063,0.0049273325130343,0.0010609917808324,0.0117507167160511,0.0016958522610366,0.0678073316812515,0.027827713638544,-0.0024022608995437,-0.031295046210289,-0.0210422649979591,-0.0241232383996248,0.020849147811532,-0.0055537638254463,0.0102119361981749,0.0320849791169166,0.0034583916421979,-0.0081697255373001,-0.0068693668581545,-0.0019255487713962,-0.0109461843967437,-0.0152197834104299,-0.0068723657168447,0.0239443257451057,0.0011257985606789,-0.0095663424581289,0.0457875430583953,0.01180509198457,0.005657154135406,-0.0030759538058191,0.007422202732414,-0.0062772245146334,0.0483534187078476,-0.0058886837214231,-0.040783654898405,0.0084006329998373,0.0238810051232576,-0.0118869207799434,0.015943456441164,0.0059608006849884,-0.0120532102882862,-0.0192846469581127,0.0172774922102689,0.0358123928308486,0.0599615648388862,-0.038498219102621,-0.0373897850513458,-0.0190823208540678,-0.0223766602575779,0.0040481346659362,0.0089748902246356,-0.0217269845306873,-0.0740164220333099,-0.0163709260523319,0.0231168530881404,0.0287476871162653,-0.0296506769955158,0.0678809806704521,-0.0159837901592254,-0.0169509314000606,-0.0082768499851226,0.0365341007709503,0.0109026450663805,0.0040548904798924,0.0378946997225284,0.0163612086325883,-0.0065359477885067,0.0046866945922374,-0.0676417201757431,-0.0103438217192888,0.0028110896237194,0.0055333632044494,-0.0449398681521415,-0.0048914272338151,0.0275878049433231,0.0275473091751337,0.0055481735616922,-0.0110623184591531,-0.0013248973991721,0.0144109670072794,0.0263320226222276,0.0050665060989558,-0.0128142908215522,-0.0057329428382217,-0.0081103760749101,-0.0210756063461303,-0.0063747749663889,0.0056869862601161,0.0212504062801599,0.0111077297478914,0.0006145901279523,-0.0244681611657142,-0.0424855910241603,0.0135135101154446,0.0041361199691891,-0.011111095547676,0.0309454295784235,0.0788559839129448,0.0040367194451391,-0.0059648253954946,0.031155414879322,0.0153347998857498,-0.0526945106685161,0.0138837089762091,-0.0109903132542967,-0.0190600026398897,-0.0097132148221135,-0.0354899279773235,0.0244902390986681,-0.01631217240708,0.042277341739541,0.0275542789910683,0.0458144279550809,0.0112421080126814,0.0539215205181189,0.0416620569339203,0.1717363171942072,0.0019036497724369,0.3143304158805491,0.17165030662374,0.0853504171354477,2019-02-08,2019-02-11,2019-02-12,2019-02-13,2019-02-14,2019-02-15,2019-02-19,2019-02-20,2019-02-21,2019-02-22,12084.0,2019-02-07,252.0,-1.8605%,-0.001,1.084,0.5795,-0.2395,2.2344%,2.5866%,25.3787%,-0.007017,NXPI,12084.0,2019-02-08,252.0,-3.5490%,-0.0011,1.0902,0.5995,-0.2005,2.2454%,2.5944%,25.0905%,-0.038508,NXPI,12084.0,2019-02-11,252.0,1.9883%,-0.0012,1.1374,0.5761,-0.1884,2.2373%,2.5975%,25.8161%,0.014761,NXPI,12084.0,2019-02-12,252.0,4.4594%,-0.001,1.1603,0.5686,-0.1754,2.2436%,2.6131%,26.2800%,0.028589,NXPI,12084.0,2019-02-13,252.0,-1.4480%,-0.001,1.1606,0.5612,-0.1809,2.2459%,2.6142%,26.1952%,-0.0180479999999999,NXPI,12084.0,2019-02-14,252.0,-0.1415%,-0.001,1.1615,0.5604,-0.1806,2.2455%,2.6142%,26.2150%,-0.003045,NXPI,12084.0,2019-02-15,252.0,1.4060%,-0.0009,1.1862,0.5827,-0.1403,2.2381%,2.6149%,26.7463%,0.000302,NXPI,12084.0,2019-02-19,252.0,-0.5804%,-0.0009,1.1831,0.5793,-0.1438,2.2385%,2.6126%,26.5832%,-0.009427,NXPI,12084.0,2019-02-20,252.0,1.8919%,-0.0009,1.1867,0.5819,-0.1325,2.2398%,2.6139%,26.5784%,0.016087,NXPI,12084.0,2019-02-21,252.0,0.1061%,-0.0012,1.2104,0.6317,-0.0891,2.1963%,2.5862%,27.8761%,0.005455,NXPI,12084.0,2019-02-22,252.0,0.1696%,-0.0012,1.212,0.627,-0.0751,2.1971%,2.5862%,27.8234%,-0.011056,NXPI,-0.045525,-0.030764,-0.002175,-0.0232679999999999,-0.0219069999999999
37179,N X P SEMICONDUCTORS N V,"NXP Semiconductors Late Wednesday Reported Q4 EPS $2.13 Beats $2.08 Estimate, Sales $2.403B Beat $2.38B Estimate",6,increase,0.8,0.6,"the company reported better-than-expected earnings and sales, which typically leads to positive investor sentiment and an increase in stock price.",2,2019-02-07,NXPI,2019-02-07 14:30:00+00:00,12084.0,N6596X10,-0.0186045821756124,8800220.0,-0.0354899279773235,0.0244902390986681,0.0198834165930748,0.0173619054257869,0.0445938743650913,0.0033936132676899,-0.0144803822040557,0.0157417301088571,-0.0014148590853437,-0.0078659644350409,0.0140599552541971,0.0230931118130683,-0.0058039650321006,0.0009338571107946,0.0189189184457063,0.0049273325130343,0.0010609917808324,0.0117507167160511,0.0016958522610366,0.0678073316812515,0.027827713638544,-0.0024022608995437,-0.031295046210289,-0.0210422649979591,-0.0241232383996248,0.020849147811532,-0.0055537638254463,0.0102119361981749,0.0320849791169166,0.0034583916421979,-0.0081697255373001,-0.0068693668581545,-0.0019255487713962,-0.0109461843967437,-0.0152197834104299,-0.0068723657168447,0.0239443257451057,0.0011257985606789,-0.0095663424581289,0.0457875430583953,0.01180509198457,0.005657154135406,-0.0030759538058191,0.007422202732414,-0.0062772245146334,0.0483534187078476,-0.0058886837214231,-0.040783654898405,0.0084006329998373,0.0238810051232576,-0.0118869207799434,0.015943456441164,0.0059608006849884,-0.0120532102882862,-0.0192846469581127,0.0172774922102689,0.0358123928308486,0.0599615648388862,-0.038498219102621,-0.0373897850513458,-0.0190823208540678,-0.0223766602575779,0.0040481346659362,0.0089748902246356,-0.0217269845306873,-0.0740164220333099,-0.0163709260523319,0.0231168530881404,0.0287476871162653,-0.0296506769955158,0.0678809806704521,-0.0159837901592254,-0.0169509314000606,-0.0082768499851226,0.0365341007709503,0.0109026450663805,0.0040548904798924,0.0378946997225284,0.0163612086325883,-0.0065359477885067,0.0046866945922374,-0.0676417201757431,-0.0103438217192888,0.0028110896237194,0.0055333632044494,-0.0449398681521415,-0.0048914272338151,0.0275878049433231,0.0275473091751337,0.0055481735616922,-0.0110623184591531,-0.0013248973991721,0.0144109670072794,0.0263320226222276,0.0050665060989558,-0.0128142908215522,-0.0057329428382217,-0.0081103760749101,-0.0210756063461303,-0.0063747749663889,0.0056869862601161,0.0212504062801599,0.0111077297478914,0.0006145901279523,-0.0244681611657142,-0.0424855910241603,0.0135135101154446,0.0041361199691891,-0.011111095547676,0.0309454295784235,0.0788559839129448,0.0040367194451391,-0.0059648253954946,0.031155414879322,0.0153347998857498,-0.0526945106685161,0.0138837089762091,-0.0109903132542967,-0.0190600026398897,-0.0097132148221135,-0.0354899279773235,0.0244902390986681,-0.01631217240708,0.042277341739541,0.0275542789910683,0.0458144279550809,0.0112421080126814,0.0539215205181189,0.0416620569339203,0.1717363171942072,0.0019036497724369,0.3143304158805491,0.17165030662374,0.0853504171354477,2019-02-08,2019-02-11,2019-02-12,2019-02-13,2019-02-14,2019-02-15,2019-02-19,2019-02-20,2019-02-21,2019-02-22,12084.0,2019-02-07,252.0,-1.8605%,-0.001,1.084,0.5795,-0.2395,2.2344%,2.5866%,25.3787%,-0.007017,NXPI,12084.0,2019-02-08,252.0,-3.5490%,-0.0011,1.0902,0.5995,-0.2005,2.2454%,2.5944%,25.0905%,-0.038508,NXPI,12084.0,2019-02-11,252.0,1.9883%,-0.0012,1.1374,0.5761,-0.1884,2.2373%,2.5975%,25.8161%,0.014761,NXPI,12084.0,2019-02-12,252.0,4.4594%,-0.001,1.1603,0.5686,-0.1754,2.2436%,2.6131%,26.2800%,0.028589,NXPI,12084.0,2019-02-13,252.0,-1.4480%,-0.001,1.1606,0.5612,-0.1809,2.2459%,2.6142%,26.1952%,-0.0180479999999999,NXPI,12084.0,2019-02-14,252.0,-0.1415%,-0.001,1.1615,0.5604,-0.1806,2.2455%,2.6142%,26.2150%,-0.003045,NXPI,12084.0,2019-02-15,252.0,1.4060%,-0.0009,1.1862,0.5827,-0.1403,2.2381%,2.6149%,26.7463%,0.000302,NXPI,12084.0,2019-02-19,252.0,-0.5804%,-0.0009,1.1831,0.5793,-0.1438,2.2385%,2.6126%,26.5832%,-0.009427,NXPI,12084.0,2019-02-20,252.0,1.8919%,-0.0009,1.1867,0.5819,-0.1325,2.2398%,2.6139%,26.5784%,0.016087,NXPI,12084.0,2019-02-21,252.0,0.1061%,-0.0012,1.2104,0.6317,-0.0891,2.1963%,2.5862%,27.8761%,0.005455,NXPI,12084.0,2019-02-22,252.0,0.1696%,-0.0012,1.212,0.627,-0.0751,2.1971%,2.5862%,27.8234%,-0.011056,NXPI,-0.045525,-0.030764,-0.002175,-0.0232679999999999,-0.0219069999999999
37187,N X P SEMICONDUCTORS N V,NXP Semiconductors shares are trading lower after the company said it expects Q1 revenue of $2.02B to $2.16B versus the $2.26B analyst estimate.,6,decrease,0.8,0.7,"the company's revenue guidance for q1 is below analyst expectations, which typically leads to a negative reaction in stock prices.",0,2019-02-07,NXPI,2019-02-07 13:20:00+00:00,12084.0,N6596X10,-0.0186045821756124,8800220.0,-0.0354899279773235,0.0244902390986681,0.0198834165930748,0.0173619054257869,0.0445938743650913,0.0033936132676899,-0.0144803822040557,0.0157417301088571,-0.0014148590853437,-0.0078659644350409,0.0140599552541971,0.0230931118130683,-0.0058039650321006,0.0009338571107946,0.0189189184457063,0.0049273325130343,0.0010609917808324,0.0117507167160511,0.0016958522610366,0.0678073316812515,0.027827713638544,-0.0024022608995437,-0.031295046210289,-0.0210422649979591,-0.0241232383996248,0.020849147811532,-0.0055537638254463,0.0102119361981749,0.0320849791169166,0.0034583916421979,-0.0081697255373001,-0.0068693668581545,-0.0019255487713962,-0.0109461843967437,-0.0152197834104299,-0.0068723657168447,0.0239443257451057,0.0011257985606789,-0.0095663424581289,0.0457875430583953,0.01180509198457,0.005657154135406,-0.0030759538058191,0.007422202732414,-0.0062772245146334,0.0483534187078476,-0.0058886837214231,-0.040783654898405,0.0084006329998373,0.0238810051232576,-0.0118869207799434,0.015943456441164,0.0059608006849884,-0.0120532102882862,-0.0192846469581127,0.0172774922102689,0.0358123928308486,0.0599615648388862,-0.038498219102621,-0.0373897850513458,-0.0190823208540678,-0.0223766602575779,0.0040481346659362,0.0089748902246356,-0.0217269845306873,-0.0740164220333099,-0.0163709260523319,0.0231168530881404,0.0287476871162653,-0.0296506769955158,0.0678809806704521,-0.0159837901592254,-0.0169509314000606,-0.0082768499851226,0.0365341007709503,0.0109026450663805,0.0040548904798924,0.0378946997225284,0.0163612086325883,-0.0065359477885067,0.0046866945922374,-0.0676417201757431,-0.0103438217192888,0.0028110896237194,0.0055333632044494,-0.0449398681521415,-0.0048914272338151,0.0275878049433231,0.0275473091751337,0.0055481735616922,-0.0110623184591531,-0.0013248973991721,0.0144109670072794,0.0263320226222276,0.0050665060989558,-0.0128142908215522,-0.0057329428382217,-0.0081103760749101,-0.0210756063461303,-0.0063747749663889,0.0056869862601161,0.0212504062801599,0.0111077297478914,0.0006145901279523,-0.0244681611657142,-0.0424855910241603,0.0135135101154446,0.0041361199691891,-0.011111095547676,0.0309454295784235,0.0788559839129448,0.0040367194451391,-0.0059648253954946,0.031155414879322,0.0153347998857498,-0.0526945106685161,0.0138837089762091,-0.0109903132542967,-0.0190600026398897,-0.0097132148221135,-0.0354899279773235,0.0244902390986681,-0.01631217240708,0.042277341739541,0.0275542789910683,0.0458144279550809,0.0112421080126814,0.0539215205181189,0.0416620569339203,0.1717363171942072,0.0019036497724369,0.3143304158805491,0.17165030662374,0.0853504171354477,2019-02-08,2019-02-11,2019-02-12,2019-02-13,2019-02-14,2019-02-15,2019-02-19,2019-02-20,2019-02-21,2019-02-22,12084.0,2019-02-07,252.0,-1.8605%,-0.001,1.084,0.5795,-0.2395,2.2344%,2.5866%,25.3787%,-0.007017,NXPI,12084.0,2019-02-08,252.0,-3.5490%,-0.0011,1.0902,0.5995,-0.2005,2.2454%,2.5944%,25.0905%,-0.038508,NXPI,12084.0,2019-02-11,252.0,1.9883%,-0.0012,1.1374,0.5761,-0.1884,2.2373%,2.5975%,25.8161%,0.014761,NXPI,12084.0,2019-02-12,252.0,4.4594%,-0.001,1.1603,0.5686,-0.1754,2.2436%,2.6131%,26.2800%,0.028589,NXPI,12084.0,2019-02-13,252.0,-1.4480%,-0.001,1.1606,0.5612,-0.1809,2.2459%,2.6142%,26.1952%,-0.0180479999999999,NXPI,12084.0,2019-02-14,252.0,-0.1415%,-0.001,1.1615,0.5604,-0.1806,2.2455%,2.6142%,26.2150%,-0.003045,NXPI,12084.0,2019-02-15,252.0,1.4060%,-0.0009,1.1862,0.5827,-0.1403,2.2381%,2.6149%,26.7463%,0.000302,NXPI,12084.0,2019-02-19,252.0,-0.5804%,-0.0009,1.1831,0.5793,-0.1438,2.2385%,2.6126%,26.5832%,-0.009427,NXPI,12084.0,2019-02-20,252.0,1.8919%,-0.0009,1.1867,0.5819,-0.1325,2.2398%,2.6139%,26.5784%,0.016087,NXPI,12084.0,2019-02-21,252.0,0.1061%,-0.0012,1.2104,0.6317,-0.0891,2.1963%,2.5862%,27.8761%,0.005455,NXPI,12084.0,2019-02-22,252.0,0.1696%,-0.0012,1.212,0.627,-0.0751,2.1971%,2.5862%,27.8234%,-0.011056,NXPI,-0.045525,-0.030764,-0.002175,-0.0232679999999999,-0.0219069999999999
37195,ORION ENERGY SYSTEMS INC,Orion Energy Systems Reaffirms FY19 Sales Growth Guidance Of 5%-10%,6,increase,0.7,0.6,"reaffirming sales growth guidance suggests stability and positive outlook, which can boost investor confidence and potentially increase the stock price.",2,2019-02-07,OESX,2019-02-07 13:13:00+00:00,92466.0,68627510,-0.0699999928474426,81855.0,0.03258066624403,0.1111111417412758,-0.028428616002202,0.0227272510528564,-0.0087889060378074,0.0267179850488901,0.0050821853801608,-0.0260227099061012,-0.0420656166970729,-0.0112359449267387,0.0613207556307315,-0.0111111011356115,0.0264550652354955,0.0001110756638809,-0.0206185970455408,0.0,0.0736842006444931,0.008065422065556,0.0,-0.0190109983086586,0.0,-0.0108695542439818,-0.01960782520473,-0.0315789170563221,0.0399999618530273,0.0,0.0,-0.040404062718153,-0.0192307513207197,0.1001222208142281,-0.009803912602365,0.0463953539729118,-0.0099009806290268,0.0238095726817846,0.0,0.0499999523162841,0.0,-0.0123456669971346,-0.0149000287055969,0.0,-0.0121814692392945,0.0800000056624412,-0.0031856724526733,0.0714285895228385,0.0154639026150107,-0.0223464127629995,-0.0167512651532888,0.0654762387275695,-0.0036138815339654,0.1768826842308044,-0.0154403829947114,-0.0387205444276332,-0.0001052695442922,0.0067796749062836,0.0194737166166305,0.0535713769495487,-0.0129066053777933,-0.0177162028849124,-0.0543932914733886,0.0365454480051994,0.0176991503685712,-0.0517240911722183,-0.0021739497315138,-0.0501146614551544,-0.0152505431324243,-0.0076385587453842,-0.0044247875921428,-0.0409912914037704,-0.0161110702902078,-0.0632208734750747,0.0276679974049329,-0.0072474204935133,0.0549449995160102,-0.0212796777486801,0.291666716337204,-0.034383550286293,0.024193525314331,0.0141706354916095,0.0393701344728469,-0.0305724069476127,0.0909090936183929,0.0102040721103549,0.0972222089767456,0.0068493084982037,0.0189873222261667,-0.0650614351034164,-0.0241615008562803,0.0253446940332651,0.0247597340494394,-0.0481250137090683,-0.0062111741863191,0.0389610789716243,0.012499988079071,0.0131578827276825,-0.0123456669971346,0.0,0.012499988079071,-0.0256410017609596,-0.0123456669971346,-0.0247561987489461,-0.0062499940395355,-0.0125926220789551,-0.006289301905781,-0.0120746120810508,0.0126582151278853,0.0931999683380127,-0.0062499940395355,0.0,0.0,-0.0625000149011612,0.006289301905781,-0.0123456669971346,0.0187499821186065,-0.035714253783226,-0.012269927188754,-0.0453460700809955,0.018633522093296,0.0055999755859375,-0.0060975551605224,-0.0056818127632141,0.03258066624403,0.1111111417412757,0.0032258269920806,0.1363636436072557,-0.0055914305360544,0.1667249904472567,-0.0425806614625153,0.1235955251545164,0.096774161981239,0.0989010689445981,-0.0279570145145984,0.8181817790644197,0.7526881655638575,0.1363636277181839,2019-02-08,2019-02-11,2019-02-12,2019-02-13,2019-02-14,2019-02-15,2019-02-19,2019-02-20,2019-02-21,2019-02-22,92466.0,2019-02-07,252.0,-7.0000%,0.0013,0.153,1.2472,0.3997,3.6801%,3.7339%,2.8588%,-0.068872,OESX,92466.0,2019-02-08,252.0,3.2581%,0.0015,0.1467,1.2585,0.3807,3.6837%,3.7380%,2.8874%,0.034477,OESX,92466.0,2019-02-11,252.0,-2.8429%,0.0014,0.1112,1.2389,0.3514,3.6895%,3.7417%,2.7731%,-0.037916,OESX,92466.0,2019-02-12,252.0,-0.8789%,0.0012,0.0807,1.2694,0.3304,3.6807%,3.7352%,2.8975%,-0.010051,OESX,92466.0,2019-02-13,252.0,0.5082%,0.0012,0.0811,1.2698,0.3311,3.6807%,3.7351%,2.8904%,0.003763,OESX,92466.0,2019-02-14,252.0,-4.2066%,0.001,0.0913,1.2431,0.3621,3.6915%,3.7435%,2.7613%,-0.046678,OESX,92466.0,2019-02-15,252.0,6.1321%,0.001,0.0924,1.25,0.3717,3.6979%,3.7504%,2.7795%,0.055344,OESX,92466.0,2019-02-19,252.0,2.6455%,0.0011,0.0997,1.2582,0.3803,3.6996%,3.7529%,2.8201%,0.021439,OESX,92466.0,2019-02-20,252.0,-2.0619%,0.0012,0.0951,1.2611,0.3673,3.6986%,3.7521%,2.8327%,-0.025768,OESX,92466.0,2019-02-21,252.0,7.3684%,0.0014,0.084,1.2549,0.3463,3.7267%,3.7791%,2.7534%,0.075664,OESX,92466.0,2019-02-22,252.0,0.0000%,0.0013,0.0852,1.2373,0.3446,3.7260%,3.7764%,2.6537%,-0.002457,OESX,-0.034395,-0.072311,-0.082362,-0.125277,-0.0010549999999999
37203,ORION ENERGY SYSTEMS INC,"Orion Energy Systems Q3 EPS $(0.02) Beats $(0.05) Estimate, Sales $16.3M Miss $17.48M Estimate",6,decrease,0.7,0.6,"while the eps beat expectations, the significant miss in sales suggests underlying weaknesses that could lead to a decrease in stock price.",0,2019-02-07,OESX,2019-02-07 13:12:00+00:00,92466.0,68627510,-0.0699999928474426,81855.0,0.03258066624403,0.1111111417412758,-0.028428616002202,0.0227272510528564,-0.0087889060378074,0.0267179850488901,0.0050821853801608,-0.0260227099061012,-0.0420656166970729,-0.0112359449267387,0.0613207556307315,-0.0111111011356115,0.0264550652354955,0.0001110756638809,-0.0206185970455408,0.0,0.0736842006444931,0.008065422065556,0.0,-0.0190109983086586,0.0,-0.0108695542439818,-0.01960782520473,-0.0315789170563221,0.0399999618530273,0.0,0.0,-0.040404062718153,-0.0192307513207197,0.1001222208142281,-0.009803912602365,0.0463953539729118,-0.0099009806290268,0.0238095726817846,0.0,0.0499999523162841,0.0,-0.0123456669971346,-0.0149000287055969,0.0,-0.0121814692392945,0.0800000056624412,-0.0031856724526733,0.0714285895228385,0.0154639026150107,-0.0223464127629995,-0.0167512651532888,0.0654762387275695,-0.0036138815339654,0.1768826842308044,-0.0154403829947114,-0.0387205444276332,-0.0001052695442922,0.0067796749062836,0.0194737166166305,0.0535713769495487,-0.0129066053777933,-0.0177162028849124,-0.0543932914733886,0.0365454480051994,0.0176991503685712,-0.0517240911722183,-0.0021739497315138,-0.0501146614551544,-0.0152505431324243,-0.0076385587453842,-0.0044247875921428,-0.0409912914037704,-0.0161110702902078,-0.0632208734750747,0.0276679974049329,-0.0072474204935133,0.0549449995160102,-0.0212796777486801,0.291666716337204,-0.034383550286293,0.024193525314331,0.0141706354916095,0.0393701344728469,-0.0305724069476127,0.0909090936183929,0.0102040721103549,0.0972222089767456,0.0068493084982037,0.0189873222261667,-0.0650614351034164,-0.0241615008562803,0.0253446940332651,0.0247597340494394,-0.0481250137090683,-0.0062111741863191,0.0389610789716243,0.012499988079071,0.0131578827276825,-0.0123456669971346,0.0,0.012499988079071,-0.0256410017609596,-0.0123456669971346,-0.0247561987489461,-0.0062499940395355,-0.0125926220789551,-0.006289301905781,-0.0120746120810508,0.0126582151278853,0.0931999683380127,-0.0062499940395355,0.0,0.0,-0.0625000149011612,0.006289301905781,-0.0123456669971346,0.0187499821186065,-0.035714253783226,-0.012269927188754,-0.0453460700809955,0.018633522093296,0.0055999755859375,-0.0060975551605224,-0.0056818127632141,0.03258066624403,0.1111111417412757,0.0032258269920806,0.1363636436072557,-0.0055914305360544,0.1667249904472567,-0.0425806614625153,0.1235955251545164,0.096774161981239,0.0989010689445981,-0.0279570145145984,0.8181817790644197,0.7526881655638575,0.1363636277181839,2019-02-08,2019-02-11,2019-02-12,2019-02-13,2019-02-14,2019-02-15,2019-02-19,2019-02-20,2019-02-21,2019-02-22,92466.0,2019-02-07,252.0,-7.0000%,0.0013,0.153,1.2472,0.3997,3.6801%,3.7339%,2.8588%,-0.068872,OESX,92466.0,2019-02-08,252.0,3.2581%,0.0015,0.1467,1.2585,0.3807,3.6837%,3.7380%,2.8874%,0.034477,OESX,92466.0,2019-02-11,252.0,-2.8429%,0.0014,0.1112,1.2389,0.3514,3.6895%,3.7417%,2.7731%,-0.037916,OESX,92466.0,2019-02-12,252.0,-0.8789%,0.0012,0.0807,1.2694,0.3304,3.6807%,3.7352%,2.8975%,-0.010051,OESX,92466.0,2019-02-13,252.0,0.5082%,0.0012,0.0811,1.2698,0.3311,3.6807%,3.7351%,2.8904%,0.003763,OESX,92466.0,2019-02-14,252.0,-4.2066%,0.001,0.0913,1.2431,0.3621,3.6915%,3.7435%,2.7613%,-0.046678,OESX,92466.0,2019-02-15,252.0,6.1321%,0.001,0.0924,1.25,0.3717,3.6979%,3.7504%,2.7795%,0.055344,OESX,92466.0,2019-02-19,252.0,2.6455%,0.0011,0.0997,1.2582,0.3803,3.6996%,3.7529%,2.8201%,0.021439,OESX,92466.0,2019-02-20,252.0,-2.0619%,0.0012,0.0951,1.2611,0.3673,3.6986%,3.7521%,2.8327%,-0.025768,OESX,92466.0,2019-02-21,252.0,7.3684%,0.0014,0.084,1.2549,0.3463,3.7267%,3.7791%,2.7534%,0.075664,OESX,92466.0,2019-02-22,252.0,0.0000%,0.0013,0.0852,1.2373,0.3446,3.7260%,3.7764%,2.6537%,-0.002457,OESX,-0.034395,-0.072311,-0.082362,-0.125277,-0.0010549999999999
37211,CORPORATE OFFICE PROPERTIES TR,"COPT Sees Q1 EPS $0.14-$0.15 vs $0.16 Est., Sees FY19 EPS $0.62-$0.66 vs $0.78 Est.",6,decrease,0.8,0.7,"the company's q1 eps and fy19 eps guidance are both below analyst estimates, which typically leads to a negative reaction in stock prices.",0,2019-02-07,OFC,2019-02-07 21:20:00+00:00,77239.0,22002T10,0.0147822182625532,857236.0,0.0027558936271816,-0.0051668984815478,0.0164899919182062,0.0055954991839826,-0.0073386877775192,0.0216415151953697,-0.0081712445244193,-0.008100476115942,0.0141232097521424,0.0040667094290256,0.0119922421872615,0.0090274643152952,-0.0061162021011114,0.0091097811236977,0.0057692159898579,0.0008288627723231,-0.0030592705588787,0.0159999653697013,0.0084388656541705,0.0055037746205925,-0.0041841235943138,-0.0004231198399793,-0.0091672940179705,0.0068172072060406,0.0042405049316585,0.0055698012001812,-0.00230324245058,0.0030081518925726,-0.0069257523864507,0.0034497594460844,-0.0042618638835847,0.0065103997476398,0.0077820564620196,-0.0253806468099355,0.0011583276791498,0.0102564003318548,0.0061704530380666,0.01518439874053,0.0015331164468079,0.0026098070666193,0.0141600016504526,0.0163571573793888,0.0094339624047279,0.0175439175218343,0.007850432768464,0.0368469692766666,0.0033382847905159,0.0190113876014947,-0.0018484006868675,0.0004755220434162,-0.0059259203262627,0.0033397711813449,0.0007451735436916,0.0107091320678591,0.0096798297017812,-0.007088828831911,0.0143805081024766,0.0403146371245384,-0.0134496847167611,-0.0504201650619506,-0.0022107393015176,-0.0055710691958665,0.0114475432783365,-0.006915611680597,0.0065717529505491,-0.0055020144209265,0.0146899195387959,0.0083217900246381,-0.0144404880702495,-0.0348059199750423,0.0007326175109483,-0.0119047816842794,-0.0003660405927803,-0.04060909897089,0.0021970476955175,-0.0162297654896974,-0.0021922313608229,-0.0053807599470019,0.00952033046633,-0.0098360562697052,-0.0050779613666236,-0.0012280264636501,-0.0102078262716531,0.0111755160614848,0.0176795423030853,-0.0250202100723981,0.0025335361715406,0.0126686301082372,0.0137183805927634,-0.0028525509405881,-0.0035612671636044,-0.001627299003303,-0.0260900482535362,0.0098603023216128,-0.0073394775390625,-0.0129764676094055,0.008872521109879,0.010655746795237,-0.0058630174025893,-0.0109444856643676,0.0136380707845091,0.0135579258203506,0.0061818207614123,-0.015372134745121,0.0014455730561167,0.0004047037218697,0.0064958608709275,-0.0008087528403848,-0.0103979567065835,-0.0155255291610956,0.0101448828354477,-0.0271107219159603,-0.0010759964352473,-0.0088291577994823,-0.0061041316948831,-0.004965663421899,0.0144508527591824,-0.0034259669482707,0.002492866711691,-0.0116628846153616,0.0027558936271816,-0.0051668984815478,0.0192913302090276,0.0003996893261974,0.0118110693822912,0.0220498544041936,0.0177165664369081,0.0178934750939947,0.0350394224529126,0.0596951662091225,0.068503930417727,0.1838655456228688,0.1192703785331881,-0.0459593596846138,2019-02-08,2019-02-11,2019-02-12,2019-02-13,2019-02-14,2019-02-15,2019-02-19,2019-02-20,2019-02-21,2019-02-22,77239.0,2019-02-07,252.0,1.4782%,0.0001,0.5375,0.2024,0.1837,1.2089%,1.3307%,17.4685%,0.01927,OFC,77239.0,2019-02-08,252.0,0.2756%,0.0001,0.5373,0.192,0.1758,1.2073%,1.3293%,17.5243%,0.003338,OFC,77239.0,2019-02-11,252.0,1.6490%,0.0001,0.5484,0.2003,0.186,1.2097%,1.3315%,17.4573%,0.013966,OFC,77239.0,2019-02-12,252.0,-0.7339%,0.0,0.5301,0.2128,0.1745,1.2079%,1.3235%,16.7068%,-0.01462,OFC,77239.0,2019-02-13,252.0,-0.8171%,0.0001,0.5463,0.1814,0.1665,1.1847%,1.3083%,17.9993%,-0.010005,OFC,77239.0,2019-02-14,252.0,1.4123%,0.0002,0.5429,0.1897,0.1572,1.1884%,1.3112%,17.8505%,0.015193,OFC,77239.0,2019-02-15,252.0,1.1992%,0.0003,0.5654,0.2103,0.1943,1.1792%,1.3102%,19.0082%,0.004529,OFC,77239.0,2019-02-19,252.0,-0.6116%,0.0002,0.559,0.2114,0.196,1.1768%,1.3048%,18.6608%,-0.008483,OFC,77239.0,2019-02-20,252.0,0.5769%,0.0002,0.5589,0.2076,0.1949,1.1757%,1.3038%,18.6878%,0.003064,OFC,77239.0,2019-02-21,252.0,-0.3059%,0.0002,0.5586,0.2067,0.1943,1.1757%,1.3034%,18.6427%,-0.000498,OFC,77239.0,2019-02-22,252.0,0.8439%,0.0002,0.5573,0.2196,0.19,1.1751%,1.3032%,18.7004%,0.006428,OFC,0.022608,0.036574,0.021954,0.027142,0.032182
37219,ORTHOFIX MEDICAL INC,Orthofix Earlier Reported FDA Approval Of M6-C Artificial Cervical Disc To Treat Patients With Cervical Disc Degeneration,6,increase,0.8,0.7,"the fda approval of the m6-c artificial cervical disc is likely to boost investor confidence and sales potential, leading to an increase in stock price.",2,2019-02-07,OFIX,2019-02-07 13:38:00+00:00,78756.0,68752M10,0.0381017811596393,172088.0,0.0080080004408955,0.0285002198070287,0.0074478778988122,0.0091676851734519,0.0302283577620983,0.0307578258216381,-0.0020729908719658,-0.0025873107369989,0.0178970750421285,0.0226800367236137,0.012558857910335,0.0208373144268989,0.0151938507333397,-0.0032691955566406,0.0041233450174331,-0.0205311756581068,-0.0149049935862422,0.0079742167145013,0.0114251282066106,0.0040030325762927,0.0335826128721237,0.0194325689226388,-0.1150494888424873,-0.0090506682172417,-0.0061748824082314,0.0144559815526008,0.0260285343974828,0.0051050130277872,-0.034697201102972,0.0105158481746912,-0.0261105615645647,0.0281517971307039,-0.0066155511885881,-0.034088660031557,-0.0422362387180328,-0.0084017254412174,0.0062214117497205,0.0172927621752023,0.0,-0.0039595514535903,0.0105473361909389,0.0268347170203924,0.0016195817152038,-0.0205098073929548,-0.0005389647558331,0.0131128011271357,-0.0005393240135163,-0.0397132746875286,0.0165467988699674,-0.0165746379643678,-0.0058386735618114,-0.0007614144706167,0.0108560351654887,0.0199999772012233,-0.015492976643145,-0.000388207641663,0.0057225236669182,0.0566038191318512,-0.0124466707929968,-0.0111539857462048,0.0084623228758573,-0.0094414912164211,0.0094626424834132,-0.0525314435362815,-0.0123806288465857,-0.0266765225678682,0.00214897794649,0.0011127851903438,0.0080414721742272,-0.017850698903203,-0.0037227279972285,-0.0215647667646408,-0.0149466218426823,-0.0152684962376952,-0.0057803411036729,0.0036991205997765,0.001635177177377,0.0049566077068448,0.0021766538266092,0.0028404020704329,0.0110407350584864,-0.0302977841347456,-0.0091300057247281,-0.0046264640986919,0.0016260190168395,-0.0473391748964786,0.0010822758777067,0.0167634580284357,-0.0081081222742795,0.0189412981271743,0.0023615090176463,0.0062968474812805,-0.0358825586736202,0.0122308200225234,-0.0082707228139042,0.0161035917699337,-0.0041697765700519,-0.0185534786432981,0.0148458080366253,-0.0001717989653116,0.0264441091567277,0.0226594228297472,0.0021925622131675,-0.0167530439794063,-0.0040108915418386,-0.0114392722025513,0.0038440248463302,-0.0011937192175537,-0.0153172891587019,0.0214248318225145,0.0146296462044119,-0.0281022489070892,-0.0083956755697727,-0.0097234165295958,0.0171175487339496,-0.0329117812216281,0.0255157425999641,-0.0110629890114069,0.0121757974848151,0.0144762424752116,0.0080080004408955,0.0285002198070287,0.0155155209492052,0.0379291860230457,0.0462128874294214,0.0698536311419371,0.0627294332268249,0.0912871276635181,0.092926321880902,0.1006481668154117,-0.0734066991044227,0.1709592449377894,-0.0430430070839589,-0.0608327473418826,2019-02-08,2019-02-11,2019-02-12,2019-02-13,2019-02-14,2019-02-15,2019-02-19,2019-02-20,2019-02-21,2019-02-22,78756.0,2019-02-07,252.0,3.8102%,0.0004,0.8126,0.5095,0.028,1.8324%,2.0521%,20.2695%,0.046165,OFIX,78756.0,2019-02-08,252.0,0.8008%,0.0005,0.8111,0.5174,0.0271,1.8317%,2.0515%,20.2827%,0.007115,OFIX,78756.0,2019-02-11,252.0,0.7448%,0.0006,0.7976,0.5332,0.0286,1.8305%,2.0392%,19.4254%,0.002735,OFIX,78756.0,2019-02-12,252.0,3.0228%,0.0006,0.8059,0.5363,0.0323,1.8341%,2.0465%,19.6810%,0.019223,OFIX,78756.0,2019-02-13,252.0,-0.2073%,0.0007,0.8103,0.5267,0.0292,1.8330%,2.0465%,19.7769%,-0.004774,OFIX,78756.0,2019-02-14,252.0,1.7897%,0.0007,0.8069,0.5358,0.0185,1.8353%,2.0491%,19.7774%,0.01693,OFIX,78756.0,2019-02-15,252.0,1.2559%,0.0008,0.8145,0.5427,0.0311,1.8346%,2.0501%,19.9211%,0.001912,OFIX,78756.0,2019-02-19,252.0,1.5194%,0.0008,0.8124,0.5557,0.0458,1.8338%,2.0471%,19.7525%,0.0118789999999999,OFIX,78756.0,2019-02-20,252.0,0.4123%,0.0008,0.8123,0.5544,0.0451,1.8338%,2.0470%,19.7497%,0.001005,OFIX,78756.0,2019-02-21,252.0,-1.4905%,0.0007,0.8188,0.5649,0.057,1.8343%,2.0494%,19.8923%,-0.011508,OFIX,78756.0,2019-02-22,252.0,1.1425%,0.0007,0.8181,0.57,0.0544,1.8342%,2.0504%,19.9725%,0.003735,OFIX,0.05328,0.056015,0.075238,0.087394,0.094417
37227,OMEGA FLEX INC,"Omega Flex Q4 EPS $0.60 Up From $0.44 YoY, Sales $28.87M Up From $27.464M YoY",6,increase,0.8,0.6,"the increase in both eps and sales year-over-year suggests strong financial performance, which is likely to positively influence investor sentiment and drive the stock price up.",2,2019-02-07,OFLX,2019-02-07 21:55:00+00:00,90868.0,68209510,-0.0081663904711604,5613.0,-0.0010874583385884,-0.0013847721274942,0.0037324705626815,0.0072845821268856,0.0001549757726024,0.0163830667734146,0.0136327994987368,0.0028436067514121,0.0068775322288274,0.0034875934943556,0.0330904722213745,-0.0058313463814556,0.04305025562644,0.0015785681316629,0.0032399403862655,-0.0193498451262712,0.0035102497786283,0.0112710930407047,0.0123128201812505,0.0042446227744221,0.0066344626247882,0.0018900445429608,-0.0024715131148695,0.0014195607509464,0.010736390016973,0.0210984274744987,0.0064006703905761,0.0452861711382865,0.0336941517889499,0.0071210917085409,0.0276214238256216,-0.0053962850943207,0.026751572266221,0.0033841077238321,-0.003101737005636,0.0170366168022155,0.006222775671631,-0.0029169213958084,-0.0533085651695728,0.0069108102470636,0.0282204858958721,0.0152605297043919,-0.0025412573013454,0.0171275492757558,-0.0031847134232521,0.0263687707483768,-0.0031948881223797,-0.0047384421341121,0.003717960556969,0.0147956209257245,0.0057478216476738,-0.0058834287337958,-0.0062229856848716,0.002211146755144,-0.0182747635990381,0.0117449862882494,-0.0072897365316748,0.0120754605159163,-0.0422239862382412,0.0018903302261605,0.0131434705108404,-0.0100595895200967,0.0204054340720176,-0.0105069065466523,-0.0060918959788978,0.0197368282824754,0.0086608109995722,0.0016945989336818,0.001321084680967,-0.0078460332006216,0.0047493483871221,-0.0053883483633399,0.007746800314635,-0.0057269791141152,0.0169381499290466,0.0022218616213649,0.0007687066681683,-0.0024012019857764,0.0186915770173072,-0.0001847116509452,0.0086716404184699,-0.0107782268896699,-0.0180663410574197,-0.0038216393440961,0.0013323609018698,-0.0239786580204963,-0.0179306957870721,0.0162454452365636,0.0305806808173656,0.0098432535305619,-0.0002504604053683,-0.0047169509343802,-0.0038822488859295,0.0325964391231536,0.0360825099050998,-0.0041044293902814,0.052420750260353,-0.0208257790654897,0.0439357496798038,-0.0189963728189468,0.0344445742666721,-0.0225959178060293,0.0144539447501301,-0.0098855309188365,-0.0562533177435398,-0.0119945295155048,-0.0136434938758611,-0.0052837491966784,-0.0174602419137954,0.005311815533787,-0.0230786968022584,-0.0054533006623387,0.0146467965096235,0.0022203428670763,0.0299185067415237,-0.0116475764662027,0.0386571511626243,-0.0149650434032082,-0.036783080548048,-0.0057861180976033,-0.0010874583385884,-0.0013847721274942,0.0026409533178561,0.0058897225131016,0.0027963383742395,0.0223692810037252,0.0234580461321398,0.0288522448351522,0.1239707206215607,0.0202798448216796,0.1346900376969999,0.2268430933486838,0.3788349192021603,0.0777722299420282,2019-02-08,2019-02-11,2019-02-12,2019-02-13,2019-02-14,2019-02-15,2019-02-19,2019-02-20,2019-02-21,2019-02-22,90868.0,2019-02-07,252.0,-0.8166%,0.0006,0.6413,0.4705,0.3308,1.7236%,1.8504%,13.2389%,-0.0030499999999999,OFLX,90868.0,2019-02-08,252.0,-0.1087%,0.0004,0.6425,0.432,0.3106,1.7027%,1.8304%,13.4652%,0.0002819999999999,OFLX,90868.0,2019-02-11,252.0,0.3732%,0.0005,0.6257,0.4463,0.3094,1.7008%,1.8200%,12.6703%,-0.000833,OFLX,90868.0,2019-02-12,252.0,0.0155%,0.0007,0.6629,0.3925,0.3381,1.6412%,1.7739%,14.4021%,-0.008017,OFLX,90868.0,2019-02-13,252.0,1.3633%,0.0008,0.6607,0.4004,0.342,1.6417%,1.7734%,14.3021%,0.011205,OFLX,90868.0,2019-02-14,252.0,0.6878%,0.0008,0.6599,0.4048,0.3357,1.6403%,1.7724%,14.3445%,0.008066,OFLX,90868.0,2019-02-15,252.0,3.3090%,0.0008,0.6572,0.4049,0.3346,1.6410%,1.7714%,14.1805%,0.022911,OFLX,90868.0,2019-02-19,252.0,4.3050%,0.0008,0.645,0.4569,0.3942,1.6086%,1.7371%,14.2489%,0.039524,OFLX,90868.0,2019-02-20,252.0,0.3240%,0.0007,0.6437,0.4509,0.3889,1.6080%,1.7361%,14.2123%,-0.001259,OFLX,90868.0,2019-02-21,252.0,0.3510%,0.0008,0.6391,0.4429,0.3804,1.6075%,1.7335%,14.0056%,0.007002,OFLX,90868.0,2019-02-22,252.0,1.2313%,0.0009,0.6369,0.4634,0.3727,1.6066%,1.7334%,14.0957%,0.011215,OFLX,-0.0027679999999999,-0.0036009999999999,-0.011618,0.007653,0.087046
37235,OMEGA HEALTHCARE INVESTORS INC,Scotiabank Initiates Coverage On Omega Healthcare with Sector Perform Rating,6,uncertain,0.6,0.2,"the initiation of coverage with a 'sector perform' rating suggests a neutral outlook, which may not significantly impact the stock price in either direction.",1,2019-02-07,OHI,2019-02-07 13:20:00+00:00,77857.0,68193610,-0.0007619705284014,1361278.0,-0.0040671033784747,-0.0073121762834489,0.0020418073982,0.003034874331206,-0.061130866408348,0.0264797620475292,-0.0181769393384456,-0.0415525808930397,0.0149212749674916,0.0133635597303509,-0.007350951898843,0.0125565091148018,-0.0106966374441981,0.0158162992447614,-0.0144164254888892,0.0071943118236958,0.0095639992505311,0.0088127609342336,0.0094733955338597,0.004425982479006,-0.0096604600548744,0.0118546038866043,-0.0005574263632297,-0.0052411099895834,0.0005577372503466,-0.0018310147570446,0.0005574263632297,0.0049947062507271,-0.022005595266819,0.0162971038371324,0.0148106077685952,0.0146381380036473,-0.0014032903127372,-0.0013535256730392,-0.0008432432077825,0.0027143994811922,0.0126582495868206,0.0101452954113483,-0.0069444444961845,0.0071803960017859,0.0131468875333666,0.0301564019173383,0.0063500697724521,0.0037121949717402,0.0046638729982078,0.0141906077042222,0.0019115154864266,0.0170838888734579,-0.0087217148393392,-0.0341394245624542,-0.0134725840762257,-0.0005685710348188,-0.0011148527264595,-0.0014197345590218,0.0044642812572419,0.001421753084287,0.0324999503791332,0.0430010929703712,-0.0051116123795509,-0.0461102500557899,0.009464637376368,-0.006743514444679,0.0096436319872736,-0.0016830678796395,-0.0039797751232981,-0.0050237313844263,0.0205114670097827,0.0228376556187868,-0.0041764508932828,-0.0455041415989399,-0.0039318879134953,0.0013642356498166,-0.0063158334232866,0.0104770073667168,-0.0079448949545621,-0.0213168077170848,-0.0029364819638431,-0.0034954897128045,0.0024096427951008,-0.0029490781016647,-0.0168268494307994,-0.0212542992085218,-0.0130399223417043,0.0071353185921907,0.0085328249260783,-0.0096833016723394,0.0125545607879757,0.0071165119297802,-0.0083557292819023,0.0171581618487834,0.0032617268152534,0.0081080878153443,-0.0224870778620243,0.0125889182090759,-0.0313193202018737,0.0130302533507347,0.0223175603896379,-0.0071566784754395,-0.011474946513772,0.0013782539172098,0.0164213422685861,-0.0054824771359562,0.0058495565317571,0.0287648197263479,-0.0058155381120741,0.0048171766102314,0.0080779129639267,0.0273654293268919,-0.0146448910236358,-0.0031921246554702,0.0111428396776318,0.0026185673195868,-0.0036733841989189,-0.0230244845151901,0.0056721717119216,0.0,0.0076142260804772,-0.0017026495188474,-0.0081164548173546,0.0025604593101888,-0.0040671033784747,-0.0073121762834489,-0.0020336002220421,-0.0042994934883507,-0.0630401508868885,0.0220664189946819,-0.0663447028488225,-0.0073121765873046,-0.0790544127164444,0.0420508487732247,-0.0599898463329592,0.1322538768795782,-0.0821480522716568,0.1386961904236647,2019-02-08,2019-02-11,2019-02-12,2019-02-13,2019-02-14,2019-02-15,2019-02-19,2019-02-20,2019-02-21,2019-02-22,77857.0,2019-02-07,252.0,-0.0762%,0.0019,0.4043,-0.0042,-0.1082,1.3619%,1.4414%,10.7254%,0.003372,OHI,77857.0,2019-02-08,252.0,-0.4067%,0.0019,0.4053,0.0056,-0.0976,1.3615%,1.4403%,10.6471%,-0.0052759999999999,OHI,77857.0,2019-02-11,252.0,0.2042%,0.002,0.3834,0.026,-0.0981,1.3573%,1.4262%,9.4231%,0.001562,OHI,77857.0,2019-02-12,252.0,-6.1131%,0.0016,0.3334,0.0399,-0.1261,1.4156%,1.4699%,7.2541%,-0.066618,OHI,77857.0,2019-02-13,252.0,-1.8177%,0.0015,0.3288,0.0393,-0.1313,1.4215%,1.4745%,7.0625%,-0.019146,OHI,77857.0,2019-02-14,252.0,1.4921%,0.0015,0.3244,0.0457,-0.1361,1.4187%,1.4713%,7.0124%,0.0145459999999999,OHI,77857.0,2019-02-15,252.0,-0.7351%,0.0017,0.3631,0.0791,-0.0751,1.3754%,1.4356%,8.2202%,-0.010578,OHI,77857.0,2019-02-19,252.0,-1.0697%,0.0016,0.3594,0.0725,-0.0822,1.3777%,1.4369%,8.0754%,-0.011491,OHI,77857.0,2019-02-20,252.0,-1.4416%,0.0014,0.3517,0.0415,-0.113,1.3663%,1.4259%,8.1814%,-0.0149069999999999,OHI,77857.0,2019-02-21,252.0,0.9564%,0.0015,0.3459,0.0317,-0.1237,1.3660%,1.4246%,8.0637%,0.010535,OHI,77857.0,2019-02-22,252.0,0.9473%,0.0016,0.3439,0.0706,-0.112,1.3545%,1.4131%,8.1202%,0.005132,OHI,-0.0019039999999999,-0.0003419999999999,-0.06696,-0.07156,-0.092869
37243,OMEGA HEALTHCARE INVESTORS INC,"Stifel Nicolaus Downgrades Omega Healthcare to Hold, Announces $39 Price Target",6,decrease,0.8,0.6,"a downgrade from a financial institution typically signals reduced confidence in the stock's performance, which can lead to a decrease in its price.",0,2019-02-07,OHI,2019-02-07 11:50:00+00:00,77857.0,68193610,-0.0007619705284014,1361278.0,-0.0040671033784747,-0.0073121762834489,0.0020418073982,0.003034874331206,-0.061130866408348,0.0264797620475292,-0.0181769393384456,-0.0415525808930397,0.0149212749674916,0.0133635597303509,-0.007350951898843,0.0125565091148018,-0.0106966374441981,0.0158162992447614,-0.0144164254888892,0.0071943118236958,0.0095639992505311,0.0088127609342336,0.0094733955338597,0.004425982479006,-0.0096604600548744,0.0118546038866043,-0.0005574263632297,-0.0052411099895834,0.0005577372503466,-0.0018310147570446,0.0005574263632297,0.0049947062507271,-0.022005595266819,0.0162971038371324,0.0148106077685952,0.0146381380036473,-0.0014032903127372,-0.0013535256730392,-0.0008432432077825,0.0027143994811922,0.0126582495868206,0.0101452954113483,-0.0069444444961845,0.0071803960017859,0.0131468875333666,0.0301564019173383,0.0063500697724521,0.0037121949717402,0.0046638729982078,0.0141906077042222,0.0019115154864266,0.0170838888734579,-0.0087217148393392,-0.0341394245624542,-0.0134725840762257,-0.0005685710348188,-0.0011148527264595,-0.0014197345590218,0.0044642812572419,0.001421753084287,0.0324999503791332,0.0430010929703712,-0.0051116123795509,-0.0461102500557899,0.009464637376368,-0.006743514444679,0.0096436319872736,-0.0016830678796395,-0.0039797751232981,-0.0050237313844263,0.0205114670097827,0.0228376556187868,-0.0041764508932828,-0.0455041415989399,-0.0039318879134953,0.0013642356498166,-0.0063158334232866,0.0104770073667168,-0.0079448949545621,-0.0213168077170848,-0.0029364819638431,-0.0034954897128045,0.0024096427951008,-0.0029490781016647,-0.0168268494307994,-0.0212542992085218,-0.0130399223417043,0.0071353185921907,0.0085328249260783,-0.0096833016723394,0.0125545607879757,0.0071165119297802,-0.0083557292819023,0.0171581618487834,0.0032617268152534,0.0081080878153443,-0.0224870778620243,0.0125889182090759,-0.0313193202018737,0.0130302533507347,0.0223175603896379,-0.0071566784754395,-0.011474946513772,0.0013782539172098,0.0164213422685861,-0.0054824771359562,0.0058495565317571,0.0287648197263479,-0.0058155381120741,0.0048171766102314,0.0080779129639267,0.0273654293268919,-0.0146448910236358,-0.0031921246554702,0.0111428396776318,0.0026185673195868,-0.0036733841989189,-0.0230244845151901,0.0056721717119216,0.0,0.0076142260804772,-0.0017026495188474,-0.0081164548173546,0.0025604593101888,-0.0040671033784747,-0.0073121762834489,-0.0020336002220421,-0.0042994934883507,-0.0630401508868885,0.0220664189946819,-0.0663447028488225,-0.0073121765873046,-0.0790544127164444,0.0420508487732247,-0.0599898463329592,0.1322538768795782,-0.0821480522716568,0.1386961904236647,2019-02-08,2019-02-11,2019-02-12,2019-02-13,2019-02-14,2019-02-15,2019-02-19,2019-02-20,2019-02-21,2019-02-22,77857.0,2019-02-07,252.0,-0.0762%,0.0019,0.4043,-0.0042,-0.1082,1.3619%,1.4414%,10.7254%,0.003372,OHI,77857.0,2019-02-08,252.0,-0.4067%,0.0019,0.4053,0.0056,-0.0976,1.3615%,1.4403%,10.6471%,-0.0052759999999999,OHI,77857.0,2019-02-11,252.0,0.2042%,0.002,0.3834,0.026,-0.0981,1.3573%,1.4262%,9.4231%,0.001562,OHI,77857.0,2019-02-12,252.0,-6.1131%,0.0016,0.3334,0.0399,-0.1261,1.4156%,1.4699%,7.2541%,-0.066618,OHI,77857.0,2019-02-13,252.0,-1.8177%,0.0015,0.3288,0.0393,-0.1313,1.4215%,1.4745%,7.0625%,-0.019146,OHI,77857.0,2019-02-14,252.0,1.4921%,0.0015,0.3244,0.0457,-0.1361,1.4187%,1.4713%,7.0124%,0.0145459999999999,OHI,77857.0,2019-02-15,252.0,-0.7351%,0.0017,0.3631,0.0791,-0.0751,1.3754%,1.4356%,8.2202%,-0.010578,OHI,77857.0,2019-02-19,252.0,-1.0697%,0.0016,0.3594,0.0725,-0.0822,1.3777%,1.4369%,8.0754%,-0.011491,OHI,77857.0,2019-02-20,252.0,-1.4416%,0.0014,0.3517,0.0415,-0.113,1.3663%,1.4259%,8.1814%,-0.0149069999999999,OHI,77857.0,2019-02-21,252.0,0.9564%,0.0015,0.3459,0.0317,-0.1237,1.3660%,1.4246%,8.0637%,0.010535,OHI,77857.0,2019-02-22,252.0,0.9473%,0.0016,0.3439,0.0706,-0.112,1.3545%,1.4131%,8.1202%,0.005132,OHI,-0.0019039999999999,-0.0003419999999999,-0.06696,-0.07156,-0.092869
37251,GRUPO AEROPORTUARIO DEL CENTRO N,OMA Reports Jan. Traffic Up 6.2%,6,increase,0.7,0.5,"the reported increase in traffic by oma suggests positive trends in the airport sector, which could positively influence investor sentiment towards grupo aeroportuario del centro n.",2,2019-02-07,OMAB,2019-02-07 22:43:00+00:00,91617.0,40050110,0.0069382581859827,188020.0,-0.017337242141366,-0.008213073015213,0.012666848488152,0.0044593261554837,0.0051373583264648,0.0049293613992631,-0.0215555820614099,-0.0042391484603285,0.0229389537125825,0.0170183796435594,-0.0033304067328572,-0.0054164221510291,0.0080196168273687,-0.0087248180061578,-0.0039779073558747,-0.0040107020176947,0.050809871405363,-0.002445001155138,0.0095017049461603,-0.0174710471183061,0.0018824544968083,-0.0167489536106586,-0.0064718448556959,0.0177010800689458,-0.0115570332854986,-0.0108084743842482,-0.0306122954934835,0.0076235784217715,-0.026096461340785,0.0202222187072038,0.0319748260080814,0.0190217420458793,-0.0104735614731907,0.0149391302838921,-0.0103637799620628,0.0036908846814185,-0.0334224589169025,0.0104894386604428,-0.0053019719198346,-0.0117484061047434,0.0166859179735183,0.0218926630914211,-0.0015956165734678,0.0427098125219345,-0.0257991123944521,0.0261964965611696,0.0114835174754262,-0.0143991569057107,0.0069508627057075,0.0594423525035381,0.0032213390804827,-0.0475951358675956,0.021559689193964,0.0050351698882877,0.0125729134306311,0.012748597189784,-0.0031041994225233,0.0245559681206941,-0.040257953107357,-0.0136563405394554,0.0097334450110793,0.0146405585110187,0.0165251605212688,0.0551724135875701,-0.0069993534125387,0.0348273254930973,-0.0090949907898902,0.0302940811961889,0.0346488803625106,0.005322303622961,0.0159680917859077,-0.0222607813775539,0.0067670280113816,-0.0190016496926546,-0.0084561882540583,0.0247020777314901,0.0192434079945087,-0.0034752080682665,0.0396910198032856,-0.0330439731478691,0.0121749928221106,-0.0005597665440291,-0.0040774876251816,-0.0016764842439442,-0.0032753297127783,-0.0072121587581932,-0.0119120562449097,0.0081096459180116,0.0083142323419451,0.0,0.0,0.0539345107972621,0.00329828588292,0.0020673270337283,0.008218646980822,-0.0113868433982133,-0.0063175335526466,-0.0440971739590168,0.0036915568634867,-0.0164698995649814,-0.006538612768054,0.0024766139686107,-0.0055532800033688,-0.0314499028027057,0.0161324217915535,-0.0047745439223945,0.0073275105096399,-0.010758327320218,-0.0266721248626709,0.0141032133251428,0.0209674518555402,-0.041570957750082,-0.0002033781202044,-0.0219506379216909,0.0105755636468529,0.0100781442597508,0.0026162420399487,-0.0067567685618996,-0.0242874156683683,-0.1184646487236023,-0.017337242141366,-0.008213073015213,-0.0048900018726211,-0.0037903716310428,0.0002222347620071,0.0011203056566133,0.0011113414605392,0.0138416292242611,0.062680585775886,-0.0242411139257514,-0.0408979782533661,0.1512496421857392,0.0804622984775123,-0.0143393249490926,2019-02-08,2019-02-11,2019-02-12,2019-02-13,2019-02-14,2019-02-15,2019-02-19,2019-02-20,2019-02-21,2019-02-22,91617.0,2019-02-07,252.0,0.6938%,0.0008,0.6039,0.0222,0.0457,2.0845%,2.1830%,8.8143%,0.012381,OMAB,91617.0,2019-02-08,252.0,-1.7337%,0.0006,0.6076,0.0078,0.052,2.0837%,2.1829%,8.8796%,-0.017676,OMAB,91617.0,2019-02-11,252.0,1.2667%,0.0007,0.5843,0.0447,0.0597,2.0811%,2.1686%,7.9070%,0.011545,OMAB,91617.0,2019-02-12,252.0,0.5137%,0.0007,0.5813,0.046,0.058,2.0812%,2.1679%,7.8421%,-0.002817,OMAB,91617.0,2019-02-13,252.0,-2.1556%,0.0006,0.5794,0.0394,0.051,2.0866%,2.1724%,7.7478%,-0.0233519999999999,OMAB,91617.0,2019-02-14,252.0,2.2939%,0.0007,0.574,0.0522,0.0369,2.0918%,2.1769%,7.6652%,0.024146,OMAB,91617.0,2019-02-15,252.0,-0.3330%,0.0007,0.5715,0.0489,0.0314,2.0926%,2.1769%,7.5993%,-0.010224,OMAB,91617.0,2019-02-19,252.0,0.8020%,0.0007,0.5733,0.0516,0.0344,2.0929%,2.1772%,7.5961%,0.006598,OMAB,91617.0,2019-02-20,252.0,-0.3978%,0.0007,0.5721,0.051,0.0305,2.0930%,2.1772%,7.5865%,-0.00547,OMAB,91617.0,2019-02-21,252.0,5.0810%,0.0008,0.57,0.0583,0.0263,2.1115%,2.1947%,7.4379%,0.052932,OMAB,91617.0,2019-02-22,252.0,0.9502%,0.0008,0.5694,0.0557,0.017,2.1117%,2.1954%,7.4793%,0.005762,OMAB,-0.005295,0.00625,0.003433,0.004227,0.053825
37259,OMNICELL INC,"Omnicell Sees Q1 Adj. EPS $0.38-$0.43 vs $0.39 Est., Adj. Sales $196M-$202M vs $202.28M Est.; Sees FY19 Adj. EPS $2.40-$2.60 vs $2.42 Est., Sales $880M-$900M vs $876.4M Est.",6,uncertain,0.6,0.3,"while omnicell's adjusted eps guidance is slightly below estimates, the sales guidance is also mixed, leading to uncertainty in investor sentiment.",1,2019-02-07,OMCL,2019-02-07 21:44:00+00:00,89110.0,68213N10,0.0001535483024781,348236.0,0.1788181364536285,-0.0205984469503164,0.0292968731373548,-0.0015012531075626,-0.0030361225362867,0.033674705773592,0.0012689520372077,-0.0105941174551844,0.0201494898647069,0.0338094793260097,0.0250931251794099,0.0025461465120315,0.0058168126270174,-0.0168960895389318,0.0138554396107792,-0.0325412675738334,0.0121211716905236,0.021490404382348,0.0119760986417532,0.0043478067964315,-0.0226244870573282,-0.0152905192226171,-0.0087844002991914,-0.032687459141016,0.0058682379312813,0.0163861103355884,0.0114299217239022,0.0031669293530285,0.0032961319666355,-0.0024071559309959,-0.0041066068224608,0.0284698139876127,-0.0071866237558424,0.0031040967442095,-0.0306158103048801,-0.0130208097398281,0.0074672615155577,0.0100572733208537,0.0127581460401415,0.0133270379155874,0.0075585469603538,0.0377481244504451,-0.0003573042049538,0.0158677529543638,0.0114354584366083,0.0275135692209005,-0.0036509854253381,-0.0178482010960578,0.001654839143157,-0.0210646782070398,-0.0168751515448093,0.012566172517836,0.0136838247999548,0.0043174745514988,-0.0197749938815832,0.013975447975099,0.0240395981818437,0.0424784645438194,-0.0566237531602382,-0.0248202160000801,-0.0027510467916727,-0.0358145236968994,0.0121630243957042,-0.0216373354196548,-0.0081764571368694,-0.0285490155220031,0.002248317701742,0.0018858860712498,0.0074775484390556,-0.0399818606674671,-0.0076694106683135,-0.043440643697977,-0.0042383940890431,-0.0149274310097098,0.0066350330598652,0.0064386455342173,-0.0054719862528145,-0.0093551184982061,0.0098787155002355,0.0103107718750834,-0.0008667618967592,-0.0107663199305534,0.0019828483927994,-0.0552730821073055,0.0144712207838892,-0.0227569695562124,-0.007315270602703,-0.009970273822546,0.0035617898683995,0.017121072858572,-0.0091788033023476,-0.0040660751983523,-0.0389081202447414,0.0445266477763652,-0.078910157084465,0.0032989396713674,-0.0040463362820446,0.0069204154424369,0.0100868763402104,0.0223574619740247,0.0442441403865814,-0.0060478243976831,0.0286890156567096,-0.0087830033153295,-0.0010328496573492,-0.0149683654308319,0.0081426547840237,0.026356628164649,0.0388461388647556,0.0254371222108602,-0.0082685202360153,-0.0100156953558325,0.0016176861245185,-0.0073853749781847,0.0170207824558019,-0.0193593222647905,0.0147813223302364,-0.0211314987391233,0.0086674038320779,0.0045193349942564,0.1788181364536285,-0.0205984469503164,0.2133538218493236,-0.0220687765753839,0.2096699309663172,0.0108627696402487,0.2356101058345816,0.0339682421999569,0.3229470547396804,0.0114906469520943,0.2274750517998895,0.1150291225270228,0.2861089743846414,-0.1079156101844691,2019-02-08,2019-02-11,2019-02-12,2019-02-13,2019-02-14,2019-02-15,2019-02-19,2019-02-20,2019-02-21,2019-02-22,89110.0,2019-02-07,252.0,0.0154%,0.0016,1.0513,0.4611,0.0446,1.6173%,1.9934%,34.1743%,0.010235,OMCL,89110.0,2019-02-08,252.0,17.8818%,0.0023,1.0199,0.452,-0.0932,1.9472%,2.2719%,26.5388%,0.177849,OMCL,89110.0,2019-02-11,252.0,2.9297%,0.0026,0.9857,0.5152,-0.0769,1.9431%,2.2423%,24.9062%,0.025,OMCL,89110.0,2019-02-12,252.0,-0.3036%,0.0024,0.9698,0.5213,-0.0861,1.9459%,2.2393%,24.4816%,-0.0167749999999999,OMCL,89110.0,2019-02-13,252.0,0.1269%,0.0024,0.9642,0.5292,-0.0858,1.9449%,2.2351%,24.2829%,-0.001799,OMCL,89110.0,2019-02-14,252.0,2.0149%,0.0025,0.9607,0.5383,-0.0965,1.9473%,2.2377%,24.2767%,0.018825,OMCL,89110.0,2019-02-15,252.0,2.5093%,0.0025,0.9631,0.5416,-0.091,1.9481%,2.2382%,24.2430%,0.0132539999999999,OMCL,89110.0,2019-02-19,252.0,0.5817%,0.0024,0.9584,0.5484,-0.0831,1.9458%,2.2321%,24.0127%,0.002589,OMCL,89110.0,2019-02-20,252.0,1.3855%,0.0025,0.9617,0.5597,-0.0703,1.9457%,2.2327%,24.0626%,0.011185,OMCL,89110.0,2019-02-21,252.0,1.2121%,0.0026,0.9589,0.5569,-0.0756,1.9475%,2.2330%,23.9413%,0.01581,OMCL,89110.0,2019-02-22,252.0,1.1976%,0.0026,0.9585,0.5696,-0.068,1.9465%,2.2329%,24.0065%,0.00147,OMCL,0.188084,0.213084,0.196309,0.213335,0.257643
37267,OMNICELL INC,"Omnicell Q4 EPS $0.70 Up From $0.55 YoY, Sales $211.8M Up From $198.257M YoY",6,increase,0.8,0.6,"the increase in both eps and sales year-over-year suggests strong financial performance, which is likely to positively influence investor sentiment and drive the stock price up.",2,2019-02-07,OMCL,2019-02-07 21:42:00+00:00,89110.0,68213N10,0.0001535483024781,348236.0,0.1788181364536285,-0.0205984469503164,0.0292968731373548,-0.0015012531075626,-0.0030361225362867,0.033674705773592,0.0012689520372077,-0.0105941174551844,0.0201494898647069,0.0338094793260097,0.0250931251794099,0.0025461465120315,0.0058168126270174,-0.0168960895389318,0.0138554396107792,-0.0325412675738334,0.0121211716905236,0.021490404382348,0.0119760986417532,0.0043478067964315,-0.0226244870573282,-0.0152905192226171,-0.0087844002991914,-0.032687459141016,0.0058682379312813,0.0163861103355884,0.0114299217239022,0.0031669293530285,0.0032961319666355,-0.0024071559309959,-0.0041066068224608,0.0284698139876127,-0.0071866237558424,0.0031040967442095,-0.0306158103048801,-0.0130208097398281,0.0074672615155577,0.0100572733208537,0.0127581460401415,0.0133270379155874,0.0075585469603538,0.0377481244504451,-0.0003573042049538,0.0158677529543638,0.0114354584366083,0.0275135692209005,-0.0036509854253381,-0.0178482010960578,0.001654839143157,-0.0210646782070398,-0.0168751515448093,0.012566172517836,0.0136838247999548,0.0043174745514988,-0.0197749938815832,0.013975447975099,0.0240395981818437,0.0424784645438194,-0.0566237531602382,-0.0248202160000801,-0.0027510467916727,-0.0358145236968994,0.0121630243957042,-0.0216373354196548,-0.0081764571368694,-0.0285490155220031,0.002248317701742,0.0018858860712498,0.0074775484390556,-0.0399818606674671,-0.0076694106683135,-0.043440643697977,-0.0042383940890431,-0.0149274310097098,0.0066350330598652,0.0064386455342173,-0.0054719862528145,-0.0093551184982061,0.0098787155002355,0.0103107718750834,-0.0008667618967592,-0.0107663199305534,0.0019828483927994,-0.0552730821073055,0.0144712207838892,-0.0227569695562124,-0.007315270602703,-0.009970273822546,0.0035617898683995,0.017121072858572,-0.0091788033023476,-0.0040660751983523,-0.0389081202447414,0.0445266477763652,-0.078910157084465,0.0032989396713674,-0.0040463362820446,0.0069204154424369,0.0100868763402104,0.0223574619740247,0.0442441403865814,-0.0060478243976831,0.0286890156567096,-0.0087830033153295,-0.0010328496573492,-0.0149683654308319,0.0081426547840237,0.026356628164649,0.0388461388647556,0.0254371222108602,-0.0082685202360153,-0.0100156953558325,0.0016176861245185,-0.0073853749781847,0.0170207824558019,-0.0193593222647905,0.0147813223302364,-0.0211314987391233,0.0086674038320779,0.0045193349942564,0.1788181364536285,-0.0205984469503164,0.2133538218493236,-0.0220687765753839,0.2096699309663172,0.0108627696402487,0.2356101058345816,0.0339682421999569,0.3229470547396804,0.0114906469520943,0.2274750517998895,0.1150291225270228,0.2861089743846414,-0.1079156101844691,2019-02-08,2019-02-11,2019-02-12,2019-02-13,2019-02-14,2019-02-15,2019-02-19,2019-02-20,2019-02-21,2019-02-22,89110.0,2019-02-07,252.0,0.0154%,0.0016,1.0513,0.4611,0.0446,1.6173%,1.9934%,34.1743%,0.010235,OMCL,89110.0,2019-02-08,252.0,17.8818%,0.0023,1.0199,0.452,-0.0932,1.9472%,2.2719%,26.5388%,0.177849,OMCL,89110.0,2019-02-11,252.0,2.9297%,0.0026,0.9857,0.5152,-0.0769,1.9431%,2.2423%,24.9062%,0.025,OMCL,89110.0,2019-02-12,252.0,-0.3036%,0.0024,0.9698,0.5213,-0.0861,1.9459%,2.2393%,24.4816%,-0.0167749999999999,OMCL,89110.0,2019-02-13,252.0,0.1269%,0.0024,0.9642,0.5292,-0.0858,1.9449%,2.2351%,24.2829%,-0.001799,OMCL,89110.0,2019-02-14,252.0,2.0149%,0.0025,0.9607,0.5383,-0.0965,1.9473%,2.2377%,24.2767%,0.018825,OMCL,89110.0,2019-02-15,252.0,2.5093%,0.0025,0.9631,0.5416,-0.091,1.9481%,2.2382%,24.2430%,0.0132539999999999,OMCL,89110.0,2019-02-19,252.0,0.5817%,0.0024,0.9584,0.5484,-0.0831,1.9458%,2.2321%,24.0127%,0.002589,OMCL,89110.0,2019-02-20,252.0,1.3855%,0.0025,0.9617,0.5597,-0.0703,1.9457%,2.2327%,24.0626%,0.011185,OMCL,89110.0,2019-02-21,252.0,1.2121%,0.0026,0.9589,0.5569,-0.0756,1.9475%,2.2330%,23.9413%,0.01581,OMCL,89110.0,2019-02-22,252.0,1.1976%,0.0026,0.9585,0.5696,-0.068,1.9465%,2.2329%,24.0065%,0.00147,OMCL,0.188084,0.213084,0.196309,0.213335,0.257643
37275,ORGANOVO HOLDINGS INC,"Organovo Holdings Q3 EPS $(0.06) Beats $(0.07) Estimate, Sales $779K Miss $850K Estimate",6,uncertain,0.6,0.3,"while the eps beat expectations, the sales miss could lead to mixed reactions from investors, making the overall impact on the stock price uncertain.",1,2019-02-07,ONVO,2019-02-07 21:58:00+00:00,14033.0,68620A20,0.0110204117372632,860651.0,0.0092854024842381,-0.0297029428184032,0.0,0.0,0.0199999809265136,0.0,0.0588235929608345,0.0,-0.0185186099261045,-0.009803912602365,0.0094340657815337,0.0099009806290268,0.0,0.0200989432632923,0.0,-0.01970293559134,0.0,0.0,0.05607470870018,0.02861800044775,0.0088495491072535,-0.0026409488637,-0.0614034496247768,-0.044174738228321,-0.0093458965420722,-0.0803571715950965,0.0,0.0,0.0471698828041553,0.0370370000600814,0.0,0.0384616181254386,0.0090089999139308,-0.0280374661087989,-0.0625000447034835,-0.0092592500150203,0.009523800574243,-0.0181818008422851,-0.0283018611371517,0.037735927850008,0.0291261859238147,0.0192307513207197,0.0094340657815337,0.0297029428184032,0.02803735435009,0.0167103018611669,-0.0181818008422851,-0.006600022315979,-0.0277778599411249,0.0448229312896728,0.0285715162754058,-0.033232357352972,0.0185185000300407,0.0250569712370634,-0.0181818008422851,-0.0014474709751084,0.0277777500450611,0.0399999730288982,-0.0270270016044378,-0.0350695215165615,-0.0092592500150203,-0.0264646429568529,-0.0654206052422523,0.0,-0.0199999809265136,0.0075310766696929,0.0192856900393962,-0.0174000263214111,-0.0069076106883585,-0.0049751196056604,-0.0246975943446159,-0.0242718216031789,0.0101292170584201,-0.0096153756603598,0.0059347273781895,0.0097087286412715,0.0273624192923307,0.0,0.0,0.0,-0.0099009806290268,0.0198019612580537,-0.0008999705314636,0.0,0.0409367755055427,-0.0194174572825431,-0.0480768792331218,0.0628417804837226,0.0202020015567541,-0.040495041757822,-0.011683159507811,0.0099999904632568,0.0018032465595752,-0.0099009806290268,0.0199999809265136,0.0,-0.009803912602365,-0.009803912602365,0.0,-0.0097087286412715,0.0,0.0842105075716972,-0.0099009806290268,-0.0457057133316993,-0.0120999813079834,-0.060848981142044,0.0223706569522619,-0.0275230184197425,0.0,-0.0090909004211425,-0.0099009806290268,-0.0178571250289678,0.0099999904632568,0.0090089999139308,-0.0200000144541263,-0.0263157654553651,0.0103051364421844,-0.0172413624823093,0.0,0.0265486482530832,0.0092854024842381,-0.0297029428184032,0.0092854024842381,-0.0297029428184032,0.0294710912833315,-0.0297029428184032,0.069842471201335,-0.0392156503653435,0.1404925004084174,-0.0019349820346358,0.0900282799228047,0.0168084790515061,0.0092854085962714,-0.1327433407674531,2019-02-08,2019-02-11,2019-02-12,2019-02-13,2019-02-14,2019-02-15,2019-02-19,2019-02-20,2019-02-21,2019-02-22,14033.0,2019-02-07,252.0,1.1020%,-0.0007,0.941,0.9957,0.1245,3.8604%,4.0217%,7.8629%,0.020515,ONVO,14033.0,2019-02-08,252.0,0.9285%,-0.0006,0.939,1.0079,0.1239,3.8595%,4.0212%,7.8805%,0.0087,ONVO,14033.0,2019-02-11,252.0,0.0000%,-0.0006,0.9239,1.0117,0.1181,3.8593%,4.0147%,7.5955%,-0.008352,ONVO,14033.0,2019-02-12,252.0,2.0000%,-0.0002,0.9721,0.9559,0.1527,3.8302%,3.9937%,8.0182%,0.0073329999999999,ONVO,14033.0,2019-02-13,252.0,5.8824%,0.0003,1.0143,0.9071,0.1575,3.8177%,3.9894%,8.4239%,0.0553209999999999,ONVO,14033.0,2019-02-14,252.0,-1.8519%,0.0004,1.0228,0.898,0.1612,3.8035%,3.9773%,8.5508%,-0.0202919999999999,ONVO,14033.0,2019-02-15,252.0,0.9434%,0.0003,1.0044,0.8808,0.1305,3.8020%,3.9712%,8.3413%,-0.005242,ONVO,14033.0,2019-02-19,252.0,0.0000%,0.0004,1.015,0.8612,0.1075,3.7949%,3.9675%,8.5136%,-0.004954,ONVO,14033.0,2019-02-20,252.0,0.0000%,0.0005,1.0149,0.8667,0.1086,3.7941%,3.9670%,8.5293%,-0.004515,ONVO,14033.0,2019-02-21,252.0,0.0000%,0.0005,1.0089,0.8555,0.0977,3.7932%,3.9642%,8.4438%,0.004511,ONVO,14033.0,2019-02-22,252.0,5.6075%,0.0008,1.0012,0.8956,0.0415,3.8012%,3.9775%,8.6678%,0.0461479999999999,ONVO,0.0292149999999999,0.020863,0.028196,0.063225,0.099173
37283,ORGANOVO HOLDINGS INC,Organovo Offers 7 Key Clinical Development Goals,6,increase,0.7,0.6,"the announcement of key clinical development goals typically signals progress and potential for future growth, which can positively influence investor sentiment and stock price.",2,2019-02-07,ONVO,2019-02-07 21:57:00+00:00,14033.0,68620A20,0.0110204117372632,860651.0,0.0092854024842381,-0.0297029428184032,0.0,0.0,0.0199999809265136,0.0,0.0588235929608345,0.0,-0.0185186099261045,-0.009803912602365,0.0094340657815337,0.0099009806290268,0.0,0.0200989432632923,0.0,-0.01970293559134,0.0,0.0,0.05607470870018,0.02861800044775,0.0088495491072535,-0.0026409488637,-0.0614034496247768,-0.044174738228321,-0.0093458965420722,-0.0803571715950965,0.0,0.0,0.0471698828041553,0.0370370000600814,0.0,0.0384616181254386,0.0090089999139308,-0.0280374661087989,-0.0625000447034835,-0.0092592500150203,0.009523800574243,-0.0181818008422851,-0.0283018611371517,0.037735927850008,0.0291261859238147,0.0192307513207197,0.0094340657815337,0.0297029428184032,0.02803735435009,0.0167103018611669,-0.0181818008422851,-0.006600022315979,-0.0277778599411249,0.0448229312896728,0.0285715162754058,-0.033232357352972,0.0185185000300407,0.0250569712370634,-0.0181818008422851,-0.0014474709751084,0.0277777500450611,0.0399999730288982,-0.0270270016044378,-0.0350695215165615,-0.0092592500150203,-0.0264646429568529,-0.0654206052422523,0.0,-0.0199999809265136,0.0075310766696929,0.0192856900393962,-0.0174000263214111,-0.0069076106883585,-0.0049751196056604,-0.0246975943446159,-0.0242718216031789,0.0101292170584201,-0.0096153756603598,0.0059347273781895,0.0097087286412715,0.0273624192923307,0.0,0.0,0.0,-0.0099009806290268,0.0198019612580537,-0.0008999705314636,0.0,0.0409367755055427,-0.0194174572825431,-0.0480768792331218,0.0628417804837226,0.0202020015567541,-0.040495041757822,-0.011683159507811,0.0099999904632568,0.0018032465595752,-0.0099009806290268,0.0199999809265136,0.0,-0.009803912602365,-0.009803912602365,0.0,-0.0097087286412715,0.0,0.0842105075716972,-0.0099009806290268,-0.0457057133316993,-0.0120999813079834,-0.060848981142044,0.0223706569522619,-0.0275230184197425,0.0,-0.0090909004211425,-0.0099009806290268,-0.0178571250289678,0.0099999904632568,0.0090089999139308,-0.0200000144541263,-0.0263157654553651,0.0103051364421844,-0.0172413624823093,0.0,0.0265486482530832,0.0092854024842381,-0.0297029428184032,0.0092854024842381,-0.0297029428184032,0.0294710912833315,-0.0297029428184032,0.069842471201335,-0.0392156503653435,0.1404925004084174,-0.0019349820346358,0.0900282799228047,0.0168084790515061,0.0092854085962714,-0.1327433407674531,2019-02-08,2019-02-11,2019-02-12,2019-02-13,2019-02-14,2019-02-15,2019-02-19,2019-02-20,2019-02-21,2019-02-22,14033.0,2019-02-07,252.0,1.1020%,-0.0007,0.941,0.9957,0.1245,3.8604%,4.0217%,7.8629%,0.020515,ONVO,14033.0,2019-02-08,252.0,0.9285%,-0.0006,0.939,1.0079,0.1239,3.8595%,4.0212%,7.8805%,0.0087,ONVO,14033.0,2019-02-11,252.0,0.0000%,-0.0006,0.9239,1.0117,0.1181,3.8593%,4.0147%,7.5955%,-0.008352,ONVO,14033.0,2019-02-12,252.0,2.0000%,-0.0002,0.9721,0.9559,0.1527,3.8302%,3.9937%,8.0182%,0.0073329999999999,ONVO,14033.0,2019-02-13,252.0,5.8824%,0.0003,1.0143,0.9071,0.1575,3.8177%,3.9894%,8.4239%,0.0553209999999999,ONVO,14033.0,2019-02-14,252.0,-1.8519%,0.0004,1.0228,0.898,0.1612,3.8035%,3.9773%,8.5508%,-0.0202919999999999,ONVO,14033.0,2019-02-15,252.0,0.9434%,0.0003,1.0044,0.8808,0.1305,3.8020%,3.9712%,8.3413%,-0.005242,ONVO,14033.0,2019-02-19,252.0,0.0000%,0.0004,1.015,0.8612,0.1075,3.7949%,3.9675%,8.5136%,-0.004954,ONVO,14033.0,2019-02-20,252.0,0.0000%,0.0005,1.0149,0.8667,0.1086,3.7941%,3.9670%,8.5293%,-0.004515,ONVO,14033.0,2019-02-21,252.0,0.0000%,0.0005,1.0089,0.8555,0.0977,3.7932%,3.9642%,8.4438%,0.004511,ONVO,14033.0,2019-02-22,252.0,5.6075%,0.0008,1.0012,0.8956,0.0415,3.8012%,3.9775%,8.6678%,0.0461479999999999,ONVO,0.0292149999999999,0.020863,0.028196,0.063225,0.099173
37291,ORACLE CORP,This Day In Market History: DARPA Is Formed To Fight The Cold War,6,uncertain,0.3,0.1,the formation of darpa is historically significant but does not have a direct impact on oracle corp's current business operations or stock performance.,1,2019-02-07,ORCL,2019-02-07 12:40:00+00:00,10104.0,68389X10,-0.0202886685729026,14905039.0,0.016128983348608,0.0003902545431628,0.0039192782714962,0.004115283023566,-0.0001951653684955,0.0043298052623867,0.0039046651218086,0.0115469209849834,0.0011668879305943,-0.0025814350228756,0.0046620373614132,0.0151179200038313,0.0058004492893815,0.0018174505094066,-0.0048058438114821,-0.0056224656291306,0.0065675131045281,0.0121950907632708,0.0071003441698849,-0.000812366255559,0.001524425111711,0.0061300178058445,0.0007609798340126,-0.0066978246904909,-0.0041824602521955,0.0142033472657203,-0.0047728139907121,0.010819817893207,0.0072894156910479,-0.0066142971627414,-0.0089506274089217,0.0080946609377861,0.0061491099186241,-0.0022779169958084,-0.0001910262799356,0.0098285488784313,0.0043935696594417,0.0008371895528398,0.0036135150585323,-0.0020886023994535,-0.0020845292601734,0.0090621765702962,0.0026585527230054,0.015842467546463,0.0049242828972637,0.0430996045470237,-0.0001885061501525,-0.0097302617505192,-0.0020735270809382,0.0015503808390349,0.0098224496468901,0.0073628253303468,0.0108492672443389,-0.0033355909399688,-0.0259067639708519,0.0085221137851476,0.0265957731753587,0.044506948441267,-0.0235011186450719,-0.0297727584838867,-0.0005684816860593,-0.0484429411590099,0.0102388523519039,-0.0045209703966975,-0.0088212732225656,0.0130862006917595,0.0071955546736717,0.0026240746956318,0.0097762830555439,-0.0186695046722888,0.0161981526762247,-0.0133390026167035,-0.0078783491626381,-0.001901947427541,-0.0016620525857433,0.0185105595737695,-0.0044395425356924,-0.0044996589422225,0.0020438611973077,0.0145651772618293,-0.0038939195219427,-0.0145672727376222,0.0020476658828556,-0.0424615330994129,0.0070592490956187,-0.0216737259179353,-0.0033351918682456,0.0219442900270223,0.0131994625553488,0.0179540030658245,0.0023853406310081,-0.0060177859850227,-0.000732215179596,0.0158094447106123,-0.0020150323398411,-0.0169912911951541,0.0007342312019318,-0.0090349577367305,0.0018341612303629,0.0016454510623589,0.0058586541563272,0.0060003534890711,0.0043684323318302,-0.0246215425431728,-0.0030808623414486,-0.0316591560840606,0.0072714332491159,0.0106655554845929,-0.005955568049103,0.0366503037512302,0.0045388522557914,-0.0135325836017727,-0.0081330332905054,0.0058918548747897,-0.0051020882092416,-0.0274649150669574,0.0034798982087522,0.0035693100653588,0.0010950458236038,0.0033824511338025,0.016128983348608,0.0003902545431628,0.0201114755940838,0.0045071435746253,0.019912385162043,0.0088564638909798,0.0250895719657309,0.0178712807393734,0.0450019574667051,0.0410234887473217,0.0507765650359033,0.1695751973382782,0.0970511809974088,0.023901916326021,2019-02-08,2019-02-11,2019-02-12,2019-02-13,2019-02-14,2019-02-15,2019-02-19,2019-02-20,2019-02-21,2019-02-22,10104.0,2019-02-07,252.0,-2.0289%,0.0002,0.9782,-0.0697,0.1124,1.1814%,1.5750%,43.7369%,-0.011819,ORCL,10104.0,2019-02-08,252.0,1.6129%,0.0002,0.9753,-0.0669,0.1019,1.1847%,1.5766%,43.5380%,0.015959,ORCL,10104.0,2019-02-11,252.0,0.3919%,0.0003,0.9678,-0.0566,0.1036,1.1841%,1.5543%,41.9614%,0.002661,ORCL,10104.0,2019-02-12,252.0,-0.0195%,0.0002,0.9577,-0.0535,0.0979,1.1867%,1.5499%,41.3757%,-0.0132699999999999,ORCL,10104.0,2019-02-13,252.0,0.3905%,0.0002,0.9599,-0.0569,0.0975,1.1864%,1.5492%,41.3513%,0.001087,ORCL,10104.0,2019-02-14,252.0,0.1167%,0.0002,0.9588,-0.055,0.0959,1.1863%,1.5486%,41.3136%,0.003944,ORCL,10104.0,2019-02-15,252.0,0.4662%,0.0002,0.9504,-0.0633,0.0813,1.1867%,1.5440%,40.9240%,-0.006595,ORCL,10104.0,2019-02-19,252.0,0.5800%,0.0001,0.9471,-0.0554,0.0905,1.1842%,1.5371%,40.6463%,0.003834,ORCL,10104.0,2019-02-20,252.0,-0.4806%,0.0001,0.945,-0.0604,0.0829,1.1850%,1.5374%,40.5859%,-0.007081,ORCL,10104.0,2019-02-21,252.0,0.6568%,0.0002,0.9389,-0.0707,0.0716,1.1848%,1.5344%,40.3750%,0.010112,ORCL,10104.0,2019-02-22,252.0,0.7100%,0.0002,0.9383,-0.0634,0.0715,1.1844%,1.5338%,40.3634%,0.00234,ORCL,0.00414,0.006801,-0.0064689999999999,-0.0014379999999999,0.001172
37299,PENSKE AUTOMOTIVE GROUP INC,"Penske Automotive Group Q4 EPS $1.11 Misses $1.15 Estimate, Sales $5.439B Miss $5.57B Estimate",6,decrease,0.8,0.6,"the company's earnings per share and sales both missed analyst estimates, which typically leads to a negative reaction in stock prices.",0,2019-02-07,PAG,2019-02-07 12:11:00+00:00,84042.0,70959W10,-0.0791351944208145,1117170.0,-0.0328242480754852,-0.0101807946339249,-0.00190244987607,0.010285509750247,0.0376458875834941,0.0042158677242696,-0.0082663744688034,0.0119453398510813,0.0018523230683058,0.0062245312146842,0.0203374400734901,0.0088782990351319,-0.0074745598249137,-0.0066681299358606,0.0180283188819885,-0.0019321629079058,-0.0197265427559614,0.012828879058361,0.0002287248207721,0.0034911595284938,-0.0050297486595809,-0.0177882127463817,0.0130974194034934,-0.018304206430912,0.0020412825979292,0.0210526213049888,0.0058849779888987,0.0148245114833116,-0.0056255627423524,0.0125827752053737,-0.0190088301897049,-0.0057068071328103,0.0099192690104246,-0.0010962340747937,-0.0114207407459616,0.0108599662780761,-0.023798493668437,-0.0066050034947693,-0.0047337459400296,0.0145185999572277,0.0045184884220361,0.0191213320940733,0.00331437936984,0.0259224809706211,0.0002359207428526,0.0330518446862697,0.0056617525406181,0.0102364607155323,0.0056297876872122,0.017609104514122,0.0111966310068965,0.0087565286085009,-0.0078431414440274,-0.0019974536262452,-0.0090676452964544,0.0017508678138256,0.0229938887059688,0.0259173288941383,-0.0231650993227958,-0.0025594695471227,0.0009392090723849,-0.0098834112286567,0.0147782601416111,0.0162244979292154,0.0159501265734434,-0.0182047393172979,0.0052332091145217,-0.0020187189802527,0.0106383254751563,0.0198147315531969,0.0017916688229888,0.0023213864769786,0.0073776398785412,-0.0197218414396047,0.0073235244490206,0.0084140235558152,0.0077110002748668,-0.0050734896212816,-0.0288588423281908,-0.0235323458909988,0.0157586857676506,-0.0369751751422882,-0.0093084704130887,-0.0042755417525768,0.0178970750421285,-0.0388128049671649,-0.0065933899022638,0.004587173461914,0.0174778960645198,0.0050714015960693,-0.0071755126118659,-0.0297472160309553,0.0205869171768426,0.0099389795213937,-0.0184548683464527,-0.0085106622427701,0.0032793551217764,0.0108671812340617,-0.0278927609324455,0.0219804923981428,0.0197265427559614,0.0215079132467508,0.0129698859527707,-0.0169609561562538,0.0019530454883351,0.0020954634528607,0.0099632423371076,-0.0149082047864794,-0.0087926192209124,-0.0106648793444037,-0.0064907623454928,0.0077749863266944,-0.0121950693428516,-0.0059104827232658,0.0037477549631148,-0.0029464473482221,0.0131781753152608,-0.018901539966464,0.0045523322187364,0.0059907152317464,-0.0328242480754852,-0.0101807946339249,-0.0346642514648719,4.5384962454875217e-10,0.0016766696048096,0.0042158681800326,-0.0047634737099931,0.0225370086350888,0.0060468417549035,0.0394937270228152,-0.0204038995878914,0.2193498809879461,0.0658483992728062,0.0657192712180156,2019-02-08,2019-02-11,2019-02-12,2019-02-13,2019-02-14,2019-02-15,2019-02-19,2019-02-20,2019-02-21,2019-02-22,84042.0,2019-02-07,252.0,-7.9135%,-0.0002,0.8534,0.793,0.578,1.3438%,1.6220%,31.3634%,-0.072718,PAG,84042.0,2019-02-08,252.0,-3.2824%,-0.0002,0.8584,0.8047,0.6069,1.3565%,1.6349%,31.1589%,-0.0301,PAG,84042.0,2019-02-11,252.0,-0.1902%,-0.0003,0.8727,0.7781,0.5999,1.3555%,1.6338%,31.1608%,-0.009911,PAG,84042.0,2019-02-12,252.0,3.7646%,-0.0002,0.8851,0.7818,0.6056,1.3659%,1.6496%,31.4410%,0.026542,PAG,84042.0,2019-02-13,252.0,-0.8266%,-0.0003,0.8793,0.7869,0.6037,1.3667%,1.6475%,31.1881%,-0.011738,PAG,84042.0,2019-02-14,252.0,0.1852%,-0.0002,0.8801,0.7896,0.5981,1.3582%,1.6415%,31.5395%,0.003008,PAG,84042.0,2019-02-15,252.0,2.0337%,-0.0001,0.8949,0.8035,0.6228,1.3560%,1.6463%,32.1526%,0.005447,PAG,84042.0,2019-02-19,252.0,-0.7475%,-0.0001,0.8959,0.7899,0.6074,1.3564%,1.6464%,32.1261%,-0.0134729999999999,PAG,84042.0,2019-02-20,252.0,1.8028%,-0.0001,0.8992,0.7977,0.6192,1.3583%,1.6503%,32.2610%,0.011147,PAG,84042.0,2019-02-21,252.0,-1.9727%,-0.0001,0.8988,0.7937,0.6185,1.3597%,1.6500%,32.0914%,-0.014517,PAG,84042.0,2019-02-22,252.0,0.0229%,-0.0001,0.8989,0.7929,0.6196,1.3597%,1.6498%,32.0723%,-0.000986,PAG,-0.102818,-0.112729,-0.086187,-0.094917,-0.107299
37307,PRESTIGE CONSUMER HEALTHCARE INC,"Prestige Sees FY19 Adj. EPS $2.75-$2.78 vs $2.76 Estimate, Sales $970M-$975M vs $972M Est.",6,uncertain,0.6,0.3,"while the adjusted eps guidance is slightly below the estimate, the sales forecast is also close to expectations, leading to uncertainty in the stock's reaction.",1,2019-02-07,PBH,2019-02-07 11:12:00+00:00,90564.0,74112D10,-0.0459039285778999,1226774.0,0.018134705722332,0.0035435997415333,0.0276263263076543,-0.0014154606033116,0.0293597429990768,0.0228013414889574,-0.0127148050814867,-0.0103868525475263,-0.0076574771665036,0.012327779084444,0.0003507621586322,0.0010889541590586,0.0042075361125171,0.0010900718625634,0.0143156377598643,0.0073206722736358,-0.0034422883763909,-0.0036469870246946,0.0193436779081821,0.011434874497354,-0.016604533419013,-0.013823177665472,-0.0134390518069267,-0.0136347701773047,0.0157178062945604,-0.0172778479754924,0.0061898315325379,-0.0101221296936273,0.0006835426320321,0.019572926685214,-0.0218579676002264,-0.0150718642398715,-0.0136172976344823,-0.0908221304416656,-0.0361062102019786,0.006737217772752,-0.0051413658075034,0.0084115248173475,0.0022148196585476,-0.0255359224975109,-0.0132596213370561,0.0089058130979537,0.008585276082158,0.0019120896467939,0.0355292037129402,0.0387289002537727,0.0028591824229806,-0.0162813421338796,0.009265867061913,-0.0055051841773092,0.0045904330909252,0.0088205989450216,0.0049208924174308,0.0085667287930846,-0.004547081887722,-0.0244294516742229,0.0189740322530269,0.0624999962747097,-0.0086206896230578,-0.0207357499748468,-0.0006956681027077,-0.0183847490698099,0.0048730005510151,-0.0084635494276881,0.0207827668637037,-0.02476192638278,0.0105192186310887,0.0148195577785372,0.0043653175234794,-0.0330217331647872,-0.0187228173017501,-0.0386343486607074,-0.0306643825024366,-0.0053619393147528,-0.0087873460724949,-0.0103183519095182,0.0113475061953067,-0.0067350906319916,0.0021037680562585,-0.0508615337312221,-0.002099351491779,0.0005561862490139,-0.0182328354567289,-0.0233568884432315,0.0042857443913817,-0.0338494069874286,0.006756707560271,-0.0182895176112651,0.0017662008758634,-0.0028256000950932,0.0021156370639801,0.0059431404806673,0.0161857530474662,0.0168155375868082,-0.0425900146365165,-0.0039256140589714,0.0155515484511852,0.0020980334375053,0.0081908665597438,0.0068656494840979,0.0088308015838265,0.0055761840194463,0.0224090088158845,-0.0141361495479941,-0.0119863143190741,0.0,0.0152513179928064,0.0057925544679164,0.0006827773759141,-0.0198709797114133,0.0037530062254518,-0.0002579546417109,-0.0132562676444649,-0.0102145439013838,0.0130898775532841,-0.0163275934755802,0.0098606226965785,-0.0273637659847736,0.0289561841636896,-0.0087188323959708,0.018134705722332,0.0035435997415333,0.0462620273277647,0.0021231233123937,0.0769800115598009,0.0249728748610202,0.0551443291486859,0.0268310273925684,0.0921539522964416,0.0446329400408949,0.0640266327967731,-0.0528428068129178,0.1310140239510941,-0.3141196621983266,2019-02-08,2019-02-11,2019-02-12,2019-02-13,2019-02-14,2019-02-15,2019-02-19,2019-02-20,2019-02-21,2019-02-22,90564.0,2019-02-07,252.0,-4.5904%,-0.0009,1.0075,0.3838,0.6426,2.3882%,2.5911%,15.0479%,-0.038626,PBH,90564.0,2019-02-08,252.0,1.8135%,-0.0008,1.0034,0.387,0.6275,2.3915%,2.5931%,14.9441%,0.02137,PBH,90564.0,2019-02-11,252.0,2.7626%,-0.0006,0.9937,0.4273,0.6442,2.3948%,2.5864%,14.2626%,0.022124,PBH,90564.0,2019-02-12,252.0,2.9360%,-0.0003,1.0362,0.3857,0.6733,2.3701%,2.5779%,15.4725%,0.016755,PBH,90564.0,2019-02-13,252.0,-1.2715%,-0.0004,1.0372,0.3775,0.6679,2.3718%,2.5790%,15.4249%,-0.016419,PBH,90564.0,2019-02-14,252.0,-0.7657%,-0.0003,1.0399,0.3767,0.6656,2.3650%,2.5740%,15.5769%,-0.003668,PBH,90564.0,2019-02-15,252.0,0.0351%,-0.0004,1.0089,0.3473,0.6132,2.3615%,2.5583%,14.7918%,-0.015636,PBH,90564.0,2019-02-19,252.0,0.4208%,-0.0005,1.0075,0.3491,0.6153,2.3613%,2.5572%,14.7355%,-0.000656,PBH,90564.0,2019-02-20,252.0,1.4316%,-0.0005,1.009,0.3485,0.6198,2.3612%,2.5579%,14.7826%,0.008149,PBH,90564.0,2019-02-21,252.0,-0.3442%,-0.0004,1.0084,0.3478,0.6186,2.3613%,2.5573%,14.7402%,0.0018609999999999,PBH,90564.0,2019-02-22,252.0,1.9344%,-0.0003,1.0047,0.3715,0.5962,2.3630%,2.5587%,14.7143%,0.01987,PBH,-0.017256,0.004868,0.021623,0.001536,0.015124
37315,PRESTIGE CONSUMER HEALTHCARE INC,"Prestige Brands Holdings Q3 EPS $0.73 Misses $0.74 Estimate, Sales $241.4M Miss $243.26M Estimate",6,decrease,0.75,0.6,"the company reported earnings and sales that missed analyst estimates, which typically leads to a negative reaction in stock prices.",0,2019-02-07,PBH,2019-02-07 11:12:00+00:00,90564.0,74112D10,-0.0459039285778999,1226774.0,0.018134705722332,0.0035435997415333,0.0276263263076543,-0.0014154606033116,0.0293597429990768,0.0228013414889574,-0.0127148050814867,-0.0103868525475263,-0.0076574771665036,0.012327779084444,0.0003507621586322,0.0010889541590586,0.0042075361125171,0.0010900718625634,0.0143156377598643,0.0073206722736358,-0.0034422883763909,-0.0036469870246946,0.0193436779081821,0.011434874497354,-0.016604533419013,-0.013823177665472,-0.0134390518069267,-0.0136347701773047,0.0157178062945604,-0.0172778479754924,0.0061898315325379,-0.0101221296936273,0.0006835426320321,0.019572926685214,-0.0218579676002264,-0.0150718642398715,-0.0136172976344823,-0.0908221304416656,-0.0361062102019786,0.006737217772752,-0.0051413658075034,0.0084115248173475,0.0022148196585476,-0.0255359224975109,-0.0132596213370561,0.0089058130979537,0.008585276082158,0.0019120896467939,0.0355292037129402,0.0387289002537727,0.0028591824229806,-0.0162813421338796,0.009265867061913,-0.0055051841773092,0.0045904330909252,0.0088205989450216,0.0049208924174308,0.0085667287930846,-0.004547081887722,-0.0244294516742229,0.0189740322530269,0.0624999962747097,-0.0086206896230578,-0.0207357499748468,-0.0006956681027077,-0.0183847490698099,0.0048730005510151,-0.0084635494276881,0.0207827668637037,-0.02476192638278,0.0105192186310887,0.0148195577785372,0.0043653175234794,-0.0330217331647872,-0.0187228173017501,-0.0386343486607074,-0.0306643825024366,-0.0053619393147528,-0.0087873460724949,-0.0103183519095182,0.0113475061953067,-0.0067350906319916,0.0021037680562585,-0.0508615337312221,-0.002099351491779,0.0005561862490139,-0.0182328354567289,-0.0233568884432315,0.0042857443913817,-0.0338494069874286,0.006756707560271,-0.0182895176112651,0.0017662008758634,-0.0028256000950932,0.0021156370639801,0.0059431404806673,0.0161857530474662,0.0168155375868082,-0.0425900146365165,-0.0039256140589714,0.0155515484511852,0.0020980334375053,0.0081908665597438,0.0068656494840979,0.0088308015838265,0.0055761840194463,0.0224090088158845,-0.0141361495479941,-0.0119863143190741,0.0,0.0152513179928064,0.0057925544679164,0.0006827773759141,-0.0198709797114133,0.0037530062254518,-0.0002579546417109,-0.0132562676444649,-0.0102145439013838,0.0130898775532841,-0.0163275934755802,0.0098606226965785,-0.0273637659847736,0.0289561841636896,-0.0087188323959708,0.018134705722332,0.0035435997415333,0.0462620273277647,0.0021231233123937,0.0769800115598009,0.0249728748610202,0.0551443291486859,0.0268310273925684,0.0921539522964416,0.0446329400408949,0.0640266327967731,-0.0528428068129178,0.1310140239510941,-0.3141196621983266,2019-02-08,2019-02-11,2019-02-12,2019-02-13,2019-02-14,2019-02-15,2019-02-19,2019-02-20,2019-02-21,2019-02-22,90564.0,2019-02-07,252.0,-4.5904%,-0.0009,1.0075,0.3838,0.6426,2.3882%,2.5911%,15.0479%,-0.038626,PBH,90564.0,2019-02-08,252.0,1.8135%,-0.0008,1.0034,0.387,0.6275,2.3915%,2.5931%,14.9441%,0.02137,PBH,90564.0,2019-02-11,252.0,2.7626%,-0.0006,0.9937,0.4273,0.6442,2.3948%,2.5864%,14.2626%,0.022124,PBH,90564.0,2019-02-12,252.0,2.9360%,-0.0003,1.0362,0.3857,0.6733,2.3701%,2.5779%,15.4725%,0.016755,PBH,90564.0,2019-02-13,252.0,-1.2715%,-0.0004,1.0372,0.3775,0.6679,2.3718%,2.5790%,15.4249%,-0.016419,PBH,90564.0,2019-02-14,252.0,-0.7657%,-0.0003,1.0399,0.3767,0.6656,2.3650%,2.5740%,15.5769%,-0.003668,PBH,90564.0,2019-02-15,252.0,0.0351%,-0.0004,1.0089,0.3473,0.6132,2.3615%,2.5583%,14.7918%,-0.015636,PBH,90564.0,2019-02-19,252.0,0.4208%,-0.0005,1.0075,0.3491,0.6153,2.3613%,2.5572%,14.7355%,-0.000656,PBH,90564.0,2019-02-20,252.0,1.4316%,-0.0005,1.009,0.3485,0.6198,2.3612%,2.5579%,14.7826%,0.008149,PBH,90564.0,2019-02-21,252.0,-0.3442%,-0.0004,1.0084,0.3478,0.6186,2.3613%,2.5573%,14.7402%,0.0018609999999999,PBH,90564.0,2019-02-22,252.0,1.9344%,-0.0003,1.0047,0.3715,0.5962,2.3630%,2.5587%,14.7143%,0.01987,PBH,-0.017256,0.004868,0.021623,0.001536,0.015124
37323,P G & E CORP,PG&E Option Alert: Jun 21 $15 Calls Sweep (15) near the Ask: 741 @ $2.4 vs 914 OI; Earnings 2/14 Before Open [est] Ref=$13.8681,6,increase,0.7,0.6,"the significant call option activity suggests bullish sentiment among investors, indicating they expect the stock price to rise, especially ahead of the upcoming earnings report.",2,2019-02-07,PCG,2019-02-07 19:31:00+00:00,13688.0,69331C10,0.0285296514630317,8918497.0,0.0099572818726301,-0.0291193071752786,0.0091549381613731,0.0594431869685649,0.0767620652914047,0.0160550493746995,-0.0142579562962055,0.0061538401059806,0.0170940328389406,-0.049012441188097,0.0006463655736297,-0.0228734593838453,0.1459948569536209,0.1648625731468201,0.0264937616884708,0.0203908029943704,0.065348744392395,-0.1562723517417908,-0.0324741825461387,0.7459324598312378,-0.0063932249322533,0.0376623347401619,-0.0069704647175967,0.0650068894028663,-0.0388769544661045,0.1367924362421036,-0.0432583466172218,-0.0953058376908302,0.0516734644770622,0.0173661895096302,0.0078168278560042,-0.1754176914691925,0.0144044458866119,-0.5235929489135742,0.0027308107819408,-0.0095720766112208,0.0386709719896316,-0.0039259502664208,0.0167802665382623,0.0153758805245161,-0.0005157415871508,-0.0733509883284568,-0.0082559268921613,-0.223360612988472,0.0124869812279939,0.0187890958040952,0.0025694319047033,0.0063025853596627,0.0071757757104933,0.0021052309311926,-0.0111958943307399,-0.0058601670898497,-0.0185280796140432,0.0122880935668945,0.0005243958439677,0.0115731013938784,-0.0015723630785942,0.0077753914520144,0.0194226168096065,0.0175824016332626,-0.0623069517314434,-0.0461216084659099,-0.014277777634561,0.0042105424217879,-0.0150418076664209,0.031711533665657,-0.0243212841451168,-0.0581014752388,0.0318840146064758,-0.0603613853454589,0.0117978090420365,-0.0188608076423406,-0.019433669745922,0.0045472090132534,0.0458663366734981,0.0126630822196602,0.0211153924465179,0.0065662451088428,0.0270413681864738,0.0038774125277996,0.0160041023045778,-0.0092201214283704,-0.0436992160975933,-0.0269158612936735,0.002656809054315,-0.0132792545482516,0.0137783950194716,0.0276725348085165,0.206482008099556,-0.0142003390938043,0.0277296099811792,-0.0254915840923786,-0.0615513958036899,0.0181683264672756,-0.0184186808764934,0.0736464336514473,-0.0389016196131706,0.0536913052201271,0.0190476011484861,-0.0189300049096345,0.0060748164542019,0.0336026810109615,0.0650255233049392,0.0107480650767684,0.0069777518510818,-0.0467212870717048,0.0138587998226285,0.3754227757453918,0.0004271776706445,-0.3067604601383209,-0.0384286753833293,-0.2179095596075058,-0.036412063986063,-0.0078835152089595,-0.0341014601290226,-0.1738476753234863,0.0252862926572561,-0.1648535877466202,-0.0069799730554223,-0.0204918030649423,0.0099572818726301,-0.0291193071752786,0.0192033783338025,0.0285929353724712,0.0974395346066823,0.0451070457363433,0.1002844826093121,9.949197021796864e-11,0.3349928949431002,0.7108886969136741,0.3812233050091644,-0.3991208607724086,0.5177809084447764,-0.7198770360735591,2019-02-08,2019-02-11,2019-02-12,2019-02-13,2019-02-14,2019-02-15,2019-02-19,2019-02-20,2019-02-21,2019-02-22,13688.0,2019-02-07,252.0,2.8530%,-0.0013,0.5617,0.0851,0.2662,7.5372%,7.5583%,0.5582%,0.032772,PCG,13688.0,2019-02-08,252.0,0.9957%,-0.0012,0.5594,0.0887,0.2587,7.5374%,7.5584%,0.5550%,0.011146,PCG,13688.0,2019-02-11,252.0,0.9155%,-0.0011,0.5453,0.1133,0.2647,7.5372%,7.5563%,0.5043%,0.0070909999999999,PCG,13688.0,2019-02-12,252.0,7.6762%,-0.0009,0.5813,0.1191,0.282,7.5503%,7.5719%,0.5702%,0.069673,PCG,13688.0,2019-02-13,252.0,-1.4258%,-0.001,0.5724,0.1279,0.2798,7.5504%,7.5713%,0.5508%,-0.016254,PCG,13688.0,2019-02-14,252.0,1.7094%,-0.001,0.5668,0.1384,0.2697,7.5511%,7.5717%,0.5431%,0.019154,PCG,13688.0,2019-02-15,252.0,0.0646%,-0.0009,0.586,0.1549,0.2998,7.5490%,7.5708%,0.5741%,-0.007499,PCG,13688.0,2019-02-19,252.0,14.5995%,-0.0003,0.6097,0.2515,0.4066,7.6025%,7.6257%,0.6086%,0.143433,PCG,13688.0,2019-02-20,252.0,2.6494%,-0.0003,0.6152,0.2593,0.4248,7.6036%,7.6272%,0.6195%,0.022446,PCG,13688.0,2019-02-21,252.0,6.5349%,0.0,0.5978,0.2393,0.3925,7.6159%,7.6382%,0.5822%,0.068683,PCG,13688.0,2019-02-22,252.0,-3.2474%,-0.0001,0.6022,0.24,0.4451,7.6184%,7.6408%,0.5860%,-0.032006,PCG,0.043918,0.051009,0.120682,0.123582,0.318639
37331,P G & E CORP,PG&E Submits 2019 Wildfire Safety Plan to CPUC,6,increase,0.7,0.6,"submitting a wildfire safety plan may be viewed positively by investors as it demonstrates pg&e's commitment to addressing safety concerns and regulatory compliance, potentially reducing future liabilities.",2,2019-02-07,PCG,2019-02-07 09:09:00+00:00,13688.0,69331C10,0.0285296514630317,8918497.0,0.0099572818726301,-0.0291193071752786,0.0091549381613731,0.0594431869685649,0.0767620652914047,0.0160550493746995,-0.0142579562962055,0.0061538401059806,0.0170940328389406,-0.049012441188097,0.0006463655736297,-0.0228734593838453,0.1459948569536209,0.1648625731468201,0.0264937616884708,0.0203908029943704,0.065348744392395,-0.1562723517417908,-0.0324741825461387,0.7459324598312378,-0.0063932249322533,0.0376623347401619,-0.0069704647175967,0.0650068894028663,-0.0388769544661045,0.1367924362421036,-0.0432583466172218,-0.0953058376908302,0.0516734644770622,0.0173661895096302,0.0078168278560042,-0.1754176914691925,0.0144044458866119,-0.5235929489135742,0.0027308107819408,-0.0095720766112208,0.0386709719896316,-0.0039259502664208,0.0167802665382623,0.0153758805245161,-0.0005157415871508,-0.0733509883284568,-0.0082559268921613,-0.223360612988472,0.0124869812279939,0.0187890958040952,0.0025694319047033,0.0063025853596627,0.0071757757104933,0.0021052309311926,-0.0111958943307399,-0.0058601670898497,-0.0185280796140432,0.0122880935668945,0.0005243958439677,0.0115731013938784,-0.0015723630785942,0.0077753914520144,0.0194226168096065,0.0175824016332626,-0.0623069517314434,-0.0461216084659099,-0.014277777634561,0.0042105424217879,-0.0150418076664209,0.031711533665657,-0.0243212841451168,-0.0581014752388,0.0318840146064758,-0.0603613853454589,0.0117978090420365,-0.0188608076423406,-0.019433669745922,0.0045472090132534,0.0458663366734981,0.0126630822196602,0.0211153924465179,0.0065662451088428,0.0270413681864738,0.0038774125277996,0.0160041023045778,-0.0092201214283704,-0.0436992160975933,-0.0269158612936735,0.002656809054315,-0.0132792545482516,0.0137783950194716,0.0276725348085165,0.206482008099556,-0.0142003390938043,0.0277296099811792,-0.0254915840923786,-0.0615513958036899,0.0181683264672756,-0.0184186808764934,0.0736464336514473,-0.0389016196131706,0.0536913052201271,0.0190476011484861,-0.0189300049096345,0.0060748164542019,0.0336026810109615,0.0650255233049392,0.0107480650767684,0.0069777518510818,-0.0467212870717048,0.0138587998226285,0.3754227757453918,0.0004271776706445,-0.3067604601383209,-0.0384286753833293,-0.2179095596075058,-0.036412063986063,-0.0078835152089595,-0.0341014601290226,-0.1738476753234863,0.0252862926572561,-0.1648535877466202,-0.0069799730554223,-0.0204918030649423,0.0099572818726301,-0.0291193071752786,0.0192033783338025,0.0285929353724712,0.0974395346066823,0.0451070457363433,0.1002844826093121,9.949197021796864e-11,0.3349928949431002,0.7108886969136741,0.3812233050091644,-0.3991208607724086,0.5177809084447764,-0.7198770360735591,2019-02-08,2019-02-11,2019-02-12,2019-02-13,2019-02-14,2019-02-15,2019-02-19,2019-02-20,2019-02-21,2019-02-22,13688.0,2019-02-07,252.0,2.8530%,-0.0013,0.5617,0.0851,0.2662,7.5372%,7.5583%,0.5582%,0.032772,PCG,13688.0,2019-02-08,252.0,0.9957%,-0.0012,0.5594,0.0887,0.2587,7.5374%,7.5584%,0.5550%,0.011146,PCG,13688.0,2019-02-11,252.0,0.9155%,-0.0011,0.5453,0.1133,0.2647,7.5372%,7.5563%,0.5043%,0.0070909999999999,PCG,13688.0,2019-02-12,252.0,7.6762%,-0.0009,0.5813,0.1191,0.282,7.5503%,7.5719%,0.5702%,0.069673,PCG,13688.0,2019-02-13,252.0,-1.4258%,-0.001,0.5724,0.1279,0.2798,7.5504%,7.5713%,0.5508%,-0.016254,PCG,13688.0,2019-02-14,252.0,1.7094%,-0.001,0.5668,0.1384,0.2697,7.5511%,7.5717%,0.5431%,0.019154,PCG,13688.0,2019-02-15,252.0,0.0646%,-0.0009,0.586,0.1549,0.2998,7.5490%,7.5708%,0.5741%,-0.007499,PCG,13688.0,2019-02-19,252.0,14.5995%,-0.0003,0.6097,0.2515,0.4066,7.6025%,7.6257%,0.6086%,0.143433,PCG,13688.0,2019-02-20,252.0,2.6494%,-0.0003,0.6152,0.2593,0.4248,7.6036%,7.6272%,0.6195%,0.022446,PCG,13688.0,2019-02-21,252.0,6.5349%,0.0,0.5978,0.2393,0.3925,7.6159%,7.6382%,0.5822%,0.068683,PCG,13688.0,2019-02-22,252.0,-3.2474%,-0.0001,0.6022,0.24,0.4451,7.6184%,7.6408%,0.5860%,-0.032006,PCG,0.043918,0.051009,0.120682,0.123582,0.318639
37339,PAYLOCITY HOLDING CORP,"Bank of America Earlier Reiterated Buy on Paylocity Holding, Raised Price Target to $89",6,increase,0.8,0.6,the reiteration of a 'buy' rating and an increase in the price target typically signals positive sentiment and can lead to an increase in stock price.,2,2019-02-07,PCTY,2019-02-07 16:09:00+00:00,14547.0,70438V10,0.0058276653289794,459074.0,0.0188609305769205,0.0347703248262405,0.0078645069152116,0.0014133445220068,0.001440517604351,0.0652888640761375,-0.0092303603887557,0.028579456731677,0.0141560574993491,0.030465668067336,0.0064423875883221,0.0275789871811866,0.0271455775946378,-0.0066636600531637,-0.0015003448352217,-0.0089521659538149,0.0084373950958251,0.014894250780344,0.0244125761091709,0.0085624111816287,-0.0279704649001359,0.0045269816182553,-0.0253222491592168,-0.0015067966887727,0.0226735733449459,0.0160747561603784,0.011200938373804,0.0150738339871168,-0.0060522872954607,0.0106800738722086,-0.0443474315106868,0.0282622743397951,0.0001202468920382,-0.0095969652757048,-0.0173098016530275,0.0030482693109661,-0.0003669575380627,0.0003209831193089,0.0034263187553733,0.0009638774790801,0.0213414635509252,0.0159947704523801,0.0026268803048878,0.0097231399267911,0.0061926478520035,0.0588029809296131,0.0289975702762603,-0.0376154147088527,-0.0039107883349061,-0.0109616322442889,-0.0048498632386326,0.0095573393628001,0.0175214912742376,0.0031959398183971,-0.0034211773891001,0.0185026880353689,0.0360453315079212,0.0645631402730941,-0.0555555410683155,0.0060550794005393,0.0077183488756418,-0.0753308236598968,0.0250667724758386,-0.0425601489841938,-0.0152835780754685,-0.0050104665569961,0.0123016741126775,0.0262066349387168,0.0129471821710467,-0.0504016503691673,0.0008968965266831,-0.0193079430609941,0.0020163583103567,-0.0009260059450753,0.002683124737814,0.0271041821688413,-0.0463820211589336,0.0055785537697374,-0.0005845366977155,0.0107942968606948,-0.0018718256615102,-0.0422773957252502,-0.0028129145503044,-0.0007709381752647,0.0145744923502206,-0.0335270464420318,0.0053289979696273,0.0004472089931368,0.0130214896053075,0.0272587854415178,0.0163803286850452,0.0201531145721674,0.0102965664118528,0.0521039105951786,0.008197690360248,-0.0271826144307851,-0.0213163644075393,0.0318429358303546,0.0233524404466152,-0.0019759417045861,0.0389467403292655,0.0379422530531883,-0.0208024680614471,-0.0113214254379272,0.0071173948235809,-0.0737204402685165,0.0240925159305334,-0.0018747498979792,0.0007319081341847,0.0438682734966278,0.0087765539065003,0.0021245477255433,-0.0155359916388988,-0.0048788916319608,0.009363486431539,-0.0333280749619007,0.0296017955988645,0.0132208000868558,-0.0169062372297048,-0.0378544256091117,0.0188609305769205,0.0347703248262405,0.0268737694110816,0.0362328117963688,0.0283529991533646,0.1038872749969757,0.0332839842783989,0.1700275829999638,0.1018243868605917,0.2115067161548292,0.0541173509310133,0.4798165448206011,0.1971153582516405,0.2360153494866528,2019-02-08,2019-02-11,2019-02-12,2019-02-13,2019-02-14,2019-02-15,2019-02-19,2019-02-20,2019-02-21,2019-02-22,14547.0,2019-02-07,252.0,0.5828%,0.0017,1.241,0.8482,-1.1225,1.6971%,2.5207%,54.6686%,0.0227689999999999,PCTY,14547.0,2019-02-08,252.0,1.8861%,0.0017,1.2397,0.8477,-1.1287,1.6978%,2.5226%,54.7027%,0.009474,PCTY,14547.0,2019-02-11,252.0,0.7865%,0.0018,1.235,0.8539,-1.1278,1.6976%,2.5038%,54.0260%,0.0030299999999999,PCTY,14547.0,2019-02-12,252.0,0.1441%,0.0019,1.2565,0.8123,-1.1093,1.6675%,2.4879%,55.0797%,-0.017544,PCTY,14547.0,2019-02-13,252.0,-0.9230%,0.0019,1.2604,0.7999,-1.115,1.6679%,2.4890%,55.0964%,-0.012559,PCTY,14547.0,2019-02-14,252.0,1.4156%,0.0021,1.262,0.8036,-1.1235,1.6493%,2.4812%,55.8156%,0.006076,PCTY,14547.0,2019-02-15,252.0,0.6442%,0.002,1.2451,0.7877,-1.152,1.6470%,2.4740%,55.6842%,-0.004535,PCTY,14547.0,2019-02-19,252.0,2.7146%,0.0021,1.2515,0.8001,-1.1385,1.6535%,2.4768%,55.4339%,0.025852,PCTY,14547.0,2019-02-20,252.0,-0.1500%,0.0021,1.2513,0.8008,-1.139,1.6534%,2.4770%,55.4410%,0.000523,PCTY,14547.0,2019-02-21,252.0,0.8437%,0.0021,1.254,0.8082,-1.1341,1.6523%,2.4771%,55.5048%,0.010908,PCTY,14547.0,2019-02-22,252.0,2.4413%,0.002,1.2554,0.7966,-1.1279,1.6522%,2.4806%,55.6354%,-0.004955,PCTY,0.0322429999999999,0.0352729999999999,0.0177289999999999,0.0112459999999999,0.039039
37347,PAYLOCITY HOLDING CORP,"UPDATE: Raymond James Reiterates Outperform On Paylocity As Q2 'showed upside across all metrics'; Firm Thinks 'shares remain a core small cap growth holding, and would encourage investors to continue accumulating shares'",6,increase,0.8,0.6,"the positive reiteration from raymond james, highlighting upside across all metrics and encouraging accumulation of shares, suggests strong investor confidence, likely leading to an increase in stock price.",2,2019-02-07,PCTY,2019-02-07 15:34:00+00:00,14547.0,70438V10,0.0058276653289794,459074.0,0.0188609305769205,0.0347703248262405,0.0078645069152116,0.0014133445220068,0.001440517604351,0.0652888640761375,-0.0092303603887557,0.028579456731677,0.0141560574993491,0.030465668067336,0.0064423875883221,0.0275789871811866,0.0271455775946378,-0.0066636600531637,-0.0015003448352217,-0.0089521659538149,0.0084373950958251,0.014894250780344,0.0244125761091709,0.0085624111816287,-0.0279704649001359,0.0045269816182553,-0.0253222491592168,-0.0015067966887727,0.0226735733449459,0.0160747561603784,0.011200938373804,0.0150738339871168,-0.0060522872954607,0.0106800738722086,-0.0443474315106868,0.0282622743397951,0.0001202468920382,-0.0095969652757048,-0.0173098016530275,0.0030482693109661,-0.0003669575380627,0.0003209831193089,0.0034263187553733,0.0009638774790801,0.0213414635509252,0.0159947704523801,0.0026268803048878,0.0097231399267911,0.0061926478520035,0.0588029809296131,0.0289975702762603,-0.0376154147088527,-0.0039107883349061,-0.0109616322442889,-0.0048498632386326,0.0095573393628001,0.0175214912742376,0.0031959398183971,-0.0034211773891001,0.0185026880353689,0.0360453315079212,0.0645631402730941,-0.0555555410683155,0.0060550794005393,0.0077183488756418,-0.0753308236598968,0.0250667724758386,-0.0425601489841938,-0.0152835780754685,-0.0050104665569961,0.0123016741126775,0.0262066349387168,0.0129471821710467,-0.0504016503691673,0.0008968965266831,-0.0193079430609941,0.0020163583103567,-0.0009260059450753,0.002683124737814,0.0271041821688413,-0.0463820211589336,0.0055785537697374,-0.0005845366977155,0.0107942968606948,-0.0018718256615102,-0.0422773957252502,-0.0028129145503044,-0.0007709381752647,0.0145744923502206,-0.0335270464420318,0.0053289979696273,0.0004472089931368,0.0130214896053075,0.0272587854415178,0.0163803286850452,0.0201531145721674,0.0102965664118528,0.0521039105951786,0.008197690360248,-0.0271826144307851,-0.0213163644075393,0.0318429358303546,0.0233524404466152,-0.0019759417045861,0.0389467403292655,0.0379422530531883,-0.0208024680614471,-0.0113214254379272,0.0071173948235809,-0.0737204402685165,0.0240925159305334,-0.0018747498979792,0.0007319081341847,0.0438682734966278,0.0087765539065003,0.0021245477255433,-0.0155359916388988,-0.0048788916319608,0.009363486431539,-0.0333280749619007,0.0296017955988645,0.0132208000868558,-0.0169062372297048,-0.0378544256091117,0.0188609305769205,0.0347703248262405,0.0268737694110816,0.0362328117963688,0.0283529991533646,0.1038872749969757,0.0332839842783989,0.1700275829999638,0.1018243868605917,0.2115067161548292,0.0541173509310133,0.4798165448206011,0.1971153582516405,0.2360153494866528,2019-02-08,2019-02-11,2019-02-12,2019-02-13,2019-02-14,2019-02-15,2019-02-19,2019-02-20,2019-02-21,2019-02-22,14547.0,2019-02-07,252.0,0.5828%,0.0017,1.241,0.8482,-1.1225,1.6971%,2.5207%,54.6686%,0.0227689999999999,PCTY,14547.0,2019-02-08,252.0,1.8861%,0.0017,1.2397,0.8477,-1.1287,1.6978%,2.5226%,54.7027%,0.009474,PCTY,14547.0,2019-02-11,252.0,0.7865%,0.0018,1.235,0.8539,-1.1278,1.6976%,2.5038%,54.0260%,0.0030299999999999,PCTY,14547.0,2019-02-12,252.0,0.1441%,0.0019,1.2565,0.8123,-1.1093,1.6675%,2.4879%,55.0797%,-0.017544,PCTY,14547.0,2019-02-13,252.0,-0.9230%,0.0019,1.2604,0.7999,-1.115,1.6679%,2.4890%,55.0964%,-0.012559,PCTY,14547.0,2019-02-14,252.0,1.4156%,0.0021,1.262,0.8036,-1.1235,1.6493%,2.4812%,55.8156%,0.006076,PCTY,14547.0,2019-02-15,252.0,0.6442%,0.002,1.2451,0.7877,-1.152,1.6470%,2.4740%,55.6842%,-0.004535,PCTY,14547.0,2019-02-19,252.0,2.7146%,0.0021,1.2515,0.8001,-1.1385,1.6535%,2.4768%,55.4339%,0.025852,PCTY,14547.0,2019-02-20,252.0,-0.1500%,0.0021,1.2513,0.8008,-1.139,1.6534%,2.4770%,55.4410%,0.000523,PCTY,14547.0,2019-02-21,252.0,0.8437%,0.0021,1.254,0.8082,-1.1341,1.6523%,2.4771%,55.5048%,0.010908,PCTY,14547.0,2019-02-22,252.0,2.4413%,0.002,1.2554,0.7966,-1.1279,1.6522%,2.4806%,55.6354%,-0.004955,PCTY,0.0322429999999999,0.0352729999999999,0.0177289999999999,0.0112459999999999,0.039039
37355,PAYLOCITY HOLDING CORP,"Raymond James Reiterates Outperform on Paylocity Holding, Raises Price Target to $88",6,increase,0.8,0.6,the reiteration of an 'outperform' rating and an increase in the price target typically signals positive sentiment and potential for stock price appreciation.,2,2019-02-07,PCTY,2019-02-07 15:29:00+00:00,14547.0,70438V10,0.0058276653289794,459074.0,0.0188609305769205,0.0347703248262405,0.0078645069152116,0.0014133445220068,0.001440517604351,0.0652888640761375,-0.0092303603887557,0.028579456731677,0.0141560574993491,0.030465668067336,0.0064423875883221,0.0275789871811866,0.0271455775946378,-0.0066636600531637,-0.0015003448352217,-0.0089521659538149,0.0084373950958251,0.014894250780344,0.0244125761091709,0.0085624111816287,-0.0279704649001359,0.0045269816182553,-0.0253222491592168,-0.0015067966887727,0.0226735733449459,0.0160747561603784,0.011200938373804,0.0150738339871168,-0.0060522872954607,0.0106800738722086,-0.0443474315106868,0.0282622743397951,0.0001202468920382,-0.0095969652757048,-0.0173098016530275,0.0030482693109661,-0.0003669575380627,0.0003209831193089,0.0034263187553733,0.0009638774790801,0.0213414635509252,0.0159947704523801,0.0026268803048878,0.0097231399267911,0.0061926478520035,0.0588029809296131,0.0289975702762603,-0.0376154147088527,-0.0039107883349061,-0.0109616322442889,-0.0048498632386326,0.0095573393628001,0.0175214912742376,0.0031959398183971,-0.0034211773891001,0.0185026880353689,0.0360453315079212,0.0645631402730941,-0.0555555410683155,0.0060550794005393,0.0077183488756418,-0.0753308236598968,0.0250667724758386,-0.0425601489841938,-0.0152835780754685,-0.0050104665569961,0.0123016741126775,0.0262066349387168,0.0129471821710467,-0.0504016503691673,0.0008968965266831,-0.0193079430609941,0.0020163583103567,-0.0009260059450753,0.002683124737814,0.0271041821688413,-0.0463820211589336,0.0055785537697374,-0.0005845366977155,0.0107942968606948,-0.0018718256615102,-0.0422773957252502,-0.0028129145503044,-0.0007709381752647,0.0145744923502206,-0.0335270464420318,0.0053289979696273,0.0004472089931368,0.0130214896053075,0.0272587854415178,0.0163803286850452,0.0201531145721674,0.0102965664118528,0.0521039105951786,0.008197690360248,-0.0271826144307851,-0.0213163644075393,0.0318429358303546,0.0233524404466152,-0.0019759417045861,0.0389467403292655,0.0379422530531883,-0.0208024680614471,-0.0113214254379272,0.0071173948235809,-0.0737204402685165,0.0240925159305334,-0.0018747498979792,0.0007319081341847,0.0438682734966278,0.0087765539065003,0.0021245477255433,-0.0155359916388988,-0.0048788916319608,0.009363486431539,-0.0333280749619007,0.0296017955988645,0.0132208000868558,-0.0169062372297048,-0.0378544256091117,0.0188609305769205,0.0347703248262405,0.0268737694110816,0.0362328117963688,0.0283529991533646,0.1038872749969757,0.0332839842783989,0.1700275829999638,0.1018243868605917,0.2115067161548292,0.0541173509310133,0.4798165448206011,0.1971153582516405,0.2360153494866528,2019-02-08,2019-02-11,2019-02-12,2019-02-13,2019-02-14,2019-02-15,2019-02-19,2019-02-20,2019-02-21,2019-02-22,14547.0,2019-02-07,252.0,0.5828%,0.0017,1.241,0.8482,-1.1225,1.6971%,2.5207%,54.6686%,0.0227689999999999,PCTY,14547.0,2019-02-08,252.0,1.8861%,0.0017,1.2397,0.8477,-1.1287,1.6978%,2.5226%,54.7027%,0.009474,PCTY,14547.0,2019-02-11,252.0,0.7865%,0.0018,1.235,0.8539,-1.1278,1.6976%,2.5038%,54.0260%,0.0030299999999999,PCTY,14547.0,2019-02-12,252.0,0.1441%,0.0019,1.2565,0.8123,-1.1093,1.6675%,2.4879%,55.0797%,-0.017544,PCTY,14547.0,2019-02-13,252.0,-0.9230%,0.0019,1.2604,0.7999,-1.115,1.6679%,2.4890%,55.0964%,-0.012559,PCTY,14547.0,2019-02-14,252.0,1.4156%,0.0021,1.262,0.8036,-1.1235,1.6493%,2.4812%,55.8156%,0.006076,PCTY,14547.0,2019-02-15,252.0,0.6442%,0.002,1.2451,0.7877,-1.152,1.6470%,2.4740%,55.6842%,-0.004535,PCTY,14547.0,2019-02-19,252.0,2.7146%,0.0021,1.2515,0.8001,-1.1385,1.6535%,2.4768%,55.4339%,0.025852,PCTY,14547.0,2019-02-20,252.0,-0.1500%,0.0021,1.2513,0.8008,-1.139,1.6534%,2.4770%,55.4410%,0.000523,PCTY,14547.0,2019-02-21,252.0,0.8437%,0.0021,1.254,0.8082,-1.1341,1.6523%,2.4771%,55.5048%,0.010908,PCTY,14547.0,2019-02-22,252.0,2.4413%,0.002,1.2554,0.7966,-1.1279,1.6522%,2.4806%,55.6354%,-0.004955,PCTY,0.0322429999999999,0.0352729999999999,0.0177289999999999,0.0112459999999999,0.039039
37363,PAYLOCITY HOLDING CORP,"CORRECTION: Paylocity Q2 Earnings Were Inline With Analyst Estimates; Headline from Wednesday suggested this was a miss; however, the originally-reported $0.16 was the GAAP figure and should not have been compared to the non-GAAP estimate",6,increase,0.7,0.5,"the correction clarifies that paylocity's earnings were in line with analyst estimates, which may boost investor confidence and positively impact the stock price.",2,2019-02-07,PCTY,2019-02-07 13:55:00+00:00,14547.0,70438V10,0.0058276653289794,459074.0,0.0188609305769205,0.0347703248262405,0.0078645069152116,0.0014133445220068,0.001440517604351,0.0652888640761375,-0.0092303603887557,0.028579456731677,0.0141560574993491,0.030465668067336,0.0064423875883221,0.0275789871811866,0.0271455775946378,-0.0066636600531637,-0.0015003448352217,-0.0089521659538149,0.0084373950958251,0.014894250780344,0.0244125761091709,0.0085624111816287,-0.0279704649001359,0.0045269816182553,-0.0253222491592168,-0.0015067966887727,0.0226735733449459,0.0160747561603784,0.011200938373804,0.0150738339871168,-0.0060522872954607,0.0106800738722086,-0.0443474315106868,0.0282622743397951,0.0001202468920382,-0.0095969652757048,-0.0173098016530275,0.0030482693109661,-0.0003669575380627,0.0003209831193089,0.0034263187553733,0.0009638774790801,0.0213414635509252,0.0159947704523801,0.0026268803048878,0.0097231399267911,0.0061926478520035,0.0588029809296131,0.0289975702762603,-0.0376154147088527,-0.0039107883349061,-0.0109616322442889,-0.0048498632386326,0.0095573393628001,0.0175214912742376,0.0031959398183971,-0.0034211773891001,0.0185026880353689,0.0360453315079212,0.0645631402730941,-0.0555555410683155,0.0060550794005393,0.0077183488756418,-0.0753308236598968,0.0250667724758386,-0.0425601489841938,-0.0152835780754685,-0.0050104665569961,0.0123016741126775,0.0262066349387168,0.0129471821710467,-0.0504016503691673,0.0008968965266831,-0.0193079430609941,0.0020163583103567,-0.0009260059450753,0.002683124737814,0.0271041821688413,-0.0463820211589336,0.0055785537697374,-0.0005845366977155,0.0107942968606948,-0.0018718256615102,-0.0422773957252502,-0.0028129145503044,-0.0007709381752647,0.0145744923502206,-0.0335270464420318,0.0053289979696273,0.0004472089931368,0.0130214896053075,0.0272587854415178,0.0163803286850452,0.0201531145721674,0.0102965664118528,0.0521039105951786,0.008197690360248,-0.0271826144307851,-0.0213163644075393,0.0318429358303546,0.0233524404466152,-0.0019759417045861,0.0389467403292655,0.0379422530531883,-0.0208024680614471,-0.0113214254379272,0.0071173948235809,-0.0737204402685165,0.0240925159305334,-0.0018747498979792,0.0007319081341847,0.0438682734966278,0.0087765539065003,0.0021245477255433,-0.0155359916388988,-0.0048788916319608,0.009363486431539,-0.0333280749619007,0.0296017955988645,0.0132208000868558,-0.0169062372297048,-0.0378544256091117,0.0188609305769205,0.0347703248262405,0.0268737694110816,0.0362328117963688,0.0283529991533646,0.1038872749969757,0.0332839842783989,0.1700275829999638,0.1018243868605917,0.2115067161548292,0.0541173509310133,0.4798165448206011,0.1971153582516405,0.2360153494866528,2019-02-08,2019-02-11,2019-02-12,2019-02-13,2019-02-14,2019-02-15,2019-02-19,2019-02-20,2019-02-21,2019-02-22,14547.0,2019-02-07,252.0,0.5828%,0.0017,1.241,0.8482,-1.1225,1.6971%,2.5207%,54.6686%,0.0227689999999999,PCTY,14547.0,2019-02-08,252.0,1.8861%,0.0017,1.2397,0.8477,-1.1287,1.6978%,2.5226%,54.7027%,0.009474,PCTY,14547.0,2019-02-11,252.0,0.7865%,0.0018,1.235,0.8539,-1.1278,1.6976%,2.5038%,54.0260%,0.0030299999999999,PCTY,14547.0,2019-02-12,252.0,0.1441%,0.0019,1.2565,0.8123,-1.1093,1.6675%,2.4879%,55.0797%,-0.017544,PCTY,14547.0,2019-02-13,252.0,-0.9230%,0.0019,1.2604,0.7999,-1.115,1.6679%,2.4890%,55.0964%,-0.012559,PCTY,14547.0,2019-02-14,252.0,1.4156%,0.0021,1.262,0.8036,-1.1235,1.6493%,2.4812%,55.8156%,0.006076,PCTY,14547.0,2019-02-15,252.0,0.6442%,0.002,1.2451,0.7877,-1.152,1.6470%,2.4740%,55.6842%,-0.004535,PCTY,14547.0,2019-02-19,252.0,2.7146%,0.0021,1.2515,0.8001,-1.1385,1.6535%,2.4768%,55.4339%,0.025852,PCTY,14547.0,2019-02-20,252.0,-0.1500%,0.0021,1.2513,0.8008,-1.139,1.6534%,2.4770%,55.4410%,0.000523,PCTY,14547.0,2019-02-21,252.0,0.8437%,0.0021,1.254,0.8082,-1.1341,1.6523%,2.4771%,55.5048%,0.010908,PCTY,14547.0,2019-02-22,252.0,2.4413%,0.002,1.2554,0.7966,-1.1279,1.6522%,2.4806%,55.6354%,-0.004955,PCTY,0.0322429999999999,0.0352729999999999,0.0177289999999999,0.0112459999999999,0.039039
37371,PAYLOCITY HOLDING CORP,"Paylocity Wed. Evening Announced Q2 Adj. EPS $0.23, Inline With Analyst Estimates",6,uncertain,0.6,0.2,"while the adjusted eps of $0.23 is in line with analyst estimates, it does not provide a clear positive or negative surprise, leading to uncertainty in the stock's immediate reaction.",1,2019-02-07,PCTY,2019-02-07 13:54:00+00:00,14547.0,70438V10,0.0058276653289794,459074.0,0.0188609305769205,0.0347703248262405,0.0078645069152116,0.0014133445220068,0.001440517604351,0.0652888640761375,-0.0092303603887557,0.028579456731677,0.0141560574993491,0.030465668067336,0.0064423875883221,0.0275789871811866,0.0271455775946378,-0.0066636600531637,-0.0015003448352217,-0.0089521659538149,0.0084373950958251,0.014894250780344,0.0244125761091709,0.0085624111816287,-0.0279704649001359,0.0045269816182553,-0.0253222491592168,-0.0015067966887727,0.0226735733449459,0.0160747561603784,0.011200938373804,0.0150738339871168,-0.0060522872954607,0.0106800738722086,-0.0443474315106868,0.0282622743397951,0.0001202468920382,-0.0095969652757048,-0.0173098016530275,0.0030482693109661,-0.0003669575380627,0.0003209831193089,0.0034263187553733,0.0009638774790801,0.0213414635509252,0.0159947704523801,0.0026268803048878,0.0097231399267911,0.0061926478520035,0.0588029809296131,0.0289975702762603,-0.0376154147088527,-0.0039107883349061,-0.0109616322442889,-0.0048498632386326,0.0095573393628001,0.0175214912742376,0.0031959398183971,-0.0034211773891001,0.0185026880353689,0.0360453315079212,0.0645631402730941,-0.0555555410683155,0.0060550794005393,0.0077183488756418,-0.0753308236598968,0.0250667724758386,-0.0425601489841938,-0.0152835780754685,-0.0050104665569961,0.0123016741126775,0.0262066349387168,0.0129471821710467,-0.0504016503691673,0.0008968965266831,-0.0193079430609941,0.0020163583103567,-0.0009260059450753,0.002683124737814,0.0271041821688413,-0.0463820211589336,0.0055785537697374,-0.0005845366977155,0.0107942968606948,-0.0018718256615102,-0.0422773957252502,-0.0028129145503044,-0.0007709381752647,0.0145744923502206,-0.0335270464420318,0.0053289979696273,0.0004472089931368,0.0130214896053075,0.0272587854415178,0.0163803286850452,0.0201531145721674,0.0102965664118528,0.0521039105951786,0.008197690360248,-0.0271826144307851,-0.0213163644075393,0.0318429358303546,0.0233524404466152,-0.0019759417045861,0.0389467403292655,0.0379422530531883,-0.0208024680614471,-0.0113214254379272,0.0071173948235809,-0.0737204402685165,0.0240925159305334,-0.0018747498979792,0.0007319081341847,0.0438682734966278,0.0087765539065003,0.0021245477255433,-0.0155359916388988,-0.0048788916319608,0.009363486431539,-0.0333280749619007,0.0296017955988645,0.0132208000868558,-0.0169062372297048,-0.0378544256091117,0.0188609305769205,0.0347703248262405,0.0268737694110816,0.0362328117963688,0.0283529991533646,0.1038872749969757,0.0332839842783989,0.1700275829999638,0.1018243868605917,0.2115067161548292,0.0541173509310133,0.4798165448206011,0.1971153582516405,0.2360153494866528,2019-02-08,2019-02-11,2019-02-12,2019-02-13,2019-02-14,2019-02-15,2019-02-19,2019-02-20,2019-02-21,2019-02-22,14547.0,2019-02-07,252.0,0.5828%,0.0017,1.241,0.8482,-1.1225,1.6971%,2.5207%,54.6686%,0.0227689999999999,PCTY,14547.0,2019-02-08,252.0,1.8861%,0.0017,1.2397,0.8477,-1.1287,1.6978%,2.5226%,54.7027%,0.009474,PCTY,14547.0,2019-02-11,252.0,0.7865%,0.0018,1.235,0.8539,-1.1278,1.6976%,2.5038%,54.0260%,0.0030299999999999,PCTY,14547.0,2019-02-12,252.0,0.1441%,0.0019,1.2565,0.8123,-1.1093,1.6675%,2.4879%,55.0797%,-0.017544,PCTY,14547.0,2019-02-13,252.0,-0.9230%,0.0019,1.2604,0.7999,-1.115,1.6679%,2.4890%,55.0964%,-0.012559,PCTY,14547.0,2019-02-14,252.0,1.4156%,0.0021,1.262,0.8036,-1.1235,1.6493%,2.4812%,55.8156%,0.006076,PCTY,14547.0,2019-02-15,252.0,0.6442%,0.002,1.2451,0.7877,-1.152,1.6470%,2.4740%,55.6842%,-0.004535,PCTY,14547.0,2019-02-19,252.0,2.7146%,0.0021,1.2515,0.8001,-1.1385,1.6535%,2.4768%,55.4339%,0.025852,PCTY,14547.0,2019-02-20,252.0,-0.1500%,0.0021,1.2513,0.8008,-1.139,1.6534%,2.4770%,55.4410%,0.000523,PCTY,14547.0,2019-02-21,252.0,0.8437%,0.0021,1.254,0.8082,-1.1341,1.6523%,2.4771%,55.5048%,0.010908,PCTY,14547.0,2019-02-22,252.0,2.4413%,0.002,1.2554,0.7966,-1.1279,1.6522%,2.4806%,55.6354%,-0.004955,PCTY,0.0322429999999999,0.0352729999999999,0.0177289999999999,0.0112459999999999,0.039039
37379,PARK CITY GROUP INC,"Park City Group Q2 EPS $0.09 Beats $0.05 Estimate, Sales $5.565M Miss $5.86M Estimate",6,uncertain,0.6,0.3,"while the earnings per share (eps) beat estimates, the sales miss could lead to mixed investor reactions, making the overall impact on the stock price uncertain.",1,2019-02-07,PCYG,2019-02-07 22:24:00+00:00,12380.0,70021530,-0.0728395208716392,29556.0,0.0439414009451866,-0.0193704403936862,0.0497448183596134,0.004866175353527,0.0036452841013669,-0.020262224599719,0.0290556624531745,-0.0311777722090482,0.0164706278592348,0.0248520765453577,0.0092592500150203,0.0736975744366645,-0.0366973206400871,-0.0414129309356212,-0.0166665948927402,-0.0214541479945182,-0.0121065834537148,0.0742638185620307,0.0281863361597061,0.0742778480052948,-0.0452920272946357,-0.0068306270986795,-0.0074906889349222,-0.0094722183421254,0.0176101066172123,-0.002699052914977,-0.0160692352801561,0.0206611044704914,-0.0113065522164106,-0.0294117368757724,-0.0343074947595596,0.0053763389587402,0.0013158195652067,-0.0106382872909307,-0.0078843552619218,0.0532213039696216,0.0119204865768551,-0.0205761454999446,0.0117801250889897,0.0282087177038192,0.020698556676507,0.0028288515750318,0.0038023081142455,0.0202020704746246,0.0025252501945942,0.0628834143280983,-0.01385392062366,0.0046225287951529,0.0217113755643367,0.0871021747589111,-0.0049999952316284,-0.0050000348128378,-0.0201004836708307,-0.0399999991059303,0.0012820194242522,-0.003189789596945,-0.0332906208932399,0.0645161494612693,0.0079470118507742,-0.0530546531081199,0.0078843552619218,0.0315090492367744,0.0,-0.0999999418854713,0.0052151186391711,-0.0401146449148654,0.0440985932946205,-0.0141242807731032,-0.0074534681625664,0.0014143920270726,0.002503186231479,-0.0341530032455921,-0.0212234798818826,-0.0579150319099426,0.0076530538499355,0.0600272938609123,-0.0063291378319263,-0.0213617961853742,0.0509554259479045,-0.0066313249990344,-0.0218182187527418,0.0175438746809959,0.0074349963106215,-0.0120000205934047,0.0012300404487177,-0.0820073559880256,-0.0098280003294348,0.0061576589941978,-0.0148883815854787,-0.0049019563011825,-0.0176322255283594,0.0012270220322534,0.0166666191071271,0.0086633283644914,0.0012610629200935,-0.0182259567081928,-0.0012594746658578,-0.0143713569268584,0.005044131539762,-0.0011960855918005,0.0200753230601549,0.0096618272364139,-0.0123001700267195,-0.0537143163383007,-0.0286425333470106,-0.0277777779847383,0.0064102197065949,0.0033444517757743,0.0050955368205904,-0.001113505102694,-0.0202788151800632,0.0112611968070268,0.0038810102269053,0.0033898002002388,0.0,-0.031728658825159,-0.0115979574620723,0.1065375432372093,-0.0286832153797149,-0.0166665948927402,0.0439414009451866,-0.0193704403936862,0.0958720763132852,-0.0145985249997899,0.0998668413702019,-0.0345649510071386,0.1504660562741711,-0.041420049648277,0.1171771096657425,0.1141678667514376,0.0133155641537618,0.3022509053915281,-0.0079894066531058,-0.0357141992694166,2019-02-08,2019-02-11,2019-02-12,2019-02-13,2019-02-14,2019-02-15,2019-02-19,2019-02-20,2019-02-21,2019-02-22,12380.0,2019-02-07,252.0,-7.2840%,-0.0003,1.2412,1.3433,0.3169,3.2689%,3.5784%,16.5482%,-0.060988,PCYG,12380.0,2019-02-08,252.0,4.3941%,-0.0001,1.2333,1.3405,0.2818,3.2804%,3.5890%,16.4535%,0.044239,PCYG,12380.0,2019-02-11,252.0,4.9745%,0.0001,1.2257,1.3998,0.31,3.2885%,3.5916%,16.1671%,0.038423,PCYG,12380.0,2019-02-12,252.0,0.3645%,-0.0006,1.1288,1.5142,0.2401,3.1424%,3.4435%,16.7256%,-0.012878,PCYG,12380.0,2019-02-13,252.0,2.9056%,-0.0007,1.1096,1.557,0.2538,3.1304%,3.4293%,16.6758%,0.024718,PCYG,12380.0,2019-02-14,252.0,1.6471%,-0.0006,1.1063,1.5638,0.2468,3.1313%,3.4306%,16.6894%,0.012077,PCYG,12380.0,2019-02-15,252.0,0.9259%,-0.0008,1.0724,1.5324,0.1904,3.1238%,3.4126%,16.2104%,-0.008436,PCYG,12380.0,2019-02-19,252.0,-3.6697%,-0.0011,1.0552,1.5177,0.1754,3.1309%,3.4127%,15.8289%,-0.04385,PCYG,12380.0,2019-02-20,252.0,-1.6667%,-0.0011,1.0512,1.5185,0.1636,3.1309%,3.4126%,15.8278%,-0.023075,PCYG,12380.0,2019-02-21,252.0,-1.2107%,-0.001,1.0416,1.4978,0.1462,3.1253%,3.4026%,15.6376%,-0.0068779999999999,PCYG,12380.0,2019-02-22,252.0,2.8186%,-0.001,1.0403,1.4735,0.1087,3.1242%,3.4029%,15.7106%,0.015227,PCYG,-0.016749,0.021674,0.0087959999999999,0.045591,-0.021421
37387,PENN ENTERTAINMENT INC,"Penn National Gaming Q4 Adj. EBITDA After Lease Payments $133.5M, Sales $1.155B Beat $1.15B Estimate",6,increase,0.8,0.6,"the reported q4 adjusted ebitda and sales exceeded estimates, which is likely to positively influence investor sentiment and increase the stock price.",2,2019-02-07,PENN,2019-02-07 12:12:00+00:00,80563.0,70756910,-0.0034829780925065,2512983.0,-0.0271844957023859,0.0169224832206964,0.0051896637305617,0.0213022790849208,-0.0103256646543741,0.0016102660447359,-0.0148475458845496,0.0247524920850992,-0.0028513115830719,-0.0008244211785495,-0.0028594646137207,0.0275306906551122,0.0057353293523192,-0.021549878641963,-0.0118125872686505,-0.0024804205168038,-0.0074196332134306,0.0,0.0440199114382267,0.0129816327244043,0.0019889080431312,-0.0103605473414063,-0.0011909760069102,-0.019105739891529,0.0087440107017755,0.0102669401094317,-0.0208825375884771,0.0188284832984209,0.0080482438206672,0.0131411384791135,-0.0459081679582595,-0.0054805716499686,-0.0192468240857124,-0.0458568483591079,-0.0093857171013951,0.0122150303795933,-0.0137812104076147,0.031066320836544,-0.0056768194772303,0.0271668452769517,0.0219587180763483,0.0302088093012571,-0.0283626914024353,0.0627950876951217,0.000442292279331,0.0621865466237068,-0.0335985943675041,0.0251927897334098,0.0118938805535435,0.0329262278974056,0.0045207263901829,0.0107354149222374,-0.0009000247810035,-0.0058698300272226,-0.0346847027540206,-0.0126448776572942,-0.0181987583637237,0.0735293701291084,-0.0403992570936679,-0.0144927660003304,-0.0089153191074728,-0.0512955747544765,-0.0009995230939239,-0.0430162139236927,-0.0135067766532301,-0.0762037932872772,0.0035497772041708,-0.0179063957184553,0.0156644489616155,-0.0319999679923057,0.0174129530787468,-0.0039840703830122,0.0171148385852575,-0.0169712528586387,0.0091346418485045,0.0445454344153404,-0.0052406201139092,-0.0342405922710895,0.0234675146639347,0.0088574299588799,-0.0060833441093564,-0.013543008826673,-0.0258945021778345,0.0338753387331962,0.0198163278400898,-0.0272408090531826,-0.0004739444993901,0.0293984450399875,0.0061640189960598,-0.0120642790570855,-0.014137570746243,-0.0132275633513927,0.0105162197723984,0.0299727451056242,0.0070956256240606,0.0110192727297544,-0.0032880036160349,0.0501446910202503,0.0028275859076529,-0.0147268157452344,0.0352443605661392,0.0258284006267786,0.0036314080934971,-0.0228571202605962,-0.0108548058196902,-0.0186915714293718,0.0109739257022738,0.0014037799555808,-0.0040705632418394,0.0023452695459127,-0.0158946588635444,0.0789473429322242,-0.0290724113583564,-0.0149550968781113,-0.0475285165011882,-0.0411090143024921,-0.0019960536155849,-0.0355002507567405,-0.0314999595284462,-0.0316963866353035,-0.0271844957023859,0.0169224832206964,-0.0221359103632045,0.0385852497659944,-0.0322330070303489,0.0402576483282561,-0.0493204067049204,0.0651277791029953,-0.0236893446436908,0.0820770971412465,-0.2159223076584002,0.4403567204095355,-0.2477669589696066,0.1535714750026684,2019-02-08,2019-02-11,2019-02-12,2019-02-13,2019-02-14,2019-02-15,2019-02-19,2019-02-20,2019-02-21,2019-02-22,80563.0,2019-02-07,252.0,-0.3483%,-0.0007,1.1901,0.4155,-0.3657,2.2166%,2.6414%,29.5745%,0.00951,PENN,80563.0,2019-02-08,252.0,-2.7184%,-0.0007,1.1943,0.4553,-0.3216,2.2133%,2.6352%,29.4619%,-0.0310869999999999,PENN,80563.0,2019-02-11,252.0,0.5190%,-0.0005,1.1456,0.5041,-0.3208,2.2002%,2.5875%,27.6952%,0.001152,PENN,80563.0,2019-02-12,252.0,-1.0326%,-0.0006,1.1289,0.5064,-0.3297,2.2061%,2.5862%,27.2346%,-0.0266509999999999,PENN,80563.0,2019-02-13,252.0,-1.4848%,-0.0007,1.1279,0.5009,-0.335,2.2087%,2.5871%,27.1109%,-0.018181,PENN,80563.0,2019-02-14,252.0,-0.2851%,-0.0007,1.1292,0.4986,-0.3328,2.2088%,2.5871%,27.1087%,-0.00513,PENN,80563.0,2019-02-15,252.0,-0.2859%,-0.0008,1.115,0.4843,-0.3579,2.2104%,2.5835%,26.7980%,-0.015368,PENN,80563.0,2019-02-19,252.0,0.5735%,-0.0007,1.1233,0.4761,-0.3678,2.2054%,2.5832%,27.1112%,0.003186,PENN,80563.0,2019-02-20,252.0,-1.1813%,-0.0007,1.1203,0.4718,-0.3778,2.2065%,2.5841%,27.0870%,-0.013071,PENN,80563.0,2019-02-21,252.0,-0.7420%,-0.0008,1.1291,0.489,-0.3616,2.2021%,2.5829%,27.3148%,-0.003913,PENN,80563.0,2019-02-22,252.0,4.4020%,-0.0005,1.1227,0.5538,-0.38,2.1928%,2.5822%,27.8892%,0.028575,PENN,-0.021577,-0.020425,-0.0470759999999999,-0.0703869999999999,-0.070978
37395,PFIZER INC,Solid Biosciences Shares Crash After Data Release On Muscular Dystrophy Candidate,6,uncertain,0.6,0.3,"the news about solid biosciences may impact the broader market sentiment regarding muscular dystrophy treatments, but its direct effect on pfizer's stock price is unclear without additional context on pfizer's involvement or competitive position.",1,2019-02-07,PFE,2019-02-07 17:57:00+00:00,21936.0,71708110,-0.0148830860853195,23005696.0,0.0127098029479384,0.005224441178143,-0.0130238989368081,-0.0077756368555128,0.0045585082843899,-0.0102612506598234,-0.004060142673552,0.0101295709609985,0.0064748311415314,0.0295815020799636,0.0102454200387001,0.0198675822466611,0.0047169090248644,0.0313686244189739,-0.0093896184116601,-0.0273130070418119,-0.0014218334108591,-0.007570241112262,0.0194589402526617,-0.0287001673132181,0.0027933600358664,-0.0026023327372968,-0.0013927895342931,-0.0061132926493883,-0.0020920536480844,0.0014127044705674,0.0097833257168531,0.0085490522906184,0.0002307297982042,-0.0145096872001886,-0.0066882129758596,0.0084965927526354,-0.0041792499832808,-0.0118937063962221,-0.0240148939192295,0.0134719852358102,-0.0112279318273067,-0.0237655472010374,-0.0120802130550146,-0.0020723037887364,0.0149180879816412,0.0046264347620308,0.0055421576835215,0.0053488267585635,0.0067097716964781,0.0228353720158338,-0.019519155845046,-0.0279768574982881,0.0143238687887787,-0.0091638378798961,0.000718109018635,0.0160615090280771,0.0117196328938007,0.0025671089533716,-0.0030733114108443,0.0156435146927833,0.0042684446088969,0.0404438823461532,-0.0118063762784004,-0.0329120196402072,0.0009558164165355,-0.0004767689388245,0.0126521550118923,-0.0004765417543239,-0.0094294603914022,-0.0101415161043405,0.0064255222678184,-0.0164694748818874,0.0042563322931528,-0.0157533939927816,0.0087120067328214,-0.0172762051224708,0.001633979845792,0.0092844171449542,-0.0016313142841681,0.0034083509817719,-0.0023342315107584,-0.0087838554754853,0.005849321372807,0.0109290387481451,0.0034891301766037,-0.0235660597681999,-0.006954085547477,-0.0035445247776806,-0.0025677080266177,-0.0184823274612426,-0.0107652489095926,-0.0051913880743086,-0.0132481986656785,0.0158207267522811,0.0091105513274669,0.0135856745764613,-0.0277976244688034,0.0188337154686451,-0.0254153758287429,0.0168435517698526,-0.0125376125797629,0.0046360865235328,-0.0101574789732694,0.0009280955418944,0.0112878046929836,-0.0098782526329159,-0.0012683724053204,-0.0147125739604234,0.0060960547998547,0.0153988050296902,0.009088628925383,0.0069428198039531,-0.0095071569085121,0.0069913594052195,0.0257640928030014,-0.0140165584161877,0.0039399126544594,-0.0133756548166275,0.0058866287581622,-0.003839163808152,0.0092660589143633,0.0098061645403504,0.0062817623838782,-0.0047297980636358,0.0127098029479384,0.005224441178143,-0.0004796271779703,-0.002591819034744,0.0040766947219554,-0.012826474389787,0.0064748312282851,0.0266710500878473,0.0302157869205572,0.012547066401775,0.0035970659631257,0.0181012136957885,-0.0011990266184453,-0.0310815174105052,2019-02-08,2019-02-11,2019-02-12,2019-02-13,2019-02-14,2019-02-15,2019-02-19,2019-02-20,2019-02-21,2019-02-22,21936.0,2019-02-07,252.0,-1.4883%,0.0008,0.7408,-0.4504,0.0734,0.9234%,1.2383%,44.3965%,-0.008991,PFE,21936.0,2019-02-08,252.0,1.2710%,0.0009,0.7386,-0.4492,0.065,0.9260%,1.2391%,44.1567%,0.012674,PFE,21936.0,2019-02-11,252.0,-1.3024%,0.0009,0.7243,-0.4521,0.0559,0.9273%,1.2169%,41.9309%,-0.011343,PFE,21936.0,2019-02-12,252.0,0.4559%,0.0008,0.7197,-0.4507,0.0534,0.9280%,1.2136%,41.5255%,-0.005206,PFE,21936.0,2019-02-13,252.0,-0.4060%,0.0008,0.7178,-0.4502,0.0518,0.9289%,1.2109%,41.1570%,-0.0059419999999999,PFE,21936.0,2019-02-14,252.0,0.6475%,0.0008,0.7151,-0.4451,0.0469,0.9303%,1.2106%,40.9498%,0.010523,PFE,21936.0,2019-02-15,252.0,1.0245%,0.0008,0.7196,-0.4408,0.0544,0.9301%,1.2114%,41.0515%,0.002952,PFE,21936.0,2019-02-19,252.0,0.4717%,0.0008,0.7188,-0.4365,0.0594,0.9298%,1.2084%,40.7976%,0.004365,PFE,21936.0,2019-02-20,252.0,-0.9390%,0.0007,0.7142,-0.4535,0.0413,0.9270%,1.2067%,40.9880%,-0.010222,PFE,21936.0,2019-02-21,252.0,-0.1422%,0.0007,0.7124,-0.4571,0.0381,0.9265%,1.2058%,40.9636%,0.000898,PFE,21936.0,2019-02-22,252.0,1.9459%,0.0008,0.7099,-0.4517,0.0127,0.9325%,1.2104%,40.6510%,0.017802,PFE,0.003683,-0.00766,-0.0128659999999999,-0.0082849999999999,0.0075099999999999
37403,PENNYMAC FINANCIAL SVCS INC NEW,PennyMac Financial Serv Q4 EPS $0.63 Beats $0.53 Estimate,6,increase,0.8,0.6,"beating earnings estimates typically signals strong performance, which can positively influence investor sentiment and lead to an increase in stock price.",2,2019-02-07,PFSI,2019-02-07 21:31:00+00:00,13908.0,70932M10,0.0090519553050398,419648.0,0.0387157537043094,0.0057498286478221,-0.0068181646056473,0.0057831727899611,0.0036613235715776,0.005329486913979,0.0091198747977614,-0.0019342802697792,0.0176231954246759,-0.0004833363345824,0.0150976972654461,-0.0114667825400829,0.0503061935305595,-0.0061727999709546,0.0141607727855444,0.0149397328495979,-0.0151951061561703,0.0201573185622692,0.0175145994871854,-0.0078048706054687,-0.0122950505465269,-0.0029182620346546,-0.0248962808400392,-0.0072428598068654,-0.0110638393089175,-0.0028888478409498,0.0034423375036567,-0.004314484540373,0.0060034045018255,0.0048169740475714,-0.0238703954964876,-0.0147128365933895,0.0087336581200361,0.0019019974861294,-0.0025973794981837,0.010086502879858,-0.0364583395421505,-0.0043041678145527,0.0058558178134262,0.0,0.0031347826588898,0.0091699101030826,0.0062500578351318,-0.0244821310043335,0.0119786392897367,0.0,0.0043840589933097,-0.0093283932656049,0.0004365006170701,0.0084666181355714,0.0004363101616036,0.0211335513740778,-0.0156999826431274,0.0096992654725909,-0.0256978254765272,0.0078202225267887,-0.0077307904139161,0.0359493196010589,-0.0325389131903648,-0.0015167181845754,0.0071056187152862,-0.0085213063284754,0.0103480387479066,-0.0244498774409294,0.0214153174310922,-0.0385519377887249,0.0159526150673627,-0.0079291081055998,-0.0022432096302509,-0.0092420913279056,0.0139388246461749,-0.0326330550014972,-0.0066518681123852,0.0076576606370508,0.0049107414670288,0.0216291416436433,0.0057751736603677,0.0102277686819434,0.0079505434259772,-0.0341266356408596,0.0052585820667445,0.0286374520510435,-0.0183086339384317,0.0550681836903095,0.007548848632723,-0.0765075981616973,-0.0057294429279863,0.0833739191293716,0.0008865451090969,0.0198905821889638,-0.0013286398025229,0.0060030436143279,0.011973412707448,0.0126646403223276,-0.0096406359225511,-0.0105263646692037,-0.0004424880025908,0.0163016617298126,-0.016378965228796,0.0082177631556987,0.0094509897753596,0.0041258344426751,-0.0008916833321563,-0.038194466382265,-0.0089246211573481,-0.0136986635625362,0.0013507738476619,-0.0053527350537478,0.0256294831633567,0.0093319555744528,-0.022358626127243,-0.012130033224821,-0.0089685590937733,-0.0038665984757244,-0.0045249038375914,0.0004835700674448,0.0609090961515903,-0.0033734792377799,0.0085690133273601,0.0043562515638768,0.0387157537043094,0.0057498286478221,0.0316336187170744,0.0115662536903662,0.0354107632025153,0.0169573828020319,0.0632672385528811,0.0144997205089689,0.1520301818879308,0.023902427858409,-0.0033049902064489,0.061172852668156,0.1114258985505072,0.0159728946659094,2019-02-08,2019-02-11,2019-02-12,2019-02-13,2019-02-14,2019-02-15,2019-02-19,2019-02-20,2019-02-21,2019-02-22,13908.0,2019-02-07,252.0,0.9052%,0.0003,0.8155,0.4713,0.7453,1.7416%,1.9241%,18.0726%,0.01425,PFSI,13908.0,2019-02-08,252.0,3.8716%,0.0004,0.8082,0.4604,0.7075,1.7619%,1.9393%,17.4571%,0.042789,PFSI,13908.0,2019-02-11,252.0,-0.6818%,0.0004,0.8103,0.4407,0.6978,1.7637%,1.9362%,17.0268%,-0.012716,PFSI,13908.0,2019-02-12,252.0,0.3661%,0.0003,0.7946,0.4558,0.6871,1.7593%,1.9269%,16.6408%,-0.006361,PFSI,13908.0,2019-02-13,252.0,0.9120%,0.0003,0.7945,0.4583,0.689,1.7596%,1.9269%,16.6091%,0.0060409999999999,PFSI,13908.0,2019-02-14,252.0,1.7623%,0.0003,0.7891,0.4691,0.6782,1.7633%,1.9288%,16.4226%,0.0208049999999999,PFSI,13908.0,2019-02-15,252.0,1.5098%,0.0003,0.7798,0.4609,0.6634,1.7616%,1.9225%,16.0355%,0.001653,PFSI,13908.0,2019-02-19,252.0,5.0306%,0.0004,0.7824,0.4979,0.7048,1.7793%,1.9414%,16.0030%,0.0453979999999999,PFSI,13908.0,2019-02-20,252.0,1.4161%,0.0002,0.78,0.4719,0.6908,1.7547%,1.9170%,16.2214%,0.007602,PFSI,13908.0,2019-02-21,252.0,-1.5195%,0.0002,0.7759,0.4611,0.6833,1.7522%,1.9123%,16.0441%,-0.01049,PFSI,13908.0,2019-02-22,252.0,1.7515%,0.0003,0.7735,0.4516,0.6469,1.7553%,1.9139%,15.8864%,0.01988,PFSI,0.057039,0.044323,0.037962,0.064808,0.128851
37411,PENNYMAC MORTGAGE INV TR,PennyMac Mortgage Q4 EPS $0.55 Beats $0.41 Estimate,6,increase,0.8,0.6,"beating earnings estimates typically signals strong performance, which can positively influence investor sentiment and lead to an increase in stock price.",2,2019-02-07,PMT,2019-02-07 21:30:00+00:00,92976.0,70931T10,-0.0093091884627938,309072.0,0.0544016025960445,-0.0019560349173843,0.0,-0.0009769687894731,-0.0370543636381626,0.0123639963567256,-0.0014613096136599,-0.0009881649166345,-0.0243902429938316,0.0114942295476794,-0.0010000228649005,0.0055276690982282,0.0060060480609536,-0.0005022716941311,-0.0144279059022665,-0.0025049718096852,0.0070672035217285,0.0126839177682995,0.0105262696743011,0.0097335362806916,0.0094246296212077,0.0067045423202216,0.0009828234324231,-0.0010304203024134,0.0024545525666326,-0.0010293596424162,-0.001958908746019,-0.0015415612142533,0.0019627534784376,0.0109090432524681,-0.0004897271865047,-0.005167978350073,0.000979934236966,-0.0030911625362932,-0.0058737560175359,0.0025826052296906,0.0009847591863945,0.0,0.0054107531905174,0.007808513008058,0.0151663143187761,0.003133131423965,-0.0072288974188268,-0.0010433207498863,0.0111650265753269,0.0164368748664856,-0.0067210462875664,0.001061595394276,0.0019332531373947,0.0118152154609561,0.0014472111361101,-0.0158561971038579,-0.009152241051197,0.0125326607376337,0.0029168433975428,0.001045502256602,0.007755781058222,0.0522551611065864,-0.0177970565855503,-0.012493185698986,0.0004897271865047,-0.009682641364634,0.0029368314426392,-0.0342857055366039,0.0092728417366743,-0.0188583489507436,0.0048356084153056,0.0056381653994321,-0.0033687006216496,-0.0547480247914791,0.0067600822076201,0.0053579495288431,0.0028776722028851,-0.001944531337358,0.0043041678145527,-0.0053191785700619,0.0090476442128419,-0.0052910344675183,0.0014157044934108,-0.0234852042049169,0.0047125536948442,0.0023541029077023,0.0,0.017241409048438,0.0014071617042645,-0.0113637149333953,0.0009367895545437,0.0033254919108003,0.000935855670832,0.00669533200562,-0.0033460657577961,0.001436814549379,0.0,0.0091831134632229,-0.0028776722028851,-0.0019295228412374,0.0004809197271242,-0.0004821711045224,0.0009615605231374,0.0112140197306871,0.003842455567792,0.0098474035039544,0.0043062274344265,-0.0092683183029294,-0.0038113351911306,-0.0029182620346546,0.0076518338173627,-0.0019417919684201,0.0,-0.0072288974188268,-0.0033222446218132,0.0019314783858135,0.0,0.0033914581872522,-0.0057143256999552,-0.0076923007145524,0.0287356507033109,0.0009623941150493,0.0162942446768283,0.0004814746498595,0.0544016025960445,-0.0019560349173843,0.0544016025960445,-0.0029310927217921,0.0153314221927893,0.0093966636152,-0.0108802833476027,0.0199899852779876,-0.0029673329274638,0.0455942304513294,0.0098912365076171,0.1361767376643383,0.1038795852693499,0.00707814594913,2019-02-08,2019-02-11,2019-02-12,2019-02-13,2019-02-14,2019-02-15,2019-02-19,2019-02-20,2019-02-21,2019-02-22,92976.0,2019-02-07,252.0,-0.9309%,0.0014,0.5448,0.4571,0.4499,0.9638%,1.1172%,25.5796%,-0.00548,PMT,92976.0,2019-02-08,252.0,5.4402%,0.0016,0.5352,0.4478,0.4033,1.0241%,1.1659%,22.8389%,0.056687,PMT,92976.0,2019-02-11,252.0,0.0000%,0.0015,0.5487,0.4264,0.3987,1.0223%,1.1658%,23.0950%,-0.004732,PMT,92976.0,2019-02-12,252.0,-3.7054%,0.0012,0.5023,0.4524,0.3704,1.0333%,1.1587%,20.4812%,-0.044024,PMT,92976.0,2019-02-13,252.0,-0.1461%,0.0012,0.5031,0.4493,0.3687,1.0335%,1.1588%,20.4625%,-0.003499,PMT,92976.0,2019-02-14,252.0,-2.4390%,0.0011,0.5084,0.4355,0.3845,1.0443%,1.1690%,20.1991%,-0.023631,PMT,92976.0,2019-02-15,252.0,-0.1000%,0.001,0.5017,0.4283,0.372,1.0465%,1.1673%,19.6315%,-0.00978,PMT,92976.0,2019-02-19,252.0,0.6006%,0.001,0.4984,0.4344,0.3792,1.0440%,1.1640%,19.5655%,0.002595,PMT,92976.0,2019-02-20,252.0,-1.4428%,0.0009,0.4919,0.4152,0.3549,1.0488%,1.1650%,18.9663%,-0.0185159999999999,PMT,92976.0,2019-02-21,252.0,0.7067%,0.001,0.4839,0.4007,0.34,1.0450%,1.1574%,18.4794%,0.009894,PMT,92976.0,2019-02-22,252.0,1.0526%,0.0011,0.4817,0.4257,0.3365,1.0410%,1.1550%,18.7675%,0.010076,PMT,0.051207,0.046475,0.002451,-0.024679,-0.03041
37419,PENNANTPARK INVESTMENT CORP,Pennant Park Investment Q1 EPS $0.18 Misses $0.20 Estimate,6,decrease,0.7,0.6,"the earnings per share (eps) miss compared to estimates typically signals weaker performance, which can lead to a decrease in stock price.",0,2019-02-07,PNNT,2019-02-07 21:59:00+00:00,91966.0,70806210,-0.0013869942631572,201474.0,-0.0333333015441894,0.0,-0.0071839354932308,0.0055787949822843,0.0274963900446891,0.0,-0.0070422133430838,-0.0013927231775596,0.0,0.0027932934463024,0.0113475061953067,0.0084506962448358,0.0084151392802596,0.0042432434856891,0.0041724247857928,-0.00141239434015,0.0096953148022294,-0.0042194388806819,0.0068587367422878,0.0070821801200509,-0.0136240301653742,0.0042673870921134,0.0,-0.019525783136487,-0.0089778425171971,0.0184659250080585,-0.0062717874534428,0.0042795622721314,-0.0140252318233251,-0.0056737530976533,-0.0042674550786614,0.0129310563206672,-0.0071428841911256,-0.0028653268236666,-0.0057553905062377,0.0043165772221982,0.0043415646068751,0.0057887067086994,0.0043227281421422,-0.0086083132773637,0.0143472570925951,0.0145560270175337,-0.0070721628144383,0.0330826751887798,0.0042735342867672,0.0060514314100146,0.0056737530976533,-0.0045180320739746,-0.0042313411831855,0.0423861816525459,0.0056657171808183,-0.0245023462921381,0.0070422384887933,0.0100541459396481,-0.0086083132773637,0.0054432852193713,0.0,0.0206348616629838,-0.0014471421018242,-0.0031645537819713,0.0028985480312258,0.0031745999585837,0.0101155629381537,-0.0371470749378204,0.0,0.0089954938739538,0.0014306479133665,-0.0133136315271258,-0.0128571642562747,-0.0650068894028663,0.0130246244370937,-0.0068681580014526,0.0114285601302981,-0.006821243558079,-0.0056497124023735,0.0034223266411572,-0.0042613255791366,0.0089779086410999,0.0042795622721314,-0.0082192355766892,0.0099432058632373,0.0096819046884775,-0.012658248655498,0.0013850732939317,0.0028490000404417,-0.0150068392977118,0.0,0.0,0.0014204870676621,0.0,-0.004255348816514,0.0,0.0185185354202985,0.0,-0.0055944002233445,-0.0013624290004372,-0.0084388107061386,0.0054794466122984,0.0028368765488266,0.0,0.0113154063001275,0.0068965782411396,-0.0167832002043724,-0.013605429790914,0.0042673870921134,0.0,0.0070821801200509,0.0499999858438968,0.0028129369020462,-0.0084985755383968,0.001402489724569,0.002840906381607,-0.0056022354401648,0.0042795622721314,0.0042253816500306,-0.0056737530976533,-0.0182328354567289,-0.0070422133430838,-0.005714280065149,-0.0069930334575474,-0.0333333015441894,0.0,-0.0402777727493504,0.0055787949822843,-0.0138888760543086,0.0055787949822843,-0.0208332809691224,0.0069832667577904,0.0194444924159153,0.0212464721293046,-0.0169177015267277,0.1408227564959621,-0.0083691676845296,0.0372027831418553,2019-02-08,2019-02-11,2019-02-12,2019-02-13,2019-02-14,2019-02-15,2019-02-19,2019-02-20,2019-02-21,2019-02-22,91966.0,2019-02-07,252.0,-0.1387%,0.0009,0.3655,0.3391,0.2074,1.1250%,1.1919%,10.9212%,0.001559,PNNT,91966.0,2019-02-08,252.0,-3.3333%,0.0006,0.3721,0.3216,0.2233,1.1308%,1.1977%,10.8646%,-0.032501,PNNT,91966.0,2019-02-11,252.0,-0.7184%,0.0005,0.4063,0.2741,0.2155,1.1188%,1.1936%,12.1522%,-0.010441,PNNT,91966.0,2019-02-12,252.0,2.7496%,0.0005,0.4093,0.2861,0.2149,1.1234%,1.1999%,12.3404%,0.022182,PNNT,91966.0,2019-02-13,252.0,-0.7042%,0.0004,0.4045,0.2906,0.2134,1.1239%,1.1988%,12.1125%,-0.00861,PNNT,91966.0,2019-02-14,252.0,0.0000%,0.0004,0.4036,0.2901,0.2154,1.1209%,1.1956%,12.1067%,0.000476,PNNT,91966.0,2019-02-15,252.0,1.1348%,0.0005,0.4218,0.307,0.2456,1.1151%,1.1958%,13.0344%,0.004928,PNNT,91966.0,2019-02-19,252.0,0.8415%,0.0005,0.4236,0.3093,0.2481,1.1156%,1.1968%,13.1142%,0.005887,PNNT,91966.0,2019-02-20,252.0,0.4172%,0.0005,0.4227,0.302,0.2434,1.1130%,1.1939%,13.0957%,0.001223,PNNT,91966.0,2019-02-21,252.0,0.9695%,0.0005,0.4189,0.2967,0.2363,1.1151%,1.1943%,12.8236%,0.01193,PNNT,91966.0,2019-02-22,252.0,0.6859%,0.0005,0.4184,0.2905,0.2247,1.1151%,1.1943%,12.8203%,0.005877,PNNT,-0.030942,-0.041383,-0.019201,-0.027335,0.0025099999999999
37427,POWER INTEGRATIONS INC,Power Integrations Sees Q1 Sales $87M-$93M vs $98.6M Estimate,6,decrease,0.8,0.7,"the company's projected sales for q1 are below analyst estimates, which is likely to lead to a negative reaction in the stock price.",0,2019-02-07,POWI,2019-02-07 21:03:00+00:00,85710.0,73927610,-0.0296689085662365,276423.0,0.054652951657772,0.024221871048212,-0.0457983799278736,0.0063524935394525,0.0293556451797485,0.0160612370818853,0.0156852435320615,0.0093939807265996,-0.0133371409028768,0.0027347358409315,0.0165054593235254,0.0050389654934406,-0.0069988798350095,-0.0016768386121839,0.04313500598073,-0.0120482388883829,-0.0102702993899583,0.0363665036857128,0.0001365665812045,0.0399285666644573,0.0166553072631359,0.0100000100210309,-0.0020142544526606,-0.0312847569584846,-0.0156082054600119,0.0033461265265941,0.000959031342063,0.0054469746537506,0.0151930013671517,-0.0052589932456612,-0.00741533562541,0.0246570594608783,-0.0069274939596652,-0.0374095775187015,-0.022431943565607,0.0166186820715665,-0.0132923545315861,0.0208809562027454,-0.0073737474158406,0.0309451762586832,0.0111428396776318,0.0113964648917317,-0.0005651443498209,0.0101374592632055,0.0073509230278432,0.0379882492125034,-0.0158574916422367,-0.0785538032650947,0.0213888492435216,-0.0021318639628589,0.0001396361330989,0.0087675563991069,0.0034896705765277,-0.0065735038369894,-0.0112671796232461,0.0153512125834822,0.0251829046756029,0.0584599338471889,-0.0463840365409851,-0.0118673704564571,-0.006187945138663,-0.0243487190455198,0.0146249951794743,-0.0035629298072308,-0.0194091703742742,-0.0417818203568458,0.0034929104149341,0.0205740481615066,0.0143583109602332,-0.0169629901647567,0.0264512207359075,-0.0325074568390846,-0.0146260345354676,-0.0065841348841786,0.0396522544324398,0.0185214728116989,0.0112176844850182,0.046274647116661,-0.0071266153827309,0.0130309769883751,0.0089382948353886,-0.0215267296880483,-0.0148993367329239,-0.0146843120455741,0.0119906971231102,-0.0487350523471832,-0.0052511026151478,0.0168876219540834,0.0127233685925602,0.0309144407510757,0.0013365206541493,-0.0125000393018126,0.0293647181242704,0.0424323566257953,-0.0003890872467309,-0.017883513122797,0.0016864041099324,0.0214513596147298,0.0018129938980564,0.0087911514565348,0.0108582768589258,0.0177219994366169,0.0223785173147916,-0.0054756966419517,-0.0242651011794805,-0.0215972028672695,-0.0124343186616897,-0.0040020290762186,0.0105139864608645,0.0368257462978363,0.0150288781151175,0.0186685696244239,-0.0091115366667509,0.0108599010854959,0.0160918831825256,-0.0273593384772539,0.0047763311304152,-0.0082431659102439,-0.0167626217007637,-0.0095254527404904,0.054652951657772,0.024221871048212,0.006351555085696,0.0307282338670118,0.0358936542628798,0.0472830043981429,0.0381093337531512,0.0600121078832831,0.0819793664362611,0.1324459646465974,0.0288308570001847,0.2176264867053643,0.1637085396221522,0.1898559176421177,2019-02-08,2019-02-11,2019-02-12,2019-02-13,2019-02-14,2019-02-15,2019-02-19,2019-02-20,2019-02-21,2019-02-22,85710.0,2019-02-07,252.0,-2.9669%,0.0,1.2608,0.7983,-0.1528,1.5165%,2.1288%,49.2516%,-0.016449,POWI,85710.0,2019-02-08,252.0,5.4653%,0.0003,1.2514,0.7978,-0.1923,1.5491%,2.1543%,48.2935%,0.051965,POWI,85710.0,2019-02-11,252.0,-4.5798%,0.0001,1.2313,0.7455,-0.2312,1.5833%,2.1524%,45.8891%,-0.052473,POWI,85710.0,2019-02-12,252.0,2.9356%,0.0002,1.2433,0.7387,-0.2238,1.5838%,2.1599%,46.2342%,0.011968,POWI,85710.0,2019-02-13,252.0,1.5685%,0.0003,1.2484,0.7349,-0.2217,1.5848%,2.1616%,46.2478%,0.011817,POWI,85710.0,2019-02-14,252.0,-1.3337%,0.0003,1.2539,0.727,-0.216,1.5796%,2.1592%,46.4818%,-0.015922,POWI,85710.0,2019-02-15,252.0,1.6505%,0.0003,1.2487,0.7224,-0.2244,1.5790%,2.1549%,46.3108%,0.001455,POWI,85710.0,2019-02-19,252.0,-0.6999%,0.0002,1.2454,0.7169,-0.2303,1.5804%,2.1524%,46.0867%,-0.010893,POWI,85710.0,2019-02-20,252.0,4.3135%,0.0004,1.2565,0.7415,-0.1907,1.6003%,2.1689%,45.5553%,0.040358,POWI,85710.0,2019-02-21,252.0,-1.0270%,0.0002,1.2684,0.7643,-0.169,1.5903%,2.1668%,46.1371%,-0.005641,POWI,85710.0,2019-02-22,252.0,0.0137%,0.0002,1.2701,0.7729,-0.1403,1.5921%,2.1661%,45.9773%,-0.014895,POWI,0.035516,-0.0169569999999999,-0.0049889999999999,-0.0090939999999999,0.00129
37435,POWER INTEGRATIONS INC,"Power Integrations Q4 EPS $0.54 Beats $0.49 Estimate, Sales $93.3M Miss $97.15M Estimate",6,uncertain,0.6,0.3,"while the earnings per share beat estimates, the sales miss could raise concerns among investors, leading to uncertainty in the stock's reaction.",1,2019-02-07,POWI,2019-02-07 21:02:00+00:00,85710.0,73927610,-0.0296689085662365,276423.0,0.054652951657772,0.024221871048212,-0.0457983799278736,0.0063524935394525,0.0293556451797485,0.0160612370818853,0.0156852435320615,0.0093939807265996,-0.0133371409028768,0.0027347358409315,0.0165054593235254,0.0050389654934406,-0.0069988798350095,-0.0016768386121839,0.04313500598073,-0.0120482388883829,-0.0102702993899583,0.0363665036857128,0.0001365665812045,0.0399285666644573,0.0166553072631359,0.0100000100210309,-0.0020142544526606,-0.0312847569584846,-0.0156082054600119,0.0033461265265941,0.000959031342063,0.0054469746537506,0.0151930013671517,-0.0052589932456612,-0.00741533562541,0.0246570594608783,-0.0069274939596652,-0.0374095775187015,-0.022431943565607,0.0166186820715665,-0.0132923545315861,0.0208809562027454,-0.0073737474158406,0.0309451762586832,0.0111428396776318,0.0113964648917317,-0.0005651443498209,0.0101374592632055,0.0073509230278432,0.0379882492125034,-0.0158574916422367,-0.0785538032650947,0.0213888492435216,-0.0021318639628589,0.0001396361330989,0.0087675563991069,0.0034896705765277,-0.0065735038369894,-0.0112671796232461,0.0153512125834822,0.0251829046756029,0.0584599338471889,-0.0463840365409851,-0.0118673704564571,-0.006187945138663,-0.0243487190455198,0.0146249951794743,-0.0035629298072308,-0.0194091703742742,-0.0417818203568458,0.0034929104149341,0.0205740481615066,0.0143583109602332,-0.0169629901647567,0.0264512207359075,-0.0325074568390846,-0.0146260345354676,-0.0065841348841786,0.0396522544324398,0.0185214728116989,0.0112176844850182,0.046274647116661,-0.0071266153827309,0.0130309769883751,0.0089382948353886,-0.0215267296880483,-0.0148993367329239,-0.0146843120455741,0.0119906971231102,-0.0487350523471832,-0.0052511026151478,0.0168876219540834,0.0127233685925602,0.0309144407510757,0.0013365206541493,-0.0125000393018126,0.0293647181242704,0.0424323566257953,-0.0003890872467309,-0.017883513122797,0.0016864041099324,0.0214513596147298,0.0018129938980564,0.0087911514565348,0.0108582768589258,0.0177219994366169,0.0223785173147916,-0.0054756966419517,-0.0242651011794805,-0.0215972028672695,-0.0124343186616897,-0.0040020290762186,0.0105139864608645,0.0368257462978363,0.0150288781151175,0.0186685696244239,-0.0091115366667509,0.0108599010854959,0.0160918831825256,-0.0273593384772539,0.0047763311304152,-0.0082431659102439,-0.0167626217007637,-0.0095254527404904,0.054652951657772,0.024221871048212,0.006351555085696,0.0307282338670118,0.0358936542628798,0.0472830043981429,0.0381093337531512,0.0600121078832831,0.0819793664362611,0.1324459646465974,0.0288308570001847,0.2176264867053643,0.1637085396221522,0.1898559176421177,2019-02-08,2019-02-11,2019-02-12,2019-02-13,2019-02-14,2019-02-15,2019-02-19,2019-02-20,2019-02-21,2019-02-22,85710.0,2019-02-07,252.0,-2.9669%,0.0,1.2608,0.7983,-0.1528,1.5165%,2.1288%,49.2516%,-0.016449,POWI,85710.0,2019-02-08,252.0,5.4653%,0.0003,1.2514,0.7978,-0.1923,1.5491%,2.1543%,48.2935%,0.051965,POWI,85710.0,2019-02-11,252.0,-4.5798%,0.0001,1.2313,0.7455,-0.2312,1.5833%,2.1524%,45.8891%,-0.052473,POWI,85710.0,2019-02-12,252.0,2.9356%,0.0002,1.2433,0.7387,-0.2238,1.5838%,2.1599%,46.2342%,0.011968,POWI,85710.0,2019-02-13,252.0,1.5685%,0.0003,1.2484,0.7349,-0.2217,1.5848%,2.1616%,46.2478%,0.011817,POWI,85710.0,2019-02-14,252.0,-1.3337%,0.0003,1.2539,0.727,-0.216,1.5796%,2.1592%,46.4818%,-0.015922,POWI,85710.0,2019-02-15,252.0,1.6505%,0.0003,1.2487,0.7224,-0.2244,1.5790%,2.1549%,46.3108%,0.001455,POWI,85710.0,2019-02-19,252.0,-0.6999%,0.0002,1.2454,0.7169,-0.2303,1.5804%,2.1524%,46.0867%,-0.010893,POWI,85710.0,2019-02-20,252.0,4.3135%,0.0004,1.2565,0.7415,-0.1907,1.6003%,2.1689%,45.5553%,0.040358,POWI,85710.0,2019-02-21,252.0,-1.0270%,0.0002,1.2684,0.7643,-0.169,1.5903%,2.1668%,46.1371%,-0.005641,POWI,85710.0,2019-02-22,252.0,0.0137%,0.0002,1.2701,0.7729,-0.1403,1.5921%,2.1661%,45.9773%,-0.014895,POWI,0.035516,-0.0169569999999999,-0.0049889999999999,-0.0090939999999999,0.00129
37443,P P L CORP,Evercore ISI Group Downgrades PPL to In-Line,6,decrease,0.8,0.6,"a downgrade from a financial analyst typically signals reduced expectations for the company's performance, which can lead to a decrease in stock price.",0,2019-02-07,PPL,2019-02-07 16:42:00+00:00,22517.0,69351T10,0.0055051841773092,4583975.0,0.007729522883892,-0.0057952450588345,-0.0054330481216311,0.0,-0.003534723771736,-0.0028892504051327,-0.0032247784547507,-0.0054278438910841,-0.0116467364132404,0.0168831329792738,-0.0029459951911121,0.0065359100699424,0.0072226272895932,-0.0019569296855479,0.0162972621619701,-0.0003260589728597,0.0076972343958914,-0.0035737690050154,0.0070018875412642,0.009180350229144,0.0028445054776966,0.0207496937364339,0.0063032070174813,-0.0063186078332364,0.0015659015625715,0.005685621406883,0.0059411702677607,0.0074123758822679,0.0027976424898952,0.0095238331705331,0.0034098145551979,0.0151933887973427,0.0033982272725552,-0.0183051154017448,-0.003694548504427,-0.0023672538809478,0.0037855091504752,0.0095595344901084,-0.002806365955621,0.0,0.0125078652054071,0.0131442779675126,0.0027794982306659,0.0013854869175702,0.0009238921338692,0.0307033415883779,0.0027692355215549,-0.0035574664361774,0.0046026855707168,-0.0077655953355133,-0.000610887480434,-0.0007054834859445,-0.0189487393945455,0.0003528662200551,0.0003115930303465,0.001059720525518,0.0059171169996261,0.026096386834979,-0.003405591705814,-0.0285211075097322,0.0049704830162227,-0.0104530015960335,0.0030912610236555,0.0166489984840154,-0.0033898493275046,0.0092956824228167,-0.0231910943984985,-0.0664218887686729,0.0047483257949352,-0.0205950010567903,-0.0031506107188761,-0.0077846180647611,0.0025284425355494,0.0045617264695465,0.0053593972697854,0.0062295258976519,-0.0068986928090453,-0.0094186719506978,0.0151563454419374,-0.0096493801102042,-0.0068429615348577,0.0277324803173542,0.0021922860760241,-0.0019537436310201,-0.0081250071525573,-0.0128576504066586,0.0072463625110685,0.0169990342110395,-0.0034406851045787,-0.0026084096170961,0.0006277008797042,-0.0061568543314933,-0.017565855756402,-0.0083547625690698,-0.0073435357771813,0.0140110878273844,-0.0038597888778895,-0.004863800946623,-0.0041975835338234,0.0065274401567876,0.0006485232734121,-0.0254453290253877,0.0029164014849811,0.0,-0.0048465756699442,0.0197859425097703,-0.0006493036053143,0.0108196698129177,-0.0068226442672312,-0.0522063486278057,0.0209355372935533,0.0090937884524464,-0.003844887483865,0.0110969711095094,-0.0112576512619853,-0.0047333422116935,0.0156148197129368,0.007310917135328,-0.0067264284007251,0.0031887267250567,0.007729522883892,-0.0057952450588345,0.0022544798924755,-0.0057952450588345,-0.0012882128429293,-0.0086677515498332,-0.0161030602727044,0.0025974012325771,0.0190016154896763,0.0124589896252789,0.0500496896386131,0.0873239304363229,0.0115577042700822,-0.0023204973425443,2019-02-08,2019-02-11,2019-02-12,2019-02-13,2019-02-14,2019-02-15,2019-02-19,2019-02-20,2019-02-21,2019-02-22,22517.0,2019-02-07,252.0,0.5505%,0.0004,0.2115,-0.4703,0.0962,1.3355%,1.3775%,5.9998%,0.00635,PPL,22517.0,2019-02-08,252.0,0.7730%,0.0004,0.2104,-0.4806,0.0847,1.3352%,1.3777%,6.0786%,0.008338,PPL,22517.0,2019-02-11,252.0,-0.5433%,0.0005,0.1911,-0.4667,0.0821,1.3322%,1.3689%,5.2988%,-0.002851,PPL,22517.0,2019-02-12,252.0,-0.3535%,0.0004,0.1804,-0.4577,0.0751,1.3305%,1.3646%,4.9344%,-0.006,PPL,22517.0,2019-02-13,252.0,-0.3225%,0.0003,0.1758,-0.4517,0.0752,1.3296%,1.3623%,4.7455%,-0.003608,PPL,22517.0,2019-02-14,252.0,-1.1647%,0.0003,0.1774,-0.4568,0.0816,1.3299%,1.3636%,4.8752%,-0.008593,PPL,22517.0,2019-02-15,252.0,-0.2946%,0.0003,0.1879,-0.4479,0.098,1.3262%,1.3608%,5.0096%,-0.004301,PPL,22517.0,2019-02-19,252.0,0.7223%,0.0003,0.1816,-0.4324,0.116,1.3177%,1.3506%,4.8121%,0.00777,PPL,22517.0,2019-02-20,252.0,1.6297%,0.0003,0.1849,-0.4305,0.1262,1.3193%,1.3526%,4.8701%,0.016165,PPL,22517.0,2019-02-21,252.0,0.7697%,0.0004,0.1758,-0.4474,0.1094,1.3140%,1.3475%,4.9124%,0.00827,PPL,22517.0,2019-02-22,252.0,0.7002%,0.0005,0.1734,-0.4184,0.1072,1.3092%,1.3397%,4.4999%,0.009828,PPL,0.014688,0.011837,0.005837,-0.006364,0.0313679999999999
37451,PRIMERICA INC,Primerica Raises Qtr. Dividend From $0.25 To $0.34/Share,6,increase,0.8,0.7,"raising the quarterly dividend typically signals financial strength and can attract investors, likely leading to an increase in stock price.",2,2019-02-07,PRI,2019-02-07 22:25:00+00:00,93330.0,74164M10,-0.0092954542487859,223451.0,0.0351631194353103,-0.0057868212461471,-0.0218551605939865,0.006782597862184,0.0193989593535661,0.0106336148455739,0.0017840377986431,0.0126368077471852,-0.0169606506824493,0.0295006986707449,0.0328675396740436,0.0031247492879629,0.0009187057730741,-0.0047562816180288,0.0128033366054296,0.0016491095302626,0.0029744741041213,0.0090598445385694,0.0125216599553823,0.0114072114229202,-0.0023594573140144,-0.015737222507596,0.0053008799441158,-0.0109229646623134,0.015656691044569,0.0373937599360942,-0.0012779235839843,0.0050298827700316,0.014075512997806,0.028903417289257,-0.0199527312070131,0.0057945782318711,-0.0044258101843297,-0.0100145721808075,-0.0208535548299551,-0.0114379320293664,-0.0089153200387954,0.0123577341437339,-8.32459336379543e-05,0.0238095186650753,0.0108287828043103,0.0197073835879564,0.0052739959210157,0.0018318776274099,0.0028690751641988,0.0424358136951923,0.0071931085549294,-0.0279467776417732,0.0171238481998443,-0.0075734099373221,0.0196281746029853,0.0161189194768667,-0.0201893877238035,-0.0088640796020627,-0.0221228078007698,-0.0036968640051782,-0.0034302987623959,0.0656598806381225,-0.0397475697100162,-0.0445420555770397,0.0080225523561239,-0.0182713903486728,0.0352213717997074,-0.0147653631865978,-0.0019628517329692,-0.0303981769829988,0.0011472539044916,0.0019650675822049,-0.0001636788365431,0.00802216026932,0.0236594304442405,-0.0267951693385839,0.0016794552793726,-0.0046052322722971,0.0062275351956486,0.0139105087146163,0.0003967551456298,-0.0093475338071584,0.0069003417156636,-0.0141554763540625,0.009531364776194,-0.0338687002658844,-0.0152934351935982,-0.0130446823313832,0.0072900620289146,-0.0636186301708221,-0.0001573652552906,-0.0083277076482772,0.0066090007312595,-0.0020985477603971,-0.0078943418338894,0.0072715026326477,0.0161505974829196,0.045342031866312,-0.0225616078823804,-0.0291745457798242,-0.0008725359803065,0.0111930668354034,0.0015084347687661,0.0030461137648671,0.0115735158324241,0.020788948982954,-0.0032129429746419,-0.0327404402196407,-0.0033805056009441,-0.0130331823602318,0.0070994836278259,0.0059595145285129,0.0224797930568456,0.0123244011774659,-0.0019151219166815,-0.0076969256624579,-0.0088264178484678,0.0143129909411072,-0.0077435341663658,-0.0198112558573484,0.0238021146506071,-0.0108494609594345,0.0028202997054904,0.0188517961651086,0.0351631194353103,-0.0057868212461471,0.0125394632190796,0.0009565269346238,0.0321816751099481,0.0116003131192099,0.0164854211917921,0.054603746997917,0.0808462371627081,0.076297371553357,0.0303697658908743,0.2035759218122379,0.1569125722151307,-0.0115055999751441,2019-02-08,2019-02-11,2019-02-12,2019-02-13,2019-02-14,2019-02-15,2019-02-19,2019-02-20,2019-02-21,2019-02-22,93330.0,2019-02-07,252.0,-0.9295%,0.0009,1.289,0.5912,0.7941,1.1798%,1.7520%,54.6483%,0.000246,PRI,93330.0,2019-02-08,252.0,3.5163%,0.0011,1.2825,0.5812,0.76,1.2039%,1.7652%,53.4854%,0.039087,PRI,93330.0,2019-02-11,252.0,-2.1855%,0.0009,1.299,0.5243,0.7379,1.2139%,1.7658%,52.7465%,-0.029335,PRI,93330.0,2019-02-12,252.0,1.9399%,0.0009,1.3002,0.5242,0.7385,1.2139%,1.7670%,52.8032%,0.002781,PRI,93330.0,2019-02-13,252.0,0.1784%,0.001,1.3117,0.5033,0.7339,1.2028%,1.7651%,53.5621%,-0.002788,PRI,93330.0,2019-02-14,252.0,-1.6961%,0.0008,1.3136,0.4952,0.745,1.1996%,1.7632%,53.7121%,-0.012667,PRI,93330.0,2019-02-15,252.0,3.2868%,0.0009,1.3252,0.507,0.7656,1.2017%,1.7699%,53.8988%,0.01311,PRI,93330.0,2019-02-19,252.0,0.0919%,0.0009,1.3285,0.4967,0.7537,1.1988%,1.7697%,54.1086%,-0.0054659999999999,PRI,93330.0,2019-02-20,252.0,1.2803%,0.001,1.3294,0.498,0.7569,1.1991%,1.7710%,54.1582%,0.004941,PRI,93330.0,2019-02-21,252.0,0.2974%,0.001,1.3302,0.5016,0.7582,1.1994%,1.7708%,54.1278%,0.009883,PRI,93330.0,2019-02-22,252.0,1.2522%,0.001,1.3288,0.4979,0.7383,1.2011%,1.7721%,54.0638%,0.012162,PRI,0.039333,0.009998,0.012779,-0.0026759999999999,0.031954
37459,PRIMERICA INC,"Primerica Q4 EPS $2.01 Beats $1.89 Estimate, Sales $487.325M Miss $494.12M Estimate",6,uncertain,0.6,0.3,"while primerica's earnings per share beat estimates, the miss on sales could create mixed reactions among investors, leading to uncertainty in the stock price movement.",1,2019-02-07,PRI,2019-02-07 22:25:00+00:00,93330.0,74164M10,-0.0092954542487859,223451.0,0.0351631194353103,-0.0057868212461471,-0.0218551605939865,0.006782597862184,0.0193989593535661,0.0106336148455739,0.0017840377986431,0.0126368077471852,-0.0169606506824493,0.0295006986707449,0.0328675396740436,0.0031247492879629,0.0009187057730741,-0.0047562816180288,0.0128033366054296,0.0016491095302626,0.0029744741041213,0.0090598445385694,0.0125216599553823,0.0114072114229202,-0.0023594573140144,-0.015737222507596,0.0053008799441158,-0.0109229646623134,0.015656691044569,0.0373937599360942,-0.0012779235839843,0.0050298827700316,0.014075512997806,0.028903417289257,-0.0199527312070131,0.0057945782318711,-0.0044258101843297,-0.0100145721808075,-0.0208535548299551,-0.0114379320293664,-0.0089153200387954,0.0123577341437339,-8.32459336379543e-05,0.0238095186650753,0.0108287828043103,0.0197073835879564,0.0052739959210157,0.0018318776274099,0.0028690751641988,0.0424358136951923,0.0071931085549294,-0.0279467776417732,0.0171238481998443,-0.0075734099373221,0.0196281746029853,0.0161189194768667,-0.0201893877238035,-0.0088640796020627,-0.0221228078007698,-0.0036968640051782,-0.0034302987623959,0.0656598806381225,-0.0397475697100162,-0.0445420555770397,0.0080225523561239,-0.0182713903486728,0.0352213717997074,-0.0147653631865978,-0.0019628517329692,-0.0303981769829988,0.0011472539044916,0.0019650675822049,-0.0001636788365431,0.00802216026932,0.0236594304442405,-0.0267951693385839,0.0016794552793726,-0.0046052322722971,0.0062275351956486,0.0139105087146163,0.0003967551456298,-0.0093475338071584,0.0069003417156636,-0.0141554763540625,0.009531364776194,-0.0338687002658844,-0.0152934351935982,-0.0130446823313832,0.0072900620289146,-0.0636186301708221,-0.0001573652552906,-0.0083277076482772,0.0066090007312595,-0.0020985477603971,-0.0078943418338894,0.0072715026326477,0.0161505974829196,0.045342031866312,-0.0225616078823804,-0.0291745457798242,-0.0008725359803065,0.0111930668354034,0.0015084347687661,0.0030461137648671,0.0115735158324241,0.020788948982954,-0.0032129429746419,-0.0327404402196407,-0.0033805056009441,-0.0130331823602318,0.0070994836278259,0.0059595145285129,0.0224797930568456,0.0123244011774659,-0.0019151219166815,-0.0076969256624579,-0.0088264178484678,0.0143129909411072,-0.0077435341663658,-0.0198112558573484,0.0238021146506071,-0.0108494609594345,0.0028202997054904,0.0188517961651086,0.0351631194353103,-0.0057868212461471,0.0125394632190796,0.0009565269346238,0.0321816751099481,0.0116003131192099,0.0164854211917921,0.054603746997917,0.0808462371627081,0.076297371553357,0.0303697658908743,0.2035759218122379,0.1569125722151307,-0.0115055999751441,2019-02-08,2019-02-11,2019-02-12,2019-02-13,2019-02-14,2019-02-15,2019-02-19,2019-02-20,2019-02-21,2019-02-22,93330.0,2019-02-07,252.0,-0.9295%,0.0009,1.289,0.5912,0.7941,1.1798%,1.7520%,54.6483%,0.000246,PRI,93330.0,2019-02-08,252.0,3.5163%,0.0011,1.2825,0.5812,0.76,1.2039%,1.7652%,53.4854%,0.039087,PRI,93330.0,2019-02-11,252.0,-2.1855%,0.0009,1.299,0.5243,0.7379,1.2139%,1.7658%,52.7465%,-0.029335,PRI,93330.0,2019-02-12,252.0,1.9399%,0.0009,1.3002,0.5242,0.7385,1.2139%,1.7670%,52.8032%,0.002781,PRI,93330.0,2019-02-13,252.0,0.1784%,0.001,1.3117,0.5033,0.7339,1.2028%,1.7651%,53.5621%,-0.002788,PRI,93330.0,2019-02-14,252.0,-1.6961%,0.0008,1.3136,0.4952,0.745,1.1996%,1.7632%,53.7121%,-0.012667,PRI,93330.0,2019-02-15,252.0,3.2868%,0.0009,1.3252,0.507,0.7656,1.2017%,1.7699%,53.8988%,0.01311,PRI,93330.0,2019-02-19,252.0,0.0919%,0.0009,1.3285,0.4967,0.7537,1.1988%,1.7697%,54.1086%,-0.0054659999999999,PRI,93330.0,2019-02-20,252.0,1.2803%,0.001,1.3294,0.498,0.7569,1.1991%,1.7710%,54.1582%,0.004941,PRI,93330.0,2019-02-21,252.0,0.2974%,0.001,1.3302,0.5016,0.7582,1.1994%,1.7708%,54.1278%,0.009883,PRI,93330.0,2019-02-22,252.0,1.2522%,0.001,1.3288,0.4979,0.7383,1.2011%,1.7721%,54.0638%,0.012162,PRI,0.039333,0.009998,0.012779,-0.0026759999999999,0.031954
37467,PROTO LABS INC,Proto Labs shares are trading lower after the company reported Q4 EPS of $0.74 missing the $0.80 estimate and sales of $112.769 million missing the $115.38 million estimate.,6,decrease,0.85,0.7,"the company's earnings and sales both missed analyst estimates, which typically leads to a negative reaction in stock prices.",0,2019-02-07,PRLB,2019-02-07 16:39:00+00:00,13249.0,74371310,-0.2189758270978928,1254060.0,0.0188028737902641,0.0109599977731704,0.0144941546022892,0.004764141049236,-0.0094294492155313,0.0285163111984729,0.042980782687664,0.0027385931462049,0.0095879128202795,0.0119824027642607,0.0172586925327777,0.019360214471817,-0.0112208258360624,0.010071313008666,0.0112573569640517,-0.0104642650112509,-0.0152616659179329,0.0192145276814699,0.0318169184029102,0.0221491400152444,0.0067149861715734,-0.0049931285902857,-0.0191328786313533,-0.0598138347268104,0.0104688452556729,0.0170398391783237,0.0005312809371389,0.028968371450901,-0.020532788708806,0.0008477320661768,-0.0198788922280073,0.0316599868237972,0.0151193821802735,-0.0302773918956518,-0.0305149443447589,-0.0052307019941508,-0.0103981317952275,0.0169883798807859,0.0007573062321171,0.0149786742404103,0.025255374610424,0.0209833793342113,0.0036903915461152,0.017735943198204,-0.0019303160952404,0.0612696148455143,-0.0268005486577749,-0.0668518617749214,0.0013248735340312,-0.0106392819434404,0.0136093227192759,0.0146635230630636,-0.0110955936834216,-0.00251255184412,-0.0077314702793955,0.0048692598938941,0.027175985276699,0.0870418101549148,-0.0664199888706207,-0.0077806171029806,0.0303210988640785,-0.0369052290916442,0.0154836792498827,-0.0108403423801064,-0.0233923066407442,-0.027570029720664,0.0204616039991378,0.0010823046322911,-0.0008553070947527,-0.0236878730356693,0.030625844374299,-0.037545558065176,0.0119970748201012,-0.0160940662026405,-0.0015502989990636,0.0342389084398746,0.0094985924661159,-0.0042082229629158,0.0121234413236379,0.0024967791978269,-0.0053634224459528,-0.0332112349569797,-0.025882963091135,0.0025033634155988,0.0157763548195362,-0.0558575913310051,0.0049954862333834,-0.0136762922629714,0.0253049749881029,0.0153858652338385,-0.0038783149793744,-0.0032245668116956,0.0011503163259476,0.034917801618576,0.0129927629604935,-0.0167266614735126,0.005584149621427,0.0326446034014225,-0.019262483343482,-0.0009907756466418,0.0092895962297916,0.0255715865641832,0.0268232598900795,-0.0248534567654132,-0.0497695207595825,-0.0444970354437828,-0.0517473258078098,0.005792757961899,0.0493604838848114,0.0264722667634487,-0.0087576853111386,0.0185845680534839,-0.0071955635212361,-0.0024002725258469,-0.0020183597225695,-0.0326661467552185,0.0367714650928974,-0.0121015487238764,-0.0197729710489511,-0.0117251621559262,0.0188028737902641,0.0109599977731704,0.0335695601522367,0.0157763537976971,0.0238235684740621,0.0447425484106425,0.0780665514935989,0.0601564823427893,0.1141956927306788,0.1252811518614276,-0.0064973781669283,0.264928986975625,0.088304797888671,0.0166497198118242,2019-02-08,2019-02-11,2019-02-12,2019-02-13,2019-02-14,2019-02-15,2019-02-19,2019-02-20,2019-02-21,2019-02-22,13249.0,2019-02-07,252.0,-21.8976%,-0.0003,1.4741,1.1459,-0.654,1.9686%,2.7749%,49.6729%,-0.202063,PRLB,13249.0,2019-02-08,252.0,1.8803%,-0.0003,1.472,1.1393,-0.6671,1.9700%,2.7773%,49.6872%,0.01229,PRLB,13249.0,2019-02-11,252.0,1.4494%,-0.0005,1.5467,1.0774,-0.6614,1.9375%,2.7785%,51.3741%,0.006348,PRLB,13249.0,2019-02-12,252.0,-0.9429%,-0.0005,1.5494,1.051,-0.6553,1.9365%,2.7764%,51.3494%,-0.031904,PRLB,13249.0,2019-02-13,252.0,4.2981%,-0.0003,1.5641,1.0419,-0.6475,1.9481%,2.7893%,51.2220%,0.038371,PRLB,13249.0,2019-02-14,252.0,0.9588%,-0.0003,1.5632,1.044,-0.6498,1.9483%,2.7896%,51.2256%,0.0035989999999999,PRLB,13249.0,2019-02-15,252.0,1.7259%,-0.0003,1.5643,1.045,-0.6481,1.9482%,2.7883%,51.1796%,4e-06,PRLB,13249.0,2019-02-19,252.0,-1.1221%,-0.0004,1.5536,1.0465,-0.6456,1.9445%,2.7747%,50.8877%,-0.015379,PRLB,13249.0,2019-02-20,252.0,1.1257%,-0.0004,1.5549,1.043,-0.6424,1.9433%,2.7734%,50.9041%,0.009454,PRLB,13249.0,2019-02-21,252.0,-1.5262%,-0.0005,1.5578,1.0465,-0.6372,1.9443%,2.7743%,50.8849%,-0.010356,PRLB,13249.0,2019-02-22,252.0,3.1817%,-0.0005,1.5571,1.04,-0.6515,1.9444%,2.7812%,51.1232%,0.006469,PRLB,-0.189773,-0.183425,-0.215329,-0.173359,-0.183167
37475,PROTO LABS INC,"Proto Labs Q4 EPS $0.74 Misses $0.80 Estimate, Sales $112.769M Miss $115.38M Estimate",6,decrease,0.8,0.7,"the company's earnings per share and sales both missed analyst estimates, which typically leads to a negative reaction in the stock price.",0,2019-02-07,PRLB,2019-02-07 11:08:00+00:00,13249.0,74371310,-0.2189758270978928,1254060.0,0.0188028737902641,0.0109599977731704,0.0144941546022892,0.004764141049236,-0.0094294492155313,0.0285163111984729,0.042980782687664,0.0027385931462049,0.0095879128202795,0.0119824027642607,0.0172586925327777,0.019360214471817,-0.0112208258360624,0.010071313008666,0.0112573569640517,-0.0104642650112509,-0.0152616659179329,0.0192145276814699,0.0318169184029102,0.0221491400152444,0.0067149861715734,-0.0049931285902857,-0.0191328786313533,-0.0598138347268104,0.0104688452556729,0.0170398391783237,0.0005312809371389,0.028968371450901,-0.020532788708806,0.0008477320661768,-0.0198788922280073,0.0316599868237972,0.0151193821802735,-0.0302773918956518,-0.0305149443447589,-0.0052307019941508,-0.0103981317952275,0.0169883798807859,0.0007573062321171,0.0149786742404103,0.025255374610424,0.0209833793342113,0.0036903915461152,0.017735943198204,-0.0019303160952404,0.0612696148455143,-0.0268005486577749,-0.0668518617749214,0.0013248735340312,-0.0106392819434404,0.0136093227192759,0.0146635230630636,-0.0110955936834216,-0.00251255184412,-0.0077314702793955,0.0048692598938941,0.027175985276699,0.0870418101549148,-0.0664199888706207,-0.0077806171029806,0.0303210988640785,-0.0369052290916442,0.0154836792498827,-0.0108403423801064,-0.0233923066407442,-0.027570029720664,0.0204616039991378,0.0010823046322911,-0.0008553070947527,-0.0236878730356693,0.030625844374299,-0.037545558065176,0.0119970748201012,-0.0160940662026405,-0.0015502989990636,0.0342389084398746,0.0094985924661159,-0.0042082229629158,0.0121234413236379,0.0024967791978269,-0.0053634224459528,-0.0332112349569797,-0.025882963091135,0.0025033634155988,0.0157763548195362,-0.0558575913310051,0.0049954862333834,-0.0136762922629714,0.0253049749881029,0.0153858652338385,-0.0038783149793744,-0.0032245668116956,0.0011503163259476,0.034917801618576,0.0129927629604935,-0.0167266614735126,0.005584149621427,0.0326446034014225,-0.019262483343482,-0.0009907756466418,0.0092895962297916,0.0255715865641832,0.0268232598900795,-0.0248534567654132,-0.0497695207595825,-0.0444970354437828,-0.0517473258078098,0.005792757961899,0.0493604838848114,0.0264722667634487,-0.0087576853111386,0.0185845680534839,-0.0071955635212361,-0.0024002725258469,-0.0020183597225695,-0.0326661467552185,0.0367714650928974,-0.0121015487238764,-0.0197729710489511,-0.0117251621559262,0.0188028737902641,0.0109599977731704,0.0335695601522367,0.0157763537976971,0.0238235684740621,0.0447425484106425,0.0780665514935989,0.0601564823427893,0.1141956927306788,0.1252811518614276,-0.0064973781669283,0.264928986975625,0.088304797888671,0.0166497198118242,2019-02-08,2019-02-11,2019-02-12,2019-02-13,2019-02-14,2019-02-15,2019-02-19,2019-02-20,2019-02-21,2019-02-22,13249.0,2019-02-07,252.0,-21.8976%,-0.0003,1.4741,1.1459,-0.654,1.9686%,2.7749%,49.6729%,-0.202063,PRLB,13249.0,2019-02-08,252.0,1.8803%,-0.0003,1.472,1.1393,-0.6671,1.9700%,2.7773%,49.6872%,0.01229,PRLB,13249.0,2019-02-11,252.0,1.4494%,-0.0005,1.5467,1.0774,-0.6614,1.9375%,2.7785%,51.3741%,0.006348,PRLB,13249.0,2019-02-12,252.0,-0.9429%,-0.0005,1.5494,1.051,-0.6553,1.9365%,2.7764%,51.3494%,-0.031904,PRLB,13249.0,2019-02-13,252.0,4.2981%,-0.0003,1.5641,1.0419,-0.6475,1.9481%,2.7893%,51.2220%,0.038371,PRLB,13249.0,2019-02-14,252.0,0.9588%,-0.0003,1.5632,1.044,-0.6498,1.9483%,2.7896%,51.2256%,0.0035989999999999,PRLB,13249.0,2019-02-15,252.0,1.7259%,-0.0003,1.5643,1.045,-0.6481,1.9482%,2.7883%,51.1796%,4e-06,PRLB,13249.0,2019-02-19,252.0,-1.1221%,-0.0004,1.5536,1.0465,-0.6456,1.9445%,2.7747%,50.8877%,-0.015379,PRLB,13249.0,2019-02-20,252.0,1.1257%,-0.0004,1.5549,1.043,-0.6424,1.9433%,2.7734%,50.9041%,0.009454,PRLB,13249.0,2019-02-21,252.0,-1.5262%,-0.0005,1.5578,1.0465,-0.6372,1.9443%,2.7743%,50.8849%,-0.010356,PRLB,13249.0,2019-02-22,252.0,3.1817%,-0.0005,1.5571,1.04,-0.6515,1.9444%,2.7812%,51.1232%,0.006469,PRLB,-0.189773,-0.183425,-0.215329,-0.173359,-0.183167
37483,P R O S HOLDINGS INC,"Pros Holdings Q4 EPS $(0.06) Beats $(0.13) Estimate, Sales $52.613M Beat $50.78M Estimate",6,increase,0.75,0.6,"the company reported better-than-expected earnings and sales, which typically boosts investor confidence and can lead to an increase in stock price.",2,2019-02-07,PRO,2019-02-07 22:25:00+00:00,92143.0,74346Y10,-0.007677614223212,292627.0,0.0502901300787925,-0.0019157003844156,0.0205209851264953,0.0241031553596258,0.0118587026372551,0.0333044193685054,0.0078981239348649,-0.0020231127273291,0.02730025164783,0.0152581166476011,-0.0130413090810179,0.0041250209324061,-0.0037397537380456,-0.0023516116198152,0.0015015358803793,-0.0008810214349068,0.0102448733523488,-0.002928324509412,0.0215186476707458,-0.0011698480229824,0.0082324491813778,0.0261104125529527,0.0031220237724483,-0.0191345755010843,0.0148431630805134,0.0478100888431072,0.0049539771862328,0.0006171803106553,0.0105633987113833,-0.0196671020239591,-0.008130045607686,0.0229030586779117,-0.0348946526646614,-0.0046210018917918,-0.0084930472075939,-0.0006157776224426,0.0078316126018762,0.0074441023170948,0.0038853774312883,-0.0021665024105459,0.004837947897613,0.015080158598721,-0.006018295418471,0.0341130346059799,0.0062968833371996,0.0402163080871105,-0.012515053153038,-0.0439418591558933,0.0224226657301187,-0.014331174083054,0.0064362445846199,0.0201429147273302,0.0033159493468701,-0.0051712943241,-0.006609980482608,0.0045454967767,0.0190113876014947,0.0537119284272193,-0.0242537520825862,0.0017134762601926,0.0117113208398222,-0.0331345275044441,0.001181177329272,-0.0201298352330923,-0.0061350194737315,0.0071942219510674,0.0002374676259933,-0.000653609749861,0.0026109805330634,-0.0032573414500802,0.0042612804099917,-0.0175999756902456,0.0068364199250936,0.0185788683593273,-0.0004682851431425,0.0016324239550158,-0.0152259953320026,-0.0380025431513786,0.0064224656671285,0.0201858729124069,0.0108721125870943,-0.0204018056392669,0.0142623474821448,0.0079088890925049,-0.0011525872396305,-0.0461677387356758,-0.0018463380401954,0.0301523562520742,-0.0073988367803394,0.0034309667535126,0.0153738604858517,0.0003120791516266,-0.0174351520836353,0.0412605106830596,0.0,-0.0194328986108303,0.0014008302241563,0.0244778078049421,0.0153881991282105,-0.0141570316627621,0.027554553002119,0.0267591495066881,0.0120670599862933,0.0554393343627452,-0.0052992198616266,-0.0455906465649604,0.1198668479919434,-0.0029860702343285,0.0227947998791933,0.0276167560368776,-0.0069766822271049,-0.0452473759651184,-0.0083918869495391,0.0115244798362255,-0.0033458371181041,-0.041350994259119,0.012045825831592,-0.0370821021497249,0.0175610054284334,-0.0184963885694742,0.0502901300787925,-0.0019157003844156,0.0718431182166443,0.0221412805512219,0.084553787029364,0.0561831024125611,0.1229621708885728,0.0701290867135242,0.1411992487465223,0.0666862446311771,0.1561205228661053,0.2498286759654016,0.4410058971552173,0.0880071758511904,2019-02-08,2019-02-11,2019-02-12,2019-02-13,2019-02-14,2019-02-15,2019-02-19,2019-02-20,2019-02-21,2019-02-22,92143.0,2019-02-07,252.0,-0.7678%,0.0008,0.719,0.9292,-0.8238,1.9958%,2.3621%,28.6091%,0.003307,PRO,92143.0,2019-02-08,252.0,5.0290%,0.0004,0.7158,0.7843,-0.9328,1.7839%,2.1929%,33.8235%,0.043394,PRO,92143.0,2019-02-11,252.0,2.0521%,0.0003,0.7635,0.7607,-0.9206,1.7734%,2.1958%,34.7685%,0.016388,PRO,92143.0,2019-02-12,252.0,1.1859%,0.0003,0.7644,0.759,-0.9198,1.7734%,2.1968%,34.8328%,-0.000342,PRO,92143.0,2019-02-13,252.0,0.7898%,0.0005,0.7794,0.7359,-0.9226,1.7629%,2.1929%,35.3675%,0.005846,PRO,92143.0,2019-02-14,252.0,2.7300%,0.0006,0.7761,0.747,-0.9368,1.7632%,2.1973%,35.6059%,0.019659,PRO,92143.0,2019-02-15,252.0,-1.3041%,0.0005,0.7614,0.7316,-0.9635,1.7676%,2.1982%,35.3417%,-0.0192829999999999,PRO,92143.0,2019-02-19,252.0,-0.3740%,0.0004,0.7504,0.7426,-0.9502,1.7563%,2.1796%,35.0687%,-0.0045179999999999,PRO,92143.0,2019-02-20,252.0,0.1502%,0.0004,0.7518,0.7479,-0.9447,1.7561%,2.1794%,35.0727%,0.003568,PRO,92143.0,2019-02-21,252.0,1.0245%,0.0005,0.7445,0.7354,-0.9582,1.7554%,2.1769%,34.9737%,0.0112769999999999,PRO,92143.0,2019-02-22,252.0,2.1519%,0.0005,0.7443,0.7465,-0.9498,1.7546%,2.1800%,35.2138%,-0.0015509999999999,PRO,0.046701,0.063089,0.062747,0.088252,0.077745
37491,PATTERSON U T I ENERGY INC,"Patterson-UTI Energy Q4 EPS $(0.04) Beats $(0.14) Estimate, Sales $795.937M Miss $796.53M Estimate",6,uncertain,0.6,0.3,"while the earnings per share (eps) beat estimates, the sales miss could lead to mixed reactions from investors, making the overall impact on the stock price uncertain.",1,2019-02-07,PTEN,2019-02-07 11:13:00+00:00,79857.0,70348110,0.0054988726042211,5764964.0,-0.0093749910593032,-0.0015686633996665,0.0299684628844261,-0.0108611593022942,0.0313935540616512,0.0246423222124576,0.0081662693992257,0.0370980873703956,0.0139912031590938,-0.001646049786359,0.0464778058230876,0.0296609681099653,0.0034698259551078,0.0137456906959414,-0.0096819046884775,-0.0299999713897705,-0.0300278887152671,0.023017942905426,0.0064794239588081,0.0235601663589477,0.0143062062561512,-0.0567900910973548,-0.0394922718405723,-0.055209957063198,-0.0036710859276354,0.0279775708913803,-0.0228444710373878,-0.0087162964046001,0.0188536942005157,-0.0109718134626746,0.018504811450839,-0.0007831032271496,-0.0218023397028446,0.0039308327250182,-0.033432375639677,-0.0039154416881501,-0.002313083037734,0.0070978035219013,-0.013910305686295,0.0745762810111045,0.0336990095674991,0.0085470415651798,0.0303260497748851,0.0209423881024122,0.0242825541645288,0.0533088147640228,0.0114942416548728,0.0254477355629205,-0.0127841122448444,0.0251207016408443,0.0374101065099239,0.003879724536091,-0.0090152649208903,0.0019436790607869,0.018894363194704,-0.0162523966282606,0.0075549213215708,0.0816959589719772,-0.0565780438482761,-0.0329999923706054,0.0180635843425989,-0.0281826984137296,0.0191624909639358,-0.0463392026722431,-0.0188021939247846,-0.0761986598372459,0.0156139293685555,-0.0347107499837875,-0.0202655456960201,-0.0154596893116831,0.0306704230606555,-0.028458472341299,-0.0124567029997706,-0.0416666828095912,-0.0217239242047071,0.0476190000772476,0.0343839228153228,0.0023866894189268,0.0422438122332096,-0.0338201783597469,0.0179401654750108,0.0148206343874335,-0.0078328913077712,-0.0558003075420856,0.0125000355765223,-0.0639175474643707,-0.0175438895821571,0.0482708998024463,0.0052910004742443,-0.058344617486,-0.0177631247788667,-0.0107382452115416,0.0475552603602409,0.0184551943093538,-0.0095908287912607,-0.0108181098476052,-0.0071013337001204,0.0504261404275894,0.0507151968777179,-0.0382513925433158,-0.0204207878559827,0.0152566069737076,-0.0435880981385707,-0.0690768063068389,-0.0224570762366056,0.0078074098564684,-0.0351351648569107,0.0185553170740604,-0.0140055892989039,0.0209743175655603,-0.0348011218011379,0.0061266273260116,-0.0581309758126735,-0.0565189532935619,0.0210937112569809,-0.034717883914709,0.0382555462419986,-0.0200485996901989,0.0110538378357887,-0.0277614425867795,-0.0093749910593032,-0.0015686633996665,0.0203125177535201,-0.0124127851988853,0.0523437539393947,0.0119236571611474,0.075781268307949,0.0477366192665227,0.0921874477238802,0.1108201994854742,0.0845846143373598,0.2729999496396591,0.0751807119969691,-0.2457342922942921,2019-02-08,2019-02-11,2019-02-12,2019-02-13,2019-02-14,2019-02-15,2019-02-19,2019-02-20,2019-02-21,2019-02-22,79857.0,2019-02-07,252.0,0.5499%,-0.0016,1.7669,0.9258,1.4408,2.4164%,2.9924%,34.7964%,0.017543,PTEN,79857.0,2019-02-08,252.0,-0.9375%,-0.0013,1.7655,0.9706,1.4646,2.3963%,2.9778%,35.2412%,-0.001587,PTEN,79857.0,2019-02-11,252.0,2.9968%,-0.0009,1.6465,1.1094,1.4773,2.3228%,2.8474%,33.4539%,0.017622,PTEN,79857.0,2019-02-12,252.0,3.1394%,-0.0006,1.6842,1.07,1.5036,2.2991%,2.8461%,34.7441%,0.011191,PTEN,79857.0,2019-02-13,252.0,0.8166%,-0.0006,1.6878,1.0649,1.5032,2.2988%,2.8464%,34.7761%,0.001656,PTEN,79857.0,2019-02-14,252.0,1.3991%,-0.0004,1.6842,1.0772,1.4874,2.2986%,2.8454%,34.7396%,0.020617,PTEN,79857.0,2019-02-15,252.0,4.6478%,-0.0003,1.7021,1.0952,1.5189,2.3009%,2.8551%,35.0561%,0.017513,PTEN,79857.0,2019-02-19,252.0,0.3470%,-0.0003,1.7016,1.0893,1.5123,2.3013%,2.8549%,35.0269%,-0.007597,PTEN,79857.0,2019-02-20,252.0,-0.9682%,-0.0003,1.6973,1.0903,1.5,2.3010%,2.8535%,34.9772%,-0.023729,PTEN,79857.0,2019-02-21,252.0,-3.0028%,-0.0005,1.7058,1.1034,1.5157,2.3031%,2.8593%,35.1214%,-0.019635,PTEN,79857.0,2019-02-22,252.0,0.6479%,-0.0004,1.7038,1.1145,1.5013,2.3040%,2.8597%,35.0876%,0.011504,PTEN,0.0159559999999999,0.033578,0.0447689999999999,0.0670419999999999,0.0450979999999999
37499,QORVO INC,"Qorvo Sees Q4 EPS $1.05 vs $1.35 Est., Sales $660M-$680M May Not Compare To $725.69M Est.",6,decrease,0.8,0.7,"the company's earnings per share (eps) and sales guidance both fell short of analyst estimates, which is likely to negatively impact investor sentiment and lead to a decrease in stock price.",0,2019-02-07,QRVO,2019-02-07 21:04:00+00:00,85035.0,74736K10,-0.0305988416075706,1865309.0,-0.0303621925413608,0.0392186008393764,-0.0001550478336866,0.0012128840899094,0.0105426404625177,0.000606810033787,-0.004295777529478,0.0085678938776254,-0.0035439652856439,-0.0025942036882042,0.0075770141556859,0.0293747875839471,-0.0044505968689918,-0.0219695270061492,0.0152612579986453,-0.0101886522024869,0.0030366983264684,0.0375512950122356,0.0263397749513387,0.0237441640347242,0.0132742458954453,-0.0004843199858441,0.0064046937040984,-0.0211757291108369,0.0030373022891581,0.0165461655706167,0.0113915055990219,0.0136785563081502,0.0051326006650924,-0.0024366718716919,-0.0063829352147877,0.0062111974693834,-0.0027123831678181,-0.03940961509943,-0.0113083440810442,0.0295828972011804,-0.0104242246598005,0.0233250595629215,0.0033650822006165,0.018191035836935,0.011519405990839,-0.0068584787659347,-0.0018740792293101,0.0069058421067893,-0.0021663999650627,0.0670380964875221,-0.006368429865688,-0.0905524790287017,0.0147123392671346,0.0074098594486713,0.0024403985589742,-0.000987027073279,0.004009720403701,0.0066236383281648,-0.0141206365078687,0.0061645940877497,0.0690103620290756,0.0628652200102806,-0.0300446785986423,-0.0209777932614088,-0.0111622083932161,-0.0354514867067337,0.0039508785121142,0.002682760823518,-0.0081518171355128,-0.0333873815834522,-0.0048178592696785,0.0225389562547206,0.0213583931326866,-0.0029742284677922,0.0206328686326742,-0.0041138720698654,0.0117470379918813,0.0021438170224428,0.0045903059653937,0.0177911631762981,-0.004972486756742,0.00100808753632,0.0114802606403827,-0.0263373237103223,0.0048070587217807,-0.0253507681190967,-0.0003986548690591,-0.0224439278244972,0.0134273078292608,-0.05298887565732,-0.0023612789809703,0.0294788405299186,0.0149901295080781,0.0079644145444035,-0.0103640761226415,-0.0258131269365549,0.0251341555267572,0.0337805747985839,-0.0223470833152532,-0.0097754597663879,0.001567434053868,0.017721114680171,-0.0087375873699784,0.011796161532402,0.0077620879746973,0.0251531992107629,0.008485659956932,-0.0178939197212457,0.0006472886889241,-0.0477985255420208,-0.0298836361616849,0.017802270129323,0.0061341393738985,0.0362595841288566,0.0021206582896411,-0.0120974145829677,-0.0003967567754443,-0.0023510614410042,0.0154802612960338,-0.0638298168778419,-0.0204560216516256,-0.0364767685532569,-0.0113061778247356,0.0064030247740447,-0.0303621925413608,0.0392186008393764,-0.030512532782868,0.0404790525462726,-0.0202915749830808,0.0411104256753029,-0.0279573219032739,0.0473065561936121,0.0190891971476327,0.1085446236917544,0.0772583676834444,0.1898404518998706,0.1172403870428138,-0.0234775379177264,2019-02-08,2019-02-11,2019-02-12,2019-02-13,2019-02-14,2019-02-15,2019-02-19,2019-02-20,2019-02-21,2019-02-22,85035.0,2019-02-07,252.0,-3.0599%,-0.0008,1.2834,0.5725,-0.4597,1.7209%,2.3416%,45.9923%,-0.016169,QRVO,85035.0,2019-02-08,252.0,-3.0362%,-0.0009,1.289,0.5887,-0.4253,1.7334%,2.3481%,45.5026%,-0.0350749999999999,QRVO,85035.0,2019-02-11,252.0,-0.0155%,-0.001,1.328,0.5462,-0.4278,1.7226%,2.3460%,46.0843%,-0.004967,QRVO,85035.0,2019-02-12,252.0,1.0543%,-0.0011,1.3242,0.5456,-0.4297,1.7233%,2.3455%,46.0210%,-0.008454,QRVO,85035.0,2019-02-13,252.0,-0.4296%,-0.0011,1.3226,0.5455,-0.4314,1.7238%,2.3431%,45.8727%,-0.00813,QRVO,85035.0,2019-02-14,252.0,-0.3544%,-0.0011,1.3239,0.5428,-0.4287,1.7241%,2.3431%,45.8582%,-0.006205,QRVO,85035.0,2019-02-15,252.0,0.7577%,-0.001,1.3411,0.5576,-0.4017,1.7170%,2.3433%,46.3103%,-0.006782,QRVO,85035.0,2019-02-19,252.0,-0.4451%,-0.001,1.3461,0.5446,-0.4167,1.7127%,2.3434%,46.5856%,-0.007511,QRVO,85035.0,2019-02-20,252.0,1.5261%,-0.0008,1.3518,0.5645,-0.3947,1.7118%,2.3434%,46.6399%,0.0136969999999999,QRVO,85035.0,2019-02-21,252.0,0.3037%,-0.001,1.367,0.5972,-0.3669,1.6862%,2.3316%,47.6953%,0.007426,QRVO,85035.0,2019-02-22,252.0,2.6340%,-0.001,1.3656,0.5991,-0.3818,1.6873%,2.3376%,47.8998%,0.008676,QRVO,-0.051244,-0.056211,-0.064665,-0.079,-0.063494
37507,QORVO INC,"Qorvo Q3 Adj. EPS $1.85 Beats $1.69 Estimate, Sales $832.3M Beat $819.61M Estimate",6,increase,0.8,0.7,the positive earnings surprise and higher-than-expected sales are likely to boost investor confidence and lead to an increase in qorvo's stock price.,2,2019-02-07,QRVO,2019-02-07 21:02:00+00:00,85035.0,74736K10,-0.0305988416075706,1865309.0,-0.0303621925413608,0.0392186008393764,-0.0001550478336866,0.0012128840899094,0.0105426404625177,0.000606810033787,-0.004295777529478,0.0085678938776254,-0.0035439652856439,-0.0025942036882042,0.0075770141556859,0.0293747875839471,-0.0044505968689918,-0.0219695270061492,0.0152612579986453,-0.0101886522024869,0.0030366983264684,0.0375512950122356,0.0263397749513387,0.0237441640347242,0.0132742458954453,-0.0004843199858441,0.0064046937040984,-0.0211757291108369,0.0030373022891581,0.0165461655706167,0.0113915055990219,0.0136785563081502,0.0051326006650924,-0.0024366718716919,-0.0063829352147877,0.0062111974693834,-0.0027123831678181,-0.03940961509943,-0.0113083440810442,0.0295828972011804,-0.0104242246598005,0.0233250595629215,0.0033650822006165,0.018191035836935,0.011519405990839,-0.0068584787659347,-0.0018740792293101,0.0069058421067893,-0.0021663999650627,0.0670380964875221,-0.006368429865688,-0.0905524790287017,0.0147123392671346,0.0074098594486713,0.0024403985589742,-0.000987027073279,0.004009720403701,0.0066236383281648,-0.0141206365078687,0.0061645940877497,0.0690103620290756,0.0628652200102806,-0.0300446785986423,-0.0209777932614088,-0.0111622083932161,-0.0354514867067337,0.0039508785121142,0.002682760823518,-0.0081518171355128,-0.0333873815834522,-0.0048178592696785,0.0225389562547206,0.0213583931326866,-0.0029742284677922,0.0206328686326742,-0.0041138720698654,0.0117470379918813,0.0021438170224428,0.0045903059653937,0.0177911631762981,-0.004972486756742,0.00100808753632,0.0114802606403827,-0.0263373237103223,0.0048070587217807,-0.0253507681190967,-0.0003986548690591,-0.0224439278244972,0.0134273078292608,-0.05298887565732,-0.0023612789809703,0.0294788405299186,0.0149901295080781,0.0079644145444035,-0.0103640761226415,-0.0258131269365549,0.0251341555267572,0.0337805747985839,-0.0223470833152532,-0.0097754597663879,0.001567434053868,0.017721114680171,-0.0087375873699784,0.011796161532402,0.0077620879746973,0.0251531992107629,0.008485659956932,-0.0178939197212457,0.0006472886889241,-0.0477985255420208,-0.0298836361616849,0.017802270129323,0.0061341393738985,0.0362595841288566,0.0021206582896411,-0.0120974145829677,-0.0003967567754443,-0.0023510614410042,0.0154802612960338,-0.0638298168778419,-0.0204560216516256,-0.0364767685532569,-0.0113061778247356,0.0064030247740447,-0.0303621925413608,0.0392186008393764,-0.030512532782868,0.0404790525462726,-0.0202915749830808,0.0411104256753029,-0.0279573219032739,0.0473065561936121,0.0190891971476327,0.1085446236917544,0.0772583676834444,0.1898404518998706,0.1172403870428138,-0.0234775379177264,2019-02-08,2019-02-11,2019-02-12,2019-02-13,2019-02-14,2019-02-15,2019-02-19,2019-02-20,2019-02-21,2019-02-22,85035.0,2019-02-07,252.0,-3.0599%,-0.0008,1.2834,0.5725,-0.4597,1.7209%,2.3416%,45.9923%,-0.016169,QRVO,85035.0,2019-02-08,252.0,-3.0362%,-0.0009,1.289,0.5887,-0.4253,1.7334%,2.3481%,45.5026%,-0.0350749999999999,QRVO,85035.0,2019-02-11,252.0,-0.0155%,-0.001,1.328,0.5462,-0.4278,1.7226%,2.3460%,46.0843%,-0.004967,QRVO,85035.0,2019-02-12,252.0,1.0543%,-0.0011,1.3242,0.5456,-0.4297,1.7233%,2.3455%,46.0210%,-0.008454,QRVO,85035.0,2019-02-13,252.0,-0.4296%,-0.0011,1.3226,0.5455,-0.4314,1.7238%,2.3431%,45.8727%,-0.00813,QRVO,85035.0,2019-02-14,252.0,-0.3544%,-0.0011,1.3239,0.5428,-0.4287,1.7241%,2.3431%,45.8582%,-0.006205,QRVO,85035.0,2019-02-15,252.0,0.7577%,-0.001,1.3411,0.5576,-0.4017,1.7170%,2.3433%,46.3103%,-0.006782,QRVO,85035.0,2019-02-19,252.0,-0.4451%,-0.001,1.3461,0.5446,-0.4167,1.7127%,2.3434%,46.5856%,-0.007511,QRVO,85035.0,2019-02-20,252.0,1.5261%,-0.0008,1.3518,0.5645,-0.3947,1.7118%,2.3434%,46.6399%,0.0136969999999999,QRVO,85035.0,2019-02-21,252.0,0.3037%,-0.001,1.367,0.5972,-0.3669,1.6862%,2.3316%,47.6953%,0.007426,QRVO,85035.0,2019-02-22,252.0,2.6340%,-0.001,1.3656,0.5991,-0.3818,1.6873%,2.3376%,47.8998%,0.008676,QRVO,-0.051244,-0.056211,-0.064665,-0.079,-0.063494
37515,RESTAURANT BRANDS INTL INC,Piper Jaffray Reiterates Overweight And $70 Target On Restaurant Brands International After Co's Leadership Changes Which Firm Believes Increases 'the case for additional acquisitions to support the company's already higher-than-peer growth rate',6,increase,0.8,0.6,"the reiteration of an 'overweight' rating and a target price of $70, along with the potential for acquisitions to enhance growth, suggests positive sentiment that is likely to drive the stock price higher.",2,2019-02-07,QSR,2019-02-07 13:58:00+00:00,15113.0,76131D10,-0.0044735386036336,1726616.0,0.0062590176239609,0.0077282167039811,0.0162679497152566,-0.0094098905101418,0.0084745902568101,0.001437472528778,0.0031123084481805,-0.0006384822772815,-0.0097734602168202,0.0036847703158855,0.0134732974693179,-0.0063674231059849,0.0038645847234874,-0.0031736078672111,-0.0041577494703233,-0.0011095212539657,0.0012370779877528,-0.0087981363758444,-0.0199227947741746,0.0166107788681983,-0.0152851780876517,0.0978432744741439,0.0011201743036508,-0.0074834721162915,-0.0004795810964424,0.0036681063938885,0.0108747854828834,0.0130950575694441,-0.0020565930753946,0.0069493832997977,-0.0101458970457315,0.0050143050029873,-0.000960883393418,-0.0122058847919106,-0.0091375391930341,0.0203970614820718,-0.008736465126276,0.0115026663988828,0.0261138975620269,0.0042170798406004,-0.0074757025577127,-0.0192411374300718,0.0028846201021224,0.0271518509835004,0.0073505765758454,0.0385574176907539,0.0025380686856806,0.013807913288474,0.0066985352896153,-0.0168260242789983,0.0042775738984346,0.0055758687667548,0.0050481101498007,-0.0085779791697859,-0.0127138216048479,0.0024841821286827,0.0090619977563619,0.0339854024350643,-0.0004727051127701,-0.0207043290138244,0.0053593972697854,-0.0040470049716532,0.0079962704330682,-0.0198337603360414,0.0101104602217674,0.0058901300653815,0.0101631665602326,0.005156616680324,-0.0074694799259305,-0.017267232760787,0.0082936706021428,-0.0150320893153548,-0.0031987673137336,0.0105594610795378,0.0064180647023022,0.0188750475645065,0.0006073628319427,-0.0152416303753852,-0.000303554959828,-0.0159136448055505,0.0004554706974886,-0.0430597402155399,-0.0100137097761035,0.0143821267411112,0.0061302916146814,-0.0186443571001291,0.0070068403147161,-0.0161152482032775,0.0071093817241489,-0.0076556135900318,-0.0019526116084307,0.0099656013771891,-0.0013543467503041,0.0365093350410461,0.0018083596369251,-0.0068977605551481,0.0192538909614086,0.0218687690794467,-0.0271547213196754,0.0054516275413334,-0.0007584257400594,0.0459988228976726,-0.0036436235532164,-0.0219371691346168,0.0004572056932374,-0.0302866455167532,0.0121839074417948,0.0181718375533819,-0.0144447656348347,-0.016428954899311,-0.0039694984443485,-0.0050296173430979,-0.0001531960006104,-0.0051822895184159,0.0065920632332563,-0.0149621944874525,0.0169051624834537,0.0058428086340427,0.0055414522066712,-0.0068577351048588,0.0062590176239609,0.0077282167039811,0.022628788723191,-0.0017543954791837,0.0312951486924382,-0.0003194448457116,0.0243941652293888,0.0027235181628826,0.0184560688450101,-0.0003194458033384,0.0262541860524052,0.2111068020215503,0.0861082414968599,0.1098757286380243,2019-02-08,2019-02-11,2019-02-12,2019-02-13,2019-02-14,2019-02-15,2019-02-19,2019-02-20,2019-02-21,2019-02-22,15113.0,2019-02-07,252.0,-0.4474%,0.0003,0.6054,-0.2613,-0.3064,1.4534%,1.6387%,21.3333%,0.001959,QSR,15113.0,2019-02-08,252.0,0.6259%,0.0002,0.6054,-0.2832,-0.3205,1.4462%,1.6349%,21.7492%,0.0036309999999999,QSR,15113.0,2019-02-11,252.0,1.6268%,0.0004,0.5804,-0.2354,-0.3078,1.4437%,1.6097%,19.5681%,0.017926,QSR,15113.0,2019-02-12,252.0,0.8475%,0.0004,0.5848,-0.2413,-0.3045,1.4428%,1.6104%,19.7364%,5e-06,QSR,15113.0,2019-02-13,252.0,0.3112%,0.0002,0.5617,-0.2018,-0.2972,1.4068%,1.5650%,19.1993%,0.001733,QSR,15113.0,2019-02-14,252.0,-0.9773%,0.0004,0.5665,-0.2056,-0.2973,1.3866%,1.5491%,19.8820%,-0.009368,QSR,15113.0,2019-02-15,252.0,1.3473%,0.0004,0.5791,-0.1934,-0.2757,1.3865%,1.5511%,20.0966%,0.0089129999999999,QSR,15113.0,2019-02-19,252.0,0.3865%,0.0004,0.5797,-0.1909,-0.2729,1.3867%,1.5501%,19.9721%,0.004052,QSR,15113.0,2019-02-20,252.0,-0.4158%,0.0004,0.5774,-0.2017,-0.2826,1.3845%,1.5486%,20.0730%,-0.003438,QSR,15113.0,2019-02-21,252.0,0.1237%,0.0004,0.5788,-0.1984,-0.28,1.3841%,1.5485%,20.1014%,0.002482,QSR,15113.0,2019-02-22,252.0,-1.9923%,0.0003,0.5825,-0.1972,-0.2351,1.3940%,1.5526%,19.3793%,-0.02681,QSR,0.0055899999999999,0.023516,0.023521,0.015886,0.001085
37523,RIO TINTO PLC,Hearing Rio Volume Downtick Due To Downgrade At CLSA,6,decrease,0.8,0.6,"a downgrade from clsa typically signals negative sentiment towards the stock, which is likely to lead to a decrease in its price.",0,2019-02-07,RIO,2019-02-07 18:49:00+00:00,76221.0,76720410,-0.0065324669703841,4054723.0,-0.0042651798576116,0.0072914785705506,-0.004461895674467,-0.0089884055778384,0.0025098493788391,0.0137573778629303,0.0071531031280756,-0.0053314240649342,-0.000710243533831,0.0201232880353927,0.0154584711417555,0.0137842306867241,0.0118985176086425,0.0326437912881374,0.0103752110153436,0.0082280961796641,-0.0070169405080378,0.047924593091011,0.0139607265591621,-0.0010015873704105,-0.0022097749169915,-0.0077520012855529,0.0017035515047609,-0.0257551912218332,-0.0047618839889764,-0.0003871555963996,-0.005468210671097,0.0151306828483939,0.0027491382788866,0.0039455667138099,0.0051404940895736,0.0027695230673998,0.0044322931207716,0.0007919405470602,0.004582492634654,-0.0015813764184713,-0.0037167922127991,-0.0049173878505826,-0.0014614874962717,0.0107356049120426,0.0113428272306919,0.0122761242091655,0.000723605568055,0.0089339818805456,0.0128344018012285,0.0557341575622558,-0.0005354056484065,-0.0147834625095129,-0.0003571510314941,-0.023308603093028,0.0180421955883503,0.0056005073711276,-0.0082470821216702,-0.0020700120367109,0.0023000896908342,-0.0160895548760891,0.0031774104572832,0.0365209951996803,-0.0121415173634886,-0.0081658167764544,0.0144282402470707,0.0004188655584584,0.014749783091247,0.0099429069086909,-0.0022495426237583,-0.0104668196290731,0.006243506912142,0.0129347033798694,0.0143053773790597,0.0102827660739421,0.0169923547655344,-0.0213836561888456,0.0188805535435676,0.014893633313477,0.0006559678004123,0.0153380660340189,0.0003277688811067,0.0216287691146135,0.0004914610181003,-0.014357185922563,0.0211233161389827,-0.008840013295412,-0.0075369020923972,-0.0211059506982564,0.0082404613494873,-0.0092011420056223,-0.0054487204179167,0.0226689781993627,0.0116016333922743,-0.0057410262525081,-0.005097160115838,-0.0152847478166222,-0.0339417047798633,0.0310880541801452,0.0019887129310518,-0.0161427799612283,0.0051273796707391,-0.0090506523847579,0.0016455237055197,-0.0442567057907581,-0.0044356901198625,0.013249035924673,-0.0193069018423557,-0.0313919074833393,-0.0015143891796469,-0.0054977182298898,-0.0006740969838574,0.0175824388861656,-0.0001686057657934,0.021845644339919,-0.006577827502042,-0.0239139255136251,-0.0162988603115081,-0.0009954058332368,-0.0086296172812581,-0.006723356898874,0.0257660094648599,-0.0293665807694196,-0.0142565574496984,-0.0021068877540528,-0.0042651798576116,0.0072914785705506,-0.0087080447445212,-0.001762465773942,-0.006220051246375,0.0119706651813655,0.0001776845864063,0.026831027538549,0.0454949586648898,0.1346154145037312,0.074785549015474,0.1859296764201623,0.1119263881241023,0.0848496536292975,2019-02-08,2019-02-11,2019-02-12,2019-02-13,2019-02-14,2019-02-15,2019-02-19,2019-02-20,2019-02-21,2019-02-22,76221.0,2019-02-07,252.0,-0.6532%,0.0005,0.9964,0.077,0.4839,1.3970%,1.7183%,33.9055%,0.0009279999999999,RIO,76221.0,2019-02-08,252.0,-0.4265%,0.0006,0.9962,0.0973,0.4965,1.3903%,1.7120%,34.0451%,-0.001962,RIO,76221.0,2019-02-11,252.0,-0.4462%,0.0005,0.9979,0.0845,0.4904,1.3912%,1.7012%,33.1220%,-0.007741,RIO,76221.0,2019-02-12,252.0,0.2510%,0.0004,0.9843,0.0939,0.4818,1.3903%,1.6926%,32.5322%,-0.010345,RIO,76221.0,2019-02-13,252.0,0.7153%,0.0004,0.9778,0.1064,0.4849,1.3870%,1.6846%,32.2057%,0.003903,RIO,76221.0,2019-02-14,252.0,-0.0710%,0.0004,0.9766,0.1078,0.4841,1.3865%,1.6836%,32.1856%,0.003502,RIO,76221.0,2019-02-15,252.0,1.5458%,0.0003,0.9575,0.0908,0.4533,1.3780%,1.6659%,31.5714%,0.0017299999999999,RIO,76221.0,2019-02-19,252.0,1.1899%,0.0003,0.9573,0.0984,0.4619,1.3785%,1.6649%,31.4524%,0.008356,RIO,76221.0,2019-02-20,252.0,1.0375%,0.0004,0.9607,0.1147,0.4762,1.3730%,1.6620%,31.7515%,0.0056999999999999,RIO,76221.0,2019-02-21,252.0,-0.7017%,0.0005,0.9542,0.1009,0.4643,1.3674%,1.6537%,31.6308%,-0.002387,RIO,76221.0,2019-02-22,252.0,1.3961%,0.0005,0.9521,0.1088,0.446,1.3698%,1.6555%,31.5378%,0.01393,RIO,-0.001034,-0.008775,-0.01912,-0.011715,0.015614
37531,RENAISSANCERE HOLDINGS LTD,RenaissanceRe Raises Qtr. Dividend From $0.33 To $0.34/Share,6,increase,0.8,0.6,"raising the quarterly dividend typically signals financial strength and can attract investors, likely leading to an increase in stock price.",2,2019-02-07,RNR,2019-02-07 22:34:00+00:00,83728.0,G7496G10,0.0072729755192995,331796.0,-0.0016123079694807,0.0007065492100082,0.0068810260854661,0.0146985230967402,-0.0003485899360384,0.0065675782971084,0.0030693209264427,0.0038397361058741,-0.0085541121661663,-0.0038250489160418,-0.0027356860227882,0.0379026047885417,0.013856659643352,0.0006745846476405,0.0070070382207632,0.0027057542465627,-0.0011022280668839,-0.0023992806673049,0.0006207071710377,0.0048218141309916,0.0046870186924934,0.0011313463328406,-0.0006174282752908,-0.0027829643804579,0.0018535339040681,0.0015065683983266,0.0076058693230152,0.0095057031139731,-0.0064603667706251,-0.0124662332236766,-0.0080083049833774,0.010702115483582,0.0037949567195028,0.0002277465828228,-0.0052927485667169,-0.0039322767406702,-0.0179670099169015,0.018562763929367,0.0039405920542776,0.0026256570126861,0.0147893782705068,0.0016244330909103,-0.0012432150542736,-0.0154595905914902,0.0049100373871624,0.0233808755874633,0.0090839983895421,-0.015952156856656,0.0022558060009032,-0.0247569009661674,-0.0040239826776087,0.0119588393718004,-0.0088337557390332,0.0100916819646954,-0.0173415057361125,0.010350658558309,0.0118119101971387,0.0311429984867572,-0.0041693146340548,-0.0275733675807714,0.0055125849321484,-0.0041650081984698,-0.0015267259441316,-0.0271629802882671,-0.0086877951398491,-0.0054477294906973,-0.0009114834247156,0.0124668972566723,0.0070175440050661,-0.00972680747509,0.0085017504170537,-0.0051362398080527,-0.010157554410398,-0.010943061672151,0.0002094155643135,-0.0048238825984299,0.0006979767349548,-0.0273689553141593,0.0006276770727708,0.0105603542178869,0.0029274285770952,0.0399700440466404,-0.0062547354027628,-0.0007464789086952,0.0176935363560915,-0.0079982364550232,0.0273501630872488,0.0182489864528179,0.0180601794272661,0.0139929791912436,0.0001971010497072,0.0052266921848058,0.0139263644814491,0.008761765435338,-0.0085520390421152,-0.0144429113715887,-0.0003267532738391,-0.0019828747026622,-0.0092168152332305,0.0145464986562728,0.0007256406242959,0.0110303033143281,0.0012526533100754,0.0154102984815836,-0.0026996009983122,0.0164715461432933,0.0081869149580597,0.0155801689252257,0.0026195754762738,0.0168431308120489,0.0147615568712353,-0.0073663252405822,0.0042482214048504,-0.0047776098363101,-0.0031406581401824,-0.0281780082732439,-0.0023789308033883,-0.0028735680971294,-0.0026424571406096,-0.030490655452013,-0.0016123079694807,0.0007065492100082,0.0052576237827894,0.0154154575366307,0.0049072010920128,0.0220842780580967,-0.0006308892768633,0.0220842780697514,0.0170347568157396,0.0669780743907118,0.0069616391728015,0.0968940796960446,0.0873443334558661,0.0986525028305536,2019-02-08,2019-02-11,2019-02-12,2019-02-13,2019-02-14,2019-02-15,2019-02-19,2019-02-20,2019-02-21,2019-02-22,83728.0,2019-02-07,252.0,0.7273%,0.0006,0.5891,-0.088,0.4765,1.2661%,1.3985%,18.0310%,0.010702,RNR,83728.0,2019-02-08,252.0,-0.1612%,0.0005,0.5896,-0.107,0.4661,1.2594%,1.3933%,18.3045%,0.00109,RNR,83728.0,2019-02-11,252.0,0.6881%,0.0006,0.5755,-0.0867,0.4697,1.2576%,1.3798%,16.9261%,0.00559,RNR,83728.0,2019-02-12,252.0,-0.0349%,0.0005,0.5688,-0.0841,0.4658,1.2583%,1.3773%,16.5254%,-0.007459,RNR,83728.0,2019-02-13,252.0,0.3069%,0.0006,0.5741,-0.0928,0.4644,1.2563%,1.3771%,16.7706%,0.001101,RNR,83728.0,2019-02-14,252.0,-0.8554%,0.0006,0.5757,-0.0951,0.4662,1.2559%,1.3777%,16.9020%,-0.004273,RNR,83728.0,2019-02-15,252.0,-0.2736%,0.0006,0.5691,-0.1023,0.4538,1.2581%,1.3766%,16.4825%,-0.011341,RNR,83728.0,2019-02-19,252.0,1.3857%,0.0006,0.572,-0.0963,0.4604,1.2599%,1.3791%,16.5341%,0.01161,RNR,83728.0,2019-02-20,252.0,0.7007%,0.0006,0.5719,-0.1003,0.4592,1.2588%,1.3784%,16.5942%,0.0034999999999999,RNR,83728.0,2019-02-21,252.0,-0.1102%,0.0006,0.5719,-0.1002,0.4591,1.2588%,1.3782%,16.5739%,0.0019,RNR,83728.0,2019-02-22,252.0,0.0621%,0.0006,0.5709,-0.0875,0.4591,1.2578%,1.3765%,16.5060%,0.004103,RNR,0.011792,0.017382,0.009923,0.006751,0.016523
37539,REPUBLIC SERVICES INC,"Republic Services Sees FY19 Adj. EPS $3.23-$3.28 vs $3.27 Est.,",6,uncertain,0.6,0.3,"while the adjusted eps guidance is slightly below the estimate, the overall outlook may not significantly impact investor sentiment, leading to uncertainty in stock price movement.",1,2019-02-07,RSG,2019-02-07 22:24:00+00:00,86228.0,76075910,0.0046529741957783,1479886.0,-0.0135083366185426,-0.010360674932599,0.0028690821491181,0.0057892310433089,0.0087125897407531,0.010136536322534,-0.0045120338909327,0.0031286384910345,-0.008676485158503,0.0019592675380408,0.0141083495691418,0.0068384618498384,-0.0046373903751373,0.0040934574790298,-0.0005175784463062,-0.0066893300972878,0.0053087663836777,0.0052742818370461,-0.0001288271014345,-0.0056378697045147,0.0007729639182798,0.0011813644086942,-0.002445648657158,-0.001049066777341,0.006451612804085,0.0157165732234716,0.0055128242820501,0.0088686328381299,0.0011474733473733,-0.0061431503854691,-0.0059856548905372,0.0139471739530563,0.0002562029694672,-0.0107167186215519,0.0048673916608095,0.0013413610868155,0.0003824908926617,0.0086591709405183,-0.0073904409073293,-0.0009461974841542,0.0074454662390053,0.0120383705943822,-0.0005096956156194,0.0039829821325838,0.0033145651686936,0.0203194636851549,0.0029225333128124,-0.002376599702984,-0.0038008748088032,-0.0077680340036749,0.0044513051398098,0.0074377316050231,-0.0020258754957467,-0.0004168813175056,-0.0052016749978065,0.0074198343791067,0.0121157616376876,0.0328223891556263,-0.005796359386295,-0.0335382036864757,0.0067173480056226,-0.0074896104633808,0.01485585141927,-0.008389500901103,-0.0043418742716312,-0.0114208552986383,0.0043608080595731,-0.0031173180323094,0.001798742567189,-0.0085998307913541,-0.0048519456759095,-0.0058776708319783,-0.0031253907363861,0.0158772990107536,0.0023827746044844,-0.0060695568099617,-0.0047541256062686,-0.0016159808728843,0.0026398375630378,-0.0084123015403747,-0.0003761130792554,-0.0083421254530549,-0.005518655758351,-0.006969183217734,0.0045403027907013,-0.0168066639453172,-0.0278719551861286,0.0001293268287554,0.010202775709331,0.0071623311378061,0.0109946383163332,-0.002727260813117,-0.004046531394124,0.0089098569005727,-0.0020315344445407,-0.0010471444111317,0.0055979955941438,0.0071183880791068,-0.0013917081523686,-0.0099191088229417,0.0079817213118076,-0.0023437538184225,-0.0030165645293891,0.0037903659977018,0.0018910933285951,0.0115018868818879,0.0135900564491748,-0.000132215936901,0.0193668212741613,0.0128531139343977,0.0086469259113073,0.0012064875336363,-0.0096595389768481,-0.0010712618241086,0.002072735922411,-0.0008027503499761,0.0130186108872294,0.0095906946808099,-0.0001201313498313,0.0089954482391476,-0.0135083366185426,-0.010360674932599,-0.010678010996881,-0.0046314242302395,-0.0020584543851909,0.0054581654923595,-0.0151807574602632,0.0105800054520652,-0.0012865830319812,0.0144225269830322,0.015052078844647,0.0868148558904879,0.0760116522534517,0.0600036200284905,2019-02-08,2019-02-11,2019-02-12,2019-02-13,2019-02-14,2019-02-15,2019-02-19,2019-02-20,2019-02-21,2019-02-22,86228.0,2019-02-07,252.0,0.4653%,0.0008,0.5447,-0.3353,0.0834,0.7713%,0.9790%,37.9297%,0.008815,RSG,86228.0,2019-02-08,252.0,-1.3508%,0.0007,0.5473,-0.3351,0.0942,0.7761%,0.9832%,37.6873%,-0.0133549999999999,RSG,86228.0,2019-02-11,252.0,0.2869%,0.0008,0.5378,-0.3218,0.0965,0.7748%,0.9649%,35.5210%,0.003998,RSG,86228.0,2019-02-12,252.0,0.8713%,0.0009,0.5514,-0.3385,0.1064,0.7617%,0.9626%,37.3850%,0.001527,RSG,86228.0,2019-02-13,252.0,-0.4512%,0.0009,0.5499,-0.3388,0.1047,0.7629%,0.9613%,37.0136%,-0.006027,RSG,86228.0,2019-02-14,252.0,-0.8676%,0.0008,0.5507,-0.3425,0.1096,0.7620%,0.9613%,37.1645%,-0.005253,RSG,86228.0,2019-02-15,252.0,1.4108%,0.0008,0.5467,-0.3453,0.104,0.7604%,0.9576%,36.9521%,0.008115,RSG,86228.0,2019-02-19,252.0,-0.4637%,0.0008,0.5492,-0.3542,0.0938,0.7575%,0.9576%,37.4298%,-0.005087,RSG,86228.0,2019-02-20,252.0,-0.0518%,0.0007,0.5473,-0.3649,0.0851,0.7521%,0.9538%,37.8330%,-0.001398,RSG,86228.0,2019-02-21,252.0,0.5309%,0.0008,0.5448,-0.3686,0.0804,0.7529%,0.9537%,37.6722%,0.007174,RSG,86228.0,2019-02-22,252.0,-0.0129%,0.0007,0.5452,-0.3763,0.0791,0.7522%,0.9537%,37.8001%,-0.00056,RSG,-0.0045399999999999,-0.0005419999999999,0.000985,-0.0102949999999999,-0.0020509999999999
37547,REPUBLIC SERVICES INC,"Republic Services Q4 Adj. EPS $0.80 Beats $0.78 Estimate, Sales $2.53B Miss $2.54B Estimate",6,uncertain,0.6,0.3,"while the adjusted eps beat estimates, the sales miss could lead to mixed investor reactions, making the overall impact on the stock price uncertain.",1,2019-02-07,RSG,2019-02-07 22:23:00+00:00,86228.0,76075910,0.0046529741957783,1479886.0,-0.0135083366185426,-0.010360674932599,0.0028690821491181,0.0057892310433089,0.0087125897407531,0.010136536322534,-0.0045120338909327,0.0031286384910345,-0.008676485158503,0.0019592675380408,0.0141083495691418,0.0068384618498384,-0.0046373903751373,0.0040934574790298,-0.0005175784463062,-0.0066893300972878,0.0053087663836777,0.0052742818370461,-0.0001288271014345,-0.0056378697045147,0.0007729639182798,0.0011813644086942,-0.002445648657158,-0.001049066777341,0.006451612804085,0.0157165732234716,0.0055128242820501,0.0088686328381299,0.0011474733473733,-0.0061431503854691,-0.0059856548905372,0.0139471739530563,0.0002562029694672,-0.0107167186215519,0.0048673916608095,0.0013413610868155,0.0003824908926617,0.0086591709405183,-0.0073904409073293,-0.0009461974841542,0.0074454662390053,0.0120383705943822,-0.0005096956156194,0.0039829821325838,0.0033145651686936,0.0203194636851549,0.0029225333128124,-0.002376599702984,-0.0038008748088032,-0.0077680340036749,0.0044513051398098,0.0074377316050231,-0.0020258754957467,-0.0004168813175056,-0.0052016749978065,0.0074198343791067,0.0121157616376876,0.0328223891556263,-0.005796359386295,-0.0335382036864757,0.0067173480056226,-0.0074896104633808,0.01485585141927,-0.008389500901103,-0.0043418742716312,-0.0114208552986383,0.0043608080595731,-0.0031173180323094,0.001798742567189,-0.0085998307913541,-0.0048519456759095,-0.0058776708319783,-0.0031253907363861,0.0158772990107536,0.0023827746044844,-0.0060695568099617,-0.0047541256062686,-0.0016159808728843,0.0026398375630378,-0.0084123015403747,-0.0003761130792554,-0.0083421254530549,-0.005518655758351,-0.006969183217734,0.0045403027907013,-0.0168066639453172,-0.0278719551861286,0.0001293268287554,0.010202775709331,0.0071623311378061,0.0109946383163332,-0.002727260813117,-0.004046531394124,0.0089098569005727,-0.0020315344445407,-0.0010471444111317,0.0055979955941438,0.0071183880791068,-0.0013917081523686,-0.0099191088229417,0.0079817213118076,-0.0023437538184225,-0.0030165645293891,0.0037903659977018,0.0018910933285951,0.0115018868818879,0.0135900564491748,-0.000132215936901,0.0193668212741613,0.0128531139343977,0.0086469259113073,0.0012064875336363,-0.0096595389768481,-0.0010712618241086,0.002072735922411,-0.0008027503499761,0.0130186108872294,0.0095906946808099,-0.0001201313498313,0.0089954482391476,-0.0135083366185426,-0.010360674932599,-0.010678010996881,-0.0046314242302395,-0.0020584543851909,0.0054581654923595,-0.0151807574602632,0.0105800054520652,-0.0012865830319812,0.0144225269830322,0.015052078844647,0.0868148558904879,0.0760116522534517,0.0600036200284905,2019-02-08,2019-02-11,2019-02-12,2019-02-13,2019-02-14,2019-02-15,2019-02-19,2019-02-20,2019-02-21,2019-02-22,86228.0,2019-02-07,252.0,0.4653%,0.0008,0.5447,-0.3353,0.0834,0.7713%,0.9790%,37.9297%,0.008815,RSG,86228.0,2019-02-08,252.0,-1.3508%,0.0007,0.5473,-0.3351,0.0942,0.7761%,0.9832%,37.6873%,-0.0133549999999999,RSG,86228.0,2019-02-11,252.0,0.2869%,0.0008,0.5378,-0.3218,0.0965,0.7748%,0.9649%,35.5210%,0.003998,RSG,86228.0,2019-02-12,252.0,0.8713%,0.0009,0.5514,-0.3385,0.1064,0.7617%,0.9626%,37.3850%,0.001527,RSG,86228.0,2019-02-13,252.0,-0.4512%,0.0009,0.5499,-0.3388,0.1047,0.7629%,0.9613%,37.0136%,-0.006027,RSG,86228.0,2019-02-14,252.0,-0.8676%,0.0008,0.5507,-0.3425,0.1096,0.7620%,0.9613%,37.1645%,-0.005253,RSG,86228.0,2019-02-15,252.0,1.4108%,0.0008,0.5467,-0.3453,0.104,0.7604%,0.9576%,36.9521%,0.008115,RSG,86228.0,2019-02-19,252.0,-0.4637%,0.0008,0.5492,-0.3542,0.0938,0.7575%,0.9576%,37.4298%,-0.005087,RSG,86228.0,2019-02-20,252.0,-0.0518%,0.0007,0.5473,-0.3649,0.0851,0.7521%,0.9538%,37.8330%,-0.001398,RSG,86228.0,2019-02-21,252.0,0.5309%,0.0008,0.5448,-0.3686,0.0804,0.7529%,0.9537%,37.6722%,0.007174,RSG,86228.0,2019-02-22,252.0,-0.0129%,0.0007,0.5452,-0.3763,0.0791,0.7522%,0.9537%,37.8001%,-0.00056,RSG,-0.0045399999999999,-0.0005419999999999,0.000985,-0.0102949999999999,-0.0020509999999999
37555,SAIA INC,Deutsche Bank Upgrades Saia to Buy,6,increase,0.8,0.7,"upgrades from reputable financial institutions like deutsche bank typically signal positive sentiment and can lead to increased investor confidence, likely resulting in a rise in stock price.",2,2019-02-07,SAIA,2019-02-07 12:06:00+00:00,89506.0,78709Y10,0.0183529071509838,289588.0,-0.0139330336824059,-0.0346881337463855,0.004607634153217,0.0231530331075191,0.0386790819466114,0.0799473673105239,-0.001324756653048,0.0136734982952475,0.0159174930304288,-0.0259866565465927,0.0085593545809388,0.0093442574143409,0.0146720986813306,0.0212623551487922,-0.0025517479516565,0.0008377888007089,-0.0177657753229141,0.0417175665497779,-0.0027492756489664,0.0105839176103472,-0.0044979332014918,-0.0149435382336378,-0.016032624989748,-0.0265561528503894,-0.0038513129111379,0.0506486296653747,-0.0162081234157085,0.0146051459014415,0.0175331924110651,0.0059858155436813,-0.0414438657462596,-0.0016298469854518,-0.0185959544032812,-0.0240367725491523,-0.0192641913890838,-0.0098004471510648,-0.0138464113697409,0.0,-0.0039183949120342,0.014739797450602,0.0299951136112213,0.0260568559169769,-0.0133672840893268,-0.0034501294139772,0.0227419324219226,0.0198148097842931,0.0070966845378279,-0.0099010067060589,-0.0181647334247827,-0.0229308269917964,0.0073365084826946,0.0073993834666907,-0.0452818349003791,0.0021703550592064,-0.0092868581414222,0.0091257523745298,0.0194174721837043,0.0446139201521873,-0.0302134659141302,-0.0056871892884373,-0.0071114455349743,0.0068715522065758,0.0349590592086315,-0.0351749509572982,0.0047783972695469,-0.0180831830948591,0.0168907642364502,0.0184162072837352,-0.0146750500425696,0.008918609470129,0.0363338999450206,-0.0124770700931549,-0.0241629630327224,-0.0146447541192174,0.01521279476583,0.0012671920703724,0.0167383905500173,0.0032691664528101,0.0089369658380746,0.005845810752362,0.0073038265109062,-0.0094100013375282,-0.0180499572306871,0.003267910098657,-0.0081696845591068,-0.06006820499897,0.0438777208328247,-0.0283535551279783,0.0194233506917953,0.0355425775051116,0.0001488856214564,-0.0653185620903968,0.0077391965314745,0.0496967770159244,0.0178703162819147,-0.0419625341892242,-0.0066743921488523,0.0179070178419351,0.0016067866235971,-0.0044161016121506,-0.0035000417847186,0.0254948083311319,0.0301477760076522,-0.0466901510953903,-0.0727376416325569,-0.0091888150200247,0.0131760481745004,-0.0137500166893005,-0.0148192308843135,0.0191082917153835,-0.0116654196754097,-0.0049120802432298,-0.0010871206177398,0.0041368678212165,0.0216106865555048,-0.0134986760094761,0.0389590263366699,-0.0301416236907243,0.0092281373217701,-0.0025812049861997,-0.0139330336824059,-0.0346881337463855,-0.0093895978510418,-0.0123382361479345,0.0289263030708433,0.0666227216653065,0.043919456595211,0.053110225842951,0.0437679778447039,0.1437642951205491,-0.1055580422698687,0.229194240913457,0.04346514000979,-0.0154874689945829,2019-02-08,2019-02-11,2019-02-12,2019-02-13,2019-02-14,2019-02-15,2019-02-19,2019-02-20,2019-02-21,2019-02-22,89506.0,2019-02-07,252.0,1.8353%,-0.0004,1.0975,0.9904,0.1131,1.8047%,2.2151%,33.6192%,0.029388,SAIA,89506.0,2019-02-08,252.0,-1.3933%,-0.0004,1.1,0.9928,0.1253,1.8070%,2.2168%,33.5535%,-0.014735,SAIA,89506.0,2019-02-11,252.0,0.4608%,-0.0004,1.0942,0.9936,0.1227,1.8069%,2.2054%,32.8683%,-0.0038729999999999,SAIA,89506.0,2019-02-12,252.0,3.8679%,-0.0002,1.1193,0.9792,0.1381,1.8083%,2.2175%,33.5050%,0.023708,SAIA,89506.0,2019-02-13,252.0,-0.1325%,-0.0002,1.1219,0.9728,0.1357,1.8079%,2.2175%,33.5252%,-0.005243,SAIA,89506.0,2019-02-14,252.0,1.5917%,-0.0002,1.1176,0.9799,0.1295,1.8077%,2.2166%,33.4920%,0.013902,SAIA,89506.0,2019-02-15,252.0,0.8559%,-0.0003,1.1005,0.9637,0.1007,1.8057%,2.2063%,33.0199%,-0.007241,SAIA,89506.0,2019-02-19,252.0,1.4672%,-0.0002,1.1087,0.9609,0.0968,1.8023%,2.2075%,33.3436%,0.009384,SAIA,89506.0,2019-02-20,252.0,-0.2552%,-0.0003,1.1062,0.9528,0.0871,1.8025%,2.2068%,33.2844%,-0.007405,SAIA,89506.0,2019-02-21,252.0,-1.7766%,-0.0003,1.1035,0.9444,0.0822,1.8015%,2.2034%,33.1478%,-0.0129059999999999,SAIA,89506.0,2019-02-22,252.0,-0.2749%,-0.0003,1.1058,0.9309,0.0985,1.8029%,2.2025%,32.9919%,-0.014007,SAIA,0.014653,0.01078,0.034488,0.043147,0.010972
37563,SPIRIT AIRLINES INC,5 Reasons Why Goldman Turns Bullish On Spirit Airlines,6,increase,0.8,0.6,goldman's bullish stance typically indicates positive sentiment and potential for stock price appreciation.,2,2019-02-07,SAVE,2019-02-07 17:44:00+00:00,12796.0,84857710,0.0297208130359649,1566843.0,-0.0202519614249467,-0.0325655154883861,0.0263672322034835,0.0027079004794359,-0.0223596543073654,0.026991618797183,-0.0116788512095809,0.039272379130125,0.0080419806763529,-0.0102641861885786,0.0040703355334699,0.0310548394918441,0.0108643099665641,-0.0145324375480413,-0.0694578438997268,0.0091442819684743,0.0270643606781959,0.0087017053738236,0.0090633947402238,0.0006966373766772,0.0078177182003855,-0.0110231349244713,0.0069318069145083,-0.0219002570956945,-0.0399934239685535,-0.0157519597560167,-0.0396107174456119,-0.0074061383493244,0.0064000110141932,0.0375682525336742,0.0079491389915347,-0.0045895026996731,-0.0148966396227479,-0.0212942734360694,-0.0517701469361782,-0.0105349691584706,-0.0095684491097927,0.0218671020120382,-0.0210267212241888,0.0418857224285602,0.0268962737172842,-0.01057736761868,-0.004899158142507,0.0279857348650693,0.0371141657233238,0.03965899720788,0.0069381240755319,-0.0670816227793693,-0.0172257609665393,-0.0013811812968924,-0.0249077901244163,0.0069540631957352,0.0160832982510328,0.007355551701039,-0.0204842127859592,-0.0114265903830528,0.0264259167015552,0.0641120076179504,-0.0174106769263744,-0.0093083065003156,-0.0282752122730016,-0.0217817798256874,0.0174588076770305,-0.0308012217283248,0.0144899580627679,-0.0129803298041224,-0.0274384338408708,0.0070519410073757,0.0214492864906787,-0.0147432461380958,0.0069996011443436,-0.0272008161991834,0.011083978228271,-0.0050844904035329,0.0085469912737607,-0.0074881832115352,0.0003684682887978,0.0167163554579019,0.0025782575830817,0.012569130398333,0.0047759395092725,-0.076172761619091,0.0020109801553189,0.0231268052011728,0.0370370149612426,-0.0221498850733041,0.0014074246864765,0.0068620522506535,-0.0122979087755084,0.0341935940086841,-0.0186766814440488,-0.0068877190351486,-0.0034438758157193,0.0624574907124042,0.0105493236333131,0.1526088416576385,0.0113390432670712,-0.0112490653991699,-0.0096101993694901,0.0139626925811171,0.0330637916922569,0.0347985178232193,0.0140893636271357,-0.0400468707084655,-0.0929673761129379,-0.0238367673009634,-0.0034039390739053,-0.0124293761327862,0.0206831153482198,0.0066350423730909,0.0109685845673084,-0.0123572340235114,-0.0334681794047355,0.0084969932213425,-0.0007610524189658,-0.0005661934847012,-0.0003808160254266,-0.0063754012808203,-0.0179047361016273,-0.001310855615884,-0.0202519614249467,-0.0325655154883861,0.0055812826090693,-0.0299457991839543,-0.0169031672480266,-0.0037624659829216,-0.0205708966821318,0.0247350022543144,-0.0413012340232172,0.0606061199549314,-0.1540424206524113,0.1115167123011313,-0.177802548530123,0.1404494305386878,2019-02-08,2019-02-11,2019-02-12,2019-02-13,2019-02-14,2019-02-15,2019-02-19,2019-02-20,2019-02-21,2019-02-22,12796.0,2019-02-07,252.0,2.9721%,0.0018,0.9098,0.555,-0.1664,2.3090%,2.5545%,18.3032%,0.03958,SAVE,12796.0,2019-02-08,252.0,-2.0252%,0.0017,0.9139,0.5644,-0.143,2.3139%,2.5582%,18.1887%,-0.0225959999999999,SAVE,12796.0,2019-02-11,252.0,2.6367%,0.0018,0.9139,0.5912,-0.1284,2.3172%,2.5544%,17.7109%,0.0215919999999999,SAVE,12796.0,2019-02-12,252.0,-2.2360%,0.0017,0.8978,0.5848,-0.1355,2.3286%,2.5590%,17.2007%,-0.035226,SAVE,12796.0,2019-02-13,252.0,-1.1679%,0.0016,0.893,0.5864,-0.1392,2.3306%,2.5588%,17.0428%,-0.014549,SAVE,12796.0,2019-02-14,252.0,0.8042%,0.0017,0.8937,0.5897,-0.1457,2.3250%,2.5551%,17.1998%,0.0059609999999999,SAVE,12796.0,2019-02-15,252.0,0.4070%,0.0017,0.8923,0.5875,-0.1492,2.3254%,2.5545%,17.1327%,-0.006903,SAVE,12796.0,2019-02-19,252.0,1.0864%,0.0018,0.8965,0.587,-0.1501,2.3249%,2.5551%,17.2061%,0.007813,SAVE,12796.0,2019-02-20,252.0,-6.9458%,0.0015,0.8763,0.5429,-0.2219,2.3702%,2.5946%,16.5478%,-0.071727,SAVE,12796.0,2019-02-21,252.0,2.7064%,0.0017,0.8641,0.5244,-0.2444,2.3750%,2.5955%,16.2714%,0.030076,SAVE,12796.0,2019-02-22,252.0,0.9063%,0.0015,0.8661,0.4901,-0.2522,2.3701%,2.5915%,16.3559%,-0.003131,SAVE,0.016984,0.038576,0.0033499999999999,-0.005238,-0.0491099999999999
37571,SPIRIT AIRLINES INC,UPDATE: Goldman Upgrades Spirit Airlines To Buy As Firm Expects 'first half passenger revenue trends to be stronger than we previously expected and additional non-ticket revenue initiatives to further boost top-line and EPS growth',6,increase,0.8,0.7,"the upgrade from goldman sachs to 'buy' suggests positive expectations for passenger revenue and non-ticket revenue, likely leading to an increase in investor confidence and stock price.",2,2019-02-07,SAVE,2019-02-07 14:03:00+00:00,12796.0,84857710,0.0297208130359649,1566843.0,-0.0202519614249467,-0.0325655154883861,0.0263672322034835,0.0027079004794359,-0.0223596543073654,0.026991618797183,-0.0116788512095809,0.039272379130125,0.0080419806763529,-0.0102641861885786,0.0040703355334699,0.0310548394918441,0.0108643099665641,-0.0145324375480413,-0.0694578438997268,0.0091442819684743,0.0270643606781959,0.0087017053738236,0.0090633947402238,0.0006966373766772,0.0078177182003855,-0.0110231349244713,0.0069318069145083,-0.0219002570956945,-0.0399934239685535,-0.0157519597560167,-0.0396107174456119,-0.0074061383493244,0.0064000110141932,0.0375682525336742,0.0079491389915347,-0.0045895026996731,-0.0148966396227479,-0.0212942734360694,-0.0517701469361782,-0.0105349691584706,-0.0095684491097927,0.0218671020120382,-0.0210267212241888,0.0418857224285602,0.0268962737172842,-0.01057736761868,-0.004899158142507,0.0279857348650693,0.0371141657233238,0.03965899720788,0.0069381240755319,-0.0670816227793693,-0.0172257609665393,-0.0013811812968924,-0.0249077901244163,0.0069540631957352,0.0160832982510328,0.007355551701039,-0.0204842127859592,-0.0114265903830528,0.0264259167015552,0.0641120076179504,-0.0174106769263744,-0.0093083065003156,-0.0282752122730016,-0.0217817798256874,0.0174588076770305,-0.0308012217283248,0.0144899580627679,-0.0129803298041224,-0.0274384338408708,0.0070519410073757,0.0214492864906787,-0.0147432461380958,0.0069996011443436,-0.0272008161991834,0.011083978228271,-0.0050844904035329,0.0085469912737607,-0.0074881832115352,0.0003684682887978,0.0167163554579019,0.0025782575830817,0.012569130398333,0.0047759395092725,-0.076172761619091,0.0020109801553189,0.0231268052011728,0.0370370149612426,-0.0221498850733041,0.0014074246864765,0.0068620522506535,-0.0122979087755084,0.0341935940086841,-0.0186766814440488,-0.0068877190351486,-0.0034438758157193,0.0624574907124042,0.0105493236333131,0.1526088416576385,0.0113390432670712,-0.0112490653991699,-0.0096101993694901,0.0139626925811171,0.0330637916922569,0.0347985178232193,0.0140893636271357,-0.0400468707084655,-0.0929673761129379,-0.0238367673009634,-0.0034039390739053,-0.0124293761327862,0.0206831153482198,0.0066350423730909,0.0109685845673084,-0.0123572340235114,-0.0334681794047355,0.0084969932213425,-0.0007610524189658,-0.0005661934847012,-0.0003808160254266,-0.0063754012808203,-0.0179047361016273,-0.001310855615884,-0.0202519614249467,-0.0325655154883861,0.0055812826090693,-0.0299457991839543,-0.0169031672480266,-0.0037624659829216,-0.0205708966821318,0.0247350022543144,-0.0413012340232172,0.0606061199549314,-0.1540424206524113,0.1115167123011313,-0.177802548530123,0.1404494305386878,2019-02-08,2019-02-11,2019-02-12,2019-02-13,2019-02-14,2019-02-15,2019-02-19,2019-02-20,2019-02-21,2019-02-22,12796.0,2019-02-07,252.0,2.9721%,0.0018,0.9098,0.555,-0.1664,2.3090%,2.5545%,18.3032%,0.03958,SAVE,12796.0,2019-02-08,252.0,-2.0252%,0.0017,0.9139,0.5644,-0.143,2.3139%,2.5582%,18.1887%,-0.0225959999999999,SAVE,12796.0,2019-02-11,252.0,2.6367%,0.0018,0.9139,0.5912,-0.1284,2.3172%,2.5544%,17.7109%,0.0215919999999999,SAVE,12796.0,2019-02-12,252.0,-2.2360%,0.0017,0.8978,0.5848,-0.1355,2.3286%,2.5590%,17.2007%,-0.035226,SAVE,12796.0,2019-02-13,252.0,-1.1679%,0.0016,0.893,0.5864,-0.1392,2.3306%,2.5588%,17.0428%,-0.014549,SAVE,12796.0,2019-02-14,252.0,0.8042%,0.0017,0.8937,0.5897,-0.1457,2.3250%,2.5551%,17.1998%,0.0059609999999999,SAVE,12796.0,2019-02-15,252.0,0.4070%,0.0017,0.8923,0.5875,-0.1492,2.3254%,2.5545%,17.1327%,-0.006903,SAVE,12796.0,2019-02-19,252.0,1.0864%,0.0018,0.8965,0.587,-0.1501,2.3249%,2.5551%,17.2061%,0.007813,SAVE,12796.0,2019-02-20,252.0,-6.9458%,0.0015,0.8763,0.5429,-0.2219,2.3702%,2.5946%,16.5478%,-0.071727,SAVE,12796.0,2019-02-21,252.0,2.7064%,0.0017,0.8641,0.5244,-0.2444,2.3750%,2.5955%,16.2714%,0.030076,SAVE,12796.0,2019-02-22,252.0,0.9063%,0.0015,0.8661,0.4901,-0.2522,2.3701%,2.5915%,16.3559%,-0.003131,SAVE,0.016984,0.038576,0.0033499999999999,-0.005238,-0.0491099999999999
37579,SPIRIT AIRLINES INC,"Goldman Sachs Upgrades Spirit Airlines to Buy, Raises Price Target to $85",6,increase,0.8,0.7,"an upgrade to 'buy' from a reputable firm like goldman sachs, along with a raised price target, typically signals positive sentiment and can lead to an increase in stock price.",2,2019-02-07,SAVE,2019-02-07 11:29:00+00:00,12796.0,84857710,0.0297208130359649,1566843.0,-0.0202519614249467,-0.0325655154883861,0.0263672322034835,0.0027079004794359,-0.0223596543073654,0.026991618797183,-0.0116788512095809,0.039272379130125,0.0080419806763529,-0.0102641861885786,0.0040703355334699,0.0310548394918441,0.0108643099665641,-0.0145324375480413,-0.0694578438997268,0.0091442819684743,0.0270643606781959,0.0087017053738236,0.0090633947402238,0.0006966373766772,0.0078177182003855,-0.0110231349244713,0.0069318069145083,-0.0219002570956945,-0.0399934239685535,-0.0157519597560167,-0.0396107174456119,-0.0074061383493244,0.0064000110141932,0.0375682525336742,0.0079491389915347,-0.0045895026996731,-0.0148966396227479,-0.0212942734360694,-0.0517701469361782,-0.0105349691584706,-0.0095684491097927,0.0218671020120382,-0.0210267212241888,0.0418857224285602,0.0268962737172842,-0.01057736761868,-0.004899158142507,0.0279857348650693,0.0371141657233238,0.03965899720788,0.0069381240755319,-0.0670816227793693,-0.0172257609665393,-0.0013811812968924,-0.0249077901244163,0.0069540631957352,0.0160832982510328,0.007355551701039,-0.0204842127859592,-0.0114265903830528,0.0264259167015552,0.0641120076179504,-0.0174106769263744,-0.0093083065003156,-0.0282752122730016,-0.0217817798256874,0.0174588076770305,-0.0308012217283248,0.0144899580627679,-0.0129803298041224,-0.0274384338408708,0.0070519410073757,0.0214492864906787,-0.0147432461380958,0.0069996011443436,-0.0272008161991834,0.011083978228271,-0.0050844904035329,0.0085469912737607,-0.0074881832115352,0.0003684682887978,0.0167163554579019,0.0025782575830817,0.012569130398333,0.0047759395092725,-0.076172761619091,0.0020109801553189,0.0231268052011728,0.0370370149612426,-0.0221498850733041,0.0014074246864765,0.0068620522506535,-0.0122979087755084,0.0341935940086841,-0.0186766814440488,-0.0068877190351486,-0.0034438758157193,0.0624574907124042,0.0105493236333131,0.1526088416576385,0.0113390432670712,-0.0112490653991699,-0.0096101993694901,0.0139626925811171,0.0330637916922569,0.0347985178232193,0.0140893636271357,-0.0400468707084655,-0.0929673761129379,-0.0238367673009634,-0.0034039390739053,-0.0124293761327862,0.0206831153482198,0.0066350423730909,0.0109685845673084,-0.0123572340235114,-0.0334681794047355,0.0084969932213425,-0.0007610524189658,-0.0005661934847012,-0.0003808160254266,-0.0063754012808203,-0.0179047361016273,-0.001310855615884,-0.0202519614249467,-0.0325655154883861,0.0055812826090693,-0.0299457991839543,-0.0169031672480266,-0.0037624659829216,-0.0205708966821318,0.0247350022543144,-0.0413012340232172,0.0606061199549314,-0.1540424206524113,0.1115167123011313,-0.177802548530123,0.1404494305386878,2019-02-08,2019-02-11,2019-02-12,2019-02-13,2019-02-14,2019-02-15,2019-02-19,2019-02-20,2019-02-21,2019-02-22,12796.0,2019-02-07,252.0,2.9721%,0.0018,0.9098,0.555,-0.1664,2.3090%,2.5545%,18.3032%,0.03958,SAVE,12796.0,2019-02-08,252.0,-2.0252%,0.0017,0.9139,0.5644,-0.143,2.3139%,2.5582%,18.1887%,-0.0225959999999999,SAVE,12796.0,2019-02-11,252.0,2.6367%,0.0018,0.9139,0.5912,-0.1284,2.3172%,2.5544%,17.7109%,0.0215919999999999,SAVE,12796.0,2019-02-12,252.0,-2.2360%,0.0017,0.8978,0.5848,-0.1355,2.3286%,2.5590%,17.2007%,-0.035226,SAVE,12796.0,2019-02-13,252.0,-1.1679%,0.0016,0.893,0.5864,-0.1392,2.3306%,2.5588%,17.0428%,-0.014549,SAVE,12796.0,2019-02-14,252.0,0.8042%,0.0017,0.8937,0.5897,-0.1457,2.3250%,2.5551%,17.1998%,0.0059609999999999,SAVE,12796.0,2019-02-15,252.0,0.4070%,0.0017,0.8923,0.5875,-0.1492,2.3254%,2.5545%,17.1327%,-0.006903,SAVE,12796.0,2019-02-19,252.0,1.0864%,0.0018,0.8965,0.587,-0.1501,2.3249%,2.5551%,17.2061%,0.007813,SAVE,12796.0,2019-02-20,252.0,-6.9458%,0.0015,0.8763,0.5429,-0.2219,2.3702%,2.5946%,16.5478%,-0.071727,SAVE,12796.0,2019-02-21,252.0,2.7064%,0.0017,0.8641,0.5244,-0.2444,2.3750%,2.5955%,16.2714%,0.030076,SAVE,12796.0,2019-02-22,252.0,0.9063%,0.0015,0.8661,0.4901,-0.2522,2.3701%,2.5915%,16.3559%,-0.003131,SAVE,0.016984,0.038576,0.0033499999999999,-0.005238,-0.0491099999999999
37587,SEALED AIR CORP NEW,Sealed Air Sees FY19 Adj. EPS $2.65-$2.75,6,increase,0.7,0.6,"the forecasted adjusted eps range of $2.65-$2.75 suggests positive earnings expectations, which typically boosts investor confidence and can lead to an increase in stock price.",2,2019-02-07,SEE,2019-02-07 12:07:00+00:00,85926.0,81211K10,0.0912004113197326,5292730.0,-0.0311723761260509,-0.0046613994054496,-0.0165539532899856,0.0111634070053696,0.0035562238190323,0.0059895603917539,-0.0028349335771054,0.014430372044444,-0.0026060319505631,0.0104886116459965,0.0011877210345119,0.0142708672210574,0.0009489228832535,0.0060036424547433,0.0149324741214513,0.0094861816614866,0.0063054752536118,0.0111911008134484,0.0083546210080385,0.0096852472051978,0.0078250896185636,-0.024153372272849,-0.0011417957721278,0.0092739388346672,0.0089163091033697,0.0156082306057214,-0.0115568125620484,0.0106064556166529,0.0091701410710811,0.0027270873542875,0.0056792367249727,0.0052082957699894,0.0144567284733057,-0.0024610378313809,0.0,0.0133000705391168,-0.0055666854605078,0.0232492107897996,0.008539349772036,-0.0216365829110145,-0.0008912859484553,0.013779466971755,0.0107047175988555,0.0031029791571199,-0.0006619324558414,0.0207313913851976,-0.0064031993970274,-0.0167044214904308,0.0066666495986282,0.0137772541493177,0.008609258569777,0.0184156987816095,-0.0094112567603588,-0.0109858652576804,-0.0055236415937542,0.0131810419261455,0.0151077611371874,0.0342320837080478,-0.0142262578010559,-0.0187277365475893,0.0026642745360732,-0.0206695515662431,0.0212577302008867,-0.0092298733070492,-0.0049869804643094,0.0209069233387708,0.0117672896012663,0.0053286058828234,-0.0079689621925354,-0.0047141970135271,0.0002170716761611,0.0475307740271091,-0.0054265246726572,-0.0316795445978641,-0.0013095018221065,-0.0115214008837938,0.0043706460855901,-0.0058737378567457,0.0078329117968678,-0.0087336022406816,-0.0025906504597514,-0.0151950279250741,-0.0051948414184153,0.0066072875633835,0.0104438541457057,-0.0389287620782852,0.0086132977157831,-0.008486108854413,-0.0029888853896409,0.0032957685180008,-0.0064239664934575,-0.0193913597613573,0.0,0.0062330495566129,-0.0168104004114866,-0.0032414621673524,0.0019728222396224,-0.0117458263412118,0.0002188172511523,0.0232176575809717,0.0129046402871608,0.0130050145089626,-0.0053984019905328,-0.0071429153904318,-0.0078159049153327,-0.0092542227357625,0.0159737318754196,0.0060241296887397,0.0025845128111541,0.0330976545810699,0.0015037528937682,0.0079839974641799,-0.0592020228505134,0.0034334457013756,0.0150478761643171,-0.0042734392918646,0.0114554874598979,-0.0070721362717449,-0.0139906127005815,0.0085591794922947,-0.0311723761260509,-0.0046613994054496,-0.047210303357708,0.0064499705011424,-0.0438219699439801,0.012478163380738,-0.0490174374698852,0.0378613334162627,-0.0185226944739197,0.0914716628150553,0.0210513218573269,0.2060047664451387,0.0065426165224931,0.1627989048491749,2019-02-08,2019-02-11,2019-02-12,2019-02-13,2019-02-14,2019-02-15,2019-02-19,2019-02-20,2019-02-21,2019-02-22,85926.0,2019-02-07,252.0,9.1200%,0.0002,0.752,0.1188,0.3269,1.4686%,1.6533%,21.1011%,0.097248,SEE,85926.0,2019-02-08,252.0,-3.1172%,0.0001,0.7572,0.123,0.3517,1.4804%,1.6651%,20.9490%,-0.0297529999999999,SEE,85926.0,2019-02-11,252.0,-1.6554%,0.0,0.7346,0.1183,0.3373,1.4826%,1.6499%,19.2491%,-0.019335,SEE,85926.0,2019-02-12,252.0,0.3556%,0.0002,0.7505,0.0935,0.3498,1.4687%,1.6438%,20.1665%,-0.005984,SEE,85926.0,2019-02-13,252.0,-0.2835%,0.0001,0.7443,0.1018,0.35,1.4672%,1.6388%,19.8439%,-0.005337,SEE,85926.0,2019-02-14,252.0,-0.2606%,0.0002,0.7456,0.1026,0.3467,1.4615%,1.6345%,20.0520%,0.000358,SEE,85926.0,2019-02-15,252.0,0.1188%,0.0001,0.7348,0.0919,0.3278,1.4622%,1.6302%,19.5500%,-0.009259,SEE,85926.0,2019-02-19,252.0,0.0949%,0.0001,0.7338,0.0917,0.3276,1.4622%,1.6293%,19.4582%,-0.001797,SEE,85926.0,2019-02-20,252.0,1.4932%,0.0002,0.7375,0.1029,0.3418,1.4633%,1.6316%,19.5600%,0.0114349999999999,SEE,85926.0,2019-02-21,252.0,0.6305%,0.0002,0.7323,0.0944,0.3322,1.4636%,1.6296%,19.3327%,0.009793,SEE,85926.0,2019-02-22,252.0,0.8355%,0.0002,0.7314,0.0901,0.3177,1.4641%,1.6303%,19.3461%,0.007858,SEE,0.067495,0.0481599999999999,0.0421759999999999,0.0371969999999999,0.0552269999999999
37595,SEALED AIR CORP NEW,"Sealed Air Sees FY19 Reported Net Sales Growth 2% Year Over Year, Adj. EBITDA $925M-$945M",6,increase,0.7,0.5,"the reported net sales growth of 2% year over year and the adjusted ebitda guidance suggest positive financial performance, which could lead to an increase in stock price.",2,2019-02-07,SEE,2019-02-07 12:07:00+00:00,85926.0,81211K10,0.0912004113197326,5292730.0,-0.0311723761260509,-0.0046613994054496,-0.0165539532899856,0.0111634070053696,0.0035562238190323,0.0059895603917539,-0.0028349335771054,0.014430372044444,-0.0026060319505631,0.0104886116459965,0.0011877210345119,0.0142708672210574,0.0009489228832535,0.0060036424547433,0.0149324741214513,0.0094861816614866,0.0063054752536118,0.0111911008134484,0.0083546210080385,0.0096852472051978,0.0078250896185636,-0.024153372272849,-0.0011417957721278,0.0092739388346672,0.0089163091033697,0.0156082306057214,-0.0115568125620484,0.0106064556166529,0.0091701410710811,0.0027270873542875,0.0056792367249727,0.0052082957699894,0.0144567284733057,-0.0024610378313809,0.0,0.0133000705391168,-0.0055666854605078,0.0232492107897996,0.008539349772036,-0.0216365829110145,-0.0008912859484553,0.013779466971755,0.0107047175988555,0.0031029791571199,-0.0006619324558414,0.0207313913851976,-0.0064031993970274,-0.0167044214904308,0.0066666495986282,0.0137772541493177,0.008609258569777,0.0184156987816095,-0.0094112567603588,-0.0109858652576804,-0.0055236415937542,0.0131810419261455,0.0151077611371874,0.0342320837080478,-0.0142262578010559,-0.0187277365475893,0.0026642745360732,-0.0206695515662431,0.0212577302008867,-0.0092298733070492,-0.0049869804643094,0.0209069233387708,0.0117672896012663,0.0053286058828234,-0.0079689621925354,-0.0047141970135271,0.0002170716761611,0.0475307740271091,-0.0054265246726572,-0.0316795445978641,-0.0013095018221065,-0.0115214008837938,0.0043706460855901,-0.0058737378567457,0.0078329117968678,-0.0087336022406816,-0.0025906504597514,-0.0151950279250741,-0.0051948414184153,0.0066072875633835,0.0104438541457057,-0.0389287620782852,0.0086132977157831,-0.008486108854413,-0.0029888853896409,0.0032957685180008,-0.0064239664934575,-0.0193913597613573,0.0,0.0062330495566129,-0.0168104004114866,-0.0032414621673524,0.0019728222396224,-0.0117458263412118,0.0002188172511523,0.0232176575809717,0.0129046402871608,0.0130050145089626,-0.0053984019905328,-0.0071429153904318,-0.0078159049153327,-0.0092542227357625,0.0159737318754196,0.0060241296887397,0.0025845128111541,0.0330976545810699,0.0015037528937682,0.0079839974641799,-0.0592020228505134,0.0034334457013756,0.0150478761643171,-0.0042734392918646,0.0114554874598979,-0.0070721362717449,-0.0139906127005815,0.0085591794922947,-0.0311723761260509,-0.0046613994054496,-0.047210303357708,0.0064499705011424,-0.0438219699439801,0.012478163380738,-0.0490174374698852,0.0378613334162627,-0.0185226944739197,0.0914716628150553,0.0210513218573269,0.2060047664451387,0.0065426165224931,0.1627989048491749,2019-02-08,2019-02-11,2019-02-12,2019-02-13,2019-02-14,2019-02-15,2019-02-19,2019-02-20,2019-02-21,2019-02-22,85926.0,2019-02-07,252.0,9.1200%,0.0002,0.752,0.1188,0.3269,1.4686%,1.6533%,21.1011%,0.097248,SEE,85926.0,2019-02-08,252.0,-3.1172%,0.0001,0.7572,0.123,0.3517,1.4804%,1.6651%,20.9490%,-0.0297529999999999,SEE,85926.0,2019-02-11,252.0,-1.6554%,0.0,0.7346,0.1183,0.3373,1.4826%,1.6499%,19.2491%,-0.019335,SEE,85926.0,2019-02-12,252.0,0.3556%,0.0002,0.7505,0.0935,0.3498,1.4687%,1.6438%,20.1665%,-0.005984,SEE,85926.0,2019-02-13,252.0,-0.2835%,0.0001,0.7443,0.1018,0.35,1.4672%,1.6388%,19.8439%,-0.005337,SEE,85926.0,2019-02-14,252.0,-0.2606%,0.0002,0.7456,0.1026,0.3467,1.4615%,1.6345%,20.0520%,0.000358,SEE,85926.0,2019-02-15,252.0,0.1188%,0.0001,0.7348,0.0919,0.3278,1.4622%,1.6302%,19.5500%,-0.009259,SEE,85926.0,2019-02-19,252.0,0.0949%,0.0001,0.7338,0.0917,0.3276,1.4622%,1.6293%,19.4582%,-0.001797,SEE,85926.0,2019-02-20,252.0,1.4932%,0.0002,0.7375,0.1029,0.3418,1.4633%,1.6316%,19.5600%,0.0114349999999999,SEE,85926.0,2019-02-21,252.0,0.6305%,0.0002,0.7323,0.0944,0.3322,1.4636%,1.6296%,19.3327%,0.009793,SEE,85926.0,2019-02-22,252.0,0.8355%,0.0002,0.7314,0.0901,0.3177,1.4641%,1.6303%,19.3461%,0.007858,SEE,0.067495,0.0481599999999999,0.0421759999999999,0.0371969999999999,0.0552269999999999
37603,SEALED AIR CORP NEW,"Sealed Air Q4 EPS $0.75 Beats $0.67 Estimate, Sales $1.3B Beat $1.25B Estimate",6,increase,0.8,0.6,"the company's earnings per share and sales both exceeded analyst estimates, which typically signals strong performance and can lead to a positive reaction in the stock price.",2,2019-02-07,SEE,2019-02-07 12:06:00+00:00,85926.0,81211K10,0.0912004113197326,5292730.0,-0.0311723761260509,-0.0046613994054496,-0.0165539532899856,0.0111634070053696,0.0035562238190323,0.0059895603917539,-0.0028349335771054,0.014430372044444,-0.0026060319505631,0.0104886116459965,0.0011877210345119,0.0142708672210574,0.0009489228832535,0.0060036424547433,0.0149324741214513,0.0094861816614866,0.0063054752536118,0.0111911008134484,0.0083546210080385,0.0096852472051978,0.0078250896185636,-0.024153372272849,-0.0011417957721278,0.0092739388346672,0.0089163091033697,0.0156082306057214,-0.0115568125620484,0.0106064556166529,0.0091701410710811,0.0027270873542875,0.0056792367249727,0.0052082957699894,0.0144567284733057,-0.0024610378313809,0.0,0.0133000705391168,-0.0055666854605078,0.0232492107897996,0.008539349772036,-0.0216365829110145,-0.0008912859484553,0.013779466971755,0.0107047175988555,0.0031029791571199,-0.0006619324558414,0.0207313913851976,-0.0064031993970274,-0.0167044214904308,0.0066666495986282,0.0137772541493177,0.008609258569777,0.0184156987816095,-0.0094112567603588,-0.0109858652576804,-0.0055236415937542,0.0131810419261455,0.0151077611371874,0.0342320837080478,-0.0142262578010559,-0.0187277365475893,0.0026642745360732,-0.0206695515662431,0.0212577302008867,-0.0092298733070492,-0.0049869804643094,0.0209069233387708,0.0117672896012663,0.0053286058828234,-0.0079689621925354,-0.0047141970135271,0.0002170716761611,0.0475307740271091,-0.0054265246726572,-0.0316795445978641,-0.0013095018221065,-0.0115214008837938,0.0043706460855901,-0.0058737378567457,0.0078329117968678,-0.0087336022406816,-0.0025906504597514,-0.0151950279250741,-0.0051948414184153,0.0066072875633835,0.0104438541457057,-0.0389287620782852,0.0086132977157831,-0.008486108854413,-0.0029888853896409,0.0032957685180008,-0.0064239664934575,-0.0193913597613573,0.0,0.0062330495566129,-0.0168104004114866,-0.0032414621673524,0.0019728222396224,-0.0117458263412118,0.0002188172511523,0.0232176575809717,0.0129046402871608,0.0130050145089626,-0.0053984019905328,-0.0071429153904318,-0.0078159049153327,-0.0092542227357625,0.0159737318754196,0.0060241296887397,0.0025845128111541,0.0330976545810699,0.0015037528937682,0.0079839974641799,-0.0592020228505134,0.0034334457013756,0.0150478761643171,-0.0042734392918646,0.0114554874598979,-0.0070721362717449,-0.0139906127005815,0.0085591794922947,-0.0311723761260509,-0.0046613994054496,-0.047210303357708,0.0064499705011424,-0.0438219699439801,0.012478163380738,-0.0490174374698852,0.0378613334162627,-0.0185226944739197,0.0914716628150553,0.0210513218573269,0.2060047664451387,0.0065426165224931,0.1627989048491749,2019-02-08,2019-02-11,2019-02-12,2019-02-13,2019-02-14,2019-02-15,2019-02-19,2019-02-20,2019-02-21,2019-02-22,85926.0,2019-02-07,252.0,9.1200%,0.0002,0.752,0.1188,0.3269,1.4686%,1.6533%,21.1011%,0.097248,SEE,85926.0,2019-02-08,252.0,-3.1172%,0.0001,0.7572,0.123,0.3517,1.4804%,1.6651%,20.9490%,-0.0297529999999999,SEE,85926.0,2019-02-11,252.0,-1.6554%,0.0,0.7346,0.1183,0.3373,1.4826%,1.6499%,19.2491%,-0.019335,SEE,85926.0,2019-02-12,252.0,0.3556%,0.0002,0.7505,0.0935,0.3498,1.4687%,1.6438%,20.1665%,-0.005984,SEE,85926.0,2019-02-13,252.0,-0.2835%,0.0001,0.7443,0.1018,0.35,1.4672%,1.6388%,19.8439%,-0.005337,SEE,85926.0,2019-02-14,252.0,-0.2606%,0.0002,0.7456,0.1026,0.3467,1.4615%,1.6345%,20.0520%,0.000358,SEE,85926.0,2019-02-15,252.0,0.1188%,0.0001,0.7348,0.0919,0.3278,1.4622%,1.6302%,19.5500%,-0.009259,SEE,85926.0,2019-02-19,252.0,0.0949%,0.0001,0.7338,0.0917,0.3276,1.4622%,1.6293%,19.4582%,-0.001797,SEE,85926.0,2019-02-20,252.0,1.4932%,0.0002,0.7375,0.1029,0.3418,1.4633%,1.6316%,19.5600%,0.0114349999999999,SEE,85926.0,2019-02-21,252.0,0.6305%,0.0002,0.7323,0.0944,0.3322,1.4636%,1.6296%,19.3327%,0.009793,SEE,85926.0,2019-02-22,252.0,0.8355%,0.0002,0.7314,0.0901,0.3177,1.4641%,1.6303%,19.3461%,0.007858,SEE,0.067495,0.0481599999999999,0.0421759999999999,0.0371969999999999,0.0552269999999999
37611,SEAGEN INC,Seattle Genetics Sees FY19 ADCETRIS Net Product Sales $610M-$640M,6,increase,0.75,0.6,"the projected net product sales of $610m-$640m for adcetris indicate strong performance, which is likely to positively influence investor sentiment and increase seagen inc's stock price.",2,2019-02-07,SGEN,2019-02-07 21:06:00+00:00,88949.0,81181C10,-0.0255021173506975,1223212.0,-0.1183729246258736,0.0,0.0232236571609973,-0.0100718988105654,-0.001052152365446,-0.0075295576825737,0.0278362706303596,0.0078503005206584,0.0038062091916799,0.0173033829778432,0.0424384362995624,0.0263661257922649,-0.0186066273599863,0.0131487464532256,-0.0055595063604414,-0.0067362920381128,-0.0086008952930569,0.0239301361143589,0.0299305897206068,0.0072309961542487,0.0206372812390327,-0.0031095577869564,-0.0174690056592226,-0.0388534255325794,0.0299593918025493,0.0335579812526702,0.0096506606787443,-0.0062787351198494,0.0053850500844419,-0.0047216215170919,-0.0360203869640827,0.0237419083714485,-0.0016668303869664,-0.0149839976802468,-0.034506794065237,0.0057746996171772,-0.0072056492790579,0.0233497098088264,0.0047902720980346,0.0319796800613403,0.0251372121274471,0.0684997662901878,-0.0009864669991657,0.0567685104906559,0.0304697938263416,0.0562356226146221,0.0075290268287062,-0.0194816961884498,0.0138587541878223,0.0146488146856427,-0.0156795196235179,0.0146848084405064,-0.0080326255410909,-0.0125552443787455,-0.0012353000929579,-0.0044014086015522,0.0349045060575008,0.0796426236629486,-0.0175275485962629,0.0038160802796483,-0.0016217748634517,-0.0348066203296184,0.0192229337990284,-0.0138031626120209,-0.0014610254438593,-0.0167856905609369,-0.0446927435696125,-0.0448575988411903,0.0197716262191534,-0.030588598921895,0.0050519220530986,-0.0085245976224541,0.0129058137536048,-0.0153349600732326,-0.0112660452723503,0.0165737140923738,0.0009495346457697,0.0047814855352044,0.075620025396347,0.011001830920577,0.0091973757371306,-0.0330431833863258,-0.0087390383705496,0.0157170761376619,0.0190176591277122,-0.0448787957429885,-0.0321345441043376,0.0218919608741998,-0.0033200678881257,-0.0047709802165627,-0.0052530895918607,0.0249389186501503,-0.0121071925386786,0.0480013228952884,-0.0769229978322982,0.0168490745127201,-0.022881394252181,-0.0121825514361262,-0.006071092095226,0.0181690622121095,0.0285049304366111,0.0186866540461778,-0.0200791601091623,-0.0152471559122204,0.0258296281099319,-0.0064426073804497,-0.0350259952247142,0.0558926463127136,-0.000728796236217,0.0246796812862157,-0.0112327383831143,-0.0320933312177658,-0.0115078017115593,-0.0025463693309575,-0.0011940571712329,-0.0530485995113849,0.0049312887713313,-0.041281372308731,0.0176952034235,-0.0063986773602664,-0.1183729246258735,0.0,-0.097898319683532,-0.0100718988105654,-0.0988474681003498,-0.017525619550072,-0.0702372895793874,0.0073206861942387,-0.034169443777175,0.0730185970861345,0.0032542088241664,0.4439992452624919,-0.0719999621352043,0.241673492371331,2019-02-08,2019-02-11,2019-02-12,2019-02-13,2019-02-14,2019-02-15,2019-02-19,2019-02-20,2019-02-21,2019-02-22,88949.0,2019-02-07,252.0,-2.5502%,0.0011,1.3325,0.3341,-0.5449,1.9418%,2.5434%,41.7144%,-0.0107099999999999,SGEN,88949.0,2019-02-08,252.0,-11.8373%,0.0008,1.3529,0.3998,-0.4159,2.0787%,2.6385%,37.9337%,-0.123599,SGEN,88949.0,2019-02-11,252.0,2.3224%,0.0008,1.3852,0.3946,-0.4018,2.0773%,2.6364%,37.9157%,0.019547,SGEN,88949.0,2019-02-12,252.0,-0.1052%,0.0008,1.3884,0.3747,-0.3966,2.0759%,2.6358%,37.9730%,-0.020752,SGEN,88949.0,2019-02-13,252.0,2.7836%,0.0008,1.3807,0.3969,-0.3871,2.0753%,2.6278%,37.6257%,0.023902,SGEN,88949.0,2019-02-14,252.0,0.3806%,0.0009,1.381,0.3981,-0.3894,2.0745%,2.6277%,37.6716%,0.002297,SGEN,88949.0,2019-02-15,252.0,4.2438%,0.0009,1.3859,0.4053,-0.3778,2.0790%,2.6310%,37.5580%,0.027607,SGEN,88949.0,2019-02-19,252.0,-1.8607%,0.0009,1.3829,0.3894,-0.3954,2.0835%,2.6327%,37.3693%,-0.0213819999999999,SGEN,88949.0,2019-02-20,252.0,-0.5560%,0.0009,1.3815,0.3903,-0.3991,2.0833%,2.6326%,37.3730%,-0.0069689999999999,SGEN,88949.0,2019-02-21,252.0,-0.8601%,0.0008,1.3835,0.3932,-0.3955,2.0835%,2.6329%,37.3781%,-0.004234,SGEN,88949.0,2019-02-22,252.0,2.9931%,0.0009,1.3819,0.3933,-0.4151,2.0849%,2.6390%,37.5893%,0.012862,SGEN,-0.134309,-0.114762,-0.135514,-0.109315,-0.101431
37619,SEAGEN INC,"Seattle Genetics Q4 GAAP EPS $(0.75) May Not Compare $(0.43) Estimate, Sales $174.513M Beat $163.71M Estimate",6,decrease,0.7,0.6,"the significant miss on gaap eps compared to estimates is likely to weigh more heavily on investor sentiment than the sales beat, leading to a potential decrease in stock price.",0,2019-02-07,SGEN,2019-02-07 21:04:00+00:00,88949.0,81181C10,-0.0255021173506975,1223212.0,-0.1183729246258736,0.0,0.0232236571609973,-0.0100718988105654,-0.001052152365446,-0.0075295576825737,0.0278362706303596,0.0078503005206584,0.0038062091916799,0.0173033829778432,0.0424384362995624,0.0263661257922649,-0.0186066273599863,0.0131487464532256,-0.0055595063604414,-0.0067362920381128,-0.0086008952930569,0.0239301361143589,0.0299305897206068,0.0072309961542487,0.0206372812390327,-0.0031095577869564,-0.0174690056592226,-0.0388534255325794,0.0299593918025493,0.0335579812526702,0.0096506606787443,-0.0062787351198494,0.0053850500844419,-0.0047216215170919,-0.0360203869640827,0.0237419083714485,-0.0016668303869664,-0.0149839976802468,-0.034506794065237,0.0057746996171772,-0.0072056492790579,0.0233497098088264,0.0047902720980346,0.0319796800613403,0.0251372121274471,0.0684997662901878,-0.0009864669991657,0.0567685104906559,0.0304697938263416,0.0562356226146221,0.0075290268287062,-0.0194816961884498,0.0138587541878223,0.0146488146856427,-0.0156795196235179,0.0146848084405064,-0.0080326255410909,-0.0125552443787455,-0.0012353000929579,-0.0044014086015522,0.0349045060575008,0.0796426236629486,-0.0175275485962629,0.0038160802796483,-0.0016217748634517,-0.0348066203296184,0.0192229337990284,-0.0138031626120209,-0.0014610254438593,-0.0167856905609369,-0.0446927435696125,-0.0448575988411903,0.0197716262191534,-0.030588598921895,0.0050519220530986,-0.0085245976224541,0.0129058137536048,-0.0153349600732326,-0.0112660452723503,0.0165737140923738,0.0009495346457697,0.0047814855352044,0.075620025396347,0.011001830920577,0.0091973757371306,-0.0330431833863258,-0.0087390383705496,0.0157170761376619,0.0190176591277122,-0.0448787957429885,-0.0321345441043376,0.0218919608741998,-0.0033200678881257,-0.0047709802165627,-0.0052530895918607,0.0249389186501503,-0.0121071925386786,0.0480013228952884,-0.0769229978322982,0.0168490745127201,-0.022881394252181,-0.0121825514361262,-0.006071092095226,0.0181690622121095,0.0285049304366111,0.0186866540461778,-0.0200791601091623,-0.0152471559122204,0.0258296281099319,-0.0064426073804497,-0.0350259952247142,0.0558926463127136,-0.000728796236217,0.0246796812862157,-0.0112327383831143,-0.0320933312177658,-0.0115078017115593,-0.0025463693309575,-0.0011940571712329,-0.0530485995113849,0.0049312887713313,-0.041281372308731,0.0176952034235,-0.0063986773602664,-0.1183729246258735,0.0,-0.097898319683532,-0.0100718988105654,-0.0988474681003498,-0.017525619550072,-0.0702372895793874,0.0073206861942387,-0.034169443777175,0.0730185970861345,0.0032542088241664,0.4439992452624919,-0.0719999621352043,0.241673492371331,2019-02-08,2019-02-11,2019-02-12,2019-02-13,2019-02-14,2019-02-15,2019-02-19,2019-02-20,2019-02-21,2019-02-22,88949.0,2019-02-07,252.0,-2.5502%,0.0011,1.3325,0.3341,-0.5449,1.9418%,2.5434%,41.7144%,-0.0107099999999999,SGEN,88949.0,2019-02-08,252.0,-11.8373%,0.0008,1.3529,0.3998,-0.4159,2.0787%,2.6385%,37.9337%,-0.123599,SGEN,88949.0,2019-02-11,252.0,2.3224%,0.0008,1.3852,0.3946,-0.4018,2.0773%,2.6364%,37.9157%,0.019547,SGEN,88949.0,2019-02-12,252.0,-0.1052%,0.0008,1.3884,0.3747,-0.3966,2.0759%,2.6358%,37.9730%,-0.020752,SGEN,88949.0,2019-02-13,252.0,2.7836%,0.0008,1.3807,0.3969,-0.3871,2.0753%,2.6278%,37.6257%,0.023902,SGEN,88949.0,2019-02-14,252.0,0.3806%,0.0009,1.381,0.3981,-0.3894,2.0745%,2.6277%,37.6716%,0.002297,SGEN,88949.0,2019-02-15,252.0,4.2438%,0.0009,1.3859,0.4053,-0.3778,2.0790%,2.6310%,37.5580%,0.027607,SGEN,88949.0,2019-02-19,252.0,-1.8607%,0.0009,1.3829,0.3894,-0.3954,2.0835%,2.6327%,37.3693%,-0.0213819999999999,SGEN,88949.0,2019-02-20,252.0,-0.5560%,0.0009,1.3815,0.3903,-0.3991,2.0833%,2.6326%,37.3730%,-0.0069689999999999,SGEN,88949.0,2019-02-21,252.0,-0.8601%,0.0008,1.3835,0.3932,-0.3955,2.0835%,2.6329%,37.3781%,-0.004234,SGEN,88949.0,2019-02-22,252.0,2.9931%,0.0009,1.3819,0.3933,-0.4151,2.0849%,2.6390%,37.5893%,0.012862,SGEN,-0.134309,-0.114762,-0.135514,-0.109315,-0.101431
37627,SANGAMO THERAPEUTICS INC,Sangamo Fails To Impress Investors With Genome Editing Studies,6,decrease,0.8,0.7,"the phrase 'fails to impress investors' suggests negative sentiment towards sangamo's performance, likely leading to a decrease in stock price.",0,2019-02-07,SGMO,2019-02-07 18:43:00+00:00,88195.0,80067710,-0.308652251958847,16588244.0,-0.0709988698363304,0.0160609073936939,0.0777201950550079,-0.0382114015519619,0.0757211670279502,-0.0144230257719755,-0.0167597346007823,0.0675791278481483,0.0227272510528564,0.0086280778050422,-0.0233333371579647,0.0432043671607971,-0.0079635605216026,0.0072529399767518,-0.0298165399581193,-0.0425347834825515,0.0094562554731965,0.0378378443419933,0.0339578427374362,0.0036166328936815,0.022650035098195,-0.0009032769012264,0.0155039140954613,-0.0473322011530399,0.016357647255063,0.0292294006794691,-0.0332617461681366,-0.007036053109914,0.1154272928833961,0.0035304469056427,0.0039800954982638,0.0299999937415123,-0.0009911028901115,-0.0333919264376163,-0.0426587611436843,0.0354868397116661,-0.0155440028756856,0.0,0.0210526119917631,-0.1420765519142151,0.0402062200009822,0.005494556389749,-0.0158572699874639,0.0678960159420967,0.0171198453754186,0.0806159749627113,-0.0366337448358535,-0.0628183186054229,0.0010277727851644,0.026132421568036,0.0061602075584232,0.0570902302861213,-0.006122491788119,0.0254957042634487,-0.0215605795383453,-0.0157992634922266,0.028331633657217,0.0770771279931068,-0.0928571224212646,0.0090909246355295,0.0348705798387527,-0.0453230738639831,0.0217391103506088,-0.009551134891808,-0.032978668808937,-0.054200492799282,0.0253024790436029,-0.029798436909914,0.023605179041624,-0.0060975346714258,-0.0010482419747859,-0.0077787516638636,0.2896117866039276,-0.0562806315720081,0.0602115355432033,0.0442930534482002,-0.0683038681745529,0.0051369406282901,0.0362437851727008,0.0327144004404544,0.0023847164120525,-0.0519698113203048,-0.0174464173614978,0.0127334957942366,0.007263857871294,-0.0789679586887359,-0.0208332762122154,0.0339531190693378,-0.0049100178293883,0.0377516597509384,-0.0016446961089968,-0.0008382421219721,-0.0123558947816491,0.0464912913739681,-0.0241868197917938,-0.0112749449908733,0.0,0.0406136997044086,0.0059829615056514,-0.0035971188917756,0.0195411667227745,0.0540284067392349,-0.0099999904632568,-0.0176908373832702,-0.0025252299383282,-0.0419268757104873,0.0202531442046165,0.0820463746786117,-0.0008271487895399,0.0893795415759086,-0.0322847962379455,-0.1194444373250008,-0.0265183467417955,0.0794602781534195,-0.0026361802592873,-0.1030927523970604,0.0193831995129585,-0.1809838563203812,0.0311150066554546,-0.0475524701178073,-0.0709988698363304,0.0160609073936939,0.0012032792063128,-0.0227642039399772,0.0770155599400255,-0.0368589010118479,0.0830324298828526,0.0371009771515613,0.0625751421610401,0.086799281047651,0.0697954068197761,0.2141415185469517,0.4356196907637149,-0.1594405245164911,2019-02-08,2019-02-11,2019-02-12,2019-02-13,2019-02-14,2019-02-15,2019-02-19,2019-02-20,2019-02-21,2019-02-22,88195.0,2019-02-07,252.0,-30.8652%,-0.0028,1.8926,2.5929,-0.9185,4.4171%,5.2436%,29.0402%,-0.285069,SGMO,88195.0,2019-02-08,252.0,-7.0999%,-0.0035,1.9094,2.4987,-0.9099,4.3751%,5.2001%,29.2114%,-0.080436,SGMO,88195.0,2019-02-11,252.0,7.7720%,-0.0031,1.8725,2.6206,-0.8633,4.3868%,5.1918%,28.6062%,0.060548,SGMO,88195.0,2019-02-12,252.0,7.5721%,-0.0028,1.9149,2.6039,-0.8386,4.3953%,5.2135%,28.9242%,0.048164,SGMO,88195.0,2019-02-13,252.0,-1.6760%,-0.003,1.8958,2.6279,-0.8393,4.3916%,5.2047%,28.8034%,-0.023197,SGMO,88195.0,2019-02-14,252.0,2.2727%,-0.003,1.8936,2.6342,-0.847,4.3920%,5.2070%,28.8557%,0.008075,SGMO,88195.0,2019-02-15,252.0,-2.3333%,-0.0035,1.8069,2.5514,-0.9942,4.3782%,5.1708%,28.3086%,-0.047351,SGMO,88195.0,2019-02-19,252.0,-0.7964%,-0.0035,1.8047,2.5433,-1.0032,4.3789%,5.1690%,28.2359%,-0.015913,SGMO,88195.0,2019-02-20,252.0,-2.9817%,-0.0037,1.7956,2.5194,-1.0365,4.3826%,5.1710%,28.1692%,-0.033423,SGMO,88195.0,2019-02-21,252.0,0.9456%,-0.0035,1.7826,2.4971,-1.0605,4.3816%,5.1645%,28.0223%,0.01538,SGMO,88195.0,2019-02-22,252.0,3.3958%,-0.0035,1.7827,2.5077,-1.0499,4.3813%,5.1696%,28.1721%,-0.007053,SGMO,-0.365505,-0.304957,-0.256793,-0.2719150000000001,-0.360275
37635,SANGAMO THERAPEUTICS INC,Sangamo Shares Tick Higher Over $8 Level As Hearing Wells Fargo Issued Mid-Day Defense On Stock/Co.,6,increase,0.7,0.6,"the news indicates a positive sentiment with shares ticking higher and a defense from wells fargo, suggesting investor confidence may rise.",2,2019-02-07,SGMO,2019-02-07 17:48:00+00:00,88195.0,80067710,-0.308652251958847,16588244.0,-0.0709988698363304,0.0160609073936939,0.0777201950550079,-0.0382114015519619,0.0757211670279502,-0.0144230257719755,-0.0167597346007823,0.0675791278481483,0.0227272510528564,0.0086280778050422,-0.0233333371579647,0.0432043671607971,-0.0079635605216026,0.0072529399767518,-0.0298165399581193,-0.0425347834825515,0.0094562554731965,0.0378378443419933,0.0339578427374362,0.0036166328936815,0.022650035098195,-0.0009032769012264,0.0155039140954613,-0.0473322011530399,0.016357647255063,0.0292294006794691,-0.0332617461681366,-0.007036053109914,0.1154272928833961,0.0035304469056427,0.0039800954982638,0.0299999937415123,-0.0009911028901115,-0.0333919264376163,-0.0426587611436843,0.0354868397116661,-0.0155440028756856,0.0,0.0210526119917631,-0.1420765519142151,0.0402062200009822,0.005494556389749,-0.0158572699874639,0.0678960159420967,0.0171198453754186,0.0806159749627113,-0.0366337448358535,-0.0628183186054229,0.0010277727851644,0.026132421568036,0.0061602075584232,0.0570902302861213,-0.006122491788119,0.0254957042634487,-0.0215605795383453,-0.0157992634922266,0.028331633657217,0.0770771279931068,-0.0928571224212646,0.0090909246355295,0.0348705798387527,-0.0453230738639831,0.0217391103506088,-0.009551134891808,-0.032978668808937,-0.054200492799282,0.0253024790436029,-0.029798436909914,0.023605179041624,-0.0060975346714258,-0.0010482419747859,-0.0077787516638636,0.2896117866039276,-0.0562806315720081,0.0602115355432033,0.0442930534482002,-0.0683038681745529,0.0051369406282901,0.0362437851727008,0.0327144004404544,0.0023847164120525,-0.0519698113203048,-0.0174464173614978,0.0127334957942366,0.007263857871294,-0.0789679586887359,-0.0208332762122154,0.0339531190693378,-0.0049100178293883,0.0377516597509384,-0.0016446961089968,-0.0008382421219721,-0.0123558947816491,0.0464912913739681,-0.0241868197917938,-0.0112749449908733,0.0,0.0406136997044086,0.0059829615056514,-0.0035971188917756,0.0195411667227745,0.0540284067392349,-0.0099999904632568,-0.0176908373832702,-0.0025252299383282,-0.0419268757104873,0.0202531442046165,0.0820463746786117,-0.0008271487895399,0.0893795415759086,-0.0322847962379455,-0.1194444373250008,-0.0265183467417955,0.0794602781534195,-0.0026361802592873,-0.1030927523970604,0.0193831995129585,-0.1809838563203812,0.0311150066554546,-0.0475524701178073,-0.0709988698363304,0.0160609073936939,0.0012032792063128,-0.0227642039399772,0.0770155599400255,-0.0368589010118479,0.0830324298828526,0.0371009771515613,0.0625751421610401,0.086799281047651,0.0697954068197761,0.2141415185469517,0.4356196907637149,-0.1594405245164911,2019-02-08,2019-02-11,2019-02-12,2019-02-13,2019-02-14,2019-02-15,2019-02-19,2019-02-20,2019-02-21,2019-02-22,88195.0,2019-02-07,252.0,-30.8652%,-0.0028,1.8926,2.5929,-0.9185,4.4171%,5.2436%,29.0402%,-0.285069,SGMO,88195.0,2019-02-08,252.0,-7.0999%,-0.0035,1.9094,2.4987,-0.9099,4.3751%,5.2001%,29.2114%,-0.080436,SGMO,88195.0,2019-02-11,252.0,7.7720%,-0.0031,1.8725,2.6206,-0.8633,4.3868%,5.1918%,28.6062%,0.060548,SGMO,88195.0,2019-02-12,252.0,7.5721%,-0.0028,1.9149,2.6039,-0.8386,4.3953%,5.2135%,28.9242%,0.048164,SGMO,88195.0,2019-02-13,252.0,-1.6760%,-0.003,1.8958,2.6279,-0.8393,4.3916%,5.2047%,28.8034%,-0.023197,SGMO,88195.0,2019-02-14,252.0,2.2727%,-0.003,1.8936,2.6342,-0.847,4.3920%,5.2070%,28.8557%,0.008075,SGMO,88195.0,2019-02-15,252.0,-2.3333%,-0.0035,1.8069,2.5514,-0.9942,4.3782%,5.1708%,28.3086%,-0.047351,SGMO,88195.0,2019-02-19,252.0,-0.7964%,-0.0035,1.8047,2.5433,-1.0032,4.3789%,5.1690%,28.2359%,-0.015913,SGMO,88195.0,2019-02-20,252.0,-2.9817%,-0.0037,1.7956,2.5194,-1.0365,4.3826%,5.1710%,28.1692%,-0.033423,SGMO,88195.0,2019-02-21,252.0,0.9456%,-0.0035,1.7826,2.4971,-1.0605,4.3816%,5.1645%,28.0223%,0.01538,SGMO,88195.0,2019-02-22,252.0,3.3958%,-0.0035,1.7827,2.5077,-1.0499,4.3813%,5.1696%,28.1721%,-0.007053,SGMO,-0.365505,-0.304957,-0.256793,-0.2719150000000001,-0.360275
37643,SANGAMO THERAPEUTICS INC,Sangamo Therapeutics shares are trading lower after the company reported its SB-318 zinc finger nuclease genome editing product did not appear to show a clinical benefit in a Phase 1/2 trial.,6,decrease,0.9,0.8,the lack of clinical benefit from a key product in a trial is likely to negatively impact investor sentiment and lead to a decline in stock price.,0,2019-02-07,SGMO,2019-02-07 16:15:00+00:00,88195.0,80067710,-0.308652251958847,16588244.0,-0.0709988698363304,0.0160609073936939,0.0777201950550079,-0.0382114015519619,0.0757211670279502,-0.0144230257719755,-0.0167597346007823,0.0675791278481483,0.0227272510528564,0.0086280778050422,-0.0233333371579647,0.0432043671607971,-0.0079635605216026,0.0072529399767518,-0.0298165399581193,-0.0425347834825515,0.0094562554731965,0.0378378443419933,0.0339578427374362,0.0036166328936815,0.022650035098195,-0.0009032769012264,0.0155039140954613,-0.0473322011530399,0.016357647255063,0.0292294006794691,-0.0332617461681366,-0.007036053109914,0.1154272928833961,0.0035304469056427,0.0039800954982638,0.0299999937415123,-0.0009911028901115,-0.0333919264376163,-0.0426587611436843,0.0354868397116661,-0.0155440028756856,0.0,0.0210526119917631,-0.1420765519142151,0.0402062200009822,0.005494556389749,-0.0158572699874639,0.0678960159420967,0.0171198453754186,0.0806159749627113,-0.0366337448358535,-0.0628183186054229,0.0010277727851644,0.026132421568036,0.0061602075584232,0.0570902302861213,-0.006122491788119,0.0254957042634487,-0.0215605795383453,-0.0157992634922266,0.028331633657217,0.0770771279931068,-0.0928571224212646,0.0090909246355295,0.0348705798387527,-0.0453230738639831,0.0217391103506088,-0.009551134891808,-0.032978668808937,-0.054200492799282,0.0253024790436029,-0.029798436909914,0.023605179041624,-0.0060975346714258,-0.0010482419747859,-0.0077787516638636,0.2896117866039276,-0.0562806315720081,0.0602115355432033,0.0442930534482002,-0.0683038681745529,0.0051369406282901,0.0362437851727008,0.0327144004404544,0.0023847164120525,-0.0519698113203048,-0.0174464173614978,0.0127334957942366,0.007263857871294,-0.0789679586887359,-0.0208332762122154,0.0339531190693378,-0.0049100178293883,0.0377516597509384,-0.0016446961089968,-0.0008382421219721,-0.0123558947816491,0.0464912913739681,-0.0241868197917938,-0.0112749449908733,0.0,0.0406136997044086,0.0059829615056514,-0.0035971188917756,0.0195411667227745,0.0540284067392349,-0.0099999904632568,-0.0176908373832702,-0.0025252299383282,-0.0419268757104873,0.0202531442046165,0.0820463746786117,-0.0008271487895399,0.0893795415759086,-0.0322847962379455,-0.1194444373250008,-0.0265183467417955,0.0794602781534195,-0.0026361802592873,-0.1030927523970604,0.0193831995129585,-0.1809838563203812,0.0311150066554546,-0.0475524701178073,-0.0709988698363304,0.0160609073936939,0.0012032792063128,-0.0227642039399772,0.0770155599400255,-0.0368589010118479,0.0830324298828526,0.0371009771515613,0.0625751421610401,0.086799281047651,0.0697954068197761,0.2141415185469517,0.4356196907637149,-0.1594405245164911,2019-02-08,2019-02-11,2019-02-12,2019-02-13,2019-02-14,2019-02-15,2019-02-19,2019-02-20,2019-02-21,2019-02-22,88195.0,2019-02-07,252.0,-30.8652%,-0.0028,1.8926,2.5929,-0.9185,4.4171%,5.2436%,29.0402%,-0.285069,SGMO,88195.0,2019-02-08,252.0,-7.0999%,-0.0035,1.9094,2.4987,-0.9099,4.3751%,5.2001%,29.2114%,-0.080436,SGMO,88195.0,2019-02-11,252.0,7.7720%,-0.0031,1.8725,2.6206,-0.8633,4.3868%,5.1918%,28.6062%,0.060548,SGMO,88195.0,2019-02-12,252.0,7.5721%,-0.0028,1.9149,2.6039,-0.8386,4.3953%,5.2135%,28.9242%,0.048164,SGMO,88195.0,2019-02-13,252.0,-1.6760%,-0.003,1.8958,2.6279,-0.8393,4.3916%,5.2047%,28.8034%,-0.023197,SGMO,88195.0,2019-02-14,252.0,2.2727%,-0.003,1.8936,2.6342,-0.847,4.3920%,5.2070%,28.8557%,0.008075,SGMO,88195.0,2019-02-15,252.0,-2.3333%,-0.0035,1.8069,2.5514,-0.9942,4.3782%,5.1708%,28.3086%,-0.047351,SGMO,88195.0,2019-02-19,252.0,-0.7964%,-0.0035,1.8047,2.5433,-1.0032,4.3789%,5.1690%,28.2359%,-0.015913,SGMO,88195.0,2019-02-20,252.0,-2.9817%,-0.0037,1.7956,2.5194,-1.0365,4.3826%,5.1710%,28.1692%,-0.033423,SGMO,88195.0,2019-02-21,252.0,0.9456%,-0.0035,1.7826,2.4971,-1.0605,4.3816%,5.1645%,28.0223%,0.01538,SGMO,88195.0,2019-02-22,252.0,3.3958%,-0.0035,1.7827,2.5077,-1.0499,4.3813%,5.1696%,28.1721%,-0.007053,SGMO,-0.365505,-0.304957,-0.256793,-0.2719150000000001,-0.360275
37651,SANGAMO THERAPEUTICS INC,'First attempt at genome editing in U.S. patients produces disappointing — and sobering — results' -STAT News,6,decrease,0.85,0.7,"disappointing results from a significant clinical trial can negatively impact investor sentiment and confidence in the company's future prospects, likely leading to a decrease in stock price.",0,2019-02-07,SGMO,2019-02-07 16:03:00+00:00,88195.0,80067710,-0.308652251958847,16588244.0,-0.0709988698363304,0.0160609073936939,0.0777201950550079,-0.0382114015519619,0.0757211670279502,-0.0144230257719755,-0.0167597346007823,0.0675791278481483,0.0227272510528564,0.0086280778050422,-0.0233333371579647,0.0432043671607971,-0.0079635605216026,0.0072529399767518,-0.0298165399581193,-0.0425347834825515,0.0094562554731965,0.0378378443419933,0.0339578427374362,0.0036166328936815,0.022650035098195,-0.0009032769012264,0.0155039140954613,-0.0473322011530399,0.016357647255063,0.0292294006794691,-0.0332617461681366,-0.007036053109914,0.1154272928833961,0.0035304469056427,0.0039800954982638,0.0299999937415123,-0.0009911028901115,-0.0333919264376163,-0.0426587611436843,0.0354868397116661,-0.0155440028756856,0.0,0.0210526119917631,-0.1420765519142151,0.0402062200009822,0.005494556389749,-0.0158572699874639,0.0678960159420967,0.0171198453754186,0.0806159749627113,-0.0366337448358535,-0.0628183186054229,0.0010277727851644,0.026132421568036,0.0061602075584232,0.0570902302861213,-0.006122491788119,0.0254957042634487,-0.0215605795383453,-0.0157992634922266,0.028331633657217,0.0770771279931068,-0.0928571224212646,0.0090909246355295,0.0348705798387527,-0.0453230738639831,0.0217391103506088,-0.009551134891808,-0.032978668808937,-0.054200492799282,0.0253024790436029,-0.029798436909914,0.023605179041624,-0.0060975346714258,-0.0010482419747859,-0.0077787516638636,0.2896117866039276,-0.0562806315720081,0.0602115355432033,0.0442930534482002,-0.0683038681745529,0.0051369406282901,0.0362437851727008,0.0327144004404544,0.0023847164120525,-0.0519698113203048,-0.0174464173614978,0.0127334957942366,0.007263857871294,-0.0789679586887359,-0.0208332762122154,0.0339531190693378,-0.0049100178293883,0.0377516597509384,-0.0016446961089968,-0.0008382421219721,-0.0123558947816491,0.0464912913739681,-0.0241868197917938,-0.0112749449908733,0.0,0.0406136997044086,0.0059829615056514,-0.0035971188917756,0.0195411667227745,0.0540284067392349,-0.0099999904632568,-0.0176908373832702,-0.0025252299383282,-0.0419268757104873,0.0202531442046165,0.0820463746786117,-0.0008271487895399,0.0893795415759086,-0.0322847962379455,-0.1194444373250008,-0.0265183467417955,0.0794602781534195,-0.0026361802592873,-0.1030927523970604,0.0193831995129585,-0.1809838563203812,0.0311150066554546,-0.0475524701178073,-0.0709988698363304,0.0160609073936939,0.0012032792063128,-0.0227642039399772,0.0770155599400255,-0.0368589010118479,0.0830324298828526,0.0371009771515613,0.0625751421610401,0.086799281047651,0.0697954068197761,0.2141415185469517,0.4356196907637149,-0.1594405245164911,2019-02-08,2019-02-11,2019-02-12,2019-02-13,2019-02-14,2019-02-15,2019-02-19,2019-02-20,2019-02-21,2019-02-22,88195.0,2019-02-07,252.0,-30.8652%,-0.0028,1.8926,2.5929,-0.9185,4.4171%,5.2436%,29.0402%,-0.285069,SGMO,88195.0,2019-02-08,252.0,-7.0999%,-0.0035,1.9094,2.4987,-0.9099,4.3751%,5.2001%,29.2114%,-0.080436,SGMO,88195.0,2019-02-11,252.0,7.7720%,-0.0031,1.8725,2.6206,-0.8633,4.3868%,5.1918%,28.6062%,0.060548,SGMO,88195.0,2019-02-12,252.0,7.5721%,-0.0028,1.9149,2.6039,-0.8386,4.3953%,5.2135%,28.9242%,0.048164,SGMO,88195.0,2019-02-13,252.0,-1.6760%,-0.003,1.8958,2.6279,-0.8393,4.3916%,5.2047%,28.8034%,-0.023197,SGMO,88195.0,2019-02-14,252.0,2.2727%,-0.003,1.8936,2.6342,-0.847,4.3920%,5.2070%,28.8557%,0.008075,SGMO,88195.0,2019-02-15,252.0,-2.3333%,-0.0035,1.8069,2.5514,-0.9942,4.3782%,5.1708%,28.3086%,-0.047351,SGMO,88195.0,2019-02-19,252.0,-0.7964%,-0.0035,1.8047,2.5433,-1.0032,4.3789%,5.1690%,28.2359%,-0.015913,SGMO,88195.0,2019-02-20,252.0,-2.9817%,-0.0037,1.7956,2.5194,-1.0365,4.3826%,5.1710%,28.1692%,-0.033423,SGMO,88195.0,2019-02-21,252.0,0.9456%,-0.0035,1.7826,2.4971,-1.0605,4.3816%,5.1645%,28.0223%,0.01538,SGMO,88195.0,2019-02-22,252.0,3.3958%,-0.0035,1.7827,2.5077,-1.0499,4.3813%,5.1696%,28.1721%,-0.007053,SGMO,-0.365505,-0.304957,-0.256793,-0.2719150000000001,-0.360275
37659,SANGAMO THERAPEUTICS INC,Sangamo Therapeutics Shares Halted On Circuit Breaker; Down 12.2%,6,decrease,0.85,0.7,"the news indicates a significant drop in stock price and a trading halt, which typically signals negative sentiment among investors.",0,2019-02-07,SGMO,2019-02-07 16:02:00+00:00,88195.0,80067710,-0.308652251958847,16588244.0,-0.0709988698363304,0.0160609073936939,0.0777201950550079,-0.0382114015519619,0.0757211670279502,-0.0144230257719755,-0.0167597346007823,0.0675791278481483,0.0227272510528564,0.0086280778050422,-0.0233333371579647,0.0432043671607971,-0.0079635605216026,0.0072529399767518,-0.0298165399581193,-0.0425347834825515,0.0094562554731965,0.0378378443419933,0.0339578427374362,0.0036166328936815,0.022650035098195,-0.0009032769012264,0.0155039140954613,-0.0473322011530399,0.016357647255063,0.0292294006794691,-0.0332617461681366,-0.007036053109914,0.1154272928833961,0.0035304469056427,0.0039800954982638,0.0299999937415123,-0.0009911028901115,-0.0333919264376163,-0.0426587611436843,0.0354868397116661,-0.0155440028756856,0.0,0.0210526119917631,-0.1420765519142151,0.0402062200009822,0.005494556389749,-0.0158572699874639,0.0678960159420967,0.0171198453754186,0.0806159749627113,-0.0366337448358535,-0.0628183186054229,0.0010277727851644,0.026132421568036,0.0061602075584232,0.0570902302861213,-0.006122491788119,0.0254957042634487,-0.0215605795383453,-0.0157992634922266,0.028331633657217,0.0770771279931068,-0.0928571224212646,0.0090909246355295,0.0348705798387527,-0.0453230738639831,0.0217391103506088,-0.009551134891808,-0.032978668808937,-0.054200492799282,0.0253024790436029,-0.029798436909914,0.023605179041624,-0.0060975346714258,-0.0010482419747859,-0.0077787516638636,0.2896117866039276,-0.0562806315720081,0.0602115355432033,0.0442930534482002,-0.0683038681745529,0.0051369406282901,0.0362437851727008,0.0327144004404544,0.0023847164120525,-0.0519698113203048,-0.0174464173614978,0.0127334957942366,0.007263857871294,-0.0789679586887359,-0.0208332762122154,0.0339531190693378,-0.0049100178293883,0.0377516597509384,-0.0016446961089968,-0.0008382421219721,-0.0123558947816491,0.0464912913739681,-0.0241868197917938,-0.0112749449908733,0.0,0.0406136997044086,0.0059829615056514,-0.0035971188917756,0.0195411667227745,0.0540284067392349,-0.0099999904632568,-0.0176908373832702,-0.0025252299383282,-0.0419268757104873,0.0202531442046165,0.0820463746786117,-0.0008271487895399,0.0893795415759086,-0.0322847962379455,-0.1194444373250008,-0.0265183467417955,0.0794602781534195,-0.0026361802592873,-0.1030927523970604,0.0193831995129585,-0.1809838563203812,0.0311150066554546,-0.0475524701178073,-0.0709988698363304,0.0160609073936939,0.0012032792063128,-0.0227642039399772,0.0770155599400255,-0.0368589010118479,0.0830324298828526,0.0371009771515613,0.0625751421610401,0.086799281047651,0.0697954068197761,0.2141415185469517,0.4356196907637149,-0.1594405245164911,2019-02-08,2019-02-11,2019-02-12,2019-02-13,2019-02-14,2019-02-15,2019-02-19,2019-02-20,2019-02-21,2019-02-22,88195.0,2019-02-07,252.0,-30.8652%,-0.0028,1.8926,2.5929,-0.9185,4.4171%,5.2436%,29.0402%,-0.285069,SGMO,88195.0,2019-02-08,252.0,-7.0999%,-0.0035,1.9094,2.4987,-0.9099,4.3751%,5.2001%,29.2114%,-0.080436,SGMO,88195.0,2019-02-11,252.0,7.7720%,-0.0031,1.8725,2.6206,-0.8633,4.3868%,5.1918%,28.6062%,0.060548,SGMO,88195.0,2019-02-12,252.0,7.5721%,-0.0028,1.9149,2.6039,-0.8386,4.3953%,5.2135%,28.9242%,0.048164,SGMO,88195.0,2019-02-13,252.0,-1.6760%,-0.003,1.8958,2.6279,-0.8393,4.3916%,5.2047%,28.8034%,-0.023197,SGMO,88195.0,2019-02-14,252.0,2.2727%,-0.003,1.8936,2.6342,-0.847,4.3920%,5.2070%,28.8557%,0.008075,SGMO,88195.0,2019-02-15,252.0,-2.3333%,-0.0035,1.8069,2.5514,-0.9942,4.3782%,5.1708%,28.3086%,-0.047351,SGMO,88195.0,2019-02-19,252.0,-0.7964%,-0.0035,1.8047,2.5433,-1.0032,4.3789%,5.1690%,28.2359%,-0.015913,SGMO,88195.0,2019-02-20,252.0,-2.9817%,-0.0037,1.7956,2.5194,-1.0365,4.3826%,5.1710%,28.1692%,-0.033423,SGMO,88195.0,2019-02-21,252.0,0.9456%,-0.0035,1.7826,2.4971,-1.0605,4.3816%,5.1645%,28.0223%,0.01538,SGMO,88195.0,2019-02-22,252.0,3.3958%,-0.0035,1.7827,2.5077,-1.0499,4.3813%,5.1696%,28.1721%,-0.007053,SGMO,-0.365505,-0.304957,-0.256793,-0.2719150000000001,-0.360275
37667,SANGAMO THERAPEUTICS INC,Sangamo Therapeutics Reports Results Of Phase 1/2 EMPOWERS Study Of SB-318 Zinc Finger Nuclease,6,uncertain,0.6,0.5,"the results of the phase 1/2 empowers study could be positive or negative, and without specific details on the outcomes, the impact on stock price remains uncertain.",1,2019-02-07,SGMO,2019-02-07 16:01:00+00:00,88195.0,80067710,-0.308652251958847,16588244.0,-0.0709988698363304,0.0160609073936939,0.0777201950550079,-0.0382114015519619,0.0757211670279502,-0.0144230257719755,-0.0167597346007823,0.0675791278481483,0.0227272510528564,0.0086280778050422,-0.0233333371579647,0.0432043671607971,-0.0079635605216026,0.0072529399767518,-0.0298165399581193,-0.0425347834825515,0.0094562554731965,0.0378378443419933,0.0339578427374362,0.0036166328936815,0.022650035098195,-0.0009032769012264,0.0155039140954613,-0.0473322011530399,0.016357647255063,0.0292294006794691,-0.0332617461681366,-0.007036053109914,0.1154272928833961,0.0035304469056427,0.0039800954982638,0.0299999937415123,-0.0009911028901115,-0.0333919264376163,-0.0426587611436843,0.0354868397116661,-0.0155440028756856,0.0,0.0210526119917631,-0.1420765519142151,0.0402062200009822,0.005494556389749,-0.0158572699874639,0.0678960159420967,0.0171198453754186,0.0806159749627113,-0.0366337448358535,-0.0628183186054229,0.0010277727851644,0.026132421568036,0.0061602075584232,0.0570902302861213,-0.006122491788119,0.0254957042634487,-0.0215605795383453,-0.0157992634922266,0.028331633657217,0.0770771279931068,-0.0928571224212646,0.0090909246355295,0.0348705798387527,-0.0453230738639831,0.0217391103506088,-0.009551134891808,-0.032978668808937,-0.054200492799282,0.0253024790436029,-0.029798436909914,0.023605179041624,-0.0060975346714258,-0.0010482419747859,-0.0077787516638636,0.2896117866039276,-0.0562806315720081,0.0602115355432033,0.0442930534482002,-0.0683038681745529,0.0051369406282901,0.0362437851727008,0.0327144004404544,0.0023847164120525,-0.0519698113203048,-0.0174464173614978,0.0127334957942366,0.007263857871294,-0.0789679586887359,-0.0208332762122154,0.0339531190693378,-0.0049100178293883,0.0377516597509384,-0.0016446961089968,-0.0008382421219721,-0.0123558947816491,0.0464912913739681,-0.0241868197917938,-0.0112749449908733,0.0,0.0406136997044086,0.0059829615056514,-0.0035971188917756,0.0195411667227745,0.0540284067392349,-0.0099999904632568,-0.0176908373832702,-0.0025252299383282,-0.0419268757104873,0.0202531442046165,0.0820463746786117,-0.0008271487895399,0.0893795415759086,-0.0322847962379455,-0.1194444373250008,-0.0265183467417955,0.0794602781534195,-0.0026361802592873,-0.1030927523970604,0.0193831995129585,-0.1809838563203812,0.0311150066554546,-0.0475524701178073,-0.0709988698363304,0.0160609073936939,0.0012032792063128,-0.0227642039399772,0.0770155599400255,-0.0368589010118479,0.0830324298828526,0.0371009771515613,0.0625751421610401,0.086799281047651,0.0697954068197761,0.2141415185469517,0.4356196907637149,-0.1594405245164911,2019-02-08,2019-02-11,2019-02-12,2019-02-13,2019-02-14,2019-02-15,2019-02-19,2019-02-20,2019-02-21,2019-02-22,88195.0,2019-02-07,252.0,-30.8652%,-0.0028,1.8926,2.5929,-0.9185,4.4171%,5.2436%,29.0402%,-0.285069,SGMO,88195.0,2019-02-08,252.0,-7.0999%,-0.0035,1.9094,2.4987,-0.9099,4.3751%,5.2001%,29.2114%,-0.080436,SGMO,88195.0,2019-02-11,252.0,7.7720%,-0.0031,1.8725,2.6206,-0.8633,4.3868%,5.1918%,28.6062%,0.060548,SGMO,88195.0,2019-02-12,252.0,7.5721%,-0.0028,1.9149,2.6039,-0.8386,4.3953%,5.2135%,28.9242%,0.048164,SGMO,88195.0,2019-02-13,252.0,-1.6760%,-0.003,1.8958,2.6279,-0.8393,4.3916%,5.2047%,28.8034%,-0.023197,SGMO,88195.0,2019-02-14,252.0,2.2727%,-0.003,1.8936,2.6342,-0.847,4.3920%,5.2070%,28.8557%,0.008075,SGMO,88195.0,2019-02-15,252.0,-2.3333%,-0.0035,1.8069,2.5514,-0.9942,4.3782%,5.1708%,28.3086%,-0.047351,SGMO,88195.0,2019-02-19,252.0,-0.7964%,-0.0035,1.8047,2.5433,-1.0032,4.3789%,5.1690%,28.2359%,-0.015913,SGMO,88195.0,2019-02-20,252.0,-2.9817%,-0.0037,1.7956,2.5194,-1.0365,4.3826%,5.1710%,28.1692%,-0.033423,SGMO,88195.0,2019-02-21,252.0,0.9456%,-0.0035,1.7826,2.4971,-1.0605,4.3816%,5.1645%,28.0223%,0.01538,SGMO,88195.0,2019-02-22,252.0,3.3958%,-0.0035,1.7827,2.5077,-1.0499,4.3813%,5.1696%,28.1721%,-0.007053,SGMO,-0.365505,-0.304957,-0.256793,-0.2719150000000001,-0.360275
37675,SKECHERS U S A INC,"Skechers Sees Q1 EPS $0.70-$0.75 vs $0.69 Est., Sales $1.28B-$1.30B",6,increase,0.75,0.6,"the projected eps is slightly above estimates, which may positively influence investor sentiment and lead to an increase in stock price.",2,2019-02-07,SKX,2019-02-07 21:06:00+00:00,86949.0,83056610,0.001084231538698,5766731.0,0.1519855260848999,0.0032632397487759,0.0209966152906417,0.0139705566689372,-0.018109330907464,0.0115285003557801,0.0171929094940424,-0.0103055089712142,0.0092193987220525,-0.0043972455896437,0.0045676468871533,0.0255543142557144,0.0193997994065284,-0.0111482441425323,0.0029734901618212,0.0105144837871193,-0.0035576322115957,0.0238369442522525,0.0050579640083014,0.0172076858580112,0.0115452753379941,-0.0042835129424929,-0.0122914304956793,-0.0342233851552009,0.0094814728945493,-0.0133580928668379,-0.0129145476967096,0.0631163865327835,0.0169491432607173,0.0063517205417156,-0.0014619659632444,0.0088106216862797,-0.0240117032080888,-0.0118718296289444,-0.015901667997241,0.0148594714701175,-0.0021341370884329,-0.0012033969396725,-0.008249326609075,0.0097205247730016,0.0055452962405979,0.0181443523615598,0.0045956349931657,0.0502381920814514,0.0003049198421649,0.02667854167521,-0.0015243670204654,-0.0301854573190212,-0.0051907836459577,0.0131062101572752,0.0159606076776981,-0.0116580510511994,-0.0072506912983953,0.0012970465468242,-0.0161289945244789,-0.0064433645457029,0.0049489587545394,0.0649588331580162,-0.0621730461716651,-0.0077167530544102,0.0180505793541669,-0.0156388953328132,0.015473872423172,0.0022391059901565,0.0342857725918293,-0.0303951688110828,0.0190300457179546,0.0167770888656377,0.0123493922874331,-0.0109170312061905,0.0223147869110107,-0.0259464308619499,-0.0029104275163263,-0.0305154547095298,0.0131348744034767,-0.0093954065814614,0.0069144824519753,0.0090683968737721,-0.0091559281572699,-0.0134200863540172,-0.0034652827307581,-0.0614504031836986,-0.0141987213864922,-0.0150375794619321,0.012639632448554,-0.0604026541113853,-0.0029028239659965,0.0485184974968433,0.0017467649886384,0.0165662858635187,0.0124963764101266,-0.0126394107937812,0.0068886820226907,0.0239816959947347,0.0057011670432984,-0.0270370207726955,-0.1043083518743515,0.0305343214422464,-0.0579113885760307,-0.0183589272201061,0.0040308674797415,0.031298354268074,0.0424891412258148,-0.0148458806797862,-0.0179717410355806,-0.0373763442039489,0.0183006357401609,-0.0061907563358545,0.0150834182277321,-0.0317348912358284,0.0009484883630648,0.0017662008758634,-0.0113708339631557,-0.0187175367027521,0.0031949004624038,-0.0034542444627732,0.0194267109036445,-0.0239379331469535,-0.0465478897094726,0.0147109236568212,0.1519855260848999,0.0032632397487759,0.1761733229964921,0.0172793856935478,0.1548736110858171,0.0290070914534437,0.1855595458911894,0.0139244830814118,0.2194945147162339,0.0821275084800685,0.0999999508266233,0.256014495790434,0.1018050413755011,-0.0533698073271018,2019-02-08,2019-02-11,2019-02-12,2019-02-13,2019-02-14,2019-02-15,2019-02-19,2019-02-20,2019-02-21,2019-02-22,86949.0,2019-02-07,252.0,0.1084%,-0.001,1.2316,0.4135,0.3323,2.9067%,3.1789%,16.3878%,0.011751,SKX,86949.0,2019-02-08,252.0,15.1986%,-0.0005,1.2055,0.3627,0.1892,3.0616%,3.3205%,14.9834%,0.152863,SKX,86949.0,2019-02-11,252.0,2.0997%,-0.0003,1.1728,0.4166,0.2013,3.0584%,3.2956%,13.8808%,0.01638,SKX,86949.0,2019-02-12,252.0,-1.8109%,-0.0007,1.1185,0.4615,0.1656,3.0399%,3.2628%,13.1964%,-0.0339,SKX,86949.0,2019-02-13,252.0,1.7193%,-0.0005,1.1381,0.4342,0.1642,3.0317%,3.2607%,13.5524%,0.013568,SKX,86949.0,2019-02-14,252.0,0.9219%,-0.0005,1.1356,0.44,0.158,3.0325%,3.2611%,13.5335%,0.010204,SKX,86949.0,2019-02-15,252.0,0.4568%,-0.0005,1.1401,0.443,0.164,3.0319%,3.2611%,13.5608%,-0.010222,SKX,86949.0,2019-02-19,252.0,1.9400%,-0.0003,1.1541,0.4377,0.1568,3.0258%,3.2604%,13.8719%,0.015357,SKX,86949.0,2019-02-20,252.0,0.2973%,-0.0002,1.1547,0.443,0.16,3.0253%,3.2602%,13.8894%,-0.001144,SKX,86949.0,2019-02-21,252.0,-0.3558%,-0.0002,1.1528,0.4395,0.1565,3.0252%,3.2591%,13.8405%,0.0012929999999999,SKX,86949.0,2019-02-22,252.0,0.5058%,-0.0003,1.1536,0.4267,0.1547,3.0247%,3.2589%,13.8582%,-0.002651,SKX,0.164614,0.180994,0.147094,0.170866,0.173499
37683,SKECHERS U S A INC,"Skechers USA Q4 Adj. EPS $0.31 Beats $0.23 Estimate, Sales $1.08B Miss $1.1B Estimate",6,uncertain,0.6,0.3,"while the adjusted eps beat estimates, the sales miss could raise concerns among investors, leading to uncertainty in the stock's reaction.",1,2019-02-07,SKX,2019-02-07 21:06:00+00:00,86949.0,83056610,0.001084231538698,5766731.0,0.1519855260848999,0.0032632397487759,0.0209966152906417,0.0139705566689372,-0.018109330907464,0.0115285003557801,0.0171929094940424,-0.0103055089712142,0.0092193987220525,-0.0043972455896437,0.0045676468871533,0.0255543142557144,0.0193997994065284,-0.0111482441425323,0.0029734901618212,0.0105144837871193,-0.0035576322115957,0.0238369442522525,0.0050579640083014,0.0172076858580112,0.0115452753379941,-0.0042835129424929,-0.0122914304956793,-0.0342233851552009,0.0094814728945493,-0.0133580928668379,-0.0129145476967096,0.0631163865327835,0.0169491432607173,0.0063517205417156,-0.0014619659632444,0.0088106216862797,-0.0240117032080888,-0.0118718296289444,-0.015901667997241,0.0148594714701175,-0.0021341370884329,-0.0012033969396725,-0.008249326609075,0.0097205247730016,0.0055452962405979,0.0181443523615598,0.0045956349931657,0.0502381920814514,0.0003049198421649,0.02667854167521,-0.0015243670204654,-0.0301854573190212,-0.0051907836459577,0.0131062101572752,0.0159606076776981,-0.0116580510511994,-0.0072506912983953,0.0012970465468242,-0.0161289945244789,-0.0064433645457029,0.0049489587545394,0.0649588331580162,-0.0621730461716651,-0.0077167530544102,0.0180505793541669,-0.0156388953328132,0.015473872423172,0.0022391059901565,0.0342857725918293,-0.0303951688110828,0.0190300457179546,0.0167770888656377,0.0123493922874331,-0.0109170312061905,0.0223147869110107,-0.0259464308619499,-0.0029104275163263,-0.0305154547095298,0.0131348744034767,-0.0093954065814614,0.0069144824519753,0.0090683968737721,-0.0091559281572699,-0.0134200863540172,-0.0034652827307581,-0.0614504031836986,-0.0141987213864922,-0.0150375794619321,0.012639632448554,-0.0604026541113853,-0.0029028239659965,0.0485184974968433,0.0017467649886384,0.0165662858635187,0.0124963764101266,-0.0126394107937812,0.0068886820226907,0.0239816959947347,0.0057011670432984,-0.0270370207726955,-0.1043083518743515,0.0305343214422464,-0.0579113885760307,-0.0183589272201061,0.0040308674797415,0.031298354268074,0.0424891412258148,-0.0148458806797862,-0.0179717410355806,-0.0373763442039489,0.0183006357401609,-0.0061907563358545,0.0150834182277321,-0.0317348912358284,0.0009484883630648,0.0017662008758634,-0.0113708339631557,-0.0187175367027521,0.0031949004624038,-0.0034542444627732,0.0194267109036445,-0.0239379331469535,-0.0465478897094726,0.0147109236568212,0.1519855260848999,0.0032632397487759,0.1761733229964921,0.0172793856935478,0.1548736110858171,0.0290070914534437,0.1855595458911894,0.0139244830814118,0.2194945147162339,0.0821275084800685,0.0999999508266233,0.256014495790434,0.1018050413755011,-0.0533698073271018,2019-02-08,2019-02-11,2019-02-12,2019-02-13,2019-02-14,2019-02-15,2019-02-19,2019-02-20,2019-02-21,2019-02-22,86949.0,2019-02-07,252.0,0.1084%,-0.001,1.2316,0.4135,0.3323,2.9067%,3.1789%,16.3878%,0.011751,SKX,86949.0,2019-02-08,252.0,15.1986%,-0.0005,1.2055,0.3627,0.1892,3.0616%,3.3205%,14.9834%,0.152863,SKX,86949.0,2019-02-11,252.0,2.0997%,-0.0003,1.1728,0.4166,0.2013,3.0584%,3.2956%,13.8808%,0.01638,SKX,86949.0,2019-02-12,252.0,-1.8109%,-0.0007,1.1185,0.4615,0.1656,3.0399%,3.2628%,13.1964%,-0.0339,SKX,86949.0,2019-02-13,252.0,1.7193%,-0.0005,1.1381,0.4342,0.1642,3.0317%,3.2607%,13.5524%,0.013568,SKX,86949.0,2019-02-14,252.0,0.9219%,-0.0005,1.1356,0.44,0.158,3.0325%,3.2611%,13.5335%,0.010204,SKX,86949.0,2019-02-15,252.0,0.4568%,-0.0005,1.1401,0.443,0.164,3.0319%,3.2611%,13.5608%,-0.010222,SKX,86949.0,2019-02-19,252.0,1.9400%,-0.0003,1.1541,0.4377,0.1568,3.0258%,3.2604%,13.8719%,0.015357,SKX,86949.0,2019-02-20,252.0,0.2973%,-0.0002,1.1547,0.443,0.16,3.0253%,3.2602%,13.8894%,-0.001144,SKX,86949.0,2019-02-21,252.0,-0.3558%,-0.0002,1.1528,0.4395,0.1565,3.0252%,3.2591%,13.8405%,0.0012929999999999,SKX,86949.0,2019-02-22,252.0,0.5058%,-0.0003,1.1536,0.4267,0.1547,3.0247%,3.2589%,13.8582%,-0.002651,SKX,0.164614,0.180994,0.147094,0.170866,0.173499
37691,SKECHERS U S A INC,Skechers USA Option Alert: Feb 15 $28 Calls Sweep (8) near the Ask: 792 @ $1.75 vs 701 OI; Earnings 2/7 After Close Ref=$27.29,6,uncertain,0.6,0.5,"the option activity suggests bullish sentiment with the call sweep, but the upcoming earnings report introduces uncertainty regarding the stock's performance.",1,2019-02-07,SKX,2019-02-07 16:49:00+00:00,86949.0,83056610,0.001084231538698,5766731.0,0.1519855260848999,0.0032632397487759,0.0209966152906417,0.0139705566689372,-0.018109330907464,0.0115285003557801,0.0171929094940424,-0.0103055089712142,0.0092193987220525,-0.0043972455896437,0.0045676468871533,0.0255543142557144,0.0193997994065284,-0.0111482441425323,0.0029734901618212,0.0105144837871193,-0.0035576322115957,0.0238369442522525,0.0050579640083014,0.0172076858580112,0.0115452753379941,-0.0042835129424929,-0.0122914304956793,-0.0342233851552009,0.0094814728945493,-0.0133580928668379,-0.0129145476967096,0.0631163865327835,0.0169491432607173,0.0063517205417156,-0.0014619659632444,0.0088106216862797,-0.0240117032080888,-0.0118718296289444,-0.015901667997241,0.0148594714701175,-0.0021341370884329,-0.0012033969396725,-0.008249326609075,0.0097205247730016,0.0055452962405979,0.0181443523615598,0.0045956349931657,0.0502381920814514,0.0003049198421649,0.02667854167521,-0.0015243670204654,-0.0301854573190212,-0.0051907836459577,0.0131062101572752,0.0159606076776981,-0.0116580510511994,-0.0072506912983953,0.0012970465468242,-0.0161289945244789,-0.0064433645457029,0.0049489587545394,0.0649588331580162,-0.0621730461716651,-0.0077167530544102,0.0180505793541669,-0.0156388953328132,0.015473872423172,0.0022391059901565,0.0342857725918293,-0.0303951688110828,0.0190300457179546,0.0167770888656377,0.0123493922874331,-0.0109170312061905,0.0223147869110107,-0.0259464308619499,-0.0029104275163263,-0.0305154547095298,0.0131348744034767,-0.0093954065814614,0.0069144824519753,0.0090683968737721,-0.0091559281572699,-0.0134200863540172,-0.0034652827307581,-0.0614504031836986,-0.0141987213864922,-0.0150375794619321,0.012639632448554,-0.0604026541113853,-0.0029028239659965,0.0485184974968433,0.0017467649886384,0.0165662858635187,0.0124963764101266,-0.0126394107937812,0.0068886820226907,0.0239816959947347,0.0057011670432984,-0.0270370207726955,-0.1043083518743515,0.0305343214422464,-0.0579113885760307,-0.0183589272201061,0.0040308674797415,0.031298354268074,0.0424891412258148,-0.0148458806797862,-0.0179717410355806,-0.0373763442039489,0.0183006357401609,-0.0061907563358545,0.0150834182277321,-0.0317348912358284,0.0009484883630648,0.0017662008758634,-0.0113708339631557,-0.0187175367027521,0.0031949004624038,-0.0034542444627732,0.0194267109036445,-0.0239379331469535,-0.0465478897094726,0.0147109236568212,0.1519855260848999,0.0032632397487759,0.1761733229964921,0.0172793856935478,0.1548736110858171,0.0290070914534437,0.1855595458911894,0.0139244830814118,0.2194945147162339,0.0821275084800685,0.0999999508266233,0.256014495790434,0.1018050413755011,-0.0533698073271018,2019-02-08,2019-02-11,2019-02-12,2019-02-13,2019-02-14,2019-02-15,2019-02-19,2019-02-20,2019-02-21,2019-02-22,86949.0,2019-02-07,252.0,0.1084%,-0.001,1.2316,0.4135,0.3323,2.9067%,3.1789%,16.3878%,0.011751,SKX,86949.0,2019-02-08,252.0,15.1986%,-0.0005,1.2055,0.3627,0.1892,3.0616%,3.3205%,14.9834%,0.152863,SKX,86949.0,2019-02-11,252.0,2.0997%,-0.0003,1.1728,0.4166,0.2013,3.0584%,3.2956%,13.8808%,0.01638,SKX,86949.0,2019-02-12,252.0,-1.8109%,-0.0007,1.1185,0.4615,0.1656,3.0399%,3.2628%,13.1964%,-0.0339,SKX,86949.0,2019-02-13,252.0,1.7193%,-0.0005,1.1381,0.4342,0.1642,3.0317%,3.2607%,13.5524%,0.013568,SKX,86949.0,2019-02-14,252.0,0.9219%,-0.0005,1.1356,0.44,0.158,3.0325%,3.2611%,13.5335%,0.010204,SKX,86949.0,2019-02-15,252.0,0.4568%,-0.0005,1.1401,0.443,0.164,3.0319%,3.2611%,13.5608%,-0.010222,SKX,86949.0,2019-02-19,252.0,1.9400%,-0.0003,1.1541,0.4377,0.1568,3.0258%,3.2604%,13.8719%,0.015357,SKX,86949.0,2019-02-20,252.0,0.2973%,-0.0002,1.1547,0.443,0.16,3.0253%,3.2602%,13.8894%,-0.001144,SKX,86949.0,2019-02-21,252.0,-0.3558%,-0.0002,1.1528,0.4395,0.1565,3.0252%,3.2591%,13.8405%,0.0012929999999999,SKX,86949.0,2019-02-22,252.0,0.5058%,-0.0003,1.1536,0.4267,0.1547,3.0247%,3.2589%,13.8582%,-0.002651,SKX,0.164614,0.180994,0.147094,0.170866,0.173499
37699,SKECHERS U S A INC,Q4 Earnings Outlook For Skechers,6,uncertain,0.5,0.5,"the q4 earnings outlook could vary based on market expectations and actual performance, making the impact on stock price uncertain.",1,2019-02-07,SKX,2019-02-07 13:22:00+00:00,86949.0,83056610,0.001084231538698,5766731.0,0.1519855260848999,0.0032632397487759,0.0209966152906417,0.0139705566689372,-0.018109330907464,0.0115285003557801,0.0171929094940424,-0.0103055089712142,0.0092193987220525,-0.0043972455896437,0.0045676468871533,0.0255543142557144,0.0193997994065284,-0.0111482441425323,0.0029734901618212,0.0105144837871193,-0.0035576322115957,0.0238369442522525,0.0050579640083014,0.0172076858580112,0.0115452753379941,-0.0042835129424929,-0.0122914304956793,-0.0342233851552009,0.0094814728945493,-0.0133580928668379,-0.0129145476967096,0.0631163865327835,0.0169491432607173,0.0063517205417156,-0.0014619659632444,0.0088106216862797,-0.0240117032080888,-0.0118718296289444,-0.015901667997241,0.0148594714701175,-0.0021341370884329,-0.0012033969396725,-0.008249326609075,0.0097205247730016,0.0055452962405979,0.0181443523615598,0.0045956349931657,0.0502381920814514,0.0003049198421649,0.02667854167521,-0.0015243670204654,-0.0301854573190212,-0.0051907836459577,0.0131062101572752,0.0159606076776981,-0.0116580510511994,-0.0072506912983953,0.0012970465468242,-0.0161289945244789,-0.0064433645457029,0.0049489587545394,0.0649588331580162,-0.0621730461716651,-0.0077167530544102,0.0180505793541669,-0.0156388953328132,0.015473872423172,0.0022391059901565,0.0342857725918293,-0.0303951688110828,0.0190300457179546,0.0167770888656377,0.0123493922874331,-0.0109170312061905,0.0223147869110107,-0.0259464308619499,-0.0029104275163263,-0.0305154547095298,0.0131348744034767,-0.0093954065814614,0.0069144824519753,0.0090683968737721,-0.0091559281572699,-0.0134200863540172,-0.0034652827307581,-0.0614504031836986,-0.0141987213864922,-0.0150375794619321,0.012639632448554,-0.0604026541113853,-0.0029028239659965,0.0485184974968433,0.0017467649886384,0.0165662858635187,0.0124963764101266,-0.0126394107937812,0.0068886820226907,0.0239816959947347,0.0057011670432984,-0.0270370207726955,-0.1043083518743515,0.0305343214422464,-0.0579113885760307,-0.0183589272201061,0.0040308674797415,0.031298354268074,0.0424891412258148,-0.0148458806797862,-0.0179717410355806,-0.0373763442039489,0.0183006357401609,-0.0061907563358545,0.0150834182277321,-0.0317348912358284,0.0009484883630648,0.0017662008758634,-0.0113708339631557,-0.0187175367027521,0.0031949004624038,-0.0034542444627732,0.0194267109036445,-0.0239379331469535,-0.0465478897094726,0.0147109236568212,0.1519855260848999,0.0032632397487759,0.1761733229964921,0.0172793856935478,0.1548736110858171,0.0290070914534437,0.1855595458911894,0.0139244830814118,0.2194945147162339,0.0821275084800685,0.0999999508266233,0.256014495790434,0.1018050413755011,-0.0533698073271018,2019-02-08,2019-02-11,2019-02-12,2019-02-13,2019-02-14,2019-02-15,2019-02-19,2019-02-20,2019-02-21,2019-02-22,86949.0,2019-02-07,252.0,0.1084%,-0.001,1.2316,0.4135,0.3323,2.9067%,3.1789%,16.3878%,0.011751,SKX,86949.0,2019-02-08,252.0,15.1986%,-0.0005,1.2055,0.3627,0.1892,3.0616%,3.3205%,14.9834%,0.152863,SKX,86949.0,2019-02-11,252.0,2.0997%,-0.0003,1.1728,0.4166,0.2013,3.0584%,3.2956%,13.8808%,0.01638,SKX,86949.0,2019-02-12,252.0,-1.8109%,-0.0007,1.1185,0.4615,0.1656,3.0399%,3.2628%,13.1964%,-0.0339,SKX,86949.0,2019-02-13,252.0,1.7193%,-0.0005,1.1381,0.4342,0.1642,3.0317%,3.2607%,13.5524%,0.013568,SKX,86949.0,2019-02-14,252.0,0.9219%,-0.0005,1.1356,0.44,0.158,3.0325%,3.2611%,13.5335%,0.010204,SKX,86949.0,2019-02-15,252.0,0.4568%,-0.0005,1.1401,0.443,0.164,3.0319%,3.2611%,13.5608%,-0.010222,SKX,86949.0,2019-02-19,252.0,1.9400%,-0.0003,1.1541,0.4377,0.1568,3.0258%,3.2604%,13.8719%,0.015357,SKX,86949.0,2019-02-20,252.0,0.2973%,-0.0002,1.1547,0.443,0.16,3.0253%,3.2602%,13.8894%,-0.001144,SKX,86949.0,2019-02-21,252.0,-0.3558%,-0.0002,1.1528,0.4395,0.1565,3.0252%,3.2591%,13.8405%,0.0012929999999999,SKX,86949.0,2019-02-22,252.0,0.5058%,-0.0003,1.1536,0.4267,0.1547,3.0247%,3.2589%,13.8582%,-0.002651,SKX,0.164614,0.180994,0.147094,0.170866,0.173499
37707,U S SILICA HOLDINGS INC,US Silica Reports SandBox Unit Filed Notice To Appeal Suit Against Proppant Express Related To 'fundamental issues directly to the Federal Circuit Court to enforce its intellectual property rights',6,uncertain,0.6,0.3,"the appeal indicates ongoing legal challenges that could impact future operations, but the outcome is uncertain and may not have an immediate effect on stock price.",1,2019-02-07,SLCA,2019-02-07 22:40:00+00:00,13253.0,90346E10,-0.0405694395303726,1593568.0,-0.0304154194891452,-0.0370116494596004,0.0374904908239841,0.0006858867709524,0.0221238359808921,0.0392017252743244,0.0252525527030229,0.0408012010157108,0.0140745816752314,-0.0044313455000519,0.0020818691700696,0.0104477871209383,0.0560942143201828,-0.0096082864329218,0.0459016263484954,-0.0363248027861118,-0.0394984409213066,0.0469798743724823,-0.0052219270728528,0.0213251896202564,-0.0131233474239707,-0.0172155350446701,0.001994663150981,-0.0395399145781993,0.022561389952898,0.0435108728706836,-0.0330954082310199,0.0060377302579581,-0.0147650549188256,0.020801268517971,0.0367847383022308,0.0244672037661075,-0.0229960829019546,0.0168539360165596,-0.0524545907974243,0.0138323903083801,-0.0248403381556272,-0.0024350432213395,-0.0203784387558698,0.0639032647013664,0.0594353787600994,-0.0429752431809902,0.0624122992157936,0.0271647423505783,0.0199670456349849,0.0546105317771434,0.0103963511064648,-0.0071111042052507,-0.0006431015208363,0.1051080226898193,0.0765765532851219,-0.0432330854237079,-0.0364613682031631,0.023076994344592,0.0248138699680566,-0.0519599467515945,0.0278449803590774,0.1058467924594879,-0.0565370507538318,-0.0312499701976776,0.0212234798818826,-0.0733032077550888,0.0293398238718509,0.0288640987128019,-0.0065321028232574,-0.0037105716764926,0.0286909472197294,-0.0451727397739887,0.0087159518152475,-0.001768387039192,-0.0063364403322339,-0.0113635631278157,-0.0521738901734352,-0.043053314089775,-0.0207951162010431,0.0238501448184251,0.0212367363274097,-0.0297521147876977,0.0354740023612976,-0.0735068917274475,0.0336680263280868,-0.0453216284513473,-0.0154285980388522,-0.0108459591865539,0.0162507649511098,-0.0260563306510448,-0.0091376267373561,0.0007047377876006,0.0293948259204626,-0.032060045748949,-0.0313550606369972,-0.0161073673516511,0.0254335571080446,0.026877973228693,-0.0005637107533402,0.0423850677907466,0.0,-0.0575491115450859,0.0355330556631088,-0.0186046324670314,-0.0163399316370487,0.0019973190501332,-0.0487264208495616,-0.0408684164285659,-0.0488940700888633,0.010974827222526,0.0091799031943082,0.0164042003452777,0.0054578627459704,0.0785562396049499,-0.0458383746445179,0.0860876142978668,-0.0707964524626731,-0.017371566966176,-0.0605441778898239,-0.0676056370139122,0.0528602115809917,-0.0186593271791935,-0.0075653134845197,-0.0027567169163376,-0.0304154194891452,-0.0370116494596004,0.0059347823295734,-0.0363511484893834,0.0281899184613074,0.001425549048454,0.0689911199024146,0.0376661896132364,0.130563816302589,0.0700685490892625,0.1932536707070413,0.3720703681696955,0.0748221185782775,-0.0264121848683911,2019-02-08,2019-02-11,2019-02-12,2019-02-13,2019-02-14,2019-02-15,2019-02-19,2019-02-20,2019-02-21,2019-02-22,13253.0,2019-02-07,252.0,-4.0569%,-0.0025,1.6217,1.4303,1.6051,2.9469%,3.3962%,24.7070%,-0.030105,SLCA,13253.0,2019-02-08,252.0,-3.0415%,-0.0023,1.6233,1.4893,1.6509,2.9250%,3.3832%,25.2525%,-0.021615,SLCA,13253.0,2019-02-11,252.0,3.7490%,-0.0022,1.617,1.5276,1.6683,2.9283%,3.3796%,24.9260%,0.0214909999999999,SLCA,13253.0,2019-02-12,252.0,2.2124%,-0.0021,1.62,1.5271,1.67,2.9284%,3.3818%,25.0165%,0.0025629999999999,SLCA,13253.0,2019-02-13,252.0,2.5253%,-0.0021,1.621,1.5339,1.6762,2.9312%,3.3850%,25.0142%,0.018531,SLCA,13253.0,2019-02-14,252.0,1.4075%,-0.002,1.6167,1.5457,1.6621,2.9336%,3.3862%,24.9473%,0.019124,SLCA,13253.0,2019-02-15,252.0,0.2082%,-0.002,1.6095,1.5365,1.6468,2.9372%,3.3828%,24.6101%,-0.028129,SLCA,13253.0,2019-02-19,252.0,5.6094%,-0.0019,1.615,1.5698,1.6839,2.9501%,3.4005%,24.7355%,0.04354,SLCA,13253.0,2019-02-20,252.0,4.5902%,-0.0019,1.6206,1.5664,1.6994,2.9484%,3.4023%,24.9004%,0.030018,SLCA,13253.0,2019-02-21,252.0,-3.9498%,-0.002,1.6254,1.5704,1.7084,2.9531%,3.4073%,24.8832%,-0.028597,SLCA,13253.0,2019-02-22,252.0,-0.5222%,-0.0012,1.6151,1.8288,1.8218,2.6956%,3.2116%,29.5559%,0.0005899999999999,SLCA,-0.05172,-0.030229,-0.027666,0.0099889999999999,0.0274109999999999
37715,SANOFI,Sanofi Sees FY19 Business EPS Growth 3-5% Year Over Year,6,increase,0.7,0.5,"the projected growth in business eps indicates positive financial performance, which is likely to boost investor confidence and increase the stock price.",2,2019-02-07,SNY,2019-02-07 13:13:00+00:00,89475.0,80105N10,-0.0202811956405639,1441903.0,0.0030581292230635,-0.0048164930194616,-0.0072701117023825,-0.0034286063164472,0.0092133088037371,0.0113268997520208,-0.0257491171360015,-0.0043728984892368,-0.0014415560290217,0.0099953580647706,0.0238209292292594,0.0089118452742695,-0.0077555351890623,0.0171756017953157,-0.001657974673435,0.0035910392180085,-0.0194543227553367,0.0133430184796452,-0.00362936174497,-0.009610709734261,-0.008499233983457,0.0031332187354564,0.0134704681113362,0.0002411315363133,-0.0016916310414671,-0.013555284589529,0.0070200217887759,-0.0037905673962086,0.0132212275639176,-0.0007102886447682,0.008303640410304,0.0141656696796417,0.0145882098004221,-0.0186144467443227,0.004406364634633,-0.0091058416292071,-0.0080813271924853,0.0018713878234848,-0.0011638556607067,-0.0004676281823776,0.0132836094126105,0.0130269825458526,0.0016099285567179,-0.0140121085569262,0.0123995617032051,0.0089538423344492,0.0054434491321444,-0.0097993928939104,0.0171441081911325,-0.0126698743551969,-0.0039920229464769,0.0107101062312722,0.005121343769133,0.0072702011093497,0.0059814015403389,0.0049493066035211,0.0004404417122714,0.0229026228189468,-0.0257539507001638,-0.0198487751185894,-0.0070040118880569,-0.0205970704555511,0.0054607023485004,-0.0039189020171761,-0.0090517699718475,0.0039343205280601,0.0107329841703176,-0.0084901954978704,0.0004518856294453,-0.0106696346774697,0.0004516815242823,-0.0187124125659465,-0.003385952906683,-0.0057586296461522,-0.0009060229640454,0.0187274776399135,0.000680090219248,0.0033960049040615,-0.0033982263412326,0.0158693343400955,0.0054557365365326,-0.0052619432099163,-0.0042956960387527,-0.0097417375072836,-0.0047683715820312,-0.0092031396925449,-0.0120922327041626,-0.0176405571401119,-0.0159353036433458,0.0066592507064342,0.0004693841328844,-0.010976948775351,-0.020642764866352,0.019471775740385,-0.0158083792775869,-0.001787265879102,0.0053541306406259,-0.0035618846304714,0.0009682183153927,0.0033504066523164,0.0087061822414398,0.0022386901546269,-0.0055142543278634,-0.0060080210678279,-0.0065091722644865,-0.0035476686898618,0.0342149920761585,0.0118913790211081,0.0171280987560749,-0.0113132679834961,0.0087658846750855,0.0040089152753353,-0.0073176240548491,0.0065008047968149,-0.0011517907259985,-0.0214959327131509,0.0073800664395093,0.0135615970939397,-0.0061813290230929,-0.0077212061733007,0.0030581292230635,-0.0048164930194616,-0.0042342154203709,-0.0082285854775192,0.0049400822491567,0.0030051099116967,-0.0223476129127617,0.0086006255606423,-0.0312867127287245,0.042527641793991,0.0411667828091144,0.0252835442373609,0.0211715219357404,-0.0427973205351599,2019-02-08,2019-02-11,2019-02-12,2019-02-13,2019-02-14,2019-02-15,2019-02-19,2019-02-20,2019-02-21,2019-02-22,89475.0,2019-02-07,252.0,-2.0281%,0.0001,0.519,-0.0441,-0.1151,1.0277%,1.1890%,25.2837%,-0.015199,SNY,89475.0,2019-02-08,252.0,0.3058%,0.0003,0.5177,-0.0091,-0.0977,0.9982%,1.1603%,25.9907%,0.001719,SNY,89475.0,2019-02-11,252.0,-0.7270%,0.0003,0.5125,-0.0151,-0.1037,0.9993%,1.1526%,24.8278%,-0.00781,SNY,89475.0,2019-02-12,252.0,0.9213%,0.0004,0.5254,-0.0304,-0.0944,0.9909%,1.1506%,25.8389%,0.00197,SNY,89475.0,2019-02-13,252.0,-2.5749%,0.0002,0.5177,-0.0286,-0.1007,1.0048%,1.1586%,24.7888%,-0.0272359999999999,SNY,89475.0,2019-02-14,252.0,-0.1442%,0.0003,0.5184,-0.0289,-0.1011,1.0039%,1.1582%,24.8745%,-0.00089,SNY,89475.0,2019-02-15,252.0,2.3821%,0.0003,0.5271,-0.0192,-0.0844,1.0100%,1.1653%,24.8857%,0.01842,SNY,89475.0,2019-02-19,252.0,-0.7756%,0.0003,0.5287,-0.0294,-0.096,1.0092%,1.1662%,25.1198%,-0.008548,SNY,89475.0,2019-02-20,252.0,-0.1658%,0.0003,0.5276,-0.0338,-0.1005,1.0089%,1.1660%,25.1316%,-0.00217,SNY,89475.0,2019-02-21,252.0,-1.9454%,0.0003,0.5295,-0.034,-0.097,1.0146%,1.1713%,24.9674%,-0.017857,SNY,89475.0,2019-02-22,252.0,-0.3629%,0.0002,0.5308,-0.038,-0.0846,1.0159%,1.1715%,24.7936%,-0.008409,SNY,-0.01348,-0.02129,-0.01932,-0.047446,-0.06601
37723,SANOFI,"Sanofi Q4 Business EPS €1.10, IFRS EPS €0.20, Sales €8.997B",6,uncertain,0.6,0.3,"while the business eps is strong, the significant difference between business and ifrs eps may raise concerns among investors, leading to uncertainty in stock price movement.",1,2019-02-07,SNY,2019-02-07 13:12:00+00:00,89475.0,80105N10,-0.0202811956405639,1441903.0,0.0030581292230635,-0.0048164930194616,-0.0072701117023825,-0.0034286063164472,0.0092133088037371,0.0113268997520208,-0.0257491171360015,-0.0043728984892368,-0.0014415560290217,0.0099953580647706,0.0238209292292594,0.0089118452742695,-0.0077555351890623,0.0171756017953157,-0.001657974673435,0.0035910392180085,-0.0194543227553367,0.0133430184796452,-0.00362936174497,-0.009610709734261,-0.008499233983457,0.0031332187354564,0.0134704681113362,0.0002411315363133,-0.0016916310414671,-0.013555284589529,0.0070200217887759,-0.0037905673962086,0.0132212275639176,-0.0007102886447682,0.008303640410304,0.0141656696796417,0.0145882098004221,-0.0186144467443227,0.004406364634633,-0.0091058416292071,-0.0080813271924853,0.0018713878234848,-0.0011638556607067,-0.0004676281823776,0.0132836094126105,0.0130269825458526,0.0016099285567179,-0.0140121085569262,0.0123995617032051,0.0089538423344492,0.0054434491321444,-0.0097993928939104,0.0171441081911325,-0.0126698743551969,-0.0039920229464769,0.0107101062312722,0.005121343769133,0.0072702011093497,0.0059814015403389,0.0049493066035211,0.0004404417122714,0.0229026228189468,-0.0257539507001638,-0.0198487751185894,-0.0070040118880569,-0.0205970704555511,0.0054607023485004,-0.0039189020171761,-0.0090517699718475,0.0039343205280601,0.0107329841703176,-0.0084901954978704,0.0004518856294453,-0.0106696346774697,0.0004516815242823,-0.0187124125659465,-0.003385952906683,-0.0057586296461522,-0.0009060229640454,0.0187274776399135,0.000680090219248,0.0033960049040615,-0.0033982263412326,0.0158693343400955,0.0054557365365326,-0.0052619432099163,-0.0042956960387527,-0.0097417375072836,-0.0047683715820312,-0.0092031396925449,-0.0120922327041626,-0.0176405571401119,-0.0159353036433458,0.0066592507064342,0.0004693841328844,-0.010976948775351,-0.020642764866352,0.019471775740385,-0.0158083792775869,-0.001787265879102,0.0053541306406259,-0.0035618846304714,0.0009682183153927,0.0033504066523164,0.0087061822414398,0.0022386901546269,-0.0055142543278634,-0.0060080210678279,-0.0065091722644865,-0.0035476686898618,0.0342149920761585,0.0118913790211081,0.0171280987560749,-0.0113132679834961,0.0087658846750855,0.0040089152753353,-0.0073176240548491,0.0065008047968149,-0.0011517907259985,-0.0214959327131509,0.0073800664395093,0.0135615970939397,-0.0061813290230929,-0.0077212061733007,0.0030581292230635,-0.0048164930194616,-0.0042342154203709,-0.0082285854775192,0.0049400822491567,0.0030051099116967,-0.0223476129127617,0.0086006255606423,-0.0312867127287245,0.042527641793991,0.0411667828091144,0.0252835442373609,0.0211715219357404,-0.0427973205351599,2019-02-08,2019-02-11,2019-02-12,2019-02-13,2019-02-14,2019-02-15,2019-02-19,2019-02-20,2019-02-21,2019-02-22,89475.0,2019-02-07,252.0,-2.0281%,0.0001,0.519,-0.0441,-0.1151,1.0277%,1.1890%,25.2837%,-0.015199,SNY,89475.0,2019-02-08,252.0,0.3058%,0.0003,0.5177,-0.0091,-0.0977,0.9982%,1.1603%,25.9907%,0.001719,SNY,89475.0,2019-02-11,252.0,-0.7270%,0.0003,0.5125,-0.0151,-0.1037,0.9993%,1.1526%,24.8278%,-0.00781,SNY,89475.0,2019-02-12,252.0,0.9213%,0.0004,0.5254,-0.0304,-0.0944,0.9909%,1.1506%,25.8389%,0.00197,SNY,89475.0,2019-02-13,252.0,-2.5749%,0.0002,0.5177,-0.0286,-0.1007,1.0048%,1.1586%,24.7888%,-0.0272359999999999,SNY,89475.0,2019-02-14,252.0,-0.1442%,0.0003,0.5184,-0.0289,-0.1011,1.0039%,1.1582%,24.8745%,-0.00089,SNY,89475.0,2019-02-15,252.0,2.3821%,0.0003,0.5271,-0.0192,-0.0844,1.0100%,1.1653%,24.8857%,0.01842,SNY,89475.0,2019-02-19,252.0,-0.7756%,0.0003,0.5287,-0.0294,-0.096,1.0092%,1.1662%,25.1198%,-0.008548,SNY,89475.0,2019-02-20,252.0,-0.1658%,0.0003,0.5276,-0.0338,-0.1005,1.0089%,1.1660%,25.1316%,-0.00217,SNY,89475.0,2019-02-21,252.0,-1.9454%,0.0003,0.5295,-0.034,-0.097,1.0146%,1.1713%,24.9674%,-0.017857,SNY,89475.0,2019-02-22,252.0,-0.3629%,0.0002,0.5308,-0.038,-0.0846,1.0159%,1.1715%,24.7936%,-0.008409,SNY,-0.01348,-0.02129,-0.01932,-0.047446,-0.06601
37731,SPECTRUM BRANDS HOLDINGS INC NEW,Spectrum Brands Sees FY19 Adj. EBITDA $560M-$580M,6,uncertain,0.6,0.3,the forecasted adjusted ebitda range may be viewed positively or negatively by investors depending on their expectations and the context of previous performance.,1,2019-02-07,SPB,2019-02-07 11:33:00+00:00,38295.0,84790A10,-0.1767263859510422,2661996.0,-0.0088739059865474,0.0012191486312076,-0.0002131383807864,-0.0074330219067633,0.0492536760866642,0.021362978965044,0.045112807303667,0.0136005422100424,0.0373322591185569,0.0193360336124897,0.0247422978281974,0.0086476765573024,0.0084792459383606,0.0128587149083614,0.0135258948430419,-0.0057439571246504,0.0091974446550011,0.0069030364975333,-0.0582558661699295,0.0170777551829814,0.0140417050570249,-0.0121836503967642,0.0067365383729338,-0.0338645912706852,0.0065056188032031,0.0277312807738781,0.0003692824102472,0.0203190222382545,0.0193834789097309,0.0132768638432025,-0.0135820349678397,0.0083430400118231,0.0187259130179882,0.0111830430105328,-0.0023427836131304,-0.0025439776945859,-0.0146315274760127,0.0049164211377501,0.018881807103753,0.0441477969288826,0.0133141027763485,0.0198953039944171,-0.0017755411099642,0.0172561015933752,-0.0124510983005166,0.0477678440511226,-0.0005403238465078,0.031782615929842,0.0165795311331749,0.0276922639459371,-0.0008863541297614,-0.0098429387435317,0.0012420101556926,0.0009382383432239,-0.0269360356032848,0.0101895807310938,0.0271353423595428,0.0124760186299681,-0.0156028550118207,-0.0165172424167394,-0.0086455252021551,-0.0095816738903522,0.0059956032782793,-0.0156429782509803,-0.0070435144007205,-0.0176270902156829,-0.0045471079647541,0.00682592112571,0.0009135617874562,-0.0282997749745845,0.0496531799435615,-0.0061524673365056,-0.0165217518806457,-0.0256904475390911,-0.0061891861259937,-0.0223943013697862,0.0133451959118247,0.0220320597290992,0.0075504882261157,-0.0128800803795456,0.0055768508464097,0.0008453279151581,-0.003292936598882,-0.0069255367852747,0.0045209899544715,-0.0408614873886108,-0.002942738123238,0.0060753184370696,0.0093750162050127,-0.0056383162736892,0.0194358639419078,0.004653035197407,0.0165344960987567,-0.0066317929886281,0.0129460375756025,-0.0233562793582677,0.0147468708455562,-0.0009723341208882,-0.0177619643509388,0.0259377341717481,0.0120006492361426,0.0176649522036314,-0.0024366718716919,0.024974001571536,-0.0195408035069704,-0.1903959512710571,0.0184354856610298,0.0133173773065209,0.0216895285993814,-0.0937644690275192,-0.0172386560589075,0.0081110065802931,-0.0235504433512687,-0.0041937972418963,0.0044910255819559,-0.0223234817385673,0.0301374346017837,-0.0052869864739477,0.000160780196893,-0.007645062636584,-0.0088739059865474,0.0012191486312076,-0.0090851529973806,-0.006222935234039,0.0397210459063528,0.0150071032964993,0.127191976324819,0.0487048888321031,0.1220789919441924,0.0908918567980683,0.1821219205586661,0.3565361103217741,0.3247771384547491,-0.1311060675751227,2019-02-08,2019-02-11,2019-02-12,2019-02-13,2019-02-14,2019-02-15,2019-02-19,2019-02-20,2019-02-21,2019-02-22,38295.0,2019-02-07,252.0,-17.6726%,-0.0026,0.8774,1.2616,0.5656,3.0241%,3.2006%,10.7251%,-0.169798,SPB,38295.0,2019-02-08,252.0,-0.8874%,-0.0026,0.8778,1.2697,0.5728,3.0238%,3.2007%,10.7535%,-0.006492,SPB,38295.0,2019-02-11,252.0,-0.0213%,-0.0027,0.9018,1.2352,0.5667,3.0216%,3.2008%,10.8810%,-0.01124,SPB,38295.0,2019-02-12,252.0,4.9254%,-0.0024,0.9467,1.2073,0.5946,3.0213%,3.2101%,11.4166%,0.037606,SPB,38295.0,2019-02-13,252.0,4.5113%,-0.002,0.978,1.172,0.599,3.0144%,3.2094%,11.7834%,0.041222,SPB,38295.0,2019-02-14,252.0,3.7332%,-0.0019,0.968,1.1926,0.5781,3.0229%,3.2172%,11.7158%,0.036665,SPB,38295.0,2019-02-15,252.0,2.4742%,-0.002,0.9615,1.1878,0.569,3.0219%,3.2134%,11.5663%,0.007948,SPB,38295.0,2019-02-19,252.0,0.8479%,-0.0018,0.9709,1.1775,0.5566,3.0168%,3.2112%,11.7422%,0.001401,SPB,38295.0,2019-02-20,252.0,1.3526%,-0.0018,0.9737,1.1867,0.5673,3.0168%,3.2126%,11.8151%,0.005929,SPB,38295.0,2019-02-21,252.0,0.9197%,-0.0017,0.9715,1.1858,0.5631,3.0185%,3.2130%,11.7385%,0.014836,SPB,38295.0,2019-02-22,252.0,-5.8256%,-0.0018,0.979,1.2091,0.6736,3.0376%,3.2302%,11.5668%,-0.062915,SPB,-0.17629,-0.18753,-0.149924,-0.0720369999999999,-0.1048379999999999
37739,SPECTRUM BRANDS HOLDINGS INC NEW,"Spectrum Brands Holdings Q1 EPS $(0.20) Down From $0.68 YoY, Sales $874.6M Miss $911.01M Estimate",6,decrease,0.85,0.7,"the significant drop in eps and sales missing estimates typically signals poor financial performance, likely leading to a decrease in stock price.",0,2019-02-07,SPB,2019-02-07 11:32:00+00:00,38295.0,84790A10,-0.1767263859510422,2661996.0,-0.0088739059865474,0.0012191486312076,-0.0002131383807864,-0.0074330219067633,0.0492536760866642,0.021362978965044,0.045112807303667,0.0136005422100424,0.0373322591185569,0.0193360336124897,0.0247422978281974,0.0086476765573024,0.0084792459383606,0.0128587149083614,0.0135258948430419,-0.0057439571246504,0.0091974446550011,0.0069030364975333,-0.0582558661699295,0.0170777551829814,0.0140417050570249,-0.0121836503967642,0.0067365383729338,-0.0338645912706852,0.0065056188032031,0.0277312807738781,0.0003692824102472,0.0203190222382545,0.0193834789097309,0.0132768638432025,-0.0135820349678397,0.0083430400118231,0.0187259130179882,0.0111830430105328,-0.0023427836131304,-0.0025439776945859,-0.0146315274760127,0.0049164211377501,0.018881807103753,0.0441477969288826,0.0133141027763485,0.0198953039944171,-0.0017755411099642,0.0172561015933752,-0.0124510983005166,0.0477678440511226,-0.0005403238465078,0.031782615929842,0.0165795311331749,0.0276922639459371,-0.0008863541297614,-0.0098429387435317,0.0012420101556926,0.0009382383432239,-0.0269360356032848,0.0101895807310938,0.0271353423595428,0.0124760186299681,-0.0156028550118207,-0.0165172424167394,-0.0086455252021551,-0.0095816738903522,0.0059956032782793,-0.0156429782509803,-0.0070435144007205,-0.0176270902156829,-0.0045471079647541,0.00682592112571,0.0009135617874562,-0.0282997749745845,0.0496531799435615,-0.0061524673365056,-0.0165217518806457,-0.0256904475390911,-0.0061891861259937,-0.0223943013697862,0.0133451959118247,0.0220320597290992,0.0075504882261157,-0.0128800803795456,0.0055768508464097,0.0008453279151581,-0.003292936598882,-0.0069255367852747,0.0045209899544715,-0.0408614873886108,-0.002942738123238,0.0060753184370696,0.0093750162050127,-0.0056383162736892,0.0194358639419078,0.004653035197407,0.0165344960987567,-0.0066317929886281,0.0129460375756025,-0.0233562793582677,0.0147468708455562,-0.0009723341208882,-0.0177619643509388,0.0259377341717481,0.0120006492361426,0.0176649522036314,-0.0024366718716919,0.024974001571536,-0.0195408035069704,-0.1903959512710571,0.0184354856610298,0.0133173773065209,0.0216895285993814,-0.0937644690275192,-0.0172386560589075,0.0081110065802931,-0.0235504433512687,-0.0041937972418963,0.0044910255819559,-0.0223234817385673,0.0301374346017837,-0.0052869864739477,0.000160780196893,-0.007645062636584,-0.0088739059865474,0.0012191486312076,-0.0090851529973806,-0.006222935234039,0.0397210459063528,0.0150071032964993,0.127191976324819,0.0487048888321031,0.1220789919441924,0.0908918567980683,0.1821219205586661,0.3565361103217741,0.3247771384547491,-0.1311060675751227,2019-02-08,2019-02-11,2019-02-12,2019-02-13,2019-02-14,2019-02-15,2019-02-19,2019-02-20,2019-02-21,2019-02-22,38295.0,2019-02-07,252.0,-17.6726%,-0.0026,0.8774,1.2616,0.5656,3.0241%,3.2006%,10.7251%,-0.169798,SPB,38295.0,2019-02-08,252.0,-0.8874%,-0.0026,0.8778,1.2697,0.5728,3.0238%,3.2007%,10.7535%,-0.006492,SPB,38295.0,2019-02-11,252.0,-0.0213%,-0.0027,0.9018,1.2352,0.5667,3.0216%,3.2008%,10.8810%,-0.01124,SPB,38295.0,2019-02-12,252.0,4.9254%,-0.0024,0.9467,1.2073,0.5946,3.0213%,3.2101%,11.4166%,0.037606,SPB,38295.0,2019-02-13,252.0,4.5113%,-0.002,0.978,1.172,0.599,3.0144%,3.2094%,11.7834%,0.041222,SPB,38295.0,2019-02-14,252.0,3.7332%,-0.0019,0.968,1.1926,0.5781,3.0229%,3.2172%,11.7158%,0.036665,SPB,38295.0,2019-02-15,252.0,2.4742%,-0.002,0.9615,1.1878,0.569,3.0219%,3.2134%,11.5663%,0.007948,SPB,38295.0,2019-02-19,252.0,0.8479%,-0.0018,0.9709,1.1775,0.5566,3.0168%,3.2112%,11.7422%,0.001401,SPB,38295.0,2019-02-20,252.0,1.3526%,-0.0018,0.9737,1.1867,0.5673,3.0168%,3.2126%,11.8151%,0.005929,SPB,38295.0,2019-02-21,252.0,0.9197%,-0.0017,0.9715,1.1858,0.5631,3.0185%,3.2130%,11.7385%,0.014836,SPB,38295.0,2019-02-22,252.0,-5.8256%,-0.0018,0.979,1.2091,0.6736,3.0376%,3.2302%,11.5668%,-0.062915,SPB,-0.17629,-0.18753,-0.149924,-0.0720369999999999,-0.1048379999999999
37747,SUBURBAN PROPANE PARTNERS LP,"Suburban Propane Partners Q1 EPS $0.45 Down From $0.61 YoY, Sales $377.1M Miss $403.46M Estimate",6,decrease,0.8,0.7,"the decline in eps and sales missing estimates typically signals weaker financial performance, which is likely to negatively impact investor sentiment and lead to a decrease in stock price.",0,2019-02-07,SPH,2019-02-07 12:41:00+00:00,82860.0,86448210,-0.031374242156744,575793.0,-0.0009124296484515,-0.000883022439666,-0.0022830702364444,0.0134227843955159,-0.0013730290811508,-0.0183917358517646,0.0096242437139153,0.0077585512772202,0.0077167530544102,0.0086956853047013,-0.0013513822341337,0.0,-0.0027063358575105,0.0,0.0058796545490622,-0.0004346036002971,0.0161870773881673,0.0061215297318995,-0.0017699520103633,0.0119469230994582,-0.0004432725545484,0.0053381156176328,-0.007538806181401,0.0004450480337254,-0.0424485653638839,0.0089806402102112,0.0130657386034727,0.0022502765059471,-0.0064486134797334,0.0018033817177638,-0.0046360865235328,0.0151029713451862,0.0041919029317796,0.016279088333249,-0.0023190742358565,0.0009311200119554,0.0083682145923376,-0.0009302538237534,-0.0009221049840562,0.0093897078186273,-0.0101522523909807,0.0319767370820045,0.016316944733262,0.0217821095138788,0.0073394426144659,0.0300866980105638,0.0040983678773045,0.0092640398070216,0.0317460671067237,0.008303053677082,-0.0026373390574008,-0.0041343630291521,0.0004407328669913,0.0168155375868082,-0.0070484513416886,-0.0109147131443023,0.0070984843187034,0.0057501629926264,-0.0039647640660405,-0.0264631286263465,-0.0070765078999102,-0.03010861761868,-0.0048998044803738,-0.0207830015569925,-0.0013429134851321,-0.013822641223669,-0.0004482397635001,-0.0250929780304431,0.0049327630549669,-0.0041647455655038,0.0026773524004966,0.0023191627115011,0.0124610904604196,0.0126819415017962,0.0083516715094447,0.0023541029077023,-0.0074106394313275,-0.0162112265825271,0.0070267827250063,-0.0078125037252902,-0.0030527559574693,-0.0140461921691894,-0.0034995591267943,-0.0125279948115348,0.0026338659226894,-0.0128091434016823,0.0100700324401259,-0.0308219697326421,-0.002167283790186,0.005163547117263,0.0052128117531538,0.0091185010969638,-0.005185779184103,-0.0081825423985719,-0.001303244382143,-0.0055674975737929,0.0052196974866092,0.0090752374380826,0.0047597880475223,-0.0077187097631394,-0.0055985860526561,0.0064738723449409,0.0043308958411216,-0.0021532832179218,0.0008623781614005,-0.0051414240151643,0.0030160106252878,0.0130207994952797,-0.0030069416388869,0.0149779794737696,0.005170221440494,0.0075454981997609,0.0077154012396931,-0.0039787865243852,-0.001276081893593,-0.0039629349485039,0.0004259041452314,0.0111309001222252,-0.0025542709045112,-0.0022212858311831,-0.0009124296484515,-0.000883022439666,-0.0031934167439227,0.0125279093360257,-0.0045620611710159,-0.0060942365150219,0.0127737540066039,0.0103267788245471,0.0291970520468292,0.0282086517751587,0.0314781254718892,0.182570808775067,0.068886854854405,0.0323196671120751,2019-02-08,2019-02-11,2019-02-12,2019-02-13,2019-02-14,2019-02-15,2019-02-19,2019-02-20,2019-02-21,2019-02-22,82860.0,2019-02-07,252.0,-3.1374%,-0.0,0.2202,0.3089,0.2301,0.9743%,1.0068%,6.3490%,-0.0300269999999999,SPH,82860.0,2019-02-08,252.0,-0.0912%,0.0,0.2199,0.3167,0.2341,0.9728%,1.0057%,6.4508%,0.000223,SPH,82860.0,2019-02-11,252.0,-0.2283%,0.0,0.2034,0.3252,0.23,0.9704%,1.0008%,5.9843%,-0.005319,SPH,82860.0,2019-02-12,252.0,-0.1373%,-0.0001,0.1896,0.3399,0.2204,0.9624%,0.9919%,5.8564%,-0.003913,SPH,82860.0,2019-02-13,252.0,0.9624%,-0.0001,0.1823,0.3558,0.2253,0.9566%,0.9864%,5.9425%,0.008635,SPH,82860.0,2019-02-14,252.0,0.7717%,-0.0001,0.1799,0.3595,0.2223,0.9559%,0.9856%,5.9383%,0.007456,SPH,82860.0,2019-02-15,252.0,-0.1351%,-0.0001,0.1822,0.3611,0.2253,0.9554%,0.9855%,6.0124%,-0.00545,SPH,82860.0,2019-02-19,252.0,-0.2706%,-0.0001,0.1848,0.3531,0.2161,0.9532%,0.9832%,6.0097%,-0.004875,SPH,82860.0,2019-02-20,252.0,0.5880%,-0.0,0.187,0.3636,0.2254,0.9500%,0.9814%,6.2949%,0.003463,SPH,82860.0,2019-02-21,252.0,1.6187%,0.0001,0.1779,0.3489,0.2085,0.9521%,0.9807%,5.7293%,0.017552,SPH,82860.0,2019-02-22,252.0,-0.1770%,0.0001,0.1776,0.3632,0.2183,0.9497%,0.9793%,5.9507%,-0.00188,SPH,-0.0298039999999999,-0.035123,-0.039036,-0.022945,-0.0141349999999999
37755,CONSTELLATION BRANDS INC,Canopy Growth To Expand Investment In US Hemp Industry,6,increase,0.7,0.6,"constellation brands inc. has a significant investment in canopy growth, and an expansion in the us hemp industry could positively impact their growth prospects and market position.",2,2019-02-07,STZ,2019-02-07 20:43:00+00:00,69796.0,21036P10,0.0102153914049267,1896369.0,0.0067221955396234,-0.0139080127701163,-0.0097591420635581,0.0110526224598288,-0.0048040854744613,-0.0054100858978927,0.0164592396467924,0.0005182329332455,-0.0046346485614776,0.017877047881484,0.0054610078223049,0.0146298352628946,-0.0010862868512049,0.0014889815356582,-0.0442994832992553,0.0065946690738201,-0.0079650366678833,0.0121974013745784,0.0205855946987867,-0.0048312279395759,-0.0112977856770157,0.0052206679247319,0.0135208489373326,0.0035333649720996,-0.0009444758761674,0.0236342810094356,-0.0005317361210472,0.0030022249557077,0.0164341367781162,-0.0040490492247045,-0.007618922740221,-0.0020514847710728,-0.0185196250677108,0.0103636318817734,-0.0084194401279091,-0.0045018820092082,0.009514644742012,0.0595600232481956,-0.008649468421936,-0.1241731122136116,0.0128768235445022,0.0130496192723512,0.0028515162412077,0.0210058819502592,0.0109591027721762,0.031064286828041,-0.0002929980691988,-0.0148743437603116,-0.000937832868658,0.0200222972780466,0.0036961273290216,-0.0125260548666119,-0.0219195690006017,-0.0039143692702054,-0.0163150411099195,0.0004895473830401,0.0291008092463016,0.0412233285605907,0.0008264914504252,-0.0322480946779251,-0.0087890373542904,-0.0281640216708183,0.0218401197344064,-0.0302748065441846,-0.0092598656192421,-0.0030703209340572,0.0139901535585522,-0.0194831453263759,0.0164058078080415,-0.0287968292832374,0.0128899477422237,-0.0074467533268034,-0.0049551757983863,-0.0219567883759737,0.0168637633323669,-0.0108068473637104,0.0654460117220878,0.0078483782708644,0.0096631292253732,-0.006945536006242,-0.0049664080142974,-0.0110633419826626,-0.0075387177057564,-0.0023539098910987,-0.0041384738869965,-0.0355179272592067,0.0056285746395587,0.0125153874978423,-0.0033478024415671,-0.0022935231681913,0.0020469184964895,-0.0253824777901172,-0.0047664134763181,0.0281920544803142,0.0082627618685364,0.008706416003406,0.0376866124570369,0.0065857926383614,0.0335010252892971,-0.0070542730391025,0.0098315440118312,0.0182991065084934,0.0128205306828022,-0.0138062890619039,0.0096126599237322,-0.0159772019833326,0.0,-0.00460901344195,0.0017910521710291,0.0006588864489458,-0.0040933242999017,-0.0116710169240832,0.0019842120818793,-0.011536375619471,-0.0140034947544336,-0.0057106465101242,0.0109028257429599,-0.0077666877768933,-0.0046830191276967,-0.0098186153918504,0.0067221955396234,-0.0139080127701163,-0.0031025493851848,-0.003009110324602,-0.0078917299472109,-0.0084029166771624,0.0037638638703592,0.0098469767519782,-0.0245096023864809,0.0404613627178311,-0.0217976557274646,0.0623381486502974,0.2140834111227338,-0.16667476042575,2019-02-08,2019-02-11,2019-02-12,2019-02-13,2019-02-14,2019-02-15,2019-02-19,2019-02-20,2019-02-21,2019-02-22,69796.0,2019-02-07,252.0,1.0215%,-0.0008,0.6358,-0.0759,-0.1043,1.4957%,1.6607%,18.8780%,0.016456,STZ,69796.0,2019-02-08,252.0,0.6722%,-0.0008,0.6346,-0.0718,-0.1068,1.4957%,1.6603%,18.8403%,0.005368,STZ,69796.0,2019-02-11,252.0,-0.9759%,-0.0008,0.6359,-0.0856,-0.1136,1.4968%,1.6553%,18.2405%,-0.0100279999999999,STZ,69796.0,2019-02-12,252.0,-0.4804%,-0.0009,0.6296,-0.0869,-0.1166,1.4989%,1.6548%,17.9485%,-0.013729,STZ,69796.0,2019-02-13,252.0,1.6459%,-0.0008,0.6299,-0.081,-0.1117,1.5019%,1.6560%,17.7489%,0.01473,STZ,69796.0,2019-02-14,252.0,-0.4635%,-0.0008,0.6305,-0.0826,-0.1099,1.5020%,1.6561%,17.7489%,-0.003639,STZ,69796.0,2019-02-15,252.0,0.5461%,-0.0008,0.635,-0.0785,-0.1026,1.5016%,1.6565%,17.8272%,-0.001029,STZ,69796.0,2019-02-19,252.0,-0.1086%,-0.0008,0.6331,-0.0768,-0.1005,1.5012%,1.6542%,17.6425%,-0.001857,STZ,69796.0,2019-02-20,252.0,-4.4299%,-0.0011,0.6196,-0.1125,-0.1499,1.5240%,1.6749%,17.2051%,-0.044881,STZ,69796.0,2019-02-21,252.0,-0.7965%,-0.0011,0.6188,-0.1153,-0.1514,1.5239%,1.6745%,17.1811%,-0.006196,STZ,69796.0,2019-02-22,252.0,2.0586%,-0.001,0.6159,-0.0963,-0.1688,1.5254%,1.6771%,17.2712%,0.014872,STZ,0.021824,0.011796,-0.0019329999999999,0.009158,-0.029933
37763,CONSTELLATION BRANDS INC,Canopy Growth To Expand Investment In US Hemp Industry,6,increase,0.7,0.6,"constellation brands inc. has a significant investment in canopy growth, and an expansion in the us hemp industry could positively impact canopy's growth prospects, thereby benefiting constellation's stock price.",2,2019-02-07,STZ,2019-02-07 20:43:00+00:00,69796.0,21036P10,0.0102153914049267,1896369.0,0.0067221955396234,-0.0139080127701163,-0.0097591420635581,0.0110526224598288,-0.0048040854744613,-0.0054100858978927,0.0164592396467924,0.0005182329332455,-0.0046346485614776,0.017877047881484,0.0054610078223049,0.0146298352628946,-0.0010862868512049,0.0014889815356582,-0.0442994832992553,0.0065946690738201,-0.0079650366678833,0.0121974013745784,0.0205855946987867,-0.0048312279395759,-0.0112977856770157,0.0052206679247319,0.0135208489373326,0.0035333649720996,-0.0009444758761674,0.0236342810094356,-0.0005317361210472,0.0030022249557077,0.0164341367781162,-0.0040490492247045,-0.007618922740221,-0.0020514847710728,-0.0185196250677108,0.0103636318817734,-0.0084194401279091,-0.0045018820092082,0.009514644742012,0.0595600232481956,-0.008649468421936,-0.1241731122136116,0.0128768235445022,0.0130496192723512,0.0028515162412077,0.0210058819502592,0.0109591027721762,0.031064286828041,-0.0002929980691988,-0.0148743437603116,-0.000937832868658,0.0200222972780466,0.0036961273290216,-0.0125260548666119,-0.0219195690006017,-0.0039143692702054,-0.0163150411099195,0.0004895473830401,0.0291008092463016,0.0412233285605907,0.0008264914504252,-0.0322480946779251,-0.0087890373542904,-0.0281640216708183,0.0218401197344064,-0.0302748065441846,-0.0092598656192421,-0.0030703209340572,0.0139901535585522,-0.0194831453263759,0.0164058078080415,-0.0287968292832374,0.0128899477422237,-0.0074467533268034,-0.0049551757983863,-0.0219567883759737,0.0168637633323669,-0.0108068473637104,0.0654460117220878,0.0078483782708644,0.0096631292253732,-0.006945536006242,-0.0049664080142974,-0.0110633419826626,-0.0075387177057564,-0.0023539098910987,-0.0041384738869965,-0.0355179272592067,0.0056285746395587,0.0125153874978423,-0.0033478024415671,-0.0022935231681913,0.0020469184964895,-0.0253824777901172,-0.0047664134763181,0.0281920544803142,0.0082627618685364,0.008706416003406,0.0376866124570369,0.0065857926383614,0.0335010252892971,-0.0070542730391025,0.0098315440118312,0.0182991065084934,0.0128205306828022,-0.0138062890619039,0.0096126599237322,-0.0159772019833326,0.0,-0.00460901344195,0.0017910521710291,0.0006588864489458,-0.0040933242999017,-0.0116710169240832,0.0019842120818793,-0.011536375619471,-0.0140034947544336,-0.0057106465101242,0.0109028257429599,-0.0077666877768933,-0.0046830191276967,-0.0098186153918504,0.0067221955396234,-0.0139080127701163,-0.0031025493851848,-0.003009110324602,-0.0078917299472109,-0.0084029166771624,0.0037638638703592,0.0098469767519782,-0.0245096023864809,0.0404613627178311,-0.0217976557274646,0.0623381486502974,0.2140834111227338,-0.16667476042575,2019-02-08,2019-02-11,2019-02-12,2019-02-13,2019-02-14,2019-02-15,2019-02-19,2019-02-20,2019-02-21,2019-02-22,69796.0,2019-02-07,252.0,1.0215%,-0.0008,0.6358,-0.0759,-0.1043,1.4957%,1.6607%,18.8780%,0.016456,STZ,69796.0,2019-02-08,252.0,0.6722%,-0.0008,0.6346,-0.0718,-0.1068,1.4957%,1.6603%,18.8403%,0.005368,STZ,69796.0,2019-02-11,252.0,-0.9759%,-0.0008,0.6359,-0.0856,-0.1136,1.4968%,1.6553%,18.2405%,-0.0100279999999999,STZ,69796.0,2019-02-12,252.0,-0.4804%,-0.0009,0.6296,-0.0869,-0.1166,1.4989%,1.6548%,17.9485%,-0.013729,STZ,69796.0,2019-02-13,252.0,1.6459%,-0.0008,0.6299,-0.081,-0.1117,1.5019%,1.6560%,17.7489%,0.01473,STZ,69796.0,2019-02-14,252.0,-0.4635%,-0.0008,0.6305,-0.0826,-0.1099,1.5020%,1.6561%,17.7489%,-0.003639,STZ,69796.0,2019-02-15,252.0,0.5461%,-0.0008,0.635,-0.0785,-0.1026,1.5016%,1.6565%,17.8272%,-0.001029,STZ,69796.0,2019-02-19,252.0,-0.1086%,-0.0008,0.6331,-0.0768,-0.1005,1.5012%,1.6542%,17.6425%,-0.001857,STZ,69796.0,2019-02-20,252.0,-4.4299%,-0.0011,0.6196,-0.1125,-0.1499,1.5240%,1.6749%,17.2051%,-0.044881,STZ,69796.0,2019-02-21,252.0,-0.7965%,-0.0011,0.6188,-0.1153,-0.1514,1.5239%,1.6745%,17.1811%,-0.006196,STZ,69796.0,2019-02-22,252.0,2.0586%,-0.001,0.6159,-0.0963,-0.1688,1.5254%,1.6771%,17.2712%,0.014872,STZ,0.021824,0.011796,-0.0019329999999999,0.009158,-0.029933
37771,SUNCOR ENERGY INC NEW,Macquarie Upgrades Suncor Energy to Outperform,6,increase,0.8,0.6,"upgrades from reputable firms like macquarie typically signal positive sentiment and can lead to increased investor interest, likely boosting the stock price.",2,2019-02-07,SU,2019-02-07 12:09:00+00:00,80070.0,86722410,-0.0174750834703445,4342058.0,-0.0113461799919605,0.0015087277861312,0.0024813278578221,0.0015110074309632,0.0064974962733685,0.0212962534278631,-0.0058407206088304,0.0024753042962402,0.0064934780821204,0.0018599310424178,0.0411674417555332,0.0068663358688354,0.0153437731787562,0.0065975808538496,-0.0031967628747224,-0.0059338081628084,-0.0058309263549745,0.0104133766144514,0.0026393008884042,0.0183161851018667,-0.0070195342414081,-0.0133164254948496,0.0047128084115684,-0.0143749713897705,0.0149515774101018,0.0223642420023679,-0.0046216016635298,0.0182172898203134,0.0017124686855822,-0.0141116268932819,-0.0084795588627457,0.0206219665706157,0.0041285576298832,0.0042734765447676,-0.0120411114767193,-0.0084745837375521,-0.0095124766230583,-0.0006514806882478,-0.020408172160387,0.0267558917403221,0.0119485110044479,0.0067339679226279,0.0051468964666128,0.012960473075509,0.0126505466178059,0.0397162735462188,0.0002975055540446,-0.0024761122185736,0.0038655144162476,0.0107258185744285,0.0159952882677316,0.0097472397610545,0.0014577037654817,0.0047153090126812,0.011062623001635,-0.0010869813850149,-0.0046069636009633,0.0542398802936077,-0.0266126170754432,-0.0205761026591062,-0.0199109055101871,-0.0294118132442235,0.0090963989496231,-0.0340231247246265,-0.0252403896301984,-0.0145178036764264,0.0003083272604271,-0.0078875012695789,-0.0006163468933664,-0.0145319467410445,0.015726126730442,-0.0352135598659515,0.0,-0.0100064389407634,-0.0100181549787521,0.0157376900315284,0.0042931428179144,-0.021180996671319,0.0149618834257125,-0.0111075965687632,0.0114319268614053,0.0240493901073932,-0.0148721002042293,-0.0420298427343368,-0.0006038785795681,-0.0113882031291723,-0.0081569990143179,0.0061938916333019,0.0109654823318123,-0.0072828754782676,-0.0063271797262132,0.0076804915443062,-0.0027289313729852,-0.0006140760960988,0.0106416018679738,0.0003070737584494,-0.0015043035382404,-0.0036719378549605,0.0231997743248939,-0.0273808985948562,0.0067726606503129,0.0444513633847236,-0.0374378114938736,-0.0189082864671945,0.0063810115680098,-0.0123493922874331,-0.0045289164409041,-0.0095465304329991,0.0048528918996453,0.0032924457918852,-0.0039239679463207,0.0270519852638244,-0.014242460951209,-0.0289552602916955,-0.0267445109784603,-0.0041616940870881,0.023057471960783,-0.0137789864093065,-0.0095707802101969,-0.0298634599894285,-0.0113461799919605,0.0015087277861312,-0.0088930057266322,0.0030220149159905,-0.0024532917248314,0.0243826259393673,-0.0018399692023136,0.028828281850004,0.0484513342803407,0.0665166368754905,0.0415173457119451,0.241675991729424,-0.0070764644762845,-0.0481036513491525,2019-02-08,2019-02-11,2019-02-12,2019-02-13,2019-02-14,2019-02-15,2019-02-19,2019-02-20,2019-02-21,2019-02-22,80070.0,2019-02-07,252.0,-1.7475%,0.0001,0.9483,0.2699,0.5407,1.3813%,1.6747%,31.9706%,-0.010567,SU,80070.0,2019-02-08,252.0,-1.1346%,0.0001,0.9495,0.2819,0.5537,1.3807%,1.6746%,32.0223%,-0.008704,SU,80070.0,2019-02-11,252.0,0.2481%,0.0001,0.9479,0.2804,0.5521,1.3808%,1.6635%,31.1061%,-0.002082,SU,80070.0,2019-02-12,252.0,0.6497%,0.0,0.9359,0.2916,0.5439,1.3778%,1.6550%,30.6951%,-0.005612,SU,80070.0,2019-02-13,252.0,-0.5841%,0.0001,0.9434,0.2753,0.5388,1.3737%,1.6544%,31.0592%,-0.009117,SU,80070.0,2019-02-14,252.0,0.6493%,0.0001,0.9409,0.2807,0.5332,1.3751%,1.6547%,30.9464%,0.0100679999999999,SU,80070.0,2019-02-15,252.0,4.1167%,0.0002,0.9615,0.3021,0.5705,1.3852%,1.6723%,31.3866%,0.027174,SU,80070.0,2019-02-19,252.0,1.5344%,0.0003,0.9664,0.3048,0.5732,1.3858%,1.6750%,31.5525%,0.010829,SU,80070.0,2019-02-20,252.0,-0.3197%,0.0002,0.9625,0.2902,0.5578,1.3842%,1.6720%,31.4632%,-0.0089559999999999,SU,80070.0,2019-02-21,252.0,-0.5831%,0.0002,0.967,0.2992,0.5661,1.3822%,1.6723%,31.6870%,-0.000884,SU,80070.0,2019-02-22,252.0,0.2639%,0.0003,0.9653,0.3344,0.5776,1.3728%,1.6644%,31.9665%,0.00293,SU,-0.019271,-0.021353,-0.026965,-0.026014,0.0050789999999999
37779,STRYKER CORP,"Styker Filing Shows Registration For Mixed Securities Offering, No Size Disclosed",6,uncertain,0.6,0.3,"the registration for a mixed securities offering could indicate a potential for raising capital, which may be viewed positively, but the lack of disclosed size creates uncertainty about its impact on the stock price.",1,2019-02-07,SYK,2019-02-07 14:45:00+00:00,73139.0,86366710,0.0002767186088021,1351867.0,0.01056710164994,0.007527130190283,0.004762920551002,0.0124760456383228,0.0116057591512799,-0.0009587624808773,-0.0019929460249841,-0.0014642662135884,0.0013492363505065,-0.0101454490795731,0.0069527248851954,0.1137393116950989,-0.0038537771906703,-0.0057406956329941,0.0082209380343556,-0.0226833652704954,-0.0003197482437826,-0.0092050721868872,0.005810834467411,0.009168803691864,-0.0063073220662772,-0.0006028821808286,-0.011947888880968,-0.0099671632051467,0.0082595478743314,0.0190985910594463,0.0093162190169096,0.006181210745126,0.0162856467068195,0.0077710282057523,-0.0047499928623437,0.0284155495464801,-0.0038810798432677,-0.0114740850403904,-0.0083714863285422,-0.0114664118736982,-0.0067962133325636,0.0096370037645101,0.0009087895159609,0.0056639974936842,0.0106286685913801,0.0121018718928098,0.0083500780165195,-0.0003820040728896,0.0054506985470652,0.030171787366271,0.0078711938112974,-0.0132038397714495,0.0035685915499925,-0.0143540669232606,-0.0023706012871116,0.0125968791544437,0.01312115509063,0.0046571595594286,0.0052009192295372,0.0249950550496578,0.0043623852543532,0.0402069091796875,-0.0179797857999801,-0.038014966994524,0.003754349425435,-0.0198972467333078,0.0046626208350062,-0.0266456119716167,0.0006119702011346,-0.0215506311506032,0.0022426000796258,0.008556586690247,0.0071385335177183,-0.0387247651815414,-0.0071891359984874,-0.0364456959068775,-0.0047425185330212,0.0014483517734333,-0.0016908430261537,0.0055341776460409,-0.0057995771057903,0.0025698074605315,0.0078983986750245,0.0140360975638032,0.0025609505828469,-0.0208188146352767,0.0011750062694773,0.0011030620662495,0.0008674703422002,-0.0094312457367777,-0.0041296910494565,-0.0089479498565196,-0.0136179979890584,0.0266222152858972,0.0038926661945879,-0.0044850246049463,-0.0226450469344854,0.0275931358337402,-0.0465509332716465,0.0069917645305395,0.0001109022050513,0.0067354403436183,0.0105403820052743,0.0027991160750389,0.0263504777103662,-0.0097017213702201,-0.0102696474641561,-0.010553328320384,0.0115110510960221,-0.0257899761199951,0.0059304409660398,0.0203888248652219,-0.0052581555210053,0.0163855496793985,0.0086497431620955,-0.0108449961990118,-0.0116987274959683,-0.012881520204246,0.0115158502012491,-0.0072409082204103,0.0098490891978144,-0.0002334829041501,0.0016254918882623,0.0090721249580383,0.01056710164994,0.007527130190283,0.015380352466555,0.0200970846483854,0.0271646122842235,0.0191190538367722,0.0265006544863675,0.0073025114359486,0.0438174173723131,0.0899987806408255,0.0757399852044287,0.2028594432478221,0.0596209225867594,0.0680824684125815,2019-02-08,2019-02-11,2019-02-12,2019-02-13,2019-02-14,2019-02-15,2019-02-19,2019-02-20,2019-02-21,2019-02-22,73139.0,2019-02-07,252.0,0.0277%,0.0006,0.8908,-0.2278,-0.3221,1.1379%,1.5591%,46.7354%,0.009375,SYK,73139.0,2019-02-08,252.0,1.0567%,0.0006,0.8896,-0.2309,-0.3291,1.1387%,1.5601%,46.7294%,0.007557,SYK,73139.0,2019-02-11,252.0,0.4763%,0.0006,0.889,-0.2234,-0.3253,1.1391%,1.5420%,45.4294%,0.0056989999999999,SYK,73139.0,2019-02-12,252.0,1.1606%,0.0006,0.8833,-0.2174,-0.3293,1.1380%,1.5379%,45.2473%,-0.001093,SYK,73139.0,2019-02-13,252.0,-0.1993%,0.0005,0.8819,-0.2169,-0.3304,1.1383%,1.5350%,45.0073%,-0.0042049999999999,SYK,73139.0,2019-02-14,252.0,0.1349%,0.0005,0.8814,-0.216,-0.3312,1.1383%,1.5347%,44.9853%,0.002313,SYK,73139.0,2019-02-15,252.0,0.6953%,0.0005,0.8812,-0.2164,-0.3317,1.1384%,1.5339%,44.9238%,-0.000977,SYK,73139.0,2019-02-19,252.0,-0.3854%,0.0005,0.8799,-0.2187,-0.3342,1.1387%,1.5317%,44.7312%,-0.004006,SYK,73139.0,2019-02-20,252.0,0.8221%,0.0005,0.8814,-0.2193,-0.33,1.1385%,1.5316%,44.7466%,0.008768,SYK,73139.0,2019-02-21,252.0,-0.0320%,0.0005,0.8797,-0.2224,-0.3331,1.1383%,1.5309%,44.7106%,0.001929,SYK,73139.0,2019-02-22,252.0,0.5811%,0.0005,0.8803,-0.2238,-0.3269,1.1386%,1.5307%,44.6678%,-0.00368,SYK,0.016932,0.022631,0.0215379999999999,0.0196459999999999,0.02168
37787,SYNAPTICS INC,Synaptics Sees Q3 Sales $340M-$380M vs $392.4M Estimate,6,decrease,0.8,0.7,"the forecasted sales for q3 are below the analyst estimate, which is likely to lead to a negative reaction in the stock price.",0,2019-02-07,SYNA,2019-02-07 21:18:00+00:00,89290.0,87157D10,-0.0182604119181633,320427.0,0.0225158631801605,0.007504176814109,-0.0210626441985368,0.0147384498268365,0.0,0.0182591192424297,0.002200492657721,0.0045226207002997,0.0121980961412191,-0.00524866534397,0.0040973285213112,0.0075547532178461,-0.0196831412613391,-0.0020106013398617,0.0073457206599414,-0.0084724677726626,-0.0002430316380923,0.0616402626037597,0.007050743792206,-0.0184367466717958,0.0111058168113231,0.0374461039900779,-0.0011938690440729,-0.0609663538634777,-0.0054985261522233,0.0196027420461177,0.0064903958700597,-0.0167385190725326,0.0088369417935609,-0.0052976561710238,0.0198863670229911,0.0140700750052928,-0.0051068062894046,-0.0166037697345018,-0.0172655545175075,0.0119654079899191,-0.0132952891290187,0.0040899757295846,0.00481224572286,0.0302870068699121,0.0287356507033109,0.0471594855189323,-0.0044226869940757,0.0069425161927938,-0.0044423341751098,0.0282694995403289,-0.0046970583498477,-0.0671284049749374,0.0200565941631794,0.0088686328381299,-0.2260004729032516,0.0018847521860152,0.0176330003887414,-0.0034880887251347,-0.037591740489006,0.0089334556832909,0.0268538612872362,0.0411499179899692,-0.0276374518871307,-0.0089385388419032,-0.0012225217651575,-0.0074854576960206,0.0804773867130279,-0.0131326830014586,0.0379495918750762,-0.0416885204613208,0.0289221704006195,0.018968716263771,0.054097082465887,-0.0157769788056612,0.0027673109434545,-0.0002629373339004,-0.0075263227336108,-0.0101483054459095,-0.0088473781943321,0.0047058905474841,0.0096914330497384,0.0202720277011394,-0.0197019148617982,0.0026745731011033,-0.0316928513348102,-0.0263021383434534,-0.0069186300970613,-0.0206579342484474,0.0034834155812859,-0.0368459858000278,0.0056074522435665,0.0585023425519466,0.0034519666805863,0.0020843672100454,-0.0124371843412518,0.0052383644506335,0.0407288447022438,0.0515009313821792,-0.0043769818730652,-0.0335373505949974,-0.0134470304474234,0.0341315120458602,-0.0094364508986473,-0.0016487375833094,-0.0095263458788394,0.0294201113283634,0.0272508803755044,-0.0008480100077576,-0.0093628242611885,-0.0502013154327869,-0.0002624920452944,0.0021523227915167,0.0023633490782231,0.0382681265473365,-0.0130992932245135,0.0118710612878203,-0.017255051061511,0.0442739054560661,-0.0202593188732862,-0.0820915400981903,-0.0008270961698144,0.0566847845911979,-0.0391832776367664,-0.0318736545741558,0.0225158631801605,0.007504176814109,0.0009789753666369,0.0223532265744121,0.0009789753666369,0.0410204960463171,0.015418528127804,0.0402399572355247,0.013705275996396,0.0807582661451071,-0.1992168157094855,0.162569828465543,-0.1478218494758756,0.1535475816728848,2019-02-08,2019-02-11,2019-02-12,2019-02-13,2019-02-14,2019-02-15,2019-02-19,2019-02-20,2019-02-21,2019-02-22,89290.0,2019-02-07,252.0,-1.8260%,-0.0001,1.064,1.0386,-0.4157,2.2853%,2.6996%,28.3378%,-0.005372,SYNA,89290.0,2019-02-08,252.0,2.2516%,0.0,1.0609,1.0338,-0.432,2.2881%,2.7032%,28.3511%,0.01807,SYNA,89290.0,2019-02-11,252.0,-2.1063%,-0.0006,1.195,0.8679,-0.4515,2.1908%,2.6684%,32.5938%,-0.028478,SYNA,89290.0,2019-02-12,252.0,0.0000%,-0.0006,1.1907,0.8611,-0.4524,2.1928%,2.6684%,32.4695%,-0.017293,SYNA,89290.0,2019-02-13,252.0,0.2200%,-0.0006,1.1945,0.8544,-0.4538,2.1921%,2.6682%,32.5039%,-0.001433,SYNA,89290.0,2019-02-14,252.0,1.2198%,-0.0005,1.1932,0.8591,-0.46,2.1920%,2.6692%,32.5628%,0.007532,SYNA,89290.0,2019-02-15,252.0,0.4097%,-0.0007,1.1576,0.8261,-0.5191,2.1807%,2.6480%,32.1813%,-0.009426,SYNA,89290.0,2019-02-19,252.0,-1.9683%,-0.0007,1.1555,0.8091,-0.5381,2.1846%,2.6504%,32.0631%,-0.0228209999999999,SYNA,89290.0,2019-02-20,252.0,0.7346%,-0.0006,1.1592,0.8252,-0.523,2.1820%,2.6489%,32.1448%,0.00623,SYNA,89290.0,2019-02-21,252.0,-0.0243%,-0.0007,1.1652,0.8383,-0.5121,2.1788%,2.6482%,32.3073%,0.003321,SYNA,89290.0,2019-02-22,252.0,0.7051%,-0.0008,1.1675,0.8203,-0.5005,2.1789%,2.6476%,32.2715%,-0.012761,SYNA,0.012698,-0.01578,-0.033073,-0.026974,-0.062431
37795,SYNAPTICS INC,"Synaptics Q2 EPS $1.55 Beats $1.37 Estimate, Sales $425.5M Beat $425.12M Estimate",6,increase,0.8,0.6,"the company's earnings per share and sales both exceeded analyst estimates, which typically signals strong performance and can lead to a positive reaction in the stock price.",2,2019-02-07,SYNA,2019-02-07 21:17:00+00:00,89290.0,87157D10,-0.0182604119181633,320427.0,0.0225158631801605,0.007504176814109,-0.0210626441985368,0.0147384498268365,0.0,0.0182591192424297,0.002200492657721,0.0045226207002997,0.0121980961412191,-0.00524866534397,0.0040973285213112,0.0075547532178461,-0.0196831412613391,-0.0020106013398617,0.0073457206599414,-0.0084724677726626,-0.0002430316380923,0.0616402626037597,0.007050743792206,-0.0184367466717958,0.0111058168113231,0.0374461039900779,-0.0011938690440729,-0.0609663538634777,-0.0054985261522233,0.0196027420461177,0.0064903958700597,-0.0167385190725326,0.0088369417935609,-0.0052976561710238,0.0198863670229911,0.0140700750052928,-0.0051068062894046,-0.0166037697345018,-0.0172655545175075,0.0119654079899191,-0.0132952891290187,0.0040899757295846,0.00481224572286,0.0302870068699121,0.0287356507033109,0.0471594855189323,-0.0044226869940757,0.0069425161927938,-0.0044423341751098,0.0282694995403289,-0.0046970583498477,-0.0671284049749374,0.0200565941631794,0.0088686328381299,-0.2260004729032516,0.0018847521860152,0.0176330003887414,-0.0034880887251347,-0.037591740489006,0.0089334556832909,0.0268538612872362,0.0411499179899692,-0.0276374518871307,-0.0089385388419032,-0.0012225217651575,-0.0074854576960206,0.0804773867130279,-0.0131326830014586,0.0379495918750762,-0.0416885204613208,0.0289221704006195,0.018968716263771,0.054097082465887,-0.0157769788056612,0.0027673109434545,-0.0002629373339004,-0.0075263227336108,-0.0101483054459095,-0.0088473781943321,0.0047058905474841,0.0096914330497384,0.0202720277011394,-0.0197019148617982,0.0026745731011033,-0.0316928513348102,-0.0263021383434534,-0.0069186300970613,-0.0206579342484474,0.0034834155812859,-0.0368459858000278,0.0056074522435665,0.0585023425519466,0.0034519666805863,0.0020843672100454,-0.0124371843412518,0.0052383644506335,0.0407288447022438,0.0515009313821792,-0.0043769818730652,-0.0335373505949974,-0.0134470304474234,0.0341315120458602,-0.0094364508986473,-0.0016487375833094,-0.0095263458788394,0.0294201113283634,0.0272508803755044,-0.0008480100077576,-0.0093628242611885,-0.0502013154327869,-0.0002624920452944,0.0021523227915167,0.0023633490782231,0.0382681265473365,-0.0130992932245135,0.0118710612878203,-0.017255051061511,0.0442739054560661,-0.0202593188732862,-0.0820915400981903,-0.0008270961698144,0.0566847845911979,-0.0391832776367664,-0.0318736545741558,0.0225158631801605,0.007504176814109,0.0009789753666369,0.0223532265744121,0.0009789753666369,0.0410204960463171,0.015418528127804,0.0402399572355247,0.013705275996396,0.0807582661451071,-0.1992168157094855,0.162569828465543,-0.1478218494758756,0.1535475816728848,2019-02-08,2019-02-11,2019-02-12,2019-02-13,2019-02-14,2019-02-15,2019-02-19,2019-02-20,2019-02-21,2019-02-22,89290.0,2019-02-07,252.0,-1.8260%,-0.0001,1.064,1.0386,-0.4157,2.2853%,2.6996%,28.3378%,-0.005372,SYNA,89290.0,2019-02-08,252.0,2.2516%,0.0,1.0609,1.0338,-0.432,2.2881%,2.7032%,28.3511%,0.01807,SYNA,89290.0,2019-02-11,252.0,-2.1063%,-0.0006,1.195,0.8679,-0.4515,2.1908%,2.6684%,32.5938%,-0.028478,SYNA,89290.0,2019-02-12,252.0,0.0000%,-0.0006,1.1907,0.8611,-0.4524,2.1928%,2.6684%,32.4695%,-0.017293,SYNA,89290.0,2019-02-13,252.0,0.2200%,-0.0006,1.1945,0.8544,-0.4538,2.1921%,2.6682%,32.5039%,-0.001433,SYNA,89290.0,2019-02-14,252.0,1.2198%,-0.0005,1.1932,0.8591,-0.46,2.1920%,2.6692%,32.5628%,0.007532,SYNA,89290.0,2019-02-15,252.0,0.4097%,-0.0007,1.1576,0.8261,-0.5191,2.1807%,2.6480%,32.1813%,-0.009426,SYNA,89290.0,2019-02-19,252.0,-1.9683%,-0.0007,1.1555,0.8091,-0.5381,2.1846%,2.6504%,32.0631%,-0.0228209999999999,SYNA,89290.0,2019-02-20,252.0,0.7346%,-0.0006,1.1592,0.8252,-0.523,2.1820%,2.6489%,32.1448%,0.00623,SYNA,89290.0,2019-02-21,252.0,-0.0243%,-0.0007,1.1652,0.8383,-0.5121,2.1788%,2.6482%,32.3073%,0.003321,SYNA,89290.0,2019-02-22,252.0,0.7051%,-0.0008,1.1675,0.8203,-0.5005,2.1789%,2.6476%,32.2715%,-0.012761,SYNA,0.012698,-0.01578,-0.033073,-0.026974,-0.062431
37803,T A L EDUCATION GROUP,"TAL Education Group Acquires AI-powered Test Preparation and Admissions Company, Ready4; Terms Not Disclosed",6,increase,0.7,0.6,"the acquisition of an ai-powered company suggests a strategic move to enhance tal education group's offerings, which could attract more customers and potentially boost revenue.",2,2019-02-07,TAL,2019-02-07 21:31:00+00:00,12339.0,87408010,-0.0295226294547319,2608674.0,0.0252427402883768,0.004416384268552,0.0391413457691669,0.014075512997806,-0.0003037157293874,0.0064391745254397,0.0115466751158237,0.0009667669655755,-0.0165214538574218,0.027143383398652,-0.0048869834281504,-0.0108055602759122,-0.019337048754096,0.0203809086233377,0.0194052867591381,-0.0218954272568225,0.0095180040225386,0.0265012048184871,0.0331508554518222,-0.0451633520424366,0.0459228008985519,0.0006409791531041,-0.0028144801035523,0.0334547944366931,0.0025402244646102,0.0144489351660013,0.0022521964274346,-0.0070069767534732,-0.0028089459519833,-0.0095836389809846,0.0225351899862289,0.0359466336667537,-0.0066115115769207,-0.0006842442089691,-0.0141431530937552,0.0072363568469882,-0.025597745552659,0.0024179513566195,0.003175537334755,0.0542608052492141,0.0376978814601898,0.0223379917442798,-0.0660011395812034,0.0128205185756087,0.0151424678042531,0.0723817646503448,-0.0350978933274745,-0.0484801940619945,0.0315246134996414,-0.0258620884269475,0.0138113796710968,-0.0037341441493481,0.0292753130197525,0.0190258752554655,0.0197127796709537,-0.0124013498425483,-0.0151891531422734,0.0321954973042011,-0.0235558096319437,-0.0264350026845932,0.0287191271781921,-0.019259275868535,0.0047460072673857,-0.001109903329052,-0.0127814076840877,0.0138785010203719,0.0053476626053452,-0.0162361823022365,0.0100784040987491,0.0018484712345525,-0.00138589378912,-0.0007388421799987,0.009436585009098,-0.037340011447668,0.0093483682721853,0.0492537915706634,0.0133479079231619,-0.0037174862809479,-0.0061827832832932,-0.0264205411076545,-0.008385214023292,-0.0436137169599533,0.0070921527221798,0.0172535125166177,-0.0021667936816811,-0.0356536880135536,0.0005429005832411,0.0491628460586071,0.0075962771661579,0.017028959468007,-0.0495422780513763,-0.0195381622761488,-0.0124645503237843,0.0017793322913348,-0.0063109928742051,-0.0123022980988025,-0.0161662120372057,0.0533136054873466,0.0046948310919106,-0.0442321300506591,0.0216120854020118,0.0482196286320686,-0.0160091873258352,-0.0217706970870494,0.0508425347507,-0.0282087847590446,0.067182756960392,-0.0254295449703931,0.00181346363388,0.0210526455193758,-0.0051718894392251,0.0,-0.0075383652001619,0.0520487204194068,0.0227867718786001,-0.0066006709821522,-0.0020486048888415,-0.0504874251782894,-0.0356684476137161,-0.0234614256769418,0.0252427402883768,0.004416384268552,0.0653721208833324,0.0185540601405334,0.0650485506125693,0.0251127074973736,0.0595469926912741,0.0539556801625633,0.0993528037688615,0.0198590917029031,0.1268608435578,0.2024169502873369,0.2161812942879131,0.0826249682346718,2019-02-08,2019-02-11,2019-02-12,2019-02-13,2019-02-14,2019-02-15,2019-02-19,2019-02-20,2019-02-21,2019-02-22,12339.0,2019-02-07,252.0,-2.9523%,0.0,1.2349,0.0693,-0.5552,2.8027%,3.1893%,22.7723%,-0.016009,TAL,12339.0,2019-02-08,252.0,2.5243%,0.0,1.2317,0.0558,-0.5775,2.8049%,3.1930%,22.8318%,0.020166,TAL,12339.0,2019-02-11,252.0,3.9141%,0.0004,1.167,0.1691,-0.5501,2.7928%,3.1361%,20.6954%,0.038277,TAL,12339.0,2019-02-12,252.0,-0.0304%,0.0002,1.1294,0.2043,-0.5756,2.7782%,3.1120%,20.3006%,-0.0172429999999999,TAL,12339.0,2019-02-13,252.0,1.1547%,0.0002,1.1286,0.2089,-0.5727,2.7786%,3.1102%,20.1871%,0.008565,TAL,12339.0,2019-02-14,252.0,-1.6521%,-0.0,1.1305,0.1973,-0.5557,2.7702%,3.0999%,20.1439%,-0.01866,TAL,12339.0,2019-02-15,252.0,-0.4887%,-0.0002,1.1109,0.178,-0.5897,2.7709%,3.0959%,19.8909%,-0.015587,TAL,12339.0,2019-02-19,252.0,-1.9337%,-0.0004,1.0946,0.1827,-0.5831,2.7630%,3.0788%,19.4610%,-0.020295,TAL,12339.0,2019-02-20,252.0,1.9405%,-0.0004,1.0987,0.1846,-0.5703,2.7641%,3.0795%,19.4384%,0.020031,TAL,12339.0,2019-02-21,252.0,0.9518%,-0.0004,1.1018,0.1936,-0.5649,2.7633%,3.0795%,19.4816%,0.012301,TAL,12339.0,2019-02-22,252.0,3.3151%,-0.0003,1.0987,0.2145,-0.5829,2.7641%,3.0844%,19.6939%,0.0165209999999999,TAL,0.004157,0.042434,0.025191,0.015096,0.0280669999999999
37811,TERADATA CORP DE,"Teradata Sees Q1 Adj. EPS $0.18-$0.20 vs $0.27 Est., Recurring Revenue $332M-$335M; Sees FY19 Adj. EPS $1.45-$1.55 vs $1.58 Est.",6,decrease,0.8,0.7,"the company's adjusted eps and recurring revenue guidance for q1 and fy19 are below analyst estimates, which is likely to lead to a negative reaction in the stock price.",0,2019-02-07,TDC,2019-02-07 21:17:00+00:00,92293.0,88076W10,-0.0158322993665933,2219651.0,-0.0030434650834649,0.0112505508586764,0.0091582676395773,0.0078499913215637,0.0015125258360058,0.0191111247986555,-0.0008629363728687,0.0139702325686812,-0.0051825018599629,0.0027113137766718,0.0082483412697911,0.0068243686109781,-0.0040904721245169,-0.0043035657145082,0.003674924140796,-0.0040604625828564,0.0017229812219738,0.0070422845892608,0.0081703094765543,0.009864654392004,0.0017061597900465,0.0053044175729155,0.0061740917153656,-0.014097292907536,0.0228523463010788,0.0152354538440704,0.0006205788231454,0.0107325967401266,0.0188133120536804,0.0273250080645084,-0.0213068034499883,0.0406585447490215,0.0014513725182041,-0.0004986401763744,-0.0109730595722794,0.0017482440453022,-0.0046054264530539,0.0012502934550866,-0.0018927477067336,0.0017535949591547,0.009271016344428,0.0191473066806793,0.0027139300946146,0.0197864696383476,0.0012492478126659,0.0383887030184269,-0.0031191832385957,-0.0201324056833982,0.0,-0.0159019976854324,-0.0039632590487599,0.02457270398736,0.0119371665641665,0.0034842467866837,-0.0608443431556224,0.0149619989097118,0.0107976607978344,0.0372460409998893,-0.0431654602289199,-0.0125383334234356,-0.0029619748238474,-0.0191309303045272,0.013711204752326,0.0005469088791869,-0.0128494072705507,0.0035675377584993,-0.001826942898333,-0.0065431208349764,-0.0013726277975365,-0.0197754651308059,-0.0004582006076816,-0.0018672581063583,0.0027503764722496,-0.0134210083633661,0.0057142856530845,0.0176754109561443,-0.0175000112503767,0.0177160408347845,0.0131852813065052,-0.0024469862692058,0.00136989436578,-0.0244032349437475,-0.0084359077736735,0.0031931593548506,0.0112669086083769,-0.0177730396389961,-0.0038653516676276,0.0167418885976076,0.0047934050671756,-0.0044973059557378,-0.0006814806838519,-0.0029016251210123,0.007274373434484,0.0312840454280376,0.0024824372958391,-0.0013584094122052,0.012832136824727,0.0129334405064582,0.0026672354433685,0.0088839447125792,0.0110840164124965,0.0075524603016674,-0.0030694887973368,-0.0033453842625021,-0.0076974332332611,-0.0492976568639278,0.0139627903699874,-0.0029069927986711,0.0059016491286456,0.0117646688595414,-0.011951308697462,-0.0092714829370379,-0.0259511824697256,0.0029224392492324,-0.0128697147592902,-0.0005310795968398,-0.1004116907715797,-0.0131027251482009,0.0116958823055028,-0.0088311731815338,-0.0030434650834649,0.0112505508586764,0.0060869296883263,0.0191888589068436,0.0076086621627478,0.0386667043828117,0.0015217324293599,0.0560326134385866,0.0193478135154423,0.0722643155104902,-0.04586957910957,0.3023126871081851,-0.1349999781127122,0.2140260164418095,2019-02-08,2019-02-11,2019-02-12,2019-02-13,2019-02-14,2019-02-15,2019-02-19,2019-02-20,2019-02-21,2019-02-22,92293.0,2019-02-07,252.0,-1.5832%,0.0003,0.8336,0.3609,-0.595,1.4008%,1.8104%,40.1282%,-0.005524,TDC,92293.0,2019-02-08,252.0,-0.3043%,0.0003,0.8354,0.3529,-0.5928,1.4001%,1.8098%,40.1498%,-0.00818,TDC,92293.0,2019-02-11,252.0,0.9158%,0.0005,0.7845,0.4103,-0.5884,1.3773%,1.7548%,38.3994%,0.006923,TDC,92293.0,2019-02-12,252.0,0.1513%,0.0007,0.8198,0.3572,-0.5609,1.3061%,1.7095%,41.6242%,-0.010339,TDC,92293.0,2019-02-13,252.0,-0.0863%,0.0006,0.8125,0.3681,-0.5599,1.3030%,1.7020%,41.3922%,-0.00308,TDC,92293.0,2019-02-14,252.0,-0.5183%,0.0006,0.8145,0.3629,-0.5538,1.3041%,1.7019%,41.2808%,-0.008738,TDC,92293.0,2019-02-15,252.0,0.8248%,0.0006,0.8132,0.3617,-0.556,1.3041%,1.7008%,41.2113%,0.000696,TDC,92293.0,2019-02-19,252.0,-0.4090%,0.0006,0.8134,0.3563,-0.5621,1.3043%,1.7004%,41.1652%,-0.005117,TDC,92293.0,2019-02-20,252.0,0.3675%,0.0006,0.8154,0.3648,-0.5541,1.3030%,1.6994%,41.2091%,0.004337,TDC,92293.0,2019-02-21,252.0,0.1723%,0.0006,0.8167,0.3683,-0.5516,1.3027%,1.6994%,41.2422%,0.0036209999999999,TDC,92293.0,2019-02-22,252.0,0.8170%,0.0006,0.8175,0.376,-0.5351,1.3029%,1.6990%,41.1949%,-0.007372,TDC,-0.013704,-0.006781,-0.01712,-0.028938,-0.032773
37819,TERADATA CORP DE,"Teradata Q4 Adj. EPS $0.49 Beats $0.44 Estimate, Sales $588M Beat $566.21M Estimate",6,increase,0.8,0.7,the company's better-than-expected adjusted eps and sales figures are likely to positively influence investor sentiment and drive the stock price higher.,2,2019-02-07,TDC,2019-02-07 21:15:00+00:00,92293.0,88076W10,-0.0158322993665933,2219651.0,-0.0030434650834649,0.0112505508586764,0.0091582676395773,0.0078499913215637,0.0015125258360058,0.0191111247986555,-0.0008629363728687,0.0139702325686812,-0.0051825018599629,0.0027113137766718,0.0082483412697911,0.0068243686109781,-0.0040904721245169,-0.0043035657145082,0.003674924140796,-0.0040604625828564,0.0017229812219738,0.0070422845892608,0.0081703094765543,0.009864654392004,0.0017061597900465,0.0053044175729155,0.0061740917153656,-0.014097292907536,0.0228523463010788,0.0152354538440704,0.0006205788231454,0.0107325967401266,0.0188133120536804,0.0273250080645084,-0.0213068034499883,0.0406585447490215,0.0014513725182041,-0.0004986401763744,-0.0109730595722794,0.0017482440453022,-0.0046054264530539,0.0012502934550866,-0.0018927477067336,0.0017535949591547,0.009271016344428,0.0191473066806793,0.0027139300946146,0.0197864696383476,0.0012492478126659,0.0383887030184269,-0.0031191832385957,-0.0201324056833982,0.0,-0.0159019976854324,-0.0039632590487599,0.02457270398736,0.0119371665641665,0.0034842467866837,-0.0608443431556224,0.0149619989097118,0.0107976607978344,0.0372460409998893,-0.0431654602289199,-0.0125383334234356,-0.0029619748238474,-0.0191309303045272,0.013711204752326,0.0005469088791869,-0.0128494072705507,0.0035675377584993,-0.001826942898333,-0.0065431208349764,-0.0013726277975365,-0.0197754651308059,-0.0004582006076816,-0.0018672581063583,0.0027503764722496,-0.0134210083633661,0.0057142856530845,0.0176754109561443,-0.0175000112503767,0.0177160408347845,0.0131852813065052,-0.0024469862692058,0.00136989436578,-0.0244032349437475,-0.0084359077736735,0.0031931593548506,0.0112669086083769,-0.0177730396389961,-0.0038653516676276,0.0167418885976076,0.0047934050671756,-0.0044973059557378,-0.0006814806838519,-0.0029016251210123,0.007274373434484,0.0312840454280376,0.0024824372958391,-0.0013584094122052,0.012832136824727,0.0129334405064582,0.0026672354433685,0.0088839447125792,0.0110840164124965,0.0075524603016674,-0.0030694887973368,-0.0033453842625021,-0.0076974332332611,-0.0492976568639278,0.0139627903699874,-0.0029069927986711,0.0059016491286456,0.0117646688595414,-0.011951308697462,-0.0092714829370379,-0.0259511824697256,0.0029224392492324,-0.0128697147592902,-0.0005310795968398,-0.1004116907715797,-0.0131027251482009,0.0116958823055028,-0.0088311731815338,-0.0030434650834649,0.0112505508586764,0.0060869296883263,0.0191888589068436,0.0076086621627478,0.0386667043828117,0.0015217324293599,0.0560326134385866,0.0193478135154423,0.0722643155104902,-0.04586957910957,0.3023126871081851,-0.1349999781127122,0.2140260164418095,2019-02-08,2019-02-11,2019-02-12,2019-02-13,2019-02-14,2019-02-15,2019-02-19,2019-02-20,2019-02-21,2019-02-22,92293.0,2019-02-07,252.0,-1.5832%,0.0003,0.8336,0.3609,-0.595,1.4008%,1.8104%,40.1282%,-0.005524,TDC,92293.0,2019-02-08,252.0,-0.3043%,0.0003,0.8354,0.3529,-0.5928,1.4001%,1.8098%,40.1498%,-0.00818,TDC,92293.0,2019-02-11,252.0,0.9158%,0.0005,0.7845,0.4103,-0.5884,1.3773%,1.7548%,38.3994%,0.006923,TDC,92293.0,2019-02-12,252.0,0.1513%,0.0007,0.8198,0.3572,-0.5609,1.3061%,1.7095%,41.6242%,-0.010339,TDC,92293.0,2019-02-13,252.0,-0.0863%,0.0006,0.8125,0.3681,-0.5599,1.3030%,1.7020%,41.3922%,-0.00308,TDC,92293.0,2019-02-14,252.0,-0.5183%,0.0006,0.8145,0.3629,-0.5538,1.3041%,1.7019%,41.2808%,-0.008738,TDC,92293.0,2019-02-15,252.0,0.8248%,0.0006,0.8132,0.3617,-0.556,1.3041%,1.7008%,41.2113%,0.000696,TDC,92293.0,2019-02-19,252.0,-0.4090%,0.0006,0.8134,0.3563,-0.5621,1.3043%,1.7004%,41.1652%,-0.005117,TDC,92293.0,2019-02-20,252.0,0.3675%,0.0006,0.8154,0.3648,-0.5541,1.3030%,1.6994%,41.2091%,0.004337,TDC,92293.0,2019-02-21,252.0,0.1723%,0.0006,0.8167,0.3683,-0.5516,1.3027%,1.6994%,41.2422%,0.0036209999999999,TDC,92293.0,2019-02-22,252.0,0.8170%,0.0006,0.8175,0.376,-0.5351,1.3029%,1.6990%,41.1949%,-0.007372,TDC,-0.013704,-0.006781,-0.01712,-0.028938,-0.032773
37827,TENET HEALTHCARE CORP,"Tenet Healthcare Reports Extension Of Collaboration With Cerner, No Specific Terms Disclosed",6,uncertain,0.6,0.2,"the extension of collaboration with cerner could be seen as a positive development for tenet healthcare, but the lack of specific terms makes it difficult to assess the potential impact on stock price.",1,2019-02-07,THC,2019-02-07 13:07:00+00:00,52337.0,88033G40,0.0030461137648671,951694.0,-0.0134490011259913,0.0070113870315253,0.0079155806452035,0.0224014334380626,0.0213786978274583,0.0099547198042273,0.0064075021073222,0.0050023016519844,0.0118845794349908,-0.0018157473532482,0.026426138356328,0.0184929054230451,-0.0077645536512136,0.030981870368123,-0.0156507845968008,-0.0485260635614395,0.0046025360934436,0.0161289609968662,0.0062473807483911,0.0432693064212799,0.0024834217038005,0.0126581452786922,0.1123039349913597,-0.0659390091896057,0.0489977598190307,-0.0161074101924896,0.0113234147429466,-0.0017864676192402,0.0283414795994758,0.0186533145606517,0.0204151198267936,0.046666644513607,-0.037679199129343,-0.0318119190633297,-0.0388080663979053,0.0078996317461133,-0.0010814955458045,0.02476192638278,-0.019487515091896,0.0339734405279159,0.0290761496871709,0.0791710838675499,0.0540057308971881,0.0420819632709026,0.00984054710716,0.0255535971373319,0.0141129055991768,-0.0090039307251572,-0.0324718207120895,0.0367561914026737,0.0143835637718439,-0.0092485463246703,0.0060769207775592,-0.0176037121564149,-0.0060402150265872,-0.0232945121824741,0.0317352674901485,0.0700296908617019,-0.0467932038009166,-0.039338681846857,-0.0034328347537666,-0.0462206900119781,-0.0182569995522499,-0.04517138376832,-0.0126316007226705,-0.0360360033810138,0.0156361237168312,0.0090909246355295,0.0090972790494561,-0.0677966326475143,0.0319001413881778,-0.0938566848635673,0.0043682511895895,0.0073055466637015,0.0050184521824121,-0.0025717730168253,0.022303532809019,-0.002991440007463,0.0156301353126764,0.0034305285662412,-0.0173132698982954,-0.028738047927618,-0.0055464953184127,-0.0322450324892997,0.0082021001726388,-0.0783804059028625,-0.0367718562483787,0.0326045416295528,-0.0199324376881122,0.0,-0.0058600506745278,0.0171674042940139,-0.1126907095313072,0.0683617889881134,-0.1031652763485909,0.0462276265025138,0.0200435332953929,0.0204717852175235,-0.0098248412832617,-0.0035476686898618,0.0500431321561336,0.0334555245935916,0.0045193349942564,-0.0267618373036384,-0.0044990023598074,-0.0455512851476669,-0.0036976232659071,-0.0109473783522844,-0.0189690347760915,0.0004212396452203,-0.0794451981782913,-0.0037767584435641,-0.0269406475126743,-0.0738437473773956,-0.0065696570090949,-0.0213009268045425,0.010864408686757,-0.0041666175238788,0.0626168325543403,-0.0090090008452534,-0.0134490011259913,0.0070113870315253,-0.0056398771337979,0.0295698855894832,0.0156182474646329,0.0398189653193969,0.0342733590677417,0.0431229603249416,0.0481562091300353,0.104807712809779,0.2637744050157213,0.310148148581737,-0.0134490112813452,-0.1373873733721514,2019-02-08,2019-02-11,2019-02-12,2019-02-13,2019-02-14,2019-02-15,2019-02-19,2019-02-20,2019-02-21,2019-02-22,52337.0,2019-02-07,252.0,0.3046%,0.0011,1.275,1.5149,-0.0803,2.8880%,3.3236%,24.4917%,0.017236,THC,52337.0,2019-02-08,252.0,-1.3449%,0.0011,1.2779,1.5218,-0.0637,2.8900%,3.3249%,24.4508%,-0.016008,THC,52337.0,2019-02-11,252.0,0.7916%,0.0011,1.2711,1.5215,-0.0674,2.8900%,3.3157%,24.0280%,-0.003871,THC,52337.0,2019-02-12,252.0,2.1379%,0.001,1.2637,1.5329,-0.0733,2.8885%,3.3149%,24.0713%,0.003572,THC,52337.0,2019-02-13,252.0,0.6408%,0.0009,1.2506,1.5552,-0.0691,2.8828%,3.3062%,23.9688%,0.001901,THC,52337.0,2019-02-14,252.0,1.1885%,0.001,1.2508,1.5587,-0.0751,2.8802%,3.3054%,24.0732%,0.005923,THC,52337.0,2019-02-15,252.0,2.6426%,0.0011,1.2653,1.5725,-0.0504,2.8796%,3.3084%,24.2394%,0.008656,THC,52337.0,2019-02-19,252.0,-0.7765%,0.0009,1.2537,1.5746,-0.0471,2.8764%,3.2994%,23.9986%,-0.014678,THC,52337.0,2019-02-20,252.0,-1.5651%,0.0009,1.2482,1.5651,-0.0662,2.8795%,3.3012%,23.9144%,-0.021338,THC,52337.0,2019-02-21,252.0,0.4603%,0.0009,1.2479,1.5665,-0.0668,2.8799%,3.3008%,23.8756%,0.010064,THC,52337.0,2019-02-22,252.0,0.6247%,0.0009,1.2493,1.5729,-0.0435,2.8806%,3.3009%,23.8438%,-0.0115609999999999,THC,0.001228,-0.002643,0.000929,0.008753,-0.0201039999999999
37835,TIMKEN CO,Timken Sees FY19 Adj. EPS $4.70-$4.90,6,increase,0.7,0.6,"the forecasted adjusted eps range of $4.70-$4.90 suggests positive earnings expectations, which typically leads to an increase in stock price.",2,2019-02-07,TKR,2019-02-07 11:58:00+00:00,14795.0,88738910,-0.0340229794383049,1358522.0,-0.0014279241440817,0.0018425111193209,0.0045281802304089,-0.0004604157002177,0.0268089491873979,0.0128234848380088,0.0050832075066864,0.0070438892580568,-0.0197701286524534,-0.0215942710638046,0.0175891183316707,0.0208724066615104,0.0018437252147123,0.0171756017953157,0.0074091157875955,-0.0129503896459937,-0.0025280809495598,0.0191985387355089,0.0071428008377552,-0.0050143958069384,0.0,-0.0159774497151374,-0.0080072861164808,-0.0344827659428119,0.0064575364813208,0.0303881037980318,-0.0057286894880235,0.0197854116559028,0.0034570528659969,0.0152468802407383,-0.0032154200598597,0.0,0.0073732645250856,-0.0064919563010334,-0.0109789464622736,0.0055609173141419,-0.0129510024562478,0.0257936734706163,-0.0007028767140582,0.0161290168762207,0.0152402743697166,0.0137966508045792,0.0034642384853214,0.0163594149053096,0.0124280992895364,0.0582577362656593,-0.0156854372471571,-0.0337227955460548,-0.0002309081173734,0.0091104004532098,0.0152460113167762,0.0130293034017086,-0.0043231500312685,-0.007008041255176,-0.0011425785487517,0.0144927203655242,0.0176161173731088,0.0621550790965557,-0.0640737041831016,-0.0344924144446849,0.007686757016927,-0.0127353016287088,0.0119189508259296,-0.0057804263196885,-0.0002356215845793,-0.0342901945114135,0.008011314086616,0.0066898581571877,0.019635347649455,-0.0129424631595611,0.0403485149145126,-0.0042083072476089,0.005509034730494,-0.0168088376522064,0.0155599182471633,0.0273644737899303,0.0094950068742036,0.0091152861714363,0.0175288524478673,-0.0053333537653088,-0.0128150591626763,-0.0320083014667034,-0.0100021539255976,-0.0251635629683733,-0.0077386200428009,-0.0428708754479885,0.013648203574121,0.0341220162808895,0.0198760479688644,0.0242347121238708,-0.0054484941065311,-0.0145801417529583,0.0111673539504408,0.0239382330328226,-0.0033340246882289,-0.01769913546741,0.0020907060243189,0.0130634810775518,-0.0014604567550122,-0.0038274487014859,0.0048056738451123,0.0082325628027319,-0.0039508966729044,-0.0201663542538881,-0.0269311238080263,-0.0229885354638099,0.0246727671474218,-0.0065597780048847,0.0079564712941646,0.0359929613769054,-0.0039467932656407,-0.0097208227962255,0.0800834223628044,0.0113436039537191,-0.0243290625512599,-0.0243482943624258,0.0322580859065055,-0.0346628464758396,-0.0145705202594399,-0.0087079955264925,-0.0014279241440817,0.0018425111193209,0.0030937901884473,0.001381247098056,0.0299856806398037,0.0142224443372844,0.0147548530696459,-0.0006891504604057,0.0469626312714479,0.0386819233686173,-0.0028584632725082,0.2198541899453059,0.2311572235079426,0.0309962744084997,2019-02-08,2019-02-11,2019-02-12,2019-02-13,2019-02-14,2019-02-15,2019-02-19,2019-02-20,2019-02-21,2019-02-22,14795.0,2019-02-07,252.0,-3.4023%,-0.0003,1.3919,0.7323,0.5722,1.4508%,2.0471%,49.7698%,-0.022584,TKR,14795.0,2019-02-08,252.0,-0.1428%,-0.0001,1.3902,0.7815,0.5975,1.4098%,2.0182%,51.2063%,0.000801,TKR,14795.0,2019-02-11,252.0,0.4528%,-0.0001,1.3857,0.7804,0.5945,1.4099%,1.9987%,50.2414%,-0.00405,TKR,14795.0,2019-02-12,252.0,2.6809%,-0.0,1.3926,0.778,0.5985,1.4107%,2.0045%,50.4687%,0.008718,TKR,14795.0,2019-02-13,252.0,0.5083%,0.0,1.3989,0.7674,0.5967,1.4081%,2.0047%,50.6680%,0.000198,TKR,14795.0,2019-02-14,252.0,-1.9770%,-0.0,1.4033,0.758,0.6063,1.4120%,2.0087%,50.5838%,-0.017462,TKR,14795.0,2019-02-15,252.0,1.7589%,-0.0,1.4053,0.7594,0.6091,1.4118%,2.0072%,50.5246%,-0.003174,TKR,14795.0,2019-02-19,252.0,0.1844%,0.0,1.4081,0.751,0.5993,1.4101%,2.0072%,50.6497%,-0.0049559999999999,TKR,14795.0,2019-02-20,252.0,0.7409%,0.0,1.4086,0.7546,0.6017,1.4096%,2.0077%,50.7083%,-0.000315,TKR,14795.0,2019-02-21,252.0,-0.2528%,-0.0,1.4134,0.7654,0.6104,1.4061%,2.0077%,50.9460%,0.004496,TKR,14795.0,2019-02-22,252.0,0.7143%,-0.0001,1.4141,0.7378,0.5936,1.4000%,2.0033%,51.1593%,0.00262,TKR,-0.021783,-0.025833,-0.017115,-0.034379,-0.035708
37843,TIMKEN CO,"Timken Q4 EPS $1 Misses $1.03 Estimate, Sales $910.1M Miss $924.06M Estimate",6,decrease,0.8,0.7,"the company's earnings per share and sales both missed analyst estimates, which typically leads to a negative reaction in stock prices.",0,2019-02-07,TKR,2019-02-07 11:58:00+00:00,14795.0,88738910,-0.0340229794383049,1358522.0,-0.0014279241440817,0.0018425111193209,0.0045281802304089,-0.0004604157002177,0.0268089491873979,0.0128234848380088,0.0050832075066864,0.0070438892580568,-0.0197701286524534,-0.0215942710638046,0.0175891183316707,0.0208724066615104,0.0018437252147123,0.0171756017953157,0.0074091157875955,-0.0129503896459937,-0.0025280809495598,0.0191985387355089,0.0071428008377552,-0.0050143958069384,0.0,-0.0159774497151374,-0.0080072861164808,-0.0344827659428119,0.0064575364813208,0.0303881037980318,-0.0057286894880235,0.0197854116559028,0.0034570528659969,0.0152468802407383,-0.0032154200598597,0.0,0.0073732645250856,-0.0064919563010334,-0.0109789464622736,0.0055609173141419,-0.0129510024562478,0.0257936734706163,-0.0007028767140582,0.0161290168762207,0.0152402743697166,0.0137966508045792,0.0034642384853214,0.0163594149053096,0.0124280992895364,0.0582577362656593,-0.0156854372471571,-0.0337227955460548,-0.0002309081173734,0.0091104004532098,0.0152460113167762,0.0130293034017086,-0.0043231500312685,-0.007008041255176,-0.0011425785487517,0.0144927203655242,0.0176161173731088,0.0621550790965557,-0.0640737041831016,-0.0344924144446849,0.007686757016927,-0.0127353016287088,0.0119189508259296,-0.0057804263196885,-0.0002356215845793,-0.0342901945114135,0.008011314086616,0.0066898581571877,0.019635347649455,-0.0129424631595611,0.0403485149145126,-0.0042083072476089,0.005509034730494,-0.0168088376522064,0.0155599182471633,0.0273644737899303,0.0094950068742036,0.0091152861714363,0.0175288524478673,-0.0053333537653088,-0.0128150591626763,-0.0320083014667034,-0.0100021539255976,-0.0251635629683733,-0.0077386200428009,-0.0428708754479885,0.013648203574121,0.0341220162808895,0.0198760479688644,0.0242347121238708,-0.0054484941065311,-0.0145801417529583,0.0111673539504408,0.0239382330328226,-0.0033340246882289,-0.01769913546741,0.0020907060243189,0.0130634810775518,-0.0014604567550122,-0.0038274487014859,0.0048056738451123,0.0082325628027319,-0.0039508966729044,-0.0201663542538881,-0.0269311238080263,-0.0229885354638099,0.0246727671474218,-0.0065597780048847,0.0079564712941646,0.0359929613769054,-0.0039467932656407,-0.0097208227962255,0.0800834223628044,0.0113436039537191,-0.0243290625512599,-0.0243482943624258,0.0322580859065055,-0.0346628464758396,-0.0145705202594399,-0.0087079955264925,-0.0014279241440817,0.0018425111193209,0.0030937901884473,0.001381247098056,0.0299856806398037,0.0142224443372844,0.0147548530696459,-0.0006891504604057,0.0469626312714479,0.0386819233686173,-0.0028584632725082,0.2198541899453059,0.2311572235079426,0.0309962744084997,2019-02-08,2019-02-11,2019-02-12,2019-02-13,2019-02-14,2019-02-15,2019-02-19,2019-02-20,2019-02-21,2019-02-22,14795.0,2019-02-07,252.0,-3.4023%,-0.0003,1.3919,0.7323,0.5722,1.4508%,2.0471%,49.7698%,-0.022584,TKR,14795.0,2019-02-08,252.0,-0.1428%,-0.0001,1.3902,0.7815,0.5975,1.4098%,2.0182%,51.2063%,0.000801,TKR,14795.0,2019-02-11,252.0,0.4528%,-0.0001,1.3857,0.7804,0.5945,1.4099%,1.9987%,50.2414%,-0.00405,TKR,14795.0,2019-02-12,252.0,2.6809%,-0.0,1.3926,0.778,0.5985,1.4107%,2.0045%,50.4687%,0.008718,TKR,14795.0,2019-02-13,252.0,0.5083%,0.0,1.3989,0.7674,0.5967,1.4081%,2.0047%,50.6680%,0.000198,TKR,14795.0,2019-02-14,252.0,-1.9770%,-0.0,1.4033,0.758,0.6063,1.4120%,2.0087%,50.5838%,-0.017462,TKR,14795.0,2019-02-15,252.0,1.7589%,-0.0,1.4053,0.7594,0.6091,1.4118%,2.0072%,50.5246%,-0.003174,TKR,14795.0,2019-02-19,252.0,0.1844%,0.0,1.4081,0.751,0.5993,1.4101%,2.0072%,50.6497%,-0.0049559999999999,TKR,14795.0,2019-02-20,252.0,0.7409%,0.0,1.4086,0.7546,0.6017,1.4096%,2.0077%,50.7083%,-0.000315,TKR,14795.0,2019-02-21,252.0,-0.2528%,-0.0,1.4134,0.7654,0.6104,1.4061%,2.0077%,50.9460%,0.004496,TKR,14795.0,2019-02-22,252.0,0.7143%,-0.0001,1.4141,0.7378,0.5936,1.4000%,2.0033%,51.1593%,0.00262,TKR,-0.021783,-0.025833,-0.017115,-0.034379,-0.035708
37851,TOYOTA MOTOR CORP,Shares of several automotive companies are trading lower after Fiat Chrysler reported heavy weakness in China due to increased competitive and regulatory challenges.,6,decrease,0.7,0.6,"the reported weakness of fiat chrysler in china may signal broader challenges in the automotive market, leading to a negative sentiment that could impact toyota's stock price.",0,2019-02-07,TM,2019-02-07 16:06:00+00:00,76655.0,89233130,-0.0242875032126903,310712.0,-0.0067733726464211,-0.0195998884737491,-0.0013638738309964,0.0046379142440855,0.0224498268216848,0.0073770615272223,-0.0012523086043074,-0.0094990516081452,-0.0031764379236847,0.0010565445991232,0.0159329269081354,0.0062975734472274,0.0028064080979675,-0.0017146203899756,0.0107004940509796,-0.0100226141512394,-0.0126232029870152,0.0072457818314433,0.0047839148901402,0.0029395003803074,0.0048432438634335,-0.0091423727571964,0.0066987965255975,-0.0139609100297093,-0.0073845949955284,0.0034422054886817,-0.0104643460363149,-0.0058889500796794,-0.0057832500897347,-0.0049096858128905,-0.0159547794610261,0.0070978500880301,-0.00135108968243,0.0025585647672414,-0.0023676541168242,0.0046590236015617,-0.0062722959555685,0.0127725331112742,0.0040088812820613,0.0049873325042426,0.0120635302737355,0.0084927342832088,-0.0031058099120855,0.012945756316185,0.0046311505138874,0.0443087816238403,-0.0134942643344402,-0.0140178641304373,0.0107901813462376,0.0017229233635589,0.0045389672741293,-0.0022347818594425,0.0018408603500574,0.0074471160769462,-0.000501170870848,0.0154766282066702,0.0064343968406319,0.0170825831592083,-0.0018266458064317,-0.0188662819564342,0.0022458545863628,-0.0379062741994857,0.0106232780963182,-0.0077902525663375,-0.0060770129784941,-0.0052496031858026,-0.016194324940443,0.0038477547932416,-0.0088183674961328,-0.0045794788748025,0.0157600454986095,-0.0056300736032426,0.0064231255091726,-0.0091065764427185,0.0034811284858733,0.012291301973164,0.0083422986790537,-0.0043823281303048,0.0037680133245885,0.0080853644758462,-0.0024482051376253,-0.0152671802788972,-0.0014725156361237,0.0078590717166662,0.0009831455536186,-0.0212938617914915,-0.009330490604043,0.0167105589061975,0.0112359598278999,-0.0024634210858494,-0.0035130742471665,0.0016449822578579,-0.0018037322442978,0.0047934036701917,0.0191375911235809,-0.0022264092694967,0.0087040765210986,0.0130314724519848,-0.0079897725954651,0.0038574347272515,0.0062822066247463,0.0167107097804546,-0.0164879560470581,0.0012805321021005,0.0025228287559002,0.001538990298286,0.0034905455540865,-0.0003418881678953,0.0015369261382147,0.0010267175966873,-0.0016961399232968,0.0153765669092536,-0.0055016204714775,-0.0039802636019885,-0.0026846879627555,-0.0142442695796489,0.0086467508226633,-0.000426319806138,-0.0054185050539672,-0.0169306565076112,-0.0067733726464211,-0.0195998884737491,-0.0081280084517175,-0.0150528768315985,0.0141393459878209,-0.0077868613029244,0.0096520140055491,-0.0161735857022147,0.0314113873862889,-0.0115946618544343,0.0178647068662891,0.0622148484862887,0.0412327690525058,0.0145839038077781,2019-02-08,2019-02-11,2019-02-12,2019-02-13,2019-02-14,2019-02-15,2019-02-19,2019-02-20,2019-02-21,2019-02-22,76655.0,2019-02-07,252.0,-2.4288%,-0.0007,0.6803,-0.1971,0.0498,0.9164%,1.1759%,39.2664%,-0.018411,TM,76655.0,2019-02-08,252.0,-0.6773%,-0.0006,0.6811,-0.187,0.06,0.9153%,1.1737%,39.1814%,-0.007043,TM,76655.0,2019-02-11,252.0,-0.1364%,-0.0007,0.6929,-0.1991,0.0596,0.9135%,1.1686%,38.8949%,-0.001321,TM,76655.0,2019-02-12,252.0,2.2450%,-0.0007,0.6967,-0.1939,0.0606,0.9168%,1.1729%,38.9009%,0.013067,TM,76655.0,2019-02-13,252.0,-0.1252%,-0.0007,0.6934,-0.1893,0.0608,0.9161%,1.1683%,38.5180%,-0.003229,TM,76655.0,2019-02-14,252.0,-0.3176%,-0.0006,0.6952,-0.1882,0.0565,0.8987%,1.1565%,39.6144%,-0.000483,TM,76655.0,2019-02-15,252.0,1.5933%,-0.0005,0.7065,-0.177,0.0762,0.8993%,1.1609%,39.9855%,0.008177,TM,76655.0,2019-02-19,252.0,0.2806%,-0.0005,0.7099,-0.1798,0.0727,0.8975%,1.1610%,40.2445%,0.0016489999999999,TM,76655.0,2019-02-20,252.0,1.0700%,-0.0005,0.7119,-0.1787,0.0789,0.8983%,1.1623%,40.2580%,0.009247,TM,76655.0,2019-02-21,252.0,-1.2623%,-0.0005,0.7148,-0.175,0.0843,0.9003%,1.1648%,40.2567%,-0.010033,TM,76655.0,2019-02-22,252.0,0.4784%,-0.0005,0.7142,-0.1702,0.082,0.9002%,1.1643%,40.2138%,0.0022389999999999,TM,-0.025454,-0.026775,-0.013708,-0.01742,-0.006141
37859,T MOBILE U S INC,"T-Mobile Sees FY19 Adj. EBITDA $12.7B-$13.2B, Branded Postpaid Net Customer Adds 2.6M-3.6M",6,increase,0.75,0.6,"the positive guidance on adjusted ebitda and strong projected customer additions suggest strong financial performance, likely boosting investor confidence and the stock price.",2,2019-02-07,TMUS,2019-02-07 12:34:00+00:00,91937.0,87259010,0.020017871633172,7537671.0,0.0014645353658124,0.0013463570503517,0.0008775254245847,-0.0368823669850826,0.0169490948319435,-0.0031594657339155,-0.0076149250380694,0.0001435579761164,0.0207036379724741,0.0190281476825475,0.0219858586788177,0.0079669654369354,0.0065231584012508,0.002366105094552,0.0031715852674096,-0.0125584192574024,0.009072215296328,-0.0026216180995106,-0.0028607370331883,0.0126843741163611,-0.0020490970928221,0.0145144574344158,-0.0071184700354933,-0.0019414166454225,-0.0056527787819504,0.0107169672846794,0.0012478693388402,-0.0065977270714938,0.0018002666765823,-0.0067023676820099,-0.0095382202416658,-0.0113385990262031,-0.0033495863899588,-0.0157970488071441,-0.0088223619386553,0.0153031330555677,0.0076292869634926,0.0035439732018858,-0.009394253604114,-0.0007377220899797,0.0116065060719847,-0.0097896810621023,0.0032180736307054,0.0140762273222208,0.0076708937995135,0.03798833116889,0.0012456240365281,-0.0036776813212782,0.0154824825003743,0.0259393416345119,0.0029948437586426,0.005850710440427,-0.0147937564179301,0.0094174006953835,-0.0073012649081647,-0.0057133282534778,0.0027755284681916,0.036348670721054,-0.0049820179119706,-0.0182464253157377,0.0057023093104362,-0.036258976906538,0.0142442099750042,-0.0094034308567643,-0.0149986166507005,0.0013893789146095,-0.0427740365266799,-0.0004628727037925,-0.0007231099298223,-0.0127951856702566,0.0125904884189367,-0.0106992023065686,-0.0034300107508897,0.0039334665052592,-0.0104689989238977,0.0086983013898134,0.0152174355462193,-0.003042820142582,0.0042825895361602,0.0006089346134103,0.0125089539214968,-0.0239227414131164,0.0026673425454646,0.0109659507870674,0.0103613203391432,-0.0181416422128677,0.011640747077763,-0.0094958934932947,0.009726014919579,-0.003348913276568,0.0010853592539206,-0.003482267493382,0.0042010783217847,0.0211883299052715,-0.0221322458237409,0.0,0.0178029388189315,0.0062620867975056,-0.0004067631089128,0.0043426314368844,0.0004069286223966,0.003154560457915,-0.0056948903948068,-0.0210294164717197,-0.008454967290163,-0.0164882764220237,0.0028881733305752,0.0155698815360665,0.0093252919614315,-0.0005872125038877,-0.0082880519330501,-0.0042391596361994,0.0080833537504076,0.0076595121063292,0.0004077029007021,-0.0115026338025927,0.0153511380776763,-0.0153404977172613,-0.0037463044282048,-0.0083877788856625,0.0014645353658124,0.0013463570503517,0.002343345957416,-0.0355856667695548,0.0193321583822159,-0.0386327008086935,0.0325131998935614,-0.0201990238070849,0.0720562134883973,-0.0126843749003885,0.053017028815069,0.0808978192736991,0.0905096720427911,-0.0483365702807406,2019-02-08,2019-02-11,2019-02-12,2019-02-13,2019-02-14,2019-02-15,2019-02-19,2019-02-20,2019-02-21,2019-02-22,91937.0,2019-02-07,252.0,2.0018%,0.0004,0.8199,-0.1216,-0.0715,1.3174%,1.6031%,32.4682%,0.0276529999999999,TMUS,91937.0,2019-02-08,252.0,0.1465%,0.0003,0.8206,-0.1429,-0.0827,1.3090%,1.5984%,32.9298%,0.000194,TMUS,91937.0,2019-02-11,252.0,0.0878%,0.0004,0.7942,-0.1173,-0.0826,1.3027%,1.5646%,30.6785%,0.000762,TMUS,91937.0,2019-02-12,252.0,1.6949%,0.0005,0.8009,-0.1218,-0.0784,1.3025%,1.5676%,30.9681%,0.005931,TMUS,91937.0,2019-02-13,252.0,-0.7615%,0.0005,0.8134,-0.1471,-0.0854,1.2897%,1.5639%,31.9967%,-0.00983,TMUS,91937.0,2019-02-14,252.0,2.0704%,0.0007,0.8089,-0.1347,-0.1001,1.2953%,1.5681%,31.7631%,0.022581,TMUS,91937.0,2019-02-15,252.0,2.1986%,0.0007,0.8142,-0.1286,-0.0897,1.2976%,1.5707%,31.7544%,0.013562,TMUS,91937.0,2019-02-19,252.0,0.6523%,0.0007,0.809,-0.1169,-0.0761,1.2919%,1.5595%,31.3757%,0.0055179999999999,TMUS,91937.0,2019-02-20,252.0,0.3172%,0.0007,0.8101,-0.1116,-0.0715,1.2913%,1.5590%,31.3948%,0.00221,TMUS,91937.0,2019-02-21,252.0,0.9072%,0.0007,0.8116,-0.1061,-0.0689,1.2912%,1.5593%,31.4264%,0.011727,TMUS,91937.0,2019-02-22,252.0,-0.2861%,0.0007,0.8122,-0.0888,-0.0457,1.2893%,1.5549%,31.2385%,-0.008665,TMUS,0.0278469999999999,0.0286089999999999,0.0345399999999999,0.047291,0.071643
37867,T MOBILE U S INC,"T-Mobile US Q4 EPS $0.75 Beats $0.70 Estimate, Sales $11.4B Beat $11.39B Estimate",6,increase,0.8,0.6,"the earnings per share and sales figures both exceeded analyst estimates, which typically signals strong performance and can lead to a positive reaction in the stock price.",2,2019-02-07,TMUS,2019-02-07 12:33:00+00:00,91937.0,87259010,0.020017871633172,7537671.0,0.0014645353658124,0.0013463570503517,0.0008775254245847,-0.0368823669850826,0.0169490948319435,-0.0031594657339155,-0.0076149250380694,0.0001435579761164,0.0207036379724741,0.0190281476825475,0.0219858586788177,0.0079669654369354,0.0065231584012508,0.002366105094552,0.0031715852674096,-0.0125584192574024,0.009072215296328,-0.0026216180995106,-0.0028607370331883,0.0126843741163611,-0.0020490970928221,0.0145144574344158,-0.0071184700354933,-0.0019414166454225,-0.0056527787819504,0.0107169672846794,0.0012478693388402,-0.0065977270714938,0.0018002666765823,-0.0067023676820099,-0.0095382202416658,-0.0113385990262031,-0.0033495863899588,-0.0157970488071441,-0.0088223619386553,0.0153031330555677,0.0076292869634926,0.0035439732018858,-0.009394253604114,-0.0007377220899797,0.0116065060719847,-0.0097896810621023,0.0032180736307054,0.0140762273222208,0.0076708937995135,0.03798833116889,0.0012456240365281,-0.0036776813212782,0.0154824825003743,0.0259393416345119,0.0029948437586426,0.005850710440427,-0.0147937564179301,0.0094174006953835,-0.0073012649081647,-0.0057133282534778,0.0027755284681916,0.036348670721054,-0.0049820179119706,-0.0182464253157377,0.0057023093104362,-0.036258976906538,0.0142442099750042,-0.0094034308567643,-0.0149986166507005,0.0013893789146095,-0.0427740365266799,-0.0004628727037925,-0.0007231099298223,-0.0127951856702566,0.0125904884189367,-0.0106992023065686,-0.0034300107508897,0.0039334665052592,-0.0104689989238977,0.0086983013898134,0.0152174355462193,-0.003042820142582,0.0042825895361602,0.0006089346134103,0.0125089539214968,-0.0239227414131164,0.0026673425454646,0.0109659507870674,0.0103613203391432,-0.0181416422128677,0.011640747077763,-0.0094958934932947,0.009726014919579,-0.003348913276568,0.0010853592539206,-0.003482267493382,0.0042010783217847,0.0211883299052715,-0.0221322458237409,0.0,0.0178029388189315,0.0062620867975056,-0.0004067631089128,0.0043426314368844,0.0004069286223966,0.003154560457915,-0.0056948903948068,-0.0210294164717197,-0.008454967290163,-0.0164882764220237,0.0028881733305752,0.0155698815360665,0.0093252919614315,-0.0005872125038877,-0.0082880519330501,-0.0042391596361994,0.0080833537504076,0.0076595121063292,0.0004077029007021,-0.0115026338025927,0.0153511380776763,-0.0153404977172613,-0.0037463044282048,-0.0083877788856625,0.0014645353658124,0.0013463570503517,0.002343345957416,-0.0355856667695548,0.0193321583822159,-0.0386327008086935,0.0325131998935614,-0.0201990238070849,0.0720562134883973,-0.0126843749003885,0.053017028815069,0.0808978192736991,0.0905096720427911,-0.0483365702807406,2019-02-08,2019-02-11,2019-02-12,2019-02-13,2019-02-14,2019-02-15,2019-02-19,2019-02-20,2019-02-21,2019-02-22,91937.0,2019-02-07,252.0,2.0018%,0.0004,0.8199,-0.1216,-0.0715,1.3174%,1.6031%,32.4682%,0.0276529999999999,TMUS,91937.0,2019-02-08,252.0,0.1465%,0.0003,0.8206,-0.1429,-0.0827,1.3090%,1.5984%,32.9298%,0.000194,TMUS,91937.0,2019-02-11,252.0,0.0878%,0.0004,0.7942,-0.1173,-0.0826,1.3027%,1.5646%,30.6785%,0.000762,TMUS,91937.0,2019-02-12,252.0,1.6949%,0.0005,0.8009,-0.1218,-0.0784,1.3025%,1.5676%,30.9681%,0.005931,TMUS,91937.0,2019-02-13,252.0,-0.7615%,0.0005,0.8134,-0.1471,-0.0854,1.2897%,1.5639%,31.9967%,-0.00983,TMUS,91937.0,2019-02-14,252.0,2.0704%,0.0007,0.8089,-0.1347,-0.1001,1.2953%,1.5681%,31.7631%,0.022581,TMUS,91937.0,2019-02-15,252.0,2.1986%,0.0007,0.8142,-0.1286,-0.0897,1.2976%,1.5707%,31.7544%,0.013562,TMUS,91937.0,2019-02-19,252.0,0.6523%,0.0007,0.809,-0.1169,-0.0761,1.2919%,1.5595%,31.3757%,0.0055179999999999,TMUS,91937.0,2019-02-20,252.0,0.3172%,0.0007,0.8101,-0.1116,-0.0715,1.2913%,1.5590%,31.3948%,0.00221,TMUS,91937.0,2019-02-21,252.0,0.9072%,0.0007,0.8116,-0.1061,-0.0689,1.2912%,1.5593%,31.4264%,0.011727,TMUS,91937.0,2019-02-22,252.0,-0.2861%,0.0007,0.8122,-0.0888,-0.0457,1.2893%,1.5549%,31.2385%,-0.008665,TMUS,0.0278469999999999,0.0286089999999999,0.0345399999999999,0.047291,0.071643
37875,T ROWE PRICE GROUP INC,"Amazon Enters Self-Driving Vehicle Market, Invests In Aurora",6,uncertain,0.5,0.1,"the news about amazon entering the self-driving vehicle market and investing in aurora does not directly relate to t rowe price group inc's core business, making the impact on its stock price uncertain.",1,2019-02-07,TROW,2019-02-07 21:07:00+00:00,10138.0,74144T10,-0.0050944951362907,1450337.0,-0.0145082212984561,-0.004016884136945,0.0031392176169902,-0.0059892791323363,0.0476961061358451,0.010833740234375,0.010711720213294,0.0073828636668622,-0.0080505544319748,0.0472882278263568,0.0024656411260366,-0.0378436893224716,-0.0018446433823555,-0.0179989095777273,0.0080082006752491,-0.0010577059583738,-0.0110002225264906,0.0073514003306627,0.0097837755456566,0.0025635319761931,0.0006119077443145,-0.0089975493028759,0.0040770717896521,-0.0221509095281362,0.0175616256892681,0.0197382606565952,0.001895475317724,-0.0055631236173212,0.0023897029459476,0.0271697752177715,-0.0112247671931982,0.0171071123331785,-0.0073337689973413,0.0104155391454696,-0.0075903250835835,-0.0221042465418577,-0.0182541403919458,-0.0038855974562466,0.005920844618231,0.0035745431669056,0.0232342015951871,0.0051170522347092,0.0135230999439954,-0.0014134037774056,0.009160591289401,0.0356942452490329,0.0008880298119038,-0.0329921469092369,0.0174811501055955,-0.0051993429660797,0.0040023038163781,0.0107291806489229,-0.0020417994819581,0.0003285377169959,-0.0173421557992696,0.0185164082795381,0.0143763329833746,0.0553267188370227,-0.0346984229981899,-0.0210878290235996,-0.0054678097367286,-0.0059565207920968,0.0170026291161775,-0.0125551475211978,-0.0080088404938578,-0.0263215787708759,0.0,-0.0025265926960855,0.010394656099379,-0.0102207502350211,0.0317618884146213,-0.0138323064893484,-0.0002904782886616,-0.0006381038110703,0.00029056268977,0.0216233599931001,-0.0028073659632354,-0.0045429766178131,0.0138821499422192,-0.0088979611173272,0.0005744691588915,-0.0166561435908079,-0.0065071801654994,-0.0043035168200731,0.0022154049947857,-0.0432818345725536,0.0067275054752826,0.0022141828667372,0.0109785348176956,0.0152242546901106,-0.0089707700535655,-0.0047792717814445,0.0164840724319219,0.0365763008594512,-0.0055305957794189,-0.011358861811459,-0.0017908833688125,0.0138404387980699,0.0055712591856718,0.0014813182642683,0.0094844792038202,0.0272826310247182,0.0210232753306627,-0.0311710108071565,-0.0191326383501291,-0.0094920583069324,0.0036225095391273,-0.0019778765272349,-0.0071263695135712,0.0160778146237134,0.0020507199224084,-0.0137700783088803,-0.0133023280650377,0.0029294702690094,-0.0076364437118172,-0.0294476188719272,0.0152004407718777,-0.0141154872253537,-0.010481028817594,-0.0158620756119489,-0.0145082212984561,-0.004016884136945,-0.0114145481453572,-0.0099821050289429,0.0357371284906542,0.0007434916725561,0.038404079607279,0.05580461277582,0.0459782923889275,0.0064088717556021,0.0615053396232136,0.0857340739561725,0.1365286568589898,-0.0647565813433478,2019-02-08,2019-02-11,2019-02-12,2019-02-13,2019-02-14,2019-02-15,2019-02-19,2019-02-20,2019-02-21,2019-02-22,10138.0,2019-02-07,252.0,-0.5094%,-0.0003,1.2785,-0.012,0.3964,0.9464%,1.6195%,65.8508%,0.0051359999999999,TROW,10138.0,2019-02-08,252.0,-1.4508%,-0.0003,1.2807,-0.0091,0.4075,0.9497%,1.6218%,65.7051%,-0.013017,TROW,10138.0,2019-02-11,252.0,0.3139%,-0.0004,1.2846,-0.0119,0.4081,0.9496%,1.5998%,64.7698%,0.000369,TROW,10138.0,2019-02-12,252.0,4.7696%,-0.0002,1.3034,-0.0131,0.4179,0.9692%,1.6256%,64.4545%,0.030822,TROW,10138.0,2019-02-13,252.0,1.0712%,-0.0002,1.3052,-0.0134,0.4195,0.9701%,1.6243%,64.3327%,0.006678,TROW,10138.0,2019-02-14,252.0,-0.8051%,-0.0002,1.3055,-0.0151,0.4219,0.9698%,1.6244%,64.3582%,-0.002906,TROW,10138.0,2019-02-15,252.0,0.2466%,-0.0003,1.2938,-0.0272,0.4008,0.9736%,1.6170%,63.7472%,-0.014374,TROW,10138.0,2019-02-19,252.0,-0.1845%,-0.0003,1.2932,-0.0311,0.3964,0.9741%,1.6153%,63.6351%,-0.005526,TROW,10138.0,2019-02-20,252.0,0.8008%,-0.0003,1.2934,-0.0339,0.3965,0.9731%,1.6152%,63.7036%,0.003339,TROW,10138.0,2019-02-21,252.0,-1.1000%,-0.0004,1.296,-0.0298,0.4013,0.9733%,1.6163%,63.7379%,-0.0054259999999999,TROW,10138.0,2019-02-22,252.0,0.9784%,-0.0004,1.2952,-0.0356,0.3861,0.9739%,1.6176%,63.7528%,0.0073219999999999,TROW,-0.007881,-0.007512,0.0233099999999999,0.027082,0.012417
37883,TYSON FOODS INC,Tyson Reaffirms FY19 Adj. EPS $5.75-$6.10,6,increase,0.7,0.6,"reaffirming adjusted eps guidance typically signals confidence in the company's financial performance, which can positively influence investor sentiment and stock price.",2,2019-02-07,TSN,2019-02-07 12:33:00+00:00,77730.0,90249410,-0.0128079243004322,5132578.0,-0.0138056892901659,-0.0128059182316064,0.0023612647783011,-0.0014567846665158,0.0328117236495018,-0.0022609720472246,-0.0112414862960577,0.0,0.0080738458782434,-0.0038610307965427,0.0233736559748649,0.0061508752405643,0.005270691588521,-0.0003236320044379,0.0104861753061413,0.0177865289151668,-0.0084905205294489,0.0104842912405729,0.0041230306960642,-0.0067768571898341,-0.0157927982509136,0.0071583203971385,-0.0088254045695066,-0.0145997274667024,-0.0019426733488217,0.0264354217797517,0.0062449038960039,0.0152136646211147,0.0085955038666725,-0.0015361008699983,0.001125577953644,0.0141942128539085,0.0274655148386955,-0.0010375474812462,-0.0067219054326415,0.0046907654032111,0.0089707225561141,0.0178603380918502,-0.0207456219941377,-0.0173761956393718,0.0229372810572385,0.0267618205398321,-0.0063843014650046,0.0161348693072795,0.0098730772733688,0.0122958002611994,0.0068279765546321,0.0213683824986219,0.0052405050955712,-0.0009363866993226,0.0016866085352376,0.0202522240579128,0.0067349579185247,-0.0028577160555869,-0.0135319968685507,0.0082597061991691,0.0252774264663457,0.0258128345012664,0.0013530362630262,-0.0189445111900568,0.0127608235925436,-0.0301837380975484,0.0057811946608126,0.0127207515761256,0.0022107816766947,0.0055364086292684,0.0130882263183593,-0.0203852653503418,0.0078385965898633,-0.0330921895802021,0.0038887604605406,-0.0139087475836277,-0.0063126948662102,0.0071839354932308,-0.0047646812163293,-0.0021505185868591,0.0159581955522298,0.0070384298451244,-0.0032842457294464,-0.0142323300242424,0.0091690449044108,-0.029188297688961,-0.0123509755358099,-0.0058379145339131,0.0155239589512348,-0.033681746572256,0.007360178977251,0.022391851991415,-0.0046368110924959,0.0213097631931304,0.0080464053899049,0.0193893574178218,0.0091022802516818,-0.0231401864439249,0.0169303528964519,-0.018836174160242,0.0028657079674303,0.0096790576353669,-0.0087086595594882,-0.0003395086969248,0.0219629164785146,0.0015300944214686,-0.0092678954824805,-0.0100975846871733,-0.0018980393651872,-0.0132846739143133,0.0073349755257368,0.0201592836529016,0.0005392837920226,0.0045949704945087,0.0109165124595165,0.0101426886394619,-0.0027996143326163,-0.0558351315557956,0.0042780707590281,-0.0075708958320319,-0.0003994463186245,0.0094309244304895,0.0261021014302969,-0.0087040765210986,-0.0138056892901659,-0.0128059182316064,-0.0114770233997257,-0.0142440474328019,0.0209581193296652,-0.0164728140869416,0.0176314268967749,-0.0202702428409889,0.0532268927757269,0.0066115962694919,0.1146890632366091,0.1772666158487577,0.2893979097287187,-0.0119977356744066,2019-02-08,2019-02-11,2019-02-12,2019-02-13,2019-02-14,2019-02-15,2019-02-19,2019-02-20,2019-02-21,2019-02-22,77730.0,2019-02-07,252.0,-1.2808%,-0.0007,0.5582,0.1727,0.1171,1.3537%,1.4763%,15.9189%,-0.007952,TSN,77730.0,2019-02-08,252.0,-1.3806%,-0.0007,0.5602,0.1843,0.133,1.3549%,1.4773%,15.8792%,-0.013686,TSN,77730.0,2019-02-11,252.0,0.2361%,-0.0008,0.5955,0.1516,0.1339,1.3439%,1.4765%,17.1535%,-4.5e-05,TSN,77730.0,2019-02-12,252.0,3.2812%,-0.0008,0.6054,0.1577,0.1378,1.3530%,1.4891%,17.4392%,0.02481,TSN,77730.0,2019-02-13,252.0,-1.1241%,-0.0008,0.6086,0.1473,0.133,1.3535%,1.4904%,17.5230%,-0.013228,TSN,77730.0,2019-02-14,252.0,0.8074%,-0.0007,0.6061,0.1527,0.1273,1.3549%,1.4912%,17.4441%,0.009257,TSN,77730.0,2019-02-15,252.0,2.3374%,-0.0007,0.6124,0.1602,0.1398,1.3583%,1.4957%,17.5229%,0.015432,TSN,77730.0,2019-02-19,252.0,0.5271%,-0.0007,0.6148,0.1602,0.1397,1.3582%,1.4961%,17.5924%,0.003123,TSN,77730.0,2019-02-20,252.0,1.0486%,-0.0006,0.6171,0.1648,0.1478,1.3593%,1.4977%,17.6299%,0.008097,TSN,77730.0,2019-02-21,252.0,-0.8491%,-0.0007,0.6209,0.1712,0.1546,1.3589%,1.4985%,17.7553%,-0.005852,TSN,77730.0,2019-02-22,252.0,0.4123%,-0.0006,0.6202,0.1825,0.1565,1.3580%,1.4976%,17.7759%,0.0013189999999999,TSN,-0.021638,-0.021683,0.0031269999999999,-0.000844,0.021275
37891,TYSON FOODS INC,"Tyson Foods Q1 EPS $1.58 Beats $1.57 Estimate, Sales $10.193B Miss $10.37B Estimate",6,uncertain,0.6,0.3,"while tyson foods beat eps estimates, the miss on sales could raise concerns among investors, leading to mixed reactions in the stock price.",1,2019-02-07,TSN,2019-02-07 12:33:00+00:00,77730.0,90249410,-0.0128079243004322,5132578.0,-0.0138056892901659,-0.0128059182316064,0.0023612647783011,-0.0014567846665158,0.0328117236495018,-0.0022609720472246,-0.0112414862960577,0.0,0.0080738458782434,-0.0038610307965427,0.0233736559748649,0.0061508752405643,0.005270691588521,-0.0003236320044379,0.0104861753061413,0.0177865289151668,-0.0084905205294489,0.0104842912405729,0.0041230306960642,-0.0067768571898341,-0.0157927982509136,0.0071583203971385,-0.0088254045695066,-0.0145997274667024,-0.0019426733488217,0.0264354217797517,0.0062449038960039,0.0152136646211147,0.0085955038666725,-0.0015361008699983,0.001125577953644,0.0141942128539085,0.0274655148386955,-0.0010375474812462,-0.0067219054326415,0.0046907654032111,0.0089707225561141,0.0178603380918502,-0.0207456219941377,-0.0173761956393718,0.0229372810572385,0.0267618205398321,-0.0063843014650046,0.0161348693072795,0.0098730772733688,0.0122958002611994,0.0068279765546321,0.0213683824986219,0.0052405050955712,-0.0009363866993226,0.0016866085352376,0.0202522240579128,0.0067349579185247,-0.0028577160555869,-0.0135319968685507,0.0082597061991691,0.0252774264663457,0.0258128345012664,0.0013530362630262,-0.0189445111900568,0.0127608235925436,-0.0301837380975484,0.0057811946608126,0.0127207515761256,0.0022107816766947,0.0055364086292684,0.0130882263183593,-0.0203852653503418,0.0078385965898633,-0.0330921895802021,0.0038887604605406,-0.0139087475836277,-0.0063126948662102,0.0071839354932308,-0.0047646812163293,-0.0021505185868591,0.0159581955522298,0.0070384298451244,-0.0032842457294464,-0.0142323300242424,0.0091690449044108,-0.029188297688961,-0.0123509755358099,-0.0058379145339131,0.0155239589512348,-0.033681746572256,0.007360178977251,0.022391851991415,-0.0046368110924959,0.0213097631931304,0.0080464053899049,0.0193893574178218,0.0091022802516818,-0.0231401864439249,0.0169303528964519,-0.018836174160242,0.0028657079674303,0.0096790576353669,-0.0087086595594882,-0.0003395086969248,0.0219629164785146,0.0015300944214686,-0.0092678954824805,-0.0100975846871733,-0.0018980393651872,-0.0132846739143133,0.0073349755257368,0.0201592836529016,0.0005392837920226,0.0045949704945087,0.0109165124595165,0.0101426886394619,-0.0027996143326163,-0.0558351315557956,0.0042780707590281,-0.0075708958320319,-0.0003994463186245,0.0094309244304895,0.0261021014302969,-0.0087040765210986,-0.0138056892901659,-0.0128059182316064,-0.0114770233997257,-0.0142440474328019,0.0209581193296652,-0.0164728140869416,0.0176314268967749,-0.0202702428409889,0.0532268927757269,0.0066115962694919,0.1146890632366091,0.1772666158487577,0.2893979097287187,-0.0119977356744066,2019-02-08,2019-02-11,2019-02-12,2019-02-13,2019-02-14,2019-02-15,2019-02-19,2019-02-20,2019-02-21,2019-02-22,77730.0,2019-02-07,252.0,-1.2808%,-0.0007,0.5582,0.1727,0.1171,1.3537%,1.4763%,15.9189%,-0.007952,TSN,77730.0,2019-02-08,252.0,-1.3806%,-0.0007,0.5602,0.1843,0.133,1.3549%,1.4773%,15.8792%,-0.013686,TSN,77730.0,2019-02-11,252.0,0.2361%,-0.0008,0.5955,0.1516,0.1339,1.3439%,1.4765%,17.1535%,-4.5e-05,TSN,77730.0,2019-02-12,252.0,3.2812%,-0.0008,0.6054,0.1577,0.1378,1.3530%,1.4891%,17.4392%,0.02481,TSN,77730.0,2019-02-13,252.0,-1.1241%,-0.0008,0.6086,0.1473,0.133,1.3535%,1.4904%,17.5230%,-0.013228,TSN,77730.0,2019-02-14,252.0,0.8074%,-0.0007,0.6061,0.1527,0.1273,1.3549%,1.4912%,17.4441%,0.009257,TSN,77730.0,2019-02-15,252.0,2.3374%,-0.0007,0.6124,0.1602,0.1398,1.3583%,1.4957%,17.5229%,0.015432,TSN,77730.0,2019-02-19,252.0,0.5271%,-0.0007,0.6148,0.1602,0.1397,1.3582%,1.4961%,17.5924%,0.003123,TSN,77730.0,2019-02-20,252.0,1.0486%,-0.0006,0.6171,0.1648,0.1478,1.3593%,1.4977%,17.6299%,0.008097,TSN,77730.0,2019-02-21,252.0,-0.8491%,-0.0007,0.6209,0.1712,0.1546,1.3589%,1.4985%,17.7553%,-0.005852,TSN,77730.0,2019-02-22,252.0,0.4123%,-0.0006,0.6202,0.1825,0.1565,1.3580%,1.4976%,17.7759%,0.0013189999999999,TSN,-0.021638,-0.021683,0.0031269999999999,-0.000844,0.021275
37899,TYSON FOODS INC,Tyson Foods to Acquire Thai and European  Operations from BRF S.A. for $340M,6,increase,0.75,0.6,"the acquisition of thai and european operations from brf s.a. for $340m is likely to enhance tyson foods' market presence and operational capacity, which could positively influence investor sentiment and stock price.",2,2019-02-07,TSN,2019-02-07 09:01:00+00:00,77730.0,90249410,-0.0128079243004322,5132578.0,-0.0138056892901659,-0.0128059182316064,0.0023612647783011,-0.0014567846665158,0.0328117236495018,-0.0022609720472246,-0.0112414862960577,0.0,0.0080738458782434,-0.0038610307965427,0.0233736559748649,0.0061508752405643,0.005270691588521,-0.0003236320044379,0.0104861753061413,0.0177865289151668,-0.0084905205294489,0.0104842912405729,0.0041230306960642,-0.0067768571898341,-0.0157927982509136,0.0071583203971385,-0.0088254045695066,-0.0145997274667024,-0.0019426733488217,0.0264354217797517,0.0062449038960039,0.0152136646211147,0.0085955038666725,-0.0015361008699983,0.001125577953644,0.0141942128539085,0.0274655148386955,-0.0010375474812462,-0.0067219054326415,0.0046907654032111,0.0089707225561141,0.0178603380918502,-0.0207456219941377,-0.0173761956393718,0.0229372810572385,0.0267618205398321,-0.0063843014650046,0.0161348693072795,0.0098730772733688,0.0122958002611994,0.0068279765546321,0.0213683824986219,0.0052405050955712,-0.0009363866993226,0.0016866085352376,0.0202522240579128,0.0067349579185247,-0.0028577160555869,-0.0135319968685507,0.0082597061991691,0.0252774264663457,0.0258128345012664,0.0013530362630262,-0.0189445111900568,0.0127608235925436,-0.0301837380975484,0.0057811946608126,0.0127207515761256,0.0022107816766947,0.0055364086292684,0.0130882263183593,-0.0203852653503418,0.0078385965898633,-0.0330921895802021,0.0038887604605406,-0.0139087475836277,-0.0063126948662102,0.0071839354932308,-0.0047646812163293,-0.0021505185868591,0.0159581955522298,0.0070384298451244,-0.0032842457294464,-0.0142323300242424,0.0091690449044108,-0.029188297688961,-0.0123509755358099,-0.0058379145339131,0.0155239589512348,-0.033681746572256,0.007360178977251,0.022391851991415,-0.0046368110924959,0.0213097631931304,0.0080464053899049,0.0193893574178218,0.0091022802516818,-0.0231401864439249,0.0169303528964519,-0.018836174160242,0.0028657079674303,0.0096790576353669,-0.0087086595594882,-0.0003395086969248,0.0219629164785146,0.0015300944214686,-0.0092678954824805,-0.0100975846871733,-0.0018980393651872,-0.0132846739143133,0.0073349755257368,0.0201592836529016,0.0005392837920226,0.0045949704945087,0.0109165124595165,0.0101426886394619,-0.0027996143326163,-0.0558351315557956,0.0042780707590281,-0.0075708958320319,-0.0003994463186245,0.0094309244304895,0.0261021014302969,-0.0087040765210986,-0.0138056892901659,-0.0128059182316064,-0.0114770233997257,-0.0142440474328019,0.0209581193296652,-0.0164728140869416,0.0176314268967749,-0.0202702428409889,0.0532268927757269,0.0066115962694919,0.1146890632366091,0.1772666158487577,0.2893979097287187,-0.0119977356744066,2019-02-08,2019-02-11,2019-02-12,2019-02-13,2019-02-14,2019-02-15,2019-02-19,2019-02-20,2019-02-21,2019-02-22,77730.0,2019-02-07,252.0,-1.2808%,-0.0007,0.5582,0.1727,0.1171,1.3537%,1.4763%,15.9189%,-0.007952,TSN,77730.0,2019-02-08,252.0,-1.3806%,-0.0007,0.5602,0.1843,0.133,1.3549%,1.4773%,15.8792%,-0.013686,TSN,77730.0,2019-02-11,252.0,0.2361%,-0.0008,0.5955,0.1516,0.1339,1.3439%,1.4765%,17.1535%,-4.5e-05,TSN,77730.0,2019-02-12,252.0,3.2812%,-0.0008,0.6054,0.1577,0.1378,1.3530%,1.4891%,17.4392%,0.02481,TSN,77730.0,2019-02-13,252.0,-1.1241%,-0.0008,0.6086,0.1473,0.133,1.3535%,1.4904%,17.5230%,-0.013228,TSN,77730.0,2019-02-14,252.0,0.8074%,-0.0007,0.6061,0.1527,0.1273,1.3549%,1.4912%,17.4441%,0.009257,TSN,77730.0,2019-02-15,252.0,2.3374%,-0.0007,0.6124,0.1602,0.1398,1.3583%,1.4957%,17.5229%,0.015432,TSN,77730.0,2019-02-19,252.0,0.5271%,-0.0007,0.6148,0.1602,0.1397,1.3582%,1.4961%,17.5924%,0.003123,TSN,77730.0,2019-02-20,252.0,1.0486%,-0.0006,0.6171,0.1648,0.1478,1.3593%,1.4977%,17.6299%,0.008097,TSN,77730.0,2019-02-21,252.0,-0.8491%,-0.0007,0.6209,0.1712,0.1546,1.3589%,1.4985%,17.7553%,-0.005852,TSN,77730.0,2019-02-22,252.0,0.4123%,-0.0006,0.6202,0.1825,0.1565,1.3580%,1.4976%,17.7759%,0.0013189999999999,TSN,-0.021638,-0.021683,0.0031269999999999,-0.000844,0.021275
37907,U B S GROUP A G,UBS Gets Court Approval to Move $36.5B Of Assets From U.K. To Germany,6,increase,0.7,0.6,"the court approval to move a significant amount of assets suggests a strategic shift that could enhance ubs's operational efficiency and financial stability, likely positively impacting investor sentiment.",2,2019-02-07,UBS,2019-02-07 18:02:00+00:00,15054.0,H4209710,-0.0169360525906086,2844007.0,-0.0070477798581123,-0.0023042000830173,0.0007885863306,0.0148090831935405,0.0102442959323525,-0.0031080001499503,0.0070202928036451,-0.0069444561377167,-0.0178156122565269,-0.0181818008422851,0.0212933365255594,0.0146041177213192,-0.0023165817838162,-0.0023005930706858,-0.03560371696949,-0.0045801843516528,-0.0104333963245153,0.0022953853476792,0.0008110485505312,0.001532529015094,0.0097244642674922,0.0085008200258016,0.0120384925976395,-0.0492285154759883,0.0031720825936645,0.0088954698294401,0.0015810639597475,-0.0036927761975675,0.0031570608261972,0.0242057256400585,-0.0062942504882812,-0.0030165882781147,-0.0110847456380724,0.0060697966255247,-0.0104083362966775,0.006106864195317,-0.0283171068876981,0.0108024952933192,-0.0066611091606318,-0.0030769200529903,0.0142497960478067,0.0023130094632506,0.0008263863273896,0.0101246191188693,0.0115607222542166,0.0363195948302745,0.0024489578790962,-0.0127489920705556,-0.0040716766379773,0.0137318316847086,0.0228945780545473,-0.0016128632705658,0.0047961203381419,0.0239471495151519,-0.019888624548912,-0.0073770619928836,-0.0064935004338622,0.0330228097736835,-0.0294117368757724,-0.0050547150894999,-0.0025252299383282,-0.0165699925273656,0.0059071471914649,-0.0122750056907534,0.0083892941474914,-0.0056956629268825,-0.0024958972353488,0.00326530309394,0.010008331388235,-0.0097008803859353,0.0239471495151519,-0.0143426535651087,0.0008064701105467,-0.0071202651597559,0.0096696121618151,0.0326797850430011,0.0047885412350296,-0.0113085899502039,-0.0023828223347663,-0.0151153206825256,-0.0023885895498096,-0.0217899363487958,-0.0007980267982929,-0.0272520557045936,-0.0039936252869665,-0.0378732345998287,0.0200481154024601,0.0147819519042968,0.0102201346307992,-0.0095168463885784,0.0054474468342959,-0.0122921243309974,0.0154798617586493,0.0043572597205638,0.0160061009228229,-0.0021738936193287,-0.0052512898109853,0.0252600405365228,0.0,-0.0102941421791911,-0.0128205185756087,0.0225564055144786,0.0061115296557545,-0.0256409849971532,0.0098709277808666,-0.0036496489774435,-0.0007518968777731,-0.0021849770564585,0.0180586744099855,0.002189761493355,-0.0066518960520625,0.0043987878598272,-0.0119047509506344,0.00073369249003,0.0075301495380699,-0.0264285635203123,-0.0037369350902736,-0.0106006804853677,-0.0062415231950581,-0.0200830996036529,-0.0070477798581123,-0.0023042000830173,-0.0062647513103694,0.0124707600197992,0.003915366655617,0.0093240007458372,-0.007047780943701,-0.0159090934808512,-0.0336726927690186,-0.0045977329983523,-0.0696946214671978,0.0943555085256091,0.0373375097802994,-0.1004155037330334,2019-02-08,2019-02-11,2019-02-12,2019-02-13,2019-02-14,2019-02-15,2019-02-19,2019-02-20,2019-02-21,2019-02-22,15054.0,2019-02-07,252.0,-1.6936%,-0.0013,0.9514,0.0768,0.6715,1.0135%,1.3842%,46.3811%,-0.01078,UBS,15054.0,2019-02-08,252.0,-0.7048%,-0.0013,0.9518,0.0774,0.6735,1.0136%,1.3846%,46.4044%,-0.0034089999999999,UBS,15054.0,2019-02-11,252.0,0.0789%,-0.0013,0.9491,0.078,0.6724,1.0136%,1.3693%,45.2010%,-0.002704,UBS,15054.0,2019-02-12,252.0,1.0244%,-0.0012,0.9529,0.0728,0.6753,1.0127%,1.3705%,45.4031%,-0.0016359999999999,UBS,15054.0,2019-02-13,252.0,0.7020%,-0.0012,0.9553,0.0708,0.6761,1.0129%,1.3708%,45.3980%,0.0037359999999999,UBS,15054.0,2019-02-14,252.0,-1.7816%,-0.0012,0.9583,0.0649,0.682,1.0148%,1.3746%,45.4940%,-0.012356,UBS,15054.0,2019-02-15,252.0,2.1293%,-0.0012,0.9563,0.064,0.6799,1.0146%,1.3713%,45.2631%,0.0069289999999999,UBS,15054.0,2019-02-19,252.0,-0.2317%,-0.0012,0.9556,0.0602,0.6756,1.0151%,1.3708%,45.1682%,-0.006459,UBS,15054.0,2019-02-20,252.0,-3.5604%,-0.0014,0.9444,0.035,0.6357,1.0458%,1.3876%,43.1997%,-0.041368,UBS,15054.0,2019-02-21,252.0,-1.0433%,-0.0015,0.948,0.0414,0.6423,1.0451%,1.3888%,43.3711%,-0.005553,UBS,15054.0,2019-02-22,252.0,0.0811%,-0.0015,0.9476,0.0333,0.6301,1.0447%,1.3886%,43.3938%,0.003763,UBS,-0.014189,-0.016893,-0.0185289999999999,-0.027149,-0.069837
37915,URANIUM ENERGY CORP,"Uranium Energy Pres, CEO Amir Adnani Sends Letter To Shareholders Outlining Upcoming Development Plans",6,increase,0.7,0.6,"the letter from the ceo outlining upcoming development plans is likely to instill confidence in shareholders and attract potential investors, which could lead to an increase in stock price.",2,2019-02-07,UEC,2019-02-07 13:14:00+00:00,92294.0,91689610,-0.0499999523162841,1183127.0,0.007518789730966,-0.0344828069210052,-0.0074626794084906,0.0902255624532699,0.0150375794619321,0.023076994344592,-0.007407400291413,0.0,0.0149253588169813,0.0,0.0294117368757724,0.0236220248043537,0.0285714864730835,-0.0078124925494194,-0.0347222723066806,-0.0077519309706985,-0.0215827133506536,0.0403225421905517,-0.0220588017255067,0.0081300735473632,-0.007518789730966,-0.0238095019012689,-0.0075758402235805,-0.023255793377757,0.0,0.0,-0.038167905062437,0.0,0.0,0.0157480165362358,-0.0158730000257492,-0.0230769012123346,-0.0080645084381103,0.0,-0.0081300735473632,-0.0298508051782846,0.0163934268057346,0.0,0.0,0.038759745657444,0.024193525314331,-0.0227273404598236,0.0078740082681179,0.0153846926987171,0.0078124925494194,0.0399999618530273,0.0310078151524066,-0.0234374776482582,0.0601503178477287,0.0239999778568744,-0.028368767350912,0.0416666269302368,0.0072992630302906,-0.0322580337524414,0.0289854798465967,0.0,-0.0281689874827861,0.0508475117385387,-0.0434782207012176,0.0,0.0303029995411634,0.0260869320482015,0.0441176034510135,-0.0086206812411546,-0.0211267415434122,-0.0333333984017372,0.0215827133506536,0.0,-0.014084493741393,-0.0551180578768253,0.0642857402563095,-0.0078124925494194,0.0201342087239027,-0.0077519309706985,-0.0328947044909,0.0487804412841796,0.0068027144297957,0.0,0.0067567504011094,-0.0538461059331893,0.0268456116318702,0.0156249850988388,-0.01307188346982,0.0158730000257492,0.0331125520169735,-0.0307692028582096,-0.0769230052828788,-0.0151515901088714,-0.0277778338640928,0.0153846926987171,-0.0285714026540517,-0.0441176928579807,0.0,0.0542636066675186,0.0,-0.0300752483308315,0.0147058684378862,0.023076994344592,-0.0072463699616491,0.0077519309706985,0.036496315151453,0.0661156401038169,-0.0352112352848053,-0.0396825037896633,0.0,0.0,0.0072992630302906,-0.0307692028582096,0.0072463699616491,0.0483870506286621,0.0143884755671024,-0.0158730000257492,0.0212766602635383,-0.0078740082681179,-0.0277778338640928,-0.0451128259301185,0.0428571887314319,-0.0567375347018241,-0.0068493084982037,-0.0408163666725158,0.007518789730966,-0.0344828069210052,5.1734172501483044e-12,0.0526315248828495,0.0150375794671833,0.0769230966295104,0.0225563692579369,0.0769230966295104,-6.587572709548795e-10,0.1382113437557863,-0.0075187896595581,0.1864407099391354,0.0902255636159869,-0.0476190791222974,2019-02-08,2019-02-11,2019-02-12,2019-02-13,2019-02-14,2019-02-15,2019-02-19,2019-02-20,2019-02-21,2019-02-22,92294.0,2019-02-07,252.0,-5.0000%,0.0001,1.3731,1.3213,0.5359,2.9999%,3.3680%,20.6642%,-0.037665,UEC,92294.0,2019-02-08,252.0,0.7519%,0.0003,1.3701,1.3652,0.5524,2.9834%,3.3549%,20.9210%,0.00922,UEC,92294.0,2019-02-11,252.0,-0.7463%,0.0002,1.3578,1.3497,0.5375,2.9858%,3.3443%,20.2920%,-0.019761,UEC,92294.0,2019-02-12,252.0,1.5038%,0.0004,1.3762,1.3239,0.5515,2.9780%,3.3425%,20.6181%,-0.002885,UEC,92294.0,2019-02-13,252.0,-0.7407%,0.0005,1.397,1.2836,0.5412,2.9626%,3.3340%,21.0368%,-0.012541,UEC,92294.0,2019-02-14,252.0,1.4925%,0.0002,1.3883,1.2881,0.5455,2.9182%,3.2907%,21.3587%,0.014224,UEC,92294.0,2019-02-15,252.0,2.9412%,0.0,1.3497,1.2542,0.4838,2.8995%,3.2575%,20.7755%,0.0077849999999999,UEC,92294.0,2019-02-19,252.0,2.8571%,0.0002,1.3598,1.2588,0.4882,2.9001%,3.2621%,20.9642%,0.020818,UEC,92294.0,2019-02-20,252.0,-3.4722%,0.0002,1.3515,1.258,0.4636,2.9019%,3.2625%,20.8840%,-0.0428599999999999,UEC,92294.0,2019-02-21,252.0,-2.1583%,0.0001,1.3549,1.2616,0.4699,2.9034%,3.2642%,20.8835%,-0.014735,UEC,92294.0,2019-02-22,252.0,-2.2059%,0.0001,1.358,1.2909,0.534,2.9050%,3.2644%,20.8108%,-0.030998,UEC,-0.028445,-0.048206,-0.051091,-0.049408,-0.109398
37923,ULTRALIFE CORP,"Ultralife Earlier Reported Q4 EPS $0.07 Down From $0.12 YoY, Sales $20.927M Down From $22.509M YoY",6,decrease,0.8,0.7,"the decline in both eps and sales year-over-year suggests weakening financial performance, which is likely to negatively impact investor sentiment and lead to a decrease in stock price.",0,2019-02-07,ULBI,2019-02-07 13:42:00+00:00,78213.0,90389910,0.0334986969828605,69939.0,0.0072029316797852,-0.0289156343787908,0.060786560177803,0.0085055474191904,0.0224719960242509,0.0223601665347814,0.0659340023994445,0.0062500238418579,-0.0257731955498457,0.0126582160592079,0.0179894268512725,-0.040097139775753,0.0613305792212486,0.0160492789000272,0.0117531716823577,0.0266030058264732,0.0203291419893503,1.269148378924001e-05,0.0398482047021389,0.0647773295640945,-0.0145985260605812,0.0192572027444839,-0.0314814932644367,0.0041574980132281,0.0172084420919418,0.0154137443751096,-0.0009398711263202,0.0142247369512915,-0.0169332362711429,0.0042857443913817,0.0019139194628223,-0.0691489353775978,-0.0066858306527137,-0.0284237470477819,-0.0211537815630435,0.030625769868493,-0.003438098821789,-0.0234069991856813,0.0014785006642341,0.0280748717486858,-0.0059054591692984,0.0190735515207052,-0.0534653402864933,-0.0067658610641956,-0.0303347222507,0.054208219051361,0.0010786703787744,-0.0195804014801979,0.0355603359639644,0.0592592731118202,-0.0041623269207775,-0.0029542068950831,0.0125391734763979,0.0134730767458677,-0.0041279634460806,0.0060240905731916,0.0518134720623493,0.0215384401381015,-0.0463053509593009,0.0,0.0382231287658214,-0.0254872683435678,-0.0019900952465832,-0.0118518406525254,-0.0109670646488666,0.0180995296686887,0.0191531833261251,-0.0221239067614078,0.0158259943127632,-0.0648275539278984,-0.0058422996662557,0.0446685776114463,0.0254652518779039,0.0161054376512765,0.0477554909884929,0.0,-0.0282589253038168,0.0118518406525254,0.0009381077834405,-0.0145985260605812,0.0009372285567224,-0.0242165345698595,0.0177902225404977,-0.0310558881610631,-0.0055197300389409,-0.0529412031173706,0.0249768272042274,0.0422343239188194,0.0072202095761895,-0.0094466526061296,-0.0206092782318592,-0.0224274508655071,0.0054894294589757,-0.0026315764989703,-0.008189276792109,-0.0078328913077712,0.0027523566968739,0.0683402717113494,-0.0045745829120278,-0.0427235923707485,0.0101102627813816,0.0331034176051616,0.0245678313076496,-0.039735123515129,0.0035523944534361,0.0328317731618881,0.0221238937228918,0.0427959635853767,-0.0025973794981837,-0.0423497185111045,0.0026041434612125,0.0237762350589036,-0.0415584854781627,0.0,-0.1869918406009674,-0.0926395952701568,0.0077777439728379,0.0233766641467809,-0.0011024560080841,0.0461956076323986,0.0072029316797852,-0.0289156343787908,0.0684273332975982,-0.0206560302589652,0.0924370280836628,0.0012422639992781,0.1344537696175252,0.0202532053588913,0.3157263093338045,0.0877193758225691,0.162064876875942,0.2400000568178422,0.0876351279750917,0.0951087298055664,2019-02-08,2019-02-11,2019-02-12,2019-02-13,2019-02-14,2019-02-15,2019-02-19,2019-02-20,2019-02-21,2019-02-22,78213.0,2019-02-07,252.0,3.3499%,0.0015,0.6949,0.719,0.6773,2.8233%,2.9192%,6.4618%,0.038265,ULBI,78213.0,2019-02-08,252.0,0.7203%,0.0015,0.6934,0.7101,0.6656,2.8235%,2.9187%,6.4170%,0.010792,ULBI,78213.0,2019-02-11,252.0,6.0787%,0.0014,0.7833,0.6952,0.7046,2.8156%,2.9295%,7.6246%,0.053498,ULBI,78213.0,2019-02-12,252.0,2.2472%,0.0014,0.7776,0.7107,0.6989,2.8137%,2.9273%,7.6119%,0.012778,ULBI,78213.0,2019-02-13,252.0,6.5934%,0.0017,0.7932,0.7092,0.7136,2.8387%,2.9548%,7.7095%,0.0627409999999999,ULBI,78213.0,2019-02-14,252.0,-2.5773%,0.0016,0.7985,0.6949,0.7304,2.8423%,2.9588%,7.7246%,-0.023756,ULBI,78213.0,2019-02-15,252.0,1.7989%,0.0014,0.7749,0.674,0.6925,2.8359%,2.9455%,7.3014%,0.003624,ULBI,78213.0,2019-02-19,252.0,6.1331%,0.0016,0.7794,0.7166,0.7401,2.8532%,2.9653%,7.4160%,0.055726,ULBI,78213.0,2019-02-20,252.0,1.1753%,0.0017,0.782,0.7305,0.7514,2.8508%,2.9646%,7.5250%,0.004525,ULBI,78213.0,2019-02-21,252.0,2.0329%,0.0017,0.7864,0.7447,0.7592,2.8496%,2.9647%,7.6173%,0.025362,ULBI,78213.0,2019-02-22,252.0,3.9848%,0.0018,0.7806,0.753,0.6977,2.8604%,2.9743%,7.5088%,0.041702,ULBI,0.049057,0.102555,0.115333,0.154318,0.285257
37931,URBAN OUTFITTERS INC,"Urban Outfitters Reports Q4 Sales Up 3.7%, Comps Up 3%",6,increase,0.7,0.5,"the reported increase in sales and comparable store sales suggests positive performance, which is likely to boost investor confidence and lead to a rise in stock price.",2,2019-02-07,URBN,2019-02-07 21:17:00+00:00,79881.0,91704710,0.0134961456060409,2296600.0,-0.0202917344868183,-0.0126903429627418,0.0080906152725219,-0.002531643025577,0.0067416047677397,0.0108765242621302,-0.0178571864962577,-0.0321981124579906,-0.0165583882480859,0.0021718800999224,-0.001980897039175,0.0062441700138151,-0.0013231560587883,-0.0150677021592855,-0.0003312430926598,0.0086848251521587,-0.0053015192970633,0.0238171461969614,0.0089940186589956,-0.0165521763265132,0.0006602360517717,0.0009378145332448,-0.0039590541273355,-0.0172042846679687,0.0221927817910909,0.0197368152439594,-0.0003240514779463,-0.0003131922567263,0.0090761352330446,-0.0006259924266487,-0.0298746675252914,-0.0099163213744759,0.0049668746069073,-0.0107295671477913,-0.0009884905302897,0.0018426767783239,-0.0230870340019464,-0.0341144390404224,-0.0162053145468235,0.0296272858977317,0.0267673544585704,0.0070748496800661,-0.0060160527937114,0.0068131745792925,-0.0131136309355497,-0.0076828515157103,-0.0166950523853302,-0.0195841435343027,-0.0086625088006258,-0.0003012691449839,0.0174764059484005,-0.0053924596868455,0.0164891630411148,-0.0077288444153964,-0.0337952002882957,-0.0123312380164861,-0.01748863235116,0.0734321400523185,-0.0060519785620272,-0.0047051324509084,0.00214897794649,-0.0271590258926153,0.0017870316514745,-0.008771956898272,0.0292543582618236,-0.0201541278511285,0.0145580610260367,0.0101796444505453,0.0126408925279974,0.0054184314794838,0.0303644239902496,-0.0116036711260676,0.0039292378351092,-0.0451704561710357,0.0362035408616066,0.0014224533224478,0.0516210049390792,-0.0671443417668342,0.0161628536880016,0.0172786004841327,-0.0106038469821214,-0.02114162966609,-0.0050610890612006,0.0090666711330413,0.0014962014975026,-0.0460442975163459,-0.0340603329241275,0.0320294350385665,-0.0241262782365083,0.027238355949521,-0.0009508329676464,-0.0234395414590835,-0.03458122164011,0.0220726691186428,0.0065724235028028,0.0067750676535069,0.0097943572327494,0.0204646475613117,-0.0598124898970127,-0.0331551246345043,0.0079092001542449,0.0224166121333837,0.017400212585926,0.0272395741194486,-0.0067068696953356,-0.0386069193482399,-0.0101283304393291,-0.0247498322278261,0.0173942781984806,-0.0065393671393394,-0.0033523426391184,-0.0264833439141511,-0.0010090407449752,-0.0150488708168268,0.0134680001065135,-0.0140949487686157,-0.0029900383669883,-0.0222437605261802,-0.0136621072888374,0.0167158376425504,-0.0202917344868183,-0.0126903429627418,-0.0123652918312413,-0.0151898585700651,-0.0057070489738655,-0.0044785471732105,-0.0396322136164346,-0.0344399228861588,-0.0396322142228144,-0.0281074202774658,-0.1147749133112192,-0.0238393470908073,-0.0615092130436566,-0.2350049059475002,2019-02-08,2019-02-11,2019-02-12,2019-02-13,2019-02-14,2019-02-15,2019-02-19,2019-02-20,2019-02-21,2019-02-22,79881.0,2019-02-07,252.0,1.3496%,-0.0001,0.8949,1.0531,0.2888,1.9446%,2.2133%,22.8099%,0.0221269999999999,URBN,79881.0,2019-02-08,252.0,-2.0292%,-0.0002,0.899,1.0365,0.2948,1.9429%,2.2109%,22.7740%,-0.019731,URBN,79881.0,2019-02-11,252.0,0.8091%,-0.0001,0.8679,1.0652,0.2941,1.9370%,2.1919%,21.9054%,-0.000787,URBN,79881.0,2019-02-12,252.0,0.6742%,-0.0004,0.8349,1.104,0.2702,1.9089%,2.1617%,22.0223%,-0.004876,URBN,79881.0,2019-02-13,252.0,-1.7857%,-0.0004,0.8413,1.0848,0.2618,1.9089%,2.1625%,22.0750%,-0.0211459999999999,URBN,79881.0,2019-02-14,252.0,-1.6558%,-0.0005,0.845,1.0742,0.2745,1.9113%,2.1633%,21.9402%,-0.019014,URBN,79881.0,2019-02-15,252.0,-0.1981%,-0.0007,0.8057,1.0373,0.2086,1.9003%,2.1384%,21.0289%,-0.015632,URBN,79881.0,2019-02-19,252.0,-0.1323%,-0.0007,0.805,1.033,0.2037,1.9006%,2.1382%,20.9830%,-0.006588,URBN,79881.0,2019-02-20,252.0,-0.0331%,-0.0006,0.8059,1.0449,0.2094,1.8954%,2.1349%,21.1782%,-0.005354,URBN,79881.0,2019-02-21,252.0,-0.5302%,-0.0007,0.808,1.0492,0.2134,1.8951%,2.1350%,21.2123%,-0.001207,URBN,79881.0,2019-02-22,252.0,0.8994%,-0.0007,0.808,1.044,0.2083,1.8949%,2.1350%,21.2268%,0.001008,URBN,0.0023959999999999,0.0016089999999999,-0.003267,-0.043427,-0.0712
37939,UNIVERSAL CORP,"Universal Q3 EPS $1.11 Down From $1.37 YoY, Sales $636.107M Down From $653.581M YoY",6,decrease,0.8,0.7,"the decline in both eps and sales year-over-year suggests weaker financial performance, which is likely to negatively impact investor sentiment and lead to a decrease in stock price.",0,2019-02-07,UVV,2019-02-07 22:33:00+00:00,16555.0,91345610,-0.007364825811237,114812.0,0.0405356809496879,-0.0150389643386006,-0.0373913310468196,0.0017724618082866,0.0088527854532003,0.0033789547160267,0.0152220353484153,-0.0254766233265399,0.0104074822738766,-0.0108006354421377,0.0010475100716575,0.053078219294548,0.0034879797603935,0.0210138130933046,0.031630165874958,-0.0107585731893777,0.0058962004259228,0.0217999257147312,0.0056941914372146,-0.027717437595129,-0.0001664999435888,-0.008086266927421,-0.0128247905522584,-0.0214523896574974,0.0097856931388378,0.0003518110606819,-0.0085212755948305,0.0081574581563472,0.0101111978292465,0.0096687721088528,-0.0228561721742153,0.0034135577734559,0.0085367932915687,0.0142128057777881,0.0143896816298365,0.0093802120536565,-0.0046728770248591,-0.0119934557005763,-0.008383635431528,0.0005454323254525,0.0223199147731065,0.0020040192175656,-0.0163744278252124,-0.003449572250247,0.003194865072146,0.0244037024676799,-0.0010057219769805,-0.0054744388908147,0.0080537479370832,0.0120036508888006,0.0003328335878904,-0.0122217833995819,-0.0054908157326281,0.003477917285636,-0.0093692718073725,0.0042279325425624,0.0089512346312403,-0.0056661954149603,-0.0185805261135101,-0.0304802618920803,-0.0039228983223438,-0.0203124694526195,0.0109588932245969,0.0001736121048452,-0.0176151916384697,-0.0062122624367475,0.005517235957086,-0.0182957481592893,-0.0118312519043684,-0.0395379178225994,0.0170050244778394,-0.032125998288393,-0.0068247998133301,-0.016723470762372,0.0025769029743969,0.019255070015788,0.0155928693711757,0.014246828854084,-0.0141724338755011,-0.0030322156380862,-0.0097087612375617,-0.0077593298628926,-0.0239845756441354,0.0068558719940483,0.0190134774893522,-0.0283501427620649,-0.0042246379889547,0.0181388240307569,-0.0173236615955829,-0.000472943065688,0.0061162104830145,-0.0109152812510728,-0.0380833372473716,0.0185831990092992,-0.0197025574743747,-0.0238759834319353,-0.0238908249884843,-0.0092165665701031,0.0044677457772195,0.0069605093449354,0.0125701325014233,-0.0256216581910848,-0.0011459391098469,-0.0065878489986062,-0.013001917861402,-0.0014949690084904,0.0218907613307237,-0.0013437438756227,0.0068246559239923,0.002694615162909,0.0141216339543461,0.0010489987907931,-0.0254362970590591,-0.0201174039393663,0.0070489412173628,-0.0058394381776452,0.0232690032571554,-0.0072463769465684,0.0012941337190568,-0.0130167873576283,0.0405356809496879,-0.0150389643386006,0.0016286668372702,-0.0132931585202403,0.0104958705285556,-0.0099591207848864,0.0365544781005402,-0.0456026666196273,0.0866811631800874,0.008514447431303,0.0609844889796655,-3.488110578586667e-05,-0.0071619303212441,-0.1928475339602905,2019-02-08,2019-02-11,2019-02-12,2019-02-13,2019-02-14,2019-02-15,2019-02-19,2019-02-20,2019-02-21,2019-02-22,16555.0,2019-02-07,252.0,-0.7365%,0.001,0.3377,0.6599,0.0577,2.5282%,2.5764%,3.7099%,-0.0037119999999999,UVV,16555.0,2019-02-08,252.0,4.0536%,0.0012,0.3311,0.645,0.0202,2.5398%,2.5877%,3.6719%,0.0401999999999999,UVV,16555.0,2019-02-11,252.0,-3.7391%,0.0007,0.4014,0.5194,-0.0109,2.5249%,2.5782%,4.0887%,-0.042258,UVV,16555.0,2019-02-12,252.0,0.8853%,0.0007,0.3903,0.5354,-0.0194,2.5214%,2.5744%,4.0765%,0.0031709999999999,UVV,16555.0,2019-02-13,252.0,1.5222%,0.0008,0.3989,0.5261,-0.0179,2.5211%,2.5749%,4.1405%,0.013722,UVV,16555.0,2019-02-14,252.0,1.0407%,0.0008,0.3975,0.5303,-0.0231,2.5213%,2.5755%,4.1647%,0.008306,UVV,16555.0,2019-02-15,252.0,0.1048%,0.0008,0.3989,0.531,-0.0215,2.5213%,2.5755%,4.1685%,-0.004759,UVV,16555.0,2019-02-19,252.0,0.3488%,0.0008,0.4003,0.5294,-0.0235,2.5212%,2.5756%,4.1820%,0.001155,UVV,16555.0,2019-02-20,252.0,3.1630%,0.0009,0.4077,0.5433,0.0024,2.5274%,2.5823%,4.2067%,0.0297339999999999,UVV,16555.0,2019-02-21,252.0,0.5896%,0.001,0.3999,0.5288,-0.012,2.5254%,2.5787%,4.0975%,0.00769,UVV,16555.0,2019-02-22,252.0,0.5694%,0.001,0.4,0.5306,-0.0094,2.5254%,2.5789%,4.1090%,-9.1e-05,UVV,0.0364879999999999,-0.00577,-0.002599,0.019429,0.053158
37947,VALE S A,Auditor Who Inspected Vale Dam Told Police He Felt Pressured To Attest To Safety Of Dam,6,decrease,0.8,0.7,"the news about the auditor feeling pressured to attest to the safety of the dam raises concerns about the integrity of safety assessments, which could negatively impact investor confidence and lead to a decline in stock price.",0,2019-02-07,VALE,2019-02-07 13:46:00+00:00,89330.0,91912E10,-0.0167253147810697,54779736.0,0.0196956377476453,-0.0619322881102562,-0.0149253793060779,-0.003292178036645,0.0561497397720813,-0.0334128960967063,0.0126581955701112,0.0104501703754067,0.011666695587337,-0.011914262548089,0.0156507063657045,0.0966899544000625,-0.0113544482737779,0.024999976158142,0.0032813751604408,-0.1800878494977951,-0.0163532141596078,-0.0807536914944648,0.039069015532732,0.007457603700459,0.0040000150911509,0.0207612589001655,-0.0023904170375317,-0.0109513932839036,-0.002396220806986,0.0096751479431986,-0.0008006588323041,0.0255138631910085,-0.0072114747017621,0.0035561334807425,0.002421285957098,-0.0049539767205715,0.0193236526101827,0.001417466904968,-0.0134281264618039,-0.0201388876885175,0.0088070947676897,-0.0075810207054018,-0.0007936689071357,0.032005675137043,0.0317712165415287,0.0166305489838123,0.0046189702115952,-0.0135521059855818,0.0176244862377643,0.0927514061331749,-0.0097891651093959,-0.0475130155682563,0.003802296007052,0.0212282557040453,0.0060606002807617,0.013056768104434,0.0316265113651752,0.0023095216602087,-0.0153284696862101,-0.0061208819970488,-0.0022238497622311,0.0373015329241752,-0.0475483164191246,-0.023255756124854,0.0031201220117509,-0.0030911872163414,0.012441742233932,0.01649646833539,-0.0268817488104105,-0.0348749086260795,-0.0031570608261972,0.012279343791306,0.0340459458529949,0.0054012108594179,0.0398161932826042,-0.006134963594377,-0.0081001222133636,0.0015360601246356,-0.0096510844305157,0.0007686570752412,0.0097451359033584,0.0116641195490956,-0.0059391180984675,-0.0213090311735868,0.0321134701371192,-0.0288247894495725,-0.0180897247046232,-0.0051471064798533,-0.0007368662627413,-0.0340908765792846,-0.0117994686588645,0.0277372356504201,-0.011940287426114,0.0170749463140964,0.0030211452394723,-0.0036982388701289,0.0218373462557792,0.0488751046359539,-0.0221075341105461,0.010980418883264,0.003767839865759,-0.0384615547955036,-0.0195194650441408,-0.0759581997990608,0.0084226382896304,0.0199005473405122,-0.0463173612952232,-0.0441576465964317,0.0095541309565305,-0.0167000666260719,0.011040961369872,0.0026791668497025,-0.0031201220117509,0.02752928994596,0.0,-0.0047945650294423,-0.0312988758087158,0.0096819046884775,-0.0016155458288267,-0.0095890639349818,0.0347896702587604,-0.0375741384923458,-0.0211102031171321,-0.0097910976037383,0.0196956377476453,-0.0619322881102561,0.0044762935775086,-0.0650205740282254,0.0608773760691105,-0.0962609444407786,0.0868397724169529,-0.0976966227194688,0.1190689253768075,-0.2298305289709686,0.1477170627000741,-0.1193798431611882,0.1208594817864268,-0.2584856457183243,2019-02-08,2019-02-11,2019-02-12,2019-02-13,2019-02-14,2019-02-15,2019-02-19,2019-02-20,2019-02-21,2019-02-22,89330.0,2019-02-07,252.0,-1.6725%,-0.0001,1.2409,-0.1979,0.2993,2.4199%,2.7451%,22.2893%,-0.006599,VALE,89330.0,2019-02-08,252.0,1.9696%,0.0001,1.2368,-0.183,0.2915,2.4195%,2.7427%,22.1774%,0.0206429999999999,VALE,89330.0,2019-02-11,252.0,-1.4925%,-0.0001,1.2574,-0.2246,0.2798,2.4188%,2.7388%,21.9994%,-0.01622,VALE,89330.0,2019-02-12,252.0,5.6150%,-0.0,1.2632,-0.2031,0.2789,2.4262%,2.7472%,22.0044%,0.039469,VALE,89330.0,2019-02-13,252.0,1.2658%,0.0,1.2668,-0.2056,0.2806,2.4267%,2.7473%,21.9775%,0.008948,VALE,89330.0,2019-02-14,252.0,1.1667%,0.0,1.262,-0.1969,0.2724,2.4278%,2.7466%,21.8649%,0.0169239999999999,VALE,89330.0,2019-02-15,252.0,1.5651%,-0.0001,1.2332,-0.2227,0.2257,2.4175%,2.7264%,21.3732%,0.000474,VALE,89330.0,2019-02-19,252.0,-1.1354%,-0.0002,1.2318,-0.2331,0.2141,2.4189%,2.7267%,21.3019%,-0.013829,VALE,89330.0,2019-02-20,252.0,0.3281%,-0.0002,1.232,-0.2326,0.2146,2.4189%,2.7267%,21.3064%,0.000176,VALE,89330.0,2019-02-21,252.0,-1.6353%,-0.0002,1.2337,-0.2316,0.2179,2.4199%,2.7280%,21.3117%,-0.011564,VALE,89330.0,2019-02-22,252.0,3.9069%,-0.0,1.2277,-0.2017,0.1734,2.4279%,2.7352%,21.2123%,0.035427,VALE,0.0140439999999999,-0.002176,0.0372929999999999,0.0631649999999999,0.0738489999999999
37955,VALE S A,Morgan Stanley Downgrades Vale to Equal-Weight,6,decrease,0.8,0.6,"a downgrade from a major financial institution like morgan stanley typically signals a negative outlook, which can lead to a decrease in stock price.",0,2019-02-07,VALE,2019-02-07 11:40:00+00:00,89330.0,91912E10,-0.0167253147810697,54779736.0,0.0196956377476453,-0.0619322881102562,-0.0149253793060779,-0.003292178036645,0.0561497397720813,-0.0334128960967063,0.0126581955701112,0.0104501703754067,0.011666695587337,-0.011914262548089,0.0156507063657045,0.0966899544000625,-0.0113544482737779,0.024999976158142,0.0032813751604408,-0.1800878494977951,-0.0163532141596078,-0.0807536914944648,0.039069015532732,0.007457603700459,0.0040000150911509,0.0207612589001655,-0.0023904170375317,-0.0109513932839036,-0.002396220806986,0.0096751479431986,-0.0008006588323041,0.0255138631910085,-0.0072114747017621,0.0035561334807425,0.002421285957098,-0.0049539767205715,0.0193236526101827,0.001417466904968,-0.0134281264618039,-0.0201388876885175,0.0088070947676897,-0.0075810207054018,-0.0007936689071357,0.032005675137043,0.0317712165415287,0.0166305489838123,0.0046189702115952,-0.0135521059855818,0.0176244862377643,0.0927514061331749,-0.0097891651093959,-0.0475130155682563,0.003802296007052,0.0212282557040453,0.0060606002807617,0.013056768104434,0.0316265113651752,0.0023095216602087,-0.0153284696862101,-0.0061208819970488,-0.0022238497622311,0.0373015329241752,-0.0475483164191246,-0.023255756124854,0.0031201220117509,-0.0030911872163414,0.012441742233932,0.01649646833539,-0.0268817488104105,-0.0348749086260795,-0.0031570608261972,0.012279343791306,0.0340459458529949,0.0054012108594179,0.0398161932826042,-0.006134963594377,-0.0081001222133636,0.0015360601246356,-0.0096510844305157,0.0007686570752412,0.0097451359033584,0.0116641195490956,-0.0059391180984675,-0.0213090311735868,0.0321134701371192,-0.0288247894495725,-0.0180897247046232,-0.0051471064798533,-0.0007368662627413,-0.0340908765792846,-0.0117994686588645,0.0277372356504201,-0.011940287426114,0.0170749463140964,0.0030211452394723,-0.0036982388701289,0.0218373462557792,0.0488751046359539,-0.0221075341105461,0.010980418883264,0.003767839865759,-0.0384615547955036,-0.0195194650441408,-0.0759581997990608,0.0084226382896304,0.0199005473405122,-0.0463173612952232,-0.0441576465964317,0.0095541309565305,-0.0167000666260719,0.011040961369872,0.0026791668497025,-0.0031201220117509,0.02752928994596,0.0,-0.0047945650294423,-0.0312988758087158,0.0096819046884775,-0.0016155458288267,-0.0095890639349818,0.0347896702587604,-0.0375741384923458,-0.0211102031171321,-0.0097910976037383,0.0196956377476453,-0.0619322881102561,0.0044762935775086,-0.0650205740282254,0.0608773760691105,-0.0962609444407786,0.0868397724169529,-0.0976966227194688,0.1190689253768075,-0.2298305289709686,0.1477170627000741,-0.1193798431611882,0.1208594817864268,-0.2584856457183243,2019-02-08,2019-02-11,2019-02-12,2019-02-13,2019-02-14,2019-02-15,2019-02-19,2019-02-20,2019-02-21,2019-02-22,89330.0,2019-02-07,252.0,-1.6725%,-0.0001,1.2409,-0.1979,0.2993,2.4199%,2.7451%,22.2893%,-0.006599,VALE,89330.0,2019-02-08,252.0,1.9696%,0.0001,1.2368,-0.183,0.2915,2.4195%,2.7427%,22.1774%,0.0206429999999999,VALE,89330.0,2019-02-11,252.0,-1.4925%,-0.0001,1.2574,-0.2246,0.2798,2.4188%,2.7388%,21.9994%,-0.01622,VALE,89330.0,2019-02-12,252.0,5.6150%,-0.0,1.2632,-0.2031,0.2789,2.4262%,2.7472%,22.0044%,0.039469,VALE,89330.0,2019-02-13,252.0,1.2658%,0.0,1.2668,-0.2056,0.2806,2.4267%,2.7473%,21.9775%,0.008948,VALE,89330.0,2019-02-14,252.0,1.1667%,0.0,1.262,-0.1969,0.2724,2.4278%,2.7466%,21.8649%,0.0169239999999999,VALE,89330.0,2019-02-15,252.0,1.5651%,-0.0001,1.2332,-0.2227,0.2257,2.4175%,2.7264%,21.3732%,0.000474,VALE,89330.0,2019-02-19,252.0,-1.1354%,-0.0002,1.2318,-0.2331,0.2141,2.4189%,2.7267%,21.3019%,-0.013829,VALE,89330.0,2019-02-20,252.0,0.3281%,-0.0002,1.232,-0.2326,0.2146,2.4189%,2.7267%,21.3064%,0.000176,VALE,89330.0,2019-02-21,252.0,-1.6353%,-0.0002,1.2337,-0.2316,0.2179,2.4199%,2.7280%,21.3117%,-0.011564,VALE,89330.0,2019-02-22,252.0,3.9069%,-0.0,1.2277,-0.2017,0.1734,2.4279%,2.7352%,21.2123%,0.035427,VALE,0.0140439999999999,-0.002176,0.0372929999999999,0.0631649999999999,0.0738489999999999
37963,V B I VACCINES INC NEW,VBI Vaccines Announces Third Positive DSMB Review In Phase 1/2a Study Of VBI-1901 In Recurrent GBM Patients; Independent Data And Safety Monitoring Committee Unanimously Recommends Continuation Of Study Without Modification,6,increase,0.8,0.7,"the positive review from the independent data and safety monitoring committee suggests strong progress in the clinical trial, which is likely to boost investor confidence and increase the stock price.",2,2019-02-07,VBIV,2019-02-07 13:17:00+00:00,16043.0,91822J20,0.0982658714056015,578787.0,0.0052631529979407,-0.0335195213556289,-0.0366491787135601,0.0287356041371822,-0.0054347771219909,0.0481927990913391,-0.0109290163964033,-0.0059880185872316,-0.0331491418182849,0.0182926654815673,-0.017142841592431,0.024999976158142,0.0174418427050113,0.0389610789716243,0.005714280065149,-0.0609756261110305,0.0170454382896423,0.024999976158142,0.0111731737852096,-0.0643274933099746,0.0,-0.0499999523162841,0.0165746361017227,-0.0476190671324729,0.0543478392064571,-0.0156249850988388,-0.0103093292564153,-0.0253807473927736,-0.026041641831398,0.1129943802952766,0.0481283590197563,-0.0166666507720947,0.0255101788789033,0.0843373388051986,-0.0696517378091812,0.0709677562117576,0.0374331846833229,-0.0189873985946178,-0.0463917702436447,0.0,0.0054053999483585,-0.0595237538218498,0.0161290168762207,0.0306748170405626,0.0158730000257492,0.0061728334985673,-0.0104166567325592,-0.0181818008422851,0.0526315905153751,0.0312499701976776,-0.0099999904632568,0.1188811734318733,0.010101000778377,-0.013793172314763,-0.0049999952316284,0.0211268253624439,-0.0100502418354153,0.0215827133506536,0.0,0.1393442302942276,-0.0558375716209411,-0.0827067717909812,-0.0698924735188484,-0.0220588017255067,0.0809248462319374,-0.0422534830868244,0.0,-0.006993000395596,0.0,-0.0653594955801963,-0.0160427652299404,0.0928571373224258,0.0271738860756158,-0.1566265076398849,0.0211640018969774,0.0709677562117576,-0.010362684726715,0.1481480896472931,0.0471204370260238,-0.0939597189426422,0.0499999523162841,-0.1130952015519142,0.009523800574243,0.0632910802960395,-0.037735816091299,-0.012499988079071,0.0147058684378862,0.0,0.0,0.006289301905781,0.0193236544728279,-0.0245398543775081,-0.014217996969819,-0.041176501661539,-0.014423063956201,0.0059171537868678,-0.0390243530273437,-0.0342856831848621,0.0050761373713612,0.0355029217898845,0.010101000778377,0.0304878484457731,-0.0049999952316284,-0.098901130259037,-0.0201004836708307,0.0167598277330398,0.0,-0.0164835657924413,-0.0051282001659274,-0.0267379414290189,-0.0206185970455408,-0.0209423881024122,0.0052631529979407,0.0,-0.005235597025603,-0.0682926774024963,0.0210526753216981,-0.0552995949983596,0.0360824391245842,0.028436105698347,0.0052631529979407,-0.0335195213556289,-0.0315789159504377,-0.0057471209149899,-0.0368420687024839,0.0421687083327393,-0.0789473562909868,0.0548780704459332,-0.0473684406007504,0.0116958929122954,0.0368421264019682,0.4180327728997091,0.057894734296928,-0.1800947348546253,2019-02-08,2019-02-11,2019-02-12,2019-02-13,2019-02-14,2019-02-15,2019-02-19,2019-02-20,2019-02-21,2019-02-22,16043.0,2019-02-07,252.0,9.8266%,-0.0018,0.7978,1.7247,0.3994,4.5894%,4.7370%,6.1329%,0.106841,VBIV,16043.0,2019-02-08,252.0,0.5263%,-0.0019,0.7975,1.6866,0.3731,4.5829%,4.7281%,6.0488%,0.006339,VBIV,16043.0,2019-02-11,252.0,-3.6649%,-0.002,0.7489,1.6678,0.3375,4.5888%,4.7252%,5.6929%,-0.049856,VBIV,16043.0,2019-02-12,252.0,-0.5435%,-0.0021,0.7319,1.6797,0.3266,4.5883%,4.7240%,5.6623%,-0.01548,VBIV,16043.0,2019-02-13,252.0,-1.0929%,-0.002,0.7501,1.644,0.3173,4.5806%,4.7168%,5.6879%,-0.014315,VBIV,16043.0,2019-02-14,252.0,-3.3149%,-0.0022,0.7573,1.6235,0.3421,4.5844%,4.7186%,5.6042%,-0.038382,VBIV,16043.0,2019-02-15,252.0,-1.7143%,-0.0021,0.7726,1.6341,0.3629,4.5805%,4.7170%,5.7015%,-0.031501,VBIV,16043.0,2019-02-19,252.0,1.7442%,-0.0021,0.7768,1.6392,0.3683,4.5810%,4.7185%,5.7431%,0.010046,VBIV,16043.0,2019-02-20,252.0,0.5714%,-0.0022,0.7746,1.6231,0.3574,4.5782%,4.7144%,5.6961%,-0.001494,VBIV,16043.0,2019-02-21,252.0,1.7045%,-0.0021,0.7749,1.6291,0.3579,4.5795%,4.7159%,5.6979%,0.02177,VBIV,16043.0,2019-02-22,252.0,1.1173%,-0.0021,0.7744,1.6269,0.3496,4.5796%,4.7159%,5.6976%,0.002337,VBIV,0.11318,0.063324,0.047844,-0.0048529999999999,-0.0036949999999999
37971,VERISIGN INC,"VeriSign Q4 EPS $1.58 Beats $1.21 Estimate, Sales $307M Miss $308.64M Estimate",6,uncertain,0.6,0.3,"while the earnings per share (eps) beat estimates, the sales miss could lead to mixed reactions from investors, making the overall impact on the stock price uncertain.",1,2019-02-07,VRSN,2019-02-07 21:39:00+00:00,85753.0,92343E10,-0.0048306188546121,633506.0,0.0002311082644155,0.0006329877651296,-0.01478997990489,0.0028276618104428,0.0220488738268613,0.0162443630397319,-5.734412479796447e-05,0.0073846513405442,0.004762461874634,0.0060624326579272,0.0016560634830966,0.0233562216162681,0.0015963442856445,-0.0105320168659091,0.0018784258281812,0.0012050912482663,-5.678374509443529e-05,0.0151701187714934,0.0158522352576255,0.002391313901171,-0.0039710914716124,0.0001225793384946,0.0011230736272409,-0.0083312764763832,-0.0021315058693289,0.0062416121363639,0.0007869555847719,0.0110746352002024,0.0138171575963497,0.0073543656617403,-0.0203877706080675,0.0219745021313428,0.0054857251234352,-0.0058886385522782,-0.0059057753533124,0.0010775746777653,0.0042435214854776,0.0136211458593606,0.0013521338114514,-0.0081570148468017,0.0075395917519927,0.0364597402513027,0.0079856626689434,0.0163119602948427,-0.0001108269934775,0.0447437055408954,0.0052637243643403,-0.034989159554243,0.0010472493013367,-0.003574069822207,-0.0039092139340937,0.0095995934680104,0.0076833749189972,-0.0079696923494338,-0.0024684418458491,0.0136930029839277,0.0194115955382585,0.0467249862849712,-0.0200129821896553,-0.0203595142811536,-0.002201760886237,-0.0311522353440523,0.009378258138895,-0.0179680865257978,-0.0152484476566314,-0.0021328539587557,0.0047730081714689,-0.0004664045409299,0.0028723170980811,-0.0168336424976587,0.024234464392066,-0.0232245996594429,0.004947290290147,-0.0052188904955983,0.0064746970310807,0.0109380837529897,-0.0104204984381794,-0.0100637059658765,0.0167087540030479,0.0198116470128297,0.002800669753924,-0.0219186600297689,-0.0039521525613963,0.0250732060521841,-0.0002645384229253,-0.0359138622879982,0.0029634204693138,0.0205690544098615,0.0003693733306135,-0.0038299891166388,-0.0029008598066866,0.0051972893998026,-0.0013224014546722,0.0334880836308002,-0.0132415248081088,-0.0185485910624265,0.0018786410801112,0.0220846943557262,0.0020894689951092,0.0062922714278101,0.0120295127853751,0.0149466469883918,0.0003698416403494,-0.0134718129411339,-0.0009506122441962,-0.0420545935630798,0.0564542151987552,0.0005139193963259,-0.0119583681225776,0.0288150198757648,-0.000101302844996,-0.0085184657946228,-0.0152443377301096,-0.0045009944587945,0.0027771717868745,-0.0424734726548194,0.0101036066189408,-0.000187340148841,0.0009139778558164,0.0017516344087198,0.0002311082644155,0.0006329877651296,-0.014562289727061,0.0034624394509024,0.0071655020109782,0.0197630476140779,0.0119040592354116,0.0335215406962552,0.033169547379861,0.0662211249541075,0.0498121648556157,0.2207946964318006,0.1391505431262398,0.0878322987516371,2019-02-08,2019-02-11,2019-02-12,2019-02-13,2019-02-14,2019-02-15,2019-02-19,2019-02-20,2019-02-21,2019-02-22,85753.0,2019-02-07,252.0,-0.4831%,0.0016,0.9597,0.391,-0.5519,1.4625%,1.9318%,42.6810%,0.006631,VRSN,85753.0,2019-02-08,252.0,0.0231%,0.0016,0.9607,0.394,-0.5455,1.4630%,1.9316%,42.6298%,-0.004736,VRSN,85753.0,2019-02-11,252.0,-1.4790%,0.0015,0.959,0.3697,-0.5596,1.4679%,1.9225%,41.7021%,-0.017581,VRSN,85753.0,2019-02-12,252.0,2.2049%,0.0014,0.9498,0.386,-0.5672,1.4623%,1.9168%,41.8043%,0.007881,VRSN,85753.0,2019-02-13,252.0,-0.0057%,0.0014,0.9476,0.3882,-0.5678,1.4623%,1.9143%,41.6446%,-0.002651,VRSN,85753.0,2019-02-14,252.0,0.4762%,0.0015,0.9483,0.3885,-0.5693,1.4609%,1.9140%,41.7399%,0.001341,VRSN,85753.0,2019-02-15,252.0,0.1656%,0.0013,0.9286,0.3698,-0.6026,1.4580%,1.9052%,41.4400%,-0.007398,VRSN,85753.0,2019-02-19,252.0,0.1596%,0.0013,0.9268,0.3714,-0.6007,1.4577%,1.9015%,41.2337%,0.000468,VRSN,85753.0,2019-02-20,252.0,0.1878%,0.0012,0.924,0.3501,-0.6148,1.4416%,1.8891%,41.7612%,0.002504,VRSN,85753.0,2019-02-21,252.0,-0.0057%,0.0013,0.9127,0.3272,-0.6356,1.4285%,1.8749%,41.9524%,0.002093,VRSN,85753.0,2019-02-22,252.0,1.5852%,0.0013,0.9128,0.3322,-0.629,1.4283%,1.8764%,42.0566%,-0.001323,VRSN,0.001895,-0.015686,-0.0078049999999999,-0.0091149999999999,-0.012771
37979,VERISIGN INC,"VeriSign Q4 Adj. EPS $1.58 Beats $1.21 Estimate, Sales $307M Miss $308.64M Estimate",6,uncertain,0.6,0.3,"while the adjusted eps beat estimates, the sales miss could lead to mixed reactions from investors, making the overall impact on the stock price uncertain.",1,2019-02-07,VRSN,2019-02-07 21:11:00+00:00,85753.0,92343E10,-0.0048306188546121,633506.0,0.0002311082644155,0.0006329877651296,-0.01478997990489,0.0028276618104428,0.0220488738268613,0.0162443630397319,-5.734412479796447e-05,0.0073846513405442,0.004762461874634,0.0060624326579272,0.0016560634830966,0.0233562216162681,0.0015963442856445,-0.0105320168659091,0.0018784258281812,0.0012050912482663,-5.678374509443529e-05,0.0151701187714934,0.0158522352576255,0.002391313901171,-0.0039710914716124,0.0001225793384946,0.0011230736272409,-0.0083312764763832,-0.0021315058693289,0.0062416121363639,0.0007869555847719,0.0110746352002024,0.0138171575963497,0.0073543656617403,-0.0203877706080675,0.0219745021313428,0.0054857251234352,-0.0058886385522782,-0.0059057753533124,0.0010775746777653,0.0042435214854776,0.0136211458593606,0.0013521338114514,-0.0081570148468017,0.0075395917519927,0.0364597402513027,0.0079856626689434,0.0163119602948427,-0.0001108269934775,0.0447437055408954,0.0052637243643403,-0.034989159554243,0.0010472493013367,-0.003574069822207,-0.0039092139340937,0.0095995934680104,0.0076833749189972,-0.0079696923494338,-0.0024684418458491,0.0136930029839277,0.0194115955382585,0.0467249862849712,-0.0200129821896553,-0.0203595142811536,-0.002201760886237,-0.0311522353440523,0.009378258138895,-0.0179680865257978,-0.0152484476566314,-0.0021328539587557,0.0047730081714689,-0.0004664045409299,0.0028723170980811,-0.0168336424976587,0.024234464392066,-0.0232245996594429,0.004947290290147,-0.0052188904955983,0.0064746970310807,0.0109380837529897,-0.0104204984381794,-0.0100637059658765,0.0167087540030479,0.0198116470128297,0.002800669753924,-0.0219186600297689,-0.0039521525613963,0.0250732060521841,-0.0002645384229253,-0.0359138622879982,0.0029634204693138,0.0205690544098615,0.0003693733306135,-0.0038299891166388,-0.0029008598066866,0.0051972893998026,-0.0013224014546722,0.0334880836308002,-0.0132415248081088,-0.0185485910624265,0.0018786410801112,0.0220846943557262,0.0020894689951092,0.0062922714278101,0.0120295127853751,0.0149466469883918,0.0003698416403494,-0.0134718129411339,-0.0009506122441962,-0.0420545935630798,0.0564542151987552,0.0005139193963259,-0.0119583681225776,0.0288150198757648,-0.000101302844996,-0.0085184657946228,-0.0152443377301096,-0.0045009944587945,0.0027771717868745,-0.0424734726548194,0.0101036066189408,-0.000187340148841,0.0009139778558164,0.0017516344087198,0.0002311082644155,0.0006329877651296,-0.014562289727061,0.0034624394509024,0.0071655020109782,0.0197630476140779,0.0119040592354116,0.0335215406962552,0.033169547379861,0.0662211249541075,0.0498121648556157,0.2207946964318006,0.1391505431262398,0.0878322987516371,2019-02-08,2019-02-11,2019-02-12,2019-02-13,2019-02-14,2019-02-15,2019-02-19,2019-02-20,2019-02-21,2019-02-22,85753.0,2019-02-07,252.0,-0.4831%,0.0016,0.9597,0.391,-0.5519,1.4625%,1.9318%,42.6810%,0.006631,VRSN,85753.0,2019-02-08,252.0,0.0231%,0.0016,0.9607,0.394,-0.5455,1.4630%,1.9316%,42.6298%,-0.004736,VRSN,85753.0,2019-02-11,252.0,-1.4790%,0.0015,0.959,0.3697,-0.5596,1.4679%,1.9225%,41.7021%,-0.017581,VRSN,85753.0,2019-02-12,252.0,2.2049%,0.0014,0.9498,0.386,-0.5672,1.4623%,1.9168%,41.8043%,0.007881,VRSN,85753.0,2019-02-13,252.0,-0.0057%,0.0014,0.9476,0.3882,-0.5678,1.4623%,1.9143%,41.6446%,-0.002651,VRSN,85753.0,2019-02-14,252.0,0.4762%,0.0015,0.9483,0.3885,-0.5693,1.4609%,1.9140%,41.7399%,0.001341,VRSN,85753.0,2019-02-15,252.0,0.1656%,0.0013,0.9286,0.3698,-0.6026,1.4580%,1.9052%,41.4400%,-0.007398,VRSN,85753.0,2019-02-19,252.0,0.1596%,0.0013,0.9268,0.3714,-0.6007,1.4577%,1.9015%,41.2337%,0.000468,VRSN,85753.0,2019-02-20,252.0,0.1878%,0.0012,0.924,0.3501,-0.6148,1.4416%,1.8891%,41.7612%,0.002504,VRSN,85753.0,2019-02-21,252.0,-0.0057%,0.0013,0.9127,0.3272,-0.6356,1.4285%,1.8749%,41.9524%,0.002093,VRSN,85753.0,2019-02-22,252.0,1.5852%,0.0013,0.9128,0.3322,-0.629,1.4283%,1.8764%,42.0566%,-0.001323,VRSN,0.001895,-0.015686,-0.0078049999999999,-0.0091149999999999,-0.012771
37987,VIASAT INC,"Viasat Reports Q3 Satellite Services Revenue Up 23% YoY, Commercial Networks Revenue Up 129% YoY, Government Systems Revenue Up 38% YoY",6,increase,0.85,0.7,"the significant year-over-year revenue growth across multiple segments indicates strong business performance, which is likely to positively influence investor sentiment and increase the stock price.",2,2019-02-07,VSAT,2019-02-07 22:10:00+00:00,84348.0,92552V10,-0.0080559169873595,605974.0,0.1265705525875092,0.0233317781239748,-0.0069368137046694,-0.002017964143306,-0.0001369967940263,0.0225396528840065,0.0223287288099527,0.0049449894577264,0.0041538951918482,0.0218418929725885,-0.0074727139435708,-0.0024390493053942,0.0029578008688986,-0.007904527708888,0.0005362053052522,0.0120816603302955,-0.0034834155812859,-0.0042269276455044,0.0090078758075833,0.0035894501488655,0.0049299811944365,-0.002441368997097,-0.0014585071476176,-0.0091920606791973,-0.0001327115605818,0.0102638844400644,0.0033200529869645,-0.0103192422538995,0.0050297449342906,0.012240900658071,-0.0060581993311643,0.0006532894913107,-0.0047701154835522,-0.0009789748582988,-0.0022633227054029,-0.002441368997097,-0.00827332213521,0.0150338653475046,0.0029601887799799,0.0006612183642573,0.0140863349661231,0.0073272679001092,-0.0138906659558415,0.0041806022636592,0.0100617120042443,0.0434478782117366,0.0130162797868251,-0.012237143702805,0.0133735975250601,-0.0157760865986347,0.0075042285025119,0.0158539023250341,-0.0047515439800918,0.000862353190314,-0.0223226230591535,-0.0085499314591288,0.0163653884083032,0.0357775501906871,-0.016231657937169,-0.0384877733886241,0.0048837792128324,-0.0439595729112625,0.013398190960288,-0.0082351388409733,-0.0022034759167581,0.0055203791707754,0.0070147216320037,-0.0134550724178552,-0.0002579546417109,-0.0325429812073707,0.0076128561049699,-0.013302793726325,0.0119093395769596,-0.0335450954735279,0.0063275122083723,0.0232874788343906,-0.0067906603217124,0.011162013746798,0.0139275565743446,-0.001221774960868,0.0320929028093814,-0.0343606285750865,-0.0032668393105268,-0.0046968986280262,0.0228211339563131,-0.0347124487161636,0.0153097659349441,0.0208273418247699,0.0169491171836853,0.0024648131802678,-0.0051723788492381,-0.0172413662075996,0.0070479558780789,0.0191693250089883,0.0128498747944831,-0.0116262035444378,-0.0009062282624654,0.0287949927151203,0.0046485676430165,0.0063902554102241,-0.0005643048207275,-0.0016320565482601,0.0048554688692092,-0.0238957479596138,-0.0004494989989325,0.0024681447539478,0.0048341802321374,-0.0096334405243396,-0.0011188015341758,0.002594785997644,0.0172491148114204,-0.0099899666383862,-0.0084782717749476,0.0048758974298834,0.0019988927524536,-0.0209210589528083,0.0183973833918571,-0.0016820174641907,0.0011970901396125,-0.0008404087857343,0.1265705525875091,0.0233317781239748,0.118755742539043,0.0212667312890151,0.1186024765890165,0.0442857289142535,0.1483297571051876,0.0723716790987518,0.1500153312924643,0.0734214374792288,0.1608948748626215,0.1204019005489096,0.4097455858405634,-0.0785714343332588,2019-02-08,2019-02-11,2019-02-12,2019-02-13,2019-02-14,2019-02-15,2019-02-19,2019-02-20,2019-02-21,2019-02-22,84348.0,2019-02-07,252.0,-0.8056%,-0.0003,0.7997,0.5907,-0.0904,1.7769%,2.0200%,22.6209%,0.000367,VSAT,84348.0,2019-02-08,252.0,12.6571%,0.0001,0.7784,0.5527,-0.205,1.9422%,2.1712%,19.9786%,0.124832,VSAT,84348.0,2019-02-11,252.0,-0.6937%,-0.0,0.7962,0.5203,-0.2132,1.9411%,2.1707%,20.0397%,-0.011303,VSAT,84348.0,2019-02-12,252.0,-0.0137%,0.0002,0.8282,0.471,-0.188,1.8986%,2.1401%,21.3005%,-0.011532,VSAT,84348.0,2019-02-13,252.0,2.2329%,0.0002,0.8246,0.4851,-0.1807,1.9004%,2.1393%,21.0884%,0.019759,VSAT,84348.0,2019-02-14,252.0,0.4154%,0.0003,0.8249,0.4865,-0.1836,1.8992%,2.1389%,21.1546%,0.002215,VSAT,84348.0,2019-02-15,252.0,-0.7473%,0.0002,0.8192,0.4796,-0.1952,1.9019%,2.1392%,20.9595%,-0.017229,VSAT,84348.0,2019-02-19,252.0,0.2958%,0.0002,0.8151,0.4857,-0.188,1.9000%,2.1341%,20.7360%,0.000496,VSAT,84348.0,2019-02-20,252.0,0.0536%,0.0,0.812,0.466,-0.2024,1.8910%,2.1253%,20.8326%,-0.001147,VSAT,84348.0,2019-02-21,252.0,-0.3483%,0.0001,0.8076,0.4569,-0.2104,1.8893%,2.1220%,20.7288%,-0.000718,VSAT,84348.0,2019-02-22,252.0,0.9008%,0.0001,0.808,0.4527,-0.209,1.8893%,2.1227%,20.7801%,-0.001947,VSAT,0.125199,0.113896,0.102364,0.1243379999999999,0.1037929999999999
37995,VIASAT INC,"Viasat Q3 EPS $0.12 Beats $(0.40) Estimate, Sales $554.694M Beat $485.75M Estimate",6,increase,0.8,0.7,the significant earnings beat and higher-than-expected sales are likely to positively influence investor sentiment and drive the stock price up.,2,2019-02-07,VSAT,2019-02-07 22:08:00+00:00,84348.0,92552V10,-0.0080559169873595,605974.0,0.1265705525875092,0.0233317781239748,-0.0069368137046694,-0.002017964143306,-0.0001369967940263,0.0225396528840065,0.0223287288099527,0.0049449894577264,0.0041538951918482,0.0218418929725885,-0.0074727139435708,-0.0024390493053942,0.0029578008688986,-0.007904527708888,0.0005362053052522,0.0120816603302955,-0.0034834155812859,-0.0042269276455044,0.0090078758075833,0.0035894501488655,0.0049299811944365,-0.002441368997097,-0.0014585071476176,-0.0091920606791973,-0.0001327115605818,0.0102638844400644,0.0033200529869645,-0.0103192422538995,0.0050297449342906,0.012240900658071,-0.0060581993311643,0.0006532894913107,-0.0047701154835522,-0.0009789748582988,-0.0022633227054029,-0.002441368997097,-0.00827332213521,0.0150338653475046,0.0029601887799799,0.0006612183642573,0.0140863349661231,0.0073272679001092,-0.0138906659558415,0.0041806022636592,0.0100617120042443,0.0434478782117366,0.0130162797868251,-0.012237143702805,0.0133735975250601,-0.0157760865986347,0.0075042285025119,0.0158539023250341,-0.0047515439800918,0.000862353190314,-0.0223226230591535,-0.0085499314591288,0.0163653884083032,0.0357775501906871,-0.016231657937169,-0.0384877733886241,0.0048837792128324,-0.0439595729112625,0.013398190960288,-0.0082351388409733,-0.0022034759167581,0.0055203791707754,0.0070147216320037,-0.0134550724178552,-0.0002579546417109,-0.0325429812073707,0.0076128561049699,-0.013302793726325,0.0119093395769596,-0.0335450954735279,0.0063275122083723,0.0232874788343906,-0.0067906603217124,0.011162013746798,0.0139275565743446,-0.001221774960868,0.0320929028093814,-0.0343606285750865,-0.0032668393105268,-0.0046968986280262,0.0228211339563131,-0.0347124487161636,0.0153097659349441,0.0208273418247699,0.0169491171836853,0.0024648131802678,-0.0051723788492381,-0.0172413662075996,0.0070479558780789,0.0191693250089883,0.0128498747944831,-0.0116262035444378,-0.0009062282624654,0.0287949927151203,0.0046485676430165,0.0063902554102241,-0.0005643048207275,-0.0016320565482601,0.0048554688692092,-0.0238957479596138,-0.0004494989989325,0.0024681447539478,0.0048341802321374,-0.0096334405243396,-0.0011188015341758,0.002594785997644,0.0172491148114204,-0.0099899666383862,-0.0084782717749476,0.0048758974298834,0.0019988927524536,-0.0209210589528083,0.0183973833918571,-0.0016820174641907,0.0011970901396125,-0.0008404087857343,0.1265705525875091,0.0233317781239748,0.118755742539043,0.0212667312890151,0.1186024765890165,0.0442857289142535,0.1483297571051876,0.0723716790987518,0.1500153312924643,0.0734214374792288,0.1608948748626215,0.1204019005489096,0.4097455858405634,-0.0785714343332588,2019-02-08,2019-02-11,2019-02-12,2019-02-13,2019-02-14,2019-02-15,2019-02-19,2019-02-20,2019-02-21,2019-02-22,84348.0,2019-02-07,252.0,-0.8056%,-0.0003,0.7997,0.5907,-0.0904,1.7769%,2.0200%,22.6209%,0.000367,VSAT,84348.0,2019-02-08,252.0,12.6571%,0.0001,0.7784,0.5527,-0.205,1.9422%,2.1712%,19.9786%,0.124832,VSAT,84348.0,2019-02-11,252.0,-0.6937%,-0.0,0.7962,0.5203,-0.2132,1.9411%,2.1707%,20.0397%,-0.011303,VSAT,84348.0,2019-02-12,252.0,-0.0137%,0.0002,0.8282,0.471,-0.188,1.8986%,2.1401%,21.3005%,-0.011532,VSAT,84348.0,2019-02-13,252.0,2.2329%,0.0002,0.8246,0.4851,-0.1807,1.9004%,2.1393%,21.0884%,0.019759,VSAT,84348.0,2019-02-14,252.0,0.4154%,0.0003,0.8249,0.4865,-0.1836,1.8992%,2.1389%,21.1546%,0.002215,VSAT,84348.0,2019-02-15,252.0,-0.7473%,0.0002,0.8192,0.4796,-0.1952,1.9019%,2.1392%,20.9595%,-0.017229,VSAT,84348.0,2019-02-19,252.0,0.2958%,0.0002,0.8151,0.4857,-0.188,1.9000%,2.1341%,20.7360%,0.000496,VSAT,84348.0,2019-02-20,252.0,0.0536%,0.0,0.812,0.466,-0.2024,1.8910%,2.1253%,20.8326%,-0.001147,VSAT,84348.0,2019-02-21,252.0,-0.3483%,0.0001,0.8076,0.4569,-0.2104,1.8893%,2.1220%,20.7288%,-0.000718,VSAT,84348.0,2019-02-22,252.0,0.9008%,0.0001,0.808,0.4527,-0.209,1.8893%,2.1227%,20.7801%,-0.001947,VSAT,0.125199,0.113896,0.102364,0.1243379999999999,0.1037929999999999
38003,VIAD CORP,Viad Adds 500K Shares To Buyback,6,increase,0.75,0.6,"the announcement of a share buyback typically signals confidence from the company in its own financial health, which can lead to an increase in stock price as it reduces the number of shares outstanding and may indicate that the stock is undervalued.",2,2019-02-07,VVI,2019-02-07 22:32:00+00:00,19721.0,92552R40,0.0038895921315997,53600.0,0.0012915072729811,-0.0075367614626884,0.0070020463317632,0.0049880002625286,0.0139066474512219,0.014050206169486,-0.0057751252315938,0.0129032311961054,-0.001270642504096,0.0036184049677103,0.0276263263076543,0.0239859502762556,0.0152104813605547,-0.0094649735838174,-0.0017422001110389,-0.0165273360908031,0.0048866071738302,-0.0001899740891531,0.0135463485494256,0.0070773288607597,0.0023988927714526,0.0011489383177831,-0.0042735044844448,-0.0111721288412809,-0.0032617789693176,0.0032295209821313,-0.0027557672001421,-0.0034078059252351,0.0103626679629087,0.0169426463544368,-0.0194871686398983,0.00367147102952,-0.0057531697675585,-0.0017361140344291,-0.0289321020245552,-0.0065159094519913,-0.0198628064244985,-0.0028664537239819,-0.0090272268280386,0.0073147462680935,0.012827637605369,0.0268827956169843,-0.0012848696205765,0.0142341433092951,0.0007351757958531,0.0248613711446523,-0.0027548209764063,-0.0221017133444547,-0.013837638311088,-0.0063884947448968,0.0097287269309163,0.0032044833060353,0.0025940223131328,0.0068562240339815,-0.006653125397861,0.0010092699667438,0.0180465336889028,0.0444866232573986,-0.0275950673967599,-0.0023138537071645,0.0050742430612444,-0.0064785280264914,0.0099102240055799,-0.0014607616467401,0.0014812410809099,-0.0004171977052465,0.0256978999823331,0.028314022347331,0.0145998811349272,-0.0124973561614751,0.0094155045226216,-0.0090260347351431,-0.0052798176184296,-0.006864994764328,0.0023000896908342,0.0004162426339462,-0.0026478643994778,-0.0078463982790708,0.0152212493121624,-0.0041127032600343,-0.006101852748543,0.0207808911800384,-0.0231538284569978,0.0025252299383282,0.018495287746191,-0.0693302154541015,0.0028208717703819,0.0141013488173484,-0.0003516254946589,-0.0031676867511123,0.0042208558879792,-0.0076621454209089,0.0101576503366231,0.0434604920446872,0.0098821027204394,-0.0208751689642667,0.0046352008357644,-0.0075697423890233,-0.0134996734559536,0.0058104773052036,0.0218257773667573,0.0046296203508973,0.0081369644030928,-0.0281689874827861,0.0005044355057179,-0.0096861682832241,0.0213445462286472,0.0068265744484961,0.0041138720698654,0.0060832295566797,0.0047525549307465,0.0053265034221112,-0.0003262185200583,0.0037623490206897,0.0027736688498407,0.0007927252445369,0.0161080658435821,-0.010782185010612,0.0048038307577371,0.014922403730452,0.0012915072729811,-0.0075367614626884,0.0083025967985075,-0.0025863545683142,0.022324705536336,0.0114275127862595,0.0151291450516142,0.0281851728149151,0.0767527638994567,0.032708547717954,-0.0164543948673887,0.1356752313263984,0.15988513032072,0.0764690099458167,2019-02-08,2019-02-11,2019-02-12,2019-02-13,2019-02-14,2019-02-15,2019-02-19,2019-02-20,2019-02-21,2019-02-22,19721.0,2019-02-07,252.0,0.3890%,0.0,0.7681,0.8608,0.2092,1.1264%,1.4450%,39.2365%,0.011243,VVI,19721.0,2019-02-08,252.0,0.1292%,-0.0,0.768,0.8565,0.2058,1.1261%,1.4444%,39.2227%,0.001514,VVI,19721.0,2019-02-11,252.0,0.7002%,-0.0,0.779,0.8457,0.2057,1.1248%,1.4431%,39.2483%,-0.0003,VVI,19721.0,2019-02-12,252.0,1.3907%,0.0001,0.7947,0.8281,0.2169,1.1149%,1.4413%,40.1639%,0.0033929999999999,VVI,19721.0,2019-02-13,252.0,-0.5775%,0.0001,0.806,0.8055,0.2108,1.1028%,1.4356%,40.9957%,-0.008749,VVI,19721.0,2019-02-14,252.0,-0.1271%,0.0002,0.8075,0.8045,0.2104,1.0996%,1.4340%,41.1970%,-0.002644,VVI,19721.0,2019-02-15,252.0,2.7626%,0.0003,0.8249,0.8218,0.2409,1.1022%,1.4436%,41.7101%,0.01538,VVI,19721.0,2019-02-19,252.0,1.5210%,0.0003,0.8273,0.8276,0.2472,1.1040%,1.4461%,41.7125%,0.010437,VVI,19721.0,2019-02-20,252.0,-0.1742%,0.0003,0.8243,0.816,0.2353,1.1025%,1.4431%,41.6309%,-0.006595,VVI,19721.0,2019-02-21,252.0,0.4887%,0.0003,0.8202,0.8095,0.2276,1.1032%,1.4404%,41.3357%,0.008949,VVI,19721.0,2019-02-22,252.0,1.3546%,0.0003,0.8199,0.7926,0.209,1.1007%,1.4388%,41.4814%,0.007009,VVI,0.012757,0.012457,0.01585,0.0044569999999999,0.039637
38011,VIAD CORP,"Viad Q4 EPS $(0.09) Misses $0.01 Estimate, Sales $296.916M Beat $287.4M Estimate",6,uncertain,0.6,0.3,"while the sales beat expectations, the earnings miss could lead to mixed reactions from investors, making the overall impact on the stock price uncertain.",1,2019-02-07,VVI,2019-02-07 22:32:00+00:00,19721.0,92552R40,0.0038895921315997,53600.0,0.0012915072729811,-0.0075367614626884,0.0070020463317632,0.0049880002625286,0.0139066474512219,0.014050206169486,-0.0057751252315938,0.0129032311961054,-0.001270642504096,0.0036184049677103,0.0276263263076543,0.0239859502762556,0.0152104813605547,-0.0094649735838174,-0.0017422001110389,-0.0165273360908031,0.0048866071738302,-0.0001899740891531,0.0135463485494256,0.0070773288607597,0.0023988927714526,0.0011489383177831,-0.0042735044844448,-0.0111721288412809,-0.0032617789693176,0.0032295209821313,-0.0027557672001421,-0.0034078059252351,0.0103626679629087,0.0169426463544368,-0.0194871686398983,0.00367147102952,-0.0057531697675585,-0.0017361140344291,-0.0289321020245552,-0.0065159094519913,-0.0198628064244985,-0.0028664537239819,-0.0090272268280386,0.0073147462680935,0.012827637605369,0.0268827956169843,-0.0012848696205765,0.0142341433092951,0.0007351757958531,0.0248613711446523,-0.0027548209764063,-0.0221017133444547,-0.013837638311088,-0.0063884947448968,0.0097287269309163,0.0032044833060353,0.0025940223131328,0.0068562240339815,-0.006653125397861,0.0010092699667438,0.0180465336889028,0.0444866232573986,-0.0275950673967599,-0.0023138537071645,0.0050742430612444,-0.0064785280264914,0.0099102240055799,-0.0014607616467401,0.0014812410809099,-0.0004171977052465,0.0256978999823331,0.028314022347331,0.0145998811349272,-0.0124973561614751,0.0094155045226216,-0.0090260347351431,-0.0052798176184296,-0.006864994764328,0.0023000896908342,0.0004162426339462,-0.0026478643994778,-0.0078463982790708,0.0152212493121624,-0.0041127032600343,-0.006101852748543,0.0207808911800384,-0.0231538284569978,0.0025252299383282,0.018495287746191,-0.0693302154541015,0.0028208717703819,0.0141013488173484,-0.0003516254946589,-0.0031676867511123,0.0042208558879792,-0.0076621454209089,0.0101576503366231,0.0434604920446872,0.0098821027204394,-0.0208751689642667,0.0046352008357644,-0.0075697423890233,-0.0134996734559536,0.0058104773052036,0.0218257773667573,0.0046296203508973,0.0081369644030928,-0.0281689874827861,0.0005044355057179,-0.0096861682832241,0.0213445462286472,0.0068265744484961,0.0041138720698654,0.0060832295566797,0.0047525549307465,0.0053265034221112,-0.0003262185200583,0.0037623490206897,0.0027736688498407,0.0007927252445369,0.0161080658435821,-0.010782185010612,0.0048038307577371,0.014922403730452,0.0012915072729811,-0.0075367614626884,0.0083025967985075,-0.0025863545683142,0.022324705536336,0.0114275127862595,0.0151291450516142,0.0281851728149151,0.0767527638994567,0.032708547717954,-0.0164543948673887,0.1356752313263984,0.15988513032072,0.0764690099458167,2019-02-08,2019-02-11,2019-02-12,2019-02-13,2019-02-14,2019-02-15,2019-02-19,2019-02-20,2019-02-21,2019-02-22,19721.0,2019-02-07,252.0,0.3890%,0.0,0.7681,0.8608,0.2092,1.1264%,1.4450%,39.2365%,0.011243,VVI,19721.0,2019-02-08,252.0,0.1292%,-0.0,0.768,0.8565,0.2058,1.1261%,1.4444%,39.2227%,0.001514,VVI,19721.0,2019-02-11,252.0,0.7002%,-0.0,0.779,0.8457,0.2057,1.1248%,1.4431%,39.2483%,-0.0003,VVI,19721.0,2019-02-12,252.0,1.3907%,0.0001,0.7947,0.8281,0.2169,1.1149%,1.4413%,40.1639%,0.0033929999999999,VVI,19721.0,2019-02-13,252.0,-0.5775%,0.0001,0.806,0.8055,0.2108,1.1028%,1.4356%,40.9957%,-0.008749,VVI,19721.0,2019-02-14,252.0,-0.1271%,0.0002,0.8075,0.8045,0.2104,1.0996%,1.4340%,41.1970%,-0.002644,VVI,19721.0,2019-02-15,252.0,2.7626%,0.0003,0.8249,0.8218,0.2409,1.1022%,1.4436%,41.7101%,0.01538,VVI,19721.0,2019-02-19,252.0,1.5210%,0.0003,0.8273,0.8276,0.2472,1.1040%,1.4461%,41.7125%,0.010437,VVI,19721.0,2019-02-20,252.0,-0.1742%,0.0003,0.8243,0.816,0.2353,1.1025%,1.4431%,41.6309%,-0.006595,VVI,19721.0,2019-02-21,252.0,0.4887%,0.0003,0.8202,0.8095,0.2276,1.1032%,1.4404%,41.3357%,0.008949,VVI,19721.0,2019-02-22,252.0,1.3546%,0.0003,0.8199,0.7926,0.209,1.1007%,1.4388%,41.4814%,0.007009,VVI,0.012757,0.012457,0.01585,0.0044569999999999,0.039637
38019,WALGREENS BOOTS ALLIANCE INC,FDA Says Walgreens Is Currently Top Violator Among Pharmacies That Sell Tobacco Products To Minors,6,decrease,0.8,0.6,"the news about walgreens being the top violator of selling tobacco products to minors could lead to regulatory scrutiny and damage the company's reputation, likely resulting in a decrease in stock price.",0,2019-02-07,WBA,2019-02-07 15:14:00+00:00,19502.0,93142710,-0.0037778685800731,4619706.0,-0.0151684582233429,0.0022437761072069,0.0049914214760065,-0.0020990977063775,0.0154675226658582,-0.0058430465869605,0.0121576683595776,-0.0052588549442589,0.0016567761776968,0.0090769659727811,0.0183053631335496,0.0015384700382128,0.0136184124276042,-0.0011176561238244,-0.0353351756930351,-0.0043121096678078,-0.0185237023979425,0.0079921437427401,-0.0005676303990185,-0.005438563413918,0.0124946366995573,0.0016762502491474,0.0023840388748794,-0.0115974592044949,-0.0015389004256576,0.006111993920058,-0.002522072289139,-0.0001389185636071,-0.064334899187088,0.0029251857195049,-0.0280739031732082,0.0161358714103698,-0.020698120817542,-0.0147817255929112,-0.0362776480615139,-0.0106236785650253,-0.0214402228593826,0.0034611655864864,0.0018397826934233,0.0120498891919851,0.0130216823890805,0.0200085956603288,0.0052735609933733,0.0057496265508234,0.0147541230544447,0.0332689397037029,-0.0012924366164952,-0.0104350242763757,0.0131025779992342,-0.0042441226541996,0.0071850670501589,0.0041146036237478,0.010938468389213,-0.0045347800478339,-0.0153677202761173,0.0094506703317165,0.0129001038148999,0.0376953557133674,-0.018710670992732,-0.029735354706645,-0.0115366326645016,-0.0337594933807849,0.0037283117417246,-0.0502114929258823,0.0050064823590219,-0.0290143396705389,0.004499418195337,-0.00970871001482,0.0121580893173813,-0.0320040211081504,0.0034771806094795,-0.0434888452291488,-0.1280516684055328,-0.0014556373935192,-0.0093930717557668,0.0077008297666907,-0.0125820320099592,0.0080087957903742,0.0099722454324364,-0.0003694885817822,0.0067654554732143,-0.0210995897650718,-0.01017074752599,0.0014489585300907,0.0001834554423112,-0.0334928557276725,-0.0196294207125902,0.0120468204841017,0.0001871657295851,-0.0021213942673057,0.0147801851853728,0.0024810857139527,0.011061917990446,0.0134099954739213,0.0054704453796148,0.0222766194492578,-0.0092491535469889,0.0110134808346629,-0.0097016766667366,0.0131644355133175,-0.0162661243230104,-0.0003759716637432,0.0046974821016192,-0.0260009430348873,-0.0147746568545699,-0.0072709466330707,0.0032269963994622,0.0027949414215981,0.0134343029931187,0.0094455871731042,0.0001866751554189,-0.0048828311264514,0.0020533995702862,0.0013445863733068,0.0020491916220635,-0.0070397113449871,0.0053913537412881,-0.0006065386696718,-0.0029586474411189,0.0118422508239746,-0.0151684582233428,0.0022437761072069,-0.0102527489154702,0.0001399684955492,0.0050561891241507,-0.0057038959338515,0.0189607264854332,-0.0019550251883644,-0.0047787573709382,-0.0033467832535815,-0.1181065225050457,0.0625929044313766,-0.2380757074921823,-0.1228000405822568,2019-02-08,2019-02-11,2019-02-12,2019-02-13,2019-02-14,2019-02-15,2019-02-19,2019-02-20,2019-02-21,2019-02-22,19502.0,2019-02-07,252.0,-0.3778%,0.0002,0.9171,0.0471,0.2959,1.3338%,1.6319%,33.1991%,0.003589,WBA,19502.0,2019-02-08,252.0,-1.5168%,0.0001,0.9195,0.0516,0.309,1.3367%,1.6346%,33.1227%,-0.014076,WBA,19502.0,2019-02-11,252.0,0.4991%,0.0002,0.9005,0.0729,0.3106,1.3334%,1.6083%,31.2606%,0.002553,WBA,19502.0,2019-02-12,252.0,1.5468%,0.0002,0.9077,0.0663,0.3154,1.3323%,1.6110%,31.5998%,0.003634,WBA,19502.0,2019-02-13,252.0,1.2158%,0.0003,0.9143,0.0588,0.3163,1.3316%,1.6127%,31.8236%,0.009256,WBA,19502.0,2019-02-14,252.0,0.1657%,0.0004,0.9135,0.0615,0.3127,1.3315%,1.6126%,31.8215%,0.005006,WBA,19502.0,2019-02-15,252.0,1.8305%,0.0004,0.9234,0.071,0.3296,1.3312%,1.6156%,32.1111%,0.006228,WBA,19502.0,2019-02-19,252.0,1.3618%,0.0004,0.9225,0.0814,0.3414,1.3314%,1.6136%,31.9181%,0.010569,WBA,19502.0,2019-02-20,252.0,-3.5335%,0.0002,0.9101,0.0474,0.2955,1.3511%,1.6262%,30.9672%,-0.039245,WBA,19502.0,2019-02-21,252.0,-1.8524%,0.0001,0.9158,0.0556,0.306,1.3537%,1.6305%,31.0675%,-0.0145429999999999,WBA,19502.0,2019-02-22,252.0,-0.0568%,0.0002,0.9153,0.076,0.3194,1.3502%,1.6264%,31.0763%,-0.002428,WBA,-0.010487,-0.007934,-0.0043,0.009962,-0.029457
38027,WALGREENS BOOTS ALLIANCE INC,"FDA Initiated Enforcement Action Against Some Retail Locations Of Walgreen Co, Circle K Stores For Sale Of Tobacco Products To Minors; Pursues Order Barring Specific Retailers From Selling Tobacco Products As Part Of Its Continuing Efforts To Target Youth",6,decrease,0.8,0.6,"the fda's enforcement action against walgreens for selling tobacco products to minors could lead to reputational damage and potential financial penalties, negatively impacting investor sentiment.",0,2019-02-07,WBA,2019-02-07 15:12:00+00:00,19502.0,93142710,-0.0037778685800731,4619706.0,-0.0151684582233429,0.0022437761072069,0.0049914214760065,-0.0020990977063775,0.0154675226658582,-0.0058430465869605,0.0121576683595776,-0.0052588549442589,0.0016567761776968,0.0090769659727811,0.0183053631335496,0.0015384700382128,0.0136184124276042,-0.0011176561238244,-0.0353351756930351,-0.0043121096678078,-0.0185237023979425,0.0079921437427401,-0.0005676303990185,-0.005438563413918,0.0124946366995573,0.0016762502491474,0.0023840388748794,-0.0115974592044949,-0.0015389004256576,0.006111993920058,-0.002522072289139,-0.0001389185636071,-0.064334899187088,0.0029251857195049,-0.0280739031732082,0.0161358714103698,-0.020698120817542,-0.0147817255929112,-0.0362776480615139,-0.0106236785650253,-0.0214402228593826,0.0034611655864864,0.0018397826934233,0.0120498891919851,0.0130216823890805,0.0200085956603288,0.0052735609933733,0.0057496265508234,0.0147541230544447,0.0332689397037029,-0.0012924366164952,-0.0104350242763757,0.0131025779992342,-0.0042441226541996,0.0071850670501589,0.0041146036237478,0.010938468389213,-0.0045347800478339,-0.0153677202761173,0.0094506703317165,0.0129001038148999,0.0376953557133674,-0.018710670992732,-0.029735354706645,-0.0115366326645016,-0.0337594933807849,0.0037283117417246,-0.0502114929258823,0.0050064823590219,-0.0290143396705389,0.004499418195337,-0.00970871001482,0.0121580893173813,-0.0320040211081504,0.0034771806094795,-0.0434888452291488,-0.1280516684055328,-0.0014556373935192,-0.0093930717557668,0.0077008297666907,-0.0125820320099592,0.0080087957903742,0.0099722454324364,-0.0003694885817822,0.0067654554732143,-0.0210995897650718,-0.01017074752599,0.0014489585300907,0.0001834554423112,-0.0334928557276725,-0.0196294207125902,0.0120468204841017,0.0001871657295851,-0.0021213942673057,0.0147801851853728,0.0024810857139527,0.011061917990446,0.0134099954739213,0.0054704453796148,0.0222766194492578,-0.0092491535469889,0.0110134808346629,-0.0097016766667366,0.0131644355133175,-0.0162661243230104,-0.0003759716637432,0.0046974821016192,-0.0260009430348873,-0.0147746568545699,-0.0072709466330707,0.0032269963994622,0.0027949414215981,0.0134343029931187,0.0094455871731042,0.0001866751554189,-0.0048828311264514,0.0020533995702862,0.0013445863733068,0.0020491916220635,-0.0070397113449871,0.0053913537412881,-0.0006065386696718,-0.0029586474411189,0.0118422508239746,-0.0151684582233428,0.0022437761072069,-0.0102527489154702,0.0001399684955492,0.0050561891241507,-0.0057038959338515,0.0189607264854332,-0.0019550251883644,-0.0047787573709382,-0.0033467832535815,-0.1181065225050457,0.0625929044313766,-0.2380757074921823,-0.1228000405822568,2019-02-08,2019-02-11,2019-02-12,2019-02-13,2019-02-14,2019-02-15,2019-02-19,2019-02-20,2019-02-21,2019-02-22,19502.0,2019-02-07,252.0,-0.3778%,0.0002,0.9171,0.0471,0.2959,1.3338%,1.6319%,33.1991%,0.003589,WBA,19502.0,2019-02-08,252.0,-1.5168%,0.0001,0.9195,0.0516,0.309,1.3367%,1.6346%,33.1227%,-0.014076,WBA,19502.0,2019-02-11,252.0,0.4991%,0.0002,0.9005,0.0729,0.3106,1.3334%,1.6083%,31.2606%,0.002553,WBA,19502.0,2019-02-12,252.0,1.5468%,0.0002,0.9077,0.0663,0.3154,1.3323%,1.6110%,31.5998%,0.003634,WBA,19502.0,2019-02-13,252.0,1.2158%,0.0003,0.9143,0.0588,0.3163,1.3316%,1.6127%,31.8236%,0.009256,WBA,19502.0,2019-02-14,252.0,0.1657%,0.0004,0.9135,0.0615,0.3127,1.3315%,1.6126%,31.8215%,0.005006,WBA,19502.0,2019-02-15,252.0,1.8305%,0.0004,0.9234,0.071,0.3296,1.3312%,1.6156%,32.1111%,0.006228,WBA,19502.0,2019-02-19,252.0,1.3618%,0.0004,0.9225,0.0814,0.3414,1.3314%,1.6136%,31.9181%,0.010569,WBA,19502.0,2019-02-20,252.0,-3.5335%,0.0002,0.9101,0.0474,0.2955,1.3511%,1.6262%,30.9672%,-0.039245,WBA,19502.0,2019-02-21,252.0,-1.8524%,0.0001,0.9158,0.0556,0.306,1.3537%,1.6305%,31.0675%,-0.0145429999999999,WBA,19502.0,2019-02-22,252.0,-0.0568%,0.0002,0.9153,0.076,0.3194,1.3502%,1.6264%,31.0763%,-0.002428,WBA,-0.010487,-0.007934,-0.0043,0.009962,-0.029457
38035,WERNER ENTERPRISES INC,"Werner Posts Strong Q4 Earnings, Hosts First-Ever Call",6,increase,0.8,0.7,"strong q4 earnings typically indicate positive financial performance, which can boost investor confidence and lead to an increase in stock price.",2,2019-02-07,WERN,2019-02-07 17:07:00+00:00,10397.0,95075510,0.0403614491224288,2478231.0,-0.0107122967019677,-0.0174607913941144,-0.0076089650392532,0.002373237395659,0.0147449132055044,0.0212057195603847,0.0162743795663118,0.0027339051011949,0.0025736389216035,-0.0216940063983202,-0.0171135850250721,0.0089955944567918,0.011897848919034,0.0133697548881173,0.0057356115430593,0.0138632403686642,-0.0054176966659724,0.014058131724596,0.0034403363242745,-0.0153798842802643,-0.004571424331516,-0.0085392678156495,0.0011481319088488,-0.0093654859811067,-0.0106078768149018,0.0369673669338226,0.0005795554607175,0.0257069151848554,0.0,0.005168015602976,-0.0217202436178922,-0.0080102533102035,-0.0115452753379941,-0.0028754041995853,0.0041928538121283,0.0,0.0035789667163044,-0.0110584637150168,0.0092124082148075,0.0236092992126941,0.0341578274965286,0.0224867835640907,-0.0082573210820555,0.002320175524801,0.0086132418364286,0.0342817977070808,-0.0113863227888941,-0.0331455096602439,-0.0089260404929518,0.0213269852101802,0.0116211958229541,-0.0139766503125429,-0.0427914373576641,0.0,-0.0117012653499841,-0.0006651299772784,0.0118398061022162,0.0329783260822296,-0.0141014456748962,-0.009863912127912,-0.0009129269164986,-0.0226063933223485,0.0265001188963651,-0.0049619455821812,-0.0023739414755254,-0.0137031022459268,0.0237953383475542,-0.006160847377032,-0.0078441798686981,0.0266311317682266,0.0184479430317878,-0.0312802083790302,-0.008050569333136,-0.0285087674856185,-0.0005797233898192,-0.0015639424091205,0.0153711941093206,0.0072463625110685,0.0059983693063259,0.022222239524126,0.0005678721354342,-0.042257834225893,-0.007378039881587,0.0185359176248312,-0.0068610026501119,-0.0441441237926483,0.01381691172719,-0.0165387298911809,-0.0034072371199727,0.0155968945473432,-0.017709195613861,-0.0202761869877576,0.0101774437353014,0.0274758413434028,0.0014392411103472,-0.021565718576312,0.015521727502346,0.0122607611119747,0.000565996102523,-0.007715196814388,0.0028289190959185,0.0172049403190612,0.0191819537431001,-0.0298682413995266,-0.0365347266197204,0.0212321449071168,0.0270036943256855,-0.0026841680519282,-0.0335664562880992,0.0154451336711645,-0.0303907170891761,0.0100948866456747,-0.0364179462194442,-0.0072882380336523,0.0198264997452497,-0.0090279635041952,0.0170109774917364,-0.003896914422512,0.0050777178257703,-0.0014965351438149,-0.0107122967019677,-0.0174607913941144,-0.0182397522501255,-0.0151289926015497,-0.0037637826084391,0.0057559057844953,0.0150550227682761,-0.0133729788031764,0.0133178667805344,0.0212243156370124,-0.0486392660445492,0.1326922505876311,-0.0232627550073186,-0.0032579500077496,2019-02-08,2019-02-11,2019-02-12,2019-02-13,2019-02-14,2019-02-15,2019-02-19,2019-02-20,2019-02-21,2019-02-22,10397.0,2019-02-07,252.0,4.0361%,-0.0002,0.9298,0.9752,0.3971,1.7569%,2.0459%,26.2586%,0.048825,WERN,10397.0,2019-02-08,252.0,-1.0712%,-0.0003,0.9314,0.9782,0.4056,1.7578%,2.0470%,26.2569%,-0.0093969999999999,WERN,10397.0,2019-02-11,252.0,-0.7609%,-0.0002,0.8897,0.996,0.3933,1.7506%,2.0196%,24.8617%,-0.016402,WERN,10397.0,2019-02-12,252.0,1.4745%,-0.0002,0.8937,0.9931,0.3959,1.7505%,2.0216%,25.0210%,0.003015,WERN,10397.0,2019-02-13,252.0,1.6274%,-0.0001,0.9005,0.9869,0.398,1.7512%,2.0240%,25.1453%,0.012799,WERN,10397.0,2019-02-14,252.0,0.2574%,-0.0003,0.8955,0.9853,0.4075,1.6956%,1.9726%,26.1154%,0.0015409999999999,WERN,10397.0,2019-02-15,252.0,-1.7114%,-0.0004,0.8949,0.9813,0.402,1.7002%,1.9751%,25.8983%,-0.0317519999999999,WERN,10397.0,2019-02-19,252.0,1.1898%,-0.0003,0.8995,0.9806,0.4008,1.6994%,1.9765%,26.0700%,0.006046,WERN,10397.0,2019-02-20,252.0,0.5736%,-0.0003,0.8995,0.9807,0.4008,1.6994%,1.9766%,26.0835%,-0.0004349999999999,WERN,10397.0,2019-02-21,252.0,-0.5418%,-0.0003,0.8995,0.9808,0.4009,1.6994%,1.9759%,26.0257%,-0.000581,WERN,10397.0,2019-02-22,252.0,0.3440%,-0.0003,0.9,0.9741,0.4006,1.6992%,1.9751%,25.9889%,-0.002008,WERN,0.039428,0.023026,0.026041,0.040381,0.011651
38043,WELLS FARGO & CO NEW,"Wells Fargo Issues Statement In Press Release Following System Issues, Statement Is Same Message Recently Highlighted In Co. Tweet",6,uncertain,0.6,0.3,"the statement regarding system issues may raise concerns among investors, but the lack of new information in the press release could lead to mixed reactions, resulting in uncertainty about the stock's movement.",1,2019-02-07,WFC,2019-02-07 18:08:00+00:00,38703.0,94974610,-0.0231613032519817,24189661.0,-0.0089434338733553,-0.0010148008586838,0.0,0.0042804540134966,0.0293808542191982,0.0030668887775391,-0.000611595925875,0.0,-0.0101999184116721,-0.014573773369193,0.0144270556047558,0.0048144771717488,0.0032507078722119,0.0006021432927809,0.0087079852819442,-0.0061839488334953,-0.0050190724432468,0.00300123100169,-0.0108959022909402,-0.002793283900246,0.0130558833479881,0.0052145672962069,-0.0014095790684223,-0.0029993543867021,0.0062512881122529,0.0158439725637435,-0.0002004436100833,0.0059256418608129,0.0028061612974852,0.0266415048390626,0.0015990772517398,-0.0154894674196839,-0.0043903654441237,0.0114894350990653,-0.0014030806487426,0.0025130666326731,-0.0028101042844355,-0.0010460091289132,0.00241543748416,0.0054690432734787,-0.0008032312616705,-0.0020990443881601,-0.0022105465177446,-0.0064650964923202,0.0054379985667765,0.0296328347176313,0.0086137885227799,-0.0078823808580636,0.0061569293029606,0.0186631232500076,0.0211211945861578,0.0065531469881534,-0.0061859595589339,0.0054908851161599,-0.0196459498256444,-0.0013161081587895,-0.010714303702116,0.0456422418355941,-0.031087027862668,-0.0336879529058933,-0.0047609093599021,-0.0199826657772064,0.0193426888436079,0.0081016588956117,-0.0048969164490699,-0.0182717610150575,0.0065614045597612,-0.0019309193594381,-0.0156854856759309,0.0015040759462863,0.0101407635957002,-0.0104188360273838,-0.0122926095500588,-0.0148722846060991,0.0134827122092247,-0.0004186902078799,0.0063446080312132,-0.0213114935904741,-0.0079316534101963,-0.0290489289909601,0.0020500675309449,-0.0162458773702383,-0.0151391504332423,-0.0133255822584033,-0.0072704297490417,-0.0453540347516536,-0.0010462279897183,-0.0007368662627413,-0.0261834934353828,0.0044411150738596,0.0060227741487324,-0.0057037272490561,0.0188155025243759,0.0218086075037717,-0.0020986839663237,0.0058622835204005,0.0006309694144874,0.0202585216611623,-0.0067255883477628,-0.0114438002929091,0.0019043621141463,-0.0020936545915901,0.0027455347590148,-0.0146286347880959,0.0006318193045444,0.0071779577992856,0.0094717061147093,0.0022718464024364,0.0064637484028935,0.0128475194796919,0.002900339430198,-0.0111869573593139,-0.0037182462401688,0.0074499179609119,0.0014513725182041,-0.0130090955644846,0.0072464244440197,-0.0022573163732886,-0.0045221215113997,0.0001865999074652,-0.0089434338733553,-0.0010148008586838,-0.0089434338733553,0.0032613093464042,0.0201746546189907,0.0063382001969778,0.0091513857964264,-0.0083279446654546,0.0195507193185353,-0.0089214988915951,0.0047836861600574,0.1009054669242317,0.0072795034017751,-0.0654228283471394,2019-02-08,2019-02-11,2019-02-12,2019-02-13,2019-02-14,2019-02-15,2019-02-19,2019-02-20,2019-02-21,2019-02-22,38703.0,2019-02-07,252.0,-2.3161%,-0.0002,1.0527,-0.0555,1.1487,0.8541%,1.3740%,61.3646%,-0.0182109999999999,WFC,38703.0,2019-02-08,252.0,-0.8943%,-0.0002,1.0532,-0.0611,1.1472,0.8531%,1.3747%,61.4857%,-0.0020369999999999,WFC,38703.0,2019-02-11,252.0,0.0000%,-0.0002,1.0475,-0.0606,1.1445,0.8531%,1.3550%,60.3631%,-0.00381,WFC,38703.0,2019-02-12,252.0,2.9381%,-0.0001,1.0583,-0.0619,1.1503,0.8597%,1.3653%,60.3521%,0.016993,WFC,38703.0,2019-02-13,252.0,-0.0612%,-0.0001,1.0599,-0.0662,1.1485,0.8596%,1.3646%,60.3189%,-0.004443,WFC,38703.0,2019-02-14,252.0,-1.0200%,-0.0002,1.0583,-0.0677,1.153,0.8435%,1.3553%,61.2616%,-0.0010689999999999,WFC,38703.0,2019-02-15,252.0,1.4427%,-0.0003,1.052,-0.0737,1.1422,0.8430%,1.3476%,60.8711%,-0.002997,WFC,38703.0,2019-02-19,252.0,0.3251%,-0.0003,1.0508,-0.0737,1.1423,0.8429%,1.3468%,60.8283%,-0.002061,WFC,38703.0,2019-02-20,252.0,0.8708%,-0.0003,1.0513,-0.0714,1.1443,0.8427%,1.3480%,60.9174%,0.000491,WFC,38703.0,2019-02-21,252.0,-0.5019%,-0.0003,1.0543,-0.065,1.1497,0.8408%,1.3483%,61.1163%,0.001353,WFC,38703.0,2019-02-22,252.0,-1.0896%,-0.0003,1.0542,-0.0637,1.1508,0.8408%,1.3498%,61.2017%,-0.0005899999999999,WFC,-0.020248,-0.024058,-0.0070649999999999,-0.0125769999999999,-0.016381
38051,WELLS FARGO & CO NEW,"'We're experiencing system issues due to a power shutdown at one of our facilities, initiated after smoke was detected following routine maintenance. We're working to restore services as soon as possible...' - Wells Fargo Tweets",6,decrease,0.7,0.5,"the system issues and service disruptions due to a power shutdown may lead to customer dissatisfaction and operational challenges, likely resulting in a decrease in stock price.",0,2019-02-07,WFC,2019-02-07 17:49:00+00:00,38703.0,94974610,-0.0231613032519817,24189661.0,-0.0089434338733553,-0.0010148008586838,0.0,0.0042804540134966,0.0293808542191982,0.0030668887775391,-0.000611595925875,0.0,-0.0101999184116721,-0.014573773369193,0.0144270556047558,0.0048144771717488,0.0032507078722119,0.0006021432927809,0.0087079852819442,-0.0061839488334953,-0.0050190724432468,0.00300123100169,-0.0108959022909402,-0.002793283900246,0.0130558833479881,0.0052145672962069,-0.0014095790684223,-0.0029993543867021,0.0062512881122529,0.0158439725637435,-0.0002004436100833,0.0059256418608129,0.0028061612974852,0.0266415048390626,0.0015990772517398,-0.0154894674196839,-0.0043903654441237,0.0114894350990653,-0.0014030806487426,0.0025130666326731,-0.0028101042844355,-0.0010460091289132,0.00241543748416,0.0054690432734787,-0.0008032312616705,-0.0020990443881601,-0.0022105465177446,-0.0064650964923202,0.0054379985667765,0.0296328347176313,0.0086137885227799,-0.0078823808580636,0.0061569293029606,0.0186631232500076,0.0211211945861578,0.0065531469881534,-0.0061859595589339,0.0054908851161599,-0.0196459498256444,-0.0013161081587895,-0.010714303702116,0.0456422418355941,-0.031087027862668,-0.0336879529058933,-0.0047609093599021,-0.0199826657772064,0.0193426888436079,0.0081016588956117,-0.0048969164490699,-0.0182717610150575,0.0065614045597612,-0.0019309193594381,-0.0156854856759309,0.0015040759462863,0.0101407635957002,-0.0104188360273838,-0.0122926095500588,-0.0148722846060991,0.0134827122092247,-0.0004186902078799,0.0063446080312132,-0.0213114935904741,-0.0079316534101963,-0.0290489289909601,0.0020500675309449,-0.0162458773702383,-0.0151391504332423,-0.0133255822584033,-0.0072704297490417,-0.0453540347516536,-0.0010462279897183,-0.0007368662627413,-0.0261834934353828,0.0044411150738596,0.0060227741487324,-0.0057037272490561,0.0188155025243759,0.0218086075037717,-0.0020986839663237,0.0058622835204005,0.0006309694144874,0.0202585216611623,-0.0067255883477628,-0.0114438002929091,0.0019043621141463,-0.0020936545915901,0.0027455347590148,-0.0146286347880959,0.0006318193045444,0.0071779577992856,0.0094717061147093,0.0022718464024364,0.0064637484028935,0.0128475194796919,0.002900339430198,-0.0111869573593139,-0.0037182462401688,0.0074499179609119,0.0014513725182041,-0.0130090955644846,0.0072464244440197,-0.0022573163732886,-0.0045221215113997,0.0001865999074652,-0.0089434338733553,-0.0010148008586838,-0.0089434338733553,0.0032613093464042,0.0201746546189907,0.0063382001969778,0.0091513857964264,-0.0083279446654546,0.0195507193185353,-0.0089214988915951,0.0047836861600574,0.1009054669242317,0.0072795034017751,-0.0654228283471394,2019-02-08,2019-02-11,2019-02-12,2019-02-13,2019-02-14,2019-02-15,2019-02-19,2019-02-20,2019-02-21,2019-02-22,38703.0,2019-02-07,252.0,-2.3161%,-0.0002,1.0527,-0.0555,1.1487,0.8541%,1.3740%,61.3646%,-0.0182109999999999,WFC,38703.0,2019-02-08,252.0,-0.8943%,-0.0002,1.0532,-0.0611,1.1472,0.8531%,1.3747%,61.4857%,-0.0020369999999999,WFC,38703.0,2019-02-11,252.0,0.0000%,-0.0002,1.0475,-0.0606,1.1445,0.8531%,1.3550%,60.3631%,-0.00381,WFC,38703.0,2019-02-12,252.0,2.9381%,-0.0001,1.0583,-0.0619,1.1503,0.8597%,1.3653%,60.3521%,0.016993,WFC,38703.0,2019-02-13,252.0,-0.0612%,-0.0001,1.0599,-0.0662,1.1485,0.8596%,1.3646%,60.3189%,-0.004443,WFC,38703.0,2019-02-14,252.0,-1.0200%,-0.0002,1.0583,-0.0677,1.153,0.8435%,1.3553%,61.2616%,-0.0010689999999999,WFC,38703.0,2019-02-15,252.0,1.4427%,-0.0003,1.052,-0.0737,1.1422,0.8430%,1.3476%,60.8711%,-0.002997,WFC,38703.0,2019-02-19,252.0,0.3251%,-0.0003,1.0508,-0.0737,1.1423,0.8429%,1.3468%,60.8283%,-0.002061,WFC,38703.0,2019-02-20,252.0,0.8708%,-0.0003,1.0513,-0.0714,1.1443,0.8427%,1.3480%,60.9174%,0.000491,WFC,38703.0,2019-02-21,252.0,-0.5019%,-0.0003,1.0543,-0.065,1.1497,0.8408%,1.3483%,61.1163%,0.001353,WFC,38703.0,2019-02-22,252.0,-1.0896%,-0.0003,1.0542,-0.0637,1.1508,0.8408%,1.3498%,61.2017%,-0.0005899999999999,WFC,-0.020248,-0.024058,-0.0070649999999999,-0.0125769999999999,-0.016381
38059,WELLS FARGO & CO NEW,'We apologize to our customers who may be experiencing an issue with our online banking and mobile app...' -Tweet From Wells Fargo,6,decrease,0.7,0.6,"issues with online banking and mobile app can lead to customer dissatisfaction and potential loss of business, negatively impacting the stock price.",0,2019-02-07,WFC,2019-02-07 14:31:00+00:00,38703.0,94974610,-0.0231613032519817,24189661.0,-0.0089434338733553,-0.0010148008586838,0.0,0.0042804540134966,0.0293808542191982,0.0030668887775391,-0.000611595925875,0.0,-0.0101999184116721,-0.014573773369193,0.0144270556047558,0.0048144771717488,0.0032507078722119,0.0006021432927809,0.0087079852819442,-0.0061839488334953,-0.0050190724432468,0.00300123100169,-0.0108959022909402,-0.002793283900246,0.0130558833479881,0.0052145672962069,-0.0014095790684223,-0.0029993543867021,0.0062512881122529,0.0158439725637435,-0.0002004436100833,0.0059256418608129,0.0028061612974852,0.0266415048390626,0.0015990772517398,-0.0154894674196839,-0.0043903654441237,0.0114894350990653,-0.0014030806487426,0.0025130666326731,-0.0028101042844355,-0.0010460091289132,0.00241543748416,0.0054690432734787,-0.0008032312616705,-0.0020990443881601,-0.0022105465177446,-0.0064650964923202,0.0054379985667765,0.0296328347176313,0.0086137885227799,-0.0078823808580636,0.0061569293029606,0.0186631232500076,0.0211211945861578,0.0065531469881534,-0.0061859595589339,0.0054908851161599,-0.0196459498256444,-0.0013161081587895,-0.010714303702116,0.0456422418355941,-0.031087027862668,-0.0336879529058933,-0.0047609093599021,-0.0199826657772064,0.0193426888436079,0.0081016588956117,-0.0048969164490699,-0.0182717610150575,0.0065614045597612,-0.0019309193594381,-0.0156854856759309,0.0015040759462863,0.0101407635957002,-0.0104188360273838,-0.0122926095500588,-0.0148722846060991,0.0134827122092247,-0.0004186902078799,0.0063446080312132,-0.0213114935904741,-0.0079316534101963,-0.0290489289909601,0.0020500675309449,-0.0162458773702383,-0.0151391504332423,-0.0133255822584033,-0.0072704297490417,-0.0453540347516536,-0.0010462279897183,-0.0007368662627413,-0.0261834934353828,0.0044411150738596,0.0060227741487324,-0.0057037272490561,0.0188155025243759,0.0218086075037717,-0.0020986839663237,0.0058622835204005,0.0006309694144874,0.0202585216611623,-0.0067255883477628,-0.0114438002929091,0.0019043621141463,-0.0020936545915901,0.0027455347590148,-0.0146286347880959,0.0006318193045444,0.0071779577992856,0.0094717061147093,0.0022718464024364,0.0064637484028935,0.0128475194796919,0.002900339430198,-0.0111869573593139,-0.0037182462401688,0.0074499179609119,0.0014513725182041,-0.0130090955644846,0.0072464244440197,-0.0022573163732886,-0.0045221215113997,0.0001865999074652,-0.0089434338733553,-0.0010148008586838,-0.0089434338733553,0.0032613093464042,0.0201746546189907,0.0063382001969778,0.0091513857964264,-0.0083279446654546,0.0195507193185353,-0.0089214988915951,0.0047836861600574,0.1009054669242317,0.0072795034017751,-0.0654228283471394,2019-02-08,2019-02-11,2019-02-12,2019-02-13,2019-02-14,2019-02-15,2019-02-19,2019-02-20,2019-02-21,2019-02-22,38703.0,2019-02-07,252.0,-2.3161%,-0.0002,1.0527,-0.0555,1.1487,0.8541%,1.3740%,61.3646%,-0.0182109999999999,WFC,38703.0,2019-02-08,252.0,-0.8943%,-0.0002,1.0532,-0.0611,1.1472,0.8531%,1.3747%,61.4857%,-0.0020369999999999,WFC,38703.0,2019-02-11,252.0,0.0000%,-0.0002,1.0475,-0.0606,1.1445,0.8531%,1.3550%,60.3631%,-0.00381,WFC,38703.0,2019-02-12,252.0,2.9381%,-0.0001,1.0583,-0.0619,1.1503,0.8597%,1.3653%,60.3521%,0.016993,WFC,38703.0,2019-02-13,252.0,-0.0612%,-0.0001,1.0599,-0.0662,1.1485,0.8596%,1.3646%,60.3189%,-0.004443,WFC,38703.0,2019-02-14,252.0,-1.0200%,-0.0002,1.0583,-0.0677,1.153,0.8435%,1.3553%,61.2616%,-0.0010689999999999,WFC,38703.0,2019-02-15,252.0,1.4427%,-0.0003,1.052,-0.0737,1.1422,0.8430%,1.3476%,60.8711%,-0.002997,WFC,38703.0,2019-02-19,252.0,0.3251%,-0.0003,1.0508,-0.0737,1.1423,0.8429%,1.3468%,60.8283%,-0.002061,WFC,38703.0,2019-02-20,252.0,0.8708%,-0.0003,1.0513,-0.0714,1.1443,0.8427%,1.3480%,60.9174%,0.000491,WFC,38703.0,2019-02-21,252.0,-0.5019%,-0.0003,1.0543,-0.065,1.1497,0.8408%,1.3483%,61.1163%,0.001353,WFC,38703.0,2019-02-22,252.0,-1.0896%,-0.0003,1.0542,-0.0637,1.1508,0.8408%,1.3498%,61.2017%,-0.0005899999999999,WFC,-0.020248,-0.024058,-0.0070649999999999,-0.0125769999999999,-0.016381
38067,ADVANCED DRAINAGE SYSTEMS INC,"Advanced Drainage Systems Reaffirms FY19 Guidance: Sales $1.375B-$1.425B, Adj. EBITDA $225M-$240M",6,increase,0.7,0.6,"reaffirming guidance typically signals stability and confidence in future performance, which can positively influence investor sentiment and stock price.",2,2019-02-07,WMS,2019-02-07 11:42:00+00:00,14759.0,00790R10,-0.0331406779587268,873778.0,-0.0271024424582719,0.0007713250233791,-0.0024579870514571,0.0269307047128677,0.0266940295696258,0.0063770366832613,0.0268000029027462,-0.0160784255713224,-0.005453813355416,0.0240964014083147,0.014884416013956,-0.0103338724002242,-0.0034735682420432,0.0345394797623157,0.0034856759011745,-0.0097719775512814,0.0011578806443139,-0.0052653327584266,0.0073245419189333,0.0024361093528568,-0.0141599290072917,-0.0060533303767442,-0.000776415283326,-0.024409407749772,-0.0031080001499503,0.0119521608576178,-0.0062353769317269,0.0011966767488047,0.0141621008515358,-0.0149312792345881,-0.0003879064752254,0.0059289140626788,-0.0252231117337942,-0.0097847357392311,-0.0167197473347187,-0.0236912816762924,-0.0149797908961772,0.0088665978983044,0.0004110246081836,0.0030935776885598,0.0316351875662803,0.0221344418823719,0.008363164961338,0.0284552369266748,0.0126382187008857,0.01821194216609,-0.0078002675436437,-0.0020652308594435,0.0051100295968353,-0.0016495223389938,0.0199452582746744,0.0058066938072443,-0.012269927188754,-0.0053630019538104,-0.009316761046648,0.0016528514679521,0.0054858694784343,0.0413081310689449,-0.0307871792465448,-0.0185811035335063,0.0172898434102535,-0.0210831016302108,0.011857752688229,0.0033181221224367,0.0015624612569808,-0.0135024515911936,-0.0039000965189188,0.0238793324679136,0.009005463682115,-0.0249182488769292,0.019014349207282,-0.0028513115830719,-0.0118050063028931,-0.019960081204772,0.0069363540969789,0.0060240812599658,0.0187524575740099,-0.0130796646699309,0.0244177151471376,-0.0201941933482885,0.0051338244229555,-0.0011637193383648,-0.0131339151412248,-0.0111238593235611,0.0136784045025706,-0.0537204928696155,0.0043763983994722,0.010267648845911,0.0036310264840722,0.0047900173813104,0.0050651701167225,-0.007655884604901,0.0097191696986556,0.0370510220527648,-0.0121212182566523,0.0091568743810057,-0.0086611248552799,0.0069150361232459,-0.0131051586940884,-0.0113938180729746,0.0018443097360432,0.0138621721416711,0.0066274045966565,-0.029521707445383,0.0098756570369005,-0.0147275263443589,0.0105034047737717,-0.0134399142116308,0.005376330576837,0.032633189111948,0.0,0.0060377302579581,-0.0039215222932398,-0.0111940018832683,0.00071576773189,-0.0377020165324211,0.0307582486420869,0.0039654150605201,-0.0149202048778533,-0.0411337874829769,-0.0271024424582719,0.0007713250233791,-0.0294938120571038,0.0277228020626891,-0.0035870911786513,0.034276628071667,0.0175368897238872,0.042168721018426,0.0414507380598971,0.0535932452584471,-0.0056488716723921,0.095861499744466,0.1350875363139874,-0.1003632015168061,2019-02-08,2019-02-11,2019-02-12,2019-02-13,2019-02-14,2019-02-15,2019-02-19,2019-02-20,2019-02-21,2019-02-22,14759.0,2019-02-07,252.0,-3.3141%,0.0005,0.8831,1.0381,0.158,1.7586%,2.0606%,27.1622%,-0.0243929999999999,WMS,14759.0,2019-02-08,252.0,-2.7102%,0.0005,0.8877,1.0516,0.1862,1.7667%,2.0678%,26.9999%,-0.027426,WMS,14759.0,2019-02-11,252.0,-0.2458%,-0.0,1.0169,0.9131,0.179,1.6470%,2.0120%,32.9905%,-0.01117,WMS,14759.0,2019-02-12,252.0,2.6694%,-0.0001,1.0057,0.9369,0.169,1.6376%,2.0037%,33.2057%,0.012886,WMS,14759.0,2019-02-13,252.0,2.6800%,-0.0002,0.9856,0.9803,0.1824,1.6118%,1.9749%,33.3927%,0.023204,WMS,14759.0,2019-02-14,252.0,-0.5454%,-0.0003,0.9858,0.9754,0.1902,1.6058%,1.9682%,33.4370%,-0.0075239999999999,WMS,14759.0,2019-02-15,252.0,1.4884%,-0.0002,1.0105,0.9977,0.2305,1.5949%,1.9692%,34.4036%,0.000294,WMS,14759.0,2019-02-19,252.0,-0.3474%,-0.0002,1.0075,0.9939,0.2265,1.5957%,1.9676%,34.2324%,-0.009078,WMS,14759.0,2019-02-20,252.0,0.3486%,-0.0002,1.0082,1.0015,0.2308,1.5935%,1.9668%,34.3615%,-0.001961,WMS,14759.0,2019-02-21,252.0,0.1158%,-0.0002,1.0113,1.009,0.2363,1.5920%,1.9668%,34.4792%,0.00602,WMS,14759.0,2019-02-22,252.0,0.7325%,-0.0001,1.0106,1.0318,0.2486,1.5884%,1.9656%,34.6993%,-0.0014249999999999,WMS,-0.051819,-0.0629889999999999,-0.0501029999999999,-0.0344229999999999,-0.0405729999999999
38075,ADVANCED DRAINAGE SYSTEMS INC,"Advanced Drainage Systems Q3 EPS $0.25 Misses $0.32 Estimate, Adj. EBITDA $48.4M, Sales $318.113M Miss $341.57M Estimate",6,decrease,0.8,0.7,"the company reported lower-than-expected earnings per share and sales, which typically leads to a negative reaction in stock prices.",0,2019-02-07,WMS,2019-02-07 11:42:00+00:00,14759.0,00790R10,-0.0331406779587268,873778.0,-0.0271024424582719,0.0007713250233791,-0.0024579870514571,0.0269307047128677,0.0266940295696258,0.0063770366832613,0.0268000029027462,-0.0160784255713224,-0.005453813355416,0.0240964014083147,0.014884416013956,-0.0103338724002242,-0.0034735682420432,0.0345394797623157,0.0034856759011745,-0.0097719775512814,0.0011578806443139,-0.0052653327584266,0.0073245419189333,0.0024361093528568,-0.0141599290072917,-0.0060533303767442,-0.000776415283326,-0.024409407749772,-0.0031080001499503,0.0119521608576178,-0.0062353769317269,0.0011966767488047,0.0141621008515358,-0.0149312792345881,-0.0003879064752254,0.0059289140626788,-0.0252231117337942,-0.0097847357392311,-0.0167197473347187,-0.0236912816762924,-0.0149797908961772,0.0088665978983044,0.0004110246081836,0.0030935776885598,0.0316351875662803,0.0221344418823719,0.008363164961338,0.0284552369266748,0.0126382187008857,0.01821194216609,-0.0078002675436437,-0.0020652308594435,0.0051100295968353,-0.0016495223389938,0.0199452582746744,0.0058066938072443,-0.012269927188754,-0.0053630019538104,-0.009316761046648,0.0016528514679521,0.0054858694784343,0.0413081310689449,-0.0307871792465448,-0.0185811035335063,0.0172898434102535,-0.0210831016302108,0.011857752688229,0.0033181221224367,0.0015624612569808,-0.0135024515911936,-0.0039000965189188,0.0238793324679136,0.009005463682115,-0.0249182488769292,0.019014349207282,-0.0028513115830719,-0.0118050063028931,-0.019960081204772,0.0069363540969789,0.0060240812599658,0.0187524575740099,-0.0130796646699309,0.0244177151471376,-0.0201941933482885,0.0051338244229555,-0.0011637193383648,-0.0131339151412248,-0.0111238593235611,0.0136784045025706,-0.0537204928696155,0.0043763983994722,0.010267648845911,0.0036310264840722,0.0047900173813104,0.0050651701167225,-0.007655884604901,0.0097191696986556,0.0370510220527648,-0.0121212182566523,0.0091568743810057,-0.0086611248552799,0.0069150361232459,-0.0131051586940884,-0.0113938180729746,0.0018443097360432,0.0138621721416711,0.0066274045966565,-0.029521707445383,0.0098756570369005,-0.0147275263443589,0.0105034047737717,-0.0134399142116308,0.005376330576837,0.032633189111948,0.0,0.0060377302579581,-0.0039215222932398,-0.0111940018832683,0.00071576773189,-0.0377020165324211,0.0307582486420869,0.0039654150605201,-0.0149202048778533,-0.0411337874829769,-0.0271024424582719,0.0007713250233791,-0.0294938120571038,0.0277228020626891,-0.0035870911786513,0.034276628071667,0.0175368897238872,0.042168721018426,0.0414507380598971,0.0535932452584471,-0.0056488716723921,0.095861499744466,0.1350875363139874,-0.1003632015168061,2019-02-08,2019-02-11,2019-02-12,2019-02-13,2019-02-14,2019-02-15,2019-02-19,2019-02-20,2019-02-21,2019-02-22,14759.0,2019-02-07,252.0,-3.3141%,0.0005,0.8831,1.0381,0.158,1.7586%,2.0606%,27.1622%,-0.0243929999999999,WMS,14759.0,2019-02-08,252.0,-2.7102%,0.0005,0.8877,1.0516,0.1862,1.7667%,2.0678%,26.9999%,-0.027426,WMS,14759.0,2019-02-11,252.0,-0.2458%,-0.0,1.0169,0.9131,0.179,1.6470%,2.0120%,32.9905%,-0.01117,WMS,14759.0,2019-02-12,252.0,2.6694%,-0.0001,1.0057,0.9369,0.169,1.6376%,2.0037%,33.2057%,0.012886,WMS,14759.0,2019-02-13,252.0,2.6800%,-0.0002,0.9856,0.9803,0.1824,1.6118%,1.9749%,33.3927%,0.023204,WMS,14759.0,2019-02-14,252.0,-0.5454%,-0.0003,0.9858,0.9754,0.1902,1.6058%,1.9682%,33.4370%,-0.0075239999999999,WMS,14759.0,2019-02-15,252.0,1.4884%,-0.0002,1.0105,0.9977,0.2305,1.5949%,1.9692%,34.4036%,0.000294,WMS,14759.0,2019-02-19,252.0,-0.3474%,-0.0002,1.0075,0.9939,0.2265,1.5957%,1.9676%,34.2324%,-0.009078,WMS,14759.0,2019-02-20,252.0,0.3486%,-0.0002,1.0082,1.0015,0.2308,1.5935%,1.9668%,34.3615%,-0.001961,WMS,14759.0,2019-02-21,252.0,0.1158%,-0.0002,1.0113,1.009,0.2363,1.5920%,1.9668%,34.4792%,0.00602,WMS,14759.0,2019-02-22,252.0,0.7325%,-0.0001,1.0106,1.0318,0.2486,1.5884%,1.9656%,34.6993%,-0.0014249999999999,WMS,-0.051819,-0.0629889999999999,-0.0501029999999999,-0.0344229999999999,-0.0405729999999999
38083,WATTS WATER TECHNOLOGIES INC,Watts Water Technologies Reports $150M Buyback,6,increase,0.8,0.7,a $150m buyback typically signals confidence in the company's value and can lead to an increase in stock price due to reduced share supply and positive investor sentiment.,2,2019-02-07,WTS,2019-02-07 21:23:00+00:00,10606.0,94274910,-0.0375830233097076,187873.0,0.1286049336194992,-0.0013262396678328,-0.037779726088047,0.0033266798127442,0.0128335729241371,0.0098092360422015,-0.0015054917894303,-0.0060104788281023,0.001005174475722,0.0108006354421377,0.0138069344684481,0.0139629924669861,-0.0063141579739749,0.0135979373008012,0.0148267475888133,-0.0127397300675511,-0.0009821265703067,0.0161470454186201,0.005407334305346,0.0165557973086834,-0.0084341140463948,-0.0196975748986005,-0.0070266230031847,-0.0205163341015577,0.00695217307657,0.032402828335762,-0.0044384133070707,0.0130737265571951,0.0008691295515745,-0.0019855252467095,-0.0052102487534284,0.0058488398790359,-0.0011223838664591,-0.0079253492876887,-0.0054930690675973,0.0014173201052472,-0.0105448644608259,0.0236471388489007,-0.0078660584986209,0.0177173614501953,0.0164961759001016,0.0206450074911117,-0.0054094893857836,0.0201383158564567,0.003162155393511,0.0286211464554071,-0.0055477847345173,-0.0215069726109504,0.0016482471255585,0.0015496432315558,0.0179746598005294,0.005453388672322,-0.0012434527743607,-0.0003114741994068,-0.0053535895422101,0.006111825350672,0.0145200109109282,0.0355404503643512,-0.0510795712471008,-0.025462606921792,0.0067611052654683,-0.0164878107607364,0.0170476511120796,-0.0207159258425235,0.0083809988573193,-0.0242270696908235,0.0002518151595722,-0.0056163887493312,0.0174996778368949,-0.0359076187014579,0.0175698865205049,-0.0073549742810428,-0.0117947626858949,-0.0059055932797491,0.0196875371038913,0.0080793714150786,-0.0049475519917905,0.0062758871354162,0.0111569026485085,-0.0018507582135498,0.0076756947673857,-0.0102860834449529,-0.0248749870806932,-0.0115599138662219,0.0206273943185806,-0.0402351915836334,-0.0013154820771887,0.0142352953553199,0.0039515532553195,0.0211823154240846,-0.000715619768016,-0.0095706321299076,0.0109811192378401,0.0268144868314266,0.002833595033735,-0.0225058235228061,0.0093006929382681,0.0051034861244261,-0.0129476329311728,-0.0028881733305752,0.0089812632650136,0.0097208293154835,0.0117123452946543,-0.0123440064489841,-0.0186385810375213,-0.0173853542655706,0.0031851395033299,-0.0036256783641874,0.0084666181355714,0.0186021141707897,-0.001982343615964,-0.0036794310435652,-0.0099310493096709,-0.0069021806120872,-0.0044842725619673,-0.0142742758616805,0.0252489000558853,-0.0212821159511804,0.0117933209985494,-0.0032535139471292,0.1286049336194992,-0.0013262396678328,0.0859665483657359,0.0019960281701816,0.0999033792573611,0.0118248437238512,0.0993514140894147,0.0166059585673357,0.1288808647179717,0.065515848310087,0.0640339114625556,0.1908904592262423,0.2106826864643451,-0.0171924483863148,2019-02-08,2019-02-11,2019-02-12,2019-02-13,2019-02-14,2019-02-15,2019-02-19,2019-02-20,2019-02-21,2019-02-22,10606.0,2019-02-07,252.0,-3.7583%,-0.0001,1.0678,0.6218,0.2984,0.9014%,1.4549%,61.6178%,-0.028333,WTS,10606.0,2019-02-08,252.0,12.8605%,0.0004,1.0452,0.6011,0.1897,1.2119%,1.6638%,46.9411%,0.129292,WTS,10606.0,2019-02-11,252.0,-3.7780%,0.0002,1.0414,0.5449,0.1573,1.2429%,1.6710%,44.6796%,-0.043747,WTS,10606.0,2019-02-12,252.0,1.2834%,0.0002,1.0445,0.5398,0.1598,1.2422%,1.6726%,44.8451%,-0.001271,WTS,10606.0,2019-02-13,252.0,-0.1505%,0.0002,1.0415,0.5429,0.1591,1.2422%,1.6696%,44.6437%,-0.004966,WTS,10606.0,2019-02-14,252.0,0.1005%,0.0001,1.04,0.5428,0.1613,1.2370%,1.6642%,44.7567%,0.001192,WTS,10606.0,2019-02-15,252.0,1.3807%,0.0002,1.0522,0.5537,0.181,1.2333%,1.6663%,45.2169%,-0.000176,WTS,10606.0,2019-02-19,252.0,-0.6314%,0.0001,1.0475,0.5507,0.178,1.2341%,1.6626%,44.9043%,-0.010562,WTS,10606.0,2019-02-20,252.0,1.4827%,0.0002,1.0508,0.5601,0.1904,1.2355%,1.6650%,44.9439%,0.010546,WTS,10606.0,2019-02-21,252.0,-0.0982%,0.0002,1.0506,0.5605,0.19,1.2356%,1.6644%,44.8874%,0.003636,WTS,10606.0,2019-02-22,252.0,0.5407%,0.0002,1.0511,0.5537,0.1902,1.2353%,1.6644%,44.9143%,-0.001811,WTS,0.100959,0.0572119999999999,0.0559409999999999,0.0521669999999999,0.0537999999999999
38091,WATTS WATER TECHNOLOGIES INC,"Watts Water Technologies Q4 EPS $0.88 Beats $0.87 Estimate, Sales $388M Beat $382.45M Estimate",6,increase,0.8,0.6,"the company reported better-than-expected earnings and sales, which typically leads to positive investor sentiment and an increase in stock price.",2,2019-02-07,WTS,2019-02-07 21:22:00+00:00,10606.0,94274910,-0.0375830233097076,187873.0,0.1286049336194992,-0.0013262396678328,-0.037779726088047,0.0033266798127442,0.0128335729241371,0.0098092360422015,-0.0015054917894303,-0.0060104788281023,0.001005174475722,0.0108006354421377,0.0138069344684481,0.0139629924669861,-0.0063141579739749,0.0135979373008012,0.0148267475888133,-0.0127397300675511,-0.0009821265703067,0.0161470454186201,0.005407334305346,0.0165557973086834,-0.0084341140463948,-0.0196975748986005,-0.0070266230031847,-0.0205163341015577,0.00695217307657,0.032402828335762,-0.0044384133070707,0.0130737265571951,0.0008691295515745,-0.0019855252467095,-0.0052102487534284,0.0058488398790359,-0.0011223838664591,-0.0079253492876887,-0.0054930690675973,0.0014173201052472,-0.0105448644608259,0.0236471388489007,-0.0078660584986209,0.0177173614501953,0.0164961759001016,0.0206450074911117,-0.0054094893857836,0.0201383158564567,0.003162155393511,0.0286211464554071,-0.0055477847345173,-0.0215069726109504,0.0016482471255585,0.0015496432315558,0.0179746598005294,0.005453388672322,-0.0012434527743607,-0.0003114741994068,-0.0053535895422101,0.006111825350672,0.0145200109109282,0.0355404503643512,-0.0510795712471008,-0.025462606921792,0.0067611052654683,-0.0164878107607364,0.0170476511120796,-0.0207159258425235,0.0083809988573193,-0.0242270696908235,0.0002518151595722,-0.0056163887493312,0.0174996778368949,-0.0359076187014579,0.0175698865205049,-0.0073549742810428,-0.0117947626858949,-0.0059055932797491,0.0196875371038913,0.0080793714150786,-0.0049475519917905,0.0062758871354162,0.0111569026485085,-0.0018507582135498,0.0076756947673857,-0.0102860834449529,-0.0248749870806932,-0.0115599138662219,0.0206273943185806,-0.0402351915836334,-0.0013154820771887,0.0142352953553199,0.0039515532553195,0.0211823154240846,-0.000715619768016,-0.0095706321299076,0.0109811192378401,0.0268144868314266,0.002833595033735,-0.0225058235228061,0.0093006929382681,0.0051034861244261,-0.0129476329311728,-0.0028881733305752,0.0089812632650136,0.0097208293154835,0.0117123452946543,-0.0123440064489841,-0.0186385810375213,-0.0173853542655706,0.0031851395033299,-0.0036256783641874,0.0084666181355714,0.0186021141707897,-0.001982343615964,-0.0036794310435652,-0.0099310493096709,-0.0069021806120872,-0.0044842725619673,-0.0142742758616805,0.0252489000558853,-0.0212821159511804,0.0117933209985494,-0.0032535139471292,0.1286049336194992,-0.0013262396678328,0.0859665483657359,0.0019960281701816,0.0999033792573611,0.0118248437238512,0.0993514140894147,0.0166059585673357,0.1288808647179717,0.065515848310087,0.0640339114625556,0.1908904592262423,0.2106826864643451,-0.0171924483863148,2019-02-08,2019-02-11,2019-02-12,2019-02-13,2019-02-14,2019-02-15,2019-02-19,2019-02-20,2019-02-21,2019-02-22,10606.0,2019-02-07,252.0,-3.7583%,-0.0001,1.0678,0.6218,0.2984,0.9014%,1.4549%,61.6178%,-0.028333,WTS,10606.0,2019-02-08,252.0,12.8605%,0.0004,1.0452,0.6011,0.1897,1.2119%,1.6638%,46.9411%,0.129292,WTS,10606.0,2019-02-11,252.0,-3.7780%,0.0002,1.0414,0.5449,0.1573,1.2429%,1.6710%,44.6796%,-0.043747,WTS,10606.0,2019-02-12,252.0,1.2834%,0.0002,1.0445,0.5398,0.1598,1.2422%,1.6726%,44.8451%,-0.001271,WTS,10606.0,2019-02-13,252.0,-0.1505%,0.0002,1.0415,0.5429,0.1591,1.2422%,1.6696%,44.6437%,-0.004966,WTS,10606.0,2019-02-14,252.0,0.1005%,0.0001,1.04,0.5428,0.1613,1.2370%,1.6642%,44.7567%,0.001192,WTS,10606.0,2019-02-15,252.0,1.3807%,0.0002,1.0522,0.5537,0.181,1.2333%,1.6663%,45.2169%,-0.000176,WTS,10606.0,2019-02-19,252.0,-0.6314%,0.0001,1.0475,0.5507,0.178,1.2341%,1.6626%,44.9043%,-0.010562,WTS,10606.0,2019-02-20,252.0,1.4827%,0.0002,1.0508,0.5601,0.1904,1.2355%,1.6650%,44.9439%,0.010546,WTS,10606.0,2019-02-21,252.0,-0.0982%,0.0002,1.0506,0.5605,0.19,1.2356%,1.6644%,44.8874%,0.003636,WTS,10606.0,2019-02-22,252.0,0.5407%,0.0002,1.0511,0.5537,0.1902,1.2353%,1.6644%,44.9143%,-0.001811,WTS,0.100959,0.0572119999999999,0.0559409999999999,0.0521669999999999,0.0537999999999999
38099,WESTERN UNION CO,"Western Union Sees FY19 EPS $1.83-$1.95, Sales Down In Low Single-Digit Range To Up In Low Single-Digit Range",6,uncertain,0.6,0.3,"the guidance for eps suggests stability, but the sales forecast being down in low single digits introduces uncertainty about future growth, making the stock's reaction unpredictable.",1,2019-02-07,WU,2019-02-07 21:16:00+00:00,91461.0,95980210,-0.0150538003072142,6923393.0,-0.0169213693588972,0.0048622447066009,-0.008328684605658,0.0054318513721227,0.0072787883691489,-0.0037878623697906,-0.002223402261734,0.0126027148216962,-0.0111421030014753,-0.0032768687233328,0.0028168584685772,0.0099283130839467,0.0022472424898296,-0.0022014812566339,0.0,-0.0032912488095462,-0.0117713557556271,0.0027502330485731,0.0113443434238433,0.006087471731007,-0.0067302770912647,-0.0011056085349991,0.0011293314164504,-0.0093099707737565,0.0039480933919548,0.0184049028903245,0.0039326744154095,0.0101408623158931,0.0190262012183666,0.0028248154558241,0.0010983227984979,0.01142861507833,-0.0087767336517572,-0.0011415786575526,0.0038738071452826,0.0063182432204484,-0.0237045381218195,0.0051963138394057,0.0124224293977022,0.0146455774083733,0.012827637605369,0.0017604916356503,0.0011013468028977,-0.0029256427660584,0.0121011724695563,0.0130408592522144,-0.0005434283521026,-0.0157525409013032,0.0087960334494709,0.0046893274411559,-0.0092643089592456,0.0011736238375306,-0.0060506383888423,-0.0029256427660584,-0.0038738071452826,0.0047031114809215,0.0177777614444494,0.0277946237474679,-0.0038209441117942,-0.0166369993239641,-0.0027396841906011,-0.0117440251633524,0.0203296113759279,-0.0263006910681724,0.0,-0.0090651474893093,0.0032309889793396,-0.0095398472622036,-0.0085882907733321,-0.0198020134121179,0.0102869812399148,-0.0176470819860696,0.0144694782793521,0.0086299804970622,0.0073956358246505,0.0092542227357625,-0.0026218793354928,0.0038252242375165,0.0194531511515379,0.008264441974461,0.0046415757387876,-0.0183883272111415,-0.0051334900781512,0.0070805642753839,-0.0005159092834219,-0.0192307010293006,-0.0103252837434411,-0.0005339150666259,-0.0031298624817281,0.0026766187511384,0.0031396893318742,-0.0090185711160302,0.0036515230312943,0.01072390191257,0.003118475433439,0.0064759268425405,0.0,0.0037920696195214,-0.0015543409390375,0.0016277144895866,0.0072651472873985,-0.0102041102945804,0.0015456303954124,-0.0048101684078574,-0.0133744971826672,-0.0095288679003715,0.026590209454298,0.0069295926950871,-0.0142204510048031,-0.0058293910697102,0.0015456303954124,-0.0010586845455691,-0.0061728823930025,0.0177801679819822,-0.0025879521854221,-0.0138151030987501,0.0015567607479169,-0.0079072024673223,-0.0041450737044215,0.0259599536657333,-0.0169213693588972,0.0048622447066009,-0.0251091212160691,0.0103205070693048,-0.0180130968263871,0.0064935520391491,-0.0311135208173817,0.015838390395344,-0.0267467123909292,0.0293304210163802,0.007132097179513,0.10516936970805,0.0606618218900052,0.01646241439449,2019-02-08,2019-02-11,2019-02-12,2019-02-13,2019-02-14,2019-02-15,2019-02-19,2019-02-20,2019-02-21,2019-02-22,91461.0,2019-02-07,252.0,-1.5054%,-0.0002,0.6573,-0.0009,-0.0319,0.9258%,1.1761%,38.0411%,-0.008936,WU,91461.0,2019-02-08,252.0,-1.6921%,-0.0002,0.66,0.0155,-0.0099,0.9285%,1.1766%,37.7265%,-0.017832,WU,91461.0,2019-02-11,252.0,-0.8329%,-0.0002,0.6443,0.018,-0.0168,0.9278%,1.1570%,35.7000%,-0.009433,WU,91461.0,2019-02-12,252.0,0.7279%,-0.0003,0.6313,0.0336,-0.0262,0.9183%,1.1431%,35.4570%,-0.001616,WU,91461.0,2019-02-13,252.0,-0.2223%,-0.0004,0.6248,0.0431,-0.0254,0.9150%,1.1352%,35.0412%,-0.004093,WU,91461.0,2019-02-14,252.0,-1.1142%,-0.0004,0.6273,0.0378,-0.0199,0.9169%,1.1373%,35.0033%,-0.010302,WU,91461.0,2019-02-15,252.0,0.2817%,-0.0005,0.6091,0.021,-0.05,0.9094%,1.1236%,34.4888%,-0.00437,WU,91461.0,2019-02-19,252.0,0.2247%,-0.0005,0.6132,0.0166,-0.0553,0.9062%,1.1233%,34.9205%,0.0010789999999999,WU,91461.0,2019-02-20,252.0,0.0000%,-0.0005,0.6128,0.0142,-0.0573,0.9060%,1.1231%,34.9306%,-0.000997,WU,91461.0,2019-02-21,252.0,-1.1771%,-0.0005,0.6163,0.0192,-0.0509,0.9075%,1.1254%,34.9758%,-0.009726,WU,91461.0,2019-02-22,252.0,1.1344%,-0.0005,0.615,0.0273,-0.0585,0.9080%,1.1268%,35.0627%,0.0063849999999999,WU,-0.026768,-0.036201,-0.0378169999999999,-0.0522119999999999,-0.0598409999999999
38107,WESTERN UNION CO,"Western Union Q4 EPS $0.49, Inline, Sales $1.402B Miss $1.44B Estimate",6,decrease,0.7,0.6,"the earnings per share (eps) met expectations, but the sales figure missed estimates, which could lead to negative sentiment among investors.",0,2019-02-07,WU,2019-02-07 21:15:00+00:00,91461.0,95980210,-0.0150538003072142,6923393.0,-0.0169213693588972,0.0048622447066009,-0.008328684605658,0.0054318513721227,0.0072787883691489,-0.0037878623697906,-0.002223402261734,0.0126027148216962,-0.0111421030014753,-0.0032768687233328,0.0028168584685772,0.0099283130839467,0.0022472424898296,-0.0022014812566339,0.0,-0.0032912488095462,-0.0117713557556271,0.0027502330485731,0.0113443434238433,0.006087471731007,-0.0067302770912647,-0.0011056085349991,0.0011293314164504,-0.0093099707737565,0.0039480933919548,0.0184049028903245,0.0039326744154095,0.0101408623158931,0.0190262012183666,0.0028248154558241,0.0010983227984979,0.01142861507833,-0.0087767336517572,-0.0011415786575526,0.0038738071452826,0.0063182432204484,-0.0237045381218195,0.0051963138394057,0.0124224293977022,0.0146455774083733,0.012827637605369,0.0017604916356503,0.0011013468028977,-0.0029256427660584,0.0121011724695563,0.0130408592522144,-0.0005434283521026,-0.0157525409013032,0.0087960334494709,0.0046893274411559,-0.0092643089592456,0.0011736238375306,-0.0060506383888423,-0.0029256427660584,-0.0038738071452826,0.0047031114809215,0.0177777614444494,0.0277946237474679,-0.0038209441117942,-0.0166369993239641,-0.0027396841906011,-0.0117440251633524,0.0203296113759279,-0.0263006910681724,0.0,-0.0090651474893093,0.0032309889793396,-0.0095398472622036,-0.0085882907733321,-0.0198020134121179,0.0102869812399148,-0.0176470819860696,0.0144694782793521,0.0086299804970622,0.0073956358246505,0.0092542227357625,-0.0026218793354928,0.0038252242375165,0.0194531511515379,0.008264441974461,0.0046415757387876,-0.0183883272111415,-0.0051334900781512,0.0070805642753839,-0.0005159092834219,-0.0192307010293006,-0.0103252837434411,-0.0005339150666259,-0.0031298624817281,0.0026766187511384,0.0031396893318742,-0.0090185711160302,0.0036515230312943,0.01072390191257,0.003118475433439,0.0064759268425405,0.0,0.0037920696195214,-0.0015543409390375,0.0016277144895866,0.0072651472873985,-0.0102041102945804,0.0015456303954124,-0.0048101684078574,-0.0133744971826672,-0.0095288679003715,0.026590209454298,0.0069295926950871,-0.0142204510048031,-0.0058293910697102,0.0015456303954124,-0.0010586845455691,-0.0061728823930025,0.0177801679819822,-0.0025879521854221,-0.0138151030987501,0.0015567607479169,-0.0079072024673223,-0.0041450737044215,0.0259599536657333,-0.0169213693588972,0.0048622447066009,-0.0251091212160691,0.0103205070693048,-0.0180130968263871,0.0064935520391491,-0.0311135208173817,0.015838390395344,-0.0267467123909292,0.0293304210163802,0.007132097179513,0.10516936970805,0.0606618218900052,0.01646241439449,2019-02-08,2019-02-11,2019-02-12,2019-02-13,2019-02-14,2019-02-15,2019-02-19,2019-02-20,2019-02-21,2019-02-22,91461.0,2019-02-07,252.0,-1.5054%,-0.0002,0.6573,-0.0009,-0.0319,0.9258%,1.1761%,38.0411%,-0.008936,WU,91461.0,2019-02-08,252.0,-1.6921%,-0.0002,0.66,0.0155,-0.0099,0.9285%,1.1766%,37.7265%,-0.017832,WU,91461.0,2019-02-11,252.0,-0.8329%,-0.0002,0.6443,0.018,-0.0168,0.9278%,1.1570%,35.7000%,-0.009433,WU,91461.0,2019-02-12,252.0,0.7279%,-0.0003,0.6313,0.0336,-0.0262,0.9183%,1.1431%,35.4570%,-0.001616,WU,91461.0,2019-02-13,252.0,-0.2223%,-0.0004,0.6248,0.0431,-0.0254,0.9150%,1.1352%,35.0412%,-0.004093,WU,91461.0,2019-02-14,252.0,-1.1142%,-0.0004,0.6273,0.0378,-0.0199,0.9169%,1.1373%,35.0033%,-0.010302,WU,91461.0,2019-02-15,252.0,0.2817%,-0.0005,0.6091,0.021,-0.05,0.9094%,1.1236%,34.4888%,-0.00437,WU,91461.0,2019-02-19,252.0,0.2247%,-0.0005,0.6132,0.0166,-0.0553,0.9062%,1.1233%,34.9205%,0.0010789999999999,WU,91461.0,2019-02-20,252.0,0.0000%,-0.0005,0.6128,0.0142,-0.0573,0.9060%,1.1231%,34.9306%,-0.000997,WU,91461.0,2019-02-21,252.0,-1.1771%,-0.0005,0.6163,0.0192,-0.0509,0.9075%,1.1254%,34.9758%,-0.009726,WU,91461.0,2019-02-22,252.0,1.1344%,-0.0005,0.615,0.0273,-0.0585,0.9080%,1.1268%,35.0627%,0.0063849999999999,WU,-0.026768,-0.036201,-0.0378169999999999,-0.0522119999999999,-0.0598409999999999
38115,WESTERN UNION CO,Western Union Q4 Earnings Preview,6,uncertain,0.5,0.5,the impact on western union's stock price is uncertain as it depends on the actual earnings results and market expectations.,1,2019-02-07,WU,2019-02-07 13:24:00+00:00,91461.0,95980210,-0.0150538003072142,6923393.0,-0.0169213693588972,0.0048622447066009,-0.008328684605658,0.0054318513721227,0.0072787883691489,-0.0037878623697906,-0.002223402261734,0.0126027148216962,-0.0111421030014753,-0.0032768687233328,0.0028168584685772,0.0099283130839467,0.0022472424898296,-0.0022014812566339,0.0,-0.0032912488095462,-0.0117713557556271,0.0027502330485731,0.0113443434238433,0.006087471731007,-0.0067302770912647,-0.0011056085349991,0.0011293314164504,-0.0093099707737565,0.0039480933919548,0.0184049028903245,0.0039326744154095,0.0101408623158931,0.0190262012183666,0.0028248154558241,0.0010983227984979,0.01142861507833,-0.0087767336517572,-0.0011415786575526,0.0038738071452826,0.0063182432204484,-0.0237045381218195,0.0051963138394057,0.0124224293977022,0.0146455774083733,0.012827637605369,0.0017604916356503,0.0011013468028977,-0.0029256427660584,0.0121011724695563,0.0130408592522144,-0.0005434283521026,-0.0157525409013032,0.0087960334494709,0.0046893274411559,-0.0092643089592456,0.0011736238375306,-0.0060506383888423,-0.0029256427660584,-0.0038738071452826,0.0047031114809215,0.0177777614444494,0.0277946237474679,-0.0038209441117942,-0.0166369993239641,-0.0027396841906011,-0.0117440251633524,0.0203296113759279,-0.0263006910681724,0.0,-0.0090651474893093,0.0032309889793396,-0.0095398472622036,-0.0085882907733321,-0.0198020134121179,0.0102869812399148,-0.0176470819860696,0.0144694782793521,0.0086299804970622,0.0073956358246505,0.0092542227357625,-0.0026218793354928,0.0038252242375165,0.0194531511515379,0.008264441974461,0.0046415757387876,-0.0183883272111415,-0.0051334900781512,0.0070805642753839,-0.0005159092834219,-0.0192307010293006,-0.0103252837434411,-0.0005339150666259,-0.0031298624817281,0.0026766187511384,0.0031396893318742,-0.0090185711160302,0.0036515230312943,0.01072390191257,0.003118475433439,0.0064759268425405,0.0,0.0037920696195214,-0.0015543409390375,0.0016277144895866,0.0072651472873985,-0.0102041102945804,0.0015456303954124,-0.0048101684078574,-0.0133744971826672,-0.0095288679003715,0.026590209454298,0.0069295926950871,-0.0142204510048031,-0.0058293910697102,0.0015456303954124,-0.0010586845455691,-0.0061728823930025,0.0177801679819822,-0.0025879521854221,-0.0138151030987501,0.0015567607479169,-0.0079072024673223,-0.0041450737044215,0.0259599536657333,-0.0169213693588972,0.0048622447066009,-0.0251091212160691,0.0103205070693048,-0.0180130968263871,0.0064935520391491,-0.0311135208173817,0.015838390395344,-0.0267467123909292,0.0293304210163802,0.007132097179513,0.10516936970805,0.0606618218900052,0.01646241439449,2019-02-08,2019-02-11,2019-02-12,2019-02-13,2019-02-14,2019-02-15,2019-02-19,2019-02-20,2019-02-21,2019-02-22,91461.0,2019-02-07,252.0,-1.5054%,-0.0002,0.6573,-0.0009,-0.0319,0.9258%,1.1761%,38.0411%,-0.008936,WU,91461.0,2019-02-08,252.0,-1.6921%,-0.0002,0.66,0.0155,-0.0099,0.9285%,1.1766%,37.7265%,-0.017832,WU,91461.0,2019-02-11,252.0,-0.8329%,-0.0002,0.6443,0.018,-0.0168,0.9278%,1.1570%,35.7000%,-0.009433,WU,91461.0,2019-02-12,252.0,0.7279%,-0.0003,0.6313,0.0336,-0.0262,0.9183%,1.1431%,35.4570%,-0.001616,WU,91461.0,2019-02-13,252.0,-0.2223%,-0.0004,0.6248,0.0431,-0.0254,0.9150%,1.1352%,35.0412%,-0.004093,WU,91461.0,2019-02-14,252.0,-1.1142%,-0.0004,0.6273,0.0378,-0.0199,0.9169%,1.1373%,35.0033%,-0.010302,WU,91461.0,2019-02-15,252.0,0.2817%,-0.0005,0.6091,0.021,-0.05,0.9094%,1.1236%,34.4888%,-0.00437,WU,91461.0,2019-02-19,252.0,0.2247%,-0.0005,0.6132,0.0166,-0.0553,0.9062%,1.1233%,34.9205%,0.0010789999999999,WU,91461.0,2019-02-20,252.0,0.0000%,-0.0005,0.6128,0.0142,-0.0573,0.9060%,1.1231%,34.9306%,-0.000997,WU,91461.0,2019-02-21,252.0,-1.1771%,-0.0005,0.6163,0.0192,-0.0509,0.9075%,1.1254%,34.9758%,-0.009726,WU,91461.0,2019-02-22,252.0,1.1344%,-0.0005,0.615,0.0273,-0.0585,0.9080%,1.1268%,35.0627%,0.0063849999999999,WU,-0.026768,-0.036201,-0.0378169999999999,-0.0522119999999999,-0.0598409999999999
38123,EXXON MOBIL CORP,Exxon Beaumont Is Said To Shut Larger Crude Unit After Leak,6,decrease,0.7,0.6,"the shutdown of a larger crude unit due to a leak may signal operational issues and potential financial impacts, likely leading to a decrease in stock price.",0,2019-02-07,XOM,2019-02-07 19:34:00+00:00,11850.0,30231G10,-0.0077066412195563,14418911.0,0.0016068966360762,-0.0043655801564455,0.0016219939570873,0.0102913212031126,0.017543900758028,-0.0144889159128069,0.0112731894478201,0.036026194691658,0.0002622510655783,0.013694810681045,0.0188803263008594,0.0109075475484132,0.0066916006617248,0.0037900656461715,0.0038347872905433,-0.0066927406005561,-0.0090411193668842,0.0044817882589995,0.0077100805938243,0.001402503112331,0.0010201713303104,-0.0082069318741559,0.0020382632501423,-0.0150705371052026,0.0102974511682987,0.0119229257106781,-0.0055367113091051,0.0068397247232496,0.0122738359495997,-0.000418568146415,0.0038749694358557,0.000558438070584,-0.0014941492117941,-0.0012549353996291,-0.0113480938598513,-0.0045801778323948,0.0110999606549739,-0.0051090186461806,-0.0143463257700204,0.0052748089656233,0.0097455587238073,0.0072707533836364,0.0027575986459851,0.0052002123557031,0.0088749881833791,0.0368696972727775,-0.0033452687785029,-0.0153537048026919,-0.0036051827482879,0.0219973586499691,0.0116032473742961,0.0002934468793682,-0.0025900232139974,-0.0111691942438483,0.0055644484236836,0.0043706740252673,0.0057796509936451,0.0477789230644702,-0.016016598790884,-0.0383147448301315,-0.0069583146832883,-0.0074310726486146,0.0130130248144269,-0.0303758345544338,-0.0076581370085477,-0.0169444605708122,0.0049788593314588,-0.0275526866316795,0.0007431903504766,-0.0203757733106613,0.0115099046379327,-0.0181865617632865,-0.0042824675329029,0.0126283448189497,-0.0058982027694582,-0.0086072469130158,0.0142150986939668,0.0018291010055691,0.0053625204600393,-0.0141679346561431,0.0061825937591493,-0.0095675466582179,-0.0128915626555681,-0.0130933010950684,-0.0045160837471485,-0.0220389179885387,0.0047817486338317,0.0216352362185716,-0.012568624690175,0.0055654244497418,-0.0033365874551236,0.007775661535561,0.0068195341154932,0.0181699395179748,0.0028325538150966,0.0009093231055885,-0.0036841833498328,0.0197377875447273,0.0218168906867504,-0.0266890116035938,0.0057900571264326,0.0076652765274047,-0.0194290615618228,-0.0284019187092781,0.0056262118741869,0.0032928336877375,-0.0210411492735147,0.0098477629944682,-0.0064603881910443,0.0103372922167182,0.003876422997564,-0.0078205205500125,-0.0200548153370618,-0.0229237359017133,-0.0175415948033332,-0.0128601565957069,0.0023288950324058,-0.0002447233418934,-0.0043888469226658,-0.0158978644758462,0.0016068966360762,-0.0043655801564455,0.003231496969797,0.0058808134590391,0.020832090789963,-0.0086933090654748,0.0326108566415013,0.0410845391217891,0.0617194837877055,0.0555399581608115,0.08960965877541,0.1048150213641427,0.0442543085081534,-0.0843897444893672,2019-02-08,2019-02-11,2019-02-12,2019-02-13,2019-02-14,2019-02-15,2019-02-19,2019-02-20,2019-02-21,2019-02-22,11850.0,2019-02-07,252.0,-0.7707%,0.0001,0.9166,-0.0538,0.5342,0.9560%,1.3255%,47.9814%,-0.001571,XOM,11850.0,2019-02-08,252.0,0.1607%,0.0002,0.9154,-0.0406,0.538,0.9513%,1.3206%,48.1121%,0.004395,XOM,11850.0,2019-02-11,252.0,0.1622%,0.0001,0.9413,-0.0665,0.5376,0.9427%,1.3187%,48.8973%,-0.000729,XOM,11850.0,2019-02-12,252.0,1.7544%,0.0002,0.9489,-0.0721,0.5424,0.9419%,1.3226%,49.2813%,0.0055689999999999,XOM,11850.0,2019-02-13,252.0,1.1273%,0.0002,0.9517,-0.0736,0.5441,0.9430%,1.3234%,49.2263%,0.00818,XOM,11850.0,2019-02-14,252.0,0.0262%,0.0003,0.9506,-0.0705,0.5403,0.9434%,1.3234%,49.1825%,0.0056999999999999,XOM,11850.0,2019-02-15,252.0,1.8880%,0.0003,0.9667,-0.0555,0.5673,0.9390%,1.3285%,50.0451%,0.005621,XOM,11850.0,2019-02-19,252.0,0.6692%,0.0004,0.9711,-0.059,0.563,0.9361%,1.3289%,50.3794%,0.003214,XOM,11850.0,2019-02-20,252.0,0.3835%,0.0004,0.9704,-0.0617,0.5602,0.9360%,1.3289%,50.3892%,-0.001077,XOM,11850.0,2019-02-21,252.0,-0.9041%,0.0004,0.9702,-0.0632,0.5599,0.9362%,1.3285%,50.3414%,-0.004305,XOM,11850.0,2019-02-22,252.0,0.7710%,0.0004,0.9683,-0.0497,0.5505,0.9365%,1.3272%,50.2109%,0.009882,XOM,0.0028239999999999,0.0020949999999999,0.0076639999999999,0.0215439999999999,0.034879
38131,X P O INC,"Loop Capital Initiates Coverage On XPO Logistics with Buy Rating, Announces $75 Price Target",6,increase,0.8,0.7,"the initiation of coverage with a 'buy' rating and a price target of $75 is likely to attract positive investor sentiment, leading to an increase in xpo logistics' stock price.",2,2019-02-07,XPO,2019-02-07 12:00:00+00:00,90175.0,98379310,-0.0055640167556703,1450402.0,-0.024245511740446,-0.0175583492964506,0.0031277204398065,-0.0004967316635884,0.0154165839776396,-0.0016528673004359,0.0179119631648063,-0.0046067587099969,-0.0020110430195927,-0.0199935771524906,-0.127287968993187,0.0222515631467104,0.0513757579028606,-0.0146175334230065,0.0082357386127114,-0.0090133808553218,-0.0186966564506292,0.0205321945250034,-0.034961212426424,-0.0040896451100707,-0.0191681049764156,-0.0295285061001777,-0.0197380948811769,-0.0140866758301854,-0.0255183167755603,0.0339860580861568,0.0300735961645841,0.0187963619828224,-0.0127110108733177,0.0056375418789684,-0.0235364753752946,0.0034942247439175,-0.0201895236968994,-0.0457288213074207,-0.0025231863837689,0.0030259375926107,0.0031619209330528,0.0120889749377965,-0.0292078033089637,0.0298804640769958,0.0790042802691459,0.0179114788770675,-0.0166499111801385,0.0397048890590667,0.0171358659863472,0.0287366043776273,0.0072202286683022,-0.0402428396046161,-0.0113500533625483,0.0106942597776651,0.0376636236906051,0.0180260967463254,-0.0133928302675485,0.00071436149301,-0.0123942755162715,0.0075580705888569,0.0254979841411113,0.0874755680561065,-0.0392385497689247,-0.0184403173625469,0.005256816279143,-0.0143884578719735,0.032582439482212,0.0153786856681108,-0.0042851814068853,-0.0044019049964845,0.0422535203397274,-0.0293516963720321,0.0086336880922317,0.0442289561033248,0.0312615633010864,0.1584269553422928,-0.001984785310924,-0.2616558969020844,0.0121135087683796,-0.0962663292884826,0.0462665259838104,0.0124487578868866,0.0163906272500753,-0.0088774655014276,0.0052074817940592,-0.0668351873755455,-0.0013369290390983,-0.0095953606069087,0.0240964274853467,-0.0682818964123725,0.0106208771467208,0.0174004696309566,0.021665321663022,-0.0062876045703887,-0.0018990178359672,0.0027584275230765,-0.0088790450245141,0.0425910800695419,0.0379139184951782,-0.0153722623363137,0.0177250541746616,0.0262939594686031,0.0084809567779302,-0.0011058087693527,0.0069080451503396,0.0155832227319479,0.0286353174597024,-0.0335141606628894,-0.0355227552354335,-0.0393639765679836,0.0196934044361114,-0.0266429651528596,-0.0148901976644992,-0.0006339933024719,0.0188566613942384,-0.0018981765024363,-0.0139542380347847,0.0102275041863322,-0.0451362878084182,-0.0346784852445125,0.0054601947776973,-0.0251444168388843,0.0159814804792404,-0.0551324151456356,-0.024245511740446,-0.0175583492964506,-0.0211936244832836,-0.0180463591719831,-0.0061037737972811,-0.0196693982354517,0.0096642888681901,-0.0436955663708876,-0.1154628994561296,-0.0297726091371121,-0.1614106585801072,0.13926238889823,0.1102069100554803,-0.3257928822377497,2019-02-08,2019-02-11,2019-02-12,2019-02-13,2019-02-14,2019-02-15,2019-02-19,2019-02-20,2019-02-21,2019-02-22,90175.0,2019-02-07,252.0,-0.5564%,-0.0014,1.4119,1.0297,0.1987,2.6440%,3.0849%,26.5435%,0.008015,XPO,90175.0,2019-02-08,252.0,-2.4246%,-0.0015,1.4159,1.0359,0.2196,2.6480%,3.0883%,26.4803%,-0.02476,XPO,90175.0,2019-02-11,252.0,0.3128%,-0.0014,1.4,1.0444,0.2159,2.6472%,3.0695%,25.6246%,-0.006296,XPO,90175.0,2019-02-12,252.0,1.5417%,-0.0014,1.3992,1.0439,0.2155,2.6472%,3.0703%,25.6588%,-0.003565,XPO,90175.0,2019-02-13,252.0,1.7912%,-0.0015,1.3845,1.0745,0.2245,2.6387%,3.0565%,25.4700%,0.013117,XPO,90175.0,2019-02-14,252.0,-0.2011%,-0.0016,1.3837,1.0727,0.2287,2.6357%,3.0527%,25.4510%,-0.003489,XPO,90175.0,2019-02-15,252.0,-12.7288%,-0.0022,1.2958,0.9781,0.0653,2.7873%,3.1529%,21.8473%,-0.146803,XPO,90175.0,2019-02-19,252.0,5.1376%,-0.0019,1.3143,0.9953,0.0831,2.7981%,3.1694%,22.0577%,0.0457819999999999,XPO,90175.0,2019-02-20,252.0,0.8236%,-0.0018,1.3164,1.0038,0.0917,2.7977%,3.1698%,22.0998%,0.002992,XPO,90175.0,2019-02-21,252.0,-1.8697%,-0.0019,1.3253,1.0195,0.1082,2.7964%,3.1715%,22.2567%,-0.013012,XPO,90175.0,2019-02-22,252.0,-3.4961%,-0.0022,1.3332,0.9773,0.1637,2.8069%,3.1743%,21.8083%,-0.047693,XPO,-0.016745,-0.023041,-0.026606,-0.016978,-0.175712
38139,YUM BRANDS INC,"Yum Brands Q4 GAAP EPS $1.04 vs $0.97 Estimate, Adj. EPS $0.40, Sales $1.558B Miss $1.59B Estimate",6,decrease,0.7,0.5,"the miss on sales expectations and lower adjusted eps compared to estimates are likely to negatively impact investor sentiment, leading to a decrease in stock price.",0,2019-02-07,YUM,2019-02-07 12:06:00+00:00,85348.0,98849810,0.0002114840171998,2653868.0,-0.0012683939421549,0.0015882453881204,-0.0130172055214643,-0.002218690700829,0.0084709506481885,0.0055243205279111,-0.0031898056622594,0.001596019254066,0.0055715916678309,0.0056715509854257,0.0028769767377525,0.0084169507026672,0.0042498288676142,0.0008640440064482,0.0021160028409212,-0.001294388435781,0.001689147320576,-0.0021526699420064,0.0053752334788441,0.0014012167230248,-0.0198133904486894,0.0079304259270429,-0.0014973196666687,-0.0033564048353582,-0.0026778064202517,0.018302135169506,0.0149285728111863,0.0096849063411355,0.0092063779011368,-0.0061953486874699,-0.0024116949643939,0.0043333265930414,0.0083035621792078,-0.0103365117684006,0.0069842403754591,-0.009260251186788,-0.0006210927385836,0.0071319015696644,0.0013465635711327,-0.0004387027292978,0.0115858362987637,-0.0019702310673892,0.0019429639214649,-0.0010933574521914,0.0067360280081629,0.0260264724493026,0.0034469177480787,-0.025153137743473,0.0193978399038314,-0.0052218856289982,-0.0065411659888923,0.0033838832750916,-0.0099760573357343,0.0071460152976214,-0.0067512914538383,0.0107789896428585,0.0062899743206799,0.0341301001608371,-0.0022179777733981,-0.0127070881426334,0.0,0.0117079503834247,-0.0022229081951081,-0.0332889482378959,0.0023291478864848,0.0002220230089733,0.0016164480475708,0.0043473346158862,0.0067581012845039,-0.0217011775821447,0.007714700885117,-0.0188316088169813,-0.0039769490249454,0.0331638306379318,0.0035935377236455,0.0072375186719,-0.0008952055359259,-0.0049856477417051,-0.0048780278302729,-0.0018798868404701,-0.0037015080451965,-0.0116939861327409,-0.0011044581187888,0.0090427845716476,0.0056292475201189,-0.0150972018018364,0.0072970385663211,-0.0016265617450699,0.0062519093044102,0.0039190137758851,0.0023668427020311,0.0014171727234497,-9.840747952694072e-05,0.0252598877996206,-0.0012791228946298,0.0131355868652463,0.017931031063199,0.0128454538062214,-0.0013550076400861,0.0059749935753643,-0.0025198888033628,-0.001835114788264,0.0040808217599987,-0.0106660025194287,0.0010644533904269,-0.0085499174892902,0.0061865579336881,0.0011262358166277,-0.0027859860565513,-0.0043731709010899,0.0056839720346033,0.0016848425148054,-0.0234696511179208,-0.0046953400596976,-0.0019619832746684,-0.0139991650357842,0.0096324291080236,0.0028742221184074,-0.0030178888700902,0.0120832612738013,-0.0012683939421549,0.0015882453881204,-0.0142690885189921,-0.0006339691379818,-0.0059190106154425,0.0048868491412064,-0.0035689895267708,0.0121990310399469,0.0127816199597383,0.0195084893106041,0.0507914780677107,0.0731790018569442,0.0873149213341357,0.0626600306914666,2019-02-08,2019-02-11,2019-02-12,2019-02-13,2019-02-14,2019-02-15,2019-02-19,2019-02-20,2019-02-21,2019-02-22,85348.0,2019-02-07,252.0,0.0211%,0.0007,0.6609,-0.5564,-0.1279,0.9225%,1.2198%,42.8087%,0.0060319999999999,YUM,85348.0,2019-02-08,252.0,-0.1268%,0.0006,0.6615,-0.5551,-0.1248,0.9227%,1.2192%,42.7266%,-0.0025679999999999,YUM,85348.0,2019-02-11,252.0,-1.3017%,0.0007,0.6342,-0.5437,-0.133,0.9169%,1.1832%,39.9426%,-0.010093,YUM,85348.0,2019-02-12,252.0,0.8471%,0.0006,0.6176,-0.5233,-0.1451,0.9005%,1.1588%,39.6106%,-0.000371,YUM,85348.0,2019-02-13,252.0,-0.3190%,0.0007,0.6295,-0.5455,-0.1503,0.8840%,1.1544%,41.3590%,-0.004604,YUM,85348.0,2019-02-14,252.0,0.5572%,0.0007,0.6278,-0.541,-0.1554,0.8854%,1.1548%,41.2134%,0.008759,YUM,85348.0,2019-02-15,252.0,0.2877%,0.0007,0.6314,-0.538,-0.1498,0.8846%,1.1549%,41.3309%,-0.002218,YUM,85348.0,2019-02-19,252.0,0.4250%,0.0007,0.6311,-0.5337,-0.1449,0.8846%,1.1521%,41.0385%,0.00496,YUM,85348.0,2019-02-20,252.0,0.2116%,0.0008,0.6324,-0.5273,-0.1393,0.8833%,1.1504%,41.0429%,0.002788,YUM,85348.0,2019-02-21,252.0,0.1689%,0.0008,0.6313,-0.5289,-0.1412,0.8834%,1.1502%,41.0141%,0.003239,YUM,85348.0,2019-02-22,252.0,0.5375%,0.0008,0.6313,-0.5326,-0.1449,0.8832%,1.1502%,41.0368%,0.002004,YUM,0.0034639999999999,-0.006629,-0.007,-0.002845,0.007928
38147,AUTOMATIC DATA PROCESSING INC,Non-Farm Payrolls Preview: When The Facts Change So Will The Perception,6,uncertain,0.6,0.5,"the news discusses non-farm payrolls, which can influence market perceptions, but without specific data or context regarding adp's performance or market expectations, the impact on its stock price remains unclear.",1,2019-02-01,ADP,2019-02-01 16:06:00+00:00,44644.0,05301510,0.0127288242802023,2939736.0,0.0141929797828197,0.0030843745917081,0.0115573927760124,0.0403731614351272,0.001720696571283,-0.0110701108351349,0.0009619307238608,-0.0066710920073091,0.0077567608095705,0.0123191364109516,0.0047680470161139,0.0024550054222345,0.0134906489402055,0.0093864984810352,0.0064214495941996,-0.0148690240457654,-0.0153530025854706,0.0168496333062648,0.0102599011734128,0.0013558898353949,0.0042760698124766,0.0032493968028575,0.0016632293118163,0.0109244305640459,0.0027895735111087,-0.0056969239376485,0.0145714469254016,-0.0061151501722633,-0.0045044212602078,0.0079136248677968,0.0025575407780706,0.0009139003232121,0.0006540478789247,0.0058990600518882,0.000326860055793,-0.0054099867120385,0.0056851278059184,0.0398542620241642,-0.0041585406288504,-0.0301982499659061,-0.003914856351912,-0.0074740373529493,-0.0008515975205227,0.0146250827237963,-0.0086540393531322,-0.0038541588000953,-0.007844652980566,0.0158966239541769,0.012396078556776,0.0471504740417003,0.005956775508821,-0.0272792987525463,0.0055924127809703,-0.0377618446946144,0.0043836571276187,-0.0003069787926506,0.0117256408557295,0.0025384756736457,-0.0039919847622513,-0.018645741045475,-0.0003878567367792,-0.017430692911148,-0.0039449045434594,-0.0244572330266237,0.0085702640935778,-0.0041556949727237,-0.0098493546247482,-0.0030002011917531,-0.00039007581654,0.0018608013633638,0.0159349404275417,0.0028708381578326,0.0037771852221339,-0.0268891677260398,0.0100771849974989,-0.0029942756518721,0.0086506940424442,-0.0257784612476825,0.0145862139761447,-6.779614341212437e-05,-0.003887239145115,0.0107644293457269,-0.0021060227882117,-0.0185720641165971,-0.0109249511733651,0.0226396452635526,0.0062758880667388,0.0046319630928337,0.0007484743837267,0.0266874469816684,-0.0048611117526888,-0.0013467709068208,0.0046343030408024,0.0039851805195212,0.007792045827955,-0.0203569307923317,0.0101441172882914,-0.0212214291095733,0.0022656000219285,-0.0047537991777062,-0.0094085615128278,0.0317404605448246,0.0043789730407297,-0.0138197895139455,-0.0025176766794174,0.0038149619940668,-0.0032627356704324,-0.0205177273601293,0.0193316638469696,-0.0047332271933555,-0.0093310307711362,-0.0027646909002214,0.002201838651672,0.0304336082190275,-0.0009764656424522,0.0177497658878564,-0.0043371501378715,0.0049033714458346,0.0085894465446472,-0.0013483957154676,0.0141929797828197,0.0030843745917081,0.0259144064008443,0.0435820619801528,0.027679693802368,0.0320294928884739,0.0366473840454517,0.0377736269469828,0.0568422771182814,0.0533293310512499,0.0980259398858467,0.0556352016929342,0.1668787983957007,-0.0019206053095683,2019-02-04,2019-02-05,2019-02-06,2019-02-07,2019-02-08,2019-02-11,2019-02-12,2019-02-13,2019-02-14,2019-02-15,44644.0,2019-02-01,252.0,1.2729%,0.0007,0.9867,-0.3302,-0.2499,0.8735%,1.4757%,64.9629%,0.011912,ADP,44644.0,2019-02-04,252.0,1.4193%,0.0008,0.9929,-0.316,-0.2289,0.8595%,1.4684%,65.7374%,0.0074239999999999,ADP,44644.0,2019-02-05,252.0,1.1557%,0.0008,0.9967,-0.3164,-0.2281,0.8596%,1.4663%,65.6345%,0.005561,ADP,44644.0,2019-02-06,252.0,0.1721%,0.0008,1.0008,-0.3178,-0.2236,0.8597%,1.4455%,64.6316%,0.003941,ADP,44644.0,2019-02-07,252.0,0.0962%,0.001,1.0155,-0.3408,-0.2186,0.8412%,1.4439%,66.0581%,0.010628,ADP,44644.0,2019-02-08,252.0,0.7757%,0.001,1.015,-0.3514,-0.2276,0.8390%,1.4442%,66.2488%,0.005405,ADP,44644.0,2019-02-11,252.0,0.4768%,0.001,1.0074,-0.3373,-0.2239,0.8386%,1.4122%,64.7365%,0.00609,ADP,44644.0,2019-02-12,252.0,1.3491%,0.001,0.9989,-0.3276,-0.23,0.8346%,1.4031%,64.6232%,-0.000624,ADP,44644.0,2019-02-13,252.0,0.6421%,0.001,1.0062,-0.3387,-0.2312,0.8294%,1.4035%,65.0739%,0.003882,ADP,44644.0,2019-02-14,252.0,-1.5353%,0.001,1.0097,-0.3462,-0.2234,0.8338%,1.4074%,64.9000%,-0.01292,ADP,44644.0,2019-02-15,252.0,1.0260%,0.001,1.0148,-0.3416,-0.215,0.8328%,1.4079%,65.0105%,0.000689,ADP,0.019336,0.024897,0.028838,0.044871,0.041988
38155,ALLETE INC,ALLETE Raises Qtr. Dividend From $0.56 To $0.5875/Share,6,increase,0.8,0.6,"raising the quarterly dividend typically signals financial strength and can attract investors, likely leading to an increase in stock price.",2,2019-02-01,ALE,2019-02-01 11:33:00+00:00,24248.0,01852230,-0.019755708053708,212948.0,0.0050385161302983,0.0197482518851757,0.0044854395091533,0.0076121757738292,-0.0032834252342581,0.0067222374491393,0.0168665014207363,-0.0066773504950106,0.0276014637202024,-0.0253807697445154,-0.0271122511476278,0.0069462484680116,-0.00246276659891,0.0167910736054182,0.0027286782860755,-0.0031880694441497,0.0177206005901098,-0.0002656609867699,0.0184734128415584,0.0095187928527593,0.0061720348894596,0.0029580958653241,0.0042564342729747,0.0165390782058239,0.0138369556516408,-0.0224477928131818,0.0120496209710836,-0.0025323529262095,-0.008868858218193,0.0162535142153501,-0.000858049665112,-0.0244450122117996,0.0003680380177684,0.0229791421443224,-0.0060092941857874,-0.0069798207841813,0.0077729453332722,0.0137433959171176,0.0166503507643938,0.0001360166934318,-0.0168593637645244,-0.0359485410153865,0.0045321257784962,0.0064703267998993,0.0074381246231496,0.0045099346898496,-0.0012104344787076,0.0149434655904769,0.0115124164149165,0.0080064637586474,0.0043129338882863,-0.049774345010519,-0.0071573238819837,-0.0075505035929381,-0.0055269338190555,0.0128321172669529,0.0079739484935998,0.000648548011668,-0.0033560923766344,-0.0119184972718358,-0.0159952118992805,-0.0340430811047554,-0.0045221555046737,-0.0025929014664143,0.0109269423410296,0.0038423098158091,-0.00133583904244,-0.0024727615527808,0.0054724179208278,0.0014858236536383,0.0077406796626746,-0.0033320577349513,-0.0062409583479166,0.0019784348551183,-0.010024175979197,0.0093609578907489,0.0031719182152301,-0.0267249383032321,-0.0049860593862831,0.0115507803857326,-0.0025665983557701,0.0158531591296196,0.0035534973721951,-0.0011221489403396,0.0036629477981477,0.0124983955174684,0.0142336478456854,0.0046930843964219,-0.0117548676207661,-0.0022779083810746,-0.0030343488324433,0.0002531220670789,-0.0124177820980548,-0.0160667691379785,0.0028352530207484,0.0022469141986221,0.0023356170859187,0.0016253719804808,0.0033112170640379,0.0187237448990345,-0.0199241824448108,0.0093854898586869,-0.0048640482127666,0.0019183569820597,-0.0032585803419351,0.0069542936980724,-0.0008801671792753,0.0104099288582801,0.0033979897852987,0.0020862696692347,0.0040135416202247,0.0049797524698078,0.0,0.0101932305842638,0.0042472993955016,0.0053234165534377,-0.0026122538838535,0.0210626870393753,0.0158393196761608,-0.0131420595571398,0.0050385161302983,0.0197482518851757,0.0095465555987701,0.0275107548235806,0.0062317849629587,0.0344179260990491,0.0514453061734108,0.0014317411642732,0.0605721871742239,0.0315056487101708,0.1108021110783634,-0.0139689389700448,0.0880917243130123,0.039210875818388,2019-02-04,2019-02-05,2019-02-06,2019-02-07,2019-02-08,2019-02-11,2019-02-12,2019-02-13,2019-02-14,2019-02-15,24248.0,2019-02-01,252.0,-1.9756%,0.0003,0.2222,-0.0639,-0.0862,1.1924%,1.2239%,5.0819%,-0.019944,ALE,24248.0,2019-02-04,252.0,0.5039%,0.0004,0.2277,-0.0519,-0.0643,1.1812%,1.2129%,5.1536%,0.0032479999999999,ALE,24248.0,2019-02-05,252.0,0.4485%,0.0004,0.2297,-0.0521,-0.064,1.1812%,1.2130%,5.1745%,0.002979,ALE,24248.0,2019-02-06,252.0,-0.3283%,0.0004,0.2027,-0.0434,-0.091,1.1769%,1.2030%,4.2855%,-0.002839,ALE,24248.0,2019-02-07,252.0,1.6867%,0.0006,0.2033,-0.0521,-0.0857,1.1813%,1.2069%,4.1961%,0.01895,ALE,24248.0,2019-02-08,252.0,2.7601%,0.0006,0.1989,-0.0636,-0.1116,1.1921%,1.2184%,4.2654%,0.026753,ALE,24248.0,2019-02-11,252.0,-2.7112%,0.0005,0.2008,-0.1025,-0.1317,1.2039%,1.2308%,4.3257%,-0.026814,ALE,24248.0,2019-02-12,252.0,-0.2463%,0.0004,0.1883,-0.091,-0.1401,1.2003%,1.2252%,4.0322%,-0.0054969999999999,ALE,24248.0,2019-02-13,252.0,0.2729%,0.0004,0.1916,-0.0957,-0.1405,1.1996%,1.2252%,4.1206%,0.002254,ALE,24248.0,2019-02-14,252.0,1.7721%,0.0005,0.1879,-0.0862,-0.1515,1.2041%,1.2296%,4.1001%,0.017706,ALE,24248.0,2019-02-15,252.0,1.8473%,0.0007,0.2111,-0.0635,-0.1114,1.2048%,1.2320%,4.3596%,0.017193,ALE,-0.016696,-0.013717,-0.016556,0.029147,0.033989
38163,ALLEGIANT TRAVEL CO,"Imperial Capital Upgrades Allegiant Travel to Outperform, Raises Price Target to $168",6,increase,0.8,0.7,upgrading a stock to 'outperform' and raising the price target typically signals positive sentiment and can lead to an increase in stock price.,2,2019-02-01,ALGT,2019-02-01 14:20:00+00:00,91659.0,01748X10,0.0450000464916229,390992.0,0.0234081149101257,0.0338794514536857,-0.0233762506395578,0.0059199826791882,-0.0050817681476473,0.0076581775210797,0.0076245376840233,0.0186402052640914,-0.0026447298005223,0.0027171827387064,0.010680703446269,0.020245261490345,-0.009328868240118,-0.0039327354170382,0.0163319446146488,-0.025918984785676,0.0115093132480979,0.0055733160115778,-0.0037927490193396,0.0201505329459905,0.0156597420573234,0.0013395515270531,-0.0350803211331367,-0.0087143778800964,0.0043246471323072,-0.0069232997484505,0.0274412091821432,0.0088973864912986,0.0009234613389708,0.030417300760746,0.0024837898090481,0.0492672435939312,-0.0606682188808918,0.0171925462782383,0.0008290274417959,0.011656972579658,-0.0062831323593854,0.0656610056757927,-0.0079988045617938,-0.0236788820475339,-0.0022270660847425,0.0366194173693656,-0.0023858814965933,-0.002289653988555,-0.0201357286423444,-0.0125823887065053,-0.001495964359492,-0.0228604096919298,0.0111180888488888,-0.0034459710586816,-0.011775673367083,-0.0131305437535047,0.0076546813361346,-0.0532999373972415,-0.0025843982584774,-0.0287500880658626,-0.0115420948714017,-0.028848635032773,0.0017475670902058,0.0157656073570251,0.0011101370910182,-0.0146065801382064,-0.0047524631954729,-0.0198609232902526,0.0113012185320258,-0.0382809787988662,-0.0387188009917736,0.0042359237559139,-0.0014736005105078,-0.0016755691030994,0.0167254321277141,-0.0078372219577431,0.0191113222390413,-0.0651965141296386,0.0031650699675083,0.0681369230151176,0.0212178770452737,-0.0536354780197143,0.0032439804635941,-0.0054312250576913,0.0260990019887685,0.0660691782832145,0.0076530934311449,0.0035819835029542,0.0122858816757798,0.0139628387987613,0.0076499343849718,-0.002736609429121,0.0067887627519667,0.0067255017347633,-0.0293648708611726,0.0196645874530077,0.021513445302844,0.0360881872475147,-0.0026325455401092,-0.0122740576043725,-0.0162768624722957,-0.0097403079271316,-0.0092420475557446,-0.0107880886644125,0.0118859698995947,0.0001647034223424,-0.0063935816287994,-0.0037745062727481,-0.0187055747956037,-0.0001640548289287,-0.0060997926630079,-0.0007378583541139,0.0136555330827832,0.0153154982253909,0.0075683034956455,-0.0004991477471776,0.0514533966779708,0.0083892615512013,0.0070724785327911,-0.0066666919738054,0.0227707419544458,-0.0235964320600032,0.0187266767024993,0.0189023278653621,0.0234081149101257,0.0338794514536857,-0.0005153296905707,0.0399999998986602,-0.0055944790522111,0.0479645045198071,-0.0006625826298403,0.0703993672466927,0.0247331619617963,0.0869565342507481,-0.0667776712707822,0.1138719974634649,0.0869217343715924,0.0839983152363765,2019-02-04,2019-02-05,2019-02-06,2019-02-07,2019-02-08,2019-02-11,2019-02-12,2019-02-13,2019-02-14,2019-02-15,91659.0,2019-02-01,252.0,4.5000%,-0.0002,0.8107,0.4417,0.106,2.2810%,2.4584%,13.9154%,0.044012,ALGT,91659.0,2019-02-04,252.0,2.3408%,-0.0004,0.8051,0.4332,0.0636,2.2642%,2.4445%,14.2058%,0.015839,ALGT,91659.0,2019-02-05,252.0,-2.3376%,-0.0005,0.806,0.4429,0.0823,2.2700%,2.4466%,13.9151%,-0.02621,ALGT,91659.0,2019-02-06,252.0,-0.5082%,-0.0005,0.7999,0.4449,0.0759,2.2700%,2.4378%,13.2956%,-0.003422,ALGT,91659.0,2019-02-07,252.0,0.7625%,-0.0004,0.7968,0.442,0.0799,2.2721%,2.4376%,13.1207%,0.015246,ALGT,91659.0,2019-02-08,252.0,-0.2645%,-0.0005,0.7978,0.4264,0.0736,2.2694%,2.4352%,13.1601%,-0.003132,ALGT,91659.0,2019-02-11,252.0,1.0681%,-0.0004,0.7911,0.4422,0.0787,2.2694%,2.4280%,12.6342%,0.00648,ALGT,91659.0,2019-02-12,252.0,-0.9329%,-0.0005,0.7773,0.4455,0.0711,2.2725%,2.4271%,12.3338%,-0.020142,ALGT,91659.0,2019-02-13,252.0,1.6332%,-0.0005,0.7715,0.461,0.0773,2.2716%,2.4241%,12.1800%,0.0137379999999999,ALGT,91659.0,2019-02-14,252.0,1.1509%,-0.0005,0.7686,0.4673,0.0707,2.2728%,2.4250%,12.1624%,0.01108,ALGT,91659.0,2019-02-15,252.0,-0.3793%,-0.0005,0.7677,0.465,0.0673,2.2736%,2.4250%,12.1028%,-0.014086,ALGT,0.059851,0.033641,0.030219,0.042333,0.0394029999999999
38171,ALKERMES PLC,Alkermes Receives Complete Response Letter From FDA For ALKS 5461 New Drug Application; FDA Said It Is Unable To Approve Drug In Its Current Form And Is Requesting Additional Clinical Data,6,decrease,0.85,0.7,"the fda's complete response letter indicates that the drug cannot be approved in its current form, which is likely to negatively impact investor sentiment and the stock price of alkermes plc.",0,2019-02-01,ALKS,2019-02-01 21:02:00+00:00,76736.0,G0176710,0.0063888928852975,767025.0,0.0030229282565414,0.0021341370884329,0.0159734413027763,0.0042865704745054,-0.0361909642815589,0.0033794350456446,-0.0437058135867118,-0.0446140430867672,-0.0070807631127536,0.0299273822456598,0.0171798635274171,0.0197288300842046,0.0289994198828935,-0.0184569023549556,0.0195105988532304,-0.0319273620843887,-0.0127581469714641,0.009461848065257,0.0012307973811402,0.0071470472030341,0.0476336553692817,0.0163438525050878,-0.0217072945088148,0.0241786316037178,-0.0233882702887058,-0.0076899421401321,0.0264046862721443,0.000923607731238,0.0248279385268688,0.0083825048059225,-0.0099241146817803,0.0313800685107708,0.0085495561361312,0.0205882079899311,-0.0274773072451353,0.0200000125914812,0.0351667627692222,0.0563380420207977,-0.0171312484890222,-0.0243902783840894,-0.0144755654036998,-0.0135547146201133,-0.0266786385327577,0.0358020514249801,0.0049276207573711,-0.0148686133325099,-0.02145267277956,-0.0196610148996114,0.0385217517614364,0.0558339096605777,0.0,-0.0179261937737464,0.0111579895019531,-0.0440187975764274,-0.0107366722077131,-0.0043492526747286,0.0256256349384784,-0.0606536865234375,0.0173427443951368,-0.0342944152653217,0.0115572866052389,0.0039610317908227,-0.0131390774622559,-0.0281314998865127,0.0112879713997244,-0.0487323813140392,-0.0280480701476335,0.0298810191452503,-0.0170788578689098,0.0055426619946956,0.0299580581486225,0.0079388553276658,-0.0235602483153343,-0.0218579843640327,0.0622579753398895,-0.0096838548779487,0.0232754293829202,-0.0354395844042301,-0.0147985992953181,-0.0010976153425872,-0.0058414209634065,0.0193006601184606,0.0,-0.0306399408727884,0.0041969139128923,0.0429864376783371,0.0353859141469001,-0.0106323743239045,0.0045748651027679,0.0407688282430172,-0.0348246172070503,-0.0002910719776991,-0.0058284508995711,0.0278276596218347,0.0025125672109425,-0.0179253779351711,-0.0470620617270469,-0.0133372824639082,-0.0230859406292438,0.0117336912080645,0.0239305775612592,0.0330303087830543,-0.0312591195106506,-0.0256864167749881,0.0126659227535128,-0.0239193607121706,0.0026800576597452,-0.0788425132632255,0.0166320577263832,-0.0341026112437248,0.0151913659647107,-0.0010246136225759,-0.12776979804039,0.0030833184719085,0.0069284392520785,0.0329086482524871,-0.0078636882826685,-0.001589861465618,0.0013209711760282,-0.0756796449422836,0.0030229282565414,0.0021341370884329,0.0190446561263861,0.0064298556919701,-0.0178355526247974,0.0098310200172786,-0.0674123717278629,-0.006348333397786,-0.0163240865483972,-0.0211436210567346,0.0462514746182458,-0.0024279731974975,-0.0834341519727417,-0.1949547422307962,2019-02-04,2019-02-05,2019-02-06,2019-02-07,2019-02-08,2019-02-11,2019-02-12,2019-02-13,2019-02-14,2019-02-15,76736.0,2019-02-01,251.0,0.6389%,-0.0016,1.4094,0.7353,0.062,2.6673%,3.1226%,27.0353%,0.005021,ALKS,76736.0,2019-02-04,251.0,0.3023%,-0.0018,1.4037,0.7217,0.0456,2.6647%,3.1196%,27.0402%,-0.010469,ALKS,76736.0,2019-02-05,251.0,1.5973%,-0.0021,1.5076,0.7531,0.1515,2.5553%,3.0703%,30.7336%,0.010688,ALKS,76736.0,2019-02-06,251.0,-3.6191%,-0.002,1.3981,0.7889,0.0393,2.5279%,2.9830%,28.1860%,-0.033005,ALKS,76736.0,2019-02-07,251.0,-4.3706%,-0.0021,1.4156,0.7785,0.034,2.5315%,2.9948%,28.5495%,-0.029931,ALKS,76736.0,2019-02-08,251.0,-0.7081%,-0.0021,1.417,0.7715,0.0352,2.5311%,2.9946%,28.5582%,-0.008609,ALKS,76736.0,2019-02-11,251.0,1.7180%,-0.0021,1.4275,0.7778,0.0442,2.5319%,2.9864%,28.1186%,0.009923,ALKS,76736.0,2019-02-12,251.0,2.8999%,-0.002,1.4388,0.7718,0.051,2.5323%,2.9924%,28.3861%,0.009405,ALKS,76736.0,2019-02-13,251.0,1.9511%,-0.002,1.4352,0.7848,0.0574,2.5332%,2.9898%,28.2140%,0.014883,ALKS,76736.0,2019-02-14,251.0,-1.2758%,-0.002,1.4389,0.7791,0.062,2.5324%,2.9899%,28.2610%,-0.013592,ALKS,76736.0,2019-02-15,251.0,0.1231%,-0.0023,1.3772,0.7219,-0.0405,2.5028%,2.9402%,27.5432%,-0.017374,ALKS,-0.0054479999999999,0.00524,-0.0277649999999999,-0.066305,-0.06306
38179,A M C ENTERTAINMENT HOLDINGS INC,"Loop Capital Initiates Coverage On AMC Entertainment Hldgs with Hold Rating, Announces $15 Price Target",6,uncertain,0.6,0.3,"while a 'hold' rating suggests a lack of strong bullish sentiment, the $15 price target may not significantly impact investor sentiment, leading to uncertainty in stock price movement.",1,2019-02-01,AMC,2019-02-01 12:13:00+00:00,14328.0,00165C10,-0.0313993208110332,1268922.0,0.011275602504611,0.0375353917479515,-0.0195122417062521,-0.0049330298788845,-0.0199004784226417,0.0128479190170764,-0.0340826883912086,0.0,0.0300300735980272,-0.0168420895934104,-0.0400874763727188,0.0333575084805488,0.0068337246775627,0.020725367590785,0.0188536942005157,-0.065698467195034,0.0103626493364572,0.0248051304370164,0.0102564357221126,0.000709168438334,-0.0427846387028694,-0.0146750546991825,0.0356060825288295,0.0127388751134276,0.00219456711784,0.0071276109665632,0.0124087650328874,0.0218499787151813,-0.0165825188159942,-0.0157706290483474,-0.0058650970458984,-0.0425531826913356,0.0228613168001174,0.031869675964117,0.0115356780588626,0.0428360365331172,0.1404134184122086,0.0367534086108207,-0.03125,0.01318852417171,0.0077419281005859,0.049674317240715,-0.0313700251281261,-0.0112721696496009,-0.0218109656125307,0.0180328097194433,0.0081081129610538,-0.037854928523302,-0.0047554788179695,0.0342577546834945,-0.015699628740549,-0.0064829760231077,0.0006934971315786,-0.0493065789341926,0.0034649504814296,-0.0291698090732097,0.0013812470715492,-0.0422636196017265,0.0344827584922313,-0.0078180283308029,-0.016666667535901,-0.0303239505738019,0.0142372911795973,-0.0235531255602836,0.0307486653327941,-0.0268500838428735,-0.0233462806791067,0.0099206725135445,0.0159362386912107,0.0573426336050033,-0.0235294513404369,0.0021022937726229,-0.0066934023052453,-0.010936408303678,-0.0047169607132673,0.0259466953575611,0.0054163793101906,0.0028129369020462,0.0094275679439306,0.0417582914233207,-0.0140093425288796,-0.0222063343971967,-0.0115020349621772,0.0086705116555094,0.0273785479366779,0.0289963092654943,-0.0019987132400274,-0.0501412451267242,0.0887850448489189,0.0201728921383619,-0.0098099233582615,-0.0043041226454079,0.0,0.0489089265465736,-0.0018575096037238,-0.014825782738626,0.0192307345569133,-0.0398576818406581,0.0042604804039001,-0.0468113683164119,0.0054545546881854,-0.0599490143358707,0.0,0.0090090315788984,-0.0325497835874557,0.0230414997786283,-0.0492211245000362,-0.0300127882510423,-0.0006553229759447,-0.1362382471561432,0.0124589884653687,-0.0136017417535185,-0.0090673184022307,-0.0021716023329645,0.0065359100699424,-0.0396246202290058,0.0064935316331684,0.0094737000763416,-0.0219354946166276,-0.0124740004539489,0.011275602504611,0.0375353917479515,-0.0084566514830947,0.0324171986600587,-0.0281888384953693,0.0456816112202802,-0.0331218689902607,0.0280701478379263,-0.0281888388130937,0.03900703328535,0.0714450140685336,0.0412224562291698,0.0828737474518903,-0.2278936754625633,2019-02-04,2019-02-05,2019-02-06,2019-02-07,2019-02-08,2019-02-11,2019-02-12,2019-02-13,2019-02-14,2019-02-15,14328.0,2019-02-01,252.0,-3.1399%,0.0012,0.9747,1.0377,0.0464,2.5114%,2.7894%,18.9433%,-0.031826,AMC,14328.0,2019-02-04,252.0,1.1276%,0.001,0.9644,1.016,0.0018,2.4896%,2.7696%,19.1979%,-0.00061,AMC,14328.0,2019-02-05,252.0,-1.9512%,0.0007,1.0107,1.0407,0.0691,2.4715%,2.7652%,20.1136%,-0.022936,AMC,14328.0,2019-02-06,252.0,-1.9900%,0.0007,0.993,1.0467,0.0492,2.4732%,2.7544%,19.3733%,-0.017721,AMC,14328.0,2019-02-07,252.0,-3.4083%,0.0005,0.9887,1.0627,0.0416,2.4753%,2.7571%,19.3967%,-0.0237789999999999,AMC,14328.0,2019-02-08,252.0,3.0030%,0.0005,0.9847,1.0285,0.0021,2.4743%,2.7559%,19.3920%,0.028796,AMC,14328.0,2019-02-11,252.0,-4.0087%,0.0003,0.9697,0.9765,-0.0339,2.4930%,2.7603%,18.4297%,-0.048359,AMC,14328.0,2019-02-12,252.0,0.6834%,0.0004,0.9835,0.9537,-0.0227,2.4863%,2.7569%,18.6689%,-0.0067079999999999,AMC,14328.0,2019-02-13,252.0,1.8854%,0.0004,0.9748,0.9746,-0.0154,2.4835%,2.7516%,18.5366%,0.015443,AMC,14328.0,2019-02-14,252.0,1.0363%,0.0004,0.9737,0.9786,-0.0206,2.4833%,2.7521%,18.5766%,0.0071519999999999,AMC,14328.0,2019-02-15,252.0,1.0256%,0.0004,0.962,0.9677,-0.0401,2.4824%,2.7470%,18.3365%,-0.003194,AMC,-0.032436,-0.055372,-0.073093,-0.068076,-0.103742
38187,AON PLC NEW,Aon PLC shares are trading higher after the company beat Q4 EPS estimates.,6,increase,0.8,0.7,"beating q4 eps estimates typically signals strong financial performance, which generally leads to an increase in stock price.",2,2019-02-01,AON,2019-02-01 16:04:00+00:00,61735.0,G0403H10,0.0718812718987464,3265117.0,-0.0039412612095475,0.0137863801792264,0.0116906287148594,0.0137795684859156,-0.0023703342303633,-0.0082644904032349,-0.0087318159639835,-0.0046635223552584,0.0077300649136304,0.0031186779960989,0.0154010606929659,-0.0009736070060171,0.0030452348291873,0.0023422292433679,0.0098085468634963,-0.0045981910079717,-0.0193108897656202,0.012524614110589,0.0138545343652367,0.0100006256252527,0.0040123420767486,0.0087520899251103,0.0008108385372906,0.0140233859419822,-0.0023148676846176,0.0024448258336633,-0.0019721365533769,-0.0025740356650203,-0.0051726107485592,0.0172259341925382,0.0010516324546188,0.0014491217443719,-0.0009337826631963,0.004784042481333,0.0019860758911818,-0.0022138175554573,0.0006995575968176,0.0188187062740325,-0.0059422608464956,-0.0149957546964287,-0.0784153118729591,-0.0090809529647231,0.0429252795875072,0.0115518700331449,-0.0088414447382092,0.0039823381230235,-0.003137556137517,0.020243864506483,0.0164774972945451,0.0207362547516822,0.0107460925355553,-0.026973433792591,0.0036641075275838,-0.0310077797621488,0.0089173829182982,-0.0171262454241514,0.00842328928411,-0.0133058344945311,-0.0047059003263711,-0.0003989995457231,-0.0073285475373268,-0.0224924050271511,-0.0133960461243987,-0.0145419873297214,0.0150261912494897,0.0045045833103358,-0.0112366192042827,-0.0022472301498055,0.0019842572510242,-0.0125530706718564,0.0067210462875664,-0.0063000065274536,0.0013114045141264,-0.0113976197317242,0.0070841913111507,-0.0132743585854768,0.009044149890542,-0.0136388437822461,0.016051584854722,-0.0008479158859699,-0.0017297223675996,0.0087366076186299,-0.0023102338891476,-0.0018904372118413,-0.0011578800622373,0.0155437812209129,0.0002898055827245,-0.0032713955733925,0.0011587979970499,0.0047131441533565,-0.0045719849877059,0.0011174810351803,0.0048836995847523,-0.0037112070713192,0.0060750003904104,-0.0236139856278896,0.0128241749480366,0.0093264169991016,-0.0009084056946448,0.0060714185237884,0.0055125365033745,0.0064189191907644,-0.0088170329108834,-0.0078383265063166,-0.0011404285905882,0.0025170585140585,-0.0015984402270987,-0.0100279198959469,0.0199554320424795,-0.0017594402888789,-0.0005046058795414,0.0109168887138366,0.0074037094600498,0.021680599078536,0.0031178528442978,0.0089139193296432,-0.0088804513216018,0.012805737555027,0.011256044730544,0.003082824172452,-0.0039412612095475,0.0137863801792263,0.0077032916838428,0.0277559190349945,0.0053146980775147,0.0192620401052618,0.0042397667897089,0.0176726147199619,0.0269317696544515,0.0373534022531223,0.0103904817202362,0.0416306501339214,0.0783470207412573,0.0059730157985053,2019-02-04,2019-02-05,2019-02-06,2019-02-07,2019-02-08,2019-02-11,2019-02-12,2019-02-13,2019-02-14,2019-02-15,61735.0,2019-02-01,252.0,7.1881%,0.001,0.7806,-0.2651,0.4197,0.8437%,1.1956%,50.1939%,0.068737,AON,61735.0,2019-02-04,252.0,-0.3941%,0.0009,0.7767,-0.2747,0.4096,0.8410%,1.1919%,50.2098%,-0.006459,AON,61735.0,2019-02-05,252.0,1.1691%,0.0009,0.7859,-0.275,0.4133,0.8404%,1.1931%,50.3818%,0.010489,AON,61735.0,2019-02-06,252.0,-0.2370%,0.0008,0.8081,-0.2821,0.4348,0.8364%,1.1841%,50.1067%,-0.001058,AON,61735.0,2019-02-07,252.0,-0.8732%,0.0009,0.8197,-0.2952,0.4354,0.8289%,1.1854%,51.1076%,-0.0033789999999999,AON,61735.0,2019-02-08,252.0,0.7730%,0.0009,0.8183,-0.304,0.4238,0.8296%,1.1860%,51.0719%,0.0100439999999999,AON,61735.0,2019-02-11,252.0,1.5401%,0.001,0.8176,-0.2839,0.4342,0.8342%,1.1711%,49.2647%,0.0151869999999999,AON,61735.0,2019-02-12,252.0,0.3045%,0.0009,0.8136,-0.2849,0.4324,0.8358%,1.1685%,48.8331%,-0.007378,AON,61735.0,2019-02-13,252.0,0.9809%,0.0009,0.8133,-0.2818,0.4345,0.8366%,1.1665%,48.5635%,0.007299,AON,61735.0,2019-02-14,252.0,-1.9311%,0.0009,0.8172,-0.2895,0.4421,0.8404%,1.1729%,48.6628%,-0.013717,AON,61735.0,2019-02-15,252.0,1.3855%,0.001,0.8266,-0.2809,0.4576,0.8383%,1.1754%,49.1340%,0.0031219999999999,AON,0.062278,0.072767,0.071709,0.078374,0.082887
38195,AON PLC NEW,"Aon Q4 EPS $2.16 Beats $2.13 Estimate, Sales $2.77B Miss $2.82B Estimate",6,uncertain,0.6,0.2,"while aon beat eps estimates, the miss on sales could raise concerns among investors, leading to uncertainty in the stock's reaction.",1,2019-02-01,AON,2019-02-01 11:05:00+00:00,61735.0,G0403H10,0.0718812718987464,3265117.0,-0.0039412612095475,0.0137863801792264,0.0116906287148594,0.0137795684859156,-0.0023703342303633,-0.0082644904032349,-0.0087318159639835,-0.0046635223552584,0.0077300649136304,0.0031186779960989,0.0154010606929659,-0.0009736070060171,0.0030452348291873,0.0023422292433679,0.0098085468634963,-0.0045981910079717,-0.0193108897656202,0.012524614110589,0.0138545343652367,0.0100006256252527,0.0040123420767486,0.0087520899251103,0.0008108385372906,0.0140233859419822,-0.0023148676846176,0.0024448258336633,-0.0019721365533769,-0.0025740356650203,-0.0051726107485592,0.0172259341925382,0.0010516324546188,0.0014491217443719,-0.0009337826631963,0.004784042481333,0.0019860758911818,-0.0022138175554573,0.0006995575968176,0.0188187062740325,-0.0059422608464956,-0.0149957546964287,-0.0784153118729591,-0.0090809529647231,0.0429252795875072,0.0115518700331449,-0.0088414447382092,0.0039823381230235,-0.003137556137517,0.020243864506483,0.0164774972945451,0.0207362547516822,0.0107460925355553,-0.026973433792591,0.0036641075275838,-0.0310077797621488,0.0089173829182982,-0.0171262454241514,0.00842328928411,-0.0133058344945311,-0.0047059003263711,-0.0003989995457231,-0.0073285475373268,-0.0224924050271511,-0.0133960461243987,-0.0145419873297214,0.0150261912494897,0.0045045833103358,-0.0112366192042827,-0.0022472301498055,0.0019842572510242,-0.0125530706718564,0.0067210462875664,-0.0063000065274536,0.0013114045141264,-0.0113976197317242,0.0070841913111507,-0.0132743585854768,0.009044149890542,-0.0136388437822461,0.016051584854722,-0.0008479158859699,-0.0017297223675996,0.0087366076186299,-0.0023102338891476,-0.0018904372118413,-0.0011578800622373,0.0155437812209129,0.0002898055827245,-0.0032713955733925,0.0011587979970499,0.0047131441533565,-0.0045719849877059,0.0011174810351803,0.0048836995847523,-0.0037112070713192,0.0060750003904104,-0.0236139856278896,0.0128241749480366,0.0093264169991016,-0.0009084056946448,0.0060714185237884,0.0055125365033745,0.0064189191907644,-0.0088170329108834,-0.0078383265063166,-0.0011404285905882,0.0025170585140585,-0.0015984402270987,-0.0100279198959469,0.0199554320424795,-0.0017594402888789,-0.0005046058795414,0.0109168887138366,0.0074037094600498,0.021680599078536,0.0031178528442978,0.0089139193296432,-0.0088804513216018,0.012805737555027,0.011256044730544,0.003082824172452,-0.0039412612095475,0.0137863801792263,0.0077032916838428,0.0277559190349945,0.0053146980775147,0.0192620401052618,0.0042397667897089,0.0176726147199619,0.0269317696544515,0.0373534022531223,0.0103904817202362,0.0416306501339214,0.0783470207412573,0.0059730157985053,2019-02-04,2019-02-05,2019-02-06,2019-02-07,2019-02-08,2019-02-11,2019-02-12,2019-02-13,2019-02-14,2019-02-15,61735.0,2019-02-01,252.0,7.1881%,0.001,0.7806,-0.2651,0.4197,0.8437%,1.1956%,50.1939%,0.068737,AON,61735.0,2019-02-04,252.0,-0.3941%,0.0009,0.7767,-0.2747,0.4096,0.8410%,1.1919%,50.2098%,-0.006459,AON,61735.0,2019-02-05,252.0,1.1691%,0.0009,0.7859,-0.275,0.4133,0.8404%,1.1931%,50.3818%,0.010489,AON,61735.0,2019-02-06,252.0,-0.2370%,0.0008,0.8081,-0.2821,0.4348,0.8364%,1.1841%,50.1067%,-0.001058,AON,61735.0,2019-02-07,252.0,-0.8732%,0.0009,0.8197,-0.2952,0.4354,0.8289%,1.1854%,51.1076%,-0.0033789999999999,AON,61735.0,2019-02-08,252.0,0.7730%,0.0009,0.8183,-0.304,0.4238,0.8296%,1.1860%,51.0719%,0.0100439999999999,AON,61735.0,2019-02-11,252.0,1.5401%,0.001,0.8176,-0.2839,0.4342,0.8342%,1.1711%,49.2647%,0.0151869999999999,AON,61735.0,2019-02-12,252.0,0.3045%,0.0009,0.8136,-0.2849,0.4324,0.8358%,1.1685%,48.8331%,-0.007378,AON,61735.0,2019-02-13,252.0,0.9809%,0.0009,0.8133,-0.2818,0.4345,0.8366%,1.1665%,48.5635%,0.007299,AON,61735.0,2019-02-14,252.0,-1.9311%,0.0009,0.8172,-0.2895,0.4421,0.8404%,1.1729%,48.6628%,-0.013717,AON,61735.0,2019-02-15,252.0,1.3855%,0.001,0.8266,-0.2809,0.4576,0.8383%,1.1754%,49.1340%,0.0031219999999999,AON,0.062278,0.072767,0.071709,0.078374,0.082887
38203,ARROW ELECTRONICS INC,Stifel Nicolaus Downgrades Arrow Electronics to Hold,6,decrease,0.75,0.6,"a downgrade from a financial analyst typically signals reduced expectations for the company's performance, which can lead to a decline in stock price.",0,2019-02-01,ARW,2019-02-01 11:21:00+00:00,29209.0,04273510,-0.0010532482992857,485189.0,-0.0002636651042848,0.005960224661976,0.0064600906334817,0.0109801776707172,0.0111344791948795,-0.0045320759527385,0.0196916256099939,-0.0072780610062181,0.0067335637286305,0.0210781991481781,0.0034074240829795,0.0123102385550737,0.0153439966961741,-0.00813998747617,0.0078037562780082,-0.0212454982101917,-0.0063913995400071,0.015370087698102,0.0043296157382428,0.0121451886370778,-0.0017243426991626,-0.0038064001128077,0.0115977143868804,0.002179782371968,-0.0026832690928131,-0.0016321425791829,0.00207907310687,0.0136494953185319,-0.000610239803791,0.0227016452699899,-0.0129441637545824,0.0121307047083973,-0.0081653306260705,-0.0027042760048061,-0.0058625573292374,0.0160520691424608,0.0072773131541907,0.0384442918002605,-0.007847499102354,-0.0425594039261341,-0.0085373548790812,0.0087020471692085,-0.0129163516685366,0.0104044415056705,-0.0069274315610527,0.0036770114675164,-0.0032295568380504,0.0161409974098205,0.0116639947518706,0.057865671813488,-0.001409180345945,-0.0352348648011684,0.0070558446459472,-0.029316009953618,-0.0099362898617982,-0.0174570400267839,0.0106793856248259,-0.0237183030694723,-0.0029281140305101,0.0074403244070708,-0.0003830283239949,-0.0073853749781847,-0.001277282834053,-0.0130360629409551,0.0222534574568271,-0.008615936152637,-0.040910754352808,0.015237046405673,-0.0092617617920041,-0.0086713675409555,0.0007900617783889,-0.0030675015877932,-0.0026312929112464,-0.0397643744945526,0.0092336712405085,-0.0095478212460875,0.0071885427460074,-0.0381377264857292,0.0232286658138036,0.0185786709189415,-0.0041851848363876,0.0065385117195546,0.017065767198801,0.0148640051484108,0.0177810937166214,0.0279671940952539,0.0137795619666576,-0.010128291323781,0.0080096600577235,0.0074830348603427,-0.0137250106781721,0.0039612199179828,0.0139160081744194,0.0202061999589204,0.0038526330608874,-0.0251324344426393,0.0148717379197478,-0.0191872399300336,-0.0015363375423476,0.0068419924937188,0.0046159238554537,0.0291315838694572,-0.0087181655690073,-0.0178983006626367,0.0097456583753228,0.0119374692440033,-0.0148305334150791,-0.0195076614618301,0.0280765369534492,-0.0028172670863568,0.0005810043076053,-0.0090401526540517,-0.027177657932043,0.0107498401775956,0.0145654389634728,0.0058116004802286,-0.0022358489222824,-0.0132035939022898,-0.003302261698991,0.0612880624830722,-0.0002636651042848,0.005960224661976,0.0061947222287261,0.0170058466584392,0.0173981764293795,0.0123966989170041,0.0444180175982642,0.026212603039236,0.0701199358404223,0.0364355663162447,0.0322920373968138,0.0867076534860258,0.113878993154846,0.0750176295268938,2019-02-04,2019-02-05,2019-02-06,2019-02-07,2019-02-08,2019-02-11,2019-02-12,2019-02-13,2019-02-14,2019-02-15,29209.0,2019-02-01,252.0,-0.1053%,-0.0001,1.1755,0.6872,0.2408,0.9418%,1.6182%,66.1290%,-0.0029449999999999,ARW,29209.0,2019-02-04,252.0,-0.0264%,-0.0001,1.1721,0.678,0.2369,0.9434%,1.6173%,65.9721%,-0.0110179999999999,ARW,29209.0,2019-02-05,252.0,0.6460%,-0.0002,1.1832,0.6806,0.2469,0.9401%,1.6159%,66.1502%,0.003284,ARW,29209.0,2019-02-06,252.0,1.1134%,-0.0002,1.2191,0.6688,0.2841,0.9339%,1.6110%,66.3946%,0.013533,ARW,29209.0,2019-02-07,252.0,1.9692%,0.0,1.2239,0.6493,0.2936,0.9437%,1.6153%,65.8682%,0.030691,ARW,29209.0,2019-02-08,252.0,0.6734%,0.0,1.223,0.6366,0.2814,0.9417%,1.6142%,65.9684%,0.007233,ARW,29209.0,2019-02-11,252.0,0.3407%,-0.0,1.2182,0.6367,0.2789,0.9417%,1.5928%,65.0471%,-0.003254,ARW,29209.0,2019-02-12,252.0,1.5344%,0.0001,1.2274,0.6243,0.2858,0.9359%,1.5955%,65.5884%,-0.000977,ARW,29209.0,2019-02-13,252.0,0.7804%,0.0,1.2228,0.6336,0.2883,0.9335%,1.5890%,65.4852%,0.0036919999999999,ARW,29209.0,2019-02-14,252.0,-0.6391%,0.0,1.2239,0.6305,0.292,0.9341%,1.5891%,65.4516%,-0.005546,ARW,29209.0,2019-02-15,252.0,0.4330%,-0.0001,1.2147,0.6209,0.2753,0.9373%,1.5830%,64.9382%,-0.012578,ARW,-0.0139629999999999,-0.0106789999999999,0.002854,0.040778,0.022115
38211,ASTRAZENECA PLC,Astrazeneca's FORXIGA Receives Positive EU Opinion,6,increase,0.8,0.6,"a positive eu opinion for forxiga is likely to boost investor confidence and sales prospects, leading to an increase in astrazeneca's stock price.",2,2019-02-01,AZN,2019-02-01 13:21:00+00:00,79363.0,04635310,0.0019136056071147,3587787.0,0.0030012766364961,0.0175243690609931,0.0065288818441331,0.0112518016248941,-0.0035135424695909,0.0016905481461435,0.0018985542701557,-0.0072726802900433,0.0018949565710499,-0.0011176561238244,-0.0089164562523365,-0.0245297830551862,0.0141766751185059,0.0115797678008675,-0.0166666377335786,-0.0076607055962085,0.0929469019174575,0.0071644615381956,0.0235117226839065,0.0139703825116157,-0.0112414248287677,-0.0088618025183677,0.0017300962936133,0.01575249992311,-0.0024672707077115,-0.037889078259468,0.0126143535599112,-0.0342393517494201,0.0136785879731178,0.0121692884713411,0.0115662543103098,-0.0086546503007411,0.0097665516659617,-0.0167611595243215,0.0033027231693267,-0.0102093294262886,0.0043289195746183,0.0221758000552654,-0.0016762380255386,0.0140212327241897,0.0148717379197478,-0.0047393445856869,-0.0066178818233311,0.0055599440820515,-0.0088032102212309,0.0126005690544843,0.0026404371019452,-0.0082425251603126,0.0100550195202231,0.0203472599387168,-0.0080587854608893,-0.0173286516219377,0.0143369724974036,-0.0139327701181173,-0.0042402897961437,0.00184355257079,0.0056777349673211,-0.0068008978851139,0.0016467539826408,-0.0031290466431528,0.0068106409162282,-0.0204343050718307,0.0034989858977496,-0.0022935818415135,-0.0016271430067718,0.0084811570122838,-0.0083818538114428,0.0064666322432458,-0.0009392090723849,0.0065087215043604,0.0091656735166907,0.0060240845195949,-0.0067535424605011,-0.0177514441311359,0.0077373506501317,-0.0250815153121948,-0.059329904615879,0.0078361360356211,0.0207766555249691,-0.0065293400548398,0.0077538089826703,-0.0096990652382373,-0.0120221208781004,0.0022432741243392,-0.0136286532506346,0.0055137192830443,0.0041944729164242,-0.0047393022105097,0.0039312001317739,-0.0027363335248082,-0.0041605965234339,-0.0007456818129867,-0.0036863533314317,-0.0027268370613455,-0.0172669161111116,-0.0112744877114892,-0.0080321207642555,0.0031964858062565,0.007338079623878,-0.0176329314708709,-0.0128109045326709,0.0,-0.0134859746322035,-0.0021692009177058,0.0007737627020105,0.0141775077208876,-0.0012886401964351,-0.001464519649744,-0.0015484225004911,0.0078720711171627,0.0007754612597636,0.0367253869771957,0.0087809953838586,0.022158458828926,-0.0273937452584505,-0.016158016398549,0.0050012799911201,0.0301189757883548,-0.0136197078973054,-0.0171384029090404,0.0030012766364961,0.0175243690609931,0.0095497534611705,0.0289733514101631,0.0060026575272198,0.0307128804018206,0.0098225587883491,0.0220732305900208,0.1165074106780759,0.0220732309206386,0.1883450929122598,-0.0461537581932095,0.051035087672989,-0.0501167645890653,2019-02-04,2019-02-05,2019-02-06,2019-02-07,2019-02-08,2019-02-11,2019-02-12,2019-02-13,2019-02-14,2019-02-15,79363.0,2019-02-01,252.0,0.1914%,0.0004,0.4342,-0.107,-0.0579,1.1314%,1.2401%,16.7675%,0.001331,AZN,79363.0,2019-02-04,252.0,0.3001%,0.0004,0.4337,-0.1081,-0.0597,1.1313%,1.2402%,16.7855%,2.2000000000000003e-05,AZN,79363.0,2019-02-05,252.0,0.6529%,0.0003,0.4603,-0.1003,-0.0331,1.1149%,1.2335%,18.3093%,0.004119,AZN,79363.0,2019-02-06,252.0,-0.3514%,0.0004,0.3904,-0.0777,-0.1024,1.0831%,1.1752%,15.0584%,-0.0025879999999999,AZN,79363.0,2019-02-07,252.0,0.1899%,0.0004,0.3844,-0.0724,-0.1018,1.0825%,1.1715%,14.6172%,0.0057269999999999,AZN,79363.0,2019-02-08,252.0,0.1895%,0.0004,0.3841,-0.0633,-0.0972,1.0806%,1.1690%,14.5483%,0.000783,AZN,79363.0,2019-02-11,252.0,-0.8916%,0.0003,0.4097,-0.1003,-0.1038,1.0738%,1.1700%,15.7711%,-0.0089129999999999,AZN,79363.0,2019-02-12,252.0,1.4177%,0.0004,0.4262,-0.1155,-0.0927,1.0668%,1.1694%,16.7743%,0.008349,AZN,79363.0,2019-02-13,252.0,-1.6667%,0.0003,0.4201,-0.1126,-0.0966,1.0720%,1.1713%,16.2331%,-0.0178259999999999,AZN,79363.0,2019-02-14,252.0,9.2947%,0.0007,0.3983,-0.0617,-0.1526,1.2219%,1.3079%,12.7250%,0.093754,AZN,79363.0,2019-02-15,252.0,2.3512%,0.0007,0.4067,-0.0521,-0.1363,1.2273%,1.3141%,12.7674%,0.019797,AZN,0.001353,0.005472,0.002884,0.009394,0.104555
38219,ALIBABA GROUP HOLDING LTD,Worldfirst Shuts U.S. Operation To Avoid Regulatory Hurdles in Takeover By Ant Financial,6,decrease,0.7,0.6,"the shutdown of worldfirst's u.s. operation to avoid regulatory hurdles suggests potential challenges for ant financial's takeover, which could negatively impact investor sentiment towards alibaba group.",0,2019-02-01,BABA,2019-02-01 10:07:00+00:00,14888.0,01609W10,-0.0030862619169056,10771453.0,-0.0075608994811773,0.0100107789039611,0.0307738743722438,0.0633605420589447,-0.0018040945287793,-0.01283660531044,-0.0265858061611652,-0.0018215471645817,0.0023957467637956,0.021493686363101,0.0005377409979701,0.0251924078911542,0.007524692453444,-0.0007886632811278,0.0040897820144891,-0.0310152228921651,-0.0060211867094039,0.0067320833913981,-0.0132439183071255,0.0072978874668478,0.024255184456706,0.026245966553688,0.0031144320964813,0.0107858283445239,0.0055649750865995,-0.0135474689304828,0.0306419339030981,-0.0024391529150307,0.0357788950204849,-0.0015139266615733,0.0015825008740648,0.0349479205906391,0.0056663863360881,0.0257860720157623,-0.0083974590525031,0.0239714216440916,0.0046440809965133,0.0700612068176269,0.0183271430432796,-0.0446231961250305,-0.0120160216465592,-0.0026994261424988,-0.0044864965602755,-0.0145228924229741,-0.0371938459575176,0.0046226033009588,-0.0129145523533225,0.0032608474139124,0.0307376161217689,0.0463264882564544,0.0012194513110443,-0.0008333379519172,0.0003874885733239,-0.0230182856321334,-0.0018815514631569,-0.0148023832589387,0.0033821279648691,-0.0261327065527439,0.0047521721571683,-0.0219474136829376,0.0017048757290467,-0.0336913056671619,-0.0047216461971402,-0.0163717698305845,0.0012135989964008,-0.0001320414012297,-0.028870552778244,-0.002173495478928,0.0142403822392225,0.0026415451429784,-0.0038597215898334,-0.0106494510546326,-0.0058962432667613,-0.017775809392333,0.003954114858061,-0.0158519297838211,0.026557145640254,-0.032979167997837,-0.0085502741858363,0.0179037973284721,0.0046990220434963,0.0293063856661319,-0.0188180804252624,-0.0192042030394077,0.015421712771058,0.0184071939438581,0.0236372593790292,0.0028845088090747,0.0062044449150562,0.0377834923565387,0.0036997450515627,0.0061575407162308,-0.0053421654738485,0.0234964247792959,-0.0064987740479409,-0.0237410757690668,0.0212455838918685,-0.0296561140567064,-0.0309141725301742,-0.0135705741122365,0.0148030333220958,0.0384206250309944,0.0095274206250905,0.0235406644642353,-0.0032524692360311,0.0291274897754192,-0.008344910107553,-0.0140144890174269,0.0103030987083911,-0.0277870949357748,-0.0086496621370315,-0.023016357794404,0.0119028743356466,0.0343190282583236,-0.0042048571631312,0.0193584281951189,-0.0008017205400392,-0.0199877843260765,-0.007328528445214,-0.0241983719170093,-0.0075608994811773,0.0100107789039611,0.0229802967202916,0.0740056093406931,0.0211347435639295,0.060219023232388,-0.0036316055269166,0.0810342899939298,-0.0108353133130688,0.0881555729587353,0.0825147388371896,0.1702320467518141,0.1047806533102246,0.1139835000303395,2019-02-04,2019-02-05,2019-02-06,2019-02-07,2019-02-08,2019-02-11,2019-02-12,2019-02-13,2019-02-14,2019-02-15,14888.0,2019-02-01,252.0,-0.3086%,-0.0008,1.2412,0.1998,-0.8488,1.6180%,2.3330%,51.9054%,-0.001032,BABA,14888.0,2019-02-04,252.0,-0.7561%,-0.0006,1.2473,0.2087,-0.7989,1.5863%,2.3039%,52.5911%,-0.021461,BABA,14888.0,2019-02-05,252.0,3.0774%,-0.0006,1.2464,0.2006,-0.8146,1.5920%,2.3066%,52.3657%,0.020684,BABA,14888.0,2019-02-06,252.0,-0.1804%,-0.0006,1.2606,0.196,-0.8003,1.5911%,2.2953%,51.9484%,0.001428,BABA,14888.0,2019-02-07,252.0,-2.6586%,-0.0006,1.2607,0.2007,-0.8034,1.5923%,2.2957%,51.8902%,-0.011586,BABA,14888.0,2019-02-08,252.0,0.2396%,-0.0006,1.2607,0.2202,-0.7901,1.5873%,2.2898%,51.9466%,-0.004483,BABA,14888.0,2019-02-11,252.0,0.0538%,-0.0006,1.2775,0.2037,-0.7903,1.5852%,2.2781%,51.5820%,-0.000963,BABA,14888.0,2019-02-12,252.0,0.7525%,-0.0007,1.2703,0.2052,-0.7942,1.5865%,2.2760%,51.4135%,-0.011333,BABA,14888.0,2019-02-13,252.0,0.4090%,-0.0006,1.2768,0.1948,-0.7957,1.5841%,2.2760%,51.5562%,0.000866,BABA,14888.0,2019-02-14,252.0,-0.6021%,-0.0007,1.2785,0.19,-0.7899,1.5847%,2.2754%,51.4949%,-0.009068,BABA,14888.0,2019-02-15,252.0,-1.3244%,-0.0009,1.2407,0.1535,-0.8547,1.5824%,2.2614%,51.0383%,-0.024474,BABA,-0.022493,-0.0018089999999999,-0.0003809999999999,-0.01645,-0.0614219999999999
38227,BOOZ ALLEN HAMILTON HOLDING CORP,"Booz Allen Hamilton Raises FY19 Adj. EPS Guidance From $2.35-$2.50 As Of May 29, 2018 To $2.65-$2.75 vs $2.65 Estimate, Sales Growth 7-8% Year Over Year",6,increase,0.8,0.7,the raised earnings guidance and positive sales growth outlook are likely to boost investor confidence and demand for the stock.,2,2019-02-01,BAH,2019-02-01 11:48:00+00:00,12366.0,09950210,0.050071220844984,2134543.0,0.0188021175563335,0.0176056809723377,0.0066590271890163,0.0060428651049733,0.0079380450770258,0.0048158159479498,0.0150009226053953,-0.0122026922181248,0.0059116883203387,0.018752621486783,-0.018181849271059,0.0006324853166006,0.0076692826114594,0.0067926063202321,-0.0033413744531571,-0.0100861424580216,-0.0037411293014884,0.0010517297778278,0.0101389586925506,0.0093418778851628,0.0046468400396406,0.0092136347666382,-0.0053654192015528,0.0058188932016491,-0.0018600907642394,-0.0064239664934575,0.0083861490711569,0.0209881737828254,-0.0123822214081883,0.0037305681034922,-0.0123502966016531,-0.0071895821020007,-0.0009473140817135,0.0065790144726634,0.0024654099252074,-0.003496500197798,0.0124858086928725,0.0407095067203044,-0.0057922527194023,-0.0081209251657128,-0.0015034395037218,-0.016418857499957,-0.0071522877551615,0.0015555487480014,0.0009478528518229,0.0053619681857526,0.0098484940826892,-0.0070985690690577,0.0356339365243911,0.0372757203876972,0.0085113616660237,-0.0292606968432664,0.0061052283272147,-0.0390641689300537,0.0042834496125578,-0.0131327882409095,0.0056868614628911,-0.0176862720400095,0.0088354833424091,0.0079698208719491,0.0022771251387894,-0.0293159335851669,-0.0075148600153625,-0.0248163603246212,0.0119739444926381,-0.0029691513627767,-0.006090173497796,0.0239156931638717,-0.0103291347622871,0.0052974391728639,0.0189279969781637,0.0102923009544611,-0.0032985873986035,-0.0199717134237289,0.0088834408670663,0.0014141352148726,0.0037983637303113,-0.0297922473400831,0.0101479217410087,-0.0056519373320043,-0.0132810967043042,0.0068681770935654,0.0044865976087749,-0.0077881915494799,-0.0036076118703931,0.007651547435671,0.0103448014706373,-0.0120178125798702,-0.0044368314556777,0.0105778826400637,-0.0164552461355924,-0.0031243867706507,0.0020913023035973,0.0037240027450025,0.0135651957243681,-0.0169557034969329,0.0049759936518967,-0.0155538637191057,-0.00409762468189,0.0034259669482707,-0.0137151209637522,0.0257711764425039,-0.011298413388431,-0.0115785114467144,0.0010548094287514,0.0100990096107125,0.0094836829230189,0.001556153059937,0.0203549414873123,0.0106153124943375,0.0015345293795689,0.0019696371164172,0.0,0.0361224599182605,0.0042560435831546,0.0182876363396644,-0.0069503276608884,0.0066945543512701,0.0121201612055301,-0.0062369904480874,0.0188021175563335,0.0176056809723377,0.0255863485573686,0.0237549348325081,0.0337274992225993,0.0286851501744669,0.0554371119769376,0.0351875685858247,0.047324323216894,0.0430998440174357,0.1113707549400491,0.0304110903929195,0.1541981593845978,0.0251588302098211,2019-02-04,2019-02-05,2019-02-06,2019-02-07,2019-02-08,2019-02-11,2019-02-12,2019-02-13,2019-02-14,2019-02-15,12366.0,2019-02-01,252.0,5.0071%,0.0012,0.7799,0.349,-0.0381,1.1075%,1.4330%,40.2701%,0.049642,BAH,12366.0,2019-02-04,252.0,1.8802%,0.0012,0.7802,0.3515,-0.0475,1.1078%,1.4361%,40.4895%,0.011236,BAH,12366.0,2019-02-05,252.0,0.6659%,0.0013,0.7726,0.3481,-0.0573,1.1065%,1.4277%,39.9341%,0.0032,BAH,12366.0,2019-02-06,252.0,0.7938%,0.0014,0.7322,0.361,-0.096,1.0974%,1.3913%,37.7822%,0.009613,BAH,12366.0,2019-02-07,252.0,1.5001%,0.0016,0.7466,0.3334,-0.0878,1.0840%,1.3857%,38.7979%,0.0225539999999999,BAH,12366.0,2019-02-08,252.0,0.5912%,0.0015,0.7472,0.2982,-0.1086,1.0574%,1.3667%,40.1389%,0.0043669999999999,BAH,12366.0,2019-02-11,252.0,-1.8182%,0.0013,0.7458,0.269,-0.1251,1.0667%,1.3643%,38.8736%,-0.0210469999999999,BAH,12366.0,2019-02-12,252.0,0.7669%,0.0014,0.7517,0.2585,-0.1202,1.0635%,1.3644%,39.2451%,-0.002841,BAH,12366.0,2019-02-13,252.0,-0.3341%,0.0013,0.7423,0.2716,-0.1196,1.0582%,1.3539%,38.9136%,-0.005617,BAH,12366.0,2019-02-14,252.0,-0.3741%,0.0013,0.7438,0.2686,-0.1167,1.0586%,1.3543%,38.8992%,-0.004388,BAH,12366.0,2019-02-15,252.0,1.0139%,0.0013,0.7401,0.2653,-0.1227,1.0582%,1.3517%,38.7081%,0.0015229999999999,BAH,0.060878,0.064078,0.0736909999999999,0.100612,0.068242
38235,BOOZ ALLEN HAMILTON HOLDING CORP,"Booz Allen Hamilton Q3 EPS $0.72 Beats $0.59 Estimate, Sales $1.66B Beat $1.6B Estimate; Raises Qtr. Dividend From $0.19 To $0.23/Share",6,increase,0.85,0.7,"the company reported better-than-expected earnings and sales, along with an increase in the quarterly dividend, which are likely to positively influence investor sentiment and drive the stock price up.",2,2019-02-01,BAH,2019-02-01 11:46:00+00:00,12366.0,09950210,0.050071220844984,2134543.0,0.0188021175563335,0.0176056809723377,0.0066590271890163,0.0060428651049733,0.0079380450770258,0.0048158159479498,0.0150009226053953,-0.0122026922181248,0.0059116883203387,0.018752621486783,-0.018181849271059,0.0006324853166006,0.0076692826114594,0.0067926063202321,-0.0033413744531571,-0.0100861424580216,-0.0037411293014884,0.0010517297778278,0.0101389586925506,0.0093418778851628,0.0046468400396406,0.0092136347666382,-0.0053654192015528,0.0058188932016491,-0.0018600907642394,-0.0064239664934575,0.0083861490711569,0.0209881737828254,-0.0123822214081883,0.0037305681034922,-0.0123502966016531,-0.0071895821020007,-0.0009473140817135,0.0065790144726634,0.0024654099252074,-0.003496500197798,0.0124858086928725,0.0407095067203044,-0.0057922527194023,-0.0081209251657128,-0.0015034395037218,-0.016418857499957,-0.0071522877551615,0.0015555487480014,0.0009478528518229,0.0053619681857526,0.0098484940826892,-0.0070985690690577,0.0356339365243911,0.0372757203876972,0.0085113616660237,-0.0292606968432664,0.0061052283272147,-0.0390641689300537,0.0042834496125578,-0.0131327882409095,0.0056868614628911,-0.0176862720400095,0.0088354833424091,0.0079698208719491,0.0022771251387894,-0.0293159335851669,-0.0075148600153625,-0.0248163603246212,0.0119739444926381,-0.0029691513627767,-0.006090173497796,0.0239156931638717,-0.0103291347622871,0.0052974391728639,0.0189279969781637,0.0102923009544611,-0.0032985873986035,-0.0199717134237289,0.0088834408670663,0.0014141352148726,0.0037983637303113,-0.0297922473400831,0.0101479217410087,-0.0056519373320043,-0.0132810967043042,0.0068681770935654,0.0044865976087749,-0.0077881915494799,-0.0036076118703931,0.007651547435671,0.0103448014706373,-0.0120178125798702,-0.0044368314556777,0.0105778826400637,-0.0164552461355924,-0.0031243867706507,0.0020913023035973,0.0037240027450025,0.0135651957243681,-0.0169557034969329,0.0049759936518967,-0.0155538637191057,-0.00409762468189,0.0034259669482707,-0.0137151209637522,0.0257711764425039,-0.011298413388431,-0.0115785114467144,0.0010548094287514,0.0100990096107125,0.0094836829230189,0.001556153059937,0.0203549414873123,0.0106153124943375,0.0015345293795689,0.0019696371164172,0.0,0.0361224599182605,0.0042560435831546,0.0182876363396644,-0.0069503276608884,0.0066945543512701,0.0121201612055301,-0.0062369904480874,0.0188021175563335,0.0176056809723377,0.0255863485573686,0.0237549348325081,0.0337274992225993,0.0286851501744669,0.0554371119769376,0.0351875685858247,0.047324323216894,0.0430998440174357,0.1113707549400491,0.0304110903929195,0.1541981593845978,0.0251588302098211,2019-02-04,2019-02-05,2019-02-06,2019-02-07,2019-02-08,2019-02-11,2019-02-12,2019-02-13,2019-02-14,2019-02-15,12366.0,2019-02-01,252.0,5.0071%,0.0012,0.7799,0.349,-0.0381,1.1075%,1.4330%,40.2701%,0.049642,BAH,12366.0,2019-02-04,252.0,1.8802%,0.0012,0.7802,0.3515,-0.0475,1.1078%,1.4361%,40.4895%,0.011236,BAH,12366.0,2019-02-05,252.0,0.6659%,0.0013,0.7726,0.3481,-0.0573,1.1065%,1.4277%,39.9341%,0.0032,BAH,12366.0,2019-02-06,252.0,0.7938%,0.0014,0.7322,0.361,-0.096,1.0974%,1.3913%,37.7822%,0.009613,BAH,12366.0,2019-02-07,252.0,1.5001%,0.0016,0.7466,0.3334,-0.0878,1.0840%,1.3857%,38.7979%,0.0225539999999999,BAH,12366.0,2019-02-08,252.0,0.5912%,0.0015,0.7472,0.2982,-0.1086,1.0574%,1.3667%,40.1389%,0.0043669999999999,BAH,12366.0,2019-02-11,252.0,-1.8182%,0.0013,0.7458,0.269,-0.1251,1.0667%,1.3643%,38.8736%,-0.0210469999999999,BAH,12366.0,2019-02-12,252.0,0.7669%,0.0014,0.7517,0.2585,-0.1202,1.0635%,1.3644%,39.2451%,-0.002841,BAH,12366.0,2019-02-13,252.0,-0.3341%,0.0013,0.7423,0.2716,-0.1196,1.0582%,1.3539%,38.9136%,-0.005617,BAH,12366.0,2019-02-14,252.0,-0.3741%,0.0013,0.7438,0.2686,-0.1167,1.0586%,1.3543%,38.8992%,-0.004388,BAH,12366.0,2019-02-15,252.0,1.0139%,0.0013,0.7401,0.2653,-0.1227,1.0582%,1.3517%,38.7081%,0.0015229999999999,BAH,0.060878,0.064078,0.0736909999999999,0.100612,0.068242
38243,BAXTER INTERNATIONAL INC,"Barclays Upgrades Baxter International to Equal-Weight, Raises Price Target to $72",6,increase,0.75,0.6,"upgrading a stock to 'equal-weight' and raising the price target typically signals positive sentiment, which can lead to an increase in the stock price.",2,2019-02-01,BAX,2019-02-01 11:23:00+00:00,27887.0,07181310,-0.0049662105739116,3831600.0,0.0061001311987638,0.0107361497357487,-0.0071654492057859,0.0209252834320068,-0.0038862789515405,0.0011401145020499,-0.0091959880664944,-0.0022750413045287,0.0054844520054757,0.0054325219243764,0.0032168300822377,0.0044514294713735,0.0104558756574988,-0.0002871701435651,0.0026213410310447,-0.0137334503233432,-0.0031649337615817,0.0218459852039814,0.0136664528399705,0.0125988954678177,0.0005447489675134,0.0106603670865297,0.0089832041412591,0.021476075053215,-0.0013489610282704,-0.0103277182206511,0.0087802447378635,-0.0074283168651163,0.0014729594113305,0.0028306734748184,0.0016045293305069,0.017123881727457,0.0021358432713896,-0.0027202707715332,-0.001998086227104,-0.0049624335952103,0.0148533778265118,0.0313274897634983,-0.0048786280676722,-0.012557421810925,0.0031800433062016,-0.0079002836719155,-0.01294407248497,0.0093544032424688,-0.0001338436413789,-0.0053385980427265,-0.0078961988911032,0.0222984626889228,0.0133549915626645,0.0436126366257667,0.0074547063559293,-0.0230524763464927,0.0092494310811162,0.0035099110100418,0.0017020802479237,-0.0213895812630653,0.005620184354484,-0.0162801034748554,0.0001298999995924,0.0143324211239814,0.0083170812577009,-0.0229831747710704,-0.0052841352298855,-0.0186706501990556,0.0164549965411424,-0.0007463141810148,-0.0154238259419798,0.0122374603524804,0.0050491895526647,0.0108429910615086,0.0150715680792927,0.0070748496800661,0.0036801176611334,-0.0265010371804237,0.0075863716192543,-0.0069878264330327,0.0203287117183208,-0.02803460881114,0.0056573497131466,0.0094820400699973,-0.002812715480104,0.0105852168053388,-0.0082168038934469,-0.0043911454267799,-0.0039569642394781,0.035779271274805,0.0014896972570568,-0.0003031868836842,-0.0125200757756829,0.0077898600138723,0.0051468242891132,-0.0009155739098787,0.0011240660678595,0.0210345666855573,-0.0041167889721691,-0.012919045984745,-0.0063886023126542,-0.0224027279764413,0.0036560881417244,0.0103296414017677,-0.0249968320131301,0.0313332267105579,-0.0416130274534225,0.0126924170181155,-0.0008065272122621,0.0238790996372699,0.0123772118240594,-0.0302457176148891,0.0144850015640258,-0.0061061438173055,-0.000785925600212,0.0058267549611628,-0.0003932718827854,0.0011035739444196,-0.00091802875977,0.0148800052702426,-0.0087949354201555,0.005146344192326,0.0104622021317482,-0.0141112953424453,0.0061001311987638,0.0107361497357487,-0.0011090281872755,0.0318860901439446,-0.0049909971459152,0.0330625584397814,-0.0087341921755226,0.0363116656082183,0.0180230568628712,0.0619688788739707,0.0695361725781911,0.1293035555987969,0.0605018390825393,0.1525435043366836,2019-02-04,2019-02-05,2019-02-06,2019-02-07,2019-02-08,2019-02-11,2019-02-12,2019-02-13,2019-02-14,2019-02-15,27887.0,2019-02-01,252.0,-0.4966%,0.0001,0.8497,-0.2593,-0.2719,1.0618%,1.4852%,48.8908%,-0.005442,BAX,27887.0,2019-02-04,252.0,0.6100%,0.0002,0.8549,-0.2485,-0.248,1.0472%,1.4742%,49.5400%,-0.000124,BAX,27887.0,2019-02-05,252.0,-0.7165%,0.0002,0.8527,-0.2446,-0.2416,1.0502%,1.4694%,48.9194%,-0.0126279999999999,BAX,27887.0,2019-02-06,252.0,-0.3886%,0.0002,0.8362,-0.2392,-0.2582,1.0484%,1.4424%,47.1724%,-0.001966,BAX,27887.0,2019-02-07,252.0,-0.9196%,0.0002,0.8355,-0.2379,-0.2586,1.0484%,1.4397%,46.9732%,-0.000824,BAX,27887.0,2019-02-08,252.0,0.5484%,0.0002,0.8347,-0.2275,-0.2552,1.0457%,1.4359%,46.9643%,0.002967,BAX,27887.0,2019-02-11,252.0,0.3217%,0.0003,0.8194,-0.2078,-0.2526,1.0430%,1.4061%,44.9757%,0.004037,BAX,27887.0,2019-02-12,252.0,1.0456%,0.0002,0.8094,-0.1961,-0.2598,1.0383%,1.3969%,44.7475%,-0.0011749999999999,BAX,27887.0,2019-02-13,252.0,0.2621%,0.0003,0.8104,-0.1978,-0.26,1.0382%,1.3954%,44.6458%,0.000555,BAX,27887.0,2019-02-14,252.0,-0.3165%,0.0003,0.8116,-0.1988,-0.26,1.0368%,1.3951%,44.7723%,-0.002042,BAX,27887.0,2019-02-15,252.0,1.3666%,0.0003,0.8065,-0.2027,-0.2674,1.0352%,1.3912%,44.6291%,0.006141,BAX,-0.005566,-0.018194,-0.0201599999999999,-0.0180169999999999,-0.0105009999999999
38251,BAIDU INC,Uxin 13G Filing From Baidu Shows 9.1% Stake,6,increase,0.7,0.5,baidu's acquisition of a 9.1% stake in uxin may be viewed positively by investors as it indicates confidence in uxin's potential and could signal future growth opportunities for baidu.,2,2019-02-01,BIDU,2019-02-01 11:41:00+00:00,90857.0,05675210,-0.0078781237825751,2050860.0,0.015589409507811,0.0194284189492464,0.0131654208526015,0.0246263202279806,-0.0135050201788544,-0.0133134070783853,-0.0130572570487856,0.0023937395308166,-0.0097913974896073,0.0270436946302652,-0.0108298789709806,-0.0034300966653972,0.0130310747772455,0.0178938526660203,0.0209692064672708,-0.0640172809362411,0.0014957685489207,0.019332580268383,-0.0230928547680378,-0.0096612628549337,0.0140538597479462,0.0108378930017352,-0.0073644784279167,0.0300557799637317,0.0036803651601076,-0.0185419414192438,-0.0270065739750862,-0.0133056454360485,-0.0129807870835065,0.0102616818621754,-0.0183030553162097,0.019828675314784,0.0011729993857443,0.0049199741333723,0.0022815263364464,0.0102516878396272,-0.0027685305103659,0.0403334610164165,-0.0072182011790573,-0.0464714542031288,0.0423813536763191,0.0230138320475816,0.014904017560184,-0.0220138877630233,-0.0265507753938436,0.0036514191888272,-0.0124909924343228,-0.0089548053219914,0.0202261712402105,0.0376781970262527,0.0001796764408936,-0.0019057493191212,0.0070662475191056,-0.0183337647467851,-0.0025568928103894,-0.0130477296188473,0.0163347460329532,-0.0306067951023578,0.0040474100969731,-0.0132462028414011,-0.0025705581065267,-0.0432578176259994,-0.0032800186891108,-0.013118403032422,0.009402398020029,0.0008344583911821,-0.029341610148549,0.0163980424404144,0.0008997130789794,-0.0131137883290648,0.0019174979534,-0.0020049042068421,-0.0174043290317058,-0.0063087958842515,-0.0010955790057778,-0.0107303550466895,0.0045092040672898,-0.0453143678605556,0.0336668938398361,0.0161992944777011,0.003403766779229,0.0276170596480369,0.0229851920157671,-0.0277011319994926,0.0241267010569572,0.0309098381549119,0.0135097308084368,-0.0129597121849656,0.0177361667156219,0.0141284801065921,-0.0204037670046091,-0.0072845686227083,-0.0218784902244806,0.0364548191428184,-0.0329868756234645,-0.030640672892332,0.0110397161915898,-0.0206472352147102,-0.0255358386784791,-0.0077490932308137,0.0095452694222331,0.0181022696197032,0.0002936519449576,0.0093814842402935,0.0040509742684662,0.016128160059452,-0.0096480473875999,-0.0180680677294731,0.0231445841491222,-0.0254574548453092,-0.0230249315500259,-0.0351056791841983,-0.0080922050401568,0.0154333878308534,-0.0107782864943146,0.0097067328169941,-0.0016252649948,-0.0210591498762369,0.0022911643609404,-0.0336526483297348,0.015589409507811,0.0194284189492464,0.0289600714974265,0.0445331896437946,0.0150639449686182,0.0306268940831824,-0.007999125743264,0.0610326236324592,-0.0070649065613453,0.0169661533672227,-0.0005839054070679,0.0163075648695802,-0.0294272655763986,-0.1431478531806449,2019-02-04,2019-02-05,2019-02-06,2019-02-07,2019-02-08,2019-02-11,2019-02-12,2019-02-13,2019-02-14,2019-02-15,90857.0,2019-02-01,252.0,-0.7878%,-0.0013,1.1692,0.0663,-0.4587,1.7444%,2.2701%,40.9507%,-0.007584,BIDU,90857.0,2019-02-04,252.0,1.5589%,-0.0012,1.1747,0.0789,-0.4402,1.7389%,2.2671%,41.1682%,0.0046429999999999,BIDU,90857.0,2019-02-05,252.0,1.3165%,-0.0012,1.1696,0.0747,-0.4504,1.7390%,2.2611%,40.8488%,0.005436,BIDU,90857.0,2019-02-06,252.0,-1.3505%,-0.0012,1.19,0.0683,-0.4315,1.7385%,2.2531%,40.4636%,-0.010709,BIDU,90857.0,2019-02-07,252.0,-1.3057%,-0.0012,1.1919,0.0654,-0.431,1.7383%,2.2521%,40.4226%,-0.000319,BIDU,90857.0,2019-02-08,252.0,-0.9791%,-0.0012,1.1935,0.0877,-0.4095,1.7350%,2.2466%,40.3584%,-0.013971,BIDU,90857.0,2019-02-11,252.0,-1.0830%,-0.0012,1.1909,0.0752,-0.4176,1.7363%,2.2285%,39.2932%,-0.012238,BIDU,90857.0,2019-02-12,252.0,1.3031%,-0.0012,1.1877,0.0774,-0.4196,1.7363%,2.2274%,39.2338%,-0.003991,BIDU,90857.0,2019-02-13,252.0,2.0969%,-0.0012,1.1851,0.0894,-0.4129,1.7389%,2.2244%,38.8910%,0.0177909999999999,BIDU,90857.0,2019-02-14,252.0,0.1496%,-0.0013,1.1836,0.0901,-0.4121,1.7366%,2.2213%,38.8835%,0.0010249999999999,BIDU,90857.0,2019-02-15,252.0,-2.3093%,-0.0015,1.1359,0.0436,-0.4944,1.7377%,2.2063%,37.9646%,-0.034815,BIDU,-0.002941,0.002495,-0.0082139999999999,-0.022504,-0.054732
38259,ANHEUSER BUSCH INBEV SA NV,Hearing AnheuserBusch Will Hire Bank For Asia Unit IPO,6,increase,0.7,0.6,"the news of anheuser-busch hiring a bank for an ipo suggests potential growth and expansion, which could positively influence investor sentiment and increase the stock price.",2,2019-02-01,BUD,2019-02-01 20:45:00+00:00,93013.0,03524A10,0.0052327825687825,1400898.0,0.0074181072413921,0.0200160127133131,0.0187313891947269,0.0128396349027752,-0.0071011609397828,0.0042073503136634,-0.017879968509078,-0.0157627612352371,-0.0097529254853725,0.0082154963165521,0.0028890508692711,0.0046001398004591,-0.000261938868789,0.0055782808922231,0.0182056240737438,-0.0020366804674267,-0.0236685927957296,0.0232008621096611,0.0235836748033762,0.0209929551929235,-0.0074655916541814,-0.0278543401509523,0.0073920334689319,-0.0001379034365527,-0.0023172027431428,-0.0162756610661745,-0.0317419245839119,0.0419728830456733,-0.0023987246677279,0.0074032503180205,0.004541762638837,-0.0072085107676684,-0.0063829221762716,0.0194524265825748,0.0460385754704475,0.0044869766570627,0.0486181564629077,0.0401987098157405,-0.0021961969323456,0.0077377404086291,0.0051357075572013,0.0015196186723187,-0.0008515778463333,-0.0009109638049267,-0.0215511582791805,-0.0064856754615902,0.0027376955840736,-0.0094127785414457,0.0027302210219204,0.0229252632707357,-0.0012376992963254,-0.0144599955528974,0.0003718266380019,-0.0205075163394212,-0.0133779486641287,-0.0148256430402398,0.0200878642499446,0.0007273171213455,0.0100923040881753,0.0076212314888834,0.0219325330108404,-0.0210902970284223,-0.0052462434396147,-0.0224404782056808,0.005873161368072,-0.0040507516823709,-0.0378932356834411,0.0173368416726589,-0.0048303119838237,-0.0025513861328363,0.0209085289388895,-0.0031085715163499,0.0052419882267713,-0.0207555014640092,0.0029104761779308,-0.0269287750124931,0.0153567632660269,-0.0212177205830812,-0.0039299968630075,-0.0128789572045207,0.0064562521874904,-0.0047902008518576,-0.0039201928302645,0.0022057632450014,0.0135956993326544,0.0140789430588483,0.0156489219516515,-0.002553243888542,-0.0030120729934424,0.0124736987054348,0.0042993579991161,-0.0049646883271634,0.0092560807242989,0.0059141097590327,0.0084832953289151,-0.0282248612493276,0.0064794779755175,-0.0069752116687595,0.0064377645030617,0.0209762398153543,-0.0043766060844063,0.0082246074452996,-0.0043958453461527,0.0463051423430442,0.0184534955769777,0.0001366412179777,-0.0040017855353653,-0.0190298277884721,-0.003906233003363,0.0001340589224128,-0.0116526717320084,-0.0264874584972858,-0.0177984330803155,0.0094836829230189,0.0108495205640792,-0.0006581947091035,0.0049098003655672,-0.0070579126477241,0.0105669843032956,-0.0022169819567352,0.0074181072413921,0.0200160127133131,0.0262884478899458,0.0331126459115367,0.0190006084508393,0.0374593127263622,-0.0089796319781001,0.0294949826039427,0.0110620259870419,0.0842553532651624,0.0680635518255654,0.1203282819729956,0.1574701485023038,0.0088472670537882,2019-02-04,2019-02-05,2019-02-06,2019-02-07,2019-02-08,2019-02-11,2019-02-12,2019-02-13,2019-02-14,2019-02-15,93013.0,2019-02-01,252.0,0.5233%,-0.0013,0.5653,-0.0145,0.0559,1.3815%,1.5172%,17.0887%,0.0040939999999999,BUD,93013.0,2019-02-04,252.0,0.7418%,-0.0013,0.565,-0.014,0.0498,1.3812%,1.5175%,17.1580%,0.003575,BUD,93013.0,2019-02-05,252.0,1.8731%,-0.0012,0.5586,-0.0226,0.0305,1.3850%,1.5179%,16.7423%,0.016489,BUD,93013.0,2019-02-06,252.0,-0.7101%,-0.0011,0.526,-0.0121,-0.0022,1.3797%,1.4953%,14.8525%,-0.005996,BUD,93013.0,2019-02-07,252.0,-1.7880%,-0.0012,0.5228,-0.0027,-0.0061,1.3801%,1.4939%,14.6564%,-0.013095,BUD,93013.0,2019-02-08,252.0,-0.9753%,-0.0012,0.524,0.0124,0.0088,1.3783%,1.4914%,14.5832%,-0.010364,BUD,93013.0,2019-02-11,252.0,0.2889%,-0.0012,0.5084,0.0314,0.0109,1.3762%,1.4784%,13.3428%,0.001954,BUD,93013.0,2019-02-12,252.0,-0.0262%,-0.0011,0.5111,0.0235,0.0137,1.3753%,1.4782%,13.4410%,-0.007264,BUD,93013.0,2019-02-13,252.0,1.8206%,-0.0011,0.5117,0.0297,0.0191,1.3796%,1.4815%,13.2839%,0.016651,BUD,93013.0,2019-02-14,252.0,-2.3669%,-0.0011,0.5171,0.018,0.0313,1.3860%,1.4883%,13.2762%,-0.0227369999999999,BUD,93013.0,2019-02-15,252.0,2.3584%,-0.001,0.5321,0.0335,0.0583,1.3907%,1.4960%,13.5868%,0.017445,BUD,0.007669,0.024158,0.0181619999999999,-0.005297,0.0007519999999999
38267,CIGNA GROUP,Cigna Corp CRO Says Proposed Rebate Rule Will Not Have A Meaningful Impact On Our Growth Or Earnings Trajectory,6,uncertain,0.6,0.2,"while the statement suggests that the proposed rebate rule will not significantly impact cigna's growth or earnings, the overall market reaction to regulatory changes can be unpredictable, leading to uncertainty in stock price movement.",1,2019-02-01,CI,2019-02-01 14:08:00+00:00,64186.0,12552310,-0.0287773385643959,5566739.0,-0.0102545106783509,5.002255420549773e-05,-0.0292602181434631,0.0071072317659854,0.0055242627859115,0.0169673860073089,-0.008107473142445,-0.0061136996373534,-0.0246827881783247,0.0166260488331317,0.0083806822076439,-0.0195510406047105,0.0121930986642837,0.0198881104588508,0.0198790412396192,-0.0089821899309754,0.0181143973022699,0.0016966675175353,0.029393371194601,-0.0113353114575147,0.0020720860920846,0.0009157602326013,-0.0209804493933916,0.0234313979744911,-0.0115907685831189,-0.0134079959243536,0.0099025862291455,0.0150172328576445,-0.0110956756398081,0.0075124381110072,-0.0181087646633386,0.0022114117164164,-0.0394897311925888,0.0183913819491863,-0.0347498841583728,-0.0116063514724373,0.0218413062393665,0.0168130360543727,-0.0368583872914314,-0.0085483295843005,-0.0091448752209544,-0.0144797815009951,-0.0305684376507997,-0.0038289837539196,-0.0066703418269753,-0.0111001580953598,-0.0038459079805761,0.027500869706273,0.0030035888776183,0.0540419667959213,0.004094592295587,-0.0181467644870281,0.0225197616964578,0.0083426022902131,0.0092856995761394,-0.0698396265506744,-0.0183415934443473,0.0064563443884253,0.003965176641941,-0.0332226231694221,0.0339297354221344,-0.0326726958155632,-0.0284176617860794,-0.0310450661927461,0.0059569906443357,0.0205113124102354,-0.0164623614400625,0.0084976209327578,-0.0139682833105325,-0.00067934487015,-0.0185015499591827,-0.0001455474266549,-0.0059102410450577,-0.038172535598278,-0.0006257641362026,-0.0162963792681694,0.0070762406103312,-0.0311332512646913,0.0065289624035358,0.0065359091386199,-0.0200778413563966,0.0038648238405585,0.0023956934455782,0.0036081681028008,0.0155974570661783,0.0226937178522348,0.0287961941212415,0.0024043105076998,0.0076445494778454,0.0242469925433397,0.0103345941752195,0.0069142952561378,-0.0054987757466733,0.009288708679378,-0.0249108355492353,-0.0161466151475906,-0.0207913443446159,-0.011837912723422,0.0200498197227716,0.0043232995085418,-0.0780125334858894,0.0021191285923123,-0.0367451533675193,-0.0032855994068086,0.0241253301501274,-0.0200993251055479,-0.0067784865386784,-0.001056722830981,0.0393945649266243,-0.0128804547712206,0.0026004023384302,0.0009079495794139,0.0167941655963659,0.0282393004745245,0.0263376384973526,-0.0058468421921134,-0.0016776703996583,0.0111199505627155,-0.0113898171111941,-0.0145644256845116,-0.0102545106783509,5.002255420549773e-05,-0.039214679602411,0.0071576098420773,-0.0339070490116886,0.0242464417784664,-0.0653921596030576,0.0349095667982182,0.0196330926885273,0.0156559847534982,-0.1386634243234952,0.0057887513828007,-0.1812895811225716,-0.0761512935680738,2019-02-04,2019-02-05,2019-02-06,2019-02-07,2019-02-08,2019-02-11,2019-02-12,2019-02-13,2019-02-14,2019-02-15,64186.0,2019-02-01,252.0,-2.8777%,-0.0001,0.7755,-0.149,-0.0279,1.4052%,1.6618%,28.4982%,-0.030126,CI,64186.0,2019-02-04,252.0,-1.0255%,-0.0001,0.7755,-0.152,-0.0119,1.4049%,1.6600%,28.3793%,-0.0153509999999999,CI,64186.0,2019-02-05,252.0,-2.9260%,-0.0003,0.7881,-0.1358,0.0245,1.4170%,1.6701%,28.0105%,-0.032888,CI,64186.0,2019-02-06,252.0,0.5524%,-0.0002,0.7769,-0.1323,0.0144,1.4172%,1.6520%,26.4085%,0.007127,CI,64186.0,2019-02-07,252.0,-0.8107%,-0.0002,0.7815,-0.1378,0.0149,1.4164%,1.6523%,26.5193%,-0.00121,CI,64186.0,2019-02-08,252.0,-2.4683%,-0.0003,0.7857,-0.1255,0.0403,1.4245%,1.6582%,26.2078%,-0.0253149999999999,CI,64186.0,2019-02-11,252.0,0.8381%,-0.0002,0.785,-0.1138,0.0463,1.4253%,1.6471%,25.1186%,0.007916,CI,64186.0,2019-02-12,252.0,1.2193%,-0.0003,0.7786,-0.1042,0.0413,1.4231%,1.6421%,24.8870%,0.0015179999999999,CI,64186.0,2019-02-13,252.0,1.9879%,-0.0002,0.7867,-0.1107,0.0445,1.4256%,1.6468%,25.0624%,0.017633,CI,64186.0,2019-02-14,252.0,1.8114%,-0.0001,0.7814,-0.0998,0.0334,1.4307%,1.6496%,24.7801%,0.0204999999999999,CI,64186.0,2019-02-15,252.0,2.9393%,0.0,0.8044,-0.0768,0.0737,1.4346%,1.6599%,25.3035%,0.020553,CI,-0.045477,-0.0783649999999999,-0.071238,-0.0977629999999999,-0.0296429999999999
38275,CIGNA GROUP,Cigna shares are trading lower after the company said it expects 2019 EPS of $16.00 to $16.50 versus the $16.75 analyst estimate.,6,decrease,0.8,0.6,"cigna's lower-than-expected eps guidance suggests weaker financial performance, likely leading to a decrease in stock price.",0,2019-02-01,CI,2019-02-01 13:43:00+00:00,64186.0,12552310,-0.0287773385643959,5566739.0,-0.0102545106783509,5.002255420549773e-05,-0.0292602181434631,0.0071072317659854,0.0055242627859115,0.0169673860073089,-0.008107473142445,-0.0061136996373534,-0.0246827881783247,0.0166260488331317,0.0083806822076439,-0.0195510406047105,0.0121930986642837,0.0198881104588508,0.0198790412396192,-0.0089821899309754,0.0181143973022699,0.0016966675175353,0.029393371194601,-0.0113353114575147,0.0020720860920846,0.0009157602326013,-0.0209804493933916,0.0234313979744911,-0.0115907685831189,-0.0134079959243536,0.0099025862291455,0.0150172328576445,-0.0110956756398081,0.0075124381110072,-0.0181087646633386,0.0022114117164164,-0.0394897311925888,0.0183913819491863,-0.0347498841583728,-0.0116063514724373,0.0218413062393665,0.0168130360543727,-0.0368583872914314,-0.0085483295843005,-0.0091448752209544,-0.0144797815009951,-0.0305684376507997,-0.0038289837539196,-0.0066703418269753,-0.0111001580953598,-0.0038459079805761,0.027500869706273,0.0030035888776183,0.0540419667959213,0.004094592295587,-0.0181467644870281,0.0225197616964578,0.0083426022902131,0.0092856995761394,-0.0698396265506744,-0.0183415934443473,0.0064563443884253,0.003965176641941,-0.0332226231694221,0.0339297354221344,-0.0326726958155632,-0.0284176617860794,-0.0310450661927461,0.0059569906443357,0.0205113124102354,-0.0164623614400625,0.0084976209327578,-0.0139682833105325,-0.00067934487015,-0.0185015499591827,-0.0001455474266549,-0.0059102410450577,-0.038172535598278,-0.0006257641362026,-0.0162963792681694,0.0070762406103312,-0.0311332512646913,0.0065289624035358,0.0065359091386199,-0.0200778413563966,0.0038648238405585,0.0023956934455782,0.0036081681028008,0.0155974570661783,0.0226937178522348,0.0287961941212415,0.0024043105076998,0.0076445494778454,0.0242469925433397,0.0103345941752195,0.0069142952561378,-0.0054987757466733,0.009288708679378,-0.0249108355492353,-0.0161466151475906,-0.0207913443446159,-0.011837912723422,0.0200498197227716,0.0043232995085418,-0.0780125334858894,0.0021191285923123,-0.0367451533675193,-0.0032855994068086,0.0241253301501274,-0.0200993251055479,-0.0067784865386784,-0.001056722830981,0.0393945649266243,-0.0128804547712206,0.0026004023384302,0.0009079495794139,0.0167941655963659,0.0282393004745245,0.0263376384973526,-0.0058468421921134,-0.0016776703996583,0.0111199505627155,-0.0113898171111941,-0.0145644256845116,-0.0102545106783509,5.002255420549773e-05,-0.039214679602411,0.0071576098420773,-0.0339070490116886,0.0242464417784664,-0.0653921596030576,0.0349095667982182,0.0196330926885273,0.0156559847534982,-0.1386634243234952,0.0057887513828007,-0.1812895811225716,-0.0761512935680738,2019-02-04,2019-02-05,2019-02-06,2019-02-07,2019-02-08,2019-02-11,2019-02-12,2019-02-13,2019-02-14,2019-02-15,64186.0,2019-02-01,252.0,-2.8777%,-0.0001,0.7755,-0.149,-0.0279,1.4052%,1.6618%,28.4982%,-0.030126,CI,64186.0,2019-02-04,252.0,-1.0255%,-0.0001,0.7755,-0.152,-0.0119,1.4049%,1.6600%,28.3793%,-0.0153509999999999,CI,64186.0,2019-02-05,252.0,-2.9260%,-0.0003,0.7881,-0.1358,0.0245,1.4170%,1.6701%,28.0105%,-0.032888,CI,64186.0,2019-02-06,252.0,0.5524%,-0.0002,0.7769,-0.1323,0.0144,1.4172%,1.6520%,26.4085%,0.007127,CI,64186.0,2019-02-07,252.0,-0.8107%,-0.0002,0.7815,-0.1378,0.0149,1.4164%,1.6523%,26.5193%,-0.00121,CI,64186.0,2019-02-08,252.0,-2.4683%,-0.0003,0.7857,-0.1255,0.0403,1.4245%,1.6582%,26.2078%,-0.0253149999999999,CI,64186.0,2019-02-11,252.0,0.8381%,-0.0002,0.785,-0.1138,0.0463,1.4253%,1.6471%,25.1186%,0.007916,CI,64186.0,2019-02-12,252.0,1.2193%,-0.0003,0.7786,-0.1042,0.0413,1.4231%,1.6421%,24.8870%,0.0015179999999999,CI,64186.0,2019-02-13,252.0,1.9879%,-0.0002,0.7867,-0.1107,0.0445,1.4256%,1.6468%,25.0624%,0.017633,CI,64186.0,2019-02-14,252.0,1.8114%,-0.0001,0.7814,-0.0998,0.0334,1.4307%,1.6496%,24.7801%,0.0204999999999999,CI,64186.0,2019-02-15,252.0,2.9393%,0.0,0.8044,-0.0768,0.0737,1.4346%,1.6599%,25.3035%,0.020553,CI,-0.045477,-0.0783649999999999,-0.071238,-0.0977629999999999,-0.0296429999999999
38283,CIGNA GROUP,"Cigna Sees FY19 Adj. EPS $16-$16.50 vs $16.75 Estimate, Sales $131.5B-$133.5B vs $133.4B Est.",6,decrease,0.75,0.6,"cigna's adjusted eps and sales guidance both fell short of analyst estimates, which is likely to negatively impact investor sentiment and lead to a decrease in stock price.",0,2019-02-01,CI,2019-02-01 11:04:00+00:00,64186.0,12552310,-0.0287773385643959,5566739.0,-0.0102545106783509,5.002255420549773e-05,-0.0292602181434631,0.0071072317659854,0.0055242627859115,0.0169673860073089,-0.008107473142445,-0.0061136996373534,-0.0246827881783247,0.0166260488331317,0.0083806822076439,-0.0195510406047105,0.0121930986642837,0.0198881104588508,0.0198790412396192,-0.0089821899309754,0.0181143973022699,0.0016966675175353,0.029393371194601,-0.0113353114575147,0.0020720860920846,0.0009157602326013,-0.0209804493933916,0.0234313979744911,-0.0115907685831189,-0.0134079959243536,0.0099025862291455,0.0150172328576445,-0.0110956756398081,0.0075124381110072,-0.0181087646633386,0.0022114117164164,-0.0394897311925888,0.0183913819491863,-0.0347498841583728,-0.0116063514724373,0.0218413062393665,0.0168130360543727,-0.0368583872914314,-0.0085483295843005,-0.0091448752209544,-0.0144797815009951,-0.0305684376507997,-0.0038289837539196,-0.0066703418269753,-0.0111001580953598,-0.0038459079805761,0.027500869706273,0.0030035888776183,0.0540419667959213,0.004094592295587,-0.0181467644870281,0.0225197616964578,0.0083426022902131,0.0092856995761394,-0.0698396265506744,-0.0183415934443473,0.0064563443884253,0.003965176641941,-0.0332226231694221,0.0339297354221344,-0.0326726958155632,-0.0284176617860794,-0.0310450661927461,0.0059569906443357,0.0205113124102354,-0.0164623614400625,0.0084976209327578,-0.0139682833105325,-0.00067934487015,-0.0185015499591827,-0.0001455474266549,-0.0059102410450577,-0.038172535598278,-0.0006257641362026,-0.0162963792681694,0.0070762406103312,-0.0311332512646913,0.0065289624035358,0.0065359091386199,-0.0200778413563966,0.0038648238405585,0.0023956934455782,0.0036081681028008,0.0155974570661783,0.0226937178522348,0.0287961941212415,0.0024043105076998,0.0076445494778454,0.0242469925433397,0.0103345941752195,0.0069142952561378,-0.0054987757466733,0.009288708679378,-0.0249108355492353,-0.0161466151475906,-0.0207913443446159,-0.011837912723422,0.0200498197227716,0.0043232995085418,-0.0780125334858894,0.0021191285923123,-0.0367451533675193,-0.0032855994068086,0.0241253301501274,-0.0200993251055479,-0.0067784865386784,-0.001056722830981,0.0393945649266243,-0.0128804547712206,0.0026004023384302,0.0009079495794139,0.0167941655963659,0.0282393004745245,0.0263376384973526,-0.0058468421921134,-0.0016776703996583,0.0111199505627155,-0.0113898171111941,-0.0145644256845116,-0.0102545106783509,5.002255420549773e-05,-0.039214679602411,0.0071576098420773,-0.0339070490116886,0.0242464417784664,-0.0653921596030576,0.0349095667982182,0.0196330926885273,0.0156559847534982,-0.1386634243234952,0.0057887513828007,-0.1812895811225716,-0.0761512935680738,2019-02-04,2019-02-05,2019-02-06,2019-02-07,2019-02-08,2019-02-11,2019-02-12,2019-02-13,2019-02-14,2019-02-15,64186.0,2019-02-01,252.0,-2.8777%,-0.0001,0.7755,-0.149,-0.0279,1.4052%,1.6618%,28.4982%,-0.030126,CI,64186.0,2019-02-04,252.0,-1.0255%,-0.0001,0.7755,-0.152,-0.0119,1.4049%,1.6600%,28.3793%,-0.0153509999999999,CI,64186.0,2019-02-05,252.0,-2.9260%,-0.0003,0.7881,-0.1358,0.0245,1.4170%,1.6701%,28.0105%,-0.032888,CI,64186.0,2019-02-06,252.0,0.5524%,-0.0002,0.7769,-0.1323,0.0144,1.4172%,1.6520%,26.4085%,0.007127,CI,64186.0,2019-02-07,252.0,-0.8107%,-0.0002,0.7815,-0.1378,0.0149,1.4164%,1.6523%,26.5193%,-0.00121,CI,64186.0,2019-02-08,252.0,-2.4683%,-0.0003,0.7857,-0.1255,0.0403,1.4245%,1.6582%,26.2078%,-0.0253149999999999,CI,64186.0,2019-02-11,252.0,0.8381%,-0.0002,0.785,-0.1138,0.0463,1.4253%,1.6471%,25.1186%,0.007916,CI,64186.0,2019-02-12,252.0,1.2193%,-0.0003,0.7786,-0.1042,0.0413,1.4231%,1.6421%,24.8870%,0.0015179999999999,CI,64186.0,2019-02-13,252.0,1.9879%,-0.0002,0.7867,-0.1107,0.0445,1.4256%,1.6468%,25.0624%,0.017633,CI,64186.0,2019-02-14,252.0,1.8114%,-0.0001,0.7814,-0.0998,0.0334,1.4307%,1.6496%,24.7801%,0.0204999999999999,CI,64186.0,2019-02-15,252.0,2.9393%,0.0,0.8044,-0.0768,0.0737,1.4346%,1.6599%,25.3035%,0.020553,CI,-0.045477,-0.0783649999999999,-0.071238,-0.0977629999999999,-0.0296429999999999
38291,CIGNA GROUP,"Cigna Q4 EPS $2.46 Beats $2.39 Estimate, Sales $13.751B May Not Compare To $11.63B Estimate",6,increase,0.7,0.6,"cigna's earnings per share (eps) beat estimates, which is generally viewed positively by investors, although the sales figure fell short of expectations.",2,2019-02-01,CI,2019-02-01 11:03:00+00:00,64186.0,12552310,-0.0287773385643959,5566739.0,-0.0102545106783509,5.002255420549773e-05,-0.0292602181434631,0.0071072317659854,0.0055242627859115,0.0169673860073089,-0.008107473142445,-0.0061136996373534,-0.0246827881783247,0.0166260488331317,0.0083806822076439,-0.0195510406047105,0.0121930986642837,0.0198881104588508,0.0198790412396192,-0.0089821899309754,0.0181143973022699,0.0016966675175353,0.029393371194601,-0.0113353114575147,0.0020720860920846,0.0009157602326013,-0.0209804493933916,0.0234313979744911,-0.0115907685831189,-0.0134079959243536,0.0099025862291455,0.0150172328576445,-0.0110956756398081,0.0075124381110072,-0.0181087646633386,0.0022114117164164,-0.0394897311925888,0.0183913819491863,-0.0347498841583728,-0.0116063514724373,0.0218413062393665,0.0168130360543727,-0.0368583872914314,-0.0085483295843005,-0.0091448752209544,-0.0144797815009951,-0.0305684376507997,-0.0038289837539196,-0.0066703418269753,-0.0111001580953598,-0.0038459079805761,0.027500869706273,0.0030035888776183,0.0540419667959213,0.004094592295587,-0.0181467644870281,0.0225197616964578,0.0083426022902131,0.0092856995761394,-0.0698396265506744,-0.0183415934443473,0.0064563443884253,0.003965176641941,-0.0332226231694221,0.0339297354221344,-0.0326726958155632,-0.0284176617860794,-0.0310450661927461,0.0059569906443357,0.0205113124102354,-0.0164623614400625,0.0084976209327578,-0.0139682833105325,-0.00067934487015,-0.0185015499591827,-0.0001455474266549,-0.0059102410450577,-0.038172535598278,-0.0006257641362026,-0.0162963792681694,0.0070762406103312,-0.0311332512646913,0.0065289624035358,0.0065359091386199,-0.0200778413563966,0.0038648238405585,0.0023956934455782,0.0036081681028008,0.0155974570661783,0.0226937178522348,0.0287961941212415,0.0024043105076998,0.0076445494778454,0.0242469925433397,0.0103345941752195,0.0069142952561378,-0.0054987757466733,0.009288708679378,-0.0249108355492353,-0.0161466151475906,-0.0207913443446159,-0.011837912723422,0.0200498197227716,0.0043232995085418,-0.0780125334858894,0.0021191285923123,-0.0367451533675193,-0.0032855994068086,0.0241253301501274,-0.0200993251055479,-0.0067784865386784,-0.001056722830981,0.0393945649266243,-0.0128804547712206,0.0026004023384302,0.0009079495794139,0.0167941655963659,0.0282393004745245,0.0263376384973526,-0.0058468421921134,-0.0016776703996583,0.0111199505627155,-0.0113898171111941,-0.0145644256845116,-0.0102545106783509,5.002255420549773e-05,-0.039214679602411,0.0071576098420773,-0.0339070490116886,0.0242464417784664,-0.0653921596030576,0.0349095667982182,0.0196330926885273,0.0156559847534982,-0.1386634243234952,0.0057887513828007,-0.1812895811225716,-0.0761512935680738,2019-02-04,2019-02-05,2019-02-06,2019-02-07,2019-02-08,2019-02-11,2019-02-12,2019-02-13,2019-02-14,2019-02-15,64186.0,2019-02-01,252.0,-2.8777%,-0.0001,0.7755,-0.149,-0.0279,1.4052%,1.6618%,28.4982%,-0.030126,CI,64186.0,2019-02-04,252.0,-1.0255%,-0.0001,0.7755,-0.152,-0.0119,1.4049%,1.6600%,28.3793%,-0.0153509999999999,CI,64186.0,2019-02-05,252.0,-2.9260%,-0.0003,0.7881,-0.1358,0.0245,1.4170%,1.6701%,28.0105%,-0.032888,CI,64186.0,2019-02-06,252.0,0.5524%,-0.0002,0.7769,-0.1323,0.0144,1.4172%,1.6520%,26.4085%,0.007127,CI,64186.0,2019-02-07,252.0,-0.8107%,-0.0002,0.7815,-0.1378,0.0149,1.4164%,1.6523%,26.5193%,-0.00121,CI,64186.0,2019-02-08,252.0,-2.4683%,-0.0003,0.7857,-0.1255,0.0403,1.4245%,1.6582%,26.2078%,-0.0253149999999999,CI,64186.0,2019-02-11,252.0,0.8381%,-0.0002,0.785,-0.1138,0.0463,1.4253%,1.6471%,25.1186%,0.007916,CI,64186.0,2019-02-12,252.0,1.2193%,-0.0003,0.7786,-0.1042,0.0413,1.4231%,1.6421%,24.8870%,0.0015179999999999,CI,64186.0,2019-02-13,252.0,1.9879%,-0.0002,0.7867,-0.1107,0.0445,1.4256%,1.6468%,25.0624%,0.017633,CI,64186.0,2019-02-14,252.0,1.8114%,-0.0001,0.7814,-0.0998,0.0334,1.4307%,1.6496%,24.7801%,0.0204999999999999,CI,64186.0,2019-02-15,252.0,2.9393%,0.0,0.8044,-0.0768,0.0737,1.4346%,1.6599%,25.3035%,0.020553,CI,-0.045477,-0.0783649999999999,-0.071238,-0.0977629999999999,-0.0296429999999999
38299,CINCINNATI FINANCIAL CORP,Cincinnati Financial Raises Qtr. Dividend From $0.53 To $0.56/Share,6,increase,0.8,0.6,"raising the quarterly dividend typically signals financial strength and can attract investors, likely leading to an increase in stock price.",2,2019-02-01,CINF,2019-02-01 19:42:00+00:00,23473.0,17206210,0.0054239989258348,751469.0,0.0111574754118919,0.0115974592044949,0.0013338257558643,0.010076873935759,-0.0088399536907672,0.0050639514811336,0.0299328602850437,-0.0045368699356913,-0.0033215468283742,0.0029069227166473,0.0004760880256071,-0.0067788213491439,0.0078515782952308,0.0020126246381551,-0.0025968037080019,-0.0105786994099617,-0.0060355281457304,0.0277564357966184,0.017740273848176,0.0030792641919106,0.0015207914402708,0.0038640268612653,0.0039714560844004,0.0005154757527634,-0.0047701690346002,0.0071381623856723,0.0067804749123752,-0.0032341524492949,-0.0030190679244697,0.0139035312458872,-0.0029117166996002,0.0100688189268112,0.0044387015514075,-0.0009265346452593,0.0096523063257336,-0.0044801202602684,0.0019580530934035,0.0200268533080816,-0.0136796738952398,-0.0161333139985799,-0.0027972667012363,-0.0232497472316026,-0.0093501107767224,0.0105730006471276,-0.002005731454119,0.0009145505027845,-0.0011821548687294,0.0152540327981114,0.0113622806966304,0.0449064150452613,0.0028087245300412,-0.0460134334862232,-0.0075855003669857,-0.0027689754497259,0.0032925538253039,-0.0071999351494014,0.0035162102431058,-0.0022204567212611,0.0035038006026297,-0.0022004218772053,-0.0090781701728701,-0.0270746927708387,-0.0065027554519474,-0.0036385608837008,0.0104725081473588,-0.0001254815724678,-0.003179887542501,0.0072024222463369,0.0002363453822908,-0.0031490111723542,0.0044885096140205,-0.0093586221337318,0.0038805482909083,-0.005090051330626,0.0008199565927498,-0.0117776840925216,0.0053838840685784,-0.0136737329885363,0.0047729457728564,0.011134173721075,-0.0091530634090304,0.0030682375654578,-0.0005846050335094,-0.0008583653252571,0.002106005558744,0.0197574310004711,0.0066549875773489,0.0001250892528332,-0.0064949844963848,0.014592076651752,-0.0067709758877754,-0.0091778142377734,0.011401048861444,-0.0031332247890532,0.0095293391495943,-0.0113988127559423,0.0071370447985827,0.0057320757769048,-0.004114762879908,0.0100692650303244,0.0067715365439653,0.0058235106989741,-0.0142498854547739,-0.0243330188095569,0.0015033797826617,0.0085960188880562,-0.0072747953236103,-0.0129119902849197,0.0115156201645731,-0.0009828234324231,0.0083947032690048,0.0076752011664211,0.0670543611049652,0.0077344696037471,0.0066260849125683,0.0123769054189324,0.0084934215992689,0.0144778629764914,0.0125276604667305,-0.0048450496979057,0.0111574754118919,0.0115974592044949,0.012506183295831,0.0217911992746329,0.0035556755238803,0.0269655003316091,0.0301618332619821,0.0252780568100865,0.0480628488431551,0.0408006169508683,0.0534575861718755,0.0572297154053502,0.1870623594997911,0.041458241739021,2019-02-04,2019-02-05,2019-02-06,2019-02-07,2019-02-08,2019-02-11,2019-02-12,2019-02-13,2019-02-14,2019-02-15,23473.0,2019-02-01,252.0,0.5424%,0.0008,0.8897,-0.114,0.8755,0.9626%,1.3571%,49.6949%,0.000161,CINF,23473.0,2019-02-04,252.0,1.1157%,0.0008,0.8918,-0.108,0.8762,0.9639%,1.3587%,49.6683%,0.009226,CINF,23473.0,2019-02-05,252.0,0.1334%,0.0008,0.901,-0.1055,0.885,0.9616%,1.3570%,49.7786%,0.00257,CINF,23473.0,2019-02-06,252.0,-0.8840%,0.0008,0.9054,-0.1067,0.8883,0.9630%,1.3350%,47.9640%,-0.007588,CINF,23473.0,2019-02-07,252.0,2.9933%,0.001,0.9117,-0.1294,0.8988,0.9726%,1.3457%,47.7597%,0.03465,CINF,23473.0,2019-02-08,252.0,-0.3322%,0.001,0.9116,-0.1311,0.8971,0.9726%,1.3459%,47.7826%,0.0020239999999999,CINF,23473.0,2019-02-11,252.0,0.0476%,0.001,0.9074,-0.1314,0.8948,0.9726%,1.3303%,46.5470%,-0.002098,CINF,23473.0,2019-02-12,252.0,0.7852%,0.001,0.8994,-0.124,0.8894,0.9708%,1.3219%,46.0606%,-0.003042,CINF,23473.0,2019-02-13,252.0,-0.2597%,0.0009,0.8897,-0.1103,0.8902,0.9643%,1.3090%,45.7319%,-0.005763,CINF,23473.0,2019-02-14,252.0,-0.6036%,0.0009,0.8899,-0.1098,0.8889,0.9636%,1.3093%,45.8386%,0.00147,CINF,23473.0,2019-02-15,252.0,1.7740%,0.0009,0.8891,-0.1103,0.8879,0.9635%,1.3070%,45.6566%,0.003592,CINF,0.009387,0.0119569999999999,0.0043689999999999,0.0410429999999999,0.0352019999999999
38307,CELESTICA INC,Celestica Inc shares are trading lower after the company missed Q4 EPS and sale estimates; Analysts at Macquarie subsequently downgraded the stock from 'Outperform' to 'Neutral'.,6,decrease,0.85,0.7,"the missed earnings and sales estimates, along with the downgrade from analysts, are likely to negatively impact investor sentiment and lead to a decrease in stock price.",0,2019-02-01,CLS,2019-02-01 16:33:00+00:00,86115.0,15101Q10,-0.1842900216579437,2769573.0,-0.0111111290752887,0.0112016918137669,0.0037452848628163,0.0010192940244451,0.0211442876607179,0.0337197743356227,0.0024359931703656,-0.0155602246522903,0.0060753575526177,0.0310160368680954,0.0458937361836433,0.0218580085784196,0.0011547608301043,0.0,0.0034601767547428,-0.0054348036646842,0.0103448452427983,0.002178595168516,0.0182024855166673,0.0099010067060589,0.0201117657124996,0.0033112287055701,-0.0065717874094843,-0.0011024560080841,0.0099228397011756,-0.0141304470598697,0.0240174960345029,0.0143329789862036,0.0021321433596313,0.0168161001056432,0.0127660473808646,0.0182648226618766,-0.0126051297411322,-0.0079274857416749,-0.020212722942233,0.018454423174262,0.0119435023516416,-0.004592418204993,0.0010729859350249,-0.0147058954462409,-0.0139335598796606,0.007981720380485,-0.0152173256501555,0.0034325728192925,-0.0220751389861106,0.0,-0.0033859745599329,0.0022935210727155,0.0192525573074817,0.0116009721532464,-0.0033333036117255,-0.0091953938826918,-0.0066890097223222,-0.0068493629805743,0.0011223601177334,0.0022883820347487,-0.0089686010032892,-0.0157658047974109,-0.0090497648343443,-0.0044843005016446,-0.0091324113309383,-0.0197802521288394,-0.0069124903529882,-0.026737967506051,0.0185614675283432,-0.0310880057513713,-0.0341685861349105,0.0073068575002253,0.0070755216293036,0.0,-0.0187353454530239,-0.0082815652713179,0.0,0.0041580004617571,-0.0071599544025957,-0.0183673780411481,0.0156250149011611,-0.0258449520915746,0.0118343653157353,-0.0223517529666423,-0.0023392348084598,-0.00097089598421,0.0093786548823118,0.0048780674114823,0.0069686900824308,0.0219342242926359,0.009227211587131,-0.0009960387833416,-0.0079999649897217,0.0019959583878517,-0.0069124903529882,0.0203666780143976,0.0058004860766232,0.0061474861577153,0.0046136057935655,-0.0050968592986464,-0.0011481319088488,-0.0306323580443859,0.0114942966029048,0.0211907215416431,0.0090909004211425,0.0040526809170842,-0.0045044999569654,-0.0120120011270046,-0.0101810125634074,0.0,-0.01142861507833,-0.0310378894209861,0.0057803690433502,-0.0364485420286655,-0.0103448452427983,0.0094339083880186,-0.1509871929883957,0.0085632875561714,-0.0191518291831016,-0.0018992881523445,0.0153417196124792,-0.0231910943984985,-0.0206044074147939,0.0256897713989019,-0.0111111290752887,0.0112016918137669,-0.0074074585560068,0.0122324036557415,0.0135802036701679,0.046364651882218,0.0222221407796083,0.0620320746033904,0.1049381965591631,0.0924092565072485,0.0814814569892345,0.1132287227059687,-0.1197531088598933,-0.0551855286327136,2019-02-04,2019-02-05,2019-02-06,2019-02-07,2019-02-08,2019-02-11,2019-02-12,2019-02-13,2019-02-14,2019-02-15,86115.0,2019-02-01,252.0,-18.4290%,-0.0008,0.2667,0.3632,-0.1549,1.8861%,1.9302%,4.5148%,-0.1841509999999999,CLS,86115.0,2019-02-04,252.0,-1.1111%,-0.0009,0.2628,0.3521,-0.1572,1.8881%,1.9311%,4.4021%,-0.015587,CLS,86115.0,2019-02-05,252.0,0.3745%,-0.001,0.2826,0.3579,-0.1373,1.8827%,1.9281%,4.6597%,0.001854,CLS,86115.0,2019-02-06,252.0,2.1144%,-0.0009,0.271,0.3613,-0.1456,1.8877%,1.9311%,4.4410%,0.021798,CLS,86115.0,2019-02-07,252.0,0.2436%,-0.0008,0.267,0.3634,-0.1443,1.8880%,1.9307%,4.3738%,0.005894,CLS,86115.0,2019-02-08,252.0,0.6075%,-0.0009,0.2666,0.3467,-0.1572,1.8853%,1.9281%,4.3871%,0.0045579999999999,CLS,86115.0,2019-02-11,252.0,4.5894%,-0.0007,0.2672,0.4063,-0.1246,1.9053%,1.9483%,4.3642%,0.043494,CLS,86115.0,2019-02-12,252.0,0.1155%,-0.0007,0.2611,0.4124,-0.1288,1.9046%,1.9475%,4.3498%,-0.002872,CLS,86115.0,2019-02-13,252.0,0.3460%,-0.0008,0.2533,0.4269,-0.1255,1.9013%,1.9436%,4.3013%,0.002472,CLS,86115.0,2019-02-14,252.0,1.0345%,-0.0007,0.2517,0.4319,-0.1317,1.9015%,1.9444%,4.3627%,0.007829,CLS,86115.0,2019-02-15,252.0,1.8202%,-0.0007,0.2492,0.4313,-0.1337,1.9015%,1.9440%,4.3237%,0.01481,CLS,-0.1997379999999999,-0.1978839999999999,-0.1760859999999999,-0.1656339999999999,-0.0999009999999999
38315,CELESTICA INC,Macquarie Downgrades Celestica to Neutral,6,decrease,0.8,0.6,"a downgrade from macquarie typically signals reduced expectations for the company's performance, which can lead to a decline in stock price.",0,2019-02-01,CLS,2019-02-01 14:12:00+00:00,86115.0,15101Q10,-0.1842900216579437,2769573.0,-0.0111111290752887,0.0112016918137669,0.0037452848628163,0.0010192940244451,0.0211442876607179,0.0337197743356227,0.0024359931703656,-0.0155602246522903,0.0060753575526177,0.0310160368680954,0.0458937361836433,0.0218580085784196,0.0011547608301043,0.0,0.0034601767547428,-0.0054348036646842,0.0103448452427983,0.002178595168516,0.0182024855166673,0.0099010067060589,0.0201117657124996,0.0033112287055701,-0.0065717874094843,-0.0011024560080841,0.0099228397011756,-0.0141304470598697,0.0240174960345029,0.0143329789862036,0.0021321433596313,0.0168161001056432,0.0127660473808646,0.0182648226618766,-0.0126051297411322,-0.0079274857416749,-0.020212722942233,0.018454423174262,0.0119435023516416,-0.004592418204993,0.0010729859350249,-0.0147058954462409,-0.0139335598796606,0.007981720380485,-0.0152173256501555,0.0034325728192925,-0.0220751389861106,0.0,-0.0033859745599329,0.0022935210727155,0.0192525573074817,0.0116009721532464,-0.0033333036117255,-0.0091953938826918,-0.0066890097223222,-0.0068493629805743,0.0011223601177334,0.0022883820347487,-0.0089686010032892,-0.0157658047974109,-0.0090497648343443,-0.0044843005016446,-0.0091324113309383,-0.0197802521288394,-0.0069124903529882,-0.026737967506051,0.0185614675283432,-0.0310880057513713,-0.0341685861349105,0.0073068575002253,0.0070755216293036,0.0,-0.0187353454530239,-0.0082815652713179,0.0,0.0041580004617571,-0.0071599544025957,-0.0183673780411481,0.0156250149011611,-0.0258449520915746,0.0118343653157353,-0.0223517529666423,-0.0023392348084598,-0.00097089598421,0.0093786548823118,0.0048780674114823,0.0069686900824308,0.0219342242926359,0.009227211587131,-0.0009960387833416,-0.0079999649897217,0.0019959583878517,-0.0069124903529882,0.0203666780143976,0.0058004860766232,0.0061474861577153,0.0046136057935655,-0.0050968592986464,-0.0011481319088488,-0.0306323580443859,0.0114942966029048,0.0211907215416431,0.0090909004211425,0.0040526809170842,-0.0045044999569654,-0.0120120011270046,-0.0101810125634074,0.0,-0.01142861507833,-0.0310378894209861,0.0057803690433502,-0.0364485420286655,-0.0103448452427983,0.0094339083880186,-0.1509871929883957,0.0085632875561714,-0.0191518291831016,-0.0018992881523445,0.0153417196124792,-0.0231910943984985,-0.0206044074147939,0.0256897713989019,-0.0111111290752887,0.0112016918137669,-0.0074074585560068,0.0122324036557415,0.0135802036701679,0.046364651882218,0.0222221407796083,0.0620320746033904,0.1049381965591631,0.0924092565072485,0.0814814569892345,0.1132287227059687,-0.1197531088598933,-0.0551855286327136,2019-02-04,2019-02-05,2019-02-06,2019-02-07,2019-02-08,2019-02-11,2019-02-12,2019-02-13,2019-02-14,2019-02-15,86115.0,2019-02-01,252.0,-18.4290%,-0.0008,0.2667,0.3632,-0.1549,1.8861%,1.9302%,4.5148%,-0.1841509999999999,CLS,86115.0,2019-02-04,252.0,-1.1111%,-0.0009,0.2628,0.3521,-0.1572,1.8881%,1.9311%,4.4021%,-0.015587,CLS,86115.0,2019-02-05,252.0,0.3745%,-0.001,0.2826,0.3579,-0.1373,1.8827%,1.9281%,4.6597%,0.001854,CLS,86115.0,2019-02-06,252.0,2.1144%,-0.0009,0.271,0.3613,-0.1456,1.8877%,1.9311%,4.4410%,0.021798,CLS,86115.0,2019-02-07,252.0,0.2436%,-0.0008,0.267,0.3634,-0.1443,1.8880%,1.9307%,4.3738%,0.005894,CLS,86115.0,2019-02-08,252.0,0.6075%,-0.0009,0.2666,0.3467,-0.1572,1.8853%,1.9281%,4.3871%,0.0045579999999999,CLS,86115.0,2019-02-11,252.0,4.5894%,-0.0007,0.2672,0.4063,-0.1246,1.9053%,1.9483%,4.3642%,0.043494,CLS,86115.0,2019-02-12,252.0,0.1155%,-0.0007,0.2611,0.4124,-0.1288,1.9046%,1.9475%,4.3498%,-0.002872,CLS,86115.0,2019-02-13,252.0,0.3460%,-0.0008,0.2533,0.4269,-0.1255,1.9013%,1.9436%,4.3013%,0.002472,CLS,86115.0,2019-02-14,252.0,1.0345%,-0.0007,0.2517,0.4319,-0.1317,1.9015%,1.9444%,4.3627%,0.007829,CLS,86115.0,2019-02-15,252.0,1.8202%,-0.0007,0.2492,0.4313,-0.1337,1.9015%,1.9440%,4.3237%,0.01481,CLS,-0.1997379999999999,-0.1978839999999999,-0.1760859999999999,-0.1656339999999999,-0.0999009999999999
38323,EURO TECH HOLDINGS CO LTD,"Euro Tech Shares Resume Trade, Pullback From Intraday High, Up 15% For Session",6,increase,0.8,0.6,"the news indicates a significant intraday gain of 15%, suggesting positive market sentiment and potential for continued upward movement in euro tech's stock price.",2,2019-02-01,CLWT,2019-02-01 16:03:00+00:00,84601.0,G3203012,0.1503268182277679,475817.0,-0.0069601968862116,-0.0254777576774358,-0.0416249968111515,0.0056367088109254,0.0,0.0773955881595611,-0.0447760783135891,-0.0142517536878585,0.0468749552965164,0.0092687774449586,-0.0447760783135891,-0.0257524754852056,0.0031249970197677,0.0310344528406858,0.0186915714293718,-0.039735060185194,-0.0183486063033342,-0.0320512540638446,0.0249220952391624,0.0721648782491684,-0.0212765764445066,-0.0044815125875175,0.0310558713972568,-0.0157912578433752,-0.0180722717195749,0.0760869681835174,0.0582822263240814,-0.0800000056624412,-0.0289855487644672,-0.0259740017354488,-0.0417910069227218,-0.0052322414703667,-0.0404984764754772,0.0713494420051574,-0.0097402511164546,0.032142911106348,0.0196721125394105,0.0761366114020347,0.0546624064445495,-0.0640647038817405,0.0202439185231924,-0.0245613809674978,0.0190055165439844,0.2216553837060928,0.0,-0.0399588532745838,0.0615835189819335,-0.0314479917287826,-0.0856353491544723,-0.0161176566034555,0.0271903797984123,0.0878838896751403,0.0235293880105018,-0.1318518370389938,-0.0335344634950161,-0.0689655318856239,0.0079386373981833,0.0320285260677337,0.0059291673824191,-0.003546095918864,-0.0434004887938499,-0.0091704996302723,0.0238803029060363,0.0154850855469703,-0.0419161282479763,-0.0302076321095228,-0.0468750298023223,0.0,0.0131147420033812,-0.0302013140171766,0.0065048923715949,-0.0509554408490657,0.0739204138517379,-0.009463713504374,1.050898194313049,-0.0062695862725377,-0.1985401660203934,-0.0645161345601081,-0.0437158085405826,0.0460123009979724,-0.0038095202762633,0.0124223483726382,-0.0439770594239234,-0.0301204547286033,0.0859999656677246,-0.0089552160352468,0.0847145617008209,-0.0289855487644672,-0.1256366372108459,0.0518292933702468,-0.0485436879098415,-0.0492753833532333,-0.0183673780411481,0.0117301940917968,0.002079049590975,-0.0367231294512748,-0.0124481208622455,-0.0757180079817771,-0.0945378690958023,0.0351351015269756,0.0,0.0136986169964075,-0.0069604949094355,-0.0382081642746925,0.042056031525135,-0.0118474261835217,-0.0246637072414159,-0.0050517562776803,0.027586180716753,-0.0350482240319252,0.0559284128248691,0.0127087961882352,-0.0290677715092897,0.0206718780100345,0.0233918447047472,0.0,-0.0490405149757862,-0.0300752185285091,-0.0470852106809616,-0.0172413624823093,-0.0069601968862116,-0.0254777576774358,-0.0482954755241695,-0.0199846595676934,-0.0482954755241695,0.0558642041104575,-0.0482954752256916,0.0504633820759974,-0.0653409122899516,0.0515463434121752,-0.0312215894606895,0.0851063765241093,0.2073863513638105,-0.2463054296516016,2019-02-04,2019-02-05,2019-02-06,2019-02-07,2019-02-08,2019-02-11,2019-02-12,2019-02-13,2019-02-14,2019-02-15,84601.0,2019-02-01,252.0,15.0327%,0.0051,0.6015,-1.2086,-0.0138,11.7228%,11.7605%,0.6402%,0.148284,CLWT,84601.0,2019-02-04,252.0,-0.6960%,0.0051,0.6007,-1.2124,-0.006,11.7229%,11.7607%,0.6408%,-0.005653,CLWT,84601.0,2019-02-05,252.0,-4.1625%,0.0051,0.5601,-1.2082,-0.0162,11.7234%,11.7582%,0.5914%,-0.0453139999999999,CLWT,84601.0,2019-02-06,252.0,0.0000%,0.0051,0.5266,-1.1973,-0.0498,11.7227%,11.7538%,0.5281%,0.001023,CLWT,84601.0,2019-02-07,252.0,-4.4776%,0.0051,0.5692,-1.2318,-0.0566,11.7216%,11.7557%,0.5788%,-0.041341,CLWT,84601.0,2019-02-08,252.0,4.6875%,0.0051,0.5631,-1.2753,-0.1109,11.7221%,11.7573%,0.5966%,0.0464879999999999,CLWT,84601.0,2019-02-11,252.0,-4.4776%,0.005,0.5475,-1.3175,-0.142,11.7251%,11.7591%,0.5785%,-0.036993,CLWT,84601.0,2019-02-12,252.0,0.3125%,0.0052,0.5739,-1.3581,-0.1212,11.7203%,11.7566%,0.6164%,-0.004398,CLWT,84601.0,2019-02-13,252.0,1.8692%,0.0052,0.5769,-1.3581,-0.1181,11.7206%,11.7567%,0.6129%,0.017884,CLWT,84601.0,2019-02-14,252.0,-1.8349%,0.0053,0.5822,-1.366,-0.112,11.7201%,11.7568%,0.6230%,-0.01086,CLWT,84601.0,2019-02-15,252.0,2.4922%,0.0055,0.6163,-1.3336,-0.0544,11.7192%,11.7566%,0.6337%,0.0221959999999999,CLWT,0.142631,0.097317,0.09834,0.103487,0.0913159999999999
38331,EURO TECH HOLDINGS CO LTD,"Euro Tech Holdings Shares Halted On Circuit Breaker, Up 17%; Volume Is Much Heavier Than Daily Normal At ~35K Shares For Session",6,increase,0.8,0.6,"the news indicates a significant price increase and higher trading volume, suggesting positive investor sentiment and potential upward momentum for euro tech holdings' stock.",2,2019-02-01,CLWT,2019-02-01 15:59:00+00:00,84601.0,G3203012,0.1503268182277679,475817.0,-0.0069601968862116,-0.0254777576774358,-0.0416249968111515,0.0056367088109254,0.0,0.0773955881595611,-0.0447760783135891,-0.0142517536878585,0.0468749552965164,0.0092687774449586,-0.0447760783135891,-0.0257524754852056,0.0031249970197677,0.0310344528406858,0.0186915714293718,-0.039735060185194,-0.0183486063033342,-0.0320512540638446,0.0249220952391624,0.0721648782491684,-0.0212765764445066,-0.0044815125875175,0.0310558713972568,-0.0157912578433752,-0.0180722717195749,0.0760869681835174,0.0582822263240814,-0.0800000056624412,-0.0289855487644672,-0.0259740017354488,-0.0417910069227218,-0.0052322414703667,-0.0404984764754772,0.0713494420051574,-0.0097402511164546,0.032142911106348,0.0196721125394105,0.0761366114020347,0.0546624064445495,-0.0640647038817405,0.0202439185231924,-0.0245613809674978,0.0190055165439844,0.2216553837060928,0.0,-0.0399588532745838,0.0615835189819335,-0.0314479917287826,-0.0856353491544723,-0.0161176566034555,0.0271903797984123,0.0878838896751403,0.0235293880105018,-0.1318518370389938,-0.0335344634950161,-0.0689655318856239,0.0079386373981833,0.0320285260677337,0.0059291673824191,-0.003546095918864,-0.0434004887938499,-0.0091704996302723,0.0238803029060363,0.0154850855469703,-0.0419161282479763,-0.0302076321095228,-0.0468750298023223,0.0,0.0131147420033812,-0.0302013140171766,0.0065048923715949,-0.0509554408490657,0.0739204138517379,-0.009463713504374,1.050898194313049,-0.0062695862725377,-0.1985401660203934,-0.0645161345601081,-0.0437158085405826,0.0460123009979724,-0.0038095202762633,0.0124223483726382,-0.0439770594239234,-0.0301204547286033,0.0859999656677246,-0.0089552160352468,0.0847145617008209,-0.0289855487644672,-0.1256366372108459,0.0518292933702468,-0.0485436879098415,-0.0492753833532333,-0.0183673780411481,0.0117301940917968,0.002079049590975,-0.0367231294512748,-0.0124481208622455,-0.0757180079817771,-0.0945378690958023,0.0351351015269756,0.0,0.0136986169964075,-0.0069604949094355,-0.0382081642746925,0.042056031525135,-0.0118474261835217,-0.0246637072414159,-0.0050517562776803,0.027586180716753,-0.0350482240319252,0.0559284128248691,0.0127087961882352,-0.0290677715092897,0.0206718780100345,0.0233918447047472,0.0,-0.0490405149757862,-0.0300752185285091,-0.0470852106809616,-0.0172413624823093,-0.0069601968862116,-0.0254777576774358,-0.0482954755241695,-0.0199846595676934,-0.0482954755241695,0.0558642041104575,-0.0482954752256916,0.0504633820759974,-0.0653409122899516,0.0515463434121752,-0.0312215894606895,0.0851063765241093,0.2073863513638105,-0.2463054296516016,2019-02-04,2019-02-05,2019-02-06,2019-02-07,2019-02-08,2019-02-11,2019-02-12,2019-02-13,2019-02-14,2019-02-15,84601.0,2019-02-01,252.0,15.0327%,0.0051,0.6015,-1.2086,-0.0138,11.7228%,11.7605%,0.6402%,0.148284,CLWT,84601.0,2019-02-04,252.0,-0.6960%,0.0051,0.6007,-1.2124,-0.006,11.7229%,11.7607%,0.6408%,-0.005653,CLWT,84601.0,2019-02-05,252.0,-4.1625%,0.0051,0.5601,-1.2082,-0.0162,11.7234%,11.7582%,0.5914%,-0.0453139999999999,CLWT,84601.0,2019-02-06,252.0,0.0000%,0.0051,0.5266,-1.1973,-0.0498,11.7227%,11.7538%,0.5281%,0.001023,CLWT,84601.0,2019-02-07,252.0,-4.4776%,0.0051,0.5692,-1.2318,-0.0566,11.7216%,11.7557%,0.5788%,-0.041341,CLWT,84601.0,2019-02-08,252.0,4.6875%,0.0051,0.5631,-1.2753,-0.1109,11.7221%,11.7573%,0.5966%,0.0464879999999999,CLWT,84601.0,2019-02-11,252.0,-4.4776%,0.005,0.5475,-1.3175,-0.142,11.7251%,11.7591%,0.5785%,-0.036993,CLWT,84601.0,2019-02-12,252.0,0.3125%,0.0052,0.5739,-1.3581,-0.1212,11.7203%,11.7566%,0.6164%,-0.004398,CLWT,84601.0,2019-02-13,252.0,1.8692%,0.0052,0.5769,-1.3581,-0.1181,11.7206%,11.7567%,0.6129%,0.017884,CLWT,84601.0,2019-02-14,252.0,-1.8349%,0.0053,0.5822,-1.366,-0.112,11.7201%,11.7568%,0.6230%,-0.01086,CLWT,84601.0,2019-02-15,252.0,2.4922%,0.0055,0.6163,-1.3336,-0.0544,11.7192%,11.7566%,0.6337%,0.0221959999999999,CLWT,0.142631,0.097317,0.09834,0.103487,0.0913159999999999
38339,CHIPOTLE MEXICAN GRILL INC,Baird Maintains Outperform And Raises Chipotle Price Target From $560 To $600 As Firm Sees 'potential for strong top-line momentum in upcoming quarters to support positive investor sentiment and outperformance for the shares as the year plays out',6,increase,0.8,0.7,"the upgrade in price target and positive outlook for top-line momentum are likely to boost investor sentiment, leading to an increase in chipotle's stock price.",2,2019-02-01,CMG,2019-02-01 16:18:00+00:00,91068.0,16965610,-0.004550467710942,643660.0,0.0013656499795615,-0.0063229301013052,-0.0024055889807641,0.0055087781511247,-0.0011203396134078,-0.0036466210149228,0.1135232299566269,-0.0209249593317508,-0.0051384642720222,0.0187104754149913,0.0353312045335769,0.0230546817183494,-0.0160766579210758,0.0024803453125059,0.0100394543260335,0.0133271506056189,0.0080217430368065,-0.0085383905097842,0.0024155352730304,0.0055164247751235,-0.0106124747544527,0.0006414451054297,-0.0028693019412457,0.0249008946120739,0.005771760828793,-0.0097840456292033,-0.0016135193873196,-0.0052391644567251,-0.0059311548247933,0.022347904741764,0.004759875126183,0.0022317708935588,-0.0003669236029963,0.0251880884170532,0.0137665187940001,0.0662637203931808,0.0067485976032912,0.035385113209486,0.011804474517703,-0.0088189579546451,-0.004589102230966,0.0267953779548406,-0.0042207702063024,0.0179165136069059,-0.0063252048566937,0.0232541672885417,0.0113365594297647,0.0217637456953525,0.0007137798238545,0.0515239611268043,0.0228731445968151,-0.0217535030096769,0.009635679423809,-0.0158444382250309,0.0083507420495152,-0.0615384615957737,-0.0052771908231079,-0.0377422273159027,0.0262910611927509,0.0006764099234715,0.0153400395065546,-0.0312997996807098,-0.0001051382059813,-0.0315191000699996,0.0069992556236684,0.0030129074584692,0.0015064654871821,-0.0022017753217369,0.0079081365838646,-0.0058928504586219,0.0178051441907882,0.0165158454328775,0.0131383929401636,-0.0053411279805004,0.0066488236188888,0.0033948891796171,0.0111030275002121,-0.0147881666198372,-0.0064338208176195,0.0045857303775846,-0.0013319387799128,-0.019375842064619,0.0011918655363842,-0.0162276588380336,-0.003202780149877,0.0360544435679912,0.0070943022146821,0.0159435719251632,0.0089077707380056,-0.0114548048004508,-0.0056109162978827,0.0003395231033209,0.0115102548152208,0.0208608731627464,-0.0157472994178533,-0.0091012306511402,0.0069395969621837,-0.0145740220323205,-0.0002385925909038,0.0009740037494339,-0.0081289941444993,-0.0146457888185977,-0.025860546156764,-0.0113444160670042,0.0171313658356666,-0.0099046416580677,0.0023856898769736,-0.0022210374008864,0.0011259410530328,0.026050642132759,0.0103777833282947,0.0016963655361905,-0.0446354262530803,0.0070441765710711,-0.0018877538386732,0.0095816031098365,0.0016401637112721,-0.0141481151804328,0.01495788898319,0.0079768514260649,0.0013656499795615,-0.0063229301013052,-0.001043224193745,-0.0008489835693736,-0.0021623950417629,-0.0044925086629711,0.1054059263025899,-0.0070868010399477,0.1492602429717195,0.0287284442909516,0.2439301466337688,0.1941600538967769,0.3050833887525896,0.1205831094149318,2019-02-04,2019-02-05,2019-02-06,2019-02-07,2019-02-08,2019-02-11,2019-02-12,2019-02-13,2019-02-14,2019-02-15,91068.0,2019-02-01,252.0,-0.4550%,0.0023,0.8431,0.4168,0.0187,2.6054%,2.7806%,12.2027%,-0.0053979999999999,CMG,91068.0,2019-02-04,252.0,0.1366%,0.0024,0.8477,0.4247,0.0493,2.5972%,2.7727%,12.2597%,-0.006719,CMG,91068.0,2019-02-05,252.0,-0.2406%,0.0023,0.8529,0.4294,0.0605,2.5974%,2.7718%,12.1887%,-0.005515,CMG,91068.0,2019-02-06,252.0,-0.1120%,0.0024,0.8401,0.4335,0.0476,2.5969%,2.7610%,11.5304%,0.0006569999999999,CMG,91068.0,2019-02-07,252.0,11.3523%,0.0028,0.8099,0.4207,0.0769,2.7030%,2.8473%,9.8735%,0.121614,CMG,91068.0,2019-02-08,252.0,-0.5138%,0.0033,0.8084,0.5214,0.1367,2.6157%,2.7638%,10.4302%,-0.005647,CMG,91068.0,2019-02-11,252.0,3.5331%,0.0034,0.8117,0.5549,0.1566,2.6212%,2.7662%,10.2050%,0.030344,CMG,91068.0,2019-02-12,252.0,-1.6077%,0.0035,0.8258,0.5147,0.171,2.6082%,2.7554%,10.4026%,-0.027061,CMG,91068.0,2019-02-13,252.0,1.0039%,0.0035,0.8337,0.5029,0.1698,2.6063%,2.7553%,10.5201%,0.007199,CMG,91068.0,2019-02-14,252.0,0.8022%,0.0036,0.8339,0.506,0.1644,2.6039%,2.7536%,10.5767%,0.008043,CMG,91068.0,2019-02-15,252.0,0.2416%,0.003,0.7129,0.3959,-0.034,2.4574%,2.5857%,9.6841%,-0.009161,CMG,-0.012117,-0.017632,-0.0169749999999999,0.098992,0.108356
38347,CHIPOTLE MEXICAN GRILL INC,"Baird Maintains Outperform on Chipotle Mexican Grill, Raises Price Target to $600",6,increase,0.8,0.6,maintaining an 'outperform' rating and raising the price target typically signals positive sentiment and potential for stock price appreciation.,2,2019-02-01,CMG,2019-02-01 15:07:00+00:00,91068.0,16965610,-0.004550467710942,643660.0,0.0013656499795615,-0.0063229301013052,-0.0024055889807641,0.0055087781511247,-0.0011203396134078,-0.0036466210149228,0.1135232299566269,-0.0209249593317508,-0.0051384642720222,0.0187104754149913,0.0353312045335769,0.0230546817183494,-0.0160766579210758,0.0024803453125059,0.0100394543260335,0.0133271506056189,0.0080217430368065,-0.0085383905097842,0.0024155352730304,0.0055164247751235,-0.0106124747544527,0.0006414451054297,-0.0028693019412457,0.0249008946120739,0.005771760828793,-0.0097840456292033,-0.0016135193873196,-0.0052391644567251,-0.0059311548247933,0.022347904741764,0.004759875126183,0.0022317708935588,-0.0003669236029963,0.0251880884170532,0.0137665187940001,0.0662637203931808,0.0067485976032912,0.035385113209486,0.011804474517703,-0.0088189579546451,-0.004589102230966,0.0267953779548406,-0.0042207702063024,0.0179165136069059,-0.0063252048566937,0.0232541672885417,0.0113365594297647,0.0217637456953525,0.0007137798238545,0.0515239611268043,0.0228731445968151,-0.0217535030096769,0.009635679423809,-0.0158444382250309,0.0083507420495152,-0.0615384615957737,-0.0052771908231079,-0.0377422273159027,0.0262910611927509,0.0006764099234715,0.0153400395065546,-0.0312997996807098,-0.0001051382059813,-0.0315191000699996,0.0069992556236684,0.0030129074584692,0.0015064654871821,-0.0022017753217369,0.0079081365838646,-0.0058928504586219,0.0178051441907882,0.0165158454328775,0.0131383929401636,-0.0053411279805004,0.0066488236188888,0.0033948891796171,0.0111030275002121,-0.0147881666198372,-0.0064338208176195,0.0045857303775846,-0.0013319387799128,-0.019375842064619,0.0011918655363842,-0.0162276588380336,-0.003202780149877,0.0360544435679912,0.0070943022146821,0.0159435719251632,0.0089077707380056,-0.0114548048004508,-0.0056109162978827,0.0003395231033209,0.0115102548152208,0.0208608731627464,-0.0157472994178533,-0.0091012306511402,0.0069395969621837,-0.0145740220323205,-0.0002385925909038,0.0009740037494339,-0.0081289941444993,-0.0146457888185977,-0.025860546156764,-0.0113444160670042,0.0171313658356666,-0.0099046416580677,0.0023856898769736,-0.0022210374008864,0.0011259410530328,0.026050642132759,0.0103777833282947,0.0016963655361905,-0.0446354262530803,0.0070441765710711,-0.0018877538386732,0.0095816031098365,0.0016401637112721,-0.0141481151804328,0.01495788898319,0.0079768514260649,0.0013656499795615,-0.0063229301013052,-0.001043224193745,-0.0008489835693736,-0.0021623950417629,-0.0044925086629711,0.1054059263025899,-0.0070868010399477,0.1492602429717195,0.0287284442909516,0.2439301466337688,0.1941600538967769,0.3050833887525896,0.1205831094149318,2019-02-04,2019-02-05,2019-02-06,2019-02-07,2019-02-08,2019-02-11,2019-02-12,2019-02-13,2019-02-14,2019-02-15,91068.0,2019-02-01,252.0,-0.4550%,0.0023,0.8431,0.4168,0.0187,2.6054%,2.7806%,12.2027%,-0.0053979999999999,CMG,91068.0,2019-02-04,252.0,0.1366%,0.0024,0.8477,0.4247,0.0493,2.5972%,2.7727%,12.2597%,-0.006719,CMG,91068.0,2019-02-05,252.0,-0.2406%,0.0023,0.8529,0.4294,0.0605,2.5974%,2.7718%,12.1887%,-0.005515,CMG,91068.0,2019-02-06,252.0,-0.1120%,0.0024,0.8401,0.4335,0.0476,2.5969%,2.7610%,11.5304%,0.0006569999999999,CMG,91068.0,2019-02-07,252.0,11.3523%,0.0028,0.8099,0.4207,0.0769,2.7030%,2.8473%,9.8735%,0.121614,CMG,91068.0,2019-02-08,252.0,-0.5138%,0.0033,0.8084,0.5214,0.1367,2.6157%,2.7638%,10.4302%,-0.005647,CMG,91068.0,2019-02-11,252.0,3.5331%,0.0034,0.8117,0.5549,0.1566,2.6212%,2.7662%,10.2050%,0.030344,CMG,91068.0,2019-02-12,252.0,-1.6077%,0.0035,0.8258,0.5147,0.171,2.6082%,2.7554%,10.4026%,-0.027061,CMG,91068.0,2019-02-13,252.0,1.0039%,0.0035,0.8337,0.5029,0.1698,2.6063%,2.7553%,10.5201%,0.007199,CMG,91068.0,2019-02-14,252.0,0.8022%,0.0036,0.8339,0.506,0.1644,2.6039%,2.7536%,10.5767%,0.008043,CMG,91068.0,2019-02-15,252.0,0.2416%,0.003,0.7129,0.3959,-0.034,2.4574%,2.5857%,9.6841%,-0.009161,CMG,-0.012117,-0.017632,-0.0169749999999999,0.098992,0.108356
38355,CINEMARK HOLDINGS INC,"Loop Capital Initiates Coverage On Cinemark Holdings with Hold Rating, Announces $41 Price Target",6,uncertain,0.6,0.3,"while a 'hold' rating suggests no immediate action is recommended, the price target of $41 may not significantly influence investor sentiment, leading to uncertainty in stock price movement.",1,2019-02-01,CNK,2019-02-01 12:14:00+00:00,91915.0,17243V10,-0.0420331731438636,1107363.0,0.0056121787056326,0.0184170696884393,0.009639804251492,-0.0037193533498793,-0.0243717953562736,0.0059865722432732,-0.0084986304864287,0.0040070083923637,0.0023376662284135,-0.0007507202099077,-0.0533817410469055,0.0010020269546657,-0.0021899265702813,0.0091000199317932,0.0098765594884753,-0.0332355052232742,0.0103232068940997,0.0148809142410755,0.0032267477363348,0.0092615503817796,-0.0144733553752303,0.0012531136162579,0.0106064556166529,0.0017574614612385,-0.0069967256858944,0.004539730027318,0.0376693569123745,0.008136274293065,-0.0104466313496232,0.0020382632501423,-0.0197941418737173,-0.0197302922606468,0.0201938617974519,0.021168116480112,-0.0068619246594607,0.0294040143489837,0.022854121401906,0.0250269193202257,0.0181864611804485,0.0073190690018236,0.0012759135570377,0.0304469317197799,-0.0053517557680606,0.0090191569179296,-0.0110171781852841,-0.002530226483941,0.0172503888607025,-0.028938066214323,0.0107914181426167,0.0283549167215824,-0.0043213521130383,-0.0246440712362527,0.024253275245428,-0.005717372521758,0.0,-0.0171260219067335,0.0049850638024508,-0.0491094216704368,0.0116567760705947,-0.0038023199886083,-0.0149546600878238,-0.0208488497883081,-0.0059731625951826,-0.0044477465562522,-0.0015021923463791,0.0042184116318821,-0.0010030319681391,0.0047369389794766,0.0170682799071073,0.0169878806918859,-0.0032083184923976,0.0131003931164741,0.0089131128042936,-0.0176634043455123,-0.0120245814323425,0.030421270057559,-0.0067063253372907,0.0075976140797138,0.0,0.0031274233479052,-0.0215053912252187,-0.0151437418535351,0.0066444752737879,-0.0015377082163468,0.0132013317197561,0.0169403590261936,0.002756216796115,0.0126682380214333,0.017241345718503,0.0215691346675157,-0.0027020538691431,-0.000808156793937,0.0032019969075918,0.0271167550235986,0.0083476593717932,-0.0271871350705623,0.0270270425826311,-0.0385610237717628,-0.0130393365398049,-0.0368893221020698,0.0026423397939652,-0.0292766243219375,0.0103017846122384,-0.0074447062797844,0.0018971267854794,0.0168497823178768,-0.0328993946313858,0.0029389890842139,0.0044052936136722,-0.0260018222033977,0.0112085547298193,0.0096338558942079,-0.0120481923222541,-0.0177430808544158,0.0129267992451787,0.0073880213312804,0.0069829262793064,0.0347718819975853,0.0054997499100863,-0.0384159125387668,0.0056121787056326,0.0184170696884393,0.0153060832612714,0.0146292167487194,-0.009438748823952,0.0207033678549213,-0.015561240730039,0.0240240017486048,-0.0482142708250952,0.0242802847020824,0.0498082375768986,0.0372622888728098,0.0822366911811394,-0.0215068932986837,2019-02-04,2019-02-05,2019-02-06,2019-02-07,2019-02-08,2019-02-11,2019-02-12,2019-02-13,2019-02-14,2019-02-15,91915.0,2019-02-01,252.0,-4.2033%,0.0005,0.571,0.286,0.0147,1.4762%,1.6161%,16.5647%,-0.042748,CNK,91915.0,2019-02-04,252.0,0.5612%,0.0004,0.5696,0.283,0.0086,1.4755%,1.6157%,16.6010%,9.6e-05,CNK,91915.0,2019-02-05,252.0,0.9640%,0.0004,0.5827,0.285,0.0183,1.4730%,1.6166%,16.9739%,0.007369,CNK,91915.0,2019-02-06,252.0,-2.4372%,0.0003,0.5793,0.2865,0.0118,1.4804%,1.6171%,16.1888%,-0.023174,CNK,91915.0,2019-02-07,252.0,-0.8499%,0.0004,0.5888,0.2757,0.0123,1.4775%,1.6175%,16.5613%,-0.002885,CNK,91915.0,2019-02-08,252.0,0.2338%,0.0004,0.5888,0.27,0.0084,1.4771%,1.6172%,16.5833%,0.001655,CNK,91915.0,2019-02-11,252.0,-5.3382%,-0.0,0.6314,0.1531,-0.0326,1.4958%,1.6473%,17.5489%,-0.056107,CNK,91915.0,2019-02-12,252.0,-0.2190%,-0.0001,0.622,0.1571,-0.0381,1.4969%,1.6452%,17.2157%,-0.010963,CNK,91915.0,2019-02-13,252.0,0.9877%,-0.0001,0.618,0.1671,-0.0344,1.4960%,1.6419%,16.9839%,0.007967,CNK,91915.0,2019-02-14,252.0,1.0323%,-0.0001,0.6159,0.1731,-0.0416,1.4970%,1.6430%,16.9832%,0.0104529999999999,CNK,91915.0,2019-02-15,252.0,0.3227%,-0.0001,0.6058,0.1636,-0.0587,1.4960%,1.6389%,16.6759%,-0.004066,CNK,-0.042652,-0.035283,-0.058457,-0.059687,-0.112403
38363,C N X RESOURCES CORP,Tudor Pickering Downgrades CNX Resources to Hold,6,decrease,0.8,0.6,"a downgrade from an analyst typically signals reduced expectations for the company's performance, which can lead to a decline in stock price.",0,2019-02-01,CNX,2019-02-01 13:52:00+00:00,86799.0,12653C10,-0.0807249173521995,10291887.0,-0.0403225645422935,-0.1027346178889275,-0.0009337281808257,0.0242240503430366,-0.0121495435014367,0.00075759307947,-0.0567643754184246,0.0007581674726679,-0.0190572254359722,0.0232737958431243,0.0081799514591693,0.010980418883264,0.0101420264691114,-0.0199846439063549,0.0090361600741744,-0.0319940000772476,-0.0119402864947915,0.0120481811463832,0.0292044263333082,0.011424190364778,0.0097846798598766,0.0162538737058639,0.0164728760719299,0.0046656625345349,-0.0028598411008715,0.0222575310617685,0.0,0.0039904383011162,0.0162523966282606,-0.0094861574470996,-0.0122295496985316,0.0119999693706631,-0.0104761580005288,0.0088780997321009,0.0202117450535297,0.0256622862070798,0.0424528121948242,0.0522648431360721,-0.0045249038375914,-0.0145922815427184,0.0200000237673521,0.0201400648802518,-0.0383244454860687,-0.0205831713974475,-0.0315106734633445,-0.035566609352827,-0.0325358994305133,0.0075000128708779,0.0356083698570728,0.098901093006134,0.0200573094189167,-0.0658682212233543,0.0205991864204406,0.0068906052038073,-0.0247705969959497,-0.0127551509067416,0.0094072837382555,-0.0059171342290937,0.0074558136984705,-0.0100418319925665,-0.0185014568269252,-0.031604565680027,0.0292177591472864,-0.0329153649508953,0.0009157718741334,-0.015432083979249,-0.0558097511529922,0.0007722184527665,-0.0106588816270232,0.0023219606373459,0.0137120801955461,-0.0336574278771877,0.0096617797389626,-0.0118255615234375,0.0172249097377061,-0.0073367850854992,0.0131703047081828,-0.0360679067671299,-0.0009285263367928,0.0216763149946928,-0.0204461216926574,0.0043541667982935,-0.0189753137528896,0.0065741529688239,0.0319148860871791,0.0186011902987957,0.0178068950772285,-0.0204082131385803,-0.0092080505564808,0.0155440438538789,-0.0111524052917957,-0.0245487466454505,-0.0028196133207529,0.0072727547958493,-0.0094250170513987,-0.0364401154220104,0.0076117906719446,-0.0090277194976806,0.014164269901812,-0.0041494066826999,0.0139665342867374,-0.0089102201163768,-0.0192837491631507,-0.0457815453410148,-0.0393258482217788,0.0026229482609778,0.0009746811701916,-0.0199229065328836,0.0233690124005079,0.0103896623477339,-0.0047573917545378,-0.0283912140876054,-0.0095602655783295,0.0179833453148603,0.0125482743605971,0.0084196971729397,-0.0019065304659307,0.0390309505164623,-0.1442216038703918,-0.0498721674084663,-0.0403225645422935,-0.1027346178889274,-0.0412186424082829,-0.0809992161016048,-0.05286739822071,-0.0803029874676958,-0.1236559272545504,-0.0581846341470454,-0.0842293554355816,-0.0753998256745346,-0.0313619555067375,0.0158996333845151,-0.1971326003230173,-0.2237851585274709,2019-02-04,2019-02-05,2019-02-06,2019-02-07,2019-02-08,2019-02-11,2019-02-12,2019-02-13,2019-02-14,2019-02-15,86799.0,2019-02-01,252.0,-8.0725%,-0.0002,1.3564,0.4526,0.7623,2.1987%,2.6167%,29.3995%,-0.085682,CNX,86799.0,2019-02-04,252.0,-4.0323%,-0.0003,1.3531,0.436,0.7982,2.2099%,2.6228%,29.0097%,-0.048855,CNX,86799.0,2019-02-05,252.0,-0.0934%,-0.0002,1.3392,0.4318,0.7839,2.2076%,2.6063%,28.2593%,-0.001714,CNX,86799.0,2019-02-06,252.0,-1.2150%,-0.0004,1.3959,0.4137,0.8385,2.1982%,2.6035%,28.7114%,-0.009809,CNX,86799.0,2019-02-07,252.0,-5.6764%,-0.0005,1.413,0.4117,0.8279,2.2165%,2.6267%,28.7906%,-0.046615,CNX,86799.0,2019-02-08,252.0,-1.9057%,-0.0003,1.4134,0.4827,0.8765,2.1684%,2.5861%,29.6943%,-0.014922,CNX,86799.0,2019-02-11,252.0,0.8180%,-0.0004,1.4572,0.4427,0.8778,2.1579%,2.5858%,30.3574%,0.000899,CNX,86799.0,2019-02-12,252.0,1.0142%,-0.0007,1.4194,0.4852,0.8509,2.1276%,2.5421%,29.9501%,-0.008373,CNX,86799.0,2019-02-13,252.0,0.9036%,-0.0007,1.4101,0.5029,0.8552,2.1233%,2.5324%,29.6973%,0.004075,CNX,86799.0,2019-02-14,252.0,-1.1940%,-0.0009,1.41,0.4988,0.862,2.1192%,2.5286%,29.7622%,-0.006734,CNX,86799.0,2019-02-15,252.0,2.9204%,-0.0011,1.3613,0.456,0.7841,2.0785%,2.4677%,29.0565%,0.0077859999999999,CNX,-0.134537,-0.1362509999999999,-0.14606,-0.2075969999999999,-0.2099439999999999
38371,COMMSCOPE HOLDING CO INC,ARRIS Stockholders Approve Acquisition By CommScope; Deal Expected to Close in H1 2019,6,increase,0.8,0.6,"the approval of the acquisition by arris is likely to be viewed positively by investors, suggesting potential growth and synergies for commscope, which could lead to an increase in stock price.",2,2019-02-01,COMM,2019-02-01 10:17:00+00:00,14239.0,20337X10,0.00669533200562,1873895.0,0.0076009430922567,-0.0066508026793599,0.0075436946935951,0.0110470484942197,0.0014037799555808,0.0092099150642752,-0.0093457410112023,0.0835083052515983,0.0028301633428782,0.0026330249384045,0.0197554118931293,0.0248245578259229,0.0119926305487752,0.0114629361778497,0.0173199251294136,-0.0383201874792575,-0.0058243353851139,-0.0015723630785942,0.022082008421421,0.0052687241695821,0.0220458544790744,0.0026412697043269,0.0118636591359973,0.0090618375688791,0.0061820703558623,-0.0015966304345056,0.0093220043927431,0.0032034902833402,-0.0201511140912771,0.0195970982313156,0.00428450666368,0.0177286211401224,0.0281569901853799,0.0100726578384637,-0.0327801220118999,0.0246559791266918,0.0047190310433506,0.0380953177809715,-0.0136635219678282,-0.0158172510564327,-0.0103895999491214,0.0414887331426143,-0.0131234088912606,0.0042891972698271,-0.0199467577040195,-0.0012240181677043,-0.0094980094581842,0.0055384710431098,0.0077625606209039,0.0761589109897613,-0.0013592559844255,-0.0213869027793407,-0.005898414645344,-0.0386292189359664,-0.0018256051698699,-0.0296252518892288,-0.0032008048146963,-0.0036144256591796,0.0032110828906297,-0.001803895458579,-0.0082304663956165,-0.0101190526038408,-0.018902713432908,-0.0158172510564327,0.0281954165548086,-0.0295622777193784,-0.0292504299432039,0.0120829110965132,-0.0188323743641376,0.0034641723614186,0.0110364463180303,0.0230359937995672,-0.0090175857767462,-0.0325714126229286,0.0234675146639347,-0.0101810125634074,0.0168459843844175,-0.0375612676143646,0.0230096653103828,0.0149171520024538,0.026990570127964,0.0237556602805852,0.0455541349947452,-0.0183231495320797,0.0242982786148786,0.0078343246132135,0.0130879217758774,-0.0105204116553068,-0.0060556968674063,0.0249715447425842,-0.0056864861398935,-0.0117778507992625,0.0212418492883443,0.0159544553607702,0.0140000153332948,-0.0325248166918754,0.0291913114488124,-0.0173347629606723,-0.0019164137775078,-0.016515789553523,0.0245775487273931,0.0075148311443626,-0.0097451359033584,0.0064829243347048,-0.0155185405164957,-0.0379417650401592,-0.0007689525955356,-0.0077359271235764,0.001539088669233,-0.0086912102997303,0.0130618568509817,-0.2013066709041595,-0.0337505228817462,-0.0109047032892704,-0.0015698198694735,0.0077330297790467,-0.0090409377589821,-0.0028408968355506,-0.0170566607266664,-0.0120289148762822,0.0076009430922567,-0.0066508026793599,0.0152019769799234,0.0043227740751354,0.0166270971660738,0.0135725015214847,0.009976294594862,0.1011058488110192,0.0774347329631888,0.101686001272415,0.0389549479035149,0.2573662536150867,0.1771972237135279,-0.1615878429754774,2019-02-04,2019-02-05,2019-02-06,2019-02-07,2019-02-08,2019-02-11,2019-02-12,2019-02-13,2019-02-14,2019-02-15,14239.0,2019-02-01,252.0,0.6695%,-0.0018,1.0506,0.7046,0.4126,2.5357%,2.7844%,17.0698%,0.004282,COMM,14239.0,2019-02-04,252.0,0.7601%,-0.002,1.0453,0.6936,0.3882,2.5294%,2.7780%,17.0971%,-0.001547,COMM,14239.0,2019-02-05,252.0,0.7544%,-0.0019,1.0429,0.6899,0.3802,2.5298%,2.7739%,16.8261%,0.005833,COMM,14239.0,2019-02-06,252.0,0.1404%,-0.0019,1.0571,0.6852,0.395,2.5294%,2.7673%,16.4541%,0.003401,COMM,14239.0,2019-02-07,252.0,-0.9346%,-0.0019,1.0563,0.6857,0.3953,2.5294%,2.7663%,16.3908%,-0.000264,COMM,14239.0,2019-02-08,252.0,0.2830%,-0.0019,1.0555,0.6757,0.3854,2.5290%,2.7657%,16.3850%,0.004164,COMM,14239.0,2019-02-11,252.0,1.9755%,-0.0019,1.0512,0.6997,0.3962,2.5305%,2.7594%,15.9014%,0.012832,COMM,14239.0,2019-02-12,252.0,1.1993%,-0.0019,1.0509,0.7001,0.396,2.5305%,2.7598%,15.9279%,-0.0018709999999999,COMM,14239.0,2019-02-13,252.0,1.7320%,-0.0018,1.054,0.7011,0.3999,2.5323%,2.7619%,15.9338%,0.01358,COMM,14239.0,2019-02-14,252.0,-0.5824%,-0.0018,1.0541,0.699,0.4033,2.5316%,2.7609%,15.9170%,-0.005037,COMM,14239.0,2019-02-15,252.0,2.2082%,-0.0019,1.0488,0.695,0.3958,2.5308%,2.7572%,15.7474%,0.006387,COMM,0.002735,0.008568,0.011969,0.015869,0.04176
38379,COOPER COMPANIES INC,Stephens & Co. Upgrades Cooper Companies to Overweight,6,increase,0.8,0.7,"upgrades from analysts typically signal positive sentiment and can lead to increased investor interest, likely resulting in a rise in stock price.",2,2019-02-01,COO,2019-02-01 14:17:00+00:00,65541.0,21664840,-0.0037308384198695,373358.0,-0.0017283990746364,0.0072629079222679,0.0022003171034157,0.0109219392761588,-0.0050027519464492,0.0004385145148262,-0.0131664043292403,-0.0071476753801107,0.0119126159697771,0.0133837703615427,-0.0030426932498812,0.0117555288597941,0.0103912558406591,0.0048595857806503,-0.000323623069562,-0.007862607948482,-0.007158238440752,0.0080747846513986,0.0110865458846092,-0.0170861445367336,0.0155875086784362,0.0129149965941906,0.0042339339852333,0.0310845281928777,0.0060079805552959,-0.0034800707362592,0.0218629203736782,0.0071251560002565,0.0068697147071361,0.0053434711880981,-0.0198574550449848,0.0174526572227478,-0.0059913801960647,0.0286096259951591,-0.003588595893234,0.0023559113033115,0.0163642894476652,4.066035398864187e-05,-0.0097017483785748,-0.0177553053945303,0.0082334382459521,-0.0152062680572271,-0.0257046092301607,0.0194272231310606,0.0199108943343162,-0.0100325122475624,-0.0010056123137474,0.0310315079987049,0.0024643924552947,0.0510958284139633,0.0144731579348444,-0.0164003930985927,-0.0030035322997719,-0.0008446530555374,0.0092431353405117,-0.0279568023979663,0.0014246919890865,-0.0146832978352904,-0.0069438004866242,0.0112901674583554,0.004775202833116,-0.0220426227897405,-0.0114400004968047,-0.0268997326493263,0.0207410752773284,0.0084403455257415,-0.0184692684561014,-0.0001570378954056,0.0018850691849365,0.0066777397878468,0.0061578042805194,0.0414386540651321,-0.0042840410023927,-0.1228026002645493,0.0072391843423247,0.0077482899650931,0.0040682516992092,-0.0240006018429994,-0.0011817743070423,0.0101496148854494,0.0059833307750523,0.0050824494101107,-0.0017473336774855,0.0147779956459999,-0.0213417578488588,-0.000950189132709,-0.0044371359981596,0.0041098841466009,0.0020384064409881,0.0090343700721859,-0.001965339295566,0.0156437009572982,0.0076694577001035,0.0192411635071039,0.0006857248372398,0.0159657560288906,0.0036316209007054,-0.0310531295835971,0.0091486060991883,0.0304032023996114,-0.0224612150341272,0.0123986219987273,-0.0335317403078079,-0.0036862841807305,0.0069103534333407,-0.0257879663258791,0.0109878256916999,-0.0225914418697357,0.0085469828918576,0.0006351414485834,-0.014926410280168,0.0066955001093447,-0.0033986810594797,0.0239176973700523,0.0241562612354755,0.0053824381902813,-0.0083592552691698,-0.0196636412292718,0.0140963261947035,0.0013304171152412,-0.0017283990746363,0.0072629079222679,0.0004681150027339,0.0182641722377221,-0.0045369788069564,0.0187106958571758,-0.0059412134652585,0.024966019750821,0.0048610338051295,0.0244021005769223,0.0556675451008412,0.1404361329820087,0.0439291765046692,0.059719623128442,2019-02-04,2019-02-05,2019-02-06,2019-02-07,2019-02-08,2019-02-11,2019-02-12,2019-02-13,2019-02-14,2019-02-15,65541.0,2019-02-01,252.0,-0.3731%,0.0004,0.7977,-0.2761,-0.6709,1.2540%,1.6793%,44.2409%,-0.002434,COO,65541.0,2019-02-04,252.0,-0.1728%,0.0004,0.796,-0.2816,-0.6685,1.2554%,1.6791%,44.0947%,-0.009333,COO,65541.0,2019-02-05,252.0,0.2200%,0.0003,0.8007,-0.2779,-0.6592,1.2555%,1.6779%,44.0077%,-0.005559,COO,65541.0,2019-02-06,252.0,-0.5003%,0.0004,0.779,-0.2708,-0.6811,1.2530%,1.6556%,42.7252%,-0.002907,COO,65541.0,2019-02-07,252.0,-1.3166%,0.0005,0.7938,-0.2879,-0.68,1.2443%,1.6572%,43.6226%,-0.003718,COO,65541.0,2019-02-08,252.0,1.1913%,0.0004,0.793,-0.2991,-0.6906,1.2430%,1.6584%,43.8189%,0.00655,COO,65541.0,2019-02-11,252.0,-0.3043%,0.0004,0.7968,-0.3042,-0.6914,1.2429%,1.6458%,42.9679%,-0.000691,COO,65541.0,2019-02-12,252.0,1.0391%,0.0004,0.7933,-0.3013,-0.6937,1.2427%,1.6441%,42.8680%,-0.00166,COO,65541.0,2019-02-13,252.0,-0.0324%,0.0004,0.7997,-0.3131,-0.6963,1.2393%,1.6441%,43.1803%,-0.001979,COO,65541.0,2019-02-14,252.0,-0.7158%,0.0004,0.8023,-0.3173,-0.6926,1.2393%,1.6446%,43.2175%,-0.00799,COO,65541.0,2019-02-15,252.0,1.1087%,0.0004,0.7985,-0.3202,-0.698,1.2384%,1.6425%,43.1455%,0.006039,COO,-0.011767,-0.017326,-0.020233,-0.017401,-0.023682
38387,CORCEPT THERAPEUTICS INC,Corcept shares are trading lower after the company said Q4 revenue will be worse than analysts expected.,6,decrease,0.9,0.8,"the announcement of worse-than-expected q4 revenue typically leads to negative investor sentiment, resulting in a decrease in stock price.",0,2019-02-01,CORT,2019-02-01 13:48:00+00:00,90125.0,21835210,-0.1028623059391975,6102501.0,0.0169491600245237,-0.0444444045424461,0.0794118046760559,0.0025706712622195,0.0526793748140335,-0.0315352790057659,-0.0474547185003757,-0.0195280537009239,0.0280797481536865,-0.1100651994347572,0.0026431481819599,-0.0774882957339286,0.0219683647155761,0.0197547655552625,-0.0094582680612802,-0.0174028966575861,-0.0121528068557381,0.0020120544359087,0.036906860768795,-0.0349514558911323,-0.0279660951346159,-0.0165499821305275,-0.013077643699944,0.0369637235999107,-0.0203179810196161,0.0852435231208801,0.0279530622065067,0.0050395745784044,0.0078947506844997,0.002888083923608,0.0443864427506923,0.0028964490629732,0.0508333034813404,-0.0079022739082574,-0.0111022517085075,0.0072359177283942,0.0272654481232166,0.0290394183248281,-0.005464531481266,-0.0282199271023273,-0.0298273246735334,0.0344311408698558,-0.0291261859238147,0.0261136088520288,0.0191666278988122,0.0132295778021216,-0.0114472117274999,-0.0100153442472219,0.0239867623895406,0.0639344081282615,0.0105008166283369,0.0166666507720947,0.0039968178607523,-0.0790483281016349,-0.0302547849714756,-0.0243354421108961,-0.000821036810521,-0.0877732783555984,0.0115037253126502,-0.049967523664236,-0.0081235077232122,-0.0434513166546821,-0.0229320004582405,-0.0628272220492363,-0.0083822617307305,0.0082112196832895,-0.0557903498411178,-0.0069889831356704,-0.0143240690231323,0.3228043615818024,0.0236149150878191,-0.0046012592501938,0.0,0.0,0.0159715469926595,-0.0297618769109249,0.0253275074064731,-0.0323974639177322,-0.0383304767310619,-0.0028714975342154,0.0106288651004433,-0.0141542684286832,0.0420684069395065,0.013629880733788,-0.0117746293544769,0.022743908688426,0.0204255115240812,0.0202096160501241,0.0108423782512545,0.0511408038437366,-0.0090758791193366,-0.0031372518278658,0.0191506687551736,0.0408163256943225,-0.0040849829092621,0.0132340649142861,-0.0221492629498243,-0.0714285895228385,-0.0117449956014752,0.0007686570752412,0.0,0.0458199903368949,0.0127334957942366,-0.0063898460939526,0.0025146463885903,-0.0118389595299959,0.0259197670966386,-0.0261337552219629,0.0,-0.0276532042771577,-0.0008150145295076,-0.0339350365102291,-0.0138662373647093,0.0282108467072248,0.0008271487895399,0.0274600014090538,0.0264462549239397,0.0413025803864002,-0.0032206089235842,0.0294358637183904,0.0169491600245237,-0.0444444045424461,0.0977069280858704,-0.0419879852337503,0.1555334427864674,-0.0721991614102799,0.1316052491679886,-0.1904417131463763,0.1764706347122524,-0.2763753761784184,0.2273181118473501,-0.2744970519247657,0.2342971448670421,-0.0858544010584195,2019-02-04,2019-02-05,2019-02-06,2019-02-07,2019-02-08,2019-02-11,2019-02-12,2019-02-13,2019-02-14,2019-02-15,90125.0,2019-02-01,252.0,-10.2862%,-0.0021,1.6342,1.0657,0.7107,3.8778%,4.2647%,17.3204%,-0.107219,CORT,90125.0,2019-02-04,252.0,1.6949%,-0.0023,1.6254,1.0483,0.6648,3.8638%,4.2508%,17.3796%,0.003237,CORT,90125.0,2019-02-05,252.0,7.9412%,-0.002,1.628,1.0204,0.6132,3.8958%,4.2772%,17.0372%,0.07715,CORT,90125.0,2019-02-06,252.0,5.2679%,-0.0011,1.2742,1.1333,0.2721,3.6813%,3.9572%,13.4590%,0.055834,CORT,90125.0,2019-02-07,252.0,-4.7455%,-0.0011,1.3059,1.1074,0.2671,3.6790%,3.9651%,13.9079%,-0.035293,CORT,90125.0,2019-02-08,252.0,2.8080%,-0.0009,1.3004,1.1173,0.2504,3.6817%,3.9678%,13.8991%,0.028094,CORT,90125.0,2019-02-11,252.0,0.2643%,-0.0007,1.235,1.1708,0.2451,3.6686%,3.9306%,12.8853%,-0.007228,CORT,90125.0,2019-02-12,252.0,2.1968%,-0.0005,1.2635,1.1389,0.2653,3.6586%,3.9276%,13.2282%,0.005254,CORT,90125.0,2019-02-13,252.0,-0.9458%,-0.0007,1.2471,1.1611,0.266,3.6542%,3.9190%,13.0573%,-0.013965,CORT,90125.0,2019-02-14,252.0,-1.2153%,-0.0007,1.2517,1.1545,0.2708,3.6527%,3.9182%,13.0916%,-0.014129,CORT,90125.0,2019-02-15,252.0,3.6907%,-0.0008,1.2214,1.1294,0.2243,3.6400%,3.8968%,12.7451%,0.018477,CORT,-0.1039819999999999,-0.0268319999999999,0.029002,0.021803,0.010212
38395,CORCEPT THERAPEUTICS INC,"Cantor Fitzgerald Downgrades Corcept Therapeutics to Neutral, Lowers Price Target to $14",6,decrease,0.8,0.7,"a downgrade from a financial analyst typically signals reduced expectations for a company's performance, which can lead to a decrease in stock price.",0,2019-02-01,CORT,2019-02-01 12:56:00+00:00,90125.0,21835210,-0.1028623059391975,6102501.0,0.0169491600245237,-0.0444444045424461,0.0794118046760559,0.0025706712622195,0.0526793748140335,-0.0315352790057659,-0.0474547185003757,-0.0195280537009239,0.0280797481536865,-0.1100651994347572,0.0026431481819599,-0.0774882957339286,0.0219683647155761,0.0197547655552625,-0.0094582680612802,-0.0174028966575861,-0.0121528068557381,0.0020120544359087,0.036906860768795,-0.0349514558911323,-0.0279660951346159,-0.0165499821305275,-0.013077643699944,0.0369637235999107,-0.0203179810196161,0.0852435231208801,0.0279530622065067,0.0050395745784044,0.0078947506844997,0.002888083923608,0.0443864427506923,0.0028964490629732,0.0508333034813404,-0.0079022739082574,-0.0111022517085075,0.0072359177283942,0.0272654481232166,0.0290394183248281,-0.005464531481266,-0.0282199271023273,-0.0298273246735334,0.0344311408698558,-0.0291261859238147,0.0261136088520288,0.0191666278988122,0.0132295778021216,-0.0114472117274999,-0.0100153442472219,0.0239867623895406,0.0639344081282615,0.0105008166283369,0.0166666507720947,0.0039968178607523,-0.0790483281016349,-0.0302547849714756,-0.0243354421108961,-0.000821036810521,-0.0877732783555984,0.0115037253126502,-0.049967523664236,-0.0081235077232122,-0.0434513166546821,-0.0229320004582405,-0.0628272220492363,-0.0083822617307305,0.0082112196832895,-0.0557903498411178,-0.0069889831356704,-0.0143240690231323,0.3228043615818024,0.0236149150878191,-0.0046012592501938,0.0,0.0,0.0159715469926595,-0.0297618769109249,0.0253275074064731,-0.0323974639177322,-0.0383304767310619,-0.0028714975342154,0.0106288651004433,-0.0141542684286832,0.0420684069395065,0.013629880733788,-0.0117746293544769,0.022743908688426,0.0204255115240812,0.0202096160501241,0.0108423782512545,0.0511408038437366,-0.0090758791193366,-0.0031372518278658,0.0191506687551736,0.0408163256943225,-0.0040849829092621,0.0132340649142861,-0.0221492629498243,-0.0714285895228385,-0.0117449956014752,0.0007686570752412,0.0,0.0458199903368949,0.0127334957942366,-0.0063898460939526,0.0025146463885903,-0.0118389595299959,0.0259197670966386,-0.0261337552219629,0.0,-0.0276532042771577,-0.0008150145295076,-0.0339350365102291,-0.0138662373647093,0.0282108467072248,0.0008271487895399,0.0274600014090538,0.0264462549239397,0.0413025803864002,-0.0032206089235842,0.0294358637183904,0.0169491600245237,-0.0444444045424461,0.0977069280858704,-0.0419879852337503,0.1555334427864674,-0.0721991614102799,0.1316052491679886,-0.1904417131463763,0.1764706347122524,-0.2763753761784184,0.2273181118473501,-0.2744970519247657,0.2342971448670421,-0.0858544010584195,2019-02-04,2019-02-05,2019-02-06,2019-02-07,2019-02-08,2019-02-11,2019-02-12,2019-02-13,2019-02-14,2019-02-15,90125.0,2019-02-01,252.0,-10.2862%,-0.0021,1.6342,1.0657,0.7107,3.8778%,4.2647%,17.3204%,-0.107219,CORT,90125.0,2019-02-04,252.0,1.6949%,-0.0023,1.6254,1.0483,0.6648,3.8638%,4.2508%,17.3796%,0.003237,CORT,90125.0,2019-02-05,252.0,7.9412%,-0.002,1.628,1.0204,0.6132,3.8958%,4.2772%,17.0372%,0.07715,CORT,90125.0,2019-02-06,252.0,5.2679%,-0.0011,1.2742,1.1333,0.2721,3.6813%,3.9572%,13.4590%,0.055834,CORT,90125.0,2019-02-07,252.0,-4.7455%,-0.0011,1.3059,1.1074,0.2671,3.6790%,3.9651%,13.9079%,-0.035293,CORT,90125.0,2019-02-08,252.0,2.8080%,-0.0009,1.3004,1.1173,0.2504,3.6817%,3.9678%,13.8991%,0.028094,CORT,90125.0,2019-02-11,252.0,0.2643%,-0.0007,1.235,1.1708,0.2451,3.6686%,3.9306%,12.8853%,-0.007228,CORT,90125.0,2019-02-12,252.0,2.1968%,-0.0005,1.2635,1.1389,0.2653,3.6586%,3.9276%,13.2282%,0.005254,CORT,90125.0,2019-02-13,252.0,-0.9458%,-0.0007,1.2471,1.1611,0.266,3.6542%,3.9190%,13.0573%,-0.013965,CORT,90125.0,2019-02-14,252.0,-1.2153%,-0.0007,1.2517,1.1545,0.2708,3.6527%,3.9182%,13.0916%,-0.014129,CORT,90125.0,2019-02-15,252.0,3.6907%,-0.0008,1.2214,1.1294,0.2243,3.6400%,3.8968%,12.7451%,0.018477,CORT,-0.1039819999999999,-0.0268319999999999,0.029002,0.021803,0.010212
38403,DOMINION ENERGY INC,"Dominion Energy Sees Q1 EPS $1.05-$1.25 vs $1.11 Est., FY19 EPS $4.05-$4.40 vs $4.07 Est.",6,uncertain,0.6,0.3,"while the q1 eps guidance is slightly below estimates, the fy19 eps guidance is in line with expectations, leading to uncertainty in the stock's immediate reaction.",1,2019-02-01,D,2019-02-01 12:35:00+00:00,64936.0,25746U10,0.0103929862380027,5090154.0,0.006763360928744,0.0115206707268953,0.0067180320620536,0.0109186191111803,-0.0019463282078504,0.0046804109588265,0.0122579364106059,-0.0114228008314967,0.0052291853353381,0.000434057728853,-0.0032854960300028,-0.0043209427967667,0.0053563988767564,0.012246741913259,0.000683101825416,-0.0026174250524491,-0.0047781360335648,-0.0024659964255988,0.0049382797442376,-0.0004349540104158,0.0038219869602471,0.0013066778192296,0.0,0.0133882006630301,0.0108783710747957,-0.0269147790968418,0.0095508033409714,-0.0285118632018566,0.0009327073930762,-0.0044309012591838,-0.0163738466799259,-0.0016587658319622,0.0059548309072852,0.0116066867485642,0.0091146845370531,-0.009693905711174,0.00944803096354,0.019339395686984,0.0064179128967225,-0.0047766785137355,0.0023913951590657,-0.0039182589389383,0.0050365128554403,-0.0245700646191835,0.0038243560120463,0.0001365479402011,-0.0051234811544418,0.013139653019607,0.0077907871454954,0.0165916793048381,0.0001310552470386,-0.0503404550254344,-0.0003930142556782,0.0009355746442452,0.0044560460373759,0.0095803411677479,0.0052192267030477,0.0070662358775734,-0.0055815200321376,-0.0055405898019671,-0.0185354147106409,-0.0379614941775798,-0.0033249100670218,0.0114397779107093,0.0022684568539261,0.0104969553649425,0.0054586078040301,-0.0129835782572627,0.0055615175515413,-0.0002621822932269,0.0123781245201826,0.008728951215744,-0.0005203032633289,0.0110992491245269,-0.0152264218777418,0.00391661003232,0.0130831971764564,0.002528982469812,0.00039132242091,0.0084563391283154,0.0036510466597974,0.0101694911718368,-0.0001299485011259,0.0058647068217396,-0.0007795940618962,-0.0106598418205976,0.0074122194200754,0.0016218780074268,-0.0103266173973679,0.0121750943362712,-0.0036519994027912,-0.003408316290006,-0.0073307706043124,-0.0175462774932384,0.0061980905011296,0.0032250133808702,0.0018348543671891,0.0110039068385958,0.0030088399071246,0.0021784026175737,-0.020216453820467,-0.0027156085707247,0.0019967237021774,-0.0049985833466053,-0.0046499068848788,0.0080348132178187,-0.0029364819638431,0.016332184895873,0.0100401611998677,0.014462212100625,0.0111332535743713,0.0005619684816338,0.0034080762416124,0.0072166710160672,0.0031351777724921,0.0062650549225509,-0.0080740032717585,0.0048648444935679,0.0223185587674379,-0.0062562553212046,0.006763360928744,0.0115206707268953,0.0135268294663644,0.0225650796536478,0.0115541736087607,0.0273511044585721,0.0293081842278153,0.0160567133294586,0.0322671680044182,0.0184137532078354,0.0928379020518426,-0.0508108399511461,0.1108117697338144,0.0098720626276056,2019-02-04,2019-02-05,2019-02-06,2019-02-07,2019-02-08,2019-02-11,2019-02-12,2019-02-13,2019-02-14,2019-02-15,64936.0,2019-02-01,252.0,1.0393%,-0.0001,0.1299,-0.4988,-0.1144,1.0933%,1.1356%,7.3135%,0.009977,D,64936.0,2019-02-04,252.0,0.6763%,-0.0,0.1325,-0.4917,-0.1104,1.0936%,1.1355%,7.2360%,0.007596,D,64936.0,2019-02-05,252.0,0.6718%,-0.0,0.1323,-0.4936,-0.1141,1.0941%,1.1361%,7.2612%,0.004993,D,64936.0,2019-02-06,252.0,-0.1946%,-0.0,0.1244,-0.491,-0.1221,1.0937%,1.1332%,6.8386%,-0.001725,D,64936.0,2019-02-07,252.0,1.2258%,0.0001,0.1284,-0.5019,-0.1178,1.0939%,1.1347%,7.0532%,0.0131519999999999,D,64936.0,2019-02-08,252.0,0.5229%,0.0001,0.1276,-0.5015,-0.1209,1.0942%,1.1347%,7.0048%,0.004452,D,64936.0,2019-02-11,252.0,-0.3285%,0.0001,0.1317,-0.5056,-0.1209,1.0940%,1.1342%,6.9582%,2.3999999999999997e-05,D,64936.0,2019-02-12,252.0,0.5356%,0.0001,0.1276,-0.4979,-0.1244,1.0924%,1.1310%,6.7082%,0.00336,D,64936.0,2019-02-13,252.0,0.0683%,0.0,0.1243,-0.4921,-0.1232,1.0914%,1.1286%,6.4795%,0.000612,D,64936.0,2019-02-14,252.0,-0.4778%,0.0,0.1252,-0.4936,-0.122,1.0914%,1.1289%,6.5323%,-0.002773,D,64936.0,2019-02-15,252.0,0.4938%,0.0001,0.1368,-0.4825,-0.1023,1.0900%,1.1276%,6.5495%,0.005243,D,0.017573,0.022566,0.020841,0.0384449999999999,0.044911
38411,DOMINION ENERGY INC,"UPDATE: Dominion Resources Q4 Operating EPS $0.89 Misses $0.94 Estimate, Sales $3.36B Miss $3.46B Estimate",6,decrease,0.8,0.7,"the company's q4 operating eps and sales both missed analyst estimates, which typically leads to a negative reaction in stock prices.",0,2019-02-01,D,2019-02-01 12:34:00+00:00,64936.0,25746U10,0.0103929862380027,5090154.0,0.006763360928744,0.0115206707268953,0.0067180320620536,0.0109186191111803,-0.0019463282078504,0.0046804109588265,0.0122579364106059,-0.0114228008314967,0.0052291853353381,0.000434057728853,-0.0032854960300028,-0.0043209427967667,0.0053563988767564,0.012246741913259,0.000683101825416,-0.0026174250524491,-0.0047781360335648,-0.0024659964255988,0.0049382797442376,-0.0004349540104158,0.0038219869602471,0.0013066778192296,0.0,0.0133882006630301,0.0108783710747957,-0.0269147790968418,0.0095508033409714,-0.0285118632018566,0.0009327073930762,-0.0044309012591838,-0.0163738466799259,-0.0016587658319622,0.0059548309072852,0.0116066867485642,0.0091146845370531,-0.009693905711174,0.00944803096354,0.019339395686984,0.0064179128967225,-0.0047766785137355,0.0023913951590657,-0.0039182589389383,0.0050365128554403,-0.0245700646191835,0.0038243560120463,0.0001365479402011,-0.0051234811544418,0.013139653019607,0.0077907871454954,0.0165916793048381,0.0001310552470386,-0.0503404550254344,-0.0003930142556782,0.0009355746442452,0.0044560460373759,0.0095803411677479,0.0052192267030477,0.0070662358775734,-0.0055815200321376,-0.0055405898019671,-0.0185354147106409,-0.0379614941775798,-0.0033249100670218,0.0114397779107093,0.0022684568539261,0.0104969553649425,0.0054586078040301,-0.0129835782572627,0.0055615175515413,-0.0002621822932269,0.0123781245201826,0.008728951215744,-0.0005203032633289,0.0110992491245269,-0.0152264218777418,0.00391661003232,0.0130831971764564,0.002528982469812,0.00039132242091,0.0084563391283154,0.0036510466597974,0.0101694911718368,-0.0001299485011259,0.0058647068217396,-0.0007795940618962,-0.0106598418205976,0.0074122194200754,0.0016218780074268,-0.0103266173973679,0.0121750943362712,-0.0036519994027912,-0.003408316290006,-0.0073307706043124,-0.0175462774932384,0.0061980905011296,0.0032250133808702,0.0018348543671891,0.0110039068385958,0.0030088399071246,0.0021784026175737,-0.020216453820467,-0.0027156085707247,0.0019967237021774,-0.0049985833466053,-0.0046499068848788,0.0080348132178187,-0.0029364819638431,0.016332184895873,0.0100401611998677,0.014462212100625,0.0111332535743713,0.0005619684816338,0.0034080762416124,0.0072166710160672,0.0031351777724921,0.0062650549225509,-0.0080740032717585,0.0048648444935679,0.0223185587674379,-0.0062562553212046,0.006763360928744,0.0115206707268953,0.0135268294663644,0.0225650796536478,0.0115541736087607,0.0273511044585721,0.0293081842278153,0.0160567133294586,0.0322671680044182,0.0184137532078354,0.0928379020518426,-0.0508108399511461,0.1108117697338144,0.0098720626276056,2019-02-04,2019-02-05,2019-02-06,2019-02-07,2019-02-08,2019-02-11,2019-02-12,2019-02-13,2019-02-14,2019-02-15,64936.0,2019-02-01,252.0,1.0393%,-0.0001,0.1299,-0.4988,-0.1144,1.0933%,1.1356%,7.3135%,0.009977,D,64936.0,2019-02-04,252.0,0.6763%,-0.0,0.1325,-0.4917,-0.1104,1.0936%,1.1355%,7.2360%,0.007596,D,64936.0,2019-02-05,252.0,0.6718%,-0.0,0.1323,-0.4936,-0.1141,1.0941%,1.1361%,7.2612%,0.004993,D,64936.0,2019-02-06,252.0,-0.1946%,-0.0,0.1244,-0.491,-0.1221,1.0937%,1.1332%,6.8386%,-0.001725,D,64936.0,2019-02-07,252.0,1.2258%,0.0001,0.1284,-0.5019,-0.1178,1.0939%,1.1347%,7.0532%,0.0131519999999999,D,64936.0,2019-02-08,252.0,0.5229%,0.0001,0.1276,-0.5015,-0.1209,1.0942%,1.1347%,7.0048%,0.004452,D,64936.0,2019-02-11,252.0,-0.3285%,0.0001,0.1317,-0.5056,-0.1209,1.0940%,1.1342%,6.9582%,2.3999999999999997e-05,D,64936.0,2019-02-12,252.0,0.5356%,0.0001,0.1276,-0.4979,-0.1244,1.0924%,1.1310%,6.7082%,0.00336,D,64936.0,2019-02-13,252.0,0.0683%,0.0,0.1243,-0.4921,-0.1232,1.0914%,1.1286%,6.4795%,0.000612,D,64936.0,2019-02-14,252.0,-0.4778%,0.0,0.1252,-0.4936,-0.122,1.0914%,1.1289%,6.5323%,-0.002773,D,64936.0,2019-02-15,252.0,0.4938%,0.0001,0.1368,-0.4825,-0.1023,1.0900%,1.1276%,6.5495%,0.005243,D,0.017573,0.022566,0.020841,0.0384449999999999,0.044911
38419,DOMINION ENERGY INC,"Dominion Resources Q4 GAAP EPS $0.97 vs $0.94 Estimate, Sales $3.36B Miss $3.46B Estimate",6,decrease,0.7,0.6,"the earnings per share exceeded estimates, but the significant miss in sales suggests underlying weaknesses that could negatively impact investor sentiment.",0,2019-02-01,D,2019-02-01 12:32:00+00:00,64936.0,25746U10,0.0103929862380027,5090154.0,0.006763360928744,0.0115206707268953,0.0067180320620536,0.0109186191111803,-0.0019463282078504,0.0046804109588265,0.0122579364106059,-0.0114228008314967,0.0052291853353381,0.000434057728853,-0.0032854960300028,-0.0043209427967667,0.0053563988767564,0.012246741913259,0.000683101825416,-0.0026174250524491,-0.0047781360335648,-0.0024659964255988,0.0049382797442376,-0.0004349540104158,0.0038219869602471,0.0013066778192296,0.0,0.0133882006630301,0.0108783710747957,-0.0269147790968418,0.0095508033409714,-0.0285118632018566,0.0009327073930762,-0.0044309012591838,-0.0163738466799259,-0.0016587658319622,0.0059548309072852,0.0116066867485642,0.0091146845370531,-0.009693905711174,0.00944803096354,0.019339395686984,0.0064179128967225,-0.0047766785137355,0.0023913951590657,-0.0039182589389383,0.0050365128554403,-0.0245700646191835,0.0038243560120463,0.0001365479402011,-0.0051234811544418,0.013139653019607,0.0077907871454954,0.0165916793048381,0.0001310552470386,-0.0503404550254344,-0.0003930142556782,0.0009355746442452,0.0044560460373759,0.0095803411677479,0.0052192267030477,0.0070662358775734,-0.0055815200321376,-0.0055405898019671,-0.0185354147106409,-0.0379614941775798,-0.0033249100670218,0.0114397779107093,0.0022684568539261,0.0104969553649425,0.0054586078040301,-0.0129835782572627,0.0055615175515413,-0.0002621822932269,0.0123781245201826,0.008728951215744,-0.0005203032633289,0.0110992491245269,-0.0152264218777418,0.00391661003232,0.0130831971764564,0.002528982469812,0.00039132242091,0.0084563391283154,0.0036510466597974,0.0101694911718368,-0.0001299485011259,0.0058647068217396,-0.0007795940618962,-0.0106598418205976,0.0074122194200754,0.0016218780074268,-0.0103266173973679,0.0121750943362712,-0.0036519994027912,-0.003408316290006,-0.0073307706043124,-0.0175462774932384,0.0061980905011296,0.0032250133808702,0.0018348543671891,0.0110039068385958,0.0030088399071246,0.0021784026175737,-0.020216453820467,-0.0027156085707247,0.0019967237021774,-0.0049985833466053,-0.0046499068848788,0.0080348132178187,-0.0029364819638431,0.016332184895873,0.0100401611998677,0.014462212100625,0.0111332535743713,0.0005619684816338,0.0034080762416124,0.0072166710160672,0.0031351777724921,0.0062650549225509,-0.0080740032717585,0.0048648444935679,0.0223185587674379,-0.0062562553212046,0.006763360928744,0.0115206707268953,0.0135268294663644,0.0225650796536478,0.0115541736087607,0.0273511044585721,0.0293081842278153,0.0160567133294586,0.0322671680044182,0.0184137532078354,0.0928379020518426,-0.0508108399511461,0.1108117697338144,0.0098720626276056,2019-02-04,2019-02-05,2019-02-06,2019-02-07,2019-02-08,2019-02-11,2019-02-12,2019-02-13,2019-02-14,2019-02-15,64936.0,2019-02-01,252.0,1.0393%,-0.0001,0.1299,-0.4988,-0.1144,1.0933%,1.1356%,7.3135%,0.009977,D,64936.0,2019-02-04,252.0,0.6763%,-0.0,0.1325,-0.4917,-0.1104,1.0936%,1.1355%,7.2360%,0.007596,D,64936.0,2019-02-05,252.0,0.6718%,-0.0,0.1323,-0.4936,-0.1141,1.0941%,1.1361%,7.2612%,0.004993,D,64936.0,2019-02-06,252.0,-0.1946%,-0.0,0.1244,-0.491,-0.1221,1.0937%,1.1332%,6.8386%,-0.001725,D,64936.0,2019-02-07,252.0,1.2258%,0.0001,0.1284,-0.5019,-0.1178,1.0939%,1.1347%,7.0532%,0.0131519999999999,D,64936.0,2019-02-08,252.0,0.5229%,0.0001,0.1276,-0.5015,-0.1209,1.0942%,1.1347%,7.0048%,0.004452,D,64936.0,2019-02-11,252.0,-0.3285%,0.0001,0.1317,-0.5056,-0.1209,1.0940%,1.1342%,6.9582%,2.3999999999999997e-05,D,64936.0,2019-02-12,252.0,0.5356%,0.0001,0.1276,-0.4979,-0.1244,1.0924%,1.1310%,6.7082%,0.00336,D,64936.0,2019-02-13,252.0,0.0683%,0.0,0.1243,-0.4921,-0.1232,1.0914%,1.1286%,6.4795%,0.000612,D,64936.0,2019-02-14,252.0,-0.4778%,0.0,0.1252,-0.4936,-0.122,1.0914%,1.1289%,6.5323%,-0.002773,D,64936.0,2019-02-15,252.0,0.4938%,0.0001,0.1368,-0.4825,-0.1023,1.0900%,1.1276%,6.5495%,0.005243,D,0.017573,0.022566,0.020841,0.0384449999999999,0.044911
38427,DELTA AIR LINES INC,Delta Air Looking To Sell Pennsylvania Refinery After Efforts To Seek Partner Failed,6,decrease,0.7,0.6,"the decision to sell the pennsylvania refinery suggests operational challenges and a potential loss of a revenue stream, which could negatively impact investor sentiment and lead to a decrease in stock price.",0,2019-02-01,DAL,2019-02-01 20:05:00+00:00,91926.0,24736170,0.009912964887917,6173025.0,0.0084135020151734,-0.0167097710072994,0.0039729988202452,0.0425134636461734,-0.0003957352018915,0.0043741492554545,-0.002177367452532,0.0067099956795573,0.0011902672704309,0.0035774025600403,0.0027739128563553,0.0046511888504028,-0.0142264617606997,0.0042463010177016,0.0104229394346475,-0.0209935996681451,0.0013886073138564,-0.0022812236566096,0.0118859410285949,0.0151579203084111,0.0144870365038514,-0.0068994737230241,-0.0111925518140196,0.0016754310345277,0.0046837991103529,-0.0166804231703281,0.0007770185475237,-0.0034885732457041,-0.0021351049654185,0.0053641078993678,-0.0056409435346722,0.0210659354925155,-0.0134976264089345,-0.0079414267092943,-0.0099147027358412,0.0012554416898638,-0.0125050973147153,0.047796543687582,-0.0034721849951893,-0.0894389972090721,0.0190612897276878,0.0038075875490903,-0.00020116927044,-0.0055798878893256,-0.0024139797315001,-0.0063366275280714,0.0,0.0017853630706667,0.0308529697358608,0.051084253937006,-0.0088028321042656,-0.0301314797252416,0.0069074858911335,-0.0286780409514904,-0.0015680483775213,-0.0196418333798646,0.0049077346920967,-0.0192634649574756,-0.0087907202541828,0.0106890890747308,0.004335778299719,-0.0209306478500366,-0.021389327943325,-0.0007469825795851,0.0086224246770143,-0.0483383908867836,-0.0107356049120426,0.0067990887910127,-0.0146704092621803,-0.0076349484734237,0.0012237685732543,0.004458712413907,0.0179262794554233,-0.0346074737608432,0.0070041716098785,0.0200211312621831,0.0264308787882328,-0.0528942160308361,0.0102613503113389,-0.0097183361649513,0.0603679865598678,0.0314304865896701,0.0301825068891048,-0.0001698372943792,0.0038596705999225,0.0096037993207573,0.0089129377156496,0.0282137598842382,-0.0003464482433628,-0.0078726513311266,-0.0131692662835121,0.0212613642215728,0.0159789267927408,0.0101065039634704,0.0091600203886628,-0.0138814523816108,-0.0058229174464941,0.0051877833902835,-0.0103358915075659,-0.003565008053556,0.0114882476627826,-0.005847985856235,0.0055067921057343,-0.006863769609481,-0.0044498057104647,0.002116383286193,-0.0072201853618025,0.0008825990371406,0.0084848776459693,-0.0014101536944508,-0.0066964835859835,-0.0010565482079982,-0.0197061263024807,0.0237966403365135,0.0070534567348659,-0.0041034435853362,0.0108562232926487,-0.0012473217211663,0.009700353257358,0.0014275163412094,0.0084135020151734,-0.0167097710072994,0.0124199276689991,0.0250933023966193,0.012019277464524,0.0295772135020688,0.0110176902524834,0.040193598653456,0.0232372536149803,0.0406315861900774,0.0236016093781135,-0.0564993094833321,0.1759112483046034,-0.1123859915878688,2019-02-04,2019-02-05,2019-02-06,2019-02-07,2019-02-08,2019-02-11,2019-02-12,2019-02-13,2019-02-14,2019-02-15,91926.0,2019-02-01,252.0,0.9913%,-0.0002,1.0071,0.2335,0.0371,1.4032%,1.8047%,39.5425%,0.008564,DAL,91926.0,2019-02-04,252.0,0.8414%,-0.0002,1.0084,0.2363,0.0429,1.4026%,1.8051%,39.6264%,0.000113,DAL,91926.0,2019-02-05,252.0,0.3973%,-0.0002,0.9994,0.2332,0.0328,1.4011%,1.7942%,39.0181%,-1.7e-05,DAL,91926.0,2019-02-06,252.0,-0.0396%,-0.0002,0.9998,0.233,0.0335,1.4011%,1.7777%,37.8769%,0.001703,DAL,91926.0,2019-02-07,252.0,-0.2177%,-0.0001,1.0004,0.2291,0.0357,1.4016%,1.7764%,37.7424%,0.007193,DAL,91926.0,2019-02-08,252.0,0.1190%,-0.0002,1.0008,0.2137,0.0272,1.3976%,1.7741%,37.9419%,0.0003209999999999,DAL,91926.0,2019-02-11,252.0,0.2774%,-0.0001,0.9828,0.2308,0.027,1.3948%,1.7474%,36.2800%,-0.0002,DAL,91926.0,2019-02-12,252.0,-1.4226%,-0.0001,0.9841,0.2089,0.0316,1.3952%,1.7471%,36.2282%,-0.027692,DAL,91926.0,2019-02-13,252.0,1.0423%,-0.0002,0.9764,0.2251,0.0363,1.3906%,1.7370%,35.9071%,0.0074199999999999,DAL,91926.0,2019-02-14,252.0,0.1389%,-0.0001,0.9758,0.2265,0.0347,1.3907%,1.7370%,35.8966%,0.002379,DAL,91926.0,2019-02-15,252.0,1.1886%,-0.0001,0.9884,0.2378,0.0551,1.3874%,1.7386%,36.3138%,2.6e-05,DAL,0.008677,0.00866,0.010363,0.017877,-0.00019
38435,DEUTSCHE BANK A G,"Deutsche Bank Option Alert: Jan, 2020 $8 Calls at the Ask: 1000 @ $1.91 vs 1499 OI; Earnings 2/1 Before Open Ref=$8.785",6,increase,0.7,0.6,"the purchase of a significant number of call options suggests bullish sentiment among investors, indicating they expect the stock price to rise, especially ahead of the upcoming earnings report.",2,2019-02-01,DB,2019-02-01 15:31:00+00:00,89199.0,D1819089,-0.0033783481922,12559031.0,-0.0056497389450669,-0.0441334620118141,0.0113635715097188,0.0065005873329937,0.0056179990060627,-0.0043150931596755,-0.0659218057990074,0.0032468277495354,-0.0203349385410547,0.042889405041933,0.0158730298280715,-0.0209945328533649,0.0264423415064811,0.022598847746849,0.0,-0.031728658825159,-0.0234191808849573,0.0246637072414159,0.0551558770239353,-0.0398277603089809,-0.021590968593955,0.0764773860573768,0.0150987366214394,0.0058275279588997,-0.0091533092781901,0.002336390549317,-0.0011547608301043,-0.0058071124367415,0.0138729298487305,0.0058410321362316,0.0171037185937166,-0.0205948911607265,0.0213004015386104,0.0045976969413459,0.0142700457945466,0.0211266838014125,0.005411276128143,0.0531520769000053,-0.0096878530457615,-0.0134145924821496,-0.004347822163254,0.0061349929310381,0.0010917281033471,0.0124222887679934,-0.0556161627173423,0.030729865655303,-0.0023094115313142,-0.0428921468555927,0.0555555000901222,0.031605564057827,-0.0285087972879409,0.0050825872458517,0.0225734505802393,-0.0235732663422823,-0.016556354239583,-0.0370369739830493,-0.0033669734839349,-0.0368239022791385,0.0427928045392036,0.0104650231078267,-0.0226781889796257,-0.0227272510528564,-0.0298343040049076,-0.0078917359933257,-0.0398632623255252,-0.0177186988294124,-0.0260973032563924,0.0840335935354232,-0.0048721022903919,-0.0059666098095476,0.013463850133121,-0.0400915741920471,0.0217391680926084,-0.019101133570075,-0.0319149494171142,-0.0176601316779851,-0.0085469717159867,-0.0351437591016292,0.0529557019472122,0.0251092240214347,-0.0058479756116867,-0.0276008732616901,0.0105882529169321,-0.0475227758288383,-0.0104773165658116,0.0050813201814889,-0.0176470130681991,0.0113053051754832,-0.0035928965080529,0.051891840994358,-0.0096153756603598,-0.0201270747929811,-0.003640744369477,0.0227519012987613,0.0219245199114084,-0.0562372393906116,0.0262216087430715,-0.0030581739265471,0.0034844004549086,-0.0090908287093043,0.0266203172504901,0.0030394867062568,0.0067644217051565,0.0010142220417037,-0.0167973767966032,0.013360752724111,-0.0034168262500315,-0.0385375842452049,-0.0240000039339065,-0.0212766211479902,-0.0046838363632559,-0.0254476442933082,-0.0176470130681991,0.0162835326045751,-0.0191617719829082,-0.0019120896467939,0.0158730298280715,-0.0057034618221223,-0.0048076878301799,0.0263415072113275,-0.0056497389450669,-0.0441334620118141,0.0056496313521383,-0.0379197681029355,0.011299369981522,-0.0420712339306535,-0.0745763583720269,0.0022573865197319,-0.0056497398741093,-0.0441334603798818,0.0463276649218831,0.0325581093921683,-0.0644068528653658,-0.1336585226055228,2019-02-04,2019-02-05,2019-02-06,2019-02-07,2019-02-08,2019-02-11,2019-02-12,2019-02-13,2019-02-14,2019-02-15,89199.0,2019-02-01,252.0,-0.3378%,-0.0021,1.3032,0.5671,1.348,1.8272%,2.2814%,35.8530%,-0.0103889999999999,DB,89199.0,2019-02-04,252.0,-0.5650%,-0.0021,1.2992,0.5569,1.3402,1.8269%,2.2782%,35.6898%,-0.011653,DB,89199.0,2019-02-05,252.0,1.1364%,-0.0019,1.255,0.5357,1.2803,1.8014%,2.2216%,34.2535%,0.0141629999999999,DB,89199.0,2019-02-06,252.0,0.5618%,-0.0019,1.28,0.5275,1.3062,1.7997%,2.2086%,33.6009%,0.007436,DB,89199.0,2019-02-07,252.0,-6.5922%,-0.0021,1.2983,0.5285,1.2929,1.8341%,2.2440%,33.1941%,-0.0585259999999999,DB,89199.0,2019-02-08,252.0,-2.0335%,-0.0021,1.2995,0.5535,1.3144,1.8288%,2.2419%,33.4596%,-0.012946,DB,89199.0,2019-02-11,252.0,1.5873%,-0.002,1.3029,0.563,1.3213,1.8297%,2.2339%,32.9166%,0.007277,DB,89199.0,2019-02-12,252.0,2.6442%,-0.0019,1.3147,0.5571,1.3284,1.8306%,2.2406%,33.2511%,0.010757,DB,89199.0,2019-02-13,252.0,0.0000%,-0.002,1.306,0.5707,1.33,1.8271%,2.2328%,33.0366%,-0.0050449999999999,DB,89199.0,2019-02-14,252.0,-2.3419%,-0.0021,1.3097,0.5633,1.3374,1.8288%,2.2366%,33.1406%,-0.01603,DB,89199.0,2019-02-15,252.0,5.5156%,-0.0019,1.3352,0.59,1.3838,1.8413%,2.2602%,33.6351%,0.032429,DB,-0.022042,-0.007879,-0.0004429999999999,-0.0719149999999999,-0.0425269999999999
38443,DEUTSCHE BANK A G,Deutsche Bank shares are trading lower after the company announced Q4 revenue of $6.41B versus the $6.52B estimate.,6,decrease,0.8,0.7,"the announcement of lower-than-expected q4 revenue typically leads to negative investor sentiment, resulting in a decrease in stock price.",0,2019-02-01,DB,2019-02-01 13:28:00+00:00,89199.0,D1819089,-0.0033783481922,12559031.0,-0.0056497389450669,-0.0441334620118141,0.0113635715097188,0.0065005873329937,0.0056179990060627,-0.0043150931596755,-0.0659218057990074,0.0032468277495354,-0.0203349385410547,0.042889405041933,0.0158730298280715,-0.0209945328533649,0.0264423415064811,0.022598847746849,0.0,-0.031728658825159,-0.0234191808849573,0.0246637072414159,0.0551558770239353,-0.0398277603089809,-0.021590968593955,0.0764773860573768,0.0150987366214394,0.0058275279588997,-0.0091533092781901,0.002336390549317,-0.0011547608301043,-0.0058071124367415,0.0138729298487305,0.0058410321362316,0.0171037185937166,-0.0205948911607265,0.0213004015386104,0.0045976969413459,0.0142700457945466,0.0211266838014125,0.005411276128143,0.0531520769000053,-0.0096878530457615,-0.0134145924821496,-0.004347822163254,0.0061349929310381,0.0010917281033471,0.0124222887679934,-0.0556161627173423,0.030729865655303,-0.0023094115313142,-0.0428921468555927,0.0555555000901222,0.031605564057827,-0.0285087972879409,0.0050825872458517,0.0225734505802393,-0.0235732663422823,-0.016556354239583,-0.0370369739830493,-0.0033669734839349,-0.0368239022791385,0.0427928045392036,0.0104650231078267,-0.0226781889796257,-0.0227272510528564,-0.0298343040049076,-0.0078917359933257,-0.0398632623255252,-0.0177186988294124,-0.0260973032563924,0.0840335935354232,-0.0048721022903919,-0.0059666098095476,0.013463850133121,-0.0400915741920471,0.0217391680926084,-0.019101133570075,-0.0319149494171142,-0.0176601316779851,-0.0085469717159867,-0.0351437591016292,0.0529557019472122,0.0251092240214347,-0.0058479756116867,-0.0276008732616901,0.0105882529169321,-0.0475227758288383,-0.0104773165658116,0.0050813201814889,-0.0176470130681991,0.0113053051754832,-0.0035928965080529,0.051891840994358,-0.0096153756603598,-0.0201270747929811,-0.003640744369477,0.0227519012987613,0.0219245199114084,-0.0562372393906116,0.0262216087430715,-0.0030581739265471,0.0034844004549086,-0.0090908287093043,0.0266203172504901,0.0030394867062568,0.0067644217051565,0.0010142220417037,-0.0167973767966032,0.013360752724111,-0.0034168262500315,-0.0385375842452049,-0.0240000039339065,-0.0212766211479902,-0.0046838363632559,-0.0254476442933082,-0.0176470130681991,0.0162835326045751,-0.0191617719829082,-0.0019120896467939,0.0158730298280715,-0.0057034618221223,-0.0048076878301799,0.0263415072113275,-0.0056497389450669,-0.0441334620118141,0.0056496313521383,-0.0379197681029355,0.011299369981522,-0.0420712339306535,-0.0745763583720269,0.0022573865197319,-0.0056497398741093,-0.0441334603798818,0.0463276649218831,0.0325581093921683,-0.0644068528653658,-0.1336585226055228,2019-02-04,2019-02-05,2019-02-06,2019-02-07,2019-02-08,2019-02-11,2019-02-12,2019-02-13,2019-02-14,2019-02-15,89199.0,2019-02-01,252.0,-0.3378%,-0.0021,1.3032,0.5671,1.348,1.8272%,2.2814%,35.8530%,-0.0103889999999999,DB,89199.0,2019-02-04,252.0,-0.5650%,-0.0021,1.2992,0.5569,1.3402,1.8269%,2.2782%,35.6898%,-0.011653,DB,89199.0,2019-02-05,252.0,1.1364%,-0.0019,1.255,0.5357,1.2803,1.8014%,2.2216%,34.2535%,0.0141629999999999,DB,89199.0,2019-02-06,252.0,0.5618%,-0.0019,1.28,0.5275,1.3062,1.7997%,2.2086%,33.6009%,0.007436,DB,89199.0,2019-02-07,252.0,-6.5922%,-0.0021,1.2983,0.5285,1.2929,1.8341%,2.2440%,33.1941%,-0.0585259999999999,DB,89199.0,2019-02-08,252.0,-2.0335%,-0.0021,1.2995,0.5535,1.3144,1.8288%,2.2419%,33.4596%,-0.012946,DB,89199.0,2019-02-11,252.0,1.5873%,-0.002,1.3029,0.563,1.3213,1.8297%,2.2339%,32.9166%,0.007277,DB,89199.0,2019-02-12,252.0,2.6442%,-0.0019,1.3147,0.5571,1.3284,1.8306%,2.2406%,33.2511%,0.010757,DB,89199.0,2019-02-13,252.0,0.0000%,-0.002,1.306,0.5707,1.33,1.8271%,2.2328%,33.0366%,-0.0050449999999999,DB,89199.0,2019-02-14,252.0,-2.3419%,-0.0021,1.3097,0.5633,1.3374,1.8288%,2.2366%,33.1406%,-0.01603,DB,89199.0,2019-02-15,252.0,5.5156%,-0.0019,1.3352,0.59,1.3838,1.8413%,2.2602%,33.6351%,0.032429,DB,-0.022042,-0.007879,-0.0004429999999999,-0.0719149999999999,-0.0425269999999999
38451,DECKERS OUTDOOR CORP,Shares of Deckers Outdoors are trading higher after the company announced better Q3 EPS and revenue results than analysts expected.,6,increase,0.85,0.7,"better-than-expected q3 eps and revenue results typically lead to positive investor sentiment, which is likely to drive the stock price higher.",2,2019-02-01,DECK,2019-02-01 14:14:00+00:00,79686.0,24353710,0.1045543625950813,3776827.0,-0.0165633354336023,0.0103830704465508,-0.0012899927096441,0.0168773047626018,0.0140652414411306,-0.0076990337111055,-0.004245919175446,0.0050255046226084,0.0024873202200978,0.0197673495858907,0.0198497306555509,-0.0050182333216071,0.0013902193168178,0.0203997455537319,-0.0019436262082308,0.0185917299240827,-0.0077896448783576,0.0110572688281536,0.0254450403153896,0.023593932390213,-0.0046482514590024,0.0086941057816147,-0.0126364696770906,0.0009669532882981,-0.0035474004689604,0.0040600094944238,0.0115175852552056,-0.0027286114636808,0.021047567948699,-0.1027483940124512,0.0042578373104333,0.0047611976042389,-0.0003365169395692,0.0073541020974516,-0.0039719697088003,0.0271779093891382,-0.0005407356075011,-0.0319529175758361,-0.019611781463027,-0.0280439183115959,-0.0016555527690798,0.0116452174261212,-0.0114004975184798,-0.0050545032136142,-0.0078277541324496,-0.0149367824196815,-0.0066921114921569,-0.0006124307401478,0.0121268471702933,0.0954298079013824,-0.0065163113176822,-0.0295409932732582,0.0032442819792777,-0.0045366589911282,0.0030227955430746,0.0055392659269273,-0.0063778278417885,0.0062295258976519,0.0199619233608245,0.0298835132271051,0.007607128471136,-0.027422035112977,-0.0088537633419036,-0.007173110730946,0.0124645316973328,-0.0309636518359184,-0.0389851033687591,-0.0052643842063844,0.0184329356998205,0.020691268146038,0.0018168727401643,0.0355452075600624,0.007812466006726,-0.0594438388943672,0.0173034332692623,-0.0034252095501869,6.810291233705357e-05,-0.0617193542420864,-0.0010205397848039,0.0275442656129598,-0.0245845858007669,0.0227988120168447,0.0011868894798681,0.0026168830227106,0.0120642334222793,0.0177018456161022,0.0123337227851152,-0.0031233632471412,-0.0128641398623585,0.0431702435016632,0.0056540532968938,-0.0046213692985475,0.0162495374679565,0.0027641977649182,0.0116718104109168,-0.0030798935331404,0.0111370338127017,-0.0501924306154251,0.0054742242209613,0.0175465308129787,-0.007674635387957,-0.0173952784389257,0.009518789127469,-0.0057396497577428,0.0044525451958179,-0.015074998140335,-0.023011727258563,-0.0107374722138047,0.0140121849253773,-0.015923086553812,0.0182930752635002,0.0074665076099336,-0.0009692658786661,0.0239969566464424,0.0036868825554847,-0.0137374671176075,0.0158536229282617,0.0170855801552534,0.003679514164105,-0.0002277465828228,-0.0165633354336023,0.0103830704465508,-0.0178319615612897,0.0274356134534508,-0.0040175309648876,0.0195253520294822,-0.0057795832261094,0.0449035760171134,0.0310825210540144,0.1183179191624856,0.0191711372257652,0.0843322488223683,0.1150972731812325,-0.0248254167938624,2019-02-04,2019-02-05,2019-02-06,2019-02-07,2019-02-08,2019-02-11,2019-02-12,2019-02-13,2019-02-14,2019-02-15,79686.0,2019-02-01,252.0,10.4554%,0.0021,0.7671,0.9143,-0.2769,2.0681%,2.3333%,21.4396%,0.106073,DECK,79686.0,2019-02-04,252.0,-1.6563%,0.0019,0.758,0.8895,-0.2867,2.0740%,2.3342%,21.0509%,-0.027849,DECK,79686.0,2019-02-05,252.0,-0.1290%,0.0016,0.8335,0.9183,-0.1984,2.0004%,2.2908%,23.7513%,-0.005658,DECK,79686.0,2019-02-06,252.0,1.4065%,0.0015,0.8974,0.8975,-0.1333,1.9875%,2.2909%,24.7385%,0.01603,DECK,79686.0,2019-02-07,252.0,-0.4246%,0.0016,0.9028,0.8888,-0.1313,1.9864%,2.2913%,24.8405%,0.005686,DECK,79686.0,2019-02-08,252.0,0.2487%,0.0015,0.9031,0.8849,-0.1324,1.9862%,2.2910%,24.8390%,0.000224,DECK,79686.0,2019-02-11,252.0,1.9850%,0.0017,0.8691,0.9327,-0.1244,1.9795%,2.2680%,23.8236%,0.01295,DECK,79686.0,2019-02-12,252.0,0.1390%,0.0016,0.8503,0.9474,-0.1366,1.9768%,2.2619%,23.6236%,-0.010927,DECK,79686.0,2019-02-13,252.0,-0.1944%,0.0015,0.8498,0.9457,-0.1385,1.9772%,2.2617%,23.5775%,-0.004897,DECK,79686.0,2019-02-14,252.0,-0.7790%,0.0015,0.8531,0.9385,-0.1309,1.9789%,2.2625%,23.4992%,-0.011826,DECK,79686.0,2019-02-15,252.0,2.5445%,0.0016,0.8646,0.9502,-0.1104,1.9803%,2.2664%,23.6546%,0.013987,DECK,0.078224,0.072566,0.088596,0.094506,0.093793
38459,DIGI INTERNATIONAL INC,Shares of Digi International Inc are trading higher after the company beat Q2 EPS and sales estimates and issued strong FY19 EPS guidance.,6,increase,0.85,0.7,"beating earnings and sales estimates, along with strong future guidance, typically boosts investor confidence and leads to a rise in stock price.",2,2019-02-01,DGII,2019-02-01 16:28:00+00:00,75831.0,25379810,0.1382799595594406,919802.0,0.0429629571735858,0.0385288596153259,-0.0454545691609382,-0.0095402998849749,0.0066964402794837,0.0149647956714034,-0.0088691711425781,-0.003508768742904,-0.0096942670643329,0.0326086655259132,-0.0097891651093959,-0.0045085833407938,0.0030418222304433,-0.0271929372102022,0.0053071002475917,-0.0289608314633369,0.0052790115587413,0.0146931791678071,0.0120029896497726,0.0131348175927996,-0.0081541631370782,0.0017544261645525,0.0104634035378694,-0.0095569603145122,0.0029585768934339,-0.0179180912673473,0.0081120692193508,0.0138408169150352,-0.00219456711784,0.0017331419512629,-0.0175953600555658,-0.0136752007529139,-0.0141790732741355,0.0753676146268844,-0.0007570196175947,0.0196813531219959,-0.0136363143101334,0.0595829598605632,0.0023041269741952,-0.0307989064604044,-0.0076628644019365,0.0297324266284704,-0.0185328014194965,-0.0029644004534929,-0.0031471252441406,0.0150450970977544,-0.0063141216523945,0.0353063493967056,0.0397140569984912,0.0365985110402107,0.0007639594259671,-0.0452209264039993,-0.0198473446071147,-0.0260260496288538,0.0163551438599824,-0.0291545372456312,-0.0283524803817272,-0.0301601979881525,0.0197160877287387,-0.0266055017709732,-0.003866990795359,-0.030249124392867,0.0124223483726382,-0.0285220332443714,0.0069018523208796,-0.000863577646669,-0.0563594624400138,0.0432431995868682,-0.0024213627912104,0.007259520702064,0.0121359685435891,0.0241635888814926,-0.0031974390149116,-0.0418521240353584,0.024859620258212,0.0135378716513514,-0.0086071724072098,-0.0649789422750473,0.0007892840658314,0.0008446139399893,-0.0118296975269913,0.0119658410549163,0.0015962057514116,-0.0017065237043425,-0.0039840787649154,0.0086058853194117,0.0031999968923628,-0.0102214552462101,-0.0055821128189563,0.0103270122781395,-0.0112269716337323,-0.0093776350840926,0.0202757511287927,-0.0117944683879613,-0.007949155755341,-0.0058626211248338,0.0008013003971427,-0.0598425380885601,0.0040032179094851,0.0957721844315528,0.0191387385129928,0.0357462540268898,-0.0140844564884901,-0.0361757166683673,-0.0079365381971001,0.0104438541457057,0.0151999667286872,-0.009482811205089,0.0275808032602071,-0.021922368556261,-0.0007668887265026,0.0033840916585177,-0.0161166563630104,0.0102564003318548,-0.0007799746817909,0.0034305285662412,0.0124902296811342,0.0,-0.0077101294882595,-0.005119489505887,0.0429629571735858,0.0385288596153259,-0.0044444746955575,0.0286209828553947,0.0022222034245538,0.0440140856871438,-0.0162963153393136,0.0742753356269512,-0.0007407562992393,0.0385288596207009,-0.0422221962915378,0.0880733992391071,-0.0466666670902439,0.011945331343244,2019-02-04,2019-02-05,2019-02-06,2019-02-07,2019-02-08,2019-02-11,2019-02-12,2019-02-13,2019-02-14,2019-02-15,75831.0,2019-02-01,252.0,13.8280%,0.0013,0.9914,1.145,0.0899,1.9868%,2.3445%,28.1895%,0.138292,DGII,75831.0,2019-02-04,252.0,4.2963%,0.0014,0.9969,1.1622,0.084,1.9953%,2.3590%,28.4608%,0.030642,DGII,75831.0,2019-02-05,252.0,-4.5455%,0.001,1.04,1.1951,0.1656,1.9956%,2.3711%,29.1668%,-0.048408,DGII,75831.0,2019-02-06,252.0,0.6696%,0.0011,1.0228,1.2005,0.1497,1.9952%,2.3555%,28.2556%,0.008888,DGII,75831.0,2019-02-07,252.0,-0.8869%,0.0011,1.0238,1.199,0.15,1.9951%,2.3558%,28.2756%,0.001519,DGII,75831.0,2019-02-08,252.0,-0.9694%,0.0011,1.0257,1.2053,0.1619,1.9963%,2.3568%,28.2561%,-0.01028,DGII,75831.0,2019-02-11,252.0,-0.9789%,0.0009,1.0371,1.1663,0.1468,1.9990%,2.3558%,27.9922%,-0.019652,DGII,75831.0,2019-02-12,252.0,0.3042%,0.0009,1.0242,1.174,0.1388,1.9992%,2.3529%,27.8062%,-0.011146,DGII,75831.0,2019-02-13,252.0,0.5307%,0.001,1.0396,1.1483,0.1345,1.9881%,2.3476%,28.2825%,0.0015379999999999,DGII,75831.0,2019-02-14,252.0,0.5279%,0.001,1.0396,1.1492,0.133,1.9879%,2.3477%,28.3057%,0.0021709999999999,DGII,75831.0,2019-02-15,252.0,1.2003%,0.001,1.0374,1.1467,0.1287,1.9881%,2.3458%,28.1759%,-0.003356,DGII,0.168934,0.120526,0.129414,0.120653,0.090208
38467,DIGITAL ALLY INC NEW,Digital Ally Shares Spike Over $3.40 Level On Heavy Volume; Not Seeing News To Justify Price Action,6,uncertain,0.6,0.3,the spike in share price on heavy volume without any news to justify the movement creates uncertainty about the sustainability of the price increase.,1,2019-02-01,DGLY,2019-02-01 18:57:00+00:00,92521.0,25382T20,0.1347305625677109,412219.0,-0.076517142355442,-0.0374640114605426,-0.0285714007914066,-0.0844326987862587,0.0264705624431371,0.1179940551519394,-0.0343839898705482,0.0626293048262596,0.02967363409698,0.2199617922306061,-0.0288184843957424,-0.0314814932644367,0.0118694957345724,-0.0181818008422851,0.0029325485229492,-0.0036231849808245,0.0409356318414211,-0.0580205023288726,-0.0393258072435855,-0.0167785082012414,0.0058479476720094,-0.01973682269454,-0.0087209213525056,-0.0193548202514648,0.0029325485229492,0.0402684174478054,-0.0087719215080142,0.0033670000266283,0.0088495491072535,-0.0066889566369354,0.0233917906880378,0.0274913813918829,-0.0142857003957033,0.0,0.0434782169759273,-0.0068259318359196,0.166666641831398,0.0068728453479707,0.15476194024086,0.0069204084575176,-0.039175271987915,0.0783582180738449,-0.0321887619793415,-0.0530034862458705,-0.0798226445913314,0.0366300009191036,-0.0048192725516855,0.0111111002042889,-0.0145278312265873,0.0266159437596797,-0.015970529988408,-0.0539567843079567,0.0062422207556664,-0.0479452386498451,-0.0570720210671424,0.2640693187713623,-0.015789458528161,-0.0170212611556053,0.0133689707145094,-0.0711462721228599,-0.0527704618871212,-0.0416667163372039,0.0612813457846641,0.0560000427067279,0.0078740082681179,-0.0494296997785568,-0.0546874478459358,-0.0573476180434227,0.0385674536228179,0.0035971188917756,-0.0079575525596737,-0.0071428506635129,-0.0029946393333375,0.0071942377835512,0.0003218088240828,-0.0106761464849114,-0.002680962672457,-0.027681715786457,0.0268816947937011,0.0284698083996772,0.0235602501779794,-0.0209059044718742,-0.0204603988677263,-0.0103448992595076,0.0391645170748233,-0.0136054288595914,0.0125628616660833,0.0279720854014158,0.0521090701222419,-0.0205480065196752,0.044811338186264,0.0068965447135269,-0.042889405041933,-0.0034364226739853,0.0229953601956367,0.0246479492634534,-0.0040345643647015,0.0142857013270258,0.0138888750225305,0.0,-0.0136986169964075,0.0370370000600814,-0.0208333674818277,-0.0526315309107303,-0.016548503190279,0.028880838304758,-0.0072114747017621,-0.0641892105340957,-0.0072639728896319,-0.0133333206176757,-0.0048780441284179,0.0,0.03921565040946,0.0238907616585493,0.0141510432586073,-0.0393442250788211,0.0162789989262819,0.0032894706819206,0.1052631661295891,0.0270270016044378,-0.076517142355442,-0.0374640114605426,-0.1029023412051982,-0.1187335226518284,-0.0791556616104782,-0.0147493173200529,-0.0844327016325594,0.2772466207163739,-0.0976253030999444,0.1208053382634954,-7.916347799508117e-09,0.3201580757016964,0.2744063159192191,0.1283783210061746,2019-02-04,2019-02-05,2019-02-06,2019-02-07,2019-02-08,2019-02-11,2019-02-12,2019-02-13,2019-02-14,2019-02-15,92521.0,2019-02-01,252.0,13.4731%,0.0034,0.1999,0.5691,0.8934,4.8148%,4.8404%,1.0546%,0.131582,DGLY,92521.0,2019-02-04,252.0,-7.6517%,0.0034,0.198,0.5495,0.9691,4.8184%,4.8473%,1.1889%,-0.076678,DGLY,92521.0,2019-02-05,252.0,-2.8571%,0.0032,0.2217,0.5673,1.0135,4.8183%,4.8497%,1.2921%,-0.023269,DGLY,92521.0,2019-02-06,252.0,2.6471%,0.0033,0.1931,0.5761,0.9884,4.8194%,4.8493%,1.2300%,0.026206,DGLY,92521.0,2019-02-07,252.0,-3.4384%,0.0032,0.2042,0.5788,0.979,4.8256%,4.8550%,1.2060%,-0.035794,DGLY,92521.0,2019-02-08,252.0,2.9674%,0.0034,0.1977,0.5993,0.9653,4.8260%,4.8551%,1.1929%,0.035856,DGLY,92521.0,2019-02-11,252.0,-2.8818%,0.0032,0.2141,0.5313,0.937,4.8307%,4.8575%,1.0987%,-0.035371,DGLY,92521.0,2019-02-12,252.0,1.1869%,0.0035,0.2616,0.4757,0.9712,4.8077%,4.8360%,1.1661%,0.010345,DGLY,92521.0,2019-02-13,252.0,0.2933%,0.0035,0.2622,0.4737,0.9703,4.8077%,4.8359%,1.1642%,0.001135,DGLY,92521.0,2019-02-14,252.0,4.0936%,0.0035,0.2495,0.4943,0.9531,4.8053%,4.8328%,1.1347%,0.044551,DGLY,92521.0,2019-02-15,252.0,-3.9326%,0.0033,0.2162,0.4589,0.8918,4.8161%,4.8399%,0.9819%,-0.048055,DGLY,0.054904,0.031635,0.057841,0.057903,0.030508
38475,SPDR DOW JONES IND AVG ETF TRUST,"Fed's Kaplan Says He Is Concerned By Slower Growth Globally, Sees GDP Growing At 2% In 2019; Says Sees Downside Risk To Own Economic Forecast, Says Fed Pause Is The Right Thing To Do",6,decrease,0.7,0.6,"concerns about slower global growth and a lower gdp forecast typically lead to negative sentiment in the market, which could decrease the stock price of the spdr dow jones ind avg etf trust.",0,2019-02-01,DIA,2019-02-01 15:27:00+00:00,85765.0,78467X10,0.0014393116580322,3971387.0,0.0073459423147141,-0.0002398175711277,0.006499680224806,0.0181921198964119,-0.0003544321807567,0.0024887826293706,-0.0077598821371793,-0.009256612509489,-0.0023024477995932,0.0078217219561338,-0.0015120359603315,-0.0010174182243645,0.0143061941489577,0.0070491852238774,0.004989605396986,-0.0123456912115216,-0.0025019522290676,0.0140436831861734,0.0164131131023168,0.0080211795866489,0.0006186107057146,0.0050698188133537,0.0026660580188035,0.0071147438138723,-0.0037379623390734,-0.003918636124581,0.0063436143100261,-0.0004999796510674,0.0027674259617924,0.0045203492045402,-0.0013415849534794,0.0042030937038362,-0.0025716335512697,0.0108769442886114,-0.0022703518625348,0.0046098763123154,0.004396847449243,0.0333450846374034,-0.0082175508141517,-0.0284538883715868,-0.0003484448534436,0.0006861220463179,-0.0051125423051416,0.0118014635518193,-0.0080196112394332,-0.0033728219568729,-0.0003924133488908,0.0111494371667504,0.0080483807250857,0.0486474111676216,-0.0035052543971687,-0.0267302878201007,0.005823518615216,-0.0182797983288765,0.0007383036427199,-0.0194070730358362,0.0052210441790521,-0.0165992695838213,0.0025160405784845,0.0039335447363555,-0.0004246702883392,-0.0206693951040506,-0.0061418274417519,-0.0196938570588827,0.0089003769680857,0.0015861371066421,-0.0177979040890932,0.0067559643648564,0.0004314426041673,-0.0019615502096712,0.0054494221694767,0.001637301640585,-0.0013647590531036,-0.0216642785817384,0.003787440015003,-0.0040282155387103,0.0079742427915334,-0.0309203211218118,0.0125805959105491,0.0126023115590214,-0.002667831024155,0.0075712692923843,0.0011845984263345,-0.0009848723420873,0.0067938882857561,0.0256161466240882,0.0014406129484996,0.0045050554908812,-0.0035584585275501,0.0147440461441874,-0.0064964345656335,-0.0075209336355328,0.000344141095411,0.0006134719587862,-0.0007645726436749,-0.0214520152658224,0.0102142831310629,-0.0164928250014782,-0.0009846243774518,0.00565074570477,0.0027292415034025,0.0092064784839749,0.0,-0.0084959845989942,0.0044893538579344,-0.0045629912056028,-0.001845120685175,-0.0225690919905901,0.0053193634375929,-0.0076688658446073,-0.0021014618687331,0.0012224285164847,-0.0052271909080445,0.021660178899765,0.0030620254110544,0.0068768286146223,0.0003768979513552,0.0080012241378426,0.001318588387221,-0.0050052772276103,0.0073459423147141,-0.0002398175711277,0.0138933688155158,0.0179479395352768,0.0135340123777518,0.0204813906847958,0.0033536072750754,0.0189432260211754,0.0354039366777341,0.0348797018855624,0.0389507173859362,0.0615572630263221,0.0668619637735181,-0.0084829963862212,2019-02-04,2019-02-05,2019-02-06,2019-02-07,2019-02-08,2019-02-11,2019-02-12,2019-02-13,2019-02-14,2019-02-15,85765.0,2019-02-01,252.0,0.1439%,0.0001,1.0202,-0.2726,0.1255,0.2495%,1.1673%,95.4302%,-0.000987,DIA,85765.0,2019-02-04,252.0,0.7346%,0.0001,1.0206,-0.2715,0.1254,0.2498%,1.1682%,95.4291%,0.001786,DIA,85765.0,2019-02-05,252.0,0.6500%,0.0001,1.0175,-0.2735,0.1203,0.2492%,1.1576%,95.3657%,0.002546,DIA,85765.0,2019-02-06,252.0,-0.0354%,0.0001,1.0137,-0.2723,0.1168,0.2490%,1.1207%,95.0629%,0.0016719999999999,DIA,85765.0,2019-02-07,252.0,-0.7760%,0.0001,1.0106,-0.2686,0.1165,0.2470%,1.1123%,95.0707%,0.000758,DIA,85765.0,2019-02-08,252.0,-0.2302%,0.0001,1.0112,-0.2717,0.1168,0.2461%,1.1124%,95.1050%,-0.002374,DIA,85765.0,2019-02-11,252.0,-0.1512%,0.0001,1.0083,-0.2712,0.1156,0.2460%,1.0822%,94.8327%,-0.001503,DIA,85765.0,2019-02-12,252.0,1.4306%,0.0001,1.0096,-0.2723,0.1164,0.2459%,1.0823%,94.8403%,0.000744,DIA,85765.0,2019-02-13,252.0,0.4990%,0.0001,1.0088,-0.2702,0.1173,0.2458%,1.0775%,94.7982%,0.0021449999999999,DIA,85765.0,2019-02-14,252.0,-0.2502%,0.0001,1.0086,-0.2693,0.1162,0.2458%,1.0776%,94.7963%,0.001602,DIA,85765.0,2019-02-15,252.0,1.6413%,0.0001,1.0154,-0.2626,0.128,0.2462%,1.0803%,94.8078%,0.005032,DIA,0.000799,0.003345,0.005017,0.003401,0.011421
38483,SPDR DOW JONES IND AVG ETF TRUST,"US Unemployment Rises To 4%, January Payroll Blows Away Estimates",6,decrease,0.7,0.6,"an increase in unemployment typically signals economic weakness, which could negatively impact investor sentiment and lead to a decrease in stock prices, including the spdr dow jones ind avg etf trust.",0,2019-02-01,DIA,2019-02-01 13:44:00+00:00,85765.0,78467X10,0.0014393116580322,3971387.0,0.0073459423147141,-0.0002398175711277,0.006499680224806,0.0181921198964119,-0.0003544321807567,0.0024887826293706,-0.0077598821371793,-0.009256612509489,-0.0023024477995932,0.0078217219561338,-0.0015120359603315,-0.0010174182243645,0.0143061941489577,0.0070491852238774,0.004989605396986,-0.0123456912115216,-0.0025019522290676,0.0140436831861734,0.0164131131023168,0.0080211795866489,0.0006186107057146,0.0050698188133537,0.0026660580188035,0.0071147438138723,-0.0037379623390734,-0.003918636124581,0.0063436143100261,-0.0004999796510674,0.0027674259617924,0.0045203492045402,-0.0013415849534794,0.0042030937038362,-0.0025716335512697,0.0108769442886114,-0.0022703518625348,0.0046098763123154,0.004396847449243,0.0333450846374034,-0.0082175508141517,-0.0284538883715868,-0.0003484448534436,0.0006861220463179,-0.0051125423051416,0.0118014635518193,-0.0080196112394332,-0.0033728219568729,-0.0003924133488908,0.0111494371667504,0.0080483807250857,0.0486474111676216,-0.0035052543971687,-0.0267302878201007,0.005823518615216,-0.0182797983288765,0.0007383036427199,-0.0194070730358362,0.0052210441790521,-0.0165992695838213,0.0025160405784845,0.0039335447363555,-0.0004246702883392,-0.0206693951040506,-0.0061418274417519,-0.0196938570588827,0.0089003769680857,0.0015861371066421,-0.0177979040890932,0.0067559643648564,0.0004314426041673,-0.0019615502096712,0.0054494221694767,0.001637301640585,-0.0013647590531036,-0.0216642785817384,0.003787440015003,-0.0040282155387103,0.0079742427915334,-0.0309203211218118,0.0125805959105491,0.0126023115590214,-0.002667831024155,0.0075712692923843,0.0011845984263345,-0.0009848723420873,0.0067938882857561,0.0256161466240882,0.0014406129484996,0.0045050554908812,-0.0035584585275501,0.0147440461441874,-0.0064964345656335,-0.0075209336355328,0.000344141095411,0.0006134719587862,-0.0007645726436749,-0.0214520152658224,0.0102142831310629,-0.0164928250014782,-0.0009846243774518,0.00565074570477,0.0027292415034025,0.0092064784839749,0.0,-0.0084959845989942,0.0044893538579344,-0.0045629912056028,-0.001845120685175,-0.0225690919905901,0.0053193634375929,-0.0076688658446073,-0.0021014618687331,0.0012224285164847,-0.0052271909080445,0.021660178899765,0.0030620254110544,0.0068768286146223,0.0003768979513552,0.0080012241378426,0.001318588387221,-0.0050052772276103,0.0073459423147141,-0.0002398175711277,0.0138933688155158,0.0179479395352768,0.0135340123777518,0.0204813906847958,0.0033536072750754,0.0189432260211754,0.0354039366777341,0.0348797018855624,0.0389507173859362,0.0615572630263221,0.0668619637735181,-0.0084829963862212,2019-02-04,2019-02-05,2019-02-06,2019-02-07,2019-02-08,2019-02-11,2019-02-12,2019-02-13,2019-02-14,2019-02-15,85765.0,2019-02-01,252.0,0.1439%,0.0001,1.0202,-0.2726,0.1255,0.2495%,1.1673%,95.4302%,-0.000987,DIA,85765.0,2019-02-04,252.0,0.7346%,0.0001,1.0206,-0.2715,0.1254,0.2498%,1.1682%,95.4291%,0.001786,DIA,85765.0,2019-02-05,252.0,0.6500%,0.0001,1.0175,-0.2735,0.1203,0.2492%,1.1576%,95.3657%,0.002546,DIA,85765.0,2019-02-06,252.0,-0.0354%,0.0001,1.0137,-0.2723,0.1168,0.2490%,1.1207%,95.0629%,0.0016719999999999,DIA,85765.0,2019-02-07,252.0,-0.7760%,0.0001,1.0106,-0.2686,0.1165,0.2470%,1.1123%,95.0707%,0.000758,DIA,85765.0,2019-02-08,252.0,-0.2302%,0.0001,1.0112,-0.2717,0.1168,0.2461%,1.1124%,95.1050%,-0.002374,DIA,85765.0,2019-02-11,252.0,-0.1512%,0.0001,1.0083,-0.2712,0.1156,0.2460%,1.0822%,94.8327%,-0.001503,DIA,85765.0,2019-02-12,252.0,1.4306%,0.0001,1.0096,-0.2723,0.1164,0.2459%,1.0823%,94.8403%,0.000744,DIA,85765.0,2019-02-13,252.0,0.4990%,0.0001,1.0088,-0.2702,0.1173,0.2458%,1.0775%,94.7982%,0.0021449999999999,DIA,85765.0,2019-02-14,252.0,-0.2502%,0.0001,1.0086,-0.2693,0.1162,0.2458%,1.0776%,94.7963%,0.001602,DIA,85765.0,2019-02-15,252.0,1.6413%,0.0001,1.0154,-0.2626,0.128,0.2462%,1.0803%,94.8078%,0.005032,DIA,0.000799,0.003345,0.005017,0.003401,0.011421
38491,DINE BRANDS GLOBAL INC,"UPDATE: Wedbush Initiates Dine Brands At Outperform As Firm Expects 'continued SSS growth momentum at both Applebee's and IHOP to drive margin upside and improvement in net unit growth, resulting in upward revisions in expectations'",6,increase,0.8,0.7,"the initiation of coverage by wedbush with an 'outperform' rating suggests positive expectations for dine brands' growth, likely leading to an increase in stock price.",2,2019-02-01,DIN,2019-02-01 16:40:00+00:00,76732.0,25442310,0.0325161069631576,338736.0,0.0242540147155523,-0.0054766694083809,0.0008678364683873,0.0034018335863947,0.0014863756950944,-0.0247544012963771,-0.0007420848705805,-0.0109792416915297,-0.0029706382192671,-0.0020151594653725,0.0423339046537876,0.0182097740471363,0.0032158680260181,0.0154968407005071,0.0134156141430139,-0.0235249046236276,0.0120665272697806,-0.0093222204595804,0.0116911930963397,0.0110813286155462,0.0011441472452133,0.0384921133518219,0.0115428818389773,-0.0571215003728866,0.1240537315607071,-0.0214791558682918,0.0038195285014808,0.042891725897789,-0.0090117305517196,0.0028079289477318,-0.0179852358996868,0.0227124113589525,0.0009259834769181,0.0345712006092071,0.01973682269454,0.0441343039274215,-0.0020160982385277,0.0309637617319822,-0.0069697215221822,-0.0007262554718181,-0.0169870629906654,0.0222750231623649,-0.0258692055940628,-0.0047296378761529,-0.0050987438298761,-0.0132710523903369,-0.0177237205207347,-0.0125288413837552,-0.0180435180664062,0.0240378249436616,-0.0056452793069183,-0.0271162055432796,0.0093509554862976,-0.0181715860962867,-0.0052938759326934,-0.0588625520467758,-0.0355915166437625,-0.0058816079981625,-0.0058634411543607,0.0014397985069081,-0.0080952858552336,-0.0688604637980461,-0.0233898144215345,-0.0347058475017547,0.0608978867530822,0.0278114043176174,-0.0264322385191917,0.0152221685275435,0.0078070168383419,-0.0648605376482009,0.0003468467912171,-0.0157062076032161,0.0153721896931529,-0.0056179775856435,0.0303926952183246,0.0200573056936264,0.008506454527378,0.0028735632076859,0.0106254927814006,-0.0244449470192194,-0.004444002173841,-0.023968506604433,-0.0043549430556595,-0.0049008596688508,0.0156369637697935,0.0331945195794105,0.0082903131842613,0.0095422463491559,-0.0016017247689887,-0.0017010832671076,-0.0262031760066747,-0.0109915127977728,0.0181218441575765,0.0263612382113933,-0.0202804449945688,0.0060220528393983,-0.0020920771639794,0.0,-0.0126888882368803,-0.0554583221673965,-0.007040733937174,-0.0066282800398766,-0.0185706429183483,0.0037081069312989,0.0159403607249259,-0.022181874141097,-0.004515113774687,0.0039614038541913,0.0148542635142803,0.0156590081751346,0.0256983581930398,0.0098836105316877,0.0177559610456228,0.0181126464158296,0.0027828549500554,-0.021015740931034,-0.0209200456738472,0.0459072962403297,-0.0334677807986736,0.0192532278597354,0.0242540147155523,-0.0054766694083809,0.0251428997024147,-0.0020934665399212,0.0266666471925312,-0.0267960453254686,0.0228571814773099,-0.0394207158576106,0.1098412905914185,-0.0285314657428413,0.0980317662493213,0.006636267186399,0.1349719110662837,-0.1026019225448575,2019-02-04,2019-02-05,2019-02-06,2019-02-07,2019-02-08,2019-02-11,2019-02-12,2019-02-13,2019-02-14,2019-02-15,76732.0,2019-02-01,252.0,3.2516%,0.0019,0.6113,0.654,0.1532,2.6023%,2.7030%,7.3128%,0.031838,DIN,76732.0,2019-02-04,252.0,2.4254%,0.002,0.6157,0.6663,0.157,2.6037%,2.7064%,7.4471%,0.017318,DIN,76732.0,2019-02-05,252.0,0.0868%,0.002,0.6063,0.6639,0.1483,2.6028%,2.7021%,7.2159%,-0.000404,DIN,76732.0,2019-02-06,252.0,0.1486%,0.002,0.6138,0.6615,0.1558,2.6027%,2.7003%,7.1001%,0.0026829999999999,DIN,76732.0,2019-02-07,252.0,-0.0742%,0.0019,0.6047,0.6717,0.1553,2.6012%,2.6972%,6.9939%,0.005118,DIN,76732.0,2019-02-08,252.0,-0.2971%,0.0019,0.6058,0.6635,0.1546,2.6005%,2.6964%,6.9811%,-0.002879,DIN,76732.0,2019-02-11,252.0,4.2334%,0.0021,0.5943,0.7215,0.1799,2.6081%,2.7017%,6.8099%,0.0366509999999999,DIN,76732.0,2019-02-12,252.0,0.3216%,0.0021,0.5915,0.7201,0.1788,2.6084%,2.7017%,6.7823%,-0.004805,DIN,76732.0,2019-02-13,252.0,1.3416%,0.0021,0.5973,0.714,0.1799,2.6084%,2.7024%,6.8358%,0.011102,DIN,76732.0,2019-02-14,252.0,1.2067%,0.0022,0.5958,0.7189,0.1737,2.6084%,2.7028%,6.8611%,0.010551,DIN,76732.0,2019-02-15,252.0,1.1691%,0.0022,0.6007,0.7232,0.1816,2.6081%,2.7032%,6.9063%,0.002227,DIN,0.049156,0.048752,0.051435,0.053674,0.1094
38499,DINE BRANDS GLOBAL INC,"Wedbush Initiates Coverage On Dine Brands Global with Outperform Rating, Announces $120 Price Target",6,increase,0.8,0.7,the initiation of coverage with an 'outperform' rating and a price target of $120 suggests positive sentiment and potential for stock price appreciation.,2,2019-02-01,DIN,2019-02-01 11:43:00+00:00,76732.0,25442310,0.0325161069631576,338736.0,0.0242540147155523,-0.0054766694083809,0.0008678364683873,0.0034018335863947,0.0014863756950944,-0.0247544012963771,-0.0007420848705805,-0.0109792416915297,-0.0029706382192671,-0.0020151594653725,0.0423339046537876,0.0182097740471363,0.0032158680260181,0.0154968407005071,0.0134156141430139,-0.0235249046236276,0.0120665272697806,-0.0093222204595804,0.0116911930963397,0.0110813286155462,0.0011441472452133,0.0384921133518219,0.0115428818389773,-0.0571215003728866,0.1240537315607071,-0.0214791558682918,0.0038195285014808,0.042891725897789,-0.0090117305517196,0.0028079289477318,-0.0179852358996868,0.0227124113589525,0.0009259834769181,0.0345712006092071,0.01973682269454,0.0441343039274215,-0.0020160982385277,0.0309637617319822,-0.0069697215221822,-0.0007262554718181,-0.0169870629906654,0.0222750231623649,-0.0258692055940628,-0.0047296378761529,-0.0050987438298761,-0.0132710523903369,-0.0177237205207347,-0.0125288413837552,-0.0180435180664062,0.0240378249436616,-0.0056452793069183,-0.0271162055432796,0.0093509554862976,-0.0181715860962867,-0.0052938759326934,-0.0588625520467758,-0.0355915166437625,-0.0058816079981625,-0.0058634411543607,0.0014397985069081,-0.0080952858552336,-0.0688604637980461,-0.0233898144215345,-0.0347058475017547,0.0608978867530822,0.0278114043176174,-0.0264322385191917,0.0152221685275435,0.0078070168383419,-0.0648605376482009,0.0003468467912171,-0.0157062076032161,0.0153721896931529,-0.0056179775856435,0.0303926952183246,0.0200573056936264,0.008506454527378,0.0028735632076859,0.0106254927814006,-0.0244449470192194,-0.004444002173841,-0.023968506604433,-0.0043549430556595,-0.0049008596688508,0.0156369637697935,0.0331945195794105,0.0082903131842613,0.0095422463491559,-0.0016017247689887,-0.0017010832671076,-0.0262031760066747,-0.0109915127977728,0.0181218441575765,0.0263612382113933,-0.0202804449945688,0.0060220528393983,-0.0020920771639794,0.0,-0.0126888882368803,-0.0554583221673965,-0.007040733937174,-0.0066282800398766,-0.0185706429183483,0.0037081069312989,0.0159403607249259,-0.022181874141097,-0.004515113774687,0.0039614038541913,0.0148542635142803,0.0156590081751346,0.0256983581930398,0.0098836105316877,0.0177559610456228,0.0181126464158296,0.0027828549500554,-0.021015740931034,-0.0209200456738472,0.0459072962403297,-0.0334677807986736,0.0192532278597354,0.0242540147155523,-0.0054766694083809,0.0251428997024147,-0.0020934665399212,0.0266666471925312,-0.0267960453254686,0.0228571814773099,-0.0394207158576106,0.1098412905914185,-0.0285314657428413,0.0980317662493213,0.006636267186399,0.1349719110662837,-0.1026019225448575,2019-02-04,2019-02-05,2019-02-06,2019-02-07,2019-02-08,2019-02-11,2019-02-12,2019-02-13,2019-02-14,2019-02-15,76732.0,2019-02-01,252.0,3.2516%,0.0019,0.6113,0.654,0.1532,2.6023%,2.7030%,7.3128%,0.031838,DIN,76732.0,2019-02-04,252.0,2.4254%,0.002,0.6157,0.6663,0.157,2.6037%,2.7064%,7.4471%,0.017318,DIN,76732.0,2019-02-05,252.0,0.0868%,0.002,0.6063,0.6639,0.1483,2.6028%,2.7021%,7.2159%,-0.000404,DIN,76732.0,2019-02-06,252.0,0.1486%,0.002,0.6138,0.6615,0.1558,2.6027%,2.7003%,7.1001%,0.0026829999999999,DIN,76732.0,2019-02-07,252.0,-0.0742%,0.0019,0.6047,0.6717,0.1553,2.6012%,2.6972%,6.9939%,0.005118,DIN,76732.0,2019-02-08,252.0,-0.2971%,0.0019,0.6058,0.6635,0.1546,2.6005%,2.6964%,6.9811%,-0.002879,DIN,76732.0,2019-02-11,252.0,4.2334%,0.0021,0.5943,0.7215,0.1799,2.6081%,2.7017%,6.8099%,0.0366509999999999,DIN,76732.0,2019-02-12,252.0,0.3216%,0.0021,0.5915,0.7201,0.1788,2.6084%,2.7017%,6.7823%,-0.004805,DIN,76732.0,2019-02-13,252.0,1.3416%,0.0021,0.5973,0.714,0.1799,2.6084%,2.7024%,6.8358%,0.011102,DIN,76732.0,2019-02-14,252.0,1.2067%,0.0022,0.5958,0.7189,0.1737,2.6084%,2.7028%,6.8611%,0.010551,DIN,76732.0,2019-02-15,252.0,1.1691%,0.0022,0.6007,0.7232,0.1816,2.6081%,2.7032%,6.9063%,0.002227,DIN,0.049156,0.048752,0.051435,0.053674,0.1094
38507,MASONITE INTERNATIONAL CORP NEW,"B. Riley FBR Downgrades Masonite International to Neutral, Lowers Price Target to $56",6,decrease,0.8,0.6,"a downgrade to 'neutral' and a lowered price target typically signal reduced investor confidence, which can lead to a decrease in stock price.",0,2019-02-01,DOOR,2019-02-01 11:25:00+00:00,14177.0,57538510,-0.0307692680507898,411758.0,0.0064935176633298,0.0371713377535343,-0.005376330576837,-0.0016292568761855,-0.009369377978146,0.0117216706275939,0.0003637769841589,0.010549689643085,-0.003272732719779,0.0106621719896793,0.0078438585624098,0.0153845688328146,0.0126696974039077,-0.0001898655755212,0.0144771682098507,0.0036210906691849,0.0065187239088118,0.0232059769332408,0.0077017089352011,0.0106424335390329,-0.0027792225591838,-0.0227272063493728,-0.0062706950120627,-0.0030722669325768,0.0108676413074135,0.013032522983849,-0.0026009660214185,0.0176167730242013,-0.0057371668517589,-0.0152046550065279,-0.0155621506273746,0.0257948599755764,-0.0044404976069927,0.0210289675742387,-0.0107047008350491,0.0170265715569257,-0.0088368197903037,0.0469565168023109,0.0056404909119009,-0.0183525513857603,-0.0124841434881091,0.0452821478247642,-0.0271162204444408,-0.0235242433845996,-0.030508454889059,-0.0129004195332527,0.013597528450191,0.0255788285285234,0.0099655129015445,0.0186432618647813,0.0117646856233477,-0.0346920751035213,-0.0063765970990061,0.0017375763272866,-0.0143450042232871,-0.024782845750451,0.0019149458967149,-0.0104799838736653,0.0112767610698938,0.0174877308309078,-0.0277830511331558,-0.0029768103267997,-0.0174960680305957,-0.0103114834055304,0.0073209125548601,-0.0304019153118133,-0.0343743860721588,-0.0046710669994354,0.0162733774632215,-0.0212681312114,0.0002002028923016,-0.0287644378840923,0.0028016688302159,0.0,-0.00239471020177,-0.0044205179437994,-0.0020004457328468,-0.0442689172923564,0.0200440976768732,0.01434694416821,-0.0029474890325218,-0.0097786458209156,-0.0015767014119774,0.0018484712345525,0.0256612561643123,0.0230710543692112,0.0194380711764097,-0.0099232122302055,0.0015102513134479,-0.0041022044606506,-0.0263901557773351,-0.0027890985365957,0.0032913486938923,0.0082489429041743,0.0007719204295426,-0.018402649089694,0.0017354445299133,0.0020284089259803,-0.0048123192973434,-0.0031250363681465,-0.0009671032312326,0.0031348329503089,-0.0096805421635508,-0.0116639221087098,0.0009775022044777,0.0036583275068551,-0.0208984315395355,-0.0074437842704355,0.0105724865570664,0.0106422351673245,0.0114489113911986,0.0060919667594134,-0.0236144196242094,-0.0474767163395881,0.0141915436834096,0.0060145081952214,0.0157666373997926,0.0005309518310241,-0.0009701054659672,-0.0144776171073317,0.0064935176633298,0.0371713377535343,0.0010822757889281,0.0354815192197168,-0.0082972424401609,0.047619092528971,-0.0111832425313944,0.0699588826885448,0.0384199346793536,0.1273157083508467,-0.045634897703091,0.219876341179076,-0.0712481417063668,-0.0022675891493826,2019-02-04,2019-02-05,2019-02-06,2019-02-07,2019-02-08,2019-02-11,2019-02-12,2019-02-13,2019-02-14,2019-02-15,14177.0,2019-02-01,252.0,-3.0769%,-0.0005,0.8077,1.0035,0.7734,1.4906%,1.7545%,27.8189%,-0.034119,DOOR,14177.0,2019-02-04,252.0,0.6494%,-0.0006,0.8041,0.9959,0.757,1.4858%,1.7483%,27.7762%,-0.000681,DOOR,14177.0,2019-02-05,252.0,-0.5376%,-0.0007,0.8206,1.0027,0.7773,1.4810%,1.7485%,28.2566%,-0.0035949999999999,DOOR,14177.0,2019-02-06,252.0,-0.9369%,-0.0007,0.8178,1.0037,0.7736,1.4817%,1.7381%,27.3250%,-0.0081079999999999,DOOR,14177.0,2019-02-07,252.0,0.0364%,-0.0007,0.8194,0.9988,0.7757,1.4819%,1.7381%,27.3049%,0.006158,DOOR,14177.0,2019-02-08,252.0,-0.3273%,-0.0007,0.8192,0.998,0.7743,1.4819%,1.7379%,27.2901%,0.000743,DOOR,14177.0,2019-02-11,252.0,0.7844%,-0.0006,0.7987,1.016,0.7733,1.4786%,1.7261%,26.6191%,-0.001771,DOOR,14177.0,2019-02-12,252.0,1.2670%,-0.0006,0.802,1.0142,0.7753,1.4787%,1.7280%,26.7720%,0.002819,DOOR,14177.0,2019-02-13,252.0,1.4477%,-0.0005,0.8095,1.0063,0.7767,1.4784%,1.7298%,26.9544%,0.01098,DOOR,14177.0,2019-02-14,252.0,0.6519%,-0.0003,0.8099,1.0118,0.767,1.4641%,1.7186%,27.4244%,0.007391,DOOR,14177.0,2019-02-15,252.0,0.7702%,-0.0004,0.7944,0.9971,0.7407,1.4625%,1.7079%,26.6669%,-0.00776,DOOR,-0.0348,-0.038395,-0.046503,-0.039602,-0.027943
38515,DARDEN RESTAURANTS INC,"Wedbush Initiates Coverage On Darden Restaurants with Neutral Rating, Announces $110 Price Target",6,uncertain,0.6,0.2,"the initiation of coverage with a neutral rating suggests a lack of strong positive or negative sentiment, leading to uncertainty in the stock price movement.",1,2019-02-01,DRI,2019-02-01 11:44:00+00:00,81655.0,23719410,0.0004765372432302,1328671.0,0.0208610668778419,-0.0113068595528602,0.0085844751447439,-0.0008473353809677,0.0106392968446016,-0.01071064081043,0.003203940577805,0.0088321194052696,-0.0016424187924712,-0.0092161409556865,0.0080431150272488,-0.0061985217034816,0.0110617568716406,-0.0049710110761225,0.0011657900176942,-0.0035773196723312,0.002328933449462,0.0093509349972009,0.0019660519901663,0.011424302123487,-0.0069568888284266,-0.0043818871490657,-0.0071851573884487,0.0126510951668024,0.0050660171546041,-0.0191684383898973,0.0059406273066997,0.020892409607768,-0.0059950412251055,0.008677371777594,-0.0001800039899535,0.0,0.002610974246636,0.0161631740629673,0.0067349136807024,0.0250493176281452,-0.0041031050495803,0.0313263013958931,-0.0040304930880665,-0.0161112844944,-0.0046762288548052,0.0007009783294051,-0.0102999582886695,0.0154566233977675,-0.0101332897320389,-0.0021309661678969,-0.0072858147323131,-0.0002028674352914,0.0105908531695604,0.019232764840126,0.006067325361073,-0.0249042268842458,0.0054824422113597,0.0010092699667438,0.0,-0.0154029158875346,0.0056343395262956,-0.0310062710195779,0.0038857099134474,0.0501567311584949,-0.0064811739139258,-0.0417635440826416,-0.0155839556828141,-0.0097870295867323,0.0686608254909515,-0.0103503596037626,0.01145467069,0.0349876917898654,0.0108140036463737,-0.0342634841799736,0.0032853120937943,0.00505579309538,-0.0006717198411934,-0.0415980592370033,0.0177281182259321,0.0151275843381881,0.0028069345280528,-0.0208996180444955,-0.0081501426175236,-0.0044327653013169,-0.010790198110044,-0.0064713391475379,-0.0061252168379724,-0.0184384323656559,0.0005065866280347,0.0311106909066438,0.0039659203030169,-0.0031737256795167,0.0029416580218821,-0.011562256142497,-0.0129892146214842,0.0032371245324611,-0.0001708676718408,-0.0011675701243802,-0.0056405747309327,-0.0186850242316722,0.0012892266968265,0.0143035799264907,-0.0055794124491512,0.0003577259485609,-0.0009495089761912,-0.0008934817160479,-0.0114048710092902,-0.0011602399172261,0.0214123800396919,-0.0030251475982367,-0.0004278518899809,-0.00044470874127,0.0015408346662297,0.0017819367349147,0.0079487208276987,0.009170982055366,0.0103451302275061,0.0051513751968741,0.0207301825284957,0.0405304245650768,-0.0106068151071667,0.0098764793947339,-0.0226876363158226,0.0041960943490266,0.0208610668778419,-0.0113068595528602,0.0296246233326915,-0.0121446142316812,0.0405791053388391,-0.0227251784412945,0.0421985165331102,-0.0231800213054507,0.0680129472100408,-0.0174173665484892,0.058201494738018,0.0686665009565572,0.1273923355454309,0.0078240401065712,2019-02-04,2019-02-05,2019-02-06,2019-02-07,2019-02-08,2019-02-11,2019-02-12,2019-02-13,2019-02-14,2019-02-15,81655.0,2019-02-01,252.0,0.0477%,0.0007,0.7125,0.2244,0.1575,1.5808%,1.7618%,19.4921%,-0.001008,DRI,81655.0,2019-02-04,252.0,2.0861%,0.0007,0.7125,0.2273,0.1421,1.5805%,1.7633%,19.6569%,0.015278,DRI,81655.0,2019-02-05,252.0,0.8584%,0.0007,0.7122,0.2251,0.1377,1.5809%,1.7612%,19.4223%,0.006455,DRI,81655.0,2019-02-06,252.0,1.0639%,0.0007,0.7255,0.2206,0.1524,1.5817%,1.7579%,19.0424%,0.012032,DRI,81655.0,2019-02-07,252.0,0.3204%,0.0008,0.7289,0.2124,0.1554,1.5814%,1.7579%,19.0717%,0.009543,DRI,81655.0,2019-02-08,252.0,-0.1642%,0.0007,0.7295,0.2057,0.1535,1.5807%,1.7575%,19.1082%,-0.001432,DRI,81655.0,2019-02-11,252.0,0.8043%,0.0008,0.7093,0.231,0.1566,1.5775%,1.7395%,17.7564%,0.005211,DRI,81655.0,2019-02-12,252.0,1.1062%,0.0008,0.7064,0.2351,0.1544,1.5772%,1.7385%,17.6954%,0.0015359999999999,DRI,81655.0,2019-02-13,252.0,0.1166%,0.0008,0.7026,0.2408,0.1549,1.5765%,1.7357%,17.5039%,-0.001161,DRI,81655.0,2019-02-14,252.0,0.2329%,0.0008,0.7019,0.2421,0.1538,1.5765%,1.7355%,17.4843%,0.003351,DRI,81655.0,2019-02-15,252.0,0.1966%,0.0007,0.6993,0.2389,0.1485,1.5772%,1.7347%,17.3344%,-0.007408,DRI,0.01427,0.020725,0.032757,0.040868,0.042397
38523,ELDORADO GOLD CORP NEW,BMO Capital Upgrades Eldorado Gold to Outperform,6,increase,0.8,0.6,upgrades from reputable financial institutions like bmo capital typically signal positive sentiment and can lead to an increase in stock price.,2,2019-02-01,EGO,2019-02-01 14:16:00+00:00,89648.0,28490250,0.0613333396613597,4744750.0,-0.0075376811437308,0.2755101919174194,0.0556962080299854,0.0425532348453998,-0.0599520355463028,0.0107526779174804,-0.0255102403461933,0.0371746867895126,0.0575916320085525,0.0074906293302774,-0.0049504903145134,0.0113636255264282,-0.0124377990141511,-0.0185873433947563,0.0075566680170595,0.0112781841307878,0.0025000572204589,-0.0600706152617931,0.0423939116299152,-0.0104895010590553,0.062201015651226,-0.0272109396755695,-0.0202703047543764,0.0,-0.0114941876381635,-0.03921565040946,0.0209301561117172,0.0065789413638412,-0.0205010659992694,-0.064615398645401,0.0,-0.0151515007019043,-0.0093023162335157,-0.0030211452394723,0.0211266838014125,0.0122324042022228,-0.0344827808439731,-0.0549133121967315,0.0071429074741899,0.0914826393127441,0.0070922481827437,0.1006944254040718,-0.0187794361263513,-0.0068965428508818,0.031100507825613,-0.0169491376727819,0.0348028056323528,-0.0145315071567893,-0.0067265043035149,0.0068953330628573,0.0677201375365257,-0.001175872515887,0.0084566511213779,-0.0266513470560312,-0.0503144189715385,0.009574132040143,-0.0066225626505911,-0.0712862610816955,-0.0244444739073514,0.0160435829311609,0.0296127833425998,0.1116883754730225,0.042035412043333,-0.0128205008804798,-0.0339702442288398,-0.0564516559243202,0.0153845474123954,0.0125755779445171,0.0649351105093956,0.0037704333662986,0.0223577506840229,0.0,-0.0178926736116409,0.0701754763722419,-0.0485830456018447,0.0,-0.014893552288413,-0.0088680433109402,-0.0453563779592514,0.013392087072134,0.0067872698418796,0.0044247745536267,0.0314607508480548,-0.0462525598704814,0.0152504779398441,0.0213793646544218,-0.0171673670411109,-0.0139408195391297,0.0131004247814416,-0.030652679502964,0.0193965844810009,-0.0368253588676452,-0.010570865124464,0.0260585863143205,-0.0256410017609596,-0.0199520960450172,-0.0109648499637842,-0.0200218651443719,-0.006651930976659,0.0240268874913454,-0.0468750074505806,0.0303680710494518,0.0117096463218331,-0.0117436023429036,-0.0092592500150203,-0.0111290523782372,-0.0303738564252853,-0.0583232007920742,-0.0024096935521811,-0.0594285577535629,0.0048309136182069,-0.0395170301198959,-0.0096153756603598,-0.0016438633901998,0.0461165197193622,0.0,-0.0324825681746006,0.0138888750225305,-0.0023981363046914,0.0349289067089557,-0.0075376811437308,0.2755101919174194,0.0477387066292096,0.3297872766617824,-0.015075361553862,0.34408605094649,0.0150753635205997,0.404494355924254,0.0502512086305884,0.3111888718054125,0.103015037471698,0.1682241981393826,0.0452260906184058,0.0780508373350357,2019-02-04,2019-02-05,2019-02-06,2019-02-07,2019-02-08,2019-02-11,2019-02-12,2019-02-13,2019-02-14,2019-02-15,89648.0,2019-02-01,252.0,6.1333%,-0.001,0.4842,1.3321,0.711,3.9572%,4.0348%,3.8077%,0.059375,EGO,89648.0,2019-02-04,252.0,-0.7538%,-0.0011,0.4823,1.3256,0.7165,3.9580%,4.0350%,3.7786%,-0.014247,EGO,89648.0,2019-02-05,252.0,5.5696%,-0.0007,0.4389,1.2889,0.6275,3.9636%,4.0327%,3.4008%,0.058882,EGO,89648.0,2019-02-06,252.0,-5.9952%,-0.001,0.4775,1.2775,0.6576,3.9785%,4.0495%,3.4773%,-0.059397,EGO,89648.0,2019-02-07,252.0,-2.5510%,-0.0009,0.5014,1.256,0.6552,3.9756%,4.0476%,3.5277%,-0.0220739999999999,EGO,89648.0,2019-02-08,252.0,5.7592%,-0.0008,0.4911,1.2309,0.5952,3.9939%,4.0629%,3.3673%,0.060933,EGO,89648.0,2019-02-11,252.0,-0.4950%,-0.0009,0.5179,1.1858,0.5849,3.9923%,4.0615%,3.3793%,-0.015231,EGO,89648.0,2019-02-12,252.0,-1.2438%,-0.0007,0.5517,1.1295,0.6122,3.9666%,4.0364%,3.4275%,-0.018824,EGO,89648.0,2019-02-13,252.0,0.7557%,-0.0007,0.5444,1.1441,0.6161,3.9652%,4.0351%,3.4345%,0.004806,EGO,89648.0,2019-02-14,252.0,0.2500%,-0.0006,0.5457,1.146,0.611,3.9617%,4.0320%,3.4561%,0.001168,EGO,89648.0,2019-02-15,252.0,4.2394%,-0.0005,0.5556,1.1582,0.6314,3.9656%,4.0374%,3.5251%,0.030329,EGO,0.0451279999999999,0.1040099999999999,0.0446129999999999,0.0834719999999999,0.0857199999999999
38531,ELDORADO GOLD CORP NEW,National Bank Financial Upgrades Eldorado Gold to Outperform,6,increase,0.8,0.6,"upgrades from financial institutions typically signal positive sentiment and can lead to increased investor interest, likely boosting the stock price.",2,2019-02-01,EGO,2019-02-01 14:15:00+00:00,89648.0,28490250,0.0613333396613597,4744750.0,-0.0075376811437308,0.2755101919174194,0.0556962080299854,0.0425532348453998,-0.0599520355463028,0.0107526779174804,-0.0255102403461933,0.0371746867895126,0.0575916320085525,0.0074906293302774,-0.0049504903145134,0.0113636255264282,-0.0124377990141511,-0.0185873433947563,0.0075566680170595,0.0112781841307878,0.0025000572204589,-0.0600706152617931,0.0423939116299152,-0.0104895010590553,0.062201015651226,-0.0272109396755695,-0.0202703047543764,0.0,-0.0114941876381635,-0.03921565040946,0.0209301561117172,0.0065789413638412,-0.0205010659992694,-0.064615398645401,0.0,-0.0151515007019043,-0.0093023162335157,-0.0030211452394723,0.0211266838014125,0.0122324042022228,-0.0344827808439731,-0.0549133121967315,0.0071429074741899,0.0914826393127441,0.0070922481827437,0.1006944254040718,-0.0187794361263513,-0.0068965428508818,0.031100507825613,-0.0169491376727819,0.0348028056323528,-0.0145315071567893,-0.0067265043035149,0.0068953330628573,0.0677201375365257,-0.001175872515887,0.0084566511213779,-0.0266513470560312,-0.0503144189715385,0.009574132040143,-0.0066225626505911,-0.0712862610816955,-0.0244444739073514,0.0160435829311609,0.0296127833425998,0.1116883754730225,0.042035412043333,-0.0128205008804798,-0.0339702442288398,-0.0564516559243202,0.0153845474123954,0.0125755779445171,0.0649351105093956,0.0037704333662986,0.0223577506840229,0.0,-0.0178926736116409,0.0701754763722419,-0.0485830456018447,0.0,-0.014893552288413,-0.0088680433109402,-0.0453563779592514,0.013392087072134,0.0067872698418796,0.0044247745536267,0.0314607508480548,-0.0462525598704814,0.0152504779398441,0.0213793646544218,-0.0171673670411109,-0.0139408195391297,0.0131004247814416,-0.030652679502964,0.0193965844810009,-0.0368253588676452,-0.010570865124464,0.0260585863143205,-0.0256410017609596,-0.0199520960450172,-0.0109648499637842,-0.0200218651443719,-0.006651930976659,0.0240268874913454,-0.0468750074505806,0.0303680710494518,0.0117096463218331,-0.0117436023429036,-0.0092592500150203,-0.0111290523782372,-0.0303738564252853,-0.0583232007920742,-0.0024096935521811,-0.0594285577535629,0.0048309136182069,-0.0395170301198959,-0.0096153756603598,-0.0016438633901998,0.0461165197193622,0.0,-0.0324825681746006,0.0138888750225305,-0.0023981363046914,0.0349289067089557,-0.0075376811437308,0.2755101919174194,0.0477387066292096,0.3297872766617824,-0.015075361553862,0.34408605094649,0.0150753635205997,0.404494355924254,0.0502512086305884,0.3111888718054125,0.103015037471698,0.1682241981393826,0.0452260906184058,0.0780508373350357,2019-02-04,2019-02-05,2019-02-06,2019-02-07,2019-02-08,2019-02-11,2019-02-12,2019-02-13,2019-02-14,2019-02-15,89648.0,2019-02-01,252.0,6.1333%,-0.001,0.4842,1.3321,0.711,3.9572%,4.0348%,3.8077%,0.059375,EGO,89648.0,2019-02-04,252.0,-0.7538%,-0.0011,0.4823,1.3256,0.7165,3.9580%,4.0350%,3.7786%,-0.014247,EGO,89648.0,2019-02-05,252.0,5.5696%,-0.0007,0.4389,1.2889,0.6275,3.9636%,4.0327%,3.4008%,0.058882,EGO,89648.0,2019-02-06,252.0,-5.9952%,-0.001,0.4775,1.2775,0.6576,3.9785%,4.0495%,3.4773%,-0.059397,EGO,89648.0,2019-02-07,252.0,-2.5510%,-0.0009,0.5014,1.256,0.6552,3.9756%,4.0476%,3.5277%,-0.0220739999999999,EGO,89648.0,2019-02-08,252.0,5.7592%,-0.0008,0.4911,1.2309,0.5952,3.9939%,4.0629%,3.3673%,0.060933,EGO,89648.0,2019-02-11,252.0,-0.4950%,-0.0009,0.5179,1.1858,0.5849,3.9923%,4.0615%,3.3793%,-0.015231,EGO,89648.0,2019-02-12,252.0,-1.2438%,-0.0007,0.5517,1.1295,0.6122,3.9666%,4.0364%,3.4275%,-0.018824,EGO,89648.0,2019-02-13,252.0,0.7557%,-0.0007,0.5444,1.1441,0.6161,3.9652%,4.0351%,3.4345%,0.004806,EGO,89648.0,2019-02-14,252.0,0.2500%,-0.0006,0.5457,1.146,0.611,3.9617%,4.0320%,3.4561%,0.001168,EGO,89648.0,2019-02-15,252.0,4.2394%,-0.0005,0.5556,1.1582,0.6314,3.9656%,4.0374%,3.5251%,0.030329,EGO,0.0451279999999999,0.1040099999999999,0.0446129999999999,0.0834719999999999,0.0857199999999999
38539,ENOVA INTERNATIONAL INC,"Enova International Inc shares are trading higher after the company beat Q4 sales estimates, offsetting weak Q1 EPS guidance.",6,increase,0.7,0.6,"the positive news of beating q4 sales estimates is likely to outweigh the negative impact of weak q1 eps guidance, leading to an overall increase in stock price.",2,2019-02-01,ENVA,2019-02-01 16:29:00+00:00,14960.0,29357K10,0.0516269244253635,668374.0,-0.0132013075053691,-0.0228910949081182,0.0133779132738709,0.0337423533201217,-0.0239273905754089,0.0066166571341454,-0.003803894855082,-0.0126306191086769,-0.0076368395239114,0.0195381268858909,0.0243693757802248,-0.0030987027566879,0.0083472775295376,0.000886152323801,0.0140728540718555,-0.0342319682240486,-0.01306121237576,0.0156453978270292,0.0219188909977674,0.0074430857785046,0.0157831367105245,0.0196428820490837,0.0151394084095954,0.0013410272076725,-0.0137362787500023,0.004490362945944,0.0087545253336429,0.0295885950326919,0.0031558154150843,-0.0023063258267939,-0.0058985301293432,0.0549878887832164,0.00118666049093,0.0,0.0082971546798944,0.0029282316099852,-0.0054859439842402,0.0470107346773147,0.0047281654551625,-0.021989032626152,-0.0047059152275323,0.0282631646841764,-0.0153664071112871,0.0030927560292184,-0.0324129424989223,0.0183727238327264,0.0012406442547217,-0.0078125791624188,0.0008261238690465,0.0429115109145641,-0.0226991027593612,0.0154440542683005,0.0325169116258621,-0.0082057723775506,0.0106338774785399,-0.0124256908893585,0.0012141112238168,-0.0154254799708724,0.0295068528503179,0.0145708872005343,-0.0160973630845546,-0.0507172010838985,-0.0283319670706987,-0.0510451756417751,-0.0016427480150014,-0.0228028297424316,-0.0703413859009742,0.0364352427423,-0.0110619468614459,0.021116143092513,-0.0134228700771927,-0.0109398914501071,0.0158730335533618,-0.0275628473609685,0.0200893208384513,0.0029097702354192,-0.001312940265052,-0.0736747235059738,0.0333041287958622,0.0054200920276343,-0.0322307124733924,-0.013808524236083,0.0052585820667445,0.0094424905255436,0.0126416301354765,0.0234698690474033,0.0012914630351588,-0.0118235666304826,0.0159070901572704,0.000910353148356,-0.0270841903984546,-0.0134710883721709,0.0291431099176406,0.0173595733940601,0.0092983646318316,-0.0183856431394815,0.0217755641788244,-0.0300130732357502,-0.0131147420033812,-0.0204516220837831,0.0344684347510337,0.0034202618990093,0.0152549603953957,0.0099308956414461,0.0110715208575129,0.0073945228941738,-0.0043019400909543,-0.0204516220837831,0.0145326340571045,-0.0585640184581279,-0.003871482098475,-0.019276151433587,0.0314808152616024,0.0221149660646915,0.1424264758825302,0.0085158552974462,-0.0197889301925897,0.002846673130989,-0.0770524591207504,0.0,-0.0132013075053691,-0.0228910949081182,-1.7840673383062722e-10,0.0100788589997293,-0.0239273907495468,0.0167622044881794,-0.0350660235563686,0.0235345821304593,0.0193894095026465,0.0091943574020578,0.0507425542791541,0.2439286782917211,0.1316006833362621,-0.0626271233227316,2019-02-04,2019-02-05,2019-02-06,2019-02-07,2019-02-08,2019-02-11,2019-02-12,2019-02-13,2019-02-14,2019-02-15,14960.0,2019-02-01,252.0,5.1627%,0.0017,0.94,1.8832,0.5011,2.6324%,2.9507%,20.4077%,0.05067,ENVA,14960.0,2019-02-04,252.0,-1.3201%,0.0014,0.9271,1.8506,0.4721,2.6271%,2.9395%,20.1247%,-0.026804,ENVA,14960.0,2019-02-05,252.0,1.3378%,0.0011,1.0161,1.8769,0.5618,2.5466%,2.8950%,22.6224%,0.013604,ENVA,14960.0,2019-02-06,252.0,-2.3927%,0.0008,1.08,1.8568,0.6217,2.5397%,2.8990%,23.2534%,-0.021998,ENVA,14960.0,2019-02-07,252.0,-0.3804%,0.001,1.1049,1.8227,0.6269,2.5237%,2.8893%,23.7059%,0.006129,ENVA,14960.0,2019-02-08,252.0,-0.7637%,0.0009,1.1067,1.8011,0.6202,2.5190%,2.8828%,23.6460%,-0.005317,ENVA,14960.0,2019-02-11,252.0,2.4369%,0.0009,1.1243,1.7958,0.6266,2.5183%,2.8857%,23.8407%,0.009406,ENVA,14960.0,2019-02-12,252.0,0.8347%,0.0008,1.1157,1.8016,0.6212,2.5182%,2.8847%,23.7978%,-0.006337,ENVA,14960.0,2019-02-13,252.0,1.4073%,0.0008,1.1096,1.8154,0.6257,2.5167%,2.8829%,23.7887%,0.009333,ENVA,14960.0,2019-02-14,252.0,-1.3061%,0.0007,1.1122,1.8051,0.6395,2.5152%,2.8798%,23.7168%,-0.016642,ENVA,14960.0,2019-02-15,252.0,2.1919%,0.0006,1.1087,1.8021,0.6339,2.5150%,2.8768%,23.5707%,0.001669,ENVA,0.023866,0.0374699999999999,0.0154719999999999,0.0162839999999999,0.0137129999999999
38547,EATON CORP PLC,Eaton Agrees to Acquire 82.275% Controlling Interest in Ulusoy Elektrik for ~$214M in Cash,6,increase,0.7,0.6,"the acquisition of a controlling interest in ulusoy elektrik suggests strategic growth and expansion for eaton corp, which is likely to be viewed positively by investors.",2,2019-02-01,ETN,2019-02-01 09:33:00+00:00,11762.0,G2918310,0.0030164374038577,4160913.0,0.008106630295515,0.04624043405056,0.000648548011668,0.0248909667134285,-0.0027219583280384,0.0289393719285726,-0.0075383652001619,-0.027578430250287,-0.006940790452063,0.0129702966660261,-0.002637538826093,0.0001425821246812,0.0137511696666479,-0.0041169920004904,0.0130429118871688,-0.0198970399796962,-0.0060512581840157,0.0126814357936382,0.0198187362402677,0.0124108809977769,0.0008891107863746,0.0031482717022299,0.0116751035675406,-0.0071042911149561,-0.0003763017884921,0.0022784965112805,0.013803469017148,0.0004273939121048,0.0016090760473161,0.0163626540452241,-0.0053138942457735,0.0129069704562425,0.0018636045278981,-0.0080023715272545,-0.0107887247577309,0.0029184967279434,0.0057666632346808,0.0285157077014446,0.0133366528898477,-0.0288588162511587,-0.0061500612646341,-0.0007282704464159,0.0018563600024208,0.0061548328958451,-0.0038294834084808,-0.0071294261142611,-0.0068810591474175,0.0138663882389664,0.0117158014327287,0.0451742261648178,0.0006226255209185,-0.022751273587346,0.0028620671946555,-0.0110266404226422,0.0049634142778813,-0.0132333701476454,-0.0050623044371604,-0.0126305921003222,0.0188631992787122,-0.0043365573510527,0.0014616656117141,-0.0198356676846742,-0.0120408395305275,-0.0031073617283254,0.0096023483201861,-0.0043594087474048,-0.0364590361714363,0.0026791095733642,-0.0007592705660499,-0.0057479832321405,0.007092167623341,0.00112283276394,-0.0018862412543967,-0.027834640815854,0.0061735901981592,-0.0226696487516164,0.0087653007358312,-0.0387130379676818,0.0208540260791778,0.01390693616122,0.004863831680268,0.0122352354228496,0.0027831965126097,-0.0073135374113917,0.0037407693453133,0.0161911249160766,0.0008415447664447,0.0034625402186065,0.0051651690155267,0.0134970983490347,-0.0158939026296138,0.0001349150406895,0.0008500266703777,0.0154901295900344,0.0067945304326713,-0.0072129340842366,0.0108459126204252,-0.0102369952946901,-0.0032188443001359,0.0035143890418112,0.0064585683867335,0.0223880968987941,0.0033273769076913,0.0006915095145814,0.009238407947123,-0.0027583031915128,-0.0031686027068644,-0.012528914026916,0.0076523884199559,-0.010910527780652,-0.002920902101323,-0.0156457219272851,-0.018045388162136,0.0018597156740725,-0.0003580717020668,0.0207457467913627,0.0026262532919645,0.00696343742311,-0.0139302080497145,-0.0069152833893895,0.008106630295515,0.04624043405056,0.0087604358461426,0.0722823698687555,0.0060146319767955,0.1033135481828388,-0.0084989735559503,0.0868015407639535,0.0294194550460138,0.0877318358473251,0.0830187032906404,0.1021971632658571,0.0925165667921408,0.0338983099320953,2019-02-04,2019-02-05,2019-02-06,2019-02-07,2019-02-08,2019-02-11,2019-02-12,2019-02-13,2019-02-14,2019-02-15,11762.0,2019-02-01,252.0,0.3016%,0.0,1.04,0.0582,0.2796,1.0008%,1.5028%,55.6560%,0.00034,ETN,11762.0,2019-02-04,252.0,0.8107%,-0.0002,1.0319,0.0415,0.2411,0.9604%,1.4748%,57.5894%,0.001526,ETN,11762.0,2019-02-05,252.0,0.0649%,-0.0001,1.0243,0.0397,0.2342,0.9589%,1.4615%,56.9517%,-0.002409,ETN,11762.0,2019-02-06,252.0,-0.2722%,-0.0002,1.0263,0.039,0.2362,0.9589%,1.4383%,55.5550%,-0.000729,ETN,11762.0,2019-02-07,252.0,-0.7538%,-0.0001,1.0277,0.0367,0.2367,0.9587%,1.4366%,55.4606%,0.001036,ETN,11762.0,2019-02-08,252.0,-0.6941%,-0.0001,1.0285,0.0469,0.2468,0.9576%,1.4350%,55.4650%,-0.006351,ETN,11762.0,2019-02-11,252.0,-0.2638%,-0.0002,1.0398,0.0295,0.2433,0.9562%,1.4249%,54.9618%,-0.005055,ETN,11762.0,2019-02-12,252.0,1.3751%,-0.0002,1.0382,0.0317,0.2421,0.9561%,1.4234%,54.8856%,-8.3e-05,ETN,11762.0,2019-02-13,252.0,1.3043%,-0.0002,1.0386,0.035,0.2451,0.9580%,1.4224%,54.6360%,0.009848,ETN,11762.0,2019-02-14,252.0,-0.6051%,-0.0002,1.0395,0.0338,0.2459,0.9577%,1.4229%,54.6982%,-0.002731,ETN,11762.0,2019-02-15,252.0,1.9819%,-0.0001,1.0497,0.0437,0.2634,0.9576%,1.4269%,54.9556%,0.0067069999999999,ETN,0.001866,-0.0005429999999999,-0.001272,-0.006587,0.002099
38555,ISHARES TRUST,"Spokesperson For UK Prime Minister Theresa May Says We'll Be Leaving The EU On Mar. 29, 2019",6,uncertain,0.6,0.3,"the announcement of the uk leaving the eu could create volatility in the market, leading to uncertainty in ishares trust's stock price due to potential impacts on investments and economic conditions.",1,2019-02-01,EWU,2019-02-01 11:28:00+00:00,14907.0,46435G33,0.0034931919071823,1644071.0,0.0028481059707701,0.0060703046619892,0.0088355559855699,0.0132728992030024,-0.0037534856237471,0.0068448199890553,-0.0043956451117992,-0.0071197189390659,-0.0006306701689027,0.0068425899371504,-0.0059955990873277,-0.0042180130258202,0.0073015727102756,0.0071895201690495,0.002206104574725,-0.011627865023911,0.0,0.0091264266520738,0.0132076097652316,0.0082155764102935,0.0052761686965823,-0.0029488909058272,0.0055572804994881,0.0049390718340873,-0.0064476230181753,-0.0065423245541751,0.0030901876743882,0.0003272326139267,0.0006161570781841,0.004272072110325,0.0086206523701548,0.0096217952668666,-0.0012209127889946,0.0060080210678279,-0.0045843985863029,0.0,0.0018422282300889,0.0277872886508703,-0.0024517874699085,-0.0061370716430246,0.0055299634113907,-0.0006814465741626,0.0012221484212204,-0.0010210613254457,-0.0106805702671408,0.013103418983519,-0.0040097860619425,-0.0092244772240519,0.0086713768541812,0.0248599797487258,-0.0018422282300889,-0.009021520614624,0.013841918669641,-0.0082587674260139,0.0033373972401022,0.0006886553019285,0.0105835646390914,-0.0037735404912382,0.0053860056214034,-0.0021023366134613,0.0020833243615925,-0.0092930234968662,-0.0038609225302934,-0.0134250735864043,-0.0017889497103169,-0.0003272773174103,-0.0155316749587655,0.0173159688711166,-0.0015169671969488,0.0030060170684009,0.0045579313300549,-0.0118811456486582,0.0027223275974392,-0.0081833060830831,-0.0063349287956953,-0.016103059053421,0.002125066705048,-0.0214308332651853,0.0133293690159916,0.0095449965447187,0.0056800781749188,-0.0078914137557148,0.0059453258290886,-0.0084507185965776,-0.0035460677463561,0.0129993604496121,0.0023724203929305,-0.0078641083091497,0.0017751886043697,0.0163043551146984,-0.005611412692815,-0.012314474210143,0.0032670216169208,0.0166934337466955,-0.0011840468505397,-0.0142405303195118,0.0059275915846228,-0.0034688964951783,-0.0005892887129448,-0.0050204503349959,-0.0014740341575816,-0.0059264046140015,0.0017715197755023,0.002188233891502,-0.0035366616211831,0.0062912502326071,0.0011829960858449,-0.018221128731966,0.0002954840892925,-0.0079656345769763,-0.0079740239307284,-0.0079028001055121,-0.0035724600311368,0.0148057797923684,0.0014938522363081,-0.0006165369413793,0.0020882964599877,0.0055796750821173,0.0050609754398465,-0.0055487151257693,0.0028481059707701,0.0060703046619892,0.0117088265560976,0.0194237744069016,0.0079113920202011,0.0264015466352802,0.0028481057231202,0.0260670974694079,0.0196202789201891,0.0348340275791712,0.0632910769545209,0.0780033473871679,0.0683543626593627,-0.0080640671973375,2019-02-04,2019-02-05,2019-02-06,2019-02-07,2019-02-08,2019-02-11,2019-02-12,2019-02-13,2019-02-14,2019-02-15,14907.0,2019-02-01,252.0,0.3493%,-0.0003,0.6997,0.0818,0.3288,0.5991%,0.9493%,60.1686%,0.001112,EWU,14907.0,2019-02-04,252.0,0.2848%,-0.0003,0.6999,0.082,0.3305,0.5990%,0.9495%,60.1979%,-0.00117,EWU,14907.0,2019-02-05,252.0,0.8836%,-0.0002,0.6929,0.0766,0.3172,0.5990%,0.9395%,59.3476%,0.007774,EWU,14907.0,2019-02-06,252.0,-0.3753%,-0.0002,0.6611,0.0869,0.2855,0.5869%,0.8907%,56.5806%,-0.002544,EWU,14907.0,2019-02-07,252.0,-0.4396%,-0.0002,0.6538,0.0958,0.2847,0.5819%,0.8800%,56.2797%,0.0006519999999999,EWU,14907.0,2019-02-08,252.0,-0.0631%,-0.0002,0.6534,0.1035,0.2881,0.5793%,0.8778%,56.4420%,0.000597,EWU,14907.0,2019-02-11,252.0,-0.5996%,-0.0002,0.6562,0.0898,0.2822,0.5812%,0.8708%,55.4583%,-0.008357,EWU,14907.0,2019-02-12,252.0,0.7302%,-0.0002,0.6609,0.083,0.2858,0.5784%,0.8720%,56.0050%,-0.001261,EWU,14907.0,2019-02-13,252.0,0.2206%,-0.0002,0.6592,0.086,0.2864,0.5779%,0.8691%,55.7849%,5.999999999999999e-06,EWU,14907.0,2019-02-14,252.0,0.0000%,-0.0002,0.6586,0.0875,0.2848,0.5782%,0.8691%,55.7393%,0.002498,EWU,14907.0,2019-02-15,252.0,1.3208%,-0.0002,0.6568,0.0863,0.2826,0.5777%,0.8664%,55.5311%,0.0040799999999999,EWU,-5.800000000000011e-05,0.007716,0.0051719999999999,0.006421,0.0033869999999999
38563,ISHARES INC,Mexican Seismological Service Reports M6.6 Earthquake Near Southern Mexico,6,uncertain,0.5,0.1,"the earthquake may have localized impacts on the economy and markets, but its overall effect on ishares inc's stock price is unclear without further context on the company's exposure to the region.",1,2019-02-01,EWW,2019-02-01 16:23:00+00:00,83223.0,46428682,-0.0033333671744912,4764789.0,0.0053512081503868,0.0087424209341406,0.01086719147861,-0.0044633061625063,-0.0076788566075265,0.0044833165593445,-0.0050851101987063,-0.0044633061625063,-0.0126666594296693,0.0044833165593445,-0.0112536577507853,-0.0015666896943002,0.0011381569784134,0.0076680234633386,-0.0306957364082336,-0.0161970164626836,0.0171240791678428,-0.0004435674927663,0.0099169807508587,-0.0026542565319687,0.0038821229245513,0.0109570184722542,-0.0011373802553862,0.0056217671371996,0.0059211640618741,0.0047447560355067,0.0108671812340617,-0.0042745205573737,0.0026875459589064,0.002254843013361,-0.0058075077831745,0.011171861551702,-0.0094360411167144,0.0164542067795991,-0.0120208384469151,0.0117233293130993,-0.0061983573250472,0.0205790996551513,-0.0053129945881664,-0.0125236008316278,-0.0046446993947029,0.0276833269745111,-0.0118992561474442,0.0009723120019771,-0.0136953489854931,0.0024366099387407,0.0047881435602903,0.0009756321087479,0.0114367296919226,0.0098522547632455,0.0025912981946021,0.004453248810023,0.0025845111813396,-0.0141463857144117,-0.0030465726740658,0.0219342242926359,0.0145744923502206,0.0032507439609616,0.0169137977063655,0.017695078626275,-0.0015948894433677,-0.0151477679610252,0.0255590807646513,-0.0022299343254417,0.0028927696403115,-0.0078662661835551,-0.0392722524702549,0.0149700213223695,0.0143186822533607,-0.0022403867915272,0.0013661514967679,-0.0105911409482359,-0.0111413793638348,-0.0004923795931972,-0.0020694446284323,0.0183003153651952,0.0043778484687209,-0.0167611613869667,0.0227116700261831,0.0059508518315851,-0.0094213094562292,-0.0100638149306178,0.0015851380303502,0.0159601811319589,0.0156002407893538,0.0445428267121315,0.0249332766979932,0.0166843514889478,0.0154213523492217,-0.04934548959136,-0.0038502740208059,-0.0158572699874639,0.0008589416975155,0.0014888677978888,-0.005792757961899,-0.0213696230202913,0.0036684973165392,-0.0048332712613046,-0.0051601347513496,0.0283300038427114,0.0079965190961956,-0.0117878075689077,0.0115780644118785,0.0034499601460993,-0.0010597548680379,-0.022168630734086,-0.0012731036404147,-0.0290126726031303,-0.0091353366151452,0.0030509519856423,-0.0102915856987237,-0.0676148831844329,0.0054159443825483,0.0035133913625031,0.00237019197084,0.0019802013412117,-0.0064488225616514,0.0287460498511791,-0.0015144892968237,0.007755477912724,0.0053512081503868,0.0087424209341406,0.0162765522326089,0.0042400946704037,0.0084727103144233,0.0087424209163973,-0.0093645078177464,0.0087424208986539,-0.0236342842176922,-0.0046449692004389,-0.021404663339043,0.145193214016728,0.0289855769886453,0.036002794626835,2019-02-04,2019-02-05,2019-02-06,2019-02-07,2019-02-08,2019-02-11,2019-02-12,2019-02-13,2019-02-14,2019-02-15,83223.0,2019-02-01,252.0,-0.3333%,-0.0004,0.6771,0.0821,0.1306,1.4302%,1.6096%,21.0494%,-0.004856,EWW,83223.0,2019-02-04,252.0,0.5351%,-0.0005,0.674,0.0759,0.1156,1.4260%,1.6058%,21.1417%,0.000583,EWW,83223.0,2019-02-05,252.0,1.0867%,-0.0004,0.668,0.0705,0.1027,1.4265%,1.6017%,20.6837%,0.0086229999999999,EWW,83223.0,2019-02-06,252.0,-0.7679%,-0.0004,0.6435,0.0785,0.0777,1.4239%,1.5811%,18.8939%,-0.0063739999999999,EWW,83223.0,2019-02-07,252.0,-0.5085%,-0.0005,0.6333,0.0911,0.0765,1.4198%,1.5721%,18.4314%,0.000599,EWW,83223.0,2019-02-08,252.0,-1.2667%,-0.0004,0.635,0.1096,0.0956,1.4178%,1.5695%,18.3916%,-0.012855,EWW,83223.0,2019-02-11,252.0,-1.1254%,-0.0005,0.6233,0.1035,0.0862,1.4194%,1.5603%,17.2444%,-0.013186,EWW,83223.0,2019-02-12,252.0,0.1138%,-0.0005,0.6146,0.1096,0.0807,1.4190%,1.5568%,16.9265%,-0.0073129999999999,EWW,83223.0,2019-02-13,252.0,-3.0696%,-0.0006,0.6105,0.1035,0.0718,1.4333%,1.5681%,16.4562%,-0.032639,EWW,83223.0,2019-02-14,252.0,1.7124%,-0.0006,0.606,0.1137,0.0608,1.4381%,1.5719%,16.2951%,0.018184,EWW,83223.0,2019-02-15,252.0,0.9917%,-0.0006,0.6031,0.1114,0.0565,1.4378%,1.5701%,16.1517%,0.002393,EWW,-0.004273,0.0043499999999999,-0.002024,-0.01428,-0.046841
38571,FEDEX CORP,FedEx Worker Among Many Killed By Arctic Outbreak,6,decrease,0.8,0.6,"the tragic loss of a fedex worker due to an arctic outbreak may negatively impact the company's reputation and operational capacity, leading to a potential decrease in stock price.",0,2019-02-01,FDX,2019-02-01 20:17:00+00:00,60628.0,31428X10,0.0097988974303007,1812460.0,0.0190731044858694,0.0005635098787024,0.0054725552909076,0.0224104113876819,0.0004354315169621,-0.0021844382863491,-0.0132745904847979,-0.007983542047441,-0.0227710735052824,0.007237188052386,0.0217219069600105,0.0024183178320527,0.0240764301270246,-0.0126208150759339,0.0009166792733594,-0.0057091726921498,-0.0091584799811244,0.0210076719522476,-0.0251195915043354,0.0111461468040943,0.0052983653731644,0.0042782379314303,0.0092094512656331,-0.0053628571331501,0.002033945871517,0.0032750309910625,-0.0098200198262929,0.0051140980795025,0.003213484538719,-0.002755151130259,0.0035345412325114,0.021374637261033,0.0005502770654857,0.0017393903108313,-0.0044551868923008,0.0139877339825034,0.0099447686225175,0.0460588485002517,-0.0090809827670454,-0.0367669574916362,-0.0062382956966757,0.0115291671827435,-0.0101661123335361,0.0147817721590399,-0.0298574045300483,-0.0126692866906523,-0.0024875728413462,0.0054324720986187,0.0271859243512153,0.0487884543836116,0.0040804832242429,-0.0335443243384361,0.013320542871952,-0.0107688531279563,-0.0025065278168767,-0.0171681344509124,-0.0061425403691828,-0.1216150522232056,0.0248342417180538,0.0154783027246594,-0.0054275779984891,-0.0104285385459661,-0.0349484384059906,-0.016401283442974,0.0223910324275493,-0.0057896189391613,-0.0279345214366912,-0.0072765075601637,-0.0110351061448454,-0.0170009788125753,0.0178996138274669,-0.0420080758631229,0.0053668427281081,-0.0605412349104881,0.0102788209915161,-0.0021344036795198,0.0197302419692277,-0.0631194114685058,0.0277823340147733,0.0045414553023874,-0.0129793416708707,0.0065934066660702,0.0063033401966094,-0.0187621563673019,0.0133916288614273,0.0293922238051891,0.0118825370445847,0.0008443052065558,0.0077936337329447,0.0073410896584391,-0.0074720862321555,0.0038193252403289,0.0055277864448726,0.0054667331278324,0.0045549483038485,-0.0219178367406129,0.0264762695878744,-0.0017204084433615,-0.0039096432738006,-0.0049163564108312,0.0053522433154284,0.0117693813517689,0.0042082942090928,0.0119096189737319,0.0004543892573565,0.0131129147484898,-0.0109512908384203,-0.0212566368281841,-0.0043371305800974,-0.0217959899455308,0.0139906508848071,-0.0081286961212754,-0.0454361960291862,0.0198879670351743,-0.025573156774044,0.0186874065548181,0.014073091559112,0.004285829141736,0.0151637019589543,-0.010623057372868,0.0190731044858694,0.0005635098787024,0.0246500383956451,0.0229865497545871,0.0250962033162189,0.020751898768883,-0.011544207313432,0.0199310791047488,-5.5737517227094635e-05,0.0362395335566818,0.0210818228132694,-0.0253581197920255,0.0606040312394191,-0.2048601511666352,2019-02-04,2019-02-05,2019-02-06,2019-02-07,2019-02-08,2019-02-11,2019-02-12,2019-02-13,2019-02-14,2019-02-15,60628.0,2019-02-01,252.0,0.9799%,-0.0011,1.2648,0.1974,0.4732,1.2491%,1.8347%,53.6507%,0.006167,FDX,60628.0,2019-02-04,252.0,1.9073%,-0.001,1.2681,0.2066,0.4753,1.2511%,1.8392%,53.7272%,0.011096,FDX,60628.0,2019-02-05,252.0,0.5473%,-0.001,1.2737,0.2072,0.4788,1.2506%,1.8346%,53.5282%,0.002937,FDX,60628.0,2019-02-06,252.0,0.0435%,-0.0011,1.3164,0.1934,0.5215,1.2403%,1.8262%,53.8725%,0.002823,FDX,60628.0,2019-02-07,252.0,-1.3275%,-0.001,1.324,0.1844,0.5221,1.2379%,1.8272%,54.1003%,-0.002914,FDX,60628.0,2019-02-08,252.0,-2.2771%,-0.0011,1.3276,0.1818,0.5354,1.2430%,1.8321%,53.9690%,-0.020553,FDX,60628.0,2019-02-11,252.0,2.1722%,-0.0011,1.3289,0.2056,0.549,1.2483%,1.8143%,52.6615%,0.017332,FDX,60628.0,2019-02-12,252.0,2.4076%,-0.0009,1.3526,0.181,0.5655,1.2312%,1.8184%,54.1588%,0.006795,FDX,60628.0,2019-02-13,252.0,0.0917%,-0.0009,1.3502,0.1841,0.5654,1.2310%,1.8139%,53.9469%,-0.003475,FDX,60628.0,2019-02-14,252.0,-0.9158%,-0.0009,1.351,0.1824,0.5672,1.2311%,1.8146%,53.9706%,-0.004101,FDX,60628.0,2019-02-15,252.0,-2.5120%,-0.001,1.3398,0.1678,0.5431,1.2533%,1.8209%,52.6241%,-0.0436639999999999,FDX,0.017263,0.0202,0.023023,-0.0004439999999999,-0.0275569999999999
38579,FEDEX CORP,"Amazon's Q4 Shipping Bill Soared To More Than $9 Billion, Company Reports",6,decrease,0.7,0.6,"amazon's significant increase in shipping costs may indicate a shift towards more in-house logistics, potentially reducing reliance on fedex and negatively impacting its stock price.",0,2019-02-01,FDX,2019-02-01 16:13:00+00:00,60628.0,31428X10,0.0097988974303007,1812460.0,0.0190731044858694,0.0005635098787024,0.0054725552909076,0.0224104113876819,0.0004354315169621,-0.0021844382863491,-0.0132745904847979,-0.007983542047441,-0.0227710735052824,0.007237188052386,0.0217219069600105,0.0024183178320527,0.0240764301270246,-0.0126208150759339,0.0009166792733594,-0.0057091726921498,-0.0091584799811244,0.0210076719522476,-0.0251195915043354,0.0111461468040943,0.0052983653731644,0.0042782379314303,0.0092094512656331,-0.0053628571331501,0.002033945871517,0.0032750309910625,-0.0098200198262929,0.0051140980795025,0.003213484538719,-0.002755151130259,0.0035345412325114,0.021374637261033,0.0005502770654857,0.0017393903108313,-0.0044551868923008,0.0139877339825034,0.0099447686225175,0.0460588485002517,-0.0090809827670454,-0.0367669574916362,-0.0062382956966757,0.0115291671827435,-0.0101661123335361,0.0147817721590399,-0.0298574045300483,-0.0126692866906523,-0.0024875728413462,0.0054324720986187,0.0271859243512153,0.0487884543836116,0.0040804832242429,-0.0335443243384361,0.013320542871952,-0.0107688531279563,-0.0025065278168767,-0.0171681344509124,-0.0061425403691828,-0.1216150522232056,0.0248342417180538,0.0154783027246594,-0.0054275779984891,-0.0104285385459661,-0.0349484384059906,-0.016401283442974,0.0223910324275493,-0.0057896189391613,-0.0279345214366912,-0.0072765075601637,-0.0110351061448454,-0.0170009788125753,0.0178996138274669,-0.0420080758631229,0.0053668427281081,-0.0605412349104881,0.0102788209915161,-0.0021344036795198,0.0197302419692277,-0.0631194114685058,0.0277823340147733,0.0045414553023874,-0.0129793416708707,0.0065934066660702,0.0063033401966094,-0.0187621563673019,0.0133916288614273,0.0293922238051891,0.0118825370445847,0.0008443052065558,0.0077936337329447,0.0073410896584391,-0.0074720862321555,0.0038193252403289,0.0055277864448726,0.0054667331278324,0.0045549483038485,-0.0219178367406129,0.0264762695878744,-0.0017204084433615,-0.0039096432738006,-0.0049163564108312,0.0053522433154284,0.0117693813517689,0.0042082942090928,0.0119096189737319,0.0004543892573565,0.0131129147484898,-0.0109512908384203,-0.0212566368281841,-0.0043371305800974,-0.0217959899455308,0.0139906508848071,-0.0081286961212754,-0.0454361960291862,0.0198879670351743,-0.025573156774044,0.0186874065548181,0.014073091559112,0.004285829141736,0.0151637019589543,-0.010623057372868,0.0190731044858694,0.0005635098787024,0.0246500383956451,0.0229865497545871,0.0250962033162189,0.020751898768883,-0.011544207313432,0.0199310791047488,-5.5737517227094635e-05,0.0362395335566818,0.0210818228132694,-0.0253581197920255,0.0606040312394191,-0.2048601511666352,2019-02-04,2019-02-05,2019-02-06,2019-02-07,2019-02-08,2019-02-11,2019-02-12,2019-02-13,2019-02-14,2019-02-15,60628.0,2019-02-01,252.0,0.9799%,-0.0011,1.2648,0.1974,0.4732,1.2491%,1.8347%,53.6507%,0.006167,FDX,60628.0,2019-02-04,252.0,1.9073%,-0.001,1.2681,0.2066,0.4753,1.2511%,1.8392%,53.7272%,0.011096,FDX,60628.0,2019-02-05,252.0,0.5473%,-0.001,1.2737,0.2072,0.4788,1.2506%,1.8346%,53.5282%,0.002937,FDX,60628.0,2019-02-06,252.0,0.0435%,-0.0011,1.3164,0.1934,0.5215,1.2403%,1.8262%,53.8725%,0.002823,FDX,60628.0,2019-02-07,252.0,-1.3275%,-0.001,1.324,0.1844,0.5221,1.2379%,1.8272%,54.1003%,-0.002914,FDX,60628.0,2019-02-08,252.0,-2.2771%,-0.0011,1.3276,0.1818,0.5354,1.2430%,1.8321%,53.9690%,-0.020553,FDX,60628.0,2019-02-11,252.0,2.1722%,-0.0011,1.3289,0.2056,0.549,1.2483%,1.8143%,52.6615%,0.017332,FDX,60628.0,2019-02-12,252.0,2.4076%,-0.0009,1.3526,0.181,0.5655,1.2312%,1.8184%,54.1588%,0.006795,FDX,60628.0,2019-02-13,252.0,0.0917%,-0.0009,1.3502,0.1841,0.5654,1.2310%,1.8139%,53.9469%,-0.003475,FDX,60628.0,2019-02-14,252.0,-0.9158%,-0.0009,1.351,0.1824,0.5672,1.2311%,1.8146%,53.9706%,-0.004101,FDX,60628.0,2019-02-15,252.0,-2.5120%,-0.001,1.3398,0.1678,0.5431,1.2533%,1.8209%,52.6241%,-0.0436639999999999,FDX,0.017263,0.0202,0.023023,-0.0004439999999999,-0.0275569999999999
38587,1 800 FLOWERS COM INC,"Benchmark: For First Time In Years, 1-800-Flowers Delivered A 'Complete Holiday Quarter'",6,increase,0.8,0.7,"the news indicates a positive performance during a critical sales period, which is likely to boost investor confidence and drive the stock price up.",2,2019-02-01,FLWS,2019-02-01 17:43:00+00:00,87162.0,68243Q10,0.0250784065574407,811628.0,0.0581039041280746,0.1956521421670914,0.0005780479405075,0.0045181037858128,-0.0277296099811792,-0.0037509519606828,0.0017825720133259,-0.0014981615822762,0.004151820205152,0.0152091840282082,0.0011813619639724,-0.0186567176133394,0.0141592780128121,0.0411810204386711,-0.0162885785102844,-0.002325560664758,-0.010644607245922,-0.0053971200250089,-0.0017931129550561,0.0132812559604644,0.0299401190131902,-0.0108191184699535,0.0151161812245845,-0.0046154167503118,0.0005727508105337,-0.0015361334662884,0.0120206642895937,0.0116550559177994,0.0169682819396257,-0.0092378668487071,-0.0083425818011164,0.0023147941101342,0.0,0.0212766323238611,0.0005608653300441,0.0209170766174793,0.0252242572605609,0.0306799225509166,-0.0229633711278438,-0.0098522072657942,-0.0078344317153096,-0.004088245332241,0.0095882732421159,0.0260066669434309,-0.0122904647141695,0.0059071471914649,0.0107466364279389,0.0277537424117326,0.0151090398430824,0.0607175566256046,0.0104741202667355,-0.0109190074726939,-0.0169121362268924,-0.0574614144861698,0.0094339661300182,-0.0160338003188371,-0.0104453284293413,-0.0389294028282165,-0.0022222730331122,-0.0120192002505064,0.0189309678971767,-0.0126582905650138,0.0043715806677937,0.0023791186977177,0.0054407175630331,-0.0023734720889478,-0.017857139930129,-0.006289301905781,0.0132231283932924,0.0208667926490306,-0.0239259731024503,-0.0118952915072441,0.014484585262835,-0.0102040907368063,-0.0032948637381196,0.0366151183843612,0.0044077094644308,-0.0246032066643238,0.0060340436175465,0.0071942568756639,-0.0027262396179139,-0.0234192181378603,0.014215325936675,0.0023474716581404,-0.0021562809124588,0.025682158768177,0.0097244894132018,-0.0071713267825543,-0.0107009503990411,0.0031974390149116,0.0059491950087249,0.0016013176646083,0.0112902726978063,0.0097008803859353,-0.012227514758706,-0.0151274306699633,0.0064586028456687,-0.014128677546978,0.0192512664943933,-0.0184899680316448,-0.0152150588110089,0.0023165817838162,0.0037293389905244,0.0,-0.001061595394276,-0.0023112276103347,-0.003719431348145,-0.0240601990371942,0.0090666711330413,-0.0270665604621172,0.0079280985519289,0.0081120692193508,0.0010487916879355,0.0710900947451591,0.0057622110471129,-0.0298850834369659,0.0109374523162841,-0.023934157565236,0.0968573465943336,-0.0240875855088233,0.0581039041280746,0.1956521421670913,0.0587155389106988,0.2010542226371316,0.029357769935691,0.1965491259458445,0.035474000868592,0.2129277735220762,0.0214067517860343,0.2460937117379158,0.0984708690777682,0.278044894003574,0.3021407022666809,0.1642335749319965,2019-02-04,2019-02-05,2019-02-06,2019-02-07,2019-02-08,2019-02-11,2019-02-12,2019-02-13,2019-02-14,2019-02-15,87162.0,2019-02-01,252.0,2.5078%,0.002,0.9714,1.4095,-0.4743,2.9084%,3.2652%,20.6580%,0.027625,FLWS,87162.0,2019-02-04,252.0,5.8104%,0.0022,0.9809,1.4372,-0.4733,2.9188%,3.2834%,20.9769%,0.0420629999999999,FLWS,87162.0,2019-02-05,252.0,0.0578%,0.0021,0.9956,1.445,-0.4518,2.9172%,3.2834%,21.0612%,-0.005429,FLWS,87162.0,2019-02-06,252.0,-2.7730%,0.0019,1.014,1.4396,-0.4374,2.9216%,3.2872%,21.0089%,-0.025179,FLWS,87162.0,2019-02-07,252.0,0.1783%,0.0019,0.995,1.4584,-0.4366,2.9176%,3.2790%,20.8269%,0.01469,FLWS,87162.0,2019-02-08,252.0,0.4152%,0.0018,0.9962,1.4333,-0.4481,2.9123%,3.2733%,20.8425%,-0.000585,FLWS,87162.0,2019-02-11,252.0,0.1181%,0.0017,0.9978,1.4175,-0.4558,2.9129%,3.2695%,20.6197%,-0.0087429999999999,FLWS,87162.0,2019-02-12,252.0,1.4159%,0.0017,0.9949,1.4196,-0.4576,2.9129%,3.2700%,20.6476%,-0.00057,FLWS,87162.0,2019-02-13,252.0,-1.6289%,0.0016,0.9963,1.4085,-0.4648,2.9153%,3.2721%,20.6165%,-0.0197059999999999,FLWS,87162.0,2019-02-14,252.0,-1.0645%,0.0016,1.0013,1.3976,-0.4531,2.9181%,3.2731%,20.5141%,-0.018672,FLWS,87162.0,2019-02-15,252.0,-0.1793%,0.0016,1.002,1.3965,-0.4542,2.9186%,3.2731%,20.4906%,-0.014527,FLWS,0.069688,0.064259,0.03908,0.0531849999999999,-0.009033
38595,F M C CORP,FMC Corp shares are trading higher after the company raised Q4 EPS guidance from $1.33-$1.43 to $1.62-$1.67 versus the $1.39 estimate.,6,increase,0.85,0.7,"raising eps guidance typically signals stronger financial performance, which is likely to boost investor confidence and increase the stock price.",2,2019-02-01,FMC,2019-02-01 16:02:00+00:00,19166.0,30249130,0.0755638927221298,2575333.0,-0.0073401476256549,-0.0099255014210939,-0.0024647780228406,0.0062421974726021,0.0049418262206017,0.0123861944302916,-0.0138157149776816,-0.0031498046591877,0.0037991176359355,0.0201799441128969,0.0024837264791131,-0.0037135779857635,-0.0294950436800718,-0.0184766370803117,0.0246778354048728,-0.0135152377188205,-0.0037964135408401,0.0154873253777623,0.016434408724308,0.0031577618792653,0.0133567592129111,-0.0007573543698526,0.0110995387658476,-0.0082613099366426,0.0085763297975063,-0.0054774358868598,0.0035147981252521,-0.0042146565392613,0.0096034174785017,0.0156112033873796,-0.0087287239730358,0.0041719572618603,0.0117408093065023,0.0172324627637863,-0.0013390174135565,0.0117096211761236,0.0105028208345174,0.0528767220675945,0.0031632331665605,-0.0275742597877979,0.0016463685315102,0.0150081207975745,-0.0079655740410089,0.009968533180654,-0.0081570148468017,-0.0074545326642692,-0.0037265601567924,0.0100762024521827,0.0117374397814273,0.0477957800030708,0.0003824423474725,-0.0110061578452587,0.0001274644600925,-0.0171959213912487,-0.0168195664882659,-0.0367352403700351,0.0010367314098402,-0.0191299673169851,-0.0041429274715483,0.0006556058069691,-0.0084503581747412,-0.0123025709763169,-0.0077356281690299,-0.0130367670208215,0.0255021173506975,-0.0180723201483488,-0.0338873490691185,0.0110392430797219,-0.0068018417805433,-0.0073057292029261,0.0081912260502576,-0.0086164139211177,0.0031965617090463,-0.0296861380338668,0.0155336782336235,-0.0082913050428032,0.0095939468592405,-0.028484733775258,0.027597015723586,0.0352913439273834,0.0002533144433982,-0.0037327534519135,0.0024063126184046,-0.0015628426335752,0.014908405020833,0.03316355869174,0.0011203328613191,-0.0109336534515023,0.0037304533179849,0.0215863604098558,-0.0084241861477494,0.0027687039691954,0.0047475919127464,0.0109414840117096,-0.0065903854556381,-0.0402930751442909,0.001001399825327,-0.0156249459832906,-0.0026259731967002,0.0064110173843801,0.0125376125797629,0.0208692848682403,-0.0001238501281477,-0.0032003263477236,-0.0099071580916643,-0.0120394676923751,-0.0060036992654204,-0.0160344187170267,0.0084308311343193,-0.0011951533379033,-0.004991284571588,-0.0032166340388357,-0.009405568242073,0.0037068659439682,0.0063299154862761,0.0390110500156879,-0.0022644395940005,0.0003728409064933,-0.0031521876808255,-0.0131240002810955,-0.0073401476256549,-0.0099255014210939,-0.0097868338139434,-0.0037452608883769,-0.0048933724253,0.0085945440123591,-0.0149131855112291,0.025706940573164,-0.0055924874609888,0.0079576227160014,0.0297343076880272,0.0519554749117634,0.0639465017492186,-0.0159126492980022,2019-02-04,2019-02-05,2019-02-06,2019-02-07,2019-02-08,2019-02-11,2019-02-12,2019-02-13,2019-02-14,2019-02-15,19166.0,2019-02-01,252.0,7.5564%,0.0002,1.141,0.2473,0.4295,1.3731%,1.8319%,43.8209%,0.072554,FMC,19166.0,2019-02-04,252.0,-0.7340%,0.0002,1.143,0.2485,0.4543,1.3663%,1.8267%,44.0552%,-0.0148669999999999,FMC,19166.0,2019-02-05,252.0,-0.2465%,0.0002,1.1308,0.246,0.4442,1.3637%,1.8098%,43.2218%,-0.004555,FMC,19166.0,2019-02-06,252.0,0.4942%,0.0002,1.157,0.2375,0.4709,1.3607%,1.7995%,42.8225%,0.007043,FMC,19166.0,2019-02-07,252.0,-1.3816%,0.0002,1.1551,0.242,0.4692,1.3606%,1.7960%,42.6072%,-0.004684,FMC,19166.0,2019-02-08,252.0,0.3799%,0.0002,1.1538,0.2499,0.4692,1.3596%,1.7945%,42.6003%,0.005776,FMC,19166.0,2019-02-11,252.0,0.2484%,0.0002,1.1545,0.2463,0.4676,1.3596%,1.7791%,41.5981%,-0.00196,FMC,19166.0,2019-02-12,252.0,-2.9495%,0.0,1.1266,0.2493,0.4529,1.3875%,1.7836%,39.4802%,-0.04455,FMC,19166.0,2019-02-13,252.0,2.4678%,0.0,1.1216,0.2663,0.461,1.3893%,1.7799%,39.0755%,0.020957,FMC,19166.0,2019-02-14,252.0,-0.3796%,0.0002,1.1244,0.2676,0.4548,1.3635%,1.7624%,40.1441%,-0.000252,FMC,19166.0,2019-02-15,252.0,1.6434%,0.0001,1.1071,0.2521,0.4266,1.3567%,1.7460%,39.6214%,0.000776,FMC,0.0576869999999999,0.053132,0.060175,0.061267,0.0362379999999999
38603,GREIF INC,Greif Receives Antitrust Clearance For Caraustar Acquisition,6,increase,0.8,0.6,"the antitrust clearance for the caraustar acquisition is likely to be viewed positively by investors, as it removes a significant regulatory hurdle and allows greif to proceed with a strategic expansion.",2,2019-02-01,GEF,2019-02-01 13:20:00+00:00,83233.0,39762410,-0.0023076962679624,268632.0,-0.0128501672297716,-0.0030674573499709,0.0104139940813183,0.0092879422008991,-0.0012884063180536,-0.0061538890004158,0.006708001717925,-0.0284005831927061,-0.0046130265109241,0.0007479127380065,0.0043768836185336,0.0133905699476599,0.0194822400808334,-0.0090134404599666,0.0005029031308367,-0.0143139641731977,-0.0098014418035745,0.0079601909965276,0.0139593705534935,0.0092894528061151,0.0012515453854575,0.0116840973496437,0.0170000083744525,0.0186286512762308,-0.010816091671586,-0.0244825202971696,0.0268389154225587,0.002784120850265,0.0394482351839542,0.0196128599345684,-0.0104773165658116,-0.0043678875081241,-0.0134117575362324,0.0234025623649358,-0.041259229183197,0.0076840776018798,0.0134328585118055,0.0562553070485591,0.0149729205295443,-0.0317073687911033,-0.0043530911207199,-0.0056588272564113,-0.0026717707514762,0.0471219532191753,-0.0209449734538793,0.0062463767826557,0.0014924765564501,0.045103870332241,0.0002484385622665,0.0426980517804622,-0.0084430137649178,-0.0398098677396774,0.0165289212018251,-0.023781893774867,0.0091155190020799,-0.1804136037826538,0.0007324255420826,-0.0236713960766792,0.0118372272700071,0.0030260956846177,-0.0007311425870284,-0.0183216463774442,-0.0168292354792356,0.0093607269227504,0.0282808076590299,-0.0161725338548421,-0.0344994030892849,0.0241545718163251,0.0167415831238031,-0.0264277774840593,0.0132710970938205,0.0024697037879377,-0.0026679751463234,-0.010442066937685,0.0133754685521125,-0.0983573719859123,-0.0100791500881314,-0.0304914247244596,0.0230303220450878,0.0042910319752991,-0.0246445704251527,0.0245803259313106,-0.0070456978864967,-0.0021934318356215,0.0061169564723968,0.0110887717455625,0.0036478971596807,-0.0374539159238338,-0.0121153378859162,0.0001940668007591,-0.029678663238883,0.0066432231105864,0.0139029128476977,0.003923122305423,-0.0037397537380456,-0.0050742025487124,0.0270270742475986,-0.0013642505509778,-0.0304580889642238,0.0114331133663654,-0.0165870785713195,0.0174488350749015,-0.0214669089764356,0.0167210381478071,0.0109688732773065,0.0038895076140761,-0.0116249229758977,-0.0028577914927154,0.0167277380824089,-0.0312437806278467,-0.0059126825071871,0.0085759935900568,-0.008016487583518,0.0285128075629472,0.0169446747750043,-0.0053050057031214,0.015637032687664,-0.0046710669994354,-0.0025239393580704,0.0144211119040846,-0.0128501672297716,-0.0030674573499709,-0.002569994713928,0.006191994484358,-0.0038550898345548,6.371942973260046e-10,-0.0017990158423066,-0.0276739109930754,0.0267283708920864,-0.0208386089108927,0.065926685859091,-0.0921787561393202,0.0266981345795103,-0.1883098356800475,2019-02-04,2019-02-05,2019-02-06,2019-02-07,2019-02-08,2019-02-11,2019-02-12,2019-02-13,2019-02-14,2019-02-15,83233.0,2019-02-01,252.0,-0.2308%,-0.0012,1.1393,0.5724,0.2315,1.9537%,2.3276%,29.5446%,-0.004258,GEF,83233.0,2019-02-04,252.0,-1.2850%,-0.0013,1.1347,0.5584,0.233,1.9584%,2.3286%,29.2662%,-0.022836,GEF,83233.0,2019-02-05,252.0,1.0414%,-0.0013,1.1425,0.558,0.2358,1.9583%,2.3277%,29.2217%,0.00728,GEF,83233.0,2019-02-06,252.0,-0.1288%,-0.0012,1.1302,0.562,0.2239,1.9578%,2.3061%,27.9235%,0.001016,GEF,83233.0,2019-02-07,252.0,0.6708%,-0.0011,1.1307,0.5534,0.2291,1.9603%,2.3062%,27.7480%,0.016976,GEF,83233.0,2019-02-08,252.0,-0.4613%,-0.0011,1.1313,0.553,0.2315,1.9604%,2.3063%,27.7481%,-0.004426,GEF,83233.0,2019-02-11,252.0,0.4377%,-0.0011,1.1255,0.5581,0.2311,1.9602%,2.2924%,26.8821%,-0.001489,GEF,83233.0,2019-02-12,252.0,1.9482%,-0.0011,1.1269,0.5603,0.2315,1.9604%,2.2941%,26.9719%,0.004357,GEF,83233.0,2019-02-13,252.0,0.0503%,-0.0011,1.1261,0.5608,0.231,1.9605%,2.2926%,26.8784%,-0.003251,GEF,83233.0,2019-02-14,252.0,-0.9801%,-0.0011,1.1283,0.5566,0.235,1.9608%,2.2933%,26.8933%,-0.009113,GEF,83233.0,2019-02-15,252.0,1.3959%,-0.0011,1.1285,0.5568,0.2353,1.9608%,2.2921%,26.8136%,-0.0014099999999999,GEF,-0.027094,-0.019814,-0.018798,-0.0062479999999999,-0.0171539999999999
38611,GREIF INC,Greif Receives Antitrust Clearance For Caraustar Acquisition,6,increase,0.8,0.6,"receiving antitrust clearance is a positive development for greif inc., as it allows the company to proceed with the acquisition, which is likely to enhance its market position and growth potential.",2,2019-02-01,GEF,2019-02-01 13:20:00+00:00,83233.0,39762410,-0.0023076962679624,268632.0,-0.0128501672297716,-0.0030674573499709,0.0104139940813183,0.0092879422008991,-0.0012884063180536,-0.0061538890004158,0.006708001717925,-0.0284005831927061,-0.0046130265109241,0.0007479127380065,0.0043768836185336,0.0133905699476599,0.0194822400808334,-0.0090134404599666,0.0005029031308367,-0.0143139641731977,-0.0098014418035745,0.0079601909965276,0.0139593705534935,0.0092894528061151,0.0012515453854575,0.0116840973496437,0.0170000083744525,0.0186286512762308,-0.010816091671586,-0.0244825202971696,0.0268389154225587,0.002784120850265,0.0394482351839542,0.0196128599345684,-0.0104773165658116,-0.0043678875081241,-0.0134117575362324,0.0234025623649358,-0.041259229183197,0.0076840776018798,0.0134328585118055,0.0562553070485591,0.0149729205295443,-0.0317073687911033,-0.0043530911207199,-0.0056588272564113,-0.0026717707514762,0.0471219532191753,-0.0209449734538793,0.0062463767826557,0.0014924765564501,0.045103870332241,0.0002484385622665,0.0426980517804622,-0.0084430137649178,-0.0398098677396774,0.0165289212018251,-0.023781893774867,0.0091155190020799,-0.1804136037826538,0.0007324255420826,-0.0236713960766792,0.0118372272700071,0.0030260956846177,-0.0007311425870284,-0.0183216463774442,-0.0168292354792356,0.0093607269227504,0.0282808076590299,-0.0161725338548421,-0.0344994030892849,0.0241545718163251,0.0167415831238031,-0.0264277774840593,0.0132710970938205,0.0024697037879377,-0.0026679751463234,-0.010442066937685,0.0133754685521125,-0.0983573719859123,-0.0100791500881314,-0.0304914247244596,0.0230303220450878,0.0042910319752991,-0.0246445704251527,0.0245803259313106,-0.0070456978864967,-0.0021934318356215,0.0061169564723968,0.0110887717455625,0.0036478971596807,-0.0374539159238338,-0.0121153378859162,0.0001940668007591,-0.029678663238883,0.0066432231105864,0.0139029128476977,0.003923122305423,-0.0037397537380456,-0.0050742025487124,0.0270270742475986,-0.0013642505509778,-0.0304580889642238,0.0114331133663654,-0.0165870785713195,0.0174488350749015,-0.0214669089764356,0.0167210381478071,0.0109688732773065,0.0038895076140761,-0.0116249229758977,-0.0028577914927154,0.0167277380824089,-0.0312437806278467,-0.0059126825071871,0.0085759935900568,-0.008016487583518,0.0285128075629472,0.0169446747750043,-0.0053050057031214,0.015637032687664,-0.0046710669994354,-0.0025239393580704,0.0144211119040846,-0.0128501672297716,-0.0030674573499709,-0.002569994713928,0.006191994484358,-0.0038550898345548,6.371942973260046e-10,-0.0017990158423066,-0.0276739109930754,0.0267283708920864,-0.0208386089108927,0.065926685859091,-0.0921787561393202,0.0266981345795103,-0.1883098356800475,2019-02-04,2019-02-05,2019-02-06,2019-02-07,2019-02-08,2019-02-11,2019-02-12,2019-02-13,2019-02-14,2019-02-15,83233.0,2019-02-01,252.0,-0.2308%,-0.0012,1.1393,0.5724,0.2315,1.9537%,2.3276%,29.5446%,-0.004258,GEF,83233.0,2019-02-04,252.0,-1.2850%,-0.0013,1.1347,0.5584,0.233,1.9584%,2.3286%,29.2662%,-0.022836,GEF,83233.0,2019-02-05,252.0,1.0414%,-0.0013,1.1425,0.558,0.2358,1.9583%,2.3277%,29.2217%,0.00728,GEF,83233.0,2019-02-06,252.0,-0.1288%,-0.0012,1.1302,0.562,0.2239,1.9578%,2.3061%,27.9235%,0.001016,GEF,83233.0,2019-02-07,252.0,0.6708%,-0.0011,1.1307,0.5534,0.2291,1.9603%,2.3062%,27.7480%,0.016976,GEF,83233.0,2019-02-08,252.0,-0.4613%,-0.0011,1.1313,0.553,0.2315,1.9604%,2.3063%,27.7481%,-0.004426,GEF,83233.0,2019-02-11,252.0,0.4377%,-0.0011,1.1255,0.5581,0.2311,1.9602%,2.2924%,26.8821%,-0.001489,GEF,83233.0,2019-02-12,252.0,1.9482%,-0.0011,1.1269,0.5603,0.2315,1.9604%,2.2941%,26.9719%,0.004357,GEF,83233.0,2019-02-13,252.0,0.0503%,-0.0011,1.1261,0.5608,0.231,1.9605%,2.2926%,26.8784%,-0.003251,GEF,83233.0,2019-02-14,252.0,-0.9801%,-0.0011,1.1283,0.5566,0.235,1.9608%,2.2933%,26.8933%,-0.009113,GEF,83233.0,2019-02-15,252.0,1.3959%,-0.0011,1.1285,0.5568,0.2353,1.9608%,2.2921%,26.8136%,-0.0014099999999999,GEF,-0.027094,-0.019814,-0.018798,-0.0062479999999999,-0.0171539999999999
38619,GENETIC TECHNOLOGIES LTD,Genetic Technologies Entered into Research Collaboration with Two World Renowned Medical Centres; Financial Terms Not Disclosed,6,increase,0.7,0.6,"entering into a research collaboration with renowned medical centers is likely to enhance the company's credibility and potential for future innovations, which could positively impact investor sentiment and stock price.",2,2019-02-01,GENE,2019-02-01 10:02:00+00:00,90899.0,37185R30,0.0103465551510453,15010.0,0.0118445195257663,-0.0107287624850869,0.0181684773415327,-0.045887790620327,-0.0059880185872316,-0.0001176665755338,0.0118072498589754,0.0242197811603546,-0.0109549621120095,-0.0001204301079269,0.0013243482680991,-0.0165876764804124,-0.0080558359622955,0.0013050228590145,0.0048484946601092,0.0279268119484186,0.0253317579627037,-0.0120481811463832,-0.017647111788392,0.0541020780801773,0.0179641265422105,-0.0083123706281185,0.0235293880105018,-0.0433734394609928,0.0,0.0359460972249507,-0.0229884833097457,-0.0512729808688163,0.0,0.0557569824159145,0.0254117026925087,0.0987637490034103,0.0096374750137329,0.0702734589576721,-0.0231818035244941,0.0464615486562252,0.0074453107081353,0.0655737072229385,-0.0588914528489112,-0.0654205456376075,-0.0306748170405626,0.1941178143024445,-0.0503798052668571,-0.0575930923223495,0.0795787945389747,0.0173653289675712,0.0248178765177726,-0.0499916225671768,-0.008540915325284,0.0716071054339408,0.0329185053706169,-0.0768216028809547,0.0670588016510009,0.1847655475139618,0.0314222946763038,-0.1322033107280731,-0.0379476733505725,-0.1059251949191093,0.0111111672595143,-0.0572856850922107,0.0098901130259037,-0.0789473727345466,0.0010881252819672,-0.1162790954113007,-0.0136967580765485,-0.0931139811873436,-0.0743873193860054,-0.021362205967307,-0.035123236477375,-0.0260327737778425,0.0233217887580394,-0.0524761602282524,0.0953816622495651,0.0096153756603598,-0.0279612317681312,0.0,0.0079274848103523,0.0,0.0,-0.009523800574243,-0.0392134934663772,0.0,0.0473629347980022,0.0,-0.0285842064768075,-0.0258837547153234,0.0002298546896781,0.026571525260806,-0.0002298018662258,-0.0454546101391315,-0.0357470959424972,0.0185185000300407,-0.0461318902671337,-0.0357142500579357,0.022244481369853,0.0090089999139308,-0.0097799710929393,-0.0347825773060321,0.0246913339942693,-0.0086206812411546,-0.0269252862781286,0.0114220138639211,-0.0093505224213004,-0.04424998909235,-0.0001250051136594,0.043478325009346,-0.0248750299215316,-0.0086206812411546,0.006281295325607,-0.0569106116890907,0.0304458234459161,0.0603448748588562,-0.0275683086365461,-0.0569106116890907,0.0361047610640525,0.0249999742954969,-0.0797545984387397,0.0041840961202979,0.0134666757658124,0.0301724895834922,0.0118445195257663,-0.0107287624850869,0.0302281937519242,-0.0561242338988829,0.0240591681786475,-0.0562352965280094,0.0247995012803214,-0.0334939323924079,0.0302281927367245,0.0187960550015604,0.1227637246863599,0.1460000643902279,-0.0621838511774122,-0.3084482288708012,2019-02-04,2019-02-05,2019-02-06,2019-02-07,2019-02-08,2019-02-11,2019-02-12,2019-02-13,2019-02-14,2019-02-15,90899.0,2019-02-01,241.0,1.0347%,-0.001,0.7993,2.0063,1.6682,5.0715%,5.2370%,6.2199%,0.00457,GENE,90899.0,2019-02-04,242.0,1.1845%,-0.0009,0.8022,2.0133,1.676,5.0606%,5.2268%,6.2560%,0.004033,GENE,90899.0,2019-02-05,243.0,1.8168%,-0.0009,0.8211,2.01,1.6783,5.0512%,5.2175%,6.2734%,0.026286,GENE,90899.0,2019-02-06,244.0,-0.5988%,-0.001,0.8703,1.9942,1.7262,5.0373%,5.2068%,6.4037%,-0.0052549999999999,GENE,90899.0,2019-02-07,245.0,1.1807%,-0.0009,0.866,1.9925,1.7304,5.0281%,5.1968%,6.3862%,0.015661,GENE,90899.0,2019-02-08,246.0,-1.0955%,-0.0009,0.8658,2.0016,1.7352,5.0175%,5.1866%,6.4144%,-0.000891,GENE,90899.0,2019-02-11,247.0,0.1324%,-0.001,0.8727,1.9729,1.7234,5.0081%,5.1760%,6.3851%,-0.017189,GENE,90899.0,2019-02-12,248.0,-0.8056%,-0.0011,0.8652,1.9705,1.72,4.9990%,5.1657%,6.3510%,-0.01749,GENE,90899.0,2019-02-13,249.0,0.4848%,-0.0011,0.8638,1.9733,1.7208,4.9889%,5.1555%,6.3579%,-6e-05,GENE,90899.0,2019-02-14,250.0,2.5332%,-0.001,0.8572,1.9884,1.7045,4.9819%,5.1479%,6.3422%,0.0267649999999999,GENE,90899.0,2019-02-15,251.0,-1.7647%,-0.001,0.8521,1.9795,1.6905,4.9757%,5.1386%,6.2406%,-0.040586,GENE,0.008603,0.034889,0.029634,0.044404,-0.004156
38627,SPDR GOLD TRUST,"Fitch Says Gold Price Is Expected To See Support At $1,200/oz in 2019",6,uncertain,0.6,0.3,"while a price support level at $1,200/oz may provide some stability for gold, market reactions can vary based on broader economic conditions and investor sentiment.",1,2019-02-01,GLD,2019-02-01 09:59:00+00:00,90448.0,78463V10,-0.0020040080416947,12485496.0,-0.004337356891483,0.0004811737744603,0.0025814755354076,0.0057267225347459,-0.0067589022219181,0.005596580915153,0.002430293476209,0.0034999211784452,0.003798296675086,0.0146172624081373,-0.0049110427498817,-0.0015666428953409,0.0021035771351307,-0.0013997378991916,-0.0039560622535645,0.0035531343892216,0.0055928896181285,-0.0089264102280139,0.0059648999013006,-0.0013085469836369,0.0152243096381425,0.0031998637132346,-0.001736334641464,-0.0017200350994244,-0.0113061377778649,0.0023808972910046,0.0035985361319035,0.0017271710094064,-0.0010358346626162,-0.005886691622436,0.0016750345239415,0.0064181583002209,-0.0070871110074222,-0.0027080406434834,-0.005613958928734,0.0034584829118102,-0.0170175060629844,-0.0080862361937761,-0.0026255308184772,0.0090661700814962,0.0013162526302039,0.000659808923956,-0.0009037184645421,0.0015694898320361,-0.0008222882752306,0.0040640113875269,0.0109455529600381,0.0076048471964895,-0.0048843901604413,-0.0029994416981935,0.0060537098906934,0.0109500959515571,0.0069929496385157,-0.004360924474895,-0.0115470988675952,0.0154134165495634,0.004574769642204,-0.0060939583927392,0.0005692420527338,0.0023754879366606,0.0027632992714643,0.0069195730611681,0.0064840577542781,-0.003998989239335,-0.0040264134295284,-0.0022073362488299,0.0023447680287063,0.002126935403794,0.0076631195843219,-0.0011896616779267,-0.0049631372094154,-0.0034718946553766,-0.0052292961627244,0.0081099281087517,-0.0141528509557247,0.0001707363553578,0.000902383995708,0.0060991244390606,-0.0039341310039162,0.0075298836454749,0.0037028270307928,-0.001727984752506,-0.0014756541932001,0.0031201301608234,0.0025451357942074,0.0037407595664262,-0.0010645913425832,-0.005966814700514,0.0043449643999338,-0.0011228924850001,0.0052240584045648,-0.000776833796408,0.0030856456141918,0.0016426250804215,-0.0127904303371906,0.0,-0.0009839697740972,0.0004324115288909,-0.0018879041308537,0.007406170014292,-0.0089637860655784,0.0011339606717228,-0.0019085831008851,0.0082673924043774,0.0007482870714738,0.0003518677258398,0.0,-0.0071628205478191,-0.0020769294351339,-0.0112281516194343,0.0029137402307242,-0.0021546152420341,0.0008300694753415,-8.619559230282903e-05,0.0066351750865578,-0.0028357980772852,-0.0044492124579846,-0.0024003323633223,0.0030621129553765,0.0001715191028779,-0.004337356891483,0.0004811737744603,-0.0017670781367791,0.0062106518579034,-0.0085140368503522,0.011841991188715,-0.0023293247623675,0.0302254833975477,0.0024096625188982,0.0202830084934828,-0.0117269009073791,0.0583693644055753,-0.0265060499439521,0.0696219066812102,2019-02-04,2019-02-05,2019-02-06,2019-02-07,2019-02-08,2019-02-11,2019-02-12,2019-02-13,2019-02-14,2019-02-15,90448.0,2019-02-01,252.0,-0.2004%,-0.0002,-0.025,0.1726,0.0404,0.6015%,0.6090%,2.4446%,-0.002029,GLD,90448.0,2019-02-04,252.0,-0.4337%,-0.0002,-0.0265,0.1685,0.0385,0.6019%,0.6092%,2.3762%,-0.0049,GLD,90448.0,2019-02-05,252.0,0.2581%,-0.0001,-0.0384,0.1633,0.0232,0.5960%,0.6039%,2.5827%,0.0029609999999999,GLD,90448.0,2019-02-06,252.0,-0.6759%,-0.0002,-0.0381,0.1633,0.0226,0.5976%,0.6051%,2.4854%,-0.006943,GLD,90448.0,2019-02-07,252.0,0.2430%,-0.0001,-0.0335,0.1564,0.0239,0.5951%,0.6017%,2.2113%,0.0021,GLD,90448.0,2019-02-08,252.0,0.3798%,-0.0001,-0.0343,0.1607,0.0232,0.5945%,0.6015%,2.3197%,0.003815,GLD,90448.0,2019-02-11,252.0,-0.4911%,-0.0001,-0.037,0.1551,0.0187,0.5956%,0.6022%,2.1773%,-0.006077,GLD,90448.0,2019-02-12,252.0,0.2104%,-0.0001,-0.0355,0.155,0.0195,0.5958%,0.6023%,2.1229%,0.002508,GLD,90448.0,2019-02-13,252.0,-0.3956%,-0.0001,-0.0389,0.1592,0.0193,0.5951%,0.6020%,2.2793%,-0.004063,GLD,90448.0,2019-02-14,252.0,0.5593%,-0.0001,-0.0404,0.1616,0.0173,0.5948%,0.6020%,2.3775%,0.004696,GLD,90448.0,2019-02-15,252.0,0.5965%,-0.0002,-0.0508,0.1529,0.0013,0.5858%,0.5934%,2.5315%,0.005834,GLD,-0.0069289999999999,-0.0039679999999999,-0.010911,-0.004996,-0.0020979999999999
38635,GUIDEWIRE SOFTWARE INC,Goldman Sachs Reinstates Buy on Guidewire Software,6,increase,0.8,0.6,"goldman sachs reinstating a 'buy' rating typically signals positive sentiment and can lead to increased investor confidence, likely driving the stock price up.",2,2019-02-01,GWRE,2019-02-01 12:57:00+00:00,13181.0,40171V10,0.0335717126727104,781733.0,0.0392901487648487,0.0132086174562573,0.0004296092374715,0.0166369751095771,-0.0017176989931613,-0.0139441629871726,-0.0107538448646664,-0.0106654968112707,0.0135884340852499,0.0208284277468919,0.0077220210805535,0.0058326134458184,0.0164964143186807,-0.0109489085152745,-0.0301539618521928,-0.0089837433770298,0.0039944159798324,0.0234029740095138,-0.0009677025373093,0.0083072772249579,-0.0021526699420064,-0.0031205250415951,-0.0113255893811583,0.0253506954759359,-0.0067641581408679,-0.0197828635573387,0.0105448048561811,-0.0078984685242176,-0.0051087089814245,-0.0088957417756319,-0.0057904380373656,0.0028547383844852,0.0127472933381795,0.0170577783137559,-0.00455735437572,0.0392255820333957,0.0204927511513233,0.0351380109786987,-0.0776543915271759,-0.0240061841905117,0.017486996948719,-0.0186962466686964,-0.015934458002448,0.0104534234851598,0.0434883423149585,-0.0046382742002606,-0.0175127666443586,0.0069426335394382,0.0148916933685541,0.0625000521540641,0.0176745671778917,-0.0108782136812806,0.0217367317527532,-0.0546777099370956,0.0051314486190676,-0.0059835868887603,-0.0012762723490595,-0.0126769077032804,0.0121405683457851,0.0122088380157947,0.0041035288013517,-0.0305556319653987,-0.009011847898364,-0.0182593464851379,0.0177646223455667,-0.0116020794957876,-0.0276364013552665,0.0018786387518048,-0.0020300759933888,-0.0010556410998106,0.0162740536034107,0.0029408303089439,-0.0099030220881104,0.0029495044145733,0.0190465338528156,-0.0552830919623374,0.0145140131935477,-0.0321466661989688,0.0162617750465869,-0.0027969249058514,0.0056715132668614,0.0294573195278644,0.006948587950319,-0.0040806783363223,-0.0054005491547286,0.0413460247218608,0.0054298737086355,-0.0014907942386344,0.0013001788174733,0.0290299635380506,0.0063923229463398,0.0112171210348606,0.0125049073249101,0.0489423424005508,0.0023525338619947,-0.0111400112509727,0.008116508834064,-0.0788963437080383,0.0050441776402294,0.0064256745390594,-0.0034745740704238,0.0320937819778919,-0.0116222463548183,-0.0096176359802484,0.001469807815738,-0.0014054242055863,0.0181018207222223,-0.0212083682417869,-0.000865006877575,-0.0360260196030139,0.0075990855693817,-0.0052765016444027,0.0084009282290935,0.0471969433128833,0.0067215668968856,-0.0165289156138896,0.0060184975154697,-0.0067468625493347,-0.0044868513941764,-0.0036970851942896,0.0392901487648487,0.0132086174562573,0.0397366374131713,0.0300653440056861,0.0379506828379339,0.0157019449614328,0.0407411730888507,0.0257988200326528,0.0370577902691551,0.0435829859513703,0.0608327355217661,0.0798555436941099,0.1887487901820888,-0.0289043387167459,2019-02-04,2019-02-05,2019-02-06,2019-02-07,2019-02-08,2019-02-11,2019-02-12,2019-02-13,2019-02-14,2019-02-15,13181.0,2019-02-01,252.0,3.3572%,0.0003,1.0635,0.7089,-0.822,1.3641%,2.0632%,56.2891%,0.036541,GWRE,13181.0,2019-02-04,252.0,3.9290%,0.0005,1.07,0.7272,-0.8177,1.3711%,2.0758%,56.3697%,0.024349,GWRE,13181.0,2019-02-05,252.0,0.0430%,0.0004,1.0821,0.7347,-0.7982,1.3695%,2.0753%,56.4522%,-0.008596,GWRE,13181.0,2019-02-06,252.0,-0.1718%,0.0004,1.0893,0.7323,-0.7909,1.3693%,2.0670%,56.1180%,0.0011949999999999,GWRE,13181.0,2019-02-07,252.0,-1.0754%,0.0004,1.0903,0.7298,-0.7899,1.3693%,2.0669%,56.1120%,0.003313,GWRE,13181.0,2019-02-08,252.0,1.3588%,0.0004,1.0892,0.7285,-0.7953,1.3698%,2.0683%,56.1376%,0.006692,GWRE,13181.0,2019-02-11,252.0,0.7722%,0.0003,1.1171,0.7057,-0.7931,1.3634%,2.0655%,56.4334%,0.003118,GWRE,13181.0,2019-02-12,252.0,1.6496%,0.0004,1.1233,0.6973,-0.7884,1.3615%,2.0678%,56.6442%,-0.000286,GWRE,13181.0,2019-02-13,252.0,-3.0154%,0.0002,1.1109,0.7047,-0.7952,1.3741%,2.0686%,55.8761%,-0.033266,GWRE,13181.0,2019-02-14,252.0,0.3994%,0.0002,1.1121,0.7039,-0.7955,1.3726%,2.0684%,55.9656%,-0.0020499999999999,GWRE,13181.0,2019-02-15,252.0,-0.0968%,0.0001,1.0909,0.6836,-0.8315,1.3706%,2.0596%,55.7127%,-0.011576,GWRE,0.06089,0.052294,0.053489,0.063494,0.019434
38643,HAYNES INTERNATIONAL INC,Haynes International Inc shares are trading higher after the company reported Q1 sales of $107.07 million vs the $99.11 consensus estimate; The company expects to report sales growth and positive net income in Q2,6,increase,0.8,0.7,the better-than-expected q1 sales and positive outlook for q2 are likely to boost investor confidence and drive the stock price higher.,2,2019-02-01,HAYN,2019-02-01 20:26:00+00:00,91902.0,42087720,0.1237805336713791,150747.0,-0.0539881065487861,0.0092307459563016,-0.0154860084876418,0.0413329377770423,-0.015729708597064,0.0061250361613929,-0.0221959147602319,-0.0164870154112577,-0.0169491935521364,0.0334207229316234,0.0030788881704211,-0.0074796597473323,0.0141190625727176,-0.0128410793840885,0.0069612450897693,-0.0117386048659682,-0.0024046236649155,0.016774209216237,0.0021090598311275,0.003561042714864,0.0123271159827709,0.0055338568054139,0.0513811521232128,-0.011583031155169,-0.0209040008485317,0.0127077018842101,0.0069244569167494,0.005570120178163,-0.0025788007769733,0.0099272383376955,0.0048836013302206,0.0261459611356258,0.005431636236608,0.0200900565832853,0.0065397256985306,0.0052228942513465,-0.0122228628024458,0.0613451562821865,0.0057554175145924,-0.0127690760418772,-0.0088698528707027,0.0382575839757919,-0.0568707063794136,-0.0045249182730913,-0.0446892902255058,0.0045454865321516,0.0092919236049056,0.0060975551605224,0.0076190405525267,0.0429252758622169,-0.0138626508414745,-0.019103305414319,0.0172524265944957,-0.0353516563773155,-0.0204145610332489,-0.0249358378350734,0.0278935823589563,0.0160208754241466,0.0240174811333417,-0.0331412144005298,0.002132186666131,-0.0201200041919946,-0.0051672332920134,-0.0244490690529346,0.0051940721459686,-0.0159267801791429,-0.0504559762775898,0.0064802365377545,0.0096031101420521,-0.0151159139350056,0.0171211455017328,0.0057432455942034,0.0028053720016032,-0.0723910853266716,0.0149208391085267,-0.0347852818667888,0.0055130259133875,0.00761962775141,0.0362472906708717,-0.0048528918996453,-0.0002940075355581,0.01841058768332,0.0099970642477273,-0.0124242380261421,0.023289754986763,0.0110294306650757,0.0182076636701822,-0.0236314963549375,-0.002794140484184,0.0216992385685443,-0.0212944336235523,-0.012673451565206,0.0191811677068471,-0.0247204285115003,-0.0258426461368799,-0.0335608720779418,-0.0216262973845005,-0.0197936743497848,-0.0035366616211831,0.1434490978717804,0.0097603667527437,-0.0079063884913921,-0.0067369523458182,0.0019011842086911,-0.0132704442366957,0.0047755371779203,-0.0197250414639711,0.0,0.0109756281599402,-0.0296570621430873,-0.0150784077122807,0.0077833128161728,-0.0226576775312423,0.0161340814083814,0.0144110582768917,0.0200064815580844,0.0287214405834674,0.0084607955068349,-0.0300210136920213,0.0182239636778831,-0.0539881065487861,0.0092307459563016,-0.0686380547601818,0.0509452175815916,-0.0832881067571988,0.0573822950429219,-0.1188280234776645,0.074705071488226,-0.097666906665872,0.0618323069820434,-0.1037627353820267,0.1815561612032694,-0.1179584006455392,0.0940644423767895,2019-02-04,2019-02-05,2019-02-06,2019-02-07,2019-02-08,2019-02-11,2019-02-12,2019-02-13,2019-02-14,2019-02-15,91902.0,2019-02-01,252.0,12.3781%,0.0006,0.9691,0.6523,0.5729,2.0259%,2.2756%,20.7398%,0.121059,HAYN,91902.0,2019-02-04,252.0,-5.3988%,0.0003,0.9538,0.6081,0.5687,2.0609%,2.2979%,19.5640%,-0.061562,HAYN,91902.0,2019-02-05,252.0,-1.5486%,0.0002,0.9792,0.6227,0.6077,2.0551%,2.2995%,20.1263%,-0.015789,HAYN,91902.0,2019-02-06,252.0,-1.5730%,-0.0002,1.127,0.5754,0.7516,1.9805%,2.2828%,24.7326%,-0.014039,HAYN,91902.0,2019-02-07,252.0,-2.2196%,-0.0003,1.1202,0.5902,0.7466,1.9792%,2.2778%,24.5034%,-0.013998,HAYN,91902.0,2019-02-08,252.0,-1.6949%,-0.0004,1.1226,0.5862,0.7543,1.9802%,2.2796%,24.5409%,-0.013201,HAYN,91902.0,2019-02-11,252.0,0.3079%,-0.0005,1.1531,0.5521,0.7518,1.9744%,2.2790%,24.9410%,-0.004197,HAYN,91902.0,2019-02-12,252.0,1.4119%,-0.0005,1.1489,0.5575,0.7486,1.9739%,2.2770%,24.8525%,-0.000496,HAYN,91902.0,2019-02-13,252.0,0.6961%,-0.0005,1.1454,0.5647,0.7507,1.9733%,2.2742%,24.7129%,0.002786,HAYN,91902.0,2019-02-14,252.0,-0.2405%,-0.0006,1.1443,0.5654,0.751,1.9724%,2.2730%,24.7017%,0.001318,HAYN,91902.0,2019-02-15,252.0,0.2109%,-0.0006,1.1372,0.5574,0.7373,1.9746%,2.2700%,24.3295%,-0.01594,HAYN,0.059497,0.043708,0.0296689999999999,0.0024699999999999,-0.014059
38651,HOME DEPOT INC,"Port Report: China And U.S. Trade War Aside, Port Tampa Bay Looks To Asia For Growth",6,uncertain,0.6,0.2,"the news about port tampa bay looking to asia for growth amidst the trade war may have mixed implications for home depot, as it could affect supply chains and costs, but the overall impact on stock price is unclear.",1,2019-02-01,HD,2019-02-01 16:22:00+00:00,66181.0,43707610,0.0045768884010612,4513184.0,0.0111731709912419,0.0074102873913943,-0.0002145217440556,0.0138571439310908,-0.0089596984907984,-0.0007785096531733,-0.0035188063047826,-0.0031596012413501,0.0025533000007271,0.0175418853759765,-0.0087785581126809,0.0022612577304244,0.0142138972878456,-0.0012421727878972,0.0155778313055634,-0.0137543221935629,-0.0037152855657041,0.0269343331456184,0.0249320361763238,-0.0122571075335145,-0.0003118538297712,0.0032299656886607,-0.0024956881534308,-0.0130864959210157,-0.0001563658006489,-0.0033443290740251,0.0029714943375438,0.0019546861294656,-0.0125266574323177,-0.0037278039380908,-0.0088429981842637,0.0103434501215815,-0.0245884489268064,0.0048012095503509,0.0080034909769892,0.0196981821209192,0.0001620329421712,0.0297135077416896,-0.0073446054011583,-0.0220405012369155,0.0010336893610656,0.0034338047262281,0.0024456356186419,0.0093996366485953,-0.01051776856184,-0.0005871659377589,-0.0070133078843355,0.0121227037161588,0.0066766361705958,0.0641203969717025,0.0085507426410913,-0.0145812341943383,-0.0081521775573492,-0.022417202591896,0.0025946849491447,-0.0202912036329507,0.0034138821065425,-0.0145847788080573,0.0065302224829792,0.0123235816136002,0.0038709340151399,-0.0250739585608243,0.0106989694759249,-0.0090872598811984,0.0207952447235584,-0.0019517340697348,-0.0064220731146633,0.0116137266159057,0.0049271136522293,0.0030287394765764,-0.001792473369278,-0.0063660563901066,-0.0004753160465043,-0.0180155336856842,0.0042800400406122,0.0037649951409548,0.0096285482868552,-0.0354352481663227,0.019542446359992,0.0078748790547251,-0.0067982100881636,0.0265285409986972,0.0221296027302742,-0.009975703433156,0.0092643685638904,0.0302504990249872,0.0080319317057728,0.0200211629271507,0.0073740747757256,0.0057447510771453,-0.0130189592018723,-0.0026579855475574,-0.0073170796968042,0.0014788523549214,0.0102793117985129,-0.0261535421013832,0.0117630055174231,-0.0193763859570026,0.0049545965157449,-0.0019169843290001,-0.0019037361489608,-0.0141189182177186,0.0101726502180099,0.0050278990529477,-0.0043088812381029,-0.002396437106654,-0.0042789303697645,-0.0352707803249359,0.0062017985619604,-0.0106914602220058,0.0032516289502382,0.0041126115247607,-0.0010642473353073,0.0286797508597374,-0.0139951547607779,-0.0009880231227725,-0.0071214428171515,0.0125604951754212,0.0076176952570676,-0.0029370165430009,0.0111731709912419,0.0074102873913943,0.0109562523590585,0.0213701167414384,0.0018983891505337,0.0205749702460924,0.0009220483154386,0.0351966037108593,0.0434995080687348,0.036658415041451,0.0023166510938401,0.0926355761889285,0.1131387029215946,0.0229159039510815,2019-02-04,2019-02-05,2019-02-06,2019-02-07,2019-02-08,2019-02-11,2019-02-12,2019-02-13,2019-02-14,2019-02-15,66181.0,2019-02-01,252.0,0.4577%,-0.0001,0.9823,-0.0642,0.0752,0.9489%,1.4491%,57.1230%,0.002706,HD,66181.0,2019-02-04,252.0,1.1173%,-0.0,0.9843,-0.0591,0.0793,0.9487%,1.4505%,57.2251%,0.004655,HD,66181.0,2019-02-05,252.0,-0.0215%,-0.0,0.9769,-0.0602,0.074,0.9475%,1.4384%,56.6112%,-0.004118,HD,66181.0,2019-02-06,252.0,-0.8960%,0.0,0.9499,-0.0514,0.0464,0.9428%,1.3953%,54.3422%,-0.0069679999999999,HD,66181.0,2019-02-07,252.0,-0.3519%,-0.0001,0.9327,-0.0316,0.0453,0.9273%,1.3686%,54.0924%,0.004967,HD,66181.0,2019-02-08,252.0,0.2553%,-0.0001,0.9325,-0.0366,0.0411,0.9269%,1.3687%,54.1408%,0.001942,HD,66181.0,2019-02-11,252.0,-0.8779%,-0.0001,0.9065,-0.0253,0.0335,0.9214%,1.3287%,51.9101%,-0.010037,HD,66181.0,2019-02-12,252.0,1.4214%,-0.0001,0.9054,-0.0226,0.0325,0.9213%,1.3279%,51.8703%,0.0018479999999999,HD,66181.0,2019-02-13,252.0,1.5578%,0.0,0.9132,-0.0305,0.0343,0.9214%,1.3314%,52.1127%,0.0129329999999999,HD,66181.0,2019-02-14,252.0,-0.3715%,0.0,0.9139,-0.0311,0.0345,0.9209%,1.3316%,52.1686%,-0.00154,HD,66181.0,2019-02-15,252.0,2.4932%,0.0001,0.9308,-0.0144,0.064,0.9235%,1.3403%,52.5234%,0.014417,HD,0.007361,0.003243,-0.0037249999999999,0.003184,0.0208049999999999
38659,HEICO CORP NEW,"HEICO Reports Its Electronic Technologies Group Subsidiary Purchase 85% Of Stock Of Solid Sealing Technology In Cash Deal, No Terms Disclosed",6,increase,0.7,0.6,"the acquisition of solid sealing technology by heico's subsidiary suggests strategic growth and potential for increased revenue, which is generally viewed positively by investors.",2,2019-02-01,HEI,2019-02-01 15:01:00+00:00,32678.0,42280610,0.0020118127577006,287988.0,0.0196055714040994,0.0228785779327154,0.0154060209169983,0.0184934046119451,0.0002281159249832,0.0143822105601429,-0.001824859296903,-0.0024950669612735,0.0089123221114277,0.0066558634862303,0.0067949993535876,0.0098921852186322,0.0203599277883768,0.0101204318925738,0.002866300754249,-0.0275320690125227,0.000769481062889,0.0126151135191321,0.0161467622965574,0.0064752981998026,-0.0002162390155717,0.0022906630765646,0.0032436270266771,-0.0048125283792614,0.0032330576796084,0.0030487533658742,0.0098829716444015,0.0029303524643182,0.0024465026799589,0.0119907213374972,-0.0067911650985479,0.001808310393244,-0.0073717394843697,0.021371966227889,0.0088257417082786,0.0047720121219754,0.0003200552600901,0.0338495448231697,-0.0070392880588769,-0.0391098372638225,-0.0169710181653499,-0.018972648307681,-0.00688371155411,0.0097745340317487,-0.0028606243431568,0.0045824316330254,0.0049652941524982,0.0139386085793376,0.0070267827250063,0.0513607859611511,-0.0006541382172144,-0.02410782687366,0.0085096964612603,-0.0196288060396909,-0.0030289785936474,-0.0556116439402103,-0.0111762844026088,-0.0118379686027765,0.0196422804147005,0.030563723295927,-0.0024752016179263,-0.0372155606746673,0.0024813434574753,-0.0074855885468423,0.0196943804621696,-0.0214937664568424,-0.0297625288367271,0.0213391929864883,0.0146850701421499,-0.002812715480104,0.0028945570811629,0.0081370491534471,-0.0061999126337468,-0.0121787842363119,0.0146283814683556,-0.0085727972909808,0.0057245935313403,-0.0332671701908111,0.0354168899357318,0.0136062651872634,-0.0048865247517824,-0.0015357930678874,0.0007161094108596,-0.0003542604972608,0.0004089236899744,0.0409342572093009,0.0079705575481057,-0.0163240451365709,-0.0021289444994181,0.0044940495863556,-0.004266973119229,0.0124200955033302,0.0090806996449828,0.0061865872703492,0.0091001167893409,-0.0152309006080031,0.0077153970487415,-0.0311651453375816,-0.0064631751738488,0.0022480175830423,0.0030024324078112,0.0232445299625396,-0.010576706379652,-0.0552442148327827,0.0084711201488971,0.011570056900382,0.0055000307038426,-0.0176176745444536,0.0292391311377286,0.0009101459290832,9.664833487477154e-05,-0.0023833739105612,0.0007729645585641,0.0168493837118148,0.0119714019820094,0.019291840493679,0.0074413162656128,-0.0057309693656861,-0.0006628758856095,0.0047003705985844,0.0196055714040994,0.0228785779327154,0.0353136361642392,0.0417950853433162,0.0355498076920006,0.056778401621246,0.0428723865401328,0.0611578917882937,0.0925948295945708,0.0728796050682354,0.0974371135294376,0.0861421334783552,0.2463682674947265,-0.0061352217776786,2019-02-04,2019-02-05,2019-02-06,2019-02-07,2019-02-08,2019-02-11,2019-02-12,2019-02-13,2019-02-14,2019-02-15,32678.0,2019-02-01,252.0,0.2012%,0.0011,0.9006,0.2754,-0.4329,1.3545%,1.7846%,42.3945%,0.002884,HEI,32678.0,2019-02-04,252.0,1.9606%,0.001,0.8987,0.2732,-0.4506,1.3502%,1.7851%,42.7888%,0.009708,HEI,32678.0,2019-02-05,252.0,1.5406%,0.0011,0.8991,0.2705,-0.4555,1.3511%,1.7839%,42.6377%,0.008957,HEI,32678.0,2019-02-06,252.0,0.0228%,0.0012,0.8439,0.2882,-0.5098,1.3350%,1.7383%,41.0241%,0.002452,HEI,32678.0,2019-02-07,252.0,-0.1825%,0.0012,0.8365,0.2946,-0.5089,1.3344%,1.7326%,40.6860%,0.008286,HEI,32678.0,2019-02-08,252.0,0.8912%,0.0012,0.836,0.292,-0.5127,1.3345%,1.7332%,40.7191%,0.0044009999999999,HEI,32678.0,2019-02-11,252.0,0.6795%,0.0012,0.8293,0.3033,-0.5101,1.3341%,1.7176%,39.6691%,0.004776,HEI,32678.0,2019-02-12,252.0,2.0360%,0.0013,0.8361,0.2996,-0.5059,1.3344%,1.7215%,39.9222%,0.008054,HEI,32678.0,2019-02-13,252.0,0.2866%,0.0012,0.8336,0.3036,-0.5054,1.3339%,1.7184%,39.7441%,0.0006,HEI,32678.0,2019-02-14,252.0,0.0769%,0.0012,0.8342,0.3018,-0.5032,1.3341%,1.7182%,39.7125%,-0.00209,HEI,32678.0,2019-02-15,252.0,1.6147%,0.0013,0.8418,0.3094,-0.4899,1.3346%,1.7200%,39.7917%,0.008281,HEI,0.0125919999999999,0.021549,0.0240009999999999,0.036688,0.056309
38667,HEICO CORP NEW,"HEICO Reports Its Electronic Technologies Group Subsidiary Purchase 85% Of Stock Of Solid Sealing Technology In Cash Deal, No Terms Disclosed",6,increase,0.7,0.6,"the acquisition of a significant stake in solid sealing technology by heico's subsidiary suggests potential growth and expansion, which is generally viewed positively by investors.",2,2019-02-01,HEI,2019-02-01 15:01:00+00:00,32678.0,42280610,0.0020118127577006,287988.0,0.0196055714040994,0.0228785779327154,0.0154060209169983,0.0184934046119451,0.0002281159249832,0.0143822105601429,-0.001824859296903,-0.0024950669612735,0.0089123221114277,0.0066558634862303,0.0067949993535876,0.0098921852186322,0.0203599277883768,0.0101204318925738,0.002866300754249,-0.0275320690125227,0.000769481062889,0.0126151135191321,0.0161467622965574,0.0064752981998026,-0.0002162390155717,0.0022906630765646,0.0032436270266771,-0.0048125283792614,0.0032330576796084,0.0030487533658742,0.0098829716444015,0.0029303524643182,0.0024465026799589,0.0119907213374972,-0.0067911650985479,0.001808310393244,-0.0073717394843697,0.021371966227889,0.0088257417082786,0.0047720121219754,0.0003200552600901,0.0338495448231697,-0.0070392880588769,-0.0391098372638225,-0.0169710181653499,-0.018972648307681,-0.00688371155411,0.0097745340317487,-0.0028606243431568,0.0045824316330254,0.0049652941524982,0.0139386085793376,0.0070267827250063,0.0513607859611511,-0.0006541382172144,-0.02410782687366,0.0085096964612603,-0.0196288060396909,-0.0030289785936474,-0.0556116439402103,-0.0111762844026088,-0.0118379686027765,0.0196422804147005,0.030563723295927,-0.0024752016179263,-0.0372155606746673,0.0024813434574753,-0.0074855885468423,0.0196943804621696,-0.0214937664568424,-0.0297625288367271,0.0213391929864883,0.0146850701421499,-0.002812715480104,0.0028945570811629,0.0081370491534471,-0.0061999126337468,-0.0121787842363119,0.0146283814683556,-0.0085727972909808,0.0057245935313403,-0.0332671701908111,0.0354168899357318,0.0136062651872634,-0.0048865247517824,-0.0015357930678874,0.0007161094108596,-0.0003542604972608,0.0004089236899744,0.0409342572093009,0.0079705575481057,-0.0163240451365709,-0.0021289444994181,0.0044940495863556,-0.004266973119229,0.0124200955033302,0.0090806996449828,0.0061865872703492,0.0091001167893409,-0.0152309006080031,0.0077153970487415,-0.0311651453375816,-0.0064631751738488,0.0022480175830423,0.0030024324078112,0.0232445299625396,-0.010576706379652,-0.0552442148327827,0.0084711201488971,0.011570056900382,0.0055000307038426,-0.0176176745444536,0.0292391311377286,0.0009101459290832,9.664833487477154e-05,-0.0023833739105612,0.0007729645585641,0.0168493837118148,0.0119714019820094,0.019291840493679,0.0074413162656128,-0.0057309693656861,-0.0006628758856095,0.0047003705985844,0.0196055714040994,0.0228785779327154,0.0353136361642392,0.0417950853433162,0.0355498076920006,0.056778401621246,0.0428723865401328,0.0611578917882937,0.0925948295945708,0.0728796050682354,0.0974371135294376,0.0861421334783552,0.2463682674947265,-0.0061352217776786,2019-02-04,2019-02-05,2019-02-06,2019-02-07,2019-02-08,2019-02-11,2019-02-12,2019-02-13,2019-02-14,2019-02-15,32678.0,2019-02-01,252.0,0.2012%,0.0011,0.9006,0.2754,-0.4329,1.3545%,1.7846%,42.3945%,0.002884,HEI,32678.0,2019-02-04,252.0,1.9606%,0.001,0.8987,0.2732,-0.4506,1.3502%,1.7851%,42.7888%,0.009708,HEI,32678.0,2019-02-05,252.0,1.5406%,0.0011,0.8991,0.2705,-0.4555,1.3511%,1.7839%,42.6377%,0.008957,HEI,32678.0,2019-02-06,252.0,0.0228%,0.0012,0.8439,0.2882,-0.5098,1.3350%,1.7383%,41.0241%,0.002452,HEI,32678.0,2019-02-07,252.0,-0.1825%,0.0012,0.8365,0.2946,-0.5089,1.3344%,1.7326%,40.6860%,0.008286,HEI,32678.0,2019-02-08,252.0,0.8912%,0.0012,0.836,0.292,-0.5127,1.3345%,1.7332%,40.7191%,0.0044009999999999,HEI,32678.0,2019-02-11,252.0,0.6795%,0.0012,0.8293,0.3033,-0.5101,1.3341%,1.7176%,39.6691%,0.004776,HEI,32678.0,2019-02-12,252.0,2.0360%,0.0013,0.8361,0.2996,-0.5059,1.3344%,1.7215%,39.9222%,0.008054,HEI,32678.0,2019-02-13,252.0,0.2866%,0.0012,0.8336,0.3036,-0.5054,1.3339%,1.7184%,39.7441%,0.0006,HEI,32678.0,2019-02-14,252.0,0.0769%,0.0012,0.8342,0.3018,-0.5032,1.3341%,1.7182%,39.7125%,-0.00209,HEI,32678.0,2019-02-15,252.0,1.6147%,0.0013,0.8418,0.3094,-0.4899,1.3346%,1.7200%,39.7917%,0.008281,HEI,0.0125919999999999,0.021549,0.0240009999999999,0.036688,0.056309
38675,HONDA MOTOR LTD,"Honda Motor Co Earlier Reported Q3 Sales ¥3.97T, Up 3% YoY",6,increase,0.7,0.6,"the reported increase in sales indicates positive performance, which is likely to boost investor confidence and lead to a rise in stock price.",2,2019-02-01,HMC,2019-02-01 12:55:00+00:00,59555.0,43812830,-0.0312604121863842,665210.0,-0.0243734680116176,0.0016655308427289,-0.0137227093800902,0.0087365666404366,-0.0181947983801364,-0.0043492526747286,-0.0185319855809211,-0.0039986949414014,-0.0092558311298489,0.0124831590801477,-0.0041106357239186,0.0116041013970971,0.0090056201443076,-0.0071162651292979,0.0048345508985221,-0.0084005380049347,0.0111028579995036,0.0074475053697824,0.0018302029930055,0.0010166277643293,0.006941856816411,0.0023777070455253,0.0018142650369554,0.0003397971158847,0.0043462123721838,0.0054663424380123,0.0158673115074634,0.0135042006149888,0.0078097023069858,0.0062717208638787,0.0042268699035048,0.0077247619628906,-0.0021045058965682,0.0237239338457584,-0.0063268998637795,0.018674487248063,0.0028298522811383,0.0455589033663272,-0.0229276753962039,-0.0135951172560453,-0.0036101220175623,0.0011341692879796,0.0014492394402623,0.0015146124642342,-0.01953686773777,0.0087853148579597,-0.0018450606148689,0.0065359505824744,0.0140480985864996,0.0212014503777027,-0.0032810845877975,-0.0166023280471563,0.00219456711784,-0.0230102073401212,-0.0065693543292582,-0.0093423016369342,0.0084497230127453,-0.0044642463326454,0.0047358525916934,0.0128107853233814,0.0050761201418936,-0.0137494960799813,-0.0093795182183384,-0.0117517337203025,0.0072833490557968,-0.0011005387641489,-0.0137382196262478,0.0183040630072355,-0.0058650970458984,-0.0011193574173375,0.0129055483266711,-0.0033469749614596,-0.0021439923439174,-0.0132110314443707,0.005154616665095,-0.0155346933752298,-0.0047618742100894,-0.0362116657197475,0.0264997910708189,0.0195242892950773,0.0039440877735614,0.0125808911398053,0.0049999780021607,-0.0078459773212671,0.0106610218062996,0.0003567687817849,0.0003516254946589,-0.0091905342414975,-0.0073814056813716,0.0190922431647777,-0.0056657171808183,-0.0060866479761898,0.0010684005683287,0.0119565185159444,-0.0131626054644584,-0.0160427410155534,0.0061283372342586,-0.0056717423722147,0.0021497479174286,-0.000354366726242,0.0007150682504288,-0.0028268524911254,0.0121472012251615,0.0056858509778976,0.019414022564888,-0.000710243533831,-0.0183517578989267,-0.0119298296049237,0.0056437333114445,0.0014055136125534,-0.0291125886142253,-0.0148840537294745,0.0032514506019651,-0.0139931691810488,0.0075620841234922,0.0244754832237958,0.0010722189908847,0.0059796017594635,-0.0042842142283916,-0.0142163606360554,-0.0243734680116176,0.0016655308427289,-0.0377617073735995,0.0104166485043648,-0.0552694391015836,0.0060220911932669,-0.0813593901475517,0.0145074326029341,-0.0604187577611237,0.0189765995848316,-0.0532097262594808,0.133006731814437,-0.0337159869310917,0.0426490802905881,2019-02-04,2019-02-05,2019-02-06,2019-02-07,2019-02-08,2019-02-11,2019-02-12,2019-02-13,2019-02-14,2019-02-15,59555.0,2019-02-01,252.0,-3.1260%,-0.0006,0.8027,-0.1182,0.2401,1.0469%,1.3605%,40.7907%,-0.0337579999999999,HMC,59555.0,2019-02-04,252.0,-2.4373%,-0.0006,0.7979,-0.1336,0.248,1.0613%,1.3686%,39.8713%,-0.028581,HMC,59555.0,2019-02-05,252.0,-1.3723%,-0.0009,0.8389,-0.114,0.3036,1.0231%,1.3588%,43.3008%,-0.0158729999999999,HMC,59555.0,2019-02-06,252.0,-1.8195%,-0.0009,0.8417,-0.1146,0.3042,1.0279%,1.3448%,41.5721%,-0.016673,HMC,59555.0,2019-02-07,252.0,-1.8532%,-0.0011,0.8303,-0.0952,0.2993,1.0186%,1.3272%,41.1000%,-0.01214,HMC,59555.0,2019-02-08,252.0,-0.9256%,-0.0011,0.8312,-0.0849,0.31,1.0178%,1.3259%,41.0815%,-0.00799,HMC,59555.0,2019-02-11,252.0,-0.4111%,-0.0011,0.8238,-0.0839,0.3067,1.0176%,1.3080%,39.4660%,-0.005527,HMC,59555.0,2019-02-12,252.0,0.9006%,-0.001,0.8265,-0.0878,0.3087,1.0172%,1.3087%,39.5932%,-0.001761,HMC,59555.0,2019-02-13,252.0,0.4835%,-0.0011,0.8227,-0.08,0.3109,1.0156%,1.3031%,39.2514%,0.002257,HMC,59555.0,2019-02-14,252.0,1.1103%,-0.0009,0.8202,-0.0706,0.2984,1.0129%,1.3003%,39.3202%,0.01495,HMC,59555.0,2019-02-15,252.0,0.1830%,-0.001,0.8144,-0.0767,0.2877,1.0141%,1.2972%,38.8879%,-0.008794,HMC,-0.0623389999999999,-0.0782119999999999,-0.094885,-0.1150149999999999,-0.1138899999999999
38683,HERSHEY CO,Hershey Promotes Sustainability In Sourcing Cocoa,6,increase,0.8,0.6,"promoting sustainability in sourcing cocoa can enhance hershey's brand reputation and appeal to environmentally conscious consumers, potentially leading to increased sales and stock price.",2,2019-02-01,HSY,2019-02-01 16:37:00+00:00,16600.0,42786610,-0.0124410903081297,1522902.0,0.0090666599571704,0.0049251434393227,0.0034994333982467,0.0054280515760183,0.0003770114562939,0.0005717502790503,0.0077256425283849,0.0062319641001522,0.0136499544605612,-0.0101546896621584,0.0019369035726413,-0.0293846242129802,0.0098499469459056,0.0023081894032657,-0.0051048090681433,0.0015720193041488,-0.0086128134280443,0.0033401430118829,0.01062848046422,0.0101218540221452,0.0031093184370547,-0.0095609985291957,0.009025415405631,0.0160332415252924,0.0112215094268322,-0.0052537536248564,-0.0088129118084907,-0.0019663549028337,-0.0068045724183321,0.0105024185031652,0.0024663985241204,-0.0073259957134723,-0.0014579554554075,0.01005594804883,0.0100383143872022,-0.0063159707933664,0.0140043646097183,-0.0015059867873787,-0.0141673702746629,0.0075872098095715,0.0100325439125299,-0.0162343513220548,-0.0006263954564929,0.0082784313708543,0.0022385385818779,0.001601863768883,-0.0061645889654755,0.0047335037961602,0.0013484494993463,0.0218631569296121,-0.0092467796057462,-0.0239826347678899,0.0038057100027799,-0.0048858090303838,-0.0036107739433646,-0.0083853676915168,0.0037144743837416,0.0284591913223266,-0.0024370816536247,-0.0077017932198941,-0.0107672354206442,-0.0250301714986562,0.0042989226058125,-0.0194527711719274,0.0154826678335666,0.008988382294774,0.0044843051582574,0.0103789735585451,0.0037499836180359,0.0072809336706995,0.0073830443434417,-9.335576032754034e-05,-0.0002648898807819,-0.0092472722753882,0.0098039265722036,0.0003700362285599,0.0043733054772019,-0.0076195891015231,-0.0086214877665042,0.0058171488344669,0.0079937074333429,0.0079107135534286,0.0009586109663359,0.0075011290609836,0.0004353391123004,0.0003752079210244,0.0083543565124273,0.0057547227479517,0.0034520919434726,-0.0019772064406424,-0.0021501677110791,0.0004709440399892,0.0024995768908411,-0.0030052561778575,-0.0033531028311699,-0.01059524808079,0.0016390825621783,-0.0073293913155794,0.0054258657619357,0.0068259187974035,0.0007709779893048,0.0042612943798303,-0.0006847712793387,-0.0109034487977623,0.0017987074097618,0.0043250322341918,0.0006840102141723,0.0008288481622003,-0.001537938369438,0.0141029432415962,0.0017970142653211,-0.009069905616343,0.045870017260313,0.0033429344184696,0.0222966000437736,0.0067308703437447,-0.0068706609308719,0.0106765395030379,0.0043439860455691,-0.0139742875471711,0.0090666599571704,0.0049251434393227,0.0125978215280819,0.0103799289479489,0.0129795825074163,0.0109576139542717,0.03473944924739,0.0069279275805542,0.0436151923758723,-0.0056232281358554,0.0616299194398204,0.0088428302945378,0.199280656681013,-0.0048497715092264,2019-02-04,2019-02-05,2019-02-06,2019-02-07,2019-02-08,2019-02-11,2019-02-12,2019-02-13,2019-02-14,2019-02-15,16600.0,2019-02-01,252.0,-1.2441%,-0.0001,0.2659,-0.3995,-0.0952,1.2504%,1.3075%,8.5399%,-0.013064,HSY,16600.0,2019-02-04,252.0,0.9067%,0.0002,0.2787,-0.371,-0.0458,1.1949%,1.2535%,9.1396%,0.008532,HSY,16600.0,2019-02-05,252.0,0.3499%,0.0002,0.2769,-0.3721,-0.0488,1.1948%,1.2527%,9.0223%,0.0016289999999999,HSY,16600.0,2019-02-06,252.0,0.0377%,0.0003,0.253,-0.3644,-0.0723,1.1914%,1.2406%,7.7652%,0.000883,HSY,16600.0,2019-02-07,252.0,0.7726%,0.0003,0.2479,-0.362,-0.0704,1.1926%,1.2396%,7.4375%,0.009787,HSY,16600.0,2019-02-08,252.0,1.3650%,0.0004,0.2451,-0.347,-0.072,1.1888%,1.2341%,7.2077%,0.013022,HSY,16600.0,2019-02-11,252.0,0.1937%,0.0005,0.2427,-0.34,-0.0695,1.1889%,1.2306%,6.6757%,0.00395,HSY,16600.0,2019-02-12,252.0,0.9850%,0.0004,0.237,-0.3283,-0.0745,1.1856%,1.2255%,6.3941%,0.006399,HSY,16600.0,2019-02-13,252.0,-0.5105%,0.0004,0.2381,-0.3326,-0.0767,1.1859%,1.2260%,6.4268%,-0.005619,HSY,16600.0,2019-02-14,252.0,-0.8613%,0.0004,0.24,-0.3365,-0.0729,1.1866%,1.2272%,6.5050%,-0.006928,HSY,16600.0,2019-02-15,252.0,1.0628%,0.0005,0.2525,-0.3243,-0.0514,1.1867%,1.2283%,6.6678%,0.009007,HSY,-0.004532,-0.0029029999999999,-0.0020199999999999,0.020789,0.027598
38691,HYSTER YALE MATERIALS HANDLG INC,Hyster-Yale Materials Handling 13G Shows PNC Raises Stake In Co. From 617.31K Shares To 787.032K Shares,6,increase,0.7,0.6,"the increase in pnc's stake in hyster-yale materials handling suggests positive sentiment and confidence in the company's future, which could lead to an increase in stock price.",2,2019-02-01,HY,2019-02-01 13:36:00+00:00,13577.0,44917210,0.0043110083788633,20412.0,0.0118758315220475,0.0089893443509936,0.0120192086324095,0.0320215374231338,-0.0046108961105346,-0.0017923095729202,-0.0343907512724399,-0.0186163038015365,0.0075591895729303,0.0087239984422922,0.0047612441703677,-0.0109681198373436,0.0248420927673578,-0.0102764386683702,0.0067254547029733,-0.0188867058604955,0.0221294928342104,0.0248871948570013,0.0138888424262404,0.0071826130151748,0.0112812779843807,0.0022036363370716,0.0126161612570285,-0.0097468458116054,-0.0217705406248569,0.0018947274656966,-0.0002680874604266,-0.0078091234900057,0.0013410013634711,0.0130383735522627,0.0101781459525227,-0.0052462927997112,-0.0462680347263813,0.0119452178478241,-0.055184856057167,0.0536046773195266,-0.0360626988112926,0.0395735874772071,0.0036798198707401,-0.0152695896103978,0.0142071545124054,0.0146868927404284,-0.0253050215542316,0.0037258956581354,0.0012363132555037,0.0341765955090522,0.0015434244414791,0.0057287304662168,0.0027739298529922,0.0430579409003257,-0.0043030395172536,-0.0203168094158172,-0.0021608178503811,0.005714317318052,-0.0352668613195419,-0.0065370905213057,0.0073753874748945,-0.0401255004107952,0.0248288642615079,-0.0044386065565049,0.0004658919060602,-0.0131407780572772,-0.0131946364417672,-0.0172194167971611,0.0007865225197747,-0.0125944465398788,-0.0421251244843006,0.0419947728514671,0.0016409959644079,0.00032819918124,0.0245740488171577,0.0047814855352044,-0.0099136987701058,-0.0380649901926517,-0.0017764341318979,-0.0089594423770904,0.0088982237502932,-0.0457477010786533,0.0413727052509784,0.0183289591223001,-0.0018479017307981,0.0167728196829557,0.0020055114291608,-0.0202907565981149,0.0127790896221995,0.0342991761863231,0.0343569815158844,-0.0293402299284935,-0.0243974663317203,0.0107559449970722,-0.0212412793189287,-0.0073214727453887,0.0063105435110628,0.0086153466254472,0.0194249674677848,0.0168961491435766,0.0018003768054768,0.003296171547845,0.0026958261150866,0.0075913262553513,0.012397339567542,0.0321580357849597,-0.0017703617922961,-0.0127316825091838,-0.0035472284071147,-0.0040128412656486,-0.0176504720002412,-0.0321578904986381,0.0179676096886396,-0.0522673055529594,-0.0047463616356253,0.0029532921034842,-0.0304023995995521,0.0231152549386024,-0.0101444218307733,-0.0040625436231493,0.024378877133131,0.0337532758712768,0.0098529867827892,0.0274892318993806,0.0118758315220475,0.0089893443509936,0.024037778251204,0.0412987344006723,0.0193160464424249,0.0394324047107363,-0.0082987826767745,0.0289812091958228,0.0653884623206255,0.0200820165792159,-0.0744739208595209,0.1440077984390249,-0.042420396681046,0.1175488548476946,2019-02-04,2019-02-05,2019-02-06,2019-02-07,2019-02-08,2019-02-11,2019-02-12,2019-02-13,2019-02-14,2019-02-15,13577.0,2019-02-01,252.0,0.4311%,-0.0002,1.2143,1.3159,0.9708,1.6369%,2.1271%,40.7813%,5.1000000000000006e-05,HY,13577.0,2019-02-04,252.0,1.1876%,-0.0001,1.2145,1.3167,0.9705,1.6369%,2.1280%,40.8316%,0.001183,HY,13577.0,2019-02-05,252.0,1.2019%,-0.0,1.1985,1.3062,0.9434,1.6351%,2.1096%,39.9272%,0.013573,HY,13577.0,2019-02-06,252.0,-0.4611%,0.0,1.1757,1.3135,0.9207,1.6329%,2.0793%,38.3334%,-0.002604,HY,13577.0,2019-02-07,252.0,-3.4391%,-0.0002,1.1626,1.3413,0.9115,1.6266%,2.0711%,38.3171%,-0.025439,HY,13577.0,2019-02-08,252.0,0.7559%,-0.0001,1.1599,1.3582,0.9112,1.6227%,2.0690%,38.4897%,0.012032,HY,13577.0,2019-02-11,252.0,0.4761%,-0.0002,1.1648,1.3429,0.9055,1.6231%,2.0645%,38.1899%,-0.008023,HY,13577.0,2019-02-12,252.0,2.4842%,-0.0001,1.1689,1.3451,0.9072,1.6243%,2.0692%,38.3745%,0.010172,HY,13577.0,2019-02-13,252.0,0.6725%,-0.0001,1.1684,1.3468,0.908,1.6244%,2.0689%,38.3551%,0.00191,HY,13577.0,2019-02-14,252.0,2.2129%,-0.0,1.1631,1.3592,0.8942,1.6307%,2.0736%,38.1554%,0.022746,HY,13577.0,2019-02-15,252.0,1.3889%,-0.0001,1.159,1.3547,0.8865,1.6313%,2.0694%,37.8639%,-0.007045,HY,0.001234,0.014807,0.012203,-0.0012039999999999,0.018556
38699,MARINEMAX INC,Craig-Hallum Upgrades MarineMax to Buy,6,increase,0.8,0.6,"upgrades from analysts, such as craig-hallum, typically signal positive sentiment and can lead to increased investor interest, likely boosting the stock price.",2,2019-02-01,HZO,2019-02-01 14:14:00+00:00,86128.0,56790810,0.0196849536150693,638836.0,0.0071704951114952,-0.0127706574276089,0.0021905261091887,0.0198188219219446,-0.0021857381798326,-0.0237700548022985,-0.003285841550678,-0.0168477967381477,-0.0153846526518464,0.0,0.0083705140277743,-0.0564102753996849,0.0011068321764469,-0.0066224741749465,0.0033167200163006,-0.0282179005444049,0.024242453277111,-0.0321035012602806,0.0548682324588298,0.011633625254035,-0.0081590944901108,0.0147564802318811,-0.0118252672255039,-0.0073242001235485,-0.0098854647949337,-0.0120598170906305,-0.0031529883854091,0.0072886110283434,0.0131787033751606,-0.0200000032782554,0.007284146733582,0.0380623079836368,0.0087809953838586,0.0044687264598906,0.0051202494651079,0.0408268198370933,0.0030566162895411,0.0493492297828197,-0.0248857159167528,-0.00539376353845,-0.0067708888091146,0.0125615214928984,-0.0068169459700584,0.0043883668258786,-0.0153115577995777,0.0212884675711393,-0.0080428747460246,-0.0159867145121097,0.0270270276814699,0.0443292185664176,-0.0010526556288823,0.0308605600148439,0.00263441237621,-0.0777230486273765,0.0068312748335301,0.0071665421128273,-0.0099165206775069,-0.0231556445360183,0.0226673856377601,-0.0005382254603318,-0.0262886714190244,-0.0476678758859634,-0.0365271903574466,-0.0166330598294735,0.0335164107382297,-0.0025137877091765,-0.0393407642841339,0.0070885769091546,0.022136116400361,-0.0125000001862645,-0.0021656204480677,0.0070493146777153,0.0135648399591445,-0.0547358207404613,0.0198072232306003,0.0047824191860854,0.005774310324341,-0.0614901632070541,0.0010438652243465,0.0494583696126937,-0.0093847913667559,0.0182253792881965,0.0173684172332286,-0.0085592158138751,0.0062080104835331,-0.0122123165056109,0.007197911851108,-0.0018752465257421,0.0158243719488382,0.0104215685278177,-0.0457286350429058,0.0061964285559952,0.0231701172888279,0.0019101722864434,0.0066906413994729,-0.0783450156450271,-0.0005112591315992,-0.0065588769502937,-0.0010229437611997,-0.0378628373146057,0.0066563826985657,-0.0120531590655446,0.0071210269816219,0.0151898181065917,-0.0146464146673679,-0.0182269532233476,-0.0292157717049121,-0.0130825722590088,0.0237591788172721,-0.0216000359505415,0.0221763961017131,0.0407993122935295,-0.2048435658216476,-0.0711523666977882,0.0488578975200653,0.0003868560306727,0.0544464364647865,0.040660236030817,-0.0080320937559008,0.0345689244568347,0.0071704951114952,-0.0127706574276089,0.0093767283774415,0.0067950651089516,0.0071704951243922,-0.0171365087633718,-0.011582961755349,-0.0336955930850727,0.0816327348076477,-0.138148258696758,0.070049668884137,-0.0430570132695609,-0.0463319446764899,-0.2594752005862871,2019-02-04,2019-02-05,2019-02-06,2019-02-07,2019-02-08,2019-02-11,2019-02-12,2019-02-13,2019-02-14,2019-02-15,86128.0,2019-02-01,252.0,1.9685%,-0.0005,1.2704,0.8723,-0.0197,2.8619%,3.2358%,21.7767%,0.019079,HZO,86128.0,2019-02-04,252.0,0.7170%,-0.0003,1.2755,0.8819,0.0099,2.8544%,3.2297%,21.8941%,-0.0063539999999999,HZO,86128.0,2019-02-05,252.0,0.2191%,-0.0003,1.2559,0.8759,-0.0101,2.8508%,3.2147%,21.3585%,-0.002629,HZO,86128.0,2019-02-06,252.0,-0.2186%,-0.0003,1.2539,0.8766,-0.0119,2.8508%,3.2022%,20.7408%,0.000572,HZO,86128.0,2019-02-07,252.0,-0.3286%,-0.0003,1.2392,0.8912,-0.0114,2.8483%,3.1936%,20.4544%,0.009462,HZO,86128.0,2019-02-08,252.0,-1.5385%,-0.0004,1.2425,0.8818,-0.0037,2.8488%,3.1937%,20.4368%,-0.017124,HZO,86128.0,2019-02-11,252.0,0.8371%,-0.0005,1.2663,0.8607,-0.0026,2.8464%,3.1914%,20.4509%,0.0007199999999999,HZO,86128.0,2019-02-12,252.0,0.1107%,-0.0006,1.252,0.8673,-0.0111,2.8475%,3.1885%,20.2457%,-0.016391,HZO,86128.0,2019-02-13,252.0,0.3317%,-0.0007,1.2458,0.8778,-0.0093,2.8462%,3.1843%,20.1070%,-0.000802,HZO,86128.0,2019-02-14,252.0,2.4242%,-0.0005,1.2417,0.8908,-0.0255,2.8475%,3.1868%,20.1595%,0.02214,HZO,86128.0,2019-02-15,252.0,5.4868%,-0.0003,1.279,0.9286,0.0407,2.8565%,3.2052%,20.5758%,0.038633,HZO,0.012725,0.010096,0.010668,0.003006,0.047306
38707,I D E X X LABORATORIES INC,IDEXX Labs Reaffirms FY19 Sales $2.385B-$2.425B vs $2.41B Estimate,6,uncertain,0.6,0.2,"while idexx labs reaffirming its sales guidance is generally a positive sign, the estimate is very close to the midpoint of the range, which may not significantly impact investor sentiment.",1,2019-02-01,IDXX,2019-02-01 11:29:00+00:00,76709.0,45168D10,-0.0347776748239994,1292742.0,-0.0108092371374368,0.0245570410043001,0.0237251035869121,0.0165940541774034,0.0040869610384106,-0.00685466080904,-0.0096729602664709,-0.0150826387107372,0.0044969194568693,0.0130481291562318,-0.0052951094694435,0.0224162079393863,0.0138404984027147,0.0016392719699069,0.0042482069693505,0.0021904837340116,-0.0163981039077043,0.0201625265181064,0.0160432588309049,-0.0017238470027223,0.0050414386205375,0.0062752463854849,0.0005678360466845,0.0327730737626552,-0.0257756188511848,-0.0161733981221914,0.0154861258342862,0.0009858988923951,0.0043981904163956,0.0026011860463768,-0.0112327486276626,0.0154789369553327,0.0059208418242633,0.0128417462110519,0.0098578622564673,-0.0028810398653149,0.0232194177806377,0.0528591610491275,-0.0116703985258936,-0.0243341121822595,-0.0122299827635288,-0.0191377140581607,-0.0141840865835547,0.0007531708106398,-0.0188633762300014,-0.0110135255381465,-0.0105448719114065,0.0126615883782506,0.0147714661434292,0.0534681230783462,0.0061059007421135,-0.047366764396429,0.0190318897366523,-0.0005403742543421,0.0046690921299159,0.0061990180984139,0.0253237150609493,-0.0195661000907421,-0.0021738181822001,0.0205670278519392,0.0118661234155297,-0.0340569242835044,0.0044434322044253,-0.0241062566637992,0.0292789619415998,-0.0238321460783481,-0.0277372039854526,0.0165928360074758,-0.0008658213773742,0.0023979654069989,0.0034664955455809,0.0315246880054473,-0.0052727437578141,-0.0484751760959625,0.0078596295788884,0.0146849555894732,0.013783136382699,-0.0463267937302589,0.006797804031521,0.0127601400017738,-0.0008884015260264,0.0131264887750148,0.0118264434859156,-0.0063732448033988,-0.0072502377443015,0.0412037558853626,0.0081441672518849,-0.0116929486393928,-8.78266291692853e-05,0.0210225954651832,-0.0130406199023127,-0.0043413694947957,-0.0011566621251404,0.006921324878931,-0.0033850425388664,-0.0070277005434036,0.0069718128070235,-0.0389829203486442,-0.000443840312073,0.0039885714650154,-0.0135423280298709,0.0197264980524778,-0.0298870205879211,-0.0108126830309629,0.0137336179614067,0.0001005382437142,0.0141882505267858,-0.0403050184249877,0.0129067227244377,-0.0119234984740614,0.0005792153533548,-0.0005719772889278,0.0137590002268552,0.0371779724955558,0.0210831593722105,0.0040705255232751,-0.0076999547891318,-0.016885494813323,0.0057222447358071,-0.000731463485863,-0.0108092371374368,0.0245570410043001,0.0126594161786941,0.0415585960505655,0.0167981157577961,0.0344190651618989,0.0114908979990515,0.0321109557930259,0.0237607819280905,0.0787872264293354,0.0504430817191319,0.15773440584446,0.1296133725722084,0.0376475283190305,2019-02-04,2019-02-05,2019-02-06,2019-02-07,2019-02-08,2019-02-11,2019-02-12,2019-02-13,2019-02-14,2019-02-15,76709.0,2019-02-01,252.0,-3.4778%,0.0003,1.1271,-0.1288,-0.7921,1.2213%,1.9492%,60.7431%,-0.033318,IDXX,76709.0,2019-02-04,252.0,-1.0809%,0.0,1.115,-0.1586,-0.8239,1.2020%,1.9369%,61.4905%,-0.02205,IDXX,76709.0,2019-02-05,252.0,2.3725%,0.0002,1.0992,-0.169,-0.8507,1.1996%,1.9263%,61.2164%,0.01376,IDXX,76709.0,2019-02-06,252.0,0.4087%,0.0002,1.1132,-0.1736,-0.836,1.1992%,1.9152%,60.7956%,0.006984,IDXX,76709.0,2019-02-07,252.0,-0.9673%,0.0003,1.1257,-0.1911,-0.8332,1.1904%,1.9163%,61.4073%,0.003614,IDXX,76709.0,2019-02-08,252.0,0.4497%,0.0003,1.1258,-0.1803,-0.8255,1.1884%,1.9128%,61.3972%,-0.0022689999999999,IDXX,76709.0,2019-02-11,252.0,-0.5295%,0.0003,1.1305,-0.1904,-0.8285,1.1884%,1.8933%,60.6003%,-0.0038829999999999,IDXX,76709.0,2019-02-12,252.0,1.3840%,0.0002,1.1252,-0.186,-0.832,1.1879%,1.8905%,60.5151%,-0.003005,IDXX,76709.0,2019-02-13,252.0,0.4248%,0.0003,1.1285,-0.191,-0.8326,1.1872%,1.8893%,60.5117%,0.001692,IDXX,76709.0,2019-02-14,252.0,-1.6398%,0.0002,1.133,-0.2007,-0.8223,1.1925%,1.8924%,60.2921%,-0.017964,IDXX,76709.0,2019-02-15,252.0,1.6043%,0.0002,1.1351,-0.198,-0.8178,1.1932%,1.8923%,60.2393%,0.007589,IDXX,-0.055368,-0.041608,-0.034624,-0.033279,-0.04885
38715,I D E X X LABORATORIES INC,"Idexx Laboratories Q4 EPS $0.98 Beats $0.91 Estimate, Sales $549.386M Beat $546.7M Estimate",6,increase,0.8,0.6,"the company reported better-than-expected earnings and sales, which typically boosts investor confidence and can lead to an increase in stock price.",2,2019-02-01,IDXX,2019-02-01 11:28:00+00:00,76709.0,45168D10,-0.0347776748239994,1292742.0,-0.0108092371374368,0.0245570410043001,0.0237251035869121,0.0165940541774034,0.0040869610384106,-0.00685466080904,-0.0096729602664709,-0.0150826387107372,0.0044969194568693,0.0130481291562318,-0.0052951094694435,0.0224162079393863,0.0138404984027147,0.0016392719699069,0.0042482069693505,0.0021904837340116,-0.0163981039077043,0.0201625265181064,0.0160432588309049,-0.0017238470027223,0.0050414386205375,0.0062752463854849,0.0005678360466845,0.0327730737626552,-0.0257756188511848,-0.0161733981221914,0.0154861258342862,0.0009858988923951,0.0043981904163956,0.0026011860463768,-0.0112327486276626,0.0154789369553327,0.0059208418242633,0.0128417462110519,0.0098578622564673,-0.0028810398653149,0.0232194177806377,0.0528591610491275,-0.0116703985258936,-0.0243341121822595,-0.0122299827635288,-0.0191377140581607,-0.0141840865835547,0.0007531708106398,-0.0188633762300014,-0.0110135255381465,-0.0105448719114065,0.0126615883782506,0.0147714661434292,0.0534681230783462,0.0061059007421135,-0.047366764396429,0.0190318897366523,-0.0005403742543421,0.0046690921299159,0.0061990180984139,0.0253237150609493,-0.0195661000907421,-0.0021738181822001,0.0205670278519392,0.0118661234155297,-0.0340569242835044,0.0044434322044253,-0.0241062566637992,0.0292789619415998,-0.0238321460783481,-0.0277372039854526,0.0165928360074758,-0.0008658213773742,0.0023979654069989,0.0034664955455809,0.0315246880054473,-0.0052727437578141,-0.0484751760959625,0.0078596295788884,0.0146849555894732,0.013783136382699,-0.0463267937302589,0.006797804031521,0.0127601400017738,-0.0008884015260264,0.0131264887750148,0.0118264434859156,-0.0063732448033988,-0.0072502377443015,0.0412037558853626,0.0081441672518849,-0.0116929486393928,-8.78266291692853e-05,0.0210225954651832,-0.0130406199023127,-0.0043413694947957,-0.0011566621251404,0.006921324878931,-0.0033850425388664,-0.0070277005434036,0.0069718128070235,-0.0389829203486442,-0.000443840312073,0.0039885714650154,-0.0135423280298709,0.0197264980524778,-0.0298870205879211,-0.0108126830309629,0.0137336179614067,0.0001005382437142,0.0141882505267858,-0.0403050184249877,0.0129067227244377,-0.0119234984740614,0.0005792153533548,-0.0005719772889278,0.0137590002268552,0.0371779724955558,0.0210831593722105,0.0040705255232751,-0.0076999547891318,-0.016885494813323,0.0057222447358071,-0.000731463485863,-0.0108092371374368,0.0245570410043001,0.0126594161786941,0.0415585960505655,0.0167981157577961,0.0344190651618989,0.0114908979990515,0.0321109557930259,0.0237607819280905,0.0787872264293354,0.0504430817191319,0.15773440584446,0.1296133725722084,0.0376475283190305,2019-02-04,2019-02-05,2019-02-06,2019-02-07,2019-02-08,2019-02-11,2019-02-12,2019-02-13,2019-02-14,2019-02-15,76709.0,2019-02-01,252.0,-3.4778%,0.0003,1.1271,-0.1288,-0.7921,1.2213%,1.9492%,60.7431%,-0.033318,IDXX,76709.0,2019-02-04,252.0,-1.0809%,0.0,1.115,-0.1586,-0.8239,1.2020%,1.9369%,61.4905%,-0.02205,IDXX,76709.0,2019-02-05,252.0,2.3725%,0.0002,1.0992,-0.169,-0.8507,1.1996%,1.9263%,61.2164%,0.01376,IDXX,76709.0,2019-02-06,252.0,0.4087%,0.0002,1.1132,-0.1736,-0.836,1.1992%,1.9152%,60.7956%,0.006984,IDXX,76709.0,2019-02-07,252.0,-0.9673%,0.0003,1.1257,-0.1911,-0.8332,1.1904%,1.9163%,61.4073%,0.003614,IDXX,76709.0,2019-02-08,252.0,0.4497%,0.0003,1.1258,-0.1803,-0.8255,1.1884%,1.9128%,61.3972%,-0.0022689999999999,IDXX,76709.0,2019-02-11,252.0,-0.5295%,0.0003,1.1305,-0.1904,-0.8285,1.1884%,1.8933%,60.6003%,-0.0038829999999999,IDXX,76709.0,2019-02-12,252.0,1.3840%,0.0002,1.1252,-0.186,-0.832,1.1879%,1.8905%,60.5151%,-0.003005,IDXX,76709.0,2019-02-13,252.0,0.4248%,0.0003,1.1285,-0.191,-0.8326,1.1872%,1.8893%,60.5117%,0.001692,IDXX,76709.0,2019-02-14,252.0,-1.6398%,0.0002,1.133,-0.2007,-0.8223,1.1925%,1.8924%,60.2921%,-0.017964,IDXX,76709.0,2019-02-15,252.0,1.6043%,0.0002,1.1351,-0.198,-0.8178,1.1932%,1.8923%,60.2393%,0.007589,IDXX,-0.055368,-0.041608,-0.034624,-0.033279,-0.04885
38723,ISHARES TRUST,"When Asked If Military Intervention Is Imminent In Venezuela, US National Security Adviser Bolton Says No, But All Options On The Table",6,uncertain,0.6,0.2,"the statement indicates that military intervention is not imminent, which may reduce immediate geopolitical risk, but the mention of 'all options on the table' leaves room for uncertainty that could affect investor sentiment.",1,2019-02-01,ILF,2019-02-01 14:11:00+00:00,89190.0,46428739,-0.0025423769839107,3037809.0,0.0062304558232426,0.0181190986186265,0.0005629174993373,0.0163695234805345,-0.0343177914619445,0.0145313711836934,-0.0081562064588069,-0.0248698834329843,-0.0026431763544678,0.0017381625948473,-0.0103061981499195,0.0029053543694317,0.0223147869110107,0.0192477852106094,-0.0148429023101925,-0.0242704469710588,0.0242245122790336,0.0034792381338775,0.0066340747289359,0.0087745850905776,-0.0017192369559779,0.0014645353658124,-0.0040183523669838,-0.0035025959368795,-0.0002882459957618,0.0061673740856349,0.0126838413998484,-0.0055491365492343,-0.005693161394447,0.0008770124404691,0.0002862387918867,0.0221092868596315,-0.0040068514645099,0.0139352595433592,-0.0224137585610151,-0.0015124939382076,-0.0105820279568433,0.0254342332482338,-0.0026738012675195,-0.0018575096037238,0.0062555582262575,0.0480207502841949,-0.0213143117725849,0.0039087599143385,-0.0084695275872945,0.0095363669097423,0.0073215891607105,0.0069536119699478,0.0314960889518261,0.0247710030525922,0.0032295007258653,-0.0104097165167331,0.0111208977177739,-0.0142336450517177,-0.010709086433053,0.0110441744327545,0.0131656164303422,-0.0128840859979391,0.0176148023456335,0.0059362319298088,-0.0019864786881953,-0.0135658327490091,0.0011373590677976,-0.0105465585365891,-0.0170405711978673,0.001600548857823,-0.0528749451041221,0.0152745954692363,0.0103721832856535,0.0035877563059329,0.0138889765366911,-0.0266666710376739,-0.0393092148005962,-0.0116096902638673,0.0195288620889186,0.0009422326111234,0.0103374933823943,-0.0187981687486171,0.0168522838503122,0.0102740302681922,-0.0053270286880433,-0.0027941681910306,-0.0074382624588906,0.0078222779557108,0.0218824800103902,0.0223927982151508,0.0117336912080645,0.0313428156077861,0.0118874981999397,-0.0344058610498905,-0.0094556398689746,-0.0190625190734863,0.0046282862313091,0.0181355290114879,-0.0181399676948785,-0.0352977737784385,-0.0211142934858799,-0.009124063886702,0.0014978799736127,0.0166976172477006,0.0065809516236186,0.0176211278885603,-0.0074294200167059,0.0159846544265747,0.0086825471371412,-0.0215826909989118,-0.0029681946616619,-0.0175169501453638,0.0071450336836278,-0.0006142646307125,-0.0209873747080564,-0.037825021892786,0.0117753446102142,-0.0014753389405086,0.0044763213954865,-0.0119533482939004,-0.0044563733972609,0.0052755074575543,0.0008953326032496,0.0067866491153836,0.0062304558232426,0.0181190986186265,0.0067968805551916,0.0347852231094449,-0.0277541648362377,0.0498220712818493,-0.0382328598391205,0.0254924985945503,-0.0116114377460556,0.0353905502956048,-0.0019824343296266,0.1764170320089702,-0.0501274581331212,0.060129181494654,2019-02-04,2019-02-05,2019-02-06,2019-02-07,2019-02-08,2019-02-11,2019-02-12,2019-02-13,2019-02-14,2019-02-15,89190.0,2019-02-01,252.0,-0.2542%,0.0,0.8683,-0.053,0.3513,1.4295%,1.7027%,29.5083%,-0.005459,ILF,89190.0,2019-02-04,252.0,0.6230%,0.0,0.8674,-0.0544,0.3456,1.4290%,1.7023%,29.5254%,0.001749,ILF,89190.0,2019-02-05,252.0,0.0563%,0.0001,0.8559,-0.058,0.3337,1.4266%,1.6898%,28.7310%,-0.001237,ILF,89190.0,2019-02-06,252.0,-3.4318%,-0.0001,0.8568,-0.0577,0.3302,1.4415%,1.6872%,27.0099%,-0.032774,ILF,89190.0,2019-02-07,252.0,-0.8156%,-0.0002,0.8446,-0.0414,0.3279,1.4350%,1.6730%,26.4273%,-0.001651,ILF,89190.0,2019-02-08,252.0,-0.2643%,-0.0001,0.8441,-0.0198,0.3402,1.4273%,1.6649%,26.5054%,-0.00122,ILF,89190.0,2019-02-11,252.0,-1.0306%,-0.0001,0.8399,-0.0323,0.3312,1.4293%,1.6548%,25.3880%,-0.012239,ILF,89190.0,2019-02-12,252.0,2.2315%,-0.0001,0.8436,-0.0287,0.3325,1.4310%,1.6577%,25.4811%,0.011362,ILF,89190.0,2019-02-13,252.0,-1.4843%,-0.0002,0.8407,-0.0308,0.3279,1.4352%,1.6588%,25.1437%,-0.017521,ILF,89190.0,2019-02-14,252.0,2.4225%,-0.0001,0.834,-0.0156,0.3114,1.4459%,1.6657%,24.6428%,0.0279519999999999,ILF,89190.0,2019-02-15,252.0,0.6634%,-0.0001,0.8209,-0.0278,0.2896,1.4440%,1.6578%,24.1296%,-0.004346,ILF,-0.00371,-0.004947,-0.037721,-0.0405919999999999,-0.0353839999999999
38731,IMPERIAL OIL LTD,"Imperial Oil Earlier Reported Q4 EPS $0.82 May Not Compare To $0.40 Estimate, Sales $5.996B May Not Compare To $9.24B Estimate",6,decrease,0.8,0.7,"the reported earnings per share (eps) and sales figures significantly missed analyst estimates, which is likely to negatively impact investor sentiment and lead to a decrease in stock price.",0,2019-02-01,IMO,2019-02-01 17:58:00+00:00,33099.0,45303840,-0.0442260541021823,522027.0,0.0205656029284,0.00564771797508,-0.0086362604051828,0.0279390588402748,-0.0054446323774755,-0.0061305472627282,-0.0105839055031538,-0.0057368180714547,-0.0132792545482516,0.0178832039237022,-0.0003738403320312,0.0032955016940832,0.0108452104032039,-0.0007318133139051,-0.0029596714302897,-0.0249732695519924,-0.0089054424315691,0.0075485617853701,0.0232123117893934,0.0079709896817803,0.0179290082305669,0.0080351065844297,-0.0053917909972369,0.0155786387622356,-0.0151788964867591,0.0116322506219148,0.0044037005864083,-0.004854408558458,-0.0054805087856948,0.0026208013296127,-0.0058780252002179,0.0067847114987671,0.0103474017232656,0.0133689986541867,-0.0095098838210105,0.0011472537880763,-0.008703070692718,0.0352335460484027,0.0205992218106985,-0.011350255459547,-0.0058715539053082,0.0090837106108665,0.0029531163163483,-0.0109375268220901,0.0040486054494977,0.0047096093185245,-0.0007331545930355,-0.0081744249910116,-0.0069699389860033,0.0409238338470459,0.0066494387574493,-0.0306362453848123,0.0143119040876627,-0.0019600605592131,-0.0007235365919768,-0.0158178955316543,-0.0112238004803657,-0.0023094483185559,0.0190406609326601,-0.0083969924598932,-0.0093424441292881,0.0092450575903058,0.0105187129229307,-0.0247934535145759,0.0,-0.0191598590463399,-0.0251256544142961,0.0157185662537813,-0.0139911323785781,-0.0190895907580852,0.0171769633889198,-0.0336999185383319,-0.0135829271748662,-0.0035348313394933,0.015258646570146,-0.0214458294212818,0.0032991257030516,0.003819465637207,0.0043843234889209,-0.0348525792360305,-0.0014550385531038,-0.0188779234886169,-0.0131147755309939,-0.0106830671429634,-0.0018456713296473,0.0300099905580282,0.0107248146086931,-0.0053067943081259,0.0303695537149906,0.0073504615575075,-0.0014204193139448,-0.0157842673361301,0.0305831674486398,0.0191018655896186,0.0,-0.0523975752294063,0.0027605218347162,-0.012543105520308,-0.0003441235166974,0.0006275039049796,0.0141135919839143,0.0139993801712989,0.0016972554149106,0.0251141712069511,-0.0023720669560134,-0.0216975212097168,0.0084918476641178,0.0093398038297891,0.0131357153877615,-0.0214308332651853,-0.0159574318677187,0.0009463336900807,0.00202700891532,-0.0143034541979432,-0.0178692080080509,-0.0027907025068998,-0.0024030106142163,0.0024868459440767,0.0006882470333948,0.0151466587558388,0.0205656029284,0.00564771797508,0.0117517326209379,0.0337445687401738,0.0062431163795431,0.0274071488039235,-0.0176276003345782,0.0397810280001575,0.0036724338201832,0.0322463541112676,0.0275588804292428,0.0874045407534642,0.0737122606734796,-0.0966672264468417,2019-02-04,2019-02-05,2019-02-06,2019-02-07,2019-02-08,2019-02-11,2019-02-12,2019-02-13,2019-02-14,2019-02-15,33099.0,2019-02-01,252.0,-4.4226%,-0.0001,0.8864,0.428,0.6702,1.3403%,1.6280%,32.2174%,-0.048049,IMO,33099.0,2019-02-04,252.0,2.0566%,-0.0001,0.8897,0.4379,0.669,1.3437%,1.6332%,32.3070%,0.015112,IMO,33099.0,2019-02-05,252.0,-0.8636%,0.0,0.8627,0.4315,0.6448,1.3301%,1.6014%,31.0174%,-0.008197,IMO,33099.0,2019-02-06,252.0,-0.5445%,0.0001,0.8366,0.4399,0.6186,1.3266%,1.5702%,28.6239%,-0.004055,IMO,33099.0,2019-02-07,252.0,-1.0584%,0.0,0.8361,0.4427,0.6171,1.3268%,1.5693%,28.5142%,-0.004744,IMO,33099.0,2019-02-08,252.0,-1.3279%,0.0001,0.8373,0.4628,0.6354,1.3227%,1.5670%,28.7581%,-0.010095,IMO,33099.0,2019-02-11,252.0,-0.0374%,0.0,0.8478,0.4443,0.6309,1.3220%,1.5642%,28.5747%,-0.006162,IMO,33099.0,2019-02-12,252.0,1.0845%,0.0,0.8514,0.4398,0.6336,1.3214%,1.5655%,28.7512%,0.0002,IMO,33099.0,2019-02-13,252.0,-0.2960%,0.0,0.8524,0.4356,0.6314,1.3217%,1.5655%,28.7146%,-0.006151,IMO,33099.0,2019-02-14,252.0,-0.8905%,0.0001,0.8556,0.4334,0.6307,1.3110%,1.5581%,29.1996%,-0.0058189999999999,IMO,33099.0,2019-02-15,252.0,2.3212%,0.0002,0.8634,0.4414,0.6446,1.3122%,1.5619%,29.4167%,0.009333,IMO,-0.032937,-0.041134,-0.045189,-0.060028,-0.068627
38739,INTUIT INC,"Goldman Sachs Reinstates Neutral on Intuit, Announces $212 Target",6,uncertain,0.6,0.2,"while a reinstatement of a neutral rating by goldman sachs suggests stability, the specific target price of $212 does not indicate a strong bullish or bearish sentiment, leading to uncertainty in stock price movement.",1,2019-02-01,INTU,2019-02-01 12:56:00+00:00,78975.0,46120210,-0.0063479305244982,1934778.0,0.0301236044615507,0.0080336341634392,0.0162057019770145,0.0276964642107486,0.0004008924006484,-0.0128879472613334,-0.0160744525492191,-0.0151656549423933,0.017468437552452,0.0100867236033082,0.0028465925715863,-0.00037694038474,0.0154788019135594,-0.0004708997148554,-0.001616048044525,-0.0071538728661835,0.0095804827287793,0.0101072089746594,0.0110061904415488,0.0082860616967082,0.0056145959533751,0.0008579568821005,0.0057111037895083,0.0227151047438383,-0.003983567468822,-0.0048508369363844,0.0676935017108917,0.0004367482324596,-0.0128317577764391,0.0167768374085426,0.0048038205131888,-0.0030918279662728,0.0037764750886708,0.0239709988236427,-0.0108865369111299,0.0152551298961043,0.0132723618298769,0.0396774634718895,-0.0056307800114154,-0.030595963820815,-0.0076706972904503,-0.0120904482901096,-0.0007284498424269,0.0051059480756521,-0.0059941313229501,-0.0070472490042448,0.0018335664644837,0.0230290573090314,0.0189522877335548,0.0549931749701499,-0.0009578919271007,-0.0164684224873781,0.0133839026093483,-0.0325419157743454,0.0123003954067826,-0.0179475881159305,0.0052966307848691,-0.0129207968711853,-0.0015883611049503,0.003240667283535,-0.0064411130733788,-0.0171203278005123,-0.0002733424480538,-0.0360295996069908,0.0180866029113531,-0.0035375766456127,-0.0304658226668834,0.0148949204012751,0.0045512472279369,-0.0032883249223232,0.0085096471011638,0.0213868729770183,-0.0023829080164432,-0.0429685488343238,0.0150364013388752,0.0187816489487886,0.0084484312683343,-0.0274916179478168,0.0166022572666406,-0.0047079408541321,0.0094450041651725,0.0255270153284072,0.0030566493514925,0.001292381202802,-0.0239704996347427,0.0511698015034198,-0.0035410753916949,-0.0132558746263384,-0.0035919083748012,0.0221770871430635,-0.0053306329064071,-0.0068043894134461,0.0007338835275731,0.0164975989609956,0.0019298313418403,-0.0203774981200695,0.0018105520866811,-0.0576995685696601,0.0031531467102468,-0.0144494781270623,-0.0110779460519552,0.0246441308408975,-0.0066669299267232,-0.0162563025951385,0.0058532017283141,-0.0001409253600286,0.0148194413632154,-0.0418598502874374,0.0156351402401924,-0.0047930805012583,-0.0061727799475193,0.0061294417828321,-0.0007575072231702,0.0382779985666275,-0.038887184113264,-0.0034508742392063,-0.023069666698575,0.0068551353178918,0.0134420618414878,0.0029195474926382,0.0301236044615507,0.0080336341634392,0.0468174805949426,0.0359526016352778,0.047237141767779,0.0226012991401611,0.0484029150875124,0.0172511482241759,0.0879925899925666,0.0277632341638691,0.2017719996896323,0.0953492330379135,0.172841074729892,0.0186500511326959,2019-02-04,2019-02-05,2019-02-06,2019-02-07,2019-02-08,2019-02-11,2019-02-12,2019-02-13,2019-02-14,2019-02-15,78975.0,2019-02-01,252.0,-0.6348%,0.0008,1.0609,-0.137,-1.0204,0.9377%,1.8021%,72.9274%,-0.003735,INTU,78975.0,2019-02-04,252.0,3.0124%,0.0009,1.0661,-0.1227,-1.0152,0.9424%,1.8090%,72.8607%,0.018349,INTU,78975.0,2019-02-05,252.0,1.6206%,0.0009,1.0707,-0.1227,-1.0131,0.9422%,1.8089%,72.8721%,0.005332,INTU,78975.0,2019-02-06,252.0,0.0401%,0.0009,1.0739,-0.1238,-1.0096,0.9422%,1.7940%,72.4150%,0.003353,INTU,78975.0,2019-02-07,252.0,-1.6074%,0.0009,1.0753,-0.1242,-1.0104,0.9424%,1.7934%,72.3864%,-0.00241,INTU,78975.0,2019-02-08,252.0,1.7468%,0.0009,1.0741,-0.134,-1.022,0.9424%,1.7962%,72.4727%,0.009491,INTU,78975.0,2019-02-11,252.0,0.2847%,0.001,1.0641,-0.1197,-1.0195,0.9412%,1.7629%,71.4948%,0.0044779999999999,INTU,78975.0,2019-02-12,252.0,1.5479%,0.0009,1.0552,-0.1095,-1.0259,0.9373%,1.7571%,71.5435%,-0.000803,INTU,78975.0,2019-02-13,252.0,-0.1616%,0.0009,1.0563,-0.1134,-1.0277,0.9375%,1.7553%,71.4755%,-0.003887,INTU,78975.0,2019-02-14,252.0,0.9580%,0.0009,1.0555,-0.1102,-1.032,0.9371%,1.7560%,71.5190%,0.006327,INTU,78975.0,2019-02-15,252.0,1.1006%,0.0009,1.0438,-0.1204,-1.0506,0.9313%,1.7487%,71.6385%,0.004208,INTU,0.014614,0.019946,0.023299,0.03038,0.040703
38747,ILLINOIS TOOL WORKS INC,Illinois Tool Works shares are trading lower after the company reported Q4 sales of $3.58 billion versus the $3.61 billion estimate.,6,decrease,0.8,0.7,"the company's q4 sales fell short of analyst estimates, which typically leads to a negative reaction in stock prices.",0,2019-02-01,ITW,2019-02-01 14:45:00+00:00,56573.0,45230810,-0.0209744740277528,3388940.0,0.029606569558382,0.0125359259545803,-0.0041182525455951,0.0049651558510959,-0.0019587131682783,0.0296833217144012,-0.0185360386967659,-0.0165102966129779,0.0051843943074345,0.0177194494754076,0.0037576959002763,-0.001372953527607,0.017690697684884,-0.0080199558287858,0.0085113095119595,-0.0329260267317295,-0.007652748376131,0.0301499962806701,0.039351399987936,0.0207740012556314,-0.0066570048220455,-0.0009224007953889,0.0025130931753665,-0.0006145950173959,-0.0027156840078532,-0.0010743564926087,0.0112414509057998,-0.0085971150547266,0.0013118997449055,0.0111546805128455,-0.0046890629455447,-0.0001537498174002,0.0066510098986327,0.022010812535882,-0.0083964290097355,0.000235876548686,0.0022904069628566,0.0302146896719932,-0.0004847816890105,-0.0248815286904573,-0.0047110482119023,-0.0007104267715476,-0.0077265808358788,0.0157953910529613,-0.0126271694898605,-0.0017468732548877,-0.0007105229306034,0.0190145336091518,0.0211874227970838,0.0390079841017723,0.0024367528967559,-0.0410351827740669,0.0086817620322108,-0.0092651443555951,-0.0022722703870385,-0.0032641005236655,-0.0118702640756964,-0.0126552479341626,0.0153653603047132,-0.0068696709349751,0.0041959043592214,-0.0224358011037111,-0.0022604411933571,-0.0165116488933563,0.0055608781985938,0.0077906264923512,-0.0329078137874603,0.0082361148670315,0.0027532610110938,0.0035971314646303,0.0085187749937176,0.0091913370415568,-0.0043280636891722,-0.0284405928105115,0.0085536083206534,0.0037661946844309,0.0047601866535842,-0.0479059666395187,0.0335121415555477,0.0028047419618815,0.0026965697761625,0.0231788754463195,0.0092778643593192,-0.0154314637184143,0.0109245898202061,0.0157480277121067,0.0028993308078497,-7.354310218943283e-05,0.0112352613359689,0.0125921098515391,-0.0189721137285232,0.0011936117662116,0.0046360483393073,0.0028428584337234,0.0174039117991924,-0.0023882924579083,0.0134127652272582,-0.0118731604889035,-0.0049872044473886,0.0027361561078578,0.0136872185394167,0.0151639431715011,-0.0101426690816879,0.0017296660225838,0.0139609863981604,0.0136442808434367,-0.0072001474909484,-0.010334906168282,0.0047076162882149,-0.0093416040763258,-0.0070917187258601,0.0,-0.0357119515538215,0.0160212647169828,0.0157396309077739,0.0057273767888545,0.0092453816905617,0.0018360510002821,0.0039998088032007,0.0095775509253144,0.029606569558382,0.0125359259545803,0.0253663896823366,0.0175633246317785,0.0233579910325558,0.0477679841615994,0.0095961362604661,0.048728367767568,0.072751726403633,0.0564745417253349,0.0814551279589719,0.0804913122346946,0.1658073186642847,0.0690580193509018,2019-02-04,2019-02-05,2019-02-06,2019-02-07,2019-02-08,2019-02-11,2019-02-12,2019-02-13,2019-02-14,2019-02-15,56573.0,2019-02-01,252.0,-2.0974%,-0.0006,1.0539,0.0389,0.3095,1.1823%,1.6372%,47.8555%,-0.023894,ITW,56573.0,2019-02-04,252.0,2.9607%,-0.0005,1.0595,0.0554,0.3101,1.1913%,1.6483%,47.7658%,0.023155,ITW,56573.0,2019-02-05,252.0,-0.4118%,-0.0006,1.0669,0.0602,0.3226,1.1907%,1.6457%,47.6492%,-0.0068689999999999,ITW,56573.0,2019-02-06,252.0,-0.1959%,-0.0005,1.0504,0.0655,0.3064,1.1891%,1.6103%,45.4684%,6.9e-05,ITW,56573.0,2019-02-07,252.0,-1.8536%,-0.0006,1.0513,0.0684,0.3039,1.1905%,1.6097%,45.3070%,-0.009977,ITW,56573.0,2019-02-08,252.0,0.5184%,-0.0006,1.0501,0.0675,0.2983,1.1912%,1.6100%,45.2534%,0.006201,ITW,56573.0,2019-02-11,252.0,0.3758%,-0.0005,1.0403,0.079,0.2994,1.1903%,1.5859%,43.6683%,0.001056,ITW,56573.0,2019-02-12,252.0,1.7691%,-0.0005,1.0357,0.0881,0.2954,1.1882%,1.5815%,43.5527%,0.003935,ITW,56573.0,2019-02-13,252.0,0.8511%,-0.0005,1.0386,0.0856,0.2963,1.1885%,1.5816%,43.5359%,0.005252,ITW,56573.0,2019-02-14,252.0,-0.7653%,-0.0005,1.0394,0.0836,0.2987,1.1887%,1.5822%,43.5535%,-0.004298,ITW,56573.0,2019-02-15,252.0,3.9351%,-0.0003,1.0679,0.112,0.3487,1.1969%,1.6016%,44.1554%,0.025863,ITW,-0.000739,-0.0076079999999999,-0.007539,-0.011315,0.020493
38755,ILLINOIS TOOL WORKS INC,"Illinois Tool Works Sees Q1 EPS $1.73-$1.83 May Not Compare To $1.96 Est., Reaffirms FY19 EPS Guidance Of $7.90-$8.20 vs $8.06 Est.",6,decrease,0.75,0.6,"the q1 eps guidance is below analyst estimates, which is likely to lead to a negative reaction in the stock price.",0,2019-02-01,ITW,2019-02-01 13:03:00+00:00,56573.0,45230810,-0.0209744740277528,3388940.0,0.029606569558382,0.0125359259545803,-0.0041182525455951,0.0049651558510959,-0.0019587131682783,0.0296833217144012,-0.0185360386967659,-0.0165102966129779,0.0051843943074345,0.0177194494754076,0.0037576959002763,-0.001372953527607,0.017690697684884,-0.0080199558287858,0.0085113095119595,-0.0329260267317295,-0.007652748376131,0.0301499962806701,0.039351399987936,0.0207740012556314,-0.0066570048220455,-0.0009224007953889,0.0025130931753665,-0.0006145950173959,-0.0027156840078532,-0.0010743564926087,0.0112414509057998,-0.0085971150547266,0.0013118997449055,0.0111546805128455,-0.0046890629455447,-0.0001537498174002,0.0066510098986327,0.022010812535882,-0.0083964290097355,0.000235876548686,0.0022904069628566,0.0302146896719932,-0.0004847816890105,-0.0248815286904573,-0.0047110482119023,-0.0007104267715476,-0.0077265808358788,0.0157953910529613,-0.0126271694898605,-0.0017468732548877,-0.0007105229306034,0.0190145336091518,0.0211874227970838,0.0390079841017723,0.0024367528967559,-0.0410351827740669,0.0086817620322108,-0.0092651443555951,-0.0022722703870385,-0.0032641005236655,-0.0118702640756964,-0.0126552479341626,0.0153653603047132,-0.0068696709349751,0.0041959043592214,-0.0224358011037111,-0.0022604411933571,-0.0165116488933563,0.0055608781985938,0.0077906264923512,-0.0329078137874603,0.0082361148670315,0.0027532610110938,0.0035971314646303,0.0085187749937176,0.0091913370415568,-0.0043280636891722,-0.0284405928105115,0.0085536083206534,0.0037661946844309,0.0047601866535842,-0.0479059666395187,0.0335121415555477,0.0028047419618815,0.0026965697761625,0.0231788754463195,0.0092778643593192,-0.0154314637184143,0.0109245898202061,0.0157480277121067,0.0028993308078497,-7.354310218943283e-05,0.0112352613359689,0.0125921098515391,-0.0189721137285232,0.0011936117662116,0.0046360483393073,0.0028428584337234,0.0174039117991924,-0.0023882924579083,0.0134127652272582,-0.0118731604889035,-0.0049872044473886,0.0027361561078578,0.0136872185394167,0.0151639431715011,-0.0101426690816879,0.0017296660225838,0.0139609863981604,0.0136442808434367,-0.0072001474909484,-0.010334906168282,0.0047076162882149,-0.0093416040763258,-0.0070917187258601,0.0,-0.0357119515538215,0.0160212647169828,0.0157396309077739,0.0057273767888545,0.0092453816905617,0.0018360510002821,0.0039998088032007,0.0095775509253144,0.029606569558382,0.0125359259545803,0.0253663896823366,0.0175633246317785,0.0233579910325558,0.0477679841615994,0.0095961362604661,0.048728367767568,0.072751726403633,0.0564745417253349,0.0814551279589719,0.0804913122346946,0.1658073186642847,0.0690580193509018,2019-02-04,2019-02-05,2019-02-06,2019-02-07,2019-02-08,2019-02-11,2019-02-12,2019-02-13,2019-02-14,2019-02-15,56573.0,2019-02-01,252.0,-2.0974%,-0.0006,1.0539,0.0389,0.3095,1.1823%,1.6372%,47.8555%,-0.023894,ITW,56573.0,2019-02-04,252.0,2.9607%,-0.0005,1.0595,0.0554,0.3101,1.1913%,1.6483%,47.7658%,0.023155,ITW,56573.0,2019-02-05,252.0,-0.4118%,-0.0006,1.0669,0.0602,0.3226,1.1907%,1.6457%,47.6492%,-0.0068689999999999,ITW,56573.0,2019-02-06,252.0,-0.1959%,-0.0005,1.0504,0.0655,0.3064,1.1891%,1.6103%,45.4684%,6.9e-05,ITW,56573.0,2019-02-07,252.0,-1.8536%,-0.0006,1.0513,0.0684,0.3039,1.1905%,1.6097%,45.3070%,-0.009977,ITW,56573.0,2019-02-08,252.0,0.5184%,-0.0006,1.0501,0.0675,0.2983,1.1912%,1.6100%,45.2534%,0.006201,ITW,56573.0,2019-02-11,252.0,0.3758%,-0.0005,1.0403,0.079,0.2994,1.1903%,1.5859%,43.6683%,0.001056,ITW,56573.0,2019-02-12,252.0,1.7691%,-0.0005,1.0357,0.0881,0.2954,1.1882%,1.5815%,43.5527%,0.003935,ITW,56573.0,2019-02-13,252.0,0.8511%,-0.0005,1.0386,0.0856,0.2963,1.1885%,1.5816%,43.5359%,0.005252,ITW,56573.0,2019-02-14,252.0,-0.7653%,-0.0005,1.0394,0.0836,0.2987,1.1887%,1.5822%,43.5535%,-0.004298,ITW,56573.0,2019-02-15,252.0,3.9351%,-0.0003,1.0679,0.112,0.3487,1.1969%,1.6016%,44.1554%,0.025863,ITW,-0.000739,-0.0076079999999999,-0.007539,-0.011315,0.020493
38763,ILLINOIS TOOL WORKS INC,"Illinois Tool Works Q4 EPS $1.83 Beats $1.82 Estimate, Sales $3.58B Miss $3.61B Estimate",6,uncertain,0.6,0.2,"while the earnings per share beat estimates, the sales miss could lead to mixed reactions from investors, making the overall impact on the stock price uncertain.",1,2019-02-01,ITW,2019-02-01 13:01:00+00:00,56573.0,45230810,-0.0209744740277528,3388940.0,0.029606569558382,0.0125359259545803,-0.0041182525455951,0.0049651558510959,-0.0019587131682783,0.0296833217144012,-0.0185360386967659,-0.0165102966129779,0.0051843943074345,0.0177194494754076,0.0037576959002763,-0.001372953527607,0.017690697684884,-0.0080199558287858,0.0085113095119595,-0.0329260267317295,-0.007652748376131,0.0301499962806701,0.039351399987936,0.0207740012556314,-0.0066570048220455,-0.0009224007953889,0.0025130931753665,-0.0006145950173959,-0.0027156840078532,-0.0010743564926087,0.0112414509057998,-0.0085971150547266,0.0013118997449055,0.0111546805128455,-0.0046890629455447,-0.0001537498174002,0.0066510098986327,0.022010812535882,-0.0083964290097355,0.000235876548686,0.0022904069628566,0.0302146896719932,-0.0004847816890105,-0.0248815286904573,-0.0047110482119023,-0.0007104267715476,-0.0077265808358788,0.0157953910529613,-0.0126271694898605,-0.0017468732548877,-0.0007105229306034,0.0190145336091518,0.0211874227970838,0.0390079841017723,0.0024367528967559,-0.0410351827740669,0.0086817620322108,-0.0092651443555951,-0.0022722703870385,-0.0032641005236655,-0.0118702640756964,-0.0126552479341626,0.0153653603047132,-0.0068696709349751,0.0041959043592214,-0.0224358011037111,-0.0022604411933571,-0.0165116488933563,0.0055608781985938,0.0077906264923512,-0.0329078137874603,0.0082361148670315,0.0027532610110938,0.0035971314646303,0.0085187749937176,0.0091913370415568,-0.0043280636891722,-0.0284405928105115,0.0085536083206534,0.0037661946844309,0.0047601866535842,-0.0479059666395187,0.0335121415555477,0.0028047419618815,0.0026965697761625,0.0231788754463195,0.0092778643593192,-0.0154314637184143,0.0109245898202061,0.0157480277121067,0.0028993308078497,-7.354310218943283e-05,0.0112352613359689,0.0125921098515391,-0.0189721137285232,0.0011936117662116,0.0046360483393073,0.0028428584337234,0.0174039117991924,-0.0023882924579083,0.0134127652272582,-0.0118731604889035,-0.0049872044473886,0.0027361561078578,0.0136872185394167,0.0151639431715011,-0.0101426690816879,0.0017296660225838,0.0139609863981604,0.0136442808434367,-0.0072001474909484,-0.010334906168282,0.0047076162882149,-0.0093416040763258,-0.0070917187258601,0.0,-0.0357119515538215,0.0160212647169828,0.0157396309077739,0.0057273767888545,0.0092453816905617,0.0018360510002821,0.0039998088032007,0.0095775509253144,0.029606569558382,0.0125359259545803,0.0253663896823366,0.0175633246317785,0.0233579910325558,0.0477679841615994,0.0095961362604661,0.048728367767568,0.072751726403633,0.0564745417253349,0.0814551279589719,0.0804913122346946,0.1658073186642847,0.0690580193509018,2019-02-04,2019-02-05,2019-02-06,2019-02-07,2019-02-08,2019-02-11,2019-02-12,2019-02-13,2019-02-14,2019-02-15,56573.0,2019-02-01,252.0,-2.0974%,-0.0006,1.0539,0.0389,0.3095,1.1823%,1.6372%,47.8555%,-0.023894,ITW,56573.0,2019-02-04,252.0,2.9607%,-0.0005,1.0595,0.0554,0.3101,1.1913%,1.6483%,47.7658%,0.023155,ITW,56573.0,2019-02-05,252.0,-0.4118%,-0.0006,1.0669,0.0602,0.3226,1.1907%,1.6457%,47.6492%,-0.0068689999999999,ITW,56573.0,2019-02-06,252.0,-0.1959%,-0.0005,1.0504,0.0655,0.3064,1.1891%,1.6103%,45.4684%,6.9e-05,ITW,56573.0,2019-02-07,252.0,-1.8536%,-0.0006,1.0513,0.0684,0.3039,1.1905%,1.6097%,45.3070%,-0.009977,ITW,56573.0,2019-02-08,252.0,0.5184%,-0.0006,1.0501,0.0675,0.2983,1.1912%,1.6100%,45.2534%,0.006201,ITW,56573.0,2019-02-11,252.0,0.3758%,-0.0005,1.0403,0.079,0.2994,1.1903%,1.5859%,43.6683%,0.001056,ITW,56573.0,2019-02-12,252.0,1.7691%,-0.0005,1.0357,0.0881,0.2954,1.1882%,1.5815%,43.5527%,0.003935,ITW,56573.0,2019-02-13,252.0,0.8511%,-0.0005,1.0386,0.0856,0.2963,1.1885%,1.5816%,43.5359%,0.005252,ITW,56573.0,2019-02-14,252.0,-0.7653%,-0.0005,1.0394,0.0836,0.2987,1.1887%,1.5822%,43.5535%,-0.004298,ITW,56573.0,2019-02-15,252.0,3.9351%,-0.0003,1.0679,0.112,0.3487,1.1969%,1.6016%,44.1554%,0.025863,ITW,-0.000739,-0.0076079999999999,-0.007539,-0.011315,0.020493
38771,HUNT J B TRANSPORT SERVICES INC,Research Reveals Mixed ELD Safety Effects,6,uncertain,0.6,0.3,"the mixed effects of eld safety could lead to varied interpretations by investors, making the impact on stock price uncertain.",1,2019-02-01,JBHT,2019-02-01 16:16:00+00:00,42877.0,44565810,0.0073804268613457,769191.0,0.0075118015520274,0.000560829648748,0.0081001222133636,0.0160509292036294,-0.0080350376665592,0.0080421632155776,0.0045103402808308,0.0008623643079772,0.0037659229710698,0.0160646624863147,0.0032027678098529,0.008047891780734,0.016966164112091,-0.0184008050709962,-0.0037671376485377,-0.0217698384076356,0.0093634724617004,0.0619495846331119,0.0132012823596596,0.0306343603879213,0.0019368010107427,-0.0013391519896686,-0.0001757019927026,-0.0094888303428888,-0.0205642320215702,0.0054370001889765,-0.0209959298372268,0.0039135417900979,-0.0157639198005199,0.0013405925128608,0.0056802364997565,0.0113684190437197,-0.0091666467487812,0.028314022347331,0.0061676106415688,-0.0012853764928877,-0.0041794087737798,0.0271757207810878,-0.0105391237884759,-0.0252037588506937,-0.0305400881916284,0.0021495802793651,0.0037919241003692,-0.0020379966590553,-0.0129794301465153,-0.0060767554678022,-0.0011776520404964,0.0123030366376042,0.0278050880879163,0.0449983701109886,-0.0068827187642455,-0.0239956006407737,0.01472710352391,-0.0170940365642309,-0.0121418973430991,0.0058766016736626,-0.0080660302191972,-0.0179544761776924,0.0080347936600446,-0.0011742166243493,-0.0348602458834648,0.010680740699172,-0.0080596767365932,-0.0331699214875698,0.0037114566657692,-0.0247202459722757,-0.0251848567277193,-0.0036489013582468,-0.0097396411001682,-0.0125112598761916,0.0155295580625534,0.000701195152942,0.0102966884151101,-0.0347095020115375,0.0189707856625318,0.0278247352689504,0.0030698906630277,-0.0417103581130504,0.0213248692452907,-0.0126927271485328,-0.0022232551127672,0.001129543990828,0.0031001714523881,-0.0220913253724575,0.0071469754911959,0.0254860948771238,0.0038358413148671,-0.0188923962414264,-0.0064004408195614,0.0243809856474399,-0.0097106248140335,-0.0022716314997524,-0.0060194442048668,0.0122640486806631,0.0226606726646423,-0.0381531603634357,0.0189112070947885,0.0139226829633116,-0.0110611198469996,0.0043168081901967,-0.0494786836206913,0.0127351861447095,-0.0176505446434021,-0.0018971442477777,-0.0131966602057218,-0.0073446216993033,0.014504718594253,-0.0048726038075983,-0.0063882060348987,-0.0231578834354877,0.0052046347409486,-0.0141364810988307,-0.0167512837797403,0.0204906333237886,0.0151781234890222,9.19145022635348e-05,-0.0275630503892898,-0.0108172204345464,-0.0118188187479972,-0.0080252420157194,0.0075118015520274,0.000560829648748,0.0156727702760051,0.0166207606893649,0.0075118013099388,0.0247965907751734,0.0158673473934551,0.042157547239312,0.0559331027876304,0.1040743061395803,-0.0320070907915426,0.142613155650175,-0.1217134761377082,-0.0326858049948117,2019-02-04,2019-02-05,2019-02-06,2019-02-07,2019-02-08,2019-02-11,2019-02-12,2019-02-13,2019-02-14,2019-02-15,42877.0,2019-02-01,252.0,0.7380%,-0.0002,0.948,0.5658,0.4293,1.2136%,1.5859%,41.4396%,0.004854,JBHT,42877.0,2019-02-04,252.0,0.7512%,-0.0001,0.9486,0.5671,0.4322,1.2135%,1.5867%,41.5128%,-0.000155,JBHT,42877.0,2019-02-05,252.0,0.8100%,-0.0001,0.9482,0.5644,0.4268,1.2143%,1.5818%,41.0677%,0.0069679999999999,JBHT,42877.0,2019-02-06,252.0,-0.8035%,-0.0002,0.9597,0.5608,0.4373,1.2142%,1.5713%,40.2921%,-0.006291,JBHT,42877.0,2019-02-07,252.0,0.4510%,-0.0001,0.957,0.5589,0.4405,1.2167%,1.5699%,39.9359%,0.012359,JBHT,42877.0,2019-02-08,252.0,0.3766%,-0.0002,0.9565,0.5418,0.4271,1.2123%,1.5662%,40.0842%,0.005565,JBHT,42877.0,2019-02-11,252.0,0.3203%,-0.0002,0.9614,0.5335,0.4253,1.2121%,1.5587%,39.5239%,-0.0027939999999999,JBHT,42877.0,2019-02-12,252.0,1.6966%,-0.0001,0.9685,0.5278,0.4299,1.2114%,1.5623%,39.8709%,0.0044069999999999,JBHT,42877.0,2019-02-13,252.0,-0.3767%,-0.0002,0.9687,0.5246,0.4276,1.2121%,1.5619%,39.7720%,-0.007197,JBHT,42877.0,2019-02-14,252.0,0.9363%,-0.0002,0.9648,0.53,0.4238,1.2083%,1.5573%,39.7928%,0.0110499999999999,JBHT,42877.0,2019-02-15,252.0,1.3201%,-0.0002,0.9674,0.5322,0.4278,1.2081%,1.5569%,39.7900%,-0.001161,JBHT,0.004699,0.011667,0.005376,0.0233,0.027605
38779,JOHNSON CONTROLS INTL PLC,"Johnson Control Sees FY19 Adj. EPS $1.75-$1.85 vs $1.80 Estimate, Organic Sales Growth In Mid Single Digit Range",6,uncertain,0.6,0.2,"while the adjusted eps guidance is slightly below the estimate, the mention of organic sales growth in the mid-single-digit range could offset investor concerns, leading to uncertainty in stock price movement.",1,2019-02-01,JCI,2019-02-01 11:57:00+00:00,45356.0,G5150210,-0.0153982955962419,6945006.0,0.0171428471803665,0.0205500237643718,0.006505062803626,0.0082267047837376,0.0023501180112361,0.0039767841808497,-0.0067409011535346,-0.0006114478455856,0.003245813306421,0.0136349126696586,0.0020588145125657,0.0071785124018788,0.0158497486263513,-0.0156681519001722,0.0063565797172486,-0.0054995510727167,-0.0051679671742022,0.0145691642537713,0.0129869244992733,0.0186295621097087,-0.0054130665957927,-0.0012614005245268,0.0148954587057232,-0.0203892458230257,0.0045159426517784,0.0059042456559836,0.0050576091744005,0.0094103245064616,0.0016774216201156,-0.002815144136548,-0.0069773928262293,0.0009392228676006,-0.0019674960058182,0.0069357259199023,-0.0067585995420813,0.0163409244269132,0.0005670671234838,0.0399866327643394,0.0005667457589879,-0.0160655658692121,-0.0022656989749521,0.0286678038537502,-0.0019869343377649,0.0013508613919839,0.0145050715655088,-0.0033658188767731,0.0058873817324638,-0.0010087655391544,0.0072463299147784,0.0431427396833896,-0.0013834874844178,-0.0325754694640636,0.0049875397235155,-0.0334536060690879,-0.007168517448008,-0.0110282246023416,0.0022217023652046,-0.0301982052624225,0.0164665449410677,0.0235029440373182,-0.0013728511985391,-0.0284641813486814,0.000275010621408,0.0028002462349832,0.0159427709877491,-0.0141104022040963,-0.022456657141447,0.0114799542352557,0.0008303010836243,-0.0037093951832503,0.0110619887709617,-0.0094917751848697,-0.0024617109447717,-0.0218628197908401,0.0117905205115675,-0.014753614552319,0.0010839322349056,-0.032819677144289,-0.0005414309562183,0.0074756224639713,-0.011375899426639,0.0148817719891667,-0.0134247038513422,0.0079411901533603,0.0036101380828768,0.0149253727868199,0.0013834874844178,-0.008288892917335,0.0058027883060276,0.0116801252588629,-0.0145605104044079,0.0042105079628527,-0.0013939013006165,-0.002699464559555,-0.0002791267761494,-0.0032885083928704,0.0075398059561848,0.0002991069632116,0.014412323012948,-0.0023866894189268,0.0071038836613297,0.0032924457918852,-0.0073250257410109,-0.0393904261291027,0.0043727750889956,0.0172565132379531,-0.0027210470288991,-0.0046579288318753,0.0084583228453993,-0.0037703325506299,0.0037878623697906,0.0323352701961994,-0.0121292984113097,0.0042093568481504,0.0147338900715112,0.0054412479512393,0.0034955921582877,0.0178462099283933,0.0048231594264507,-0.0251949653029441,0.0171428471803665,0.0205500237643718,0.0237594252815338,0.0289457875269179,0.0261653807460608,0.033037682857707,0.0225563903971699,0.0464828003079529,0.0556390520318665,0.0663088202141937,0.103286600767481,0.087250514581888,0.1360035557001488,0.0211349423771347,2019-02-04,2019-02-05,2019-02-06,2019-02-07,2019-02-08,2019-02-11,2019-02-12,2019-02-13,2019-02-14,2019-02-15,45356.0,2019-02-01,252.0,-1.5398%,-0.0002,1.0259,0.414,0.551,1.2411%,1.6442%,43.0229%,-0.018811,JCI,45356.0,2019-02-04,252.0,1.7143%,-0.0002,1.0254,0.4149,0.5374,1.2397%,1.6441%,43.1425%,0.010203,JCI,45356.0,2019-02-05,252.0,0.6505%,-0.0002,1.0396,0.4177,0.5492,1.2358%,1.6441%,43.4982%,0.005553,JCI,45356.0,2019-02-06,252.0,0.2350%,-0.0002,1.0239,0.4227,0.5343,1.2348%,1.6129%,41.3895%,0.004195,JCI,45356.0,2019-02-07,252.0,-0.6741%,-0.0001,1.0301,0.4143,0.5356,1.2328%,1.6133%,41.6122%,0.001147,JCI,45356.0,2019-02-08,252.0,0.3246%,-0.0001,1.0291,0.4128,0.5304,1.2333%,1.6135%,41.5705%,0.005707,JCI,45356.0,2019-02-11,252.0,0.2059%,-0.0002,1.0337,0.4039,0.528,1.2332%,1.6039%,40.8832%,-0.003426,JCI,45356.0,2019-02-12,252.0,1.5850%,-0.0001,1.0466,0.3894,0.5372,1.2270%,1.6064%,41.6551%,0.002509,JCI,45356.0,2019-02-13,252.0,0.6357%,-0.0001,1.0378,0.4053,0.5408,1.2206%,1.5950%,41.4422%,0.002716,JCI,45356.0,2019-02-14,252.0,-0.5168%,-0.0001,1.0384,0.4044,0.5415,1.2205%,1.5954%,41.4719%,-0.0020599999999999,JCI,45356.0,2019-02-15,252.0,1.2987%,-0.0001,1.0503,0.4148,0.5605,1.2163%,1.5974%,42.0239%,-0.002457,JCI,-0.008608,-0.003055,0.0011399999999999,0.007994,0.005276
38787,JOHNSON CONTROLS INTL PLC,"Johnson Controls Q1 EPS $0.26 Beats $0.24 Estimate, Sales $5.305B Miss $5.48B Estimate",6,uncertain,0.6,0.2,"while the eps beat expectations, the sales miss could lead to mixed reactions from investors, creating uncertainty about the stock's direction.",1,2019-02-01,JCI,2019-02-01 11:56:00+00:00,45356.0,G5150210,-0.0153982955962419,6945006.0,0.0171428471803665,0.0205500237643718,0.006505062803626,0.0082267047837376,0.0023501180112361,0.0039767841808497,-0.0067409011535346,-0.0006114478455856,0.003245813306421,0.0136349126696586,0.0020588145125657,0.0071785124018788,0.0158497486263513,-0.0156681519001722,0.0063565797172486,-0.0054995510727167,-0.0051679671742022,0.0145691642537713,0.0129869244992733,0.0186295621097087,-0.0054130665957927,-0.0012614005245268,0.0148954587057232,-0.0203892458230257,0.0045159426517784,0.0059042456559836,0.0050576091744005,0.0094103245064616,0.0016774216201156,-0.002815144136548,-0.0069773928262293,0.0009392228676006,-0.0019674960058182,0.0069357259199023,-0.0067585995420813,0.0163409244269132,0.0005670671234838,0.0399866327643394,0.0005667457589879,-0.0160655658692121,-0.0022656989749521,0.0286678038537502,-0.0019869343377649,0.0013508613919839,0.0145050715655088,-0.0033658188767731,0.0058873817324638,-0.0010087655391544,0.0072463299147784,0.0431427396833896,-0.0013834874844178,-0.0325754694640636,0.0049875397235155,-0.0334536060690879,-0.007168517448008,-0.0110282246023416,0.0022217023652046,-0.0301982052624225,0.0164665449410677,0.0235029440373182,-0.0013728511985391,-0.0284641813486814,0.000275010621408,0.0028002462349832,0.0159427709877491,-0.0141104022040963,-0.022456657141447,0.0114799542352557,0.0008303010836243,-0.0037093951832503,0.0110619887709617,-0.0094917751848697,-0.0024617109447717,-0.0218628197908401,0.0117905205115675,-0.014753614552319,0.0010839322349056,-0.032819677144289,-0.0005414309562183,0.0074756224639713,-0.011375899426639,0.0148817719891667,-0.0134247038513422,0.0079411901533603,0.0036101380828768,0.0149253727868199,0.0013834874844178,-0.008288892917335,0.0058027883060276,0.0116801252588629,-0.0145605104044079,0.0042105079628527,-0.0013939013006165,-0.002699464559555,-0.0002791267761494,-0.0032885083928704,0.0075398059561848,0.0002991069632116,0.014412323012948,-0.0023866894189268,0.0071038836613297,0.0032924457918852,-0.0073250257410109,-0.0393904261291027,0.0043727750889956,0.0172565132379531,-0.0027210470288991,-0.0046579288318753,0.0084583228453993,-0.0037703325506299,0.0037878623697906,0.0323352701961994,-0.0121292984113097,0.0042093568481504,0.0147338900715112,0.0054412479512393,0.0034955921582877,0.0178462099283933,0.0048231594264507,-0.0251949653029441,0.0171428471803665,0.0205500237643718,0.0237594252815338,0.0289457875269179,0.0261653807460608,0.033037682857707,0.0225563903971699,0.0464828003079529,0.0556390520318665,0.0663088202141937,0.103286600767481,0.087250514581888,0.1360035557001488,0.0211349423771347,2019-02-04,2019-02-05,2019-02-06,2019-02-07,2019-02-08,2019-02-11,2019-02-12,2019-02-13,2019-02-14,2019-02-15,45356.0,2019-02-01,252.0,-1.5398%,-0.0002,1.0259,0.414,0.551,1.2411%,1.6442%,43.0229%,-0.018811,JCI,45356.0,2019-02-04,252.0,1.7143%,-0.0002,1.0254,0.4149,0.5374,1.2397%,1.6441%,43.1425%,0.010203,JCI,45356.0,2019-02-05,252.0,0.6505%,-0.0002,1.0396,0.4177,0.5492,1.2358%,1.6441%,43.4982%,0.005553,JCI,45356.0,2019-02-06,252.0,0.2350%,-0.0002,1.0239,0.4227,0.5343,1.2348%,1.6129%,41.3895%,0.004195,JCI,45356.0,2019-02-07,252.0,-0.6741%,-0.0001,1.0301,0.4143,0.5356,1.2328%,1.6133%,41.6122%,0.001147,JCI,45356.0,2019-02-08,252.0,0.3246%,-0.0001,1.0291,0.4128,0.5304,1.2333%,1.6135%,41.5705%,0.005707,JCI,45356.0,2019-02-11,252.0,0.2059%,-0.0002,1.0337,0.4039,0.528,1.2332%,1.6039%,40.8832%,-0.003426,JCI,45356.0,2019-02-12,252.0,1.5850%,-0.0001,1.0466,0.3894,0.5372,1.2270%,1.6064%,41.6551%,0.002509,JCI,45356.0,2019-02-13,252.0,0.6357%,-0.0001,1.0378,0.4053,0.5408,1.2206%,1.5950%,41.4422%,0.002716,JCI,45356.0,2019-02-14,252.0,-0.5168%,-0.0001,1.0384,0.4044,0.5415,1.2205%,1.5954%,41.4719%,-0.0020599999999999,JCI,45356.0,2019-02-15,252.0,1.2987%,-0.0001,1.0503,0.4148,0.5605,1.2163%,1.5974%,42.0239%,-0.002457,JCI,-0.008608,-0.003055,0.0011399999999999,0.007994,0.005276
38795,KEWAUNEE SCIENTIFIC CORP,Kewaunee Scientific Reports Chair William Schumaker Resigned; David Rhind Named Replacement,6,uncertain,0.6,0.3,"the resignation of a chair can create uncertainty about the company's direction, but the appointment of a replacement may mitigate negative impacts depending on investor perception of the new leadership.",1,2019-02-01,KEQU,2019-02-01 21:05:00+00:00,47571.0,49285410,-0.0003948733501601,4433.0,0.0041278135031461,0.0009336688090115,-0.0164187978953123,0.0004670524212997,-0.0031496183946728,0.0495133139193058,-0.0064928801730275,-0.0176597218960523,-0.0014183572493493,-0.0315560773015022,-0.0060478327795863,-0.0142054017633199,0.0211471244692802,-0.0031010587699711,0.0160025171935558,0.0066123376600444,0.0003087807563133,-0.0117021920159459,-0.0256251916289329,0.0003041087475139,0.0095057394355535,0.002743907039985,-0.0094162318855524,0.0,0.0,0.0199004784226417,-0.0045943772420287,-0.0018622399074956,-0.0029508501756936,0.0021772843319922,-0.0224216971546411,-0.0107691837474703,-0.1933376789093018,0.015625,-0.0384615696966648,0.001094942796044,0.0610526651144027,0.0199425648897886,0.0113531136885285,-0.0200124885886907,0.0025072488933801,-0.0379061996936798,-0.0340508408844471,0.1344710737466812,-0.0174190085381269,0.2575107514858246,-0.0072453217580914,-0.0042735207825899,-0.0977374464273452,-0.0109890205785632,-0.02041757106781,-0.0382114015519619,-0.0047324108891189,0.0245731007307767,0.0058353152126073,0.0195329505950212,0.0348890982568264,-0.0199750903993845,0.0013716862304136,0.0251706540584564,-0.0142465885728597,-0.0025531686842441,-0.0216786414384841,0.0029876097105443,0.0132575174793601,-0.0494928732514381,-0.0093457410112023,0.0859030336141586,0.0051886178553104,0.0014338246546685,0.0176584143191576,-0.0005511800409294,0.0202293489128351,0.003539819503203,-0.0318644046783447,-0.0887096375226974,-0.0168067514896392,-0.0534351728856563,0.0,0.0410256572067737,0.0018993787234649,-0.0469924807548522,-0.0090047642588615,-0.0074626440182328,0.0028694148641079,-0.0147059382870793,0.0205054990947246,-0.0282243303954601,0.00350470864214,0.0093761356547474,0.0002327897818759,0.0107895135879516,0.0130354138091206,-0.0103174354881048,-0.0006893101963214,-0.0206539034843444,-0.0112669961526989,0.0181510988622903,0.0116279069334268,-0.0176678448915481,0.0,0.0112849297001957,0.0022988154087215,-0.0306824147701263,-0.0091742593795061,-0.0213559046387672,0.0185185000300407,0.0,0.0181818008422851,0.0102739464491605,0.0026785475201904,0.0068028131499886,0.0040071308612823,9.313123155152424e-05,0.0066519523970782,0.0069444710388779,-0.0171806737780571,-0.0074099656194448,0.014347861520946,0.0067661241628229,0.0041278135031461,0.0009336688090115,-0.0123587581278238,0.0014011573025891,-0.0154694511505619,0.0509838471632684,-0.0232492393100659,-0.0001554794218208,-0.0182690698702694,-0.022195180402469,-0.3133416099832251,0.3720136295907903,-0.2904498434773719,0.1239841024866501,2019-02-04,2019-02-05,2019-02-06,2019-02-07,2019-02-08,2019-02-11,2019-02-12,2019-02-13,2019-02-14,2019-02-15,47571.0,2019-02-01,252.0,-0.0395%,0.0009,0.3163,0.9094,0.0643,3.0257%,3.0810%,3.5587%,-3e-05,KEQU,47571.0,2019-02-04,252.0,0.4128%,0.0008,0.3144,0.9047,0.0588,3.0255%,3.0807%,3.5524%,-0.002319,KEQU,47571.0,2019-02-05,252.0,-1.6419%,0.0008,0.3086,0.9091,0.0646,3.0272%,3.0815%,3.4928%,-0.016794,KEQU,47571.0,2019-02-06,252.0,-0.3150%,0.0008,0.3018,0.9114,0.0575,3.0272%,3.0810%,3.4633%,-0.002525,KEQU,47571.0,2019-02-07,252.0,-0.6493%,0.0008,0.3053,0.9084,0.057,3.0271%,3.0812%,3.4813%,-0.002825,KEQU,47571.0,2019-02-08,252.0,-0.1418%,0.0008,0.3059,0.9052,0.0573,3.0271%,3.0809%,3.4628%,-0.001854,KEQU,47571.0,2019-02-11,252.0,-0.6048%,0.0008,0.2675,0.9236,0.047,3.0232%,3.0751%,3.3467%,-0.012682,KEQU,47571.0,2019-02-12,252.0,2.1147%,0.0011,0.3065,0.8857,0.0737,3.0071%,3.0592%,3.3797%,0.017305,KEQU,47571.0,2019-02-13,252.0,1.6003%,0.0013,0.323,0.8632,0.0729,3.0015%,3.0540%,3.4050%,0.014461,KEQU,47571.0,2019-02-14,252.0,0.0309%,0.0012,0.3229,0.8601,0.0781,2.9998%,3.0518%,3.3814%,-0.003178,KEQU,47571.0,2019-02-15,252.0,-2.5625%,0.0011,0.305,0.8405,0.0443,3.0068%,3.0566%,3.2286%,-0.0319,KEQU,-0.002349,-0.019143,-0.021668,-0.026347,-0.042341
38803,K K R & CO INC,KKR & Co shares are trading higher after the company reported Q4 EPS of $0.55 versus the $0.51 estimate.,6,increase,0.8,0.6,"the positive earnings surprise typically boosts investor confidence, leading to an increase in stock price.",2,2019-02-01,KKR,2019-02-01 16:04:00+00:00,11990.0,48251W10,0.0458796769380569,5706767.0,0.0097955511882901,-0.0048758289776742,0.0012653179001063,0.0044523770920932,-0.0210615005344152,-0.0140474801883101,0.0004303024616092,-0.0021900674328207,0.0019354871474206,0.021019646897912,0.0116530191153287,0.0031404078472405,0.007252562791109,0.005866474006325,-0.0046590683050453,-0.0289219915866851,-0.0046808770857751,0.0075055221095681,0.0059855193831026,0.0179775115102529,0.0072248224169015,0.0545023493468761,-0.0021097529679536,0.0163776557892561,0.000422842655098,-0.0066985352896153,-0.0131022594869136,-0.0104167237877845,-0.0239828452467918,-0.0167597159743309,0.0,0.0165641456842422,0.001755112200044,0.021266246214509,-0.0262812264263629,0.0345000252127647,0.0148448012769222,0.0689471364021301,0.0230496656149625,-0.0463813319802284,-0.0090987468138337,-0.0005093388608656,-0.0043725571595132,-0.0005091766361147,-0.0021959219593554,-0.0100806839764118,-0.0145246451720595,0.0112130120396614,0.0254577808082103,0.0503212250769138,0.0100174853578209,-0.0178759284317493,0.0271668452769517,-0.004709584172815,0.0134340766817331,-0.0124030886217951,0.0008285194053314,-0.0281265433877706,0.0144867710769176,0.0055555864237248,-0.0122399488463997,-0.01590465195477,-0.0053696474060416,-0.0322270356118679,0.0182724483311176,-0.0170212164521217,-0.0350734330713748,0.0114777507260441,-0.0042265588417649,-0.0094742188230156,0.0055178725160658,0.0052381241694092,-0.019839646294713,-0.028227699920535,0.0017226923955604,-0.0265765823423862,0.0098882000893354,-0.0613107345998287,0.0272456109523773,0.0318498909473419,-0.0364690907299518,0.0079155806452035,0.01462366245687,-0.0113043580204248,0.0025434279814362,0.0304659642279148,0.0063424785621464,-0.0158730428665876,-0.0063025052659213,0.0234657246619463,-0.0317124724388122,0.0193192306905984,0.0074235843494534,0.0382043570280075,-0.0043346504680812,-0.0075829308480024,0.0161080043762922,-0.0334401987493038,0.0004284588212613,-0.0210762023925781,0.0218415521085262,-0.0053524011746048,-0.016345402225852,-0.0196764655411243,0.0123562384396791,0.0026304854545742,-0.0143097704276442,-0.0411938391625881,0.0153715033084154,-0.0265957284718751,0.0021025750320404,-0.0121260806918144,0.0117499241605401,0.0312630273401737,0.0186644066125154,-0.0004166761937085,0.0101791536435484,0.0046044625341892,-0.0145102264359593,-0.0225885361433029,0.0097955511882901,-0.0048758289776742,0.0110732635746564,-0.0004451609148261,-0.0102214565064541,-0.0144863877140046,-0.0078790243810201,0.0040250515911488,0.0075359153001657,0.0089887990004906,0.049498716908505,0.1338384564835717,0.0469295925184165,-0.0815032063764182,2019-02-04,2019-02-05,2019-02-06,2019-02-07,2019-02-08,2019-02-11,2019-02-12,2019-02-13,2019-02-14,2019-02-15,11990.0,2019-02-01,252.0,4.5880%,0.0003,1.3392,0.7224,0.1912,1.3512%,2.0266%,55.5441%,0.0441439999999999,KKR,11990.0,2019-02-04,252.0,0.9796%,0.0002,1.3373,0.7178,0.1854,1.3506%,2.0266%,55.5890%,-0.002534,KKR,11990.0,2019-02-05,252.0,0.1265%,0.0002,1.3323,0.7172,0.1821,1.3502%,2.0149%,55.0964%,-0.002898,KKR,11990.0,2019-02-06,252.0,-2.1062%,0.0002,1.3043,0.7266,0.1519,1.3508%,1.9761%,53.2705%,-0.018286,KKR,11990.0,2019-02-07,252.0,0.0430%,0.0003,1.3081,0.7162,0.1561,1.3509%,1.9758%,53.2482%,0.0128119999999999,KKR,11990.0,2019-02-08,252.0,0.1935%,0.0003,1.3081,0.7106,0.1523,1.3504%,1.9755%,53.2721%,0.001377,KKR,11990.0,2019-02-11,252.0,1.1653%,0.0004,1.2972,0.7269,0.1554,1.3495%,1.9508%,52.1453%,0.004681,KKR,11990.0,2019-02-12,252.0,0.7253%,0.0004,1.2968,0.7196,0.1564,1.3500%,1.9510%,52.1184%,-0.0103709999999999,KKR,11990.0,2019-02-13,252.0,-0.4659%,0.0003,1.2945,0.7196,0.1542,1.3512%,1.9489%,51.9277%,-0.008931,KKR,11990.0,2019-02-14,252.0,-0.4681%,0.0004,1.2969,0.7174,0.1546,1.3470%,1.9473%,52.1457%,-0.00491,KKR,11990.0,2019-02-15,252.0,0.5986%,0.0003,1.2948,0.7142,0.1495,1.3484%,1.9451%,51.9460%,-0.011306,KKR,0.0416099999999999,0.0387119999999999,0.0204259999999999,0.034615,0.0037779999999999
38811,K K R & CO INC,KKR & Co Q4 EPS $0.55 Beats $0.51 Estimate,6,increase,0.8,0.6,"beating earnings estimates typically signals strong performance, which can positively influence investor sentiment and lead to an increase in stock price.",2,2019-02-01,KKR,2019-02-01 11:51:00+00:00,11990.0,48251W10,0.0458796769380569,5706767.0,0.0097955511882901,-0.0048758289776742,0.0012653179001063,0.0044523770920932,-0.0210615005344152,-0.0140474801883101,0.0004303024616092,-0.0021900674328207,0.0019354871474206,0.021019646897912,0.0116530191153287,0.0031404078472405,0.007252562791109,0.005866474006325,-0.0046590683050453,-0.0289219915866851,-0.0046808770857751,0.0075055221095681,0.0059855193831026,0.0179775115102529,0.0072248224169015,0.0545023493468761,-0.0021097529679536,0.0163776557892561,0.000422842655098,-0.0066985352896153,-0.0131022594869136,-0.0104167237877845,-0.0239828452467918,-0.0167597159743309,0.0,0.0165641456842422,0.001755112200044,0.021266246214509,-0.0262812264263629,0.0345000252127647,0.0148448012769222,0.0689471364021301,0.0230496656149625,-0.0463813319802284,-0.0090987468138337,-0.0005093388608656,-0.0043725571595132,-0.0005091766361147,-0.0021959219593554,-0.0100806839764118,-0.0145246451720595,0.0112130120396614,0.0254577808082103,0.0503212250769138,0.0100174853578209,-0.0178759284317493,0.0271668452769517,-0.004709584172815,0.0134340766817331,-0.0124030886217951,0.0008285194053314,-0.0281265433877706,0.0144867710769176,0.0055555864237248,-0.0122399488463997,-0.01590465195477,-0.0053696474060416,-0.0322270356118679,0.0182724483311176,-0.0170212164521217,-0.0350734330713748,0.0114777507260441,-0.0042265588417649,-0.0094742188230156,0.0055178725160658,0.0052381241694092,-0.019839646294713,-0.028227699920535,0.0017226923955604,-0.0265765823423862,0.0098882000893354,-0.0613107345998287,0.0272456109523773,0.0318498909473419,-0.0364690907299518,0.0079155806452035,0.01462366245687,-0.0113043580204248,0.0025434279814362,0.0304659642279148,0.0063424785621464,-0.0158730428665876,-0.0063025052659213,0.0234657246619463,-0.0317124724388122,0.0193192306905984,0.0074235843494534,0.0382043570280075,-0.0043346504680812,-0.0075829308480024,0.0161080043762922,-0.0334401987493038,0.0004284588212613,-0.0210762023925781,0.0218415521085262,-0.0053524011746048,-0.016345402225852,-0.0196764655411243,0.0123562384396791,0.0026304854545742,-0.0143097704276442,-0.0411938391625881,0.0153715033084154,-0.0265957284718751,0.0021025750320404,-0.0121260806918144,0.0117499241605401,0.0312630273401737,0.0186644066125154,-0.0004166761937085,0.0101791536435484,0.0046044625341892,-0.0145102264359593,-0.0225885361433029,0.0097955511882901,-0.0048758289776742,0.0110732635746564,-0.0004451609148261,-0.0102214565064541,-0.0144863877140046,-0.0078790243810201,0.0040250515911488,0.0075359153001657,0.0089887990004906,0.049498716908505,0.1338384564835717,0.0469295925184165,-0.0815032063764182,2019-02-04,2019-02-05,2019-02-06,2019-02-07,2019-02-08,2019-02-11,2019-02-12,2019-02-13,2019-02-14,2019-02-15,11990.0,2019-02-01,252.0,4.5880%,0.0003,1.3392,0.7224,0.1912,1.3512%,2.0266%,55.5441%,0.0441439999999999,KKR,11990.0,2019-02-04,252.0,0.9796%,0.0002,1.3373,0.7178,0.1854,1.3506%,2.0266%,55.5890%,-0.002534,KKR,11990.0,2019-02-05,252.0,0.1265%,0.0002,1.3323,0.7172,0.1821,1.3502%,2.0149%,55.0964%,-0.002898,KKR,11990.0,2019-02-06,252.0,-2.1062%,0.0002,1.3043,0.7266,0.1519,1.3508%,1.9761%,53.2705%,-0.018286,KKR,11990.0,2019-02-07,252.0,0.0430%,0.0003,1.3081,0.7162,0.1561,1.3509%,1.9758%,53.2482%,0.0128119999999999,KKR,11990.0,2019-02-08,252.0,0.1935%,0.0003,1.3081,0.7106,0.1523,1.3504%,1.9755%,53.2721%,0.001377,KKR,11990.0,2019-02-11,252.0,1.1653%,0.0004,1.2972,0.7269,0.1554,1.3495%,1.9508%,52.1453%,0.004681,KKR,11990.0,2019-02-12,252.0,0.7253%,0.0004,1.2968,0.7196,0.1564,1.3500%,1.9510%,52.1184%,-0.0103709999999999,KKR,11990.0,2019-02-13,252.0,-0.4659%,0.0003,1.2945,0.7196,0.1542,1.3512%,1.9489%,51.9277%,-0.008931,KKR,11990.0,2019-02-14,252.0,-0.4681%,0.0004,1.2969,0.7174,0.1546,1.3470%,1.9473%,52.1457%,-0.00491,KKR,11990.0,2019-02-15,252.0,0.5986%,0.0003,1.2948,0.7142,0.1495,1.3484%,1.9451%,51.9460%,-0.011306,KKR,0.0416099999999999,0.0387119999999999,0.0204259999999999,0.034615,0.0037779999999999
38819,KANDI TECHNOLOGIES GROUP INC,Kandi Announces Appointments Mei Bing Of Interim Chief Financial Officer And Vice President Of Finance,6,uncertain,0.6,0.3,"the appointment of an interim cfo can create uncertainty regarding the company's financial direction, which may lead to mixed reactions from investors.",1,2019-02-01,KNDI,2019-02-01 21:08:00+00:00,92589.0,48370910,0.0054152002558112,166937.0,-0.021544050425291,-0.0297723431140184,-0.0146788852289319,0.0035149350296705,0.0037243913393467,0.0440367460250854,-0.0241186711937189,0.0440613068640232,-0.0266160331666469,-0.0187970642000436,0.0234374776482582,0.0037735812366008,0.0152672529220581,0.0291262324899435,0.0883458256721496,0.0157790780067443,0.0120898401364684,0.0140000339597463,-0.0238908436149358,-0.0019960536155849,0.0384615883231163,-0.0635513439774513,0.3434343338012695,-0.0074211433529853,0.0877193361520767,0.0074766282923519,0.0391705222427845,0.0594058819115161,-0.0853658989071846,-0.063079722225666,-0.0339394211769104,0.2167043089866638,0.0,-0.0220751389861106,-0.0928481519222259,0.0295454803854227,0.0719225406646728,0.0551558770239353,0.0335484184324741,0.0048192725516855,-0.0149813182651996,0.1432506740093231,-0.0671736076474189,-0.0294117368757724,-0.0203804466873407,0.0,0.0110956896096468,-0.0209423881024122,0.0096022179350256,0.0268816947937011,0.0081521663814783,0.027624350041151,0.0390835516154766,-0.0645994842052459,-0.0337224677205085,-0.0349128022789955,0.0429530441761016,-0.0290556624531745,-0.0308880023658275,0.0122549487277865,0.0185922794044017,-0.037735816091299,-0.0365058928728103,0.0047393320128321,-0.0135317873209714,-0.016317056491971,-0.058984886854887,0.0263158231973648,-0.1107872053980827,0.0096618272364139,-0.1262295097112656,-0.0304449927061796,0.0356472916901111,0.0070755216293036,0.0181159246712923,-0.0577778294682502,-0.0017793152946978,-0.04458599537611,0.0178252942860126,0.0536913312971591,-0.0017513536149635,-0.008869276382029,-0.0052631110884249,-0.0022123344242572,0.0264550428837537,0.0366972126066684,-0.005154674872756,-0.0158012863248586,0.0172711405903101,-0.0133630167692899,-0.0458404049277305,-0.0022222730331122,0.0124555472284555,0.056337971240282,-0.0017575094243511,-0.031818151473999,0.0070422468706965,-0.0434782207012176,-0.0157342087477445,-0.0128755243495106,-0.0373001843690872,0.0108459247276186,-0.011070099659264,0.0,0.0130596440285444,0.0021739627700299,-0.003683237824589,-0.0233545936644077,0.01663588732481,-0.1045627668499947,0.0327272415161132,0.0253411531448364,-0.051056332886219,-0.0115606822073459,0.0018553300760686,-0.0299065131694078,0.0,0.0721443220973014,-0.0222222004085779,0.0395832434296608,-0.021544050425291,-0.0297723431140184,-0.0359066930106638,-0.0263620559360746,-0.0323160322477905,0.0165137909270547,-0.0807899939756154,0.0413533416934621,0.0269299165023004,0.1057883655441882,0.3518851015847268,0.3578431420816952,-0.0520646213205655,0.1541666061336755,2019-02-04,2019-02-05,2019-02-06,2019-02-07,2019-02-08,2019-02-11,2019-02-12,2019-02-13,2019-02-14,2019-02-15,92589.0,2019-02-01,252.0,0.5415%,0.0015,1.4414,1.9104,1.6807,4.7362%,5.0255%,11.1837%,-0.001447,KNDI,92589.0,2019-02-04,252.0,-2.1544%,0.0016,1.4432,1.9072,1.7255,4.7324%,5.0229%,11.2332%,-0.033461,KNDI,92589.0,2019-02-05,252.0,-1.4679%,0.0014,1.465,1.9186,1.7568,4.7302%,5.0235%,11.3364%,-0.009106,KNDI,92589.0,2019-02-06,252.0,0.3724%,0.0014,1.5112,1.9036,1.803,4.7270%,5.0206%,11.3536%,0.005809,KNDI,92589.0,2019-02-07,252.0,-2.4119%,0.0015,1.5493,1.8618,1.8041,4.7136%,5.0148%,11.6539%,-0.0147219999999999,KNDI,92589.0,2019-02-08,252.0,-2.6616%,0.0014,1.5532,1.8404,1.8064,4.7116%,5.0126%,11.6505%,-0.016593,KNDI,92589.0,2019-02-11,252.0,2.3437%,0.0016,1.4878,1.9073,1.8083,4.7005%,4.9877%,11.1831%,0.004861,KNDI,92589.0,2019-02-12,252.0,1.5267%,0.0017,1.511,1.8747,1.826,4.6927%,4.9846%,11.3725%,-0.002374,KNDI,92589.0,2019-02-13,252.0,8.8346%,0.0019,1.5084,1.9116,1.852,4.7153%,5.0086%,11.3713%,0.0816119999999999,KNDI,92589.0,2019-02-14,252.0,1.2090%,0.002,1.5053,1.9193,1.8431,4.7160%,5.0090%,11.3573%,0.015959,KNDI,92589.0,2019-02-15,252.0,-2.3891%,0.0015,1.4272,1.843,1.7081,4.7186%,4.9822%,10.3039%,-0.054646,KNDI,-0.0349079999999999,-0.044014,-0.0382049999999999,-0.06952,-0.024108
38827,LILLY ELI & CO,"Eli Lilly, Loxo Oncology Reports Expiration Of Hart-Scott-Rodino Antitrust Act Waiting Period For Proposed Deal",6,increase,0.7,0.6,"the expiration of the hart-scott-rodino antitrust waiting period typically indicates progress in a merger or acquisition, which can positively influence investor sentiment and stock price.",2,2019-02-01,LLY,2019-02-01 11:49:00+00:00,50876.0,53245710,0.0085933487862348,4171696.0,-0.0059558376669883,0.0249700546264648,0.0021636192686855,0.010630052536726,-0.0096321813762187,0.0059115039184689,-0.0148402508348226,0.000521854031831,0.0178723279386758,-0.000173898981302,-0.0132942842319607,-0.031989250332117,0.0125412736088037,0.0145187862217426,0.0013390548992902,0.0042885327711701,0.0145841911435127,-0.0215677004307508,0.0143271498382091,0.0202054847031831,-0.0028576592449098,-0.0024766700807958,0.004339690785855,0.0210149642080068,0.0004891370772384,-0.0129110002890229,0.0104302372783422,0.002070017857477,-0.0008871016907505,-0.0108352247625589,0.0062958979979157,0.0074781053699553,0.0081014046445488,0.0091949822381138,0.0048536011017858,0.0054072481580078,0.0201915856450796,0.0300961825996637,-0.0107109379023313,-0.0310759041458368,0.0080810170620679,-0.0072589349001646,-0.0140867391601204,0.0133100198581814,-0.0026839592028409,0.0116041945293545,0.0028494587168097,0.0162031073123216,-0.0252564884722232,0.0406557023525238,0.0,-0.0244013722985982,0.0065586846321821,0.0011894706403836,-0.0098945843055844,0.0016497140750288,0.0069873300381004,0.0245070476084947,0.0104889087378978,-0.0171650107949972,0.0107792913913726,-0.0318949297070503,0.0124023016542196,-0.0255093183368444,0.0011703643249347,0.0045478772372007,-7.789344090269879e-05,-0.0013974119210615,0.0122368829324841,0.0035936862695962,0.0088550793007016,0.0044901785440742,-0.0171729493886232,-0.0195096209645271,0.0013977842172607,-0.0058359107933938,0.0062814857810735,-0.0168747901916503,-0.0054715741425752,-0.0010114863980561,0.0020922452677041,0.0140170883387327,-0.017553387209773,0.0127239786088466,-0.0113341389223933,0.0114690735936164,0.0109863644465804,0.0163730550557375,0.0013387338258326,-0.004341326188296,0.0006290830206125,0.0057025696150958,-0.0003929222293663,-0.0217050015926361,-0.0160390045493841,-0.0094119366258382,-0.0166999921202659,0.0173943229019641,0.0082886749878525,0.0145276729017496,-0.0332044064998626,0.0217648614197969,-0.0288429409265518,-0.017950901761651,-0.0111588248983025,-0.007155455648899,0.0023437871132045,0.0088227242231369,0.0174936912953853,0.0191644020378589,0.0043408130295574,0.0034633362665772,0.0019491809653118,0.0360717624425888,0.0138712618499994,-0.0384964384138584,-0.002252475824207,0.0317564345896244,-0.0214046612381935,-0.0102911237627267,-0.0059558376669883,0.0249700546264648,-0.0038051045634402,0.035865540155715,-0.0134006344823485,0.0419890633553525,-0.0106708647170979,0.0423515341521558,0.0185643564337505,0.0261986106659346,0.0415169342350216,0.1061277214724585,-0.0266756241780767,0.1169477219257553,2019-02-04,2019-02-05,2019-02-06,2019-02-07,2019-02-08,2019-02-11,2019-02-12,2019-02-13,2019-02-14,2019-02-15,50876.0,2019-02-01,252.0,0.8593%,0.0019,0.7617,-0.5852,0.2222,1.1080%,1.4236%,39.4268%,0.0057599999999999,LLY,50876.0,2019-02-04,252.0,-0.5956%,0.0018,0.7581,-0.5946,0.216,1.1082%,1.4230%,39.3532%,-0.007709,LLY,50876.0,2019-02-05,252.0,0.2164%,0.0018,0.7583,-0.5938,0.2178,1.1083%,1.4191%,39.0115%,-0.000376,LLY,50876.0,2019-02-06,252.0,-0.9632%,0.0018,0.74,-0.5877,0.1983,1.1078%,1.3893%,36.4180%,-0.008276,LLY,50876.0,2019-02-07,252.0,-1.4840%,0.0018,0.749,-0.5943,0.1964,1.1081%,1.3930%,36.7198%,-0.009596,LLY,50876.0,2019-02-08,252.0,1.7872%,0.0019,0.7457,-0.5868,0.1876,1.1103%,1.3919%,36.3683%,0.018751,LLY,50876.0,2019-02-11,252.0,-1.3294%,0.0019,0.7387,-0.5976,0.1781,1.1131%,1.3780%,34.7532%,-0.010997,LLY,50876.0,2019-02-12,252.0,1.2541%,0.0019,0.7324,-0.5889,0.1733,1.1107%,1.3704%,34.3073%,0.002817,LLY,50876.0,2019-02-13,252.0,0.1339%,0.0019,0.7384,-0.6,0.1708,1.1073%,1.3703%,34.7016%,-0.00058,LLY,50876.0,2019-02-14,252.0,1.4584%,0.002,0.7344,-0.59,0.1593,1.1130%,1.3725%,34.2469%,0.020145,LLY,50876.0,2019-02-15,252.0,1.4327%,0.002,0.7327,-0.5909,0.1573,1.1128%,1.3709%,34.1176%,0.006639,LLY,-0.001949,-0.002325,-0.010601,-0.0014459999999999,0.016578
38835,L P L FINANCIAL HOLDINGS INC,"LPL Financial Holdings shares are trading higher after the company reported mixed Q4 earnings, beating EPS estimates but missing revenue estimates.",6,uncertain,0.6,0.3,"while the earnings per share beat estimates, the revenue miss may lead to mixed investor sentiment, resulting in uncertainty about the stock's direction.",1,2019-02-01,LPLA,2019-02-01 16:13:00+00:00,12400.0,50212V10,0.067500352859497,2665621.0,0.0125132426619529,0.0125180250033736,0.0120957903563976,-0.0115203754976391,-0.0035074597690254,0.0011390317231416,-0.0024768926668912,0.0,0.0027444683946669,0.017383811995387,0.0153786037117242,0.0136563926935195,-0.0020536985248327,-0.0171742308884859,-0.0054019056260585,-0.0224322285503149,-0.0111211761832237,0.0173675771802663,0.0069308066740632,0.0020135105587542,0.0120779257267713,0.0366780832409858,-0.0050044832751154,0.0069058560766279,-0.0109620643779635,0.010007637552917,0.0045638084411621,-0.0015140968607738,0.0063603045418858,0.0181902311742305,-0.0042564403265714,0.0227022301405668,-0.0077720014378428,0.0155299585312604,-0.0155351804569363,0.0121536217629909,0.017106395214796,0.0329761877655983,-0.0106910001486539,-0.0294069461524486,0.0015814806101843,0.0076947836205363,-0.0106578627601265,0.0205514356493949,-0.0260672830045223,-0.0023337756283581,-0.0200737565755844,0.0060372399166226,0.0168617479503154,0.0426648445427417,0.005207581911236,-0.016678150743246,0.0118609787896275,-0.0152387656271457,0.0037725514266639,-0.0117134703323245,0.0039057361427694,-0.0091195991262793,0.0142205199226737,0.0367887802422046,-0.0039681936614215,-0.0155695034191012,-0.0217795390635728,-0.0037093444261699,0.0005429444136098,-0.0103453854098916,-0.0751695185899734,0.0084132589399814,-0.0052816988900303,-0.0108189331367611,0.0153391333296895,-0.0013297542463988,-0.0004357754369266,-0.0321750305593013,0.0085743926465511,0.0337601639330387,0.0036023054271936,-0.0722110271453857,0.0274227708578109,0.0099734989926218,-0.0146729378029704,0.0107102924957871,0.0255282279103994,-0.0156588889658451,0.00193610007409,0.020085409283638,-0.0023464206606149,0.0054062674753367,0.0008300713961943,0.0369331873953342,-0.0085705714300274,-0.0060635679401457,0.0089235827326774,0.0229672901332378,0.0048369052819907,-0.0465153418481349,0.0104525117203593,-0.00729925557971,-0.0034027493093162,0.0086427805945277,0.016935234889388,0.0194158684462308,-0.0030888493638485,-0.0331282317638397,0.0017512764316052,0.0034826851915568,-0.0057826829142868,-0.0303914546966552,0.0160963404923677,-0.0082204425707459,-0.0101171741262078,0.0195561405271291,-0.0052447468042373,0.0205111894756555,-0.0063539436087012,0.0076311533339321,0.0142857553437352,0.0089830188080668,-0.0061704451218247,0.0111921913921833,0.0125132426619529,0.0125180250033736,0.0247603905782682,0.0008534371572066,0.0211660847354242,0.0019934409723441,0.0214323823582562,0.0194119065708182,0.0250265876681368,0.0120811722734188,0.0097782382432596,0.2097301890268033,-0.0103906414263438,0.1458726563944394,2019-02-04,2019-02-05,2019-02-06,2019-02-07,2019-02-08,2019-02-11,2019-02-12,2019-02-13,2019-02-14,2019-02-15,12400.0,2019-02-01,252.0,6.7500%,0.0015,1.3268,0.2653,0.7932,1.3664%,1.9437%,50.5823%,0.062651,LPLA,12400.0,2019-02-04,252.0,1.2513%,0.0015,1.3258,0.2639,0.7846,1.3653%,1.9428%,50.6150%,0.005235,LPLA,12400.0,2019-02-05,252.0,1.2096%,0.0013,1.3871,0.2815,0.8455,1.2913%,1.9275%,55.1188%,0.0112129999999999,LPLA,12400.0,2019-02-06,252.0,-0.3507%,0.0012,1.4266,0.2689,0.8841,1.2828%,1.9144%,55.1016%,-0.001119,LPLA,12400.0,2019-02-07,252.0,-0.2477%,0.0012,1.4217,0.2723,0.8852,1.2829%,1.9072%,54.7518%,0.007592,LPLA,12400.0,2019-02-08,252.0,0.2744%,0.0012,1.4208,0.2677,0.8781,1.2833%,1.9072%,54.7238%,0.007336,LPLA,12400.0,2019-02-11,252.0,1.5379%,0.0012,1.4291,0.2711,0.8843,1.2840%,1.8923%,53.9598%,0.009503,LPLA,12400.0,2019-02-12,252.0,-0.2054%,0.0011,1.4109,0.2788,0.8736,1.2887%,1.8822%,53.1241%,-0.0201399999999999,LPLA,12400.0,2019-02-13,252.0,-0.5402%,0.0011,1.4134,0.27,0.8693,1.2894%,1.8823%,53.0762%,-0.0102309999999999,LPLA,12400.0,2019-02-14,252.0,-1.1121%,0.0011,1.415,0.267,0.8721,1.2896%,1.8838%,53.1351%,-0.004615,LPLA,12400.0,2019-02-15,252.0,0.6931%,0.001,1.4098,0.2608,0.8615,1.2926%,1.8796%,52.7101%,-0.014012,LPLA,0.067886,0.079099,0.07798,0.092908,0.053413
38843,LYONDELLBASELL INDUSTRIES N V,"LyondellBasell Industries Q4 EPS $1.79 Down From $2.73 YoY, Sales $8.876B Down From $9.135B YoY",6,decrease,0.8,0.7,"the significant decline in both eps and sales year-over-year suggests weaker financial performance, which is likely to negatively impact investor sentiment and lead to a decrease in stock price.",0,2019-02-01,LYB,2019-02-01 11:32:00+00:00,12345.0,N5374510,0.0220765564590692,4596751.0,-0.013499797321856,-0.0141691220924258,-0.001368488301523,0.0129751395434141,-0.0042252228595316,0.0110285226255655,-0.0299312006682157,-0.0008119672420434,-0.0001181523475679,0.0267984755337238,-0.0079214721918106,-0.0055667562410235,0.0184721164405345,-0.015967397019267,0.0069038611836731,-0.0234463643282651,0.0031376716215163,0.0234129540622234,0.0152919339016079,0.012620897963643,-0.0018256051698699,0.0023645891342312,0.0192043930292129,-0.0131839606910944,-0.007402463350445,-0.0033721036743372,0.0072316313162446,-0.0160183236002922,-0.0061701037921011,-0.0080580990761518,-0.0195281151682138,-0.0056427037343382,-0.0019571513403207,0.0192086286842823,-0.0134964324533939,0.0027682294603437,0.006197455804795,0.0539751350879669,0.0005878356168977,-0.0194301735609769,-0.0115158138796687,0.0087782070040702,0.0611031763255596,0.0094683952629566,-0.0240869540721178,-0.0125854378566145,0.0003443781461101,0.0246868357062339,0.0179021991789341,0.0369332879781723,0.006538915913552,-0.006201815791428,-0.0044803037308156,-0.0070377974770963,-0.0162015631794929,-0.0135135622695088,-0.0050320499576628,-0.0218287110328674,0.0031034096609801,0.0032850301358848,-0.0035521665122359,-0.0018216407625004,-0.0072446786798536,-0.0160134322941303,0.0229351986199617,-0.0205992758274078,-0.0366889126598835,0.0073096291162073,-0.0188080221414566,0.0046192039735615,0.0100634517148137,0.0007111242739483,-0.0097260074689984,-0.03241528570652,0.0044317012652754,-0.0258363299071788,0.0026234344113618,-0.0397582687437534,0.0367506705224514,0.0108241578564047,0.0251233503222465,0.0031176190823316,0.013652654364705,0.0108672035858035,0.0178846884518861,0.0092125060036778,-0.0123644191771745,-0.0099891228601336,0.002965125022456,0.0138705661520361,-0.011825269088149,-0.0166702847927808,-0.0076454565860331,0.0107220541685819,0.0106074651703238,-0.0148738659918308,0.0196663215756416,-0.0277690608054399,-0.0007584753911942,0.0212970655411481,-0.0005422148387879,0.0169787239283323,-0.0044482592493295,-0.0020636736880987,0.0003269265289418,-0.0332843139767646,0.0021788533776998,-0.008536328561604,0.0002174613910028,-0.0048689655959606,-0.0154331680387258,-0.0033040754497051,-0.0213047005236148,0.0186158660799264,-0.0073313950560987,0.0170072093605995,0.0122712664306163,0.0041890377178788,-0.0096530811861157,0.0061601609922945,-0.013499797321856,-0.0141691220924258,-0.0148498113086711,-0.0013778288853686,-0.0190122904060016,0.0096354983231603,-0.0484868671899675,0.0358504304241658,-0.0140623245155248,0.0258315922917264,-0.0066812973486762,0.0581579086111128,0.0042456270810125,-0.0489482459360152,2019-02-04,2019-02-05,2019-02-06,2019-02-07,2019-02-08,2019-02-11,2019-02-12,2019-02-13,2019-02-14,2019-02-15,12345.0,2019-02-01,252.0,2.2077%,-0.0007,1.0894,0.3327,0.5295,1.2194%,1.6735%,46.9053%,0.018656,LYB,12345.0,2019-02-04,252.0,-1.3500%,-0.0007,1.0896,0.3292,0.5514,1.2180%,1.6715%,46.8996%,-0.020605,LYB,12345.0,2019-02-05,252.0,-0.1368%,-0.0006,1.0716,0.3237,0.5328,1.2110%,1.6471%,45.9481%,-0.0025819999999999,LYB,12345.0,2019-02-06,252.0,-0.4225%,-0.0007,1.096,0.3158,0.5567,1.2075%,1.6366%,45.5638%,-0.002308,LYB,12345.0,2019-02-07,252.0,-2.9931%,-0.0009,1.0831,0.3414,0.5489,1.1981%,1.6198%,45.2867%,-0.021599,LYB,12345.0,2019-02-08,252.0,-0.0118%,-0.0007,1.0817,0.3674,0.5602,1.1839%,1.6084%,45.8246%,0.002424,LYB,12345.0,2019-02-11,252.0,-0.7921%,-0.0008,1.0713,0.3603,0.5509,1.1858%,1.5893%,44.3234%,-0.013249,LYB,12345.0,2019-02-12,252.0,1.8472%,-0.0007,1.075,0.3596,0.5529,1.1863%,1.5920%,44.4731%,0.004666,LYB,12345.0,2019-02-13,252.0,0.6904%,-0.0008,1.0688,0.3716,0.556,1.1829%,1.5842%,44.2473%,0.003191,LYB,12345.0,2019-02-14,252.0,0.3138%,-0.0007,1.0672,0.3757,0.5513,1.1837%,1.5844%,44.1826%,0.006574,LYB,12345.0,2019-02-15,252.0,1.5292%,-0.0007,1.0654,0.3741,0.5484,1.1836%,1.5814%,43.9786%,-0.000453,LYB,-0.001949,-0.004531,-0.006839,-0.026014,-0.025285
38851,MASTERCARD INC,Analysts: Put Your Chips On Mastercard,6,increase,0.8,0.7,"the positive recommendation from analysts suggests a favorable outlook for mastercard, likely leading to an increase in stock price.",2,2019-02-01,MA,2019-02-01 15:51:00+00:00,91233.0,57636Q10,0.0125041408464312,6470065.0,0.0053328312933444,0.0348495282232761,0.0044204406440258,0.023991160094738,-0.0025942628271877,-0.0045963139273226,-0.0061774351634085,-0.0136986235156655,0.0121979741379618,0.0157666020095348,0.002400980098173,0.0072598294354975,0.0083371605724096,-0.0055650286376476,0.0074459346942603,-0.0125742238014936,-0.0033100377768278,0.0134965758770704,0.0104635963216424,0.0077867889776825,-0.0068434751592576,0.0063606756739318,0.0023573338985443,0.0055775041691958,-0.0081407586112618,-0.0023991896305233,0.0182846654206514,-0.0053313178941607,0.0,0.0060274438001215,0.0030449249316006,0.0181506425142288,0.0025446754880249,0.0072691012173891,0.0008905772701837,0.0076939649879932,0.0110334819182753,0.0473562330007553,-0.0042244521901011,-0.0451144315302372,-0.0003093025297857,0.0057779573835432,-0.0077358321286737,0.0133755384013056,-0.0091771623119711,-0.0134082287549972,-0.0024279868230223,0.0121225649490952,0.0169919524341821,0.0674491822719574,0.0057614035904407,-0.003082416485995,0.0068740528076887,-0.0411581397056579,0.004420107230544,-0.0235677026212215,0.0072328164242208,-0.0234330426901578,-0.0033741348888725,0.0060908566229045,0.0026910677552223,-0.0249833855777978,-0.0048482539132237,-0.0182448979467153,0.026012422516942,-0.0066403048112988,-0.0216644797474145,0.0128956595435738,-0.0014733764110133,-0.0016156319761648,0.0124554950743913,0.0079389186576008,-0.0033005659934133,-0.0319720432162284,0.0100636342540383,0.0124694490805268,0.0025121192447841,-0.0446487888693809,0.0152898961678147,0.0437160842120647,0.0008784415549598,0.0224245078861713,-0.0013792603276669,-0.0277832467108964,-0.0120118660852313,0.0481915399432182,0.0024146714713424,0.0058899638243019,-0.0001267827319679,0.0506571717560291,-0.0015236830804497,-0.0269636437296867,0.0048747146502137,0.0032075596973299,-0.0043027261272072,-0.0117286620661616,0.0118200667202472,-0.0490353442728519,0.0013398319715633,-0.0083205290138721,0.0039305980317294,0.0158417094498872,0.0037902605254203,-0.0029772233683615,-0.0004564340633805,-0.0048709511756896,0.0089667635038495,-0.0315144248306751,0.0018103370675817,-0.0155128100886941,0.007392450235784,0.0029773102141916,0.0013046081876382,0.0456440448760986,0.0043564676307141,0.0059096785262227,0.0018242752412334,0.001314963097684,0.0287702847272157,-0.0099644754081964,0.0053328312933444,0.0348495282232761,0.0097768454015672,0.0596767689288448,0.007157218867787,0.0548061618373569,0.013144956650974,0.0567596604745206,0.0390138752851945,0.0675532237111851,0.0777470876672752,0.1104875925970354,0.1909767470015111,0.0589973046545651,2019-02-04,2019-02-05,2019-02-06,2019-02-07,2019-02-08,2019-02-11,2019-02-12,2019-02-13,2019-02-14,2019-02-15,91233.0,2019-02-01,252.0,1.2504%,0.0009,1.1794,-0.3293,-0.9006,0.9027%,1.8507%,76.2071%,0.014231,MA,91233.0,2019-02-04,252.0,0.5333%,0.0007,1.173,-0.3441,-0.9231,0.8872%,1.8455%,76.8928%,-0.005821,MA,91233.0,2019-02-05,252.0,0.4420%,0.0007,1.18,-0.339,-0.9104,0.8869%,1.8433%,76.8510%,-0.0065369999999999,MA,91233.0,2019-02-06,252.0,-0.2594%,0.0006,1.1961,-0.3442,-0.8945,0.8848%,1.8293%,76.6064%,0.000505,MA,91233.0,2019-02-07,252.0,-0.6177%,0.0006,1.1917,-0.3417,-0.8931,0.8855%,1.8217%,76.3732%,0.007887,MA,91233.0,2019-02-08,252.0,1.2198%,0.0006,1.191,-0.3466,-0.899,0.8855%,1.8229%,76.4013%,0.0050339999999999,MA,91233.0,2019-02-11,252.0,0.2401%,0.0006,1.1952,-0.3447,-0.8958,0.8858%,1.7961%,75.6776%,0.004989,MA,91233.0,2019-02-12,252.0,0.8337%,0.0006,1.1835,-0.337,-0.9032,0.8853%,1.7884%,75.4960%,-0.009472,MA,91233.0,2019-02-13,252.0,0.7446%,0.0006,1.1854,-0.3386,-0.9024,0.8855%,1.7857%,75.4076%,0.004867,MA,91233.0,2019-02-14,252.0,-0.3310%,0.0005,1.1862,-0.3415,-0.8986,0.8854%,1.7847%,75.3860%,-0.004394,MA,91233.0,2019-02-15,252.0,1.0464%,0.0006,1.1867,-0.3408,-0.8976,0.8855%,1.7838%,75.3583%,0.002126,MA,0.00841,0.001873,0.002378,0.015299,0.013415
38859,MANPOWERGROUP,BMO Capital Downgrades ManpowerGroup to Market Perform,6,decrease,0.8,0.6,"a downgrade from a financial institution typically signals reduced confidence in the company's future performance, which can lead to a decline in stock price.",0,2019-02-01,MAN,2019-02-01 12:52:00+00:00,75285.0,56418H10,-0.0099962158128619,975412.0,0.0098415678367018,0.0395948737859726,0.0005062766140326,0.0228740163147449,0.0175837986171245,0.0036461395211517,-0.0019891057163476,-0.0092319352552294,-0.007349232211709,0.0290513653308153,0.0173170696943998,0.0132533060386776,0.0249166972935199,-0.019827663898468,0.0074618216603994,-0.0175981353968381,-0.0010750966612249,0.0161070190370082,0.00968664791435,0.0172175168991088,0.0018950139638036,0.0165137350559234,-0.0005910323234274,-0.006450695451349,0.0008280067704617,0.0045076729729771,0.0041366089135408,0.0048124040476977,-0.0041195675730705,-0.0045089432969689,-0.0126462560147047,0.0261711608618497,0.0102944765239954,0.030086450278759,-0.0017772691790014,0.0040376344695687,0.003086078679189,0.0494350530207157,-0.0093480171635746,-0.0205963179469108,0.0029861442744731,0.0040122605860233,-0.0141717568039894,0.003251381451264,-0.0190867576748132,-0.0037020745221525,-0.0116994706913828,-0.0050644846633076,0.0114641515538096,0.0410609282553196,0.0064063603058457,-0.0238615497946739,0.0324396342039108,-0.0224118568003177,-0.0037941629998385,-0.0147213963791728,0.0058320104144513,-0.0308633372187614,0.0110046183690428,0.0194420479238033,-0.0051498413085937,-0.0146241597831249,-0.0085882749408483,-0.0138448104262352,0.0187492799013853,-0.0374792404472827,-0.0594059228897094,0.0083986343815922,-0.013250770047307,-0.0243102815002203,-0.0022590400185436,0.0008200868614949,0.0049056527204811,-0.0185135118663311,0.0244085229933261,-0.0146728428080678,0.0103861941024661,-0.0673159807920456,0.024912292137742,-0.0008622775785624,-0.0148672815412282,0.0254522617906332,0.0229968354105949,-0.018371095880866,-0.0015221270732581,0.0292449221014976,0.0045731635764241,-0.0202544070780277,0.0017509225290268,0.0088462382555007,-0.0268003158271312,-0.0007469815318472,0.0053879860788583,0.0259292218834161,0.0104799000546336,0.0028179995715618,0.0094284396618604,-0.0150139089673757,0.0033858832903206,0.0057099936529994,0.0073306635022163,0.0078005194664001,0.0043894797563552,0.0023071046452969,0.1160437539219856,-0.0127799846231937,-0.0114385886117816,-0.0072855399921536,0.0128218838945031,-0.0183723531663417,-0.0165706109255552,-0.0050301025621593,-0.0103611247614026,0.0259283222258091,0.010258050635457,0.0063331224955618,-0.0039777792990207,-0.0040368326008319,0.009353645145893,0.0002523235743865,0.0098415678367018,0.0395948737859725,0.0103528270063757,0.0633745838896782,0.0281186676486984,0.0672517959857867,0.0185327775497801,0.0881178810521001,0.0791155742465723,0.0973341053428931,0.0920245977315168,0.1728999951885941,0.2275051506399044,0.0096309040877853,2019-02-04,2019-02-05,2019-02-06,2019-02-07,2019-02-08,2019-02-11,2019-02-12,2019-02-13,2019-02-14,2019-02-15,75285.0,2019-02-01,252.0,-0.9996%,-0.0017,1.1932,0.6789,0.2031,1.5412%,2.0440%,43.1424%,-0.011791,MAN,75285.0,2019-02-04,252.0,0.9842%,-0.0017,1.1922,0.6768,0.1978,1.5408%,2.0446%,43.2133%,-0.001174,MAN,75285.0,2019-02-05,252.0,0.0506%,-0.0015,1.1517,0.6633,0.1541,1.5122%,1.9936%,42.4608%,-0.002992,MAN,75285.0,2019-02-06,252.0,1.7584%,-0.0015,1.1534,0.6623,0.1587,1.5182%,1.9807%,41.2433%,0.019976,MAN,75285.0,2019-02-07,252.0,-0.1989%,-0.0015,1.1368,0.6791,0.1591,1.5120%,1.9651%,40.7962%,0.00888,MAN,75285.0,2019-02-08,252.0,-0.7349%,-0.0015,1.1377,0.6853,0.1671,1.5121%,1.9651%,40.7875%,-0.0077139999999999,MAN,75285.0,2019-02-11,252.0,1.7317%,-0.0014,1.1095,0.7287,0.1758,1.5066%,1.9335%,39.2805%,0.010717,MAN,75285.0,2019-02-12,252.0,2.4917%,-0.0014,1.1115,0.7343,0.1758,1.5077%,1.9373%,39.4293%,0.009881,MAN,75285.0,2019-02-13,252.0,0.7462%,-0.0014,1.1095,0.7397,0.178,1.5076%,1.9350%,39.3013%,0.003686,MAN,75285.0,2019-02-14,252.0,-0.1075%,-0.0014,1.1086,0.739,0.1804,1.5047%,1.9317%,39.3198%,-0.0016589999999999,MAN,75285.0,2019-02-15,252.0,0.9687%,-0.0015,1.0963,0.7276,0.1598,1.5032%,1.9231%,38.9012%,-0.005654,MAN,-0.012965,-0.015957,0.0040189999999999,0.0051849999999999,0.022156
38867,MATTHEWS INTERNATIONAL CORP,"Matthews International Corp shares are trading lower after the company reported mixed Q1 earnings, beating sales estimates but missing on EPS; The company also said commodity costs will offset some of its positive outlook.",6,decrease,0.7,0.6,"the mixed earnings report, particularly the eps miss and concerns over commodity costs, are likely to weigh negatively on investor sentiment, leading to a decrease in stock price.",0,2019-02-01,MATW,2019-02-01 16:40:00+00:00,80759.0,57712810,-0.1535176932811737,813678.0,0.0499199889600276,-0.0095724957063794,0.0251715686172246,0.0071748811751604,0.0002480688563082,0.0157139282673597,0.0024795057252049,-0.0130366785451769,0.0200346615165472,0.0220538228750228,-0.0092143807560205,0.0006896271370351,-0.0002447903971187,-0.012261601164937,0.0203182827681303,-0.0072136991657316,-0.012715901248157,0.0093287788331508,0.017010860145092,0.0101126739755272,0.0152927888557314,-0.0061672101728618,-0.0072958664968609,-0.0002284114161739,-0.0059269797056913,-0.0199194140732288,-0.0042928764596581,0.0283083897083997,-0.0093413023278117,0.0083546210080385,-0.0212766211479902,0.0115023870021104,-0.0069169658236205,0.0208482854068279,-0.0106965247541666,0.0031250258907675,0.0052803391590714,0.0335403345525264,-0.004001997411251,-0.0209194980561733,-0.0032647179905325,0.0120630646124482,-0.0151171199977397,0.0084409173578023,-0.0074188006110489,0.0092708328738808,0.0092783663421869,0.0035202261060476,-0.0007660566479898,0.0372978672385215,-0.024022551253438,-0.0381334796547889,0.0049751885235309,0.0047895754687488,-0.0190203115344047,0.0043037510477006,-0.0047808843664824,-0.0032803700305521,0.0210834555327892,-0.008754339069128,-0.0206481218338012,-0.0220156926661729,-0.0090739298611879,-0.0266666412353515,0.0096956798806786,0.0038240880239754,-0.043478287756443,-0.0071191089227795,0.007250371389091,0.015911279246211,0.0074750958010554,0.0104750376194715,0.0019235970685258,0.0068677649833261,-0.0021941310260444,0.0192500110715627,0.0156679414212703,-0.0460291020572185,0.0081190587952733,-0.0047472291626036,-0.0220134146511554,0.0047698728740215,0.0,-0.0124823078513145,0.0282733663916587,0.0330900400876998,0.0221570171415805,-0.0295159388333559,-0.001305804005824,-0.0114379478618502,-0.0096758035942912,0.0051377969793975,0.0198045950382947,0.0400777645409107,0.0005178782739676,-0.0016974662430584,-0.0059523694217205,-0.0473550297319889,0.0078104459680616,0.0760626718401908,-0.0043915826827287,-0.0277912393212318,0.0163465812802314,-0.0149963647127151,-0.0137859871610999,-0.0117619391530752,-0.0160497725009918,-0.0216341186314821,0.0213102176785469,-0.0202930718660354,0.0007727660704404,-0.0031468465458601,-0.0368082448840141,0.0162175167351961,0.0259220004081726,0.0075948908925056,0.0411566011607646,-0.0020670681260526,0.0022516925819218,-0.0100045166909694,0.0499199889600276,-0.0095724957063794,0.0763481220047308,-0.002466296050462,0.0766151304523461,0.0132088770176745,0.1009077055499427,0.0220538214327776,0.1171916557307075,0.0225236331062812,0.0213560902539402,0.1128064516630422,0.0694074285239112,0.0163188883508274,2019-02-04,2019-02-05,2019-02-06,2019-02-07,2019-02-08,2019-02-11,2019-02-12,2019-02-13,2019-02-14,2019-02-15,80759.0,2019-02-01,252.0,-15.3518%,-0.0014,0.7861,1.2882,0.102,1.6654%,1.9892%,29.9044%,-0.153942,MATW,80759.0,2019-02-04,252.0,4.9920%,-0.0012,0.7958,1.3163,0.1043,1.6830%,2.0145%,30.2066%,0.038446,MATW,80759.0,2019-02-05,252.0,2.5172%,-0.0011,0.7968,1.3078,0.0885,1.6900%,2.0189%,29.9301%,0.023328,MATW,80759.0,2019-02-06,252.0,0.0248%,-0.001,0.7558,1.3209,0.0485,1.6831%,1.9979%,29.0349%,0.00197,MATW,80759.0,2019-02-07,252.0,0.2480%,-0.001,0.7448,1.3298,0.0503,1.6825%,1.9944%,28.8300%,0.010936,MATW,80759.0,2019-02-08,252.0,2.0035%,-0.0009,0.7413,1.3257,0.033,1.6872%,1.9986%,28.7334%,0.018946,MATW,80759.0,2019-02-11,252.0,-0.9214%,-0.001,0.737,1.3051,0.0196,1.6910%,1.9963%,28.2463%,-0.019177,MATW,80759.0,2019-02-12,252.0,-0.0245%,-0.0012,0.7153,1.3259,0.0048,1.6824%,1.9870%,28.3050%,-0.010596,MATW,80759.0,2019-02-13,252.0,2.0318%,-0.0011,0.7175,1.3296,0.0099,1.6865%,1.9912%,28.2659%,0.017417,MATW,80759.0,2019-02-14,252.0,-1.2716%,-0.0011,0.7229,1.3211,0.0169,1.6848%,1.9895%,28.2849%,-0.018165,MATW,80759.0,2019-02-15,252.0,1.7011%,-0.001,0.7431,1.3399,0.0507,1.6807%,1.9923%,28.8344%,0.005358,MATW,-0.1154959999999999,-0.0921679999999999,-0.0901979999999999,-0.0603159999999999,-0.0854789999999999
38875,MCDONALDS CORP,"McDonald's Shares Near Session Low, Down 0.5%; Hearing Hedgeye Added Stock As A Best Short Idea, Sees 25% Downside",6,decrease,0.8,0.6,"the news indicates a negative sentiment from hedgeye, suggesting a potential decline in mcdonald's stock price due to their recommendation of the stock as a short idea with significant downside potential.",0,2019-02-01,MCD,2019-02-01 16:43:00+00:00,43449.0,58013510,-0.0115225277841091,6529191.0,0.0046967058442533,-0.0164493881165981,0.0001126683855545,-0.0021957177668809,-0.0078279813751578,-0.0077887140214443,-0.005108377430588,-0.0021738798823207,-0.0030237263999879,-0.0179857779294252,-0.0028040371835231,0.0068783857859671,-0.0016641415422782,0.0082352980971336,0.0010346190538257,0.0109547022730112,0.0098765501752495,0.0080614360049366,0.0233127102255821,0.0098131829872727,-0.0040006735362112,-0.0092254895716905,0.0069177434779703,-0.0011036141077056,0.0128538534045219,-0.0063058282248675,0.0019692610949277,0.0045166183263063,-0.0030572558753192,0.0069887950085103,0.0032857242040336,-0.0017165715107694,0.0008186992490664,0.0021085611078888,0.0089441305026412,0.0108817731961607,0.006581847090274,0.0193253569304943,-0.0241016298532486,-0.0065886839292943,0.0042084818705916,-0.0085037434473633,0.0037496148142963,0.0114491330459713,-0.0082953060045838,-0.0008537314133718,-0.0056503671221435,0.009653553366661,0.0088022388517856,0.0220225509256124,0.0041418159380555,-0.0222221948206424,0.0012648942647501,0.0027061332948505,0.003735075937584,-0.0305872447788715,0.0141731221228838,-0.0030605031643062,-0.0074462033808231,-0.00597370788455,-0.0045664384961128,-0.0136395879089832,0.0101578319445252,-0.0168427806347608,0.0075687617063522,0.0160780306905508,0.002360908081755,-0.0005991645157337,-0.0058347857557237,-0.0057405773550271,0.0094766020774841,0.0092369215562939,0.0001600105606485,-0.0134267471730709,0.0100261578336358,0.0022157570347189,0.0026928270235657,-0.0017802332295104,-0.0079515250399708,-0.0166569389402866,-0.0002122898586094,0.0021663319785147,0.0,0.0075059267692267,0.0080700237303972,0.0174402929842472,0.0044241407886147,0.004024174530059,-0.0045094676315784,0.0107734119519591,0.0012114602141082,-0.0043236017227172,-0.0045244139619171,-0.0053889579139649,-0.0017968309111893,-0.0161203648895025,0.0144006833434104,-0.0046377480030059,0.0013048016699031,0.0219546686857938,-0.0007819085149094,-0.0015774192288517,-0.0004694644594565,-0.0008694549906067,0.017222499474883,-0.00195259868633,-0.0050792954862117,-0.0084436228498816,0.0069100470282137,0.0024800880346447,0.012137715704739,0.0066756890155375,0.0015179263427853,0.0084286201745271,-0.0025766408070921,0.0128610637038946,-0.0015196183230727,0.0205940566956996,0.0022829354275017,0.0106930183246731,0.0046967058442533,-0.0164493881165981,0.0048099034000728,-0.0186089876697371,-0.0030557298093171,-0.0262527616079932,-0.011147584991936,-0.0458451002629471,0.0183906745828823,-0.0031781834184045,0.0474801378987543,-0.0111178408568872,0.1250375740061398,0.0285917226528023,2019-02-04,2019-02-05,2019-02-06,2019-02-07,2019-02-08,2019-02-11,2019-02-12,2019-02-13,2019-02-14,2019-02-15,43449.0,2019-02-01,252.0,-1.1523%,0.0004,0.4941,-0.495,0.1865,1.1633%,1.3116%,21.3331%,-0.0137939999999999,MCD,43449.0,2019-02-04,252.0,0.4697%,0.0004,0.4943,-0.4939,0.1832,1.1634%,1.3116%,21.3261%,0.004273,MCD,43449.0,2019-02-05,252.0,0.0113%,0.0004,0.4909,-0.4944,0.1807,1.1632%,1.3082%,20.9428%,-0.0014089999999999,MCD,43449.0,2019-02-06,252.0,-0.7828%,0.0004,0.4767,-0.4897,0.1656,1.1628%,1.2925%,19.0634%,-0.007024,MCD,43449.0,2019-02-07,252.0,-0.5108%,0.0004,0.4788,-0.4914,0.1653,1.1628%,1.2921%,19.0108%,-0.002058,MCD,43449.0,2019-02-08,252.0,-0.3024%,0.0004,0.4794,-0.497,0.1642,1.1621%,1.2922%,19.1146%,-0.002169,MCD,43449.0,2019-02-11,252.0,-0.2804%,0.0005,0.4522,-0.4726,0.1632,1.1546%,1.2660%,16.8209%,-0.000673,MCD,43449.0,2019-02-12,252.0,-0.1664%,0.0004,0.4469,-0.4716,0.1603,1.1556%,1.2642%,16.4312%,-0.0075429999999999,MCD,43449.0,2019-02-13,252.0,0.1035%,0.0004,0.4417,-0.4631,0.1617,1.1535%,1.2586%,15.9947%,-0.000146,MCD,43449.0,2019-02-14,252.0,0.9877%,0.0005,0.4392,-0.4553,0.152,1.1549%,1.2585%,15.7875%,0.01405,MCD,43449.0,2019-02-15,252.0,2.3313%,0.0006,0.4693,-0.4263,0.2034,1.1519%,1.2629%,16.8012%,0.0186579999999999,MCD,-0.0095209999999999,-0.0109299999999999,-0.0179539999999999,-0.022181,0.0021649999999999
38883,MOHAWK INDUSTRIES INC,Buckingham Initiates Coverage On Mohawk Industries with Underperform Rating,6,decrease,0.8,0.6,"an 'underperform' rating typically signals to investors that the stock may not perform well compared to its peers, likely leading to a decrease in stock price.",0,2019-02-01,MHK,2019-02-01 13:43:00+00:00,77496.0,60819010,-7.760313019389287e-05,987904.0,-0.0069886748678982,0.0238492116332054,-0.0076634013094007,-0.0098394202068448,0.0041765072382986,-0.0074999928474426,0.0060425070114433,0.0034493764396756,0.0591263808310031,0.0032245067413896,0.0162026584148407,0.0194018930196762,0.0373967513442039,-0.0157038979232311,-0.0260583739727735,0.0007897525792941,-0.0043755872175097,0.0196489170193672,0.0029539167881011,0.0087733697146177,0.0035916958004236,-0.00757822021842,0.0004294435202609,-0.0156336892396211,0.0018601595656946,0.0027055300306528,0.0033564323093742,-0.0072675426490604,0.0064056506380438,-0.0064359726384282,-0.0097594745457172,0.0353486612439155,-0.0101413950324058,-0.00877973344177,-0.0178932957351207,0.0165397878736257,0.0099911894649267,0.0447390563786029,0.0054553393274545,-0.0143338702619075,-0.0221370011568069,0.0140218827873468,-0.0136124612763524,-0.0020477634388953,-0.0279007069766521,-0.005599895492196,0.0190571807324886,0.0064901974983513,0.0077982945367693,0.0520168989896774,0.0011268416419625,-0.0167829841375351,-0.0019510319689288,-0.0198268480598926,-0.0281203426420688,-0.0125673348084092,-0.0053379791788756,-0.0119107626378536,0.007311092223972,0.0227213576436042,-0.0124314185231924,-0.0105146458372473,-0.0146990213543176,-0.0103214345872402,0.0168227478861808,-0.0059709586203098,-0.0255969930440187,-0.0028511222917586,-0.0008809915743768,-0.0060843750834465,0.0040881936438381,-0.0038193215150386,0.0069455141201615,-0.0208926070481538,-0.0011892007896676,0.0140972714871168,0.0013494059676304,-0.0396642759442329,0.0137137984856963,-0.0136654693633317,-0.0040662861429154,0.0053383600898087,-0.0042399568483233,-0.0268164277076721,0.0226305220276117,0.0347035527229309,0.0146502722054719,-0.0174757279455661,0.0088152876123785,0.0150583703070879,-0.010847476311028,0.0038780993781983,-0.0008377169724553,0.0140449441969394,0.0015243670204654,0.0019298638217151,0.0055556395091116,0.0068005505017936,-0.0041625900194048,-0.001697298255749,-0.0036479383707046,0.0191088020801544,-0.0017544697038829,-0.0149289760738611,0.0068771238438785,0.0141528937965631,-0.0028080015908926,-0.0327895171940326,0.0208524018526077,-0.0124184684827923,0.0001491298025939,0.006646126974374,-0.0257155392318964,-0.0012643513036891,-0.0283834934234619,-0.0107871275395155,0.0280314777046442,-0.0292153470218181,0.0435815155506134,0.0005314103909768,-0.0069886748678982,0.0238492116332054,-0.0145985191571653,0.0137751290114995,-0.010482982739795,0.006171822794998,0.0543562670752506,0.0128980871843258,0.0809908994677992,0.0462225417053643,0.0056685482412919,0.1126565275758835,0.0580059143478264,-0.0221700203521918,2019-02-04,2019-02-05,2019-02-06,2019-02-07,2019-02-08,2019-02-11,2019-02-12,2019-02-13,2019-02-14,2019-02-15,77496.0,2019-02-01,252.0,-0.0078%,-0.0028,0.9143,0.0006,-0.0629,2.2299%,2.4642%,18.1093%,-0.0011899999999999,MHK,77496.0,2019-02-04,252.0,-0.6989%,-0.0027,0.9149,-0.0004,-0.0483,2.2290%,2.4625%,18.0644%,-0.013963,MHK,77496.0,2019-02-05,252.0,-0.7663%,-0.0028,0.9169,0.0036,-0.0398,2.2297%,2.4603%,17.8655%,-0.011988,MHK,77496.0,2019-02-06,252.0,0.4177%,-0.0028,0.9384,-0.0034,-0.0173,2.2289%,2.4560%,17.6380%,0.006122,MHK,77496.0,2019-02-07,252.0,0.6043%,-0.0027,0.9311,-0.0016,-0.0134,2.2314%,2.4532%,17.2647%,0.014733,MHK,77496.0,2019-02-08,252.0,5.9126%,-0.0025,0.9207,-0.0203,-0.0692,2.2637%,2.4838%,16.9367%,0.0580959999999999,MHK,77496.0,2019-02-11,252.0,1.6203%,-0.0024,0.918,0.0062,-0.0563,2.2662%,2.4741%,16.1058%,0.0151069999999999,MHK,77496.0,2019-02-12,252.0,3.7397%,-0.0022,0.9546,-0.0207,-0.0328,2.2597%,2.4813%,17.0660%,0.0247149999999999,MHK,77496.0,2019-02-13,252.0,-2.6058%,-0.0023,0.9462,-0.0174,-0.0387,2.2651%,2.4819%,16.7127%,-0.028796,MHK,77496.0,2019-02-14,252.0,-0.4376%,-0.0023,0.9472,-0.0171,-0.0406,2.2634%,2.4811%,16.7728%,-0.002623,MHK,77496.0,2019-02-15,252.0,0.2954%,-0.0023,0.9463,-0.0185,-0.0429,2.2636%,2.4803%,16.7102%,-0.007612,MHK,-0.015153,-0.027141,-0.021019,0.0518099999999999,0.0526009999999999
38891,ALTRIA GROUP INC,Disagreement On The Street Over Whether Juul Will Be Enough For Altria,6,uncertain,0.6,0.5,"the disagreement on the street regarding juul's impact on altria introduces ambiguity about future performance, leading to uncertainty in stock price movement.",1,2019-02-01,MO,2019-02-01 17:34:00+00:00,13901.0,02209S10,-0.0030394673813134,15596758.0,-0.0018292713211849,0.0324267633259296,-0.001425365335308,0.0411674901843071,0.0046900394372642,0.0134657975286245,-0.0111629636958241,0.0239601600915193,0.0024630322586745,0.021001610904932,0.0010237353853881,-0.0306487455964088,0.0157496519386768,-0.0060040126554667,-0.0132903717458248,-0.0691368281841278,0.0028571304865181,0.0265618357807397,-0.0081399613991379,-0.0029660887084901,0.0051292572170495,-0.0148194339126348,0.0310266707092523,-0.0072523513808846,-0.002771716332063,-0.0130880000069737,0.0224340092390775,0.0008186842896975,0.006601944565773,-0.0161095298826694,0.0050153997726738,0.0122298914939165,0.004222672432661,0.0057401107624173,0.0017201864393427,-0.0302186980843544,0.0064873145893216,0.0256932768970727,-0.0054976479150354,-0.0054755718447268,0.0080061377957463,-0.0016197209479287,0.0338501706719398,0.01022704038769,0.0012804740108549,0.0039014092180877,0.0115089006721973,0.0055750664323568,0.0115585951134562,0.0182926598936319,-0.0046419985592365,-0.0148706203326582,0.0068161627277731,-0.0267644431442022,0.004810269922018,-0.0186770986765623,0.0062056463211774,0.0100216576829552,0.0096916165202856,-0.0278891902416944,-0.0225131046026945,-0.0072065442800521,-0.0051775951869785,-0.0220697075128555,0.0217157043516635,0.011063122190535,-0.0036887777969241,-0.011492102406919,0.0112661141902208,0.01105697453022,0.0084880553185939,-0.0151347303763032,-0.0128002725541591,-0.0040441397577524,0.0071048229001462,0.0,0.0128747709095478,-0.0238650292158126,0.0052237375639379,0.0164143294095993,-0.0180149134248495,-0.0198426321148872,-0.0478038303554058,0.0180163402110338,0.0114857153967022,0.021565344184637,0.0031135894823819,0.0109002413228154,0.0093116359785199,-0.0094937104731798,-0.003075220156461,-0.0123184071853756,0.0056250691413879,-0.0222901608794927,0.0101046804338693,-0.0008979748236015,0.0103608760982751,-0.0193729922175407,0.0067184804938733,-0.0087290508672595,-0.0096592772752046,-0.030795257538557,-0.0037240483798086,-0.0150000257417559,-0.0322178937494754,-0.0196078550070524,0.0044142301194369,-0.0350046902894973,0.0038454327732324,-0.029830265790224,-0.0020065780263394,0.0,-0.0603180266916751,0.0077077229507267,0.0268430467694997,0.0037135309539735,0.0136388977989554,0.015077730640769,0.0153243048116564,0.0,-0.0018292713211849,0.0324267633259296,-0.0032520292765628,0.0749291819711657,0.0014227580151431,0.0894039606931993,-0.0073170851772363,0.1389336823041804,-0.0093495740372376,0.0455507971932203,0.164634111514897,-0.0414496806096236,0.1200661455739207,-0.2118720073215586,2019-02-04,2019-02-05,2019-02-06,2019-02-07,2019-02-08,2019-02-11,2019-02-12,2019-02-13,2019-02-14,2019-02-15,13901.0,2019-02-01,252.0,-0.3039%,-0.0009,0.5582,-0.37,0.3251,1.5097%,1.6391%,15.1658%,-0.005818,MO,13901.0,2019-02-04,252.0,-0.1829%,-0.0009,0.5591,-0.3685,0.331,1.5091%,1.6388%,15.1986%,-0.002677,MO,13901.0,2019-02-05,252.0,-0.1425%,-0.0009,0.5646,-0.3661,0.338,1.5086%,1.6383%,15.2029%,-0.002238,MO,13901.0,2019-02-06,252.0,0.4690%,-0.0008,0.5295,-0.3549,0.3042,1.5034%,1.6110%,12.9143%,0.005559,MO,13901.0,2019-02-07,252.0,-1.1163%,-0.0009,0.5324,-0.3556,0.3026,1.5040%,1.6115%,12.8930%,-0.007987,MO,13901.0,2019-02-08,252.0,0.2463%,-0.0009,0.5318,-0.3641,0.2944,1.5035%,1.6114%,12.9372%,0.00415,MO,13901.0,2019-02-11,252.0,0.1024%,-0.0008,0.5067,-0.3365,0.2961,1.4984%,1.5913%,11.3371%,0.001905,MO,13901.0,2019-02-12,252.0,1.5750%,-0.0007,0.5173,-0.3427,0.3026,1.4986%,1.5947%,11.6821%,0.0093289999999999,MO,13901.0,2019-02-13,252.0,-1.3290%,-0.0008,0.5089,-0.3343,0.3007,1.4988%,1.5909%,11.2488%,-0.0148449999999999,MO,13901.0,2019-02-14,252.0,0.2857%,-0.0008,0.5067,-0.33,0.2966,1.4994%,1.5908%,11.1588%,0.007308,MO,13901.0,2019-02-15,252.0,-0.8140%,-0.0008,0.5097,-0.3288,0.2994,1.4991%,1.5910%,11.2156%,-0.0145639999999999,MO,-0.008495,-0.010733,-0.005174,-0.009011,-0.019878
38899,MERCK & CO INC NEW,Merck & Co shares are trading higher after the company reported inline Q4 EPS figures and beat sales estimates.,6,increase,0.8,0.7,"the positive news of beating sales estimates typically boosts investor confidence, leading to an increase in stock price.",2,2019-02-01,MRK,2019-02-01 15:37:00+00:00,22752.0,58933Y10,0.0271395482122898,15211767.0,0.0054938630200922,0.0144472876563668,0.0036424973513931,0.0019117763731628,0.0031107952818274,0.0042513054795563,-0.0073652886785566,-0.0004112238530069,0.0091121708974242,-0.0030067134648561,-0.0104488851502537,-0.0300901941955089,0.0235953275114297,-0.0051430752500891,0.0063678044825792,-0.0005272296839393,-0.0010123285464942,0.0035714851692318,0.0110209668055176,0.0132689699530601,-0.0071419584564864,0.0014765182277187,0.002397809876129,0.0154013521969318,0.0050359000451862,-0.020427219569683,0.0117749562487006,0.0056390729732811,-0.004828518256545,-0.0123325856402516,0.0044787339866161,-0.0076325070112943,-0.0014861917588859,0.0074240695685148,0.0083105694502592,-0.0110134575515985,0.0044285962358117,0.0301187969744205,-0.0034292563796043,-0.0205052979290485,0.0040554772131145,-0.0107316747307777,-0.0115054445341229,0.0137986056506633,-0.003838598029688,-0.0001325883204117,-0.0080794766545295,0.0186486113816499,0.0134085165336728,0.0400561951100826,0.0044515961781144,-0.0240054856985807,0.0045549068599939,-0.0080282539129257,0.0053921495564281,-0.0037955644074827,0.0009817380923777,-0.0075340396724641,-0.0026970850303769,-0.0119633320719003,0.0068838992156088,-0.0163441412150859,0.0020754262804985,-0.0250601023435592,0.0105993552133441,0.012818869203329,-0.0079565532505512,0.0116716576740145,0.000729099032469,-0.0040041017346084,0.0069216722622513,0.0091240480542182,-0.0075976513326168,-0.0210539940744638,0.0041316845454275,0.0020458209328353,0.0065351678058505,-0.012749332934618,0.0015631223795935,-0.0015124165220186,-0.0010804797057062,0.0183544158935546,-0.0003605189267545,0.008804871700704,-0.0159894432872533,0.0116584626957774,-0.00855219271034,0.0119299292564392,-0.0024646280799061,0.0103120971471071,-0.0018529203953221,-0.0016045293305069,0.0002474831999279,0.0001337541616521,-0.0121257528662681,-0.0205631926655769,-0.0051352209411561,0.0038127915468066,-0.0113307507708668,0.0163014605641365,-0.0123519832268357,0.010122824460268,-0.0469314008951187,-0.006969632115215,-0.0098754838109016,-0.0010711182840168,0.0036889824550598,-0.0022708813194185,0.0155186410993337,-0.0082141328603029,0.0017426927806809,0.0053276708349585,0.0215441305190324,0.0241441056132316,0.0037988070398569,0.0025983972009271,0.0019574780017137,0.0117615349590778,0.0251367595046758,-0.0116248093545436,0.0054938630200922,0.0144472876563668,0.009156371752985,0.0163866840127273,0.0122956506328602,0.0207076542918187,0.0139960729285817,0.0172202015454945,0.0439503049470846,-0.0024125506049483,0.0712760867907247,-0.0106340971050873,0.0365106490068303,0.0252359807579569,2019-02-04,2019-02-05,2019-02-06,2019-02-07,2019-02-08,2019-02-11,2019-02-12,2019-02-13,2019-02-14,2019-02-15,22752.0,2019-02-01,252.0,2.7140%,0.0013,0.6559,-0.4341,0.0199,0.9710%,1.2428%,38.9490%,0.0255609999999999,MRK,22752.0,2019-02-04,252.0,0.5494%,0.0012,0.6545,-0.4367,0.0118,0.9694%,1.2417%,39.0526%,0.002846,MRK,22752.0,2019-02-05,252.0,0.3642%,0.0012,0.6468,-0.4391,0.0038,0.9678%,1.2333%,38.4297%,0.00045,MRK,22752.0,2019-02-06,252.0,0.3111%,0.0013,0.6314,-0.4342,-0.0109,0.9663%,1.2095%,36.1802%,0.0043869999999999,MRK,22752.0,2019-02-07,252.0,-0.7365%,0.0014,0.6503,-0.4569,-0.009,0.9463%,1.2054%,38.3650%,-0.002115,MRK,22752.0,2019-02-08,252.0,0.9112%,0.0014,0.6494,-0.4687,-0.0207,0.9448%,1.2057%,38.5951%,0.008593,MRK,22752.0,2019-02-11,252.0,-1.0449%,0.0013,0.6553,-0.4874,-0.0277,0.9460%,1.2001%,37.8561%,-0.008317,MRK,22752.0,2019-02-12,252.0,2.3595%,0.0014,0.6685,-0.4946,-0.0197,0.9473%,1.2080%,38.5120%,0.014634,MRK,22752.0,2019-02-13,252.0,0.6368%,0.0014,0.6702,-0.4962,-0.0192,0.9473%,1.2072%,38.4158%,0.004707,MRK,22752.0,2019-02-14,252.0,-0.1012%,0.0015,0.6708,-0.495,-0.0219,0.9439%,1.2052%,38.6632%,0.002764,MRK,22752.0,2019-02-15,252.0,1.1021%,0.0016,0.6815,-0.485,-0.004,0.9418%,1.2066%,39.0826%,0.004684,MRK,0.0284069999999999,0.0288569999999999,0.0332439999999999,0.0397219999999999,0.058194
38907,MERCK & CO INC NEW,"Merck Sees FY19 Adj. EPS $4.57-$4.72 vs $4.69 Estimate, Sales $43.2B-$44.7B vs $44.54B Est.",6,uncertain,0.6,0.3,"while merck's adjusted eps guidance is slightly below the estimate, the sales forecast is in line with expectations, leading to uncertainty in the stock's immediate reaction.",1,2019-02-01,MRK,2019-02-01 11:46:00+00:00,22752.0,58933Y10,0.0271395482122898,15211767.0,0.0054938630200922,0.0144472876563668,0.0036424973513931,0.0019117763731628,0.0031107952818274,0.0042513054795563,-0.0073652886785566,-0.0004112238530069,0.0091121708974242,-0.0030067134648561,-0.0104488851502537,-0.0300901941955089,0.0235953275114297,-0.0051430752500891,0.0063678044825792,-0.0005272296839393,-0.0010123285464942,0.0035714851692318,0.0110209668055176,0.0132689699530601,-0.0071419584564864,0.0014765182277187,0.002397809876129,0.0154013521969318,0.0050359000451862,-0.020427219569683,0.0117749562487006,0.0056390729732811,-0.004828518256545,-0.0123325856402516,0.0044787339866161,-0.0076325070112943,-0.0014861917588859,0.0074240695685148,0.0083105694502592,-0.0110134575515985,0.0044285962358117,0.0301187969744205,-0.0034292563796043,-0.0205052979290485,0.0040554772131145,-0.0107316747307777,-0.0115054445341229,0.0137986056506633,-0.003838598029688,-0.0001325883204117,-0.0080794766545295,0.0186486113816499,0.0134085165336728,0.0400561951100826,0.0044515961781144,-0.0240054856985807,0.0045549068599939,-0.0080282539129257,0.0053921495564281,-0.0037955644074827,0.0009817380923777,-0.0075340396724641,-0.0026970850303769,-0.0119633320719003,0.0068838992156088,-0.0163441412150859,0.0020754262804985,-0.0250601023435592,0.0105993552133441,0.012818869203329,-0.0079565532505512,0.0116716576740145,0.000729099032469,-0.0040041017346084,0.0069216722622513,0.0091240480542182,-0.0075976513326168,-0.0210539940744638,0.0041316845454275,0.0020458209328353,0.0065351678058505,-0.012749332934618,0.0015631223795935,-0.0015124165220186,-0.0010804797057062,0.0183544158935546,-0.0003605189267545,0.008804871700704,-0.0159894432872533,0.0116584626957774,-0.00855219271034,0.0119299292564392,-0.0024646280799061,0.0103120971471071,-0.0018529203953221,-0.0016045293305069,0.0002474831999279,0.0001337541616521,-0.0121257528662681,-0.0205631926655769,-0.0051352209411561,0.0038127915468066,-0.0113307507708668,0.0163014605641365,-0.0123519832268357,0.010122824460268,-0.0469314008951187,-0.006969632115215,-0.0098754838109016,-0.0010711182840168,0.0036889824550598,-0.0022708813194185,0.0155186410993337,-0.0082141328603029,0.0017426927806809,0.0053276708349585,0.0215441305190324,0.0241441056132316,0.0037988070398569,0.0025983972009271,0.0019574780017137,0.0117615349590778,0.0251367595046758,-0.0116248093545436,0.0054938630200922,0.0144472876563668,0.009156371752985,0.0163866840127273,0.0122956506328602,0.0207076542918187,0.0139960729285817,0.0172202015454945,0.0439503049470846,-0.0024125506049483,0.0712760867907247,-0.0106340971050873,0.0365106490068303,0.0252359807579569,2019-02-04,2019-02-05,2019-02-06,2019-02-07,2019-02-08,2019-02-11,2019-02-12,2019-02-13,2019-02-14,2019-02-15,22752.0,2019-02-01,252.0,2.7140%,0.0013,0.6559,-0.4341,0.0199,0.9710%,1.2428%,38.9490%,0.0255609999999999,MRK,22752.0,2019-02-04,252.0,0.5494%,0.0012,0.6545,-0.4367,0.0118,0.9694%,1.2417%,39.0526%,0.002846,MRK,22752.0,2019-02-05,252.0,0.3642%,0.0012,0.6468,-0.4391,0.0038,0.9678%,1.2333%,38.4297%,0.00045,MRK,22752.0,2019-02-06,252.0,0.3111%,0.0013,0.6314,-0.4342,-0.0109,0.9663%,1.2095%,36.1802%,0.0043869999999999,MRK,22752.0,2019-02-07,252.0,-0.7365%,0.0014,0.6503,-0.4569,-0.009,0.9463%,1.2054%,38.3650%,-0.002115,MRK,22752.0,2019-02-08,252.0,0.9112%,0.0014,0.6494,-0.4687,-0.0207,0.9448%,1.2057%,38.5951%,0.008593,MRK,22752.0,2019-02-11,252.0,-1.0449%,0.0013,0.6553,-0.4874,-0.0277,0.9460%,1.2001%,37.8561%,-0.008317,MRK,22752.0,2019-02-12,252.0,2.3595%,0.0014,0.6685,-0.4946,-0.0197,0.9473%,1.2080%,38.5120%,0.014634,MRK,22752.0,2019-02-13,252.0,0.6368%,0.0014,0.6702,-0.4962,-0.0192,0.9473%,1.2072%,38.4158%,0.004707,MRK,22752.0,2019-02-14,252.0,-0.1012%,0.0015,0.6708,-0.495,-0.0219,0.9439%,1.2052%,38.6632%,0.002764,MRK,22752.0,2019-02-15,252.0,1.1021%,0.0016,0.6815,-0.485,-0.004,0.9418%,1.2066%,39.0826%,0.004684,MRK,0.0284069999999999,0.0288569999999999,0.0332439999999999,0.0397219999999999,0.058194
38915,MERCK & CO INC NEW,"Merck Q4 EPS $1.04, Inline, Sales $10.998B Beat $10.96B Estimate",6,increase,0.7,0.6,"the earnings per share (eps) being inline with expectations and sales exceeding estimates typically indicate strong performance, which can positively influence investor sentiment and lead to an increase in stock price.",2,2019-02-01,MRK,2019-02-01 11:45:00+00:00,22752.0,58933Y10,0.0271395482122898,15211767.0,0.0054938630200922,0.0144472876563668,0.0036424973513931,0.0019117763731628,0.0031107952818274,0.0042513054795563,-0.0073652886785566,-0.0004112238530069,0.0091121708974242,-0.0030067134648561,-0.0104488851502537,-0.0300901941955089,0.0235953275114297,-0.0051430752500891,0.0063678044825792,-0.0005272296839393,-0.0010123285464942,0.0035714851692318,0.0110209668055176,0.0132689699530601,-0.0071419584564864,0.0014765182277187,0.002397809876129,0.0154013521969318,0.0050359000451862,-0.020427219569683,0.0117749562487006,0.0056390729732811,-0.004828518256545,-0.0123325856402516,0.0044787339866161,-0.0076325070112943,-0.0014861917588859,0.0074240695685148,0.0083105694502592,-0.0110134575515985,0.0044285962358117,0.0301187969744205,-0.0034292563796043,-0.0205052979290485,0.0040554772131145,-0.0107316747307777,-0.0115054445341229,0.0137986056506633,-0.003838598029688,-0.0001325883204117,-0.0080794766545295,0.0186486113816499,0.0134085165336728,0.0400561951100826,0.0044515961781144,-0.0240054856985807,0.0045549068599939,-0.0080282539129257,0.0053921495564281,-0.0037955644074827,0.0009817380923777,-0.0075340396724641,-0.0026970850303769,-0.0119633320719003,0.0068838992156088,-0.0163441412150859,0.0020754262804985,-0.0250601023435592,0.0105993552133441,0.012818869203329,-0.0079565532505512,0.0116716576740145,0.000729099032469,-0.0040041017346084,0.0069216722622513,0.0091240480542182,-0.0075976513326168,-0.0210539940744638,0.0041316845454275,0.0020458209328353,0.0065351678058505,-0.012749332934618,0.0015631223795935,-0.0015124165220186,-0.0010804797057062,0.0183544158935546,-0.0003605189267545,0.008804871700704,-0.0159894432872533,0.0116584626957774,-0.00855219271034,0.0119299292564392,-0.0024646280799061,0.0103120971471071,-0.0018529203953221,-0.0016045293305069,0.0002474831999279,0.0001337541616521,-0.0121257528662681,-0.0205631926655769,-0.0051352209411561,0.0038127915468066,-0.0113307507708668,0.0163014605641365,-0.0123519832268357,0.010122824460268,-0.0469314008951187,-0.006969632115215,-0.0098754838109016,-0.0010711182840168,0.0036889824550598,-0.0022708813194185,0.0155186410993337,-0.0082141328603029,0.0017426927806809,0.0053276708349585,0.0215441305190324,0.0241441056132316,0.0037988070398569,0.0025983972009271,0.0019574780017137,0.0117615349590778,0.0251367595046758,-0.0116248093545436,0.0054938630200922,0.0144472876563668,0.009156371752985,0.0163866840127273,0.0122956506328602,0.0207076542918187,0.0139960729285817,0.0172202015454945,0.0439503049470846,-0.0024125506049483,0.0712760867907247,-0.0106340971050873,0.0365106490068303,0.0252359807579569,2019-02-04,2019-02-05,2019-02-06,2019-02-07,2019-02-08,2019-02-11,2019-02-12,2019-02-13,2019-02-14,2019-02-15,22752.0,2019-02-01,252.0,2.7140%,0.0013,0.6559,-0.4341,0.0199,0.9710%,1.2428%,38.9490%,0.0255609999999999,MRK,22752.0,2019-02-04,252.0,0.5494%,0.0012,0.6545,-0.4367,0.0118,0.9694%,1.2417%,39.0526%,0.002846,MRK,22752.0,2019-02-05,252.0,0.3642%,0.0012,0.6468,-0.4391,0.0038,0.9678%,1.2333%,38.4297%,0.00045,MRK,22752.0,2019-02-06,252.0,0.3111%,0.0013,0.6314,-0.4342,-0.0109,0.9663%,1.2095%,36.1802%,0.0043869999999999,MRK,22752.0,2019-02-07,252.0,-0.7365%,0.0014,0.6503,-0.4569,-0.009,0.9463%,1.2054%,38.3650%,-0.002115,MRK,22752.0,2019-02-08,252.0,0.9112%,0.0014,0.6494,-0.4687,-0.0207,0.9448%,1.2057%,38.5951%,0.008593,MRK,22752.0,2019-02-11,252.0,-1.0449%,0.0013,0.6553,-0.4874,-0.0277,0.9460%,1.2001%,37.8561%,-0.008317,MRK,22752.0,2019-02-12,252.0,2.3595%,0.0014,0.6685,-0.4946,-0.0197,0.9473%,1.2080%,38.5120%,0.014634,MRK,22752.0,2019-02-13,252.0,0.6368%,0.0014,0.6702,-0.4962,-0.0192,0.9473%,1.2072%,38.4158%,0.004707,MRK,22752.0,2019-02-14,252.0,-0.1012%,0.0015,0.6708,-0.495,-0.0219,0.9439%,1.2052%,38.6632%,0.002764,MRK,22752.0,2019-02-15,252.0,1.1021%,0.0016,0.6815,-0.485,-0.004,0.9418%,1.2066%,39.0826%,0.004684,MRK,0.0284069999999999,0.0288569999999999,0.0332439999999999,0.0397219999999999,0.058194
38923,MOTOROLA SOLUTIONS INC,"Motorola Solutions Shares Up 0.8% To Session High; Hearing Cleveland Research Highlighted Positive Feedback For Q4 Sales As Related To Contribution From Public Sector, Commercial Land Mobile Radio Markets",6,increase,0.8,0.6,"positive feedback for q4 sales, particularly from the public sector and commercial land mobile radio markets, suggests strong demand, likely leading to an increase in stock price.",2,2019-02-01,MSI,2019-02-01 14:47:00+00:00,22779.0,62007630,0.0124882301315665,1183996.0,0.0141927879303693,0.0008561433642171,-0.0055810562334954,0.0094192558899521,0.0087954690679907,0.0042523462325334,-0.0150294573977589,-0.0081769404932856,0.14120714366436,0.012109063565731,-0.0087907398119568,0.0028831192757934,0.0226561985909938,-8.737779717193916e-05,0.0030607648659497,-0.0097750630229711,-0.0032693762332201,0.016263723373413,0.0104964096099138,-0.0069838762283325,0.0020197560079395,-0.0105380807071924,0.0021596937440335,0.0056462287902832,-0.0058904336765408,-0.0075861830264329,0.0114892432466149,-0.0132697988301515,0.0087870480492711,0.0120522882789373,0.0030450581107288,-0.0280311144888401,0.0095312492921948,0.0293712634593248,0.0009090818930417,0.0046729054301977,0.0034237389918416,0.0433369018137455,-0.0112109230831265,-0.035023495554924,-0.0028168584685772,-0.0022601019591093,-0.0093220854178071,0.0248552411794662,-0.0056315460242331,-0.0014233934925869,-0.00458813784644,0.0021396584343165,0.0187251754105091,0.0293658524751663,-0.0088370451703667,-0.024702426046133,0.005777443293482,-0.0326406620442867,-0.0024820805992931,-0.0298194289207458,0.0039260694757103,-0.023299666121602,-0.0009954450652003,-0.0109542235732078,-0.0002846497227437,-0.0269246231764555,-0.0125303268432617,-0.0185974538326263,0.0139870401471853,-0.0048368289135396,-0.014220705255866,0.0061022187583148,0.0,-0.0010802421020343,0.0126947090029716,0.016231533139944,-0.0073361741378903,-0.017185540869832,-0.001291473628953,-0.0024600808974355,0.0088368104770779,-0.0277299620211124,0.0064094085246324,0.0193523298949003,0.0024765839334577,-0.0100316926836967,0.004376333206892,0.0038615467492491,-0.0113149248063564,0.0214230790734291,-0.0001420885382685,0.0151527067646384,-0.0002132715599145,0.0242863241583108,0.0010665853042155,0.0019337511621415,0.013638287782669,0.0043700002133846,0.0024527406785637,-0.0215377397835254,0.0012582500930875,-0.0286879185587167,0.0023738853633403,0.0048690382391214,0.0086368331685662,0.0051270388066768,-0.0082176811993122,0.0144207580015063,-0.0018102946924045,-0.0007086883997544,0.0053013009019196,-0.0205167457461357,0.013530476950109,0.0004629798640962,0.0062983371317386,0.0071500595659017,-0.0098646990954875,0.0220827609300613,0.0049471021629869,0.0149963768199086,-0.0068371393717825,-0.037333108484745,-0.0024094097316265,0.0408789590001106,0.0141927879303693,0.0008561433642171,0.0085325209493243,0.0102834634875954,0.0174030375413969,0.0145795385673477,0.1436173981810971,0.0184685314932175,0.1711582425154494,0.0206023622670574,0.1917856239070203,-0.0513631488200243,0.2291933027310297,-0.0513299083910114,2019-02-04,2019-02-05,2019-02-06,2019-02-07,2019-02-08,2019-02-11,2019-02-12,2019-02-13,2019-02-14,2019-02-15,22779.0,2019-02-01,252.0,1.2488%,0.0007,0.7164,0.0707,-0.4812,1.0140%,1.3989%,47.4550%,0.013586,MSI,22779.0,2019-02-04,252.0,1.4193%,0.0007,0.7179,0.075,-0.4805,1.0146%,1.4011%,47.5644%,0.006381,MSI,22779.0,2019-02-05,252.0,-0.5581%,0.0004,0.7715,0.0979,-0.413,0.9396%,1.3698%,52.9467%,-0.011591,MSI,22779.0,2019-02-06,252.0,0.8795%,0.0005,0.7716,0.0978,-0.4115,0.9418%,1.3594%,52.0002%,0.010692,MSI,22779.0,2019-02-07,252.0,-1.5029%,0.0004,0.7714,0.1008,-0.4135,0.9425%,1.3593%,51.9201%,-0.006222,MSI,22779.0,2019-02-08,252.0,14.1207%,0.0009,0.7478,0.0673,-0.5346,1.2767%,1.6218%,38.0329%,0.13751,MSI,22779.0,2019-02-11,252.0,-0.8791%,0.0009,0.7338,0.067,-0.5422,1.2769%,1.6041%,36.6338%,-0.009152,MSI,22779.0,2019-02-12,252.0,2.2656%,0.001,0.7429,0.0632,-0.5369,1.2781%,1.6096%,36.9447%,0.011642,MSI,22779.0,2019-02-13,252.0,0.3061%,0.0009,0.7385,0.0706,-0.5355,1.2767%,1.6044%,36.6797%,0.001219,MSI,22779.0,2019-02-14,252.0,-0.3269%,0.0009,0.7399,0.0672,-0.5315,1.2772%,1.6044%,36.6222%,-0.005291,MSI,22779.0,2019-02-15,252.0,1.0496%,0.0008,0.7252,0.0544,-0.5548,1.2708%,1.5950%,36.5188%,0.004419,MSI,0.019967,0.008376,0.019068,0.150356,0.153193
38931,MERITAGE HOMES CORP,JMP Securities Downgrades Meritage Homes to Market Perform,6,decrease,0.8,0.6,"a downgrade from jmp securities typically signals reduced expectations for the company's performance, which can lead to a decline in stock price.",0,2019-02-01,MTH,2019-02-01 12:09:00+00:00,75342.0,59001A10,-0.0026619951240718,744867.0,-0.0108985295519232,0.1013926565647125,0.0168653018772602,0.0121167581528425,-0.0327288694679737,0.0263958647847175,-0.0020576165989041,-0.0068060662597417,-0.0148912146687507,-0.0170961953699588,-0.0088372342288494,0.0209967587143182,0.0553730800747871,0.0143699655309319,-0.0193419065326452,-0.0315606445074081,-0.0029472017195075,-0.0044531542807817,0.0184174943715333,0.0120180156081914,0.0187541898339986,-0.0150431720539927,-0.0177515093237161,-0.0002466009755153,0.015171805396676,-0.0191051308065652,0.0131867798045277,-0.0098180044442415,-0.006290609948337,-0.0083116190508008,-0.0246671251952648,0.0220873747020959,-0.004476292990148,0.0248756222426891,-0.0141636934131383,0.0444270968437194,-0.0084378318861126,0.0335660576820373,0.0280589051544666,-0.0116772456094622,-0.0360179096460342,0.0261437650769949,-0.0132281202822923,-0.0027158737648278,0.0190498903393745,0.0079387063160538,-0.0013847535010427,0.0267003066837787,0.0180263184010982,0.0473947748541832,-0.009534578770399,-0.0294285360723733,-0.0002292490535182,-0.0512333810329437,-0.0052728001028299,-0.0032423383090645,-0.0053007500246167,-0.0146433180198073,0.0027803273405879,0.0318681262433528,-0.0302679669111967,-0.0154178980737924,-0.0035740176681429,-0.0021591908298432,0.0341941714286804,-0.008032108657062,0.0013873149873688,0.0116468127816915,0.0309397391974926,-0.0010822758777067,0.0040313615463674,-0.0217045973986387,0.0307828951627016,-0.0036919671110808,-0.0132006192579865,0.0243111215531826,-0.0195175316184759,-0.0389408096671104,0.0035786144435405,0.0070588355883955,0.0091375047340989,-0.003646767232567,0.0086130611598491,-0.0151359708979725,0.0275892745703458,0.0284959878772497,0.0215213783085346,-0.0055103404447436,0.0068836431019008,-0.0088426563888788,-0.0118085704743862,0.005228778347373,0.0171907693147659,0.0153969172388315,0.0131904240697622,0.0134517094120383,-0.0022376039996743,0.0005382676026783,-0.0075433016754686,0.0268104262650013,-0.0002054670476354,-0.0410813465714454,0.0010273896623402,-0.0128205567598342,0.0135467946529388,0.0254896897822618,-0.0202511139214038,-0.019468504935503,0.0281108021736145,-0.0028856403660029,0.0249295905232429,-0.0106410551816225,-0.0019615236669778,0.004693619441241,-0.0145440576598048,-0.0059617250226438,0.0213402416557073,0.0115365087985992,-0.0011715985601767,0.0060669886879622,-0.0108985295519232,0.1013926565647125,0.0057829653344254,0.1147379650156239,-0.0271351740511164,0.1441624376105674,-0.0435942868547515,0.1169474999480311,-0.0037810983613936,0.1286931254677761,-0.0373665556804485,0.2384615383824786,0.1376779892645057,0.1891322128952544,2019-02-04,2019-02-05,2019-02-06,2019-02-07,2019-02-08,2019-02-11,2019-02-12,2019-02-13,2019-02-14,2019-02-15,75342.0,2019-02-01,252.0,-0.2662%,0.0001,1.0969,1.143,0.4091,1.9275%,2.3120%,30.4986%,-0.00458,MTH,75342.0,2019-02-04,252.0,-1.0899%,-0.0002,1.0821,1.1076,0.3656,1.9017%,2.2838%,30.6634%,-0.022501,MTH,75342.0,2019-02-05,252.0,1.6865%,-0.0001,1.0809,1.1017,0.3537,1.9041%,2.2810%,30.3131%,0.015192,MTH,75342.0,2019-02-06,252.0,-3.2729%,-0.0001,1.014,1.1238,0.2835,1.8961%,2.2387%,28.2609%,-0.030588,MTH,75342.0,2019-02-07,252.0,-0.2058%,-0.0002,0.991,1.1498,0.2823,1.8829%,2.2194%,28.0254%,0.007628,MTH,75342.0,2019-02-08,252.0,-1.4891%,-0.0002,0.9932,1.1644,0.3008,1.8835%,2.2206%,28.0609%,-0.01451,MTH,75342.0,2019-02-11,252.0,-0.8837%,-0.0002,0.9714,1.16,0.287,1.8850%,2.2073%,27.0769%,-0.018704,MTH,75342.0,2019-02-12,252.0,5.5373%,-0.0,0.9978,1.1572,0.301,1.9032%,2.2347%,27.4633%,0.0423179999999999,MTH,75342.0,2019-02-13,252.0,-1.9342%,-0.0001,0.9931,1.1558,0.2952,1.9087%,2.2372%,27.2114%,-0.023141,MTH,75342.0,2019-02-14,252.0,-0.2947%,-0.0001,0.9946,1.1532,0.2976,1.9088%,2.2373%,27.2102%,-0.00526,MTH,75342.0,2019-02-15,252.0,1.8417%,-0.0002,0.9898,1.1492,0.2902,1.9082%,2.2336%,27.0126%,0.002767,MTH,-0.027081,-0.011889,-0.042477,-0.049359,-0.051379
38939,MAGNACHIP SEMICONDUCTOR CORP,MagnaChip Shares Tick Higher Over $6.10 Level Following Positive Mention From Questionable Twitter Source 'Bucking the semiconductor sell-off and banking on the rise of OLED' Long Thesis - MX,6,uncertain,0.6,0.3,"the positive mention from a questionable source may create short-term interest, but the overall impact on stock price is uncertain due to the source's credibility and the broader market conditions.",1,2019-02-01,MX,2019-02-01 14:40:00+00:00,12629.0,55933J20,0.0969899520277977,1456194.0,-0.0015243524685502,0.0222222413867712,-0.006106864195317,-0.0425532273948192,0.0998463258147239,-0.0176848322153091,-0.0377094969153404,-0.0371517427265644,-0.0116110192611813,0.0237718056887388,-0.0044052470475435,0.0112179769203066,0.0516224019229412,0.0,-0.0056100925430655,-0.0204081814736127,-0.0126939564943313,-0.0215054284781217,-0.025714261457324,-0.0151285780593752,0.2683283686637878,0.0091602960601449,-0.0346819944679737,0.0202492382377386,-0.0826347917318344,-0.0213414430618286,0.0052219270728528,-0.0015221048379316,0.0064935316331684,-0.0436680801212787,-0.0038709947839379,0.0456620566546917,0.0090673798695206,-0.0090497648343443,-0.002567391609773,0.0200000181794166,0.0128700006753206,0.0172144193202257,0.0063532646745443,-0.0390977784991264,-0.0050505003891885,0.0708534717559814,-0.0253807473927736,-0.0342145860195159,-0.0208333134651184,-0.0153139932081103,-0.0013297542463988,0.0583468601107597,0.0013315249234437,0.0300501361489296,-0.0026595718227326,-0.0275974161922931,0.0,-0.0344827994704246,0.0066666919738054,-0.0477611497044563,0.0066224783658981,-0.0455840714275836,-0.0065789096988737,0.0446428880095481,0.0198674984276294,-0.0088496189564466,0.0,-0.0369317829608917,0.0584415346384048,0.052316877990961,-0.05644166842103,0.0014970402698963,-0.0117035312578082,0.0552922450006008,-0.003947333432734,-0.0093896621838212,-0.0118890553712844,-0.0288753882050514,-0.0080213826149702,-0.0394160561263561,-0.0026954151690006,-0.031117433682084,0.0324323996901512,0.0216763149946928,0.0157068539410829,0.0028985480312258,0.0231958534568548,-0.0043289656750857,0.0037783039733767,0.010204036720097,0.0250941403210163,-0.0029069739393889,0.0159118864685297,-0.0028985480312258,-0.0108433915302157,-0.0057636830024421,0.0243605133146047,-0.0225351899862289,0.0107015641406178,-0.0083798803389072,-0.0282352678477764,-0.0615989863872528,-0.0121065834537148,-0.0078023332171142,0.0,0.0577716752886772,0.0085783945396542,-0.0306666698306798,0.0157958827912807,-0.0013315883697941,0.1100478619337082,-0.0600750371813774,0.0646552145481109,-0.0220318604260683,-0.0384615510702133,-0.002441941993311,-0.0400000102818012,-0.0024361093528568,0.0241228360682725,-0.003640744369477,-0.021413255482912,-0.0036276523023843,-0.031728658825159,-0.0107654547318816,-0.0015243524685502,0.0222222413867712,-0.0076219076503559,-0.0212766140990019,0.0914633986897808,-0.0385851729638603,0.0381097530290011,-0.0522979297898834,0.0396341768065062,-0.0953101526470767,0.1509146759353035,-0.1101190137045332,0.3490854356939004,-0.284688956386031,2019-02-04,2019-02-05,2019-02-06,2019-02-07,2019-02-08,2019-02-11,2019-02-12,2019-02-13,2019-02-14,2019-02-15,12629.0,2019-02-01,252.0,9.6990%,-0.0022,1.0439,0.2939,-0.1609,2.5454%,2.8281%,18.9944%,0.09678,MX,12629.0,2019-02-04,252.0,-0.1524%,-0.0023,1.0401,0.2842,-0.1686,2.5451%,2.8274%,18.9674%,-0.011291,MX,12629.0,2019-02-05,252.0,-0.6107%,-0.0021,0.9845,0.2683,-0.2235,2.5133%,2.7758%,18.0207%,-0.011464,MX,12629.0,2019-02-06,252.0,9.9846%,-0.0017,0.9767,0.269,-0.2171,2.5976%,2.8388%,16.2752%,0.102096,MX,12629.0,2019-02-07,252.0,-3.7709%,-0.0018,0.9834,0.2716,-0.2234,2.6026%,2.8465%,16.3990%,-0.02753,MX,12629.0,2019-02-08,252.0,-1.1611%,-0.0014,0.9823,0.3808,-0.156,2.4976%,2.7460%,17.2723%,-0.014274,MX,12629.0,2019-02-11,252.0,-0.4405%,-0.0015,1.0278,0.3285,-0.1605,2.4874%,2.7461%,17.9508%,-0.008035,MX,12629.0,2019-02-12,252.0,5.1622%,-0.001,1.1053,0.2577,-0.1082,2.4217%,2.7129%,20.3160%,0.037206,MX,12629.0,2019-02-13,252.0,-0.5610%,-0.001,1.1,0.2635,-0.1091,2.4215%,2.7092%,20.1119%,-0.008884,MX,12629.0,2019-02-14,252.0,-1.2694%,-0.001,1.1043,0.2582,-0.1061,2.4176%,2.7070%,20.2418%,-0.012487,MX,12629.0,2019-02-15,252.0,-2.5714%,-0.0013,1.0511,0.2063,-0.1978,2.4187%,2.6926%,19.3100%,-0.038429,MX,0.085489,0.074025,0.176121,0.134317,0.103688
38947,NATHANS FAMOUS INC NEW,"Nathan's Famous Q3 Adj. EPS $0.44 Up From $0.25 YoY, Sales $220.22M Up From $22.083M YoY",6,increase,0.85,0.7,"the significant year-over-year increase in both adjusted eps and sales suggests strong financial performance, which is likely to positively influence investor sentiment and drive the stock price up.",2,2019-02-01,NATH,2019-02-01 13:34:00+00:00,78900.0,63234710,0.0407407395541667,9337.0,0.0320284701883792,-0.0326741002500057,0.0019310261122882,-0.007114399690181,0.0035793245770037,-0.017887070775032,-0.058161836117506,-0.0263945907354354,0.0151470033451914,-0.0039300844073295,-0.0166426990181207,-0.0063291303813457,0.0255325362086296,0.0295300837606191,0.0035566936712712,-0.0148866968229413,0.0164445135742425,0.0165209285914897,0.0361227914690971,0.0157945994287729,0.0028267477173358,-0.0353693142533302,0.006040227599442,0.0021813723724335,-0.0178785379976034,-0.0361366644501686,-0.0089662224054336,0.0210653394460678,-0.0071281241253018,0.0176133383065462,-0.0092502851039171,0.024622194468975,0.0068282866850495,0.005203244742006,-0.0161937456578016,0.0591301955282688,0.0112548591569066,0.0116015765815973,-0.0075125340372323,0.0060633849352598,-0.0026632298249751,-0.0072234123945236,-0.0001405781658831,0.0283193141222,-0.0146190738305449,0.0221449136734008,-0.0077032940462231,-0.0055057178251445,0.020054817199707,0.0064914477989077,-0.0069306632503867,0.0009508934454061,0.0146702574566006,0.0042972564697265,-0.0096854977309703,-0.0176672488451004,-0.0163005162030458,0.0227054394781589,0.0086455112323164,-0.029936408624053,-0.0092857358977198,-0.0424773581326007,-0.0025955343153327,0.004325789399445,0.0238542947918176,-0.0234523024410009,-0.0241457093507051,0.0051244283095002,0.0085370615124702,-0.0359914675354957,0.0050216084346175,0.0009889756329357,-0.0104211755096912,0.0454948581755161,-0.0227928720414638,-0.0258993245661258,0.0097431894391775,-0.0479452051222324,0.0134502649307251,-0.0050429701805114,-0.006347409915179,0.0114026898518204,0.0124854911118745,-0.0019196405773982,0.0166332628577947,0.0188599955290556,-0.0042313546873629,-0.0045890947803854,0.0042493352666497,-0.011546341702342,-0.0132581442594528,0.0397312939167022,-0.0005717683816328,0.0031541392672806,-0.004576654639095,-0.0022887091618031,0.0176724623888731,0.0004293991078156,-0.0142595246434211,-0.010478694923222,-0.0048696123994886,0.0001416532468283,-0.0031663961708545,-0.0095385089516639,-0.0002888286544475,-0.0177735034376382,-0.0033217177260667,-0.0088761644437909,-0.0037676007486879,-0.010539099574089,-0.0080000441521406,-0.0245156250894069,0.0058651254512369,-0.0055052847601473,0.0145772602409124,0.0419284291565418,-0.0079022329300642,0.0168032087385654,0.0,-0.0322537496685981,0.0320284701883792,-0.0326741002500057,0.034021344112938,-0.0395560433314912,0.0377224421230679,-0.0567355723598725,-0.007829225338913,-0.0852419120816948,0.0575089102268759,-0.0480891744145682,3.542939824829894e-05,0.0469985865815965,-0.0135364374939676,-0.0897729437760872,2019-02-04,2019-02-05,2019-02-06,2019-02-07,2019-02-08,2019-02-11,2019-02-12,2019-02-13,2019-02-14,2019-02-15,78900.0,2019-02-01,252.0,4.0741%,0.0001,0.5155,0.9866,0.1119,1.8857%,2.0293%,13.6447%,0.040841,NATH,78900.0,2019-02-04,252.0,3.2028%,0.0002,0.5202,1.001,0.1081,1.8917%,2.0391%,13.9349%,0.023996,NATH,78900.0,2019-02-05,252.0,0.1931%,0.0002,0.5118,0.9978,0.0983,1.8907%,2.0350%,13.6749%,0.001044,NATH,78900.0,2019-02-06,252.0,0.3579%,0.0003,0.4983,1.0021,0.0856,1.8903%,2.0307%,13.3536%,0.004636,NATH,78900.0,2019-02-07,252.0,-5.8162%,0.0001,0.5164,1.0018,0.0733,1.9187%,2.0639%,13.5693%,-0.0526579999999999,NATH,78900.0,2019-02-08,252.0,1.5147%,0.0002,0.5137,1.0031,0.0631,1.9206%,2.0660%,13.5748%,0.014587,NATH,78900.0,2019-02-11,252.0,-1.6643%,0.0001,0.4926,0.9902,0.045,1.9251%,2.0636%,12.9796%,-0.024228,NATH,78900.0,2019-02-12,252.0,2.5533%,0.0002,0.4986,0.9959,0.047,1.9282%,2.0692%,13.1696%,0.018612,NATH,78900.0,2019-02-13,252.0,0.3557%,0.0002,0.5013,0.992,0.0466,1.9279%,2.0692%,13.1927%,0.0014299999999999,NATH,78900.0,2019-02-14,252.0,1.6445%,0.0003,0.4987,0.9989,0.0385,1.9291%,2.0715%,13.2766%,0.012509,NATH,78900.0,2019-02-15,252.0,3.6123%,0.0003,0.5122,1.0139,0.0642,1.9365%,2.0812%,13.4272%,0.027705,NATH,0.064837,0.065881,0.070517,0.032446,0.068474
38955,NAVIDEA BIOPHARMACEUTICALS INC,"Navidea Biopharma Reports Extension Of NYSE American Listing Until Mar. 31, 2019 To Regain Compliance",6,uncertain,0.6,0.3,"while the extension of the nyse american listing may provide temporary relief and a chance for compliance, it does not guarantee long-term stability or improvement in the company's financial health, leading to uncertainty in stock price movement.",1,2019-02-01,NAVB,2019-02-01 12:02:00+00:00,78066.0,63937X20,-0.0842490568757057,1353174.0,0.0593332424759864,0.2629143893718719,0.0056639420799911,-0.036404114216566,0.0012515856651589,0.0108368219807744,-0.0606250017881393,0.0110630663111805,-0.011976053006947,0.0265003740787506,0.0774410888552665,0.0031273795757442,0.0625000372529029,0.0614108406007289,0.0576470680534839,-0.0651668533682823,-0.0077864779159426,-0.0084614530205726,0.0033632856793701,-0.0269461181014776,-0.0636871457099914,-0.0436649918556213,-0.1032220125198364,0.0204529054462909,0.1310712248086929,-0.0228408947587013,-0.0235294587910175,0.0043010408990085,-0.0054216887801885,-0.004992845468223,0.0575409568846225,0.0462686605751514,0.0166093315929174,-0.0154297640547156,-0.0704224705696106,0.0716534629464149,0.0599999278783798,0.0583333894610405,-0.0451686680316925,0.046618066728115,-0.0119759831577539,0.1169072836637497,-0.0181818548589944,-0.1173344701528549,0.0493827238678932,-0.0300250314176082,-0.1176470294594765,-0.0776922479271888,-0.0720000267028808,0.1818181425333023,0.0775862336158752,0.0091743310913443,-0.1100000664591789,-0.0916666686534881,0.0037453819531947,-0.0400000214576721,0.0223879925906658,-0.0384615026414394,-0.0583941712975502,-0.0674319192767143,0.0085271606221795,0.010144991800189,0.0169101264327764,0.0147058013826608,0.0582010261714458,0.0066617340780794,0.0,-0.0294539853930473,0.0357142500579357,-0.0366782024502754,0.034482829272747,-0.0236486457288265,-0.0340000763535499,-0.0275952480733394,-0.0131124053150415,-0.1772973090410233,-0.0349651053547859,-0.0750000029802322,0.0282609164714813,0.0309278201311826,-0.0133897271007299,-0.0568788982927799,0.0714286118745803,0.0548718087375164,-0.0346666574478149,-0.0279162786900997,-0.0331492163240909,-0.0447618849575519,0.2142857164144516,0.0243902206420898,0.0,0.049129981547594,0.0294117368757724,0.0393617339432239,0.0228571891784668,-0.0115668112412095,-0.0385475531220436,-0.0537313632667064,0.045903630554676,-0.016152698546648,-0.0444444492459297,0.0064039761200547,-0.0406976677477359,-0.0240385103970766,0.0909090936183929,0.011673204600811,-0.1500000506639481,-0.0667272359132766,-0.0130719225853681,0.0170821938663721,-0.0284768119454383,-0.1212981715798378,-0.0088615696877241,0.0266555771231651,-0.1059145554900169,0.0300300270318985,-0.0653845518827438,-0.020588269457221,-0.053497988730669,-0.0285714250057935,0.0593332424759864,0.2629143893718719,0.0653332446047796,0.2169391096954336,0.0666666004223441,0.2301268621886452,-0.0100000684804785,0.27669530217811,0.193333325060987,0.2260479583836221,-0.1400000837692642,0.1750358491617323,-0.2333332032750336,-0.3314285675672025,2019-02-04,2019-02-05,2019-02-06,2019-02-07,2019-02-08,2019-02-11,2019-02-12,2019-02-13,2019-02-14,2019-02-15,78066.0,2019-02-01,252.0,-8.4249%,-0.0016,1.0244,1.7015,-0.2568,6.6411%,6.8181%,5.1272%,-0.082712,NAVB,78066.0,2019-02-04,252.0,5.9333%,-0.0015,1.033,1.7281,-0.2642,6.6468%,6.8289%,5.2597%,0.042509,NAVB,78066.0,2019-02-05,252.0,0.5664%,-0.0015,1.0532,1.7342,-0.2436,6.6452%,6.8290%,5.3090%,0.000919,NAVB,78066.0,2019-02-06,252.0,0.1252%,-0.0016,1.082,1.7248,-0.2144,6.6444%,6.8286%,5.3231%,0.0038129999999999,NAVB,78066.0,2019-02-07,252.0,-6.0625%,-0.0017,1.1019,1.7192,-0.2244,6.6501%,6.8389%,5.4442%,-0.047584,NAVB,78066.0,2019-02-08,252.0,-1.1976%,-0.0018,1.1046,1.7123,-0.2177,6.6503%,6.8385%,5.4291%,-0.015476,NAVB,78066.0,2019-02-11,252.0,7.7441%,-0.0015,1.1224,1.7858,-0.1685,6.6634%,6.8548%,5.5048%,0.064994,NAVB,78066.0,2019-02-12,252.0,6.2500%,-0.0014,1.1367,1.8026,-0.1643,6.6692%,6.8649%,5.6197%,0.046491,NAVB,78066.0,2019-02-13,252.0,5.7647%,-0.0011,1.1507,1.8011,-0.1512,6.6777%,6.8747%,5.6497%,0.053398,NAVB,78066.0,2019-02-14,252.0,-0.7786%,-0.0012,1.155,1.7937,-0.1446,6.6778%,6.8746%,5.6454%,-0.0157129999999999,NAVB,78066.0,2019-02-15,252.0,0.3363%,-0.0011,1.168,1.804,-0.1252,6.6763%,6.8746%,5.6874%,-0.013579,NAVB,-0.040203,-0.039284,-0.035471,-0.098531,0.0370599999999999
38963,NICHOLAS FINANCIAL INC,"Nicholas Financial, Inc. Q3 EPS $(0.12) Down From $0.37 YoY, Sales $16.7M Down From $20.526M YoY",6,decrease,0.85,0.7,"the significant decline in both eps and sales year-over-year suggests poor financial performance, which is likely to negatively impact investor sentiment and lead to a decrease in stock price.",0,2019-02-01,NICK,2019-02-01 11:08:00+00:00,85705.0,65373J20,0.0397722199559211,313.0,-0.020146545022726,-0.0016825279453769,0.0,-0.0075471624732017,-0.0093457410112023,-0.0116550112143158,0.0160377416759729,-0.004640300758183,-0.0111421383917331,0.0124975964426994,-0.0093896184116601,-0.014629628509283,0.0023697223514318,0.0046511804684996,-0.0023641202133148,-0.0032452340237796,-0.0369668565690517,0.0079439291730523,-0.0039370041340589,-0.0228310506790876,0.0039525656029582,0.0176579523831605,0.0068897339515388,0.0056075160391628,-0.0029325252398848,0.0151802515611052,-0.0166666749864816,0.0173745471984148,0.0179461929947137,-0.0161444470286369,-0.0176298040896654,0.0213385317474603,0.0428714156150817,-0.0250590443611145,-0.0239005740731954,0.0158501397818327,0.0063662664033472,-0.0169971957802772,-0.0121654504910111,0.0,-0.008867010474205,0.018269283697009,-0.0059641618281602,-0.0095238462090492,-0.0239999778568744,0.0437375307083129,-0.011270553804934,-0.0083785150200128,-0.0196890756487846,0.0054509718902409,0.0042283255606889,-0.0203883536159992,0.0010526556288823,0.0147783821448683,-0.0226077958941459,-0.0097561348229646,0.0467992983758449,-0.0375586524605751,0.0010277727851644,-0.0093023609369993,-0.0169403497129678,-0.0114942528307437,-0.0140993390232324,0.0163551587611436,0.0,0.0046948539093136,-0.0783898085355758,0.0094786183908581,0.0115058068186044,0.0,-0.0056931539438664,-0.0222427956759929,0.0285714287310838,0.0375000350177288,-0.0088888807222247,0.0116731412708759,0.0089686010032892,-0.0223490819334983,-0.0043332842178642,-0.0014244434423744,0.0043521430343389,-0.0250000413507223,0.0522222518920898,0.0084033757448196,-0.0095037119463086,0.0180607959628105,0.0159914307296276,-0.0573476180434227,-0.0031479259487241,-0.0387596748769283,0.0263157896697521,0.0175284668803215,-0.0389743708074092,0.0008772130822762,-0.013874078169465,-0.0129870623350143,0.0097402762621641,-0.0068787550553679,0.0117898881435394,-0.0085251005366444,-0.0180083829909563,0.005141342524439,-0.0248112715780735,0.001716777565889,0.0342920832335948,0.0174672324210405,-0.0181818250566721,0.0046944394707679,-0.0206972248852253,-0.0246898401528596,0.0233592931181192,0.0187445636838674,-0.0217391103506088,-0.0026086724828928,-0.0055555766448378,-0.0008688296074979,0.0312848873436451,-0.0120171150192618,-0.030335834249854,-0.0020815446041524,-0.020146545022726,-0.0016825279453769,-0.020146545022726,-0.0092169921068092,-0.0293040016418755,-0.020764579174758,-0.0247253173906859,-0.0131272253427667,-0.0732600916660003,-0.0408858037976089,-0.1080586354147841,-0.0230418393627415,-0.1804029513694079,-0.100391452639997,2019-02-04,2019-02-05,2019-02-06,2019-02-07,2019-02-08,2019-02-11,2019-02-12,2019-02-13,2019-02-14,2019-02-15,85705.0,2019-02-01,252.0,3.9772%,0.0009,0.1923,0.5563,0.3244,2.0649%,2.0902%,2.4114%,0.038843,NICK,85705.0,2019-02-04,252.0,-2.0147%,0.0009,0.1882,0.543,0.3307,2.0702%,2.0944%,2.3050%,-0.022809,NICK,85705.0,2019-02-05,252.0,0.0000%,0.0008,0.1934,0.5446,0.3361,2.0698%,2.0944%,2.3373%,0.001509,NICK,85705.0,2019-02-06,252.0,-0.9346%,0.0008,0.1983,0.5432,0.3395,2.0707%,2.0953%,2.3363%,-0.009201,NICK,85705.0,2019-02-07,252.0,1.6038%,0.0009,0.1951,0.5402,0.3436,2.0732%,2.0975%,2.2990%,0.017164,NICK,85705.0,2019-02-08,252.0,-1.1142%,0.0009,0.1967,0.55,0.3565,2.0736%,2.0986%,2.3702%,-0.0093169999999999,NICK,85705.0,2019-02-11,252.0,-0.9390%,0.0009,0.1705,0.5545,0.3452,2.0726%,2.0964%,2.2526%,-0.014215,NICK,85705.0,2019-02-12,252.0,0.2370%,0.0009,0.1771,0.5456,0.3502,2.0713%,2.0950%,2.2521%,0.000427,NICK,85705.0,2019-02-13,252.0,-0.2364%,0.0008,0.1696,0.5565,0.3511,2.0693%,2.0933%,2.2775%,-0.003533,NICK,85705.0,2019-02-14,252.0,-3.6967%,0.0007,0.1785,0.5356,0.3743,2.0833%,2.1068%,2.2180%,-0.037568,NICK,85705.0,2019-02-15,252.0,-0.3937%,0.0006,0.1682,0.5253,0.3562,2.0840%,2.1059%,2.0748%,-0.009189,NICK,0.016034,0.017543,0.008342,0.016189,-0.047889
38971,SERVICENOW INC,"Goldman Sachs Reinstates Buy on ServiceNow, Announces $260 Target",6,increase,0.8,0.7,goldman sachs reinstating a 'buy' rating and setting a target price of $260 typically signals positive sentiment and potential for stock price appreciation.,2,2019-02-01,NOW,2019-02-01 12:55:00+00:00,13447.0,81762P10,0.0067720669321715,3552072.0,0.0163875445723533,0.1341237276792526,0.0142578249797225,0.0496699064970016,-0.0122181233018636,-0.0166010167449712,0.0062068151310086,-0.0164329037070274,0.0070496597327291,0.0289714857935905,0.0019688350148499,0.0094585241749882,0.0246277432888746,-0.0093698995187878,-0.0114212343469262,-0.0230943206697702,0.0088804485276341,0.0190853886306285,0.003674745094031,-0.0161400791257619,-0.0013197562657296,0.0065834359265863,-0.0216557327657938,-0.0002653280098456,0.0022221982944756,-0.0171631723642349,0.0216947328299284,0.0088947499170899,0.0085106380283832,-0.002467586658895,-0.0033333050087094,0.0125458538532257,0.0173573978245258,0.007714161183685,-0.0036203034687787,0.041510920971632,0.0170397665351629,0.0597800426185131,-0.0268971864134073,-0.0515927076339721,-0.0040933503769338,0.0015164519427344,-0.0122457602992653,-0.0126434797421097,0.001115329680033,0.0119528891518712,0.0024853316135704,0.0512654297053813,0.0252618249505758,0.0666372776031494,-0.0047944379039108,-0.0190123561769723,0.0070377974770963,-0.0466101579368114,0.0049918754957616,-0.023672692477703,0.0012417859397828,0.0027077603153884,-0.0037620556540787,0.0122470762580633,0.004066773224622,-0.0577535703778266,0.0108695216476917,-0.0327929742634296,0.0260027013719081,0.0027179413009434,-0.0388124734163284,0.0230073127895593,0.0020313842687755,-0.0080043040215969,0.0136533016338944,0.0138172442093491,-0.0148163465783,-0.0278251655399799,0.0081203412264585,0.0373237468302249,0.0129864942282438,-0.0384921617805957,-0.0030833289492875,0.0152209857478737,0.0044358102604746,0.0344500169157981,0.0012964592315256,0.0069152247160673,-0.0409079901874065,0.0731868520379066,-0.00021095664124,-0.0090875830501317,0.0009705924312584,0.0412749126553535,0.0065342430025339,0.0093628596514463,0.0205227397382259,0.0120834000408649,0.008659609593451,0.0028061380144208,-0.0059812068939208,-0.0835232511162757,-0.0020876370836049,-0.0108689647167921,-0.0163255091756582,0.0333970375359058,-0.0149284927174449,-0.007648030295968,0.0049527925439178,-0.0214654356241226,0.0220724754035472,-0.0293935537338256,0.003750427160412,-0.0460357069969177,-0.0034900680184364,-0.0244720336049795,0.0741244554519653,0.0758866071701049,0.0245118103921413,-0.0168505534529686,0.0172608066350221,0.0091173779219388,-0.000662492820993,-0.026941692456603,0.0163875445723533,0.1341237276792526,0.0308790202944357,0.190455547189112,0.018283613315174,0.1706927747160815,0.0318270203905304,0.1848142521554481,0.0604036179124869,0.160504283623031,0.0878967186211259,0.2831399164326982,0.2257235179832237,0.1975181432466193,2019-02-04,2019-02-05,2019-02-06,2019-02-07,2019-02-08,2019-02-11,2019-02-12,2019-02-13,2019-02-14,2019-02-15,13447.0,2019-02-01,252.0,0.6772%,0.0013,1.2392,0.2768,-1.707,1.6532%,2.6433%,60.8824%,0.012658,NOW,13447.0,2019-02-04,252.0,1.6388%,0.0011,1.2322,0.2615,-1.7356,1.6394%,2.6403%,61.4459%,-0.001815,NOW,13447.0,2019-02-05,252.0,1.4258%,0.0011,1.2322,0.2624,-1.7339,1.6395%,2.6378%,61.3698%,-0.001345,NOW,13447.0,2019-02-06,252.0,-1.2218%,0.001,1.2686,0.2509,-1.6993,1.6350%,2.6370%,61.5576%,-0.008367,NOW,13447.0,2019-02-07,252.0,0.6207%,0.0012,1.27,0.2387,-1.6924,1.6397%,2.6365%,61.3177%,0.0248579999999999,NOW,13447.0,2019-02-08,252.0,0.7050%,0.001,1.2722,0.2095,-1.7025,1.6263%,2.6316%,61.8070%,-0.00599,NOW,13447.0,2019-02-11,252.0,0.1969%,0.0011,1.2294,0.2524,-1.7017,1.6126%,2.5731%,60.7220%,0.002621,NOW,13447.0,2019-02-12,252.0,2.4628%,0.0011,1.2183,0.2693,-1.7105,1.6066%,2.5681%,60.8620%,0.0048649999999999,NOW,13447.0,2019-02-13,252.0,-1.1421%,0.001,1.2193,0.2616,-1.7155,1.6087%,2.5684%,60.7666%,-0.013897,NOW,13447.0,2019-02-14,252.0,0.8880%,0.0011,1.22,0.2613,-1.716,1.6081%,2.5687%,60.8071%,3.1e-05,NOW,13447.0,2019-02-15,252.0,0.3675%,0.0011,1.2265,0.2668,-1.7058,1.6068%,2.5687%,60.8707%,-0.0026279999999999,NOW,0.010843,0.009498,0.001131,0.019999,0.010991
38979,NOVO NORDISK A S,"Novo Nordisk shares are trading higher after the company posted a 6% year-over-year increase in sales within its diabetes/obesity segment and reported a DKK15B buyback, offsetting a Q4 earnings miss.",6,increase,0.75,0.6,"the positive sales growth in the diabetes/obesity segment and the significant buyback program are likely to boost investor confidence, despite the earnings miss.",2,2019-02-01,NVO,2019-02-01 15:49:00+00:00,63263.0,67010020,0.033815398812294,2229082.0,-0.0012343421112746,-0.0006375936209224,0.0051493304781615,0.0085744420066475,-0.0026639562565833,0.0053879306651651,-0.000410861801356,0.0008628325304016,0.0053442614153027,-0.0091900043189525,-0.005111429374665,-0.0128692109137773,0.0152075970545411,-0.016393382102251,-0.0062753311358392,0.0029136189259588,0.0140557875856757,0.0083944955840706,0.0114503754302859,0.0166418310254812,-0.0005958049441687,-0.0069915642961859,-0.0123211238533258,0.011789908632636,-0.0008048473973758,-0.0391348674893379,0.0024164102505892,0.0002059810794889,-0.0070309056900441,-0.0067525682970881,0.0004046218527946,0.0109639801084995,-0.007684551179409,0.0146935507655143,-0.0024454642552882,0.0063371192663908,0.0132788093760609,0.0036040276754647,-0.008467704989016,0.0081213349476456,0.0101667344570159,0.0156284179538488,-0.0104669975116848,0.0052366978488862,0.0012205324601382,0.0052643492817878,0.0093457754701375,0.0115376180037856,0.0012077571591362,0.0245509874075651,-0.0038199122063815,-0.0110161388292908,0.0155398678034544,-0.0191841013729572,0.003577112685889,0.0106975603848695,0.0077227600850164,-0.0099294083192944,0.0110041536390781,-0.0188352223485708,0.0151603259146213,-0.006666696164757,0.0076584629714488,-0.0057729412801563,-0.0087403170764446,0.0165181960910558,-0.012899961322546,0.0179203003644943,0.0165615174919366,-0.0163220893591642,0.0073700007051229,0.012560592032969,0.0042356802150607,-0.0056967204436659,-0.0021089073270559,-0.0008756768074817,0.0049952380359172,-0.0078193005174398,-0.0034410303924232,-0.0124409701675176,-0.0007673300569877,0.0152439195662736,-0.0195815023034811,-0.0010877322638407,-0.0099862609058618,0.0028359743300825,0.0039556357078254,-0.0071474555879831,0.0118203768506646,0.022138588130474,-0.0038940957747399,0.021021619439125,-0.0001954323961399,0.0137489065527916,-0.0046921148896217,-0.0402463562786579,-0.0137497698888182,0.0294318106025457,0.0029874830506742,0.0137709081172943,-0.0188641920685768,-0.0200179796665906,-0.0182149671018123,0.0061099901795387,-0.0024736947380006,-0.0078581562265753,-0.0059929927811026,-0.0089007057249546,0.0116424402222037,0.0060443356633186,-0.0059597394429147,0.0029186629690229,0.0012404667213559,0.0322131961584091,0.0103241791948676,-0.0039242422208189,0.0104230185970664,-0.0091491658240556,-0.0086974175646901,-0.0029645897448062,-0.0012343421112746,-0.0006375936209224,0.003908632331433,0.0079313813761987,0.0012342636492956,0.0133620457742977,0.0061715539160434,0.0049155705469876,0.0357950586249662,0.0032003753374438,0.0584241946185211,0.0179692962030681,0.0236742902677205,0.0722919507643908,2019-02-04,2019-02-05,2019-02-06,2019-02-07,2019-02-08,2019-02-11,2019-02-12,2019-02-13,2019-02-14,2019-02-15,63263.0,2019-02-01,252.0,3.3815%,-0.0004,0.5302,0.0035,-0.1604,1.3638%,1.5076%,18.1734%,0.033781,NVO,63263.0,2019-02-04,252.0,-0.1234%,-0.0001,0.5413,0.0256,-0.104,1.3018%,1.4504%,19.4443%,-0.005906,NVO,63263.0,2019-02-05,252.0,0.5149%,-0.0001,0.5275,0.02,-0.1208,1.2980%,1.4407%,18.8347%,0.002118,NVO,63263.0,2019-02-06,252.0,-0.2664%,-0.0001,0.5224,0.0217,-0.126,1.2979%,1.4332%,17.9936%,-0.001517,NVO,63263.0,2019-02-07,252.0,-0.0411%,-0.0,0.5235,0.0182,-0.1244,1.2980%,1.4329%,17.9426%,0.004867,NVO,63263.0,2019-02-08,252.0,0.5344%,-0.0001,0.5231,0.0074,-0.1331,1.2964%,1.4322%,18.0676%,0.003905,NVO,63263.0,2019-02-11,252.0,-0.5111%,-0.0,0.5101,0.0121,-0.1374,1.2956%,1.4209%,16.8596%,-0.005686,NVO,63263.0,2019-02-12,252.0,1.5208%,-0.0001,0.4994,0.0316,-0.1463,1.2866%,1.4098%,16.7181%,0.007934,NVO,63263.0,2019-02-13,252.0,-0.6275%,-0.0002,0.4979,0.0312,-0.1482,1.2875%,1.4096%,16.5707%,-0.00769,NVO,63263.0,2019-02-14,252.0,1.4056%,-0.0001,0.4951,0.0392,-0.1579,1.2895%,1.4117%,16.5648%,0.0139789999999999,NVO,63263.0,2019-02-15,252.0,1.1450%,-0.0001,0.4943,0.0392,-0.1582,1.2896%,1.4112%,16.4928%,0.006416,NVO,0.0278749999999999,0.029993,0.0284759999999999,0.0372479999999999,0.0522009999999999
38987,NOVO NORDISK A S,"Novo Nordisk Earlier Reported Q4 EPS $0.53 Misses $0.61 Estimate, Sales $4.552B Miss $4.74B Estimate",6,decrease,0.8,0.7,"the reported earnings per share (eps) and sales figures both missed analyst estimates, which typically leads to a negative reaction in stock prices.",0,2019-02-01,NVO,2019-02-01 13:47:00+00:00,63263.0,67010020,0.033815398812294,2229082.0,-0.0012343421112746,-0.0006375936209224,0.0051493304781615,0.0085744420066475,-0.0026639562565833,0.0053879306651651,-0.000410861801356,0.0008628325304016,0.0053442614153027,-0.0091900043189525,-0.005111429374665,-0.0128692109137773,0.0152075970545411,-0.016393382102251,-0.0062753311358392,0.0029136189259588,0.0140557875856757,0.0083944955840706,0.0114503754302859,0.0166418310254812,-0.0005958049441687,-0.0069915642961859,-0.0123211238533258,0.011789908632636,-0.0008048473973758,-0.0391348674893379,0.0024164102505892,0.0002059810794889,-0.0070309056900441,-0.0067525682970881,0.0004046218527946,0.0109639801084995,-0.007684551179409,0.0146935507655143,-0.0024454642552882,0.0063371192663908,0.0132788093760609,0.0036040276754647,-0.008467704989016,0.0081213349476456,0.0101667344570159,0.0156284179538488,-0.0104669975116848,0.0052366978488862,0.0012205324601382,0.0052643492817878,0.0093457754701375,0.0115376180037856,0.0012077571591362,0.0245509874075651,-0.0038199122063815,-0.0110161388292908,0.0155398678034544,-0.0191841013729572,0.003577112685889,0.0106975603848695,0.0077227600850164,-0.0099294083192944,0.0110041536390781,-0.0188352223485708,0.0151603259146213,-0.006666696164757,0.0076584629714488,-0.0057729412801563,-0.0087403170764446,0.0165181960910558,-0.012899961322546,0.0179203003644943,0.0165615174919366,-0.0163220893591642,0.0073700007051229,0.012560592032969,0.0042356802150607,-0.0056967204436659,-0.0021089073270559,-0.0008756768074817,0.0049952380359172,-0.0078193005174398,-0.0034410303924232,-0.0124409701675176,-0.0007673300569877,0.0152439195662736,-0.0195815023034811,-0.0010877322638407,-0.0099862609058618,0.0028359743300825,0.0039556357078254,-0.0071474555879831,0.0118203768506646,0.022138588130474,-0.0038940957747399,0.021021619439125,-0.0001954323961399,0.0137489065527916,-0.0046921148896217,-0.0402463562786579,-0.0137497698888182,0.0294318106025457,0.0029874830506742,0.0137709081172943,-0.0188641920685768,-0.0200179796665906,-0.0182149671018123,0.0061099901795387,-0.0024736947380006,-0.0078581562265753,-0.0059929927811026,-0.0089007057249546,0.0116424402222037,0.0060443356633186,-0.0059597394429147,0.0029186629690229,0.0012404667213559,0.0322131961584091,0.0103241791948676,-0.0039242422208189,0.0104230185970664,-0.0091491658240556,-0.0086974175646901,-0.0029645897448062,-0.0012343421112746,-0.0006375936209224,0.003908632331433,0.0079313813761987,0.0012342636492956,0.0133620457742977,0.0061715539160434,0.0049155705469876,0.0357950586249662,0.0032003753374438,0.0584241946185211,0.0179692962030681,0.0236742902677205,0.0722919507643908,2019-02-04,2019-02-05,2019-02-06,2019-02-07,2019-02-08,2019-02-11,2019-02-12,2019-02-13,2019-02-14,2019-02-15,63263.0,2019-02-01,252.0,3.3815%,-0.0004,0.5302,0.0035,-0.1604,1.3638%,1.5076%,18.1734%,0.033781,NVO,63263.0,2019-02-04,252.0,-0.1234%,-0.0001,0.5413,0.0256,-0.104,1.3018%,1.4504%,19.4443%,-0.005906,NVO,63263.0,2019-02-05,252.0,0.5149%,-0.0001,0.5275,0.02,-0.1208,1.2980%,1.4407%,18.8347%,0.002118,NVO,63263.0,2019-02-06,252.0,-0.2664%,-0.0001,0.5224,0.0217,-0.126,1.2979%,1.4332%,17.9936%,-0.001517,NVO,63263.0,2019-02-07,252.0,-0.0411%,-0.0,0.5235,0.0182,-0.1244,1.2980%,1.4329%,17.9426%,0.004867,NVO,63263.0,2019-02-08,252.0,0.5344%,-0.0001,0.5231,0.0074,-0.1331,1.2964%,1.4322%,18.0676%,0.003905,NVO,63263.0,2019-02-11,252.0,-0.5111%,-0.0,0.5101,0.0121,-0.1374,1.2956%,1.4209%,16.8596%,-0.005686,NVO,63263.0,2019-02-12,252.0,1.5208%,-0.0001,0.4994,0.0316,-0.1463,1.2866%,1.4098%,16.7181%,0.007934,NVO,63263.0,2019-02-13,252.0,-0.6275%,-0.0002,0.4979,0.0312,-0.1482,1.2875%,1.4096%,16.5707%,-0.00769,NVO,63263.0,2019-02-14,252.0,1.4056%,-0.0001,0.4951,0.0392,-0.1579,1.2895%,1.4117%,16.5648%,0.0139789999999999,NVO,63263.0,2019-02-15,252.0,1.1450%,-0.0001,0.4943,0.0392,-0.1582,1.2896%,1.4112%,16.4928%,0.006416,NVO,0.0278749999999999,0.029993,0.0284759999999999,0.0372479999999999,0.0522009999999999
38995,NOVO NORDISK A S,Novo Nordisk Q4 Sales DKK29.73B vs DKK29.77B Est,6,decrease,0.7,0.5,"the reported sales of dkk 29.73 billion fell short of the estimated dkk 29.77 billion, which may lead to negative investor sentiment and a decrease in stock price.",0,2019-02-01,NVO,2019-02-01 09:57:00+00:00,63263.0,67010020,0.033815398812294,2229082.0,-0.0012343421112746,-0.0006375936209224,0.0051493304781615,0.0085744420066475,-0.0026639562565833,0.0053879306651651,-0.000410861801356,0.0008628325304016,0.0053442614153027,-0.0091900043189525,-0.005111429374665,-0.0128692109137773,0.0152075970545411,-0.016393382102251,-0.0062753311358392,0.0029136189259588,0.0140557875856757,0.0083944955840706,0.0114503754302859,0.0166418310254812,-0.0005958049441687,-0.0069915642961859,-0.0123211238533258,0.011789908632636,-0.0008048473973758,-0.0391348674893379,0.0024164102505892,0.0002059810794889,-0.0070309056900441,-0.0067525682970881,0.0004046218527946,0.0109639801084995,-0.007684551179409,0.0146935507655143,-0.0024454642552882,0.0063371192663908,0.0132788093760609,0.0036040276754647,-0.008467704989016,0.0081213349476456,0.0101667344570159,0.0156284179538488,-0.0104669975116848,0.0052366978488862,0.0012205324601382,0.0052643492817878,0.0093457754701375,0.0115376180037856,0.0012077571591362,0.0245509874075651,-0.0038199122063815,-0.0110161388292908,0.0155398678034544,-0.0191841013729572,0.003577112685889,0.0106975603848695,0.0077227600850164,-0.0099294083192944,0.0110041536390781,-0.0188352223485708,0.0151603259146213,-0.006666696164757,0.0076584629714488,-0.0057729412801563,-0.0087403170764446,0.0165181960910558,-0.012899961322546,0.0179203003644943,0.0165615174919366,-0.0163220893591642,0.0073700007051229,0.012560592032969,0.0042356802150607,-0.0056967204436659,-0.0021089073270559,-0.0008756768074817,0.0049952380359172,-0.0078193005174398,-0.0034410303924232,-0.0124409701675176,-0.0007673300569877,0.0152439195662736,-0.0195815023034811,-0.0010877322638407,-0.0099862609058618,0.0028359743300825,0.0039556357078254,-0.0071474555879831,0.0118203768506646,0.022138588130474,-0.0038940957747399,0.021021619439125,-0.0001954323961399,0.0137489065527916,-0.0046921148896217,-0.0402463562786579,-0.0137497698888182,0.0294318106025457,0.0029874830506742,0.0137709081172943,-0.0188641920685768,-0.0200179796665906,-0.0182149671018123,0.0061099901795387,-0.0024736947380006,-0.0078581562265753,-0.0059929927811026,-0.0089007057249546,0.0116424402222037,0.0060443356633186,-0.0059597394429147,0.0029186629690229,0.0012404667213559,0.0322131961584091,0.0103241791948676,-0.0039242422208189,0.0104230185970664,-0.0091491658240556,-0.0086974175646901,-0.0029645897448062,-0.0012343421112746,-0.0006375936209224,0.003908632331433,0.0079313813761987,0.0012342636492956,0.0133620457742977,0.0061715539160434,0.0049155705469876,0.0357950586249662,0.0032003753374438,0.0584241946185211,0.0179692962030681,0.0236742902677205,0.0722919507643908,2019-02-04,2019-02-05,2019-02-06,2019-02-07,2019-02-08,2019-02-11,2019-02-12,2019-02-13,2019-02-14,2019-02-15,63263.0,2019-02-01,252.0,3.3815%,-0.0004,0.5302,0.0035,-0.1604,1.3638%,1.5076%,18.1734%,0.033781,NVO,63263.0,2019-02-04,252.0,-0.1234%,-0.0001,0.5413,0.0256,-0.104,1.3018%,1.4504%,19.4443%,-0.005906,NVO,63263.0,2019-02-05,252.0,0.5149%,-0.0001,0.5275,0.02,-0.1208,1.2980%,1.4407%,18.8347%,0.002118,NVO,63263.0,2019-02-06,252.0,-0.2664%,-0.0001,0.5224,0.0217,-0.126,1.2979%,1.4332%,17.9936%,-0.001517,NVO,63263.0,2019-02-07,252.0,-0.0411%,-0.0,0.5235,0.0182,-0.1244,1.2980%,1.4329%,17.9426%,0.004867,NVO,63263.0,2019-02-08,252.0,0.5344%,-0.0001,0.5231,0.0074,-0.1331,1.2964%,1.4322%,18.0676%,0.003905,NVO,63263.0,2019-02-11,252.0,-0.5111%,-0.0,0.5101,0.0121,-0.1374,1.2956%,1.4209%,16.8596%,-0.005686,NVO,63263.0,2019-02-12,252.0,1.5208%,-0.0001,0.4994,0.0316,-0.1463,1.2866%,1.4098%,16.7181%,0.007934,NVO,63263.0,2019-02-13,252.0,-0.6275%,-0.0002,0.4979,0.0312,-0.1482,1.2875%,1.4096%,16.5707%,-0.00769,NVO,63263.0,2019-02-14,252.0,1.4056%,-0.0001,0.4951,0.0392,-0.1579,1.2895%,1.4117%,16.5648%,0.0139789999999999,NVO,63263.0,2019-02-15,252.0,1.1450%,-0.0001,0.4943,0.0392,-0.1582,1.2896%,1.4112%,16.4928%,0.006416,NVO,0.0278749999999999,0.029993,0.0284759999999999,0.0372479999999999,0.0522009999999999
39003,OWENS CORNING NEW,Buckingham Initiates Coverage On Owens-Corning with Neutral Rating,6,uncertain,0.6,0.2,"the initiation of coverage with a neutral rating suggests a lack of strong positive or negative sentiment, leading to uncertainty in the stock's immediate price movement.",1,2019-02-01,OC,2019-02-01 14:28:00+00:00,91531.0,69074210,-0.0083985235542058,1324840.0,0.0177092999219894,0.0170840825885534,0.0051068747416138,0.0076290960423648,-0.010161854326725,0.0100770266726613,-0.0119771342724561,0.0476091727614402,0.0005772326258011,0.0191983077675104,0.019807668402791,0.0257520545274019,0.0345088057219982,-0.0324539206922054,-0.0158585291355848,-0.0227133333683013,-0.0068531716242432,0.0120107270777225,0.0199552346020937,0.0418555028736591,0.0137136587873101,-0.0165500231087207,-0.0510461404919624,0.007697254884988,-0.0186276286840438,0.0075399032793939,-0.0098780188709497,-0.0070588625967502,-0.0316901206970214,0.0097192395478487,0.0149495285004377,0.0439684502780437,-0.0017914042109623,-0.0022497703321278,-0.0043868636712431,0.0146085228770971,0.0044061932712793,0.0145901124924421,0.0049850447103381,-0.017966816201806,-0.0331349596381187,0.0047749360091984,-0.0162117984145879,0.0068681142292916,-0.013558592647314,-0.0002288469113409,-0.0008498176466673,0.0162827856838703,0.0142462681978941,0.0434466227889061,-0.0006289851735346,-0.0431955531239509,-0.0079714134335517,-0.0027790395542979,-0.0061323940753936,-0.0204174574464559,0.0155319049954414,0.0054744910448789,0.0020951663609594,0.0209595151245594,-0.0125444754958152,-0.00647854199633,-0.0192674119025468,-0.0103044873103499,0.0237478092312812,-0.0293399300426244,-0.0240404773503541,-0.021743856370449,-0.000864241621457,-0.0332141704857349,-0.0196799263358116,-0.0293817315250635,0.0191925633698701,-0.0108981011435389,0.0086579592898488,0.0087540782988071,0.0111588081344962,-0.0668693110346794,0.0354414694011211,0.0093959318473935,0.0096330679953098,0.0108548430725932,0.0152253350242972,-0.014705890789628,0.0087982891127467,0.0282797031104564,0.0057482835836708,0.0027569790836423,-0.0013796512503176,-0.0111002866178751,-0.0238799899816513,0.0140205193310976,0.0287101101130247,0.024479042738676,0.0108097335323691,0.0098059149459004,0.0169161763042211,-0.0030549434013664,0.0034416883718222,0.0020407852716743,0.0163872074335813,-0.0156689193099737,0.0123734502121806,0.0157110895961523,0.0051851626485586,0.0326590649783611,0.0007369365775957,0.0018999399617314,0.0233799796551466,-0.016199430450797,-0.056484967470169,-0.0255008768290281,-0.0419447235763073,0.0110497428104281,0.0085572199895977,-0.0097264349460601,0.0230859946459531,0.0,-0.0111860753968358,-0.0157559011131525,0.0177092999219894,0.0170840825885534,0.0229066138400666,0.0248435147377821,0.0125119858403803,0.0351708901710987,0.0009624486903014,0.1052742115521385,0.0527429806061514,0.1303128620173876,-0.075003786813661,0.2261790832654791,-0.0084767990027186,0.0501022884499184,2019-02-04,2019-02-05,2019-02-06,2019-02-07,2019-02-08,2019-02-11,2019-02-12,2019-02-13,2019-02-14,2019-02-15,91531.0,2019-02-01,252.0,-0.8399%,-0.0018,0.9986,1.1188,0.6935,1.8240%,2.1472%,27.8388%,-0.011455,OC,91531.0,2019-02-04,252.0,1.7709%,-0.0017,1.0029,1.1299,0.7027,1.8234%,2.1503%,28.0946%,0.008239,OC,91531.0,2019-02-05,252.0,0.5107%,-0.0017,0.9937,1.124,0.6873,1.8228%,2.1405%,27.4834%,0.005814,OC,91531.0,2019-02-06,252.0,-1.0162%,-0.0017,1.0077,1.1196,0.7003,1.8225%,2.1342%,27.0752%,-0.008445,OC,91531.0,2019-02-07,252.0,-1.1977%,-0.0018,1.0043,1.1249,0.6991,1.8221%,2.1326%,27.0021%,-0.003981,OC,91531.0,2019-02-08,252.0,0.0577%,-0.0017,1.0031,1.1304,0.6978,1.8218%,2.1325%,27.0183%,0.003835,OC,91531.0,2019-02-11,252.0,1.9808%,-0.0016,0.9898,1.1578,0.7057,1.8215%,2.1249%,26.5185%,0.009238,OC,91531.0,2019-02-12,252.0,3.4509%,-0.0014,1.0216,1.1343,0.7262,1.8153%,2.1311%,27.4384%,0.021915,OC,91531.0,2019-02-13,252.0,-1.5859%,-0.0016,1.0009,1.1617,0.7265,1.8023%,2.1137%,27.2949%,-0.0200079999999999,OC,91531.0,2019-02-14,252.0,-0.6853%,-0.0016,1.0018,1.1588,0.7303,1.8023%,2.1134%,27.2785%,-0.006679,OC,91531.0,2019-02-15,252.0,1.9955%,-0.0016,1.0153,1.1713,0.7527,1.8004%,2.1171%,27.6768%,0.002133,OC,-0.003216,0.002598,-0.005847,-0.005993,0.000606
39011,OPKO HEALTH INC,Shares of OPKO Health Inc are trading lower after the company announced that one of the methods used to measure a primary endpoint of its OPK-88004 trial proved too imprecise to determine the drug's effect.,6,decrease,0.9,0.8,"the announcement of imprecise measurement methods in a clinical trial typically raises concerns about the drug's efficacy, likely leading to a decline in investor confidence and stock price.",0,2019-02-01,OPK,2019-02-01 16:17:00+00:00,82567.0,68375N10,-0.02445656247437,5255005.0,-0.0194985885173082,-0.0107526779174804,-0.1562499850988388,0.047887347638607,-0.0471380837261676,0.0230547320097684,-0.0247349590063095,-0.0892388224601745,-0.0253622941672802,0.0325202941894531,0.0185873433947563,0.0165289100259542,0.0328466854989528,-0.0135869430378079,-0.0212013944983482,-0.0315789170563221,0.0072202095761895,0.0215053558349609,0.0250895824283361,-0.002680962672457,-0.013986000791192,-0.0132275009527802,-0.0248226728290319,0.0216215997934341,-0.003636360168457,-0.0339425280690193,0.0255474206060171,0.0213333126157522,0.0106761464849114,0.027397233992815,-0.0035211234353482,0.0082873506471514,-0.0176678281277418,-0.0136240301653742,-0.0827338173985481,0.0367231965065002,0.0745098292827606,0.0792682915925979,-0.0255474206060171,-0.0030395109206438,-0.0074906293302774,0.0930232480168342,-0.033962320536375,-0.0474683828651905,-0.0078124925494194,0.249011904001236,-0.0275590289384126,-0.0039370041340589,0.0404857918620109,0.0325202941894531,-0.0116731412708759,-0.039062462747097,0.0039370041340589,-0.055350586771965,-0.050980344414711,-0.0491227619349956,0.0371900461614131,-0.0531561747193336,0.0039840601384639,-0.0504732131958007,-0.0039682500064373,-0.0364741310477256,-0.0199203006923198,-0.0351906530559063,0.1056910529732704,0.0209581349045038,-0.0698529630899429,0.0030030002817511,-0.0039525656029582,0.0030120452865958,0.0198412518948316,0.0121951103210449,-0.0428015179932117,0.0092307608574628,0.0284552574157714,-0.0687679126858711,0.0316205248236656,-0.0742705464363098,-0.0114942425861954,0.0080213826149702,-0.023255793377757,0.0303029995411634,0.0198412518948316,0.0491329692304134,-0.0116731412708759,0.0613497085869312,0.0275590289384126,-0.0632183998823165,-0.0306513123214244,0.0116278957575559,-0.011857695877552,-0.0309858862310648,0.0159999839961528,0.0028248562011867,-0.0393700413405895,0.0260869320482015,0.0163934268057346,-0.0308988466858863,-0.0080645084381103,0.0084985755383968,0.0040650367736816,0.0928792431950569,-0.0242914743721485,-0.074498564004898,-0.0041493736207485,-0.0630872249603271,-0.025000074878335,0.2055016160011292,0.0299146044999361,-0.1146132051944733,-0.0331950858235359,-0.0958548933267593,0.0128755243495106,0.0376343727111816,0.0423729456961154,0.047887347638607,-0.0162601470947265,-0.0583554469048976,-0.0123966820538044,0.0300546158105135,-0.0194985885173082,-0.0107526779174804,-0.1727019194508692,0.0366197524956461,-0.2116991656382919,0.0605187430854659,-0.2506963431686974,-0.0027100217811314,-0.2033426251966286,-0.0134048086023133,-0.2980501207256569,0.1608832788641006,-0.3342617852173148,0.0054644776094303,2019-02-04,2019-02-05,2019-02-06,2019-02-07,2019-02-08,2019-02-11,2019-02-12,2019-02-13,2019-02-14,2019-02-15,82567.0,2019-02-01,248.0,-2.4457%,0.0009,1.7792,1.9648,1.2454,4.9000%,5.3030%,14.6215%,-0.02993,OPK,82567.0,2019-02-04,248.0,-1.9499%,0.0008,1.7741,1.9469,1.2613,4.9051%,5.3045%,14.4948%,-0.036111,OPK,82567.0,2019-02-05,248.0,-15.6250%,0.0003,1.7717,2.0024,1.3652,5.0032%,5.3895%,13.8223%,-0.154854,OPK,82567.0,2019-02-06,248.0,-4.7138%,-0.0001,1.8356,1.9825,1.4222,5.0056%,5.3949%,13.9104%,-0.044096,OPK,82567.0,2019-02-07,248.0,-2.4735%,-0.0002,1.819,2.0083,1.4167,5.0016%,5.3873%,13.8080%,-0.010733,OPK,82567.0,2019-02-08,248.0,-2.5362%,-0.0001,1.8207,2.0607,1.4582,4.9916%,5.3818%,13.9771%,-0.0183289999999999,OPK,82567.0,2019-02-11,248.0,1.8587%,-0.0001,1.842,2.0392,1.4577,4.9904%,5.3805%,13.9750%,-0.001016,OPK,82567.0,2019-02-12,248.0,3.2847%,0.0001,1.8783,2.0001,1.4832,4.9794%,5.3794%,14.3190%,0.009765,OPK,82567.0,2019-02-13,248.0,-2.1201%,-0.0,1.8712,2.0004,1.4762,4.9826%,5.3799%,14.2232%,-0.028799,OPK,82567.0,2019-02-14,248.0,0.7220%,0.0001,1.8701,2.006,1.4683,4.9818%,5.3795%,14.2370%,0.00921,OPK,82567.0,2019-02-15,248.0,2.5090%,0.0002,1.8922,2.0249,1.503,4.9776%,5.3816%,14.4510%,-0.008206,OPK,-0.0660409999999999,-0.2208949999999999,-0.264991,-0.2940529999999999,-0.3130989999999999
39019,OPKO HEALTH INC,OPKO Health Receives FDA Approval For The Point-Of-Care Sangia PSA Test With The Claros 1 Analyzer,6,increase,0.8,0.7,"the fda approval for a new point-of-care test is likely to enhance opko health's product offerings and market potential, which typically leads to a positive reaction in stock price.",2,2019-02-01,OPK,2019-02-01 13:04:00+00:00,82567.0,68375N10,-0.02445656247437,5255005.0,-0.0194985885173082,-0.0107526779174804,-0.1562499850988388,0.047887347638607,-0.0471380837261676,0.0230547320097684,-0.0247349590063095,-0.0892388224601745,-0.0253622941672802,0.0325202941894531,0.0185873433947563,0.0165289100259542,0.0328466854989528,-0.0135869430378079,-0.0212013944983482,-0.0315789170563221,0.0072202095761895,0.0215053558349609,0.0250895824283361,-0.002680962672457,-0.013986000791192,-0.0132275009527802,-0.0248226728290319,0.0216215997934341,-0.003636360168457,-0.0339425280690193,0.0255474206060171,0.0213333126157522,0.0106761464849114,0.027397233992815,-0.0035211234353482,0.0082873506471514,-0.0176678281277418,-0.0136240301653742,-0.0827338173985481,0.0367231965065002,0.0745098292827606,0.0792682915925979,-0.0255474206060171,-0.0030395109206438,-0.0074906293302774,0.0930232480168342,-0.033962320536375,-0.0474683828651905,-0.0078124925494194,0.249011904001236,-0.0275590289384126,-0.0039370041340589,0.0404857918620109,0.0325202941894531,-0.0116731412708759,-0.039062462747097,0.0039370041340589,-0.055350586771965,-0.050980344414711,-0.0491227619349956,0.0371900461614131,-0.0531561747193336,0.0039840601384639,-0.0504732131958007,-0.0039682500064373,-0.0364741310477256,-0.0199203006923198,-0.0351906530559063,0.1056910529732704,0.0209581349045038,-0.0698529630899429,0.0030030002817511,-0.0039525656029582,0.0030120452865958,0.0198412518948316,0.0121951103210449,-0.0428015179932117,0.0092307608574628,0.0284552574157714,-0.0687679126858711,0.0316205248236656,-0.0742705464363098,-0.0114942425861954,0.0080213826149702,-0.023255793377757,0.0303029995411634,0.0198412518948316,0.0491329692304134,-0.0116731412708759,0.0613497085869312,0.0275590289384126,-0.0632183998823165,-0.0306513123214244,0.0116278957575559,-0.011857695877552,-0.0309858862310648,0.0159999839961528,0.0028248562011867,-0.0393700413405895,0.0260869320482015,0.0163934268057346,-0.0308988466858863,-0.0080645084381103,0.0084985755383968,0.0040650367736816,0.0928792431950569,-0.0242914743721485,-0.074498564004898,-0.0041493736207485,-0.0630872249603271,-0.025000074878335,0.2055016160011292,0.0299146044999361,-0.1146132051944733,-0.0331950858235359,-0.0958548933267593,0.0128755243495106,0.0376343727111816,0.0423729456961154,0.047887347638607,-0.0162601470947265,-0.0583554469048976,-0.0123966820538044,0.0300546158105135,-0.0194985885173082,-0.0107526779174804,-0.1727019194508692,0.0366197524956461,-0.2116991656382919,0.0605187430854659,-0.2506963431686974,-0.0027100217811314,-0.2033426251966286,-0.0134048086023133,-0.2980501207256569,0.1608832788641006,-0.3342617852173148,0.0054644776094303,2019-02-04,2019-02-05,2019-02-06,2019-02-07,2019-02-08,2019-02-11,2019-02-12,2019-02-13,2019-02-14,2019-02-15,82567.0,2019-02-01,248.0,-2.4457%,0.0009,1.7792,1.9648,1.2454,4.9000%,5.3030%,14.6215%,-0.02993,OPK,82567.0,2019-02-04,248.0,-1.9499%,0.0008,1.7741,1.9469,1.2613,4.9051%,5.3045%,14.4948%,-0.036111,OPK,82567.0,2019-02-05,248.0,-15.6250%,0.0003,1.7717,2.0024,1.3652,5.0032%,5.3895%,13.8223%,-0.154854,OPK,82567.0,2019-02-06,248.0,-4.7138%,-0.0001,1.8356,1.9825,1.4222,5.0056%,5.3949%,13.9104%,-0.044096,OPK,82567.0,2019-02-07,248.0,-2.4735%,-0.0002,1.819,2.0083,1.4167,5.0016%,5.3873%,13.8080%,-0.010733,OPK,82567.0,2019-02-08,248.0,-2.5362%,-0.0001,1.8207,2.0607,1.4582,4.9916%,5.3818%,13.9771%,-0.0183289999999999,OPK,82567.0,2019-02-11,248.0,1.8587%,-0.0001,1.842,2.0392,1.4577,4.9904%,5.3805%,13.9750%,-0.001016,OPK,82567.0,2019-02-12,248.0,3.2847%,0.0001,1.8783,2.0001,1.4832,4.9794%,5.3794%,14.3190%,0.009765,OPK,82567.0,2019-02-13,248.0,-2.1201%,-0.0,1.8712,2.0004,1.4762,4.9826%,5.3799%,14.2232%,-0.028799,OPK,82567.0,2019-02-14,248.0,0.7220%,0.0001,1.8701,2.006,1.4683,4.9818%,5.3795%,14.2370%,0.00921,OPK,82567.0,2019-02-15,248.0,2.5090%,0.0002,1.8922,2.0249,1.503,4.9776%,5.3816%,14.4510%,-0.008206,OPK,-0.0660409999999999,-0.2208949999999999,-0.264991,-0.2940529999999999,-0.3130989999999999
39027,OPKO HEALTH INC,"OPKO Provides Update on the Development of OPK-88004, a Selective Androgen Receptor Modulator",6,increase,0.7,0.6,"the update on the development of opk-88004, a selective androgen receptor modulator, suggests progress in opko's pipeline, which could positively influence investor sentiment and stock price.",2,2019-02-01,OPK,2019-02-01 09:34:00+00:00,82567.0,68375N10,-0.02445656247437,5255005.0,-0.0194985885173082,-0.0107526779174804,-0.1562499850988388,0.047887347638607,-0.0471380837261676,0.0230547320097684,-0.0247349590063095,-0.0892388224601745,-0.0253622941672802,0.0325202941894531,0.0185873433947563,0.0165289100259542,0.0328466854989528,-0.0135869430378079,-0.0212013944983482,-0.0315789170563221,0.0072202095761895,0.0215053558349609,0.0250895824283361,-0.002680962672457,-0.013986000791192,-0.0132275009527802,-0.0248226728290319,0.0216215997934341,-0.003636360168457,-0.0339425280690193,0.0255474206060171,0.0213333126157522,0.0106761464849114,0.027397233992815,-0.0035211234353482,0.0082873506471514,-0.0176678281277418,-0.0136240301653742,-0.0827338173985481,0.0367231965065002,0.0745098292827606,0.0792682915925979,-0.0255474206060171,-0.0030395109206438,-0.0074906293302774,0.0930232480168342,-0.033962320536375,-0.0474683828651905,-0.0078124925494194,0.249011904001236,-0.0275590289384126,-0.0039370041340589,0.0404857918620109,0.0325202941894531,-0.0116731412708759,-0.039062462747097,0.0039370041340589,-0.055350586771965,-0.050980344414711,-0.0491227619349956,0.0371900461614131,-0.0531561747193336,0.0039840601384639,-0.0504732131958007,-0.0039682500064373,-0.0364741310477256,-0.0199203006923198,-0.0351906530559063,0.1056910529732704,0.0209581349045038,-0.0698529630899429,0.0030030002817511,-0.0039525656029582,0.0030120452865958,0.0198412518948316,0.0121951103210449,-0.0428015179932117,0.0092307608574628,0.0284552574157714,-0.0687679126858711,0.0316205248236656,-0.0742705464363098,-0.0114942425861954,0.0080213826149702,-0.023255793377757,0.0303029995411634,0.0198412518948316,0.0491329692304134,-0.0116731412708759,0.0613497085869312,0.0275590289384126,-0.0632183998823165,-0.0306513123214244,0.0116278957575559,-0.011857695877552,-0.0309858862310648,0.0159999839961528,0.0028248562011867,-0.0393700413405895,0.0260869320482015,0.0163934268057346,-0.0308988466858863,-0.0080645084381103,0.0084985755383968,0.0040650367736816,0.0928792431950569,-0.0242914743721485,-0.074498564004898,-0.0041493736207485,-0.0630872249603271,-0.025000074878335,0.2055016160011292,0.0299146044999361,-0.1146132051944733,-0.0331950858235359,-0.0958548933267593,0.0128755243495106,0.0376343727111816,0.0423729456961154,0.047887347638607,-0.0162601470947265,-0.0583554469048976,-0.0123966820538044,0.0300546158105135,-0.0194985885173082,-0.0107526779174804,-0.1727019194508692,0.0366197524956461,-0.2116991656382919,0.0605187430854659,-0.2506963431686974,-0.0027100217811314,-0.2033426251966286,-0.0134048086023133,-0.2980501207256569,0.1608832788641006,-0.3342617852173148,0.0054644776094303,2019-02-04,2019-02-05,2019-02-06,2019-02-07,2019-02-08,2019-02-11,2019-02-12,2019-02-13,2019-02-14,2019-02-15,82567.0,2019-02-01,248.0,-2.4457%,0.0009,1.7792,1.9648,1.2454,4.9000%,5.3030%,14.6215%,-0.02993,OPK,82567.0,2019-02-04,248.0,-1.9499%,0.0008,1.7741,1.9469,1.2613,4.9051%,5.3045%,14.4948%,-0.036111,OPK,82567.0,2019-02-05,248.0,-15.6250%,0.0003,1.7717,2.0024,1.3652,5.0032%,5.3895%,13.8223%,-0.154854,OPK,82567.0,2019-02-06,248.0,-4.7138%,-0.0001,1.8356,1.9825,1.4222,5.0056%,5.3949%,13.9104%,-0.044096,OPK,82567.0,2019-02-07,248.0,-2.4735%,-0.0002,1.819,2.0083,1.4167,5.0016%,5.3873%,13.8080%,-0.010733,OPK,82567.0,2019-02-08,248.0,-2.5362%,-0.0001,1.8207,2.0607,1.4582,4.9916%,5.3818%,13.9771%,-0.0183289999999999,OPK,82567.0,2019-02-11,248.0,1.8587%,-0.0001,1.842,2.0392,1.4577,4.9904%,5.3805%,13.9750%,-0.001016,OPK,82567.0,2019-02-12,248.0,3.2847%,0.0001,1.8783,2.0001,1.4832,4.9794%,5.3794%,14.3190%,0.009765,OPK,82567.0,2019-02-13,248.0,-2.1201%,-0.0,1.8712,2.0004,1.4762,4.9826%,5.3799%,14.2232%,-0.028799,OPK,82567.0,2019-02-14,248.0,0.7220%,0.0001,1.8701,2.006,1.4683,4.9818%,5.3795%,14.2370%,0.00921,OPK,82567.0,2019-02-15,248.0,2.5090%,0.0002,1.8922,2.0249,1.503,4.9776%,5.3816%,14.4510%,-0.008206,OPK,-0.0660409999999999,-0.2208949999999999,-0.264991,-0.2940529999999999,-0.3130989999999999
39035,OPPENHEIMER HOLDINGS INC,"Oppenheimer Holdings Q4 EPS $0.62 Down From $0.89 YoY, Sales $243.254M Beat $237.81M Estimate",6,decrease,0.7,0.5,"the decline in eps from $0.89 to $0.62 suggests weaker profitability, which may negatively impact investor sentiment despite the sales beat.",0,2019-02-01,OPY,2019-02-01 13:03:00+00:00,78451.0,68379710,-0.004456028342247,97573.0,0.0249906778335571,0.0097487904131412,-0.011644821614027,0.0075557525269687,-0.0305596441030502,-0.0067542330361902,0.0091150691732764,-0.0074488180689513,0.0003763729473575,0.0022396217100322,0.0048908637836575,0.0,0.0052415314130485,-0.014711276628077,0.0160149093717336,-0.0191197246313095,0.0003665548865683,0.0036205095238983,0.0198675133287906,0.0117216706275939,0.0079365521669387,0.012235814705491,-0.0007158360094763,0.0219780188053846,0.001790803624317,-0.0022684829309582,0.016446229070425,0.0106993000954389,-0.002813926199451,0.0080894064158201,-0.0102293090894818,-0.0080244932323694,0.0117605105042457,0.0007648358587175,-0.0059880269691348,0.0057692159898579,0.0063784657977521,0.0276680160313844,0.0024647780228406,0.0007910818676464,0.0091324280947446,-0.010567458346486,-0.0083536291494965,0.0055096177384257,-0.0059670088812708,0.0188452005386352,-0.0067090583033859,0.0146460784599185,0.0074653751216828,0.0349473655223846,-0.0077628549188375,-0.0185950715094804,-0.0092460960149765,0.0062370700761675,-0.00251255184412,-0.0008309288532473,-0.0140338717028498,-0.013120119459927,0.0197080634534359,-0.0133495116606354,-0.0186113268136978,-0.0040290243923664,-0.0335521548986434,-0.0111554060131311,-0.0033962321467697,-0.02637704834342,-0.0439227521419525,0.0169625356793403,0.0174257643520832,-0.0011819850187748,0.0155702456831932,-0.018561540171504,0.0049827196635305,-0.013729928061366,0.004195294342935,0.0072992169298231,-0.0117736216634511,-0.0769503563642501,0.010376650840044,-0.0108733586966991,-0.0167364217340946,0.0014050198951736,-0.0205029267817735,-0.0024527539499104,0.0280411131680011,0.021109128370881,0.008451759815216,-0.0230688508599996,-0.0003809611080214,0.0131020126864314,-0.0182926654815673,-0.0028248562011867,0.0089285532012581,0.0035435997415333,0.0092343119904398,-0.042740847915411,0.009149819612503,-0.0037174928002059,-0.0204004161059856,-0.0093739768490195,0.0030852265190333,0.0026854623574763,-0.0142253302037715,-0.0083222370594739,-0.0070202928036451,-0.0029869978316128,-0.014532558619976,-0.020799521356821,-0.0023913697805255,-0.0216216314584016,0.0015980426687747,-0.0028435657732188,-0.0083765089511871,0.0196520201861858,0.0623491220176219,0.0055069671943783,0.0037864590995013,-0.0064370408654212,-0.0098076285794377,0.0045263301581144,0.0249906778335571,0.0097487904131412,0.0130548442341447,0.0173782023879089,-0.0179037512625217,0.0105065929230407,-0.0085788723170688,0.0052258078472602,0.0381270160711766,-0.0135530736741942,0.0463661661231553,0.0894013381486091,-0.0169251515991746,-0.1262789903039047,2019-02-04,2019-02-05,2019-02-06,2019-02-07,2019-02-08,2019-02-11,2019-02-12,2019-02-13,2019-02-14,2019-02-15,78451.0,2019-02-01,252.0,-0.4456%,0.0003,0.9404,0.7414,0.7606,1.3156%,1.6559%,36.8777%,-0.008206,OPY,78451.0,2019-02-04,252.0,2.4991%,0.0003,0.9398,0.7436,0.7391,1.3131%,1.6545%,37.0135%,0.01806,OPY,78451.0,2019-02-05,252.0,-1.1645%,0.0002,0.9525,0.752,0.7607,1.3117%,1.6555%,37.2281%,-0.010757,OPY,78451.0,2019-02-06,252.0,-3.0560%,-0.0,1.0244,0.7294,0.8276,1.2976%,1.6666%,39.3811%,-0.0290209999999999,OPY,78451.0,2019-02-07,252.0,0.9115%,0.0003,1.052,0.687,0.8364,1.2545%,1.6457%,41.8872%,0.016262,OPY,78451.0,2019-02-08,252.0,0.0376%,0.0003,1.0513,0.6824,0.8305,1.2546%,1.6453%,41.8542%,0.004757,OPY,78451.0,2019-02-11,252.0,0.4891%,0.0003,1.0371,0.6914,0.8279,1.2531%,1.6272%,40.6962%,-0.003095,OPY,78451.0,2019-02-12,252.0,0.5242%,0.0003,1.0328,0.6911,0.8258,1.2541%,1.6258%,40.5022%,-0.0076939999999999,OPY,78451.0,2019-02-13,252.0,1.6015%,0.0003,1.0404,0.6831,0.8272,1.2537%,1.6286%,40.7433%,0.01203,OPY,78451.0,2019-02-14,252.0,0.0367%,0.0004,1.0406,0.6855,0.8228,1.2500%,1.6263%,40.9261%,0.0036969999999999,OPY,78451.0,2019-02-15,252.0,1.9868%,0.0004,1.0393,0.6845,0.8209,1.2499%,1.6234%,40.7235%,0.002345,OPY,0.009854,-0.000903,-0.029924,-0.0089049999999999,-0.0016219999999999
39043,P G & E CORP,"PG&E Receives Court Approval Of ""First Day"" Motions To Support Normal Business Operations; Court Grants Co. Interim Approval To Access Up To $1.5B Of Its $5.5B In DIP Financing",6,increase,0.7,0.6,"the court's approval for pg&e to access significant financing suggests improved liquidity and operational stability, which is generally viewed positively by investors.",2,2019-02-01,PCG,2019-02-01 21:32:00+00:00,13688.0,69331C10,0.0061538401059806,6496910.0,0.0160550493746995,-0.049012441188097,0.0594431869685649,-0.0228734593838453,-0.0291193071752786,0.1648625731468201,0.0285296514630317,0.0203908029943704,0.0099572818726301,-0.1562723517417908,0.0091549381613731,0.7459324598312378,0.0767620652914047,0.0376623347401619,-0.0142579562962055,0.0650068894028663,0.0170940328389406,0.1367924362421036,0.0006463655736297,-0.0953058376908302,0.1459948569536209,0.0173661895096302,0.0264937616884708,-0.1754176914691925,0.065348744392395,-0.5235929489135742,-0.0324741825461387,-0.0095720766112208,-0.0063932249322533,-0.0039259502664208,-0.0069704647175967,0.0153758805245161,-0.0388769544661045,-0.0733509883284568,-0.0432583466172218,-0.223360612988472,0.0516734644770622,0.0187890958040952,0.0078168278560042,0.0063025853596627,0.0144044458866119,0.0021052309311926,0.0027308107819408,-0.0058601670898497,0.0386709719896316,0.0122880935668945,0.0167802665382623,0.0115731013938784,-0.0005157415871508,0.0077753914520144,-0.0082559268921613,0.0175824016332626,0.0124869812279939,-0.0461216084659099,0.0025694319047033,0.0042105424217879,0.0071757757104933,0.031711533665657,-0.0111958943307399,-0.0581014752388,-0.0185280796140432,-0.0603613853454589,0.0005243958439677,-0.0188608076423406,-0.0015723630785942,0.0045472090132534,0.0194226168096065,0.0126630822196602,-0.0623069517314434,0.0065662451088428,-0.014277777634561,0.0038774125277996,-0.0150418076664209,-0.0092201214283704,-0.0243212841451168,-0.0269158612936735,0.0318840146064758,-0.0132792545482516,0.0117978090420365,0.0276725348085165,-0.019433669745922,-0.0142003390938043,0.0458663366734981,-0.0254915840923786,0.0211153924465179,0.0181683264672756,0.0270413681864738,0.0736464336514473,0.0160041023045778,0.0536913052201271,-0.0436992160975933,-0.0189300049096345,0.002656809054315,0.0336026810109615,0.0137783950194716,0.0107480650767684,0.206482008099556,-0.0467212870717048,0.0277296099811792,0.3754227757453918,-0.0615513958036899,-0.3067604601383209,-0.0184186808764934,-0.2179095596075058,-0.0389016196131706,-0.0078835152089595,0.0190476011484861,-0.1738476753234863,0.0060748164542019,-0.1648535877466202,0.0650255233049392,-0.0204918030649423,0.0069777518510818,0.0045285588130354,0.0138587998226285,-0.0026688000652939,0.0004271776706445,0.0267706681042909,-0.0384286753833293,0.0055107739754021,0.0160550493746995,-0.049012441188097,0.0764525996450344,-0.0707648164891232,0.0451070457363433,0.0824312869230374,0.0856269026250498,-0.0681003403349259,0.1834862117250839,0.8492176324581904,0.4854740498802592,-0.4680851053844848,0.721712591658632,-0.7244595115279672,2019-02-04,2019-02-05,2019-02-06,2019-02-07,2019-02-08,2019-02-11,2019-02-12,2019-02-13,2019-02-14,2019-02-15,13688.0,2019-02-01,252.0,0.6154%,-0.0017,0.572,0.1186,0.3214,7.5233%,7.5470%,0.6263%,0.004033,PCG,13688.0,2019-02-04,252.0,1.6055%,-0.0017,0.5744,0.1262,0.3167,7.5239%,7.5478%,0.6326%,0.012746,PCG,13688.0,2019-02-05,252.0,5.9443%,-0.0014,0.5632,0.1005,0.2629,7.5331%,7.5560%,0.6045%,0.058875,PCG,13688.0,2019-02-06,252.0,-2.9119%,-0.0015,0.5601,0.1019,0.2562,7.5349%,7.5562%,0.5614%,-0.028154,PCG,13688.0,2019-02-07,252.0,2.8530%,-0.0013,0.5617,0.0851,0.2662,7.5372%,7.5583%,0.5582%,0.032772,PCG,13688.0,2019-02-08,252.0,0.9957%,-0.0012,0.5594,0.0887,0.2587,7.5374%,7.5584%,0.5550%,0.011146,PCG,13688.0,2019-02-11,252.0,0.9155%,-0.0011,0.5453,0.1133,0.2647,7.5372%,7.5563%,0.5043%,0.0070909999999999,PCG,13688.0,2019-02-12,252.0,7.6762%,-0.0009,0.5813,0.1191,0.282,7.5503%,7.5719%,0.5702%,0.069673,PCG,13688.0,2019-02-13,252.0,-1.4258%,-0.001,0.5724,0.1279,0.2798,7.5504%,7.5713%,0.5508%,-0.016254,PCG,13688.0,2019-02-14,252.0,1.7094%,-0.001,0.5668,0.1384,0.2697,7.5511%,7.5717%,0.5431%,0.019154,PCG,13688.0,2019-02-15,252.0,0.0646%,-0.0009,0.586,0.1549,0.2998,7.5490%,7.5708%,0.5741%,-0.007499,PCG,0.016779,0.075654,0.0475,0.091418,0.163583
39051,P G & E CORP,'Utility regulator considering public takeover of PG&E amid growing protests' -Earlier Tweet From CBS Sacramento; Shares Did Not Appear To React,6,decrease,0.7,0.6,"the consideration of a public takeover amid protests suggests regulatory and operational instability, which typically negatively impacts investor confidence and stock prices.",0,2019-02-01,PCG,2019-02-01 19:06:00+00:00,13688.0,69331C10,0.0061538401059806,6496910.0,0.0160550493746995,-0.049012441188097,0.0594431869685649,-0.0228734593838453,-0.0291193071752786,0.1648625731468201,0.0285296514630317,0.0203908029943704,0.0099572818726301,-0.1562723517417908,0.0091549381613731,0.7459324598312378,0.0767620652914047,0.0376623347401619,-0.0142579562962055,0.0650068894028663,0.0170940328389406,0.1367924362421036,0.0006463655736297,-0.0953058376908302,0.1459948569536209,0.0173661895096302,0.0264937616884708,-0.1754176914691925,0.065348744392395,-0.5235929489135742,-0.0324741825461387,-0.0095720766112208,-0.0063932249322533,-0.0039259502664208,-0.0069704647175967,0.0153758805245161,-0.0388769544661045,-0.0733509883284568,-0.0432583466172218,-0.223360612988472,0.0516734644770622,0.0187890958040952,0.0078168278560042,0.0063025853596627,0.0144044458866119,0.0021052309311926,0.0027308107819408,-0.0058601670898497,0.0386709719896316,0.0122880935668945,0.0167802665382623,0.0115731013938784,-0.0005157415871508,0.0077753914520144,-0.0082559268921613,0.0175824016332626,0.0124869812279939,-0.0461216084659099,0.0025694319047033,0.0042105424217879,0.0071757757104933,0.031711533665657,-0.0111958943307399,-0.0581014752388,-0.0185280796140432,-0.0603613853454589,0.0005243958439677,-0.0188608076423406,-0.0015723630785942,0.0045472090132534,0.0194226168096065,0.0126630822196602,-0.0623069517314434,0.0065662451088428,-0.014277777634561,0.0038774125277996,-0.0150418076664209,-0.0092201214283704,-0.0243212841451168,-0.0269158612936735,0.0318840146064758,-0.0132792545482516,0.0117978090420365,0.0276725348085165,-0.019433669745922,-0.0142003390938043,0.0458663366734981,-0.0254915840923786,0.0211153924465179,0.0181683264672756,0.0270413681864738,0.0736464336514473,0.0160041023045778,0.0536913052201271,-0.0436992160975933,-0.0189300049096345,0.002656809054315,0.0336026810109615,0.0137783950194716,0.0107480650767684,0.206482008099556,-0.0467212870717048,0.0277296099811792,0.3754227757453918,-0.0615513958036899,-0.3067604601383209,-0.0184186808764934,-0.2179095596075058,-0.0389016196131706,-0.0078835152089595,0.0190476011484861,-0.1738476753234863,0.0060748164542019,-0.1648535877466202,0.0650255233049392,-0.0204918030649423,0.0069777518510818,0.0045285588130354,0.0138587998226285,-0.0026688000652939,0.0004271776706445,0.0267706681042909,-0.0384286753833293,0.0055107739754021,0.0160550493746995,-0.049012441188097,0.0764525996450344,-0.0707648164891232,0.0451070457363433,0.0824312869230374,0.0856269026250498,-0.0681003403349259,0.1834862117250839,0.8492176324581904,0.4854740498802592,-0.4680851053844848,0.721712591658632,-0.7244595115279672,2019-02-04,2019-02-05,2019-02-06,2019-02-07,2019-02-08,2019-02-11,2019-02-12,2019-02-13,2019-02-14,2019-02-15,13688.0,2019-02-01,252.0,0.6154%,-0.0017,0.572,0.1186,0.3214,7.5233%,7.5470%,0.6263%,0.004033,PCG,13688.0,2019-02-04,252.0,1.6055%,-0.0017,0.5744,0.1262,0.3167,7.5239%,7.5478%,0.6326%,0.012746,PCG,13688.0,2019-02-05,252.0,5.9443%,-0.0014,0.5632,0.1005,0.2629,7.5331%,7.5560%,0.6045%,0.058875,PCG,13688.0,2019-02-06,252.0,-2.9119%,-0.0015,0.5601,0.1019,0.2562,7.5349%,7.5562%,0.5614%,-0.028154,PCG,13688.0,2019-02-07,252.0,2.8530%,-0.0013,0.5617,0.0851,0.2662,7.5372%,7.5583%,0.5582%,0.032772,PCG,13688.0,2019-02-08,252.0,0.9957%,-0.0012,0.5594,0.0887,0.2587,7.5374%,7.5584%,0.5550%,0.011146,PCG,13688.0,2019-02-11,252.0,0.9155%,-0.0011,0.5453,0.1133,0.2647,7.5372%,7.5563%,0.5043%,0.0070909999999999,PCG,13688.0,2019-02-12,252.0,7.6762%,-0.0009,0.5813,0.1191,0.282,7.5503%,7.5719%,0.5702%,0.069673,PCG,13688.0,2019-02-13,252.0,-1.4258%,-0.001,0.5724,0.1279,0.2798,7.5504%,7.5713%,0.5508%,-0.016254,PCG,13688.0,2019-02-14,252.0,1.7094%,-0.001,0.5668,0.1384,0.2697,7.5511%,7.5717%,0.5431%,0.019154,PCG,13688.0,2019-02-15,252.0,0.0646%,-0.0009,0.586,0.1549,0.2998,7.5490%,7.5708%,0.5741%,-0.007499,PCG,0.016779,0.075654,0.0475,0.091418,0.163583
39059,P G & E CORP,PG&E Gets Court OK to Tap $1.5B of Bankruptcy Loan,6,increase,0.7,0.6,"the approval to access a significant bankruptcy loan suggests improved liquidity and financial stability for pg&e, which could positively influence investor sentiment and stock price.",2,2019-02-01,PCG,2019-02-01 10:08:00+00:00,13688.0,69331C10,0.0061538401059806,6496910.0,0.0160550493746995,-0.049012441188097,0.0594431869685649,-0.0228734593838453,-0.0291193071752786,0.1648625731468201,0.0285296514630317,0.0203908029943704,0.0099572818726301,-0.1562723517417908,0.0091549381613731,0.7459324598312378,0.0767620652914047,0.0376623347401619,-0.0142579562962055,0.0650068894028663,0.0170940328389406,0.1367924362421036,0.0006463655736297,-0.0953058376908302,0.1459948569536209,0.0173661895096302,0.0264937616884708,-0.1754176914691925,0.065348744392395,-0.5235929489135742,-0.0324741825461387,-0.0095720766112208,-0.0063932249322533,-0.0039259502664208,-0.0069704647175967,0.0153758805245161,-0.0388769544661045,-0.0733509883284568,-0.0432583466172218,-0.223360612988472,0.0516734644770622,0.0187890958040952,0.0078168278560042,0.0063025853596627,0.0144044458866119,0.0021052309311926,0.0027308107819408,-0.0058601670898497,0.0386709719896316,0.0122880935668945,0.0167802665382623,0.0115731013938784,-0.0005157415871508,0.0077753914520144,-0.0082559268921613,0.0175824016332626,0.0124869812279939,-0.0461216084659099,0.0025694319047033,0.0042105424217879,0.0071757757104933,0.031711533665657,-0.0111958943307399,-0.0581014752388,-0.0185280796140432,-0.0603613853454589,0.0005243958439677,-0.0188608076423406,-0.0015723630785942,0.0045472090132534,0.0194226168096065,0.0126630822196602,-0.0623069517314434,0.0065662451088428,-0.014277777634561,0.0038774125277996,-0.0150418076664209,-0.0092201214283704,-0.0243212841451168,-0.0269158612936735,0.0318840146064758,-0.0132792545482516,0.0117978090420365,0.0276725348085165,-0.019433669745922,-0.0142003390938043,0.0458663366734981,-0.0254915840923786,0.0211153924465179,0.0181683264672756,0.0270413681864738,0.0736464336514473,0.0160041023045778,0.0536913052201271,-0.0436992160975933,-0.0189300049096345,0.002656809054315,0.0336026810109615,0.0137783950194716,0.0107480650767684,0.206482008099556,-0.0467212870717048,0.0277296099811792,0.3754227757453918,-0.0615513958036899,-0.3067604601383209,-0.0184186808764934,-0.2179095596075058,-0.0389016196131706,-0.0078835152089595,0.0190476011484861,-0.1738476753234863,0.0060748164542019,-0.1648535877466202,0.0650255233049392,-0.0204918030649423,0.0069777518510818,0.0045285588130354,0.0138587998226285,-0.0026688000652939,0.0004271776706445,0.0267706681042909,-0.0384286753833293,0.0055107739754021,0.0160550493746995,-0.049012441188097,0.0764525996450344,-0.0707648164891232,0.0451070457363433,0.0824312869230374,0.0856269026250498,-0.0681003403349259,0.1834862117250839,0.8492176324581904,0.4854740498802592,-0.4680851053844848,0.721712591658632,-0.7244595115279672,2019-02-04,2019-02-05,2019-02-06,2019-02-07,2019-02-08,2019-02-11,2019-02-12,2019-02-13,2019-02-14,2019-02-15,13688.0,2019-02-01,252.0,0.6154%,-0.0017,0.572,0.1186,0.3214,7.5233%,7.5470%,0.6263%,0.004033,PCG,13688.0,2019-02-04,252.0,1.6055%,-0.0017,0.5744,0.1262,0.3167,7.5239%,7.5478%,0.6326%,0.012746,PCG,13688.0,2019-02-05,252.0,5.9443%,-0.0014,0.5632,0.1005,0.2629,7.5331%,7.5560%,0.6045%,0.058875,PCG,13688.0,2019-02-06,252.0,-2.9119%,-0.0015,0.5601,0.1019,0.2562,7.5349%,7.5562%,0.5614%,-0.028154,PCG,13688.0,2019-02-07,252.0,2.8530%,-0.0013,0.5617,0.0851,0.2662,7.5372%,7.5583%,0.5582%,0.032772,PCG,13688.0,2019-02-08,252.0,0.9957%,-0.0012,0.5594,0.0887,0.2587,7.5374%,7.5584%,0.5550%,0.011146,PCG,13688.0,2019-02-11,252.0,0.9155%,-0.0011,0.5453,0.1133,0.2647,7.5372%,7.5563%,0.5043%,0.0070909999999999,PCG,13688.0,2019-02-12,252.0,7.6762%,-0.0009,0.5813,0.1191,0.282,7.5503%,7.5719%,0.5702%,0.069673,PCG,13688.0,2019-02-13,252.0,-1.4258%,-0.001,0.5724,0.1279,0.2798,7.5504%,7.5713%,0.5508%,-0.016254,PCG,13688.0,2019-02-14,252.0,1.7094%,-0.001,0.5668,0.1384,0.2697,7.5511%,7.5717%,0.5431%,0.019154,PCG,13688.0,2019-02-15,252.0,0.0646%,-0.0009,0.586,0.1549,0.2998,7.5490%,7.5708%,0.5741%,-0.007499,PCG,0.016779,0.075654,0.0475,0.091418,0.163583
39067,PACIRA BIOSCIENCES INC,Mizuho Downgrades Pacira Pharmaceuticals to Underperform,6,decrease,0.8,0.7,"a downgrade from mizuho typically signals a negative outlook on the company's performance, which is likely to lead to a decrease in stock price.",0,2019-02-01,PCRX,2019-02-01 13:59:00+00:00,12583.0,69512710,-0.0349066369235515,677440.0,0.0208864882588386,-0.002941150451079,-0.0232036001980304,0.0210210252553224,-0.0140486089512705,0.0183485578745603,-0.0292745418846607,0.0097787203267216,0.0029356980230659,0.00387500715442,0.0050558438524603,-0.0276313051581382,0.0026475635822862,-0.0160651933401823,0.0,0.0104894647374749,0.0477951243519783,0.0338239446282386,0.0252016130834817,0.0101721277460455,-0.0181907974183559,0.0262312497943639,0.0077616772614419,-0.0061186365783214,-0.0159006062895059,-0.0200730040669441,0.0025245763827115,0.0049777952954173,-0.0052883173339068,-0.0031340492423623,0.0225316304713487,-0.0286655835807323,0.0059421067126095,0.0420300364494323,0.0135367764160037,-0.0060430774465203,0.0240407437086105,0.0066120070405304,-0.0334360897541046,-0.0952380821108818,-0.0412167944014072,-0.0285913422703743,-0.0445240922272205,0.0119972275570035,-0.0166041497141122,0.0218749977648258,-0.0068082786165177,-0.0528233088552951,0.0359198674559593,0.0631807446479797,-0.0050290799699723,-0.006015399005264,0.0303271990269422,-0.0266978777945041,0.0144591117277741,-0.0341551303863525,-0.017052736133337,0.009591189213097,0.0207146368920803,-0.0268888678401708,0.0345002710819244,-0.0057445499114692,-0.0264835227280855,-0.0117904134094715,0.0012594265863299,-0.0306878462433815,-0.0384905338287353,0.0053191487677395,-0.0060177794657647,0.0148995593190193,0.0131613574922084,0.0017305177170783,-0.0070148208178579,-0.0396759435534477,-0.0031397892162203,-0.0037251717876642,-0.0010497927432879,-0.0061702849343419,-0.0165528394281864,0.0060003534890711,0.0144269550219178,0.0066653513349592,0.0231761187314987,-0.0016635855427011,0.0072072744369506,0.0145569322630763,0.0153334643691778,-0.0268938113003969,0.0037755230441689,0.0437111854553222,-0.0243229996412992,-0.0012840011622756,-0.021074267104268,0.0178610254079103,-0.0078760627657175,-0.0036892790812999,-0.0005292526329867,-0.0153845604509115,0.0021180305629968,-0.0099429069086909,0.0071334335952997,-0.0056794374249875,-0.0406610518693924,-0.0068936292082071,0.0065628024749457,-0.0097228223457932,0.0527030304074287,-0.023828761652112,0.0103226201608777,-0.0280667375773191,0.0298850089311599,-0.00352044403553,-0.0032242329325526,0.0298086497932672,-0.0029857908375561,0.0203452873975038,-0.0057399435900151,-0.0329888686537742,-0.0005020195385441,-0.0352760776877403,0.0208864882588386,-0.002941150451079,-0.0028017536622907,0.0180180488063315,-0.016811001871982,0.0366972118922015,-0.0427915598369288,0.0508912762682474,0.0361691774616772,0.0610328680311837,0.0040753922316381,-0.0959999930938478,0.0142639174648699,-0.2200920185931014,2019-02-04,2019-02-05,2019-02-06,2019-02-07,2019-02-08,2019-02-11,2019-02-12,2019-02-13,2019-02-14,2019-02-15,12583.0,2019-02-01,251.0,-3.4907%,0.0007,0.8221,0.897,-0.2209,2.9909%,3.1911%,12.1545%,-0.034147,PCRX,12583.0,2019-02-04,251.0,2.0886%,0.0004,0.8107,0.8749,-0.2823,2.9586%,3.1634%,12.5276%,0.009545,PCRX,12583.0,2019-02-05,251.0,-2.3204%,0.0003,0.8146,0.8865,-0.2587,2.9638%,3.1660%,12.3676%,-0.027784,PCRX,12583.0,2019-02-06,251.0,-1.4049%,0.0003,0.7985,0.8919,-0.2762,2.9641%,3.1599%,12.0082%,-0.012087,PCRX,12583.0,2019-02-07,251.0,-2.9275%,0.0002,0.8029,0.8949,-0.2812,2.9668%,3.1649%,12.1278%,-0.019712,PCRX,12583.0,2019-02-08,251.0,0.2936%,0.0001,0.8032,0.8865,-0.2854,2.9662%,3.1643%,12.1284%,-0.000275,PCRX,12583.0,2019-02-11,251.0,0.5056%,0.0003,0.7574,0.928,-0.2869,2.9578%,3.1427%,11.4219%,-0.001363,PCRX,12583.0,2019-02-12,251.0,0.2648%,0.0001,0.7293,0.9575,-0.3066,2.9473%,3.1304%,11.3538%,-0.008427,PCRX,12583.0,2019-02-13,251.0,0.0000%,0.0002,0.7449,0.9302,-0.3121,2.9391%,3.1251%,11.5501%,-0.002502,PCRX,12583.0,2019-02-14,251.0,4.7795%,0.0004,0.7361,0.9538,-0.3398,2.9493%,3.1381%,11.6712%,0.042613,PCRX,12583.0,2019-02-15,251.0,2.5202%,0.0005,0.7522,0.9701,-0.3113,2.9506%,3.1417%,11.7989%,0.01603,PCRX,-0.024602,-0.052386,-0.064473,-0.08446,-0.038109
39075,PFIZER INC,Pfizer Receives Positive CHMP Opinion For Vizimpro For The First-line Treatment Of Adult Patients With Locally Advanced Or Metastatic Non-small Cell Lung Cancer With Egfr-activating Mutations,6,increase,0.8,0.6,the positive chmp opinion for vizimpro in treating a significant cancer indication is likely to boost investor confidence and potentially increase pfizer's stock price.,2,2019-02-01,PFE,2019-02-01 14:18:00+00:00,21936.0,71708110,0.0101295709609985,25844214.0,-0.0102612506598234,0.0295815020799636,-0.0077756368555128,0.0198675822466611,0.005224441178143,0.0313686244189739,-0.0148830860853195,-0.0273130070418119,0.0127098029479384,-0.007570241112262,-0.0130238989368081,-0.0287001673132181,0.0045585082843899,-0.0026023327372968,-0.004060142673552,-0.0061132926493883,0.0064748311415314,0.0014127044705674,0.0102454200387001,0.0085490522906184,0.0047169090248644,-0.0145096872001886,-0.0093896184116601,0.0084965927526354,-0.0014218334108591,-0.0118937063962221,0.0194589402526617,0.0134719852358102,0.0027933600358664,-0.0237655472010374,-0.0013927895342931,-0.0020723037887364,-0.0020920536480844,0.0046264347620308,0.0097833257168531,0.0053488267585635,0.0002307297982042,0.0228353720158338,-0.0066882129758596,-0.0279768574982881,-0.0041792499832808,-0.0091638378798961,-0.0240148939192295,0.0160615090280771,-0.0112279318273067,0.0025671089533716,-0.0120802130550146,0.0156435146927833,0.0149180879816412,0.0404438823461532,0.0055421576835215,-0.0329120196402072,0.0067097716964781,-0.0004767689388245,-0.019519155845046,-0.0004765417543239,0.0143238687887787,-0.0101415161043405,0.000718109018635,-0.0164694748818874,0.0117196328938007,-0.0157533939927816,-0.0030733114108443,-0.0172762051224708,0.0042684446088969,0.0092844171449542,-0.0118063762784004,0.0034083509817719,0.0009558164165355,-0.0087838554754853,0.0126521550118923,0.0109290387481451,-0.0094294603914022,-0.0235660597681999,0.0064255222678184,-0.0035445247776806,0.0042563322931528,-0.0184823274612426,0.0087120067328214,-0.0051913880743086,0.001633979845792,0.0158207267522811,-0.0016313142841681,0.0135856745764613,-0.0023342315107584,0.0188337154686451,0.005849321372807,0.0168435517698526,0.0034891301766037,0.0046360865235328,-0.006954085547477,0.0009280955418944,-0.0025677080266177,-0.0098782526329159,-0.0107652489095926,-0.0147125739604234,-0.0132481986656785,0.0153988050296902,0.0091105513274669,0.0069428198039531,-0.0277976244688034,0.0069913594052195,-0.0254153758287429,-0.0140165584161877,-0.0125376125797629,-0.0133756548166275,-0.0101574789732694,-0.003839163808152,0.0112878046929836,0.0098061645403504,-0.0012683724053204,-0.0047297980636358,0.0060960547998547,0.032318141311407,0.009088628925383,-0.0117187993600964,-0.0095071569085121,0.0137433065101504,0.0257640928030014,-0.0169452223926782,-0.0102612506598234,0.0295815020799636,-0.017957099756522,0.0500367972521782,-0.012826474389787,0.082975007171284,-0.0151586167881719,0.0454212437146581,-0.0111940187946977,0.0166231329707069,-0.0249533511595698,-0.0069589372824043,-0.0529384459262282,-0.0120920802368703,2019-02-04,2019-02-05,2019-02-06,2019-02-07,2019-02-08,2019-02-11,2019-02-12,2019-02-13,2019-02-14,2019-02-15,21936.0,2019-02-01,252.0,1.0130%,0.0009,0.7665,-0.4611,0.0893,0.9237%,1.2821%,48.0932%,0.0080089999999999,PFE,21936.0,2019-02-04,252.0,-1.0261%,0.0009,0.7633,-0.4706,0.0895,0.9279%,1.2839%,47.7693%,-0.0132559999999999,PFE,21936.0,2019-02-05,252.0,-0.7776%,0.0008,0.772,-0.4633,0.1073,0.9287%,1.2843%,47.7101%,-0.010997,PFE,21936.0,2019-02-06,252.0,0.5224%,0.0009,0.7395,-0.453,0.076,0.9214%,1.2388%,44.6736%,0.006701,PFE,21936.0,2019-02-07,252.0,-1.4883%,0.0008,0.7408,-0.4504,0.0734,0.9234%,1.2383%,44.3965%,-0.008991,PFE,21936.0,2019-02-08,252.0,1.2710%,0.0009,0.7386,-0.4492,0.065,0.9260%,1.2391%,44.1567%,0.012674,PFE,21936.0,2019-02-11,252.0,-1.3024%,0.0009,0.7243,-0.4521,0.0559,0.9273%,1.2169%,41.9309%,-0.011343,PFE,21936.0,2019-02-12,252.0,0.4559%,0.0008,0.7197,-0.4507,0.0534,0.9280%,1.2136%,41.5255%,-0.005206,PFE,21936.0,2019-02-13,252.0,-0.4060%,0.0008,0.7178,-0.4502,0.0518,0.9289%,1.2109%,41.1570%,-0.0059419999999999,PFE,21936.0,2019-02-14,252.0,0.6475%,0.0008,0.7151,-0.4451,0.0469,0.9303%,1.2106%,40.9498%,0.010523,PFE,21936.0,2019-02-15,252.0,1.0245%,0.0008,0.7196,-0.4408,0.0544,0.9301%,1.2114%,41.0515%,0.002952,PFE,-0.005247,-0.016244,-0.009543,-0.00586,-0.014876
39083,PROVIDENT FINANCIAL SVCS INC,Provident Financial Services Declares $0.20/Share Special Dividend,6,increase,0.75,0.6,"the declaration of a special dividend typically signals financial strength and can attract investors, likely leading to an increase in stock price.",2,2019-02-01,PFS,2019-02-01 13:09:00+00:00,89653.0,74386T10,0.0643464252352714,415695.0,0.0414448752999305,0.0024340555537492,0.0087623139843344,-0.0008107197936624,-0.004343066830188,-0.0040371571667492,0.0029080307576805,-0.0012096281861886,-0.0057991971261799,-0.0028147003613412,0.0058330236934125,-0.0024067175108939,0.012323310598731,-0.0016018826281651,-0.0096670407801866,-0.0047828154638409,-0.013015148229897,-0.0015916835982352,0.0126534514129161,-0.0039635505527257,0.0183755978941917,0.0243605524301528,0.0007217776146717,-0.0024301891680806,0.0021637710742652,-0.006838297471404,-0.0032385804224759,-0.0032076954375952,-0.0068592247553169,0.0,-0.0116321230307221,-0.0059784622862935,0.0069878124631941,0.0092517910525202,0.0025566692929714,-0.0119236577302217,0.0061930809170007,0.0273581091314554,-0.0133961196988821,0.0008173460955731,-0.0003669808793347,0.0140903508290648,-0.0135829271748662,0.0087792258709669,-0.0145143764093518,0.0084317354485392,0.0060422904789447,-0.0067001613788306,0.0112613048404455,0.0464504584670066,-0.0111358994618058,-0.0214408244937658,0.0086336880922317,0.0112749449908733,-0.0044659781269729,0.0100744431838393,-0.0052336221560835,-0.0297492872923612,0.0075159282423555,-0.0038103365805,-0.020141702145338,-0.0021123462356626,-0.0068519338965415,-0.0012658516643568,-0.00153318955563,-0.0222771875560283,-0.031094029545784,0.0138017535209655,0.0087162964046001,0.0041999323293566,0.0212097782641649,-0.0033486783504486,-0.0019230475882068,0.0,0.0061656972393393,-0.0103562558069825,-0.0084259370341897,-0.0617955774068832,0.0169949997216463,0.0019470107508823,-0.0034181599039584,0.0276110656559467,-0.0053353426046669,-0.0087266685441136,0.0137930531054735,0.0206477046012878,0.0083144828677177,-0.0084303123876452,-0.0071214591152966,0.006871466524899,-0.0094375237822532,0.0024310967419296,0.0221036560833454,-0.0020218049176037,0.0037285750731825,-0.0052293268963694,0.0085438163951039,-0.0032076954375952,-0.0114180287346243,-0.0043911659158766,0.0145305283367633,0.0174654088914394,-0.0003672504099085,-0.0146825360134244,-0.0073474966920912,-0.0015847467584535,-0.0203553345054388,0.0019848842639476,0.0173782017081975,-0.0156310908496379,0.0051986402831971,0.009467446245253,-0.0107129300013184,0.0019763298332691,0.0224047228693962,0.0255370549857616,-0.0157048366963863,0.0008113775984384,-0.0159554835408926,0.0090052932500839,0.0414448752999305,0.0024340555537492,0.0505703422946846,0.0016213624230705,0.0460076450882853,-0.0024223404386048,0.0429658228358653,-0.0064335241989046,0.0511574492228554,-0.020610402890658,0.0357049464528285,0.0461472555660282,0.0245019095125385,0.020088675174706,2019-02-04,2019-02-05,2019-02-06,2019-02-07,2019-02-08,2019-02-11,2019-02-12,2019-02-13,2019-02-14,2019-02-15,89653.0,2019-02-01,252.0,6.4346%,0.0006,0.8302,1.1048,1.1516,0.9743%,1.3836%,50.4185%,0.0597419999999999,PFS,89653.0,2019-02-04,252.0,4.1445%,0.0007,0.8368,1.1253,1.1449,0.9984%,1.4065%,49.6072%,0.035362,PFS,89653.0,2019-02-05,252.0,0.8762%,0.0007,0.8482,1.1248,1.1491,0.9978%,1.4067%,49.6860%,0.012834,PFS,89653.0,2019-02-06,252.0,-0.4343%,0.0007,0.8317,1.1302,1.1322,0.9962%,1.3826%,48.0902%,-0.003269,PFS,89653.0,2019-02-07,252.0,0.2908%,0.0008,0.8327,1.1259,1.1343,0.9966%,1.3827%,48.0444%,0.007596,PFS,89653.0,2019-02-08,252.0,-0.5799%,0.0007,0.8329,1.121,1.1318,0.9960%,1.3815%,48.0205%,0.000615,PFS,89653.0,2019-02-11,252.0,0.5833%,0.0007,0.825,1.1201,1.1272,0.9963%,1.3759%,47.5708%,-0.005435,PFS,89653.0,2019-02-12,252.0,1.2323%,0.0007,0.8158,1.1333,1.1201,0.9901%,1.3695%,47.7247%,0.002695,PFS,89653.0,2019-02-13,252.0,-0.9667%,0.0007,0.8234,1.1147,1.1134,0.9850%,1.3661%,48.0058%,-0.013515,PFS,89653.0,2019-02-14,252.0,-1.3015%,0.0006,0.8256,1.1082,1.1213,0.9865%,1.3677%,47.9771%,-0.010725,PFS,89653.0,2019-02-15,252.0,1.2653%,0.0006,0.8281,1.1098,1.1245,0.9860%,1.3671%,47.9858%,-0.004929,PFS,0.095104,0.1079379999999999,0.104669,0.11288,0.080971
39091,PROVIDENT FINANCIAL SVCS INC,Provident Financial Raises Qtr. Dividend From $0.21 To $0.23/Share,6,increase,0.8,0.6,"raising the quarterly dividend typically signals financial strength and can attract investors, likely leading to an increase in stock price.",2,2019-02-01,PFS,2019-02-01 13:09:00+00:00,89653.0,74386T10,0.0643464252352714,415695.0,0.0414448752999305,0.0024340555537492,0.0087623139843344,-0.0008107197936624,-0.004343066830188,-0.0040371571667492,0.0029080307576805,-0.0012096281861886,-0.0057991971261799,-0.0028147003613412,0.0058330236934125,-0.0024067175108939,0.012323310598731,-0.0016018826281651,-0.0096670407801866,-0.0047828154638409,-0.013015148229897,-0.0015916835982352,0.0126534514129161,-0.0039635505527257,0.0183755978941917,0.0243605524301528,0.0007217776146717,-0.0024301891680806,0.0021637710742652,-0.006838297471404,-0.0032385804224759,-0.0032076954375952,-0.0068592247553169,0.0,-0.0116321230307221,-0.0059784622862935,0.0069878124631941,0.0092517910525202,0.0025566692929714,-0.0119236577302217,0.0061930809170007,0.0273581091314554,-0.0133961196988821,0.0008173460955731,-0.0003669808793347,0.0140903508290648,-0.0135829271748662,0.0087792258709669,-0.0145143764093518,0.0084317354485392,0.0060422904789447,-0.0067001613788306,0.0112613048404455,0.0464504584670066,-0.0111358994618058,-0.0214408244937658,0.0086336880922317,0.0112749449908733,-0.0044659781269729,0.0100744431838393,-0.0052336221560835,-0.0297492872923612,0.0075159282423555,-0.0038103365805,-0.020141702145338,-0.0021123462356626,-0.0068519338965415,-0.0012658516643568,-0.00153318955563,-0.0222771875560283,-0.031094029545784,0.0138017535209655,0.0087162964046001,0.0041999323293566,0.0212097782641649,-0.0033486783504486,-0.0019230475882068,0.0,0.0061656972393393,-0.0103562558069825,-0.0084259370341897,-0.0617955774068832,0.0169949997216463,0.0019470107508823,-0.0034181599039584,0.0276110656559467,-0.0053353426046669,-0.0087266685441136,0.0137930531054735,0.0206477046012878,0.0083144828677177,-0.0084303123876452,-0.0071214591152966,0.006871466524899,-0.0094375237822532,0.0024310967419296,0.0221036560833454,-0.0020218049176037,0.0037285750731825,-0.0052293268963694,0.0085438163951039,-0.0032076954375952,-0.0114180287346243,-0.0043911659158766,0.0145305283367633,0.0174654088914394,-0.0003672504099085,-0.0146825360134244,-0.0073474966920912,-0.0015847467584535,-0.0203553345054388,0.0019848842639476,0.0173782017081975,-0.0156310908496379,0.0051986402831971,0.009467446245253,-0.0107129300013184,0.0019763298332691,0.0224047228693962,0.0255370549857616,-0.0157048366963863,0.0008113775984384,-0.0159554835408926,0.0090052932500839,0.0414448752999305,0.0024340555537492,0.0505703422946846,0.0016213624230705,0.0460076450882853,-0.0024223404386048,0.0429658228358653,-0.0064335241989046,0.0511574492228554,-0.020610402890658,0.0357049464528285,0.0461472555660282,0.0245019095125385,0.020088675174706,2019-02-04,2019-02-05,2019-02-06,2019-02-07,2019-02-08,2019-02-11,2019-02-12,2019-02-13,2019-02-14,2019-02-15,89653.0,2019-02-01,252.0,6.4346%,0.0006,0.8302,1.1048,1.1516,0.9743%,1.3836%,50.4185%,0.0597419999999999,PFS,89653.0,2019-02-04,252.0,4.1445%,0.0007,0.8368,1.1253,1.1449,0.9984%,1.4065%,49.6072%,0.035362,PFS,89653.0,2019-02-05,252.0,0.8762%,0.0007,0.8482,1.1248,1.1491,0.9978%,1.4067%,49.6860%,0.012834,PFS,89653.0,2019-02-06,252.0,-0.4343%,0.0007,0.8317,1.1302,1.1322,0.9962%,1.3826%,48.0902%,-0.003269,PFS,89653.0,2019-02-07,252.0,0.2908%,0.0008,0.8327,1.1259,1.1343,0.9966%,1.3827%,48.0444%,0.007596,PFS,89653.0,2019-02-08,252.0,-0.5799%,0.0007,0.8329,1.121,1.1318,0.9960%,1.3815%,48.0205%,0.000615,PFS,89653.0,2019-02-11,252.0,0.5833%,0.0007,0.825,1.1201,1.1272,0.9963%,1.3759%,47.5708%,-0.005435,PFS,89653.0,2019-02-12,252.0,1.2323%,0.0007,0.8158,1.1333,1.1201,0.9901%,1.3695%,47.7247%,0.002695,PFS,89653.0,2019-02-13,252.0,-0.9667%,0.0007,0.8234,1.1147,1.1134,0.9850%,1.3661%,48.0058%,-0.013515,PFS,89653.0,2019-02-14,252.0,-1.3015%,0.0006,0.8256,1.1082,1.1213,0.9865%,1.3677%,47.9771%,-0.010725,PFS,89653.0,2019-02-15,252.0,1.2653%,0.0006,0.8281,1.1098,1.1245,0.9860%,1.3671%,47.9858%,-0.004929,PFS,0.095104,0.1079379999999999,0.104669,0.11288,0.080971
39099,PROVIDENT FINANCIAL SVCS INC,"Provident Financial Q4 EPS $0.50 Beats $0.49 Estimate, Sales $77.333M Beat $75.7M Estimate",6,increase,0.8,0.6,"the company reported better-than-expected earnings and sales, which typically boosts investor confidence and can lead to an increase in stock price.",2,2019-02-01,PFS,2019-02-01 13:08:00+00:00,89653.0,74386T10,0.0643464252352714,415695.0,0.0414448752999305,0.0024340555537492,0.0087623139843344,-0.0008107197936624,-0.004343066830188,-0.0040371571667492,0.0029080307576805,-0.0012096281861886,-0.0057991971261799,-0.0028147003613412,0.0058330236934125,-0.0024067175108939,0.012323310598731,-0.0016018826281651,-0.0096670407801866,-0.0047828154638409,-0.013015148229897,-0.0015916835982352,0.0126534514129161,-0.0039635505527257,0.0183755978941917,0.0243605524301528,0.0007217776146717,-0.0024301891680806,0.0021637710742652,-0.006838297471404,-0.0032385804224759,-0.0032076954375952,-0.0068592247553169,0.0,-0.0116321230307221,-0.0059784622862935,0.0069878124631941,0.0092517910525202,0.0025566692929714,-0.0119236577302217,0.0061930809170007,0.0273581091314554,-0.0133961196988821,0.0008173460955731,-0.0003669808793347,0.0140903508290648,-0.0135829271748662,0.0087792258709669,-0.0145143764093518,0.0084317354485392,0.0060422904789447,-0.0067001613788306,0.0112613048404455,0.0464504584670066,-0.0111358994618058,-0.0214408244937658,0.0086336880922317,0.0112749449908733,-0.0044659781269729,0.0100744431838393,-0.0052336221560835,-0.0297492872923612,0.0075159282423555,-0.0038103365805,-0.020141702145338,-0.0021123462356626,-0.0068519338965415,-0.0012658516643568,-0.00153318955563,-0.0222771875560283,-0.031094029545784,0.0138017535209655,0.0087162964046001,0.0041999323293566,0.0212097782641649,-0.0033486783504486,-0.0019230475882068,0.0,0.0061656972393393,-0.0103562558069825,-0.0084259370341897,-0.0617955774068832,0.0169949997216463,0.0019470107508823,-0.0034181599039584,0.0276110656559467,-0.0053353426046669,-0.0087266685441136,0.0137930531054735,0.0206477046012878,0.0083144828677177,-0.0084303123876452,-0.0071214591152966,0.006871466524899,-0.0094375237822532,0.0024310967419296,0.0221036560833454,-0.0020218049176037,0.0037285750731825,-0.0052293268963694,0.0085438163951039,-0.0032076954375952,-0.0114180287346243,-0.0043911659158766,0.0145305283367633,0.0174654088914394,-0.0003672504099085,-0.0146825360134244,-0.0073474966920912,-0.0015847467584535,-0.0203553345054388,0.0019848842639476,0.0173782017081975,-0.0156310908496379,0.0051986402831971,0.009467446245253,-0.0107129300013184,0.0019763298332691,0.0224047228693962,0.0255370549857616,-0.0157048366963863,0.0008113775984384,-0.0159554835408926,0.0090052932500839,0.0414448752999305,0.0024340555537492,0.0505703422946846,0.0016213624230705,0.0460076450882853,-0.0024223404386048,0.0429658228358653,-0.0064335241989046,0.0511574492228554,-0.020610402890658,0.0357049464528285,0.0461472555660282,0.0245019095125385,0.020088675174706,2019-02-04,2019-02-05,2019-02-06,2019-02-07,2019-02-08,2019-02-11,2019-02-12,2019-02-13,2019-02-14,2019-02-15,89653.0,2019-02-01,252.0,6.4346%,0.0006,0.8302,1.1048,1.1516,0.9743%,1.3836%,50.4185%,0.0597419999999999,PFS,89653.0,2019-02-04,252.0,4.1445%,0.0007,0.8368,1.1253,1.1449,0.9984%,1.4065%,49.6072%,0.035362,PFS,89653.0,2019-02-05,252.0,0.8762%,0.0007,0.8482,1.1248,1.1491,0.9978%,1.4067%,49.6860%,0.012834,PFS,89653.0,2019-02-06,252.0,-0.4343%,0.0007,0.8317,1.1302,1.1322,0.9962%,1.3826%,48.0902%,-0.003269,PFS,89653.0,2019-02-07,252.0,0.2908%,0.0008,0.8327,1.1259,1.1343,0.9966%,1.3827%,48.0444%,0.007596,PFS,89653.0,2019-02-08,252.0,-0.5799%,0.0007,0.8329,1.121,1.1318,0.9960%,1.3815%,48.0205%,0.000615,PFS,89653.0,2019-02-11,252.0,0.5833%,0.0007,0.825,1.1201,1.1272,0.9963%,1.3759%,47.5708%,-0.005435,PFS,89653.0,2019-02-12,252.0,1.2323%,0.0007,0.8158,1.1333,1.1201,0.9901%,1.3695%,47.7247%,0.002695,PFS,89653.0,2019-02-13,252.0,-0.9667%,0.0007,0.8234,1.1147,1.1134,0.9850%,1.3661%,48.0058%,-0.013515,PFS,89653.0,2019-02-14,252.0,-1.3015%,0.0006,0.8256,1.1082,1.1213,0.9865%,1.3677%,47.9771%,-0.010725,PFS,89653.0,2019-02-15,252.0,1.2653%,0.0006,0.8281,1.1098,1.1245,0.9860%,1.3671%,47.9858%,-0.004929,PFS,0.095104,0.1079379999999999,0.104669,0.11288,0.080971
39107,PARKER HANNIFIN CORP,"Vertical Research Downgrades Parker Hannifin to Hold, Announces $175 Price Target",6,decrease,0.8,0.6,"a downgrade to 'hold' typically signals reduced confidence in the stock's performance, which can lead to a decrease in stock price.",0,2019-02-01,PH,2019-02-01 12:10:00+00:00,41355.0,70109410,-0.0025483779609203,1287575.0,0.0066914418712258,-0.0011515299556776,0.0043507232330739,0.0177646502852439,-0.0012635021703317,0.0282886680215597,-0.0176506172865629,-0.0206845253705978,-0.0013554384931921,0.0184728167951107,0.0107964714989066,0.0080352639779448,0.03814697265625,-0.0097253452986478,0.0075254207476973,-0.0254784859716892,-0.013421181589365,0.0186183620244264,0.0271484963595867,0.0237453263252973,-0.0019002753542736,0.0091969780623912,0.0115963453426957,-0.0113338306546211,-0.0022812474053353,-0.0114571312442421,0.0047444943338632,0.0001265447790501,0.0027308170683681,0.0109440432861447,-0.005730465054512,0.0077394191175699,0.013124787248671,0.0208717286586761,-0.0077728382311761,0.003634461434558,-0.0006244357791729,0.0448081046342849,-0.0084066782146692,-0.0369040705263614,-0.0011457421351224,0.0083813862875103,-0.0122153451666235,0.0060033686459064,-0.0108570037409663,-0.0114030847325921,-0.0078652128577232,0.0120807755738496,0.0181032810360193,0.0500318743288517,-0.0060433107428252,-0.0307047758251428,0.0090031763538718,-0.0019880256149917,-0.0150645514950156,-0.0119886500760912,0.0045884978026151,-0.0071284300647675,0.0192656386643648,-0.0076744016259908,-0.0085027907043695,-0.007747306022793,-0.0212654899805784,-0.0217010490596294,0.0035521332174539,-0.010004473850131,-0.0361040383577346,0.0136513737961649,0.0020197187550365,-0.0158029496669769,0.0100781451910734,-0.0047121131792664,0.0074379332363605,-0.0384522043168544,0.0177670549601316,-0.0189222916960716,0.0121490778401494,-0.0497202426195144,0.0364176668226718,0.0182515662163496,-0.0019676778465509,0.0185908786952495,0.0109846601262688,-0.0001184245338663,0.0122582986950874,0.0279941000044345,0.0095227379351854,-0.0118466895073652,0.006324992980808,0.0168154593557119,-0.0197767335921526,-0.0056545748375356,0.0118290828540921,0.0046423217281699,0.0154055831953883,-0.0230351518839597,0.0149029120802879,-0.0218317098915576,-0.0041348533704876,0.0080616399645805,0.0040455367416143,0.0193138271570205,-0.0024917889386415,0.0138652315363287,0.0094074103981256,-0.0036958532873541,5.262482591206208e-05,-0.013625762425363,-0.0030536861158907,-0.0214619766920805,-0.0099815120920538,0.0042682639323174,-0.0290195364505052,0.0230902712792158,0.005384000018239,0.0187080558389425,0.0025683126877993,0.0151562774553895,-0.0130266491323709,0.0144335590302944,0.0066914418712258,-0.0011515299556776,0.0110712777159116,0.0165926638026105,0.0097937869621573,0.0453507161820756,-0.0093742514430437,0.0426392750167334,0.0613367574244192,0.0576947126016766,0.0637813513224483,0.0998331097739144,0.1066846554412377,0.0388608741978591,2019-02-04,2019-02-05,2019-02-06,2019-02-07,2019-02-08,2019-02-11,2019-02-12,2019-02-13,2019-02-14,2019-02-15,41355.0,2019-02-01,252.0,-0.2548%,-0.0005,1.2073,0.1236,0.2479,1.1465%,1.7437%,56.7704%,-0.005249,PH,41355.0,2019-02-04,252.0,0.6691%,-0.0003,1.2148,0.1391,0.2833,1.1168%,1.7269%,58.1748%,-0.001554,PH,41355.0,2019-02-05,252.0,0.4351%,-0.0003,1.2255,0.1424,0.2943,1.1141%,1.7248%,58.2769%,0.000838,PH,41355.0,2019-02-06,252.0,-0.1264%,-0.0003,1.234,0.1396,0.3029,1.1137%,1.7012%,57.1443%,0.0011409999999999,PH,41355.0,2019-02-07,252.0,-1.7651%,-0.0004,1.2311,0.1463,0.3005,1.1134%,1.6960%,56.9058%,-0.007275,PH,41355.0,2019-02-08,252.0,-0.1355%,-0.0003,1.2307,0.1607,0.3083,1.1089%,1.6918%,57.0369%,-0.000563,PH,41355.0,2019-02-11,252.0,1.0796%,-0.0003,1.2298,0.1718,0.3138,1.1099%,1.6700%,55.8342%,0.007204,PH,41355.0,2019-02-12,252.0,3.8147%,-0.0002,1.2428,0.1712,0.3206,1.1184%,1.6851%,55.9499%,0.021821,PH,41355.0,2019-02-13,252.0,0.7525%,-0.0002,1.2397,0.1781,0.3227,1.1175%,1.6794%,55.7247%,0.003618,PH,41355.0,2019-02-14,252.0,-1.3421%,-0.0002,1.2426,0.1731,0.3271,1.1176%,1.6811%,55.8037%,-0.009972,PH,41355.0,2019-02-15,252.0,2.7148%,-0.0002,1.2485,0.1797,0.3383,1.1197%,1.6837%,55.7741%,0.011004,PH,-0.006803,-0.005965,-0.004824,-0.012662,0.021013
39115,PARKER HANNIFIN CORP,"Stifel Nicolaus Downgrades Parker Hannifin to Hold, Lowers Price Target to $171",6,decrease,0.8,0.6,"a downgrade from a financial analyst typically signals reduced confidence in the company's future performance, which can lead to a decrease in stock price.",0,2019-02-01,PH,2019-02-01 11:42:00+00:00,41355.0,70109410,-0.0025483779609203,1287575.0,0.0066914418712258,-0.0011515299556776,0.0043507232330739,0.0177646502852439,-0.0012635021703317,0.0282886680215597,-0.0176506172865629,-0.0206845253705978,-0.0013554384931921,0.0184728167951107,0.0107964714989066,0.0080352639779448,0.03814697265625,-0.0097253452986478,0.0075254207476973,-0.0254784859716892,-0.013421181589365,0.0186183620244264,0.0271484963595867,0.0237453263252973,-0.0019002753542736,0.0091969780623912,0.0115963453426957,-0.0113338306546211,-0.0022812474053353,-0.0114571312442421,0.0047444943338632,0.0001265447790501,0.0027308170683681,0.0109440432861447,-0.005730465054512,0.0077394191175699,0.013124787248671,0.0208717286586761,-0.0077728382311761,0.003634461434558,-0.0006244357791729,0.0448081046342849,-0.0084066782146692,-0.0369040705263614,-0.0011457421351224,0.0083813862875103,-0.0122153451666235,0.0060033686459064,-0.0108570037409663,-0.0114030847325921,-0.0078652128577232,0.0120807755738496,0.0181032810360193,0.0500318743288517,-0.0060433107428252,-0.0307047758251428,0.0090031763538718,-0.0019880256149917,-0.0150645514950156,-0.0119886500760912,0.0045884978026151,-0.0071284300647675,0.0192656386643648,-0.0076744016259908,-0.0085027907043695,-0.007747306022793,-0.0212654899805784,-0.0217010490596294,0.0035521332174539,-0.010004473850131,-0.0361040383577346,0.0136513737961649,0.0020197187550365,-0.0158029496669769,0.0100781451910734,-0.0047121131792664,0.0074379332363605,-0.0384522043168544,0.0177670549601316,-0.0189222916960716,0.0121490778401494,-0.0497202426195144,0.0364176668226718,0.0182515662163496,-0.0019676778465509,0.0185908786952495,0.0109846601262688,-0.0001184245338663,0.0122582986950874,0.0279941000044345,0.0095227379351854,-0.0118466895073652,0.006324992980808,0.0168154593557119,-0.0197767335921526,-0.0056545748375356,0.0118290828540921,0.0046423217281699,0.0154055831953883,-0.0230351518839597,0.0149029120802879,-0.0218317098915576,-0.0041348533704876,0.0080616399645805,0.0040455367416143,0.0193138271570205,-0.0024917889386415,0.0138652315363287,0.0094074103981256,-0.0036958532873541,5.262482591206208e-05,-0.013625762425363,-0.0030536861158907,-0.0214619766920805,-0.0099815120920538,0.0042682639323174,-0.0290195364505052,0.0230902712792158,0.005384000018239,0.0187080558389425,0.0025683126877993,0.0151562774553895,-0.0130266491323709,0.0144335590302944,0.0066914418712258,-0.0011515299556776,0.0110712777159116,0.0165926638026105,0.0097937869621573,0.0453507161820756,-0.0093742514430437,0.0426392750167334,0.0613367574244192,0.0576947126016766,0.0637813513224483,0.0998331097739144,0.1066846554412377,0.0388608741978591,2019-02-04,2019-02-05,2019-02-06,2019-02-07,2019-02-08,2019-02-11,2019-02-12,2019-02-13,2019-02-14,2019-02-15,41355.0,2019-02-01,252.0,-0.2548%,-0.0005,1.2073,0.1236,0.2479,1.1465%,1.7437%,56.7704%,-0.005249,PH,41355.0,2019-02-04,252.0,0.6691%,-0.0003,1.2148,0.1391,0.2833,1.1168%,1.7269%,58.1748%,-0.001554,PH,41355.0,2019-02-05,252.0,0.4351%,-0.0003,1.2255,0.1424,0.2943,1.1141%,1.7248%,58.2769%,0.000838,PH,41355.0,2019-02-06,252.0,-0.1264%,-0.0003,1.234,0.1396,0.3029,1.1137%,1.7012%,57.1443%,0.0011409999999999,PH,41355.0,2019-02-07,252.0,-1.7651%,-0.0004,1.2311,0.1463,0.3005,1.1134%,1.6960%,56.9058%,-0.007275,PH,41355.0,2019-02-08,252.0,-0.1355%,-0.0003,1.2307,0.1607,0.3083,1.1089%,1.6918%,57.0369%,-0.000563,PH,41355.0,2019-02-11,252.0,1.0796%,-0.0003,1.2298,0.1718,0.3138,1.1099%,1.6700%,55.8342%,0.007204,PH,41355.0,2019-02-12,252.0,3.8147%,-0.0002,1.2428,0.1712,0.3206,1.1184%,1.6851%,55.9499%,0.021821,PH,41355.0,2019-02-13,252.0,0.7525%,-0.0002,1.2397,0.1781,0.3227,1.1175%,1.6794%,55.7247%,0.003618,PH,41355.0,2019-02-14,252.0,-1.3421%,-0.0002,1.2426,0.1731,0.3271,1.1176%,1.6811%,55.8037%,-0.009972,PH,41355.0,2019-02-15,252.0,2.7148%,-0.0002,1.2485,0.1797,0.3383,1.1197%,1.6837%,55.7741%,0.011004,PH,-0.006803,-0.005965,-0.004824,-0.012662,0.021013
39123,POST HOLDINGS INC,Post Holdings shares are trading higher after the company beat Q1 EPS and sales estimates.,6,increase,0.85,0.7,"beating q1 eps and sales estimates typically signals strong company performance, which generally leads to an increase in stock price.",2,2019-02-01,POST,2019-02-01 16:06:00+00:00,13188.0,73744610,0.0450334027409553,4005900.0,-0.0044329930096864,0.007161415182054,-0.0019675099756568,-0.0036756361369043,0.0074704424478113,-0.001834446680732,-0.0048403833061456,0.0043351203203201,0.0146952895447611,0.0027168008964508,0.0277408827096223,-0.0749900117516517,0.0191525295376777,-0.012115130200982,0.008276592940092,-0.0133255012333393,-0.0091743562370538,0.0096952486783266,0.0029240064322948,0.0153691489249467,0.0029154072981327,-0.0031043216586112,-0.0046511213295161,0.0051333885639905,-0.0015576680889353,0.0039409799501299,-0.013260536827147,0.0070214965380728,-0.0106718800961971,0.0268547516316175,-0.000898960919585,0.0150614995509386,-0.0047985175624489,0.001806377316825,0.0234052650630474,0.0121531216427683,0.0080486815422773,0.0222076103091239,-0.020545283332467,0.0114533388987183,0.0009941953467205,0.008975688368082,-0.0050650723278522,0.0142239425331354,-0.0040926695801317,0.0002275966689921,-0.0009020381257869,-0.0053209690377116,0.0142455678433179,0.0468120947480201,0.0004945900291204,-0.0287753231823444,0.0085022300481796,-0.0317620187997818,0.0034310212358832,-0.0032214319799095,0.0055685783736407,-0.0008879226516,0.0053434669971466,0.003787837922573,0.0035755229182541,-0.0210491903126239,0.0072219548746943,-0.010147844441235,0.0367113202810287,0.0018386131851002,-0.0016599068185314,0.0096090547740459,0.0142250219359993,-0.0053220144473016,-0.0008197082206606,0.0072201727889478,-0.0051955129019916,-0.0125310150906443,0.0030236560851335,-0.0082493750378489,-0.0006394418305717,-0.0175771582871675,-0.0012797019444406,-0.0179844740778207,-0.0086033539846539,0.0203543584793806,-0.0114475432783365,0.0012671884614974,0.0004668978508561,0.016094421967864,0.0119481608271598,0.0063707628287374,0.0076560666784644,0.0110262241214513,-0.0122665353119373,-0.0169564485549926,0.003614452201873,0.015253884717822,0.0120971240103244,0.0003269621811341,0.0058394107036292,-0.0447683818638324,0.0102504072710871,0.056190900504589,0.0,-0.0077468529343605,-0.0180479679256677,-0.0046698553487658,0.0126188481226563,0.0011960488045588,0.0048762951046228,-0.0070179388858377,0.0098849609494209,0.013015448115766,-0.0048940684646368,0.0020824468228966,-0.0102834794670343,-0.0050163478590548,0.0107517391443252,0.0119178341701626,-0.0023241452872753,0.0160331912338733,0.0104829147458076,-0.0244995933026075,-0.0044329930096864,0.007161415182054,-0.0063917810273748,0.0034594562887151,0.0010309119881324,0.0016186634198771,0.0108247736039102,0.0086937960463993,0.0608247579426712,-0.0676042486970237,0.066804158827926,0.0340908818250029,0.162680400115917,0.015202879448821,2019-02-04,2019-02-05,2019-02-06,2019-02-07,2019-02-08,2019-02-11,2019-02-12,2019-02-13,2019-02-14,2019-02-15,13188.0,2019-02-01,252.0,4.5033%,0.0011,0.6625,-0.1758,-0.0476,1.5026%,1.6866%,20.6271%,0.0441089999999999,POST,13188.0,2019-02-04,252.0,-0.4433%,0.001,0.6558,-0.1918,-0.0681,1.4952%,1.6793%,20.7308%,-0.008679,POST,13188.0,2019-02-05,252.0,-0.1968%,0.0011,0.6296,-0.1985,-0.0925,1.4834%,1.6565%,19.8025%,-0.00545,POST,13188.0,2019-02-06,252.0,0.7470%,0.001,0.6525,-0.2061,-0.0689,1.4816%,1.6549%,19.8469%,0.008801,POST,13188.0,2019-02-07,252.0,-0.4840%,0.0011,0.6568,-0.2115,-0.0682,1.4809%,1.6551%,19.9447%,0.001129,POST,13188.0,2019-02-08,252.0,1.4695%,0.0011,0.6546,-0.2141,-0.079,1.4830%,1.6571%,19.9058%,0.0136389999999999,POST,13188.0,2019-02-11,252.0,2.7741%,0.0012,0.6799,-0.2012,-0.0588,1.4896%,1.6639%,19.8502%,0.028319,POST,13188.0,2019-02-12,252.0,1.9153%,0.0013,0.7017,-0.2229,-0.0438,1.4787%,1.6631%,20.9466%,0.009747,POST,13188.0,2019-02-13,252.0,0.8277%,0.0013,0.7005,-0.2187,-0.0418,1.4788%,1.6610%,20.7344%,0.006376,POST,13188.0,2019-02-14,252.0,-0.9174%,0.0013,0.703,-0.2228,-0.0384,1.4784%,1.6617%,20.8372%,-0.0069089999999999,POST,13188.0,2019-02-15,252.0,0.2924%,0.0012,0.6812,-0.2431,-0.0747,1.4723%,1.6497%,20.3527%,-0.004379,POST,0.0354299999999999,0.0299799999999999,0.0387809999999999,0.0535489999999999,0.086703
39131,PAPA JOHNS INTL INC,Papa John's International shares are trading lower after Reuters reported the company could be abandoning attempts to sell itself.,6,decrease,0.8,0.6,"the news suggests a lack of interest in selling the company, which may lead investors to perceive reduced value or growth potential, likely resulting in a decrease in stock price.",0,2019-02-01,PZZA,2019-02-01 15:36:00+00:00,79299.0,69881310,-0.0893828943371772,6857037.0,0.0898468717932701,0.0035595996305346,0.0424112156033515,-0.0044885999523103,-0.0187428500503301,-0.0072701117023825,0.0177031978964805,0.0109056206420064,-0.0111009180545806,-0.0770240798592567,0.0190786346793174,0.0196341164410114,-0.0011415351182222,0.0766273960471153,-0.0116571048274636,-0.0286980755627155,0.0062441402114927,-0.0020954634528607,0.0402206405997276,0.0177725106477737,-0.0430843345820903,-0.0068251565098762,0.0041560907848179,0.0016502478392794,-0.0556450188159942,-0.0032895489130169,0.0206963345408439,0.0018832823261618,-0.0011927299201488,-0.0035186845343559,-0.0019106285180896,-0.0249313842505216,0.0232112314552068,0.0231687743216753,0.0222170446068048,0.0237182043492794,-0.00892242975533,0.0357320718467235,0.0016158748185262,0.00423618638888,0.050011571496725,0.0080381734296679,-0.0160228163003921,-0.0153351202607154,-0.0069150426425039,-0.0110078463330864,0.0042677139863371,-0.0231779552996158,-0.0002236260770587,0.0290140248835086,0.0158836487680673,-0.0036747066769748,0.0211406983435154,-0.0333885848522186,-0.0030191803816705,-0.0256114583462476,0.0209820736199617,-0.0251911599189043,0.0029660887084901,-0.0015719671500846,-0.007604575715959,-0.0193790141493082,0.0031928804237395,-0.0141120608896017,-0.0050923335365951,0.0267499051988124,0.0620601400732994,0.0076370202004909,-0.0208835527300834,0.0118181919679045,0.0096390740945935,-0.023957448080182,0.0253910217434167,-0.0161501057446003,0.0293185338377952,-0.0019603604450821,0.0190531499683857,-0.0183878690004348,-0.0198300145566463,-0.0254219882190227,-0.0025048374664038,-0.0043568275868892,-0.0139076923951506,0.0066833687014877,0.0039177425205707,-0.0751400291919708,0.0132682984694838,-0.1023061871528625,-0.0402464866638183,0.0066328723914921,0.0136436661705374,-0.0022639718372374,-0.0017814757302403,-0.0132325226441025,0.0055522262118756,0.0135864615440368,-0.0102543970569968,-0.0256279427558183,-0.0089658685028553,-0.0020325668156147,-0.0205066427588462,0.0499733500182628,-0.0158046074211597,0.0080674216151237,0.0273200739175081,-0.0023251846432685,-0.0004059408092871,0.0126788765192031,-0.006904958281666,-0.0034296468365937,0.0331288129091262,-0.0137411346659064,0.0045526432804763,0.0547970868647098,0.0126108257099986,-0.0192589741200208,0.0093403300270438,-0.0076446700841188,-0.0136880492791533,0.0032870764844119,0.0898468717932701,0.0035595996305346,0.1360686024475328,-0.0009449779405075,0.1147754389849706,-0.0082082195477063,0.1219164207748444,-0.0746170644641668,0.1814317323388921,0.0021327023466648,0.2357264849825848,-0.050303121070387,0.3354407854675612,-0.224584411201219,2019-02-04,2019-02-05,2019-02-06,2019-02-07,2019-02-08,2019-02-11,2019-02-12,2019-02-13,2019-02-14,2019-02-15,79299.0,2019-02-01,252.0,-8.9383%,-0.0018,0.546,0.021,-0.3309,2.5801%,2.6784%,7.2048%,-0.0890649999999999,PZZA,79299.0,2019-02-04,252.0,8.9847%,-0.0014,0.5658,0.0795,-0.3307,2.6343%,2.7376%,7.4019%,0.084193,PZZA,79299.0,2019-02-05,252.0,4.2411%,-0.0011,0.5413,0.0567,-0.3848,2.6400%,2.7404%,7.1913%,0.037957,PZZA,79299.0,2019-02-06,252.0,-1.8743%,-0.0011,0.4704,0.0798,-0.4569,2.6280%,2.7159%,6.3624%,-0.017377,PZZA,79299.0,2019-02-07,252.0,1.7703%,-0.001,0.4649,0.0761,-0.4507,2.6327%,2.7180%,6.1803%,0.023864,PZZA,79299.0,2019-02-08,252.0,-1.1101%,-0.001,0.4673,0.0786,-0.4389,2.6341%,2.7188%,6.1325%,-0.0147669999999999,PZZA,79299.0,2019-02-11,252.0,1.9079%,-0.0009,0.468,0.1048,-0.4244,2.6370%,2.7183%,5.8908%,0.018815,PZZA,79299.0,2019-02-12,252.0,-0.1142%,-0.001,0.4561,0.1146,-0.4322,2.6360%,2.7158%,5.7913%,-0.008349,PZZA,79299.0,2019-02-13,252.0,-1.1657%,-0.0011,0.4497,0.1208,-0.434,2.6362%,2.7146%,5.6914%,-0.0128,PZZA,79299.0,2019-02-14,252.0,0.6244%,-0.001,0.4492,0.1239,-0.4386,2.6356%,2.7144%,5.7277%,0.0039429999999999,PZZA,79299.0,2019-02-15,252.0,4.0221%,-0.0009,0.4607,0.1383,-0.4146,2.6443%,2.7234%,5.7235%,0.03684,PZZA,-0.0048719999999999,0.033085,0.015708,0.024805,0.063254
39139,PAPA JOHNS INTL INC,Papa John's Reportedly Seeks Investment After It Abandons Outright Sale After After Acquisition Offers It Received From Private Equity Firms Did Not Meet Its Valuation Expectations,6,decrease,0.7,0.6,"the news suggests that papa john's is struggling to meet its valuation expectations, which may lead to decreased investor confidence and a potential decline in stock price.",0,2019-02-01,PZZA,2019-02-01 15:35:00+00:00,79299.0,69881310,-0.0893828943371772,6857037.0,0.0898468717932701,0.0035595996305346,0.0424112156033515,-0.0044885999523103,-0.0187428500503301,-0.0072701117023825,0.0177031978964805,0.0109056206420064,-0.0111009180545806,-0.0770240798592567,0.0190786346793174,0.0196341164410114,-0.0011415351182222,0.0766273960471153,-0.0116571048274636,-0.0286980755627155,0.0062441402114927,-0.0020954634528607,0.0402206405997276,0.0177725106477737,-0.0430843345820903,-0.0068251565098762,0.0041560907848179,0.0016502478392794,-0.0556450188159942,-0.0032895489130169,0.0206963345408439,0.0018832823261618,-0.0011927299201488,-0.0035186845343559,-0.0019106285180896,-0.0249313842505216,0.0232112314552068,0.0231687743216753,0.0222170446068048,0.0237182043492794,-0.00892242975533,0.0357320718467235,0.0016158748185262,0.00423618638888,0.050011571496725,0.0080381734296679,-0.0160228163003921,-0.0153351202607154,-0.0069150426425039,-0.0110078463330864,0.0042677139863371,-0.0231779552996158,-0.0002236260770587,0.0290140248835086,0.0158836487680673,-0.0036747066769748,0.0211406983435154,-0.0333885848522186,-0.0030191803816705,-0.0256114583462476,0.0209820736199617,-0.0251911599189043,0.0029660887084901,-0.0015719671500846,-0.007604575715959,-0.0193790141493082,0.0031928804237395,-0.0141120608896017,-0.0050923335365951,0.0267499051988124,0.0620601400732994,0.0076370202004909,-0.0208835527300834,0.0118181919679045,0.0096390740945935,-0.023957448080182,0.0253910217434167,-0.0161501057446003,0.0293185338377952,-0.0019603604450821,0.0190531499683857,-0.0183878690004348,-0.0198300145566463,-0.0254219882190227,-0.0025048374664038,-0.0043568275868892,-0.0139076923951506,0.0066833687014877,0.0039177425205707,-0.0751400291919708,0.0132682984694838,-0.1023061871528625,-0.0402464866638183,0.0066328723914921,0.0136436661705374,-0.0022639718372374,-0.0017814757302403,-0.0132325226441025,0.0055522262118756,0.0135864615440368,-0.0102543970569968,-0.0256279427558183,-0.0089658685028553,-0.0020325668156147,-0.0205066427588462,0.0499733500182628,-0.0158046074211597,0.0080674216151237,0.0273200739175081,-0.0023251846432685,-0.0004059408092871,0.0126788765192031,-0.006904958281666,-0.0034296468365937,0.0331288129091262,-0.0137411346659064,0.0045526432804763,0.0547970868647098,0.0126108257099986,-0.0192589741200208,0.0093403300270438,-0.0076446700841188,-0.0136880492791533,0.0032870764844119,0.0898468717932701,0.0035595996305346,0.1360686024475328,-0.0009449779405075,0.1147754389849706,-0.0082082195477063,0.1219164207748444,-0.0746170644641668,0.1814317323388921,0.0021327023466648,0.2357264849825848,-0.050303121070387,0.3354407854675612,-0.224584411201219,2019-02-04,2019-02-05,2019-02-06,2019-02-07,2019-02-08,2019-02-11,2019-02-12,2019-02-13,2019-02-14,2019-02-15,79299.0,2019-02-01,252.0,-8.9383%,-0.0018,0.546,0.021,-0.3309,2.5801%,2.6784%,7.2048%,-0.0890649999999999,PZZA,79299.0,2019-02-04,252.0,8.9847%,-0.0014,0.5658,0.0795,-0.3307,2.6343%,2.7376%,7.4019%,0.084193,PZZA,79299.0,2019-02-05,252.0,4.2411%,-0.0011,0.5413,0.0567,-0.3848,2.6400%,2.7404%,7.1913%,0.037957,PZZA,79299.0,2019-02-06,252.0,-1.8743%,-0.0011,0.4704,0.0798,-0.4569,2.6280%,2.7159%,6.3624%,-0.017377,PZZA,79299.0,2019-02-07,252.0,1.7703%,-0.001,0.4649,0.0761,-0.4507,2.6327%,2.7180%,6.1803%,0.023864,PZZA,79299.0,2019-02-08,252.0,-1.1101%,-0.001,0.4673,0.0786,-0.4389,2.6341%,2.7188%,6.1325%,-0.0147669999999999,PZZA,79299.0,2019-02-11,252.0,1.9079%,-0.0009,0.468,0.1048,-0.4244,2.6370%,2.7183%,5.8908%,0.018815,PZZA,79299.0,2019-02-12,252.0,-0.1142%,-0.001,0.4561,0.1146,-0.4322,2.6360%,2.7158%,5.7913%,-0.008349,PZZA,79299.0,2019-02-13,252.0,-1.1657%,-0.0011,0.4497,0.1208,-0.434,2.6362%,2.7146%,5.6914%,-0.0128,PZZA,79299.0,2019-02-14,252.0,0.6244%,-0.001,0.4492,0.1239,-0.4386,2.6356%,2.7144%,5.7277%,0.0039429999999999,PZZA,79299.0,2019-02-15,252.0,4.0221%,-0.0009,0.4607,0.1383,-0.4146,2.6443%,2.7234%,5.7235%,0.03684,PZZA,-0.0048719999999999,0.033085,0.015708,0.024805,0.063254
39147,QUALCOMM INC,"Sell-Side Stays On Sidelines With Qualcomm, Awaits Resolution Of Licensing Disputes",6,uncertain,0.6,0.3,"the news indicates that sell-side analysts are waiting for clarity on licensing disputes, which suggests a lack of immediate positive or negative sentiment towards qualcomm's stock.",1,2019-02-01,QCOM,2019-02-01 20:31:00+00:00,77178.0,74752510,0.0018174505094066,15527220.0,0.001612538122572,-0.0129559049382805,0.0209297835826873,0.0155869759619236,0.0072934934869408,-0.0244865305721759,-0.010763194411993,-0.012865494005382,-0.0051433891057968,0.0096437288448214,0.0107377395033836,-0.0185435395687818,0.0163288991898298,-0.0464173965156078,-0.0013550076400861,-0.0177311301231384,-0.0003876808914355,0.0091290855780243,0.0079503562301397,-0.0090464986860752,0.000577121565584,-0.0082540661096572,0.0084599591791629,-0.0273996461182832,-0.0019066212698817,-0.0034782742150127,0.0147087005898356,0.0123239569365978,-0.0024472374934703,0.0033562732860445,0.0007548046996816,0.0117962434887886,0.0001886128011392,-0.0086817480623722,0.0065987645648419,-0.0028268524911254,0.0151714058592915,0.0161579474806785,-0.0077491141855716,-0.0296167377382516,0.0029750808607786,0.0086101153865456,0.0274379067122936,0.0017602265579625,-0.0140511030331254,0.0128365345299243,-0.0092541184276342,0.0023231070954352,0.0153185073286294,0.0430568046867847,0.0090156700462102,-0.0218777935951948,0.0100291622802615,-0.0269647054374218,0.0001805765787139,-0.005644729360938,0.0216605942696332,-0.0188646614551544,0.0040636635385453,0.0136841889470815,0.0024634767323732,-0.0107601340860128,0.0033350645098835,-0.0080909142270684,0.0106718093156814,0.0064102378673851,-0.0164445340633392,0.0064516607671976,-0.0031679039821028,0.0019216770306229,0.0240113101899623,0.0223254151642322,-0.0187931060791015,-0.01961125805974,-0.0063257883302867,1.858450815461765e-08,0.0084880553185939,-0.0238417293876409,0.0136770578101277,0.0151047222316265,0.0048434315249323,0.0025812718085944,-0.0070580109022557,0.0257722698152065,0.0031206710264086,0.019434979185462,0.0022468210663646,-0.002870982280001,-0.0039662588387727,0.0086877746507525,-0.0055401609279215,-0.0003618682385422,-0.0193244572728872,0.0063729477114975,-0.0076335929334163,0.0003642375813797,0.0187835283577442,-0.0175375714898109,0.0040386221371591,0.0088463928550481,0.2320740967988968,0.0268817357718944,0.1224983036518097,-0.0040620607323944,0.0102427611127495,-0.0060561904683709,0.0260358229279518,-0.039315927773714,0.0579480305314064,-0.0229112487286329,0.0012684571556746,-0.0816326513886451,-0.0202695168554782,-0.0066006910055875,0.0184553861618042,0.0025208734441548,0.0070406347513198,0.0022106328979134,-0.0128367077559232,-0.0059644836001098,0.001612538122572,-0.0129559049382805,0.0225760717791836,0.0024291276448049,0.0300342236986066,-0.0221168838357092,0.0137069202635513,-0.0253887208547926,0.0477726046351016,-0.1040347382035076,0.1584956329082809,-0.1312280619098531,0.7557843272430176,-0.2142897103522861,2019-02-04,2019-02-05,2019-02-06,2019-02-07,2019-02-08,2019-02-11,2019-02-12,2019-02-13,2019-02-14,2019-02-15,77178.0,2019-02-01,252.0,0.1817%,-0.0009,1.0317,-0.0188,-0.1262,1.4794%,1.9033%,39.5764%,0.000783,QCOM,77178.0,2019-02-04,252.0,0.1613%,-0.0009,1.0344,-0.0143,-0.1081,1.4744%,1.8990%,39.7155%,-0.0064049999999999,QCOM,77178.0,2019-02-05,252.0,2.0930%,-0.0009,1.0443,-0.0168,-0.1085,1.4763%,1.9028%,39.8080%,0.015722,QCOM,77178.0,2019-02-06,252.0,0.7293%,-0.0007,1.0031,-0.0038,-0.1478,1.4697%,1.8586%,37.4680%,0.009565,QCOM,77178.0,2019-02-07,252.0,-1.0763%,-0.0008,0.9875,0.0163,-0.1502,1.4597%,1.8390%,36.9991%,-0.000963,QCOM,77178.0,2019-02-08,252.0,-0.5143%,-0.0009,0.989,0.0044,-0.1518,1.4573%,1.8380%,37.1413%,-0.007177,QCOM,77178.0,2019-02-11,252.0,1.0738%,-0.0009,0.9879,0.0196,-0.1441,1.4587%,1.8223%,35.9276%,0.009574,QCOM,77178.0,2019-02-12,252.0,1.6329%,-0.0009,0.9821,0.0295,-0.1488,1.4565%,1.8182%,35.8244%,0.002545,QCOM,77178.0,2019-02-13,252.0,-0.1355%,-0.001,0.9755,0.0393,-0.1478,1.4542%,1.8104%,35.4749%,-0.004118,QCOM,77178.0,2019-02-14,252.0,-0.0388%,-0.001,0.9753,0.0402,-0.149,1.4542%,1.8103%,35.4755%,0.000499,QCOM,77178.0,2019-02-15,252.0,0.7950%,-0.001,0.974,0.0389,-0.1513,1.4542%,1.8089%,35.3716%,-0.002556,QCOM,-0.0056219999999999,0.0101,0.019665,0.011525,0.017469
39155,QUALCOMM INC,China's Handset Brands Have Continue tom Focus on Upgrade of Hardware Specs Including more AI and 5G Applications,6,increase,0.7,0.6,"the focus on upgrading hardware specs, including ai and 5g applications, suggests increased demand for qualcomm's technology, which could positively impact its stock price.",2,2019-02-01,QCOM,2019-02-01 09:48:00+00:00,77178.0,74752510,0.0018174505094066,15527220.0,0.001612538122572,-0.0129559049382805,0.0209297835826873,0.0155869759619236,0.0072934934869408,-0.0244865305721759,-0.010763194411993,-0.012865494005382,-0.0051433891057968,0.0096437288448214,0.0107377395033836,-0.0185435395687818,0.0163288991898298,-0.0464173965156078,-0.0013550076400861,-0.0177311301231384,-0.0003876808914355,0.0091290855780243,0.0079503562301397,-0.0090464986860752,0.000577121565584,-0.0082540661096572,0.0084599591791629,-0.0273996461182832,-0.0019066212698817,-0.0034782742150127,0.0147087005898356,0.0123239569365978,-0.0024472374934703,0.0033562732860445,0.0007548046996816,0.0117962434887886,0.0001886128011392,-0.0086817480623722,0.0065987645648419,-0.0028268524911254,0.0151714058592915,0.0161579474806785,-0.0077491141855716,-0.0296167377382516,0.0029750808607786,0.0086101153865456,0.0274379067122936,0.0017602265579625,-0.0140511030331254,0.0128365345299243,-0.0092541184276342,0.0023231070954352,0.0153185073286294,0.0430568046867847,0.0090156700462102,-0.0218777935951948,0.0100291622802615,-0.0269647054374218,0.0001805765787139,-0.005644729360938,0.0216605942696332,-0.0188646614551544,0.0040636635385453,0.0136841889470815,0.0024634767323732,-0.0107601340860128,0.0033350645098835,-0.0080909142270684,0.0106718093156814,0.0064102378673851,-0.0164445340633392,0.0064516607671976,-0.0031679039821028,0.0019216770306229,0.0240113101899623,0.0223254151642322,-0.0187931060791015,-0.01961125805974,-0.0063257883302867,1.858450815461765e-08,0.0084880553185939,-0.0238417293876409,0.0136770578101277,0.0151047222316265,0.0048434315249323,0.0025812718085944,-0.0070580109022557,0.0257722698152065,0.0031206710264086,0.019434979185462,0.0022468210663646,-0.002870982280001,-0.0039662588387727,0.0086877746507525,-0.0055401609279215,-0.0003618682385422,-0.0193244572728872,0.0063729477114975,-0.0076335929334163,0.0003642375813797,0.0187835283577442,-0.0175375714898109,0.0040386221371591,0.0088463928550481,0.2320740967988968,0.0268817357718944,0.1224983036518097,-0.0040620607323944,0.0102427611127495,-0.0060561904683709,0.0260358229279518,-0.039315927773714,0.0579480305314064,-0.0229112487286329,0.0012684571556746,-0.0816326513886451,-0.0202695168554782,-0.0066006910055875,0.0184553861618042,0.0025208734441548,0.0070406347513198,0.0022106328979134,-0.0128367077559232,-0.0059644836001098,0.001612538122572,-0.0129559049382805,0.0225760717791836,0.0024291276448049,0.0300342236986066,-0.0221168838357092,0.0137069202635513,-0.0253887208547926,0.0477726046351016,-0.1040347382035076,0.1584956329082809,-0.1312280619098531,0.7557843272430176,-0.2142897103522861,2019-02-04,2019-02-05,2019-02-06,2019-02-07,2019-02-08,2019-02-11,2019-02-12,2019-02-13,2019-02-14,2019-02-15,77178.0,2019-02-01,252.0,0.1817%,-0.0009,1.0317,-0.0188,-0.1262,1.4794%,1.9033%,39.5764%,0.000783,QCOM,77178.0,2019-02-04,252.0,0.1613%,-0.0009,1.0344,-0.0143,-0.1081,1.4744%,1.8990%,39.7155%,-0.0064049999999999,QCOM,77178.0,2019-02-05,252.0,2.0930%,-0.0009,1.0443,-0.0168,-0.1085,1.4763%,1.9028%,39.8080%,0.015722,QCOM,77178.0,2019-02-06,252.0,0.7293%,-0.0007,1.0031,-0.0038,-0.1478,1.4697%,1.8586%,37.4680%,0.009565,QCOM,77178.0,2019-02-07,252.0,-1.0763%,-0.0008,0.9875,0.0163,-0.1502,1.4597%,1.8390%,36.9991%,-0.000963,QCOM,77178.0,2019-02-08,252.0,-0.5143%,-0.0009,0.989,0.0044,-0.1518,1.4573%,1.8380%,37.1413%,-0.007177,QCOM,77178.0,2019-02-11,252.0,1.0738%,-0.0009,0.9879,0.0196,-0.1441,1.4587%,1.8223%,35.9276%,0.009574,QCOM,77178.0,2019-02-12,252.0,1.6329%,-0.0009,0.9821,0.0295,-0.1488,1.4565%,1.8182%,35.8244%,0.002545,QCOM,77178.0,2019-02-13,252.0,-0.1355%,-0.001,0.9755,0.0393,-0.1478,1.4542%,1.8104%,35.4749%,-0.004118,QCOM,77178.0,2019-02-14,252.0,-0.0388%,-0.001,0.9753,0.0402,-0.149,1.4542%,1.8103%,35.4755%,0.000499,QCOM,77178.0,2019-02-15,252.0,0.7950%,-0.001,0.974,0.0389,-0.1513,1.4542%,1.8089%,35.3716%,-0.002556,QCOM,-0.0056219999999999,0.0101,0.019665,0.011525,0.017469
39163,QUALCOMM INC,Global Smartphone AP Shipments Expected to Fall Again in 2019,6,decrease,0.8,0.7,"a decline in global smartphone application processor shipments suggests reduced demand for qualcomm's products, likely leading to a decrease in stock price.",0,2019-02-01,QCOM,2019-02-01 09:46:00+00:00,77178.0,74752510,0.0018174505094066,15527220.0,0.001612538122572,-0.0129559049382805,0.0209297835826873,0.0155869759619236,0.0072934934869408,-0.0244865305721759,-0.010763194411993,-0.012865494005382,-0.0051433891057968,0.0096437288448214,0.0107377395033836,-0.0185435395687818,0.0163288991898298,-0.0464173965156078,-0.0013550076400861,-0.0177311301231384,-0.0003876808914355,0.0091290855780243,0.0079503562301397,-0.0090464986860752,0.000577121565584,-0.0082540661096572,0.0084599591791629,-0.0273996461182832,-0.0019066212698817,-0.0034782742150127,0.0147087005898356,0.0123239569365978,-0.0024472374934703,0.0033562732860445,0.0007548046996816,0.0117962434887886,0.0001886128011392,-0.0086817480623722,0.0065987645648419,-0.0028268524911254,0.0151714058592915,0.0161579474806785,-0.0077491141855716,-0.0296167377382516,0.0029750808607786,0.0086101153865456,0.0274379067122936,0.0017602265579625,-0.0140511030331254,0.0128365345299243,-0.0092541184276342,0.0023231070954352,0.0153185073286294,0.0430568046867847,0.0090156700462102,-0.0218777935951948,0.0100291622802615,-0.0269647054374218,0.0001805765787139,-0.005644729360938,0.0216605942696332,-0.0188646614551544,0.0040636635385453,0.0136841889470815,0.0024634767323732,-0.0107601340860128,0.0033350645098835,-0.0080909142270684,0.0106718093156814,0.0064102378673851,-0.0164445340633392,0.0064516607671976,-0.0031679039821028,0.0019216770306229,0.0240113101899623,0.0223254151642322,-0.0187931060791015,-0.01961125805974,-0.0063257883302867,1.858450815461765e-08,0.0084880553185939,-0.0238417293876409,0.0136770578101277,0.0151047222316265,0.0048434315249323,0.0025812718085944,-0.0070580109022557,0.0257722698152065,0.0031206710264086,0.019434979185462,0.0022468210663646,-0.002870982280001,-0.0039662588387727,0.0086877746507525,-0.0055401609279215,-0.0003618682385422,-0.0193244572728872,0.0063729477114975,-0.0076335929334163,0.0003642375813797,0.0187835283577442,-0.0175375714898109,0.0040386221371591,0.0088463928550481,0.2320740967988968,0.0268817357718944,0.1224983036518097,-0.0040620607323944,0.0102427611127495,-0.0060561904683709,0.0260358229279518,-0.039315927773714,0.0579480305314064,-0.0229112487286329,0.0012684571556746,-0.0816326513886451,-0.0202695168554782,-0.0066006910055875,0.0184553861618042,0.0025208734441548,0.0070406347513198,0.0022106328979134,-0.0128367077559232,-0.0059644836001098,0.001612538122572,-0.0129559049382805,0.0225760717791836,0.0024291276448049,0.0300342236986066,-0.0221168838357092,0.0137069202635513,-0.0253887208547926,0.0477726046351016,-0.1040347382035076,0.1584956329082809,-0.1312280619098531,0.7557843272430176,-0.2142897103522861,2019-02-04,2019-02-05,2019-02-06,2019-02-07,2019-02-08,2019-02-11,2019-02-12,2019-02-13,2019-02-14,2019-02-15,77178.0,2019-02-01,252.0,0.1817%,-0.0009,1.0317,-0.0188,-0.1262,1.4794%,1.9033%,39.5764%,0.000783,QCOM,77178.0,2019-02-04,252.0,0.1613%,-0.0009,1.0344,-0.0143,-0.1081,1.4744%,1.8990%,39.7155%,-0.0064049999999999,QCOM,77178.0,2019-02-05,252.0,2.0930%,-0.0009,1.0443,-0.0168,-0.1085,1.4763%,1.9028%,39.8080%,0.015722,QCOM,77178.0,2019-02-06,252.0,0.7293%,-0.0007,1.0031,-0.0038,-0.1478,1.4697%,1.8586%,37.4680%,0.009565,QCOM,77178.0,2019-02-07,252.0,-1.0763%,-0.0008,0.9875,0.0163,-0.1502,1.4597%,1.8390%,36.9991%,-0.000963,QCOM,77178.0,2019-02-08,252.0,-0.5143%,-0.0009,0.989,0.0044,-0.1518,1.4573%,1.8380%,37.1413%,-0.007177,QCOM,77178.0,2019-02-11,252.0,1.0738%,-0.0009,0.9879,0.0196,-0.1441,1.4587%,1.8223%,35.9276%,0.009574,QCOM,77178.0,2019-02-12,252.0,1.6329%,-0.0009,0.9821,0.0295,-0.1488,1.4565%,1.8182%,35.8244%,0.002545,QCOM,77178.0,2019-02-13,252.0,-0.1355%,-0.001,0.9755,0.0393,-0.1478,1.4542%,1.8104%,35.4749%,-0.004118,QCOM,77178.0,2019-02-14,252.0,-0.0388%,-0.001,0.9753,0.0402,-0.149,1.4542%,1.8103%,35.4755%,0.000499,QCOM,77178.0,2019-02-15,252.0,0.7950%,-0.001,0.974,0.0389,-0.1513,1.4542%,1.8089%,35.3716%,-0.002556,QCOM,-0.0056219999999999,0.0101,0.019665,0.011525,0.017469
39171,INVESCO QQQ TRUST,'Amazon enters bear market territory' -CNBC,6,decrease,0.7,0.6,"amazon's entry into bear market territory may negatively impact investor sentiment towards tech stocks, including those in the invesco qqq trust, which is heavily weighted in technology companies.",0,2019-02-01,QQQ,2019-02-01 18:52:00+00:00,86755.0,46090E10,-0.0042222090996801,32142272.0,0.0124216293916106,0.0149686811491847,0.0088479919359087,0.0254377983510494,-0.0029819009359925,-0.0094414399936795,-0.0134295597672462,-0.0123523669317364,0.0019616112112998,0.0119485110044479,-0.000949238659814,0.0064755049534142,0.0147862564772367,0.0012967238435521,0.0007021775236353,-0.0200302433222532,0.001228037639521,0.0099003547802567,0.0042051235213875,0.0078841932117939,0.0019774127285927,-0.0001847442908911,-0.0001741280429996,0.0195265933871269,-0.0036575030535459,-0.0088368793949484,0.0074000949971377,-0.0036582115571945,0.0036439637187868,0.0028602874372154,0.0010373021941632,0.008149467408657,-0.0006332792690955,0.0090455310419201,-0.0023042450193315,0.0119055286049842,0.0069287889637053,0.0427845939993858,0.0001720212167128,-0.0326704382896423,0.0007453553844243,0.0040192557498812,-0.0056717586703598,0.0084329824894666,-0.0122724417597055,-0.000522716960404,-0.0015166220255196,0.0038698432035744,0.020798023790121,0.0624390728771686,0.0054942294955253,-0.0247299391776323,0.007513188291341,-0.0309934075921773,-0.0016947506228461,-0.0144956028088927,0.0092807384207844,-0.0245549771934747,0.0023784739896655,0.0062885442748665,0.0033623205963522,-0.0226596053689718,0.0039653251878917,-0.0243489053100347,0.0156320258975029,0.0003029569925274,-0.02196423150599,0.0088014332577586,-0.0019041013438254,0.0033114200923591,0.0046571753919124,0.0104721924290061,-0.0064228377304971,-0.0330157242715358,0.0023046862334012,0.0070600900799036,0.0075711184181272,-0.0383566431701183,0.0132471863180398,0.0174765717238187,0.0037903892807662,0.0072554340586066,0.0057461997494101,-0.0032602434512227,-0.000380847021006,0.0321830287575721,0.0051711769774556,0.003376530483365,0.0025452247355133,0.0231140796095132,-0.0035110956523567,-0.0072332010604441,0.0053664650768041,0.0076023587025702,-0.002372364513576,-0.0178945697844028,0.0043236399069428,-0.0324776247143745,0.000161431307788,-0.0035100027453154,0.0034434488043189,0.0174939427524805,0.0034852218814194,-0.0076290280558168,0.0012824231525883,0.0008416965720243,0.0028283195570111,-0.0302588753402233,0.0127181746065616,-0.0168520137667655,-0.0031527027022093,-0.0063788308762013,0.0040587685070931,0.0313674584031105,0.0008924725698307,0.0075757498852908,0.0019407835789024,-0.0024796207435429,-0.0077479369938373,-0.0155759193003177,0.0124216293916106,0.0149686811491847,0.0213795278042072,0.0407872497928882,0.0183338752342441,0.0309607194277818,0.0066288481854608,0.0303921978715795,0.026814007796561,0.0357868625621662,0.0676274128871652,0.071288203931167,0.1339764415519355,-0.0198018314575848,2019-02-04,2019-02-05,2019-02-06,2019-02-07,2019-02-08,2019-02-11,2019-02-12,2019-02-13,2019-02-14,2019-02-15,86755.0,2019-02-01,252.0,-0.4222%,-0.0001,1.1486,-0.1613,-0.5687,0.3192%,1.4966%,95.4500%,-0.003708,QQQ,86755.0,2019-02-04,252.0,1.2422%,-0.0,1.1501,-0.1577,-0.5642,0.3175%,1.4976%,95.5043%,0.00221,QQQ,86755.0,2019-02-05,252.0,0.8848%,-0.0,1.1527,-0.1569,-0.5616,0.3170%,1.4932%,95.4933%,0.000291,QQQ,86755.0,2019-02-06,252.0,-0.2982%,-0.0001,1.1614,-0.1597,-0.5531,0.3153%,1.4721%,95.4125%,-0.000169,QQQ,86755.0,2019-02-07,252.0,-1.3430%,-0.0001,1.1585,-0.1557,-0.5537,0.3135%,1.4654%,95.4221%,-0.00078,QQQ,86755.0,2019-02-08,252.0,0.1962%,-0.0001,1.1588,-0.149,-0.548,0.3113%,1.4630%,95.4725%,-0.002924,QQQ,86755.0,2019-02-11,252.0,-0.0949%,-0.0001,1.1647,-0.1552,-0.5482,0.3099%,1.4381%,95.3559%,-0.000427,QQQ,86755.0,2019-02-12,252.0,1.4786%,-0.0001,1.1629,-0.1542,-0.5493,0.3100%,1.4371%,95.3453%,-0.002055,QQQ,86755.0,2019-02-13,252.0,0.0702%,-0.0001,1.1627,-0.1548,-0.5499,0.3103%,1.4329%,95.3101%,-0.002177,QQQ,86755.0,2019-02-14,252.0,0.1228%,-0.0001,1.1624,-0.1541,-0.5506,0.3104%,1.4326%,95.3052%,0.0011849999999999,QQQ,86755.0,2019-02-15,252.0,0.4205%,-0.0001,1.155,-0.1614,-0.5635,0.3114%,1.4281%,95.2454%,-0.0060009999999999,QQQ,-0.001498,-0.001207,-0.001376,-0.0050799999999999,-0.0145549999999999
39179,RESTAURANT BRANDS INTL INC,'Tim Hortons co-founder Ron Joyce dies at age 88' -Global News,6,decrease,0.7,0.3,"the death of a co-founder may lead to negative sentiment and uncertainty about the company's future, potentially impacting stock price.",0,2019-02-01,QSR,2019-02-01 17:55:00+00:00,15113.0,76131D10,-0.0006384822772815,1293776.0,0.001437472528778,0.0036847703158855,-0.0094098905101418,-0.0063674231059849,0.0077282167039811,-0.0031736078672111,-0.0044735386036336,-0.0011095212539657,0.0062590176239609,-0.0087981363758444,0.0162679497152566,0.0166107788681983,0.0084745902568101,0.0978432744741439,0.0031123084481805,-0.0074834721162915,-0.0097734602168202,0.0036681063938885,0.0134732974693179,0.0130950575694441,0.0038645847234874,0.0069493832997977,-0.0041577494703233,0.0050143050029873,0.0012370779877528,-0.0122058847919106,-0.0199227947741746,0.0203970614820718,-0.0152851780876517,0.0115026663988828,0.0011201743036508,0.0042170798406004,-0.0004795810964424,-0.0192411374300718,0.0108747854828834,0.0271518509835004,-0.0020565930753946,0.0385574176907539,-0.0101458970457315,0.013807913288474,-0.000960883393418,-0.0168260242789983,-0.0091375391930341,0.0055758687667548,-0.008736465126276,-0.0085779791697859,0.0261138975620269,0.0024841821286827,-0.0074757025577127,0.0339854024350643,0.0028846201021224,-0.0207043290138244,0.0073505765758454,-0.0040470049716532,0.0025380686856806,-0.0198337603360414,0.0066985352896153,0.0058901300653815,0.0042775738984346,0.005156616680324,0.0050481101498007,-0.017267232760787,-0.0127138216048479,-0.0150320893153548,0.0090619977563619,0.0105594610795378,-0.0004727051127701,0.0188750475645065,0.0053593972697854,-0.0152416303753852,0.0079962704330682,-0.0159136448055505,0.0101104602217674,-0.0430597402155399,0.0101631665602326,0.0143821267411112,-0.0074694799259305,-0.0186443571001291,0.0082936706021428,-0.0161152482032775,-0.0031987673137336,-0.0076556135900318,0.0064180647023022,0.0099656013771891,0.0006073628319427,0.0365093350410461,-0.000303554959828,-0.0068977605551481,0.0004554706974886,0.0218687690794467,-0.0100137097761035,0.0054516275413334,0.0061302916146814,0.0459988228976726,0.0070068403147161,-0.0219371691346168,0.0071093817241489,-0.0302866455167532,-0.0019526116084307,0.0181718375533819,-0.0013543467503041,-0.016428954899311,0.0018083596369251,-0.0050296173430979,0.0192538909614086,-0.0051822895184159,-0.0271547213196754,-0.0149621944874525,-0.0007584257400594,0.0058428086340427,-0.0036436235532164,-0.0068577351048588,0.0004572056932374,0.0088699664920568,0.0121839074417948,0.0171418394893407,-0.0144447656348347,0.0111292973160743,-0.0039694984443485,-0.0122544653713703,0.001437472528778,0.0036847703158855,-0.0079859444404709,-0.002706115281749,-0.0003194448457116,-0.0058711350002124,0.0014374728000259,-0.0157109190276097,0.0332215592958919,0.1086533946994281,0.0205318830843388,0.1965240737183269,0.0503154814138562,0.1385679882900226,2019-02-04,2019-02-05,2019-02-06,2019-02-07,2019-02-08,2019-02-11,2019-02-12,2019-02-13,2019-02-14,2019-02-15,15113.0,2019-02-01,252.0,-0.0638%,0.0003,0.6387,-0.2772,-0.2925,1.4534%,1.6646%,23.7653%,-0.00074,QSR,15113.0,2019-02-04,252.0,0.1437%,0.0003,0.6383,-0.2786,-0.2901,1.4535%,1.6645%,23.7391%,-0.003275,QSR,15113.0,2019-02-05,252.0,-0.9410%,0.0003,0.6328,-0.2753,-0.2863,1.4558%,1.6611%,23.1871%,-0.0142189999999999,QSR,15113.0,2019-02-06,252.0,0.7728%,0.0004,0.6117,-0.2687,-0.3059,1.4548%,1.6443%,21.7208%,0.009193,QSR,15113.0,2019-02-07,252.0,-0.4474%,0.0003,0.6054,-0.2613,-0.3064,1.4534%,1.6387%,21.3333%,0.001959,QSR,15113.0,2019-02-08,252.0,0.6259%,0.0002,0.6054,-0.2832,-0.3205,1.4462%,1.6349%,21.7492%,0.0036309999999999,QSR,15113.0,2019-02-11,252.0,1.6268%,0.0004,0.5804,-0.2354,-0.3078,1.4437%,1.6097%,19.5681%,0.017926,QSR,15113.0,2019-02-12,252.0,0.8475%,0.0004,0.5848,-0.2413,-0.3045,1.4428%,1.6104%,19.7364%,5e-06,QSR,15113.0,2019-02-13,252.0,0.3112%,0.0002,0.5617,-0.2018,-0.2972,1.4068%,1.5650%,19.1993%,0.001733,QSR,15113.0,2019-02-14,252.0,-0.9773%,0.0004,0.5665,-0.2056,-0.2973,1.3866%,1.5491%,19.8820%,-0.009368,QSR,15113.0,2019-02-15,252.0,1.3473%,0.0004,0.5791,-0.1934,-0.2757,1.3865%,1.5511%,20.0966%,0.0089129999999999,QSR,-0.004015,-0.018234,-0.009041,-0.003451,0.0157579999999999
39187,DR REDDYS LABORATORIES LTD,"Dr Reddy Laboratories Q3 EPS $0.42 Up From $0.29 YoY, Sales $553M Up From $547M YoY",6,increase,0.8,0.6,"the increase in eps and slight growth in sales year-over-year suggests improved financial performance, which is likely to positively influence investor sentiment and stock price.",2,2019-02-01,RDY,2019-02-01 12:46:00+00:00,88957.0,25613520,0.0219952911138534,263452.0,0.0171663332730531,0.0159616507589817,0.0037782797589898,0.0132075930014252,-0.012045158073306,-0.0040268865413963,0.0053340843878686,-0.0061365938745439,-0.0197069868445396,-0.0105597022920846,-0.0554123148322105,0.0061088851653039,0.0390177406370639,0.0045358054339885,-0.0173320285975933,0.0118790119886398,0.0077498913742601,-0.0069704647175967,-0.0458764135837554,0.0059330472722649,0.0116732073947787,0.0081566898152232,-0.0173077210783958,0.0126651730388402,0.0064299562945961,-0.0157182067632675,0.0244444739073514,0.0040816743858158,0.0132862757891416,-0.0070250835269689,0.0024083531461656,0.0029809428378939,-0.0072077005170285,0.0101287364959716,0.0131756300106644,-0.0201180260628461,0.0002653482370078,0.0135943451896309,-0.0095515204593539,-0.0210274402052164,0.0192873664200305,-0.003448304021731,0.0120893325656652,0.0002653790579643,-0.0160996876657009,0.0029270034283399,-0.0097650811076164,-0.0071333330124616,0.0194562766700983,0.021041240543127,0.002352945273742,0.0062432014383375,0.0067813852801918,-0.0120675982907414,0.0033679034095257,0.0180180128663778,0.0036147532518953,-0.0184887088835239,0.0054026986472308,0.0317943468689918,0.0120265455916523,-0.012018640525639,0.0240202471613884,0.0002732824359554,-0.0046913241967558,0.0192146655172109,-0.0285289380699396,-0.0346774421632289,0.0219612009823322,0.0116943242028355,0.0137431090697646,-0.025702204555273,-0.0157751888036727,-0.0086681907996535,-0.0047582928091287,-0.00962536316365,0.0191242657601833,0.0052300454117357,0.0017283875495195,-0.0052028344944119,0.0133103504776954,0.0039174119010567,-0.0150814624503254,0.0357046164572238,-0.0118548609316349,0.0035288019571453,-0.0014995641540735,0.012922772206366,-0.0067584593780338,-0.0170270558446645,0.0103326570242643,0.009825344197452,-0.0014966668095439,0.003835599636659,0.0049962718039751,0.0354609936475753,0.0156599823385477,0.0094502251595258,-0.0119922095909714,0.0124672790989279,-0.0091651957482099,0.0078901359811425,0.0060000419616699,0.0052879052236676,0.013170943595469,0.0185518488287925,-0.0066225277259945,0.0039049938786774,0.0096296146512031,-0.015088708139956,-0.0009782566921785,-0.014864532276988,0.0146879386156797,0.0082281101495027,-0.0084439637139439,0.0191673971712589,0.0019465166842564,0.0167478453367948,0.0172413568943738,-0.0147015200927853,0.0171663332730531,0.0159616507589817,0.0210094722415845,0.0293800587472625,0.0087112517540919,0.0252348620427114,-0.005892891120904,0.0081836729844086,-0.0781450017458988,0.0299351860152294,0.0012811410322612,0.0558473990855472,0.0732769809547084,0.1458144735877893,2019-02-04,2019-02-05,2019-02-06,2019-02-07,2019-02-08,2019-02-11,2019-02-12,2019-02-13,2019-02-14,2019-02-15,88957.0,2019-02-01,252.0,2.1995%,0.0006,0.3128,-0.0119,-0.1276,1.7092%,1.7530%,4.9343%,0.022073,RDY,88957.0,2019-02-04,252.0,1.7166%,0.0008,0.3209,0.0077,-0.105,1.7018%,1.7464%,5.0393%,0.0142839999999999,RDY,88957.0,2019-02-05,252.0,0.3778%,0.0008,0.3055,0.0021,-0.1227,1.6981%,1.7398%,4.7343%,0.001674,RDY,88957.0,2019-02-06,252.0,-1.2045%,0.0008,0.2897,0.0074,-0.1399,1.6987%,1.7366%,4.3168%,-0.011387,RDY,88957.0,2019-02-07,252.0,0.5334%,0.0007,0.2726,0.0259,-0.1403,1.6914%,1.7258%,3.9545%,0.008483,RDY,88957.0,2019-02-08,252.0,-1.9707%,0.0007,0.2764,0.0287,-0.1223,1.6968%,1.7307%,3.8775%,-0.021033,RDY,88957.0,2019-02-11,252.0,-5.5412%,0.0004,0.2754,-0.0467,-0.1638,1.7326%,1.7665%,3.7979%,-0.0558079999999999,RDY,88957.0,2019-02-12,252.0,3.9018%,0.0004,0.277,-0.0236,-0.1671,1.7371%,1.7717%,3.8634%,0.0349029999999999,RDY,88957.0,2019-02-13,252.0,-1.7332%,0.0004,0.2777,-0.0322,-0.1731,1.7404%,1.7752%,3.8825%,-0.018077,RDY,88957.0,2019-02-14,252.0,0.7750%,0.0004,0.2762,-0.0283,-0.1776,1.7409%,1.7757%,3.8876%,0.007397,RDY,88957.0,2019-02-15,252.0,-4.5876%,0.0001,0.2325,-0.0728,-0.2554,1.7647%,1.7966%,3.5161%,-0.048174,RDY,0.036357,0.038031,0.026644,0.014094,-0.0656649999999999
39195,ROPER TECHNOLOGIES INC,Roper Sees FY19 Adj. EPS $12-$12.40 vs $12.25 Estimate; Q1 Adj. EPS $2.74-$2.80 vs $2.73 Est.,6,increase,0.75,0.6,"the adjusted eps guidance for fy19 and q1 exceeds estimates, which is likely to positively influence investor sentiment and drive the stock price higher.",2,2019-02-01,ROP,2019-02-01 11:05:00+00:00,77338.0,77669610,0.031667023897171,706283.0,0.0030797449871897,-0.0147134875878691,0.0161361191421747,0.0149690741673111,0.0063453125767409,0.0120770530775189,-0.007105937693268,-0.0115839624777436,0.0085344016551971,0.0159669239073991,0.0036313843447715,0.0088322684168815,0.0229045432060957,0.005678913090378,0.0038617637474089,-0.0260246638208627,-0.0104092620313167,0.0240732170641422,0.0190774742513895,0.0103081343695521,-0.0023399810306727,0.0085091320797801,0.0071972180157899,-0.0037594703026115,0.0042427876032888,-0.0067359656095504,0.00759216863662,-0.0073406100273132,0.0068098101764917,0.0129946582019329,0.0016282730503007,0.009325923398137,0.011535944417119,0.0019790660589933,0.0002781442017294,0.0059068268164992,-6.176120223244652e-05,0.0335780642926693,-0.0083428984507918,-0.029293717816472,-0.0030224698130041,0.0003376720123924,-0.0004375051066745,0.0102341808378696,-0.0017822753870859,-0.0050159781239926,-0.0049490574747323,0.0221270974725484,0.0172505434602499,0.0502004362642765,0.00182576617226,-0.042893648147583,0.0080311549827456,-0.0178857296705246,-0.0026965891011059,-0.0248265210539102,0.0023044308181852,0.0022315843962132,0.0161246135830879,0.0086659574881196,0.0013576257042586,-0.0265848636627197,-0.0036153655964881,-0.0261735972017049,0.0099480180069804,-0.0110778752714395,-0.0135924322530627,0.010160275734961,0.0045831478200852,-0.013561800122261,0.0129614416509866,0.0018958570435643,0.0008948558242991,-0.0083559425547719,0.0134994145482778,0.0019535252358764,0.0054983682930469,-0.0477993190288543,0.0174284037202596,0.0116267064586281,0.0009771975455805,0.0126586630940437,-0.003646564669907,-0.0009179965709336,-0.0053025833331048,0.0311295110732317,0.002295997692272,-0.0017147514736279,-0.0048047807067632,0.0019284284207969,-0.0023848321288824,-0.0114727299660444,-0.0002623723412398,0.0049462309107184,0.0103522324934601,-0.0236030425876379,0.0138251753523945,-0.0126263797283172,0.0004839233297389,0.0113431690260767,-0.0058047920465469,0.022466842085123,-0.0040642647072672,-0.0092885019257664,0.0050291693769395,0.0046312171034514,0.0032025480177253,-0.0251676198095083,0.0012826707679778,0.0009442510781809,-0.0029320470057427,0.0016890179831534,-0.0088791633024811,0.0219207610934972,0.015353643335402,0.0046472786925733,0.0151213863864541,0.0107262954115867,0.0052821738645434,0.0042948718182742,0.0030797449871897,-0.0147134875878691,0.0192655592614052,3.5339292479452666e-05,0.0257331178336255,0.0121128191645094,0.0271361351175594,0.0163616699759092,0.0675152449685796,0.0391049278028263,0.1342777581650684,0.0644762041278446,0.2325275342060084,-0.0011026670622729,2019-02-04,2019-02-05,2019-02-06,2019-02-07,2019-02-08,2019-02-11,2019-02-12,2019-02-13,2019-02-14,2019-02-15,77338.0,2019-02-01,252.0,3.1667%,0.0004,1.0295,0.0656,0.1922,1.0966%,1.5703%,51.2285%,0.029467,ROP,77338.0,2019-02-04,252.0,0.3080%,0.0004,1.0286,0.0628,0.1924,1.0969%,1.5703%,51.2023%,-0.0038629999999999,ROP,77338.0,2019-02-05,252.0,1.6136%,0.0003,1.06,0.0691,0.2185,1.0754%,1.5711%,53.1425%,0.012818,ROP,77338.0,2019-02-06,252.0,0.6345%,0.0004,1.0218,0.0813,0.182,1.0672%,1.5168%,50.4976%,0.008431,ROP,77338.0,2019-02-07,252.0,-0.7106%,0.0005,1.0269,0.0743,0.1831,1.0656%,1.5169%,50.6499%,0.001693,ROP,77338.0,2019-02-08,252.0,0.8534%,0.0005,1.0252,0.0788,0.1793,1.0659%,1.5164%,50.5841%,0.008737,ROP,77338.0,2019-02-11,252.0,0.3631%,0.0005,1.0388,0.0669,0.1799,1.0639%,1.5074%,50.1866%,0.001163,ROP,77338.0,2019-02-12,252.0,2.2905%,0.0005,1.047,0.0625,0.1849,1.0645%,1.5132%,50.5114%,0.00897,ROP,77338.0,2019-02-13,252.0,0.3862%,0.0005,1.0383,0.0772,0.1875,1.0577%,1.4996%,50.2519%,0.000663,ROP,77338.0,2019-02-14,252.0,-1.0409%,0.0004,1.0403,0.0729,0.192,1.0589%,1.5013%,50.2519%,-0.007643,ROP,77338.0,2019-02-15,252.0,1.9077%,0.0005,1.0567,0.0882,0.2194,1.0550%,1.5057%,50.9092%,0.006118,ROP,0.025604,0.038422,0.046853,0.057283,0.066554
39203,ROPER TECHNOLOGIES INC,"Roper Industries Q4 EPS $3.22 Beats $3.13 Estimate, Sales $1.38B Beat $1.35B Estimate",6,increase,0.8,0.7,"the company reported better-than-expected earnings and sales, which typically boosts investor confidence and can lead to an increase in stock price.",2,2019-02-01,ROP,2019-02-01 11:04:00+00:00,77338.0,77669610,0.031667023897171,706283.0,0.0030797449871897,-0.0147134875878691,0.0161361191421747,0.0149690741673111,0.0063453125767409,0.0120770530775189,-0.007105937693268,-0.0115839624777436,0.0085344016551971,0.0159669239073991,0.0036313843447715,0.0088322684168815,0.0229045432060957,0.005678913090378,0.0038617637474089,-0.0260246638208627,-0.0104092620313167,0.0240732170641422,0.0190774742513895,0.0103081343695521,-0.0023399810306727,0.0085091320797801,0.0071972180157899,-0.0037594703026115,0.0042427876032888,-0.0067359656095504,0.00759216863662,-0.0073406100273132,0.0068098101764917,0.0129946582019329,0.0016282730503007,0.009325923398137,0.011535944417119,0.0019790660589933,0.0002781442017294,0.0059068268164992,-6.176120223244652e-05,0.0335780642926693,-0.0083428984507918,-0.029293717816472,-0.0030224698130041,0.0003376720123924,-0.0004375051066745,0.0102341808378696,-0.0017822753870859,-0.0050159781239926,-0.0049490574747323,0.0221270974725484,0.0172505434602499,0.0502004362642765,0.00182576617226,-0.042893648147583,0.0080311549827456,-0.0178857296705246,-0.0026965891011059,-0.0248265210539102,0.0023044308181852,0.0022315843962132,0.0161246135830879,0.0086659574881196,0.0013576257042586,-0.0265848636627197,-0.0036153655964881,-0.0261735972017049,0.0099480180069804,-0.0110778752714395,-0.0135924322530627,0.010160275734961,0.0045831478200852,-0.013561800122261,0.0129614416509866,0.0018958570435643,0.0008948558242991,-0.0083559425547719,0.0134994145482778,0.0019535252358764,0.0054983682930469,-0.0477993190288543,0.0174284037202596,0.0116267064586281,0.0009771975455805,0.0126586630940437,-0.003646564669907,-0.0009179965709336,-0.0053025833331048,0.0311295110732317,0.002295997692272,-0.0017147514736279,-0.0048047807067632,0.0019284284207969,-0.0023848321288824,-0.0114727299660444,-0.0002623723412398,0.0049462309107184,0.0103522324934601,-0.0236030425876379,0.0138251753523945,-0.0126263797283172,0.0004839233297389,0.0113431690260767,-0.0058047920465469,0.022466842085123,-0.0040642647072672,-0.0092885019257664,0.0050291693769395,0.0046312171034514,0.0032025480177253,-0.0251676198095083,0.0012826707679778,0.0009442510781809,-0.0029320470057427,0.0016890179831534,-0.0088791633024811,0.0219207610934972,0.015353643335402,0.0046472786925733,0.0151213863864541,0.0107262954115867,0.0052821738645434,0.0042948718182742,0.0030797449871897,-0.0147134875878691,0.0192655592614052,3.5339292479452666e-05,0.0257331178336255,0.0121128191645094,0.0271361351175594,0.0163616699759092,0.0675152449685796,0.0391049278028263,0.1342777581650684,0.0644762041278446,0.2325275342060084,-0.0011026670622729,2019-02-04,2019-02-05,2019-02-06,2019-02-07,2019-02-08,2019-02-11,2019-02-12,2019-02-13,2019-02-14,2019-02-15,77338.0,2019-02-01,252.0,3.1667%,0.0004,1.0295,0.0656,0.1922,1.0966%,1.5703%,51.2285%,0.029467,ROP,77338.0,2019-02-04,252.0,0.3080%,0.0004,1.0286,0.0628,0.1924,1.0969%,1.5703%,51.2023%,-0.0038629999999999,ROP,77338.0,2019-02-05,252.0,1.6136%,0.0003,1.06,0.0691,0.2185,1.0754%,1.5711%,53.1425%,0.012818,ROP,77338.0,2019-02-06,252.0,0.6345%,0.0004,1.0218,0.0813,0.182,1.0672%,1.5168%,50.4976%,0.008431,ROP,77338.0,2019-02-07,252.0,-0.7106%,0.0005,1.0269,0.0743,0.1831,1.0656%,1.5169%,50.6499%,0.001693,ROP,77338.0,2019-02-08,252.0,0.8534%,0.0005,1.0252,0.0788,0.1793,1.0659%,1.5164%,50.5841%,0.008737,ROP,77338.0,2019-02-11,252.0,0.3631%,0.0005,1.0388,0.0669,0.1799,1.0639%,1.5074%,50.1866%,0.001163,ROP,77338.0,2019-02-12,252.0,2.2905%,0.0005,1.047,0.0625,0.1849,1.0645%,1.5132%,50.5114%,0.00897,ROP,77338.0,2019-02-13,252.0,0.3862%,0.0005,1.0383,0.0772,0.1875,1.0577%,1.4996%,50.2519%,0.000663,ROP,77338.0,2019-02-14,252.0,-1.0409%,0.0004,1.0403,0.0729,0.192,1.0589%,1.5013%,50.2519%,-0.007643,ROP,77338.0,2019-02-15,252.0,1.9077%,0.0005,1.0567,0.0882,0.2194,1.0550%,1.5057%,50.9092%,0.006118,ROP,0.025604,0.038422,0.046853,0.057283,0.066554
39211,STARBUCKS CORP,X	 Starbucks Option Alert: Fri $69 Calls Sweep (30) near the Ask: 911 @ $0.22 vs 1638 OI; Ref=$68.87,6,increase,0.7,0.6,"the significant call option activity suggests bullish sentiment among investors, indicating a potential increase in starbucks corp's stock price.",2,2019-02-01,SBUX,2019-02-01 14:55:00+00:00,77702.0,85524410,-0.0004402521299198,10305605.0,-0.0077815121039748,-0.0001467664842493,0.0260431263595819,0.0165572874248027,-0.0018747887806966,0.0020926664583384,0.0042120683938264,-0.0028319396078586,0.0088226879015564,0.0362990200519561,0.0034408296924084,-0.0254403501749038,-0.0034290307667106,0.0159045867621898,0.0108960876241326,0.0106646437197923,0.0046801050193607,0.0065338858403265,-0.0018350827740505,0.0079974643886089,-0.0072125885635614,-0.0048377243801951,0.0027065875474363,0.0112040853127837,0.0044040000066161,-0.0056488406844437,0.0084866499528288,-0.0071662701666355,-0.0035063112154603,0.0048528704792261,0.0012666620314121,0.0040867989882826,-0.0139161916449666,0.0007865225197747,0.0015680771321058,0.0,0.0083973286673426,0.0331545732915401,0.0014114110963419,-0.0433768816292285,0.0088795619085431,-0.0012422644067555,-0.0043308911845088,0.015933146700263,-0.0092605035752058,0.0030063074082136,-0.0177028756588697,0.0019023292697966,0.0046136057935655,0.0416116304695606,0.005310027860105,-0.0135200852528214,0.0007137104985304,-0.012228513136506,0.0091298064216971,-0.02981573715806,-0.0009895348921418,-0.0132470829412341,0.0024055209942162,0.0069799432530999,0.0076228254474699,-0.0133148934692144,0.0035023817326873,-0.0234644636511802,0.0087952660396695,0.0117950467392802,-0.0041517168283462,0.0031856657005846,0.004724902100861,0.0065658926032483,0.0091285752132534,0.0003054321568924,-0.0030153675470501,-0.0162284262478351,0.0167720820754766,-0.001500352169387,0.0051378752104938,-0.012592569924891,-0.0051116123795509,0.0116906287148594,0.0041914219036698,-0.0023922852706164,0.0008079331018961,0.0008978982223197,0.0002690251858439,0.0111985141411423,0.0091459359973669,0.0059369672089815,0.0022657359950244,-0.0001521233934909,-0.0010637526866048,-0.0160251576453447,0.0047923400998115,-0.0061030611395835,0.005166923161596,-0.0107495700940489,0.0102807264775037,-0.0036678402684628,-0.0063926661387085,0.0079858163371682,-0.0060400036163628,0.0086515787988901,-0.0076617468148469,-0.0001483864616602,0.0125132426619529,-0.0073626856319606,-0.008677308447659,-0.0100582335144281,0.0078248847275972,-0.0017462564865127,0.0052638705819845,0.0082159265875816,0.0094253337010741,0.0325708463788032,0.0044092377647757,0.0237282682210207,-0.0069721536710858,0.0024876191746443,0.0100116580724716,0.0970492660999298,-0.0077815121039748,-0.0001467664842493,0.0180589593526145,0.0164080908856893,0.0161503138375325,0.0185350940054698,0.0294333474769055,0.0525177879538267,0.0436018789670749,0.0685275018347404,0.0455204948378138,0.0569256671540276,0.1464714351566707,0.168444564707052,2019-02-04,2019-02-05,2019-02-06,2019-02-07,2019-02-08,2019-02-11,2019-02-12,2019-02-13,2019-02-14,2019-02-15,77702.0,2019-02-01,252.0,-0.0440%,0.001,0.7134,-0.2721,0.0506,1.2715%,1.5084%,28.9406%,-0.002113,SBUX,77702.0,2019-02-04,252.0,-0.7782%,0.001,0.7139,-0.2736,0.0658,1.2701%,1.5064%,28.9052%,-0.011479,SBUX,77702.0,2019-02-05,252.0,2.6043%,0.001,0.7226,-0.2785,0.0604,1.2760%,1.5143%,28.9930%,0.02305,SBUX,77702.0,2019-02-06,252.0,-0.1875%,0.001,0.7422,-0.2848,0.0795,1.2739%,1.5089%,28.7191%,-0.000455,SBUX,77702.0,2019-02-07,252.0,0.4212%,0.001,0.7386,-0.2842,0.0816,1.2752%,1.5057%,28.2764%,0.010334,SBUX,77702.0,2019-02-08,252.0,0.8823%,0.0011,0.7369,-0.2749,0.0807,1.2738%,1.5030%,28.1718%,0.008763,SBUX,77702.0,2019-02-11,252.0,0.3441%,0.001,0.7576,-0.2906,0.083,1.2701%,1.5005%,28.3467%,0.003938,SBUX,77702.0,2019-02-12,252.0,-0.3429%,0.001,0.7487,-0.29,0.0784,1.2734%,1.4982%,27.7587%,-0.013633,SBUX,77702.0,2019-02-13,252.0,1.0896%,0.001,0.7488,-0.287,0.0808,1.2743%,1.4970%,27.5462%,0.008819,SBUX,77702.0,2019-02-14,252.0,0.4680%,0.001,0.747,-0.2832,0.077,1.2750%,1.4970%,27.4603%,0.008114,SBUX,77702.0,2019-02-15,252.0,-0.1835%,0.001,0.7449,-0.2863,0.072,1.2763%,1.4968%,27.2986%,-0.010038,SBUX,-0.013592,0.009458,0.009003,0.0281,0.0252999999999999
39219,SCYNEXIS INC,"Benzinga Pro's Top 10 Most-Searched Tickers For Morning Of Fri., Feb. 1, 2019",6,uncertain,0.5,0.5,"the news indicates that scynexis inc is among the most-searched tickers, which could suggest increased interest but does not provide information on the nature of that interest or its impact on stock price.",1,2019-02-01,SCYX,2019-02-01 15:05:00+00:00,14668.0,81129220,0.1078431531786919,6243709.0,0.0619469508528709,0.4166665971279144,-0.0083333253860473,-0.0270270016044378,-0.0084034530445933,0.0320781059563159,-0.0169491376727819,-0.0251529179513454,0.0,-0.0013578366488218,0.1551724821329117,0.0144628286361694,-0.0074626794084906,-0.0447368174791336,0.0451127365231514,0.0235690008848905,-0.0143884755671024,-0.0325732603669166,0.0072992630302906,-0.0382205471396446,0.0,0.0101265273988246,0.0217391103506088,0.0672791674733161,-0.0921985805034637,0.0074859927408397,0.031250063329935,0.0804411992430687,-0.0303030908107757,-0.0354609601199626,-0.0781250223517417,-0.0783109441399574,0.0254238061606884,-0.0046843746677041,0.0165289100259542,0.2526486814022064,0.0406503677368164,0.1217773407697678,-0.0156249850988388,0.0051460904069244,-0.0158730000257492,0.1295411735773087,-0.0080645084381103,-0.0894139558076858,0.0162601470947265,0.1066945642232895,-0.0239999778568744,0.1380952447652817,0.0327868536114692,0.0319409854710102,0.0079365000128746,0.061831459403038,-0.0078740082681179,-0.0310919750481843,0.2539682984352112,-0.0580952316522598,-0.0506329387426376,-0.0232558604329824,0.0800000056624412,-0.009216540493071,0.0679012462496757,-0.1142857596278191,-0.0289017744362354,-0.0576922558248043,-0.0654761269688606,-0.0221887771040201,0.0,-0.0832615569233894,-0.0382165983319282,-0.0490164160728454,0.0331125520169735,-0.0003277180949226,-0.0576922558248043,-0.0236800201237201,-0.0340136550366878,-0.0808823630213737,0.0633803084492683,-0.0422534830868244,-0.0132450209930539,-0.0405405834317207,0.0402684174478054,-0.0133333206176757,0.0193548984825611,-0.0359897129237651,0.0253164302557706,0.010389631614089,0.0061728334985673,0.0335570164024829,0.1042944490909576,-0.0324675031006336,0.0222222674638032,0.0307898297905921,-0.0108695542439818,-0.0171052776277065,0.0164835005998611,-0.0787878781557083,-0.010810799896717,0.0171371977776289,-0.0218579676002264,-0.0344047248363494,-0.0167597606778144,-0.0291262250393629,-0.085227258503437,0.0300000123679637,0.0248446967452764,-0.050847478210926,0.0303030740469694,-0.0684210509061813,0.0,-0.0450341627001762,0.0,0.0181147847324609,-0.0058823470026254,-0.0222155395895242,-0.0177515316754579,-0.0006999969482421,-0.0060240905731916,0.0193679854273796,-0.0545454770326614,-0.0189999938011169,0.0619469508528709,0.4166665971279144,0.0530974013686931,0.3783783467343848,0.044247746804908,0.422594113388822,0.0265486479798193,0.3849286565977428,0.2212389451362719,0.2781955059285745,0.4336283361826645,1.350230456834815,0.3805309414173043,0.019999976392409,2019-02-04,2019-02-05,2019-02-06,2019-02-07,2019-02-08,2019-02-11,2019-02-12,2019-02-13,2019-02-14,2019-02-15,14668.0,2019-02-01,252.0,10.7843%,-0.0007,0.7326,0.9591,-0.1755,5.0856%,5.1876%,3.8943%,0.109057,SCYX,14668.0,2019-02-04,252.0,6.1947%,-0.0006,0.7386,0.9817,-0.2031,5.0940%,5.2005%,4.0560%,0.051161,SCYX,14668.0,2019-02-05,252.0,-0.8333%,-0.0006,0.7281,0.9822,-0.2068,5.0939%,5.1980%,3.9642%,-0.0120419999999999,SCYX,14668.0,2019-02-06,252.0,-0.8403%,-0.0005,0.6765,0.9989,-0.2585,5.0903%,5.1884%,3.7474%,-0.006659,SCYX,14668.0,2019-02-07,252.0,-1.6949%,-0.0005,0.6821,0.9951,-0.2599,5.0903%,5.1895%,3.7839%,-0.008451,SCYX,14668.0,2019-02-08,252.0,0.0000%,-0.0006,0.6828,0.9863,-0.2627,5.0900%,5.1889%,3.7776%,-0.003005,SCYX,14668.0,2019-02-11,252.0,15.5172%,0.0,0.7125,1.1597,-0.1533,5.1747%,5.2792%,3.9209%,0.1482109999999999,SCYX,14668.0,2019-02-12,252.0,-0.7463%,-0.0001,0.6977,1.1656,-0.1619,5.1756%,5.2790%,3.8789%,-0.017745,SCYX,14668.0,2019-02-13,252.0,4.5113%,0.0,0.698,1.1823,-0.1486,5.1818%,5.2854%,3.8787%,0.042473,SCYX,14668.0,2019-02-14,252.0,-1.4388%,-0.0002,0.7006,1.1702,-0.132,5.1796%,5.2817%,3.8294%,-0.020032,SCYX,14668.0,2019-02-15,252.0,0.7299%,-0.0001,0.7142,1.1821,-0.1103,5.1782%,5.2817%,3.8805%,-0.00301,SCYX,0.160218,0.148176,0.141517,0.130061,0.2799579999999999
39227,SENECA FOODS CORP NEW,"Seneca Foods Q3 EPS $1.43 Up From $0.78 YoY, Sales $372.24M Up From $354.89M YoY",6,increase,0.8,0.7,"the significant year-over-year increase in both eps and sales suggests strong financial performance, which is likely to positively influence investor sentiment and drive the stock price up.",2,2019-02-01,SENEB,2019-02-01 21:17:00+00:00,62958.0,81707010,-0.0057762651704251,193.0,0.0211267750710248,-0.0193958953022956,0.0712069123983383,-0.0502119027078151,-0.0568163953721523,0.0310977026820182,0.0394198186695575,-0.020579582080245,-0.0014775923918932,0.0865831822156906,0.0001644547301111,-0.0555837266147136,-0.0364096947014331,-0.0291946660727262,0.0372735932469368,-0.0139091154560446,0.0098684588447213,0.0412596948444843,0.0151465842500329,-0.0433381460607051,0.013957948423922,0.0920126587152481,-0.0125000141561031,-0.0839645341038703,-0.0048069097101688,-0.0105246352031827,-0.0020930164027959,-0.007753191050142,-0.0058083962649106,0.0193548519164323,-0.0355403870344162,0.0032362584024667,0.0074037089943885,0.0191292855888605,0.0208785701543092,0.0172789599746465,0.0294501855969429,0.020369779318571,-0.0082644093781709,0.0024021859280765,0.0065705101005733,-0.0111978258937597,-0.0089157996699213,-0.004560048226267,-0.0438554771244525,0.010754476301372,0.008064572699368,0.0207353625446558,0.0003333409549668,0.0146747147664427,-0.1089636906981468,-0.0136031145229935,0.0284218490123748,0.0231977012008428,0.0,-0.0007132830796763,-0.0093127163127064,-0.0665778964757919,-0.0463920645415782,-0.0641743838787078,-0.0304080415517091,-0.0262400023639202,0.0005955258966423,-0.0304411724209785,0.0299543403089046,-0.0116279507055878,-0.0238828565925359,0.0285543985664844,0.0025650602765381,-0.003575234208256,-0.000983968260698,-0.0360424257814884,0.01713945902884,0.0184263586997985,-0.0032926977146416,0.0439695417881012,0.0034978683106601,-0.0400116667151451,-0.0114251812919974,0.0315995812416076,-0.020372200757265,-0.0382434874773025,0.014996999874711,-0.0027551453094929,0.0013790325028821,0.006862333510071,-0.0021640881896018,-0.006959596183151,-0.011435367166996,0.0177070181816816,0.0199441574513912,-0.0200984235852956,-0.0105592673644423,0.0099299103021621,0.0063241049647331,0.0115215135738253,0.0086410539224743,0.0069908308796584,0.0514018572866916,-0.0496450997889041,-0.0366666577756404,0.0687716305255889,0.0084582585841417,-0.0396110825240612,-0.0031681039836257,0.0141259431838989,-0.026270842179656,-0.04537158831954,-0.007659061346203,-0.0259952656924724,0.0065308101475238,0.0105073200538754,-0.0530869178473949,0.0636764988303184,0.0159883815795183,0.012206008657813,0.0386265963315963,0.0134258465841412,0.0198741070926189,0.0131438272073864,0.0211267750710248,-0.0193958953022956,0.093838059891105,-0.0686338932022609,0.031690124207224,-0.0396705469249559,0.0707746520877541,0.022003495382584,0.0973591954571455,-0.0795876099968568,-0.0852112750846114,-0.11012462465685,-0.0874999566111344,-0.1268531867174119,2019-02-04,2019-02-05,2019-02-06,2019-02-07,2019-02-08,2019-02-11,2019-02-12,2019-02-13,2019-02-14,2019-02-15,62958.0,2019-02-01,252.0,-0.5776%,0.0002,0.8691,0.9048,0.8031,2.8156%,2.9751%,10.4372%,-0.009351,SENEB,62958.0,2019-02-04,252.0,2.1127%,-0.0002,0.8527,0.8732,0.7133,2.7424%,2.9001%,10.5747%,0.0141199999999999,SENEB,62958.0,2019-02-05,252.0,7.1207%,0.0002,0.8246,0.8372,0.6326,2.7730%,2.9173%,9.6490%,0.072419,SENEB,62958.0,2019-02-06,252.0,-5.6816%,0.0,0.7807,0.8523,0.5817,2.7894%,2.9169%,8.5507%,-0.055461,SENEB,62958.0,2019-02-07,252.0,3.9420%,0.0004,0.7918,0.8186,0.5962,2.7931%,2.9207%,8.5481%,0.0454199999999999,SENEB,62958.0,2019-02-08,252.0,-0.1478%,0.0003,0.7924,0.7931,0.5819,2.7876%,2.9144%,8.5148%,0.0014149999999999,SENEB,62958.0,2019-02-11,252.0,0.0164%,0.0003,0.7782,0.7959,0.576,2.7873%,2.9086%,8.1640%,-0.007618,SENEB,62958.0,2019-02-12,252.0,-3.6410%,-0.0001,0.726,0.8286,0.5435,2.7864%,2.8979%,7.5484%,-0.046273,SENEB,62958.0,2019-02-13,252.0,3.7274%,0.0003,0.758,0.7886,0.5447,2.7704%,2.8877%,7.9588%,0.034263,SENEB,62958.0,2019-02-14,252.0,0.9868%,0.0003,0.7558,0.7942,0.5383,2.7710%,2.8883%,7.9529%,0.010419,SENEB,62958.0,2019-02-15,252.0,1.5147%,0.0004,0.7739,0.8108,0.5681,2.7679%,2.8896%,8.2452%,0.001937,SENEB,0.0047689999999999,0.0771879999999999,0.0217269999999999,0.0685619999999999,0.0612899999999999
39235,STIFEL FINANCIAL CORP,Stifel Financial Raises Qtr. Dividend From $0.12 To $0.15/Share,6,increase,0.8,0.6,"raising the quarterly dividend typically signals financial strength and can attract investors, likely leading to an increase in stock price.",2,2019-02-01,SF,2019-02-01 11:06:00+00:00,72996.0,86063010,0.0503446832299232,1193722.0,0.0171042289584875,-0.0006263589602895,0.0084082968533039,-0.0093070724979043,0.0032965287100523,-0.0035037505440413,0.0036721804644912,-0.0012351043988019,0.0094357375055551,0.0244623310863971,-0.0017168321646749,0.0035978448577225,0.0137587878853082,-0.0073529095388948,-0.0135720530524849,-0.0151045592501759,0.0129943909123539,0.0185458604246377,0.0239577535539865,0.0002108376211253,0.0029476759955286,0.0232959017157554,0.0080823376774787,0.0032460836227983,-0.0020043842960149,0.0058772414922714,0.0180755499750375,0.0116714108735323,0.0046628792770206,0.0084388423711061,-0.0178507678210735,0.0215516537427902,0.0003635124885477,0.0420804396271705,-0.0083575686439871,0.0057060830295085,0.0180047675967216,0.0512372702360153,-0.0095650386065244,-0.0340415239334106,0.0060130832716822,0.0,-0.0233653485774993,0.0082764439284801,-0.0170622803270816,-0.0117872953414917,0.0041509666480124,0.0121743362396955,0.0159714110195636,0.0509211309254169,-0.0027742099482566,0.0015377082163468,0.0127967819571495,-0.0183647684752941,0.0100714014843106,0.0045489082112908,0.009064539335668,-0.030384749174118,0.0136543000116944,-0.0215775053948164,-0.0257000532001256,-0.0132481986656785,-0.0236493181437254,-0.043665163218975,-0.0009316049981862,-0.0307017043232917,-0.0408429428935051,0.014686245471239,-0.0124440863728523,-0.0042101140134036,0.019491983577609,-0.0052897920832037,-0.0034762516152113,-0.0134812509641051,0.020348897203803,0.0010884426301345,0.002089207759127,-0.0411187894642353,0.0379075072705745,-0.0074580609798431,0.0007304769242182,0.0010343462927266,0.0171533301472663,-0.023828761652112,0.0200932696461677,0.0116445291787385,0.013717882335186,-0.0158826075494289,0.0013879567850381,0.025990143418312,-0.0121275251731276,-0.003903814125806,0.0096457246690988,0.0199077315628528,0.0038214561063796,-0.0286993645131588,0.0164388436824083,-0.0124622900038957,-0.0061287130229175,0.0095373624935746,0.0161013808101415,0.0249583385884761,-0.0038772681728005,0.0012495080009102,0.0006769489846192,0.0073421923443675,-0.0180957149714231,-0.0431553907692432,0.0187736842781305,-0.0122918114066124,-0.0069315270520746,0.0179616436362266,-0.0049370261840522,0.021017936989665,0.0008554189116694,0.0242717955261468,0.0094016967341303,-0.0073328823782503,0.0104995584115386,0.0229318402707576,0.0171042289584875,-0.0006263589602895,0.0256563432463212,-0.0099276018899406,0.0290374488284801,-0.0133965685934591,0.0425616431665545,0.0094896841835137,0.0795544966370387,0.0090640884664703,0.1252085082455061,0.147686405954514,0.1900246726174477,0.0284827449982572,2019-02-04,2019-02-05,2019-02-06,2019-02-07,2019-02-08,2019-02-11,2019-02-12,2019-02-13,2019-02-14,2019-02-15,72996.0,2019-02-01,252.0,5.0345%,-0.0005,1.4213,0.5275,1.0132,1.1303%,1.8595%,63.0514%,0.0447,SF,72996.0,2019-02-04,252.0,1.7104%,-0.0005,1.423,0.5329,1.0111,1.1319%,1.8624%,63.0638%,0.0089,SF,72996.0,2019-02-05,252.0,0.8408%,-0.0004,1.4123,0.5259,0.9929,1.1307%,1.8417%,62.3107%,0.008682,SF,72996.0,2019-02-06,252.0,0.3297%,-0.0005,1.4345,0.5186,1.0157,1.1281%,1.8196%,61.5621%,0.005661,SF,72996.0,2019-02-07,252.0,0.3672%,-0.0004,1.4307,0.5174,1.0191,1.1316%,1.8154%,61.1477%,0.013626,SF,72996.0,2019-02-08,252.0,0.9436%,-0.0003,1.4279,0.5189,1.0084,1.1351%,1.8161%,60.9378%,0.0148209999999999,SF,72996.0,2019-02-11,252.0,-0.1717%,-0.0003,1.416,0.5177,1.0015,1.1355%,1.7878%,59.6626%,-0.0095599999999999,SF,72996.0,2019-02-12,252.0,1.3759%,-0.0003,1.4168,0.5139,1.0026,1.1353%,1.7881%,59.6865%,-0.004,SF,72996.0,2019-02-13,252.0,-1.3572%,-0.0004,1.4133,0.5125,0.9979,1.1411%,1.7872%,59.2357%,-0.018649,SF,72996.0,2019-02-14,252.0,1.2994%,-0.0003,1.4091,0.5233,0.9856,1.1470%,1.7891%,58.8976%,0.018985,SF,72996.0,2019-02-15,252.0,2.3958%,-0.0003,1.4083,0.5228,0.9845,1.1470%,1.7854%,58.7297%,0.001896,SF,0.0535999999999999,0.062282,0.067943,0.09639,0.085062
39243,STIFEL FINANCIAL CORP,"Stifel Financial Q4 EPS $1.57 Beats $1.47 Estimate, Sales $793.449M Beat $765.48M Estimate",6,increase,0.8,0.6,"the earnings per share and sales figures both exceeded estimates, which typically signals strong performance and can lead to a positive reaction in the stock price.",2,2019-02-01,SF,2019-02-01 11:06:00+00:00,72996.0,86063010,0.0503446832299232,1193722.0,0.0171042289584875,-0.0006263589602895,0.0084082968533039,-0.0093070724979043,0.0032965287100523,-0.0035037505440413,0.0036721804644912,-0.0012351043988019,0.0094357375055551,0.0244623310863971,-0.0017168321646749,0.0035978448577225,0.0137587878853082,-0.0073529095388948,-0.0135720530524849,-0.0151045592501759,0.0129943909123539,0.0185458604246377,0.0239577535539865,0.0002108376211253,0.0029476759955286,0.0232959017157554,0.0080823376774787,0.0032460836227983,-0.0020043842960149,0.0058772414922714,0.0180755499750375,0.0116714108735323,0.0046628792770206,0.0084388423711061,-0.0178507678210735,0.0215516537427902,0.0003635124885477,0.0420804396271705,-0.0083575686439871,0.0057060830295085,0.0180047675967216,0.0512372702360153,-0.0095650386065244,-0.0340415239334106,0.0060130832716822,0.0,-0.0233653485774993,0.0082764439284801,-0.0170622803270816,-0.0117872953414917,0.0041509666480124,0.0121743362396955,0.0159714110195636,0.0509211309254169,-0.0027742099482566,0.0015377082163468,0.0127967819571495,-0.0183647684752941,0.0100714014843106,0.0045489082112908,0.009064539335668,-0.030384749174118,0.0136543000116944,-0.0215775053948164,-0.0257000532001256,-0.0132481986656785,-0.0236493181437254,-0.043665163218975,-0.0009316049981862,-0.0307017043232917,-0.0408429428935051,0.014686245471239,-0.0124440863728523,-0.0042101140134036,0.019491983577609,-0.0052897920832037,-0.0034762516152113,-0.0134812509641051,0.020348897203803,0.0010884426301345,0.002089207759127,-0.0411187894642353,0.0379075072705745,-0.0074580609798431,0.0007304769242182,0.0010343462927266,0.0171533301472663,-0.023828761652112,0.0200932696461677,0.0116445291787385,0.013717882335186,-0.0158826075494289,0.0013879567850381,0.025990143418312,-0.0121275251731276,-0.003903814125806,0.0096457246690988,0.0199077315628528,0.0038214561063796,-0.0286993645131588,0.0164388436824083,-0.0124622900038957,-0.0061287130229175,0.0095373624935746,0.0161013808101415,0.0249583385884761,-0.0038772681728005,0.0012495080009102,0.0006769489846192,0.0073421923443675,-0.0180957149714231,-0.0431553907692432,0.0187736842781305,-0.0122918114066124,-0.0069315270520746,0.0179616436362266,-0.0049370261840522,0.021017936989665,0.0008554189116694,0.0242717955261468,0.0094016967341303,-0.0073328823782503,0.0104995584115386,0.0229318402707576,0.0171042289584875,-0.0006263589602895,0.0256563432463212,-0.0099276018899406,0.0290374488284801,-0.0133965685934591,0.0425616431665545,0.0094896841835137,0.0795544966370387,0.0090640884664703,0.1252085082455061,0.147686405954514,0.1900246726174477,0.0284827449982572,2019-02-04,2019-02-05,2019-02-06,2019-02-07,2019-02-08,2019-02-11,2019-02-12,2019-02-13,2019-02-14,2019-02-15,72996.0,2019-02-01,252.0,5.0345%,-0.0005,1.4213,0.5275,1.0132,1.1303%,1.8595%,63.0514%,0.0447,SF,72996.0,2019-02-04,252.0,1.7104%,-0.0005,1.423,0.5329,1.0111,1.1319%,1.8624%,63.0638%,0.0089,SF,72996.0,2019-02-05,252.0,0.8408%,-0.0004,1.4123,0.5259,0.9929,1.1307%,1.8417%,62.3107%,0.008682,SF,72996.0,2019-02-06,252.0,0.3297%,-0.0005,1.4345,0.5186,1.0157,1.1281%,1.8196%,61.5621%,0.005661,SF,72996.0,2019-02-07,252.0,0.3672%,-0.0004,1.4307,0.5174,1.0191,1.1316%,1.8154%,61.1477%,0.013626,SF,72996.0,2019-02-08,252.0,0.9436%,-0.0003,1.4279,0.5189,1.0084,1.1351%,1.8161%,60.9378%,0.0148209999999999,SF,72996.0,2019-02-11,252.0,-0.1717%,-0.0003,1.416,0.5177,1.0015,1.1355%,1.7878%,59.6626%,-0.0095599999999999,SF,72996.0,2019-02-12,252.0,1.3759%,-0.0003,1.4168,0.5139,1.0026,1.1353%,1.7881%,59.6865%,-0.004,SF,72996.0,2019-02-13,252.0,-1.3572%,-0.0004,1.4133,0.5125,0.9979,1.1411%,1.7872%,59.2357%,-0.018649,SF,72996.0,2019-02-14,252.0,1.2994%,-0.0003,1.4091,0.5233,0.9856,1.1470%,1.7891%,58.8976%,0.018985,SF,72996.0,2019-02-15,252.0,2.3958%,-0.0003,1.4083,0.5228,0.9845,1.1470%,1.7854%,58.7297%,0.001896,SF,0.0535999999999999,0.062282,0.067943,0.09639,0.085062
39251,SKECHERS U S A INC,Skechers USA Inc shares are trading 13% lower after a large price and volume spike just the before market close on Thursday; not seeing any news to explain price action.,6,decrease,0.8,0.7,"the 13% drop in shares indicates a significant negative market reaction, likely driven by investor uncertainty or concern despite the lack of news.",0,2019-02-01,SKX,2019-02-01 17:15:00+00:00,86949.0,83056610,-0.0103055089712142,4076730.0,0.0115285003557801,-0.0043972455896437,0.0139705566689372,0.0255543142557144,0.0032632397487759,-0.0111482441425323,0.001084231538698,0.0105144837871193,0.1519855260848999,0.0238369442522525,0.0209966152906417,0.0172076858580112,-0.018109330907464,-0.0042835129424929,0.0171929094940424,-0.0342233851552009,0.0092193987220525,-0.0133580928668379,0.0045676468871533,0.0631163865327835,0.0193997994065284,0.0063517205417156,0.0029734901618212,0.0088106216862797,-0.0035576322115957,-0.0118718296289444,0.0050579640083014,0.0148594714701175,0.0115452753379941,-0.0012033969396725,-0.0122914304956793,0.0097205247730016,0.0094814728945493,0.0181443523615598,-0.0129145476967096,0.0502381920814514,0.0169491432607173,0.02667854167521,-0.0014619659632444,-0.0301854573190212,-0.0240117032080888,0.0131062101572752,-0.015901667997241,-0.0116580510511994,-0.0021341370884329,0.0012970465468242,-0.008249326609075,-0.0064433645457029,0.0055452962405979,0.0649588331580162,0.0045956349931657,-0.0077167530544102,0.0003049198421649,-0.0156388953328132,-0.0015243670204654,0.0022391059901565,-0.0051907836459577,-0.0303951688110828,0.0159606076776981,0.0167770888656377,-0.0072506912983953,-0.0109170312061905,-0.0161289945244789,-0.0259464308619499,0.0049489587545394,-0.0305154547095298,-0.0621730461716651,-0.0093954065814614,0.0180505793541669,0.0090683968737721,0.015473872423172,-0.0134200863540172,0.0342857725918293,-0.0614504031836986,0.0190300457179546,-0.0150375794619321,0.0123493922874331,-0.0604026541113853,0.0223147869110107,0.0485184974968433,-0.0029104275163263,0.0165662858635187,0.0131348744034767,-0.0126394107937812,0.0069144824519753,0.0239816959947347,-0.0091559281572699,-0.0270370207726955,-0.0034652827307581,0.0305343214422464,-0.0141987213864922,-0.0183589272201061,0.012639632448554,0.031298354268074,-0.0029028239659965,-0.0148458806797862,0.0017467649886384,-0.0373763442039489,0.0124963764101266,-0.0061907563358545,0.0068886820226907,-0.0317348912358284,0.0057011670432984,0.0017662008758634,-0.1043083518743515,-0.0187175367027521,-0.0579113885760307,-0.0034542444627732,0.0040308674797415,-0.0239379331469535,0.0424891412258148,0.0147109236568212,-0.0179717410355806,-0.0305140987038612,0.0183006357401609,0.0009959753369912,0.0150834182277321,0.0300957951694726,0.0009484883630648,0.0128160342574119,0.0115285003557801,-0.0043972455896437,0.0256601165922456,0.0210447000704134,0.0290070914534437,0.0096618444735898,0.186686525042099,0.044598225410648,0.2268502261740193,0.0717948610960237,0.2309408477108583,0.1995585285010748,0.1773893851064456,-0.0588846798462592,2019-02-04,2019-02-05,2019-02-06,2019-02-07,2019-02-08,2019-02-11,2019-02-12,2019-02-13,2019-02-14,2019-02-15,86949.0,2019-02-01,252.0,-1.0306%,-0.001,1.185,0.416,0.2785,2.9104%,3.1848%,16.4856%,-0.012774,SKX,86949.0,2019-02-04,252.0,1.1529%,-0.001,1.187,0.4207,0.2841,2.9102%,3.1856%,16.5463%,0.0021809999999999,SKX,86949.0,2019-02-05,252.0,1.3971%,-0.001,1.2022,0.4217,0.2929,2.9090%,3.1866%,16.6667%,0.010808,SKX,86949.0,2019-02-06,252.0,0.3263%,-0.001,1.2387,0.4099,0.3297,2.9059%,3.1826%,16.6301%,0.005645,SKX,86949.0,2019-02-07,252.0,0.1084%,-0.001,1.2316,0.4135,0.3323,2.9067%,3.1789%,16.3878%,0.011751,SKX,86949.0,2019-02-08,252.0,15.1986%,-0.0005,1.2055,0.3627,0.1892,3.0616%,3.3205%,14.9834%,0.152863,SKX,86949.0,2019-02-11,252.0,2.0997%,-0.0003,1.1728,0.4166,0.2013,3.0584%,3.2956%,13.8808%,0.01638,SKX,86949.0,2019-02-12,252.0,-1.8109%,-0.0007,1.1185,0.4615,0.1656,3.0399%,3.2628%,13.1964%,-0.0339,SKX,86949.0,2019-02-13,252.0,1.7193%,-0.0005,1.1381,0.4342,0.1642,3.0317%,3.2607%,13.5524%,0.013568,SKX,86949.0,2019-02-14,252.0,0.9219%,-0.0005,1.1356,0.44,0.158,3.0325%,3.2611%,13.5335%,0.010204,SKX,86949.0,2019-02-15,252.0,0.4568%,-0.0005,1.1401,0.443,0.164,3.0319%,3.2611%,13.5608%,-0.010222,SKX,-0.010593,0.0002149999999999,0.0058599999999999,0.170474,0.1665039999999999
39259,SOHU COM LTD,"Sohu.com Limited Sees Q1 Adj. EPS $(1.55)-$(1.30) vs $(1.33) Est., Sales $390M-$415M vs $444M Est.",6,decrease,0.8,0.7,"the company reported a wider-than-expected loss and lower sales guidance compared to estimates, which typically leads to a decrease in stock price.",0,2019-02-01,SOHU,2019-02-01 13:25:00+00:00,88467.0,83410S10,0.0367148928344249,765574.0,0.041006576269865,0.0298507642000913,0.0008952756179496,-0.0242718439549207,0.0053666783496737,0.0372608117759227,-0.0618327148258686,-0.0015082343015819,0.0156472232192754,0.0353982485830783,-0.0042016878724098,0.0457266308367252,0.0037505824584513,-0.0123655665665864,-0.0172815937548875,-0.0481064729392528,-0.021387867629528,0.0295048151165247,-0.0495386309921741,-0.0062827663496136,0.0204394292086362,0.0324324518442153,-0.0145217338576912,0.017042301595211,-0.0030487533658742,-0.0230934638530015,0.0581039413809776,-0.0184501055628061,0.008188827894628,-0.0099165206775069,-0.0367893204092979,0.0186071451753377,0.0128968367353081,0.0200650170445442,-0.0176298040896654,0.0423968322575092,-0.0099700326099991,0.0701754242181778,-0.0005035361973568,-0.0739495605230331,0.0387909561395645,0.0246842876076698,-0.0058196331374347,-0.0412768311798572,-0.0907317399978637,0.0,-0.0166308730840683,0.0,0.0436442568898201,0.0306296627968549,-0.0209095478057861,0.0097365453839302,-0.0202882625162601,-0.0658106729388237,0.0228882879018783,0.0021448212210088,0.0324985980987548,-0.0595058165490627,-0.0330237075686454,-0.0317382626235485,-0.0064033581875264,-0.0686675906181335,-0.0332975722849369,-0.0121294008567929,-0.0277777779847383,-0.0304877571761608,-0.0548570901155471,0.0570902302861213,0.03627560287714,0.0078886346891522,-0.0140023212879896,-0.0323305428028106,-0.0224851574748754,0.015041016973555,-0.026029072701931,0.0295636355876922,0.0304536838084459,-0.0224770549684763,0.0307599660009145,0.0455634929239749,-0.0076068500056862,0.0220588613301515,0.0229953601956367,-0.0257880091667175,-0.0230547320097684,0.0096432380378246,0.018289053812623,0.0033865356817841,-0.0057937647216022,0.025806475430727,-0.030303057283163,-0.0450237318873405,-0.009014400653541,0.0592369623482227,-0.0090963989496231,-0.031599398702383,0.0079558845609426,-0.0033914581872522,-0.0576805658638477,0.0356246381998062,-0.026417575776577,0.0391032323241233,0.0052945022471249,0.0218433588743209,0.0078999893739819,0.0456824339926242,0.0163291953504085,-0.0385645069181919,0.010925393551588,-0.0316390357911586,-0.0012714243493974,0.0120735671371221,-0.0280076116323471,0.00953886564821,0.0072036446072161,-0.007364512886852,0.2015604227781296,0.0685778111219406,0.1185065284371376,-0.0636841654777526,0.041006576269865,0.0298507642000913,0.0419385640757246,0.0048543871545707,0.0475303132092399,0.0422960773365475,-0.0018638856374422,0.0775638592912579,-0.0880708011522842,0.0837696519217372,-0.1267474113926349,0.0107422368532352,-0.0368126304127423,0.0894736996293055,2019-02-04,2019-02-05,2019-02-06,2019-02-07,2019-02-08,2019-02-11,2019-02-12,2019-02-13,2019-02-14,2019-02-15,88467.0,2019-02-01,168.0,3.6715%,-0.0028,0.9575,0.5033,-0.5177,3.2679%,3.5403%,14.7975%,0.038327,SOHU,88467.0,2019-02-04,169.0,4.1007%,-0.0026,0.9656,0.5325,-0.5203,3.2674%,3.5458%,15.0863%,0.029215,SOHU,88467.0,2019-02-05,170.0,0.0895%,-0.0026,0.9656,0.534,-0.5174,3.2578%,3.5354%,15.0851%,-0.0060519999999999,SOHU,88467.0,2019-02-06,171.0,0.5367%,-0.0025,0.9647,0.5355,-0.5162,3.2492%,3.5255%,15.0587%,0.007807,SOHU,88467.0,2019-02-07,172.0,-6.1833%,-0.0028,0.9828,0.5325,-0.5283,3.2600%,3.5442%,15.3979%,-0.050251,SOHU,88467.0,2019-02-08,173.0,1.5647%,-0.0027,0.979,0.5299,-0.5431,3.2521%,3.5367%,15.4458%,0.010751,SOHU,88467.0,2019-02-11,174.0,-0.4202%,-0.0028,0.9778,0.521,-0.5482,3.2429%,3.5265%,15.4345%,-0.00792,SOHU,88467.0,2019-02-12,175.0,0.3751%,-0.0028,0.9715,0.5205,-0.5522,3.2341%,3.5166%,15.4218%,-0.010684,SOHU,88467.0,2019-02-13,176.0,-1.7282%,-0.0029,0.9675,0.5155,-0.5591,3.2275%,3.5083%,15.3693%,-0.020027,SOHU,88467.0,2019-02-14,177.0,-2.1388%,-0.003,0.9766,0.4957,-0.5422,3.2227%,3.5012%,15.2754%,-0.025379,SOHU,88467.0,2019-02-15,178.0,-4.9539%,-0.0034,0.9226,0.443,-0.6355,3.2405%,3.5088%,14.7073%,-0.0593109999999999,SOHU,0.067542,0.06149,0.069297,0.0297969999999999,-0.093524
39267,SOHU COM LTD,"Sohu.com Earlier Reported Q4 EPS $(1.50) Misses $(1.32) Estimate, Sales $482.198M Beat $473.84M Estimate",6,uncertain,0.6,0.3,"while sohu.com missed eps estimates, it beat sales expectations, leading to mixed signals that could result in an uncertain market reaction.",1,2019-02-01,SOHU,2019-02-01 13:23:00+00:00,88467.0,83410S10,0.0367148928344249,765574.0,0.041006576269865,0.0298507642000913,0.0008952756179496,-0.0242718439549207,0.0053666783496737,0.0372608117759227,-0.0618327148258686,-0.0015082343015819,0.0156472232192754,0.0353982485830783,-0.0042016878724098,0.0457266308367252,0.0037505824584513,-0.0123655665665864,-0.0172815937548875,-0.0481064729392528,-0.021387867629528,0.0295048151165247,-0.0495386309921741,-0.0062827663496136,0.0204394292086362,0.0324324518442153,-0.0145217338576912,0.017042301595211,-0.0030487533658742,-0.0230934638530015,0.0581039413809776,-0.0184501055628061,0.008188827894628,-0.0099165206775069,-0.0367893204092979,0.0186071451753377,0.0128968367353081,0.0200650170445442,-0.0176298040896654,0.0423968322575092,-0.0099700326099991,0.0701754242181778,-0.0005035361973568,-0.0739495605230331,0.0387909561395645,0.0246842876076698,-0.0058196331374347,-0.0412768311798572,-0.0907317399978637,0.0,-0.0166308730840683,0.0,0.0436442568898201,0.0306296627968549,-0.0209095478057861,0.0097365453839302,-0.0202882625162601,-0.0658106729388237,0.0228882879018783,0.0021448212210088,0.0324985980987548,-0.0595058165490627,-0.0330237075686454,-0.0317382626235485,-0.0064033581875264,-0.0686675906181335,-0.0332975722849369,-0.0121294008567929,-0.0277777779847383,-0.0304877571761608,-0.0548570901155471,0.0570902302861213,0.03627560287714,0.0078886346891522,-0.0140023212879896,-0.0323305428028106,-0.0224851574748754,0.015041016973555,-0.026029072701931,0.0295636355876922,0.0304536838084459,-0.0224770549684763,0.0307599660009145,0.0455634929239749,-0.0076068500056862,0.0220588613301515,0.0229953601956367,-0.0257880091667175,-0.0230547320097684,0.0096432380378246,0.018289053812623,0.0033865356817841,-0.0057937647216022,0.025806475430727,-0.030303057283163,-0.0450237318873405,-0.009014400653541,0.0592369623482227,-0.0090963989496231,-0.031599398702383,0.0079558845609426,-0.0033914581872522,-0.0576805658638477,0.0356246381998062,-0.026417575776577,0.0391032323241233,0.0052945022471249,0.0218433588743209,0.0078999893739819,0.0456824339926242,0.0163291953504085,-0.0385645069181919,0.010925393551588,-0.0316390357911586,-0.0012714243493974,0.0120735671371221,-0.0280076116323471,0.00953886564821,0.0072036446072161,-0.007364512886852,0.2015604227781296,0.0685778111219406,0.1185065284371376,-0.0636841654777526,0.041006576269865,0.0298507642000913,0.0419385640757246,0.0048543871545707,0.0475303132092399,0.0422960773365475,-0.0018638856374422,0.0775638592912579,-0.0880708011522842,0.0837696519217372,-0.1267474113926349,0.0107422368532352,-0.0368126304127423,0.0894736996293055,2019-02-04,2019-02-05,2019-02-06,2019-02-07,2019-02-08,2019-02-11,2019-02-12,2019-02-13,2019-02-14,2019-02-15,88467.0,2019-02-01,168.0,3.6715%,-0.0028,0.9575,0.5033,-0.5177,3.2679%,3.5403%,14.7975%,0.038327,SOHU,88467.0,2019-02-04,169.0,4.1007%,-0.0026,0.9656,0.5325,-0.5203,3.2674%,3.5458%,15.0863%,0.029215,SOHU,88467.0,2019-02-05,170.0,0.0895%,-0.0026,0.9656,0.534,-0.5174,3.2578%,3.5354%,15.0851%,-0.0060519999999999,SOHU,88467.0,2019-02-06,171.0,0.5367%,-0.0025,0.9647,0.5355,-0.5162,3.2492%,3.5255%,15.0587%,0.007807,SOHU,88467.0,2019-02-07,172.0,-6.1833%,-0.0028,0.9828,0.5325,-0.5283,3.2600%,3.5442%,15.3979%,-0.050251,SOHU,88467.0,2019-02-08,173.0,1.5647%,-0.0027,0.979,0.5299,-0.5431,3.2521%,3.5367%,15.4458%,0.010751,SOHU,88467.0,2019-02-11,174.0,-0.4202%,-0.0028,0.9778,0.521,-0.5482,3.2429%,3.5265%,15.4345%,-0.00792,SOHU,88467.0,2019-02-12,175.0,0.3751%,-0.0028,0.9715,0.5205,-0.5522,3.2341%,3.5166%,15.4218%,-0.010684,SOHU,88467.0,2019-02-13,176.0,-1.7282%,-0.0029,0.9675,0.5155,-0.5591,3.2275%,3.5083%,15.3693%,-0.020027,SOHU,88467.0,2019-02-14,177.0,-2.1388%,-0.003,0.9766,0.4957,-0.5422,3.2227%,3.5012%,15.2754%,-0.025379,SOHU,88467.0,2019-02-15,178.0,-4.9539%,-0.0034,0.9226,0.443,-0.6355,3.2405%,3.5088%,14.7073%,-0.0593109999999999,SOHU,0.067542,0.06149,0.069297,0.0297969999999999,-0.093524
39275,SIMON PROPERTY GROUP INC NEW,Simon Property Group Raises Qtr. Dividend From $2 To $2.05/Share,6,increase,0.8,0.6,"raising the quarterly dividend typically signals financial strength and can attract investors, likely leading to an increase in stock price.",2,2019-02-01,SPG,2019-02-01 12:00:00+00:00,80100.0,82880610,-0.0159784127026796,2204396.0,0.0148428566753864,0.0047999732196331,0.0117116896435618,0.0114397490397095,-0.0008151842048391,0.0039215516299009,0.0108784334734082,0.0078482264652848,-0.0094161955639719,0.0104980673640966,0.0065181800164282,0.0063157035037875,-0.0037776413373649,0.0052522434853017,0.0078547876328229,-0.0040239836089313,-0.001304377685301,0.003982238471508,-0.0021767192520201,0.0021979575976729,-0.006162766367197,0.0096945846453309,-0.0165175572037696,0.0028698032256215,0.0163485798984766,-0.0093414597213268,0.0081252325326204,-0.0057686758227646,-0.0017971019260585,-0.0004035985912196,-0.0001091340527636,0.0013858730671927,-0.0111304745078086,0.0238854996860027,-0.0004414137511048,0.0105149624869227,-0.030856680124998,0.0152241755276918,-0.0014809463173151,-0.0008484297432005,0.0062175365164875,-0.0177392158657312,-0.0001133164114435,-0.0006543759955093,-0.0056129121221601,0.0046017109416425,-0.006670837290585,0.0040201498195528,0.0095282038673758,0.0373459458351135,0.0115987788885831,-0.0255943778902292,0.0012365176808089,-0.0189802013337612,0.0092623438686132,-0.0225646384060382,-0.0205795485526323,-0.0174285881221294,-0.0099948579445481,0.0001143232002505,-0.0053347554057836,-0.0420453734695911,0.00311423628591,-0.0076061822474002,0.0243761651217937,0.0085479319095611,-0.0032550599426031,-0.0264070257544517,0.0021395811345428,0.0072541148401796,0.0183167196810245,-0.012312876060605,-0.0007173078483901,-0.0113856876268982,0.012423388659954,0.030049167573452,-0.0062717818655073,-0.0102701159194111,0.0039514075033366,0.0067854728549718,0.0019679693505167,0.0059046386741101,-0.0017458240035921,0.0016277973772957,0.004809558391571,0.0141418995335698,0.0051672393456101,0.0055331159383058,-0.0071969795972108,-0.0093186264857649,-0.0049054007977247,-0.0032237546984106,0.0129264676943421,-0.0008188780630007,-0.0038932892493903,-0.0195375718176364,0.007111435290426,0.0094558810815215,-0.0054980823770165,0.0145269660279154,-0.0402167923748493,-0.015901792794466,0.0020329828839749,-0.0077306297607719,0.0034941113553941,0.0050021414645016,-0.0244299154728651,-0.0040807900950312,0.0166944544762373,0.0074750878848135,0.008719740435481,0.0001067390039679,-0.0016839057207107,0.0198224652558565,0.0042732330039143,0.0026208627969026,-0.0160125438123941,0.0151875736191868,-0.0116643132641911,-0.0067716129124164,0.0148428566753864,0.0047999732196331,0.0267283812497542,0.0162946327483726,0.0258914084906993,0.0202800846218864,0.0272864201956652,0.0390825049534604,0.0345564608563018,0.0533865217057212,-0.0163927283602618,0.0408046612513279,-0.0199473501823357,0.0136352454729302,2019-02-04,2019-02-05,2019-02-06,2019-02-07,2019-02-08,2019-02-11,2019-02-12,2019-02-13,2019-02-14,2019-02-15,80100.0,2019-02-01,252.0,-1.5978%,0.0006,0.4891,-0.0663,-0.0211,1.1278%,1.2588%,19.7307%,-0.016812,SPG,80100.0,2019-02-04,252.0,1.4843%,0.0008,0.4957,-0.0504,-0.0025,1.1200%,1.2532%,20.1287%,0.011442,SPG,80100.0,2019-02-05,252.0,1.1712%,0.0008,0.487,-0.0566,-0.0181,1.1195%,1.2484%,19.5818%,0.009425,SPG,80100.0,2019-02-06,252.0,-0.0815%,0.0008,0.5047,-0.0623,-0.0007,1.1176%,1.2469%,19.6739%,0.0001629999999999,SPG,80100.0,2019-02-07,252.0,1.0878%,0.0009,0.5033,-0.0668,0.0032,1.1210%,1.2482%,19.3323%,0.015394,SPG,80100.0,2019-02-08,252.0,-0.9416%,0.0008,0.505,-0.0589,0.0155,1.1225%,1.2488%,19.2131%,-0.009914,SPG,80100.0,2019-02-11,252.0,0.6518%,0.0009,0.507,-0.0538,0.0193,1.1229%,1.2440%,18.5124%,0.006065,SPG,80100.0,2019-02-12,252.0,-0.3778%,0.0007,0.4862,-0.0357,0.0055,1.1140%,1.2278%,17.6756%,-0.0107289999999999,SPG,80100.0,2019-02-13,252.0,0.7855%,0.0008,0.4917,-0.0427,0.0056,1.1127%,1.2284%,17.9415%,0.006411,SPG,80100.0,2019-02-14,252.0,-0.1304%,0.0008,0.4918,-0.0432,0.0064,1.1127%,1.2283%,17.9371%,-0.000117,SPG,80100.0,2019-02-15,252.0,-0.2177%,0.0008,0.5005,-0.0363,0.0193,1.1086%,1.2269%,18.3440%,-0.0077569999999999,SPG,-0.00537,0.004055,0.0042179999999999,0.009698,0.003571
39283,SIMON PROPERTY GROUP INC NEW,"Simon Property Sees FY19 EPS $7.30-$7.40 vs $7.35 Estimate, FFO $12.30-$12.40",6,uncertain,0.6,0.2,"while the eps guidance is slightly below the estimate, the ffo range is in line with expectations, leading to uncertainty about the overall market reaction.",1,2019-02-01,SPG,2019-02-01 12:00:00+00:00,80100.0,82880610,-0.0159784127026796,2204396.0,0.0148428566753864,0.0047999732196331,0.0117116896435618,0.0114397490397095,-0.0008151842048391,0.0039215516299009,0.0108784334734082,0.0078482264652848,-0.0094161955639719,0.0104980673640966,0.0065181800164282,0.0063157035037875,-0.0037776413373649,0.0052522434853017,0.0078547876328229,-0.0040239836089313,-0.001304377685301,0.003982238471508,-0.0021767192520201,0.0021979575976729,-0.006162766367197,0.0096945846453309,-0.0165175572037696,0.0028698032256215,0.0163485798984766,-0.0093414597213268,0.0081252325326204,-0.0057686758227646,-0.0017971019260585,-0.0004035985912196,-0.0001091340527636,0.0013858730671927,-0.0111304745078086,0.0238854996860027,-0.0004414137511048,0.0105149624869227,-0.030856680124998,0.0152241755276918,-0.0014809463173151,-0.0008484297432005,0.0062175365164875,-0.0177392158657312,-0.0001133164114435,-0.0006543759955093,-0.0056129121221601,0.0046017109416425,-0.006670837290585,0.0040201498195528,0.0095282038673758,0.0373459458351135,0.0115987788885831,-0.0255943778902292,0.0012365176808089,-0.0189802013337612,0.0092623438686132,-0.0225646384060382,-0.0205795485526323,-0.0174285881221294,-0.0099948579445481,0.0001143232002505,-0.0053347554057836,-0.0420453734695911,0.00311423628591,-0.0076061822474002,0.0243761651217937,0.0085479319095611,-0.0032550599426031,-0.0264070257544517,0.0021395811345428,0.0072541148401796,0.0183167196810245,-0.012312876060605,-0.0007173078483901,-0.0113856876268982,0.012423388659954,0.030049167573452,-0.0062717818655073,-0.0102701159194111,0.0039514075033366,0.0067854728549718,0.0019679693505167,0.0059046386741101,-0.0017458240035921,0.0016277973772957,0.004809558391571,0.0141418995335698,0.0051672393456101,0.0055331159383058,-0.0071969795972108,-0.0093186264857649,-0.0049054007977247,-0.0032237546984106,0.0129264676943421,-0.0008188780630007,-0.0038932892493903,-0.0195375718176364,0.007111435290426,0.0094558810815215,-0.0054980823770165,0.0145269660279154,-0.0402167923748493,-0.015901792794466,0.0020329828839749,-0.0077306297607719,0.0034941113553941,0.0050021414645016,-0.0244299154728651,-0.0040807900950312,0.0166944544762373,0.0074750878848135,0.008719740435481,0.0001067390039679,-0.0016839057207107,0.0198224652558565,0.0042732330039143,0.0026208627969026,-0.0160125438123941,0.0151875736191868,-0.0116643132641911,-0.0067716129124164,0.0148428566753864,0.0047999732196331,0.0267283812497542,0.0162946327483726,0.0258914084906993,0.0202800846218864,0.0272864201956652,0.0390825049534604,0.0345564608563018,0.0533865217057212,-0.0163927283602618,0.0408046612513279,-0.0199473501823357,0.0136352454729302,2019-02-04,2019-02-05,2019-02-06,2019-02-07,2019-02-08,2019-02-11,2019-02-12,2019-02-13,2019-02-14,2019-02-15,80100.0,2019-02-01,252.0,-1.5978%,0.0006,0.4891,-0.0663,-0.0211,1.1278%,1.2588%,19.7307%,-0.016812,SPG,80100.0,2019-02-04,252.0,1.4843%,0.0008,0.4957,-0.0504,-0.0025,1.1200%,1.2532%,20.1287%,0.011442,SPG,80100.0,2019-02-05,252.0,1.1712%,0.0008,0.487,-0.0566,-0.0181,1.1195%,1.2484%,19.5818%,0.009425,SPG,80100.0,2019-02-06,252.0,-0.0815%,0.0008,0.5047,-0.0623,-0.0007,1.1176%,1.2469%,19.6739%,0.0001629999999999,SPG,80100.0,2019-02-07,252.0,1.0878%,0.0009,0.5033,-0.0668,0.0032,1.1210%,1.2482%,19.3323%,0.015394,SPG,80100.0,2019-02-08,252.0,-0.9416%,0.0008,0.505,-0.0589,0.0155,1.1225%,1.2488%,19.2131%,-0.009914,SPG,80100.0,2019-02-11,252.0,0.6518%,0.0009,0.507,-0.0538,0.0193,1.1229%,1.2440%,18.5124%,0.006065,SPG,80100.0,2019-02-12,252.0,-0.3778%,0.0007,0.4862,-0.0357,0.0055,1.1140%,1.2278%,17.6756%,-0.0107289999999999,SPG,80100.0,2019-02-13,252.0,0.7855%,0.0008,0.4917,-0.0427,0.0056,1.1127%,1.2284%,17.9415%,0.006411,SPG,80100.0,2019-02-14,252.0,-0.1304%,0.0008,0.4918,-0.0432,0.0064,1.1127%,1.2283%,17.9371%,-0.000117,SPG,80100.0,2019-02-15,252.0,-0.2177%,0.0008,0.5005,-0.0363,0.0193,1.1086%,1.2269%,18.3440%,-0.0077569999999999,SPG,-0.00537,0.004055,0.0042179999999999,0.009698,0.003571
39291,SIMON PROPERTY GROUP INC NEW,"Simon Property Group Q4 EPS $2.30 Beats $1.90 Estimate, FFO $12.13 vs $11.21 In Same Qtr. Last Year, Sales $1.46B Inline",6,increase,0.8,0.6,"the significant earnings per share (eps) beat and improved funds from operations (ffo) suggest strong financial performance, which is likely to positively influence investor sentiment and drive the stock price up.",2,2019-02-01,SPG,2019-02-01 11:59:00+00:00,80100.0,82880610,-0.0159784127026796,2204396.0,0.0148428566753864,0.0047999732196331,0.0117116896435618,0.0114397490397095,-0.0008151842048391,0.0039215516299009,0.0108784334734082,0.0078482264652848,-0.0094161955639719,0.0104980673640966,0.0065181800164282,0.0063157035037875,-0.0037776413373649,0.0052522434853017,0.0078547876328229,-0.0040239836089313,-0.001304377685301,0.003982238471508,-0.0021767192520201,0.0021979575976729,-0.006162766367197,0.0096945846453309,-0.0165175572037696,0.0028698032256215,0.0163485798984766,-0.0093414597213268,0.0081252325326204,-0.0057686758227646,-0.0017971019260585,-0.0004035985912196,-0.0001091340527636,0.0013858730671927,-0.0111304745078086,0.0238854996860027,-0.0004414137511048,0.0105149624869227,-0.030856680124998,0.0152241755276918,-0.0014809463173151,-0.0008484297432005,0.0062175365164875,-0.0177392158657312,-0.0001133164114435,-0.0006543759955093,-0.0056129121221601,0.0046017109416425,-0.006670837290585,0.0040201498195528,0.0095282038673758,0.0373459458351135,0.0115987788885831,-0.0255943778902292,0.0012365176808089,-0.0189802013337612,0.0092623438686132,-0.0225646384060382,-0.0205795485526323,-0.0174285881221294,-0.0099948579445481,0.0001143232002505,-0.0053347554057836,-0.0420453734695911,0.00311423628591,-0.0076061822474002,0.0243761651217937,0.0085479319095611,-0.0032550599426031,-0.0264070257544517,0.0021395811345428,0.0072541148401796,0.0183167196810245,-0.012312876060605,-0.0007173078483901,-0.0113856876268982,0.012423388659954,0.030049167573452,-0.0062717818655073,-0.0102701159194111,0.0039514075033366,0.0067854728549718,0.0019679693505167,0.0059046386741101,-0.0017458240035921,0.0016277973772957,0.004809558391571,0.0141418995335698,0.0051672393456101,0.0055331159383058,-0.0071969795972108,-0.0093186264857649,-0.0049054007977247,-0.0032237546984106,0.0129264676943421,-0.0008188780630007,-0.0038932892493903,-0.0195375718176364,0.007111435290426,0.0094558810815215,-0.0054980823770165,0.0145269660279154,-0.0402167923748493,-0.015901792794466,0.0020329828839749,-0.0077306297607719,0.0034941113553941,0.0050021414645016,-0.0244299154728651,-0.0040807900950312,0.0166944544762373,0.0074750878848135,0.008719740435481,0.0001067390039679,-0.0016839057207107,0.0198224652558565,0.0042732330039143,0.0026208627969026,-0.0160125438123941,0.0151875736191868,-0.0116643132641911,-0.0067716129124164,0.0148428566753864,0.0047999732196331,0.0267283812497542,0.0162946327483726,0.0258914084906993,0.0202800846218864,0.0272864201956652,0.0390825049534604,0.0345564608563018,0.0533865217057212,-0.0163927283602618,0.0408046612513279,-0.0199473501823357,0.0136352454729302,2019-02-04,2019-02-05,2019-02-06,2019-02-07,2019-02-08,2019-02-11,2019-02-12,2019-02-13,2019-02-14,2019-02-15,80100.0,2019-02-01,252.0,-1.5978%,0.0006,0.4891,-0.0663,-0.0211,1.1278%,1.2588%,19.7307%,-0.016812,SPG,80100.0,2019-02-04,252.0,1.4843%,0.0008,0.4957,-0.0504,-0.0025,1.1200%,1.2532%,20.1287%,0.011442,SPG,80100.0,2019-02-05,252.0,1.1712%,0.0008,0.487,-0.0566,-0.0181,1.1195%,1.2484%,19.5818%,0.009425,SPG,80100.0,2019-02-06,252.0,-0.0815%,0.0008,0.5047,-0.0623,-0.0007,1.1176%,1.2469%,19.6739%,0.0001629999999999,SPG,80100.0,2019-02-07,252.0,1.0878%,0.0009,0.5033,-0.0668,0.0032,1.1210%,1.2482%,19.3323%,0.015394,SPG,80100.0,2019-02-08,252.0,-0.9416%,0.0008,0.505,-0.0589,0.0155,1.1225%,1.2488%,19.2131%,-0.009914,SPG,80100.0,2019-02-11,252.0,0.6518%,0.0009,0.507,-0.0538,0.0193,1.1229%,1.2440%,18.5124%,0.006065,SPG,80100.0,2019-02-12,252.0,-0.3778%,0.0007,0.4862,-0.0357,0.0055,1.1140%,1.2278%,17.6756%,-0.0107289999999999,SPG,80100.0,2019-02-13,252.0,0.7855%,0.0008,0.4917,-0.0427,0.0056,1.1127%,1.2284%,17.9415%,0.006411,SPG,80100.0,2019-02-14,252.0,-0.1304%,0.0008,0.4918,-0.0432,0.0064,1.1127%,1.2283%,17.9371%,-0.000117,SPG,80100.0,2019-02-15,252.0,-0.2177%,0.0008,0.5005,-0.0363,0.0193,1.1086%,1.2269%,18.3440%,-0.0077569999999999,SPG,-0.00537,0.004055,0.0042179999999999,0.009698,0.003571
39299,SPIRIT AEROSYSTEMS HOLDINGS INC,"Spirit Aerosystems Sees FY19 Adj. EPS $7.35-$7.60 vs $7.34 Estimate, Sales $8B-$8.2B vs $7.64B Est.",6,increase,0.75,0.6,"the company's adjusted eps guidance is slightly above estimates, and sales projections are also higher than expected, which typically signals positive performance and can lead to an increase in stock price.",2,2019-02-01,SPR,2019-02-01 12:31:00+00:00,91594.0,84857410,0.0528776496648788,1918618.0,0.0156018994748592,0.000599916675128,0.0342005267739296,0.0201958585530519,-0.002602249616757,0.0194659046828746,0.0116316964849829,0.005520733539015,0.0055878390558063,0.006059022154659,0.0067321783863008,0.0181211121380329,-0.0043519376777112,-0.0081580551341176,-0.0017057958757504,-0.0128350853919982,0.0001068147830665,0.0184544716030359,0.0219967700541019,0.0074887261725962,0.0059554874897003,-0.0075602764263749,0.0176568813621997,0.0123233180493116,-0.0189834721386432,-0.0072119147516787,0.0195588562637567,-0.0007720700232312,-0.005918385926634,0.0172797441482543,-0.0016423325287178,0.0111184157431125,0.0049351812340319,0.0312585420906543,0.0108451526612043,0.0106222135946154,0.0055667553097009,0.0342417135834693,-0.0071464427746832,-0.0321734584867954,-0.0142943635582923,0.00457763671875,-0.0052453163079917,0.0187958478927612,-0.0065136980265378,-0.0035206307657063,0.0038505855482071,0.0499778948724269,-0.0375285372138023,0.0290626287460327,-0.010124891065061,-0.0263703521341085,0.0163220893591642,-0.0332282967865467,-0.015952868387103,-0.0181409213691949,-0.0053313090465962,-0.0277549736201763,0.0131434490904212,0.0046702791005373,-0.0162162166088819,-0.0051926379092037,0.0050549348816275,-0.0050223683938384,0.0114804618060588,-0.0054003177210688,-0.0336179919540882,0.0033866160083562,0.0121923526749014,-0.0109860626980662,-0.0014365925453603,-0.0103420680388808,-0.0015493513783439,-0.0270897652953863,0.0075371349230408,-0.0300300493836402,0.0069306627847254,-0.0248902011662721,0.0231618359684944,0.0009770619217306,-0.0123865846544504,0.007877885363996,-0.0472483001649379,-0.0091474568471312,0.0301860645413398,0.0261576510965824,-0.0125578260049223,-0.0043613514862954,-0.0509817004203796,0.0249041747301816,-0.0119900861755013,-0.0103639997541904,0.0088042570278048,0.01124750636518,0.0057789580896496,-0.0436376929283142,0.0266182497143745,-0.0197699684649705,-0.0130211235955357,-0.0111374696716666,0.0105311423540115,-0.0029533372726291,-0.0179798416793346,-0.0148958312347531,-0.0023323260247707,-0.0041719852015376,0.0018702049273997,-0.0330568924546241,0.0186675824224948,0.0043894136324524,-0.0089336708188056,0.0170558355748653,0.0068184905685484,0.0074962694197893,0.0027547962963581,0.0093120168894529,-0.0021749364677816,-0.008311134763062,-0.0030973574612289,-0.0059667727909982,0.0156018994748592,0.000599916675128,0.0503360194295028,0.0208078910604945,0.0476027829254763,0.0406788401674045,0.0657101063193548,0.0527644578561861,0.0899669940019751,0.0768238205837719,0.0547953515271224,0.1456043688911694,-0.0090625107332501,-0.0414600242936761,2019-02-04,2019-02-05,2019-02-06,2019-02-07,2019-02-08,2019-02-11,2019-02-12,2019-02-13,2019-02-14,2019-02-15,91594.0,2019-02-01,252.0,5.2878%,-0.0002,1.112,0.1165,0.4026,1.3330%,1.7826%,44.0769%,0.049785,SPR,91594.0,2019-02-04,252.0,1.5602%,-0.0002,1.1132,0.1208,0.3986,1.3341%,1.7850%,44.1417%,0.008789,SPR,91594.0,2019-02-05,252.0,3.4201%,0.0001,1.0575,0.0899,0.3153,1.2873%,1.7105%,43.3605%,0.031802,SPR,91594.0,2019-02-06,252.0,-0.2602%,0.0002,1.0349,0.0972,0.2929,1.2844%,1.6726%,41.0300%,-0.000587,SPR,91594.0,2019-02-07,252.0,1.1632%,0.0003,1.041,0.0808,0.2995,1.2848%,1.6740%,41.0986%,0.0201399999999999,SPR,91594.0,2019-02-08,252.0,0.5588%,0.0002,1.0406,0.0561,0.2816,1.2753%,1.6683%,41.5684%,0.0065769999999999,SPR,91594.0,2019-02-11,252.0,0.6732%,0.0003,1.0232,0.078,0.2843,1.2724%,1.6385%,39.6991%,0.004157,SPR,91594.0,2019-02-12,252.0,-0.4352%,0.0003,1.0152,0.0749,0.2808,1.2774%,1.6373%,39.1324%,-0.0179,SPR,91594.0,2019-02-13,252.0,-0.1706%,0.0002,1.0063,0.0878,0.2818,1.2729%,1.6263%,38.7359%,-0.00489,SPR,91594.0,2019-02-14,252.0,0.0107%,0.0001,1.0049,0.0891,0.2816,1.2713%,1.6242%,38.7351%,0.0032979999999999,SPR,91594.0,2019-02-15,252.0,2.1997%,0.0002,1.0122,0.0967,0.2947,1.2724%,1.6271%,38.8503%,0.008967,SPR,0.058574,0.090376,0.089789,0.116506,0.1101379999999999
39307,SPIRIT AEROSYSTEMS HOLDINGS INC,"Spirit Aerosystems Holdings, Inc. Q4 EPS $1.85 Beats $1.81 Estimate, Sales $1.835B Miss $1.86B Estimate",6,uncertain,0.6,0.3,"while the earnings per share (eps) beat estimates, the sales miss could lead to mixed investor reactions, making the overall impact on stock price uncertain.",1,2019-02-01,SPR,2019-02-01 12:30:00+00:00,91594.0,84857410,0.0528776496648788,1918618.0,0.0156018994748592,0.000599916675128,0.0342005267739296,0.0201958585530519,-0.002602249616757,0.0194659046828746,0.0116316964849829,0.005520733539015,0.0055878390558063,0.006059022154659,0.0067321783863008,0.0181211121380329,-0.0043519376777112,-0.0081580551341176,-0.0017057958757504,-0.0128350853919982,0.0001068147830665,0.0184544716030359,0.0219967700541019,0.0074887261725962,0.0059554874897003,-0.0075602764263749,0.0176568813621997,0.0123233180493116,-0.0189834721386432,-0.0072119147516787,0.0195588562637567,-0.0007720700232312,-0.005918385926634,0.0172797441482543,-0.0016423325287178,0.0111184157431125,0.0049351812340319,0.0312585420906543,0.0108451526612043,0.0106222135946154,0.0055667553097009,0.0342417135834693,-0.0071464427746832,-0.0321734584867954,-0.0142943635582923,0.00457763671875,-0.0052453163079917,0.0187958478927612,-0.0065136980265378,-0.0035206307657063,0.0038505855482071,0.0499778948724269,-0.0375285372138023,0.0290626287460327,-0.010124891065061,-0.0263703521341085,0.0163220893591642,-0.0332282967865467,-0.015952868387103,-0.0181409213691949,-0.0053313090465962,-0.0277549736201763,0.0131434490904212,0.0046702791005373,-0.0162162166088819,-0.0051926379092037,0.0050549348816275,-0.0050223683938384,0.0114804618060588,-0.0054003177210688,-0.0336179919540882,0.0033866160083562,0.0121923526749014,-0.0109860626980662,-0.0014365925453603,-0.0103420680388808,-0.0015493513783439,-0.0270897652953863,0.0075371349230408,-0.0300300493836402,0.0069306627847254,-0.0248902011662721,0.0231618359684944,0.0009770619217306,-0.0123865846544504,0.007877885363996,-0.0472483001649379,-0.0091474568471312,0.0301860645413398,0.0261576510965824,-0.0125578260049223,-0.0043613514862954,-0.0509817004203796,0.0249041747301816,-0.0119900861755013,-0.0103639997541904,0.0088042570278048,0.01124750636518,0.0057789580896496,-0.0436376929283142,0.0266182497143745,-0.0197699684649705,-0.0130211235955357,-0.0111374696716666,0.0105311423540115,-0.0029533372726291,-0.0179798416793346,-0.0148958312347531,-0.0023323260247707,-0.0041719852015376,0.0018702049273997,-0.0330568924546241,0.0186675824224948,0.0043894136324524,-0.0089336708188056,0.0170558355748653,0.0068184905685484,0.0074962694197893,0.0027547962963581,0.0093120168894529,-0.0021749364677816,-0.008311134763062,-0.0030973574612289,-0.0059667727909982,0.0156018994748592,0.000599916675128,0.0503360194295028,0.0208078910604945,0.0476027829254763,0.0406788401674045,0.0657101063193548,0.0527644578561861,0.0899669940019751,0.0768238205837719,0.0547953515271224,0.1456043688911694,-0.0090625107332501,-0.0414600242936761,2019-02-04,2019-02-05,2019-02-06,2019-02-07,2019-02-08,2019-02-11,2019-02-12,2019-02-13,2019-02-14,2019-02-15,91594.0,2019-02-01,252.0,5.2878%,-0.0002,1.112,0.1165,0.4026,1.3330%,1.7826%,44.0769%,0.049785,SPR,91594.0,2019-02-04,252.0,1.5602%,-0.0002,1.1132,0.1208,0.3986,1.3341%,1.7850%,44.1417%,0.008789,SPR,91594.0,2019-02-05,252.0,3.4201%,0.0001,1.0575,0.0899,0.3153,1.2873%,1.7105%,43.3605%,0.031802,SPR,91594.0,2019-02-06,252.0,-0.2602%,0.0002,1.0349,0.0972,0.2929,1.2844%,1.6726%,41.0300%,-0.000587,SPR,91594.0,2019-02-07,252.0,1.1632%,0.0003,1.041,0.0808,0.2995,1.2848%,1.6740%,41.0986%,0.0201399999999999,SPR,91594.0,2019-02-08,252.0,0.5588%,0.0002,1.0406,0.0561,0.2816,1.2753%,1.6683%,41.5684%,0.0065769999999999,SPR,91594.0,2019-02-11,252.0,0.6732%,0.0003,1.0232,0.078,0.2843,1.2724%,1.6385%,39.6991%,0.004157,SPR,91594.0,2019-02-12,252.0,-0.4352%,0.0003,1.0152,0.0749,0.2808,1.2774%,1.6373%,39.1324%,-0.0179,SPR,91594.0,2019-02-13,252.0,-0.1706%,0.0002,1.0063,0.0878,0.2818,1.2729%,1.6263%,38.7359%,-0.00489,SPR,91594.0,2019-02-14,252.0,0.0107%,0.0001,1.0049,0.0891,0.2816,1.2713%,1.6242%,38.7351%,0.0032979999999999,SPR,91594.0,2019-02-15,252.0,2.1997%,0.0002,1.0122,0.0967,0.2947,1.2724%,1.6271%,38.8503%,0.008967,SPR,0.058574,0.090376,0.089789,0.116506,0.1101379999999999
39315,SEMPRA ENERGY,Sempra Energy' Comments on Positive Review by FERC of Port Arthur LNG Export Project And Two Natural Gas Pipelines Receive Final Environmental Impact Statement From FERC,6,increase,0.8,0.7,the positive review by ferc and the final environmental impact statement for the lng export project and pipelines are likely to boost investor confidence and support sempra energy's growth prospects.,2,2019-02-01,SRE,2019-02-01 09:30:00+00:00,86136.0,81685110,-0.0019661767873913,1681480.0,0.0037687574513256,0.0181027129292488,-0.0008533672080375,0.0092226881533861,0.0056367213837802,0.0075221103616058,0.0022929650731384,-0.0008841598173603,-0.0008473010966554,-0.0022055581212043,-0.0251865778118372,0.0038968629669398,-0.0072204805910587,0.0048055611550807,0.0010514819296076,-0.0026626025792211,-0.0016631198814138,0.0027589672245085,0.0106093734502792,-0.002662906423211,0.0087627489119768,0.0009773487690836,0.0073965825140476,0.0070687266997992,0.0046102697961032,-0.0201647859066724,0.006883701775223,-0.0032334418501704,-0.0075118755921721,0.0178794004023075,0.0111404471099376,-0.0097771566361188,0.0120269153267145,0.0279789585620164,0.000914157833904,-0.0001810306275729,0.006808366626501,0.0299300607293844,0.0005772694712504,0.0045897141098976,-0.0020604962483048,-0.0132174901664257,-0.000908495276235,0.0085765440016984,0.0060345185920596,0.0051574762910604,0.0049302065744996,-0.0035188188776373,0.007277182303369,0.0054934481158852,0.0065751890651881,-0.0395277962088584,0.0027419058606028,-0.0109676094725728,0.0008846760028973,-0.0077234059572219,0.0013660570839419,0.0008784795063547,0.0002407220308668,-0.0094840684905648,-0.0057761832140386,-0.0300447102636098,0.0090373819693923,0.0075680222362279,0.0142942788079381,0.0080575589090585,0.001588916638866,-0.0034169990103691,-0.0081700542941689,0.0074876933358609,0.0035188933834433,0.0020699051674455,-0.0005578553536906,0.0021607605740427,-0.0074954344891011,-0.0099264392629265,0.0111673446372151,0.0035208559129387,0.006117882207036,0.010675192810595,0.0048171887174248,0.0226324945688247,0.0,-0.0050335545092821,-0.0017290256218984,0.0048806052654981,0.0096048563718795,0.0058015128597617,-0.0035090809687972,-0.0006243840325623,0.0007825219072401,0.0008927637827582,-0.0035968339070677,-0.0168524365872144,0.0052578342147171,-0.0113675594329834,0.0136612011119723,0.0032209898345172,-0.0099346050992608,0.0350513532757759,-0.0100342324003577,-0.0157857276499271,0.0001571798056829,-0.02801482565701,0.0009427507757209,0.0052859671413898,-0.0159328654408454,-0.0111396349966526,0.0059021017514169,-0.010765484534204,0.0022994047030806,0.0034876121208071,0.0073569547384977,0.0385159067809581,0.0055756773799657,0.005596493370831,-0.017571261152625,0.0322787389159202,0.0170905701816082,-0.0090867783874273,0.0037687574513256,0.0181027129292488,0.0029121741092641,0.0274923567587117,0.0085653106071192,0.0352212676619572,0.0100213976718153,0.0320247446905357,-0.0127622943909693,0.0383454592357324,0.0676659642418704,0.026329223076309,0.1043553263920655,0.0718402063173517,2019-02-04,2019-02-05,2019-02-06,2019-02-07,2019-02-08,2019-02-11,2019-02-12,2019-02-13,2019-02-14,2019-02-15,86136.0,2019-02-01,252.0,-0.1966%,0.0005,0.2249,-0.471,-0.1985,1.4552%,1.5054%,6.5543%,-0.002152,SRE,86136.0,2019-02-04,252.0,0.3769%,0.0005,0.2262,-0.4677,-0.1957,1.4551%,1.5052%,6.5372%,0.003397,SRE,86136.0,2019-02-05,252.0,-0.0853%,0.0005,0.2218,-0.4678,-0.1978,1.4550%,1.5040%,6.4094%,-0.0034739999999999,SRE,86136.0,2019-02-06,252.0,0.5637%,0.0006,0.2184,-0.4668,-0.2004,1.4554%,1.5020%,6.1099%,0.006116,SRE,86136.0,2019-02-07,252.0,0.2293%,0.0006,0.2263,-0.4786,-0.1981,1.4524%,1.5010%,6.3729%,0.004399,SRE,86136.0,2019-02-08,252.0,-0.0847%,0.0006,0.2271,-0.4869,-0.2003,1.4511%,1.5005%,6.4754%,-0.0022789999999999,SRE,86136.0,2019-02-11,252.0,-2.5187%,0.0005,0.2304,-0.5205,-0.2168,1.4575%,1.5086%,6.6673%,-0.021931,SRE,86136.0,2019-02-12,252.0,-0.7220%,0.0003,0.2126,-0.5059,-0.2285,1.4534%,1.5005%,6.1780%,-0.010719,SRE,86136.0,2019-02-13,252.0,0.1051%,0.0003,0.2133,-0.5069,-0.2286,1.4534%,1.5002%,6.1511%,0.00082,SRE,86136.0,2019-02-14,252.0,-0.1663%,0.0003,0.2134,-0.5072,-0.2283,1.4534%,1.5003%,6.1567%,-5e-06,SRE,86136.0,2019-02-15,252.0,1.0609%,0.0004,0.2316,-0.4897,-0.1973,1.4520%,1.4994%,6.2182%,0.010462,SRE,0.001245,-0.0022289999999999,0.003887,0.006007,-0.015366
39323,STEEL DYNAMICS INC,"Steel Dynamics Reports Purchase Of 75% Of United Steel Supply For $134M In Cash, Debt",6,increase,0.7,0.6,"the acquisition of a significant stake in united steel supply suggests growth potential and strategic expansion for steel dynamics, which could positively influence investor sentiment and stock price.",2,2019-02-01,STLD,2019-02-01 13:02:00+00:00,84262.0,85811910,0.015304765664041,1869418.0,0.0096903573721647,-0.0073250257410109,-0.0175953041762113,0.0270270612090826,0.0029850914143025,0.0095639992505311,-0.0259740017354488,0.0031038548331707,-0.0066667133942246,0.0210313908755779,0.0123043190687894,-0.0031591216102242,0.0220994260162115,-0.0025780622381716,-0.0029729895759373,0.0177842751145362,-0.0035240191500633,0.020226065069437,0.008977198973298,0.0080959657207131,0.0045833964832127,0.0176990535110235,0.0477724820375442,-0.0075711687095463,-0.0115266581997275,-0.0140340756624937,0.0121793523430824,0.002694615162909,-0.005376418121159,0.0090635363012552,-0.0136421825736761,0.0051624099723994,-0.0096555044874548,0.0332601033151149,-0.0166008174419403,0.0104629015550017,0.0147373862564563,0.052737046033144,0.0026406731922179,-0.0160920079797506,-0.0068475673906505,0.0136484634131193,-0.0283744297921657,0.0056913313455879,-0.0166484881192445,0.0032543977722525,-0.0380238406360149,-0.0053121428936719,0.0291401706635952,0.0368331037461757,0.0190636478364467,-0.0355246216058731,0.0041265897452831,0.0009970318060368,-0.037808246910572,-0.0284145679324865,0.0,-0.0285445377230644,-0.0048404945991933,0.015610059723258,0.0145922265946865,-0.0251553207635879,-0.0078961867839097,-0.0055589964613318,0.0176236201077699,0.011875033378601,-0.0511172637343406,0.023672416806221,0.0017661923775449,-0.0172901358455419,0.0052894596010446,-0.0154751436784863,0.0125694330781698,-0.0250452030450105,0.0077944220975041,-0.0455069653689861,0.0173060949891805,-0.0269058030098676,0.0113410176709294,0.0136363506317138,-0.0078496998175978,0.0062893433496356,0.0011302886996418,-0.0019971383735537,-0.0056449552066624,0.0403680801391601,0.0164632946252822,-0.0894594937562942,0.0008377206977456,-0.0117521006613969,-0.0323660671710968,-0.0270270518958568,-0.0002884122368413,0.013698642142117,-0.0250937119126319,-0.0450314693152904,0.0020709969103336,0.0015117503935471,-0.0062001501210033,-0.0077500343322753,0.0118835866451263,0.0193679481744766,0.0029359504114836,-0.0258191935718059,-0.0058548231609165,0.0092708328738808,-0.0494699738919735,-0.0091856736689805,0.0167286526411771,-0.0192354749888181,-0.0103595415130257,-0.0148716466501355,-0.0274014603346586,0.0111569026485085,-0.0003165631205774,0.0095494464039802,0.0126662319526076,-0.0004894874291494,-0.0093808397650718,0.009636752307415,0.0096903573721647,-0.0073250257410109,-0.0080754515895861,0.0195040615490111,-0.0051144661364902,0.0292545976295794,-0.0374159658359136,0.0541630983173102,-0.00161511107999,0.0971514790618737,-0.05921939674045,0.1729749524112378,-0.1413377910021233,-0.0901981233154584,2019-02-04,2019-02-05,2019-02-06,2019-02-07,2019-02-08,2019-02-11,2019-02-12,2019-02-13,2019-02-14,2019-02-15,84262.0,2019-02-01,252.0,1.5305%,-0.0002,1.2044,0.4018,0.7163,1.5627%,2.0055%,39.2822%,0.011011,STLD,84262.0,2019-02-04,252.0,0.9690%,-0.0002,1.2051,0.4037,0.7166,1.5628%,2.0063%,39.3291%,0.002284,STLD,84262.0,2019-02-05,252.0,-1.7595%,-0.0003,1.2025,0.4093,0.7262,1.5667%,2.0000%,38.6343%,-0.018254,STLD,84262.0,2019-02-06,252.0,0.2985%,-0.0003,1.2524,0.3932,0.7761,1.5556%,1.9960%,39.2606%,0.005063,STLD,84262.0,2019-02-07,252.0,-2.5974%,-0.0004,1.2524,0.4004,0.7714,1.5584%,1.9963%,39.0596%,-0.016942,STLD,84262.0,2019-02-08,252.0,-0.6667%,-0.0005,1.2529,0.3982,0.772,1.5583%,1.9966%,39.0833%,-0.002771,STLD,84262.0,2019-02-11,252.0,1.2304%,-0.0005,1.259,0.4012,0.7769,1.5587%,1.9859%,38.3962%,0.006047,STLD,84262.0,2019-02-12,252.0,2.2099%,-0.0004,1.2607,0.4038,0.7773,1.5591%,1.9874%,38.4536%,0.006118,STLD,84262.0,2019-02-13,252.0,-0.2973%,-0.0005,1.2534,0.4134,0.7773,1.5573%,1.9802%,38.1537%,-0.007389,STLD,84262.0,2019-02-14,252.0,-0.3524%,-0.0005,1.2528,0.4144,0.7764,1.5573%,1.9802%,38.1491%,0.001367,STLD,84262.0,2019-02-15,252.0,0.8977%,-0.0006,1.2301,0.393,0.7382,1.5533%,1.9618%,37.3147%,-0.010043,STLD,0.013295,-0.004959,0.0001039999999999,-0.0196089999999999,-0.0235089999999999
39331,TEVA PHARMACEUTICAL INDS LTD,Ani Pharmaceuticals Enters Asset Purchase Agreement With Teva Pharmaceuticals; Co. To Pay Teva Sum Of $16M,6,decrease,0.7,0.5,"the asset purchase agreement involves a payment of $16m from ani pharmaceuticals to teva, which may indicate a cash outflow that could negatively impact teva's financial position in the short term.",0,2019-02-01,TEVA,2019-02-01 21:59:00+00:00,75652.0,88162420,-0.007556655909866,6058975.0,-0.0015228774864226,-0.0079959938302636,0.0147432135418057,0.0131645686924457,-0.0395791120827198,-0.0015167181845754,-0.0427751541137695,0.01124750636518,-0.0070845265872776,0.0113753518089652,0.0329308658838272,-0.0061664409004151,0.0159405507147312,0.0378666184842586,-0.0779289528727531,-0.003719431348145,-0.0198524389415979,0.0031982657965272,0.0405091904103756,0.0058981562033295,0.0022247449960559,-0.0095592299476265,-0.0344062596559524,0.0194911006838083,-0.0086206682026386,0.0010839322349056,0.0,0.015410054475069,0.0202898774296045,0.0116927064955234,-0.0374999903142452,0.0158370342105627,0.0035418809857219,0.0005659438902512,-0.0100000044330954,0.0172711126506328,0.0148544264957308,0.0533657409250736,-0.0193208381533622,0.0403785109519958,-0.0011940571712329,0.0278858821839094,-0.0454273335635662,-0.017208382487297,0.0018785054562613,0.003196882084012,-0.015625,-0.0113779613748192,0.0019047450041398,0.0843042880296707,-0.0063370992429554,-0.0337748490273952,0.035076480358839,-0.0497168004512786,0.0147874169051647,-0.0245549753308296,0.0024287139531224,-0.0423280000686645,0.0078739644959568,-0.0362605899572372,0.0162259899079799,-0.0438786298036575,-0.002956785261631,-0.0294427629560232,0.0130485948175191,0.0015798150561749,-0.0439110063016414,0.025931904092431,-0.0263319239020347,0.0037960787303745,0.0018868356710299,-0.0499742068350315,0.0043942052870988,-0.0419546104967594,-0.0262500047683715,-0.0141118746250867,0.0064185098744928,-0.0481704920530319,0.0025510180275887,0.0023212272208184,-0.0438931621611118,-0.0164382979273796,-0.0106453662738204,0.0027472283691167,0.0215198174118995,0.0018349044257774,0.0032916518393903,-0.0027448020409792,-0.0131233474239707,-0.0036463045980781,-0.0325797721743583,-0.0045372219756245,0.0075601139105856,0.0124024096876382,-0.0115961851552128,-0.010454524308443,-0.0075914189219474,-0.011235955171287,0.0132127664983272,-0.0163572430610656,0.0082360934466123,-0.002205524360761,-0.0319945067167282,-0.0365491099655628,0.009845245629549,-0.0067538982257246,0.0236768908798694,0.0102345319464802,0.0142857171595096,-0.0163590349256992,0.006036227568984,0.004635508172214,0.009333356283605,0.027717599645257,0.0145309977233409,0.0105032725259661,0.0162760429084301,0.01150952745229,-0.0249839462339878,-0.0178260803222656,-0.0015228774864226,-0.0079959938302636,0.0131978839474027,0.0050633110521391,-0.026903588663326,0.0035389132516168,-0.0751269762170047,0.0263702288841485,-0.087309705365091,0.0643432063715432,-0.155330013762181,0.1246459424848285,-0.2274111828080397,-0.1369565048174194,2019-02-04,2019-02-05,2019-02-06,2019-02-07,2019-02-08,2019-02-11,2019-02-12,2019-02-13,2019-02-14,2019-02-15,75652.0,2019-02-01,252.0,-0.7557%,0.0005,1.3857,0.754,0.8216,2.2670%,2.6982%,29.4065%,-0.012183,TEVA,75652.0,2019-02-04,252.0,-0.1523%,0.0004,1.3773,0.7341,0.7961,2.2593%,2.6877%,29.3387%,-0.011439,TEVA,75652.0,2019-02-05,252.0,1.4743%,0.0004,1.379,0.7297,0.7885,2.2609%,2.6831%,28.9932%,0.014085,TEVA,75652.0,2019-02-06,252.0,-3.9579%,0.0002,1.4051,0.722,0.8091,2.2714%,2.6827%,28.3095%,-0.037124,TEVA,75652.0,2019-02-07,252.0,-4.2775%,0.0,1.4046,0.7365,0.8,2.2785%,2.6881%,28.1532%,-0.032025,TEVA,75652.0,2019-02-08,252.0,-0.7085%,-0.0001,1.4058,0.7173,0.7923,2.2744%,2.6848%,28.2350%,-0.003297,TEVA,75652.0,2019-02-11,252.0,3.2931%,0.0003,1.325,0.8271,0.8094,2.2406%,2.6082%,26.1973%,0.024306,TEVA,75652.0,2019-02-12,252.0,1.5941%,0.0003,1.334,0.8147,0.8162,2.2382%,2.6100%,26.4580%,-0.000969,TEVA,75652.0,2019-02-13,252.0,-7.7929%,-0.0001,1.3108,0.8202,0.797,2.2939%,2.6469%,24.8950%,-0.082824,TEVA,75652.0,2019-02-14,252.0,-1.9852%,0.0,1.3175,0.8126,0.8006,2.2811%,2.6384%,25.2507%,-0.016842,TEVA,75652.0,2019-02-15,252.0,4.0509%,0.0,1.3159,0.8132,0.8007,2.2818%,2.6363%,25.0912%,0.0196469999999999,TEVA,-0.0236219999999999,-0.0095369999999999,-0.046661,-0.081983,-0.138665
39339,TEVA PHARMACEUTICAL INDS LTD,"UPDATE: Teva Says 'If Approved, AJOVY will be the First and Only Anti-CGRP Treatment with Quarterly and Monthly Dosing Options in the European Union'",6,increase,0.8,0.6,"the approval of ajovy as the first and only anti-cgrp treatment with flexible dosing options in the eu could enhance teva's market position and sales potential, likely leading to a positive impact on its stock price.",2,2019-02-01,TEVA,2019-02-01 11:50:00+00:00,75652.0,88162420,-0.007556655909866,6058975.0,-0.0015228774864226,-0.0079959938302636,0.0147432135418057,0.0131645686924457,-0.0395791120827198,-0.0015167181845754,-0.0427751541137695,0.01124750636518,-0.0070845265872776,0.0113753518089652,0.0329308658838272,-0.0061664409004151,0.0159405507147312,0.0378666184842586,-0.0779289528727531,-0.003719431348145,-0.0198524389415979,0.0031982657965272,0.0405091904103756,0.0058981562033295,0.0022247449960559,-0.0095592299476265,-0.0344062596559524,0.0194911006838083,-0.0086206682026386,0.0010839322349056,0.0,0.015410054475069,0.0202898774296045,0.0116927064955234,-0.0374999903142452,0.0158370342105627,0.0035418809857219,0.0005659438902512,-0.0100000044330954,0.0172711126506328,0.0148544264957308,0.0533657409250736,-0.0193208381533622,0.0403785109519958,-0.0011940571712329,0.0278858821839094,-0.0454273335635662,-0.017208382487297,0.0018785054562613,0.003196882084012,-0.015625,-0.0113779613748192,0.0019047450041398,0.0843042880296707,-0.0063370992429554,-0.0337748490273952,0.035076480358839,-0.0497168004512786,0.0147874169051647,-0.0245549753308296,0.0024287139531224,-0.0423280000686645,0.0078739644959568,-0.0362605899572372,0.0162259899079799,-0.0438786298036575,-0.002956785261631,-0.0294427629560232,0.0130485948175191,0.0015798150561749,-0.0439110063016414,0.025931904092431,-0.0263319239020347,0.0037960787303745,0.0018868356710299,-0.0499742068350315,0.0043942052870988,-0.0419546104967594,-0.0262500047683715,-0.0141118746250867,0.0064185098744928,-0.0481704920530319,0.0025510180275887,0.0023212272208184,-0.0438931621611118,-0.0164382979273796,-0.0106453662738204,0.0027472283691167,0.0215198174118995,0.0018349044257774,0.0032916518393903,-0.0027448020409792,-0.0131233474239707,-0.0036463045980781,-0.0325797721743583,-0.0045372219756245,0.0075601139105856,0.0124024096876382,-0.0115961851552128,-0.010454524308443,-0.0075914189219474,-0.011235955171287,0.0132127664983272,-0.0163572430610656,0.0082360934466123,-0.002205524360761,-0.0319945067167282,-0.0365491099655628,0.009845245629549,-0.0067538982257246,0.0236768908798694,0.0102345319464802,0.0142857171595096,-0.0163590349256992,0.006036227568984,0.004635508172214,0.009333356283605,0.027717599645257,0.0145309977233409,0.0105032725259661,0.0162760429084301,0.01150952745229,-0.0249839462339878,-0.0178260803222656,-0.0015228774864226,-0.0079959938302636,0.0131978839474027,0.0050633110521391,-0.026903588663326,0.0035389132516168,-0.0751269762170047,0.0263702288841485,-0.087309705365091,0.0643432063715432,-0.155330013762181,0.1246459424848285,-0.2274111828080397,-0.1369565048174194,2019-02-04,2019-02-05,2019-02-06,2019-02-07,2019-02-08,2019-02-11,2019-02-12,2019-02-13,2019-02-14,2019-02-15,75652.0,2019-02-01,252.0,-0.7557%,0.0005,1.3857,0.754,0.8216,2.2670%,2.6982%,29.4065%,-0.012183,TEVA,75652.0,2019-02-04,252.0,-0.1523%,0.0004,1.3773,0.7341,0.7961,2.2593%,2.6877%,29.3387%,-0.011439,TEVA,75652.0,2019-02-05,252.0,1.4743%,0.0004,1.379,0.7297,0.7885,2.2609%,2.6831%,28.9932%,0.014085,TEVA,75652.0,2019-02-06,252.0,-3.9579%,0.0002,1.4051,0.722,0.8091,2.2714%,2.6827%,28.3095%,-0.037124,TEVA,75652.0,2019-02-07,252.0,-4.2775%,0.0,1.4046,0.7365,0.8,2.2785%,2.6881%,28.1532%,-0.032025,TEVA,75652.0,2019-02-08,252.0,-0.7085%,-0.0001,1.4058,0.7173,0.7923,2.2744%,2.6848%,28.2350%,-0.003297,TEVA,75652.0,2019-02-11,252.0,3.2931%,0.0003,1.325,0.8271,0.8094,2.2406%,2.6082%,26.1973%,0.024306,TEVA,75652.0,2019-02-12,252.0,1.5941%,0.0003,1.334,0.8147,0.8162,2.2382%,2.6100%,26.4580%,-0.000969,TEVA,75652.0,2019-02-13,252.0,-7.7929%,-0.0001,1.3108,0.8202,0.797,2.2939%,2.6469%,24.8950%,-0.082824,TEVA,75652.0,2019-02-14,252.0,-1.9852%,0.0,1.3175,0.8126,0.8006,2.2811%,2.6384%,25.2507%,-0.016842,TEVA,75652.0,2019-02-15,252.0,4.0509%,0.0,1.3159,0.8132,0.8007,2.2818%,2.6363%,25.0912%,0.0196469999999999,TEVA,-0.0236219999999999,-0.0095369999999999,-0.046661,-0.081983,-0.138665
39347,TEVA PHARMACEUTICAL INDS LTD,Teva Pharma Reports Received Positive CHMP Opinion For AJOVY For Prophylaxis Of Migraine In Adults,6,increase,0.8,0.7,"the positive chmp opinion for ajovy is likely to boost investor confidence and sales potential, leading to an increase in stock price.",2,2019-02-01,TEVA,2019-02-01 11:50:00+00:00,75652.0,88162420,-0.007556655909866,6058975.0,-0.0015228774864226,-0.0079959938302636,0.0147432135418057,0.0131645686924457,-0.0395791120827198,-0.0015167181845754,-0.0427751541137695,0.01124750636518,-0.0070845265872776,0.0113753518089652,0.0329308658838272,-0.0061664409004151,0.0159405507147312,0.0378666184842586,-0.0779289528727531,-0.003719431348145,-0.0198524389415979,0.0031982657965272,0.0405091904103756,0.0058981562033295,0.0022247449960559,-0.0095592299476265,-0.0344062596559524,0.0194911006838083,-0.0086206682026386,0.0010839322349056,0.0,0.015410054475069,0.0202898774296045,0.0116927064955234,-0.0374999903142452,0.0158370342105627,0.0035418809857219,0.0005659438902512,-0.0100000044330954,0.0172711126506328,0.0148544264957308,0.0533657409250736,-0.0193208381533622,0.0403785109519958,-0.0011940571712329,0.0278858821839094,-0.0454273335635662,-0.017208382487297,0.0018785054562613,0.003196882084012,-0.015625,-0.0113779613748192,0.0019047450041398,0.0843042880296707,-0.0063370992429554,-0.0337748490273952,0.035076480358839,-0.0497168004512786,0.0147874169051647,-0.0245549753308296,0.0024287139531224,-0.0423280000686645,0.0078739644959568,-0.0362605899572372,0.0162259899079799,-0.0438786298036575,-0.002956785261631,-0.0294427629560232,0.0130485948175191,0.0015798150561749,-0.0439110063016414,0.025931904092431,-0.0263319239020347,0.0037960787303745,0.0018868356710299,-0.0499742068350315,0.0043942052870988,-0.0419546104967594,-0.0262500047683715,-0.0141118746250867,0.0064185098744928,-0.0481704920530319,0.0025510180275887,0.0023212272208184,-0.0438931621611118,-0.0164382979273796,-0.0106453662738204,0.0027472283691167,0.0215198174118995,0.0018349044257774,0.0032916518393903,-0.0027448020409792,-0.0131233474239707,-0.0036463045980781,-0.0325797721743583,-0.0045372219756245,0.0075601139105856,0.0124024096876382,-0.0115961851552128,-0.010454524308443,-0.0075914189219474,-0.011235955171287,0.0132127664983272,-0.0163572430610656,0.0082360934466123,-0.002205524360761,-0.0319945067167282,-0.0365491099655628,0.009845245629549,-0.0067538982257246,0.0236768908798694,0.0102345319464802,0.0142857171595096,-0.0163590349256992,0.006036227568984,0.004635508172214,0.009333356283605,0.027717599645257,0.0145309977233409,0.0105032725259661,0.0162760429084301,0.01150952745229,-0.0249839462339878,-0.0178260803222656,-0.0015228774864226,-0.0079959938302636,0.0131978839474027,0.0050633110521391,-0.026903588663326,0.0035389132516168,-0.0751269762170047,0.0263702288841485,-0.087309705365091,0.0643432063715432,-0.155330013762181,0.1246459424848285,-0.2274111828080397,-0.1369565048174194,2019-02-04,2019-02-05,2019-02-06,2019-02-07,2019-02-08,2019-02-11,2019-02-12,2019-02-13,2019-02-14,2019-02-15,75652.0,2019-02-01,252.0,-0.7557%,0.0005,1.3857,0.754,0.8216,2.2670%,2.6982%,29.4065%,-0.012183,TEVA,75652.0,2019-02-04,252.0,-0.1523%,0.0004,1.3773,0.7341,0.7961,2.2593%,2.6877%,29.3387%,-0.011439,TEVA,75652.0,2019-02-05,252.0,1.4743%,0.0004,1.379,0.7297,0.7885,2.2609%,2.6831%,28.9932%,0.014085,TEVA,75652.0,2019-02-06,252.0,-3.9579%,0.0002,1.4051,0.722,0.8091,2.2714%,2.6827%,28.3095%,-0.037124,TEVA,75652.0,2019-02-07,252.0,-4.2775%,0.0,1.4046,0.7365,0.8,2.2785%,2.6881%,28.1532%,-0.032025,TEVA,75652.0,2019-02-08,252.0,-0.7085%,-0.0001,1.4058,0.7173,0.7923,2.2744%,2.6848%,28.2350%,-0.003297,TEVA,75652.0,2019-02-11,252.0,3.2931%,0.0003,1.325,0.8271,0.8094,2.2406%,2.6082%,26.1973%,0.024306,TEVA,75652.0,2019-02-12,252.0,1.5941%,0.0003,1.334,0.8147,0.8162,2.2382%,2.6100%,26.4580%,-0.000969,TEVA,75652.0,2019-02-13,252.0,-7.7929%,-0.0001,1.3108,0.8202,0.797,2.2939%,2.6469%,24.8950%,-0.082824,TEVA,75652.0,2019-02-14,252.0,-1.9852%,0.0,1.3175,0.8126,0.8006,2.2811%,2.6384%,25.2507%,-0.016842,TEVA,75652.0,2019-02-15,252.0,4.0509%,0.0,1.3159,0.8132,0.8007,2.2818%,2.6363%,25.0912%,0.0196469999999999,TEVA,-0.0236219999999999,-0.0095369999999999,-0.046661,-0.081983,-0.138665
39355,TOYOTA MOTOR CORP,Toyota Motor Reports Jan. Auto Sales Down 6.6%  Year Over Year vs Cox Auto Analyst Estimate Of Down 4.2%,6,decrease,0.75,0.6,"the reported decline in auto sales is worse than analyst expectations, which may lead to negative investor sentiment and a decrease in stock price.",0,2019-02-01,TM,2019-02-01 15:47:00+00:00,76655.0,89233130,-0.0094990516081452,152709.0,0.0073770615272223,0.0010565445991232,0.0046379142440855,0.0062975734472274,-0.0195998884737491,-0.0017146203899756,-0.0242875032126903,-0.0100226141512394,-0.0067733726464211,0.0072457818314433,-0.0013638738309964,0.0029395003803074,0.0224498268216848,-0.0091423727571964,-0.0012523086043074,-0.0139609100297093,-0.0031764379236847,0.0034422054886817,0.0159329269081354,-0.0058889500796794,0.0028064080979675,-0.0049096858128905,0.0107004940509796,0.0070978500880301,-0.0126232029870152,0.0025585647672414,0.0047839148901402,0.0046590236015617,0.0048432438634335,0.0127725331112742,0.0066987965255975,0.0049873325042426,-0.0073845949955284,0.0084927342832088,-0.0104643460363149,0.012945756316185,-0.0057832500897347,0.0443087816238403,-0.0159547794610261,-0.0140178641304373,-0.00135108968243,0.0017229233635589,-0.0023676541168242,-0.0022347818594425,-0.0062722959555685,0.0074471160769462,0.0040088812820613,0.0154766282066702,0.0120635302737355,0.0170825831592083,-0.0031058099120855,-0.0188662819564342,0.0046311505138874,-0.0379062741994857,-0.0134942643344402,-0.0077902525663375,0.0107901813462376,-0.0052496031858026,0.0045389672741293,0.0038477547932416,0.0018408603500574,-0.0045794788748025,-0.000501170870848,-0.0056300736032426,0.0064343968406319,-0.0091065764427185,-0.0018266458064317,0.012291301973164,0.0022458545863628,-0.0043823281303048,0.0106232780963182,0.0080853644758462,-0.0060770129784941,-0.0152671802788972,-0.016194324940443,0.0078590717166662,-0.0088183674961328,-0.0212938617914915,0.0157600454986095,0.0167105589061975,0.0064231255091726,-0.0024634210858494,0.0034811284858733,0.0016449822578579,0.0083422986790537,0.0047934036701917,0.0037680133245885,-0.0022264092694967,-0.0024482051376253,0.0130314724519848,-0.0014725156361237,0.0038574347272515,0.0009831455536186,0.0167107097804546,-0.009330490604043,0.0012805321021005,0.0112359598278999,0.001538990298286,-0.0035130742471665,-0.0003418881678953,-0.0018037322442978,0.0010267175966873,0.0191375911235809,0.0153765669092536,0.0087040765210986,-0.0039802636019885,-0.0079897725954651,-0.0142442695796489,0.0062822066247463,-0.000426319806138,-0.0164879560470581,-0.0169306565076112,0.0025228287559002,0.0147133497521281,0.0034905455540865,0.0188025142997503,0.0015369261382147,-0.00043301077676,-0.0016961399232968,-0.0190314184874296,0.0073770615272223,0.0010565445991232,0.0120491899500445,0.0073607717135639,-0.0077868613029244,0.0056335303943222,-0.0384426431232555,0.0027680239133156,-0.006967200825328,-0.0198154179913826,-0.0204098191965933,0.0302801759431081,0.0131147384336298,0.0464740996922579,2019-02-04,2019-02-05,2019-02-06,2019-02-07,2019-02-08,2019-02-11,2019-02-12,2019-02-13,2019-02-14,2019-02-15,76655.0,2019-02-01,252.0,-0.9499%,-0.0004,0.7042,-0.2294,0.0726,0.9373%,1.2279%,41.7298%,-0.011219,TM,76655.0,2019-02-04,252.0,0.7377%,-0.0004,0.7038,-0.2295,0.0666,0.9368%,1.2281%,41.8134%,0.003642,TM,76655.0,2019-02-05,252.0,0.4638%,-0.0004,0.7037,-0.2303,0.065,0.9369%,1.2247%,41.4772%,0.001727,TM,76655.0,2019-02-06,252.0,-1.9600%,-0.0004,0.6987,-0.2284,0.0576,0.9433%,1.2119%,39.4060%,-0.01822,TM,76655.0,2019-02-07,252.0,-2.4288%,-0.0007,0.6803,-0.1971,0.0498,0.9164%,1.1759%,39.2664%,-0.018411,TM,76655.0,2019-02-08,252.0,-0.6773%,-0.0006,0.6811,-0.187,0.06,0.9153%,1.1737%,39.1814%,-0.007043,TM,76655.0,2019-02-11,252.0,-0.1364%,-0.0007,0.6929,-0.1991,0.0596,0.9135%,1.1686%,38.8949%,-0.001321,TM,76655.0,2019-02-12,252.0,2.2450%,-0.0007,0.6967,-0.1939,0.0606,0.9168%,1.1729%,38.9009%,0.013067,TM,76655.0,2019-02-13,252.0,-0.1252%,-0.0007,0.6934,-0.1893,0.0608,0.9161%,1.1683%,38.5180%,-0.003229,TM,76655.0,2019-02-14,252.0,-0.3176%,-0.0006,0.6952,-0.1882,0.0565,0.8987%,1.1565%,39.6144%,-0.000483,TM,76655.0,2019-02-15,252.0,1.5933%,-0.0005,0.7065,-0.177,0.0762,0.8993%,1.1609%,39.9855%,0.008177,TM,-0.0075769999999999,-0.0058499999999999,-0.02407,-0.049524,-0.033313
39363,TUTOR PERINI CORP,"UPDATE: UBS Downgrades Tutor Perini As Firm Believes 'collection of unbilled receivables will continue to be pushed out, delaying the balance sheet Improvement' And Firm Expects 'expect backlog to decline 1%'",6,decrease,0.8,0.7,"the downgrade by ubs, along with concerns about delayed collection of receivables and a projected decline in backlog, suggests negative sentiment that is likely to lead to a decrease in tutor perini corp's stock price.",0,2019-02-01,TPC,2019-02-01 14:55:00+00:00,50550.0,90110910,-0.0656594559550285,403005.0,0.0199004784226417,0.0,-0.0170730967074632,-0.0005807334091514,0.0148883229121565,0.0023282309994101,-0.02506117336452,-0.0149082699790597,-0.016300955787301,0.0116009721532464,-0.017845744267106,0.0075978464446961,0.0246593207120895,0.0332126319408416,0.0348321832716465,-0.0965630337595939,0.009791912510991,0.0280426256358623,0.0296969562768936,0.0147979641333222,0.0282518863677978,-0.0195312704890966,0.0137378238141536,-0.0011148527264595,0.0118577638640999,-0.0055432580411434,0.0089285625144839,0.0050139357335865,0.0005531100323423,0.0101294489577412,-0.0232172515243291,0.0016911323182284,-0.0084889428690075,0.0295995492488145,0.0742008686065673,0.0286566894501447,0.0223166886717081,0.0423148907721042,-0.0057172873057425,-0.000621904793661,0.0026137556415051,0.00688789319247,-0.0307612176984548,0.0139682712033391,-0.009682641364634,-0.0025332465302199,-0.0005431954632513,-0.0100313387811183,0.0206522326916456,0.0404435656964778,0.0149094127118587,-0.0038986627478152,-0.0026232548989355,-0.0290220845490694,-0.0199895352125167,-0.0149160828441381,-0.0064411666244268,-0.0468008928000927,0.0162074137479066,0.0150330737233161,-0.0106325820088386,-0.0053827846422791,-0.0155830681324005,-0.0329671241343021,-0.0076418882235884,-0.0142531348392367,-0.05830579996109,0.0197674501687288,0.0011681395117193,-0.0221716538071632,-0.0081679923459887,0.0203016456216573,0.0111765023320913,-0.0232294537127018,0.0058173574507236,0.0431441813707351,-0.0098322769626975,-0.0605219416320323,0.0262849777936935,-0.0322407484054565,0.0108139179646968,0.0147219439968466,0.003941424190998,-0.0139785064384341,0.0336511731147766,0.0136239780113101,0.0282148905098438,-0.0097139934077858,0.0026384820230305,0.0136761479079723,-0.0136842224746942,0.0082736639305949,0.0112060299143195,0.0185393225401639,0.0021107655484229,-0.0192837677896022,-0.0005266049993224,0.0179472621530294,0.0031612948514521,0.0130681553855538,0.0262605026364326,0.0068650366738438,0.016888428479433,0.0252199601382017,-0.0065425797365605,-0.0029240434523671,0.0040526809170842,-0.0261958483606576,0.0035317707806825,-0.0129286926239728,0.0030166604556143,-0.0511999502778053,-0.0185464080423116,0.0302197374403476,-0.0020428502466529,0.0276680812239646,0.0081883231177926,0.0454544574022293,0.0137055097147822,0.0180289149284362,0.0199004784226417,0.0,0.002487618922544,-0.0005807334091514,0.0174129783085017,0.001746145508733,-0.0242537540533533,-0.0017401797618126,0.05659203062803,-0.0204895015337545,0.169776091134405,0.0348767256479412,0.241915384626592,0.0342547887810855,2019-02-04,2019-02-05,2019-02-06,2019-02-07,2019-02-08,2019-02-11,2019-02-12,2019-02-13,2019-02-14,2019-02-15,50550.0,2019-02-01,252.0,-6.5659%,-0.0012,1.1497,0.9664,0.7518,2.1591%,2.4943%,25.0738%,-0.069542,TPC,50550.0,2019-02-04,252.0,1.9900%,-0.0011,1.1531,0.9759,0.7554,2.1600%,2.4979%,25.2300%,0.010342,TPC,50550.0,2019-02-05,252.0,-1.7073%,-0.0011,1.1507,0.9807,0.7635,2.1621%,2.4932%,24.7931%,-0.016819,TPC,50550.0,2019-02-06,252.0,1.4888%,-0.0011,1.1576,0.9782,0.7727,2.1649%,2.4834%,24.0028%,0.016884,TPC,50550.0,2019-02-07,252.0,-2.5061%,-0.001,1.181,0.9547,0.772,2.1564%,2.4846%,24.6717%,-0.016138,TPC,50550.0,2019-02-08,252.0,-1.6301%,-0.0009,1.1823,0.9809,0.7947,2.1515%,2.4821%,24.8636%,-0.012615,TPC,50550.0,2019-02-11,252.0,-1.7846%,-0.0012,1.2112,0.917,0.7752,2.1516%,2.4841%,24.9766%,-0.0279029999999999,TPC,50550.0,2019-02-12,252.0,2.4659%,-0.0012,1.207,0.9299,0.7708,2.1501%,2.4828%,25.0035%,0.009222,TPC,50550.0,2019-02-13,252.0,3.4832%,-0.0009,1.2323,0.8999,0.7731,2.1405%,2.4834%,25.7075%,0.030255,TPC,50550.0,2019-02-14,252.0,0.9792%,-0.0009,1.2274,0.9059,0.7696,2.1346%,2.4766%,25.7092%,0.012084,TPC,50550.0,2019-02-15,252.0,2.9697%,-0.0009,1.2431,0.9212,0.7967,2.1346%,2.4824%,26.0591%,0.009768,TPC,-0.0592,-0.076019,-0.059135,-0.087888,-0.0544619999999999
39371,TUTOR PERINI CORP,"UBS Downgrades Tutor Perini to Neutral, Lowers Price Target to $19",6,decrease,0.8,0.7,"a downgrade from ubs typically signals reduced confidence in the company's future performance, which is likely to lead to a decrease in stock price.",0,2019-02-01,TPC,2019-02-01 13:05:00+00:00,50550.0,90110910,-0.0656594559550285,403005.0,0.0199004784226417,0.0,-0.0170730967074632,-0.0005807334091514,0.0148883229121565,0.0023282309994101,-0.02506117336452,-0.0149082699790597,-0.016300955787301,0.0116009721532464,-0.017845744267106,0.0075978464446961,0.0246593207120895,0.0332126319408416,0.0348321832716465,-0.0965630337595939,0.009791912510991,0.0280426256358623,0.0296969562768936,0.0147979641333222,0.0282518863677978,-0.0195312704890966,0.0137378238141536,-0.0011148527264595,0.0118577638640999,-0.0055432580411434,0.0089285625144839,0.0050139357335865,0.0005531100323423,0.0101294489577412,-0.0232172515243291,0.0016911323182284,-0.0084889428690075,0.0295995492488145,0.0742008686065673,0.0286566894501447,0.0223166886717081,0.0423148907721042,-0.0057172873057425,-0.000621904793661,0.0026137556415051,0.00688789319247,-0.0307612176984548,0.0139682712033391,-0.009682641364634,-0.0025332465302199,-0.0005431954632513,-0.0100313387811183,0.0206522326916456,0.0404435656964778,0.0149094127118587,-0.0038986627478152,-0.0026232548989355,-0.0290220845490694,-0.0199895352125167,-0.0149160828441381,-0.0064411666244268,-0.0468008928000927,0.0162074137479066,0.0150330737233161,-0.0106325820088386,-0.0053827846422791,-0.0155830681324005,-0.0329671241343021,-0.0076418882235884,-0.0142531348392367,-0.05830579996109,0.0197674501687288,0.0011681395117193,-0.0221716538071632,-0.0081679923459887,0.0203016456216573,0.0111765023320913,-0.0232294537127018,0.0058173574507236,0.0431441813707351,-0.0098322769626975,-0.0605219416320323,0.0262849777936935,-0.0322407484054565,0.0108139179646968,0.0147219439968466,0.003941424190998,-0.0139785064384341,0.0336511731147766,0.0136239780113101,0.0282148905098438,-0.0097139934077858,0.0026384820230305,0.0136761479079723,-0.0136842224746942,0.0082736639305949,0.0112060299143195,0.0185393225401639,0.0021107655484229,-0.0192837677896022,-0.0005266049993224,0.0179472621530294,0.0031612948514521,0.0130681553855538,0.0262605026364326,0.0068650366738438,0.016888428479433,0.0252199601382017,-0.0065425797365605,-0.0029240434523671,0.0040526809170842,-0.0261958483606576,0.0035317707806825,-0.0129286926239728,0.0030166604556143,-0.0511999502778053,-0.0185464080423116,0.0302197374403476,-0.0020428502466529,0.0276680812239646,0.0081883231177926,0.0454544574022293,0.0137055097147822,0.0180289149284362,0.0199004784226417,0.0,0.002487618922544,-0.0005807334091514,0.0174129783085017,0.001746145508733,-0.0242537540533533,-0.0017401797618126,0.05659203062803,-0.0204895015337545,0.169776091134405,0.0348767256479412,0.241915384626592,0.0342547887810855,2019-02-04,2019-02-05,2019-02-06,2019-02-07,2019-02-08,2019-02-11,2019-02-12,2019-02-13,2019-02-14,2019-02-15,50550.0,2019-02-01,252.0,-6.5659%,-0.0012,1.1497,0.9664,0.7518,2.1591%,2.4943%,25.0738%,-0.069542,TPC,50550.0,2019-02-04,252.0,1.9900%,-0.0011,1.1531,0.9759,0.7554,2.1600%,2.4979%,25.2300%,0.010342,TPC,50550.0,2019-02-05,252.0,-1.7073%,-0.0011,1.1507,0.9807,0.7635,2.1621%,2.4932%,24.7931%,-0.016819,TPC,50550.0,2019-02-06,252.0,1.4888%,-0.0011,1.1576,0.9782,0.7727,2.1649%,2.4834%,24.0028%,0.016884,TPC,50550.0,2019-02-07,252.0,-2.5061%,-0.001,1.181,0.9547,0.772,2.1564%,2.4846%,24.6717%,-0.016138,TPC,50550.0,2019-02-08,252.0,-1.6301%,-0.0009,1.1823,0.9809,0.7947,2.1515%,2.4821%,24.8636%,-0.012615,TPC,50550.0,2019-02-11,252.0,-1.7846%,-0.0012,1.2112,0.917,0.7752,2.1516%,2.4841%,24.9766%,-0.0279029999999999,TPC,50550.0,2019-02-12,252.0,2.4659%,-0.0012,1.207,0.9299,0.7708,2.1501%,2.4828%,25.0035%,0.009222,TPC,50550.0,2019-02-13,252.0,3.4832%,-0.0009,1.2323,0.8999,0.7731,2.1405%,2.4834%,25.7075%,0.030255,TPC,50550.0,2019-02-14,252.0,0.9792%,-0.0009,1.2274,0.9059,0.7696,2.1346%,2.4766%,25.7092%,0.012084,TPC,50550.0,2019-02-15,252.0,2.9697%,-0.0009,1.2431,0.9212,0.7967,2.1346%,2.4824%,26.0591%,0.009768,TPC,-0.0592,-0.076019,-0.059135,-0.087888,-0.0544619999999999
39379,TRACTOR SUPPLY CO NEW,"KeyBanc On Tractor Supply: Topline, Margins Are Gaining Momentum",6,increase,0.8,0.7,"the news indicates that tractor supply's topline and margins are gaining momentum, which is likely to be viewed positively by investors and could lead to an increase in stock price.",2,2019-02-01,TSCO,2019-02-01 18:01:00+00:00,80286.0,89235610,0.0183840710669755,2538264.0,0.021731624379754,-0.0470877140760421,0.0082151219248771,-0.0031145580578595,0.0160732511430978,0.0088654570281505,-0.0030758955981582,-0.005468726158142,0.017300272360444,0.0229478497058153,0.0202556625008583,-0.0160638093948364,0.0145450159907341,-0.0038048787973821,0.0028254948556423,-0.0013411124236881,-0.0005217891302891,0.0110734840855002,0.0187930986285209,0.0157236624509096,-0.0052265026606619,0.0020701589528471,0.0049449196085333,0.0121056130155921,-0.0055356319062411,0.0070332447066903,-0.0068034348078072,0.0075587504543364,-0.0129112647846341,0.0005908227176405,0.0,0.0134132066741585,0.0059071471914649,-0.0005984805757179,-0.0001048881749738,0.0146952485665679,-0.0040901876054704,0.0205750614404678,-0.0113732293248176,-0.018849603831768,-0.0039411494508385,-0.0145014263689518,-0.0141161335632205,0.0027641311753541,0.0004338964645285,-0.0056166495196521,-0.0199501663446426,0.0096525466069579,-0.009624988771975,0.0529792681336402,0.0117292571812868,-0.0201668459922075,0.0104890903457999,-0.0312348809093236,-0.0122377090156078,-0.0360381156206131,-0.0103982565924525,-0.0018566217040643,0.0042476779781281,-0.0096529116854071,0.0146928690373897,-0.0243301466107368,-0.0008775979513302,-0.0306488387286663,0.0359024666249752,0.002833810634911,-0.017700033262372,0.0157201159745454,0.0147820757701993,0.0023302161134779,0.0094630448147654,0.0149791846051812,-0.0013693372020497,-0.0387571901082992,0.0045353900641202,-0.0066673313267529,0.0264595169574022,-0.0287236273288726,-0.0027619095053523,0.0064122844487428,-0.0033849030733108,0.0048589743673801,0.0094688981771469,-0.003997947089374,0.015395538881421,0.0473829545080661,0.0154634099453687,0.021384373307228,0.0053396709263324,-0.005039244890213,-0.0072784288786351,0.0068539669737219,0.0023778644390404,0.0137828802689909,0.0175941362977027,-0.0484500452876091,0.012627518735826,-0.0043168738484382,0.0023021376691758,-0.0068595861084759,0.0066035264171659,-0.009448979049921,-0.0121696023270487,-0.0164978001266717,-0.0077960076741874,-0.0043664183467626,-0.0141623737290501,-0.0096776979044079,0.0151530150324106,0.005278353113681,0.0086265327408909,0.0090861907228827,0.0096098408102989,0.0275810230523347,0.0006662830710411,-0.007139032240957,-0.0041852453723549,0.0004264035378582,-0.0113669158890843,0.0150400279089808,0.021731624379754,-0.0470877140760421,0.0301252742485365,-0.0500556147145999,0.0466827364903859,-0.0416339235877193,0.0615154480859267,-0.0250027951698638,0.1219960962688355,-0.0198553397909502,0.0363341695142935,-0.0186163557897646,0.193906846189273,-0.0727497903454841,2019-02-04,2019-02-05,2019-02-06,2019-02-07,2019-02-08,2019-02-11,2019-02-12,2019-02-13,2019-02-14,2019-02-15,80286.0,2019-02-01,252.0,1.8384%,0.0008,0.9316,0.3551,0.1394,1.5275%,1.8450%,31.4583%,0.0169029999999999,TSCO,80286.0,2019-02-04,252.0,2.1732%,0.0011,0.9466,0.3889,0.1938,1.4726%,1.8050%,33.4450%,0.0138599999999999,TSCO,80286.0,2019-02-05,252.0,0.8215%,0.0013,0.9199,0.3781,0.1613,1.4599%,1.7766%,32.4765%,0.005519,TSCO,80286.0,2019-02-06,252.0,1.6073%,0.0013,0.9204,0.3776,0.1641,1.4637%,1.7658%,31.2964%,0.017922,TSCO,80286.0,2019-02-07,252.0,-0.3076%,0.0013,0.9134,0.3849,0.1641,1.4624%,1.7599%,30.9518%,0.005235,TSCO,80286.0,2019-02-08,252.0,1.7300%,0.0013,0.9106,0.3802,0.1495,1.4658%,1.7627%,30.8491%,0.017318,TSCO,80286.0,2019-02-11,252.0,2.0256%,0.0014,0.9227,0.3886,0.1604,1.4680%,1.7608%,30.4904%,0.016027,TSCO,80286.0,2019-02-12,252.0,1.4545%,0.0014,0.9251,0.386,0.1621,1.4679%,1.7622%,30.6115%,0.002091,TSCO,80286.0,2019-02-13,252.0,0.2825%,0.0014,0.9291,0.3786,0.1604,1.4667%,1.7622%,30.7194%,-0.00021,TSCO,80286.0,2019-02-14,252.0,-0.0522%,0.0015,0.9302,0.3784,0.1593,1.4648%,1.7612%,30.8286%,0.000291,TSCO,80286.0,2019-02-15,252.0,1.8793%,0.0014,0.9249,0.3741,0.1513,1.4637%,1.7568%,30.5871%,0.006471,TSCO,0.030763,0.0362819999999999,0.0542039999999999,0.0767569999999999,0.1014269999999999
39387,GRUPO TELEVISA SA,Citigroup Upgrades Grupo Televisa to Buy,6,increase,0.8,0.7,an upgrade to 'buy' from citigroup typically signals positive sentiment and potential for stock price appreciation.,2,2019-02-01,TV,2019-02-01 14:22:00+00:00,80089.0,40049J20,0.0183852557092905,1666246.0,0.0,0.0364540629088878,0.0196232348680496,-0.0162999797612428,-0.0192455742508173,-0.0096852201968431,-0.0180533397942781,0.0008077729144133,-0.0119904531165957,0.0222956612706184,-0.0088996486738324,0.0228040125221014,0.0244898106902837,-0.0108604934066534,-0.0159362386912107,-0.039325825870037,0.0024291281588375,-0.0087509676814079,0.0137318316847086,-0.0255813896656036,0.0079680820927023,-0.0030911872163414,0.011857752688229,0.0229248981922864,-0.0039062649011611,0.0284552369266748,-0.0745097920298576,-0.0120481625199317,-0.0203389637172222,-0.0196850392967462,0.0285467058420181,0.001577247865498,-0.0075693987309932,0.0047543914988636,-0.0101694818586111,0.0202101860195398,-0.0222602933645248,0.0056910319253802,-0.0122592244297266,-0.0314960330724716,-0.0265957619994878,0.0095389420166611,-0.0491803251206874,-0.0015873378142714,-0.0105363661423325,-0.0023752758279442,-0.002904136897996,0.0015860791318118,0.0271844398230314,0.0293877273797988,0.0311909187585115,-0.0184294506907463,0.0073327152058482,-0.0008006588323041,0.000909938942641,-0.001598757575266,0.0090909441933035,-0.0369514673948288,0.0036035999655723,0.0046403296291828,-0.0107719823718071,-0.0365126505494117,0.0,0.0090225478634238,0.0027222987264394,0.0091046951711177,-0.0389140546321868,0.0154083799570798,-0.0056496672332286,-0.0144267678260803,0.0123105263337492,-0.0330396331846714,0.0233863424509763,-0.005113199353218,-0.0219378229230642,0.029323261231184,0.0336449183523654,-0.0313182361423969,0.023508071899414,0.0058608003892004,-0.0326855033636093,-0.0291607957333326,0.0,0.0042857443913817,0.0073059294372797,0.0035842431243509,-0.0018131916876882,0.0219780374318361,-0.0018165719229727,-0.0407589562237262,0.0,-0.0069783935323357,0.010009154677391,-0.0069300332106649,-0.0252252854406833,-0.0223577171564102,-0.0147874169051647,-0.0100603364408016,-0.017823601141572,0.0455820187926292,0.0257879178971052,0.0007017704192548,0.0046555111184716,-0.0152038885280489,-0.0037071327678859,-0.010259891860187,-0.016744215041399,-0.0349834822118282,-0.0028381962329149,0.0046418895944952,-0.0237191654741764,-0.0563203766942024,-0.0029154259245842,-0.0043613519519567,0.0263157412409782,0.0158227235078811,-0.0313390232622623,0.036745436489582,-0.005882300902158,-0.0039215958677232,0.0,0.0364540629088878,0.0196232348680496,0.0195598826600149,1.935380744555459e-10,0.0096852206925852,-0.0298273249987072,0.0330306009969296,-0.0149136246089969,-0.03023251258239,-0.1255886562570165,-0.0324826054378047,-0.2040815917735484,-0.1823529369366597,2019-02-04,2019-02-05,2019-02-06,2019-02-07,2019-02-08,2019-02-11,2019-02-12,2019-02-13,2019-02-14,2019-02-15,80089.0,2019-02-01,252.0,1.8385%,-0.0016,0.7003,-0.0492,0.0835,1.9543%,2.1024%,13.5920%,0.016928,TV,80089.0,2019-02-04,252.0,0.0000%,-0.0017,0.6973,-0.0561,0.0727,1.9526%,2.1006%,13.5936%,-0.004522,TV,80089.0,2019-02-05,252.0,1.9623%,-0.0016,0.6941,-0.064,0.0564,1.9560%,2.1017%,13.3824%,0.016916,TV,80089.0,2019-02-06,252.0,-1.9246%,-0.0017,0.6801,-0.0592,0.0404,1.9578%,2.0913%,12.3587%,-0.017864,TV,80089.0,2019-02-07,252.0,-1.8053%,-0.0017,0.6815,-0.0565,0.0377,1.9589%,2.0921%,12.3328%,-0.0120629999999999,TV,80089.0,2019-02-08,252.0,-1.1990%,-0.0017,0.683,-0.042,0.0535,1.9583%,2.0908%,12.2705%,-0.012415,TV,80089.0,2019-02-11,252.0,-0.8900%,-0.0016,0.6481,-0.0198,0.0472,1.9521%,2.0669%,10.7947%,-0.0098009999999999,TV,80089.0,2019-02-12,252.0,2.4490%,-0.0016,0.6574,-0.0192,0.0518,1.9552%,2.0726%,11.0153%,0.01566,TV,80089.0,2019-02-13,252.0,-1.5936%,-0.0017,0.652,-0.0165,0.0484,1.9574%,2.0724%,10.7908%,-0.017902,TV,80089.0,2019-02-14,252.0,0.2429%,-0.0016,0.6512,-0.0131,0.0436,1.9570%,2.0721%,10.8043%,0.004065,TV,80089.0,2019-02-15,252.0,1.3732%,-0.0016,0.6559,-0.0081,0.0524,1.9576%,2.0732%,10.8492%,0.006096,TV,0.012406,0.029322,0.011458,-0.01302,-0.014902
39395,TWIN DISC INC,"Twin Disc Q2 EPS $0.31 Beats $0.30 Estimate, Sales $78.107M Miss $83.05M Estimate",6,uncertain,0.6,0.3,"while the earnings per share (eps) beat estimates, the significant miss in sales could lead to mixed investor reactions, making the overall impact on the stock price uncertain.",1,2019-02-01,TWIN,2019-02-01 13:08:00+00:00,59600.0,90147610,-0.018763804808259,43947.0,-0.0753655880689621,0.013989926315844,-0.0401460342109203,0.0228964816778898,0.0006337280501611,0.0034462646581232,-0.0113996397703886,-0.0317018739879131,-0.00192182790488,0.018120028078556,0.002567391609773,-0.001695912098512,0.0569782555103302,-0.0095184808596968,0.0405814684927463,0.0016825960483402,-0.0128056583926081,-0.0388139821588993,0.0318396799266338,0.0181119609624147,0.0011428833240643,-0.0060011246241629,0.0125570381060242,0.0127071570605039,0.0231116041541099,0.0266591738909483,0.0038567325100302,0.0074285236187279,0.0170143451541662,0.0186262913048267,-0.0205073431134223,0.0046783578582108,0.0033057557884603,0.0395136512815952,-0.0285556595772504,0.0036608527880162,0.0175239946693182,0.0684484466910362,0.0061111450195312,-0.0103225708007812,-0.0397571064531803,0.0508474558591842,-0.0580793693661689,-0.0205843560397625,-0.0457874909043312,-0.0143978614360094,-0.0089571559801697,0.0207080468535423,0.0180762223899364,0.0731183141469955,-0.0019023896893486,-0.0148305110633373,-0.0057179257273674,-0.0139275640249252,0.0281150508671999,-0.0082872854545712,0.0223741829395294,-0.0627831891179084,0.0261397194117307,0.0225016642361879,0.0136256786063313,-0.0270444359630346,-0.0151958046481013,-0.0133418068289756,-0.0053412551060318,0.00063574250089,0.0011933447094634,0.00962770357728,0.0226459559053182,0.0032195872627198,0.0075758197344839,-0.0177103523164987,-0.023134846240282,-0.0137242833152413,-0.0515097081661224,-0.0141451135277748,0.039325788617134,-0.0771850496530532,0.0216216593980789,0.0097421240061521,-0.018812445923686,-0.0305555127561092,-0.0071899839676916,0.0016694873338565,0.0138804791495204,0.0256848651915788,0.0113095557317137,-0.0223214067518711,0.0076516228727996,0.0095774689689278,-0.0064252689480781,-0.0127919660881161,-0.0299823768436908,0.014100395143032,-0.0024242978543043,-0.0252886731177568,0.0309842191636562,-0.0406117402017116,-0.0106068598106503,0.0237580239772796,-0.0035736372228711,0.0070691173896193,-0.0197250414639711,0.0060174344107508,0.0152439028024673,-0.0140237445011735,0.0066066435538232,-0.0206021852791309,0.0727923214435577,-0.0262345783412456,0.0194660946726799,-0.0010276747634634,-0.0201855339109897,-0.0106762070208787,0.0038976394571363,0.0479488335549831,0.0493621379137039,-0.0279647354036569,0.001057106652297,-0.0272040758281946,-0.0753655880689621,0.013989926315844,-0.1124859928029398,0.0372067280852996,-0.1119235502816681,0.0407812169754677,-0.1237345758914018,0.0260476216990994,-0.0157480740566716,-0.0054883921140422,-0.0506187604503989,0.1992058969835834,0.0652418255670574,-0.0871536367548753,2019-02-04,2019-02-05,2019-02-06,2019-02-07,2019-02-08,2019-02-11,2019-02-12,2019-02-13,2019-02-14,2019-02-15,59600.0,2019-02-01,252.0,-1.8764%,-0.0015,1.0785,0.9835,0.4141,2.5781%,2.8542%,18.4111%,-0.020915,TWIN,59600.0,2019-02-04,252.0,-7.5366%,-0.0018,1.0615,0.9314,0.4256,2.6322%,2.8916%,17.1349%,-0.086047,TWIN,59600.0,2019-02-05,252.0,-4.0146%,-0.0023,1.1274,0.9685,0.5255,2.6004%,2.8833%,18.6611%,-0.041512,TWIN,59600.0,2019-02-06,252.0,0.0634%,-0.0022,1.0877,0.9812,0.487,2.5963%,2.8553%,17.3179%,0.0027429999999999,TWIN,59600.0,2019-02-07,252.0,-1.1400%,-0.002,1.1097,0.953,0.4903,2.5852%,2.8513%,17.7969%,-0.002008,TWIN,59600.0,2019-02-08,252.0,-0.1922%,-0.0018,1.1082,0.9896,0.5083,2.5725%,2.8409%,18.0046%,-0.000114,TWIN,59600.0,2019-02-11,252.0,0.2567%,-0.0019,1.132,0.9603,0.5049,2.5698%,2.8401%,18.1286%,-0.006784,TWIN,59600.0,2019-02-12,252.0,5.6978%,-0.0017,1.1613,0.9549,0.5208,2.5838%,2.8641%,18.6160%,0.042149,TWIN,59600.0,2019-02-13,252.0,4.0581%,-0.0015,1.1766,0.9445,0.5282,2.5915%,2.8755%,18.7779%,0.036292,TWIN,59600.0,2019-02-14,252.0,-1.2806%,-0.0015,1.1798,0.939,0.533,2.5915%,2.8760%,18.8068%,-0.0122829999999999,TWIN,59600.0,2019-02-15,252.0,3.1840%,-0.0013,1.2052,0.9634,0.5762,2.5904%,2.8834%,19.2927%,0.013502,TWIN,-0.106962,-0.148474,-0.145731,-0.147853,-0.074977
39403,TWO HARBORS INVESTMENT CORP,Two Harbors Investment Confirms Mary Riskey As CFO,6,uncertain,0.6,0.2,"the confirmation of a cfo can be seen as a stabilizing factor, but without additional context on the company's performance or the new cfo's track record, the impact on stock price remains uncertain.",1,2019-02-01,TWO,2019-02-01 13:34:00+00:00,93070.0,90187B80,0.0034270179457962,2473348.0,0.0054644756019115,0.0048209154047071,-0.0027173885609954,-0.0006881813751533,-0.0013624290004372,0.0090277856215834,-0.0347885563969612,-0.0062111909501254,-0.0007066625985316,0.0069492305628955,-0.0091937845572829,0.0084092421457171,-0.0014275844441726,0.0056378352455794,-0.0057183648459613,0.004246246535331,-0.0057512526400387,0.0035511499736458,0.0043384251184761,0.0,-0.0014399177161976,0.0071531031280756,-0.0043258448131382,0.0021505185868591,-0.0014482589904218,0.0021551533136516,0.0087019493803381,0.0108932182192802,0.0,0.0029133951757103,-0.0021567025687545,0.0043891342356801,-0.0021613640710711,0.0014652350218966,0.0014440075028687,0.0156250037252903,0.0007209970499388,0.0151057261973619,0.0,0.0192455742508173,-0.0021613640710711,0.0116822132840752,0.0007219692924991,-0.0183486063033342,0.0014430345036089,0.0149812381714582,0.0014408864080905,0.0037594127934426,0.0079137133434414,0.0472441241145134,0.0014275163412094,-0.0386071316897869,0.0035638054832816,-0.003018865128979,0.0035511499736458,-0.0398550853133201,0.004246246535331,-0.0050468416884541,0.0049330973997712,0.0058012995868921,-0.0217391587793827,-0.0281888395547866,0.0,-0.0021097529679536,-0.0014336562016978,0.0035285949707031,-0.0093323839828372,-0.0077030574902892,-0.000724654237274,0.0021052444353699,0.0065264794975519,-0.012474033050239,-0.0021613640710711,-0.0006924705812707,0.0108302775770425,0.0197739917784929,0.0,-0.0166666507720947,0.0096082864329218,0.0013907861430197,-0.0014640925219282,0.0034891967661678,-0.0087976455688476,0.0105782523751258,0.0036981683224439,0.0085348421707749,-0.0022107393015176,-0.0042492537759244,-0.0014770682901144,0.002840906381607,-0.0014793237205594,0.0007107483106665,0.0029629601631313,-0.0035410900600254,0.0036927761975675,-0.0098176961764693,0.0,-0.0048848357982933,-0.0036791898310184,0.0042045875452458,0.0051698447205126,-0.0076494892127811,0.0066127958707511,0.0041899736970663,0.0,0.002099351491779,0.0029197053518146,-0.0117565747350454,0.0065502296201884,0.0126050636172294,0.003615342779085,-0.0027932934463024,-0.0158501639962196,-0.0317782461643219,0.0087847644463181,0.0020325020886957,0.0014514120994135,0.0020367065444588,0.0043477872386574,0.0,0.0054644756019115,0.0048209154047071,0.0027322379374237,0.0041294163653611,0.0013660864567843,0.0131944814726332,-0.0341530047214386,0.0138985266240403,-0.0512295072116888,0.0362216072551608,-0.0259562918336406,0.0960303574744503,-0.0203918909598571,0.0260868337333901,2019-02-04,2019-02-05,2019-02-06,2019-02-07,2019-02-08,2019-02-11,2019-02-12,2019-02-13,2019-02-14,2019-02-15,93070.0,2019-02-01,252.0,0.3427%,0.0006,0.4025,0.2819,0.2662,0.8949%,0.9925%,18.7017%,0.002,TWO,93070.0,2019-02-04,252.0,0.5464%,0.0006,0.4035,0.2845,0.2692,0.8946%,0.9929%,18.8146%,0.002338,TWO,93070.0,2019-02-05,252.0,-0.2717%,0.0006,0.4046,0.2861,0.2726,0.8948%,0.9918%,18.6016%,-0.00271,TWO,93070.0,2019-02-06,252.0,-0.1362%,0.0006,0.382,0.2934,0.2501,0.8907%,0.9753%,16.5822%,-0.000735,TWO,93070.0,2019-02-07,252.0,-3.4789%,0.0005,0.3879,0.2998,0.2418,0.9136%,0.9991%,16.3815%,-0.03193,TWO,93070.0,2019-02-08,252.0,-0.0707%,0.0004,0.3882,0.2925,0.238,0.9122%,0.9976%,16.3923%,0.000363,TWO,93070.0,2019-02-11,252.0,-0.9194%,0.0003,0.4076,0.2568,0.2289,0.9093%,0.9988%,17.1121%,-0.012315,TWO,93070.0,2019-02-12,252.0,-0.1428%,0.0002,0.3982,0.2637,0.2228,0.9083%,0.9949%,16.6531%,-0.006734,TWO,93070.0,2019-02-13,252.0,-0.5718%,0.0002,0.3917,0.2717,0.2224,0.9064%,0.9909%,16.3269%,-0.007248,TWO,93070.0,2019-02-14,252.0,-0.5751%,0.0001,0.3926,0.2687,0.2263,0.9065%,0.9910%,16.3200%,-0.005152,TWO,93070.0,2019-02-15,252.0,0.4338%,0.0001,0.389,0.2652,0.2202,0.9065%,0.9891%,16.0207%,-0.001956,TWO,0.004338,0.0016279999999999,0.0008929999999999,-0.030674,-0.064079
39411,TYLER TECHNOLOGIES INC,Tyler Technologies To Acquire MicroPact From Arlington Capital Partners For $185M In Cash,6,increase,0.7,0.6,"the acquisition of micropact for $185m could be seen as a strategic move to enhance tyler technologies' offerings, potentially leading to positive investor sentiment and an increase in stock price.",2,2019-02-01,TYL,2019-02-01 14:22:00+00:00,76185.0,90225210,0.0395369492471218,318687.0,0.0199318565428257,-0.0014251254033297,0.0253751259297132,0.0063742282800376,-0.0068552531301975,-0.0124842887744307,-0.0017623762832954,0.0046374625526368,0.0210386607795953,0.0102214552462101,-0.0032180508133023,0.0101640196517109,0.0101672075688839,0.0094456877559423,0.0174107700586319,-0.027658961713314,0.0115336244925856,0.0246632993221283,0.0013441172195598,-0.0011345581151545,-0.0009257404017262,0.0020571940112859,-0.0122775845229625,0.0113331917673349,-0.0210610516369342,-0.0071211825124919,-0.0055102729238569,-0.0080879973247647,-0.0098771527409553,0.0001078746354323,-0.0054500978440046,0.001782733714208,0.0081220688298344,0.0124152498319745,-0.0060667833313345,0.0148756252601742,0.0072757727466523,0.0199852716177702,-0.023026954382658,-0.0307835843414068,-0.0046643302775919,-0.0192659646272659,-0.0058826096355915,0.0237453188747167,0.0025073967408388,-0.007491307798773,-0.0036016267258673,0.0097173685207962,0.014257725328207,0.0418175943195819,-0.0032668597996234,-0.0187943708151578,0.0013408366357907,-0.0164317023009061,-9.920785669237377e-05,-0.0139580871909856,0.0038190868217498,-0.0025115560274571,0.0064726397395133,0.0123258661478757,0.0042710378766059,-0.0287738926708698,-0.0051816627383232,-0.0003756765217985,0.020736088976264,-0.0043278345838189,-0.0416886769235134,0.0167318657040596,-0.0049229464493691,-0.0159306954592466,0.0058559426106512,0.0262233857065439,0.0030113230459392,-0.0174114368855953,0.0231173131614923,-0.0097155142575502,-0.000342384329997,-0.0315860249102115,0.0120841553434729,0.0035277442075312,0.0017886130372062,0.0088448589667677,0.0070449304766952,0.0020979135297238,-0.0046478258445858,0.0153363067656755,0.0082318717613816,-0.0069801034405827,0.0031989980489015,0.0157375019043684,0.0065680113621056,0.0068681468255817,0.0074708107858896,0.013761019334197,0.0026282325852662,0.0077347727492451,0.0157749149948358,-0.0407546907663345,0.0035022788215428,-0.0078346319496631,0.0076689850538969,0.0165704023092985,-0.0020963016431778,-0.0010145908454433,-0.0022377744317054,0.0013367553474381,0.0055382950231432,-0.0077461348846554,0.0175702143460512,0.0038881264626979,-0.0029523759149014,0.001333333319053,0.005249218083918,0.0010677893878892,0.0082567445933818,-0.0037233880721032,0.0114204855635762,-0.0354027412831783,0.014967824332416,-0.0005128518096171,0.0199318565428257,-0.0014251254033297,0.045812755842326,0.0049400188020594,0.0386434446742374,-0.0076059425936473,0.0586261203441413,0.007187000211386,0.0984898325957306,0.0220961429369137,0.0357451500657235,0.0457108340893279,0.1791834324126227,-0.0297948619574417,2019-02-04,2019-02-05,2019-02-06,2019-02-07,2019-02-08,2019-02-11,2019-02-12,2019-02-13,2019-02-14,2019-02-15,76185.0,2019-02-01,252.0,3.9537%,-0.0002,0.7045,0.2302,-0.6261,1.1361%,1.5300%,44.8579%,0.041561,TYL,76185.0,2019-02-04,252.0,1.9932%,-0.0002,0.7075,0.2387,-0.624,1.1379%,1.5344%,45.0005%,0.0107739999999999,TYL,76185.0,2019-02-05,252.0,2.5375%,-0.0001,0.7037,0.2305,-0.6411,1.1438%,1.5386%,44.7362%,0.01868,TYL,76185.0,2019-02-06,252.0,-0.6855%,-0.0001,0.6855,0.2365,-0.6598,1.1420%,1.5243%,43.8693%,-0.004935,TYL,76185.0,2019-02-07,252.0,-0.1762%,-0.0,0.6908,0.2265,-0.6568,1.1403%,1.5244%,44.0445%,0.0073929999999999,TYL,76185.0,2019-02-08,252.0,2.1039%,0.0,0.6883,0.2165,-0.674,1.1437%,1.5297%,44.1011%,0.015671,TYL,76185.0,2019-02-11,252.0,-0.3218%,-0.0,0.7016,0.1982,-0.6769,1.1419%,1.5262%,44.0199%,-0.004161,TYL,76185.0,2019-02-12,252.0,1.0167%,-0.0001,0.6881,0.2151,-0.6868,1.1329%,1.5161%,44.1604%,-0.000665,TYL,76185.0,2019-02-13,252.0,1.7411%,-0.0,0.6977,0.2052,-0.6847,1.1330%,1.5194%,44.4022%,0.015736,TYL,76185.0,2019-02-14,252.0,1.1534%,0.0,0.6955,0.2093,-0.6887,1.1336%,1.5201%,44.3851%,0.00786,TYL,76185.0,2019-02-15,252.0,0.1344%,-0.0001,0.679,0.1941,-0.7161,1.1288%,1.5125%,44.3021%,-0.0038329999999999,TYL,0.052335,0.071015,0.06608,0.089144,0.104081
39419,VALE S A,UPDATE: Germany's T&V S&D Had Certified The Safety Of Vale's Waste Dam,6,increase,0.8,0.6,the certification of the safety of vale's waste dam by a reputable entity like germany's t&v s&d is likely to boost investor confidence and positively impact the stock price.,2,2019-02-01,VALE,2019-02-01 20:59:00+00:00,89330.0,91912E10,0.0104501703754067,27898086.0,-0.0334128960967063,-0.011914262548089,-0.003292178036645,0.0966899544000625,-0.0619322881102562,0.024999976158142,-0.0167253147810697,-0.1800878494977951,0.0196956377476453,-0.0807536914944648,-0.0149253793060779,0.007457603700459,0.0561497397720813,0.0207612589001655,0.0126581955701112,-0.0109513932839036,0.011666695587337,0.0096751479431986,0.0156507063657045,0.0255138631910085,-0.0113544482737779,0.0035561334807425,0.0032813751604408,-0.0049539767205715,-0.0163532141596078,0.001417466904968,0.039069015532732,-0.0201388876885175,0.0040000150911509,-0.0075810207054018,-0.0023904170375317,0.032005675137043,-0.002396220806986,0.0166305489838123,-0.0008006588323041,-0.0135521059855818,-0.0072114747017621,0.0927514061331749,0.002421285957098,-0.0475130155682563,0.0193236526101827,0.0212282557040453,-0.0134281264618039,0.013056768104434,0.0088070947676897,0.0023095216602087,-0.0007936689071357,-0.0061208819970488,0.0317712165415287,0.0373015329241752,0.0046189702115952,-0.023255756124854,0.0176244862377643,-0.0030911872163414,-0.0097891651093959,0.01649646833539,0.003802296007052,-0.0348749086260795,0.0060606002807617,0.012279343791306,0.0316265113651752,0.0054012108594179,-0.0153284696862101,-0.006134963594377,-0.0022238497622311,0.0015360601246356,-0.0475483164191246,0.0007686570752412,0.0031201220117509,0.0116641195490956,0.012441742233932,-0.0213090311735868,-0.0268817488104105,-0.0288247894495725,-0.0031570608261972,-0.0051471064798533,0.0340459458529949,-0.0340908765792846,0.0398161932826042,0.0277372356504201,-0.0081001222133636,0.0170749463140964,-0.0096510844305157,-0.0036982388701289,0.0097451359033584,0.0488751046359539,-0.0059391180984675,0.010980418883264,0.0321134701371192,-0.0384615547955036,-0.0180897247046232,-0.0759581997990608,-0.0007368662627413,0.0199005473405122,-0.0117994686588645,-0.0441576465964317,-0.011940287426114,-0.0167000666260719,0.0030211452394723,0.0026791668497025,0.0218373462557792,0.02752928994596,-0.0221075341105461,-0.0047945650294423,0.003767839865759,0.0096819046884775,-0.0195194650441408,-0.0095890639349818,0.0084226382896304,-0.0375741384923458,-0.0463173612952232,-0.0097910976037383,0.0095541309565305,0.0019620491657406,0.011040961369872,-0.0071428348310291,-0.0031201220117509,-0.0032362584024667,0.0,-0.0045103509910404,-0.0334128960967063,-0.011914262548089,-0.0365950729306812,0.0836237023494883,-0.0962609444407786,0.1107142690726232,-0.0938742534390468,-0.1628533029409704,-0.0190930606519071,-0.1183557817352497,0.0564836952714995,-0.0452801322797874,0.0167064504305094,-0.1984536569507159,2019-02-04,2019-02-05,2019-02-06,2019-02-07,2019-02-08,2019-02-11,2019-02-12,2019-02-13,2019-02-14,2019-02-15,89330.0,2019-02-01,252.0,1.0450%,0.0005,1.2161,-0.1702,0.2566,2.4025%,2.7465%,23.4799%,0.007339,VALE,89330.0,2019-02-04,252.0,-3.3413%,0.0004,1.2071,-0.197,0.2586,2.4160%,2.7544%,23.0648%,-0.040271,VALE,89330.0,2019-02-05,252.0,-0.3292%,0.0004,1.1875,-0.2011,0.2423,2.4122%,2.7372%,22.3373%,-0.007189,VALE,89330.0,2019-02-06,252.0,-6.1932%,0.0,1.2581,-0.2227,0.3037,2.4283%,2.7642%,22.8255%,-0.0596089999999999,VALE,89330.0,2019-02-07,252.0,-1.6725%,-0.0001,1.2409,-0.1979,0.2993,2.4199%,2.7451%,22.2893%,-0.006599,VALE,89330.0,2019-02-08,252.0,1.9696%,0.0001,1.2368,-0.183,0.2915,2.4195%,2.7427%,22.1774%,0.0206429999999999,VALE,89330.0,2019-02-11,252.0,-1.4925%,-0.0001,1.2574,-0.2246,0.2798,2.4188%,2.7388%,21.9994%,-0.01622,VALE,89330.0,2019-02-12,252.0,5.6150%,-0.0,1.2632,-0.2031,0.2789,2.4262%,2.7472%,22.0044%,0.039469,VALE,89330.0,2019-02-13,252.0,1.2658%,0.0,1.2668,-0.2056,0.2806,2.4267%,2.7473%,21.9775%,0.008948,VALE,89330.0,2019-02-14,252.0,1.1667%,0.0,1.262,-0.1969,0.2724,2.4278%,2.7466%,21.8649%,0.0169239999999999,VALE,89330.0,2019-02-15,252.0,1.5651%,-0.0001,1.2332,-0.2227,0.2257,2.4175%,2.7264%,21.3732%,0.000474,VALE,-0.032932,-0.040121,-0.09973,-0.085686,-0.036091
39427,VALE S A,Vale Shares Volatile Here Amid Headlines A Document Showed Inspectors Of The Collapsed Brazilian Dam From Vale Had Close Ties To Its Owner,6,decrease,0.8,0.7,"the revelation of close ties between inspectors and vale's ownership raises concerns about regulatory oversight and potential liability, likely leading to a decrease in investor confidence.",0,2019-02-01,VALE,2019-02-01 20:58:00+00:00,89330.0,91912E10,0.0104501703754067,27898086.0,-0.0334128960967063,-0.011914262548089,-0.003292178036645,0.0966899544000625,-0.0619322881102562,0.024999976158142,-0.0167253147810697,-0.1800878494977951,0.0196956377476453,-0.0807536914944648,-0.0149253793060779,0.007457603700459,0.0561497397720813,0.0207612589001655,0.0126581955701112,-0.0109513932839036,0.011666695587337,0.0096751479431986,0.0156507063657045,0.0255138631910085,-0.0113544482737779,0.0035561334807425,0.0032813751604408,-0.0049539767205715,-0.0163532141596078,0.001417466904968,0.039069015532732,-0.0201388876885175,0.0040000150911509,-0.0075810207054018,-0.0023904170375317,0.032005675137043,-0.002396220806986,0.0166305489838123,-0.0008006588323041,-0.0135521059855818,-0.0072114747017621,0.0927514061331749,0.002421285957098,-0.0475130155682563,0.0193236526101827,0.0212282557040453,-0.0134281264618039,0.013056768104434,0.0088070947676897,0.0023095216602087,-0.0007936689071357,-0.0061208819970488,0.0317712165415287,0.0373015329241752,0.0046189702115952,-0.023255756124854,0.0176244862377643,-0.0030911872163414,-0.0097891651093959,0.01649646833539,0.003802296007052,-0.0348749086260795,0.0060606002807617,0.012279343791306,0.0316265113651752,0.0054012108594179,-0.0153284696862101,-0.006134963594377,-0.0022238497622311,0.0015360601246356,-0.0475483164191246,0.0007686570752412,0.0031201220117509,0.0116641195490956,0.012441742233932,-0.0213090311735868,-0.0268817488104105,-0.0288247894495725,-0.0031570608261972,-0.0051471064798533,0.0340459458529949,-0.0340908765792846,0.0398161932826042,0.0277372356504201,-0.0081001222133636,0.0170749463140964,-0.0096510844305157,-0.0036982388701289,0.0097451359033584,0.0488751046359539,-0.0059391180984675,0.010980418883264,0.0321134701371192,-0.0384615547955036,-0.0180897247046232,-0.0759581997990608,-0.0007368662627413,0.0199005473405122,-0.0117994686588645,-0.0441576465964317,-0.011940287426114,-0.0167000666260719,0.0030211452394723,0.0026791668497025,0.0218373462557792,0.02752928994596,-0.0221075341105461,-0.0047945650294423,0.003767839865759,0.0096819046884775,-0.0195194650441408,-0.0095890639349818,0.0084226382896304,-0.0375741384923458,-0.0463173612952232,-0.0097910976037383,0.0095541309565305,0.0019620491657406,0.011040961369872,-0.0071428348310291,-0.0031201220117509,-0.0032362584024667,0.0,-0.0045103509910404,-0.0334128960967063,-0.011914262548089,-0.0365950729306812,0.0836237023494883,-0.0962609444407786,0.1107142690726232,-0.0938742534390468,-0.1628533029409704,-0.0190930606519071,-0.1183557817352497,0.0564836952714995,-0.0452801322797874,0.0167064504305094,-0.1984536569507159,2019-02-04,2019-02-05,2019-02-06,2019-02-07,2019-02-08,2019-02-11,2019-02-12,2019-02-13,2019-02-14,2019-02-15,89330.0,2019-02-01,252.0,1.0450%,0.0005,1.2161,-0.1702,0.2566,2.4025%,2.7465%,23.4799%,0.007339,VALE,89330.0,2019-02-04,252.0,-3.3413%,0.0004,1.2071,-0.197,0.2586,2.4160%,2.7544%,23.0648%,-0.040271,VALE,89330.0,2019-02-05,252.0,-0.3292%,0.0004,1.1875,-0.2011,0.2423,2.4122%,2.7372%,22.3373%,-0.007189,VALE,89330.0,2019-02-06,252.0,-6.1932%,0.0,1.2581,-0.2227,0.3037,2.4283%,2.7642%,22.8255%,-0.0596089999999999,VALE,89330.0,2019-02-07,252.0,-1.6725%,-0.0001,1.2409,-0.1979,0.2993,2.4199%,2.7451%,22.2893%,-0.006599,VALE,89330.0,2019-02-08,252.0,1.9696%,0.0001,1.2368,-0.183,0.2915,2.4195%,2.7427%,22.1774%,0.0206429999999999,VALE,89330.0,2019-02-11,252.0,-1.4925%,-0.0001,1.2574,-0.2246,0.2798,2.4188%,2.7388%,21.9994%,-0.01622,VALE,89330.0,2019-02-12,252.0,5.6150%,-0.0,1.2632,-0.2031,0.2789,2.4262%,2.7472%,22.0044%,0.039469,VALE,89330.0,2019-02-13,252.0,1.2658%,0.0,1.2668,-0.2056,0.2806,2.4267%,2.7473%,21.9775%,0.008948,VALE,89330.0,2019-02-14,252.0,1.1667%,0.0,1.262,-0.1969,0.2724,2.4278%,2.7466%,21.8649%,0.0169239999999999,VALE,89330.0,2019-02-15,252.0,1.5651%,-0.0001,1.2332,-0.2227,0.2257,2.4175%,2.7264%,21.3732%,0.000474,VALE,-0.032932,-0.040121,-0.09973,-0.085686,-0.036091
39435,VIRTUS INVESTMENT PARTNERS INC,"Virtus Investment Q4 EPS $3.06 Misses $3.13 Estimate, Sales $138.1M Miss $146.71M Estimate",6,decrease,0.8,0.7,"the company's earnings per share and sales both missed analyst estimates, which typically leads to a negative reaction in the stock price.",0,2019-02-01,VRTS,2019-02-01 12:34:00+00:00,92871.0,92828Q10,0.0020006701815873,77222.0,0.0137548288330435,0.0240154862403869,0.0272458456456661,-0.0081893512979149,0.0109715219587087,-0.0102153923362493,-0.0009483085596002,0.0015569326933473,-0.0210925973951816,0.0205424763262271,-0.0088342996314167,0.0069714356213808,0.0246738772839307,-0.0386727824807167,0.0350058674812316,-0.0303612016141414,0.0080967601388692,0.0523543283343315,0.0114883817732334,0.0182648226618766,0.0226153396070003,0.0371773540973663,0.0081580681726336,0.066010296344757,0.0044847331009805,-0.0136934947222471,0.0165000930428504,-0.0265389587730169,0.0152773652225732,-0.0122097712010145,0.0067713833414018,0.00747711956501,0.0058850743807852,0.0039956634864211,-0.0498700104653835,0.0069495211355388,0.0140748945996165,0.0191351044923067,-0.0135903963819146,-0.0065423869527876,-0.0041039492934942,0.0198917519301176,-0.0269819479435682,-0.001508519751951,-0.0175456069409847,0.054200954735279,0.0071846139617264,0.0142472786828875,0.022521136328578,0.0556185878813266,-0.0042853564955294,-0.028130080550909,0.0103092659264802,-0.0274909883737564,0.0,-0.0158373638987541,-0.0047553335316479,-0.0227009169757366,0.026478236541152,-0.0183591358363628,-0.020946504548192,-0.0220405980944633,-0.0178287979215383,-0.0146412514150142,0.0134126078337431,-0.0524855591356754,-0.0402030162513256,0.0236686393618583,-0.0160704553127288,0.0,0.0305584985762834,0.0151369795203208,0.0049079316668212,-0.0256350506097078,0.0011192573001608,-0.0650104209780693,-0.0085374154150486,-0.0337351411581039,0.0519733428955078,-0.0046316045336425,0.0188072528690099,0.0088138673454523,0.0026781326159834,-0.0087368609383702,0.0139273023232817,0.0207370836287736,0.0270016249269247,-0.0343432016670703,0.0061377622187137,-0.0019675099756568,-0.0140216778963804,0.011521928012371,0.029550252482295,0.0127294436097145,0.0349807292222976,-0.0635740682482719,0.0101395109668374,-0.0217666439712047,0.0205902680754661,0.0012648850679397,0.0132817905396223,0.0078446306288242,-0.0035672830417752,-0.0065270154736936,-0.0166514031589031,-0.0004868103715125,0.0077893333509564,-0.0069619147107005,0.0001680607674643,-0.0069137816317379,0.0004199531394988,0.0157027281820774,0.0148614970967173,0.0151485027745366,0.0259783174842596,0.0027799720410257,0.0079831853508949,0.0023885136470198,-0.0147850252687931,0.0002987198531627,0.0137548288330435,0.0240154862403869,0.0413754364219773,0.0156294636890592,0.0528009098899411,0.0052544102492209,0.0296172824757485,0.0275020899361764,0.1036050588016357,0.0334841504825365,0.143871335352703,0.1462801530769126,0.3660772782565467,-0.0987236057821911,2019-02-04,2019-02-05,2019-02-06,2019-02-07,2019-02-08,2019-02-11,2019-02-12,2019-02-13,2019-02-14,2019-02-15,92871.0,2019-02-01,252.0,0.2001%,-0.0009,1.1185,0.8429,0.7433,1.3771%,1.8266%,43.1613%,-0.001771,VRTS,92871.0,2019-02-04,252.0,1.3755%,-0.0009,1.1181,0.8432,0.7352,1.3766%,1.8270%,43.2268%,0.004975,VRTS,92871.0,2019-02-05,252.0,2.7246%,-0.0009,1.1432,0.8416,0.7435,1.3757%,1.8356%,43.8328%,0.027424,VRTS,92871.0,2019-02-06,252.0,1.0972%,-0.0009,1.1545,0.8377,0.7565,1.3777%,1.8224%,42.8509%,0.01295,VRTS,92871.0,2019-02-07,252.0,-0.0948%,-0.0008,1.1541,0.8345,0.7589,1.3786%,1.8212%,42.6973%,0.0078269999999999,VRTS,92871.0,2019-02-08,252.0,-2.1093%,-0.0009,1.157,0.837,0.7728,1.3825%,1.8255%,42.6457%,-0.017412,VRTS,92871.0,2019-02-11,252.0,-0.8834%,-0.0009,1.1305,0.8392,0.7601,1.3820%,1.7996%,41.0251%,-0.017856,VRTS,92871.0,2019-02-12,252.0,2.4674%,-0.0008,1.1381,0.8376,0.7643,1.3836%,1.8059%,41.2961%,0.010323,VRTS,92871.0,2019-02-13,252.0,3.5006%,-0.0008,1.1377,0.8511,0.7743,1.3960%,1.8153%,40.8552%,0.030682,VRTS,92871.0,2019-02-14,252.0,0.8097%,-0.0007,1.1353,0.8572,0.7673,1.3977%,1.8161%,40.7653%,0.0104509999999999,VRTS,92871.0,2019-02-15,252.0,1.1488%,-0.0007,1.1335,0.8549,0.7635,1.3982%,1.8133%,40.5399%,-0.007266,VRTS,0.003204,0.030628,0.043578,0.033993,0.060327
39443,WELLS FARGO & CO NEW,''Are all of your online systems down?' Wells Fargo customers fume over website problems' -The Charlotte Observer,6,decrease,0.8,0.6,"wells fargo's online system issues can lead to customer dissatisfaction and loss of trust, which may negatively impact the stock price.",0,2019-02-01,WFC,2019-02-01 18:57:00+00:00,38703.0,94974610,0.0,21123467.0,0.0030668887775391,-0.014573773369193,0.0042804540134966,0.0048144771717488,-0.0010148008586838,0.0006021432927809,-0.0231613032519817,-0.0061839488334953,-0.0089434338733553,0.00300123100169,0.0,-0.002793283900246,0.0293808542191982,0.0052145672962069,-0.000611595925875,-0.0029993543867021,-0.0101999184116721,0.0158439725637435,0.0144270556047558,0.0059256418608129,0.0032507078722119,0.0266415048390626,0.0087079852819442,-0.0154894674196839,-0.0050190724432468,0.0114894350990653,-0.0108959022909402,0.0025130666326731,0.0130558833479881,-0.0010460091289132,-0.0014095790684223,0.0054690432734787,0.0062512881122529,-0.0020990443881601,-0.0002004436100833,-0.0064650964923202,0.0028061612974852,0.0296328347176313,0.0015990772517398,-0.0078823808580636,-0.0043903654441237,0.0186631232500076,-0.0014030806487426,0.0065531469881534,-0.0028101042844355,0.0054908851161599,0.00241543748416,-0.0013161081587895,-0.0008032312616705,0.0456422418355941,-0.0022105465177446,-0.0336879529058933,0.0054379985667765,-0.0199826657772064,0.0086137885227799,0.0081016588956117,0.0061569293029606,-0.0182717610150575,0.0211211945861578,-0.0019309193594381,-0.0061859595589339,0.0015040759462863,-0.0196459498256444,-0.0104188360273838,-0.010714303702116,-0.0148722846060991,-0.031087027862668,-0.0004186902078799,-0.0047609093599021,-0.0213114935904741,0.0193426888436079,-0.0290489289909601,-0.0048969164490699,-0.0162458773702383,0.0065614045597612,-0.0133255822584033,-0.0156854856759309,-0.0453540347516536,0.0101407635957002,-0.0007368662627413,-0.0122926095500588,0.0044411150738596,0.0134827122092247,-0.0057037272490561,0.0063446080312132,0.0218086075037717,-0.0079316534101963,0.0058622835204005,0.0020500675309449,0.0202585216611623,-0.0151391504332423,-0.0114438002929091,-0.0072704297490417,-0.0020936545915901,-0.0010462279897183,-0.0146286347880959,-0.0261834934353828,0.0071779577992856,0.0060227741487324,0.0022718464024364,0.0188155025243759,0.0128475194796919,-0.0020986839663237,-0.0111869573593139,0.0006309694144874,0.0074499179609119,-0.0067255883477628,-0.0130090955644846,0.0019043621141463,-0.0022573163732886,0.0027455347590148,0.0001865999074652,0.0006318193045444,0.0005602725432254,0.0094717061147093,-0.0020499555394053,0.0064637484028935,0.0009326475556008,0.002900339430198,0.0009335182257927,0.0030668887775391,-0.014573773369193,0.0073604704674126,-0.0098294612966364,0.006338200196978,-0.0092332367480468,-0.025761568690647,-0.0124049558876824,0.0063382005384093,0.0085819620643534,0.0576569160627469,0.0590001989965678,-0.0102228571021625,-0.070962264336149,2019-02-04,2019-02-05,2019-02-06,2019-02-07,2019-02-08,2019-02-11,2019-02-12,2019-02-13,2019-02-14,2019-02-15,38703.0,2019-02-01,252.0,0.0000%,-0.0004,1.0946,-0.0589,1.2154,0.9074%,1.4922%,63.0220%,-0.006959,WFC,38703.0,2019-02-04,252.0,0.3067%,-0.0004,1.0957,-0.0562,1.2192,0.9070%,1.4923%,63.0638%,0.000959,WFC,38703.0,2019-02-05,252.0,0.4280%,-0.0004,1.1002,-0.0572,1.2193,0.9074%,1.4867%,62.7438%,0.006739,WFC,38703.0,2019-02-06,252.0,-0.1015%,-0.0002,1.0304,-0.0348,1.1505,0.8682%,1.3697%,59.8165%,0.000446,WFC,38703.0,2019-02-07,252.0,-2.3161%,-0.0002,1.0527,-0.0555,1.1487,0.8541%,1.3740%,61.3646%,-0.0182109999999999,WFC,38703.0,2019-02-08,252.0,-0.8943%,-0.0002,1.0532,-0.0611,1.1472,0.8531%,1.3747%,61.4857%,-0.0020369999999999,WFC,38703.0,2019-02-11,252.0,0.0000%,-0.0002,1.0475,-0.0606,1.1445,0.8531%,1.3550%,60.3631%,-0.00381,WFC,38703.0,2019-02-12,252.0,2.9381%,-0.0001,1.0583,-0.0619,1.1503,0.8597%,1.3653%,60.3521%,0.016993,WFC,38703.0,2019-02-13,252.0,-0.0612%,-0.0001,1.0599,-0.0662,1.1485,0.8596%,1.3646%,60.3189%,-0.004443,WFC,38703.0,2019-02-14,252.0,-1.0200%,-0.0002,1.0583,-0.0677,1.153,0.8435%,1.3553%,61.2616%,-0.0010689999999999,WFC,38703.0,2019-02-15,252.0,1.4427%,-0.0003,1.052,-0.0737,1.1422,0.8430%,1.3476%,60.8711%,-0.002997,WFC,-0.006,0.000739,0.001185,-0.019063,-0.0143889999999999
39451,WYNN RESORTS LTD,Melco Resorts Shares Quiet Premarket Following Data Out Of Macau Showing Jan. Gambling Sales Down 5% Year Over Year,6,decrease,0.7,0.6,"the decline in gambling sales in macau, a key market for wynn resorts, suggests potential revenue challenges, likely leading to a decrease in stock price.",0,2019-02-01,WYNN,2019-02-01 12:18:00+00:00,89533.0,98313410,0.0248760059475898,2990639.0,-0.0133259324356913,0.0209993254393339,0.0228314492851495,0.0325677320361137,0.033168226480484,-0.0126089351251721,-0.0347660705447197,-0.0030372110195457,-0.0131620289757847,0.0360107943415641,-0.001677175052464,0.012030079960823,0.0090399775654077,0.0097356550395488,0.01125827152282,-0.0279562529176473,-0.0264210328459739,0.007963627576828,0.0087499134242534,0.0248430185019969,0.0309211984276771,0.034610778093338,0.0063882209360599,-0.0030527459457516,0.0034836060367524,-0.0479965172708034,0.0163542013615369,0.0192998331040144,-0.0193548612296581,-0.0259683579206466,0.0096749225631356,0.0130203822627663,-0.0210041999816894,0.0313327871263027,-0.0091613670811057,0.0177575647830963,-0.0112217338755726,0.0403327047824859,0.0035965228453278,-0.0096743497997522,-0.0113880727440118,0.0555049814283847,-0.0047526690177619,0.0171740632504224,-0.0394982174038887,-0.0089686596766114,0.0077525759115815,-0.0111861387267708,-0.0018395651131868,0.0784697458148002,-0.0169222094118595,-0.0149877043440938,-0.0030677514150738,-0.0448875166475772,-0.0115394350141286,-0.0059965071268379,0.0012971422402188,-0.0455912016332149,0.0031090821139514,-0.013304048217833,0.0143779432401061,-0.0208059381693601,0.0027160048484802,-0.0130423055961728,0.0253936015069484,-0.011791598983109,-0.0349182412028312,0.0365738160908222,-0.0039347079582512,-0.0065888268873095,0.0078145442530512,0.0119058964774012,-0.0068166586570441,-0.066008411347866,0.0090940734371542,0.0185755975544452,0.0144532984122633,-0.078721098601818,0.0839758366346359,0.0949725732207298,0.0439925976097583,0.0118386857211589,0.0192550253123045,-0.0414893627166748,0.0148223005235195,-0.0002658759185578,0.0090928925201296,0.0117468191310763,0.0277423281222581,0.0689158886671066,-0.0385917238891124,-0.0132412891834974,0.0124946543946862,0.047350239008665,0.0001418742758687,-0.0241796616464853,0.0195716526359319,-0.0328507870435714,-0.0136318784207105,0.012781960889697,0.0204484108835458,0.0306083280593156,-0.009397461079061,0.012256103567779,-0.0064173978753387,0.0250251032412052,-0.0171300359070301,0.0120016308501362,0.0207142420113086,-0.007069248240441,0.0104968510568141,-0.1313273161649704,0.018005583435297,0.0392013415694236,0.0156462788581848,0.0035681552253663,-0.0035498912911862,-0.0213985070586204,-0.0290381610393524,-0.0083458656445145,-0.0133259324356913,0.0209993254393339,0.0092012664988754,0.0542509578792951,0.0426746826705013,0.0409579759457445,-0.0068216136655746,0.075168238447548,-0.0063729320026876,0.1032287172370234,-0.0730882364308607,0.177354506381276,0.152754197296117,0.1002743478663545,2019-02-04,2019-02-05,2019-02-06,2019-02-07,2019-02-08,2019-02-11,2019-02-12,2019-02-13,2019-02-14,2019-02-15,89533.0,2019-02-01,252.0,2.4876%,-0.0007,1.2232,0.7537,-0.1393,2.3846%,2.8042%,27.6886%,0.024734,WYNN,89533.0,2019-02-04,252.0,-1.3326%,-0.0009,1.2124,0.726,-0.1614,2.3824%,2.7988%,27.5388%,-0.0264909999999999,WYNN,89533.0,2019-02-05,252.0,2.2831%,-0.0009,1.2147,0.7203,-0.1713,2.3851%,2.7992%,27.3980%,0.017131,WYNN,89533.0,2019-02-06,252.0,3.3168%,-0.0008,1.2762,0.6998,-0.1056,2.3843%,2.8070%,27.8503%,0.035932,WYNN,89533.0,2019-02-07,252.0,-3.4766%,-0.0008,1.2995,0.679,-0.108,2.3798%,2.8141%,28.4818%,-0.021676,WYNN,89533.0,2019-02-08,252.0,-1.3162%,-0.0012,1.3045,0.6013,-0.1382,2.3142%,2.7609%,29.7446%,-0.015516,WYNN,89533.0,2019-02-11,252.0,-0.1677%,-0.0012,1.303,0.5946,-0.1426,2.3145%,2.7466%,28.9914%,-0.007254,WYNN,89533.0,2019-02-12,252.0,0.9040%,-0.0011,1.317,0.5708,-0.1312,2.3067%,2.7451%,29.3933%,-0.009142,WYNN,89533.0,2019-02-13,252.0,1.1258%,-0.001,1.3342,0.5452,-0.1337,2.2968%,2.7434%,29.9079%,0.00722,WYNN,89533.0,2019-02-14,252.0,-2.6421%,-0.0011,1.3399,0.5306,-0.117,2.3024%,2.7474%,29.7701%,-0.02733,WYNN,89533.0,2019-02-15,252.0,0.8750%,-0.001,1.3526,0.5414,-0.0973,2.2991%,2.7480%,29.9995%,-0.007256,WYNN,-0.0017569999999999,0.015374,0.051306,0.014114,-0.029648
39459,SELECT SECTOR SPDR TRUST,Treasury Secretary Mnuchin Issues Statement On Senate Banking Committee Chair Crapo's Housing Finance Reform Outline,6,uncertain,0.5,0.5,"the statement regarding housing finance reform may have mixed implications for the market, making the impact on select sector spdr trust's stock price uncertain.",1,2019-02-01,XLF,2019-02-01 19:08:00+00:00,86455.0,81369Y60,0.0042405049316585,42920281.0,0.004222672432661,-0.001539607765153,-0.0026758292224258,0.0058071860112249,-0.0011498921085149,-0.0034722280688583,-0.0099769849330186,-0.0030769200529903,-0.0050387275405228,0.0081426547840237,0.00311647541821,0.0023319616448134,0.0147572485730052,0.0011672676773741,0.0026789745315909,-0.0115384319797158,-0.0122138010337948,0.0172144193202257,0.0212519764900207,0.0055074505507946,0.0015133941778913,0.0212937202304601,0.0064223678782582,0.0089176855981349,-0.0052552325651049,0.0069387787953019,-0.0015094685368239,0.002454969799146,0.0041572414338588,0.0004093421448487,-0.0030109116341918,0.0049362750723958,0.0037750238552689,0.0008233243715949,-0.0026325571816414,0.0012366317678242,0.0064102592878043,0.0332197919487953,-0.0063694296404719,-0.0224813036620616,-0.003770753275603,0.0083963377401232,-0.0064345221035182,0.0097498744726181,-0.0102857314050197,-0.0004237385001033,-0.0003849202767014,0.0120068909600377,0.0103966295719146,0.0452711917459964,0.0022865650244057,-0.0210619326680898,0.0068441182374954,-0.0198740046471357,0.0037764494773,-0.0088945776224136,0.0069472244940698,-0.0125470198690891,0.0101389586925506,-0.0037500064354389,-0.0078066573478281,-0.0099009806290268,-0.0206070113927125,-0.009803912602365,-0.0030604409985244,-0.0072992825880646,-0.0276285242289304,0.0057095997035503,-0.0043409871868789,-0.0096930442377924,0.0118906516581773,-0.0139386849477887,-0.0043086800724267,-0.0191406160593032,0.0086545757949352,-0.0138674387708306,0.0027300973888486,-0.0434782728552818,0.0245041269809007,0.0063033029437065,-0.0007593188202008,0.0052180169150233,0.0030395109206438,-0.0084996139630675,0.0060606002807617,0.019209049642086,0.0015060586156323,0.0007538088830187,0.001127773663029,0.0203846413642168,-0.0082613341510295,-0.0080121746286749,0.0030291527509689,0.0007635948713868,0.0060400092042982,-0.0220313724130392,0.0183864831924438,-0.0003732821496669,-0.0062638199888169,0.0011211019009351,0.0140897696837782,0.0147895095869898,0.0025594038888812,-0.0134679647162556,-0.0029175756499171,0.0056433263234794,-0.0029261128511279,-0.0199115369468927,0.0062362463213503,-0.0091340877115726,-0.0010937181068584,0.0029314737766981,0.001824859296903,0.0129918474704027,0.0091074677184224,0.0052239289507269,0.010108258575201,0.0159211549907922,0.0014296253211796,-0.00075759307947,0.004222672432661,-0.001539607765153,0.0015355440599431,0.0042586374573954,0.0003838862414313,0.0007716224280223,-0.0145872999503169,0.005816192363341,0.0145873732583561,0.0204563519953755,0.0378511974716986,0.0877075803878497,0.0810628782691629,-0.0111749138578342,2019-02-04,2019-02-05,2019-02-06,2019-02-07,2019-02-08,2019-02-11,2019-02-12,2019-02-13,2019-02-14,2019-02-15,86455.0,2019-02-01,252.0,0.4241%,0.0,1.137,-0.1471,0.8957,0.3697%,1.2611%,91.4045%,-0.001499,XLF,86455.0,2019-02-04,252.0,0.4223%,0.0,1.1363,-0.1483,0.8919,0.3688%,1.2599%,91.4328%,0.000763,XLF,86455.0,2019-02-05,252.0,-0.2676%,-0.0,1.1406,-0.146,0.8982,0.3678%,1.2526%,91.3772%,-0.002429,XLF,86455.0,2019-02-06,252.0,-0.1150%,-0.0,1.1437,-0.147,0.9015,0.3676%,1.2119%,90.7976%,0.000616,XLF,86455.0,2019-02-07,252.0,-0.9977%,-0.0,1.1445,-0.1467,0.9007,0.3682%,1.2079%,90.7093%,-0.0031469999999999,XLF,86455.0,2019-02-08,252.0,-0.5039%,-0.0,1.1446,-0.1503,0.8987,0.3673%,1.2083%,90.7569%,0.000119,XLF,86455.0,2019-02-11,252.0,0.3116%,-0.0,1.1376,-0.1431,0.8989,0.3657%,1.1764%,90.3362%,0.000339,XLF,86455.0,2019-02-12,252.0,1.4757%,-0.0,1.1371,-0.142,0.8984,0.3656%,1.1738%,90.2985%,0.000743,XLF,86455.0,2019-02-13,252.0,0.2679%,-0.0,1.1367,-0.1417,0.8982,0.3657%,1.1705%,90.2408%,-0.001149,XLF,86455.0,2019-02-14,252.0,-1.2214%,-0.0001,1.1374,-0.144,0.901,0.3660%,1.1726%,90.2579%,-0.00398,XLF,86455.0,2019-02-15,252.0,2.1252%,-0.0,1.1383,-0.1428,0.903,0.3667%,1.1707%,90.1877%,0.004334,XLF,-0.000736,-0.003165,-0.002549,-0.0055769999999999,-0.00529
39467,EXXON MOBIL CORP,"Jobs Report Beats Expectations, Adding To Week Of Market-Boosting Economic News",6,increase,0.7,0.6,"a positive jobs report typically indicates economic growth, which can lead to increased demand for energy and subsequently boost exxon mobil corp's stock price.",2,2019-02-01,XOM,2019-02-01 15:27:00+00:00,11850.0,30231G10,0.036026194691658,22968697.0,-0.0144889159128069,0.013694810681045,0.0102913212031126,0.0109075475484132,-0.0043655801564455,0.0037900656461715,-0.0077066412195563,-0.0066927406005561,0.0016068966360762,0.0044817882589995,0.0016219939570873,0.001402503112331,0.017543900758028,-0.0082069318741559,0.0112731894478201,-0.0150705371052026,0.0002622510655783,0.0119229257106781,0.0188803263008594,0.0068397247232496,0.0066916006617248,-0.000418568146415,0.0038347872905433,0.000558438070584,-0.0090411193668842,-0.0012549353996291,0.0077100805938243,-0.0045801778323948,0.0010201713303104,-0.0051090186461806,0.0020382632501423,0.0052748089656233,0.0102974511682987,0.0072707533836364,-0.0055367113091051,0.0052002123557031,0.0122738359495997,0.0368696972727775,0.0038749694358557,-0.0153537048026919,-0.0014941492117941,0.0219973586499691,-0.0113480938598513,0.0002934468793682,0.0110999606549739,-0.0111691942438483,-0.0143463257700204,0.0043706740252673,0.0097455587238073,0.0477789230644702,0.0027575986459851,-0.0383147448301315,0.0088749881833791,-0.0074310726486146,-0.0033452687785029,-0.0303758345544338,-0.0036051827482879,-0.0169444605708122,0.0116032473742961,-0.0275526866316795,-0.0025900232139974,-0.0203757733106613,0.0055644484236836,-0.0181865617632865,0.0057796509936451,0.0126283448189497,-0.016016598790884,-0.0086072469130158,-0.0069583146832883,0.0018291010055691,0.0130130248144269,-0.0141679346561431,-0.0076581370085477,-0.0095675466582179,0.0049788593314588,-0.0130933010950684,0.0007431903504766,-0.0220389179885387,0.0115099046379327,0.0216352362185716,-0.0042824675329029,0.0055654244497418,-0.0058982027694582,0.007775661535561,0.0142150986939668,0.0181699395179748,0.0053625204600393,0.0009093231055885,0.0061825937591493,0.0197377875447273,-0.0128915626555681,-0.0266890116035938,-0.0045160837471485,0.0076652765274047,0.0047817486338317,-0.0284019187092781,-0.012568624690175,0.0032928336877375,-0.0033365874551236,0.0098477629944682,0.0068195341154932,0.0103372922167182,0.0028325538150966,-0.0078205205500125,-0.0036841833498328,-0.0229237359017133,0.0218168906867504,-0.0128601565957069,0.0057900571264326,-0.0002447233418934,-0.0194290615618228,-0.0158978644758462,0.0056262118741869,0.0126844849437475,-0.0210411492735147,0.0042870952747762,-0.0064603881910443,-0.0037827647756785,0.003876422997564,0.0158670973032712,-0.0144889159128069,0.013694810681045,-0.0043467047972379,0.0247517350281283,-0.0086933090654747,0.0286356113749131,-0.0147523028039304,0.0263304926771494,0.0349228731007336,0.0228922303635927,0.0798037489283458,-0.0102647497597972,0.069149504403239,-0.0823969284630651,2019-02-04,2019-02-05,2019-02-06,2019-02-07,2019-02-08,2019-02-11,2019-02-12,2019-02-13,2019-02-14,2019-02-15,11850.0,2019-02-01,252.0,3.6026%,-0.0,0.9579,-0.0092,0.6061,0.9964%,1.4145%,50.3850%,0.032058,XOM,11850.0,2019-02-04,252.0,-1.4489%,-0.0002,0.951,-0.0272,0.5944,0.9976%,1.4114%,50.0400%,-0.018654,XOM,11850.0,2019-02-05,252.0,1.0291%,-0.0,0.9256,-0.0395,0.5597,0.9823%,1.3763%,49.0640%,0.009647,XOM,11850.0,2019-02-06,252.0,-0.4366%,0.0,0.8978,-0.0305,0.5319,0.9767%,1.3290%,45.9935%,-0.002825,XOM,11850.0,2019-02-07,252.0,-0.7707%,0.0001,0.9166,-0.0538,0.5342,0.9560%,1.3255%,47.9814%,-0.001571,XOM,11850.0,2019-02-08,252.0,0.1607%,0.0002,0.9154,-0.0406,0.538,0.9513%,1.3206%,48.1121%,0.004395,XOM,11850.0,2019-02-11,252.0,0.1622%,0.0001,0.9413,-0.0665,0.5376,0.9427%,1.3187%,48.8973%,-0.000729,XOM,11850.0,2019-02-12,252.0,1.7544%,0.0002,0.9489,-0.0721,0.5424,0.9419%,1.3226%,49.2813%,0.0055689999999999,XOM,11850.0,2019-02-13,252.0,1.1273%,0.0002,0.9517,-0.0736,0.5441,0.9430%,1.3234%,49.2263%,0.00818,XOM,11850.0,2019-02-14,252.0,0.0262%,0.0003,0.9506,-0.0705,0.5403,0.9434%,1.3234%,49.1825%,0.0056999999999999,XOM,11850.0,2019-02-15,252.0,1.8880%,0.0003,0.9667,-0.0555,0.5673,0.9390%,1.3285%,50.0451%,0.005621,XOM,0.013404,0.023051,0.020226,0.02305,0.0473909999999999
39475,EXXON MOBIL CORP,Exxon Mobil CEO Darren Woods Says Anticipates An Economic Growth Slowdown,6,decrease,0.7,0.6,"anticipation of an economic growth slowdown typically leads to concerns about reduced demand for oil and gas, which could negatively impact exxon mobil's stock price.",0,2019-02-01,XOM,2019-02-01 13:23:00+00:00,11850.0,30231G10,0.036026194691658,22968697.0,-0.0144889159128069,0.013694810681045,0.0102913212031126,0.0109075475484132,-0.0043655801564455,0.0037900656461715,-0.0077066412195563,-0.0066927406005561,0.0016068966360762,0.0044817882589995,0.0016219939570873,0.001402503112331,0.017543900758028,-0.0082069318741559,0.0112731894478201,-0.0150705371052026,0.0002622510655783,0.0119229257106781,0.0188803263008594,0.0068397247232496,0.0066916006617248,-0.000418568146415,0.0038347872905433,0.000558438070584,-0.0090411193668842,-0.0012549353996291,0.0077100805938243,-0.0045801778323948,0.0010201713303104,-0.0051090186461806,0.0020382632501423,0.0052748089656233,0.0102974511682987,0.0072707533836364,-0.0055367113091051,0.0052002123557031,0.0122738359495997,0.0368696972727775,0.0038749694358557,-0.0153537048026919,-0.0014941492117941,0.0219973586499691,-0.0113480938598513,0.0002934468793682,0.0110999606549739,-0.0111691942438483,-0.0143463257700204,0.0043706740252673,0.0097455587238073,0.0477789230644702,0.0027575986459851,-0.0383147448301315,0.0088749881833791,-0.0074310726486146,-0.0033452687785029,-0.0303758345544338,-0.0036051827482879,-0.0169444605708122,0.0116032473742961,-0.0275526866316795,-0.0025900232139974,-0.0203757733106613,0.0055644484236836,-0.0181865617632865,0.0057796509936451,0.0126283448189497,-0.016016598790884,-0.0086072469130158,-0.0069583146832883,0.0018291010055691,0.0130130248144269,-0.0141679346561431,-0.0076581370085477,-0.0095675466582179,0.0049788593314588,-0.0130933010950684,0.0007431903504766,-0.0220389179885387,0.0115099046379327,0.0216352362185716,-0.0042824675329029,0.0055654244497418,-0.0058982027694582,0.007775661535561,0.0142150986939668,0.0181699395179748,0.0053625204600393,0.0009093231055885,0.0061825937591493,0.0197377875447273,-0.0128915626555681,-0.0266890116035938,-0.0045160837471485,0.0076652765274047,0.0047817486338317,-0.0284019187092781,-0.012568624690175,0.0032928336877375,-0.0033365874551236,0.0098477629944682,0.0068195341154932,0.0103372922167182,0.0028325538150966,-0.0078205205500125,-0.0036841833498328,-0.0229237359017133,0.0218168906867504,-0.0128601565957069,0.0057900571264326,-0.0002447233418934,-0.0194290615618228,-0.0158978644758462,0.0056262118741869,0.0126844849437475,-0.0210411492735147,0.0042870952747762,-0.0064603881910443,-0.0037827647756785,0.003876422997564,0.0158670973032712,-0.0144889159128069,0.013694810681045,-0.0043467047972379,0.0247517350281283,-0.0086933090654747,0.0286356113749131,-0.0147523028039304,0.0263304926771494,0.0349228731007336,0.0228922303635927,0.0798037489283458,-0.0102647497597972,0.069149504403239,-0.0823969284630651,2019-02-04,2019-02-05,2019-02-06,2019-02-07,2019-02-08,2019-02-11,2019-02-12,2019-02-13,2019-02-14,2019-02-15,11850.0,2019-02-01,252.0,3.6026%,-0.0,0.9579,-0.0092,0.6061,0.9964%,1.4145%,50.3850%,0.032058,XOM,11850.0,2019-02-04,252.0,-1.4489%,-0.0002,0.951,-0.0272,0.5944,0.9976%,1.4114%,50.0400%,-0.018654,XOM,11850.0,2019-02-05,252.0,1.0291%,-0.0,0.9256,-0.0395,0.5597,0.9823%,1.3763%,49.0640%,0.009647,XOM,11850.0,2019-02-06,252.0,-0.4366%,0.0,0.8978,-0.0305,0.5319,0.9767%,1.3290%,45.9935%,-0.002825,XOM,11850.0,2019-02-07,252.0,-0.7707%,0.0001,0.9166,-0.0538,0.5342,0.9560%,1.3255%,47.9814%,-0.001571,XOM,11850.0,2019-02-08,252.0,0.1607%,0.0002,0.9154,-0.0406,0.538,0.9513%,1.3206%,48.1121%,0.004395,XOM,11850.0,2019-02-11,252.0,0.1622%,0.0001,0.9413,-0.0665,0.5376,0.9427%,1.3187%,48.8973%,-0.000729,XOM,11850.0,2019-02-12,252.0,1.7544%,0.0002,0.9489,-0.0721,0.5424,0.9419%,1.3226%,49.2813%,0.0055689999999999,XOM,11850.0,2019-02-13,252.0,1.1273%,0.0002,0.9517,-0.0736,0.5441,0.9430%,1.3234%,49.2263%,0.00818,XOM,11850.0,2019-02-14,252.0,0.0262%,0.0003,0.9506,-0.0705,0.5403,0.9434%,1.3234%,49.1825%,0.0056999999999999,XOM,11850.0,2019-02-15,252.0,1.8880%,0.0003,0.9667,-0.0555,0.5673,0.9390%,1.3285%,50.0451%,0.005621,XOM,0.013404,0.023051,0.020226,0.02305,0.0473909999999999
39483,EXXON MOBIL CORP,Exxon Mobile shares are trading higher after the company reported Q4 EPS of $1.41 versus the $1.17 analyst estimate.,6,increase,0.85,0.7,"the better-than-expected earnings per share (eps) typically lead to positive investor sentiment, which is likely to drive the stock price higher.",2,2019-02-01,XOM,2019-02-01 13:09:00+00:00,11850.0,30231G10,0.036026194691658,22968697.0,-0.0144889159128069,0.013694810681045,0.0102913212031126,0.0109075475484132,-0.0043655801564455,0.0037900656461715,-0.0077066412195563,-0.0066927406005561,0.0016068966360762,0.0044817882589995,0.0016219939570873,0.001402503112331,0.017543900758028,-0.0082069318741559,0.0112731894478201,-0.0150705371052026,0.0002622510655783,0.0119229257106781,0.0188803263008594,0.0068397247232496,0.0066916006617248,-0.000418568146415,0.0038347872905433,0.000558438070584,-0.0090411193668842,-0.0012549353996291,0.0077100805938243,-0.0045801778323948,0.0010201713303104,-0.0051090186461806,0.0020382632501423,0.0052748089656233,0.0102974511682987,0.0072707533836364,-0.0055367113091051,0.0052002123557031,0.0122738359495997,0.0368696972727775,0.0038749694358557,-0.0153537048026919,-0.0014941492117941,0.0219973586499691,-0.0113480938598513,0.0002934468793682,0.0110999606549739,-0.0111691942438483,-0.0143463257700204,0.0043706740252673,0.0097455587238073,0.0477789230644702,0.0027575986459851,-0.0383147448301315,0.0088749881833791,-0.0074310726486146,-0.0033452687785029,-0.0303758345544338,-0.0036051827482879,-0.0169444605708122,0.0116032473742961,-0.0275526866316795,-0.0025900232139974,-0.0203757733106613,0.0055644484236836,-0.0181865617632865,0.0057796509936451,0.0126283448189497,-0.016016598790884,-0.0086072469130158,-0.0069583146832883,0.0018291010055691,0.0130130248144269,-0.0141679346561431,-0.0076581370085477,-0.0095675466582179,0.0049788593314588,-0.0130933010950684,0.0007431903504766,-0.0220389179885387,0.0115099046379327,0.0216352362185716,-0.0042824675329029,0.0055654244497418,-0.0058982027694582,0.007775661535561,0.0142150986939668,0.0181699395179748,0.0053625204600393,0.0009093231055885,0.0061825937591493,0.0197377875447273,-0.0128915626555681,-0.0266890116035938,-0.0045160837471485,0.0076652765274047,0.0047817486338317,-0.0284019187092781,-0.012568624690175,0.0032928336877375,-0.0033365874551236,0.0098477629944682,0.0068195341154932,0.0103372922167182,0.0028325538150966,-0.0078205205500125,-0.0036841833498328,-0.0229237359017133,0.0218168906867504,-0.0128601565957069,0.0057900571264326,-0.0002447233418934,-0.0194290615618228,-0.0158978644758462,0.0056262118741869,0.0126844849437475,-0.0210411492735147,0.0042870952747762,-0.0064603881910443,-0.0037827647756785,0.003876422997564,0.0158670973032712,-0.0144889159128069,0.013694810681045,-0.0043467047972379,0.0247517350281283,-0.0086933090654747,0.0286356113749131,-0.0147523028039304,0.0263304926771494,0.0349228731007336,0.0228922303635927,0.0798037489283458,-0.0102647497597972,0.069149504403239,-0.0823969284630651,2019-02-04,2019-02-05,2019-02-06,2019-02-07,2019-02-08,2019-02-11,2019-02-12,2019-02-13,2019-02-14,2019-02-15,11850.0,2019-02-01,252.0,3.6026%,-0.0,0.9579,-0.0092,0.6061,0.9964%,1.4145%,50.3850%,0.032058,XOM,11850.0,2019-02-04,252.0,-1.4489%,-0.0002,0.951,-0.0272,0.5944,0.9976%,1.4114%,50.0400%,-0.018654,XOM,11850.0,2019-02-05,252.0,1.0291%,-0.0,0.9256,-0.0395,0.5597,0.9823%,1.3763%,49.0640%,0.009647,XOM,11850.0,2019-02-06,252.0,-0.4366%,0.0,0.8978,-0.0305,0.5319,0.9767%,1.3290%,45.9935%,-0.002825,XOM,11850.0,2019-02-07,252.0,-0.7707%,0.0001,0.9166,-0.0538,0.5342,0.9560%,1.3255%,47.9814%,-0.001571,XOM,11850.0,2019-02-08,252.0,0.1607%,0.0002,0.9154,-0.0406,0.538,0.9513%,1.3206%,48.1121%,0.004395,XOM,11850.0,2019-02-11,252.0,0.1622%,0.0001,0.9413,-0.0665,0.5376,0.9427%,1.3187%,48.8973%,-0.000729,XOM,11850.0,2019-02-12,252.0,1.7544%,0.0002,0.9489,-0.0721,0.5424,0.9419%,1.3226%,49.2813%,0.0055689999999999,XOM,11850.0,2019-02-13,252.0,1.1273%,0.0002,0.9517,-0.0736,0.5441,0.9430%,1.3234%,49.2263%,0.00818,XOM,11850.0,2019-02-14,252.0,0.0262%,0.0003,0.9506,-0.0705,0.5403,0.9434%,1.3234%,49.1825%,0.0056999999999999,XOM,11850.0,2019-02-15,252.0,1.8880%,0.0003,0.9667,-0.0555,0.5673,0.9390%,1.3285%,50.0451%,0.005621,XOM,0.013404,0.023051,0.020226,0.02305,0.0473909999999999
39491,EXXON MOBIL CORP,Exxon Mobil Q4 EPS $1.41 Beats $1.17 Estimate,6,increase,0.8,0.7,"beating earnings estimates typically signals strong financial performance, which can lead to an increase in stock price.",2,2019-02-01,XOM,2019-02-01 13:01:00+00:00,11850.0,30231G10,0.036026194691658,22968697.0,-0.0144889159128069,0.013694810681045,0.0102913212031126,0.0109075475484132,-0.0043655801564455,0.0037900656461715,-0.0077066412195563,-0.0066927406005561,0.0016068966360762,0.0044817882589995,0.0016219939570873,0.001402503112331,0.017543900758028,-0.0082069318741559,0.0112731894478201,-0.0150705371052026,0.0002622510655783,0.0119229257106781,0.0188803263008594,0.0068397247232496,0.0066916006617248,-0.000418568146415,0.0038347872905433,0.000558438070584,-0.0090411193668842,-0.0012549353996291,0.0077100805938243,-0.0045801778323948,0.0010201713303104,-0.0051090186461806,0.0020382632501423,0.0052748089656233,0.0102974511682987,0.0072707533836364,-0.0055367113091051,0.0052002123557031,0.0122738359495997,0.0368696972727775,0.0038749694358557,-0.0153537048026919,-0.0014941492117941,0.0219973586499691,-0.0113480938598513,0.0002934468793682,0.0110999606549739,-0.0111691942438483,-0.0143463257700204,0.0043706740252673,0.0097455587238073,0.0477789230644702,0.0027575986459851,-0.0383147448301315,0.0088749881833791,-0.0074310726486146,-0.0033452687785029,-0.0303758345544338,-0.0036051827482879,-0.0169444605708122,0.0116032473742961,-0.0275526866316795,-0.0025900232139974,-0.0203757733106613,0.0055644484236836,-0.0181865617632865,0.0057796509936451,0.0126283448189497,-0.016016598790884,-0.0086072469130158,-0.0069583146832883,0.0018291010055691,0.0130130248144269,-0.0141679346561431,-0.0076581370085477,-0.0095675466582179,0.0049788593314588,-0.0130933010950684,0.0007431903504766,-0.0220389179885387,0.0115099046379327,0.0216352362185716,-0.0042824675329029,0.0055654244497418,-0.0058982027694582,0.007775661535561,0.0142150986939668,0.0181699395179748,0.0053625204600393,0.0009093231055885,0.0061825937591493,0.0197377875447273,-0.0128915626555681,-0.0266890116035938,-0.0045160837471485,0.0076652765274047,0.0047817486338317,-0.0284019187092781,-0.012568624690175,0.0032928336877375,-0.0033365874551236,0.0098477629944682,0.0068195341154932,0.0103372922167182,0.0028325538150966,-0.0078205205500125,-0.0036841833498328,-0.0229237359017133,0.0218168906867504,-0.0128601565957069,0.0057900571264326,-0.0002447233418934,-0.0194290615618228,-0.0158978644758462,0.0056262118741869,0.0126844849437475,-0.0210411492735147,0.0042870952747762,-0.0064603881910443,-0.0037827647756785,0.003876422997564,0.0158670973032712,-0.0144889159128069,0.013694810681045,-0.0043467047972379,0.0247517350281283,-0.0086933090654747,0.0286356113749131,-0.0147523028039304,0.0263304926771494,0.0349228731007336,0.0228922303635927,0.0798037489283458,-0.0102647497597972,0.069149504403239,-0.0823969284630651,2019-02-04,2019-02-05,2019-02-06,2019-02-07,2019-02-08,2019-02-11,2019-02-12,2019-02-13,2019-02-14,2019-02-15,11850.0,2019-02-01,252.0,3.6026%,-0.0,0.9579,-0.0092,0.6061,0.9964%,1.4145%,50.3850%,0.032058,XOM,11850.0,2019-02-04,252.0,-1.4489%,-0.0002,0.951,-0.0272,0.5944,0.9976%,1.4114%,50.0400%,-0.018654,XOM,11850.0,2019-02-05,252.0,1.0291%,-0.0,0.9256,-0.0395,0.5597,0.9823%,1.3763%,49.0640%,0.009647,XOM,11850.0,2019-02-06,252.0,-0.4366%,0.0,0.8978,-0.0305,0.5319,0.9767%,1.3290%,45.9935%,-0.002825,XOM,11850.0,2019-02-07,252.0,-0.7707%,0.0001,0.9166,-0.0538,0.5342,0.9560%,1.3255%,47.9814%,-0.001571,XOM,11850.0,2019-02-08,252.0,0.1607%,0.0002,0.9154,-0.0406,0.538,0.9513%,1.3206%,48.1121%,0.004395,XOM,11850.0,2019-02-11,252.0,0.1622%,0.0001,0.9413,-0.0665,0.5376,0.9427%,1.3187%,48.8973%,-0.000729,XOM,11850.0,2019-02-12,252.0,1.7544%,0.0002,0.9489,-0.0721,0.5424,0.9419%,1.3226%,49.2813%,0.0055689999999999,XOM,11850.0,2019-02-13,252.0,1.1273%,0.0002,0.9517,-0.0736,0.5441,0.9430%,1.3234%,49.2263%,0.00818,XOM,11850.0,2019-02-14,252.0,0.0262%,0.0003,0.9506,-0.0705,0.5403,0.9434%,1.3234%,49.1825%,0.0056999999999999,XOM,11850.0,2019-02-15,252.0,1.8880%,0.0003,0.9667,-0.0555,0.5673,0.9390%,1.3285%,50.0451%,0.005621,XOM,0.013404,0.023051,0.020226,0.02305,0.0473909999999999
39499,EXXON MOBIL CORP,"Qatar, ExxonMobil To Proceed With $10B Golden Pass Liquefied Nat Gas Export Project In Texas",6,increase,0.8,0.7,"the announcement of a significant $10 billion liquefied natural gas export project indicates strong investment and growth potential for exxonmobil, likely boosting investor confidence and stock price.",2,2019-02-01,XOM,2019-02-01 12:06:00+00:00,11850.0,30231G10,0.036026194691658,22968697.0,-0.0144889159128069,0.013694810681045,0.0102913212031126,0.0109075475484132,-0.0043655801564455,0.0037900656461715,-0.0077066412195563,-0.0066927406005561,0.0016068966360762,0.0044817882589995,0.0016219939570873,0.001402503112331,0.017543900758028,-0.0082069318741559,0.0112731894478201,-0.0150705371052026,0.0002622510655783,0.0119229257106781,0.0188803263008594,0.0068397247232496,0.0066916006617248,-0.000418568146415,0.0038347872905433,0.000558438070584,-0.0090411193668842,-0.0012549353996291,0.0077100805938243,-0.0045801778323948,0.0010201713303104,-0.0051090186461806,0.0020382632501423,0.0052748089656233,0.0102974511682987,0.0072707533836364,-0.0055367113091051,0.0052002123557031,0.0122738359495997,0.0368696972727775,0.0038749694358557,-0.0153537048026919,-0.0014941492117941,0.0219973586499691,-0.0113480938598513,0.0002934468793682,0.0110999606549739,-0.0111691942438483,-0.0143463257700204,0.0043706740252673,0.0097455587238073,0.0477789230644702,0.0027575986459851,-0.0383147448301315,0.0088749881833791,-0.0074310726486146,-0.0033452687785029,-0.0303758345544338,-0.0036051827482879,-0.0169444605708122,0.0116032473742961,-0.0275526866316795,-0.0025900232139974,-0.0203757733106613,0.0055644484236836,-0.0181865617632865,0.0057796509936451,0.0126283448189497,-0.016016598790884,-0.0086072469130158,-0.0069583146832883,0.0018291010055691,0.0130130248144269,-0.0141679346561431,-0.0076581370085477,-0.0095675466582179,0.0049788593314588,-0.0130933010950684,0.0007431903504766,-0.0220389179885387,0.0115099046379327,0.0216352362185716,-0.0042824675329029,0.0055654244497418,-0.0058982027694582,0.007775661535561,0.0142150986939668,0.0181699395179748,0.0053625204600393,0.0009093231055885,0.0061825937591493,0.0197377875447273,-0.0128915626555681,-0.0266890116035938,-0.0045160837471485,0.0076652765274047,0.0047817486338317,-0.0284019187092781,-0.012568624690175,0.0032928336877375,-0.0033365874551236,0.0098477629944682,0.0068195341154932,0.0103372922167182,0.0028325538150966,-0.0078205205500125,-0.0036841833498328,-0.0229237359017133,0.0218168906867504,-0.0128601565957069,0.0057900571264326,-0.0002447233418934,-0.0194290615618228,-0.0158978644758462,0.0056262118741869,0.0126844849437475,-0.0210411492735147,0.0042870952747762,-0.0064603881910443,-0.0037827647756785,0.003876422997564,0.0158670973032712,-0.0144889159128069,0.013694810681045,-0.0043467047972379,0.0247517350281283,-0.0086933090654747,0.0286356113749131,-0.0147523028039304,0.0263304926771494,0.0349228731007336,0.0228922303635927,0.0798037489283458,-0.0102647497597972,0.069149504403239,-0.0823969284630651,2019-02-04,2019-02-05,2019-02-06,2019-02-07,2019-02-08,2019-02-11,2019-02-12,2019-02-13,2019-02-14,2019-02-15,11850.0,2019-02-01,252.0,3.6026%,-0.0,0.9579,-0.0092,0.6061,0.9964%,1.4145%,50.3850%,0.032058,XOM,11850.0,2019-02-04,252.0,-1.4489%,-0.0002,0.951,-0.0272,0.5944,0.9976%,1.4114%,50.0400%,-0.018654,XOM,11850.0,2019-02-05,252.0,1.0291%,-0.0,0.9256,-0.0395,0.5597,0.9823%,1.3763%,49.0640%,0.009647,XOM,11850.0,2019-02-06,252.0,-0.4366%,0.0,0.8978,-0.0305,0.5319,0.9767%,1.3290%,45.9935%,-0.002825,XOM,11850.0,2019-02-07,252.0,-0.7707%,0.0001,0.9166,-0.0538,0.5342,0.9560%,1.3255%,47.9814%,-0.001571,XOM,11850.0,2019-02-08,252.0,0.1607%,0.0002,0.9154,-0.0406,0.538,0.9513%,1.3206%,48.1121%,0.004395,XOM,11850.0,2019-02-11,252.0,0.1622%,0.0001,0.9413,-0.0665,0.5376,0.9427%,1.3187%,48.8973%,-0.000729,XOM,11850.0,2019-02-12,252.0,1.7544%,0.0002,0.9489,-0.0721,0.5424,0.9419%,1.3226%,49.2813%,0.0055689999999999,XOM,11850.0,2019-02-13,252.0,1.1273%,0.0002,0.9517,-0.0736,0.5441,0.9430%,1.3234%,49.2263%,0.00818,XOM,11850.0,2019-02-14,252.0,0.0262%,0.0003,0.9506,-0.0705,0.5403,0.9434%,1.3234%,49.1825%,0.0056999999999999,XOM,11850.0,2019-02-15,252.0,1.8880%,0.0003,0.9667,-0.0555,0.5673,0.9390%,1.3285%,50.0451%,0.005621,XOM,0.013404,0.023051,0.020226,0.02305,0.0473909999999999
39507,ZIONS BANCORPORATION N A,Zions Bancorp Reports $275M Buyback,6,increase,0.8,0.6,a $275 million buyback typically signals confidence in the company's financial health and can lead to an increase in stock price due to reduced share supply and positive investor sentiment.,2,2019-02-01,ZION,2019-02-01 20:49:00+00:00,84129.0,98970110,0.0147089883685112,2422305.0,0.01490986533463,-0.0081283738836646,-0.0036726484540849,-0.0055958642624318,0.0030718350317329,-0.0112704765051603,0.0065332725644111,0.0024650560226291,-0.0052737998776137,0.0016461282502859,0.0077487202361226,0.0101849483326077,0.009510344825685,0.033956628292799,-0.0008017666987143,-0.0110520822927355,-0.0125125925987958,0.0098733436316251,0.024116089567542,0.0183606594800949,0.0121732307597994,0.0209774281829595,0.011040961369872,0.0110559947788715,-0.007410243153572,0.0075016594491899,0.0053044524975121,0.0052560186013579,-0.0035176177043467,0.0048220227472484,-0.0111787309870123,0.0085687572136521,0.0130901169031858,0.0091142645105719,0.0003914769331458,0.0039887842722237,0.001369857112877,0.0307134333997964,-0.0060581895522773,-0.005531586240977,-0.0013763211900368,0.0206185597926378,-0.0220516379922628,0.007667607627809,-0.0193275436758995,-0.0007414428982883,-0.0002052622003247,-0.0012342443224042,0.0032854177989065,0.0519345663487911,0.0012279483489692,-0.0140809789299964,0.004088323097676,-0.0171112306416034,-0.0008142732549458,-0.0097183994948863,0.0016299514099955,-0.0154562629759311,0.0179007537662982,-0.0104394350200891,-0.021382886916399,-0.0084256688132882,-0.0379824489355087,-0.0225882139056921,-0.0225005596876144,-0.0279048755764961,-0.0523344166576862,0.0062140496447682,0.0025206373538821,-0.0176350623369216,0.0281142760068178,-0.0195078924298286,-0.0024455450475215,-0.0169971399009227,0.011143303476274,0.0,0.0008816600311547,-0.0516635663807392,0.0288483016192913,-0.005548714660108,0.0044948430731892,0.0093341786414384,0.0053270827047526,-0.0020700120367109,0.0105977104976773,0.0081386314705014,-0.0023070597089827,-0.0031204810366034,0.0010510665597394,0.0223309062421321,-0.015119643881917,-0.0019104256061837,0.0051172249950468,-0.0056986166164278,0.0076368395239114,-0.0230927616357803,0.0193683821707963,0.0014453787589445,-0.0159024503082037,0.001654639840126,0.0128016108646988,0.0104493210092186,0.0020721568726003,-0.0222721733152866,-0.0219189692288637,-0.0040453071705996,-0.0124735767021775,-0.0143540911376476,0.0456005372107029,-0.005156650673598,-0.0090089812874794,0.0142828226089477,-0.0008264651987701,0.0105712637305259,0.0080645037814974,0.0108918780460953,0.0137435523793101,0.0101723419502377,-0.00182105100248,0.0124000906944274,0.01490986533463,-0.0081283738836646,0.011182458186673,-0.0136787528691691,0.0142886438852047,-0.0247950633114976,0.0155311652389729,-0.0207818589279243,0.0439716320662979,0.0402185840446451,0.0425132875995928,0.155377562070857,0.027721451993383,0.0063413849819389,2019-02-04,2019-02-05,2019-02-06,2019-02-07,2019-02-08,2019-02-11,2019-02-12,2019-02-13,2019-02-14,2019-02-15,84129.0,2019-02-01,252.0,1.4709%,0.0003,1.2013,0.56,1.4434,0.9615%,1.6017%,63.9681%,0.007467,ZION,84129.0,2019-02-04,252.0,1.4910%,0.0003,1.2017,0.5626,1.4345,0.9619%,1.6006%,63.8854%,0.010112,ZION,84129.0,2019-02-05,252.0,-0.3673%,0.0003,1.214,0.5669,1.4482,0.9577%,1.5980%,64.0836%,0.000117,ZION,84129.0,2019-02-06,252.0,0.3072%,0.0003,1.2249,0.5633,1.4595,0.9572%,1.5715%,62.9010%,0.004686,ZION,84129.0,2019-02-07,252.0,0.6533%,0.0003,1.2207,0.5632,1.4625,0.9604%,1.5684%,62.5044%,0.012865,ZION,84129.0,2019-02-08,252.0,-0.5274%,0.0002,1.2209,0.538,1.4468,0.9454%,1.5583%,63.1871%,0.003337,ZION,84129.0,2019-02-11,252.0,0.7749%,0.0003,1.1828,0.5727,1.4456,0.9271%,1.5104%,62.3217%,-0.000939,ZION,84129.0,2019-02-12,252.0,0.9510%,0.0003,1.1785,0.5747,1.443,0.9274%,1.5071%,62.1385%,-0.004333,ZION,84129.0,2019-02-13,252.0,-0.0802%,0.0003,1.1783,0.5727,1.4413,0.9281%,1.5063%,62.0389%,-0.0055569999999999,ZION,84129.0,2019-02-14,252.0,-1.2513%,0.0003,1.1797,0.5701,1.4438,0.9284%,1.5083%,62.1116%,-0.004757,ZION,84129.0,2019-02-15,252.0,2.4116%,0.0002,1.1592,0.5519,1.4108,0.9133%,1.4786%,61.8499%,0.00233,ZION,0.017579,0.017696,0.022382,0.038584,0.0253279999999999
39515,AUTODESK INC,"RBC Capital Maintains Outperform on Autodesk, Raises Price Target to $175",6,increase,0.8,0.6,maintaining an 'outperform' rating and raising the price target typically signals positive sentiment and potential for stock price appreciation.,2,2019-02-25,ADSK,2019-02-25 14:36:00+00:00,85631.0,05276910,0.0150455581024289,1975931.0,-0.0038428991101682,0.010511121712625,0.0059396317228674,0.0001877270260592,-0.0077307298779487,-0.0054766596294939,-0.0198760218918323,0.0020579143892973,-0.0123928831890225,0.0025634842459112,-0.019519530236721,-0.0005623716861009,-0.0077565261162817,0.0030713647138327,-0.0048204693011939,0.0321536250412464,-0.0026183750014752,0.0016849832609295,0.0109601514413952,0.0249070134013891,0.0049987295642495,-0.0112949907779693,-0.0092370826750993,-0.0009185106609947,-0.0014996151439845,0.0054753073491156,0.0008488729363307,0.0169047359377145,0.0037187326233834,0.012703875079751,0.0081247966736555,0.0082191573455929,-0.0050935428589582,0.0416666381061077,0.0292269438505172,-0.0043333140201866,-0.0289636440575122,-0.0092201400548219,0.003047602251172,0.0443219318985939,0.0078867487609386,-0.0104735065251588,-0.0180232021957635,-0.0112900333479046,-0.000457265326986,-0.0188386254012584,0.018231775611639,0.0383149869740009,0.0513412877917289,0.0088691571727395,0.003235250711441,-0.0042684855870902,0.0139944488182663,0.0083859357982873,-0.009600905701518,-0.0145532060414552,0.0077552180737257,0.0002194336702814,0.0024650013074278,-0.0004386748187243,0.0019191079773008,0.0216628760099411,0.0203520245850086,0.0086648119613528,0.0083303889259696,0.0346118062734603,-5.823693936690688e-05,0.0527698025107383,0.0052365693263709,-0.0551334358751773,-0.0005788395064882,0.0027214533183723,-0.0268720649182796,0.0108464770019054,0.0069630313664674,-0.0014127643080428,0.0174349695444107,0.0117525877431035,0.0181818474084138,0.0643171146512031,0.0058763050474226,-0.0164588801562786,-0.005615054629743,-0.0370607301592826,0.0095254285261034,-0.0249746702611446,-0.0017515837680548,-0.0187624208629131,0.0086598033085465,0.026007741689682,-0.0237921848893165,-0.0321673266589641,-0.0035063552204519,-0.0300214439630508,0.0192662458866834,-0.016111372038722,-0.008036209270358,0.0292821265757083,-0.026015505194664,-0.0085173239931464,0.0046274210326373,0.0184807777404785,-0.0005247294320724,-0.0540173538029193,0.0137090543285012,0.0021453308872878,-0.0508719086647033,-0.0552628561854362,0.0304978732019662,0.0243598911911249,0.0197693593800067,-0.0072140367701649,0.0193860214203596,0.0166946034878492,-0.0133008314296603,0.0214041098952293,-0.0213388465344905,0.0097982753068208,0.0212179534137249,0.0460471808910369,-0.0038428991101682,0.010511121712625,0.0020739072072366,0.0107008219603039,-0.0056728554871231,0.0051655575711775,-0.0375137798598295,0.0098161309887552,-0.0603880012276863,0.072728460751704,0.0170794358735681,0.180887544559624,0.0627668184671217,0.2171979218811826,2019-02-26,2019-02-27,2019-02-28,2019-03-01,2019-03-04,2019-03-05,2019-03-06,2019-03-07,2019-03-08,2019-03-11,85631.0,2019-02-25,252.0,1.5046%,0.001,1.4902,0.4348,-0.9934,1.7434%,2.6207%,55.7445%,0.012078,ADSK,85631.0,2019-02-26,252.0,-0.3843%,0.001,1.491,0.4382,-0.991,1.7435%,2.6174%,55.6260%,-0.002054,ADSK,85631.0,2019-02-27,252.0,0.5940%,0.001,1.4909,0.4388,-0.991,1.7436%,2.6159%,55.5731%,0.002476,ADSK,85631.0,2019-02-28,252.0,-0.7731%,0.0009,1.4987,0.444,-0.9838,1.7424%,2.6160%,55.6352%,-0.005774,ADSK,85631.0,2019-03-01,252.0,-1.9876%,0.0007,1.5069,0.456,-0.9541,1.7499%,2.6187%,55.3482%,-0.035979,ADSK,85631.0,2019-03-04,252.0,-1.2393%,0.0007,1.5018,0.4727,-0.9528,1.7485%,2.6156%,55.3083%,0.000898,ADSK,85631.0,2019-03-05,252.0,-1.9520%,0.0007,1.5067,0.4987,-0.9424,1.7517%,2.6179%,55.2265%,-0.017878,ADSK,85631.0,2019-03-06,252.0,-0.7757%,0.0007,1.497,0.4809,-0.9557,1.7519%,2.6152%,55.1236%,0.01147,ADSK,85631.0,2019-03-07,252.0,-0.4820%,0.0007,1.4952,0.4796,-0.9586,1.7521%,2.6151%,55.1116%,0.004548,ADSK,85631.0,2019-03-08,252.0,-0.2618%,0.0001,1.5049,0.3247,-0.9349,1.5120%,2.4432%,61.6995%,-0.001288,ADSK,85631.0,2019-03-11,252.0,1.0960%,0.0001,1.4962,0.3072,-0.9405,1.5146%,2.4439%,61.5902%,-0.017584,ADSK,0.010024,0.0125,0.006726,-0.028355,-0.049087
39523,FIRST MAJESTIC SILVER CORP,"First Majestic Silver Corp. Ordinary Shares (Canada) Q4 EPS $(0.05) Misses $0.01 Estimate, Sales $74.1M Up From $61.2M YoY",6,decrease,0.7,0.5,"the earnings miss indicates weaker-than-expected performance, which is likely to negatively impact investor sentiment and lead to a decrease in stock price.",0,2019-02-25,AG,2019-02-25 12:21:00+00:00,12447.0,32076V10,0.0516717545688152,4270499.0,0.0158959720283746,0.004580111708492,-0.035561878234148,-0.0165164656937122,-0.00589976971969,0.0075642531737685,-0.0578634850680828,0.0678513869643211,0.0078740455210208,0.0231404732912778,0.0093749910593032,0.0219594780355691,-0.0232198294252157,-0.0016862988704815,0.0285261217504739,-0.0100166853517293,0.0446841977536678,-0.0066335718147456,-0.0221239067614078,0.0290102511644363,0.0361990593373775,-0.029801296070218,0.0131004592403769,-0.0114566562697291,-0.0488505959510803,0.009917345829308,0.0151057261973619,0.008333365432918,-0.0104166213423013,-0.01960782520473,0.0180450957268476,0.0217028576880693,0.0192023795098066,0.0309810377657413,0.0057970960624516,0.0356505885720253,-0.0072046383284032,0.010810799896717,0.0377358831465244,0.0551330707967281,-0.0041958335787057,0.0174081530421972,-0.0308988466858863,0.0019380289595574,-0.0405797399580478,0.0019416994182392,-0.0060422904789447,-0.0190476011484861,-0.0395136401057243,0.0,-0.0031645537819713,-0.0241635888814926,0.0063491999171674,-0.1003344282507896,0.0331230349838733,0.0,-0.015267233364284,-0.0132013075053691,0.0139535125344991,-0.0241546053439378,0.0091743031516671,0.0130505580455064,-0.0181818008422851,0.0115511836484074,-0.0277777519077062,-0.0241546053439378,-0.0047619380056858,-0.0142857376486063,0.0015949328662827,0.0465116612613201,-0.0334394946694374,0.0220713280141353,-0.0049423738382756,0.0243478026241064,0.0049669221043586,-0.0368508882820606,-0.0280066020786762,0.0170357599854469,0.0084745278581976,0.0190971624106168,0.0067226830869913,0.0378378443419933,0.003338974667713,-0.0053762961179018,0.051580686122179,0.0730769485235214,-0.0379747226834297,-0.0893170237541198,0.00986841134727,0.0477064661681652,-0.0276873093098402,0.0582523718476295,-0.0385259687900543,-0.024621233344078,0.0156794693320989,-0.0056496672332286,0.0,0.0391389057040214,0.0343053676187992,-0.0038986317813396,-0.031509131193161,-0.0019454770954325,0.027397233992815,0.0468431822955608,-0.0199999809265136,-0.006072917021811,0.0323129333555698,0.0061100227758288,-0.0230643060058355,0.0229165945202112,0.0,-0.0163934268057346,-0.021922368556261,-0.0141413528472185,0.010344817303121,0.0355647690594196,-0.0085324551910161,-0.0164608899503946,-0.0068846750073134,-0.0451866425573825,0.0158959720283746,0.004580111708492,-0.0202311968274598,-0.0120120012431268,-0.0260116071447141,-0.004538609887885,-0.0751445093432793,0.0876032608875347,-0.0419075139163369,0.1228668568628361,-0.0549133133414391,0.0595813068260382,-0.1661849898978923,0.2927308062675098,2019-02-26,2019-02-27,2019-02-28,2019-03-01,2019-03-04,2019-03-05,2019-03-06,2019-03-07,2019-03-08,2019-03-11,12447.0,2019-02-25,252.0,5.1672%,0.0014,0.1744,1.1841,0.5922,3.0048%,3.0656%,3.9227%,0.055542,AG,12447.0,2019-02-26,252.0,1.5896%,0.0014,0.1654,1.1591,0.5728,3.0084%,3.0668%,3.7746%,0.025607,AG,12447.0,2019-02-27,252.0,-3.5562%,0.0012,0.1608,1.1559,0.5719,3.0178%,3.0756%,3.7204%,-0.037326,AG,12447.0,2019-02-28,252.0,-0.5900%,0.0014,0.1422,1.1429,0.5597,3.0091%,3.0652%,3.6286%,-0.004303,AG,12447.0,2019-03-01,252.0,-5.7863%,0.0012,0.1254,1.1177,0.562,3.0335%,3.0866%,3.4067%,-0.060053,AG,12447.0,2019-03-04,252.0,0.7874%,0.0011,0.1369,1.0709,0.561,3.0293%,3.0782%,3.1556%,0.0107149999999999,AG,12447.0,2019-03-05,252.0,0.9375%,0.0012,0.1362,1.074,0.5557,3.0301%,3.0785%,3.1218%,0.014184,AG,12447.0,2019-03-06,252.0,-2.3220%,0.0011,0.1314,1.1022,0.5542,3.0289%,3.0808%,3.3417%,-0.008856,AG,12447.0,2019-03-07,252.0,2.8526%,0.001,0.1052,1.0339,0.4999,3.0192%,3.0641%,2.9100%,0.032114,AG,12447.0,2019-03-08,252.0,4.4684%,0.0013,0.0958,1.0891,0.482,3.0159%,3.0646%,3.1494%,0.045158,AG,12447.0,2019-03-11,252.0,-2.2124%,0.0012,0.0818,1.0888,0.4891,3.0195%,3.0679%,3.1305%,-0.025056,AG,0.081149,0.043823,0.03952,-0.009818,0.0477259999999999
39531,AGIOS PHARMACEUTICALS INC,Agios Pharma Gives an Update on its Phase 1 Study of Ivosidenib in Combination with Azacitidine,6,uncertain,0.6,0.5,"the update on the phase 1 study could be positive or negative depending on the results and market perception, leading to uncertainty in stock price movement.",1,2019-02-25,AGIO,2019-02-25 12:20:00+00:00,14044.0,00847X10,0.0592932030558586,689663.0,0.0133119784295558,0.0486370846629142,0.0310224611312151,-0.0302349682897329,-0.0041448669508099,0.0029457977507263,0.043163176625967,-0.0266487058252096,-0.0025121644139289,0.032567098736763,-0.0031110974960029,0.0627429112792015,-0.0610789209604263,-0.0138711826875805,-0.0022158813662827,0.0131286811083555,-0.0188769418746233,0.0134932762011885,0.0404203720390796,0.0081239426508545,0.0024864594452083,-0.0485349744558334,0.02185701392591,0.0196114312857389,-0.0365594662725925,0.0049732998013496,0.0236183889210224,0.0077965841628611,-0.0026150713674724,0.0050373221747577,0.0050894794985651,0.0381560586392879,-0.0139634199440479,0.0268496889621019,0.0206970777362585,-0.0043564597144722,-0.0503124818205833,-0.0329375937581062,0.0073847980238497,0.0055844583548605,0.0506772957742214,-0.0019219388486817,-0.031851939857006,-0.0045915758237242,0.025223258882761,-0.0647700652480125,0.0305623468011617,-0.0056929318234324,-0.0441874749958515,0.0001779060694389,0.0341297648847103,0.0033922949805855,-0.0009001677972264,0.029974203556776,-0.0021020930726081,-0.0047583882696926,0.02467648871243,-0.0153181161731481,-0.0264316517859697,0.0296901520341634,-0.0268477573990821,0.0167924407869577,-0.0075945118442177,0.039215687662363,-0.0327971018850803,0.0869565606117248,-0.0098498398438096,0.0217770040035247,-0.0239726230502128,-0.0281481873244047,-0.0021720509976148,0.0247234739363193,-0.0565974712371826,0.0178808253258466,-0.0065672509372234,0.0100334621965885,0.0116133233532309,-0.0008910874603316,0.0363829284906387,0.0248858481645584,-0.0315269008278846,0.0250409487634897,0.0058067571371793,-0.0487533099949359,-0.0062981210649013,-0.0927085503935813,0.0052816770039498,-0.0070197009481489,-0.020665505900979,-0.0194689854979515,-0.0488197356462478,-0.0131962029263377,-0.0317728631198406,-0.0323004908859729,0.0662135928869247,-0.0499553829431533,-0.0187579449266195,0.0278745740652084,-0.0632887855172157,0.034332275390625,0.0233802311122417,-0.0084633622318506,-0.0104550030082464,-0.0537462271749973,-0.0279788747429847,0.0395929589867591,-0.060185220092535,-0.0485830307006835,0.0244164317846298,-0.1366261541843414,-0.0100356126204133,0.0331292897462844,0.0504752546548843,-0.0689958333969116,0.0072375708259642,0.0685724318027496,-0.0297404769808054,-0.0436212383210659,0.0565727204084396,0.0420299619436264,0.0133119784295558,0.0486370846629142,0.0447474098941813,0.0169315756606931,0.0404170708829667,0.0199272504089169,0.0825982623966332,0.0250784153008072,0.0320769845178596,0.1120347713659415,0.0633521187443593,0.0922249316760703,-0.1762629993416518,-0.0837483945206855,2019-02-26,2019-02-27,2019-02-28,2019-03-01,2019-03-04,2019-03-05,2019-03-06,2019-03-07,2019-03-08,2019-03-11,14044.0,2019-02-25,252.0,5.9293%,-0.0013,1.423,1.1325,-0.652,2.6819%,3.2744%,32.9121%,0.058899,AGIO,14044.0,2019-02-26,252.0,1.3312%,-0.0012,1.4215,1.1036,-0.6679,2.6853%,3.2745%,32.7511%,0.020585,AGIO,14044.0,2019-02-27,252.0,3.1022%,-0.001,1.4304,1.0959,-0.6663,2.6884%,3.2801%,32.8225%,0.026745,AGIO,14044.0,2019-02-28,252.0,-0.4145%,-0.0011,1.4363,1.0999,-0.6619,2.6876%,3.2795%,32.8431%,-0.001696,AGIO,14044.0,2019-03-01,252.0,4.3163%,-0.001,1.4479,1.1173,-0.6568,2.6927%,3.2904%,33.0303%,0.026895,AGIO,14044.0,2019-03-04,252.0,-0.2512%,-0.001,1.4574,1.074,-0.6566,2.6897%,3.2887%,33.1094%,0.011958,AGIO,14044.0,2019-03-05,252.0,-0.3111%,-0.0009,1.4649,1.1334,-0.6521,2.6807%,3.2882%,33.5363%,0.0010299999999999,AGIO,14044.0,2019-03-06,252.0,-6.1079%,-0.0012,1.4617,1.2167,-0.6444,2.6811%,3.3004%,34.0073%,-0.034322,AGIO,14044.0,2019-03-07,252.0,-0.2216%,-0.001,1.4636,1.245,-0.6338,2.6768%,3.2993%,34.1757%,0.008405,AGIO,14044.0,2019-03-08,252.0,-1.8877%,-0.0011,1.4659,1.2428,-0.6299,2.6788%,3.3001%,34.1076%,-0.017447,AGIO,14044.0,2019-03-11,252.0,4.0420%,-0.001,1.4723,1.24,-0.6348,2.6793%,3.3099%,34.4748%,0.010738,AGIO,0.079484,0.106229,0.104533,0.1433859999999999,0.1117899999999999
39539,APARTMENT INVESTMENT & MGMT CO,SunTrust Robinson Humphrey Downgrades Apartment Inv & Mgmt to Hold,6,decrease,0.8,0.6,"a downgrade from a financial institution typically signals reduced confidence in the company's future performance, which can lead to a decrease in stock price.",0,2019-02-25,AIV,2019-02-25 11:47:00+00:00,80711.0,03748R74,-0.0144202122464776,1179419.0,0.0024385845754295,0.0070592672564089,-0.0083114467561244,0.0249112397432327,0.0002044590510195,-0.0142398532480001,0.0026568784378468,0.0050393063575029,0.0101916017010808,0.0038446469698101,-0.0024213627912104,0.0014184336178004,-0.0038430143613368,0.0094088586047291,0.0014213136164471,-0.0073096570558846,0.0020275441929697,0.0,0.0082963109016418,0.0002030528266914,0.0092313680797815,0.0008130267378874,0.0005965157761238,-0.0030394673813134,0.0089427819475531,-0.0012143568601459,0.0001969336444744,0.0069288802333176,-0.0194958224892616,-0.0090872524306178,-0.001807594904676,0.0034448225051164,-0.003219312755391,0.0022338910493999,0.0151392808184027,0.0110883144661784,-0.0061642746441066,0.0137385474517941,0.0010003849165514,0.0111556015908718,0.0075954641215503,0.0025321573484689,0.0,0.0067983791232109,0.0019837031140923,0.0017024476546794,-0.0043555218726396,0.0042744339443743,-0.0011931074550375,0.0118944467976689,0.0119450986385345,0.0078465696424245,0.0019673120696097,0.0145953083410859,-0.0078539466485381,-0.0044032796286046,0.004749686922878,0.0048671993426978,-0.0023635795805603,0.0235507450997829,-0.0035538065712898,0.0018148369854316,0.0069347824901342,0.0275058336555957,-0.0021645142696797,0.0006998506141826,0.0061132200062274,0.0035111822653561,-0.0025480412878096,0.0087367827072739,-0.0292787943035364,-0.0348678790032863,-0.0218623839318752,0.0091996667906641,0.0055877580307424,-0.0009191386634483,-0.0152295054867863,0.0020723037887364,0.0190177615731954,0.0286593809723854,0.0094340220093727,-0.0486705675721168,-0.0006095610442571,-0.0185758545994758,0.0065053813159465,-0.0046224761754274,-0.0139365512877702,0.0002202143659815,0.0110610593110323,0.006425816565752,-0.0004051956639159,-0.0432477667927742,-0.0056748841889202,0.0046857804991304,0.0201793275773525,0.0153546510264277,-0.0057942243292927,-0.0234423819929361,-0.0136655252426862,0.007232507225126,0.0006112220580689,-0.0014869053848087,0.0061087198555469,-0.0044406657107174,0.0097146229818463,0.02625866048038,-0.0008017822401598,-0.0218636970967054,-0.0022065555676817,0.000424728350481,0.0066344593651592,0.0203683339059352,0.011783517897129,-0.0030243981163948,0.0027849490288645,0.0045572714880108,-0.0154730966314673,0.0013038107426837,0.0141043877229094,0.0,0.0024385845754295,0.0070592672564089,-0.0058931303465539,0.0321463620986777,-0.0056898761993725,0.0174487493719353,0.0071124214554252,0.0265074289864517,0.0125991209286961,0.0302598200911325,0.0292623958470867,0.1487770725006185,0.0306943363926603,0.1023466961723975,2019-02-26,2019-02-27,2019-02-28,2019-03-01,2019-03-04,2019-03-05,2019-03-06,2019-03-07,2019-03-08,2019-03-11,80711.0,2019-02-25,252.0,-1.4420%,0.0011,0.4285,-0.252,0.0175,1.0371%,1.1352%,16.5299%,-0.015824,AIV,80711.0,2019-02-26,252.0,0.2439%,0.0011,0.4242,-0.2484,0.0161,1.0362%,1.1315%,16.1417%,0.001469,AIV,80711.0,2019-02-27,252.0,-0.8311%,0.0011,0.4257,-0.2538,0.0163,1.0376%,1.1330%,16.1361%,-0.008302,AIV,80711.0,2019-02-28,252.0,0.0204%,0.0011,0.4196,-0.258,0.0118,1.0352%,1.1285%,15.8594%,0.001516,AIV,80711.0,2019-03-01,252.0,0.2657%,0.0011,0.4246,-0.2505,0.0198,1.0338%,1.1281%,16.0281%,0.000341,AIV,80711.0,2019-03-04,252.0,1.0192%,0.0011,0.4242,-0.2584,0.022,1.0357%,1.1290%,15.8402%,0.01123,AIV,80711.0,2019-03-05,252.0,-0.2421%,0.0011,0.4254,-0.2511,0.0243,1.0358%,1.1290%,15.8358%,-0.002538,AIV,80711.0,2019-03-06,252.0,-0.3843%,0.0011,0.4261,-0.2404,0.0264,1.0361%,1.1284%,15.6913%,-0.003533,AIV,80711.0,2019-03-07,252.0,0.1421%,0.0011,0.4255,-0.2358,0.027,1.0359%,1.1280%,15.6589%,0.004744,AIV,80711.0,2019-03-08,252.0,0.2028%,0.0011,0.4256,-0.2422,0.0275,1.0353%,1.1277%,15.7116%,0.003037,AIV,80711.0,2019-03-11,252.0,0.8296%,0.0011,0.4265,-0.2406,0.028,1.0354%,1.1284%,15.8048%,0.002879,AIV,-0.014355,-0.022657,-0.021141,-0.00957,-0.004981
39547,ALBEMARLE CORP,"Deutsche Bank Maintains Hold on Albemarle, Raises Price Target to $95",6,uncertain,0.6,0.2,"while maintaining a 'hold' rating suggests stability, the raised price target could indicate potential for growth, leading to uncertainty in the stock's immediate reaction.",1,2019-02-25,ALB,2019-02-25 14:52:00+00:00,80191.0,01265310,0.0267997235059738,1607633.0,-0.0062247426249086,-0.0008962785941548,0.0140659203752875,0.0778892040252685,-0.0107281953096389,-0.0038493890315294,-0.0054770512506365,0.0216295253485441,-0.0253332201391458,0.0118130389600992,-0.0063283713534474,-0.0160284489393234,-0.0177413579076528,0.0159105844795703,-0.0204932764172554,-0.00507053732872,-0.0192671082913875,-0.0018516420386731,0.0306134857237339,0.0045883278362452,-0.0004677922406699,-0.0188587792217731,0.0086579835042357,0.0106985094025731,-0.0129044856876134,-0.0075665451586246,0.0081434529274702,0.0078720711171627,0.0118239540606737,0.0070605683140456,-0.0138840330764651,0.0064830356277525,-0.0092690475285053,0.0241317600011825,0.0126717155799269,0.0159554202109575,-0.032627772539854,0.0066596302203834,-0.0137814236804842,0.0345853194594383,-0.0066192806698381,0.0013527931878343,-0.0109822237864136,-0.0192384831607341,0.0127260964363813,-0.0164425745606422,0.0099791204556822,0.0177977997809648,0.0270796958357095,0.0183957871049642,-0.0154393762350082,0.0039380895905196,0.0158021412789821,-0.0432636328041553,0.0159126464277505,-0.0056840511970222,0.0068965088576078,0.0018119196174666,0.0092872427776455,0.005596047732979,-0.0248447619378566,-0.0063365506939589,0.0090823816135525,0.0097936792299151,-0.0331970043480396,0.0044596535153687,0.0114859705790877,0.0488374643027782,-0.0167344193905592,-0.0693892985582351,0.0115487100556492,0.0134942382574081,-0.0133397504687309,0.0043002585880458,0.0057247411459684,-0.0062160496599972,-0.0048443931154906,0.0123230526223778,-0.0379700027406215,0.0430740006268024,-0.0284629967063665,-0.0228487327694892,-0.0251302104443311,-0.0173320285975933,0.0092159043997526,-0.0456140264868736,0.0019851976539939,-0.0151795102283358,-0.0085854120552539,0.0064587830565869,-0.0131894201040267,-0.0524891018867492,0.0272714551538229,-0.0337730385363102,0.0126167265698313,-0.0056881769560277,0.0,-0.0033677935134619,-0.0155743611976504,0.0004492465814109,-0.0431113615632057,0.0043993163853883,0.0004133201728109,-0.0278539415448904,0.0002753979060798,-0.0214615296572446,-0.0561750568449497,-0.0535242408514022,0.024361751973629,0.0222176015377044,-0.0091142039746046,-0.0010371133685112,-0.0024432044010609,-0.0020700120367109,-0.0237718112766742,0.0124698989093303,0.0002951098431367,-0.0122140599414706,0.0106226205825805,-0.0016533640446141,-0.0062247426249086,-0.0008962785941548,0.0077536210162603,0.0769231150048301,-0.0030577566539979,0.0727776189781301,-0.0336354906542296,0.1089281593557118,-0.0661788553968729,0.1059027940566001,-0.0464443832645673,0.1605935054766252,-0.2486938345901972,-0.0749227295493566,2019-02-26,2019-02-27,2019-02-28,2019-03-01,2019-03-04,2019-03-05,2019-03-06,2019-03-07,2019-03-08,2019-03-11,80191.0,2019-02-25,252.0,2.6800%,-0.0008,1.1491,0.4707,0.3641,1.8002%,2.1464%,29.6596%,0.026897,ALB,80191.0,2019-02-26,252.0,-0.6225%,-0.0009,1.1309,0.4876,0.3591,1.7901%,2.1276%,29.2094%,-0.000272,ALB,80191.0,2019-02-27,252.0,1.4066%,-0.0005,1.1677,0.4261,0.3652,1.7147%,2.0802%,32.0570%,0.012453,ALB,80191.0,2019-02-28,252.0,-1.0728%,-0.0006,1.1846,0.4375,0.3789,1.7051%,2.0794%,32.7611%,-0.00638,ALB,80191.0,2019-03-01,252.0,-0.5477%,-0.0004,1.131,0.3577,0.3021,1.6230%,1.9825%,32.9800%,-0.01385,ALB,80191.0,2019-03-04,252.0,-2.5333%,-0.0003,1.1174,0.4199,0.3017,1.6130%,1.9696%,32.9274%,-0.019289,ALB,80191.0,2019-03-05,252.0,-0.6328%,-0.0002,1.1226,0.459,0.3062,1.6073%,1.9689%,33.3566%,-0.002493,ALB,80191.0,2019-03-06,252.0,-1.7741%,-0.0003,1.1214,0.4661,0.3057,1.6072%,1.9697%,33.4265%,-0.002741,ALB,80191.0,2019-03-07,252.0,-2.0493%,-0.0004,1.1183,0.4314,0.2918,1.5962%,1.9587%,33.5863%,-0.010053,ALB,80191.0,2019-03-08,252.0,-1.9267%,-0.0005,1.1203,0.4346,0.2948,1.5994%,1.9623%,33.5696%,-0.016617,ALB,80191.0,2019-03-11,252.0,3.0613%,-0.0004,1.1279,0.4332,0.2901,1.6010%,1.9715%,34.0546%,0.0138,ALB,0.026625,0.039078,0.032698,-0.0004409999999999,-0.018545
39555,ALLEGION PLC,"Imperial Capital Downgrades Allegion to In-Line, Raises Price Target to $96",6,uncertain,0.6,0.3,"while the downgrade to 'in-line' suggests a less favorable outlook, the raised price target indicates some level of optimism, leading to uncertainty about the overall impact on the stock price.",1,2019-02-25,ALLE,2019-02-25 11:15:00+00:00,14297.0,G0176J10,-0.0111482720822095,733964.0,-0.0006764099234715,0.0166609268635511,0.0201940536499023,0.0031837001442909,-0.0051974039524793,-0.0007952703745104,0.0137838805094361,-0.0386631824076175,-0.0110745010897517,-0.001308930455707,-0.0027719258796423,-0.0222885403782129,-0.0055592614226043,0.0078460415825247,-0.0164356119930744,0.0167194698005914,0.0001136993960244,0.0013130840379744,0.0068197143264114,0.007163340691477,0.0025964747183024,0.0122712906450033,0.0093458155170083,0.0060606165789067,-0.0066934712231159,0.0208524260669946,-0.0040553454309701,0.0061094961129128,0.0055423351004719,0.0103657040745019,-0.0021372602786868,-0.0005820399383082,-0.0109345195814967,0.0103493463248014,0.0132209220901131,0.0088989082723855,-0.0188976414501667,0.0010689670452848,0.0026369609404355,0.0143373785540461,0.0110920667648315,0.0069149546325206,-0.0024881386198103,0.0030421027913689,0.0183673780411481,-0.0159262586385011,0.0099086994305253,0.0214041098952293,0.0212765987962484,0.0092581156641244,-0.0023747973609715,-0.0090519618242979,0.011577577330172,-0.0002445474383421,0.0067387409508228,-0.0036554532125592,0.0084997387602925,-0.0015814751386642,-0.0054782624356448,-0.0018215122399851,-0.0096398694440722,0.011173821054399,-0.0017113705398514,0.0138180078938603,0.0047143981792032,0.0104402741417288,0.0085315462201833,-0.0022590400185436,-0.0052870889194309,-0.0169031787663698,-0.0018071454251185,0.0168109890073537,0.0,0.0147676132619381,-0.0015974603593349,-0.0094577549025416,0.0022399902809411,0.0087775401771068,0.0216049253940582,0.0424346476793289,-0.0051046763546764,-0.0398522689938545,0.0110994512215256,-0.0232558473944664,0.01812344789505,-0.0191510077565908,0.0010172526817768,-0.0276360362768173,0.0083324834704399,0.0076490906067192,-0.0019147680141031,-0.0310364831238985,-0.0012116594007238,-0.0100640887394547,0.0330570600926876,-0.0045536649413406,-0.0093942563980817,0.0060703102499246,-0.0184728112071752,0.0009170491830445,0.0026167687028646,-0.0162399336695671,0.0048182667233049,-0.011923330835998,0.0017982048448175,-0.0059814015403389,-0.0120662059634923,-0.0302900075912475,0.0033309964928776,0.0164865404367446,0.0103621603921055,-0.0017439090879634,0.0143383694812655,-0.0048806611448526,-0.01374302059412,0.0216066148132085,-0.0048770564608275,0.0053470353595912,0.0150030003860592,0.0074065313674509,-0.0006764099234715,0.0166609268635511,0.0195039842681468,0.0198976704031015,0.014205210230743,0.0190865760007976,0.0167982589353006,-0.0215968942933271,-0.0013528187967434,-0.0114613285372348,0.0674986328792646,0.0892531705495245,0.1475610512564815,0.0090690547439902,2019-02-26,2019-02-27,2019-02-28,2019-03-01,2019-03-04,2019-03-05,2019-03-06,2019-03-07,2019-03-08,2019-03-11,14297.0,2019-02-25,252.0,-1.1148%,0.0001,0.9002,0.0356,0.1678,1.0315%,1.3793%,44.0698%,-0.012218,ALLE,14297.0,2019-02-26,252.0,-0.0676%,0.0001,0.9073,0.027,0.1686,1.0287%,1.3793%,44.3772%,0.001446,ALLE,14297.0,2019-02-27,252.0,2.0194%,0.0002,0.9035,0.0393,0.168,1.0341%,1.3797%,43.8166%,0.019429,ALLE,14297.0,2019-02-28,252.0,-0.5197%,0.0002,0.9046,0.0399,0.1693,1.0342%,1.3786%,43.7198%,-0.002084,ALLE,14297.0,2019-03-01,252.0,1.3784%,0.0003,0.8925,0.022,0.1472,1.0255%,1.3652%,43.5746%,0.007743,ALLE,14297.0,2019-03-04,252.0,-1.1075%,0.0003,0.8867,0.0477,0.1472,1.0225%,1.3582%,43.3230%,-0.007009,ALLE,14297.0,2019-03-05,252.0,-0.2772%,0.0003,0.8879,0.0563,0.1484,1.0221%,1.3583%,43.3744%,-0.000853,ALLE,14297.0,2019-03-06,252.0,-0.5559%,0.0003,0.8873,0.0517,0.1471,1.0222%,1.3576%,43.3092%,0.00246,ALLE,14297.0,2019-03-07,252.0,-1.6436%,0.0003,0.8897,0.046,0.1487,1.0229%,1.3601%,43.4452%,-0.008729,ALLE,14297.0,2019-03-08,252.0,0.0114%,0.0003,0.8894,0.0464,0.1483,1.0229%,1.3601%,43.4373%,0.002211,ALLE,14297.0,2019-03-11,252.0,0.6820%,0.0002,0.886,0.0502,0.1522,1.0227%,1.3594%,43.4034%,-0.005919,ALLE,-0.010772,0.008657,0.006573,0.007307,-0.0035229999999999
39563,ALLISON TRANSMISSION HLDGS INC,"Allison Transmission Sees FY19 Sales $2.58B-$2.68B vs $2.71B Estimate, Adj. EBITDA $1B-$1.06B",6,decrease,0.75,0.6,"the sales guidance for fy19 is below analyst estimates, which is likely to lead to a negative reaction in the stock price.",0,2019-02-25,ALSN,2019-02-25 21:56:00+00:00,13284.0,01973R10,-0.0015851362841203,1040229.0,0.0257987547665834,0.0167204234749078,-0.0274714305996894,0.0008064701105467,-0.0113387648016214,0.0038453475572168,-0.01227368414402,-0.0032277556601911,-0.0153248878195881,0.0182826500385999,-0.0105830738320946,-0.0014358911430463,-0.0308305621147155,0.0068154036998748,0.0021640833001583,0.0286806561052799,0.0008636817219667,-0.0073808198794722,0.0056095393374562,-0.007326821796596,-0.008367289789021,-0.0122001683339476,0.002379935234785,-0.0180710535496473,-0.0036693713627755,-0.0036415194626897,-0.0110484901815652,0.0141567215323448,0.0162102486938238,0.0014383298112079,0.0032334884162992,-0.0030725426040589,-0.0081650419160723,0.0014358911430463,0.0045493734069168,0.0116206966340541,-0.0386024825274944,-0.0041331010870635,0.0157020390033721,0.0125548960641026,-0.0015459296992048,-0.0004183320852462,-0.0011059331009164,-0.017871793359518,-0.0044287149794399,-0.0244489219039678,-0.0008897000807337,0.0326987132430076,0.0189225804060697,0.0170490723103284,-0.0028403117321431,-0.0035654779057949,0.0133654819801449,0.0086735738441348,0.0043243407271802,-0.0063064796850085,0.0075349509716033,-0.0008401788654737,0.0036325210239738,0.0327549278736114,-0.0048967325128614,0.0065502016805112,0.0034231888130307,0.0340934358537197,0.0034115104936063,0.000451783533208,0.0059498250484466,0.0238205082714557,-0.0217574723064899,-0.0217194352298975,0.0168429873883724,0.0066044391132891,0.0070078149437904,0.0101218912750482,0.0181358214467763,-0.003667197888717,-0.008077866397798,0.0186784770339727,0.0022969432175159,0.0489835888147354,0.0106249647215008,-0.0308568533509969,-0.0624613240361213,-0.012423787266016,0.0257256366312503,-0.0032710137311369,0.0171489641070365,-0.0210430454462766,-0.0124341445043683,0.0174540374428033,0.0004268129996489,-0.0078503843396902,-0.0025597854983061,0.0041734362021088,0.0132592553272843,0.0030232807621359,-0.0143520534038543,0.0146295167505741,-0.0192719809710979,-0.0135008851066231,-0.0096069574356079,-0.0130944112315774,-0.0050705363973975,-0.0439270809292793,0.0170618314296007,0.0108791710808873,-0.0418301075696945,-0.0326460562646389,0.0045475391671061,-0.0116747869178652,0.0043005575425922,0.0219089407473802,0.0114943012595176,-0.038381315767765,-0.0231729596853256,0.0226108692586422,-0.0034332275390625,-0.0171907693147659,0.0112539697438478,-0.0014653484104201,0.0257987547665834,0.0167204234749078,-0.0023814045342346,0.0175403781072229,-0.0136931671499448,0.0214531745145472,-0.0407283100085125,0.036770766249037,-0.0721798018284247,0.056520844830129,-0.0650136177155078,0.094793989388888,-0.1205282613476018,0.056520847432999,2019-02-26,2019-02-27,2019-02-28,2019-03-01,2019-03-04,2019-03-05,2019-03-06,2019-03-07,2019-03-08,2019-03-11,13284.0,2019-02-25,252.0,-0.1585%,0.001,0.9987,0.3847,0.2174,1.3821%,1.7255%,35.8401%,-0.001801,ALSN,13284.0,2019-02-26,252.0,2.5799%,0.0012,1.0059,0.3367,0.1984,1.3873%,1.7316%,35.8120%,0.030476,ALSN,13284.0,2019-02-27,252.0,-2.7471%,0.001,1.0057,0.3283,0.1983,1.4001%,1.7402%,35.2665%,-0.028878,ALSN,13284.0,2019-02-28,252.0,-1.1339%,0.0009,1.0157,0.335,0.2077,1.3978%,1.7419%,35.6052%,-0.007891,ALSN,13284.0,2019-03-01,252.0,-1.2274%,0.0008,1.0203,0.3417,0.2243,1.4008%,1.7439%,35.4775%,-0.019818,ALSN,13284.0,2019-03-04,252.0,-1.5325%,0.0009,1.0078,0.3925,0.2254,1.3899%,1.7303%,35.4776%,-0.009618,ALSN,13284.0,2019-03-05,252.0,-1.0583%,0.0009,1.0109,0.4119,0.2306,1.3899%,1.7318%,35.5929%,-0.0072019999999999,ALSN,13284.0,2019-03-06,252.0,-3.0831%,0.0008,1.0172,0.4504,0.243,1.3944%,1.7419%,35.9166%,-0.017331,ALSN,13284.0,2019-03-07,252.0,0.2164%,0.0009,1.0131,0.4512,0.2377,1.3959%,1.7417%,35.7702%,0.011533,ALSN,13284.0,2019-03-08,252.0,0.0864%,0.0009,1.0116,0.471,0.2342,1.3914%,1.7392%,36.0003%,0.003181,ALSN,13284.0,2019-03-11,252.0,0.5610%,0.0009,1.0058,0.4702,0.2368,1.3928%,1.7392%,35.8662%,-0.0100299999999999,ALSN,0.028675,-0.000203,-0.008094,-0.03753,-0.057379
39571,ALLISON TRANSMISSION HLDGS INC,"Allison Transmission Q4 EPS $1.14 Beats $0.98 Estimate, Sales $647M Beat $631.84M Estimate",6,increase,0.85,0.7,"the company reported better-than-expected earnings and sales, which typically leads to positive investor sentiment and an increase in stock price.",2,2019-02-25,ALSN,2019-02-25 21:56:00+00:00,13284.0,01973R10,-0.0015851362841203,1040229.0,0.0257987547665834,0.0167204234749078,-0.0274714305996894,0.0008064701105467,-0.0113387648016214,0.0038453475572168,-0.01227368414402,-0.0032277556601911,-0.0153248878195881,0.0182826500385999,-0.0105830738320946,-0.0014358911430463,-0.0308305621147155,0.0068154036998748,0.0021640833001583,0.0286806561052799,0.0008636817219667,-0.0073808198794722,0.0056095393374562,-0.007326821796596,-0.008367289789021,-0.0122001683339476,0.002379935234785,-0.0180710535496473,-0.0036693713627755,-0.0036415194626897,-0.0110484901815652,0.0141567215323448,0.0162102486938238,0.0014383298112079,0.0032334884162992,-0.0030725426040589,-0.0081650419160723,0.0014358911430463,0.0045493734069168,0.0116206966340541,-0.0386024825274944,-0.0041331010870635,0.0157020390033721,0.0125548960641026,-0.0015459296992048,-0.0004183320852462,-0.0011059331009164,-0.017871793359518,-0.0044287149794399,-0.0244489219039678,-0.0008897000807337,0.0326987132430076,0.0189225804060697,0.0170490723103284,-0.0028403117321431,-0.0035654779057949,0.0133654819801449,0.0086735738441348,0.0043243407271802,-0.0063064796850085,0.0075349509716033,-0.0008401788654737,0.0036325210239738,0.0327549278736114,-0.0048967325128614,0.0065502016805112,0.0034231888130307,0.0340934358537197,0.0034115104936063,0.000451783533208,0.0059498250484466,0.0238205082714557,-0.0217574723064899,-0.0217194352298975,0.0168429873883724,0.0066044391132891,0.0070078149437904,0.0101218912750482,0.0181358214467763,-0.003667197888717,-0.008077866397798,0.0186784770339727,0.0022969432175159,0.0489835888147354,0.0106249647215008,-0.0308568533509969,-0.0624613240361213,-0.012423787266016,0.0257256366312503,-0.0032710137311369,0.0171489641070365,-0.0210430454462766,-0.0124341445043683,0.0174540374428033,0.0004268129996489,-0.0078503843396902,-0.0025597854983061,0.0041734362021088,0.0132592553272843,0.0030232807621359,-0.0143520534038543,0.0146295167505741,-0.0192719809710979,-0.0135008851066231,-0.0096069574356079,-0.0130944112315774,-0.0050705363973975,-0.0439270809292793,0.0170618314296007,0.0108791710808873,-0.0418301075696945,-0.0326460562646389,0.0045475391671061,-0.0116747869178652,0.0043005575425922,0.0219089407473802,0.0114943012595176,-0.038381315767765,-0.0231729596853256,0.0226108692586422,-0.0034332275390625,-0.0171907693147659,0.0112539697438478,-0.0014653484104201,0.0257987547665834,0.0167204234749078,-0.0023814045342346,0.0175403781072229,-0.0136931671499448,0.0214531745145472,-0.0407283100085125,0.036770766249037,-0.0721798018284247,0.056520844830129,-0.0650136177155078,0.094793989388888,-0.1205282613476018,0.056520847432999,2019-02-26,2019-02-27,2019-02-28,2019-03-01,2019-03-04,2019-03-05,2019-03-06,2019-03-07,2019-03-08,2019-03-11,13284.0,2019-02-25,252.0,-0.1585%,0.001,0.9987,0.3847,0.2174,1.3821%,1.7255%,35.8401%,-0.001801,ALSN,13284.0,2019-02-26,252.0,2.5799%,0.0012,1.0059,0.3367,0.1984,1.3873%,1.7316%,35.8120%,0.030476,ALSN,13284.0,2019-02-27,252.0,-2.7471%,0.001,1.0057,0.3283,0.1983,1.4001%,1.7402%,35.2665%,-0.028878,ALSN,13284.0,2019-02-28,252.0,-1.1339%,0.0009,1.0157,0.335,0.2077,1.3978%,1.7419%,35.6052%,-0.007891,ALSN,13284.0,2019-03-01,252.0,-1.2274%,0.0008,1.0203,0.3417,0.2243,1.4008%,1.7439%,35.4775%,-0.019818,ALSN,13284.0,2019-03-04,252.0,-1.5325%,0.0009,1.0078,0.3925,0.2254,1.3899%,1.7303%,35.4776%,-0.009618,ALSN,13284.0,2019-03-05,252.0,-1.0583%,0.0009,1.0109,0.4119,0.2306,1.3899%,1.7318%,35.5929%,-0.0072019999999999,ALSN,13284.0,2019-03-06,252.0,-3.0831%,0.0008,1.0172,0.4504,0.243,1.3944%,1.7419%,35.9166%,-0.017331,ALSN,13284.0,2019-03-07,252.0,0.2164%,0.0009,1.0131,0.4512,0.2377,1.3959%,1.7417%,35.7702%,0.011533,ALSN,13284.0,2019-03-08,252.0,0.0864%,0.0009,1.0116,0.471,0.2342,1.3914%,1.7392%,36.0003%,0.003181,ALSN,13284.0,2019-03-11,252.0,0.5610%,0.0009,1.0058,0.4702,0.2368,1.3928%,1.7392%,35.8662%,-0.0100299999999999,ALSN,0.028675,-0.000203,-0.008094,-0.03753,-0.057379
39579,AMEDISYS INC,Amedisys Reports $100M Buyback,6,increase,0.8,0.7,a $100 million buyback typically signals confidence in the company's financial health and can lead to an increase in stock price due to reduced share supply and positive investor sentiment.,2,2019-02-25,AMED,2019-02-25 22:35:00+00:00,80795.0,02343610,-0.015135028399527,353808.0,-0.0206478275358676,0.0168100167065858,-0.0130360918119549,-0.0031468926463276,0.0134529266506433,-0.0421250686049461,-0.0008045543218031,-0.0258405823260545,-0.0256843380630016,-0.0180926583707332,0.011486648581922,0.01270158495754,-0.0352941155433654,0.0097295446321368,0.0032181339338421,0.0273360647261142,-0.0015195028390735,0.0131184607744216,0.0118363332003355,-0.0280366446822881,0.0150401322171092,-0.0077685927972197,0.0063384640961885,-0.0253118518739938,0.019386526197195,0.0148565480485558,-0.0141229508444666,0.0304675195366144,0.0117206778377294,0.0109789753332734,0.0178599637001752,0.0135229108855128,-0.0217356942594051,0.0147416675463318,0.020360380411148,0.0072663943283259,-0.0292184837162494,-0.0185271278023719,0.0104404473677277,0.0091527663171291,-0.0159024354070425,-0.0024970120284706,-0.0192765649408102,0.0273368284106254,0.0037638389039784,-0.0187225043773651,0.0270810760557651,0.001812620088458,-0.0025961357168853,0.0030829990282654,0.0102488566190004,0.0119190290570259,0.016827730461955,0.0630102381110191,0.0038007420953363,-0.0241474043577909,0.0213772915303707,0.0195431914180517,-0.0054062171839177,-0.0282801911234855,0.0069110062904655,-0.0039305873215198,-0.0134186623618006,0.0181757565587759,-0.0062534436583518,0.0498949997127056,-0.0065287044271826,0.0314192473888397,0.0183688998222351,-0.035023495554924,-0.0989736914634704,-0.0198958404362201,-0.0021572180557996,0.0202108174562454,0.0136631084606051,0.0087881181389093,-0.0274697244167327,0.0024667321704328,0.0864912346005439,0.0687317848205566,-0.0022606069687753,-0.0070119672454893,0.0189350731670856,-0.0342212282121181,0.0156448632478714,-0.0300402902066707,-7.820889732101932e-05,-0.0409072041511535,-0.0004691707727033,0.0082147801294922,-0.0621186234056949,-0.0495814234018325,0.0061728856526315,-0.0413580872118473,-0.0243740864098072,-0.0238758604973554,0.0120666055008769,0.0294642392545938,-0.0122585985809564,-0.0016255725640803,-0.0120707089081406,-0.0085956277325749,0.0031835751142352,-0.0382343716919422,-0.0067758238874375,0.0037785768508911,-0.0283247530460357,-0.0375097654759883,-0.015730507671833,0.029210977256298,0.0011737900786101,0.0031659009400755,0.0121753802523016,0.0133552830666303,-0.0346610248088836,0.0828082114458084,0.0081226220354437,0.0092131858691573,0.0217908546328544,0.0015515469713136,-0.0206478275358676,0.0168100167065858,-0.0334147523723477,0.0136102247422995,-0.020411351934419,-0.0290881755136447,-0.0463393275584765,-0.0712895530102926,-0.0568208627613665,-0.0392961316477445,0.0148947862061565,0.0591910300248796,-0.1204980755685259,0.0520986246042591,2019-02-26,2019-02-27,2019-02-28,2019-03-01,2019-03-04,2019-03-05,2019-03-06,2019-03-07,2019-03-08,2019-03-11,80795.0,2019-02-25,252.0,-1.5135%,0.003,1.0738,1.0551,-0.1518,2.0875%,2.4811%,29.2079%,-0.014389,AMED,80795.0,2019-02-26,252.0,-2.0648%,0.0029,1.0764,1.0745,-0.14,2.0899%,2.4843%,29.2326%,-0.012778,AMED,80795.0,2019-02-27,252.0,-1.3036%,0.0029,1.081,1.0606,-0.1393,2.0921%,2.4862%,29.1895%,-0.016314,AMED,80795.0,2019-02-28,252.0,1.3453%,0.0028,1.0996,1.0738,-0.129,2.0789%,2.4826%,29.8801%,0.016144,AMED,80795.0,2019-03-01,252.0,-0.0805%,0.0027,1.1023,1.0778,-0.1177,2.0802%,2.4824%,29.7793%,-0.012441,AMED,80795.0,2019-03-04,252.0,-2.5684%,0.0028,1.0882,1.1408,-0.1177,2.0715%,2.4779%,30.1115%,-0.0152719999999999,AMED,80795.0,2019-03-05,252.0,1.1487%,0.0028,1.0862,1.1341,-0.1242,2.0733%,2.4752%,29.8390%,0.016501,AMED,80795.0,2019-03-06,252.0,-3.5294%,0.0028,1.0957,1.1614,-0.1098,2.0749%,2.4871%,30.3983%,-0.011921,AMED,80795.0,2019-03-07,252.0,0.3218%,0.0029,1.0936,1.1705,-0.11,2.0749%,2.4871%,30.3987%,0.012563,AMED,80795.0,2019-03-08,252.0,-0.1520%,0.0029,1.0942,1.1663,-0.1088,2.0749%,2.4857%,30.3267%,2.3999999999999997e-05,AMED,80795.0,2019-03-11,252.0,1.1836%,0.0028,1.088,1.159,-0.1097,2.0762%,2.4863%,30.2649%,-0.009322,AMED,-0.027167,-0.043481,-0.027337,-0.05505,-0.047205
39587,APTOSE BIOSCIENCES INC,Aptose Biosciences Submits an Investigational New Drug Application for CG-806,6,increase,0.75,0.6,"the submission of an investigational new drug application typically indicates progress in drug development, which can positively influence investor sentiment and stock price.",2,2019-02-25,APTO,2019-02-25 12:17:00+00:00,77569.0,03835T30,-0.0502035319805145,809015.0,-0.0052910004742443,0.0310362931340932,-0.047872357070446,0.015789458528161,-0.0167597606778144,-0.0104166567325592,0.0170454382896423,0.0105263059958815,-0.0502792820334434,0.0052910004742443,0.0058823470026254,-0.0207253694534301,-0.05847954377532,-0.0203046090900898,0.0496894679963588,0.0423280671238899,-0.0295858401805162,-0.0104711940512061,0.0060975551605224,-0.0154639640823006,0.0544848591089248,-0.0152284121140837,0.040289644151926,-0.0100502418354153,0.0497237779200077,0.0050505003891885,0.0315789803862571,-0.0246305186301469,0.0765305384993553,0.0304568242281675,0.0331754386425018,-0.0390243530273437,0.0366972126066684,0.024999976158142,0.0752212703227996,-0.0243902206420898,-0.0452675446867942,-0.0096618272364139,-0.0215517040342092,0.0247524511069059,-0.0176211278885603,-0.0282855406403541,-0.0941704213619232,-0.0285981949418783,-0.0198019612580537,-0.031674176454544,0.0151515007019043,-0.0177777614444494,-0.0149253588169813,-0.0174672324210405,0.0,0.0223214067518711,-0.0151515007019043,0.0666667222976684,0.0051282001659274,-0.0140846045687794,-0.0102040721103549,-0.0229357574135065,0.0,-0.0311110820621252,-0.0206185970455408,-0.0625000372529029,0.0,0.0256411042064428,-0.0263157654553651,0.0588234737515449,0.0216215997934341,0.0625000596046447,0.0,-0.0545455105602741,-0.0211640018969774,0.1518325060606003,0.0,0.0,-0.010810799896717,0.0105820009484887,0.0437158048152923,-0.0357143133878707,0.0,0.0652173906564712,-0.015706792473793,-0.0707070603966713,0.0638297870755195,0.0050761373713612,0.0149999856948852,-0.0436892807483673,-0.0049261036328971,0.0,-0.0445544719696044,-0.0475310385227203,0.010362746194005,-0.0419066026806831,0.0615384019911289,-0.0311587508767843,0.1014492958784103,-0.0291667375713586,0.0,0.0909091085195541,-0.0219298042356967,0.0526316463947296,0.0044843005016446,-0.0047619002871215,-0.0267856884747743,0.0096153756603598,0.0,-0.0458716228604316,-0.068807378411293,-0.0396475382149219,-0.0049261036328971,-0.0074333013035357,0.0,0.0348415859043598,0.0049504903145134,-0.0307017248123884,0.0295566227287054,0.0506911948323249,-0.0191387385129928,-0.0045871515758335,-0.0243902206420898,-0.0090909004211425,-0.0052910004742443,0.0310362931340932,-0.0529100648807274,0.0473157979255629,-0.0687830655336932,0.036406268767986,-0.1005290667088014,0.0528571466745189,-0.1269841298798768,0.0257216171962679,0.0264550671617145,-0.1155999979852691,0.0582010679848064,-0.0955000150159534,2019-02-26,2019-02-27,2019-02-28,2019-03-01,2019-03-04,2019-03-05,2019-03-06,2019-03-07,2019-03-08,2019-03-11,77569.0,2019-02-25,252.0,-5.0204%,-0.001,1.1846,2.005,-0.1075,3.9681%,4.3235%,15.7641%,-0.0471049999999999,APTO,77569.0,2019-02-26,252.0,-0.5291%,-0.001,1.1747,2.0007,-0.1171,3.9677%,4.3211%,15.6861%,0.008982,APTO,77569.0,2019-02-27,252.0,-4.7872%,-0.0013,1.1662,2.0006,-0.1187,3.9798%,4.3297%,15.5084%,-0.052971,APTO,77569.0,2019-02-28,252.0,-1.6760%,-0.0014,1.1833,2.0119,-0.1033,3.9769%,4.3305%,15.6652%,-0.0139409999999999,APTO,77569.0,2019-03-01,252.0,1.7045%,-0.0015,1.2045,2.0435,-0.0721,3.9712%,4.3314%,15.9376%,0.002188,APTO,77569.0,2019-03-04,252.0,-5.0279%,-0.0016,1.198,2.0957,-0.0774,3.9744%,4.3413%,16.1857%,-0.035651,APTO,77569.0,2019-03-05,252.0,0.5882%,-0.0015,1.1977,2.1031,-0.0835,3.9752%,4.3391%,16.0696%,0.01414,APTO,77569.0,2019-03-06,252.0,-5.8480%,-0.0018,1.177,2.1702,-0.0977,3.9621%,4.3384%,16.5939%,-0.021976,APTO,77569.0,2019-03-07,252.0,4.9689%,-0.0018,1.1343,2.0828,-0.1792,3.9647%,4.3240%,15.9273%,0.060447,APTO,77569.0,2019-03-08,252.0,-2.9586%,-0.002,1.1399,2.051,-0.1687,3.9642%,4.3179%,15.7122%,-0.028526,APTO,77569.0,2019-03-11,252.0,0.6098%,-0.0019,1.1329,1.994,-0.1977,3.9513%,4.3024%,15.6551%,-0.019237,APTO,-0.0381229999999999,-0.091094,-0.1050349999999999,-0.138498,-0.13365
39595,GRUPO AEROPORTUARIO DEL SUR S A,"Grupo Aeroportuario del Sureste, S.A.B. de C.V. Q4 Passenger Traffic Up 7.5% In Mexico, Up 30.4% In Puerto Rico, Up 27.8% In Colombia",6,increase,0.8,0.6,"the significant increase in passenger traffic across multiple regions suggests strong operational performance, which is likely to positively impact investor sentiment and stock price.",2,2019-02-25,ASR,2019-02-25 22:37:00+00:00,88593.0,40051E20,0.0006617772160097,65175.0,0.029279114678502,0.0107631757855415,0.0163551587611436,-0.0065245083533227,-0.0271264445036649,0.0197756979614496,-0.0181355867534875,-0.0049042901955544,-0.0085434895008802,0.0059200259856879,-0.0035195497330278,0.0050824801437556,-0.0031667028088122,-0.0348169840872287,-0.0399536229670047,0.0058367000892758,0.0172447133809328,-0.0053267860785126,0.0063806097023189,-0.0165979526937007,-0.0193311814218759,-0.0317985080182552,-0.0079229259863495,-0.0213051158934831,0.0031944797374308,0.0193292163312435,0.0199337005615234,0.0108032962307333,0.017795855179429,-0.0435833632946014,0.0027607174124568,0.0129718398675322,0.0075864517129957,-0.000889996998012,-0.015422967262566,5.55960759811569e-05,-0.0514338351786136,-0.0050915833562612,0.0182042978703975,0.0040564332157373,-0.0074069579131901,0.0044092680327594,-0.0048889964818954,0.0163943693041801,0.0103432079777121,-0.0038989796303212,0.0349990501999855,-0.0014106759335845,-0.008654760196805,0.001186411594972,-0.000623634958174,0.0092940451577305,0.007799825631082,0.0266346838325262,0.0075537194497883,-0.0098533416166901,0.0172064341604709,-0.0027167701628059,-0.0103908730670809,0.0191458035260438,0.0165435969829559,0.0136143714189529,-0.0214389096945524,0.0212207790464162,-0.0009204903035424,0.026156110689044,-0.0106265088543295,0.0394146181643009,-0.0037251261528581,-0.0170066077262163,0.0082257874310016,0.0385789982974529,0.0149577446281909,-0.0246113203465938,-0.0051763355731964,0.0013619005912914,-0.0071620848029851,0.0069880313239991,0.0023429612629115,0.0159235261380672,0.0013531767763197,-0.0090730097144842,0.0112414881587028,-0.0002628716174513,-0.0056493300944566,0.0125790312886238,-0.0317673459649086,0.003741048509255,0.0382358357310295,0.0175379086285829,-0.0158614441752433,0.0146216638386249,0.0025935417506843,-0.0060326978564262,0.0120103284716606,-0.0149908922612667,-0.0070598484016954,0.0460548736155033,0.0058841970749199,-0.0039400374516844,-0.0018280607182532,0.0149968303740024,-0.0038459489587694,0.0084983268752694,0.0057605248875916,0.0204306505620479,-0.0148061951622366,0.0051711029373109,0.0081019084900617,0.0106009570881724,-0.0126994317397475,-0.0170971658080816,-0.0150375831872224,0.0044962083920836,0.0129961064085364,0.0364400632679462,-0.0019929457921534,0.0026041385717689,-0.0013104942627251,-0.0461718812584877,0.029279114678502,0.0107631757855415,0.0461131380085984,0.0041684430018977,0.0177358080258533,0.0240265748331225,-0.0092587540009581,0.0250369841736586,-0.0327661705396742,-0.0216597576773055,-0.0151506293432222,-0.0207952819243742,-0.0378164398214995,0.2143482954569506,2019-02-26,2019-02-27,2019-02-28,2019-03-01,2019-03-04,2019-03-05,2019-03-06,2019-03-07,2019-03-08,2019-03-11,88593.0,2019-02-25,252.0,0.0662%,-0.0003,0.7485,0.1178,0.0161,1.9406%,2.0965%,14.3253%,-0.000234,ASR,88593.0,2019-02-26,252.0,2.9279%,-0.0002,0.742,0.0803,-0.0077,1.9506%,2.1035%,14.0152%,0.031184,ASR,88593.0,2019-02-27,252.0,1.6355%,-0.0001,0.7465,0.0768,-0.0069,1.9521%,2.1060%,14.0811%,0.015426,ASR,88593.0,2019-02-28,252.0,-2.7126%,0.0,0.7267,0.0624,-0.0155,1.9365%,2.0835%,13.6147%,-0.024945,ASR,88593.0,2019-03-01,252.0,-1.8136%,-0.0002,0.7373,0.0781,0.0119,1.9354%,2.0839%,13.7412%,-0.023701,ASR,88593.0,2019-03-04,252.0,-0.8543%,-0.0002,0.7392,0.076,0.0105,1.9355%,2.0843%,13.7668%,-0.004533,ASR,88593.0,2019-03-05,252.0,-0.3520%,-0.0001,0.7439,0.1115,0.0146,1.9315%,2.0826%,13.9834%,-0.002092,ASR,88593.0,2019-03-06,252.0,-0.3167%,-0.0002,0.7322,0.1106,0.0013,1.9283%,2.0764%,13.7604%,0.004392,ASR,88593.0,2019-03-07,252.0,-3.9954%,-0.0003,0.7497,0.1302,0.0301,1.9392%,2.0914%,14.0236%,-0.033958,ASR,88593.0,2019-03-08,252.0,1.7245%,-0.0002,0.747,0.1327,0.0256,1.9429%,2.0942%,13.9336%,0.01879,ASR,88593.0,2019-03-11,252.0,0.6381%,-0.0003,0.7439,0.1432,0.0332,1.9412%,2.0923%,13.9236%,-0.0051839999999999,ASR,0.03095,0.046376,0.021431,-0.0068029999999999,-0.0248549999999999
39603,ALPHATEC HOLDINGS INC,Alphatec Reports FDA Clearance For Automated SafeOp Neuromonitoring System To Address Unmet Needs In Spine Surgey,6,increase,0.8,0.7,"the fda clearance for the automated safeop neuromonitoring system is likely to be viewed positively by investors, as it addresses unmet needs in spine surgery and could enhance alphatec's product offerings and market position.",2,2019-02-25,ATEC,2019-02-25 14:06:00+00:00,91348.0,02081G20,0.0890410915017128,5865787.0,0.0188679061830043,0.0281690713018178,-0.0123456669971346,0.0142857013270258,-0.0062499940395355,0.0,0.012578603811562,0.0,0.2546583712100983,-0.014084493741393,0.0495049022138118,-0.0596026703715324,0.0235849972814321,-0.0443038307130336,0.0737326443195343,0.136690691113472,0.0686695650219917,0.1583332717418671,0.0441766642034053,0.0084033524617552,-0.0269230529665947,-0.0703124329447746,0.0671937093138694,-0.0229007434099912,0.0740740895271301,-0.0150376688688993,0.0068965447135269,0.023076994344592,-0.058219201862812,0.0,-0.003636360168457,-0.1503268182277679,0.0145985260605812,-0.0347003564238548,-0.0287769511342048,-0.0216049179434776,-0.0222222004085779,0.0062111741863191,0.0113636255264282,0.0062499940395355,0.0299625173211097,0.006289301905781,0.003636360168457,-0.0363636016845703,-0.065217413008213,-0.0406977050006389,0.027131849899888,-0.0337078347802162,0.0188679061830043,-0.0219780653715133,0.0148148005828261,-0.0108695542439818,-0.0036496315151453,-0.0054053999483585,-0.0109890000894665,-0.051282063126564,-0.0185185000300407,-0.0151515007019043,-0.0075471624732017,-0.0341463088989257,-0.0114069236442446,0.0,0.026923144236207,0.0098522072657942,0.0187265742570161,-0.0772727578878402,-0.0257352702319622,0.0185185000300407,0.0264150686562061,-0.0313901044428348,0.0,-0.0262008495628833,-0.0147058684378862,0.0177777614444494,0.0074626794084906,0.0,0.0370370000600814,-0.0702479630708694,0.0035714253317564,0.1152073666453362,0.0391459539532661,-0.0180995296686887,0.0239725783467292,-0.0307017248123884,0.0535117350518703,-0.0460251569747924,0.158730149269104,0.0042016762308776,0.1643835306167603,-0.0305498205125331,-0.0729411616921424,-0.0219123773276805,-0.0951776653528213,-0.0456274226307869,0.0546984374523162,0.0313726142048835,-0.0372340716421604,0.0365853309631347,0.0303867775946855,0.0165289100259542,0.0375334769487381,-0.0763358101248741,-0.0206718146800994,0.0,0.076517142355442,-0.0260223671793937,0.009803912602365,0.0228136647492647,0.0873786732554435,-0.0295202657580375,0.0468750074505806,0.0037037001457065,-0.0533049032092094,0.0305344145745039,-0.065315306186676,-0.016885582357645,0.0168673954904079,-0.0344203002750873,-0.0308056026697158,-0.0142857013270258,0.0188679061830043,0.0281690713018178,0.0062893022992012,0.0428571875681211,1.5778289785828292e-10,0.0428571875681211,0.2704402219808635,0.0281690720366512,0.6352200353245434,0.2268907259528645,0.6540881011065551,-0.2878048489463863,1.5723270821564226,-0.4785714088178935,2019-02-26,2019-02-27,2019-02-28,2019-03-01,2019-03-04,2019-03-05,2019-03-06,2019-03-07,2019-03-08,2019-03-11,91348.0,2019-02-25,252.0,8.9041%,-0.0025,0.4119,0.6628,0.033,3.4857%,3.5309%,2.5440%,0.0903139999999999,ATEC,91348.0,2019-02-26,252.0,1.8868%,-0.0024,0.4037,0.6343,0.0124,3.4895%,3.5330%,2.4504%,0.023778,ATEC,91348.0,2019-02-27,252.0,-1.2346%,-0.0025,0.3962,0.6442,0.0111,3.4887%,3.5319%,2.4302%,-0.013999,ATEC,91348.0,2019-02-28,252.0,-0.6250%,-0.0025,0.3933,0.6421,0.0096,3.4885%,3.5311%,2.3957%,-0.005223,ATEC,91348.0,2019-03-01,252.0,1.2579%,-0.0024,0.3827,0.6264,-0.0115,3.4866%,3.5278%,2.3235%,0.007833,ATEC,91348.0,2019-03-04,252.0,25.4658%,-0.0013,0.3542,0.4858,0.0494,3.8545%,3.8806%,1.3397%,0.259109,ATEC,91348.0,2019-03-05,252.0,4.9505%,-0.0011,0.3463,0.4586,0.0242,3.8688%,3.8936%,1.2686%,0.051642,ATEC,91348.0,2019-03-06,252.0,2.3585%,-0.001,0.3331,0.3898,0.0,3.8743%,3.8966%,1.1429%,0.032172,ATEC,91348.0,2019-03-07,252.0,7.3733%,-0.0007,0.2928,0.3445,-0.0664,3.9030%,3.9223%,0.9816%,0.0766469999999999,ATEC,91348.0,2019-03-08,252.0,6.8670%,-0.0006,0.2854,0.3113,-0.0765,3.9227%,3.9407%,0.9088%,0.068939,ATEC,91348.0,2019-03-11,252.0,4.4177%,-0.0005,0.3046,0.351,-0.0637,3.9273%,3.9478%,1.0349%,0.038315,ATEC,0.114092,0.100093,0.09487,0.361812,0.629527
39611,AIR TRANSPORT SERVICES GROUP INC,Atlas Air Confirms Three Fatalities In Freighter Crash Outside Houston,6,decrease,0.8,0.7,"the confirmation of fatalities in a freighter crash is likely to negatively impact investor sentiment and raise concerns about safety and operational risks, leading to a decrease in stock price.",0,2019-02-25,ATSG,2019-02-25 16:37:00+00:00,90716.0,00922R10,-0.0223441664129495,544265.0,-0.015637582167983,0.0031458877492696,-0.0175152104347944,-0.0074161016382277,-0.0352404788136482,0.0170702785253524,-0.020197732374072,0.0116466237232089,-0.0692982450127601,0.0302027110010385,-0.0009424387826584,-0.0094262110069394,-0.0004717088886536,-0.0028606331907212,-0.0004719315038528,0.0238493606448173,0.007082134950906,-0.0037515696603804,-0.0182840786874294,-0.0159966945648193,-0.0195797439664602,-0.0008196909329853,0.0034096294548362,-0.0008190195658244,-0.0082524307072162,0.0175000037997961,-0.0137053690850734,0.0139416949823498,0.0124069480225443,-0.0033684177324175,-0.0093137519434094,0.0188760422170162,0.0326571874320507,-0.0122881745919585,0.0464781634509563,-0.0054782624356448,-0.03113554418087,-0.0161692071706056,0.0212665777653455,0.0194421391934156,-0.0018510372610762,-0.0112829273566603,0.0194714926183223,-0.0037468839436769,0.0027284887619316,-0.0078479405492544,0.0453514754772186,0.022381704300642,0.015618247911334,0.0171821136027574,-0.0358821079134941,-0.0106247337535023,-0.0070890495553612,0.0077087925747036,0.0196341164410114,-0.0114310095086693,0.0008752935682423,0.0012717543868348,-0.0034980289638042,0.0238714944571256,-0.0114085217937827,-0.0290770605206489,0.0168663617223501,0.0206451416015625,0.0157136879861354,0.0449438206851482,0.0090244552120566,0.0086128981783986,-0.005536591168493,-0.0208611283451318,0.0128479329869151,-0.0122752645984292,-0.0016912900609895,0.0429811887443065,0.0050825467333197,0.0092293843626976,-0.0164348669350147,0.0154639137908816,0.0025706712622195,0.0627490133047103,0.0119658410549163,-0.0098619703203439,-0.0367399007081985,0.1015752777457237,0.0135905910283327,0.051399178802967,0.0164359491318464,-0.0315265320241451,0.0012766249710693,0.0296127833425998,-0.016574639827013,0.0,-0.0030250516720116,-0.0112613039091229,0.0030342303216457,-0.0252469312399625,-0.0224718488752841,0.0139120761305093,-0.0305040013045072,-0.0022210390307009,0.0911992713809013,0.0123664587736129,-0.0505641847848892,-0.0154952285811305,-0.0176056176424026,0.0140291806310415,-0.0058243353851139,-0.0439914017915725,-0.0031545602250844,0.0059362491592764,0.0370705090463161,0.0081611275672912,0.0305143352597951,-0.0275132525712251,-0.0190354846417903,0.0288513209670782,-0.0155239589512348,-0.0207888800650835,-0.00613225530833,0.0135062122717499,-0.015637582167983,0.0031458877492696,-0.0328788970604139,-0.0042935441122491,-0.0669607077987884,0.0127034424192462,-0.1491580265081331,0.0554406359258534,-0.1603849221792733,0.0463495131668045,-0.086206880523352,0.1072048297239915,-0.0902165181508767,0.3781739557137102,2019-02-26,2019-02-27,2019-02-28,2019-03-01,2019-03-04,2019-03-05,2019-03-06,2019-03-07,2019-03-08,2019-03-11,90716.0,2019-02-25,252.0,-2.2344%,0.0001,0.9057,0.6698,0.0611,2.0940%,2.3300%,19.2334%,-0.022019,ATSG,90716.0,2019-02-26,252.0,-1.5638%,-0.0001,0.8897,0.699,0.064,2.0862%,2.3177%,18.9784%,-0.0098,ATSG,90716.0,2019-02-27,252.0,-1.7515%,-0.0001,0.8913,0.6903,0.0642,2.0897%,2.3204%,18.8978%,-0.019667,ATSG,90716.0,2019-02-28,252.0,-3.5240%,-0.0002,0.896,0.6924,0.0751,2.0995%,2.3288%,18.7237%,-0.032555,ATSG,90716.0,2019-03-01,252.0,-2.0198%,-0.0006,0.939,0.7564,0.1547,2.0442%,2.2935%,20.5567%,-0.028446,ATSG,90716.0,2019-03-04,252.0,-6.9298%,-0.0007,0.9249,0.8583,0.1457,2.0599%,2.3134%,20.7186%,-0.062084,ATSG,90716.0,2019-03-05,252.0,-0.0942%,-0.0006,0.9293,0.8949,0.1473,2.0551%,2.3130%,21.0573%,0.0035499999999999,ATSG,90716.0,2019-03-06,252.0,-0.0472%,-0.0005,0.9333,0.8455,0.1451,2.0537%,2.3109%,21.0246%,0.018461,ATSG,90716.0,2019-03-07,252.0,-0.0472%,-0.0005,0.9278,0.8355,0.135,2.0540%,2.3089%,20.8580%,0.008162,ATSG,90716.0,2019-03-08,252.0,0.7082%,-0.0004,0.9258,0.8486,0.131,2.0535%,2.3091%,20.9128%,0.0088449999999999,ATSG,90716.0,2019-03-11,252.0,-1.8284%,-0.0005,0.908,0.8378,0.134,2.0644%,2.3118%,20.2528%,-0.034542,ATSG,-0.031819,-0.051486,-0.084041,-0.174571,-0.170095
39619,AURINIA PHARMACEUTICALS INC,Aurinia Pharmaceuticals shares are trading higher after the company received a notice of allowance from the US Patent and Trademark Office for claims directed to its novel voclosporin dosing protocol.,6,increase,0.8,0.6,"the notice of allowance for a novel dosing protocol suggests potential for enhanced market position and revenue, likely leading to an increase in stock price.",2,2019-02-25,AUPH,2019-02-25 18:24:00+00:00,14924.0,05156V10,0.1631663590669632,3855161.0,-0.0277777519077062,0.0114379366859793,0.0142857003957033,-0.0301109440624713,-0.0492957606911659,0.0177419576793909,0.0059259203262627,-0.0620272792875766,-0.0324005596339702,0.0060882740654051,-0.0091324113309383,0.0233645010739564,-0.007680520415306,-0.0092592500150203,-0.0108359400182962,-0.0181818008422851,-0.0015649064444005,0.0091743031516671,-0.007837020792067,0.0380952022969722,-0.0094786640256643,-0.0425531528890132,-0.0015948568470776,-0.0179104320704937,0.0015974043635651,-0.0117994686588645,0.0,0.067716583609581,0.0,0.007936461828649,0.023923460394144,-0.0094339530915021,0.0638629049062728,0.009523800574243,-0.0117130195721983,0.0396040007472038,-0.0414815135300159,-0.0114192776381969,0.0185471978038549,-0.0300632994621992,0.0015174130676314,-0.0733137801289558,-0.0272727012634277,-0.010159607976675,0.0,-0.087417259812355,0.0124610476195812,0.0147849638015031,0.0353846177458763,0.017783872783184,0.002971765352413,-0.0431937091052532,-0.0088888807222247,0.0380434431135654,-0.0284006055444479,-0.0040595037862658,-0.0015384966973215,0.0393811166286468,-0.0015407939208671,0.0028208717703819,-0.0185185000300407,0.0275362394750118,0.0204401947557926,-0.0240452717989683,0.0107858516275882,0.0647590830922126,-0.0213414430618286,0.0106544429436326,-0.0015576680889353,-0.0394736789166927,0.0078003420494496,0.0029325485229492,-0.0216718055307865,-0.0014640925219282,-0.0015823146095499,0.1252058893442154,-0.0015847467584535,0.011666695587337,0.0031745999585837,0.0889291763305664,-0.0110759763047099,-0.0036166328936815,-0.0112000275403261,-0.0399305559694767,0.0194175355136394,0.0123023148626089,0.009523800574243,0.0178890693932771,-0.0298742223531007,-0.0311958100646734,-0.0129659520462155,-0.0399334840476512,0.0114942025393247,-0.0115131074562668,0.0064935004338622,-0.0177706200629472,0.0258065052330493,0.0214521642774343,-0.0204402692615985,0.0016528514679521,0.0032102698460221,-0.0114378584548831,-0.0159999839961528,-0.0254777576774358,0.0130081176757812,0.0211382303386926,-0.0288924276828765,-0.0096618263050913,0.0033057818654924,0.0247524920850992,0.0395386777818203,0.0394511185586452,0.0190174151211977,0.0448028668761253,0.024883409962058,0.0238532330840826,0.0106221083551645,-0.0036563037429004,-0.0315315388143062,0.0129629066213965,-0.0277777519077062,0.0114379366859793,-0.0138888761534226,-0.0190174144482336,-0.0624999741294601,-0.0016128629311548,-0.0874999521093012,-0.0578386762011653,-0.1208333213353395,-0.0174603351678929,-0.0999999728818263,-0.1269393619688499,-0.104166663746905,0.1462962959842657,2019-02-26,2019-02-27,2019-02-28,2019-03-01,2019-03-04,2019-03-05,2019-03-06,2019-03-07,2019-03-08,2019-03-11,14924.0,2019-02-25,252.0,16.3166%,0.001,0.9794,0.6531,-0.4924,2.7074%,2.9961%,18.3399%,0.1627019999999999,AUPH,14924.0,2019-02-26,252.0,-2.7778%,0.0008,0.9776,0.6892,-0.4755,2.7109%,2.9978%,18.2284%,-0.023756,AUPH,14924.0,2019-02-27,252.0,1.4286%,0.001,0.9873,0.6751,-0.4738,2.7083%,2.9977%,18.3710%,0.011426,AUPH,14924.0,2019-02-28,252.0,-4.9296%,0.0009,0.9856,0.6723,-0.4637,2.7222%,3.0062%,18.0030%,-0.047655,AUPH,14924.0,2019-03-01,252.0,0.5926%,0.0009,0.9765,0.6587,-0.4751,2.7212%,3.0020%,17.8296%,-0.0050649999999999,AUPH,14924.0,2019-03-04,252.0,-3.2401%,0.0009,0.9704,0.7003,-0.4784,2.7226%,3.0056%,17.9440%,-0.022925,AUPH,14924.0,2019-03-05,252.0,-0.9132%,0.0008,0.9673,0.6713,-0.4779,2.7203%,2.9978%,17.6541%,-0.00655,AUPH,14924.0,2019-03-06,252.0,-0.7681%,0.0008,0.9638,0.6544,-0.4842,2.7208%,2.9980%,17.6393%,0.009004,AUPH,14924.0,2019-03-07,252.0,-1.0836%,0.0008,0.969,0.6703,-0.4728,2.7199%,2.9988%,17.7366%,-0.004163,AUPH,14924.0,2019-03-08,252.0,-0.1565%,0.0008,0.9691,0.6715,-0.4726,2.7199%,2.9986%,17.7239%,-0.0006619999999999,AUPH,14924.0,2019-03-11,252.0,-0.7837%,0.0007,0.9543,0.6669,-0.4677,2.7251%,2.9984%,17.4030%,-0.027241,AUPH,0.138946,0.1503719999999999,0.1027169999999999,0.0747269999999999,0.0451149999999999
39627,AURINIA PHARMACEUTICALS INC,Aurinia Receives Notice of Allowance from the US Patent and Trademark Office for Claims Directed to Its Novel Voclosporin Dosing Protocol for Lupus Nephritis,6,increase,0.8,0.6,"the notice of allowance for a novel dosing protocol suggests potential for enhanced treatment options, which could positively impact investor sentiment and stock value.",2,2019-02-25,AUPH,2019-02-25 12:00:00+00:00,14924.0,05156V10,0.1631663590669632,3855161.0,-0.0277777519077062,0.0114379366859793,0.0142857003957033,-0.0301109440624713,-0.0492957606911659,0.0177419576793909,0.0059259203262627,-0.0620272792875766,-0.0324005596339702,0.0060882740654051,-0.0091324113309383,0.0233645010739564,-0.007680520415306,-0.0092592500150203,-0.0108359400182962,-0.0181818008422851,-0.0015649064444005,0.0091743031516671,-0.007837020792067,0.0380952022969722,-0.0094786640256643,-0.0425531528890132,-0.0015948568470776,-0.0179104320704937,0.0015974043635651,-0.0117994686588645,0.0,0.067716583609581,0.0,0.007936461828649,0.023923460394144,-0.0094339530915021,0.0638629049062728,0.009523800574243,-0.0117130195721983,0.0396040007472038,-0.0414815135300159,-0.0114192776381969,0.0185471978038549,-0.0300632994621992,0.0015174130676314,-0.0733137801289558,-0.0272727012634277,-0.010159607976675,0.0,-0.087417259812355,0.0124610476195812,0.0147849638015031,0.0353846177458763,0.017783872783184,0.002971765352413,-0.0431937091052532,-0.0088888807222247,0.0380434431135654,-0.0284006055444479,-0.0040595037862658,-0.0015384966973215,0.0393811166286468,-0.0015407939208671,0.0028208717703819,-0.0185185000300407,0.0275362394750118,0.0204401947557926,-0.0240452717989683,0.0107858516275882,0.0647590830922126,-0.0213414430618286,0.0106544429436326,-0.0015576680889353,-0.0394736789166927,0.0078003420494496,0.0029325485229492,-0.0216718055307865,-0.0014640925219282,-0.0015823146095499,0.1252058893442154,-0.0015847467584535,0.011666695587337,0.0031745999585837,0.0889291763305664,-0.0110759763047099,-0.0036166328936815,-0.0112000275403261,-0.0399305559694767,0.0194175355136394,0.0123023148626089,0.009523800574243,0.0178890693932771,-0.0298742223531007,-0.0311958100646734,-0.0129659520462155,-0.0399334840476512,0.0114942025393247,-0.0115131074562668,0.0064935004338622,-0.0177706200629472,0.0258065052330493,0.0214521642774343,-0.0204402692615985,0.0016528514679521,0.0032102698460221,-0.0114378584548831,-0.0159999839961528,-0.0254777576774358,0.0130081176757812,0.0211382303386926,-0.0288924276828765,-0.0096618263050913,0.0033057818654924,0.0247524920850992,0.0395386777818203,0.0394511185586452,0.0190174151211977,0.0448028668761253,0.024883409962058,0.0238532330840826,0.0106221083551645,-0.0036563037429004,-0.0315315388143062,0.0129629066213965,-0.0277777519077062,0.0114379366859793,-0.0138888761534226,-0.0190174144482336,-0.0624999741294601,-0.0016128629311548,-0.0874999521093012,-0.0578386762011653,-0.1208333213353395,-0.0174603351678929,-0.0999999728818263,-0.1269393619688499,-0.104166663746905,0.1462962959842657,2019-02-26,2019-02-27,2019-02-28,2019-03-01,2019-03-04,2019-03-05,2019-03-06,2019-03-07,2019-03-08,2019-03-11,14924.0,2019-02-25,252.0,16.3166%,0.001,0.9794,0.6531,-0.4924,2.7074%,2.9961%,18.3399%,0.1627019999999999,AUPH,14924.0,2019-02-26,252.0,-2.7778%,0.0008,0.9776,0.6892,-0.4755,2.7109%,2.9978%,18.2284%,-0.023756,AUPH,14924.0,2019-02-27,252.0,1.4286%,0.001,0.9873,0.6751,-0.4738,2.7083%,2.9977%,18.3710%,0.011426,AUPH,14924.0,2019-02-28,252.0,-4.9296%,0.0009,0.9856,0.6723,-0.4637,2.7222%,3.0062%,18.0030%,-0.047655,AUPH,14924.0,2019-03-01,252.0,0.5926%,0.0009,0.9765,0.6587,-0.4751,2.7212%,3.0020%,17.8296%,-0.0050649999999999,AUPH,14924.0,2019-03-04,252.0,-3.2401%,0.0009,0.9704,0.7003,-0.4784,2.7226%,3.0056%,17.9440%,-0.022925,AUPH,14924.0,2019-03-05,252.0,-0.9132%,0.0008,0.9673,0.6713,-0.4779,2.7203%,2.9978%,17.6541%,-0.00655,AUPH,14924.0,2019-03-06,252.0,-0.7681%,0.0008,0.9638,0.6544,-0.4842,2.7208%,2.9980%,17.6393%,0.009004,AUPH,14924.0,2019-03-07,252.0,-1.0836%,0.0008,0.969,0.6703,-0.4728,2.7199%,2.9988%,17.7366%,-0.004163,AUPH,14924.0,2019-03-08,252.0,-0.1565%,0.0008,0.9691,0.6715,-0.4726,2.7199%,2.9986%,17.7239%,-0.0006619999999999,AUPH,14924.0,2019-03-11,252.0,-0.7837%,0.0007,0.9543,0.6669,-0.4677,2.7251%,2.9984%,17.4030%,-0.027241,AUPH,0.138946,0.1503719999999999,0.1027169999999999,0.0747269999999999,0.0451149999999999
39635,ARMSTRONG WORLD INDS INC NEW,"Armstrong World Earlier Reaffirmed FY19 Guidance: Sales Growth In High-Single Digit Range, Adj. EBITDA Growth 10+%, Free Cash Flow 20+% Of Sales",6,increase,0.8,0.6,"the reaffirmation of strong sales growth and positive financial metrics suggests confidence in the company's performance, likely leading to an increase in stock price.",2,2019-02-25,AWI,2019-02-25 15:37:00+00:00,91516.0,04247X10,0.009028778411448,1160715.0,0.0075921574607491,0.0243833772838115,0.0115715907886624,0.0251400656998157,-0.0266028195619583,-0.0041487971320748,0.0099754491820931,0.0025817598216235,0.0164388213306665,0.0160302892327308,-0.0193461906164884,-0.0106689427047967,-0.0076190144754946,0.0065302122384309,0.0039758831262588,0.0195296257734298,0.0028676644433289,-0.0052980226464569,0.0074890442192554,0.0044345222413539,-0.0055412356741726,-0.0039752158336341,-0.0014949797187,-0.0032286648638546,-0.0133388228714466,-0.0094490703195333,-0.0034487517550587,0.0042335898615419,0.0143964691087603,0.0067607155069708,0.0162391159683466,0.0222356282174587,0.0022827738430351,-0.0015002414584159,0.0210342947393655,0.004218234680593,-0.0122031271457672,0.0048440764658153,-0.0039850613102316,0.0117934849113225,0.0052013788372278,0.0108376620337367,0.007164666429162,-0.0082911243662238,0.0260834619402885,0.0033892092760652,0.0196430701762437,0.012636587023735,0.022034753113985,0.0168146826326847,-0.0004928042180836,-0.0137671660631895,0.0138050382956862,-0.0112916212528944,0.0037689672317355,0.0035703720059245,0.0150194466114044,-0.0058642728254199,0.0064438339322805,0.0043398393318057,-0.0043869474902749,0.0024859544355422,0.0040490212850272,0.0177102927118539,-0.0037955129519104,0.0065255425870418,-0.00119059975259,0.0577441118657589,0.015615657903254,-0.0071870349347591,0.0134976711124181,0.0278303176164627,-0.0045164953917264,0.0095386616885662,0.0095393173396587,-0.0038009884301573,0.0011523216962814,0.0036414584610611,0.0181860253214836,0.0460728667676448,0.0019217518856748,-0.0415507555007934,-0.0060927555896341,-0.0081048663705587,-0.0039731920696794,-0.0297808051109314,-0.006724371574819,-0.0217675622552633,-0.005507783498615,0.0151187879964709,-0.0048459465615451,-0.0092181293293833,0.0136811630800366,-0.0206351578235626,0.0207022484391927,-0.0169572066515684,-0.0053787063807249,0.0012694067554548,-0.0082244630903005,-0.0134627521038055,-0.0092581836506724,-0.0091515453532338,0.0027573283296078,-0.0134659111499786,0.0048120780847966,0.0049208011478185,-0.021664697676897,-0.0425500497221946,0.0139859775081276,0.0164950042963028,0.0117240995168685,-0.0008949319017119,0.0053397095762193,0.0,-0.0061023947782814,0.0280589051544666,-0.0020466209389269,-0.004122715909034,0.0157229676842689,0.0153488041833043,0.0075921574607491,0.0243833772838115,0.0192516015887505,0.0501364426905257,-0.007863364856552,0.0457796396288039,0.0185058957655923,0.0652870225907844,0.00546033543942,0.0805616669878561,0.1461078989861881,0.1329820562290375,0.2139074730131662,0.1362534135334803,2019-02-26,2019-02-27,2019-02-28,2019-03-01,2019-03-04,2019-03-05,2019-03-06,2019-03-07,2019-03-08,2019-03-11,91516.0,2019-02-25,252.0,0.9029%,0.0006,0.8967,0.6768,0.1434,1.2028%,1.5592%,40.4984%,0.009613,AWI,91516.0,2019-02-26,252.0,0.7592%,0.0007,0.8976,0.6576,0.1343,1.2050%,1.5595%,40.3019%,0.013731,AWI,91516.0,2019-02-27,252.0,1.1572%,0.0009,0.9181,0.6238,0.1378,1.1709%,1.5412%,42.2786%,0.009575,AWI,91516.0,2019-02-28,252.0,-2.6603%,0.0008,0.9294,0.6307,0.1517,1.1787%,1.5510%,42.2499%,-0.023637,AWI,91516.0,2019-03-01,252.0,0.9975%,0.0006,0.9498,0.661,0.1827,1.1599%,1.5473%,43.7989%,0.001971,AWI,91516.0,2019-03-04,252.0,1.6439%,0.0007,0.9497,0.6409,0.1873,1.1680%,1.5503%,43.2379%,0.023219,AWI,91516.0,2019-03-05,252.0,-1.9346%,0.0008,0.9578,0.6934,0.199,1.1624%,1.5541%,44.0612%,-0.015385,AWI,91516.0,2019-03-06,252.0,-0.7619%,0.0008,0.952,0.6786,0.1904,1.1631%,1.5531%,43.9118%,0.008994,AWI,91516.0,2019-03-07,252.0,0.3976%,0.0008,0.9464,0.6751,0.182,1.1656%,1.5523%,43.6208%,0.012795,AWI,91516.0,2019-03-08,252.0,0.2868%,0.001,0.9434,0.7153,0.1752,1.1431%,1.5399%,44.8932%,0.004832,AWI,91516.0,2019-03-11,252.0,0.7489%,0.0009,0.9387,0.7092,0.1741,1.1445%,1.5403%,44.7899%,-0.008322,AWI,0.023344,0.032919,0.009282,0.034472,0.037386
39643,ARMSTRONG WORLD INDS INC NEW,"Armstrong World Q4 EPS $0.74 Misses $0.83 Estimate, Sales $238.9M Miss $239.46M Estimate",6,decrease,0.8,0.6,"the company's earnings per share and sales both missed analyst estimates, which typically leads to a negative reaction in stock prices.",0,2019-02-25,AWI,2019-02-25 11:03:00+00:00,91516.0,04247X10,0.009028778411448,1160715.0,0.0075921574607491,0.0243833772838115,0.0115715907886624,0.0251400656998157,-0.0266028195619583,-0.0041487971320748,0.0099754491820931,0.0025817598216235,0.0164388213306665,0.0160302892327308,-0.0193461906164884,-0.0106689427047967,-0.0076190144754946,0.0065302122384309,0.0039758831262588,0.0195296257734298,0.0028676644433289,-0.0052980226464569,0.0074890442192554,0.0044345222413539,-0.0055412356741726,-0.0039752158336341,-0.0014949797187,-0.0032286648638546,-0.0133388228714466,-0.0094490703195333,-0.0034487517550587,0.0042335898615419,0.0143964691087603,0.0067607155069708,0.0162391159683466,0.0222356282174587,0.0022827738430351,-0.0015002414584159,0.0210342947393655,0.004218234680593,-0.0122031271457672,0.0048440764658153,-0.0039850613102316,0.0117934849113225,0.0052013788372278,0.0108376620337367,0.007164666429162,-0.0082911243662238,0.0260834619402885,0.0033892092760652,0.0196430701762437,0.012636587023735,0.022034753113985,0.0168146826326847,-0.0004928042180836,-0.0137671660631895,0.0138050382956862,-0.0112916212528944,0.0037689672317355,0.0035703720059245,0.0150194466114044,-0.0058642728254199,0.0064438339322805,0.0043398393318057,-0.0043869474902749,0.0024859544355422,0.0040490212850272,0.0177102927118539,-0.0037955129519104,0.0065255425870418,-0.00119059975259,0.0577441118657589,0.015615657903254,-0.0071870349347591,0.0134976711124181,0.0278303176164627,-0.0045164953917264,0.0095386616885662,0.0095393173396587,-0.0038009884301573,0.0011523216962814,0.0036414584610611,0.0181860253214836,0.0460728667676448,0.0019217518856748,-0.0415507555007934,-0.0060927555896341,-0.0081048663705587,-0.0039731920696794,-0.0297808051109314,-0.006724371574819,-0.0217675622552633,-0.005507783498615,0.0151187879964709,-0.0048459465615451,-0.0092181293293833,0.0136811630800366,-0.0206351578235626,0.0207022484391927,-0.0169572066515684,-0.0053787063807249,0.0012694067554548,-0.0082244630903005,-0.0134627521038055,-0.0092581836506724,-0.0091515453532338,0.0027573283296078,-0.0134659111499786,0.0048120780847966,0.0049208011478185,-0.021664697676897,-0.0425500497221946,0.0139859775081276,0.0164950042963028,0.0117240995168685,-0.0008949319017119,0.0053397095762193,0.0,-0.0061023947782814,0.0280589051544666,-0.0020466209389269,-0.004122715909034,0.0157229676842689,0.0153488041833043,0.0075921574607491,0.0243833772838115,0.0192516015887505,0.0501364426905257,-0.007863364856552,0.0457796396288039,0.0185058957655923,0.0652870225907844,0.00546033543942,0.0805616669878561,0.1461078989861881,0.1329820562290375,0.2139074730131662,0.1362534135334803,2019-02-26,2019-02-27,2019-02-28,2019-03-01,2019-03-04,2019-03-05,2019-03-06,2019-03-07,2019-03-08,2019-03-11,91516.0,2019-02-25,252.0,0.9029%,0.0006,0.8967,0.6768,0.1434,1.2028%,1.5592%,40.4984%,0.009613,AWI,91516.0,2019-02-26,252.0,0.7592%,0.0007,0.8976,0.6576,0.1343,1.2050%,1.5595%,40.3019%,0.013731,AWI,91516.0,2019-02-27,252.0,1.1572%,0.0009,0.9181,0.6238,0.1378,1.1709%,1.5412%,42.2786%,0.009575,AWI,91516.0,2019-02-28,252.0,-2.6603%,0.0008,0.9294,0.6307,0.1517,1.1787%,1.5510%,42.2499%,-0.023637,AWI,91516.0,2019-03-01,252.0,0.9975%,0.0006,0.9498,0.661,0.1827,1.1599%,1.5473%,43.7989%,0.001971,AWI,91516.0,2019-03-04,252.0,1.6439%,0.0007,0.9497,0.6409,0.1873,1.1680%,1.5503%,43.2379%,0.023219,AWI,91516.0,2019-03-05,252.0,-1.9346%,0.0008,0.9578,0.6934,0.199,1.1624%,1.5541%,44.0612%,-0.015385,AWI,91516.0,2019-03-06,252.0,-0.7619%,0.0008,0.952,0.6786,0.1904,1.1631%,1.5531%,43.9118%,0.008994,AWI,91516.0,2019-03-07,252.0,0.3976%,0.0008,0.9464,0.6751,0.182,1.1656%,1.5523%,43.6208%,0.012795,AWI,91516.0,2019-03-08,252.0,0.2868%,0.001,0.9434,0.7153,0.1752,1.1431%,1.5399%,44.8932%,0.004832,AWI,91516.0,2019-03-11,252.0,0.7489%,0.0009,0.9387,0.7092,0.1741,1.1445%,1.5403%,44.7899%,-0.008322,AWI,0.023344,0.032919,0.009282,0.034472,0.037386
39651,AMERICAN STATES WATER CO,"American States Water Q4 EPS $0.37 Misses $0.38 Estimate, Sales $111.005M Beat $104.54M Estimate",6,decrease,0.7,0.6,"the earnings per share (eps) miss the estimate, which is likely to negatively impact investor sentiment despite the sales beat.",0,2019-02-25,AWR,2019-02-25 22:38:00+00:00,71475.0,02989910,-0.0147059243172407,179308.0,-0.0031272384803742,0.0142045449465513,0.0028519120533019,0.0077297580428421,0.011374881491065,0.0040241270326077,-0.0087163662537932,-0.0008615387487225,0.0104949343949556,0.004326551221311,-0.0105263162404298,0.0038211662322282,-0.0126241045072674,-0.010275456123054,0.0051716794259846,0.0127185611054301,0.004716333001852,0.0015923654427751,0.0186343882232904,0.0133490348234772,-0.0023739445023238,0.0203562434762716,-0.0012598539469763,-0.0069857495836913,-0.0091100428253412,0.0010415071155875,0.0031117571052163,0.0046337451785802,0.0052171847783029,-0.0121086779981851,-0.0099593084305524,0.0291793029755353,0.0043921442702412,0.012619262561202,0.0167866051197052,-0.0030683791264891,-0.0147059541195631,-0.0065538836643099,0.0067587071098387,-0.0145689575001597,0.0061538801528513,0.0152485510334372,-0.0033361897803843,0.0107892202213406,-0.0068340012803673,-0.0064319414086639,0.0012639231281355,-0.0018342268886044,-0.0134643288329243,0.0089451242238283,-0.0004264825256541,0.0012352408375591,-0.0082491002976894,0.0088798822835087,-0.0031550438143312,-0.0168478861451149,0.0158250387758016,-0.0018346237484365,-0.0138791017234325,0.0115991337224841,-0.0007180155953392,-0.0013899048790335,0.0037366268225014,0.0220994725823402,-0.0038659314159303,-0.0235819797962904,-0.0027310973964631,-0.0090118218213319,-0.0007206028094515,-0.0010680453851819,-0.0188952144235372,-0.0223747007548809,0.0044105127453804,0.0041941097006201,0.0108313504606485,0.0037588330451399,-0.0073848036117851,0.0161956492811441,0.0074397446587681,0.0282795820385217,0.0039097056724131,-0.0553576126694679,0.0087985089048743,-0.0118786506354808,-0.0018588057719171,0.0141285639256238,0.0058731366880238,0.0076426565647125,0.0135288657620549,-0.0064026247709989,-0.0134888170287013,-0.0293394811451435,-0.0009970046812668,0.0081597724929451,0.0191047042608261,0.0091162342578172,0.0001398224121658,0.0042823525145649,-0.0004196220543235,0.0171222500503063,-0.0116149149835109,0.0046779117546975,0.0039644120261073,0.0037867315113544,0.0157945994287729,0.0028861432801932,0.0115230018272995,-0.0321963392198085,-0.0048037120141088,0.0140130408108234,-0.0031030201353132,0.005998823326081,0.0080543560907244,-0.0197000354528427,0.0070257908664643,0.0029489377047866,0.0039671808481216,-0.0057176277041435,0.0038152171764522,0.0195814277976751,-0.0031272384803742,0.0142045449465513,-0.000284245036188,0.022044100684939,0.0110874032012759,0.0261569359790225,0.0127931991024894,0.0297087575697403,0.0179104782894983,0.0515354755992258,-0.0102345610973333,0.108616879069912,0.0511917407492337,0.071497306203959,2019-02-26,2019-02-27,2019-02-28,2019-03-01,2019-03-04,2019-03-05,2019-03-06,2019-03-07,2019-03-08,2019-03-11,71475.0,2019-02-25,252.0,-1.4706%,0.0011,0.4905,0.0895,0.0067,1.2527%,1.3570%,14.7903%,-0.015341,AWR,71475.0,2019-02-26,252.0,-0.3127%,0.001,0.4846,0.0992,0.0073,1.2509%,1.3526%,14.4695%,-0.0018479999999999,AWR,71475.0,2019-02-27,252.0,0.2852%,0.001,0.4847,0.0994,0.0073,1.2509%,1.3523%,14.4303%,0.002136,AWR,71475.0,2019-02-28,252.0,1.1375%,0.0011,0.4798,0.0964,0.001,1.2528%,1.3520%,14.1468%,0.012776,AWR,71475.0,2019-03-01,252.0,-0.8716%,0.0011,0.4665,0.0766,-0.0133,1.2510%,1.3458%,13.5922%,-0.012536,AWR,71475.0,2019-03-04,252.0,1.0495%,0.0012,0.4571,0.0971,-0.0083,1.2487%,1.3400%,13.1652%,0.013189,AWR,71475.0,2019-03-05,252.0,-1.0526%,0.0013,0.4636,0.1407,0.0003,1.2434%,1.3380%,13.6461%,-0.009558,AWR,71475.0,2019-03-06,252.0,-1.2624%,0.0012,0.4615,0.1625,0.0008,1.2427%,1.3378%,13.7044%,-0.007047,AWR,71475.0,2019-03-07,252.0,0.5172%,0.0014,0.4665,0.2028,0.019,1.2235%,1.3222%,14.3703%,0.008982,AWR,71475.0,2019-03-08,252.0,0.4716%,0.0013,0.4671,0.1828,0.021,1.2184%,1.3164%,14.3366%,0.005583,AWR,71475.0,2019-03-11,252.0,1.8634%,0.0014,0.4724,0.181,0.0173,1.2192%,1.3204%,14.7352%,0.011035,AWR,-0.017189,-0.0150529999999999,-0.0022769999999999,-0.0016239999999999,0.007371
39659,ASTRAZENECA PLC,AstraZeneca's Brilinta Found To Alleviate Cardiovascular Risk In Late-Stage Study,6,increase,0.8,0.7,"the positive results from a late-stage study on brilinta, which alleviates cardiovascular risk, are likely to boost investor confidence and demand for astrazeneca's stock.",2,2019-02-25,AZN,2019-02-25 15:51:00+00:00,79363.0,04635310,0.0136785879731178,5982142.0,0.0115662543103098,0.0126143535599112,0.0097665516659617,-0.0024672707077115,0.0033027231693267,0.0017300962936133,0.0043289195746183,-0.0112414248287677,-0.0016762380255386,0.0235117226839065,0.0148717379197478,0.0929469019174575,-0.0066178818233311,-0.0166666377335786,-0.0088032102212309,0.0141766751185059,0.0026404371019452,-0.0089164562523365,0.0100550195202231,0.0018949565710499,-0.0080587854608893,0.0018985542701557,0.0143369724974036,-0.0035135424695909,-0.0042402897961437,0.0065288818441331,0.0056777349673211,0.0030012766364961,0.0016467539826408,0.0019136056071147,0.0068106409162282,0.0175243690609931,0.0034989858977496,0.0112518016248941,-0.0016271430067718,0.0016905481461435,-0.0083818538114428,-0.0072726802900433,-0.0009392090723849,-0.0011176561238244,0.0091656735166907,-0.0245297830551862,-0.0067535424605011,0.0115797678008675,0.0077373506501317,-0.0076607055962085,-0.059329904615879,0.0071644615381956,0.0207766555249691,0.0139703825116157,0.0077538089826703,-0.0088618025183677,-0.0120221208781004,0.01575249992311,-0.0136286532506346,-0.037889078259468,0.0041944729164242,-0.0342393517494201,0.0039312001317739,0.0121692884713411,-0.0041605965234339,-0.0086546503007411,-0.0036863533314317,-0.0167611595243215,-0.0172669161111116,-0.0102093294262886,-0.0080321207642555,0.0221758000552654,0.007338079623878,0.0140212327241897,-0.0128109045326709,-0.0047393445856869,-0.0134859746322035,0.0055599440820515,0.0007737627020105,0.0126005690544843,-0.0012886401964351,-0.0082425251603126,-0.0015484225004911,0.0203472599387168,0.0007754612597636,-0.0173286516219377,0.0087809953838586,-0.0139327701181173,-0.0273937452584505,0.00184355257079,0.0050012799911201,-0.0068008978851139,-0.0136197078973054,-0.0031290466431528,-0.0082315821200609,-0.0204343050718307,0.0072289281524717,-0.0022935818415135,0.0209994930773973,0.0084811570122838,-0.0015621290076524,0.0064666322432458,-0.0096479514613747,0.0065087215043604,0.0084254788234829,0.0060240845195949,0.0044386941008269,-0.0177514441311359,-0.0213153026998043,-0.0250815153121948,-0.0098274294286966,0.0078361360356211,0.014485003426671,-0.0065293400548398,-0.0037017290014773,-0.0096990652382373,0.0031846850179135,0.0022432741243392,-0.0005291126435622,0.0055137192830443,-0.0063525112345814,-0.0047393022105097,0.0090570095926523,-0.0027363335248082,0.0115662543103098,0.0126143535599112,0.0214457683965749,0.0101159598271645,0.024819321002069,0.0118635577053811,0.0275304039100019,0.0240119840832995,0.0398538682463402,0.1082837107982177,0.0070735022595675,0.0830687753601124,-0.066374335047209,0.0184079116612119,2019-02-26,2019-02-27,2019-02-28,2019-03-01,2019-03-04,2019-03-05,2019-03-06,2019-03-07,2019-03-08,2019-03-11,79363.0,2019-02-25,252.0,1.3679%,0.0007,0.3984,-0.0729,-0.1635,1.2293%,1.3156%,12.6865%,0.012524,AZN,79363.0,2019-02-26,252.0,1.1566%,0.0008,0.3951,-0.0841,-0.1717,1.2309%,1.3162%,12.5303%,0.011097,AZN,79363.0,2019-02-27,252.0,0.9767%,0.0008,0.3955,-0.0823,-0.1716,1.2321%,1.3170%,12.4828%,0.009265,AZN,79363.0,2019-02-28,252.0,0.3303%,0.0008,0.3916,-0.0849,-0.1751,1.2317%,1.3153%,12.3121%,0.004016,AZN,79363.0,2019-03-01,252.0,0.4329%,0.0009,0.3813,-0.1003,-0.1912,1.2269%,1.3091%,12.1510%,0.000965,AZN,79363.0,2019-03-04,252.0,-0.1676%,0.0009,0.3804,-0.0968,-0.191,1.2269%,1.3083%,12.0549%,0.000561,AZN,79363.0,2019-03-05,252.0,1.4872%,0.001,0.3776,-0.1097,-0.1981,1.2298%,1.3108%,11.9713%,0.01467,AZN,79363.0,2019-03-06,252.0,-0.6618%,0.0009,0.3706,-0.0898,-0.2032,1.2254%,1.3048%,11.8071%,-0.0048389999999999,AZN,79363.0,2019-03-07,252.0,-0.8803%,0.0009,0.3753,-0.0816,-0.1947,1.2259%,1.3060%,11.8944%,-0.0065869999999999,AZN,79363.0,2019-03-08,252.0,0.2640%,0.0009,0.3747,-0.0778,-0.1958,1.2258%,1.3059%,11.8954%,0.0030859999999999,AZN,79363.0,2019-03-11,252.0,1.0055%,0.0009,0.3762,-0.0778,-0.1965,1.2259%,1.3071%,12.0447%,0.003643,AZN,0.023621,0.032886,0.036902,0.038428,0.048401
39667,ASTRAZENECA PLC,AstrazZeneca's Brilinta's Phase 3 Trial Met its Primary Endpoint in Patients with Established Coronary Artery Disease and Type-2 Diabetes,6,increase,0.8,0.7,"the successful phase 3 trial of brilinta in a significant patient population is likely to boost investor confidence and potentially lead to increased sales, positively impacting astrazeneca's stock price.",2,2019-02-25,AZN,2019-02-25 12:04:00+00:00,79363.0,04635310,0.0136785879731178,5982142.0,0.0115662543103098,0.0126143535599112,0.0097665516659617,-0.0024672707077115,0.0033027231693267,0.0017300962936133,0.0043289195746183,-0.0112414248287677,-0.0016762380255386,0.0235117226839065,0.0148717379197478,0.0929469019174575,-0.0066178818233311,-0.0166666377335786,-0.0088032102212309,0.0141766751185059,0.0026404371019452,-0.0089164562523365,0.0100550195202231,0.0018949565710499,-0.0080587854608893,0.0018985542701557,0.0143369724974036,-0.0035135424695909,-0.0042402897961437,0.0065288818441331,0.0056777349673211,0.0030012766364961,0.0016467539826408,0.0019136056071147,0.0068106409162282,0.0175243690609931,0.0034989858977496,0.0112518016248941,-0.0016271430067718,0.0016905481461435,-0.0083818538114428,-0.0072726802900433,-0.0009392090723849,-0.0011176561238244,0.0091656735166907,-0.0245297830551862,-0.0067535424605011,0.0115797678008675,0.0077373506501317,-0.0076607055962085,-0.059329904615879,0.0071644615381956,0.0207766555249691,0.0139703825116157,0.0077538089826703,-0.0088618025183677,-0.0120221208781004,0.01575249992311,-0.0136286532506346,-0.037889078259468,0.0041944729164242,-0.0342393517494201,0.0039312001317739,0.0121692884713411,-0.0041605965234339,-0.0086546503007411,-0.0036863533314317,-0.0167611595243215,-0.0172669161111116,-0.0102093294262886,-0.0080321207642555,0.0221758000552654,0.007338079623878,0.0140212327241897,-0.0128109045326709,-0.0047393445856869,-0.0134859746322035,0.0055599440820515,0.0007737627020105,0.0126005690544843,-0.0012886401964351,-0.0082425251603126,-0.0015484225004911,0.0203472599387168,0.0007754612597636,-0.0173286516219377,0.0087809953838586,-0.0139327701181173,-0.0273937452584505,0.00184355257079,0.0050012799911201,-0.0068008978851139,-0.0136197078973054,-0.0031290466431528,-0.0082315821200609,-0.0204343050718307,0.0072289281524717,-0.0022935818415135,0.0209994930773973,0.0084811570122838,-0.0015621290076524,0.0064666322432458,-0.0096479514613747,0.0065087215043604,0.0084254788234829,0.0060240845195949,0.0044386941008269,-0.0177514441311359,-0.0213153026998043,-0.0250815153121948,-0.0098274294286966,0.0078361360356211,0.014485003426671,-0.0065293400548398,-0.0037017290014773,-0.0096990652382373,0.0031846850179135,0.0022432741243392,-0.0005291126435622,0.0055137192830443,-0.0063525112345814,-0.0047393022105097,0.0090570095926523,-0.0027363335248082,0.0115662543103098,0.0126143535599112,0.0214457683965749,0.0101159598271645,0.024819321002069,0.0118635577053811,0.0275304039100019,0.0240119840832995,0.0398538682463402,0.1082837107982177,0.0070735022595675,0.0830687753601124,-0.066374335047209,0.0184079116612119,2019-02-26,2019-02-27,2019-02-28,2019-03-01,2019-03-04,2019-03-05,2019-03-06,2019-03-07,2019-03-08,2019-03-11,79363.0,2019-02-25,252.0,1.3679%,0.0007,0.3984,-0.0729,-0.1635,1.2293%,1.3156%,12.6865%,0.012524,AZN,79363.0,2019-02-26,252.0,1.1566%,0.0008,0.3951,-0.0841,-0.1717,1.2309%,1.3162%,12.5303%,0.011097,AZN,79363.0,2019-02-27,252.0,0.9767%,0.0008,0.3955,-0.0823,-0.1716,1.2321%,1.3170%,12.4828%,0.009265,AZN,79363.0,2019-02-28,252.0,0.3303%,0.0008,0.3916,-0.0849,-0.1751,1.2317%,1.3153%,12.3121%,0.004016,AZN,79363.0,2019-03-01,252.0,0.4329%,0.0009,0.3813,-0.1003,-0.1912,1.2269%,1.3091%,12.1510%,0.000965,AZN,79363.0,2019-03-04,252.0,-0.1676%,0.0009,0.3804,-0.0968,-0.191,1.2269%,1.3083%,12.0549%,0.000561,AZN,79363.0,2019-03-05,252.0,1.4872%,0.001,0.3776,-0.1097,-0.1981,1.2298%,1.3108%,11.9713%,0.01467,AZN,79363.0,2019-03-06,252.0,-0.6618%,0.0009,0.3706,-0.0898,-0.2032,1.2254%,1.3048%,11.8071%,-0.0048389999999999,AZN,79363.0,2019-03-07,252.0,-0.8803%,0.0009,0.3753,-0.0816,-0.1947,1.2259%,1.3060%,11.8944%,-0.0065869999999999,AZN,79363.0,2019-03-08,252.0,0.2640%,0.0009,0.3747,-0.0778,-0.1958,1.2258%,1.3059%,11.8954%,0.0030859999999999,AZN,79363.0,2019-03-11,252.0,1.0055%,0.0009,0.3762,-0.0778,-0.1965,1.2259%,1.3071%,12.0447%,0.003643,AZN,0.023621,0.032886,0.036902,0.038428,0.048401
39675,ASTRAZENECA PLC,AstraZeneca Announces Brilinta's PhIII THEMIS Trial Met Primary Endpoint,6,increase,0.8,0.7,"the announcement that brilinta's phase iii themis trial met its primary endpoint is likely to be viewed positively by investors, suggesting potential for increased sales and market confidence in astrazeneca's product pipeline.",2,2019-02-25,AZN,2019-02-25 09:47:00+00:00,79363.0,04635310,0.0136785879731178,5982142.0,0.0115662543103098,0.0126143535599112,0.0097665516659617,-0.0024672707077115,0.0033027231693267,0.0017300962936133,0.0043289195746183,-0.0112414248287677,-0.0016762380255386,0.0235117226839065,0.0148717379197478,0.0929469019174575,-0.0066178818233311,-0.0166666377335786,-0.0088032102212309,0.0141766751185059,0.0026404371019452,-0.0089164562523365,0.0100550195202231,0.0018949565710499,-0.0080587854608893,0.0018985542701557,0.0143369724974036,-0.0035135424695909,-0.0042402897961437,0.0065288818441331,0.0056777349673211,0.0030012766364961,0.0016467539826408,0.0019136056071147,0.0068106409162282,0.0175243690609931,0.0034989858977496,0.0112518016248941,-0.0016271430067718,0.0016905481461435,-0.0083818538114428,-0.0072726802900433,-0.0009392090723849,-0.0011176561238244,0.0091656735166907,-0.0245297830551862,-0.0067535424605011,0.0115797678008675,0.0077373506501317,-0.0076607055962085,-0.059329904615879,0.0071644615381956,0.0207766555249691,0.0139703825116157,0.0077538089826703,-0.0088618025183677,-0.0120221208781004,0.01575249992311,-0.0136286532506346,-0.037889078259468,0.0041944729164242,-0.0342393517494201,0.0039312001317739,0.0121692884713411,-0.0041605965234339,-0.0086546503007411,-0.0036863533314317,-0.0167611595243215,-0.0172669161111116,-0.0102093294262886,-0.0080321207642555,0.0221758000552654,0.007338079623878,0.0140212327241897,-0.0128109045326709,-0.0047393445856869,-0.0134859746322035,0.0055599440820515,0.0007737627020105,0.0126005690544843,-0.0012886401964351,-0.0082425251603126,-0.0015484225004911,0.0203472599387168,0.0007754612597636,-0.0173286516219377,0.0087809953838586,-0.0139327701181173,-0.0273937452584505,0.00184355257079,0.0050012799911201,-0.0068008978851139,-0.0136197078973054,-0.0031290466431528,-0.0082315821200609,-0.0204343050718307,0.0072289281524717,-0.0022935818415135,0.0209994930773973,0.0084811570122838,-0.0015621290076524,0.0064666322432458,-0.0096479514613747,0.0065087215043604,0.0084254788234829,0.0060240845195949,0.0044386941008269,-0.0177514441311359,-0.0213153026998043,-0.0250815153121948,-0.0098274294286966,0.0078361360356211,0.014485003426671,-0.0065293400548398,-0.0037017290014773,-0.0096990652382373,0.0031846850179135,0.0022432741243392,-0.0005291126435622,0.0055137192830443,-0.0063525112345814,-0.0047393022105097,0.0090570095926523,-0.0027363335248082,0.0115662543103098,0.0126143535599112,0.0214457683965749,0.0101159598271645,0.024819321002069,0.0118635577053811,0.0275304039100019,0.0240119840832995,0.0398538682463402,0.1082837107982177,0.0070735022595675,0.0830687753601124,-0.066374335047209,0.0184079116612119,2019-02-26,2019-02-27,2019-02-28,2019-03-01,2019-03-04,2019-03-05,2019-03-06,2019-03-07,2019-03-08,2019-03-11,79363.0,2019-02-25,252.0,1.3679%,0.0007,0.3984,-0.0729,-0.1635,1.2293%,1.3156%,12.6865%,0.012524,AZN,79363.0,2019-02-26,252.0,1.1566%,0.0008,0.3951,-0.0841,-0.1717,1.2309%,1.3162%,12.5303%,0.011097,AZN,79363.0,2019-02-27,252.0,0.9767%,0.0008,0.3955,-0.0823,-0.1716,1.2321%,1.3170%,12.4828%,0.009265,AZN,79363.0,2019-02-28,252.0,0.3303%,0.0008,0.3916,-0.0849,-0.1751,1.2317%,1.3153%,12.3121%,0.004016,AZN,79363.0,2019-03-01,252.0,0.4329%,0.0009,0.3813,-0.1003,-0.1912,1.2269%,1.3091%,12.1510%,0.000965,AZN,79363.0,2019-03-04,252.0,-0.1676%,0.0009,0.3804,-0.0968,-0.191,1.2269%,1.3083%,12.0549%,0.000561,AZN,79363.0,2019-03-05,252.0,1.4872%,0.001,0.3776,-0.1097,-0.1981,1.2298%,1.3108%,11.9713%,0.01467,AZN,79363.0,2019-03-06,252.0,-0.6618%,0.0009,0.3706,-0.0898,-0.2032,1.2254%,1.3048%,11.8071%,-0.0048389999999999,AZN,79363.0,2019-03-07,252.0,-0.8803%,0.0009,0.3753,-0.0816,-0.1947,1.2259%,1.3060%,11.8944%,-0.0065869999999999,AZN,79363.0,2019-03-08,252.0,0.2640%,0.0009,0.3747,-0.0778,-0.1958,1.2258%,1.3059%,11.8954%,0.0030859999999999,AZN,79363.0,2019-03-11,252.0,1.0055%,0.0009,0.3762,-0.0778,-0.1965,1.2259%,1.3071%,12.0447%,0.003643,AZN,0.023621,0.032886,0.036902,0.038428,0.048401
39683,AUTOZONE INC,AutoZone Q2 Earnings Preview,6,uncertain,0.5,0.5,the impact on autozone's stock price is uncertain as it depends on the actual earnings results and market expectations.,1,2019-02-25,AZO,2019-02-25 18:35:00+00:00,76605.0,05333210,-0.0241976156830787,364329.0,0.0510342009365558,0.0058808117173612,-0.0246738046407699,-0.0160779003053903,0.0296513754874467,0.0048654079437255,-0.0102771800011396,-0.0033378715161234,0.0039060870185494,0.0163432396948337,0.0073744626715779,0.0152576249092817,-0.0047668637707829,0.0005162879242561,0.005559429526329,0.0033675162121653,-0.0061878766864538,0.0158223006874322,0.0056701391004025,-0.0053370078094303,-0.0057658199220895,0.012314535677433,0.0063877250067889,-0.0015412181382998,0.0102489460259676,-2.302577740920242e-05,0.0126391891390085,0.0229789391160011,0.013884462416172,0.0030329574365168,0.0034850330557674,0.0049456739798188,0.0020326972007751,0.0150603260844945,0.0204999558627605,0.0142244454473257,-0.0197984259575605,0.0053643267601728,0.014868451282382,-0.0001840515760704,0.0014560401905328,-0.0236774422228336,0.0059059015475213,0.0064519722945988,0.001963686896488,-0.0179078970104455,0.0188525449484586,0.002386306412518,0.0054583111777901,0.0112249990925192,0.0119159957394003,0.0040743565186858,0.0034070222172886,0.0031440139282494,-0.0046293148770928,0.0049824710004031,0.0075239297002553,-0.0053907968103885,0.0038339940365403,0.0085085108876228,-0.0115340165793895,0.0110800135880708,0.0190023258328437,-0.0133159989491105,0.0079231653362512,-0.0159280989319086,-0.0077392198145389,-0.0117670856416225,0.0040459460578858,0.0084677468985319,-0.0028179863002151,0.0001669413468334,-0.0096270414069294,-0.0007985398406162,-0.0060111535713076,-0.0047802813351154,-0.0094254789873957,0.0047433800064027,0.012132978066802,0.0197369903326034,-0.0049248244613409,-0.0038980809040367,-0.0002397851640125,-0.0002178507857024,-0.008442391641438,-0.0115448869764804,-0.0106913531199097,-0.0249288361519575,0.0056822090409696,0.003582380246371,-0.0042886231094598,-0.0195812843739986,0.0140736727043986,-0.0138542931526899,-0.0047481516376137,-0.0065892077982425,-0.0026514837518334,0.0125236241146922,-0.0148257678374648,-0.0085000824183225,-0.0096123637631535,0.0180541761219501,-0.0011137580731883,0.0017037119250744,-0.0038726043421775,-0.0129421688616275,-0.0180193968117237,0.0674501881003379,0.0073684966191649,0.0190218575298786,-0.0115578928962349,-0.0202947445213794,0.0030459561385214,-0.0094398409128189,0.0028022907208651,-0.0018317927606403,-0.0063612167723476,0.0185731463134288,0.0556538291275501,-0.0090994033962488,0.0510342009365558,0.0058808117173612,0.0251011883918794,-0.0102916396925356,0.055496848641515,-0.0054763047743241,0.0487298086755598,0.0074035891516537,0.0566884614566109,0.0374272612349273,0.1831610479511614,0.1112925926701582,0.1603530036390139,0.1016639142720303,2019-02-26,2019-02-27,2019-02-28,2019-03-01,2019-03-04,2019-03-05,2019-03-06,2019-03-07,2019-03-08,2019-03-11,76605.0,2019-02-25,252.0,-2.4198%,0.0009,0.3743,0.3117,0.1851,1.6490%,1.6955%,5.4068%,-0.023755,AZO,76605.0,2019-02-26,252.0,5.1034%,0.0011,0.3597,0.2518,0.1438,1.6820%,1.7233%,4.7333%,0.054139,AZO,76605.0,2019-02-27,252.0,-2.4674%,0.0009,0.3541,0.254,0.1428,1.6887%,1.7287%,4.5720%,-0.025403,AZO,76605.0,2019-02-28,252.0,2.9651%,0.0015,0.2903,0.2112,0.0895,1.5578%,1.5879%,3.7626%,0.030955,AZO,76605.0,2019-03-01,252.0,-1.0277%,0.0013,0.2987,0.2236,0.109,1.5558%,1.5871%,3.9062%,-0.012712,AZO,76605.0,2019-03-04,252.0,0.3906%,0.0014,0.2962,0.2278,0.1105,1.5559%,1.5868%,3.8645%,0.005839,AZO,76605.0,2019-03-05,252.0,0.7374%,0.0014,0.2959,0.2308,0.1076,1.5563%,1.5873%,3.8609%,0.008759,AZO,76605.0,2019-03-06,252.0,-0.4767%,0.0015,0.3042,0.2259,0.1163,1.5535%,1.5859%,4.0380%,0.000494,AZO,76605.0,2019-03-07,252.0,0.5559%,0.0015,0.2986,0.2125,0.1051,1.5530%,1.5842%,3.9007%,0.008506,AZO,76605.0,2019-03-08,252.0,-0.6188%,0.0015,0.2986,0.2288,0.1042,1.5508%,1.5827%,3.9895%,-0.005548,AZO,76605.0,2019-03-11,252.0,0.5670%,0.0015,0.2984,0.2244,0.1018,1.5505%,1.5826%,4.0114%,0.000849,AZO,0.0303839999999999,0.0049809999999999,0.0359359999999999,0.0290629999999999,0.042123
39691,BANK OF AMERICA CORP,Bank Of America To Drop Merrill Lynch Name From Investment Bank,6,uncertain,0.5,0.5,"the decision to drop the merrill lynch name could be seen as a rebranding effort that may attract new clients, but it could also raise concerns about the legacy and reputation associated with the merrill lynch brand, leading to mixed investor reactions.",1,2019-02-25,BAC,2019-02-25 15:47:00+00:00,59408.0,06050510,0.0065337186679244,61227398.0,0.0006833091028966,-0.0071697160601615,0.0081939147785305,-0.0040802084840834,-0.0101591851562261,0.0096121076494455,0.0079092001542449,0.0006869992939755,-0.0095530124381184,0.0253610853105783,0.0017223298782482,-0.0108014410361647,-0.0082530872896313,0.0003485614724922,-0.0100555103272199,0.0098557090386748,0.0035026404075324,0.0042417435906827,0.0101221958175301,0.001770578790456,0.0,-0.0170553345233202,0.0120940003544092,-0.0017373573500663,0.0058039659634232,-0.0034625511616468,-0.0054310881532728,0.017618041485548,0.0177474562078714,-0.0031612277962267,-0.00570087460801,-0.0206398479640483,-0.0340640880167484,-0.0108880465850234,-0.0160614214837551,-0.0080998912453651,-0.0415188111364841,0.0016903055366128,-0.0062939678318798,0.0171939469873905,0.0137853547930717,0.0055324980057775,-0.0066151563078165,-0.0058439350686967,0.0110987508669495,-0.0071672042831778,0.0095133632421493,0.0106933237984776,0.0344327911734581,0.0189806316047906,0.0115627162158489,0.071563147008419,-0.0010391647228971,0.0068258778192102,0.0107489414513111,0.0130618568509817,-0.0024013617075979,0.0116595858708024,0.0030949157662689,-0.0011646229540929,-0.009598926641047,0.0098000783473253,0.0062305401079356,-0.0019561517983675,0.0,-0.000781878712587,0.0378397107124328,0.0415309630334377,-0.0109380157664418,-0.0160256270319223,0.001340449322015,0.0129870008677244,0.0050201313570141,0.0102501027286052,0.0,0.0008206216734834,0.0006659523933194,0.0107839163392782,0.0006655726465396,0.0607127621769905,-0.0016627614386379,-0.0273855905979871,0.0019986496772617,-0.0306926481425762,0.0089760795235633,-0.0028949419502168,0.0138385528698563,-0.0118512064218521,-0.0061748628504574,0.0,-0.0104643460363149,-0.0004085060791112,0.0079312548041343,0.0032786855008453,0.0068852161057293,-0.0048939981497824,-0.0078150369226932,-0.0024409871548414,-0.0180505160242319,-0.0072698020376265,-0.0040107234381139,-0.0263468362390995,-0.0030201394110918,-0.032344002276659,-0.0043756030499935,-0.0207483917474746,-0.0449628084897995,-0.0543097779154777,0.0130973747000098,0.0049296231009066,-0.0115303955972194,0.0128387548029422,0.0106044262647628,-0.013717882335186,-0.006645699031651,0.0248738471418619,0.0,0.0065312157385051,0.0102113001048564,0.0218761656433343,0.0006833091028966,-0.0071697160601615,0.0088828228579838,-0.0112206706079478,-0.0013666045403665,-0.0017164172522848,-0.0030836238142463,0.0243043511129479,-0.0061743108134978,0.0297450478090219,0.0017240778134264,0.1288819721254825,-0.0147595374598765,0.0843894074097917,2019-02-26,2019-02-27,2019-02-28,2019-03-01,2019-03-04,2019-03-05,2019-03-06,2019-03-07,2019-03-08,2019-03-11,59408.0,2019-02-25,252.0,0.6534%,0.0001,1.3066,-0.1476,1.1973,0.8950%,1.5667%,67.3691%,0.006257,BAC,59408.0,2019-02-26,252.0,0.0683%,0.0002,1.3105,-0.1591,1.1944,0.8941%,1.5652%,67.3730%,0.0056799999999999,BAC,59408.0,2019-02-27,252.0,0.8194%,0.0002,1.3119,-0.1591,1.1946,0.8955%,1.5642%,67.2248%,0.00865,BAC,59408.0,2019-02-28,252.0,-1.0159%,0.0002,1.3194,-0.1541,1.2009,0.8921%,1.5654%,67.5210%,-0.003174,BAC,59408.0,2019-03-01,252.0,0.7909%,0.0001,1.3265,-0.1435,1.2103,0.8899%,1.5656%,67.6897%,0.00357,BAC,59408.0,2019-03-04,252.0,-0.9553%,0.0001,1.3283,-0.1421,1.2081,0.8913%,1.5637%,67.5083%,-0.008039,BAC,59408.0,2019-03-05,252.0,0.1722%,0.0001,1.3266,-0.1512,1.2046,0.8920%,1.5634%,67.4481%,0.006349,BAC,59408.0,2019-03-06,252.0,-0.8253%,0.0001,1.3274,-0.1527,1.2054,0.8919%,1.5610%,67.3514%,0.000413,BAC,59408.0,2019-03-07,252.0,-1.0056%,0.0002,1.3268,-0.1467,1.2062,0.8916%,1.5622%,67.4291%,0.00461,BAC,59408.0,2019-03-08,252.0,0.3503%,0.0002,1.3262,-0.1552,1.2057,0.8918%,1.5623%,67.4201%,0.008456,BAC,59408.0,2019-03-11,252.0,1.0122%,0.0001,1.3247,-0.1574,1.2053,0.8919%,1.5637%,67.4628%,-0.0029,BAC,0.011937,0.020587,0.017413,0.012944,0.029872
39699,BRUNSWICK CORP,"UPDATE: JP Morgan Upgrades Brunswick As Firm Notes 'Following recent encouraging data points on the marine industry, macro backdrop, and BC-specific growth drivers, we see a more favorable setup to own BC in 2019'",6,increase,0.8,0.7,"the upgrade from jp morgan, along with positive indicators for the marine industry and brunswick corp's specific growth drivers, suggests a favorable outlook that is likely to boost investor confidence and increase the stock price.",2,2019-02-25,BC,2019-02-25 15:49:00+00:00,10874.0,11704310,0.0177224650979042,1106310.0,-0.0174818411469459,0.0180422738194465,-0.0085179014131426,-0.0036336285993456,0.0068728639744222,0.0075144390575587,0.016306348145008,0.0091386586427688,-0.0145522160455584,0.0279832407832145,-0.0018931933445855,0.0201875586062669,0.0036039191763848,0.007602275814861,-0.0154980095103383,0.008077866397798,-0.0049913288094103,-0.01670060493052,0.0104186199605464,-0.0044606896117329,0.0103112645447254,0.0010148008586838,0.0020790137350559,-0.0110397273674607,-0.0011316742748022,-0.0037992128636687,-0.0075528267771005,0.0362619161605835,0.0072297803126275,-0.0409380234777927,-0.0051001221872866,-0.0076907789334654,-0.0241123344749212,0.0277664959430694,0.0103112598881125,-0.0126075856387615,-0.0423647351562976,0.0008011399186216,0.0002011288161156,0.0166972037404775,0.0022114352323114,0.0117428861558437,-0.0050150454044342,-0.0091855637729167,0.0078629683703184,-0.0268176104873418,0.0068013630807399,0.0114526757970452,0.0119212884455919,0.0132329305633902,-0.007657557260245,0.0069700730964541,0.0021765059791505,-0.001841623801738,0.0193484611809253,0.0012292062165215,0.0133642964065074,-0.0046900394372642,-0.0003822717408183,0.0006121729384176,-0.0217973124235868,0.0227462481707334,0.0179828386753797,0.0239316020160913,-0.0059524071402847,0.0034305285662412,0.0195093359798193,0.036444429308176,0.0085259713232517,-0.0374331548810005,0.0071388515643775,0.0064585409127175,0.0,0.0065005249343812,-0.0076478240080177,0.0063236132264137,-0.0131579088047146,0.0204717852175235,0.0177142918109893,0.0546819530427455,0.0196518674492836,-0.0132005484774708,-0.1097650453448296,-0.0582333318889141,0.0402062013745307,0.0166297126561403,0.0067393486388027,0.0004435812297742,0.0082693081349134,-0.0090129664167761,-0.0029290707316249,-0.0234006028622388,0.0129259657114744,-0.0125078726559877,0.0204949248582124,-0.0564113520085811,0.0125047340989112,0.0170905422419309,-0.040980514138937,0.0129843587055802,-0.0142438933253288,-0.0211821515113115,0.0132620381191372,-0.030510488897562,0.0052744769491255,-0.0100677721202373,-0.0272055529057979,-0.0542025081813335,0.0027966317720711,0.0296002961695194,-0.0129482373595237,0.0087485555559396,-0.0123108094558119,-0.0159086361527442,-0.03841432929039,0.0249376408755779,-0.0076498021371662,-0.0506282784044742,0.0251666624099016,0.0325310193002224,-0.0174818411469459,0.0180422738194465,-0.0258508339606787,0.0143430862979532,-0.0191556392516937,0.0219653056033952,-0.0176678566663569,0.0601639453519871,-0.0260368496560223,0.0754258166007082,-0.0273386821065187,0.0822281730432465,-0.109628330033076,-0.0026325503568123,2019-02-26,2019-02-27,2019-02-28,2019-03-01,2019-03-04,2019-03-05,2019-03-06,2019-03-07,2019-03-08,2019-03-11,10874.0,2019-02-25,252.0,1.7722%,-0.0004,1.0644,0.8213,0.1703,1.3991%,1.8312%,41.6272%,0.018514,BC,10874.0,2019-02-26,252.0,-1.7482%,-0.0004,1.0631,0.836,0.1768,1.4000%,1.8308%,41.5311%,-0.01006,BC,10874.0,2019-02-27,252.0,-0.8518%,-0.0004,1.0656,0.8284,0.1772,1.4010%,1.8316%,41.4947%,-0.0109509999999999,BC,10874.0,2019-02-28,252.0,0.6873%,-0.0003,1.0566,0.8226,0.1681,1.4003%,1.8238%,41.0496%,0.010354,BC,10874.0,2019-03-01,252.0,1.6306%,-0.0004,1.0675,0.8388,0.1816,1.3976%,1.8267%,41.4596%,0.006896,BC,10874.0,2019-03-04,252.0,-1.4552%,-0.0007,1.101,0.7329,0.1717,1.3256%,1.7822%,44.6745%,-0.006444,BC,10874.0,2019-03-05,252.0,-0.1893%,-0.0006,1.1028,0.7492,0.1718,1.3241%,1.7820%,44.7853%,0.0025729999999999,BC,10874.0,2019-03-06,252.0,0.3604%,-0.0005,1.0981,0.6984,0.1595,1.3305%,1.7822%,44.2632%,0.022149,BC,10874.0,2019-03-07,252.0,-1.5498%,-0.0005,1.1007,0.7016,0.164,1.3309%,1.7841%,44.3542%,-0.005568,BC,10874.0,2019-03-08,252.0,-0.4991%,-0.0005,1.1009,0.7044,0.1641,1.3308%,1.7842%,44.3654%,-0.002732,BC,10874.0,2019-03-11,252.0,1.0419%,-0.0005,1.0972,0.6997,0.1633,1.3316%,1.7855%,44.3843%,-0.0077569999999999,BC,0.008454,-0.0024969999999999,0.007857,0.008309,0.016974
39707,BRUNSWICK CORP,JP Morgan Upgrades Brunswick to Overweight,6,increase,0.8,0.6,"upgrades from reputable financial institutions like jp morgan typically signal positive sentiment and can lead to increased investor interest, likely driving the stock price up.",2,2019-02-25,BC,2019-02-25 11:41:00+00:00,10874.0,11704310,0.0177224650979042,1106310.0,-0.0174818411469459,0.0180422738194465,-0.0085179014131426,-0.0036336285993456,0.0068728639744222,0.0075144390575587,0.016306348145008,0.0091386586427688,-0.0145522160455584,0.0279832407832145,-0.0018931933445855,0.0201875586062669,0.0036039191763848,0.007602275814861,-0.0154980095103383,0.008077866397798,-0.0049913288094103,-0.01670060493052,0.0104186199605464,-0.0044606896117329,0.0103112645447254,0.0010148008586838,0.0020790137350559,-0.0110397273674607,-0.0011316742748022,-0.0037992128636687,-0.0075528267771005,0.0362619161605835,0.0072297803126275,-0.0409380234777927,-0.0051001221872866,-0.0076907789334654,-0.0241123344749212,0.0277664959430694,0.0103112598881125,-0.0126075856387615,-0.0423647351562976,0.0008011399186216,0.0002011288161156,0.0166972037404775,0.0022114352323114,0.0117428861558437,-0.0050150454044342,-0.0091855637729167,0.0078629683703184,-0.0268176104873418,0.0068013630807399,0.0114526757970452,0.0119212884455919,0.0132329305633902,-0.007657557260245,0.0069700730964541,0.0021765059791505,-0.001841623801738,0.0193484611809253,0.0012292062165215,0.0133642964065074,-0.0046900394372642,-0.0003822717408183,0.0006121729384176,-0.0217973124235868,0.0227462481707334,0.0179828386753797,0.0239316020160913,-0.0059524071402847,0.0034305285662412,0.0195093359798193,0.036444429308176,0.0085259713232517,-0.0374331548810005,0.0071388515643775,0.0064585409127175,0.0,0.0065005249343812,-0.0076478240080177,0.0063236132264137,-0.0131579088047146,0.0204717852175235,0.0177142918109893,0.0546819530427455,0.0196518674492836,-0.0132005484774708,-0.1097650453448296,-0.0582333318889141,0.0402062013745307,0.0166297126561403,0.0067393486388027,0.0004435812297742,0.0082693081349134,-0.0090129664167761,-0.0029290707316249,-0.0234006028622388,0.0129259657114744,-0.0125078726559877,0.0204949248582124,-0.0564113520085811,0.0125047340989112,0.0170905422419309,-0.040980514138937,0.0129843587055802,-0.0142438933253288,-0.0211821515113115,0.0132620381191372,-0.030510488897562,0.0052744769491255,-0.0100677721202373,-0.0272055529057979,-0.0542025081813335,0.0027966317720711,0.0296002961695194,-0.0129482373595237,0.0087485555559396,-0.0123108094558119,-0.0159086361527442,-0.03841432929039,0.0249376408755779,-0.0076498021371662,-0.0506282784044742,0.0251666624099016,0.0325310193002224,-0.0174818411469459,0.0180422738194465,-0.0258508339606787,0.0143430862979532,-0.0191556392516937,0.0219653056033952,-0.0176678566663569,0.0601639453519871,-0.0260368496560223,0.0754258166007082,-0.0273386821065187,0.0822281730432465,-0.109628330033076,-0.0026325503568123,2019-02-26,2019-02-27,2019-02-28,2019-03-01,2019-03-04,2019-03-05,2019-03-06,2019-03-07,2019-03-08,2019-03-11,10874.0,2019-02-25,252.0,1.7722%,-0.0004,1.0644,0.8213,0.1703,1.3991%,1.8312%,41.6272%,0.018514,BC,10874.0,2019-02-26,252.0,-1.7482%,-0.0004,1.0631,0.836,0.1768,1.4000%,1.8308%,41.5311%,-0.01006,BC,10874.0,2019-02-27,252.0,-0.8518%,-0.0004,1.0656,0.8284,0.1772,1.4010%,1.8316%,41.4947%,-0.0109509999999999,BC,10874.0,2019-02-28,252.0,0.6873%,-0.0003,1.0566,0.8226,0.1681,1.4003%,1.8238%,41.0496%,0.010354,BC,10874.0,2019-03-01,252.0,1.6306%,-0.0004,1.0675,0.8388,0.1816,1.3976%,1.8267%,41.4596%,0.006896,BC,10874.0,2019-03-04,252.0,-1.4552%,-0.0007,1.101,0.7329,0.1717,1.3256%,1.7822%,44.6745%,-0.006444,BC,10874.0,2019-03-05,252.0,-0.1893%,-0.0006,1.1028,0.7492,0.1718,1.3241%,1.7820%,44.7853%,0.0025729999999999,BC,10874.0,2019-03-06,252.0,0.3604%,-0.0005,1.0981,0.6984,0.1595,1.3305%,1.7822%,44.2632%,0.022149,BC,10874.0,2019-03-07,252.0,-1.5498%,-0.0005,1.1007,0.7016,0.164,1.3309%,1.7841%,44.3542%,-0.005568,BC,10874.0,2019-03-08,252.0,-0.4991%,-0.0005,1.1009,0.7044,0.1641,1.3308%,1.7842%,44.3654%,-0.002732,BC,10874.0,2019-03-11,252.0,1.0419%,-0.0005,1.0972,0.6997,0.1633,1.3316%,1.7855%,44.3843%,-0.0077569999999999,BC,0.008454,-0.0024969999999999,0.007857,0.008309,0.016974
39715,BEACON ROOFING SUPPLY INC,"Buckingham Initiates Coverage On Beacon Roofing Supply with Neutral Rating, Announces $38 Price Target",6,uncertain,0.6,0.3,"the initiation of coverage with a neutral rating suggests a lack of strong positive or negative sentiment, leading to uncertainty in the stock's price movement.",1,2019-02-25,BECN,2019-02-25 14:56:00+00:00,90353.0,07368510,-0.0154296839609742,831835.0,-0.0148608284071087,0.0066952328197658,-0.0008227860671468,0.0163309313356876,-0.0043919803574681,-0.0239106733351945,0.0173697564750909,0.0101986331865191,0.0078590000048279,0.0174767728894949,-0.0325356051325798,0.0166573692113161,-0.0277932193130254,-0.0074400785379111,-0.0160091873258352,0.0353780798614025,-0.0107495337724685,0.0342283807694912,-0.0032305612694472,-0.0507003180682659,-0.0100176827982068,-0.0129941226914525,0.001785755273886,-0.0071370336227118,-0.0029708400834351,-0.0068157031200826,0.0315851457417011,0.0052068680524826,0.0132872015237808,0.0044040693901479,-0.0042759841307997,-0.0030185729265213,-0.022044101729989,0.0005491613992489,0.0140515090897679,0.0111048780381679,-0.0381062291562557,0.0265032853931188,0.0237095113843679,0.0092033268883824,-0.0474933721125125,0.0247568562626838,-0.0150816142559051,-0.007023642770946,0.0081249475479125,-0.0008772687870077,-0.0030997667927294,0.0124334516003727,0.0133706564083695,0.0156344100832939,0.0184105075895786,-0.0217647552490234,0.0156673844903707,-0.0072992700152099,0.0249184276908636,0.0026346649974584,0.0150506645441055,-0.0008774138987064,-0.0125462971627712,-0.0158319808542728,-0.0109731750562787,0.0287237558513879,0.0315328985452652,-0.0351428426802158,0.0192469991743564,0.0269952490925788,0.0247154477983713,0.0557621791958808,0.0108400462195277,-0.0076852138154208,0.0032171295024454,0.0255359224975109,0.0125601617619395,0.0089058130979537,0.0240168869495391,0.02111073769629,-0.0244845561683177,-0.0115569410845637,0.0089828316122293,0.0324825830757618,0.0170202031731605,-0.0357942096889019,-0.0198249351233243,0.0126214018091559,-0.0018387101590633,-0.0218423716723918,0.0076316031627357,-0.0009487883071415,-0.0164534095674753,0.0028544291853904,-0.0018587280064821,-0.0044205682352185,0.0058526527136564,-0.0047140042297542,0.028034845367074,-0.0071762730367481,-0.0144069353118538,-0.0062015741132199,-0.0177499428391456,-0.0137614905834198,0.0292319543659687,-0.0090908855199813,0.0154919261112809,0.0009098810260184,-0.0122045092284679,-0.0027223275974392,-0.0277991779148578,-0.0372742787003517,0.0132380193099379,-0.0149168232455849,-0.0031355873215943,-0.0014322325587272,0.0136303175240755,0.0112977800890803,-0.0256011877208948,0.0146972369402647,-0.0013269436312839,0.0290380828082561,0.017007689923048,0.0015147849917411,-0.0148608284071087,0.0066952328197658,-0.0156713871916959,0.0231355035429094,-0.0199945391244438,-0.0013283552599447,0.0048635594803316,0.0264882904758476,-0.0829505497531024,0.0529411538847495,-0.0643068764104396,0.0820379437887528,0.0340449055383769,0.1387458941037964,2019-02-26,2019-02-27,2019-02-28,2019-03-01,2019-03-04,2019-03-05,2019-03-06,2019-03-07,2019-03-08,2019-03-11,90353.0,2019-02-25,252.0,-1.5430%,-0.0012,0.8376,1.3309,0.5952,2.3981%,2.6083%,15.4722%,-0.012278,BECN,90353.0,2019-02-26,252.0,-1.4861%,-0.0013,0.8232,1.3475,0.5928,2.3930%,2.6022%,15.4293%,-0.003139,BECN,90353.0,2019-02-27,252.0,-0.0823%,-0.0013,0.8281,1.3382,0.5936,2.3921%,2.6016%,15.4580%,-0.003512,BECN,90353.0,2019-02-28,252.0,-0.4392%,-0.0013,0.825,1.3361,0.5913,2.3918%,2.5991%,15.3167%,-0.000709,BECN,90353.0,2019-03-01,252.0,1.7370%,-0.0013,0.8346,1.3504,0.601,2.3917%,2.6016%,15.4867%,0.00983,BECN,90353.0,2019-03-04,252.0,0.7859%,-0.0011,0.8246,1.3687,0.6069,2.3914%,2.6008%,15.4489%,0.015167,BECN,90353.0,2019-03-05,252.0,-3.2536%,-0.0013,0.8275,1.3755,0.618,2.3961%,2.6040%,15.3266%,-0.025524,BECN,90353.0,2019-03-06,252.0,-2.7793%,-0.0013,0.8203,1.3879,0.6115,2.3942%,2.6061%,15.6064%,-0.003848,BECN,90353.0,2019-03-07,252.0,-1.6009%,-0.0013,0.8231,1.3922,0.6165,2.3943%,2.6068%,15.6391%,-0.006384,BECN,90353.0,2019-03-08,252.0,-1.0750%,-0.0013,0.8233,1.4062,0.616,2.3934%,2.6074%,15.7381%,-0.008677,BECN,90353.0,2019-03-11,252.0,-0.3231%,-0.0014,0.8153,1.3913,0.6116,2.3950%,2.6059%,15.5326%,-0.017446,BECN,-0.015417,-0.018929,-0.019638,0.0053589999999999,-0.05652
39723,BANKFINACIAL CORP,"Bankfinancial Corporation Extends The Expiration Date Of The Co's Share Repurchase Authorization From July 31, 2019 To March31, 2020, And Increased The Total Number Of Shares Currently Authorized For Repurchase Under The Share Repurchase Program From",6,increase,0.7,0.6,"extending the share repurchase authorization and increasing the number of shares for repurchase typically signals confidence in the company's financial health, which can positively influence investor sentiment and drive the stock price up.",2,2019-02-25,BFIN,2019-02-25 18:10:00+00:00,90718.0,06643P10,0.0122739365324378,53375.0,-0.0038289993535727,0.0012936289422214,-0.0185778327286243,0.0111183831468224,0.0208877716213464,0.0032808524556458,-0.0012788015883415,0.0006566138472408,0.0012804390862584,0.001973666716367,0.0006393398507498,-0.0006574772414751,-0.0108626252040267,0.0006579097826033,0.0206718780100345,0.0119047574698925,-0.0107594979926943,-0.0059171696193516,-0.0019193687476217,0.006618158891797,0.0,-0.0032981657423079,-0.0032051403541117,-0.0013175532221794,-0.0038585478905588,0.0,-0.010974827222526,0.005298008210957,-0.0019582072272896,0.0066666919738054,-0.0071942219510674,-0.0151017429307103,-0.0158103238791227,0.0052805230952799,-0.0053547471761703,0.0,-0.0363391637802124,0.0106737725436687,0.0090782204642891,0.0211171302944421,0.0325259715318679,-0.0054200487211346,-0.0033512192312628,0.0416372716426849,-0.0026899771764874,-0.0200553219765424,0.0026972328778356,-0.015656879171729,-0.0020174668170511,0.0047879409976303,-0.0053908303380012,-0.0121621824800968,-0.0094851180911064,0.0095498189330101,0.0150478975847363,-0.0226666759699583,0.0276280213147401,-0.0079365000128746,0.0026229482609778,-0.009174333885312,-0.0150424819439649,-0.0052151186391711,0.0,-0.0026007776614278,0.0019920140039175,-0.0134701756760478,0.000662705686409,0.0249835699796676,-0.0019868004601448,0.0019762669689953,0.0026542774867266,0.0153846489265561,0.0211780704557895,0.0080916984006762,-0.0194426570087671,0.0150581980124115,-0.0218109656125307,-0.010832822881639,0.0371621735394001,0.0416079089045524,-0.0143322646617889,-0.020041462033987,-0.0132187576964497,-0.0136332521215081,0.0026791668497025,0.0089408606290817,0.0060120341368019,-0.0228494722396135,-0.0033200657926499,-0.0093209277838468,0.0099933119490742,0.0006662377854809,-0.006596268620342,-0.0253246370702981,0.0232403334230184,0.0111621851101517,-0.0064892554655671,0.0194109752774238,-0.0071848486550152,-0.0020040539093315,-0.0165562909096479,0.0067249750718474,0.0141414161771535,0.0115646310150623,0.0059760422445833,-0.0033898435067385,-0.0349834822118282,-0.0205843560397625,-0.0034199857618659,0.0087073082104325,-0.0061770868487656,0.0,0.0048342989757657,-0.0158206839114427,0.0075601139105856,0.0249999910593032,-0.0047748768702149,0.0068027470260858,-0.0047977855429053,-0.0147453257814049,-0.0038289993535727,0.0012936289422214,-0.0223356975726883,0.0124263951512733,-0.0019144689012436,0.015748016775966,-0.0019144688309989,0.0184210353873468,-0.0044671138086928,0.031227134911143,-0.0242501642202797,0.021090528240609,-0.0672521172208797,0.0443593564681796,2019-02-26,2019-02-27,2019-02-28,2019-03-01,2019-03-04,2019-03-05,2019-03-06,2019-03-07,2019-03-08,2019-03-11,90718.0,2019-02-25,252.0,1.2274%,0.0001,0.4774,0.6378,0.5049,0.9993%,1.1350%,22.4879%,0.0140609999999999,BFIN,90718.0,2019-02-26,252.0,-0.3829%,0.0,0.4658,0.6456,0.5001,0.9926%,1.1263%,22.3304%,0.002583,BFIN,90718.0,2019-02-27,252.0,-1.8578%,-0.0001,0.4647,0.6417,0.4999,1.0003%,1.1322%,21.9382%,-0.019723,BFIN,90718.0,2019-02-28,252.0,2.0888%,0.0,0.4626,0.641,0.4929,1.0106%,1.1398%,21.3795%,0.02335,BFIN,90718.0,2019-03-01,252.0,-0.1279%,0.0,0.4579,0.634,0.4878,1.0103%,1.1357%,20.8608%,-0.004587,BFIN,90718.0,2019-03-04,252.0,0.1280%,-0.0,0.4617,0.6177,0.4876,1.0090%,1.1340%,20.8311%,0.004206,BFIN,90718.0,2019-03-05,252.0,0.0639%,0.0,0.4606,0.6118,0.4852,1.0093%,1.1323%,20.5406%,0.004419,BFIN,90718.0,2019-03-06,252.0,-1.0863%,0.0001,0.4663,0.6058,0.4909,1.0069%,1.1334%,21.0805%,0.000431,BFIN,90718.0,2019-03-07,252.0,2.0672%,0.0002,0.4564,0.6091,0.4786,1.0188%,1.1408%,20.2315%,0.02645,BFIN,90718.0,2019-03-08,252.0,-1.0759%,0.0001,0.4591,0.5849,0.4843,1.0113%,1.1321%,20.1955%,-0.009336,BFIN,90718.0,2019-03-11,252.0,-0.1919%,0.0001,0.455,0.5736,0.4799,1.0114%,1.1301%,19.8990%,-0.008438,BFIN,0.016644,-0.003079,0.0202709999999999,0.0198899999999999,0.033416
39731,BUNGE LTD,"Morgan Stanley Maintains Equal-Weight on Bunge, Lowers Price Target to $65",6,decrease,0.7,0.6,"lowering the price target typically signals a less favorable outlook, which can lead to a decrease in stock price.",0,2019-02-25,BG,2019-02-25 15:28:00+00:00,89138.0,G1696210,0.0320648998022079,3166990.0,-0.0106681585311889,-0.0319745540618896,0.0032160077244043,0.0148007357493042,0.0009429201018065,0.0009496530983597,-0.0015071934321895,0.0064997160807251,-0.0035848796833306,-0.0018899730639532,-0.011550853960216,-0.0048899441026151,-0.0226053688675165,0.0091098798438906,-0.0086240423843264,0.0066870171576738,-0.0069197760894894,-0.0130114769563078,0.0280708707869052,-0.0108189107850194,0.006971351802349,-0.0114327669143676,0.0003846241743303,0.0044452277943491,0.0005766777903772,-0.0022176848724484,0.0155619867146015,-0.0154657661914825,-0.0121074421331286,-0.001997468760237,-0.0032554955687373,0.0121301207691431,-0.0122958580031991,0.0130329690873622,0.0171173140406608,-0.0040793847292661,-0.0112832309678196,0.0120097463950514,-0.0050290548242628,0.003767202142626,0.0029160485137254,0.0079742167145013,0.0042644161731004,0.0150317745283246,0.0075274924747645,-0.0214972551912069,0.0166666451841592,0.0131830079481005,-0.004899158142507,-0.0005728237447328,-0.0123083032667636,-0.0161563139408826,-0.0051763891242444,-0.0243768654763698,0.0256311781704425,-0.0208183750510215,0.0005636748974211,-0.0167636666446924,0.0052581932395696,-0.0066608428023755,-0.0078460332006216,0.0236856210976839,-0.0022594414185732,0.0068654213100671,-0.0005661934847012,0.0083803804591298,-0.005853428505361,0.0277101583778858,-0.0032289074733853,-0.000374330120394,-0.0141005693003535,-0.0001870943378889,-0.0036722542718052,0.0083018606528639,-0.0081473942846059,-0.0054419385269284,0.00352044403553,-0.003925216384232,-0.0011693894630298,0.0276603642851114,-0.0025366062764078,-0.0241798907518386,-0.0492957830429077,-0.0165898893028497,0.0076132253743708,-0.0410111322999,0.0234837178140878,-0.0038739428855478,0.0456903614103794,-0.0190015286207199,-0.0047700819559395,-0.0159782841801643,-0.0197469089180231,-0.0042315502651035,0.0003911687235813,-0.0092235319316387,-0.0097751710563898,0.0198392309248447,-0.0132280746474862,-0.0196176748722791,0.0692276731133461,0.0028585533145815,-0.005052404012531,0.013635640963912,0.011096485890448,0.0108545357361435,-0.0236234497278928,-0.0217428095638752,0.0030481966678053,0.0396005287766456,0.0117758577689528,-0.0153554072603583,0.0003754544304683,-0.0114276306703686,-0.0105085633695125,0.005660408642143,-0.007658390328288,-0.0029075078200548,0.0028940325137227,0.0166928004473447,-0.0106681585311889,-0.0319745540618896,-0.0074864596870261,-0.0176470652379572,-0.0065505987185497,-0.0167141707297776,-0.0116039479929173,-0.0121935547114321,-0.0335017953725577,-0.0250916184958078,0.0018715792954646,-0.0838766068205639,-0.017825079958137,-0.0912043067056894,2019-02-26,2019-02-27,2019-02-28,2019-03-01,2019-03-04,2019-03-05,2019-03-06,2019-03-07,2019-03-08,2019-03-11,89138.0,2019-02-25,252.0,3.2065%,-0.0012,0.5387,0.276,0.3328,1.3653%,1.4654%,13.1969%,0.032525,BG,89138.0,2019-02-26,252.0,-1.0668%,-0.0013,0.5351,0.2876,0.336,1.3648%,1.4636%,13.0476%,-0.007042,BG,89138.0,2019-02-27,252.0,0.3216%,-0.0012,0.5403,0.2794,0.3369,1.3630%,1.4632%,13.2211%,0.0024909999999999,BG,89138.0,2019-02-28,252.0,0.0943%,-0.0011,0.5358,0.2764,0.3326,1.3626%,1.4606%,12.9658%,0.003304,BG,89138.0,2019-03-01,252.0,-0.1507%,-0.0012,0.5455,0.2909,0.3494,1.3584%,1.4595%,13.3684%,-0.004926,BG,89138.0,2019-03-04,252.0,-0.3585%,-0.0013,0.5512,0.2719,0.3479,1.3562%,1.4585%,13.5426%,-0.001037,BG,89138.0,2019-03-05,252.0,-1.1551%,-0.0012,0.5559,0.3029,0.3541,1.3538%,1.4588%,13.8805%,-0.009026,BG,89138.0,2019-03-06,252.0,-2.2605%,-0.0014,0.5434,0.3451,0.3458,1.3397%,1.4443%,13.9634%,-0.014352,BG,89138.0,2019-03-07,252.0,-0.8624%,-0.0014,0.5477,0.3632,0.3566,1.3365%,1.4437%,14.3004%,-0.002875,BG,89138.0,2019-03-08,252.0,-0.6920%,-0.0014,0.5485,0.3587,0.3581,1.3365%,1.4436%,14.2973%,-0.00538,BG,89138.0,2019-03-11,252.0,2.8071%,-0.0013,0.5598,0.3655,0.3562,1.3433%,1.4554%,14.8101%,0.020379,BG,0.025483,0.027974,0.031278,0.025315,0.014061
39739,BUILDERS FIRSTSOURCE INC,"Buckingham Initiates Coverage On Builders FirstSource with Neutral Rating, Announces $15 Price Target",6,uncertain,0.6,0.2,"the initiation of coverage with a neutral rating suggests a lack of strong positive or negative sentiment, leading to uncertainty in the stock's price movement.",1,2019-02-25,BLDR,2019-02-25 14:58:00+00:00,90720.0,12008R10,-0.0140944197773933,1036168.0,-0.001429557101801,0.02454867772758,-0.0171797219663858,0.0043510096147656,0.0145666981115937,-0.0240622889250516,0.0071787098422646,0.0374449528753757,0.0384889505803585,0.0073964069597423,-0.0521619282662868,-0.0029498497024178,-0.0209992732852697,-0.0022074859589338,-0.0044379006139934,0.0413793064653873,0.0133729791268706,0.0203283987939357,0.0109970392659306,-0.0176651682704687,0.0,-0.0210526119917631,-0.0137780699878931,-0.0162722077220678,-0.0014706219080835,0.0074515934102237,-0.005154616665095,0.0082644363865256,0.0118430675938725,0.0068078781478106,-0.027798106893897,0.0184900406748056,-0.0203159898519516,0.0148553233593702,0.013056768104434,0.0,-0.0485215634107589,0.0078802509233355,0.0175299011170864,0.0071427933871746,-0.0015662064542993,0.0413223132491111,0.0258823465555906,-0.0218269601464271,0.0076452889479696,-0.0119808763265609,0.0121395932510495,0.0016000366304069,0.0284857656806707,0.0288066174834966,-0.017492763698101,-0.0049140392802655,0.0111276395618915,-0.0153225474059581,0.0418194942176342,-0.0016103427624329,0.0,0.0016129402210935,0.015492976643145,-0.0409899987280368,-0.0263522956520319,0.0270055718719959,0.0078347334638237,0.0072000119835138,0.0134276002645492,0.0330578200519084,0.0041840630583465,0.0540070421993732,-0.0090277194976806,-0.002606488764286,-0.0154169769957661,0.0549954511225223,-0.003558732336387,-0.0027422059793025,0.0064285821281373,0.0018314564367756,-0.03903479129076,0.0111111002042889,0.0302806384861469,0.0557185411453247,0.0035842431243509,-0.0474860556423664,-0.0185714457184076,-0.0209663156419992,0.0145560270175337,-0.0343309342861175,0.0157819427549839,-0.003508768742904,-0.0268361661583185,0.0477940700948238,0.0413643456995487,-0.0091074164956808,0.0250870827585458,-0.0161290597170591,0.141400471329689,-0.015004419721663,0.0017867049900814,-0.0070113870315253,-0.0071343006566166,-0.0138288550078868,-0.0059880465269088,-0.0390365682542324,0.0060241194441914,-0.0364145599305629,-0.0131737254559993,0.0204164963215589,-0.0406552888453006,-0.1425070017576218,0.0170777663588523,0.0554323717951774,0.0043532149866223,0.0104555180296301,-0.0111454706639051,-0.0044609270989894,-0.0093926470726728,0.0330260619521141,-0.0265486780554056,0.0093023907393217,0.0350649319589138,-0.0015480230795219,-0.001429557101801,0.02454867772758,-0.0185847196746428,0.0290064988751681,-0.0042887395640381,0.0042462471934778,0.041458180181817,0.0495561486695996,-0.0142959130722849,0.0898616812955923,0.030736260426039,0.0974477387723433,0.1393852616051563,0.0982971586593468,2019-02-26,2019-02-27,2019-02-28,2019-03-01,2019-03-04,2019-03-05,2019-03-06,2019-03-07,2019-03-08,2019-03-11,90720.0,2019-02-25,252.0,-1.4094%,-0.0013,1.223,2.3103,0.9672,2.1724%,2.7048%,35.4904%,-0.008292,BLDR,90720.0,2019-02-26,252.0,-0.1430%,-0.0013,1.2074,2.2981,0.9493,2.1725%,2.6991%,35.2121%,0.018405,BLDR,90720.0,2019-02-27,252.0,-1.7180%,-0.0013,1.2124,2.2831,0.95,2.1749%,2.7000%,35.1176%,-0.021594,BLDR,90720.0,2019-02-28,252.0,1.4567%,-0.0011,1.1965,2.2728,0.9334,2.1747%,2.6895%,34.6195%,0.020144,BLDR,90720.0,2019-03-01,252.0,0.7179%,-0.0011,1.1975,2.2744,0.9366,2.1747%,2.6861%,34.4517%,-0.004383,BLDR,90720.0,2019-03-04,252.0,3.8489%,-0.0013,1.2373,2.0962,0.9368,2.1082%,2.6136%,34.9378%,0.050071,BLDR,90720.0,2019-03-05,252.0,-5.2162%,-0.0014,1.2476,2.1499,0.9589,2.1207%,2.6321%,35.0831%,-0.041402,BLDR,90720.0,2019-03-06,252.0,-2.0999%,-0.0012,1.2524,2.1036,0.9581,2.1186%,2.6332%,35.2651%,0.016096,BLDR,90720.0,2019-03-07,252.0,-0.4438%,-0.0012,1.2469,2.0994,0.9496,2.1199%,2.6300%,35.0281%,0.010376,BLDR,90720.0,2019-03-08,252.0,1.3373%,-0.0011,1.2441,2.1059,0.9447,2.1225%,2.6312%,34.9266%,0.016591,BLDR,90720.0,2019-03-11,252.0,1.0997%,-0.0011,1.2397,2.0922,0.9392,2.1223%,2.6297%,34.8646%,-0.010299,BLDR,0.010113,-0.011481,0.008663,0.054351,0.045713
39747,BLUEBIRD BIO INC,Bluebird Bio shares are trading higher in sympathy with Roche's acquisition of Spark Therapeutics earlier Monday.,6,increase,0.7,0.6,"the positive market reaction to roche's acquisition of spark therapeutics may lead investors to view bluebird bio more favorably, resulting in a potential increase in its stock price.",2,2019-02-25,BLUE,2019-02-25 14:28:00+00:00,13947.0,09609G10,0.1415625661611557,1630076.0,0.0180774554610252,0.032065462321043,0.0532041043043136,-0.0464628636837005,-0.0343411974608898,-0.0160017553716898,0.0092771705240011,-0.0103626810014247,-0.0244478601962328,0.0204036459326744,-0.0131518319249153,-0.0098068267107009,-0.0419043041765689,0.0026615452952682,-0.0318339504301548,0.0094029437750577,-0.0076482640579342,0.0248565971851348,0.0589209273457527,-0.0096947569400072,-0.0055098128505051,-0.0289769973605871,0.0419288985431194,0.0074836579151451,-0.0049891322851181,-0.008740265853703,0.0426864512264728,0.0112901208922267,-0.0118324169889092,0.0089935716241598,-0.0004481787036638,0.0251228399574756,-0.016143525019288,0.0541832223534584,0.0169292278587818,-0.0221746694296598,-0.0610833242535591,-0.0271957349032163,-0.0028641447424888,0.0570893548429012,0.0450690500438213,0.0255574826151132,-0.034421794116497,-0.0428490936756134,0.0370721854269504,-0.0374731458723545,0.0281662363559007,0.0273518320173025,0.005402598530054,0.0367153212428093,0.011505926027894,0.0111037148162722,0.0153124807402491,0.0427719429135322,-0.0316404998302459,0.003903578966856,0.0279703084379434,-0.013773638755083,-0.0096469772979617,0.0603229478001594,-0.0265376213937997,-0.0301750712096691,0.0064143682830035,0.0002639808226376,-0.018610568717122,0.0667417719960212,0.0065593570470809,0.0665799155831337,-0.010774876922369,0.0038190679624676,0.0045655942521989,0.0030242244247347,-0.0949876904487609,0.0212064813822507,-0.0167157035320997,-0.0033856758382171,-0.0112359058111906,-0.0145587138831615,0.0263429153710603,0.0839452445507049,-0.0213530901819467,-0.0091214720159769,0.0204231478273868,-0.0327696949243545,0.0295176841318607,-0.0585384964942932,-0.0139860138297081,-0.0222372915595769,0.0058865379542112,-0.0109017826616764,-0.0155820818617939,0.0114130992442369,0.0169030278921127,0.0145225757732987,0.0094380313530564,-0.0540239438414573,0.0278397295624017,0.0277619119733572,-0.0698526501655578,0.026138013228774,-0.0330608561635017,-0.0007825670181773,0.0077741621062159,-0.0608175955712795,-0.0023217312991619,-0.0422349572181701,-0.0655356422066688,-0.0244635064154863,0.0176734961569309,-0.0519977174699306,-0.0146037135273218,-0.0179798621684312,0.0478250496089458,0.0279283858835697,-0.018807390704751,-0.0074195163324475,-0.0534517168998718,-0.043590173125267,0.031116222962737,0.0499427393078804,0.0180774554610252,0.032065462321043,0.0722433545912437,-0.015887254567435,0.0354212338250989,-0.0316347859780089,0.0194783388560655,-0.0221162125498334,-0.0193450036653437,-0.0053775007958336,0.0683075842328073,0.1912192496084408,-0.1644319995998114,0.0751597277381523,2019-02-26,2019-02-27,2019-02-28,2019-03-01,2019-03-04,2019-03-05,2019-03-06,2019-03-07,2019-03-08,2019-03-11,13947.0,2019-02-25,252.0,14.1563%,-0.0015,1.315,1.0612,-0.9623,2.8044%,3.3813%,31.2130%,0.140805,BLUE,13947.0,2019-02-26,252.0,1.8077%,-0.0014,1.3051,1.0358,-0.9826,2.8084%,3.3797%,30.9527%,0.023698,BLUE,13947.0,2019-02-27,252.0,5.3204%,-0.0011,1.3207,1.0229,-0.9799,2.8185%,3.3935%,31.0139%,0.048782,BLUE,13947.0,2019-02-28,252.0,-3.4341%,-0.0013,1.3433,1.0373,-0.9561,2.8193%,3.3996%,31.2262%,-0.033001,BLUE,13947.0,2019-03-01,252.0,0.9277%,-0.0014,1.3463,1.0418,-0.9486,2.8192%,3.3996%,31.2294%,-0.007317,BLUE,13947.0,2019-03-04,252.0,-2.4448%,-0.0015,1.3555,1.0186,-0.9527,2.8175%,3.4022%,31.4199%,-0.00967,BLUE,13947.0,2019-03-05,252.0,-1.3152%,-0.0015,1.3592,1.0419,-0.9469,2.8172%,3.4018%,31.4139%,-0.0100659999999999,BLUE,13947.0,2019-03-06,252.0,-4.1904%,-0.0017,1.3448,1.0918,-0.9564,2.8080%,3.3990%,31.7516%,-0.017071,BLUE,13947.0,2019-03-07,252.0,-3.1834%,-0.0018,1.3526,1.0878,-0.9471,2.8108%,3.4024%,31.7545%,-0.023289,BLUE,13947.0,2019-03-08,252.0,-0.7648%,-0.0019,1.3544,1.0699,-0.9433,2.8091%,3.3978%,31.6488%,-0.006916,BLUE,13947.0,2019-03-11,252.0,5.8921%,-0.0018,1.3708,1.0849,-0.9432,2.8162%,3.4188%,32.1486%,0.029893,BLUE,0.164503,0.213285,0.180284,0.163297,0.135848
39755,BIOMARIN PHARMACEUTICAL INC,Biomarin Pharma shares are trading higher in sympathy to Spark Therapeutics which was acquired by Roche earlier Monday.,6,increase,0.7,0.6,the rise in biomarin pharma shares in response to the acquisition of spark therapeutics by roche suggests positive market sentiment and potential investor optimism for biomarin's future prospects.,2,2019-02-25,BMRN,2019-02-25 13:26:00+00:00,87056.0,09061G10,0.0397177375853061,2530900.0,0.0088659981265664,-0.0105843357741832,0.0173592120409011,-0.0204059779644012,-0.0054387813434004,-0.0129558499902486,0.0160840656608343,-0.0227683745324611,-0.0170958489179611,0.0055632465519011,-0.0049387919716537,-0.0186876505613327,-0.0175873674452304,0.0002099825942423,0.0028555134776979,0.0278467535972595,-0.0144562451168894,-0.0172888971865177,0.0142237897962331,0.0055460389703512,0.0193930566310882,-0.0228243339806795,0.0227859281003475,-0.0167042929679155,-0.006935725454241,-0.0083333300426602,0.000317447411362,-0.002230797195807,-0.0123770041391253,0.0045839319936931,-0.0205655321478843,0.0123749300837516,-0.016185512766242,0.0296241343021392,0.0091151585802435,0.0106234345585107,-0.0300726573914289,-0.0235750209540128,0.0056785913184285,0.0297799110412597,0.0125352973118424,-0.0096174553036689,-0.0191835947334766,-0.021743694320321,-0.0014783361693844,-0.0207800045609474,0.0116160381585359,0.0018459676066413,0.0067544574849307,0.0188068449497222,0.0201275087893009,0.0082165673375129,0.0072344187647104,0.0191089510917663,0.0053324396722018,-0.0138682778924703,0.0164538249373436,0.0055354121141135,-0.0161874778568744,0.0338983237743377,-0.0115825906395912,-0.0156013257801532,0.0108422460034489,0.0233950614929199,-0.0375948101282119,0.0354765094816684,0.0123831862583756,0.0344418250024318,0.0213499180972576,-0.0089454110711812,-0.03636359795928,-0.0022313850931823,-0.0695966929197311,0.0185407064855098,0.0098361289128661,-0.0047619231045246,0.0066137011162936,0.0026259396690875,0.0273563601076602,0.0454205051064491,-0.0059302574954926,-0.0096391346305608,-0.0021055131219327,-0.0572061464190483,-0.0025788445491343,-0.0005821544327773,0.0075215306133031,-0.041303914040327,-0.0023329588584601,-0.0310437548905611,-0.015783917158842,-0.0070884292945265,-0.0098598459735512,-0.0083075808361172,0.0089982002973556,-0.0065601812675595,-0.0074910493567585,0.0235001724213361,-0.0176111329346895,-0.0158798415213823,0.0087805027142167,0.0121899126097559,0.007978674955666,-0.0297258105129003,-0.0113935833796858,0.0197459533810615,-0.0252335537225008,-0.0419265627861022,0.0087119424715638,0.0183276291936636,0.075385570526123,-0.0074418731965124,0.0287975501269102,-0.0188621897250413,-0.0107059115543961,0.0232437252998352,-0.0231089554727077,-0.0065972516313195,0.0093468446284532,0.0344423465430736,0.0088659981265664,-0.0105843357741832,0.0263791169089009,-0.0307743300160087,0.0207968653166008,-0.0433314724030196,0.0194833508530323,-0.0599122543086116,-0.0009851547784777,-0.0628199577482787,0.0111645911849227,-0.0329077447567952,-0.0425787944922095,-0.063019793956899,2019-02-26,2019-02-27,2019-02-28,2019-03-01,2019-03-04,2019-03-05,2019-03-06,2019-03-07,2019-03-08,2019-03-11,87056.0,2019-02-25,252.0,3.9718%,0.0001,1.2062,0.3689,-0.3726,1.6798%,2.1990%,41.6456%,0.03817,BMRN,87056.0,2019-02-26,252.0,0.8866%,0.0002,1.2214,0.3379,-0.3769,1.6712%,2.1984%,42.2123%,0.011828,BMRN,87056.0,2019-02-27,252.0,1.7359%,0.0003,1.222,0.3412,-0.3768,1.6738%,2.1997%,42.1037%,0.015066,BMRN,87056.0,2019-02-28,252.0,-0.5439%,0.0003,1.2245,0.3428,-0.3743,1.6737%,2.1986%,42.0444%,-0.002761,BMRN,87056.0,2019-03-01,252.0,1.6084%,0.0003,1.2202,0.3364,-0.383,1.6731%,2.1959%,41.9509%,0.004686,BMRN,87056.0,2019-03-04,252.0,-1.7096%,0.0004,1.2059,0.3912,-0.381,1.6610%,2.1813%,42.0107%,-0.008002,BMRN,87056.0,2019-03-05,252.0,-0.4939%,0.0003,1.2035,0.3704,-0.3816,1.6591%,2.1747%,41.7974%,-0.002681,BMRN,87056.0,2019-03-06,252.0,-1.7587%,0.0003,1.2043,0.3771,-0.3798,1.6592%,2.1767%,41.8972%,-0.002748,BMRN,87056.0,2019-03-07,252.0,0.2856%,0.0003,1.196,0.3584,-0.3962,1.6588%,2.1735%,41.7561%,0.011652,BMRN,87056.0,2019-03-08,252.0,-1.4456%,0.0002,1.1979,0.356,-0.393,1.6608%,2.1752%,41.7047%,-0.012768,BMRN,87056.0,2019-03-11,252.0,1.4224%,0.0003,1.1948,0.336,-0.4028,1.6574%,2.1750%,41.9288%,-0.0070409999999999,BMRN,0.049998,0.065064,0.062303,0.0589869999999999,0.0454009999999999
39763,B O S BETTER ONLINE SOLNS LTD,"BOS Better Online Solutions Q4 EPS $0.11, Same YoY, Sales $9.1M Up From $7.925M YoY",6,increase,0.7,0.6,"the company reported stable earnings per share and a significant increase in sales, which are generally positive indicators for stock performance.",2,2019-02-25,BOSC,2019-02-25 14:07:00+00:00,83486.0,M2011518,-0.0653943419456482,198392.0,0.0150150721892714,-0.0317935049533844,0.0414200760424137,0.0222222674638032,0.002840906381607,0.0650886967778205,-0.0226628687232732,0.0428880527615547,-0.0202898345887661,0.0454838834702968,-0.0443787239491939,0.0299003031104803,0.0340556949377059,0.0066889566369354,0.0299401637166738,-0.0033333301544189,0.0770058035850524,0.0714285895228385,0.0634565129876136,0.0370370000600814,-0.203045666217804,0.0150375794619321,0.0286623928695917,0.0075757498852908,-0.0557275749742984,0.0291595235466957,-0.0213114935904741,0.0385425351560115,0.0050251609645783,0.0291666369885206,-0.0466667003929615,-0.0243902206420898,-0.0209790021181106,0.0165289100259542,0.0214285515248775,0.0803571715950965,-0.0489510037004947,-0.0088057359680533,-0.0110294008627533,-0.0216882470995187,-0.003717468585819,0.0358744040131568,0.0186566989868879,-0.0304347537457943,0.0366300009191036,0.0267856884747743,0.0282686091959476,-0.0260869320482015,-0.017182195559144,0.0313901044428348,-0.0209790021181106,-0.0219298042356967,0.0,0.0270270016044378,-0.0071428506635129,-0.0044843005016446,0.0431655123829841,-0.0088888807222247,-0.0172414444386959,0.0416666269302368,0.0105263898149132,-0.0270270016044378,0.0277777500450611,0.0277777500450611,-0.094594582915306,-0.0108983861282467,0.0111940186470747,0.0252581518143415,-0.0147601328790187,-0.031818151473999,-0.0299626067280769,0.0138248708099126,-0.0308880023658275,-0.0136363506317138,0.0079681202769279,-0.0090089999139308,0.023715391755104,0.0571429170668125,0.0038610002957284,0.0396039225161075,-0.0134614799171686,-0.009803912602365,0.0175437964498996,-0.023923423141241,-0.003831414040178,-0.0233645737171173,0.0,0.0388350300490856,-0.0038461503572762,-0.0283018611371517,0.0038610002957284,-0.0046949428506195,-0.0153846014291048,0.0,0.0273438170552253,0.0047170892357826,-0.0076046460308134,-0.0230415612459182,-0.0153256561607122,0.0045831641182303,0.0056809489615261,0.0189151410013437,-0.0172560587525367,-0.0093458965420722,0.0196850206702947,-0.0572686679661274,-0.0079536074772477,-0.0043859607540071,-0.0192263126373291,-0.0043668081052601,0.0158730000257492,0.0063721830956637,0.0117187388241291,-0.0256487298756837,0.1583011895418167,0.0109957410022616,-0.0133333206176757,-0.0152613101527094,-0.0067567504011094,-0.0143698276951909,0.0150150721892714,-0.0317935049533844,0.0570570736635471,-0.0102777612602669,0.0600600738498409,0.0541419694313294,0.0150150710375038,0.1493548670897146,0.1831832289237265,0.3196295957324218,-0.144144145802454,0.6495369586691948,-0.117117077451947,0.497058731723992,2019-02-26,2019-02-27,2019-02-28,2019-03-01,2019-03-04,2019-03-05,2019-03-06,2019-03-07,2019-03-08,2019-03-11,83486.0,2019-02-25,252.0,-6.5394%,0.0021,0.4207,0.5776,0.32,2.4689%,2.5161%,3.7158%,-0.064122,BOSC,83486.0,2019-02-26,252.0,1.5015%,0.002,0.3973,0.5749,0.3011,2.4630%,2.5070%,3.4776%,0.020341,BOSC,83486.0,2019-02-27,252.0,4.1420%,0.0023,0.4141,0.5562,0.304,2.4642%,2.5096%,3.5901%,0.040232,BOSC,83486.0,2019-02-28,252.0,0.2841%,0.0025,0.3976,0.5449,0.2914,2.4569%,2.4993%,3.3635%,0.004674,BOSC,83486.0,2019-03-01,252.0,-2.2663%,0.0022,0.4108,0.5646,0.3251,2.4552%,2.4997%,3.5280%,-0.02603,BOSC,83486.0,2019-03-04,252.0,-2.0290%,0.0024,0.3883,0.6569,0.3269,2.4350%,2.4820%,3.7538%,-0.017253,BOSC,83486.0,2019-03-05,252.0,-4.4379%,0.0022,0.3934,0.6684,0.3466,2.4496%,2.4969%,3.7579%,-0.040988,BOSC,83486.0,2019-03-06,252.0,3.4056%,0.0023,0.3718,0.5824,0.3105,2.4640%,2.5043%,3.1951%,0.045554,BOSC,83486.0,2019-03-07,252.0,2.9940%,0.0025,0.3607,0.5906,0.298,2.4705%,2.5097%,3.1042%,0.034332,BOSC,83486.0,2019-03-08,252.0,7.7006%,0.0027,0.3506,0.5876,0.282,2.5156%,2.5529%,2.8972%,0.07792,BOSC,83486.0,2019-03-11,252.0,6.3457%,0.003,0.3795,0.5933,0.2704,2.5358%,2.5775%,3.2120%,0.0574929999999999,BOSC,-0.043781,-0.0035489999999999,0.001125,-0.042158,0.132153
39771,BSQUARE CORP,BSQUARE Sees Q1 Sales $15M-$17M,6,uncertain,0.6,0.3,"the projected sales range of $15m-$17m does not provide a clear indication of performance relative to expectations, leading to uncertainty in stock price movement.",1,2019-02-25,BSQR,2019-02-25 22:00:00+00:00,87302.0,11776U30,-0.0103734834119677,18165.0,-0.1194968894124031,0.0387931689620018,-0.0238095019012689,0.0790696889162063,0.0,0.0141510432586073,0.073170781135559,-0.0403766185045242,-0.0863636583089828,0.062115378677845,-0.0199004784226417,0.0146341323852539,-0.0609137080609798,-0.0284359939396381,0.0648648664355278,-0.0140187889337539,-0.0558375716209411,-0.0046511581167578,0.0591397918760776,0.0003722932888194,-0.0253807473927736,0.0137736219912767,0.083333320915699,-0.0319635495543479,0.024038553237915,0.0092165805399417,0.0,0.0046296250075101,0.0042252694256603,0.0093457847833633,-0.0182328354567289,0.0044119632802903,-0.0238095019012689,-0.009023311547935,0.0341463088989257,0.0386474207043647,-0.1037735491991043,-0.0504587739706039,0.015789458528161,0.0234741549938917,0.0207254309207201,0.039024468511343,0.0456852354109287,-0.0465116910636425,-0.0242718216031789,-0.0114941876381635,-0.0298507176339626,-0.0202703047543764,0.0051282001659274,-0.0220264103263616,-0.0051020360551774,-0.0734694153070449,0.0025641000829637,0.2827225625514984,0.0076726269908249,0.0105820009484887,0.0101522747427225,-0.0052631529979407,-0.0067336475476622,-0.0355330221354961,0.0219568591564893,0.0051020360551774,-0.0049504903145134,0.0315789803862571,0.0100000584498047,-0.0256410613656044,0.0049258605577051,0.1746988445520401,0.0097543476149439,-0.1216931343078613,-0.0048543643206357,0.2193548679351807,-0.0487804412841796,-0.0988372489809989,-0.0256410613656044,0.0955413803458213,0.0210526753216981,-0.1736841797828674,-0.0154639640823006,-0.0500000119209289,-0.005235597025603,0.0256409998983144,-0.0160525981336832,-0.024999976158142,0.0163144879043102,-0.0024938224814832,0.0,0.0025000572204589,0.0053157932125031,0.010101000778377,0.0470656082034111,-0.0571428053081035,-0.0500000119209289,0.0,0.015789458528161,0.0,0.0362694598734378,0.0,-0.0153499841690063,0.0243902206420898,0.005433396436274,-0.0238095019012689,-0.010101000778377,0.0243902206420898,0.0204081442207098,-0.0465116910636425,-0.0174999833106994,0.0,-0.1603053659200668,0.023809615522623,-0.08484847843647,-0.0047393320128321,0.0,0.0047619002871215,-0.039735060185194,0.0,-0.0689655318856239,0.0243902206420898,0.1074073910713196,-0.0420561432838439,-0.1194968894124031,0.0387931689620018,-0.1404612298980116,0.1209302216801075,-0.1404612298980116,0.1367925537369831,-0.1572326995219222,0.1586539285325379,-0.1740041747033099,0.1213475350938504,-0.1712368693948395,0.2233502714506303,-0.373165606143986,0.1261681899674347,2019-02-26,2019-02-27,2019-02-28,2019-03-01,2019-03-04,2019-03-05,2019-03-06,2019-03-07,2019-03-08,2019-03-11,87302.0,2019-02-25,252.0,-1.0373%,-0.0007,0.1026,0.6198,0.0116,4.7259%,4.7386%,0.5328%,-0.008957,BSQR,87302.0,2019-02-26,252.0,-11.9497%,-0.0013,0.0912,0.7902,0.0895,4.7659%,4.7838%,0.7485%,-0.115428,BSQR,87302.0,2019-02-27,252.0,-2.3810%,-0.0014,0.0947,0.777,0.09,4.7680%,4.7853%,0.7254%,-0.025386,BSQR,87302.0,2019-02-28,252.0,0.0000%,-0.0015,0.1038,0.7833,0.0963,4.7667%,4.7844%,0.7410%,0.000263,BSQR,87302.0,2019-03-01,252.0,7.3171%,-0.0011,0.1065,0.7874,0.0672,4.7863%,4.8046%,0.7617%,0.070447,BSQR,87302.0,2019-03-04,252.0,-8.6364%,-0.0016,0.1331,0.7724,0.0435,4.8085%,4.8273%,0.7749%,-0.083012,BSQR,87302.0,2019-03-05,252.0,-1.9900%,-0.0015,0.1436,0.8434,0.0567,4.8045%,4.8261%,0.8959%,-0.017265,BSQR,87302.0,2019-03-06,252.0,-6.0914%,-0.0018,0.147,0.9553,0.0758,4.8097%,4.8373%,1.1375%,-0.049193,BSQR,87302.0,2019-03-07,252.0,6.4865%,-0.0014,0.1232,0.9738,0.0494,4.8248%,4.8529%,1.1531%,0.0669,BSQR,87302.0,2019-03-08,252.0,-5.5838%,-0.0017,0.1312,0.9645,0.0626,4.8369%,4.8641%,1.1169%,-0.056059,BSQR,87302.0,2019-03-11,252.0,5.9140%,-0.0016,0.1587,1.0194,0.0798,4.8450%,4.8759%,1.2619%,0.053949,BSQR,-0.124385,-0.149771,-0.1495079999999999,-0.1620729999999999,-0.1637409999999999
39779,BSQUARE CORP,"Bsquare Q4 EPS $(0.14) Up From $(0.33) YoY, Sales $16.839M Down From $19.469M YoY",6,uncertain,0.6,0.3,"while the improvement in eps suggests a positive trend, the decline in sales may raise concerns among investors, leading to uncertainty about the overall impact on the stock price.",1,2019-02-25,BSQR,2019-02-25 21:59:00+00:00,87302.0,11776U30,-0.0103734834119677,18165.0,-0.1194968894124031,0.0387931689620018,-0.0238095019012689,0.0790696889162063,0.0,0.0141510432586073,0.073170781135559,-0.0403766185045242,-0.0863636583089828,0.062115378677845,-0.0199004784226417,0.0146341323852539,-0.0609137080609798,-0.0284359939396381,0.0648648664355278,-0.0140187889337539,-0.0558375716209411,-0.0046511581167578,0.0591397918760776,0.0003722932888194,-0.0253807473927736,0.0137736219912767,0.083333320915699,-0.0319635495543479,0.024038553237915,0.0092165805399417,0.0,0.0046296250075101,0.0042252694256603,0.0093457847833633,-0.0182328354567289,0.0044119632802903,-0.0238095019012689,-0.009023311547935,0.0341463088989257,0.0386474207043647,-0.1037735491991043,-0.0504587739706039,0.015789458528161,0.0234741549938917,0.0207254309207201,0.039024468511343,0.0456852354109287,-0.0465116910636425,-0.0242718216031789,-0.0114941876381635,-0.0298507176339626,-0.0202703047543764,0.0051282001659274,-0.0220264103263616,-0.0051020360551774,-0.0734694153070449,0.0025641000829637,0.2827225625514984,0.0076726269908249,0.0105820009484887,0.0101522747427225,-0.0052631529979407,-0.0067336475476622,-0.0355330221354961,0.0219568591564893,0.0051020360551774,-0.0049504903145134,0.0315789803862571,0.0100000584498047,-0.0256410613656044,0.0049258605577051,0.1746988445520401,0.0097543476149439,-0.1216931343078613,-0.0048543643206357,0.2193548679351807,-0.0487804412841796,-0.0988372489809989,-0.0256410613656044,0.0955413803458213,0.0210526753216981,-0.1736841797828674,-0.0154639640823006,-0.0500000119209289,-0.005235597025603,0.0256409998983144,-0.0160525981336832,-0.024999976158142,0.0163144879043102,-0.0024938224814832,0.0,0.0025000572204589,0.0053157932125031,0.010101000778377,0.0470656082034111,-0.0571428053081035,-0.0500000119209289,0.0,0.015789458528161,0.0,0.0362694598734378,0.0,-0.0153499841690063,0.0243902206420898,0.005433396436274,-0.0238095019012689,-0.010101000778377,0.0243902206420898,0.0204081442207098,-0.0465116910636425,-0.0174999833106994,0.0,-0.1603053659200668,0.023809615522623,-0.08484847843647,-0.0047393320128321,0.0,0.0047619002871215,-0.039735060185194,0.0,-0.0689655318856239,0.0243902206420898,0.1074073910713196,-0.0420561432838439,-0.1194968894124031,0.0387931689620018,-0.1404612298980116,0.1209302216801075,-0.1404612298980116,0.1367925537369831,-0.1572326995219222,0.1586539285325379,-0.1740041747033099,0.1213475350938504,-0.1712368693948395,0.2233502714506303,-0.373165606143986,0.1261681899674347,2019-02-26,2019-02-27,2019-02-28,2019-03-01,2019-03-04,2019-03-05,2019-03-06,2019-03-07,2019-03-08,2019-03-11,87302.0,2019-02-25,252.0,-1.0373%,-0.0007,0.1026,0.6198,0.0116,4.7259%,4.7386%,0.5328%,-0.008957,BSQR,87302.0,2019-02-26,252.0,-11.9497%,-0.0013,0.0912,0.7902,0.0895,4.7659%,4.7838%,0.7485%,-0.115428,BSQR,87302.0,2019-02-27,252.0,-2.3810%,-0.0014,0.0947,0.777,0.09,4.7680%,4.7853%,0.7254%,-0.025386,BSQR,87302.0,2019-02-28,252.0,0.0000%,-0.0015,0.1038,0.7833,0.0963,4.7667%,4.7844%,0.7410%,0.000263,BSQR,87302.0,2019-03-01,252.0,7.3171%,-0.0011,0.1065,0.7874,0.0672,4.7863%,4.8046%,0.7617%,0.070447,BSQR,87302.0,2019-03-04,252.0,-8.6364%,-0.0016,0.1331,0.7724,0.0435,4.8085%,4.8273%,0.7749%,-0.083012,BSQR,87302.0,2019-03-05,252.0,-1.9900%,-0.0015,0.1436,0.8434,0.0567,4.8045%,4.8261%,0.8959%,-0.017265,BSQR,87302.0,2019-03-06,252.0,-6.0914%,-0.0018,0.147,0.9553,0.0758,4.8097%,4.8373%,1.1375%,-0.049193,BSQR,87302.0,2019-03-07,252.0,6.4865%,-0.0014,0.1232,0.9738,0.0494,4.8248%,4.8529%,1.1531%,0.0669,BSQR,87302.0,2019-03-08,252.0,-5.5838%,-0.0017,0.1312,0.9645,0.0626,4.8369%,4.8641%,1.1169%,-0.056059,BSQR,87302.0,2019-03-11,252.0,5.9140%,-0.0016,0.1587,1.0194,0.0798,4.8450%,4.8759%,1.2619%,0.053949,BSQR,-0.124385,-0.149771,-0.1495079999999999,-0.1620729999999999,-0.1637409999999999
39787,COMPANIA DE MINAS BV SA,Morgan Stanley Downgrades Buenaventura Mining Co to Equal-Weight,6,uncertain,0.5,0.5,"the downgrade of buenaventura mining co by morgan stanley may have mixed implications for compania de minas bv sa, as it depends on market perception and the relationship between the two companies, leading to uncertainty in stock price movement.",1,2019-02-25,BVN,2019-02-25 11:39:00+00:00,83445.0,20444810,-0.0183431636542081,1162447.0,-0.0018083596369251,0.0223834794014692,0.0024155143182724,-0.022471860051155,0.0024095787666738,0.0205190200358629,-0.0252403896301984,-0.0012055730912834,0.0203452482819557,0.0048455432988703,0.0060423193499445,0.0286604985594749,-0.0168167445808649,-0.0086473934352397,0.007941304706037,0.0062150638550519,0.0012121489271521,-0.0098461443558335,-0.0006053406978026,0.0137242237105965,0.0151423374190926,0.0025016206782311,0.0202864054590463,0.0050282794982194,-0.0140350740402936,0.0114431222900748,0.0166072808206081,0.0019108110573142,-0.0233372021466493,0.0031949004624038,0.0011947704479098,0.0182172898203134,0.0352028720080852,-0.0253646522760391,-0.0023055281490087,0.0115458825603127,0.005199315957725,0.0064558028243482,0.0126437488943338,0.024470891803503,-0.0017026495188474,-0.0104711940512061,-0.0113701401278376,-0.0077922004275023,-0.0109257409349083,0.0151614723727107,0.0046511581167578,-0.0162127111107111,-0.0347222425043582,0.0124754132702946,0.0023980219848454,0.0146568492054939,-0.0011960855918005,-0.0506008975207805,0.0311376359313726,-0.009398472495377,-0.0023228228092193,0.0044052670709788,0.01396971847862,-0.0197408236563205,0.0034442862961441,0.013124942779541,-0.014302060008049,-0.0214067511260509,-0.0406267493963241,-0.0168369691818952,-8.315983279771899e-08,-0.0071642291732132,0.0012143569765612,0.0288697350770235,0.0115221673622727,0.0036992216482758,-0.0461630970239639,0.0201257672160863,0.0025141397491097,-0.0221402589231729,-0.0238244589418172,0.0137156667187809,-0.0115606524050235,-0.0284675527364015,0.0038986005820333,0.0261031743139028,-0.0006472640088759,-0.0152998771518468,0.0382125079631805,0.0603504404425621,-0.011852809228003,-0.0332496687769889,0.0233585182577371,0.0075853280723094,-0.0259098801761865,0.0732700079679489,-0.0196327064186334,-0.0296247415244579,0.0,-0.0045871986076235,0.0038759962189942,0.0166555624455213,0.0250965468585491,0.0067069339565932,-0.0282486341893672,-0.0099601969122886,-0.0258397702127695,0.0230978354811668,-0.0026525172870606,0.0006798251997679,0.0279255378991365,0.0208188891410827,0.0038810102269053,0.0190947316586971,0.0038659449201077,0.0028368765488266,-0.0301668979227542,0.0049893548712134,-0.0033090163487941,0.0308596678078174,0.0106241591274738,-0.0166185330599546,0.0072273099794983,-0.0301331672817468,-0.0018083596369251,0.0223834794014692,0.0006027865627518,-0.0005913790662536,0.003013817791128,0.0199155064506999,-0.0024111462766807,0.0236220105122726,-0.0048221780154674,0.0542731681122699,0.0500301309169781,0.0425663513349692,-0.0725830813226066,0.184302662337636,2019-02-26,2019-02-27,2019-02-28,2019-03-01,2019-03-04,2019-03-05,2019-03-06,2019-03-07,2019-03-08,2019-03-11,83445.0,2019-02-25,252.0,-1.8343%,0.0004,0.0088,0.1755,0.2111,1.9843%,1.9886%,0.4316%,-0.0176699999999999,BVN,83445.0,2019-02-26,252.0,-0.1808%,0.0004,0.009,0.176,0.2116,1.9843%,1.9886%,0.4354%,-7.400000000000001e-05,BVN,83445.0,2019-02-27,252.0,0.2416%,0.0003,-0.0019,0.1959,0.2098,1.9782%,1.9830%,0.4870%,0.002227,BVN,83445.0,2019-02-28,252.0,0.2410%,0.0004,-0.0165,0.186,0.1986,1.9712%,1.9760%,0.4824%,0.002789,BVN,83445.0,2019-03-01,252.0,-2.5240%,0.0004,-0.0262,0.1716,0.1954,1.9772%,1.9819%,0.4818%,-0.024956,BVN,83445.0,2019-03-04,252.0,2.0345%,0.0004,-0.02,0.1334,0.1978,1.9776%,1.9818%,0.4240%,0.020043,BVN,83445.0,2019-03-05,252.0,0.6042%,0.0004,-0.0223,0.1198,0.1938,1.9777%,1.9818%,0.4097%,0.006807,BVN,83445.0,2019-03-06,252.0,-1.6817%,0.0004,-0.0106,0.1484,0.211,1.9793%,1.9838%,0.4523%,-0.015663,BVN,83445.0,2019-03-07,252.0,0.7941%,0.0004,-0.0124,0.1557,0.2106,1.9794%,1.9839%,0.4625%,0.008565,BVN,83445.0,2019-03-08,252.0,0.1212%,0.0006,-0.015,0.1961,0.2044,1.9658%,1.9708%,0.5097%,0.001375,BVN,83445.0,2019-03-11,252.0,-0.0605%,0.0006,-0.0156,0.2017,0.2079,1.9654%,1.9706%,0.5297%,-0.000115,BVN,-0.017744,-0.015517,-0.012728,-0.0176409999999999,-0.0166719999999999
39795,CALAMP CORP,"CalAmp Reports Purchase Of LoJack Mexico For $13M In Cash, TRACKER For $13M",6,increase,0.7,0.6,"the acquisition of lojack mexico and tracker for a total of $26m could be seen as a strategic move to enhance calamp's market position, potentially leading to positive investor sentiment and an increase in stock price.",2,2019-02-25,CAMP,2019-02-25 21:59:00+00:00,20670.0,12812610,-0.0013793419348075,158361.0,0.0048342989757657,0.0090466327965259,-0.0171821303665638,-0.0034674196504056,-0.0279720667749643,-0.005517235957086,0.0,-0.004804371856153,0.0197842139750719,0.0260563306510448,-0.0165785253047943,-0.0353261157870292,-0.040172129869461,0.020097017288208,-0.0269058030098676,0.0126316007226705,0.0,0.0178571436554193,0.0069123804569244,-0.003558732336387,-0.013729928061366,-0.0283540692180395,0.0108274854719638,0.0034698259551078,-0.0229532700031995,-0.0075757992453873,-0.0031324129085987,0.004844335373491,0.0047133089974522,0.0027758474461734,-0.0054730018600821,0.0133614325895905,-0.0070754834450781,0.0120996497571468,0.0095011787489056,-0.007067097350955,-0.0400000177323818,-0.0380693674087524,0.0057190074585378,0.0674891397356987,0.0064987749792635,0.0154753159731626,0.0129136275500059,-0.0058608003892004,-0.0015936619602143,-0.0243030842393636,0.0039904383011162,-0.0014275844441726,0.0198728144168853,0.0021459718700498,0.0015588821843266,-0.0092133320868015,0.0077820564620196,0.0078571187332272,-0.0023165817838162,-0.0189208444207906,0.017801821231842,0.014214695431292,0.000760473718401,-0.0042463140562176,-0.0235561914741993,-0.0007072297739796,0.0155641874298453,0.0187320057302713,-0.0076628644019365,0.0161054376512765,-0.0007722184527665,0.0395737811923027,-0.0092735616490244,-0.0208643618971109,0.0202808286994695,0.0315142087638378,0.0321100987493991,-0.0068702404387295,-0.0059259203262627,0.0038314322009682,0.0037257967051118,0.0163551438599824,0.0207869131118059,0.0655601620674133,0.0167272388935089,0.0177364889532327,-0.0357653796672821,-0.0669818297028541,0.0029674270190298,-0.0230947025120258,0.0539940483868122,-0.04415013641119,0.0252631343901157,-0.0208933688700199,-0.0417522005736827,-0.0190812367945909,-0.0128571642562747,-0.0361035875976085,0.0130246244370937,-0.0060934429056942,0.0035714420955628,0.0416079089045524,-0.031316764652729,-0.1653913706541061,-0.0044084838591516,-0.0127832265570759,0.0088560795411467,-0.0254813563078641,0.0051206797361373,0.0261476337909698,-0.0371179208159446,-0.0517906658351421,0.0136054661124944,0.0254236627370119,0.0037285750731825,-0.0301369447261095,0.0074294488877058,0.0201230086386203,-0.0361357443034648,0.0,-0.0153022045269608,-0.0366182178258895,0.02253302000463,-0.0021494312677532,0.0048342989757657,0.0090466327965259,-0.0124308949460306,0.0055478446737915,-0.040055243897492,-5.141309600276145e-11,-0.0210634914385118,0.0211267744407379,-0.0946132537319158,0.032028459136618,-0.0911602007684602,0.0261854206289005,-0.0911601973263767,-0.2208490126193333,2019-02-26,2019-02-27,2019-02-28,2019-03-01,2019-03-04,2019-03-05,2019-03-06,2019-03-07,2019-03-08,2019-03-11,20670.0,2019-02-25,252.0,-0.1379%,-0.0021,1.0418,1.3527,-0.0574,1.9918%,2.4136%,31.8989%,0.000415,CAMP,20670.0,2019-02-26,252.0,0.4834%,-0.0021,1.0332,1.3374,-0.0716,1.9939%,2.4110%,31.6026%,0.014869,CAMP,20670.0,2019-02-27,252.0,-1.7182%,-0.0022,1.0313,1.3354,-0.072,1.9973%,2.4124%,31.4532%,-0.020839,CAMP,20670.0,2019-02-28,252.0,-2.7972%,-0.0023,1.039,1.3399,-0.0609,2.0023%,2.4172%,31.3831%,-0.025322,CAMP,20670.0,2019-03-01,252.0,0.0000%,-0.0023,1.0382,1.3387,-0.0578,2.0031%,2.4153%,31.2157%,-0.0116999999999999,CAMP,20670.0,2019-03-04,252.0,1.9784%,-0.0022,1.0348,1.3204,-0.0502,2.0138%,2.4191%,30.6968%,0.030673,CAMP,20670.0,2019-03-05,252.0,-1.6579%,-0.0022,1.0348,1.3152,-0.0469,2.0142%,2.4141%,30.3839%,-0.0109369999999999,CAMP,20670.0,2019-03-06,252.0,-4.0172%,-0.0023,1.0375,1.3436,-0.04,2.0155%,2.4252%,30.9327%,-0.014979,CAMP,20670.0,2019-03-07,252.0,-2.6906%,-0.0024,1.0441,1.3459,-0.0306,2.0178%,2.4285%,30.9648%,-0.01768,CAMP,20670.0,2019-03-08,252.0,0.0000%,-0.0023,1.0436,1.3454,-0.0313,2.0179%,2.4275%,30.8942%,0.001482,CAMP,20670.0,2019-03-11,252.0,0.6912%,-0.0022,1.0399,1.2851,-0.0638,1.9837%,2.3963%,31.4685%,-0.013734,CAMP,0.015284,-0.0055549999999999,-0.030877,-0.011904,-0.067752
39803,CAN FITE BIOPHARMA LTD,"Can-Fite Expands its Namodenoson Distribution Deal with CKD in South Korea with NASH Indication, Can-Fite to Receive $1M Upfront",6,increase,0.75,0.6,"the expansion of the distribution deal and the upfront payment of $1m suggest positive developments for can-fite, likely boosting investor confidence and stock price.",2,2019-02-25,CANF,2019-02-25 12:08:00+00:00,14272.0,13471N30,0.0,169817.0,0.0263157654553651,0.0,0.0,-0.0172413624823093,-0.0085470005869865,0.008695644326508,-0.0172413624823093,0.0043668081052601,0.0877193212509155,0.0043859607540071,-0.1048387065529823,-0.0172413624823093,0.0180179998278617,-0.0085470005869865,-0.0265486482530832,0.0086206812411546,0.0,-0.0252101588994264,-0.0090909004211425,0.0170941036194562,0.0275229085236787,-0.0126582160592079,-0.0267856884747743,-0.0125000867992639,0.0366972126066684,0.0,-0.0087610390037298,0.0256411042064428,0.0266940034925937,-0.025000074878335,0.0695652589201927,0.0084033524617552,0.0975609794259071,0.0530974008142948,0.0,-0.0258620455861091,-0.0814814940094947,0.0175438430160284,0.0403225421905517,-0.008695644326508,-0.278294563293457,-0.0086206812411546,-0.1098818331956863,0.008695644326508,0.0619041733443737,-0.0416667237877845,-0.0056818127632141,-0.0769230052828788,-0.0229714252054691,0.0077519309706985,-0.2642414271831512,0.0487804412841796,0.0015898046549409,0.0512821078300476,-0.0196824949234724,-0.0330579169094562,-0.032545331865549,0.0168067049235105,-0.0125523889437317,-0.0325202941894531,0.0,0.0,-0.0169491376727819,0.0,-0.0172413624823093,-0.0314960330724716,-0.0242104660719633,0.0,-0.0147429862990975,-0.0078124925494194,-0.0145984617993235,0.0158730000257492,-0.0557408258318901,0.0413222722709178,-0.0292213577777147,0.0965111255645752,0.010101000778377,0.1035000085830688,0.0,-0.0430621616542339,0.0,-0.0669643282890319,0.0740000009536743,-0.0344827249646186,0.1018622294068336,-0.0491803772747516,-0.0113233709707856,0.0166666507720947,-0.10051279515028,-0.0165545772761106,-0.1258076578378677,-0.039212629199028,-0.1086956784129143,0.0,-0.0046341158449649,-0.0054815737530589,-0.0024504212196916,-0.0023437663912773,-0.0221075993031263,-0.0002343589585507,-0.0163274966180324,0.0201593823730945,0.0536261424422264,-0.0271317586302757,0.0486336089670658,0.0,-0.0446841269731521,-0.0076923007145524,-0.0548386573791503,-0.0225564576685428,0.0153583064675331,0.0075757498852908,-0.0487394891679287,-0.0638297274708747,-0.0901059657335281,-0.0208333954215049,-0.3669902980327606,-0.0270270016044378,0.0674846693873405,0.0206896346062421,0.0263157654553651,0.0,0.0263157654553651,-0.0172413624823093,0.0175438440055846,-0.0086956429116518,0.0877193231538173,1.0995007126979315e-09,-0.0438596087284427,-0.0256410001337393,-0.4824561628635738,-0.0731707525479034,-0.7964914202020912,-0.2137931357539908,2019-02-26,2019-02-27,2019-02-28,2019-03-01,2019-03-04,2019-03-05,2019-03-06,2019-03-07,2019-03-08,2019-03-11,14272.0,2019-02-25,252.0,0.0000%,-0.0012,0.3243,0.3691,0.0789,3.4561%,3.4772%,1.2052%,0.0005729999999999,CANF,14272.0,2019-02-26,252.0,2.6316%,-0.0013,0.2845,0.3651,0.047,3.4435%,3.4615%,1.0366%,0.029357,CANF,14272.0,2019-02-27,252.0,0.0000%,-0.0014,0.2772,0.3781,0.0458,3.4420%,3.4597%,1.0250%,-0.000993,CANF,14272.0,2019-02-28,252.0,-0.8547%,-0.0012,0.2554,0.3629,0.0315,3.4314%,3.4472%,0.9130%,-0.007749,CANF,14272.0,2019-03-01,252.0,-1.7241%,-0.0016,0.2928,0.4185,0.0981,3.4063%,3.4254%,1.1137%,-0.020096,CANF,14272.0,2019-03-04,252.0,8.7719%,-0.0009,0.2494,0.4798,0.1281,3.4273%,3.4443%,0.9837%,0.090443,CANF,14272.0,2019-03-05,252.0,-10.4839%,-0.0015,0.2546,0.4537,0.1694,3.4713%,3.4866%,0.8785%,-0.10271,CANF,14272.0,2019-03-06,252.0,1.8018%,-0.0016,0.2202,0.4177,0.1256,3.4645%,3.4774%,0.7361%,0.025716,CANF,14272.0,2019-03-07,252.0,-2.6549%,-0.0016,0.2362,0.4521,0.1566,3.4643%,3.4788%,0.8316%,-0.024127,CANF,14272.0,2019-03-08,252.0,0.0000%,-0.0015,0.2351,0.4655,0.1542,3.4635%,3.4784%,0.8528%,0.00047,CANF,14272.0,2019-03-11,252.0,-0.9091%,-0.0017,0.2274,0.4977,0.1765,3.4548%,3.4702%,0.8806%,-0.0135579999999999,CANF,0.02993,0.028937,0.021188,0.0915349999999999,-0.022674
39811,CROSSAMERICA PARTNERS LP,"CrossAmerica Partners LP Common Units representing limited partner interests Q4 EPS $0.22 Beats $0.14 Estimate, Sales $547.242M Miss $628.33M Estimate",6,uncertain,0.6,0.3,"while the earnings per share beat expectations, the significant miss on sales could lead to mixed reactions from investors, making the overall impact on the stock price uncertain.",1,2019-02-25,CAPL,2019-02-25 22:13:00+00:00,13615.0,22758A10,0.0011668879305943,41525.0,0.0122378198429942,-0.0023283420596271,0.01381691172719,-0.002901870990172,0.0022713802754879,0.0005807334091514,0.014730891212821,0.0105632860213518,0.0033500539138913,0.007687821984291,-0.0005564957973547,0.0035607991740107,-0.0033407276496291,0.0089820129796862,-0.0111731206998229,0.012121258303523,-0.0225989557802677,-0.00960383284837,-0.0098265940323472,-0.0095101185142993,0.0163456331938505,-0.0158819500356912,0.0229752790182828,-0.0067606107331812,-0.0050533497706055,0.0085227051749825,-0.0022572805173695,0.0028490682598203,0.0118777761235833,0.0086206682026386,0.008384658023715,-0.0102389249950647,0.0022172397002577,0.0144258514046669,0.0016593299806118,-0.0057372562587261,-0.0110436640679836,0.0228872876614332,0.0067002144642174,0.0308530069887638,0.0066555147059261,-0.0072071431204676,-0.0005509768379852,0.0072594634257256,0.0005512805655598,-0.016071343794465,0.0060606398619711,0.0175650510936975,0.0076669980771839,0.0128834974020719,0.002717453520745,-0.0151057410985231,-0.0010840356117114,0.028589129447937,0.0103093069046735,-0.0171045009046793,0.0134264221414923,-0.0042578889988362,0.0058292895555496,-0.0185074303299188,-0.0115911122411489,-0.0029761451296508,-0.0010661224368959,0.0281517188996076,-0.0074706184677779,0.0309148114174604,-0.0037634244654327,0.0379829667508602,-0.0037777442485094,0.0366599410772323,-0.0032502419780939,0.0402542166411876,0.0005434906925074,0.0056818127632141,-0.0038022648077458,0.0618400983512401,0.0049073146656155,-0.0199556183069944,0.0021703206002712,0.0074459738098084,-0.0092041194438934,-0.0132255218923091,0.0054645021446049,0.0126488152891397,0.0054348036646842,-0.0095799639821052,-0.0016216586809605,0.0014759781770408,0.0037900165189057,-0.0265804510563612,-0.0005393866449594,-0.0333333015441894,-0.0194279868155717,-0.0136986821889877,-0.0211887657642364,-0.0221031419932842,-0.0150637440383434,-0.0138705438002944,-0.0823529213666915,-0.0143228722736239,0.0,0.0013037485769018,0.0044871596619486,-0.0006514806882478,-0.0012763533741235,-0.0019505678210407,-0.0242810975760221,-0.0234920568764209,0.0130975637584924,-0.001901123789139,-0.0109890159219503,-0.0149813182651996,-0.0045752055011689,0.0037594246678054,-0.0065659508109092,0.0224215500056743,-0.0019827978685498,0.0103559773415327,0.0039734742604196,0.0052049397490918,0.0122378198429942,-0.0023283420596271,0.026223820446688,-0.0052234565015212,0.0285547649906865,-0.0046457565280715,0.0472027656931504,0.0136013926602369,-0.0017482926650966,0.0190273784061865,0.1060605857564522,0.0555298767251351,-0.0896780976621586,0.1503009519830733,2019-02-26,2019-02-27,2019-02-28,2019-03-01,2019-03-04,2019-03-05,2019-03-06,2019-03-07,2019-03-08,2019-03-11,13615.0,2019-02-25,252.0,0.1167%,-0.0007,0.4535,0.3749,0.2015,1.8812%,1.9417%,6.1329%,0.001706,CAPL,13615.0,2019-02-26,252.0,1.2238%,-0.0007,0.4505,0.3546,0.189,1.8841%,1.9431%,5.9884%,0.015928,CAPL,13615.0,2019-02-27,252.0,1.3817%,-0.0006,0.4484,0.3623,0.1887,1.8857%,1.9445%,5.9598%,0.012865,CAPL,13615.0,2019-02-28,252.0,0.2271%,-0.0007,0.4525,0.3653,0.1906,1.8850%,1.9445%,6.0279%,0.003961,CAPL,13615.0,2019-03-01,252.0,1.4731%,-0.0005,0.4428,0.3508,0.1701,1.8821%,1.9393%,5.8054%,0.011086,CAPL,13615.0,2019-03-04,252.0,0.3350%,-0.0005,0.4398,0.3545,0.1723,1.8824%,1.9390%,5.7512%,0.006303,CAPL,13615.0,2019-03-05,252.0,-0.0556%,-0.0004,0.444,0.3886,0.1745,1.8781%,1.9371%,5.9950%,0.001614,CAPL,13615.0,2019-03-06,252.0,-0.3341%,-0.0003,0.4524,0.3682,0.1811,1.8742%,1.9345%,6.1317%,0.0051259999999999,CAPL,13615.0,2019-03-07,252.0,-1.1173%,-0.0003,0.4562,0.3744,0.188,1.8745%,1.9357%,6.2213%,-0.0066979999999999,CAPL,13615.0,2019-03-08,252.0,-2.2599%,-0.0004,0.4586,0.3812,0.1916,1.8788%,1.9406%,6.2657%,-0.021553,CAPL,13615.0,2019-03-11,252.0,-0.9827%,-0.0004,0.4503,0.3671,0.1878,1.8812%,1.9409%,6.0535%,-0.017127,CAPL,0.017634,0.030499,0.03446,0.0518489999999999,0.0132109999999999
39819,CLEAR CHANNEL OUTDOOR HLDGS NEW,Clear Channel Outdoor Names Brian Coleman CFO Of Clear Channel Outdoor,6,uncertain,0.5,0.5,"the appointment of a new cfo can have mixed implications for a company's stock price, depending on investor perception of the new leadership and their strategic vision.",1,2019-02-25,CCO,2019-02-25 13:33:00+00:00,90989.0,18453H10,0.0035650588106364,50440.0,-0.0106571828946471,0.0053763817995786,-0.0197486765682697,0.0508474558591842,0.0036630001850426,0.0191938392817974,-0.0875912457704544,-0.0019156613852828,0.1000000014901161,0.0609755516052246,-0.0054545835591852,-0.050193004310131,-0.0822668820619583,-0.0038461503572762,0.0219123773276805,-0.0188679955899715,-0.0077972635626792,-0.0018831924535334,0.0569744519889354,0.0018867455655708,0.0241635888814926,-0.0093457410112023,0.003629760351032,-0.0110905626788735,-0.021699883043766,0.0037105716764926,-0.0258779805153608,-0.0128205437213182,0.0550284571945667,-0.0197486765682697,-0.0125899594277143,0.0314814932644367,0.0200364552438259,0.003717468585819,-0.0142857013270258,-0.0037037001457065,-0.0579710453748703,-0.0145985260605812,0.0153846926987171,0.0359168350696563,0.0113636255264282,0.0134099954739213,-0.0411985516548156,0.0096711246296763,-0.0156249850988388,-0.0336448289453983,0.0615079253911972,-0.014732951298356,-0.0037383141461759,-0.0127273043617606,0.0262663923203945,-0.0036231849808245,0.0201097149401903,0.012844068929553,0.00179215578828,0.0073937084525823,0.0107334423810243,-0.0287253707647323,-0.0283186417073011,0.0,-0.0163933839648962,-0.0141592780128121,0.0037037001457065,0.0180179998278617,0.005535006057471,0.0146253025159239,-0.0146788852289319,0.0379506275057792,0.0130354138091206,-0.0037807147018611,-0.0183823350816965,0.0192678049206733,0.0243445001542568,0.0019305461319163,-0.0438756458461284,0.0257425010204315,-0.0172084420919418,-0.0136718153953552,0.0350195169448852,0.0019568984862416,-0.0244361106306314,-0.0077669825404882,-0.0385356992483139,-0.0190476011484861,0.0200401581823825,-0.0295748338103294,-0.0235757082700729,-0.0424779206514358,-0.0160965640097856,0.0071301176212728,-0.0224948171526193,-0.0310880541801452,-0.0690377354621887,-0.0085616763681173,0.0674157738685607,-0.0017093593487516,0.0400000102818012,0.0191637873649597,-0.0566802024841308,0.0323740690946579,0.051502201706171,0.0239410903304815,0.0163265150040388,0.0462427288293838,0.0120481811463832,0.0506072863936424,-0.0178571734577417,-0.0407767072319984,0.0202020984143018,0.0078277811408042,0.0297028943896293,-0.0019530765712261,-0.0115384506061673,-0.0375940389931201,0.0,0.0390625558793544,-0.0038910470902919,-0.0210325308144092,0.0332031399011611,0.0,-0.0106571828946471,0.0053763817995786,-0.0301953942048015,0.0564972129949992,-0.0266429997543186,0.0767754507028921,-0.023090605860382,0.1402439140773019,-0.0444049746043105,0.0584905550247647,-0.0248668473508814,0.0071813230165171,-0.0603907850406434,0.0726577577926543,2019-02-26,2019-02-27,2019-02-28,2019-03-01,2019-03-04,2019-03-05,2019-03-06,2019-03-07,2019-03-08,2019-03-11,90989.0,2019-02-25,252.0,0.3565%,0.0005,0.8721,0.7652,0.2317,2.2007%,2.4032%,16.1393%,0.004528,CCO,90989.0,2019-02-26,252.0,-1.0657%,0.0005,0.8674,0.7756,0.2334,2.2001%,2.4012%,16.0460%,-0.0037,CCO,90989.0,2019-02-27,252.0,-1.9749%,0.0002,0.8521,0.7961,0.2308,2.1945%,2.3921%,15.8412%,-0.021823,CCO,90989.0,2019-02-28,252.0,0.3663%,0.0004,0.8368,0.7859,0.2182,2.1886%,2.3800%,15.4353%,0.006622,CCO,90989.0,2019-03-01,252.0,-8.7591%,0.0002,0.7885,0.7138,0.1876,2.2506%,2.4153%,13.1690%,-0.095112,CCO,90989.0,2019-03-04,252.0,10.0000%,0.0005,0.7913,0.6091,0.2086,2.3375%,2.4879%,11.7242%,0.106134,CCO,90989.0,2019-03-05,252.0,-0.5455%,0.0005,0.7922,0.6142,0.21,2.3375%,2.4875%,11.6946%,-0.001811,CCO,90989.0,2019-03-06,252.0,-8.2267%,0.0002,0.8187,0.7565,0.2594,2.3758%,2.5410%,12.5798%,-0.068048,CCO,90989.0,2019-03-07,252.0,2.1912%,0.0005,0.8121,0.7824,0.2579,2.3763%,2.5415%,12.5787%,0.029922,CCO,90989.0,2019-03-08,252.0,-0.7797%,0.0005,0.8126,0.7889,0.2583,2.3763%,2.5420%,12.6107%,-0.006054,CCO,90989.0,2019-03-11,252.0,5.6974%,0.0007,0.8349,0.7995,0.2529,2.3908%,2.5660%,13.1880%,0.043281,CCO,0.0008279999999999,-0.020995,-0.014373,-0.0033509999999999,-0.0060609999999999
39827,CLEAR CHANNEL OUTDOOR HLDGS NEW,Clear Channel Outdoor Announces Brian Coleman Will Become CFO  When The Company Becomes A Standalone Public Company Upon Iheartmedia'S Emergence From Its Previously Announced Restructuring Process,6,increase,0.7,0.6,"the appointment of a new cfo can signal positive changes and stability for clear channel outdoor as it transitions to a standalone public company, which may boost investor confidence.",2,2019-02-25,CCO,2019-02-25 13:32:00+00:00,90989.0,18453H10,0.0035650588106364,50440.0,-0.0106571828946471,0.0053763817995786,-0.0197486765682697,0.0508474558591842,0.0036630001850426,0.0191938392817974,-0.0875912457704544,-0.0019156613852828,0.1000000014901161,0.0609755516052246,-0.0054545835591852,-0.050193004310131,-0.0822668820619583,-0.0038461503572762,0.0219123773276805,-0.0188679955899715,-0.0077972635626792,-0.0018831924535334,0.0569744519889354,0.0018867455655708,0.0241635888814926,-0.0093457410112023,0.003629760351032,-0.0110905626788735,-0.021699883043766,0.0037105716764926,-0.0258779805153608,-0.0128205437213182,0.0550284571945667,-0.0197486765682697,-0.0125899594277143,0.0314814932644367,0.0200364552438259,0.003717468585819,-0.0142857013270258,-0.0037037001457065,-0.0579710453748703,-0.0145985260605812,0.0153846926987171,0.0359168350696563,0.0113636255264282,0.0134099954739213,-0.0411985516548156,0.0096711246296763,-0.0156249850988388,-0.0336448289453983,0.0615079253911972,-0.014732951298356,-0.0037383141461759,-0.0127273043617606,0.0262663923203945,-0.0036231849808245,0.0201097149401903,0.012844068929553,0.00179215578828,0.0073937084525823,0.0107334423810243,-0.0287253707647323,-0.0283186417073011,0.0,-0.0163933839648962,-0.0141592780128121,0.0037037001457065,0.0180179998278617,0.005535006057471,0.0146253025159239,-0.0146788852289319,0.0379506275057792,0.0130354138091206,-0.0037807147018611,-0.0183823350816965,0.0192678049206733,0.0243445001542568,0.0019305461319163,-0.0438756458461284,0.0257425010204315,-0.0172084420919418,-0.0136718153953552,0.0350195169448852,0.0019568984862416,-0.0244361106306314,-0.0077669825404882,-0.0385356992483139,-0.0190476011484861,0.0200401581823825,-0.0295748338103294,-0.0235757082700729,-0.0424779206514358,-0.0160965640097856,0.0071301176212728,-0.0224948171526193,-0.0310880541801452,-0.0690377354621887,-0.0085616763681173,0.0674157738685607,-0.0017093593487516,0.0400000102818012,0.0191637873649597,-0.0566802024841308,0.0323740690946579,0.051502201706171,0.0239410903304815,0.0163265150040388,0.0462427288293838,0.0120481811463832,0.0506072863936424,-0.0178571734577417,-0.0407767072319984,0.0202020984143018,0.0078277811408042,0.0297028943896293,-0.0019530765712261,-0.0115384506061673,-0.0375940389931201,0.0,0.0390625558793544,-0.0038910470902919,-0.0210325308144092,0.0332031399011611,0.0,-0.0106571828946471,0.0053763817995786,-0.0301953942048015,0.0564972129949992,-0.0266429997543186,0.0767754507028921,-0.023090605860382,0.1402439140773019,-0.0444049746043105,0.0584905550247647,-0.0248668473508814,0.0071813230165171,-0.0603907850406434,0.0726577577926543,2019-02-26,2019-02-27,2019-02-28,2019-03-01,2019-03-04,2019-03-05,2019-03-06,2019-03-07,2019-03-08,2019-03-11,90989.0,2019-02-25,252.0,0.3565%,0.0005,0.8721,0.7652,0.2317,2.2007%,2.4032%,16.1393%,0.004528,CCO,90989.0,2019-02-26,252.0,-1.0657%,0.0005,0.8674,0.7756,0.2334,2.2001%,2.4012%,16.0460%,-0.0037,CCO,90989.0,2019-02-27,252.0,-1.9749%,0.0002,0.8521,0.7961,0.2308,2.1945%,2.3921%,15.8412%,-0.021823,CCO,90989.0,2019-02-28,252.0,0.3663%,0.0004,0.8368,0.7859,0.2182,2.1886%,2.3800%,15.4353%,0.006622,CCO,90989.0,2019-03-01,252.0,-8.7591%,0.0002,0.7885,0.7138,0.1876,2.2506%,2.4153%,13.1690%,-0.095112,CCO,90989.0,2019-03-04,252.0,10.0000%,0.0005,0.7913,0.6091,0.2086,2.3375%,2.4879%,11.7242%,0.106134,CCO,90989.0,2019-03-05,252.0,-0.5455%,0.0005,0.7922,0.6142,0.21,2.3375%,2.4875%,11.6946%,-0.001811,CCO,90989.0,2019-03-06,252.0,-8.2267%,0.0002,0.8187,0.7565,0.2594,2.3758%,2.5410%,12.5798%,-0.068048,CCO,90989.0,2019-03-07,252.0,2.1912%,0.0005,0.8121,0.7824,0.2579,2.3763%,2.5415%,12.5787%,0.029922,CCO,90989.0,2019-03-08,252.0,-0.7797%,0.0005,0.8126,0.7889,0.2583,2.3763%,2.5420%,12.6107%,-0.006054,CCO,90989.0,2019-03-11,252.0,5.6974%,0.0007,0.8349,0.7995,0.2529,2.3908%,2.5660%,13.1880%,0.043281,CCO,0.0008279999999999,-0.020995,-0.014373,-0.0033509999999999,-0.0060609999999999
39835,CHEMED CORP NEW,"RBC Capital Maintains Sector Perform on Chemed, Raises Price Target to $318",6,increase,0.7,0.5,the maintenance of a 'sector perform' rating combined with a raised price target typically indicates positive sentiment and potential for stock price appreciation.,2,2019-02-25,CHE,2019-02-25 14:38:00+00:00,64194.0,16359R10,-0.00347929331474,191797.0,0.0086513776332139,0.0181510671973228,0.0001224629377247,0.0078991437330842,0.0092193018645048,0.0049853194504976,0.0013050223933532,0.0099416524171829,0.0064618051983416,-0.0001281922304769,-0.0066915876232087,0.0155328698456287,-0.0127450749278068,0.0024155059363693,-0.0050101582892239,0.0101892640814185,-0.0023168886546045,0.00271130586043,0.0018578341696411,0.0009266573470085,0.0146186519414186,-0.0166943427175283,-0.0063359136693179,0.0001952854800038,0.0094111384823918,0.0056299339048564,-0.0088070761412382,0.0194541420787572,0.0073227039538323,0.0058400691486895,-0.0051099332049489,0.0042470330372452,-0.0084685841575264,0.0149498656392097,0.0102675948292017,0.0097063817083835,-0.0202654786407947,-0.006145108025521,0.0032708880025893,0.0025469653774052,-0.0017387989209964,0.0017583065200597,-0.0063141486607491,0.0197237133979797,-0.0015650921268388,0.0014787609688937,0.0034486192744225,-0.0028438926674425,0.012590991333127,-0.0085284989327192,-0.0043196356855332,0.0104111405089497,0.0070963059552013,0.0266493521630764,-0.0037846718914806,-0.0038848137483,0.0055596358142793,-0.0032625971361994,-0.0060818619094789,-0.0074020875617861,0.0004636393568944,0.0048274849541485,0.0011119925184175,0.0185387395322322,-0.0009565168875269,-0.0018177852034568,0.0020693477708846,0.0348771177232265,0.0092155653983354,-0.0393942445516586,-0.0105667952448129,-0.0232631899416446,-0.0221001394093036,0.0148676019161939,-6.318897067103535e-05,-0.0079257199540734,0.0058396658860147,0.0079168602824211,0.0225012190639972,0.0472313798964023,0.0050027770921587,-0.0061889630742371,-0.0040006032213568,0.0028415829874575,0.0083705782890319,-0.0097008114680647,0.0052908146753907,-0.0281396452337503,-0.0115846060216426,-0.0071454090066254,-0.0159740541130304,-0.0277199205011129,0.0159223638474941,-0.0337976403534412,0.0135301016271114,-0.0276418011635541,0.0062820492312312,0.0165881495922803,-0.0030613753478974,6.642180233029649e-05,-0.0062921373173594,-0.0051164161413908,0.0075134984217584,-0.0099348938092589,0.006254750303924,0.0094681810587644,-0.0081881191581487,-0.0406684353947639,-0.0077134831808507,-0.0025569719728082,0.0102025810629129,0.014832628890872,0.00802543759346,0.0075204521417617,-0.0107943564653396,0.0385492071509361,0.0010248880134895,-0.0176824890077114,0.0232173632830381,0.0113897947594523,0.0086513776332139,0.0181510671973228,0.0087749000440591,0.0261935888191076,0.0180751003609009,0.0313094916774234,0.0259908993650019,0.0414288919694239,0.0006317918889777,0.0748609843605583,0.0006936080402912,0.1558007068432831,0.0508242277789812,0.0816265777181943,2019-02-26,2019-02-27,2019-02-28,2019-03-01,2019-03-04,2019-03-05,2019-03-06,2019-03-07,2019-03-08,2019-03-11,64194.0,2019-02-25,252.0,-0.3479%,0.0007,0.8902,0.5673,-0.0202,1.1130%,1.5029%,45.1579%,-0.0034799999999999,CHE,64194.0,2019-02-26,252.0,0.8651%,0.0007,0.8819,0.5576,-0.0313,1.1142%,1.4979%,44.6635%,0.01354,CHE,64194.0,2019-02-27,252.0,0.0122%,0.0008,0.8856,0.5502,-0.0307,1.1131%,1.4978%,44.7775%,-0.0018679999999999,CHE,64194.0,2019-02-28,252.0,0.9219%,0.0007,0.8958,0.5576,-0.0259,1.1055%,1.4972%,45.4734%,0.011678,CHE,64194.0,2019-03-01,252.0,0.1305%,0.0007,0.8907,0.55,-0.0302,1.1060%,1.4928%,45.1066%,-0.006955,CHE,64194.0,2019-03-04,252.0,0.6462%,0.0008,0.8904,0.5395,-0.0276,1.1087%,1.4931%,44.8592%,0.013321,CHE,64194.0,2019-03-05,252.0,-0.6692%,0.0007,0.8899,0.5329,-0.0263,1.1085%,1.4896%,44.6227%,-0.003662,CHE,64194.0,2019-03-06,252.0,-1.2745%,0.0007,0.8892,0.532,-0.0273,1.1085%,1.4913%,44.7455%,0.001365,CHE,64194.0,2019-03-07,252.0,-0.5010%,0.0006,0.884,0.5098,-0.0405,1.1027%,1.4837%,44.7557%,0.002473,CHE,64194.0,2019-03-08,252.0,-0.2317%,0.0007,0.8834,0.5218,-0.042,1.1007%,1.4833%,44.9356%,-0.000786,CHE,64194.0,2019-03-11,252.0,0.1858%,0.0006,0.8762,0.5139,-0.0427,1.1042%,1.4833%,44.5822%,-0.0134919999999999,CHE,0.01006,0.008192,0.01987,0.026236,0.012134
39843,CHEMED CORP NEW,Chemed Corporation Announces That The Board Of Directors Has Formally Authorized An Additional $150 Million For Stock Repurchase Under Chemed's Existing Share Repurchase Program,6,increase,0.8,0.6,the announcement of an additional $150 million for stock repurchase typically signals confidence in the company's financial health and can lead to an increase in stock price due to reduced share supply and positive investor sentiment.,2,2019-02-25,CHE,2019-02-25 13:33:00+00:00,64194.0,16359R10,-0.00347929331474,191797.0,0.0086513776332139,0.0181510671973228,0.0001224629377247,0.0078991437330842,0.0092193018645048,0.0049853194504976,0.0013050223933532,0.0099416524171829,0.0064618051983416,-0.0001281922304769,-0.0066915876232087,0.0155328698456287,-0.0127450749278068,0.0024155059363693,-0.0050101582892239,0.0101892640814185,-0.0023168886546045,0.00271130586043,0.0018578341696411,0.0009266573470085,0.0146186519414186,-0.0166943427175283,-0.0063359136693179,0.0001952854800038,0.0094111384823918,0.0056299339048564,-0.0088070761412382,0.0194541420787572,0.0073227039538323,0.0058400691486895,-0.0051099332049489,0.0042470330372452,-0.0084685841575264,0.0149498656392097,0.0102675948292017,0.0097063817083835,-0.0202654786407947,-0.006145108025521,0.0032708880025893,0.0025469653774052,-0.0017387989209964,0.0017583065200597,-0.0063141486607491,0.0197237133979797,-0.0015650921268388,0.0014787609688937,0.0034486192744225,-0.0028438926674425,0.012590991333127,-0.0085284989327192,-0.0043196356855332,0.0104111405089497,0.0070963059552013,0.0266493521630764,-0.0037846718914806,-0.0038848137483,0.0055596358142793,-0.0032625971361994,-0.0060818619094789,-0.0074020875617861,0.0004636393568944,0.0048274849541485,0.0011119925184175,0.0185387395322322,-0.0009565168875269,-0.0018177852034568,0.0020693477708846,0.0348771177232265,0.0092155653983354,-0.0393942445516586,-0.0105667952448129,-0.0232631899416446,-0.0221001394093036,0.0148676019161939,-6.318897067103535e-05,-0.0079257199540734,0.0058396658860147,0.0079168602824211,0.0225012190639972,0.0472313798964023,0.0050027770921587,-0.0061889630742371,-0.0040006032213568,0.0028415829874575,0.0083705782890319,-0.0097008114680647,0.0052908146753907,-0.0281396452337503,-0.0115846060216426,-0.0071454090066254,-0.0159740541130304,-0.0277199205011129,0.0159223638474941,-0.0337976403534412,0.0135301016271114,-0.0276418011635541,0.0062820492312312,0.0165881495922803,-0.0030613753478974,6.642180233029649e-05,-0.0062921373173594,-0.0051164161413908,0.0075134984217584,-0.0099348938092589,0.006254750303924,0.0094681810587644,-0.0081881191581487,-0.0406684353947639,-0.0077134831808507,-0.0025569719728082,0.0102025810629129,0.014832628890872,0.00802543759346,0.0075204521417617,-0.0107943564653396,0.0385492071509361,0.0010248880134895,-0.0176824890077114,0.0232173632830381,0.0113897947594523,0.0086513776332139,0.0181510671973228,0.0087749000440591,0.0261935888191076,0.0180751003609009,0.0313094916774234,0.0259908993650019,0.0414288919694239,0.0006317918889777,0.0748609843605583,0.0006936080402912,0.1558007068432831,0.0508242277789812,0.0816265777181943,2019-02-26,2019-02-27,2019-02-28,2019-03-01,2019-03-04,2019-03-05,2019-03-06,2019-03-07,2019-03-08,2019-03-11,64194.0,2019-02-25,252.0,-0.3479%,0.0007,0.8902,0.5673,-0.0202,1.1130%,1.5029%,45.1579%,-0.0034799999999999,CHE,64194.0,2019-02-26,252.0,0.8651%,0.0007,0.8819,0.5576,-0.0313,1.1142%,1.4979%,44.6635%,0.01354,CHE,64194.0,2019-02-27,252.0,0.0122%,0.0008,0.8856,0.5502,-0.0307,1.1131%,1.4978%,44.7775%,-0.0018679999999999,CHE,64194.0,2019-02-28,252.0,0.9219%,0.0007,0.8958,0.5576,-0.0259,1.1055%,1.4972%,45.4734%,0.011678,CHE,64194.0,2019-03-01,252.0,0.1305%,0.0007,0.8907,0.55,-0.0302,1.1060%,1.4928%,45.1066%,-0.006955,CHE,64194.0,2019-03-04,252.0,0.6462%,0.0008,0.8904,0.5395,-0.0276,1.1087%,1.4931%,44.8592%,0.013321,CHE,64194.0,2019-03-05,252.0,-0.6692%,0.0007,0.8899,0.5329,-0.0263,1.1085%,1.4896%,44.6227%,-0.003662,CHE,64194.0,2019-03-06,252.0,-1.2745%,0.0007,0.8892,0.532,-0.0273,1.1085%,1.4913%,44.7455%,0.001365,CHE,64194.0,2019-03-07,252.0,-0.5010%,0.0006,0.884,0.5098,-0.0405,1.1027%,1.4837%,44.7557%,0.002473,CHE,64194.0,2019-03-08,252.0,-0.2317%,0.0007,0.8834,0.5218,-0.042,1.1007%,1.4833%,44.9356%,-0.000786,CHE,64194.0,2019-03-11,252.0,0.1858%,0.0006,0.8762,0.5139,-0.0427,1.1042%,1.4833%,44.5822%,-0.0134919999999999,CHE,0.01006,0.008192,0.01987,0.026236,0.012134
39851,CHEMED CORP NEW,Chemed Adds $150M To Buyback,6,increase,0.8,0.7,"the announcement of a $150 million buyback typically signals confidence in the company's financial health and can lead to an increase in stock price as it reduces the number of shares outstanding, potentially boosting earnings per share.",2,2019-02-25,CHE,2019-02-25 13:30:00+00:00,64194.0,16359R10,-0.00347929331474,191797.0,0.0086513776332139,0.0181510671973228,0.0001224629377247,0.0078991437330842,0.0092193018645048,0.0049853194504976,0.0013050223933532,0.0099416524171829,0.0064618051983416,-0.0001281922304769,-0.0066915876232087,0.0155328698456287,-0.0127450749278068,0.0024155059363693,-0.0050101582892239,0.0101892640814185,-0.0023168886546045,0.00271130586043,0.0018578341696411,0.0009266573470085,0.0146186519414186,-0.0166943427175283,-0.0063359136693179,0.0001952854800038,0.0094111384823918,0.0056299339048564,-0.0088070761412382,0.0194541420787572,0.0073227039538323,0.0058400691486895,-0.0051099332049489,0.0042470330372452,-0.0084685841575264,0.0149498656392097,0.0102675948292017,0.0097063817083835,-0.0202654786407947,-0.006145108025521,0.0032708880025893,0.0025469653774052,-0.0017387989209964,0.0017583065200597,-0.0063141486607491,0.0197237133979797,-0.0015650921268388,0.0014787609688937,0.0034486192744225,-0.0028438926674425,0.012590991333127,-0.0085284989327192,-0.0043196356855332,0.0104111405089497,0.0070963059552013,0.0266493521630764,-0.0037846718914806,-0.0038848137483,0.0055596358142793,-0.0032625971361994,-0.0060818619094789,-0.0074020875617861,0.0004636393568944,0.0048274849541485,0.0011119925184175,0.0185387395322322,-0.0009565168875269,-0.0018177852034568,0.0020693477708846,0.0348771177232265,0.0092155653983354,-0.0393942445516586,-0.0105667952448129,-0.0232631899416446,-0.0221001394093036,0.0148676019161939,-6.318897067103535e-05,-0.0079257199540734,0.0058396658860147,0.0079168602824211,0.0225012190639972,0.0472313798964023,0.0050027770921587,-0.0061889630742371,-0.0040006032213568,0.0028415829874575,0.0083705782890319,-0.0097008114680647,0.0052908146753907,-0.0281396452337503,-0.0115846060216426,-0.0071454090066254,-0.0159740541130304,-0.0277199205011129,0.0159223638474941,-0.0337976403534412,0.0135301016271114,-0.0276418011635541,0.0062820492312312,0.0165881495922803,-0.0030613753478974,6.642180233029649e-05,-0.0062921373173594,-0.0051164161413908,0.0075134984217584,-0.0099348938092589,0.006254750303924,0.0094681810587644,-0.0081881191581487,-0.0406684353947639,-0.0077134831808507,-0.0025569719728082,0.0102025810629129,0.014832628890872,0.00802543759346,0.0075204521417617,-0.0107943564653396,0.0385492071509361,0.0010248880134895,-0.0176824890077114,0.0232173632830381,0.0113897947594523,0.0086513776332139,0.0181510671973228,0.0087749000440591,0.0261935888191076,0.0180751003609009,0.0313094916774234,0.0259908993650019,0.0414288919694239,0.0006317918889777,0.0748609843605583,0.0006936080402912,0.1558007068432831,0.0508242277789812,0.0816265777181943,2019-02-26,2019-02-27,2019-02-28,2019-03-01,2019-03-04,2019-03-05,2019-03-06,2019-03-07,2019-03-08,2019-03-11,64194.0,2019-02-25,252.0,-0.3479%,0.0007,0.8902,0.5673,-0.0202,1.1130%,1.5029%,45.1579%,-0.0034799999999999,CHE,64194.0,2019-02-26,252.0,0.8651%,0.0007,0.8819,0.5576,-0.0313,1.1142%,1.4979%,44.6635%,0.01354,CHE,64194.0,2019-02-27,252.0,0.0122%,0.0008,0.8856,0.5502,-0.0307,1.1131%,1.4978%,44.7775%,-0.0018679999999999,CHE,64194.0,2019-02-28,252.0,0.9219%,0.0007,0.8958,0.5576,-0.0259,1.1055%,1.4972%,45.4734%,0.011678,CHE,64194.0,2019-03-01,252.0,0.1305%,0.0007,0.8907,0.55,-0.0302,1.1060%,1.4928%,45.1066%,-0.006955,CHE,64194.0,2019-03-04,252.0,0.6462%,0.0008,0.8904,0.5395,-0.0276,1.1087%,1.4931%,44.8592%,0.013321,CHE,64194.0,2019-03-05,252.0,-0.6692%,0.0007,0.8899,0.5329,-0.0263,1.1085%,1.4896%,44.6227%,-0.003662,CHE,64194.0,2019-03-06,252.0,-1.2745%,0.0007,0.8892,0.532,-0.0273,1.1085%,1.4913%,44.7455%,0.001365,CHE,64194.0,2019-03-07,252.0,-0.5010%,0.0006,0.884,0.5098,-0.0405,1.1027%,1.4837%,44.7557%,0.002473,CHE,64194.0,2019-03-08,252.0,-0.2317%,0.0007,0.8834,0.5218,-0.042,1.1007%,1.4833%,44.9356%,-0.000786,CHE,64194.0,2019-03-11,252.0,0.1858%,0.0006,0.8762,0.5139,-0.0427,1.1042%,1.4833%,44.5822%,-0.0134919999999999,CHE,0.01006,0.008192,0.01987,0.026236,0.012134
39859,CHEFS WAREHOUSE INC,"The Chefs' Warehouse Reports Purchase Of Bassian Farms, No Terms Disclosed",6,increase,0.7,0.6,"the acquisition of bassian farms may be viewed positively as it could enhance chefs' warehouse's product offerings and market position, potentially leading to increased revenue.",2,2019-02-25,CHEF,2019-02-25 21:30:00+00:00,12913.0,16308610,-0.0064996252767741,229545.0,0.0196262020617723,0.0096875429153442,-0.0219982042908668,-0.0261716544628143,0.0,-0.0430984124541282,-0.004998373799026,0.009406222961843,0.0091051496565341,-0.0061349426396191,-0.005289361346513,-0.0662847906351089,-0.0516108758747577,0.0257414132356643,0.0003298228548374,0.0150526156648993,0.002967364154756,0.0208755396306514,0.0305720027536153,0.0198108218610286,0.0092503670603036,-0.0005910300533287,-0.0180151611566543,-0.0099473418667912,-0.020598629489541,0.0199940912425518,0.0098586669191718,0.0364984981715679,0.0185486394912004,0.006538073066622,-0.0028754041995853,-0.0123001700267195,-0.0102531146258115,-0.0446533598005771,0.0061508752405643,0.0085926195606589,-0.0244530327618122,-0.0038371034897863,-0.0052770399488508,-0.0179709829390049,0.0003315725771244,-0.0156918466091156,0.0109380157664418,0.0042979284189641,0.0226229690015316,-0.008240895345807,-0.004488659556955,-0.0031161645893007,0.022222239524126,-0.0169869288802146,-0.0081915641203522,0.0310076940804719,0.0098475655540823,0.0181234367191791,0.0034601667430251,0.0088469255715608,-0.0072100171819329,0.0074272132478654,0.0050520948134362,-0.0186588745564222,-0.001884997356683,0.0232696533203125,0.0151085788384079,0.0002984821330755,0.0105426404625177,0.043275199830532,-0.0150353386998176,0.0255427602678537,0.0028037431184202,-0.0258165411651134,-0.0118048824369907,0.0053158844821155,-0.003772365162149,0.0207468755543232,-0.0012622566428035,-0.013539052568376,-0.0142179736867547,0.0176225937902927,0.031410239636898,0.0300329998135566,0.0096333548426628,0.0076488042250275,-0.0120037915185093,-0.0617784596979618,0.007476688362658,-0.0498073026537895,0.018552828580141,-0.0073572690598666,-0.007893088273704,-0.0341103114187717,0.0253977365791797,-0.0351069346070289,-0.0077588283456861,-0.0277333576232194,0.0240601282566785,-0.0121179949492216,0.0126284966245293,0.0122666424140334,-0.0287122353911399,0.0072522284463047,-0.017020110040903,0.0127856703475117,0.0024301894009113,-0.0228601973503828,0.0151515156030654,0.0104754064232111,0.0053731435909867,-0.041205309331417,0.0133610675111413,0.0188927110284566,0.0049809012562036,-0.0023560249246656,-0.0134110525250434,0.0089804586023092,0.024231668561697,0.0461454018950462,-0.0118291936814785,-0.0084931887686252,-0.0090511348098516,0.0091236345469951,0.0196262020617723,0.0096875429153442,-0.0028037434315032,-0.0167376505732441,-0.0028037434315032,-0.0591146968594537,0.0012461347396934,-0.0560910926097152,-0.0233644280827618,-0.0446480890252873,-0.0084111727862555,-0.0580174290897682,0.0573208765101649,-0.1067181878500604,2019-02-26,2019-02-27,2019-02-28,2019-03-01,2019-03-04,2019-03-05,2019-03-06,2019-03-07,2019-03-08,2019-03-11,12913.0,2019-02-25,252.0,-0.6500%,0.0015,0.9051,0.5775,-0.2669,2.2728%,2.5288%,19.2212%,-0.006923,CHEF,12913.0,2019-02-26,252.0,1.9626%,0.0014,0.8821,0.5687,-0.2885,2.2689%,2.5171%,18.7506%,0.02379,CHEF,12913.0,2019-02-27,252.0,-2.1998%,0.0013,0.8824,0.5606,-0.2886,2.2746%,2.5214%,18.6147%,-0.024319,CHEF,12913.0,2019-02-28,252.0,0.0000%,0.0013,0.8881,0.5646,-0.2845,2.2736%,2.5214%,18.6883%,0.001802,CHEF,12913.0,2019-03-01,252.0,-0.4998%,0.0012,0.8896,0.5667,-0.2751,2.2752%,2.5216%,18.5917%,-0.014258,CHEF,12913.0,2019-03-04,252.0,0.9105%,0.0012,0.8935,0.5394,-0.2729,2.2759%,2.5217%,18.5383%,0.016981,CHEF,12913.0,2019-03-05,252.0,-0.5289%,0.0012,0.8952,0.5493,-0.2702,2.2759%,2.5213%,18.5193%,-0.002843,CHEF,12913.0,2019-03-06,252.0,-5.1611%,0.0011,0.9094,0.6296,-0.2432,2.2883%,2.5428%,19.0199%,-0.037152,CHEF,12913.0,2019-03-07,252.0,0.0330%,0.0011,0.9049,0.6197,-0.252,2.2882%,2.5414%,18.9301%,0.007335,CHEF,12913.0,2019-03-08,252.0,0.2967%,0.0011,0.9042,0.6233,-0.2533,2.2882%,2.5413%,18.9281%,0.00413,CHEF,12913.0,2019-03-11,252.0,3.0572%,0.0012,0.9115,0.605,-0.2675,2.2837%,2.5432%,19.3668%,0.013448,CHEF,0.016867,-0.007452,-0.00565,-0.002927,-0.0180089999999999
39867,CHATHAM LODGING TRUST,Chatham Lodging Sees FY2019 Sales $325.50M-331.50M vs $337.88M Est,6,decrease,0.75,0.6,"the company's sales forecast for fy2019 is below analyst estimates, which is likely to lead to a negative reaction in the stock price.",0,2019-02-25,CLDT,2019-02-25 11:32:00+00:00,93314.0,16208T10,-0.038175031542778,527324.0,-0.0164569299668073,0.0056179272942245,-0.0113189052790403,0.0042313188314437,0.0,0.0206334125250577,-0.0130130248144269,-0.0061992923729121,-0.0050709168426692,0.0115774134173989,-0.0061162505298852,-0.0028860687743872,-0.0148718422278761,0.0131579171866178,-0.0161374006420373,-0.0120365908369422,-0.0068782623857259,0.0116901975125074,0.0170484650880098,-0.0191113054752349,-0.0099528832361102,0.0057664988562464,0.0,-0.0023969868198037,-0.0058200373314321,0.003849851898849,0.0037253694608807,0.0231413710862398,0.0037115425802767,0.0049480646848678,-0.0142630981281399,0.0064740618690848,0.0016077538020908,0.0074849799275398,0.0074906037189066,0.008048377931118,-0.0138077661395072,0.0111901992931962,0.0059235654771327,0.0154958274215459,0.0133832972496748,0.0088587841019034,0.0158478207886219,-0.0051840525120496,0.0140405539423227,-0.0223009958863258,-0.0077359271235764,-0.0080442363396286,0.0109148127958178,0.0086206942796707,0.0077120624482631,0.0149253215640783,0.0051020602695643,0.0104004563763737,0.0071065677329897,-0.0178754031658172,0.0126008065417408,0.0046177604235708,-0.0119462301954627,0.003087980672717,-0.0136020379140973,-0.006646174006164,0.0173646658658981,0.0476700253784656,-0.0095381792634725,0.0314916968345642,0.0010137079516425,0.0390356071293354,-0.005063310265541,-0.007407359778881,-0.0066157337278127,-0.0073530012741684,0.0025614362675696,-0.0084127662703394,0.0035768877714872,0.0050419908948242,-0.021894110366702,-0.0061246496625244,0.0150963524356484,0.0321838781237602,0.0092307850718498,-0.0158371422439813,-0.0086382152512669,0.0028361398726701,0.0158892590552568,-0.0307862199842929,-0.0095862383022904,-0.0303837787359952,0.0087090199813246,0.019565250724554,0.0147282378748059,-0.0259396396577358,0.0085085127502679,-0.0031662993133068,0.0114143695682287,-0.0010542199015617,0.0009813767392188,-0.0026288719382137,-0.0225489754229784,-0.0195875857025384,-0.0040120319463312,-0.0071648564189672,0.0035246573388576,-0.0225111991167068,-0.0010035352315753,0.0379023626446723,-0.0070316116325557,-0.0413140840828418,0.004046531394124,0.0050025205127894,0.0080604460090398,0.0070528658106923,0.0014992846408858,-0.0005006977007724,-0.0019960536155849,0.0070599792525172,-0.0095000267028808,0.0,0.0075719142332673,0.0091603212058544,-0.0164569299668073,0.0056179272942245,-0.0275895608143695,0.0098730173672221,-0.0275895608143695,0.0307101439324848,-0.0451104070756686,0.036179451956229,-0.0709051117844677,0.0262780336700159,-0.0284358958245144,0.1115629700586327,-0.017546635068115,0.1120273060969101,2019-02-26,2019-02-27,2019-02-28,2019-03-01,2019-03-04,2019-03-05,2019-03-06,2019-03-07,2019-03-08,2019-03-11,93314.0,2019-02-25,252.0,-3.8175%,0.0002,0.6485,0.7417,0.3046,1.2344%,1.4356%,26.0695%,-0.036834,CLDT,93314.0,2019-02-26,252.0,-1.6457%,0.0001,0.6437,0.7602,0.3104,1.2338%,1.4350%,26.0716%,-0.009767,CLDT,93314.0,2019-02-27,252.0,-1.1319%,0.0004,0.6822,0.688,0.3167,1.1064%,1.3355%,31.3557%,-0.01307,CLDT,93314.0,2019-02-28,252.0,0.0000%,0.0006,0.6567,0.6705,0.2977,1.0665%,1.2873%,31.3613%,0.002669,CLDT,93314.0,2019-03-01,252.0,-1.3013%,0.0005,0.6589,0.6739,0.3101,1.0713%,1.2902%,31.0567%,-0.018585,CLDT,93314.0,2019-03-04,252.0,-0.5071%,0.0005,0.6627,0.6621,0.3089,1.0701%,1.2900%,31.1872%,-0.000248,CLDT,93314.0,2019-03-05,252.0,-0.6116%,0.0005,0.6675,0.6974,0.3134,1.0633%,1.2897%,32.0217%,-0.002286,CLDT,93314.0,2019-03-06,252.0,-1.4872%,0.0005,0.6639,0.7034,0.3102,1.0623%,1.2909%,32.2841%,-0.000693,CLDT,93314.0,2019-03-07,252.0,-1.6137%,0.0004,0.6659,0.6936,0.31,1.0620%,1.2901%,32.2383%,-0.009267,CLDT,93314.0,2019-03-08,252.0,-0.6878%,0.0003,0.6673,0.6823,0.3129,1.0607%,1.2876%,32.1459%,-0.005323,CLDT,93314.0,2019-03-11,252.0,1.7048%,0.0004,0.6705,0.6814,0.3108,1.0610%,1.2915%,32.5014%,0.006186,CLDT,-0.046601,-0.0596709999999999,-0.057002,-0.075835,-0.0872179999999999
39875,CHATHAM LODGING TRUST,Chatham Lodging Sees Q1 Sales $73.30M-74.30M vs $77.71M Est,6,decrease,0.8,0.6,"the reported sales for q1 are below the estimated expectations, which is likely to lead to a negative reaction in the stock price.",0,2019-02-25,CLDT,2019-02-25 11:32:00+00:00,93314.0,16208T10,-0.038175031542778,527324.0,-0.0164569299668073,0.0056179272942245,-0.0113189052790403,0.0042313188314437,0.0,0.0206334125250577,-0.0130130248144269,-0.0061992923729121,-0.0050709168426692,0.0115774134173989,-0.0061162505298852,-0.0028860687743872,-0.0148718422278761,0.0131579171866178,-0.0161374006420373,-0.0120365908369422,-0.0068782623857259,0.0116901975125074,0.0170484650880098,-0.0191113054752349,-0.0099528832361102,0.0057664988562464,0.0,-0.0023969868198037,-0.0058200373314321,0.003849851898849,0.0037253694608807,0.0231413710862398,0.0037115425802767,0.0049480646848678,-0.0142630981281399,0.0064740618690848,0.0016077538020908,0.0074849799275398,0.0074906037189066,0.008048377931118,-0.0138077661395072,0.0111901992931962,0.0059235654771327,0.0154958274215459,0.0133832972496748,0.0088587841019034,0.0158478207886219,-0.0051840525120496,0.0140405539423227,-0.0223009958863258,-0.0077359271235764,-0.0080442363396286,0.0109148127958178,0.0086206942796707,0.0077120624482631,0.0149253215640783,0.0051020602695643,0.0104004563763737,0.0071065677329897,-0.0178754031658172,0.0126008065417408,0.0046177604235708,-0.0119462301954627,0.003087980672717,-0.0136020379140973,-0.006646174006164,0.0173646658658981,0.0476700253784656,-0.0095381792634725,0.0314916968345642,0.0010137079516425,0.0390356071293354,-0.005063310265541,-0.007407359778881,-0.0066157337278127,-0.0073530012741684,0.0025614362675696,-0.0084127662703394,0.0035768877714872,0.0050419908948242,-0.021894110366702,-0.0061246496625244,0.0150963524356484,0.0321838781237602,0.0092307850718498,-0.0158371422439813,-0.0086382152512669,0.0028361398726701,0.0158892590552568,-0.0307862199842929,-0.0095862383022904,-0.0303837787359952,0.0087090199813246,0.019565250724554,0.0147282378748059,-0.0259396396577358,0.0085085127502679,-0.0031662993133068,0.0114143695682287,-0.0010542199015617,0.0009813767392188,-0.0026288719382137,-0.0225489754229784,-0.0195875857025384,-0.0040120319463312,-0.0071648564189672,0.0035246573388576,-0.0225111991167068,-0.0010035352315753,0.0379023626446723,-0.0070316116325557,-0.0413140840828418,0.004046531394124,0.0050025205127894,0.0080604460090398,0.0070528658106923,0.0014992846408858,-0.0005006977007724,-0.0019960536155849,0.0070599792525172,-0.0095000267028808,0.0,0.0075719142332673,0.0091603212058544,-0.0164569299668073,0.0056179272942245,-0.0275895608143695,0.0098730173672221,-0.0275895608143695,0.0307101439324848,-0.0451104070756686,0.036179451956229,-0.0709051117844677,0.0262780336700159,-0.0284358958245144,0.1115629700586327,-0.017546635068115,0.1120273060969101,2019-02-26,2019-02-27,2019-02-28,2019-03-01,2019-03-04,2019-03-05,2019-03-06,2019-03-07,2019-03-08,2019-03-11,93314.0,2019-02-25,252.0,-3.8175%,0.0002,0.6485,0.7417,0.3046,1.2344%,1.4356%,26.0695%,-0.036834,CLDT,93314.0,2019-02-26,252.0,-1.6457%,0.0001,0.6437,0.7602,0.3104,1.2338%,1.4350%,26.0716%,-0.009767,CLDT,93314.0,2019-02-27,252.0,-1.1319%,0.0004,0.6822,0.688,0.3167,1.1064%,1.3355%,31.3557%,-0.01307,CLDT,93314.0,2019-02-28,252.0,0.0000%,0.0006,0.6567,0.6705,0.2977,1.0665%,1.2873%,31.3613%,0.002669,CLDT,93314.0,2019-03-01,252.0,-1.3013%,0.0005,0.6589,0.6739,0.3101,1.0713%,1.2902%,31.0567%,-0.018585,CLDT,93314.0,2019-03-04,252.0,-0.5071%,0.0005,0.6627,0.6621,0.3089,1.0701%,1.2900%,31.1872%,-0.000248,CLDT,93314.0,2019-03-05,252.0,-0.6116%,0.0005,0.6675,0.6974,0.3134,1.0633%,1.2897%,32.0217%,-0.002286,CLDT,93314.0,2019-03-06,252.0,-1.4872%,0.0005,0.6639,0.7034,0.3102,1.0623%,1.2909%,32.2841%,-0.000693,CLDT,93314.0,2019-03-07,252.0,-1.6137%,0.0004,0.6659,0.6936,0.31,1.0620%,1.2901%,32.2383%,-0.009267,CLDT,93314.0,2019-03-08,252.0,-0.6878%,0.0003,0.6673,0.6823,0.3129,1.0607%,1.2876%,32.1459%,-0.005323,CLDT,93314.0,2019-03-11,252.0,1.7048%,0.0004,0.6705,0.6814,0.3108,1.0610%,1.2915%,32.5014%,0.006186,CLDT,-0.046601,-0.0596709999999999,-0.057002,-0.075835,-0.0872179999999999
39883,CHATHAM LODGING TRUST,"Chatham Lodging Q4 EPS $(0.01) Misses $0.03 Estimate, Sales $77.045M Beat $73.8M Estimate",6,uncertain,0.6,0.3,"while the earnings per share (eps) missed estimates, the sales beat expectations, leading to mixed signals about the stock's performance.",1,2019-02-25,CLDT,2019-02-25 11:31:00+00:00,93314.0,16208T10,-0.038175031542778,527324.0,-0.0164569299668073,0.0056179272942245,-0.0113189052790403,0.0042313188314437,0.0,0.0206334125250577,-0.0130130248144269,-0.0061992923729121,-0.0050709168426692,0.0115774134173989,-0.0061162505298852,-0.0028860687743872,-0.0148718422278761,0.0131579171866178,-0.0161374006420373,-0.0120365908369422,-0.0068782623857259,0.0116901975125074,0.0170484650880098,-0.0191113054752349,-0.0099528832361102,0.0057664988562464,0.0,-0.0023969868198037,-0.0058200373314321,0.003849851898849,0.0037253694608807,0.0231413710862398,0.0037115425802767,0.0049480646848678,-0.0142630981281399,0.0064740618690848,0.0016077538020908,0.0074849799275398,0.0074906037189066,0.008048377931118,-0.0138077661395072,0.0111901992931962,0.0059235654771327,0.0154958274215459,0.0133832972496748,0.0088587841019034,0.0158478207886219,-0.0051840525120496,0.0140405539423227,-0.0223009958863258,-0.0077359271235764,-0.0080442363396286,0.0109148127958178,0.0086206942796707,0.0077120624482631,0.0149253215640783,0.0051020602695643,0.0104004563763737,0.0071065677329897,-0.0178754031658172,0.0126008065417408,0.0046177604235708,-0.0119462301954627,0.003087980672717,-0.0136020379140973,-0.006646174006164,0.0173646658658981,0.0476700253784656,-0.0095381792634725,0.0314916968345642,0.0010137079516425,0.0390356071293354,-0.005063310265541,-0.007407359778881,-0.0066157337278127,-0.0073530012741684,0.0025614362675696,-0.0084127662703394,0.0035768877714872,0.0050419908948242,-0.021894110366702,-0.0061246496625244,0.0150963524356484,0.0321838781237602,0.0092307850718498,-0.0158371422439813,-0.0086382152512669,0.0028361398726701,0.0158892590552568,-0.0307862199842929,-0.0095862383022904,-0.0303837787359952,0.0087090199813246,0.019565250724554,0.0147282378748059,-0.0259396396577358,0.0085085127502679,-0.0031662993133068,0.0114143695682287,-0.0010542199015617,0.0009813767392188,-0.0026288719382137,-0.0225489754229784,-0.0195875857025384,-0.0040120319463312,-0.0071648564189672,0.0035246573388576,-0.0225111991167068,-0.0010035352315753,0.0379023626446723,-0.0070316116325557,-0.0413140840828418,0.004046531394124,0.0050025205127894,0.0080604460090398,0.0070528658106923,0.0014992846408858,-0.0005006977007724,-0.0019960536155849,0.0070599792525172,-0.0095000267028808,0.0,0.0075719142332673,0.0091603212058544,-0.0164569299668073,0.0056179272942245,-0.0275895608143695,0.0098730173672221,-0.0275895608143695,0.0307101439324848,-0.0451104070756686,0.036179451956229,-0.0709051117844677,0.0262780336700159,-0.0284358958245144,0.1115629700586327,-0.017546635068115,0.1120273060969101,2019-02-26,2019-02-27,2019-02-28,2019-03-01,2019-03-04,2019-03-05,2019-03-06,2019-03-07,2019-03-08,2019-03-11,93314.0,2019-02-25,252.0,-3.8175%,0.0002,0.6485,0.7417,0.3046,1.2344%,1.4356%,26.0695%,-0.036834,CLDT,93314.0,2019-02-26,252.0,-1.6457%,0.0001,0.6437,0.7602,0.3104,1.2338%,1.4350%,26.0716%,-0.009767,CLDT,93314.0,2019-02-27,252.0,-1.1319%,0.0004,0.6822,0.688,0.3167,1.1064%,1.3355%,31.3557%,-0.01307,CLDT,93314.0,2019-02-28,252.0,0.0000%,0.0006,0.6567,0.6705,0.2977,1.0665%,1.2873%,31.3613%,0.002669,CLDT,93314.0,2019-03-01,252.0,-1.3013%,0.0005,0.6589,0.6739,0.3101,1.0713%,1.2902%,31.0567%,-0.018585,CLDT,93314.0,2019-03-04,252.0,-0.5071%,0.0005,0.6627,0.6621,0.3089,1.0701%,1.2900%,31.1872%,-0.000248,CLDT,93314.0,2019-03-05,252.0,-0.6116%,0.0005,0.6675,0.6974,0.3134,1.0633%,1.2897%,32.0217%,-0.002286,CLDT,93314.0,2019-03-06,252.0,-1.4872%,0.0005,0.6639,0.7034,0.3102,1.0623%,1.2909%,32.2841%,-0.000693,CLDT,93314.0,2019-03-07,252.0,-1.6137%,0.0004,0.6659,0.6936,0.31,1.0620%,1.2901%,32.2383%,-0.009267,CLDT,93314.0,2019-03-08,252.0,-0.6878%,0.0003,0.6673,0.6823,0.3129,1.0607%,1.2876%,32.1459%,-0.005323,CLDT,93314.0,2019-03-11,252.0,1.7048%,0.0004,0.6705,0.6814,0.3108,1.0610%,1.2915%,32.5014%,0.006186,CLDT,-0.046601,-0.0596709999999999,-0.057002,-0.075835,-0.0872179999999999
39891,CELLECTAR BIOSCIENCES INC,"Cellectar Biosciences Reports Top-Line Response Rate Of 30% From R/R Multiple Myeloma Cohort In Ongoing Phase 2 Study Of CLR 131: 1 Patient Achieved Very Good PArtial Response, All Patients Showed At Least Stable Disease",6,increase,0.7,0.6,"the reported response rate of 30% and the achievement of a very good partial response in a challenging indication like multiple myeloma are likely to be viewed positively by investors, potentially leading to an increase in stock price.",2,2019-02-25,CLRB,2019-02-25 13:38:00+00:00,14862.0,15117F80,-0.0097560882568359,650626.0,-0.0295566227287054,0.0098522072657942,0.020304549485445,0.0,0.0099502392113208,0.0463917069137096,0.0098522072657942,0.0210526753216981,-0.0439023971557617,0.0439560003578662,-0.0051020360551774,-0.052083283662796,-0.0205128621309995,0.060773491859436,0.0575916320085525,0.0055555505678057,0.0495049022138118,-0.0625000074505806,0.0047170892357826,-0.0103093292564153,0.0187793243676424,-0.0051282001659274,-0.0368664339184761,0.0051546338945627,0.0334929078817367,-0.0152284121140837,0.0833332538604736,-0.0295566227287054,0.1709402203559875,0.0410256013274192,0.0401459485292434,-0.0346534326672554,-0.1508771330118179,0.0202020015567541,0.0165289100259542,-0.0198019612580537,-0.0609756484627723,-0.0049261036328971,-0.019480450078845,-0.0097560882568359,-0.0110375694930553,0.056700974702835,-0.0312499701976776,-0.0582523718476295,0.0829492285847663,0.0198019612580537,0.0,0.0150753622874617,0.0340426228940486,0.015306107699871,-0.0041152224875986,0.1011236310005188,0.0206611361354589,-0.0055865868926048,-0.0161943156272172,-0.0271739512681961,0.0164608899503946,0.0337079018354415,0.0080971578136086,-0.0582010671496391,-0.0441766642034053,0.0053191436454653,0.0210083816200494,0.0107526779174804,0.0123456669971346,0.0813953354954719,-0.0487805381417274,0.0683229863643646,0.0128205008804798,0.0189873222261667,0.0,0.0193548984825611,0.0253165327012538,0.01973682269454,-0.0370371006429195,0.0340135730803012,0.0,0.0575539879500865,0.0256411042064428,0.0775194019079208,0.0208333134651184,-0.1283784210681915,-0.0244897715747356,-0.149425283074379,-0.0376569665968418,-0.0984455645084381,0.008695644326508,-0.0350000262260437,-0.0344827249646186,-0.0654206052422523,-0.0089285625144839,-0.0572686679661274,-0.0270270016044378,0.031818151473999,0.1203703582286835,-0.0434782207012176,-0.0041322275064885,0.0550458170473575,-0.0414938330650329,-0.0045662056654691,-0.0281385537236928,0.0233644619584083,-0.0378618277609348,-0.0183486063033342,0.0393517576158046,-0.0311110820621252,0.0200445782393217,0.0089686010032892,-0.0043668081052601,0.0,0.2368420958518982,-0.0088888807222247,-0.2269503176212311,0.0,-0.0825688317418098,-0.0044247745536267,-0.0699999928474426,-0.0737705156207084,0.0591397918760776,0.0089315278455615,-0.0295566227287054,0.0098522072657942,-0.009852207152078,0.0098522072657942,2.413202970785733e-10,0.0567009748914317,-0.0344827251732123,0.1263735678571647,0.0492611540585177,0.0567009745632172,0.2266010227735044,0.0846560656520252,-0.02955661233381,-0.1523321688959514,2019-02-26,2019-02-27,2019-02-28,2019-03-01,2019-03-04,2019-03-05,2019-03-06,2019-03-07,2019-03-08,2019-03-11,14862.0,2019-02-25,252.0,-0.9756%,-0.0056,1.2827,0.0744,0.3925,5.2853%,5.4376%,5.5247%,-0.010914,CLRB,14862.0,2019-02-26,252.0,-2.9557%,-0.0056,1.2949,0.0908,0.41,5.2862%,5.4397%,5.5641%,-0.025833,CLRB,14862.0,2019-02-27,252.0,2.0305%,-0.0056,1.2841,0.1172,0.4083,5.2860%,5.4365%,5.4576%,0.019359,CLRB,14862.0,2019-02-28,252.0,0.9950%,-0.0054,1.2653,0.105,0.3898,5.2848%,5.4305%,5.2938%,0.014828,CLRB,14862.0,2019-03-01,252.0,0.9852%,-0.0055,1.285,0.1342,0.4169,5.2816%,5.4306%,5.4118%,0.001907,CLRB,14862.0,2019-03-04,252.0,-4.3902%,-0.0056,1.2862,0.1598,0.4098,5.2855%,5.4346%,5.4101%,-0.038399,CLRB,14862.0,2019-03-05,252.0,-0.5102%,-0.0057,1.2823,0.1323,0.4055,5.2848%,5.4327%,5.3684%,-0.001526,CLRB,14862.0,2019-03-06,252.0,-2.0513%,-0.0057,1.2741,0.1457,0.3981,5.2837%,5.4299%,5.3114%,-0.008326,CLRB,14862.0,2019-03-07,252.0,5.7592%,-0.0055,1.2366,0.1092,0.3379,5.3042%,5.4433%,5.0473%,0.069365,CLRB,14862.0,2019-03-08,252.0,4.9505%,-0.0053,1.2293,0.0996,0.3267,5.3165%,5.4540%,4.9799%,0.052655,CLRB,14862.0,2019-03-11,252.0,0.4717%,-0.0053,1.2262,0.0835,0.3191,5.3159%,5.4539%,4.9971%,-0.01235,CLRB,-0.036747,-0.017388,-0.00256,-0.039052,0.0607659999999999
39899,EURO TECH HOLDINGS CO LTD,Euro Tech Holdings 6-K Shows China State Run Zhejiang Tianlan Environmental Protection Technology Co. Ltd Which Co. Holds 19.4% Equity Interest In 'became aware that one of its major customers had filed for bankruptcy liquidation',6,decrease,0.8,0.7,"the news about a major customer filing for bankruptcy liquidation is likely to negatively impact euro tech holdings' revenue and investor confidence, leading to a decrease in stock price.",0,2019-02-25,CLWT,2019-02-25 14:27:00+00:00,84601.0,G3203012,-0.0289855487644672,50088.0,-0.0417910069227218,0.0582822263240814,-0.0404984764754772,-0.0180722717195749,-0.0097402511164546,0.0310558713972568,0.0196721125394105,-0.0212765764445066,0.0546624064445495,0.0249220952391624,0.0202439185231924,-0.0183486063033342,0.0190055165439844,0.0186915714293718,0.0,0.0031249970197677,0.0615835189819335,-0.0447760783135891,-0.0856353491544723,0.0468749552965164,0.0271903797984123,-0.0447760783135891,0.0235293880105018,0.0,-0.0335344634950161,-0.0416249968111515,0.0079386373981833,-0.0069601968862116,0.0059291673824191,0.1503268182277679,-0.0434004887938499,-0.0254777576774358,0.0238803029060363,0.0056367088109254,-0.0419161282479763,0.0773955881595611,-0.0468750298023223,-0.0142517536878585,0.0131147420033812,0.0092687774449586,0.0065048923715949,-0.0257524754852056,0.0739204138517379,0.0310344528406858,1.050898194313049,-0.039735060185194,-0.1985401660203934,-0.0320512540638446,-0.0437158085405826,0.0721648782491684,-0.0038095202762633,-0.0044815125875175,-0.0439770594239234,-0.0157912578433752,0.0859999656677246,0.0760869681835174,0.0847145617008209,-0.0800000056624412,-0.1256366372108459,-0.0259740017354488,-0.0485436879098415,-0.0052322414703667,-0.0183673780411481,0.0713494420051574,0.002079049590975,0.032142911106348,-0.0124481208622455,0.0761366114020347,-0.0945378690958023,-0.0640647038817405,0.0,-0.0245613809674978,-0.0069604949094355,0.2216553837060928,0.042056031525135,-0.0399588532745838,-0.0246637072414159,-0.0314479917287826,0.027586180716753,-0.0161176566034555,0.0559284128248691,0.0878838896751403,-0.0290677715092897,-0.1318518370389938,0.0233918447047472,-0.0689655318856239,-0.0490405149757862,0.0320285260677337,-0.0470852106809616,-0.003546095918864,-0.0047058779746294,-0.0091704996302723,0.026004759594798,0.0154850855469703,0.0299538318067789,-0.0302076321095228,-0.0067113498225808,0.0,-0.0022523037623614,-0.0302013140171766,0.0835215300321579,-0.0509554408490657,-0.0208334121853113,-0.009463713504374,-0.0127659458667039,-0.0062695862725377,-0.0301723852753639,-0.0645161345601081,-0.0666667073965072,0.0460123009979724,0.0214286092668771,0.0124223483726382,0.0442890562117099,-0.0301204547286033,-0.0468750074505806,-0.0089552160352468,-0.063231848180294,-0.0289855487644672,-0.0625,0.0518292933702468,-0.0417910069227218,0.0582822263240814,-0.0805970112874527,0.0391566623739558,-0.0895522272747318,0.0714285780422441,-0.0208955027677308,0.0747663587022857,-0.0119402894812599,0.0781250016146715,0.5373134798388863,0.1201299183604482,0.1194029953828486,0.0518292898434171,2019-02-26,2019-02-27,2019-02-28,2019-03-01,2019-03-04,2019-03-05,2019-03-06,2019-03-07,2019-03-08,2019-03-11,84601.0,2019-02-25,252.0,-2.8986%,0.0054,0.6786,-1.2044,-0.0506,11.6968%,11.7338%,0.6310%,-0.033427,CLWT,84601.0,2019-02-26,252.0,-4.1791%,0.0053,0.7125,-1.1621,-0.0038,11.6992%,11.7368%,0.6382%,-0.048681,CLWT,84601.0,2019-02-27,252.0,-4.0498%,0.0047,0.6654,-1.0914,-0.0117,11.6840%,11.7167%,0.5569%,-0.039036,CLWT,84601.0,2019-02-28,252.0,-0.9740%,0.0052,0.5929,-1.1416,-0.0615,11.6509%,11.6810%,0.5147%,-0.007589,CLWT,84601.0,2019-03-01,252.0,1.9672%,0.0052,0.6156,-1.1077,-0.0324,11.6493%,11.6797%,0.5192%,0.018378,CLWT,84601.0,2019-03-04,252.0,5.4662%,0.0052,0.6325,-1.2073,-0.0268,11.6492%,11.6823%,0.5662%,0.0534689999999999,CLWT,84601.0,2019-03-05,252.0,2.0244%,0.0055,0.6449,-1.1029,-0.0225,11.6424%,11.6736%,0.5331%,0.017422,CLWT,84601.0,2019-03-06,252.0,1.9006%,0.0054,0.6323,-1.1041,-0.0369,11.6418%,11.6723%,0.5215%,0.010445,CLWT,84601.0,2019-03-07,252.0,0.0000%,0.0053,0.6243,-1.146,-0.0595,11.6397%,11.6708%,0.5329%,0.0042,CLWT,84601.0,2019-03-08,252.0,6.1584%,0.0055,0.6166,-1.1484,-0.0717,11.6454%,11.6761%,0.5255%,0.0633389999999999,CLWT,84601.0,2019-03-11,252.0,-8.5635%,0.0053,0.569,-1.2509,-0.1058,11.6541%,11.6849%,0.5269%,-0.091151,CLWT,-0.082108,-0.121144,-0.128733,-0.056886,-0.052631
39907,GLOBAL CORD BLOOD CORP,"China Cord Blood Q3 EPS $0.07 Misses $0.13 Estimate, Sales $36.969M Miss $39.36M Estimate",6,decrease,0.8,0.7,"the company reported earnings and sales that missed analyst estimates, which typically leads to a negative reaction in stock prices.",0,2019-02-25,CO,2019-02-25 22:29:00+00:00,93123.0,G3934210,0.0185980144888162,136611.0,0.0505618155002594,0.0115774134173989,-0.0106951771304011,0.0176730323582887,0.0270270016044378,0.0074184262193739,-0.0065789096988737,0.0135337859392166,-0.0211920961737632,-0.0104166213423013,-0.0108254300430417,0.0,-0.0328317061066627,0.0259541366249322,-0.0240452717989683,0.0266457796096801,-0.0014493084745481,-0.0108526665717363,-0.001451342832297,-0.0167683139443397,0.0,0.041269801557064,0.0014534522779285,0.0047847223468124,0.0087082646787166,0.0,0.0057553905062377,-0.0015923930332064,0.0,0.0,0.0185980144888162,0.006410326808691,0.0126404706388711,0.0229507982730865,-0.0083217676728963,0.023489911109209,-0.0125874336808919,-0.0033444783184677,0.0,-0.0033333301544189,-0.0127478968352079,0.0050251609645783,-0.0043041226454079,-0.0164745263755321,-0.0043227965943515,-0.0065466384403407,0.0159189775586128,0.0234506446868181,0.0555555373430252,0.0118643548339605,0.0053981058299541,0.0,0.0080537479370832,-0.0100671043619513,0.0053262263536453,0.0188034418970346,-0.0066225416958332,0.0068846750073134,-0.005333328153938,-0.023529389873147,-0.0147453257814049,-0.008333365432918,-0.0149660045281052,-0.0275526866316795,0.0027624941430985,-0.0190778840333223,-0.0165289752185344,0.0277777910232543,-0.0070027611218392,-0.0129032135009765,-0.0126939564943313,-0.0387596897780895,-0.0185714457184076,0.0254371780902147,0.0043668430298566,0.0328406915068626,-0.013043500483036,0.0099502392113208,0.0029368547257035,0.0541958808898925,-0.0029282548930495,-0.010380694642663,-0.0146842738613486,0.0017331419512629,-0.0059612463228404,0.0,0.0104947071522474,0.010507870465517,0.0,-0.027257215231657,-0.0074183554388582,-0.0216666851192712,-0.0014948025345802,-0.0049751591868698,0.0149701172485947,0.008361236192286,-0.0117994686588645,-0.0049917153082787,0.0014925715513527,0.0067002410069108,-0.0059612463228404,-0.0050000348128378,-0.016491774469614,-0.0033222560305148,-0.0045731300488114,-0.0131147420033812,-0.0520674027502536,-0.0129449721425771,0.0242326483130455,-0.0403727069497108,0.0378548540174961,0.0,-0.0121580436825752,0.0046802200376987,-0.0046154167503118,-0.0213740970939397,0.0262751281261444,0.0186625756323337,-0.0120481811463832,-0.0046439953148365,0.0505618155002594,0.0115774134173989,0.0393258707970483,0.0294550537776385,0.0674157327746138,0.0370919901402495,0.0379213442395069,0.0401785711598028,-0.0337078354929447,0.0655487551657982,0.0477528299212042,0.174789918358966,-0.0786516797269958,0.0820433069961388,2019-02-26,2019-02-27,2019-02-28,2019-03-01,2019-03-04,2019-03-05,2019-03-06,2019-03-07,2019-03-08,2019-03-11,93123.0,2019-02-25,252.0,1.8598%,-0.0014,0.3884,0.2939,0.2726,2.1435%,2.1795%,3.2754%,0.019198,CO,93123.0,2019-02-26,252.0,5.0562%,-0.0011,0.3824,0.223,0.2321,2.1705%,2.2037%,2.9854%,0.053864,CO,93123.0,2019-02-27,252.0,-1.0695%,-0.0012,0.3788,0.2264,0.2315,2.1709%,2.2035%,2.9326%,-0.011284,CO,93123.0,2019-02-28,252.0,2.7027%,-0.0012,0.3892,0.2345,0.232,2.1705%,2.2048%,3.0849%,0.028635,CO,93123.0,2019-03-01,252.0,-0.6579%,-0.0011,0.3657,0.1995,0.1994,2.1592%,2.1892%,2.7285%,-0.009223,CO,93123.0,2019-03-04,252.0,-2.1192%,-0.0012,0.3713,0.1972,0.1942,2.1617%,2.1927%,2.8069%,-0.01936,CO,93123.0,2019-03-05,252.0,-1.0825%,-0.0013,0.3709,0.1887,0.1968,2.1617%,2.1923%,2.7701%,-0.009207,CO,93123.0,2019-03-06,252.0,-3.2832%,-0.0014,0.3729,0.2502,0.2074,2.1653%,2.1977%,2.9215%,-0.027507,CO,93123.0,2019-03-07,252.0,-2.4045%,-0.0014,0.3894,0.2948,0.2421,2.1588%,2.1947%,3.2473%,-0.020218,CO,93123.0,2019-03-08,252.0,-0.1449%,-0.0014,0.3893,0.295,0.2419,2.1588%,2.1947%,3.2450%,-0.0004179999999999,CO,93123.0,2019-03-11,252.0,-0.1451%,-0.0014,0.386,0.3015,0.2473,2.1582%,2.1939%,3.2324%,-0.007146,CO,0.073062,0.061778,0.090413,0.0618299999999999,-0.002666
39915,CORCEPT THERAPEUTICS INC,"Corcept Therapeutics Q4 EPS $0.24 Beats $0.17 Estimate, Sales $66.831M Miss $69.32M Estimate",6,uncertain,0.6,0.3,"while the earnings per share beat estimates, the sales miss could raise concerns among investors, leading to uncertainty in the stock's reaction.",1,2019-02-25,CORT,2019-02-25 22:03:00+00:00,90125.0,21835210,0.0078947506844997,1856266.0,0.0443864427506923,0.0279530622065067,0.0508333034813404,-0.0203179810196161,-0.0111022517085075,-0.013077643699944,0.0272654481232166,-0.0279660951346159,-0.005464531481266,0.036906860768795,-0.0298273246735334,-0.0121528068557381,-0.0291261859238147,-0.0094582680612802,0.0191666278988122,0.0219683647155761,-0.0114472117274999,0.0026431481819599,0.0239867623895406,0.0280797481536865,0.0105008166283369,-0.0474547185003757,0.0039968178607523,0.0526793748140335,-0.0302547849714756,0.0794118046760559,-0.000821036810521,0.0169491600245237,0.0115037253126502,-0.1028623059391975,-0.0081235077232122,-0.0444444045424461,-0.0229320004582405,0.0025706712622195,-0.0083822617307305,-0.0315352790057659,-0.0557903498411178,-0.0195280537009239,-0.0143240690231323,-0.1100651994347572,0.0236149150878191,-0.0774882957339286,0.0,0.0197547655552625,0.0159715469926595,-0.0174028966575861,0.0253275074064731,0.0020120544359087,-0.0383304767310619,-0.0349514558911323,0.0106288651004433,-0.0165499821305275,0.0420684069395065,0.0369637235999107,-0.0117746293544769,0.0852435231208801,0.0204255115240812,0.0050395745784044,0.0108423782512545,0.002888083923608,-0.0090758791193366,0.0028964490629732,0.0191506687551736,-0.0079022739082574,-0.0040849829092621,0.0072359177283942,-0.0221492629498243,0.0290394183248281,-0.0117449956014752,-0.0282199271023273,0.0,0.0344311408698558,0.0127334957942366,0.0261136088520288,0.0025146463885903,0.0132295778021216,0.0259197670966386,-0.0100153442472219,0.0,0.0639344081282615,-0.0008150145295076,0.0166666507720947,-0.0138662373647093,-0.0790483281016349,0.0008271487895399,-0.0243354421108961,0.0264462549239397,-0.0877732783555984,-0.0032206089235842,-0.049967523664236,-0.0040387874469161,-0.0434513166546821,-0.0048661367036402,-0.0628272220492363,0.0293398238718509,0.0082112196832895,0.010292962193489,-0.0069889831356704,-0.0705329552292823,0.3228043615818024,0.0118044139817357,-0.0046012592501938,-0.0491666793823242,0.0,-0.0508325956761837,-0.0297618769109249,-0.0295475255697965,-0.0323974639177322,0.0285442601889371,-0.0028714975342154,0.012025823816657,-0.0141542684286832,-0.006398509722203,0.013629880733788,-0.0009199842461384,0.022743908688426,-0.0239410027861595,0.0202096160501241,0.0,0.0511408038437366,0.0443864427506923,0.0279530622065067,0.0974760557468359,0.0070671313995387,0.0852916003318744,-0.0061029337268291,0.1087902513004519,0.0017574253146106,0.0774586880267158,0.0326086636689015,0.0548302959410194,-0.1768953642800205,-0.0774586075372174,-0.103068494898148,2019-02-26,2019-02-27,2019-02-28,2019-03-01,2019-03-04,2019-03-05,2019-03-06,2019-03-07,2019-03-08,2019-03-11,90125.0,2019-02-25,252.0,0.7895%,-0.001,1.215,1.0159,0.1061,3.6290%,3.8857%,12.7778%,0.008801,CORT,90125.0,2019-02-26,252.0,4.4386%,-0.0008,1.1975,0.9576,0.0635,3.6442%,3.8929%,12.3691%,0.053083,CORT,90125.0,2019-02-27,252.0,5.0833%,-0.0004,1.2267,0.9201,0.0685,3.6351%,3.8909%,12.7153%,0.0479119999999999,CORT,90125.0,2019-02-28,252.0,-1.1102%,-0.0005,1.2458,0.933,0.084,3.6294%,3.8902%,12.9613%,-0.0074119999999999,CORT,90125.0,2019-03-01,252.0,2.7265%,-0.0004,1.2366,0.9194,0.0622,3.6284%,3.8862%,12.8267%,0.015836,CORT,90125.0,2019-03-04,252.0,-0.5465%,-0.0003,1.2267,0.948,0.0658,3.6263%,3.8830%,12.7816%,0.004311,CORT,90125.0,2019-03-05,252.0,-2.9827%,-0.0004,1.2327,0.9782,0.079,3.6292%,3.8870%,12.8228%,-0.024735,CORT,90125.0,2019-03-06,252.0,-2.9126%,-0.0003,1.2519,0.9766,0.1005,3.6240%,3.8888%,13.1552%,-0.006569,CORT,90125.0,2019-03-07,252.0,1.9167%,-0.0003,1.227,0.914,0.0496,3.6182%,3.8749%,12.8130%,0.030358,CORT,90125.0,2019-03-08,252.0,-1.1447%,-0.0004,1.2292,0.8981,0.0539,3.6175%,3.8731%,12.7665%,-0.00921,CORT,90125.0,2019-03-11,252.0,2.3987%,-0.0005,1.2294,0.934,0.0743,3.6099%,3.8691%,12.9509%,0.002629,CORT,0.0618839999999999,0.1097959999999999,0.1023839999999999,0.1225309999999999,0.115004
39923,CENOVUS ENERGY INC,Cenovus Energy Option Alert: Apr 18 $10 Calls at the Ask: 44800 @ $0.3 vs 183 OI; Earnings 4/24 Before Open [est] Ref=$8.805,6,increase,0.7,0.6,"the significant volume of call options being purchased suggests bullish sentiment among investors ahead of the upcoming earnings report, which may indicate expectations of a positive price movement.",2,2019-02-25,CVE,2019-02-25 16:44:00+00:00,93094.0,15135U10,0.0044994330964982,4664370.0,0.0302351061254739,0.0206659361720085,-0.0054348036646842,-0.0169299803674221,0.0010929212439805,0.0091116093099117,-0.0021833518985658,0.0103567503392696,-0.0557987093925476,0.0394736751914024,-0.003476214595139,0.0023980219848454,-0.0267442427575588,0.0597204938530921,0.0083631658926606,0.0423840656876564,-0.0272511318325996,0.0080107375979423,0.042630985379219,-0.0131752807646989,0.014018677175045,-0.0318877547979354,0.0195852611213922,0.0077120745554566,-0.0014147106558084,0.0090791406109929,-0.0034090604167431,0.0012987310765311,0.0159634407609701,-0.0115532930940389,-0.0033669734839349,-0.0298878923058509,0.032657653093338,0.020330348983407,0.0021809709724038,0.0115680815652012,-0.047878086566925,-0.0012836651876568,-0.0262856613844633,0.0236530657857656,0.0234741549938917,0.0039578112773597,-0.0126147484406828,-0.0206718146800994,0.0,-0.0491401180624961,0.0081301573663949,0.0136987064033746,0.0518432930111885,0.0062656281515955,-0.003285841550678,-0.0184501968324184,-0.0164835788309574,0.0149812586605548,0.0033519256394356,-0.0111111290752887,0.045657105743885,-0.0121950525790453,0.0266240667551755,0.0123456073924899,-0.0072614778764545,0.0266160350292921,0.0480668805539608,0.0128369582816958,-0.0169491600245237,0.0130038885399699,0.0040567913092672,0.0650969892740249,-0.012121201492846,-0.0055097020231187,0.0081799514591693,0.0327169299125671,0.0304259844124317,0.0232897121459245,-0.0068897339515388,0.0073313363827764,0.0336967445909977,-0.025714261457324,0.0009587032254785,0.0869565084576606,-0.0239463616162538,-0.0286576244980096,-0.0029440366197377,-0.0221239067614078,-0.0147637417539954,-0.0244603753089904,-0.0059940479695796,-0.0183615982532501,-0.0040200967341661,-0.0380435064435005,-0.0524722002446651,-0.0404172018170356,-0.030883913859725,-0.0327868536114692,-0.0087911998853087,0.0110926032066345,0.0099777374416589,0.0464807301759719,-0.0241492111235857,0.0053405128419399,0.0056242109276354,-0.0196335203945636,0.0033557815477252,-0.0013072194997221,0.0089186085388064,-0.0601965896785259,-0.0331491902470588,-0.0228090733289718,0.0228571202605962,0.1287262588739395,-0.0134078087285161,0.0054495860822498,-0.0067949565127491,0.0591631084680557,-0.0148232737556099,-0.0198020283132791,-0.0092592500150203,0.0071225343272089,0.024532712996006,-0.0140449302271008,0.0302351061254739,0.0206659361720085,0.0246359805952167,0.0033860819109199,0.025755827025756,0.0125285438762954,-0.0335946442019664,0.0633972129852993,-0.041433354166848,0.1712780213747535,0.0841049974346195,0.0975308565366219,-0.0137343365112364,0.2544858556833558,2019-02-26,2019-02-27,2019-02-28,2019-03-01,2019-03-04,2019-03-05,2019-03-06,2019-03-07,2019-03-08,2019-03-11,93094.0,2019-02-25,252.0,0.4499%,0.0012,1.5735,0.6921,0.9367,2.2972%,2.7690%,31.1763%,0.00553,CVE,93094.0,2019-02-26,252.0,3.0235%,0.0013,1.5571,0.6538,0.905,2.3085%,2.7667%,30.3780%,0.0401729999999999,CVE,93094.0,2019-02-27,252.0,-0.5435%,0.0013,1.5582,0.6493,0.9051,2.3090%,2.7661%,30.3207%,-0.007092,CVE,93094.0,2019-02-28,252.0,0.1093%,0.0012,1.5643,0.6538,0.908,2.3077%,2.7659%,30.3843%,0.007956,CVE,93094.0,2019-03-01,252.0,-0.2183%,0.0013,1.5468,0.6277,0.887,2.3041%,2.7500%,29.8018%,-0.0118009999999999,CVE,93094.0,2019-03-04,252.0,-5.5799%,0.001,1.5594,0.6311,0.8735,2.3238%,2.7734%,29.7953%,-0.0487929999999999,CVE,93094.0,2019-03-05,252.0,-0.3476%,0.001,1.5556,0.6033,0.87,2.3219%,2.7675%,29.6119%,0.003138,CVE,93094.0,2019-03-06,252.0,-2.6744%,0.0008,1.543,0.6322,0.8597,2.3149%,2.7580%,29.5524%,-0.006513,CVE,93094.0,2019-03-07,252.0,0.8363%,0.0008,1.5264,0.5966,0.8275,2.3146%,2.7496%,29.1388%,0.024205,CVE,93094.0,2019-03-08,252.0,-2.7251%,0.0008,1.5272,0.6358,0.8268,2.3084%,2.7471%,29.3883%,-0.022874,CVE,93094.0,2019-03-11,252.0,4.2631%,0.0009,1.5377,0.6528,0.8311,2.3115%,2.7593%,29.8233%,0.021795,CVE,0.0457029999999999,0.0386109999999999,0.0465669999999999,-0.014027,0.0057239999999999
39931,C P I AEROSTRUCTURES INC,CPI Aero Wins an $8.1M Contract From Northrop Grumman,6,increase,0.8,0.6,winning an $8.1m contract from a major defense contractor like northrop grumman is likely to positively impact cpi aero's stock price due to increased revenue potential and investor confidence.,2,2019-02-25,CVU,2019-02-25 13:03:00+00:00,77900.0,12591930,0.0155367422848939,53725.0,-0.0111265536397695,-0.0014104695292189,-0.0281294342130422,0.0186781771481037,0.0072359177283942,0.0145772453397512,0.0416666604578495,0.0331325717270374,-0.002758617978543,0.0342678800225257,-0.0055324980057775,-0.0123076802119612,-0.0097357677295804,-0.007633616682142,0.0154494568705558,0.0015290869632735,-0.0318118967115879,0.0315457098186016,-0.0128571642562747,-0.0851370394229888,-0.0130245555192232,-0.0142248049378395,0.0703812316060066,-0.0028368765488266,-0.0465753637254238,-0.0028288515750318,0.0014367459807544,0.0143472570925951,0.0286944471299648,-0.0057061966508626,-0.0543932877480983,0.0057389438152313,0.0324483439326286,-0.0028612276073545,-0.0157143045216798,0.007204569876194,-0.0072568524628877,-0.0057306536473333,-0.0350877530872821,0.0,0.0045454865321516,-0.0099291019141674,-0.0015083301113918,0.0187861435115337,0.0120845809578895,-0.0441988557577133,-0.0298507194966077,-0.0109290163964033,0.0046154167503118,0.0237762350589036,0.0045941397547721,0.0228898897767067,-0.0182926654815673,0.008658000268042,-0.0046584177762269,0.010204036720097,0.0156006840988993,0.0362538136541843,0.0061443871818482,-0.004511309787631,0.004580111708492,-0.00894186925143,0.0,-0.0059259203262627,-0.0030395109206438,0.0497667454183101,0.0060975551605224,0.0174050088971853,-0.0166666880249977,-0.0719529762864112,-0.0077041164040565,0.0690737962722778,0.009316761046648,0.0015722879907116,-0.0015384966973215,0.0241546053439378,0.0030817347578704,0.0147059075534343,-0.0107527142390608,0.0065789413638412,-0.0124223483726382,0.0049586333334445,-0.0172956176102161,0.0168067868798971,-0.0019999695941805,-0.0197694171220064,0.0324649065732955,0.0016502027865499,-0.0170807652175426,0.0066445120610296,-0.0252764374017715,-0.0090534696355462,0.025931904092431,-0.032643374055624,0.0078989239409565,-0.0484848022460937,0.0125391725450754,0.0,0.0030959723517298,0.0030395109206438,-0.0108024952933192,-0.0179104320704937,0.0280811712145805,-0.0014903470873832,0.092564433813095,-0.0204379372298717,-0.0236110556870698,-0.020028593018651,-0.0028449473902583,0.0,-0.0156918875873088,0.0130434306338429,0.0144927399232983,-0.0142857003957033,0.0071428841911256,0.0263929367065429,0.0028368765488266,-0.0326241143047809,0.0,0.0367647036910057,-0.0111265536397695,-0.0014104695292189,-0.038943004194184,0.017241362619156,-0.0319888748402353,0.0320699395317984,0.0055632776172813,0.1028037143500897,-0.0389430035218919,0.0216450377282009,-0.0890124998149614,0.0646616264404589,-0.0166898369751867,0.0411764342520055,2019-02-26,2019-02-27,2019-02-28,2019-03-01,2019-03-04,2019-03-05,2019-03-06,2019-03-07,2019-03-08,2019-03-11,77900.0,2019-02-25,252.0,1.5537%,-0.0004,0.3614,0.2872,0.1001,2.7635%,2.7912%,1.9799%,0.015838,CVU,77900.0,2019-02-26,252.0,-1.1127%,-0.0003,0.3795,0.2809,0.1105,2.7585%,2.7883%,2.1261%,-0.00848,CVU,77900.0,2019-02-27,252.0,-2.8129%,-0.0005,0.38,0.2717,0.1105,2.7643%,2.7938%,2.1001%,-0.028972,CVU,77900.0,2019-02-28,252.0,0.7236%,-0.0004,0.3812,0.2728,0.1092,2.7647%,2.7942%,2.1036%,0.008536,CVU,77900.0,2019-03-01,252.0,4.1667%,-0.0002,0.3822,0.2743,0.0928,2.7745%,2.8045%,2.1275%,0.038478,CVU,77900.0,2019-03-04,252.0,-0.2759%,-0.0002,0.3716,0.3093,0.0955,2.7708%,2.8003%,2.0979%,-0.000126,CVU,77900.0,2019-03-05,252.0,-0.5532%,-0.0002,0.3721,0.3105,0.0972,2.7709%,2.8002%,2.0867%,-0.003803,CVU,77900.0,2019-03-06,252.0,-0.9736%,-0.0003,0.3647,0.3232,0.0906,2.7691%,2.7984%,2.0830%,-0.002826,CVU,77900.0,2019-03-07,252.0,1.5449%,-0.0001,0.3597,0.3366,0.0878,2.7699%,2.7991%,2.0723%,0.018875,CVU,77900.0,2019-03-08,252.0,-3.1812%,-0.0003,0.3651,0.3181,0.0973,2.7749%,2.8037%,2.0477%,-0.03113,CVU,77900.0,2019-03-11,252.0,-1.2857%,-0.0004,0.355,0.3218,0.1046,2.7761%,2.8037%,1.9597%,-0.019026,CVU,0.007358,-0.021614,-0.013078,0.0252739999999999,-0.012636
39939,DILLARDS INC,"Dillards Q4 EPS $3.22 Beats $2.81 Estimate, Sales $2.011B Miss $2.07B Estimate",6,uncertain,0.7,0.3,"while dillards' eps beat estimates, the sales miss could lead to mixed reactions from investors, creating uncertainty about the stock's direction.",1,2019-02-25,DDS,2019-02-25 21:17:00+00:00,49429.0,25406710,0.0140350591391325,393176.0,0.1978336274623871,-0.009519450366497,0.0251193158328533,-0.0074985004030168,-0.0377358719706535,-0.0071471608243882,-0.0423987992107868,-0.0098776081576943,-0.0497274026274681,0.0041450592689216,0.0027983342297375,0.0004444077203515,-0.0213478282094001,-0.0070588728412985,-0.0038493962492793,0.0170505437999963,0.0064404886215925,-0.0056513571180403,0.0244596302509307,-0.0007430978002958,0.0192948281764984,0.0026821680366992,-0.0142993740737438,-0.0023784160148352,-0.002348689828068,0.0073374942876398,0.0002770291175693,0.0178326200693845,0.0088605750352144,-0.017667319625616,-0.0015095458365976,-0.0022408354561775,-0.0048103141598403,0.0008972067735157,0.0135339824482798,-0.0005977423279546,-0.0212562680244445,-0.0047590676695108,0.0189336016774177,0.0524338483810424,0.0024593565613031,0.014126974157989,-0.0002726491948124,-0.0072486461140215,-0.0171779226511716,-0.0182549562305212,0.0004167075967416,0.0099999904632568,0.0269369967281818,0.0174880512058734,-0.026906406506896,-0.017187476158142,0.0004168233717791,-0.0020270897075533,0.0409721806645393,-0.0168634988367557,0.0018679038621485,0.0032298788428306,0.0077240890823304,-0.0441046766936779,-0.0060790153220295,0.0087497606873512,0.0022603133693337,0.0055174883455038,-0.0135313970968127,0.0592322871088981,-0.0091447057202458,0.0189924389123916,-0.001628701807931,-0.017862744629383,0.0010875725420191,0.0489138923585414,-0.0024443278089165,0.0136134680360555,0.0058535300195217,-0.0006706805434077,-0.0977128371596336,0.0003354655927978,0.0317984521389007,0.0631240531802177,0.012356424704194,-0.0151035618036985,-0.0196726415306329,-0.0278299655765295,0.0130365760996937,-0.0233450308442115,-0.0024581518955528,-0.0258284620940685,-0.0078272344544529,0.0205570571124553,-0.0248356033116579,-0.0191869959235191,0.0169287975877523,-0.0172579381614923,0.0129641266539692,-0.0308192335069179,-0.0143979853019118,-0.0182453542947769,-0.0084107974544167,0.0151257244870066,0.0056548346765339,0.0180704202502965,-0.0054750330746173,-0.0267625022679567,-0.0163665898144245,-0.0013745259493589,-0.0444713719189167,-0.0582481734454631,0.0132975140586495,0.0020175729878246,-0.0096860295161604,0.0090155992656946,-0.1049061045050621,-0.0249539501965045,0.0179766770452261,0.0254434440284967,-0.0062326318584382,0.0277943909168243,0.010104495100677,0.0295384339988231,0.197833627462387,-0.009519450366497,0.227922388665827,-0.0169465691671041,0.1815856666172344,-0.0239726101362335,0.0752219011444181,-0.0296076966195781,0.0837971926843654,-0.0258581935157719,0.1399895988623563,-0.0363127559821744,-0.1265151650480886,0.0101564806332274,2019-02-26,2019-02-27,2019-02-28,2019-03-01,2019-03-04,2019-03-05,2019-03-06,2019-03-07,2019-03-08,2019-03-11,49429.0,2019-02-25,252.0,1.4035%,0.0,0.7113,1.074,0.3727,2.7636%,2.8984%,9.0844%,0.016332,DDS,49429.0,2019-02-26,252.0,19.7834%,0.0008,0.6686,0.8276,0.2159,3.0528%,3.1542%,6.3255%,0.206975,DDS,49429.0,2019-02-27,252.0,2.5119%,0.0009,0.6734,0.8257,0.2168,3.0554%,3.1576%,6.3660%,0.023104,DDS,49429.0,2019-02-28,252.0,-3.7736%,0.0001,0.7767,0.8954,0.3003,2.8479%,2.9835%,8.8856%,-0.035372,DDS,49429.0,2019-03-01,252.0,-4.2399%,-0.0001,0.7642,0.8768,0.3039,2.8648%,2.9938%,8.4297%,-0.049477,DDS,49429.0,2019-03-04,252.0,-4.9727%,-0.0003,0.7735,0.885,0.2926,2.8773%,3.0098%,8.6106%,-0.043521,DDS,49429.0,2019-03-05,252.0,0.2798%,-0.0005,0.7595,0.7812,0.2797,2.8553%,2.9769%,8.0018%,0.007469,DDS,49429.0,2019-03-06,252.0,-2.1348%,-0.0003,0.7865,0.7696,0.3087,2.8401%,2.9686%,8.4689%,-0.0053269999999999,DDS,49429.0,2019-03-07,252.0,-0.3849%,-0.0004,0.7788,0.7399,0.2899,2.8363%,2.9617%,8.2931%,0.004068,DDS,49429.0,2019-03-08,252.0,0.6440%,-0.0003,0.7771,0.7476,0.2869,2.8365%,2.9620%,8.2995%,0.008187,DDS,49429.0,2019-03-11,252.0,2.4460%,-0.0002,0.7841,0.7306,0.2735,2.8333%,2.9617%,8.4799%,0.011591,DDS,0.223307,0.246411,0.211039,0.118041,0.144029
39947,DANAHER CORP,GE Divests BioPharma Business to Danaher In $21.4-Billion Deal,6,increase,0.8,0.7,"the acquisition of ge's biopharma business for $21.4 billion is likely to enhance danaher's market position and revenue potential, which typically leads to a positive reaction in stock prices.",2,2019-02-25,DHR,2019-02-25 14:10:00+00:00,49680.0,23585110,0.0852132365107536,8804779.0,0.0004871908749919,0.0093391714617609,0.0258095953613519,0.0020499408710747,0.0049845497123897,0.0079051135107874,0.0059045823290944,0.0007191822514869,-0.0147139178588986,0.0079738786444067,-0.0042894664220511,-0.0077324276790022,-0.0056641330011188,-0.0013468754477798,-0.0014441616367548,0.0154084833338856,0.0046601463109254,0.0039359293878078,0.0103167062625289,0.006077941507101,0.008786516264081,-0.0097574982792139,0.0054143317975103,0.0013697518734261,-0.0001561248063808,-0.0007299407152459,0.0045273737050592,0.0026531864423304,-0.0048177409917116,-0.014605076983571,0.0139766782522201,0.0175212919712066,-0.0009240344516001,0.0355277433991432,0.0196545999497175,-0.0071678031235933,-0.0196537226438522,-0.0028214338235557,-0.0017734267748892,0.0026402524672448,0.0125134792178869,-0.0007537379278801,-0.0102227367460727,-0.0026313918642699,0.0020810146816074,-0.0096788583323359,0.0167899560183286,0.0178080629557371,-0.0015148988459259,0.0103359352797269,-0.0015173129504546,-0.0052361297421157,-0.0049384129233658,0.0091267619282007,-0.003817668184638,-0.0111153880134224,0.0085843112319707,-0.0009491122909821,0.0027357749640941,0.0095822149887681,-0.0009093984263017,0.0089915916323661,-0.0025032376870512,0.0254808608442544,-0.0005323750665411,0.0040816692635416,0.0015218155458569,0.0289899017661809,-0.0085847061127424,-0.0286566894501447,-0.0177778340876102,-0.0254073180258274,-0.0257450118660926,0.0126681812107563,0.0151345245540142,0.0032512496691197,0.0007888783584348,0.0170068126171827,0.0071726650930941,0.0538745447993278,0.0118954787030816,-0.0368603244423866,0.0084299789741635,0.0012200360652059,0.0041413703002035,-0.0227521192282438,0.0029788028914481,-0.0006949930102564,0.008528746664524,0.0034870824310928,-0.0066445549018681,-0.0002987926127389,0.0148221114650368,-0.0204877890646457,0.0080144358798861,0.0046065002679824,-0.0058701778762042,0.007007491774857,-0.0228716470301151,-0.0039323782548308,0.0075729023665189,-0.0014724798966199,-0.002884944435209,-0.028514189645648,0.0025886732619255,-0.0135465888306498,-0.016858946532011,-0.021538995206356,0.0099644158035516,-0.0082161901518702,0.0022944784723222,0.0148230353370308,0.0093094334006309,0.0090679740533232,-0.0088455295190215,0.0285577047616243,-0.0059496471658349,0.006971351802349,-0.0008440807578153,0.0084952162578701,0.0004871908749919,0.0093391714617609,0.0263093604356912,0.0114082570821172,0.0314250504630737,0.0194035541600992,0.0222492713864086,0.0282711372789186,0.0258221700187106,0.0450318366455118,0.072860397626872,0.087389829392261,0.0587128664628315,0.1098416565217459,2019-02-26,2019-02-27,2019-02-28,2019-03-01,2019-03-04,2019-03-05,2019-03-06,2019-03-07,2019-03-08,2019-03-11,49680.0,2019-02-25,252.0,8.5213%,0.0007,0.901,-0.3104,-0.2577,0.9536%,1.3994%,53.5694%,0.0826389999999999,DHR,49680.0,2019-02-26,252.0,0.0487%,0.0007,0.899,-0.306,-0.257,0.9533%,1.3941%,53.2450%,-0.001008,DHR,49680.0,2019-02-27,252.0,2.5810%,0.0008,0.8984,-0.2978,-0.257,0.9655%,1.4001%,52.4406%,0.025174,DHR,49680.0,2019-02-28,252.0,0.4985%,0.0008,0.8957,-0.2994,-0.2604,0.9662%,1.3977%,52.2119%,0.0070869999999999,DHR,49680.0,2019-03-01,252.0,0.5905%,0.0009,0.8886,-0.3099,-0.2706,0.9637%,1.3928%,52.1230%,-0.000808,DHR,49680.0,2019-03-04,252.0,-1.4714%,0.0008,0.8873,-0.2956,-0.2726,0.9656%,1.3910%,51.8074%,-0.0103679999999999,DHR,49680.0,2019-03-05,252.0,-0.4289%,0.0008,0.8888,-0.2877,-0.2696,0.9661%,1.3914%,51.7929%,-0.004442,DHR,49680.0,2019-03-06,252.0,-0.5664%,0.0008,0.8881,-0.2808,-0.2694,0.9660%,1.3896%,51.6797%,-0.001805,DHR,49680.0,2019-03-07,252.0,-0.1444%,0.0008,0.8863,-0.2818,-0.2721,0.9663%,1.3897%,51.6553%,0.004663,DHR,49680.0,2019-03-08,252.0,0.4660%,0.0007,0.8877,-0.3162,-0.2681,0.9465%,1.3766%,52.7247%,0.006198,DHR,49680.0,2019-03-11,252.0,1.0317%,0.0007,0.8856,-0.3168,-0.2673,0.9468%,1.3772%,52.7349%,-0.003256,DHR,0.081631,0.106805,0.113892,0.1027159999999999,0.1040739999999999
39955,DANAHER CORP,Danaher shares are trading higher after the company announced it would buy General Electric's Life Sciences business for $21.4 billion and that the acquisition would be accretive to adjusted earnings.,6,increase,0.8,0.7,"the acquisition of general electric's life sciences business for $21.4 billion, which is expected to be accretive to adjusted earnings, is likely to boost investor confidence and drive danaher's stock price higher.",2,2019-02-25,DHR,2019-02-25 12:51:00+00:00,49680.0,23585110,0.0852132365107536,8804779.0,0.0004871908749919,0.0093391714617609,0.0258095953613519,0.0020499408710747,0.0049845497123897,0.0079051135107874,0.0059045823290944,0.0007191822514869,-0.0147139178588986,0.0079738786444067,-0.0042894664220511,-0.0077324276790022,-0.0056641330011188,-0.0013468754477798,-0.0014441616367548,0.0154084833338856,0.0046601463109254,0.0039359293878078,0.0103167062625289,0.006077941507101,0.008786516264081,-0.0097574982792139,0.0054143317975103,0.0013697518734261,-0.0001561248063808,-0.0007299407152459,0.0045273737050592,0.0026531864423304,-0.0048177409917116,-0.014605076983571,0.0139766782522201,0.0175212919712066,-0.0009240344516001,0.0355277433991432,0.0196545999497175,-0.0071678031235933,-0.0196537226438522,-0.0028214338235557,-0.0017734267748892,0.0026402524672448,0.0125134792178869,-0.0007537379278801,-0.0102227367460727,-0.0026313918642699,0.0020810146816074,-0.0096788583323359,0.0167899560183286,0.0178080629557371,-0.0015148988459259,0.0103359352797269,-0.0015173129504546,-0.0052361297421157,-0.0049384129233658,0.0091267619282007,-0.003817668184638,-0.0111153880134224,0.0085843112319707,-0.0009491122909821,0.0027357749640941,0.0095822149887681,-0.0009093984263017,0.0089915916323661,-0.0025032376870512,0.0254808608442544,-0.0005323750665411,0.0040816692635416,0.0015218155458569,0.0289899017661809,-0.0085847061127424,-0.0286566894501447,-0.0177778340876102,-0.0254073180258274,-0.0257450118660926,0.0126681812107563,0.0151345245540142,0.0032512496691197,0.0007888783584348,0.0170068126171827,0.0071726650930941,0.0538745447993278,0.0118954787030816,-0.0368603244423866,0.0084299789741635,0.0012200360652059,0.0041413703002035,-0.0227521192282438,0.0029788028914481,-0.0006949930102564,0.008528746664524,0.0034870824310928,-0.0066445549018681,-0.0002987926127389,0.0148221114650368,-0.0204877890646457,0.0080144358798861,0.0046065002679824,-0.0058701778762042,0.007007491774857,-0.0228716470301151,-0.0039323782548308,0.0075729023665189,-0.0014724798966199,-0.002884944435209,-0.028514189645648,0.0025886732619255,-0.0135465888306498,-0.016858946532011,-0.021538995206356,0.0099644158035516,-0.0082161901518702,0.0022944784723222,0.0148230353370308,0.0093094334006309,0.0090679740533232,-0.0088455295190215,0.0285577047616243,-0.0059496471658349,0.006971351802349,-0.0008440807578153,0.0084952162578701,0.0004871908749919,0.0093391714617609,0.0263093604356912,0.0114082570821172,0.0314250504630737,0.0194035541600992,0.0222492713864086,0.0282711372789186,0.0258221700187106,0.0450318366455118,0.072860397626872,0.087389829392261,0.0587128664628315,0.1098416565217459,2019-02-26,2019-02-27,2019-02-28,2019-03-01,2019-03-04,2019-03-05,2019-03-06,2019-03-07,2019-03-08,2019-03-11,49680.0,2019-02-25,252.0,8.5213%,0.0007,0.901,-0.3104,-0.2577,0.9536%,1.3994%,53.5694%,0.0826389999999999,DHR,49680.0,2019-02-26,252.0,0.0487%,0.0007,0.899,-0.306,-0.257,0.9533%,1.3941%,53.2450%,-0.001008,DHR,49680.0,2019-02-27,252.0,2.5810%,0.0008,0.8984,-0.2978,-0.257,0.9655%,1.4001%,52.4406%,0.025174,DHR,49680.0,2019-02-28,252.0,0.4985%,0.0008,0.8957,-0.2994,-0.2604,0.9662%,1.3977%,52.2119%,0.0070869999999999,DHR,49680.0,2019-03-01,252.0,0.5905%,0.0009,0.8886,-0.3099,-0.2706,0.9637%,1.3928%,52.1230%,-0.000808,DHR,49680.0,2019-03-04,252.0,-1.4714%,0.0008,0.8873,-0.2956,-0.2726,0.9656%,1.3910%,51.8074%,-0.0103679999999999,DHR,49680.0,2019-03-05,252.0,-0.4289%,0.0008,0.8888,-0.2877,-0.2696,0.9661%,1.3914%,51.7929%,-0.004442,DHR,49680.0,2019-03-06,252.0,-0.5664%,0.0008,0.8881,-0.2808,-0.2694,0.9660%,1.3896%,51.6797%,-0.001805,DHR,49680.0,2019-03-07,252.0,-0.1444%,0.0008,0.8863,-0.2818,-0.2721,0.9663%,1.3897%,51.6553%,0.004663,DHR,49680.0,2019-03-08,252.0,0.4660%,0.0007,0.8877,-0.3162,-0.2681,0.9465%,1.3766%,52.7247%,0.006198,DHR,49680.0,2019-03-11,252.0,1.0317%,0.0007,0.8856,-0.3168,-0.2673,0.9468%,1.3772%,52.7349%,-0.003256,DHR,0.081631,0.106805,0.113892,0.1027159999999999,0.1040739999999999
39963,DANAHER CORP,Danaher Says its $21.4B Acquisition of GE Life Sciences Will Be Accretive to Non-GAAP EPS by $0.45 to $0.50 in its First Year Post Transaction,6,increase,0.8,0.6,"the announcement of a significant acquisition that is expected to be accretive to earnings typically signals positive growth potential, which can lead to an increase in stock price.",2,2019-02-25,DHR,2019-02-25 12:15:00+00:00,49680.0,23585110,0.0852132365107536,8804779.0,0.0004871908749919,0.0093391714617609,0.0258095953613519,0.0020499408710747,0.0049845497123897,0.0079051135107874,0.0059045823290944,0.0007191822514869,-0.0147139178588986,0.0079738786444067,-0.0042894664220511,-0.0077324276790022,-0.0056641330011188,-0.0013468754477798,-0.0014441616367548,0.0154084833338856,0.0046601463109254,0.0039359293878078,0.0103167062625289,0.006077941507101,0.008786516264081,-0.0097574982792139,0.0054143317975103,0.0013697518734261,-0.0001561248063808,-0.0007299407152459,0.0045273737050592,0.0026531864423304,-0.0048177409917116,-0.014605076983571,0.0139766782522201,0.0175212919712066,-0.0009240344516001,0.0355277433991432,0.0196545999497175,-0.0071678031235933,-0.0196537226438522,-0.0028214338235557,-0.0017734267748892,0.0026402524672448,0.0125134792178869,-0.0007537379278801,-0.0102227367460727,-0.0026313918642699,0.0020810146816074,-0.0096788583323359,0.0167899560183286,0.0178080629557371,-0.0015148988459259,0.0103359352797269,-0.0015173129504546,-0.0052361297421157,-0.0049384129233658,0.0091267619282007,-0.003817668184638,-0.0111153880134224,0.0085843112319707,-0.0009491122909821,0.0027357749640941,0.0095822149887681,-0.0009093984263017,0.0089915916323661,-0.0025032376870512,0.0254808608442544,-0.0005323750665411,0.0040816692635416,0.0015218155458569,0.0289899017661809,-0.0085847061127424,-0.0286566894501447,-0.0177778340876102,-0.0254073180258274,-0.0257450118660926,0.0126681812107563,0.0151345245540142,0.0032512496691197,0.0007888783584348,0.0170068126171827,0.0071726650930941,0.0538745447993278,0.0118954787030816,-0.0368603244423866,0.0084299789741635,0.0012200360652059,0.0041413703002035,-0.0227521192282438,0.0029788028914481,-0.0006949930102564,0.008528746664524,0.0034870824310928,-0.0066445549018681,-0.0002987926127389,0.0148221114650368,-0.0204877890646457,0.0080144358798861,0.0046065002679824,-0.0058701778762042,0.007007491774857,-0.0228716470301151,-0.0039323782548308,0.0075729023665189,-0.0014724798966199,-0.002884944435209,-0.028514189645648,0.0025886732619255,-0.0135465888306498,-0.016858946532011,-0.021538995206356,0.0099644158035516,-0.0082161901518702,0.0022944784723222,0.0148230353370308,0.0093094334006309,0.0090679740533232,-0.0088455295190215,0.0285577047616243,-0.0059496471658349,0.006971351802349,-0.0008440807578153,0.0084952162578701,0.0004871908749919,0.0093391714617609,0.0263093604356912,0.0114082570821172,0.0314250504630737,0.0194035541600992,0.0222492713864086,0.0282711372789186,0.0258221700187106,0.0450318366455118,0.072860397626872,0.087389829392261,0.0587128664628315,0.1098416565217459,2019-02-26,2019-02-27,2019-02-28,2019-03-01,2019-03-04,2019-03-05,2019-03-06,2019-03-07,2019-03-08,2019-03-11,49680.0,2019-02-25,252.0,8.5213%,0.0007,0.901,-0.3104,-0.2577,0.9536%,1.3994%,53.5694%,0.0826389999999999,DHR,49680.0,2019-02-26,252.0,0.0487%,0.0007,0.899,-0.306,-0.257,0.9533%,1.3941%,53.2450%,-0.001008,DHR,49680.0,2019-02-27,252.0,2.5810%,0.0008,0.8984,-0.2978,-0.257,0.9655%,1.4001%,52.4406%,0.025174,DHR,49680.0,2019-02-28,252.0,0.4985%,0.0008,0.8957,-0.2994,-0.2604,0.9662%,1.3977%,52.2119%,0.0070869999999999,DHR,49680.0,2019-03-01,252.0,0.5905%,0.0009,0.8886,-0.3099,-0.2706,0.9637%,1.3928%,52.1230%,-0.000808,DHR,49680.0,2019-03-04,252.0,-1.4714%,0.0008,0.8873,-0.2956,-0.2726,0.9656%,1.3910%,51.8074%,-0.0103679999999999,DHR,49680.0,2019-03-05,252.0,-0.4289%,0.0008,0.8888,-0.2877,-0.2696,0.9661%,1.3914%,51.7929%,-0.004442,DHR,49680.0,2019-03-06,252.0,-0.5664%,0.0008,0.8881,-0.2808,-0.2694,0.9660%,1.3896%,51.6797%,-0.001805,DHR,49680.0,2019-03-07,252.0,-0.1444%,0.0008,0.8863,-0.2818,-0.2721,0.9663%,1.3897%,51.6553%,0.004663,DHR,49680.0,2019-03-08,252.0,0.4660%,0.0007,0.8877,-0.3162,-0.2681,0.9465%,1.3766%,52.7247%,0.006198,DHR,49680.0,2019-03-11,252.0,1.0317%,0.0007,0.8856,-0.3168,-0.2673,0.9468%,1.3772%,52.7349%,-0.003256,DHR,0.081631,0.106805,0.113892,0.1027159999999999,0.1040739999999999
39971,DANAHER CORP,GE to Sell its BioPharma Business to Danaher for $21.4B,6,increase,0.8,0.7,"the acquisition of ge's biopharma business for $21.4 billion is likely to enhance danaher's market position and revenue potential, which typically leads to a positive reaction in stock prices.",2,2019-02-25,DHR,2019-02-25 12:01:00+00:00,49680.0,23585110,0.0852132365107536,8804779.0,0.0004871908749919,0.0093391714617609,0.0258095953613519,0.0020499408710747,0.0049845497123897,0.0079051135107874,0.0059045823290944,0.0007191822514869,-0.0147139178588986,0.0079738786444067,-0.0042894664220511,-0.0077324276790022,-0.0056641330011188,-0.0013468754477798,-0.0014441616367548,0.0154084833338856,0.0046601463109254,0.0039359293878078,0.0103167062625289,0.006077941507101,0.008786516264081,-0.0097574982792139,0.0054143317975103,0.0013697518734261,-0.0001561248063808,-0.0007299407152459,0.0045273737050592,0.0026531864423304,-0.0048177409917116,-0.014605076983571,0.0139766782522201,0.0175212919712066,-0.0009240344516001,0.0355277433991432,0.0196545999497175,-0.0071678031235933,-0.0196537226438522,-0.0028214338235557,-0.0017734267748892,0.0026402524672448,0.0125134792178869,-0.0007537379278801,-0.0102227367460727,-0.0026313918642699,0.0020810146816074,-0.0096788583323359,0.0167899560183286,0.0178080629557371,-0.0015148988459259,0.0103359352797269,-0.0015173129504546,-0.0052361297421157,-0.0049384129233658,0.0091267619282007,-0.003817668184638,-0.0111153880134224,0.0085843112319707,-0.0009491122909821,0.0027357749640941,0.0095822149887681,-0.0009093984263017,0.0089915916323661,-0.0025032376870512,0.0254808608442544,-0.0005323750665411,0.0040816692635416,0.0015218155458569,0.0289899017661809,-0.0085847061127424,-0.0286566894501447,-0.0177778340876102,-0.0254073180258274,-0.0257450118660926,0.0126681812107563,0.0151345245540142,0.0032512496691197,0.0007888783584348,0.0170068126171827,0.0071726650930941,0.0538745447993278,0.0118954787030816,-0.0368603244423866,0.0084299789741635,0.0012200360652059,0.0041413703002035,-0.0227521192282438,0.0029788028914481,-0.0006949930102564,0.008528746664524,0.0034870824310928,-0.0066445549018681,-0.0002987926127389,0.0148221114650368,-0.0204877890646457,0.0080144358798861,0.0046065002679824,-0.0058701778762042,0.007007491774857,-0.0228716470301151,-0.0039323782548308,0.0075729023665189,-0.0014724798966199,-0.002884944435209,-0.028514189645648,0.0025886732619255,-0.0135465888306498,-0.016858946532011,-0.021538995206356,0.0099644158035516,-0.0082161901518702,0.0022944784723222,0.0148230353370308,0.0093094334006309,0.0090679740533232,-0.0088455295190215,0.0285577047616243,-0.0059496471658349,0.006971351802349,-0.0008440807578153,0.0084952162578701,0.0004871908749919,0.0093391714617609,0.0263093604356912,0.0114082570821172,0.0314250504630737,0.0194035541600992,0.0222492713864086,0.0282711372789186,0.0258221700187106,0.0450318366455118,0.072860397626872,0.087389829392261,0.0587128664628315,0.1098416565217459,2019-02-26,2019-02-27,2019-02-28,2019-03-01,2019-03-04,2019-03-05,2019-03-06,2019-03-07,2019-03-08,2019-03-11,49680.0,2019-02-25,252.0,8.5213%,0.0007,0.901,-0.3104,-0.2577,0.9536%,1.3994%,53.5694%,0.0826389999999999,DHR,49680.0,2019-02-26,252.0,0.0487%,0.0007,0.899,-0.306,-0.257,0.9533%,1.3941%,53.2450%,-0.001008,DHR,49680.0,2019-02-27,252.0,2.5810%,0.0008,0.8984,-0.2978,-0.257,0.9655%,1.4001%,52.4406%,0.025174,DHR,49680.0,2019-02-28,252.0,0.4985%,0.0008,0.8957,-0.2994,-0.2604,0.9662%,1.3977%,52.2119%,0.0070869999999999,DHR,49680.0,2019-03-01,252.0,0.5905%,0.0009,0.8886,-0.3099,-0.2706,0.9637%,1.3928%,52.1230%,-0.000808,DHR,49680.0,2019-03-04,252.0,-1.4714%,0.0008,0.8873,-0.2956,-0.2726,0.9656%,1.3910%,51.8074%,-0.0103679999999999,DHR,49680.0,2019-03-05,252.0,-0.4289%,0.0008,0.8888,-0.2877,-0.2696,0.9661%,1.3914%,51.7929%,-0.004442,DHR,49680.0,2019-03-06,252.0,-0.5664%,0.0008,0.8881,-0.2808,-0.2694,0.9660%,1.3896%,51.6797%,-0.001805,DHR,49680.0,2019-03-07,252.0,-0.1444%,0.0008,0.8863,-0.2818,-0.2721,0.9663%,1.3897%,51.6553%,0.004663,DHR,49680.0,2019-03-08,252.0,0.4660%,0.0007,0.8877,-0.3162,-0.2681,0.9465%,1.3766%,52.7247%,0.006198,DHR,49680.0,2019-03-11,252.0,1.0317%,0.0007,0.8856,-0.3168,-0.2673,0.9468%,1.3772%,52.7349%,-0.003256,DHR,0.081631,0.106805,0.113892,0.1027159999999999,0.1040739999999999
39979,DIANA SHIPPING INC,"Diana Shipping Reports Time Charter Contracts For m/v Newport News, m/v Los Angeles With SwissMarine, Gross Charter Rate $16.5K/Day, $13.25K/Day, Respectively",6,uncertain,0.6,0.3,"while the charter contracts provide steady revenue, the rates are relatively low, and market conditions could influence investor sentiment unpredictably.",1,2019-02-25,DSX,2019-02-25 14:28:00+00:00,90630.0,Y2066G10,0.0168918762356042,267194.0,-0.0963454991579055,-0.0231022890657186,-0.0147058684378862,0.0133779132738709,-0.0186566989868879,-0.0132013075053691,-0.0076046460308134,0.0033112552482634,0.0153257474303245,-0.0162866301834583,-0.0037735812366008,-0.0160256270319223,-0.0303030908107757,-0.0340557694435119,-0.0156249850988388,0.0625000223517417,-0.0277777519077062,-0.00653594173491,0.0489795431494712,0.0234113484621048,0.0116731412708759,-0.0292207524180412,0.0423077456653118,0.016501635313034,-0.0147601328790187,0.0066445120610296,-0.0074906293302774,0.0100671043619513,0.030188649892807,0.0136054288595914,-0.0073260003700852,0.0,0.0036900332197546,-0.0264900419861078,0.0036764671094715,0.0033222560305148,-0.0036630001850426,-0.0652174055576324,0.0,-0.0030959723517298,0.0294117368757724,-0.0092024449259042,0.0,-0.0060975551605224,0.0142857013270258,-0.0437318049371242,-0.0070422468706965,0.020833384245634,0.0283688530325889,0.0338461212813854,0.0068965447135269,0.0030864167492836,0.0376711972057819,-0.0270270016044378,-0.0099009806290268,-0.0147929554805159,0.0066666603088378,-0.0145772453397512,-0.0264900419861078,-0.0199999809265136,-0.0068027144297957,-0.01960782520473,0.0479451566934585,0.0288184154778718,0.0163398534059524,0.0205882154405117,-0.0225080177187919,0.0429448187351226,0.0559210777282714,0.0092879170551896,-0.0218068324029445,0.0157232545316219,0.0,0.009523800574243,0.0,-0.006309141870588,-0.003184710163623,-0.0155279356986284,0.0031948850955814,0.0189873222261667,0.003184710163623,-0.0395136401057243,0.0,-0.0090361358597874,0.0031745999585837,0.0152905052527785,0.0158227700740099,-0.0353982672095298,-0.0093457857146859,0.0119403582066297,0.012578603811562,0.0307692009955644,0.0,-0.0240240022540092,0.009316761046648,-0.0263158343732357,-0.0061538401059806,-0.0029154489748179,-0.0030959723517298,0.0029239738360047,0.0,-0.0115606822073459,-0.0155279356986284,0.0087463473901152,0.0,-0.0199999809265136,-0.0536277815699577,0.0,0.1033333167433739,0.0174418427050113,-0.0060422904789447,-0.0143266338855028,0.0030395109206438,0.0234603881835937,0.0,-0.02849000133574,0.0,0.057228934019804,0.0,-0.0292398072779178,-0.0963454991579055,-0.0231022890657186,-0.1096345233605932,-0.0100334362113967,-0.1262458040465716,-0.0231022892400037,-0.1196012926306063,-0.0358305866123814,-0.1461794209327833,-0.0100334357731325,-0.0232557878958004,-0.1542857072586384,0.0963455080025201,-0.1345029390512507,2019-02-26,2019-02-27,2019-02-28,2019-03-01,2019-03-04,2019-03-05,2019-03-06,2019-03-07,2019-03-08,2019-03-11,90630.0,2019-02-25,252.0,1.6892%,-0.0009,0.9551,0.571,0.1472,2.3371%,2.5542%,16.2778%,0.017145,DSX,90630.0,2019-02-26,252.0,-9.6345%,-0.001,1.0043,0.6484,0.2233,2.3826%,2.6132%,16.8707%,-0.090777,DSX,90630.0,2019-02-27,252.0,-1.4706%,-0.0013,0.9789,0.6888,0.219,2.3577%,2.5832%,16.6957%,-0.016674,DSX,90630.0,2019-02-28,252.0,-1.8657%,-0.0014,0.9911,0.6967,0.2312,2.3568%,2.5854%,16.9060%,-0.015312,DSX,90630.0,2019-03-01,252.0,-0.7605%,-0.0015,0.99,0.695,0.2361,2.3585%,2.5847%,16.7405%,-0.015927,DSX,90630.0,2019-03-04,252.0,1.5326%,-0.0013,0.9729,0.7304,0.2453,2.3553%,2.5772%,16.4763%,0.022243,DSX,90630.0,2019-03-05,252.0,-0.3774%,-0.0013,0.9724,0.7282,0.2443,2.3553%,2.5756%,16.3717%,0.0006429999999999,DSX,90630.0,2019-03-06,252.0,-3.0303%,-0.0013,0.971,0.7581,0.2467,2.3553%,2.5791%,16.6041%,-0.0131469999999999,DSX,90630.0,2019-03-07,252.0,-1.5625%,-0.0014,0.9707,0.7466,0.2431,2.3545%,2.5777%,16.5670%,-0.006408,DSX,90630.0,2019-03-08,252.0,-2.7778%,-0.0013,0.9704,0.8048,0.2397,2.3357%,2.5657%,17.1242%,-0.025692,DSX,90630.0,2019-03-11,252.0,4.8980%,-0.0012,0.9874,0.8346,0.248,2.3433%,2.5835%,17.7290%,0.03278,DSX,-0.073632,-0.090306,-0.1056179999999999,-0.0993019999999999,-0.1111259999999999
39987,DEXCOM INC,"Morgan Stanley Maintains Equal-Weight on DexCom, Raises Price Target to $160",6,increase,0.7,0.5,"raising the price target typically signals positive sentiment and potential for stock appreciation, which may lead to an increase in dexcom's stock price.",2,2019-02-25,DXCM,2019-02-25 15:27:00+00:00,90664.0,25213110,0.0295191667973995,1989724.0,-0.0092973569408059,-0.0642051249742508,0.0035819185432046,0.0048784301616251,-0.0054250448010861,-0.0159567315131425,0.0298571996390819,-0.0039734095335006,-0.0138686001300811,0.0044646123424172,0.0386572517454624,-0.0081851808354258,-0.0242226142436265,-0.0240947604179382,-0.0023707994259893,0.0099186673760414,0.0011882167309522,0.0391671620309352,0.0059340326115489,0.0109057519584894,-0.0020820533391088,-0.008266719058156,0.0255234278738498,-0.0240688566118478,-0.0041367188096046,0.0294137988239526,0.0282600857317447,0.0191141683608293,-0.0321192443370819,0.0053180176764726,0.0054054642096161,-0.0179653353989124,-0.005308280698955,0.0254194755107164,-0.0273672677576541,-0.0092671019956469,-0.0923607498407363,-0.02517063729465,-0.0383631475269794,0.0064546964131295,-0.0252256989479064,-0.0167871676385402,-0.0447291955351829,-0.0283782910555601,0.0245801992714405,0.0086945090442895,0.0060821189545094,0.0001338078436674,-0.0329974852502346,0.0166609790176153,0.0157159436494112,0.0,0.0060694054700434,0.0301947407424449,-0.0045033455826342,0.0116229578852653,-0.0020485275890678,-0.0056376871652901,-0.0168491378426551,0.0227026585489511,0.0023488844744861,0.0549725927412509,0.0317652821540832,0.0120816268026828,0.0035330231767147,0.1179456263780594,-0.0119028147310018,0.0354533717036247,0.0092467255890369,-0.025351608172059,-0.0101706236600875,-0.0385642945766449,-0.0541780292987823,0.0128508983179926,0.0261268075555563,0.0028827907517552,0.0202992353588342,0.0126212863251566,0.0121773276478052,0.0787255689501762,0.0066932216286659,-0.0032311528921127,-0.0058912383392453,-0.0158095397055149,0.0512190610170364,-0.0301375202834606,0.0020939207170158,-0.0098594995215535,-0.027003139257431,0.008003550581634,-0.0202362015843391,-0.0576827973127365,0.0147529924288392,-0.0191838163882494,0.0214338637888431,-0.0120462579652667,-0.0060186893679201,0.0121108498424291,-0.0212748423218727,-0.0034021723549813,-0.0115374736487865,0.0168025139719247,-0.0086272880434989,-0.0622537843883037,0.0134800942614674,0.0121960556134581,-0.0213822796940803,-0.0635477900505065,0.0344086028635501,0.0540165156126022,0.0103118326514959,-0.0028471094556152,-0.0171207040548324,0.0421813130378723,-0.0114730987697839,0.0057262610644102,0.0036428354214876,-0.0158742759376764,0.0010128734866157,0.0137592460960149,-0.0092973569408059,-0.0642051249742508,-0.0057487407728302,-0.0596399150308309,-0.011142598397674,-0.07464498843236,0.004258382905246,-0.0742068670024947,0.0226401875680246,-0.0493192946754363,-0.1841731560655071,-0.0136216167258216,-0.1583392342442774,0.1012230613703057,2019-02-26,2019-02-27,2019-02-28,2019-03-01,2019-03-04,2019-03-05,2019-03-06,2019-03-07,2019-03-08,2019-03-11,90664.0,2019-02-25,252.0,2.9519%,0.0032,0.9108,0.6501,-1.3607,2.9229%,3.3421%,23.5136%,0.027355,DXCM,90664.0,2019-02-26,252.0,-0.9297%,0.0032,0.9238,0.6535,-1.3493,2.9216%,3.3430%,23.6213%,-0.00827,DXCM,90664.0,2019-02-27,252.0,0.3582%,0.0032,0.9239,0.6523,-1.3493,2.9217%,3.3428%,23.6049%,-0.00021,DXCM,90664.0,2019-02-28,252.0,-0.5425%,0.0032,0.9193,0.6489,-1.3504,2.9213%,3.3393%,23.4651%,-0.006165,DXCM,90664.0,2019-03-01,252.0,2.9857%,0.0032,0.9299,0.6647,-1.3398,2.9212%,3.3431%,23.6459%,0.015865,DXCM,90664.0,2019-03-04,252.0,-1.3869%,0.0034,0.9132,0.7243,-1.3364,2.9119%,3.3346%,23.7451%,-0.0012389999999999,DXCM,90664.0,2019-03-05,252.0,3.8657%,0.0035,0.9093,0.7174,-1.3524,2.9201%,3.3408%,23.6025%,0.039158,DXCM,90664.0,2019-03-06,252.0,-2.4223%,0.0035,0.9095,0.7428,-1.3487,2.9204%,3.3450%,23.7767%,-0.007094,DXCM,90664.0,2019-03-07,252.0,-0.2371%,0.0032,0.8949,0.6663,-1.3897,2.8922%,3.3161%,23.9315%,0.001066,DXCM,90664.0,2019-03-08,252.0,0.1188%,0.0032,0.8954,0.6643,-1.3888,2.8923%,3.3152%,23.8867%,0.000371,DXCM,90664.0,2019-03-11,252.0,0.5934%,0.0032,0.8857,0.6379,-1.3989,2.8926%,3.3139%,23.8123%,-0.017112,DXCM,0.019085,0.018875,0.01271,0.027336,0.0437249999999999
39995,CONSOLIDATED EDISON INC,"Credit Suisse Maintains Underperform on Consolidated Edison, Raises Price Target to $78",6,decrease,0.7,0.5,"maintaining an 'underperform' rating typically suggests a negative outlook, which could lead to a decrease in stock price despite the raised price target.",0,2019-02-25,ED,2019-02-25 15:19:00+00:00,11404.0,20911510,-0.0058464766480028,2269494.0,-0.003185519715771,0.0262499805539846,0.0036873531062155,0.0125300325453281,0.0096741765737533,0.0017750650877133,0.0025470796972513,0.0045854109339416,0.006532703526318,0.0060225683264434,-0.003245152067393,0.0026981765404343,0.0048233633860945,-0.0094183254987001,0.0001199388789245,0.004305412992835,0.0057595795951783,0.0005067897727712,0.005368610844016,0.0104980114847421,0.0078320121392607,0.0110017918050289,0.0029436005279421,-0.0042530507780611,-0.0023479331284761,0.0002577883715275,-0.0016475289594382,0.0116066690534353,-0.0016501578502357,-0.0124919665977358,-0.0105076674371957,0.0191626064479351,0.0003579379699658,0.0039531304500997,0.0065601509995758,0.0039688195101916,0.0061619183979928,-0.0047399685718119,0.0022376021370291,-0.0220191422849893,0.0068155326880514,0.008833467029035,-0.0060690552927553,0.0031275150831788,-0.0104509983211755,0.0030060871504247,0.0064079854637384,-0.006750572938472,-0.005777595564723,0.0085101015865802,0.0052182450890541,0.0077846199274063,-0.0037753621581941,0.0179987102746963,-0.0053292820230126,-0.0194916818290948,0.0097630638629198,-0.0080993166193366,-0.0120268445461988,0.0166002642363309,0.0044158343225717,-0.0079051181674003,-0.003445828333497,0.0060975486412644,0.0071539101190865,-0.0145003339275717,0.0009471034863963,0.0161954220384359,0.0007096103508956,0.0025286457967013,-0.0117007195949554,-0.0172639247030019,0.0033484664745628,-0.0002615621197037,-0.0034565066453069,-0.004555492196232,0.0029900728259235,0.0097253983840346,0.003935151733458,0.0102230040356516,0.0015440937131643,-0.058029007166624,0.0023718802258372,-0.0095380181446671,0.0053242379799485,0.0078652296215295,-0.0057667158544063,-0.0013714076485484,0.0198863670229911,-0.0052089565433561,-0.0107938749715685,-0.0381725467741489,-0.0008213034598156,-0.0011914508650079,0.010216006077826,0.0177033953368663,-0.0070905569009482,-0.0093693546950817,-0.0024584298953413,0.0041007879190146,-0.0150216966867446,0.0054572471417486,0.0008340247441083,0.0101678529754281,0.0154762268066406,-0.0043907868675887,0.0086752381175756,0.0093560814857482,-0.0046489932574331,0.0109521457925438,0.0071849306114017,0.0140080852434039,0.0100573105737566,0.0050735864788293,0.0065995100885629,-0.0026566314045339,0.0008051494369283,0.0113868899643421,-0.0036777346394956,0.0106026297435164,-0.003185519715771,0.0262499805539846,0.0004900872544255,0.0391089262099684,0.0101690050188147,0.040953412187215,0.0193579291253676,0.0520245713127887,0.0324674569119951,0.0609812399891764,0.0265865962874269,0.1005742617094453,0.0713746795143308,0.0715444693013203,2019-02-26,2019-02-27,2019-02-28,2019-03-01,2019-03-04,2019-03-05,2019-03-06,2019-03-07,2019-03-08,2019-03-11,11404.0,2019-02-25,252.0,-0.5846%,0.0004,0.0886,-0.6004,-0.1714,1.0789%,1.1255%,8.1179%,-0.007967,ED,11404.0,2019-02-26,252.0,-0.3186%,0.0003,0.0782,-0.5793,-0.1685,1.0726%,1.1157%,7.5794%,-0.007552,ED,11404.0,2019-02-27,252.0,0.3687%,0.0004,0.084,-0.5885,-0.1675,1.0697%,1.1144%,7.8594%,0.004416,ED,11404.0,2019-02-28,252.0,0.9674%,0.0005,0.0728,-0.5959,-0.1778,1.0656%,1.1105%,7.9291%,0.009534,ED,11404.0,2019-03-01,252.0,0.2547%,0.0005,0.0654,-0.6069,-0.1904,1.0625%,1.1085%,8.1302%,0.00295,ED,11404.0,2019-03-04,252.0,0.6533%,0.0005,0.0659,-0.6127,-0.1896,1.0628%,1.1088%,8.1201%,0.005098,ED,11404.0,2019-03-05,252.0,-0.3245%,0.0005,0.0665,-0.6123,-0.1869,1.0634%,1.1088%,8.0141%,-0.0055769999999999,ED,11404.0,2019-03-06,252.0,0.4823%,0.0004,0.0568,-0.5971,-0.1958,1.0558%,1.0997%,7.8243%,-0.002348,ED,11404.0,2019-03-07,252.0,0.0120%,0.0004,0.0595,-0.5861,-0.1892,1.0543%,1.0966%,7.5654%,-0.000568,ED,11404.0,2019-03-08,252.0,0.5760%,0.0005,0.0583,-0.5798,-0.1913,1.0542%,1.0955%,7.3856%,0.005772,ED,11404.0,2019-03-11,252.0,0.5369%,0.0005,0.0607,-0.5712,-0.1875,1.0538%,1.0939%,7.1905%,0.005502,ED,-0.015519,-0.011103,-0.0015689999999999,0.006479,0.00926
40003,E P R PROPERTIES,"EPR Properties Q4 Adj. FFO $1.39, EPS $0.65 vs $0.74 In Same Qtr. Last Year, Sales $166.487M Beat $142.58M Estimate",6,increase,0.8,0.6,"the company's adjusted ffo and sales exceeded estimates, indicating strong financial performance, which is likely to positively impact the stock price.",2,2019-02-25,EPR,2019-02-25 22:40:00+00:00,85604.0,26884U10,-0.0050890217535197,473874.0,-0.0053843250498175,0.0078283417969942,-0.0039923964068293,0.0033856988884508,0.0035509713925421,-0.0167776588350534,-0.0137452650815248,-0.0054297926835715,0.0096591273322701,0.0111141111701726,0.0109334848821163,0.004438491538167,-0.0047316271811723,0.0071796094998717,0.0017657871358096,-0.0049872319214046,0.0043389787897467,0.0039242343045771,0.0140407849103212,0.0002707671083044,0.0037278495728969,0.0133039848878979,0.0005305865197442,-0.0078921513631939,0.0026514243800193,0.0019086488755419,-0.0031733156647533,0.0101914042606949,-0.0045098331756889,-0.0061592794954776,-0.0035976583603769,0.0100925713777542,0.0034768939949572,0.0010326942428946,0.0186567362397909,0.0094510121271014,-0.0054945810697972,0.0093995258212089,0.0048671765252947,0.0049344208091497,0.0121743725612759,0.0012705246917903,-0.0025866134092211,0.0024055209942162,0.0094009134918451,-0.0004243108851369,-0.0073576825670897,0.0076965973712503,0.0120936315506696,0.0021425727754831,0.0075805773958563,0.0119977137073874,-0.0001274484384339,0.0142208067700266,-0.0011478633387014,-0.0123081160709261,0.0060010370798408,-0.0007235284429043,-0.0038076285272836,0.0238518603146076,-0.0049687782302498,0.0094212237745523,0.0134443417191505,0.0282946955412626,-0.0031585595570504,0.0035493166651576,0.0046894182451069,0.0102900480851531,0.0013876701705157,0.0161597039550542,-0.0263290051370859,-0.0142120858654379,-0.0181136168539524,-0.0014036800712347,0.0146264415234327,0.0020202687010169,-0.0102597521618008,-0.0095429075881838,0.0091852061450481,0.023794550448656,0.0131321605294942,-0.0542473830282688,0.002181701362133,-0.0136704444885253,0.0074273510836064,-0.0140579883009195,-0.0113765941932797,-0.0142857143655419,0.0188630372285842,0.0298660993576049,0.0067207552492618,-0.0382057018578052,-0.002645157976076,0.0131899379193782,-0.0005051896441727,0.0121897589415311,0.0012635642196983,-0.0210256539285183,-0.0257445853203535,0.0071540991775691,-0.0016839023446664,-0.0115966582670807,-0.0014272818807512,-0.0081358086317777,0.0061070844531059,0.0233993269503116,0.0082655223086476,-0.0109327938407659,0.0008966273162513,-0.0056473459117114,-0.0002559078857302,0.0033999930601567,0.0071684271097183,-0.0069979093968868,-0.0074987793341279,0.0077573400922119,-0.0177999678999185,0.0035385703667998,0.008605002425611,-0.0014134059892967,-0.0053843250498175,0.0078283417969942,-0.0093552250966648,0.0112405450935655,-0.0058374738408117,-0.0057257037721878,-0.0100317511080434,-0.0001339337980289,0.016215903673161,0.0106930280095647,0.067086697977682,0.111957481387495,0.0568197298590777,0.0722751579815119,2019-02-26,2019-02-27,2019-02-28,2019-03-01,2019-03-04,2019-03-05,2019-03-06,2019-03-07,2019-03-08,2019-03-11,85604.0,2019-02-25,252.0,-0.5089%,0.0013,0.4358,0.0553,0.1008,1.1959%,1.2746%,11.9591%,-0.005541,EPR,85604.0,2019-02-26,252.0,-0.5384%,0.0012,0.4295,0.0689,0.103,1.1938%,1.2698%,11.6117%,-0.0040999999999999,EPR,85604.0,2019-02-27,252.0,-0.3992%,0.0012,0.4248,0.0755,0.1022,1.1926%,1.2669%,11.3867%,-0.004486,EPR,85604.0,2019-02-28,252.0,0.3551%,0.0012,0.4178,0.0709,0.0962,1.1906%,1.2624%,11.0590%,0.005008,EPR,85604.0,2019-03-01,252.0,-1.3745%,0.0011,0.4156,0.0675,0.101,1.1958%,1.2659%,10.7713%,-0.016664,EPR,85604.0,2019-03-04,252.0,0.9659%,0.0015,0.3794,0.1783,0.1125,1.0999%,1.1657%,10.9717%,0.011606,EPR,85604.0,2019-03-05,252.0,1.0933%,0.0015,0.3744,0.147,0.105,1.0985%,1.1617%,10.5871%,0.012311,EPR,85604.0,2019-03-06,252.0,-0.4732%,0.0014,0.3655,0.1579,0.0963,1.0927%,1.1545%,10.4160%,0.000134,EPR,85604.0,2019-03-07,252.0,0.1766%,0.0014,0.3625,0.1504,0.0902,1.0924%,1.1534%,10.2969%,0.005101,EPR,85604.0,2019-03-08,252.0,0.4339%,0.0014,0.362,0.1499,0.0895,1.0927%,1.1535%,10.2724%,0.0051249999999999,EPR,85604.0,2019-03-11,252.0,1.4041%,0.0014,0.3659,0.1468,0.0857,1.0928%,1.1555%,10.5727%,0.008483,EPR,-0.009641,-0.014127,-0.009119,-0.014177,0.016977
40011,ERICSSON,Ericsson Announces the Launch of a 5G Network in Saudi Arabia,6,increase,0.8,0.7,"the launch of a 5g network in saudi arabia is likely to boost ericsson's revenue and market presence, positively impacting investor sentiment and stock price.",2,2019-02-25,ERIC,2019-02-25 16:18:00+00:00,33452.0,29482160,-0.0336841791868209,10568962.0,0.007625238969922,0.0314875096082687,-0.0075675346888601,-0.0010846235090866,-0.011982636526227,0.0131868002936244,0.0154355401173234,-0.026737967506051,0.0043431012891232,0.001070688245818,0.0086486404761672,-0.0021366991568356,-0.0096463188529014,0.0353981964290142,-0.0183982774615287,0.0168728474527597,0.0154355401173234,0.0125285433605313,0.0141151044517755,0.006880672648549,-0.0032119627576321,-0.014689277857542,0.0042964513413608,0.0125858820974826,0.0128342118114233,-0.0113122602924704,0.016895443201065,0.0011325287632644,-0.007268919609487,-0.0089786676689982,0.0094141419976949,-0.0066890097223222,0.0176165886223316,0.0101351523771882,-0.001018256181851,0.016018345952034,-0.0530071817338466,-0.0157658047974109,0.0053821518085896,0.0422534793615341,-0.0042826510034501,0.0070922481827437,-0.0096774352714419,0.0095465304329991,0.0053438199684023,-0.0198830496519804,0.0032787637319415,0.0118343653157353,0.0196077711880207,-0.003537704469636,0.0117522021755576,-0.0011778832413256,0.0126715824007988,0.0035460677463561,-0.0093847913667559,-0.0082062948495149,0.0021053112577646,-0.032879814505577,0.0168067049235105,-0.0392157509922981,-0.0061983903869986,0.0245536006987094,0.0103950500488281,0.0181818008422851,0.003086392302066,0.012658298946917,0.0112820165231823,0.0482508577406406,-0.0202839579433202,-0.0393974669277668,0.0020704409107565,-0.0270574726164341,0.0733471065759658,0.0195402391254901,-0.0269490554928779,0.0259434282779693,0.0019782846793532,-0.0023529950994998,-0.0029614740051329,0.0353227704763412,0.0039603919722139,0.0024420584086328,-0.0226824935525655,-0.0629290863871574,0.0131180742755532,-0.0011428833240643,-0.0029880211222916,-0.013528736308217,-0.0109890718013048,0.0011286940425634,-0.0101009523496031,-0.0133630167692899,-0.0163265150040388,-0.0239130724221468,0.0,0.0032715084962546,-0.0041493736207485,0.0432309582829475,-0.0343749895691871,0.0011389782885089,0.0032362169586122,0.0138568002730608,-0.010752729140222,-0.0159091297537088,0.0119565883651375,0.045130655169487,-0.0279269833117723,-0.0388128012418746,0.0077347727492451,0.0441001020371913,0.0087719215080142,-0.0023780623450875,0.0141304470598697,-0.0047337235882878,0.0042872414924204,0.0242424011230468,0.0213446971029043,-0.0213523488491773,0.01358412951231,0.010791384615004,0.007625238969922,0.0314875096082687,2.0646151455139258e-11,0.0303687340060183,-0.0119826365058282,0.0439560007301502,0.0076252394508935,0.0171306041228889,0.0174291767454992,0.0894495076308745,0.0670526358592797,0.0348583544765928,0.0692572325458726,0.1390887040080093,2019-02-26,2019-02-27,2019-02-28,2019-03-01,2019-03-04,2019-03-05,2019-03-06,2019-03-07,2019-03-08,2019-03-11,33452.0,2019-02-25,252.0,-3.3684%,0.0013,0.8945,0.2729,0.1149,1.8997%,2.1177%,19.5243%,-0.034272,ERIC,33452.0,2019-02-26,252.0,0.7625%,0.0013,0.8792,0.2742,0.1041,1.8956%,2.1068%,19.0467%,0.011083,ERIC,33452.0,2019-02-27,252.0,-0.7568%,0.0012,0.8775,0.2743,0.1038,1.8965%,2.1063%,18.9252%,-0.008855,ERIC,33452.0,2019-02-28,252.0,-1.1983%,0.0013,0.8689,0.268,0.1,1.8935%,2.0986%,18.5944%,-0.009158,ERIC,33452.0,2019-03-01,252.0,1.5436%,0.0014,0.862,0.2578,0.0859,1.8920%,2.0945%,18.3988%,0.008712,ERIC,33452.0,2019-03-04,252.0,0.4343%,0.0014,0.854,0.277,0.0896,1.8903%,2.0896%,18.1655%,0.009432,ERIC,33452.0,2019-03-05,252.0,0.8649%,0.0015,0.852,0.2673,0.0846,1.8912%,2.0890%,18.0362%,0.011084,ERIC,33452.0,2019-03-06,252.0,-0.9646%,0.0014,0.8428,0.2769,0.0755,1.8879%,2.0838%,17.9209%,0.0007539999999999,ERIC,33452.0,2019-03-07,252.0,-1.8398%,0.0013,0.8483,0.2794,0.0835,1.8895%,2.0872%,18.0500%,-0.0111349999999999,ERIC,33452.0,2019-03-08,252.0,1.5436%,0.0014,0.8455,0.2902,0.0784,1.8911%,2.0886%,18.0116%,0.017214,ERIC,33452.0,2019-03-11,252.0,1.4115%,0.0014,0.8449,0.2968,0.0825,1.8906%,2.0893%,18.1215%,0.000791,ERIC,-0.0231889999999999,-0.0320439999999999,-0.0412019999999999,-0.0230579999999999,-0.0043499999999999
40019,ERICSSON,Inseego to Partner with Ericsson on 5G Products,6,increase,0.7,0.6,"the partnership with inseego on 5g products is likely to enhance ericsson's market position and revenue potential in the growing 5g sector, which could positively impact its stock price.",2,2019-02-25,ERIC,2019-02-25 13:13:00+00:00,33452.0,29482160,-0.0336841791868209,10568962.0,0.007625238969922,0.0314875096082687,-0.0075675346888601,-0.0010846235090866,-0.011982636526227,0.0131868002936244,0.0154355401173234,-0.026737967506051,0.0043431012891232,0.001070688245818,0.0086486404761672,-0.0021366991568356,-0.0096463188529014,0.0353981964290142,-0.0183982774615287,0.0168728474527597,0.0154355401173234,0.0125285433605313,0.0141151044517755,0.006880672648549,-0.0032119627576321,-0.014689277857542,0.0042964513413608,0.0125858820974826,0.0128342118114233,-0.0113122602924704,0.016895443201065,0.0011325287632644,-0.007268919609487,-0.0089786676689982,0.0094141419976949,-0.0066890097223222,0.0176165886223316,0.0101351523771882,-0.001018256181851,0.016018345952034,-0.0530071817338466,-0.0157658047974109,0.0053821518085896,0.0422534793615341,-0.0042826510034501,0.0070922481827437,-0.0096774352714419,0.0095465304329991,0.0053438199684023,-0.0198830496519804,0.0032787637319415,0.0118343653157353,0.0196077711880207,-0.003537704469636,0.0117522021755576,-0.0011778832413256,0.0126715824007988,0.0035460677463561,-0.0093847913667559,-0.0082062948495149,0.0021053112577646,-0.032879814505577,0.0168067049235105,-0.0392157509922981,-0.0061983903869986,0.0245536006987094,0.0103950500488281,0.0181818008422851,0.003086392302066,0.012658298946917,0.0112820165231823,0.0482508577406406,-0.0202839579433202,-0.0393974669277668,0.0020704409107565,-0.0270574726164341,0.0733471065759658,0.0195402391254901,-0.0269490554928779,0.0259434282779693,0.0019782846793532,-0.0023529950994998,-0.0029614740051329,0.0353227704763412,0.0039603919722139,0.0024420584086328,-0.0226824935525655,-0.0629290863871574,0.0131180742755532,-0.0011428833240643,-0.0029880211222916,-0.013528736308217,-0.0109890718013048,0.0011286940425634,-0.0101009523496031,-0.0133630167692899,-0.0163265150040388,-0.0239130724221468,0.0,0.0032715084962546,-0.0041493736207485,0.0432309582829475,-0.0343749895691871,0.0011389782885089,0.0032362169586122,0.0138568002730608,-0.010752729140222,-0.0159091297537088,0.0119565883651375,0.045130655169487,-0.0279269833117723,-0.0388128012418746,0.0077347727492451,0.0441001020371913,0.0087719215080142,-0.0023780623450875,0.0141304470598697,-0.0047337235882878,0.0042872414924204,0.0242424011230468,0.0213446971029043,-0.0213523488491773,0.01358412951231,0.010791384615004,0.007625238969922,0.0314875096082687,2.0646151455139258e-11,0.0303687340060183,-0.0119826365058282,0.0439560007301502,0.0076252394508935,0.0171306041228889,0.0174291767454992,0.0894495076308745,0.0670526358592797,0.0348583544765928,0.0692572325458726,0.1390887040080093,2019-02-26,2019-02-27,2019-02-28,2019-03-01,2019-03-04,2019-03-05,2019-03-06,2019-03-07,2019-03-08,2019-03-11,33452.0,2019-02-25,252.0,-3.3684%,0.0013,0.8945,0.2729,0.1149,1.8997%,2.1177%,19.5243%,-0.034272,ERIC,33452.0,2019-02-26,252.0,0.7625%,0.0013,0.8792,0.2742,0.1041,1.8956%,2.1068%,19.0467%,0.011083,ERIC,33452.0,2019-02-27,252.0,-0.7568%,0.0012,0.8775,0.2743,0.1038,1.8965%,2.1063%,18.9252%,-0.008855,ERIC,33452.0,2019-02-28,252.0,-1.1983%,0.0013,0.8689,0.268,0.1,1.8935%,2.0986%,18.5944%,-0.009158,ERIC,33452.0,2019-03-01,252.0,1.5436%,0.0014,0.862,0.2578,0.0859,1.8920%,2.0945%,18.3988%,0.008712,ERIC,33452.0,2019-03-04,252.0,0.4343%,0.0014,0.854,0.277,0.0896,1.8903%,2.0896%,18.1655%,0.009432,ERIC,33452.0,2019-03-05,252.0,0.8649%,0.0015,0.852,0.2673,0.0846,1.8912%,2.0890%,18.0362%,0.011084,ERIC,33452.0,2019-03-06,252.0,-0.9646%,0.0014,0.8428,0.2769,0.0755,1.8879%,2.0838%,17.9209%,0.0007539999999999,ERIC,33452.0,2019-03-07,252.0,-1.8398%,0.0013,0.8483,0.2794,0.0835,1.8895%,2.0872%,18.0500%,-0.0111349999999999,ERIC,33452.0,2019-03-08,252.0,1.5436%,0.0014,0.8455,0.2902,0.0784,1.8911%,2.0886%,18.0116%,0.017214,ERIC,33452.0,2019-03-11,252.0,1.4115%,0.0014,0.8449,0.2968,0.0825,1.8906%,2.0893%,18.1215%,0.000791,ERIC,-0.0231889999999999,-0.0320439999999999,-0.0412019999999999,-0.0230579999999999,-0.0043499999999999
40027,ERICSSON,Ericsson to Acquire Kathrein's Antenna and Filters Business; Purchase Price Not Disclosed,6,increase,0.7,0.6,"the acquisition of kathrein's antenna and filters business is likely to enhance ericsson's product offerings and market position, which could positively influence investor sentiment and stock price.",2,2019-02-25,ERIC,2019-02-25 08:53:00+00:00,33452.0,29482160,-0.0336841791868209,10568962.0,0.007625238969922,0.0314875096082687,-0.0075675346888601,-0.0010846235090866,-0.011982636526227,0.0131868002936244,0.0154355401173234,-0.026737967506051,0.0043431012891232,0.001070688245818,0.0086486404761672,-0.0021366991568356,-0.0096463188529014,0.0353981964290142,-0.0183982774615287,0.0168728474527597,0.0154355401173234,0.0125285433605313,0.0141151044517755,0.006880672648549,-0.0032119627576321,-0.014689277857542,0.0042964513413608,0.0125858820974826,0.0128342118114233,-0.0113122602924704,0.016895443201065,0.0011325287632644,-0.007268919609487,-0.0089786676689982,0.0094141419976949,-0.0066890097223222,0.0176165886223316,0.0101351523771882,-0.001018256181851,0.016018345952034,-0.0530071817338466,-0.0157658047974109,0.0053821518085896,0.0422534793615341,-0.0042826510034501,0.0070922481827437,-0.0096774352714419,0.0095465304329991,0.0053438199684023,-0.0198830496519804,0.0032787637319415,0.0118343653157353,0.0196077711880207,-0.003537704469636,0.0117522021755576,-0.0011778832413256,0.0126715824007988,0.0035460677463561,-0.0093847913667559,-0.0082062948495149,0.0021053112577646,-0.032879814505577,0.0168067049235105,-0.0392157509922981,-0.0061983903869986,0.0245536006987094,0.0103950500488281,0.0181818008422851,0.003086392302066,0.012658298946917,0.0112820165231823,0.0482508577406406,-0.0202839579433202,-0.0393974669277668,0.0020704409107565,-0.0270574726164341,0.0733471065759658,0.0195402391254901,-0.0269490554928779,0.0259434282779693,0.0019782846793532,-0.0023529950994998,-0.0029614740051329,0.0353227704763412,0.0039603919722139,0.0024420584086328,-0.0226824935525655,-0.0629290863871574,0.0131180742755532,-0.0011428833240643,-0.0029880211222916,-0.013528736308217,-0.0109890718013048,0.0011286940425634,-0.0101009523496031,-0.0133630167692899,-0.0163265150040388,-0.0239130724221468,0.0,0.0032715084962546,-0.0041493736207485,0.0432309582829475,-0.0343749895691871,0.0011389782885089,0.0032362169586122,0.0138568002730608,-0.010752729140222,-0.0159091297537088,0.0119565883651375,0.045130655169487,-0.0279269833117723,-0.0388128012418746,0.0077347727492451,0.0441001020371913,0.0087719215080142,-0.0023780623450875,0.0141304470598697,-0.0047337235882878,0.0042872414924204,0.0242424011230468,0.0213446971029043,-0.0213523488491773,0.01358412951231,0.010791384615004,0.007625238969922,0.0314875096082687,2.0646151455139258e-11,0.0303687340060183,-0.0119826365058282,0.0439560007301502,0.0076252394508935,0.0171306041228889,0.0174291767454992,0.0894495076308745,0.0670526358592797,0.0348583544765928,0.0692572325458726,0.1390887040080093,2019-02-26,2019-02-27,2019-02-28,2019-03-01,2019-03-04,2019-03-05,2019-03-06,2019-03-07,2019-03-08,2019-03-11,33452.0,2019-02-25,252.0,-3.3684%,0.0013,0.8945,0.2729,0.1149,1.8997%,2.1177%,19.5243%,-0.034272,ERIC,33452.0,2019-02-26,252.0,0.7625%,0.0013,0.8792,0.2742,0.1041,1.8956%,2.1068%,19.0467%,0.011083,ERIC,33452.0,2019-02-27,252.0,-0.7568%,0.0012,0.8775,0.2743,0.1038,1.8965%,2.1063%,18.9252%,-0.008855,ERIC,33452.0,2019-02-28,252.0,-1.1983%,0.0013,0.8689,0.268,0.1,1.8935%,2.0986%,18.5944%,-0.009158,ERIC,33452.0,2019-03-01,252.0,1.5436%,0.0014,0.862,0.2578,0.0859,1.8920%,2.0945%,18.3988%,0.008712,ERIC,33452.0,2019-03-04,252.0,0.4343%,0.0014,0.854,0.277,0.0896,1.8903%,2.0896%,18.1655%,0.009432,ERIC,33452.0,2019-03-05,252.0,0.8649%,0.0015,0.852,0.2673,0.0846,1.8912%,2.0890%,18.0362%,0.011084,ERIC,33452.0,2019-03-06,252.0,-0.9646%,0.0014,0.8428,0.2769,0.0755,1.8879%,2.0838%,17.9209%,0.0007539999999999,ERIC,33452.0,2019-03-07,252.0,-1.8398%,0.0013,0.8483,0.2794,0.0835,1.8895%,2.0872%,18.0500%,-0.0111349999999999,ERIC,33452.0,2019-03-08,252.0,1.5436%,0.0014,0.8455,0.2902,0.0784,1.8911%,2.0886%,18.0116%,0.017214,ERIC,33452.0,2019-03-11,252.0,1.4115%,0.0014,0.8449,0.2968,0.0825,1.8906%,2.0893%,18.1215%,0.000791,ERIC,-0.0231889999999999,-0.0320439999999999,-0.0412019999999999,-0.0230579999999999,-0.0043499999999999
40035,EMBRAER S A,Embraer Says it Will Take 'Appropriate Measures' to Overturn a Court Decision Blocking Acquisition Talks with Boeing,6,uncertain,0.6,0.3,"the news indicates legal challenges to a significant acquisition, which could create uncertainty around embraer's future prospects and investor sentiment.",1,2019-02-25,ERJ,2019-02-25 11:42:00+00:00,88392.0,29082A10,-0.0028776722028851,513089.0,0.0129869431257247,0.0082205068320035,-0.0109211560338735,0.0077972635626792,-0.014882355928421,-0.0067763500846922,-0.0136452568694949,-0.0067307399585843,-0.0024703179951757,0.0097086820751428,0.0128776729106903,0.0300000198185443,-0.0234719533473253,-0.0029910004232078,-0.0070104855112731,0.0095620844513177,0.0035299896262586,-0.0094715170562267,0.0100502893328666,0.0070280819199979,-0.0194030497223138,-0.0325400717556476,-0.0040588495321571,-0.0369503758847713,-0.0081507824361324,0.0118315191939473,0.0482794344425201,0.0076299402862787,0.0195982176810503,-0.0145677328109741,-0.010091258212924,0.0157517865300178,-0.0043689394369721,0.0145279010757803,-0.0141394883394241,0.0083007849752902,-0.0514341779053211,-0.0106280781328678,0.0062564616091549,0.0097561348229646,-0.0005180477746762,-0.0120481923222541,-0.0321410484611988,0.0146698886528611,0.0171397794038057,-0.0271170157939195,0.0010532099986448,-0.0353373289108276,0.0163071788847446,-0.0442981719970703,0.0041407826356589,-0.0256410427391529,-0.014948402531445,-0.0021322448737919,0.02197802439332,0.0094705652445554,0.0245775487273931,0.0256070606410503,-0.0014992846408858,-0.0199048463255167,-0.018017953261733,0.0034737265668809,-0.0020387824624776,0.009202498011291,-0.0148109812289476,0.0307136550545692,-0.0082945432513952,-0.0242398027330637,-0.0125457281246781,-0.0056967204436659,0.0164108723402023,0.0311794206500053,0.0088541703298687,0.0063665024936199,0.0216830186545848,0.0009227129048667,-0.0005053172353655,-0.0009091116953641,-0.014661319553852,0.0406812019646167,-0.0118009001016616,-0.0203892737627029,0.0041536823846399,0.0203309841454029,0.0180972274392843,-0.0061090723611414,0.0066022933460772,-0.0314064025878906,0.0095863034948706,0.0050319624133408,-0.0129935145378112,0.0350378677248954,0.0070885769091546,-0.009845245629549,0.0035193411167711,-0.0184077136218547,-0.0240480750799179,0.0182755105197429,-0.0087269032374024,-0.0046641966328024,0.0113931242376565,0.0180437359958887,0.0005120444693602,-0.0245484337210655,0.0015352496411651,-0.0257220081984996,-0.0275932047516107,-0.0207688603550195,0.0010508958948776,0.0080177458003163,-0.0530182868242263,-0.0044345222413539,-0.04933487996459,-0.0026537536177784,0.0314869359135627,0.0281946714967489,0.0282645560801029,0.0232666358351707,0.0247388035058975,-0.0060129999183118,0.0129869431257247,0.0082205068320035,0.0019239546595721,0.0160818678530707,-0.0129870342468827,0.0091965414017902,-0.0288600452338396,0.0121359227090827,-0.0331890582194432,0.0466867635503605,-0.0389611062585221,-0.0977931668281058,-0.1034151717555085,-0.0351643050421025,2019-02-26,2019-02-27,2019-02-28,2019-03-01,2019-03-04,2019-03-05,2019-03-06,2019-03-07,2019-03-08,2019-03-11,88392.0,2019-02-25,252.0,-0.2878%,-0.0009,0.7898,0.4854,0.4784,2.1043%,2.2482%,12.3934%,-0.0020399999999999,ERJ,88392.0,2019-02-26,252.0,1.2987%,-0.0008,0.7816,0.4659,0.4624,2.1075%,2.2475%,12.0704%,0.018836,ERJ,88392.0,2019-02-27,252.0,-1.0921%,-0.0009,0.7818,0.4623,0.4624,2.1087%,2.2482%,12.0242%,-0.012055,ERJ,88392.0,2019-02-28,252.0,-1.4882%,-0.001,0.7897,0.4674,0.4706,2.1086%,2.2499%,12.1623%,-0.011495,ERJ,88392.0,2019-03-01,252.0,-1.3645%,-0.0009,0.7674,0.4342,0.4444,2.1029%,2.2354%,11.5027%,-0.018894,ERJ,88392.0,2019-03-04,252.0,-0.2470%,-0.0009,0.767,0.4334,0.445,2.1029%,2.2352%,11.4817%,0.001434,ERJ,88392.0,2019-03-05,252.0,1.2878%,-0.0008,0.7675,0.4481,0.4389,2.1037%,2.2364%,11.5169%,0.016503,ERJ,88392.0,2019-03-06,252.0,-2.3472%,-0.0008,0.772,0.4704,0.4471,2.1048%,2.2406%,11.7508%,-0.011645,ERJ,88392.0,2019-03-07,252.0,-0.7010%,-0.0007,0.7755,0.4909,0.4575,2.1019%,2.2399%,11.9374%,0.001035,ERJ,88392.0,2019-03-08,252.0,0.3530%,-0.0007,0.7745,0.4923,0.4559,2.1023%,2.2400%,11.9181%,0.005678,ERJ,88392.0,2019-03-11,252.0,1.0050%,-0.0006,0.7753,0.4666,0.4408,2.0950%,2.2338%,12.0376%,-0.000981,ERJ,0.016796,0.0047409999999999,-0.006754,-0.024214,-0.013624
40043,EVERQUOTE INC,"EverQuote Q4 EPS $(0.28) Up From $(0.29) YoY, Sales $39.779M Up From $32.377M YoY",6,increase,0.7,0.6,"the improvement in eps and significant increase in sales year-over-year suggests positive financial performance, which could lead to an increase in stock price.",2,2019-02-25,EVER,2019-02-25 22:01:00+00:00,17880.0,30041R10,0.0219594780355691,62661.0,0.1669421046972275,0.0628366023302078,0.0552407763898372,0.0164233855903148,0.0255033634603023,-0.0266430005431175,-0.0340313799679279,0.0125899594277143,0.0406503677368164,0.0018017570255324,-0.0026041641831398,-0.0106951771304011,-0.0261096358299255,-0.007079639006406,0.0053619253449141,0.0366973020136356,-0.004000028129667,-0.0521739460527896,0.0066934661008417,0.00877196341753,-0.0385638251900672,-0.0017513536149635,0.0304287392646074,0.0344203002750873,0.0053691226057708,0.0222222004085779,-0.0066755292937159,-0.019963726401329,0.0188171863555908,-0.0160713717341423,0.0158311203122139,0.0265811160206794,0.0168831329792738,0.0177238415926694,0.0025542760267853,-0.04456327855587,0.0038216828834265,0.0,-0.0177665408700704,0.0,-0.0284237470477819,-0.0377358123660087,0.0146276773884892,0.0017181703587993,-0.0104849180206656,-0.0168918762356042,-0.0145695535466074,0.0277777500450611,0.0524193346500396,-0.0557376518845558,0.0217113755643367,0.0701754540205001,0.056249976158142,-0.0172414444386959,-0.0177514348179101,0.0211268253624439,0.0012048467760905,0.0197485908865928,-0.0180506091564893,0.058935347944498,-0.0208333432674408,0.0313523635268211,0.0413016192615032,-0.0377170071005821,-0.0084134247153997,0.0860655903816223,0.0218182187527418,0.1065760254859924,0.0023724203929305,-0.0371179208159446,0.0059171826578676,0.0956938043236732,0.0117647508159279,-0.0233645737171173,-0.0069767925888299,0.0166271198540926,-0.0046838363632559,-0.0094117559492588,0.0094117559492588,-0.0070093944668769,0.0174824725836515,-0.0403587073087692,-0.0022908940445631,-0.068893514573574,0.018369672819972,-0.0041580004617571,0.0146561572328209,-0.0020747361704707,-0.0011111365165561,0.0524018034338951,-0.030033316463232,-0.078470803797245,0.0240825731307268,-0.0386847741901874,-0.0089585576206445,-0.1368947774171829,0.0418078936636447,-0.0164204239845275,0.1268980503082275,0.0066115637309849,0.0211741384118795,0.0254237446933984,-0.024505116045475,-0.0620031580328941,0.0338163673877716,0.046588972210884,0.0429906584322452,-0.0082507776096463,-0.0143369045108556,-0.0178282223641872,0.0,0.0032520294189453,0.0427272953093051,-0.0080644702538847,-0.0636443346738815,0.1071428433060646,0.0288640987128019,-0.1358024924993515,0.0090497219935059,0.0800000056624412,0.1669421046972274,0.0628366023302078,0.231404892562693,0.080291977669777,0.262809859104514,0.0515097579219956,0.2694214259717193,0.0666666407034946,0.2429751714136208,0.03859653663969,0.3487602669927665,0.1254752453749512,0.8429750736548847,-0.0133333296443027,2019-02-26,2019-02-27,2019-02-28,2019-03-01,2019-03-04,2019-03-05,2019-03-06,2019-03-07,2019-03-08,2019-03-11,17880.0,2019-02-25,164.0,2.1959%,-0.0049,1.166,0.7191,0.2801,5.2458%,5.4092%,5.9493%,0.022542,EVER,17880.0,2019-02-26,165.0,16.6942%,-0.004,1.119,0.4442,0.1104,5.4102%,5.5562%,5.1837%,0.174234,EVER,17880.0,2019-02-27,166.0,5.5241%,-0.0036,1.1193,0.4728,0.1121,5.4121%,5.5583%,5.1884%,0.053422,EVER,17880.0,2019-02-28,167.0,2.5503%,-0.0034,1.109,0.4739,0.0958,5.4017%,5.5460%,5.1366%,0.0290589999999999,EVER,17880.0,2019-03-01,168.0,-3.4031%,-0.0037,1.0983,0.4515,0.0997,5.3942%,5.5345%,5.0053%,-0.043097,EVER,17880.0,2019-03-04,169.0,4.0650%,-0.0034,1.0916,0.4224,0.1152,5.3925%,5.5284%,4.8561%,0.047689,EVER,17880.0,2019-03-05,170.0,-0.2604%,-0.0033,1.0907,0.4194,0.1128,5.3766%,5.5121%,4.8530%,0.000747,EVER,17880.0,2019-03-06,171.0,-2.6110%,-0.0034,1.0948,0.4416,0.1207,5.3612%,5.4986%,4.9356%,-0.011798,EVER,17880.0,2019-03-07,172.0,0.5362%,-0.0033,1.0826,0.4384,0.1038,5.3473%,5.4829%,4.8853%,0.014957,EVER,17880.0,2019-03-08,173.0,-0.4000%,-0.0033,1.0823,0.4387,0.1034,5.3317%,5.4669%,4.8849%,-0.001751,EVER,17880.0,2019-03-11,174.0,0.6693%,-0.0033,1.0773,0.4341,0.1026,5.3166%,5.4517%,4.8933%,-0.010564,EVER,0.196776,0.250198,0.279257,0.283849,0.27544
40051,EDWARDS LIFESCIENCES CORP,"Citigroup Maintains Sell on Edwards Lifesciences, Raises Price Target to $130",6,decrease,0.7,0.5,"maintaining a 'sell' rating typically indicates a negative outlook, which could lead to a decrease in stock price despite the raised price target.",0,2019-02-25,EW,2019-02-25 15:29:00+00:00,87657.0,28176E10,-0.0119992587715387,1529767.0,-0.0135531416162848,-0.0082212714478373,0.0027359272353351,-0.0155082093551755,0.0041520670056343,-0.0019771005026996,0.0261091236025095,-0.0042186970822513,-0.0143918022513389,0.0094254128634929,0.008001840673387,-0.0006241877563297,-0.0055626765824854,-0.0076580923050642,-0.0038456381298601,0.0246956255286932,-0.0099439173936843,0.0080265514552593,0.0254047214984893,0.0098677985370159,0.0108320172876119,-0.0019345869077369,0.0140788936987519,0.0027629253454506,0.000618293590378,-0.007004827260971,0.0097179850563406,0.0154712544754147,0.061974961310625,-0.0100927194580435,-0.0080150812864303,0.009956101886928,-0.0023764097131788,0.0157717950642108,0.0171509720385074,-0.0131876040250062,-0.0164454262703657,-0.0134786861017346,0.0021693655289709,0.0085106529295444,0.0046462770551443,0.0091250594705343,-0.0143472552299499,-0.0036840878892689,0.0064515671692788,-0.000712608336471,0.0136152114719152,0.0584501475095748,-0.0069513502530753,0.0157686490565538,0.0,-0.0336232781410217,0.0037368773482739,0.0842865109443664,-0.0073934434913098,-0.0216622874140739,-0.0052298228256404,-0.014892641454935,0.0011682928306981,0.0049238386563956,0.0075850416906178,0.0114016477018594,-0.0059486464597284,0.0191665217280387,0.0081025194376707,0.0068585546687245,0.007091857958585,0.0352220349013805,-0.0129362624138593,-0.0373894497752189,0.0061301258392632,-0.0256577190011739,-0.0677556246519088,0.0183498077094554,-0.0012959095183759,0.0026665499899536,0.005697900429368,0.0136494962498545,0.0152016123756766,0.0576758682727813,-0.0179577860981226,-0.0297483410686254,-0.0028694903012365,-0.0291503090411424,-0.0062070088461041,-0.0332574099302291,-0.0101634869351983,-0.0154428025707602,0.0099811013787984,0.0067087681964039,-0.0038621451240032,-0.0319115743041038,0.0186441894620657,-0.0232401937246322,0.0159520357847213,0.00490378215909,0.0081538818776607,-0.000306410016492,-0.0254658926278352,0.0078434059396386,-0.0031402318272739,0.0299598705023527,0.0200820825994014,-0.0374701209366321,-0.0013234269572421,0.038004420697689,-0.0161789506673812,-0.0372613556683063,0.0040410910733044,0.0088266646489501,-0.0091676414012908,-0.004852632060647,-0.0006205958197824,0.0108661903068423,-0.0226939395070076,0.042259894311428,-0.0019639346282929,0.0122503144666552,-0.0045144045725464,0.0300269704312086,-0.0135531416162848,-0.0082212714478373,-0.010854294790222,-0.023601983604234,-0.0067472955438556,-0.0255324206132849,0.0045177435791847,-0.0204973926064659,0.0183055332238537,0.0132745642098865,0.1061370308589952,0.1176546015469646,0.0091527632845602,0.1640350816884479,2019-02-26,2019-02-27,2019-02-28,2019-03-01,2019-03-04,2019-03-05,2019-03-06,2019-03-07,2019-03-08,2019-03-11,87657.0,2019-02-25,252.0,-1.1999%,0.0004,1.0077,-0.0,-1.0643,1.3253%,1.9731%,54.8883%,-0.0155459999999999,EW,87657.0,2019-02-26,252.0,-1.3553%,0.0004,1.0127,0.0173,-1.0518,1.3289%,1.9734%,54.6527%,-0.0155529999999999,EW,87657.0,2019-02-27,252.0,0.2736%,0.0004,1.0147,0.0139,-1.0515,1.3286%,1.9730%,54.6521%,0.000429,EW,87657.0,2019-02-28,252.0,0.4152%,0.0004,1.0148,0.014,-1.0524,1.3288%,1.9716%,54.5753%,0.004566,EW,87657.0,2019-03-01,252.0,2.6109%,0.0005,1.0153,0.0149,-1.058,1.3316%,1.9763%,54.6041%,0.0144629999999999,EW,87657.0,2019-03-04,252.0,-1.4392%,0.0004,1.0186,0.009,-1.06,1.3315%,1.9783%,54.6968%,-0.005016,EW,87657.0,2019-03-05,252.0,0.8002%,0.0004,1.0176,0.0056,-1.0632,1.3322%,1.9775%,54.6143%,0.007127,EW,87657.0,2019-03-06,252.0,-0.5563%,0.0004,1.0144,0.0012,-1.0674,1.3321%,1.9766%,54.5807%,0.003391,EW,87657.0,2019-03-07,252.0,-0.3846%,0.0004,1.012,-0.0098,-1.0737,1.3309%,1.9757%,54.6211%,0.000861,EW,87657.0,2019-03-08,252.0,-0.9944%,0.0004,1.013,-0.0031,-1.0725,1.3318%,1.9769%,54.6126%,-0.009628,EW,87657.0,2019-03-11,252.0,2.5405%,0.0004,1.0153,-0.0055,-1.075,1.3318%,1.9828%,54.8856%,0.004656,EW,-0.0310989999999999,-0.03067,-0.026104,-0.016657,-0.01025
40059,ISHARES INC,Nikke Rises 0.7% at Open Amid Hopes for US-China Trade Deal,6,increase,0.7,0.5,"the rise in the nikkei index suggests positive market sentiment, which could lead to an increase in ishares inc's stock price due to improved investor confidence in global trade relations.",2,2019-02-25,EWJ,2019-02-25 00:02:00+00:00,83225.0,46434G82,0.0056693740189075,6752307.0,0.0034551485441625,0.0021993939299136,-0.0052555440925061,-0.0014640925219282,-0.0096556525677442,0.0010992590105161,0.0029433378949761,0.001651681959629,-0.0031181580852717,0.0128253242000937,0.0009200194035656,-0.0007429590332321,-0.0058823470026254,0.0024204258807003,-0.0118343783542513,0.0176203176379203,-0.0016841345932334,0.0009482123423367,0.0108716376125812,-0.0088346088305115,0.0024105519987642,-0.0139017608016729,0.0038845557719469,-0.0082720723003149,-0.0106873381882906,0.0040605613030493,0.0115478252992034,0.002219736110419,0.0027618801686912,-0.0040530106052756,0.0003672504099085,0.0018456713296473,0.0005506384186446,0.011198179796338,0.0066043040715157,0.0009341127006337,-0.0107526909559965,-0.0072329267859458,0.0005527375615201,0.0108736036345362,0.0110476603731513,0.005845773499459,-0.0034601825755089,-0.0028206380084156,0.000548223266378,-0.0179132260382175,-0.0005479229148477,0.0132859824225306,0.0126096233725547,-0.0020541665144264,-0.0068579870276153,0.0048789326101541,0.0059967623092234,0.0121557340025901,-0.0005418854416348,-0.003595734713599,0.0007228826871141,-0.0115974359214305,-0.0023477922659367,0.0060218232683837,-0.0054309023544192,0.0054872455075383,0.0001820556353777,0.0047528520226478,-0.0030937576666474,0.0024775539059191,0.005111401900649,0.0338916480541229,-0.0001816588483052,-0.0056818360462784,0.0039963889867067,0.0069047603756189,0.0,-0.0017723543569445,0.001447403919883,0.0011829171562567,-0.0036133143585175,0.0133866528049111,0.0056209890171885,0.018933231011033,-0.0122610945254564,-0.0108739612624049,0.0021906306501477,-0.0308353193104267,0.0091074677184224,-0.0052416357211768,0.0039710723794996,-0.0147283943369984,-0.003595842514187,0.0027687831316143,-0.0034283406566828,-0.0079304790124297,0.0003621303185354,-0.011386982165277,0.0128506617620587,-0.0029778494499623,-0.0101858414709568,0.0120549891144037,-0.0182343088090419,-0.0007528875139541,-0.0060684410855174,-0.0076578231528401,-0.0064754574559628,-0.0074156047776341,0.0068901102058589,-0.001480966922827,-0.0225633662194013,-0.0369049683213233,0.0140019245445728,0.0135525837540626,0.0014927787706255,0.0009043088648468,0.0040991473942995,-0.0034246328286826,-0.0037112778518348,0.0131483059376478,-0.005401324480772,-0.0009122979245148,0.0069288187660276,0.013498512096703,0.0034551485441625,0.0021993939299136,-0.0018185542338636,0.0007320812917799,-0.0114566474737501,0.0018321450492524,-0.0116385374568718,0.0163568973517282,-0.0192762556487631,0.0278195410921575,0.0045462805643479,0.0289800718680801,-0.0221858742090674,0.0189365087498025,2019-02-26,2019-02-27,2019-02-28,2019-03-01,2019-03-04,2019-03-05,2019-03-06,2019-03-07,2019-03-08,2019-03-11,83225.0,2019-02-25,252.0,0.5669%,-0.0004,0.7257,0.0289,0.1831,0.5803%,0.9319%,61.2325%,0.004889,EWJ,83225.0,2019-02-26,252.0,0.3455%,-0.0004,0.7219,0.0246,0.1781,0.5808%,0.9274%,60.7874%,0.005306,EWJ,83225.0,2019-02-27,252.0,-0.5256%,-0.0005,0.7194,0.0275,0.1777,0.5807%,0.9241%,60.5121%,-0.0058379999999999,EWJ,83225.0,2019-02-28,252.0,-0.9656%,-0.0005,0.7184,0.0267,0.1786,0.5816%,0.9222%,60.2275%,-0.0070869999999999,EWJ,83225.0,2019-03-01,252.0,0.2943%,-0.0005,0.7184,0.0266,0.179,0.5816%,0.9209%,60.1103%,-0.001683,EWJ,83225.0,2019-03-04,252.0,-0.3118%,-0.0004,0.7088,0.058,0.1816,0.5671%,0.9032%,60.5752%,-6.4e-05,EWJ,83225.0,2019-03-05,252.0,0.0920%,-0.0004,0.7067,0.0439,0.179,0.5657%,0.9002%,60.5122%,0.002651,EWJ,83225.0,2019-03-06,252.0,-0.5882%,-0.0004,0.7079,0.0408,0.1799,0.5654%,0.9004%,60.5650%,0.000446,EWJ,83225.0,2019-03-07,252.0,-1.1834%,-0.0004,0.7094,0.0381,0.1811,0.5659%,0.9024%,60.6700%,-0.0054969999999999,EWJ,83225.0,2019-03-08,252.0,-0.1684%,-0.0004,0.7088,0.0469,0.1797,0.5637%,0.9010%,60.8582%,7.5e-05,EWJ,83225.0,2019-03-11,252.0,1.0872%,-0.0004,0.7093,0.0519,0.1823,0.5630%,0.9028%,61.1192%,0.000986,EWJ,0.010195,0.004357,-0.00273,-0.004477,-0.0058159999999999
40067,ISHARES TRUST,UK Prime Minister May Will Propose Formally Ruling Out A No-Deal Brexit,6,increase,0.7,0.6,"ruling out a no-deal brexit may provide stability and confidence in the market, which could positively impact ishares trust's stock price.",2,2019-02-25,EWU,2019-02-25 22:19:00+00:00,14907.0,46435G33,0.0006161570781841,4649618.0,0.0086206523701548,0.0030901876743882,-0.0012209127889946,-0.0064476230181753,-0.0045843985863029,0.0055572804994881,0.0018422282300889,0.0052761686965823,-0.0024517874699085,0.0132076097652316,0.0055299634113907,0.0,0.0012221484212204,0.002206104574725,-0.0106805702671408,0.0073015727102756,-0.0040097860619425,-0.0059955990873277,0.0086713768541812,-0.0006306701689027,-0.0018422282300889,-0.0043956451117992,0.013841918669641,-0.0037534856237471,0.0033373972401022,0.0088355559855699,0.0105835646390914,0.0028481059707701,0.0053860056214034,0.0034931919071823,0.0020833243615925,0.0060703046619892,-0.0038609225302934,0.0132728992030024,-0.0017889497103169,0.0068448199890553,-0.0155316749587655,-0.0071197189390659,-0.0015169671969488,0.0068425899371504,0.0045579313300549,-0.0042180130258202,0.0027223275974392,0.0071895201690495,-0.0063349287956953,-0.011627865023911,0.002125066705048,0.0091264266520738,0.0133293690159916,0.0082155764102935,0.0056800781749188,-0.0029488909058272,0.0059453258290886,0.0049390718340873,-0.0035460677463561,-0.0065423245541751,0.0023724203929305,0.0003272326139267,0.0017751886043697,0.004272072110325,-0.005611412692815,0.0096217952668666,0.0032670216169208,0.0060080210678279,-0.0011840468505397,0.0,0.0059275915846228,0.0277872886508703,-0.0005892887129448,-0.0061370716430246,-0.0014740341575816,-0.0006814465741626,0.0017715197755023,-0.0010210613254457,-0.0035366616211831,0.013103418983519,0.0011829960858449,-0.0092244772240519,0.0002954840892925,0.0248599797487258,-0.0079740239307284,-0.009021520614624,-0.0035724600311368,-0.0082587674260139,0.0014938522363081,0.0006886553019285,0.0020882964599877,-0.0037735404912382,0.0050609754398465,-0.0021023366134613,-0.0112558435648679,-0.0092930234968662,-0.0011983497533947,-0.0134250735864043,0.0158967841416597,-0.0003272773174103,-0.0082668671384453,0.0173159688711166,-0.0196487009525299,0.0030060170684009,0.0006073628319427,-0.0118811456486582,-0.0021244215313345,-0.0081833060830831,0.0036496024113148,-0.016103059053421,-0.0193939208984375,-0.0214308332651853,0.008961709216237,0.0095449965447187,0.0021439415868371,-0.0078914137557148,0.0055012316443026,-0.0084507185965776,-0.0066869668662548,0.0129993604496121,-0.004590009804815,-0.0078641083091497,0.0055333632044494,0.0163043551146984,0.0086206523701548,0.0030901876743882,0.007389214516432,-0.0033773597089669,0.002770940825546,0.0021611518552708,0.0021551632653993,0.0207547127475142,0.0027709403451618,0.023651845469168,0.0424877166718389,0.0667104416720332,0.0070812649731957,0.0604093347224323,2019-02-26,2019-02-27,2019-02-28,2019-03-01,2019-03-04,2019-03-05,2019-03-06,2019-03-07,2019-03-08,2019-03-11,14907.0,2019-02-25,252.0,0.0616%,-0.0002,0.6559,0.0917,0.2858,0.5770%,0.8641%,55.4125%,0.000283,EWU,14907.0,2019-02-26,252.0,0.8621%,-0.0001,0.654,0.0778,0.2773,0.5813%,0.8641%,54.7481%,0.0111,EWU,14907.0,2019-02-27,252.0,-0.1221%,-0.0001,0.6542,0.0771,0.2773,0.5813%,0.8632%,54.6419%,-0.001725,EWU,14907.0,2019-02-28,252.0,-0.4584%,-0.0001,0.6509,0.0748,0.2754,0.5799%,0.8585%,54.3739%,-0.001978,EWU,14907.0,2019-03-01,252.0,0.1842%,-0.0001,0.6467,0.0684,0.2697,0.5786%,0.8535%,54.0455%,-0.0020499999999999,EWU,14907.0,2019-03-04,252.0,-0.2452%,-0.0001,0.6448,0.0743,0.2702,0.5781%,0.8509%,53.8419%,4.3e-05,EWU,14907.0,2019-03-05,252.0,0.5530%,-0.0001,0.644,0.0726,0.2668,0.5799%,0.8514%,53.6129%,0.007415,EWU,14907.0,2019-03-06,252.0,0.1222%,-0.0,0.6412,0.0571,0.2615,0.5817%,0.8504%,53.2107%,0.007349,EWU,14907.0,2019-03-07,252.0,-1.0681%,-0.0001,0.6428,0.0562,0.2635,0.5823%,0.8525%,53.3443%,-0.00461,EWU,14907.0,2019-03-08,252.0,-0.4010%,-0.0001,0.6431,0.056,0.264,0.5825%,0.8529%,53.3575%,-0.002266,EWU,14907.0,2019-03-11,252.0,0.8671%,-0.0001,0.6432,0.0566,0.2643,0.5825%,0.8546%,53.5443%,0.00017,EWU,0.011383,0.009658,0.0076799999999999,0.0056729999999999,0.0137309999999999
40075,ISHARES TRUST,UK Prime Minister May IS Considering Plan To Postpone Brexit,6,uncertain,0.6,0.3,"the potential postponement of brexit could create uncertainty in the market, leading to mixed reactions from investors regarding ishares trust's stock price.",1,2019-02-25,EWU,2019-02-25 22:03:00+00:00,14907.0,46435G33,0.0006161570781841,4649618.0,0.0086206523701548,0.0030901876743882,-0.0012209127889946,-0.0064476230181753,-0.0045843985863029,0.0055572804994881,0.0018422282300889,0.0052761686965823,-0.0024517874699085,0.0132076097652316,0.0055299634113907,0.0,0.0012221484212204,0.002206104574725,-0.0106805702671408,0.0073015727102756,-0.0040097860619425,-0.0059955990873277,0.0086713768541812,-0.0006306701689027,-0.0018422282300889,-0.0043956451117992,0.013841918669641,-0.0037534856237471,0.0033373972401022,0.0088355559855699,0.0105835646390914,0.0028481059707701,0.0053860056214034,0.0034931919071823,0.0020833243615925,0.0060703046619892,-0.0038609225302934,0.0132728992030024,-0.0017889497103169,0.0068448199890553,-0.0155316749587655,-0.0071197189390659,-0.0015169671969488,0.0068425899371504,0.0045579313300549,-0.0042180130258202,0.0027223275974392,0.0071895201690495,-0.0063349287956953,-0.011627865023911,0.002125066705048,0.0091264266520738,0.0133293690159916,0.0082155764102935,0.0056800781749188,-0.0029488909058272,0.0059453258290886,0.0049390718340873,-0.0035460677463561,-0.0065423245541751,0.0023724203929305,0.0003272326139267,0.0017751886043697,0.004272072110325,-0.005611412692815,0.0096217952668666,0.0032670216169208,0.0060080210678279,-0.0011840468505397,0.0,0.0059275915846228,0.0277872886508703,-0.0005892887129448,-0.0061370716430246,-0.0014740341575816,-0.0006814465741626,0.0017715197755023,-0.0010210613254457,-0.0035366616211831,0.013103418983519,0.0011829960858449,-0.0092244772240519,0.0002954840892925,0.0248599797487258,-0.0079740239307284,-0.009021520614624,-0.0035724600311368,-0.0082587674260139,0.0014938522363081,0.0006886553019285,0.0020882964599877,-0.0037735404912382,0.0050609754398465,-0.0021023366134613,-0.0112558435648679,-0.0092930234968662,-0.0011983497533947,-0.0134250735864043,0.0158967841416597,-0.0003272773174103,-0.0082668671384453,0.0173159688711166,-0.0196487009525299,0.0030060170684009,0.0006073628319427,-0.0118811456486582,-0.0021244215313345,-0.0081833060830831,0.0036496024113148,-0.016103059053421,-0.0193939208984375,-0.0214308332651853,0.008961709216237,0.0095449965447187,0.0021439415868371,-0.0078914137557148,0.0055012316443026,-0.0084507185965776,-0.0066869668662548,0.0129993604496121,-0.004590009804815,-0.0078641083091497,0.0055333632044494,0.0163043551146984,0.0086206523701548,0.0030901876743882,0.007389214516432,-0.0033773597089669,0.002770940825546,0.0021611518552708,0.0021551632653993,0.0207547127475142,0.0027709403451618,0.023651845469168,0.0424877166718389,0.0667104416720332,0.0070812649731957,0.0604093347224323,2019-02-26,2019-02-27,2019-02-28,2019-03-01,2019-03-04,2019-03-05,2019-03-06,2019-03-07,2019-03-08,2019-03-11,14907.0,2019-02-25,252.0,0.0616%,-0.0002,0.6559,0.0917,0.2858,0.5770%,0.8641%,55.4125%,0.000283,EWU,14907.0,2019-02-26,252.0,0.8621%,-0.0001,0.654,0.0778,0.2773,0.5813%,0.8641%,54.7481%,0.0111,EWU,14907.0,2019-02-27,252.0,-0.1221%,-0.0001,0.6542,0.0771,0.2773,0.5813%,0.8632%,54.6419%,-0.001725,EWU,14907.0,2019-02-28,252.0,-0.4584%,-0.0001,0.6509,0.0748,0.2754,0.5799%,0.8585%,54.3739%,-0.001978,EWU,14907.0,2019-03-01,252.0,0.1842%,-0.0001,0.6467,0.0684,0.2697,0.5786%,0.8535%,54.0455%,-0.0020499999999999,EWU,14907.0,2019-03-04,252.0,-0.2452%,-0.0001,0.6448,0.0743,0.2702,0.5781%,0.8509%,53.8419%,4.3e-05,EWU,14907.0,2019-03-05,252.0,0.5530%,-0.0001,0.644,0.0726,0.2668,0.5799%,0.8514%,53.6129%,0.007415,EWU,14907.0,2019-03-06,252.0,0.1222%,-0.0,0.6412,0.0571,0.2615,0.5817%,0.8504%,53.2107%,0.007349,EWU,14907.0,2019-03-07,252.0,-1.0681%,-0.0001,0.6428,0.0562,0.2635,0.5823%,0.8525%,53.3443%,-0.00461,EWU,14907.0,2019-03-08,252.0,-0.4010%,-0.0001,0.6431,0.056,0.264,0.5825%,0.8529%,53.3575%,-0.002266,EWU,14907.0,2019-03-11,252.0,0.8671%,-0.0001,0.6432,0.0566,0.2643,0.5825%,0.8546%,53.5443%,0.00017,EWU,0.011383,0.009658,0.0076799999999999,0.0056729999999999,0.0137309999999999
40083,ISHARES TRUST,"UK Labour Spokesperson Says Exact Form Of Amendment On Second Referendum For Brexit, Timing Is 'Not Yet Clear'",6,uncertain,0.6,0.2,"the news regarding the uk labour spokesperson's comments on a second referendum for brexit introduces uncertainty, which could lead to volatility in the market, affecting ishares trust's stock price unpredictably.",1,2019-02-25,EWU,2019-02-25 19:59:00+00:00,14907.0,46435G33,0.0006161570781841,4649618.0,0.0086206523701548,0.0030901876743882,-0.0012209127889946,-0.0064476230181753,-0.0045843985863029,0.0055572804994881,0.0018422282300889,0.0052761686965823,-0.0024517874699085,0.0132076097652316,0.0055299634113907,0.0,0.0012221484212204,0.002206104574725,-0.0106805702671408,0.0073015727102756,-0.0040097860619425,-0.0059955990873277,0.0086713768541812,-0.0006306701689027,-0.0018422282300889,-0.0043956451117992,0.013841918669641,-0.0037534856237471,0.0033373972401022,0.0088355559855699,0.0105835646390914,0.0028481059707701,0.0053860056214034,0.0034931919071823,0.0020833243615925,0.0060703046619892,-0.0038609225302934,0.0132728992030024,-0.0017889497103169,0.0068448199890553,-0.0155316749587655,-0.0071197189390659,-0.0015169671969488,0.0068425899371504,0.0045579313300549,-0.0042180130258202,0.0027223275974392,0.0071895201690495,-0.0063349287956953,-0.011627865023911,0.002125066705048,0.0091264266520738,0.0133293690159916,0.0082155764102935,0.0056800781749188,-0.0029488909058272,0.0059453258290886,0.0049390718340873,-0.0035460677463561,-0.0065423245541751,0.0023724203929305,0.0003272326139267,0.0017751886043697,0.004272072110325,-0.005611412692815,0.0096217952668666,0.0032670216169208,0.0060080210678279,-0.0011840468505397,0.0,0.0059275915846228,0.0277872886508703,-0.0005892887129448,-0.0061370716430246,-0.0014740341575816,-0.0006814465741626,0.0017715197755023,-0.0010210613254457,-0.0035366616211831,0.013103418983519,0.0011829960858449,-0.0092244772240519,0.0002954840892925,0.0248599797487258,-0.0079740239307284,-0.009021520614624,-0.0035724600311368,-0.0082587674260139,0.0014938522363081,0.0006886553019285,0.0020882964599877,-0.0037735404912382,0.0050609754398465,-0.0021023366134613,-0.0112558435648679,-0.0092930234968662,-0.0011983497533947,-0.0134250735864043,0.0158967841416597,-0.0003272773174103,-0.0082668671384453,0.0173159688711166,-0.0196487009525299,0.0030060170684009,0.0006073628319427,-0.0118811456486582,-0.0021244215313345,-0.0081833060830831,0.0036496024113148,-0.016103059053421,-0.0193939208984375,-0.0214308332651853,0.008961709216237,0.0095449965447187,0.0021439415868371,-0.0078914137557148,0.0055012316443026,-0.0084507185965776,-0.0066869668662548,0.0129993604496121,-0.004590009804815,-0.0078641083091497,0.0055333632044494,0.0163043551146984,0.0086206523701548,0.0030901876743882,0.007389214516432,-0.0033773597089669,0.002770940825546,0.0021611518552708,0.0021551632653993,0.0207547127475142,0.0027709403451618,0.023651845469168,0.0424877166718389,0.0667104416720332,0.0070812649731957,0.0604093347224323,2019-02-26,2019-02-27,2019-02-28,2019-03-01,2019-03-04,2019-03-05,2019-03-06,2019-03-07,2019-03-08,2019-03-11,14907.0,2019-02-25,252.0,0.0616%,-0.0002,0.6559,0.0917,0.2858,0.5770%,0.8641%,55.4125%,0.000283,EWU,14907.0,2019-02-26,252.0,0.8621%,-0.0001,0.654,0.0778,0.2773,0.5813%,0.8641%,54.7481%,0.0111,EWU,14907.0,2019-02-27,252.0,-0.1221%,-0.0001,0.6542,0.0771,0.2773,0.5813%,0.8632%,54.6419%,-0.001725,EWU,14907.0,2019-02-28,252.0,-0.4584%,-0.0001,0.6509,0.0748,0.2754,0.5799%,0.8585%,54.3739%,-0.001978,EWU,14907.0,2019-03-01,252.0,0.1842%,-0.0001,0.6467,0.0684,0.2697,0.5786%,0.8535%,54.0455%,-0.0020499999999999,EWU,14907.0,2019-03-04,252.0,-0.2452%,-0.0001,0.6448,0.0743,0.2702,0.5781%,0.8509%,53.8419%,4.3e-05,EWU,14907.0,2019-03-05,252.0,0.5530%,-0.0001,0.644,0.0726,0.2668,0.5799%,0.8514%,53.6129%,0.007415,EWU,14907.0,2019-03-06,252.0,0.1222%,-0.0,0.6412,0.0571,0.2615,0.5817%,0.8504%,53.2107%,0.007349,EWU,14907.0,2019-03-07,252.0,-1.0681%,-0.0001,0.6428,0.0562,0.2635,0.5823%,0.8525%,53.3443%,-0.00461,EWU,14907.0,2019-03-08,252.0,-0.4010%,-0.0001,0.6431,0.056,0.264,0.5825%,0.8529%,53.3575%,-0.002266,EWU,14907.0,2019-03-11,252.0,0.8671%,-0.0001,0.6432,0.0566,0.2643,0.5825%,0.8546%,53.5443%,0.00017,EWU,0.011383,0.009658,0.0076799999999999,0.0056729999999999,0.0137309999999999
40091,ISHARES TRUST,Statement From UK Opposition Labour Party Shows Support For Second Brexit Referendum,6,uncertain,0.6,0.3,"the support for a second brexit referendum could create volatility in the market, leading to uncertainty about future economic conditions, which may affect ishares trust's stock price unpredictably.",1,2019-02-25,EWU,2019-02-25 18:32:00+00:00,14907.0,46435G33,0.0006161570781841,4649618.0,0.0086206523701548,0.0030901876743882,-0.0012209127889946,-0.0064476230181753,-0.0045843985863029,0.0055572804994881,0.0018422282300889,0.0052761686965823,-0.0024517874699085,0.0132076097652316,0.0055299634113907,0.0,0.0012221484212204,0.002206104574725,-0.0106805702671408,0.0073015727102756,-0.0040097860619425,-0.0059955990873277,0.0086713768541812,-0.0006306701689027,-0.0018422282300889,-0.0043956451117992,0.013841918669641,-0.0037534856237471,0.0033373972401022,0.0088355559855699,0.0105835646390914,0.0028481059707701,0.0053860056214034,0.0034931919071823,0.0020833243615925,0.0060703046619892,-0.0038609225302934,0.0132728992030024,-0.0017889497103169,0.0068448199890553,-0.0155316749587655,-0.0071197189390659,-0.0015169671969488,0.0068425899371504,0.0045579313300549,-0.0042180130258202,0.0027223275974392,0.0071895201690495,-0.0063349287956953,-0.011627865023911,0.002125066705048,0.0091264266520738,0.0133293690159916,0.0082155764102935,0.0056800781749188,-0.0029488909058272,0.0059453258290886,0.0049390718340873,-0.0035460677463561,-0.0065423245541751,0.0023724203929305,0.0003272326139267,0.0017751886043697,0.004272072110325,-0.005611412692815,0.0096217952668666,0.0032670216169208,0.0060080210678279,-0.0011840468505397,0.0,0.0059275915846228,0.0277872886508703,-0.0005892887129448,-0.0061370716430246,-0.0014740341575816,-0.0006814465741626,0.0017715197755023,-0.0010210613254457,-0.0035366616211831,0.013103418983519,0.0011829960858449,-0.0092244772240519,0.0002954840892925,0.0248599797487258,-0.0079740239307284,-0.009021520614624,-0.0035724600311368,-0.0082587674260139,0.0014938522363081,0.0006886553019285,0.0020882964599877,-0.0037735404912382,0.0050609754398465,-0.0021023366134613,-0.0112558435648679,-0.0092930234968662,-0.0011983497533947,-0.0134250735864043,0.0158967841416597,-0.0003272773174103,-0.0082668671384453,0.0173159688711166,-0.0196487009525299,0.0030060170684009,0.0006073628319427,-0.0118811456486582,-0.0021244215313345,-0.0081833060830831,0.0036496024113148,-0.016103059053421,-0.0193939208984375,-0.0214308332651853,0.008961709216237,0.0095449965447187,0.0021439415868371,-0.0078914137557148,0.0055012316443026,-0.0084507185965776,-0.0066869668662548,0.0129993604496121,-0.004590009804815,-0.0078641083091497,0.0055333632044494,0.0163043551146984,0.0086206523701548,0.0030901876743882,0.007389214516432,-0.0033773597089669,0.002770940825546,0.0021611518552708,0.0021551632653993,0.0207547127475142,0.0027709403451618,0.023651845469168,0.0424877166718389,0.0667104416720332,0.0070812649731957,0.0604093347224323,2019-02-26,2019-02-27,2019-02-28,2019-03-01,2019-03-04,2019-03-05,2019-03-06,2019-03-07,2019-03-08,2019-03-11,14907.0,2019-02-25,252.0,0.0616%,-0.0002,0.6559,0.0917,0.2858,0.5770%,0.8641%,55.4125%,0.000283,EWU,14907.0,2019-02-26,252.0,0.8621%,-0.0001,0.654,0.0778,0.2773,0.5813%,0.8641%,54.7481%,0.0111,EWU,14907.0,2019-02-27,252.0,-0.1221%,-0.0001,0.6542,0.0771,0.2773,0.5813%,0.8632%,54.6419%,-0.001725,EWU,14907.0,2019-02-28,252.0,-0.4584%,-0.0001,0.6509,0.0748,0.2754,0.5799%,0.8585%,54.3739%,-0.001978,EWU,14907.0,2019-03-01,252.0,0.1842%,-0.0001,0.6467,0.0684,0.2697,0.5786%,0.8535%,54.0455%,-0.0020499999999999,EWU,14907.0,2019-03-04,252.0,-0.2452%,-0.0001,0.6448,0.0743,0.2702,0.5781%,0.8509%,53.8419%,4.3e-05,EWU,14907.0,2019-03-05,252.0,0.5530%,-0.0001,0.644,0.0726,0.2668,0.5799%,0.8514%,53.6129%,0.007415,EWU,14907.0,2019-03-06,252.0,0.1222%,-0.0,0.6412,0.0571,0.2615,0.5817%,0.8504%,53.2107%,0.007349,EWU,14907.0,2019-03-07,252.0,-1.0681%,-0.0001,0.6428,0.0562,0.2635,0.5823%,0.8525%,53.3443%,-0.00461,EWU,14907.0,2019-03-08,252.0,-0.4010%,-0.0001,0.6431,0.056,0.264,0.5825%,0.8529%,53.3575%,-0.002266,EWU,14907.0,2019-03-11,252.0,0.8671%,-0.0001,0.6432,0.0566,0.2643,0.5825%,0.8546%,53.5443%,0.00017,EWU,0.011383,0.009658,0.0076799999999999,0.0056729999999999,0.0137309999999999
40099,ISHARES TRUST,"UK Minister Says If Prime Minister Theresa May Does Not Receive Brexit Deal Approval By Mar. 13, 2019, Ministers, Lawmakers Will Force Her To Extend Article 50",6,uncertain,0.6,0.2,"the news indicates potential political instability and uncertainty regarding brexit, which could lead to volatility in the market, making the impact on ishares trust's stock price unclear.",1,2019-02-25,EWU,2019-02-25 17:02:00+00:00,14907.0,46435G33,0.0006161570781841,4649618.0,0.0086206523701548,0.0030901876743882,-0.0012209127889946,-0.0064476230181753,-0.0045843985863029,0.0055572804994881,0.0018422282300889,0.0052761686965823,-0.0024517874699085,0.0132076097652316,0.0055299634113907,0.0,0.0012221484212204,0.002206104574725,-0.0106805702671408,0.0073015727102756,-0.0040097860619425,-0.0059955990873277,0.0086713768541812,-0.0006306701689027,-0.0018422282300889,-0.0043956451117992,0.013841918669641,-0.0037534856237471,0.0033373972401022,0.0088355559855699,0.0105835646390914,0.0028481059707701,0.0053860056214034,0.0034931919071823,0.0020833243615925,0.0060703046619892,-0.0038609225302934,0.0132728992030024,-0.0017889497103169,0.0068448199890553,-0.0155316749587655,-0.0071197189390659,-0.0015169671969488,0.0068425899371504,0.0045579313300549,-0.0042180130258202,0.0027223275974392,0.0071895201690495,-0.0063349287956953,-0.011627865023911,0.002125066705048,0.0091264266520738,0.0133293690159916,0.0082155764102935,0.0056800781749188,-0.0029488909058272,0.0059453258290886,0.0049390718340873,-0.0035460677463561,-0.0065423245541751,0.0023724203929305,0.0003272326139267,0.0017751886043697,0.004272072110325,-0.005611412692815,0.0096217952668666,0.0032670216169208,0.0060080210678279,-0.0011840468505397,0.0,0.0059275915846228,0.0277872886508703,-0.0005892887129448,-0.0061370716430246,-0.0014740341575816,-0.0006814465741626,0.0017715197755023,-0.0010210613254457,-0.0035366616211831,0.013103418983519,0.0011829960858449,-0.0092244772240519,0.0002954840892925,0.0248599797487258,-0.0079740239307284,-0.009021520614624,-0.0035724600311368,-0.0082587674260139,0.0014938522363081,0.0006886553019285,0.0020882964599877,-0.0037735404912382,0.0050609754398465,-0.0021023366134613,-0.0112558435648679,-0.0092930234968662,-0.0011983497533947,-0.0134250735864043,0.0158967841416597,-0.0003272773174103,-0.0082668671384453,0.0173159688711166,-0.0196487009525299,0.0030060170684009,0.0006073628319427,-0.0118811456486582,-0.0021244215313345,-0.0081833060830831,0.0036496024113148,-0.016103059053421,-0.0193939208984375,-0.0214308332651853,0.008961709216237,0.0095449965447187,0.0021439415868371,-0.0078914137557148,0.0055012316443026,-0.0084507185965776,-0.0066869668662548,0.0129993604496121,-0.004590009804815,-0.0078641083091497,0.0055333632044494,0.0163043551146984,0.0086206523701548,0.0030901876743882,0.007389214516432,-0.0033773597089669,0.002770940825546,0.0021611518552708,0.0021551632653993,0.0207547127475142,0.0027709403451618,0.023651845469168,0.0424877166718389,0.0667104416720332,0.0070812649731957,0.0604093347224323,2019-02-26,2019-02-27,2019-02-28,2019-03-01,2019-03-04,2019-03-05,2019-03-06,2019-03-07,2019-03-08,2019-03-11,14907.0,2019-02-25,252.0,0.0616%,-0.0002,0.6559,0.0917,0.2858,0.5770%,0.8641%,55.4125%,0.000283,EWU,14907.0,2019-02-26,252.0,0.8621%,-0.0001,0.654,0.0778,0.2773,0.5813%,0.8641%,54.7481%,0.0111,EWU,14907.0,2019-02-27,252.0,-0.1221%,-0.0001,0.6542,0.0771,0.2773,0.5813%,0.8632%,54.6419%,-0.001725,EWU,14907.0,2019-02-28,252.0,-0.4584%,-0.0001,0.6509,0.0748,0.2754,0.5799%,0.8585%,54.3739%,-0.001978,EWU,14907.0,2019-03-01,252.0,0.1842%,-0.0001,0.6467,0.0684,0.2697,0.5786%,0.8535%,54.0455%,-0.0020499999999999,EWU,14907.0,2019-03-04,252.0,-0.2452%,-0.0001,0.6448,0.0743,0.2702,0.5781%,0.8509%,53.8419%,4.3e-05,EWU,14907.0,2019-03-05,252.0,0.5530%,-0.0001,0.644,0.0726,0.2668,0.5799%,0.8514%,53.6129%,0.007415,EWU,14907.0,2019-03-06,252.0,0.1222%,-0.0,0.6412,0.0571,0.2615,0.5817%,0.8504%,53.2107%,0.007349,EWU,14907.0,2019-03-07,252.0,-1.0681%,-0.0001,0.6428,0.0562,0.2635,0.5823%,0.8525%,53.3443%,-0.00461,EWU,14907.0,2019-03-08,252.0,-0.4010%,-0.0001,0.6431,0.056,0.264,0.5825%,0.8529%,53.3575%,-0.002266,EWU,14907.0,2019-03-11,252.0,0.8671%,-0.0001,0.6432,0.0566,0.2643,0.5825%,0.8546%,53.5443%,0.00017,EWU,0.011383,0.009658,0.0076799999999999,0.0056729999999999,0.0137309999999999
40107,ISHARES INC,Mexican Economy Minister Says Has Reached Prelim. Deal For 15% Steel Tariffs OVer 6 Months With Countries It Does Not Have Free Trade Deals With,6,decrease,0.7,0.6,"the announcement of new steel tariffs could negatively impact companies in the steel industry and related sectors, potentially leading to a decrease in ishares inc's stock price.",0,2019-02-25,EWW,2019-02-25 17:32:00+00:00,83223.0,46428682,0.0026875459589064,5527023.0,-0.0058075077831745,0.0108671812340617,-0.0094360411167144,0.0059211640618741,-0.0120208384469151,-0.0011373802553862,-0.0061983573250472,0.0038821229245513,-0.0053129945881664,0.0099169807508587,-0.0046446993947029,0.0171240791678428,-0.0118992561474442,-0.0306957364082336,-0.0136953489854931,0.0011381569784134,0.0047881435602903,-0.0112536577507853,0.0114367296919226,-0.0126666594296693,0.0025912981946021,-0.0050851101987063,0.0025845111813396,-0.0076788566075265,-0.0030465726740658,0.01086719147861,0.0145744923502206,0.0053512081503868,0.0169137977063655,-0.0033333671744912,-0.0015948894433677,0.0087424209341406,0.0255590807646513,-0.0044633061625063,0.0028927696403115,0.0044833165593445,-0.0392722524702549,-0.0044633061625063,0.0143186822533607,0.0044833165593445,0.0013661514967679,-0.0015666896943002,-0.0111413793638348,0.0076680234633386,-0.0020694446284323,-0.0161970164626836,0.0043778484687209,-0.0004435674927663,0.0227116700261831,-0.0026542565319687,-0.0094213094562292,0.0109570184722542,0.0015851380303502,0.0056217671371996,0.0156002407893538,0.0047447560355067,0.0249332766979932,-0.0042745205573737,0.0154213523492217,0.002254843013361,-0.0038502740208059,0.011171861551702,0.0008589416975155,0.0164542067795991,-0.005792757961899,0.0117233293130993,0.0036684973165392,0.0205790996551513,-0.0051601347513496,-0.0125236008316278,0.0079965190961956,0.0276833269745111,0.0115780644118785,0.0009723120019771,-0.0010597548680379,0.0024366099387407,-0.0012731036404147,0.0009756321087479,-0.0091353366151452,0.0098522547632455,-0.0102915856987237,0.004453248810023,0.0054159443825483,-0.0141463857144117,0.00237019197084,0.0219342242926359,-0.0064488225616514,0.0032507439609616,-0.0015144892968237,0.017695078626275,-0.0099675599485635,-0.0151477679610252,-0.0052527440711855,-0.0022299343254417,0.0121011929586529,-0.0078662661835551,-0.006521722767502,0.0149700213223695,-0.0161925964057445,-0.0022403867915272,-0.011788229458034,-0.0105911409482359,-0.0065271416679024,-0.0004923795931972,0.0101948520168662,0.0183003153651952,-0.0148015217855572,-0.0167611613869667,0.0118370233103632,0.0059508518315851,0.0017997303511947,-0.0100638149306178,-0.0013473514700308,0.0159601811319589,-0.0053969342261552,0.0445428267121315,0.0090436702594161,0.0166843514889478,-0.0011203055037185,-0.04934548959136,-0.0058075077831745,0.0108671812340617,-0.0151887490176613,0.0168526916589129,-0.0270270059664243,0.0156961434847837,-0.0381951987128815,0.0297509430946194,-0.051820406950935,-0.0077777445658809,0.0442260349914369,0.0067644430303979,-0.0042438817737106,0.1345697116213977,2019-02-26,2019-02-27,2019-02-28,2019-03-01,2019-03-04,2019-03-05,2019-03-06,2019-03-07,2019-03-08,2019-03-11,83223.0,2019-02-25,252.0,0.2688%,-0.0006,0.5971,0.1228,0.0546,1.4314%,1.5618%,15.9991%,0.002093,EWW,83223.0,2019-02-26,252.0,-0.5808%,-0.0005,0.604,0.1209,0.0588,1.4301%,1.5621%,16.1910%,-0.003986,EWW,83223.0,2019-02-27,252.0,-0.9436%,-0.0005,0.6075,0.1118,0.0593,1.4304%,1.5631%,16.2570%,-0.010239,EWW,83223.0,2019-02-28,252.0,-1.2021%,-0.0005,0.6025,0.1081,0.058,1.4294%,1.5594%,15.9770%,-0.010112,EWW,83223.0,2019-03-01,252.0,-0.6198%,-0.0005,0.5974,0.1005,0.0547,1.4305%,1.5579%,15.6866%,-0.010708,EWW,83223.0,2019-03-04,252.0,-0.5313%,-0.0006,0.6032,0.0827,0.0529,1.4285%,1.5578%,15.9078%,-0.002108,EWW,83223.0,2019-03-05,252.0,-0.4645%,-0.0006,0.6049,0.0943,0.0552,1.4282%,1.5580%,15.9724%,-0.003326,EWW,83223.0,2019-03-06,252.0,-1.1899%,-0.0006,0.6083,0.1038,0.0603,1.4284%,1.5595%,16.1025%,-0.005742,EWW,83223.0,2019-03-07,252.0,-1.3695%,-0.0006,0.6108,0.1006,0.0628,1.4290%,1.5610%,16.1961%,-0.008525,EWW,83223.0,2019-03-08,252.0,0.4788%,-0.0006,0.6097,0.1039,0.0609,1.4295%,1.5613%,16.1688%,0.006098,EWW,83223.0,2019-03-11,252.0,1.1437%,-0.0007,0.6106,0.1204,0.0698,1.4258%,1.5590%,16.3548%,0.002204,EWW,-0.0018929999999999,-0.012132,-0.022244,-0.03506,-0.044351
40115,ISHARES INC,"Hearing Mexico To Propose 25-30% Tariff On Textiles, 15% Tariff On Steel",6,decrease,0.7,0.6,"the proposed tariffs on textiles and steel could increase costs for companies in these sectors, potentially leading to lower profit margins and negatively impacting ishares inc's stock price.",0,2019-02-25,EWW,2019-02-25 17:27:00+00:00,83223.0,46428682,0.0026875459589064,5527023.0,-0.0058075077831745,0.0108671812340617,-0.0094360411167144,0.0059211640618741,-0.0120208384469151,-0.0011373802553862,-0.0061983573250472,0.0038821229245513,-0.0053129945881664,0.0099169807508587,-0.0046446993947029,0.0171240791678428,-0.0118992561474442,-0.0306957364082336,-0.0136953489854931,0.0011381569784134,0.0047881435602903,-0.0112536577507853,0.0114367296919226,-0.0126666594296693,0.0025912981946021,-0.0050851101987063,0.0025845111813396,-0.0076788566075265,-0.0030465726740658,0.01086719147861,0.0145744923502206,0.0053512081503868,0.0169137977063655,-0.0033333671744912,-0.0015948894433677,0.0087424209341406,0.0255590807646513,-0.0044633061625063,0.0028927696403115,0.0044833165593445,-0.0392722524702549,-0.0044633061625063,0.0143186822533607,0.0044833165593445,0.0013661514967679,-0.0015666896943002,-0.0111413793638348,0.0076680234633386,-0.0020694446284323,-0.0161970164626836,0.0043778484687209,-0.0004435674927663,0.0227116700261831,-0.0026542565319687,-0.0094213094562292,0.0109570184722542,0.0015851380303502,0.0056217671371996,0.0156002407893538,0.0047447560355067,0.0249332766979932,-0.0042745205573737,0.0154213523492217,0.002254843013361,-0.0038502740208059,0.011171861551702,0.0008589416975155,0.0164542067795991,-0.005792757961899,0.0117233293130993,0.0036684973165392,0.0205790996551513,-0.0051601347513496,-0.0125236008316278,0.0079965190961956,0.0276833269745111,0.0115780644118785,0.0009723120019771,-0.0010597548680379,0.0024366099387407,-0.0012731036404147,0.0009756321087479,-0.0091353366151452,0.0098522547632455,-0.0102915856987237,0.004453248810023,0.0054159443825483,-0.0141463857144117,0.00237019197084,0.0219342242926359,-0.0064488225616514,0.0032507439609616,-0.0015144892968237,0.017695078626275,-0.0099675599485635,-0.0151477679610252,-0.0052527440711855,-0.0022299343254417,0.0121011929586529,-0.0078662661835551,-0.006521722767502,0.0149700213223695,-0.0161925964057445,-0.0022403867915272,-0.011788229458034,-0.0105911409482359,-0.0065271416679024,-0.0004923795931972,0.0101948520168662,0.0183003153651952,-0.0148015217855572,-0.0167611613869667,0.0118370233103632,0.0059508518315851,0.0017997303511947,-0.0100638149306178,-0.0013473514700308,0.0159601811319589,-0.0053969342261552,0.0445428267121315,0.0090436702594161,0.0166843514889478,-0.0011203055037185,-0.04934548959136,-0.0058075077831745,0.0108671812340617,-0.0151887490176613,0.0168526916589129,-0.0270270059664243,0.0156961434847837,-0.0381951987128815,0.0297509430946194,-0.051820406950935,-0.0077777445658809,0.0442260349914369,0.0067644430303979,-0.0042438817737106,0.1345697116213977,2019-02-26,2019-02-27,2019-02-28,2019-03-01,2019-03-04,2019-03-05,2019-03-06,2019-03-07,2019-03-08,2019-03-11,83223.0,2019-02-25,252.0,0.2688%,-0.0006,0.5971,0.1228,0.0546,1.4314%,1.5618%,15.9991%,0.002093,EWW,83223.0,2019-02-26,252.0,-0.5808%,-0.0005,0.604,0.1209,0.0588,1.4301%,1.5621%,16.1910%,-0.003986,EWW,83223.0,2019-02-27,252.0,-0.9436%,-0.0005,0.6075,0.1118,0.0593,1.4304%,1.5631%,16.2570%,-0.010239,EWW,83223.0,2019-02-28,252.0,-1.2021%,-0.0005,0.6025,0.1081,0.058,1.4294%,1.5594%,15.9770%,-0.010112,EWW,83223.0,2019-03-01,252.0,-0.6198%,-0.0005,0.5974,0.1005,0.0547,1.4305%,1.5579%,15.6866%,-0.010708,EWW,83223.0,2019-03-04,252.0,-0.5313%,-0.0006,0.6032,0.0827,0.0529,1.4285%,1.5578%,15.9078%,-0.002108,EWW,83223.0,2019-03-05,252.0,-0.4645%,-0.0006,0.6049,0.0943,0.0552,1.4282%,1.5580%,15.9724%,-0.003326,EWW,83223.0,2019-03-06,252.0,-1.1899%,-0.0006,0.6083,0.1038,0.0603,1.4284%,1.5595%,16.1025%,-0.005742,EWW,83223.0,2019-03-07,252.0,-1.3695%,-0.0006,0.6108,0.1006,0.0628,1.4290%,1.5610%,16.1961%,-0.008525,EWW,83223.0,2019-03-08,252.0,0.4788%,-0.0006,0.6097,0.1039,0.0609,1.4295%,1.5613%,16.1688%,0.006098,EWW,83223.0,2019-03-11,252.0,1.1437%,-0.0007,0.6106,0.1204,0.0698,1.4258%,1.5590%,16.3548%,0.002204,EWW,-0.0018929999999999,-0.012132,-0.022244,-0.03506,-0.044351
40123,ISHARES INC,"Trump, N. Korea's Kim to have Dinner on Wednesday",6,uncertain,0.5,0.5,"the dinner between trump and kim could lead to positive diplomatic developments or increased tensions, making the impact on ishares inc's stock price unpredictable.",1,2019-02-25,EWY,2019-02-25 09:55:00+00:00,88214.0,46428677,0.0032568094320595,3825721.0,-0.0029371222481131,0.0095507195219397,-0.002325605135411,-0.0046750702895224,-0.0214451793581247,0.008169624954462,0.0012704146793112,0.0037849184591323,-0.0079302145168185,-0.0022029802203178,-0.0023980450350791,0.0061747846193611,-0.0043269302695989,-0.0056675160303711,-0.0167391095310449,0.0122709237039089,-0.0065477415919303,0.0012765571009367,0.0098863458260893,-0.0124488016590476,0.0057105314917862,-0.0182549562305212,-0.0064892554655671,-0.0091967890039086,-0.0063684387132525,0.0154085271060466,0.0190632678568363,0.0032791860867291,0.0029027627315372,-0.0105068031698465,-0.0022511559072881,-0.0067526460625231,0.0045125316828489,0.0300348624587059,0.0088239889591932,0.0054036895744502,-0.0263994876295328,-0.008509311825037,0.0004900160129182,0.0286918543279171,-0.0035918566863983,0.0119750583544373,-0.0109781781211495,0.0138033926486969,0.0053015192970633,-0.0214808732271194,0.0044495789334177,0.0052347406744956,0.019688282161951,0.0018026976613327,-0.0024135401472449,0.016830563545227,0.0187096744775772,0.0141963865607976,0.0018999197054654,-0.0113617433235049,0.0023704413324594,-0.0008347754483111,-0.0063061881810426,0.0040228241123259,-0.0001586279831826,0.0254382863640785,0.0074579692445695,-0.0112168565392494,-0.0066152461804449,0.0037530062254518,0.0139527674764394,0.0316789746284484,-0.000938254466746,-0.0215257443487644,0.0042260801419615,-0.013421693816781,0.002182035241276,-0.0052391001954674,-0.0157076530158519,0.0083503387868404,-0.0048981099389493,0.0020491620525717,0.0038107603322714,0.0186119265854358,-0.0257829967886209,-0.0077666025608778,-0.0053580421954393,-0.0053219120018184,-0.0021220578346401,0.0088326688855886,0.0153770428150892,-0.0114706074818968,-0.0095053995028138,0.0138707216829061,-0.0078074098564684,-0.0056199221871793,0.0068852161057293,-0.0185525752604007,0.0003256342897657,-0.0023344904184341,-0.0174153596162796,0.0173028074204921,-0.0177240297198295,-0.0015243927482515,0.0023608666379004,0.0010173172922804,-0.0316284857690334,-0.0217283349484205,0.0033008793834596,-0.0077353096567094,-0.0370562672615051,-0.0247191153466701,0.0154648553580045,0.0277136322110891,0.0051354188472032,-0.0101241460070014,-0.0139182014390826,-0.0100226141512394,-0.0125067131593823,0.021466301754117,-0.0036186133511364,0.0054790275171399,0.0128926653414964,0.0276403166353702,-0.0029371222481131,0.0095507195219397,-0.0052558967969406,0.0048309989473367,-0.0265883625055671,0.0130400913513539,-0.0330808959629755,0.0146342113792217,-0.0525583768026496,0.0160731840902337,-0.0256608988016499,0.0807912066030467,-0.137733856420862,0.1150315987144754,2019-02-26,2019-02-27,2019-02-28,2019-03-01,2019-03-04,2019-03-05,2019-03-06,2019-03-07,2019-03-08,2019-03-11,88214.0,2019-02-25,252.0,0.3257%,-0.0005,0.9278,-0.0848,0.0401,1.0056%,1.3974%,48.2181%,0.00162,EWY,88214.0,2019-02-26,252.0,-0.2937%,-0.0006,0.9237,-0.0789,0.04,1.0045%,1.3908%,47.8291%,-0.001963,EWY,88214.0,2019-02-27,252.0,-0.2326%,-0.0006,0.9232,-0.0786,0.0399,1.0046%,1.3888%,47.6738%,-0.003059,EWY,88214.0,2019-02-28,252.0,-2.1445%,-0.0006,0.9185,-0.0825,0.0407,1.0062%,1.3847%,47.1944%,-0.018568,EWY,88214.0,2019-03-01,252.0,0.1270%,-0.0006,0.9158,-0.0864,0.0387,1.0065%,1.3824%,46.9913%,-0.00503,EWY,88214.0,2019-03-04,252.0,-0.7930%,-0.0006,0.9196,-0.0961,0.0371,1.0056%,1.3829%,47.1195%,-0.003754,EWY,88214.0,2019-03-05,252.0,-0.2398%,-0.0007,0.9189,-0.102,0.0368,1.0054%,1.3819%,47.0700%,-0.001133,EWY,88214.0,2019-03-06,252.0,-0.4327%,-0.0006,0.9255,-0.1141,0.0426,1.0013%,1.3818%,47.4940%,0.002002,EWY,88214.0,2019-03-07,252.0,-1.6739%,-0.0008,0.9214,-0.1519,0.0264,0.9803%,1.3670%,48.5793%,-0.009179,EWY,88214.0,2019-03-08,252.0,-0.6548%,-0.0008,0.9218,-0.1507,0.027,0.9805%,1.3675%,48.5864%,-0.00449,EWY,88214.0,2019-03-11,252.0,0.9886%,-0.0008,0.9207,-0.1579,0.0234,0.9798%,1.3690%,48.7786%,-0.003255,EWY,-0.0003429999999999,-0.0034019999999999,-0.02197,-0.030754,-0.046809
40131,ENDEAVOUR SILVER CORP,"Endeavor Silver FY18 EPS $(0.10) vs $0.08 Est., Sales $150.51M vs $149.93M Est.",6,decrease,0.7,0.6,"the company reported a loss per share that was worse than expected, which is likely to negatively impact investor sentiment despite slightly beating sales estimates.",0,2019-02-25,EXK,2019-02-25 11:52:00+00:00,91689.0,29258Y10,0.0159999839961528,1400348.0,0.062992163002491,0.0121457371860742,-0.0333333909511566,-0.0080321207642555,-0.0153256561607122,0.0121951103210449,-0.0544746592640876,0.0649351105093956,-0.0123456669971346,0.0358744040131568,0.0541666112840175,0.0182648226618766,0.023715391755104,-0.0135135008022189,-0.0270270016044378,-0.0220264103263616,0.0873015969991684,0.0133928442373871,-0.0255474206060171,0.0135746477171778,0.0112359439954161,-0.026431692764163,0.0,0.0,-0.044444490224123,0.0,0.0077519309706985,0.0133928442373871,-0.0115384506061673,0.0090089999139308,0.0428016111254692,0.0277777500450611,0.0111940186470747,0.0188680198043584,0.0332102999091148,0.0495049022138118,-0.0107142757624387,-0.0194174572825431,0.0180505253374576,0.0564102008938789,-0.007092191837728,-0.0101522747427225,-0.0392856784164905,-0.0149999856948852,-0.0594795830547809,0.0256409998983144,-0.0039525656029582,-0.0346534326672554,-0.0396825037896633,0.0,-0.0041322275064885,-0.0288461279124021,0.0,-0.0502283684909343,0.0331949889659881,-0.0045454502105712,0.0,-0.0134529015049338,0.016064241528511,-0.0176211278885603,0.011857695877552,0.0133928442373871,-0.0234374776482582,0.0181818008422851,-0.0720000267028808,-0.0308369752019643,-0.0086206812411546,0.0,0.0260869320482015,0.031818151473999,-0.0423728413879871,0.0232557915151119,0.0044247745536267,0.0,-0.0308369752019643,0.0141510432586073,-0.0409091599285602,0.0143540538847446,-0.0094786640256643,0.0195121765136718,0.0382775925099849,0.0199004784226417,-0.0138248708099126,-0.0336538143455982,0.0514018163084983,0.0666666030883789,-0.0355555228888988,-0.093023270368576,0.0138248708099126,0.0287082213908433,-0.031818151473999,0.0398009568452835,-0.0187794361263513,0.0049999952316284,0.0191388521343469,-0.0521326549351215,-0.042253591120243,0.1105262711644173,0.01960782520473,-0.005235597025603,-0.0576922558248043,-0.0304568838328123,-0.0357143133878707,0.0706521719694137,-0.0158730000257492,-0.0054053999483585,0.0537634529173374,-0.0263157654553651,-0.0510204210877418,0.0270270016044378,-0.0053763389587402,-0.031413584947586,-0.0270270649343729,0.0268816947937011,0.0055555505678057,0.027624350041151,-0.0055248569697141,-0.0109290163964033,-0.0111111011356115,-0.0518134236335754,0.062992163002491,0.0121457371860742,0.0275590296551133,0.0040160603939691,0.0118110132817839,0.0162601470145744,-0.0551180595237915,0.1210762256016622,0.0511811430970017,0.1312217028403488,-0.0039370074918403,0.1013215974698058,-0.2992126052042333,0.2953368300004424,2019-02-26,2019-02-27,2019-02-28,2019-03-01,2019-03-04,2019-03-05,2019-03-06,2019-03-07,2019-03-08,2019-03-11,91689.0,2019-02-25,252.0,1.6000%,0.001,0.2981,1.6737,0.7623,2.9502%,3.0735%,7.8617%,0.021211,EXK,91689.0,2019-02-26,252.0,6.2992%,0.0012,0.2679,1.598,0.7012,2.9841%,3.0952%,7.0521%,0.076597,EXK,91689.0,2019-02-27,252.0,-3.3333%,0.0009,0.2513,1.6166,0.6983,2.9847%,3.0970%,7.1234%,-0.035869,EXK,91689.0,2019-02-28,252.0,-1.5326%,0.001,0.2314,1.6025,0.6872,2.9740%,3.0838%,6.9914%,-0.013224,EXK,91689.0,2019-03-01,252.0,-5.4475%,0.0008,0.2197,1.5849,0.6964,2.9972%,3.1030%,6.6988%,-0.058129,EXK,91689.0,2019-03-04,252.0,-1.2346%,0.0007,0.2334,1.5469,0.6912,2.9927%,3.0937%,6.4197%,-0.00767,EXK,91689.0,2019-03-05,252.0,5.4167%,0.0008,0.2204,1.4849,0.6596,3.0154%,3.1063%,5.7684%,0.060928,EXK,91689.0,2019-03-06,252.0,2.3715%,0.001,0.1998,1.3987,0.6247,3.0270%,3.1096%,5.2384%,0.0439219999999999,EXK,91689.0,2019-03-07,252.0,-2.7027%,0.0008,0.2063,1.3843,0.6292,3.0286%,3.1092%,5.1188%,-0.022438,EXK,91689.0,2019-03-08,252.0,8.7302%,0.0012,0.1938,1.3959,0.6086,3.0774%,3.1568%,4.9654%,0.088043,EXK,91689.0,2019-03-11,252.0,-2.5547%,0.0011,0.1779,1.3731,0.6038,3.0832%,3.1593%,4.7606%,-0.030386,EXK,0.097808,0.061939,0.048715,-0.0170839999999999,0.122985
40139,EXPEDITORS INTERNATIONAL WA INC,Analysts React To Expeditors' Q4 Results,6,uncertain,0.5,0.5,"the impact of analysts' reactions to q4 results can vary widely based on the specifics of the results and market sentiment, making the stock price movement uncertain.",1,2019-02-25,EXPD,2019-02-25 18:19:00+00:00,87717.0,30213010,-0.0051451106555759,969883.0,-0.0096804574131965,0.0037077120505273,0.0009373285574838,-0.0003971728438045,0.0026755444705486,0.0070648686960339,0.0060040638782083,0.018739778548479,-0.0009283779072575,-0.0043266587890684,-0.0047789802774786,0.0025756058748811,-0.0012005331227555,0.0101327933371067,-0.0070779751986265,0.0261346157640218,0.002152033150196,0.0007029727566987,0.0222788341343402,-0.0039215516299009,0.0052514313720166,0.0113314883783459,0.003918023314327,-0.0031064844224601,0.0016911311540752,0.0082574291154742,-0.0128571148961782,0.0076029091142117,0.0069727506488561,0.0059162485413253,-0.0044421735219657,-0.0017285381909459,-0.0181102007627487,0.010480367578566,0.0143009852617979,0.0055620209313929,-0.0233231876045465,-0.0145680382847785,-0.0053966743871569,0.0104941148310899,0.0046119960024952,0.0021910828072577,0.0029705809429287,0.0010235370136797,0.0092892087996006,-0.0129889091476798,0.0124049661681056,0.019870450720191,0.0223978515714407,0.0135760651901364,0.0063144057057797,0.0004477429611142,-0.0039697475731372,-0.0188900418579578,0.0073283580131828,-0.0016081960638985,-0.0030631509143859,-0.0048014232888817,0.001536330091767,0.000873819575645,-0.0053688581101596,0.0119363032281398,-0.0001284475874854,0.0092207435518503,0.0050128456205129,0.0047818245366215,0.0108709353953599,0.0298552587628364,-0.0011387141421437,-0.034615870565176,0.0108929779380559,-0.0114554092288017,0.003633641405031,0.0257607586681842,0.004119873046875,-0.0095493793487548,-0.0058436058461666,0.0159162562340498,0.0002501785056665,0.0453177094459533,0.0065015833824872,-0.0254787132143974,-0.021987535059452,-0.0252859760075807,0.0069858427159488,-0.0038979689124971,-0.011856741271913,-0.0331932306289672,0.0137860849499702,-0.0093337381258606,-0.0289599020034074,-0.0119183305650949,0.0142634650692343,-0.0046602771617472,0.0120174176990985,-0.0200664903968572,-0.0056847468949854,0.0127540808171033,-0.0378604456782341,0.0018252913141623,-0.0104318084195256,0.0092107346281409,-0.0089405626058578,-0.0502019263803958,-0.0061936057172715,-0.0164151154458522,-0.0226256363093853,-0.0175575297325849,0.0095647694543004,0.0105139054358005,0.0068653025664389,0.0088308099657297,0.0141824753955006,-0.0128805339336395,0.0022858432494103,0.0293290819972753,-0.0092568071559071,0.0025509507395327,0.0013540755026042,0.0170695055276155,-0.0096804574131965,0.0037077120505273,-0.0087522026248956,0.0033090666041837,-0.0061000750616851,0.0103973134212826,-0.0010608911943409,0.0248783672559511,0.0100781656187527,0.0616246699300804,0.0373955650293793,0.1038299838463143,-0.0193609112743616,0.0412165049582209,2019-02-26,2019-02-27,2019-02-28,2019-03-01,2019-03-04,2019-03-05,2019-03-06,2019-03-07,2019-03-08,2019-03-11,87717.0,2019-02-25,252.0,-0.5145%,0.0006,1.0345,0.1339,0.2248,1.1368%,1.5470%,45.9983%,-0.006062,EXPD,87717.0,2019-02-26,252.0,-0.9680%,0.0006,1.0344,0.144,0.2298,1.1376%,1.5444%,45.7446%,-0.006526,EXPD,87717.0,2019-02-27,252.0,0.0937%,0.0005,1.0312,0.1494,0.2292,1.1367%,1.5403%,45.5410%,-9.1e-05,EXPD,87717.0,2019-02-28,252.0,0.2676%,0.0006,1.027,0.1467,0.2248,1.1367%,1.5358%,45.2193%,0.006316,EXPD,87717.0,2019-03-01,252.0,0.6004%,0.0006,1.0288,0.1494,0.2284,1.1365%,1.5351%,45.1827%,-0.001007,EXPD,87717.0,2019-03-04,252.0,-0.0928%,0.0007,1.0191,0.1788,0.2316,1.1297%,1.5227%,44.9648%,0.004039,EXPD,87717.0,2019-03-05,252.0,-0.4779%,0.0007,1.0205,0.1884,0.2336,1.1294%,1.5230%,45.0073%,-0.0020269999999999,EXPD,87717.0,2019-03-06,252.0,-0.1201%,0.0007,1.0212,0.1665,0.2314,1.1296%,1.5230%,44.9870%,0.009563,EXPD,87717.0,2019-03-07,252.0,-0.7078%,0.0007,1.0211,0.1688,0.2319,1.1295%,1.5237%,45.0436%,0.002086,EXPD,87717.0,2019-03-08,252.0,0.2152%,0.0008,1.0197,0.1825,0.229,1.1271%,1.5220%,45.1593%,0.004618,EXPD,87717.0,2019-03-11,252.0,2.2279%,0.0008,1.023,0.1897,0.2314,1.1275%,1.5274%,45.5064%,0.007529,EXPD,-0.0125879999999999,-0.012679,-0.0063629999999999,-0.0033309999999999,0.018438
40147,FREEPORT MCMORAN INC,"Freeport-McMoRan CEO Says Mgmt. Does Not Have A Target For Its Dividend Yield, Says 'We have no strategy of considering M&A activity'",6,uncertain,0.6,0.2,"the lack of a dividend yield target and no m&a strategy may signal a conservative approach, which could be viewed positively or negatively by investors depending on their expectations for growth and returns.",1,2019-02-25,FCX,2019-02-25 14:32:00+00:00,81774.0,35671D85,0.0030257157050073,20071766.0,-0.0060331765562295,0.0153609681874513,-0.0015174853615462,-0.0247190948575735,-0.0197568573057651,0.0198625084012746,-0.002325560664758,0.0659609511494636,-0.0069930190220475,0.00986841134727,0.0046948688104748,-0.0105777150020003,-0.0233645010739564,0.0696257799863815,-0.0183412712067365,-0.0034692075569182,-0.0178716704249382,-0.0068906052038073,0.022332465276122,-0.021079258993268,0.0234627798199653,-0.0041981688700616,0.0007905319798737,0.0033698368351906,-0.0268562529236078,0.0008431896567344,0.0024351207539439,0.0304082911461591,0.0218623075634241,-0.0111683942377567,0.0047543914988636,0.0328305102884769,0.011040961369872,0.0784689635038375,0.0078003420494496,0.0165369734168052,-0.0572755225002765,-0.0854092612862587,0.0164203457534313,0.0504672862589359,0.0258481167256832,-0.1307880282402039,0.0007874196162447,-0.0056542563252151,0.0015735251363366,-0.0143312336876988,0.0125687988474965,0.0354493223130703,0.0162917021661996,0.0201850105077028,0.0015266796108335,0.0276577919721603,0.0030487775802612,0.0017315588193014,0.0303951799869537,-1.637843105584125e-08,-0.0169616881757974,0.0078193005174398,0.0307576786726713,0.0,-0.0262008495628833,0.0276786088943481,0.0082211997359991,0.0181818008422851,-0.0059303133748471,0.01663588732481,0.0253542102873325,0.0744786486029625,-0.0007299437420442,-0.0279922746121883,0.0343316495418548,0.0048495861701667,0.0028248562011867,-0.0152817424386739,-0.014084493741393,-0.0187441240996122,-0.0250000264495611,0.0259615834802389,-0.0139193832874298,0.0633946731686592,0.0089152958244085,-0.026865717023611,-0.1008836477994919,-0.0185546465218067,0.0237510204315185,0.0058938572183251,-0.0055999755859375,-0.0396226458251476,-0.0096540534868836,0.0009443086455576,-0.0487408898770809,0.0018921908922493,-0.0170794036239385,-0.0320513173937797,0.038227591663599,-0.0135501017794013,-0.0192468240857124,0.0288103595376014,-0.0238908436149358,0.0065482365898787,-0.0061188545078039,-0.0210623163729906,-0.0079155806452035,-0.0206277631223201,0.0079787373542785,-0.0304348152130842,-0.0580474808812141,-0.0488006733357906,0.0140055669471621,0.0125628625974059,-0.0009207436232827,0.0101522747427225,-0.0175115689635276,-0.0125313755124807,-0.0272045005112886,0.0649466663599014,-0.0163934510201215,0.0135256638750433,0.0147059382870793,0.0297121331095695,-0.0060331765562295,0.0153609681874513,-0.0075415066606682,-0.0097378358998518,-0.027149367495468,0.0099312546540517,-0.0361991324696014,0.0871710922083885,-0.0678733458785041,0.1146712221963706,0.0361990603211461,0.1535386039745048,-0.2166083054435073,0.232797494997843,2019-02-26,2019-02-27,2019-02-28,2019-03-01,2019-03-04,2019-03-05,2019-03-06,2019-03-07,2019-03-08,2019-03-11,81774.0,2019-02-25,252.0,0.3026%,-0.0011,1.6732,0.4753,0.6784,2.4297%,2.9419%,31.7940%,0.002853,FCX,81774.0,2019-02-26,252.0,-0.6033%,-0.0011,1.6735,0.4709,0.6764,2.4297%,2.9390%,31.6552%,0.001824,FCX,81774.0,2019-02-27,252.0,-0.1517%,-0.001,1.6805,0.4578,0.6776,2.4277%,2.9390%,31.7707%,-0.0032069999999999,FCX,81774.0,2019-02-28,252.0,-1.9757%,-0.0011,1.683,0.4591,0.6822,2.4288%,2.9383%,31.6700%,-0.013045,FCX,81774.0,2019-03-01,252.0,-0.2326%,-0.0011,1.6793,0.4536,0.682,2.4300%,2.9342%,31.4135%,-0.013136,FCX,81774.0,2019-03-04,252.0,-0.6993%,-0.0012,1.6854,0.4316,0.6808,2.4285%,2.9344%,31.5073%,0.000804,FCX,81774.0,2019-03-05,252.0,0.4695%,-0.001,1.689,0.4671,0.6791,2.4247%,2.9338%,31.6967%,0.010442,FCX,81774.0,2019-03-06,252.0,-2.3365%,-0.0009,1.7028,0.4616,0.694,2.4200%,2.9370%,32.1044%,-0.003653,FCX,81774.0,2019-03-07,252.0,-1.8341%,-0.001,1.6986,0.439,0.682,2.4171%,2.9332%,32.0972%,-0.0018549999999999,FCX,81774.0,2019-03-08,252.0,-1.7872%,-0.0009,1.6982,0.4736,0.6795,2.4101%,2.9291%,32.2950%,-0.013285,FCX,81774.0,2019-03-11,252.0,2.2332%,-0.0009,1.6985,0.46,0.6716,2.4084%,2.9317%,32.5135%,-0.001232,FCX,0.004677,0.00147,-0.0115749999999999,-0.023907,-0.03349
40155,FACTSET RESEARCH SYSTEMS INC,"Morgan Stanley Maintains Equal-Weight on FactSet Research Systems, Raises Price Target to $211",6,increase,0.7,0.5,"raising the price target typically indicates positive sentiment and potential for stock price appreciation, although maintaining an equal-weight rating suggests limited upside compared to other stocks.",2,2019-02-25,FDS,2019-02-25 15:25:00+00:00,83597.0,30307510,0.0003887518250849,199391.0,-0.0001295116235269,0.0155708044767379,0.0151122650131583,-0.0001315620465902,0.0030281986109912,0.0096528865396976,0.0082493619993329,0.0061929132789373,-0.007338389288634,0.0123584419488906,0.006415472831577,-0.0006310542230494,-0.0091185560449957,-0.000180239250767,-0.014826157130301,0.0059844586066901,-0.0006054289406165,-0.0034787612967193,0.0099091008305549,0.003445436945185,-8.57117775012739e-05,0.0090114874765276,0.003299499861896,-0.0150040630251169,0.0084137748926877,0.0102417040616273,0.0052941427566111,-0.0005004577105864,0.0052241552621126,0.00535149872303,0.002640358870849,0.0183995366096496,-0.0101575581356883,0.0079345842823386,0.0233108289539814,-0.0055560148321092,-0.0321063622832298,-0.0003267553111072,-0.0041356952860951,0.0018236200558021,0.0545018427073955,-0.0031230978202074,-0.013235930353403,0.0100758010521531,0.0077764955349266,-0.0096059571951627,0.0136365974321961,0.0163506958633661,0.0040278728120028,0.0072560831904411,0.003129132091999,0.0076967040076851,0.0093980832025408,0.0201698020100593,0.0021394949872046,0.0002945243613794,-0.0003558011376298,-0.0066318847239017,0.0118251536041498,-0.0010715863900259,-0.0034787342883646,0.012677545659244,0.0055304509587585,0.012334587983787,-0.0003120088076684,0.0010498235933482,0.0150226550176739,0.0311339851468801,0.0063044787384569,-0.0270812138915062,0.0066852583549916,-0.0036476838868111,-0.0195051021873951,0.0033590602688491,0.0144747663289308,-0.0034971868153661,-0.0040439399890601,0.0132118482142686,0.0220255888998508,0.0477326959371566,-0.0040477737784385,-0.0302421934902668,0.0051179216243326,-0.0330714583396911,0.0150885423645377,0.0004477652255445,0.0054219579324126,-0.0354177169501781,0.0120327183976769,-0.0423292890191078,-0.0139558715745806,-0.0247859749943018,0.0092640966176986,-0.0217048022896051,0.0156625173985958,0.0001753937540343,0.017895532771945,0.0199499316513538,-0.0196948759257793,0.0050350436940789,-0.0060019516386091,-0.0056325192563235,0.0066891061142086,-0.0120130786672234,0.0085123013705015,-0.0057961153797805,-0.0304498672485351,-0.0289928708225488,0.0168234538286924,0.0002131766523234,-0.0065746959298849,0.0040248446166515,0.0130545319989323,-0.0048019899986684,-0.0006101544131524,0.007363018579781,-0.0057826871052384,0.0107741141691803,0.0173403695225715,0.0121753551065921,-0.0001295116235269,0.0155708044767379,0.0149807961756542,0.0154371939032436,0.0180543596128162,0.0252390939241806,0.0189201493653927,0.0443371349762542,0.0103487197290843,0.0496871488144521,0.1075350869394589,0.1278678989341986,0.2190937414361213,0.0168374002306108,2019-02-26,2019-02-27,2019-02-28,2019-03-01,2019-03-04,2019-03-05,2019-03-06,2019-03-07,2019-03-08,2019-03-11,83597.0,2019-02-25,252.0,0.0389%,0.0005,0.8813,-0.1207,0.129,0.9230%,1.2912%,48.9001%,-0.001118,FDS,83597.0,2019-02-26,252.0,-0.0130%,0.0005,0.8783,-0.1182,0.128,0.9225%,1.2858%,48.5282%,0.000834,FDS,83597.0,2019-02-27,252.0,1.5112%,0.0006,0.8809,-0.1187,0.1285,0.9262%,1.2886%,48.3445%,0.0146,FDS,83597.0,2019-02-28,252.0,0.3028%,0.0006,0.881,-0.1185,0.1273,0.9267%,1.2876%,48.2018%,0.006004,FDS,83597.0,2019-03-01,252.0,0.8249%,0.0006,0.8838,-0.1143,0.1307,0.9264%,1.2879%,48.2579%,0.002669,FDS,83597.0,2019-03-04,252.0,-0.7338%,0.0005,0.8894,-0.1288,0.1284,0.9243%,1.2889%,48.5714%,-0.003799,FDS,83597.0,2019-03-05,252.0,0.6415%,0.0005,0.8853,-0.1555,0.1228,0.9220%,1.2852%,48.5373%,0.0077459999999999,FDS,83597.0,2019-03-06,252.0,-0.9119%,0.0005,0.8883,-0.1477,0.1272,0.9223%,1.2857%,48.5465%,-0.00378,FDS,83597.0,2019-03-07,252.0,-1.4826%,0.0004,0.8901,-0.1542,0.1278,0.9224%,1.2879%,48.7076%,-0.007316,FDS,83597.0,2019-03-08,252.0,-0.0605%,0.0005,0.8892,-0.1423,0.1258,0.9199%,1.2857%,48.8073%,0.001557,FDS,83597.0,2019-03-11,252.0,0.9909%,0.0005,0.888,-0.1477,0.1233,0.9196%,1.2871%,48.9441%,-0.002264,FDS,-0.000284,0.014316,0.02032,0.01919,0.015133
40163,PHOENIX NEW MEDIA LTD,"Benzinga Pro's Top 10 Most-Searched Tickers For Morning Of Mon., Feb. 25, 2019",6,uncertain,0.5,0.5,"being one of the most-searched tickers may indicate interest, but it does not guarantee a positive or negative impact on the stock price.",1,2019-02-25,FENG,2019-02-25 14:24:00+00:00,12751.0,71910C20,0.319444477558136,2031967.0,-0.0147368786856532,0.0227272510528564,0.0341881029307842,0.0262390412390232,-0.0123966820538044,0.0147928847000002,-0.0104602901265025,0.0180723443627357,0.0169133022427558,-0.0148367816582322,-0.0124740004539489,-0.0117302639409899,-0.0210526119917631,0.0088757304474711,-0.0752687975764274,-0.0116958953440189,-0.0232559014111757,-0.0086956433951854,0.0,0.0207100380212068,0.0,-0.0532212369143962,-0.0166665948927402,-0.0325203575193882,-0.0314770229160785,-0.0080645084381103,0.0449999570846557,-0.0079999919980764,-0.0143540538847446,-0.0554156228899955,0.0679612159729003,0.0179487001150846,-0.0409091599285602,0.086351029574871,0.0118483873084187,-0.0426666885614395,-0.0281030181795358,0.0869565084576606,-0.0168675109744072,0.0087719215080142,-0.0073528760112822,-0.0115606822073459,-0.0123457256704568,-0.0114285601302981,-0.0024999976158142,0.0479042194783687,0.055137850344181,0.0151975536718964,-0.0142517676576972,0.0313479304313659,-0.0048192725516855,0.0126983998343348,0.0290556624531745,0.0128618013113737,0.0258823838084936,-0.0771513357758522,0.0229357574135065,0.027438998222351,0.0112108048051595,0.0580645389854908,-0.008869276382029,0.0032362430356442,0.020134262740612,-0.0032258033752441,-0.0241228360682725,-0.0189873985946178,-0.0157302692532539,0.0226537771522998,-0.015981774777174,-0.0127796158194541,0.0116009721532464,-0.0218749791383743,-0.0137614542618393,0.0355987511575222,0.0093023162335157,0.009803912602365,-0.0115207806229591,-0.0285714752972126,0.037296000868082,0.0677966251969337,-0.033707782626152,0.0034013572148978,0.0,-0.0636942833662033,-0.0069767925888299,-0.012578603811562,0.025761155411601,-0.0124223483726382,-0.0068493629805743,-0.0301204547286033,-0.0114941876381635,0.0,-0.0046511581167578,0.0506328605115413,0.0186915695667266,-0.0365853309631347,-0.0481651462614536,-0.0120481811463832,-0.0120482388883829,-0.0119047509506344,-0.0042682741768658,-0.050847478210926,-0.0202082004398107,0.0143266338855028,0.0025000572204589,-0.0113314343616366,-0.0374065637588501,-0.0302198156714439,0.0025906711816787,0.0253521557897329,0.0594315305352211,-0.0273972991853952,-0.0146341323852539,-0.0027322378009557,-0.0272276978939771,0.0252101272344589,-0.0279898550361394,0.017094001173973,-0.005235597025603,0.0115273660048842,-0.0147368786856532,0.0227272510528564,0.0189473983197474,0.0495626335695051,0.0063158313932263,0.0650886925933276,0.0126315642129635,0.0682492658323037,-0.1157895185002647,0.0650886914259971,-0.0505262748879942,0.1612903336313242,-0.2000000204828905,0.0374639420172866,2019-02-26,2019-02-27,2019-02-28,2019-03-01,2019-03-04,2019-03-05,2019-03-06,2019-03-07,2019-03-08,2019-03-11,12751.0,2019-02-25,252.0,31.9444%,-0.0003,1.07,0.6888,-0.3032,3.8257%,4.0429%,10.4568%,0.319612,FENG,12751.0,2019-02-26,252.0,-1.4737%,-0.0003,1.0727,0.6993,-0.2958,3.8261%,4.0432%,10.4493%,-0.009717,FENG,12751.0,2019-02-27,252.0,3.4188%,-0.0002,1.0715,0.7107,-0.2959,3.8313%,4.0481%,10.4273%,0.031439,FENG,12751.0,2019-02-28,252.0,-1.2397%,0.0,1.0392,0.6882,-0.3171,3.8105%,4.0182%,10.0711%,-0.010057,FENG,12751.0,2019-03-01,252.0,-1.0460%,-0.0001,1.0452,0.6971,-0.2979,3.8113%,4.0187%,10.0585%,-0.021297,FENG,12751.0,2019-03-04,252.0,1.6913%,0.0001,1.0292,0.7268,-0.2883,3.8108%,4.0146%,9.8909%,0.0262089999999999,FENG,12751.0,2019-03-05,252.0,-1.2474%,0.0001,1.0328,0.7491,-0.2823,3.8108%,4.0151%,9.9169%,-0.009253,FENG,12751.0,2019-03-06,252.0,-2.1053%,-0.0001,1.0147,0.7718,-0.2997,3.8040%,4.0081%,9.9276%,-0.002916,FENG,12751.0,2019-03-07,252.0,-7.5269%,-0.0005,1.0366,0.7465,-0.2777,3.8202%,4.0260%,9.9592%,-0.067487,FENG,12751.0,2019-03-08,252.0,-2.3256%,-0.0004,1.0372,0.7842,-0.2787,3.8164%,4.0250%,10.0955%,-0.021911,FENG,12751.0,2019-03-11,252.0,0.0000%,-0.0005,1.0273,0.7733,-0.2799,3.8183%,4.0250%,10.0054%,-0.019817,FENG,0.309895,0.341334,0.331277,0.336189,0.214805
40171,PHOENIX NEW MEDIA LTD,Phoenix New Media Announces a Letter of Intent to Sell of a 32% Stake in Particle for $448M Cash,6,increase,0.8,0.7,"the announcement of a significant cash sale of a stake in particle suggests a positive financial move for phoenix new media, likely boosting investor confidence and increasing the stock price.",2,2019-02-25,FENG,2019-02-25 11:15:00+00:00,12751.0,71910C20,0.319444477558136,2031967.0,-0.0147368786856532,0.0227272510528564,0.0341881029307842,0.0262390412390232,-0.0123966820538044,0.0147928847000002,-0.0104602901265025,0.0180723443627357,0.0169133022427558,-0.0148367816582322,-0.0124740004539489,-0.0117302639409899,-0.0210526119917631,0.0088757304474711,-0.0752687975764274,-0.0116958953440189,-0.0232559014111757,-0.0086956433951854,0.0,0.0207100380212068,0.0,-0.0532212369143962,-0.0166665948927402,-0.0325203575193882,-0.0314770229160785,-0.0080645084381103,0.0449999570846557,-0.0079999919980764,-0.0143540538847446,-0.0554156228899955,0.0679612159729003,0.0179487001150846,-0.0409091599285602,0.086351029574871,0.0118483873084187,-0.0426666885614395,-0.0281030181795358,0.0869565084576606,-0.0168675109744072,0.0087719215080142,-0.0073528760112822,-0.0115606822073459,-0.0123457256704568,-0.0114285601302981,-0.0024999976158142,0.0479042194783687,0.055137850344181,0.0151975536718964,-0.0142517676576972,0.0313479304313659,-0.0048192725516855,0.0126983998343348,0.0290556624531745,0.0128618013113737,0.0258823838084936,-0.0771513357758522,0.0229357574135065,0.027438998222351,0.0112108048051595,0.0580645389854908,-0.008869276382029,0.0032362430356442,0.020134262740612,-0.0032258033752441,-0.0241228360682725,-0.0189873985946178,-0.0157302692532539,0.0226537771522998,-0.015981774777174,-0.0127796158194541,0.0116009721532464,-0.0218749791383743,-0.0137614542618393,0.0355987511575222,0.0093023162335157,0.009803912602365,-0.0115207806229591,-0.0285714752972126,0.037296000868082,0.0677966251969337,-0.033707782626152,0.0034013572148978,0.0,-0.0636942833662033,-0.0069767925888299,-0.012578603811562,0.025761155411601,-0.0124223483726382,-0.0068493629805743,-0.0301204547286033,-0.0114941876381635,0.0,-0.0046511581167578,0.0506328605115413,0.0186915695667266,-0.0365853309631347,-0.0481651462614536,-0.0120481811463832,-0.0120482388883829,-0.0119047509506344,-0.0042682741768658,-0.050847478210926,-0.0202082004398107,0.0143266338855028,0.0025000572204589,-0.0113314343616366,-0.0374065637588501,-0.0302198156714439,0.0025906711816787,0.0253521557897329,0.0594315305352211,-0.0273972991853952,-0.0146341323852539,-0.0027322378009557,-0.0272276978939771,0.0252101272344589,-0.0279898550361394,0.017094001173973,-0.005235597025603,0.0115273660048842,-0.0147368786856532,0.0227272510528564,0.0189473983197474,0.0495626335695051,0.0063158313932263,0.0650886925933276,0.0126315642129635,0.0682492658323037,-0.1157895185002647,0.0650886914259971,-0.0505262748879942,0.1612903336313242,-0.2000000204828905,0.0374639420172866,2019-02-26,2019-02-27,2019-02-28,2019-03-01,2019-03-04,2019-03-05,2019-03-06,2019-03-07,2019-03-08,2019-03-11,12751.0,2019-02-25,252.0,31.9444%,-0.0003,1.07,0.6888,-0.3032,3.8257%,4.0429%,10.4568%,0.319612,FENG,12751.0,2019-02-26,252.0,-1.4737%,-0.0003,1.0727,0.6993,-0.2958,3.8261%,4.0432%,10.4493%,-0.009717,FENG,12751.0,2019-02-27,252.0,3.4188%,-0.0002,1.0715,0.7107,-0.2959,3.8313%,4.0481%,10.4273%,0.031439,FENG,12751.0,2019-02-28,252.0,-1.2397%,0.0,1.0392,0.6882,-0.3171,3.8105%,4.0182%,10.0711%,-0.010057,FENG,12751.0,2019-03-01,252.0,-1.0460%,-0.0001,1.0452,0.6971,-0.2979,3.8113%,4.0187%,10.0585%,-0.021297,FENG,12751.0,2019-03-04,252.0,1.6913%,0.0001,1.0292,0.7268,-0.2883,3.8108%,4.0146%,9.8909%,0.0262089999999999,FENG,12751.0,2019-03-05,252.0,-1.2474%,0.0001,1.0328,0.7491,-0.2823,3.8108%,4.0151%,9.9169%,-0.009253,FENG,12751.0,2019-03-06,252.0,-2.1053%,-0.0001,1.0147,0.7718,-0.2997,3.8040%,4.0081%,9.9276%,-0.002916,FENG,12751.0,2019-03-07,252.0,-7.5269%,-0.0005,1.0366,0.7465,-0.2777,3.8202%,4.0260%,9.9592%,-0.067487,FENG,12751.0,2019-03-08,252.0,-2.3256%,-0.0004,1.0372,0.7842,-0.2787,3.8164%,4.0250%,10.0955%,-0.021911,FENG,12751.0,2019-03-11,252.0,0.0000%,-0.0005,1.0273,0.7733,-0.2799,3.8183%,4.0250%,10.0054%,-0.019817,FENG,0.309895,0.341334,0.331277,0.336189,0.214805
40179,FIRST FINANCIAL BANCORP OHIO,"Keefe Bruyette & Woods Downgrades First Financial Bancorp to Market Perform, Lowers Price Target to $30",6,decrease,0.8,0.7,"the downgrade to 'market perform' and the reduction of the price target typically signal a negative outlook, which is likely to lead to a decrease in stock price.",0,2019-02-25,FFBC,2019-02-25 11:42:00+00:00,35685.0,32020910,-0.0117437690496444,209896.0,-0.0061217169277369,-0.0038992806803435,0.0105072101578116,-0.0122549152001738,0.0021513141691684,0.0142045319080352,-0.0036062165163457,0.0064331777393817,-0.0123054021969437,0.0279206559062004,-0.0076951626688241,-0.0083789229393005,-0.0387739762663841,0.0040234313346445,-0.0245870649814605,0.0077405455522239,0.000787729746662,0.0199247654527425,0.0118063455447554,-0.0195355247706174,-0.0019447390222921,0.0085501689463853,0.0058456594124436,0.0041059609502553,-0.0038744821213185,-0.0074101095087826,0.0003889626241289,0.014661630615592,0.0089425137266516,0.0102544799447059,-0.0331406779587268,0.0053455284796655,-0.0378637202084064,-0.0083301523700356,0.002899738959968,-0.010490845888853,-0.0491531863808631,-0.0041044293902814,0.0056472267024219,0.031165812164545,0.0107991360127925,0.0027006054297089,0.005555601324886,-0.0007710276404395,0.0233743824064731,-0.014811978675425,-0.0008305837982334,0.0123029481619596,0.0249376725405454,0.0054116500541567,-0.0056771854870021,0.0253666788339614,0.0028547998517751,0.0331695117056369,0.0085400193929672,0.0,0.0036290385760366,0.0028747308533638,0.0076336092315614,-0.0097600556910038,-0.0175438802689313,0.0061374637298285,-0.0162337515503168,0.0082508567720651,0.0082508567720651,-0.0036991431843489,0.0188215654343366,0.0226985700428485,-0.0184738598763942,-0.0153145249933004,0.014320801012218,0.018549770116806,0.0072609274648129,0.0128095317631959,-0.0088105453178286,0.0107898144051432,-0.0113131590187549,-0.009405699558556,0.0183898974210023,0.0441964194178581,0.0100321024656295,-0.0145182544365525,-0.0083433054387569,-0.0026327937375754,-0.0040063494816422,0.0008783687953837,0.012872071005404,-0.054401971399784,-0.0031771217472851,-0.0325431711971759,-0.0135458223521709,-0.004400024190545,0.0161550734192132,-0.0261005088686943,0.0246423222124576,-0.0213495790958404,0.0007757389685139,0.020622519776225,-0.0224806182086467,0.0031225574202835,-0.0118952915072441,-0.022137401625514,-0.0032102698460221,0.011192625388503,-0.0004025856906082,0.0077791041694581,-0.0390656180679798,-0.0704989433288574,0.0209555737674236,-0.0093123288825154,-0.0086207306012511,0.0225454568862915,0.0074534290470182,-0.0192582346498966,-0.0094533311203122,0.0297466535121202,-0.0020747361704707,-0.0126903690397739,0.0087318504229187,0.0180878471583128,-0.0061217169277369,-0.0038992806803435,0.0043211710637882,-0.0161064105264381,0.0064817814294937,-0.0021306626406495,-0.009488309338668,0.0323292104105485,-0.0668357000699855,0.0357538252959415,-0.0897020059197649,0.1427409596487359,-0.1194645299729743,0.0447135329332426,2019-02-26,2019-02-27,2019-02-28,2019-03-01,2019-03-04,2019-03-05,2019-03-06,2019-03-07,2019-03-08,2019-03-11,35685.0,2019-02-25,252.0,-1.1744%,0.0003,1.0618,1.3362,1.2949,1.1962%,1.6820%,49.4231%,-0.0076359999999999,FFBC,35685.0,2019-02-26,252.0,-0.6122%,0.0003,1.0597,1.3272,1.2887,1.1972%,1.6811%,49.2854%,0.008302,FFBC,35685.0,2019-02-27,252.0,1.0507%,0.0004,1.0619,1.3256,1.2891,1.1979%,1.6824%,49.2998%,0.008478,FFBC,35685.0,2019-02-28,252.0,0.2151%,0.0004,1.058,1.3232,1.2844,1.1987%,1.6780%,48.9714%,0.008301,FFBC,35685.0,2019-03-01,252.0,-0.3606%,0.0004,1.0541,1.3174,1.2832,1.2003%,1.6714%,48.4268%,-0.010013,FFBC,35685.0,2019-03-04,252.0,-1.2305%,0.0004,1.0571,1.3136,1.281,1.2008%,1.6730%,48.4844%,-0.006649,FFBC,35685.0,2019-03-05,252.0,-0.7695%,0.0004,1.0567,1.3106,1.2804,1.2008%,1.6698%,48.2905%,0.001158,FFBC,35685.0,2019-03-06,252.0,-3.8774%,0.0003,1.0619,1.3407,1.2903,1.2040%,1.6864%,49.0224%,-0.013986,FFBC,35685.0,2019-03-07,252.0,-2.4587%,0.0003,1.0689,1.3533,1.3032,1.2050%,1.6928%,49.3254%,-0.010773,FFBC,35685.0,2019-03-08,252.0,0.0788%,0.0003,1.0687,1.346,1.3034,1.2046%,1.6909%,49.2507%,0.004588,FFBC,35685.0,2019-03-11,252.0,1.1806%,0.0003,1.0676,1.3399,1.3005,1.2042%,1.6909%,49.2814%,-0.002276,FFBC,0.000666,0.009144,0.017445,0.0007829999999999,-0.020506
40187,FISERV INC,"Frank's International Q4 EPS $(0.06), Inline, Sales $145.85M Beat $138.48M Estimate",6,uncertain,0.5,0.1,"the news pertains to frank's international, not fiserv inc, making its impact on fiserv's stock price unclear.",1,2019-02-25,FI,2019-02-25 12:04:00+00:00,10696.0,33773810,-0.009290849789977,3975107.0,0.0056980457156896,0.0033038205001503,0.0038952056784182,0.000236004270846,-0.0042328112758696,-0.0103947604075074,0.0200731717050075,-0.0018651904538273,-0.0097233057022094,0.0169531758874654,0.0007013157010078,-0.0004740006697829,-0.0028033859562128,0.0001185368164442,-0.0042169452644884,-0.0021286697592586,-0.0015292892931029,-0.0133022107183933,0.0135485576465725,0.0201165899634361,0.0005812281160615,-0.0070913424715399,0.0,-0.0058747502043843,-0.0067379395477473,0.0121299121528863,0.0086549455299973,0.0141099635511636,-0.0133348973467946,-0.0001206093802466,-0.0057585835456848,-0.0204347185790538,-0.0102836303412914,0.0123162316158413,0.0279469266533851,-0.0185424461960792,-0.0056930156424641,0.001645696349442,-0.0037391877267509,0.0275395419448614,0.0195871237665414,0.027298729866743,0.0082825403660535,0.0306943822652101,0.0014831403968855,0.0047545973211526,0.0056960582733154,0.0445637553930282,0.0116674080491066,0.0265950169414281,0.0052625825628638,-0.0329157933592796,0.0095789777114987,0.0157011877745389,-0.0061782607808709,-0.0029689774382859,-0.0024422870483249,-0.0037644365802407,-0.0170264728367328,0.0144571410492062,-0.0011321009369567,-0.0031271700281649,-0.0167743768543005,0.0065690893679857,-0.0139481164515018,-0.0020486414432525,0.0088847568258643,0.0443588718771934,0.0028968711849302,-0.0290818233042955,-0.0177931934595108,-0.0174173191189765,0.0032937156502157,0.0072642378509044,-0.0026967213489115,-0.0015054141404107,0.0078768609091639,0.016131218522787,0.0157470945268869,0.0421739667654037,-0.0063160662539303,-0.0270727332681417,-0.0026579883415251,-0.0217931289225816,-0.0107763642445206,-0.004667714703828,-0.0037483857013285,-0.0023285273928195,0.025749497115612,-0.0190783031284809,-0.0150160202756524,-0.0242527332156896,-0.0054695825092494,-0.0187805388122797,0.014977753162384,0.0012879762798547,0.0122204888612031,0.0114642679691314,-0.0257403422147035,0.0081429304555058,-0.0014028846053406,0.0187316238880157,-0.0085459584370255,-0.0174839198589325,0.0063762059435248,-0.0109219076111912,-0.0219406634569168,-0.0346428342163562,0.0131957586854696,0.0068242251873016,0.0166943371295929,0.0087964655831456,0.0222428776323795,-0.0120906680822372,-0.0054681673645973,0.0288972835987806,-0.0013746018521487,-0.0031004454940557,0.0141087789088487,0.0070248586125671,0.0056980457156896,0.0033038205001503,0.0096154464541355,0.0035406044867445,0.0053419348080923,-0.0068909596561003,0.0155508689095145,0.0080616520751541,0.0212488237954011,0.0121413709399158,0.0485518035098109,0.1597108456614782,0.0495014891922689,0.1061531916938893,2019-02-26,2019-02-27,2019-02-28,2019-03-01,2019-03-04,2019-03-05,2019-03-06,2019-03-07,2019-03-08,2019-03-11,10696.0,2019-02-25,252.0,-0.9291%,0.0004,0.8301,-0.2536,-0.3228,0.9554%,1.3613%,50.7485%,-0.011914,FISV,10696.0,2019-02-26,252.0,0.5698%,0.0004,0.8209,-0.25,-0.3279,0.9515%,1.3502%,50.3326%,0.004238,FISV,10696.0,2019-02-27,252.0,0.3895%,0.0005,0.8285,-0.2626,-0.3266,0.9457%,1.3497%,50.9100%,0.003138,FISV,10696.0,2019-02-28,252.0,-0.4233%,0.0004,0.8299,-0.2617,-0.3249,0.9458%,1.3490%,50.8428%,-0.002529,FISV,10696.0,2019-03-01,252.0,2.0073%,0.0005,0.8332,-0.2568,-0.3258,0.9493%,1.3539%,50.8310%,0.013467,FISV,10696.0,2019-03-04,252.0,-0.9723%,0.0005,0.8345,-0.2559,-0.3273,0.9500%,1.3536%,50.7443%,-0.005237,FISV,10696.0,2019-03-05,252.0,0.0701%,0.0004,0.8323,-0.2734,-0.3289,0.9479%,1.3507%,50.7508%,0.000451,FISV,10696.0,2019-03-06,252.0,-0.2803%,0.0004,0.8337,-0.2756,-0.3275,0.9477%,1.3503%,50.7472%,0.000784,FISV,10696.0,2019-03-07,252.0,-0.4217%,0.0005,0.8348,-0.2684,-0.324,0.9469%,1.3502%,50.8213%,0.001256,FISV,10696.0,2019-03-08,252.0,-0.1529%,0.0004,0.8353,-0.2746,-0.3229,0.9462%,1.3499%,50.8663%,-0.000199,FISV,10696.0,2019-03-11,252.0,1.3549%,0.0004,0.8352,-0.2736,-0.3223,0.9462%,1.3517%,50.9999%,0.000322,FISV,-0.007676,-0.004538,-0.007067,0.0011629999999999,0.0037769999999999
40195,FOOT LOCKER INC,LINK Conference Keynote Address Delivered By Foot Locker CEO,6,increase,0.7,0.6,"a keynote address by the ceo at a conference can positively influence investor sentiment and confidence in the company's direction, potentially leading to an increase in stock price.",2,2019-02-25,FL,2019-02-25 21:57:00+00:00,15456.0,34484910,0.002682760823518,2936390.0,-0.0152173889800906,-0.0061656213365495,0.0081507815048098,-0.0006661268416792,0.0025265542790293,0.0036770415026694,0.059643805027008,0.0091077908873558,0.0044394922442734,0.0059382813051342,-0.0089976275339722,0.0135855041444301,0.0058936406858265,0.0037977078463882,-0.0163104124367237,0.0173867531120777,-0.0328396186232566,0.0079659577459096,-0.0038282847963273,-0.0014141420833766,0.0041771093383431,-0.0017645752523094,-0.0066555361263453,0.0,-0.0058626849204301,0.0146821793168783,-0.0062341862358152,0.0143479313701391,0.0147507451474666,-0.0148505643010139,0.0116959195584058,-0.0139379128813743,-0.0175061523914337,0.0022988694254308,0.0055471174418926,-0.002997213974595,-0.0486459359526634,-0.0005286128725856,0.0238973926752805,0.0024730504956096,-0.0006864753086119,-0.0014111486962065,0.0121930120512843,-0.006310265045613,0.0244316682219505,-0.0226143524050712,0.0036435476504266,0.0135439969599247,0.0099010281264781,0.0270342193543911,-0.008986915461719,-0.0106980111449956,0.0189612153917551,0.0036965161561965,0.0428802222013473,0.0054867500439286,-0.0116368690505623,0.0139985419809818,-0.0058084605261683,-0.0106533821672201,-0.0350544936954975,-0.0081014279276132,0.0021273288875818,0.0067375395447015,-0.0084911892190575,0.0276968013495206,0.0194334704428911,0.0273306425660848,0.0180936809629201,0.012509474530816,0.0087273763492703,-0.0082707228139042,-0.0067642186768352,0.0175975896418094,-0.0149776712059974,0.0071277003735303,-0.0347784124314785,0.0063977898098528,0.0095525979995727,0.0541590340435504,0.0258963722735643,0.0034865050110965,-0.0224919002503156,0.0175292193889617,-0.0177122950553894,0.0113971522077918,-0.0092686088755726,-0.03207353875041,-0.0268753487616777,0.0279294811189174,-0.0195769779384136,-0.0332927219569683,-0.0048137004487216,-0.0136163458228111,-0.0098530855029821,-0.0381355844438076,-0.0164646245539188,-0.0049827927723526,-0.0022074859589338,-0.0062844795174896,0.0313421264290809,-0.0101790940389037,0.0166249610483646,-0.0260694324970245,0.0133638503029942,-0.0083742775022983,-0.0275897998362779,-0.0241606067866087,0.011420402675867,-0.001950365374796,-0.0148200448602438,0.0186021775007247,-0.0066260555759072,-0.0147687159478664,-0.0048675038851797,0.0262966118752956,0.0027173499111086,-0.0094066653400659,0.014634171500802,0.04380664229393,-0.0152173889800906,-0.0061656213365495,-0.0071906410879312,-0.0068276410923607,-0.0046822543539115,-0.0031757051093532,0.0593645370237962,0.0118764980623389,0.0008361091785975,0.0542690427460099,0.0590301477845816,0.0652926228158792,-0.0551832914308088,0.1328791769026323,2019-02-26,2019-02-27,2019-02-28,2019-03-01,2019-03-04,2019-03-05,2019-03-06,2019-03-07,2019-03-08,2019-03-11,15456.0,2019-02-25,252.0,0.2683%,0.0012,0.8494,0.8297,0.5343,2.5464%,2.7025%,11.2164%,0.004436,FL,15456.0,2019-02-26,252.0,-1.5217%,0.0012,0.8575,0.8332,0.5421,2.5460%,2.7045%,11.3739%,-0.006885,FL,15456.0,2019-02-27,252.0,0.8151%,0.0012,0.8505,0.8471,0.541,2.5442%,2.7016%,11.3098%,0.006347,FL,15456.0,2019-02-28,252.0,0.2527%,0.0013,0.8359,0.8372,0.5292,2.5394%,2.6913%,10.9717%,0.006246,FL,15456.0,2019-03-01,252.0,5.9644%,0.0016,0.8339,0.8344,0.5021,2.5567%,2.7067%,10.7783%,0.053224,FL,15456.0,2019-03-04,252.0,0.4439%,0.0016,0.8326,0.8311,0.5042,2.5573%,2.7068%,10.7405%,0.010065,FL,15456.0,2019-03-05,252.0,-0.8998%,0.0022,0.8658,1.0855,0.5299,2.3909%,2.5818%,14.2421%,-0.003886,FL,15456.0,2019-03-06,252.0,0.5894%,0.0021,0.839,1.0498,0.4948,2.3875%,2.5710%,13.7668%,0.026542,FL,15456.0,2019-03-07,252.0,-1.6310%,0.0021,0.8436,1.0544,0.5023,2.3882%,2.5730%,13.8472%,-0.007153,FL,15456.0,2019-03-08,252.0,-3.2840%,0.0021,0.8453,1.0998,0.5026,2.3828%,2.5730%,14.2397%,-0.030747,FL,15456.0,2019-03-11,252.0,-0.3828%,0.002,0.8348,1.0956,0.5056,2.3859%,2.5733%,14.0349%,-0.017859,FL,-0.002449,0.003898,0.010144,0.073433,0.04033
40203,FOOT LOCKER INC,"Credit Suisse Maintains Outperform on Foot Locker, Raises Price Target to $70",6,increase,0.8,0.6,the maintenance of an 'outperform' rating and an increase in the price target typically signals positive sentiment and potential for stock price appreciation.,2,2019-02-25,FL,2019-02-25 15:20:00+00:00,15456.0,34484910,0.002682760823518,2936390.0,-0.0152173889800906,-0.0061656213365495,0.0081507815048098,-0.0006661268416792,0.0025265542790293,0.0036770415026694,0.059643805027008,0.0091077908873558,0.0044394922442734,0.0059382813051342,-0.0089976275339722,0.0135855041444301,0.0058936406858265,0.0037977078463882,-0.0163104124367237,0.0173867531120777,-0.0328396186232566,0.0079659577459096,-0.0038282847963273,-0.0014141420833766,0.0041771093383431,-0.0017645752523094,-0.0066555361263453,0.0,-0.0058626849204301,0.0146821793168783,-0.0062341862358152,0.0143479313701391,0.0147507451474666,-0.0148505643010139,0.0116959195584058,-0.0139379128813743,-0.0175061523914337,0.0022988694254308,0.0055471174418926,-0.002997213974595,-0.0486459359526634,-0.0005286128725856,0.0238973926752805,0.0024730504956096,-0.0006864753086119,-0.0014111486962065,0.0121930120512843,-0.006310265045613,0.0244316682219505,-0.0226143524050712,0.0036435476504266,0.0135439969599247,0.0099010281264781,0.0270342193543911,-0.008986915461719,-0.0106980111449956,0.0189612153917551,0.0036965161561965,0.0428802222013473,0.0054867500439286,-0.0116368690505623,0.0139985419809818,-0.0058084605261683,-0.0106533821672201,-0.0350544936954975,-0.0081014279276132,0.0021273288875818,0.0067375395447015,-0.0084911892190575,0.0276968013495206,0.0194334704428911,0.0273306425660848,0.0180936809629201,0.012509474530816,0.0087273763492703,-0.0082707228139042,-0.0067642186768352,0.0175975896418094,-0.0149776712059974,0.0071277003735303,-0.0347784124314785,0.0063977898098528,0.0095525979995727,0.0541590340435504,0.0258963722735643,0.0034865050110965,-0.0224919002503156,0.0175292193889617,-0.0177122950553894,0.0113971522077918,-0.0092686088755726,-0.03207353875041,-0.0268753487616777,0.0279294811189174,-0.0195769779384136,-0.0332927219569683,-0.0048137004487216,-0.0136163458228111,-0.0098530855029821,-0.0381355844438076,-0.0164646245539188,-0.0049827927723526,-0.0022074859589338,-0.0062844795174896,0.0313421264290809,-0.0101790940389037,0.0166249610483646,-0.0260694324970245,0.0133638503029942,-0.0083742775022983,-0.0275897998362779,-0.0241606067866087,0.011420402675867,-0.001950365374796,-0.0148200448602438,0.0186021775007247,-0.0066260555759072,-0.0147687159478664,-0.0048675038851797,0.0262966118752956,0.0027173499111086,-0.0094066653400659,0.014634171500802,0.04380664229393,-0.0152173889800906,-0.0061656213365495,-0.0071906410879312,-0.0068276410923607,-0.0046822543539115,-0.0031757051093532,0.0593645370237962,0.0118764980623389,0.0008361091785975,0.0542690427460099,0.0590301477845816,0.0652926228158792,-0.0551832914308088,0.1328791769026323,2019-02-26,2019-02-27,2019-02-28,2019-03-01,2019-03-04,2019-03-05,2019-03-06,2019-03-07,2019-03-08,2019-03-11,15456.0,2019-02-25,252.0,0.2683%,0.0012,0.8494,0.8297,0.5343,2.5464%,2.7025%,11.2164%,0.004436,FL,15456.0,2019-02-26,252.0,-1.5217%,0.0012,0.8575,0.8332,0.5421,2.5460%,2.7045%,11.3739%,-0.006885,FL,15456.0,2019-02-27,252.0,0.8151%,0.0012,0.8505,0.8471,0.541,2.5442%,2.7016%,11.3098%,0.006347,FL,15456.0,2019-02-28,252.0,0.2527%,0.0013,0.8359,0.8372,0.5292,2.5394%,2.6913%,10.9717%,0.006246,FL,15456.0,2019-03-01,252.0,5.9644%,0.0016,0.8339,0.8344,0.5021,2.5567%,2.7067%,10.7783%,0.053224,FL,15456.0,2019-03-04,252.0,0.4439%,0.0016,0.8326,0.8311,0.5042,2.5573%,2.7068%,10.7405%,0.010065,FL,15456.0,2019-03-05,252.0,-0.8998%,0.0022,0.8658,1.0855,0.5299,2.3909%,2.5818%,14.2421%,-0.003886,FL,15456.0,2019-03-06,252.0,0.5894%,0.0021,0.839,1.0498,0.4948,2.3875%,2.5710%,13.7668%,0.026542,FL,15456.0,2019-03-07,252.0,-1.6310%,0.0021,0.8436,1.0544,0.5023,2.3882%,2.5730%,13.8472%,-0.007153,FL,15456.0,2019-03-08,252.0,-3.2840%,0.0021,0.8453,1.0998,0.5026,2.3828%,2.5730%,14.2397%,-0.030747,FL,15456.0,2019-03-11,252.0,-0.3828%,0.002,0.8348,1.0956,0.5056,2.3859%,2.5733%,14.0349%,-0.017859,FL,-0.002449,0.003898,0.010144,0.073433,0.04033
40211,AMICUS THERAPEUTICS INC,Amicus Therapeutics shares are trading higher after the FDA granted breakthrough therapy designation to the company's AT-GAA.,6,increase,0.8,0.7,"the fda granting breakthrough therapy designation typically signals positive potential for a drug, which can lead to increased investor confidence and a rise in stock price.",2,2019-02-25,FOLD,2019-02-25 14:08:00+00:00,92040.0,03152W10,0.0587233677506446,4644501.0,-0.0233118943870067,0.0444444455206394,0.0230453256517648,0.0144273983314633,-0.0265486650168895,-0.0431406386196613,0.1504132002592087,0.0148861715570092,-0.0014368144329637,0.0187332779169082,-0.0244603753089904,0.0017873510951176,-0.0353982672095298,-0.0008928775787353,-0.0030581010505557,0.0209662299603223,0.0015337774530053,-0.0377192422747612,0.0329249091446399,0.0187667608261108,0.0200148597359657,-0.0394849814474582,0.0079941609874367,0.0183566473424434,-0.0245133489370346,-0.0521955378353595,0.0221729632467031,-0.0008278335444629,-0.0216919872909784,0.0033222560305148,-0.0051736654713749,0.0317052155733108,-0.0066864895634353,0.0291005223989486,0.0336574278771877,0.0115967988967895,-0.0405209474265575,-0.0369416065514087,0.0007541650556959,0.0448833033442497,0.0158251002430915,-0.0287706982344389,-0.0229969937354326,-0.0204952843487262,0.0197418555617332,-0.0487408898770809,0.0126582328230142,0.0008130267378874,-0.0088235912844538,0.0115131866186857,0.0126112820580601,0.0141784884035587,0.0300366897135973,0.0536027811467647,-0.0106686037033796,-0.0306643657386302,0.0352264381945133,-0.007607789710164,-0.0069444049149751,0.0304878391325473,-0.0209790337830781,0.0017451574094593,0.0114285601302981,0.0456204377114772,-0.0240113101899623,0.0064278873614966,0.0043415646068751,0.05421107634902,-0.0244956873357296,0.0288844592869281,0.0073855523951351,0.0480167046189308,-0.0564516447484493,0.0356756672263145,-0.013986038044095,-0.0032327298540622,0.0,0.0097932703793048,0.0472813546657562,0.0673635229468345,-0.0105342622846365,0.0274462457746267,0.0083650657907128,-0.0594836957752704,0.014328776858747,-0.0511182621121406,-0.0007435114239342,-0.0647410005331039,-0.0074404338374733,-0.0428979806602001,0.0052473535761237,-0.0019029930699616,0.010439995676279,-0.0009505920461378,0.0324722938239574,-0.0410209484398365,0.016440350562334,0.0388257429003715,-0.0386779308319091,-0.0047124633565545,-0.0409656502306461,0.0695564076304435,-0.0068649277091026,-0.0424710027873516,-0.0222734957933425,0.0443547964096069,-0.0518460236489772,-0.0932357907295227,0.0231980700045824,-0.0090580051764845,0.0153845809400081,0.0464454740285873,0.003189789596945,-0.0176908373832702,-0.0262321084737777,0.0386846810579299,-0.0334693752229213,-0.0625566244125366,0.0396959669888019,0.0504761636257171,-0.0233118943870067,0.0444444455206394,-0.00080379893295,0.05951306157125,-0.0273311241612277,0.0138049914691937,0.1173633603991903,0.0481712736988357,0.0844051674810522,0.0500447254347298,0.1495177419994926,0.0235192093888709,-0.0104500927930504,0.1190476190790956,2019-02-26,2019-02-27,2019-02-28,2019-03-01,2019-03-04,2019-03-05,2019-03-06,2019-03-07,2019-03-08,2019-03-11,92040.0,2019-02-25,252.0,5.8723%,-0.001,1.394,1.6938,-0.586,2.7581%,3.3899%,33.8015%,0.059996,FOLD,92040.0,2019-02-26,252.0,-2.3312%,-0.001,1.3989,1.7047,-0.5767,2.7589%,3.3924%,33.8595%,-0.012275,FOLD,92040.0,2019-02-27,252.0,2.3045%,-0.0009,1.4054,1.6986,-0.5756,2.7601%,3.3953%,33.9164%,0.017755,FOLD,92040.0,2019-02-28,252.0,-2.6549%,-0.0011,1.4223,1.7094,-0.558,2.7602%,3.3993%,34.0684%,-0.024071,FOLD,92040.0,2019-03-01,252.0,15.0413%,-0.0003,1.4086,1.6893,-0.6411,2.8524%,3.4817%,32.8837%,0.132893,FOLD,92040.0,2019-03-04,252.0,-0.1437%,-0.0004,1.4218,1.6316,-0.6414,2.8467%,3.4761%,32.9344%,0.015055,FOLD,92040.0,2019-03-05,252.0,-2.4460%,-0.0003,1.4321,1.6994,-0.6273,2.8417%,3.4797%,33.3063%,-0.018615,FOLD,92040.0,2019-03-06,252.0,-3.5398%,-0.0002,1.4526,1.6854,-0.6061,2.8319%,3.4816%,33.8393%,-0.001795,FOLD,92040.0,2019-03-07,252.0,-0.3058%,-0.0003,1.4401,1.6397,-0.6356,2.8233%,3.4666%,33.6720%,0.007943,FOLD,92040.0,2019-03-08,252.0,0.1534%,-0.0003,1.4399,1.6361,-0.6357,2.8233%,3.4645%,33.5916%,0.002712,FOLD,92040.0,2019-03-11,252.0,3.2925%,-0.0003,1.441,1.6421,-0.6329,2.8231%,3.4705%,33.8297%,0.002184,FOLD,0.047721,0.065476,0.041405,0.189353,0.181782
40219,AMICUS THERAPEUTICS INC,"FDA Grants Breakthrough Therapy Designation (""BTD"") to Amicus' AT-GAA in Late Onset Pompe Disease",6,increase,0.8,0.7,"the fda granting breakthrough therapy designation to amicus' at-gaa is likely to be viewed positively by investors, as it suggests potential for expedited development and approval, which can enhance the company's market value.",2,2019-02-25,FOLD,2019-02-25 09:03:00+00:00,92040.0,03152W10,0.0587233677506446,4644501.0,-0.0233118943870067,0.0444444455206394,0.0230453256517648,0.0144273983314633,-0.0265486650168895,-0.0431406386196613,0.1504132002592087,0.0148861715570092,-0.0014368144329637,0.0187332779169082,-0.0244603753089904,0.0017873510951176,-0.0353982672095298,-0.0008928775787353,-0.0030581010505557,0.0209662299603223,0.0015337774530053,-0.0377192422747612,0.0329249091446399,0.0187667608261108,0.0200148597359657,-0.0394849814474582,0.0079941609874367,0.0183566473424434,-0.0245133489370346,-0.0521955378353595,0.0221729632467031,-0.0008278335444629,-0.0216919872909784,0.0033222560305148,-0.0051736654713749,0.0317052155733108,-0.0066864895634353,0.0291005223989486,0.0336574278771877,0.0115967988967895,-0.0405209474265575,-0.0369416065514087,0.0007541650556959,0.0448833033442497,0.0158251002430915,-0.0287706982344389,-0.0229969937354326,-0.0204952843487262,0.0197418555617332,-0.0487408898770809,0.0126582328230142,0.0008130267378874,-0.0088235912844538,0.0115131866186857,0.0126112820580601,0.0141784884035587,0.0300366897135973,0.0536027811467647,-0.0106686037033796,-0.0306643657386302,0.0352264381945133,-0.007607789710164,-0.0069444049149751,0.0304878391325473,-0.0209790337830781,0.0017451574094593,0.0114285601302981,0.0456204377114772,-0.0240113101899623,0.0064278873614966,0.0043415646068751,0.05421107634902,-0.0244956873357296,0.0288844592869281,0.0073855523951351,0.0480167046189308,-0.0564516447484493,0.0356756672263145,-0.013986038044095,-0.0032327298540622,0.0,0.0097932703793048,0.0472813546657562,0.0673635229468345,-0.0105342622846365,0.0274462457746267,0.0083650657907128,-0.0594836957752704,0.014328776858747,-0.0511182621121406,-0.0007435114239342,-0.0647410005331039,-0.0074404338374733,-0.0428979806602001,0.0052473535761237,-0.0019029930699616,0.010439995676279,-0.0009505920461378,0.0324722938239574,-0.0410209484398365,0.016440350562334,0.0388257429003715,-0.0386779308319091,-0.0047124633565545,-0.0409656502306461,0.0695564076304435,-0.0068649277091026,-0.0424710027873516,-0.0222734957933425,0.0443547964096069,-0.0518460236489772,-0.0932357907295227,0.0231980700045824,-0.0090580051764845,0.0153845809400081,0.0464454740285873,0.003189789596945,-0.0176908373832702,-0.0262321084737777,0.0386846810579299,-0.0334693752229213,-0.0625566244125366,0.0396959669888019,0.0504761636257171,-0.0233118943870067,0.0444444455206394,-0.00080379893295,0.05951306157125,-0.0273311241612277,0.0138049914691937,0.1173633603991903,0.0481712736988357,0.0844051674810522,0.0500447254347298,0.1495177419994926,0.0235192093888709,-0.0104500927930504,0.1190476190790956,2019-02-26,2019-02-27,2019-02-28,2019-03-01,2019-03-04,2019-03-05,2019-03-06,2019-03-07,2019-03-08,2019-03-11,92040.0,2019-02-25,252.0,5.8723%,-0.001,1.394,1.6938,-0.586,2.7581%,3.3899%,33.8015%,0.059996,FOLD,92040.0,2019-02-26,252.0,-2.3312%,-0.001,1.3989,1.7047,-0.5767,2.7589%,3.3924%,33.8595%,-0.012275,FOLD,92040.0,2019-02-27,252.0,2.3045%,-0.0009,1.4054,1.6986,-0.5756,2.7601%,3.3953%,33.9164%,0.017755,FOLD,92040.0,2019-02-28,252.0,-2.6549%,-0.0011,1.4223,1.7094,-0.558,2.7602%,3.3993%,34.0684%,-0.024071,FOLD,92040.0,2019-03-01,252.0,15.0413%,-0.0003,1.4086,1.6893,-0.6411,2.8524%,3.4817%,32.8837%,0.132893,FOLD,92040.0,2019-03-04,252.0,-0.1437%,-0.0004,1.4218,1.6316,-0.6414,2.8467%,3.4761%,32.9344%,0.015055,FOLD,92040.0,2019-03-05,252.0,-2.4460%,-0.0003,1.4321,1.6994,-0.6273,2.8417%,3.4797%,33.3063%,-0.018615,FOLD,92040.0,2019-03-06,252.0,-3.5398%,-0.0002,1.4526,1.6854,-0.6061,2.8319%,3.4816%,33.8393%,-0.001795,FOLD,92040.0,2019-03-07,252.0,-0.3058%,-0.0003,1.4401,1.6397,-0.6356,2.8233%,3.4666%,33.6720%,0.007943,FOLD,92040.0,2019-03-08,252.0,0.1534%,-0.0003,1.4399,1.6361,-0.6357,2.8233%,3.4645%,33.5916%,0.002712,FOLD,92040.0,2019-03-11,252.0,3.2925%,-0.0003,1.441,1.6421,-0.6329,2.8231%,3.4705%,33.8297%,0.002184,FOLD,0.047721,0.065476,0.041405,0.189353,0.181782
40227,GENERAL DYNAMICS CORP,"Raytheon And General Dynamics Will Operate The U.S. Army's Ronald Reagan Ballistic Missile Defense Test Site, Safely Managing Space Vehicle And Ballistic Missile Launches And Missile Defense Tests Conducted From Islands In The 750,000-Square-Mile Pacific",6,increase,0.75,0.6,"the collaboration with raytheon to operate a significant military test site suggests increased business opportunities and revenue potential for general dynamics corp, likely positively impacting its stock price.",2,2019-02-25,GD,2019-02-25 18:02:00+00:00,12052.0,36955010,0.0034774900414049,951883.0,-0.0181356091052293,0.0053020357154309,-0.0038823743816465,-0.0161650441586971,0.0051966747269034,-0.0018880984280258,-0.0055222795344889,-0.0026250097434967,-0.0149456448853015,0.0182452015578746,0.0076761543750762,-0.007954747416079,-0.0092840418219566,0.0041676387190818,-0.0007809508242644,0.0107061481103301,-0.0012023382587358,-0.0069137956015765,0.020284067839384,-0.0084682367742061,-0.0043654665350914,0.0048043634742498,0.0174793917685747,0.0031354853417724,-0.0124039417132735,-0.0136876432225108,0.0011792968725785,0.0330119021236896,0.0110725304111838,-0.0125021869316697,-0.00553385540843,0.0015212363796308,-0.0130622992292046,-0.0289204344153404,0.0079529723152518,0.0221267063170671,-0.0234351754188537,0.0056652328930795,0.0046426830813288,0.002341610379517,0.001680463203229,0.0119069358333945,-0.0020371261052787,0.0095084104686975,0.007204592693597,-0.0080673899501562,0.0090605886653065,0.0172580294311046,0.0178993307054042,0.0186430010944604,-0.0137542523443698,0.0028197052888572,-0.0128869153559207,-0.0084483036771416,0.0084649669006466,0.004395343363285,0.0115268481895327,0.0084959976375103,0.0068957922048866,0.0095090046525001,-0.0181660167872905,0.0141181787475943,0.0011822247179225,6.309338641585782e-05,0.0181850250810384,0.0055776736699044,0.0204164981842041,0.0286888517439365,-0.0167495161294937,-0.0247361026704311,0.0101163107901811,0.0003179682535119,0.0045469854958355,0.0121684223413467,0.0132928853854537,0.0012894031824544,0.0010177702642977,0.0193861927837133,0.0301643591374158,0.0267187859863042,-0.0089927036315202,-0.0151504995301365,-0.0213024448603391,-0.026647662743926,0.0067277387715876,-0.0275489315390586,0.0064019728451967,-0.0234628841280937,-0.0027342529501765,-0.0039155669510364,-0.0130371628329157,-0.0326685458421707,-0.010317999869585,-0.0119290882721543,0.0121440971270203,-0.0012265314580872,-0.0075273178517818,-0.006095100659877,-0.0278284940868616,0.000406546605518,-0.0128460964187979,0.0287967007607221,0.0223424434661865,-0.0212840568274259,0.0059866243973374,-0.0124725056812167,-0.0294083449989557,-0.0462081544101238,0.0029763674829155,-0.0179565791040659,-0.0045700292102992,0.014931115321815,0.0126997670158743,0.0007691006176173,-0.0204887297004461,0.0189767088741064,0.0175512302666902,-0.0058434139937162,0.0127591928467154,0.008022035472095,-0.0181356091052293,0.0053020357154309,-0.0219475742626902,-0.0109487160847371,-0.0168649539402745,-0.0128161422591345,-0.036906545661188,0.0025565789371364,-0.0209657208386485,-0.0060487523174398,-0.0048515455818183,0.0783609257251729,-0.0038690252450662,-0.02665616914218,2019-02-26,2019-02-27,2019-02-28,2019-03-01,2019-03-04,2019-03-05,2019-03-06,2019-03-07,2019-03-08,2019-03-11,12052.0,2019-02-25,252.0,0.3477%,-0.0009,0.8683,0.137,0.1999,1.0991%,1.4078%,39.0470%,0.002799,GD,12052.0,2019-02-26,252.0,-1.8136%,-0.001,0.876,0.1496,0.212,1.1017%,1.4117%,39.0986%,-0.0153099999999999,GD,12052.0,2019-02-27,252.0,-0.3882%,-0.0011,0.8678,0.163,0.2106,1.0959%,1.4014%,38.8514%,-0.004801,GD,12052.0,2019-02-28,252.0,0.5197%,-0.001,0.8655,0.1618,0.2068,1.0974%,1.4000%,38.5504%,0.008281,GD,12052.0,2019-03-01,252.0,-0.5522%,-0.0011,0.8666,0.1634,0.2133,1.0989%,1.3999%,38.3796%,-0.011486,GD,12052.0,2019-03-04,252.0,-1.4946%,-0.0011,0.8654,0.1762,0.2117,1.1001%,1.3999%,38.2516%,-0.010708,GD,12052.0,2019-03-05,252.0,0.7676%,-0.0011,0.8606,0.1459,0.2041,1.0991%,1.3952%,37.9409%,0.010111,GD,12052.0,2019-03-06,252.0,-0.9284%,-0.0011,0.8614,0.1435,0.2047,1.0990%,1.3955%,37.9779%,-0.000388,GD,12052.0,2019-03-07,252.0,-0.0781%,-0.0011,0.8583,0.1442,0.2008,1.1001%,1.3955%,37.8553%,0.0069689999999999,GD,12052.0,2019-03-08,252.0,-0.1202%,-0.0011,0.8585,0.1366,0.2015,1.0993%,1.3947%,37.8720%,0.0008649999999999,GD,12052.0,2019-03-11,252.0,2.0284%,-0.001,0.8632,0.1414,0.2019,1.1007%,1.4010%,38.2724%,0.007958,GD,-0.012511,-0.017312,-0.009031,-0.031225,-0.00571
40235,GERON CORP,Traders Circulating Weekend Motley Fool Article 'Could Geron Be a Millionaire-Maker Stock?',6,increase,0.7,0.6,"the mention of geron corp as a potential 'millionaire-maker stock' in a popular financial publication like motley fool is likely to attract positive attention and interest from investors, potentially driving up the stock price.",2,2019-02-25,GERN,2019-02-25 15:24:00+00:00,83756.0,37416310,0.0410958491265773,5359828.0,0.01973682269454,-0.0068027144297957,0.0129032908007502,-0.0067567504011094,-0.0700637027621269,-0.0512820035219192,0.0479451566934585,0.0612244307994842,-0.01307188346982,0.0352113172411918,-0.0132450209930539,-0.0138889579102397,-0.0402684994041919,0.0992367342114448,0.0,0.0155038619413971,0.0069930837489664,-0.0076923007145524,0.0347221866250038,0.0156249850988388,0.0335570164024829,-0.0077519309706985,0.0649350807070732,-0.0152671616524457,0.0121951103210449,-0.0507246740162372,0.0060240905731916,0.1499999463558197,-0.0179640557616949,0.043478325009346,0.0365854054689407,0.1165048629045486,0.0411764308810234,0.0,0.0338983386754989,-0.0283018611371517,-0.076502725481987,-0.0363637097179889,-0.0295858401805162,0.078431412577629,0.0243902206420898,0.0099009806290268,-0.017857126891613,-0.009803912602365,-0.0121212005615234,-0.0642202273011207,0.0184048898518085,0.0,-0.0060240905731916,0.0,0.0545454770326614,0.0480769947171211,0.0057471208274364,-0.0458716228604316,0.0114285601302981,-0.0916666761040687,0.0282486286014318,0.01694923825562,0.0109890000894665,0.0085470005869865,-0.0108695542439818,0.017391288653016,0.0989010706543922,-0.0254237055778503,0.0099999904632568,0.0727272033691406,-0.0643564313650131,0.0476191192865371,-0.0158730000257492,0.0096153756603598,-0.0376344360411167,0.0399999618530273,-0.0279329344630241,-0.01960782520473,0.0172413624823093,0.0199999809265136,0.0847457498311996,-0.01960782520473,0.0,0.0276042278856039,-0.026041641831398,0.0112062320113182,0.0053475885652005,-0.0469902791082859,0.0159574318677187,-0.0462963618338108,-0.015706792473793,-0.0689654499292373,-0.0319148637354373,-0.0252101588994264,-0.0054945657029747,-0.1249999701976776,0.0055249226279556,-0.0215827133506536,-0.0109890652820467,-0.0413793511688709,0.0,0.0357143357396125,-0.0277777519077062,-0.007092191837728,0.0,-0.0536913052201271,-0.005714280065149,-0.0387096405029296,0.0,0.0333333015441894,-0.0459770374000072,-0.0740740746259689,0.0240964349359273,0.0062111741863191,0.0529411248862743,0.0387097187340259,-0.0782122835516929,0.0,-0.0787878781557083,0.0472972504794597,0.0131578827276825,-0.0326797068119049,0.0389610789716243,0.0,0.01973682269454,-0.0068027144297957,0.0328947834580006,-0.013513500587453,-0.039473649634752,-0.064102504724653,-0.0065789458225573,0.0281690714556883,-0.0197368314940944,0.1406250558307573,0.2105263393170089,0.247863326083306,0.052631601324089,-0.0457515895708208,2019-02-26,2019-02-27,2019-02-28,2019-03-01,2019-03-04,2019-03-05,2019-03-06,2019-03-07,2019-03-08,2019-03-11,83756.0,2019-02-25,252.0,4.1096%,0.001,1.2861,2.7442,0.0412,6.9452%,7.2345%,7.8378%,0.046368,GERN,83756.0,2019-02-26,252.0,1.9737%,0.0012,1.2846,2.6924,0.0137,6.9491%,7.2354%,7.7587%,0.039393,GERN,83756.0,2019-02-27,252.0,1.2903%,0.0012,1.2815,2.6994,0.0132,6.9490%,7.2356%,7.7653%,0.006548,GERN,83756.0,2019-02-28,252.0,-7.0064%,0.0009,1.3014,2.7107,0.0435,6.9618%,7.2495%,7.7797%,-0.066698,GERN,83756.0,2019-03-01,252.0,4.7945%,0.0008,1.3449,2.7755,0.097,6.9535%,7.2521%,8.0658%,0.030798,GERN,83756.0,2019-03-04,252.0,-1.3072%,0.0007,1.3589,2.7256,0.0942,6.9508%,7.2479%,8.0307%,0.004555,GERN,83756.0,2019-03-05,252.0,-1.3245%,0.0006,1.3566,2.7058,0.0937,6.9504%,7.2408%,7.8619%,-0.0023499999999999,GERN,83756.0,2019-03-06,252.0,-4.0268%,0.0007,1.3573,2.6945,0.0929,6.9504%,7.2455%,7.9813%,0.0050929999999999,GERN,83756.0,2019-03-07,252.0,0.0000%,0.0008,1.3565,2.7152,0.0977,6.9496%,7.2455%,7.9999%,0.013233,GERN,83756.0,2019-03-08,252.0,0.6993%,0.0007,1.3574,2.6834,0.1007,6.9474%,7.2387%,7.8850%,0.008696,GERN,83756.0,2019-03-11,252.0,3.4722%,0.0007,1.3597,2.6854,0.1006,6.9475%,7.2417%,7.9590%,0.005271,GERN,0.085761,0.092309,0.0256109999999999,0.060964,0.0909069999999999
40243,GRAHAM HOLDINGS CO,Graham Holdings Reports Q4 Adj. EPS Of $14.18/Share Which May Not Be Comparable To $15.63/Share Estimate,6,decrease,0.7,0.6,"the reported adjusted eps of $14.18 is below the estimate of $15.63, which may lead to negative investor sentiment and a decrease in stock price.",0,2019-02-25,GHC,2019-02-25 13:38:00+00:00,53225.0,38463710,0.0071801110170781,28841.0,-0.0180919226258993,0.0039802645333111,0.0012026153272017,0.00645396951586,0.0138950599357485,0.008951798081398,-0.004680364858359,0.0063573843799531,0.0016311079962179,0.0044335387647151,-0.0030075230170041,-0.0080155311152338,0.0003384205629117,0.0012775589711964,-0.0016033624997362,-0.0005107808974571,-0.0007661880808882,0.0012935221893712,0.0117813451215624,-0.0020414069294929,0.0010201582917943,0.0063444292172789,0.0009608273976482,-0.0009186747483909,-0.0018762225518003,-0.0025237242225557,-0.0041093002073466,0.0010225453879684,-0.0164757333695888,0.0,0.0153979454189539,0.0091047044843435,-0.0414347238838672,-0.0079633565619587,0.0201455019414424,-0.0008422916289418,0.0004644714936148,0.0010087370174005,-0.0146167017519474,0.0030808860901743,0.0234357863664627,-0.0058405995368957,0.0152957243844866,0.0052524963393807,-0.0012432178482413,0.0052038971334695,0.0004978703800588,-0.0132934208959341,0.0028103617951273,-0.0024043628945946,-0.0029338034801185,0.008236170746386,-0.0001317935384577,0.0042035039514303,0.003103946102783,-0.0051894709467887,0.0095166098326444,0.0054597477428615,0.0034121584612876,-0.0002570163633208,0.0043227667920291,0.0061307209543883,-0.0054950029589235,0.0052607469260692,0.0060159037820994,-0.0261374451220035,0.0042733536101877,0.0091226175427436,-0.0057545541785657,0.0192083474248647,0.0061469064094126,0.0191389191895723,0.003340154653415,-0.0066678882576525,0.0087523572146892,-0.0022434548009186,-0.015332187525928,0.0134217618033289,0.0232057273387908,0.0278655868023634,0.0178686510771513,-0.0149391703307628,-0.0015845828456804,-0.0039059566333889,0.016285503283143,-0.0161189716309309,0.0064913416281342,-0.0176082476973533,0.0030762574169784,0.0206073988229036,-0.0221406482160091,-0.0214775558561086,-0.0045256037265062,-0.0036653953138738,-0.009755689650774,-0.0076967985369265,-0.0072841546498239,-0.0059259664267301,-0.0368428751826286,0.0236186701804399,0.0121863652020692,0.0051710717380046,0.0201719459146261,-0.00564840529114,-0.0105013968423008,-0.0045683579519391,-0.0165261346846818,-0.0087539060041308,0.0081623094156384,0.0020031675230711,0.0092918686568737,-0.0037644419353455,-0.0038109947927296,-0.0186201594769954,-0.0124080823734402,0.0253757573664188,-0.010590985417366,0.0325154922902584,0.0131237627938389,0.0138552878051996,-0.0180919226258993,0.0039802645333111,-0.016911064922146,0.0104599225551342,-0.003250985247068,0.0195053557511928,-0.0062979383820732,0.0305354951730747,0.0003498701142765,0.0222905657142371,0.0117502958042197,0.0319185797385916,0.0092558781745351,0.086890058785997,2019-02-26,2019-02-27,2019-02-28,2019-03-01,2019-03-04,2019-03-05,2019-03-06,2019-03-07,2019-03-08,2019-03-11,53225.0,2019-02-25,252.0,0.7180%,0.0006,0.5087,0.1764,0.1863,1.0059%,1.1278%,20.4436%,0.007117,GHC,53225.0,2019-02-26,252.0,-1.8092%,0.0005,0.5039,0.2035,0.1965,1.0074%,1.1267%,20.0542%,-0.015634,GHC,53225.0,2019-02-27,252.0,0.1203%,0.0006,0.5138,0.1859,0.1982,0.9975%,1.1211%,20.8391%,0.000498,GHC,53225.0,2019-02-28,252.0,1.3895%,0.0006,0.5083,0.1826,0.1906,1.0017%,1.1220%,20.2926%,0.015846,GHC,53225.0,2019-03-01,252.0,-0.4680%,0.0006,0.5053,0.1782,0.19,1.0031%,1.1211%,19.9344%,-0.008197,GHC,53225.0,2019-03-04,252.0,0.1631%,0.0007,0.4974,0.2012,0.1928,0.9983%,1.1139%,19.6751%,0.00414,GHC,53225.0,2019-03-05,252.0,-0.3008%,0.0007,0.4962,0.1904,0.1926,0.9974%,1.1117%,19.5016%,-0.001166,GHC,53225.0,2019-03-06,252.0,0.0338%,0.0007,0.4912,0.18,0.1855,0.9977%,1.1101%,19.2155%,0.0067379999999999,GHC,53225.0,2019-03-07,252.0,-0.1603%,0.0007,0.4892,0.1748,0.1814,0.9976%,1.1093%,19.1289%,0.003073,GHC,53225.0,2019-03-08,252.0,-0.0766%,0.0006,0.4905,0.1541,0.1845,0.9905%,1.1024%,19.2761%,0.000441,GHC,53225.0,2019-03-11,252.0,1.1781%,0.0006,0.4927,0.1552,0.184,0.9908%,1.1046%,19.5489%,0.004788,GHC,-0.0085169999999999,-0.0080189999999999,0.007827,0.00377,0.017644
40251,GRAHAM HOLDINGS CO,"Graham Holdings Q4 EPS $10.61 May Not Compare To $15.63 Estimate, Sales $689.087M Miss $710.2M Estimate",6,decrease,0.8,0.7,"the significant miss in both eps and sales compared to estimates is likely to lead to a negative reaction from investors, resulting in a decrease in stock price.",0,2019-02-25,GHC,2019-02-25 13:35:00+00:00,53225.0,38463710,0.0071801110170781,28841.0,-0.0180919226258993,0.0039802645333111,0.0012026153272017,0.00645396951586,0.0138950599357485,0.008951798081398,-0.004680364858359,0.0063573843799531,0.0016311079962179,0.0044335387647151,-0.0030075230170041,-0.0080155311152338,0.0003384205629117,0.0012775589711964,-0.0016033624997362,-0.0005107808974571,-0.0007661880808882,0.0012935221893712,0.0117813451215624,-0.0020414069294929,0.0010201582917943,0.0063444292172789,0.0009608273976482,-0.0009186747483909,-0.0018762225518003,-0.0025237242225557,-0.0041093002073466,0.0010225453879684,-0.0164757333695888,0.0,0.0153979454189539,0.0091047044843435,-0.0414347238838672,-0.0079633565619587,0.0201455019414424,-0.0008422916289418,0.0004644714936148,0.0010087370174005,-0.0146167017519474,0.0030808860901743,0.0234357863664627,-0.0058405995368957,0.0152957243844866,0.0052524963393807,-0.0012432178482413,0.0052038971334695,0.0004978703800588,-0.0132934208959341,0.0028103617951273,-0.0024043628945946,-0.0029338034801185,0.008236170746386,-0.0001317935384577,0.0042035039514303,0.003103946102783,-0.0051894709467887,0.0095166098326444,0.0054597477428615,0.0034121584612876,-0.0002570163633208,0.0043227667920291,0.0061307209543883,-0.0054950029589235,0.0052607469260692,0.0060159037820994,-0.0261374451220035,0.0042733536101877,0.0091226175427436,-0.0057545541785657,0.0192083474248647,0.0061469064094126,0.0191389191895723,0.003340154653415,-0.0066678882576525,0.0087523572146892,-0.0022434548009186,-0.015332187525928,0.0134217618033289,0.0232057273387908,0.0278655868023634,0.0178686510771513,-0.0149391703307628,-0.0015845828456804,-0.0039059566333889,0.016285503283143,-0.0161189716309309,0.0064913416281342,-0.0176082476973533,0.0030762574169784,0.0206073988229036,-0.0221406482160091,-0.0214775558561086,-0.0045256037265062,-0.0036653953138738,-0.009755689650774,-0.0076967985369265,-0.0072841546498239,-0.0059259664267301,-0.0368428751826286,0.0236186701804399,0.0121863652020692,0.0051710717380046,0.0201719459146261,-0.00564840529114,-0.0105013968423008,-0.0045683579519391,-0.0165261346846818,-0.0087539060041308,0.0081623094156384,0.0020031675230711,0.0092918686568737,-0.0037644419353455,-0.0038109947927296,-0.0186201594769954,-0.0124080823734402,0.0253757573664188,-0.010590985417366,0.0325154922902584,0.0131237627938389,0.0138552878051996,-0.0180919226258993,0.0039802645333111,-0.016911064922146,0.0104599225551342,-0.003250985247068,0.0195053557511928,-0.0062979383820732,0.0305354951730747,0.0003498701142765,0.0222905657142371,0.0117502958042197,0.0319185797385916,0.0092558781745351,0.086890058785997,2019-02-26,2019-02-27,2019-02-28,2019-03-01,2019-03-04,2019-03-05,2019-03-06,2019-03-07,2019-03-08,2019-03-11,53225.0,2019-02-25,252.0,0.7180%,0.0006,0.5087,0.1764,0.1863,1.0059%,1.1278%,20.4436%,0.007117,GHC,53225.0,2019-02-26,252.0,-1.8092%,0.0005,0.5039,0.2035,0.1965,1.0074%,1.1267%,20.0542%,-0.015634,GHC,53225.0,2019-02-27,252.0,0.1203%,0.0006,0.5138,0.1859,0.1982,0.9975%,1.1211%,20.8391%,0.000498,GHC,53225.0,2019-02-28,252.0,1.3895%,0.0006,0.5083,0.1826,0.1906,1.0017%,1.1220%,20.2926%,0.015846,GHC,53225.0,2019-03-01,252.0,-0.4680%,0.0006,0.5053,0.1782,0.19,1.0031%,1.1211%,19.9344%,-0.008197,GHC,53225.0,2019-03-04,252.0,0.1631%,0.0007,0.4974,0.2012,0.1928,0.9983%,1.1139%,19.6751%,0.00414,GHC,53225.0,2019-03-05,252.0,-0.3008%,0.0007,0.4962,0.1904,0.1926,0.9974%,1.1117%,19.5016%,-0.001166,GHC,53225.0,2019-03-06,252.0,0.0338%,0.0007,0.4912,0.18,0.1855,0.9977%,1.1101%,19.2155%,0.0067379999999999,GHC,53225.0,2019-03-07,252.0,-0.1603%,0.0007,0.4892,0.1748,0.1814,0.9976%,1.1093%,19.1289%,0.003073,GHC,53225.0,2019-03-08,252.0,-0.0766%,0.0006,0.4905,0.1541,0.1845,0.9905%,1.1024%,19.2761%,0.000441,GHC,53225.0,2019-03-11,252.0,1.1781%,0.0006,0.4927,0.1552,0.184,0.9908%,1.1046%,19.5489%,0.004788,GHC,-0.0085169999999999,-0.0080189999999999,0.007827,0.00377,0.017644
40259,GENWORTH FINANCIAL INC,"Genworth Financial shares are trading lower despite no company company-specific news; Hindenberg Research said the price dip may potentially be due to Oceanwide's LA development, which owes contractors and is being still stalled due to financial troubles.",6,decrease,0.75,0.6,"the mention of financial troubles related to oceanwide's la development could negatively impact investor sentiment towards genworth financial, leading to a decrease in stock price.",0,2019-02-25,GNW,2019-02-25 17:33:00+00:00,90162.0,37247D10,-0.0651163235306739,21883076.0,-0.0422885753214359,-0.052863385528326,0.0233766641467809,0.0111359003931284,-0.0177665408700704,-0.0110132582485675,-0.0077519309706985,-0.002197852358222,0.0130208833143115,0.0,0.0205655321478843,-0.0087145883589982,-0.0201511140912771,-0.0043383906595408,-0.0231362860649824,-0.0021644486114382,-0.0447367988526821,0.0021691436413675,-0.0082645202055573,-0.0149572007358074,0.0527777932584285,-0.010570865124464,0.0369393415749073,-0.0145833687856793,-0.0305343829095363,-0.0041493736207485,0.049868781119585,-0.0041322275064885,-0.0099999904632568,0.0,0.0,0.0210971273481845,-0.010101000778377,-0.0021053112577646,0.0076530538499355,0.0021097529679536,-0.0303797777742147,-0.0083682918921113,0.0052219270728528,-0.0164608899503946,0.020779263228178,-0.0020533371716737,-0.0101781068369746,0.0124740004539489,-0.0128535190597176,-0.0399202145636081,-0.0026041641831398,0.0060241385363042,0.0391645170748233,0.0020121184643357,-0.0175879225134849,0.0,0.0025575421750545,0.0354165807366371,0.0178571250289678,0.0,0.0025062633212655,0.0062893521972,-0.0074999928474426,0.0021007880568504,-0.0277078412473201,0.0021053112577646,-0.0051813423633575,0.0042283255606889,0.0078124925494194,-0.0125260837376117,0.002584038535133,0.0191489700227975,-0.0103093292564153,-0.0063425390981137,0.0,0.0150214964523911,-0.0208333134651184,0.0130434660241007,-0.0026595718227326,-0.004329000134021,-0.0133333206176757,-0.0170212611556053,0.0405405014753341,0.0421285070478916,-0.0207792017608881,0.0,0.0,0.0687204897403717,0.0159151051193475,-0.0093897739425301,0.0078328913077712,-0.0023418623022735,-0.0181346982717514,-0.0228832736611366,0.0052770399488508,-0.0179775115102529,-0.0183726865798234,0.0113635715097188,0.0374331846833229,0.0,0.0128865856677293,0.0208817068487405,-0.0356234349310398,0.0117370216175913,-0.0052770399488508,-0.0161662120372057,-0.0238726567476987,0.0164318531751632,-0.0217391736805439,-0.0637362524867057,-0.0749999955296516,-0.0421052239835262,0.0300300735980272,0.0193133372813463,-0.0145772453397512,-0.0127118527889251,-0.0059172245673835,-0.0125523889437317,-0.0089285634458065,0.0598669536411762,0.0270270742475986,-0.0044150068424642,0.0,0.0022124401293694,-0.0422885753214359,-0.052863385528326,-0.0199004769971899,-0.0423161665308846,-0.037313455229356,-0.0528633859093582,-0.0323382763839459,-0.0549450523501957,-0.1044776298389225,-0.0811965069653974,-0.0124378010523152,-0.0966386615950274,-0.1492537043235949,-0.048672521813899,2019-02-26,2019-02-27,2019-02-28,2019-03-01,2019-03-04,2019-03-05,2019-03-06,2019-03-07,2019-03-08,2019-03-11,90162.0,2019-02-25,252.0,-6.5116%,0.0022,1.075,0.9445,1.5772,2.9690%,3.1874%,13.2368%,-0.061631,GNW,90162.0,2019-02-26,252.0,-4.2289%,0.002,1.0807,0.9828,1.6009,2.9756%,3.1986%,13.4587%,-0.029419,GNW,90162.0,2019-02-27,252.0,2.3377%,0.0022,1.091,0.9706,1.6027,2.9750%,3.2000%,13.5660%,0.022358,GNW,90162.0,2019-02-28,252.0,-1.7767%,0.0022,1.0948,0.9728,1.6084,2.9761%,3.2014%,13.5817%,-0.010672,GNW,90162.0,2019-03-01,252.0,-0.7752%,0.0022,1.0817,0.9534,1.5948,2.9756%,3.1934%,13.1729%,-0.012112,GNW,90162.0,2019-03-04,252.0,1.3021%,0.0022,1.0807,0.9442,1.5979,2.9769%,3.1941%,13.1388%,0.01615,GNW,90162.0,2019-03-05,252.0,2.0566%,0.0022,1.07,0.8787,1.5804,2.9765%,3.1870%,12.7722%,0.029075,GNW,90162.0,2019-03-06,252.0,-2.0151%,0.0021,1.0616,0.8932,1.5729,2.9744%,3.1843%,12.7511%,-0.0008129999999999,GNW,90162.0,2019-03-07,252.0,-2.3136%,0.0017,1.0449,0.7887,1.5209,2.9212%,3.1232%,12.5182%,-0.008705,GNW,90162.0,2019-03-08,252.0,-4.4737%,0.0017,1.0475,0.8382,1.5226,2.9192%,3.1239%,12.6799%,-0.040337,GNW,90162.0,2019-03-11,252.0,-0.8265%,0.0017,1.037,0.8236,1.5197,2.9218%,3.1237%,12.5094%,-0.019062,GNW,-0.0910499999999999,-0.0686919999999999,-0.0793639999999999,-0.0753259999999999,-0.1151679999999999
40267,GENWORTH FINANCIAL INC,'$GNW down hard. Not much news we see other than Oceanwide's $1b LA development owing contractors $50m and still stalled due to financial troubles. Oceanwide also attempting to sell off their NYC development.' -Hindenberg Research Tweets,6,decrease,0.7,0.6,"the news highlights financial troubles related to oceanwide's developments, which could negatively impact investor sentiment towards genworth financial due to its association with oceanwide's projects.",0,2019-02-25,GNW,2019-02-25 16:32:00+00:00,90162.0,37247D10,-0.0651163235306739,21883076.0,-0.0422885753214359,-0.052863385528326,0.0233766641467809,0.0111359003931284,-0.0177665408700704,-0.0110132582485675,-0.0077519309706985,-0.002197852358222,0.0130208833143115,0.0,0.0205655321478843,-0.0087145883589982,-0.0201511140912771,-0.0043383906595408,-0.0231362860649824,-0.0021644486114382,-0.0447367988526821,0.0021691436413675,-0.0082645202055573,-0.0149572007358074,0.0527777932584285,-0.010570865124464,0.0369393415749073,-0.0145833687856793,-0.0305343829095363,-0.0041493736207485,0.049868781119585,-0.0041322275064885,-0.0099999904632568,0.0,0.0,0.0210971273481845,-0.010101000778377,-0.0021053112577646,0.0076530538499355,0.0021097529679536,-0.0303797777742147,-0.0083682918921113,0.0052219270728528,-0.0164608899503946,0.020779263228178,-0.0020533371716737,-0.0101781068369746,0.0124740004539489,-0.0128535190597176,-0.0399202145636081,-0.0026041641831398,0.0060241385363042,0.0391645170748233,0.0020121184643357,-0.0175879225134849,0.0,0.0025575421750545,0.0354165807366371,0.0178571250289678,0.0,0.0025062633212655,0.0062893521972,-0.0074999928474426,0.0021007880568504,-0.0277078412473201,0.0021053112577646,-0.0051813423633575,0.0042283255606889,0.0078124925494194,-0.0125260837376117,0.002584038535133,0.0191489700227975,-0.0103093292564153,-0.0063425390981137,0.0,0.0150214964523911,-0.0208333134651184,0.0130434660241007,-0.0026595718227326,-0.004329000134021,-0.0133333206176757,-0.0170212611556053,0.0405405014753341,0.0421285070478916,-0.0207792017608881,0.0,0.0,0.0687204897403717,0.0159151051193475,-0.0093897739425301,0.0078328913077712,-0.0023418623022735,-0.0181346982717514,-0.0228832736611366,0.0052770399488508,-0.0179775115102529,-0.0183726865798234,0.0113635715097188,0.0374331846833229,0.0,0.0128865856677293,0.0208817068487405,-0.0356234349310398,0.0117370216175913,-0.0052770399488508,-0.0161662120372057,-0.0238726567476987,0.0164318531751632,-0.0217391736805439,-0.0637362524867057,-0.0749999955296516,-0.0421052239835262,0.0300300735980272,0.0193133372813463,-0.0145772453397512,-0.0127118527889251,-0.0059172245673835,-0.0125523889437317,-0.0089285634458065,0.0598669536411762,0.0270270742475986,-0.0044150068424642,0.0,0.0022124401293694,-0.0422885753214359,-0.052863385528326,-0.0199004769971899,-0.0423161665308846,-0.037313455229356,-0.0528633859093582,-0.0323382763839459,-0.0549450523501957,-0.1044776298389225,-0.0811965069653974,-0.0124378010523152,-0.0966386615950274,-0.1492537043235949,-0.048672521813899,2019-02-26,2019-02-27,2019-02-28,2019-03-01,2019-03-04,2019-03-05,2019-03-06,2019-03-07,2019-03-08,2019-03-11,90162.0,2019-02-25,252.0,-6.5116%,0.0022,1.075,0.9445,1.5772,2.9690%,3.1874%,13.2368%,-0.061631,GNW,90162.0,2019-02-26,252.0,-4.2289%,0.002,1.0807,0.9828,1.6009,2.9756%,3.1986%,13.4587%,-0.029419,GNW,90162.0,2019-02-27,252.0,2.3377%,0.0022,1.091,0.9706,1.6027,2.9750%,3.2000%,13.5660%,0.022358,GNW,90162.0,2019-02-28,252.0,-1.7767%,0.0022,1.0948,0.9728,1.6084,2.9761%,3.2014%,13.5817%,-0.010672,GNW,90162.0,2019-03-01,252.0,-0.7752%,0.0022,1.0817,0.9534,1.5948,2.9756%,3.1934%,13.1729%,-0.012112,GNW,90162.0,2019-03-04,252.0,1.3021%,0.0022,1.0807,0.9442,1.5979,2.9769%,3.1941%,13.1388%,0.01615,GNW,90162.0,2019-03-05,252.0,2.0566%,0.0022,1.07,0.8787,1.5804,2.9765%,3.1870%,12.7722%,0.029075,GNW,90162.0,2019-03-06,252.0,-2.0151%,0.0021,1.0616,0.8932,1.5729,2.9744%,3.1843%,12.7511%,-0.0008129999999999,GNW,90162.0,2019-03-07,252.0,-2.3136%,0.0017,1.0449,0.7887,1.5209,2.9212%,3.1232%,12.5182%,-0.008705,GNW,90162.0,2019-03-08,252.0,-4.4737%,0.0017,1.0475,0.8382,1.5226,2.9192%,3.1239%,12.6799%,-0.040337,GNW,90162.0,2019-03-11,252.0,-0.8265%,0.0017,1.037,0.8236,1.5197,2.9218%,3.1237%,12.5094%,-0.019062,GNW,-0.0910499999999999,-0.0686919999999999,-0.0793639999999999,-0.0753259999999999,-0.1151679999999999
40275,GARMIN LTD,"Credit Suisse Maintains Underperform on Garmin, Raises Price Target to $71",6,decrease,0.7,0.5,"credit suisse maintaining an 'underperform' rating suggests a negative outlook for garmin, which could lead to a decrease in stock price despite the raised price target.",0,2019-02-25,GRMN,2019-02-25 15:18:00+00:00,88837.0,H2906T10,0.0057782996445894,1751357.0,0.0011968697654083,0.007886454463005,0.0062163374386727,-0.0077052661217749,-0.0023761072661727,0.1703536212444305,0.0085745053365826,-0.0090756984427571,0.0005903344135731,0.0032217868138104,-0.0090865781530737,-0.0001400859327986,-0.0057163671590387,-0.0020964574068784,-0.0057491404004395,0.0141743440181016,-0.0039754468016326,0.0041275392286479,0.0142718954011797,0.0097729275003075,0.0079894848167896,-0.0027231592684984,-0.0069797271862626,0.0018667038530111,-0.0046461941674351,0.0010061764623969,0.0025288907345384,0.0033170373644679,0.0084083713591098,0.0023127498570829,-0.0032161602284759,0.001157768885605,0.0064531657844781,0.0061152908019721,0.0043931975960731,0.0155256995931267,-0.0119398813694715,-0.0138525012880563,0.0067001380957663,0.0082329493016004,0.0128357717767357,0.0056179370731115,0.0078619830310344,0.0037097493186593,-0.0032599694095551,-0.0075110769830644,0.0086438246071338,0.0128281712532043,0.0177185740321874,0.0053989291191101,0.0042103179730474,0.0063386382535099,0.0035127201117575,0.0076034059748053,-0.0040650474838912,-0.0121676065027713,-0.0003401222347747,0.0078727724030613,0.0105478093028068,0.0056334156543016,-0.0097642550244927,0.0138932010158896,0.0064603840000927,0.0093486830592155,0.0023648545611649,0.0072190691716969,-0.0006741398246958,0.0379540957510471,-0.003260183148086,-0.018074233084917,-0.0100384270772337,-0.0126342270523309,-0.0180015303194522,0.0079592484980821,0.0039447303861379,-0.002223624382168,-0.0053160646930336,0.0122186224907636,0.010108083486557,0.0272502321749925,-0.0036806957796216,-0.0127181243151426,-0.010505698621273,-0.0127172749489545,0.001050098799169,-0.0009649625862948,-0.0039627500809729,-0.0217117853462696,0.0032763723284006,0.0071304193697869,-0.0662468001246452,-0.0311636291444301,-0.0162377655506134,-0.0145234353840351,0.0100304838269949,0.0054323496297001,-0.0030170395039021,0.0134576736018061,-0.0118521600961685,0.0070845382288098,0.0039555639959871,0.0038651823997497,-0.0015252000885084,-0.0053821080364286,0.0095468433573842,-0.0206325706094503,-0.025595748797059,-0.0316464677453041,0.0091873593628406,0.0286528039723634,0.0133350547403097,0.0103061571717262,0.0048083625733852,-0.0060258195735514,-0.0159930009394884,0.0156058240681886,-0.0112618030980229,-0.0077425553463399,0.0056949881836771,0.0135406199842691,0.0011968697654083,0.007886454463005,0.007420647350413,0.0001204211108354,0.0050269078301512,0.170494556527571,0.0142429056559194,0.1636083596109638,0.0037103240907778,0.1938775210203003,0.0729768218490292,0.2647685702240887,-0.0643064312293628,0.288445466639762,2019-02-26,2019-02-27,2019-02-28,2019-03-01,2019-03-04,2019-03-05,2019-03-06,2019-03-07,2019-03-08,2019-03-11,88837.0,2019-02-25,252.0,0.5778%,0.0013,0.7724,0.3343,0.0524,1.3598%,1.5937%,27.2048%,0.005516,GRMN,88837.0,2019-02-26,252.0,0.1197%,0.0014,0.7794,0.323,0.0518,1.3576%,1.5937%,27.4346%,0.004645,GRMN,88837.0,2019-02-27,252.0,0.6216%,0.0014,0.781,0.3211,0.0521,1.3576%,1.5938%,27.4461%,0.004863,GRMN,88837.0,2019-02-28,252.0,-0.2376%,0.0014,0.7823,0.3219,0.0534,1.3576%,1.5931%,27.3814%,1.1e-05,GRMN,88837.0,2019-03-01,252.0,0.8575%,0.0014,0.7778,0.3153,0.0462,1.3567%,1.5897%,27.1603%,0.002132,GRMN,88837.0,2019-03-04,252.0,0.0590%,0.0014,0.7765,0.316,0.0474,1.3569%,1.5889%,27.0640%,0.005626,GRMN,88837.0,2019-03-05,252.0,-0.9087%,0.0014,0.778,0.3227,0.0515,1.3579%,1.5895%,27.0218%,-0.006763,GRMN,88837.0,2019-03-06,252.0,-0.5716%,0.0014,0.7796,0.3132,0.052,1.3576%,1.5902%,27.1131%,0.004775,GRMN,88837.0,2019-03-07,252.0,-0.5749%,0.0015,0.7806,0.317,0.0543,1.3575%,1.5908%,27.1840%,0.000945,GRMN,88837.0,2019-03-08,252.0,-0.3975%,0.0014,0.781,0.3182,0.055,1.3577%,1.5912%,27.1949%,-0.002414,GRMN,88837.0,2019-03-11,252.0,1.4272%,0.0015,0.7813,0.3142,0.0526,1.3574%,1.5931%,27.3973%,0.001685,GRMN,0.010161,0.015024,0.015035,0.022793,0.021021
40283,GRANITE CONSTRUCTION INC,"Granite Announces A $21 Million Joint Venture Contract By The City Of Atlanta For The Sewer Group Three Rehabilitation, Contract D Project In Atlanta, Georgia",6,increase,0.7,0.6,"the announcement of a $21 million joint venture contract is likely to be viewed positively by investors, indicating growth opportunities for granite construction inc.",2,2019-02-25,GVA,2019-02-25 13:34:00+00:00,76135.0,38732810,0.0085671776905655,278374.0,-0.0178381856530904,-0.0025636134669184,0.0012973269913345,-0.0334503166377544,0.0053984019905328,0.0683873444795608,0.0285652484744787,-0.0032981026452034,0.0064731962047517,0.0144991679117083,-0.0006224604439921,0.0024597630836069,-0.0220053475350141,0.0140590192750096,0.0067926063202321,0.0573003925383091,-0.011806902475655,-0.0109082069247961,0.0125880129635334,-0.000710961932782,-0.0033712568692862,-0.0393808223307132,-0.0135306427255272,-0.0006824108422733,-0.0102871740236878,0.0157116521149873,-0.0025985043030232,0.0193122867494821,0.0169344060122966,-0.0175845008343458,-0.0160119552165269,0.0046490179374814,-0.016272509470582,-0.0004646946326829,0.0119100334122777,-0.0198132302612066,-0.0603749006986618,-0.0004552801547106,0.0125261172652244,0.0183124933391809,-0.0048110629431903,0.0122008556500077,0.000230251767789,-0.020229909569025,0.0002301740605616,-0.0204908773303031,-0.0041541727259755,0.0294390469789505,0.0410196185111999,0.0119633665308356,-0.0251557733863592,-0.0014054242055863,-0.0004567357245832,-0.0118056051433086,0.0166780799627304,-0.0107624782249331,0.008539349772036,-0.0133303245529532,-0.0153743857517838,0.02643783390522,-0.0312287230044603,0.0023244647309184,0.0156505052000284,0.0134275546297431,0.0131094688549637,0.0162796340882778,0.0097616417333483,0.0416459366679191,0.0227068830281496,-0.0069341897033154,0.0169267226010561,0.002482678508386,-0.0112407403066754,0.0072517399676144,0.0144293792545795,-0.0110918907448649,-0.0040948800742626,-0.0031941293273121,-0.0186107046902179,0.0484286732971668,0.0260198526084423,-0.0122137293219566,-0.0655490905046463,-0.0070743453688919,0.0354186035692691,-0.0104999542236328,-0.0106619177386164,-0.0191269945353269,0.0078580705448985,0.0126644726842641,0.0131432423368096,-0.0032178480178117,-0.0008795275934971,-0.0225018206983804,0.0338908657431602,-0.033216331154108,-0.0029799784533679,0.0096835112199187,-0.0401366576552391,-0.0273374374955892,-0.0146797122433781,-0.0430864542722702,-0.0293453559279441,-0.0317155793309211,0.0100000072270631,0.010539854876697,-0.0448998548090457,-0.0606183037161827,0.0279652811586856,-0.0225162822753191,-0.0100844353437423,0.0005929366452619,0.0018953288672491,-0.0174757577478885,-0.0241191871464252,0.011986649595201,-0.0079961670562624,-0.0334283411502838,0.0127015262842178,0.0247177965939045,-0.0178381856530904,-0.0025636134669184,-0.0165640006214801,-0.0359281764224677,-0.0112550177648734,0.0300021354795674,0.0235718959070716,0.0414900021852311,0.0078572709842423,0.1063980518205589,-0.0587687715993162,0.0827922018488815,-0.1169167869873999,-0.0883266245981597,2019-02-26,2019-02-27,2019-02-28,2019-03-01,2019-03-04,2019-03-05,2019-03-06,2019-03-07,2019-03-08,2019-03-11,76135.0,2019-02-25,252.0,0.8567%,-0.0008,1.2068,1.323,0.7286,1.9521%,2.3586%,31.4994%,0.011409,GVA,76135.0,2019-02-26,252.0,-1.7838%,-0.0008,1.2154,1.3207,0.7339,1.9506%,2.3611%,31.7467%,-0.0051359999999999,GVA,76135.0,2019-02-27,252.0,0.1297%,-0.0008,1.2158,1.3197,0.734,1.9506%,2.3609%,31.7348%,-0.0015249999999999,GVA,76135.0,2019-02-28,252.0,0.5398%,-0.0007,1.213,1.3182,0.7293,1.9519%,2.3583%,31.4960%,0.010638,GVA,76135.0,2019-03-01,252.0,2.8565%,-0.0006,1.2148,1.3209,0.723,1.9556%,2.3601%,31.3377%,0.018836,GVA,76135.0,2019-03-04,252.0,0.6473%,-0.0006,1.214,1.3091,0.7264,1.9581%,2.3605%,31.1879%,0.015164,GVA,76135.0,2019-03-05,252.0,-0.0622%,-0.0005,1.2145,1.3177,0.7239,1.9581%,2.3592%,31.1111%,0.007153,GVA,76135.0,2019-03-06,252.0,-2.2005%,-0.0005,1.2135,1.3067,0.7212,1.9583%,2.3626%,31.2962%,0.00442,GVA,76135.0,2019-03-07,252.0,0.6793%,-0.0004,1.2067,1.3134,0.7141,1.9614%,2.3629%,31.0991%,0.019948,GVA,76135.0,2019-03-08,252.0,-1.1807%,-0.0004,1.2082,1.3063,0.7169,1.9617%,2.3623%,31.0401%,-0.008685,GVA,76135.0,2019-03-11,252.0,1.2588%,-0.0005,1.205,1.307,0.719,1.9619%,2.3637%,31.1098%,-0.006479,GVA,0.006273,0.004748,0.015386,0.049386,0.065743
40291,GRANITE CONSTRUCTION INC,"Granite Wins $21M Joint Venture Contract By City Of Atlanta For Sewer Group Three Rehab, Contract D In Atlanta, Georgia",6,increase,0.8,0.6,"winning a $21m contract indicates strong business performance and potential revenue growth, which is likely to positively impact the stock price.",2,2019-02-25,GVA,2019-02-25 13:32:00+00:00,76135.0,38732810,0.0085671776905655,278374.0,-0.0178381856530904,-0.0025636134669184,0.0012973269913345,-0.0334503166377544,0.0053984019905328,0.0683873444795608,0.0285652484744787,-0.0032981026452034,0.0064731962047517,0.0144991679117083,-0.0006224604439921,0.0024597630836069,-0.0220053475350141,0.0140590192750096,0.0067926063202321,0.0573003925383091,-0.011806902475655,-0.0109082069247961,0.0125880129635334,-0.000710961932782,-0.0033712568692862,-0.0393808223307132,-0.0135306427255272,-0.0006824108422733,-0.0102871740236878,0.0157116521149873,-0.0025985043030232,0.0193122867494821,0.0169344060122966,-0.0175845008343458,-0.0160119552165269,0.0046490179374814,-0.016272509470582,-0.0004646946326829,0.0119100334122777,-0.0198132302612066,-0.0603749006986618,-0.0004552801547106,0.0125261172652244,0.0183124933391809,-0.0048110629431903,0.0122008556500077,0.000230251767789,-0.020229909569025,0.0002301740605616,-0.0204908773303031,-0.0041541727259755,0.0294390469789505,0.0410196185111999,0.0119633665308356,-0.0251557733863592,-0.0014054242055863,-0.0004567357245832,-0.0118056051433086,0.0166780799627304,-0.0107624782249331,0.008539349772036,-0.0133303245529532,-0.0153743857517838,0.02643783390522,-0.0312287230044603,0.0023244647309184,0.0156505052000284,0.0134275546297431,0.0131094688549637,0.0162796340882778,0.0097616417333483,0.0416459366679191,0.0227068830281496,-0.0069341897033154,0.0169267226010561,0.002482678508386,-0.0112407403066754,0.0072517399676144,0.0144293792545795,-0.0110918907448649,-0.0040948800742626,-0.0031941293273121,-0.0186107046902179,0.0484286732971668,0.0260198526084423,-0.0122137293219566,-0.0655490905046463,-0.0070743453688919,0.0354186035692691,-0.0104999542236328,-0.0106619177386164,-0.0191269945353269,0.0078580705448985,0.0126644726842641,0.0131432423368096,-0.0032178480178117,-0.0008795275934971,-0.0225018206983804,0.0338908657431602,-0.033216331154108,-0.0029799784533679,0.0096835112199187,-0.0401366576552391,-0.0273374374955892,-0.0146797122433781,-0.0430864542722702,-0.0293453559279441,-0.0317155793309211,0.0100000072270631,0.010539854876697,-0.0448998548090457,-0.0606183037161827,0.0279652811586856,-0.0225162822753191,-0.0100844353437423,0.0005929366452619,0.0018953288672491,-0.0174757577478885,-0.0241191871464252,0.011986649595201,-0.0079961670562624,-0.0334283411502838,0.0127015262842178,0.0247177965939045,-0.0178381856530904,-0.0025636134669184,-0.0165640006214801,-0.0359281764224677,-0.0112550177648734,0.0300021354795674,0.0235718959070716,0.0414900021852311,0.0078572709842423,0.1063980518205589,-0.0587687715993162,0.0827922018488815,-0.1169167869873999,-0.0883266245981597,2019-02-26,2019-02-27,2019-02-28,2019-03-01,2019-03-04,2019-03-05,2019-03-06,2019-03-07,2019-03-08,2019-03-11,76135.0,2019-02-25,252.0,0.8567%,-0.0008,1.2068,1.323,0.7286,1.9521%,2.3586%,31.4994%,0.011409,GVA,76135.0,2019-02-26,252.0,-1.7838%,-0.0008,1.2154,1.3207,0.7339,1.9506%,2.3611%,31.7467%,-0.0051359999999999,GVA,76135.0,2019-02-27,252.0,0.1297%,-0.0008,1.2158,1.3197,0.734,1.9506%,2.3609%,31.7348%,-0.0015249999999999,GVA,76135.0,2019-02-28,252.0,0.5398%,-0.0007,1.213,1.3182,0.7293,1.9519%,2.3583%,31.4960%,0.010638,GVA,76135.0,2019-03-01,252.0,2.8565%,-0.0006,1.2148,1.3209,0.723,1.9556%,2.3601%,31.3377%,0.018836,GVA,76135.0,2019-03-04,252.0,0.6473%,-0.0006,1.214,1.3091,0.7264,1.9581%,2.3605%,31.1879%,0.015164,GVA,76135.0,2019-03-05,252.0,-0.0622%,-0.0005,1.2145,1.3177,0.7239,1.9581%,2.3592%,31.1111%,0.007153,GVA,76135.0,2019-03-06,252.0,-2.2005%,-0.0005,1.2135,1.3067,0.7212,1.9583%,2.3626%,31.2962%,0.00442,GVA,76135.0,2019-03-07,252.0,0.6793%,-0.0004,1.2067,1.3134,0.7141,1.9614%,2.3629%,31.0991%,0.019948,GVA,76135.0,2019-03-08,252.0,-1.1807%,-0.0004,1.2082,1.3063,0.7169,1.9617%,2.3623%,31.0401%,-0.008685,GVA,76135.0,2019-03-11,252.0,1.2588%,-0.0005,1.205,1.307,0.719,1.9619%,2.3637%,31.1098%,-0.006479,GVA,0.006273,0.004748,0.015386,0.049386,0.065743
40299,H N I CORP,"HNI Q4 EPS $0.97 Beats $0.96 Estimate, Sales $598.092M Miss $604.93M Estimate",6,uncertain,0.6,0.2,"while hni's eps beat estimates, the sales miss could lead to mixed investor reactions, making the overall impact on the stock price uncertain.",1,2019-02-25,HNI,2019-02-25 22:33:00+00:00,42439.0,40425110,0.0031152905430644,200514.0,-0.1146679222583771,0.0092459209263324,-0.0053966743871569,-0.0011993100633844,0.0480195432901382,0.0057900571264326,-0.0072483196854591,0.0122100124135613,-0.0028682346455752,0.0250312890857458,-0.000784586649388,0.0045260321348905,-0.024339186027646,0.0058168824762105,-0.0101930601522326,0.0112532600760459,0.0016259499825537,0.0095532899722456,0.0181277599185705,0.0018106491770595,-0.004251922480762,-0.0038650224450975,0.0098745375871658,-0.0074168057180941,-0.0036997725255787,0.001793484436348,0.0127320829778909,0.0185281597077846,0.0083813434466719,-0.0141497105360031,0.001298681483604,0.0148824984207749,-0.0337224192917347,0.0002611209638416,0.0032214478123933,0.0026185465976595,-0.0492373630404472,-0.0195122491568327,0.0104138124734163,0.0046427729539573,0.0044568199664354,-0.0097062848508358,0.0155296046286821,-0.0111138829961419,-0.0024576776195317,-0.0258365962654352,-0.0065698842518031,0.0286003816872835,0.0192890800535678,0.0112618030980229,-0.0140578653663396,-0.0055994200520217,0.0145324580371379,0.005373568739742,0.0102702993899583,-0.0126326419413089,0.0064204884693026,-0.0015135610010474,-0.0093035213649272,0.0025290457997471,-0.0126107111573219,0.0256809778511524,0.0078804595395922,0.0277259647846221,0.0064707919955253,0.0115964524447917,0.0096436319872736,0.0639886185526847,0.0013266928726807,-0.0110670598223805,0.0108638005331158,-0.0053626480512321,0.0026211917866021,0.0065340776927769,0.0033987206406891,0.0008530734921805,-0.0711307823657989,0.0017088452586904,0.002805006224662,0.0546710602939128,0.0215384736657142,-0.0319859981536865,-0.0057502486743032,-0.0083621945232152,0.0179013404995203,0.0104895280674099,0.0021645517554134,-0.0359550230205059,-0.0089093362912535,0.0159816648811101,-0.016344279050827,-0.0110076032578945,0.0002768851118162,-0.002533788094297,0.0370985642075538,-0.005320600233972,0.0104110892862081,0.0173789355903863,-0.0351386554539203,0.0,-0.0008214342524297,-0.0107102897018194,0.0021923270542174,-0.0078299436718225,0.0038282577879726,-0.0022321939468383,-0.0345954932272434,-0.0536044053733348,0.0189052484929561,-0.0176394376903772,0.0058155381120741,0.0073164040222764,0.011701513081789,-0.0116219203919172,-0.0159165207296609,0.0386266745626926,-0.0097602419555187,-0.0061316862702369,0.0188679806888103,-0.005303653422743,-0.114667922258377,0.0092459209263324,-0.1194457712064537,0.0080355221369357,-0.0771619592975877,0.0138721053955819,-0.0864787147814561,0.0519398942689985,-0.1010511128479207,0.08704086217305,-0.1096512249987926,0.0628477128231497,-0.1284562039475847,0.114425889850988,2019-02-26,2019-02-27,2019-02-28,2019-03-01,2019-03-04,2019-03-05,2019-03-06,2019-03-07,2019-03-08,2019-03-11,42439.0,2019-02-25,252.0,0.3115%,0.0004,1.1458,0.9596,0.5676,1.3938%,1.8444%,42.8945%,0.004814,HNI,42439.0,2019-02-26,252.0,-11.4668%,0.0,1.1656,1.0868,0.6469,1.5421%,1.9795%,39.3100%,-0.10492,HNI,42439.0,2019-02-27,252.0,-0.5397%,0.0,1.1676,1.081,0.6472,1.5426%,1.9797%,39.2869%,-0.007834,HNI,42439.0,2019-02-28,252.0,4.8020%,0.0003,1.1503,1.0708,0.6223,1.5762%,1.9945%,37.5447%,0.052941,HNI,42439.0,2019-03-01,252.0,-0.7248%,0.0003,1.1368,1.0508,0.6091,1.5762%,1.9824%,36.7804%,-0.0162369999999999,HNI,42439.0,2019-03-04,252.0,-0.2868%,0.0002,1.1427,1.0272,0.6085,1.5740%,1.9814%,36.8909%,0.004781,HNI,42439.0,2019-03-05,252.0,-0.0785%,0.0003,1.1454,1.0514,0.6083,1.5712%,1.9814%,37.1171%,0.005713,HNI,42439.0,2019-03-06,252.0,-2.4339%,0.0004,1.1542,1.049,0.618,1.5684%,1.9872%,37.7073%,-0.001803,HNI,42439.0,2019-03-07,252.0,-1.0193%,0.0004,1.1533,1.0473,0.6162,1.5684%,1.9866%,37.6655%,0.001955,HNI,42439.0,2019-03-08,252.0,0.1626%,0.0003,1.1547,1.0148,0.6202,1.5576%,1.9738%,37.7280%,0.004597,HNI,42439.0,2019-03-11,252.0,1.8128%,0.0003,1.1547,1.0163,0.621,1.5576%,1.9771%,37.9349%,0.000405,HNI,-0.100106,-0.10794,-0.054999,-0.066455,-0.055588
40307,H S B C HOLDINGS PLC,"UPDATE: Macquarie Downgrades HSBC As Firm Notes 'Changes in the global macro environment have now caused us to reduce expectations significantly for all three drivers as we downgrade earnings estimates, leading to lower expected RoTE' Smaller Buybacks",6,decrease,0.8,0.7,"the downgrade of earnings estimates and lower expected return on tangible equity (rote) typically signals negative sentiment, which is likely to lead to a decrease in stock price.",0,2019-02-25,HSBC,2019-02-25 15:41:00+00:00,87033.0,40428040,-0.0029476524796336,1952770.0,0.0041881785728037,-0.0024504358880221,0.009077594615519,-0.0064087286591529,-0.0072939274832606,0.0146917290985584,-0.0053882244974374,-0.0299065131694078,0.0017237057909369,0.0101486975327134,0.0078662661835551,0.000944887753576,-0.0007316775154322,0.0054632630199193,-0.0024408660829067,0.0100767314434051,0.0,-0.0016766394255682,0.0034254805650562,-0.001673833001405,0.0014630913501605,-0.0066508026793599,0.0012174150906503,-0.0056684385053813,0.000486392469611,0.0088157951831817,0.0065629668533802,0.006233568303287,0.0028978250920772,-0.0099691897630691,-0.0036117918789386,-0.008239135146141,-0.0041083125397562,0.0095056481659412,-0.0033972188830375,0.0110524483025074,-0.0158266741782426,-0.0057334369048476,0.0002474551438353,0.0108669586479663,0.0037101539783179,-0.0055235242471098,0.0017249800730496,0.0062831877730786,-0.0034441130701452,-0.0128816105425357,0.0017280550673604,0.0103638581931591,0.0290782768279314,-0.0012036407133564,0.0093391574919223,0.00776321394369,0.0094898622483015,0.0058565563522279,-0.0058754407800734,-0.0106228543445467,0.0042553264647722,-0.0026487023569643,0.0018832823261618,0.0021718183998018,0.0016447296366095,0.0068026916123926,-0.002111192792654,0.0026796739548444,0.0011753464350476,-0.0134583357721567,0.0105658788233995,0.0291862543672323,-0.0034851655364036,-0.0110078463330864,0.0102588590234518,-0.0055947345681488,0.0030001671984791,0.0009739692322909,-0.0048320083878934,0.0090908827260136,-0.0006936133722774,-0.0128546878695488,-0.0016196134965866,0.0213029626756906,-0.0074159833602607,-0.0046844780445098,-0.0016344502801075,-0.010248857550323,0.0072497986257076,0.0158651303499937,0.0053401333279907,-0.0110321342945098,0.0062355767004191,0.0022113060113042,-0.0084920572116971,-0.0048899939283728,0.0062500103376805,-0.010164525359869,0.0282953642308712,-0.000725484394934,-0.0203579384833574,0.0270740240812301,-0.0146151948720216,-0.0037119903136044,-0.0071842726320028,-0.0107710808515548,-0.0014005922712385,-0.0039014839567244,0.0018700755899772,-0.036192737519741,-0.0184321254491806,-0.0211640670895576,0.0019016361329704,0.0218617841601371,0.0097271613776683,-0.0063069481402635,0.0039943177253007,-0.0106309009715914,-0.0146814808249473,0.0098016802221536,-0.0045662685297429,-0.0074125481769442,0.0062772128731012,0.0342596173286438,0.0041881785728037,-0.0024504358880221,0.013303791775584,-0.0088434603684721,0.0059128273998598,0.0057183430060587,0.0022172983963266,-0.014457702340528,0.0103473312108759,-0.0014962599267668,0.0485341533907681,0.0076599296629318,0.039011783881562,0.0004174475593279,2019-02-26,2019-02-27,2019-02-28,2019-03-01,2019-03-04,2019-03-05,2019-03-06,2019-03-07,2019-03-08,2019-03-11,87033.0,2019-02-25,252.0,-0.2948%,-0.0006,0.6908,0.0736,0.5824,0.8869%,1.1099%,36.1378%,-0.0028499999999999,HSBC,87033.0,2019-02-26,252.0,0.4188%,-0.0005,0.6923,0.0608,0.577,0.8878%,1.1099%,36.0265%,0.007586,HSBC,87033.0,2019-02-27,252.0,0.9078%,-0.0004,0.6961,0.0569,0.5776,0.8883%,1.1116%,36.1390%,0.008931,HSBC,87033.0,2019-02-28,252.0,-0.7294%,-0.0004,0.6911,0.0533,0.5748,0.8861%,1.1060%,35.8118%,-0.003803,HSBC,87033.0,2019-03-01,252.0,-0.5388%,-0.0004,0.6891,0.0504,0.5754,0.8875%,1.1046%,35.4497%,-0.008309,HSBC,87033.0,2019-03-04,252.0,0.1724%,-0.0005,0.6922,0.0367,0.5753,0.8864%,1.1047%,35.6108%,0.003174,HSBC,87033.0,2019-03-05,252.0,0.7866%,-0.0004,0.6914,0.0376,0.5707,0.8886%,1.1058%,35.4298%,0.010447,HSBC,87033.0,2019-03-06,252.0,-0.0732%,-0.0003,0.6953,0.0207,0.5728,0.8862%,1.1057%,35.7567%,0.005232,HSBC,87033.0,2019-03-07,252.0,-0.2441%,-0.0003,0.6932,0.0212,0.5702,0.8868%,1.1057%,35.6720%,0.005076,HSBC,87033.0,2019-03-08,252.0,0.0000%,-0.0003,0.6928,0.0218,0.5695,0.8870%,1.1056%,35.6383%,0.002394,HSBC,87033.0,2019-03-11,252.0,0.3425%,-0.0003,0.691,0.0172,0.5678,0.8871%,1.1057%,35.6423%,-0.004105,HSBC,0.004736,0.013667,0.009864,0.0047289999999999,0.023773
40315,H S B C HOLDINGS PLC,Macquarie Downgrades HSBC Holdings to Underperform,6,decrease,0.8,0.7,"a downgrade from a financial institution like macquarie typically signals reduced confidence in the stock's performance, likely leading to a decrease in its stock price.",0,2019-02-25,HSBC,2019-02-25 11:51:00+00:00,87033.0,40428040,-0.0029476524796336,1952770.0,0.0041881785728037,-0.0024504358880221,0.009077594615519,-0.0064087286591529,-0.0072939274832606,0.0146917290985584,-0.0053882244974374,-0.0299065131694078,0.0017237057909369,0.0101486975327134,0.0078662661835551,0.000944887753576,-0.0007316775154322,0.0054632630199193,-0.0024408660829067,0.0100767314434051,0.0,-0.0016766394255682,0.0034254805650562,-0.001673833001405,0.0014630913501605,-0.0066508026793599,0.0012174150906503,-0.0056684385053813,0.000486392469611,0.0088157951831817,0.0065629668533802,0.006233568303287,0.0028978250920772,-0.0099691897630691,-0.0036117918789386,-0.008239135146141,-0.0041083125397562,0.0095056481659412,-0.0033972188830375,0.0110524483025074,-0.0158266741782426,-0.0057334369048476,0.0002474551438353,0.0108669586479663,0.0037101539783179,-0.0055235242471098,0.0017249800730496,0.0062831877730786,-0.0034441130701452,-0.0128816105425357,0.0017280550673604,0.0103638581931591,0.0290782768279314,-0.0012036407133564,0.0093391574919223,0.00776321394369,0.0094898622483015,0.0058565563522279,-0.0058754407800734,-0.0106228543445467,0.0042553264647722,-0.0026487023569643,0.0018832823261618,0.0021718183998018,0.0016447296366095,0.0068026916123926,-0.002111192792654,0.0026796739548444,0.0011753464350476,-0.0134583357721567,0.0105658788233995,0.0291862543672323,-0.0034851655364036,-0.0110078463330864,0.0102588590234518,-0.0055947345681488,0.0030001671984791,0.0009739692322909,-0.0048320083878934,0.0090908827260136,-0.0006936133722774,-0.0128546878695488,-0.0016196134965866,0.0213029626756906,-0.0074159833602607,-0.0046844780445098,-0.0016344502801075,-0.010248857550323,0.0072497986257076,0.0158651303499937,0.0053401333279907,-0.0110321342945098,0.0062355767004191,0.0022113060113042,-0.0084920572116971,-0.0048899939283728,0.0062500103376805,-0.010164525359869,0.0282953642308712,-0.000725484394934,-0.0203579384833574,0.0270740240812301,-0.0146151948720216,-0.0037119903136044,-0.0071842726320028,-0.0107710808515548,-0.0014005922712385,-0.0039014839567244,0.0018700755899772,-0.036192737519741,-0.0184321254491806,-0.0211640670895576,0.0019016361329704,0.0218617841601371,0.0097271613776683,-0.0063069481402635,0.0039943177253007,-0.0106309009715914,-0.0146814808249473,0.0098016802221536,-0.0045662685297429,-0.0074125481769442,0.0062772128731012,0.0342596173286438,0.0041881785728037,-0.0024504358880221,0.013303791775584,-0.0088434603684721,0.0059128273998598,0.0057183430060587,0.0022172983963266,-0.014457702340528,0.0103473312108759,-0.0014962599267668,0.0485341533907681,0.0076599296629318,0.039011783881562,0.0004174475593279,2019-02-26,2019-02-27,2019-02-28,2019-03-01,2019-03-04,2019-03-05,2019-03-06,2019-03-07,2019-03-08,2019-03-11,87033.0,2019-02-25,252.0,-0.2948%,-0.0006,0.6908,0.0736,0.5824,0.8869%,1.1099%,36.1378%,-0.0028499999999999,HSBC,87033.0,2019-02-26,252.0,0.4188%,-0.0005,0.6923,0.0608,0.577,0.8878%,1.1099%,36.0265%,0.007586,HSBC,87033.0,2019-02-27,252.0,0.9078%,-0.0004,0.6961,0.0569,0.5776,0.8883%,1.1116%,36.1390%,0.008931,HSBC,87033.0,2019-02-28,252.0,-0.7294%,-0.0004,0.6911,0.0533,0.5748,0.8861%,1.1060%,35.8118%,-0.003803,HSBC,87033.0,2019-03-01,252.0,-0.5388%,-0.0004,0.6891,0.0504,0.5754,0.8875%,1.1046%,35.4497%,-0.008309,HSBC,87033.0,2019-03-04,252.0,0.1724%,-0.0005,0.6922,0.0367,0.5753,0.8864%,1.1047%,35.6108%,0.003174,HSBC,87033.0,2019-03-05,252.0,0.7866%,-0.0004,0.6914,0.0376,0.5707,0.8886%,1.1058%,35.4298%,0.010447,HSBC,87033.0,2019-03-06,252.0,-0.0732%,-0.0003,0.6953,0.0207,0.5728,0.8862%,1.1057%,35.7567%,0.005232,HSBC,87033.0,2019-03-07,252.0,-0.2441%,-0.0003,0.6932,0.0212,0.5702,0.8868%,1.1057%,35.6720%,0.005076,HSBC,87033.0,2019-03-08,252.0,0.0000%,-0.0003,0.6928,0.0218,0.5695,0.8870%,1.1056%,35.6383%,0.002394,HSBC,87033.0,2019-03-11,252.0,0.3425%,-0.0003,0.691,0.0172,0.5678,0.8871%,1.1057%,35.6423%,-0.004105,HSBC,0.004736,0.013667,0.009864,0.0047289999999999,0.023773
40323,HERSHA HOSPITALITY TRUST,Hersha Hospitality Sees Q1 Adj. FFO $0.11-$0.14; FY19 Adj. FFO $2.23-$2.37,6,uncertain,0.6,0.3,"the projected adjusted ffo range for q1 and fy19 is relatively low, which may not meet investor expectations, leading to uncertainty in stock price movement.",1,2019-02-25,HT,2019-02-25 22:17:00+00:00,86563.0,42782550,-0.0067009879276156,401937.0,0.008303053677082,0.0189074948430061,-0.0272774416953325,0.0047493483871221,-0.0026454622857272,0.0243243649601936,-0.0074271243065595,-0.0075106970034539,-0.0042757843621075,0.0174672324210405,-0.0101985307410359,-0.0059685627929866,-0.0086767813190817,0.0210526920855045,-0.0202407445758581,-0.0066043389961123,-0.0078168278560042,-0.0016483892686665,0.0185706205666065,-0.0156840998679399,-0.0011049975873902,-0.0112299993634223,-0.0027654445730149,-0.0100581599399447,-0.009428733959794,0.0063931234180927,-0.0005599232390522,0.0184481907635927,0.0016806038329377,-0.0053966743871569,-0.0039149718359112,-0.0042987600900232,-0.0016843784833326,0.0264755357056856,0.0123734138906002,-0.0157438069581985,-0.0294444821774959,0.0165562480688095,-0.0120205543935298,0.0202703047543764,0.003476214595139,0.0050933873280882,0.0040415530093014,0.0034071246627718,0.0040253549814224,-0.0067681293003261,-0.0023283420596271,0.0045325737446546,0.0110852122306823,0.0225955601781606,0.0144258514046669,0.0034883408807218,-0.0056883040815591,0.0035006636753678,0.017162537202239,-0.0194508098065853,0.0236220508813858,0.0022935210727155,-0.0098901260644197,-0.0005730789853259,-0.0221975371241569,0.0075058354996144,0.0283768437802791,0.0170287135988473,-0.0022075560409575,0.0094842817634344,0.0011062200646847,0.0168776791542768,0.0033148876391351,-0.0093952156603336,-0.0082598906010389,-0.0290764085948467,-0.0066630113869905,-0.0212053097784519,0.0,0.0245854947715997,-0.0229178238660097,-0.02235883846879,0.0228832736611366,0.0661500990390777,-0.0016777841374278,-0.0017845794791355,-0.0084033394232392,0.0029832480940967,0.02881346270442,-0.0175849497318267,0.0032949685119092,-0.0437220111489296,0.0164203196763992,0.0090497648343443,0.0156166357919573,-0.0333515889942646,0.0243901945650577,0.0071586491540074,-0.018633572384715,-0.0119694955646991,0.0026371912099421,0.0087815504521131,-0.0163071788847446,-0.0146025130525231,-0.005882385186851,-0.0143923480063676,0.0037654489278793,-0.0105484630912542,-0.0005359179340302,0.0095845786854624,-0.0182305723428726,-0.0294573474675416,0.0103768724948167,0.0130890049040317,0.002162211574614,0.0084477216005325,-0.0021575465798377,0.0128342118114233,-0.0194594915956258,0.0314396917819976,-0.0220506954938173,-0.0005512805655598,0.0186020247638225,0.0111482078209519,0.008303053677082,0.0189074948430061,-0.0192008740808202,0.0237466415102654,-0.0217955411783137,0.0486486284451335,-0.0332123139934703,0.058951962298045,-0.0607161402940135,0.0492157856196624,-0.049626860320872,0.1117477795773949,-0.0469899048613233,0.0996335116042468,2019-02-26,2019-02-27,2019-02-28,2019-03-01,2019-03-04,2019-03-05,2019-03-06,2019-03-07,2019-03-08,2019-03-11,86563.0,2019-02-25,252.0,-0.6701%,0.0006,0.7498,0.7168,0.2846,1.2662%,1.5114%,29.8109%,-0.00556,HT,86563.0,2019-02-26,252.0,0.8303%,0.0006,0.7488,0.6978,0.2742,1.2692%,1.5118%,29.5155%,0.014929,HT,86563.0,2019-02-27,252.0,-2.7277%,0.0006,0.7528,0.6819,0.2748,1.2812%,1.5216%,29.1048%,-0.0290479999999999,HT,86563.0,2019-02-28,252.0,-0.2645%,0.0006,0.7459,0.6771,0.2698,1.2785%,1.5144%,28.7233%,0.000139,HT,86563.0,2019-03-01,252.0,-0.7427%,0.0006,0.744,0.6742,0.2735,1.2817%,1.5139%,28.3265%,-0.013772,HT,86563.0,2019-03-04,252.0,-0.4276%,0.0005,0.748,0.6604,0.2726,1.2805%,1.5137%,28.4409%,0.001133,HT,86563.0,2019-03-05,252.0,-1.0199%,0.0006,0.752,0.6873,0.278,1.2786%,1.5153%,28.7983%,-0.006316,HT,86563.0,2019-03-06,252.0,-0.8677%,0.0006,0.7472,0.6781,0.2713,1.2787%,1.5149%,28.7535%,0.006099,HT,86563.0,2019-03-07,252.0,-2.0241%,0.0005,0.7543,0.6862,0.283,1.2813%,1.5204%,28.9805%,-0.012833,HT,86563.0,2019-03-08,252.0,-0.7817%,0.0005,0.7555,0.6801,0.2854,1.2815%,1.5200%,28.9181%,-0.006109,HT,86563.0,2019-03-11,252.0,1.8571%,0.0005,0.7585,0.683,0.2855,1.2820%,1.5242%,29.2591%,0.006258,HT,0.0093689999999999,-0.019679,-0.01954,-0.0321789999999999,-0.0450799999999999
40331,HERSHA HOSPITALITY TRUST,"Hersha Hospitality Q4 EPS $0.61 Beats $(0.14) Estimate, Sales $133.736M Beat $131.96M Estimate",6,increase,0.8,0.7,"the company reported better-than-expected earnings and sales, which typically boosts investor confidence and can lead to an increase in stock price.",2,2019-02-25,HT,2019-02-25 22:16:00+00:00,86563.0,42782550,-0.0067009879276156,401937.0,0.008303053677082,0.0189074948430061,-0.0272774416953325,0.0047493483871221,-0.0026454622857272,0.0243243649601936,-0.0074271243065595,-0.0075106970034539,-0.0042757843621075,0.0174672324210405,-0.0101985307410359,-0.0059685627929866,-0.0086767813190817,0.0210526920855045,-0.0202407445758581,-0.0066043389961123,-0.0078168278560042,-0.0016483892686665,0.0185706205666065,-0.0156840998679399,-0.0011049975873902,-0.0112299993634223,-0.0027654445730149,-0.0100581599399447,-0.009428733959794,0.0063931234180927,-0.0005599232390522,0.0184481907635927,0.0016806038329377,-0.0053966743871569,-0.0039149718359112,-0.0042987600900232,-0.0016843784833326,0.0264755357056856,0.0123734138906002,-0.0157438069581985,-0.0294444821774959,0.0165562480688095,-0.0120205543935298,0.0202703047543764,0.003476214595139,0.0050933873280882,0.0040415530093014,0.0034071246627718,0.0040253549814224,-0.0067681293003261,-0.0023283420596271,0.0045325737446546,0.0110852122306823,0.0225955601781606,0.0144258514046669,0.0034883408807218,-0.0056883040815591,0.0035006636753678,0.017162537202239,-0.0194508098065853,0.0236220508813858,0.0022935210727155,-0.0098901260644197,-0.0005730789853259,-0.0221975371241569,0.0075058354996144,0.0283768437802791,0.0170287135988473,-0.0022075560409575,0.0094842817634344,0.0011062200646847,0.0168776791542768,0.0033148876391351,-0.0093952156603336,-0.0082598906010389,-0.0290764085948467,-0.0066630113869905,-0.0212053097784519,0.0,0.0245854947715997,-0.0229178238660097,-0.02235883846879,0.0228832736611366,0.0661500990390777,-0.0016777841374278,-0.0017845794791355,-0.0084033394232392,0.0029832480940967,0.02881346270442,-0.0175849497318267,0.0032949685119092,-0.0437220111489296,0.0164203196763992,0.0090497648343443,0.0156166357919573,-0.0333515889942646,0.0243901945650577,0.0071586491540074,-0.018633572384715,-0.0119694955646991,0.0026371912099421,0.0087815504521131,-0.0163071788847446,-0.0146025130525231,-0.005882385186851,-0.0143923480063676,0.0037654489278793,-0.0105484630912542,-0.0005359179340302,0.0095845786854624,-0.0182305723428726,-0.0294573474675416,0.0103768724948167,0.0130890049040317,0.002162211574614,0.0084477216005325,-0.0021575465798377,0.0128342118114233,-0.0194594915956258,0.0314396917819976,-0.0220506954938173,-0.0005512805655598,0.0186020247638225,0.0111482078209519,0.008303053677082,0.0189074948430061,-0.0192008740808202,0.0237466415102654,-0.0217955411783137,0.0486486284451335,-0.0332123139934703,0.058951962298045,-0.0607161402940135,0.0492157856196624,-0.049626860320872,0.1117477795773949,-0.0469899048613233,0.0996335116042468,2019-02-26,2019-02-27,2019-02-28,2019-03-01,2019-03-04,2019-03-05,2019-03-06,2019-03-07,2019-03-08,2019-03-11,86563.0,2019-02-25,252.0,-0.6701%,0.0006,0.7498,0.7168,0.2846,1.2662%,1.5114%,29.8109%,-0.00556,HT,86563.0,2019-02-26,252.0,0.8303%,0.0006,0.7488,0.6978,0.2742,1.2692%,1.5118%,29.5155%,0.014929,HT,86563.0,2019-02-27,252.0,-2.7277%,0.0006,0.7528,0.6819,0.2748,1.2812%,1.5216%,29.1048%,-0.0290479999999999,HT,86563.0,2019-02-28,252.0,-0.2645%,0.0006,0.7459,0.6771,0.2698,1.2785%,1.5144%,28.7233%,0.000139,HT,86563.0,2019-03-01,252.0,-0.7427%,0.0006,0.744,0.6742,0.2735,1.2817%,1.5139%,28.3265%,-0.013772,HT,86563.0,2019-03-04,252.0,-0.4276%,0.0005,0.748,0.6604,0.2726,1.2805%,1.5137%,28.4409%,0.001133,HT,86563.0,2019-03-05,252.0,-1.0199%,0.0006,0.752,0.6873,0.278,1.2786%,1.5153%,28.7983%,-0.006316,HT,86563.0,2019-03-06,252.0,-0.8677%,0.0006,0.7472,0.6781,0.2713,1.2787%,1.5149%,28.7535%,0.006099,HT,86563.0,2019-03-07,252.0,-2.0241%,0.0005,0.7543,0.6862,0.283,1.2813%,1.5204%,28.9805%,-0.012833,HT,86563.0,2019-03-08,252.0,-0.7817%,0.0005,0.7555,0.6801,0.2854,1.2815%,1.5200%,28.9181%,-0.006109,HT,86563.0,2019-03-11,252.0,1.8571%,0.0005,0.7585,0.683,0.2855,1.2820%,1.5242%,29.2591%,0.006258,HT,0.0093689999999999,-0.019679,-0.01954,-0.0321789999999999,-0.0450799999999999
40339,HERTZ GLOBAL HOLDINGS INC NEW,Hertz shares are trading higher after the company beat Q4 EPS and sales estimates.,6,increase,0.85,0.7,"beating q4 eps and sales estimates typically signals strong financial performance, which is likely to boost investor confidence and drive the stock price higher.",2,2019-02-25,HTZ,2019-02-25 21:44:00+00:00,16086.0,42806J70,0.0277038067579269,6825787.0,0.040435392409563,0.011859904974699,-0.023916270583868,0.0759860500693321,-0.0250127501785755,-0.0103329680860042,0.0130890049040317,0.0116144465282559,0.0330749042332172,0.00819668546319,-0.0990495011210441,0.0082644261419773,-0.0399777516722679,0.0077335559763014,-0.0456912033259868,-0.0163838900625705,-0.0303030312061309,0.0899234563112258,0.0199999809265136,-0.0462287217378616,-0.0079656345769763,-0.008443871513009,0.0247065853327512,-0.0101492581889033,-0.0006027865456417,0.0011954846559092,-0.0030156355351209,0.0011969155166298,0.024803377687931,0.0072332085110247,0.0011805519461631,0.0159216299653053,0.0041274530813097,0.030934328213334,0.0281855277717113,-0.0288166366517543,-0.066818967461586,0.0043103261850774,0.0146878687664866,0.0600522272288799,0.0253317300230264,0.0165892504155635,0.0041176290251314,-0.0833333805203437,0.0164030864834785,-0.0425159893929958,0.0011527640745043,0.0437689535319805,0.0040299189276993,0.0185759235173463,0.0,0.0006195929017849,0.0217889416962862,-0.0037037883885204,0.0269360020756721,0.0049627739936113,-0.0125682819634676,0.0300320275127887,-0.0309905633330345,0.0149156637489795,0.0114219794049859,0.0612526051700115,-0.0079051041975617,-0.0095433089882135,0.0034148814156651,0.0456165596842765,0.0243902616202831,0.0572719871997833,-0.0437430255115032,-0.0548432692885398,-0.0005790520226582,0.0285714548081159,-0.0110081424936652,-0.0366972796618938,0.0146455774083733,-0.0254470352083444,0.0092378668487071,-0.0013736577238887,0.0308925025165081,0.1013615801930428,0.0138734737411141,-0.0141684999689459,-0.0180623922497034,-0.0993955954909324,0.0323299840092659,0.0020188887137919,-0.015118827112019,-0.0262123569846153,-0.0032894443720579,0.0241611152887344,0.0121011724695563,0.0354412272572517,0.0375000312924385,-0.0309764333069324,0.0272394157946109,-0.0306788068264722,0.0056093167513608,-0.0122501952573657,-0.0846856087446212,-0.0449507124722003,-0.0088642574846744,-0.0199155062437057,-0.004471767693758,-0.0558404326438903,-0.0089837089180946,0.0040045594796538,-0.0067988066002726,-0.0520607903599739,-0.0045636007562279,-0.014430709183216,0.0057305712252855,0.0032171295024454,-0.0256409607827663,-0.1106342300772667,-0.0438596494495868,0.0704440623521804,-0.0207951162010431,0.0219092369079589,0.0006246239063329,0.0475410297513008,0.040435392409563,0.011859904974699,0.015552058039663,0.0887471423772561,-0.0098496918814212,0.0774971529013435,0.0362881704536832,0.0989461689091459,-0.153965842785745,0.1417274858187198,-0.0922758250499646,0.2172503505907688,-0.1695179054161475,0.0256831249800315,2019-02-26,2019-02-27,2019-02-28,2019-03-01,2019-03-04,2019-03-05,2019-03-06,2019-03-07,2019-03-08,2019-03-11,16086.0,2019-02-25,252.0,2.7704%,0.0007,1.9578,1.3262,1.3912,3.9473%,4.4084%,19.8222%,0.0305089999999999,HTZ,16086.0,2019-02-26,252.0,4.0435%,0.001,1.9578,1.2486,1.3519,3.9609%,4.4154%,19.5265%,0.056546,HTZ,16086.0,2019-02-27,252.0,-2.3916%,0.0011,1.978,1.2047,1.3551,3.9536%,4.4136%,19.7564%,-0.026528,HTZ,16086.0,2019-02-28,252.0,-2.5013%,0.0011,1.9747,1.2019,1.3567,3.9543%,4.4098%,19.5923%,-0.015834,HTZ,16086.0,2019-03-01,252.0,1.3089%,0.0012,1.959,1.1785,1.3326,3.9509%,4.3960%,19.2217%,0.000723,HTZ,16086.0,2019-03-04,252.0,3.3075%,0.0014,1.947,1.181,1.3442,3.9584%,4.3973%,18.9656%,0.042689,HTZ,16086.0,2019-03-05,252.0,-9.9050%,0.0009,1.9548,1.182,1.383,3.9939%,4.4299%,18.7167%,-0.088942,HTZ,16086.0,2019-03-06,252.0,-3.9978%,0.0009,1.9549,1.2066,1.3866,3.9941%,4.4341%,18.8591%,-0.009308,HTZ,16086.0,2019-03-07,252.0,-4.5691%,0.0008,1.9648,1.2052,1.3993,3.9970%,4.4409%,18.9920%,-0.0243299999999999,HTZ,16086.0,2019-03-08,252.0,-3.0303%,0.0006,1.9686,1.1985,1.4057,3.9999%,4.4446%,19.0069%,-0.0242939999999999,HTZ,16086.0,2019-03-11,252.0,2.0000%,0.0006,1.9646,1.205,1.4115,3.9996%,4.4461%,19.0743%,-0.006427,HTZ,0.087055,0.060527,0.044693,0.088105,-0.0651959999999999
40347,HERTZ GLOBAL HOLDINGS INC NEW,"Hertz Global Holdings Q4 Adj. EPS $(0.55) Beats $(0.90) Estimate, Sales $2.294B Beat $2.15B Estimate",6,increase,0.75,0.6,"the better-than-expected adjusted eps and sales figures suggest improved financial performance, which is likely to positively influence investor sentiment and increase the stock price.",2,2019-02-25,HTZ,2019-02-25 21:43:00+00:00,16086.0,42806J70,0.0277038067579269,6825787.0,0.040435392409563,0.011859904974699,-0.023916270583868,0.0759860500693321,-0.0250127501785755,-0.0103329680860042,0.0130890049040317,0.0116144465282559,0.0330749042332172,0.00819668546319,-0.0990495011210441,0.0082644261419773,-0.0399777516722679,0.0077335559763014,-0.0456912033259868,-0.0163838900625705,-0.0303030312061309,0.0899234563112258,0.0199999809265136,-0.0462287217378616,-0.0079656345769763,-0.008443871513009,0.0247065853327512,-0.0101492581889033,-0.0006027865456417,0.0011954846559092,-0.0030156355351209,0.0011969155166298,0.024803377687931,0.0072332085110247,0.0011805519461631,0.0159216299653053,0.0041274530813097,0.030934328213334,0.0281855277717113,-0.0288166366517543,-0.066818967461586,0.0043103261850774,0.0146878687664866,0.0600522272288799,0.0253317300230264,0.0165892504155635,0.0041176290251314,-0.0833333805203437,0.0164030864834785,-0.0425159893929958,0.0011527640745043,0.0437689535319805,0.0040299189276993,0.0185759235173463,0.0,0.0006195929017849,0.0217889416962862,-0.0037037883885204,0.0269360020756721,0.0049627739936113,-0.0125682819634676,0.0300320275127887,-0.0309905633330345,0.0149156637489795,0.0114219794049859,0.0612526051700115,-0.0079051041975617,-0.0095433089882135,0.0034148814156651,0.0456165596842765,0.0243902616202831,0.0572719871997833,-0.0437430255115032,-0.0548432692885398,-0.0005790520226582,0.0285714548081159,-0.0110081424936652,-0.0366972796618938,0.0146455774083733,-0.0254470352083444,0.0092378668487071,-0.0013736577238887,0.0308925025165081,0.1013615801930428,0.0138734737411141,-0.0141684999689459,-0.0180623922497034,-0.0993955954909324,0.0323299840092659,0.0020188887137919,-0.015118827112019,-0.0262123569846153,-0.0032894443720579,0.0241611152887344,0.0121011724695563,0.0354412272572517,0.0375000312924385,-0.0309764333069324,0.0272394157946109,-0.0306788068264722,0.0056093167513608,-0.0122501952573657,-0.0846856087446212,-0.0449507124722003,-0.0088642574846744,-0.0199155062437057,-0.004471767693758,-0.0558404326438903,-0.0089837089180946,0.0040045594796538,-0.0067988066002726,-0.0520607903599739,-0.0045636007562279,-0.014430709183216,0.0057305712252855,0.0032171295024454,-0.0256409607827663,-0.1106342300772667,-0.0438596494495868,0.0704440623521804,-0.0207951162010431,0.0219092369079589,0.0006246239063329,0.0475410297513008,0.040435392409563,0.011859904974699,0.015552058039663,0.0887471423772561,-0.0098496918814212,0.0774971529013435,0.0362881704536832,0.0989461689091459,-0.153965842785745,0.1417274858187198,-0.0922758250499646,0.2172503505907688,-0.1695179054161475,0.0256831249800315,2019-02-26,2019-02-27,2019-02-28,2019-03-01,2019-03-04,2019-03-05,2019-03-06,2019-03-07,2019-03-08,2019-03-11,16086.0,2019-02-25,252.0,2.7704%,0.0007,1.9578,1.3262,1.3912,3.9473%,4.4084%,19.8222%,0.0305089999999999,HTZ,16086.0,2019-02-26,252.0,4.0435%,0.001,1.9578,1.2486,1.3519,3.9609%,4.4154%,19.5265%,0.056546,HTZ,16086.0,2019-02-27,252.0,-2.3916%,0.0011,1.978,1.2047,1.3551,3.9536%,4.4136%,19.7564%,-0.026528,HTZ,16086.0,2019-02-28,252.0,-2.5013%,0.0011,1.9747,1.2019,1.3567,3.9543%,4.4098%,19.5923%,-0.015834,HTZ,16086.0,2019-03-01,252.0,1.3089%,0.0012,1.959,1.1785,1.3326,3.9509%,4.3960%,19.2217%,0.000723,HTZ,16086.0,2019-03-04,252.0,3.3075%,0.0014,1.947,1.181,1.3442,3.9584%,4.3973%,18.9656%,0.042689,HTZ,16086.0,2019-03-05,252.0,-9.9050%,0.0009,1.9548,1.182,1.383,3.9939%,4.4299%,18.7167%,-0.088942,HTZ,16086.0,2019-03-06,252.0,-3.9978%,0.0009,1.9549,1.2066,1.3866,3.9941%,4.4341%,18.8591%,-0.009308,HTZ,16086.0,2019-03-07,252.0,-4.5691%,0.0008,1.9648,1.2052,1.3993,3.9970%,4.4409%,18.9920%,-0.0243299999999999,HTZ,16086.0,2019-03-08,252.0,-3.0303%,0.0006,1.9686,1.1985,1.4057,3.9999%,4.4446%,19.0069%,-0.0242939999999999,HTZ,16086.0,2019-03-11,252.0,2.0000%,0.0006,1.9646,1.205,1.4115,3.9996%,4.4461%,19.0743%,-0.006427,HTZ,0.087055,0.060527,0.044693,0.088105,-0.0651959999999999
40355,HERTZ GLOBAL HOLDINGS INC NEW,Q4 Earnings Preview For Hertz Global Holdings,6,uncertain,0.5,0.5,the impact on hertz global holdings' stock price is uncertain as it depends on the actual earnings results compared to market expectations.,1,2019-02-25,HTZ,2019-02-25 15:43:00+00:00,16086.0,42806J70,0.0277038067579269,6825787.0,0.040435392409563,0.011859904974699,-0.023916270583868,0.0759860500693321,-0.0250127501785755,-0.0103329680860042,0.0130890049040317,0.0116144465282559,0.0330749042332172,0.00819668546319,-0.0990495011210441,0.0082644261419773,-0.0399777516722679,0.0077335559763014,-0.0456912033259868,-0.0163838900625705,-0.0303030312061309,0.0899234563112258,0.0199999809265136,-0.0462287217378616,-0.0079656345769763,-0.008443871513009,0.0247065853327512,-0.0101492581889033,-0.0006027865456417,0.0011954846559092,-0.0030156355351209,0.0011969155166298,0.024803377687931,0.0072332085110247,0.0011805519461631,0.0159216299653053,0.0041274530813097,0.030934328213334,0.0281855277717113,-0.0288166366517543,-0.066818967461586,0.0043103261850774,0.0146878687664866,0.0600522272288799,0.0253317300230264,0.0165892504155635,0.0041176290251314,-0.0833333805203437,0.0164030864834785,-0.0425159893929958,0.0011527640745043,0.0437689535319805,0.0040299189276993,0.0185759235173463,0.0,0.0006195929017849,0.0217889416962862,-0.0037037883885204,0.0269360020756721,0.0049627739936113,-0.0125682819634676,0.0300320275127887,-0.0309905633330345,0.0149156637489795,0.0114219794049859,0.0612526051700115,-0.0079051041975617,-0.0095433089882135,0.0034148814156651,0.0456165596842765,0.0243902616202831,0.0572719871997833,-0.0437430255115032,-0.0548432692885398,-0.0005790520226582,0.0285714548081159,-0.0110081424936652,-0.0366972796618938,0.0146455774083733,-0.0254470352083444,0.0092378668487071,-0.0013736577238887,0.0308925025165081,0.1013615801930428,0.0138734737411141,-0.0141684999689459,-0.0180623922497034,-0.0993955954909324,0.0323299840092659,0.0020188887137919,-0.015118827112019,-0.0262123569846153,-0.0032894443720579,0.0241611152887344,0.0121011724695563,0.0354412272572517,0.0375000312924385,-0.0309764333069324,0.0272394157946109,-0.0306788068264722,0.0056093167513608,-0.0122501952573657,-0.0846856087446212,-0.0449507124722003,-0.0088642574846744,-0.0199155062437057,-0.004471767693758,-0.0558404326438903,-0.0089837089180946,0.0040045594796538,-0.0067988066002726,-0.0520607903599739,-0.0045636007562279,-0.014430709183216,0.0057305712252855,0.0032171295024454,-0.0256409607827663,-0.1106342300772667,-0.0438596494495868,0.0704440623521804,-0.0207951162010431,0.0219092369079589,0.0006246239063329,0.0475410297513008,0.040435392409563,0.011859904974699,0.015552058039663,0.0887471423772561,-0.0098496918814212,0.0774971529013435,0.0362881704536832,0.0989461689091459,-0.153965842785745,0.1417274858187198,-0.0922758250499646,0.2172503505907688,-0.1695179054161475,0.0256831249800315,2019-02-26,2019-02-27,2019-02-28,2019-03-01,2019-03-04,2019-03-05,2019-03-06,2019-03-07,2019-03-08,2019-03-11,16086.0,2019-02-25,252.0,2.7704%,0.0007,1.9578,1.3262,1.3912,3.9473%,4.4084%,19.8222%,0.0305089999999999,HTZ,16086.0,2019-02-26,252.0,4.0435%,0.001,1.9578,1.2486,1.3519,3.9609%,4.4154%,19.5265%,0.056546,HTZ,16086.0,2019-02-27,252.0,-2.3916%,0.0011,1.978,1.2047,1.3551,3.9536%,4.4136%,19.7564%,-0.026528,HTZ,16086.0,2019-02-28,252.0,-2.5013%,0.0011,1.9747,1.2019,1.3567,3.9543%,4.4098%,19.5923%,-0.015834,HTZ,16086.0,2019-03-01,252.0,1.3089%,0.0012,1.959,1.1785,1.3326,3.9509%,4.3960%,19.2217%,0.000723,HTZ,16086.0,2019-03-04,252.0,3.3075%,0.0014,1.947,1.181,1.3442,3.9584%,4.3973%,18.9656%,0.042689,HTZ,16086.0,2019-03-05,252.0,-9.9050%,0.0009,1.9548,1.182,1.383,3.9939%,4.4299%,18.7167%,-0.088942,HTZ,16086.0,2019-03-06,252.0,-3.9978%,0.0009,1.9549,1.2066,1.3866,3.9941%,4.4341%,18.8591%,-0.009308,HTZ,16086.0,2019-03-07,252.0,-4.5691%,0.0008,1.9648,1.2052,1.3993,3.9970%,4.4409%,18.9920%,-0.0243299999999999,HTZ,16086.0,2019-03-08,252.0,-3.0303%,0.0006,1.9686,1.1985,1.4057,3.9999%,4.4446%,19.0069%,-0.0242939999999999,HTZ,16086.0,2019-03-11,252.0,2.0000%,0.0006,1.9646,1.205,1.4115,3.9996%,4.4461%,19.0743%,-0.006427,HTZ,0.087055,0.060527,0.044693,0.088105,-0.0651959999999999
40363,ICAHN ENTERPRISES L P,Caesars Entertainment in Talks to Offer Carl Icahn a Role In Selecting Its New CEO as Part of Agreement Giving Icahn Board Seats,6,increase,0.7,0.6,"the news suggests that carl icahn, a well-known investor, is gaining influence in caesars entertainment, which could be perceived positively by investors and may lead to an increase in icahn enterprises l p's stock price.",2,2019-02-25,IEP,2019-02-25 09:19:00+00:00,75113.0,45110010,0.0108555136248469,40825.0,-0.005369468126446,0.0002858161460608,0.0228725764900445,-0.0167182143777608,0.0318055674433708,0.0080725066363811,0.0297482702881097,0.0140744419768452,0.0111110908910632,-0.0107970181852579,-0.0241757612675428,-0.0036801435053348,-0.021595187485218,0.0150862513110041,0.000812527956441,0.0160583723336458,-0.023812772706151,-0.0050834929570555,0.0316464900970459,0.0004359020676929,-0.0142325051128864,-0.0126254996284842,0.0037847531493753,0.0030220043845474,0.0041894013993442,0.0368546918034553,0.0086218202486634,-0.0106288930401206,0.0103405490517616,-0.0285387262701988,0.0083242440596222,0.023034032434225,-0.0079847928136587,0.0103765875101089,0.0065483725629746,0.0092759244143962,-0.0126050459221005,-0.0063921557739377,-0.0061770342290401,0.0111227696761488,0.0149171520024538,0.004074805881828,-0.005443678703159,-0.0192420873790979,-0.0010947157861664,-0.0193061660975217,-0.0068493150174617,0.0005809864378534,0.0151723930612206,0.0083479741588234,0.002717453520745,0.0220027137547731,-0.0139567255973815,0.023908007889986,0.0023362073116004,-0.0119624603539705,0.0035644981544464,0.0090145757421851,-0.0034153007436543,-0.0010683714644983,0.0063057811930775,-0.0021323028486222,0.0001361463946523,0.017984552308917,-0.0111686149612069,0.0376447886228561,0.0157024711370468,0.0284579955041408,-0.0032546496950089,0.0034866193309426,0.0156462788581848,0.0551856607198715,0.0046885260380804,-0.0112592708319425,-0.0079999798908829,0.0368175134062767,0.0006719814846292,-0.0159067064523696,0.0068502640351653,0.1170779913663864,-0.0061365938745439,-0.0445198416709899,-0.0073825912550091,-0.0446927957236766,0.0124409170821309,-0.0275148898363113,0.0008013564511202,-0.042296078056097,0.0076070958748459,-0.0015082343015819,0.0018542965408414,-0.0336842387914657,-0.0193019453436136,-0.0497076511383056,0.0124022401869297,-0.0197616163641214,0.0178429298102855,0.0277519524097442,-0.0092883184552192,-0.0055504254996776,-0.0010564086260274,-0.013536112383008,0.0019828358199447,-0.0173367746174335,-0.0060686897486448,0.0029981199186295,-0.0580855570733547,-0.0303779635578393,0.0437173806130886,0.0288619752973318,-0.0055478713475167,0.0109608611091971,0.0052999290637671,-0.0142325162887573,-0.0019422778859734,0.0073562208563089,0.000694959948305,-0.0089272204786539,0.0052785789594054,0.0222053099423646,-0.005369468126446,0.0002858161460608,0.0173802947931656,-0.0164371765673024,0.049738652374766,-0.0084973591478442,0.0929772792529297,-0.0053984555335234,0.0517634502860289,0.0172915206352597,0.0601925883693394,0.0685287846082536,0.0804453034110421,0.0647909170116356,2019-02-26,2019-02-27,2019-02-28,2019-03-01,2019-03-04,2019-03-05,2019-03-06,2019-03-07,2019-03-08,2019-03-11,75113.0,2019-02-25,252.0,1.0856%,0.0012,1.044,0.8169,0.0925,1.7155%,2.0828%,32.1563%,0.0115,IEP,75113.0,2019-02-26,252.0,-0.5369%,0.0012,1.0443,0.816,0.0922,1.7155%,2.0819%,32.0955%,0.0017349999999999,IEP,75113.0,2019-02-27,252.0,2.2873%,0.0013,1.0485,0.8141,0.0929,1.7189%,2.0862%,32.1109%,0.0203929999999999,IEP,75113.0,2019-02-28,252.0,3.1806%,0.0015,1.0398,0.8092,0.0787,1.7318%,2.0917%,31.4483%,0.035026,IEP,75113.0,2019-03-01,252.0,2.9748%,0.0016,1.0361,0.8037,0.0643,1.7340%,2.0916%,31.2727%,0.0201399999999999,IEP,75113.0,2019-03-04,252.0,1.1111%,0.0015,1.051,0.7379,0.0641,1.7219%,2.0827%,31.6444%,0.019372,IEP,75113.0,2019-03-05,252.0,-2.4176%,0.0014,1.0563,0.7647,0.0758,1.7266%,2.0886%,31.6588%,-0.020038,IEP,75113.0,2019-03-06,252.0,-2.1595%,0.0012,1.0345,0.7946,0.0553,1.7039%,2.0673%,32.0704%,-0.0032069999999999,IEP,75113.0,2019-03-07,252.0,0.0813%,0.0012,1.0272,0.7758,0.0402,1.7026%,2.0624%,31.8479%,0.009944,IEP,75113.0,2019-03-08,252.0,-2.3813%,0.0011,1.0305,0.7743,0.0454,1.7088%,2.0679%,31.7161%,-0.021962,IEP,75113.0,2019-03-11,252.0,3.1646%,0.0012,1.0369,0.7792,0.0449,1.7106%,2.0768%,32.1546%,0.013651,IEP,0.013235,0.033628,0.0686539999999999,0.1081659999999999,0.0865539999999999
40371,INTERNATIONAL FLAVORS & FRAG INC,"KeyBanc Maintains Overweight on Intl Flavors & Fragrances, Lowers Price Target to $143",6,decrease,0.7,0.5,"lowering the price target typically signals a less favorable outlook, which may lead to a decrease in stock price.",0,2019-02-25,IFF,2019-02-25 15:38:00+00:00,40272.0,45950610,-0.0073305377736687,876727.0,-0.0101343458518385,-0.0039615482091903,0.0107142738997936,-0.009463689289987,0.0011778683401644,0.0145187778398394,0.0029019822832196,-0.0295431707054376,0.0007038111798465,-0.0048998123966157,-0.008205653168261,-0.0864894464612007,-0.0011031992034986,-0.0045242914929986,-0.0178275182843208,0.0187862440943718,0.0071480153128504,0.0100162103772163,0.0074959713965654,-0.0035844426602125,-0.001266392529942,-0.007325773127377,-0.0058646206744015,-0.0030604605562984,-0.0038265571929514,0.0099753998219966,-0.0029609694611281,0.0051547167822718,0.0027289828285574,-0.0011285347864031,-0.0109661631286144,0.0158342868089675,-0.0082550719380378,0.0045343665406107,0.0319895409047603,0.0143827199935913,-0.0082239173352718,-0.0060232351534068,-0.007859518751502,0.0042999512515962,0.0130143128335475,-0.0009464804898016,0.0119693586602807,-0.0052872523665428,0.0227882582694292,7.250301132444292e-05,-0.0070928484201431,0.0188929717987775,0.0156844817101955,0.0084096519276499,-0.0021404998842626,0.0058387513272464,0.0017620143480598,0.0008240980678237,0.0084124058485031,-0.0108929323032498,0.0027301730588078,-0.00567347696051,-0.0020420835353434,-0.0062966803088784,-0.0057597160339355,-0.0037201438099145,-0.0053357491269707,-0.0043576592579483,0.0049811778590083,0.0114596160128712,0.0180722512304782,0.0371020175516605,0.0036701783537864,-0.0246693957597017,0.0099999727681279,0.0023087626323103,-0.002807666780427,0.0154277291148901,0.0077059366740286,-0.0014348470140248,-0.0055147060193121,0.0219510719180107,0.0083549348637461,0.042737066745758,-0.0006600058404728,-0.0254271086305379,0.0010272169020026,-0.0008572366205044,0.0083560412749648,-0.0231424570083618,-0.001163070788607,-0.008229493163526,0.0027653709985315,0.0029531985055655,0.0002178245194954,-0.0253874715417623,0.0060222502797842,-0.0002213442057836,0.0090877013280987,-0.0087763983756303,-0.0156529359519481,-0.0075488751754164,-0.0197502262890338,0.0005084046861156,0.0011110658524557,0.005109466612339,0.0063633047975599,-0.0126837315037846,0.0008823644020594,0.0036889296025037,-0.012120833620429,-0.0249664541333913,0.011377147398889,0.0011296222219243,-0.0030879948753863,0.0003531787660904,0.0101040666922926,0.0071133873425424,-0.0021174687426537,0.0039277514442801,-0.0137557983398437,0.0012870408827438,7.42619376978837e-05,0.0007871804991737,-0.0101343458518385,-0.0039615482091903,0.0004713458907033,-0.0133877466378183,0.0016497694142696,0.0009366574828104,0.0052635574222474,-0.0333936953162529,-0.0074633070733609,-0.0987489669112542,0.0426781382015646,-0.0611363716106604,0.0651990866225802,-0.0773086231245372,2019-02-26,2019-02-27,2019-02-28,2019-03-01,2019-03-04,2019-03-05,2019-03-06,2019-03-07,2019-03-08,2019-03-11,40272.0,2019-02-25,252.0,-0.7331%,-0.0004,0.7372,-0.2174,0.0864,1.3113%,1.5176%,25.3406%,-0.008971,IFF,40272.0,2019-02-26,252.0,-1.0134%,-0.0005,0.7329,-0.1997,0.0922,1.3110%,1.5122%,24.8405%,-0.010161,IFF,40272.0,2019-02-27,252.0,1.0714%,-0.0004,0.7383,-0.2059,0.0931,1.3108%,1.5138%,25.0174%,0.010445,IFF,40272.0,2019-02-28,252.0,0.1178%,-0.0003,0.7318,-0.2102,0.0874,1.3094%,1.5089%,24.6979%,0.00364,IFF,40272.0,2019-03-01,252.0,0.2902%,-0.0003,0.7306,-0.212,0.0861,1.3094%,1.5079%,24.6035%,-0.001498,IFF,40272.0,2019-03-04,252.0,0.0704%,-0.0003,0.7258,-0.1994,0.0881,1.3082%,1.5026%,24.1961%,0.003229,IFF,40272.0,2019-03-05,252.0,-0.8206%,-0.0003,0.7284,-0.1842,0.0926,1.3084%,1.5033%,24.2396%,-0.007468,IFF,40272.0,2019-03-06,252.0,-0.1103%,-0.0003,0.7289,-0.1915,0.0921,1.3084%,1.5029%,24.2047%,0.002567,IFF,40272.0,2019-03-07,252.0,-1.7828%,-0.0003,0.7326,-0.196,0.0958,1.3098%,1.5062%,24.3790%,-0.011771,IFF,40272.0,2019-03-08,252.0,0.7148%,-0.0003,0.7313,-0.1954,0.0937,1.3111%,1.5068%,24.2966%,0.008931,IFF,40272.0,2019-03-11,252.0,0.7496%,-0.0003,0.7305,-0.2013,0.0908,1.3107%,1.5076%,24.4130%,-0.0023,IFF,-0.019132,-0.008687,-0.005047,-0.003316,-0.0133569999999999
40379,IMAX CORP,Canaccord Genuity Downgrades Imax to Hold,6,decrease,0.8,0.6,"a downgrade from a financial analyst typically signals reduced expectations for the company's performance, which can lead to a decline in stock price.",0,2019-02-25,IMAX,2019-02-25 11:48:00+00:00,80635.0,45245E10,-0.0432780236005783,515457.0,0.002887365873903,0.0159027203917503,0.0873320400714874,-0.0051186881028115,0.0110326567664742,0.0257756076753139,0.0026189202908426,-0.0127237774431705,-0.0095776803791522,-0.0065543674863874,0.0206593107432127,0.0142450686544179,-0.0116278445348143,0.0144508304074406,-0.0200436152517795,0.0131771825253963,0.0151178371161222,-0.0228898208588361,0.0232150983065366,0.0150048146024346,-0.0004280919674783,0.0024259698111563,0.0021412950009107,-0.0124580841511488,-0.0017093593487516,0.0121241509914398,-0.0098459525033831,0.0137660121545195,-0.0008646152564324,-0.020702950656414,-0.0095197409391403,-0.0033589105587452,-0.0021843267604708,-0.0085632875561714,0.0048161386512219,-0.0028462745249271,-0.0165577810257673,0.0038095202762633,0.0115197263658046,0.009615421295166,-0.0026280975434929,0.0221129655838012,-0.0070267827250063,0.0215863604098558,0.0026536693330854,-0.023529389873147,0.0004411216941662,0.0292633660137653,0.0,0.0101936208084225,-0.0286595951765775,0.0051229703240096,0.0186109766364097,-0.0020449392031878,0.0276291854679584,0.0041067721322178,0.0190806835889816,-0.0010256645036861,0.0051064188592135,0.0,-0.0042337160557508,-0.025000000372529,0.018282325938344,0.017294006422162,0.0104384133592248,0.0181253440678119,0.028925571590662,0.0392895340919494,-0.0004016156308352,-0.0090666711330413,0.0152672184631228,-0.0031897644512355,0.0055401418358087,0.0145630277693271,-0.0031483639031648,0.0092542227357625,-0.0094749219715595,-0.0064899367280304,-0.0095655545592308,0.0399324558675289,0.0072434730827808,-0.0044792788103222,0.0003995297010987,-0.0181418322026729,-0.0243610460311174,-0.0293489452451467,-0.0094146355986595,-0.0136842224746942,0.0074379500001668,-0.0062761944718658,0.0016407266957685,-0.0184804275631904,0.0401310212910175,0.0056788176298141,-0.0220472235232591,-0.008700106292963,-0.0040257801301777,0.0230366773903369,-0.0226353872567415,0.0357917472720146,-0.0264681298285722,-0.0048569967038929,-0.0089210271835327,-0.0096204383298754,0.0192885026335716,0.01080490835011,-0.029436532407999,-0.0096308346837759,0.0186308622360229,0.0070043681189417,0.0034028040245175,-0.0246979091316461,-0.0055108550004661,-0.0280898492783308,-0.0093776350840926,0.0235233027487993,-0.0051634651608765,0.0041994713246822,0.0099480766803026,0.008470082655549,0.002887365873903,0.0159027203917503,0.0904715654975911,0.0107026312232672,0.102502363993326,0.0367541057220857,0.0948026602786193,0.0168538712857497,0.1241578392480429,0.051306848869834,0.1366698789135996,0.1138461185790673,0.1236765943276854,0.1498147162639522,2019-02-26,2019-02-27,2019-02-28,2019-03-01,2019-03-04,2019-03-05,2019-03-06,2019-03-07,2019-03-08,2019-03-11,80635.0,2019-02-25,252.0,-4.3278%,-0.0005,0.6428,0.7143,0.0253,1.9287%,2.0833%,14.2938%,-0.042519,IMAX,80635.0,2019-02-26,252.0,0.2887%,-0.0004,0.6411,0.7035,0.0186,1.9295%,2.0830%,14.1933%,0.008471,IMAX,80635.0,2019-02-27,252.0,8.7332%,-0.0002,0.6358,0.7381,0.018,2.0011%,2.1512%,13.4691%,0.085341,IMAX,80635.0,2019-02-28,252.0,1.1033%,-0.0001,0.6291,0.7339,0.0101,2.0022%,2.1497%,13.2472%,0.012801,IMAX,80635.0,2019-03-01,252.0,0.2619%,0.0002,0.578,0.6578,-0.0672,1.9325%,2.0683%,12.7009%,-0.004089,IMAX,80635.0,2019-03-04,252.0,-0.9578%,0.0004,0.5539,0.7413,-0.0618,1.9038%,2.0424%,13.1123%,-0.003769,IMAX,80635.0,2019-03-05,252.0,2.0659%,0.0004,0.5423,0.6662,-0.0787,1.8968%,2.0248%,12.2420%,0.0236609999999999,IMAX,80635.0,2019-03-06,252.0,-1.1628%,0.0004,0.5527,0.6551,-0.0685,1.8925%,2.0233%,12.5117%,0.001262,IMAX,80635.0,2019-03-07,252.0,-2.0044%,0.0004,0.5604,0.6621,-0.0562,1.8951%,2.0273%,12.6213%,-0.0153689999999999,IMAX,80635.0,2019-03-08,252.0,1.5118%,0.0004,0.5584,0.6611,-0.0594,1.8976%,2.0290%,12.5336%,0.015834,IMAX,80635.0,2019-03-11,252.0,2.3215%,0.0006,0.5653,0.6443,-0.0725,1.8930%,2.0280%,12.8674%,0.012116,IMAX,-0.034048,0.051293,0.064094,0.0562359999999999,0.09374
40387,INCYTE CORP,"Argus Maintains Buy on Incyte, Raises Price Target to $98",6,increase,0.8,0.7,the maintenance of a 'buy' rating and an increase in the price target typically signals positive sentiment and potential for stock price appreciation.,2,2019-02-25,INCY,2019-02-25 14:32:00+00:00,79906.0,45337C10,0.0239245593547821,1649301.0,-0.0135819558054208,0.018240688368678,0.0151692312210798,-0.0048960596323013,-0.0088505363091826,-0.0040438147261738,0.022497909143567,-0.0008318442269228,-0.0313031040132045,0.0087509397417306,-0.0043320772238075,0.029114244505763,-0.0196377951651811,-0.0041769528761506,-0.0110352141782641,0.0148360859602689,-0.004002355504781,-0.0081612914800643,0.0249634124338626,0.0130276950076222,0.0086729638278484,-0.0195283275097608,0.0018845233134925,0.0002456590009387,-0.0088173057883977,-0.002450942993164,0.0058119501918554,-0.015918955206871,0.0096698077395558,0.0289117991924285,0.0005839221994392,0.0076268184930086,0.0074705192819237,0.0087022632360458,0.0089213801547884,-0.0169849079102277,-0.019981687888503,0.008880634792149,0.0079681314527988,0.0381767898797988,0.012787795625627,0.0240692198276519,-0.0126263322308659,-0.0275443531572818,-0.0032550429459661,-0.0138994688168168,0.0031491052359342,-0.0031778314150869,-0.0006976536242291,0.0275600925087928,0.0087260035797953,-0.0279330182820558,-0.0271049421280622,0.0709817931056022,-0.0133965294808149,-0.0148693984374404,0.0185051783919334,-0.0062566720880568,-0.0038933674804866,0.0192673802375793,-0.020134987309575,-0.0160214230418205,0.0082195121794939,0.0092979716137051,-0.028174152597785,0.0268438160419464,-0.0204786099493503,0.0618571750819683,-0.0157430730760097,0.0707991868257522,-0.0149711854755878,-0.0004717530973721,-0.034554474055767,0.0210340619087219,-0.0048439265228807,-0.0009624859085306,-0.0040561845526099,0.0051596211269497,0.023757804185152,0.0601709485054016,-0.0250630807131528,-0.0028975314926356,0.0057128104381263,-0.0495707355439662,0.014741632156074,-0.0162549875676631,-0.0086632221937179,-0.0234983209520578,0.0325357057154178,-0.0086392713710665,0.0274739656597375,-0.0215849094092845,0.0257254932075738,-0.0154555048793554,0.0261921808123588,-0.005615446716547,0.0233566388487815,0.0315548740327358,-0.0208234898746013,0.0027514568064361,-0.0045657199807465,0.0141062783077359,-0.0100181270390749,-0.0090629244223237,-0.0163374338299036,-0.0064102290198206,-0.0611056052148342,-0.0409836508333683,0.0047524832189083,0.0633462965488433,-0.0015767014119774,-0.0083346338942646,0.0217134039849042,-0.0147506259381771,-0.0056672133505344,-0.0212829336524009,-0.004792682826519,-0.0028197509236633,0.0240791160613298,0.041905041784048,-0.0135819558054208,0.018240688368678,0.001381247587612,0.0132553212383894,-0.0074815135034966,0.0091579044489915,-0.0169198176900882,0.0171421762009211,-0.031192439997472,0.0628835839006205,-0.0281997787546107,0.1512890337311538,-0.0943830224538,0.3120457798460183,2019-02-26,2019-02-27,2019-02-28,2019-03-01,2019-03-04,2019-03-05,2019-03-06,2019-03-07,2019-03-08,2019-03-11,79906.0,2019-02-25,252.0,2.3925%,0.0,1.34,0.0493,-0.2253,2.2977%,2.7341%,29.3766%,0.0215709999999999,INCY,79906.0,2019-02-26,252.0,-1.3582%,-0.0001,1.3366,0.0693,-0.2178,2.2981%,2.7289%,29.0808%,-0.011966,INCY,79906.0,2019-02-27,252.0,1.5169%,0.0001,1.3448,0.0586,-0.2164,2.2968%,2.7304%,29.2356%,0.0134729999999999,INCY,79906.0,2019-02-28,252.0,-0.8851%,0.0,1.3491,0.0614,-0.212,2.2968%,2.7301%,29.2228%,-0.005334,INCY,79906.0,2019-03-01,252.0,2.2498%,0.0001,1.3505,0.0634,-0.2152,2.2979%,2.7316%,29.2306%,0.011668,INCY,79906.0,2019-03-04,252.0,-3.1303%,0.0,1.349,0.0892,-0.2197,2.3019%,2.7345%,29.1369%,-0.023277,INCY,79906.0,2019-03-05,252.0,-0.4332%,-0.0001,1.3425,0.0364,-0.2235,2.2935%,2.7218%,28.9913%,-0.002379,INCY,79906.0,2019-03-06,252.0,-1.9638%,-0.0003,1.3259,0.0694,-0.2377,2.2821%,2.7062%,28.8871%,-0.007903,INCY,79906.0,2019-03-07,252.0,-1.1035%,-0.0003,1.3271,0.0737,-0.2349,2.2820%,2.7071%,28.9398%,-0.000989,INCY,79906.0,2019-03-08,252.0,-0.4002%,-0.0003,1.3276,0.0685,-0.2339,2.2818%,2.7068%,28.9393%,-0.001609,INCY,79906.0,2019-03-11,252.0,2.4963%,-0.0003,1.3295,0.0727,-0.2324,2.2819%,2.7110%,29.1511%,0.00363,INCY,0.0096049999999999,0.0230779999999999,0.0177439999999999,0.0061349999999999,-0.003115
40395,INFINERA CORP,MKM Partners Upgrades Infinera to Neutral,6,increase,0.7,0.5,"upgrading a stock to 'neutral' typically indicates a more favorable outlook, which can lead to increased investor interest and potentially raise the stock price.",2,2019-02-25,INFN,2019-02-25 12:26:00+00:00,92095.0,45667G10,0.0038022776134312,4979070.0,0.0246211420744657,0.0845361500978469,-0.016635799780488,-0.0102041205391287,-0.0394736900925636,-0.0219561140984296,0.0058707892894744,0.0040081078186631,0.0116731412708759,0.0395832434296608,-0.0288460813462734,0.0126583166420459,-0.0376237705349922,-0.0083682918921113,-0.0514403283596038,0.0413943454623222,-0.015184418298304,0.0177383422851562,0.0969163104891777,-0.0066078705713152,-0.0261044409126043,-0.0639175176620483,0.0082474146038293,-0.0081799514591693,-0.0286298301070928,-0.0081135826185345,0.0042105223983526,-0.0445736497640609,0.0041928682476282,0.1727272123098373,-0.0208768062293529,0.0045662056654691,-0.0341151058673858,0.0045871515758335,-0.0022075560409575,0.0,-0.0442477464675903,-0.0022882728371769,0.0069443825632333,0.0479615852236747,-0.0068964906968176,0.0048192725516855,-0.0208333674818277,0.0121951689943671,0.018912510946393,-0.0284359939396381,0.0069606057368218,0.0,0.0414746142923831,0.00237523810938,0.0088495491072535,-0.018648000434041,0.0175438430160284,0.0312500298023223,0.0172413624823093,-0.030303057283163,-0.0063558761030435,-0.0160550847649574,0.0085287764668464,0.0069284550845623,-0.010570865124464,-0.013667413033545,0.014957302249968,0.0209301561117172,-0.0084210447967052,0.016548503190279,0.0424628034234046,0.0444444008171558,0.0244399923831224,0.0049627739936113,-0.0059642563574016,0.010025112889707,-0.002000045729801,0.0178571250289678,-0.0300600454211235,0.0208333767950534,-0.0268595274537801,0.0131925996392965,-0.0148620316758751,0.0188171863555908,-0.0193964820355176,0.013623964972794,-0.0285714529454708,-0.0492227524518966,-0.0294117908924818,-0.0025839768350124,0.018648000434041,-0.0025773784145712,-0.0068649277091026,-0.0348258391022682,-0.0046082902699708,-0.0266344137489795,-0.0023148676846176,-0.0236406400799751,0.0278422012925148,-0.0364464372396469,-0.0045146686024963,0.037825021892786,-0.0362811461091041,-0.027586180716753,0.0400000177323818,-0.0068493629805743,-0.2669683396816254,-0.0436680801212787,0.0,0.0385487712919712,-0.0246913339942693,0.0068492540158331,-0.0094936611130833,0.0162413399666547,0.0223641954362392,-0.0137299643829464,0.0281249731779098,-0.0045558046549558,-0.0486321747303009,-0.0022727793548256,-0.0319489277899265,-0.0200444720685482,0.0990098863840103,-0.0022222730331122,0.0246211420744657,0.0845361500978469,0.00757574990406,0.0734694124932058,-0.0321969829924352,0.0499001955913307,-0.0151515899902505,0.0958333345615294,-0.0568182157991669,0.158590365431023,-0.1041666996841582,0.2147806700350154,-0.3693182286450005,0.1688889331404519,2019-02-26,2019-02-27,2019-02-28,2019-03-01,2019-03-04,2019-03-05,2019-03-06,2019-03-07,2019-03-08,2019-03-11,92095.0,2019-02-25,252.0,0.3802%,-0.002,0.7903,1.7942,0.156,3.7933%,3.9941%,9.8006%,0.00748,INFN,92095.0,2019-02-26,252.0,2.4621%,-0.0019,0.7816,1.7473,0.1257,3.8015%,3.9973%,9.5586%,0.037783,INFN,92095.0,2019-02-27,252.0,-1.6636%,-0.002,0.7713,1.76,0.1239,3.8007%,3.9961%,9.5403%,-0.020608,INFN,92095.0,2019-02-28,252.0,-3.9474%,-0.0021,0.7733,1.7602,0.1336,3.8067%,4.0006%,9.4595%,-0.037225,INFN,92095.0,2019-03-01,252.0,0.5871%,-0.0022,0.7872,1.7809,0.1561,3.8038%,4.0006%,9.6007%,-0.004357,INFN,92095.0,2019-03-04,252.0,1.1673%,-0.0021,0.7841,1.7691,0.1619,3.8069%,4.0012%,9.4803%,0.022191,INFN,92095.0,2019-03-05,252.0,-2.8846%,-0.0023,0.7836,1.7521,0.1688,3.8074%,3.9961%,9.2246%,-0.02173,INFN,92095.0,2019-03-06,252.0,-3.7624%,-0.0023,0.7831,1.7691,0.1705,3.8074%,4.0021%,9.4942%,-0.009122,INFN,92095.0,2019-03-07,252.0,-5.1440%,-0.0025,0.7969,1.756,0.1852,3.8139%,4.0078%,9.4421%,-0.043308,INFN,92095.0,2019-03-08,252.0,-1.5184%,-0.0026,0.7983,1.7585,0.1873,3.8145%,4.0080%,9.4199%,-0.014084,INFN,92095.0,2019-03-11,252.0,9.6916%,-0.0023,0.8401,1.8105,0.1955,3.8477%,4.0561%,10.0138%,0.0795749999999999,INFN,0.045263,0.024655,-0.0125699999999999,0.005264,-0.0034049999999999
40403,IRONWOOD PHARMACEUTICALS INC,"H.C. Wainwright Upgrades Ironwood Pharmaceuticals to Neutral, Raises Price Target to $14",6,increase,0.75,0.6,upgrading a stock to 'neutral' and raising the price target typically signals improved sentiment and potential for price appreciation.,2,2019-02-25,IRWD,2019-02-25 12:28:00+00:00,93264.0,46333X10,0.018245629966259,877299.0,-0.0296347551047802,0.004936508834362,0.0241477377712726,-0.0083916001021862,-0.0124826841056346,-0.0212183073163032,0.0400281362235546,-0.0388158001005649,-0.0297096911817789,0.0919540002942085,-0.0167014449834823,-0.0562711805105209,-0.0622788481414318,0.1165783479809761,0.0143395913764834,-0.0250922609120607,-0.0111606866121292,-0.0230713561177253,0.0278404727578163,0.0065312157385051,-0.0021961736492812,0.0102638844400644,0.0132061848416924,0.00073369249003,0.0043446389026939,0.0022058626636862,-0.0180245134979486,0.0089021399617195,-0.016152735799551,-0.0131771825253963,0.0171642173081636,0.0270676426589489,0.0044020148925483,0.0310077965259552,0.0306793339550495,0.0386473052203655,-0.0347271300852298,-0.0334630571305751,0.0095447953790426,0.0288231074810028,-0.0334545485675334,0.0056360461749136,-0.0398795902729034,-0.023584920912981,-0.0031347931362688,-0.0147172408178448,0.0636792033910751,-0.0152555163949728,0.0362158715724945,-0.0216417890042066,-0.0186162646859884,0.028396001085639,0.0178715921938419,0.0619396306574344,0.010375109501183,-0.033096857368946,0.018167495727539,0.0103502515703439,-0.0612878166139125,0.0194805786013603,-0.0049587120302021,0.0326906442642211,0.0091361841186881,0.0320069082081317,-0.0304526668041944,0.0509091280400753,-0.0254669096320867,0.113360308110714,-0.0069686346687376,-0.048169557005167,-0.0052631110884249,0.0019305461319163,-0.0185185223817825,0.0454086586833,0.0098831672221422,0.0248190034180879,0.0177935771644115,-0.0349301770329475,0.0489510856568813,0.0762620866298675,-0.0050000348128378,0.0,0.0134004028514027,-0.0754716247320175,0.0082644149661064,-0.0098328795284032,0.0237704887986183,-0.0712328553199768,-0.0480383858084678,-0.0419947914779186,-0.0092515228316187,-0.0272340159863233,-0.1281833052635193,0.0425909087061882,0.0331060551106929,-0.0233968365937471,0.0009425286552868,-0.0509868338704109,-0.0273069646209478,-0.0113821411505341,0.0290416441857814,-0.000812366255559,0.0112887946888804,-0.0284135472029447,-0.0148837063461542,-0.0039308327250182,-0.0745986700057983,-0.0782608613371849,0.0,-0.0014471421018242,0.0,0.0146842738613486,0.0102040227502584,-0.0180245134979486,0.1373738050460815,0.0612088926136493,-0.0097691481932997,-0.0209738332778215,0.0322870500385761,0.0253456160426139,-0.0296347551047801,0.004936508834362,-0.0062026296286936,-0.003496516475863,-0.0186078882680491,-0.0246406336310448,-0.009648542325257,0.0237068885733786,-0.058580316197396,0.0341074218295516,-0.0679337578567358,0.1566558728460094,-0.1133816289736673,0.094470013802715,2019-02-26,2019-02-27,2019-02-28,2019-03-01,2019-03-04,2019-03-05,2019-03-06,2019-03-07,2019-03-08,2019-03-11,93264.0,2019-02-25,252.0,1.8246%,-0.0002,1.1396,1.2177,-0.5424,2.9993%,3.3945%,21.9266%,0.018643,IRWD,93264.0,2019-02-26,252.0,-2.9635%,-0.0002,1.1584,1.2297,-0.5222,2.9987%,3.3991%,22.1751%,-0.0219079999999999,IRWD,93264.0,2019-02-27,252.0,2.4148%,-0.0002,1.1535,1.2444,-0.523,3.0004%,3.4004%,22.1429%,0.020042,IRWD,93264.0,2019-02-28,252.0,-1.2483%,-0.0001,1.1446,1.238,-0.527,2.9983%,3.3930%,21.9086%,-0.010563,IRWD,93264.0,2019-03-01,252.0,4.0028%,-0.0,1.1516,1.2485,-0.5282,3.0028%,3.4008%,22.0377%,0.0259989999999999,IRWD,93264.0,2019-03-04,252.0,-2.9710%,-0.0003,1.1724,1.1945,-0.537,2.9938%,3.3977%,22.3593%,-0.016757,IRWD,93264.0,2019-03-05,252.0,-1.6701%,-0.0,1.1893,1.3175,-0.5205,2.9656%,3.3895%,23.4491%,-0.012384,IRWD,93264.0,2019-03-06,252.0,-6.2279%,-0.0001,1.211,1.3844,-0.4868,2.9726%,3.4122%,24.1081%,-0.03557,IRWD,93264.0,2019-03-07,252.0,1.4340%,-0.0001,1.1985,1.3693,-0.5078,2.9760%,3.4111%,23.8853%,0.0235429999999999,IRWD,93264.0,2019-03-08,252.0,-1.1161%,-0.0001,1.2004,1.3601,-0.5042,2.9762%,3.4092%,23.7885%,-0.010162,IRWD,93264.0,2019-03-11,252.0,2.7840%,-0.0002,1.2007,1.3869,-0.489,2.9711%,3.4093%,24.0583%,0.002346,IRWD,-0.0032649999999999,0.016777,0.006214,0.015456,-0.0167709999999999
40411,ILLINOIS TOOL WORKS INC,"BMO Capital Maintains Market Perform on Illinois Tool Works, Lowers Price Target to $140",6,decrease,0.7,0.6,"lowering the price target typically signals reduced expectations for the stock's future performance, which can lead to a decrease in stock price.",0,2019-02-25,ITW,2019-02-25 15:14:00+00:00,56573.0,45230810,0.0013118997449055,1059262.0,-0.0046890629455447,0.0112414509057998,0.0066510098986327,-0.0027156840078532,-0.0083964290097355,0.0025130931753665,0.0022904069628566,-0.0066570048220455,-0.0004847816890105,0.039351399987936,-0.0047110482119023,-0.007652748376131,-0.0077265808358788,0.0085113095119595,-0.0126271694898605,0.017690697684884,-0.0007105229306034,0.0037576959002763,0.0211874227970838,0.0051843943074345,0.0024367528967559,-0.0185360386967659,0.0086817620322108,-0.0019587131682783,-0.0022722703870385,-0.0041182525455951,-0.0118702640756964,0.029606569558382,0.0153653603047132,-0.0209744740277528,0.0041959043592214,0.0125359259545803,-0.0022604411933571,0.0049651558510959,0.0055608781985938,0.0296833217144012,-0.0329078137874603,-0.0165102966129779,0.0027532610110938,0.0177194494754076,0.0085187749937176,-0.001372953527607,-0.0043280636891722,-0.0080199558287858,0.0085536083206534,-0.0329260267317295,0.0047601866535842,0.0301499962806701,0.0335121415555477,0.0207740012556314,0.0026965697761625,-0.0009224007953889,0.0092778643593192,-0.0006145950173959,0.0109245898202061,-0.0010743564926087,0.0028993308078497,-0.0085971150547266,0.0112352613359689,0.0111546805128455,-0.0189721137285232,-0.0001537498174002,0.0046360483393073,0.022010812535882,0.0174039117991924,0.000235876548686,0.0134127652272582,0.0302146896719932,-0.0049872044473886,-0.0248815286904573,0.0136872185394167,-0.0007104267715476,-0.0101426690816879,0.0157953910529613,0.0139609863981604,-0.0017468732548877,-0.0072001474909484,0.0190145336091518,0.0047076162882149,0.0390079841017723,-0.0070917187258601,-0.0410351827740669,-0.0357119515538215,-0.0092651443555951,0.0157396309077739,-0.0032641005236655,0.0092453816905617,-0.0126552479341626,0.0039998088032007,-0.0068696709349751,-0.0082246270030736,-0.0224358011037111,0.0016196954529732,-0.0165116488933563,0.018175920471549,0.0077906264923512,-0.0132139110937714,0.0082361148670315,-0.0237558893859386,0.0035971314646303,-0.0033631925471127,0.0091913370415568,0.0028451839461922,-0.0284405928105115,0.0079176360741257,0.0037661946844309,-0.0331892669200897,-0.0479059666395187,0.0085313459858298,0.0028047419618815,0.0133602255955338,0.0231788754463195,0.0101364701986312,-0.0154314637184143,-0.0122646754607558,0.0157480277121067,-0.0078353779390454,-7.354310218943283e-05,0.0119797121733427,0.0125921098515391,-0.0046890629455447,0.0112414509057998,0.0019307599490219,0.0084952386694967,-0.0064818805495604,0.0110296811711867,-0.0046890622732737,0.043819833269961,-0.0095848804860305,0.0726558826100856,0.0687313668043478,0.1141625942967112,0.0499829338849682,0.0877820972169525,2019-02-26,2019-02-27,2019-02-28,2019-03-01,2019-03-04,2019-03-05,2019-03-06,2019-03-07,2019-03-08,2019-03-11,56573.0,2019-02-25,252.0,0.1312%,-0.0004,1.0678,0.1063,0.3317,1.1954%,1.6005%,44.2154%,0.000471,ITW,56573.0,2019-02-26,252.0,-0.4689%,-0.0003,1.0749,0.1008,0.3342,1.1933%,1.6006%,44.4176%,-0.0013059999999999,ITW,56573.0,2019-02-27,252.0,0.6651%,-0.0003,1.0759,0.1008,0.3344,1.1938%,1.6001%,44.3304%,0.005793,ITW,56573.0,2019-02-28,252.0,-0.8396%,-0.0003,1.0769,0.1014,0.3361,1.1941%,1.5988%,44.2149%,-0.004345,ITW,56573.0,2019-03-01,252.0,0.2290%,-0.0003,1.0777,0.1025,0.3392,1.1943%,1.5974%,44.1035%,-0.004503,ITW,56573.0,2019-03-04,252.0,-0.0485%,-0.0003,1.0741,0.1103,0.341,1.1939%,1.5932%,43.8425%,0.004116,ITW,56573.0,2019-03-05,252.0,-0.4711%,-0.0003,1.0757,0.1221,0.3427,1.1933%,1.5934%,43.9170%,-0.001815,ITW,56573.0,2019-03-06,252.0,-0.7727%,-0.0003,1.0769,0.1141,0.343,1.1931%,1.5935%,43.9388%,0.002621,ITW,56573.0,2019-03-07,252.0,-1.2627%,-0.0003,1.0762,0.1057,0.3396,1.1923%,1.5934%,44.0129%,-0.002675,ITW,56573.0,2019-03-08,252.0,-0.0711%,-0.0003,1.0764,0.0961,0.3406,1.1911%,1.5925%,44.0583%,0.002092,ITW,56573.0,2019-03-11,252.0,2.1187%,-0.0004,1.0793,0.1157,0.3503,1.1864%,1.5931%,44.5386%,0.006483,ITW,-0.0008349999999999,0.004958,0.000613,0.000226,0.006932
40419,JOHN BEAN TECHNOLOGIES CORP,"John Bean Sees FY19 Adj. EPS $4.20-$4.40 vs $4.32 Estimate, Sales $1.9B vs $1.95B Est.",6,decrease,0.7,0.6,"the adjusted eps guidance is slightly below the estimate, and sales are also expected to fall short, which may lead to negative investor sentiment.",0,2019-02-25,JBT,2019-02-25 21:18:00+00:00,92729.0,47783910,0.0167349874973297,311282.0,0.0454596951603889,-0.0188763812184333,0.0370568595826625,0.0087887188419699,-0.0323247425258159,0.0192948244512081,0.0022412671241909,0.0057756728492677,0.0154402824118733,0.0392556600272655,-0.0074454601854085,0.0117818685248494,-0.0227152667939662,0.0172989182174205,-0.0104978485032916,0.0414361245930194,-0.0259214993566274,-0.0160800740122795,0.0221199337393045,-0.0282971877604723,-0.0109853893518447,-0.0237809661775827,0.0148839717730879,0.0158614329993724,0.0030644496437162,0.0131025649607181,-0.0058919903822243,0.0195337496697902,0.0206343680620193,-0.0011329804547131,0.0017206545453518,0.0053151836618781,-0.0246913898736238,-0.0097745163366198,0.0242157913744449,0.0229457877576351,-0.0739387944340705,-0.0057353675365448,0.0029012418817728,0.0042237532325088,0.0388798974454402,0.012702471576631,0.0052350326441228,-0.0033587666694074,0.0179501697421073,-0.020126536488533,0.000217662382056,0.0104886116459965,0.0166503302752971,0.0083838710561394,0.0004281836445443,0.0234983339905738,0.0056708622723817,-0.0227067749947309,0.0210661068558692,-0.0092036454007029,0.0187558140605688,0.0057856077328324,-0.0011250177631154,0.0187295395880937,-0.0080892983824014,0.0128681510686874,0.017342833802104,0.0283764544874429,0.0108574293553829,0.0024617109447717,0.0201766155660152,0.0498205460608005,0.005313400644809,-0.0188758466392755,-0.0034256482031196,-0.0114190187305212,0.009919486939907,0.036668125540018,0.0086550554260611,-0.0083035342395305,-0.0081951254978775,0.0012900850269943,0.0019441717304289,0.0390229783952236,-0.0103812916204333,-0.0307492036372423,-0.0296078100800514,0.0189760699868202,0.0162658412009477,-0.0150679992511868,0.012625552713871,-0.021409360691905,0.0778519585728645,0.0196617115288972,0.0122050857171416,-0.0220557767897844,-0.0116080353036522,-0.015703110024333,0.0445193648338317,-0.0198855772614479,-0.0047067105770111,0.0147892152890563,-0.0119975721463561,-0.0209743306040763,-0.0207409709692001,-0.009648903273046,-0.0076032215729355,-0.0402572005987167,-0.0074790194630622,0.0219505541026592,-0.0060650249943137,-0.0763627588748931,0.0075813578441739,-0.0020595851819962,0.0276196952909231,0.0112717244774103,0.022412734106183,-0.0075388513505458,-0.0207860022783279,0.0722294822335243,0.0011594474781304,-0.0331527143716812,-0.0001781438186299,0.0053224959410727,0.0454596951603889,-0.0188763812184333,0.0842011482832807,-0.010253561583746,0.0491546253188297,0.0088434221967039,0.0677416116297564,0.0545017190618437,0.0203618714277717,0.0807086330100905,0.0946780801941147,0.1504911324295428,0.2579942674523485,0.1147406275657032,2019-02-26,2019-02-27,2019-02-28,2019-03-01,2019-03-04,2019-03-05,2019-03-06,2019-03-07,2019-03-08,2019-03-11,92729.0,2019-02-25,252.0,1.6735%,-0.0009,1.1717,0.6154,0.673,2.5573%,2.8099%,17.1694%,0.01771,JBT,92729.0,2019-02-26,252.0,4.5460%,-0.0006,1.167,0.5446,0.6335,2.5789%,2.8248%,16.6550%,0.053394,JBT,92729.0,2019-02-27,252.0,3.7057%,-0.0005,1.1678,0.5539,0.6338,2.5890%,2.8341%,16.5489%,0.035632,JBT,92729.0,2019-02-28,252.0,-3.2325%,-0.0003,1.1351,0.5306,0.6163,2.5554%,2.7886%,16.0217%,-0.0273309999999999,JBT,92729.0,2019-03-01,252.0,0.2241%,-0.0003,1.1392,0.5367,0.625,2.5551%,2.7881%,16.0211%,-0.005095,JBT,92729.0,2019-03-04,252.0,1.5440%,-0.0003,1.1388,0.519,0.6295,2.5584%,2.7898%,15.8997%,0.020984,JBT,92729.0,2019-03-05,252.0,-0.7445%,-0.0003,1.139,0.5194,0.6304,2.5584%,2.7892%,15.8623%,-0.00248,JBT,92729.0,2019-03-06,252.0,-2.2715%,-0.0003,1.1476,0.5281,0.6413,2.5579%,2.7928%,16.1164%,-0.006946,JBT,92729.0,2019-03-07,252.0,-1.0498%,-0.0003,1.1445,0.5159,0.6337,2.5571%,2.7911%,16.0627%,0.001308,JBT,92729.0,2019-03-08,252.0,-2.5921%,-0.0004,1.1473,0.5192,0.6381,2.5609%,2.7957%,16.0900%,-0.022674,JBT,92729.0,2019-03-11,252.0,2.2120%,-0.0004,1.1504,0.5316,0.6435,2.5605%,2.7987%,16.2971%,0.006384,JBT,0.071104,0.106736,0.079405,0.095294,0.070886
40427,JOHN BEAN TECHNOLOGIES CORP,"John Bean Technologies Q4 EPS $1.65 Beats $1.38 Estimate, Sales $537M Beat $536.39M Estimate",6,increase,0.8,0.7,"the company reported better-than-expected earnings and sales, which typically boosts investor confidence and can lead to an increase in stock price.",2,2019-02-25,JBT,2019-02-25 21:17:00+00:00,92729.0,47783910,0.0167349874973297,311282.0,0.0454596951603889,-0.0188763812184333,0.0370568595826625,0.0087887188419699,-0.0323247425258159,0.0192948244512081,0.0022412671241909,0.0057756728492677,0.0154402824118733,0.0392556600272655,-0.0074454601854085,0.0117818685248494,-0.0227152667939662,0.0172989182174205,-0.0104978485032916,0.0414361245930194,-0.0259214993566274,-0.0160800740122795,0.0221199337393045,-0.0282971877604723,-0.0109853893518447,-0.0237809661775827,0.0148839717730879,0.0158614329993724,0.0030644496437162,0.0131025649607181,-0.0058919903822243,0.0195337496697902,0.0206343680620193,-0.0011329804547131,0.0017206545453518,0.0053151836618781,-0.0246913898736238,-0.0097745163366198,0.0242157913744449,0.0229457877576351,-0.0739387944340705,-0.0057353675365448,0.0029012418817728,0.0042237532325088,0.0388798974454402,0.012702471576631,0.0052350326441228,-0.0033587666694074,0.0179501697421073,-0.020126536488533,0.000217662382056,0.0104886116459965,0.0166503302752971,0.0083838710561394,0.0004281836445443,0.0234983339905738,0.0056708622723817,-0.0227067749947309,0.0210661068558692,-0.0092036454007029,0.0187558140605688,0.0057856077328324,-0.0011250177631154,0.0187295395880937,-0.0080892983824014,0.0128681510686874,0.017342833802104,0.0283764544874429,0.0108574293553829,0.0024617109447717,0.0201766155660152,0.0498205460608005,0.005313400644809,-0.0188758466392755,-0.0034256482031196,-0.0114190187305212,0.009919486939907,0.036668125540018,0.0086550554260611,-0.0083035342395305,-0.0081951254978775,0.0012900850269943,0.0019441717304289,0.0390229783952236,-0.0103812916204333,-0.0307492036372423,-0.0296078100800514,0.0189760699868202,0.0162658412009477,-0.0150679992511868,0.012625552713871,-0.021409360691905,0.0778519585728645,0.0196617115288972,0.0122050857171416,-0.0220557767897844,-0.0116080353036522,-0.015703110024333,0.0445193648338317,-0.0198855772614479,-0.0047067105770111,0.0147892152890563,-0.0119975721463561,-0.0209743306040763,-0.0207409709692001,-0.009648903273046,-0.0076032215729355,-0.0402572005987167,-0.0074790194630622,0.0219505541026592,-0.0060650249943137,-0.0763627588748931,0.0075813578441739,-0.0020595851819962,0.0276196952909231,0.0112717244774103,0.022412734106183,-0.0075388513505458,-0.0207860022783279,0.0722294822335243,0.0011594474781304,-0.0331527143716812,-0.0001781438186299,0.0053224959410727,0.0454596951603889,-0.0188763812184333,0.0842011482832807,-0.010253561583746,0.0491546253188297,0.0088434221967039,0.0677416116297564,0.0545017190618437,0.0203618714277717,0.0807086330100905,0.0946780801941147,0.1504911324295428,0.2579942674523485,0.1147406275657032,2019-02-26,2019-02-27,2019-02-28,2019-03-01,2019-03-04,2019-03-05,2019-03-06,2019-03-07,2019-03-08,2019-03-11,92729.0,2019-02-25,252.0,1.6735%,-0.0009,1.1717,0.6154,0.673,2.5573%,2.8099%,17.1694%,0.01771,JBT,92729.0,2019-02-26,252.0,4.5460%,-0.0006,1.167,0.5446,0.6335,2.5789%,2.8248%,16.6550%,0.053394,JBT,92729.0,2019-02-27,252.0,3.7057%,-0.0005,1.1678,0.5539,0.6338,2.5890%,2.8341%,16.5489%,0.035632,JBT,92729.0,2019-02-28,252.0,-3.2325%,-0.0003,1.1351,0.5306,0.6163,2.5554%,2.7886%,16.0217%,-0.0273309999999999,JBT,92729.0,2019-03-01,252.0,0.2241%,-0.0003,1.1392,0.5367,0.625,2.5551%,2.7881%,16.0211%,-0.005095,JBT,92729.0,2019-03-04,252.0,1.5440%,-0.0003,1.1388,0.519,0.6295,2.5584%,2.7898%,15.8997%,0.020984,JBT,92729.0,2019-03-05,252.0,-0.7445%,-0.0003,1.139,0.5194,0.6304,2.5584%,2.7892%,15.8623%,-0.00248,JBT,92729.0,2019-03-06,252.0,-2.2715%,-0.0003,1.1476,0.5281,0.6413,2.5579%,2.7928%,16.1164%,-0.006946,JBT,92729.0,2019-03-07,252.0,-1.0498%,-0.0003,1.1445,0.5159,0.6337,2.5571%,2.7911%,16.0627%,0.001308,JBT,92729.0,2019-03-08,252.0,-2.5921%,-0.0004,1.1473,0.5192,0.6381,2.5609%,2.7957%,16.0900%,-0.022674,JBT,92729.0,2019-03-11,252.0,2.2120%,-0.0004,1.1504,0.5316,0.6435,2.5605%,2.7987%,16.2971%,0.006384,JBT,0.071104,0.106736,0.079405,0.095294,0.070886
40435,JOHNSON & JOHNSON,"Citigroup Maintains Neutral on Johnson & Johnson, Raises Price Target to $147",6,increase,0.7,0.6,"raising the price target typically indicates positive sentiment and potential for stock appreciation, which may lead to an increase in johnson & johnson's stock price.",2,2019-02-25,JNJ,2019-02-25 15:33:00+00:00,22111.0,47816010,0.0036602546460926,6846581.0,-0.000660766090732,0.0087136905640363,-0.0017633200623095,-0.0068207401782274,0.0056672133505344,0.0048640551976859,0.0125146862119436,-0.0050594108179211,0.0009395707747898,0.0154121611267328,0.0020942268893122,-0.0010412747506052,0.002305916743353,0.0021615480072796,-0.0061110854148864,0.016363663598895,-0.0013021406484767,-0.0030211021658033,0.0036216138396412,0.002650441834703,0.0044745607301592,-0.0071428343653678,0.0016526152612641,0.0009030336514115,-0.0099705858156085,0.0,-0.0030430238693952,-0.0098360069096088,-0.0031250575557351,0.0084159532561898,0.009258615784347,0.0109389433637261,-0.0083069140091538,0.0100513892248272,0.0059000137262046,0.0103883733972907,-0.0086169615387916,0.0059269266203045,-0.0021912427619099,0.0094465631991624,0.0143474610522389,-0.0137422690168023,0.0009380790870636,0.0,0.0012978222221136,-0.0144616980105638,0.0065523358061909,0.0123945008963346,-0.0057943887077271,0.0082005867734551,-0.0091379266232252,-0.0102041382342577,-0.0039213458076119,0.0084190974012017,-0.0116642918437719,-0.0113294888287782,0.0044994121417403,0.0003083284536842,-0.0002936795935966,0.0060499035753309,-0.0041868081316351,-0.0079256230965256,7.372210529865697e-05,0.0232265535742044,-0.0027289800345897,-0.0064147673547267,0.0056947637349367,0.016783332452178,0.0039712353609502,-0.0158904008567333,0.0109874010086059,-0.0100736385211348,0.0036226632073521,0.0139860650524497,-0.0072191739454865,-0.0010988699505105,0.0022541997022926,0.0055244620889425,0.0150184435769915,0.0315044187009334,-0.0050035524182021,-0.0409868061542511,0.0032327368389815,-0.0014033517800271,0.0052990014664828,0.0051720370538532,-0.0039176796562969,-0.0215457566082477,0.0097254049032926,0.0099117141216993,0.0053116148337721,-0.0290225613862276,-0.0047199591062963,-0.1003787666559219,0.005167013965547,0.0050305249169468,0.0005633535329252,0.0040956046432256,-0.0149200875312089,0.0085364552214741,-0.0012860465794801,-0.0011689347447827,-0.0075827855616807,-0.0032897742930799,0.002306691603735,-0.0008217155118472,-0.0133046107366681,-0.0012311601312831,-0.0027696036268025,-0.0046969857066869,0.0006577717722393,0.0071990932337939,0.009495310485363,-0.0040289289318025,0.0028941023629158,0.0224829018115997,-0.0013707700418308,0.0130862714722752,-0.0021673389710485,0.0002812301681842,-0.000660766090732,0.0087136905640363,-0.0024229210109373,0.0018335165664782,0.0032305611292966,0.0067064900899493,0.0167400793354335,0.0170501716130577,0.0173274642712701,0.0344566667315211,-0.0004405114982116,0.0594897520260111,0.0140969020970276,-0.0334694303418822,2019-02-26,2019-02-27,2019-02-28,2019-03-01,2019-03-04,2019-03-05,2019-03-06,2019-03-07,2019-03-08,2019-03-11,22111.0,2019-02-25,252.0,0.3660%,0.0003,0.7205,-0.4993,0.1863,1.0249%,1.2797%,35.8597%,0.0015179999999999,JNJ,22111.0,2019-02-26,252.0,-0.0661%,0.0003,0.7192,-0.4945,0.1877,1.0248%,1.2757%,35.4741%,-0.002189,JNJ,22111.0,2019-02-27,252.0,-0.1763%,0.0003,0.7209,-0.4982,0.188,1.0245%,1.2752%,35.4500%,-0.001346,JNJ,22111.0,2019-02-28,252.0,0.5667%,0.0003,0.7218,-0.4973,0.1867,1.0254%,1.2754%,35.3708%,0.008372,JNJ,22111.0,2019-03-01,252.0,1.2515%,0.0004,0.7191,-0.5013,0.1784,1.0258%,1.2747%,35.2338%,0.009417,JNJ,22111.0,2019-03-04,252.0,0.0940%,0.0004,0.7157,-0.4912,0.1796,1.0249%,1.2681%,34.6759%,0.001888,JNJ,22111.0,2019-03-05,252.0,0.2094%,0.0004,0.7124,-0.5157,0.1766,1.0215%,1.2660%,34.9000%,0.002129,JNJ,22111.0,2019-03-06,252.0,0.2306%,0.0004,0.7134,-0.5196,0.1773,1.0214%,1.2653%,34.8413%,0.001632,JNJ,22111.0,2019-03-07,252.0,-0.6111%,0.0005,0.7166,-0.5051,0.1855,1.0186%,1.2635%,35.0081%,-0.00013,JNJ,22111.0,2019-03-08,252.0,-0.1302%,0.0004,0.7172,-0.5165,0.1872,1.0165%,1.2630%,35.2233%,0.000752,JNJ,22111.0,2019-03-11,252.0,0.3622%,0.0003,0.7141,-0.5015,0.1974,1.0101%,1.2548%,35.1902%,-0.0043219999999999,JNJ,-0.000671,-0.002017,0.006355,0.01766,0.017721
40443,K B HOME,Raymond James Steps To The Sidelines On KB Home After 25% Run,6,decrease,0.7,0.5,"the decision by raymond james to step to the sidelines suggests a cautious outlook after a significant price increase, which may lead investors to sell, causing a potential decrease in stock price.",0,2019-02-25,KBH,2019-02-25 20:22:00+00:00,70092.0,48666K10,-0.0171764455735683,1575043.0,-0.0106564369052648,0.0029412438161671,-0.0030159284360706,0.0356831885874271,-0.0142610166221857,-0.0051948414184153,-0.0043840589933097,0.0122699690982699,0.0184940602630376,0.0066166571341454,-0.0190228559076786,0.000883022439666,-0.0136624667793512,-0.0143603105098009,0.032618474215269,0.0693345665931701,0.0147122517228126,0.0004655600059777,0.0277185328304767,-0.0115048326551914,-0.0024896042887121,0.0235515777021646,-0.0128952311351895,-0.0356171205639839,-0.0033712568692862,0.0142660550773143,-0.0122621143236756,-0.0045808693394064,-0.0102739622816443,0.0196170043200254,-0.0298443119972944,0.0433722883462905,-0.0124833118170499,0.0058823940344154,0.0270880535244941,0.0184722375124692,-0.0008791409782133,-0.0014954525977373,0.0501540377736091,-0.0185910500586032,0.0087976148352026,0.0266198236495256,0.0269933398813009,0.0199794769287109,0.0004043764201924,-0.0384235866367816,-0.0230395998805761,-0.0131259337067604,0.0004137454961892,0.0043945387005805,-0.0012407231843099,-0.0125361727550625,0.0099378786981105,0.0087548792362213,0.0323903635144233,-0.0288143884390592,0.0170770566910505,0.0080952420830726,-0.0160093642771244,-0.0445859655737876,-0.020634938031435,0.040719635784626,0.0206645149737596,0.0057143256999552,0.0115124657750129,0.0164569299668073,0.0062794289551675,0.053544070571661,-0.0089703407138586,-0.0100958533585071,-0.005116063170135,0.0371727272868156,0.0110759008675813,-0.0093361148610711,0.014084530994296,-0.0041322275064885,-0.0281635615974664,-0.0020618045236915,0.0293767265975475,0.0402144789695739,0.0069417781196534,-0.0074508404359221,-0.0210647694766521,-0.0647087693214416,0.0,0.009547765366733,0.0121283791959285,-0.0030059854034334,0.0015461541479453,0.0315244793891906,-0.0098417866975069,-0.0152671374380588,0.0226297285407781,-0.0090771708637475,0.0015261700609698,-0.0129417730495333,0.0015238444320857,0.0177305154502391,-0.0216813068836927,-0.006042337976396,-0.0178848784416914,-0.0269475374370813,0.022565308958292,-0.0082604503259062,0.0112272901460528,0.0279720015823841,-0.0003828571352642,-0.0543221347033977,0.0298735648393631,0.0028422295581549,-0.0037187978159636,-0.0037753621581941,0.0216498654335737,-0.0046970583498477,-0.0153452707454562,0.0133270192891359,-0.0200371388345956,0.0057444158010184,0.0090874582529068,0.0150631424039602,-0.0106564369052648,0.0029412438161671,-0.0136402262902457,0.0387293853613681,-0.0277067194185759,0.0333333509277677,-0.0140664926117202,0.0529334240861805,0.0272805322972342,0.098481423995318,0.0741688713938302,0.0872661593428991,0.1370842144587893,0.1612298356389965,2019-02-26,2019-02-27,2019-02-28,2019-03-01,2019-03-04,2019-03-05,2019-03-06,2019-03-07,2019-03-08,2019-03-11,70092.0,2019-02-25,252.0,-1.7176%,-0.0009,0.8463,1.0863,0.3304,2.3862%,2.5883%,15.0055%,-0.015141,KBH,70092.0,2019-02-26,252.0,-1.0656%,-0.0008,0.8582,1.0755,0.3338,2.3830%,2.5881%,15.2223%,-0.00136,KBH,70092.0,2019-02-27,252.0,-0.3016%,-0.0008,0.8633,1.0649,0.3347,2.3820%,2.5876%,15.2639%,-0.005531,KBH,70092.0,2019-02-28,252.0,-1.4261%,-0.0007,0.8559,1.0595,0.3317,2.3802%,2.5819%,15.0123%,-0.011061,KBH,70092.0,2019-03-01,252.0,-0.4384%,-0.0007,0.8438,1.0415,0.3183,2.3792%,2.5746%,14.6031%,-0.0123819999999999,KBH,70092.0,2019-03-04,252.0,1.8494%,-0.0006,0.8428,1.021,0.324,2.3849%,2.5772%,14.3720%,0.025716,KBH,70092.0,2019-03-05,252.0,-1.9023%,-0.0006,0.8467,1.0424,0.3316,2.3858%,2.5793%,14.4422%,-0.013737,KBH,70092.0,2019-03-06,252.0,-1.3662%,-0.0007,0.8387,1.0324,0.3212,2.3854%,2.5789%,14.4386%,0.006362,KBH,70092.0,2019-03-07,252.0,3.2618%,-0.0005,0.8174,1.0101,0.2865,2.3993%,2.5846%,13.8285%,0.041188,KBH,70092.0,2019-03-08,252.0,1.4712%,-0.0004,0.8144,1.0219,0.2811,2.4007%,2.5863%,13.8371%,0.016403,KBH,70092.0,2019-03-11,252.0,2.7719%,-0.0004,0.8216,1.0239,0.2786,2.4021%,2.5920%,14.1160%,0.013277,KBH,-0.016501,-0.022032,-0.033093,-0.019759,0.043734
40451,K B HOME,"UPDATE: Raymond James Downgrades KB Home As Firm Notes 'this move stems from our increasing sensitivity to relative valuations within the peer group, now that the spring selling season has officially begun'",6,decrease,0.8,0.6,"the downgrade by raymond james suggests a negative outlook on kb home's relative valuation compared to peers, which is likely to lead to a decrease in stock price.",0,2019-02-25,KBH,2019-02-25 15:58:00+00:00,70092.0,48666K10,-0.0171764455735683,1575043.0,-0.0106564369052648,0.0029412438161671,-0.0030159284360706,0.0356831885874271,-0.0142610166221857,-0.0051948414184153,-0.0043840589933097,0.0122699690982699,0.0184940602630376,0.0066166571341454,-0.0190228559076786,0.000883022439666,-0.0136624667793512,-0.0143603105098009,0.032618474215269,0.0693345665931701,0.0147122517228126,0.0004655600059777,0.0277185328304767,-0.0115048326551914,-0.0024896042887121,0.0235515777021646,-0.0128952311351895,-0.0356171205639839,-0.0033712568692862,0.0142660550773143,-0.0122621143236756,-0.0045808693394064,-0.0102739622816443,0.0196170043200254,-0.0298443119972944,0.0433722883462905,-0.0124833118170499,0.0058823940344154,0.0270880535244941,0.0184722375124692,-0.0008791409782133,-0.0014954525977373,0.0501540377736091,-0.0185910500586032,0.0087976148352026,0.0266198236495256,0.0269933398813009,0.0199794769287109,0.0004043764201924,-0.0384235866367816,-0.0230395998805761,-0.0131259337067604,0.0004137454961892,0.0043945387005805,-0.0012407231843099,-0.0125361727550625,0.0099378786981105,0.0087548792362213,0.0323903635144233,-0.0288143884390592,0.0170770566910505,0.0080952420830726,-0.0160093642771244,-0.0445859655737876,-0.020634938031435,0.040719635784626,0.0206645149737596,0.0057143256999552,0.0115124657750129,0.0164569299668073,0.0062794289551675,0.053544070571661,-0.0089703407138586,-0.0100958533585071,-0.005116063170135,0.0371727272868156,0.0110759008675813,-0.0093361148610711,0.014084530994296,-0.0041322275064885,-0.0281635615974664,-0.0020618045236915,0.0293767265975475,0.0402144789695739,0.0069417781196534,-0.0074508404359221,-0.0210647694766521,-0.0647087693214416,0.0,0.009547765366733,0.0121283791959285,-0.0030059854034334,0.0015461541479453,0.0315244793891906,-0.0098417866975069,-0.0152671374380588,0.0226297285407781,-0.0090771708637475,0.0015261700609698,-0.0129417730495333,0.0015238444320857,0.0177305154502391,-0.0216813068836927,-0.006042337976396,-0.0178848784416914,-0.0269475374370813,0.022565308958292,-0.0082604503259062,0.0112272901460528,0.0279720015823841,-0.0003828571352642,-0.0543221347033977,0.0298735648393631,0.0028422295581549,-0.0037187978159636,-0.0037753621581941,0.0216498654335737,-0.0046970583498477,-0.0153452707454562,0.0133270192891359,-0.0200371388345956,0.0057444158010184,0.0090874582529068,0.0150631424039602,-0.0106564369052648,0.0029412438161671,-0.0136402262902457,0.0387293853613681,-0.0277067194185759,0.0333333509277677,-0.0140664926117202,0.0529334240861805,0.0272805322972342,0.098481423995318,0.0741688713938302,0.0872661593428991,0.1370842144587893,0.1612298356389965,2019-02-26,2019-02-27,2019-02-28,2019-03-01,2019-03-04,2019-03-05,2019-03-06,2019-03-07,2019-03-08,2019-03-11,70092.0,2019-02-25,252.0,-1.7176%,-0.0009,0.8463,1.0863,0.3304,2.3862%,2.5883%,15.0055%,-0.015141,KBH,70092.0,2019-02-26,252.0,-1.0656%,-0.0008,0.8582,1.0755,0.3338,2.3830%,2.5881%,15.2223%,-0.00136,KBH,70092.0,2019-02-27,252.0,-0.3016%,-0.0008,0.8633,1.0649,0.3347,2.3820%,2.5876%,15.2639%,-0.005531,KBH,70092.0,2019-02-28,252.0,-1.4261%,-0.0007,0.8559,1.0595,0.3317,2.3802%,2.5819%,15.0123%,-0.011061,KBH,70092.0,2019-03-01,252.0,-0.4384%,-0.0007,0.8438,1.0415,0.3183,2.3792%,2.5746%,14.6031%,-0.0123819999999999,KBH,70092.0,2019-03-04,252.0,1.8494%,-0.0006,0.8428,1.021,0.324,2.3849%,2.5772%,14.3720%,0.025716,KBH,70092.0,2019-03-05,252.0,-1.9023%,-0.0006,0.8467,1.0424,0.3316,2.3858%,2.5793%,14.4422%,-0.013737,KBH,70092.0,2019-03-06,252.0,-1.3662%,-0.0007,0.8387,1.0324,0.3212,2.3854%,2.5789%,14.4386%,0.006362,KBH,70092.0,2019-03-07,252.0,3.2618%,-0.0005,0.8174,1.0101,0.2865,2.3993%,2.5846%,13.8285%,0.041188,KBH,70092.0,2019-03-08,252.0,1.4712%,-0.0004,0.8144,1.0219,0.2811,2.4007%,2.5863%,13.8371%,0.016403,KBH,70092.0,2019-03-11,252.0,2.7719%,-0.0004,0.8216,1.0239,0.2786,2.4021%,2.5920%,14.1160%,0.013277,KBH,-0.016501,-0.022032,-0.033093,-0.019759,0.043734
40459,K L A CORP,"Deutsche Bank Maintains Hold on KLA-Tencor, Raises Price Target to $115",6,uncertain,0.6,0.2,"while maintaining a 'hold' rating suggests stability, the raised price target indicates potential for growth, leading to uncertainty in the stock's immediate reaction.",1,2019-02-25,KLAC,2019-02-25 14:51:00+00:00,46886.0,48248010,0.011092709377408,1611771.0,0.0031098877079784,0.0132755115628242,-0.0105063831433653,0.0010631267214193,0.0051348679699003,0.0425826758146286,0.0025110479909926,0.0006470070802606,0.0080324783921241,0.0098002897575497,-0.0125953322276473,9.271538874600084e-05,-0.0064213629812002,0.0063432864844799,0.0011353471782058,0.0149592328816652,-0.0059321322478353,0.000189434402273,0.0261518508195877,0.0011376100592315,-0.00222357083112,-0.02170280367136,0.0017999407136812,0.0097396606579422,0.002652337308973,-0.0023357938043773,0.0207355599850416,0.0006544474163092,0.0021735036280006,0.0036595608107745,0.0023357225582003,0.0055670533329248,-0.0019141423981636,0.0494108870625495,0.0322688445448875,-0.0067860190756618,-0.0264136046171188,0.0028602515812963,-0.0093752369284629,0.0315393060445785,0.0053601288236677,0.0701143443584442,-0.0161613002419471,-0.0145907159894704,-0.0053344392217695,-0.0263240803033113,0.0165148749947547,0.0302411243319511,0.0230298954993486,0.0215479228645563,-0.0017191119259223,-0.016861192882061,0.0173841975629329,0.0009736702195368,-0.0006448120693676,-0.0170158296823501,0.0028227961156517,0.0034147871192544,0.0030561757739633,0.0024603735655546,-0.0207665488123893,0.025787403807044,0.0099074682220816,-0.0158747434616088,-0.0034862386528402,0.0142387226223945,0.0042307106778025,0.0639786198735237,-0.0095600765198469,-0.0560995042324066,0.017177902162075,0.0158677604049444,-0.0050663230940699,0.0097032682970166,0.0038796938024461,0.003737193532288,-0.0090982066467404,0.0261475872248411,0.0007313233800232,0.0593376755714416,0.0201363731175661,-0.0518267191946506,-0.0018305932171642,-0.0026775710284709,0.0030300393700599,-0.0119622834026813,0.0020669540390372,-0.0342145562171936,0.0113447066396474,0.0121429525315761,-0.0119234723970294,-0.0063680000603199,0.0175452455878257,-0.0342036932706832,0.0023406650871038,-0.0091939345002174,-0.0300459302961826,0.0087350104004144,-0.0613915547728538,0.004876512568444,-0.0206053014844656,0.0009762049885466,-0.0036665715742856,-0.0352657511830329,-0.0009638185729272,-0.0037531340494751,-0.0455182865262031,-0.0517054200172424,0.0136910583823919,0.0262784492224454,0.0071187256835401,0.0193401090800762,-0.0142274554818868,-0.0206624213606119,-0.0016547187697142,0.0249143727123737,-0.0275322087109088,0.0052175726741552,0.0115519482642412,0.0161171071231365,0.0031098877079784,0.0132755115628242,-0.0074291691071797,0.0143527518353265,-0.0023324489397708,0.0575466062284066,0.0082066080997893,0.0686018152951484,0.0101071021996241,0.0930171172653138,0.0774015073496121,0.233327396182434,-0.0708254634922574,0.2224732399250781,2019-02-26,2019-02-27,2019-02-28,2019-03-01,2019-03-04,2019-03-05,2019-03-06,2019-03-07,2019-03-08,2019-03-11,46886.0,2019-02-25,252.0,1.1093%,0.0002,1.5527,0.2866,-0.0151,1.6198%,2.3208%,51.2861%,0.009406,KLAC,46886.0,2019-02-26,252.0,0.3110%,0.0003,1.5566,0.2731,-0.019,1.6194%,2.3192%,51.2424%,0.007279,KLAC,46886.0,2019-02-27,252.0,-1.0506%,0.0001,1.5467,0.287,-0.0207,1.6156%,2.3081%,51.0056%,-0.012549,KLAC,46886.0,2019-02-28,252.0,0.5135%,0.0001,1.5496,0.2893,-0.0208,1.6157%,2.3073%,50.9637%,0.00972,KLAC,46886.0,2019-03-01,252.0,0.2511%,0.0,1.5578,0.3015,-0.0036,1.6133%,2.3073%,51.1088%,-0.009658,KLAC,46886.0,2019-03-04,252.0,0.8032%,0.0001,1.5543,0.2978,0.0009,1.6168%,2.3046%,50.7832%,0.017263,KLAC,46886.0,2019-03-05,252.0,-1.2595%,0.0001,1.5554,0.3007,0.0051,1.6178%,2.3040%,50.6942%,-0.009118,KLAC,46886.0,2019-03-06,252.0,-0.6421%,0.0001,1.5556,0.2759,0.0019,1.6182%,2.3040%,50.6694%,0.010341,KLAC,46886.0,2019-03-07,252.0,0.1135%,0.0001,1.5463,0.2573,-0.0157,1.6188%,2.3008%,50.4979%,0.014001,KLAC,46886.0,2019-03-08,252.0,-0.5932%,0.0001,1.5473,0.2474,-0.0136,1.6179%,2.2999%,50.5154%,-0.002776,KLAC,46886.0,2019-03-11,252.0,2.6152%,0.0001,1.5486,0.2403,-0.0184,1.6170%,2.3056%,50.8094%,0.002046,KLAC,0.016685,0.0041359999999999,0.0138559999999999,0.021461,0.0359549999999999
40467,COCA COLA CO,Former Mexican President Vicente Fox Joins Helix TCS Board,6,uncertain,0.5,0.5,"the appointment of vicente fox to the helix tcs board may have mixed implications for coca-cola's stock price, as it depends on how investors perceive the impact of his political experience on the company's strategic direction.",1,2019-02-25,KO,2019-02-25 19:56:00+00:00,11308.0,19121610,-0.0075088376179337,23774351.0,-0.0055629732087254,-0.0126472264528274,0.0055940928868949,0.0168514885008335,0.0089007904753088,0.0060226772911846,0.0008822433883324,-0.009062772616744,0.0059497677721083,-0.0076770884916186,-0.0010953571181744,-0.0843543037772178,-0.0032894236501306,0.0026178224943578,-0.0037404175382107,0.0010078459745272,-0.0097172847017645,0.002222234616056,0.0298840347677469,0.0016188148874789,-0.0028150945436209,0.0032480685040354,0.0036916825920343,0.0,-0.0025962884537875,0.0002030116011155,-0.0087527688592672,0.0112936189398169,0.0024282694794237,0.0118429185822606,0.0033032707870006,0.0056414636783301,-0.0006585292867384,0.0097046215087175,-0.0004392808768898,0.0048760520294308,0.0092287845909595,-0.0042220978066325,0.0021771930623799,-0.0067099956795573,0.0132522406056523,-0.0120157822966575,-0.000643198553007,0.0115255499258637,-0.0006436125258915,0.00231045181863,0.0060111372731626,0.0116871912032365,-0.0029876097105443,0.0029838706832379,-0.0032106491271406,-0.0136641059070825,-0.0083744768053293,0.0089077018201351,0.0064963023178279,-0.0040134903974831,-0.0002151101944036,0.005736147519201,0.0017214980907738,0.0107365259900689,0.0025778503622859,-0.0191659610718488,-0.0006427851039916,0.0112885786220431,0.0015008511254563,-0.0130334021523594,0.0006423162994906,0.0199399720877409,0.0055626509711146,-0.0061794356442987,-0.0010638135718181,-0.0088700773194432,0.0070287114940583,0.0031779175624251,0.0042301346547901,-0.0069429418072104,-0.0016848782543092,0.0125692412257194,0.0170885547995567,0.0213228799402713,-0.0047707851044833,-0.0338448733091354,-0.00291786971502,0.0006310218595899,0.0087792258709669,-0.0075156702660024,0.0033153719268739,-0.0086920149624347,0.0132177453488111,-0.0002069550100713,-0.0095801306888461,-0.0204701721668243,-0.0041160890832543,-0.0026278768200427,0.0068196286447346,0.005079235881567,-0.0051313629373908,-0.0064594205468893,-0.0096967443823814,0.0060925921425223,-0.0031250317115336,0.0030556432902812,-0.0094043249264359,-0.0058728414587676,0.016666604205966,-0.0040338998660445,-0.0029051543679088,-0.0022136606276035,0.0133194467052817,-0.0140873584896326,0.0100637031719088,0.0289914663881063,0.0081334188580513,-0.0068396613933146,-0.0076644020155072,0.0068867765367031,-0.0071138674393296,0.0102312257513403,-0.0051177074201405,-0.0030600065365433,-0.0055629732087254,-0.0126472264528274,-1.1068745919828872e-10,0.0039911374568688,0.0089007903636362,0.0100378520809809,0.0157989076879809,-0.0067997671790265,0.0275923823723929,-0.083771745353388,0.0448918650833185,-0.0277002575530272,0.0909074940210561,-0.0689404867982964,2019-02-26,2019-02-27,2019-02-28,2019-03-01,2019-03-04,2019-03-05,2019-03-06,2019-03-07,2019-03-08,2019-03-11,11308.0,2019-02-25,252.0,-0.7509%,0.0003,0.3969,-0.4933,0.1339,0.9294%,1.0424%,20.5010%,-0.009267,KO,11308.0,2019-02-26,252.0,-0.5563%,0.0002,0.3963,-0.4815,0.1394,0.9304%,1.0404%,20.0240%,-0.007743,KO,11308.0,2019-02-27,252.0,0.5594%,0.0003,0.3997,-0.4858,0.14,0.9300%,1.0409%,20.1766%,0.00622,KO,11308.0,2019-02-28,252.0,0.8901%,0.0004,0.3946,-0.489,0.1339,0.9315%,1.0406%,19.8626%,0.010487,KO,11308.0,2019-03-01,252.0,0.0882%,0.0004,0.3903,-0.4953,0.1274,0.9305%,1.0388%,19.7708%,-9.5e-05,KO,11308.0,2019-03-04,252.0,0.5950%,0.0003,0.3963,-0.5198,0.1269,0.9267%,1.0391%,20.4559%,0.005411,KO,11308.0,2019-03-05,252.0,-0.1095%,0.0003,0.3943,-0.5365,0.1263,0.9245%,1.0383%,20.7217%,-0.001818,KO,11308.0,2019-03-06,252.0,-0.3289%,0.0003,0.3989,-0.5231,0.1333,0.9254%,1.0383%,20.5724%,-0.0068769999999999,KO,11308.0,2019-03-07,252.0,-0.3740%,0.0003,0.3986,-0.5259,0.1321,0.9253%,1.0386%,20.6418%,-0.000486,KO,11308.0,2019-03-08,252.0,-0.9717%,0.0002,0.3999,-0.5279,0.1343,0.9268%,1.0404%,20.6453%,-0.008443,KO,11308.0,2019-03-11,252.0,2.9884%,0.0003,0.4131,-0.5066,0.1398,0.9389%,1.0533%,20.5341%,0.026434,KO,-0.0170099999999999,-0.0107899999999999,-0.0003029999999999,0.005013,0.013823
40475,KOSMOS ENERGY LTD DE,Kosmos Energy shares are trading higher after the company declared a $0.0452 dividend per share.,6,increase,0.8,0.6,"the declaration of a dividend typically signals financial health and can attract investors, likely leading to an increase in stock price.",2,2019-02-25,KOS,2019-02-25 17:42:00+00:00,12788.0,50068810,0.0965517088770866,6943358.0,0.023584920912981,0.0193321853876113,0.0414746515452861,-0.0223367884755134,-0.0560472123324871,0.0355872400104999,0.0031249970197677,-0.0538720823824405,0.0015575938159599,0.0294627510011196,-0.012441667728126,0.0452898554503917,-0.0117795094847679,0.0072992630302906,-0.0224718879908323,0.0398482047021389,-0.0476190410554409,0.0313111245632171,0.051724087446928,-0.0019530765712261,0.0114754382520914,-0.0229007434099912,0.0,-0.005692639388144,-0.0032414880115538,-0.0075329495593905,-0.0357724018394947,0.0211538728326559,0.0118044139817357,0.01364516466856,-0.008333365432918,0.0,0.0117647349834442,0.036363698542118,0.0215947031974792,0.0,-0.0487805195152759,0.0081466315314173,0.0017094408394768,0.0271965749561786,0.0443685576319694,0.0042016762308776,-0.0343137308955192,-0.0103949513286352,0.0101522747427225,-0.0550098642706871,0.0435511283576488,0.0,0.0385232381522655,-0.0019607357680797,0.0185471978038549,-0.0097087742760777,-0.0227617733180522,0.0467479713261127,0.023291939869523,-0.0574712119996547,0.0561456568539142,0.021526351571083,-0.0301724188029766,0.0323233008384704,-0.03999999538064,0.069114401936531,-0.0046296617947518,-0.014893552288413,-0.0077518937177956,0.0217391103506088,0.0281249731779098,0.0900474265217781,0.0151975536718964,0.0242718216031789,0.0284431222826242,0.0122849410399794,0.0,0.0226131044328212,-0.0058224108070135,-0.0409638732671737,0.0219619460403919,0.0072816046886146,-0.0171919614076614,0.1287670582532883,-0.0218659024685621,-0.0616966597735881,-0.0506706647574901,0.045698944479227,0.0062794289551675,-0.0132625866681337,-0.0062402440235018,-0.0156657826155424,0.0502355061471462,-0.0793269053101539,-0.0089686010032892,-0.0280374661087989,-0.033182542771101,-0.0488888435065746,0.0296411961317062,-0.0322580859065055,-0.021212100982666,-0.0042826510034501,0.0139319123700261,-0.0126849776133894,0.0183205921202898,-0.0615079253911972,-0.0104947779327631,-0.0251450892537832,0.0,-0.0133587205782532,-0.0045454143546521,-0.0996564254164695,-0.0106545155867934,0.0817843973636627,0.0323076993227005,-0.0253622941672802,0.0029806231614202,-0.0089766941964626,-0.0341753363609314,-0.0141592780128121,0.0030769200529903,-0.0207972079515457,0.0214723721146583,0.0158450976014137,0.023584920912981,0.0193321853876113,0.0660377488348562,-0.0034364220236745,0.0062893047714625,0.0320285252114915,0.0110062439371492,0.005199342887731,-0.0339219152583099,0.1328125631975378,0.0690208486114372,0.1717172545030236,0.0547672151421028,0.0211268192437181,2019-02-26,2019-02-27,2019-02-28,2019-03-01,2019-03-04,2019-03-05,2019-03-06,2019-03-07,2019-03-08,2019-03-11,12788.0,2019-02-25,252.0,9.6552%,0.0008,1.7583,1.2927,0.6903,2.8283%,3.3792%,29.9488%,0.0985839999999999,KOS,12788.0,2019-02-26,252.0,2.3585%,0.001,1.7556,1.2452,0.6642,2.8369%,3.3812%,29.6063%,0.03685,KOS,12788.0,2019-02-27,252.0,4.1475%,0.0009,1.7338,1.2949,0.6607,2.8283%,3.3669%,29.4373%,0.038226,KOS,12788.0,2019-02-28,252.0,-5.6047%,0.0008,1.7299,1.2905,0.6697,2.8411%,3.3712%,28.9760%,-0.04938,KOS,12788.0,2019-03-01,252.0,0.3125%,0.0009,1.7011,1.2476,0.6303,2.8287%,3.3420%,28.3630%,-0.010485,KOS,12788.0,2019-03-04,252.0,0.1558%,0.0008,1.7169,1.1844,0.6286,2.8200%,3.3372%,28.5953%,0.012846,KOS,12788.0,2019-03-05,252.0,-1.2442%,0.0009,1.7215,1.2169,0.6339,2.8182%,3.3381%,28.7223%,-0.004432,KOS,12788.0,2019-03-06,252.0,-1.1780%,0.001,1.7222,1.1758,0.629,2.8187%,3.3390%,28.7395%,0.0176699999999999,KOS,12788.0,2019-03-07,252.0,-2.2472%,0.001,1.7287,1.195,0.6431,2.8175%,3.3423%,28.9370%,-0.005541,KOS,12788.0,2019-03-08,252.0,-4.7619%,0.0009,1.7336,1.2134,0.65,2.8293%,3.3557%,28.9134%,-0.04341,KOS,12788.0,2019-03-11,252.0,5.1724%,0.001,1.7452,1.2414,0.66,2.8308%,3.3693%,29.4117%,0.024815,KOS,0.135434,0.17366,0.12428,0.126641,0.115743
40483,KOSMOS ENERGY LTD DE,"Kosmos Energy Earlier Reported Q4 EPS $(0.09) Missed $(0.02) Estimate, Sales $309.5M Missed $321.38M Estimate",6,decrease,0.8,0.7,"the company reported a larger-than-expected loss and lower sales than estimated, which typically leads to a negative reaction in stock prices.",0,2019-02-25,KOS,2019-02-25 17:31:00+00:00,12788.0,50068810,0.0965517088770866,6943358.0,0.023584920912981,0.0193321853876113,0.0414746515452861,-0.0223367884755134,-0.0560472123324871,0.0355872400104999,0.0031249970197677,-0.0538720823824405,0.0015575938159599,0.0294627510011196,-0.012441667728126,0.0452898554503917,-0.0117795094847679,0.0072992630302906,-0.0224718879908323,0.0398482047021389,-0.0476190410554409,0.0313111245632171,0.051724087446928,-0.0019530765712261,0.0114754382520914,-0.0229007434099912,0.0,-0.005692639388144,-0.0032414880115538,-0.0075329495593905,-0.0357724018394947,0.0211538728326559,0.0118044139817357,0.01364516466856,-0.008333365432918,0.0,0.0117647349834442,0.036363698542118,0.0215947031974792,0.0,-0.0487805195152759,0.0081466315314173,0.0017094408394768,0.0271965749561786,0.0443685576319694,0.0042016762308776,-0.0343137308955192,-0.0103949513286352,0.0101522747427225,-0.0550098642706871,0.0435511283576488,0.0,0.0385232381522655,-0.0019607357680797,0.0185471978038549,-0.0097087742760777,-0.0227617733180522,0.0467479713261127,0.023291939869523,-0.0574712119996547,0.0561456568539142,0.021526351571083,-0.0301724188029766,0.0323233008384704,-0.03999999538064,0.069114401936531,-0.0046296617947518,-0.014893552288413,-0.0077518937177956,0.0217391103506088,0.0281249731779098,0.0900474265217781,0.0151975536718964,0.0242718216031789,0.0284431222826242,0.0122849410399794,0.0,0.0226131044328212,-0.0058224108070135,-0.0409638732671737,0.0219619460403919,0.0072816046886146,-0.0171919614076614,0.1287670582532883,-0.0218659024685621,-0.0616966597735881,-0.0506706647574901,0.045698944479227,0.0062794289551675,-0.0132625866681337,-0.0062402440235018,-0.0156657826155424,0.0502355061471462,-0.0793269053101539,-0.0089686010032892,-0.0280374661087989,-0.033182542771101,-0.0488888435065746,0.0296411961317062,-0.0322580859065055,-0.021212100982666,-0.0042826510034501,0.0139319123700261,-0.0126849776133894,0.0183205921202898,-0.0615079253911972,-0.0104947779327631,-0.0251450892537832,0.0,-0.0133587205782532,-0.0045454143546521,-0.0996564254164695,-0.0106545155867934,0.0817843973636627,0.0323076993227005,-0.0253622941672802,0.0029806231614202,-0.0089766941964626,-0.0341753363609314,-0.0141592780128121,0.0030769200529903,-0.0207972079515457,0.0214723721146583,0.0158450976014137,0.023584920912981,0.0193321853876113,0.0660377488348562,-0.0034364220236745,0.0062893047714625,0.0320285252114915,0.0110062439371492,0.005199342887731,-0.0339219152583099,0.1328125631975378,0.0690208486114372,0.1717172545030236,0.0547672151421028,0.0211268192437181,2019-02-26,2019-02-27,2019-02-28,2019-03-01,2019-03-04,2019-03-05,2019-03-06,2019-03-07,2019-03-08,2019-03-11,12788.0,2019-02-25,252.0,9.6552%,0.0008,1.7583,1.2927,0.6903,2.8283%,3.3792%,29.9488%,0.0985839999999999,KOS,12788.0,2019-02-26,252.0,2.3585%,0.001,1.7556,1.2452,0.6642,2.8369%,3.3812%,29.6063%,0.03685,KOS,12788.0,2019-02-27,252.0,4.1475%,0.0009,1.7338,1.2949,0.6607,2.8283%,3.3669%,29.4373%,0.038226,KOS,12788.0,2019-02-28,252.0,-5.6047%,0.0008,1.7299,1.2905,0.6697,2.8411%,3.3712%,28.9760%,-0.04938,KOS,12788.0,2019-03-01,252.0,0.3125%,0.0009,1.7011,1.2476,0.6303,2.8287%,3.3420%,28.3630%,-0.010485,KOS,12788.0,2019-03-04,252.0,0.1558%,0.0008,1.7169,1.1844,0.6286,2.8200%,3.3372%,28.5953%,0.012846,KOS,12788.0,2019-03-05,252.0,-1.2442%,0.0009,1.7215,1.2169,0.6339,2.8182%,3.3381%,28.7223%,-0.004432,KOS,12788.0,2019-03-06,252.0,-1.1780%,0.001,1.7222,1.1758,0.629,2.8187%,3.3390%,28.7395%,0.0176699999999999,KOS,12788.0,2019-03-07,252.0,-2.2472%,0.001,1.7287,1.195,0.6431,2.8175%,3.3423%,28.9370%,-0.005541,KOS,12788.0,2019-03-08,252.0,-4.7619%,0.0009,1.7336,1.2134,0.65,2.8293%,3.3557%,28.9134%,-0.04341,KOS,12788.0,2019-03-11,252.0,5.1724%,0.001,1.7452,1.2414,0.66,2.8308%,3.3693%,29.4117%,0.024815,KOS,0.135434,0.17366,0.12428,0.126641,0.115743
40491,KARYOPHARM THERAPEUTICS INC,"'Karyopharm hides higher death rate tied to blood cancer drug, dimming approval hopes' -STAT News",6,decrease,0.85,0.7,"the report of a higher death rate associated with karyopharm's blood cancer drug is likely to raise concerns among investors, negatively impacting the company's approval prospects and stock price.",0,2019-02-25,KPTI,2019-02-25 15:10:00+00:00,14316.0,48576U10,-0.0019724315498024,6373548.0,-0.0375494174659252,-0.4347825944423676,-0.0965091958642005,-0.0385851711034774,-0.0613636299967765,0.0174481831490993,0.0121064679697156,-0.0043431012891232,0.0741626694798469,0.0454029068350791,-0.040089052170515,-0.0382095463573932,-0.0162413399666547,0.0456620566546917,-0.023584883660078,0.0162413399666547,0.0193236544728279,-0.0204545799642801,-0.0236966609954834,-0.0145576829090714,0.0825243145227432,-0.0088790142908692,-0.0089686010032892,0.0078300507739186,-0.0045248824171721,-0.0055617564357817,0.0704545304179191,0.0502335652709007,0.1273885071277618,0.0106257554143667,0.0075329495593905,-0.010514035820961,0.0093458304181694,0.0388350300490856,0.0777777880430221,-0.0119904531165957,-0.0652921125292778,-0.0825082510709762,0.0110294008627533,0.0088790142908692,0.0018182233907282,0.0078300507739186,0.0217785630375146,-0.0240174960345029,0.0124333379790186,-0.0709939002990722,0.0245614647865295,0.0154479527845978,-0.0530821792781353,-0.0132113937288522,0.0090415393933653,-0.0090634590014815,0.0125448340550065,0.0247678775340318,0.0194690506905317,-0.0396432690322399,-0.0347222723066806,-0.0078662661835551,-0.0197841972112655,-0.0058650504797697,-0.0605504475533962,-0.0019512642174959,0.0410156324505806,0.0019550791475921,-0.0075046834535896,0.0168985202908515,-0.0283554065972566,0.0770878195762634,0.0,-0.0230125784873962,-0.0058365240693092,0.020277539268136,-0.0567514598369598,0.0262869410216808,-0.0394190959632396,-0.0119047248736023,0.0475161522626876,0.0076335542835295,0.0268041472882032,0.1074879691004753,-0.0240963622927665,0.0097560882568359,-0.0123456669971346,-0.0755355209112167,0.0104166064411401,-0.0033707567490637,0.0020619030110538,-0.0283843055367469,-0.0390946604311466,-0.0368034057319164,0.0064239255152642,-0.0114344758912921,0.025531992316246,-0.0193680450320243,-0.0020747361704707,-0.061243962496519,0.0207900013774633,0.014563069678843,-0.034623235464096,0.0198019612580537,-0.0063290577381849,0.0089910244569182,-0.0169851221144199,-0.0176643133163452,0.0,-0.0350379571318626,-0.0669546276330947,-0.036496315151453,0.0740740001201629,0.0538461953401565,0.0323276072740554,0.0878660231828689,-0.0208768062293529,-0.0860420316457748,-0.0106610218062996,0.032576497644186,0.1077586263418198,-0.0559179373085498,0.0175097584724426,0.0209323801100254,-0.0375494174659252,-0.4347825944423675,-0.1304347492453201,-0.4565916047464724,-0.1837944295506846,-0.4471101155413307,-0.1126482504816739,-0.4245175884345442,-0.1857707593040064,-0.4322508269962204,0.0770750767962724,-0.5043987801566374,0.0335968576247385,-0.5176022707702987,2019-02-26,2019-02-27,2019-02-28,2019-03-01,2019-03-04,2019-03-05,2019-03-06,2019-03-07,2019-03-08,2019-03-11,14316.0,2019-02-25,252.0,-0.1972%,-0.0034,2.1234,1.6109,0.3853,4.1562%,4.7696%,24.0678%,-0.0003599999999999,KPTI,14316.0,2019-02-26,252.0,-3.7549%,-0.0034,2.1303,1.6311,0.4007,4.1578%,4.7727%,24.1089%,-0.022671,KPTI,14316.0,2019-02-27,252.0,-9.6509%,-0.0038,2.133,1.5975,0.4008,4.2025%,4.8088%,23.6268%,-0.101145,KPTI,14316.0,2019-02-28,252.0,-6.1364%,-0.0041,2.1646,1.6174,0.4355,4.2069%,4.8222%,23.8912%,-0.054169,KPTI,14316.0,2019-03-01,252.0,1.2106%,-0.0042,2.1789,1.6387,0.4587,4.2041%,4.8230%,24.0157%,-0.0065169999999999,KPTI,14316.0,2019-03-04,252.0,7.4163%,-0.0041,2.1956,1.4981,0.4737,4.2286%,4.8377%,23.5974%,0.090168,KPTI,14316.0,2019-03-05,252.0,-4.0089%,-0.004,2.2084,1.5802,0.4927,4.2253%,4.8430%,23.8832%,-0.030665,KPTI,14316.0,2019-03-06,252.0,-1.6241%,-0.0041,2.1743,1.5469,0.4496,4.2193%,4.8278%,23.6210%,0.021932,KPTI,14316.0,2019-03-07,252.0,-2.3585%,-0.0041,2.1767,1.5609,0.4568,4.2186%,4.8292%,23.6881%,-0.00328,KPTI,14316.0,2019-03-08,252.0,1.9324%,-0.0039,2.1714,1.5859,0.447,4.2200%,4.8310%,23.6949%,0.024019,KPTI,14316.0,2019-03-11,252.0,-2.3697%,-0.0042,2.1415,1.5933,0.4666,4.2287%,4.8279%,23.2835%,-0.059526,KPTI,-0.023031,-0.124176,-0.178345,-0.094694,-0.142214
40499,KARYOPHARM THERAPEUTICS INC,Karyopharm Announces Michael Mason CFO,6,uncertain,0.6,0.3,"the appointment of a new cfo can have mixed implications for a company's stock price, depending on investor perception of the individual's experience and the company's future direction.",1,2019-02-25,KPTI,2019-02-25 12:05:00+00:00,14316.0,48576U10,-0.0019724315498024,6373548.0,-0.0375494174659252,-0.4347825944423676,-0.0965091958642005,-0.0385851711034774,-0.0613636299967765,0.0174481831490993,0.0121064679697156,-0.0043431012891232,0.0741626694798469,0.0454029068350791,-0.040089052170515,-0.0382095463573932,-0.0162413399666547,0.0456620566546917,-0.023584883660078,0.0162413399666547,0.0193236544728279,-0.0204545799642801,-0.0236966609954834,-0.0145576829090714,0.0825243145227432,-0.0088790142908692,-0.0089686010032892,0.0078300507739186,-0.0045248824171721,-0.0055617564357817,0.0704545304179191,0.0502335652709007,0.1273885071277618,0.0106257554143667,0.0075329495593905,-0.010514035820961,0.0093458304181694,0.0388350300490856,0.0777777880430221,-0.0119904531165957,-0.0652921125292778,-0.0825082510709762,0.0110294008627533,0.0088790142908692,0.0018182233907282,0.0078300507739186,0.0217785630375146,-0.0240174960345029,0.0124333379790186,-0.0709939002990722,0.0245614647865295,0.0154479527845978,-0.0530821792781353,-0.0132113937288522,0.0090415393933653,-0.0090634590014815,0.0125448340550065,0.0247678775340318,0.0194690506905317,-0.0396432690322399,-0.0347222723066806,-0.0078662661835551,-0.0197841972112655,-0.0058650504797697,-0.0605504475533962,-0.0019512642174959,0.0410156324505806,0.0019550791475921,-0.0075046834535896,0.0168985202908515,-0.0283554065972566,0.0770878195762634,0.0,-0.0230125784873962,-0.0058365240693092,0.020277539268136,-0.0567514598369598,0.0262869410216808,-0.0394190959632396,-0.0119047248736023,0.0475161522626876,0.0076335542835295,0.0268041472882032,0.1074879691004753,-0.0240963622927665,0.0097560882568359,-0.0123456669971346,-0.0755355209112167,0.0104166064411401,-0.0033707567490637,0.0020619030110538,-0.0283843055367469,-0.0390946604311466,-0.0368034057319164,0.0064239255152642,-0.0114344758912921,0.025531992316246,-0.0193680450320243,-0.0020747361704707,-0.061243962496519,0.0207900013774633,0.014563069678843,-0.034623235464096,0.0198019612580537,-0.0063290577381849,0.0089910244569182,-0.0169851221144199,-0.0176643133163452,0.0,-0.0350379571318626,-0.0669546276330947,-0.036496315151453,0.0740740001201629,0.0538461953401565,0.0323276072740554,0.0878660231828689,-0.0208768062293529,-0.0860420316457748,-0.0106610218062996,0.032576497644186,0.1077586263418198,-0.0559179373085498,0.0175097584724426,0.0209323801100254,-0.0375494174659252,-0.4347825944423675,-0.1304347492453201,-0.4565916047464724,-0.1837944295506846,-0.4471101155413307,-0.1126482504816739,-0.4245175884345442,-0.1857707593040064,-0.4322508269962204,0.0770750767962724,-0.5043987801566374,0.0335968576247385,-0.5176022707702987,2019-02-26,2019-02-27,2019-02-28,2019-03-01,2019-03-04,2019-03-05,2019-03-06,2019-03-07,2019-03-08,2019-03-11,14316.0,2019-02-25,252.0,-0.1972%,-0.0034,2.1234,1.6109,0.3853,4.1562%,4.7696%,24.0678%,-0.0003599999999999,KPTI,14316.0,2019-02-26,252.0,-3.7549%,-0.0034,2.1303,1.6311,0.4007,4.1578%,4.7727%,24.1089%,-0.022671,KPTI,14316.0,2019-02-27,252.0,-9.6509%,-0.0038,2.133,1.5975,0.4008,4.2025%,4.8088%,23.6268%,-0.101145,KPTI,14316.0,2019-02-28,252.0,-6.1364%,-0.0041,2.1646,1.6174,0.4355,4.2069%,4.8222%,23.8912%,-0.054169,KPTI,14316.0,2019-03-01,252.0,1.2106%,-0.0042,2.1789,1.6387,0.4587,4.2041%,4.8230%,24.0157%,-0.0065169999999999,KPTI,14316.0,2019-03-04,252.0,7.4163%,-0.0041,2.1956,1.4981,0.4737,4.2286%,4.8377%,23.5974%,0.090168,KPTI,14316.0,2019-03-05,252.0,-4.0089%,-0.004,2.2084,1.5802,0.4927,4.2253%,4.8430%,23.8832%,-0.030665,KPTI,14316.0,2019-03-06,252.0,-1.6241%,-0.0041,2.1743,1.5469,0.4496,4.2193%,4.8278%,23.6210%,0.021932,KPTI,14316.0,2019-03-07,252.0,-2.3585%,-0.0041,2.1767,1.5609,0.4568,4.2186%,4.8292%,23.6881%,-0.00328,KPTI,14316.0,2019-03-08,252.0,1.9324%,-0.0039,2.1714,1.5859,0.447,4.2200%,4.8310%,23.6949%,0.024019,KPTI,14316.0,2019-03-11,252.0,-2.3697%,-0.0042,2.1415,1.5933,0.4666,4.2287%,4.8279%,23.2835%,-0.059526,KPTI,-0.023031,-0.124176,-0.178345,-0.094694,-0.142214
40507,L C N B CORP,"LCNB Names Spencer Cropper Chair For LCNB Corp., LCNB National Bank",6,increase,0.7,0.6,"the appointment of a new chair can signal positive changes in leadership and strategy, potentially boosting investor confidence in lcnb corp.",2,2019-02-25,LCNB,2019-02-25 19:31:00+00:00,13007.0,50181P10,0.0035006636753678,22979.0,-0.0156977009028196,0.0106132263317704,-0.0011813619639724,0.0083233881741762,0.0153755266219377,-0.0129108689725399,0.0111765023320913,0.0053097433410584,0.0011633827816694,0.0095294723287224,-0.0034863143227994,-0.0117715634405612,-0.0023323036730289,0.0011785774258896,-0.0204558949917554,0.0029550376348197,-0.0005966723547317,-0.0041200527921319,0.0131342876702547,-0.0035190305206924,-0.0076605281792581,0.008875717408955,0.0095011787489056,-0.0011820601066574,0.0005882487748749,-0.0047058779746294,0.0076425136066973,0.0185739640146493,-0.0023336645681411,0.0115151843056082,-0.0105263330042362,-0.0054249637760221,-0.0094562554731965,0.0165441464632749,-0.0125298919156193,-0.0066951070912182,-0.0042295888997614,-0.0006082864128984,0.0103155393153429,0.0048899706453084,0.0,-0.0018303099786862,0.0012012287043035,0.0079950280487537,0.0287942141294479,0.0093109626322984,0.0,0.0056179868988692,-0.0064139184542,-0.0165746118873357,-0.0111502651125192,0.0105459103360772,-0.0106825102120637,0.0138365551829338,0.0017996812239289,0.0031545259989798,0.0125747947022318,0.0063492306508123,-0.0005913795903325,0.0006353385397233,-0.0094674471765756,0.0122186224907636,0.0053763533942401,-0.0025657447986304,-0.0124776642769575,0.001928003388457,0.0138387205079197,0.0203278958797454,-0.0011869707377627,-0.0161290317773819,-0.0023766492959111,0.0231023356318473,-0.0172722395509481,-0.0091563342139124,-0.0030302568338811,-0.000653609749861,0.012157985009253,-0.0236119907349348,0.0030030717607587,0.0674386769533157,0.0089820129796862,-0.0655633211135864,0.0023738283198326,0.0122422408312559,-0.0047365259379148,0.011074922978878,0.0101130325347185,-0.0197956245392561,0.0011778832413256,0.0168831329792738,-0.0176470130681991,-0.0038810102269053,0.0077843805775046,-0.012140548788011,0.0095068244263529,-0.0200376100838184,0.0,-0.0093052461743354,-0.0105944853276014,0.0056144823320209,0.0160618964582681,0.0171320084482431,-0.0093676727265119,-0.0100502418354153,0.0100472858175635,0.0133672840893268,-0.0035107936710119,-0.0242236237972974,0.0064591132104396,0.0037406149785965,0.0023337758611887,-0.0217259377241134,-0.0011641710298135,0.0006038785795681,-0.0064102918840944,0.0253869872540235,0.0087977442890405,0.0037289909087121,-0.001162817236036,-0.0067901606671512,-0.0156977009028196,0.0106132263317704,-0.0168605182000236,0.0190249525084864,-0.00174423092453,0.0058684548669007,0.010587110450932,0.0208456497945956,-0.0035058980512528,0.0052786014255341,-0.007616342513554,0.08894534152733,0.0088255606225,0.0692380788296496,2019-02-26,2019-02-27,2019-02-28,2019-03-01,2019-03-04,2019-03-05,2019-03-06,2019-03-07,2019-03-08,2019-03-11,13007.0,2019-02-25,252.0,0.3501%,-0.0001,0.682,0.5006,0.5575,1.3578%,1.5213%,20.3357%,0.004716,LCNB,13007.0,2019-02-26,252.0,-1.5698%,-0.0001,0.6822,0.5138,0.5643,1.3590%,1.5229%,20.3678%,-0.009663,LCNB,13007.0,2019-02-27,252.0,-0.1181%,-0.0001,0.6806,0.516,0.564,1.3589%,1.5220%,20.2907%,-0.002194,LCNB,13007.0,2019-02-28,252.0,1.5376%,-0.0002,0.6889,0.5223,0.5656,1.3566%,1.5228%,20.6468%,0.018692,LCNB,13007.0,2019-03-01,252.0,1.1177%,-0.0001,0.6804,0.5096,0.5491,1.3532%,1.5142%,20.1336%,0.006874,LCNB,13007.0,2019-03-04,252.0,0.1163%,-0.0001,0.6902,0.4728,0.5475,1.3462%,1.5095%,20.4654%,0.004508,LCNB,13007.0,2019-03-05,252.0,-0.3486%,-0.0001,0.6918,0.4859,0.5485,1.3453%,1.5096%,20.5844%,0.0003769999999999,LCNB,13007.0,2019-03-06,252.0,-0.2332%,-0.0001,0.6859,0.4685,0.5394,1.3464%,1.5082%,20.3073%,0.009293,LCNB,13007.0,2019-03-07,252.0,-2.0456%,-0.0001,0.6932,0.4797,0.5524,1.3481%,1.5136%,20.6666%,-0.012814,LCNB,13007.0,2019-03-08,252.0,-0.0597%,0.0,0.6913,0.5078,0.5479,1.3386%,1.5064%,21.0330%,0.0015379999999999,LCNB,13007.0,2019-03-11,252.0,1.3134%,-0.0001,0.6922,0.5361,0.5636,1.3264%,1.4990%,21.7003%,0.003765,LCNB,-0.0049469999999999,-0.007141,0.011551,0.022933,0.025092
40515,LEIDOS HOLDINGS INC,"Leidos Wins $93.5M Task Order To Provide DevOps To Citizenship, Immigration Services",6,increase,0.8,0.6,"the $93.5m task order indicates a significant contract win for leidos, which is likely to positively impact investor sentiment and the company's revenue outlook.",2,2019-02-25,LDOS,2019-02-25 22:38:00+00:00,91547.0,52532710,0.0026361576747149,1009813.0,-0.0171667858958244,0.0244638137519359,0.0058221705257892,0.0205901507288217,0.0104818241670727,-0.0101107535883784,0.0060381954535841,-0.0167271196842193,-0.0135427033528685,0.0166853368282318,-0.008112272247672,0.0017679301090538,-0.0086505664512515,0.0032247784547507,-0.0095192529261112,0.001291602035053,0.0001601525145815,-0.0022552062291651,0.0118514047935605,-0.0102040721103549,-0.0023741931654512,0.0205011740326881,0.0050769429653882,0.0029373418074101,-0.0045776921324431,0.0092226210981607,0.0014344939263537,0.0267162974923849,0.0105045335367322,0.0196551624685525,-0.0029926355928182,-0.0032651422079652,-0.0006319259991869,0.0118240360170602,0.0077458377927541,0.0073567731305956,-0.0119215426966548,0.0007011553971096,-0.0057152025401592,0.0120631596073508,0.0118153896182775,0.0039180302992463,-0.0015780096873641,0.0005346150137484,0.007270413916558,-0.0133614996448159,0.0056487806141376,0.0142653211951255,0.012482495047152,0.0144718354567885,-0.0192633680999279,-0.0019859289750456,0.0006285498966462,0.0010843585478141,0.0047110430896282,-0.0016238964162766,0.0096905119717121,0.0092878947034478,0.0030960461590439,0.006230532657355,-0.0123457256704568,0.012242623604834,0.0096875429153442,0.0076635484583675,0.0097492607310414,0.0022480129264295,0.0013792542740702,0.0399376414716243,-0.0058156913146376,-0.0138328038156032,0.0026169668417423,-0.012708687223494,-0.0004605985013768,0.006106864195317,0.0023041709791868,-0.0030441370327025,0.0022988738492131,0.0032449320424348,0.0169724859297275,0.0366046391427516,0.0003006561892107,-0.0169227570295333,-0.0021043047308921,-0.0413947626948356,0.0024100567679852,-0.0157827232033014,0.0048084100708365,-0.0173128768801689,0.0988485142588615,-0.0010808423394337,-0.0085738273337483,-0.0269938819110393,0.0039807949215173,-0.0183093678206205,0.017910823225975,-0.0174848847091198,-0.0045667742379009,0.0153635656461119,-0.0078262286260724,-0.0151310982182622,0.0087039219215512,0.0103618251159787,0.0114601384848356,-0.0230667013674974,0.0061317877843976,0.0222221799194812,-0.0226550959050655,-0.0580057688057422,0.0071845795027911,-0.0066666374914348,0.0100942123681306,0.0148195577785372,0.0165222901850938,-0.0180322583764791,-0.0039324034005403,0.0074900593608617,-0.009474947117269,-0.0164576675742864,0.0193969272077083,0.0143083892762661,-0.0171667858958244,0.0244638137519359,-0.0114445633249004,0.0455576780933117,-0.0010826990582681,0.0349863020476732,-0.0086607667876512,0.034654195144121,-0.0228890083139563,0.0282206089315657,0.0072766208562355,0.181784831284874,0.1927212143392349,0.0310290627867841,2019-02-26,2019-02-27,2019-02-28,2019-03-01,2019-03-04,2019-03-05,2019-03-06,2019-03-07,2019-03-08,2019-03-11,91547.0,2019-02-25,252.0,0.2636%,-0.0001,0.9183,0.3235,0.1864,1.1200%,1.4683%,41.8129%,0.002331,LDOS,91547.0,2019-02-26,252.0,-1.7167%,-0.0001,0.9278,0.3323,0.1981,1.1207%,1.4723%,42.0618%,-0.0131119999999999,LDOS,91547.0,2019-02-27,252.0,0.5822%,-0.0001,0.9279,0.3336,0.1981,1.1210%,1.4717%,41.9793%,0.004493,LDOS,91547.0,2019-02-28,252.0,1.0482%,0.0,0.9221,0.3301,0.1907,1.1238%,1.4689%,41.4658%,0.013687,LDOS,91547.0,2019-03-01,252.0,0.6038%,0.0001,0.9114,0.3142,0.1746,1.1185%,1.4575%,41.1072%,-0.0008849999999999,LDOS,91547.0,2019-03-04,252.0,-1.3543%,-0.0,0.9194,0.2953,0.1708,1.1158%,1.4595%,41.5507%,-0.008317,LDOS,91547.0,2019-03-05,252.0,-0.8112%,-0.0001,0.9179,0.2803,0.1717,1.1143%,1.4553%,41.3702%,-0.005314,LDOS,91547.0,2019-03-06,252.0,-0.8651%,-0.0001,0.914,0.2776,0.1669,1.1139%,1.4535%,41.2707%,0.002433,LDOS,91547.0,2019-03-07,252.0,-0.9519%,-0.0001,0.9149,0.2795,0.1686,1.1139%,1.4545%,41.3516%,-0.001369,LDOS,91547.0,2019-03-08,252.0,0.0160%,-0.0001,0.9149,0.2742,0.1689,1.1136%,1.4539%,41.3351%,0.00223,LDOS,91547.0,2019-03-11,252.0,1.1851%,-0.0002,0.9133,0.2897,0.1786,1.1080%,1.4508%,41.6750%,-0.001979,LDOS,-0.0107809999999999,-0.0062879999999999,0.007399,-0.0018029999999999,-0.0058019999999999
40523,LAM RESH CORP,"Deutsche Bank Maintains Hold on Lam Research, Raises Price Target to $180",6,increase,0.7,0.5,"the maintenance of a 'hold' rating combined with a raised price target suggests a positive outlook, which could lead to an increase in investor confidence and stock price.",2,2019-02-25,LRCX,2019-02-25 14:51:00+00:00,48486.0,51280710,0.0021203262731432,1837565.0,-0.0057906932197511,0.0022368519566953,-0.0076164910569787,-0.0186049025505781,-0.0062641119584441,0.0105374585837125,0.0037481042090803,-0.0043072439730167,0.0057708867825567,-0.0013235840015113,-0.0237948521971702,0.0017678986769169,-0.025066215544939,0.0098186582326889,-0.0119983376935124,0.0189290698617696,0.0099904173985123,0.0035367661621421,0.0188354719430208,-0.0023901558015495,0.0002906985173467,-0.0077922348864376,-0.0095896422863006,0.0196326989680528,0.0359133556485176,0.0030607460066676,0.0331954956054687,0.0022573326714336,-0.0120072504505515,0.0188111942261457,0.0013873983407393,-0.0078979162499308,-0.0201282426714897,0.0360021032392978,0.0458631925284862,-0.0064434064552187,-0.0236670617014169,0.0034442688338458,-0.00200613331981,0.0266129560768604,0.0053604710847139,0.156965434551239,-0.0133851906284689,-0.0040031280368566,-0.0110335890203714,-0.0519146285951137,0.0189549289643764,0.0408437401056289,0.0317859500646591,0.0216936543583869,-0.0023822546936571,-0.0089285718277096,0.0395093820989131,-0.0030619718600064,-0.0026626007165759,-0.0255361031740903,0.0215672682970762,-0.0031818959396332,-0.0080450531095266,0.0039583840407431,-0.0161173418164253,0.0516322776675224,0.0019951150752604,-0.016943072900176,0.0024628024548292,0.0089091388508677,0.0144791398197412,0.0488489903509616,-0.0065437154844403,-0.0482284761965274,0.0093874670565128,0.0156422480940818,0.0085808150470256,0.0055383252911269,-0.0077435891143977,0.0160564184188842,0.0023104017600417,0.0186487510800361,-0.0022538800258189,0.0613237954676151,0.0033884570002555,-0.0305127780884504,0.0493245981633663,-0.0089626209810376,0.0063877389766275,-0.0214307326823473,-0.0013082235818728,-0.0493728555738925,0.0063555091619491,0.0165831372141838,-0.0167284682393074,0.0022900020703673,0.0141203645616769,-0.0244306679815053,0.0045445873402059,0.0022390577942132,-0.0155934430658817,0.0011570154456421,-0.0224894452840089,0.0034101433120667,-0.0011503237765282,-0.0015213465085253,-0.0054078502580523,-0.0528374202549457,-0.0036752300802618,-0.0264547169208526,-0.0485093034803867,-0.0635324865579605,0.0219861883670091,0.0258664470165967,0.015797097235918,0.0275614187121391,-0.0052178688347339,-0.0070852600038051,-0.0015427493490278,0.0477422475814819,-0.0540276318788528,0.0002043513522949,0.0176403634250164,0.0198693946003913,-0.0057906932197511,0.0022368519566953,-0.0133630795136079,-0.0164096670065572,-0.0195434836458692,-0.0060451246092987,-0.010189319737267,-0.0116362469911046,-0.0422606419459553,0.0199180513284955,0.0844502917695131,0.2445833332445586,0.0470844417667075,0.2542517661663768,2019-02-26,2019-02-27,2019-02-28,2019-03-01,2019-03-04,2019-03-05,2019-03-06,2019-03-07,2019-03-08,2019-03-11,48486.0,2019-02-25,252.0,0.2120%,-0.0001,1.5819,0.2376,0.1141,1.9683%,2.5725%,41.4549%,0.000476,LRCX,48486.0,2019-02-26,252.0,-0.5791%,-0.0001,1.581,0.2403,0.1148,1.9683%,2.5679%,41.2474%,-0.001463,LRCX,48486.0,2019-02-27,252.0,-0.7616%,-0.0002,1.5758,0.2469,0.1139,1.9679%,2.5625%,41.0232%,-0.009458,LRCX,48486.0,2019-02-28,252.0,-0.6264%,-0.0002,1.5735,0.2452,0.1124,1.9677%,2.5579%,40.8263%,-0.0012439999999999,LRCX,48486.0,2019-03-01,252.0,0.3748%,-0.0003,1.5784,0.2525,0.1236,1.9671%,2.5575%,40.8404%,-0.007932,LRCX,48486.0,2019-03-04,252.0,0.5771%,-0.0002,1.58,0.234,0.1262,1.9687%,2.5570%,40.7215%,0.014416,LRCX,48486.0,2019-03-05,252.0,-2.3795%,-0.0004,1.5809,0.2281,0.1342,1.9716%,2.5572%,40.5565%,-0.020171,LRCX,48486.0,2019-03-06,252.0,-2.5066%,-0.0004,1.5815,0.2485,0.1376,1.9720%,2.5584%,40.5878%,-0.0090569999999999,LRCX,48486.0,2019-03-07,252.0,-1.1998%,-0.0006,1.5703,0.1972,0.1082,1.9540%,2.5404%,40.8365%,0.0015079999999999,LRCX,48486.0,2019-03-08,252.0,0.9990%,-0.0006,1.5696,0.1786,0.108,1.9531%,2.5385%,40.8052%,0.013441,LRCX,48486.0,2019-03-11,252.0,1.8835%,-0.0006,1.5674,0.1775,0.1084,1.9532%,2.5412%,40.9212%,-0.004723,LRCX,-0.000987,-0.010445,-0.011689,-0.0052049999999999,-0.024207
40531,MACYS INC,Macy's Q4 Earnings Preview,6,uncertain,0.5,0.5,the impact on macy's stock price is uncertain as it depends on the actual earnings results and market expectations.,1,2019-02-25,M,2019-02-25 18:15:00+00:00,77462.0,55616P10,0.0124688753858208,13546515.0,0.0147782713174819,-0.0159509722143411,0.0242718607187271,-0.0227817613631486,-0.0209320224821567,-0.0122384317219257,-0.0121016995981335,0.0180868487805128,-0.0053082550875842,-0.0103420941159129,0.0004105184052605,-0.0039619803428649,-0.0135412355884909,0.0181524343788623,-0.0307820979505777,-0.0087964534759521,-0.0090128369629383,-0.0051710088737308,0.020788200199604,-0.0202650222927331,0.0106067033484578,0.0114307841286063,0.0083963377401232,-0.0227272063493728,-0.0005204537301324,0.0034788651391863,0.0033855237998068,0.005441169720143,0.0075917467474937,-0.0216729920357465,0.0025115686003118,0.0225505419075489,-0.0133612351492047,0.0,0.0169276986271143,0.0,-0.0299625974148511,0.0082320300862193,0.0235950723290443,0.0407996736466884,0.0029337676241993,-0.0076923291198909,0.0167154036462307,-0.0080320825800299,-0.0057541877031326,-0.0345095470547676,-0.0066142971627414,0.0420202389359474,0.0183103866875171,0.0110294306650757,0.0081733046099543,-0.0200160127133131,-0.0024320820812135,-0.0039872559718787,0.0560747310519218,-0.0133753009140491,-0.0192381683737039,-0.0264266766607761,0.0066692852415144,-0.1768599897623062,-0.0229929909110069,0.0288679655641317,-0.0123653560876846,0.0307589471340179,-0.0177706200629472,0.0180395059287548,-0.0016446961089968,-0.0127688534557819,0.0127676874399185,-0.0325097516179084,0.0024399945978075,0.0329079739749431,0.0125760436058044,-0.0079946620389819,0.0048077260144054,-0.000665794184897,-0.029904305934906,-0.0029869978316128,0.0131524745374918,0.0703374594449997,0.0162271652370691,-0.0017730902181938,-0.0367265492677688,-0.0315934084355831,0.0053875287994742,-0.0424202233552932,-0.0070074228569865,-0.020611897110939,-0.0228310190141201,0.0254292786121368,-0.0072217532433569,-0.01078078802675,0.0025673711206763,-0.0061687869019806,-0.0081092845648527,-0.0323557406663894,-0.001721127773635,0.0119347069412469,-0.0176724065095186,-0.0015678657218813,-0.0030715928878635,0.0063111027702689,-0.0008802179363556,-0.0210070572793483,-0.0105727603659033,-0.0015422344440594,-0.0391807295382022,-0.0561863295733928,0.0101945931091904,0.0037988675758242,-0.004587085917592,0.0142264235764741,-0.0092166243121027,-0.0197558552026748,0.0125581612810492,0.0156387966126203,-0.0087276315316557,0.0408476032316684,0.0088044730946421,0.0171822272241115,0.0147782713174819,-0.0159509722143411,0.0394088281792905,-0.0383693423349925,0.0176518992196894,-0.0501381934805362,-1.3843616253339521e-09,-0.0429594240715954,-0.0324302511666002,-0.0623538719820575,0.0701941413209115,-0.241488018883953,-0.0920449286883043,-0.2391473931744819,2019-02-26,2019-02-27,2019-02-28,2019-03-01,2019-03-04,2019-03-05,2019-03-06,2019-03-07,2019-03-08,2019-03-11,77462.0,2019-02-25,252.0,1.2469%,0.0003,0.9747,1.0446,0.7935,2.5753%,2.7785%,14.0970%,0.015052,M,77462.0,2019-02-26,252.0,1.4778%,0.0003,0.9625,1.0213,0.7725,2.5791%,2.7767%,13.7277%,0.025542,M,77462.0,2019-02-27,252.0,2.4272%,0.0003,0.9536,1.0436,0.7711,2.5793%,2.7759%,13.6599%,0.022292,M,77462.0,2019-02-28,252.0,-2.0932%,0.0001,0.9828,1.0631,0.7963,2.5634%,2.7705%,14.3932%,-0.016357,M,77462.0,2019-03-01,252.0,-1.2102%,-0.0002,1.0113,1.1055,0.8492,2.5437%,2.7624%,15.2073%,-0.019166,M,77462.0,2019-03-04,252.0,-0.5308%,-0.0002,1.0092,1.1113,0.85,2.5436%,2.7624%,15.2152%,0.000971,M,77462.0,2019-03-05,252.0,0.0411%,-0.0003,1.0025,1.0642,0.8424,2.5395%,2.7509%,14.7819%,0.007521,M,77462.0,2019-03-06,252.0,-1.3541%,-0.0002,1.0046,1.0429,0.8419,2.5391%,2.7522%,14.8812%,0.007863,M,77462.0,2019-03-07,252.0,-3.0782%,-0.0002,1.0161,1.062,0.8625,2.5409%,2.7588%,15.1736%,-0.019126,M,77462.0,2019-03-08,252.0,-0.9013%,-0.0002,1.0156,1.0834,0.8606,2.5382%,2.7580%,15.2998%,-0.005932,M,77462.0,2019-03-11,252.0,2.0788%,-0.0,1.0198,1.0594,0.8447,2.5319%,2.7533%,15.4324%,0.006141,M,0.040594,0.062886,0.046529,0.0283339999999999,0.024801
40539,MATSON INC,Matson shares are trading higher after Stephens & Co. upgraded the stock from Equal-Weight to Overweight and raised the price target from $40 to $44.,6,increase,0.8,0.6,the upgrade from equal-weight to overweight and the increase in price target typically signal positive sentiment and potential for higher stock performance.,2,2019-02-25,MATX,2019-02-25 18:28:00+00:00,11691.0,57686G10,0.087981641292572,345184.0,-0.0248414017260074,-0.0158461052924394,-0.0138211958110332,-0.0125733651220798,-0.0076943882741034,0.0237414725124836,0.0058155381120741,0.0045976969413459,-0.0101871956139802,0.0066531542688608,-0.0055633033625781,0.0137830274179577,-0.0190209876745939,0.0194319188594818,-0.0068433950655162,0.0289142560213804,0.0089003024622797,0.0146690821275115,0.0301650930196046,-0.0138504384085536,0.0060772760771214,-0.0184289067983627,-0.0008236897410824,-0.0038875646423548,0.0030228253453969,0.0033002337440848,-0.0002739266201388,-0.0089205838739871,0.0024664332158863,0.0035811027046293,-0.0158557072281837,-0.0035683242604136,-0.0077777439728379,0.0083958804607391,0.0142776677384972,0.0087718414142727,-0.0262213852256536,-0.0092897079885005,-0.0070861680433154,-0.0005989954806864,0.0265486817806959,0.0008992439834401,0.0091769145801663,-0.0074382624588906,0.0022044093348085,-0.0212579946964979,-0.0076986192725598,0.0220238603651523,0.0313106402754783,0.0262674633413553,-0.0064481911249458,-0.0060715530999004,-0.0021632779389619,0.0009115399443544,0.0176151134073734,-0.0117116933688521,0.0135819483548402,-0.0077473814599215,-0.0086705684661865,-0.0044496501795947,-0.0055658384226262,-0.0023676184937357,0.0178570933640003,0.0208459962159395,0.0180676206946373,0.0175222791731357,0.0159464739263057,0.0320430919528007,0.0030379476957023,-0.0226356443017721,0.0010096142068505,0.0071829962544143,0.0012606969103217,-0.0071317688561975,-0.0103248516097664,0.0031103722285479,-0.0063613234087824,-0.0122887166216969,0.0061460100114345,0.0527166612446308,-0.0012725689448416,-0.0105599975213408,-0.0298165623098611,-0.0231322217732667,-0.0057788607664406,-0.0267721079289913,0.011096485890448,-0.0179265681654214,0.0350143760442733,-0.0184749942272901,-0.0244887955486774,-0.0141659919172525,0.0028468067757785,-0.0145298670977354,0.0363870933651924,-0.0407215543091297,-0.0149402013048529,0.0172365549951791,-0.0265420377254486,-0.0088178478181362,-0.0051934528164565,0.0030403705313801,0.017847778275609,-0.036997590214014,-0.0046415757387876,-0.0047682197764515,-0.0150258559733629,-0.054595548659563,0.0207785610109567,0.0147395646199584,0.0048956098034977,0.0066512743942439,0.0256410259753465,-0.0071119833737611,-0.0092499731108546,-0.0017748401733115,0.0012616511667147,-0.0201242584735155,-0.0123488325625658,0.0416666828095912,-0.0248414017260074,-0.0158461052924394,-0.038319259659565,-0.0282202315469145,-0.0457188046714716,-0.0051487488859979,-0.0499471306763287,0.0060746062075633,-0.0433403662100505,0.0704831327071771,-0.0029069966474153,0.0382871062976677,0.0413849426962056,-0.0941858723142827,2019-02-26,2019-02-27,2019-02-28,2019-03-01,2019-03-04,2019-03-05,2019-03-06,2019-03-07,2019-03-08,2019-03-11,11691.0,2019-02-25,252.0,8.7982%,0.0011,1.2379,0.936,0.5695,1.5189%,1.9943%,41.9967%,0.089646,MATX,11691.0,2019-02-26,252.0,-2.4841%,0.0011,1.2497,0.9471,0.584,1.5196%,2.0011%,42.3303%,-0.015091,MATX,11691.0,2019-02-27,252.0,-1.3821%,0.001,1.2462,0.9482,0.5834,1.5229%,2.0008%,42.0708%,-0.016145,MATX,11691.0,2019-02-28,252.0,-0.7694%,0.0011,1.2339,0.9396,0.5753,1.5153%,1.9844%,41.6948%,-0.002662,MATX,11691.0,2019-03-01,252.0,0.5816%,0.001,1.2338,0.9394,0.5772,1.5155%,1.9814%,41.4940%,-0.003582,MATX,11691.0,2019-03-04,252.0,-1.0187%,0.001,1.239,0.925,0.5752,1.5143%,1.9824%,41.6558%,-0.002355,MATX,11691.0,2019-03-05,252.0,-0.5563%,0.0011,1.243,0.9559,0.5781,1.5102%,1.9829%,41.9958%,0.0007009999999999,MATX,11691.0,2019-03-06,252.0,-1.9021%,0.0011,1.2484,0.9463,0.5829,1.5085%,1.9870%,42.3653%,0.003143,MATX,11691.0,2019-03-07,252.0,-0.6843%,0.0011,1.2453,0.9405,0.5771,1.5086%,1.9852%,42.2544%,0.005889,MATX,11691.0,2019-03-08,252.0,0.8900%,0.0012,1.2434,0.9477,0.5737,1.5096%,1.9858%,42.2104%,0.0120609999999999,MATX,11691.0,2019-03-11,252.0,3.0165%,0.0012,1.2484,0.9541,0.5748,1.5108%,1.9943%,42.6065%,0.01112,MATX,0.074555,0.05841,0.055748,0.049811,0.082725
40547,MATSON INC,"Stephens & Co. Upgrades Matson to Overweight, Raises Price Target to $44",6,increase,0.8,0.6,"upgrades from analysts typically signal positive sentiment and can lead to an increase in stock price, especially with a raised price target.",2,2019-02-25,MATX,2019-02-25 11:34:00+00:00,11691.0,57686G10,0.087981641292572,345184.0,-0.0248414017260074,-0.0158461052924394,-0.0138211958110332,-0.0125733651220798,-0.0076943882741034,0.0237414725124836,0.0058155381120741,0.0045976969413459,-0.0101871956139802,0.0066531542688608,-0.0055633033625781,0.0137830274179577,-0.0190209876745939,0.0194319188594818,-0.0068433950655162,0.0289142560213804,0.0089003024622797,0.0146690821275115,0.0301650930196046,-0.0138504384085536,0.0060772760771214,-0.0184289067983627,-0.0008236897410824,-0.0038875646423548,0.0030228253453969,0.0033002337440848,-0.0002739266201388,-0.0089205838739871,0.0024664332158863,0.0035811027046293,-0.0158557072281837,-0.0035683242604136,-0.0077777439728379,0.0083958804607391,0.0142776677384972,0.0087718414142727,-0.0262213852256536,-0.0092897079885005,-0.0070861680433154,-0.0005989954806864,0.0265486817806959,0.0008992439834401,0.0091769145801663,-0.0074382624588906,0.0022044093348085,-0.0212579946964979,-0.0076986192725598,0.0220238603651523,0.0313106402754783,0.0262674633413553,-0.0064481911249458,-0.0060715530999004,-0.0021632779389619,0.0009115399443544,0.0176151134073734,-0.0117116933688521,0.0135819483548402,-0.0077473814599215,-0.0086705684661865,-0.0044496501795947,-0.0055658384226262,-0.0023676184937357,0.0178570933640003,0.0208459962159395,0.0180676206946373,0.0175222791731357,0.0159464739263057,0.0320430919528007,0.0030379476957023,-0.0226356443017721,0.0010096142068505,0.0071829962544143,0.0012606969103217,-0.0071317688561975,-0.0103248516097664,0.0031103722285479,-0.0063613234087824,-0.0122887166216969,0.0061460100114345,0.0527166612446308,-0.0012725689448416,-0.0105599975213408,-0.0298165623098611,-0.0231322217732667,-0.0057788607664406,-0.0267721079289913,0.011096485890448,-0.0179265681654214,0.0350143760442733,-0.0184749942272901,-0.0244887955486774,-0.0141659919172525,0.0028468067757785,-0.0145298670977354,0.0363870933651924,-0.0407215543091297,-0.0149402013048529,0.0172365549951791,-0.0265420377254486,-0.0088178478181362,-0.0051934528164565,0.0030403705313801,0.017847778275609,-0.036997590214014,-0.0046415757387876,-0.0047682197764515,-0.0150258559733629,-0.054595548659563,0.0207785610109567,0.0147395646199584,0.0048956098034977,0.0066512743942439,0.0256410259753465,-0.0071119833737611,-0.0092499731108546,-0.0017748401733115,0.0012616511667147,-0.0201242584735155,-0.0123488325625658,0.0416666828095912,-0.0248414017260074,-0.0158461052924394,-0.038319259659565,-0.0282202315469145,-0.0457188046714716,-0.0051487488859979,-0.0499471306763287,0.0060746062075633,-0.0433403662100505,0.0704831327071771,-0.0029069966474153,0.0382871062976677,0.0413849426962056,-0.0941858723142827,2019-02-26,2019-02-27,2019-02-28,2019-03-01,2019-03-04,2019-03-05,2019-03-06,2019-03-07,2019-03-08,2019-03-11,11691.0,2019-02-25,252.0,8.7982%,0.0011,1.2379,0.936,0.5695,1.5189%,1.9943%,41.9967%,0.089646,MATX,11691.0,2019-02-26,252.0,-2.4841%,0.0011,1.2497,0.9471,0.584,1.5196%,2.0011%,42.3303%,-0.015091,MATX,11691.0,2019-02-27,252.0,-1.3821%,0.001,1.2462,0.9482,0.5834,1.5229%,2.0008%,42.0708%,-0.016145,MATX,11691.0,2019-02-28,252.0,-0.7694%,0.0011,1.2339,0.9396,0.5753,1.5153%,1.9844%,41.6948%,-0.002662,MATX,11691.0,2019-03-01,252.0,0.5816%,0.001,1.2338,0.9394,0.5772,1.5155%,1.9814%,41.4940%,-0.003582,MATX,11691.0,2019-03-04,252.0,-1.0187%,0.001,1.239,0.925,0.5752,1.5143%,1.9824%,41.6558%,-0.002355,MATX,11691.0,2019-03-05,252.0,-0.5563%,0.0011,1.243,0.9559,0.5781,1.5102%,1.9829%,41.9958%,0.0007009999999999,MATX,11691.0,2019-03-06,252.0,-1.9021%,0.0011,1.2484,0.9463,0.5829,1.5085%,1.9870%,42.3653%,0.003143,MATX,11691.0,2019-03-07,252.0,-0.6843%,0.0011,1.2453,0.9405,0.5771,1.5086%,1.9852%,42.2544%,0.005889,MATX,11691.0,2019-03-08,252.0,0.8900%,0.0012,1.2434,0.9477,0.5737,1.5096%,1.9858%,42.2104%,0.0120609999999999,MATX,11691.0,2019-03-11,252.0,3.0165%,0.0012,1.2484,0.9541,0.5748,1.5108%,1.9943%,42.6065%,0.01112,MATX,0.074555,0.05841,0.055748,0.049811,0.082725
40555,MEDTRONIC PLC,"Citigroup Maintains Neutral on Medtronic, Raises Price Target to $101",6,increase,0.7,0.6,"raising the price target typically indicates positive sentiment and potential for stock appreciation, which may lead to an increase in medtronic's stock price.",2,2019-02-25,MDT,2019-02-25 15:34:00+00:00,60097.0,G5960L10,-0.0165297593921423,7216832.0,-0.0100845834240317,0.0125256022438406,-0.004381657578051,-0.0020474400371313,-0.0042908946052193,0.0050904494710266,0.0175690203905105,0.000650321773719,0.0021718381904065,0.0113996844738721,0.0046592294238507,0.0061763008125126,-0.0069024953991174,0.004653719253838,-0.0108601218089461,0.0072544813156127,-0.0061484975740313,0.0066284271888434,0.0163500159978866,0.0012373521458357,0.0047826352529227,0.0004501565999817,0.006274277344346,0.0094286249950528,0.0033326726406812,0.0025054232683032,0.0049287374131381,-0.0056618731468915,-0.0202580392360687,-0.0009051004890352,0.0083796307444572,0.0063759256154298,-0.0101446406915783,0.0157280042767524,0.0095943873748183,0.0005786051042377,-0.0185667648911476,-0.0068949493579566,0.0025445665232837,-0.002407505409792,0.0049657574854791,0.0008031171746551,-0.0088942302390933,0.0018391225021332,-0.003323765238747,-0.0034364608582109,0.0124500086531043,-0.0034246053546667,-0.0042819431982934,0.0070123076438903,-0.0031977165490388,0.011158887296915,-0.0215708464384079,0.0151032302528619,0.0088186142966151,-0.0010607772273942,-0.0033621320035308,0.0,0.0006746604922227,0.0064056138508021,-0.00303401122801,0.0152957281097769,-0.001014472101815,0.0070345890708267,-0.0116213336586952,-0.0644502490758895,-0.0097031788900494,0.0313633754849433,0.0013833169359713,-0.0280937366187572,-0.0082882605493068,-0.0334212929010391,-0.0164828579872846,0.0190454497933387,-0.0060191443189978,-0.0043502440676093,-0.0008311528363265,0.016805749386549,0.0112893274053931,0.0333333387970924,0.0063454867340624,-0.0316026583313942,0.0142456935718655,-0.0144605450332164,0.0056412373669445,-0.014902482740581,0.0010303831659257,-0.0080434549599885,0.0156678296625614,0.0016331140650436,-0.0056299967691302,-0.0199530813843011,0.0093987304717302,-0.0186387300491333,0.0049360832199454,-0.0021941184531897,0.0063630240038037,0.0025138563942164,-0.0097615625709295,-0.0001047563491738,-0.0030244947411119,0.0131579535081982,-0.0096629280596971,-0.0207813810557127,0.0021556890569627,-0.0025909421965479,-0.0113211814314127,-0.0228860974311828,0.0037787910550832,0.0125089846551418,0.0069586238823831,0.0096273329108953,-0.0018125755013898,0.0128970919176936,-0.0043127597309648,0.0240524597465992,-0.0018238191260024,0.0116228517144918,0.0022838523145765,0.0005433694459497,-0.0100845834240317,0.0125256022438406,-0.0144220538107013,0.010452516787186,-0.0186510649030282,0.0155961742667629,0.0007590510427279,0.0278416435963955,-0.0023856128397011,0.0547805955012385,-0.0297862398673219,0.112336809794427,-0.0430873078183959,0.0248122219289856,2019-02-26,2019-02-27,2019-02-28,2019-03-01,2019-03-04,2019-03-05,2019-03-06,2019-03-07,2019-03-08,2019-03-11,60097.0,2019-02-25,252.0,-1.6530%,0.0004,0.7265,-0.2757,-0.257,0.9857%,1.2962%,42.1640%,-0.018928,MDT,60097.0,2019-02-26,252.0,-1.0085%,0.0004,0.737,-0.2692,-0.2458,0.9850%,1.2979%,42.4068%,-0.011635,MDT,60097.0,2019-02-27,252.0,-0.4382%,0.0003,0.7302,-0.2587,-0.247,0.9810%,1.2890%,42.0790%,-0.004929,MDT,60097.0,2019-02-28,252.0,-0.4291%,0.0004,0.7276,-0.2606,-0.2481,0.9804%,1.2859%,41.8688%,-0.0026929999999999,MDT,60097.0,2019-03-01,252.0,1.7569%,0.0004,0.7235,-0.2667,-0.2599,0.9807%,1.2857%,41.8137%,0.012003,MDT,60097.0,2019-03-04,252.0,0.2172%,0.0005,0.7185,-0.255,-0.2576,0.9796%,1.2791%,41.3530%,0.0057909999999999,MDT,60097.0,2019-03-05,252.0,0.4659%,0.0005,0.7186,-0.2513,-0.2589,0.9796%,1.2793%,41.3672%,0.004382,MDT,60097.0,2019-03-06,252.0,-0.6902%,0.0005,0.7155,-0.2377,-0.2606,0.9782%,1.2756%,41.1980%,-0.004019,MDT,60097.0,2019-03-07,252.0,-1.0860%,0.0004,0.7167,-0.2445,-0.2609,0.9780%,1.2768%,41.3292%,-0.00611,MDT,60097.0,2019-03-08,252.0,-0.6148%,0.0004,0.7181,-0.2545,-0.2582,0.9769%,1.2764%,41.4213%,-0.004983,MDT,60097.0,2019-03-11,252.0,1.6350%,0.0004,0.7202,-0.2449,-0.2539,0.9760%,1.2777%,41.6491%,0.005134,MDT,-0.030563,-0.035492,-0.038185,-0.020391,-0.025987
40563,MARSH & MCLENNAN COS INC,"Marsh & McLennan Reports Average Commercial Insurance Prices Up 2% In Q4, Globally, Pricing For Property Risks Up ~4%",6,increase,0.7,0.6,"the report of rising commercial insurance prices, particularly for property risks, suggests improved revenue potential for marsh & mclennan, which could positively influence investor sentiment and stock price.",2,2019-02-25,MMC,2019-02-25 14:13:00+00:00,45751.0,57174810,0.0003241359081584,1269788.0,-0.000108037762402,0.0049951863475143,0.0024846424348652,0.00152256002184,0.002370620612055,0.0045886393636465,-0.0013975194888189,0.0040587438270449,-0.0027990324888378,0.0112035730853676,-0.0136024458333849,-0.0119464751332998,-0.0019700152333825,0.0036298998165875,-0.0148043213412165,0.003754046279937,-0.002893972909078,0.0072286645881831,0.013395813293755,0.0045804493129253,0.0067195487208664,-0.0103924246504902,0.0037203629035502,-0.0178086590021848,0.0082851247861981,0.0023946182336658,0.0086496165022253,0.0179501697421073,-0.00332294520922,0.0233586300164461,-0.0031189599540084,0.0528892092406749,-0.0055022346787154,0.0137981036677956,0.009763523004949,-0.0003009248757734,-0.0108509035781025,-0.005507652182132,0.0019550374709069,0.0062650199979543,0.0048780157230794,-0.0037210127338767,-0.0074433097615838,0.001683291979134,0.0099988933652639,-0.0105876689776778,0.0104379775002598,0.0203933045268058,0.0096911182627081,0.0046341130509972,-0.0036915778182446,0.0039177238941192,0.0019055717857554,0.002331604482606,-0.0009509334340691,0.004189726896584,-0.0057112732902169,-0.0038055188488215,-0.0044676712714135,0.007046602666378,-0.0051821125671267,0.0008661184692755,0.0046391226351261,0.0068519134074449,0.0054767448455095,0.0043793604709208,0.0111075611785054,0.0244839880615472,0.0022182220127433,-0.0130313606932759,0.0068507753312587,-0.0089028095826506,-0.0117240147665143,0.0111575657501816,-0.007308573462069,-0.0003802126448135,-0.0039479592815041,0.0187218151986599,0.0154258431866765,0.0255561489611864,-0.00168798037339,-0.0254226513206958,-0.0076085133478045,-0.0228247810155153,-0.0028751385398209,-0.0110986325889825,-0.0036308879498392,-0.0097555061802268,0.0106109092012047,-0.0058924104087054,-0.0189839955419302,-0.0185542274266481,0.0069189122878015,-0.0122575126588344,0.0079450057819485,0.0009529700037091,0.0012782567646354,0.0056300139985978,-0.0077659930102527,-0.0128886876627802,0.0040742456912994,-0.0023592892102897,0.0030966461636126,-0.0053972392342984,0.0232063047587871,-0.0178612060844898,-0.0147732598707079,-0.0260381568223238,0.0021119809243828,0.0045096003450453,-0.0017913399497047,0.0175518970936536,0.0103451460599899,-0.0018321728566661,0.0008358774357475,0.0171209089457988,0.0011483517009764,-0.0004656683886423,0.0130344107747077,0.0122554907575249,-0.000108037762402,0.0049951863475143,0.0023763362372541,0.0065253518403887,0.0047525902409744,0.0111439336903516,0.0005400240645145,0.0266223120252777,-0.0194426764804491,0.0339626940082711,0.0109094255653152,0.1498934629907033,0.0540610109601191,0.0960980545242413,2019-02-26,2019-02-27,2019-02-28,2019-03-01,2019-03-04,2019-03-05,2019-03-06,2019-03-07,2019-03-08,2019-03-11,45751.0,2019-02-25,252.0,0.0324%,0.0006,0.8508,-0.2058,0.4024,0.8118%,1.1687%,51.7479%,-0.000856,MMC,45751.0,2019-02-26,252.0,-0.0108%,0.0006,0.8468,-0.2027,0.401,0.8108%,1.1620%,51.3130%,0.001164,MMC,45751.0,2019-02-27,252.0,0.2485%,0.0006,0.8457,-0.2002,0.4008,0.8107%,1.1592%,51.0868%,0.002489,MMC,45751.0,2019-02-28,252.0,0.2371%,0.0006,0.8473,-0.1989,0.4007,0.8108%,1.1588%,51.0432%,0.005934,MMC,45751.0,2019-03-01,252.0,-0.1398%,0.0006,0.8422,-0.2064,0.3957,0.8108%,1.1546%,50.6893%,-0.005408,MMC,45751.0,2019-03-04,252.0,-0.2799%,0.0006,0.841,-0.2011,0.3957,0.8106%,1.1509%,50.3911%,-0.000878,MMC,45751.0,2019-03-05,252.0,-1.3602%,0.0005,0.8414,-0.2065,0.4006,0.8130%,1.1529%,50.2719%,-0.011936,MMC,45751.0,2019-03-06,252.0,-0.1970%,0.0005,0.8421,-0.2113,0.4007,0.8129%,1.1519%,50.1954%,0.002245,MMC,45751.0,2019-03-07,252.0,-1.4804%,0.0005,0.8455,-0.209,0.4059,0.8142%,1.1558%,50.3768%,-0.006815,MMC,45751.0,2019-03-08,252.0,-0.2894%,0.0005,0.846,-0.2152,0.407,0.8135%,1.1559%,50.4736%,-0.000329,MMC,45751.0,2019-03-11,252.0,1.3396%,0.0005,0.8474,-0.2097,0.4094,0.8132%,1.1579%,50.6734%,0.003592,MMC,0.000308,0.002797,0.008731,0.0024449999999999,-0.010798
40571,MANNKIND CORP,Q4 Earnings Outlook For MannKind,6,uncertain,0.5,0.5,the impact of q4 earnings outlook on mannkind corp's stock price is uncertain as it depends on the actual earnings results and market expectations.,1,2019-02-25,MNKD,2019-02-25 18:28:00+00:00,90285.0,56400P70,-0.0320512540638446,2577021.0,0.1655629128217697,0.0758619904518127,0.0625000074505806,-0.0136054288595914,-0.0427807718515396,-0.0134228058159351,-0.0111731737852096,0.0275861788541078,-0.0282485615462064,0.0431655123829841,0.0523255318403244,-0.0347222723066806,-0.0331491418182849,-0.0068965447135269,0.0571428723633289,0.0902255624532699,-0.010810799896717,0.023076994344592,0.0546447560191154,0.0,0.0829015374183654,-0.0370370894670486,0.0095693692564964,0.0305344145745039,0.0616114325821399,0.0314960330724716,-0.0178571250289678,-0.0522388443350791,-0.0227272510528564,0.0634920969605445,0.0465115830302238,0.0243902206420898,-0.0177777614444494,0.0336134098470211,-0.0045248824171721,-0.0555555038154125,-0.031818151473999,-0.023255793377757,-0.0704225748777389,0.0078124925494194,0.010101000778377,0.0078740082681179,-0.0299999713897705,-0.0928571373224258,-0.0051546953618526,-0.007092191837728,0.0207254309207201,0.0143884755671024,-0.0862944573163986,0.0451127365231514,-0.0388888530433177,-0.0362318493425846,0.0115606822073459,0.0147058684378862,0.0,0.0461538955569267,0.0228571202605962,0.0317460000514984,0.0055865868926048,0.0327868536114692,0.0222222674638032,0.0166666507720947,0.0217391084879636,0.0,-0.0319148637354373,0.01694923825562,-0.0824176296591758,0.0350876860320568,-0.029940091073513,-0.0297872070223093,0.0,0.1084905788302422,-0.0493827424943447,-0.0742358416318893,-0.0064935004338622,0.122549019753933,0.0392157286405563,-0.0285714026540517,0.006289301905781,-0.0366973206400871,-0.0437500327825546,0.0,0.0457516685128212,-0.0438596084713935,-0.0187499821186065,-0.3254438042640686,-0.0191083364188671,0.0180723443627357,0.0,-0.0235294587910175,-0.0454545021057128,0.0119048217311501,-0.0272109396755695,-0.0175439119338989,0.0699300915002822,-0.0393258072435855,0.01307188346982,0.0229884833097457,-0.0645160675048828,0.0116278957575559,-0.0620689876377582,-0.017142841592431,-0.0147058684378862,0.0,-0.0671642050147056,0.0115606822073459,-0.0159999839961528,-0.0335195213556289,0.0731707587838172,0.0056179724633693,0.0,0.0056497124023735,-0.0378788411617279,0.0,0.0,0.0,0.0,-0.0056179724633693,0.0236220248043537,0.0113636255264282,0.1655629128217697,0.0758619904518127,0.2384106035572508,0.061224426677982,0.1854304420679406,0.0469798172715563,0.1390728696991761,0.1223021238091395,0.2781456674227887,0.1999999913466466,0.1920529500565893,0.2786884350636684,-0.1390728746763423,-0.1136363859302616,2019-02-26,2019-02-27,2019-02-28,2019-03-01,2019-03-04,2019-03-05,2019-03-06,2019-03-07,2019-03-08,2019-03-11,90285.0,2019-02-25,252.0,-3.2051%,-0.0006,1.2288,0.6768,0.3547,7.3424%,7.4530%,2.9461%,-0.031735,MNKD,90285.0,2019-02-26,252.0,16.5563%,0.0,1.1903,0.4728,0.2225,7.4225%,7.5249%,2.7035%,0.172931,MNKD,90285.0,2019-02-27,252.0,6.2500%,-0.0,1.1628,0.5395,0.2181,7.4209%,7.5201%,2.6188%,0.060697,MNKD,90285.0,2019-02-28,252.0,-4.2781%,-0.0001,1.1609,0.537,0.2258,7.4241%,7.5219%,2.5844%,-0.038839,MNKD,90285.0,2019-03-01,252.0,-1.1173%,0.0,1.1219,0.4788,0.1747,7.4163%,7.5082%,2.4309%,-0.020276,MNKD,90285.0,2019-03-04,252.0,-2.8249%,0.0,1.114,0.5242,0.1724,7.4162%,7.5078%,2.4247%,-0.0212709999999999,MNKD,90285.0,2019-03-05,252.0,5.2326%,0.0003,1.1085,0.5181,0.1478,7.4238%,7.5149%,2.4080%,0.0561679999999999,MNKD,90285.0,2019-03-06,252.0,-3.3149%,0.0003,1.1195,0.5515,0.1647,7.4245%,7.5178%,2.4670%,-0.017458,MNKD,90285.0,2019-03-07,252.0,5.7143%,0.0006,1.0934,0.555,0.131,7.4354%,7.5260%,2.3919%,0.067163,MNKD,90285.0,2019-03-08,252.0,-1.0811%,0.0006,1.0934,0.5761,0.1298,7.4347%,7.5258%,2.4061%,-0.00855,MNKD,90285.0,2019-03-11,252.0,5.4645%,0.0008,1.1121,0.5907,0.1285,7.4381%,7.5334%,2.5138%,0.036865,MNKD,0.141196,0.201893,0.1630539999999999,0.1215069999999999,0.2556949999999999
40579,MOSAIC CO NEW,The Mosaic Co shares are trading higher after the company beat Q4 EPS and sales estimates; the company also raised its annual dividend target from $0.10 per share to $0.20 per share.,6,increase,0.85,0.7,"the positive earnings report and increased dividend target are likely to boost investor confidence and demand for the stock, leading to a price increase.",2,2019-02-25,MOS,2019-02-25 21:56:00+00:00,90386.0,61945C10,0.0145511217415332,5904246.0,-0.0405858978629112,-0.0262284893542528,0.0232187546789646,-0.0092593003064394,-0.0279763061553239,0.0371747463941574,-0.0086344880983233,0.0052942438051104,-0.0058064614422619,0.005322481971234,-0.030175220221281,-0.003743008011952,-0.0212445594370365,0.0053308871574699,-0.0448169521987438,0.0313712581992149,0.0035816754680126,-0.0086566349491477,0.0246252175420522,-0.0066878688521683,-0.0013932082802057,-0.0326555594801902,0.0027903704904019,0.0080744819715619,-0.012869594618678,0.0078247264027595,0.0116279050707817,-0.0199385806918144,-0.0024381643161177,0.0099132498726248,-0.0031424635089933,0.0115950778126716,-0.0129596823826432,0.0040905964560806,0.0042583011090755,0.0060145785100758,-0.0512367114424705,-0.0094073135405778,0.0029795130249112,0.0283779148012399,-0.0189379956573247,-0.00481385178864,0.0068130320869386,0.0061349868774414,0.0214285589754581,-0.0381988026201725,0.0051527195610105,0.0075094392523169,0.0194068364799022,0.0149253513664007,-0.0118534453213214,0.0028662469703704,-0.0054525486193597,0.0006373632350005,0.0131578473374247,-0.008217453956604,0.0072150351479649,0.0022172853350639,-0.0025071525014936,0.0070175216533243,-0.014721717685461,-0.0003188848495483,-0.0029154489748179,0.0241672024130821,-0.0131579171866178,0.0075683267787098,-0.0074074356816709,0.0681897550821304,-0.0063432864844799,-0.0250171199440956,0.0078858807682991,-0.0010270037455484,0.0022354496177285,0.0135322483256459,0.0063197053968906,-0.0250338222831487,0.0033247193787246,0.0085295122116804,-0.0121502177789807,0.0600361600518226,-0.0190085805952549,-0.0318627394735813,-0.0102583765983581,-0.0079889353364706,0.0049904440529644,-0.026707200333476,-0.0019098985940217,-0.0247279927134513,-0.0007653483189642,0.0089820511639118,-0.0114898942410945,-0.0281280577182769,-0.0216969959437847,0.0006470545777119,0.0146534983068704,0.0,-0.0136612169444561,-0.0633333399891853,-0.0799366980791091,-0.0060241194441914,0.0292473249137401,-0.0095465304329991,-0.0117008229717612,-0.0298118330538272,0.0105708250775933,-0.0199829805642366,-0.0414225868880748,-0.0428649447858333,-0.0043649226427078,0.0238889064639806,0.0004384142521303,-0.0046999771147966,0.014899218454957,0.0240656416863203,-0.0155440680682659,0.0074158101342618,-0.0140350749716162,-0.0198490098118782,0.0164591129869222,0.0220000129193067,-0.0405858978629112,-0.0262284893542528,-0.018309497189851,-0.0352449322011769,-0.0457735712462417,0.0006195927767225,-0.0595056660275813,0.0112710925760803,-0.1231445240719343,0.028662408864321,-0.149410445722242,0.0303029942753694,-0.3021195186106822,-0.0764751168204845,2019-02-26,2019-02-27,2019-02-28,2019-03-01,2019-03-04,2019-03-05,2019-03-06,2019-03-07,2019-03-08,2019-03-11,90386.0,2019-02-25,252.0,1.4551%,0.0008,1.2808,-0.0743,0.4307,1.6462%,2.0795%,37.3379%,0.013134,MOS,90386.0,2019-02-26,252.0,-4.0586%,0.0006,1.2725,-0.0128,0.4557,1.6549%,2.0754%,36.4216%,-0.037691,MOS,90386.0,2019-02-27,252.0,2.3219%,0.0008,1.288,-0.034,0.4583,1.6467%,2.0766%,37.1163%,0.022545,MOS,90386.0,2019-02-28,252.0,-2.7976%,0.0008,1.2748,-0.0439,0.4543,1.6398%,2.0611%,36.7005%,-0.022931,MOS,90386.0,2019-03-01,252.0,-0.8634%,0.0008,1.2693,-0.0521,0.4535,1.6431%,2.0586%,36.2962%,-0.015959,MOS,90386.0,2019-03-04,252.0,-0.5806%,0.0007,1.2772,-0.0768,0.451,1.6398%,2.0590%,36.5781%,-0.001273,MOS,90386.0,2019-03-05,252.0,-3.0175%,0.0006,1.28,-0.0736,0.4633,1.6483%,2.0664%,36.3668%,-0.02725,MOS,90386.0,2019-03-06,252.0,-2.1245%,0.0004,1.2687,-0.0343,0.4558,1.6387%,2.0509%,36.1616%,-0.011695,MOS,90386.0,2019-03-07,252.0,-4.4817%,0.0003,1.2875,-0.0078,0.4883,1.6497%,2.0699%,36.4799%,-0.033023,MOS,90386.0,2019-03-08,252.0,0.3582%,0.0004,1.2855,0.0094,0.4843,1.6473%,2.0673%,36.4999%,0.007158,MOS,90386.0,2019-03-11,252.0,2.4625%,0.0005,1.2895,0.0099,0.4825,1.6479%,2.0729%,36.8039%,0.007865,MOS,-0.024557,-0.002012,-0.024943,-0.042175,-0.09912
40587,MOSAIC CO NEW,Mosaic Raises Annual Dividend Target To $0.20/Share; Co. Currently Offers $0.025/Share Qtr. Dividend for Annual Dividend Of $0.10/Share,6,increase,0.8,0.6,"raising the annual dividend target typically signals financial strength and can attract investors, likely leading to an increase in stock price.",2,2019-02-25,MOS,2019-02-25 21:51:00+00:00,90386.0,61945C10,0.0145511217415332,5904246.0,-0.0405858978629112,-0.0262284893542528,0.0232187546789646,-0.0092593003064394,-0.0279763061553239,0.0371747463941574,-0.0086344880983233,0.0052942438051104,-0.0058064614422619,0.005322481971234,-0.030175220221281,-0.003743008011952,-0.0212445594370365,0.0053308871574699,-0.0448169521987438,0.0313712581992149,0.0035816754680126,-0.0086566349491477,0.0246252175420522,-0.0066878688521683,-0.0013932082802057,-0.0326555594801902,0.0027903704904019,0.0080744819715619,-0.012869594618678,0.0078247264027595,0.0116279050707817,-0.0199385806918144,-0.0024381643161177,0.0099132498726248,-0.0031424635089933,0.0115950778126716,-0.0129596823826432,0.0040905964560806,0.0042583011090755,0.0060145785100758,-0.0512367114424705,-0.0094073135405778,0.0029795130249112,0.0283779148012399,-0.0189379956573247,-0.00481385178864,0.0068130320869386,0.0061349868774414,0.0214285589754581,-0.0381988026201725,0.0051527195610105,0.0075094392523169,0.0194068364799022,0.0149253513664007,-0.0118534453213214,0.0028662469703704,-0.0054525486193597,0.0006373632350005,0.0131578473374247,-0.008217453956604,0.0072150351479649,0.0022172853350639,-0.0025071525014936,0.0070175216533243,-0.014721717685461,-0.0003188848495483,-0.0029154489748179,0.0241672024130821,-0.0131579171866178,0.0075683267787098,-0.0074074356816709,0.0681897550821304,-0.0063432864844799,-0.0250171199440956,0.0078858807682991,-0.0010270037455484,0.0022354496177285,0.0135322483256459,0.0063197053968906,-0.0250338222831487,0.0033247193787246,0.0085295122116804,-0.0121502177789807,0.0600361600518226,-0.0190085805952549,-0.0318627394735813,-0.0102583765983581,-0.0079889353364706,0.0049904440529644,-0.026707200333476,-0.0019098985940217,-0.0247279927134513,-0.0007653483189642,0.0089820511639118,-0.0114898942410945,-0.0281280577182769,-0.0216969959437847,0.0006470545777119,0.0146534983068704,0.0,-0.0136612169444561,-0.0633333399891853,-0.0799366980791091,-0.0060241194441914,0.0292473249137401,-0.0095465304329991,-0.0117008229717612,-0.0298118330538272,0.0105708250775933,-0.0199829805642366,-0.0414225868880748,-0.0428649447858333,-0.0043649226427078,0.0238889064639806,0.0004384142521303,-0.0046999771147966,0.014899218454957,0.0240656416863203,-0.0155440680682659,0.0074158101342618,-0.0140350749716162,-0.0198490098118782,0.0164591129869222,0.0220000129193067,-0.0405858978629112,-0.0262284893542528,-0.018309497189851,-0.0352449322011769,-0.0457735712462417,0.0006195927767225,-0.0595056660275813,0.0112710925760803,-0.1231445240719343,0.028662408864321,-0.149410445722242,0.0303029942753694,-0.3021195186106822,-0.0764751168204845,2019-02-26,2019-02-27,2019-02-28,2019-03-01,2019-03-04,2019-03-05,2019-03-06,2019-03-07,2019-03-08,2019-03-11,90386.0,2019-02-25,252.0,1.4551%,0.0008,1.2808,-0.0743,0.4307,1.6462%,2.0795%,37.3379%,0.013134,MOS,90386.0,2019-02-26,252.0,-4.0586%,0.0006,1.2725,-0.0128,0.4557,1.6549%,2.0754%,36.4216%,-0.037691,MOS,90386.0,2019-02-27,252.0,2.3219%,0.0008,1.288,-0.034,0.4583,1.6467%,2.0766%,37.1163%,0.022545,MOS,90386.0,2019-02-28,252.0,-2.7976%,0.0008,1.2748,-0.0439,0.4543,1.6398%,2.0611%,36.7005%,-0.022931,MOS,90386.0,2019-03-01,252.0,-0.8634%,0.0008,1.2693,-0.0521,0.4535,1.6431%,2.0586%,36.2962%,-0.015959,MOS,90386.0,2019-03-04,252.0,-0.5806%,0.0007,1.2772,-0.0768,0.451,1.6398%,2.0590%,36.5781%,-0.001273,MOS,90386.0,2019-03-05,252.0,-3.0175%,0.0006,1.28,-0.0736,0.4633,1.6483%,2.0664%,36.3668%,-0.02725,MOS,90386.0,2019-03-06,252.0,-2.1245%,0.0004,1.2687,-0.0343,0.4558,1.6387%,2.0509%,36.1616%,-0.011695,MOS,90386.0,2019-03-07,252.0,-4.4817%,0.0003,1.2875,-0.0078,0.4883,1.6497%,2.0699%,36.4799%,-0.033023,MOS,90386.0,2019-03-08,252.0,0.3582%,0.0004,1.2855,0.0094,0.4843,1.6473%,2.0673%,36.4999%,0.007158,MOS,90386.0,2019-03-11,252.0,2.4625%,0.0005,1.2895,0.0099,0.4825,1.6479%,2.0729%,36.8039%,0.007865,MOS,-0.024557,-0.002012,-0.024943,-0.042175,-0.09912
40595,MOSAIC CO NEW,"Mosaic Q4 EPS $0.77 Beats $0.57 Estimate, Sales $2.521B Beat $2.37B Estimate",6,increase,0.8,0.7,"the company reported better-than-expected earnings and sales, which typically leads to positive investor sentiment and an increase in stock price.",2,2019-02-25,MOS,2019-02-25 21:50:00+00:00,90386.0,61945C10,0.0145511217415332,5904246.0,-0.0405858978629112,-0.0262284893542528,0.0232187546789646,-0.0092593003064394,-0.0279763061553239,0.0371747463941574,-0.0086344880983233,0.0052942438051104,-0.0058064614422619,0.005322481971234,-0.030175220221281,-0.003743008011952,-0.0212445594370365,0.0053308871574699,-0.0448169521987438,0.0313712581992149,0.0035816754680126,-0.0086566349491477,0.0246252175420522,-0.0066878688521683,-0.0013932082802057,-0.0326555594801902,0.0027903704904019,0.0080744819715619,-0.012869594618678,0.0078247264027595,0.0116279050707817,-0.0199385806918144,-0.0024381643161177,0.0099132498726248,-0.0031424635089933,0.0115950778126716,-0.0129596823826432,0.0040905964560806,0.0042583011090755,0.0060145785100758,-0.0512367114424705,-0.0094073135405778,0.0029795130249112,0.0283779148012399,-0.0189379956573247,-0.00481385178864,0.0068130320869386,0.0061349868774414,0.0214285589754581,-0.0381988026201725,0.0051527195610105,0.0075094392523169,0.0194068364799022,0.0149253513664007,-0.0118534453213214,0.0028662469703704,-0.0054525486193597,0.0006373632350005,0.0131578473374247,-0.008217453956604,0.0072150351479649,0.0022172853350639,-0.0025071525014936,0.0070175216533243,-0.014721717685461,-0.0003188848495483,-0.0029154489748179,0.0241672024130821,-0.0131579171866178,0.0075683267787098,-0.0074074356816709,0.0681897550821304,-0.0063432864844799,-0.0250171199440956,0.0078858807682991,-0.0010270037455484,0.0022354496177285,0.0135322483256459,0.0063197053968906,-0.0250338222831487,0.0033247193787246,0.0085295122116804,-0.0121502177789807,0.0600361600518226,-0.0190085805952549,-0.0318627394735813,-0.0102583765983581,-0.0079889353364706,0.0049904440529644,-0.026707200333476,-0.0019098985940217,-0.0247279927134513,-0.0007653483189642,0.0089820511639118,-0.0114898942410945,-0.0281280577182769,-0.0216969959437847,0.0006470545777119,0.0146534983068704,0.0,-0.0136612169444561,-0.0633333399891853,-0.0799366980791091,-0.0060241194441914,0.0292473249137401,-0.0095465304329991,-0.0117008229717612,-0.0298118330538272,0.0105708250775933,-0.0199829805642366,-0.0414225868880748,-0.0428649447858333,-0.0043649226427078,0.0238889064639806,0.0004384142521303,-0.0046999771147966,0.014899218454957,0.0240656416863203,-0.0155440680682659,0.0074158101342618,-0.0140350749716162,-0.0198490098118782,0.0164591129869222,0.0220000129193067,-0.0405858978629112,-0.0262284893542528,-0.018309497189851,-0.0352449322011769,-0.0457735712462417,0.0006195927767225,-0.0595056660275813,0.0112710925760803,-0.1231445240719343,0.028662408864321,-0.149410445722242,0.0303029942753694,-0.3021195186106822,-0.0764751168204845,2019-02-26,2019-02-27,2019-02-28,2019-03-01,2019-03-04,2019-03-05,2019-03-06,2019-03-07,2019-03-08,2019-03-11,90386.0,2019-02-25,252.0,1.4551%,0.0008,1.2808,-0.0743,0.4307,1.6462%,2.0795%,37.3379%,0.013134,MOS,90386.0,2019-02-26,252.0,-4.0586%,0.0006,1.2725,-0.0128,0.4557,1.6549%,2.0754%,36.4216%,-0.037691,MOS,90386.0,2019-02-27,252.0,2.3219%,0.0008,1.288,-0.034,0.4583,1.6467%,2.0766%,37.1163%,0.022545,MOS,90386.0,2019-02-28,252.0,-2.7976%,0.0008,1.2748,-0.0439,0.4543,1.6398%,2.0611%,36.7005%,-0.022931,MOS,90386.0,2019-03-01,252.0,-0.8634%,0.0008,1.2693,-0.0521,0.4535,1.6431%,2.0586%,36.2962%,-0.015959,MOS,90386.0,2019-03-04,252.0,-0.5806%,0.0007,1.2772,-0.0768,0.451,1.6398%,2.0590%,36.5781%,-0.001273,MOS,90386.0,2019-03-05,252.0,-3.0175%,0.0006,1.28,-0.0736,0.4633,1.6483%,2.0664%,36.3668%,-0.02725,MOS,90386.0,2019-03-06,252.0,-2.1245%,0.0004,1.2687,-0.0343,0.4558,1.6387%,2.0509%,36.1616%,-0.011695,MOS,90386.0,2019-03-07,252.0,-4.4817%,0.0003,1.2875,-0.0078,0.4883,1.6497%,2.0699%,36.4799%,-0.033023,MOS,90386.0,2019-03-08,252.0,0.3582%,0.0004,1.2855,0.0094,0.4843,1.6473%,2.0673%,36.4999%,0.007158,MOS,90386.0,2019-03-11,252.0,2.4625%,0.0005,1.2895,0.0099,0.4825,1.6479%,2.0729%,36.8039%,0.007865,MOS,-0.024557,-0.002012,-0.024943,-0.042175,-0.09912
40603,MOSAIC CO NEW,Mosaic Option Alert: Mar 15 $35 Calls at the Ask: 599 @ $0.441 vs 1045 OI; Earnings 2/25 After Close Ref=$32.81,6,uncertain,0.6,0.3,"the option activity suggests bullish sentiment with a significant number of call options being purchased, but the upcoming earnings report introduces uncertainty that could impact the stock price in either direction.",1,2019-02-25,MOS,2019-02-25 19:58:00+00:00,90386.0,61945C10,0.0145511217415332,5904246.0,-0.0405858978629112,-0.0262284893542528,0.0232187546789646,-0.0092593003064394,-0.0279763061553239,0.0371747463941574,-0.0086344880983233,0.0052942438051104,-0.0058064614422619,0.005322481971234,-0.030175220221281,-0.003743008011952,-0.0212445594370365,0.0053308871574699,-0.0448169521987438,0.0313712581992149,0.0035816754680126,-0.0086566349491477,0.0246252175420522,-0.0066878688521683,-0.0013932082802057,-0.0326555594801902,0.0027903704904019,0.0080744819715619,-0.012869594618678,0.0078247264027595,0.0116279050707817,-0.0199385806918144,-0.0024381643161177,0.0099132498726248,-0.0031424635089933,0.0115950778126716,-0.0129596823826432,0.0040905964560806,0.0042583011090755,0.0060145785100758,-0.0512367114424705,-0.0094073135405778,0.0029795130249112,0.0283779148012399,-0.0189379956573247,-0.00481385178864,0.0068130320869386,0.0061349868774414,0.0214285589754581,-0.0381988026201725,0.0051527195610105,0.0075094392523169,0.0194068364799022,0.0149253513664007,-0.0118534453213214,0.0028662469703704,-0.0054525486193597,0.0006373632350005,0.0131578473374247,-0.008217453956604,0.0072150351479649,0.0022172853350639,-0.0025071525014936,0.0070175216533243,-0.014721717685461,-0.0003188848495483,-0.0029154489748179,0.0241672024130821,-0.0131579171866178,0.0075683267787098,-0.0074074356816709,0.0681897550821304,-0.0063432864844799,-0.0250171199440956,0.0078858807682991,-0.0010270037455484,0.0022354496177285,0.0135322483256459,0.0063197053968906,-0.0250338222831487,0.0033247193787246,0.0085295122116804,-0.0121502177789807,0.0600361600518226,-0.0190085805952549,-0.0318627394735813,-0.0102583765983581,-0.0079889353364706,0.0049904440529644,-0.026707200333476,-0.0019098985940217,-0.0247279927134513,-0.0007653483189642,0.0089820511639118,-0.0114898942410945,-0.0281280577182769,-0.0216969959437847,0.0006470545777119,0.0146534983068704,0.0,-0.0136612169444561,-0.0633333399891853,-0.0799366980791091,-0.0060241194441914,0.0292473249137401,-0.0095465304329991,-0.0117008229717612,-0.0298118330538272,0.0105708250775933,-0.0199829805642366,-0.0414225868880748,-0.0428649447858333,-0.0043649226427078,0.0238889064639806,0.0004384142521303,-0.0046999771147966,0.014899218454957,0.0240656416863203,-0.0155440680682659,0.0074158101342618,-0.0140350749716162,-0.0198490098118782,0.0164591129869222,0.0220000129193067,-0.0405858978629112,-0.0262284893542528,-0.018309497189851,-0.0352449322011769,-0.0457735712462417,0.0006195927767225,-0.0595056660275813,0.0112710925760803,-0.1231445240719343,0.028662408864321,-0.149410445722242,0.0303029942753694,-0.3021195186106822,-0.0764751168204845,2019-02-26,2019-02-27,2019-02-28,2019-03-01,2019-03-04,2019-03-05,2019-03-06,2019-03-07,2019-03-08,2019-03-11,90386.0,2019-02-25,252.0,1.4551%,0.0008,1.2808,-0.0743,0.4307,1.6462%,2.0795%,37.3379%,0.013134,MOS,90386.0,2019-02-26,252.0,-4.0586%,0.0006,1.2725,-0.0128,0.4557,1.6549%,2.0754%,36.4216%,-0.037691,MOS,90386.0,2019-02-27,252.0,2.3219%,0.0008,1.288,-0.034,0.4583,1.6467%,2.0766%,37.1163%,0.022545,MOS,90386.0,2019-02-28,252.0,-2.7976%,0.0008,1.2748,-0.0439,0.4543,1.6398%,2.0611%,36.7005%,-0.022931,MOS,90386.0,2019-03-01,252.0,-0.8634%,0.0008,1.2693,-0.0521,0.4535,1.6431%,2.0586%,36.2962%,-0.015959,MOS,90386.0,2019-03-04,252.0,-0.5806%,0.0007,1.2772,-0.0768,0.451,1.6398%,2.0590%,36.5781%,-0.001273,MOS,90386.0,2019-03-05,252.0,-3.0175%,0.0006,1.28,-0.0736,0.4633,1.6483%,2.0664%,36.3668%,-0.02725,MOS,90386.0,2019-03-06,252.0,-2.1245%,0.0004,1.2687,-0.0343,0.4558,1.6387%,2.0509%,36.1616%,-0.011695,MOS,90386.0,2019-03-07,252.0,-4.4817%,0.0003,1.2875,-0.0078,0.4883,1.6497%,2.0699%,36.4799%,-0.033023,MOS,90386.0,2019-03-08,252.0,0.3582%,0.0004,1.2855,0.0094,0.4843,1.6473%,2.0673%,36.4999%,0.007158,MOS,90386.0,2019-03-11,252.0,2.4625%,0.0005,1.2895,0.0099,0.4825,1.6479%,2.0729%,36.8039%,0.007865,MOS,-0.024557,-0.002012,-0.024943,-0.042175,-0.09912
40611,MERCK & CO INC NEW,"Pharma M&A Wave: Spark Therapeutics, Clementia Pharma Among The Rare Disease Biotechs Acquired",6,increase,0.7,0.6,"the acquisition of rare disease biotechs like spark therapeutics and clementia pharma suggests a strategic expansion in merck's portfolio, which could positively influence investor sentiment and stock price.",2,2019-02-25,MRK,2019-02-25 13:56:00+00:00,22752.0,58933Y10,-0.004828518256545,9295117.0,0.0044787339866161,0.0117749562487006,-0.0014861917588859,0.0050359000451862,0.0083105694502592,0.002397809876129,0.0044285962358117,-0.0071419584564864,-0.0034292563796043,0.0110209668055176,0.0040554772131145,-0.0010123285464942,-0.0115054445341229,0.0063678044825792,-0.003838598029688,0.0235953275114297,-0.0080794766545295,-0.0104488851502537,0.0134085165336728,0.0091121708974242,0.0044515961781144,-0.0073652886785566,0.0045549068599939,0.0031107952818274,0.0053921495564281,0.0036424973513931,0.0009817380923777,0.0054938630200922,-0.0026970850303769,0.0271395482122898,0.0068838992156088,0.0144472876563668,0.0020754262804985,0.0019117763731628,0.0105993552133441,0.0042513054795563,-0.0079565532505512,-0.0004112238530069,0.000729099032469,-0.0030067134648561,0.0069216722622513,-0.0300901941955089,-0.0075976513326168,-0.0051430752500891,0.0041316845454275,-0.0005272296839393,0.0065351678058505,0.0035714851692318,0.0015631223795935,0.0132689699530601,-0.0010804797057062,0.0014765182277187,-0.0003605189267545,0.0154013521969318,-0.0159894432872533,-0.020427219569683,-0.00855219271034,0.0056390729732811,-0.0024646280799061,-0.0123325856402516,-0.0018529203953221,-0.0076325070112943,0.0002474831999279,0.0074240695685148,-0.0121257528662681,-0.0110134575515985,-0.0051352209411561,0.0301187969744205,-0.0113307507708668,-0.0205052979290485,-0.0123519832268357,-0.0107316747307777,-0.0469314008951187,0.0137986056506633,-0.0098754838109016,-0.0001325883204117,0.0036889824550598,0.0186486113816499,0.0155186410993337,0.0400561951100826,0.0017426927806809,-0.0240054856985807,0.0215441305190324,-0.0080282539129257,0.0037988070398569,-0.0037955644074827,0.0019574780017137,-0.0075340396724641,0.0251367595046758,-0.0119633320719003,0.0001270758075406,-0.0163441412150859,0.0101625435054302,-0.0250601023435592,0.0060362596996128,0.012818869203329,-0.0064999582245945,0.0116716576740145,-0.0198792368173599,-0.0040041017346084,0.0035943360999226,0.0091240480542182,0.0019186687422916,-0.0210539940744638,-0.0017873023170977,0.0020458209328353,-0.0130452010780572,-0.012749332934618,0.003239600919187,-0.0015124165220186,0.0016792158130556,0.0183544158935546,0.0203738771378994,0.008804871700704,-0.0051812971942126,0.0116584626957774,0.0020324699580669,0.0119299292564392,0.0078600756824016,0.0103120971471071,0.0044787339866161,0.0117749562487006,0.002985885970189,0.0168701537965918,0.0113212698331739,0.019308415094106,0.012316564759885,0.0231820898692152,0.0060961118534752,0.0514188624265012,0.0138884663051446,0.0710780082169015,-0.0042725613178703,0.0894716697444533,2019-02-26,2019-02-27,2019-02-28,2019-03-01,2019-03-04,2019-03-05,2019-03-06,2019-03-07,2019-03-08,2019-03-11,22752.0,2019-02-25,252.0,-0.4829%,0.0016,0.6657,-0.4977,-0.0332,0.9337%,1.1930%,38.7447%,-0.007295,MRK,22752.0,2019-02-26,252.0,0.4479%,0.0016,0.6706,-0.5032,-0.0323,0.9322%,1.1928%,38.9294%,0.002149,MRK,22752.0,2019-02-27,252.0,-0.1486%,0.0016,0.6661,-0.4961,-0.033,0.9302%,1.1863%,38.5127%,-0.001272,MRK,22752.0,2019-02-28,252.0,0.8311%,0.0017,0.6545,-0.5037,-0.0435,0.9247%,1.1760%,38.1752%,0.0102919999999999,MRK,22752.0,2019-03-01,252.0,0.4429%,0.0017,0.6508,-0.5093,-0.0489,0.9239%,1.1741%,38.0737%,0.000913,MRK,22752.0,2019-03-04,252.0,-0.3429%,0.0017,0.652,-0.5098,-0.05,0.9242%,1.1724%,37.8588%,-0.001982,MRK,22752.0,2019-03-05,252.0,0.4055%,0.0016,0.649,-0.5317,-0.0527,0.9212%,1.1706%,38.0711%,0.0033729999999999,MRK,22752.0,2019-03-06,252.0,-1.1505%,0.0016,0.6602,-0.5064,-0.0366,0.9235%,1.1736%,38.0774%,-0.012821,MRK,22752.0,2019-03-07,252.0,-0.3839%,0.0016,0.661,-0.5034,-0.0346,0.9234%,1.1739%,38.1265%,0.001009,MRK,22752.0,2019-03-08,252.0,-0.8079%,0.0016,0.6625,-0.509,-0.032,0.9243%,1.1755%,38.1762%,-0.006522,MRK,22752.0,2019-03-11,252.0,1.3409%,0.0016,0.6644,-0.5086,-0.0328,0.9245%,1.1776%,38.3643%,0.0051129999999999,MRK,-0.005146,-0.006418,0.0038739999999999,0.0028049999999999,-0.007043
40619,MARINUS PHARMACEUTICALS INC,"Marinus Pharma Shares Spike Higher Amid Circulation Of ClinicalTrials.gov Notice Showing Recruitment Completed, Results First Posted Feb. 18, 2019 For Its Augmentation of Treatment-Resistant Depression With Analog of Neuroactive Steroid Allopregnanolone",6,increase,0.8,0.7,"the completion of recruitment for a clinical trial and the positive implications of a neuroactive steroid treatment for depression are likely to boost investor confidence and interest in marinus pharmaceuticals, leading to a potential increase in stock price.",2,2019-02-25,MRNS,2019-02-25 18:09:00+00:00,14815.0,56854Q20,-0.0327103585004806,2796215.0,-0.0434782207012176,0.1790633797645569,-0.0858586207032203,-0.0189188998192548,-0.0524861402809619,-0.0106951771304011,0.0174926947802305,-0.0209423881024122,0.0200572870671749,0.0494505017995834,0.0674157366156578,0.0581395477056503,0.0131578827276825,-0.0227272510528564,-0.0207792017608881,0.0,0.0318302735686302,0.0476190745830535,0.0128534575924277,-0.0372493155300617,-0.0482233650982379,-0.0791556611657142,-0.0159999839961528,0.0355190895497798,0.0271002445369958,-0.0239999778568744,0.0105540798977017,0.0053619253449141,0.0052219270728528,0.1234940066933632,0.0103896623477339,0.0440251156687736,0.005141383036971,0.0460526682436466,0.051150906831026,-0.0440251901745796,-0.0656934827566146,-0.0304877758026123,-0.0052083283662796,0.0512820817530155,0.0418848395347595,0.0097087286412715,-0.0301507841795682,0.0131147420033812,0.0207254309207201,-0.0527950525283813,0.060913648456335,-0.012269927188754,-0.0215310230851173,-0.0355029925704002,0.0293398238718509,0.0029674270190298,0.0570070706307888,0.021212100982666,-0.0202246475964784,-0.0651558116078376,0.0550458170473575,0.0056980000808835,-0.0239130724221468,-0.0112675949931144,0.0044544450938701,0.0471975952386856,0.0,-0.0173912867903709,-0.024390272796154,0.0615384764969348,-0.052272729575634,0.0450161136686801,-0.0023981363046914,0.0264026150107383,-0.0120191620662808,0.0557491593062877,-0.0316301956772804,-0.0496689043939113,-0.0402010269463062,0.0785714387893676,0.0523560345172882,-0.0209790021181106,0.0696517974138259,0.1000000014901161,0.0348836295306682,0.0833332538604736,0.0269663743674755,-0.205297976732254,0.0678336843848228,0.0237287897616624,0.0655737072229385,-0.0694006383419036,-0.0499999523162841,-0.0838150158524513,-0.1599190235137939,-0.0441988557577133,0.1156626492738724,-0.0242588017135858,0.0064794239588081,-0.1187648475170135,0.0193133372813463,-0.1745097786188126,-0.0021053112577646,-0.0267175324261188,-0.0316454917192459,0.0135395927354693,0.002178595168516,-0.0263653229922056,0.0021739627700299,0.1747787594795227,-0.0303688365966081,-0.0813008323311805,0.0313199870288372,0.0535331889986991,0.0390455164015293,0.0108225522562861,-0.0292275305837392,0.1000000238418579,-0.0322580859065055,0.0194174572825431,-0.0355555228888988,-0.030588261783123,-0.0184331610798835,-0.0229884851723909,-0.0434782207012176,0.1790633797645568,-0.1256038613444012,0.156756797802239,-0.1714975397390105,0.1443850789529486,-0.1400966023358314,0.1758242004338301,-0.0483091281443573,0.2263610902230095,0.0845410498035028,0.2056338893521536,0.0289855971689532,-0.0160918669273287,2019-02-26,2019-02-27,2019-02-28,2019-03-01,2019-03-04,2019-03-05,2019-03-06,2019-03-07,2019-03-08,2019-03-11,14815.0,2019-02-25,252.0,-3.2710%,-0.0005,1.6226,1.8757,-0.3726,4.8486%,5.3045%,16.4494%,-0.030996,MRNS,14815.0,2019-02-26,252.0,-4.3478%,-0.0007,1.622,1.9176,-0.3518,4.8516%,5.3085%,16.4708%,-0.030207,MRNS,14815.0,2019-02-27,252.0,-8.5859%,-0.001,1.6251,1.8854,-0.3515,4.8847%,5.3359%,16.1972%,-0.091484,MRNS,14815.0,2019-02-28,252.0,-5.2486%,-0.001,1.6064,1.871,-0.354,4.8825%,5.3236%,15.8839%,-0.048804,MRNS,14815.0,2019-03-01,252.0,1.7493%,-0.001,1.6149,1.8836,-0.3408,4.8817%,5.3243%,15.9335%,-0.001005,MRNS,14815.0,2019-03-04,252.0,2.0057%,-0.0007,1.5962,1.9113,-0.3281,4.8839%,5.3222%,15.7915%,0.037228,MRNS,14815.0,2019-03-05,252.0,6.7416%,0.0001,1.6152,2.1081,-0.3426,4.8267%,5.2980%,16.9994%,0.075177,MRNS,14815.0,2019-03-06,252.0,1.3158%,-0.0004,1.5042,2.0751,-0.4725,4.7218%,5.1834%,17.0188%,0.053335,MRNS,14815.0,2019-03-07,252.0,-2.0779%,0.0002,1.5461,2.2663,-0.3624,4.6171%,5.1120%,18.4256%,-0.008642,MRNS,14815.0,2019-03-08,252.0,3.1830%,0.0009,1.533,2.4072,-0.3907,4.5515%,5.0712%,19.4461%,0.033392,MRNS,14815.0,2019-03-11,252.0,1.2853%,0.0008,1.5224,2.3826,-0.3993,4.5523%,5.0700%,19.3774%,-0.020776,MRNS,-0.061203,-0.152687,-0.201491,-0.165268,-0.032782
40627,MATADOR RESOURCES CO,"Matador Resources Announces a New Natural Gas Processing Plant to be Built in the Delaware Basin, Matador to Own 51%",6,increase,0.8,0.7,"the announcement of a new natural gas processing plant indicates growth and expansion for matador resources, which is likely to positively impact investor sentiment and stock price.",2,2019-02-25,MTDR,2019-02-25 11:47:00+00:00,13244.0,57648520,0.0080213695764541,2277333.0,-0.0498674027621746,0.0354375019669532,0.0603015050292015,-0.0464625693857669,-0.0205370932817459,0.0128342118114233,-0.0306451451033353,-0.0315897837281227,-0.0022185754496604,0.0598243810236454,0.0183435194194316,0.0195858124643564,-0.0463974028825759,0.0130386315286159,-0.0165998302400112,0.013210772536695,-0.0279394369572401,0.0086905919015407,0.0281436704099178,-0.0159635506570339,0.059405967593193,-0.0564819388091564,0.0225398484617471,-0.0148384030908346,-0.0037634244654327,-0.0362614430487155,0.0086346380412578,-0.0040691723115742,0.0235419273376464,0.0082051204517483,-0.0036591582465916,-0.018126918002963,0.0309548880904912,0.0322245769202709,0.0178117249161005,0.0185283422470092,-0.0545000061392784,-0.0207362100481987,-0.0037017290014773,0.0304488055408,0.0355626381933689,0.01079907361418,0.0056381653994321,-0.0154172787442803,0.0035677722189575,-0.0557229220867157,-0.0182834230363369,0.0262751281261444,0.0139679489657282,-0.0051255961880087,-0.0071429233066737,0.0041173403151333,-0.0765673071146011,0.0253297910094261,0.0283806473016738,-0.0201654285192489,0.0573593825101852,-0.0222447179257869,0.0204708091914653,0.001012168941088,0.0005015159840695,0.0455026775598526,0.0165413487702608,0.0350492559373378,-0.0424063391983509,0.0722254514694213,0.0787847936153411,0.0690521225333213,-0.0062053012661635,-0.0087118474766612,0.0110470484942197,0.0347714088857173,-0.005700662266463,0.0025823088362813,-0.005255642812699,-0.0214782152324914,0.0513928793370723,-0.0037759861443191,-0.0041114734485745,0.125354140996933,-0.0275228675454855,-0.0433604568243026,-0.0221698675304651,-0.0562659911811351,-0.0487216711044311,-0.0309788770973682,0.0030426660086959,-0.0212250091135501,-0.0045500579290091,-0.0172825325280427,-0.0482478775084018,-0.0339666157960891,-0.01600849814713,-0.0646202936768531,0.0385032035410404,-0.0272394157946109,0.017232371494174,0.0005241209873929,-0.0236139167100191,-0.0309802237898111,0.0331229828298091,-0.0751526653766632,0.0142493993043899,-0.020699119195342,-0.0005017676157876,-0.06974758207798,-0.0296184811741113,-0.0406403839588165,0.0351784937083721,0.0684211179614067,0.0304847881197929,-0.0231362860649824,0.0087293107062578,0.0268368069082498,-0.0384615026414394,0.0360072478652,0.0005000114324502,-0.0351802669465541,0.0349824503064155,0.0197309665381908,-0.0498674027621746,0.0354375019669532,0.0074270228285704,-0.0126715848128114,-0.0132625999138115,-2.8048622313647793e-09,-0.0456233752280132,0.0263447551585613,-0.0891246865315985,0.0661345365357035,0.0578249426894403,-0.053643693948183,0.0986736744665994,-0.1614349102574931,2019-02-26,2019-02-27,2019-02-28,2019-03-01,2019-03-04,2019-03-05,2019-03-06,2019-03-07,2019-03-08,2019-03-11,13244.0,2019-02-25,252.0,0.8021%,-0.0014,1.914,1.1907,1.0785,2.3644%,3.0512%,39.9536%,0.010086,MTDR,13244.0,2019-02-26,252.0,-4.9867%,-0.0015,1.9161,1.2364,1.1032,2.3736%,3.0600%,39.8329%,-0.035726,MTDR,13244.0,2019-02-27,252.0,6.0302%,-0.0013,1.92,1.2469,1.104,2.4022%,3.0842%,39.3383%,0.0574519999999999,MTDR,13244.0,2019-02-28,252.0,-2.0537%,-0.0013,1.9267,1.2512,1.1115,2.4025%,3.0846%,39.3351%,-0.012175,MTDR,13244.0,2019-03-01,252.0,-3.0645%,-0.0015,1.9202,1.2414,1.121,2.4172%,3.0858%,38.6406%,-0.0437899999999999,MTDR,13244.0,2019-03-04,252.0,-0.2219%,-0.0015,1.9247,1.2176,1.1219,2.4167%,3.0858%,38.6635%,0.00827,MTDR,13244.0,2019-03-05,252.0,1.8344%,-0.0014,1.918,1.1841,1.1061,2.4233%,3.0823%,38.1916%,0.027993,MTDR,13244.0,2019-03-06,252.0,-4.6397%,-0.0016,1.91,1.2258,1.1028,2.4193%,3.0825%,38.4023%,-0.015899,MTDR,13244.0,2019-03-07,252.0,-1.6600%,-0.0013,1.9269,1.3192,1.1517,2.3678%,3.0594%,40.1005%,0.0034699999999999,MTDR,13244.0,2019-03-08,252.0,-2.7939%,-0.0012,1.9281,1.3465,1.1522,2.3663%,3.0617%,40.2668%,-0.022492,MTDR,13244.0,2019-03-11,252.0,2.8144%,-0.0012,1.9289,1.3474,1.1523,2.3663%,3.0674%,40.4866%,0.00047,MTDR,-0.02564,0.0318119999999999,0.0196369999999999,-0.015883,-0.022341
40635,MICRON TECHNOLOGY INC,DRAMeXchange Reports Global Q4 NAND Flash Market Saw 16.8% Decline,6,decrease,0.8,0.7,"the reported decline in the nand flash market suggests weaker demand and pricing pressures, which could negatively impact micron technology's revenue and stock price.",0,2019-02-25,MU,2019-02-25 09:30:00+00:00,53613.0,59511210,0.0042283372022211,25404331.0,0.0049122590571641,0.0250421613454818,-0.038175031542778,-0.0161099340766668,-0.010648563504219,0.0059580556116998,0.0171233061701059,-0.0007145175477489,-0.0125060230493545,-0.0056831128895282,-0.0260594170540571,0.0131957586854696,-0.0515129119157791,0.0316831357777118,-0.002636395394802,0.0471746921539306,0.0216759089380502,0.0,0.0098317526280879,-0.0203148610889911,0.0056367213837802,-0.0515414103865623,-0.0107005899772048,0.0546101480722427,-0.0108164297416806,-0.0025336276739835,0.0294194500893354,-0.0032827591057866,0.0017703513149172,0.0361066758632659,0.0191870313137769,-0.0005230244714766,-0.0059449560940265,0.0227334126830101,0.0961874052882194,-0.0181198120117187,-0.0538759417831897,-0.0225871987640857,-0.0257087871432304,0.0647717639803886,-0.0056719984859228,0.0686331316828727,-0.0270337350666523,0.0109242033213377,0.0028039922472089,-0.0528523325920105,0.0505846887826919,0.0554898828268051,0.0222598146647214,0.0089338663965463,0.0044970088638365,-0.0120623661205172,0.0344015769660472,-0.0196133982390165,-0.0230068806558847,-0.0372118912637233,0.0100256539881229,0.002784697106108,-0.0096952486783266,0.0132618863135576,-0.0275058336555957,0.0503852069377899,0.0107861198484897,-0.0076470095664262,0.0026085041463375,0.0397553257644176,-0.0063860090449452,0.0548387356102466,-0.0045227003283798,-0.0534351132810115,0.0224772505462169,0.0321462489664554,0.0091207483783364,0.0050680977292358,0.0057937423698604,-0.0112746823579073,0.0,0.0336678847670555,-0.0145161533728241,0.0644382834434509,0.0060789878480136,-0.0428759641945362,-0.0065070600248873,-0.0306905675679445,-0.0152047136798501,-0.0041387826204299,0.000237580446992,-0.0791556909680366,-0.0011873482726514,0.0067886519245803,-0.0038040855433791,-0.0093567157164216,0.0157517865300178,-0.0234151817858219,0.0180921163409948,-0.028032150119543,-0.0276944544166326,0.0232888311147689,-0.0443864874541759,0.0117816049605608,-0.0126676186919212,-0.0144435605034232,-0.0120754605159163,-0.0626492425799369,-0.0084034074097871,0.0214207451790571,-0.0400615707039833,-0.0786909237504005,0.0302299950271844,0.0381223373115062,-0.002596688689664,0.017145911231637,-0.0286383349448442,-0.0206664744764566,-0.0335030816495418,0.0462161898612976,-0.0399335101246833,0.0117582799866795,0.0294627528637647,0.0046702791005373,0.0049122590571641,0.0250421613454818,-0.0334502981300673,0.0085287997004019,-0.0437426640104133,0.0145376703750179,-0.0395321303662631,0.0080511530120315,-0.087017573356752,0.0810055489548366,0.0035088073834979,0.2011851402511595,-0.1663158018882867,0.1695054484634639,2019-02-26,2019-02-27,2019-02-28,2019-03-01,2019-03-04,2019-03-05,2019-03-06,2019-03-07,2019-03-08,2019-03-11,53613.0,2019-02-25,252.0,0.4228%,-0.0002,1.8281,0.7904,-0.1059,2.3437%,3.1019%,42.9108%,0.003264,MU,53613.0,2019-02-26,252.0,0.4912%,-0.0003,1.8096,0.7907,-0.1196,2.3391%,3.0851%,42.5151%,0.0124459999999999,MU,53613.0,2019-02-27,252.0,-3.8175%,-0.0005,1.8019,0.7922,-0.121,2.3515%,3.0883%,42.0221%,-0.0415489999999999,MU,53613.0,2019-02-28,252.0,-1.0649%,-0.0007,1.8229,0.8064,-0.1045,2.3400%,3.0880%,42.5789%,-0.005623,MU,53613.0,2019-03-01,252.0,1.7123%,-0.0008,1.8408,0.833,-0.0777,2.3329%,3.0897%,42.9916%,0.001151,MU,53613.0,2019-03-04,252.0,-1.2506%,-0.0007,1.8359,0.8482,-0.0761,2.3320%,3.0869%,42.9313%,0.000611,MU,53613.0,2019-03-05,252.0,-2.6059%,-0.0008,1.8372,0.8452,-0.0679,2.3347%,3.0848%,42.7224%,-0.020582,MU,53613.0,2019-03-06,252.0,-5.1513%,-0.0011,1.8236,0.9162,-0.0736,2.3226%,3.0783%,43.0705%,-0.025494,MU,53613.0,2019-03-07,252.0,-0.2636%,-0.0012,1.8121,0.8865,-0.0973,2.3203%,3.0710%,42.9117%,0.012626,MU,53613.0,2019-03-08,252.0,2.1676%,-0.001,1.8083,0.8902,-0.1035,2.3261%,3.0741%,42.7451%,0.024964,MU,53613.0,2019-03-11,252.0,0.9832%,-0.0012,1.7973,0.9012,-0.0916,2.3254%,3.0711%,42.6636%,-0.020945,MU,0.01571,-0.0258389999999999,-0.031462,-0.0296999999999999,-0.059131
40643,MICRON TECHNOLOGY INC,"Samsung Electronics, SK Hynix, Micron Technology Saw Combined DRAM and Flash Memory Revenues Fall 26% YoY in Q4 2018",6,decrease,0.8,0.7,"the significant drop in combined dram and flash memory revenues for micron technology and its competitors indicates a challenging market environment, likely leading to a decrease in investor confidence and stock price.",0,2019-02-25,MU,2019-02-25 09:29:00+00:00,53613.0,59511210,0.0042283372022211,25404331.0,0.0049122590571641,0.0250421613454818,-0.038175031542778,-0.0161099340766668,-0.010648563504219,0.0059580556116998,0.0171233061701059,-0.0007145175477489,-0.0125060230493545,-0.0056831128895282,-0.0260594170540571,0.0131957586854696,-0.0515129119157791,0.0316831357777118,-0.002636395394802,0.0471746921539306,0.0216759089380502,0.0,0.0098317526280879,-0.0203148610889911,0.0056367213837802,-0.0515414103865623,-0.0107005899772048,0.0546101480722427,-0.0108164297416806,-0.0025336276739835,0.0294194500893354,-0.0032827591057866,0.0017703513149172,0.0361066758632659,0.0191870313137769,-0.0005230244714766,-0.0059449560940265,0.0227334126830101,0.0961874052882194,-0.0181198120117187,-0.0538759417831897,-0.0225871987640857,-0.0257087871432304,0.0647717639803886,-0.0056719984859228,0.0686331316828727,-0.0270337350666523,0.0109242033213377,0.0028039922472089,-0.0528523325920105,0.0505846887826919,0.0554898828268051,0.0222598146647214,0.0089338663965463,0.0044970088638365,-0.0120623661205172,0.0344015769660472,-0.0196133982390165,-0.0230068806558847,-0.0372118912637233,0.0100256539881229,0.002784697106108,-0.0096952486783266,0.0132618863135576,-0.0275058336555957,0.0503852069377899,0.0107861198484897,-0.0076470095664262,0.0026085041463375,0.0397553257644176,-0.0063860090449452,0.0548387356102466,-0.0045227003283798,-0.0534351132810115,0.0224772505462169,0.0321462489664554,0.0091207483783364,0.0050680977292358,0.0057937423698604,-0.0112746823579073,0.0,0.0336678847670555,-0.0145161533728241,0.0644382834434509,0.0060789878480136,-0.0428759641945362,-0.0065070600248873,-0.0306905675679445,-0.0152047136798501,-0.0041387826204299,0.000237580446992,-0.0791556909680366,-0.0011873482726514,0.0067886519245803,-0.0038040855433791,-0.0093567157164216,0.0157517865300178,-0.0234151817858219,0.0180921163409948,-0.028032150119543,-0.0276944544166326,0.0232888311147689,-0.0443864874541759,0.0117816049605608,-0.0126676186919212,-0.0144435605034232,-0.0120754605159163,-0.0626492425799369,-0.0084034074097871,0.0214207451790571,-0.0400615707039833,-0.0786909237504005,0.0302299950271844,0.0381223373115062,-0.002596688689664,0.017145911231637,-0.0286383349448442,-0.0206664744764566,-0.0335030816495418,0.0462161898612976,-0.0399335101246833,0.0117582799866795,0.0294627528637647,0.0046702791005373,0.0049122590571641,0.0250421613454818,-0.0334502981300673,0.0085287997004019,-0.0437426640104133,0.0145376703750179,-0.0395321303662631,0.0080511530120315,-0.087017573356752,0.0810055489548366,0.0035088073834979,0.2011851402511595,-0.1663158018882867,0.1695054484634639,2019-02-26,2019-02-27,2019-02-28,2019-03-01,2019-03-04,2019-03-05,2019-03-06,2019-03-07,2019-03-08,2019-03-11,53613.0,2019-02-25,252.0,0.4228%,-0.0002,1.8281,0.7904,-0.1059,2.3437%,3.1019%,42.9108%,0.003264,MU,53613.0,2019-02-26,252.0,0.4912%,-0.0003,1.8096,0.7907,-0.1196,2.3391%,3.0851%,42.5151%,0.0124459999999999,MU,53613.0,2019-02-27,252.0,-3.8175%,-0.0005,1.8019,0.7922,-0.121,2.3515%,3.0883%,42.0221%,-0.0415489999999999,MU,53613.0,2019-02-28,252.0,-1.0649%,-0.0007,1.8229,0.8064,-0.1045,2.3400%,3.0880%,42.5789%,-0.005623,MU,53613.0,2019-03-01,252.0,1.7123%,-0.0008,1.8408,0.833,-0.0777,2.3329%,3.0897%,42.9916%,0.001151,MU,53613.0,2019-03-04,252.0,-1.2506%,-0.0007,1.8359,0.8482,-0.0761,2.3320%,3.0869%,42.9313%,0.000611,MU,53613.0,2019-03-05,252.0,-2.6059%,-0.0008,1.8372,0.8452,-0.0679,2.3347%,3.0848%,42.7224%,-0.020582,MU,53613.0,2019-03-06,252.0,-5.1513%,-0.0011,1.8236,0.9162,-0.0736,2.3226%,3.0783%,43.0705%,-0.025494,MU,53613.0,2019-03-07,252.0,-0.2636%,-0.0012,1.8121,0.8865,-0.0973,2.3203%,3.0710%,42.9117%,0.012626,MU,53613.0,2019-03-08,252.0,2.1676%,-0.001,1.8083,0.8902,-0.1035,2.3261%,3.0741%,42.7451%,0.024964,MU,53613.0,2019-03-11,252.0,0.9832%,-0.0012,1.7973,0.9012,-0.0916,2.3254%,3.0711%,42.6636%,-0.020945,MU,0.01571,-0.0258389999999999,-0.031462,-0.0296999999999999,-0.059131
40651,MICRON TECHNOLOGY INC,Micron Launches First 1TB microSD Card to Meet Consumer Demand for Mobile Storage at #MWC19,6,increase,0.7,0.6,"the launch of a new product, especially a high-capacity microsd card, is likely to attract consumer interest and boost sales, positively impacting micron's stock price.",2,2019-02-25,MU,2019-02-25 08:48:00+00:00,53613.0,59511210,0.0042283372022211,25404331.0,0.0049122590571641,0.0250421613454818,-0.038175031542778,-0.0161099340766668,-0.010648563504219,0.0059580556116998,0.0171233061701059,-0.0007145175477489,-0.0125060230493545,-0.0056831128895282,-0.0260594170540571,0.0131957586854696,-0.0515129119157791,0.0316831357777118,-0.002636395394802,0.0471746921539306,0.0216759089380502,0.0,0.0098317526280879,-0.0203148610889911,0.0056367213837802,-0.0515414103865623,-0.0107005899772048,0.0546101480722427,-0.0108164297416806,-0.0025336276739835,0.0294194500893354,-0.0032827591057866,0.0017703513149172,0.0361066758632659,0.0191870313137769,-0.0005230244714766,-0.0059449560940265,0.0227334126830101,0.0961874052882194,-0.0181198120117187,-0.0538759417831897,-0.0225871987640857,-0.0257087871432304,0.0647717639803886,-0.0056719984859228,0.0686331316828727,-0.0270337350666523,0.0109242033213377,0.0028039922472089,-0.0528523325920105,0.0505846887826919,0.0554898828268051,0.0222598146647214,0.0089338663965463,0.0044970088638365,-0.0120623661205172,0.0344015769660472,-0.0196133982390165,-0.0230068806558847,-0.0372118912637233,0.0100256539881229,0.002784697106108,-0.0096952486783266,0.0132618863135576,-0.0275058336555957,0.0503852069377899,0.0107861198484897,-0.0076470095664262,0.0026085041463375,0.0397553257644176,-0.0063860090449452,0.0548387356102466,-0.0045227003283798,-0.0534351132810115,0.0224772505462169,0.0321462489664554,0.0091207483783364,0.0050680977292358,0.0057937423698604,-0.0112746823579073,0.0,0.0336678847670555,-0.0145161533728241,0.0644382834434509,0.0060789878480136,-0.0428759641945362,-0.0065070600248873,-0.0306905675679445,-0.0152047136798501,-0.0041387826204299,0.000237580446992,-0.0791556909680366,-0.0011873482726514,0.0067886519245803,-0.0038040855433791,-0.0093567157164216,0.0157517865300178,-0.0234151817858219,0.0180921163409948,-0.028032150119543,-0.0276944544166326,0.0232888311147689,-0.0443864874541759,0.0117816049605608,-0.0126676186919212,-0.0144435605034232,-0.0120754605159163,-0.0626492425799369,-0.0084034074097871,0.0214207451790571,-0.0400615707039833,-0.0786909237504005,0.0302299950271844,0.0381223373115062,-0.002596688689664,0.017145911231637,-0.0286383349448442,-0.0206664744764566,-0.0335030816495418,0.0462161898612976,-0.0399335101246833,0.0117582799866795,0.0294627528637647,0.0046702791005373,0.0049122590571641,0.0250421613454818,-0.0334502981300673,0.0085287997004019,-0.0437426640104133,0.0145376703750179,-0.0395321303662631,0.0080511530120315,-0.087017573356752,0.0810055489548366,0.0035088073834979,0.2011851402511595,-0.1663158018882867,0.1695054484634639,2019-02-26,2019-02-27,2019-02-28,2019-03-01,2019-03-04,2019-03-05,2019-03-06,2019-03-07,2019-03-08,2019-03-11,53613.0,2019-02-25,252.0,0.4228%,-0.0002,1.8281,0.7904,-0.1059,2.3437%,3.1019%,42.9108%,0.003264,MU,53613.0,2019-02-26,252.0,0.4912%,-0.0003,1.8096,0.7907,-0.1196,2.3391%,3.0851%,42.5151%,0.0124459999999999,MU,53613.0,2019-02-27,252.0,-3.8175%,-0.0005,1.8019,0.7922,-0.121,2.3515%,3.0883%,42.0221%,-0.0415489999999999,MU,53613.0,2019-02-28,252.0,-1.0649%,-0.0007,1.8229,0.8064,-0.1045,2.3400%,3.0880%,42.5789%,-0.005623,MU,53613.0,2019-03-01,252.0,1.7123%,-0.0008,1.8408,0.833,-0.0777,2.3329%,3.0897%,42.9916%,0.001151,MU,53613.0,2019-03-04,252.0,-1.2506%,-0.0007,1.8359,0.8482,-0.0761,2.3320%,3.0869%,42.9313%,0.000611,MU,53613.0,2019-03-05,252.0,-2.6059%,-0.0008,1.8372,0.8452,-0.0679,2.3347%,3.0848%,42.7224%,-0.020582,MU,53613.0,2019-03-06,252.0,-5.1513%,-0.0011,1.8236,0.9162,-0.0736,2.3226%,3.0783%,43.0705%,-0.025494,MU,53613.0,2019-03-07,252.0,-0.2636%,-0.0012,1.8121,0.8865,-0.0973,2.3203%,3.0710%,42.9117%,0.012626,MU,53613.0,2019-03-08,252.0,2.1676%,-0.001,1.8083,0.8902,-0.1035,2.3261%,3.0741%,42.7451%,0.024964,MU,53613.0,2019-03-11,252.0,0.9832%,-0.0012,1.7973,0.9012,-0.0916,2.3254%,3.0711%,42.6636%,-0.020945,MU,0.01571,-0.0258389999999999,-0.031462,-0.0296999999999999,-0.059131
40659,NORTHERN DYNASTY MINERALS LTD,Northern Dynasty Late Friday Announced Dismissal Of US Class Action Lawsuit,6,increase,0.7,0.6,"the dismissal of a class action lawsuit typically reduces legal uncertainties and potential liabilities, which can positively impact investor sentiment and lead to an increase in stock price.",2,2019-02-25,NAK,2019-02-25 02:26:00+00:00,90443.0,66510M20,0.0122091555967927,1029059.0,0.0309278052300214,0.0336533188819885,-0.0199999809265136,-0.0728999972343444,-0.061224490404129,0.1313497126102448,-0.0211956705898046,-0.0695789530873298,-0.0147695746272802,-0.0207195114344358,-0.0393372513353824,0.0089443540200591,-0.0404787100851535,0.0015625109663233,-0.0694546476006507,-0.058269590139389,0.0019711044151335,0.0659834593534469,-0.0163934268057346,-0.0624509416520595,-0.0107999639585614,-0.0285714026540517,-0.0392236150801181,0.1797752529382706,-0.0739338397979736,0.0595238246023654,0.0030298952478915,0.0596694611012935,0.0270351748913526,0.0162820797413587,0.0,0.0129870008677244,0.0055881985463202,0.0231198072433471,-0.0159402769058942,0.004136140923947,-0.0334374159574508,0.0569735839962959,0.0193727016448974,0.0058156382292509,-0.0073906164616346,-0.0159129593521356,-0.0495365224778652,0.0074533047154545,-0.021422890946269,-0.0123611753806471,-0.0165005829185247,-0.0136986169964075,-0.0249169189482927,0.0549133643507957,0.0068143238313496,-0.0076008099131286,0.0944161713123321,0.0645802244544029,-0.0224179998040199,0.0092449653893709,-0.010754382237792,0.006201562937349,-0.0183852929621934,-0.0092166541144251,-0.0234527774155139,-0.0210526287555694,0.0040026367641985,-0.0211951788514852,-0.0114618148654699,0.0292380601167678,-0.0060494057834148,0.1112794652581215,-0.0532544068992137,0.0027008228935301,0.0448214150965213,0.0407590232789516,0.0095709720626473,-0.0184515379369258,-0.0428304858505725,0.0353508405387401,-0.0026530076283961,-0.0409246124327182,-0.0157829169183969,0.1339806020259857,-0.0131531879305839,-0.0283018611371517,-0.0089464643970131,-0.0701754763722419,-0.0068165399134159,-0.0254744887351989,-0.0176219008862972,0.0084483418613672,0.0177491512149572,-0.0032651955261826,-0.0289424248039722,-0.0399274416267871,-0.0298051685094833,0.0073126386851072,-0.0439148806035518,-0.0449206158518791,0.0092687979340553,-0.0156249850988388,-0.0406122915446758,-0.043205302208662,-0.0427568554878234,-0.0163235198706388,-0.0611110553145408,-0.0036630001850426,0.1573963910341263,-0.0265297200530767,-0.0617587007582187,-0.0208100955933332,0.0023975670337677,-0.0578946992754936,-0.00478360010311,0.0039629605598747,0.0288398172706365,0.0093333721160888,0.1600105613470078,0.0026737623848021,0.0103452038019895,-0.0217106379568576,-0.0610618703067302,0.04041363671422,0.0309278052300214,0.0336533188819885,0.0103092687888084,-0.0417000052057794,-0.0515464013433545,0.0841724237048404,-0.0853608532119901,-0.0121636930244355,-0.2268041485872466,-0.0604901852776288,-0.3670103085153223,0.4720429538587463,-0.4657732337546774,0.3039869324129989,2019-02-26,2019-02-27,2019-02-28,2019-03-01,2019-03-04,2019-03-05,2019-03-06,2019-03-07,2019-03-08,2019-03-11,90443.0,2019-02-25,252.0,1.2209%,0.0009,1.1574,0.4216,0.6225,5.0887%,5.2139%,4.7459%,0.012619,NAK,90443.0,2019-02-26,252.0,3.0928%,0.001,1.1427,0.3851,0.593,5.0933%,5.2145%,4.5947%,0.037432,NAK,90443.0,2019-02-27,252.0,-2.0000%,0.0009,1.1432,0.3777,0.593,5.0952%,5.2159%,4.5757%,-0.021149,NAK,90443.0,2019-02-28,252.0,-6.1224%,0.0008,1.1428,0.3755,0.6061,5.1060%,5.2253%,4.5157%,-0.056374,NAK,90443.0,2019-03-01,252.0,-2.1196%,0.0006,1.1517,0.3888,0.6333,5.1068%,5.2269%,4.5411%,-0.028178,NAK,90443.0,2019-03-04,252.0,-1.4770%,0.0006,1.1442,0.4233,0.6332,5.1058%,5.2247%,4.4966%,-0.009785,NAK,90443.0,2019-03-05,252.0,-3.9337%,0.0009,1.1721,0.6171,0.6661,5.0728%,5.2017%,4.8944%,-0.03465,NAK,90443.0,2019-03-06,252.0,-4.0479%,0.001,1.2056,0.6464,0.7079,5.0673%,5.2042%,5.1915%,-0.023214,NAK,90443.0,2019-03-07,252.0,-6.9455%,0.0006,1.2249,0.6272,0.7282,5.0768%,5.2170%,5.3012%,-0.05687,NAK,90443.0,2019-03-08,252.0,0.1971%,0.0008,1.2223,0.6589,0.7224,5.0737%,5.2144%,5.3251%,0.0055,NAK,90443.0,2019-03-11,252.0,-1.6393%,0.0007,1.205,0.6364,0.7184,5.0780%,5.2152%,5.1952%,-0.033312,NAK,0.050051,0.0289019999999999,-0.027472,-0.065435,-0.207981
40667,NORWEGIAN CRUISE LINE HLDGS LTD,Macquarie Upgrades Norwegian Cruise Line to Outperform,6,increase,0.8,0.6,upgrades from reputable financial institutions like macquarie typically signal positive sentiment and can lead to an increase in stock price.,2,2019-02-25,NCLH,2019-02-25 11:37:00+00:00,13760.0,G6672110,0.0106594432145357,3708777.0,-0.0066142105497419,-0.0030619953759014,-0.0116969859227538,0.03389198705554,0.011107075959444,0.005994748789817,-0.0046821236610412,0.0066000809893012,-0.012122344225645,0.0160950403660535,0.0155678074806928,-0.0066616344265639,-0.0059513403102755,0.013894272968173,-0.0083454120904207,-0.001156541518867,0.0064031919464468,0.0111089395359158,0.0081803454086184,-0.0007789114606566,-0.0019834225531667,-0.0241353195160627,-0.0048779882490634,0.015634000301361,0.0014523967402055,-0.0051843402907252,0.0070703299716115,0.0118515752255916,0.0109811089932918,0.0007777739665471,-0.0008902997942641,0.0114061329513788,-0.0042773424647748,0.0437191538512706,0.011276195757091,0.0072359372861683,-0.0155752403661608,0.0091800251975655,-0.008090628311038,0.0200042258948087,-0.0125067727640271,0.005779119208455,-0.0099119115620851,0.0025751662906259,0.0072303153574466,-0.0195665955543518,0.0115957520902156,0.0158152990043163,0.020924337208271,0.0205016899853944,0.006950621958822,-0.0039105000905692,0.0046017402783036,0.01075972430408,-0.0005285197403281,-0.0140722608193755,0.0070509701035916,0.0004331916570663,0.0028006273787468,0.0094008846208453,-0.024611622095108,0.0157673303037881,0.0110951848328113,0.0301990322768688,0.0173451248556375,0.0158029366284608,0.019485019147396,0.0569884479045867,0.0011945341248065,-0.0394054241478443,0.0151696475222706,-0.0002358650963287,-0.0288784615695476,0.0097665516659617,-0.0159059818834066,0.0101058268919587,-0.0056219203397631,-0.0090604973956942,0.0123675046488642,0.060429822653532,-0.0055846371687948,-0.0303996484726667,-0.0031590084545314,-0.0356973595917224,0.0082746697589755,-0.0635377243161201,-0.0033175942953675,-0.0342100113630294,-0.0120883397758007,-0.0078489379957318,0.0285511724650859,-0.0100797889754176,-0.0189654901623725,0.0074042407795786,0.0237258076667785,-0.008390974253416,0.000686710991431,0.0093160839751362,-0.0188712012022733,-0.0104755917564034,0.0026228628121316,0.0029417816549539,0.0043599582277238,-0.035859003663063,0.0053829029202461,0.0120976036414504,-0.0450777299702167,-0.0537446737289428,0.0182672869414091,0.0042868517339229,0.0076376609504222,-0.0046548037789762,0.0144544281065464,-0.0005814844043925,-0.0109470216557383,0.0123626589775085,-0.01809555105865,-0.0116369714960455,0.0157452337443828,0.0161608140915632,-0.0066142105497419,-0.0030619953759014,-0.0182338301448052,0.0307262145719944,-0.0073292787218112,0.0369051592994327,-0.0239542396623665,0.0605479966759647,-0.0085806141071828,0.0778967896889295,0.0241330405957116,0.2101004898063987,0.0148373580192884,0.0908552787689265,2019-02-26,2019-02-27,2019-02-28,2019-03-01,2019-03-04,2019-03-05,2019-03-06,2019-03-07,2019-03-08,2019-03-11,13760.0,2019-02-25,252.0,1.0659%,-0.0002,1.1432,0.2963,0.0497,1.3671%,1.8289%,44.1252%,0.009747,NCLH,13760.0,2019-02-26,252.0,-0.6614%,-0.0002,1.1471,0.2961,0.0525,1.3667%,1.8282%,44.1093%,-0.002825,NCLH,13760.0,2019-02-27,252.0,-1.1697%,-0.0002,1.1513,0.2847,0.0532,1.3677%,1.8296%,44.1226%,-0.013329,NCLH,13760.0,2019-02-28,252.0,1.1107%,-0.0001,1.1408,0.2779,0.0421,1.3680%,1.8218%,43.6135%,0.014652,NCLH,13760.0,2019-03-01,252.0,-0.4682%,-0.0003,1.1533,0.2966,0.0677,1.3612%,1.8207%,44.1052%,-0.013624,NCLH,13760.0,2019-03-04,252.0,-1.2122%,-0.0003,1.158,0.2855,0.0655,1.3604%,1.8222%,44.2641%,-0.005293,NCLH,13760.0,2019-03-05,252.0,1.5568%,-0.0002,1.1587,0.303,0.059,1.3614%,1.8245%,44.3204%,0.018489,NCLH,13760.0,2019-03-06,252.0,-0.5951%,-0.0,1.1697,0.2751,0.0676,1.3519%,1.8223%,44.9657%,0.007486,NCLH,13760.0,2019-03-07,252.0,-0.8345%,-0.0,1.1686,0.2729,0.0656,1.3519%,1.8225%,44.9752%,0.001572,NCLH,13760.0,2019-03-08,252.0,0.6403%,0.0,1.1666,0.2857,0.0617,1.3511%,1.8221%,45.0111%,0.008859,NCLH,13760.0,2019-03-11,252.0,0.8180%,0.0,1.1616,0.2778,0.0598,1.3524%,1.8227%,44.9501%,-0.01,NCLH,0.006922,-0.0064069999999999,0.008245,-0.010672,0.0157339999999999
40675,NAUTILUS INC,"Nautilus Q4 EPS $0.05 Beats $0.04 Estimate, Sales $115.385M Beat $114.71M Estimate",6,increase,0.75,0.6,"the earnings per share and sales figures both exceeded estimates, which typically signals positive performance and can lead to an increase in stock price.",2,2019-02-25,NLS,2019-02-25 21:55:00+00:00,86889.0,63910B10,0.0037641418166458,380243.0,-0.237500011920929,-0.0220858696848154,0.0639344081282615,0.0149439461529254,0.0061633959412574,-0.0074166152626276,0.0137824919074773,-0.0073618981987237,0.0045317537151277,0.0502576529979705,-0.0375939831137657,-0.0299999713897705,-0.0421874970197677,0.0243277922272682,-0.0195758379995822,0.0169270988553762,0.0016638521337881,0.0350403971970081,0.0265780482441186,0.0027026999741792,-0.0161812156438827,-0.0133333206176757,-0.0246710684150457,-0.0039840913377702,0.0084317354485392,-0.0118109816685318,0.0284281056374311,-0.0026177985128015,0.0113820638507604,0.0173102039843797,-0.0225080177187919,-0.0157273765653371,-0.0131578827276825,0.0079260161146521,-0.0366666316986084,-0.0156046664342284,-0.0328719802200794,0.0065445275977253,0.0232557486742734,0.0013105834368616,0.0139860846102237,0.0423497185111045,-0.0172414444386959,0.0670553967356681,-0.0052631110884249,-0.022792000323534,-0.0194003768265247,-0.404580146074295,0.0035971188917756,0.0172562394291162,0.0,0.0357462540268898,0.0161290597170591,0.0154264168813824,0.0282186679542064,-0.0116591183468699,0.0154374195262789,0.0045044356957077,-0.0168918762356042,-0.0176990982145071,-0.01890036650002,0.0098302606493234,0.0087566003203392,0.0,-0.0277778338640928,0.0072007132694125,0.0017857551574707,0.0146118588745594,0.0035650588106364,-0.0214477013796567,0.0017761548515409,0.0266055017709732,-0.0124112935736775,-0.0162455141544342,-0.0233393367379903,0.0423330031335353,-0.0128676788881421,0.0143130319193005,0.0316573716700077,0.0155038619413971,0.0306859351694583,0.0048684747889637,-0.0455341897904872,-0.0311320666223764,-0.0073394426144659,-0.0074906293302774,-0.016635799780488,-0.0246574897319078,0.0056390473619103,-0.0099458051845431,-0.0168223697692155,-0.0186335425823926,0.0266159437596797,-0.0242424011230468,-0.0148148005828261,-0.0211864411830902,-0.007518789730966,-0.0174854323267936,-0.1950757950544357,-0.004970958456397,-0.023529389873147,0.0033250176347792,0.0120481234043836,0.0016652375925332,-0.0261903963983058,-0.0283171068876981,-0.0220049265772104,-0.0403727069497108,-0.0224999785423278,-0.0023237592540681,-0.0767263919115066,-0.0285929348319768,-0.0332409664988517,-0.0089485375210642,-0.0114613072946667,-0.0066666780039668,-0.0608695745468139,-0.0109889833256602,-0.0216049179434776,0.0133629804477095,-0.2375000119209289,-0.0220858696848154,-0.188750026485287,-0.0074719735792003,-0.1837499716911812,-0.0148331720885385,-0.1687499861379254,0.0270617990237549,-0.2275000193045351,0.0770269851621663,-0.2724999775842459,-0.2946902887063715,-0.6037499934053978,-0.4083147941713695,2019-02-26,2019-02-27,2019-02-28,2019-03-01,2019-03-04,2019-03-05,2019-03-06,2019-03-07,2019-03-08,2019-03-11,86889.0,2019-02-25,252.0,0.3764%,-0.001,0.368,1.2,0.3421,3.3535%,3.4229%,4.0142%,0.006865,NLS,86889.0,2019-02-26,252.0,-23.7500%,-0.0019,0.4092,1.4758,0.5129,3.6427%,3.7330%,4.7762%,-0.228202,NLS,86889.0,2019-02-27,252.0,6.3934%,-0.0018,0.3972,1.5158,0.5111,3.6594%,3.7521%,4.8784%,0.061277,NLS,86889.0,2019-02-28,252.0,0.6163%,-0.0016,0.3826,1.5061,0.4981,3.6569%,3.7473%,4.7622%,0.008269,NLS,86889.0,2019-03-01,252.0,1.3782%,-0.0016,0.3931,1.5218,0.5097,3.6565%,3.7485%,4.8492%,0.008563,NLS,86889.0,2019-03-04,252.0,0.4532%,-0.0016,0.3914,1.5163,0.5126,3.6573%,3.7481%,4.7902%,0.010585,NLS,86889.0,2019-03-05,252.0,-3.7594%,-0.0018,0.3886,1.4753,0.5215,3.6556%,3.7407%,4.4966%,-0.031088,NLS,86889.0,2019-03-06,252.0,-4.2187%,-0.0019,0.393,1.5168,0.5321,3.6573%,3.7491%,4.8409%,-0.020633,NLS,86889.0,2019-03-07,252.0,-1.9576%,-0.0018,0.4068,1.5618,0.5632,3.6515%,3.7483%,5.0964%,-0.013625,NLS,86889.0,2019-03-08,252.0,0.1664%,-0.002,0.4095,1.5077,0.5703,3.6384%,3.7298%,4.8370%,0.002645,NLS,86889.0,2019-03-11,252.0,2.6578%,-0.0018,0.4209,1.4862,0.5522,3.6347%,3.7255%,4.8163%,0.017925,NLS,-0.2213369999999999,-0.1600599999999999,-0.1517909999999999,-0.1326429999999999,-0.1774189999999999
40683,NORTH AMERICAN CONSTRCTN GRP INC,"North American Energy Q4 EPS $0.08, Sales $98.251M",6,uncertain,0.5,0.5,"the reported eps of $0.08 and sales of $98.251m may not provide enough context to determine the impact on stock price, as market reactions depend on expectations and comparisons to previous performance.",1,2019-02-25,NOA,2019-02-25 22:03:00+00:00,91584.0,65681110,-0.0052724443376064,87199.0,0.091872788965702,-0.0052447086200118,0.0388349927961826,0.004389748442918,0.0280373562127351,0.0546296425163745,-0.0515151023864746,0.0159924812614917,-0.0111821359023451,0.0340467318892478,0.008077498525381,0.0068559935316443,-0.0192307513207197,-0.0068093091249465,-0.01307188346982,0.0128078935667872,0.0157285202294588,0.0252525266259908,0.0134609136730432,0.0020242412574589,-0.0072463890537619,-0.0323212444782257,0.0121654188260436,0.0179461929947137,0.0024039011914283,-0.0185910500586032,-0.0063948780298233,-0.036757718771696,0.0225261244922876,0.0162835326045751,-0.0149488262832164,0.0135921733453869,0.0071884342469275,0.0107949571684002,-0.0222045797854661,-0.0058536995202302,-0.0478507839143276,-0.0228789113461971,-0.0034071519039571,0.0294406488537788,-0.0034188001882284,-0.0009804145665839,0.0,-0.0009794543730095,-0.0171526428312063,-0.0358829200267791,0.0157068334519863,-0.0046992660500109,0.0171821136027574,0.0123691828921437,0.0481418669223785,0.0203883536159992,-0.0120869958773255,0.0117878075689077,-0.0097879189997911,-0.012609127908945,-0.0172981899231672,-0.002901328029111,0.0075440192595124,0.0097656622529029,-0.0016639315290376,0.0438327565789222,0.008333365432918,0.01342976372689,0.0008263863273896,0.057923574000597,0.0090834526345133,0.0132890241220593,-0.0049100178293883,-0.0098684383556246,0.0008223872282542,0.0247191321104764,0.0106820138171315,0.0336817614734172,0.0325202941894531,0.0286738090217113,0.0228346437215805,-0.0210526660084724,-0.0007698405534029,0.0542540773749351,0.029275819659233,0.0049566249363124,0.0149701172485947,-0.0110294306650757,-0.0302360467612743,-0.0072993207722902,0.0129277631640434,-0.0108303427696228,-0.0187687687575817,-0.0012018360430374,-0.0451415590941906,-0.0370371118187904,-0.0432692281901836,-0.0463576205074787,-0.0175879430025816,-0.0382165238261222,0.0,0.0632054656744003,0.0017050689784809,0.0207372512668371,0.0195744298398494,-0.0225225016474723,0.0041736387647688,-0.0144284255802631,-0.0224438495934009,-0.0098901260644197,-0.0127551509067416,-0.0589451603591442,0.0370370633900165,0.053376879543066,0.0074750958010554,-0.0181818250566721,0.0065952120348811,0.0135554131120443,-0.035217061638832,0.0198674779385328,-0.0195245798677206,-0.0119956005364656,0.0103895999491214,0.0222965218126773,0.091872788965702,-0.0052447086200118,0.134275660859533,-0.0008779831285919,0.1660777516064873,0.053703695483332,0.0936396147287592,0.1070039322387168,0.098512914698045,0.1518218622089238,0.0631341103503622,0.1113281643057246,0.0321775934090096,0.2707427503761483,2019-02-26,2019-02-27,2019-02-28,2019-03-01,2019-03-04,2019-03-05,2019-03-06,2019-03-07,2019-03-08,2019-03-11,91584.0,2019-02-25,252.0,-0.5272%,0.0035,0.9628,1.1698,0.4646,2.9438%,3.1442%,12.3419%,-0.002928,NOA,91584.0,2019-02-26,252.0,9.1873%,0.004,0.9506,1.0443,0.3918,3.0069%,3.1928%,11.3020%,0.102333,NOA,91584.0,2019-02-27,252.0,3.8835%,0.0041,0.9466,1.061,0.3912,3.0131%,3.1987%,11.2701%,0.036365,NOA,91584.0,2019-02-28,252.0,2.8037%,0.0041,0.9461,1.0616,0.3844,3.0175%,3.2021%,11.1999%,0.031638,NOA,91584.0,2019-03-01,252.0,-5.1515%,0.0038,0.9398,1.0522,0.4044,3.0433%,3.2213%,10.7428%,-0.059958,NOA,91584.0,2019-03-04,252.0,-1.1182%,0.004,0.9164,1.1369,0.4089,3.0257%,3.2055%,10.9035%,-0.003753,NOA,91584.0,2019-03-05,252.0,0.8077%,0.0042,0.922,1.187,0.4092,3.0195%,3.2043%,11.2035%,0.014051,NOA,91584.0,2019-03-06,252.0,-1.9231%,0.0041,0.9151,1.1952,0.4025,3.0183%,3.2053%,11.3316%,0.003216,NOA,91584.0,2019-03-07,252.0,-1.3072%,0.0042,0.925,1.2291,0.4253,3.0141%,3.2059%,11.6111%,-0.003493,NOA,91584.0,2019-03-08,252.0,1.5729%,0.0042,0.9237,1.2205,0.4236,3.0149%,3.2051%,11.5193%,0.017782,NOA,91584.0,2019-03-11,252.0,1.3461%,0.0043,0.9209,1.1986,0.4126,3.0124%,3.2020%,11.4922%,-0.002583,NOA,0.099405,0.13577,0.167408,0.103697,0.1326699999999999
40691,NOKIA CORP,"Nokia, Saudi Telecom Report Signing OF Deal For 5G Network Launch, Early Rollout Of Services",6,increase,0.8,0.7,"the signing of a deal for the launch of a 5g network with saudi telecom is likely to boost investor confidence in nokia's growth prospects, potentially leading to an increase in stock price.",2,2019-02-25,NOK,2019-02-25 13:39:00+00:00,87128.0,65490220,-0.0144230257719755,32257722.0,-0.0048780827783048,0.0146340932697057,0.0,0.0081967525184154,-0.0049019171856343,-0.0113452468067407,0.0032840690109878,-0.0237341914325952,-0.0049100178293883,0.0031745999585837,0.0131578827276825,-0.0031645537819713,-0.0097402511164546,0.0128205772489309,-0.0114753600209951,0.0048308749683201,0.0066334926523268,0.0081169139593839,0.0115320747718215,0.0335570164024829,0.0097719775512814,-0.0148760573938489,-0.0096774101257324,0.0016556670889258,0.0130293034017086,-0.0033003268763422,0.0273312032222747,-0.0114192776381969,-0.0093896621838212,-0.0346456356346607,0.0031595546752214,-0.0334855802357196,-0.009448810480535,0.0030534320976585,-0.004769432824105,0.0092450575903058,-0.0607028901576995,-0.0166666880249977,-0.0017007191199809,0.071428582072258,-0.0085178390145301,0.018181761726737,0.0,0.0134004028514027,-0.0223367884755134,-0.0229133125394582,0.0052723605185747,0.0217391494661569,0.0087412921711802,0.0050420523621141,0.0069324024952948,-0.0165289882570505,0.0154905598610639,0.0049834237433969,0.0,-0.00986841134727,0.0033898272085934,-0.0097719775512814,0.0067567504011094,-0.0112721696496009,-0.0167785082012414,0.0097560882568359,-0.0017065237043425,0.0215947031974792,0.0034188001882284,0.0151770915836095,0.0119250724092125,0.0646318942308425,-0.0505050830543041,-0.0296166557818651,0.007092191837728,-0.013745772652328,0.0246479492634534,0.0017212098464369,-0.0017182523151859,0.031971551477909,0.0,0.0125899594277143,-0.001721127773635,0.0127504868432879,-0.0017241773894056,0.0,-0.0846286341547966,-0.0468750782310962,0.0113207437098026,-0.0017330592963844,-0.0074626794084906,-0.0017301433254033,-0.007518789730966,-0.0153321428224444,-0.0113637149333953,-0.0117845404893159,-0.0057470756582915,-0.0149253979325294,-0.001926826313138,-0.0016555880429223,-0.0077220005914568,0.0342465415596962,-0.0194552354514598,0.0281690713018178,-0.0119047509506344,0.0271247047930955,-0.0060241385363042,-0.01601417735219,-0.0040404004976153,0.0407407023012638,-0.0223123040050268,-0.035714253783226,-0.0103734834119677,0.0237660184502601,0.0,-0.0090580051764845,0.0398322977125644,0.0072992630302906,-0.0040322542190551,0.0018281955271959,0.0283400528132915,-0.0054545835591852,0.0039370041340589,0.0018215354066342,-0.0048780827783048,0.0146340932697057,-0.0048780827783048,0.0229507978289844,-0.0097560880061352,0.0113451685564622,-0.0113821414468341,-0.0095238763308718,-0.001626053229579,0.0469798214461802,-0.030894316277553,0.0048308776528205,-0.170731738919189,0.1366120335671377,2019-02-26,2019-02-27,2019-02-28,2019-03-01,2019-03-04,2019-03-05,2019-03-06,2019-03-07,2019-03-08,2019-03-11,87128.0,2019-02-25,252.0,-1.4423%,0.0003,0.7802,0.0877,-0.1708,1.5258%,1.7609%,24.9145%,-0.015804,NOK,87128.0,2019-02-26,252.0,-0.4878%,0.0003,0.7789,0.0945,-0.1683,1.5259%,1.7586%,24.7149%,-0.0037319999999999,NOK,87128.0,2019-02-27,252.0,0.0000%,0.0002,0.7728,0.105,-0.1693,1.5234%,1.7531%,24.4899%,-0.001183,NOK,87128.0,2019-02-28,252.0,-0.4902%,0.0002,0.7732,0.1052,-0.1683,1.5236%,1.7522%,24.3958%,-0.003051,NOK,87128.0,2019-03-01,252.0,0.3284%,0.0002,0.7702,0.1007,-0.1713,1.5235%,1.7505%,24.2540%,-0.003351,NOK,87128.0,2019-03-04,252.0,-0.4910%,0.0002,0.7706,0.0993,-0.1714,1.5235%,1.7503%,24.2307%,7.6e-05,NOK,87128.0,2019-03-05,252.0,1.3158%,0.0003,0.7697,0.1008,-0.1773,1.5256%,1.7520%,24.1755%,0.014274,NOK,87128.0,2019-03-06,252.0,-0.9740%,0.0002,0.7673,0.1083,-0.179,1.5252%,1.7512%,24.1475%,-0.002025,NOK,87128.0,2019-03-07,252.0,-1.1475%,0.0002,0.7722,0.1206,-0.169,1.5247%,1.7525%,24.3106%,-0.005788,NOK,87128.0,2019-03-08,252.0,0.6633%,0.0002,0.7717,0.1119,-0.1693,1.5246%,1.7518%,24.2585%,0.007895,NOK,87128.0,2019-03-11,252.0,1.1532%,0.0003,0.771,0.1066,-0.172,1.5243%,1.7531%,24.4026%,-0.001339,NOK,-0.0195359999999999,-0.0207189999999999,-0.02377,-0.027045,-0.0140279999999999
40699,SERVICENOW INC,"UPDATE: Goldman Sachs Raises ServiceNow Price Target As Firm Believes 'a rich product roadmap, and ongoing momentum for ITSM, ITOM, HR, and CSM, will all help to sustain above 30% topline growth through FY20E - 2% above what the Street expects'",6,increase,0.8,0.7,"the upgrade from goldman sachs, highlighting a strong product roadmap and sustained growth expectations, is likely to positively influence investor sentiment and drive the stock price higher.",2,2019-02-25,NOW,2019-02-25 17:00:00+00:00,13447.0,81762P10,0.0085106380283832,1612071.0,-0.0033333050087094,0.0216947328299284,0.0173573978245258,0.0022221982944756,-0.0036203034687787,-0.0216557327657938,0.0170397665351629,-0.0013197562657296,-0.0268971864134073,0.003674745094031,-0.0040933503769338,0.0088804485276341,-0.0122457602992653,-0.0114212343469262,0.001115329680033,0.0246277432888746,0.0024853316135704,0.0019688350148499,0.0252618249505758,0.0070496597327291,-0.0047944379039108,0.0062068151310086,0.0070377974770963,-0.0122181233018636,0.0049918754957616,0.0142578249797225,0.0012417859397828,0.0163875445723533,-0.0037620556540787,0.0067720669321715,0.004066773224622,0.1341237276792526,0.0108695216476917,0.0496699064970016,0.0260027013719081,-0.0166010167449712,-0.0388124734163284,-0.0164329037070274,0.0020313842687755,0.0289714857935905,0.0136533016338944,0.0094585241749882,-0.0148163465783,-0.0093698995187878,0.0081203412264585,-0.0230943206697702,0.0129864942282438,0.0190853886306285,-0.0030833289492875,-0.0161400791257619,0.0044358102604746,0.0065834359265863,0.0012964592315256,-0.0002653280098456,-0.0409079901874065,-0.0171631723642349,-0.00021095664124,0.0088947499170899,0.0009705924312584,-0.002467586658895,0.0065342430025339,0.0125458538532257,0.0205227397382259,0.007714161183685,0.008659609593451,0.041510920971632,-0.0059812068939208,0.0597800426185131,-0.0020876370836049,-0.0515927076339721,-0.0163255091756582,0.0015164519427344,-0.0149284927174449,-0.0126434797421097,0.0049527925439178,0.0119528891518712,0.0220724754035472,0.0512654297053813,0.003750427160412,0.0666372776031494,-0.0034900680184364,-0.0190123561769723,0.0741244554519653,-0.0466101579368114,0.0245118103921413,-0.023672692477703,0.0172608066350221,0.0027077603153884,-0.000662492820993,0.0122470762580633,-0.0040883054025471,-0.0577535703778266,-0.028587207198143,-0.0327929742634296,0.0222711972892284,0.0027179413009434,0.0045807054266333,0.0230073127895593,-0.0183132626116275,-0.0080043040215969,0.004418313037604,0.0138172442093491,0.0169560834765434,-0.0278251655399799,0.0163037590682506,0.0373237468302249,-0.0537650026381015,-0.0384921617805957,0.0459403842687606,0.0152209857478737,0.0069466829299926,0.0344500169157981,0.0146006718277931,0.0069152247160673,-0.0178802758455276,0.0731868520379066,-0.0289754346013069,-0.0090875830501317,0.0231251139193773,0.0412749126553535,-0.0033333050087094,0.0216947328299283,0.0139662353147096,0.0239651411226977,0.0102953698357752,0.0017904256650562,-0.0001265761948767,0.0041447724747851,0.012067514629847,0.0354247138156758,0.0008861057869582,0.2337900825915879,0.1443459546061423,0.462989420599863,2019-02-26,2019-02-27,2019-02-28,2019-03-01,2019-03-04,2019-03-05,2019-03-06,2019-03-07,2019-03-08,2019-03-11,13447.0,2019-02-25,252.0,0.8511%,0.0009,1.2267,0.2453,-1.706,1.5997%,2.5658%,61.1272%,0.004162,NOW,13447.0,2019-02-26,252.0,-0.3333%,0.0008,1.2241,0.2567,-1.7022,1.5997%,2.5608%,60.9758%,-0.00553,NOW,13447.0,2019-02-27,252.0,1.7357%,0.0009,1.2304,0.2493,-1.7011,1.5994%,2.5626%,61.0441%,0.013625,NOW,13447.0,2019-02-28,252.0,-0.3620%,0.0008,1.249,0.262,-1.6864,1.5863%,2.5610%,61.6349%,-0.004209,NOW,13447.0,2019-03-01,252.0,1.7040%,0.0008,1.2457,0.257,-1.6914,1.5859%,2.5608%,61.6451%,0.000452,NOW,13447.0,2019-03-04,252.0,-2.6897%,0.0007,1.2483,0.2604,-1.6949,1.5882%,2.5663%,61.7014%,-0.012885,NOW,13447.0,2019-03-05,252.0,-0.4093%,0.0006,1.244,0.2225,-1.6958,1.5814%,2.5524%,61.6094%,-0.005322,NOW,13447.0,2019-03-06,252.0,-1.2246%,0.0006,1.2432,0.2208,-1.6969,1.5815%,2.5534%,61.6390%,0.001596,NOW,13447.0,2019-03-07,252.0,0.1115%,0.0006,1.2379,0.205,-1.7084,1.5800%,2.5516%,61.6581%,0.005774,NOW,13447.0,2019-03-08,252.0,0.2485%,0.0006,1.2378,0.2036,-1.7085,1.5800%,2.5508%,61.6338%,0.002112,NOW,13447.0,2019-03-11,252.0,2.5262%,0.0006,1.2364,0.192,-1.7144,1.5787%,2.5552%,61.8285%,-0.002889,NOW,-0.001368,0.012257,0.008048,-0.004385,-0.003114
40707,SERVICENOW INC,"Goldman Sachs Earlier Maintained Buy on ServiceNow, Raised Price Target to $275",6,increase,0.8,0.6,goldman sachs maintaining a 'buy' rating and raising the price target typically signals positive sentiment and potential for stock price appreciation.,2,2019-02-25,NOW,2019-02-25 16:56:00+00:00,13447.0,81762P10,0.0085106380283832,1612071.0,-0.0033333050087094,0.0216947328299284,0.0173573978245258,0.0022221982944756,-0.0036203034687787,-0.0216557327657938,0.0170397665351629,-0.0013197562657296,-0.0268971864134073,0.003674745094031,-0.0040933503769338,0.0088804485276341,-0.0122457602992653,-0.0114212343469262,0.001115329680033,0.0246277432888746,0.0024853316135704,0.0019688350148499,0.0252618249505758,0.0070496597327291,-0.0047944379039108,0.0062068151310086,0.0070377974770963,-0.0122181233018636,0.0049918754957616,0.0142578249797225,0.0012417859397828,0.0163875445723533,-0.0037620556540787,0.0067720669321715,0.004066773224622,0.1341237276792526,0.0108695216476917,0.0496699064970016,0.0260027013719081,-0.0166010167449712,-0.0388124734163284,-0.0164329037070274,0.0020313842687755,0.0289714857935905,0.0136533016338944,0.0094585241749882,-0.0148163465783,-0.0093698995187878,0.0081203412264585,-0.0230943206697702,0.0129864942282438,0.0190853886306285,-0.0030833289492875,-0.0161400791257619,0.0044358102604746,0.0065834359265863,0.0012964592315256,-0.0002653280098456,-0.0409079901874065,-0.0171631723642349,-0.00021095664124,0.0088947499170899,0.0009705924312584,-0.002467586658895,0.0065342430025339,0.0125458538532257,0.0205227397382259,0.007714161183685,0.008659609593451,0.041510920971632,-0.0059812068939208,0.0597800426185131,-0.0020876370836049,-0.0515927076339721,-0.0163255091756582,0.0015164519427344,-0.0149284927174449,-0.0126434797421097,0.0049527925439178,0.0119528891518712,0.0220724754035472,0.0512654297053813,0.003750427160412,0.0666372776031494,-0.0034900680184364,-0.0190123561769723,0.0741244554519653,-0.0466101579368114,0.0245118103921413,-0.023672692477703,0.0172608066350221,0.0027077603153884,-0.000662492820993,0.0122470762580633,-0.0040883054025471,-0.0577535703778266,-0.028587207198143,-0.0327929742634296,0.0222711972892284,0.0027179413009434,0.0045807054266333,0.0230073127895593,-0.0183132626116275,-0.0080043040215969,0.004418313037604,0.0138172442093491,0.0169560834765434,-0.0278251655399799,0.0163037590682506,0.0373237468302249,-0.0537650026381015,-0.0384921617805957,0.0459403842687606,0.0152209857478737,0.0069466829299926,0.0344500169157981,0.0146006718277931,0.0069152247160673,-0.0178802758455276,0.0731868520379066,-0.0289754346013069,-0.0090875830501317,0.0231251139193773,0.0412749126553535,-0.0033333050087094,0.0216947328299283,0.0139662353147096,0.0239651411226977,0.0102953698357752,0.0017904256650562,-0.0001265761948767,0.0041447724747851,0.012067514629847,0.0354247138156758,0.0008861057869582,0.2337900825915879,0.1443459546061423,0.462989420599863,2019-02-26,2019-02-27,2019-02-28,2019-03-01,2019-03-04,2019-03-05,2019-03-06,2019-03-07,2019-03-08,2019-03-11,13447.0,2019-02-25,252.0,0.8511%,0.0009,1.2267,0.2453,-1.706,1.5997%,2.5658%,61.1272%,0.004162,NOW,13447.0,2019-02-26,252.0,-0.3333%,0.0008,1.2241,0.2567,-1.7022,1.5997%,2.5608%,60.9758%,-0.00553,NOW,13447.0,2019-02-27,252.0,1.7357%,0.0009,1.2304,0.2493,-1.7011,1.5994%,2.5626%,61.0441%,0.013625,NOW,13447.0,2019-02-28,252.0,-0.3620%,0.0008,1.249,0.262,-1.6864,1.5863%,2.5610%,61.6349%,-0.004209,NOW,13447.0,2019-03-01,252.0,1.7040%,0.0008,1.2457,0.257,-1.6914,1.5859%,2.5608%,61.6451%,0.000452,NOW,13447.0,2019-03-04,252.0,-2.6897%,0.0007,1.2483,0.2604,-1.6949,1.5882%,2.5663%,61.7014%,-0.012885,NOW,13447.0,2019-03-05,252.0,-0.4093%,0.0006,1.244,0.2225,-1.6958,1.5814%,2.5524%,61.6094%,-0.005322,NOW,13447.0,2019-03-06,252.0,-1.2246%,0.0006,1.2432,0.2208,-1.6969,1.5815%,2.5534%,61.6390%,0.001596,NOW,13447.0,2019-03-07,252.0,0.1115%,0.0006,1.2379,0.205,-1.7084,1.5800%,2.5516%,61.6581%,0.005774,NOW,13447.0,2019-03-08,252.0,0.2485%,0.0006,1.2378,0.2036,-1.7085,1.5800%,2.5508%,61.6338%,0.002112,NOW,13447.0,2019-03-11,252.0,2.5262%,0.0006,1.2364,0.192,-1.7144,1.5787%,2.5552%,61.8285%,-0.002889,NOW,-0.001368,0.012257,0.008048,-0.004385,-0.003114
40715,NOVARTIS A G,"Akcea Announces Novartis Exercised Option to License AKCEA-APO(a)-LRx; Axcea, Ionis to Equally Split $150M License Fee",6,increase,0.7,0.6,"the licensing agreement indicates a strategic move by novartis that could enhance its pipeline and revenue potential, likely leading to a positive market reaction.",2,2019-02-25,NVS,2019-02-25 08:57:00+00:00,88233.0,66987V10,0.0035250021610409,1666318.0,0.0042810030281543,0.0029830585699528,-0.002185998018831,-0.0025346674956381,-0.0006572193815372,0.0085583711043,0.0018634019652381,0.0010013793362304,0.0075944038107991,0.0096607580780982,0.0060497522354125,0.0021388586610555,0.0001112973986892,-0.0002250607067253,-0.0042311241850256,0.0082841096445918,0.002795482520014,-0.0082160467281937,0.0043487888760864,0.0060008917935192,0.0,-0.0076404530555009,0.0173198357224464,0.0005621478776447,0.0042562414892017,0.0064494195394217,0.0138013940304517,0.0082134790718555,-0.0012863408774137,0.0015997146256268,-0.001931955688633,0.0215944722294807,0.0052694431506097,-0.0106247626245021,0.0019255487713962,0.0109748374670743,-0.0025625184644013,-0.0034903483465313,-0.0011774846352636,-0.0052083861082792,0.0183260012418031,-0.0198525246232748,0.000947210821323,-0.0019247981254011,0.0054673184640705,-0.0075289155356585,0.0053330771625041,0.0040618372149765,-0.0044726473279297,0.0077316695824265,-0.0086720492690801,0.0009103698539547,0.0008431896567344,0.012094022706151,-0.0077927322126924,-0.0108237098902463,-0.0024411308113485,-0.0038588577881455,0.0100010903552174,0.0132244890555739,0.0009270255686715,0.0027675030287355,-0.0177437160164117,0.0216777101159095,-0.0007323026657104,-0.0117592522874474,-0.0199096724390983,0.0135709410533309,0.0089730964973568,0.0080894641578197,-0.0200099162757396,-0.0203938949853181,-0.0257120411843061,0.0064508025534451,-0.0115135749801993,0.0141548998653888,-0.0132181923836469,-0.0082576023414731,0.0066312993876636,0.0276397000998258,0.0252964179962873,-0.0103179439902305,0.0357234477996826,-0.0104476418346166,0.0085608242079615,-0.0026050158776342,-0.0019683067221194,-0.0110083436593413,0.0135585619136691,-0.0043143974617123,-0.0038915199693292,-0.0186519883573055,0.0002441294345771,-0.0114253628998994,0.0082997716963291,0.0030637045856565,0.0019367635250091,0.0104333413764834,-0.0205388069152832,0.0036823900882154,0.0098680527880787,-0.0020670681260526,-0.0108708851039409,-0.0221224166452884,0.0111137796193361,-0.0189489219337701,-0.0167317427694797,-0.0080866077914834,0.0027325949631631,-0.0002184709155699,0.0101573104038834,0.0052717817015945,0.01103609893471,0.0140327671542763,0.0030321408994495,0.010124891065061,-0.0083433473482728,-0.0012359619140625,0.0046335477381944,0.0110189849510788,0.0042810030281543,0.0029830585699528,0.0020856467451852,0.0004408300127198,0.001427056636184,0.0090029739038626,0.0109125308585913,0.0197708634421251,0.0200861432869881,0.0278532514493741,0.0751279936041604,0.0439282393635278,0.0629649490122452,0.0312393510350028,2019-02-26,2019-02-27,2019-02-28,2019-03-01,2019-03-04,2019-03-05,2019-03-06,2019-03-07,2019-03-08,2019-03-11,88233.0,2019-02-25,252.0,0.3525%,0.0003,0.5873,-0.0878,0.0516,0.8719%,1.0634%,32.7693%,0.002409,NVS,88233.0,2019-02-26,252.0,0.4281%,0.0004,0.5913,-0.0978,0.0496,0.8708%,1.0636%,32.9717%,0.004729,NVS,88233.0,2019-02-27,252.0,-0.2186%,0.0003,0.591,-0.098,0.0495,0.8710%,1.0626%,32.8174%,-0.0025729999999999,NVS,88233.0,2019-02-28,252.0,-0.0657%,0.0004,0.5852,-0.102,0.0451,0.8685%,1.0568%,32.4635%,0.001218,NVS,88233.0,2019-03-01,252.0,0.1863%,0.0004,0.5795,-0.1104,0.0374,0.8670%,1.0528%,32.1830%,-0.001964,NVS,88233.0,2019-03-04,252.0,0.7594%,0.0005,0.5765,-0.1091,0.0401,0.8687%,1.0510%,31.6827%,0.00993,NVS,88233.0,2019-03-05,252.0,0.6050%,0.0005,0.5744,-0.1215,0.0363,0.8690%,1.0505%,31.5709%,0.0066979999999999,NVS,88233.0,2019-03-06,252.0,0.0111%,0.0005,0.5691,-0.1238,0.03,0.8678%,1.0466%,31.2514%,0.003301,NVS,88233.0,2019-03-07,252.0,-0.4231%,0.0004,0.5689,-0.1247,0.0295,0.8678%,1.0470%,31.3011%,0.000358,NVS,88233.0,2019-03-08,252.0,0.2795%,0.0004,0.5687,-0.1291,0.0294,0.8677%,1.0469%,31.2996%,0.00407,NVS,88233.0,2019-03-11,252.0,0.4349%,0.0004,0.5665,-0.1278,0.0313,0.8678%,1.0465%,31.2298%,-0.003597,NVS,0.007138,0.004565,0.005783,0.013749,0.024579
40723,NEWELL BRANDS INC,S&P Affirms BBB- Rating On Newell Brands; Cuts Outlook From Stable To Negative,6,decrease,0.8,0.7,"the downgrade of the outlook from stable to negative typically signals increased risk, which can lead to a decrease in stock price as investors may reassess the company's financial stability.",0,2019-02-25,NWL,2019-02-25 19:44:00+00:00,60986.0,65122910,0.0041031474247574,10282810.0,-0.0005836731870658,-0.0133025702089071,-0.0233645476400852,0.0081633413210511,-0.0157671459019184,0.00823041703552,-0.00369682488963,-0.0087412362918257,-0.0037105421070009,-0.2088520377874374,-0.0068280948325991,0.0018476173281669,-0.0193750262260437,0.0041744043119251,-0.0121095972135663,0.0093632424250245,-0.0038709947839379,0.037396814674139,0.0110103683546185,-0.0062740910798311,-0.001281198230572,-0.0285982470959425,-0.0076972343958914,-0.0018718256615102,-0.0012928544310852,-0.0174712259322404,0.0071197808720171,0.0220864340662956,0.0269922316074371,0.0033004058059304,-0.0068835830315947,0.0138622848317027,-0.0075614294037222,-0.0099384328350424,0.0031746153254061,-0.0149184893816709,-0.0506329238414764,0.0060976110398769,0.004666646476835,0.0162059180438518,0.0132714509963989,0.032988678663969,0.0039292378351092,-0.0087847877293825,0.0071754506789147,-0.0284495204687118,-0.0064766472205519,0.0173661652952432,0.0065188673324882,0.0087591391056776,-0.0064766472205519,-0.0115440916270017,-0.0013038107426837,0.0241380147635936,0.0163185372948646,-0.0049019795842468,0.0179833453148603,-0.0072992518544197,-0.0056782430037856,0.041561059653759,-0.0298223514109849,0.0015227806288748,0.0124263949692249,0.0102564496919512,-0.0077519309706985,0.0177453104406595,0.0019531697034835,0.0487137027084827,-0.0136452261358499,-0.0209002885967493,0.0,0.0037654489278793,-0.0013175532221794,0.0114255165681242,-0.0006596457096748,-0.0010869813850149,-0.0488448701798915,-0.0269698686897754,-0.0166550856083631,0.0534818395972251,0.0042342599481344,-0.0482502542436122,-0.0421644039452076,-0.0584123842418193,0.0506235919892787,-0.0181372035294771,0.0069832671433687,-0.0471742302179336,-0.0027739224024116,-0.0041860537603497,-0.0020862123928964,-0.0262681134045124,0.0209058690816164,-0.030728742480278,0.1351535618305206,-0.0331069082021713,-0.0390859693288803,0.0064075021073222,-0.0012515335110947,0.0240594577044248,-0.0269423741847276,0.0079365214332938,-0.0109465597197413,-0.0126251205801963,-0.0026041641831398,-0.0242141708731651,-0.0078328913077712,-0.0260653346776962,0.0052631529979407,0.0329060032963752,0.022905783727765,-0.0168067067861557,-0.0057581672444939,0.0190839413553476,-0.0051480000838637,0.0072618573904037,-0.0090556498616933,-0.0046768966130912,0.0130548803135752,0.0818767547607421,-0.0005836731870658,-0.0133025702089071,-0.0239345835671656,-0.0052478223089185,-0.0393243493978788,0.0029394029604707,-0.0464272487031265,-0.2134624741729043,-0.0760229815916927,-0.1766409316597875,-0.0671442458971507,-0.1353269289401836,-0.081350157006412,-0.20768790428202,2019-02-26,2019-02-27,2019-02-28,2019-03-01,2019-03-04,2019-03-05,2019-03-06,2019-03-07,2019-03-08,2019-03-11,60986.0,2019-02-25,252.0,0.4103%,-0.0013,1.1814,0.5347,0.5693,2.6493%,2.8989%,16.4780%,0.004658,NWL,60986.0,2019-02-26,252.0,-0.0584%,-0.0012,1.1863,0.5192,0.5651,2.6489%,2.8988%,16.4972%,0.006508,NWL,60986.0,2019-02-27,252.0,-2.3365%,-0.0014,1.1728,0.5362,0.5628,2.6466%,2.8914%,16.2157%,-0.024841,NWL,60986.0,2019-02-28,252.0,-1.5767%,-0.0014,1.1716,0.535,0.5642,2.6471%,2.8897%,16.0913%,-0.0109319999999999,NWL,60986.0,2019-03-01,252.0,-0.3697%,-0.0014,1.152,0.5057,0.5383,2.6415%,2.8753%,15.6026%,-0.0115179999999999,NWL,60986.0,2019-03-04,252.0,-0.3711%,-0.0015,1.1711,0.4389,0.5341,2.6282%,2.8679%,16.0170%,0.002113,NWL,60986.0,2019-03-05,252.0,-0.6828%,-0.0015,1.1726,0.4497,0.5354,2.6279%,2.8679%,16.0364%,-0.002285,NWL,60986.0,2019-03-06,252.0,-1.9375%,-0.0017,1.1491,0.4763,0.5125,2.6117%,2.8467%,15.8271%,-0.004163,NWL,60986.0,2019-03-07,252.0,-1.2110%,-0.0016,1.1519,0.4924,0.5208,2.6103%,2.8472%,15.9498%,-0.000753,NWL,60986.0,2019-03-08,252.0,-0.3871%,-0.0015,1.1501,0.5205,0.5164,2.6054%,2.8435%,16.0512%,-0.000788,NWL,60986.0,2019-03-11,252.0,1.1010%,-0.0016,1.1474,0.5363,0.5268,2.6027%,2.8421%,16.1388%,-0.005404,NWL,0.011166,-0.013675,-0.024607,-0.034012,-0.0474049999999999
40731,ORTHOFIX MEDICAL INC,Orthofix Reports CEO Brad Mason Will Retire,6,uncertain,0.6,0.3,"the retirement of a ceo can lead to uncertainty regarding the company's future direction, which may negatively impact investor confidence, but it could also present an opportunity for new leadership and strategies.",1,2019-02-25,OFIX,2019-02-25 21:30:00+00:00,78756.0,68752M10,0.0335826128721237,256505.0,-0.1150494888424873,0.0114251282066106,-0.0061748824082314,-0.0149049935862422,0.0260285343974828,0.0041233450174331,-0.034697201102972,0.0151938507333397,-0.0261105615645647,0.012558857910335,-0.0066155511885881,0.0178970750421285,-0.0422362387180328,-0.0020729908719658,0.0062214117497205,0.0302283577620983,0.0,0.0074478778988122,0.0105473361909389,0.0080080004408955,0.0016195817152038,0.0381017811596393,-0.0005389647558331,0.0285002198070287,-0.0005393240135163,0.0091676851734519,0.0165467988699674,0.0307578258216381,-0.0058386735618114,-0.0025873107369989,0.0108560351654887,0.0226800367236137,-0.015492976643145,0.0208373144268989,0.0057225236669182,-0.0032691955566406,-0.0124466707929968,-0.0205311756581068,0.0084623228758573,0.0079742167145013,0.0094626424834132,0.0040030325762927,-0.0123806288465857,0.0194325689226388,0.00214897794649,-0.0090506682172417,0.0080414721742272,0.0144559815526008,-0.0037227279972285,0.0051050130277872,-0.0149466218426823,0.0105158481746912,-0.0057803411036729,0.0281517971307039,0.001635177177377,-0.034088660031557,0.0021766538266092,-0.0084017254412174,0.0110407350584864,0.0172927621752023,-0.0091300057247281,-0.0039595514535903,0.0016260190168395,0.0268347170203924,0.0010822758777067,-0.0205098073929548,-0.0081081222742795,0.0131128011271357,0.0023615090176463,-0.0397132746875286,-0.0358825586736202,-0.0165746379643678,-0.0082707228139042,-0.0007614144706167,-0.0041697765700519,0.0199999772012233,0.0148458080366253,-0.000388207641663,0.0264441091567277,0.0566038191318512,0.0021925622131675,-0.0111539857462048,-0.0040108915418386,-0.0094414912164211,0.0038440248463302,-0.0525314435362815,-0.0153172891587019,-0.0266765225678682,0.0146296462044119,0.0011127851903438,-0.0083956755697727,-0.017850698903203,0.0171175487339496,-0.0215647667646408,0.0255157425999641,-0.0152684962376952,0.0121757974848151,0.0036991205997765,-0.0374825932085514,0.0049566077068448,0.0220974683761596,0.0028404020704329,0.0001771809620549,-0.0302977841347456,0.000708733452484,-0.0046264640986919,-0.0393059700727462,-0.0473391748964786,-0.0075562084093689,0.0167634580284357,0.0068709887564182,0.0189412981271743,-0.0062707513570785,0.0062968474812805,-0.030623635277152,0.0122308200225234,-0.0074669611640274,0.0161035917699337,-0.0102237416431307,-0.0185534786432981,-0.1150494888424873,0.0114251282066106,-0.1205139541859893,-0.0036501568422731,-0.0976222213904131,0.0004581373191316,-0.1516762739431916,0.0284144653473916,-0.1792940397378429,0.0929263218809017,-0.1750110546368295,0.3021268252966156,-0.2422093907043736,0.1254080689326009,2019-02-26,2019-02-27,2019-02-28,2019-03-01,2019-03-04,2019-03-05,2019-03-06,2019-03-07,2019-03-08,2019-03-11,78756.0,2019-02-25,252.0,3.3583%,0.0008,0.818,0.5536,0.0455,1.8461%,2.0606%,19.7421%,0.033835,OFIX,78756.0,2019-02-26,252.0,-11.5049%,0.0005,0.8526,0.6744,0.1326,1.9690%,2.1860%,18.8661%,-0.110147,OFIX,78756.0,2019-02-27,252.0,-0.6175%,0.0004,0.846,0.6837,0.1315,1.9676%,2.1826%,18.7304%,-0.008164,OFIX,78756.0,2019-02-28,252.0,2.6029%,0.0003,0.8692,0.7006,0.1417,1.9461%,2.1724%,19.7535%,0.0287429999999999,OFIX,78756.0,2019-03-01,252.0,-3.4697%,0.0002,0.8558,0.6806,0.1408,1.9641%,2.1800%,18.8282%,-0.04251,OFIX,78756.0,2019-03-04,252.0,-2.6111%,0.0001,0.858,0.6909,0.1362,1.9680%,2.1863%,18.9719%,-0.019577,OFIX,78756.0,2019-03-05,252.0,-0.6616%,0.0001,0.8602,0.7059,0.1388,1.9675%,2.1864%,19.0230%,-0.002778,OFIX,78756.0,2019-03-06,252.0,-4.2236%,-0.0001,0.8528,0.7757,0.1399,1.9624%,2.1877%,19.5412%,-0.026261,OFIX,78756.0,2019-03-07,252.0,0.6221%,-0.0001,0.8457,0.7689,0.1286,1.9644%,2.1871%,19.3271%,0.014129,OFIX,78756.0,2019-03-08,252.0,0.0000%,0.0,0.8435,0.8016,0.1233,1.9555%,2.1820%,19.6815%,0.001605,OFIX,78756.0,2019-03-11,252.0,1.0547%,-0.0,0.8411,0.8048,0.1264,1.9554%,2.1828%,19.7526%,-0.004356,OFIX,-0.0763119999999999,-0.084476,-0.055733,-0.11782,-0.135481
40739,ORTHOFIX MEDICAL INC,"Orthofix International Q4 EPS $0.62 Beats $0.48 Estimate, Sales $121.078M Miss $121.45M Estimate",6,uncertain,0.6,0.3,"while the earnings per share (eps) beat estimates, the sales miss could create mixed reactions among investors, leading to uncertainty in the stock price movement.",1,2019-02-25,OFIX,2019-02-25 21:29:00+00:00,78756.0,68752M10,0.0335826128721237,256505.0,-0.1150494888424873,0.0114251282066106,-0.0061748824082314,-0.0149049935862422,0.0260285343974828,0.0041233450174331,-0.034697201102972,0.0151938507333397,-0.0261105615645647,0.012558857910335,-0.0066155511885881,0.0178970750421285,-0.0422362387180328,-0.0020729908719658,0.0062214117497205,0.0302283577620983,0.0,0.0074478778988122,0.0105473361909389,0.0080080004408955,0.0016195817152038,0.0381017811596393,-0.0005389647558331,0.0285002198070287,-0.0005393240135163,0.0091676851734519,0.0165467988699674,0.0307578258216381,-0.0058386735618114,-0.0025873107369989,0.0108560351654887,0.0226800367236137,-0.015492976643145,0.0208373144268989,0.0057225236669182,-0.0032691955566406,-0.0124466707929968,-0.0205311756581068,0.0084623228758573,0.0079742167145013,0.0094626424834132,0.0040030325762927,-0.0123806288465857,0.0194325689226388,0.00214897794649,-0.0090506682172417,0.0080414721742272,0.0144559815526008,-0.0037227279972285,0.0051050130277872,-0.0149466218426823,0.0105158481746912,-0.0057803411036729,0.0281517971307039,0.001635177177377,-0.034088660031557,0.0021766538266092,-0.0084017254412174,0.0110407350584864,0.0172927621752023,-0.0091300057247281,-0.0039595514535903,0.0016260190168395,0.0268347170203924,0.0010822758777067,-0.0205098073929548,-0.0081081222742795,0.0131128011271357,0.0023615090176463,-0.0397132746875286,-0.0358825586736202,-0.0165746379643678,-0.0082707228139042,-0.0007614144706167,-0.0041697765700519,0.0199999772012233,0.0148458080366253,-0.000388207641663,0.0264441091567277,0.0566038191318512,0.0021925622131675,-0.0111539857462048,-0.0040108915418386,-0.0094414912164211,0.0038440248463302,-0.0525314435362815,-0.0153172891587019,-0.0266765225678682,0.0146296462044119,0.0011127851903438,-0.0083956755697727,-0.017850698903203,0.0171175487339496,-0.0215647667646408,0.0255157425999641,-0.0152684962376952,0.0121757974848151,0.0036991205997765,-0.0374825932085514,0.0049566077068448,0.0220974683761596,0.0028404020704329,0.0001771809620549,-0.0302977841347456,0.000708733452484,-0.0046264640986919,-0.0393059700727462,-0.0473391748964786,-0.0075562084093689,0.0167634580284357,0.0068709887564182,0.0189412981271743,-0.0062707513570785,0.0062968474812805,-0.030623635277152,0.0122308200225234,-0.0074669611640274,0.0161035917699337,-0.0102237416431307,-0.0185534786432981,-0.1150494888424873,0.0114251282066106,-0.1205139541859893,-0.0036501568422731,-0.0976222213904131,0.0004581373191316,-0.1516762739431916,0.0284144653473916,-0.1792940397378429,0.0929263218809017,-0.1750110546368295,0.3021268252966156,-0.2422093907043736,0.1254080689326009,2019-02-26,2019-02-27,2019-02-28,2019-03-01,2019-03-04,2019-03-05,2019-03-06,2019-03-07,2019-03-08,2019-03-11,78756.0,2019-02-25,252.0,3.3583%,0.0008,0.818,0.5536,0.0455,1.8461%,2.0606%,19.7421%,0.033835,OFIX,78756.0,2019-02-26,252.0,-11.5049%,0.0005,0.8526,0.6744,0.1326,1.9690%,2.1860%,18.8661%,-0.110147,OFIX,78756.0,2019-02-27,252.0,-0.6175%,0.0004,0.846,0.6837,0.1315,1.9676%,2.1826%,18.7304%,-0.008164,OFIX,78756.0,2019-02-28,252.0,2.6029%,0.0003,0.8692,0.7006,0.1417,1.9461%,2.1724%,19.7535%,0.0287429999999999,OFIX,78756.0,2019-03-01,252.0,-3.4697%,0.0002,0.8558,0.6806,0.1408,1.9641%,2.1800%,18.8282%,-0.04251,OFIX,78756.0,2019-03-04,252.0,-2.6111%,0.0001,0.858,0.6909,0.1362,1.9680%,2.1863%,18.9719%,-0.019577,OFIX,78756.0,2019-03-05,252.0,-0.6616%,0.0001,0.8602,0.7059,0.1388,1.9675%,2.1864%,19.0230%,-0.002778,OFIX,78756.0,2019-03-06,252.0,-4.2236%,-0.0001,0.8528,0.7757,0.1399,1.9624%,2.1877%,19.5412%,-0.026261,OFIX,78756.0,2019-03-07,252.0,0.6221%,-0.0001,0.8457,0.7689,0.1286,1.9644%,2.1871%,19.3271%,0.014129,OFIX,78756.0,2019-03-08,252.0,0.0000%,0.0,0.8435,0.8016,0.1233,1.9555%,2.1820%,19.6815%,0.001605,OFIX,78756.0,2019-03-11,252.0,1.0547%,-0.0,0.8411,0.8048,0.1264,1.9554%,2.1828%,19.7526%,-0.004356,OFIX,-0.0763119999999999,-0.084476,-0.055733,-0.11782,-0.135481
40747,ONEOK INC NEW,"ONEOK Q4 EPS $0.70 Misses $0.73 Estimate, Sales $3.137B Miss $3.29B Estimate",6,decrease,0.8,0.6,"the earnings per share and sales figures both missed analyst estimates, which typically leads to a negative reaction in stock prices.",0,2019-02-25,OKE,2019-02-25 22:18:00+00:00,25232.0,68268010,-0.0032415089663118,4639691.0,-0.0496674142777919,0.0010324438335374,0.0133768953382968,-0.0046975878067314,-0.013660772703588,-0.0067074815742671,0.0250544752925634,0.012848955579102,0.0004554239858407,0.0154468920081853,0.000758655834943,0.0090798800811171,-0.0078847110271453,0.0133415544405579,0.0070303999818861,0.0024595854338258,-0.0047047738917171,0.0004614950739778,0.0108264572918415,-0.0018422282300889,0.0069391927681863,-0.0095787942409515,0.008389476686716,-0.0066455588676035,-0.0028226834256201,0.0033338570501655,-0.0040227095596492,0.0127377863973379,0.0227375365793705,0.0147952744737267,-0.0008776537142693,0.0001557965151732,0.0071732616052031,0.0094339381903409,0.015261560678482,0.0210306234657764,-0.0120257176458835,-0.0024022695142775,0.0039124274626374,0.0103750536218285,0.0001443726359866,0.0015987576916813,-0.0064945095218718,-0.0004794278356712,0.0078442906960845,-0.0096533754840493,0.0066301398910582,0.0208400171250104,0.0073024365119636,0.0119340093806386,-0.0019900412298738,0.0034448669757694,-0.0126762483268976,0.0267812050879001,0.0023081889376044,-0.0071906405501067,0.0152561534196138,-0.0039973631501197,-0.0002835876366589,0.0051900446414947,-0.0092171570286154,0.0146084697917103,-0.0008588118944317,0.0213393401354551,0.0032947051804512,0.0174756906926631,0.0079953959211707,0.0436625406146049,-0.007223826367408,-0.0023892864119261,0.0021401273552328,0.0085263960063457,-0.0072607421316206,0.0183088183403015,-0.00846126396209,-0.0063765970990061,0.0114261051639914,-0.0070763700641691,-0.0008579659624956,0.057294737547636,0.002289910102263,-0.0576994530856609,-0.0038554426282644,-0.011371954344213,-0.0023652345407754,-0.0245124157518148,-0.001600474352017,-0.0102709727361798,-0.0100554125383496,-0.0363480783998966,-0.0051523400470614,-0.0264163520187139,-0.010802062228322,-0.0205045100301504,0.0005983682349324,0.0291408766061067,-0.0100164180621504,0.0123770693317055,0.001661138725467,-0.0030426015146076,-0.0046736798249185,-0.0138356694951653,0.000303003238514,0.0104430308565497,0.0178679637610912,-0.0202970225363969,-0.0108599131926894,-0.0342629738152027,0.0072191813960671,0.0214878674596548,0.0041809580288827,0.0014672343386337,0.012639382854104,0.0135492347180843,0.0010278957197442,0.012887037359178,-0.0165761671960353,0.0036956362891942,0.0138723198324441,0.0072758090682327,-0.0496674142777919,0.0010324438335373,-0.0369549147420129,-0.0036699939687576,-0.0501108547550298,-0.0103528591261017,-0.0258684397105285,0.0178464671679972,-0.0201034824804399,0.0419097852346643,0.0424241698102156,0.1519302170402783,0.017375235383044,0.1642096897560088,2019-02-26,2019-02-27,2019-02-28,2019-03-01,2019-03-04,2019-03-05,2019-03-06,2019-03-07,2019-03-08,2019-03-11,25232.0,2019-02-25,252.0,-0.3242%,0.0009,0.9415,0.2054,0.4568,1.0945%,1.4302%,41.4347%,-0.003426,OKE,25232.0,2019-02-26,252.0,-4.9667%,0.0007,0.9506,0.261,0.4918,1.1324%,1.4627%,40.0697%,-0.045439,OKE,25232.0,2019-02-27,252.0,1.3377%,0.0009,0.9594,0.2488,0.4933,1.1282%,1.4634%,40.5724%,0.012516,OKE,25232.0,2019-02-28,252.0,-1.3661%,0.0008,0.9633,0.2511,0.4985,1.1299%,1.4652%,40.5337%,-0.009603,OKE,25232.0,2019-03-01,252.0,2.5054%,0.0009,0.9676,0.2575,0.4967,1.1359%,1.4710%,40.3752%,0.019295,OKE,25232.0,2019-03-04,252.0,0.0455%,0.0008,0.9725,0.238,0.4962,1.1338%,1.4709%,40.5873%,0.00449,OKE,25232.0,2019-03-05,252.0,0.0759%,0.0008,0.9715,0.2323,0.4942,1.1339%,1.4698%,40.4811%,0.004251,OKE,25232.0,2019-03-06,252.0,-0.7885%,0.0009,0.9784,0.2214,0.5005,1.1303%,1.4706%,40.9295%,0.0029149999999999,OKE,25232.0,2019-03-07,252.0,0.7030%,0.001,0.9722,0.2225,0.4926,1.1343%,1.4711%,40.5512%,0.016769,OKE,25232.0,2019-03-08,252.0,-0.4705%,0.001,0.9722,0.2297,0.4921,1.1337%,1.4710%,40.6058%,-0.00193,OKE,25232.0,2019-03-11,252.0,1.0826%,0.001,0.9707,0.2249,0.4901,1.1336%,1.4722%,40.7130%,-0.002016,OKE,-0.048865,-0.036349,-0.045952,-0.022167,-0.002178
40755,OWENS & MINOR INC NEW,"Owens & Minor 8-K Shows Edward Pesicka Named Replacement As Permanent Pres, CEO",6,increase,0.7,0.6,"the appointment of a permanent president and ceo can provide stability and direction for the company, which is generally viewed positively by investors.",2,2019-02-25,OMI,2019-02-25 22:55:00+00:00,60186.0,69073210,0.0062695862725377,2112663.0,-0.0498442612588405,-0.0362537428736686,0.0180328097194433,0.010686975903809,0.0048308749683201,-0.1750629544258118,-0.0288461279124021,0.0311688650399446,-0.061056088656187,0.0198674984276294,-0.0773286595940589,-0.00527008716017,-0.1028571352362633,-0.0104302372783422,-0.0084925610572099,0.0267738010734319,-0.0492505393922328,0.0204917509108781,0.0720721110701561,-0.0317460000514984,-0.0084034530445933,-0.009174333885312,0.0211865231394767,-0.0154838562011718,-0.0160789210349321,0.0305851083248853,0.0210971273481845,-0.0026525172870606,-0.0619835071265697,-0.0039630397222936,0.0,-0.0117493048310279,0.0066079758107662,0.0013071571011096,0.0,0.0039370353333652,-0.0459518656134605,0.0026315764989703,-0.0229357574135065,0.0119839776307344,-0.0164319649338722,0.0121294008567929,-0.0071599544025957,-0.0388600677251815,-0.0216345377266407,0.061898186802864,0.0073709413409233,-0.0081855310127139,0.0146341323852539,-0.0393185056746006,-0.0168268494307994,0.0146276773884892,-0.0195598825812339,0.0013315249234437,0.0149625781923532,0.0203804466873407,-0.0196560584008693,0.020804451778531,0.0025062633212655,0.0241477377712726,0.0049999952316284,0.1121643036603928,-0.0398010164499282,-0.0276498161256313,-0.0155440270900726,0.0015384966973215,-0.0078947292640805,0.0046368176117539,-0.0053050345741212,-0.0061444602906703,0.0106666563078761,0.0284360665827989,-0.0448549017310142,0.0,-0.0662982836365699,0.0226171035319566,0.0059171537868678,-0.0095999911427497,-0.0058823470026254,0.0212418492883443,0.0059171537868678,0.0132450209930539,0.0088235205039381,-0.0320512540638446,0.0204081442207098,-0.0588235817849636,0.005714280065149,-0.0148588269948959,-0.0312499701976776,0.0196969881653785,-0.0234604571014642,0.0216718055307865,0.0690690800547599,-0.0332840494811534,0.0196629706770181,-0.0160115957260131,0.0358126387000083,-0.0337553098797798,-0.0452127866446971,-0.0246913339942693,0.1253482103347778,0.0474137812852859,-0.0198019612580537,0.002881841501221,0.0202020015567541,-0.0239099953323602,-0.0519802086055278,-0.0273597557097673,-0.0156657826155424,-0.0419397316873073,0.0,0.0026281182654201,-0.0238726567476987,-0.0155239179730415,-0.02445656247437,-0.014030628837645,-0.0055710254237055,0.0064185098744928,0.0308123622089624,-0.0802833884954452,-0.0498442612588405,-0.0362537428736686,-0.0327102836182841,-0.0259542098463734,-0.0280374279403021,-0.1964735436166915,-0.1137071662550551,-0.1549668936822974,-0.2585669534305534,-0.156084632471577,-0.3766184333234796,-0.0937499776885016,-0.4264889440411441,-0.2380081346937637,2019-02-26,2019-02-27,2019-02-28,2019-03-01,2019-03-04,2019-03-05,2019-03-06,2019-03-07,2019-03-08,2019-03-11,60186.0,2019-02-25,252.0,0.6270%,-0.0021,0.5251,1.6776,1.3098,3.9321%,4.0546%,5.9508%,0.0121249999999999,OMI,60186.0,2019-02-26,252.0,-4.9844%,-0.0023,0.5184,1.7284,1.3306,3.9347%,4.0632%,6.2273%,-0.034045,OMI,60186.0,2019-02-27,252.0,1.8033%,-0.0024,0.5072,1.7536,1.3288,3.9329%,4.0628%,6.2957%,0.015779,OMI,60186.0,2019-02-28,252.0,0.4831%,-0.0024,0.5166,1.7605,1.3329,3.9311%,4.0623%,6.3540%,0.009274,OMI,60186.0,2019-03-01,252.0,-2.8846%,-0.0025,0.5142,1.7568,1.343,3.9354%,4.0651%,6.2780%,-0.03243,OMI,60186.0,2019-03-04,252.0,-6.1056%,-0.0027,0.508,1.8259,1.3335,3.9464%,4.0805%,6.4681%,-0.056683,OMI,60186.0,2019-03-05,252.0,-7.7329%,-0.003,0.5157,1.8434,1.3629,3.9666%,4.1023%,6.5072%,-0.067695,OMI,60186.0,2019-03-06,252.0,-10.2857%,-0.0033,0.5378,2.0002,1.4092,3.9912%,4.1486%,7.4438%,-0.075933,OMI,60186.0,2019-03-07,252.0,-0.8493%,-0.0033,0.5353,1.9983,1.4054,3.9913%,4.1471%,7.3721%,0.001878,OMI,60186.0,2019-03-08,252.0,-4.9251%,-0.0034,0.5411,2.0001,1.4145,4.0007%,4.1567%,7.3636%,-0.0467729999999999,OMI,60186.0,2019-03-11,252.0,7.2072%,-0.0032,0.576,2.0286,1.4128,4.0230%,4.1833%,7.5172%,0.064075,OMI,-0.02192,-0.006141,0.0031329999999999,-0.08598,-0.210428
40763,PACWEST BANCORP DE,"Keefe Bruyette & Woods Downgrades PacWest Banc to Market Perform, Lowers Price Target to $45",6,decrease,0.8,0.7,"a downgrade to 'market perform' and a lower price target typically signal reduced investor confidence, likely leading to a decrease in stock price.",0,2019-02-25,PACW,2019-02-25 11:43:00+00:00,88343.0,69526310,-0.0084910793229937,1363242.0,0.0002447305305395,0.0007283951272256,0.0092954318970441,-0.0074699125252664,-0.0058167199604213,0.0161606222391128,0.0007313208188861,0.007537055760622,0.0007308792555704,0.0211023408919572,0.0017039846861734,-0.0076373829506337,-0.0199270881712436,-0.0051470366306602,-0.0257872771471738,0.0223001595586538,-0.0038178041577339,0.0124302813783288,-0.0038323381450027,-0.0102938394993543,0.0017953242640942,0.0101445987820625,0.0112646855413913,0.0030526311602443,0.0032911663874983,-0.0090747876092791,-0.0060560605488717,0.0063419588841497,0.0200558751821517,0.0215081106871366,-0.0231458507478237,-0.0069480300880968,-0.0328662656247615,-0.0069000883959233,-0.0079030357301235,-0.0091162472963333,-0.0531067438423633,0.0117858806625008,0.0056085465475916,0.010877963155508,0.0309537257999181,-0.0082198735326528,0.0045982734300196,0.0005140184657648,0.0131933679804205,-0.0161820333451032,-0.0005315029993653,0.0299478564411401,0.027386300265789,0.0076095750555396,0.011904738843441,0.0291655920445919,0.0012788504827767,0.0134099032729864,0.0234993137419223,0.0068889497779309,-0.0052408059127628,0.0066574667580425,-0.0020070704631507,0.0120718786492943,-0.0294117201119661,0.0102098872885108,0.010877963155508,0.0176045242697,0.0120420502498745,0.0093212835490703,0.0207594856619834,0.0349714718759059,-0.0285218637436628,-0.0095551954582333,0.0112331490963697,0.0063101835548877,0.0065639563836157,0.0121653797104954,-0.0165537968277931,-0.0015183491632342,-0.0099464273080229,-0.013776552863419,0.0203503593802452,0.0603366047143936,-0.0055541838519275,-0.0131620205938816,-0.0106625584885478,-0.0142106609418988,0.007698209490627,0.0093545131385326,0.0134962759912014,-0.0252280179411172,-0.006281407084316,-0.001214241143316,-0.0078381178900599,-0.0018182233907282,0.0191131494939327,-0.0274093803018331,0.0140034388750791,-0.0428773052990436,-0.0051787691190838,0.0119897797703743,-0.0123946452513337,-0.0132394712418317,-0.0120481811463832,-0.03137793764472,0.0020324699580669,-0.0218841657042503,-0.0030425693839788,-0.004251922480762,-0.0404374413192272,-0.0547601170837879,0.0227935500442981,-0.0106858918443322,-0.0121793523430824,0.0197669193148613,0.0186254698783159,-0.0120180156081914,-0.0105589004233479,0.0002503962314222,0.0039661959744989,0.002762446179986,0.0168553963303566,0.0155572714284062,0.0002447305305395,0.0007283951272256,0.0095424373035635,-0.0067469584459249,0.0036702116576075,0.0093046287464801,0.0051383147847934,0.0383710337691531,-0.0459994450808347,0.0501024861460546,-0.0266699318989142,0.1742163165510661,-0.0403098916732246,0.066707087939041,2019-02-26,2019-02-27,2019-02-28,2019-03-01,2019-03-04,2019-03-05,2019-03-06,2019-03-07,2019-03-08,2019-03-11,88343.0,2019-02-25,252.0,-0.8491%,-0.0005,1.1461,0.857,1.244,0.9562%,1.5042%,59.5941%,-0.005839,PACW,88343.0,2019-02-26,252.0,0.0245%,-0.0005,1.139,0.847,1.2337,0.9580%,1.4987%,59.1424%,0.011568,PACW,88343.0,2019-02-27,252.0,0.9295%,-0.0004,1.1428,0.8428,1.2343,0.9581%,1.5000%,59.2033%,0.008041,PACW,88343.0,2019-02-28,252.0,-0.5817%,-0.0004,1.1444,0.8439,1.2352,0.9579%,1.4985%,59.1365%,0.000543,PACW,88343.0,2019-03-01,252.0,0.0731%,-0.0005,1.1454,0.8455,1.239,0.9581%,1.4949%,58.9218%,-0.0051049999999999,PACW,88343.0,2019-03-04,252.0,0.0731%,-0.0005,1.1473,0.8341,1.2396,0.9581%,1.4949%,58.9216%,0.005147,PACW,88343.0,2019-03-05,252.0,0.1704%,-0.0005,1.1447,0.8205,1.2343,0.9596%,1.4915%,58.6017%,0.009125,PACW,88343.0,2019-03-06,252.0,-1.9927%,-0.0004,1.1484,0.8176,1.2381,0.9587%,1.4960%,58.9371%,-0.000557,PACW,88343.0,2019-03-07,252.0,-2.5787%,-0.0005,1.1527,0.8159,1.2432,0.9610%,1.5010%,59.0118%,-0.011802,PACW,88343.0,2019-03-08,252.0,-0.3818%,-0.0005,1.1529,0.8109,1.2438,0.9606%,1.5005%,59.0223%,0.000334,PACW,88343.0,2019-03-11,252.0,-0.3832%,-0.0005,1.1443,0.7967,1.24,0.9654%,1.4991%,58.5272%,-0.017552,PACW,0.005729,0.01377,0.014313,0.014355,-0.006097
40771,PITNEY BOWES INC,Pitney Bowes Shares Tick Modestly Higher On Uptick In Volume; Hearing Co.'s SendPro Online Unit Received USPS Wholesale Discount Which Was Previously Controlled By Stamps.com,6,increase,0.7,0.6,"the news indicates a positive development for pitney bowes, as the receipt of a usps wholesale discount for their sendpro online unit could enhance their competitive position and profitability.",2,2019-02-25,PBI,2019-02-25 14:52:00+00:00,24459.0,72447910,-0.0445292480289936,8004720.0,-0.0292943082749843,0.1180654168128967,0.0246913339942693,-0.0070621063932776,-0.0374832302331924,0.0085470005869865,-0.0097357677295804,-0.004255348816514,-0.0028089862316846,0.0085837515071034,-0.0183098763227462,0.002848973032087,-0.0143471891060471,-0.004255348816514,-0.0407568775117397,-0.0208332818001508,-0.0045523839071393,0.0449927374720573,0.0198170915246009,-0.0157143045216798,0.0284006055444479,0.0248902011662721,0.0145348692312836,0.0348484888672828,-0.0200572870671749,-0.0222222357988357,0.0014619519934058,-0.0425532162189483,0.0043795928359031,-0.0221913792192935,-0.015988390892744,-0.0027662490028887,-0.0221565868705511,0.0,0.0211480893194675,0.0083681931719183,-0.0621301867067813,0.0056100925430655,-0.006309141870588,0.0229555703699588,0.0142856622114777,0.0057720001786947,0.051643181592226,-0.0128205344080925,0.020833384245634,-0.0181818343698978,0.001457689795643,-0.0192043706774711,0.0262009184807539,0.0,-0.0326241143047809,0.008298747241497,-0.0234604571014642,0.0358166173100471,0.0195195376873016,0.0189781188964843,0.0103093041107058,-0.0072464044205844,-0.0102041065692901,0.0267857611179351,-0.0103093041107058,0.0059880185872316,0.0297619476914405,0.0261136088520288,-0.0028901705518364,0.0046296617947518,-0.0086956433951854,0.0854271799325943,-0.0058479476720094,-0.0261011943221092,0.0338235311210155,0.0372250899672508,-0.0028449473902583,-0.0083892941474914,0.0099856909364461,0.0016807108186185,-0.0240113101899623,-0.0066777900792658,0.0376266613602638,0.0583038739860057,-0.0027893974911421,-0.0535117350518703,-0.0181818343698978,-0.0582676976919174,0.017094001173973,-0.0031397144775837,0.0042017102241516,0.0015722879907116,-0.0083681931719183,0.009523800574243,-0.24472576379776,-0.0366972126066684,-0.014897565357387,-0.0452554672956466,0.0812854096293449,-0.0352112688124179,0.0104895839467644,0.011396000161767,-0.0380623303353786,0.0173912867903709,-0.0161870773881673,-0.026798315346241,-0.0146252149716019,-0.0392953865230083,-0.0296845734119415,-0.0340313799679279,-0.0554493218660354,-0.0990565717220306,0.0202428959310054,0.0047393320128321,-0.0099206725135445,0.011990338563919,-0.0020039584487676,-0.0023922852706164,-0.014056259766221,0.0245097801089286,-0.0244398955255746,0.0061652520671486,0.014613814651966,0.0201257672160863,-0.0292943082749843,0.1180654168128967,-0.0053262898304636,0.1101695198847196,-0.0426098735156521,0.1196581394228288,-0.0545939147392106,0.1244635731335044,-0.1091877694080692,0.1308890437603926,-0.0958722008374819,0.1780094584437868,-0.3528628476238921,-0.0042486140215625,2019-02-26,2019-02-27,2019-02-28,2019-03-01,2019-03-04,2019-03-05,2019-03-06,2019-03-07,2019-03-08,2019-03-11,24459.0,2019-02-25,252.0,-4.4529%,-0.0015,1.28,1.442,0.676,2.2911%,2.6998%,27.9868%,-0.041658,PBI,24459.0,2019-02-26,252.0,-2.9294%,-0.0016,1.2724,1.4694,0.6841,2.2901%,2.6986%,27.9817%,-0.015887,PBI,24459.0,2019-02-27,252.0,2.4691%,-0.0015,1.2726,1.4759,0.6842,2.2947%,2.7032%,27.9419%,0.021475,PBI,24459.0,2019-02-28,252.0,-3.7483%,-0.0017,1.2837,1.4825,0.6995,2.3021%,2.7121%,27.9507%,-0.032223,PBI,24459.0,2019-03-01,252.0,-0.9736%,-0.0018,1.2862,1.4863,0.7122,2.3041%,2.7116%,27.7927%,-0.0205699999999999,PBI,24459.0,2019-03-04,252.0,-0.2809%,-0.0018,1.2893,1.4682,0.7132,2.3041%,2.7111%,27.7696%,0.006957,PBI,24459.0,2019-03-05,252.0,-1.8310%,-0.0018,1.2892,1.4623,0.7161,2.3043%,2.7070%,27.5355%,-0.009945,PBI,24459.0,2019-03-06,252.0,-1.4347%,-0.0018,1.2863,1.4254,0.7078,2.3061%,2.7081%,27.4821%,0.014531,PBI,24459.0,2019-03-07,252.0,-4.0757%,-0.0019,1.2972,1.4292,0.7233,2.3115%,2.7167%,27.6058%,-0.026966,PBI,24459.0,2019-03-08,252.0,-0.4552%,-0.0018,1.2962,1.4436,0.721,2.3100%,2.7166%,27.6933%,-0.001274,PBI,24459.0,2019-03-11,252.0,1.9817%,-0.0018,1.2968,1.4378,0.7174,2.3097%,2.7192%,27.8536%,-0.001034,PBI,-0.057545,-0.03607,-0.0682929999999999,-0.0819059999999999,-0.1065939999999999
40779,POTBELLY CORP,"Potbelly Q4 EPS $0.05 Beats $0.02 Estimate, Sales $102.4M Miss $103.6M Estimate",6,uncertain,0.6,0.3,"while potbelly's eps beat estimates, the sales miss could raise concerns among investors, leading to uncertainty in the stock's reaction.",1,2019-02-25,PBPB,2019-02-25 21:12:00+00:00,14258.0,73754Y10,-0.0177096296101808,701085.0,0.0132212275639176,0.0168067645281553,0.0047449539415538,-0.0490867905318737,-0.0059032100252807,0.028168985620141,0.0201900321990251,0.0203592889010906,-0.0034924019128084,0.0108959022909402,0.0,0.004866175353527,0.002336390549317,-0.0120191620662808,-0.0069929449819028,0.0024095787666738,-0.0023474714253097,-0.0119046941399574,-0.0317647606134414,0.0194174572825431,0.0024301894009113,-0.0048309136182069,0.0181817710399627,-0.0119332196190953,0.0166667085140943,-0.012956378981471,-0.0093676727265119,-0.0035212072543799,-0.0011820601066574,-0.0173009932041168,0.0,0.0011547608301043,-0.0047337235882878,-0.0114155681803822,0.0,0.0138888750225305,0.0047562383115291,-0.0068964906968176,0.0047337235882878,0.0057803690433502,0.0129564916715025,0.0116958394646644,0.0081394994631409,0.008254793472588,0.0011534289224073,-0.0093458965420722,-0.0195852611213922,0.011820375919342,0.0364276692271232,0.0023697225842624,0.0442177280783653,0.0047619002871215,-0.0173724051564931,-0.0011890878668054,0.0121546583250165,-0.0035544708371162,0.0218340400606393,-0.0070588728412985,-0.0053417989984154,-0.0023474714253097,-0.0311492960900068,0.0118765300139784,0.004434585571289,0.0144578171893954,0.0,0.0146699119359254,-0.0132451253011822,0.0276382248848676,0.0067114564590156,-0.0087172724306583,-0.0222222004085779,-0.0024845288135111,0.0,0.0037406149785965,0.0136363506317138,0.0,0.0044843005016446,-0.0086526200175285,0.0044642812572419,-0.009791912510991,0.0,0.0012255182955414,0.0088888807222247,-0.037735816091299,0.0055066291242837,-0.0230415612459182,0.006571683101356,-0.0387596264481544,-0.0315560363233089,-0.0087815504521131,-0.026966268196702,-0.0065431208349764,0.0103926276788115,-0.0202991012483835,0.01142861507833,-0.0147368786856532,0.00225983094424,0.0226049553602933,-0.0270574726164341,-0.0032188554760068,-0.2039397656917572,0.0119435023516416,-0.0480349250137805,-0.0335781425237655,-0.0137614915147423,0.0063357409089803,-0.0728681832551956,0.0106723997741937,-0.0100334351882338,-0.0795678198337555,-0.0084459781646728,-0.0048875110223889,-0.0494037419557571,-0.013500515371561,0.0340501889586448,0.0117073059082031,-0.0450606159865856,-0.0115718310698866,0.0381124429404735,0.0009652730659581,0.0132212275639176,0.0168067645281553,0.0180289156213131,-0.0331050161336304,0.0120192771205918,-0.0058685652369122,0.0288462416456567,0.0254237338088043,-0.0108173278375397,0.0279126836310978,0.1189904756873698,-0.0058685653811836,-0.3124999951561982,-0.1824323780201756,2019-02-26,2019-02-27,2019-02-28,2019-03-01,2019-03-04,2019-03-05,2019-03-06,2019-03-07,2019-03-08,2019-03-11,14258.0,2019-02-25,252.0,-1.7710%,-0.0015,0.5652,0.7796,-0.0388,1.9472%,2.0888%,13.1033%,-0.0167159999999999,PBPB,14258.0,2019-02-26,252.0,1.3221%,-0.0018,0.5103,0.8043,-0.0673,1.8772%,2.0129%,13.0237%,0.018887,PBPB,14258.0,2019-02-27,252.0,0.4745%,-0.0017,0.5121,0.8024,-0.067,1.8773%,2.0132%,13.0481%,0.002577,PBPB,14258.0,2019-02-28,252.0,-0.5903%,-0.0018,0.5159,0.8048,-0.0636,1.8770%,2.0133%,13.0843%,-0.004744,PBPB,14258.0,2019-03-01,252.0,2.0190%,-0.0017,0.5256,0.8194,-0.0557,1.8783%,2.0179%,13.3563%,0.0137969999999999,PBPB,14258.0,2019-03-04,252.0,-0.3492%,-0.0017,0.5177,0.842,-0.0527,1.8758%,2.0160%,13.4225%,0.002646,PBPB,14258.0,2019-03-05,252.0,0.0000%,-0.0018,0.5106,0.7904,-0.0596,1.8679%,1.9994%,12.7194%,0.003274,PBPB,14258.0,2019-03-06,252.0,0.2336%,-0.0017,0.5054,0.7509,-0.0708,1.8711%,1.9995%,12.4252%,0.016519,PBPB,14258.0,2019-03-07,252.0,-0.6993%,-0.0017,0.5053,0.7482,-0.0718,1.8711%,1.9989%,12.3831%,-0.002647,PBPB,14258.0,2019-03-08,252.0,-0.2347%,-0.0017,0.505,0.7536,-0.0725,1.8708%,1.9989%,12.4045%,-0.001822,PBPB,14258.0,2019-03-11,252.0,-3.1765%,-0.0018,0.4842,0.7279,-0.0765,1.8875%,2.0070%,11.5524%,-0.042469,PBPB,0.002171,0.004748,4.000000000002266e-06,0.016447,-0.010698
40787,PCTEL INC,PCTEL Announces Enhanced Test Tools and CBRS Antennas at #MWC19,6,increase,0.7,0.6,"the announcement of enhanced test tools and cbrs antennas at a major event like mwc19 suggests innovation and potential growth, which could positively influence investor sentiment and stock price.",2,2019-02-25,PCTI,2019-02-25 08:52:00+00:00,87361.0,69325Q10,0.0057581062428653,15655.0,-0.0038167904131114,-0.0261681992560625,0.0019157527713105,0.0368217192590236,-0.0229445286095142,-0.0076923007145524,-0.0117416717112064,-0.0334573052823543,-0.0138614196330308,0.0189393758773803,-0.016064241528511,-0.0130840549245476,-0.0122448857873678,0.0075329495593905,-0.0061983903869986,0.0037807147018611,0.0,0.0134099954739213,-0.0020789506379514,-0.0076046460308134,-0.0062500433996319,0.0085389465093612,0.0020964839495718,0.0154142435640096,0.0125522883608937,-0.0335195213556289,0.1053718477487564,-0.0110497139394283,0.0429906584322452,0.0092936269938945,-0.0412186421453952,0.0056075160391628,0.0355140306055545,0.0075329495593905,-0.0613718703389167,0.0123927658423781,0.0134615721181035,-0.0103774154558777,-0.0303605031222105,0.0,0.0156555622816085,0.0291262324899435,-0.0077071217820048,0.0098039591684937,-0.0291262324899435,-0.0039062462747097,0.002000045729801,0.0513347052037715,0.021956019103527,0.0061982916668057,-0.0097655691206455,0.0041493736207485,-0.003944769501686,0.0041666626930236,0.0158415678888559,0.014799190685153,-0.0019493623403832,0.0085287764668464,0.0156249850988388,0.0129589503630995,-0.0153846014291048,0.0334821641445159,-0.0019530765712261,0.0158730559051036,-0.0058708824217319,0.0,0.0118110124021768,0.0208332575857639,-0.0058365240693092,-0.0292134024202823,-0.0039138905704021,0.037296000868082,-0.0039292690344154,0.0190023574978113,0.0177514143288135,0.0498752631247043,0.0116278966888785,0.0025000572204589,-0.0383141413331031,0.0126582160592079,-0.0159362405538559,0.0,-0.0263158120214939,-0.024691391736269,-0.0228690505027771,0.0049627739936113,0.0063830236904323,0.0075000524520874,-0.010570865124464,0.0025062633212655,0.0192308016121387,0.0126903429627418,-0.0188679564744234,-0.0149999856948852,0.0534188039600849,0.0126582160592079,-0.0121703743934631,-0.024691391736269,-0.0051334546878933,-0.0121950525790453,0.0918580517172813,-0.0120482388883829,-0.0057361777871847,0.0,-0.0019230293110013,-0.0165876056998968,-0.0231213644146919,-0.0023641202133148,0.001972337719053,0.0095465304329991,0.0059055532328784,-0.0059312204830348,0.0,0.0407407283782959,0.0254402421414852,-0.0073528760112822,0.0019084407249465,-0.0097087286412715,0.043809525668621,0.0,-0.0038167904131114,-0.0261681992560625,-0.0019083496686124,0.0096899619164403,-0.0248090920945581,0.001923123100914,-0.0496182755834655,-0.0132576051571712,-0.083969389204159,-0.0095057362026149,-0.0076335823415972,0.1370360962190993,0.0578097326518578,0.2777857816214681,2019-02-26,2019-02-27,2019-02-28,2019-03-01,2019-03-04,2019-03-05,2019-03-06,2019-03-07,2019-03-08,2019-03-11,87361.0,2019-02-25,252.0,0.5758%,-0.0009,0.5748,-0.1759,0.3315,2.2586%,2.3292%,5.9746%,0.004911,PCTI,87361.0,2019-02-26,252.0,-0.3817%,-0.0009,0.59,-0.1876,0.3368,2.2533%,2.3273%,6.2582%,-0.003029,PCTI,87361.0,2019-02-27,252.0,0.1916%,-0.0008,0.596,-0.1975,0.3379,2.2518%,2.3271%,6.3666%,0.002045,PCTI,87361.0,2019-02-28,252.0,-2.2945%,-0.0008,0.5945,-0.1992,0.3413,2.2542%,2.3288%,6.2996%,-0.0203129999999999,PCTI,87361.0,2019-03-01,252.0,-1.1742%,-0.0009,0.5885,-0.208,0.3383,2.2555%,2.3286%,6.1749%,-0.014169,PCTI,87361.0,2019-03-04,252.0,-1.3861%,-0.0009,0.592,-0.2086,0.3349,2.2567%,2.3298%,6.1807%,-0.013043,PCTI,87361.0,2019-03-05,252.0,-1.6064%,-0.0009,0.5971,-0.1784,0.3437,2.2571%,2.3306%,6.2070%,-0.014991,PCTI,87361.0,2019-03-06,252.0,-1.2245%,-0.0009,0.6083,-0.1669,0.3579,2.2559%,2.3313%,6.3620%,-0.009704,PCTI,87361.0,2019-03-07,252.0,-0.6198%,-0.0009,0.6089,-0.1627,0.3599,2.2558%,2.3315%,6.3875%,-0.000236,PCTI,87361.0,2019-03-08,252.0,0.0000%,-0.0009,0.6092,-0.1746,0.361,2.2549%,2.3309%,6.4199%,0.001943,PCTI,87361.0,2019-03-11,252.0,-0.2079%,-0.0009,0.6052,-0.1789,0.3606,2.2554%,2.3309%,6.3764%,-0.00874,PCTI,0.0018819999999999,0.003927,-0.0163859999999999,-0.043598,-0.075326
40795,PEPSICO INC,Amazon.com 8-K Shows Board Named Pepsi CEO Indra Nooyi To Board,6,increase,0.7,0.6,"indra nooyi's appointment to amazon's board may enhance investor confidence in pepsico's leadership and strategic direction, potentially leading to a positive impact on its stock price.",2,2019-02-25,PEP,2019-02-25 21:34:00+00:00,13856.0,71344810,-0.0059952428564429,3774721.0,-0.0007754294201731,0.0056847860105335,-0.005173738580197,0.0023309732787311,0.0103796189650893,-0.0008625763002783,0.0046696723438799,0.0001725187030388,-8.609172073192894e-05,0.0294875875115394,-0.001205125125125,-0.0134069956839084,0.0054296725429594,0.0029000951908528,-0.0048003187403082,0.0072585614398121,-0.0074934982694685,-0.0003981610352639,0.011802420951426,-0.0006631616270169,-0.0001715125108603,0.0003537663433235,8.580368739785627e-05,0.0013286229223012,-0.0092640398070216,-0.0016800320008769,0.0013853131094947,0.0080220503732562,0.0139200491830706,-0.0042601912282407,0.0069924080744385,0.0166937243193388,0.0019476955058053,0.0166972447186708,0.00946587882936,0.0016541104996576,0.0107166673988103,-0.0048468108288943,0.001076849293895,-0.0013698769034817,0.0096814082935452,-0.011108131147921,-0.0010653766803443,0.0074606467969715,-0.0004102309758309,-0.0014535844093188,0.005827369634062,0.0077824434265494,-0.0044879890047013,0.0081226220354437,-0.0026229482609778,-0.0059638638049364,-0.0009862158913165,0.0155609222128987,-0.0007403449853882,-0.0077663087286055,0.0012348853051662,9.24839187064208e-05,0.0031244633719325,0.006140140350908,0.001393427606672,-0.027943605557084,-0.0010640685213729,0.0095864422619342,-0.0030318154022097,-0.0085988827049732,0.0046026562340557,0.0205061994493007,0.0116992574185133,-0.0093337912112474,-0.0101083610206842,-0.0108617357909679,0.0375786162912845,0.001087375334464,0.0006298259831964,0.008590773679316,-0.0051144380122423,0.0100618144497275,0.0051407297141849,0.0216920021921396,-0.0013376204296946,-0.030981533229351,-0.0062244008295238,-0.0071681421250104,0.0021406824234873,0.0015448761405423,0.0022943110670894,-0.0160943809896707,0.0107348691672086,-0.0091255996376276,-0.0063256942667067,-0.0094777904450893,-0.0032222259324043,-0.0371778756380081,0.0066230096854269,0.0115384487435221,-0.0031330895144492,-0.0024725117255002,-0.0101358788087964,0.0094672385603189,0.0003174574230797,0.0031946359667927,0.0002381083177169,-0.0087298583239316,0.0155493170022964,-0.0002759482595138,-0.0066400351934134,-0.0099176354706287,0.0019660270772874,-0.0242742244154214,0.0152264526113867,0.0310307424515485,0.0071124709211289,-0.0019409565720707,0.0018422524444758,0.0176914930343627,-0.0039842850528657,0.0050060576759278,-0.0072313440032303,0.0038991156034171,-0.0007754294201731,0.0056847860105335,-0.0059451561312628,0.0080290103735505,0.0043727543784959,0.0071595084392093,0.0089759740958204,0.0370370900164593,0.0126238012501902,0.0324520822260967,0.0596115242351988,0.0862406221959826,0.1208431998469343,0.0197284746953381,2019-02-26,2019-02-27,2019-02-28,2019-03-01,2019-03-04,2019-03-05,2019-03-06,2019-03-07,2019-03-08,2019-03-11,13856.0,2019-02-25,252.0,-0.5995%,0.0004,0.422,-0.461,0.0778,1.0319%,1.1411%,18.2313%,-0.007813,PEP,13856.0,2019-02-26,252.0,-0.0775%,0.0004,0.4255,-0.4599,0.081,1.0316%,1.1409%,18.2420%,-0.002894,PEP,13856.0,2019-02-27,252.0,-0.5174%,0.0003,0.4236,-0.458,0.0807,1.0318%,1.1393%,17.9812%,-0.004686,PEP,13856.0,2019-02-28,252.0,1.0380%,0.0004,0.4232,-0.4579,0.0777,1.0341%,1.1411%,17.8616%,0.011886,PEP,13856.0,2019-03-01,252.0,0.4670%,0.0004,0.4189,-0.4642,0.0698,1.0331%,1.1393%,17.7792%,0.003172,PEP,13856.0,2019-03-04,252.0,-0.0086%,0.0004,0.4199,-0.4668,0.0695,1.0330%,1.1382%,17.6370%,-0.000127,PEP,13856.0,2019-03-05,252.0,-0.1205%,0.0004,0.4178,-0.4846,0.0688,1.0307%,1.1372%,17.8392%,-0.001862,PEP,13856.0,2019-03-06,252.0,0.5430%,0.0004,0.4186,-0.491,0.0689,1.0306%,1.1374%,17.8942%,0.002715,PEP,13856.0,2019-03-07,252.0,-0.4800%,0.0004,0.4188,-0.4937,0.0684,1.0306%,1.1379%,17.9725%,-0.001575,PEP,13856.0,2019-03-08,252.0,-0.7493%,0.0003,0.4201,-0.5004,0.0709,1.0307%,1.1389%,18.0946%,-0.006299,PEP,13856.0,2019-03-11,252.0,1.1802%,0.0003,0.4233,-0.482,0.0797,1.0265%,1.1341%,18.0741%,0.007623,PEP,-0.010707,-0.015393,-0.0035069999999999,-0.0004619999999999,0.00014
40803,PFIZER INC,FDA Is Working With Pfizer To Evaluate Other Currently Available Safety Info For Tofacitinib,6,uncertain,0.5,0.2,"the news indicates ongoing evaluation of safety information, which could have mixed implications for pfizer's stock depending on the outcomes of the evaluation.",1,2019-02-25,PFE,2019-02-25 20:56:00+00:00,21936.0,71708110,0.0027933600358664,23979889.0,-0.0013927895342931,0.0194589402526617,-0.0020920536480844,-0.0014218334108591,0.0097833257168531,-0.0093896184116601,0.0002307297982042,0.0047169090248644,-0.0066882129758596,0.0102454200387001,-0.0041792499832808,0.0064748311415314,-0.0240148939192295,-0.004060142673552,-0.0112279318273067,0.0045585082843899,-0.0120802130550146,-0.0130238989368081,0.0149180879816412,0.0127098029479384,0.0055421576835215,-0.0148830860853195,0.0067097716964781,0.005224441178143,-0.019519155845046,-0.0077756368555128,0.0143238687887787,-0.0102612506598234,0.000718109018635,0.0101295709609985,0.0117196328938007,0.0295815020799636,-0.0030733114108443,0.0198675822466611,0.0042684446088969,0.0313686244189739,-0.0118063762784004,-0.0273130070418119,0.0009558164165355,-0.007570241112262,0.0126521550118923,-0.0287001673132181,-0.0094294603914022,-0.0026023327372968,0.0064255222678184,-0.0061132926493883,0.0042563322931528,0.0014127044705674,0.0087120067328214,0.0085490522906184,0.001633979845792,-0.0145096872001886,-0.0016313142841681,0.0084965927526354,-0.0023342315107584,-0.0118937063962221,0.005849321372807,0.0134719852358102,0.0034891301766037,-0.0237655472010374,-0.006954085547477,-0.0020723037887364,-0.0025677080266177,0.0046264347620308,-0.0107652489095926,0.0053488267585635,-0.0132481986656785,0.0228353720158338,0.0091105513274669,-0.0279768574982881,-0.0277976244688034,-0.0091638378798961,-0.0254153758287429,0.0160615090280771,-0.0125376125797629,0.0025671089533716,-0.0101574789732694,0.0156435146927833,0.0112878046929836,0.0404438823461532,-0.0012683724053204,-0.0329120196402072,0.0060960547998547,-0.0004767689388245,0.009088628925383,-0.0004765417543239,-0.0095071569085121,-0.0101415161043405,0.0257640928030014,-0.0164694748818874,0.0039399126544594,-0.0157533939927816,0.0058866287581622,-0.0172762051224708,0.0092660589143633,0.0092844171449542,0.0062817623838782,0.0034083509817719,-0.0196878667920827,-0.0087838554754853,0.0029389890842139,0.0109290387481451,0.0012209679698571,-0.0235660597681999,0.0019685490988194,-0.0035445247776806,-0.0036837309598922,-0.0184823274612426,0.0022183917462825,-0.0051913880743086,0.0120511977002024,0.0158207267522811,0.0119076026603579,0.0135856745764613,-0.0040825689211487,0.0188337154686451,0.0028936322778463,0.0168435517698526,0.0019234915962442,0.0046360865235328,-0.0013927895342931,0.0194589402526617,-0.0034819293919512,0.0180094394704115,0.0062673314755372,0.0084507192943164,-0.0002321757312786,0.0235882259105268,-0.0366759930621929,0.0302157869205574,0.0013926991091945,-0.0003616982213966,-0.0241615541492535,0.0042727148460901,2019-02-26,2019-02-27,2019-02-28,2019-03-01,2019-03-04,2019-03-05,2019-03-06,2019-03-07,2019-03-08,2019-03-11,21936.0,2019-02-25,252.0,0.2793%,0.0008,0.7098,-0.4517,0.0122,0.9325%,1.2105%,40.6566%,0.000477,PFE,21936.0,2019-02-26,252.0,-0.1393%,0.0008,0.7099,-0.4463,0.0151,0.9328%,1.2075%,40.3233%,-0.003208,PFE,21936.0,2019-02-27,252.0,-0.2092%,0.0007,0.7046,-0.4376,0.0142,0.9299%,1.1996%,39.9051%,-0.001965,PFE,21936.0,2019-02-28,252.0,0.9783%,0.0008,0.702,-0.4391,0.0096,0.9326%,1.1997%,39.5662%,0.011991,PFE,21936.0,2019-03-01,252.0,0.0231%,0.0008,0.696,-0.4479,0.0025,0.9316%,1.1963%,39.3645%,-0.003602,PFE,21936.0,2019-03-04,252.0,-0.6688%,0.0008,0.6935,-0.4344,0.002,0.9312%,1.1909%,38.8481%,-0.00496,PFE,21936.0,2019-03-05,252.0,-0.4179%,0.0007,0.6925,-0.4459,0.0031,0.9303%,1.1902%,38.9070%,-0.004432,PFE,21936.0,2019-03-06,252.0,-2.4015%,0.0007,0.7054,-0.3976,0.0243,0.9422%,1.2003%,38.3727%,-0.0239069999999999,PFE,21936.0,2019-03-07,252.0,-1.1228%,0.0007,0.7101,-0.387,0.0335,0.9420%,1.2018%,38.5599%,-0.005732,PFE,21936.0,2019-03-08,252.0,-1.2080%,0.0006,0.7118,-0.391,0.0365,0.9443%,1.2045%,38.5395%,-0.010358,PFE,21936.0,2019-03-11,252.0,1.4918%,0.0006,0.7141,-0.3787,0.0424,0.9423%,1.2040%,38.7411%,0.00582,PFE,-0.002731,-0.004696,0.0072949999999999,-0.001267,-0.039876
40811,PENNYMAC MORTGAGE INV TR,"Keefe Bruyette & Woods Upgrades PennyMac Mortgage Inv to Outperform, Raises Price Target to $23",6,increase,0.8,0.6,"upgrades from analysts, especially with a raised price target, typically signal positive sentiment and can lead to an increase in stock price.",2,2019-02-25,PMT,2019-02-25 11:32:00+00:00,92976.0,70931T10,0.0094246296212077,705450.0,0.0009828234324231,0.0105262696743011,0.0024545525666326,0.0070672035217285,-0.001958908746019,-0.0144279059022665,0.0019627534784376,0.0060060480609536,-0.0004897271865047,-0.0010000228649005,0.000979934236966,-0.0243902429938316,-0.0058737560175359,-0.0014613096136599,0.0009847591863945,-0.0370543636381626,0.0054107531905174,0.0,0.0151663143187761,0.0544016025960445,-0.0072288974188268,-0.0093091884627938,0.0111650265753269,-0.0019560349173843,-0.0067210462875664,-0.0009769687894731,0.0019332531373947,0.0123639963567256,0.0014472111361101,-0.0009881649166345,-0.009152241051197,0.0114942295476794,0.0029168433975428,0.0055276690982282,0.007755781058222,-0.0005022716941311,-0.0177970565855503,-0.0025049718096852,0.0004897271865047,0.0126839177682995,0.0029368314426392,0.0097335362806916,0.0092728417366743,0.0067045423202216,0.0048356084153056,-0.0010304203024134,-0.0033687006216496,-0.0010293596424162,0.0067600822076201,-0.0015415612142533,0.0028776722028851,0.0109090432524681,0.0043041678145527,-0.005167978350073,0.0090476442128419,-0.0030911625362932,0.0014157044934108,0.0025826052296906,0.0047125536948442,0.0,0.0,0.007808513008058,0.0014071617042645,0.003133131423965,0.0009367895545437,-0.0010433207498863,0.000935855670832,0.0164368748664856,-0.0033460657577961,0.001061595394276,0.0,0.0118152154609561,-0.0028776722028851,-0.0158561971038579,0.0004809197271242,0.0125326607376337,0.0009615605231374,0.001045502256602,0.003842455567792,0.0522551611065864,0.0043062274344265,-0.012493185698986,-0.0038113351911306,-0.009682641364634,0.0076518338173627,-0.0342857055366039,0.0,-0.0188583489507436,-0.0033222446218132,0.0056381653994321,0.0,-0.0547480247914791,-0.0057143256999552,0.0053579495288431,0.0287356507033109,-0.001944531337358,0.0162942446768283,-0.0053191785700619,-0.0467247106134891,-0.0052910344675183,0.0038443021476268,-0.0234852042049169,-0.0038295800331979,0.0023541029077023,0.0100913504138588,0.017241409048438,-0.0123691828921437,-0.0113637149333953,0.009152241051197,0.0033254919108003,-0.0033413651399314,0.00669533200562,0.0162835326045751,0.001436814549379,-0.0047124633565545,0.0091831134632229,-0.0023674783296883,-0.0019295228412374,0.0037968640681356,-0.0004821711045224,0.0009828234324231,0.0105262696743011,0.0034397883908343,0.0176678644861425,0.0014741414132521,0.0029850482975759,0.0029483765235411,0.0079999926064759,0.0196560009627242,-0.0029673329274639,0.0476658145145079,0.0413222736971694,0.0626617457736071,-0.0038185434078754,2019-02-26,2019-02-27,2019-02-28,2019-03-01,2019-03-04,2019-03-05,2019-03-06,2019-03-07,2019-03-08,2019-03-11,92976.0,2019-02-25,252.0,0.9425%,0.0011,0.4819,0.4213,0.3351,1.0426%,1.1562%,18.6913%,0.010315,PMT,92976.0,2019-02-26,252.0,0.0983%,0.0011,0.4714,0.4254,0.3294,1.0381%,1.1484%,18.2971%,0.005456,PMT,92976.0,2019-02-27,252.0,0.2455%,0.0011,0.4737,0.4214,0.3297,1.0376%,1.1484%,18.3696%,0.001517,PMT,92976.0,2019-02-28,252.0,-0.1959%,0.0011,0.4667,0.4165,0.3248,1.0341%,1.1416%,17.9462%,0.00015,PMT,92976.0,2019-03-01,252.0,0.1963%,0.0012,0.4556,0.4001,0.3088,1.0283%,1.1304%,17.2469%,-0.001396,PMT,92976.0,2019-03-04,252.0,-0.0490%,0.0012,0.4553,0.4001,0.3091,1.0283%,1.1304%,17.2435%,0.002185,PMT,92976.0,2019-03-05,252.0,0.0980%,0.0012,0.4542,0.3929,0.3074,1.0283%,1.1288%,17.0205%,0.003646,PMT,92976.0,2019-03-06,252.0,-0.5874%,0.0011,0.4433,0.3986,0.2959,1.0211%,1.1201%,16.9012%,0.002678,PMT,92976.0,2019-03-07,252.0,0.0985%,0.0011,0.4407,0.3951,0.2915,1.0215%,1.1194%,16.7314%,0.005785,PMT,92976.0,2019-03-08,252.0,0.5411%,0.0012,0.4395,0.4026,0.2892,1.0212%,1.1194%,16.7746%,0.006588,PMT,92976.0,2019-03-11,252.0,1.5166%,0.0012,0.4432,0.4098,0.2914,1.0219%,1.1227%,17.1520%,0.008582,PMT,0.015771,0.017288,0.017438,0.018227,0.045506
40819,INSULET CORP,Insulet Sees Q1 Sales $152M-$156M; FY19 Sales $662M-$687M,6,increase,0.7,0.6,"the projected sales figures for q1 and fy19 suggest strong growth, which is likely to positively influence investor sentiment and increase the stock price.",2,2019-02-25,PODD,2019-02-25 21:02:00+00:00,92050.0,45784P10,0.0264840144664049,1330831.0,0.0243550091981887,0.0278070513159036,0.0153077412396669,-0.0071061626076698,0.0041703060269355,-0.0204268060624599,0.0046852817758917,-0.0093827927485108,-0.0195018164813518,0.0427914336323738,0.014593000523746,-0.0015300995437428,-0.0184317417442798,0.0072317798621952,0.0103115662932395,0.0181050095707178,-0.011280651204288,0.0107356011867523,0.0210801102221012,0.0079931328073143,0.020325593650341,-0.0013508609263226,-0.0015643920050933,-0.0035487140994519,0.0024025458842515,0.0078934310004115,0.0216757170855999,-0.0175693314522504,-0.0058139502070844,0.0165044497698545,0.0139530170708894,0.0553750433027744,0.0064757601357996,0.0049640396609902,0.0241278931498527,-0.0240948405116796,-0.0395602844655513,-0.0001273997040698,-0.0067456671968102,0.0206869151443243,-0.0043218582868576,0.0362680666148662,-0.0348284691572189,-0.029950313270092,0.0069600762799382,0.020146794617176,0.0111654130741953,0.001871399465017,0.0035756018478423,0.0112191699445247,0.003877216251567,-0.0388462767004966,0.0044885207898914,0.0352387726306915,-0.0049880840815603,0.017795966938138,0.0010443704668432,-0.0157639198005199,-0.0128325065597891,-0.0088140498846769,-0.0076093976385891,0.0098448507487773,-0.0014909412711858,-0.0008084834553301,-0.0028797383420169,-0.0381076149642467,-0.0014974798541516,0.0650193095207214,-0.0205677356570959,-0.013482199050486,-0.0212184451520443,-0.0742561668157577,-0.0756508782505989,0.0222967322915792,-0.0071325432509183,0.0126597955822944,0.0036527828779071,-0.0016937752952799,0.009462559595704,0.0433659926056861,0.0013219638494774,0.0012249399442225,-0.0014402633532881,0.0027296927291899,0.0231971200555563,-0.0285070482641458,0.0116293374449014,-0.017968812957406,0.0015094896079972,0.0035280841402709,-0.0164637472480535,-0.0395331531763076,0.0147353531792759,-0.0176303815096616,0.123025044798851,-0.027108097448945,0.0538946837186813,0.0106680188328027,0.0066745220683515,0.0,0.0024375976063311,0.0215479619801044,0.020134225487709,-0.0382324829697608,-0.0162089727818965,0.0159728918224573,-0.0172513928264379,-0.0441822782158851,0.0192307382822036,0.030144153162837,0.0071601150557398,-0.0131687559187412,0.0202709268778562,0.0097352443262934,-0.0216572079807519,0.03961993008852,0.0017324379878118,0.0016070868587121,0.0063412375748157,0.0461717508733272,0.0243550091981887,0.0278070513159036,0.0400355706165513,0.0205032872799431,0.044372837224921,-0.0003423354554271,0.028803424918447,0.0326535027617242,0.045040072009042,0.0772257612474212,0.0522687379962718,0.1698718181910681,0.1648131624467832,0.1329539372057648,2019-02-26,2019-02-27,2019-02-28,2019-03-01,2019-03-04,2019-03-05,2019-03-06,2019-03-07,2019-03-08,2019-03-11,92050.0,2019-02-25,252.0,2.6484%,-0.0001,0.8724,0.6205,-1.1458,1.7749%,2.3062%,40.7671%,0.02464,PODD,92050.0,2019-02-26,252.0,2.4355%,0.0003,0.9116,0.5465,-1.154,1.7193%,2.2777%,43.0232%,0.025841,PODD,92050.0,2019-02-27,252.0,1.5308%,0.0003,0.9083,0.5558,-1.1545,1.7201%,2.2774%,42.9511%,0.0119639999999999,PODD,92050.0,2019-02-28,252.0,0.4170%,0.0003,0.9122,0.5585,-1.1525,1.7194%,2.2773%,42.9907%,0.003889,PODD,92050.0,2019-03-01,252.0,0.4685%,0.0003,0.9044,0.5469,-1.1607,1.7191%,2.2740%,42.8498%,-0.008202,PODD,92050.0,2019-03-04,252.0,-1.9502%,0.0003,0.8937,0.5899,-1.1597,1.7126%,2.2695%,43.0554%,-0.008175,PODD,92050.0,2019-03-05,252.0,1.4593%,0.0004,0.895,0.6097,-1.1642,1.7119%,2.2711%,43.1799%,0.015068,PODD,92050.0,2019-03-06,252.0,-1.8432%,0.0003,0.8788,0.6315,-1.1795,1.6993%,2.2627%,43.5959%,-0.002856,PODD,92050.0,2019-03-07,252.0,1.0312%,0.0002,0.864,0.5852,-1.2124,1.6870%,2.2491%,43.7389%,0.0139779999999999,PODD,92050.0,2019-03-08,252.0,-1.1281%,0.0001,0.8663,0.5733,-1.208,1.6873%,2.2467%,43.5977%,-0.011824,PODD,92050.0,2019-03-11,252.0,2.1080%,0.0002,0.8667,0.5574,-1.2172,1.6839%,2.2489%,43.9337%,-0.000263,PODD,0.050481,0.062445,0.066334,0.049957,0.06406
40827,INSULET CORP,"Insulet Q4 EPS $0.16 Beats $0.07 Estimate, Sales $164.9M Beat $162.46M Estimate",6,increase,0.8,0.6,"the company reported better-than-expected earnings and sales, which typically leads to positive investor sentiment and an increase in stock price.",2,2019-02-25,PODD,2019-02-25 21:01:00+00:00,92050.0,45784P10,0.0264840144664049,1330831.0,0.0243550091981887,0.0278070513159036,0.0153077412396669,-0.0071061626076698,0.0041703060269355,-0.0204268060624599,0.0046852817758917,-0.0093827927485108,-0.0195018164813518,0.0427914336323738,0.014593000523746,-0.0015300995437428,-0.0184317417442798,0.0072317798621952,0.0103115662932395,0.0181050095707178,-0.011280651204288,0.0107356011867523,0.0210801102221012,0.0079931328073143,0.020325593650341,-0.0013508609263226,-0.0015643920050933,-0.0035487140994519,0.0024025458842515,0.0078934310004115,0.0216757170855999,-0.0175693314522504,-0.0058139502070844,0.0165044497698545,0.0139530170708894,0.0553750433027744,0.0064757601357996,0.0049640396609902,0.0241278931498527,-0.0240948405116796,-0.0395602844655513,-0.0001273997040698,-0.0067456671968102,0.0206869151443243,-0.0043218582868576,0.0362680666148662,-0.0348284691572189,-0.029950313270092,0.0069600762799382,0.020146794617176,0.0111654130741953,0.001871399465017,0.0035756018478423,0.0112191699445247,0.003877216251567,-0.0388462767004966,0.0044885207898914,0.0352387726306915,-0.0049880840815603,0.017795966938138,0.0010443704668432,-0.0157639198005199,-0.0128325065597891,-0.0088140498846769,-0.0076093976385891,0.0098448507487773,-0.0014909412711858,-0.0008084834553301,-0.0028797383420169,-0.0381076149642467,-0.0014974798541516,0.0650193095207214,-0.0205677356570959,-0.013482199050486,-0.0212184451520443,-0.0742561668157577,-0.0756508782505989,0.0222967322915792,-0.0071325432509183,0.0126597955822944,0.0036527828779071,-0.0016937752952799,0.009462559595704,0.0433659926056861,0.0013219638494774,0.0012249399442225,-0.0014402633532881,0.0027296927291899,0.0231971200555563,-0.0285070482641458,0.0116293374449014,-0.017968812957406,0.0015094896079972,0.0035280841402709,-0.0164637472480535,-0.0395331531763076,0.0147353531792759,-0.0176303815096616,0.123025044798851,-0.027108097448945,0.0538946837186813,0.0106680188328027,0.0066745220683515,0.0,0.0024375976063311,0.0215479619801044,0.020134225487709,-0.0382324829697608,-0.0162089727818965,0.0159728918224573,-0.0172513928264379,-0.0441822782158851,0.0192307382822036,0.030144153162837,0.0071601150557398,-0.0131687559187412,0.0202709268778562,0.0097352443262934,-0.0216572079807519,0.03961993008852,0.0017324379878118,0.0016070868587121,0.0063412375748157,0.0461717508733272,0.0243550091981887,0.0278070513159036,0.0400355706165513,0.0205032872799431,0.044372837224921,-0.0003423354554271,0.028803424918447,0.0326535027617242,0.045040072009042,0.0772257612474212,0.0522687379962718,0.1698718181910681,0.1648131624467832,0.1329539372057648,2019-02-26,2019-02-27,2019-02-28,2019-03-01,2019-03-04,2019-03-05,2019-03-06,2019-03-07,2019-03-08,2019-03-11,92050.0,2019-02-25,252.0,2.6484%,-0.0001,0.8724,0.6205,-1.1458,1.7749%,2.3062%,40.7671%,0.02464,PODD,92050.0,2019-02-26,252.0,2.4355%,0.0003,0.9116,0.5465,-1.154,1.7193%,2.2777%,43.0232%,0.025841,PODD,92050.0,2019-02-27,252.0,1.5308%,0.0003,0.9083,0.5558,-1.1545,1.7201%,2.2774%,42.9511%,0.0119639999999999,PODD,92050.0,2019-02-28,252.0,0.4170%,0.0003,0.9122,0.5585,-1.1525,1.7194%,2.2773%,42.9907%,0.003889,PODD,92050.0,2019-03-01,252.0,0.4685%,0.0003,0.9044,0.5469,-1.1607,1.7191%,2.2740%,42.8498%,-0.008202,PODD,92050.0,2019-03-04,252.0,-1.9502%,0.0003,0.8937,0.5899,-1.1597,1.7126%,2.2695%,43.0554%,-0.008175,PODD,92050.0,2019-03-05,252.0,1.4593%,0.0004,0.895,0.6097,-1.1642,1.7119%,2.2711%,43.1799%,0.015068,PODD,92050.0,2019-03-06,252.0,-1.8432%,0.0003,0.8788,0.6315,-1.1795,1.6993%,2.2627%,43.5959%,-0.002856,PODD,92050.0,2019-03-07,252.0,1.0312%,0.0002,0.864,0.5852,-1.2124,1.6870%,2.2491%,43.7389%,0.0139779999999999,PODD,92050.0,2019-03-08,252.0,-1.1281%,0.0001,0.8663,0.5733,-1.208,1.6873%,2.2467%,43.5977%,-0.011824,PODD,92050.0,2019-03-11,252.0,2.1080%,0.0002,0.8667,0.5574,-1.2172,1.6839%,2.2489%,43.9337%,-0.000263,PODD,0.050481,0.062445,0.066334,0.049957,0.06406
40835,QUALCOMM INC,Qualcomm Launches 5G Power Save to Bring All-day Battery Life to 5G Devices at #MWC19,6,increase,0.8,0.7,"the launch of 5g power save technology is likely to enhance the appeal of qualcomm's products, potentially driving demand and positively impacting stock prices.",2,2019-02-25,QCOM,2019-02-25 09:43:00+00:00,77178.0,74752510,-0.0024472374934703,15331528.0,0.0007548046996816,0.0147087005898356,0.0001886128011392,-0.0019066212698817,0.0065987645648419,0.0084599591791629,0.0151714058592915,0.000577121565584,-0.0077491141855716,0.0079503562301397,0.0029750808607786,-0.0003876808914355,0.0274379067122936,-0.0013550076400861,-0.0140511030331254,0.0163288991898298,-0.0092541184276342,0.0107377395033836,0.0153185073286294,-0.0051433891057968,0.0090156700462102,-0.010763194411993,0.0100291622802615,0.0072934934869408,0.0001805765787139,0.0209297835826873,0.0216605942696332,0.001612538122572,0.0040636635385453,0.0018174505094066,0.0024634767323732,-0.0129559049382805,0.0033350645098835,0.0155869759619236,0.0106718093156814,-0.0244865305721759,-0.0164445340633392,-0.012865494005382,-0.0031679039821028,0.0096437288448214,0.0240113101899623,-0.0185435395687818,-0.0187931060791015,-0.0464173965156078,-0.0063257883302867,-0.0177311301231384,0.0084880553185939,0.0091290855780243,0.0136770578101277,-0.0090464986860752,0.0048434315249323,-0.0082540661096572,-0.0070580109022557,-0.0273996461182832,0.0031206710264086,-0.0034782742150127,0.0022468210663646,0.0123239569365978,-0.0039662588387727,0.0033562732860445,-0.0055401609279215,0.0117962434887886,-0.0193244572728872,-0.0086817480623722,-0.0076335929334163,-0.0028268524911254,0.0187835283577442,0.0161579474806785,0.0040386221371591,-0.0296167377382516,0.2320740967988968,0.0086101153865456,0.1224983036518097,0.0017602265579625,0.0102427611127495,0.0128365345299243,0.0260358229279518,0.0023231070954352,0.0579480305314064,0.0430568046867847,0.0012684571556746,-0.0218777935951948,-0.0202695168554782,-0.0269647054374218,0.0184553861618042,-0.005644729360938,0.0070406347513198,-0.0188646614551544,-0.0128367077559232,0.0136841889470815,0.0027865495067089,-0.0107601340860128,0.0089150937274098,-0.0080909142270684,0.024672957137227,0.0064102378673851,-0.0116474507376551,0.0064516607671976,-0.0345609411597251,0.0019216770306229,-0.007746432442218,0.0223254151642322,-0.0089898528531193,-0.01961125805974,0.0245881788432598,1.858450815461765e-08,-0.0227166470140218,-0.0238417293876409,0.026701608672738,0.0151047222316265,0.0015094031114131,0.0025812718085944,-0.0399954132735729,0.0257722698152065,-0.0158193167299032,0.019434979185462,-0.0598772652447223,-0.002870982280001,0.0147480713203549,0.0086877746507525,0.0007548046996816,0.0147087005898356,0.0009435598666496,0.012774035398557,0.0075485507609045,0.0213420623957449,0.0149084175786857,0.0300562204009531,0.0372693997092246,0.0508407468568956,0.1023492264093217,-0.0616499148401408,0.4838583107298997,-0.0281143421736835,2019-02-26,2019-02-27,2019-02-28,2019-03-01,2019-03-04,2019-03-05,2019-03-06,2019-03-07,2019-03-08,2019-03-11,77178.0,2019-02-25,252.0,-0.2447%,-0.0007,0.9805,0.035,-0.1783,1.4356%,1.8015%,36.4950%,-0.004234,QCOM,77178.0,2019-02-26,252.0,0.0755%,-0.0007,0.9777,0.0341,-0.1808,1.4355%,1.7976%,36.2313%,0.001859,QCOM,77178.0,2019-02-27,252.0,0.0189%,-0.0009,0.9565,0.0716,-0.1843,1.4034%,1.7595%,36.3830%,-0.001073,QCOM,77178.0,2019-02-28,252.0,0.6599%,-0.0009,0.9609,0.075,-0.1834,1.4028%,1.7601%,36.4832%,0.008989,QCOM,77178.0,2019-03-01,252.0,1.5171%,-0.0008,0.9572,0.0694,-0.193,1.4025%,1.7585%,36.3897%,0.007212,QCOM,77178.0,2019-03-04,252.0,-0.7749%,-0.0009,0.9624,0.053,-0.1945,1.4008%,1.7591%,36.5861%,-0.001832,QCOM,77178.0,2019-03-05,252.0,0.2975%,-0.0008,0.964,0.069,-0.1952,1.3995%,1.7591%,36.7121%,0.004219,QCOM,77178.0,2019-03-06,252.0,2.7438%,-0.0006,0.9595,-0.0167,-0.212,1.4125%,1.7665%,36.0628%,0.036393,QCOM,77178.0,2019-03-07,252.0,-1.4051%,-0.0005,0.9702,0.0237,-0.1863,1.3986%,1.7592%,36.7975%,-0.006985,QCOM,77178.0,2019-03-08,252.0,-0.9254%,-0.0005,0.9715,0.0185,-0.184,1.3990%,1.7598%,36.7981%,-0.007538,QCOM,77178.0,2019-03-11,252.0,1.5319%,-0.0005,0.9721,0.0052,-0.1919,1.3960%,1.7613%,37.1760%,-0.00027,QCOM,-0.0023749999999999,-0.0034479999999999,0.005541,0.010921,0.03674
40843,QUALCOMM INC,Qualcomm Announces Automotive Industry's First 5G Dual SIM Dual Active and Latest 4G LTE-Advanced Pro-Tiered Platform Portfolio With Integrated C-V2X and Precise Positioning Support For Next Generation Vehicles at #MWC19,6,increase,0.8,0.7,"the announcement of innovative technology in the automotive sector, particularly 5g capabilities, positions qualcomm favorably in a growing market, likely boosting investor confidence.",2,2019-02-25,QCOM,2019-02-25 09:09:00+00:00,77178.0,74752510,-0.0024472374934703,15331528.0,0.0007548046996816,0.0147087005898356,0.0001886128011392,-0.0019066212698817,0.0065987645648419,0.0084599591791629,0.0151714058592915,0.000577121565584,-0.0077491141855716,0.0079503562301397,0.0029750808607786,-0.0003876808914355,0.0274379067122936,-0.0013550076400861,-0.0140511030331254,0.0163288991898298,-0.0092541184276342,0.0107377395033836,0.0153185073286294,-0.0051433891057968,0.0090156700462102,-0.010763194411993,0.0100291622802615,0.0072934934869408,0.0001805765787139,0.0209297835826873,0.0216605942696332,0.001612538122572,0.0040636635385453,0.0018174505094066,0.0024634767323732,-0.0129559049382805,0.0033350645098835,0.0155869759619236,0.0106718093156814,-0.0244865305721759,-0.0164445340633392,-0.012865494005382,-0.0031679039821028,0.0096437288448214,0.0240113101899623,-0.0185435395687818,-0.0187931060791015,-0.0464173965156078,-0.0063257883302867,-0.0177311301231384,0.0084880553185939,0.0091290855780243,0.0136770578101277,-0.0090464986860752,0.0048434315249323,-0.0082540661096572,-0.0070580109022557,-0.0273996461182832,0.0031206710264086,-0.0034782742150127,0.0022468210663646,0.0123239569365978,-0.0039662588387727,0.0033562732860445,-0.0055401609279215,0.0117962434887886,-0.0193244572728872,-0.0086817480623722,-0.0076335929334163,-0.0028268524911254,0.0187835283577442,0.0161579474806785,0.0040386221371591,-0.0296167377382516,0.2320740967988968,0.0086101153865456,0.1224983036518097,0.0017602265579625,0.0102427611127495,0.0128365345299243,0.0260358229279518,0.0023231070954352,0.0579480305314064,0.0430568046867847,0.0012684571556746,-0.0218777935951948,-0.0202695168554782,-0.0269647054374218,0.0184553861618042,-0.005644729360938,0.0070406347513198,-0.0188646614551544,-0.0128367077559232,0.0136841889470815,0.0027865495067089,-0.0107601340860128,0.0089150937274098,-0.0080909142270684,0.024672957137227,0.0064102378673851,-0.0116474507376551,0.0064516607671976,-0.0345609411597251,0.0019216770306229,-0.007746432442218,0.0223254151642322,-0.0089898528531193,-0.01961125805974,0.0245881788432598,1.858450815461765e-08,-0.0227166470140218,-0.0238417293876409,0.026701608672738,0.0151047222316265,0.0015094031114131,0.0025812718085944,-0.0399954132735729,0.0257722698152065,-0.0158193167299032,0.019434979185462,-0.0598772652447223,-0.002870982280001,0.0147480713203549,0.0086877746507525,0.0007548046996816,0.0147087005898356,0.0009435598666496,0.012774035398557,0.0075485507609045,0.0213420623957449,0.0149084175786857,0.0300562204009531,0.0372693997092246,0.0508407468568956,0.1023492264093217,-0.0616499148401408,0.4838583107298997,-0.0281143421736835,2019-02-26,2019-02-27,2019-02-28,2019-03-01,2019-03-04,2019-03-05,2019-03-06,2019-03-07,2019-03-08,2019-03-11,77178.0,2019-02-25,252.0,-0.2447%,-0.0007,0.9805,0.035,-0.1783,1.4356%,1.8015%,36.4950%,-0.004234,QCOM,77178.0,2019-02-26,252.0,0.0755%,-0.0007,0.9777,0.0341,-0.1808,1.4355%,1.7976%,36.2313%,0.001859,QCOM,77178.0,2019-02-27,252.0,0.0189%,-0.0009,0.9565,0.0716,-0.1843,1.4034%,1.7595%,36.3830%,-0.001073,QCOM,77178.0,2019-02-28,252.0,0.6599%,-0.0009,0.9609,0.075,-0.1834,1.4028%,1.7601%,36.4832%,0.008989,QCOM,77178.0,2019-03-01,252.0,1.5171%,-0.0008,0.9572,0.0694,-0.193,1.4025%,1.7585%,36.3897%,0.007212,QCOM,77178.0,2019-03-04,252.0,-0.7749%,-0.0009,0.9624,0.053,-0.1945,1.4008%,1.7591%,36.5861%,-0.001832,QCOM,77178.0,2019-03-05,252.0,0.2975%,-0.0008,0.964,0.069,-0.1952,1.3995%,1.7591%,36.7121%,0.004219,QCOM,77178.0,2019-03-06,252.0,2.7438%,-0.0006,0.9595,-0.0167,-0.212,1.4125%,1.7665%,36.0628%,0.036393,QCOM,77178.0,2019-03-07,252.0,-1.4051%,-0.0005,0.9702,0.0237,-0.1863,1.3986%,1.7592%,36.7975%,-0.006985,QCOM,77178.0,2019-03-08,252.0,-0.9254%,-0.0005,0.9715,0.0185,-0.184,1.3990%,1.7598%,36.7981%,-0.007538,QCOM,77178.0,2019-03-11,252.0,1.5319%,-0.0005,0.9721,0.0052,-0.1919,1.3960%,1.7613%,37.1760%,-0.00027,QCOM,-0.0023749999999999,-0.0034479999999999,0.005541,0.010921,0.03674
40851,QUALCOMM INC,Qualcomm Announces World's First Commercial 5G PC Platform at #MWC19,6,increase,0.8,0.7,"the announcement of the world's first commercial 5g pc platform positions qualcomm as a leader in the emerging 5g market, likely boosting investor confidence and driving up stock prices.",2,2019-02-25,QCOM,2019-02-25 09:09:00+00:00,77178.0,74752510,-0.0024472374934703,15331528.0,0.0007548046996816,0.0147087005898356,0.0001886128011392,-0.0019066212698817,0.0065987645648419,0.0084599591791629,0.0151714058592915,0.000577121565584,-0.0077491141855716,0.0079503562301397,0.0029750808607786,-0.0003876808914355,0.0274379067122936,-0.0013550076400861,-0.0140511030331254,0.0163288991898298,-0.0092541184276342,0.0107377395033836,0.0153185073286294,-0.0051433891057968,0.0090156700462102,-0.010763194411993,0.0100291622802615,0.0072934934869408,0.0001805765787139,0.0209297835826873,0.0216605942696332,0.001612538122572,0.0040636635385453,0.0018174505094066,0.0024634767323732,-0.0129559049382805,0.0033350645098835,0.0155869759619236,0.0106718093156814,-0.0244865305721759,-0.0164445340633392,-0.012865494005382,-0.0031679039821028,0.0096437288448214,0.0240113101899623,-0.0185435395687818,-0.0187931060791015,-0.0464173965156078,-0.0063257883302867,-0.0177311301231384,0.0084880553185939,0.0091290855780243,0.0136770578101277,-0.0090464986860752,0.0048434315249323,-0.0082540661096572,-0.0070580109022557,-0.0273996461182832,0.0031206710264086,-0.0034782742150127,0.0022468210663646,0.0123239569365978,-0.0039662588387727,0.0033562732860445,-0.0055401609279215,0.0117962434887886,-0.0193244572728872,-0.0086817480623722,-0.0076335929334163,-0.0028268524911254,0.0187835283577442,0.0161579474806785,0.0040386221371591,-0.0296167377382516,0.2320740967988968,0.0086101153865456,0.1224983036518097,0.0017602265579625,0.0102427611127495,0.0128365345299243,0.0260358229279518,0.0023231070954352,0.0579480305314064,0.0430568046867847,0.0012684571556746,-0.0218777935951948,-0.0202695168554782,-0.0269647054374218,0.0184553861618042,-0.005644729360938,0.0070406347513198,-0.0188646614551544,-0.0128367077559232,0.0136841889470815,0.0027865495067089,-0.0107601340860128,0.0089150937274098,-0.0080909142270684,0.024672957137227,0.0064102378673851,-0.0116474507376551,0.0064516607671976,-0.0345609411597251,0.0019216770306229,-0.007746432442218,0.0223254151642322,-0.0089898528531193,-0.01961125805974,0.0245881788432598,1.858450815461765e-08,-0.0227166470140218,-0.0238417293876409,0.026701608672738,0.0151047222316265,0.0015094031114131,0.0025812718085944,-0.0399954132735729,0.0257722698152065,-0.0158193167299032,0.019434979185462,-0.0598772652447223,-0.002870982280001,0.0147480713203549,0.0086877746507525,0.0007548046996816,0.0147087005898356,0.0009435598666496,0.012774035398557,0.0075485507609045,0.0213420623957449,0.0149084175786857,0.0300562204009531,0.0372693997092246,0.0508407468568956,0.1023492264093217,-0.0616499148401408,0.4838583107298997,-0.0281143421736835,2019-02-26,2019-02-27,2019-02-28,2019-03-01,2019-03-04,2019-03-05,2019-03-06,2019-03-07,2019-03-08,2019-03-11,77178.0,2019-02-25,252.0,-0.2447%,-0.0007,0.9805,0.035,-0.1783,1.4356%,1.8015%,36.4950%,-0.004234,QCOM,77178.0,2019-02-26,252.0,0.0755%,-0.0007,0.9777,0.0341,-0.1808,1.4355%,1.7976%,36.2313%,0.001859,QCOM,77178.0,2019-02-27,252.0,0.0189%,-0.0009,0.9565,0.0716,-0.1843,1.4034%,1.7595%,36.3830%,-0.001073,QCOM,77178.0,2019-02-28,252.0,0.6599%,-0.0009,0.9609,0.075,-0.1834,1.4028%,1.7601%,36.4832%,0.008989,QCOM,77178.0,2019-03-01,252.0,1.5171%,-0.0008,0.9572,0.0694,-0.193,1.4025%,1.7585%,36.3897%,0.007212,QCOM,77178.0,2019-03-04,252.0,-0.7749%,-0.0009,0.9624,0.053,-0.1945,1.4008%,1.7591%,36.5861%,-0.001832,QCOM,77178.0,2019-03-05,252.0,0.2975%,-0.0008,0.964,0.069,-0.1952,1.3995%,1.7591%,36.7121%,0.004219,QCOM,77178.0,2019-03-06,252.0,2.7438%,-0.0006,0.9595,-0.0167,-0.212,1.4125%,1.7665%,36.0628%,0.036393,QCOM,77178.0,2019-03-07,252.0,-1.4051%,-0.0005,0.9702,0.0237,-0.1863,1.3986%,1.7592%,36.7975%,-0.006985,QCOM,77178.0,2019-03-08,252.0,-0.9254%,-0.0005,0.9715,0.0185,-0.184,1.3990%,1.7598%,36.7981%,-0.007538,QCOM,77178.0,2019-03-11,252.0,1.5319%,-0.0005,0.9721,0.0052,-0.1919,1.3960%,1.7613%,37.1760%,-0.00027,QCOM,-0.0023749999999999,-0.0034479999999999,0.005541,0.010921,0.03674
40859,QUAD GRAPHICS INC,LSC Communications Shareholders Approve the Merger with Quad/Graphics,6,increase,0.75,0.6,"the approval of the merger by lsc communications shareholders is likely to be viewed positively by investors, as it suggests a consolidation that could enhance quad/graphics' market position and operational efficiencies.",2,2019-02-25,QUAD,2019-02-25 11:25:00+00:00,12009.0,74730110,-0.0019059551414102,630163.0,0.0031826982740312,-0.0018668271368369,-0.0545685663819313,-0.0110769420862197,-0.0208053346723318,0.119145967066288,-0.0164496079087257,-0.0013754817191511,-0.0731707438826561,0.0062283845618367,-0.0090225478634238,0.0104894833639264,-0.0455235466361045,0.0049192304722964,-0.0158982370048761,0.0128113413229584,-0.0129240583628416,0.0233066752552986,0.0106383068487048,-0.0050725108012557,-0.0251012481749057,-0.0079079549759626,0.0074750958010554,0.000719440926332,-0.0107172392308712,0.0168251302093267,0.008333365432918,0.013343240134418,-0.0305785816162824,-0.0014804187230765,-0.0247229300439357,-0.0117044514045119,-0.013986000791192,0.0156017858535051,0.0310284029692411,-0.0175182316452264,-0.0335339941084384,-0.0158046167343854,0.0097865313291549,0.031111117452383,0.0193831995129585,0.0014837135095149,0.0190147161483764,0.0127722853794693,0.0212044101208448,-0.0417566522955894,-0.0116279358044266,-0.0134942885488271,0.0201681293547153,-0.0112359449267387,0.0140033010393381,0.0200572870671749,-0.0162470154464244,-0.0113314343616366,0.0214698798954486,0.003553673857823,0.0088924542069435,0.0093256896361708,0.0128205772489309,-0.0155367422848939,-0.0261075887829065,0.0404114760458469,0.0032493874896317,0.0225393865257501,0.011335982941091,0.0214889254420995,0.0176141131669282,0.0567720867693424,-0.0259638018906116,-0.0260663442313671,0.0040387874469161,0.0275974161922931,0.0144810415804386,0.0156636089086532,0.0023791186977177,0.0244932398200035,-0.0379747226834297,-0.0366151183843612,0.0106907989829778,0.0148637741804122,0.0227827280759811,-0.018638614565134,-0.0803499817848205,0.0057049463503062,0.0380622446537017,-0.0346183776855468,0.020833333954215,-0.0363911725580692,-0.00326530309394,0.0224806182086467,-0.0974610596895217,-0.0137614915147423,-0.0362976901233196,-0.037527609616518,0.049905814230442,-0.0173535626381635,0.0044843223877251,0.0036284609232097,-0.0214285515248775,-0.0275229606777429,-0.010036464780569,-0.0234321262687444,0.0138248493894934,-0.0602331198751926,-0.0090909441933035,-0.0012936906423419,-0.046788927167654,-0.0573170483112335,0.0173242874443531,0.0012210292043164,0.0208136495202779,0.0111110117286443,-0.0092678759247064,-0.0199636965990066,-0.038353607058525,0.0273462105542421,-0.0070139979943633,-0.0254391320049762,0.0131180742755532,0.0273802448064088,0.0031826982740312,-0.0018668271368369,-0.0515595433899401,-0.012923090486977,-0.0712921645064916,0.1046831424657548,-0.1534054667789073,0.1100345985754607,-0.2138764911937974,0.1623188039921193,-0.1954169146930747,0.1327683528763619,-0.3417056933399548,-0.001866830873566,2019-02-26,2019-02-27,2019-02-28,2019-03-01,2019-03-04,2019-03-05,2019-03-06,2019-03-07,2019-03-08,2019-03-11,12009.0,2019-02-25,252.0,-0.1906%,-0.0017,0.9205,1.8908,1.0357,2.8975%,3.1531%,15.5514%,0.003336,QUAD,12009.0,2019-02-26,252.0,0.3183%,-0.0018,0.8903,1.8897,1.0126,2.8881%,3.1385%,15.3180%,0.020074,QUAD,12009.0,2019-02-27,252.0,-5.4569%,-0.0016,0.9341,1.7954,1.0197,2.8380%,3.0905%,15.6714%,-0.057845,QUAD,12009.0,2019-02-28,252.0,-2.0805%,-0.0016,0.9306,1.7926,1.0205,2.8384%,3.0883%,15.5282%,-0.01582,QUAD,12009.0,2019-03-01,252.0,-1.6450%,-0.0017,0.9276,1.788,1.0263,2.8420%,3.0877%,15.2800%,-0.024357,QUAD,12009.0,2019-03-04,252.0,-7.3171%,-0.002,0.9345,1.822,1.0114,2.8699%,3.1202%,15.3977%,-0.065288,QUAD,12009.0,2019-03-05,252.0,-0.9023%,-0.0019,0.9379,1.8501,1.0129,2.8680%,3.1203%,15.5180%,0.000552,QUAD,12009.0,2019-03-06,252.0,-4.5524%,-0.0019,0.9484,1.8723,1.0278,2.8684%,3.1322%,16.1315%,-0.014828,QUAD,12009.0,2019-03-07,252.0,-1.5898%,-0.0018,0.9545,1.8994,1.0436,2.8651%,3.1333%,16.3870%,-0.003509,QUAD,12009.0,2019-03-08,252.0,-1.2924%,-0.0018,0.9544,1.9197,1.0423,2.8632%,3.1337%,16.5199%,-0.0100899999999999,QUAD,12009.0,2019-03-11,252.0,1.0638%,-0.0018,0.9524,1.925,1.0464,2.8629%,3.1347%,16.5918%,-0.005163,QUAD,0.02341,-0.034435,-0.050255,-0.1399,-0.172938
40867,UNIQURE N V,Mid-Morning Market Update: Markets Open Higher; Roche To Acquire Spark Therapeutics For $114.50/Share,6,uncertain,0.6,0.3,"the acquisition of spark therapeutics by roche may have indirect effects on uniqure n v's stock price, but the specific impact is unclear without additional context on market sentiment and competitive positioning.",1,2019-02-25,QURE,2019-02-25 15:16:00+00:00,14466.0,N9006410,0.3430288732051849,4037964.0,-0.041345939040184,0.0330270193517208,-0.0061613484285771,0.0233799759298563,0.014277703128755,0.0244727581739425,0.0614928603172302,0.0253604054450988,0.0362938046455383,0.0414233468472957,0.0020205241162329,-0.0273120161145925,-0.0502436235547065,-0.058793619275093,0.0824486836791038,0.0556152500212192,0.0199411772191524,0.0200054682791233,0.0453525930643081,0.099758930504322,0.0041391481645405,-0.0320886373519897,-0.0082442890852689,-0.0316384956240654,-0.021705662831664,-0.0039392062462866,-0.0031471403781324,0.0108077665790915,0.0383583307266235,0.0265693385154008,0.0103374933823943,0.0369361564517021,-0.0096298437565565,0.0264138747006654,0.0393498018383979,0.0125865200534462,-0.072796419262886,0.0022075560409575,-0.0233328007161617,0.0130990371108055,-0.033414039760828,0.0080515295267105,-0.0225451271981,-0.0028901784680783,-0.0020502123516052,-0.0070153446868062,0.0212292708456516,0.0041626985184848,0.0056999186053872,0.0025682158302515,-0.0066678030416369,-0.0176600273698568,0.0085584549233317,0.0212560333311557,0.058569062501192,0.0391566306352615,-0.0240490231662988,-0.0056572407484054,-0.03688196092844,0.0358496718108654,-0.0260869152843952,0.0079916445538401,-0.0006868288619443,-0.024737361818552,-0.0020618373528122,0.0486851781606674,-0.0022383104078471,0.02738225646317,-0.0191544536501169,-0.0399579852819442,-0.004398311022669,-0.0100624226033687,-0.0348118245601654,0.0697846710681915,-0.0168436132371425,0.043377261608839,-0.0175047013908624,-0.0215990804135799,0.0435936897993087,0.0568682476878166,-0.0065383329056203,-0.0359073467552661,0.0319926887750625,-0.0332213975489139,0.0159432720392942,-0.0282915774732828,-0.0123801063746213,0.0245261937379837,-0.0079449284821748,-0.0033333390019834,0.016195049509406,-0.040511704981327,0.0190893206745386,-0.005302280653268,0.0094518484547734,-0.0429634153842926,0.0260469652712345,0.0288896597921848,-0.0263812858611345,-0.0093103609979152,0.0011929054744541,-0.0317195579409599,-0.0250212978571653,-0.0260162353515625,0.0666899383068084,0.0381498709321022,-0.0559737831354141,-0.0288524311035871,0.0055478448048233,0.041666641831398,0.0087930746376514,0.0027397233061492,0.0471714623272419,0.0209790337830781,-0.024971418082714,0.0106007475405931,0.0224305335432291,-0.0132496887817978,0.039456445723772,0.0493962801992893,-0.041345939040184,0.0330270193517208,-0.0472525407322279,0.0571791661990552,-0.033649495352127,0.083051256279975,0.0630034082664334,0.1565192423839538,0.1675318455345644,0.2537672739579004,0.0703418636559432,0.4339882156216679,0.1363880888072897,0.5221367942098238,2019-02-26,2019-02-27,2019-02-28,2019-03-01,2019-03-04,2019-03-05,2019-03-06,2019-03-07,2019-03-08,2019-03-11,14466.0,2019-02-25,252.0,34.3029%,0.003,1.305,1.2963,-1.6819,4.4454%,4.9927%,20.7227%,0.3419129999999999,QURE,14466.0,2019-02-26,252.0,-4.1346%,0.0029,1.334,1.3233,-1.6465,4.4469%,4.9996%,20.8886%,-0.036612,QURE,14466.0,2019-02-27,252.0,-0.6161%,0.0029,1.3361,1.3153,-1.6462,4.4478%,5.0000%,20.8700%,-0.011952,QURE,14466.0,2019-02-28,252.0,1.4278%,0.0029,1.3384,1.3173,-1.6471,4.4480%,4.9998%,20.8564%,0.0139409999999999,QURE,14466.0,2019-03-01,252.0,6.1493%,0.003,1.3522,1.3378,-1.6436,4.4542%,5.0126%,21.0411%,0.041358,QURE,14466.0,2019-03-04,252.0,3.6294%,0.0033,1.337,1.3414,-1.629,4.4645%,5.0146%,20.7367%,0.054996,QURE,14466.0,2019-03-05,252.0,0.2021%,0.0032,1.3303,1.2896,-1.6343,4.4607%,4.9999%,20.4060%,0.004452,QURE,14466.0,2019-03-06,252.0,-5.0244%,0.0031,1.3449,1.3384,-1.6111,4.4632%,5.0117%,20.6897%,-0.022257,QURE,14466.0,2019-03-07,252.0,8.2449%,0.0037,1.318,1.3757,-1.6363,4.4839%,5.0294%,20.5157%,0.089007,QURE,14466.0,2019-03-08,252.0,1.9941%,0.0037,1.3163,1.3696,-1.6388,4.4848%,5.0281%,20.4429%,0.019281,QURE,14466.0,2019-03-11,252.0,4.5353%,0.0038,1.3216,1.349,-1.6532,4.4821%,5.0326%,20.6818%,0.012198,QURE,0.305301,0.2933489999999999,0.3072899999999999,0.4036439999999999,0.5063249999999999
40875,UNIQURE N V,"Cantor Fitzgerald Maintains Overweight on uniQure, Raises Price Target to $81",6,increase,0.8,0.7,maintaining an 'overweight' rating and raising the price target typically signals positive sentiment and potential for stock price appreciation.,2,2019-02-25,QURE,2019-02-25 14:44:00+00:00,14466.0,N9006410,0.3430288732051849,4037964.0,-0.041345939040184,0.0330270193517208,-0.0061613484285771,0.0233799759298563,0.014277703128755,0.0244727581739425,0.0614928603172302,0.0253604054450988,0.0362938046455383,0.0414233468472957,0.0020205241162329,-0.0273120161145925,-0.0502436235547065,-0.058793619275093,0.0824486836791038,0.0556152500212192,0.0199411772191524,0.0200054682791233,0.0453525930643081,0.099758930504322,0.0041391481645405,-0.0320886373519897,-0.0082442890852689,-0.0316384956240654,-0.021705662831664,-0.0039392062462866,-0.0031471403781324,0.0108077665790915,0.0383583307266235,0.0265693385154008,0.0103374933823943,0.0369361564517021,-0.0096298437565565,0.0264138747006654,0.0393498018383979,0.0125865200534462,-0.072796419262886,0.0022075560409575,-0.0233328007161617,0.0130990371108055,-0.033414039760828,0.0080515295267105,-0.0225451271981,-0.0028901784680783,-0.0020502123516052,-0.0070153446868062,0.0212292708456516,0.0041626985184848,0.0056999186053872,0.0025682158302515,-0.0066678030416369,-0.0176600273698568,0.0085584549233317,0.0212560333311557,0.058569062501192,0.0391566306352615,-0.0240490231662988,-0.0056572407484054,-0.03688196092844,0.0358496718108654,-0.0260869152843952,0.0079916445538401,-0.0006868288619443,-0.024737361818552,-0.0020618373528122,0.0486851781606674,-0.0022383104078471,0.02738225646317,-0.0191544536501169,-0.0399579852819442,-0.004398311022669,-0.0100624226033687,-0.0348118245601654,0.0697846710681915,-0.0168436132371425,0.043377261608839,-0.0175047013908624,-0.0215990804135799,0.0435936897993087,0.0568682476878166,-0.0065383329056203,-0.0359073467552661,0.0319926887750625,-0.0332213975489139,0.0159432720392942,-0.0282915774732828,-0.0123801063746213,0.0245261937379837,-0.0079449284821748,-0.0033333390019834,0.016195049509406,-0.040511704981327,0.0190893206745386,-0.005302280653268,0.0094518484547734,-0.0429634153842926,0.0260469652712345,0.0288896597921848,-0.0263812858611345,-0.0093103609979152,0.0011929054744541,-0.0317195579409599,-0.0250212978571653,-0.0260162353515625,0.0666899383068084,0.0381498709321022,-0.0559737831354141,-0.0288524311035871,0.0055478448048233,0.041666641831398,0.0087930746376514,0.0027397233061492,0.0471714623272419,0.0209790337830781,-0.024971418082714,0.0106007475405931,0.0224305335432291,-0.0132496887817978,0.039456445723772,0.0493962801992893,-0.041345939040184,0.0330270193517208,-0.0472525407322279,0.0571791661990552,-0.033649495352127,0.083051256279975,0.0630034082664334,0.1565192423839538,0.1675318455345644,0.2537672739579004,0.0703418636559432,0.4339882156216679,0.1363880888072897,0.5221367942098238,2019-02-26,2019-02-27,2019-02-28,2019-03-01,2019-03-04,2019-03-05,2019-03-06,2019-03-07,2019-03-08,2019-03-11,14466.0,2019-02-25,252.0,34.3029%,0.003,1.305,1.2963,-1.6819,4.4454%,4.9927%,20.7227%,0.3419129999999999,QURE,14466.0,2019-02-26,252.0,-4.1346%,0.0029,1.334,1.3233,-1.6465,4.4469%,4.9996%,20.8886%,-0.036612,QURE,14466.0,2019-02-27,252.0,-0.6161%,0.0029,1.3361,1.3153,-1.6462,4.4478%,5.0000%,20.8700%,-0.011952,QURE,14466.0,2019-02-28,252.0,1.4278%,0.0029,1.3384,1.3173,-1.6471,4.4480%,4.9998%,20.8564%,0.0139409999999999,QURE,14466.0,2019-03-01,252.0,6.1493%,0.003,1.3522,1.3378,-1.6436,4.4542%,5.0126%,21.0411%,0.041358,QURE,14466.0,2019-03-04,252.0,3.6294%,0.0033,1.337,1.3414,-1.629,4.4645%,5.0146%,20.7367%,0.054996,QURE,14466.0,2019-03-05,252.0,0.2021%,0.0032,1.3303,1.2896,-1.6343,4.4607%,4.9999%,20.4060%,0.004452,QURE,14466.0,2019-03-06,252.0,-5.0244%,0.0031,1.3449,1.3384,-1.6111,4.4632%,5.0117%,20.6897%,-0.022257,QURE,14466.0,2019-03-07,252.0,8.2449%,0.0037,1.318,1.3757,-1.6363,4.4839%,5.0294%,20.5157%,0.089007,QURE,14466.0,2019-03-08,252.0,1.9941%,0.0037,1.3163,1.3696,-1.6388,4.4848%,5.0281%,20.4429%,0.019281,QURE,14466.0,2019-03-11,252.0,4.5353%,0.0038,1.3216,1.349,-1.6532,4.4821%,5.0326%,20.6818%,0.012198,QURE,0.305301,0.2933489999999999,0.3072899999999999,0.4036439999999999,0.5063249999999999
40883,ULTRAGENYX PHARMACEUTICALS INC,Ultragenyx Pharma Reports Offering OF $250M Common Stock Offering,6,decrease,0.7,0.6,"the announcement of a $250 million common stock offering typically dilutes existing shareholders' equity, which can lead to a decrease in stock price.",0,2019-02-25,RARE,2019-02-25 21:42:00+00:00,14436.0,90400D10,0.0593446865677833,742712.0,-0.0293514374643564,0.0267765428870916,0.0346285328269004,-0.037502072751522,0.0078566940501332,0.0654813796281814,0.0531650111079216,0.0028243572451174,-0.0223538428544998,0.0214569494128227,-0.0024228293914347,0.0125981122255325,-0.0446265749633312,-0.0102999582886695,0.001271080924198,0.0427737049758434,-0.0038083414547145,0.0137536050751805,0.035043079406023,0.0307146590203046,0.0210833344608545,-0.0318337455391883,0.0239638891071081,-0.0036087832413613,-0.031498372554779,0.0237215869128704,0.037537895143032,0.0174085274338722,0.001318353228271,0.02493916451931,0.0010239861439913,0.0096213147044181,-0.0055530797690153,0.0153813725337386,0.0145480940118432,-0.0125205377116799,-0.0635863170027732,-0.0399999767541885,0.0167053639888763,0.0267044249922037,0.0416856482625007,0.0042665395885705,-0.0169417802244424,-0.0377321653068065,0.0153023153543472,-0.0410573408007621,0.014925436116755,0.034723587334156,0.009227211587131,-0.0126412538811564,0.0375713892281055,0.0197265297174453,0.0079857064411044,0.0498257167637348,-0.027045426890254,-0.0012287809513509,0.0439421199262142,-0.0141327874734997,-0.0134480902925133,0.0585594736039638,-0.0184023790061473,0.0306167248636484,0.0155533272773027,0.0179372895509004,-0.0225624777376651,0.0372092686593532,0.0190262012183666,0.0785051733255386,-0.0079625789076089,-0.0443432927131652,-0.0545253567397594,-0.040478341281414,-0.0528395883738994,0.0384523682296276,-0.0043269786983728,-0.0035697650164365,0.0144342742860317,0.0067081642337143,0.0371787063777446,0.0645244270563125,-0.0008850502781569,0.0082283290103077,0.0132879642769694,-0.0801797434687614,-0.0040798308327794,-0.0201622880995273,-0.0128748686984181,-0.0204312764108181,-0.021787479519844,-0.0085528036579489,-0.0278787314891815,-0.0343403182923793,0.0151183530688285,-0.0274783987551927,0.043912187218666,0.003819229779765,-0.010883922688663,0.0310654565691947,-0.0695910826325416,-0.0401091948151588,0.0142240589484572,0.0205743480473756,-0.0159155111759901,-0.0758566409349441,0.0265812631696462,0.0009913373505696,-0.0544377118349075,-0.071599543094635,0.0384361892938613,0.0122974412515759,-0.0014297085581347,-0.0044518951326608,0.0095449965447187,-0.0212418660521507,-0.0319886356592178,0.0330082923173904,-0.0470454059541225,-0.0394523255527019,0.0163990277796983,0.0418543480336666,-0.0293514374643564,0.0267765428870916,0.0042606981467929,-0.0117297057238163,0.0121508671987056,0.0529835965909371,0.0421335349575424,0.078615227212792,0.0254064136521763,0.1777908734282178,0.1576456018738485,0.2784782680049433,-0.0610698948993198,0.1227477700868595,2019-02-26,2019-02-27,2019-02-28,2019-03-01,2019-03-04,2019-03-05,2019-03-06,2019-03-07,2019-03-08,2019-03-11,14436.0,2019-02-25,252.0,5.9345%,0.001,1.8825,1.4645,-0.4015,2.6262%,3.4948%,43.5321%,0.059585,RARE,14436.0,2019-02-26,252.0,-2.9351%,0.001,1.8989,1.4755,-0.3836,2.6257%,3.5003%,43.7268%,-0.018392,RARE,14436.0,2019-02-27,252.0,3.4629%,0.001,1.887,1.505,-0.3855,2.6258%,3.4966%,43.6043%,0.029556,RARE,14436.0,2019-02-28,252.0,0.7857%,0.001,1.8847,1.5039,-0.3898,2.6268%,3.4926%,43.4343%,0.0123419999999999,RARE,14436.0,2019-03-01,252.0,5.3165%,0.0011,1.8962,1.521,-0.3871,2.6344%,3.5055%,43.5252%,0.033584,RARE,14436.0,2019-03-04,252.0,-2.2354%,0.001,1.906,1.4941,-0.3909,2.6318%,3.5081%,43.7198%,-0.00499,RARE,14436.0,2019-03-05,252.0,-0.2423%,0.001,1.9029,1.4729,-0.3943,2.6310%,3.4978%,43.4216%,0.004421,RARE,14436.0,2019-03-06,252.0,-4.4627%,0.0008,1.892,1.5087,-0.4017,2.6255%,3.4999%,43.7269%,-0.010016,RARE,14436.0,2019-03-07,252.0,0.1271%,0.0009,1.8897,1.528,-0.3994,2.6243%,3.4999%,43.7741%,0.016426,RARE,14436.0,2019-03-08,252.0,-0.3808%,0.001,1.8891,1.542,-0.401,2.6232%,3.5000%,43.8289%,-0.001184,RARE,14436.0,2019-03-11,252.0,3.5043%,0.001,1.8882,1.541,-0.4011,2.6232%,3.5064%,44.0340%,-0.0008309999999999,RARE,0.041193,0.070749,0.083091,0.111685,0.120501
40891,ROCKY BRANDS INC,"Rocky Brands Q4 EPS $0.48 Beats $0.44 Estimate, Sales $67.186M Beat $65.5M Estimate",6,increase,0.8,0.6,"the company reported better-than-expected earnings and sales, which typically boosts investor confidence and can lead to an increase in stock price.",2,2019-02-25,RCKY,2019-02-25 21:55:00+00:00,78908.0,77451510,0.0149785364046692,28607.0,0.0379480645060539,-0.0003564463986549,0.0064319102093577,0.0097191696986556,0.0114363003522157,-0.0169851221144199,0.0156927984207868,0.0393526926636695,-0.0305720027536153,0.0172091647982597,-0.0200067870318889,0.0128836743533611,-0.0190311148762702,0.0212848000228405,0.006349217146635,-0.0099616944789886,-0.0133193498477339,-0.0143504217267036,0.0259324889630079,0.0165067296475172,-0.0425900146365165,0.0,0.0036166503559798,-0.0162386819720268,0.0122522581368684,-0.0026365234516561,-0.0281239207834005,-0.0133779495954513,0.025274746119976,0.0037299657706171,-0.0132189691066741,0.0105540435761213,-0.0543084703385829,-0.0030063856393098,0.0007656412781216,-0.0056053670123219,-0.0409334264695644,-0.0251366309821605,0.008775477297604,0.0132890585809946,-0.0181890465319156,-0.0080556320026516,-0.0104712136089801,-0.0051002292893826,0.0040700198151171,-0.0408805049955844,-0.0287799350917339,0.0084567191079258,0.0742905139923095,0.0384192913770675,-0.013986038044095,-0.009064539335668,-0.011820301413536,0.0173367504030466,0.021929794922471,0.0134579669684171,-0.0011704557109624,-0.0150957237929105,-0.0128906220197677,-0.0450070574879646,-0.0059358770959079,0.0752362832427024,0.0187101624906063,-0.0045163314789533,-0.0316529683768749,0.0137352393940091,0.0185633208602666,0.023028815165162,-0.0110935298725962,-0.008130045607686,0.006410326808691,-0.0065384646877646,-0.0127389170229435,0.039168644696474,0.0104838805273175,0.0208078417927026,-0.0359137915074825,-0.0203837025910615,0.0211092811077833,0.0588235855102539,0.0531009100377559,-0.0063078855164349,-0.0250192321836948,-0.0058528170920908,0.0098697198554873,-0.0066445120610296,0.0078186383470892,-0.0016584127442911,-0.010473252274096,0.0312099810689687,0.0058800322003662,0.0165145229548215,-0.0050662183202803,0.0203991569578647,0.0532706081867218,-0.0355004258453846,-0.0290070213377475,-0.0143339019268751,-0.0294906329363584,-0.0108423782512545,0.0027624189388006,-0.0041528400033712,-0.0145611548796296,-0.0155355343595147,-0.0003993701539002,-0.012913703918457,-0.0015981188043951,-0.0631380006670951,0.048819500952959,0.0216300264000892,-0.0419686585664749,-0.0080460151657462,-0.0111509626731276,-0.0267260633409023,-0.0028191581368446,0.0220030322670936,0.0218093302100896,0.0030441370327025,-0.0027667863760143,0.0034364319872111,0.0379480645060539,-0.0003564463986549,0.0446240532589334,0.0093592589369635,0.0565706876871516,-0.0077848313334012,0.0403428558876766,0.0490086564838259,0.0188233671221,0.0763916207911155,-0.1085295172354535,-0.0140646870829247,-0.1099406637271287,0.0755601225117703,2019-02-26,2019-02-27,2019-02-28,2019-03-01,2019-03-04,2019-03-05,2019-03-06,2019-03-07,2019-03-08,2019-03-11,78908.0,2019-02-25,252.0,1.4979%,0.0022,0.6089,0.6181,0.075,3.0043%,3.0884%,5.3763%,0.015751,RCKY,78908.0,2019-02-26,252.0,3.7948%,0.0022,0.5806,0.5888,0.0388,3.0079%,3.0863%,5.0168%,0.043026,RCKY,78908.0,2019-02-27,252.0,0.6432%,0.0023,0.5889,0.5746,0.0402,3.0056%,3.0849%,5.0747%,0.004737,RCKY,78908.0,2019-02-28,252.0,1.1436%,0.0022,0.6004,0.5828,0.046,3.0021%,3.0836%,5.2161%,0.013148,RCKY,78908.0,2019-03-01,252.0,1.5693%,0.0022,0.603,0.5867,0.0465,3.0024%,3.0843%,5.2380%,0.009774,RCKY,78908.0,2019-03-04,252.0,-3.0572%,0.002,0.6225,0.5466,0.0358,2.9994%,3.0843%,5.4286%,-0.0253609999999999,RCKY,78908.0,2019-03-05,252.0,-2.0007%,0.0019,0.6244,0.5487,0.0442,3.0017%,3.0858%,5.3795%,-0.017258,RCKY,78908.0,2019-03-06,252.0,-1.9031%,0.0015,0.5762,0.6113,-0.0016,2.9388%,3.0218%,5.4191%,-0.006981,RCKY,78908.0,2019-03-07,252.0,0.6349%,0.0016,0.5776,0.6377,0.0076,2.9354%,3.0198%,5.5086%,0.011407,RCKY,78908.0,2019-03-08,252.0,-1.3319%,0.0015,0.5795,0.6371,0.0108,2.9368%,3.0211%,5.5034%,-0.012445,RCKY,78908.0,2019-03-11,252.0,2.5932%,0.0017,0.5875,0.6162,-0.0053,2.9322%,3.0190%,5.6665%,0.01497,RCKY,0.058777,0.063514,0.076662,0.061075,0.050768
40899,ROYAL CARIBBEAN CRUISES LTD,"Wells Fargo Maintains Outperform on Royal Caribbean Cruises, Raises Price Target to $155",6,increase,0.8,0.6,wells fargo's maintenance of an 'outperform' rating and an increased price target typically signals positive sentiment and potential for stock price appreciation.,2,2019-02-25,RCL,2019-02-25 13:30:00+00:00,79145.0,V7780T10,-0.0030596440192312,872935.0,-0.0074651120230555,-0.0003306680591776,-0.010028451681137,0.0011586475884541,0.0001688694319454,0.0123156942427158,0.0046420949511229,0.0117826517671346,-0.0113416658714413,0.0063982256688177,0.0147009119391441,-0.0052613299340009,-0.0135667640715837,0.0133287077769637,-0.0117857828736305,0.0016365413321182,0.0071731209754943,0.010971806012094,0.0029174217488616,-0.0072614452801644,-0.0050478810444474,-0.0209056381136179,0.0071373446844518,-0.0005921138217672,-0.0057206777855753,-0.006554611492902,0.006268813740462,0.0058321566320955,0.0095579680055379,-0.0144940065219998,-0.00726965861395,-0.0076872231438755,-0.012261601164937,0.0796965658664703,0.0152585916221141,-0.0014258625451475,-0.0185955241322517,0.0042062038555741,-0.0093441931530833,0.0181320998817682,-0.0121397329494357,0.0132951941341161,-0.0187428407371044,-0.0029457765631377,0.013154330663383,-0.0065843733027577,0.0192975178360939,0.0215806942433118,0.0086372168734669,0.0130607346072793,0.0056223641149699,0.0003787247987929,0.0031824798788875,0.0061922599561512,-0.006516286637634,-0.0136252297088503,0.0120824528858065,0.0144899580627679,0.0098064430058002,0.0051744049414992,-0.0261779986321926,0.0041374028660357,0.0103191332891583,0.0206225905567407,0.0208565816283226,0.031085455790162,0.0252228006720542,0.06709885597229,0.0042643644846975,-0.0535841882228851,0.0134738003835082,0.0,-0.0070099327713251,0.0182215739041566,-0.0182570591568946,0.0135077964514493,-0.0047937366180121,0.0030697672627866,0.0171912610530853,0.0557666271924972,-0.0080013331025838,-0.0328576900064945,-0.0060905176214873,-0.0483440086245536,0.0033123677130788,-0.0463952496647834,0.0092439344152808,-0.0268297903239727,-0.0109584257006645,-0.0081804897636175,0.0668926388025283,-0.0069100558757781,-0.0252654589712619,0.0192252472043037,0.0407092534005641,-0.0050189280882477,-0.0131408143788576,0.0151894045993685,-0.0146318757906556,-0.0080107189714908,0.0003142749483231,-0.0005718410247936,7.855903095332906e-05,-0.0482583418488502,-0.0098955640569329,0.0101713612675666,-0.0331561863422393,-0.0448140278458595,0.0138649800792336,0.0104360161349177,0.0015374235808849,0.0128997806459665,0.0157550666481256,-0.0080860462039709,-0.0066815461032092,0.0162543170154094,-0.0141735803335905,-0.0064597274176776,0.012834065593779,0.0107000395655632,-0.0074651120230555,-0.0003306680591776,-0.0174187001889751,0.0008275964015271,-0.0172527722430357,0.0131534830684805,-0.0238884977392624,0.0316498820485764,-0.0247283997442975,0.0453838187679416,-0.011878305485408,0.1587773097088503,0.0404399423474075,0.1041015778906273,2019-02-26,2019-02-27,2019-02-28,2019-03-01,2019-03-04,2019-03-05,2019-03-06,2019-03-07,2019-03-08,2019-03-11,79145.0,2019-02-25,252.0,-0.3060%,-0.0004,1.1869,0.1409,-0.1978,1.4010%,1.9237%,46.9604%,-0.00493,RCL,79145.0,2019-02-26,252.0,-0.7465%,-0.0004,1.1958,0.1392,-0.192,1.3989%,1.9241%,47.1383%,-0.005417,RCL,79145.0,2019-02-27,252.0,-1.0028%,-0.0004,1.2005,0.1277,-0.1913,1.3990%,1.9251%,47.1861%,-0.0116999999999999,RCL,79145.0,2019-02-28,252.0,0.0169%,-0.0004,1.2018,0.1287,-0.1912,1.3990%,1.9237%,47.1095%,0.003287,RCL,79145.0,2019-03-01,252.0,0.4642%,-0.0004,1.1983,0.1236,-0.1943,1.3991%,1.9207%,46.9384%,-0.005239,RCL,79145.0,2019-03-04,252.0,-1.1342%,-0.0004,1.1953,0.1371,-0.1942,1.3985%,1.9176%,46.8125%,-0.003948,RCL,79145.0,2019-03-05,252.0,1.4701%,-0.0002,1.1973,0.1641,-0.199,1.3959%,1.9185%,47.0632%,0.016602,RCL,79145.0,2019-03-06,252.0,-1.3567%,-0.0001,1.2095,0.1566,-0.1862,1.3890%,1.9194%,47.6256%,-0.001452,RCL,79145.0,2019-03-07,252.0,-1.1786%,-0.0002,1.2057,0.1331,-0.198,1.3833%,1.9143%,47.7830%,-0.002463,RCL,79145.0,2019-03-08,252.0,0.7173%,-0.0002,1.2041,0.1383,-0.2008,1.3843%,1.9148%,47.7330%,0.009332,RCL,79145.0,2019-03-11,252.0,0.2917%,-0.0003,1.1954,0.1363,-0.1975,1.3877%,1.9138%,47.4252%,-0.016655,RCL,-0.010347,-0.0220469999999999,-0.01876,-0.027947,-0.022583
40907,RANGE RESOURCES CORP,"Range Resources Q4 EPS $0.21 Beats $0.14 Estimate, Sales $880.748M Beat $699.27M Estimate",6,increase,0.8,0.7,"the company's earnings per share and sales both exceeded analyst estimates, which typically signals strong performance and can lead to a positive reaction in the stock price.",2,2019-02-25,RRC,2019-02-25 22:42:00+00:00,50017.0,75281A10,0.0377003364264965,9275159.0,-0.0372388586401939,-0.0203139670193195,-0.0226415768265724,-0.0225631762295961,0.0328185483813285,0.0174471605569124,0.0224298853427171,0.0018399684922769,0.0173675082623958,0.0472061447799205,-0.0161725338548421,-0.0009624859085306,-0.0319634191691875,-0.0019211820326745,-0.0264151580631732,0.0057970494963228,-0.0513565652072429,0.0963983908295631,0.0061287456192076,-0.0227743554860353,0.0548223294317722,-0.0473373271524906,0.0404234901070594,-0.0541044697165489,0.0092506865039467,-0.0156106585636735,-0.0339761115610599,-0.0054794033057987,0.0342204980552196,-0.0072529399767518,-0.0110294008627533,-0.0620748698711395,0.0511152595281601,0.0379523672163486,0.0141467591747641,0.0053238212130963,-0.0523104071617126,0.0,0.0091996667906641,0.0425531938672065,0.0082042068243026,0.0207743402570486,-0.0262206103652715,-0.0266544073820114,0.0408541858196258,-0.0580086633563041,0.0026761582121253,0.0026041434612125,-0.0088967466726899,-0.0162254124879837,-0.0233393367379903,-0.0025553435552865,-0.0588235594332218,-0.0109519893303513,0.0302734784781932,0.0321739017963409,0.0255923699587583,0.0052447919733822,0.008317943662405,-0.013793172314763,-0.0293308608233928,0.0545454882085323,-0.0037771447096019,-0.0116801541298627,-0.0199052169919014,0.041160013526678,-0.0019342802697792,0.074371837079525,-0.0155038619413971,-0.0010040390770882,0.0196850206702947,0.04075238853693,-0.020270274952054,-0.0072614778764545,-0.0394088290631771,-0.053974412381649,0.0082051204517483,-0.022072983905673,-0.0152593711391091,0.1061571091413498,0.0082644550129771,-0.0561121739447116,-0.0358606949448585,-0.0272905137389898,-0.0180658958852291,-0.0508788302540779,0.0162338279187679,-0.0278776492923498,-0.0372737348079681,-0.011555565521121,-0.0011062200646847,-0.0417376309633255,-0.0321151688694953,-0.0842433646321296,0.044622465968132,-0.0160919912159442,0.0142387859523296,-0.0143504217267036,0.0161986630409956,0.0022709865588694,0.0170031730085611,-0.0455202385783195,0.001044956035912,-0.0035997256636619,0.0010438652243465,-0.0460164882242679,-0.0521376430988311,-0.0182063058018684,0.029702914878726,0.0192439667880535,0.014957302249968,-0.0188806299120187,-0.0199999567121267,-0.0106737725436687,-0.0590762794017791,0.0101077910512685,-0.0513698384165763,-0.033224768936634,0.0348977074027061,-0.0160256400704383,-0.0372388586401939,-0.0203139670193195,-0.0590372889879304,-0.0424187956311366,-0.0281562587315548,-0.0257117226122314,0.0108991720764735,0.0221579551551904,-0.1053587492915509,0.0983436666816381,-0.0072628148883143,-0.0853448879849577,-0.2174573509590569,-0.3188107925281102,2019-02-26,2019-02-27,2019-02-28,2019-03-01,2019-03-04,2019-03-05,2019-03-06,2019-03-07,2019-03-08,2019-03-11,50017.0,2019-02-25,252.0,3.7700%,-0.0,1.8302,1.5364,1.7336,2.3676%,3.0162%,38.3854%,0.0420329999999999,RRC,50017.0,2019-02-26,252.0,-3.7239%,-0.0001,1.8251,1.5675,1.7456,2.3686%,3.0171%,38.3695%,-0.0188559999999999,RRC,50017.0,2019-02-27,252.0,-2.2642%,-0.0002,1.8262,1.5582,1.7457,2.3738%,3.0199%,38.2154%,-0.025268,RRC,50017.0,2019-02-28,252.0,3.2819%,-0.0,1.8157,1.5524,1.728,2.3888%,3.0220%,37.5142%,0.042432,RRC,50017.0,2019-03-01,252.0,2.2430%,-0.0002,1.8437,1.5942,1.7661,2.3750%,3.0247%,38.3444%,0.011677,RRC,50017.0,2019-03-04,252.0,1.7368%,-0.0002,1.8606,1.5144,1.7672,2.3653%,3.0180%,38.5772%,0.026354,RRC,50017.0,2019-03-05,252.0,-1.6173%,-0.0004,1.8517,1.4427,1.7623,2.3501%,2.9920%,38.3055%,-0.004164,RRC,50017.0,2019-03-06,252.0,-3.1963%,-0.0004,1.8438,1.4462,1.7538,2.3485%,2.9916%,38.3703%,0.000974,RRC,50017.0,2019-03-07,252.0,-2.6415%,-0.0004,1.8484,1.4606,1.764,2.3477%,2.9954%,38.5742%,-0.004586,RRC,50017.0,2019-03-08,252.0,-5.1357%,-0.0006,1.8544,1.4616,1.7735,2.3644%,3.0120%,38.3772%,-0.045112,RRC,50017.0,2019-03-11,252.0,0.6129%,-0.0006,1.8458,1.4484,1.7704,2.3666%,3.0115%,38.2439%,-0.01763,RRC,0.0231769999999999,-0.002091,0.0403409999999999,0.078372,0.0078539999999999
40915,SAGE THERAPEUTICS INC,Sage Therapeutics shares are trading lower after the company announced a $500 million common stock offering.,6,decrease,0.85,0.7,"the announcement of a $500 million common stock offering typically dilutes existing shares, leading to a decrease in stock price.",0,2019-02-25,SAGE,2019-02-25 21:47:00+00:00,14828.0,78667J10,0.0350717268884182,485293.0,-0.0414758175611496,0.0532905235886573,0.0400629118084907,-0.0100231003016233,0.0023287707008421,-0.0345864221453666,-0.0015070989029482,-0.0495867542922496,-0.0215709246695041,0.0179644282907247,-0.0075202351436018,0.0029181719291955,-0.0305032487958669,0.0243031103163957,0.0054108053445816,0.0222532637417316,0.0026576917152851,-0.0081697553396224,0.0308793559670448,0.0346285067498683,-0.0003214183379895,-0.0124537600204348,0.0204474832862615,0.0085546188056468,-0.0245116539299488,0.0081450184807181,0.0218332465738058,0.0215354617685079,-0.0082811657339334,0.003015694906935,-0.0049719451926648,0.0749340578913688,-0.0233183801174163,0.0077489097602665,0.0362061448395252,0.0197552144527435,-0.0079756584018468,-0.022269370034337,0.0135272787883877,-0.0015880772843956,0.0302820298820734,0.0113965896889567,-0.0298808403313159,-0.0477091409265995,0.0066768256947398,-0.0178839694708585,-0.0048179468140006,0.0244026556611061,-0.0075447778217494,0.0063421870581805,0.0157110895961523,0.0277399085462093,0.0091061647981405,0.038979485630989,-0.0045119957067072,0.0151079092174768,0.0365702174603939,-0.0088734170421957,0.0067086578346788,0.0534134656190872,-0.0004165366990491,-0.0740339607000351,0.0176785793155431,-0.0699346736073494,-0.0052640456706285,0.4268280267715454,0.0031163564417511,0.0915705859661102,-0.017233308404684,-0.0013414770364761,0.0023857443593442,-0.0661864876747131,-0.0392121635377407,0.0764131173491478,0.0201894752681255,0.0125156268477439,0.0047350134700536,-0.0121389431878924,0.0088816462084651,0.0646165087819099,-0.0150915626436471,0.0198925696313381,-0.0029794811271131,-0.0325855314731597,0.0287857614457607,-0.0885613188147544,0.0100776385515928,-0.0570269152522087,-0.0126768220216035,-0.0274350997060537,-0.0087380446493625,-0.0064711840823292,-0.0074357776902616,0.0136155346408486,0.010995602235198,-0.0906461700797081,0.0220509301871061,0.0260571707040071,-0.0206396467983722,0.0026963576674461,0.017074629664421,0.0474289320409297,-0.0007043620571494,-0.0302228666841983,-0.0247885398566722,-0.0238776057958602,-0.0124684209004044,-0.0645912215113639,0.0130527568981051,0.0058114160783588,0.0057800393551588,0.0109610660001635,0.0195750035345554,0.0364446267485618,-0.0137975923717021,0.064016968011856,-0.0271476898342371,-0.082431174814701,0.0466311424970626,0.0082304365932941,-0.0414758175611496,0.0532905235886573,-0.0030745477737962,0.0427332870239789,-0.000752936989728,0.0066688733739417,-0.0237810992252957,-0.0260610762241372,-0.0238438119504297,0.0495569484979605,0.0545900215364119,0.2850108663210029,0.0731631052619146,0.3774378511302976,2019-02-26,2019-02-27,2019-02-28,2019-03-01,2019-03-04,2019-03-05,2019-03-06,2019-03-07,2019-03-08,2019-03-11,14828.0,2019-02-25,251.0,3.5072%,-0.0,1.5166,1.1866,-1.228,3.9080%,4.4978%,24.5071%,0.03369,SAGE,14828.0,2019-02-26,251.0,-4.1476%,-0.0003,1.5023,1.2497,-1.2066,3.9077%,4.4921%,24.3258%,-0.035607,SAGE,14828.0,2019-02-27,251.0,4.0063%,-0.0002,1.499,1.2659,-1.207,3.9136%,4.4973%,24.2742%,0.034788,SAGE,14828.0,2019-02-28,251.0,0.2329%,-0.0002,1.4964,1.2642,-1.2099,3.9136%,4.4943%,24.1735%,0.0036049999999999,SAGE,14828.0,2019-03-01,251.0,-0.1507%,-0.0003,1.4961,1.2637,-1.2008,3.9155%,4.4937%,24.0759%,-0.020877,SAGE,14828.0,2019-03-04,251.0,-2.1571%,-0.0003,1.4987,1.2583,-1.2023,3.9155%,4.4959%,24.1527%,-0.004143,SAGE,14828.0,2019-03-05,251.0,-0.7520%,-0.0003,1.5035,1.2926,-1.1975,3.9138%,4.4956%,24.2052%,-0.004047,SAGE,14828.0,2019-03-06,251.0,-3.0503%,-0.0004,1.4903,1.3061,-1.2106,3.9105%,4.4951%,24.3184%,-0.001198,SAGE,14828.0,2019-03-07,251.0,0.5411%,-0.0004,1.4779,1.2745,-1.236,3.9090%,4.4899%,24.2011%,0.014461,SAGE,14828.0,2019-03-08,251.0,0.2658%,-0.0003,1.4752,1.3107,-1.2422,3.9036%,4.4886%,24.3682%,0.003081,SAGE,14828.0,2019-03-11,251.0,3.0879%,-0.0002,1.4747,1.2944,-1.2512,3.9022%,4.4919%,24.5327%,-0.002369,SAGE,-0.0019169999999999,0.032871,0.036476,0.011456,0.021384
40923,SAGE THERAPEUTICS INC,Sage Therapeutics Reports Offering OF $500M Common Stock Offering,6,decrease,0.7,0.6,"a $500 million common stock offering typically dilutes existing shareholders' equity, which can lead to a decrease in stock price.",0,2019-02-25,SAGE,2019-02-25 21:01:00+00:00,14828.0,78667J10,0.0350717268884182,485293.0,-0.0414758175611496,0.0532905235886573,0.0400629118084907,-0.0100231003016233,0.0023287707008421,-0.0345864221453666,-0.0015070989029482,-0.0495867542922496,-0.0215709246695041,0.0179644282907247,-0.0075202351436018,0.0029181719291955,-0.0305032487958669,0.0243031103163957,0.0054108053445816,0.0222532637417316,0.0026576917152851,-0.0081697553396224,0.0308793559670448,0.0346285067498683,-0.0003214183379895,-0.0124537600204348,0.0204474832862615,0.0085546188056468,-0.0245116539299488,0.0081450184807181,0.0218332465738058,0.0215354617685079,-0.0082811657339334,0.003015694906935,-0.0049719451926648,0.0749340578913688,-0.0233183801174163,0.0077489097602665,0.0362061448395252,0.0197552144527435,-0.0079756584018468,-0.022269370034337,0.0135272787883877,-0.0015880772843956,0.0302820298820734,0.0113965896889567,-0.0298808403313159,-0.0477091409265995,0.0066768256947398,-0.0178839694708585,-0.0048179468140006,0.0244026556611061,-0.0075447778217494,0.0063421870581805,0.0157110895961523,0.0277399085462093,0.0091061647981405,0.038979485630989,-0.0045119957067072,0.0151079092174768,0.0365702174603939,-0.0088734170421957,0.0067086578346788,0.0534134656190872,-0.0004165366990491,-0.0740339607000351,0.0176785793155431,-0.0699346736073494,-0.0052640456706285,0.4268280267715454,0.0031163564417511,0.0915705859661102,-0.017233308404684,-0.0013414770364761,0.0023857443593442,-0.0661864876747131,-0.0392121635377407,0.0764131173491478,0.0201894752681255,0.0125156268477439,0.0047350134700536,-0.0121389431878924,0.0088816462084651,0.0646165087819099,-0.0150915626436471,0.0198925696313381,-0.0029794811271131,-0.0325855314731597,0.0287857614457607,-0.0885613188147544,0.0100776385515928,-0.0570269152522087,-0.0126768220216035,-0.0274350997060537,-0.0087380446493625,-0.0064711840823292,-0.0074357776902616,0.0136155346408486,0.010995602235198,-0.0906461700797081,0.0220509301871061,0.0260571707040071,-0.0206396467983722,0.0026963576674461,0.017074629664421,0.0474289320409297,-0.0007043620571494,-0.0302228666841983,-0.0247885398566722,-0.0238776057958602,-0.0124684209004044,-0.0645912215113639,0.0130527568981051,0.0058114160783588,0.0057800393551588,0.0109610660001635,0.0195750035345554,0.0364446267485618,-0.0137975923717021,0.064016968011856,-0.0271476898342371,-0.082431174814701,0.0466311424970626,0.0082304365932941,-0.0414758175611496,0.0532905235886573,-0.0030745477737962,0.0427332870239789,-0.000752936989728,0.0066688733739417,-0.0237810992252957,-0.0260610762241372,-0.0238438119504297,0.0495569484979605,0.0545900215364119,0.2850108663210029,0.0731631052619146,0.3774378511302976,2019-02-26,2019-02-27,2019-02-28,2019-03-01,2019-03-04,2019-03-05,2019-03-06,2019-03-07,2019-03-08,2019-03-11,14828.0,2019-02-25,251.0,3.5072%,-0.0,1.5166,1.1866,-1.228,3.9080%,4.4978%,24.5071%,0.03369,SAGE,14828.0,2019-02-26,251.0,-4.1476%,-0.0003,1.5023,1.2497,-1.2066,3.9077%,4.4921%,24.3258%,-0.035607,SAGE,14828.0,2019-02-27,251.0,4.0063%,-0.0002,1.499,1.2659,-1.207,3.9136%,4.4973%,24.2742%,0.034788,SAGE,14828.0,2019-02-28,251.0,0.2329%,-0.0002,1.4964,1.2642,-1.2099,3.9136%,4.4943%,24.1735%,0.0036049999999999,SAGE,14828.0,2019-03-01,251.0,-0.1507%,-0.0003,1.4961,1.2637,-1.2008,3.9155%,4.4937%,24.0759%,-0.020877,SAGE,14828.0,2019-03-04,251.0,-2.1571%,-0.0003,1.4987,1.2583,-1.2023,3.9155%,4.4959%,24.1527%,-0.004143,SAGE,14828.0,2019-03-05,251.0,-0.7520%,-0.0003,1.5035,1.2926,-1.1975,3.9138%,4.4956%,24.2052%,-0.004047,SAGE,14828.0,2019-03-06,251.0,-3.0503%,-0.0004,1.4903,1.3061,-1.2106,3.9105%,4.4951%,24.3184%,-0.001198,SAGE,14828.0,2019-03-07,251.0,0.5411%,-0.0004,1.4779,1.2745,-1.236,3.9090%,4.4899%,24.2011%,0.014461,SAGE,14828.0,2019-03-08,251.0,0.2658%,-0.0003,1.4752,1.3107,-1.2422,3.9036%,4.4886%,24.3682%,0.003081,SAGE,14828.0,2019-03-11,251.0,3.0879%,-0.0002,1.4747,1.2944,-1.2512,3.9022%,4.4919%,24.5327%,-0.002369,SAGE,-0.0019169999999999,0.032871,0.036476,0.011456,0.021384
40931,SUPERIOR DRILLING PRODUCTS INC,Superior Drilling Products Files Patent Infringement Complaint Against Stabil Drill Specialties,6,uncertain,0.6,0.3,"the outcome of the patent infringement complaint could lead to potential financial gains or losses, making the impact on stock price uncertain.",1,2019-02-25,SDPI,2019-02-25 11:30:00+00:00,14636.0,86815310,-0.0312500447034835,160171.0,0.0193548984825611,0.0256410781294107,0.0126582151278853,-0.0877193510532379,0.0,0.0426829606294632,0.0187499821186065,0.0,-0.0245398543775081,-0.0179640557616949,0.012578603811562,0.0182926654815673,-0.0745341628789901,0.0314465090632438,0.0201342087239027,0.0460526682436466,-0.01973682269454,0.0066225104965269,-0.0671141073107719,-0.01307188346982,0.0503597520291805,-0.0129032135009765,-0.0205480065196752,-0.0773809552192688,-0.0489510037004947,-0.0059172245673835,0.0147058684378862,-0.0287356041371822,0.0217391103506088,-0.0594594664871692,-0.0354609601199626,0.0054347771219909,-0.0147058684378862,0.0279330015182495,-0.0074626794084906,-0.0055555505678057,0.0,0.05263152718544,0.0201503131538629,-0.0172413624823093,-0.034492939710617,-0.005714280065149,0.0305344145745039,-0.0740740671753883,0.0,0.0106951771304011,-0.0222222004085779,0.0685714334249496,0.0151514997705817,0.1363636702299118,-0.0223881267011165,0.0131578827276825,-0.0305343233048915,0.0629370883107185,-0.0078740082681179,-0.0337838307023048,0.0476190969347953,-0.0389610044658184,0.0151514997705817,0.0921985805034637,-0.0671642050147056,0.0601503178477287,0.0159999839961528,-0.0362318493425846,-0.0157480165362358,0.0615384951233863,-0.0640000328421592,0.0317460000514984,-0.0427350029349327,-0.0156249850988388,-0.0178571250289678,0.0940171107649803,0.0181818008422851,-0.0487805381417274,-0.0267856884747743,0.088495597243309,-0.0458716228604316,-0.0258620455861091,0.0,0.0545454025268554,-0.0192307513207197,0.0476191192865371,-0.01960782520473,0.0,0.0199999809265136,-0.0625000447034835,-0.01960782520473,-0.0894309058785438,0.0,-0.0610686466097831,-0.0400000214576721,-0.0965517908334732,-0.0416666269302368,-0.020270250737667,-0.0326087288558483,0.0068027144297957,0.0561797879636287,-0.0264900419861078,0.0,-0.1169590875506401,0.0851063653826713,0.0178571976721286,-0.009803912602365,0.0434782207012176,0.0,-0.0473373010754585,-0.0495049618184566,-0.0505617521703243,0.0187500081956386,0.0470587760210037,0.0224949028342962,-0.0502792820334434,0.0099999904632568,0.0346820466220378,0.0099009806290268,-0.112820528447628,-0.0294117368757724,-0.0624999441206455,0.0061616152524948,0.2999999225139618,0.0193548984825611,0.0256410781294107,0.0322581120792171,-0.0643274916576444,0.0322581120792171,-0.0243902188219965,0.0258065049797049,-0.0419161273327332,-0.1032257844363402,0.0457516708615499,-0.1354838186988838,0.1347518227824069,-0.3573548092557921,-2.964841594454981e-09,2019-02-26,2019-02-27,2019-02-28,2019-03-01,2019-03-04,2019-03-05,2019-03-06,2019-03-07,2019-03-08,2019-03-11,14636.0,2019-02-25,252.0,-3.1250%,0.0017,1.4425,0.755,0.5217,5.5571%,5.7498%,6.5897%,-0.030642,SDPI,14636.0,2019-02-26,252.0,1.9355%,0.0018,1.4367,0.7239,0.5016,5.5596%,5.7496%,6.4998%,0.028116,SDPI,14636.0,2019-02-27,252.0,1.2658%,0.0017,1.4251,0.7469,0.4997,5.5573%,5.7449%,6.4221%,0.010492,SDPI,14636.0,2019-02-28,252.0,0.0000%,0.0017,1.4372,0.7553,0.5076,5.5553%,5.7448%,6.4873%,0.0054179999999999,SDPI,14636.0,2019-03-01,252.0,1.8750%,0.0017,1.4384,0.7571,0.5063,5.5555%,5.7442%,6.4638%,0.008152,SDPI,14636.0,2019-03-04,252.0,-2.4540%,0.0015,1.4536,0.7226,0.4988,5.5538%,5.7455%,6.5629%,-0.016097,SDPI,14636.0,2019-03-05,252.0,1.2579%,0.0016,1.4504,0.709,0.4903,5.5548%,5.7449%,6.5071%,0.018397,SDPI,14636.0,2019-03-06,252.0,-7.4534%,0.0016,1.5085,0.7923,0.5672,5.5497%,5.7555%,7.0231%,-0.053703,SDPI,14636.0,2019-03-07,252.0,2.0134%,0.0017,1.4899,0.7663,0.5352,5.5530%,5.7545%,6.8820%,0.03484,SDPI,14636.0,2019-03-08,252.0,-1.9737%,0.0017,1.4915,0.78,0.537,5.5535%,5.7559%,6.9072%,-0.016022,SDPI,14636.0,2019-03-11,252.0,-6.7114%,0.0013,1.4443,0.7444,0.5409,5.5827%,5.7720%,6.4508%,-0.089443,SDPI,-0.002526,0.0079659999999999,0.0133839999999999,0.0054389999999999,-0.100492
40939,SMUCKER J M CO,"Wells Fargo Maintains Market Perform on JM Smucker, Raises Price Target to $105",6,increase,0.7,0.5,"the maintenance of a 'market perform' rating combined with a raised price target suggests a positive outlook for jm smucker, likely leading to an increase in stock price.",2,2019-02-25,SJM,2019-02-25 13:37:00+00:00,42585.0,83269640,-0.0035496018826961,1307725.0,0.0497724004089832,-0.0501076951622963,0.0139504512771964,-0.0015897306147962,-0.0154317747801542,0.028170371428132,-0.004626621492207,0.0060940692201256,-0.0273192692548036,0.018120901659131,-0.0044860453344881,-0.0129181761294603,0.0130290146917104,-0.0060367691330611,-0.0075428523123264,0.0098703727126121,-0.0013641176046803,-0.0026059672236442,0.0062445057556033,-0.0021188599057495,-0.0031997887417674,-0.0135854100808501,0.0044746990315616,-0.0010439461329951,0.005713696591556,0.0040975823067128,0.0166586749255657,0.010690557770431,0.0136388977989554,-0.0100113982334733,-0.0010277796536684,0.0135291246697306,0.0014965487644076,0.0022276353556662,0.0422153435647487,0.0036939559504389,0.0242853909730911,0.014097006060183,0.0142606934532523,-0.003242549020797,-0.0018977074651047,-0.0232268515974283,-0.0070002381689846,-0.0076197297312319,0.0100087160244584,0.0019085499225184,0.0038776125293225,0.0058552562259137,-0.0066094133071601,0.0092027215287089,0.0027650538831949,0.0005816147313453,-0.0061181103810667,0.0052616284228861,0.0030345597770065,0.0043056542053818,0.0073472075164318,0.006996443029493,0.012356293387711,0.0180578157305717,0.0127140190452337,0.0,-0.0034315672237426,0.025831039994955,0.0032753790728747,0.0134543282911181,-0.0093755461275577,0.0136378156021237,0.0070982254110276,0.0075628366321325,-0.0020976674277335,0.00417156284675,0.0027747568674385,-0.0044724289327859,0.0120744155719876,-0.0050852391868829,0.0043082376942038,-0.0041147856973111,0.0041247317567467,0.0173893850296735,0.0052579641342163,-0.0305930785834789,-0.0093167647719383,0.007126391865313,0.0129516553133726,-0.0152735123410821,-0.005945136770606,-0.0045201852917671,0.0046698320657014,-0.0167677141726017,-0.000897012243513,-0.028554642572999,0.0033464224543422,-0.0179241877049207,0.0049621784128248,0.0205546449869871,0.0130322212353348,0.0079302443191409,-0.0004794661363121,0.0173456389456987,-0.0037572435103356,0.0100846029818058,0.0107526583597064,-0.0263810735195875,0.007462705951184,-0.0137910414487123,-0.001103226095438,-0.0098780188709497,0.0001577519869897,-0.0119605781510472,0.0056791389361023,0.0103441579267382,-0.0071372715756297,0.0213270504027605,0.0092254150658845,-0.0723575875163078,0.003861291334033,0.0015594731085002,-0.0054949130862951,-0.0153554053977131,0.0497724004089832,-0.0501076951622962,0.0644171991330342,-0.0516177680400562,0.0479913526438906,-0.0249014883099036,0.0146447972178898,-0.0011818260879568,0.0204828773126173,-0.0150342679801013,0.1674253532365919,0.0259730494748027,0.2620861625915087,-0.0762442889679548,2019-02-26,2019-02-27,2019-02-28,2019-03-01,2019-03-04,2019-03-05,2019-03-06,2019-03-07,2019-03-08,2019-03-11,42585.0,2019-02-25,252.0,-0.3550%,-0.0006,0.2587,-0.3502,0.1141,1.5518%,1.5838%,3.9959%,-0.004769,SJM,42585.0,2019-02-26,252.0,4.9772%,-0.0004,0.2431,-0.4029,0.0757,1.5806%,1.6126%,3.9304%,0.048221,SJM,42585.0,2019-02-27,252.0,1.3950%,-0.0004,0.2365,-0.3869,0.0746,1.5804%,1.6101%,3.6585%,0.014488,SJM,42585.0,2019-02-28,252.0,-1.5432%,-0.0005,0.2392,-0.3856,0.0799,1.5829%,1.6128%,3.6783%,-0.014535,SJM,42585.0,2019-03-01,252.0,-0.4627%,-0.0005,0.2376,-0.3879,0.0795,1.5831%,1.6130%,3.6672%,-0.005001,SJM,42585.0,2019-03-04,252.0,-2.7319%,-0.0006,0.2466,-0.3928,0.0716,1.5908%,1.6215%,3.7537%,-0.028035,SJM,42585.0,2019-03-05,252.0,-0.4486%,-0.0007,0.2437,-0.4183,0.0712,1.5877%,1.6196%,3.9016%,-0.005203,SJM,42585.0,2019-03-06,252.0,1.3029%,-0.0007,0.2348,-0.4358,0.0588,1.5881%,1.6199%,3.8823%,0.009687,SJM,42585.0,2019-03-07,252.0,-0.7543%,-0.0007,0.2372,-0.4344,0.0623,1.5884%,1.6204%,3.9070%,-0.005818,SJM,42585.0,2019-03-08,252.0,-0.1364%,-0.0007,0.2369,-0.4309,0.0617,1.5883%,1.6199%,3.8575%,-0.000609,SJM,42585.0,2019-03-11,252.0,0.6245%,-0.0007,0.2394,-0.4236,0.0646,1.5883%,1.6197%,3.8343%,0.004497,SJM,0.043452,0.05794,0.043405,0.010369,0.0129229999999999
40947,SPLUNK INC,"RBC Capital Maintains Outperform on Splunk, Raises Price Target to $155",6,increase,0.8,0.6,maintaining an 'outperform' rating and raising the price target typically signals positive sentiment and potential for stock price appreciation.,2,2019-02-25,SPLK,2019-02-25 14:42:00+00:00,13379.0,84863710,0.0062425411306321,1427867.0,0.0042098029516637,0.0161606967449188,0.0182392857968807,-0.0052583906799554,-0.018562601879239,-0.022326735779643,-0.0090521853417158,-0.0006605235976167,-0.0500556305050849,0.0127852614969015,-0.0203268397599458,0.0053807729855179,-0.0207485314458608,-0.0034259827807545,0.0050525851547718,0.0255881920456886,-0.0072975070215761,0.0002291907730977,0.0276075899600982,0.0209031477570533,-0.0081074368208646,0.0,-0.004327277187258,-0.010419812053442,0.0174647737294435,0.0056663486175239,0.0071191387251019,0.0120188435539603,0.0098963407799601,0.0197052769362926,0.0075439508073031,0.0167779568582773,0.0033963909372687,0.0386600084602832,0.0190783571451902,-0.011208732612431,-0.0512568950653076,-0.0205636117607355,-0.0170273669064045,0.0175906680524349,0.0059899454936385,0.0042698802426457,-0.0304956622421741,0.0038661882281303,0.0111212879419326,-0.0144135011360049,0.0227365717291832,0.0183044970035553,0.0179775115102529,0.0150698013603687,0.0070167696103453,-0.0092466603964567,0.0089250113815069,0.031140636652708,-0.0226584803313016,-0.0243236199021339,0.0218340624123811,0.0040274313651025,0.0072261691093444,0.0068155745975673,0.0004628369642887,0.0071249227039515,0.0326162055134773,0.0193976517766714,0.0109020816162228,0.0449833460152149,-0.0032501288224011,0.0717191100120544,-0.0019268546020612,-0.024293478578329,-0.0086129233241081,-0.0145922629162669,-0.034526664763689,0.0200408361852169,-0.0064386148005723,0.0004866950912401,0.0149906165897846,0.0297684799879789,0.0277692358940839,0.0760353282094001,-0.0023950850591063,0.0094719948247075,0.0185310319066047,-0.0486794859170913,0.0142899416387081,-0.0375797115266323,0.008569411933422,-0.0188753083348274,-0.0060484702698886,0.01670478656888,-0.0233989842236042,-0.0445563606917858,-0.0025220410898327,-0.0231997016817331,0.0055774520151317,-0.0149908531457185,-0.0008874065824784,0.0292595792561769,-0.02820142544806,-0.0194649491459131,0.003656112588942,0.0259322151541709,0.0050086393021047,-0.0489648506045341,0.0067206425592303,0.0285132564604282,-0.0484548918902874,-0.0186245385557413,0.0324767082929611,-0.0148572772741317,0.0306917428970336,0.0993801653385162,0.029703663662076,0.0251159761101007,-0.0181281138211488,0.0722474604845047,-0.0158253610134124,-0.0330475158989429,0.0293307695537805,0.0329480729997158,0.0042098029516637,0.0161606967449188,0.0225258725477284,0.0108173268078182,0.0035451318644033,-0.011750924569305,-0.0553175097942787,0.0002229907187514,-0.0708271571435054,0.0495280450603343,-0.0426143997075106,0.1609006412082068,0.0211965350301299,0.4536026672171263,2019-02-26,2019-02-27,2019-02-28,2019-03-01,2019-03-04,2019-03-05,2019-03-06,2019-03-07,2019-03-08,2019-03-11,13379.0,2019-02-25,252.0,0.6243%,0.0007,1.2606,0.8429,-1.6633,2.0195%,2.9281%,52.4300%,0.003458,SPLK,13379.0,2019-02-26,252.0,0.4210%,0.0007,1.2589,0.8372,-1.6675,2.0198%,2.9258%,52.3418%,0.0060319999999999,SPLK,13379.0,2019-02-27,252.0,1.8239%,0.0009,1.2664,0.8275,-1.6662,2.0187%,2.9273%,52.4435%,0.013415,SPLK,13379.0,2019-02-28,252.0,-1.8563%,0.0008,1.2743,0.8322,-1.6559,2.0221%,2.9292%,52.3451%,-0.019068,SPLK,13379.0,2019-03-01,252.0,-0.9052%,0.0006,1.2719,0.8287,-1.6465,2.0295%,2.9296%,52.0112%,-0.027354,SPLK,13379.0,2019-03-04,252.0,-5.0056%,0.0004,1.2811,0.8292,-1.6559,2.0398%,2.9478%,52.1143%,-0.033796,SPLK,13379.0,2019-03-05,252.0,-2.0327%,0.0001,1.2695,0.7264,-1.6568,2.0006%,2.8942%,52.2186%,-0.019643,SPLK,13379.0,2019-03-06,252.0,-2.0749%,0.0002,1.2784,0.7199,-1.6476,1.9979%,2.8968%,52.4301%,-0.000359,SPLK,13379.0,2019-03-07,252.0,0.5053%,0.0001,1.2695,0.6961,-1.6662,1.9960%,2.8930%,52.3970%,0.010513,SPLK,13379.0,2019-03-08,252.0,-0.7298%,0.0001,1.2708,0.6923,-1.6639,1.9965%,2.8917%,52.3312%,-0.007775,SPLK,13379.0,2019-03-11,252.0,2.7608%,0.0001,1.2694,0.6912,-1.6638,1.9966%,2.8963%,52.4775%,-0.002562,SPLK,0.0094899999999999,0.022905,0.0038369999999999,-0.057313,-0.077139
40955,SUNPOWER CORP,SunPower Option Alert: Jun 21 $4 Calls Sweep (73) near the Ask: 1100 @ $2.651 vs 2424 OI; Ref=$6.64,6,increase,0.7,0.6,"the significant call option activity suggests bullish sentiment among investors, which may lead to an increase in sunpower corp's stock price.",2,2019-02-25,SPWR,2019-02-25 14:41:00+00:00,90978.0,86765240,-0.0321100987493991,1724788.0,0.0189573280513286,0.0061538401059806,-0.0015503491740673,0.0500807650387287,0.0015527565265074,-0.0111821359023451,0.0031007723882794,0.0574324578046798,-0.0061823744326829,-0.0588235110044479,-0.0093312514945864,0.0589225441217422,-0.014128677546978,0.024137906730175,-0.0238853655755519,-0.001721127773635,0.0032626395113766,0.0175131186842918,0.0585366077721118,-0.0305602438747882,-0.0184332355856895,0.026132421568036,0.021909287199378,-0.0204778779298067,-0.0153139932081103,0.0427046716213226,-0.0139968395233154,0.0017824869137257,0.0157728549093008,-0.0344233736395835,0.0326087027788162,0.0301418583840131,0.0090225478634238,0.0329670011997222,-0.0312965773046016,-0.0179855953902006,-0.0553846359252929,0.0090743582695722,0.0,0.0036430708132684,0.0130293034017086,0.0578034110367298,0.0048231850378215,-0.0057470756582915,0.0304000098258256,-0.0386740416288375,0.0108695914968848,-0.0109289521351456,0.0399385169148445,0.0129150729626417,0.0192023795098066,-0.0109488945454359,0.0492753162980079,-0.003636360168457,0.0082873506471514,0.0054844990372657,0.0136986169964075,0.009225039742887,0.0297297015786171,0.0149812586605548,-0.0196850523352623,0.0229885764420032,0.0441767610609531,-0.0474452972412109,-0.0102564617991447,0.0300751589238643,-0.0168393310159444,0.0555555969476699,-0.0158103238791227,-0.0059172008186578,0.0147255873307585,0.0201208014041185,-0.0092347878962755,-0.0177865922451019,-0.0106525160372257,0.0242914743721485,0.0067295008338987,-0.0020201520528644,0.0080213826149702,0.076086938381195,0.0039788074791431,-0.092702217400074,-0.0118890553712844,-0.059369146823883,0.0187165588140487,-0.0477031767368316,0.0039370353333652,-0.0357751362025737,-0.0562091879546642,0.0138169126585125,-0.0069251684471964,-0.0523731857538223,0.0041840630583465,-0.0316956900060176,0.0472222454845905,-0.0156006095930934,0.0026525172870606,0.0174602624028921,0.0291005652397871,-0.0483383238315582,-0.0257069766521453,0.0122324042022228,-0.026385199278593,-0.0267856903374195,0.1111110672354698,0.0090090008452534,-0.0280487835407257,-0.0458452962338924,0.0,0.0189781188964843,0.0188205894082784,-0.0115440003573894,0.0320197343826293,-0.0519835986196994,-0.0453460738062858,0.0209497343748807,-0.0112500190734863,0.0156027879565954,0.0366624481976032,0.1633663773536682,0.0189573280513286,0.0061538401059806,0.0173775883993743,0.0565427941651428,0.0189573280896837,0.0447283890541447,0.0157977735537913,0.0397456280300254,0.0284360680045809,0.1103565562593253,0.2037914695157021,0.2247190590066512,0.2954186362534265,0.0792079279425528,2019-02-26,2019-02-27,2019-02-28,2019-03-01,2019-03-04,2019-03-05,2019-03-06,2019-03-07,2019-03-08,2019-03-11,90978.0,2019-02-25,252.0,-3.2110%,-0.0002,1.4858,0.7134,0.2976,3.1047%,3.4746%,20.1592%,-0.032073,SPWR,90978.0,2019-02-26,252.0,1.8957%,-0.0,1.4887,0.6731,0.2794,3.1080%,3.4765%,20.0747%,0.026782,SPWR,90978.0,2019-02-27,252.0,-0.1550%,-0.0002,1.467,0.7104,0.2758,3.0929%,3.4548%,19.8557%,-0.003934,SPWR,90978.0,2019-02-28,252.0,0.1553%,-0.0001,1.4529,0.7009,0.2639,3.0895%,3.4439%,19.5239%,0.006548,SPWR,90978.0,2019-03-01,252.0,0.3101%,-0.0001,1.4482,0.6939,0.2605,3.0898%,3.4404%,19.3431%,-0.008427,SPWR,90978.0,2019-03-04,252.0,-0.6182%,-0.0001,1.4507,0.6827,0.2605,3.0896%,3.4405%,19.3588%,0.003018,SPWR,90978.0,2019-03-05,252.0,-0.9331%,-0.0002,1.451,0.6823,0.2622,3.0897%,3.4391%,19.2879%,-0.004214,SPWR,90978.0,2019-03-06,252.0,-1.4129%,-0.0001,1.4509,0.6665,0.2599,3.0898%,3.4399%,19.3177%,0.006463,SPWR,90978.0,2019-03-07,252.0,-2.3885%,-0.0002,1.4542,0.6616,0.2629,3.0902%,3.4415%,19.3735%,-0.010754,SPWR,90978.0,2019-03-08,252.0,0.3263%,-0.0001,1.4528,0.6698,0.2602,3.0902%,3.4416%,19.3783%,0.006488,SPWR,90978.0,2019-03-11,252.0,5.8537%,-0.0,1.4709,0.696,0.2658,3.0976%,3.4605%,19.8754%,0.0357419999999999,SPWR,-0.0052909999999999,-0.0092249999999999,-0.0026769999999999,-0.0080859999999999,0.025639
40963,SOCIEDAD QUIMICA & MINERA CHL SA,Deutsche Bank Downgrades Sociedad Quimica Y Minera to Hold,6,decrease,0.8,0.6,"a downgrade from deutsche bank typically signals reduced expectations for the company's performance, which can lead to a decline in stock price.",0,2019-02-25,SQM,2019-02-25 12:47:00+00:00,79663.0,83363510,0.0067613082937896,956489.0,-0.0114170210435986,0.0188289247453212,0.0190217420458793,0.0381406061351299,-0.0839999765157699,0.0164768677204847,-0.0458515137434005,-0.001693267840892,-0.0086448034271597,0.0075554810464382,0.0094895847141742,0.015091554261744,-0.0210874453186988,0.0064740618690848,-0.0230988692492246,-0.0135101759806275,0.0015940853627398,-0.0202166102826595,0.0259946826845407,-0.0248768217861652,0.0152533650398254,0.0002347919362364,0.0249554254114627,-0.0030423840507864,0.0007453112630173,-0.0037304698489606,0.0131579590961337,0.0094139259308576,-0.0127419857308268,-0.0039849546737968,-0.0151402484625577,0.0120996041223406,-0.0176411475986242,0.0011877210345119,0.0092355208471417,0.0047731967642903,-0.029994923621416,-0.0117924520745873,-0.001310252584517,0.0035503320395946,-0.010233518667519,-0.0023612391669303,-0.0076882531866431,-0.000236122199567,0.0146940751001238,-0.0032941033132374,0.0121116135269403,-0.0152919339016079,0.0078044501133263,0.0174446422606706,-0.0167785622179508,0.0085591245442628,-0.002100336831063,-0.0152188651263713,0.0157853811979293,0.0176315903663635,0.0064750062301754,-0.0052144443616271,-0.0051466999575495,0.022787844762206,-0.0038800188340246,0.0085574192926287,0.0015580726321786,0.0359676294028759,-0.0173709671944379,0.0112704560160636,-0.0034301071427762,0.04833510145545,-0.0132380193099379,-0.0332294590771198,0.0042929928749799,0.005744157359004,0.0307240579277277,0.0036687471438199,-0.0129600819200277,-0.0195271931588649,-0.0262605026364326,-0.0030738408677279,-0.0159115456044673,0.056849006563425,-0.0172650329768657,-0.0365154296159744,-0.009202504530549,-0.0033792841713875,0.0264565851539373,-0.0607909634709358,-0.012887337245047,0.0017119025578722,-0.0100000165402889,-0.0094476602971553,-0.0140291806310415,-0.0328022837638855,0.0376419983804225,-0.015228422358632,0.0066574667580425,-0.003907105885446,0.0041333069093525,0.0076423808932304,-0.0299121905118227,-0.0084959575906395,-0.0240452196449041,-0.0093266572803258,0.0017391702858731,-0.0178730841726064,0.0124421380460262,-0.0108287660405039,-0.0191483832895755,-0.0187864806503057,0.0017482917755842,0.0552272796630859,-0.0037812991067767,-0.0004543493269011,-0.0163504052907228,0.0208720210939645,-0.0234490092843771,0.0318257473409175,-0.0060790502466261,-0.0173994321376085,0.0143730090931057,-0.0044476226903498,-0.0114170210435986,0.0188289247453212,0.007387549373057,0.0576876774831105,-0.0772329811165587,0.0751150574345864,-0.1271546213313277,0.0814038566877197,-0.134094433799805,0.0413048168669438,-0.1345421716551583,0.0756363369207153,-0.2489418873236971,0.0456871908019316,2019-02-26,2019-02-27,2019-02-28,2019-03-01,2019-03-04,2019-03-05,2019-03-06,2019-03-07,2019-03-08,2019-03-11,79663.0,2019-02-25,252.0,0.6761%,-0.0008,0.9245,0.1771,-0.0471,1.8767%,2.1268%,22.1330%,0.005638,SQM,79663.0,2019-02-26,252.0,-1.1417%,-0.001,0.9134,0.1993,-0.0442,1.8726%,2.1166%,21.7288%,-0.00906,SQM,79663.0,2019-02-27,252.0,1.9022%,-0.0005,0.9532,0.1339,-0.0375,1.7899%,2.0598%,24.4869%,0.017668,SQM,79663.0,2019-02-28,252.0,-8.4000%,-0.0008,0.9651,0.1393,-0.0101,1.8600%,2.1222%,23.1832%,-0.081265,SQM,79663.0,2019-03-01,252.0,-4.5852%,-0.0008,0.9303,0.0876,-0.0395,1.8731%,2.1179%,21.7855%,-0.053334,SQM,79663.0,2019-03-04,252.0,-0.8645%,-0.0007,0.9059,0.1711,-0.0337,1.8428%,2.0808%,21.5712%,-0.0033929999999999,SQM,79663.0,2019-03-05,252.0,0.9490%,-0.0007,0.9002,0.1351,-0.0422,1.8415%,2.0761%,21.3235%,0.011389,SQM,79663.0,2019-03-06,252.0,-2.1087%,-0.0006,0.9216,0.1438,-0.0168,1.8321%,2.0753%,22.0657%,-0.011896,SQM,79663.0,2019-03-07,252.0,-2.3099%,-0.0008,0.9208,0.1099,-0.0275,1.8235%,2.0679%,22.2366%,-0.015586,SQM,79663.0,2019-03-08,252.0,0.1594%,-0.0009,0.9221,0.0787,-0.0238,1.8149%,2.0595%,22.3386%,0.003428,SQM,79663.0,2019-03-11,252.0,2.5995%,-0.0008,0.9284,0.0907,-0.0201,1.8161%,2.0654%,22.6808%,0.011758,SQM,-0.003422,0.0142459999999999,-0.067019,-0.123746,-0.124653
40971,SEMPRA ENERGY,Sempre Energy Reports Launch Of Formal Process In Mar. For Sale Of Equity Interests In South American Businesses,6,uncertain,0.6,0.3,the announcement of a formal process for selling equity interests could be seen as a strategic move that may either unlock value or raise concerns about the company's focus and future growth prospects.,1,2019-02-25,SRE,2019-02-25 22:32:00+00:00,86136.0,81685110,-0.0075118755921721,1639014.0,0.0111404471099376,0.006883701775223,0.0120269153267145,0.0046102697961032,0.000914157833904,0.0073965825140476,0.006808366626501,0.0087627489119768,0.0005772694712504,0.0106093734502792,-0.0020604962483048,-0.0016631198814138,-0.000908495276235,0.0010514819296076,0.0060345185920596,-0.0072204805910587,0.0049302065744996,-0.0251865778118372,0.007277182303369,-0.0008473010966554,0.0065751890651881,0.0022929650731384,0.0027419058606028,0.0056367213837802,0.0008846760028973,-0.0008533672080375,0.0013660570839419,0.0037687574513256,0.0002407220308668,-0.0019661767873913,-0.0057761832140386,0.0181027129292488,0.0090373819693923,0.0092226881533861,0.0142942788079381,0.0075221103616058,0.001588916638866,-0.0008841598173603,-0.0081700542941689,-0.0022055581212043,0.0035188933834433,0.0038968629669398,-0.0005578553536906,0.0048055611550807,-0.0074954344891011,-0.0026626025792211,0.0111673446372151,0.0027589672245085,0.006117882207036,-0.002662906423211,0.0048171887174248,0.0009773487690836,0.0,0.0070687266997992,-0.0017290256218984,-0.0201647859066724,0.0096048563718795,-0.0032334418501704,-0.0035090809687972,0.0178794004023075,0.0007825219072401,-0.0097771566361188,-0.0035968339070677,0.0279789585620164,0.0052578342147171,-0.0001810306275729,0.0136612011119723,0.0299300607293844,-0.0099346050992608,0.0045897141098976,-0.0100342324003577,-0.0132174901664257,0.0001571798056829,0.0085765440016984,0.0009427507757209,0.0051574762910604,-0.0159328654408454,-0.0035188188776373,0.0059021017514169,0.0054934481158852,0.0022994047030806,-0.0395277962088584,0.0073569547384977,-0.0109676094725728,0.0055756773799657,-0.0077234059572219,-0.017571261152625,0.0008784795063547,0.0170905701816082,-0.0094840684905648,-0.0136772179976105,-0.0300447102636098,-0.0018224701052531,0.0075680222362279,0.0117487953975796,0.0080575589090585,-0.0083169676363468,-0.0034169990103691,-0.005380175076425,0.0074876933358609,0.0003977651067543,0.0020699051674455,0.0035782200284302,0.0021607605740427,0.0237699672579765,-0.0099264392629265,0.0008513319771736,0.0035208559129387,0.0003092582919634,0.010675192810595,0.0040198229253292,0.0226324945688247,0.00646748021245,-0.0050335545092821,-0.002065516076982,0.0048806052654981,0.0055959811434149,0.0058015128597617,0.0024394523352384,-0.0006243840325623,0.0111404471099376,0.006883701775223,0.023301347650745,0.011525707293706,0.0242368065941445,0.0190075406527843,0.0318054724447793,0.0388426137733013,0.0476231499455455,0.0038977007053055,0.0950953550255231,0.0539050442782991,0.1268881608056982,0.0656367163336475,2019-02-26,2019-02-27,2019-02-28,2019-03-01,2019-03-04,2019-03-05,2019-03-06,2019-03-07,2019-03-08,2019-03-11,86136.0,2019-02-25,252.0,-0.7512%,0.0005,0.2225,-0.4617,-0.1793,1.4422%,1.4845%,5.6263%,-0.009497,SRE,86136.0,2019-02-26,252.0,1.1140%,0.0004,0.208,-0.458,-0.1882,1.4364%,1.4763%,5.3241%,0.00785,SRE,86136.0,2019-02-27,252.0,1.2027%,0.0005,0.2109,-0.4595,-0.1877,1.4379%,1.4780%,5.3507%,0.012384,SRE,86136.0,2019-02-28,252.0,0.0914%,0.0005,0.2141,-0.4574,-0.1855,1.4374%,1.4778%,5.3877%,0.001091,SRE,86136.0,2019-03-01,252.0,0.6808%,0.0005,0.2089,-0.465,-0.196,1.4363%,1.4769%,5.4181%,0.005761,SRE,86136.0,2019-03-04,252.0,0.0577%,0.0005,0.2062,-0.456,-0.1953,1.4358%,1.4746%,5.1903%,0.000478,SRE,86136.0,2019-03-05,252.0,-0.2060%,0.0005,0.2075,-0.4484,-0.1928,1.4360%,1.4743%,5.1274%,-0.003682,SRE,86136.0,2019-03-06,252.0,-0.0908%,0.0004,0.1939,-0.4238,-0.2048,1.4240%,1.4595%,4.8017%,-0.004828,SRE,86136.0,2019-03-07,252.0,0.6035%,0.0005,0.1935,-0.4134,-0.2023,1.4231%,1.4577%,4.6912%,0.006562,SRE,86136.0,2019-03-08,252.0,0.4930%,0.0005,0.1925,-0.4071,-0.2043,1.4230%,1.4571%,4.6294%,0.005129,SRE,86136.0,2019-03-11,252.0,0.7277%,0.0005,0.1944,-0.3984,-0.2003,1.4225%,1.4562%,4.5727%,0.004722,SRE,-0.0016469999999999,0.010737,0.011828,0.018067,0.02597
40979,STANLEY BLACK & DECKER INC,Dissecting The IPS Worldwide Bankruptcy,6,uncertain,0.6,0.3,"the bankruptcy of ips worldwide may have mixed implications for stanley black & decker, potentially affecting supply chains or market competition, but the overall impact on stock price is unclear.",1,2019-02-25,SWK,2019-02-25 17:04:00+00:00,43350.0,85450210,-0.0110135246068239,1134023.0,-0.0108450800180435,0.01003348082304,0.0041207713074982,0.0052622854709625,-0.0295325648039579,0.0019039965700358,0.001510324073024,0.0012464122846722,0.0224684607237577,0.0248722378164529,-0.0058539705350995,-0.0089365281164646,-0.0040251081809401,0.0148892849683761,-0.0178116280585527,0.0309334676712751,-0.0150869470089674,0.0119854649528861,0.0254526436328887,-0.0096056489273905,0.0003772391646634,-0.0167395584285259,0.0073152426630258,-0.0002302992506884,-0.0119039565324783,0.0114139392971992,-0.0035611549392342,0.0078252786770462,0.020378740504384,0.0106769884005188,-0.0064833080396056,0.0157454926520586,-0.0110261114314198,0.0093245888128876,0.0208570342510938,0.017490329220891,-0.0274889450520277,0.0052247243002057,0.0058823856525123,0.0197902917861938,0.0028860399033874,-0.0026149740442633,0.0023475771304219,0.0247212424874305,0.0166969373822212,-0.1548071354627609,0.0118896542116999,0.031888511031866,0.0245281364768743,0.0232969913631677,-0.0015052072703838,0.0049616200849413,0.0104091670364141,-0.0145159596577286,0.0155595196411013,-0.0137141682207584,-0.0010494553716853,0.0051504047587513,0.0084740305319428,0.0074780290015041,-0.0147917009890079,0.0232684910297393,0.0041588186286389,0.0184493623673915,0.0134774539619684,0.0211124513298273,0.0123977921903133,0.0506782904267311,0.0030102103482931,-0.0291560031473636,-0.0053883995860815,0.0082679595798254,-0.0082294074818491,0.0076579651795327,0.0077445055358111,-0.0110685899853706,-0.0021271635778248,0.0271841362118721,0.0138898743316531,0.0515056475996971,-0.0100372722372412,-0.0214618910104036,-0.0169897638261318,-0.0165224578231573,0.0195832289755344,-0.0156676080077886,0.0069720046594738,-0.0238550007343292,-0.004887328017503,0.0027504099998623,0.0121418740600347,0.0136870797723531,0.0107157044112682,0.0039016036316752,0.0207374840974807,-0.0161061529070138,-0.0436373651027679,0.0001669666380621,-0.0189206916838884,-0.0168226081877946,0.0022278914693742,-0.0059547740966081,-0.0099339541047811,-0.0310622863471508,-0.0023154772352427,0.0013454544823616,-0.0452915281057357,-0.0710925236344337,-0.0019152449676766,0.0395108759403228,-0.0030260805506259,0.0265966337174177,0.0242818985134363,0.0015634845476597,-0.0253685638308525,0.0162866078317165,0.002002143068239,-0.019856683909893,0.0131734665483236,0.0196918826550245,-0.0108450800180435,0.01003348082304,-0.0067689988051111,0.0153485653343607,-0.0361016577131992,0.0172817855201481,-0.0129558372377902,0.0438833493468762,-0.0305097464206574,0.0848886734507694,0.0532372196994161,0.0600533822974393,0.0013067264964632,0.1087767003136754,2019-02-26,2019-02-27,2019-02-28,2019-03-01,2019-03-04,2019-03-05,2019-03-06,2019-03-07,2019-03-08,2019-03-11,43350.0,2019-02-25,252.0,-1.1014%,-0.0005,1.3362,0.3776,0.3414,1.5624%,2.0703%,43.0484%,-0.0115389999999999,SWK,43350.0,2019-02-26,252.0,-1.0845%,-0.0005,1.3437,0.3769,0.3467,1.5612%,2.0708%,43.1619%,-0.005264,SWK,43350.0,2019-02-27,252.0,0.4121%,-0.0005,1.3436,0.378,0.3467,1.5613%,2.0693%,43.0720%,0.0025109999999999,SWK,43350.0,2019-02-28,252.0,-2.9533%,-0.0006,1.3537,0.3841,0.3597,1.5675%,2.0769%,43.0359%,-0.024676,SWK,43350.0,2019-03-01,252.0,0.1510%,-0.0007,1.354,0.3846,0.3636,1.5681%,2.0748%,42.8824%,-0.008002,SWK,43350.0,2019-03-04,252.0,2.2468%,-0.0004,1.338,0.4107,0.3739,1.5706%,2.0653%,42.1685%,0.02954,SWK,43350.0,2019-03-05,252.0,-0.5854%,-0.0004,1.3415,0.437,0.3768,1.5679%,2.0655%,42.3835%,-0.001499,SWK,43350.0,2019-03-06,252.0,-0.4025%,-0.0003,1.3444,0.4035,0.3755,1.5669%,2.0656%,42.4623%,0.012509,SWK,43350.0,2019-03-07,252.0,-1.7812%,-0.0003,1.3466,0.4043,0.3787,1.5672%,2.0679%,42.5641%,-0.005356,SWK,43350.0,2019-03-08,252.0,-1.5087%,-0.0004,1.3494,0.3835,0.3843,1.5644%,2.0658%,42.6511%,-0.011773,SWK,43350.0,2019-03-11,252.0,2.5453%,-0.0004,1.3525,0.3904,0.3867,1.5646%,2.0718%,42.9680%,0.005874,SWK,-0.016803,-0.014292,-0.038968,-0.01743,-0.017675
40987,STRYKER CORP,"Stryker Reports Purchase Of Arrinex, No Terms Disclosed",6,uncertain,0.6,0.3,"the acquisition of arrinex could be seen as a strategic move that may enhance stryker's product offerings, but the lack of disclosed terms makes it difficult to assess the immediate financial impact on the stock price.",1,2019-02-25,SYK,2019-02-25 22:04:00+00:00,73139.0,86366710,-0.0063073220662772,1868977.0,-0.011947888880968,0.005810834467411,0.0082595478743314,-0.0003197482437826,0.0093162190169096,0.0082209380343556,0.0162856467068195,-0.0038537771906703,-0.0047499928623437,0.0069527248851954,-0.0038810798432677,0.0013492363505065,-0.0083714863285422,-0.0019929460249841,-0.0067962133325636,0.0116057591512799,0.0009087895159609,0.004762920551002,0.0106286685913801,0.01056710164994,0.0083500780165195,0.0002767186088021,0.0054506985470652,0.007527130190283,0.0078711938112974,0.0124760456383228,0.0035685915499925,-0.0009587624808773,-0.0023706012871116,-0.0014642662135884,0.01312115509063,-0.0101454490795731,0.0052009192295372,0.1137393116950989,0.0043623852543532,-0.0057406956329941,-0.0179797857999801,-0.0226833652704954,0.003754349425435,-0.0092050721868872,0.0046626208350062,0.009168803691864,0.0006119702011346,-0.0006028821808286,0.0022426000796258,-0.0099671632051467,0.0071385335177183,0.0190985910594463,-0.0071891359984874,0.006181210745126,-0.0047425185330212,0.0077710282057523,-0.0016908430261537,0.0284155495464801,-0.0057995771057903,-0.0114740850403904,0.0078983986750245,-0.0114664118736982,0.0025609505828469,0.0096370037645101,0.0011750062694773,0.0056639974936842,0.0008674703422002,0.0121018718928098,-0.0041296910494565,-0.0003820040728896,-0.0136179979890584,0.030171787366271,0.0038926661945879,-0.0132038397714495,-0.0226450469344854,-0.0143540669232606,-0.0465509332716465,0.0125968791544437,0.0001109022050513,0.0046571595594286,0.0105403820052743,0.0249950550496578,0.0263504777103662,0.0402069091796875,-0.0102696474641561,-0.038014966994524,0.0115110510960221,-0.0198972467333078,0.0059304409660398,-0.0266456119716167,-0.0052581555210053,-0.0215506311506032,0.0086497431620955,0.008556586690247,-0.0116987274959683,-0.0387247651815414,0.0115158502012491,-0.0364456959068775,0.0098490891978144,0.0014483517734333,0.0016254918882623,0.0055341776460409,-0.0182703658938407,0.0025698074605315,0.0027729123830795,0.0140360975638032,-0.0002127548214048,-0.0208188146352767,-0.0037763495929539,0.0011030620662495,-0.0165510196238756,-0.0094312457367777,-0.0001086008269339,-0.0089479498565196,0.0080899419263005,0.0266222152858972,-0.0002153998357243,-0.0044850246049463,-0.0080267488956451,0.0275931358337402,0.0009232006850652,0.0069917645305395,0.0061852280050516,0.0067354403436183,-0.011947888880968,0.005810834467411,-0.0037870251668461,0.0054892282195124,0.0054939130941866,0.013755292858917,0.0170151611217346,0.0168697046711681,0.009281019289437,0.0438174173723135,0.0468263411726466,0.1806632911969332,-0.0082050870405555,0.1486879201081239,2019-02-26,2019-02-27,2019-02-28,2019-03-01,2019-03-04,2019-03-05,2019-03-06,2019-03-07,2019-03-08,2019-03-11,73139.0,2019-02-25,252.0,-0.6307%,0.0005,0.8809,-0.2185,-0.3218,1.1397%,1.5309%,44.5752%,-0.008898,SYK,73139.0,2019-02-26,252.0,-1.1948%,0.0004,0.8826,-0.2013,-0.3118,1.1428%,1.5294%,44.1693%,-0.013099,SYK,73139.0,2019-02-27,252.0,0.8260%,0.0004,0.8767,-0.1888,-0.3128,1.1404%,1.5223%,43.8843%,0.007374,SYK,73139.0,2019-02-28,252.0,0.9316%,0.0004,0.8746,-0.1898,-0.3168,1.1424%,1.5218%,43.6472%,0.01119,SYK,73139.0,2019-03-01,252.0,1.6286%,0.0005,0.8738,-0.1911,-0.3222,1.1434%,1.5229%,43.6279%,0.009182,SYK,73139.0,2019-03-04,252.0,-0.4750%,0.0005,0.871,-0.1817,-0.3216,1.1428%,1.5188%,43.3875%,0.000196,SYK,73139.0,2019-03-05,252.0,-0.3881%,0.0005,0.8709,-0.185,-0.32,1.1429%,1.5181%,43.3246%,-0.003825,SYK,73139.0,2019-03-06,252.0,-0.8371%,0.0004,0.8719,-0.1766,-0.3178,1.1431%,1.5179%,43.2857%,-0.003348,SYK,73139.0,2019-03-07,252.0,-0.6796%,0.0004,0.8727,-0.1752,-0.3163,1.1431%,1.5186%,43.3394%,-0.000909,SYK,73139.0,2019-03-08,252.0,0.0909%,0.0004,0.8725,-0.1759,-0.3166,1.1432%,1.5186%,43.3334%,0.002289,SYK,73139.0,2019-03-11,252.0,1.0629%,0.0004,0.8706,-0.1809,-0.3184,1.1432%,1.5199%,43.4218%,-0.003475,SYK,-0.021997,-0.014623,-0.003433,0.0059449999999999,-0.003323
40995,SYSCO CORP,Sysco Reports Multi-Site Solar Gardens In Texas Operational,6,increase,0.7,0.6,"the operationalization of multi-site solar gardens indicates a commitment to sustainability and cost savings, which could positively influence investor sentiment and stock performance.",2,2019-02-25,SYY,2019-02-25 22:39:00+00:00,52038.0,87182910,-0.001039650873281,2995134.0,0.0022301743738353,0.0013385480269789,-0.0044504231773316,-0.0016332681989297,0.006556436419487,0.0050738146528601,0.0004440973862074,-0.0078471833840012,-0.0069547384046018,0.0147236082702875,-0.0078974636271595,0.0004509060527198,-0.0045059034600853,-0.0061249425634741,-0.0061858184635639,0.009805423207581,-0.0013663878198713,0.0013595765922218,0.0103374933823943,0.0167408436536788,-0.0042130420915782,-0.0033675373997539,0.0040797316469252,-0.0003059930168092,-0.0049660527147352,-0.0193577576428651,0.0022685101721435,0.0482932142913341,0.0028670958708971,-0.0043852590024471,-0.0042130420915782,0.0151032898575067,-0.0116348844021558,0.0136986672878265,0.0076440908014774,-0.0035330210812389,-0.0053103640675544,0.0040309578180313,0.0097620412707328,-0.0081560583785176,0.0012084869667887,-0.0057242903858423,-0.0096559962257742,0.0036705960519611,0.0094455024227499,-0.0003190883435308,0.0075460304506123,0.0070693865418434,0.0002995303075294,-0.0001606156001798,-0.0067384988069534,-0.007493641693145,0.0021106495987623,-0.0036536860279738,0.0117346076294779,-0.0014276673318818,0.0041878367774188,-0.0034776700194925,0.0014894023770466,0.0124839758500456,-0.0041641700081527,-0.0047785798087716,0.0068697594106197,0.0158575978130102,0.0103827435523271,-0.0008083950961008,0.0130651695653796,0.0078214034438133,0.0089841345325112,-0.0046736556105315,0.0067499820142984,-0.0097350878641009,0.0077032940462231,0.006101494655013,0.0049546784721314,0.0037066808436065,-0.0057754055596888,0.0133921233937144,-0.0025503018405288,0.0213511046022176,-0.0046875257976353,-0.0154376523569226,-0.0099899666383862,-0.0150436805561184,-0.0038922338280826,-0.0263033863157033,0.0089725432917475,-0.0082785850390791,0.0093230279162526,-0.002959078643471,-0.005684261675924,-0.0189457274973392,0.0122909899801015,-0.0080328341573476,-0.0043767495080828,0.006559882313013,0.0344583168625831,0.003828483633697,-0.000685338221956,0.0061633517034351,0.0010974188335239,-0.0018455110257491,0.007810354232788,-0.0139521649107337,0.005982254166156,-0.0028730502817779,-0.0083794454112648,-0.0135740404948592,0.0035436076577752,-0.0053412551060318,0.0036670416593551,-0.0020728367380797,0.0100135030224919,0.0103216525167226,0.0038853285368531,0.0234231296926736,0.0004003573849331,0.0064714662730693,0.0070704212412238,0.0,0.0022301743738353,0.0013385480269789,-0.0022301740232191,-0.000296906379876,0.0043116404020802,0.0047754018250434,-0.0022301740571709,0.0115685738046551,-0.0118941873880746,0.0340961626846569,0.0055339318828464,0.0776248754098389,0.128907745439031,0.0440350576183528,2019-02-26,2019-02-27,2019-02-28,2019-03-01,2019-03-04,2019-03-05,2019-03-06,2019-03-07,2019-03-08,2019-03-11,52038.0,2019-02-25,252.0,-0.1040%,0.0004,0.3802,0.0259,-0.388,1.1832%,1.3039%,17.6559%,-0.002349,SYY,52038.0,2019-02-26,252.0,0.2230%,0.0004,0.3756,0.0285,-0.39,1.1824%,1.3013%,17.4379%,0.0016239999999999,SYY,52038.0,2019-02-27,252.0,-0.4450%,0.0003,0.3731,0.0313,-0.3905,1.1824%,1.3003%,17.3049%,-0.005411,SYY,52038.0,2019-02-28,252.0,0.6556%,0.0003,0.3703,0.0296,-0.3939,1.1830%,1.2999%,17.1796%,0.006631,SYY,52038.0,2019-03-01,252.0,0.0444%,0.0003,0.369,0.0276,-0.394,1.1833%,1.2997%,17.1064%,-0.003974,SYY,52038.0,2019-03-04,252.0,-0.6955%,0.0003,0.3697,0.0288,-0.395,1.1835%,1.3003%,17.1582%,-0.003479,SYY,52038.0,2019-03-05,252.0,-0.7897%,0.0003,0.3715,0.0374,-0.3905,1.1847%,1.3013%,17.1242%,-0.008218,SYY,52038.0,2019-03-06,252.0,-0.4506%,0.0003,0.3703,0.0412,-0.3914,1.1845%,1.3012%,17.1300%,-0.000847,SYY,52038.0,2019-03-07,252.0,-0.6186%,0.0002,0.3694,0.0276,-0.3964,1.1823%,1.2992%,17.1836%,-0.004502,SYY,52038.0,2019-03-08,252.0,-0.1366%,0.0002,0.3687,0.0437,-0.3985,1.1787%,1.2968%,17.3793%,-0.001331,SYY,52038.0,2019-03-11,252.0,1.0337%,0.0002,0.3697,0.0475,-0.3969,1.1787%,1.2978%,17.5197%,0.002525,SYY,-0.000725,-0.006136,0.000495,-0.0069579999999999,-0.0193309999999999
41003,TELEFONICA S A,"Telefonica, Microsoft Report Strategic Partnership To Collaborate On Projects To Accelerate Telefonica's Innovation, Transform Telecom Industry, No Terms Disclosed",6,increase,0.7,0.6,"the strategic partnership with microsoft is likely to enhance telefonica's innovation capabilities and position in the telecom industry, which could positively influence investor sentiment and stock price.",2,2019-02-25,TEF,2019-02-25 14:05:00+00:00,75049.0,87938220,-0.0045402906835079,1168968.0,-0.0079818293452262,-0.0045197694562375,-0.0091953938826918,0.0125858820974826,0.0034802474547177,0.0080737825483083,-0.0138728199526667,0.0152224963530898,-0.0140679823234677,0.0252100881189107,0.0118906516581773,-0.0011990681523457,0.0058754631318151,-0.0011976321693509,-0.0070093944668769,0.0048134727403521,0.0152941308915615,-0.0071683949790894,0.006952429190278,-0.0094674471765756,-0.0138089628890156,-0.0276179257780313,0.0093348808586597,-0.0034404455218464,0.0,0.016317056491971,0.0323700234293937,-0.0115207806229591,0.0033594325650483,0.0023095216602087,-0.0022321939468383,-0.0102857314050197,-0.0044742687605321,-0.0022805538028478,-0.0078651346266269,-0.0090395389124751,-0.0237825643271207,0.0034014384727925,-0.0092807337641716,0.0068492540158331,0.0046838363632559,-0.0068026608787477,-0.0023309446405619,0.0126291224732995,-0.0303738564252853,-0.0091012427583336,0.0072288513183593,0.011507524177432,0.0023923993576318,0.0023067479487508,0.0011933447094634,-0.0023014389444142,0.0131108043715357,-0.006857190746814,0.0094117559492588,-0.0045506213791668,-0.0151515286415815,-0.0022701993584632,-0.0035502642858773,0.0080092279240489,-0.0095011787489056,-0.0146561572328209,0.0011990681523457,-0.0022497700992971,0.0047904145903885,0.013682996854186,0.0023837310727685,0.0197674501687288,0.0011890878668054,0.0129564916715025,-0.0035629135090857,0.0035460677463561,0.0131108043715357,0.0035586871672421,-0.0058823754079639,0.0,-0.0059171826578676,-0.0023668052162975,-0.0130951981991529,0.0254854429513216,-0.0156815573573112,-0.0155316749587655,0.0024510365910828,-0.0176056995987892,0.0134473899379372,-0.0046728923916816,0.0012063002213835,0.0094340657815337,0.0,-0.0081897713243961,-0.0096385451033711,0.0022830483503639,-0.0085158934816718,-0.0112866172567009,0.0012270220322534,0.0079635605216026,0.0,0.0280701480805873,-0.0147058684378862,-0.0069685792550444,-0.011194048449397,-0.0126147484406828,0.0037736112717539,-0.0011453924234956,0.0062656281515955,-0.0090806894004344,-0.0273972358554601,-0.0232816003262996,0.0179257187992334,0.001109903329052,0.0075472225435078,0.0078300507739186,0.0024968169163912,0.0044943778775632,-0.0062266145832836,0.013667413033545,0.0050125862471759,0.0057273991405963,0.0,0.0492788292467594,-0.0079818293452262,-0.0045197694562375,-0.0171038271631843,0.008009227355761,-0.0136831052594171,0.0161476746641198,-0.0410490984413091,0.0576231086697451,-0.0091221070823644,0.0426036224402865,-0.0399088205554086,0.008009228727642,-0.0855188106496396,0.0873763336099904,2019-02-26,2019-02-27,2019-02-28,2019-03-01,2019-03-04,2019-03-05,2019-03-06,2019-03-07,2019-03-08,2019-03-11,75049.0,2019-02-25,252.0,-0.4540%,-0.0,0.702,0.0727,0.666,1.0479%,1.2508%,29.8189%,-0.004363,TEF,75049.0,2019-02-26,252.0,-0.7982%,-0.0001,0.6975,0.083,0.6679,1.0466%,1.2462%,29.4635%,-0.0042959999999999,TEF,75049.0,2019-02-27,252.0,-0.9195%,-0.0001,0.6986,0.0784,0.668,1.0481%,1.2472%,29.3804%,-0.0092789999999999,TEF,75049.0,2019-02-28,252.0,0.3480%,-0.0,0.6887,0.0719,0.6592,1.0445%,1.2383%,28.8468%,0.0072,TEF,75049.0,2019-03-01,252.0,-1.3873%,-0.0001,0.6869,0.0692,0.664,1.0495%,1.2405%,28.4240%,-0.016493,TEF,75049.0,2019-03-04,252.0,-1.4068%,-0.0002,0.6916,0.0652,0.6602,1.0517%,1.2436%,28.4740%,-0.012899,TEF,75049.0,2019-03-05,252.0,1.1891%,-0.0001,0.6887,0.0523,0.6526,1.0558%,1.2456%,28.1487%,0.014763,TEF,75049.0,2019-03-06,252.0,0.5875%,-0.0001,0.6833,0.0278,0.6432,1.0585%,1.2447%,27.6858%,0.011969,TEF,75049.0,2019-03-07,252.0,-0.7009%,-0.0001,0.6813,0.0193,0.6381,1.0576%,1.2437%,27.6856%,0.000646,TEF,75049.0,2019-03-08,252.0,1.5294%,-0.0,0.6788,0.0204,0.634,1.0636%,1.2474%,27.3049%,0.017778,TEF,75049.0,2019-03-11,252.0,0.6952%,-0.0001,0.6785,0.0269,0.6379,1.0626%,1.2474%,27.4252%,-2.8e-05,TEF,-0.008659,-0.017938,-0.010738,-0.04013,0.004998
41011,TEREX CORP NEW,Terex Late Friday Announced It Will Sell Its Demag Mobile Cranes Business For $215M,6,increase,0.7,0.6,the sale of the demag mobile cranes business for $215m may be viewed positively as it could improve terex's financial position and allow for reinvestment in more profitable areas.,2,2019-02-25,TEX,2019-02-25 02:46:00+00:00,58318.0,88077910,0.0181354321539402,2519639.0,-0.016142550855875,-0.0078717675060033,-0.0246110036969184,0.0067930328659713,-0.0258120484650135,-0.0075841755606234,0.0178624130785465,0.0807528793811798,-0.0157940071076154,0.0322782434523105,0.0089152818545699,-0.0086983162909746,0.0011782301589846,0.0196388643234968,0.0023535569198429,0.0177304707467556,-0.0106007251888513,0.0055105374194681,0.0133928805589675,-0.0077195167541503,-0.0111600905656814,-0.0111323278397321,-0.0074250078760087,-0.0041178069077432,-0.0173548180609941,0.0022222124971449,-0.0021315375342965,0.0233917906880378,0.0155629636719822,0.0022794401738792,-0.0051081180572509,0.0165508110076189,-0.0154032660648226,0.0261548422276973,0.0052147852256894,0.010641997680068,-0.0317363701760768,-0.0286762453615665,0.0034667700529098,0.0327134579420089,-0.0031407154165208,0.025785993784666,0.0028355435933917,-0.0461590588092804,0.0043983473442494,-0.0366763770580291,0.0050047468394041,0.0363269411027431,0.0220976993441581,0.0067727346904575,-0.0048721022903919,0.0123414676636457,0.004590009804815,-0.0161888543516397,0.0167529452592134,-0.0016835401766002,-0.0008988194167613,0.0,0.0005997138796374,0.0209694262593984,-0.0269702654331922,0.0111226867884397,0.0104712089523673,0.0223880987614393,0.0097531145438551,0.0007111859740689,0.0060368473641574,0.0461310148239135,-0.0156015725806355,-0.0204082131385803,0.0240779351443052,-0.0047152396291494,0.0083334110677242,0.0121145350858569,-0.0014757743338122,-0.013043500483036,0.0056162760592997,0.0029069739393889,-0.0091123273596167,0.0745802372694015,0.0017799281049519,-0.0375798568129539,-0.0426413565874099,-0.0015009008347988,0.0160840284079313,-0.0003751023614313,0.0103500811383128,-0.0481970869004726,0.004218234680593,0.0007145572453737,-0.0360036194324493,-0.0081502320244908,-0.0105820149183273,-0.0056377677246928,0.0245359782129526,-0.0073452601209282,0.0033773598261177,0.0177999287843704,-0.0119338855147361,-0.0017768030520528,-0.0201301183551549,-0.0074074422009289,-0.0183312240988016,-0.042876448482275,-0.0180296041071414,-0.0093645080924034,-0.0459016263484954,-0.0722928941249847,0.0185566674917936,-0.0251059215515852,0.002699052914977,0.0222634878009557,-0.0023553061764687,-0.0097979083657264,-0.040472138673067,0.0467948429286479,-0.0098418518900871,-0.0292470026761293,0.0191692933440208,0.0274935644119978,-0.016142550855875,-0.0078717675060033,-0.0403562701740018,-0.0011322078154135,-0.0651266406374169,-0.0087077965131937,-0.0634566886100858,0.1059229379994861,-0.0492543721694883,0.1350916879272645,-0.068241368861031,0.2131316823131237,-0.1983580967224506,0.1281969352079595,2019-02-26,2019-02-27,2019-02-28,2019-03-01,2019-03-04,2019-03-05,2019-03-06,2019-03-07,2019-03-08,2019-03-11,58318.0,2019-02-25,252.0,1.8135%,-0.0005,1.5878,0.4873,0.5877,2.0108%,2.5605%,38.3297%,0.018025,TEX,58318.0,2019-02-26,252.0,-1.6143%,-0.0005,1.5902,0.4963,0.5941,2.0114%,2.5592%,38.2265%,-0.0086439999999999,TEX,58318.0,2019-02-27,252.0,-2.4611%,-0.0005,1.608,0.457,0.597,2.0008%,2.5582%,38.8301%,-0.026372,TEX,58318.0,2019-02-28,252.0,-2.5812%,-0.0006,1.6275,0.4697,0.6156,1.9959%,2.5627%,39.3409%,-0.0195259999999999,TEX,58318.0,2019-03-01,252.0,1.7862%,-0.0006,1.624,0.4644,0.6065,1.9958%,2.5580%,39.1292%,0.007154,TEX,58318.0,2019-03-04,252.0,-1.5794%,-0.0005,1.6152,0.5003,0.6073,1.9920%,2.5501%,38.9806%,-0.007947,TEX,58318.0,2019-03-05,252.0,0.8915%,-0.0003,1.6211,0.5564,0.606,1.9801%,2.5465%,39.5408%,0.014579,TEX,58318.0,2019-03-06,252.0,0.1178%,-0.0002,1.6158,0.5085,0.5934,1.9842%,2.5458%,39.2528%,0.021474,TEX,58318.0,2019-03-07,252.0,0.2354%,-0.0002,1.6035,0.4839,0.5701,1.9848%,2.5405%,38.9611%,0.017827,TEX,58318.0,2019-03-08,252.0,-1.0601%,-0.0001,1.6021,0.5205,0.566,1.9741%,2.5339%,39.3025%,-0.006436,TEX,58318.0,2019-03-11,252.0,1.3393%,-0.0002,1.5967,0.5331,0.576,1.9717%,2.5323%,39.3780%,-0.0095,TEX,0.009381,-0.016991,-0.0365169999999999,-0.0373099999999999,0.000634
41019,TENET HEALTHCARE CORP,Tenet Healthcare shares are trading higher after the company beat Q4 EPS and sales estimates; the company also issued Q1 guidance inline with estimates.,6,increase,0.8,0.6,"beating earnings per share and sales estimates typically boosts investor confidence, likely leading to an increase in stock price.",2,2019-02-25,THC,2019-02-25 21:34:00+00:00,52337.0,88033G40,0.0024834217038005,1319946.0,0.1123039349913597,0.0062473807483911,0.0489977598190307,0.0046025360934436,0.0113234147429466,-0.0156507845968008,0.0283414795994758,-0.0077645536512136,0.0204151198267936,0.026426138356328,-0.037679199129343,0.0118845794349908,-0.0388080663979053,0.0064075021073222,-0.0010814955458045,0.0213786978274583,-0.019487515091896,0.0079155806452035,0.0290761496871709,-0.0134490011259913,0.0540057308971881,0.0030461137648671,0.00984054710716,0.0070113870315253,0.0141129055991768,0.0224014334380626,-0.0324718207120895,0.0099547198042273,0.0143835637718439,0.0050023016519844,0.0060769207775592,-0.0018157473532482,-0.0060402150265872,0.0184929054230451,0.0317352674901485,0.030981870368123,-0.0467932038009166,-0.0485260635614395,-0.0034328347537666,0.0161289609968662,-0.0182569995522499,0.0432693064212799,-0.0126316007226705,0.0126581452786922,0.0156361237168312,-0.0659390091896057,0.0090972790494561,-0.0161074101924896,0.0319001413881778,-0.0017864676192402,0.0043682511895895,0.0186533145606517,0.0050184521824121,0.046666644513607,0.022303532809019,-0.0318119190633297,0.0156301353126764,0.0078996317461133,-0.0173132698982954,0.02476192638278,-0.0055464953184127,0.0339734405279159,0.0082021001726388,0.0791710838675499,-0.0367718562483787,0.0420819632709026,-0.0199324376881122,0.0255535971373319,-0.0058600506745278,-0.0090039307251572,-0.1126907095313072,0.0367561914026737,-0.1031652763485909,-0.0092485463246703,0.0200435332953929,-0.0176037121564149,-0.0098248412832617,-0.0232945121824741,0.0500431321561336,0.0700296908617019,0.0045193349942564,-0.039338681846857,-0.0044990023598074,-0.0462206900119781,-0.0036976232659071,-0.04517138376832,-0.0189690347760915,-0.0360360033810138,-0.0794451981782913,0.0090909246355295,-0.0269406475126743,-0.0677966326475143,-0.0065696570090949,-0.0938566848635673,0.010864408686757,0.0073055466637015,0.0626168325543403,-0.0025717730168253,-0.0448549017310142,-0.002991440007463,-0.0285450723022222,0.0034305285662412,-0.0066351322457194,-0.028738047927618,-0.0176526214927434,-0.0322450324892997,-0.0077707548625767,-0.0783804059028625,0.0014683690387755,0.0326045416295528,0.0210166331380605,0.0,-0.0100526129826903,0.0171674042940139,0.0077369362115859,0.0683617889881134,0.0292706619948148,0.0462276265025138,0.0662004649639129,0.0204717852175235,0.1123039349913597,0.0062473807483911,0.1668043360438291,0.0108786706372188,0.180016545464722,-0.0049423736904246,0.2382328908099025,0.0134228054320253,0.1544178300078051,0.0481562091300353,0.2654830870177083,0.1504761851598446,-0.055739009247458,0.0752114317752246,2019-02-26,2019-02-27,2019-02-28,2019-03-01,2019-03-04,2019-03-05,2019-03-06,2019-03-07,2019-03-08,2019-03-11,52337.0,2019-02-25,252.0,0.2483%,0.001,1.2474,1.5692,-0.0527,2.8788%,3.2994%,23.8690%,0.004521,THC,52337.0,2019-02-26,252.0,11.2304%,0.0014,1.2251,1.4197,-0.1452,2.9802%,3.3721%,21.8913%,0.124069,THC,52337.0,2019-02-27,252.0,4.8998%,0.0017,1.2346,1.4157,-0.1435,2.9903%,3.3841%,21.9189%,0.044924,THC,52337.0,2019-02-28,252.0,1.1323%,0.0013,1.2889,1.4534,-0.107,2.9155%,3.3396%,23.7849%,0.014409,THC,52337.0,2019-03-01,252.0,2.8341%,0.0013,1.2981,1.4671,-0.0989,2.9159%,3.3432%,23.9273%,0.014329,THC,52337.0,2019-03-04,252.0,2.0415%,0.0014,1.3042,1.418,-0.0939,2.9197%,3.3428%,23.7141%,0.033329,THC,52337.0,2019-03-05,252.0,-3.7679%,0.0012,1.3064,1.4136,-0.0802,2.9256%,3.3426%,23.3954%,-0.031382,THC,52337.0,2019-03-06,252.0,-3.8808%,0.0013,1.3302,1.4204,-0.0524,2.9176%,3.3476%,24.0441%,-0.010081,THC,52337.0,2019-03-07,252.0,-0.1081%,0.0012,1.315,1.3635,-0.0887,2.9043%,3.3269%,23.7934%,0.010558,THC,52337.0,2019-03-08,252.0,-1.9488%,0.001,1.3193,1.3343,-0.0803,2.9019%,3.3210%,23.6449%,-0.017517,THC,52337.0,2019-03-11,252.0,2.9076%,0.0009,1.3205,1.3485,-0.0727,2.9007%,3.3247%,23.8823%,0.004107,THC,0.12859,0.173514,0.187923,0.235581,0.191266
41027,TENET HEALTHCARE CORP,"Tenet Sees FY19 Adj. EPS $2.08-$2.59 vs $1.94 Estimate, Sales $18B-$18.4B vs $18.06B Est.",6,increase,0.8,0.6,"the positive adjustment in earnings per share (eps) guidance and sales projections exceeding estimates suggest strong financial performance, likely leading to an increase in stock price.",2,2019-02-25,THC,2019-02-25 21:20:00+00:00,52337.0,88033G40,0.0024834217038005,1319946.0,0.1123039349913597,0.0062473807483911,0.0489977598190307,0.0046025360934436,0.0113234147429466,-0.0156507845968008,0.0283414795994758,-0.0077645536512136,0.0204151198267936,0.026426138356328,-0.037679199129343,0.0118845794349908,-0.0388080663979053,0.0064075021073222,-0.0010814955458045,0.0213786978274583,-0.019487515091896,0.0079155806452035,0.0290761496871709,-0.0134490011259913,0.0540057308971881,0.0030461137648671,0.00984054710716,0.0070113870315253,0.0141129055991768,0.0224014334380626,-0.0324718207120895,0.0099547198042273,0.0143835637718439,0.0050023016519844,0.0060769207775592,-0.0018157473532482,-0.0060402150265872,0.0184929054230451,0.0317352674901485,0.030981870368123,-0.0467932038009166,-0.0485260635614395,-0.0034328347537666,0.0161289609968662,-0.0182569995522499,0.0432693064212799,-0.0126316007226705,0.0126581452786922,0.0156361237168312,-0.0659390091896057,0.0090972790494561,-0.0161074101924896,0.0319001413881778,-0.0017864676192402,0.0043682511895895,0.0186533145606517,0.0050184521824121,0.046666644513607,0.022303532809019,-0.0318119190633297,0.0156301353126764,0.0078996317461133,-0.0173132698982954,0.02476192638278,-0.0055464953184127,0.0339734405279159,0.0082021001726388,0.0791710838675499,-0.0367718562483787,0.0420819632709026,-0.0199324376881122,0.0255535971373319,-0.0058600506745278,-0.0090039307251572,-0.1126907095313072,0.0367561914026737,-0.1031652763485909,-0.0092485463246703,0.0200435332953929,-0.0176037121564149,-0.0098248412832617,-0.0232945121824741,0.0500431321561336,0.0700296908617019,0.0045193349942564,-0.039338681846857,-0.0044990023598074,-0.0462206900119781,-0.0036976232659071,-0.04517138376832,-0.0189690347760915,-0.0360360033810138,-0.0794451981782913,0.0090909246355295,-0.0269406475126743,-0.0677966326475143,-0.0065696570090949,-0.0938566848635673,0.010864408686757,0.0073055466637015,0.0626168325543403,-0.0025717730168253,-0.0448549017310142,-0.002991440007463,-0.0285450723022222,0.0034305285662412,-0.0066351322457194,-0.028738047927618,-0.0176526214927434,-0.0322450324892997,-0.0077707548625767,-0.0783804059028625,0.0014683690387755,0.0326045416295528,0.0210166331380605,0.0,-0.0100526129826903,0.0171674042940139,0.0077369362115859,0.0683617889881134,0.0292706619948148,0.0462276265025138,0.0662004649639129,0.0204717852175235,0.1123039349913597,0.0062473807483911,0.1668043360438291,0.0108786706372188,0.180016545464722,-0.0049423736904246,0.2382328908099025,0.0134228054320253,0.1544178300078051,0.0481562091300353,0.2654830870177083,0.1504761851598446,-0.055739009247458,0.0752114317752246,2019-02-26,2019-02-27,2019-02-28,2019-03-01,2019-03-04,2019-03-05,2019-03-06,2019-03-07,2019-03-08,2019-03-11,52337.0,2019-02-25,252.0,0.2483%,0.001,1.2474,1.5692,-0.0527,2.8788%,3.2994%,23.8690%,0.004521,THC,52337.0,2019-02-26,252.0,11.2304%,0.0014,1.2251,1.4197,-0.1452,2.9802%,3.3721%,21.8913%,0.124069,THC,52337.0,2019-02-27,252.0,4.8998%,0.0017,1.2346,1.4157,-0.1435,2.9903%,3.3841%,21.9189%,0.044924,THC,52337.0,2019-02-28,252.0,1.1323%,0.0013,1.2889,1.4534,-0.107,2.9155%,3.3396%,23.7849%,0.014409,THC,52337.0,2019-03-01,252.0,2.8341%,0.0013,1.2981,1.4671,-0.0989,2.9159%,3.3432%,23.9273%,0.014329,THC,52337.0,2019-03-04,252.0,2.0415%,0.0014,1.3042,1.418,-0.0939,2.9197%,3.3428%,23.7141%,0.033329,THC,52337.0,2019-03-05,252.0,-3.7679%,0.0012,1.3064,1.4136,-0.0802,2.9256%,3.3426%,23.3954%,-0.031382,THC,52337.0,2019-03-06,252.0,-3.8808%,0.0013,1.3302,1.4204,-0.0524,2.9176%,3.3476%,24.0441%,-0.010081,THC,52337.0,2019-03-07,252.0,-0.1081%,0.0012,1.315,1.3635,-0.0887,2.9043%,3.3269%,23.7934%,0.010558,THC,52337.0,2019-03-08,252.0,-1.9488%,0.001,1.3193,1.3343,-0.0803,2.9019%,3.3210%,23.6449%,-0.017517,THC,52337.0,2019-03-11,252.0,2.9076%,0.0009,1.3205,1.3485,-0.0727,2.9007%,3.3247%,23.8823%,0.004107,THC,0.12859,0.173514,0.187923,0.235581,0.191266
41035,TENET HEALTHCARE CORP,"Tenet Healthcare Sees Q1 Adj. EPS $0.10-$0.43 vs $0.41 Estimate, Sales $4.3B-$4.6B vs $4.53B Est.",6,uncertain,0.6,0.3,"the adjusted eps guidance is below the estimate, but sales are within a close range, leading to mixed signals about the company's performance.",1,2019-02-25,THC,2019-02-25 21:20:00+00:00,52337.0,88033G40,0.0024834217038005,1319946.0,0.1123039349913597,0.0062473807483911,0.0489977598190307,0.0046025360934436,0.0113234147429466,-0.0156507845968008,0.0283414795994758,-0.0077645536512136,0.0204151198267936,0.026426138356328,-0.037679199129343,0.0118845794349908,-0.0388080663979053,0.0064075021073222,-0.0010814955458045,0.0213786978274583,-0.019487515091896,0.0079155806452035,0.0290761496871709,-0.0134490011259913,0.0540057308971881,0.0030461137648671,0.00984054710716,0.0070113870315253,0.0141129055991768,0.0224014334380626,-0.0324718207120895,0.0099547198042273,0.0143835637718439,0.0050023016519844,0.0060769207775592,-0.0018157473532482,-0.0060402150265872,0.0184929054230451,0.0317352674901485,0.030981870368123,-0.0467932038009166,-0.0485260635614395,-0.0034328347537666,0.0161289609968662,-0.0182569995522499,0.0432693064212799,-0.0126316007226705,0.0126581452786922,0.0156361237168312,-0.0659390091896057,0.0090972790494561,-0.0161074101924896,0.0319001413881778,-0.0017864676192402,0.0043682511895895,0.0186533145606517,0.0050184521824121,0.046666644513607,0.022303532809019,-0.0318119190633297,0.0156301353126764,0.0078996317461133,-0.0173132698982954,0.02476192638278,-0.0055464953184127,0.0339734405279159,0.0082021001726388,0.0791710838675499,-0.0367718562483787,0.0420819632709026,-0.0199324376881122,0.0255535971373319,-0.0058600506745278,-0.0090039307251572,-0.1126907095313072,0.0367561914026737,-0.1031652763485909,-0.0092485463246703,0.0200435332953929,-0.0176037121564149,-0.0098248412832617,-0.0232945121824741,0.0500431321561336,0.0700296908617019,0.0045193349942564,-0.039338681846857,-0.0044990023598074,-0.0462206900119781,-0.0036976232659071,-0.04517138376832,-0.0189690347760915,-0.0360360033810138,-0.0794451981782913,0.0090909246355295,-0.0269406475126743,-0.0677966326475143,-0.0065696570090949,-0.0938566848635673,0.010864408686757,0.0073055466637015,0.0626168325543403,-0.0025717730168253,-0.0448549017310142,-0.002991440007463,-0.0285450723022222,0.0034305285662412,-0.0066351322457194,-0.028738047927618,-0.0176526214927434,-0.0322450324892997,-0.0077707548625767,-0.0783804059028625,0.0014683690387755,0.0326045416295528,0.0210166331380605,0.0,-0.0100526129826903,0.0171674042940139,0.0077369362115859,0.0683617889881134,0.0292706619948148,0.0462276265025138,0.0662004649639129,0.0204717852175235,0.1123039349913597,0.0062473807483911,0.1668043360438291,0.0108786706372188,0.180016545464722,-0.0049423736904246,0.2382328908099025,0.0134228054320253,0.1544178300078051,0.0481562091300353,0.2654830870177083,0.1504761851598446,-0.055739009247458,0.0752114317752246,2019-02-26,2019-02-27,2019-02-28,2019-03-01,2019-03-04,2019-03-05,2019-03-06,2019-03-07,2019-03-08,2019-03-11,52337.0,2019-02-25,252.0,0.2483%,0.001,1.2474,1.5692,-0.0527,2.8788%,3.2994%,23.8690%,0.004521,THC,52337.0,2019-02-26,252.0,11.2304%,0.0014,1.2251,1.4197,-0.1452,2.9802%,3.3721%,21.8913%,0.124069,THC,52337.0,2019-02-27,252.0,4.8998%,0.0017,1.2346,1.4157,-0.1435,2.9903%,3.3841%,21.9189%,0.044924,THC,52337.0,2019-02-28,252.0,1.1323%,0.0013,1.2889,1.4534,-0.107,2.9155%,3.3396%,23.7849%,0.014409,THC,52337.0,2019-03-01,252.0,2.8341%,0.0013,1.2981,1.4671,-0.0989,2.9159%,3.3432%,23.9273%,0.014329,THC,52337.0,2019-03-04,252.0,2.0415%,0.0014,1.3042,1.418,-0.0939,2.9197%,3.3428%,23.7141%,0.033329,THC,52337.0,2019-03-05,252.0,-3.7679%,0.0012,1.3064,1.4136,-0.0802,2.9256%,3.3426%,23.3954%,-0.031382,THC,52337.0,2019-03-06,252.0,-3.8808%,0.0013,1.3302,1.4204,-0.0524,2.9176%,3.3476%,24.0441%,-0.010081,THC,52337.0,2019-03-07,252.0,-0.1081%,0.0012,1.315,1.3635,-0.0887,2.9043%,3.3269%,23.7934%,0.010558,THC,52337.0,2019-03-08,252.0,-1.9488%,0.001,1.3193,1.3343,-0.0803,2.9019%,3.3210%,23.6449%,-0.017517,THC,52337.0,2019-03-11,252.0,2.9076%,0.0009,1.3205,1.3485,-0.0727,2.9007%,3.3247%,23.8823%,0.004107,THC,0.12859,0.173514,0.187923,0.235581,0.191266
41043,TENET HEALTHCARE CORP,"Tenet Healthcare Q4 EPS $0.51 Beats $0.28 Estimate, Sales $4.619B Beat $4.51B Estimate",6,increase,0.8,0.7,"the earnings per share and sales both exceeded analysts' estimates, which typically signals strong performance and can lead to a positive reaction in the stock price.",2,2019-02-25,THC,2019-02-25 21:19:00+00:00,52337.0,88033G40,0.0024834217038005,1319946.0,0.1123039349913597,0.0062473807483911,0.0489977598190307,0.0046025360934436,0.0113234147429466,-0.0156507845968008,0.0283414795994758,-0.0077645536512136,0.0204151198267936,0.026426138356328,-0.037679199129343,0.0118845794349908,-0.0388080663979053,0.0064075021073222,-0.0010814955458045,0.0213786978274583,-0.019487515091896,0.0079155806452035,0.0290761496871709,-0.0134490011259913,0.0540057308971881,0.0030461137648671,0.00984054710716,0.0070113870315253,0.0141129055991768,0.0224014334380626,-0.0324718207120895,0.0099547198042273,0.0143835637718439,0.0050023016519844,0.0060769207775592,-0.0018157473532482,-0.0060402150265872,0.0184929054230451,0.0317352674901485,0.030981870368123,-0.0467932038009166,-0.0485260635614395,-0.0034328347537666,0.0161289609968662,-0.0182569995522499,0.0432693064212799,-0.0126316007226705,0.0126581452786922,0.0156361237168312,-0.0659390091896057,0.0090972790494561,-0.0161074101924896,0.0319001413881778,-0.0017864676192402,0.0043682511895895,0.0186533145606517,0.0050184521824121,0.046666644513607,0.022303532809019,-0.0318119190633297,0.0156301353126764,0.0078996317461133,-0.0173132698982954,0.02476192638278,-0.0055464953184127,0.0339734405279159,0.0082021001726388,0.0791710838675499,-0.0367718562483787,0.0420819632709026,-0.0199324376881122,0.0255535971373319,-0.0058600506745278,-0.0090039307251572,-0.1126907095313072,0.0367561914026737,-0.1031652763485909,-0.0092485463246703,0.0200435332953929,-0.0176037121564149,-0.0098248412832617,-0.0232945121824741,0.0500431321561336,0.0700296908617019,0.0045193349942564,-0.039338681846857,-0.0044990023598074,-0.0462206900119781,-0.0036976232659071,-0.04517138376832,-0.0189690347760915,-0.0360360033810138,-0.0794451981782913,0.0090909246355295,-0.0269406475126743,-0.0677966326475143,-0.0065696570090949,-0.0938566848635673,0.010864408686757,0.0073055466637015,0.0626168325543403,-0.0025717730168253,-0.0448549017310142,-0.002991440007463,-0.0285450723022222,0.0034305285662412,-0.0066351322457194,-0.028738047927618,-0.0176526214927434,-0.0322450324892997,-0.0077707548625767,-0.0783804059028625,0.0014683690387755,0.0326045416295528,0.0210166331380605,0.0,-0.0100526129826903,0.0171674042940139,0.0077369362115859,0.0683617889881134,0.0292706619948148,0.0462276265025138,0.0662004649639129,0.0204717852175235,0.1123039349913597,0.0062473807483911,0.1668043360438291,0.0108786706372188,0.180016545464722,-0.0049423736904246,0.2382328908099025,0.0134228054320253,0.1544178300078051,0.0481562091300353,0.2654830870177083,0.1504761851598446,-0.055739009247458,0.0752114317752246,2019-02-26,2019-02-27,2019-02-28,2019-03-01,2019-03-04,2019-03-05,2019-03-06,2019-03-07,2019-03-08,2019-03-11,52337.0,2019-02-25,252.0,0.2483%,0.001,1.2474,1.5692,-0.0527,2.8788%,3.2994%,23.8690%,0.004521,THC,52337.0,2019-02-26,252.0,11.2304%,0.0014,1.2251,1.4197,-0.1452,2.9802%,3.3721%,21.8913%,0.124069,THC,52337.0,2019-02-27,252.0,4.8998%,0.0017,1.2346,1.4157,-0.1435,2.9903%,3.3841%,21.9189%,0.044924,THC,52337.0,2019-02-28,252.0,1.1323%,0.0013,1.2889,1.4534,-0.107,2.9155%,3.3396%,23.7849%,0.014409,THC,52337.0,2019-03-01,252.0,2.8341%,0.0013,1.2981,1.4671,-0.0989,2.9159%,3.3432%,23.9273%,0.014329,THC,52337.0,2019-03-04,252.0,2.0415%,0.0014,1.3042,1.418,-0.0939,2.9197%,3.3428%,23.7141%,0.033329,THC,52337.0,2019-03-05,252.0,-3.7679%,0.0012,1.3064,1.4136,-0.0802,2.9256%,3.3426%,23.3954%,-0.031382,THC,52337.0,2019-03-06,252.0,-3.8808%,0.0013,1.3302,1.4204,-0.0524,2.9176%,3.3476%,24.0441%,-0.010081,THC,52337.0,2019-03-07,252.0,-0.1081%,0.0012,1.315,1.3635,-0.0887,2.9043%,3.3269%,23.7934%,0.010558,THC,52337.0,2019-03-08,252.0,-1.9488%,0.001,1.3193,1.3343,-0.0803,2.9019%,3.3210%,23.6449%,-0.017517,THC,52337.0,2019-03-11,252.0,2.9076%,0.0009,1.3205,1.3485,-0.0727,2.9007%,3.3247%,23.8823%,0.004107,THC,0.12859,0.173514,0.187923,0.235581,0.191266
41051,T MOBILE U S INC,'DOJ continues to investigate @sprint -@TMobile deal over antitrust concerns; People close to deal say chances increasing for antitrust approval but not a slam dunk more now' -Tweet From FOX Business' Charlie Gasparino,6,uncertain,0.7,0.3,"while there are indications that antitrust approval for the t-mobile and sprint deal may be more likely, the ongoing investigation and the lack of a definitive outcome create uncertainty around the stock's immediate reaction.",1,2019-02-25,TMUS,2019-02-25 20:38:00+00:00,91937.0,87259010,-0.0020490970928221,2398867.0,-0.0071184700354933,-0.0028607370331883,-0.0056527787819504,0.009072215296328,0.0012478693388402,0.0031715852674096,0.0018002666765823,0.0065231584012508,-0.0095382202416658,0.0219858586788177,-0.0033495863899588,0.0207036379724741,-0.0088223619386553,-0.0076149250380694,0.0076292869634926,0.0169490948319435,-0.009394253604114,0.0008775254245847,0.0116065060719847,0.0014645353658124,0.0032180736307054,0.020017871633172,0.0076708937995135,0.0013463570503517,0.0012456240365281,-0.0368823669850826,0.0154824825003743,-0.0031594657339155,0.0029948437586426,0.0001435579761164,-0.0147937564179301,0.0190281476825475,-0.0073012649081647,0.0079669654369354,0.0027755284681916,0.002366105094552,-0.0049820179119706,-0.0125584192574024,0.0057023093104362,-0.0026216180995106,0.0142442099750042,0.0126843741163611,-0.0149986166507005,0.0145144574344158,-0.0427740365266799,-0.0019414166454225,-0.0007231099298223,0.0107169672846794,0.0125904884189367,-0.0065977270714938,-0.0034300107508897,-0.0067023676820099,-0.0104689989238977,-0.0113385990262031,0.0152174355462193,-0.0157970488071441,0.0042825895361602,0.0153031330555677,0.0125089539214968,0.0035439732018858,0.0026673425454646,-0.0007377220899797,0.0103613203391432,-0.0097896810621023,0.011640747077763,0.0140762273222208,0.009726014919579,0.03798833116889,0.0010853592539206,-0.0036776813212782,0.0042010783217847,0.0259393416345119,-0.0221322458237409,0.005850710440427,0.0178029388189315,0.0094174006953835,-0.0004067631089128,-0.0057133282534778,0.0004069286223966,0.036348670721054,-0.0056948903948068,-0.0182464253157377,-0.008454967290163,-0.036258976906538,0.0028881733305752,-0.0094034308567643,0.0093252919614315,0.0013893789146095,-0.0082880519330501,-0.0004628727037925,0.0080833537504076,-0.0127951856702566,0.0004077029007021,-0.0106992023065686,0.0153511380776763,0.0039334665052592,-0.0037463044282048,0.0086983013898134,-0.0061778011731803,-0.003042820142582,-0.0185135509818792,0.0006089346134103,0.0223048720508813,-0.0239227414131164,0.0131986988708376,0.0109659507870674,-0.0240596178919076,-0.0181416422128677,0.0024516521953046,-0.0094958934932947,0.0139945484697818,-0.003348913276568,0.0100495787337422,-0.003482267493382,-0.0001325883204117,0.0211883299052715,0.0387421809136867,0.0,-0.0145612386986613,0.0062620867975056,-0.0071184700354933,-0.0028607370331883,-0.0127310096810672,0.0061855250408684,-0.0114990269788604,0.0093767282283689,-0.0191649754934901,0.0382978286368758,-0.0216290457386142,0.0720562134883973,-0.0249144373030932,0.0809213753159394,0.0561259210380826,0.0913970040255089,2019-02-26,2019-02-27,2019-02-28,2019-03-01,2019-03-04,2019-03-05,2019-03-06,2019-03-07,2019-03-08,2019-03-11,91937.0,2019-02-25,252.0,-0.2049%,0.0007,0.8107,-0.0881,-0.0507,1.2872%,1.5530%,31.3013%,-0.003681,TMUS,91937.0,2019-02-26,252.0,-0.7118%,0.0007,0.8068,-0.074,-0.0465,1.2867%,1.5477%,30.8826%,-0.006652,TMUS,91937.0,2019-02-27,252.0,-0.5653%,0.0006,0.8034,-0.07,-0.0471,1.2867%,1.5447%,30.6177%,-0.0063939999999999,TMUS,91937.0,2019-02-28,252.0,0.1248%,0.0007,0.7975,-0.074,-0.0521,1.2852%,1.5395%,30.3072%,0.003535,TMUS,91937.0,2019-03-01,252.0,0.1800%,0.0006,0.808,-0.0584,-0.0337,1.2800%,1.5382%,30.7527%,-0.004026,TMUS,91937.0,2019-03-04,252.0,-0.9538%,0.0004,0.8233,-0.1036,-0.0389,1.2653%,1.5341%,31.9707%,-0.0055289999999999,TMUS,91937.0,2019-03-05,252.0,-0.3350%,0.0004,0.8229,-0.1088,-0.0381,1.2652%,1.5333%,31.9183%,-0.002455,TMUS,91937.0,2019-03-06,252.0,-0.8822%,0.0004,0.8254,-0.1019,-0.0343,1.2653%,1.5338%,31.9455%,-0.003356,TMUS,91937.0,2019-03-07,252.0,0.7629%,0.0004,0.8174,-0.1144,-0.0485,1.2675%,1.5334%,31.6750%,0.014123,TMUS,91937.0,2019-03-08,252.0,-0.9394%,0.0003,0.8195,-0.1318,-0.0442,1.2647%,1.5317%,31.8252%,-0.007711,TMUS,91937.0,2019-03-11,252.0,1.1607%,0.0003,0.819,-0.1289,-0.0422,1.2645%,1.5326%,31.9271%,-0.00045,TMUS,-0.010333,-0.016727,-0.0131919999999999,-0.0227469999999999,-0.0225959999999999
41059,TETRA TECH INC,"Tetra Tech Wins $51M 5-Year Contract To Provide Scientific, Technical Support Services To EPA's Superfund Technical Assessment, Response Team",6,increase,0.8,0.6,"the $51m contract with the epa indicates strong demand for tetra tech's services, which is likely to positively impact investor sentiment and the stock price.",2,2019-02-25,TTEK,2019-02-25 14:01:00+00:00,77191.0,88162G10,0.0027017872780561,290502.0,-0.0011788429692387,0.0003378455585334,0.0065756090916693,-0.0098678730428218,0.0053601288236677,0.018222065642476,0.0103298723697662,-0.0030560323502868,-0.0110487826168537,0.0255963988602161,-0.0145072992891073,-0.0098275812342762,-0.0203045178204774,0.0243730321526527,-0.003281561890617,-0.0019349084468558,-0.0058915293775498,0.0135496221482753,0.0203939694911241,0.0150199392810463,-0.0044414438307285,-0.0018063996685668,0.0094372518360614,0.0012660461943596,-0.0030596684664487,0.0074708424508571,0.0017050037859007,0.0202639922499656,0.0010212999768555,-0.025366872549057,0.0025505477096885,0.0956918746232986,-0.00508818263188,0.0362065061926841,0.0172178372740745,-0.0081615531817078,-0.0306686460971832,-0.0614707544445991,0.0067427279427647,0.0036517863627523,0.0087584089487791,-0.0114003848284483,-0.0042560435831546,0.001331805367954,0.0140194846317172,-0.0175700671970844,0.0047209369949996,0.0132575901225209,0.0080550350248813,0.0064811315387487,-0.0093224802985787,-0.009066860191524,0.0075617674738168,0.0072297803126275,-0.0093395188450813,-0.0131430150941014,0.0159932132810354,-0.0048580369912087,-0.0046395822428166,0.0124858086928725,-0.0049941609613597,0.0076248864643275,0.0259327292442321,0.0353266410529613,-0.0076647298410534,-0.0138186626136302,0.0013147384161129,0.0267785806208849,0.0022977087646722,-0.0220831986516714,0.0239069778472185,-0.0115897683426737,-0.001119457767345,0.0103434575721621,0.0124880336225032,-0.0001950892037712,-0.003953194245696,-0.0019473900320008,0.0115891331806778,0.0462509468197822,0.0167922116816043,-0.0160384774208068,-0.0155888581648469,-0.0409536100924015,0.0064284051768481,-0.0114047192037105,-0.0012463285820558,-0.0192020647227764,0.0095149055123329,0.0197718814015388,-0.0165327508002519,-0.0359238050878047,0.0619009397923946,0.0071996161714196,0.0068058404140174,-0.0113159837201237,-0.0016164673725143,-0.0005472232587635,-0.0079482030123472,0.0187697131186723,0.0020771422423422,-0.0142883090302348,-0.0028131839353591,-0.0179888475686311,0.0048998044803738,0.0057897539809346,-0.0270390342921018,-0.0638550221920013,0.0098709193989634,-0.0314960330724716,0.0075357952155172,0.0018077340209856,0.0055348207242786,-0.0139091592282056,-0.0141327660530805,0.0063477084040641,0.0182587411254644,-0.0211884956806898,0.0118552958592772,0.0188281089067459,-0.0011788429692387,0.0003378455585334,0.0053890145118844,-0.0095333613013681,0.0107780291475685,0.0085149868056808,0.0099360078270445,0.0311683947446552,-0.0141461795819558,0.0739325623490376,0.0116200487750002,0.1226922229118543,0.1524816576561107,-0.0348556436887084,2019-02-26,2019-02-27,2019-02-28,2019-03-01,2019-03-04,2019-03-05,2019-03-06,2019-03-07,2019-03-08,2019-03-11,77191.0,2019-02-25,252.0,0.2702%,0.0006,0.9917,0.6512,0.1091,1.3958%,1.7719%,37.9455%,0.003006,TTEK,77191.0,2019-02-26,252.0,-0.1179%,0.0006,0.9928,0.6442,0.1064,1.3959%,1.7710%,37.8734%,0.004835,TTEK,77191.0,2019-02-27,252.0,0.6576%,0.0007,0.9957,0.6401,0.1069,1.3955%,1.7714%,37.9328%,0.004486,TTEK,77191.0,2019-02-28,252.0,0.5360%,0.0007,0.9925,0.6382,0.1027,1.3963%,1.7684%,37.6601%,0.008486,TTEK,77191.0,2019-03-01,252.0,1.0330%,0.0007,0.9934,0.6395,0.1037,1.3963%,1.7675%,37.5937%,0.0016539999999999,TTEK,77191.0,2019-03-04,252.0,-1.1049%,0.0007,0.9962,0.6344,0.102,1.3962%,1.7691%,37.7117%,-0.003819,TTEK,77191.0,2019-03-05,252.0,-1.4507%,0.0007,1.0002,0.6584,0.1091,1.3967%,1.7716%,37.8428%,-0.010692,TTEK,77191.0,2019-03-06,252.0,-2.0305%,0.0006,1.0025,0.6671,0.1128,1.3970%,1.7760%,38.1302%,-0.00374,TTEK,77191.0,2019-03-07,252.0,-0.3282%,0.0006,0.9982,0.6557,0.1039,1.3964%,1.7732%,37.9859%,0.0056879999999999,TTEK,77191.0,2019-03-08,252.0,-0.5892%,0.0006,0.9992,0.65,0.1057,1.3963%,1.7725%,37.9445%,-0.0039369999999999,TTEK,77191.0,2019-03-11,252.0,2.0394%,0.0006,1.0005,0.656,0.1085,1.3961%,1.7766%,38.2479%,0.003626,TTEK,0.007841,0.012327,0.020813,0.018648,0.009593
41067,2 U INC,2U shares are trading higher after the company beat Q4 EPS and sales estimates; the company also issued Q1 EPS guidance above analyst estimates.,6,increase,0.85,0.7,"the positive earnings report and higher guidance typically lead to increased investor confidence, driving the stock price up.",2,2019-02-25,TWOU,2019-02-25 21:25:00+00:00,14554.0,90214J10,0.0159816648811101,1388191.0,0.0403090305626392,0.0200874079018831,0.0062103290110826,0.0073313787579536,-0.0111364796757698,-0.0153047237545251,-0.0002713248832151,0.0090326741337776,-0.0525244660675525,0.0287769511342048,-0.0054433071054518,0.0127505157142877,-0.0272216536104679,0.0300187338143587,0.003109254874289,0.0369649603962898,-0.0039851902984082,0.0200099069625139,0.0312684178352356,0.0101904543116688,-0.0070412112399935,-0.0039933091029524,0.0001447487156838,-0.0024896517861634,-0.0005788006819784,0.0179084539413452,-0.0001448115799576,0.0461293160915374,-0.006660861428827,-0.0047492813318967,-0.0020408073905855,0.0049495985731482,-0.0138766719028353,0.0083779189735651,0.025181408971548,-0.0090090464800596,-0.0455136783421039,0.0005302011268213,0.0089313350617885,0.0343693047761917,0.0240059774369001,-0.0202400330454111,-0.0017582819564267,-0.009227979928255,0.0532805658876895,-0.0014177180128172,-0.0126812104135751,0.021912332624197,0.0165137350559234,-0.0016271949280053,0.0051375003531575,0.0208564233034849,0.0138140628114342,0.0431267172098159,-0.0378798022866249,-0.0220297873020172,-0.0076476549729704,0.0016974755562841,-0.0342514850199222,-0.0121110063046217,-0.0214274711906909,-0.0055587003007531,0.0084566222503781,0.0125703942030668,-0.0190176200121641,0.0281635615974664,-0.0007632888155058,0.0638210698962211,-0.0085548050701618,-0.0183319877833128,0.0,-0.0016090472927317,-0.0417565926909446,0.029186500236392,-0.027978740632534,-0.0014468724839389,0.0195202697068452,0.0166001450270414,0.0056790276430547,0.0406735315918922,-0.0020974681247025,-0.0093154311180114,-0.0135812480002641,-0.0936579704284668,0.0136043578386306,-0.015274572186172,-0.0037192681338638,-0.0350745767354965,-0.0180165655910968,0.0117025095969438,-0.0170247741043567,-0.043509654700756,0.0178240723907947,-0.0319818556308746,0.0320502631366252,-0.0439431481063365,-0.0012806439772248,0.0126903560012579,-0.0394293814897537,0.0226682387292385,-0.2529617846012115,0.0192239880561828,-0.039758738130331,-0.0152831021696329,-0.0316352769732475,0.0144468555226922,-0.0658179596066474,-0.0102877095341682,0.0133710587397217,-0.0178112853318452,0.0314641371369361,0.0095089767128229,0.0226321797817945,0.0147368451580405,-0.0144334491342306,0.079136699438095,-0.0202587693929672,-0.0093773445114493,0.0062282015569508,0.0416097119450569,0.0403090305626392,0.0200874079018831,0.0467696919156337,0.027566055055431,0.0351123625164033,0.0118394404432804,-0.0195224617978343,0.0503597207991319,-0.0226123678432245,0.1707317260948817,-0.0495786377956837,0.305757480188866,-0.4327247045550358,0.3690174593686182,2019-02-26,2019-02-27,2019-02-28,2019-03-01,2019-03-04,2019-03-05,2019-03-06,2019-03-07,2019-03-08,2019-03-11,14554.0,2019-02-25,252.0,1.5982%,-0.0009,1.1011,0.9335,-1.1527,2.1860%,2.8002%,39.0587%,0.014606,TWOU,14554.0,2019-02-26,252.0,4.0309%,-0.0007,1.0923,0.8794,-1.1867,2.2041%,2.8104%,38.4912%,0.044142,TWOU,14554.0,2019-02-27,252.0,0.6210%,-0.0007,1.0903,0.8839,-1.187,2.2040%,2.8095%,38.4614%,0.002032,TWOU,14554.0,2019-02-28,252.0,-1.1136%,-0.001,1.1243,0.9069,-1.1599,2.1726%,2.7974%,39.6779%,-0.011001,TWOU,14554.0,2019-03-01,252.0,-0.0271%,-0.0011,1.124,0.9065,-1.1535,2.1744%,2.7968%,39.5553%,-0.015726,TWOU,14554.0,2019-03-04,252.0,-5.2524%,-0.0013,1.1421,0.8801,-1.1659,2.1794%,2.8122%,39.9375%,-0.038645,TWOU,14554.0,2019-03-05,252.0,-0.5443%,-0.0013,1.1446,0.8977,-1.1633,2.1787%,2.8110%,39.9263%,-0.003662,TWOU,14554.0,2019-03-06,252.0,-2.7222%,-0.0013,1.1495,0.9045,-1.1567,2.1786%,2.8160%,40.1483%,-0.0059209999999999,TWOU,14554.0,2019-03-07,252.0,0.3109%,-0.0013,1.1437,0.8966,-1.1668,2.1795%,2.8151%,40.0599%,0.009261,TWOU,14554.0,2019-03-08,252.0,-0.3985%,-0.0014,1.145,0.8816,-1.1639,2.1778%,2.8105%,39.9545%,-0.003991,TWOU,14554.0,2019-03-11,252.0,3.1268%,-0.0013,1.148,0.8884,-1.1617,2.1780%,2.8173%,40.2326%,0.004892,TWOU,0.058748,0.06078,0.049779,-0.0045919999999999,-0.0040129999999999
41075,2 U INC,"2U Sees Q1 Adj. EPS $(0.19)-$(0.18) vs $(0.21) Estimate, Sales $121.5M-$122.1M vs $121.7M Est.; FY19 Adj. EPS $(0.37)-$(0.33) vs $(0.37) Est., Sales $546.6M-$550.8M vs $547M Est.",6,uncertain,0.6,0.3,"while 2u's adjusted eps for q1 is better than the estimate, the sales figures are slightly below expectations, leading to mixed signals that create uncertainty about the stock's direction.",1,2019-02-25,TWOU,2019-02-25 21:04:00+00:00,14554.0,90214J10,0.0159816648811101,1388191.0,0.0403090305626392,0.0200874079018831,0.0062103290110826,0.0073313787579536,-0.0111364796757698,-0.0153047237545251,-0.0002713248832151,0.0090326741337776,-0.0525244660675525,0.0287769511342048,-0.0054433071054518,0.0127505157142877,-0.0272216536104679,0.0300187338143587,0.003109254874289,0.0369649603962898,-0.0039851902984082,0.0200099069625139,0.0312684178352356,0.0101904543116688,-0.0070412112399935,-0.0039933091029524,0.0001447487156838,-0.0024896517861634,-0.0005788006819784,0.0179084539413452,-0.0001448115799576,0.0461293160915374,-0.006660861428827,-0.0047492813318967,-0.0020408073905855,0.0049495985731482,-0.0138766719028353,0.0083779189735651,0.025181408971548,-0.0090090464800596,-0.0455136783421039,0.0005302011268213,0.0089313350617885,0.0343693047761917,0.0240059774369001,-0.0202400330454111,-0.0017582819564267,-0.009227979928255,0.0532805658876895,-0.0014177180128172,-0.0126812104135751,0.021912332624197,0.0165137350559234,-0.0016271949280053,0.0051375003531575,0.0208564233034849,0.0138140628114342,0.0431267172098159,-0.0378798022866249,-0.0220297873020172,-0.0076476549729704,0.0016974755562841,-0.0342514850199222,-0.0121110063046217,-0.0214274711906909,-0.0055587003007531,0.0084566222503781,0.0125703942030668,-0.0190176200121641,0.0281635615974664,-0.0007632888155058,0.0638210698962211,-0.0085548050701618,-0.0183319877833128,0.0,-0.0016090472927317,-0.0417565926909446,0.029186500236392,-0.027978740632534,-0.0014468724839389,0.0195202697068452,0.0166001450270414,0.0056790276430547,0.0406735315918922,-0.0020974681247025,-0.0093154311180114,-0.0135812480002641,-0.0936579704284668,0.0136043578386306,-0.015274572186172,-0.0037192681338638,-0.0350745767354965,-0.0180165655910968,0.0117025095969438,-0.0170247741043567,-0.043509654700756,0.0178240723907947,-0.0319818556308746,0.0320502631366252,-0.0439431481063365,-0.0012806439772248,0.0126903560012579,-0.0394293814897537,0.0226682387292385,-0.2529617846012115,0.0192239880561828,-0.039758738130331,-0.0152831021696329,-0.0316352769732475,0.0144468555226922,-0.0658179596066474,-0.0102877095341682,0.0133710587397217,-0.0178112853318452,0.0314641371369361,0.0095089767128229,0.0226321797817945,0.0147368451580405,-0.0144334491342306,0.079136699438095,-0.0202587693929672,-0.0093773445114493,0.0062282015569508,0.0416097119450569,0.0403090305626392,0.0200874079018831,0.0467696919156337,0.027566055055431,0.0351123625164033,0.0118394404432804,-0.0195224617978343,0.0503597207991319,-0.0226123678432245,0.1707317260948817,-0.0495786377956837,0.305757480188866,-0.4327247045550358,0.3690174593686182,2019-02-26,2019-02-27,2019-02-28,2019-03-01,2019-03-04,2019-03-05,2019-03-06,2019-03-07,2019-03-08,2019-03-11,14554.0,2019-02-25,252.0,1.5982%,-0.0009,1.1011,0.9335,-1.1527,2.1860%,2.8002%,39.0587%,0.014606,TWOU,14554.0,2019-02-26,252.0,4.0309%,-0.0007,1.0923,0.8794,-1.1867,2.2041%,2.8104%,38.4912%,0.044142,TWOU,14554.0,2019-02-27,252.0,0.6210%,-0.0007,1.0903,0.8839,-1.187,2.2040%,2.8095%,38.4614%,0.002032,TWOU,14554.0,2019-02-28,252.0,-1.1136%,-0.001,1.1243,0.9069,-1.1599,2.1726%,2.7974%,39.6779%,-0.011001,TWOU,14554.0,2019-03-01,252.0,-0.0271%,-0.0011,1.124,0.9065,-1.1535,2.1744%,2.7968%,39.5553%,-0.015726,TWOU,14554.0,2019-03-04,252.0,-5.2524%,-0.0013,1.1421,0.8801,-1.1659,2.1794%,2.8122%,39.9375%,-0.038645,TWOU,14554.0,2019-03-05,252.0,-0.5443%,-0.0013,1.1446,0.8977,-1.1633,2.1787%,2.8110%,39.9263%,-0.003662,TWOU,14554.0,2019-03-06,252.0,-2.7222%,-0.0013,1.1495,0.9045,-1.1567,2.1786%,2.8160%,40.1483%,-0.0059209999999999,TWOU,14554.0,2019-03-07,252.0,0.3109%,-0.0013,1.1437,0.8966,-1.1668,2.1795%,2.8151%,40.0599%,0.009261,TWOU,14554.0,2019-03-08,252.0,-0.3985%,-0.0014,1.145,0.8816,-1.1639,2.1778%,2.8105%,39.9545%,-0.003991,TWOU,14554.0,2019-03-11,252.0,3.1268%,-0.0013,1.148,0.8884,-1.1617,2.1780%,2.8173%,40.2326%,0.004892,TWOU,0.058748,0.06078,0.049779,-0.0045919999999999,-0.0040129999999999
41083,2 U INC,"2U Q4 Adj. EPS $0.23 Beats $0.21 Estimate, Sales $115.1M Beat $114.85M Estimate",6,increase,0.8,0.6,"the company reported better-than-expected earnings and sales, which typically boosts investor confidence and can lead to an increase in stock price.",2,2019-02-25,TWOU,2019-02-25 21:02:00+00:00,14554.0,90214J10,0.0159816648811101,1388191.0,0.0403090305626392,0.0200874079018831,0.0062103290110826,0.0073313787579536,-0.0111364796757698,-0.0153047237545251,-0.0002713248832151,0.0090326741337776,-0.0525244660675525,0.0287769511342048,-0.0054433071054518,0.0127505157142877,-0.0272216536104679,0.0300187338143587,0.003109254874289,0.0369649603962898,-0.0039851902984082,0.0200099069625139,0.0312684178352356,0.0101904543116688,-0.0070412112399935,-0.0039933091029524,0.0001447487156838,-0.0024896517861634,-0.0005788006819784,0.0179084539413452,-0.0001448115799576,0.0461293160915374,-0.006660861428827,-0.0047492813318967,-0.0020408073905855,0.0049495985731482,-0.0138766719028353,0.0083779189735651,0.025181408971548,-0.0090090464800596,-0.0455136783421039,0.0005302011268213,0.0089313350617885,0.0343693047761917,0.0240059774369001,-0.0202400330454111,-0.0017582819564267,-0.009227979928255,0.0532805658876895,-0.0014177180128172,-0.0126812104135751,0.021912332624197,0.0165137350559234,-0.0016271949280053,0.0051375003531575,0.0208564233034849,0.0138140628114342,0.0431267172098159,-0.0378798022866249,-0.0220297873020172,-0.0076476549729704,0.0016974755562841,-0.0342514850199222,-0.0121110063046217,-0.0214274711906909,-0.0055587003007531,0.0084566222503781,0.0125703942030668,-0.0190176200121641,0.0281635615974664,-0.0007632888155058,0.0638210698962211,-0.0085548050701618,-0.0183319877833128,0.0,-0.0016090472927317,-0.0417565926909446,0.029186500236392,-0.027978740632534,-0.0014468724839389,0.0195202697068452,0.0166001450270414,0.0056790276430547,0.0406735315918922,-0.0020974681247025,-0.0093154311180114,-0.0135812480002641,-0.0936579704284668,0.0136043578386306,-0.015274572186172,-0.0037192681338638,-0.0350745767354965,-0.0180165655910968,0.0117025095969438,-0.0170247741043567,-0.043509654700756,0.0178240723907947,-0.0319818556308746,0.0320502631366252,-0.0439431481063365,-0.0012806439772248,0.0126903560012579,-0.0394293814897537,0.0226682387292385,-0.2529617846012115,0.0192239880561828,-0.039758738130331,-0.0152831021696329,-0.0316352769732475,0.0144468555226922,-0.0658179596066474,-0.0102877095341682,0.0133710587397217,-0.0178112853318452,0.0314641371369361,0.0095089767128229,0.0226321797817945,0.0147368451580405,-0.0144334491342306,0.079136699438095,-0.0202587693929672,-0.0093773445114493,0.0062282015569508,0.0416097119450569,0.0403090305626392,0.0200874079018831,0.0467696919156337,0.027566055055431,0.0351123625164033,0.0118394404432804,-0.0195224617978343,0.0503597207991319,-0.0226123678432245,0.1707317260948817,-0.0495786377956837,0.305757480188866,-0.4327247045550358,0.3690174593686182,2019-02-26,2019-02-27,2019-02-28,2019-03-01,2019-03-04,2019-03-05,2019-03-06,2019-03-07,2019-03-08,2019-03-11,14554.0,2019-02-25,252.0,1.5982%,-0.0009,1.1011,0.9335,-1.1527,2.1860%,2.8002%,39.0587%,0.014606,TWOU,14554.0,2019-02-26,252.0,4.0309%,-0.0007,1.0923,0.8794,-1.1867,2.2041%,2.8104%,38.4912%,0.044142,TWOU,14554.0,2019-02-27,252.0,0.6210%,-0.0007,1.0903,0.8839,-1.187,2.2040%,2.8095%,38.4614%,0.002032,TWOU,14554.0,2019-02-28,252.0,-1.1136%,-0.001,1.1243,0.9069,-1.1599,2.1726%,2.7974%,39.6779%,-0.011001,TWOU,14554.0,2019-03-01,252.0,-0.0271%,-0.0011,1.124,0.9065,-1.1535,2.1744%,2.7968%,39.5553%,-0.015726,TWOU,14554.0,2019-03-04,252.0,-5.2524%,-0.0013,1.1421,0.8801,-1.1659,2.1794%,2.8122%,39.9375%,-0.038645,TWOU,14554.0,2019-03-05,252.0,-0.5443%,-0.0013,1.1446,0.8977,-1.1633,2.1787%,2.8110%,39.9263%,-0.003662,TWOU,14554.0,2019-03-06,252.0,-2.7222%,-0.0013,1.1495,0.9045,-1.1567,2.1786%,2.8160%,40.1483%,-0.0059209999999999,TWOU,14554.0,2019-03-07,252.0,0.3109%,-0.0013,1.1437,0.8966,-1.1668,2.1795%,2.8151%,40.0599%,0.009261,TWOU,14554.0,2019-03-08,252.0,-0.3985%,-0.0014,1.145,0.8816,-1.1639,2.1778%,2.8105%,39.9545%,-0.003991,TWOU,14554.0,2019-03-11,252.0,3.1268%,-0.0013,1.148,0.8884,-1.1617,2.1780%,2.8173%,40.2326%,0.004892,TWOU,0.058748,0.06078,0.049779,-0.0045919999999999,-0.0040129999999999
41091,2 U INC,2U Q4 Earnings Preview,6,uncertain,0.5,0.5,the impact of the q4 earnings preview on 2u inc's stock price is unclear without specific details on earnings performance or market expectations.,1,2019-02-25,TWOU,2019-02-25 15:50:00+00:00,14554.0,90214J10,0.0159816648811101,1388191.0,0.0403090305626392,0.0200874079018831,0.0062103290110826,0.0073313787579536,-0.0111364796757698,-0.0153047237545251,-0.0002713248832151,0.0090326741337776,-0.0525244660675525,0.0287769511342048,-0.0054433071054518,0.0127505157142877,-0.0272216536104679,0.0300187338143587,0.003109254874289,0.0369649603962898,-0.0039851902984082,0.0200099069625139,0.0312684178352356,0.0101904543116688,-0.0070412112399935,-0.0039933091029524,0.0001447487156838,-0.0024896517861634,-0.0005788006819784,0.0179084539413452,-0.0001448115799576,0.0461293160915374,-0.006660861428827,-0.0047492813318967,-0.0020408073905855,0.0049495985731482,-0.0138766719028353,0.0083779189735651,0.025181408971548,-0.0090090464800596,-0.0455136783421039,0.0005302011268213,0.0089313350617885,0.0343693047761917,0.0240059774369001,-0.0202400330454111,-0.0017582819564267,-0.009227979928255,0.0532805658876895,-0.0014177180128172,-0.0126812104135751,0.021912332624197,0.0165137350559234,-0.0016271949280053,0.0051375003531575,0.0208564233034849,0.0138140628114342,0.0431267172098159,-0.0378798022866249,-0.0220297873020172,-0.0076476549729704,0.0016974755562841,-0.0342514850199222,-0.0121110063046217,-0.0214274711906909,-0.0055587003007531,0.0084566222503781,0.0125703942030668,-0.0190176200121641,0.0281635615974664,-0.0007632888155058,0.0638210698962211,-0.0085548050701618,-0.0183319877833128,0.0,-0.0016090472927317,-0.0417565926909446,0.029186500236392,-0.027978740632534,-0.0014468724839389,0.0195202697068452,0.0166001450270414,0.0056790276430547,0.0406735315918922,-0.0020974681247025,-0.0093154311180114,-0.0135812480002641,-0.0936579704284668,0.0136043578386306,-0.015274572186172,-0.0037192681338638,-0.0350745767354965,-0.0180165655910968,0.0117025095969438,-0.0170247741043567,-0.043509654700756,0.0178240723907947,-0.0319818556308746,0.0320502631366252,-0.0439431481063365,-0.0012806439772248,0.0126903560012579,-0.0394293814897537,0.0226682387292385,-0.2529617846012115,0.0192239880561828,-0.039758738130331,-0.0152831021696329,-0.0316352769732475,0.0144468555226922,-0.0658179596066474,-0.0102877095341682,0.0133710587397217,-0.0178112853318452,0.0314641371369361,0.0095089767128229,0.0226321797817945,0.0147368451580405,-0.0144334491342306,0.079136699438095,-0.0202587693929672,-0.0093773445114493,0.0062282015569508,0.0416097119450569,0.0403090305626392,0.0200874079018831,0.0467696919156337,0.027566055055431,0.0351123625164033,0.0118394404432804,-0.0195224617978343,0.0503597207991319,-0.0226123678432245,0.1707317260948817,-0.0495786377956837,0.305757480188866,-0.4327247045550358,0.3690174593686182,2019-02-26,2019-02-27,2019-02-28,2019-03-01,2019-03-04,2019-03-05,2019-03-06,2019-03-07,2019-03-08,2019-03-11,14554.0,2019-02-25,252.0,1.5982%,-0.0009,1.1011,0.9335,-1.1527,2.1860%,2.8002%,39.0587%,0.014606,TWOU,14554.0,2019-02-26,252.0,4.0309%,-0.0007,1.0923,0.8794,-1.1867,2.2041%,2.8104%,38.4912%,0.044142,TWOU,14554.0,2019-02-27,252.0,0.6210%,-0.0007,1.0903,0.8839,-1.187,2.2040%,2.8095%,38.4614%,0.002032,TWOU,14554.0,2019-02-28,252.0,-1.1136%,-0.001,1.1243,0.9069,-1.1599,2.1726%,2.7974%,39.6779%,-0.011001,TWOU,14554.0,2019-03-01,252.0,-0.0271%,-0.0011,1.124,0.9065,-1.1535,2.1744%,2.7968%,39.5553%,-0.015726,TWOU,14554.0,2019-03-04,252.0,-5.2524%,-0.0013,1.1421,0.8801,-1.1659,2.1794%,2.8122%,39.9375%,-0.038645,TWOU,14554.0,2019-03-05,252.0,-0.5443%,-0.0013,1.1446,0.8977,-1.1633,2.1787%,2.8110%,39.9263%,-0.003662,TWOU,14554.0,2019-03-06,252.0,-2.7222%,-0.0013,1.1495,0.9045,-1.1567,2.1786%,2.8160%,40.1483%,-0.0059209999999999,TWOU,14554.0,2019-03-07,252.0,0.3109%,-0.0013,1.1437,0.8966,-1.1668,2.1795%,2.8151%,40.0599%,0.009261,TWOU,14554.0,2019-03-08,252.0,-0.3985%,-0.0014,1.145,0.8816,-1.1639,2.1778%,2.8105%,39.9545%,-0.003991,TWOU,14554.0,2019-03-11,252.0,3.1268%,-0.0013,1.148,0.8884,-1.1617,2.1780%,2.8173%,40.2326%,0.004892,TWOU,0.058748,0.06078,0.049779,-0.0045919999999999,-0.0040129999999999
41099,UNITED COMMUNITY BANKS INC GA,"Keefe Bruyette & Woods Downgrades United Community Banks to Market Perform, Announces $32",6,decrease,0.8,0.7,"a downgrade from an investment firm typically signals reduced confidence in the stock's performance, which can lead to a decrease in its price.",0,2019-02-25,UCBI,2019-02-25 11:47:00+00:00,89323.0,90984P30,-0.0165403001010417,490627.0,-0.0231254994869232,-0.0098942006006836,0.0100430669263005,-0.0037389737553894,-0.0166903175413608,0.0078793950378894,0.0065005524083971,0.0206293761730194,-0.0053821858018636,0.0203353427350521,-0.0043289656750857,-0.0074362284503877,-0.0402174144983291,0.0064148362725973,-0.0230275802314281,-0.0053172498010098,0.0003864076279569,0.0151132838800549,0.0131324902176857,-0.0003596518654376,0.0,0.0175695288926363,0.0053374492563307,0.028614467009902,0.0045505906455218,0.0110391704365611,0.0053171054460108,0.0080583654344081,0.004155671223998,0.013219291344285,-0.035364955663681,-0.0134254079312086,-0.0269110240042209,-0.0030592705588787,-0.0020040539093315,-0.009094345383346,-0.0538152679800987,0.0026595629751682,-0.0063667073845863,0.0146491574123501,0.0324647687375545,-0.0007703602313995,0.014067031443119,0.0587275139987468,0.0187678132206201,-0.0068853814154863,-0.0016018826281651,0.0077551240101456,0.0348976701498031,0.0098928185179829,-0.0034883781336247,0.0275306906551122,0.0062233279459178,-0.0104777868837118,0.0193274058401584,0.0127334957942366,0.0030337474308907,0.0098585318773984,0.0083175543695688,-0.0042680487968027,-0.0206223931163549,0.0142857106402516,0.0053598540835082,0.0043478426523506,0.0007616320508532,0.0061242077499628,0.0121765481308102,0.0339213013648986,-0.0214285589754581,0.0109739257022738,0.0238186288625001,0.0191053953021764,0.0060037467628717,0.003272543195635,-0.0149197923019528,0.0056416983716189,-0.0022718464024364,-0.0056100483052432,0.026944937184453,0.0449438244104385,0.0310421343892812,-0.0067928815260529,0.0071684862487018,-0.000969391723629,0.0046263043768703,0.0034046545624732,0.0060219652950763,-0.0428305454552173,-0.0112675949931144,-0.0249660070985555,-0.0035612671636044,-0.0089967995882034,0.0207290891557931,-0.0168067701160907,0.0059523838572204,-0.0269230343401432,-0.0003480761952232,0.0182767659425735,-0.0188021939247846,-0.0107619455084204,-0.0078069986775517,-0.02558727376163,-0.0014305796939879,-0.0029276325367391,0.0032235011458396,0.0058897510170936,-0.0324883908033371,-0.0696672722697258,0.0173431485891342,-0.0116054601967334,-0.0087051056325435,0.0233570914715528,0.0131723601371049,-0.0090231280773878,-0.0126399556174874,0.0079082185402512,0.0010973184835165,-0.0097885662689805,0.0109608778730034,0.0191540885716676,-0.0231254994869232,-0.0098942006006836,-0.013314683499674,-0.0135961801996966,-0.0297827747454626,-0.0058239148366069,-0.0287316613652041,0.0353192913082007,-0.0809390801819822,0.0438849368733318,-0.0598435435709754,0.2385830200183123,-0.0245920806879926,0.1662155462500953,2019-02-26,2019-02-27,2019-02-28,2019-03-01,2019-03-04,2019-03-05,2019-03-06,2019-03-07,2019-03-08,2019-03-11,89323.0,2019-02-25,252.0,-1.6540%,0.0001,1.1023,0.9778,1.4972,1.0250%,1.5554%,56.5752%,-0.013071,UCBI,89323.0,2019-02-26,252.0,-2.3125%,0.0,1.0965,0.9979,1.503,1.0236%,1.5544%,56.6341%,-0.010263,UCBI,89323.0,2019-02-27,252.0,1.0043%,0.0001,1.0979,0.9979,1.5033,1.0250%,1.5556%,56.5858%,0.008864,UCBI,89323.0,2019-02-28,252.0,-1.6690%,0.0001,1.0943,0.9951,1.503,1.0247%,1.5508%,56.3430%,-0.009828,UCBI,89323.0,2019-03-01,252.0,0.6501%,0.0001,1.1013,1.0055,1.5131,1.0224%,1.5502%,56.5047%,0.001658,UCBI,89323.0,2019-03-04,252.0,-0.5382%,0.0,1.1035,0.9997,1.5121,1.0221%,1.5505%,56.5486%,-0.0016239999999999,UCBI,89323.0,2019-03-05,252.0,-0.4329%,0.0,1.1009,0.9825,1.5088,1.0210%,1.5452%,56.3394%,0.0041849999999999,UCBI,89323.0,2019-03-06,252.0,-4.0217%,-0.0001,1.1098,1.0213,1.5241,1.0280%,1.5643%,56.8135%,-0.019284,UCBI,89323.0,2019-03-07,252.0,-2.3028%,-0.0001,1.115,1.0304,1.5336,1.0287%,1.5699%,57.0650%,-0.008272,UCBI,89323.0,2019-03-08,252.0,0.0386%,-0.0001,1.1151,1.0183,1.5343,1.0268%,1.5676%,57.0962%,0.004841,UCBI,89323.0,2019-03-11,252.0,1.3132%,-0.0001,1.1154,1.02,1.5351,1.0268%,1.5698%,57.2177%,0.000741,UCBI,-0.023334,-0.01447,-0.024298,-0.024264,-0.042053
41107,V B I VACCINES INC NEW,"VBI Vaccines Reports FY18 EPS $(0.97) vs $(0.88) Est., Sales $3.36M vs $900K Est.",6,decrease,0.7,0.6,"the company reported a larger loss per share than expected, which may lead to negative investor sentiment despite higher sales.",0,2019-02-25,VBIV,2019-02-25 13:07:00+00:00,16043.0,91822J20,0.0,252187.0,0.0165746361017227,0.0111731737852096,0.0543478392064571,0.0170454382896423,-0.0103093292564153,0.005714280065149,-0.026041641831398,0.0174418427050113,0.0481283590197563,-0.017142841592431,0.0255101788789033,-0.0331491418182849,-0.0696517378091812,-0.0109290163964033,0.0374331846833229,-0.0054347771219909,-0.0463917702436447,-0.0366491787135601,0.0054053999483585,0.0052631529979407,0.0161290168762207,0.0982658714056015,0.0158730000257492,-0.0335195213556289,-0.0104166567325592,0.0287356041371822,0.0526315905153751,0.0481927990913391,-0.0099999904632568,-0.0059880185872316,0.010101000778377,0.0182926654815673,-0.0049999952316284,0.024999976158142,-0.0100502418354153,0.0389610789716243,0.0,-0.0609756261110305,-0.0558375716209411,0.024999976158142,-0.0698924735188484,-0.0643274933099746,0.0809248462319374,-0.0499999523162841,0.0,-0.0476190671324729,0.0,-0.0156249850988388,-0.0160427652299404,-0.0253807473927736,0.0271738860756158,0.1129943802952766,0.0211640018969774,-0.0166666507720947,-0.010362684726715,0.0843373388051986,0.0471204370260238,0.0709677562117576,0.0499999523162841,-0.0189873985946178,0.009523800574243,0.0,-0.037735816091299,-0.0595237538218498,0.0147058684378862,0.0306748170405626,0.0,0.0061728334985673,0.0193236544728279,-0.0181818008422851,-0.014217996969819,0.0312499701976776,-0.014423063956201,0.1188811734318733,-0.0390243530273437,-0.013793172314763,0.0050761373713612,0.0211268253624439,0.010101000778377,0.0215827133506536,-0.0049999952316284,0.1393442302942276,-0.0201004836708307,-0.0827067717909812,0.0,-0.0220588017255067,-0.0051282001659274,-0.0422534830868244,-0.0206185970455408,-0.006993000395596,0.0052631529979407,-0.0653594955801963,-0.005235597025603,0.0928571373224258,0.0210526753216981,-0.1566265076398849,0.0360824391245842,0.0709677562117576,-0.0049751196056604,0.1481480896472931,0.0149999856948852,-0.0939597189426422,-0.0098522072657942,-0.1130952015519142,0.0248755980283021,0.0632910802960395,-0.0048543643206357,-0.012499988079071,0.0048780441284179,0.0,0.0,0.006289301905781,-0.0194174572825431,-0.0245398543775081,0.0049504903145134,-0.041176501661539,-0.0049261036328971,0.0059171537868678,0.0148514714092016,-0.0342856831848621,0.0165746361017227,0.0111731737852096,0.0718232709659418,0.0284090637191072,0.0607734919608657,0.0342856811307359,0.0828729846523708,0.0342856794407215,0.0276243462884573,-0.0473684406007502,0.1602209660834985,0.1455695511589785,0.1325966855828368,0.034285682360059,2019-02-26,2019-02-27,2019-02-28,2019-03-01,2019-03-04,2019-03-05,2019-03-06,2019-03-07,2019-03-08,2019-03-11,16043.0,2019-02-25,252.0,0.0000%,-0.002,0.7701,1.6198,0.3298,4.5738%,4.7100%,5.6974%,0.003598,VBIV,16043.0,2019-02-26,252.0,1.6575%,-0.0021,0.7277,1.6175,0.2969,4.5624%,4.6937%,5.5161%,0.029162,VBIV,16043.0,2019-02-27,252.0,5.4348%,-0.002,0.7164,1.6531,0.2952,4.5711%,4.7038%,5.5623%,0.050876,VBIV,16043.0,2019-02-28,252.0,-1.0309%,-0.0018,0.6859,1.632,0.2744,4.5561%,4.6827%,5.3367%,-0.007781,VBIV,16043.0,2019-03-01,252.0,-2.6042%,-0.002,0.6844,1.6297,0.2873,4.5604%,4.6851%,5.2521%,-0.034705,VBIV,16043.0,2019-03-04,252.0,4.8128%,-0.0018,0.6936,1.5461,0.297,4.5701%,4.6879%,4.9643%,0.056996,VBIV,16043.0,2019-03-05,252.0,2.5510%,-0.0017,0.6871,1.5178,0.2798,4.5750%,4.6884%,4.7770%,0.032105,VBIV,16043.0,2019-03-06,252.0,-6.9652%,-0.0018,0.7133,1.5995,0.3205,4.5818%,4.7072%,5.2552%,-0.044958,VBIV,16043.0,2019-03-07,252.0,3.7433%,-0.0019,0.6799,1.528,0.2558,4.5814%,4.6976%,4.8888%,0.04537,VBIV,16043.0,2019-03-08,252.0,-4.6392%,-0.002,0.6847,1.5457,0.2626,4.5884%,4.7059%,4.9334%,-0.045315,VBIV,16043.0,2019-03-11,252.0,0.5405%,-0.002,0.6809,1.5452,0.2642,4.5885%,4.7061%,4.9337%,-0.009086,VBIV,0.03276,0.083636,0.075855,0.098146,0.076262
41115,VERACYTE INC,"Veracyte Q4 EPS $(0.08) Beats $(0.15) Estimate, Sales $25.75M Beat $24.36M Estimate",6,increase,0.8,0.6,"the company reported better-than-expected earnings and sales, which typically boosts investor confidence and can lead to an increase in stock price.",2,2019-02-25,VCYT,2019-02-25 22:07:00+00:00,14263.0,92337F10,0.0005081417039036,561360.0,0.0904011577367782,0.0468085706233978,0.0246856398880481,-0.0110468696802854,-0.0813636779785156,0.0253505557775497,-0.0014843533281236,-0.0032257777638733,0.0267591178417205,0.0333333536982536,-0.0135134551674127,-0.0163934007287025,-0.07827790081501,0.0,0.0302547607570886,0.0066006011329591,0.0303967110812664,-0.018358539789915,0.0119999889284372,0.0136836338788271,0.0222332403063774,-0.0266382526606321,0.0236829277127981,-0.0183054581284523,-0.0084985978901386,-0.0039072078652679,0.0314285643398761,0.039815854281187,0.0087719541043043,0.0148432403802871,0.0086956769227981,0.0294284354895353,0.019963638857007,-0.003384064650163,0.0747331082820892,0.0022611082531511,0.0124171869829297,-0.0045019653625786,0.0531480461359024,0.0090857381001114,-0.0252329036593437,0.0202781222760677,-0.0589407160878181,-0.0051873284392058,0.0588235855102539,0.0040509081445634,0.0,0.0568807497620582,0.0019983707461506,0.026365352794528,-0.0287195574492216,0.0152964135631918,0.0176591500639915,-0.008217453956604,0.0310733877122402,-0.0149439461529254,0.0336595177650451,0.006896530278027,-0.0473305583000183,0.049342107027769,-0.0075516905635595,0.0453920103609561,0.0208250097930431,0.0076229837723076,-0.0098077682778239,0.0133427344262599,0.016244051977992,0.0878532901406288,-0.0393762290477752,0.090833343565464,-0.0101461037993431,-0.0461049228906631,-0.059860561043024,0.0336893871426582,0.0043611153960227,0.0244107712060213,-0.0004342261527199,-0.0099999904632568,0.0299738757312297,0.079136699438095,-0.0147616397589445,-0.0008984931628219,-0.0188356395810842,-0.038860086351633,0.0200697686523199,0.0008643240435048,-0.0132591733708977,-0.0127986837178468,-0.0086692180484533,-0.0067796544171869,0.1005683913826942,-0.0343698896467685,-0.0397298373281955,-0.0685975328087806,0.017790662124753,0.0053639612160623,0.0365853495895862,0.0316205993294715,-0.0666666999459266,0.0128102358430624,-0.0084033133462071,0.048698566854,-0.0419491417706012,-0.021364027634263,0.0459973029792308,0.0082850363105535,-0.060887973755598,-0.0869894549250602,0.0526789799332618,0.0800653994083404,0.0526091307401657,0.0057518235407769,0.020316943526268,-0.0295055732131004,-0.0286738835275173,0.0338004827499389,-0.0086100483313202,-0.0441291965544223,0.0194375235587358,0.0023696471471339,0.0904011577367782,0.0468085706233978,0.1173184080501792,0.0352446127635153,0.0264092728981166,0.0614886390627846,0.0523107566036227,0.0933333512488343,0.0279329268765997,0.0771756885083074,0.2778059599289015,0.2947368814574296,0.2519044737040321,0.5545023966776483,2019-02-26,2019-02-27,2019-02-28,2019-03-01,2019-03-04,2019-03-05,2019-03-06,2019-03-07,2019-03-08,2019-03-11,14263.0,2019-02-25,252.0,0.0508%,0.0053,1.3523,0.7304,0.1804,3.5877%,3.8709%,14.0992%,0.000602,VCYT,14263.0,2019-02-26,252.0,9.0401%,0.0057,1.3399,0.6139,0.1121,3.6334%,3.9074%,13.5300%,0.097735,VCYT,14263.0,2019-02-27,252.0,2.4686%,0.0057,1.3327,0.6318,0.1109,3.6333%,3.9049%,13.4272%,0.022348,VCYT,14263.0,2019-02-28,252.0,-8.1364%,0.0054,1.3462,0.6383,0.1401,3.6704%,3.9405%,13.2410%,-0.077182,VCYT,14263.0,2019-03-01,252.0,-0.1484%,0.0052,1.3678,0.6704,0.1819,3.6625%,3.9380%,13.5009%,-0.012558,VCYT,14263.0,2019-03-04,252.0,2.6759%,0.0053,1.3592,0.6718,0.1904,3.6670%,3.9381%,13.2973%,0.035754,VCYT,14263.0,2019-03-05,252.0,-1.3513%,0.0053,1.3645,0.7044,0.1994,3.6670%,3.9399%,13.3744%,-0.008753,VCYT,14263.0,2019-03-06,252.0,-7.8278%,0.0052,1.4063,0.8214,0.2625,3.6835%,3.9738%,14.0753%,-0.05811,VCYT,14263.0,2019-03-07,252.0,3.0255%,0.0053,1.3866,0.7994,0.2301,3.6908%,3.9749%,13.7850%,0.0431379999999999,VCYT,14263.0,2019-03-08,252.0,3.0397%,0.0054,1.3842,0.7776,0.2273,3.6928%,3.9746%,13.6783%,0.033349,VCYT,14263.0,2019-03-11,252.0,1.2000%,0.0054,1.3768,0.7532,0.2172,3.6922%,3.9732%,13.6436%,-0.010332,VCYT,0.098337,0.120685,0.043503,0.066699,0.065991
41123,VEEVA SYSTEMS INC,"Morgan Stanley Maintains Overweight on Veeva Systems, Raises Price Target to $123",6,increase,0.8,0.6,maintaining an 'overweight' rating and raising the price target typically signals positive sentiment and potential for stock price appreciation.,2,2019-02-25,VEEV,2019-02-25 15:24:00+00:00,14231.0,92247510,0.0091835567727684,1603483.0,-0.0005008979933336,0.0157467182725668,-0.0290678534656763,-0.0097457757219672,0.0143668772652745,-0.0199335664510726,0.0197607856243848,-0.0033937259577214,-0.0415835008025169,0.0017412860179319,0.0025164952967315,0.0137009099125862,-0.018003998324275,0.0025280446279793,0.0029087865259498,0.0234583988785743,0.0066795758903026,0.0064230351708829,0.0343984849750995,0.0200991369783878,0.0047265151515603,-0.0308906678110361,0.0198252741247415,0.0055219964124262,0.0075782383792102,0.0109027475118637,0.0003270186134614,0.012183322571218,0.0007355045527219,0.0386025980114936,0.0140465600416064,0.0061813653446733,0.0032214024104177,0.0329743549227714,0.0325118042528629,-0.0216316990554332,-0.0427615642547607,-0.0178571157157421,0.0026802646461874,0.0351692028343677,0.0171729680150747,0.0177520141005516,-0.0169626288115978,0.0052371341735124,0.0052656666375696,-0.0275393594056367,0.0223225429654121,0.02493960224092,-0.0007882585050538,0.0175076108425855,0.0153044713661074,0.0026626887265592,0.0175602938979864,0.0425663106143474,-0.0144318826496601,-0.0142900180071592,0.0087548587471246,0.0071450131945312,0.0059907743707299,0.0151279559358954,0.006871348246932,0.0182528309524059,0.0309372283518314,0.0073334304615855,-0.0034569078125059,0.0340696610510349,-0.0054616979323327,0.0718576833605766,-0.0157328024506568,-0.0297176651656627,0.0050516333431005,-0.0204881522804498,-0.0336083695292472,0.020216979086399,-0.0076851844787597,0.0002285419031977,0.0487365685403347,0.0069020874798297,0.0184991471469402,0.086489163339138,0.0008056292426772,-0.0121002066880464,0.0033663134090602,-0.0518613941967487,0.0155350072309374,-0.0188375767320394,0.016590042039752,-0.0089926114305853,-0.0118686538189649,0.0212741438299417,-0.0105812242254614,-0.0587591938674449,0.0182094387710094,-0.0078167542815208,0.0118515230715274,0.0007605355931445,0.0025249025784432,0.0180289484560489,-0.0232265796512365,0.0041093151085078,0.0128205744549632,0.0167118720710277,0.0047379829920828,-0.0409356616437435,0.0172437839210033,-0.0070968135260045,-0.066491387784481,-0.0596562325954437,0.0376519560813903,0.0284941531717777,0.0185714717954397,-0.0256358161568641,0.0112903267145156,0.0092034107074141,-0.0169891975820064,0.0890967771410942,-0.0077595291659235,-0.0198668241500854,0.0174178648740053,0.0308315269649028,-0.0005008979933336,0.0157467182725667,-0.0295541914295385,0.0058474785659581,-0.0156119156052065,-0.0142026489876803,-0.0379028303759885,-0.0158374454207812,-0.010853193579202,0.050911988972927,0.0935047361594447,0.2298207439260251,0.1947737695546669,0.3355462906629152,2019-02-26,2019-02-27,2019-02-28,2019-03-01,2019-03-04,2019-03-05,2019-03-06,2019-03-07,2019-03-08,2019-03-11,14231.0,2019-02-25,252.0,0.9184%,0.0021,1.2892,0.5345,-1.3944,1.6615%,2.5672%,58.1118%,0.006054,VEEV,14231.0,2019-02-26,252.0,-0.0501%,0.002,1.2856,0.5404,-1.394,1.6610%,2.5622%,57.9734%,0.000281,VEEV,14231.0,2019-02-27,252.0,-2.9068%,0.0019,1.2874,0.5269,-1.3939,1.6752%,2.5699%,57.5052%,-0.033025,VEEV,14231.0,2019-02-28,252.0,1.4367%,0.0019,1.2929,0.5311,-1.3928,1.6745%,2.5708%,57.5755%,0.014668,VEEV,14231.0,2019-03-01,252.0,1.9761%,0.0014,1.3746,0.6527,-1.267,1.4438%,2.4585%,65.5133%,0.00325,VEEV,14231.0,2019-03-04,252.0,-4.1584%,0.0012,1.3836,0.6485,-1.2752,1.4528%,2.4741%,65.5188%,-0.0269729999999999,VEEV,14231.0,2019-03-05,252.0,0.2516%,0.0011,1.3764,0.5942,-1.2812,1.4404%,2.4519%,65.4898%,0.003728,VEEV,14231.0,2019-03-06,252.0,-1.8004%,0.001,1.3582,0.609,-1.2998,1.4244%,2.4406%,65.9383%,0.001467,VEEV,14231.0,2019-03-07,252.0,0.2909%,0.0011,1.357,0.6213,-1.2979,1.4234%,2.4403%,65.9787%,0.010093,VEEV,14231.0,2019-03-08,252.0,0.6680%,0.0011,1.3563,0.6186,-1.2988,1.4238%,2.4391%,65.9255%,0.007058,VEEV,14231.0,2019-03-11,252.0,3.4398%,0.0011,1.3588,0.6108,-1.3045,1.4225%,2.4476%,66.2213%,0.005118,VEEV,0.006335,-0.02669,-0.0120219999999999,-0.035745,-0.0082809999999999
41131,VISTA GOLD CORP,Vista Gold FY18 EPS $(0.09),6,decrease,0.8,0.6,"a negative earnings per share (eps) indicates that the company is not profitable, which is likely to lead to a decrease in stock price as investors react to the poor financial performance.",0,2019-02-25,VGZ,2019-02-25 22:35:00+00:00,69446.0,92792630,-0.0704788640141487,306901.0,-0.0126582905650138,-0.0073580620810389,0.0057692714035511,-0.0169919766485691,-0.00331423105672,0.0044977413490414,-0.049750629812479,0.2043055146932602,-0.0215342845767736,0.0,0.0418156497180461,0.0592908784747123,-0.0493793897330761,0.0788889229297638,0.0549999363720417,-0.0307692028582096,0.0136914132162928,0.0093167424201965,0.0,-0.0015503676841035,-0.0233766324818134,-0.065217413008213,-0.0026595403905957,-0.008050569333136,0.0066666603088378,0.0037517382297664,0.0025165791157633,-0.0034512237180024,-0.0214030984789133,0.0226470474153757,0.0078304428607225,0.0303029995411634,0.0113864429295063,-0.0093064485117793,-0.0109933856874704,0.009393872693181,-0.0020088530145585,0.0325407609343528,-0.0370370261371135,0.0799121186137199,0.0579710006713867,0.0119678052142262,-0.1188092082738876,0.012288068421185,0.0014947489835321,-0.0824202448129654,0.0185074191540479,0.0239024311304092,0.0257913246750831,-0.0267447419464588,-0.0335713811218738,-0.012656208127737,-0.026903236284852,0.0322580337524414,0.0063801328651607,0.0689655542373657,0.0300376806408166,0.0001723693421809,0.0256447587162256,0.0173684805631637,-0.001285855891183,-0.008695644326508,-0.0185980126261711,-0.0086206812411546,-0.033819206058979,0.0461759641766548,-0.0193120669573545,-0.0454923063516616,-0.0039999303407967,0.0661215558648109,-0.0537534616887569,0.0377143025398254,-0.0124061526730656,0.0190948713570833,0.0099173262715339,-0.0093018785119056,-0.0027822980191558,0.0116731170564889,-0.0316757634282112,-0.0059949294663965,0.0338983759284019,-0.0055769318714737,-0.0247541014105081,-0.082730695605278,0.0632038637995719,0.0356229767203331,-0.0147035475820303,-0.0047272983938455,-0.0051347794942557,0.1068625897169113,-0.0564516559243202,-0.0251128263771534,-0.0241024885326623,0.0194000005722045,0.0211945716291666,0.0579771175980567,0.0120068090036511,-0.0547999739646911,-0.0084745688363909,0.0309278052300214,0.0134530235081911,0.0589519850909709,-0.0265994537621736,-0.0043478347361087,-0.0311904475092887,-0.0099009657278656,0.0427473336458206,0.0097804861143231,-0.0029159246478229,0.0473480410873889,0.0411146953701973,-0.0651202574372291,-0.0223066341131925,0.0293538197875022,-0.0468142740428447,0.0530565232038497,-0.0070922127924859,-0.0968749970197677,-0.0267856884747743,0.0382867977023124,-0.0126582905650138,-0.0073580620810389,-0.0069620482752373,-0.0242250107105482,-0.0102532054953452,-0.0198362271938605,-0.0797468615008376,0.1804166368929856,-0.0253165064455427,0.3176744734020917,-0.1140506959142566,0.4910526739827847,-0.3101265785123731,0.8384166464326115,2019-02-26,2019-02-27,2019-02-28,2019-03-01,2019-03-04,2019-03-05,2019-03-06,2019-03-07,2019-03-08,2019-03-11,69446.0,2019-02-25,252.0,-7.0479%,0.0007,-0.0544,0.3948,-0.2327,3.7277%,3.7381%,0.5547%,-0.070014,VGZ,69446.0,2019-02-26,252.0,-1.2658%,0.0005,-0.0757,0.4317,-0.2299,3.7200%,3.7317%,0.6225%,-0.011086,VGZ,69446.0,2019-02-27,252.0,0.5769%,0.0005,-0.07,0.4228,-0.229,3.7193%,3.7305%,0.6009%,0.004641,VGZ,69446.0,2019-02-28,252.0,-0.3314%,0.0005,-0.0619,0.4282,-0.222,3.7185%,3.7297%,0.6010%,-0.004288,VGZ,69446.0,2019-03-01,252.0,-4.9751%,0.0005,-0.1125,0.3528,-0.2763,3.7100%,3.7204%,0.5622%,-0.051524,VGZ,69446.0,2019-03-04,252.0,-2.1534%,0.0003,-0.0946,0.3114,-0.2851,3.7062%,3.7154%,0.4974%,-0.019721,VGZ,69446.0,2019-03-05,252.0,4.1816%,0.0005,-0.0998,0.2978,-0.3041,3.7151%,3.7245%,0.5023%,0.0418459999999999,VGZ,69446.0,2019-03-06,252.0,-4.9379%,0.0005,-0.0605,0.377,-0.2489,3.7190%,3.7291%,0.5410%,-0.0464339999999999,VGZ,69446.0,2019-03-07,252.0,5.5000%,0.0004,-0.0994,0.2904,-0.3253,3.7154%,3.7252%,0.5286%,0.053856,VGZ,69446.0,2019-03-08,252.0,1.3691%,0.0006,-0.1032,0.3247,-0.3331,3.7110%,3.7221%,0.5962%,0.0126839999999999,VGZ,69446.0,2019-03-11,252.0,0.0000%,0.0006,-0.1042,0.3239,-0.333,3.7111%,3.7221%,0.5951%,-0.001453,VGZ,-0.0811,-0.076459,-0.080747,-0.151992,-0.0914929999999999
41139,VERISK ANALYTICS INC,Verisk to Partner with SAT to Codevelop a Compliance Product,6,increase,0.7,0.6,"the partnership with sat to co-develop a compliance product suggests potential for new revenue streams and enhanced market position, which could positively impact investor sentiment and stock price.",2,2019-02-25,VRSK,2019-02-25 12:38:00+00:00,93089.0,92345Y10,0.0015996526926755,543706.0,0.0009581978083588,0.0040150969289243,0.0033506036270409,0.0138402422890067,0.0052477037534117,-0.0128586227074265,0.0022146545816212,-0.0075769419781863,-0.0063135935924947,0.012435408309102,0.0044476017355918,-0.0006455925758928,0.0014232648536562,0.0017785063246265,-0.000552701880224,0.0131869986653327,-0.0045030787587165,0.000901729625184,0.0103166047483682,0.0143867218866944,0.0074620763771235,0.0050986343994736,0.0038983316626399,-0.0024180847685784,-0.002951146569103,0.0048596719279885,0.0023412767332047,0.0048834034241735,0.0020245253108441,0.011583280749619,0.0013986531412228,-0.0007659262628294,-0.0045006740838289,0.0109265819191932,0.0114584248512983,0.0,-0.0067046480253338,-0.0086147608235478,0.0069826510734856,0.0093843853101134,0.014793231151998,-0.0056501673534512,0.0007591742323711,0.0043851635418832,0.0075866780243813,0.0051858783699572,0.0014306335942819,0.022446034476161,0.0093233492225408,0.0015932050300762,0.0049910470843315,0.0031965957023203,0.0103772431612014,0.012951991520822,-0.0044016642495989,-0.0074100689962506,-0.0014000621158629,-0.0055930153466761,-0.0010330532677471,0.0103148398920893,-0.0016990026924759,0.0037813826929777,-0.0028856780845671,0.0089018382132053,0.0076432088389992,0.0010001179762184,0.0087635507807135,0.0441469810903072,0.0063513680361211,-0.0305568315088748,-0.0095031755045056,-0.0035766635555773,0.0029296115972101,0.0090690674260258,0.0076676136814057,-0.010167634114623,-0.0025364598259329,0.0156293641775846,0.013295566663146,0.0431870818138122,0.0002150912623619,-0.028016235679388,-0.0050896536558866,-0.0226790737360715,0.0077815540134906,-0.0159666333347559,0.003574748057872,-0.0082770865410566,0.0054855332709848,0.0009004814783111,-0.0089272670447826,-0.0244223736226558,0.0033600314054638,-0.014117419719696,0.0203776303678751,-0.006197290495038,0.0012568442616611,0.0130798742175102,-0.0201548188924789,0.0026228628121316,0.0004270288918633,-0.0006116181612014,-0.0004268466145731,-0.0300847720354795,0.0012810867046937,-0.0198521427810192,-0.0156383067369461,-0.0344855487346649,0.0060659418813884,0.0111093316227197,0.0104794101789593,-0.0041185668669641,0.0095894737169146,0.0002423164696665,-0.0011257557198405,0.0173391457647085,-0.004719294141978,0.006118276156485,0.0133757917210459,0.0074129551649093,0.0009581978083588,0.0040150969289243,0.0043120119764519,0.0179109091322411,0.0095823438912971,0.0048219768019361,0.0054300110238132,0.0096091938394904,0.0166093913289397,0.0397505100480488,0.0831601608592527,0.1214458814235894,0.1456470714541118,0.0413959791889051,2019-02-26,2019-02-27,2019-02-28,2019-03-01,2019-03-04,2019-03-05,2019-03-06,2019-03-07,2019-03-08,2019-03-11,93089.0,2019-02-25,252.0,0.1600%,0.0007,0.8537,-0.2979,-0.1489,0.8242%,1.2529%,56.7278%,-0.000829,VRSK,93089.0,2019-02-26,252.0,0.0958%,0.0007,0.8514,-0.2945,-0.1489,0.8238%,1.2474%,56.3926%,-0.000174,VRSK,93089.0,2019-02-27,252.0,0.3351%,0.0007,0.8478,-0.2873,-0.1495,0.8222%,1.2416%,56.1459%,0.002865,VRSK,93089.0,2019-02-28,252.0,0.5248%,0.0007,0.8488,-0.2865,-0.1504,0.8229%,1.2413%,56.0583%,0.00746,VRSK,93089.0,2019-03-01,252.0,0.2215%,0.0007,0.8469,-0.2893,-0.1512,0.8233%,1.2399%,55.9144%,-0.003757,VRSK,93089.0,2019-03-04,252.0,-0.6314%,0.0007,0.8478,-0.2895,-0.1521,0.8235%,1.2385%,55.7873%,-0.002567,VRSK,93089.0,2019-03-05,252.0,0.4448%,0.0007,0.8474,-0.2903,-0.1539,0.8238%,1.2386%,55.7593%,0.004536,VRSK,93089.0,2019-03-06,252.0,0.1423%,0.0007,0.8422,-0.2959,-0.1605,0.8232%,1.2344%,55.5272%,0.004855,VRSK,93089.0,2019-03-07,252.0,-0.0553%,0.0006,0.8375,-0.3093,-0.1705,0.8214%,1.2326%,55.5982%,0.005526,VRSK,93089.0,2019-03-08,252.0,-0.4503%,0.0006,0.8379,-0.3085,-0.1699,0.8217%,1.2330%,55.5954%,-0.002886,VRSK,93089.0,2019-03-11,252.0,1.0317%,0.0006,0.8367,-0.3129,-0.1717,0.8215%,1.2344%,55.7097%,-0.002031,VRSK,-0.001003,0.001862,0.009322,0.002998,0.012998
41147,VERTEX PHARMACEUTICALS INC,CRISPR Therapeutics And Vertex Pharmaceuticals Incorporated Announce That The First Patient Has Been Enrolled In A Phase 1/2 Clinical Study Of Ctx001 In Severe Scd In The U.S. And Is Expected To Be Infused With Ctx001 In Mid-2019,6,increase,0.75,0.6,"the enrollment of the first patient in a clinical study for a promising treatment like ctx001 is likely to generate positive investor sentiment and interest in vertex pharmaceuticals, potentially leading to an increase in stock price.",2,2019-02-25,VRTX,2019-02-25 13:13:00+00:00,76744.0,92532F10,0.0030685148667544,1268672.0,0.0139000499621033,0.0147492457181215,0.0047109858132898,-0.0254471823573112,-0.0055845188908278,0.0052445451728999,0.018066244199872,-0.0064338101074099,-0.0110325263813138,0.0126534895971417,-0.0117869414389133,0.0025371185038238,-0.035623013973236,0.0067387940362095,-0.0138037651777267,0.0136616304516792,-0.0075584016740322,0.0010477690957486,0.0183911193162202,0.0064380271360278,0.0113560995087027,-0.0121169295161962,0.0169249940663576,-0.0247567351907491,0.0024237688630819,-0.0051068807952106,0.0106388460844755,-0.0184837542474269,-0.0032431315630674,0.0031952259596437,-0.0305099282413721,0.0206361971795558,-0.0097931269556283,0.0035947964061051,0.0143349366262555,-0.0090913474559783,-0.005641974043101,-0.0074406526982784,0.0127802975475788,0.015650114044547,0.0329616405069828,-0.0174311306327581,-0.0215364973992109,-0.0205797683447599,-0.0182973258197307,-0.00421156687662,0.0083872312679886,0.0219399146735668,0.0114161791279912,0.0234757475554943,0.0056973798200488,-0.0028390765655785,0.0041686641052365,0.0150616550818085,-0.0199052933603525,-0.0225871596485376,0.0257399175316095,0.0114497924223542,0.0002117279218509,0.0204607546329498,-0.0032816128805279,0.0230652708560228,0.0109393959864974,0.0133067741990089,-0.0275778751820325,0.0182397756725549,-0.0126404296606779,0.0547853261232376,-0.0015865701716393,-0.0021331429015845,-0.0150693180039525,-0.009836490266025,-0.0710470899939537,0.0265766847878694,0.0071270433254539,-0.0058508156798779,0.0021408218890428,0.0032748319208621,0.0406479388475418,0.0653676018118858,-0.015909181907773,-0.0293290503323078,0.0117626534774899,-0.029758233577013,-0.0100795747712254,0.0166393499821424,-0.0019091803114861,-0.0291867423802614,-0.0205194093286991,-0.0164891704916954,0.021422715857625,-0.0228742770850658,-0.0177289266139268,-0.019374931231141,0.0255397073924541,-0.0115702413022518,0.0051187635399401,0.0128153394907712,-0.0256351325660944,-0.0031649386510252,-0.0074583292007446,0.0091167297214269,0.0053251828067004,-0.0412003435194492,-0.0062385825440287,0.0094419606029987,-0.0251110773533582,-0.0363931842148304,0.0128181800246238,0.0213507432490587,0.0009597148746252,0.0074672410264611,0.0200742501765489,0.0059983856044709,-0.0088116079568862,0.0166999604552984,-0.0177798848599195,0.0480884313583374,0.0204549543559551,0.0437059327960014,0.0139000499621033,0.0147492457181215,0.0186765187135686,-0.0110732633846115,0.01298770045117,-0.0058867924417436,0.0199108651134636,0.0002153421811652,-0.0311812223265504,0.0309690427325404,0.0139536924346426,0.0189796568000888,-0.0923630409497341,0.1581769151765752,2019-02-26,2019-02-27,2019-02-28,2019-03-01,2019-03-04,2019-03-05,2019-03-06,2019-03-07,2019-03-08,2019-03-11,76744.0,2019-02-25,252.0,0.3069%,0.0004,1.1569,-0.1231,-0.5455,1.5752%,2.0996%,43.7164%,-6.5e-05,VRTX,76744.0,2019-02-26,252.0,1.3900%,0.0003,1.1342,-0.1189,-0.5604,1.5630%,2.0755%,43.2848%,0.013063,VRTX,76744.0,2019-02-27,252.0,0.4711%,0.0002,1.1307,-0.1119,-0.5609,1.5623%,2.0713%,43.1061%,0.003144,VRTX,76744.0,2019-02-28,252.0,-0.5585%,0.0003,1.1273,-0.1144,-0.5625,1.5618%,2.0669%,42.9079%,-0.003559,VRTX,76744.0,2019-03-01,252.0,1.8066%,0.0002,1.1356,-0.1021,-0.5533,1.5610%,2.0698%,43.1240%,0.007941,VRTX,76744.0,2019-03-04,252.0,-1.1033%,0.0002,1.1421,-0.1204,-0.5557,1.5590%,2.0711%,43.3420%,-0.003468,VRTX,76744.0,2019-03-05,252.0,-1.1787%,0.0001,1.1404,-0.1412,-0.5526,1.5574%,2.0667%,43.2112%,-0.0116429999999999,VRTX,76744.0,2019-03-06,252.0,-3.5623%,-0.0001,1.1482,-0.081,-0.5356,1.5663%,2.0762%,43.0860%,-0.027691,VRTX,76744.0,2019-03-07,252.0,-1.3804%,0.0,1.1581,-0.0445,-0.5121,1.5562%,2.0716%,43.5683%,-0.0063019999999999,VRTX,76744.0,2019-03-08,252.0,-0.7558%,-0.0,1.1593,-0.0513,-0.5098,1.5562%,2.0716%,43.5674%,-0.0059489999999999,VRTX,76744.0,2019-03-11,252.0,1.8391%,-0.0,1.1585,-0.0486,-0.5078,1.5561%,2.0738%,43.6980%,-0.001439,VRTX,0.012998,0.016142,0.012583,0.017056,-0.035968
41155,VERTEX PHARMACEUTICALS INC,CRISPR Therapeutics And Vertex Pharmaceuticals Incorporated Announce That The First Patient Has Been Treated With Ctx001 In A Phase 1/2 Clinical Study Of Patients With Transfusion-Dependent Beta Thalassemia,6,increase,0.8,0.6,"the announcement of the first patient being treated with ctx001 in a clinical study is a positive development that suggests progress in innovative therapies, likely boosting investor confidence in vertex pharmaceuticals.",2,2019-02-25,VRTX,2019-02-25 13:12:00+00:00,76744.0,92532F10,0.0030685148667544,1268672.0,0.0139000499621033,0.0147492457181215,0.0047109858132898,-0.0254471823573112,-0.0055845188908278,0.0052445451728999,0.018066244199872,-0.0064338101074099,-0.0110325263813138,0.0126534895971417,-0.0117869414389133,0.0025371185038238,-0.035623013973236,0.0067387940362095,-0.0138037651777267,0.0136616304516792,-0.0075584016740322,0.0010477690957486,0.0183911193162202,0.0064380271360278,0.0113560995087027,-0.0121169295161962,0.0169249940663576,-0.0247567351907491,0.0024237688630819,-0.0051068807952106,0.0106388460844755,-0.0184837542474269,-0.0032431315630674,0.0031952259596437,-0.0305099282413721,0.0206361971795558,-0.0097931269556283,0.0035947964061051,0.0143349366262555,-0.0090913474559783,-0.005641974043101,-0.0074406526982784,0.0127802975475788,0.015650114044547,0.0329616405069828,-0.0174311306327581,-0.0215364973992109,-0.0205797683447599,-0.0182973258197307,-0.00421156687662,0.0083872312679886,0.0219399146735668,0.0114161791279912,0.0234757475554943,0.0056973798200488,-0.0028390765655785,0.0041686641052365,0.0150616550818085,-0.0199052933603525,-0.0225871596485376,0.0257399175316095,0.0114497924223542,0.0002117279218509,0.0204607546329498,-0.0032816128805279,0.0230652708560228,0.0109393959864974,0.0133067741990089,-0.0275778751820325,0.0182397756725549,-0.0126404296606779,0.0547853261232376,-0.0015865701716393,-0.0021331429015845,-0.0150693180039525,-0.009836490266025,-0.0710470899939537,0.0265766847878694,0.0071270433254539,-0.0058508156798779,0.0021408218890428,0.0032748319208621,0.0406479388475418,0.0653676018118858,-0.015909181907773,-0.0293290503323078,0.0117626534774899,-0.029758233577013,-0.0100795747712254,0.0166393499821424,-0.0019091803114861,-0.0291867423802614,-0.0205194093286991,-0.0164891704916954,0.021422715857625,-0.0228742770850658,-0.0177289266139268,-0.019374931231141,0.0255397073924541,-0.0115702413022518,0.0051187635399401,0.0128153394907712,-0.0256351325660944,-0.0031649386510252,-0.0074583292007446,0.0091167297214269,0.0053251828067004,-0.0412003435194492,-0.0062385825440287,0.0094419606029987,-0.0251110773533582,-0.0363931842148304,0.0128181800246238,0.0213507432490587,0.0009597148746252,0.0074672410264611,0.0200742501765489,0.0059983856044709,-0.0088116079568862,0.0166999604552984,-0.0177798848599195,0.0480884313583374,0.0204549543559551,0.0437059327960014,0.0139000499621033,0.0147492457181215,0.0186765187135686,-0.0110732633846115,0.01298770045117,-0.0058867924417436,0.0199108651134636,0.0002153421811652,-0.0311812223265504,0.0309690427325404,0.0139536924346426,0.0189796568000888,-0.0923630409497341,0.1581769151765752,2019-02-26,2019-02-27,2019-02-28,2019-03-01,2019-03-04,2019-03-05,2019-03-06,2019-03-07,2019-03-08,2019-03-11,76744.0,2019-02-25,252.0,0.3069%,0.0004,1.1569,-0.1231,-0.5455,1.5752%,2.0996%,43.7164%,-6.5e-05,VRTX,76744.0,2019-02-26,252.0,1.3900%,0.0003,1.1342,-0.1189,-0.5604,1.5630%,2.0755%,43.2848%,0.013063,VRTX,76744.0,2019-02-27,252.0,0.4711%,0.0002,1.1307,-0.1119,-0.5609,1.5623%,2.0713%,43.1061%,0.003144,VRTX,76744.0,2019-02-28,252.0,-0.5585%,0.0003,1.1273,-0.1144,-0.5625,1.5618%,2.0669%,42.9079%,-0.003559,VRTX,76744.0,2019-03-01,252.0,1.8066%,0.0002,1.1356,-0.1021,-0.5533,1.5610%,2.0698%,43.1240%,0.007941,VRTX,76744.0,2019-03-04,252.0,-1.1033%,0.0002,1.1421,-0.1204,-0.5557,1.5590%,2.0711%,43.3420%,-0.003468,VRTX,76744.0,2019-03-05,252.0,-1.1787%,0.0001,1.1404,-0.1412,-0.5526,1.5574%,2.0667%,43.2112%,-0.0116429999999999,VRTX,76744.0,2019-03-06,252.0,-3.5623%,-0.0001,1.1482,-0.081,-0.5356,1.5663%,2.0762%,43.0860%,-0.027691,VRTX,76744.0,2019-03-07,252.0,-1.3804%,0.0,1.1581,-0.0445,-0.5121,1.5562%,2.0716%,43.5683%,-0.0063019999999999,VRTX,76744.0,2019-03-08,252.0,-0.7558%,-0.0,1.1593,-0.0513,-0.5098,1.5562%,2.0716%,43.5674%,-0.0059489999999999,VRTX,76744.0,2019-03-11,252.0,1.8391%,-0.0,1.1585,-0.0486,-0.5078,1.5561%,2.0738%,43.6980%,-0.001439,VRTX,0.012998,0.016142,0.012583,0.017056,-0.035968
41163,WAYFAIR INC,UPDATE: Buckingham Reiterates Buy And Raises Wayfair Target To $175 As Firm Remains 'confident that sustained growth in active customers combined with increasing transactions per customer will translate into impressive revenue growth',6,increase,0.8,0.7,"the reiteration of a 'buy' rating and an increased target price suggests positive sentiment and confidence in wayfair's growth potential, likely leading to an increase in stock price.",2,2019-02-25,W,2019-02-25 17:21:00+00:00,14983.0,94419L10,0.0688896402716636,7815715.0,0.0201522074639797,0.2785640954971313,0.0020794544834643,-0.0060174516402184,0.0111686699092388,-0.0178140308707952,0.025048341602087,-0.0162149164825677,-0.0196667034178972,0.0169053860008716,-0.00156171398703,0.0025883375201374,-0.0075798262841999,-0.0095104333013296,-0.0103048849850893,0.0123911229893565,0.0112084383144974,-0.0081381481140851,0.0307086128741502,0.0326729901134967,0.0082271210849285,-0.0254074465483427,-0.0166113302111625,0.0226495862007141,-0.0201516952365636,0.0298389177769422,0.0041736457496881,0.0329121090471744,0.0195169299840927,0.0048419404774904,-0.0054947868920862,0.0154930716380477,0.0167537536472082,0.0342544578015804,0.0013439039466902,-0.0023930314928293,-0.0751006305217742,0.0223113689571619,0.0192429218441247,0.0233326833695173,-0.018879622220993,0.0404250584542751,-0.0516087859869003,-0.0129575747996568,-0.0035259048454463,-0.0479733869433403,-0.0089458338916301,0.0582263059914112,0.0037049718666821,0.0084630399942398,0.0026174455415457,0.0196015369147062,0.0445143170654773,0.002242142567411,-0.0064726644195616,-0.0284232143312692,-0.0163194146007299,-0.028519619256258,-0.0169180445373058,0.0092555293813347,-0.0286152176558971,0.0161223392933607,0.0089953821152448,0.0126635171473026,0.0039472016505897,0.0609594248235225,-0.0019658929668366,0.0647906810045242,0.0054336958564817,-0.0651044473052024,0.0101330811157822,0.0043294779025018,-0.0252791997045278,-0.0072734854184091,-0.0037049280945211,-0.015514813363552,0.0182493887841701,0.0262777041643858,0.0218449588865041,0.1164842694997787,0.0063538732938468,-0.0206963345408439,0.0111805126070976,-0.0350094363093376,0.0048130438663065,-0.058511234819889,0.0456339418888092,-0.0304557252675294,0.0037761584389954,-0.0021401492413133,0.0085106687620282,-0.0952657908201217,-0.0707514956593513,-0.0063491682521998,-0.0206633266061544,-0.0363400913774967,0.0201585795730352,0.0,-0.0387301035225391,-0.0038784574717283,0.0200766939669847,0.0335974469780921,-0.0065828962251544,-0.0562961660325527,-0.0177158378064632,0.0256836544722318,-0.0515592023730278,-0.0360673516988754,0.0291769802570343,0.0573446713387966,0.0170662775635719,0.0076857153326272,0.0280127115547657,0.0047668986953794,0.0144340982660651,0.1450873464345932,0.0155585883185267,0.0010928794508799,-0.0030116976704448,0.0345996990799903,0.0201522074639797,0.2785640954971313,0.0222735675456067,0.2708703978835576,0.0336910035784634,0.24823107338288,0.0387447394434863,0.2487507745103556,0.0617045149961053,0.2859102495299555,-0.0646368877043733,0.5251220007777082,-0.0499126491366943,0.6954996686205246,2019-02-26,2019-02-27,2019-02-28,2019-03-01,2019-03-04,2019-03-05,2019-03-06,2019-03-07,2019-03-08,2019-03-11,14983.0,2019-02-25,252.0,6.8890%,0.0025,1.5013,0.5424,-1.9193,2.9948%,3.8431%,39.2728%,0.064846,W,14983.0,2019-02-26,252.0,2.0152%,0.0026,1.5031,0.5168,-1.9309,2.9962%,3.8435%,39.2296%,0.019592,W,14983.0,2019-02-27,252.0,0.2079%,0.0026,1.5126,0.4985,-1.9294,2.9933%,3.8432%,39.3395%,-0.002672,W,14983.0,2019-02-28,252.0,1.1169%,0.0025,1.5295,0.5104,-1.919,2.9857%,3.8426%,39.6268%,0.010834,W,14983.0,2019-03-01,252.0,2.5048%,0.0025,1.5456,0.5345,-1.895,2.9813%,3.8443%,39.8584%,0.00479,W,14983.0,2019-03-04,252.0,-1.9667%,0.0023,1.5623,0.4833,-1.9003,2.9734%,3.8450%,40.1977%,-0.002191,W,14983.0,2019-03-05,252.0,-0.1562%,0.0023,1.5664,0.5123,-1.8957,2.9720%,3.8447%,40.2429%,-0.002058,W,14983.0,2019-03-06,252.0,-0.7580%,0.0024,1.5631,0.4902,-1.9025,2.9727%,3.8450%,40.2270%,0.012702,W,14983.0,2019-03-07,252.0,-1.0305%,0.0023,1.5623,0.4745,-1.9081,2.9715%,3.8439%,40.2399%,-0.003513,W,14983.0,2019-03-08,252.0,1.1208%,0.0023,1.5613,0.4714,-1.9095,2.9720%,3.8431%,40.1961%,0.0110739999999999,W,14983.0,2019-03-11,252.0,3.0709%,0.0023,1.558,0.4646,-1.9117,2.9722%,3.8468%,40.3046%,-0.004271,W,0.084438,0.081766,0.0926,0.095199,0.109133
41171,WAYFAIR INC,Wayfair shares are trading higher after multiple banks reiterated the company's stock with positive ratings following a strong Q4 earnings beat.,6,increase,0.8,0.7,"positive ratings from multiple banks following a strong earnings report typically boost investor confidence, likely leading to an increase in stock price.",2,2019-02-25,W,2019-02-25 15:46:00+00:00,14983.0,94419L10,0.0688896402716636,7815715.0,0.0201522074639797,0.2785640954971313,0.0020794544834643,-0.0060174516402184,0.0111686699092388,-0.0178140308707952,0.025048341602087,-0.0162149164825677,-0.0196667034178972,0.0169053860008716,-0.00156171398703,0.0025883375201374,-0.0075798262841999,-0.0095104333013296,-0.0103048849850893,0.0123911229893565,0.0112084383144974,-0.0081381481140851,0.0307086128741502,0.0326729901134967,0.0082271210849285,-0.0254074465483427,-0.0166113302111625,0.0226495862007141,-0.0201516952365636,0.0298389177769422,0.0041736457496881,0.0329121090471744,0.0195169299840927,0.0048419404774904,-0.0054947868920862,0.0154930716380477,0.0167537536472082,0.0342544578015804,0.0013439039466902,-0.0023930314928293,-0.0751006305217742,0.0223113689571619,0.0192429218441247,0.0233326833695173,-0.018879622220993,0.0404250584542751,-0.0516087859869003,-0.0129575747996568,-0.0035259048454463,-0.0479733869433403,-0.0089458338916301,0.0582263059914112,0.0037049718666821,0.0084630399942398,0.0026174455415457,0.0196015369147062,0.0445143170654773,0.002242142567411,-0.0064726644195616,-0.0284232143312692,-0.0163194146007299,-0.028519619256258,-0.0169180445373058,0.0092555293813347,-0.0286152176558971,0.0161223392933607,0.0089953821152448,0.0126635171473026,0.0039472016505897,0.0609594248235225,-0.0019658929668366,0.0647906810045242,0.0054336958564817,-0.0651044473052024,0.0101330811157822,0.0043294779025018,-0.0252791997045278,-0.0072734854184091,-0.0037049280945211,-0.015514813363552,0.0182493887841701,0.0262777041643858,0.0218449588865041,0.1164842694997787,0.0063538732938468,-0.0206963345408439,0.0111805126070976,-0.0350094363093376,0.0048130438663065,-0.058511234819889,0.0456339418888092,-0.0304557252675294,0.0037761584389954,-0.0021401492413133,0.0085106687620282,-0.0952657908201217,-0.0707514956593513,-0.0063491682521998,-0.0206633266061544,-0.0363400913774967,0.0201585795730352,0.0,-0.0387301035225391,-0.0038784574717283,0.0200766939669847,0.0335974469780921,-0.0065828962251544,-0.0562961660325527,-0.0177158378064632,0.0256836544722318,-0.0515592023730278,-0.0360673516988754,0.0291769802570343,0.0573446713387966,0.0170662775635719,0.0076857153326272,0.0280127115547657,0.0047668986953794,0.0144340982660651,0.1450873464345932,0.0155585883185267,0.0010928794508799,-0.0030116976704448,0.0345996990799903,0.0201522074639797,0.2785640954971313,0.0222735675456067,0.2708703978835576,0.0336910035784634,0.24823107338288,0.0387447394434863,0.2487507745103556,0.0617045149961053,0.2859102495299555,-0.0646368877043733,0.5251220007777082,-0.0499126491366943,0.6954996686205246,2019-02-26,2019-02-27,2019-02-28,2019-03-01,2019-03-04,2019-03-05,2019-03-06,2019-03-07,2019-03-08,2019-03-11,14983.0,2019-02-25,252.0,6.8890%,0.0025,1.5013,0.5424,-1.9193,2.9948%,3.8431%,39.2728%,0.064846,W,14983.0,2019-02-26,252.0,2.0152%,0.0026,1.5031,0.5168,-1.9309,2.9962%,3.8435%,39.2296%,0.019592,W,14983.0,2019-02-27,252.0,0.2079%,0.0026,1.5126,0.4985,-1.9294,2.9933%,3.8432%,39.3395%,-0.002672,W,14983.0,2019-02-28,252.0,1.1169%,0.0025,1.5295,0.5104,-1.919,2.9857%,3.8426%,39.6268%,0.010834,W,14983.0,2019-03-01,252.0,2.5048%,0.0025,1.5456,0.5345,-1.895,2.9813%,3.8443%,39.8584%,0.00479,W,14983.0,2019-03-04,252.0,-1.9667%,0.0023,1.5623,0.4833,-1.9003,2.9734%,3.8450%,40.1977%,-0.002191,W,14983.0,2019-03-05,252.0,-0.1562%,0.0023,1.5664,0.5123,-1.8957,2.9720%,3.8447%,40.2429%,-0.002058,W,14983.0,2019-03-06,252.0,-0.7580%,0.0024,1.5631,0.4902,-1.9025,2.9727%,3.8450%,40.2270%,0.012702,W,14983.0,2019-03-07,252.0,-1.0305%,0.0023,1.5623,0.4745,-1.9081,2.9715%,3.8439%,40.2399%,-0.003513,W,14983.0,2019-03-08,252.0,1.1208%,0.0023,1.5613,0.4714,-1.9095,2.9720%,3.8431%,40.1961%,0.0110739999999999,W,14983.0,2019-03-11,252.0,3.0709%,0.0023,1.558,0.4646,-1.9117,2.9722%,3.8468%,40.3046%,-0.004271,W,0.084438,0.081766,0.0926,0.095199,0.109133
41179,WAYFAIR INC,"Citigroup Maintains Neutral on Wayfair, Raises Price Target to $150",6,increase,0.7,0.5,"the maintenance of a neutral rating combined with a raised price target suggests a positive outlook, which could lead to an increase in investor confidence and stock price.",2,2019-02-25,W,2019-02-25 15:36:00+00:00,14983.0,94419L10,0.0688896402716636,7815715.0,0.0201522074639797,0.2785640954971313,0.0020794544834643,-0.0060174516402184,0.0111686699092388,-0.0178140308707952,0.025048341602087,-0.0162149164825677,-0.0196667034178972,0.0169053860008716,-0.00156171398703,0.0025883375201374,-0.0075798262841999,-0.0095104333013296,-0.0103048849850893,0.0123911229893565,0.0112084383144974,-0.0081381481140851,0.0307086128741502,0.0326729901134967,0.0082271210849285,-0.0254074465483427,-0.0166113302111625,0.0226495862007141,-0.0201516952365636,0.0298389177769422,0.0041736457496881,0.0329121090471744,0.0195169299840927,0.0048419404774904,-0.0054947868920862,0.0154930716380477,0.0167537536472082,0.0342544578015804,0.0013439039466902,-0.0023930314928293,-0.0751006305217742,0.0223113689571619,0.0192429218441247,0.0233326833695173,-0.018879622220993,0.0404250584542751,-0.0516087859869003,-0.0129575747996568,-0.0035259048454463,-0.0479733869433403,-0.0089458338916301,0.0582263059914112,0.0037049718666821,0.0084630399942398,0.0026174455415457,0.0196015369147062,0.0445143170654773,0.002242142567411,-0.0064726644195616,-0.0284232143312692,-0.0163194146007299,-0.028519619256258,-0.0169180445373058,0.0092555293813347,-0.0286152176558971,0.0161223392933607,0.0089953821152448,0.0126635171473026,0.0039472016505897,0.0609594248235225,-0.0019658929668366,0.0647906810045242,0.0054336958564817,-0.0651044473052024,0.0101330811157822,0.0043294779025018,-0.0252791997045278,-0.0072734854184091,-0.0037049280945211,-0.015514813363552,0.0182493887841701,0.0262777041643858,0.0218449588865041,0.1164842694997787,0.0063538732938468,-0.0206963345408439,0.0111805126070976,-0.0350094363093376,0.0048130438663065,-0.058511234819889,0.0456339418888092,-0.0304557252675294,0.0037761584389954,-0.0021401492413133,0.0085106687620282,-0.0952657908201217,-0.0707514956593513,-0.0063491682521998,-0.0206633266061544,-0.0363400913774967,0.0201585795730352,0.0,-0.0387301035225391,-0.0038784574717283,0.0200766939669847,0.0335974469780921,-0.0065828962251544,-0.0562961660325527,-0.0177158378064632,0.0256836544722318,-0.0515592023730278,-0.0360673516988754,0.0291769802570343,0.0573446713387966,0.0170662775635719,0.0076857153326272,0.0280127115547657,0.0047668986953794,0.0144340982660651,0.1450873464345932,0.0155585883185267,0.0010928794508799,-0.0030116976704448,0.0345996990799903,0.0201522074639797,0.2785640954971313,0.0222735675456067,0.2708703978835576,0.0336910035784634,0.24823107338288,0.0387447394434863,0.2487507745103556,0.0617045149961053,0.2859102495299555,-0.0646368877043733,0.5251220007777082,-0.0499126491366943,0.6954996686205246,2019-02-26,2019-02-27,2019-02-28,2019-03-01,2019-03-04,2019-03-05,2019-03-06,2019-03-07,2019-03-08,2019-03-11,14983.0,2019-02-25,252.0,6.8890%,0.0025,1.5013,0.5424,-1.9193,2.9948%,3.8431%,39.2728%,0.064846,W,14983.0,2019-02-26,252.0,2.0152%,0.0026,1.5031,0.5168,-1.9309,2.9962%,3.8435%,39.2296%,0.019592,W,14983.0,2019-02-27,252.0,0.2079%,0.0026,1.5126,0.4985,-1.9294,2.9933%,3.8432%,39.3395%,-0.002672,W,14983.0,2019-02-28,252.0,1.1169%,0.0025,1.5295,0.5104,-1.919,2.9857%,3.8426%,39.6268%,0.010834,W,14983.0,2019-03-01,252.0,2.5048%,0.0025,1.5456,0.5345,-1.895,2.9813%,3.8443%,39.8584%,0.00479,W,14983.0,2019-03-04,252.0,-1.9667%,0.0023,1.5623,0.4833,-1.9003,2.9734%,3.8450%,40.1977%,-0.002191,W,14983.0,2019-03-05,252.0,-0.1562%,0.0023,1.5664,0.5123,-1.8957,2.9720%,3.8447%,40.2429%,-0.002058,W,14983.0,2019-03-06,252.0,-0.7580%,0.0024,1.5631,0.4902,-1.9025,2.9727%,3.8450%,40.2270%,0.012702,W,14983.0,2019-03-07,252.0,-1.0305%,0.0023,1.5623,0.4745,-1.9081,2.9715%,3.8439%,40.2399%,-0.003513,W,14983.0,2019-03-08,252.0,1.1208%,0.0023,1.5613,0.4714,-1.9095,2.9720%,3.8431%,40.1961%,0.0110739999999999,W,14983.0,2019-03-11,252.0,3.0709%,0.0023,1.558,0.4646,-1.9117,2.9722%,3.8468%,40.3046%,-0.004271,W,0.084438,0.081766,0.0926,0.095199,0.109133
41187,WAYFAIR INC,"Canaccord Genuity Maintains Buy on Wayfair, Raises Price Target to $175",6,increase,0.8,0.6,maintaining a 'buy' rating and raising the price target typically signals positive sentiment and potential for stock price appreciation.,2,2019-02-25,W,2019-02-25 15:22:00+00:00,14983.0,94419L10,0.0688896402716636,7815715.0,0.0201522074639797,0.2785640954971313,0.0020794544834643,-0.0060174516402184,0.0111686699092388,-0.0178140308707952,0.025048341602087,-0.0162149164825677,-0.0196667034178972,0.0169053860008716,-0.00156171398703,0.0025883375201374,-0.0075798262841999,-0.0095104333013296,-0.0103048849850893,0.0123911229893565,0.0112084383144974,-0.0081381481140851,0.0307086128741502,0.0326729901134967,0.0082271210849285,-0.0254074465483427,-0.0166113302111625,0.0226495862007141,-0.0201516952365636,0.0298389177769422,0.0041736457496881,0.0329121090471744,0.0195169299840927,0.0048419404774904,-0.0054947868920862,0.0154930716380477,0.0167537536472082,0.0342544578015804,0.0013439039466902,-0.0023930314928293,-0.0751006305217742,0.0223113689571619,0.0192429218441247,0.0233326833695173,-0.018879622220993,0.0404250584542751,-0.0516087859869003,-0.0129575747996568,-0.0035259048454463,-0.0479733869433403,-0.0089458338916301,0.0582263059914112,0.0037049718666821,0.0084630399942398,0.0026174455415457,0.0196015369147062,0.0445143170654773,0.002242142567411,-0.0064726644195616,-0.0284232143312692,-0.0163194146007299,-0.028519619256258,-0.0169180445373058,0.0092555293813347,-0.0286152176558971,0.0161223392933607,0.0089953821152448,0.0126635171473026,0.0039472016505897,0.0609594248235225,-0.0019658929668366,0.0647906810045242,0.0054336958564817,-0.0651044473052024,0.0101330811157822,0.0043294779025018,-0.0252791997045278,-0.0072734854184091,-0.0037049280945211,-0.015514813363552,0.0182493887841701,0.0262777041643858,0.0218449588865041,0.1164842694997787,0.0063538732938468,-0.0206963345408439,0.0111805126070976,-0.0350094363093376,0.0048130438663065,-0.058511234819889,0.0456339418888092,-0.0304557252675294,0.0037761584389954,-0.0021401492413133,0.0085106687620282,-0.0952657908201217,-0.0707514956593513,-0.0063491682521998,-0.0206633266061544,-0.0363400913774967,0.0201585795730352,0.0,-0.0387301035225391,-0.0038784574717283,0.0200766939669847,0.0335974469780921,-0.0065828962251544,-0.0562961660325527,-0.0177158378064632,0.0256836544722318,-0.0515592023730278,-0.0360673516988754,0.0291769802570343,0.0573446713387966,0.0170662775635719,0.0076857153326272,0.0280127115547657,0.0047668986953794,0.0144340982660651,0.1450873464345932,0.0155585883185267,0.0010928794508799,-0.0030116976704448,0.0345996990799903,0.0201522074639797,0.2785640954971313,0.0222735675456067,0.2708703978835576,0.0336910035784634,0.24823107338288,0.0387447394434863,0.2487507745103556,0.0617045149961053,0.2859102495299555,-0.0646368877043733,0.5251220007777082,-0.0499126491366943,0.6954996686205246,2019-02-26,2019-02-27,2019-02-28,2019-03-01,2019-03-04,2019-03-05,2019-03-06,2019-03-07,2019-03-08,2019-03-11,14983.0,2019-02-25,252.0,6.8890%,0.0025,1.5013,0.5424,-1.9193,2.9948%,3.8431%,39.2728%,0.064846,W,14983.0,2019-02-26,252.0,2.0152%,0.0026,1.5031,0.5168,-1.9309,2.9962%,3.8435%,39.2296%,0.019592,W,14983.0,2019-02-27,252.0,0.2079%,0.0026,1.5126,0.4985,-1.9294,2.9933%,3.8432%,39.3395%,-0.002672,W,14983.0,2019-02-28,252.0,1.1169%,0.0025,1.5295,0.5104,-1.919,2.9857%,3.8426%,39.6268%,0.010834,W,14983.0,2019-03-01,252.0,2.5048%,0.0025,1.5456,0.5345,-1.895,2.9813%,3.8443%,39.8584%,0.00479,W,14983.0,2019-03-04,252.0,-1.9667%,0.0023,1.5623,0.4833,-1.9003,2.9734%,3.8450%,40.1977%,-0.002191,W,14983.0,2019-03-05,252.0,-0.1562%,0.0023,1.5664,0.5123,-1.8957,2.9720%,3.8447%,40.2429%,-0.002058,W,14983.0,2019-03-06,252.0,-0.7580%,0.0024,1.5631,0.4902,-1.9025,2.9727%,3.8450%,40.2270%,0.012702,W,14983.0,2019-03-07,252.0,-1.0305%,0.0023,1.5623,0.4745,-1.9081,2.9715%,3.8439%,40.2399%,-0.003513,W,14983.0,2019-03-08,252.0,1.1208%,0.0023,1.5613,0.4714,-1.9095,2.9720%,3.8431%,40.1961%,0.0110739999999999,W,14983.0,2019-03-11,252.0,3.0709%,0.0023,1.558,0.4646,-1.9117,2.9722%,3.8468%,40.3046%,-0.004271,W,0.084438,0.081766,0.0926,0.095199,0.109133
41195,WAYFAIR INC,"Credit Suisse Maintains Outperform on Wayfair, Raises Price Target to $192",6,increase,0.8,0.6,the maintenance of an 'outperform' rating and an increase in the price target typically signals positive sentiment and potential for stock price appreciation.,2,2019-02-25,W,2019-02-25 15:16:00+00:00,14983.0,94419L10,0.0688896402716636,7815715.0,0.0201522074639797,0.2785640954971313,0.0020794544834643,-0.0060174516402184,0.0111686699092388,-0.0178140308707952,0.025048341602087,-0.0162149164825677,-0.0196667034178972,0.0169053860008716,-0.00156171398703,0.0025883375201374,-0.0075798262841999,-0.0095104333013296,-0.0103048849850893,0.0123911229893565,0.0112084383144974,-0.0081381481140851,0.0307086128741502,0.0326729901134967,0.0082271210849285,-0.0254074465483427,-0.0166113302111625,0.0226495862007141,-0.0201516952365636,0.0298389177769422,0.0041736457496881,0.0329121090471744,0.0195169299840927,0.0048419404774904,-0.0054947868920862,0.0154930716380477,0.0167537536472082,0.0342544578015804,0.0013439039466902,-0.0023930314928293,-0.0751006305217742,0.0223113689571619,0.0192429218441247,0.0233326833695173,-0.018879622220993,0.0404250584542751,-0.0516087859869003,-0.0129575747996568,-0.0035259048454463,-0.0479733869433403,-0.0089458338916301,0.0582263059914112,0.0037049718666821,0.0084630399942398,0.0026174455415457,0.0196015369147062,0.0445143170654773,0.002242142567411,-0.0064726644195616,-0.0284232143312692,-0.0163194146007299,-0.028519619256258,-0.0169180445373058,0.0092555293813347,-0.0286152176558971,0.0161223392933607,0.0089953821152448,0.0126635171473026,0.0039472016505897,0.0609594248235225,-0.0019658929668366,0.0647906810045242,0.0054336958564817,-0.0651044473052024,0.0101330811157822,0.0043294779025018,-0.0252791997045278,-0.0072734854184091,-0.0037049280945211,-0.015514813363552,0.0182493887841701,0.0262777041643858,0.0218449588865041,0.1164842694997787,0.0063538732938468,-0.0206963345408439,0.0111805126070976,-0.0350094363093376,0.0048130438663065,-0.058511234819889,0.0456339418888092,-0.0304557252675294,0.0037761584389954,-0.0021401492413133,0.0085106687620282,-0.0952657908201217,-0.0707514956593513,-0.0063491682521998,-0.0206633266061544,-0.0363400913774967,0.0201585795730352,0.0,-0.0387301035225391,-0.0038784574717283,0.0200766939669847,0.0335974469780921,-0.0065828962251544,-0.0562961660325527,-0.0177158378064632,0.0256836544722318,-0.0515592023730278,-0.0360673516988754,0.0291769802570343,0.0573446713387966,0.0170662775635719,0.0076857153326272,0.0280127115547657,0.0047668986953794,0.0144340982660651,0.1450873464345932,0.0155585883185267,0.0010928794508799,-0.0030116976704448,0.0345996990799903,0.0201522074639797,0.2785640954971313,0.0222735675456067,0.2708703978835576,0.0336910035784634,0.24823107338288,0.0387447394434863,0.2487507745103556,0.0617045149961053,0.2859102495299555,-0.0646368877043733,0.5251220007777082,-0.0499126491366943,0.6954996686205246,2019-02-26,2019-02-27,2019-02-28,2019-03-01,2019-03-04,2019-03-05,2019-03-06,2019-03-07,2019-03-08,2019-03-11,14983.0,2019-02-25,252.0,6.8890%,0.0025,1.5013,0.5424,-1.9193,2.9948%,3.8431%,39.2728%,0.064846,W,14983.0,2019-02-26,252.0,2.0152%,0.0026,1.5031,0.5168,-1.9309,2.9962%,3.8435%,39.2296%,0.019592,W,14983.0,2019-02-27,252.0,0.2079%,0.0026,1.5126,0.4985,-1.9294,2.9933%,3.8432%,39.3395%,-0.002672,W,14983.0,2019-02-28,252.0,1.1169%,0.0025,1.5295,0.5104,-1.919,2.9857%,3.8426%,39.6268%,0.010834,W,14983.0,2019-03-01,252.0,2.5048%,0.0025,1.5456,0.5345,-1.895,2.9813%,3.8443%,39.8584%,0.00479,W,14983.0,2019-03-04,252.0,-1.9667%,0.0023,1.5623,0.4833,-1.9003,2.9734%,3.8450%,40.1977%,-0.002191,W,14983.0,2019-03-05,252.0,-0.1562%,0.0023,1.5664,0.5123,-1.8957,2.9720%,3.8447%,40.2429%,-0.002058,W,14983.0,2019-03-06,252.0,-0.7580%,0.0024,1.5631,0.4902,-1.9025,2.9727%,3.8450%,40.2270%,0.012702,W,14983.0,2019-03-07,252.0,-1.0305%,0.0023,1.5623,0.4745,-1.9081,2.9715%,3.8439%,40.2399%,-0.003513,W,14983.0,2019-03-08,252.0,1.1208%,0.0023,1.5613,0.4714,-1.9095,2.9720%,3.8431%,40.1961%,0.0110739999999999,W,14983.0,2019-03-11,252.0,3.0709%,0.0023,1.558,0.4646,-1.9117,2.9722%,3.8468%,40.3046%,-0.004271,W,0.084438,0.081766,0.0926,0.095199,0.109133
41203,WAYFAIR INC,"Buckingham Maintains Buy on Wayfair, Raises Price Target to $175",6,increase,0.8,0.6,the maintenance of a 'buy' rating along with a raised price target typically signals positive sentiment and potential for stock price appreciation.,2,2019-02-25,W,2019-02-25 15:02:00+00:00,14983.0,94419L10,0.0688896402716636,7815715.0,0.0201522074639797,0.2785640954971313,0.0020794544834643,-0.0060174516402184,0.0111686699092388,-0.0178140308707952,0.025048341602087,-0.0162149164825677,-0.0196667034178972,0.0169053860008716,-0.00156171398703,0.0025883375201374,-0.0075798262841999,-0.0095104333013296,-0.0103048849850893,0.0123911229893565,0.0112084383144974,-0.0081381481140851,0.0307086128741502,0.0326729901134967,0.0082271210849285,-0.0254074465483427,-0.0166113302111625,0.0226495862007141,-0.0201516952365636,0.0298389177769422,0.0041736457496881,0.0329121090471744,0.0195169299840927,0.0048419404774904,-0.0054947868920862,0.0154930716380477,0.0167537536472082,0.0342544578015804,0.0013439039466902,-0.0023930314928293,-0.0751006305217742,0.0223113689571619,0.0192429218441247,0.0233326833695173,-0.018879622220993,0.0404250584542751,-0.0516087859869003,-0.0129575747996568,-0.0035259048454463,-0.0479733869433403,-0.0089458338916301,0.0582263059914112,0.0037049718666821,0.0084630399942398,0.0026174455415457,0.0196015369147062,0.0445143170654773,0.002242142567411,-0.0064726644195616,-0.0284232143312692,-0.0163194146007299,-0.028519619256258,-0.0169180445373058,0.0092555293813347,-0.0286152176558971,0.0161223392933607,0.0089953821152448,0.0126635171473026,0.0039472016505897,0.0609594248235225,-0.0019658929668366,0.0647906810045242,0.0054336958564817,-0.0651044473052024,0.0101330811157822,0.0043294779025018,-0.0252791997045278,-0.0072734854184091,-0.0037049280945211,-0.015514813363552,0.0182493887841701,0.0262777041643858,0.0218449588865041,0.1164842694997787,0.0063538732938468,-0.0206963345408439,0.0111805126070976,-0.0350094363093376,0.0048130438663065,-0.058511234819889,0.0456339418888092,-0.0304557252675294,0.0037761584389954,-0.0021401492413133,0.0085106687620282,-0.0952657908201217,-0.0707514956593513,-0.0063491682521998,-0.0206633266061544,-0.0363400913774967,0.0201585795730352,0.0,-0.0387301035225391,-0.0038784574717283,0.0200766939669847,0.0335974469780921,-0.0065828962251544,-0.0562961660325527,-0.0177158378064632,0.0256836544722318,-0.0515592023730278,-0.0360673516988754,0.0291769802570343,0.0573446713387966,0.0170662775635719,0.0076857153326272,0.0280127115547657,0.0047668986953794,0.0144340982660651,0.1450873464345932,0.0155585883185267,0.0010928794508799,-0.0030116976704448,0.0345996990799903,0.0201522074639797,0.2785640954971313,0.0222735675456067,0.2708703978835576,0.0336910035784634,0.24823107338288,0.0387447394434863,0.2487507745103556,0.0617045149961053,0.2859102495299555,-0.0646368877043733,0.5251220007777082,-0.0499126491366943,0.6954996686205246,2019-02-26,2019-02-27,2019-02-28,2019-03-01,2019-03-04,2019-03-05,2019-03-06,2019-03-07,2019-03-08,2019-03-11,14983.0,2019-02-25,252.0,6.8890%,0.0025,1.5013,0.5424,-1.9193,2.9948%,3.8431%,39.2728%,0.064846,W,14983.0,2019-02-26,252.0,2.0152%,0.0026,1.5031,0.5168,-1.9309,2.9962%,3.8435%,39.2296%,0.019592,W,14983.0,2019-02-27,252.0,0.2079%,0.0026,1.5126,0.4985,-1.9294,2.9933%,3.8432%,39.3395%,-0.002672,W,14983.0,2019-02-28,252.0,1.1169%,0.0025,1.5295,0.5104,-1.919,2.9857%,3.8426%,39.6268%,0.010834,W,14983.0,2019-03-01,252.0,2.5048%,0.0025,1.5456,0.5345,-1.895,2.9813%,3.8443%,39.8584%,0.00479,W,14983.0,2019-03-04,252.0,-1.9667%,0.0023,1.5623,0.4833,-1.9003,2.9734%,3.8450%,40.1977%,-0.002191,W,14983.0,2019-03-05,252.0,-0.1562%,0.0023,1.5664,0.5123,-1.8957,2.9720%,3.8447%,40.2429%,-0.002058,W,14983.0,2019-03-06,252.0,-0.7580%,0.0024,1.5631,0.4902,-1.9025,2.9727%,3.8450%,40.2270%,0.012702,W,14983.0,2019-03-07,252.0,-1.0305%,0.0023,1.5623,0.4745,-1.9081,2.9715%,3.8439%,40.2399%,-0.003513,W,14983.0,2019-03-08,252.0,1.1208%,0.0023,1.5613,0.4714,-1.9095,2.9720%,3.8431%,40.1961%,0.0110739999999999,W,14983.0,2019-03-11,252.0,3.0709%,0.0023,1.558,0.4646,-1.9117,2.9722%,3.8468%,40.3046%,-0.004271,W,0.084438,0.081766,0.0926,0.095199,0.109133
41211,WAYFAIR INC,"Deutsche Bank Maintains Buy on Wayfair, Raises Price Target to $168",6,increase,0.8,0.6,the maintenance of a 'buy' rating and an increase in the price target typically signals positive sentiment and potential for stock price appreciation.,2,2019-02-25,W,2019-02-25 14:49:00+00:00,14983.0,94419L10,0.0688896402716636,7815715.0,0.0201522074639797,0.2785640954971313,0.0020794544834643,-0.0060174516402184,0.0111686699092388,-0.0178140308707952,0.025048341602087,-0.0162149164825677,-0.0196667034178972,0.0169053860008716,-0.00156171398703,0.0025883375201374,-0.0075798262841999,-0.0095104333013296,-0.0103048849850893,0.0123911229893565,0.0112084383144974,-0.0081381481140851,0.0307086128741502,0.0326729901134967,0.0082271210849285,-0.0254074465483427,-0.0166113302111625,0.0226495862007141,-0.0201516952365636,0.0298389177769422,0.0041736457496881,0.0329121090471744,0.0195169299840927,0.0048419404774904,-0.0054947868920862,0.0154930716380477,0.0167537536472082,0.0342544578015804,0.0013439039466902,-0.0023930314928293,-0.0751006305217742,0.0223113689571619,0.0192429218441247,0.0233326833695173,-0.018879622220993,0.0404250584542751,-0.0516087859869003,-0.0129575747996568,-0.0035259048454463,-0.0479733869433403,-0.0089458338916301,0.0582263059914112,0.0037049718666821,0.0084630399942398,0.0026174455415457,0.0196015369147062,0.0445143170654773,0.002242142567411,-0.0064726644195616,-0.0284232143312692,-0.0163194146007299,-0.028519619256258,-0.0169180445373058,0.0092555293813347,-0.0286152176558971,0.0161223392933607,0.0089953821152448,0.0126635171473026,0.0039472016505897,0.0609594248235225,-0.0019658929668366,0.0647906810045242,0.0054336958564817,-0.0651044473052024,0.0101330811157822,0.0043294779025018,-0.0252791997045278,-0.0072734854184091,-0.0037049280945211,-0.015514813363552,0.0182493887841701,0.0262777041643858,0.0218449588865041,0.1164842694997787,0.0063538732938468,-0.0206963345408439,0.0111805126070976,-0.0350094363093376,0.0048130438663065,-0.058511234819889,0.0456339418888092,-0.0304557252675294,0.0037761584389954,-0.0021401492413133,0.0085106687620282,-0.0952657908201217,-0.0707514956593513,-0.0063491682521998,-0.0206633266061544,-0.0363400913774967,0.0201585795730352,0.0,-0.0387301035225391,-0.0038784574717283,0.0200766939669847,0.0335974469780921,-0.0065828962251544,-0.0562961660325527,-0.0177158378064632,0.0256836544722318,-0.0515592023730278,-0.0360673516988754,0.0291769802570343,0.0573446713387966,0.0170662775635719,0.0076857153326272,0.0280127115547657,0.0047668986953794,0.0144340982660651,0.1450873464345932,0.0155585883185267,0.0010928794508799,-0.0030116976704448,0.0345996990799903,0.0201522074639797,0.2785640954971313,0.0222735675456067,0.2708703978835576,0.0336910035784634,0.24823107338288,0.0387447394434863,0.2487507745103556,0.0617045149961053,0.2859102495299555,-0.0646368877043733,0.5251220007777082,-0.0499126491366943,0.6954996686205246,2019-02-26,2019-02-27,2019-02-28,2019-03-01,2019-03-04,2019-03-05,2019-03-06,2019-03-07,2019-03-08,2019-03-11,14983.0,2019-02-25,252.0,6.8890%,0.0025,1.5013,0.5424,-1.9193,2.9948%,3.8431%,39.2728%,0.064846,W,14983.0,2019-02-26,252.0,2.0152%,0.0026,1.5031,0.5168,-1.9309,2.9962%,3.8435%,39.2296%,0.019592,W,14983.0,2019-02-27,252.0,0.2079%,0.0026,1.5126,0.4985,-1.9294,2.9933%,3.8432%,39.3395%,-0.002672,W,14983.0,2019-02-28,252.0,1.1169%,0.0025,1.5295,0.5104,-1.919,2.9857%,3.8426%,39.6268%,0.010834,W,14983.0,2019-03-01,252.0,2.5048%,0.0025,1.5456,0.5345,-1.895,2.9813%,3.8443%,39.8584%,0.00479,W,14983.0,2019-03-04,252.0,-1.9667%,0.0023,1.5623,0.4833,-1.9003,2.9734%,3.8450%,40.1977%,-0.002191,W,14983.0,2019-03-05,252.0,-0.1562%,0.0023,1.5664,0.5123,-1.8957,2.9720%,3.8447%,40.2429%,-0.002058,W,14983.0,2019-03-06,252.0,-0.7580%,0.0024,1.5631,0.4902,-1.9025,2.9727%,3.8450%,40.2270%,0.012702,W,14983.0,2019-03-07,252.0,-1.0305%,0.0023,1.5623,0.4745,-1.9081,2.9715%,3.8439%,40.2399%,-0.003513,W,14983.0,2019-03-08,252.0,1.1208%,0.0023,1.5613,0.4714,-1.9095,2.9720%,3.8431%,40.1961%,0.0110739999999999,W,14983.0,2019-03-11,252.0,3.0709%,0.0023,1.558,0.4646,-1.9117,2.9722%,3.8468%,40.3046%,-0.004271,W,0.084438,0.081766,0.0926,0.095199,0.109133
41219,WABTEC CORP,Westinghouse Air Brake Technologies shares are trading higher after the company beat Q4 sales estimates.,6,increase,0.8,0.7,"beating sales estimates typically signals strong performance and can lead to increased investor confidence, likely resulting in a rise in stock price.",2,2019-02-25,WAB,2019-02-25 17:59:00+00:00,81677.0,92974010,0.0640675723552703,4839360.0,-0.0525236800312995,-0.0029899594374001,0.0181179549545049,-0.0199786890298128,-0.0270916447043418,0.0068392399698495,-0.0114660654217004,-0.0046716295182704,0.0168461930006742,0.039833378046751,-0.008011900819838,-0.0179909989237785,-0.0553045943379402,0.0398243367671966,0.0104332882910966,-0.0446791648864746,0.005592992529273,0.0062670172192156,0.0141186229884624,0.001637592096813,0.0095626534894108,0.0097674550488591,0.0094720758497715,0.0001376188301946,-0.0028977380134165,0.0204998459666967,-0.0157763548195362,0.0169927533715963,0.013779466971755,0.0125794541090726,0.0033286805264651,0.0111111421138048,0.0019354026298969,-0.0072568939067423,0.019177695736289,0.0237741209566593,-0.0517124608159065,-0.018091594800353,-0.0004283569869585,-0.0350555814802646,0.0308483820408582,0.0111031858250498,-0.0026323420461267,-0.0236274767667055,0.0133351730182766,-0.0489095114171505,0.0105552338063716,0.0191297065466642,0.0128865558654069,0.0316887646913528,0.0012053564423695,0.0111016472801566,0.0029427662957459,-0.0190239492803812,0.0146705582737922,-0.0129268877208232,0.0021029971539974,0.0051976097747683,-0.010755505412817,0.0112032853066921,-0.0194908678531646,0.0183099023997783,0.0055443365126848,0.0060932449996471,0.0079343244433403,-0.009543864056468,0.0244163032621145,0.0254749078303575,-0.0147173386067152,-0.0194749813526868,0.0174487736076116,0.0086832828819751,0.0011692391708493,0.0253977198153734,0.0112899402156472,-0.0235176943242549,-0.0183498058468103,0.002715484239161,0.0031372269149869,0.0556729398667812,-0.0020849106367677,-0.0264395270496606,-0.0668582245707511,-0.0209950972348451,0.0247691608965396,-0.0212526675313711,0.0080567570403218,-0.000281365471892,0.0033866160083562,-0.0130537757650017,0.0140407849103212,-0.0171965956687927,-0.0017307582311332,-0.0268296487629413,0.001867156359367,-0.0492486618459224,-0.0115815056487917,-0.0146820982918143,-0.017912482842803,-0.024754287675023,-0.0090509606525301,-0.0260016191750764,-0.0083033656701445,-0.0421148091554641,0.0209672916680574,-0.0073050293140113,-0.0349124185740947,-0.0420927554368972,-0.0134770460426807,-0.0180761013180017,-0.0165372658520937,0.0209367014467716,-0.0008772855508141,0.0094781862571835,-0.0355627126991748,0.0409389957785606,-0.0230653155595064,-0.0012459011049941,0.0043492764234542,0.0301015265285968,-0.0525236800312995,-0.0029899594374001,-0.0353573467456465,-0.0229089129974013,-0.0614911027742671,-0.0162263525809894,-0.0566230871304374,0.0181817817435874,-0.089034036616848,0.0010917244531365,-0.0338201277311809,0.0163226580917374,-0.1702733093917575,-0.1426889278031472,2019-02-26,2019-02-27,2019-02-28,2019-03-01,2019-03-04,2019-03-05,2019-03-06,2019-03-07,2019-03-08,2019-03-11,81677.0,2019-02-25,252.0,6.4068%,-0.0,1.0286,0.3489,0.579,1.7315%,2.0021%,25.2040%,0.06448,WAB,81677.0,2019-02-26,252.0,-5.2524%,-0.0002,1.0384,0.4045,0.6145,1.7562%,2.0275%,24.9720%,-0.046834,WAB,81677.0,2019-02-27,252.0,1.8118%,-0.0001,1.0405,0.4059,0.6149,1.7594%,2.0305%,24.9204%,0.017052,WAB,81677.0,2019-02-28,252.0,-2.7092%,-0.0002,1.041,0.4055,0.6205,1.7644%,2.0333%,24.6985%,-0.02251,WAB,81677.0,2019-03-01,252.0,-1.1466%,-0.0003,1.0412,0.4059,0.6291,1.7674%,2.0338%,24.4845%,-0.017745,WAB,81677.0,2019-03-04,252.0,1.6846%,-0.0002,1.0343,0.4095,0.6353,1.7716%,2.0336%,24.1044%,0.021341,WAB,81677.0,2019-03-05,252.0,-0.8012%,-0.0002,1.0331,0.3982,0.6357,1.7711%,2.0315%,23.9945%,-0.0035499999999999,WAB,81677.0,2019-03-06,252.0,-5.5305%,-0.0004,1.043,0.4904,0.6593,1.7878%,2.0550%,24.3148%,-0.041953,WAB,81677.0,2019-03-07,252.0,1.0433%,-0.0003,1.034,0.4894,0.6471,1.7928%,2.0560%,23.9643%,0.021415,WAB,81677.0,2019-03-08,252.0,0.5593%,-0.0002,1.0324,0.4964,0.6442,1.7932%,2.0562%,23.9379%,0.008633,WAB,81677.0,2019-03-11,252.0,1.4119%,-0.0002,1.0328,0.4905,0.6406,1.7928%,2.0577%,24.0917%,0.0002089999999999,WAB,0.017646,0.034698,0.012188,0.015784,0.000538
41227,WABTEC CORP,Wabtec Air Brake Sees FY2019 EPS $4.00-4.20 vs $4.45 Est; Sees Sales $8.40B,6,decrease,0.75,0.6,the lower-than-expected eps guidance compared to analyst estimates is likely to negatively impact investor sentiment and lead to a decrease in wabtec corp's stock price.,0,2019-02-25,WAB,2019-02-25 12:36:00+00:00,81677.0,92974010,0.0640675723552703,4839360.0,-0.0525236800312995,-0.0029899594374001,0.0181179549545049,-0.0199786890298128,-0.0270916447043418,0.0068392399698495,-0.0114660654217004,-0.0046716295182704,0.0168461930006742,0.039833378046751,-0.008011900819838,-0.0179909989237785,-0.0553045943379402,0.0398243367671966,0.0104332882910966,-0.0446791648864746,0.005592992529273,0.0062670172192156,0.0141186229884624,0.001637592096813,0.0095626534894108,0.0097674550488591,0.0094720758497715,0.0001376188301946,-0.0028977380134165,0.0204998459666967,-0.0157763548195362,0.0169927533715963,0.013779466971755,0.0125794541090726,0.0033286805264651,0.0111111421138048,0.0019354026298969,-0.0072568939067423,0.019177695736289,0.0237741209566593,-0.0517124608159065,-0.018091594800353,-0.0004283569869585,-0.0350555814802646,0.0308483820408582,0.0111031858250498,-0.0026323420461267,-0.0236274767667055,0.0133351730182766,-0.0489095114171505,0.0105552338063716,0.0191297065466642,0.0128865558654069,0.0316887646913528,0.0012053564423695,0.0111016472801566,0.0029427662957459,-0.0190239492803812,0.0146705582737922,-0.0129268877208232,0.0021029971539974,0.0051976097747683,-0.010755505412817,0.0112032853066921,-0.0194908678531646,0.0183099023997783,0.0055443365126848,0.0060932449996471,0.0079343244433403,-0.009543864056468,0.0244163032621145,0.0254749078303575,-0.0147173386067152,-0.0194749813526868,0.0174487736076116,0.0086832828819751,0.0011692391708493,0.0253977198153734,0.0112899402156472,-0.0235176943242549,-0.0183498058468103,0.002715484239161,0.0031372269149869,0.0556729398667812,-0.0020849106367677,-0.0264395270496606,-0.0668582245707511,-0.0209950972348451,0.0247691608965396,-0.0212526675313711,0.0080567570403218,-0.000281365471892,0.0033866160083562,-0.0130537757650017,0.0140407849103212,-0.0171965956687927,-0.0017307582311332,-0.0268296487629413,0.001867156359367,-0.0492486618459224,-0.0115815056487917,-0.0146820982918143,-0.017912482842803,-0.024754287675023,-0.0090509606525301,-0.0260016191750764,-0.0083033656701445,-0.0421148091554641,0.0209672916680574,-0.0073050293140113,-0.0349124185740947,-0.0420927554368972,-0.0134770460426807,-0.0180761013180017,-0.0165372658520937,0.0209367014467716,-0.0008772855508141,0.0094781862571835,-0.0355627126991748,0.0409389957785606,-0.0230653155595064,-0.0012459011049941,0.0043492764234542,0.0301015265285968,-0.0525236800312995,-0.0029899594374001,-0.0353573467456465,-0.0229089129974013,-0.0614911027742671,-0.0162263525809894,-0.0566230871304374,0.0181817817435874,-0.089034036616848,0.0010917244531365,-0.0338201277311809,0.0163226580917374,-0.1702733093917575,-0.1426889278031472,2019-02-26,2019-02-27,2019-02-28,2019-03-01,2019-03-04,2019-03-05,2019-03-06,2019-03-07,2019-03-08,2019-03-11,81677.0,2019-02-25,252.0,6.4068%,-0.0,1.0286,0.3489,0.579,1.7315%,2.0021%,25.2040%,0.06448,WAB,81677.0,2019-02-26,252.0,-5.2524%,-0.0002,1.0384,0.4045,0.6145,1.7562%,2.0275%,24.9720%,-0.046834,WAB,81677.0,2019-02-27,252.0,1.8118%,-0.0001,1.0405,0.4059,0.6149,1.7594%,2.0305%,24.9204%,0.017052,WAB,81677.0,2019-02-28,252.0,-2.7092%,-0.0002,1.041,0.4055,0.6205,1.7644%,2.0333%,24.6985%,-0.02251,WAB,81677.0,2019-03-01,252.0,-1.1466%,-0.0003,1.0412,0.4059,0.6291,1.7674%,2.0338%,24.4845%,-0.017745,WAB,81677.0,2019-03-04,252.0,1.6846%,-0.0002,1.0343,0.4095,0.6353,1.7716%,2.0336%,24.1044%,0.021341,WAB,81677.0,2019-03-05,252.0,-0.8012%,-0.0002,1.0331,0.3982,0.6357,1.7711%,2.0315%,23.9945%,-0.0035499999999999,WAB,81677.0,2019-03-06,252.0,-5.5305%,-0.0004,1.043,0.4904,0.6593,1.7878%,2.0550%,24.3148%,-0.041953,WAB,81677.0,2019-03-07,252.0,1.0433%,-0.0003,1.034,0.4894,0.6471,1.7928%,2.0560%,23.9643%,0.021415,WAB,81677.0,2019-03-08,252.0,0.5593%,-0.0002,1.0324,0.4964,0.6442,1.7932%,2.0562%,23.9379%,0.008633,WAB,81677.0,2019-03-11,252.0,1.4119%,-0.0002,1.0328,0.4905,0.6406,1.7928%,2.0577%,24.0917%,0.0002089999999999,WAB,0.017646,0.034698,0.012188,0.015784,0.000538
41235,WABTEC CORP,"Westinghouse Air Brake Q4 EPS $0.97 Misses $1.02 Estimate, Sales $1.118B Beat $1.1B Estimate",6,uncertain,0.6,0.3,"while wabtec corp missed eps estimates, it beat sales expectations, leading to mixed signals that could result in an uncertain market reaction.",1,2019-02-25,WAB,2019-02-25 12:34:00+00:00,81677.0,92974010,0.0640675723552703,4839360.0,-0.0525236800312995,-0.0029899594374001,0.0181179549545049,-0.0199786890298128,-0.0270916447043418,0.0068392399698495,-0.0114660654217004,-0.0046716295182704,0.0168461930006742,0.039833378046751,-0.008011900819838,-0.0179909989237785,-0.0553045943379402,0.0398243367671966,0.0104332882910966,-0.0446791648864746,0.005592992529273,0.0062670172192156,0.0141186229884624,0.001637592096813,0.0095626534894108,0.0097674550488591,0.0094720758497715,0.0001376188301946,-0.0028977380134165,0.0204998459666967,-0.0157763548195362,0.0169927533715963,0.013779466971755,0.0125794541090726,0.0033286805264651,0.0111111421138048,0.0019354026298969,-0.0072568939067423,0.019177695736289,0.0237741209566593,-0.0517124608159065,-0.018091594800353,-0.0004283569869585,-0.0350555814802646,0.0308483820408582,0.0111031858250498,-0.0026323420461267,-0.0236274767667055,0.0133351730182766,-0.0489095114171505,0.0105552338063716,0.0191297065466642,0.0128865558654069,0.0316887646913528,0.0012053564423695,0.0111016472801566,0.0029427662957459,-0.0190239492803812,0.0146705582737922,-0.0129268877208232,0.0021029971539974,0.0051976097747683,-0.010755505412817,0.0112032853066921,-0.0194908678531646,0.0183099023997783,0.0055443365126848,0.0060932449996471,0.0079343244433403,-0.009543864056468,0.0244163032621145,0.0254749078303575,-0.0147173386067152,-0.0194749813526868,0.0174487736076116,0.0086832828819751,0.0011692391708493,0.0253977198153734,0.0112899402156472,-0.0235176943242549,-0.0183498058468103,0.002715484239161,0.0031372269149869,0.0556729398667812,-0.0020849106367677,-0.0264395270496606,-0.0668582245707511,-0.0209950972348451,0.0247691608965396,-0.0212526675313711,0.0080567570403218,-0.000281365471892,0.0033866160083562,-0.0130537757650017,0.0140407849103212,-0.0171965956687927,-0.0017307582311332,-0.0268296487629413,0.001867156359367,-0.0492486618459224,-0.0115815056487917,-0.0146820982918143,-0.017912482842803,-0.024754287675023,-0.0090509606525301,-0.0260016191750764,-0.0083033656701445,-0.0421148091554641,0.0209672916680574,-0.0073050293140113,-0.0349124185740947,-0.0420927554368972,-0.0134770460426807,-0.0180761013180017,-0.0165372658520937,0.0209367014467716,-0.0008772855508141,0.0094781862571835,-0.0355627126991748,0.0409389957785606,-0.0230653155595064,-0.0012459011049941,0.0043492764234542,0.0301015265285968,-0.0525236800312995,-0.0029899594374001,-0.0353573467456465,-0.0229089129974013,-0.0614911027742671,-0.0162263525809894,-0.0566230871304374,0.0181817817435874,-0.089034036616848,0.0010917244531365,-0.0338201277311809,0.0163226580917374,-0.1702733093917575,-0.1426889278031472,2019-02-26,2019-02-27,2019-02-28,2019-03-01,2019-03-04,2019-03-05,2019-03-06,2019-03-07,2019-03-08,2019-03-11,81677.0,2019-02-25,252.0,6.4068%,-0.0,1.0286,0.3489,0.579,1.7315%,2.0021%,25.2040%,0.06448,WAB,81677.0,2019-02-26,252.0,-5.2524%,-0.0002,1.0384,0.4045,0.6145,1.7562%,2.0275%,24.9720%,-0.046834,WAB,81677.0,2019-02-27,252.0,1.8118%,-0.0001,1.0405,0.4059,0.6149,1.7594%,2.0305%,24.9204%,0.017052,WAB,81677.0,2019-02-28,252.0,-2.7092%,-0.0002,1.041,0.4055,0.6205,1.7644%,2.0333%,24.6985%,-0.02251,WAB,81677.0,2019-03-01,252.0,-1.1466%,-0.0003,1.0412,0.4059,0.6291,1.7674%,2.0338%,24.4845%,-0.017745,WAB,81677.0,2019-03-04,252.0,1.6846%,-0.0002,1.0343,0.4095,0.6353,1.7716%,2.0336%,24.1044%,0.021341,WAB,81677.0,2019-03-05,252.0,-0.8012%,-0.0002,1.0331,0.3982,0.6357,1.7711%,2.0315%,23.9945%,-0.0035499999999999,WAB,81677.0,2019-03-06,252.0,-5.5305%,-0.0004,1.043,0.4904,0.6593,1.7878%,2.0550%,24.3148%,-0.041953,WAB,81677.0,2019-03-07,252.0,1.0433%,-0.0003,1.034,0.4894,0.6471,1.7928%,2.0560%,23.9643%,0.021415,WAB,81677.0,2019-03-08,252.0,0.5593%,-0.0002,1.0324,0.4964,0.6442,1.7932%,2.0562%,23.9379%,0.008633,WAB,81677.0,2019-03-11,252.0,1.4119%,-0.0002,1.0328,0.4905,0.6406,1.7928%,2.0577%,24.0917%,0.0002089999999999,WAB,0.017646,0.034698,0.012188,0.015784,0.000538
41243,ENERGOUS CORP,"Energous Demonstrates WattUp Fast Charging 20-Watt Solution, Designed for Fast Charging Smartphones, Tablets and More at #MWC19",6,increase,0.7,0.6,"the demonstration of a fast charging solution at a major event like mwc19 could generate positive interest and potential partnerships, likely boosting investor confidence in energous corp's technology and market prospects.",2,2019-02-25,WATT,2019-02-25 09:01:00+00:00,14556.0,29272C10,-0.082342229783535,2395390.0,-0.1864406764507294,0.0272556338459253,-0.2389705628156662,-0.0238531455397605,-0.0724637359380722,0.0899999588727951,0.1423610597848892,0.1135857999324799,-0.0167173463851213,0.018140573054552,-0.0602781884372234,0.0550239309668541,-0.0131578827276825,0.0502512082457542,-0.0099999904632568,0.0297542065382003,-0.0084175402298569,0.0251989476382732,0.0390492416918277,-0.0156657826155424,0.00653594173491,-0.0303797777742147,-0.0032467502169311,0.0089399963617324,-0.0097719775512814,0.0208604745566844,-0.0263157654553651,0.0199468210339546,0.0067567504011094,0.0080428877845406,-0.0067114029079675,0.0081080999225378,-0.020270250737667,-0.0364582985639572,0.072413720190525,0.0622406378388404,-0.0305465571582317,-0.0461741313338279,-0.0165838114917278,0.02294198051095,0.0134907932952046,0.0510637797415256,-0.0149750662967562,0.0202605426311492,0.0422297306358814,-0.0468965731561183,0.0275526866316795,0.0583941750228405,-0.0410095006227493,-0.0072464044205844,0.01644735224545,-0.0700808614492416,-0.0048543256707489,0.0108991721644997,-0.0162601470947265,-0.0467532016336917,0.0049586333334445,-0.0552147030830383,0.01644735224545,-0.0073082116432487,-0.0291261859238147,0.0802631750702858,0.0,0.0704225376248359,-0.0216666851192712,0.0549776963889598,-0.0357751362025737,0.0212442893534898,-0.0795052722096443,-0.0407568775117397,0.0191938392817974,0.1865284889936447,-0.0207156557589769,-0.0136286076158285,-0.0230769012123346,-0.1661931872367859,-0.0295275785028934,0.5371178984642029,0.0121703743934631,-0.0357894897460937,0.0180361028760671,-0.0104167060926556,-0.0314960330724716,-0.1061451956629753,0.0386178977787494,-0.0444839857518672,-0.009784772992134,-0.0935483798384666,0.0019763298332691,-0.0461538769304752,-0.0414201244711875,-0.0370370373129844,0.0473251044750213,-0.0117130195721983,0.0216109342873096,-0.0420757606625556,-0.0057691796682775,0.0214899852871894,-0.023210808634758,-0.0196629036217927,0.0376236774027347,-0.0273224432021379,-0.0286258831620216,-0.0381077490746974,0.0157170761376619,-0.019329909235239,-0.0290135573595762,-0.0650602355599403,0.0358565412461757,0.0159118864685297,-0.0173076298087835,0.0061576589941978,-0.0273973271250724,-0.0228640828281641,-0.0704225152730941,0.0722581222653389,0.004329000134021,-0.0443896017968654,0.0280172675848007,0.0137499570846557,-0.1864406764507293,0.0272556338459253,-0.3808574058832312,0.0027523557052595,-0.4257227913313218,0.0930000264783312,-0.3549351921530638,0.2392290947668975,-0.3898304971352457,0.4268930106006781,-0.3838484509081185,0.3313033095326347,-0.5244267044433912,0.3662500209540311,2019-02-26,2019-02-27,2019-02-28,2019-03-01,2019-03-04,2019-03-05,2019-03-06,2019-03-07,2019-03-08,2019-03-11,14556.0,2019-02-25,252.0,-8.2342%,-0.0018,2.0109,1.0071,0.0802,5.3128%,5.7498%,14.6242%,-0.082837,WATT,14556.0,2019-02-26,252.0,-18.6441%,-0.0028,1.9859,1.2742,0.1969,5.3859%,5.8110%,14.0960%,-0.176613,WATT,14556.0,2019-02-27,252.0,-23.8971%,-0.0037,1.9858,1.2039,0.1962,5.5938%,5.9989%,13.0485%,-0.243042,WATT,14556.0,2019-02-28,252.0,-7.2464%,-0.004,2.0008,1.2121,0.2217,5.6076%,6.0129%,13.0280%,-0.066158,WATT,14556.0,2019-03-01,252.0,14.2361%,-0.0037,2.053,1.2899,0.2427,5.6603%,6.0823%,13.3961%,0.125237,WATT,14556.0,2019-03-04,252.0,-1.6717%,-0.0035,2.0371,1.3412,0.2472,5.6563%,6.0762%,13.3430%,-0.001919,WATT,14556.0,2019-03-05,252.0,-6.0278%,-0.0038,2.0371,1.3098,0.2651,5.6601%,6.0735%,13.1510%,-0.052154,WATT,14556.0,2019-03-06,252.0,-1.3158%,-0.0037,2.0321,1.256,0.2522,5.6618%,6.0737%,13.1035%,0.020261,WATT,14556.0,2019-03-07,252.0,-1.0000%,-0.0035,2.035,1.2937,0.2667,5.6581%,6.0727%,13.1882%,0.008285,WATT,14556.0,2019-03-08,252.0,-0.8418%,-0.0034,2.0329,1.3283,0.2616,5.6547%,6.0713%,13.2545%,-0.004224,WATT,14556.0,2019-03-11,252.0,3.9049%,-0.0035,2.0365,1.3546,0.2748,5.6529%,6.0753%,13.4226%,0.005247,WATT,-0.25945,-0.502492,-0.5686500000000001,-0.4453320000000001,-0.4679170000000001
41251,ENERGOUS CORP,Energous Corporation Announces Collaboration with vivo Global to Explore Integrating WattUp into Smartphone Designs,6,increase,0.7,0.6,"the collaboration with vivo global to integrate wattup into smartphone designs suggests potential for increased adoption and revenue, which is likely to positively impact energous corp's stock price.",2,2019-02-25,WATT,2019-02-25 08:58:00+00:00,14556.0,29272C10,-0.082342229783535,2395390.0,-0.1864406764507294,0.0272556338459253,-0.2389705628156662,-0.0238531455397605,-0.0724637359380722,0.0899999588727951,0.1423610597848892,0.1135857999324799,-0.0167173463851213,0.018140573054552,-0.0602781884372234,0.0550239309668541,-0.0131578827276825,0.0502512082457542,-0.0099999904632568,0.0297542065382003,-0.0084175402298569,0.0251989476382732,0.0390492416918277,-0.0156657826155424,0.00653594173491,-0.0303797777742147,-0.0032467502169311,0.0089399963617324,-0.0097719775512814,0.0208604745566844,-0.0263157654553651,0.0199468210339546,0.0067567504011094,0.0080428877845406,-0.0067114029079675,0.0081080999225378,-0.020270250737667,-0.0364582985639572,0.072413720190525,0.0622406378388404,-0.0305465571582317,-0.0461741313338279,-0.0165838114917278,0.02294198051095,0.0134907932952046,0.0510637797415256,-0.0149750662967562,0.0202605426311492,0.0422297306358814,-0.0468965731561183,0.0275526866316795,0.0583941750228405,-0.0410095006227493,-0.0072464044205844,0.01644735224545,-0.0700808614492416,-0.0048543256707489,0.0108991721644997,-0.0162601470947265,-0.0467532016336917,0.0049586333334445,-0.0552147030830383,0.01644735224545,-0.0073082116432487,-0.0291261859238147,0.0802631750702858,0.0,0.0704225376248359,-0.0216666851192712,0.0549776963889598,-0.0357751362025737,0.0212442893534898,-0.0795052722096443,-0.0407568775117397,0.0191938392817974,0.1865284889936447,-0.0207156557589769,-0.0136286076158285,-0.0230769012123346,-0.1661931872367859,-0.0295275785028934,0.5371178984642029,0.0121703743934631,-0.0357894897460937,0.0180361028760671,-0.0104167060926556,-0.0314960330724716,-0.1061451956629753,0.0386178977787494,-0.0444839857518672,-0.009784772992134,-0.0935483798384666,0.0019763298332691,-0.0461538769304752,-0.0414201244711875,-0.0370370373129844,0.0473251044750213,-0.0117130195721983,0.0216109342873096,-0.0420757606625556,-0.0057691796682775,0.0214899852871894,-0.023210808634758,-0.0196629036217927,0.0376236774027347,-0.0273224432021379,-0.0286258831620216,-0.0381077490746974,0.0157170761376619,-0.019329909235239,-0.0290135573595762,-0.0650602355599403,0.0358565412461757,0.0159118864685297,-0.0173076298087835,0.0061576589941978,-0.0273973271250724,-0.0228640828281641,-0.0704225152730941,0.0722581222653389,0.004329000134021,-0.0443896017968654,0.0280172675848007,0.0137499570846557,-0.1864406764507293,0.0272556338459253,-0.3808574058832312,0.0027523557052595,-0.4257227913313218,0.0930000264783312,-0.3549351921530638,0.2392290947668975,-0.3898304971352457,0.4268930106006781,-0.3838484509081185,0.3313033095326347,-0.5244267044433912,0.3662500209540311,2019-02-26,2019-02-27,2019-02-28,2019-03-01,2019-03-04,2019-03-05,2019-03-06,2019-03-07,2019-03-08,2019-03-11,14556.0,2019-02-25,252.0,-8.2342%,-0.0018,2.0109,1.0071,0.0802,5.3128%,5.7498%,14.6242%,-0.082837,WATT,14556.0,2019-02-26,252.0,-18.6441%,-0.0028,1.9859,1.2742,0.1969,5.3859%,5.8110%,14.0960%,-0.176613,WATT,14556.0,2019-02-27,252.0,-23.8971%,-0.0037,1.9858,1.2039,0.1962,5.5938%,5.9989%,13.0485%,-0.243042,WATT,14556.0,2019-02-28,252.0,-7.2464%,-0.004,2.0008,1.2121,0.2217,5.6076%,6.0129%,13.0280%,-0.066158,WATT,14556.0,2019-03-01,252.0,14.2361%,-0.0037,2.053,1.2899,0.2427,5.6603%,6.0823%,13.3961%,0.125237,WATT,14556.0,2019-03-04,252.0,-1.6717%,-0.0035,2.0371,1.3412,0.2472,5.6563%,6.0762%,13.3430%,-0.001919,WATT,14556.0,2019-03-05,252.0,-6.0278%,-0.0038,2.0371,1.3098,0.2651,5.6601%,6.0735%,13.1510%,-0.052154,WATT,14556.0,2019-03-06,252.0,-1.3158%,-0.0037,2.0321,1.256,0.2522,5.6618%,6.0737%,13.1035%,0.020261,WATT,14556.0,2019-03-07,252.0,-1.0000%,-0.0035,2.035,1.2937,0.2667,5.6581%,6.0727%,13.1882%,0.008285,WATT,14556.0,2019-03-08,252.0,-0.8418%,-0.0034,2.0329,1.3283,0.2616,5.6547%,6.0713%,13.2545%,-0.004224,WATT,14556.0,2019-03-11,252.0,3.9049%,-0.0035,2.0365,1.3546,0.2748,5.6529%,6.0753%,13.4226%,0.005247,WATT,-0.25945,-0.502492,-0.5686500000000001,-0.4453320000000001,-0.4679170000000001
41259,WESTLAKE CORP,Tennessee River Closed To Barge Traffic Due To Flooding And Swift Currents,6,decrease,0.7,0.6,"the closure of the tennessee river to barge traffic due to flooding could disrupt westlake corp's supply chain and logistics, potentially leading to decreased revenue and operational challenges.",0,2019-02-25,WLK,2019-02-25 19:09:00+00:00,90312.0,96041310,-0.0230249818414449,1758813.0,-0.0185561794787645,0.0106995198875665,0.003462124383077,-0.0640881583094596,-0.035743810236454,0.0371284000575542,-0.0031487219966948,-0.047601368278265,0.0142138954252004,0.0395886115729808,-0.0169874988496303,0.0032237265259027,0.0175691414624452,0.0029746941290795,-0.0247664861381053,0.0334135256707668,-0.0200261902064085,0.0174054764211177,0.0183621775358915,-0.0056787207722663,-0.0031989763956516,-0.0238880515098571,0.0123996855691075,-0.0267180707305669,-0.0099423984065651,0.0320827029645443,0.0074225314892828,0.0011946372687816,0.0128575470298528,0.0194857213646173,-0.0114106833934783,-0.0406334847211837,-0.0036069832276552,0.0040406356565654,0.0092672957107424,0.0315987430512905,-0.0519368052482605,-0.0097203161567449,-0.0183111242949962,0.0324443317949771,0.0295976269990205,0.003310315310955,0.0004491507424972,-0.0324302725493907,0.0119725093245506,-0.037260714918375,0.0035492139868438,0.0307244025170803,0.0284409113228321,0.0107081122696399,0.0114628942683339,0.0292051639407873,0.0134580628946423,-0.0206422880291938,0.041654959321022,-0.0126548148691654,0.0217391680926084,-0.0088460287079215,-0.0045967753976583,0.0050424262881278,-0.0151735255494713,0.011272195726633,0.0038853285368531,0.0656370148062706,-0.0036033182404935,0.0051746531389653,0.0233056228607893,0.0665337443351745,0.0151831936091184,-0.0330565646290779,-0.0083805304020643,0.0194952543824911,-0.0149525608867406,0.0244620200246572,-0.007259807549417,-0.0063077486120164,-0.0055843396112322,0.0221732947975397,0.0102954488247633,0.0455442368984222,-0.0243514608591795,-0.00944628380239,-0.0263158213347196,-0.0042166449129581,0.0075229997746646,-0.0113836638629436,-0.0113384909927845,-0.032873298972845,-0.0244755242019891,-0.0078461868688464,-0.0278136543929576,0.0057249381206929,-0.0906945541501045,-0.0353731736540794,0.0298410672694444,-0.005344427190721,-0.0237795002758503,0.0158347617834806,-0.0222616717219352,-0.0076324772089719,-0.0072595681995153,-0.0226708054542541,0.0054844911210238,-0.0271769501268863,0.0082644624635577,-0.0018463978776708,-0.0436065532267093,-0.046193391084671,0.025368520990014,0.0183473844081163,0.0234035700559616,0.0093288524076342,0.0310355704277753,0.0240981392562389,-0.0137832537293434,0.0206665433943271,0.0117269000038504,-0.0107975816354155,0.027945352718234,0.0190030019730329,-0.0185561794787645,0.0106995198875665,-0.0151582988971177,-0.0540743509462826,-0.0503602937742857,-0.0189536450235145,-0.0398948674300619,-0.0286632852468134,-0.0653110509377177,0.0217685267788605,0.0301014943969051,0.0027866101005167,-0.1200848630554859,0.1086388916970675,2019-02-26,2019-02-27,2019-02-28,2019-03-01,2019-03-04,2019-03-05,2019-03-06,2019-03-07,2019-03-08,2019-03-11,90312.0,2019-02-25,252.0,-2.3025%,-0.0014,1.299,0.6637,0.6896,1.6870%,2.1266%,37.0667%,-0.022171,WLK,90312.0,2019-02-26,252.0,-1.8556%,-0.0014,1.309,0.666,0.6983,1.6856%,2.1293%,37.3280%,-0.010054,WLK,90312.0,2019-02-27,252.0,0.3462%,-0.0014,1.3085,0.6679,0.6982,1.6857%,2.1281%,37.2502%,0.0017569999999999,WLK,90312.0,2019-02-28,252.0,-3.5744%,-0.0016,1.3192,0.6743,0.7127,1.6944%,2.1384%,37.2111%,-0.0301759999999999,WLK,90312.0,2019-03-01,252.0,-0.3149%,-0.0016,1.3144,0.6672,0.71,1.6954%,2.1331%,36.8219%,-0.0118419999999999,WLK,90312.0,2019-03-04,252.0,1.4214%,-0.0015,1.3111,0.6579,0.7155,1.7013%,2.1343%,36.4617%,0.0208579999999999,WLK,90312.0,2019-03-05,252.0,-1.6987%,-0.0016,1.3106,0.6476,0.7186,1.7013%,2.1318%,36.3062%,-0.011092,WLK,90312.0,2019-03-06,252.0,1.7569%,-0.0015,1.2778,0.5844,0.673,1.7055%,2.1160%,35.0343%,0.03636,WLK,90312.0,2019-03-07,252.0,-2.4766%,-0.0017,1.2776,0.5635,0.6669,1.7021%,2.1129%,35.1020%,-0.011749,WLK,90312.0,2019-03-08,252.0,-2.0026%,-0.0017,1.28,0.5574,0.671,1.7044%,2.1155%,35.0904%,-0.016453,WLK,90312.0,2019-03-11,252.0,1.8362%,-0.0017,1.2816,0.5489,0.6653,1.7032%,2.1183%,35.3537%,0.000682,WLK,-0.032225,-0.030468,-0.060644,-0.0516279999999999,-0.05388
41267,XENCOR INC,"Xencor Q4 EPS $(0.32) Beats $(0.49) Estimate, Sales $11.564M Beat $5.86M Estimate",6,increase,0.75,0.6,"the company reported a smaller-than-expected loss and significantly higher sales than estimated, which are positive indicators that could boost investor confidence.",2,2019-02-25,XNCR,2019-02-25 22:33:00+00:00,14359.0,98401F10,0.0177046936005353,353816.0,-0.0475302524864673,-0.0192248318344354,0.0264187697321176,-0.043594341725111,-0.0359071865677833,-0.0654102116823196,0.0346077531576156,-0.0104223052039742,-0.0079643195495009,0.0396349988877773,-0.0234425030648708,-0.0190209876745939,-0.0299243628978729,-0.015422785654664,-0.0135593088343739,0.0142458695918321,0.0013745363103225,-0.0066593140363693,0.0161290746182203,0.0083939349278807,-0.0016886573284864,-0.0499733462929725,-0.0094722183421254,0.0295565947890281,-0.0488388054072856,0.0027443000581115,0.0764811187982559,-0.0111261839047074,0.0146764693781733,0.0207756236195564,-0.0049309539608657,0.1036380156874657,0.0677237957715988,0.0030664971563965,-0.0068069687113165,0.0021511891391128,-0.0672896578907966,-0.0130421686917543,0.0297260973602533,0.0271028913557529,0.0230295490473508,-0.0055762180127203,0.0155357597395777,-0.0179495029151439,0.0106150535866618,-0.0228894315659999,-0.0404695570468902,-0.0249275546520948,0.0444301106035709,-0.0020248682703822,-0.0003082096809521,0.0023194553796201,0.0144927911460399,-0.0054786223918199,-0.0212766174226999,-0.0764314010739326,0.0478261150419712,-0.0094961915165185,-0.0231180358678102,-0.0026308465749025,-0.0488470494747161,0.0,0.008612454868853,-0.002100336831063,-0.0205566566437482,0.0412793383002281,0.0041976450011134,0.0493402518332004,0.0482314489781856,-0.0259849205613136,-0.0177913513034582,-0.0102322716265916,-0.029981292784214,0.0414746142923831,0.0096587622538208,0.0057937647216022,0.0194514896720647,0.014101043343544,0.0200188085436821,0.0509416982531547,-0.0239190645515918,-0.0021564909256994,-0.0216776803135871,-0.0130738923326134,0.0131663409993052,0.0,-0.0123613122850656,-0.0383041314780712,-0.0144416159018874,-0.03061218932271,-0.0244220122694969,-0.0232558194547891,0.0330441147089004,-0.0474683381617069,0.0565428100526332,-0.0070699257776141,0.0143730090931057,0.0175859276205301,0.0114561682567,0.000266479793936,-0.040238406509161,-0.0018621892668306,0.0034161680378019,-0.0228749942034483,0.1030640006065369,-0.0238517802208662,-0.0886644199490547,-0.0627823919057846,0.0400246083736419,0.0009521760512143,0.0301953963935375,0.0125330593436956,-0.0166666097939014,0.0094891292974352,0.0014611114747822,0.0524967797100544,-0.0426028333604335,0.0023100655525922,0.0444986000657081,0.047311782836914,-0.0475302524864673,-0.0192248318344354,-0.022367173550099,-0.0619810796709483,-0.057471217844225,-0.1233370958116925,-0.0326188013870134,-0.0980895499018149,-0.0801490545698048,-0.1149972659120028,0.0239204983874874,-0.1678505535545085,0.0646164103344202,-0.1497312296850376,2019-02-26,2019-02-27,2019-02-28,2019-03-01,2019-03-04,2019-03-05,2019-03-06,2019-03-07,2019-03-08,2019-03-11,14359.0,2019-02-25,252.0,1.7705%,0.0005,1.3247,0.8522,-0.7335,2.6608%,3.1882%,30.3494%,0.016495,XNCR,14359.0,2019-02-26,252.0,-4.7530%,0.0002,1.3162,0.92,-0.7053,2.6681%,3.1896%,30.0266%,-0.042477,XNCR,14359.0,2019-02-27,252.0,2.6419%,0.0001,1.2959,0.9626,-0.7086,2.6553%,3.1736%,29.9927%,0.02254,XNCR,14359.0,2019-02-28,252.0,-3.5907%,-0.0001,1.316,0.9753,-0.6861,2.6595%,3.1818%,30.1365%,-0.033954,XNCR,14359.0,2019-03-01,252.0,3.4608%,-0.0002,1.3556,1.0343,-0.6338,2.6365%,3.1785%,31.1972%,0.01947,XNCR,14359.0,2019-03-04,252.0,-0.7964%,-0.0,1.3346,1.0989,-0.6272,2.6223%,3.1635%,31.2891%,0.005604,XNCR,14359.0,2019-03-05,252.0,-2.3443%,-0.0001,1.3407,1.1339,-0.6157,2.6238%,3.1664%,31.3321%,-0.019363,XNCR,14359.0,2019-03-06,252.0,-2.9924%,-0.0,1.346,1.1394,-0.609,2.6236%,3.1722%,31.5956%,-0.004219,XNCR,14359.0,2019-03-07,252.0,-1.3559%,-0.0003,1.3317,1.0613,-0.6501,2.5907%,3.1361%,31.7572%,-0.003824,XNCR,14359.0,2019-03-08,252.0,0.1375%,-0.0003,1.3313,1.0613,-0.6508,2.5907%,3.1352%,31.7174%,0.0025779999999999,XNCR,14359.0,2019-03-11,252.0,1.6129%,-0.0003,1.3261,1.0496,-0.6547,2.5912%,3.1366%,31.7562%,-0.011002,XNCR,-0.025982,-0.003442,-0.037396,-0.0123219999999999,-0.048152
41275,EXXON MOBIL CORP,"New York State Comptroller Disclosed A Resolution Asking ExxonMobil To Disclose Short-, Medium-, Long-Range Targets For Greehouse Gas Emissions",6,uncertain,0.6,0.3,"the resolution for exxonmobil to disclose greenhouse gas emissions targets may be viewed positively by environmentally conscious investors but could also raise concerns about regulatory pressures, leading to mixed reactions in the stock market.",1,2019-02-25,XOM,2019-02-25 17:36:00+00:00,11850.0,30231G10,0.0010201713303104,9274378.0,0.0020382632501423,0.0077100805938243,0.0102974511682987,-0.0090411193668842,-0.0055367113091051,0.0038347872905433,0.0122738359495997,0.0066916006617248,0.0038749694358557,0.0188803263008594,-0.0014941492117941,0.0002622510655783,-0.0113480938598513,0.0112731894478201,0.0110999606549739,0.017543900758028,-0.0143463257700204,0.0016219939570873,0.0097455587238073,0.0016068966360762,0.0027575986459851,-0.0077066412195563,0.0088749881833791,-0.0043655801564455,-0.0033452687785029,0.0102913212031126,-0.0036051827482879,-0.0144889159128069,0.0116032473742961,0.036026194691658,-0.0025900232139974,0.013694810681045,0.0055644484236836,0.0109075475484132,0.0057796509936451,0.0037900656461715,-0.016016598790884,-0.0066927406005561,-0.0069583146832883,0.0044817882589995,0.0130130248144269,0.001402503112331,-0.0076581370085477,-0.0082069318741559,0.0049788593314588,-0.0150705371052026,0.0007431903504766,0.0119229257106781,0.0115099046379327,0.0068397247232496,-0.0042824675329029,-0.000418568146415,-0.0058982027694582,0.000558438070584,0.0142150986939668,-0.0012549353996291,0.0053625204600393,-0.0045801778323948,0.0061825937591493,-0.0051090186461806,-0.0128915626555681,0.0052748089656233,-0.0045160837471485,0.0072707533836364,0.0047817486338317,0.0052002123557031,-0.012568624690175,0.0368696972727775,-0.0033365874551236,-0.0153537048026919,0.0068195341154932,0.0219973586499691,0.0028325538150966,0.0002934468793682,-0.0036841833498328,-0.0111691942438483,0.0218168906867504,0.0043706740252673,0.0057900571264326,0.0477789230644702,-0.0194290615618228,-0.0383147448301315,0.0056262118741869,-0.0074310726486146,-0.0210411492735147,-0.0303758345544338,-0.0064603881910443,-0.0169444605708122,0.003876422997564,-0.0275526866316795,-0.0200548153370618,-0.0203757733106613,-0.0175415948033332,-0.0181865617632865,0.0023288950324058,0.0126283448189497,-0.0043888469226658,-0.0086072469130158,-0.0053156493231654,0.0018291010055691,0.0015640655765309,-0.0141679346561431,-0.0009109799284487,-0.0095675466582179,0.008597120642662,-0.0130933010950684,-0.0111023839563131,-0.0220389179885387,0.0013208093587309,0.0216352362185716,0.0073869568295776,0.0055654244497418,-0.0001309694343945,0.007775661535561,-0.0058930977247655,0.0181699395179748,-0.0001317630812991,0.0009093231055885,0.0046113105490803,0.0197377875447273,0.0020382632501423,0.0077100805938243,0.0123567033347276,-0.0014007465320369,0.0067515765265258,0.002428669193508,0.0230572936564887,0.0281893483483974,0.0163057161108997,0.0617194837877055,0.0573248391066911,0.094852437155315,-0.0176244918775811,0.0503273787545348,2019-02-26,2019-02-27,2019-02-28,2019-03-01,2019-03-04,2019-03-05,2019-03-06,2019-03-07,2019-03-08,2019-03-11,11850.0,2019-02-25,252.0,0.1020%,0.0004,0.9701,-0.0479,0.5578,0.9319%,1.3249%,50.5219%,0.000329,XOM,11850.0,2019-02-26,252.0,0.2038%,0.0004,0.9647,-0.0492,0.5531,0.9312%,1.3178%,50.0652%,0.005024,XOM,11850.0,2019-02-27,252.0,1.0297%,0.0004,0.9624,-0.0422,0.5528,0.9325%,1.3151%,49.7234%,0.010086,XOM,11850.0,2019-02-28,252.0,-0.5537%,0.0004,0.9596,-0.0441,0.5512,0.9319%,1.3111%,49.4840%,-0.001263,XOM,11850.0,2019-03-01,252.0,1.2274%,0.0005,0.9544,-0.0518,0.5398,0.9303%,1.3052%,49.1883%,0.007607,XOM,11850.0,2019-03-04,252.0,0.3875%,0.0005,0.9558,-0.0615,0.5407,0.9307%,1.3045%,49.0957%,0.006436,XOM,11850.0,2019-03-05,252.0,-0.1494%,0.0005,0.9555,-0.0634,0.5403,0.9307%,1.3042%,49.0802%,0.001148,XOM,11850.0,2019-03-06,252.0,-1.1348%,0.0005,0.9589,-0.0545,0.5453,0.9310%,1.3051%,49.1086%,-0.0044269999999999,XOM,11850.0,2019-03-07,252.0,1.1100%,0.0006,0.951,-0.0537,0.535,0.9390%,1.3068%,48.3717%,0.020634,XOM,11850.0,2019-03-08,252.0,-1.4346%,0.0006,0.951,-0.0278,0.5337,0.9301%,1.3001%,48.8179%,-0.011408,XOM,11850.0,2019-03-11,252.0,0.9746%,0.0006,0.95,-0.0328,0.5314,0.9298%,1.3013%,48.9450%,-0.0016389999999999,XOM,0.005353,0.015439,0.014176,0.028219,0.032527
41283,XEROX HOLDINGS CORP,Xerox Amended 13D Filing Shows Carl Icahn Has 10.21% Stake In Co.; Had Previously Reported 9.21% Stake,6,increase,0.7,0.6,"carl icahn increasing his stake in xerox holdings corp suggests greater confidence in the company's future, which may positively influence investor sentiment and drive the stock price up.",2,2019-02-25,XRX,2019-02-25 22:10:00+00:00,27983.0,98421M10,-0.0003175683959852,2440905.0,-0.0003176692698616,0.0051069213077425,-0.0015887905610725,0.0149011686444282,-0.0165499821305275,0.0071778539568185,0.0126214018091559,0.0062377066351473,0.0022371266968548,0.021119650453329,-0.0086097083985805,-0.0056666689924895,-0.0077195167541503,-0.0029910320881754,-0.0197731144726276,0.0273130498826503,0.0019841094035655,0.0068752411752939,0.0280528180301189,0.0037957422900944,-0.0006420692661777,-0.0152905452996492,0.0134918112307786,0.0155279766768217,-0.0148969674482941,0.0104602240025997,0.0170527882874012,0.0056100925430655,0.0126541508361697,0.0109890596941113,-0.0040612048469483,0.0017755411099642,0.0040777656249701,0.0402659848332405,0.028116263449192,0.1139917895197868,-0.0559100620448589,-0.0097800195217132,0.0022529673296958,0.0259197670966386,0.0285805854946374,0.0148494010791182,-0.0084295524284243,0.0081266267225146,0.0157430134713649,-0.002134065143764,-0.0009371690102852,0.0134082809090614,0.0322075933218002,0.0004327229980845,-0.0018175571458414,0.0131521765142679,0.004248843062669,0.0228699669241905,-0.001208852045238,0.0072267320938408,0.009984927251935,-0.0004514776228461,0.0110844494774937,0.0118775805458426,-0.0151110617443919,0.0143651282414794,0.0180504955351352,0.0330301858484745,0.0121158342808485,0.0215158239006996,0.0040875733830034,0.038598284125328,0.0040709329769015,-0.0218578558415174,0.0136113883927464,0.0187246426939964,-0.0094286240637302,0.0055979955941438,-0.0031726795714348,0.0111788269132375,-0.0217013880610466,-0.0010152516188099,0.0112391961738467,0.041226252913475,-0.0146241597831249,-0.0212105456739664,-0.0439299382269382,-0.0117586683481931,0.0031046969816088,-0.0537010468542575,0.0222840420901775,-0.0189843196421861,0.0099909733980894,-0.010333546437323,-0.0029976705554872,-0.1292433440685272,-0.0093204323202371,-0.0121211810037493,0.0,-0.0166865345090627,-0.0091046802699565,0.0051916595548391,0.0006124546052888,0.0016000366304069,-0.017753230407834,-0.0199921689927578,0.0024929265491664,-0.0424173884093761,0.0018651344580575,-0.0022472424898296,-0.0325783193111419,-0.0290908813476562,0.0083386860787868,0.0215453170239925,0.0171755403280258,0.0014881293755024,0.0153221292421221,-0.0044444757513701,-0.0052356631495058,0.0336906239390373,-0.0055727651342749,0.0108359400182962,0.0245952978730201,0.0185257904231548,-0.0003176692698616,0.0051069213077425,-0.0019059551209966,0.0200841890478313,-0.01842439372833,0.0274062043804763,-0.0038119091519909,0.0556486714159829,-0.0104828429686093,0.0866114669441286,0.0804825334978058,0.4385564469490184,0.0535905201305684,0.2570214745571875,2019-02-26,2019-02-27,2019-02-28,2019-03-01,2019-03-04,2019-03-05,2019-03-06,2019-03-07,2019-03-08,2019-03-11,27983.0,2019-02-25,252.0,-0.0318%,0.0004,1.1233,0.1793,0.342,1.7410%,2.0718%,29.3884%,-0.001019,XRX,27983.0,2019-02-26,252.0,-0.0318%,0.0004,1.1198,0.1781,0.3388,1.7408%,2.0677%,29.1173%,0.003656,XRX,27983.0,2019-02-27,252.0,-0.1589%,0.0004,1.1214,0.1744,0.3391,1.7408%,2.0672%,29.0858%,-0.002629,XRX,27983.0,2019-02-28,252.0,-1.6550%,0.0004,1.1164,0.1706,0.3384,1.7403%,2.0622%,28.7793%,-0.012361,XRX,27983.0,2019-03-01,252.0,1.2621%,0.0003,1.1273,0.1867,0.3529,1.7376%,2.0636%,29.0964%,0.005352,XRX,27983.0,2019-03-04,252.0,0.2237%,0.0003,1.1353,0.1538,0.3523,1.7340%,2.0631%,29.3580%,0.007379,XRX,27983.0,2019-03-05,252.0,-0.8610%,0.0004,1.1418,0.2005,0.359,1.7274%,2.0613%,29.7754%,-0.005448,XRX,27983.0,2019-03-06,252.0,-0.7720%,0.0004,1.1429,0.1905,0.3589,1.7273%,2.0615%,29.7958%,0.0041649999999999,XRX,27983.0,2019-03-07,252.0,-1.9773%,0.0004,1.1508,0.2109,0.3753,1.7258%,2.0647%,30.1307%,-0.009174,XRX,27983.0,2019-03-08,252.0,0.1984%,0.0005,1.1497,0.2199,0.3729,1.7253%,2.0642%,30.1393%,0.004958,XRX,27983.0,2019-03-11,252.0,2.8053%,0.0005,1.1557,0.2228,0.3715,1.7267%,2.0715%,30.5159%,0.01198,XRX,0.002637,7.99999999999976e-06,-0.012353,0.0003779999999999,0.0068589999999999
41291,XEROX HOLDINGS CORP,"Xerox 10-K Shows 'At this stage, we do not anticipate a material impact from the additional China tariffs announced to date on the cost of our imported products'",6,increase,0.7,0.5,"the statement indicates that xerox does not expect a significant negative impact from additional tariffs, which may reassure investors and positively influence the stock price.",2,2019-02-25,XRX,2019-02-25 21:58:00+00:00,27983.0,98421M10,-0.0003175683959852,2440905.0,-0.0003176692698616,0.0051069213077425,-0.0015887905610725,0.0149011686444282,-0.0165499821305275,0.0071778539568185,0.0126214018091559,0.0062377066351473,0.0022371266968548,0.021119650453329,-0.0086097083985805,-0.0056666689924895,-0.0077195167541503,-0.0029910320881754,-0.0197731144726276,0.0273130498826503,0.0019841094035655,0.0068752411752939,0.0280528180301189,0.0037957422900944,-0.0006420692661777,-0.0152905452996492,0.0134918112307786,0.0155279766768217,-0.0148969674482941,0.0104602240025997,0.0170527882874012,0.0056100925430655,0.0126541508361697,0.0109890596941113,-0.0040612048469483,0.0017755411099642,0.0040777656249701,0.0402659848332405,0.028116263449192,0.1139917895197868,-0.0559100620448589,-0.0097800195217132,0.0022529673296958,0.0259197670966386,0.0285805854946374,0.0148494010791182,-0.0084295524284243,0.0081266267225146,0.0157430134713649,-0.002134065143764,-0.0009371690102852,0.0134082809090614,0.0322075933218002,0.0004327229980845,-0.0018175571458414,0.0131521765142679,0.004248843062669,0.0228699669241905,-0.001208852045238,0.0072267320938408,0.009984927251935,-0.0004514776228461,0.0110844494774937,0.0118775805458426,-0.0151110617443919,0.0143651282414794,0.0180504955351352,0.0330301858484745,0.0121158342808485,0.0215158239006996,0.0040875733830034,0.038598284125328,0.0040709329769015,-0.0218578558415174,0.0136113883927464,0.0187246426939964,-0.0094286240637302,0.0055979955941438,-0.0031726795714348,0.0111788269132375,-0.0217013880610466,-0.0010152516188099,0.0112391961738467,0.041226252913475,-0.0146241597831249,-0.0212105456739664,-0.0439299382269382,-0.0117586683481931,0.0031046969816088,-0.0537010468542575,0.0222840420901775,-0.0189843196421861,0.0099909733980894,-0.010333546437323,-0.0029976705554872,-0.1292433440685272,-0.0093204323202371,-0.0121211810037493,0.0,-0.0166865345090627,-0.0091046802699565,0.0051916595548391,0.0006124546052888,0.0016000366304069,-0.017753230407834,-0.0199921689927578,0.0024929265491664,-0.0424173884093761,0.0018651344580575,-0.0022472424898296,-0.0325783193111419,-0.0290908813476562,0.0083386860787868,0.0215453170239925,0.0171755403280258,0.0014881293755024,0.0153221292421221,-0.0044444757513701,-0.0052356631495058,0.0336906239390373,-0.0055727651342749,0.0108359400182962,0.0245952978730201,0.0185257904231548,-0.0003176692698616,0.0051069213077425,-0.0019059551209966,0.0200841890478313,-0.01842439372833,0.0274062043804763,-0.0038119091519909,0.0556486714159829,-0.0104828429686093,0.0866114669441286,0.0804825334978058,0.4385564469490184,0.0535905201305684,0.2570214745571875,2019-02-26,2019-02-27,2019-02-28,2019-03-01,2019-03-04,2019-03-05,2019-03-06,2019-03-07,2019-03-08,2019-03-11,27983.0,2019-02-25,252.0,-0.0318%,0.0004,1.1233,0.1793,0.342,1.7410%,2.0718%,29.3884%,-0.001019,XRX,27983.0,2019-02-26,252.0,-0.0318%,0.0004,1.1198,0.1781,0.3388,1.7408%,2.0677%,29.1173%,0.003656,XRX,27983.0,2019-02-27,252.0,-0.1589%,0.0004,1.1214,0.1744,0.3391,1.7408%,2.0672%,29.0858%,-0.002629,XRX,27983.0,2019-02-28,252.0,-1.6550%,0.0004,1.1164,0.1706,0.3384,1.7403%,2.0622%,28.7793%,-0.012361,XRX,27983.0,2019-03-01,252.0,1.2621%,0.0003,1.1273,0.1867,0.3529,1.7376%,2.0636%,29.0964%,0.005352,XRX,27983.0,2019-03-04,252.0,0.2237%,0.0003,1.1353,0.1538,0.3523,1.7340%,2.0631%,29.3580%,0.007379,XRX,27983.0,2019-03-05,252.0,-0.8610%,0.0004,1.1418,0.2005,0.359,1.7274%,2.0613%,29.7754%,-0.005448,XRX,27983.0,2019-03-06,252.0,-0.7720%,0.0004,1.1429,0.1905,0.3589,1.7273%,2.0615%,29.7958%,0.0041649999999999,XRX,27983.0,2019-03-07,252.0,-1.9773%,0.0004,1.1508,0.2109,0.3753,1.7258%,2.0647%,30.1307%,-0.009174,XRX,27983.0,2019-03-08,252.0,0.1984%,0.0005,1.1497,0.2199,0.3729,1.7253%,2.0642%,30.1393%,0.004958,XRX,27983.0,2019-03-11,252.0,2.8053%,0.0005,1.1557,0.2228,0.3715,1.7267%,2.0715%,30.5159%,0.01198,XRX,0.002637,7.99999999999976e-06,-0.012353,0.0003779999999999,0.0068589999999999
41299,XEROX HOLDINGS CORP,Xerox 10-K Just Out,6,uncertain,0.5,0.5,"the release of a 10-k report can contain both positive and negative information, making the impact on stock price uncertain without further context.",1,2019-02-25,XRX,2019-02-25 21:57:00+00:00,27983.0,98421M10,-0.0003175683959852,2440905.0,-0.0003176692698616,0.0051069213077425,-0.0015887905610725,0.0149011686444282,-0.0165499821305275,0.0071778539568185,0.0126214018091559,0.0062377066351473,0.0022371266968548,0.021119650453329,-0.0086097083985805,-0.0056666689924895,-0.0077195167541503,-0.0029910320881754,-0.0197731144726276,0.0273130498826503,0.0019841094035655,0.0068752411752939,0.0280528180301189,0.0037957422900944,-0.0006420692661777,-0.0152905452996492,0.0134918112307786,0.0155279766768217,-0.0148969674482941,0.0104602240025997,0.0170527882874012,0.0056100925430655,0.0126541508361697,0.0109890596941113,-0.0040612048469483,0.0017755411099642,0.0040777656249701,0.0402659848332405,0.028116263449192,0.1139917895197868,-0.0559100620448589,-0.0097800195217132,0.0022529673296958,0.0259197670966386,0.0285805854946374,0.0148494010791182,-0.0084295524284243,0.0081266267225146,0.0157430134713649,-0.002134065143764,-0.0009371690102852,0.0134082809090614,0.0322075933218002,0.0004327229980845,-0.0018175571458414,0.0131521765142679,0.004248843062669,0.0228699669241905,-0.001208852045238,0.0072267320938408,0.009984927251935,-0.0004514776228461,0.0110844494774937,0.0118775805458426,-0.0151110617443919,0.0143651282414794,0.0180504955351352,0.0330301858484745,0.0121158342808485,0.0215158239006996,0.0040875733830034,0.038598284125328,0.0040709329769015,-0.0218578558415174,0.0136113883927464,0.0187246426939964,-0.0094286240637302,0.0055979955941438,-0.0031726795714348,0.0111788269132375,-0.0217013880610466,-0.0010152516188099,0.0112391961738467,0.041226252913475,-0.0146241597831249,-0.0212105456739664,-0.0439299382269382,-0.0117586683481931,0.0031046969816088,-0.0537010468542575,0.0222840420901775,-0.0189843196421861,0.0099909733980894,-0.010333546437323,-0.0029976705554872,-0.1292433440685272,-0.0093204323202371,-0.0121211810037493,0.0,-0.0166865345090627,-0.0091046802699565,0.0051916595548391,0.0006124546052888,0.0016000366304069,-0.017753230407834,-0.0199921689927578,0.0024929265491664,-0.0424173884093761,0.0018651344580575,-0.0022472424898296,-0.0325783193111419,-0.0290908813476562,0.0083386860787868,0.0215453170239925,0.0171755403280258,0.0014881293755024,0.0153221292421221,-0.0044444757513701,-0.0052356631495058,0.0336906239390373,-0.0055727651342749,0.0108359400182962,0.0245952978730201,0.0185257904231548,-0.0003176692698616,0.0051069213077425,-0.0019059551209966,0.0200841890478313,-0.01842439372833,0.0274062043804763,-0.0038119091519909,0.0556486714159829,-0.0104828429686093,0.0866114669441286,0.0804825334978058,0.4385564469490184,0.0535905201305684,0.2570214745571875,2019-02-26,2019-02-27,2019-02-28,2019-03-01,2019-03-04,2019-03-05,2019-03-06,2019-03-07,2019-03-08,2019-03-11,27983.0,2019-02-25,252.0,-0.0318%,0.0004,1.1233,0.1793,0.342,1.7410%,2.0718%,29.3884%,-0.001019,XRX,27983.0,2019-02-26,252.0,-0.0318%,0.0004,1.1198,0.1781,0.3388,1.7408%,2.0677%,29.1173%,0.003656,XRX,27983.0,2019-02-27,252.0,-0.1589%,0.0004,1.1214,0.1744,0.3391,1.7408%,2.0672%,29.0858%,-0.002629,XRX,27983.0,2019-02-28,252.0,-1.6550%,0.0004,1.1164,0.1706,0.3384,1.7403%,2.0622%,28.7793%,-0.012361,XRX,27983.0,2019-03-01,252.0,1.2621%,0.0003,1.1273,0.1867,0.3529,1.7376%,2.0636%,29.0964%,0.005352,XRX,27983.0,2019-03-04,252.0,0.2237%,0.0003,1.1353,0.1538,0.3523,1.7340%,2.0631%,29.3580%,0.007379,XRX,27983.0,2019-03-05,252.0,-0.8610%,0.0004,1.1418,0.2005,0.359,1.7274%,2.0613%,29.7754%,-0.005448,XRX,27983.0,2019-03-06,252.0,-0.7720%,0.0004,1.1429,0.1905,0.3589,1.7273%,2.0615%,29.7958%,0.0041649999999999,XRX,27983.0,2019-03-07,252.0,-1.9773%,0.0004,1.1508,0.2109,0.3753,1.7258%,2.0647%,30.1307%,-0.009174,XRX,27983.0,2019-03-08,252.0,0.1984%,0.0005,1.1497,0.2199,0.3729,1.7253%,2.0642%,30.1393%,0.004958,XRX,27983.0,2019-03-11,252.0,2.8053%,0.0005,1.1557,0.2228,0.3715,1.7267%,2.0715%,30.5159%,0.01198,XRX,0.002637,7.99999999999976e-06,-0.012353,0.0003779999999999,0.0068589999999999
41307,ZOETIS INC,"BMO Capital Maintains Market Perform on Zoetis, Raises Price Target to $101",6,increase,0.7,0.6,"the maintenance of a 'market perform' rating combined with a raised price target suggests a positive outlook for zoetis, likely leading to an increase in stock price.",2,2019-02-25,ZTS,2019-02-25 15:11:00+00:00,13788.0,98978V10,-0.0023253485560417,1295510.0,-0.0095349242910742,0.0121964197605848,0.0033159181475639,-0.0097467759624123,0.0045842248946428,-0.0054789194837212,0.0161307081580162,-0.0048233098350465,0.0012532924301922,0.0226249247789382,-0.0009388126200065,0.0567705631256103,-0.0168093610554933,0.0084561519324779,-0.0172028802335262,0.014373542740941,-0.0015126891667023,-0.0064494432881474,0.0251055043190717,0.0071917730383574,0.0107674086466431,-0.0156428720802068,0.0123237632215023,0.0024035605601966,-0.0075312429107725,0.0045993044041097,0.0073805274441838,-0.0019508625846356,0.0088741406798362,0.0113741373643279,0.0097167287021875,0.0125750070437789,-0.0022285375744104,0.00805583037436,0.0115735977888107,0.0090855006128549,-0.0171617735177278,-0.0122800907120108,0.0,0.0123117230832576,0.0090881176292896,-0.0003584511578083,-0.0030358536168932,-0.004756735637784,0.0088307224214077,-0.0059108645655214,0.0128785474225878,0.0040355650708079,0.0086421249434351,0.014469426125288,0.0049241678789258,-0.0188656821846962,0.0007840241887606,0.0036686102394014,-0.0013709301128983,-0.0181268602609634,0.0013728121994063,0.0018625847296789,0.0010771700181066,-0.0038269953802227,-0.0075320773757994,-0.0035821301862597,-0.0012812661007046,0.0148939173668623,-0.0026646035257726,0.0060169240459799,0.0060360245406627,0.0392349772155284,-0.0040326155722141,-0.0345644615590572,-0.0206399746239185,-0.0123918345198035,-0.0103458184748888,0.0124275423586368,0.0107164252549409,0.0018972611287608,0.0110068060457706,0.0170043855905532,0.0184778105467557,0.0459132120013237,-0.008531947620213,-0.0293829757720232,0.0072206067852675,-0.0089783780276775,0.0149268051609396,-0.0122244032099843,-0.0202225092798471,-0.0182373858988285,0.0057277721352875,0.0005885969148948,-0.0004909213166683,-0.0396833755075931,0.0133608467876911,-0.0273807495832443,0.005816756747663,0.0023145494051277,-0.0040481751784682,0.0103563508018851,-0.0189683437347412,0.0098965913057327,0.0048337560147047,0.0094222025945782,-0.0018653292208909,-0.0256609581410884,0.0060981879942119,-0.0017665455816313,-0.0091895824298262,-0.0320615582168102,-0.0009866647887974,-0.0031959416810423,0.0058271242305636,0.0118573475629091,0.0107031026855111,-0.0003233449242543,-0.0093267178162932,0.0288249030709266,0.002451701555401,0.0075960718095302,0.0015652126166969,0.0031375929247587,-0.0095349242910742,0.0121964197605848,-0.0062506231720027,0.0023307680272224,-0.001695052539712,-0.0031609215468552,0.0156796634805567,0.0144756418085438,0.0036021192411834,0.0974365109107926,0.0830596887841592,0.0993176807319093,0.0864642746808741,0.0622385688894757,2019-02-26,2019-02-27,2019-02-28,2019-03-01,2019-03-04,2019-03-05,2019-03-06,2019-03-07,2019-03-08,2019-03-11,13788.0,2019-02-25,252.0,-0.2325%,0.0003,0.9555,-0.108,-0.354,0.9785%,1.4816%,56.3780%,-0.004787,ZTS,13788.0,2019-02-26,252.0,-0.9535%,0.0003,0.9521,-0.0905,-0.3476,0.9790%,1.4749%,55.9466%,-0.009966,ZTS,13788.0,2019-02-27,252.0,0.3316%,0.0003,0.9546,-0.0944,-0.3472,0.9784%,1.4746%,55.9783%,0.002114,ZTS,13788.0,2019-02-28,252.0,0.4584%,0.0004,0.949,-0.098,-0.3528,0.9778%,1.4693%,55.7093%,0.006594,ZTS,13788.0,2019-03-01,252.0,1.6131%,0.0004,0.9498,-0.0968,-0.3551,0.9790%,1.4710%,55.7035%,0.008081,ZTS,13788.0,2019-03-04,252.0,0.1253%,0.0004,0.9521,-0.1104,-0.3543,0.9790%,1.4705%,55.6734%,0.0070999999999999,ZTS,13788.0,2019-03-05,252.0,-0.0939%,0.0004,0.9516,-0.1149,-0.3543,0.9789%,1.4693%,55.6135%,-0.000603,ZTS,13788.0,2019-03-06,252.0,-1.6809%,0.0004,0.9574,-0.0943,-0.3449,0.9809%,1.4728%,55.6403%,-0.010212,ZTS,13788.0,2019-03-07,252.0,-1.7203%,0.0003,0.9642,-0.0821,-0.3323,0.9822%,1.4767%,55.7605%,-0.010647,ZTS,13788.0,2019-03-08,252.0,-0.1513%,0.0003,0.9644,-0.0836,-0.332,0.9822%,1.4767%,55.7626%,-5e-06,ZTS,13788.0,2019-03-11,252.0,2.5106%,0.0004,0.9688,-0.076,-0.33,0.9834%,1.4837%,56.0649%,0.009221,ZTS,-0.014753,-0.012639,-0.006045,0.0091359999999999,-0.00311
4595,AGILENT TECHNOLOGIES INC,"Barclays Maintains Overweight on Agilent Technologies, Raises Price Target to $83",6,increase,0.8,0.6,maintaining an 'overweight' rating and raising the price target typically signals positive sentiment and potential for stock price appreciation.,2,2019-02-21,A,2019-02-21 13:00:00+00:00,87432.0,00846U10,-0.008528490550816,3570828.0,0.0068044522777199,0.0134159047156572,0.0117316776886582,-0.0099617671221494,-0.0099570620805025,0.0166191440075635,0.0110756857320666,-0.0029773898422718,0.0002518795372452,0.0023355430457741,0.0226585511118173,0.0130125898867845,-0.0136632276698947,0.0036939152050763,-0.0048670833930373,0.0062392302788794,-0.0124153234064579,-0.0127129908651113,-0.0002539256238378,-0.0001309724466409,-0.009526228532195,0.0036827407311648,0.0169274117797613,-0.0001315378176514,0.0079444795846939,-0.0001315205299761,0.002502151299268,0.0080859037116169,0.00599030777812,0.0255574360489845,0.0060786237008869,0.0039579765871167,-0.0016029254766181,-0.0051596043631434,0.0028405054472386,0.0203657690435648,-0.0034482609480619,0.0073970519006252,0.0133465379476547,0.0046270587481558,-0.0367073416709899,-0.0084804752841591,0.0067096948623657,0.0156735479831695,0.0142103238031268,0.0112808933481574,-0.0204587914049625,-0.0080736503005027,0.0088607212528586,0.0121863577514886,0.0085319988429546,-0.0089513678103685,0.0167205817997455,0.0068668914027512,-0.0051495609804987,0.0093863038346171,0.0098595395684242,0.0209346618503332,-0.0135465040802955,0.0146597363054752,0.0079178446903824,0.021234331652522,0.0027003954164683,0.0346135385334491,-0.0033052302896976,-0.0368397310376167,0.0031933449208736,-0.0262377206236124,-0.0073457206599414,0.0227410551160574,-0.0012333309277892,-0.0053550577722489,-0.0071622845716774,0.0143424235284328,-0.0354477427899837,0.0457954816520214,-0.0273372363299131,-0.0097962198778986,0.0098103918135166,-0.0291455965489149,-0.0078770974650979,-0.0245398674160242,-0.0001323559117736,-0.0170612744987011,0.0030439831316471,0.0020633661188185,0.0122707523405551,-0.0217705033719539,0.0091240480542182,-0.0250210687518119,-0.0011624430771917,-0.0085017504170537,0.0151299387216568,0.0098521737381815,-0.0131210032850503,0.0065165990963578,0.0094229467213153,0.0048398054204881,0.0139386700466275,-0.0230844616889953,0.0007566850399598,-0.0137155391275882,-0.0337744206190109,-0.0235703028738498,-0.000782542861998,0.0320663414895534,0.0050907111726701,0.0108984038233757,0.001298681483604,0.0012590421829372,-0.0422827787697315,0.0305652059614658,0.0293879453092813,0.0015884564490988,-0.1101171225309372,0.0152470450848341,0.0245417449623346,0.0072356448508799,-0.0027417377568781,0.0029621531721204,0.0068044522777199,0.0134159047156572,0.0186159576073483,0.0033204914749973,0.0084735352812614,0.0199948192085597,0.0198998984520788,0.0193330459388492,0.0107844905811833,0.0294849959606056,0.0398322589502277,0.1751682790940611,-0.1109389292910931,0.1664000229985993,2019-02-22,2019-02-25,2019-02-26,2019-02-27,2019-02-28,2019-03-01,2019-03-04,2019-03-05,2019-03-06,2019-03-07,87432.0,2019-02-21,252.0,-0.8528%,0.0002,0.9862,-0.108,-0.4487,1.1820%,1.6671%,49.7287%,-0.0060729999999999,A,87432.0,2019-02-22,252.0,0.6804%,0.0001,0.9875,-0.1206,-0.4449,1.1814%,1.6676%,49.8066%,-0.0057079999999999,A,87432.0,2019-02-25,252.0,1.1732%,0.0002,0.9863,-0.1262,-0.4523,1.1810%,1.6682%,49.8751%,0.0090359999999999,A,87432.0,2019-02-26,252.0,-0.9957%,0.0002,0.9984,-0.1227,-0.4415,1.1785%,1.6695%,50.1688%,-0.010779,A,87432.0,2019-02-27,252.0,1.1076%,0.0003,1.0049,-0.1314,-0.4404,1.1767%,1.6707%,50.4000%,0.00978,A,87432.0,2019-02-28,252.0,0.0252%,0.0003,0.9989,-0.1354,-0.4451,1.1749%,1.6644%,50.1705%,0.002192,A,87432.0,2019-03-01,252.0,2.2659%,0.0004,1.0035,-0.1286,-0.4443,1.1779%,1.6696%,50.2257%,0.013989,A,87432.0,2019-03-04,252.0,-1.3663%,0.0004,1.0021,-0.117,-0.4455,1.1785%,1.6680%,50.0845%,-0.007316,A,87432.0,2019-03-05,252.0,-0.4867%,0.0004,1.0044,-0.1026,-0.442,1.1782%,1.6684%,50.1296%,-0.004685,A,87432.0,2019-03-06,252.0,-1.2415%,0.0004,1.012,-0.0957,-0.4325,1.1770%,1.6705%,50.3516%,-0.0051839999999999,A,87432.0,2019-03-07,252.0,-0.0254%,0.0004,1.0079,-0.104,-0.4403,1.1772%,1.6698%,50.3018%,0.00646,A,-0.011781,-0.002745,-0.013524,-0.001552,0.0017119999999999
4603,APPLIED OPTOELECTRONICS INC,Applied Optoelectronics Sees Q1 Sales $50M-$55M vs $64.6M Estimate,6,decrease,0.8,0.7,"the company's projected sales for q1 are significantly lower than analyst estimates, which is likely to negatively impact investor sentiment and lead to a decrease in stock price.",0,2019-02-21,AAOI,2019-02-21 21:11:00+00:00,14145.0,03823U10,-0.0006844131276011,2179488.0,0.0561643615365028,-0.0214333981275558,0.0898184329271316,-0.0066533219069242,-0.0163641534745693,0.0210597459226846,-0.0108893103897571,-0.0147255230695009,-0.174311950802803,0.0190995726734399,-0.019259275868535,-0.0703868493437767,0.0551359914243221,-0.0069269305095076,-0.02362204156816,0.0034755328670144,-0.024926695972681,-0.089994229376316,-0.0218045078217983,0.0057836016640067,-0.0099923219531774,-0.0281056761741638,0.0326087027788162,0.0289184488356113,0.0142856827005744,-0.005178265273571,0.0437361113727092,0.0034641723614186,-0.0170454382896423,0.0278931334614753,0.0115606822073459,-0.0023682066239416,0.0049999780021607,-0.0320917665958404,-0.0177683010697364,0.0436603762209415,-0.0274963900446891,0.0314620770514011,0.0230655074119567,-0.0036878532264381,-0.0756363645195961,-0.0192887093871831,-0.0306845270097255,0.0342892259359359,0.0024351207539439,0.0056427028030157,-0.0121457949280738,-0.0129950521513819,-0.0008196909329853,0.0131661463528871,0.0008203633478842,-0.0268456134945154,0.0327869318425655,0.0073754717595875,-0.0373016074299812,0.0093051865696907,0.0272052697837352,0.0068707438185811,0.0232744757086038,0.0210459139198064,-0.0023529201280325,0.0090090315788984,-0.0172956176102161,0.0318724773824214,-0.0351999662816524,-0.0516372583806514,0.0199004784226417,0.0291639529168605,0.0056910319253802,0.0266134776175022,0.0582053586840629,0.0073726312257349,-0.0557678006589412,-0.0006698076613247,0.0226537771522998,0.0787572339177131,-0.0055380258709192,-0.0474879294633865,0.0015911263180896,-0.0453351214528083,-0.0174742061644792,0.0207914430648088,0.0024252007715404,-0.0324464626610279,0.0306451711803674,-0.0993571430444717,-0.0289514791220426,-0.0278408955782651,0.0136986365541815,-0.0785340294241905,-0.0111288027837872,-0.0372983738780021,0.0064309388399124,0.0035407026298344,-0.0199680496007204,0.0015197916654869,-0.0146699510514736,0.0313479825854301,0.0421836413443088,-0.043956097215414,0.0071427933871746,-0.0538752079010009,-0.0480693206191062,-0.0194624681025743,-0.0016555880429223,0.0480815805494785,-0.0936981812119484,0.0152859687805175,-0.0201281122863292,-0.0183929894119501,-0.0513538941740989,0.0329999923706054,0.0216535702347755,-0.0200881846249103,-0.0356454588472843,0.003935067448765,-0.0299700479954481,0.0034550689160823,-0.0556127652525901,0.0310432892292738,0.0561643615365028,-0.0214333981275558,0.1510273894031959,-0.0279441167371782,0.1321918005495692,-0.0074728668130124,-0.0753424937477675,-0.0034106533444736,-0.1089041186642062,-0.1550029582258114,-0.1267123555315721,-0.0682398373126776,-0.3719178206301372,-0.2564885576773344,2019-02-22,2019-02-25,2019-02-26,2019-02-27,2019-02-28,2019-03-01,2019-03-04,2019-03-05,2019-03-06,2019-03-07,14145.0,2019-02-21,252.0,-0.0684%,-0.003,1.0674,1.5777,-0.3479,3.9762%,4.2686%,13.2269%,0.003293,AAOI,14145.0,2019-02-22,252.0,5.6164%,-0.003,1.0636,1.5421,-0.4265,3.9781%,4.2774%,13.5068%,0.035335,AAOI,14145.0,2019-02-25,252.0,8.9818%,-0.0018,1.0393,1.4717,-0.5534,3.8093%,4.1235%,14.6577%,0.091365,AAOI,14145.0,2019-02-26,252.0,-1.6364%,-0.0019,1.0349,1.4834,-0.5507,3.8090%,4.1227%,14.6390%,-0.007209,AAOI,14145.0,2019-02-27,252.0,-1.0889%,-0.0019,1.0361,1.4773,-0.5506,3.8099%,4.1232%,14.6174%,-0.0154,AAOI,14145.0,2019-02-28,252.0,-17.4312%,-0.0025,1.0678,1.4934,-0.4876,3.9589%,4.2626%,13.7428%,-0.172872,AAOI,14145.0,2019-03-01,252.0,-1.9259%,-0.0028,1.0863,1.521,-0.4446,3.9550%,4.2613%,13.8612%,-0.033319,AAOI,14145.0,2019-03-04,252.0,5.5136%,-0.0025,1.076,1.4911,-0.4273,3.9803%,4.2765%,13.3742%,0.068513,AAOI,14145.0,2019-03-05,252.0,-2.3622%,-0.0025,1.0832,1.5363,-0.4164,3.9794%,4.2785%,13.4906%,-0.018286,AAOI,14145.0,2019-03-06,252.0,-2.4927%,-0.0024,1.0898,1.5159,-0.4117,3.9781%,4.2802%,13.6150%,0.003606,AAOI,14145.0,2019-03-07,252.0,-2.1805%,-0.0024,1.0983,1.5364,-0.3946,3.9777%,4.2820%,13.7082%,-0.013255,AAOI,0.0386279999999999,0.129993,0.122784,-0.0654879999999999,-0.0582289999999999
4611,APPLIED OPTOELECTRONICS INC,"Applied Optoelectronics Q4 EPS $(0.02) Beats $(0.04) Estimate, Sales $58.9M Miss $60.28M Estimate",6,uncertain,0.6,0.3,"while the eps beat expectations, the sales miss could lead to mixed reactions from investors, making the overall impact on the stock price uncertain.",1,2019-02-21,AAOI,2019-02-21 21:10:00+00:00,14145.0,03823U10,-0.0006844131276011,2179488.0,0.0561643615365028,-0.0214333981275558,0.0898184329271316,-0.0066533219069242,-0.0163641534745693,0.0210597459226846,-0.0108893103897571,-0.0147255230695009,-0.174311950802803,0.0190995726734399,-0.019259275868535,-0.0703868493437767,0.0551359914243221,-0.0069269305095076,-0.02362204156816,0.0034755328670144,-0.024926695972681,-0.089994229376316,-0.0218045078217983,0.0057836016640067,-0.0099923219531774,-0.0281056761741638,0.0326087027788162,0.0289184488356113,0.0142856827005744,-0.005178265273571,0.0437361113727092,0.0034641723614186,-0.0170454382896423,0.0278931334614753,0.0115606822073459,-0.0023682066239416,0.0049999780021607,-0.0320917665958404,-0.0177683010697364,0.0436603762209415,-0.0274963900446891,0.0314620770514011,0.0230655074119567,-0.0036878532264381,-0.0756363645195961,-0.0192887093871831,-0.0306845270097255,0.0342892259359359,0.0024351207539439,0.0056427028030157,-0.0121457949280738,-0.0129950521513819,-0.0008196909329853,0.0131661463528871,0.0008203633478842,-0.0268456134945154,0.0327869318425655,0.0073754717595875,-0.0373016074299812,0.0093051865696907,0.0272052697837352,0.0068707438185811,0.0232744757086038,0.0210459139198064,-0.0023529201280325,0.0090090315788984,-0.0172956176102161,0.0318724773824214,-0.0351999662816524,-0.0516372583806514,0.0199004784226417,0.0291639529168605,0.0056910319253802,0.0266134776175022,0.0582053586840629,0.0073726312257349,-0.0557678006589412,-0.0006698076613247,0.0226537771522998,0.0787572339177131,-0.0055380258709192,-0.0474879294633865,0.0015911263180896,-0.0453351214528083,-0.0174742061644792,0.0207914430648088,0.0024252007715404,-0.0324464626610279,0.0306451711803674,-0.0993571430444717,-0.0289514791220426,-0.0278408955782651,0.0136986365541815,-0.0785340294241905,-0.0111288027837872,-0.0372983738780021,0.0064309388399124,0.0035407026298344,-0.0199680496007204,0.0015197916654869,-0.0146699510514736,0.0313479825854301,0.0421836413443088,-0.043956097215414,0.0071427933871746,-0.0538752079010009,-0.0480693206191062,-0.0194624681025743,-0.0016555880429223,0.0480815805494785,-0.0936981812119484,0.0152859687805175,-0.0201281122863292,-0.0183929894119501,-0.0513538941740989,0.0329999923706054,0.0216535702347755,-0.0200881846249103,-0.0356454588472843,0.003935067448765,-0.0299700479954481,0.0034550689160823,-0.0556127652525901,0.0310432892292738,0.0561643615365028,-0.0214333981275558,0.1510273894031959,-0.0279441167371782,0.1321918005495692,-0.0074728668130124,-0.0753424937477675,-0.0034106533444736,-0.1089041186642062,-0.1550029582258114,-0.1267123555315721,-0.0682398373126776,-0.3719178206301372,-0.2564885576773344,2019-02-22,2019-02-25,2019-02-26,2019-02-27,2019-02-28,2019-03-01,2019-03-04,2019-03-05,2019-03-06,2019-03-07,14145.0,2019-02-21,252.0,-0.0684%,-0.003,1.0674,1.5777,-0.3479,3.9762%,4.2686%,13.2269%,0.003293,AAOI,14145.0,2019-02-22,252.0,5.6164%,-0.003,1.0636,1.5421,-0.4265,3.9781%,4.2774%,13.5068%,0.035335,AAOI,14145.0,2019-02-25,252.0,8.9818%,-0.0018,1.0393,1.4717,-0.5534,3.8093%,4.1235%,14.6577%,0.091365,AAOI,14145.0,2019-02-26,252.0,-1.6364%,-0.0019,1.0349,1.4834,-0.5507,3.8090%,4.1227%,14.6390%,-0.007209,AAOI,14145.0,2019-02-27,252.0,-1.0889%,-0.0019,1.0361,1.4773,-0.5506,3.8099%,4.1232%,14.6174%,-0.0154,AAOI,14145.0,2019-02-28,252.0,-17.4312%,-0.0025,1.0678,1.4934,-0.4876,3.9589%,4.2626%,13.7428%,-0.172872,AAOI,14145.0,2019-03-01,252.0,-1.9259%,-0.0028,1.0863,1.521,-0.4446,3.9550%,4.2613%,13.8612%,-0.033319,AAOI,14145.0,2019-03-04,252.0,5.5136%,-0.0025,1.076,1.4911,-0.4273,3.9803%,4.2765%,13.3742%,0.068513,AAOI,14145.0,2019-03-05,252.0,-2.3622%,-0.0025,1.0832,1.5363,-0.4164,3.9794%,4.2785%,13.4906%,-0.018286,AAOI,14145.0,2019-03-06,252.0,-2.4927%,-0.0024,1.0898,1.5159,-0.4117,3.9781%,4.2802%,13.6150%,0.003606,AAOI,14145.0,2019-03-07,252.0,-2.1805%,-0.0024,1.0983,1.5364,-0.3946,3.9777%,4.2820%,13.7082%,-0.013255,AAOI,0.0386279999999999,0.129993,0.122784,-0.0654879999999999,-0.0582289999999999
4619,APPLIED OPTOELECTRONICS INC,Applied Optoelectronics Q4 Earnings Preview,6,uncertain,0.6,0.5,"the earnings preview does not provide specific information about the expected performance, making it difficult to predict the stock price movement with certainty.",1,2019-02-21,AAOI,2019-02-21 12:55:00+00:00,14145.0,03823U10,-0.0006844131276011,2179488.0,0.0561643615365028,-0.0214333981275558,0.0898184329271316,-0.0066533219069242,-0.0163641534745693,0.0210597459226846,-0.0108893103897571,-0.0147255230695009,-0.174311950802803,0.0190995726734399,-0.019259275868535,-0.0703868493437767,0.0551359914243221,-0.0069269305095076,-0.02362204156816,0.0034755328670144,-0.024926695972681,-0.089994229376316,-0.0218045078217983,0.0057836016640067,-0.0099923219531774,-0.0281056761741638,0.0326087027788162,0.0289184488356113,0.0142856827005744,-0.005178265273571,0.0437361113727092,0.0034641723614186,-0.0170454382896423,0.0278931334614753,0.0115606822073459,-0.0023682066239416,0.0049999780021607,-0.0320917665958404,-0.0177683010697364,0.0436603762209415,-0.0274963900446891,0.0314620770514011,0.0230655074119567,-0.0036878532264381,-0.0756363645195961,-0.0192887093871831,-0.0306845270097255,0.0342892259359359,0.0024351207539439,0.0056427028030157,-0.0121457949280738,-0.0129950521513819,-0.0008196909329853,0.0131661463528871,0.0008203633478842,-0.0268456134945154,0.0327869318425655,0.0073754717595875,-0.0373016074299812,0.0093051865696907,0.0272052697837352,0.0068707438185811,0.0232744757086038,0.0210459139198064,-0.0023529201280325,0.0090090315788984,-0.0172956176102161,0.0318724773824214,-0.0351999662816524,-0.0516372583806514,0.0199004784226417,0.0291639529168605,0.0056910319253802,0.0266134776175022,0.0582053586840629,0.0073726312257349,-0.0557678006589412,-0.0006698076613247,0.0226537771522998,0.0787572339177131,-0.0055380258709192,-0.0474879294633865,0.0015911263180896,-0.0453351214528083,-0.0174742061644792,0.0207914430648088,0.0024252007715404,-0.0324464626610279,0.0306451711803674,-0.0993571430444717,-0.0289514791220426,-0.0278408955782651,0.0136986365541815,-0.0785340294241905,-0.0111288027837872,-0.0372983738780021,0.0064309388399124,0.0035407026298344,-0.0199680496007204,0.0015197916654869,-0.0146699510514736,0.0313479825854301,0.0421836413443088,-0.043956097215414,0.0071427933871746,-0.0538752079010009,-0.0480693206191062,-0.0194624681025743,-0.0016555880429223,0.0480815805494785,-0.0936981812119484,0.0152859687805175,-0.0201281122863292,-0.0183929894119501,-0.0513538941740989,0.0329999923706054,0.0216535702347755,-0.0200881846249103,-0.0356454588472843,0.003935067448765,-0.0299700479954481,0.0034550689160823,-0.0556127652525901,0.0310432892292738,0.0561643615365028,-0.0214333981275558,0.1510273894031959,-0.0279441167371782,0.1321918005495692,-0.0074728668130124,-0.0753424937477675,-0.0034106533444736,-0.1089041186642062,-0.1550029582258114,-0.1267123555315721,-0.0682398373126776,-0.3719178206301372,-0.2564885576773344,2019-02-22,2019-02-25,2019-02-26,2019-02-27,2019-02-28,2019-03-01,2019-03-04,2019-03-05,2019-03-06,2019-03-07,14145.0,2019-02-21,252.0,-0.0684%,-0.003,1.0674,1.5777,-0.3479,3.9762%,4.2686%,13.2269%,0.003293,AAOI,14145.0,2019-02-22,252.0,5.6164%,-0.003,1.0636,1.5421,-0.4265,3.9781%,4.2774%,13.5068%,0.035335,AAOI,14145.0,2019-02-25,252.0,8.9818%,-0.0018,1.0393,1.4717,-0.5534,3.8093%,4.1235%,14.6577%,0.091365,AAOI,14145.0,2019-02-26,252.0,-1.6364%,-0.0019,1.0349,1.4834,-0.5507,3.8090%,4.1227%,14.6390%,-0.007209,AAOI,14145.0,2019-02-27,252.0,-1.0889%,-0.0019,1.0361,1.4773,-0.5506,3.8099%,4.1232%,14.6174%,-0.0154,AAOI,14145.0,2019-02-28,252.0,-17.4312%,-0.0025,1.0678,1.4934,-0.4876,3.9589%,4.2626%,13.7428%,-0.172872,AAOI,14145.0,2019-03-01,252.0,-1.9259%,-0.0028,1.0863,1.521,-0.4446,3.9550%,4.2613%,13.8612%,-0.033319,AAOI,14145.0,2019-03-04,252.0,5.5136%,-0.0025,1.076,1.4911,-0.4273,3.9803%,4.2765%,13.3742%,0.068513,AAOI,14145.0,2019-03-05,252.0,-2.3622%,-0.0025,1.0832,1.5363,-0.4164,3.9794%,4.2785%,13.4906%,-0.018286,AAOI,14145.0,2019-03-06,252.0,-2.4927%,-0.0024,1.0898,1.5159,-0.4117,3.9781%,4.2802%,13.6150%,0.003606,AAOI,14145.0,2019-03-07,252.0,-2.1805%,-0.0024,1.0983,1.5364,-0.3946,3.9777%,4.2820%,13.7082%,-0.013255,AAOI,0.0386279999999999,0.129993,0.122784,-0.0654879999999999,-0.0582289999999999
4627,ADICET BIO INC,Aceto shares are trading lower on continued weakness after the company filed for Ch 11 bankruptcy relief and announced the proposed sale of its chemicals business for $338 million.,6,uncertain,0.4,0.2,"the news about aceto's bankruptcy and sale does not directly relate to adicet bio inc, making the impact on its stock price uncertain.",1,2019-02-21,ACET,2019-02-21 16:12:00+00:00,17272.0,00700210,0.0,97482.0,0.0037360757123678,-0.0348557643592357,-0.0062034972943365,0.0374063849449157,0.0324594527482986,0.0050125862471759,0.0314388461410999,-0.0488677360117435,0.0035170793998986,0.0409429147839546,0.024532712996006,-0.0024751862511038,0.0,-0.0460449047386646,-0.0216648261994123,0.0131579684093594,-0.0501165874302387,0.0773195102810859,-0.0196318831294775,-0.0038510567974299,0.0287860445678234,-0.0274657011032104,0.0766423493623733,-0.0707656219601631,-0.0677966475486755,-0.0292793046683073,0.0436363220214843,-0.0033669734839349,0.0069686900824308,0.0905752480030059,0.0103806406259536,-0.0376913659274578,0.0331050157546997,0.0253623239696025,-0.2287292927503586,0.0534350611269474,-0.0931232199072837,-0.0472727119922637,0.0173775888979435,-0.0072202668525278,0.0046583437360823,-0.03707991912961,0.0030911872163414,0.0720496773719787,0.0554699748754501,-0.0049443710595369,0.0248175300657749,0.0012376521481201,0.0,0.0074812299571931,-0.02849000133574,-0.0135300932452082,0.019061530008912,-0.018115896731615,0.0,-0.0427745543420314,-0.0014388132840394,0.0200471803545951,-0.002881841501221,-0.0482604168355464,0.0057803411036729,0.0148063916712999,0.0,0.0591073296964168,0.0014367459807544,-0.0685392916202545,0.0717360153794288,0.0324825681746006,-0.0227576438337564,-0.0204545799642801,0.0698629766702652,0.02803735435009,-0.0819462090730667,0.0740276873111724,0.0125523228198289,-0.0087064886465668,-0.0330578833818435,0.0012453586095944,-0.042735069990158,-0.1077778041362762,-0.0327380634844303,-0.064449056982994,0.0830769166350364,-0.0437376275658607,0.0909090712666511,-0.0728110522031784,-0.0182291492819786,-0.1193181276321411,0.0305039808154106,-0.0805970132350921,0.0694981291890144,0.0197868552058935,-0.031287632882595,0.0403800643980503,-0.0012422644067555,0.0023809310514479,0.0049751196056604,0.044776115566492,0.0099009806290268,-0.0420968793332576,-0.0024509197100996,0.0642434656620025,-0.01719905808568,-0.0927914157509803,-0.0012500286102294,-0.0015314285410568,0.0901126787066459,-0.0053312792442739,0.009184836409986,-0.0216095354408025,-0.080773614346981,0.00373972998932,0.0061881425790488,-0.0074239331297576,-0.0246002804487943,0.0385504998266696,0.0189155228435993,0.0310016181319952,-0.0247524511069059,0.03030302003026,0.0037360757123678,-0.0348557643592357,-0.0024905983175417,0.0012467924465091,0.0298880109723536,0.0062656283483555,0.0660025773221797,-0.0037221706063873,-0.004981317590241,0.0308086959417259,-0.1382315869114162,-0.0987654522273989,-0.0186798959797247,-0.3423423733289006,2019-02-22,2019-02-25,2019-02-26,2019-02-27,2019-02-28,2019-03-01,2019-03-04,2019-03-05,2019-03-06,2019-03-07,17272.0,2019-02-21,252.0,0.0000%,-0.0027,1.3967,-0.1101,-1.2188,5.4317%,5.7533%,10.8656%,0.002038,TORC,17272.0,2019-02-22,252.0,0.3736%,-0.0029,1.4008,-0.1446,-1.2018,5.4313%,5.7529%,10.8671%,-0.022753,TORC,17272.0,2019-02-25,252.0,-0.6203%,-0.0029,1.4003,-0.1411,-1.2016,5.4315%,5.7530%,10.8633%,-0.010944,TORC,17272.0,2019-02-26,252.0,3.2459%,-0.0029,1.3695,-0.1566,-1.2326,5.4295%,5.7433%,10.6295%,0.029731,TORC,17272.0,2019-02-27,252.0,3.1439%,-0.0027,1.3818,-0.1692,-1.2305,5.4306%,5.7468%,10.7017%,0.028925,TORC,17272.0,2019-02-28,252.0,0.3517%,-0.0026,1.3688,-0.1779,-1.2416,5.4291%,5.7415%,10.5867%,0.004658,TORC,17272.0,2019-03-01,252.0,2.4533%,-0.0025,1.3718,-0.1735,-1.2429,5.4297%,5.7435%,10.6287%,0.010136,TORC,17272.0,2019-03-04,252.0,0.0000%,-0.0023,1.3524,-0.1214,-1.2351,5.4251%,5.7325%,10.4379%,0.0111969999999999,TORC,17272.0,2019-03-05,252.0,-2.1665%,-0.0022,1.3664,-0.026,-1.2175,5.4184%,5.7300%,10.5821%,-0.0227959999999999,TORC,17272.0,2019-03-06,252.0,-5.0117%,-0.0023,1.3895,0.0417,-1.1822,5.4222%,5.7382%,10.7098%,-0.038569,TORC,17272.0,2019-03-07,252.0,-1.9632%,-0.0022,1.4004,0.0761,-1.1579,5.4201%,5.7375%,10.7603%,-0.0121999999999999,TORC,-0.020715,-0.031659,-0.001928,0.0316549999999999,-0.020577
4635,ARES COMMERCIAL REAL ESTATE CORP,Ares Commercial Real Q4 Core EPS $0.38 Beats $0.32 Estimate,6,increase,0.8,0.6,"the reported q4 core eps of $0.38 beating the estimate of $0.32 is likely to be viewed positively by investors, suggesting stronger financial performance than expected.",2,2019-02-21,ACRE,2019-02-21 11:39:00+00:00,13332.0,04013V10,0.0591589398682117,721680.0,0.0148048633709549,-0.0056697325780987,0.0,0.004985733423382,-0.0006631451542489,0.0035739950835704,0.0033178627490997,-0.0127029148861765,0.0092592816799879,0.005677780136466,-0.0045871986076235,-0.0063469782471656,0.0,0.0007057324401102,-0.001316623063758,0.0042523331940174,-0.0032959915697574,-0.0077356263063848,-0.0132275009527802,-0.0111265536397695,0.0033512192312628,0.0048916628584265,0.0220440831035375,0.0105932606384158,0.0039215334691107,-0.0166666507720947,0.0026041641831398,0.0041840630583465,0.0045454967767,0.0056100925430655,-0.0051712943241,0.0070621739141643,0.0064976885914802,-0.0007057324401102,-0.0135571360588073,0.0042523331940174,0.0006544652278535,0.0151079166680574,0.0032701236195862,0.0101743740960955,-0.0130377970635891,-0.0114942416548728,0.0059444648213684,-0.0092526767402887,0.0078792413696646,-0.0042522656731307,0.0045602405443787,-0.0063380389474332,0.0097276074811816,-0.0021082034800201,-0.0032808524556458,-0.0083624273538589,0.0013166858116164,0.0294118225574493,-0.0019723689183592,-0.0078292246907949,0.0092226210981607,0.0064470022916793,0.0019582693930715,0.0028735604137182,0.0058631398715078,0.0442610755562782,-0.0012953047407791,0.02145591750741,0.0,-0.0060929111205041,0.0,0.0069018523208796,0.0019455079454928,-0.0038197243120521,-0.0045307246036827,0.0053763203322887,0.0026007776614278,-0.0007496020989492,-0.0012970465468242,0.0365190580487251,0.001948096556589,-0.026475066319108,-0.0045366589911282,0.0099312542006373,-0.0026041641831398,-0.0375000163912773,0.0032637200783938,-0.0159189086407423,-0.0052049397490918,0.0161764193326234,-0.0045781359076499,-0.0409026741981506,-0.0026281182654201,0.0049610664136707,0.0013174903579056,-0.004234327469021,0.0,-0.0014094084035605,-0.018421035259962,0.013571398332715,0.0046916683204472,-0.0021382560953497,0.0100067090243101,-0.0042583690956234,-0.0039630397222936,-0.0063469782471656,-0.0066313249990344,-0.0159611068665981,-0.0080106733366847,0.0091036492958664,-0.0033646863885223,-0.0034891967661678,0.0054017500951886,0.0006983400089666,-0.0053727282211184,0.0091613894328475,0.0135043757036328,-0.0028109601698815,0.0033311252482235,0.0035260391887277,-0.0073041571304202,0.0056737530976533,0.0013378232251852,0.0064239935018122,0.0148048633709549,-0.0056697325780987,0.0148048633709549,-0.0007122669299329,0.0141319004433022,0.0028591825151316,0.02691793899757,-0.0042583689515404,0.0040377123186809,-0.0243393860963281,0.0553420360463743,0.0079022748666151,0.0292162965149755,0.0252710239179523,2019-02-22,2019-02-25,2019-02-26,2019-02-27,2019-02-28,2019-03-01,2019-03-04,2019-03-05,2019-03-06,2019-03-07,13332.0,2019-02-21,252.0,5.9159%,0.0009,0.3922,0.4804,0.0759,0.9830%,1.0920%,18.9729%,0.061131,ACRE,13332.0,2019-02-22,252.0,1.4805%,0.0009,0.3903,0.4934,0.0659,0.9835%,1.0948%,19.2942%,0.0106299999999999,ACRE,13332.0,2019-02-25,252.0,0.0000%,0.0009,0.3901,0.4933,0.0651,0.9835%,1.0948%,19.2988%,0.000716,ACRE,13332.0,2019-02-26,252.0,-0.0663%,0.0009,0.3855,0.4946,0.0623,0.9826%,1.0927%,19.1336%,0.0032329999999999,ACRE,13332.0,2019-02-27,252.0,0.3318%,0.001,0.3888,0.489,0.0628,0.9815%,1.0921%,19.2401%,0.002006,ACRE,13332.0,2019-02-28,252.0,0.9259%,0.001,0.3822,0.4848,0.0558,0.9817%,1.0895%,18.8025%,0.010424,ACRE,13332.0,2019-03-01,252.0,-0.4587%,0.001,0.3747,0.4735,0.0486,0.9819%,1.0856%,18.1961%,-0.008612,ACRE,13332.0,2019-03-04,252.0,0.0000%,0.001,0.3726,0.4781,0.0496,0.9817%,1.0854%,18.1915%,0.003563,ACRE,13332.0,2019-03-05,252.0,-0.1317%,0.0011,0.3741,0.49,0.0508,0.9808%,1.0855%,18.3571%,0.000828,ACRE,13332.0,2019-03-06,252.0,-0.3296%,0.0011,0.3765,0.4763,0.0517,0.9799%,1.0852%,18.4656%,0.0059099999999999,ACRE,13332.0,2019-03-07,252.0,-1.3228%,0.0011,0.3813,0.4786,0.0587,0.9823%,1.0885%,18.5677%,-0.009726,ACRE,0.071761,0.072477,0.07571,0.08814,0.080103
4643,AGREE REALTY CORP,"Agree Realty Q4 EPS $0.37 Misses $0.40 Estimate, Adj. FFO $0.71, Sales $40.703M Beat $39.72M Estimate",6,uncertain,0.6,0.3,"while the sales beat expectations, the earnings miss could create mixed reactions among investors, leading to uncertainty in the stock price movement.",1,2019-02-21,ADC,2019-02-21 21:58:00+00:00,80412.0,00849210,-0.0021698605269193,277681.0,0.0198820512741804,-0.0043210862204432,0.005025802180171,-0.0129474252462387,-0.0087891230359673,0.0081388019025325,-0.0015289114089682,-0.0009204903035424,0.0064309570007026,-0.0039731375873088,-0.0039556082338094,-0.0132689578458666,0.0074843112379312,-0.0037554453592747,0.0059126652777194,0.0087892385199666,-0.0076865432783961,-0.0034733214415609,-0.0013668946921825,-0.000905213644728,0.007604562677443,-0.0019576100166887,0.0067924065515398,0.0157541520893573,0.0043478398583829,-0.0098440339788794,-0.0095536559820175,0.0153775187209248,0.0010550067527219,0.0118251470848918,-0.0084311589598655,0.0102168768644332,-0.0006073628319427,0.0114466995000839,-0.0028866976499557,0.0174701046198606,0.0097516290843486,0.0086473934352397,0.021729327738285,-0.0109730558469891,0.0032491688616573,0.0043760202825069,0.0122184874489903,-0.0121677611023187,0.0154159031808376,0.0059590744785964,0.0021484033204615,0.0128874536603689,0.0105045065283775,0.0080578494817018,-0.0115467589348554,-0.0016417414881289,-0.0151427099481225,0.0027987842913717,-0.0058573950082063,0.0169094614684581,-0.0061864512972533,-0.0106012821197509,0.0028161024674773,0.0233937483280897,0.0100501421838998,0.0049403901211917,-0.0059993569739162,-0.0033955986145883,-0.0035330173559486,0.0223919618874788,0.0177278313785791,-0.0255412440747022,-0.0015967573272064,-0.0020257045980542,-0.0004361555620562,0.0071404622867703,-0.0059636896476149,-0.0006795942317694,-0.0367280468344688,0.0386448316276073,-0.029469883069396,-0.0334300324320793,0.022225672379136,0.0129578439518809,-0.0131679782643914,-0.0024752602912485,0.0161365550011396,-0.006613521836698,0.0145061016082763,0.016724158078432,0.0061709214933216,-0.031234323978424,0.0098729049786925,-0.021891850978136,-0.0050363494083285,0.0097327642142772,-0.0253088735044002,-0.0263411402702331,-0.0022911489941179,0.012193139642477,0.0104102920740842,-0.0064610163681209,0.0053030070848762,-0.0076935333199799,0.0022607615683227,0.0476910173892974,-0.0222556889057159,-0.011125904507935,0.0086128143593668,0.0109115587547421,0.0071668373420834,0.0082938028499484,0.0109007349237799,-0.0062236995436251,0.0043432819657027,0.0100237876176834,0.0058156787417829,0.0051229377277195,0.0038547390140593,-0.0003414212551433,0.0032491688616573,0.001710025477223,-0.0014720811741426,0.0049836901016533,0.0198820512741804,-0.0043210862204432,0.0250077767109915,-0.0172125645258601,0.0159988572486553,-0.0092138522762381,0.0209693402979287,-0.0140587674652041,0.0212799436550072,-0.0265540459329876,0.05926229664466,0.0937446138769289,0.0619237283092948,0.1194134367564516,2019-02-22,2019-02-25,2019-02-26,2019-02-27,2019-02-28,2019-03-01,2019-03-04,2019-03-05,2019-03-06,2019-03-07,80412.0,2019-02-21,252.0,-0.2170%,0.0014,0.2365,0.1136,-0.1791,1.2194%,1.2621%,6.6492%,-0.001681,ADC,80412.0,2019-02-22,252.0,1.9882%,0.0015,0.2336,0.1408,-0.1889,1.2171%,1.2619%,6.9786%,0.0149869999999999,ADC,80412.0,2019-02-25,252.0,0.5026%,0.0015,0.2355,0.1412,-0.1816,1.2127%,1.2573%,6.9720%,0.004601,ADC,80412.0,2019-02-26,252.0,-0.8789%,0.0013,0.2167,0.1728,-0.1796,1.1941%,1.2362%,6.6876%,-0.008208,ADC,80412.0,2019-02-27,252.0,-0.1529%,0.0013,0.2196,0.1665,-0.1792,1.1936%,1.2359%,6.7298%,-0.002368,ADC,80412.0,2019-02-28,252.0,0.6431%,0.0013,0.2148,0.1634,-0.1839,1.1932%,1.2346%,6.5921%,0.00653,ADC,80412.0,2019-03-01,252.0,-0.3956%,0.0013,0.2133,0.1611,-0.1825,1.1943%,1.2350%,6.4806%,-0.006802,ADC,80412.0,2019-03-04,252.0,0.7484%,0.0013,0.2134,0.1529,-0.1808,1.1954%,1.2355%,6.3884%,0.009859,ADC,80412.0,2019-03-05,252.0,0.5913%,0.0013,0.2091,0.123,-0.1857,1.1919%,1.2299%,6.0843%,0.006226,ADC,80412.0,2019-03-06,252.0,-0.7687%,0.0013,0.2187,0.1285,-0.1741,1.1893%,1.2288%,6.3194%,-0.004396,ADC,80412.0,2019-03-07,252.0,-0.1367%,0.0012,0.2148,0.1062,-0.1857,1.1834%,1.2223%,6.2713%,-0.000148,ADC,0.0133059999999999,0.017907,0.009699,0.0138609999999999,0.0186
4651,AEHR TEST SYSTEMS,Aehr Wins Over $2.1M In Orders For WaferPak Contactors And DiePak Carriers,6,increase,0.8,0.7,"the announcement of over $2.1 million in orders suggests strong demand for aehr's products, which is likely to positively impact investor sentiment and drive the stock price up.",2,2019-02-21,AEHR,2019-02-21 12:34:00+00:00,85272.0,00760J10,0.0072463699616491,30229.0,0.057410079985857,-0.0212765764445066,-0.0202748253941535,0.0143884755671024,0.0,0.0451127365231514,0.0277777500450611,0.0,-0.0168918762356042,0.0037735812366008,-0.024055041372776,0.027131849899888,0.0070422468706965,-0.0076923007145524,-0.013986000791192,-0.051094926893711,-0.0354609601199626,-0.0214285515248775,-0.0073529342189431,0.0852713286876678,-0.0370370894670486,-0.0227273404598236,0.0653846487402916,0.0153846926987171,0.0324909426271915,0.0399999618530273,-0.013986000791192,0.0245901402086019,0.0354610458016395,-0.0081300735473632,-0.0273973159492015,0.0423729456961154,0.0211268253624439,0.0727272033691406,-0.0344828069210052,0.02803735435009,-0.0142857013270258,-0.0183486063033342,-0.0144927399232983,-0.0267856884747743,0.0294117368757724,-0.0088495491072535,-0.0285714026540517,0.0660377889871597,0.0147058684378862,-0.0701754763722419,0.0144927399232983,-0.057851281017065,-0.0107142757624387,-0.0546874478459358,-0.0036101047880947,-0.0985915437340736,-0.0289854798465967,-0.2406417429447174,0.0820895582437515,0.255033552646637,0.0620689056813716,0.0955882295966148,-0.0324675031006336,0.0,0.2147650569677353,-0.0555555820465087,-0.0276242848485708,-0.0335570164024829,0.0113636255264282,-0.0324675031006336,0.0224719569087028,0.0921985805034637,-0.0219780653715133,-0.0208333954215049,-0.0337078347802162,0.0212766602635383,-0.0174418427050113,-0.0472973324358463,0.0118343075737357,0.0277777500450611,-0.0175439119338989,0.051094926893711,0.0,-0.0214285515248775,0.0039881183765828,-0.0277778338640928,-0.0217584688216447,-0.0526315309107303,0.0,-0.0333863347768783,0.0242424737662077,-0.0352760776877403,-0.0295858401805162,-0.0355029925704002,-0.0121951103210449,-0.0116958953440189,-0.0123456669971346,-0.0115606822073459,0.012499988079071,-0.0388888530433177,0.0061728334985673,0.0055865868926048,0.012269927188754,0.0170454382896423,0.0,-0.0687830671668052,0.0303030740469694,-0.0052631529979407,0.0117646940052509,0.0106382872909307,-0.0406977050006389,-0.0259067118167877,0.0181818008422851,-0.0051546953618526,-0.035714253783226,0.0,-0.0246913339942693,-0.0251256041228771,-0.0126582905650138,0.0,0.0192308276891708,0.0101522747427225,-0.006289301905781,0.0102564003318548,0.057410079985857,-0.0212765764445066,0.0359712752441256,-0.0071942383777275,0.0359712752441256,0.0375939463650045,0.0467626311196009,0.0415093914122182,-0.0287769520644848,0.0697674668566039,0.0719424614798422,0.0147058583054908,0.1366906889919905,-0.292307724383493,2019-02-22,2019-02-25,2019-02-26,2019-02-27,2019-02-28,2019-03-01,2019-03-04,2019-03-05,2019-03-06,2019-03-07,85272.0,2019-02-21,252.0,0.7246%,-0.0015,0.7566,0.5797,-0.3854,4.0337%,4.1572%,5.8527%,0.009606,AEHR,85272.0,2019-02-22,252.0,5.7410%,-0.0013,0.7492,0.6126,-0.4439,4.0420%,4.1721%,6.1383%,0.0435379999999999,AEHR,85272.0,2019-02-25,252.0,-2.0275%,-0.0013,0.7481,0.6211,-0.4435,4.0434%,4.1736%,6.1423%,-0.020705,AEHR,85272.0,2019-02-26,252.0,0.0000%,-0.0014,0.722,0.6396,-0.4537,4.0348%,4.1611%,5.9766%,0.003609,AEHR,85272.0,2019-02-27,252.0,2.7778%,-0.0014,0.7165,0.6572,-0.4545,4.0374%,4.1634%,5.9615%,0.025268,AEHR,85272.0,2019-02-28,252.0,-1.6892%,-0.0013,0.7004,0.6456,-0.4628,4.0323%,4.1545%,5.7964%,-0.016038,AEHR,85272.0,2019-03-01,252.0,-2.4055%,-0.0016,0.7165,0.6695,-0.4233,4.0302%,4.1533%,5.8408%,-0.032912,AEHR,85272.0,2019-03-04,252.0,0.7042%,-0.0015,0.7099,0.6766,-0.4182,4.0310%,4.1529%,5.7830%,0.015007,AEHR,85272.0,2019-03-05,252.0,-1.3986%,-0.0013,0.7207,0.754,-0.4067,4.0234%,4.1506%,6.0342%,-0.011775,AEHR,85272.0,2019-03-06,252.0,-3.5461%,-0.0017,0.6906,0.8243,-0.4311,4.0002%,4.1300%,6.1897%,-0.019835,AEHR,85272.0,2019-03-07,252.0,-0.7353%,-0.0017,0.6945,0.842,-0.4208,3.9991%,4.1299%,6.2354%,-0.002626,AEHR,0.053144,0.0324389999999999,0.036048,0.045278,-0.006863
4659,FEDERAL AGRICULTURAL MORT CORP,"Farmer Mac FY18 Core EPS $7.82, Net Interest Income $174.4M",6,increase,0.75,0.6,"the reported core eps of $7.82 and a substantial net interest income of $174.4m suggest strong financial performance, which is likely to positively influence investor sentiment and increase the stock price.",2,2019-02-21,AGM,2019-02-21 13:07:00+00:00,80169.0,31314830,-0.0208902079612016,41712.0,0.1302468776702881,-0.0019078685436397,0.0002467198355589,0.0124171338975429,0.0220796950161457,0.0427276827394962,-0.0012068365467712,-0.0106746368110179,-0.0107539799064397,-0.0056609325110912,0.0035422120708972,0.0159597489982843,-0.0188656635582447,-0.0124946366995573,-0.0011165359755977,-0.001983837224543,-0.035519041121006,-0.0113476822152733,-0.0289724431931972,-0.0149048008024692,0.0144542669877409,-0.0004138333606533,0.007450976409018,0.0098913218826055,0.0081743514165282,0.0145582864060998,0.0003861828881781,-0.0217090658843517,0.0128649864345789,0.0344728343188762,-0.0015378075186163,-0.0278125423938036,0.0017969373147934,0.0135307507589459,-0.0217809677124023,0.0053846854716539,-0.0233136713504791,-0.0042331456206738,-0.0284297000616788,0.0007060583448037,-0.0425119996070861,-0.0208765678107738,0.0309931356459856,0.0083646792918443,0.0144016565755009,0.0294202510267496,0.0177807472646236,0.016187846660614,-0.0078547429293394,0.0063105416484177,-0.0113295363262295,-0.0077180545777082,0.0300980303436517,0.0141780991107225,-0.012598879635334,-0.0049963844940066,0.0042080250568687,0.0152171310037374,0.012706066481769,0.0193125996738672,0.0121463388204574,0.0084343357011675,-0.0035606522578746,0.042525976896286,-0.0146903209388256,-0.0019147747661918,0.0171928331255912,0.0368960872292518,0.0171661879867315,-0.0106400642544031,-0.0061015347018837,0.0161344185471534,-0.0120166949927806,0.0117805581539869,0.0204918440431356,0.0274943150579929,-0.0005182136665098,-0.0166638251394033,-0.0291639659553766,0.0174740850925445,-0.0090787755325436,0.0222850777208805,0.0187280979007482,-0.0239944662898778,0.0113741643726825,0.021512983366847,-0.0130770234391093,-0.0089130047708749,0.011395264416933,0.0001748319627949,0.025415888056159,-0.0267767254263162,-0.0228694695979356,0.0015179651090875,0.011637020856142,-0.0246751103550195,0.0082719316706061,0.0036321813240647,0.0351236723363399,-0.0426742658019065,-0.0117646679282188,0.023289643228054,-0.0170426126569509,-0.0681235343217849,-0.000509955571033,0.0043899626471102,-0.0441326387226581,0.0004543204559013,0.0186815299093723,-0.0220675058662891,-0.0467644743621349,0.0386093594133853,0.0153909958899021,-0.0395922623574733,-0.0078495312482118,0.0192741863429546,0.0054563023149967,0.0213781464844942,-0.0103107057511806,0.0001537379866931,0.130246877670288,-0.0019078685436397,0.1305257319940878,0.0104855750947379,0.155487395364422,0.0536612821602233,0.1416818189718809,0.0365127963073863,0.0515967653222841,0.0107645443643198,0.0541360912894226,0.1137468899419049,0.0264178662382439,0.1380173647411151,2019-02-22,2019-02-25,2019-02-26,2019-02-27,2019-02-28,2019-03-01,2019-03-04,2019-03-05,2019-03-06,2019-03-07,80169.0,2019-02-21,252.0,-2.0890%,-0.0001,0.896,1.1525,0.8102,1.8669%,2.1192%,22.3955%,-0.0150099999999999,AGM,80169.0,2019-02-22,252.0,13.0247%,0.0002,0.8786,1.1449,0.5946,2.0279%,2.2627%,19.6742%,0.129894,AGM,80169.0,2019-02-25,252.0,0.0247%,0.0002,0.8786,1.1436,0.5937,2.0280%,2.2626%,19.6658%,0.002876,AGM,80169.0,2019-02-26,252.0,2.2080%,0.0003,0.8781,1.0989,0.5707,2.0371%,2.2667%,19.2363%,0.032663,AGM,80169.0,2019-02-27,252.0,-0.1207%,0.0004,0.8813,1.0921,0.5712,2.0367%,2.2667%,19.2615%,-0.0034999999999999,AGM,80169.0,2019-02-28,252.0,-1.0754%,0.0004,0.8708,1.0846,0.5653,2.0323%,2.2568%,18.9078%,-0.006912,AGM,80169.0,2019-03-01,252.0,0.3542%,0.0005,0.8542,1.0599,0.5415,2.0259%,2.2414%,18.3110%,-0.0037019999999999,AGM,80169.0,2019-03-04,252.0,-1.8866%,0.0003,0.8689,1.0226,0.535,2.0196%,2.2377%,18.5434%,-0.012386,AGM,80169.0,2019-03-05,252.0,-0.1117%,0.0004,0.8683,1.0209,0.533,2.0198%,2.2358%,18.3882%,0.004725,AGM,80169.0,2019-03-06,252.0,-3.5519%,0.0003,0.8703,1.0578,0.5402,2.0215%,2.2452%,18.9329%,-0.015665,AGM,80169.0,2019-03-07,252.0,-2.8972%,0.0002,0.8808,1.0709,0.5579,2.0249%,2.2525%,19.1857%,-0.019403,AGM,0.114884,0.11776,0.150423,0.140011,0.09358
4667,FEDERAL AGRICULTURAL MORT CORP,"Farmer Mac FY18 Core EPS $7.82, Net Interest Income $174.4M",6,increase,0.75,0.6,"the reported core eps of $7.82 and net interest income of $174.4m suggest strong financial performance, which is likely to positively influence investor sentiment and increase the stock price.",2,2019-02-21,AGM,2019-02-21 13:07:00+00:00,80169.0,31314830,-0.0208902079612016,41712.0,0.1302468776702881,-0.0019078685436397,0.0002467198355589,0.0124171338975429,0.0220796950161457,0.0427276827394962,-0.0012068365467712,-0.0106746368110179,-0.0107539799064397,-0.0056609325110912,0.0035422120708972,0.0159597489982843,-0.0188656635582447,-0.0124946366995573,-0.0011165359755977,-0.001983837224543,-0.035519041121006,-0.0113476822152733,-0.0289724431931972,-0.0149048008024692,0.0144542669877409,-0.0004138333606533,0.007450976409018,0.0098913218826055,0.0081743514165282,0.0145582864060998,0.0003861828881781,-0.0217090658843517,0.0128649864345789,0.0344728343188762,-0.0015378075186163,-0.0278125423938036,0.0017969373147934,0.0135307507589459,-0.0217809677124023,0.0053846854716539,-0.0233136713504791,-0.0042331456206738,-0.0284297000616788,0.0007060583448037,-0.0425119996070861,-0.0208765678107738,0.0309931356459856,0.0083646792918443,0.0144016565755009,0.0294202510267496,0.0177807472646236,0.016187846660614,-0.0078547429293394,0.0063105416484177,-0.0113295363262295,-0.0077180545777082,0.0300980303436517,0.0141780991107225,-0.012598879635334,-0.0049963844940066,0.0042080250568687,0.0152171310037374,0.012706066481769,0.0193125996738672,0.0121463388204574,0.0084343357011675,-0.0035606522578746,0.042525976896286,-0.0146903209388256,-0.0019147747661918,0.0171928331255912,0.0368960872292518,0.0171661879867315,-0.0106400642544031,-0.0061015347018837,0.0161344185471534,-0.0120166949927806,0.0117805581539869,0.0204918440431356,0.0274943150579929,-0.0005182136665098,-0.0166638251394033,-0.0291639659553766,0.0174740850925445,-0.0090787755325436,0.0222850777208805,0.0187280979007482,-0.0239944662898778,0.0113741643726825,0.021512983366847,-0.0130770234391093,-0.0089130047708749,0.011395264416933,0.0001748319627949,0.025415888056159,-0.0267767254263162,-0.0228694695979356,0.0015179651090875,0.011637020856142,-0.0246751103550195,0.0082719316706061,0.0036321813240647,0.0351236723363399,-0.0426742658019065,-0.0117646679282188,0.023289643228054,-0.0170426126569509,-0.0681235343217849,-0.000509955571033,0.0043899626471102,-0.0441326387226581,0.0004543204559013,0.0186815299093723,-0.0220675058662891,-0.0467644743621349,0.0386093594133853,0.0153909958899021,-0.0395922623574733,-0.0078495312482118,0.0192741863429546,0.0054563023149967,0.0213781464844942,-0.0103107057511806,0.0001537379866931,0.130246877670288,-0.0019078685436397,0.1305257319940878,0.0104855750947379,0.155487395364422,0.0536612821602233,0.1416818189718809,0.0365127963073863,0.0515967653222841,0.0107645443643198,0.0541360912894226,0.1137468899419049,0.0264178662382439,0.1380173647411151,2019-02-22,2019-02-25,2019-02-26,2019-02-27,2019-02-28,2019-03-01,2019-03-04,2019-03-05,2019-03-06,2019-03-07,80169.0,2019-02-21,252.0,-2.0890%,-0.0001,0.896,1.1525,0.8102,1.8669%,2.1192%,22.3955%,-0.0150099999999999,AGM,80169.0,2019-02-22,252.0,13.0247%,0.0002,0.8786,1.1449,0.5946,2.0279%,2.2627%,19.6742%,0.129894,AGM,80169.0,2019-02-25,252.0,0.0247%,0.0002,0.8786,1.1436,0.5937,2.0280%,2.2626%,19.6658%,0.002876,AGM,80169.0,2019-02-26,252.0,2.2080%,0.0003,0.8781,1.0989,0.5707,2.0371%,2.2667%,19.2363%,0.032663,AGM,80169.0,2019-02-27,252.0,-0.1207%,0.0004,0.8813,1.0921,0.5712,2.0367%,2.2667%,19.2615%,-0.0034999999999999,AGM,80169.0,2019-02-28,252.0,-1.0754%,0.0004,0.8708,1.0846,0.5653,2.0323%,2.2568%,18.9078%,-0.006912,AGM,80169.0,2019-03-01,252.0,0.3542%,0.0005,0.8542,1.0599,0.5415,2.0259%,2.2414%,18.3110%,-0.0037019999999999,AGM,80169.0,2019-03-04,252.0,-1.8866%,0.0003,0.8689,1.0226,0.535,2.0196%,2.2377%,18.5434%,-0.012386,AGM,80169.0,2019-03-05,252.0,-0.1117%,0.0004,0.8683,1.0209,0.533,2.0198%,2.2358%,18.3882%,0.004725,AGM,80169.0,2019-03-06,252.0,-3.5519%,0.0003,0.8703,1.0578,0.5402,2.0215%,2.2452%,18.9329%,-0.015665,AGM,80169.0,2019-03-07,252.0,-2.8972%,0.0002,0.8808,1.0709,0.5579,2.0249%,2.2525%,19.1857%,-0.019403,AGM,0.114884,0.11776,0.150423,0.140011,0.09358
4675,ARMADA HOFFLER PROPERTIES INC,Armada Hoffler Properties Raises Qtr. Dividend From $0.20 To $0.21/Share,6,increase,0.8,0.6,"raising the quarterly dividend typically signals financial strength and can attract investors, likely leading to an increase in stock price.",2,2019-02-21,AHH,2019-02-21 22:10:00+00:00,13887.0,04208T10,-0.0070739942602813,169014.0,0.0123057346791029,-0.001284489640966,-0.0063979770056903,0.0071151135489344,-0.0070830429904162,0.0045483880676329,-0.0064851092174649,0.0138339940458536,-0.0013054506853222,-0.0071942219510674,-0.0065359724685549,-0.0090732555836439,0.0032894862815737,0.0157999172806739,0.0013115054462105,0.0099733788520097,-0.0058939196169376,-0.0150622455403208,-0.0046113734133541,-0.0065061436034739,0.0039709080010652,0.0045751435682177,0.0171391051262617,0.0206804815679788,0.0006480411393567,-0.0019973826128989,0.0051814042963087,0.0073776398785412,-0.0006443446036428,0.0067521557211875,-0.0058027175255119,0.0129959322512149,-0.0045395391061902,0.0075809550471603,-0.0019544421229511,0.007638931274414,-0.0006526942015625,-0.000693978392519,0.0104506751522421,-0.0027681635692715,-0.018745956942439,-0.0061898315325379,0.0085639068856835,-0.0108843436464667,0.0065316380932927,0.0047846683301031,0.0078947292640805,0.006882338784635,0.0182768069207668,-0.0061559611931443,-0.000641040271148,-0.0128292050212621,0.007055782712996,0.0,-0.0006369572365656,0.0054311528801918,-0.0038240577559918,0.0054607456550002,0.0076775359921157,0.0244754832237958,-0.0031746153254061,0.0163468737155199,-0.0044585792347788,0.0158844273537397,-0.007037725765258,-0.0021613640710711,0.0128865856677293,-0.0128022972494363,-0.0012722937390208,0.0028530643321573,-0.0025477684102952,0.0064608864486217,0.0,-0.0120567427948117,-0.0242656525224447,0.0337243415415287,0.0117801250889897,-0.0415511950850486,0.0116429692134261,-0.0102810533717274,-0.0140665126964449,-0.01017636526376,0.0168612338602542,-0.0114017492160201,0.0140305683016777,0.0094786314293742,-0.0050314418040215,-0.0302034858614206,0.0094817047938704,0.0086092157289385,0.0025046938098967,0.0113864755257964,0.0087444968521595,-0.0033377329818904,0.0018576276488602,-0.0053121428936719,-0.0475896447896957,-0.0085582071915268,0.0402336679399013,-0.0045871986076235,0.0243293438106775,0.0338753387331962,-0.0158343613147735,-0.0302233919501304,-0.0037128382828086,0.0006574772414751,0.0099378786981105,0.005952391307801,0.0092250686138868,0.0059880344197154,0.0018281954107806,0.0033377965446561,0.0,0.0026773735880851,0.003041316056624,0.0108254300430417,-0.002425652462989,0.0116358716040849,0.0012157172895967,-0.0027303728275001,0.0123057346791028,-0.001284489640966,0.0058290258658975,0.0058214846183204,-0.0012953043653192,0.0103963510571272,-0.0090673180976179,0.0170045930349089,-0.0213730526421965,0.0117111466266361,0.0341709258667122,0.0874125861337677,0.0814472664816541,0.076997031458234,2019-02-22,2019-02-25,2019-02-26,2019-02-27,2019-02-28,2019-03-01,2019-03-04,2019-03-05,2019-03-06,2019-03-07,13887.0,2019-02-21,252.0,-0.7074%,0.0007,0.4766,0.3594,0.0657,1.1112%,1.2309%,18.5043%,-0.004952,AHH,13887.0,2019-02-22,252.0,1.2306%,0.0008,0.4753,0.3685,0.0579,1.1116%,1.2326%,18.6753%,0.008097,AHH,13887.0,2019-02-25,252.0,-0.6398%,0.0007,0.4757,0.3724,0.0616,1.1122%,1.2333%,18.6749%,-0.006149,AHH,13887.0,2019-02-26,252.0,-0.7083%,0.0007,0.4702,0.3842,0.0634,1.1104%,1.2299%,18.4840%,-0.003835,AHH,13887.0,2019-02-27,252.0,-0.6485%,0.0007,0.4738,0.3753,0.064,1.1104%,1.2303%,18.5473%,-0.0076619999999999,AHH,13887.0,2019-02-28,252.0,-0.1305%,0.0008,0.4638,0.3685,0.0568,1.1040%,1.2199%,18.0935%,0.000148,AHH,13887.0,2019-03-01,252.0,-0.6536%,0.0007,0.465,0.3703,0.0641,1.1057%,1.2207%,17.9581%,-0.010806,AHH,13887.0,2019-03-04,252.0,0.3289%,0.0007,0.4713,0.344,0.0638,1.1023%,1.2181%,18.1102%,0.0068489999999999,AHH,13887.0,2019-03-05,252.0,0.1312%,0.0007,0.471,0.344,0.0627,1.1024%,1.2175%,18.0167%,0.003242,AHH,13887.0,2019-03-06,252.0,-0.5894%,0.0007,0.4688,0.342,0.0599,1.1023%,1.2175%,18.0337%,0.0022819999999999,AHH,13887.0,2019-03-07,252.0,-0.4611%,0.0006,0.4672,0.332,0.0549,1.1010%,1.2154%,17.9407%,-0.00042,AHH,0.003145,-0.0030039999999999,-0.006839,-0.014353,-0.013206
4683,AIR LEASE CORP,"Air Lease Q4 Adj. EPS $1.65 Beats $1.23 Estimate, Sales $449.981M Miss $454.62M Estimate",6,uncertain,0.6,0.3,"while the adjusted eps beat estimates, the sales miss could create mixed reactions among investors, leading to uncertainty in the stock price movement.",1,2019-02-21,AL,2019-02-21 21:40:00+00:00,12641.0,00912X30,-0.0133089330047369,1238604.0,0.0111081236973404,-0.00725385453552,0.0083703817799687,0.0078328782692551,-0.0106355343014001,0.0070996703580021,-0.0070791942998766,-0.003928798250854,-0.0134670808911323,-0.0005235722055658,0.0187366362661123,0.0249530524015426,-0.0223332177847623,0.0119467442855238,-0.0051061175763607,-0.0133940521627664,-0.0394381172955036,-0.0150395687669515,-0.018279006704688,-0.0257069393992424,0.013463226146996,0.021265460178256,-0.0166760925203561,0.0042182928882539,0.0063235815614461,-0.0002635298296809,0.0068552326411008,-0.00888192653656,-0.0144680375233292,0.0268240347504615,-0.025906778872013,0.0040397983975708,0.0076831653714179,0.0002694541180972,-0.009677393361926,0.0217450335621833,-0.0157550182193517,0.0148045420646667,0.0268800780177116,-0.0148596838116645,-0.0388235189020633,-0.0311916340142488,0.0125458948314189,0.0137837380170822,0.0108794383704662,0.0095497537404298,0.0008968244655989,0.0076987245120108,0.0161290597170591,0.0080376137048006,0.0097001176327466,-0.0187652595341205,0.0311499200761318,0.0079495869576931,0.003387994132936,0.02041956782341,0.0067528942599892,0.0173591524362564,0.0229178238660097,0.0188459753990173,0.0065574231557548,0.0784866213798523,-0.0065147033892571,0.0785834714770317,-0.0273224059492349,-0.0363991186022758,0.0193820912390947,0.0185369551181793,0.0195645932108163,0.0161452926695346,0.018918938934803,-0.0050200675614178,-0.0061007835902273,-0.0023372820578515,0.0042700786143541,0.0424643643200397,0.009832551702857,-0.0316818505525589,-0.0052631781436502,-0.0348080582916736,-0.0129629066213965,-0.0438569746911525,0.0184936635196209,-0.0260526146739721,0.0076316031627357,0.0207173209637403,-0.0091408276930451,-0.0282451529055833,0.0076436721719801,-0.0513113737106323,0.0049698832444846,-0.0242002476006746,0.00364401913248,0.0180587507784366,0.0088174305856227,0.0048199081793427,-0.0010283010778948,-0.028909670189023,0.0185280796140432,-0.0204962808638811,-0.0050530759617686,-0.0218939073383808,-0.0238700453191995,-0.0429184734821319,-0.0026014172472059,0.0193000510334968,-0.0052165039815008,0.0096128582954406,0.019926642999053,-0.0028496580198407,-0.0293059945106506,0.0246880892664194,0.0203919615596532,0.0018616940360516,-0.0044120987877249,0.0129310227930545,-0.0052137840539217,-0.0098693715408444,-0.0141509678214788,0.0179201681166887,0.0111081236973404,-0.00725385453552,0.0195714847135151,0.0005222051741755,0.0087277972151149,0.0076255830167737,-0.0119016335430133,0.0031413333352796,-0.0766993251071418,-0.014910072119486,-0.0282614162122554,0.111046621559389,-0.0011801665628587,0.044218514010613,2019-02-22,2019-02-25,2019-02-26,2019-02-27,2019-02-28,2019-03-01,2019-03-04,2019-03-05,2019-03-06,2019-03-07,12641.0,2019-02-21,252.0,-1.3309%,-0.0007,1.3004,0.5269,0.442,1.1375%,1.7399%,57.2577%,-0.007244,AL,12641.0,2019-02-22,252.0,1.1108%,-0.0007,1.2992,0.535,0.4345,1.1379%,1.7411%,57.2881%,0.006155,AL,12641.0,2019-02-25,252.0,0.8370%,-0.0007,1.2999,0.5312,0.4351,1.1386%,1.7417%,57.2618%,0.008495,AL,12641.0,2019-02-26,252.0,-1.0636%,-0.0007,1.3045,0.5311,0.4385,1.1380%,1.7416%,57.3025%,-0.00382,AL,12641.0,2019-02-27,252.0,-0.7079%,-0.0006,1.316,0.5083,0.4404,1.1270%,1.7396%,58.0302%,-0.008836,AL,12641.0,2019-02-28,252.0,-1.3467%,-0.0006,1.311,0.5046,0.4386,1.1254%,1.7315%,57.7550%,-0.008488,AL,12641.0,2019-03-01,252.0,1.8737%,-0.0006,1.3185,0.5158,0.4455,1.1258%,1.7347%,57.8819%,0.009499,AL,12641.0,2019-03-04,252.0,-2.2333%,-0.0007,1.3249,0.5078,0.4409,1.1279%,1.7402%,57.9956%,-0.015242,AL,12641.0,2019-03-05,252.0,-0.5106%,-0.0006,1.3303,0.5502,0.4446,1.1173%,1.7390%,58.7247%,-0.000312,AL,12641.0,2019-03-06,252.0,-3.9438%,-0.0006,1.3451,0.5881,0.4666,1.1225%,1.7563%,59.1505%,-0.021599,AL,12641.0,2019-03-07,252.0,-1.8279%,-0.0006,1.3481,0.5932,0.4719,1.1228%,1.7594%,59.2759%,-0.0053879999999999,AL,-0.0010889999999999,0.007406,0.003586,-0.013738,-0.0467799999999999
4691,ALBEMARLE CORP,Albemarle Shares Unaffected As Jefferies Cuts Price Target From $150 To $137 In Mid-Day Note; Maintains Buy Rating,6,uncertain,0.6,0.2,"while the price target was lowered, the maintenance of a 'buy' rating suggests that analysts still see potential for growth, leading to uncertainty in the stock's immediate reaction.",1,2019-02-21,ALB,2019-02-21 17:34:00+00:00,80191.0,01265310,0.0778892040252685,5503529.0,-0.0008962785941548,-0.0038493890315294,0.0267997235059738,0.0216295253485441,-0.0062247426249086,0.0118130389600992,0.0140659203752875,-0.0160284489393234,-0.0107281953096389,0.0159105844795703,-0.0054770512506365,-0.00507053732872,-0.0253332201391458,-0.0018516420386731,-0.0063283713534474,0.0045883278362452,-0.0177413579076528,-0.0188587792217731,-0.0204932764172554,0.0106985094025731,-0.0192671082913875,-0.0075665451586246,0.0306134857237339,0.0078720711171627,-0.0004677922406699,0.0070605683140456,0.0086579835042357,0.0064830356277525,-0.0129044856876134,0.0241317600011825,0.0081434529274702,0.0159554202109575,0.0118239540606737,0.0066596302203834,-0.0138840330764651,0.0345853194594383,-0.0092690475285053,0.0013527931878343,0.0126717155799269,-0.0192384831607341,-0.032627772539854,-0.0164425745606422,-0.0137814236804842,0.0177977997809648,-0.0066192806698381,0.0183957871049642,-0.0109822237864136,0.0039380895905196,0.0127260964363813,-0.0432636328041553,0.0099791204556822,-0.0056840511970222,0.0270796958357095,0.0018119196174666,-0.0154393762350082,0.005596047732979,0.0158021412789821,-0.0063365506939589,0.0159126464277505,0.0097936792299151,0.0068965088576078,0.0044596535153687,0.0092872427776455,0.0488374643027782,-0.0248447619378566,-0.0693892985582351,0.0090823816135525,0.0134942382574081,-0.0331970043480396,0.0043002585880458,0.0114859705790877,-0.0062160496599972,-0.0167344193905592,0.0123230526223778,0.0115487100556492,0.0430740006268024,-0.0133397504687309,-0.0228487327694892,0.0057247411459684,-0.0173320285975933,-0.0048443931154906,-0.0456140264868736,-0.0379700027406215,-0.0151795102283358,-0.0284629967063665,0.0064587830565869,-0.0251302104443311,-0.0524891018867492,0.0092159043997526,-0.0337730385363102,0.0019851976539939,-0.0056881769560277,-0.0085854120552539,-0.0033677935134619,-0.0131894201040267,0.0004492465814109,0.0272714551538229,0.0043993163853883,0.0126167265698313,-0.0278539415448904,0.0,-0.0214615296572446,-0.0155743611976504,-0.0535242408514022,-0.0431113615632057,0.0222176015377044,0.0004133201728109,-0.0010371133685112,0.0002753979060798,-0.0020700120367109,-0.0561750568449497,0.0124698989093303,0.024361751973629,-0.0122140599414706,-0.0091142039746046,-0.0016533640446141,-0.0024432044010609,0.0130862649530172,-0.0237718112766742,-0.002297902945429,-0.0008962785941548,-0.0038493890315294,0.0258794248933111,0.0176968758593807,0.019493589509161,0.0297189687034789,0.022742535255644,0.0293350004520425,-0.0522070775774077,0.0183226506344005,-0.0374069330753636,0.0813527780187666,-0.2375767843243604,-0.1317583326668644,2019-02-22,2019-02-25,2019-02-26,2019-02-27,2019-02-28,2019-03-01,2019-03-04,2019-03-05,2019-03-06,2019-03-07,80191.0,2019-02-21,252.0,7.7889%,-0.0009,1.1483,0.4677,0.3526,1.7938%,2.1414%,29.8271%,0.08324,ALB,80191.0,2019-02-22,252.0,-0.0896%,-0.0008,1.1483,0.4835,0.3679,1.7923%,2.1398%,29.8400%,-0.005849,ALB,80191.0,2019-02-25,252.0,2.6800%,-0.0008,1.1491,0.4707,0.3641,1.8002%,2.1464%,29.6596%,0.026897,ALB,80191.0,2019-02-26,252.0,-0.6225%,-0.0009,1.1309,0.4876,0.3591,1.7901%,2.1276%,29.2094%,-0.000272,ALB,80191.0,2019-02-27,252.0,1.4066%,-0.0005,1.1677,0.4261,0.3652,1.7147%,2.0802%,32.0570%,0.012453,ALB,80191.0,2019-02-28,252.0,-1.0728%,-0.0006,1.1846,0.4375,0.3789,1.7051%,2.0794%,32.7611%,-0.00638,ALB,80191.0,2019-03-01,252.0,-0.5477%,-0.0004,1.131,0.3577,0.3021,1.6230%,1.9825%,32.9800%,-0.01385,ALB,80191.0,2019-03-04,252.0,-2.5333%,-0.0003,1.1174,0.4199,0.3017,1.6130%,1.9696%,32.9274%,-0.019289,ALB,80191.0,2019-03-05,252.0,-0.6328%,-0.0002,1.1226,0.459,0.3062,1.6073%,1.9689%,33.3566%,-0.002493,ALB,80191.0,2019-03-06,252.0,-1.7741%,-0.0003,1.1214,0.4661,0.3057,1.6072%,1.9697%,33.4265%,-0.002741,ALB,80191.0,2019-03-07,252.0,-2.0493%,-0.0004,1.1183,0.4314,0.2918,1.5962%,1.9587%,33.5863%,-0.010053,ALB,0.0773909999999999,0.1042879999999999,0.104016,0.110089,0.061663
4699,ALAMO GROUP INC,Alamo Group Inc. To Acquire Dutch Power Company In The Netherlands; Terms Not Disclosed,6,uncertain,0.6,0.3,"the acquisition of a dutch power company could have positive long-term implications for alamo group inc., but the lack of disclosed terms makes it difficult to assess the immediate impact on stock price.",1,2019-02-21,ALG,2019-02-21 13:07:00+00:00,78950.0,01131110,0.0128371361643075,67991.0,0.0088401520624756,0.0288568101823329,-0.0055954260751605,0.0125870425254106,0.0014863508986309,0.0166819784790277,0.0072087384760379,0.0044760634191334,0.0108409514650702,0.0011490115430206,0.0088504627346992,0.013154799118638,0.0003096168802585,-0.0019751151558011,0.0050557726062834,-0.0011604790342971,0.0062621184624731,-0.0065713594667613,-0.0161191001534462,0.0010386189678683,0.021878894418478,-0.0017281280597671,-0.0026382762007415,0.011772958561778,-0.0120052937418222,-0.0039474787190556,0.0195654574781656,-0.0040472489781677,-0.0079790009185671,0.011580366641283,0.0012216974282637,-0.000233940736507,0.00762660196051,-0.0104154786095023,0.0017156706890091,-0.0044930805452167,0.0029216292314231,0.0125991813838481,-0.0016072692815214,0.0022214713972061,-0.0211288705468177,-0.0051180929876863,0.0038030911237001,0.0319289863109588,0.0020478900987654,0.0077416161075234,0.0017371568828821,0.0102501679211854,0.0092829102650284,-0.0020702118054032,0.010107135400176,0.0071130958385765,-0.0061036683619022,0.0087838554754853,0.0044296267442405,0.01062763761729,0.0060138930566608,0.0098485657945275,0.0127528021112084,0.0202241372317075,-0.0057058711536228,0.0133141446858644,0.0026713826227933,0.0198349021375179,-0.0349318459630012,-0.020216453820467,0.0036809877492487,-0.0084066418930888,0.0082518085837364,0.0065087215043604,0.0076791159808635,-0.0010403358610346,-0.0092249158769845,0.0053602256812155,0.0072955843061208,0.034767311066389,0.0238406099379062,-0.0306845512241125,-0.0002947413886431,0.0013130051083862,-0.0059950919821858,0.0166866891086101,0.026794534176588,-0.0437834151089191,-0.0015406454913318,0.0092758769169449,-0.0144661972299218,0.0195718575268983,0.0195713862776756,-0.0175506602972745,0.0018235417082905,-0.0042405785061419,-0.0070894602686166,-0.0052410028874874,0.006271724589169,-0.0114985601976513,-0.0076709468849003,0.0176160838454961,0.0149773219600319,-0.0200353320688009,0.0049504628404974,-0.0157509204000234,-0.0094732856377959,-0.0159873701632022,-0.000573809898924,-0.0105059193447232,0.0,-0.0025295000523328,0.0032535535283386,-0.0068189939484,-0.0234643183648586,0.040194071829319,0.0017581589054316,0.007648910395801,-0.0448517799377441,-0.0196680817753076,-0.0151081643998622,0.0014772264985367,-0.0239428393542766,0.0038310084491968,0.0088401520624756,0.0288568101823329,0.0031952615699564,0.0418070746046563,0.0046863617484931,0.0591864778025101,0.0228991548872776,0.0651499285865131,0.0271594759335405,0.0698210658424689,0.0826499360033545,0.1958593258903704,0.0042017601682655,0.1472387300308102,2019-02-22,2019-02-25,2019-02-26,2019-02-27,2019-02-28,2019-03-01,2019-03-04,2019-03-05,2019-03-06,2019-03-07,78950.0,2019-02-21,252.0,1.2837%,-0.0007,0.8643,0.6723,0.4971,1.4129%,1.6708%,28.4889%,0.017553,ALG,78950.0,2019-02-22,252.0,0.8840%,-0.0006,0.863,0.6793,0.4882,1.4134%,1.6719%,28.5238%,0.006732,ALG,78950.0,2019-02-25,252.0,-0.5595%,-0.0006,0.863,0.6812,0.4892,1.4136%,1.6721%,28.5275%,-0.004345,ALG,78950.0,2019-02-26,252.0,0.1486%,-0.0007,0.8485,0.6821,0.4788,1.4087%,1.6608%,28.0581%,0.008741,ALG,78950.0,2019-02-27,252.0,0.7209%,-0.0006,0.8545,0.6734,0.4798,1.4068%,1.6609%,28.2570%,0.005624,ALG,78950.0,2019-02-28,252.0,1.0841%,-0.0005,0.8478,0.6694,0.4715,1.4094%,1.6584%,27.7767%,0.014455,ALG,78950.0,2019-03-01,252.0,0.8850%,-0.0005,0.849,0.6711,0.4718,1.4095%,1.6575%,27.6803%,0.002601,ALG,78950.0,2019-03-04,252.0,0.0310%,-0.0004,0.8388,0.6997,0.4757,1.4041%,1.6507%,27.6414%,0.005479,ALG,78950.0,2019-03-05,252.0,0.5056%,-0.0003,0.8433,0.7418,0.4752,1.3946%,1.6480%,28.3903%,0.0097019999999999,ALG,78950.0,2019-03-06,252.0,0.6262%,-0.0002,0.8285,0.6999,0.4528,1.4002%,1.6448%,27.5345%,0.022413,ALG,78950.0,2019-03-07,252.0,-1.6119%,-0.0004,0.8261,0.6737,0.4422,1.3931%,1.6356%,27.4566%,-0.007431,ALG,0.024285,0.01994,0.0286809999999999,0.04876,0.081524
4707,AMERICAN HOMES 4 RENT,"American Homes 4 Rent Q4 EPS $0.06 Beats $0.05 Estimate, Core FFO $0.28, Sales $270.3M Beat $270.04M Estimate",6,increase,0.75,0.6,"the company reported better-than-expected earnings and sales, which typically boosts investor confidence and can lead to an increase in stock price.",2,2019-02-21,AMH,2019-02-21 22:01:00+00:00,14061.0,02665T30,0.0048478934913873,2068623.0,-0.0394736677408218,-0.0134782372042536,-0.0050227721221745,0.0013060813071206,0.0059660007245838,0.0150243109092116,-0.0082116927951574,-0.0048373178578913,0.004599833395332,0.0075321258045732,-0.0032051142770797,-0.007039148826152,0.0087275439873337,-0.0004397637967485,0.0027323029935359,-0.0004395704891066,-0.0013624290004372,0.0084220096468925,0.0004547625721897,-0.0126915061846375,0.0040909158997237,0.0142032708972692,0.0108646340668201,0.0171558056026697,0.0067174034193158,0.0018090911908075,0.0088968314230442,0.0095890862867236,0.0039682104252278,-0.0027322161477059,0.0017606037436053,0.0087275439873337,-0.0061511155217885,0.0130293481051921,-0.0061892704106867,0.0184833835810422,-0.0111209964379668,-0.0018921006703749,0.0238416865468025,-0.0061119445599615,-0.0074692475609481,-0.0079291081055998,-0.0008853677427396,0.003275605617091,0.0093044303357601,0.0075436946935951,-0.0105355475097894,0.015318320132792,0.0128659717738628,0.0121124032884836,-0.0048182485625147,-0.0067373095080256,0.0044014253653585,0.0146484933793544,0.0087642753496766,0.0204284936189651,-0.0008688296074979,-0.0009955429704859,-0.001304377685301,0.019279608502984,0.0039181606844067,0.0025431963149458,-0.0052037700079381,-0.0020305032376199,-0.0061029335483908,0.0118131209164857,0.0166667141020298,-0.0191436298191547,0.0051768305711448,0.0050505632534623,0.0128755858168005,-0.0075188730843365,0.0004237385001033,0.0096154119819402,-0.0173655170947313,0.0356394276022911,-0.0043103611096739,-0.0225410107523202,0.0090908696874976,-0.0200803019106388,-0.0167309902608394,-0.0069790324196219,0.0104711940512061,-0.0054536741226911,0.0168393515050411,0.0034825718030333,0.0050955773331224,-0.0252182558178901,0.0143641801550984,0.0019436790607869,-0.0158267840743064,0.0053737475536763,0.0148116964846849,-0.0149182565510273,-0.0041701579466462,-0.0038350874092429,0.0054439310915768,-0.0038204356096684,0.0112453335896134,-0.0056979549117386,-0.0049423738382756,0.0173912402242422,-0.0206953641027212,-0.0095693236216902,-0.0054944702424108,0.0033605231437832,0.0046748276799917,0.0175867434591054,0.0063452422618865,0.0034313576761633,0.0016813370166346,0.0099009331315755,-0.004616055637598,0.0064773824997246,0.0063238418661057,0.0115927187725901,0.0050271861255168,0.0,0.0020842493977397,0.0035407026298344,-0.0394736677408218,-0.0134782372042536,-0.0442981726251077,-0.0121897595707984,-0.038596454830503,0.002651408600713,-0.042105223799446,0.0053168296928673,-0.0350876861397589,-0.0070021815190876,0.0096732573425342,0.1511923713181604,0.0567064304339262,0.1505894639760683,2019-02-22,2019-02-25,2019-02-26,2019-02-27,2019-02-28,2019-03-01,2019-03-04,2019-03-05,2019-03-06,2019-03-07,14061.0,2019-02-21,252.0,0.4848%,0.0006,0.3795,0.0213,-0.0328,0.9755%,1.0585%,15.0575%,0.006146,AMH,14061.0,2019-02-22,252.0,-3.9474%,0.0005,0.385,0.0328,0.043,1.0072%,1.0830%,13.5155%,-0.0426389999999999,AMH,14061.0,2019-02-25,252.0,-0.5023%,0.0004,0.3869,0.0377,0.0528,1.0026%,1.0788%,13.6298%,-0.0055369999999999,AMH,14061.0,2019-02-26,252.0,0.5966%,0.0005,0.3934,0.0225,0.0499,1.0000%,1.0784%,14.0017%,0.006901,AMH,14061.0,2019-02-27,252.0,-0.8212%,0.0004,0.3884,0.0286,0.049,0.9993%,1.0756%,13.6800%,-0.008649,AMH,14061.0,2019-02-28,252.0,0.4600%,0.0005,0.3819,0.0244,0.0431,0.9979%,1.0718%,13.3146%,0.005821,AMH,14061.0,2019-03-01,252.0,-0.3205%,0.0005,0.3798,0.0212,0.0428,0.9987%,1.0715%,13.1216%,-0.005944,AMH,14061.0,2019-03-04,252.0,0.8728%,0.0005,0.3826,0.0029,0.0441,0.9992%,1.0724%,13.1761%,0.0105309999999999,AMH,14061.0,2019-03-05,252.0,0.2732%,0.0005,0.381,-0.0073,0.0419,0.9990%,1.0715%,13.0844%,0.003408,AMH,14061.0,2019-03-06,252.0,-0.1362%,0.0005,0.3789,-0.0083,0.0394,0.9988%,1.0706%,12.9682%,0.0016389999999999,AMH,14061.0,2019-03-07,252.0,0.0455%,0.0005,0.3766,-0.0138,0.0347,0.9987%,1.0701%,12.9054%,0.003596,AMH,-0.036493,-0.04203,-0.0351289999999999,-0.037957,-0.0247269999999999
4715,APOLLO GLOBAL MANAGEMENT INC NEW,"Doublepoint Energy In Talks With Banks To Explore Possible $5B Sale; Jefferies, Apollo Global Tickered In Headline",6,uncertain,0.6,0.2,"while apollo global management is mentioned in the context of a potential $5b sale involving doublepoint energy, the impact on its stock price is unclear without further details on the deal's implications for apollo's financials.",1,2019-02-21,APO,2019-02-21 17:03:00+00:00,12591.0,03769M10,-0.0115489177405834,298530.0,0.0020618373528122,-0.0026595541276037,-0.0034293683711439,-0.0052910004742443,-0.0024087990168482,0.013065306469798,0.0124180959537625,-0.0096217319369316,-0.0017036164645105,-0.0019868004601448,-0.0020477634388953,0.0171775091439485,0.0034199857618659,-0.0046932413242757,-0.0095433089882135,-0.0059980107471346,-0.0044734743423759,-0.0098976986482739,-0.0138264643028378,-0.0098007563501596,-0.018927477300167,0.0082345185801386,0.0210789628326892,0.0344122722744941,-0.0083974730223417,0.0023906999267637,0.0165843088179826,0.0578034818172454,0.0045123593881726,-0.0003611494612414,0.0058742249384522,-0.0014424453256651,0.0230161473155021,-0.0064493124373257,-0.0174613986164331,0.0261029060930013,-0.0153793832287192,-0.0022010074462741,0.0270739570260047,0.0044215489178895,-0.0537343733012676,-0.0493870377540588,-0.0024999890010803,0.0240315664559602,0.0136054120957851,0.0101448828354477,-0.0144825102761387,0.0109890531748533,0.0035842431243509,0.0213243439793586,0.0089285718277096,0.0144212199375033,0.0141592789441347,-0.0056603630073368,-0.0115183219313621,-0.0152359660714864,0.0127118863165378,0.0056053670123219,-0.0094142416492104,0.0190403647720813,0.0066878050565719,0.0350807793438434,-0.0027972001116722,0.0623953826725482,-0.0140252318233251,-0.0378727056086063,0.0188477504998445,0.0114098927006125,0.0010471444111317,0.0157285202294588,0.016387702897191,-0.0122648915275931,-0.0058319065719842,-0.0008170121582224,0.0234644692391157,0.0307368226349353,0.009777508676052,0.0,0.0567612275481224,0.0380245149135589,0.0240126457065343,-0.0226399265229702,-0.0024683128576725,-0.0245833396911621,0.0027836787048727,-0.0004165026475675,-0.000925317115616,-0.011120282113552,0.0154368635267019,-0.0276331063359975,0.0085131889209151,-0.0161544475704431,-0.0144708948209881,0.0209170766174793,0.0027531404048204,-0.0201024916023016,0.0079317307099699,-0.02759675309062,0.0102905612438917,-0.0243081375956535,-0.0182744339108467,0.0109640453010797,-0.0265486985445022,-0.0771109238266944,0.0184953622519969,0.0166725534945726,-0.0009234408498741,-0.0139908920973539,0.0101664150133729,0.0084656001999974,-0.0378164574503898,0.0085378782823681,0.0364501290023326,-0.0266619995236396,0.0021406633313745,0.0062717208638787,0.0119011104106903,0.0250000264495611,-0.0111579895019531,0.0691103264689445,0.0020618373528122,-0.0026595541276037,-0.0013746018181358,-0.0079364828996977,-0.0037800896954759,0.0050251309887234,0.0068728123978822,-0.0066225232800726,-0.0195876185142297,-0.0199281290803844,-0.0237113571911101,0.1424219406768259,0.1268041375323221,0.1454753669071962,2019-02-22,2019-02-25,2019-02-26,2019-02-27,2019-02-28,2019-03-01,2019-03-04,2019-03-05,2019-03-06,2019-03-07,12591.0,2019-02-21,252.0,-1.1549%,-0.0004,1.1297,0.5935,0.0593,1.5249%,1.9618%,39.5812%,-0.006987,APO,12591.0,2019-02-22,252.0,0.2062%,-0.0005,1.1312,0.5815,0.0659,1.5248%,1.9613%,39.5567%,-0.0077729999999999,APO,12591.0,2019-02-25,252.0,-0.3429%,-0.0005,1.1315,0.5833,0.0678,1.5249%,1.9613%,39.5556%,-0.003596,APO,12591.0,2019-02-26,252.0,-0.2409%,-0.0005,1.1333,0.5763,0.0656,1.5248%,1.9603%,39.4945%,0.0032579999999999,APO,12591.0,2019-02-27,252.0,1.2418%,-0.0004,1.139,0.5694,0.0666,1.5243%,1.9618%,39.6271%,0.010282,APO,12591.0,2019-02-28,252.0,-0.1704%,-0.0003,1.1241,0.5592,0.0552,1.5148%,1.9435%,39.2504%,0.00178,APO,12591.0,2019-03-01,252.0,-0.2048%,-0.0004,1.1328,0.5722,0.074,1.5120%,1.9435%,39.4700%,-0.011632,APO,12591.0,2019-03-04,252.0,0.3420%,-0.0003,1.1236,0.5924,0.0788,1.5101%,1.9373%,39.2432%,0.011221,APO,12591.0,2019-03-05,252.0,-0.9543%,-0.0002,1.1273,0.6176,0.0834,1.5084%,1.9382%,39.4349%,-0.005698,APO,12591.0,2019-03-06,252.0,-0.4473%,-0.0002,1.1204,0.5924,0.0722,1.5104%,1.9368%,39.1853%,0.012654,APO,12591.0,2019-03-07,252.0,-1.3826%,-0.0002,1.1211,0.5883,0.072,1.5104%,1.9372%,39.2123%,-0.004076,APO,-0.0147599999999999,-0.0183559999999999,-0.0150979999999999,-0.0030359999999999,-0.0005669999999999
4723,ASGN INC,"ASGN Segment, ECS, Named One Of Five Prime Awardees Of $70M US Mint Digital Services Contract",6,increase,0.8,0.6,"winning a significant contract like the $70m us mint digital services contract is likely to boost asgn inc's revenue prospects, positively impacting investor sentiment and stock price.",2,2019-02-21,ASGN,2019-02-21 14:26:00+00:00,77917.0,00191U10,-0.0018220884958282,221737.0,0.0212960392236709,0.00396344717592,-0.0049151298590004,-0.0108564719557762,-0.0276904441416263,0.0236147362738847,0.0090825734660029,-0.0296539738774299,-0.0173912942409515,0.0245511513203382,0.007917939685285,0.01101456861943,-0.0174059960991144,0.0246383603662252,-0.0101897083222866,0.000795406231191,-0.0072853830642998,-0.0058516357094049,-0.0228142999112606,-0.0003162127686664,-0.0155102163553237,-0.0058157644234597,0.0207296852022409,0.0071236467920243,0.0201462507247924,0.0028575407341122,0.0170409251004457,0.0003176188329234,0.0125274509191513,0.0322951003909111,-0.0015466455370187,-0.0123056722804904,0.0125465495511889,-0.0064350310713052,-0.0059660300612449,0.0113895339891314,-0.0180055703967809,0.0195753201842308,0.0177088398486375,-0.0158367548137903,-0.0480443909764289,-0.0133698740974068,-0.0069556827656924,0.018874142318964,0.0156377106904983,0.0059435465373098,-0.0051323128864169,0.0179831888526678,0.0088667264208197,0.0047281119041144,0.0145413838326931,-0.016115590929985,0.0143329631537199,0.0114266565069556,-0.0048137451522052,-0.0048495135270059,0.0115463491529226,0.0154525358229875,0.0097176805138587,0.0326144248247146,0.0157347805798053,0.0200321748852729,0.006918319966644,0.0519284717738628,-0.023898409679532,-0.0213588625192642,0.0105585688725113,-0.0034862132743,0.015748044475913,0.0143309226259589,0.000148993829498,-0.0139475520700216,0.0101356441155076,0.0003671829763334,-0.0029511135071516,0.0527638085186481,0.0131715172901749,-0.0327163934707641,0.0016067866235971,-0.0304512698203325,-0.0142920138314366,-0.0225017797201871,0.010504612699151,-0.0179224386811256,-0.0049780961126089,0.0045446972362697,-0.0694525837898254,-0.0223855320364236,0.02166348695755,-0.0212410166859626,-0.0086673507466912,-0.0292255114763975,-0.015768963843584,-0.0014591463841497,-0.0150698088109493,-0.0083601363003253,-0.0019326611654832,0.0090850321575999,0.0166209246963262,-0.0374765992164611,0.0,-0.0058987466618418,-0.0344444140791893,-0.0733601674437522,-0.0095347985625267,0.0038988685701042,-0.0082987556234002,0.0209346618503332,-0.0076987296342849,-0.0227633155882358,-0.0398043617606163,0.0187877062708139,0.0068505075760185,-0.0071408548392355,-0.0001744298933772,0.011348626576364,0.0038387263193726,-0.0014716479927301,-0.0232921987771987,0.0300135780125856,0.0212960392236709,0.00396344717592,0.0162762365664037,-0.0069360538329698,-0.0118649037947005,0.016514889358868,-0.0202311259516052,0.0105877315650784,-0.0682993299057617,0.0412648321363371,-0.0042591868166622,0.1548308252021861,-0.14526924029695,-0.0016674318217073,2019-02-22,2019-02-25,2019-02-26,2019-02-27,2019-02-28,2019-03-01,2019-03-04,2019-03-05,2019-03-06,2019-03-07,77917.0,2019-02-21,252.0,-0.1822%,-0.0007,1.3832,1.0919,0.1875,1.3826%,2.0752%,55.6112%,0.004321,ASGN,77917.0,2019-02-22,252.0,2.1296%,-0.0007,1.3824,1.0803,0.1664,1.3824%,2.0781%,55.7460%,0.0089559999999999,ASGN,77917.0,2019-02-25,252.0,-0.4915%,-0.0008,1.3837,1.0832,0.1728,1.3808%,2.0772%,55.8128%,-0.00398,ASGN,77917.0,2019-02-26,252.0,-2.7690%,-0.0008,1.3909,1.1002,0.1869,1.3845%,2.0832%,55.8310%,-0.018074,ASGN,77917.0,2019-02-27,252.0,0.9083%,-0.0008,1.3969,1.0914,0.1879,1.3826%,2.0839%,55.9854%,0.005865,ASGN,77917.0,2019-02-28,252.0,-1.7391%,-0.0009,1.413,1.102,0.2024,1.3754%,2.0864%,56.5421%,-0.0129089999999999,ASGN,77917.0,2019-03-01,252.0,0.7918%,-0.0009,1.4088,1.0957,0.1976,1.3751%,2.0801%,56.2979%,-0.004732,ASGN,77917.0,2019-03-04,252.0,-1.7406%,-0.001,1.4144,1.0821,0.195,1.3740%,2.0827%,56.4796%,-0.006558,ASGN,77917.0,2019-03-05,252.0,-1.0190%,-0.001,1.4155,1.0885,0.1969,1.3740%,2.0802%,56.3723%,-0.004053,ASGN,77917.0,2019-03-06,252.0,-0.7285%,-0.0008,1.4144,1.0434,0.1896,1.3767%,2.0806%,56.2171%,0.018151,ASGN,77917.0,2019-03-07,252.0,-2.2814%,-0.0009,1.4158,1.0321,0.1882,1.3759%,2.0798%,56.2307%,-0.00995,ASGN,0.0132769999999999,0.009297,-0.008777,-0.0158209999999999,-0.022963
4731,ASTRONICS CORP,Astronics Sees FY19 Sales $760M-$805M vs $827.5M Estimate,6,decrease,0.8,0.6,"the company's sales forecast for fy19 is below analyst estimates, which is likely to lead to a negative reaction in the stock price.",0,2019-02-21,ATRO,2019-02-21 11:37:00+00:00,15457.0,04643310,0.028115976601839,151456.0,-0.0121229290962219,0.0087719075381755,0.0276825744658708,0.0130332484841346,-0.0044432063587009,0.0368549413979053,0.0030683574732393,-0.0372560136020183,0.0002781461807899,-0.0171461831778287,-0.0183486193418502,0.0120588187128305,-0.0475785955786705,0.040073461830616,-0.0104074422270059,0.0155327748507261,-0.0252403896301984,-0.0095385033637285,-0.0040073138661682,0.0102580618113279,0.0012379169929772,0.0513071157038211,-0.0219474229961633,0.002949857385829,-0.0158027820289135,-0.0052168192341923,0.0183044224977493,-0.0026016235351562,0.0012614605948328,0.0003253165050409,-0.0211023651063442,0.0088611897081136,0.0431144870817661,-0.0045737111940979,-0.0157309789210557,-0.0009790724143385,-0.0169225633144378,0.0132275009527802,0.0137073118239641,0.013065306469798,-0.0452829785645008,-0.0267362147569656,0.0158102605491876,0.0112100280821323,0.0009727848810143,0.0056366072967648,-0.0110139343887567,-0.0147011028602719,0.0347199290990829,0.0026203708257526,0.0357708483934402,-0.0161134377121925,0.0161980055272579,0.006160847377032,-0.0105262696743011,-0.0041975835338234,0.000303900334984,0.0194206777960062,0.0097234789282083,0.0123291881754994,0.005717683583498,0.0362569466233253,0.0014962014975026,0.0143607659265399,-0.0277860853821039,-0.0688193291425705,0.0067608295939862,0.0068965214304625,0.0015263448003679,0.0032949054148048,0.0,0.0016502027865499,-0.0109722828492522,0.0089909601956605,0.0015408084727823,0.0500000081956386,-0.0249230600893497,-0.0638297498226165,0.0132533945143222,-0.0301587544381618,0.0043599931523203,0.0063898009248077,0.0272868555039167,-0.0178852081298828,-0.0033202718477696,0.0117460582405328,-0.0015142107149586,-0.0084985978901386,0.0048528918996453,0.0034744350705295,0.0111680934205651,0.0028508126270025,-0.0047761150635778,0.0073388493619859,-0.0017996812239289,0.0175324976444244,-0.011718732304871,0.0134912757202982,0.0182426963001489,-0.0253367833793163,-0.0011944136349484,-0.0216504707932472,-0.0158446207642555,-0.0348273664712905,0.1619077175855637,0.0172520447522401,0.0373856276273727,0.0294956676661968,-0.0052923155017197,-0.0063031469471752,-0.0035469820722937,0.0225587766617536,0.0269513726234436,-0.0217527952045202,0.0321861654520034,0.0262050945311784,0.0091149220243096,0.0111220199614763,-0.0171143617480993,0.0089109065011143,-0.0121229290962219,0.0087719075381755,0.0152240514821984,0.0219194824729351,0.0107132015211466,0.059582265112853,0.0140964195383275,0.0026155217130734,-0.089089362725112,0.0724277884929034,-0.0631520060667492,0.1496167854513863,0.1657738054068316,0.1386138882804832,2019-02-22,2019-02-25,2019-02-26,2019-02-27,2019-02-28,2019-03-01,2019-03-04,2019-03-05,2019-03-06,2019-03-07,15457.0,2019-02-21,252.0,2.8116%,-0.0001,1.1025,0.6588,0.0777,1.8371%,2.2009%,30.3302%,0.032814,ATRO,15457.0,2019-02-22,252.0,-1.2123%,-0.0002,1.1063,0.6363,0.103,1.8402%,2.2006%,30.0752%,-0.021871,ATRO,15457.0,2019-02-25,252.0,2.7683%,-0.0001,1.1041,0.6204,0.0864,1.8451%,2.2045%,29.9456%,0.027763,ATRO,15457.0,2019-02-26,252.0,-0.4443%,0.0,1.1186,0.6043,0.0891,1.8386%,2.2038%,30.3962%,0.001479,ATRO,15457.0,2019-02-27,252.0,0.3068%,-0.0001,1.1036,0.6312,0.0866,1.8261%,2.1871%,30.2866%,0.00092,ATRO,15457.0,2019-02-28,252.0,0.0278%,0.0002,1.0609,0.602,0.0547,1.7583%,2.1068%,30.3470%,0.003689,ATRO,15457.0,2019-03-01,252.0,-1.8349%,0.0001,1.0636,0.6061,0.0719,1.7646%,2.1101%,30.0627%,-0.027604,ATRO,15457.0,2019-03-04,252.0,-4.7579%,-0.0002,1.0789,0.5915,0.0597,1.7769%,2.1295%,30.3678%,-0.039994,ATRO,15457.0,2019-03-05,252.0,-1.0407%,-0.0002,1.0782,0.5816,0.0616,1.7767%,2.1260%,30.1614%,-0.006686,ATRO,15457.0,2019-03-06,252.0,-2.5240%,-0.0002,1.0884,0.5939,0.0748,1.7758%,2.1319%,30.6154%,-0.00897,ATRO,15457.0,2019-03-07,252.0,-0.4007%,-0.0002,1.0844,0.5853,0.0671,1.7758%,2.1303%,30.5118%,0.00549,ATRO,0.010943,0.038706,0.040185,0.044794,-0.03297
4739,ASTRONICS CORP,"Astronics Q4 EPS $0.37 Beats $0.36 Estimate, Sales $202.917M Beat $195.09M Estimate",6,increase,0.8,0.7,"the earnings per share and sales both exceeded estimates, which typically signals positive performance and can lead to an increase in stock price.",2,2019-02-21,ATRO,2019-02-21 11:36:00+00:00,15457.0,04643310,0.028115976601839,151456.0,-0.0121229290962219,0.0087719075381755,0.0276825744658708,0.0130332484841346,-0.0044432063587009,0.0368549413979053,0.0030683574732393,-0.0372560136020183,0.0002781461807899,-0.0171461831778287,-0.0183486193418502,0.0120588187128305,-0.0475785955786705,0.040073461830616,-0.0104074422270059,0.0155327748507261,-0.0252403896301984,-0.0095385033637285,-0.0040073138661682,0.0102580618113279,0.0012379169929772,0.0513071157038211,-0.0219474229961633,0.002949857385829,-0.0158027820289135,-0.0052168192341923,0.0183044224977493,-0.0026016235351562,0.0012614605948328,0.0003253165050409,-0.0211023651063442,0.0088611897081136,0.0431144870817661,-0.0045737111940979,-0.0157309789210557,-0.0009790724143385,-0.0169225633144378,0.0132275009527802,0.0137073118239641,0.013065306469798,-0.0452829785645008,-0.0267362147569656,0.0158102605491876,0.0112100280821323,0.0009727848810143,0.0056366072967648,-0.0110139343887567,-0.0147011028602719,0.0347199290990829,0.0026203708257526,0.0357708483934402,-0.0161134377121925,0.0161980055272579,0.006160847377032,-0.0105262696743011,-0.0041975835338234,0.000303900334984,0.0194206777960062,0.0097234789282083,0.0123291881754994,0.005717683583498,0.0362569466233253,0.0014962014975026,0.0143607659265399,-0.0277860853821039,-0.0688193291425705,0.0067608295939862,0.0068965214304625,0.0015263448003679,0.0032949054148048,0.0,0.0016502027865499,-0.0109722828492522,0.0089909601956605,0.0015408084727823,0.0500000081956386,-0.0249230600893497,-0.0638297498226165,0.0132533945143222,-0.0301587544381618,0.0043599931523203,0.0063898009248077,0.0272868555039167,-0.0178852081298828,-0.0033202718477696,0.0117460582405328,-0.0015142107149586,-0.0084985978901386,0.0048528918996453,0.0034744350705295,0.0111680934205651,0.0028508126270025,-0.0047761150635778,0.0073388493619859,-0.0017996812239289,0.0175324976444244,-0.011718732304871,0.0134912757202982,0.0182426963001489,-0.0253367833793163,-0.0011944136349484,-0.0216504707932472,-0.0158446207642555,-0.0348273664712905,0.1619077175855637,0.0172520447522401,0.0373856276273727,0.0294956676661968,-0.0052923155017197,-0.0063031469471752,-0.0035469820722937,0.0225587766617536,0.0269513726234436,-0.0217527952045202,0.0321861654520034,0.0262050945311784,0.0091149220243096,0.0111220199614763,-0.0171143617480993,0.0089109065011143,-0.0121229290962219,0.0087719075381755,0.0152240514821984,0.0219194824729351,0.0107132015211466,0.059582265112853,0.0140964195383275,0.0026155217130734,-0.089089362725112,0.0724277884929034,-0.0631520060667492,0.1496167854513863,0.1657738054068316,0.1386138882804832,2019-02-22,2019-02-25,2019-02-26,2019-02-27,2019-02-28,2019-03-01,2019-03-04,2019-03-05,2019-03-06,2019-03-07,15457.0,2019-02-21,252.0,2.8116%,-0.0001,1.1025,0.6588,0.0777,1.8371%,2.2009%,30.3302%,0.032814,ATRO,15457.0,2019-02-22,252.0,-1.2123%,-0.0002,1.1063,0.6363,0.103,1.8402%,2.2006%,30.0752%,-0.021871,ATRO,15457.0,2019-02-25,252.0,2.7683%,-0.0001,1.1041,0.6204,0.0864,1.8451%,2.2045%,29.9456%,0.027763,ATRO,15457.0,2019-02-26,252.0,-0.4443%,0.0,1.1186,0.6043,0.0891,1.8386%,2.2038%,30.3962%,0.001479,ATRO,15457.0,2019-02-27,252.0,0.3068%,-0.0001,1.1036,0.6312,0.0866,1.8261%,2.1871%,30.2866%,0.00092,ATRO,15457.0,2019-02-28,252.0,0.0278%,0.0002,1.0609,0.602,0.0547,1.7583%,2.1068%,30.3470%,0.003689,ATRO,15457.0,2019-03-01,252.0,-1.8349%,0.0001,1.0636,0.6061,0.0719,1.7646%,2.1101%,30.0627%,-0.027604,ATRO,15457.0,2019-03-04,252.0,-4.7579%,-0.0002,1.0789,0.5915,0.0597,1.7769%,2.1295%,30.3678%,-0.039994,ATRO,15457.0,2019-03-05,252.0,-1.0407%,-0.0002,1.0782,0.5816,0.0616,1.7767%,2.1260%,30.1614%,-0.006686,ATRO,15457.0,2019-03-06,252.0,-2.5240%,-0.0002,1.0884,0.5939,0.0748,1.7758%,2.1319%,30.6154%,-0.00897,ATRO,15457.0,2019-03-07,252.0,-0.4007%,-0.0002,1.0844,0.5853,0.0671,1.7758%,2.1303%,30.5118%,0.00549,ATRO,0.010943,0.038706,0.040185,0.044794,-0.03297
4747,AVALONBAY COMMUNITIES INC,"Citigroup Downgrades AvalonBay Communities to Neutral, Raises Price Target to $205",6,decrease,0.7,0.5,"a downgrade to 'neutral' typically signals a less favorable outlook, which may lead to a decrease in stock price despite the raised price target.",0,2019-02-21,AVB,2019-02-21 12:38:00+00:00,80381.0,05348410,0.0093250768259167,414611.0,0.0006635170429944,-0.0119622852653265,-0.0072434106841683,0.0019380303565412,0.0015928350621834,0.0017883001128211,-0.0033857715316116,-0.001785107771866,0.0018530942033976,0.0134911639615893,-0.0019524475792422,-0.0081517370417714,0.0073101581074297,0.0028277791570872,0.0039352187886834,-0.0039942585863173,-0.0049379006959497,0.0068054855801165,0.0001534699840703,-0.0027763152029365,0.0048081967979669,0.0112301325425505,0.0050906129181385,0.0112513117492198,0.0071920491755008,-0.0140991145744919,0.0025645906571298,0.0088375387713313,0.0035111212637275,0.002621506806463,-0.0054981061257421,0.0100084701552987,-0.0088958349078893,0.011733204126358,-0.003955369349569,0.0091916574165225,0.0012218995252624,5.404188777902164e-05,0.0102714784443378,0.0049448660574853,0.0045802481472492,-0.0003259142686147,-0.0021043047308921,0.0040907603688538,0.0085354065522551,0.0064777815714478,-9.951219544745982e-05,0.0131821036338806,0.0079163154587149,0.0090358098968863,-0.0009456621482968,-0.0022957818582654,-0.0002491060295142,0.0033709243871271,0.0076241483911871,0.0126878190785646,0.000741772877518,0.0086078280583024,-0.0031132875010371,0.0207356680184602,0.002230689395219,-0.0028037133160978,-0.003313869703561,0.0070588057860732,-0.0045158476568758,0.0047281505540013,0.0079760262742638,-0.0278655905276536,0.00469830352813,0.0079921521246433,0.0045779370702803,0.0042096450924873,0.0002450169122312,0.0006925407215021,-0.0303238239139318,0.0263562966138124,-0.0207638703286647,-0.0463172011077404,0.0119692105799913,-0.0185709074139595,-0.0127453487366437,-0.0021573149133473,0.0134779280051589,-0.0062118899077177,0.0096810823306441,0.0113415718078613,0.0090330708771944,-0.0376136936247348,0.0028507492970675,0.0016076515894383,-0.0125175034627318,0.0150682926177978,0.0147467209026217,-0.0217645615339279,0.0011447319993749,0.0025073417928069,0.0013919207267463,-0.0061502764001488,0.0035742712207138,-0.0159649271517992,-0.0078650387004017,0.0232222434133291,-0.0188463572412729,-0.0177756771445274,-0.0017277115257456,0.0007346349884755,0.0105879455804824,0.0132929226383566,0.0109807485714554,-0.0039192321710288,-0.0003487983776722,0.0043084975332021,-0.0044358023442327,0.0086378054693341,0.0047559295780956,0.0032294855918735,0.0102640641853213,-0.0035398427862674,0.0018741610692813,-0.0004288952623028,0.0006635170429944,-0.0119622852653265,-0.0065846997676122,-0.010047438180763,-0.0050023530460925,-0.008277105902774,-0.006533606149273,0.0033081741775686,-0.002092816396056,-0.0020565243183959,0.0374974205066038,0.1369494201047114,0.0447490723298478,0.0494421727268261,2019-02-22,2019-02-25,2019-02-26,2019-02-27,2019-02-28,2019-03-01,2019-03-04,2019-03-05,2019-03-06,2019-03-07,80381.0,2019-02-21,252.0,0.9325%,0.0009,0.4179,-0.361,0.064,1.0036%,1.1052%,17.5507%,0.0107289999999999,AVB,80381.0,2019-02-22,252.0,0.0664%,0.001,0.4167,-0.3285,0.0791,0.9919%,1.0905%,17.2627%,0.000774,AVB,80381.0,2019-02-25,252.0,-0.7243%,0.001,0.4175,-0.3229,0.085,0.9930%,1.0911%,17.1821%,-0.00868,AVB,80381.0,2019-02-26,252.0,0.1593%,0.0009,0.4117,-0.3165,0.0839,0.9910%,1.0856%,16.6665%,0.000374,AVB,80381.0,2019-02-27,252.0,-0.3386%,0.0009,0.4144,-0.3225,0.0843,0.9906%,1.0860%,16.7988%,-0.003154,AVB,80381.0,2019-02-28,252.0,0.1853%,0.001,0.4021,-0.3308,0.0748,0.9809%,1.0731%,16.4488%,0.003313,AVB,80381.0,2019-03-01,252.0,-0.1952%,0.001,0.4022,-0.3307,0.0772,0.9813%,1.0732%,16.4050%,-0.003679,AVB,80381.0,2019-03-04,252.0,0.7310%,0.001,0.4018,-0.3353,0.0787,0.9821%,1.0730%,16.2123%,0.007688,AVB,80381.0,2019-03-05,252.0,0.3935%,0.0011,0.403,-0.3246,0.0785,0.9813%,1.0718%,16.1734%,0.003678,AVB,80381.0,2019-03-06,252.0,-0.4938%,0.001,0.4019,-0.3072,0.0796,0.9811%,1.0693%,15.8165%,-0.005764,AVB,80381.0,2019-03-07,252.0,0.0153%,0.001,0.4011,-0.3063,0.0788,0.9812%,1.0692%,15.7953%,0.003407,AVB,0.011503,0.0028229999999999,0.0031969999999999,0.0033559999999999,0.008686
4755,AMERICAN WATER WORKS CO INC,"Bank of America Reiterates Neutral on American Water Works Co, Raises Price Target to $103",6,uncertain,0.6,0.2,"while the price target increase may suggest potential for growth, the reiteration of a 'neutral' rating indicates a lack of strong bullish sentiment, leading to uncertainty in stock price movement.",1,2019-02-21,AWK,2019-02-21 15:58:00+00:00,92614.0,03042010,0.0174335446208715,1188739.0,0.0059773474931716,-0.0004052004660479,-0.0009903555037453,0.0066292081028223,0.0015860791318118,0.0082262521609663,0.0,-0.0019499429035931,0.0057403189130127,-0.0023548246826976,-0.0017713077832013,0.0007172100013121,0.0026616386603564,-0.0014323653886094,-0.0043260492384433,0.0089810583740472,-0.0020736556034535,0.0180767327547073,0.0058381552807986,-0.0026601196732372,0.0086571294814348,0.0029294702690094,0.014629865065217,0.0038861753419041,0.0085552185773849,-0.0048081851564347,0.001810926827602,0.0205888673663139,-0.0011416872730478,0.0070906318724155,0.0078102648258209,0.0006450783694162,-0.0064266165718436,-0.0026803903747349,-0.0074193743057549,-0.0144759379327297,0.0032583035062998,0.0042444984428584,0.0146145643666386,0.0158456526696682,0.0052720536477863,0.0017276323633268,-0.0008428201545029,0.0005402231472544,0.0047801528126001,0.0083886766806244,-0.0124066630378365,0.0040472843684256,-0.0146406255662441,0.0109476707875728,-0.0005751299904659,-0.0023168479092419,-0.003932511433959,-0.0013221985427662,-0.0013480923371389,0.0198899246752262,0.0030855240765959,-0.0127579495310783,-0.0016341264126822,0.0146330827847123,0.0102060232311487,-0.0105802938342094,-0.0074342242442071,0.0075179324485361,0.0041290600784122,0.0039428425952792,-0.0051640137098729,-0.0220337118953466,0.0027876661624759,0.0083314822986722,-0.0015337043441832,0.0068224244751036,-0.0019201667746528,0.0099401883780956,-0.0148133989423513,0.025721251964569,-0.0013669145992025,-0.0535146929323673,0.023660521954298,-0.0179840419441461,0.0021967848297208,0.0029161279089748,-0.0012388949980959,-0.0009711260790936,0.0099235996603965,-0.0096174553036689,0.0065192976035177,-0.0366481132805347,0.0032854452729225,-0.0053246389143168,-0.0043038837611675,0.005560141056776,0.0166322533041238,0.0066334926523268,-0.0100749051198363,-0.0100553631782531,-0.0039215516299009,-0.0034765230957418,0.0065616513602435,0.0049322168342769,-0.0015831455821171,0.0160785224288702,-0.00121254788246,0.0008359648054465,-0.0113933617249131,0.0030394431669265,0.0039674867875874,0.0316825285553932,0.0234286598861217,-0.0015115459682419,0.0223515834659338,0.005536881275475,-0.007679158821702,-0.0015176085289567,0.0038237965200096,0.0016286810860037,0.0082531832158565,0.0060075959190726,0.0078258775174617,-0.0158029850572347,0.0059773474931716,-0.0004052004660479,0.0049810722904386,0.0062213214785615,0.0065750517970644,0.0144987517987851,0.0123531136042618,0.0101362288043753,0.0126519652623566,0.0341308941960196,0.0346682941851945,0.115846378157006,0.1213131529989675,0.0657040589327764,2019-02-22,2019-02-25,2019-02-26,2019-02-27,2019-02-28,2019-03-01,2019-03-04,2019-03-05,2019-03-06,2019-03-07,92614.0,2019-02-21,252.0,1.7434%,0.001,0.2525,-0.3325,-0.0817,1.0552%,1.1037%,8.6027%,0.017911,AWK,92614.0,2019-02-22,252.0,0.5977%,0.001,0.2514,-0.3186,-0.0817,1.0537%,1.1008%,8.3806%,0.0048649999999999,AWK,92614.0,2019-02-25,252.0,-0.0990%,0.001,0.2511,-0.3172,-0.0821,1.0537%,1.1008%,8.3598%,-0.002443,AWK,92614.0,2019-02-26,252.0,0.1586%,0.0009,0.2407,-0.3051,-0.0838,1.0477%,1.0912%,7.8111%,-0.000413,AWK,92614.0,2019-02-27,252.0,0.0000%,0.0009,0.2421,-0.3078,-0.0835,1.0475%,1.0912%,7.8433%,0.0001629999999999,AWK,92614.0,2019-02-28,252.0,0.5740%,0.001,0.2362,-0.3117,-0.0891,1.0465%,1.0892%,7.6841%,0.0062429999999999,AWK,92614.0,2019-03-01,252.0,-0.1771%,0.001,0.2307,-0.3198,-0.0956,1.0457%,1.0880%,7.6206%,-0.003014,AWK,92614.0,2019-03-04,252.0,0.2662%,0.001,0.2315,-0.3242,-0.0955,1.0457%,1.0878%,7.5898%,0.002865,AWK,92614.0,2019-03-05,252.0,-0.4326%,0.001,0.2332,-0.3154,-0.092,1.0463%,1.0880%,7.5150%,-0.0052569999999999,AWK,92614.0,2019-03-06,252.0,-0.2074%,0.0009,0.2288,-0.2993,-0.0947,1.0439%,1.0837%,7.2061%,-0.004142,AWK,92614.0,2019-03-07,252.0,0.5838%,0.001,0.2274,-0.2939,-0.0951,1.0440%,1.0832%,7.1001%,0.007103,AWK,0.0227759999999999,0.0203329999999999,0.0199199999999999,0.0263259999999999,0.0238809999999999
4763,AMERICAN WATER WORKS CO INC,"Wells Fargo Maintains Outperform on American Water Works Co, Raises Price Target to $109",6,increase,0.8,0.6,wells fargo's decision to maintain an 'outperform' rating and raise the price target typically signals positive sentiment and potential for stock price appreciation.,2,2019-02-21,AWK,2019-02-21 13:07:00+00:00,92614.0,03042010,0.0174335446208715,1188739.0,0.0059773474931716,-0.0004052004660479,-0.0009903555037453,0.0066292081028223,0.0015860791318118,0.0082262521609663,0.0,-0.0019499429035931,0.0057403189130127,-0.0023548246826976,-0.0017713077832013,0.0007172100013121,0.0026616386603564,-0.0014323653886094,-0.0043260492384433,0.0089810583740472,-0.0020736556034535,0.0180767327547073,0.0058381552807986,-0.0026601196732372,0.0086571294814348,0.0029294702690094,0.014629865065217,0.0038861753419041,0.0085552185773849,-0.0048081851564347,0.001810926827602,0.0205888673663139,-0.0011416872730478,0.0070906318724155,0.0078102648258209,0.0006450783694162,-0.0064266165718436,-0.0026803903747349,-0.0074193743057549,-0.0144759379327297,0.0032583035062998,0.0042444984428584,0.0146145643666386,0.0158456526696682,0.0052720536477863,0.0017276323633268,-0.0008428201545029,0.0005402231472544,0.0047801528126001,0.0083886766806244,-0.0124066630378365,0.0040472843684256,-0.0146406255662441,0.0109476707875728,-0.0005751299904659,-0.0023168479092419,-0.003932511433959,-0.0013221985427662,-0.0013480923371389,0.0198899246752262,0.0030855240765959,-0.0127579495310783,-0.0016341264126822,0.0146330827847123,0.0102060232311487,-0.0105802938342094,-0.0074342242442071,0.0075179324485361,0.0041290600784122,0.0039428425952792,-0.0051640137098729,-0.0220337118953466,0.0027876661624759,0.0083314822986722,-0.0015337043441832,0.0068224244751036,-0.0019201667746528,0.0099401883780956,-0.0148133989423513,0.025721251964569,-0.0013669145992025,-0.0535146929323673,0.023660521954298,-0.0179840419441461,0.0021967848297208,0.0029161279089748,-0.0012388949980959,-0.0009711260790936,0.0099235996603965,-0.0096174553036689,0.0065192976035177,-0.0366481132805347,0.0032854452729225,-0.0053246389143168,-0.0043038837611675,0.005560141056776,0.0166322533041238,0.0066334926523268,-0.0100749051198363,-0.0100553631782531,-0.0039215516299009,-0.0034765230957418,0.0065616513602435,0.0049322168342769,-0.0015831455821171,0.0160785224288702,-0.00121254788246,0.0008359648054465,-0.0113933617249131,0.0030394431669265,0.0039674867875874,0.0316825285553932,0.0234286598861217,-0.0015115459682419,0.0223515834659338,0.005536881275475,-0.007679158821702,-0.0015176085289567,0.0038237965200096,0.0016286810860037,0.0082531832158565,0.0060075959190726,0.0078258775174617,-0.0158029850572347,0.0059773474931716,-0.0004052004660479,0.0049810722904386,0.0062213214785615,0.0065750517970644,0.0144987517987851,0.0123531136042618,0.0101362288043753,0.0126519652623566,0.0341308941960196,0.0346682941851945,0.115846378157006,0.1213131529989675,0.0657040589327764,2019-02-22,2019-02-25,2019-02-26,2019-02-27,2019-02-28,2019-03-01,2019-03-04,2019-03-05,2019-03-06,2019-03-07,92614.0,2019-02-21,252.0,1.7434%,0.001,0.2525,-0.3325,-0.0817,1.0552%,1.1037%,8.6027%,0.017911,AWK,92614.0,2019-02-22,252.0,0.5977%,0.001,0.2514,-0.3186,-0.0817,1.0537%,1.1008%,8.3806%,0.0048649999999999,AWK,92614.0,2019-02-25,252.0,-0.0990%,0.001,0.2511,-0.3172,-0.0821,1.0537%,1.1008%,8.3598%,-0.002443,AWK,92614.0,2019-02-26,252.0,0.1586%,0.0009,0.2407,-0.3051,-0.0838,1.0477%,1.0912%,7.8111%,-0.000413,AWK,92614.0,2019-02-27,252.0,0.0000%,0.0009,0.2421,-0.3078,-0.0835,1.0475%,1.0912%,7.8433%,0.0001629999999999,AWK,92614.0,2019-02-28,252.0,0.5740%,0.001,0.2362,-0.3117,-0.0891,1.0465%,1.0892%,7.6841%,0.0062429999999999,AWK,92614.0,2019-03-01,252.0,-0.1771%,0.001,0.2307,-0.3198,-0.0956,1.0457%,1.0880%,7.6206%,-0.003014,AWK,92614.0,2019-03-04,252.0,0.2662%,0.001,0.2315,-0.3242,-0.0955,1.0457%,1.0878%,7.5898%,0.002865,AWK,92614.0,2019-03-05,252.0,-0.4326%,0.001,0.2332,-0.3154,-0.092,1.0463%,1.0880%,7.5150%,-0.0052569999999999,AWK,92614.0,2019-03-06,252.0,-0.2074%,0.0009,0.2288,-0.2993,-0.0947,1.0439%,1.0837%,7.2061%,-0.004142,AWK,92614.0,2019-03-07,252.0,0.5838%,0.001,0.2274,-0.2939,-0.0951,1.0440%,1.0832%,7.1001%,0.007103,AWK,0.0227759999999999,0.0203329999999999,0.0199199999999999,0.0263259999999999,0.0238809999999999
4771,BANK OF AMERICA CORP,Podcast: 5 Surprising Investing Moves Buffett Made As Stocks Fell,6,uncertain,0.5,0.5,"the news about buffett's investing moves may not directly impact bank of america corp's stock price, as it depends on investor sentiment and the specific context of those moves.",1,2019-02-21,BAC,2019-02-21 18:04:00+00:00,59408.0,06050510,-0.0040802084840834,42754138.0,-0.0071697160601615,0.0096121076494455,0.0065337186679244,0.0006869992939755,0.0006833091028966,0.0253610853105783,0.0081939147785305,-0.0108014410361647,-0.0101591851562261,0.0003485614724922,0.0079092001542449,0.0098557090386748,-0.0095530124381184,0.0042417435906827,0.0017223298782482,0.001770578790456,-0.0082530872896313,-0.0170553345233202,-0.0100555103272199,-0.0017373573500663,0.0035026404075324,-0.0034625511616468,0.0101221958175301,0.017618041485548,0.0,-0.0031612277962267,0.0120940003544092,-0.0206398479640483,0.0058039659634232,-0.0108880465850234,-0.0054310881532728,-0.0080998912453651,0.0177474562078714,0.0016903055366128,-0.00570087460801,0.0171939469873905,-0.0340640880167484,0.0055324980057775,-0.0160614214837551,-0.0058439350686967,-0.0415188111364841,-0.0071672042831778,-0.0062939678318798,0.0106933237984776,0.0137853547930717,0.0189806316047906,-0.0066151563078165,0.071563147008419,0.0110987508669495,0.0068258778192102,0.0095133632421493,0.0130618568509817,0.0344327911734581,0.0116595858708024,0.0115627162158489,-0.0011646229540929,-0.0010391647228971,0.0098000783473253,0.0107489414513111,-0.0019561517983675,-0.0024013617075979,-0.000781878712587,0.0030949157662689,0.0415309630334377,-0.009598926641047,-0.0160256270319223,0.0062305401079356,0.0129870008677244,0.0,0.0102501027286052,0.0378397107124328,0.0008206216734834,-0.0109380157664418,0.0107839163392782,0.001340449322015,0.0607127621769905,0.0050201313570141,-0.0273855905979871,0.0,-0.0306926481425762,0.0006659523933194,-0.0028949419502168,0.0006655726465396,-0.0118512064218521,-0.0016627614386379,0.0,0.0019986496772617,-0.0004085060791112,0.0089760795235633,0.0032786855008453,0.0138385528698563,-0.0048939981497824,-0.0061748628504574,-0.0024409871548414,-0.0104643460363149,-0.0072698020376265,0.0079312548041343,-0.0263468362390995,0.0068852161057293,-0.032344002276659,-0.0078150369226932,-0.0207483917474746,-0.0180505160242319,-0.0543097779154777,-0.0040107234381139,0.0049296231009066,-0.0030201394110918,0.0128387548029422,-0.0043756030499935,-0.013717882335186,-0.0449628084897995,0.0248738471418619,0.0130973747000098,0.0065312157385051,-0.0115303955972194,0.0218761656433343,0.0106044262647628,-0.0110011417418718,-0.006645699031651,-0.004017483908683,-0.0071697160601615,0.0096121076494455,-0.0006828422999032,0.0103057104545898,2.1063395472253887e-10,0.0359281597671932,-0.0020485136648824,0.0250958272420305,-0.020236787274223,0.0218901720277981,0.0003536935168826,0.1506259934981528,-0.0253843937654133,0.0802726794037957,2019-02-22,2019-02-25,2019-02-26,2019-02-27,2019-02-28,2019-03-01,2019-03-04,2019-03-05,2019-03-06,2019-03-07,59408.0,2019-02-21,252.0,-0.4080%,0.0001,1.307,-0.1424,1.2047,0.8941%,1.5660%,67.4015%,0.003303,BAC,59408.0,2019-02-22,252.0,-0.7170%,0.0001,1.3067,-0.1444,1.1995,0.8942%,1.5666%,67.4214%,0.002727,BAC,59408.0,2019-02-25,252.0,0.6534%,0.0001,1.3066,-0.1476,1.1973,0.8950%,1.5667%,67.3691%,0.006257,BAC,59408.0,2019-02-26,252.0,0.0683%,0.0002,1.3105,-0.1591,1.1944,0.8941%,1.5652%,67.3730%,0.0056799999999999,BAC,59408.0,2019-02-27,252.0,0.8194%,0.0002,1.3119,-0.1591,1.1946,0.8955%,1.5642%,67.2248%,0.00865,BAC,59408.0,2019-02-28,252.0,-1.0159%,0.0002,1.3194,-0.1541,1.2009,0.8921%,1.5654%,67.5210%,-0.003174,BAC,59408.0,2019-03-01,252.0,0.7909%,0.0001,1.3265,-0.1435,1.2103,0.8899%,1.5656%,67.6897%,0.00357,BAC,59408.0,2019-03-04,252.0,-0.9553%,0.0001,1.3283,-0.1421,1.2081,0.8913%,1.5637%,67.5083%,-0.008039,BAC,59408.0,2019-03-05,252.0,0.1722%,0.0001,1.3266,-0.1512,1.2046,0.8920%,1.5634%,67.4481%,0.006349,BAC,59408.0,2019-03-06,252.0,-0.8253%,0.0001,1.3274,-0.1527,1.2054,0.8919%,1.5610%,67.3514%,0.000413,BAC,59408.0,2019-03-07,252.0,-1.0056%,0.0002,1.3268,-0.1467,1.2062,0.8916%,1.5622%,67.4291%,0.00461,BAC,0.00603,0.012287,0.0179669999999999,0.0234429999999999,0.0303459999999999
4779,BELDEN INC NEW,Longbow Research Downgrades Belden to Neutral,6,decrease,0.8,0.6,"a downgrade from an analyst typically signals reduced expectations for a company's performance, which can lead to a decline in stock price.",0,2019-02-21,BDC,2019-02-21 11:26:00+00:00,79668.0,07745410,-0.0537870526313781,866084.0,-0.0018230130663141,0.1270766705274582,0.0277270786464214,-0.0010592789622023,-0.0100161992013454,0.0125134214758873,0.0081592686474323,0.0019702094141393,0.0001618992682779,-0.0165580175817012,0.0074445554055273,0.0258402656763792,-0.004016064107418,0.0212216563522815,-0.0067741638049483,-0.0125729301944375,-0.0412471704185009,-0.019124211743474,-0.0150745147839188,0.0119370557367801,-0.0101461764425039,0.013194085098803,0.0074704708531498,0.0162010975182056,0.0005173095269128,0.0016787940403446,0.0036194389685988,0.0217266883701086,-0.0065314723178744,-0.0024714306928217,0.006920441519469,-0.0097891651093959,-0.0171821303665638,-0.0056158602237701,0.0015734292101114,0.0290887746959924,-0.0185023806989193,0.0512352921068668,0.0261426512151956,-0.0302434638142585,-0.0703639760613441,-0.0368829369544982,0.0016778552671894,0.0072394218295812,-0.0011167201446369,0.009811507537961,-0.0197502821683883,0.0200157072395086,-0.0007603291305713,0.0137258525937795,0.0214951690286397,-0.0011921591358259,0.0186219736933708,0.0108455698937177,0.0073125720955431,0.0225919559597969,0.0148820271715521,0.0246211737394332,0.0157367866486311,0.0230355150997638,0.0139084672555327,0.0511428415775299,0.0102448370307683,0.0661036893725395,-0.0192505829036235,-0.0126250302419066,0.023834504187107,0.0050275097601115,0.010099284350872,0.0153135899454355,0.0079647731035947,0.0120540671050548,-0.0095830485224723,-0.0007374330889433,-0.000169721970451,0.0517063066363334,-0.0091680968180298,-0.0346892774105072,0.0095955710858106,-0.042075116187334,-0.0244398955255746,-0.0308155249804258,0.019485019147396,0.0102995932102203,0.0005119896959513,0.0025815679691731,-0.0649838224053382,-0.007453987840563,0.0032834787853062,-0.0328532494604587,0.0176363866776228,-0.0286339092999696,-0.0075040552765131,0.0081533482298254,0.0489649176597595,-0.0253436490893364,0.0368971638381481,-0.015228372067213,0.0177094265818595,-0.0343137308955192,0.0089445309713482,-0.0295342244207859,-0.0169245526194572,-0.0971725136041641,-0.0013117204653099,0.0017927982844412,-0.0014775923918932,0.0169553384184837,0.0034527964890003,0.0275383554399013,-0.0766836032271385,0.0142504274845123,0.0124223744496703,-0.0180969666689634,0.0029798769392073,0.0058171804994344,0.009437208995223,0.0140818590298295,-0.0470913685858249,-0.0066162999719381,-0.0018230130663141,0.1270766705274582,0.0258535187534441,0.1258827819215793,0.0155783655582084,0.1399714277042085,0.0240305052279081,0.1233045541836495,-0.0362943082773788,0.1533731061022847,-0.0578585854456202,0.3728740353639452,-0.0870516723718743,0.206886022223711,2019-02-22,2019-02-25,2019-02-26,2019-02-27,2019-02-28,2019-03-01,2019-03-04,2019-03-05,2019-03-06,2019-03-07,79668.0,2019-02-21,252.0,-5.3787%,-0.0006,1.5873,1.4855,1.0328,1.9203%,2.5474%,43.1753%,-0.044798,BDC,79668.0,2019-02-22,252.0,-0.1823%,-0.0005,1.5872,1.5061,1.0497,1.9178%,2.5468%,43.2946%,-0.005229,BDC,79668.0,2019-02-25,252.0,2.7727%,-0.0004,1.5855,1.4889,1.0346,1.9263%,2.5509%,42.9717%,0.031052,BDC,79668.0,2019-02-26,252.0,-1.0016%,-0.0003,1.5862,1.4803,1.0307,1.9266%,2.5500%,42.9207%,0.005364,BDC,79668.0,2019-02-27,252.0,0.8159%,-0.0004,1.582,1.4894,1.03,1.9259%,2.5477%,42.8557%,0.005056,BDC,79668.0,2019-02-28,252.0,0.0162%,-0.0004,1.5904,1.4954,1.0343,1.9229%,2.5476%,43.0259%,0.007243,BDC,79668.0,2019-03-01,252.0,0.7445%,-0.0004,1.5921,1.498,1.0389,1.9229%,2.5440%,42.8657%,-0.004295,BDC,79668.0,2019-03-04,252.0,-0.4016%,-0.0004,1.5852,1.5152,1.042,1.9215%,2.5417%,42.8464%,0.0061129999999999,BDC,79668.0,2019-03-05,252.0,-0.6774%,-0.0004,1.5827,1.4978,1.039,1.9209%,2.5338%,42.5298%,0.003029,BDC,79668.0,2019-03-06,252.0,-4.1247%,-0.0004,1.59,1.5137,1.0494,1.9213%,2.5465%,43.0768%,-0.009587,BDC,79668.0,2019-03-07,252.0,-1.5075%,-0.0003,1.5906,1.522,1.0525,1.9207%,2.5473%,43.1448%,0.002396,BDC,-0.0500269999999999,-0.0189749999999999,-0.0136109999999999,-0.0013119999999999,-0.0036559999999999
4787,BEL FUSE INC,"Bel Fuse Q4 Adj. EPS $0.37 Up From $(0.09) YoY, Sales $142.734M Up From $119.94M YoY",6,increase,0.85,0.7,"the significant improvement in adjusted eps from a loss to a profit, along with an increase in sales, suggests strong financial performance that is likely to positively impact investor sentiment and drive the stock price up.",2,2019-02-21,BELFA,2019-02-21 12:39:00+00:00,17444.0,07734720,0.0254685580730438,215.0,0.0880974307656288,0.0171065684407949,-0.0913005620241165,-0.0172910951077938,-0.0144549906253814,0.0156097412109375,0.0290935095399618,0.0073660789057612,0.0049066096544265,0.0124427452683448,-0.0034875962883234,-0.0218977555632591,-0.0083994539454579,0.0160691644996404,-0.049411728978157,0.0034731633495539,0.0039603919722139,0.036246683448553,0.008875660598278,0.0169935040175914,-0.023949159309268,-0.0179717782884836,0.0245367940515279,-0.0318170227110385,0.0205279570072889,-0.001474299817346,-0.023946451023221,0.0133148869499564,0.0174191109836101,0.0392053350806236,0.0277308337390422,0.0229946672916412,0.0732051357626915,-0.0041749915108084,-0.0052470848895609,0.0487796552479267,0.0109890112653374,0.000279282714473,-0.0313130244612693,-0.016483474522829,-0.0574421845376491,-0.026737967506051,0.0233333222568035,0.0168570633977651,0.0123312883079052,0.1192939132452011,-0.0415995791554451,0.0079755261540412,0.0167865883558988,0.0516128540039062,0.0108490344136953,0.0408026874065399,-0.0041997269727289,-0.0069744600914418,-0.0112464744597673,-0.020175689831376,0.0213269591331481,-0.0544615536928176,0.0025522185023874,0.0093167461454868,-0.0377226881682872,0.0,0.026936000213027,0.0380399823188781,-0.0149882761761546,-0.0656626597046852,-0.0164051931351423,0.2072727531194687,0.0152284521609544,0.0223048478364944,-0.0009523773915134,0.0275018829852342,0.049235213547945,-0.0339483432471752,0.02046007104218,-0.0087783383205533,0.0263761151582002,-0.031869675964117,-0.0561072379350662,-0.0427118726074695,0.0,0.0336369685828685,-0.0209677368402481,-0.0458040423691272,0.0002353099844185,-0.0193442665040493,-0.0202353093773126,-0.046875,0.0144092766568064,-0.0588235296308994,-0.0194129608571529,0.000588594994042,-0.0034137950278818,0.0234939381480217,-0.00529575208202,0.0291383285075426,-0.0433511659502983,-0.01103619299829,0.013238301500678,-0.0320475324988365,0.0351759195327758,-0.0088235065340995,-0.0594660378992557,-0.0661906003952026,0.0332903452217578,0.0402857102453708,-0.0459540486335754,-0.0352811142802238,-0.0575916431844234,-0.0162690412253141,-0.0044444403611123,0.0173793397843837,0.0435268245637416,-0.010103739798069,-0.0379679650068283,-0.0549677684903144,-0.0225069262087345,-0.0293085724115371,0.1117365881800652,0.003267083549872,0.0880974307656288,0.0171065684407949,-0.0112464762002703,-0.0004803179688765,-0.0255388991176083,0.0151219256028678,0.0077319992669924,0.0353233375745167,-0.0412371652037847,0.0881045482359594,0.0124179631959047,0.2975499188138268,-0.0812525898383876,0.0500403971810683,2019-02-22,2019-02-25,2019-02-26,2019-02-27,2019-02-28,2019-03-01,2019-03-04,2019-03-05,2019-03-06,2019-03-07,17444.0,2019-02-21,252.0,2.5469%,0.0013,0.9306,1.7074,-0.2973,3.8803%,4.1477%,12.4780%,0.029431,BELFA,17444.0,2019-02-22,252.0,8.8097%,0.0015,0.9212,1.7156,-0.4027,3.9025%,4.1823%,12.9326%,0.068187,BELFA,17444.0,2019-02-25,252.0,-9.1301%,0.0014,0.9142,1.7533,-0.409,3.9235%,4.2058%,12.9697%,-0.089047,BELFA,17444.0,2019-02-26,252.0,-1.4455%,0.0012,0.8923,1.7808,-0.4114,3.9163%,4.1973%,12.9415%,-0.003221,BELFA,17444.0,2019-02-27,252.0,2.9094%,0.0013,0.891,1.79,-0.4116,3.9189%,4.2007%,12.9666%,0.0243129999999999,BELFA,17444.0,2019-02-28,252.0,0.4907%,0.0015,0.866,1.773,-0.4309,3.9088%,4.1837%,12.7106%,0.006182,BELFA,17444.0,2019-03-01,252.0,-0.3488%,0.0014,0.8747,1.7859,-0.409,3.9083%,4.1838%,12.7363%,-0.016678,BELFA,17444.0,2019-03-04,252.0,-0.8399%,0.0015,0.8654,1.8136,-0.4059,3.9065%,4.1836%,12.8098%,0.004797,BELFA,17444.0,2019-03-05,252.0,-4.9412%,0.0015,0.8833,1.9235,-0.3766,3.9055%,4.1948%,13.3183%,-0.043383,BELFA,17444.0,2019-03-06,252.0,0.3960%,0.0012,0.825,1.8911,-0.4468,3.8761%,4.1618%,13.2570%,0.035677,BELFA,17444.0,2019-03-07,252.0,0.8876%,0.0009,0.7982,1.7863,-0.5123,3.8410%,4.1157%,12.9009%,0.0154,BELFA,0.097618,0.0085709999999999,0.0053499999999999,0.0358449999999999,0.0316579999999999
4795,BUNGE LTD,"Bunge Q4 EPS $0.08 May Not Compare To $0.20 Estimate, Sales $11.543B Miss $11.75B Estimate",6,decrease,0.8,0.7,"the earnings per share (eps) and sales figures both missed analyst estimates, which typically leads to a negative reaction in stock prices.",0,2019-02-21,BG,2019-02-21 11:08:00+00:00,89138.0,G1696210,0.0148007357493042,5792313.0,-0.0319745540618896,0.0009496530983597,0.0320648998022079,0.0064997160807251,-0.0106681585311889,-0.0018899730639532,0.0032160077244043,-0.0048899441026151,0.0009429201018065,0.0091098798438906,-0.0015071934321895,0.0066870171576738,-0.0035848796833306,-0.0130114769563078,-0.011550853960216,-0.0108189107850194,-0.0226053688675165,-0.0114327669143676,-0.0086240423843264,0.0044452277943491,-0.0069197760894894,-0.0022176848724484,0.0280708707869052,-0.0154657661914825,0.006971351802349,-0.001997468760237,0.0003846241743303,0.0121301207691431,0.0005766777903772,0.0130329690873622,0.0155619867146015,-0.0040793847292661,-0.0121074421331286,0.0120097463950514,-0.0032554955687373,0.003767202142626,-0.0122958580031991,0.0079742167145013,0.0171173140406608,0.0150317745283246,-0.0112832309678196,-0.0214972551912069,-0.0050290548242628,0.0131830079481005,0.0029160485137254,-0.0005728237447328,0.0042644161731004,-0.0161563139408826,0.0075274924747645,-0.0243768654763698,0.0166666451841592,-0.0208183750510215,-0.004899158142507,-0.0167636666446924,-0.0123083032667636,-0.0066608428023755,-0.0051763891242444,0.0236856210976839,0.0256311781704425,0.0068654213100671,0.0005636748974211,0.0083803804591298,0.0052581932395696,0.0277101583778858,-0.0078460332006216,-0.000374330120394,-0.0022594414185732,-0.0001870943378889,-0.0005661934847012,0.0083018606528639,-0.005853428505361,-0.0054419385269284,-0.0032289074733853,-0.003925216384232,-0.0141005693003535,0.0276603642851114,-0.0036722542718052,-0.0241798907518386,-0.0081473942846059,-0.0165898893028497,0.00352044403553,-0.0410111322999,-0.0011693894630298,-0.0038739428855478,-0.0025366062764078,-0.0190015286207199,-0.0492957830429077,-0.0159782841801643,0.0076132253743708,-0.0042315502651035,0.0234837178140878,-0.0092235319316387,0.0456903614103794,0.0198392309248447,-0.0047700819559395,-0.0196176748722791,-0.0197469089180231,0.0028585533145815,0.0003911687235813,0.013635640963912,-0.0097751710563898,0.0108545357361435,-0.0132280746474862,-0.0217428095638752,0.0692276731133461,0.0396005287766456,-0.005052404012531,-0.0153554072603583,0.011096485890448,-0.0114276306703686,-0.0236234497278928,0.005660408642143,0.0030481966678053,-0.0029075078200548,0.0117758577689528,0.0166928004473447,0.0003754544304683,-0.012364781461656,-0.0105085633695125,0.0034465063363313,-0.0319745540618896,0.0009496530983597,-0.0009349151318964,0.0074555416545993,-0.0115930998402451,0.0055514778177416,-0.0074793895965813,0.0097500463348692,-0.0542258369643614,-0.0145633094497411,-0.0048615996513055,-0.0387763329801261,-0.0140239345714474,-0.0831685407566975,2019-02-22,2019-02-25,2019-02-26,2019-02-27,2019-02-28,2019-03-01,2019-03-04,2019-03-05,2019-03-06,2019-03-07,89138.0,2019-02-21,252.0,1.4801%,-0.0012,0.5339,0.2823,0.2818,1.3374%,1.4399%,13.7280%,0.017668,BG,89138.0,2019-02-22,252.0,-3.1975%,-0.0013,0.5378,0.2917,0.3378,1.3497%,1.4511%,13.4867%,-0.032956,BG,89138.0,2019-02-25,252.0,3.2065%,-0.0012,0.5387,0.276,0.3328,1.3653%,1.4654%,13.1969%,0.032525,BG,89138.0,2019-02-26,252.0,-1.0668%,-0.0013,0.5351,0.2876,0.336,1.3648%,1.4636%,13.0476%,-0.007042,BG,89138.0,2019-02-27,252.0,0.3216%,-0.0012,0.5403,0.2794,0.3369,1.3630%,1.4632%,13.2211%,0.0024909999999999,BG,89138.0,2019-02-28,252.0,0.0943%,-0.0011,0.5358,0.2764,0.3326,1.3626%,1.4606%,12.9658%,0.003304,BG,89138.0,2019-03-01,252.0,-0.1507%,-0.0012,0.5455,0.2909,0.3494,1.3584%,1.4595%,13.3684%,-0.004926,BG,89138.0,2019-03-04,252.0,-0.3585%,-0.0013,0.5512,0.2719,0.3479,1.3562%,1.4585%,13.5426%,-0.001037,BG,89138.0,2019-03-05,252.0,-1.1551%,-0.0012,0.5559,0.3029,0.3541,1.3538%,1.4588%,13.8805%,-0.009026,BG,89138.0,2019-03-06,252.0,-2.2605%,-0.0014,0.5434,0.3451,0.3458,1.3397%,1.4443%,13.9634%,-0.014352,BG,89138.0,2019-03-07,252.0,-0.8624%,-0.0014,0.5477,0.3632,0.3566,1.3365%,1.4437%,14.3004%,-0.002875,BG,-0.015288,0.017237,0.010195,0.01599,-0.0162259999999999
4803,BAIDU INC,Baidu Sees Q1 Sales $3.62B-$3.60B vs $3.55B Est.,6,increase,0.75,0.6,"baidu's q1 sales forecast exceeds analyst estimates, which is likely to positively influence investor sentiment and drive the stock price up.",2,2019-02-21,BIDU,2019-02-21 21:33:00+00:00,90857.0,05675210,0.0036803651601076,4202510.0,-0.0270065739750862,-0.0073644784279167,-0.0129807870835065,0.0140538597479462,-0.0183030553162097,-0.0230928547680378,0.0011729993857443,0.0014957685489207,0.0022815263364464,0.0209692064672708,-0.0027685305103659,0.0130310747772455,-0.0072182011790573,-0.0108298789709806,0.0423813536763191,-0.0097913974896073,0.014904017560184,-0.0130572570487856,-0.0265507753938436,-0.0135050201788544,-0.0124909924343228,0.0131654208526015,0.0202261712402105,0.015589409507811,0.0001796764408936,-0.0078781237825751,0.0070662475191056,0.0194284189492464,-0.0025568928103894,0.0246263202279806,0.0163347460329532,-0.0133134070783853,0.0040474100969731,0.0023937395308166,-0.0025705581065267,0.0270436946302652,-0.0032800186891108,-0.0034300966653972,0.009402398020029,0.0178938526660203,-0.029341610148549,-0.0640172809362411,0.0008997130789794,0.019332580268383,0.0019174979534,-0.0096612628549337,-0.0174043290317058,0.0108378930017352,-0.0010955790057778,0.0300557799637317,0.0045092040672898,-0.0185419414192438,0.0336668938398361,-0.0133056454360485,0.003403766779229,0.0102616818621754,0.0229851920157671,0.019828675314784,0.0241267010569572,0.0049199741333723,0.0135097308084368,0.0102516878396272,0.0177361667156219,0.0403334610164165,-0.0204037670046091,-0.0464714542031288,-0.0218784902244806,0.0230138320475816,-0.0329868756234645,-0.0220138877630233,0.0110397161915898,0.0036514191888272,-0.0255358386784791,-0.0089548053219914,0.0095452694222331,0.0376781970262527,0.0002936519449576,-0.0019057493191212,0.0040509742684662,-0.0183337647467851,-0.0096480473875999,-0.0130477296188473,0.0231445841491222,-0.0306067951023578,-0.0230249315500259,-0.0132462028414011,-0.0080922050401568,-0.0432578176259994,-0.0107782864943146,-0.013118403032422,-0.0016252649948,0.0008344583911821,0.0022911643609404,0.0163980424404144,-0.0048727518878877,-0.0131137883290648,0.0049571231938898,-0.0020049042068421,0.00481224572286,-0.0063087958842515,-0.0152058992534875,-0.0107303550466895,-0.0144072650000453,-0.0453143678605556,-0.0157281383872032,0.0161992944777011,-0.0055145062506198,0.0276170596480369,-0.0122873159125447,-0.0277011319994926,-0.0332376807928085,0.0309098381549119,0.0056091207079589,-0.0129597121849656,0.0007218361715786,0.0141284801065921,0.0078688329085707,-0.0072845686227083,-0.1651919335126877,0.0364548191428184,-0.0270065739750862,-0.0073644784279167,-0.0396367944719672,0.0065858819730868,-0.0572143753463993,-0.0166590596108748,-0.0539549750453006,0.0054625126141651,-0.0354461099701379,-0.0286557520969101,0.0426052498885962,0.0527674399622026,-0.2531866617655948,-0.0354969817201549,2019-02-22,2019-02-25,2019-02-26,2019-02-27,2019-02-28,2019-03-01,2019-03-04,2019-03-05,2019-03-06,2019-03-07,90857.0,2019-02-21,252.0,0.3680%,-0.0016,1.1287,0.0792,-0.4617,1.7225%,2.1814%,37.6521%,0.006731,BIDU,90857.0,2019-02-22,252.0,-2.7007%,-0.0018,1.1352,0.0526,-0.4084,1.7385%,2.1870%,36.8105%,-0.041666,BIDU,90857.0,2019-02-25,252.0,-1.2981%,-0.0019,1.1364,0.0605,-0.3998,1.7395%,2.1871%,36.7436%,-0.015382,BIDU,90857.0,2019-02-26,252.0,-1.8303%,-0.0019,1.146,0.073,-0.3863,1.7410%,2.1893%,36.7579%,-0.017517,BIDU,90857.0,2019-02-27,252.0,0.1173%,-0.0019,1.1411,0.0821,-0.3871,1.7396%,2.1843%,36.5717%,-0.000561,BIDU,90857.0,2019-02-28,252.0,0.2282%,-0.0019,1.1364,0.0791,-0.3921,1.7397%,2.1804%,36.3395%,0.004735,BIDU,90857.0,2019-03-01,252.0,-0.2769%,-0.002,1.1469,0.0948,-0.3707,1.7358%,2.1796%,36.5757%,-0.012838,BIDU,90857.0,2019-03-04,252.0,-0.7218%,-0.002,1.1486,0.0868,-0.3707,1.7357%,2.1792%,36.5635%,0.000481,BIDU,90857.0,2019-03-05,252.0,4.2381%,-0.0018,1.1423,0.0676,-0.392,1.7589%,2.1965%,35.8731%,0.043624,BIDU,90857.0,2019-03-06,252.0,1.4904%,-0.0017,1.1269,0.0153,-0.4166,1.7663%,2.1958%,35.2895%,0.025419,BIDU,90857.0,2019-03-07,252.0,-2.6551%,-0.0019,1.1315,0.0043,-0.4135,1.7676%,2.1990%,35.3872%,-0.018764,BIDU,-0.034935,-0.050317,-0.067834,-0.06366,-0.025738
4811,BAIDU INC,"Baidu Q4 Adj. EPS $1.92 Beats $1.82 Estimate, Sales $3.96B Beat $3.87B Estimate",6,increase,0.8,0.7,baidu's better-than-expected earnings per share and sales figures are likely to boost investor confidence and lead to an increase in stock price.,2,2019-02-21,BIDU,2019-02-21 21:32:00+00:00,90857.0,05675210,0.0036803651601076,4202510.0,-0.0270065739750862,-0.0073644784279167,-0.0129807870835065,0.0140538597479462,-0.0183030553162097,-0.0230928547680378,0.0011729993857443,0.0014957685489207,0.0022815263364464,0.0209692064672708,-0.0027685305103659,0.0130310747772455,-0.0072182011790573,-0.0108298789709806,0.0423813536763191,-0.0097913974896073,0.014904017560184,-0.0130572570487856,-0.0265507753938436,-0.0135050201788544,-0.0124909924343228,0.0131654208526015,0.0202261712402105,0.015589409507811,0.0001796764408936,-0.0078781237825751,0.0070662475191056,0.0194284189492464,-0.0025568928103894,0.0246263202279806,0.0163347460329532,-0.0133134070783853,0.0040474100969731,0.0023937395308166,-0.0025705581065267,0.0270436946302652,-0.0032800186891108,-0.0034300966653972,0.009402398020029,0.0178938526660203,-0.029341610148549,-0.0640172809362411,0.0008997130789794,0.019332580268383,0.0019174979534,-0.0096612628549337,-0.0174043290317058,0.0108378930017352,-0.0010955790057778,0.0300557799637317,0.0045092040672898,-0.0185419414192438,0.0336668938398361,-0.0133056454360485,0.003403766779229,0.0102616818621754,0.0229851920157671,0.019828675314784,0.0241267010569572,0.0049199741333723,0.0135097308084368,0.0102516878396272,0.0177361667156219,0.0403334610164165,-0.0204037670046091,-0.0464714542031288,-0.0218784902244806,0.0230138320475816,-0.0329868756234645,-0.0220138877630233,0.0110397161915898,0.0036514191888272,-0.0255358386784791,-0.0089548053219914,0.0095452694222331,0.0376781970262527,0.0002936519449576,-0.0019057493191212,0.0040509742684662,-0.0183337647467851,-0.0096480473875999,-0.0130477296188473,0.0231445841491222,-0.0306067951023578,-0.0230249315500259,-0.0132462028414011,-0.0080922050401568,-0.0432578176259994,-0.0107782864943146,-0.013118403032422,-0.0016252649948,0.0008344583911821,0.0022911643609404,0.0163980424404144,-0.0048727518878877,-0.0131137883290648,0.0049571231938898,-0.0020049042068421,0.00481224572286,-0.0063087958842515,-0.0152058992534875,-0.0107303550466895,-0.0144072650000453,-0.0453143678605556,-0.0157281383872032,0.0161992944777011,-0.0055145062506198,0.0276170596480369,-0.0122873159125447,-0.0277011319994926,-0.0332376807928085,0.0309098381549119,0.0056091207079589,-0.0129597121849656,0.0007218361715786,0.0141284801065921,0.0078688329085707,-0.0072845686227083,-0.1651919335126877,0.0364548191428184,-0.0270065739750862,-0.0073644784279167,-0.0396367944719672,0.0065858819730868,-0.0572143753463993,-0.0166590596108748,-0.0539549750453006,0.0054625126141651,-0.0354461099701379,-0.0286557520969101,0.0426052498885962,0.0527674399622026,-0.2531866617655948,-0.0354969817201549,2019-02-22,2019-02-25,2019-02-26,2019-02-27,2019-02-28,2019-03-01,2019-03-04,2019-03-05,2019-03-06,2019-03-07,90857.0,2019-02-21,252.0,0.3680%,-0.0016,1.1287,0.0792,-0.4617,1.7225%,2.1814%,37.6521%,0.006731,BIDU,90857.0,2019-02-22,252.0,-2.7007%,-0.0018,1.1352,0.0526,-0.4084,1.7385%,2.1870%,36.8105%,-0.041666,BIDU,90857.0,2019-02-25,252.0,-1.2981%,-0.0019,1.1364,0.0605,-0.3998,1.7395%,2.1871%,36.7436%,-0.015382,BIDU,90857.0,2019-02-26,252.0,-1.8303%,-0.0019,1.146,0.073,-0.3863,1.7410%,2.1893%,36.7579%,-0.017517,BIDU,90857.0,2019-02-27,252.0,0.1173%,-0.0019,1.1411,0.0821,-0.3871,1.7396%,2.1843%,36.5717%,-0.000561,BIDU,90857.0,2019-02-28,252.0,0.2282%,-0.0019,1.1364,0.0791,-0.3921,1.7397%,2.1804%,36.3395%,0.004735,BIDU,90857.0,2019-03-01,252.0,-0.2769%,-0.002,1.1469,0.0948,-0.3707,1.7358%,2.1796%,36.5757%,-0.012838,BIDU,90857.0,2019-03-04,252.0,-0.7218%,-0.002,1.1486,0.0868,-0.3707,1.7357%,2.1792%,36.5635%,0.000481,BIDU,90857.0,2019-03-05,252.0,4.2381%,-0.0018,1.1423,0.0676,-0.392,1.7589%,2.1965%,35.8731%,0.043624,BIDU,90857.0,2019-03-06,252.0,1.4904%,-0.0017,1.1269,0.0153,-0.4166,1.7663%,2.1958%,35.2895%,0.025419,BIDU,90857.0,2019-03-07,252.0,-2.6551%,-0.0019,1.1315,0.0043,-0.4135,1.7676%,2.1990%,35.3872%,-0.018764,BIDU,-0.034935,-0.050317,-0.067834,-0.06366,-0.025738
4819,BAIDU INC,Baidu To Report Q4 Earnings after The Closing Bell; Co. Historically Issues Its Report Around 4:30 p.m. ET,6,uncertain,0.6,0.5,"the announcement of baidu's q4 earnings report could lead to volatility in the stock price, as investor reactions will depend on the actual earnings results and market expectations.",1,2019-02-21,BIDU,2019-02-21 19:50:00+00:00,90857.0,05675210,0.0036803651601076,4202510.0,-0.0270065739750862,-0.0073644784279167,-0.0129807870835065,0.0140538597479462,-0.0183030553162097,-0.0230928547680378,0.0011729993857443,0.0014957685489207,0.0022815263364464,0.0209692064672708,-0.0027685305103659,0.0130310747772455,-0.0072182011790573,-0.0108298789709806,0.0423813536763191,-0.0097913974896073,0.014904017560184,-0.0130572570487856,-0.0265507753938436,-0.0135050201788544,-0.0124909924343228,0.0131654208526015,0.0202261712402105,0.015589409507811,0.0001796764408936,-0.0078781237825751,0.0070662475191056,0.0194284189492464,-0.0025568928103894,0.0246263202279806,0.0163347460329532,-0.0133134070783853,0.0040474100969731,0.0023937395308166,-0.0025705581065267,0.0270436946302652,-0.0032800186891108,-0.0034300966653972,0.009402398020029,0.0178938526660203,-0.029341610148549,-0.0640172809362411,0.0008997130789794,0.019332580268383,0.0019174979534,-0.0096612628549337,-0.0174043290317058,0.0108378930017352,-0.0010955790057778,0.0300557799637317,0.0045092040672898,-0.0185419414192438,0.0336668938398361,-0.0133056454360485,0.003403766779229,0.0102616818621754,0.0229851920157671,0.019828675314784,0.0241267010569572,0.0049199741333723,0.0135097308084368,0.0102516878396272,0.0177361667156219,0.0403334610164165,-0.0204037670046091,-0.0464714542031288,-0.0218784902244806,0.0230138320475816,-0.0329868756234645,-0.0220138877630233,0.0110397161915898,0.0036514191888272,-0.0255358386784791,-0.0089548053219914,0.0095452694222331,0.0376781970262527,0.0002936519449576,-0.0019057493191212,0.0040509742684662,-0.0183337647467851,-0.0096480473875999,-0.0130477296188473,0.0231445841491222,-0.0306067951023578,-0.0230249315500259,-0.0132462028414011,-0.0080922050401568,-0.0432578176259994,-0.0107782864943146,-0.013118403032422,-0.0016252649948,0.0008344583911821,0.0022911643609404,0.0163980424404144,-0.0048727518878877,-0.0131137883290648,0.0049571231938898,-0.0020049042068421,0.00481224572286,-0.0063087958842515,-0.0152058992534875,-0.0107303550466895,-0.0144072650000453,-0.0453143678605556,-0.0157281383872032,0.0161992944777011,-0.0055145062506198,0.0276170596480369,-0.0122873159125447,-0.0277011319994926,-0.0332376807928085,0.0309098381549119,0.0056091207079589,-0.0129597121849656,0.0007218361715786,0.0141284801065921,0.0078688329085707,-0.0072845686227083,-0.1651919335126877,0.0364548191428184,-0.0270065739750862,-0.0073644784279167,-0.0396367944719672,0.0065858819730868,-0.0572143753463993,-0.0166590596108748,-0.0539549750453006,0.0054625126141651,-0.0354461099701379,-0.0286557520969101,0.0426052498885962,0.0527674399622026,-0.2531866617655948,-0.0354969817201549,2019-02-22,2019-02-25,2019-02-26,2019-02-27,2019-02-28,2019-03-01,2019-03-04,2019-03-05,2019-03-06,2019-03-07,90857.0,2019-02-21,252.0,0.3680%,-0.0016,1.1287,0.0792,-0.4617,1.7225%,2.1814%,37.6521%,0.006731,BIDU,90857.0,2019-02-22,252.0,-2.7007%,-0.0018,1.1352,0.0526,-0.4084,1.7385%,2.1870%,36.8105%,-0.041666,BIDU,90857.0,2019-02-25,252.0,-1.2981%,-0.0019,1.1364,0.0605,-0.3998,1.7395%,2.1871%,36.7436%,-0.015382,BIDU,90857.0,2019-02-26,252.0,-1.8303%,-0.0019,1.146,0.073,-0.3863,1.7410%,2.1893%,36.7579%,-0.017517,BIDU,90857.0,2019-02-27,252.0,0.1173%,-0.0019,1.1411,0.0821,-0.3871,1.7396%,2.1843%,36.5717%,-0.000561,BIDU,90857.0,2019-02-28,252.0,0.2282%,-0.0019,1.1364,0.0791,-0.3921,1.7397%,2.1804%,36.3395%,0.004735,BIDU,90857.0,2019-03-01,252.0,-0.2769%,-0.002,1.1469,0.0948,-0.3707,1.7358%,2.1796%,36.5757%,-0.012838,BIDU,90857.0,2019-03-04,252.0,-0.7218%,-0.002,1.1486,0.0868,-0.3707,1.7357%,2.1792%,36.5635%,0.000481,BIDU,90857.0,2019-03-05,252.0,4.2381%,-0.0018,1.1423,0.0676,-0.392,1.7589%,2.1965%,35.8731%,0.043624,BIDU,90857.0,2019-03-06,252.0,1.4904%,-0.0017,1.1269,0.0153,-0.4166,1.7663%,2.1958%,35.2895%,0.025419,BIDU,90857.0,2019-03-07,252.0,-2.6551%,-0.0019,1.1315,0.0043,-0.4135,1.7676%,2.1990%,35.3872%,-0.018764,BIDU,-0.034935,-0.050317,-0.067834,-0.06366,-0.025738
4827,BIOGEN INC,Biogen shares are trading lower after Stifel Nicolaus downgraded the company's stock from Buy to Hold and lowered its price target from $397 to $346 per share.,6,decrease,0.8,0.7,"the downgrade from buy to hold and the reduction in price target typically signal a negative outlook, which is likely to lead to a decrease in stock price.",0,2019-02-21,BIIB,2019-02-21 15:34:00+00:00,76841.0,09062X10,-0.0417412295937538,1441337.0,0.0129525577649474,0.0064864973537623,0.0066087497398257,0.0003905575431417,0.0004274585517123,0.0251301284879446,0.0038765019271522,0.0098587507382035,-0.002675681374967,0.0066055660136044,0.0185664948076009,0.0080790156498551,-0.0204729009419679,0.0055534401908516,-0.0011917577357962,0.0206976439803838,-0.0272279325872659,-0.0735505372285842,-0.0084284450858831,-0.0111279273405671,-0.0233436375856399,0.0087406318634748,0.0114636402577161,0.0095494352281093,0.0040454948320984,-0.0085984636098146,0.0250703394412994,0.0180565286427736,0.002994732465595,-0.0197919923812151,0.0259704105556011,0.0135450474917888,-0.0128080947324633,-0.0200729854404926,-0.0057884487323462,0.011716267094016,-0.009791244752705,-0.0128996092826128,-0.2923047840595245,-0.0051333205774426,-0.0448254495859146,0.0045639793388545,0.0163812823593616,-0.0027191077824682,0.0574321672320365,0.0190043002367019,-0.0127087999135255,-0.0163240190595388,0.0124810198321938,0.0215483158826828,0.0152907716110348,-0.008373032324016,-0.0164565499871969,0.006099184975028,0.0033549775835126,0.0139607433229684,-0.0080165062099695,0.0067500998266041,0.0157303344458341,0.0063275699503719,0.0284207295626401,0.0127854980528354,-0.0081912782043218,0.0369054935872554,-0.0090097757056355,0.007581468205899,0.0113645801320672,0.0125282099470496,-0.0268436688929796,0.0252113137394189,0.0028653217013925,-0.0030230449046939,-0.0090831760317087,-0.0025748203042894,-0.0157076809555292,0.0598564222455024,-0.006733160931617,-0.0074839843437075,-0.0034773894585669,-0.0401258207857608,0.0106895100325346,-0.0012300244998186,0.006118653807789,-0.0069889654405415,-0.0252378806471824,-0.058607492595911,0.0244652666151523,-0.004609702154994,0.0027839376125484,-0.0174611937254667,-0.0049884784966707,-0.0076562128961086,-0.0006103382329456,0.008818213827908,0.0011341585777699,0.0010956865735352,0.0044444631785154,0.0085561564192175,0.0028630418237298,-0.0305172968655824,0.0211524125188589,0.0123013081029057,-0.0298640355467796,-0.0284776519984006,0.0085581671446561,-0.0045846779830753,-0.0108667183667421,0.0217691324651241,-0.009804374538362,-0.0169455967843532,-0.0025195246562361,0.0260337628424167,0.0155986389145255,0.0134898200631141,0.006152385380119,-0.0018120050663128,0.001214271178469,0.0143237076699733,-0.0068869767710566,-0.0122699802741408,0.0129525577649474,0.0064864973537623,0.0196469077175323,0.0068795882473742,0.020082764507963,0.0321826016719195,0.0212971202683704,0.0492440014159869,-0.0183080769120014,-0.0054303926768595,-0.2681757799029244,0.0395781892701647,-0.28611018717139,0.0490797260256472,2019-02-22,2019-02-25,2019-02-26,2019-02-27,2019-02-28,2019-03-01,2019-03-04,2019-03-05,2019-03-06,2019-03-07,76841.0,2019-02-21,252.0,-4.1741%,0.0003,0.933,0.0706,-0.2792,1.9239%,2.2022%,23.6764%,-0.039027,BIIB,76841.0,2019-02-22,252.0,1.2953%,0.0004,0.9327,0.0724,-0.2816,1.9240%,2.2033%,23.7496%,0.002295,BIIB,76841.0,2019-02-25,252.0,0.6609%,0.0004,0.9319,0.0695,-0.2859,1.9237%,2.2034%,23.7694%,0.004791,BIIB,76841.0,2019-02-26,252.0,0.0427%,0.0003,0.9239,0.076,-0.2886,1.9220%,2.1966%,23.4426%,0.00132,BIIB,76841.0,2019-02-27,252.0,0.3877%,0.0004,0.9329,0.0606,-0.2871,1.9178%,2.1958%,23.7162%,0.002454,BIIB,76841.0,2019-02-28,252.0,-0.2676%,0.0004,0.9394,0.0651,-0.2821,1.9164%,2.1959%,23.8366%,-0.000614,BIIB,76841.0,2019-03-01,252.0,1.8566%,0.0004,0.9449,0.0733,-0.2782,1.9171%,2.1986%,23.9659%,0.010396,BIIB,76841.0,2019-03-04,252.0,-2.0473%,0.0004,0.9405,0.1009,-0.2801,1.9175%,2.1976%,23.8621%,-0.014271,BIIB,76841.0,2019-03-05,252.0,-0.1192%,0.0004,0.9391,0.0893,-0.281,1.9170%,2.1954%,23.7504%,-4.2e-05,BIIB,76841.0,2019-03-06,252.0,-2.7228%,0.0003,0.9518,0.1231,-0.2621,1.9196%,2.2025%,24.0373%,-0.018193,BIIB,76841.0,2019-03-07,252.0,-0.8428%,0.0004,0.9545,0.133,-0.2556,1.9190%,2.2031%,24.1256%,-0.001493,BIIB,-0.036732,-0.031941,-0.0306209999999999,-0.0287809999999999,-0.0523839999999999
4835,BIOGEN INC,"Stifel Nicolaus Downgrades Biogen to Hold, Lowers Price Target to $346",6,decrease,0.8,0.6,"a downgrade to 'hold' and a lower price target typically signal reduced investor confidence, which can lead to a decrease in stock price.",0,2019-02-21,BIIB,2019-02-21 11:52:00+00:00,76841.0,09062X10,-0.0417412295937538,1441337.0,0.0129525577649474,0.0064864973537623,0.0066087497398257,0.0003905575431417,0.0004274585517123,0.0251301284879446,0.0038765019271522,0.0098587507382035,-0.002675681374967,0.0066055660136044,0.0185664948076009,0.0080790156498551,-0.0204729009419679,0.0055534401908516,-0.0011917577357962,0.0206976439803838,-0.0272279325872659,-0.0735505372285842,-0.0084284450858831,-0.0111279273405671,-0.0233436375856399,0.0087406318634748,0.0114636402577161,0.0095494352281093,0.0040454948320984,-0.0085984636098146,0.0250703394412994,0.0180565286427736,0.002994732465595,-0.0197919923812151,0.0259704105556011,0.0135450474917888,-0.0128080947324633,-0.0200729854404926,-0.0057884487323462,0.011716267094016,-0.009791244752705,-0.0128996092826128,-0.2923047840595245,-0.0051333205774426,-0.0448254495859146,0.0045639793388545,0.0163812823593616,-0.0027191077824682,0.0574321672320365,0.0190043002367019,-0.0127087999135255,-0.0163240190595388,0.0124810198321938,0.0215483158826828,0.0152907716110348,-0.008373032324016,-0.0164565499871969,0.006099184975028,0.0033549775835126,0.0139607433229684,-0.0080165062099695,0.0067500998266041,0.0157303344458341,0.0063275699503719,0.0284207295626401,0.0127854980528354,-0.0081912782043218,0.0369054935872554,-0.0090097757056355,0.007581468205899,0.0113645801320672,0.0125282099470496,-0.0268436688929796,0.0252113137394189,0.0028653217013925,-0.0030230449046939,-0.0090831760317087,-0.0025748203042894,-0.0157076809555292,0.0598564222455024,-0.006733160931617,-0.0074839843437075,-0.0034773894585669,-0.0401258207857608,0.0106895100325346,-0.0012300244998186,0.006118653807789,-0.0069889654405415,-0.0252378806471824,-0.058607492595911,0.0244652666151523,-0.004609702154994,0.0027839376125484,-0.0174611937254667,-0.0049884784966707,-0.0076562128961086,-0.0006103382329456,0.008818213827908,0.0011341585777699,0.0010956865735352,0.0044444631785154,0.0085561564192175,0.0028630418237298,-0.0305172968655824,0.0211524125188589,0.0123013081029057,-0.0298640355467796,-0.0284776519984006,0.0085581671446561,-0.0045846779830753,-0.0108667183667421,0.0217691324651241,-0.009804374538362,-0.0169455967843532,-0.0025195246562361,0.0260337628424167,0.0155986389145255,0.0134898200631141,0.006152385380119,-0.0018120050663128,0.001214271178469,0.0143237076699733,-0.0068869767710566,-0.0122699802741408,0.0129525577649474,0.0064864973537623,0.0196469077175323,0.0068795882473742,0.020082764507963,0.0321826016719195,0.0212971202683704,0.0492440014159869,-0.0183080769120014,-0.0054303926768595,-0.2681757799029244,0.0395781892701647,-0.28611018717139,0.0490797260256472,2019-02-22,2019-02-25,2019-02-26,2019-02-27,2019-02-28,2019-03-01,2019-03-04,2019-03-05,2019-03-06,2019-03-07,76841.0,2019-02-21,252.0,-4.1741%,0.0003,0.933,0.0706,-0.2792,1.9239%,2.2022%,23.6764%,-0.039027,BIIB,76841.0,2019-02-22,252.0,1.2953%,0.0004,0.9327,0.0724,-0.2816,1.9240%,2.2033%,23.7496%,0.002295,BIIB,76841.0,2019-02-25,252.0,0.6609%,0.0004,0.9319,0.0695,-0.2859,1.9237%,2.2034%,23.7694%,0.004791,BIIB,76841.0,2019-02-26,252.0,0.0427%,0.0003,0.9239,0.076,-0.2886,1.9220%,2.1966%,23.4426%,0.00132,BIIB,76841.0,2019-02-27,252.0,0.3877%,0.0004,0.9329,0.0606,-0.2871,1.9178%,2.1958%,23.7162%,0.002454,BIIB,76841.0,2019-02-28,252.0,-0.2676%,0.0004,0.9394,0.0651,-0.2821,1.9164%,2.1959%,23.8366%,-0.000614,BIIB,76841.0,2019-03-01,252.0,1.8566%,0.0004,0.9449,0.0733,-0.2782,1.9171%,2.1986%,23.9659%,0.010396,BIIB,76841.0,2019-03-04,252.0,-2.0473%,0.0004,0.9405,0.1009,-0.2801,1.9175%,2.1976%,23.8621%,-0.014271,BIIB,76841.0,2019-03-05,252.0,-0.1192%,0.0004,0.9391,0.0893,-0.281,1.9170%,2.1954%,23.7504%,-4.2e-05,BIIB,76841.0,2019-03-06,252.0,-2.7228%,0.0003,0.9518,0.1231,-0.2621,1.9196%,2.2025%,24.0373%,-0.018193,BIIB,76841.0,2019-03-07,252.0,-0.8428%,0.0004,0.9545,0.133,-0.2556,1.9190%,2.2031%,24.1256%,-0.001493,BIIB,-0.036732,-0.031941,-0.0306209999999999,-0.0287809999999999,-0.0523839999999999
4843,BLUEBIRD BIO INC,"bluebird bio Q4 EPS $(2.72) Beats $(2.86) Estimate, Sales $19.24M Beat $8.12M Estimate",6,increase,0.75,0.6,"the company reported a smaller-than-expected loss and significantly higher sales than estimated, which are positive indicators that could boost investor confidence.",2,2019-02-21,BLUE,2019-02-21 22:11:00+00:00,13947.0,09609G10,-0.0464628636837005,435617.0,0.032065462321043,-0.0160017553716898,0.1415625661611557,-0.0103626810014247,0.0180774554610252,0.0204036459326744,0.0532041043043136,-0.0098068267107009,-0.0343411974608898,0.0026615452952682,0.0092771705240011,0.0094029437750577,-0.0244478601962328,0.0248565971851348,-0.0131518319249153,-0.0096947569400072,-0.0419043041765689,-0.0289769973605871,-0.0318339504301548,0.0074836579151451,-0.0076482640579342,-0.008740265853703,0.0589209273457527,0.0112901208922267,-0.0055098128505051,0.0089935716241598,0.0419288985431194,0.0251228399574756,-0.0049891322851181,0.0541832223534584,0.0426864512264728,-0.0221746694296598,-0.0118324169889092,-0.0271957349032163,-0.0004481787036638,0.0570893548429012,-0.016143525019288,0.0255574826151132,0.0169292278587818,-0.0428490936756134,-0.0610833242535591,-0.0374731458723545,-0.0028641447424888,0.0273518320173025,0.0450690500438213,0.0367153212428093,-0.034421794116497,0.0111037148162722,0.0370721854269504,0.0427719429135322,0.0281662363559007,0.003903578966856,0.005402598530054,-0.013773638755083,0.011505926027894,0.0603229478001594,0.0153124807402491,-0.0301750712096691,-0.0316404998302459,0.0002639808226376,0.0279703084379434,0.0667417719960212,-0.0096469772979617,0.0665799155831337,-0.0265376213937997,0.0038190679624676,0.0064143682830035,0.0030242244247347,-0.018610568717122,0.0212064813822507,0.0065593570470809,-0.0033856758382171,-0.010774876922369,-0.0145587138831615,0.0045655942521989,0.0839452445507049,-0.0949876904487609,-0.0091214720159769,-0.0167157035320997,-0.0327696949243545,-0.0112359058111906,-0.0585384964942932,0.0263429153710603,-0.0222372915595769,-0.0213530901819467,-0.0109017826616764,0.0204231478273868,0.0114130992442369,0.0295176841318607,0.0145225757732987,-0.0139860138297081,-0.0540239438414573,0.0058865379542112,0.0277619119733572,-0.0155820818617939,0.026138013228774,0.0169030278921127,-0.0007825670181773,0.0094380313530564,-0.0608175955712795,0.0278397295624017,-0.0422349572181701,-0.0698526501655578,-0.0244635064154863,-0.0330608561635017,-0.0519977174699306,0.0077741621062159,-0.0179798621684312,-0.0023217312991619,0.0279283858835697,-0.0655356422066688,-0.0074195163324475,0.0176734961569309,-0.043590173125267,-0.0146037135273218,0.0499427393078804,0.0478250496089458,0.0451822578907012,-0.018807390704751,0.004297009203583,0.032065462321043,-0.0160017553716897,0.1781672976135093,-0.0261986152867349,0.199465564461754,-0.0063295166242974,0.2198994369473625,-0.0134555079670216,0.0994969884608949,-0.0112626252212993,0.2363250622918808,0.1742344558608981,0.0086450730789828,0.1467858627439313,2019-02-22,2019-02-25,2019-02-26,2019-02-27,2019-02-28,2019-03-01,2019-03-04,2019-03-05,2019-03-06,2019-03-07,13947.0,2019-02-21,252.0,-4.6463%,-0.0022,1.3199,1.1486,-0.891,2.6647%,3.2585%,33.1262%,-0.042924,BLUE,13947.0,2019-02-22,252.0,3.2065%,-0.0022,1.3195,1.136,-0.9067,2.6642%,3.2646%,33.4012%,0.003972,BLUE,13947.0,2019-02-25,252.0,14.1563%,-0.0015,1.315,1.0612,-0.9623,2.8044%,3.3813%,31.2130%,0.140805,BLUE,13947.0,2019-02-26,252.0,1.8077%,-0.0014,1.3051,1.0358,-0.9826,2.8084%,3.3797%,30.9527%,0.023698,BLUE,13947.0,2019-02-27,252.0,5.3204%,-0.0011,1.3207,1.0229,-0.9799,2.8185%,3.3935%,31.0139%,0.048782,BLUE,13947.0,2019-02-28,252.0,-3.4341%,-0.0013,1.3433,1.0373,-0.9561,2.8193%,3.3996%,31.2262%,-0.033001,BLUE,13947.0,2019-03-01,252.0,0.9277%,-0.0014,1.3463,1.0418,-0.9486,2.8192%,3.3996%,31.2294%,-0.007317,BLUE,13947.0,2019-03-04,252.0,-2.4448%,-0.0015,1.3555,1.0186,-0.9527,2.8175%,3.4022%,31.4199%,-0.00967,BLUE,13947.0,2019-03-05,252.0,-1.3152%,-0.0015,1.3592,1.0419,-0.9469,2.8172%,3.4018%,31.4139%,-0.0100659999999999,BLUE,13947.0,2019-03-06,252.0,-4.1904%,-0.0017,1.3448,1.0918,-0.9564,2.8080%,3.3990%,31.7516%,-0.017071,BLUE,13947.0,2019-03-07,252.0,-3.1834%,-0.0018,1.3526,1.0878,-0.9471,2.8108%,3.4024%,31.7545%,-0.023289,BLUE,-0.038952,0.101853,0.125551,0.141332,0.073919
4851,BIOMARIN PHARMACEUTICAL INC,"Biomarin Pharmaceutical Q4 GAAP EPS $(0.03), Adj. Net Loss $10.8M, Sales $353.214M Miss $379.79M Estimate",6,decrease,0.8,0.7,"the company reported a larger-than-expected loss and missed revenue estimates, which typically leads to a decline in stock price.",0,2019-02-21,BMRN,2019-02-21 21:16:00+00:00,87056.0,09061G10,-0.0204059779644012,1013730.0,-0.0105843357741832,-0.0129558499902486,0.0397177375853061,-0.0227683745324611,0.0088659981265664,0.0055632465519011,0.0173592120409011,-0.0186876505613327,-0.0054387813434004,0.0002099825942423,0.0160840656608343,0.0278467535972595,-0.0170958489179611,-0.0172888971865177,-0.0049387919716537,0.0055460389703512,-0.0175873674452304,-0.0228243339806795,0.0028555134776979,-0.0167042929679155,-0.0144562451168894,-0.0083333300426602,0.0142237897962331,-0.002230797195807,0.0193930566310882,0.0045839319936931,0.0227859281003475,0.0123749300837516,-0.006935725454241,0.0296241343021392,0.000317447411362,0.0106234345585107,-0.0123770041391253,-0.0235750209540128,-0.0205655321478843,0.0297799110412597,-0.016185512766242,-0.0096174553036689,0.0091151585802435,-0.021743694320321,-0.0300726573914289,-0.0207800045609474,0.0056785913184285,0.0018459676066413,0.0125352973118424,0.0188068449497222,-0.0191835947334766,0.0082165673375129,-0.0014783361693844,0.0191089510917663,0.0116160381585359,-0.0138682778924703,0.0067544574849307,0.0055354121141135,0.0201275087893009,0.0338983237743377,0.0072344187647104,-0.0156013257801532,0.0053324396722018,0.0233950614929199,0.0164538249373436,0.0354765094816684,-0.0161874778568744,0.0344418250024318,-0.0115825906395912,-0.0089454110711812,0.0108422460034489,-0.0022313850931823,-0.0375948101282119,0.0185407064855098,0.0123831862583756,-0.0047619231045246,0.0213499180972576,0.0026259396690875,-0.03636359795928,0.0454205051064491,-0.0695966929197311,-0.0096391346305608,0.0098361289128661,-0.0572061464190483,0.0066137011162936,-0.0005821544327773,0.0273563601076602,-0.041303914040327,-0.0059302574954926,-0.0310437548905611,-0.0021055131219327,-0.0070884292945265,-0.0025788445491343,-0.0083075808361172,0.0075215306133031,-0.0065601812675595,-0.0023329588584601,0.0235001724213361,-0.015783917158842,-0.0158798415213823,-0.0098598459735512,0.0121899126097559,0.0089982002973556,-0.0297258105129003,-0.0074910493567585,0.0197459533810615,-0.0176111329346895,-0.0419265627861022,0.0087805027142167,0.0183276291936636,0.007978674955666,-0.0074418731965124,-0.0113935833796858,-0.0188621897250413,-0.0252335537225008,0.0232437252998352,0.0087119424715638,-0.0065972516313195,0.075385570526123,0.0344423465430736,0.0287975501269102,0.0020301574841141,-0.0107059115543961,0.0231769438832998,-0.0105843357741832,-0.0129558499902486,0.028713015940329,-0.0354292408777454,0.0378335836124303,-0.0300630959279939,0.0501070219822743,-0.0479890741017753,0.0281499841957471,-0.0709161517118286,0.0401981750099029,0.005211236160437,-0.0011259765161112,-0.008855338429723,2019-02-22,2019-02-25,2019-02-26,2019-02-27,2019-02-28,2019-03-01,2019-03-04,2019-03-05,2019-03-06,2019-03-07,87056.0,2019-02-21,252.0,-2.0406%,0.0,1.2027,0.4041,-0.3961,1.6551%,2.1842%,42.5789%,-0.0167,BMRN,87056.0,2019-02-22,252.0,-1.0584%,-0.0001,1.2069,0.3884,-0.3599,1.6627%,2.1851%,42.1010%,-0.026546,BMRN,87056.0,2019-02-25,252.0,3.9718%,0.0001,1.2062,0.3689,-0.3726,1.6798%,2.1990%,41.6456%,0.03817,BMRN,87056.0,2019-02-26,252.0,0.8866%,0.0002,1.2214,0.3379,-0.3769,1.6712%,2.1984%,42.2123%,0.011828,BMRN,87056.0,2019-02-27,252.0,1.7359%,0.0003,1.222,0.3412,-0.3768,1.6738%,2.1997%,42.1037%,0.015066,BMRN,87056.0,2019-02-28,252.0,-0.5439%,0.0003,1.2245,0.3428,-0.3743,1.6737%,2.1986%,42.0444%,-0.002761,BMRN,87056.0,2019-03-01,252.0,1.6084%,0.0003,1.2202,0.3364,-0.383,1.6731%,2.1959%,41.9509%,0.004686,BMRN,87056.0,2019-03-04,252.0,-1.7096%,0.0004,1.2059,0.3912,-0.381,1.6610%,2.1813%,42.0107%,-0.008002,BMRN,87056.0,2019-03-05,252.0,-0.4939%,0.0003,1.2035,0.3704,-0.3816,1.6591%,2.1747%,41.7974%,-0.002681,BMRN,87056.0,2019-03-06,252.0,-1.7587%,0.0003,1.2043,0.3771,-0.3798,1.6592%,2.1767%,41.8972%,-0.002748,BMRN,87056.0,2019-03-07,252.0,0.2856%,0.0003,1.196,0.3584,-0.3962,1.6588%,2.1735%,41.7561%,0.011652,BMRN,-0.043246,-0.0050759999999999,0.006752,0.019057,0.021964
4859,BRISTOL MYERS SQUIBB CO,Bristol-Myers Squibb Option Alert: Mar 1 $54 Calls Sweep (31) near the Ask: 753 @ $1.055 vs 521 OI; Ref=$52.51,6,increase,0.7,0.6,"the significant call option activity suggests bullish sentiment among investors, indicating a potential increase in the stock price.",2,2019-02-21,BMY,2019-02-21 14:47:00+00:00,19393.0,11012210,-0.0228069815784692,25946991.0,0.0169558841735124,-0.0011682510375976,-0.0064730877056717,-0.0059995660558342,-0.0096742678433656,0.0165256019681692,0.0159489475190639,-0.0029422855004668,0.0137362787500023,0.0255481898784637,0.0301974713802337,-0.0077844192273914,-0.0031943251378834,-0.0023895408958196,0.0141376061365008,0.0033966430928558,-0.0169144961982965,-0.0213140435516834,-0.0260919090360403,0.0197407342493534,-0.0023296240251511,-0.0137659190222621,-0.0095348879694938,0.0192423146218061,-0.0102161187678575,0.010532721877098,0.011710999533534,0.0104379514232277,-0.0211889706552028,0.0111755160614848,0.0014030806487426,0.0,-0.0020015707705169,-0.0124668013304472,-0.005214643664658,-0.001835988368839,-0.0082661258056759,-0.0188150256872177,-0.0054889298044145,0.0048269880935549,-0.0155355343595147,-0.0079808002337813,-0.0139119224622845,0.0104838805273175,0.0178984720259904,0.0095664029940962,-0.0074472613632678,-0.0118664549663662,-0.00291786971502,0.0364811345934867,-0.0027174137067049,-0.0004167630104348,-0.0129951573908329,0.0056580146774649,-0.0082820001989603,0.0114455474540591,0.0038543962873518,-0.0168785452842712,0.0042661493644118,-0.0086758555844426,-0.0006427851039916,0.0324163027107715,0.0032161562703549,0.0392287336289882,-0.0173114202916622,-0.1316040754318237,-0.0019573760218918,0.0086571909487247,0.0043582646176218,0.0204161945730447,-0.0112822838127613,0.0105137629434466,0.0204081702977418,0.0075954641215503,-0.0103225708007812,0.0260459501296281,-0.0047805565409362,-0.0212766230106353,-0.0061135105788707,-0.0047942805103957,-0.0061511155217885,-0.0065488792024552,0.0017683026380836,-0.0226920470595359,-0.0154457362368702,0.0125687988474965,0.0228597149252891,-0.0230238065123558,0.0054776514880359,-0.0283370707184076,0.0093702403828501,0.0037425293121486,0.0023747973609715,0.0192637480795383,0.0032307025976479,-0.002852824749425,0.0064405156299471,-0.0094197439029812,0.0371159948408603,-0.0031924538780003,-0.0106951966881752,0.023448035120964,-0.0182951614260673,-0.0234609618782997,0.0048708077520132,-0.0033670091070234,-0.0046364851295948,0.031648002564907,-0.0046580820344388,-0.0034615444019436,-0.0236119292676448,0.0166177600622177,0.0002178283466491,-0.0299639292061328,0.0156828835606575,-0.0037785898894071,0.0105082103982567,-0.0050751962698996,-0.0057300608605146,-0.005979067645967,0.0169558841735124,-0.0011682510375976,0.0103730395424583,-0.007160808094162,0.0005984201362092,0.0092464572096726,0.030520620932712,0.0319855209897208,0.0275283696475601,0.0229311606798168,-0.0608418699061947,0.0596983977446463,-0.0572196537245106,-0.0327698911707833,2019-02-22,2019-02-25,2019-02-26,2019-02-27,2019-02-28,2019-03-01,2019-03-04,2019-03-05,2019-03-06,2019-03-07,19393.0,2019-02-21,252.0,-2.2807%,-0.001,0.8932,-0.2069,0.1008,1.5513%,1.8055%,26.1798%,-0.019494,BMY,19393.0,2019-02-22,252.0,1.6956%,-0.0009,0.8907,-0.1955,0.082,1.5535%,1.8076%,26.1368%,0.01367,BMY,19393.0,2019-02-25,252.0,-0.6473%,-0.0009,0.8899,-0.1927,0.0803,1.5534%,1.8072%,26.1133%,-0.00827,BMY,19393.0,2019-02-26,252.0,-0.9674%,-0.001,0.8813,-0.1728,0.0839,1.5505%,1.7972%,25.5706%,-0.009319,BMY,19393.0,2019-02-27,252.0,1.5949%,-0.001,0.8815,-0.1684,0.084,1.5540%,1.7990%,25.3859%,0.015485,BMY,19393.0,2019-02-28,252.0,1.3736%,-0.0009,0.878,-0.1702,0.0773,1.5579%,1.8001%,25.0979%,0.016613,BMY,19393.0,2019-03-01,252.0,3.0197%,-0.0008,0.8748,-0.1749,0.0606,1.5636%,1.8046%,24.9225%,0.024589,BMY,19393.0,2019-03-04,252.0,-0.3194%,-0.0008,0.8771,-0.1836,0.0603,1.5633%,1.8041%,24.9148%,0.000329,BMY,19393.0,2019-03-05,252.0,1.4138%,-0.0007,0.8735,-0.2013,0.0518,1.5662%,1.8058%,24.7729%,0.015114,BMY,19393.0,2019-03-06,252.0,-1.6914%,-0.0008,0.878,-0.1775,0.0602,1.5678%,1.8075%,24.7622%,-0.0122239999999999,BMY,19393.0,2019-03-07,252.0,-2.6092%,-0.0008,0.8916,-0.1462,0.0871,1.5660%,1.8105%,25.1811%,-0.018908,BMY,-0.005824,-0.014094,-0.023413,0.008685,0.017585
4867,BRADY CORP,Brady Raises FY19 EPS Guidance From $2.20-$2.30 To $2.25-$2.35 vs $2.28 Estimate,6,increase,0.8,0.6,"raising eps guidance typically signals positive financial performance expectations, which can lead to an increase in stock price.",2,2019-02-21,BRC,2019-02-21 12:25:00+00:00,18973.0,10467410,0.0113996397703886,640830.0,0.0054268068633973,0.0130453510209918,-0.0089266449213027,-0.0010682130232453,0.0004188655584584,0.0014976399252191,0.0014657351421192,-0.0053202807903289,-0.0108718471601605,0.0012785291764885,0.0012681791558861,0.0129505386576056,-0.0063331061974167,0.0124563705176115,-0.0157212205231189,-0.0037013278342783,-0.0032376758754253,0.0045931558124721,-0.0047639934346079,0.0024117650464177,-0.0008703419589437,0.0244833808392286,0.0189460534602403,-0.0033579072915017,-0.0138918897137045,-0.000894674914889,0.0086693009361624,0.0126839755102992,-0.0040825619362294,0.0107601014897227,-0.0049622342921793,0.0052934302948415,0.0147441523149609,-0.0231564473360776,-0.0010683598229661,-0.0178847722709178,-0.0121925072744488,-0.0024229208938777,0.0181896965950727,-0.0030742071103304,-0.0367928445339202,-0.0087069598957896,0.0075071793980896,0.0028377482667565,0.0098619498312473,0.0021877551916986,0.0039061736315488,0.0015337356599047,0.0062689348123967,0.0008772130822762,-0.0030075057875365,-0.0039318548515439,0.0114199267700314,0.00065571104642,-0.0091606369242072,0.0041702943854033,0.015695622190833,-0.0001637702080188,-0.0023285478819161,0.0343425348401069,0.0059409881941974,0.0004520036745816,0.004904038272798,0.028598079457879,-0.0035842712968587,-0.0094426497817039,0.0135421762242913,-0.0009204076486639,0.0085594952106475,0.0213866010308265,0.0043469071388244,0.0080549670383334,0.0037098166067153,0.0207980815321207,0.0082135051488876,0.0322016254067421,0.0069246469065546,-0.0231650080531835,-0.0125404316931963,-0.0048532094806432,-0.0161819122731685,-0.0150573868304491,0.0151988249272108,0.0057692714035511,0.0073831137269735,0.0133982766419649,-0.0158794540911912,-0.0024301891680806,0.0072403489612042,-0.0160209983587265,0.0102690495550632,-0.0148410145193338,-0.008131687529385,0.0102332290261983,-0.01229764893651,0.01155511662364,0.0066403755918145,0.004837947897613,0.0284477658569812,-0.000725133693777,0.0034075363073498,0.0046138567849993,-0.0277667436748743,-0.0531156882643699,-0.0053420653566718,-0.0016069718403741,0.0041313935071229,0.0339425653219223,0.0047315270639956,-0.0142723582684993,-0.0268223043531179,0.0125563284382224,-0.0048390394076704,-0.0100844353437423,-0.0044397269375622,-0.0002345166722079,0.0104056419804692,0.0037655881606042,-0.0239597130566835,0.0111851785331964,0.0054268068633973,0.0130453510209918,-0.0035482812358315,0.0119632027838929,-0.0031309019301744,0.0134787592792346,-0.0125234496906853,0.0093756360497774,-0.040701330580782,0.0385879907554651,-0.0162804991462527,0.0752585383683006,-0.0263397335566901,0.1325783134773743,2019-02-22,2019-02-25,2019-02-26,2019-02-27,2019-02-28,2019-03-01,2019-03-04,2019-03-05,2019-03-06,2019-03-07,18973.0,2019-02-21,252.0,1.1400%,0.0009,0.7739,0.8615,0.1636,1.1666%,1.4802%,37.8868%,0.015133,BRC,18973.0,2019-02-22,252.0,0.5427%,0.0009,0.7743,0.8637,0.1694,1.1667%,1.4804%,37.8984%,-0.0020369999999999,BRC,18973.0,2019-02-25,252.0,-0.8927%,0.0008,0.7756,0.8693,0.1772,1.1658%,1.4802%,37.9770%,-0.007637,BRC,18973.0,2019-02-26,252.0,0.0419%,0.0008,0.7782,0.8571,0.173,1.1658%,1.4802%,37.9711%,0.007708,BRC,18973.0,2019-02-27,252.0,0.1466%,0.0009,0.7833,0.8476,0.1739,1.1635%,1.4795%,38.1511%,-0.000756,BRC,18973.0,2019-02-28,252.0,-1.0872%,0.0009,0.7824,0.8466,0.1753,1.1645%,1.4776%,37.8951%,-0.008278,BRC,18973.0,2019-03-01,252.0,0.1268%,0.0008,0.7825,0.8467,0.1787,1.1652%,1.4762%,37.6946%,-0.006209,BRC,18973.0,2019-03-04,252.0,-0.6333%,0.0009,0.7794,0.8574,0.1794,1.1644%,1.4761%,37.7726%,0.000335,BRC,18973.0,2019-03-05,252.0,-1.5721%,0.0008,0.7825,0.8736,0.1861,1.1666%,1.4787%,37.7568%,-0.0113979999999999,BRC,18973.0,2019-03-06,252.0,-0.3238%,0.0009,0.776,0.847,0.1752,1.1695%,1.4782%,37.4128%,0.014178,BRC,18973.0,2019-03-07,252.0,-0.4764%,0.0009,0.774,0.8406,0.1707,1.1691%,1.4762%,37.2756%,0.002681,BRC,0.013096,0.0054589999999999,0.013167,0.0041329999999999,0.00372
4875,BRADY CORP,"Brady Q2 EPS $0.55 Beats $0.52 Estimate, Sales $282.426M Miss $286.11M Estimate",6,uncertain,0.6,0.2,"while brady corp's eps beat estimates, the sales miss could lead to mixed investor reactions, making the overall impact on stock price uncertain.",1,2019-02-21,BRC,2019-02-21 12:24:00+00:00,18973.0,10467410,0.0113996397703886,640830.0,0.0054268068633973,0.0130453510209918,-0.0089266449213027,-0.0010682130232453,0.0004188655584584,0.0014976399252191,0.0014657351421192,-0.0053202807903289,-0.0108718471601605,0.0012785291764885,0.0012681791558861,0.0129505386576056,-0.0063331061974167,0.0124563705176115,-0.0157212205231189,-0.0037013278342783,-0.0032376758754253,0.0045931558124721,-0.0047639934346079,0.0024117650464177,-0.0008703419589437,0.0244833808392286,0.0189460534602403,-0.0033579072915017,-0.0138918897137045,-0.000894674914889,0.0086693009361624,0.0126839755102992,-0.0040825619362294,0.0107601014897227,-0.0049622342921793,0.0052934302948415,0.0147441523149609,-0.0231564473360776,-0.0010683598229661,-0.0178847722709178,-0.0121925072744488,-0.0024229208938777,0.0181896965950727,-0.0030742071103304,-0.0367928445339202,-0.0087069598957896,0.0075071793980896,0.0028377482667565,0.0098619498312473,0.0021877551916986,0.0039061736315488,0.0015337356599047,0.0062689348123967,0.0008772130822762,-0.0030075057875365,-0.0039318548515439,0.0114199267700314,0.00065571104642,-0.0091606369242072,0.0041702943854033,0.015695622190833,-0.0001637702080188,-0.0023285478819161,0.0343425348401069,0.0059409881941974,0.0004520036745816,0.004904038272798,0.028598079457879,-0.0035842712968587,-0.0094426497817039,0.0135421762242913,-0.0009204076486639,0.0085594952106475,0.0213866010308265,0.0043469071388244,0.0080549670383334,0.0037098166067153,0.0207980815321207,0.0082135051488876,0.0322016254067421,0.0069246469065546,-0.0231650080531835,-0.0125404316931963,-0.0048532094806432,-0.0161819122731685,-0.0150573868304491,0.0151988249272108,0.0057692714035511,0.0073831137269735,0.0133982766419649,-0.0158794540911912,-0.0024301891680806,0.0072403489612042,-0.0160209983587265,0.0102690495550632,-0.0148410145193338,-0.008131687529385,0.0102332290261983,-0.01229764893651,0.01155511662364,0.0066403755918145,0.004837947897613,0.0284477658569812,-0.000725133693777,0.0034075363073498,0.0046138567849993,-0.0277667436748743,-0.0531156882643699,-0.0053420653566718,-0.0016069718403741,0.0041313935071229,0.0339425653219223,0.0047315270639956,-0.0142723582684993,-0.0268223043531179,0.0125563284382224,-0.0048390394076704,-0.0100844353437423,-0.0044397269375622,-0.0002345166722079,0.0104056419804692,0.0037655881606042,-0.0239597130566835,0.0111851785331964,0.0054268068633973,0.0130453510209918,-0.0035482812358315,0.0119632027838929,-0.0031309019301744,0.0134787592792346,-0.0125234496906853,0.0093756360497774,-0.040701330580782,0.0385879907554651,-0.0162804991462527,0.0752585383683006,-0.0263397335566901,0.1325783134773743,2019-02-22,2019-02-25,2019-02-26,2019-02-27,2019-02-28,2019-03-01,2019-03-04,2019-03-05,2019-03-06,2019-03-07,18973.0,2019-02-21,252.0,1.1400%,0.0009,0.7739,0.8615,0.1636,1.1666%,1.4802%,37.8868%,0.015133,BRC,18973.0,2019-02-22,252.0,0.5427%,0.0009,0.7743,0.8637,0.1694,1.1667%,1.4804%,37.8984%,-0.0020369999999999,BRC,18973.0,2019-02-25,252.0,-0.8927%,0.0008,0.7756,0.8693,0.1772,1.1658%,1.4802%,37.9770%,-0.007637,BRC,18973.0,2019-02-26,252.0,0.0419%,0.0008,0.7782,0.8571,0.173,1.1658%,1.4802%,37.9711%,0.007708,BRC,18973.0,2019-02-27,252.0,0.1466%,0.0009,0.7833,0.8476,0.1739,1.1635%,1.4795%,38.1511%,-0.000756,BRC,18973.0,2019-02-28,252.0,-1.0872%,0.0009,0.7824,0.8466,0.1753,1.1645%,1.4776%,37.8951%,-0.008278,BRC,18973.0,2019-03-01,252.0,0.1268%,0.0008,0.7825,0.8467,0.1787,1.1652%,1.4762%,37.6946%,-0.006209,BRC,18973.0,2019-03-04,252.0,-0.6333%,0.0009,0.7794,0.8574,0.1794,1.1644%,1.4761%,37.7726%,0.000335,BRC,18973.0,2019-03-05,252.0,-1.5721%,0.0008,0.7825,0.8736,0.1861,1.1666%,1.4787%,37.7568%,-0.0113979999999999,BRC,18973.0,2019-03-06,252.0,-0.3238%,0.0009,0.776,0.847,0.1752,1.1695%,1.4782%,37.4128%,0.014178,BRC,18973.0,2019-03-07,252.0,-0.4764%,0.0009,0.774,0.8406,0.1707,1.1691%,1.4762%,37.2756%,0.002681,BRC,0.013096,0.0054589999999999,0.013167,0.0041329999999999,0.00372
4883,COMPANIA DE MINAS BV SA,"Buenaventura Mining Co Q4 EPS $(0.29) vs $0.03 In Same Qtr. Last Year, Sales $256M Miss $277M Estimate",6,decrease,0.8,0.7,the significant earnings miss and lower sales compared to estimates are likely to negatively impact investor sentiment and lead to a decrease in stock price.,0,2019-02-21,BVN,2019-02-21 22:59:00+00:00,83445.0,20444810,-0.022471860051155,1829884.0,0.0223834794014692,0.0205190200358629,-0.0183431636542081,-0.0012055730912834,-0.0018083596369251,0.0048455432988703,0.0024155143182724,0.0286604985594749,0.0024095787666738,-0.0086473934352397,-0.0252403896301984,0.0062150638550519,0.0203452482819557,-0.0098461443558335,0.0060423193499445,0.0137242237105965,-0.0168167445808649,0.0025016206782311,0.007941304706037,0.0050282794982194,0.0012121489271521,0.0114431222900748,-0.0006053406978026,0.0019108110573142,0.0151423374190926,0.0031949004624038,0.0202864054590463,0.0182172898203134,-0.0140350740402936,-0.0253646522760391,0.0166072808206081,0.0115458825603127,-0.0233372021466493,0.0064558028243482,0.0011947704479098,0.024470891803503,0.0352028720080852,-0.0104711940512061,-0.0023055281490087,-0.0077922004275023,0.005199315957725,0.0151614723727107,0.0126437488943338,-0.0162127111107111,-0.0017026495188474,0.0124754132702946,-0.0113701401278376,0.0146568492054939,-0.0109257409349083,-0.0506008975207805,0.0046511581167578,-0.009398472495377,-0.0347222425043582,0.0044052670709788,0.0023980219848454,-0.0197408236563205,-0.0011960855918005,0.013124942779541,0.0311376359313726,-0.0214067511260509,-0.0023228228092193,-0.0168369691818952,0.01396971847862,-0.0071642291732132,0.0034442862961441,0.0288697350770235,-0.014302060008049,0.0036992216482758,-0.0406267493963241,0.0201257672160863,-8.315983279771899e-08,-0.0221402589231729,0.0012143569765612,0.0137156667187809,0.0115221673622727,-0.0284675527364015,-0.0461630970239639,0.0261031743139028,0.0025141397491097,-0.0152998771518468,-0.0238244589418172,0.0603504404425621,-0.0115606524050235,-0.0332496687769889,0.0038986005820333,0.0075853280723094,-0.0006472640088759,0.0732700079679489,0.0382125079631805,-0.0296247415244579,-0.011852809228003,-0.0045871986076235,0.0233585182577371,0.0166555624455213,-0.0259098801761865,0.0067069339565932,-0.0196327064186334,-0.0099601969122886,0.0,0.0230978354811668,0.0038759962189942,0.0006798251997679,0.0250965468585491,0.0208188891410827,-0.0282486341893672,0.0190947316586971,-0.0258397702127695,0.0028368765488266,-0.0026525172870606,0.0049893548712134,0.0279255378991365,0.0308596678078174,0.0038810102269053,-0.0166185330599546,0.0038659449201077,-0.0301331672817468,-0.0301668979227542,-0.0020978834945708,-0.0033090163487941,-0.0117484498769044,0.0223834794014692,0.0205190200358629,0.0036297319214493,0.0192887097661647,0.0018148084238245,0.0242277173433862,0.0066544890632191,0.0444718511509216,-0.0018149237947939,0.0628535507091474,0.041742199767452,0.0342507289278795,-0.0856102180608954,0.1686247024120122,2019-02-22,2019-02-25,2019-02-26,2019-02-27,2019-02-28,2019-03-01,2019-03-04,2019-03-05,2019-03-06,2019-03-07,83445.0,2019-02-21,252.0,-2.2472%,0.0005,0.0102,0.1576,0.234,1.9784%,1.9831%,0.4825%,-0.021873,BVN,83445.0,2019-02-22,252.0,2.2383%,0.0006,0.0066,0.1644,0.1974,1.9841%,1.9879%,0.3809%,0.02479,BVN,83445.0,2019-02-25,252.0,-1.8343%,0.0004,0.0088,0.1755,0.2111,1.9843%,1.9886%,0.4316%,-0.0176699999999999,BVN,83445.0,2019-02-26,252.0,-0.1808%,0.0004,0.009,0.176,0.2116,1.9843%,1.9886%,0.4354%,-7.400000000000001e-05,BVN,83445.0,2019-02-27,252.0,0.2416%,0.0003,-0.0019,0.1959,0.2098,1.9782%,1.9830%,0.4870%,0.002227,BVN,83445.0,2019-02-28,252.0,0.2410%,0.0004,-0.0165,0.186,0.1986,1.9712%,1.9760%,0.4824%,0.002789,BVN,83445.0,2019-03-01,252.0,-2.5240%,0.0004,-0.0262,0.1716,0.1954,1.9772%,1.9819%,0.4818%,-0.024956,BVN,83445.0,2019-03-04,252.0,2.0345%,0.0004,-0.02,0.1334,0.1978,1.9776%,1.9818%,0.4240%,0.020043,BVN,83445.0,2019-03-05,252.0,0.6042%,0.0004,-0.0223,0.1198,0.1938,1.9777%,1.9818%,0.4097%,0.006807,BVN,83445.0,2019-03-06,252.0,-1.6817%,0.0004,-0.0106,0.1484,0.211,1.9793%,1.9838%,0.4523%,-0.015663,BVN,83445.0,2019-03-07,252.0,0.7941%,0.0004,-0.0124,0.1557,0.2106,1.9794%,1.9839%,0.4625%,0.008565,BVN,0.0029169999999999,-0.0147529999999999,-0.0148269999999999,-0.0098109999999999,-0.0150149999999999
4891,BOYD GAMING CORP,Boyd Sees FY19 Adj. EBITDAR $885M-$910M,6,increase,0.7,0.6,"the forecasted adj. ebitdar range of $885m-$910m suggests strong financial performance, which is likely to positively influence investor sentiment and increase the stock price.",2,2019-02-21,BYD,2019-02-21 21:19:00+00:00,79758.0,10330410,-0.0042253145948052,1469102.0,0.0961810201406478,0.0106761297211051,-0.0045161093585193,0.0089766606688499,0.0084251528605818,0.0145719349384307,-0.0077121360227465,-0.0039912448264658,-0.0362693965435028,0.004373138770461,0.0117607656866312,0.0095658656209707,-0.0119561804458499,0.0210367944091558,-0.016470581293106,-0.0209635775536298,-0.0198222808539867,-0.0134252151474356,-0.0066248443908989,-0.0054131946526467,0.0157950427383184,-0.007521525491029,0.0131305856630206,0.0086705116555094,-0.0177353508770465,0.0131771825253963,0.0090277856215834,0.024756183847785,-0.0213351789861917,0.0183345880359411,-0.0052853990346193,-0.0154193248599767,-0.0063762064091861,-0.0048652379773557,-0.0103386454284191,0.0284834410995245,-0.0054034446366131,0.012865494005382,0.0112277967855334,-0.0142198633402586,-0.0204154625535011,-0.0258329715579748,0.010603254660964,0.0348701924085617,0.0104920743033289,0.0007754381513223,-0.037594024091959,0.0201740600168705,0.0163690671324729,-0.0043323631398379,0.0014641623711213,-0.0323933064937591,0.0358186960220336,0.006134963594377,0.0084685878828167,0.0183521788567304,0.0199440065771341,0.0444535128772258,-0.0044596623629331,0.0483112893998622,0.0044796401634812,0.0507636629045009,-0.0089193908497691,0.0569800958037376,-0.0190377030521631,-0.0098731070756912,0.0299929566681385,0.0235803537070751,0.0071942131035029,0.0191270876675844,0.0159864369779825,-0.0029340523760765,-0.0100435595959425,-0.0237981658428907,0.0108217690140008,0.0908618867397308,-0.0097022084519267,-0.0218385122716426,0.0067567178048193,-0.0338566564023494,0.0006711563328281,-0.0201923120766878,0.0238095577806234,-0.069351278245449,0.0131018543615937,-0.0205959379673004,-0.0116392048075795,-0.0459866374731063,-0.0009813143406063,-0.0033333301544189,-0.0153896920382976,-0.0008326584938913,-0.0428998693823814,0.0260572675615549,-0.0340514741837978,-0.0245833396911621,0.0057553905062377,0.0105263162404298,0.0039342138916254,-0.0254411492496728,-0.019593846052885,-0.0020474707707762,-0.0374273508787155,-0.051650483161211,0.0083049945533275,0.0374697968363761,0.0101085910573601,-0.0016090472927317,0.0070422734133899,-0.0036072204820811,-0.0415899567306041,0.0576515719294548,-0.0023042000830173,-0.0137959830462932,0.0207852553576231,0.036844402551651,0.0079185171052813,-0.0166240148246288,-0.0213243439793586,0.0426666252315044,0.0961810201406478,0.010676129721105,0.0912305467769594,0.0197486263837181,0.1004243309396917,0.0346083370209358,0.0523337870548665,0.034985389348586,0.00742570873494,0.0249007800965292,0.0283363799960605,0.2141941188933518,-0.0730089892934373,0.2659255531041695,2019-02-22,2019-02-25,2019-02-26,2019-02-27,2019-02-28,2019-03-01,2019-03-04,2019-03-05,2019-03-06,2019-03-07,79758.0,2019-02-21,252.0,-0.4225%,-0.0012,1.595,0.9635,-0.0886,1.8510%,2.5908%,48.9538%,0.001982,BYD,79758.0,2019-02-22,252.0,9.6181%,-0.0007,1.5798,1.0744,-0.1692,1.8674%,2.6263%,49.4405%,0.079112,BYD,79758.0,2019-02-25,252.0,-0.4516%,-0.0006,1.5765,1.073,-0.1821,1.8591%,2.6208%,49.6811%,-0.004497,BYD,79758.0,2019-02-26,252.0,0.8425%,-0.0006,1.5633,1.0612,-0.198,1.8597%,2.6115%,49.2901%,0.017114,BYD,79758.0,2019-02-27,252.0,-0.7712%,-0.0006,1.568,1.0496,-0.1973,1.8596%,2.6119%,49.3111%,-0.011473,BYD,79758.0,2019-02-28,252.0,-3.6269%,-0.0008,1.5814,1.0578,-0.1802,1.8684%,2.6212%,49.1929%,-0.032212,BYD,79758.0,2019-03-01,252.0,1.1761%,-0.0009,1.6017,1.088,-0.1475,1.8557%,2.6211%,49.8752%,-0.003503,BYD,79758.0,2019-03-04,252.0,-1.1956%,-0.0009,1.5997,1.0927,-0.1465,1.8556%,2.6210%,49.8757%,0.00121,BYD,79758.0,2019-03-05,252.0,-1.6471%,-0.0009,1.6043,1.1219,-0.1396,1.8548%,2.6220%,49.9590%,-0.010805,BYD,79758.0,2019-03-06,252.0,-1.9822%,-0.0008,1.6072,1.0986,-0.1395,1.8540%,2.6249%,50.1121%,0.007755,BYD,79758.0,2019-03-07,252.0,-0.6625%,-0.0008,1.6042,1.099,-0.1433,1.8546%,2.6243%,50.0599%,0.006773,BYD,0.081094,0.076597,0.093711,0.050026,0.051456
4899,BOYD GAMING CORP,"Boyd Gaming Q4 EPS $0.32 Misses $0.33 Estimate, Sales $791.6M Beat $770.96M Estimate",6,uncertain,0.6,0.2,"while the earnings per share (eps) missed estimates, the sales beat expectations, leading to mixed signals that could result in an uncertain market reaction.",1,2019-02-21,BYD,2019-02-21 21:19:00+00:00,79758.0,10330410,-0.0042253145948052,1469102.0,0.0961810201406478,0.0106761297211051,-0.0045161093585193,0.0089766606688499,0.0084251528605818,0.0145719349384307,-0.0077121360227465,-0.0039912448264658,-0.0362693965435028,0.004373138770461,0.0117607656866312,0.0095658656209707,-0.0119561804458499,0.0210367944091558,-0.016470581293106,-0.0209635775536298,-0.0198222808539867,-0.0134252151474356,-0.0066248443908989,-0.0054131946526467,0.0157950427383184,-0.007521525491029,0.0131305856630206,0.0086705116555094,-0.0177353508770465,0.0131771825253963,0.0090277856215834,0.024756183847785,-0.0213351789861917,0.0183345880359411,-0.0052853990346193,-0.0154193248599767,-0.0063762064091861,-0.0048652379773557,-0.0103386454284191,0.0284834410995245,-0.0054034446366131,0.012865494005382,0.0112277967855334,-0.0142198633402586,-0.0204154625535011,-0.0258329715579748,0.010603254660964,0.0348701924085617,0.0104920743033289,0.0007754381513223,-0.037594024091959,0.0201740600168705,0.0163690671324729,-0.0043323631398379,0.0014641623711213,-0.0323933064937591,0.0358186960220336,0.006134963594377,0.0084685878828167,0.0183521788567304,0.0199440065771341,0.0444535128772258,-0.0044596623629331,0.0483112893998622,0.0044796401634812,0.0507636629045009,-0.0089193908497691,0.0569800958037376,-0.0190377030521631,-0.0098731070756912,0.0299929566681385,0.0235803537070751,0.0071942131035029,0.0191270876675844,0.0159864369779825,-0.0029340523760765,-0.0100435595959425,-0.0237981658428907,0.0108217690140008,0.0908618867397308,-0.0097022084519267,-0.0218385122716426,0.0067567178048193,-0.0338566564023494,0.0006711563328281,-0.0201923120766878,0.0238095577806234,-0.069351278245449,0.0131018543615937,-0.0205959379673004,-0.0116392048075795,-0.0459866374731063,-0.0009813143406063,-0.0033333301544189,-0.0153896920382976,-0.0008326584938913,-0.0428998693823814,0.0260572675615549,-0.0340514741837978,-0.0245833396911621,0.0057553905062377,0.0105263162404298,0.0039342138916254,-0.0254411492496728,-0.019593846052885,-0.0020474707707762,-0.0374273508787155,-0.051650483161211,0.0083049945533275,0.0374697968363761,0.0101085910573601,-0.0016090472927317,0.0070422734133899,-0.0036072204820811,-0.0415899567306041,0.0576515719294548,-0.0023042000830173,-0.0137959830462932,0.0207852553576231,0.036844402551651,0.0079185171052813,-0.0166240148246288,-0.0213243439793586,0.0426666252315044,0.0961810201406478,0.010676129721105,0.0912305467769594,0.0197486263837181,0.1004243309396917,0.0346083370209358,0.0523337870548665,0.034985389348586,0.00742570873494,0.0249007800965292,0.0283363799960605,0.2141941188933518,-0.0730089892934373,0.2659255531041695,2019-02-22,2019-02-25,2019-02-26,2019-02-27,2019-02-28,2019-03-01,2019-03-04,2019-03-05,2019-03-06,2019-03-07,79758.0,2019-02-21,252.0,-0.4225%,-0.0012,1.595,0.9635,-0.0886,1.8510%,2.5908%,48.9538%,0.001982,BYD,79758.0,2019-02-22,252.0,9.6181%,-0.0007,1.5798,1.0744,-0.1692,1.8674%,2.6263%,49.4405%,0.079112,BYD,79758.0,2019-02-25,252.0,-0.4516%,-0.0006,1.5765,1.073,-0.1821,1.8591%,2.6208%,49.6811%,-0.004497,BYD,79758.0,2019-02-26,252.0,0.8425%,-0.0006,1.5633,1.0612,-0.198,1.8597%,2.6115%,49.2901%,0.017114,BYD,79758.0,2019-02-27,252.0,-0.7712%,-0.0006,1.568,1.0496,-0.1973,1.8596%,2.6119%,49.3111%,-0.011473,BYD,79758.0,2019-02-28,252.0,-3.6269%,-0.0008,1.5814,1.0578,-0.1802,1.8684%,2.6212%,49.1929%,-0.032212,BYD,79758.0,2019-03-01,252.0,1.1761%,-0.0009,1.6017,1.088,-0.1475,1.8557%,2.6211%,49.8752%,-0.003503,BYD,79758.0,2019-03-04,252.0,-1.1956%,-0.0009,1.5997,1.0927,-0.1465,1.8556%,2.6210%,49.8757%,0.00121,BYD,79758.0,2019-03-05,252.0,-1.6471%,-0.0009,1.6043,1.1219,-0.1396,1.8548%,2.6220%,49.9590%,-0.010805,BYD,79758.0,2019-03-06,252.0,-1.9822%,-0.0008,1.6072,1.0986,-0.1395,1.8540%,2.6249%,50.1121%,0.007755,BYD,79758.0,2019-03-07,252.0,-0.6625%,-0.0008,1.6042,1.099,-0.1433,1.8546%,2.6243%,50.0599%,0.006773,BYD,0.081094,0.076597,0.093711,0.050026,0.051456
4907,CHEESECAKE FACTORY INC,"Cheesecake Factory's Q4 Print, 2019 Guidance Fails To Turn 2 Analysts Bullish",6,decrease,0.8,0.7,"the failure to turn analysts bullish suggests a lack of positive sentiment and potential concerns about the company's performance, likely leading to a decrease in stock price.",0,2019-02-21,CAKE,2019-02-21 18:13:00+00:00,77902.0,16307210,0.0530400834977626,3063792.0,-0.0268223043531179,-0.0025806222110986,-0.0220912955701351,-0.0112693766131997,-0.0053786574862897,0.0031996096950024,0.0125460056588053,0.018466267734766,0.0104678031057119,0.0008696911972947,-0.0025370137300342,0.0081105381250381,-0.0298825558274984,-0.0112700574100017,0.0270626954734325,0.0017368218395859,-0.0010711061768233,-0.0008676160941831,-0.0045036007650196,-0.0058227400295436,-0.0062472447752952,0.0089207971468567,0.0065033435821533,0.0220146290957927,-0.003661468392238,0.0020053510088473,0.0006485645426437,-0.0064201266504824,0.0097213387489318,0.0057893190532922,-0.0070603727363049,-0.021568663418293,-0.0036629643291234,0.0220441259443759,-0.0088667785748839,0.004248627461493,-0.0312022753059864,-0.0031208067666739,0.0243242792785167,0.0074107758700847,0.003518026554957,-0.0338468514382839,0.0205960217863321,0.00021697745251,0.0163159780204296,0.0074333217926323,-0.0046472586691379,0.0019715258385986,0.0292869508266449,0.0028559109196066,0.0086597558110952,-0.0127954920753836,-0.0067456671968102,0.0041376841254532,-0.0080263307318091,-0.0039045619778335,-0.0064315637573599,-0.0021645517554134,0.0108582265675067,0.053111508488655,0.0074364924803376,0.0344258211553096,-0.0100471945479512,0.0083214091137051,-0.0124274753034114,-0.0245825033634901,0.0056627611629664,-0.008963443338871,-0.0152241820469498,0.0192082393914461,0.0086827585473656,-0.0025701078120619,-0.0077682710252702,-0.0067301210947334,-0.0006347604794427,0.019881660118699,-0.0224433913826942,-0.0056484271772205,0.0186268277466297,-0.0114006018266081,0.0129704577848315,-0.0050926208496093,0.0146935507655143,-0.0087196202948689,0.0134464530274272,-0.0144730750471353,0.005511260125786,-0.0120642790570855,0.0168494079262018,-0.0233472287654876,0.014973048120737,-0.0028284869622439,-0.023996876552701,0.012111852876842,-0.0116887958720326,-0.0072147315368056,0.0214110761880874,-0.0032686360646039,-0.0015971617540344,-0.0139665128663182,-0.0065986406989395,-0.0029991299379616,-0.030998408794403,-0.0072309686802327,-0.0120481513440609,-0.003602419514209,0.003153862664476,-0.0102768810465931,0.0012576268054544,-0.0373510718345642,-0.006698758341372,0.0267412327229976,0.0069546471349895,0.0002073841314995,-0.0046044210903346,-0.0388601198792457,0.003175979712978,0.0209562312811613,0.0139299249276518,-0.0026379313785582,-0.0268223043531179,-0.0025806222110986,-0.0483210604699162,-0.013820916820705,-0.053439815522564,-0.010665528665156,-0.0315315495396797,0.0084800907052799,-0.0428548475261477,0.0002157030751899,-0.0018225237236275,0.057214547958682,-0.0025305781671198,-0.0588473600319168,2019-02-22,2019-02-25,2019-02-26,2019-02-27,2019-02-28,2019-03-01,2019-03-04,2019-03-05,2019-03-06,2019-03-07,77902.0,2019-02-21,252.0,5.3040%,0.0003,0.4793,0.5173,-0.0169,1.6853%,1.7865%,11.0160%,0.055198,CAKE,77902.0,2019-02-22,252.0,-2.6822%,0.0001,0.4847,0.4948,0.0274,1.6966%,1.7930%,10.4587%,-0.033132,CAKE,77902.0,2019-02-25,252.0,-2.2091%,-0.0001,0.4891,0.5099,0.0515,1.6862%,1.7835%,10.6134%,-0.021582,CAKE,77902.0,2019-02-26,252.0,-0.5379%,-0.0001,0.4852,0.5153,0.0514,1.6856%,1.7821%,10.5371%,-0.001263,CAKE,77902.0,2019-02-27,252.0,1.2546%,-0.0001,0.4849,0.519,0.0513,1.6871%,1.7837%,10.5393%,0.011092,CAKE,77902.0,2019-02-28,252.0,1.0468%,0.0,0.4736,0.5116,0.0403,1.6855%,1.7786%,10.1959%,0.011896,CAKE,77902.0,2019-03-01,252.0,-0.2537%,0.0001,0.4664,0.501,0.0327,1.6851%,1.7755%,9.9236%,-0.007359,CAKE,77902.0,2019-03-04,252.0,-2.9883%,-0.0001,0.476,0.4926,0.025,1.6906%,1.7838%,10.1714%,-0.02567,CAKE,77902.0,2019-03-05,252.0,2.7063%,-0.0,0.4684,0.4533,0.0087,1.6991%,1.7872%,9.6133%,0.029369,CAKE,77902.0,2019-03-06,252.0,-0.1071%,-0.0,0.4626,0.4377,0.0001,1.6997%,1.7866%,9.4882%,0.0084809999999999,CAKE,77902.0,2019-03-07,252.0,-0.4504%,-0.0,0.4634,0.4405,0.0019,1.6997%,1.7868%,9.5114%,-0.000493,CAKE,0.0220659999999999,0.0004839999999999,-0.000779,0.0222089999999999,0.0265369999999999
4915,COGENT COMMUNICATIONS HLDS INC,Cogent Communications Raises Qtr. Dividend From $0.56 To $0.58/Share,6,increase,0.8,0.6,"raising the quarterly dividend typically signals financial strength and can attract investors, likely leading to an increase in stock price.",2,2019-02-21,CCOI,2019-02-21 12:22:00+00:00,89297.0,19239V30,-0.0186000056564807,502255.0,0.0356633365154266,-0.0055687907151877,-0.0131837502121925,0.0305390004068613,-0.0346959456801414,-0.0004097614728379,0.0200372077524662,0.0012307973811402,-0.0135682858526706,-0.002251342870295,0.0112913008779287,0.0026677830610424,-0.0174583196640014,0.0012328205630183,0.0086776474490761,-0.0016410632524639,-0.0092175491154193,0.0,0.0150920310989022,-0.0099512925371527,0.004946369677782,0.0002031715703196,0.0176374204456806,-0.0128333549946546,0.0102781569585204,0.0293085277080535,0.0203471053391695,0.0245294943451881,-0.0023460946977138,0.0135019514709711,0.0039192782714962,-0.0201595779508352,0.0076127150095999,-0.0110073229297995,-0.0011622929014265,0.0075329691171646,-0.0019395323470234,0.0097189741209149,0.0264283064752817,-0.0135472640395164,-0.0160923600196838,-0.0143796373158693,0.0132768638432025,0.0171332992613315,0.0182301383465528,-0.0031243015546351,0.0007460073684342,0.0004166835278738,0.0091316001489758,0.0067128911614418,0.0018466938054189,-0.0105853490531444,-0.0047925957478582,-0.0086419377475976,-0.0012966013746336,0.0078804902732372,0.0191024225205183,0.0020781855564564,0.0183803141117095,0.0352839790284633,-0.0012508881045505,0.0206411648541688,-0.000894600758329,0.0222222600132226,-0.0057306536473333,-0.0100000165402889,0.0135086458176374,-0.0046449699439108,0.0012439966667443,-0.0024271979928016,0.0195242892950773,0.0035429550334811,-0.009923392906785,0.0044484157115221,0.0015825594309717,0.060377299785614,-0.0059691038914024,-0.0299702025949955,-0.0031790940556675,-0.0370125658810138,0.00194898317568,0.0028723170980811,-0.0045976713299751,-0.0076738060452044,-0.0044412859715521,0.0050683016888797,-0.0155246742069721,-0.029512345790863,0.0018126209033653,-0.0124604050070047,-0.0032567451708018,-0.023711372166872,0.002541285008192,-0.0116160521283745,-0.0005431609461084,0.0367631055414676,-0.0047101834788918,-0.0054632974788546,0.0282126516103744,-0.0251945834606885,0.0099132154136896,0.0306101068854332,-0.0075372536666691,-0.0503208115696907,0.0097138686105608,0.028665691614151,0.0148679781705141,-0.0087897898629307,-0.0067218095064163,-0.0046796207316219,-0.0303661283105611,0.0086189610883593,0.0286327563226223,0.0037075243890285,0.0024356192443519,-0.0038982855621725,0.0258590672165155,0.0166875906288623,-0.024269325658679,0.0193493496626615,0.0356633365154266,-0.0055687907151877,0.0220094097828813,0.0248001443897567,-0.0134501731835389,0.0243802207732271,-0.0073364732599324,0.0233319556565314,0.0006113847479829,0.0154345712672372,0.1540439311516988,0.0757315053420395,0.1894208525648404,0.063151206877636,2019-02-22,2019-02-25,2019-02-26,2019-02-27,2019-02-28,2019-03-01,2019-03-04,2019-03-05,2019-03-06,2019-03-07,89297.0,2019-02-21,252.0,-1.8600%,0.0004,0.8566,0.5448,0.0634,1.3568%,1.6545%,32.7453%,-0.015103,CCOI,89297.0,2019-02-22,252.0,3.5663%,0.0005,0.8529,0.5451,0.0187,1.3673%,1.6688%,32.8671%,0.0279309999999999,CCOI,89297.0,2019-02-25,252.0,-1.3184%,0.0006,0.848,0.547,0.0017,1.3441%,1.6500%,33.6471%,-0.0131119999999999,CCOI,89297.0,2019-02-26,252.0,-3.4696%,0.0004,0.8473,0.5901,0.023,1.3556%,1.6591%,33.2477%,-0.029933,CCOI,89297.0,2019-02-27,252.0,2.0037%,0.0005,0.8498,0.5908,0.0235,1.3598%,1.6636%,33.1902%,0.018081,CCOI,89297.0,2019-02-28,252.0,-1.3568%,0.0005,0.8496,0.5904,0.0261,1.3614%,1.6627%,32.9612%,-0.0110929999999999,CCOI,89297.0,2019-03-01,252.0,1.1291%,0.0005,0.8481,0.5881,0.0223,1.3614%,1.6611%,32.8332%,0.003476,CCOI,89297.0,2019-03-04,252.0,-1.7458%,0.0005,0.8512,0.5881,0.0192,1.3630%,1.6651%,32.9899%,-0.0108729999999999,CCOI,89297.0,2019-03-05,252.0,0.8678%,0.0005,0.8515,0.5981,0.0152,1.3635%,1.6657%,32.9953%,0.011904,CCOI,89297.0,2019-03-06,252.0,-0.9218%,0.0005,0.8473,0.5901,0.0093,1.3636%,1.6655%,32.9718%,0.005375,CCOI,89297.0,2019-03-07,252.0,1.5092%,0.0007,0.8411,0.6028,0.0047,1.3668%,1.6670%,32.7752%,0.022393,CCOI,0.0128279999999999,-0.000284,-0.030217,-0.023229,0.0090459999999999
4923,COGENT COMMUNICATIONS HLDS INC,"Cogent Communications Q4 EPS $0.16 Misses $0.18 Estimate, Sales $132.049M Miss $132.73M Estimate",6,decrease,0.75,0.6,"the company reported lower-than-expected earnings per share and sales, which typically leads to a negative reaction in stock prices.",0,2019-02-21,CCOI,2019-02-21 12:21:00+00:00,89297.0,19239V30,-0.0186000056564807,502255.0,0.0356633365154266,-0.0055687907151877,-0.0131837502121925,0.0305390004068613,-0.0346959456801414,-0.0004097614728379,0.0200372077524662,0.0012307973811402,-0.0135682858526706,-0.002251342870295,0.0112913008779287,0.0026677830610424,-0.0174583196640014,0.0012328205630183,0.0086776474490761,-0.0016410632524639,-0.0092175491154193,0.0,0.0150920310989022,-0.0099512925371527,0.004946369677782,0.0002031715703196,0.0176374204456806,-0.0128333549946546,0.0102781569585204,0.0293085277080535,0.0203471053391695,0.0245294943451881,-0.0023460946977138,0.0135019514709711,0.0039192782714962,-0.0201595779508352,0.0076127150095999,-0.0110073229297995,-0.0011622929014265,0.0075329691171646,-0.0019395323470234,0.0097189741209149,0.0264283064752817,-0.0135472640395164,-0.0160923600196838,-0.0143796373158693,0.0132768638432025,0.0171332992613315,0.0182301383465528,-0.0031243015546351,0.0007460073684342,0.0004166835278738,0.0091316001489758,0.0067128911614418,0.0018466938054189,-0.0105853490531444,-0.0047925957478582,-0.0086419377475976,-0.0012966013746336,0.0078804902732372,0.0191024225205183,0.0020781855564564,0.0183803141117095,0.0352839790284633,-0.0012508881045505,0.0206411648541688,-0.000894600758329,0.0222222600132226,-0.0057306536473333,-0.0100000165402889,0.0135086458176374,-0.0046449699439108,0.0012439966667443,-0.0024271979928016,0.0195242892950773,0.0035429550334811,-0.009923392906785,0.0044484157115221,0.0015825594309717,0.060377299785614,-0.0059691038914024,-0.0299702025949955,-0.0031790940556675,-0.0370125658810138,0.00194898317568,0.0028723170980811,-0.0045976713299751,-0.0076738060452044,-0.0044412859715521,0.0050683016888797,-0.0155246742069721,-0.029512345790863,0.0018126209033653,-0.0124604050070047,-0.0032567451708018,-0.023711372166872,0.002541285008192,-0.0116160521283745,-0.0005431609461084,0.0367631055414676,-0.0047101834788918,-0.0054632974788546,0.0282126516103744,-0.0251945834606885,0.0099132154136896,0.0306101068854332,-0.0075372536666691,-0.0503208115696907,0.0097138686105608,0.028665691614151,0.0148679781705141,-0.0087897898629307,-0.0067218095064163,-0.0046796207316219,-0.0303661283105611,0.0086189610883593,0.0286327563226223,0.0037075243890285,0.0024356192443519,-0.0038982855621725,0.0258590672165155,0.0166875906288623,-0.024269325658679,0.0193493496626615,0.0356633365154266,-0.0055687907151877,0.0220094097828813,0.0248001443897567,-0.0134501731835389,0.0243802207732271,-0.0073364732599324,0.0233319556565314,0.0006113847479829,0.0154345712672372,0.1540439311516988,0.0757315053420395,0.1894208525648404,0.063151206877636,2019-02-22,2019-02-25,2019-02-26,2019-02-27,2019-02-28,2019-03-01,2019-03-04,2019-03-05,2019-03-06,2019-03-07,89297.0,2019-02-21,252.0,-1.8600%,0.0004,0.8566,0.5448,0.0634,1.3568%,1.6545%,32.7453%,-0.015103,CCOI,89297.0,2019-02-22,252.0,3.5663%,0.0005,0.8529,0.5451,0.0187,1.3673%,1.6688%,32.8671%,0.0279309999999999,CCOI,89297.0,2019-02-25,252.0,-1.3184%,0.0006,0.848,0.547,0.0017,1.3441%,1.6500%,33.6471%,-0.0131119999999999,CCOI,89297.0,2019-02-26,252.0,-3.4696%,0.0004,0.8473,0.5901,0.023,1.3556%,1.6591%,33.2477%,-0.029933,CCOI,89297.0,2019-02-27,252.0,2.0037%,0.0005,0.8498,0.5908,0.0235,1.3598%,1.6636%,33.1902%,0.018081,CCOI,89297.0,2019-02-28,252.0,-1.3568%,0.0005,0.8496,0.5904,0.0261,1.3614%,1.6627%,32.9612%,-0.0110929999999999,CCOI,89297.0,2019-03-01,252.0,1.1291%,0.0005,0.8481,0.5881,0.0223,1.3614%,1.6611%,32.8332%,0.003476,CCOI,89297.0,2019-03-04,252.0,-1.7458%,0.0005,0.8512,0.5881,0.0192,1.3630%,1.6651%,32.9899%,-0.0108729999999999,CCOI,89297.0,2019-03-05,252.0,0.8678%,0.0005,0.8515,0.5981,0.0152,1.3635%,1.6657%,32.9953%,0.011904,CCOI,89297.0,2019-03-06,252.0,-0.9218%,0.0005,0.8473,0.5901,0.0093,1.3636%,1.6655%,32.9718%,0.005375,CCOI,89297.0,2019-03-07,252.0,1.5092%,0.0007,0.8411,0.6028,0.0047,1.3668%,1.6670%,32.7752%,0.022393,CCOI,0.0128279999999999,-0.000284,-0.030217,-0.023229,0.0090459999999999
4931,CENTURY ALUMINUM CO,"Century Aluminum Q4 EPS $(0.43) Beats $(0.53) Estimate, Sales $486.9M Miss $488.99M Estimate",6,uncertain,0.6,0.3,"while the eps beat expectations, the sales miss could lead to mixed reactions from investors, making the overall impact on the stock price uncertain.",1,2019-02-21,CENX,2019-02-21 21:49:00+00:00,83244.0,15643110,0.0119825331494212,1410040.0,-0.0032292499672621,0.0491428934037685,-0.015118827112019,0.0210035368800163,0.025219352915883,0.0118063073605299,-0.0385027378797531,-0.010514035820961,-0.0400444567203521,0.0106257554143667,0.0347624793648719,0.0023669181391596,-0.0156775303184986,-0.0011820601066574,-0.0056883040815591,-0.0011806645197793,-0.0320365838706493,-0.0630530640482902,-0.0520094074308872,-0.0184582062065601,-0.047381617128849,0.0109769906848669,0.0366492420434951,0.0122221838682889,0.0328283123672008,-0.0217391103506088,0.0134473899379372,0.0279329624027013,0.0060313860885798,0.03707991912961,0.0155875431373715,0.0105386599898338,0.0543093308806419,-0.0542635433375835,-0.0022396929562091,0.0203389097005128,-0.0022446133662015,-0.0242557134479284,0.0089988661929965,0.0283446721732616,-0.07469342648983,-0.0526316538453102,-0.0084338132292032,0.024202449247241,-0.0048602628521621,0.0694117844104766,0.0439561195671558,0.0429448336362838,0.0362572483718395,-0.0445486679673194,0.0022573880851268,-0.0046674404293298,0.0259008482098579,-0.0183275900781154,-0.0285399872809648,0.0022961543872952,-0.0079096769914031,0.0418660752475261,0.0353075675666332,-0.0390804782509803,0.0264026150107383,0.0381861217319965,0.0021436717361211,0.1463748514652252,-0.0331551246345043,-0.0317881107330322,0.0110619887709617,0.0328317731618881,0.0021881295833736,-0.0121621824800968,0.0229257680475711,0.0081743793562054,-0.01600849814713,-0.0067658610641956,0.0574836991727352,0.0851688608527183,-0.0051282248459756,-0.014471766538918,-0.1123711541295052,-0.0859788507223129,0.0046457564458251,-0.0307692624628543,0.0115607380867004,-0.0556900762021541,0.01142861507833,-0.0012092174729332,-0.0463277734816074,0.0147240301594138,0.0106635261327028,-0.0251196231693029,0.0046893274411559,-0.0129870846867561,-0.0186697617173194,0.0107398750260472,-0.0582639463245868,0.0108564719557762,0.0012625949457287,-0.0360465571284294,0.0554855056107044,-0.0057802586816251,-0.0107527067884802,-0.038888931274414,-0.0265699662268161,-0.0526315793395042,-0.017369769513607,0.05790651217103,-0.0025252501945942,-0.0022222730331122,-0.002531643025577,-0.0364025868475437,-0.0888325199484825,0.0565610863268375,0.0181058663874864,-0.034934464842081,-0.0218878034502267,0.0397275164723396,0.0027972001116722,-0.0033936349209398,-0.0571826845407486,0.030303057283163,-0.0032292499672621,0.0491428934037685,-0.0182992546073247,0.0711786048577816,0.0064586029485185,0.0838252687047562,-0.0710441175625062,0.0838252687268168,-0.1367060841182297,-0.0032572994046395,-0.0215285019358798,0.0551724731556673,-0.2723358208411323,0.069930119615674,2019-02-22,2019-02-25,2019-02-26,2019-02-27,2019-02-28,2019-03-01,2019-03-04,2019-03-05,2019-03-06,2019-03-07,83244.0,2019-02-21,252.0,1.1983%,-0.0029,2.0471,1.4584,1.1547,3.5683%,4.1361%,25.5720%,0.02321,CENX,83244.0,2019-02-22,252.0,-0.3229%,-0.0028,2.0462,1.4992,1.181,3.5630%,4.1330%,25.6784%,-0.007683,CENX,83244.0,2019-02-25,252.0,-1.5119%,-0.0027,2.042,1.4997,1.1658,3.5562%,4.1260%,25.7113%,-0.0122639999999999,CENX,83244.0,2019-02-26,252.0,2.5219%,-0.0023,2.0686,1.4122,1.1413,3.5471%,4.1237%,26.0081%,0.041832,CENX,83244.0,2019-02-27,252.0,-3.8503%,-0.0023,2.0824,1.376,1.1435,3.5497%,4.1285%,26.0734%,-0.041778,CENX,83244.0,2019-02-28,252.0,-4.0044%,-0.0024,2.0861,1.3776,1.1529,3.5542%,4.1303%,25.9503%,-0.0311059999999999,CENX,83244.0,2019-03-01,252.0,3.4762%,-0.0023,2.089,1.3821,1.147,3.5570%,4.1308%,25.8515%,0.020269,CENX,83244.0,2019-03-04,252.0,-1.5678%,-0.0027,2.131,1.2442,1.1359,3.5117%,4.1027%,26.7351%,-0.00385,CENX,83244.0,2019-03-05,252.0,-0.5688%,-0.0026,2.1295,1.2376,1.1322,3.5120%,4.0997%,26.6164%,0.0044269999999999,CENX,83244.0,2019-03-06,252.0,-3.2037%,-0.0024,2.1622,1.2011,1.1642,3.4887%,4.0948%,27.4133%,0.000903,CENX,83244.0,2019-03-07,252.0,-5.2009%,-0.0025,2.1727,1.1987,1.1774,3.4925%,4.1033%,27.5549%,-0.029687,CENX,0.015527,0.003263,0.045095,-0.0277889999999999,-0.035727
4939,CINEMARK HOLDINGS INC,A Look Ahead At Cinemark Holdings' Earnings,6,uncertain,0.5,0.5,"the news about earnings can lead to various interpretations depending on the actual results and market expectations, making the impact on stock price uncertain.",1,2019-02-21,CNK,2019-02-21 20:36:00+00:00,91915.0,17243V10,-0.0069967256858944,1972372.0,0.0376693569123745,0.0106064556166529,-0.0104466313496232,-0.0144733553752303,-0.0197941418737173,0.0032267477363348,0.0201938617974519,0.0103232068940997,-0.0068619246594607,0.0098765594884753,0.022854121401906,-0.0021899265702813,0.0181864611804485,-0.0533817410469055,0.0012759135570377,0.0023376662284135,-0.0053517557680606,-0.0084986304864287,-0.0110171781852841,-0.0243717953562736,0.0172503888607025,0.009639804251492,0.0107914181426167,0.0056121787056326,-0.0043213521130383,-0.0420331731438636,0.024253275245428,0.0184170696884393,0.0,-0.0037193533498793,0.0049850638024508,0.0059865722432732,0.0116567760705947,0.0040070083923637,-0.0149546600878238,-0.0007507202099077,-0.0059731625951826,0.0010020269546657,-0.0015021923463791,0.0091000199317932,-0.0010030319681391,-0.0332355052232742,0.0170682799071073,0.0148809142410755,-0.0032083184923976,0.0092615503817796,0.0089131128042936,0.0012531136162579,-0.0120245814323425,0.0017574614612385,-0.0067063253372907,0.004539730027318,0.0,0.008136274293065,-0.0215053912252187,0.0020382632501423,0.0066444752737879,-0.0197302922606468,0.0132013317197561,0.021168116480112,0.002756216796115,0.0294040143489837,0.017241345718503,0.0250269193202257,-0.0027020538691431,0.0073190690018236,0.0032019969075918,0.0304469317197799,0.0083476593717932,0.0090191569179296,0.0270270425826311,-0.002530226483941,-0.0130393365398049,-0.028938066214323,0.0026423397939652,0.0283549167215824,0.0103017846122384,-0.0246440712362527,0.0018971267854794,-0.005717372521758,-0.0328993946313858,-0.0171260219067335,0.0044052936136722,-0.0491094216704368,0.0112085547298193,-0.0038023199886083,-0.0120481923222541,-0.0208488497883081,0.0129267992451787,-0.0044477465562522,0.0069829262793064,0.0042184116318821,0.0054997499100863,0.0047369389794766,-0.0047562606632709,0.0169878806918859,0.0028674493078142,0.0131003931164741,0.0100071039050817,-0.0176634043455123,-0.0007076853071339,0.030421270057559,-0.0177053827792406,0.0075976140797138,-0.0146599523723125,0.0031274233479052,0.0060975607484579,-0.0151437418535351,-0.0109091093763709,-0.0015377082163468,-0.0301470477133989,0.0169403590261936,0.0149102890864014,0.0126682380214333,0.0034860405139625,0.0215691346675157,-0.0074441498145461,-0.000808156793937,0.005000018980354,0.0271167550235986,0.0376693569123744,0.0106064556166529,0.0268292076779104,-0.0040204107599888,0.0065040046610571,-0.0008066358749729,0.0197831827702474,0.0194787121755806,0.0460703694062569,-0.0663316459769646,0.0911832201634019,-0.052282564463374,0.0991121646388817,0.0368437456590471,2019-02-22,2019-02-25,2019-02-26,2019-02-27,2019-02-28,2019-03-01,2019-03-04,2019-03-05,2019-03-06,2019-03-07,91915.0,2019-02-21,252.0,-0.6997%,-0.0002,0.6136,0.1846,-0.037,1.4930%,1.6371%,16.8233%,-0.004867,CNK,91915.0,2019-02-22,252.0,3.7669%,-0.0001,0.6089,0.1937,-0.0855,1.5065%,1.6541%,17.0529%,0.032022,CNK,91915.0,2019-02-25,252.0,-1.0447%,-0.0002,0.6092,0.1994,-0.0814,1.5080%,1.6554%,17.0128%,-0.01111,CNK,91915.0,2019-02-26,252.0,-1.9794%,-0.0005,0.5792,0.2529,-0.0767,1.4700%,1.6097%,16.5959%,-0.0179119999999999,CNK,91915.0,2019-02-27,252.0,2.0194%,-0.0005,0.5712,0.273,-0.0779,1.4702%,1.6076%,16.3633%,0.019,CNK,91915.0,2019-02-28,252.0,-0.6862%,-0.0005,0.5769,0.2767,-0.0726,1.4695%,1.6081%,16.5012%,-0.005441,CNK,91915.0,2019-03-01,252.0,2.2854%,-0.0004,0.5749,0.2738,-0.084,1.4726%,1.6111%,16.4544%,0.017517,CNK,91915.0,2019-03-04,252.0,1.8186%,-0.0002,0.5558,0.3169,-0.0744,1.4628%,1.5961%,16.0071%,0.022509,CNK,91915.0,2019-03-05,252.0,0.1276%,-0.0002,0.5517,0.2877,-0.0784,1.4596%,1.5894%,15.6640%,0.002934,CNK,91915.0,2019-03-06,252.0,-0.5352%,-0.0002,0.5522,0.2799,-0.079,1.4596%,1.5897%,15.7020%,0.002849,CNK,91915.0,2019-03-07,252.0,-1.1017%,-0.0002,0.5557,0.2847,-0.0729,1.4601%,1.5912%,15.8049%,-0.006644,CNK,0.027155,0.016045,-0.0018669999999999,0.011692,0.050857
4947,CONSOLIDATED COMMS HLDGS INC,"Consolidated Q4 Adj. EPS $(0.09) Beats $(0.12) Estimate, Sales $344.75M Beat $340.9M Estimate",6,increase,0.75,0.6,"the company reported better-than-expected adjusted eps and sales, which typically signals positive performance and can lead to an increase in stock price.",2,2019-02-21,CNSL,2019-02-21 13:04:00+00:00,90803.0,20903410,-0.0077519309706985,1836428.0,0.0507812947034835,-0.0152671616524457,-0.0669145211577415,0.0057581062428653,-0.0278884191066026,0.0409590229392051,0.0174180399626493,-0.0688371881842613,0.0,0.0009311200119554,-0.0130916526541113,0.0151228588074445,-0.0112245520576834,0.0182867739349603,0.019607899710536,-0.0123574249446392,-0.0293522216379642,-0.0084824888035655,0.016684029251337,-0.0056232819333672,-0.0010256645036861,-0.0129510024562478,0.0451745949685573,0.0065177516080439,0.0078585380688309,0.0056179272942245,0.0233917906880378,0.0239693187177181,-0.0209524072706699,0.0155793419107794,0.0155641883611679,-0.011549555696547,0.017241409048438,-0.0019211820326745,-0.0338982716202735,0.0019248799653723,-0.0302144642919302,-0.0085877105593681,0.0371859185397625,-0.0019048055401071,-0.0116278966888785,-0.0410958752036094,0.0176470894366502,0.0320452563464641,0.0231213644146919,-0.0074836225248873,0.0263653229922056,-0.0037278623785823,-0.0009173647267743,0.0228789113461971,0.0018365016439929,-0.0339804999530315,0.0100825494155287,0.0035650588106364,0.0208711009472608,0.0017857551574707,0.023111131042242,-0.0175438430160284,0.0182450078427791,0.0008778994670137,0.0162115674465894,0.0363967753946781,-0.0302266720682382,0.0701070353388786,0.0,0.0178394746035337,0.0190476421266794,0.0212550647556781,-0.0127443131059408,-0.0010111454175785,0.0230103377252817,0.001012168941088,-0.0304348152130842,0.0227743554860353,-0.0896861031651496,0.0890642553567886,-0.0226600542664527,-0.06137565523386,-0.0635080784559249,-0.0376781970262527,-0.0204520542174577,-0.0391389988362789,-0.0197802521288394,-0.0340264327824115,-0.00336319883354,-0.0084348786622285,-0.341957300901413,-0.0498663820326328,-0.0256410427391529,0.0044722035527229,-0.0508771874010562,-0.026979936286807,-0.0462107211351394,-0.0145797664299607,-0.0397286675870418,0.0060396627523005,-0.0191725101321935,-0.011092159897089,0.0514403283596038,-0.0118043329566717,-0.0117416717112064,-0.027071364223957,0.0,-0.0550387650728225,0.0118811763823032,-0.0625000447034835,-0.0273973271250724,-0.0043414956890046,0.0160966608673334,-0.0107373353093862,-0.0336633808910846,0.0035919677466154,0.0450819246470928,0.0043290345929563,0.0,0.035100769251585,-0.0137254307046532,0.0167046524584293,-0.0218688137829303,0.0022830846719443,0.0507812947034835,-0.0152671616524457,-0.0195312324731117,-0.0095969653484022,-0.0468749563828357,0.0309689752669508,-0.0302733862837101,-0.0391061549121806,-0.0478515406961,-0.0328022865839517,0.1445313044750529,-0.0604827461263771,-0.5033465432537407,-0.1856087152877753,2019-02-22,2019-02-25,2019-02-26,2019-02-27,2019-02-28,2019-03-01,2019-03-04,2019-03-05,2019-03-06,2019-03-07,90803.0,2019-02-21,252.0,-0.7752%,0.0004,1.3312,0.7859,1.2398,2.1075%,2.4841%,28.0181%,0.000461,CNSL,90803.0,2019-02-22,252.0,5.0781%,0.0006,1.3223,0.8207,1.165,2.1331%,2.5030%,27.3680%,0.0559309999999999,CNSL,90803.0,2019-02-25,252.0,-6.6915%,0.0005,1.3198,0.8505,1.1713,2.1674%,2.5327%,26.7719%,-0.064767,CNSL,90803.0,2019-02-26,252.0,-2.7888%,0.0003,1.3036,0.8898,1.1791,2.1600%,2.5206%,26.5667%,-0.016568,CNSL,90803.0,2019-02-27,252.0,1.7418%,0.0003,1.2962,0.9075,1.178,2.1594%,2.5173%,26.4103%,0.015869,CNSL,90803.0,2019-02-28,252.0,0.0000%,0.0003,1.2989,0.9095,1.1784,2.1593%,2.5165%,26.3743%,0.006682,CNSL,90803.0,2019-03-01,252.0,-1.3092%,0.0003,1.2809,0.8827,1.1601,2.1586%,2.5025%,25.6011%,-0.0204579999999999,CNSL,90803.0,2019-03-04,252.0,-1.1225%,0.0,1.3046,0.8094,1.1528,2.1363%,2.4893%,26.3475%,-0.005647,CNSL,90803.0,2019-03-05,252.0,1.9608%,0.0003,1.3072,0.8476,1.1448,2.1337%,2.4896%,26.5498%,0.027012,CNSL,90803.0,2019-03-06,252.0,-2.9352%,0.0003,1.3121,0.864,1.1525,2.1343%,2.4956%,26.8587%,-0.008239,CNSL,90803.0,2019-03-07,252.0,1.6684%,0.0003,1.2941,0.8373,1.1209,2.1415%,2.4921%,26.1581%,0.031761,CNSL,0.056392,-0.008375,-0.024943,-0.002392,0.0220369999999999
4955,COMMSCOPE HOLDING CO INC,"CommScope Sees Q1 Adj. EPS $0.41-$0.46 vs $0.43 Estimate, Sales $1.055B-$1.105B vs $1.07B Est.",6,uncertain,0.6,0.2,"while the adjusted eps guidance is slightly below the estimate, the sales range is in line with expectations, leading to uncertainty about the overall market reaction.",1,2019-02-21,COMM,2019-02-21 11:07:00+00:00,14239.0,20337X10,0.0061820703558623,3660913.0,0.0093220043927431,0.0118636591359973,-0.0201511140912771,0.0220458544790744,0.00428450666368,0.022082008421421,0.0281569901853799,-0.0058243353851139,-0.0327801220118999,0.0173199251294136,0.0047190310433506,0.0119926305487752,-0.0136635219678282,0.0197554118931293,-0.0103895999491214,0.0028301633428782,-0.0131234088912606,-0.0093457410112023,-0.0199467577040195,0.0014037799555808,-0.0094980094581842,0.0075436946935951,0.0077625606209039,0.0076009430922567,-0.0013592559844255,0.00669533200562,-0.005898414645344,-0.0066508026793599,-0.0018256051698699,0.0110470484942197,-0.0032008048146963,0.0092099150642752,0.0032110828906297,0.0835083052515983,-0.0082304663956165,0.0026330249384045,-0.018902713432908,0.0248245578259229,0.0281954165548086,0.0114629361778497,-0.0292504299432039,-0.0383201874792575,-0.0188323743641376,-0.0015723630785942,0.0110364463180303,0.0052687241695821,-0.0090175857767462,0.0026412697043269,0.0234675146639347,0.0090618375688791,0.0168459843844175,-0.0015966304345056,0.0230096653103828,0.0032034902833402,0.026990570127964,0.0195970982313156,0.0455541349947452,0.0177286211401224,0.0242982786148786,0.0100726578384637,0.0130879217758774,0.0246559791266918,-0.0060556968674063,0.0380953177809715,-0.0056864861398935,-0.0158172510564327,0.0212418492883443,0.0414887331426143,0.0140000153332948,0.0042891972698271,0.0291913114488124,-0.0012240181677043,-0.0019164137775078,0.0055384710431098,0.0245775487273931,0.0761589109897613,-0.0097451359033584,-0.0213869027793407,-0.0155185405164957,-0.0386292189359664,-0.0007689525955356,-0.0296252518892288,0.001539088669233,-0.0036144256591796,0.0130618568509817,-0.001803895458579,-0.0337505228817462,-0.0101190526038408,-0.0015698198694735,-0.0158172510564327,-0.0090409377589821,-0.0295622777193784,-0.0170566607266664,0.0120829110965132,-0.0238095298409462,0.0034641723614186,-0.0132285943254828,0.0230359937995672,0.015919528901577,-0.0325714126229286,-0.0049484884366393,-0.0101810125634074,-0.0269374065101146,-0.0375612676143646,-0.0178875681012868,0.0149171520024538,-0.1821335256099701,0.0237556602805852,0.0121950972825288,-0.0183231495320797,-0.0424305647611618,0.0078343246132135,0.0180525109171867,-0.0105204116553068,-0.0005373578169383,0.0249715447425842,0.0086021423339843,-0.0117778507992625,0.0021321433596313,0.0159544553607702,0.0093220043927431,0.0118636591359972,-0.0110169584726115,0.0341710581179732,-0.0067796540409208,0.0570076321325243,-0.0122881746568425,0.0690519304133983,-0.0631355812907648,0.0975666351205624,0.036016965442031,0.3125349059507569,-0.203389884241691,0.3364672796359531,2019-02-22,2019-02-25,2019-02-26,2019-02-27,2019-02-28,2019-03-01,2019-03-04,2019-03-05,2019-03-06,2019-03-07,14239.0,2019-02-21,252.0,0.6182%,-0.0017,1.0537,0.7183,0.4188,2.5346%,2.7618%,15.7765%,0.0114539999999999,COMM,14239.0,2019-02-22,252.0,0.9322%,-0.0017,1.0524,0.7301,0.4139,2.5344%,2.7624%,15.8249%,0.004579,COMM,14239.0,2019-02-25,252.0,-2.0151%,-0.0017,1.0521,0.7384,0.417,2.5367%,2.7647%,15.8144%,-0.019186,COMM,14239.0,2019-02-26,252.0,0.4285%,-0.0017,1.0484,0.7229,0.4064,2.5381%,2.7635%,15.6465%,0.01197,COMM,14239.0,2019-02-27,252.0,2.8157%,-0.0016,1.0445,0.738,0.4058,2.5434%,2.7676%,15.5436%,0.0262279999999999,COMM,14239.0,2019-02-28,252.0,-3.2780%,-0.0017,1.0563,0.7452,0.4208,2.5481%,2.7745%,15.6583%,-0.028775,COMM,14239.0,2019-03-01,252.0,0.4719%,-0.0018,1.0594,0.7497,0.4263,2.5478%,2.7740%,15.6412%,-0.003454,COMM,14239.0,2019-03-04,252.0,-1.3664%,-0.0018,1.0588,0.7564,0.4254,2.5480%,2.7746%,15.6676%,-0.006908,COMM,14239.0,2019-03-05,252.0,-1.0390%,-0.0019,1.0553,0.7277,0.4243,2.5456%,2.7679%,15.4186%,-0.005314,COMM,14239.0,2019-03-06,252.0,-1.3123%,-0.0018,1.0517,0.7151,0.4184,2.5459%,2.7680%,15.4007%,0.00465,COMM,14239.0,2019-03-07,252.0,-1.9947%,-0.0019,1.0548,0.7153,0.4226,2.5463%,2.7694%,15.4627%,-0.009532,COMM,0.016033,-0.003153,0.0088169999999999,0.0062699999999999,-0.014288
4963,COMMSCOPE HOLDING CO INC,"CommScope Holding Q4 EPS $0.51 Beats $0.43 Estimate, Sales $1.06B Inline",6,increase,0.7,0.6,"the earnings per share (eps) beat expectations, which is generally viewed positively by investors and can lead to an increase in stock price.",2,2019-02-21,COMM,2019-02-21 11:06:00+00:00,14239.0,20337X10,0.0061820703558623,3660913.0,0.0093220043927431,0.0118636591359973,-0.0201511140912771,0.0220458544790744,0.00428450666368,0.022082008421421,0.0281569901853799,-0.0058243353851139,-0.0327801220118999,0.0173199251294136,0.0047190310433506,0.0119926305487752,-0.0136635219678282,0.0197554118931293,-0.0103895999491214,0.0028301633428782,-0.0131234088912606,-0.0093457410112023,-0.0199467577040195,0.0014037799555808,-0.0094980094581842,0.0075436946935951,0.0077625606209039,0.0076009430922567,-0.0013592559844255,0.00669533200562,-0.005898414645344,-0.0066508026793599,-0.0018256051698699,0.0110470484942197,-0.0032008048146963,0.0092099150642752,0.0032110828906297,0.0835083052515983,-0.0082304663956165,0.0026330249384045,-0.018902713432908,0.0248245578259229,0.0281954165548086,0.0114629361778497,-0.0292504299432039,-0.0383201874792575,-0.0188323743641376,-0.0015723630785942,0.0110364463180303,0.0052687241695821,-0.0090175857767462,0.0026412697043269,0.0234675146639347,0.0090618375688791,0.0168459843844175,-0.0015966304345056,0.0230096653103828,0.0032034902833402,0.026990570127964,0.0195970982313156,0.0455541349947452,0.0177286211401224,0.0242982786148786,0.0100726578384637,0.0130879217758774,0.0246559791266918,-0.0060556968674063,0.0380953177809715,-0.0056864861398935,-0.0158172510564327,0.0212418492883443,0.0414887331426143,0.0140000153332948,0.0042891972698271,0.0291913114488124,-0.0012240181677043,-0.0019164137775078,0.0055384710431098,0.0245775487273931,0.0761589109897613,-0.0097451359033584,-0.0213869027793407,-0.0155185405164957,-0.0386292189359664,-0.0007689525955356,-0.0296252518892288,0.001539088669233,-0.0036144256591796,0.0130618568509817,-0.001803895458579,-0.0337505228817462,-0.0101190526038408,-0.0015698198694735,-0.0158172510564327,-0.0090409377589821,-0.0295622777193784,-0.0170566607266664,0.0120829110965132,-0.0238095298409462,0.0034641723614186,-0.0132285943254828,0.0230359937995672,0.015919528901577,-0.0325714126229286,-0.0049484884366393,-0.0101810125634074,-0.0269374065101146,-0.0375612676143646,-0.0178875681012868,0.0149171520024538,-0.1821335256099701,0.0237556602805852,0.0121950972825288,-0.0183231495320797,-0.0424305647611618,0.0078343246132135,0.0180525109171867,-0.0105204116553068,-0.0005373578169383,0.0249715447425842,0.0086021423339843,-0.0117778507992625,0.0021321433596313,0.0159544553607702,0.0093220043927431,0.0118636591359972,-0.0110169584726115,0.0341710581179732,-0.0067796540409208,0.0570076321325243,-0.0122881746568425,0.0690519304133983,-0.0631355812907648,0.0975666351205624,0.036016965442031,0.3125349059507569,-0.203389884241691,0.3364672796359531,2019-02-22,2019-02-25,2019-02-26,2019-02-27,2019-02-28,2019-03-01,2019-03-04,2019-03-05,2019-03-06,2019-03-07,14239.0,2019-02-21,252.0,0.6182%,-0.0017,1.0537,0.7183,0.4188,2.5346%,2.7618%,15.7765%,0.0114539999999999,COMM,14239.0,2019-02-22,252.0,0.9322%,-0.0017,1.0524,0.7301,0.4139,2.5344%,2.7624%,15.8249%,0.004579,COMM,14239.0,2019-02-25,252.0,-2.0151%,-0.0017,1.0521,0.7384,0.417,2.5367%,2.7647%,15.8144%,-0.019186,COMM,14239.0,2019-02-26,252.0,0.4285%,-0.0017,1.0484,0.7229,0.4064,2.5381%,2.7635%,15.6465%,0.01197,COMM,14239.0,2019-02-27,252.0,2.8157%,-0.0016,1.0445,0.738,0.4058,2.5434%,2.7676%,15.5436%,0.0262279999999999,COMM,14239.0,2019-02-28,252.0,-3.2780%,-0.0017,1.0563,0.7452,0.4208,2.5481%,2.7745%,15.6583%,-0.028775,COMM,14239.0,2019-03-01,252.0,0.4719%,-0.0018,1.0594,0.7497,0.4263,2.5478%,2.7740%,15.6412%,-0.003454,COMM,14239.0,2019-03-04,252.0,-1.3664%,-0.0018,1.0588,0.7564,0.4254,2.5480%,2.7746%,15.6676%,-0.006908,COMM,14239.0,2019-03-05,252.0,-1.0390%,-0.0019,1.0553,0.7277,0.4243,2.5456%,2.7679%,15.4186%,-0.005314,COMM,14239.0,2019-03-06,252.0,-1.3123%,-0.0018,1.0517,0.7151,0.4184,2.5459%,2.7680%,15.4007%,0.00465,COMM,14239.0,2019-03-07,252.0,-1.9947%,-0.0019,1.0548,0.7153,0.4226,2.5463%,2.7694%,15.4627%,-0.009532,COMM,0.016033,-0.003153,0.0088169999999999,0.0062699999999999,-0.014288
4971,COPA HOLDINGS SA,"Copa Airlines Reports Has Selected GE Aviation For Digital Records Mgmt., No Terms Disclosed",6,uncertain,0.6,0.3,"the selection of ge aviation for digital records management could improve operational efficiency for copa airlines, but without disclosed terms, the immediate financial impact on copa holdings sa's stock price is unclear.",1,2019-02-21,CPA,2019-02-21 13:09:00+00:00,91065.0,P3107610,-0.0063403747044503,321247.0,-0.0005597565323114,-0.0089295292273163,0.0144489351660013,-0.0067885988391935,-0.0104890903457999,-0.0307757761329412,-0.0139477960765361,-0.0055930642411112,0.005129924044013,0.012501398101449,-0.0205284971743822,-0.021741421893239,-0.0151690309867262,-0.0057160989381372,-0.0052910591475665,-0.0064022629521787,0.0017730677500367,-0.0071765896864235,-0.0224188975989818,-0.0116526652127504,-0.0006034450489096,0.019314220175147,0.0137681076303124,0.0180862378329038,-0.0090541113168001,0.0026357406750321,0.0123827699571847,0.0051928558386862,-0.002731216372922,-0.0269155465066433,-0.00535847293213,-0.0247410144656896,-0.0106548471376299,0.0191677194088697,-0.005203295033425,0.0192226953804493,-0.0038924668915569,0.0531411804258823,0.0085480147972702,0.0286328513175249,-0.0439520217478275,-0.0403996631503105,-0.0094984807074069,0.0385743081569671,0.0158547237515449,0.0211933199316263,-0.0015103224432095,0.0279422290623188,-0.0079415710642933,-0.019616974517703,0.0242694243788719,-0.0095424437895417,0.0333705805242061,0.0028825087938457,-0.003001200268045,-0.0086866440251469,0.0079469718039035,0.034894686192274,0.0133795570582151,0.014520569704473,0.0137922689318656,0.0057936436496675,-0.0205813571810722,0.0470112636685371,-0.0294432304799556,-0.0262122172862291,0.0248317886143922,0.032397449016571,0.0082358848303556,0.0301007106900215,-0.020599003881216,-0.0050781168974936,-0.02405421808362,-0.0020789506379514,-0.0122615545988082,0.051078911870718,0.0095298076048493,-0.0005460130050778,0.0124208172783255,-0.0336366631090641,-0.0320206172764301,-0.0127621218562126,0.0160962808877229,-0.0105656450614333,-0.0068603646941483,0.0334221348166465,-0.020472303032875,-0.0352003835141658,0.0210283305495977,0.0056846872903406,0.0011302771745249,-0.0318948775529861,0.0444054305553436,0.0040185824036598,-0.0208984557539224,0.0268213301897049,0.0147203709930181,-0.0209568999707698,0.0336073338985443,-0.0442808680236339,-0.0285380408167839,-0.0092050721868872,-0.011557899415493,-0.0457449443638324,-0.0088915433734655,0.0309303179383277,0.1963868141174316,0.0243343766778707,-0.0319465920329093,0.0043104109354317,-0.0284380335360765,0.0276854932308197,-0.0093927551060915,-0.0267066266387701,0.0260198526084423,0.0187896657735109,0.0087041174992918,0.0587778724730014,-0.0434643849730491,0.0232650637626647,-0.0005597565323114,-0.0089295292273163,0.0138810907478457,-0.0156575090747628,0.0032464003870933,-0.0459514132136196,-0.005671881406694,-0.0394272352054001,-0.0656676330870146,-0.0890667814798771,-0.0433383477761695,0.0788431543799279,0.0125975284141051,0.200822376857894,2019-02-22,2019-02-25,2019-02-26,2019-02-27,2019-02-28,2019-03-01,2019-03-04,2019-03-05,2019-03-06,2019-03-07,91065.0,2019-02-21,252.0,-0.6340%,-0.0013,1.0741,0.7828,0.4357,2.1501%,2.4269%,21.5101%,-0.000978,CPA,91065.0,2019-02-22,252.0,-0.0560%,-0.0013,1.075,0.7739,0.4386,2.1500%,2.4264%,21.4848%,-0.005542,CPA,91065.0,2019-02-25,252.0,1.4449%,-0.0014,1.0791,0.7697,0.4518,2.1405%,2.4185%,21.6657%,0.015538,CPA,91065.0,2019-02-26,252.0,-1.0489%,-0.0014,1.0748,0.7754,0.4514,2.1400%,2.4157%,21.5254%,-0.002445,CPA,91065.0,2019-02-27,252.0,-1.3948%,-0.0014,1.0792,0.7633,0.4521,2.1409%,2.4170%,21.5398%,-0.015947,CPA,91065.0,2019-02-28,252.0,0.5130%,-0.0014,1.0765,0.7618,0.4476,2.1420%,2.4153%,21.3501%,0.009353,CPA,91065.0,2019-03-01,252.0,-2.0528%,-0.0015,1.0788,0.7652,0.4638,2.1472%,2.4182%,21.1559%,-0.028788,CPA,91065.0,2019-03-04,252.0,-1.5169%,-0.0016,1.0822,0.7598,0.4615,2.1474%,2.4198%,21.2482%,-0.008398,CPA,91065.0,2019-03-05,252.0,-0.5291%,-0.0015,1.0859,0.7895,0.4636,2.1445%,2.4198%,21.4584%,-7.8e-05,CPA,91065.0,2019-03-06,252.0,0.1773%,-0.0014,1.0793,0.742,0.4497,2.1487%,2.4197%,21.1460%,0.020567,CPA,91065.0,2019-03-07,252.0,-2.2419%,-0.0014,1.0864,0.7567,0.4633,2.1488%,2.4233%,21.3766%,-0.011655,CPA,-0.00652,0.009018,0.006573,-2.0999999999996716e-05,-0.0283729999999999
4979,CAMPBELL SOUP CO,"Campbell Soup Reports Deal To Sell Campbell Fresh Plan To Joshua Green, No Terms Disclosed",6,uncertain,0.6,0.3,"the sale of the campbell fresh plan could be seen as a strategic move to streamline operations, but without disclosed terms, the market's reaction is unpredictable.",1,2019-02-21,CPB,2019-02-21 21:31:00+00:00,25320.0,13442910,0.007390514947474,2282631.0,-0.0736455097794532,0.0048558125272393,-0.0173622742295265,0.0063235815614461,0.0201488398015499,0.0098693799227476,0.1002734526991844,-0.0060588312335312,-0.0052471314556896,0.0028934741858392,0.009161521680653,0.0117096463218331,-0.0096285687759518,-0.0037912237457931,0.0027777354698628,0.002631583251059,0.0011080586118623,0.0002925456792581,-0.006087471731007,-0.0220251847058534,0.0027840281836688,-0.0014281416079029,-0.0033314528409391,0.0,-0.0236769430339336,-0.0118544166907668,0.0062767826020717,0.0154772410169243,0.010490471497178,0.0115974973887205,0.0103815635666251,-0.0034671751782298,0.0152736203745007,0.0108060427010059,-0.0071116555482149,-0.0138248708099126,0.0005509768379852,-0.0186546016484499,0.0424009077250957,-0.0002825182746164,0.0100370068103075,-0.0028177595231682,0.0010459492914378,-0.0081050060689449,0.0062696365639567,0.0141723360866308,-0.0147974994033575,-0.0070363073609769,0.0092226210981607,0.0139839565381407,-0.0044385944493114,0.0,-0.0073433672077953,0.0162413399666547,-0.0060766064561903,0.0087770400568842,-0.0098351659253239,0.0175647567957639,0.0053691482171416,0.0074206450954079,0.0216287728399038,0.0258830226957798,0.0070569906383752,0.0055113383568823,0.0249157268553972,0.0123993037268519,-0.000253244274063,-0.0221280176192522,0.01354456320405,-0.0134568475186824,0.0037821866571903,-0.0017910858150571,0.0007535488111898,-0.0218978095799684,-0.0102911610156297,0.0248354841023683,-0.007608400657773,-0.0651748776435852,0.0066444752737879,-0.0509688928723335,-0.0017770930426195,-0.0253558419644832,-0.0106815407052636,0.0041569196619093,0.0025706547312438,-0.0087561197578907,-0.0210256334394216,-0.0084269158542156,0.0120481690391898,-0.0060914130881428,-0.0077639557421207,0.0138960601761937,0.0091288071125745,0.0010304203024134,-0.009563167579472,0.0291622076183557,-0.010699369944632,-0.0013237817911431,0.0094961915165185,-0.0117739597335457,-0.0015678436029702,-0.0095879482105374,0.000523435184732,-0.0043859179131686,0.0094167049974203,-0.0112245520576834,0.0095879482105374,-0.0108503736555576,-0.0056467507965862,0.0032911663874983,-0.0005162740708328,-0.0002530580095481,-0.0012914011022076,0.0125576080754399,0.0080165863037109,-0.0372563116252422,-0.0012826895108446,0.0255566369742155,0.0051374458707869,-0.0254007093608379,-0.0736455097794532,0.0048558125272393,-0.0897291304724157,0.0112101002152487,-0.0713882285462869,0.0211901168759927,0.01636574474334,0.0179397829852756,0.0135440098957191,0.0062929413630832,0.0567156442032596,0.055107427872691,0.1139955645866246,-0.1233891833728717,2019-02-22,2019-02-25,2019-02-26,2019-02-27,2019-02-28,2019-03-01,2019-03-04,2019-03-05,2019-03-06,2019-03-07,25320.0,2019-02-21,252.0,0.7391%,-0.0007,0.2248,-0.3853,0.139,1.8794%,1.9041%,2.5848%,0.008193,CPB,25320.0,2019-02-22,252.0,-7.3646%,-0.0007,0.2316,-0.313,0.2867,1.8856%,1.9110%,2.6468%,-0.071044,CPB,25320.0,2019-02-25,252.0,-1.7362%,-0.0008,0.2348,-0.3013,0.3047,1.8812%,1.9071%,2.6991%,-0.018108,CPB,25320.0,2019-02-26,252.0,2.0149%,-0.0008,0.2305,-0.3254,0.2892,1.8855%,1.9115%,2.7000%,0.019502,CPB,25320.0,2019-02-27,252.0,10.0273%,-0.0004,0.2318,-0.2978,0.2897,1.9913%,2.0144%,2.2816%,0.1009309999999999,CPB,25320.0,2019-02-28,252.0,-0.5247%,-0.0004,0.2287,-0.3001,0.2883,1.9909%,2.0138%,2.2606%,-0.003845,CPB,25320.0,2019-03-01,252.0,0.9162%,-0.0003,0.2199,-0.3132,0.2701,1.9886%,2.0108%,2.1914%,0.0094489999999999,CPB,25320.0,2019-03-04,252.0,-0.9629%,-0.0003,0.2156,-0.2893,0.2691,1.9883%,2.0086%,2.0101%,-0.010881,CPB,25320.0,2019-03-05,252.0,0.2778%,-0.0002,0.2157,-0.2864,0.268,1.9883%,2.0083%,1.9844%,0.002803,CPB,25320.0,2019-03-06,252.0,0.1108%,-0.0004,0.1989,-0.2704,0.2512,1.9780%,1.9954%,1.7403%,-0.000886,CPB,25320.0,2019-03-07,252.0,-0.6087%,-0.0004,0.1981,-0.2813,0.2471,1.9771%,1.9949%,1.7756%,-0.003907,CPB,-0.0628509999999999,-0.0809589999999999,-0.0614569999999999,0.035629,0.032207
4987,COPART INC,Copart shares are trading higher after the company beat Q2 EPS estimates.,6,increase,0.8,0.7,"beating earnings per share estimates typically signals strong company performance, which generally leads to an increase in stock price.",2,2019-02-21,CPRT,2019-02-21 15:42:00+00:00,80320.0,21720410,0.057030651718378,4449944.0,0.0311339497566223,0.0030007474124431,0.0157831218093633,-0.0131408311426639,-0.0050666988827288,0.0018542271573096,-0.007299275137484,0.0097360126674175,0.0032489504665136,0.0028164011891931,-0.0046019540168344,0.0205020066350698,-0.0054794466122984,0.0088923079892992,0.0005165078910067,0.0085786432027816,-0.006367215886712,-0.0123242707923054,0.0091790575534105,0.0017361140344291,-0.0005148237105458,0.0060159396380186,0.011675763875246,0.0119795883074402,0.0040733483619987,0.0057277721352875,0.0086206616833806,0.0097726704552769,-0.0078766113147139,0.0112948268651962,-0.0028716551605612,-0.0052166595123708,0.0010164555860683,-0.0047923657111823,-0.0037231547757983,0.011512896977365,0.004756286740303,0.0048710750415921,0.0103127099573612,-0.0074536451138556,-0.0085341082885861,-0.0083899712190032,0.0047257179394364,0.0064334478229284,0.0122627168893814,0.0085158552974462,-0.0092930234968662,-0.0008103913278318,0.0028475404251366,-0.0112179005518555,0.0120260771363973,-0.01460721809417,0.0262419562786817,0.0011857979698106,0.015760688111186,0.0059641995467245,0.0090246945619583,0.0134998625144362,-0.0116114523261785,0.0163833554834127,0.0152404997497797,0.005560141056776,0.0107896579429507,0.0356153137981891,-0.0061881425790488,-0.016568811610341,0.0004669797781389,-0.0020928939338773,0.0096468459814786,0.0054713450372219,0.0073971855454146,-0.0062735099345445,-0.0024476619437336,0.0082226311787962,-0.0004600334214046,0.0554072484374046,-0.0058299670927226,-0.0209150947630405,0.0040122605860233,-0.0204865355044603,-0.0010759253054857,-0.0038265369366854,0.0133867179974913,0.0017036165809258,0.0101730665192008,-0.0048739043995738,-0.011573676019907,-0.0176936350762844,0.0167274698615074,-0.0271364953368902,0.0032904758118093,0.0024361093528568,0.0035777855664491,0.0144150936976075,-0.0194592624902725,0.0045511214993894,0.0110588651150465,0.0224196575582027,0.005543943028897,-0.0358891114592552,-0.001341140945442,-0.0048700864426791,-0.0152192879468202,-0.0287741981446743,0.0033333518076688,-0.0085970815271139,0.0019631115719676,-0.0102494452148675,0.0078372918069362,-0.0005798722850158,-0.0245251879096031,0.0350069999694824,0.0087383054196834,-0.0039847968146204,0.0077506760135293,0.0299609918147325,0.0114613510668277,-0.0271511394530534,-0.0219174176454544,0.0589852221310138,0.0311339497566223,0.0030007474124431,0.0474084624874011,-0.0101795160452694,0.0421015592007556,-0.0083441640230592,0.0378559961247289,0.004130702149804,0.030780148358499,0.0316357900182575,0.114275663290154,0.0952282937713484,0.1604457845901095,0.1306554079564952,2019-02-22,2019-02-25,2019-02-26,2019-02-27,2019-02-28,2019-03-01,2019-03-04,2019-03-05,2019-03-06,2019-03-07,80320.0,2019-02-21,252.0,5.7031%,0.0004,0.9162,0.5289,-0.5477,1.4432%,1.8867%,41.4919%,0.059505,CPRT,80320.0,2019-02-22,252.0,3.1134%,0.0005,0.9135,0.5522,-0.5594,1.4426%,1.8934%,41.9531%,0.014119,CPRT,80320.0,2019-02-25,252.0,1.5783%,0.0006,0.9132,0.545,-0.564,1.4453%,1.8957%,41.8697%,0.014742,CPRT,80320.0,2019-02-26,252.0,-0.5067%,0.0006,0.9145,0.5475,-0.5618,1.4454%,1.8947%,41.8071%,-0.002079,CPRT,80320.0,2019-02-27,252.0,-0.7299%,0.0006,0.9166,0.5406,-0.5615,1.4465%,1.8954%,41.7583%,-0.009937,CPRT,80320.0,2019-02-28,252.0,0.3249%,0.0005,0.9309,0.5506,-0.552,1.4358%,1.8931%,42.4799%,0.004479,CPRT,80320.0,2019-03-01,252.0,-0.4602%,0.0004,0.9229,0.5387,-0.5571,1.4383%,1.8896%,42.0612%,-0.015199,CPRT,80320.0,2019-03-04,252.0,-0.5479%,0.0005,0.9162,0.5581,-0.5548,1.4359%,1.8861%,42.0391%,0.003557,CPRT,80320.0,2019-03-05,252.0,0.0517%,0.0006,0.9186,0.5775,-0.5538,1.4341%,1.8860%,42.1832%,0.002383,CPRT,80320.0,2019-03-06,252.0,-0.6367%,0.0005,0.9033,0.5708,-0.572,1.4280%,1.8783%,42.1944%,0.008756,CPRT,80320.0,2019-03-07,252.0,0.9179%,0.0004,0.8904,0.5358,-0.599,1.4218%,1.8684%,42.0941%,0.0150079999999999,CPRT,0.073624,0.088366,0.086287,0.080829,0.0953339999999999
4995,CATALYST PHARMACEUTICALS INC,"Bernie Sanders Says ""If Catalyst Is Unwilling To Address The Concerns I Have Raised"", Will Ask FDA Commissioner Gottlieb To Act Immediately'",6,decrease,0.75,0.6,"the statement from bernie sanders suggests potential regulatory action against catalyst pharmaceuticals, which could negatively impact investor sentiment and lead to a decrease in stock price.",0,2019-02-21,CPRX,2019-02-21 18:47:00+00:00,91606.0,14888U10,0.0326086655259132,974213.0,0.0210526958107948,0.0109890000894665,-0.0103092677891254,-0.014440419152379,0.0590277202427387,0.0221401993185281,0.0131147420033812,0.007434937171638,-0.0582523718476295,0.0112781841307878,-0.0103092677891254,0.0472441427409648,-0.0034723016433417,0.0283400528132915,-0.0069686346687376,0.051063884049654,-0.0105263059958815,0.0538116060197353,0.0177304800599813,-0.0176211278885603,-0.0034843173343688,-0.042194053530693,0.0419580861926078,-0.0557769350707531,0.0167785082012414,-0.0039682500064373,0.0033003268763422,0.0202428959310054,-0.01644735224545,0.0334727689623832,-0.0033444783184677,-0.0244897715747356,0.0335570164024829,-0.0354330390691757,0.1298701614141464,0.024193525314331,0.1551724076271057,0.0122448857873678,0.0348258391022682,-0.016064241528511,-0.0336538143455982,-0.0496182739734649,0.3034825325012207,0.003831414040178,-0.0343511141836643,0.0077220005914568,0.053359679877758,0.0077820941805839,-0.0487804412841796,0.0,0.0059171067550778,-0.0265152156352996,-0.0254902187734842,0.0476190969347953,0.0261569656431675,0.0285714007914066,0.0274509545415639,-0.0040650367736816,0.0019084407249465,0.0081967134028673,0.0666666477918624,0.0608696117997169,-0.0321428254246711,0.0599077753722667,-0.011070099659264,0.028436105698347,0.0074626794084906,0.0989583060145378,0.0296296011656522,-0.0303030610084533,-0.0305755529552698,0.0050761373713612,0.025974091142416,-0.0619047060608863,-0.005424992647022,0.0824741423130035,-0.0436363220214843,-0.0251256041228771,0.0095056481659412,-0.0339805521070957,0.015065899118781,-0.0803571715950965,0.0018553300760686,-0.0781893208622932,-0.0018518941942602,0.0384616032242775,0.1131725683808327,0.0,-0.0483333282172679,-0.0487805381417274,0.0122592244297266,0.0249999742954969,-0.0069204908795654,-0.0322580337524414,-0.0121950693428516,0.0553192012012004,0.0017636247212067,-0.0167364850640296,0.0669014304876327,0.0717489197850227,0.0082508567720651,-0.0304347537457943,-0.3960720300674438,-0.0356394276022911,-0.2439024597406387,-0.0591716319322586,-0.0322580337524414,-0.0848375111818313,0.1629629880189896,-0.1150160133838654,0.0063694203272461,0.0755644589662551,-0.0094936611130833,-0.0067918370477855,0.1309903562068939,-0.0034013572148978,0.0621469020843505,0.0388693064451217,0.0079787159338593,0.0143369045108556,0.0210526958107948,0.0109890000894665,0.0105263901428729,-0.0036101048302699,0.0701754591981311,0.0184501660477554,0.0210526990419741,0.0375939472301223,0.0070175411674253,0.2158590324131102,0.8421053390832707,0.1311475071173176,0.3298245801560697,-0.0107526812147706,2019-02-22,2019-02-25,2019-02-26,2019-02-27,2019-02-28,2019-03-01,2019-03-04,2019-03-05,2019-03-06,2019-03-07,91606.0,2019-02-21,252.0,3.2609%,-0.0002,1.098,1.7684,0.1236,3.5151%,3.8177%,15.2243%,0.038311,CPRX,91606.0,2019-02-22,252.0,2.1053%,-0.0001,1.0952,1.8203,0.1372,3.5074%,3.8159%,15.5149%,0.005906,CPRX,91606.0,2019-02-25,252.0,-1.0309%,-0.0001,1.0952,1.8237,0.1389,3.5077%,3.8165%,15.5281%,-0.007072,CPRX,91606.0,2019-02-26,252.0,5.9028%,0.0001,1.0708,1.746,0.0812,3.5360%,3.8311%,14.8137%,0.07281,CPRX,91606.0,2019-02-27,252.0,1.3115%,0.0002,1.0779,1.7359,0.0824,3.5350%,3.8310%,14.8582%,0.008831,CPRX,91606.0,2019-02-28,252.0,-5.8252%,-0.0,1.0948,1.7456,0.1076,3.5515%,3.8487%,14.8487%,-0.055152,CPRX,91606.0,2019-03-01,252.0,-1.0309%,-0.0002,1.1059,1.7621,0.1354,3.5505%,3.8491%,14.9133%,-0.022913,CPRX,91606.0,2019-03-04,252.0,-0.3472%,-0.0002,1.1042,1.7594,0.1376,3.5510%,3.8492%,14.8938%,0.008709,CPRX,91606.0,2019-03-05,252.0,-0.6969%,-0.0001,1.1104,1.8075,0.1417,3.5466%,3.8494%,15.1144%,0.000603,CPRX,91606.0,2019-03-06,252.0,-1.0526%,-0.0001,1.0925,1.7711,0.1166,3.5475%,3.8476%,14.9892%,0.021429,CPRX,91606.0,2019-03-07,252.0,1.7730%,0.0001,1.0819,1.775,0.1036,3.5514%,3.8490%,14.8656%,0.0282229999999999,CPRX,0.044217,0.037145,0.109955,0.063634,0.099685
5003,CATALYST PHARMACEUTICALS INC,Catalyst Pharmaceuticals Responds To Letter From Senator Bernie Sanders,6,uncertain,0.5,0.5,"the response to a letter from a prominent senator could have mixed implications for the company's reputation and stock price, making the outcome uncertain.",1,2019-02-21,CPRX,2019-02-21 14:08:00+00:00,91606.0,14888U10,0.0326086655259132,974213.0,0.0210526958107948,0.0109890000894665,-0.0103092677891254,-0.014440419152379,0.0590277202427387,0.0221401993185281,0.0131147420033812,0.007434937171638,-0.0582523718476295,0.0112781841307878,-0.0103092677891254,0.0472441427409648,-0.0034723016433417,0.0283400528132915,-0.0069686346687376,0.051063884049654,-0.0105263059958815,0.0538116060197353,0.0177304800599813,-0.0176211278885603,-0.0034843173343688,-0.042194053530693,0.0419580861926078,-0.0557769350707531,0.0167785082012414,-0.0039682500064373,0.0033003268763422,0.0202428959310054,-0.01644735224545,0.0334727689623832,-0.0033444783184677,-0.0244897715747356,0.0335570164024829,-0.0354330390691757,0.1298701614141464,0.024193525314331,0.1551724076271057,0.0122448857873678,0.0348258391022682,-0.016064241528511,-0.0336538143455982,-0.0496182739734649,0.3034825325012207,0.003831414040178,-0.0343511141836643,0.0077220005914568,0.053359679877758,0.0077820941805839,-0.0487804412841796,0.0,0.0059171067550778,-0.0265152156352996,-0.0254902187734842,0.0476190969347953,0.0261569656431675,0.0285714007914066,0.0274509545415639,-0.0040650367736816,0.0019084407249465,0.0081967134028673,0.0666666477918624,0.0608696117997169,-0.0321428254246711,0.0599077753722667,-0.011070099659264,0.028436105698347,0.0074626794084906,0.0989583060145378,0.0296296011656522,-0.0303030610084533,-0.0305755529552698,0.0050761373713612,0.025974091142416,-0.0619047060608863,-0.005424992647022,0.0824741423130035,-0.0436363220214843,-0.0251256041228771,0.0095056481659412,-0.0339805521070957,0.015065899118781,-0.0803571715950965,0.0018553300760686,-0.0781893208622932,-0.0018518941942602,0.0384616032242775,0.1131725683808327,0.0,-0.0483333282172679,-0.0487805381417274,0.0122592244297266,0.0249999742954969,-0.0069204908795654,-0.0322580337524414,-0.0121950693428516,0.0553192012012004,0.0017636247212067,-0.0167364850640296,0.0669014304876327,0.0717489197850227,0.0082508567720651,-0.0304347537457943,-0.3960720300674438,-0.0356394276022911,-0.2439024597406387,-0.0591716319322586,-0.0322580337524414,-0.0848375111818313,0.1629629880189896,-0.1150160133838654,0.0063694203272461,0.0755644589662551,-0.0094936611130833,-0.0067918370477855,0.1309903562068939,-0.0034013572148978,0.0621469020843505,0.0388693064451217,0.0079787159338593,0.0143369045108556,0.0210526958107948,0.0109890000894665,0.0105263901428729,-0.0036101048302699,0.0701754591981311,0.0184501660477554,0.0210526990419741,0.0375939472301223,0.0070175411674253,0.2158590324131102,0.8421053390832707,0.1311475071173176,0.3298245801560697,-0.0107526812147706,2019-02-22,2019-02-25,2019-02-26,2019-02-27,2019-02-28,2019-03-01,2019-03-04,2019-03-05,2019-03-06,2019-03-07,91606.0,2019-02-21,252.0,3.2609%,-0.0002,1.098,1.7684,0.1236,3.5151%,3.8177%,15.2243%,0.038311,CPRX,91606.0,2019-02-22,252.0,2.1053%,-0.0001,1.0952,1.8203,0.1372,3.5074%,3.8159%,15.5149%,0.005906,CPRX,91606.0,2019-02-25,252.0,-1.0309%,-0.0001,1.0952,1.8237,0.1389,3.5077%,3.8165%,15.5281%,-0.007072,CPRX,91606.0,2019-02-26,252.0,5.9028%,0.0001,1.0708,1.746,0.0812,3.5360%,3.8311%,14.8137%,0.07281,CPRX,91606.0,2019-02-27,252.0,1.3115%,0.0002,1.0779,1.7359,0.0824,3.5350%,3.8310%,14.8582%,0.008831,CPRX,91606.0,2019-02-28,252.0,-5.8252%,-0.0,1.0948,1.7456,0.1076,3.5515%,3.8487%,14.8487%,-0.055152,CPRX,91606.0,2019-03-01,252.0,-1.0309%,-0.0002,1.1059,1.7621,0.1354,3.5505%,3.8491%,14.9133%,-0.022913,CPRX,91606.0,2019-03-04,252.0,-0.3472%,-0.0002,1.1042,1.7594,0.1376,3.5510%,3.8492%,14.8938%,0.008709,CPRX,91606.0,2019-03-05,252.0,-0.6969%,-0.0001,1.1104,1.8075,0.1417,3.5466%,3.8494%,15.1144%,0.000603,CPRX,91606.0,2019-03-06,252.0,-1.0526%,-0.0001,1.0925,1.7711,0.1166,3.5475%,3.8476%,14.9892%,0.021429,CPRX,91606.0,2019-03-07,252.0,1.7730%,0.0001,1.0819,1.775,0.1036,3.5514%,3.8490%,14.8656%,0.0282229999999999,CPRX,0.044217,0.037145,0.109955,0.063634,0.099685
5011,COMSTOCK RESOURCES INC,"Comstock Resources Q4 EPS $0.35 Beats $0.33 Estimate, Sales $153.498M Beat $142.55M Estimate",6,increase,0.8,0.7,"the company reported better-than-expected earnings and sales, which typically leads to positive investor sentiment and an increase in stock price.",2,2019-02-21,CRK,2019-02-21 11:47:00+00:00,11644.0,20576830,0.0300300735980272,838587.0,0.0451894961297512,-0.0074515934102237,0.0209205150604248,0.0583596006035804,-0.0286885295063257,0.0225807018578052,0.0028129369020462,0.0016154687618836,0.001402489724569,0.0164203457534313,0.016806773841381,-0.008143275976181,0.0316803753376007,0.0790860801935195,-0.0213617961853742,-0.0290102511644363,-0.0409276559948921,-0.0668789893388748,-0.0071124024689197,-0.012578603811562,-0.0544412769377231,-0.0170014929026365,0.0272727739065885,0.0676567405462265,0.0250736866146326,0.0083194198086857,0.0287770200520753,-0.0131362760439515,-0.0209790337830781,0.0410256832838058,0.005714280065149,-0.0034071519039571,0.0355113632977008,-0.0856698080897331,-0.0137174082919955,0.0456026419997215,0.0319888740777969,0.0459965914487838,-0.0094339856877923,-0.0361248366534709,-0.0530612058937549,-0.0601851642131805,-0.0086206812411546,-0.0076569966040551,0.0057970960624516,-0.0209894850850105,0.0086455252021551,-0.0029895338229835,-0.0071428841911256,0.0245022736489772,-0.0028776952531188,0.0046154167503118,0.0144300702959299,-0.0196078605949878,0.0113797895610332,0.0091324113309383,-0.0210970602929592,0.0412044748663902,0.0071839354932308,0.0047770272940397,0.0171183850616216,0.0827586203813552,0.0056100925430655,0.1068703159689903,-0.0139469876885414,-0.0019048055401071,0.0028288515750318,0.1589403450489044,-0.0155148282647132,-0.0173535626381635,-0.0057306536473333,-0.0021644486114382,-0.0072046383284032,-0.0609756484627723,-0.010159607976675,0.1576470732688904,-0.0131965028122067,-0.0576497167348861,-0.0222882758826017,-0.0720164403319358,0.0319149009883403,0.0474138520658016,0.0044182930141687,0.0,-0.0102639542892575,-0.0738523676991462,-0.0266666412353515,-0.0438930429518222,-0.0289193373173475,-0.138157919049263,-0.0329153649508953,-0.1111111417412758,-0.0113452468067407,-0.0591471567749977,-0.0229507982730865,-0.031957421451807,0.0218120999634265,-0.0221353657543659,0.0114942025393247,0.0091983824968338,0.0259740799665451,-0.0078226784244179,-0.0189873985946178,-0.0340050347149372,-0.0032258033752441,0.0419947728514671,-0.0194174572825431,0.0013140278169885,0.0033003268763422,0.0092838425189256,-0.0855263173580169,0.0258503481745719,0.041366908699274,0.0381355918943882,-0.0051813009195029,-0.0207469016313552,-0.0069445203989744,-0.0561357475817203,-0.0209790021181106,0.0026177985128015,0.0451894961297512,-0.0074515934102237,0.0670553987245314,0.0504731351780758,0.0364431484333385,0.0741935558531659,0.0408162873657333,0.0935960062351906,0.0174926932302958,0.0471697656410827,0.0218659003205863,0.0605095009543745,-0.1836735029910854,-0.1282722533472888,2019-02-22,2019-02-25,2019-02-26,2019-02-27,2019-02-28,2019-03-01,2019-03-04,2019-03-05,2019-03-06,2019-03-07,11644.0,2019-02-21,252.0,3.0030%,0.0009,1.9715,1.3456,0.2445,4.9567%,5.4108%,16.0803%,0.038665,CRK,11644.0,2019-02-22,252.0,4.5189%,0.0011,1.965,1.4174,0.2321,4.9502%,5.4100%,16.2774%,0.028468,CRK,11644.0,2019-02-25,252.0,2.0921%,0.0009,1.9764,1.4185,0.275,4.9128%,5.3760%,16.4904%,0.021976,CRK,11644.0,2019-02-26,252.0,-2.8689%,0.0009,1.9927,1.4256,0.2908,4.9120%,5.3793%,16.6197%,-0.015641,CRK,11644.0,2019-02-27,252.0,0.2813%,0.001,2.0107,1.3931,0.2938,4.9053%,5.3768%,16.7697%,-0.0014399999999999,CRK,11644.0,2019-02-28,252.0,0.1402%,0.001,2.0145,1.396,0.295,4.9051%,5.3756%,16.7386%,0.007991,CRK,11644.0,2019-03-01,252.0,1.6807%,0.001,2.0148,1.3964,0.2962,4.9051%,5.3735%,16.6719%,-0.000656,CRK,11644.0,2019-03-04,252.0,3.1680%,0.001,2.0328,1.2956,0.3008,4.9031%,5.3711%,16.6669%,0.046498,CRK,11644.0,2019-03-05,252.0,-2.1362%,0.0008,2.028,1.2491,0.3027,4.8998%,5.3601%,16.4360%,-0.013258,CRK,11644.0,2019-03-06,252.0,-4.0928%,0.0009,2.0423,1.2591,0.3201,4.8986%,5.3666%,16.6819%,-0.008364,CRK,11644.0,2019-03-07,252.0,-0.7112%,0.0011,2.0455,1.2962,0.3349,4.8945%,5.3658%,16.7951%,0.011482,CRK,0.067133,0.089109,0.0734679999999999,0.0800189999999999,0.115721
5019,C P I AEROSTRUCTURES INC,CPI Aeorstructures Reports Its WMI Subsidiary Received $700K Order From US Air Force Materiel Command For Electrical Relay Boxes For A-10 Aircraft,6,increase,0.75,0.6,"the $700k order from the us air force materiel command indicates a positive development for cpi aerostructures, likely boosting investor confidence and potentially increasing the stock price.",2,2019-02-21,CVU,2019-02-21 13:07:00+00:00,77900.0,12591930,0.0186781771481037,19820.0,-0.0014104695292189,0.0145772453397512,0.0155367422848939,0.0331325717270374,-0.0111265536397695,0.0342678800225257,-0.0281294342130422,-0.0123076802119612,0.0072359177283942,-0.007633616682142,0.0416666604578495,0.0015290869632735,-0.002758617978543,0.0315457098186016,-0.0055324980057775,-0.0851370394229888,-0.0097357677295804,-0.0142248049378395,0.0154494568705558,-0.0028368765488266,-0.0318118967115879,-0.0028288515750318,-0.0128571642562747,0.0143472570925951,-0.0130245555192232,-0.0057061966508626,0.0703812316060066,0.0057389438152313,-0.0465753637254238,-0.0028612276073545,0.0014367459807544,0.007204569876194,0.0286944471299648,-0.0057306536473333,-0.0543932877480983,0.0,0.0324483439326286,-0.0099291019141674,-0.0157143045216798,0.0187861435115337,-0.0072568524628877,-0.0441988557577133,-0.0350877530872821,-0.0109290163964033,0.0045454865321516,0.0237762350589036,-0.0015083301113918,0.0228898897767067,0.0120845809578895,0.008658000268042,-0.0298507194966077,0.010204036720097,0.0046154167503118,0.0362538136541843,0.0045941397547721,-0.004511309787631,-0.0182926654815673,-0.00894186925143,-0.0046584177762269,-0.0059259203262627,0.0156006840988993,0.0497667454183101,0.0061443871818482,0.0174050088971853,0.004580111708492,-0.0719529762864112,0.0,0.0690737962722778,-0.0030395109206438,0.0015722879907116,0.0060975551605224,0.0241546053439378,-0.0166666880249977,0.0147059075534343,-0.0077041164040565,0.0065789413638412,0.009316761046648,0.0049586333334445,-0.0015384966973215,0.0168067868798971,0.0030817347578704,-0.0197694171220064,-0.0107527142390608,0.0016502027865499,-0.0124223483726382,0.0066445120610296,-0.0172956176102161,-0.0090534696355462,-0.0019999695941805,-0.032643374055624,0.0324649065732955,-0.0484848022460937,-0.0170807652175426,0.0,-0.0252764374017715,0.0030395109206438,0.025931904092431,-0.0179104320704937,0.0078989239409565,-0.0014903470873832,0.0125391725450754,-0.0204379372298717,0.0030959723517298,-0.020028593018651,-0.0108024952933192,0.0,0.0280811712145805,0.0130434306338429,0.092564433813095,-0.0142857003957033,-0.0236110556870698,0.0263929367065429,-0.0028449473902583,-0.0326241143047809,-0.0156918875873088,0.0367647036910057,0.0144927399232983,-0.0014683924382552,0.0071428841911256,-0.0058394107036292,-0.0014104695292189,0.0145772453397512,0.0141043586540987,0.0481927986935906,0.0028208721112097,0.0841121437596981,-0.0183356987498245,0.0625953962611014,0.0197461027277212,-0.0127659768021449,-0.0959097748278674,0.031111115904201,-0.00564174937001,0.0160584178263047,2019-02-22,2019-02-25,2019-02-26,2019-02-27,2019-02-28,2019-03-01,2019-03-04,2019-03-05,2019-03-06,2019-03-07,77900.0,2019-02-21,252.0,1.8678%,-0.0003,0.3579,0.3347,0.1109,2.7689%,2.7972%,2.0158%,0.020461,CVU,77900.0,2019-02-22,252.0,-0.1410%,-0.0004,0.36,0.2939,0.0985,2.7627%,2.7905%,1.9847%,-0.004047,CVU,77900.0,2019-02-25,252.0,1.5537%,-0.0004,0.3614,0.2872,0.1001,2.7635%,2.7912%,1.9799%,0.015838,CVU,77900.0,2019-02-26,252.0,-1.1127%,-0.0003,0.3795,0.2809,0.1105,2.7585%,2.7883%,2.1261%,-0.00848,CVU,77900.0,2019-02-27,252.0,-2.8129%,-0.0005,0.38,0.2717,0.1105,2.7643%,2.7938%,2.1001%,-0.028972,CVU,77900.0,2019-02-28,252.0,0.7236%,-0.0004,0.3812,0.2728,0.1092,2.7647%,2.7942%,2.1036%,0.008536,CVU,77900.0,2019-03-01,252.0,4.1667%,-0.0002,0.3822,0.2743,0.0928,2.7745%,2.8045%,2.1275%,0.038478,CVU,77900.0,2019-03-04,252.0,-0.2759%,-0.0002,0.3716,0.3093,0.0955,2.7708%,2.8003%,2.0979%,-0.000126,CVU,77900.0,2019-03-05,252.0,-0.5532%,-0.0002,0.3721,0.3105,0.0972,2.7709%,2.8002%,2.0867%,-0.003803,CVU,77900.0,2019-03-06,252.0,-0.9736%,-0.0003,0.3647,0.3232,0.0906,2.7691%,2.7984%,2.0830%,-0.002826,CVU,77900.0,2019-03-07,252.0,1.5449%,-0.0001,0.3597,0.3366,0.0878,2.7699%,2.7991%,2.0723%,0.018875,CVU,0.0164139999999999,0.032252,0.023772,0.003336,0.0539339999999999
5027,CYTOKINETICS INC,"Cytokinetics Q4 EPS $(0.48) Beats $(0.52) Estimate, Sales $9.377M Beat $3.94M Estimate",6,increase,0.75,0.6,"cytokinetics reported better-than-expected earnings and sales, which typically boosts investor confidence and can lead to an increase in stock price.",2,2019-02-21,CYTK,2019-02-21 21:01:00+00:00,90126.0,23282W60,-0.0177111867815256,1138734.0,0.0097087612375617,-0.0455136410892009,0.0027472500223666,-0.026582283899188,-0.0219178516417741,0.036745436489582,0.0154061811044812,0.0026315764989703,-0.0041379597969353,0.0026385199744254,0.0027700804639607,0.0284938998520374,-0.0732043832540512,0.0453900247812271,-0.0312965773046016,0.0,-0.0846154168248176,-0.036885242909193,0.0100841047242283,-0.010810799896717,0.039933405816555,0.0164835005998611,0.0559999831020832,0.0297029744833707,0.0257575884461402,0.0056898947805166,0.0413589663803577,0.0115108489990234,0.0666666328907013,0.019061530008912,0.0359042510390281,-0.0072779790498316,0.0564826168119907,-0.0255319569259882,0.040097314864397,0.0173160694539547,0.1904204487800598,0.0327868536114692,-0.1324827820062637,0.0014925715513527,-0.0101810125634074,-0.0218978244811296,0.0102857314050197,-0.0242165345698595,-0.0192307773977518,-0.002840906381607,-0.0484429150819778,0.0028490000404417,0.0012121489271521,0.0057306536473333,-0.0205811224877834,-0.0412088148295879,-0.0049443710595369,-0.0175438113510608,0.0049689393490552,0.0081632575020194,0.0271940995007753,-0.0479274466633796,0.0096269454807043,0.0934844017028808,0.030989184975624,-0.0302198156714439,-0.0138728199526667,0.0627737715840339,0.0,0.0043987878598272,0.0222743898630142,0.0791139230132103,-0.0194954201579093,0.0326797850430011,0.0257310252636671,-0.0223642718046903,-0.0319271013140678,0.0,-0.0212013367563486,0.059221725910902,-0.0433213710784912,-0.019900556653738,0.0163522157818079,-0.0351999662816524,0.0482673682272434,-0.0822320058941841,0.0578512102365493,-0.0326704569160938,0.0390625409781932,-0.0303030665963888,-0.0075188660994172,-0.0571428053081035,-0.005411276128143,-0.0265486780554056,0.0228509306907653,-0.0112500190734863,-0.0617021210491657,0.0050251209177076,-0.0566893443465232,0.0270967800170183,0.0156250149011611,0.0472972840070724,0.0473373457789421,-0.0224570762366056,0.0711863413453102,0.0013227815506979,-0.0242615565657615,-0.0454545617103576,-0.0335135571658611,0.0076335803605616,0.0078300507739186,0.0261096991598606,0.1176469996571541,-0.0531520769000053,0.0039721908979117,0.0547588095068931,0.0316518954932689,0.0013055129675194,0.0239693187177181,0.0536451004445552,0.0046815765090286,-0.012228281237185,-0.0298228990286588,0.032258067280054,0.0097087612375617,-0.0455136410892009,0.0124826836544553,-0.0708860684596701,-0.0097087615957484,-0.0367453714966691,0.0013869280145657,-0.0316622383491349,-0.1664354792041366,-0.0081081008488382,0.1636616042210306,0.0396600911375053,0.4438279695230576,0.0294530309323162,2019-02-22,2019-02-25,2019-02-26,2019-02-27,2019-02-28,2019-03-01,2019-03-04,2019-03-05,2019-03-06,2019-03-07,90126.0,2019-02-21,252.0,-1.7711%,-0.0004,1.299,1.5301,-1.0686,3.2955%,3.8715%,27.5425%,-0.014343,CYTK,90126.0,2019-02-22,252.0,0.9709%,-0.0005,1.3014,1.5476,-1.0239,3.2968%,3.8710%,27.4667%,-0.022958,CYTK,90126.0,2019-02-25,252.0,0.2747%,-0.0005,1.3031,1.5476,-1.0174,3.2955%,3.8692%,27.4535%,0.002876,CYTK,90126.0,2019-02-26,252.0,-2.1918%,-0.0005,1.3072,1.5616,-1.0073,3.2965%,3.8709%,27.4782%,-0.013386,CYTK,90126.0,2019-02-27,252.0,1.5406%,-0.0005,1.3105,1.5588,-1.0067,3.2968%,3.8721%,27.5054%,0.009954,CYTK,90126.0,2019-02-28,252.0,-0.4138%,-0.0005,1.315,1.5618,-1.0029,3.2965%,3.8713%,27.4896%,-0.003004,CYTK,90126.0,2019-03-01,252.0,0.2770%,-0.0006,1.3193,1.5681,-0.9894,3.2970%,3.8711%,27.4630%,-0.0153289999999999,CYTK,90126.0,2019-03-04,252.0,-7.3204%,-0.0008,1.3232,1.6052,-1.0019,3.3153%,3.8986%,27.6862%,-0.056303,CYTK,90126.0,2019-03-05,252.0,-3.1297%,-0.0009,1.3274,1.621,-0.9894,3.3192%,3.8983%,27.5014%,-0.026565,CYTK,90126.0,2019-03-06,252.0,-8.4615%,-0.0013,1.3241,1.7486,-0.9757,3.3220%,3.9214%,28.2374%,-0.052735,CYTK,90126.0,2019-03-07,252.0,1.0084%,-0.0012,1.3169,1.7528,-0.9841,3.3240%,3.9218%,28.1640%,0.0188559999999999,CYTK,-0.037301,-0.034425,-0.047811,-0.040861,-0.172937
5035,CYTOKINETICS INC,"Amgen, Cytokinetics Report METEORIC-HF Second Phase 3 Trial Of Omecamtiv Mecarbil Is Open For Enrollment",6,increase,0.8,0.6,"the opening of enrollment for a phase 3 trial typically indicates progress in drug development, which can positively influence investor sentiment and stock price for cytokinetics.",2,2019-02-21,CYTK,2019-02-21 13:35:00+00:00,90126.0,23282W60,-0.0177111867815256,1138734.0,0.0097087612375617,-0.0455136410892009,0.0027472500223666,-0.026582283899188,-0.0219178516417741,0.036745436489582,0.0154061811044812,0.0026315764989703,-0.0041379597969353,0.0026385199744254,0.0027700804639607,0.0284938998520374,-0.0732043832540512,0.0453900247812271,-0.0312965773046016,0.0,-0.0846154168248176,-0.036885242909193,0.0100841047242283,-0.010810799896717,0.039933405816555,0.0164835005998611,0.0559999831020832,0.0297029744833707,0.0257575884461402,0.0056898947805166,0.0413589663803577,0.0115108489990234,0.0666666328907013,0.019061530008912,0.0359042510390281,-0.0072779790498316,0.0564826168119907,-0.0255319569259882,0.040097314864397,0.0173160694539547,0.1904204487800598,0.0327868536114692,-0.1324827820062637,0.0014925715513527,-0.0101810125634074,-0.0218978244811296,0.0102857314050197,-0.0242165345698595,-0.0192307773977518,-0.002840906381607,-0.0484429150819778,0.0028490000404417,0.0012121489271521,0.0057306536473333,-0.0205811224877834,-0.0412088148295879,-0.0049443710595369,-0.0175438113510608,0.0049689393490552,0.0081632575020194,0.0271940995007753,-0.0479274466633796,0.0096269454807043,0.0934844017028808,0.030989184975624,-0.0302198156714439,-0.0138728199526667,0.0627737715840339,0.0,0.0043987878598272,0.0222743898630142,0.0791139230132103,-0.0194954201579093,0.0326797850430011,0.0257310252636671,-0.0223642718046903,-0.0319271013140678,0.0,-0.0212013367563486,0.059221725910902,-0.0433213710784912,-0.019900556653738,0.0163522157818079,-0.0351999662816524,0.0482673682272434,-0.0822320058941841,0.0578512102365493,-0.0326704569160938,0.0390625409781932,-0.0303030665963888,-0.0075188660994172,-0.0571428053081035,-0.005411276128143,-0.0265486780554056,0.0228509306907653,-0.0112500190734863,-0.0617021210491657,0.0050251209177076,-0.0566893443465232,0.0270967800170183,0.0156250149011611,0.0472972840070724,0.0473373457789421,-0.0224570762366056,0.0711863413453102,0.0013227815506979,-0.0242615565657615,-0.0454545617103576,-0.0335135571658611,0.0076335803605616,0.0078300507739186,0.0261096991598606,0.1176469996571541,-0.0531520769000053,0.0039721908979117,0.0547588095068931,0.0316518954932689,0.0013055129675194,0.0239693187177181,0.0536451004445552,0.0046815765090286,-0.012228281237185,-0.0298228990286588,0.032258067280054,0.0097087612375617,-0.0455136410892009,0.0124826836544553,-0.0708860684596701,-0.0097087615957484,-0.0367453714966691,0.0013869280145657,-0.0316622383491349,-0.1664354792041366,-0.0081081008488382,0.1636616042210306,0.0396600911375053,0.4438279695230576,0.0294530309323162,2019-02-22,2019-02-25,2019-02-26,2019-02-27,2019-02-28,2019-03-01,2019-03-04,2019-03-05,2019-03-06,2019-03-07,90126.0,2019-02-21,252.0,-1.7711%,-0.0004,1.299,1.5301,-1.0686,3.2955%,3.8715%,27.5425%,-0.014343,CYTK,90126.0,2019-02-22,252.0,0.9709%,-0.0005,1.3014,1.5476,-1.0239,3.2968%,3.8710%,27.4667%,-0.022958,CYTK,90126.0,2019-02-25,252.0,0.2747%,-0.0005,1.3031,1.5476,-1.0174,3.2955%,3.8692%,27.4535%,0.002876,CYTK,90126.0,2019-02-26,252.0,-2.1918%,-0.0005,1.3072,1.5616,-1.0073,3.2965%,3.8709%,27.4782%,-0.013386,CYTK,90126.0,2019-02-27,252.0,1.5406%,-0.0005,1.3105,1.5588,-1.0067,3.2968%,3.8721%,27.5054%,0.009954,CYTK,90126.0,2019-02-28,252.0,-0.4138%,-0.0005,1.315,1.5618,-1.0029,3.2965%,3.8713%,27.4896%,-0.003004,CYTK,90126.0,2019-03-01,252.0,0.2770%,-0.0006,1.3193,1.5681,-0.9894,3.2970%,3.8711%,27.4630%,-0.0153289999999999,CYTK,90126.0,2019-03-04,252.0,-7.3204%,-0.0008,1.3232,1.6052,-1.0019,3.3153%,3.8986%,27.6862%,-0.056303,CYTK,90126.0,2019-03-05,252.0,-3.1297%,-0.0009,1.3274,1.621,-0.9894,3.3192%,3.8983%,27.5014%,-0.026565,CYTK,90126.0,2019-03-06,252.0,-8.4615%,-0.0013,1.3241,1.7486,-0.9757,3.3220%,3.9214%,28.2374%,-0.052735,CYTK,90126.0,2019-03-07,252.0,1.0084%,-0.0012,1.3169,1.7528,-0.9841,3.3240%,3.9218%,28.1640%,0.0188559999999999,CYTK,-0.037301,-0.034425,-0.047811,-0.040861,-0.172937
5043,DATA I O CORP,"Data I/O Q4 EPS $0.08 Beats $(0.02) Estimate, Sales $7.9M Beat $6.7M Estimate",6,increase,0.8,0.6,"the company reported better-than-expected earnings and sales, which typically leads to positive investor sentiment and an increase in stock price.",2,2019-02-21,DAIO,2019-02-21 21:04:00+00:00,28629.0,23769010,0.0016807108186185,52131.0,0.0402684174478054,-0.0717628747224807,0.0096774874255061,0.0322060883045196,-0.0063898460939526,-0.0032102698460221,0.0048231850378215,0.0179738774895668,-0.0048000337556004,-0.0129032135009765,0.0176849104464054,0.0508474074304103,0.0268562529236078,-0.0183028504252433,0.0384615398943424,0.015202728100121,0.0029629601631313,-0.0279146265238523,-0.088626280426979,0.0049505298957228,0.0032414880115538,0.0167785082012414,-0.0080775748938322,0.005059057381004,-0.0276873093098402,0.0093616731464862,0.0033500806894153,-0.0008503595599904,-0.0150249879807233,0.0120482221245765,0.0,-0.0185811035335063,-0.0016949540004134,-0.0133497873321175,-0.0101867476478219,-0.0131414122879505,0.0120068909600377,0.0322580747306346,-0.0322033986449241,0.0017006380949169,-0.0350262373685836,-0.0150753231719136,-0.0054446840658783,0.0756755992770195,0.0054744910448789,-0.008928520604968,-0.0018149234820157,0.0428305454552173,0.0054545835591852,-0.0073937084525823,0.0036166328936815,-0.0109689114615321,-0.0297297220677137,0.0110905626788735,-0.0399257466197013,-0.0018450606148689,0.0406189635396003,0.0111940186470747,0.046468399465084,0.0018692016601562,-0.0213143657892942,0.0209923926740884,0.0181488022208213,0.0459080897271633,-0.0160428080707788,-0.0271844398230314,-0.0217391103506088,0.0300000198185443,0.0129629066213965,-0.0421455539762973,0.0091408034786582,-0.0019120896467939,-0.0307971145957708,0.0155339650809764,-0.0037383141461759,0.0300000198185443,0.0093808993697166,-0.011857695877552,-0.014869874343276,-0.0155641883611679,0.0509433895349502,-0.0586080886423587,-0.0448833033442497,-0.0108695551753044,0.0,-0.0107526779174804,0.0150375794619321,0.0127041181549429,-0.0981481820344924,0.0357142947614193,0.0431211590766906,0.0813008323311805,-0.0177165661007165,0.0040611098520457,-0.0220440197736024,2.043587846856099e-05,-0.0163934268057346,-0.0297029875218868,0.0,-0.003944769501686,-0.0083333253860473,0.0496894940733909,-0.018907593563199,-0.0202839579433202,-0.0042826510034501,-0.0100401984527707,-0.0172042846679687,0.0484210550785064,0.0065644928254187,-0.050000000745058,0.0108696073293685,0.06157111749053,0.0204300619661808,-0.0084210447967052,0.0221285615116357,-0.0083507224917411,-0.0144329266622662,0.003141333349049,-0.0439330600202083,0.0052631781436502,0.0402684174478054,-0.0717628747224807,0.0503356019768077,-0.0418679878982595,0.0436241191331767,-0.0449438502052182,0.0436241189570443,-0.0403225787453237,0.0352349060497809,-0.0181518358669432,-0.0553691141464344,0.1121495178638307,-0.2332214486855615,0.2526315433131241,2019-02-22,2019-02-25,2019-02-26,2019-02-27,2019-02-28,2019-03-01,2019-03-04,2019-03-05,2019-03-06,2019-03-07,28629.0,2019-02-21,252.0,0.1681%,-0.0022,0.5809,0.9851,-0.4382,3.4374%,3.5757%,7.5843%,0.003269,DAIO,28629.0,2019-02-22,252.0,4.0268%,-0.0023,0.5793,0.9322,-0.5059,3.4305%,3.5732%,7.8267%,0.0245339999999999,DAIO,28629.0,2019-02-25,252.0,0.9677%,-0.0021,0.5742,0.921,-0.5306,3.4206%,3.5646%,7.9137%,0.010222,DAIO,28629.0,2019-02-26,252.0,-0.6390%,-0.0011,0.7255,0.7739,-0.492,3.0263%,3.2104%,11.1363%,-0.001428,DAIO,28629.0,2019-02-27,252.0,0.4823%,-0.0009,0.7427,0.7443,-0.4891,3.0166%,3.2032%,11.3151%,0.002009,DAIO,28629.0,2019-02-28,252.0,-0.4800%,-0.0009,0.7395,0.742,-0.4907,3.0163%,3.2013%,11.2225%,-0.0039689999999999,DAIO,28629.0,2019-03-01,252.0,1.7685%,-0.0011,0.7721,0.7904,-0.4446,3.0000%,3.1934%,11.7491%,0.008155,DAIO,28629.0,2019-03-04,252.0,2.6856%,-0.0009,0.7612,0.7936,-0.4342,3.0076%,3.1966%,11.4748%,0.035677,DAIO,28629.0,2019-03-05,252.0,3.8462%,-0.0009,0.7406,0.6612,-0.4644,2.9947%,3.1697%,10.7346%,0.041083,DAIO,28629.0,2019-03-06,252.0,0.2963%,-0.0008,0.7447,0.6131,-0.4663,2.9937%,3.1677%,10.6840%,0.017611,DAIO,28629.0,2019-03-07,252.0,-8.8626%,-0.0012,0.779,0.6181,-0.4193,3.0371%,3.2131%,10.6575%,-0.08372,DAIO,0.0278029999999999,0.0380249999999999,0.036597,0.0346369999999999,0.0534429999999999
5051,DIAMOND HILL INVESTMENT GRP INC,"Diamond Hill Investment Q4 EPS $1.37 Down From $3.43 YoY, Sales $34.446M Down From $37.753M YoY",6,decrease,0.8,0.7,"the significant decline in both eps and sales year-over-year suggests weaker financial performance, which is likely to negatively impact investor sentiment and lead to a decrease in stock price.",0,2019-02-21,DHIL,2019-02-21 22:16:00+00:00,86818.0,25264R20,-0.0054591577500104,4067.0,-0.0636099800467491,0.0045161093585193,-0.0096551300957798,0.0237104296684265,-0.0099582718685269,-0.0055172173306345,-0.0225785430520772,0.0056806961074471,0.0215889457613229,-0.0040131621062755,0.0052126669324934,6.575766019523144e-05,-0.0031534475274384,-0.0181524381041526,-0.0084358304738998,0.0010993867181241,-0.0266572833061218,-0.0125798285007476,0.0051715839654207,0.0058449716307222,0.0019565527327358,0.0121570341289043,-0.0039777467027306,-0.0046588974073529,-0.0053732609376311,-0.0029677853453904,-0.0218279343098402,-0.0072375894524157,0.0224643219262361,-0.0056046727113425,0.0141606014221906,0.0064098457805812,0.0125953648239374,-0.0080117611214518,-0.0228872075676918,0.0104080336168408,-0.0120025742799043,-0.0022436289582401,0.0014725145883858,-0.0072546736337244,-0.0183796491473913,-0.0046240310184657,0.0056919897906482,-0.0054807253181934,0.0338844433426857,0.0065309666097164,-0.0009364322177134,-0.0021511947270482,-0.0068492931313812,0.009259239770472,0.0163339376449585,0.0015989765524864,0.0171428136527538,0.001280897995457,-0.0101122697815299,0.0009614993468858,0.0080873956903815,-0.006748997606337,0.0308937318623065,0.0159119758754968,0.0034132022410631,0.0046137287281453,-0.0121777569875121,0.0181277245283126,-0.016115678474307,-0.0006611973512917,0.0095897736027836,0.0120441829785704,-0.0101226614788174,0.0020785676315426,-0.0042026061564683,0.0284808296710252,-0.0124499145895242,-0.0085464240983128,0.012820535339415,0.0365697257220745,-0.0045006992295384,-0.0338924825191497,0.0084769492968916,-0.0194695796817541,-7.000915502430871e-05,-0.0136414654552936,0.0136602241545915,-0.0230948850512504,0.0085694920271635,0.0180453471839427,0.005207581911236,-0.0084242699667811,0.0074983374215662,0.0,0.0033829498570412,0.0052517759613692,-0.025758646428585,0.0185210239142179,-0.0150885432958602,-0.0030663025099784,0.0156008517369628,-0.0325035043060779,0.0240796823054552,-0.0179860442876815,-0.0072973095811903,-0.044015284627676,-0.018513485789299,-0.0185393970459699,0.0048543480224907,-5.947572935838252e-05,0.0027605877257883,0.0074285888113081,-0.0228493269532918,-0.0106846028938889,-0.021974891424179,0.0164923295378685,0.0164194069802761,-0.0131563572213053,0.0043219542130827,0.0025014351122081,0.0179894398897886,-0.0048653576523065,-0.012474033050239,0.0158620364964008,-0.0636099800467491,0.0045161093585193,-0.0726509475097877,0.028333617920266,-0.081885741491506,0.0226600778618022,-0.0832418368614221,0.0243420841645651,-0.1088150149475413,6.4194420402508e-05,-0.0539877300216167,0.0071150766875334,-0.0797546346576116,-0.0626375503885579,2019-02-22,2019-02-25,2019-02-26,2019-02-27,2019-02-28,2019-03-01,2019-03-04,2019-03-05,2019-03-06,2019-03-07,86818.0,2019-02-21,252.0,-0.5459%,-0.0011,0.5741,0.5058,0.4483,1.0023%,1.1646%,25.9229%,-0.002227,DHIL,86818.0,2019-02-22,252.0,-6.3610%,-0.0013,0.5825,0.5084,0.5515,1.0726%,1.2280%,23.7169%,-0.063634,DHIL,86818.0,2019-02-25,252.0,-0.9655%,-0.0013,0.5819,0.5113,0.5509,1.0730%,1.2284%,23.6990%,-0.008314,DHIL,86818.0,2019-02-26,252.0,-0.9958%,-0.0012,0.5939,0.5036,0.5559,1.0663%,1.2270%,24.4721%,-0.004037,DHIL,86818.0,2019-02-27,252.0,-2.2579%,-0.0013,0.5873,0.5088,0.5548,1.0719%,1.2292%,23.9569%,-0.023503,DHIL,86818.0,2019-02-28,252.0,2.1589%,-0.0012,0.5816,0.5058,0.5446,1.0843%,1.2365%,23.1042%,0.024595,DHIL,86818.0,2019-03-01,252.0,0.5213%,-0.0012,0.577,0.499,0.5361,1.0831%,1.2315%,22.6515%,0.001646,DHIL,86818.0,2019-03-04,252.0,-0.3153%,-0.0012,0.5733,0.5105,0.5373,1.0820%,1.2301%,22.6284%,-0.000338,DHIL,86818.0,2019-03-05,252.0,-0.8436%,-0.0012,0.5702,0.4842,0.5364,1.0773%,1.2218%,22.2642%,-0.004679,DHIL,86818.0,2019-03-06,252.0,-2.6657%,-0.0013,0.5793,0.5122,0.5504,1.0807%,1.2323%,23.0932%,-0.016071,DHIL,86818.0,2019-03-07,252.0,0.5172%,-0.0012,0.5722,0.5038,0.5386,1.0836%,1.2313%,22.5492%,0.012006,DHIL,-0.065861,-0.074175,-0.078212,-0.07712,-0.084556
5059,DINE BRANDS GLOBAL INC,Dine Brands Raises Qtr. Dividend From $0.63 To $0.69/Share; Reports $200M Buyback,6,increase,0.8,0.7,"the increase in the quarterly dividend and the announcement of a $200 million buyback are likely to be viewed positively by investors, suggesting a strong financial position and commitment to returning value to shareholders.",2,2019-02-21,DIN,2019-02-21 11:18:00+00:00,76732.0,25442310,0.1240537315607071,1389188.0,0.0038195285014808,0.0115428818389773,-0.0090117305517196,0.0011441472452133,-0.0179852358996868,0.0116911930963397,0.0009259834769181,0.0120665272697806,0.01973682269454,0.0134156141430139,-0.0020160982385277,0.0032158680260181,-0.0069697215221822,0.0423339046537876,-0.0169870629906654,-0.0029706382192671,-0.0258692055940628,-0.0007420848705805,-0.0050987438298761,0.0014863756950944,-0.0177237205207347,0.0008678364683873,-0.0180435180664062,0.0242540147155523,-0.0056452793069183,0.0325161069631576,0.0093509554862976,-0.0054766694083809,-0.0052938759326934,0.0034018335863947,-0.0355915166437625,-0.0247544012963771,-0.0058634411543607,-0.0109792416915297,-0.0080952858552336,-0.0020151594653725,-0.0233898144215345,0.0182097740471363,0.0608978867530822,0.0154968407005071,-0.0264322385191917,-0.0235249046236276,0.0078070168383419,-0.0093222204595804,0.0003468467912171,0.0110813286155462,0.0153721896931529,0.0384921133518219,0.0303926952183246,-0.0571215003728866,0.008506454527378,-0.0214791558682918,0.0106254927814006,0.042891725897789,-0.004444002173841,0.0028079289477318,-0.0043549430556595,0.0227124113589525,0.0156369637697935,0.0345712006092071,0.0082903131842613,0.0441343039274215,-0.0016017247689887,0.0309637617319822,-0.0262031760066747,-0.0007262554718181,0.0181218441575765,0.0222750231623649,-0.0202804449945688,-0.0047296378761529,-0.0020920771639794,-0.0132710523903369,-0.0126888882368803,-0.0125288413837552,-0.007040733937174,0.0240378249436616,-0.0185706429183483,-0.0271162055432796,0.0159403607249259,-0.0181715860962867,-0.004515113774687,-0.0588625520467758,0.0148542635142803,-0.0058816079981625,0.0256983581930398,0.0014397985069081,0.0177559610456228,-0.0688604637980461,0.0027828549500554,-0.0347058475017547,-0.0209200456738472,0.0278114043176174,-0.0334677807986736,0.0152221685275435,-0.0436499267816543,-0.0648605376482009,0.039981123059988,-0.0157062076032161,0.0024949107319116,-0.0056179775856435,0.0136877726763486,0.0200573056936264,-0.0249971859157085,0.0028735632076859,-0.0181985106319189,-0.0244449470192194,0.0179529134184122,-0.023968506604433,0.0282867755740881,-0.0049008596688508,-0.0240561719983816,0.0331945195794105,0.0102704726159572,0.0095422463491559,0.0004518345813266,-0.0017010832671076,-0.0135485716164112,-0.0109915127977728,0.0123611558228731,0.0263612382113933,0.0038195285014808,0.0115428818389773,-0.0052266226119288,0.0127002358406487,-0.0231178564709815,0.0245399098465703,-0.0029148766164714,0.0508132331037414,-0.0585987981927708,0.0963706006780935,-0.0588676514439469,0.1952734476922231,-0.103755857127434,0.0273885706996084,2019-02-22,2019-02-25,2019-02-26,2019-02-27,2019-02-28,2019-03-01,2019-03-04,2019-03-05,2019-03-06,2019-03-07,76732.0,2019-02-21,252.0,12.4054%,0.0021,0.6296,0.8255,0.2496,2.5159%,2.6253%,8.1614%,0.12713,DIN,76732.0,2019-02-22,252.0,0.3820%,0.0019,0.6327,0.7567,0.2237,2.4957%,2.6028%,8.0541%,-0.001245,DIN,76732.0,2019-02-25,252.0,-0.9012%,0.0017,0.6356,0.7643,0.2387,2.4915%,2.5991%,8.1134%,-0.007691,DIN,76732.0,2019-02-26,252.0,-1.7985%,0.0017,0.6417,0.7767,0.2495,2.4926%,2.6021%,8.2447%,-0.011389,DIN,76732.0,2019-02-27,252.0,0.0926%,0.0014,0.6111,0.8303,0.2444,2.4543%,2.5625%,8.2683%,-0.0009279999999999,DIN,76732.0,2019-02-28,252.0,1.9737%,0.0014,0.6237,0.8396,0.2487,2.4498%,2.5613%,8.5194%,0.021976,DIN,76732.0,2019-03-01,252.0,-0.2016%,0.0013,0.6292,0.8478,0.2616,2.4493%,2.5614%,8.5660%,-0.0080369999999999,DIN,76732.0,2019-03-04,252.0,-0.6970%,0.0012,0.6338,0.835,0.2599,2.4486%,2.5612%,8.5981%,-0.0014169999999999,DIN,76732.0,2019-03-05,252.0,-1.6987%,0.0011,0.6339,0.8265,0.2651,2.4494%,2.5598%,8.4392%,-0.012787,DIN,76732.0,2019-03-06,252.0,-2.5869%,0.0012,0.6499,0.8403,0.2851,2.4468%,2.5633%,8.8823%,-0.010327,DIN,76732.0,2019-03-07,252.0,-0.5099%,0.0013,0.6585,0.8834,0.3087,2.4363%,2.5578%,9.2767%,0.00167,DIN,0.125885,0.118194,0.106805,0.127853,0.0969549999999999
5067,DINE BRANDS GLOBAL INC,"Dine Brands Sees FY19 Adj. EPS $6.90-$7.20 vs $6.93 Estimate, Adj. EBITDA $268M-$277M",6,uncertain,0.6,0.3,"while the adjusted eps guidance is slightly below the estimate, the overall range is close, leading to uncertainty in investor sentiment.",1,2019-02-21,DIN,2019-02-21 11:18:00+00:00,76732.0,25442310,0.1240537315607071,1389188.0,0.0038195285014808,0.0115428818389773,-0.0090117305517196,0.0011441472452133,-0.0179852358996868,0.0116911930963397,0.0009259834769181,0.0120665272697806,0.01973682269454,0.0134156141430139,-0.0020160982385277,0.0032158680260181,-0.0069697215221822,0.0423339046537876,-0.0169870629906654,-0.0029706382192671,-0.0258692055940628,-0.0007420848705805,-0.0050987438298761,0.0014863756950944,-0.0177237205207347,0.0008678364683873,-0.0180435180664062,0.0242540147155523,-0.0056452793069183,0.0325161069631576,0.0093509554862976,-0.0054766694083809,-0.0052938759326934,0.0034018335863947,-0.0355915166437625,-0.0247544012963771,-0.0058634411543607,-0.0109792416915297,-0.0080952858552336,-0.0020151594653725,-0.0233898144215345,0.0182097740471363,0.0608978867530822,0.0154968407005071,-0.0264322385191917,-0.0235249046236276,0.0078070168383419,-0.0093222204595804,0.0003468467912171,0.0110813286155462,0.0153721896931529,0.0384921133518219,0.0303926952183246,-0.0571215003728866,0.008506454527378,-0.0214791558682918,0.0106254927814006,0.042891725897789,-0.004444002173841,0.0028079289477318,-0.0043549430556595,0.0227124113589525,0.0156369637697935,0.0345712006092071,0.0082903131842613,0.0441343039274215,-0.0016017247689887,0.0309637617319822,-0.0262031760066747,-0.0007262554718181,0.0181218441575765,0.0222750231623649,-0.0202804449945688,-0.0047296378761529,-0.0020920771639794,-0.0132710523903369,-0.0126888882368803,-0.0125288413837552,-0.007040733937174,0.0240378249436616,-0.0185706429183483,-0.0271162055432796,0.0159403607249259,-0.0181715860962867,-0.004515113774687,-0.0588625520467758,0.0148542635142803,-0.0058816079981625,0.0256983581930398,0.0014397985069081,0.0177559610456228,-0.0688604637980461,0.0027828549500554,-0.0347058475017547,-0.0209200456738472,0.0278114043176174,-0.0334677807986736,0.0152221685275435,-0.0436499267816543,-0.0648605376482009,0.039981123059988,-0.0157062076032161,0.0024949107319116,-0.0056179775856435,0.0136877726763486,0.0200573056936264,-0.0249971859157085,0.0028735632076859,-0.0181985106319189,-0.0244449470192194,0.0179529134184122,-0.023968506604433,0.0282867755740881,-0.0049008596688508,-0.0240561719983816,0.0331945195794105,0.0102704726159572,0.0095422463491559,0.0004518345813266,-0.0017010832671076,-0.0135485716164112,-0.0109915127977728,0.0123611558228731,0.0263612382113933,0.0038195285014808,0.0115428818389773,-0.0052266226119288,0.0127002358406487,-0.0231178564709815,0.0245399098465703,-0.0029148766164714,0.0508132331037414,-0.0585987981927708,0.0963706006780935,-0.0588676514439469,0.1952734476922231,-0.103755857127434,0.0273885706996084,2019-02-22,2019-02-25,2019-02-26,2019-02-27,2019-02-28,2019-03-01,2019-03-04,2019-03-05,2019-03-06,2019-03-07,76732.0,2019-02-21,252.0,12.4054%,0.0021,0.6296,0.8255,0.2496,2.5159%,2.6253%,8.1614%,0.12713,DIN,76732.0,2019-02-22,252.0,0.3820%,0.0019,0.6327,0.7567,0.2237,2.4957%,2.6028%,8.0541%,-0.001245,DIN,76732.0,2019-02-25,252.0,-0.9012%,0.0017,0.6356,0.7643,0.2387,2.4915%,2.5991%,8.1134%,-0.007691,DIN,76732.0,2019-02-26,252.0,-1.7985%,0.0017,0.6417,0.7767,0.2495,2.4926%,2.6021%,8.2447%,-0.011389,DIN,76732.0,2019-02-27,252.0,0.0926%,0.0014,0.6111,0.8303,0.2444,2.4543%,2.5625%,8.2683%,-0.0009279999999999,DIN,76732.0,2019-02-28,252.0,1.9737%,0.0014,0.6237,0.8396,0.2487,2.4498%,2.5613%,8.5194%,0.021976,DIN,76732.0,2019-03-01,252.0,-0.2016%,0.0013,0.6292,0.8478,0.2616,2.4493%,2.5614%,8.5660%,-0.0080369999999999,DIN,76732.0,2019-03-04,252.0,-0.6970%,0.0012,0.6338,0.835,0.2599,2.4486%,2.5612%,8.5981%,-0.0014169999999999,DIN,76732.0,2019-03-05,252.0,-1.6987%,0.0011,0.6339,0.8265,0.2651,2.4494%,2.5598%,8.4392%,-0.012787,DIN,76732.0,2019-03-06,252.0,-2.5869%,0.0012,0.6499,0.8403,0.2851,2.4468%,2.5633%,8.8823%,-0.010327,DIN,76732.0,2019-03-07,252.0,-0.5099%,0.0013,0.6585,0.8834,0.3087,2.4363%,2.5578%,9.2767%,0.00167,DIN,0.125885,0.118194,0.106805,0.127853,0.0969549999999999
5075,DINE BRANDS GLOBAL INC,"DineEquity Q4 EPS $1.70 Beats $1.57 Estimate, Sales $214.198M Beat $194.99M Estimate",6,increase,0.8,0.7,"the company's earnings per share and sales both exceeded analyst estimates, which typically signals strong performance and can lead to a positive reaction in the stock price.",2,2019-02-21,DIN,2019-02-21 11:17:00+00:00,76732.0,25442310,0.1240537315607071,1389188.0,0.0038195285014808,0.0115428818389773,-0.0090117305517196,0.0011441472452133,-0.0179852358996868,0.0116911930963397,0.0009259834769181,0.0120665272697806,0.01973682269454,0.0134156141430139,-0.0020160982385277,0.0032158680260181,-0.0069697215221822,0.0423339046537876,-0.0169870629906654,-0.0029706382192671,-0.0258692055940628,-0.0007420848705805,-0.0050987438298761,0.0014863756950944,-0.0177237205207347,0.0008678364683873,-0.0180435180664062,0.0242540147155523,-0.0056452793069183,0.0325161069631576,0.0093509554862976,-0.0054766694083809,-0.0052938759326934,0.0034018335863947,-0.0355915166437625,-0.0247544012963771,-0.0058634411543607,-0.0109792416915297,-0.0080952858552336,-0.0020151594653725,-0.0233898144215345,0.0182097740471363,0.0608978867530822,0.0154968407005071,-0.0264322385191917,-0.0235249046236276,0.0078070168383419,-0.0093222204595804,0.0003468467912171,0.0110813286155462,0.0153721896931529,0.0384921133518219,0.0303926952183246,-0.0571215003728866,0.008506454527378,-0.0214791558682918,0.0106254927814006,0.042891725897789,-0.004444002173841,0.0028079289477318,-0.0043549430556595,0.0227124113589525,0.0156369637697935,0.0345712006092071,0.0082903131842613,0.0441343039274215,-0.0016017247689887,0.0309637617319822,-0.0262031760066747,-0.0007262554718181,0.0181218441575765,0.0222750231623649,-0.0202804449945688,-0.0047296378761529,-0.0020920771639794,-0.0132710523903369,-0.0126888882368803,-0.0125288413837552,-0.007040733937174,0.0240378249436616,-0.0185706429183483,-0.0271162055432796,0.0159403607249259,-0.0181715860962867,-0.004515113774687,-0.0588625520467758,0.0148542635142803,-0.0058816079981625,0.0256983581930398,0.0014397985069081,0.0177559610456228,-0.0688604637980461,0.0027828549500554,-0.0347058475017547,-0.0209200456738472,0.0278114043176174,-0.0334677807986736,0.0152221685275435,-0.0436499267816543,-0.0648605376482009,0.039981123059988,-0.0157062076032161,0.0024949107319116,-0.0056179775856435,0.0136877726763486,0.0200573056936264,-0.0249971859157085,0.0028735632076859,-0.0181985106319189,-0.0244449470192194,0.0179529134184122,-0.023968506604433,0.0282867755740881,-0.0049008596688508,-0.0240561719983816,0.0331945195794105,0.0102704726159572,0.0095422463491559,0.0004518345813266,-0.0017010832671076,-0.0135485716164112,-0.0109915127977728,0.0123611558228731,0.0263612382113933,0.0038195285014808,0.0115428818389773,-0.0052266226119288,0.0127002358406487,-0.0231178564709815,0.0245399098465703,-0.0029148766164714,0.0508132331037414,-0.0585987981927708,0.0963706006780935,-0.0588676514439469,0.1952734476922231,-0.103755857127434,0.0273885706996084,2019-02-22,2019-02-25,2019-02-26,2019-02-27,2019-02-28,2019-03-01,2019-03-04,2019-03-05,2019-03-06,2019-03-07,76732.0,2019-02-21,252.0,12.4054%,0.0021,0.6296,0.8255,0.2496,2.5159%,2.6253%,8.1614%,0.12713,DIN,76732.0,2019-02-22,252.0,0.3820%,0.0019,0.6327,0.7567,0.2237,2.4957%,2.6028%,8.0541%,-0.001245,DIN,76732.0,2019-02-25,252.0,-0.9012%,0.0017,0.6356,0.7643,0.2387,2.4915%,2.5991%,8.1134%,-0.007691,DIN,76732.0,2019-02-26,252.0,-1.7985%,0.0017,0.6417,0.7767,0.2495,2.4926%,2.6021%,8.2447%,-0.011389,DIN,76732.0,2019-02-27,252.0,0.0926%,0.0014,0.6111,0.8303,0.2444,2.4543%,2.5625%,8.2683%,-0.0009279999999999,DIN,76732.0,2019-02-28,252.0,1.9737%,0.0014,0.6237,0.8396,0.2487,2.4498%,2.5613%,8.5194%,0.021976,DIN,76732.0,2019-03-01,252.0,-0.2016%,0.0013,0.6292,0.8478,0.2616,2.4493%,2.5614%,8.5660%,-0.0080369999999999,DIN,76732.0,2019-03-04,252.0,-0.6970%,0.0012,0.6338,0.835,0.2599,2.4486%,2.5612%,8.5981%,-0.0014169999999999,DIN,76732.0,2019-03-05,252.0,-1.6987%,0.0011,0.6339,0.8265,0.2651,2.4494%,2.5598%,8.4392%,-0.012787,DIN,76732.0,2019-03-06,252.0,-2.5869%,0.0012,0.6499,0.8403,0.2851,2.4468%,2.5633%,8.8823%,-0.010327,DIN,76732.0,2019-03-07,252.0,-0.5099%,0.0013,0.6585,0.8834,0.3087,2.4363%,2.5578%,9.2767%,0.00167,DIN,0.125885,0.118194,0.106805,0.127853,0.0969549999999999
5083,DIGIMARC CORP NEW,"Digimarc Q4 EPS $(0.70) Beats $(0.75) Estimate, Sales $5.2M Miss $5.21M Estimate",6,uncertain,0.6,0.2,"while the eps beat expectations, the sales miss could lead to mixed reactions from investors, making the overall impact on the stock price uncertain.",1,2019-02-21,DMRC,2019-02-21 22:11:00+00:00,92808.0,25381B10,0.041140541434288,112952.0,0.1412363350391388,0.0229166354984045,0.0383956395089626,0.0309278052300214,0.0013205350842326,0.006050185766071,0.0092318067327141,-0.0123773328959941,-0.0143744042143225,-0.0118093118071556,0.0245276689529418,0.0394563637673854,-0.0271756760776042,0.0101859848946332,-0.0013301965082064,0.0152877764776349,-0.0129870558157563,0.0058796545490622,-0.0016868838574737,0.0040872003883123,0.0016897342866286,0.0455840937793254,-0.0155195379629731,0.0178829822689294,0.0233036428689956,0.0615700744092464,0.0083724046126008,0.0124675203114748,-0.0016606159042567,-0.001556052127853,0.0222887583076953,0.0142030753195285,0.0354702286422252,-0.032569944858551,0.0556254088878631,0.047441329807043,0.0035724600311368,-0.0026581201236695,0.0151291051879525,-0.003179722931236,-0.0663354843854904,-0.0078864153474569,0.0262910835444927,0.0160257034003734,0.0079291956499218,-0.025000074878335,-0.0369137488305568,0.0446138009428978,0.0169650968164205,0.0132304178550839,-0.0305838678032159,-0.0330490842461586,0.0478012077510356,0.0410654693841934,0.0340632274746894,0.0338496938347816,-0.0752940997481346,0.0080971298739314,-0.003180673578754,-0.0356943309307098,0.0031908226665109,0.0628333985805511,-0.033078908920288,0.0968791097402572,-0.014473701827228,-0.0417444966733455,0.0180240627378225,0.1068964973092079,0.0226229690015316,-0.0845959708094596,-0.0022442992776632,0.0538922436535358,-0.0392031222581863,0.0066978852264583,0.0020066711585968,0.0396936386823654,-0.0614151619374752,-0.0577427893877029,-0.0044452347792685,-0.0780399814248085,-0.0008930710610002,-0.0247787646949291,0.0103682847693562,-0.0280963163822889,0.0566171407699585,0.0098436633124947,0.0308104511350393,-0.0463832207024097,0.0266406647861003,-0.0162954498082399,-0.0189873538911342,-0.0144539857283234,-0.0390322282910347,0.0326147116720676,0.1111110225319862,-0.0418431684374809,0.447734147310257,-0.0202387794852256,0.0008347436669282,-0.0364999771118164,0.145329475402832,-0.0019960536155849,-0.006007679272443,-0.0064451741054654,0.1157509163022041,0.0024850515183061,-0.0518713071942329,0.0192503072321414,0.0090027786791324,-0.0040363231673836,-0.0557652711868286,0.0398740954697132,0.0792295262217521,-0.0072917337529361,0.0111129796132445,-0.0278480630367994,-0.0013321901205927,0.0249091610312461,-0.0320160388946533,0.0126116536557674,0.1412363350391388,0.0229166354984045,0.1850548339538313,0.054553201967648,0.186619740438807,0.0609334447397573,0.1803599662675534,0.0354280987482169,0.1576682635137041,0.1148954939488404,0.2261346218103328,0.3692135450852438,1.2711268110772806,0.2900682211610068,2019-02-22,2019-02-25,2019-02-26,2019-02-27,2019-02-28,2019-03-01,2019-03-04,2019-03-05,2019-03-06,2019-03-07,92808.0,2019-02-21,252.0,4.1141%,-0.0006,1.2665,0.5912,0.0907,3.1122%,3.3988%,16.1571%,0.0463649999999999,DMRC,92808.0,2019-02-22,252.0,14.1236%,-0.0,1.2458,0.6623,-0.0916,3.2122%,3.5079%,16.1471%,0.130986,DMRC,92808.0,2019-02-25,252.0,3.8396%,0.0006,1.2302,0.6282,-0.1673,3.1109%,3.4163%,17.0803%,0.037984,DMRC,92808.0,2019-02-26,252.0,0.1321%,0.0007,1.2282,0.6218,-0.1721,3.1111%,3.4144%,16.9791%,0.006657,DMRC,92808.0,2019-02-27,252.0,0.9232%,0.0008,1.2416,0.5996,-0.1698,3.1055%,3.4126%,17.1874%,0.006639,DMRC,92808.0,2019-02-28,252.0,-1.4374%,0.0008,1.2405,0.5984,-0.1679,3.1061%,3.4107%,17.0628%,-0.01117,DMRC,92808.0,2019-03-01,252.0,2.4528%,0.0008,1.251,0.6141,-0.1573,3.1060%,3.4138%,17.2208%,0.013099,DMRC,92808.0,2019-03-04,252.0,-2.7176%,0.0006,1.2642,0.5868,-0.1645,3.1046%,3.4173%,17.4658%,-0.017691,DMRC,92808.0,2019-03-05,252.0,-0.1330%,0.0006,1.2644,0.5893,-0.1649,3.1046%,3.4162%,17.4116%,0.002153,DMRC,92808.0,2019-03-06,252.0,-1.2987%,0.0005,1.2497,0.5914,-0.1813,3.1009%,3.4103%,17.3228%,0.005036,DMRC,92808.0,2019-03-07,252.0,-0.1687%,0.0005,1.2434,0.5758,-0.194,3.1005%,3.4082%,17.2428%,0.008286,DMRC,0.1773509999999999,0.2153349999999999,0.2219919999999999,0.2174609999999999,0.2283439999999999
5091,DOMINOS PIZZA INC,"From Domino's Q4 Earnings Conference Call: Domestic, Int'l. Comps Were Negatively Impacted By Calendar Shift, Q4'18 Did Not Include New Year's Eve; Sees Q1'19 Being Positively Impacted By Same Calendar Shift",6,uncertain,0.6,0.3,"the impact of the calendar shift on q4 results is mixed, with negative effects in q4 but potential positive effects in q1, leading to uncertainty in stock price movement.",1,2019-02-21,DPZ,2019-02-21 15:08:00+00:00,90248.0,25754A20,-0.0914933979511261,3877518.0,0.0304335691034793,-0.0026502192486077,-0.0182961504906415,-0.0085921641439199,-0.0122294481843709,-0.0192562118172645,-0.0011866739951074,-0.0056094015017151,-0.0062175444327294,0.0055360062979161,-0.000836880179122,-0.025944497436285,-0.0086147990077734,0.0161978956311941,0.0030574665870517,0.004396098665893,-0.0029278295114636,0.0034735486842691,-0.0026548819150775,-0.0048394133336842,0.0104057509452104,0.0292453877627849,-0.0140906861051917,0.009626755490899,-0.0283007621765136,-0.0188206955790519,0.0223749801516532,0.0240742564201355,0.010310978628695,0.0080407178029418,-0.0120525611564517,-0.0176561065018177,-0.0035206966567784,-0.0153786428272724,0.0219793375581502,0.0262929741293191,-0.0193760748952627,0.0136183965951204,0.0045503019355237,0.0369358509778976,-0.0236686505377292,-0.0150676695629954,0.0138348909094929,0.0329033322632312,0.0117084281519055,0.0489770956337451,0.0088834883645176,-0.0041953823529183,0.0256078690290451,0.0152352917939424,0.0164619088172912,-0.0193582363426685,-0.0335141755640506,0.0113733420148491,-0.0169572886079549,-0.0016221010591834,0.0321751870214939,0.0180834382772445,-0.0164750423282384,-0.0171244814991951,0.0225757006555795,0.0116173503920435,-0.0277341194450855,0.0163127519190311,0.0013333407696336,-0.0148376515135169,0.0044788792729377,-0.018912062048912,0.0265525858849287,-0.0078415339812636,0.0080609750002622,0.0059564360417425,0.0050076032057404,-0.0017677169525995,-0.0137504739686846,0.0621292814612388,0.0388110131025314,-0.021462270990014,0.0088972114026546,0.0174179282039403,-0.0060161631554365,-0.0166680812835693,0.0157895199954509,-0.0215409323573112,0.0489267222583293,0.0101572787389159,-0.0245924815535545,-0.0273884274065494,-0.0109242880716919,-0.0045970943756401,-0.0166770201176405,0.0041253245435655,0.0063599194400012,-0.0092063779011368,0.0032522911205887,-0.0125779034569859,0.0105356806889176,-0.0120393326506018,0.0197943728417158,-0.030330279842019,0.0081143481656908,0.0014284824719652,-0.016417184844613,-0.0374149531126022,0.0207649115473032,-0.003461783984676,-0.0034963455982506,-0.0102076716721057,-0.0134321255609393,0.0233016982674598,-0.0161295775324106,0.0194355547428131,-0.0037243301048874,0.0083345901221036,0.0139633081853389,0.0147047061473131,0.0042288028635084,0.0112099992111325,0.0122732641175389,0.0171224642544984,0.0304335691034793,-0.0026502192486077,0.0115806014525532,-0.0112196122737262,-0.0007904710972256,-0.0302597768605403,-0.0081814643383585,-0.0303610651464015,-0.0200387039769857,-0.0373328443211982,-0.0134996601314308,0.1300977898108981,0.1145385127963984,0.0935752506964131,2019-02-22,2019-02-25,2019-02-26,2019-02-27,2019-02-28,2019-03-01,2019-03-04,2019-03-05,2019-03-06,2019-03-07,90248.0,2019-02-21,252.0,-9.1493%,0.0004,0.6664,0.0894,-0.4221,1.6108%,1.8217%,21.8126%,-0.0902399999999999,DPZ,90248.0,2019-02-22,252.0,3.0434%,0.0003,0.666,0.0344,-0.478,1.5912%,1.8137%,23.0271%,0.019306,DPZ,90248.0,2019-02-25,252.0,-1.8296%,0.0002,0.664,0.0425,-0.4811,1.5925%,1.8149%,22.9996%,-0.020166,DPZ,90248.0,2019-02-26,252.0,-1.2229%,0.0002,0.6684,0.0561,-0.4709,1.5945%,1.8161%,22.9154%,-0.012583,DPZ,90248.0,2019-02-27,252.0,-0.1187%,0.0002,0.6734,0.0463,-0.4701,1.5929%,1.8159%,23.0523%,-0.00256,DPZ,90248.0,2019-02-28,252.0,-0.6218%,0.0002,0.6754,0.0475,-0.4673,1.5933%,1.8158%,23.0097%,-0.0054139999999999,DPZ,90248.0,2019-03-01,252.0,-0.0837%,0.0002,0.6664,0.0341,-0.4775,1.5922%,1.8121%,22.7893%,-0.0077969999999999,DPZ,90248.0,2019-03-04,252.0,-0.8615%,0.0002,0.6711,0.0216,-0.4794,1.5913%,1.8130%,22.9559%,-0.003241,DPZ,90248.0,2019-03-05,252.0,0.3057%,0.0002,0.6721,0.0309,-0.4798,1.5909%,1.8130%,23.0001%,0.003025,DPZ,90248.0,2019-03-06,252.0,-0.2928%,0.0003,0.6825,0.0148,-0.4702,1.5850%,1.8103%,23.3404%,0.003209,DPZ,90248.0,2019-03-07,252.0,-0.2655%,0.0003,0.6806,0.0072,-0.4749,1.5846%,1.8097%,23.3383%,0.0013109999999999,DPZ,-0.0709339999999999,-0.0910999999999999,-0.1036829999999999,-0.1116569999999999,-0.1151499999999999
5099,DOMINOS PIZZA INC,"Domino's Pizza shares are trading lower after the company reported worse than expected Q4 EPS, revenue and same store sales.",6,decrease,0.9,0.8,"the report of worse than expected q4 eps, revenue, and same store sales typically leads to negative investor sentiment, resulting in a decrease in stock price.",0,2019-02-21,DPZ,2019-02-21 13:29:00+00:00,90248.0,25754A20,-0.0914933979511261,3877518.0,0.0304335691034793,-0.0026502192486077,-0.0182961504906415,-0.0085921641439199,-0.0122294481843709,-0.0192562118172645,-0.0011866739951074,-0.0056094015017151,-0.0062175444327294,0.0055360062979161,-0.000836880179122,-0.025944497436285,-0.0086147990077734,0.0161978956311941,0.0030574665870517,0.004396098665893,-0.0029278295114636,0.0034735486842691,-0.0026548819150775,-0.0048394133336842,0.0104057509452104,0.0292453877627849,-0.0140906861051917,0.009626755490899,-0.0283007621765136,-0.0188206955790519,0.0223749801516532,0.0240742564201355,0.010310978628695,0.0080407178029418,-0.0120525611564517,-0.0176561065018177,-0.0035206966567784,-0.0153786428272724,0.0219793375581502,0.0262929741293191,-0.0193760748952627,0.0136183965951204,0.0045503019355237,0.0369358509778976,-0.0236686505377292,-0.0150676695629954,0.0138348909094929,0.0329033322632312,0.0117084281519055,0.0489770956337451,0.0088834883645176,-0.0041953823529183,0.0256078690290451,0.0152352917939424,0.0164619088172912,-0.0193582363426685,-0.0335141755640506,0.0113733420148491,-0.0169572886079549,-0.0016221010591834,0.0321751870214939,0.0180834382772445,-0.0164750423282384,-0.0171244814991951,0.0225757006555795,0.0116173503920435,-0.0277341194450855,0.0163127519190311,0.0013333407696336,-0.0148376515135169,0.0044788792729377,-0.018912062048912,0.0265525858849287,-0.0078415339812636,0.0080609750002622,0.0059564360417425,0.0050076032057404,-0.0017677169525995,-0.0137504739686846,0.0621292814612388,0.0388110131025314,-0.021462270990014,0.0088972114026546,0.0174179282039403,-0.0060161631554365,-0.0166680812835693,0.0157895199954509,-0.0215409323573112,0.0489267222583293,0.0101572787389159,-0.0245924815535545,-0.0273884274065494,-0.0109242880716919,-0.0045970943756401,-0.0166770201176405,0.0041253245435655,0.0063599194400012,-0.0092063779011368,0.0032522911205887,-0.0125779034569859,0.0105356806889176,-0.0120393326506018,0.0197943728417158,-0.030330279842019,0.0081143481656908,0.0014284824719652,-0.016417184844613,-0.0374149531126022,0.0207649115473032,-0.003461783984676,-0.0034963455982506,-0.0102076716721057,-0.0134321255609393,0.0233016982674598,-0.0161295775324106,0.0194355547428131,-0.0037243301048874,0.0083345901221036,0.0139633081853389,0.0147047061473131,0.0042288028635084,0.0112099992111325,0.0122732641175389,0.0171224642544984,0.0304335691034793,-0.0026502192486077,0.0115806014525532,-0.0112196122737262,-0.0007904710972256,-0.0302597768605403,-0.0081814643383585,-0.0303610651464015,-0.0200387039769857,-0.0373328443211982,-0.0134996601314308,0.1300977898108981,0.1145385127963984,0.0935752506964131,2019-02-22,2019-02-25,2019-02-26,2019-02-27,2019-02-28,2019-03-01,2019-03-04,2019-03-05,2019-03-06,2019-03-07,90248.0,2019-02-21,252.0,-9.1493%,0.0004,0.6664,0.0894,-0.4221,1.6108%,1.8217%,21.8126%,-0.0902399999999999,DPZ,90248.0,2019-02-22,252.0,3.0434%,0.0003,0.666,0.0344,-0.478,1.5912%,1.8137%,23.0271%,0.019306,DPZ,90248.0,2019-02-25,252.0,-1.8296%,0.0002,0.664,0.0425,-0.4811,1.5925%,1.8149%,22.9996%,-0.020166,DPZ,90248.0,2019-02-26,252.0,-1.2229%,0.0002,0.6684,0.0561,-0.4709,1.5945%,1.8161%,22.9154%,-0.012583,DPZ,90248.0,2019-02-27,252.0,-0.1187%,0.0002,0.6734,0.0463,-0.4701,1.5929%,1.8159%,23.0523%,-0.00256,DPZ,90248.0,2019-02-28,252.0,-0.6218%,0.0002,0.6754,0.0475,-0.4673,1.5933%,1.8158%,23.0097%,-0.0054139999999999,DPZ,90248.0,2019-03-01,252.0,-0.0837%,0.0002,0.6664,0.0341,-0.4775,1.5922%,1.8121%,22.7893%,-0.0077969999999999,DPZ,90248.0,2019-03-04,252.0,-0.8615%,0.0002,0.6711,0.0216,-0.4794,1.5913%,1.8130%,22.9559%,-0.003241,DPZ,90248.0,2019-03-05,252.0,0.3057%,0.0002,0.6721,0.0309,-0.4798,1.5909%,1.8130%,23.0001%,0.003025,DPZ,90248.0,2019-03-06,252.0,-0.2928%,0.0003,0.6825,0.0148,-0.4702,1.5850%,1.8103%,23.3404%,0.003209,DPZ,90248.0,2019-03-07,252.0,-0.2655%,0.0003,0.6806,0.0072,-0.4749,1.5846%,1.8097%,23.3383%,0.0013109999999999,DPZ,-0.0709339999999999,-0.0910999999999999,-0.1036829999999999,-0.1116569999999999,-0.1151499999999999
5107,DOMINOS PIZZA INC,"Domino's Pizza Sees 3-5 Year Outlook For Global Retail Sales Growth 8-12%, US Comps Growth 3-6%",6,increase,0.8,0.6,"the positive outlook for global retail sales growth and us comparable sales growth suggests strong future performance, which is likely to boost investor confidence and increase the stock price.",2,2019-02-21,DPZ,2019-02-21 12:34:00+00:00,90248.0,25754A20,-0.0914933979511261,3877518.0,0.0304335691034793,-0.0026502192486077,-0.0182961504906415,-0.0085921641439199,-0.0122294481843709,-0.0192562118172645,-0.0011866739951074,-0.0056094015017151,-0.0062175444327294,0.0055360062979161,-0.000836880179122,-0.025944497436285,-0.0086147990077734,0.0161978956311941,0.0030574665870517,0.004396098665893,-0.0029278295114636,0.0034735486842691,-0.0026548819150775,-0.0048394133336842,0.0104057509452104,0.0292453877627849,-0.0140906861051917,0.009626755490899,-0.0283007621765136,-0.0188206955790519,0.0223749801516532,0.0240742564201355,0.010310978628695,0.0080407178029418,-0.0120525611564517,-0.0176561065018177,-0.0035206966567784,-0.0153786428272724,0.0219793375581502,0.0262929741293191,-0.0193760748952627,0.0136183965951204,0.0045503019355237,0.0369358509778976,-0.0236686505377292,-0.0150676695629954,0.0138348909094929,0.0329033322632312,0.0117084281519055,0.0489770956337451,0.0088834883645176,-0.0041953823529183,0.0256078690290451,0.0152352917939424,0.0164619088172912,-0.0193582363426685,-0.0335141755640506,0.0113733420148491,-0.0169572886079549,-0.0016221010591834,0.0321751870214939,0.0180834382772445,-0.0164750423282384,-0.0171244814991951,0.0225757006555795,0.0116173503920435,-0.0277341194450855,0.0163127519190311,0.0013333407696336,-0.0148376515135169,0.0044788792729377,-0.018912062048912,0.0265525858849287,-0.0078415339812636,0.0080609750002622,0.0059564360417425,0.0050076032057404,-0.0017677169525995,-0.0137504739686846,0.0621292814612388,0.0388110131025314,-0.021462270990014,0.0088972114026546,0.0174179282039403,-0.0060161631554365,-0.0166680812835693,0.0157895199954509,-0.0215409323573112,0.0489267222583293,0.0101572787389159,-0.0245924815535545,-0.0273884274065494,-0.0109242880716919,-0.0045970943756401,-0.0166770201176405,0.0041253245435655,0.0063599194400012,-0.0092063779011368,0.0032522911205887,-0.0125779034569859,0.0105356806889176,-0.0120393326506018,0.0197943728417158,-0.030330279842019,0.0081143481656908,0.0014284824719652,-0.016417184844613,-0.0374149531126022,0.0207649115473032,-0.003461783984676,-0.0034963455982506,-0.0102076716721057,-0.0134321255609393,0.0233016982674598,-0.0161295775324106,0.0194355547428131,-0.0037243301048874,0.0083345901221036,0.0139633081853389,0.0147047061473131,0.0042288028635084,0.0112099992111325,0.0122732641175389,0.0171224642544984,0.0304335691034793,-0.0026502192486077,0.0115806014525532,-0.0112196122737262,-0.0007904710972256,-0.0302597768605403,-0.0081814643383585,-0.0303610651464015,-0.0200387039769857,-0.0373328443211982,-0.0134996601314308,0.1300977898108981,0.1145385127963984,0.0935752506964131,2019-02-22,2019-02-25,2019-02-26,2019-02-27,2019-02-28,2019-03-01,2019-03-04,2019-03-05,2019-03-06,2019-03-07,90248.0,2019-02-21,252.0,-9.1493%,0.0004,0.6664,0.0894,-0.4221,1.6108%,1.8217%,21.8126%,-0.0902399999999999,DPZ,90248.0,2019-02-22,252.0,3.0434%,0.0003,0.666,0.0344,-0.478,1.5912%,1.8137%,23.0271%,0.019306,DPZ,90248.0,2019-02-25,252.0,-1.8296%,0.0002,0.664,0.0425,-0.4811,1.5925%,1.8149%,22.9996%,-0.020166,DPZ,90248.0,2019-02-26,252.0,-1.2229%,0.0002,0.6684,0.0561,-0.4709,1.5945%,1.8161%,22.9154%,-0.012583,DPZ,90248.0,2019-02-27,252.0,-0.1187%,0.0002,0.6734,0.0463,-0.4701,1.5929%,1.8159%,23.0523%,-0.00256,DPZ,90248.0,2019-02-28,252.0,-0.6218%,0.0002,0.6754,0.0475,-0.4673,1.5933%,1.8158%,23.0097%,-0.0054139999999999,DPZ,90248.0,2019-03-01,252.0,-0.0837%,0.0002,0.6664,0.0341,-0.4775,1.5922%,1.8121%,22.7893%,-0.0077969999999999,DPZ,90248.0,2019-03-04,252.0,-0.8615%,0.0002,0.6711,0.0216,-0.4794,1.5913%,1.8130%,22.9559%,-0.003241,DPZ,90248.0,2019-03-05,252.0,0.3057%,0.0002,0.6721,0.0309,-0.4798,1.5909%,1.8130%,23.0001%,0.003025,DPZ,90248.0,2019-03-06,252.0,-0.2928%,0.0003,0.6825,0.0148,-0.4702,1.5850%,1.8103%,23.3404%,0.003209,DPZ,90248.0,2019-03-07,252.0,-0.2655%,0.0003,0.6806,0.0072,-0.4749,1.5846%,1.8097%,23.3383%,0.0013109999999999,DPZ,-0.0709339999999999,-0.0910999999999999,-0.1036829999999999,-0.1116569999999999,-0.1151499999999999
5115,DOMINOS PIZZA INC,"Domino's Pizza Q4 EPS $2.62 Misses $2.70 Estimate, Sales $1.082B Miss $1.1B Estimate",6,decrease,0.8,0.7,"the earnings per share (eps) and sales figures both missed analyst estimates, which typically leads to a negative reaction in stock prices.",0,2019-02-21,DPZ,2019-02-21 12:33:00+00:00,90248.0,25754A20,-0.0914933979511261,3877518.0,0.0304335691034793,-0.0026502192486077,-0.0182961504906415,-0.0085921641439199,-0.0122294481843709,-0.0192562118172645,-0.0011866739951074,-0.0056094015017151,-0.0062175444327294,0.0055360062979161,-0.000836880179122,-0.025944497436285,-0.0086147990077734,0.0161978956311941,0.0030574665870517,0.004396098665893,-0.0029278295114636,0.0034735486842691,-0.0026548819150775,-0.0048394133336842,0.0104057509452104,0.0292453877627849,-0.0140906861051917,0.009626755490899,-0.0283007621765136,-0.0188206955790519,0.0223749801516532,0.0240742564201355,0.010310978628695,0.0080407178029418,-0.0120525611564517,-0.0176561065018177,-0.0035206966567784,-0.0153786428272724,0.0219793375581502,0.0262929741293191,-0.0193760748952627,0.0136183965951204,0.0045503019355237,0.0369358509778976,-0.0236686505377292,-0.0150676695629954,0.0138348909094929,0.0329033322632312,0.0117084281519055,0.0489770956337451,0.0088834883645176,-0.0041953823529183,0.0256078690290451,0.0152352917939424,0.0164619088172912,-0.0193582363426685,-0.0335141755640506,0.0113733420148491,-0.0169572886079549,-0.0016221010591834,0.0321751870214939,0.0180834382772445,-0.0164750423282384,-0.0171244814991951,0.0225757006555795,0.0116173503920435,-0.0277341194450855,0.0163127519190311,0.0013333407696336,-0.0148376515135169,0.0044788792729377,-0.018912062048912,0.0265525858849287,-0.0078415339812636,0.0080609750002622,0.0059564360417425,0.0050076032057404,-0.0017677169525995,-0.0137504739686846,0.0621292814612388,0.0388110131025314,-0.021462270990014,0.0088972114026546,0.0174179282039403,-0.0060161631554365,-0.0166680812835693,0.0157895199954509,-0.0215409323573112,0.0489267222583293,0.0101572787389159,-0.0245924815535545,-0.0273884274065494,-0.0109242880716919,-0.0045970943756401,-0.0166770201176405,0.0041253245435655,0.0063599194400012,-0.0092063779011368,0.0032522911205887,-0.0125779034569859,0.0105356806889176,-0.0120393326506018,0.0197943728417158,-0.030330279842019,0.0081143481656908,0.0014284824719652,-0.016417184844613,-0.0374149531126022,0.0207649115473032,-0.003461783984676,-0.0034963455982506,-0.0102076716721057,-0.0134321255609393,0.0233016982674598,-0.0161295775324106,0.0194355547428131,-0.0037243301048874,0.0083345901221036,0.0139633081853389,0.0147047061473131,0.0042288028635084,0.0112099992111325,0.0122732641175389,0.0171224642544984,0.0304335691034793,-0.0026502192486077,0.0115806014525532,-0.0112196122737262,-0.0007904710972256,-0.0302597768605403,-0.0081814643383585,-0.0303610651464015,-0.0200387039769857,-0.0373328443211982,-0.0134996601314308,0.1300977898108981,0.1145385127963984,0.0935752506964131,2019-02-22,2019-02-25,2019-02-26,2019-02-27,2019-02-28,2019-03-01,2019-03-04,2019-03-05,2019-03-06,2019-03-07,90248.0,2019-02-21,252.0,-9.1493%,0.0004,0.6664,0.0894,-0.4221,1.6108%,1.8217%,21.8126%,-0.0902399999999999,DPZ,90248.0,2019-02-22,252.0,3.0434%,0.0003,0.666,0.0344,-0.478,1.5912%,1.8137%,23.0271%,0.019306,DPZ,90248.0,2019-02-25,252.0,-1.8296%,0.0002,0.664,0.0425,-0.4811,1.5925%,1.8149%,22.9996%,-0.020166,DPZ,90248.0,2019-02-26,252.0,-1.2229%,0.0002,0.6684,0.0561,-0.4709,1.5945%,1.8161%,22.9154%,-0.012583,DPZ,90248.0,2019-02-27,252.0,-0.1187%,0.0002,0.6734,0.0463,-0.4701,1.5929%,1.8159%,23.0523%,-0.00256,DPZ,90248.0,2019-02-28,252.0,-0.6218%,0.0002,0.6754,0.0475,-0.4673,1.5933%,1.8158%,23.0097%,-0.0054139999999999,DPZ,90248.0,2019-03-01,252.0,-0.0837%,0.0002,0.6664,0.0341,-0.4775,1.5922%,1.8121%,22.7893%,-0.0077969999999999,DPZ,90248.0,2019-03-04,252.0,-0.8615%,0.0002,0.6711,0.0216,-0.4794,1.5913%,1.8130%,22.9559%,-0.003241,DPZ,90248.0,2019-03-05,252.0,0.3057%,0.0002,0.6721,0.0309,-0.4798,1.5909%,1.8130%,23.0001%,0.003025,DPZ,90248.0,2019-03-06,252.0,-0.2928%,0.0003,0.6825,0.0148,-0.4702,1.5850%,1.8103%,23.3404%,0.003209,DPZ,90248.0,2019-03-07,252.0,-0.2655%,0.0003,0.6806,0.0072,-0.4749,1.5846%,1.8097%,23.3383%,0.0013109999999999,DPZ,-0.0709339999999999,-0.0910999999999999,-0.1036829999999999,-0.1116569999999999,-0.1151499999999999
5123,D T E ENERGY CO,Ford Reports Will Procure Locally-Sourced Michigan Wind Energy Through Collaboration With DTE Energy,6,increase,0.8,0.6,"the collaboration with ford to procure locally-sourced wind energy is likely to enhance dte energy's reputation and revenue potential, positively impacting its stock price.",2,2019-02-21,DTE,2019-02-21 12:01:00+00:00,11674.0,23333110,0.0079658478498458,1542211.0,0.007984384894371,0.0104555180296301,-0.0072745028883218,0.0058426223695278,-0.0042338105849921,0.0050331219099462,0.0004905769019387,-0.0011730154510587,0.0098071014508605,-0.0011716410517692,-0.0053415023721754,0.003780216211453,0.0017086988082155,0.0040486115030944,-0.0028429734520614,0.0021977557335048,-0.0030955106485635,0.0104202358052134,0.000980574870482,-0.0018755431519821,0.0057142609730362,-0.0007666440214961,0.0039773173630237,0.0002556133258622,0.0029913098551332,-0.0033120966982096,0.0008061107946559,0.0213374886661768,0.0017718555172905,0.0031323467846959,0.004381782375276,0.0072743371129035,-0.0051621794700622,-0.000262847461272,-0.0097291795536875,-0.0118614956736564,0.002128722378984,0.0107640093192458,0.0068627148866653,0.0108810663223266,0.0133885229006409,0.0005310458363965,0.0017615599790588,-0.0018552794354036,0.0063943974673748,0.0130672072991728,-0.0057183797471225,0.004314636811614,-0.0112629095092415,0.0118235843256115,0.0077556883916258,-0.0170749481767416,-0.007535632699728,0.0014324410585686,0.0008077421225607,0.0148087330162525,-0.0034705430734902,-0.0047020222991704,-0.0052644489333033,0.0088486913591623,0.0094447452574968,-0.0033638977911323,-0.010969515889883,0.0152298463508486,0.0049747233279049,0.0041708867065608,-0.001785289379768,-0.0218495335429906,0.0073977401480078,0.0017255693674087,0.0040348614566028,-0.0004539129440672,0.0003214990720152,0.0046511823311448,-0.0132572837173938,0.0064250077120959,0.0,-0.0447172820568084,0.0032570762559771,-0.0042779627256095,-0.0039769327268004,0.0064142285846173,0.0034224099945276,0.0015840914566069,0.0073087667115032,-0.0044682156294584,0.0010480268392711,-0.0345119424164295,0.0013690760824829,-0.0054665203206241,-0.0057905227877199,0.0090955179184675,0.0169066190719604,-0.0094269197434186,-0.0135231642052531,0.0046936986036598,0.0008870301535353,-0.0017570204799994,0.0088623790070414,0.001088845427148,-0.0011180273722857,0.0018461124273017,-0.0040774075314402,8.387467823922634e-05,-0.0123625341802835,-0.0048437798395752,0.0046330140903592,0.017591567710042,0.0192557033151388,0.0022998009808361,0.0113510098308324,-0.0008510508341714,-0.0100463572889566,0.0068552107550203,-0.003567723557353,0.0002571250661276,0.0085932668298482,-0.000685240549501,0.0054433164186775,-0.0147679327055811,0.007984384894371,0.0104555180296301,0.0006517995750736,0.0163592280426829,-0.0035847706058587,0.0214746879417206,0.0066807868228955,0.0190810845390236,-0.001955334737433,0.0381073611761306,0.0082789651424901,0.1108373794593351,0.0462884807448373,0.0358090603917389,2019-02-22,2019-02-25,2019-02-26,2019-02-27,2019-02-28,2019-03-01,2019-03-04,2019-03-05,2019-03-06,2019-03-07,11674.0,2019-02-21,252.0,0.7966%,0.0008,0.0694,-0.524,-0.1647,1.0237%,1.0612%,6.9474%,0.0074639999999999,DTE,11674.0,2019-02-22,252.0,0.7984%,0.0009,0.068,-0.5107,-0.1702,1.0232%,1.0587%,6.6056%,0.007894,DTE,11674.0,2019-02-25,252.0,-0.7275%,0.0008,0.0678,-0.5059,-0.1683,1.0250%,1.0600%,6.4847%,-0.009111,DTE,11674.0,2019-02-26,252.0,-0.4234%,0.0007,0.0553,-0.4815,-0.1653,1.0153%,1.0467%,5.9050%,-0.008019,DTE,11674.0,2019-02-27,252.0,0.0491%,0.0008,0.061,-0.4917,-0.1644,1.0120%,1.0449%,6.1942%,0.001057,DTE,11674.0,2019-02-28,252.0,0.9807%,0.0009,0.0497,-0.4991,-0.1746,1.0073%,1.0405%,6.2797%,0.009584,DTE,11674.0,2019-03-01,252.0,-0.5342%,0.0009,0.0392,-0.5149,-0.1883,1.0033%,1.0379%,6.5618%,-0.005041,DTE,11674.0,2019-03-04,252.0,0.1709%,0.0009,0.0412,-0.5212,-0.1889,1.0029%,1.0379%,6.6208%,0.000497,DTE,11674.0,2019-03-05,252.0,-0.2843%,0.0008,0.0411,-0.5255,-0.1868,1.0032%,1.0382%,6.6256%,-0.004932,DTE,11674.0,2019-03-06,252.0,-0.3096%,0.0007,0.0374,-0.4977,-0.1872,1.0008%,1.0331%,6.1518%,-0.009387,DTE,11674.0,2019-03-07,252.0,0.0981%,0.0008,0.0402,-0.4847,-0.1797,0.9985%,1.0291%,5.8687%,0.0002309999999999,DTE,0.015358,0.0062469999999999,-0.001772,0.008869,-0.0097629999999999
5131,DEVON ENERGY CORP NEW,"MKM Partners Maintains Buy on Devon Energy, Raises Price Target to $35",6,increase,0.8,0.6,maintaining a 'buy' rating and raising the price target typically signals positive sentiment and potential for stock price appreciation.,2,2019-02-21,DVN,2019-02-21 13:19:00+00:00,87137.0,25179M10,-0.0138751259073615,19449089.0,-0.0067001930437982,0.0692335218191146,-0.0053962850943207,-0.0038705351762473,0.0033909929916262,0.0398829169571399,0.0098005747422575,0.0156075833365321,-0.0123828295618295,0.0365947932004928,0.0216875430196523,0.0204401947557926,-0.0235488917678594,0.0208667926490306,-0.0057744588702917,-0.0150197297334671,-0.0187906101346015,-0.0552651770412921,-0.0229804962873458,-0.0029784035868942,-0.0481112040579319,-0.0110456272959709,0.040808692574501,0.0055534844286739,0.0345324091613292,0.0135084660723805,0.0198191832751035,-0.0368630439043045,0.0085236988961696,0.0305400248616933,0.0047457418404519,0.0132075613364577,0.0293522551655769,-0.027522936463356,-0.0088495723903179,0.0244360752403736,0.0333994776010513,0.0106383245438337,0.0127999875694513,-0.0116409864276647,-0.0413901880383491,-0.0187914613634347,0.0158206839114427,0.0284198559820652,0.0253082644194364,0.0193124767392873,-0.0085443183779716,-0.0193181913346052,0.0175550356507301,0.0087886722758412,-0.010037631727755,-0.0072079109959304,-0.0006336676306091,0.0026625976897776,-0.010462962090969,0.0178087875247001,-0.0160205066204071,0.0109589314088225,0.0097688427194952,0.0078895008191466,0.0383747331798076,0.0317460596561431,-0.0052795647643506,0.0446428246796131,-0.0302840881049633,0.01335637178272,0.0109465597197413,0.0297248512506485,-0.0070063476450741,0.0035619693808257,0.0737652108073234,-0.0192139968276023,-0.0271804016083478,0.0083663826808333,0.0079828714951872,0.0824594646692276,0.0115746948868036,-0.0424463860690593,0.0102378847077488,-0.0266548376530408,0.0479880981147289,-0.0561844930052757,-0.0159272290766239,-0.0229413956403732,-0.0031790982466191,-0.0431203581392765,-0.0275442358106374,-0.0127708949148654,-0.0253429412841796,-0.0383327379822731,0.0009177912143059,-0.0120967682451009,-0.0177262164652347,0.0198131091892719,-0.0093341395258903,0.0182717759162187,-0.0288944747298955,-0.0341911874711513,0.0109961237758398,-0.0198197923600673,0.0073576308786869,-0.0149094806984067,-0.0139727070927619,-0.0208550710231065,0.0154589843004941,0.0643729120492935,-0.008880453184247,0.0044593401253223,0.0019199829548597,0.001488612149842,-0.0443947426974773,0.0097707714885473,0.0280748717486858,-0.0191669203341007,0.0055266604758799,0.0081753740087151,0.0119624612852931,-0.0567823611199855,-0.0220446847379207,0.0397230386734008,-0.0067001930437982,0.0692335218191146,-0.0120603219862676,0.0650950158612908,-0.0087102254619735,0.1075741119303503,-0.0113902900435921,0.1660247106786445,-0.05996652914042,0.1269545699840926,0.0416782169017415,0.1940828375295962,0.028241558002013,0.1064184685271263,2019-02-22,2019-02-25,2019-02-26,2019-02-27,2019-02-28,2019-03-01,2019-03-04,2019-03-05,2019-03-06,2019-03-07,87137.0,2019-02-21,252.0,-1.3875%,-0.0004,1.497,0.7017,0.6563,2.0678%,2.5561%,34.5587%,-0.006547,DVN,87137.0,2019-02-22,252.0,-0.6700%,0.0001,1.4923,0.86,0.7453,1.9276%,2.4461%,37.9011%,-0.010743,DVN,87137.0,2019-02-25,252.0,-0.5396%,0.0001,1.492,0.8618,0.745,1.9277%,2.4461%,37.8956%,-0.004157,DVN,87137.0,2019-02-26,252.0,0.3391%,0.0001,1.4803,0.8543,0.7324,1.9273%,2.4371%,37.4610%,0.013652,DVN,87137.0,2019-02-27,252.0,0.9801%,0.0001,1.4832,0.8514,0.7329,1.9275%,2.4376%,37.4745%,0.007624,DVN,87137.0,2019-02-28,252.0,-1.2383%,-0.0,1.4994,0.8623,0.7462,1.9198%,2.4383%,38.0066%,-0.0062229999999999,DVN,87137.0,2019-03-01,252.0,2.1688%,0.0001,1.4927,0.8524,0.7306,1.9188%,2.4306%,37.6790%,0.011286,DVN,87137.0,2019-03-04,252.0,-2.3549%,0.0,1.4969,0.8522,0.7264,1.9210%,2.4351%,37.7665%,-0.015317,DVN,87137.0,2019-03-05,252.0,-0.5774%,-0.0,1.4945,0.8341,0.7243,1.9200%,2.4295%,37.5474%,0.001065,DVN,87137.0,2019-03-06,252.0,-1.8791%,-0.0,1.4896,0.8288,0.718,1.9197%,2.4290%,37.5351%,0.0038929999999999,DVN,87137.0,2019-03-07,252.0,-2.2980%,0.0001,1.5013,0.8709,0.7455,1.9090%,2.4297%,38.2694%,-0.007906,DVN,-0.01729,-0.021447,-0.007795,-0.006394,-0.013373
5139,DEXCOM INC,"DexCom Q4 Adj. EPS $0.54 May Not Compare To $0.17 Estimate, Sales $338M Beat $299.67M Estimate",6,increase,0.8,0.6,the significant beat in sales and a much higher adjusted eps compared to estimates are likely to positively influence investor sentiment and drive the stock price up.,2,2019-02-21,DXCM,2019-02-21 22:23:00+00:00,90664.0,25213110,0.0048784301616251,1267268.0,-0.0642051249742508,-0.0159567315131425,0.0295191667973995,-0.0039734095335006,-0.0092973569408059,0.0044646123424172,0.0035819185432046,-0.0081851808354258,-0.0054250448010861,-0.0240947604179382,0.0298571996390819,0.0099186673760414,-0.0138686001300811,0.0391671620309352,0.0386572517454624,0.0109057519584894,-0.0242226142436265,-0.008266719058156,-0.0023707994259893,-0.0240688566118478,0.0011882167309522,0.0294137988239526,0.0059340326115489,0.0191141683608293,-0.0020820533391088,0.0053180176764726,0.0255234278738498,-0.0179653353989124,-0.0041367188096046,0.0254194755107164,0.0282600857317447,-0.0092671019956469,-0.0321192443370819,-0.02517063729465,0.0054054642096161,0.0064546964131295,-0.005308280698955,-0.0167871676385402,-0.0273672677576541,-0.0283782910555601,-0.0923607498407363,0.0086945090442895,-0.0383631475269794,0.0001338078436674,-0.0252256989479064,0.0166609790176153,-0.0447291955351829,0.0,0.0245801992714405,0.0301947407424449,0.0060821189545094,0.0116229578852653,-0.0329974852502346,-0.0056376871652901,0.0157159436494112,0.0227026585489511,0.0060694054700434,0.0549725927412509,-0.0045033455826342,0.0120816268026828,-0.0020485275890678,0.1179456263780594,-0.0168491378426551,0.0354533717036247,0.0023488844744861,-0.025351608172059,0.0317652821540832,-0.0385642945766449,0.0035330231767147,0.0128508983179926,-0.0119028147310018,0.0028827907517552,0.0092467255890369,0.0126212863251566,-0.0101706236600875,0.0787255689501762,-0.0541780292987823,-0.0032311528921127,0.0261268075555563,-0.0158095397055149,0.0202992353588342,-0.0301375202834606,0.0121773276478052,-0.0098594995215535,0.0066932216286659,0.008003550581634,-0.0058912383392453,-0.0576827973127365,0.0512190610170364,-0.0191838163882494,0.0020939207170158,-0.0120462579652667,-0.027003139257431,0.0121108498424291,-0.0202362015843391,-0.0034021723549813,0.0147529924288392,0.0168025139719247,0.0214338637888431,-0.0622537843883037,-0.0060186893679201,0.0121960556134581,-0.0212748423218727,-0.0635477900505065,-0.0115374736487865,0.0540165156126022,-0.0086272880434989,-0.0028471094556152,0.0134800942614674,0.0421813130378723,-0.0213822796940803,0.0057262610644102,0.0344086028635501,-0.0158742759376764,0.0103118326514959,0.0137592460960149,-0.0171207040548324,0.0219554156064987,-0.0114730987697839,0.0148543668910861,-0.0642051249742508,-0.0159567315131425,-0.0365812399702141,-0.0198667384175253,-0.0455384880656797,-0.0154908233606506,-0.0473162283020111,-0.0470765568744968,-0.0217435425523611,-0.0215141310875222,-0.1989059569128967,0.1199691950063508,-0.192888881139062,0.2145538789412771,2019-02-22,2019-02-25,2019-02-26,2019-02-27,2019-02-28,2019-03-01,2019-03-04,2019-03-05,2019-03-06,2019-03-07,90664.0,2019-02-21,252.0,0.4878%,0.0033,0.8989,0.6785,-1.5009,2.8550%,3.3116%,25.6761%,0.00514,DXCM,90664.0,2019-02-22,252.0,-6.4205%,0.003,0.913,0.6642,-1.3453,2.9210%,3.3392%,23.4785%,-0.095942,DXCM,90664.0,2019-02-25,252.0,2.9519%,0.0032,0.9108,0.6501,-1.3607,2.9229%,3.3421%,23.5136%,0.027355,DXCM,90664.0,2019-02-26,252.0,-0.9297%,0.0032,0.9238,0.6535,-1.3493,2.9216%,3.3430%,23.6213%,-0.00827,DXCM,90664.0,2019-02-27,252.0,0.3582%,0.0032,0.9239,0.6523,-1.3493,2.9217%,3.3428%,23.6049%,-0.00021,DXCM,90664.0,2019-02-28,252.0,-0.5425%,0.0032,0.9193,0.6489,-1.3504,2.9213%,3.3393%,23.4651%,-0.006165,DXCM,90664.0,2019-03-01,252.0,2.9857%,0.0032,0.9299,0.6647,-1.3398,2.9212%,3.3431%,23.6459%,0.015865,DXCM,90664.0,2019-03-04,252.0,-1.3869%,0.0034,0.9132,0.7243,-1.3364,2.9119%,3.3346%,23.7451%,-0.0012389999999999,DXCM,90664.0,2019-03-05,252.0,3.8657%,0.0035,0.9093,0.7174,-1.3524,2.9201%,3.3408%,23.6025%,0.039158,DXCM,90664.0,2019-03-06,252.0,-2.4223%,0.0035,0.9095,0.7428,-1.3487,2.9204%,3.3450%,23.7767%,-0.007094,DXCM,90664.0,2019-03-07,252.0,-0.2371%,0.0032,0.8949,0.6663,-1.3897,2.8922%,3.3161%,23.9315%,0.001066,DXCM,-0.090802,-0.063447,-0.071717,-0.078092,-0.030336
5147,EMERGENT BIOSOLUTIONS INC,"Emergent BioSolutions Q4 EPS $0.75 Beats $0.62 Estimate, Sales $270.7M Beat $270.4M Estimate",6,increase,0.8,0.6,"the company reported better-than-expected earnings and sales, which typically leads to positive investor sentiment and an increase in stock price.",2,2019-02-21,EBS,2019-02-21 21:57:00+00:00,91571.0,29089Q10,-0.0219493526965379,300693.0,-0.0061205173842608,-0.0076161460019648,-0.0366335622966289,-0.0077086170203983,-0.0496639721095562,0.0176896099001169,0.0125905405730009,-0.0098995044827461,-0.0061318450607359,0.0070553179830312,0.0198800321668386,0.0119509026408195,-0.0310871880501508,0.0285760052502155,0.002254614373669,0.0144129451364278,-0.0107285473495721,-0.0369619876146316,-0.0017491425387561,0.0073841507546603,-0.0024531171657145,0.0036266692914068,0.045318778604269,0.0121289230883121,-0.0425138436257839,0.004327624104917,-0.0858195722103118,0.0305582825094461,-0.0291802734136581,0.0088319052010774,-0.0114692114293575,0.0073862452991306,-0.0090018156915903,-0.007497513666749,-0.0084780370816588,0.0065403217449784,-0.0181188806891441,-0.0114389695227146,0.0159651767462492,-0.0083840554580092,-0.0136734321713447,-0.0242219809442758,0.0136561105027794,-0.0041533280164003,0.0169421918690204,-0.038550179451704,-0.009233221411705,0.0057152109220623,0.0103322183713316,0.0289256162941455,0.0130339190363884,-0.0182555504143238,-0.0057403189130127,-0.0023350175470113,0.0151304425671696,0.0053207562305033,0.0074523873627185,0.0191387683153152,0.0184932984411716,0.018684022128582,0.0181575063616037,0.0469467304646968,-0.0090106911957263,0.0217240173369646,-0.0081454878672957,-0.0027729608118534,0.0208174213767051,-0.0266531389206647,0.0024321996606886,0.0100528225302696,-0.0087719522416591,0.0018777191871777,-0.0041423691436648,-0.0032329186797142,0.0007563039544038,0.0564443543553352,-0.0253164581954479,-0.0039390763267874,0.0265555139631032,-0.0483898483216762,-0.013783979229629,0.0017067498993128,0.0111047644168138,-0.0372987240552902,0.0145805804058909,-0.0001642569695832,0.0052258074283599,-0.001476380508393,-0.0072409836575388,-0.0191472638398408,0.0007480288040824,-0.0376277528703212,-0.0341991782188415,-0.0260895155370235,0.0125774284824729,-0.0102985436096787,0.0204471554607152,0.0214972365647554,-0.0988764539361,-0.0528520382940769,0.0268079992383718,0.0087399631738662,-0.0388584919273853,-0.0626706257462501,0.0040008132345974,0.0054915095679461,0.0037751742638647,0.0166084412485361,-0.0244463421404361,-0.0095382202416658,-0.040051382035017,0.0377276912331581,-0.0138330869376659,-0.0114860692992806,0.0235294327139854,-0.0088546015322208,0.0,0.0055115795694291,-0.0221043322235345,0.01462581474334,-0.0061205173842608,-0.0076161460019648,-0.0425298633260059,-0.0152660530696625,-0.0900816334895161,0.0021535063069375,-0.0842749964688995,-0.0007667997281646,-0.1043628622359393,0.0235663795280152,-0.1789077416272914,0.0584890735175638,-0.3057124795110904,-0.0658158341206558,2019-02-22,2019-02-25,2019-02-26,2019-02-27,2019-02-28,2019-03-01,2019-03-04,2019-03-05,2019-03-06,2019-03-07,91571.0,2019-02-21,252.0,-2.1949%,0.0009,1.0308,0.8309,-0.1959,1.6145%,2.0466%,37.7681%,-0.018079,EBS,91571.0,2019-02-22,252.0,-0.6121%,0.0007,1.0348,0.8006,-0.175,1.6154%,2.0431%,37.4836%,-0.020369,EBS,91571.0,2019-02-25,252.0,-3.6634%,0.0006,1.0341,0.8182,-0.1684,1.6317%,2.0566%,37.0498%,-0.0365189999999999,EBS,91571.0,2019-02-26,252.0,-4.9664%,0.0006,1.0664,0.8482,-0.129,1.6370%,2.0750%,37.7617%,-0.043429,EBS,91571.0,2019-02-27,252.0,1.2591%,0.0005,1.0567,0.8681,-0.1306,1.6319%,2.0678%,37.7161%,0.009764,EBS,91571.0,2019-02-28,252.0,-0.6132%,0.0004,1.0688,0.8763,-0.1208,1.6267%,2.0680%,38.1249%,-0.003456,EBS,91571.0,2019-03-01,252.0,1.9880%,0.0004,1.0763,0.8874,-0.1132,1.6265%,2.0711%,38.3219%,0.00907,EBS,91571.0,2019-03-04,252.0,-3.1087%,0.0004,1.0763,0.9072,-0.1178,1.6320%,2.0800%,38.4338%,-0.021589,EBS,91571.0,2019-03-05,252.0,0.2255%,0.0004,1.0777,0.922,-0.119,1.6311%,2.0794%,38.4724%,0.0065239999999999,EBS,91571.0,2019-03-06,252.0,-1.0729%,0.0004,1.0667,0.9087,-0.1333,1.6300%,2.0766%,38.3901%,0.009899,EBS,91571.0,2019-03-07,252.0,-0.1749%,0.0005,1.0676,0.9264,-0.1271,1.6272%,2.0762%,38.5746%,0.007104,EBS,-0.038448,-0.074967,-0.118396,-0.112088,-0.10108
5155,EAGLE POINT CREDIT CO INC,"Eagle Point Credit Company Inc. Common Stock Q4 GAAP EPS $(3.62), Net Investment Income $0.38 vs $0.41 Estimate, Net Asset Value $12.40/Share",6,decrease,0.75,0.6,the significant gaap eps loss of $(3.62) and a slight miss in net investment income compared to estimates are likely to negatively impact investor sentiment and lead to a decrease in stock price.,0,2019-02-21,ECC,2019-02-21 13:03:00+00:00,14959.0,26980810,0.0137889413163065,176637.0,0.0348906069993972,0.0127505157142877,-0.0137142725288868,0.0191831346601247,0.0028968271799385,0.004350509494543,-0.0057770297862589,0.0075140814296901,0.0029053543694317,0.002510983031243,-0.0069525400176644,0.006953262258321,0.0017503318376839,0.0120025128126144,0.0011648490326479,0.0076384395360946,-0.0180338192731142,-0.0050664930604398,-0.0082938028499484,0.0115310894325375,0.0053763533942401,-0.0076287277042865,-0.002376694465056,0.0019108110573142,-0.0066305371001362,0.0064102197065949,0.0091019188985228,0.0097087752074003,0.0098436623811721,-0.0012928544310852,0.0104979872703552,-0.000645948050078,-0.0117854364216327,0.0084690004587173,-0.0017889497103169,0.0145406648516655,-0.0005973852239549,0.008666674606502,-0.0047818245366215,0.0080645084381103,-0.0096096005290746,-0.0158730000257492,-0.0097028408199548,0.0195549540221691,0.0006123838829807,-0.0006738698575645,0.0006120090838521,0.0241546165198087,0.0067277494817972,-0.008891936391592,0.0109356204047799,-0.0134952636435627,0.0150240389630198,-0.0189419146627187,0.01361761149019,-0.005844104103744,0.0040887668728828,-0.0012970465468242,0.0139615917578339,-0.0045190248638391,0.0040160468779504,0.0251489169895649,0.0188571382313966,0.0244067572057247,0.0,0.0235947370529174,0.0028042197227478,0.0140745816752314,0.0016778482822701,0.0070871994830667,0.0056465491652488,0.004985733423382,-0.0303199905902147,0.0,-0.0005790520226582,0.0293254852294921,-0.0237543359398841,0.0103703960776329,0.0089020542800426,0.0376633182168006,0.0035293803084641,-0.0503649339079856,-0.0029307876247912,-0.0256045944988727,0.0,0.0007117600762285,0.0035273053217679,-0.0461642481386661,0.0052724168635904,0.0027229383122175,-0.0005827639251947,-0.063137799501419,-0.0023323036730289,-0.0142768649384379,-0.00058446690673,-0.0061689377762377,0.0116958394646644,-0.0115853985771536,0.0161850117146968,-0.0060606291517615,0.0045506213791668,-0.0054249637760221,-0.0175537634640932,0.0006031501106917,-0.0040345643647015,0.0024183196946978,0.0081018162891268,-0.0024124854244291,0.0034443519543856,0.0,-0.0138888750225305,0.0021154335699975,0.028168985620141,-0.0045126811601221,-0.0211187694221735,0.0048367544077336,0.0192419793456792,-0.0012076420243829,-0.004576654639095,-0.0018083596369251,0.0348906069993972,0.0127505157142877,0.0206978351774225,0.0321782452343457,0.023654620408869,0.0366687464902986,0.0206978352546989,0.0470809770855076,-0.010053226292834,0.0820546428207174,0.0431772366952847,0.1051529960324091,0.0653312365239255,0.0450374836205322,2019-02-22,2019-02-25,2019-02-26,2019-02-27,2019-02-28,2019-03-01,2019-03-04,2019-03-05,2019-03-06,2019-03-07,14959.0,2019-02-21,252.0,1.3789%,0.0002,0.2987,0.2144,0.0557,1.0551%,1.1044%,8.7185%,0.015153,ECC,14959.0,2019-02-22,252.0,3.4891%,0.0003,0.2935,0.2368,0.0132,1.0718%,1.1236%,9.0032%,0.032489,ECC,14959.0,2019-02-25,252.0,-1.3714%,0.0002,0.2948,0.2449,0.0222,1.0733%,1.1251%,9.0045%,-0.0136149999999999,ECC,14959.0,2019-02-26,252.0,0.2897%,0.0002,0.2902,0.2428,0.0178,1.0730%,1.1236%,8.8091%,0.004909,ECC,14959.0,2019-02-27,252.0,-0.5777%,0.0002,0.2959,0.2308,0.0187,1.0706%,1.1221%,8.9616%,-0.006578,ECC,14959.0,2019-02-28,252.0,0.2905%,0.0003,0.2955,0.2306,0.0176,1.0709%,1.1220%,8.9042%,0.003723,ECC,14959.0,2019-03-01,252.0,-0.6953%,0.0003,0.2871,0.2181,0.0092,1.0707%,1.1191%,8.4637%,-0.009768,ECC,14959.0,2019-03-04,252.0,0.1750%,0.0003,0.2873,0.2139,0.0099,1.0709%,1.1192%,8.4318%,0.0039889999999999,ECC,14959.0,2019-03-05,252.0,0.1165%,0.0003,0.2878,0.2191,0.0095,1.0708%,1.1192%,8.4631%,0.00225,ECC,14959.0,2019-03-06,252.0,-1.8034%,0.0003,0.2958,0.2441,0.022,1.0735%,1.1251%,8.9607%,-0.0129489999999999,ECC,14959.0,2019-03-07,252.0,-0.8294%,0.0002,0.2992,0.2489,0.0278,1.0740%,1.1264%,9.0836%,-0.005715,ECC,0.047642,0.034027,0.038936,0.0360809999999999,0.0138879999999999
5163,CONSOLIDATED EDISON INC,"Consolidated Edison Q4 EPS $0.77 Beats $0.75 Estimate, Sales $2.949B Beat $2.88B Estimate",6,increase,0.8,0.6,"the company reported better-than-expected earnings and sales, which typically boosts investor confidence and can lead to an increase in stock price.",2,2019-02-21,ED,2019-02-21 22:34:00+00:00,11404.0,20911510,0.0125300325453281,1552797.0,0.0262499805539846,0.0017750650877133,-0.0058464766480028,0.0045854109339416,-0.003185519715771,0.0060225683264434,0.0036873531062155,0.0026981765404343,0.0096741765737533,-0.0094183254987001,0.0025470796972513,0.004305412992835,0.006532703526318,0.0005067897727712,-0.003245152067393,0.0104980114847421,0.0048233633860945,0.0110017918050289,0.0001199388789245,-0.0042530507780611,0.0057595795951783,0.0002577883715275,0.005368610844016,0.0116066690534353,0.0078320121392607,-0.0124919665977358,0.0029436005279421,0.0191626064479351,-0.0023479331284761,0.0039531304500997,-0.0016475289594382,0.0039688195101916,-0.0016501578502357,-0.0047399685718119,-0.0105076674371957,-0.0220191422849893,0.0003579379699658,0.008833467029035,0.0065601509995758,0.0031275150831788,0.0061619183979928,0.0030060871504247,0.0022376021370291,-0.006750572938472,0.0068155326880514,0.0085101015865802,-0.0060690552927553,0.0077846199274063,-0.0104509983211755,0.0179987102746963,0.0064079854637384,-0.0194916818290948,-0.005777595564723,-0.0080993166193366,0.0052182450890541,0.0166002642363309,-0.0037753621581941,-0.0079051181674003,-0.0053292820230126,0.0060975486412644,0.0097630638629198,-0.0145003339275717,-0.0120268445461988,0.0161954220384359,0.0044158343225717,0.0025286457967013,-0.003445828333497,-0.0172639247030019,0.0071539101190865,-0.0002615621197037,0.0009471034863963,-0.004555492196232,0.0007096103508956,0.0097253983840346,-0.0117007195949554,0.0102230040356516,0.0033484664745628,-0.058029007166624,-0.0034565066453069,-0.0095380181446671,0.0029900728259235,0.0078652296215295,0.003935151733458,-0.0013714076485484,0.0015440937131643,-0.0052089565433561,0.0023718802258372,-0.0381725467741489,0.0053242379799485,-0.0011914508650079,-0.0057667158544063,0.0177033953368663,0.0198863670229911,-0.0093693546950817,-0.0107938749715685,0.0041007879190146,-0.0008213034598156,0.0054572471417486,0.010216006077826,0.0101678529754281,-0.0070905569009482,-0.0043907868675887,-0.0024584298953413,0.0093560814857482,-0.0150216966867446,0.0109521457925438,0.0008340247441083,0.0140080852434039,0.0154762268066406,0.0050735864788293,0.0086752381175756,-0.0026566314045339,-0.0046489932574331,0.0113868899643421,0.0071849306114017,0.0106026297435164,0.0100573105737566,0.0029826965183019,0.0065995100885629,-0.0128024583682417,0.0262499805539846,0.0017750650877133,0.0202500340076623,0.0063686154245166,0.0170000074093148,0.0124295391724991,0.0306249617239322,0.0056001336913613,0.0417499542559225,0.0278921257511988,0.0498749715677993,0.057186421747172,0.0962222911941528,0.0210491058302599,2019-02-22,2019-02-25,2019-02-26,2019-02-27,2019-02-28,2019-03-01,2019-03-04,2019-03-05,2019-03-06,2019-03-07,11404.0,2019-02-21,252.0,1.2530%,0.0003,0.0923,-0.6197,-0.1387,1.0658%,1.1159%,8.7728%,0.012111,ED,11404.0,2019-02-22,252.0,2.6250%,0.0005,0.0882,-0.605,-0.1754,1.0778%,1.1251%,8.2266%,0.026919,ED,11404.0,2019-02-25,252.0,-0.5846%,0.0004,0.0886,-0.6004,-0.1714,1.0789%,1.1255%,8.1179%,-0.007967,ED,11404.0,2019-02-26,252.0,-0.3186%,0.0003,0.0782,-0.5793,-0.1685,1.0726%,1.1157%,7.5794%,-0.007552,ED,11404.0,2019-02-27,252.0,0.3687%,0.0004,0.084,-0.5885,-0.1675,1.0697%,1.1144%,7.8594%,0.004416,ED,11404.0,2019-02-28,252.0,0.9674%,0.0005,0.0728,-0.5959,-0.1778,1.0656%,1.1105%,7.9291%,0.009534,ED,11404.0,2019-03-01,252.0,0.2547%,0.0005,0.0654,-0.6069,-0.1904,1.0625%,1.1085%,8.1302%,0.00295,ED,11404.0,2019-03-04,252.0,0.6533%,0.0005,0.0659,-0.6127,-0.1896,1.0628%,1.1088%,8.1201%,0.005098,ED,11404.0,2019-03-05,252.0,-0.3245%,0.0005,0.0665,-0.6123,-0.1869,1.0634%,1.1088%,8.0141%,-0.0055769999999999,ED,11404.0,2019-03-06,252.0,0.4823%,0.0004,0.0568,-0.5971,-0.1958,1.0558%,1.0997%,7.8243%,-0.002348,ED,11404.0,2019-03-07,252.0,0.0120%,0.0004,0.0595,-0.5861,-0.1892,1.0543%,1.0966%,7.5654%,-0.000568,ED,0.0390299999999999,0.0310629999999999,0.0235109999999999,0.0374609999999999,0.0370159999999999
5171,ELDORADO GOLD CORP NEW,Eldorado Gold FY18 Adj. EPS $(0.17) vs $0.10 In FY17,6,decrease,0.8,0.7,"the negative adjusted eps for fy18 compared to a positive eps in fy17 indicates a decline in profitability, which is likely to lead to a decrease in stock price.",0,2019-02-21,EGO,2019-02-21 22:47:00+00:00,89648.0,28490250,-0.0114941876381635,1721383.0,0.0209301561117172,-0.0202703047543764,-0.0205010659992694,0.062201015651226,0.0,0.0423939116299152,-0.0093023162335157,0.0025000572204589,0.0211266838014125,0.0075566680170595,-0.0344827808439731,-0.0124377990141511,0.0071429074741899,-0.0049504903145134,0.0070922481827437,0.0575916320085525,-0.0187794361263513,-0.0255102403461933,0.031100507825613,-0.0599520355463028,0.0348028056323528,0.0556962080299854,-0.0067265043035149,-0.0075376811437308,0.0677201375365257,0.0613333396613597,0.0084566511213779,0.2755101919174194,-0.0503144189715385,0.0425532348453998,-0.0066225626505911,0.0107526779174804,-0.0244444739073514,0.0371746867895126,0.0296127833425998,0.0074906293302774,0.042035412043333,0.0113636255264282,-0.0339702442288398,-0.0185873433947563,0.0153845474123954,0.0112781841307878,0.0649351105093956,-0.0600706152617931,0.0223577506840229,-0.0104895010590553,-0.0178926736116409,-0.0272109396755695,-0.0485830456018447,0.0,-0.014893552288413,-0.03921565040946,-0.0453563779592514,0.0065789413638412,0.0067872698418796,-0.064615398645401,0.0314607508480548,-0.0151515007019043,0.0152504779398441,-0.0030211452394723,-0.0171673670411109,0.0122324042022228,0.0131004247814416,-0.0549133121967315,0.0193965844810009,0.0914826393127441,-0.010570865124464,0.1006944254040718,-0.0256410017609596,-0.0068965428508818,-0.0109648499637842,-0.0169491376727819,-0.006651930976659,-0.0145315071567893,-0.0468750074505806,0.0068953330628573,0.0117096463218331,-0.001175872515887,-0.0092592500150203,-0.0266513470560312,-0.0303738564252853,0.009574132040143,-0.0024096935521811,-0.0712862610816955,0.0048309136182069,0.0160435829311609,-0.0096153756603598,0.1116883754730225,0.0461165197193622,-0.0128205008804798,-0.0324825681746006,-0.0564516559243202,-0.0023981363046914,0.0125755779445171,-0.0120191620662808,0.0037704333662986,0.0,0.0,-0.1678832173347473,0.0701754763722419,0.0584794767200946,0.0,-0.0303867124021053,-0.0088680433109402,-0.0056980000808835,0.013392087072134,0.0057306536473333,0.0044247745536267,-0.0028490000404417,-0.0462525598704814,0.0457143113017082,0.0213793646544218,-0.0081967134028673,-0.0139408195391297,0.0468319095671176,-0.030652679502964,-0.0500000156462192,-0.0368253588676452,-0.0221606437116861,0.0260585863143205,0.0209301561117172,-0.0202703047543764,-3.993736452656549e-10,0.0406698773535676,-3.993736452656549e-10,0.0847879441700094,0.0116278400701932,0.0957178523904653,0.0023255246156448,0.043165428136489,0.0837208490122431,0.3141994008585471,-0.1790698031043106,0.4169379513130313,2019-02-22,2019-02-25,2019-02-26,2019-02-27,2019-02-28,2019-03-01,2019-03-04,2019-03-05,2019-03-06,2019-03-07,89648.0,2019-02-21,252.0,-1.1494%,-0.0002,0.5588,1.1903,0.6513,3.9760%,4.0501%,3.6247%,-0.0071509999999999,EGO,89648.0,2019-02-22,252.0,2.0930%,-0.0002,0.5559,1.1938,0.6195,3.9780%,4.0518%,3.6092%,0.020226,EGO,89648.0,2019-02-25,252.0,-2.0501%,-0.0002,0.5551,1.2014,0.6207,3.9792%,4.0535%,3.6296%,-0.017216,EGO,89648.0,2019-02-26,252.0,0.0000%,-0.0001,0.5602,1.1816,0.6145,3.9790%,4.0531%,3.6194%,0.010526,EGO,89648.0,2019-02-27,252.0,-0.9302%,-0.0003,0.5475,1.2009,0.6124,3.9757%,4.0496%,3.6183%,-0.011414,EGO,89648.0,2019-02-28,252.0,2.1127%,-0.0,0.5231,1.185,0.589,3.9720%,4.0419%,3.4279%,0.0240149999999999,EGO,89648.0,2019-03-01,252.0,-3.4483%,-0.0002,0.5225,1.184,0.6062,3.9790%,4.0478%,3.3709%,-0.03942,EGO,89648.0,2019-03-04,252.0,0.7143%,-0.0003,0.5318,1.1419,0.6063,3.9770%,4.0440%,3.2870%,0.012142,EGO,89648.0,2019-03-05,252.0,0.7092%,-0.0002,0.5307,1.1419,0.6007,3.9778%,4.0438%,3.2422%,0.012901,EGO,89648.0,2019-03-06,252.0,-1.8779%,-0.0003,0.5125,1.1576,0.5823,3.9719%,4.0389%,3.2893%,-0.000264,EGO,89648.0,2019-03-07,252.0,3.1101%,-0.0002,0.4974,1.1588,0.5625,3.9787%,4.0438%,3.1942%,0.037945,EGO,0.013075,-0.0041409999999999,0.006385,0.018986,0.04229
5179,EHEALTH INC,"eHealth Sees FY19 Adj. EPS $1.22-$1.33 vs $1.71 Est., Sales $290M-$310M vs $300.55M Est.",6,decrease,0.8,0.7,"the adjusted eps and sales guidance provided by ehealth inc. is below analyst estimates, which is likely to lead to a negative reaction in the stock price.",0,2019-02-21,EHTH,2019-02-21 21:18:00+00:00,91498.0,28238P10,-0.0048617394641041,669895.0,-0.0311450529843568,0.0353940539062023,-0.1136148646473885,0.0387254729866981,0.0016000027535483,0.0009813767392188,-0.0209442730993032,0.0069169658236205,-0.031725887209177,0.0018148920498788,0.1026025041937828,0.0281594544649124,-0.0234335381537675,-0.0033812469337135,0.0184316020458936,-0.0083822291344404,-0.009561232291162,0.0179181415587663,-0.0380968637764453,-0.0275472924113273,0.01146952342242,-0.0502758473157882,0.0283487308770418,0.0323788113892078,0.0196416154503822,0.0049051544629037,-0.031260535120964,0.03555703535676,-0.0139543525874614,0.0516382046043872,0.0493543408811092,0.0129870353266596,-0.0112946424633264,0.0025316346436738,-0.0335891060531139,0.0126350233331322,0.0038814612198621,0.0641075819730758,0.107029877603054,0.1289045512676239,-0.006032720208168,-0.0170811004936695,-0.000798582274001,0.0328271836042404,-0.0151854334399104,-0.0026726669166237,-0.0206135436892509,0.0251142084598541,0.0230361185967922,0.0354609936475753,0.0098817534744739,0.0382915437221527,-0.0060956217348575,-0.0026927001308649,-0.0020980834960937,0.002699970267713,-0.0061459010466933,-0.0130813252180814,0.0465418510138988,0.0584615059196949,0.058777779340744,0.0339342206716537,-0.0160081721842289,0.0422769449651241,-0.0213432889431715,-0.0521215721964836,0.0282140988856554,-0.0062466911040246,0.0394542217254638,0.046866413205862,-0.0556507036089897,-0.0048807021230459,0.0022665688302367,-0.0181043744087219,-0.0135685438290238,0.0279146265238523,-0.1684242784976959,0.0057803215458989,0.0064326128922402,-0.0125033725053072,0.0487582571804523,0.0657589957118034,0.0473620258271694,0.0034883408807218,0.0300913974642753,-0.0075013940222561,0.0032279014121741,-0.0189641080796718,0.0336229093372821,-0.0022591927554458,0.0110505698248744,-0.0351498872041702,-0.064963012933731,-0.0147650800645351,-0.0808363482356071,0.0051267840899527,0.0485401935875415,-0.0138371586799621,0.0572258010506629,-0.0246560331434011,0.0533204562962055,0.0139473360031843,-0.0067495387047529,-0.0528414510190486,-0.0356756970286369,0.0415368229150772,-0.0056053567677736,0.0338164828717708,-0.0083749471232295,0.0051254015415906,-0.0484001860022544,0.0906148254871368,0.0430107600986957,-0.0162083227187395,0.0639829188585281,-0.0173492785543203,-0.0081513198092579,-0.0053747845813632,-0.0648161992430687,0.046477198600769,-0.0311450529843568,0.0353940539062023,-0.1412213766524919,0.0754901783713348,-0.1398473284904474,0.0765456394156467,-0.1845801570865402,0.0859593973988692,-0.1480916121368498,0.0922668717109285,-0.0181679706495757,0.6876923174733933,-0.0792366154186443,0.9484903257612908,2019-02-22,2019-02-25,2019-02-26,2019-02-27,2019-02-28,2019-03-01,2019-03-04,2019-03-05,2019-03-06,2019-03-07,91498.0,2019-02-21,252.0,-0.4862%,0.0058,0.8564,0.2436,0.1534,3.1870%,3.3073%,7.1418%,-0.00134,EHTH,91498.0,2019-02-22,252.0,-3.1145%,0.0057,0.862,0.2445,0.2219,3.1972%,3.3151%,6.9840%,-0.035897,EHTH,91498.0,2019-02-25,252.0,-11.3615%,0.0053,0.8622,0.3036,0.2535,3.2848%,3.3995%,6.6341%,-0.1139729999999999,EHTH,91498.0,2019-02-26,252.0,0.1600%,0.0054,0.875,0.2907,0.2565,3.2820%,3.3990%,6.7680%,0.005659,EHTH,91498.0,2019-02-27,252.0,-2.0944%,0.0053,0.8791,0.2754,0.2571,3.2859%,3.4031%,6.7696%,-0.022076,EHTH,91498.0,2019-02-28,252.0,-3.1726%,0.0051,0.8975,0.2869,0.2784,3.2899%,3.4105%,6.9458%,-0.028513,EHTH,91498.0,2019-03-01,252.0,10.2603%,0.0055,0.9046,0.2976,0.2472,3.3372%,3.4592%,6.9298%,0.096332,EHTH,91498.0,2019-03-04,252.0,-2.3434%,0.0054,0.908,0.308,0.2414,3.3406%,3.4638%,6.9858%,-0.018593,EHTH,91498.0,2019-03-05,252.0,1.8432%,0.0062,0.9452,0.6074,0.262,3.1489%,3.3005%,8.9766%,0.021419,EHTH,91498.0,2019-03-06,252.0,-0.9561%,0.006,0.9193,0.6304,0.2359,3.1337%,3.2824%,8.8550%,0.0058379999999999,EHTH,91498.0,2019-03-07,252.0,-3.8097%,0.0056,0.9201,0.5639,0.218,3.1157%,3.2631%,8.8297%,-0.0294289999999999,EHTH,-0.037237,-0.1512099999999999,-0.1455509999999999,-0.1961399999999999,-0.1205729999999999
5187,EHEALTH INC,"eHealth Q4 Adj. EPS $1.61 Misses $1.86 Estimate, Sales $134.9M Beat $134.67M Estimate",6,decrease,0.7,0.5,"the miss on adjusted eps is likely to weigh more heavily on investor sentiment than the slight beat on sales, leading to a potential decrease in stock price.",0,2019-02-21,EHTH,2019-02-21 21:17:00+00:00,91498.0,28238P10,-0.0048617394641041,669895.0,-0.0311450529843568,0.0353940539062023,-0.1136148646473885,0.0387254729866981,0.0016000027535483,0.0009813767392188,-0.0209442730993032,0.0069169658236205,-0.031725887209177,0.0018148920498788,0.1026025041937828,0.0281594544649124,-0.0234335381537675,-0.0033812469337135,0.0184316020458936,-0.0083822291344404,-0.009561232291162,0.0179181415587663,-0.0380968637764453,-0.0275472924113273,0.01146952342242,-0.0502758473157882,0.0283487308770418,0.0323788113892078,0.0196416154503822,0.0049051544629037,-0.031260535120964,0.03555703535676,-0.0139543525874614,0.0516382046043872,0.0493543408811092,0.0129870353266596,-0.0112946424633264,0.0025316346436738,-0.0335891060531139,0.0126350233331322,0.0038814612198621,0.0641075819730758,0.107029877603054,0.1289045512676239,-0.006032720208168,-0.0170811004936695,-0.000798582274001,0.0328271836042404,-0.0151854334399104,-0.0026726669166237,-0.0206135436892509,0.0251142084598541,0.0230361185967922,0.0354609936475753,0.0098817534744739,0.0382915437221527,-0.0060956217348575,-0.0026927001308649,-0.0020980834960937,0.002699970267713,-0.0061459010466933,-0.0130813252180814,0.0465418510138988,0.0584615059196949,0.058777779340744,0.0339342206716537,-0.0160081721842289,0.0422769449651241,-0.0213432889431715,-0.0521215721964836,0.0282140988856554,-0.0062466911040246,0.0394542217254638,0.046866413205862,-0.0556507036089897,-0.0048807021230459,0.0022665688302367,-0.0181043744087219,-0.0135685438290238,0.0279146265238523,-0.1684242784976959,0.0057803215458989,0.0064326128922402,-0.0125033725053072,0.0487582571804523,0.0657589957118034,0.0473620258271694,0.0034883408807218,0.0300913974642753,-0.0075013940222561,0.0032279014121741,-0.0189641080796718,0.0336229093372821,-0.0022591927554458,0.0110505698248744,-0.0351498872041702,-0.064963012933731,-0.0147650800645351,-0.0808363482356071,0.0051267840899527,0.0485401935875415,-0.0138371586799621,0.0572258010506629,-0.0246560331434011,0.0533204562962055,0.0139473360031843,-0.0067495387047529,-0.0528414510190486,-0.0356756970286369,0.0415368229150772,-0.0056053567677736,0.0338164828717708,-0.0083749471232295,0.0051254015415906,-0.0484001860022544,0.0906148254871368,0.0430107600986957,-0.0162083227187395,0.0639829188585281,-0.0173492785543203,-0.0081513198092579,-0.0053747845813632,-0.0648161992430687,0.046477198600769,-0.0311450529843568,0.0353940539062023,-0.1412213766524919,0.0754901783713348,-0.1398473284904474,0.0765456394156467,-0.1845801570865402,0.0859593973988692,-0.1480916121368498,0.0922668717109285,-0.0181679706495757,0.6876923174733933,-0.0792366154186443,0.9484903257612908,2019-02-22,2019-02-25,2019-02-26,2019-02-27,2019-02-28,2019-03-01,2019-03-04,2019-03-05,2019-03-06,2019-03-07,91498.0,2019-02-21,252.0,-0.4862%,0.0058,0.8564,0.2436,0.1534,3.1870%,3.3073%,7.1418%,-0.00134,EHTH,91498.0,2019-02-22,252.0,-3.1145%,0.0057,0.862,0.2445,0.2219,3.1972%,3.3151%,6.9840%,-0.035897,EHTH,91498.0,2019-02-25,252.0,-11.3615%,0.0053,0.8622,0.3036,0.2535,3.2848%,3.3995%,6.6341%,-0.1139729999999999,EHTH,91498.0,2019-02-26,252.0,0.1600%,0.0054,0.875,0.2907,0.2565,3.2820%,3.3990%,6.7680%,0.005659,EHTH,91498.0,2019-02-27,252.0,-2.0944%,0.0053,0.8791,0.2754,0.2571,3.2859%,3.4031%,6.7696%,-0.022076,EHTH,91498.0,2019-02-28,252.0,-3.1726%,0.0051,0.8975,0.2869,0.2784,3.2899%,3.4105%,6.9458%,-0.028513,EHTH,91498.0,2019-03-01,252.0,10.2603%,0.0055,0.9046,0.2976,0.2472,3.3372%,3.4592%,6.9298%,0.096332,EHTH,91498.0,2019-03-04,252.0,-2.3434%,0.0054,0.908,0.308,0.2414,3.3406%,3.4638%,6.9858%,-0.018593,EHTH,91498.0,2019-03-05,252.0,1.8432%,0.0062,0.9452,0.6074,0.262,3.1489%,3.3005%,8.9766%,0.021419,EHTH,91498.0,2019-03-06,252.0,-0.9561%,0.006,0.9193,0.6304,0.2359,3.1337%,3.2824%,8.8550%,0.0058379999999999,EHTH,91498.0,2019-03-07,252.0,-3.8097%,0.0056,0.9201,0.5639,0.218,3.1157%,3.2631%,8.8297%,-0.0294289999999999,EHTH,-0.037237,-0.1512099999999999,-0.1455509999999999,-0.1961399999999999,-0.1205729999999999
5195,EMCOR GROUP INC,"EMCOR Sees FY19 EPS $4.70-$5.40 vs $5.21 Estimate, Sales $8.3B-$8.4B vs $8.21B Est.",6,increase,0.75,0.6,"the guidance for fy19 eps and sales exceeds analyst estimates, which is likely to positively influence investor sentiment and drive the stock price up.",2,2019-02-21,EME,2019-02-21 12:35:00+00:00,82694.0,29084Q10,0.0249744951725006,470608.0,0.0198328606784343,0.0111584514379501,0.0015279984800145,0.00102880212944,-0.0153952930122613,0.0111457863822579,0.0080292960628867,0.0043283719569444,0.0079653393477201,0.0082769459113478,0.005268333479762,0.0169880725443363,-0.0140670835971832,0.0084888935089111,-0.0019583073444664,-0.0027705139946192,-0.0079887835308909,-0.0200603585690259,-0.0079118050634861,0.0031775869429111,0.0027058166451752,0.0139612769708037,0.0211617350578308,0.0063301478512585,-0.0048678508028388,-0.0070520723238587,0.0082459300756454,0.0021509760990738,0.000415841146605,0.0074291243217885,0.0180130675435066,0.0111110964789986,0.0031304713338613,-0.007918057963252,-0.0013568314025178,0.007508264388889,-0.0012227763654664,0.0086778039112687,0.0009522472391836,-0.0089132087305188,-0.0057080476544797,-0.0146379154175519,-0.0041006430983543,0.0134291164577007,-0.0042547015473246,0.0102410539984703,-0.0023432914167642,-0.0009443972958251,0.0120199332013726,-0.0028253069613128,-0.0023207941558212,-0.0049976524896919,0.0250410754233598,0.0078702978789806,-0.0088106207549571,0.0088930847123265,0.0028282704297453,0.0099439099431037,0.0067150150425732,0.0154722621664404,0.006536791101098,0.0187489800155162,-0.005036411806941,0.0375279784202575,-0.0151858180761337,-0.0213948860764503,0.0055457330308854,-0.005528531037271,0.02340604737401,0.0111807528883218,0.0069663347676396,-0.0133712692186236,0.002088448498398,-0.0043268152512609,0.000390861154301,0.0444985479116439,0.0032551842741668,-0.0101514132693409,0.0336494259536266,-0.0369511134922504,0.0040221181698143,-0.017261054366827,-0.0010014297440648,-0.0172827932983636,0.0106516098603606,-0.0080952113494277,0.0006199060590006,-0.0080302050337195,-0.0106567610055208,-0.0200586225837469,0.0035070944577455,-0.0151952598243951,0.0501746945083141,0.0157431177794933,-0.026146862655878,-0.0056783719919621,0.0057359188795089,-0.019560569897294,0.0050964462570846,-0.034853346645832,0.0080888345837593,-0.0011604558676481,-0.0161676462739706,-0.0493656136095523,-0.0051125762984156,-0.004666537977755,0.0053835161961615,0.0064926263876259,0.0049897003918886,-0.022285271435976,-0.0273674260824918,0.0264800190925598,0.0171812400221824,-0.0074308644980192,0.0007344576297327,0.0159373600035905,0.0064823725260794,-0.0084557887166738,-0.0140965320169925,0.0069793411530554,0.0198328606784343,0.0111584514379501,0.0213911637394199,0.0121987334059907,0.0056665474935169,0.0234804842649258,0.0218161357432795,0.0364184480064493,-0.0052414661199897,0.0420639507621201,0.0619068284415926,0.1230624554468067,0.1505075131967004,-0.0374645860675872,2019-02-22,2019-02-25,2019-02-26,2019-02-27,2019-02-28,2019-03-01,2019-03-04,2019-03-05,2019-03-06,2019-03-07,82694.0,2019-02-21,252.0,2.4974%,-0.0004,1.027,0.9241,0.4251,1.0802%,1.5489%,51.3630%,0.030333,EME,82694.0,2019-02-22,252.0,1.9833%,-0.0002,1.024,0.9502,0.4132,1.0788%,1.5518%,51.6764%,0.014224,EME,82694.0,2019-02-25,252.0,0.1528%,-0.0003,1.0253,0.9499,0.418,1.0765%,1.5505%,51.7954%,0.003106,EME,82694.0,2019-02-26,252.0,-1.5395%,-0.0003,1.0313,0.9526,0.4238,1.0760%,1.5533%,52.0150%,-0.006396,EME,82694.0,2019-02-27,252.0,0.8029%,-0.0003,1.0284,0.9595,0.4234,1.0758%,1.5519%,51.9489%,0.0056999999999999,EME,82694.0,2019-02-28,252.0,0.7965%,-0.0003,1.0311,0.9618,0.4225,1.0768%,1.5525%,51.8882%,0.01192,EME,82694.0,2019-03-01,252.0,0.5268%,-0.0003,1.035,0.9675,0.4299,1.0760%,1.5517%,51.9158%,-0.003345,EME,82694.0,2019-03-04,252.0,-1.4067%,-0.0003,1.0354,0.9717,0.4285,1.0767%,1.5540%,51.9975%,-0.006582,EME,82694.0,2019-03-05,252.0,-0.1958%,-0.0003,1.0365,0.9832,0.4278,1.0758%,1.5531%,52.0232%,0.003753,EME,82694.0,2019-03-06,252.0,-0.7989%,-0.0002,1.0396,0.9489,0.4266,1.0741%,1.5532%,52.1735%,0.012845,EME,82694.0,2019-03-07,252.0,-0.7912%,-0.0001,1.0409,0.9608,0.4317,1.0722%,1.5539%,52.3914%,0.002595,EME,0.044557,0.047663,0.041267,0.0588869999999999,0.0681529999999999
5203,EMCOR GROUP INC,"EMCOR Group Q4 EPS $1.38 Beats $1.35 Estimate, Sales $2.229B Beat $2.06B Estimate",6,increase,0.8,0.6,"the company's q4 earnings per share and sales both exceeded analyst estimates, which typically signals strong performance and can lead to a positive reaction in the stock price.",2,2019-02-21,EME,2019-02-21 12:35:00+00:00,82694.0,29084Q10,0.0249744951725006,470608.0,0.0198328606784343,0.0111584514379501,0.0015279984800145,0.00102880212944,-0.0153952930122613,0.0111457863822579,0.0080292960628867,0.0043283719569444,0.0079653393477201,0.0082769459113478,0.005268333479762,0.0169880725443363,-0.0140670835971832,0.0084888935089111,-0.0019583073444664,-0.0027705139946192,-0.0079887835308909,-0.0200603585690259,-0.0079118050634861,0.0031775869429111,0.0027058166451752,0.0139612769708037,0.0211617350578308,0.0063301478512585,-0.0048678508028388,-0.0070520723238587,0.0082459300756454,0.0021509760990738,0.000415841146605,0.0074291243217885,0.0180130675435066,0.0111110964789986,0.0031304713338613,-0.007918057963252,-0.0013568314025178,0.007508264388889,-0.0012227763654664,0.0086778039112687,0.0009522472391836,-0.0089132087305188,-0.0057080476544797,-0.0146379154175519,-0.0041006430983543,0.0134291164577007,-0.0042547015473246,0.0102410539984703,-0.0023432914167642,-0.0009443972958251,0.0120199332013726,-0.0028253069613128,-0.0023207941558212,-0.0049976524896919,0.0250410754233598,0.0078702978789806,-0.0088106207549571,0.0088930847123265,0.0028282704297453,0.0099439099431037,0.0067150150425732,0.0154722621664404,0.006536791101098,0.0187489800155162,-0.005036411806941,0.0375279784202575,-0.0151858180761337,-0.0213948860764503,0.0055457330308854,-0.005528531037271,0.02340604737401,0.0111807528883218,0.0069663347676396,-0.0133712692186236,0.002088448498398,-0.0043268152512609,0.000390861154301,0.0444985479116439,0.0032551842741668,-0.0101514132693409,0.0336494259536266,-0.0369511134922504,0.0040221181698143,-0.017261054366827,-0.0010014297440648,-0.0172827932983636,0.0106516098603606,-0.0080952113494277,0.0006199060590006,-0.0080302050337195,-0.0106567610055208,-0.0200586225837469,0.0035070944577455,-0.0151952598243951,0.0501746945083141,0.0157431177794933,-0.026146862655878,-0.0056783719919621,0.0057359188795089,-0.019560569897294,0.0050964462570846,-0.034853346645832,0.0080888345837593,-0.0011604558676481,-0.0161676462739706,-0.0493656136095523,-0.0051125762984156,-0.004666537977755,0.0053835161961615,0.0064926263876259,0.0049897003918886,-0.022285271435976,-0.0273674260824918,0.0264800190925598,0.0171812400221824,-0.0074308644980192,0.0007344576297327,0.0159373600035905,0.0064823725260794,-0.0084557887166738,-0.0140965320169925,0.0069793411530554,0.0198328606784343,0.0111584514379501,0.0213911637394199,0.0121987334059907,0.0056665474935169,0.0234804842649258,0.0218161357432795,0.0364184480064493,-0.0052414661199897,0.0420639507621201,0.0619068284415926,0.1230624554468067,0.1505075131967004,-0.0374645860675872,2019-02-22,2019-02-25,2019-02-26,2019-02-27,2019-02-28,2019-03-01,2019-03-04,2019-03-05,2019-03-06,2019-03-07,82694.0,2019-02-21,252.0,2.4974%,-0.0004,1.027,0.9241,0.4251,1.0802%,1.5489%,51.3630%,0.030333,EME,82694.0,2019-02-22,252.0,1.9833%,-0.0002,1.024,0.9502,0.4132,1.0788%,1.5518%,51.6764%,0.014224,EME,82694.0,2019-02-25,252.0,0.1528%,-0.0003,1.0253,0.9499,0.418,1.0765%,1.5505%,51.7954%,0.003106,EME,82694.0,2019-02-26,252.0,-1.5395%,-0.0003,1.0313,0.9526,0.4238,1.0760%,1.5533%,52.0150%,-0.006396,EME,82694.0,2019-02-27,252.0,0.8029%,-0.0003,1.0284,0.9595,0.4234,1.0758%,1.5519%,51.9489%,0.0056999999999999,EME,82694.0,2019-02-28,252.0,0.7965%,-0.0003,1.0311,0.9618,0.4225,1.0768%,1.5525%,51.8882%,0.01192,EME,82694.0,2019-03-01,252.0,0.5268%,-0.0003,1.035,0.9675,0.4299,1.0760%,1.5517%,51.9158%,-0.003345,EME,82694.0,2019-03-04,252.0,-1.4067%,-0.0003,1.0354,0.9717,0.4285,1.0767%,1.5540%,51.9975%,-0.006582,EME,82694.0,2019-03-05,252.0,-0.1958%,-0.0003,1.0365,0.9832,0.4278,1.0758%,1.5531%,52.0232%,0.003753,EME,82694.0,2019-03-06,252.0,-0.7989%,-0.0002,1.0396,0.9489,0.4266,1.0741%,1.5532%,52.1735%,0.012845,EME,82694.0,2019-03-07,252.0,-0.7912%,-0.0001,1.0409,0.9608,0.4317,1.0722%,1.5539%,52.3914%,0.002595,EME,0.044557,0.047663,0.041267,0.0588869999999999,0.0681529999999999
5211,ENSIGN GROUP INC,"Ensign Group Announces COO Barry R. Port to Assume Role Of CEO, Current CEO Christopher Christensen Named Chairman",6,uncertain,0.6,0.2,"leadership changes can have mixed effects on stock prices, depending on investor perception of the new ceo's capabilities and the company's future direction.",1,2019-02-21,ENSG,2019-02-21 11:09:00+00:00,92432.0,29358P10,0.0003735610225703,352343.0,0.0080283852294087,0.0022464012727141,-0.0529727824032306,0.0235677249729633,-0.0244474858045578,0.0351051278412342,-0.0096230860799551,0.0001983400434255,0.0010121302912011,-0.006699510384351,0.0135490018874406,0.0485536865890026,0.0099760573357343,0.0302256699651479,-0.009679926559329,-0.0408329926431179,-0.0361061505973339,0.108395591378212,-0.0031043363269418,0.0038618394173681,0.0068507753312587,-0.0067689358256757,0.0173195898532867,0.0141876181587576,0.0093230456113815,0.0029837288893759,0.0156627036631107,0.0251764636486768,0.0124554615467786,0.0131108276546001,-0.0144502613693475,-0.0085086412727832,0.0095105906948447,-0.0054066651500761,-0.0035328813828527,0.0189221780747175,-0.0175300259143114,-0.0144003918394446,0.0158379524946212,0.0286546945571899,-0.0303926803171634,0.0117936003953218,0.009769988246262,-0.0441522076725959,-0.0014109996845945,0.0176864638924598,-0.0058538736775517,0.0038387679960578,0.0105076385661959,0.0375902950763702,0.0295655149966478,0.0019954605959355,-0.0052744769491255,-0.0088998917490243,-0.0031421808525919,-0.0373631529510021,-0.0029550376348197,0.0301544368267059,0.011657778173685,0.028492210432887,0.0246093422174453,0.0164018291980028,-0.0310712400823831,0.0341903232038021,0.0074758459813892,-0.0125621445477008,0.0089826025068759,-0.0149523541331291,-0.0119992056861519,0.0106826433911919,0.0139079159125685,0.0028053594287484,0.0003864076279569,-0.0128799593076109,-0.0631518065929412,0.0653128772974014,-0.0197897162288427,-0.0193757060915231,0.0147213619202375,-0.0483994744718074,0.0095336595550179,-0.0166204944252967,0.0318209677934646,-0.0298070162534713,0.0049741347320377,0.0068880384787917,0.0007919405470602,-0.0506772100925445,0.0197823941707611,-0.0619934648275375,-0.0042676511220633,-0.0309912767261266,0.0037015122361481,0.0131182931363582,-0.0124223483726382,0.0183968488126993,-0.0015723629621788,0.0008768285042606,0.012204703874886,-0.0052333553321659,0.0118631003424525,0.0081336321309208,-0.0215260218828916,-0.0043772589415311,0.0176782850176096,0.0070531121455132,0.0057903728447854,-0.0074382009916007,0.035693734884262,0.0043946555815637,0.0383546352386474,0.0167560335248708,-0.0073162000626325,-0.0079787373542785,0.0059320153668522,0.0137048000469803,0.0214439015835523,0.0115908710286021,-0.0178446546196937,0.0002272862329846,0.0080283852294087,0.0022464012727141,-0.0453696830776286,0.0258670688130517,-0.0687079941991888,0.0618802634118462,-0.0767363791011916,0.0549753879312291,-0.1006348593157198,0.2162653468280326,-0.0431494893178181,0.3499748151490287,0.0491716066324336,0.2186010809788758,2019-02-22,2019-02-25,2019-02-26,2019-02-27,2019-02-28,2019-03-01,2019-03-04,2019-03-05,2019-03-06,2019-03-07,92432.0,2019-02-21,252.0,0.0374%,0.0026,0.8383,1.3675,-0.0239,2.0048%,2.3253%,25.6659%,0.004203,ENSG,92432.0,2019-02-22,252.0,0.8028%,0.0025,0.8403,1.3438,-0.0216,2.0028%,2.3210%,25.5394%,-0.005393,ENSG,92432.0,2019-02-25,252.0,-5.2973%,0.0024,0.8371,1.3669,-0.0212,2.0226%,2.3407%,25.3361%,-0.050878,ENSG,92432.0,2019-02-26,252.0,-2.4447%,0.0024,0.8483,1.3796,-0.0064,2.0237%,2.3468%,25.6356%,-0.01453,ENSG,92432.0,2019-02-27,252.0,-0.9623%,0.0023,0.8394,1.3909,-0.0079,2.0224%,2.3441%,25.5673%,-0.013116,ENSG,92432.0,2019-02-28,252.0,0.1012%,0.0022,0.8515,1.3993,0.0007,2.0172%,2.3434%,25.9015%,0.003216,ENSG,92432.0,2019-03-01,252.0,1.3549%,0.0023,0.8345,1.374,-0.0262,2.0092%,2.3279%,25.5073%,0.003273,ENSG,92432.0,2019-03-04,252.0,0.9976%,0.0024,0.8247,1.3907,-0.02,2.0096%,2.3269%,25.4193%,0.0198239999999999,ENSG,92432.0,2019-03-05,252.0,-0.9680%,0.0024,0.8279,1.411,-0.0154,2.0091%,2.3269%,25.4479%,-0.004105,ENSG,92432.0,2019-03-06,252.0,-3.6106%,0.0024,0.8379,1.4359,-0.0007,2.0104%,2.3396%,26.1624%,-0.011458,ENSG,92432.0,2019-03-07,252.0,-0.3104%,0.0024,0.8375,1.4388,-0.0003,2.0103%,2.3390%,26.1316%,0.004679,ENSG,-0.00119,-0.052068,-0.066598,-0.076498,-0.064285
5219,ERIE INDEMNITY CO,"Erie Indemnity Q4 EPS $1.19 Beats $1.02 Estimate, Sales $576.468M Beat $419.8M Estimate",6,increase,0.85,0.7,"the company's q4 earnings per share and sales significantly exceeded estimates, which typically indicates strong financial performance and can lead to an increase in stock price.",2,2019-02-21,ERIE,2019-02-21 22:17:00+00:00,82486.0,29530P10,-0.000477024790598,83699.0,0.0560162216424942,0.0034103584475815,0.0176815595477819,0.0111924866214394,0.0257008336484432,0.0186108890920877,-0.0127178598195314,-0.0021522005554288,-0.0230772979557514,0.0166927054524421,0.0276623982936143,0.0107424771413207,0.0099372500553727,-0.0030239762272685,0.0051899845711886,0.0165225863456726,-0.0077986177057027,0.0173963923007249,-0.0191890355199575,0.0033995097037404,-0.0106665631756186,0.0042016762308776,0.004860121756792,0.0020394239109009,-0.025906179100275,0.0384614653885364,0.0069626825861632,0.0076409485191106,-0.0027771792374551,0.0136766918003559,-0.0153452511876821,0.0011177343549206,0.0057720057666301,0.0002096057869493,-0.013314246200025,0.0071071316488087,-0.0002326137764612,0.0018328833393752,0.0225726030766964,0.0038924489635974,0.0016498451586812,-0.0115424552932381,-0.0112461419776082,0.0251720771193504,0.014073971658945,-0.0032880019862204,-0.0002832552709151,0.0054620848968625,-0.0007365685887634,0.0151017140597105,0.0123050641268491,-0.0079611409455537,0.006329764612019,0.0022486404050141,-0.0125243533402681,0.0089285802096128,-0.0048478050157427,0.0070755216293036,-0.0059475917369127,0.01412661280483,0.0011395963374525,0.0058999210596084,-0.0085817268118262,0.0096516273915767,-0.0023659092839807,0.0185867752879858,0.0068255010992288,-0.0233290884643793,0.0101115116849541,0.0089305425062775,0.0101808281615376,0.0003028885403182,-0.002421079436317,0.0215776730328798,0.0181736163794994,0.0373877063393592,-0.0072616273537278,-0.0429975874722003,0.0048020584508776,0.0235775522887706,-0.0203390028327703,-0.0034461345057934,0.0268308538943529,-0.0045220195315778,-0.0068501019850373,0.0110357394441962,0.0226944144815206,-0.0352118387818336,0.0026651010848581,0.0080497013404965,0.0145375244319438,-0.0007659786497242,0.012244070880115,-0.0008419488440267,-0.0088211139664053,0.0009959364542737,0.001438871724531,-0.0069237500429153,0.0507663302123546,-0.0094958906993269,0.0105844028294086,-0.002330808667466,-0.0144324973225593,-0.0262830108404159,0.0071693887002766,-0.0018999616149812,-0.0066640111617743,-0.0032048015855252,0.0088432887569069,0.0071155070327222,-0.0189420375972986,0.0140594718977809,0.0084214815869927,0.0081745637580752,0.0196557715535163,0.0040662144310772,0.0099880136549472,0.0101931858807802,0.0087025044485926,-0.0131371514871716,0.0560162216424942,0.0034103584475815,0.0746882353488895,0.0146410154603198,0.1023086189095303,0.0335243868673351,0.0631748287684956,0.0485152228270189,0.0794010484364566,0.0964304352305753,0.0468889864918211,0.2535317651577022,0.2232321070902274,0.2674587212264112,2019-02-22,2019-02-25,2019-02-26,2019-02-27,2019-02-28,2019-03-01,2019-03-04,2019-03-05,2019-03-06,2019-03-07,82486.0,2019-02-21,252.0,-0.0477%,0.0018,0.5967,-0.1945,0.4016,1.0207%,1.1804%,25.2206%,0.0024709999999999,ERIE,82486.0,2019-02-22,252.0,5.6016%,0.0019,0.5892,-0.2007,0.3053,1.0776%,1.2270%,22.8672%,0.0590109999999999,ERIE,82486.0,2019-02-25,252.0,1.7682%,0.0021,0.5861,-0.211,0.2887,1.0696%,1.2194%,23.0611%,0.016726,ERIE,82486.0,2019-02-26,252.0,2.5701%,0.0022,0.5827,-0.2412,0.2708,1.0800%,1.2276%,22.5987%,0.026141,ERIE,82486.0,2019-02-27,252.0,-1.2718%,0.0021,0.5818,-0.2439,0.2706,1.0840%,1.2299%,22.3223%,-0.012559,ERIE,82486.0,2019-02-28,252.0,-2.3077%,0.002,0.586,-0.2418,0.279,1.0934%,1.2392%,22.1514%,-0.020648,ERIE,82486.0,2019-03-01,252.0,2.7662%,0.002,0.606,-0.212,0.2992,1.0918%,1.2444%,23.0113%,0.0251699999999999,ERIE,82486.0,2019-03-04,252.0,0.9937%,0.0021,0.6,-0.2002,0.3026,1.0913%,1.2391%,22.4338%,0.010984,ERIE,82486.0,2019-03-05,252.0,0.5190%,0.0021,0.5992,-0.2043,0.3005,1.0916%,1.2392%,22.4071%,0.006226,ERIE,82486.0,2019-03-06,252.0,-0.7799%,0.0019,0.5813,-0.1706,0.2849,1.0639%,1.2046%,21.9945%,-0.005551,ERIE,82486.0,2019-03-07,252.0,-1.9189%,0.0019,0.5913,-0.1522,0.3034,1.0659%,1.2102%,22.4308%,-0.013692,ERIE,0.0614819999999999,0.078208,0.104349,0.071142,0.094279
5227,ENERGY RECOVERY INC,Energy Recovery Awarded $4.9M For Desalination Projects In UAE,6,increase,0.75,0.6,"the awarded contract for desalination projects in the uae indicates strong demand for energy recovery inc's technology, which is likely to positively impact investor sentiment and stock price.",2,2019-02-21,ERII,2019-02-21 14:01:00+00:00,92753.0,29270J10,0.0,102528.0,0.0123762851580977,0.0202020015567541,0.0,-0.0124688744544982,0.0,0.0151899186894297,-0.0110024632886052,0.0012674561003223,-0.0086526200175285,0.0246753320097923,0.0149625781923532,0.0052219270728528,-0.015970529988408,-0.0217113755643367,-0.0037453444674611,0.0182054433971643,-0.0025062633212655,-0.0166240558028221,-0.0150753622874617,0.0038511180318892,0.1326530575752258,-0.0089058745652437,-0.054054107517004,-0.0012706165434792,-0.0166665948927402,0.0355263128876686,0.0605326853692531,0.0106382872909307,0.0285388119518756,0.002666664076969,0.0099889179691672,0.0094212880358099,0.0,-0.0184941012412309,-0.0263737048953771,0.0229729823768138,0.0067720566876232,0.0320781059563159,0.0044843005016446,-0.0069251684471964,-0.0558035708963871,-0.0549738332629203,-0.0023641202133148,0.0052631529979407,-0.0059240804985165,-0.0091264890506863,0.0011918087257072,0.0199468210339546,0.0297619067132473,0.0013315249234437,0.0092485463246703,-0.0221353657543659,0.0068729007616639,0.0105263059958815,0.0147895468398928,0.0052910004742443,0.0067263976670801,0.0370370335876941,-0.001113505102694,0.0013735922984778,0.0323299840092659,0.0055249226279556,0.0118790119886398,0.0694238990545272,-0.0213446971029043,-0.0145560270175337,0.0174481831490993,0.0208023581653833,0.0085744829848408,0.030627841129899,-0.00743886269629,0.0015337774530053,-0.002141376491636,-0.041176501661539,0.0064378133974969,0.0658307299017906,0.0095948986709117,-0.0062305238097906,0.0031678704544901,-0.0502958782017231,0.0063158334232866,-0.0160115957260131,-0.0031381470616906,-0.037815123796463,0.0083945356309413,0.0,-0.0156087018549442,-0.0219178516417741,0.0253699552267789,-0.0445025749504566,0.0134020736441016,0.0039421459659934,-0.0101729789748787,0.0146666849032044,-0.0082219867035746,0.0121457697823643,-0.0259067360311746,-0.0560509636998176,0.1361702978610992,-0.0272614378482103,0.0093632424250245,0.0215189363807439,-0.0510204285383224,-0.034229852259159,0.0430108085274696,0.0012240181677043,-0.0009372285567224,0.0111386328935623,-0.017823601141572,-0.0085889203473925,-0.0248328763991594,-0.0024480363354086,0.0264446139335632,-0.0048721022903919,0.0515268072485923,0.0405576899647712,-0.024500947445631,-0.0354523733258247,-0.0288372486829757,0.0073892143554985,0.0123762851580977,0.0202020015567541,0.0123762851580977,0.0074812308811149,0.0123762851580977,0.0227847888593257,-0.0074256767057391,0.0493506654110298,-0.0297029431543939,0.0372272089847811,0.1101485636713563,0.1098900609125976,0.2920791828637796,-0.0049261079906818,2019-02-22,2019-02-25,2019-02-26,2019-02-27,2019-02-28,2019-03-01,2019-03-04,2019-03-05,2019-03-06,2019-03-07,92753.0,2019-02-21,252.0,0.0000%,0.0006,1.4241,0.8374,0.7817,2.6793%,3.0372%,22.1832%,0.007631,ERII,92753.0,2019-02-22,252.0,1.2376%,0.0005,1.4246,0.7912,0.7455,2.6704%,3.0288%,22.2647%,0.009905,ERII,92753.0,2019-02-25,252.0,0.0000%,0.0006,1.423,0.7894,0.7388,2.6691%,3.0271%,22.2570%,0.001162,ERII,92753.0,2019-02-26,252.0,0.0000%,0.0006,1.4268,0.7731,0.7333,2.6690%,3.0266%,22.2367%,0.009667,ERII,92753.0,2019-02-27,252.0,-1.1002%,0.0007,1.4382,0.7488,0.7352,2.6651%,3.0261%,22.4339%,-0.012975,ERII,92753.0,2019-02-28,252.0,-0.8653%,0.001,1.3969,0.7203,0.7059,2.6190%,2.9639%,21.9234%,-0.002606,ERII,92753.0,2019-03-01,252.0,1.4963%,0.001,1.4028,0.7291,0.713,2.6186%,2.9642%,21.9572%,0.00555,ERII,92753.0,2019-03-04,252.0,-1.5971%,0.001,1.3922,0.773,0.7138,2.6144%,2.9581%,21.8851%,-0.00863,ERII,92753.0,2019-03-05,252.0,-0.3745%,0.001,1.3929,0.7796,0.7137,2.6143%,2.9574%,21.8583%,0.002641,ERII,92753.0,2019-03-06,252.0,-0.2506%,0.0012,1.391,0.7388,0.7061,2.6158%,2.9574%,21.7694%,0.018642,ERII,92753.0,2019-03-07,252.0,-1.5075%,0.0011,1.388,0.7199,0.6967,2.6138%,2.9542%,21.7152%,-0.000912,ERII,0.017536,0.018698,0.028365,0.012784,0.030075
5235,ENTERGY CORP NEW,"Wells Fargo Maintains Outperform on Entergy, Raises Price Target to $105",6,increase,0.8,0.6,wells fargo's decision to maintain an 'outperform' rating and raise the price target typically signals positive sentiment and potential for stock price appreciation.,2,2019-02-21,ETR,2019-02-21 13:10:00+00:00,24010.0,29364G10,-0.0005479551036842,3077032.0,0.0173263978213071,0.013214822858572,-0.0034493878483772,0.0021144272759556,0.0027041644789278,0.0018953970866277,-0.0025889738462865,0.0036929480265825,0.0094095040112733,-0.0064935060217976,-0.000857193081174,0.0028697808738797,-0.0065415613353252,-0.0024223874788731,-0.0050734155811369,0.0060928664170205,-0.00086798123084,0.0080401292070746,0.0004343676555436,0.0040363338775932,0.0039075287058949,0.0,0.0158936232328414,0.0040526916272938,0.0098978318274021,-0.0040363338775932,0.0012646511895582,0.0238778758794069,-0.0007367613143287,0.0058891703374683,-0.0029492182657122,0.0010402997722849,-0.0017959623364731,-0.0067737814970314,-0.0138638755306601,-0.017262764275074,0.0041854409500956,0.0086490781977772,0.0147482873871922,0.0139626013115048,0.0123223364353179,0.0042878980748355,-0.0031211304012686,0.0030222265049815,0.0072010275907814,-0.0042824391275644,-0.0056989230215549,-0.0027700585778802,-0.0093789240345358,0.0227836184203624,0.0059962100349366,-0.0129340551793575,-0.0132803162559866,-0.0093500819057226,-0.0024375091306865,0.013809248805046,-0.0008498269016854,-0.0052387029863893,-0.0046783885918557,0.0177725106477737,0.0091870594769716,-0.0047169988974928,-0.0013761499430984,0.0074849100783467,0.0039220135658979,0.002023787703365,-0.0012670547002926,-0.0240501873195171,0.0045459386892616,0.0067844409495592,0.002315314952284,0.0017576931277289,-0.0019949057605117,0.0106583833694458,-0.017464529722929,0.0144162010401487,-0.0052467915229499,-0.040571741759777,0.0060279606841504,-0.0066406484693288,0.0019259608816355,0.0057577155530452,0.007048309314996,-0.0028705936856567,0.0036054754164069,0.0035722234752029,0.0060228202491998,-0.0334150157868862,-0.0008402671082876,-0.00751713803038,-0.0013665221631526,0.0174333080649375,0.0200000163167715,-0.0075900512747466,-0.0104231387376785,0.0049354438669979,0.0034414625260978,0.0078001632355153,0.0042610270902514,0.0023795929737389,-0.0043464573100209,-0.0082041285932064,0.0031182107049971,0.0133242895826697,-0.0141954068094492,0.0086147487163543,0.0008489249739795,0.0138580966740846,0.0214187707751989,-0.0024395803920924,0.0118343131616711,-0.0024336432106792,-0.0100544104352593,0.0050081564113497,-0.0020727221854031,0.0057396958582103,0.0064389109611511,0.0002343793021282,0.0101124309003353,-0.0113518284633755,0.0173263978213071,0.013214822858572,0.0138172445068289,0.0153571919164268,0.0165587730875489,0.0172816969798716,0.0234674785164774,0.0144083459915513,0.0103080912621056,0.0334021797444632,0.0265379763110384,0.0920514340918043,0.0838396993055778,0.0676374451718209,2019-02-22,2019-02-25,2019-02-26,2019-02-27,2019-02-28,2019-03-01,2019-03-04,2019-03-05,2019-03-06,2019-03-07,24010.0,2019-02-21,252.0,-0.0548%,0.0009,0.0889,-0.5356,-0.2066,1.0343%,1.0764%,7.6863%,-0.001107,ETR,24010.0,2019-02-22,252.0,1.7326%,0.001,0.0862,-0.5199,-0.225,1.0373%,1.0776%,7.3530%,0.016557,ETR,24010.0,2019-02-25,252.0,-0.3449%,0.0009,0.0869,-0.516,-0.2202,1.0373%,1.0771%,7.2635%,-0.005435,ETR,24010.0,2019-02-26,252.0,0.2704%,0.0008,0.0684,-0.495,-0.2234,1.0178%,1.0541%,6.7641%,-0.0012859999999999,ETR,24010.0,2019-02-27,252.0,-0.2589%,0.0008,0.0747,-0.5072,-0.2224,1.0138%,1.0520%,7.1263%,-0.002078,ETR,24010.0,2019-02-28,252.0,0.9410%,0.0009,0.0662,-0.5127,-0.2305,1.0119%,1.0503%,7.1611%,0.009087,ETR,24010.0,2019-03-01,252.0,-0.0857%,0.0009,0.0622,-0.5188,-0.2359,1.0113%,1.0500%,7.2431%,-0.000859,ETR,24010.0,2019-03-04,252.0,-0.6542%,0.0009,0.0659,-0.5235,-0.2386,1.0120%,1.0511%,7.3026%,-0.007463,ETR,24010.0,2019-03-05,252.0,-0.5073%,0.0008,0.0644,-0.54,-0.2366,1.0103%,1.0507%,7.5441%,-0.007247,ETR,24010.0,2019-03-06,252.0,-0.0868%,0.0007,0.0551,-0.5129,-0.2435,1.0004%,1.0382%,7.1458%,-0.007126,ETR,24010.0,2019-03-07,252.0,0.0434%,0.0007,0.0575,-0.503,-0.2374,0.9992%,1.0356%,6.9119%,-0.000366,ETR,0.0154499999999999,0.010015,0.008729,0.015738,-0.0073229999999999
5243,EVERTEC INC,"Evertec shares are trading lower, despite Q4 EPS and sales beats, after the company provided FY19 EPS and sales guidance below analyst estimates.",6,decrease,0.8,0.7,"the stock is trading lower due to guidance for fy19 eps and sales being below analyst estimates, which typically leads to a negative market reaction.",0,2019-02-21,EVTC,2019-02-21 15:20:00+00:00,13837.0,30040P10,-0.0756933018565177,2767293.0,0.0360042527318,0.010217516683042,-0.0187393650412559,0.0520110949873924,-0.0086956517770886,0.0062805409543216,-0.0105262892320752,-0.0038234484381973,0.0148936193436384,0.001392304780893,-0.0041929013095796,-0.0003479550650808,-0.0168420895934104,0.0041928347200155,-0.0174874998629093,0.000699316675309,-0.0286960005760192,-0.0034843338653445,0.023934157565236,-0.0024330792948603,0.0109569448977708,0.0238434188067913,0.0148121332749724,0.0173786934465169,-0.0017799657071009,-0.0018069836078211,0.0238943696022033,-0.0191421136260032,-0.0013932082802057,0.0348495543003082,-0.0020927612204104,-0.0165944844484329,0.0080391308292746,-0.0273684449493885,-0.009362013079226,0.0307414252310991,-0.0136506613343954,0.005454531405121,0.0319375321269035,0.0177646018564701,-0.0471114441752433,-0.0349999852478504,-0.0007217088132165,-0.0042674550786614,0.0086673805490136,0.0118747716769576,-0.0046545313671231,0.0039740102365612,0.0082734338939189,0.0135481813922524,-0.0078487768769264,-0.0339582934975624,0.0302049685269594,-0.0045774350874125,-0.0034904147032648,-0.0155979469418525,0.0252189580351114,-0.0020753878634423,-0.0129826124757528,-0.0027595695573836,0.0027691216673702,0.0272856298834085,0.0024163480848073,0.0318098329007625,0.0006886553019285,-0.0473702102899551,-0.0006881813751533,0.000348373549059,-0.00137744192034,0.0094970259815454,-0.0003448354837018,0.0014089790638536,0.0031045239884406,0.0153791243210434,0.0316368676722049,0.049549538642168,0.0010000228649005,-0.0205882843583822,-0.0059940158389508,-0.0180505402386188,0.0103852413594722,0.0102115496993064,0.0102784968912601,0.0073475670069456,-0.0006563357892446,0.0,-0.0039409142918884,-0.0072939740493893,0.0158258993178606,0.0055005359463393,0.0097371358424425,-0.0133863585069775,0.0064287642017006,0.0305741876363754,-0.0306611023843288,-0.0003727256262209,-0.0210873577743768,-0.0106932483613491,0.0013464045478031,0.0119403582066297,0.0033669518306851,0.0159211549907922,-0.01778519526124,-0.0466209203004837,-0.0263068135827779,0.0124405473470687,-0.0105262892320752,0.008115061558783,-0.0021277081687003,-0.0269203148782253,-0.0326936766505241,0.0557029657065868,0.0209405440837144,-0.0130890198051929,0.003238511737436,0.0144157493487,0.0089670019224286,-0.006782226730138,-0.0007109331781975,0.0231303144246339,0.0360042527318,0.010217516683042,0.0165901908555652,0.0627600359011715,0.0077502765558812,0.0694347438312652,0.0119934650926161,0.0668291013020589,-0.0318525717489073,0.0653458152516373,0.0215405245806135,0.0572611167378074,-0.0043666330031739,0.1815728220261334,2019-02-22,2019-02-25,2019-02-26,2019-02-27,2019-02-28,2019-03-01,2019-03-04,2019-03-05,2019-03-06,2019-03-07,13837.0,2019-02-21,252.0,-7.5693%,0.002,0.9528,0.5537,-0.4214,1.8084%,2.1736%,30.7775%,-0.0730799999999999,EVTC,13837.0,2019-02-22,252.0,3.6004%,0.0021,0.9496,0.5723,-0.443,1.8108%,2.1825%,31.1629%,0.020471,EVTC,13837.0,2019-02-25,252.0,-1.8739%,0.0019,0.9536,0.5869,-0.4207,1.8038%,2.1756%,31.2564%,-0.019573,EVTC,13837.0,2019-02-26,252.0,-0.8696%,0.0019,0.9659,0.5845,-0.4127,1.8007%,2.1764%,31.5497%,-0.004902,EVTC,13837.0,2019-02-27,252.0,-1.0526%,0.002,0.9768,0.5607,-0.4109,1.7961%,2.1752%,31.8207%,-0.013101,EVTC,13837.0,2019-02-28,252.0,1.4894%,0.002,0.9799,0.5634,-0.4121,1.7970%,2.1765%,31.8330%,0.016682,EVTC,13837.0,2019-03-01,252.0,-0.4193%,0.0019,0.9768,0.5588,-0.4092,1.8000%,2.1757%,31.5503%,-0.01462,EVTC,13837.0,2019-03-04,252.0,-1.6842%,0.0019,0.9828,0.5478,-0.4128,1.8000%,2.1790%,31.7623%,-0.008022,EVTC,13837.0,2019-03-05,252.0,-1.7487%,0.0019,0.9909,0.5999,-0.4007,1.7970%,2.1819%,32.1748%,-0.015199,EVTC,13837.0,2019-03-06,252.0,-2.8696%,0.0018,0.9919,0.6343,-0.3949,1.7983%,2.1883%,32.4694%,-0.0127429999999999,EVTC,13837.0,2019-03-07,252.0,2.3934%,0.0019,0.977,0.6186,-0.4192,1.8073%,2.1910%,31.9622%,0.0311189999999999,EVTC,-0.0526089999999999,-0.072182,-0.077084,-0.073503,-0.092968
5251,ISHARES INC,"Huawei Chairman Says The Arrest Of Chief Financial Officer 'Not Common And Rare' And He Cannot Say It Was Not Politically Driven, Says The Current Relationship Between Canada And China Is 'Not Ideal'",6,uncertain,0.6,0.3,"the statement reflects geopolitical tensions that could impact investor sentiment, but the direct effect on ishares inc's stock price is unclear without more context on its holdings and exposure to affected markets.",1,2019-02-21,EWC,2019-02-21 16:14:00+00:00,83211.0,46428650,-0.0050196987576782,1889993.0,0.0054053915664553,0.0101412087678909,-0.0007168622687458,0.007296634837985,0.001793441362679,0.0133087104186415,0.0025062547065317,0.0033382847905159,-0.0053571290336549,-0.00185120862443,-0.0046679018996655,0.0116104669868946,-0.0025252415798604,-0.0092764375731349,-0.0007233438664115,-0.0022213796619325,-0.0054288678802549,-0.0069853137247264,-0.0054585016332566,-0.0058479476720094,-0.0003659066569525,0.0058823470026254,0.0087847644463181,0.0025802287273108,0.005079872906208,0.0029574832879006,0.0054151485674083,0.0033382847905159,-0.0043088272213935,0.008604547008872,0.0010818855371326,0.0060218232683837,0.007204569876194,-0.001878329901956,-0.0007152557373046,0.0137090859934687,-0.001073753926903,0.0057449107989668,-0.0017914453055709,-0.0019112857989966,-0.0154343247413635,-0.0098410379141569,-0.0003645726828835,0.0064761932007968,0.0072939740493893,0.0080644804984331,-0.0039826431311666,0.0030817347578704,0.0025445180945098,0.0054221297614276,0.0021754701156169,0.0038880398496985,0.0130246244370937,-0.001940284972079,0.0,0.0042868517339229,0.0010714530944824,0.0186581704765558,0.0007134695188142,0.0108346892520785,0.003565076040104,0.0109533658251166,0.0074600707739591,0.0258010365068912,-0.0059943608939647,-0.0062034581787884,0.0042567905038595,0.0091820210218429,-0.001766133471392,0.0046121049672365,0.008138695731759,0.0059047364629805,0.0,-0.0046179937198758,0.0010530251311138,0.0311688017100095,0.0042075361125171,-0.0140845039859414,0.0006983400089666,-0.0208942741155624,0.0,-0.0095198489725589,0.0,-0.0118609778583049,-0.0097697377204895,-2.485364893800579e-05,-0.0010570394806563,-0.0201024916023016,0.0038800246547907,-0.0116867637261748,0.0021082703024148,-0.0019439827883616,0.0010518506169319,0.0110062407329678,-0.0070052142255008,-0.0039154416881501,-0.006349217146635,-0.0100774550810456,0.0074547063559293,-0.0053971200250089,-0.0014094084035605,-0.0189107414335012,-0.0109385838732123,-0.0174656007438898,0.0014270070241764,0.0101351523771882,-0.0024937547277659,0.0003755249490495,-0.0007143020629882,0.0015042875893414,-0.0125089483335614,0.0168260242789983,0.0083243381232023,-0.0079666534438729,0.0032304432243108,0.0076452889479696,0.0071555939503014,-0.0135746831074357,-0.0024866675958037,0.0227535720914602,0.0054053915664553,0.0101412087678909,0.0046846543764476,0.0175118403030709,0.006486497392055,0.0310536107332035,0.0036036174563363,0.0325804942150704,-0.0151351378441439,0.0193712999479251,0.010810783821157,0.1191813523445706,0.011891889312694,0.0935973423100233,2019-02-22,2019-02-25,2019-02-26,2019-02-27,2019-02-28,2019-03-01,2019-03-04,2019-03-05,2019-03-06,2019-03-07,83211.0,2019-02-21,252.0,-0.5020%,-0.0,0.7078,0.2105,0.2589,0.5697%,0.9077%,60.6042%,-0.001763,EWC,83211.0,2019-02-22,252.0,0.5405%,-0.0,0.7075,0.2083,0.2524,0.5699%,0.9083%,60.6235%,0.003352,EWC,83211.0,2019-02-25,252.0,-0.0717%,-0.0,0.7073,0.2086,0.2519,0.5699%,0.9082%,60.6202%,-0.000882,EWC,83211.0,2019-02-26,252.0,0.1793%,-0.0,0.7045,0.2044,0.2477,0.5705%,0.9047%,60.2390%,0.004992,EWC,83211.0,2019-02-27,252.0,0.2506%,0.0,0.7053,0.2034,0.2478,0.5704%,0.9043%,60.2066%,0.001681,EWC,83211.0,2019-02-28,252.0,-0.5357%,-0.0,0.7056,0.2036,0.2487,0.5707%,0.9029%,60.0545%,-0.002692,EWC,83211.0,2019-03-01,252.0,-0.4668%,-0.0,0.6977,0.1918,0.2408,0.5705%,0.8953%,59.4047%,-0.009434,EWC,83211.0,2019-03-04,252.0,-0.2525%,0.0,0.6976,0.1915,0.2411,0.5705%,0.8945%,59.3280%,0.000841,EWC,83211.0,2019-03-05,252.0,-0.0723%,0.0,0.6998,0.2094,0.242,0.5664%,0.8940%,59.8557%,0.001545,EWC,83211.0,2019-03-06,252.0,-0.5429%,0.0001,0.7009,0.2016,0.2423,0.5660%,0.8945%,59.9591%,0.002902,EWC,83211.0,2019-03-07,252.0,-0.5459%,0.0001,0.6999,0.1986,0.2401,0.5659%,0.8943%,59.9572%,0.00114,EWC,0.001589,0.000707,0.005699,0.004688,0.001682
5259,ISHARES INC,Two Reported Dead in Munich Shooting,6,uncertain,0.6,0.2,"the news of a shooting may create a temporary negative sentiment in the market, but its direct impact on ishares inc's stock price is unclear without further context on the company's exposure to the event.",1,2019-02-21,EWG,2019-02-21 09:03:00+00:00,83213.0,46428680,-0.0029596714302897,3320035.0,0.002968457294628,0.0078300144523382,0.0029596714302897,0.0044943420216441,0.0077461851760745,0.0210325494408607,-0.0054904692806303,-0.004567980300635,0.0047846580855548,-0.0034142697695642,0.0109890531748533,0.0165831204503774,-0.0083333170041441,0.0007719204295426,0.0025575335603207,-0.0099350484088063,-0.0047376481816172,-0.0278603266924619,-0.0190405920147895,-0.0084714377298951,0.0037326789461076,0.0123042482882738,0.0089252423495054,0.0003730036842171,-0.0014743460342288,0.0007464931113645,0.0084902010858058,-0.0081451060250401,0.0,0.0055844979360699,0.0095168463885784,-0.0025993201415985,0.0007251797360368,-0.0007421320187859,0.0094202980399131,0.0189035907387733,-0.0061019407585263,0.0026535862125456,-0.0068617020733654,0.0076393755152821,-0.0276363715529441,-0.0191082879900932,0.0029917696956545,0.0214313585311174,0.0029828457627445,0.0019171487074345,-0.0003717557119671,0.0007674772641621,-0.0040906919166445,-0.0007668887265026,0.005227759014815,-0.0015314285410568,0.0141158681362867,-0.0102310935035347,0.0058608003892004,-0.000378796539735,0.016023326665163,0.0169491730630397,0.0003584311343729,0.0062015447765588,0.0010749081848189,0.0015527565265074,-0.0014316720189526,0.0374547056853771,-0.0089605739340186,-0.0131160542368888,0.0072333007119596,-0.0074950898997485,0.0010771554661914,0.0047562760300934,0.0121951280161738,0.0079903658479452,0.001063100178726,-0.0031859786249697,0.0053097209893167,0.0274140778928995,0.0077465218491852,-0.0204408895224332,-0.0017470699967816,-0.009920634329319,0.0028001372702419,-0.0047392942942678,-0.0020942222326993,-0.007837020792067,-0.0013991226442158,0.0055162059143185,-0.0028020988684147,-0.0078186383470892,0.0024587847292423,-0.0142582207918167,0.0059564877301454,-0.0023067845031619,0.0031348017510026,0.0156188840046525,-0.0065971747972071,0.0047077615745365,-0.0010486083338037,-0.0066251005046069,0.0129461456090211,-0.0172348041087389,-0.0100173028185963,-0.0139727694913744,-0.0219818279147148,-0.0293255541473627,0.0107027906924486,0.0163934621959924,-0.00670669041574,-0.0088626211509108,0.007107347715646,-0.0055086161009967,-0.0289343576878309,0.0137750906869769,0.0090843020007014,-0.0073909410275518,0.0097227385267615,0.018825301900506,0.0092724077403545,-0.0108007788658142,-0.008833922445774,0.0170454829931259,0.002968457294628,0.0078300144523382,0.0059369143831646,0.0123595472369655,0.0137290879974256,0.0336520494661543,0.0129869559767141,0.0254173014868226,-0.0059369150886311,-0.0044198485035926,0.0356214867325637,0.047674478179801,0.0408162664183684,0.0238636826422733,2019-02-22,2019-02-25,2019-02-26,2019-02-27,2019-02-28,2019-03-01,2019-03-04,2019-03-05,2019-03-06,2019-03-07,83213.0,2019-02-21,252.0,-0.2960%,-0.0007,0.8359,0.094,0.2579,0.7206%,1.1021%,57.2419%,0.0007049999999999,EWG,83213.0,2019-02-22,252.0,0.2968%,-0.0007,0.8355,0.0998,0.2582,0.7202%,1.1016%,57.2510%,0.000709,EWG,83213.0,2019-02-25,252.0,0.2960%,-0.0007,0.8363,0.0991,0.2605,0.7193%,1.1012%,57.3335%,0.002331,EWG,83213.0,2019-02-26,252.0,0.7746%,-0.0007,0.8365,0.0833,0.2527,0.7223%,1.1014%,56.9944%,0.010478,EWG,83213.0,2019-02-27,252.0,-0.5490%,-0.0007,0.838,0.079,0.2529,0.7227%,1.1013%,56.9339%,-0.006198,EWG,83213.0,2019-02-28,252.0,0.4785%,-0.0006,0.8322,0.0753,0.2467,0.7232%,1.0959%,56.4576%,0.007899,EWG,83213.0,2019-03-01,252.0,1.0989%,-0.0006,0.8359,0.0808,0.2495,0.7239%,1.0976%,56.5063%,0.005676,EWG,83213.0,2019-03-04,252.0,-0.8333%,-0.0006,0.8319,0.0975,0.2496,0.7218%,1.0924%,56.3366%,-0.004727,EWG,83213.0,2019-03-05,252.0,0.2558%,-0.0006,0.8322,0.1033,0.2479,0.7219%,1.0926%,56.3453%,0.004783,EWG,83213.0,2019-03-06,252.0,-0.4738%,-0.0006,0.8274,0.098,0.2417,0.7213%,1.0888%,56.1147%,0.003365,EWG,83213.0,2019-03-07,252.0,-1.9041%,-0.0006,0.8318,0.0981,0.2476,0.7244%,1.0943%,56.1809%,-0.0114799999999999,EWG,0.001414,0.003745,0.014223,0.015924,0.013541
5267,ISHARES TRUST,"'Spokesperson for @DExEUgov said: ""Today, Secretary of State Stephen Barclay and the Attorney General held productive talks with Michel Barnier...
It was agreed that talks should now continue urgently at a technical level...""' -ITV Reporter",6,uncertain,0.5,0.5,"the news indicates ongoing negotiations which could lead to positive or negative outcomes for ishares trust, making the impact on stock price uncertain.",1,2019-02-21,EWU,2019-02-21 17:53:00+00:00,14907.0,46435G33,-0.0064476230181753,1497650.0,0.0030901876743882,0.0055572804994881,0.0006161570781841,0.0052761686965823,0.0086206523701548,0.0132076097652316,-0.0012209127889946,0.0,-0.0045843985863029,0.002206104574725,0.0018422282300889,0.0073015727102756,-0.0024517874699085,-0.0059955990873277,0.0055299634113907,-0.0006306701689027,0.0012221484212204,-0.0043956451117992,-0.0106805702671408,-0.0037534856237471,-0.0040097860619425,0.0088355559855699,0.0086713768541812,0.0028481059707701,-0.0018422282300889,0.0034931919071823,0.013841918669641,0.0060703046619892,0.0033373972401022,0.0132728992030024,0.0105835646390914,0.0068448199890553,0.0053860056214034,-0.0071197189390659,0.0020833243615925,0.0068425899371504,-0.0038609225302934,-0.0042180130258202,-0.0017889497103169,0.0071895201690495,-0.0155316749587655,-0.011627865023911,-0.0015169671969488,0.0091264266520738,0.0045579313300549,0.0082155764102935,0.0027223275974392,-0.0029488909058272,-0.0063349287956953,0.0049390718340873,0.002125066705048,-0.0065423245541751,0.0133293690159916,0.0003272326139267,0.0056800781749188,0.004272072110325,0.0059453258290886,0.0096217952668666,-0.0035460677463561,0.0060080210678279,0.0023724203929305,0.0,0.0017751886043697,0.0277872886508703,-0.005611412692815,-0.0061370716430246,0.0032670216169208,-0.0006814465741626,-0.0011840468505397,-0.0010210613254457,0.0059275915846228,0.013103418983519,-0.0005892887129448,-0.0092244772240519,-0.0014740341575816,0.0248599797487258,0.0017715197755023,-0.009021520614624,-0.0035366616211831,-0.0082587674260139,0.0011829960858449,0.0006886553019285,0.0002954840892925,-0.0037735404912382,-0.0079740239307284,-0.0021023366134613,-0.0035724600311368,-0.0092930234968662,0.0014938522363081,-0.0134250735864043,0.0020882964599877,-0.0003272773174103,0.0050609754398465,0.0173159688711166,-0.0112558435648679,0.0030060170684009,-0.0011983497533947,-0.0118811456486582,0.0158967841416597,-0.0081833060830831,-0.0082668671384453,-0.016103059053421,-0.0196487009525299,-0.0214308332651853,0.0006073628319427,0.0095449965447187,-0.0021244215313345,-0.0078914137557148,0.0036496024113148,-0.0084507185965776,-0.0193939208984375,0.0129993604496121,0.008961709216237,-0.0078641083091497,0.0021439415868371,0.0163043551146984,0.0055012316443026,-0.012314474210143,-0.0066869668662548,0.0166934337466955,0.0030901876743882,0.0055572804994881,0.0037082487935808,0.01086277034548,0.0123608686874872,0.0242138513424039,0.0064894649571003,0.0264733742053471,0.0018540656200614,0.0187676066425452,0.0420272105645642,0.0871161766741956,0.0098887402302001,0.0684433525634218,2019-02-22,2019-02-25,2019-02-26,2019-02-27,2019-02-28,2019-03-01,2019-03-04,2019-03-05,2019-03-06,2019-03-07,14907.0,2019-02-21,252.0,-0.6448%,-0.0002,0.656,0.0892,0.2876,0.5771%,0.8641%,55.3909%,-0.003384,EWU,14907.0,2019-02-22,252.0,0.3090%,-0.0002,0.6556,0.0915,0.2843,0.5773%,0.8641%,55.3695%,0.002463,EWU,14907.0,2019-02-25,252.0,0.0616%,-0.0002,0.6559,0.0917,0.2858,0.5770%,0.8641%,55.4125%,0.000283,EWU,14907.0,2019-02-26,252.0,0.8621%,-0.0001,0.654,0.0778,0.2773,0.5813%,0.8641%,54.7481%,0.0111,EWU,14907.0,2019-02-27,252.0,-0.1221%,-0.0001,0.6542,0.0771,0.2773,0.5813%,0.8632%,54.6419%,-0.001725,EWU,14907.0,2019-02-28,252.0,-0.4584%,-0.0001,0.6509,0.0748,0.2754,0.5799%,0.8585%,54.3739%,-0.001978,EWU,14907.0,2019-03-01,252.0,0.1842%,-0.0001,0.6467,0.0684,0.2697,0.5786%,0.8535%,54.0455%,-0.0020499999999999,EWU,14907.0,2019-03-04,252.0,-0.2452%,-0.0001,0.6448,0.0743,0.2702,0.5781%,0.8509%,53.8419%,4.3e-05,EWU,14907.0,2019-03-05,252.0,0.5530%,-0.0001,0.644,0.0726,0.2668,0.5799%,0.8514%,53.6129%,0.007415,EWU,14907.0,2019-03-06,252.0,0.1222%,-0.0,0.6412,0.0571,0.2615,0.5817%,0.8504%,53.2107%,0.007349,EWU,14907.0,2019-03-07,252.0,-1.0681%,-0.0001,0.6428,0.0562,0.2635,0.5823%,0.8525%,53.3443%,-0.00461,EWU,-0.0009209999999999,-0.0006379999999999,0.010462,0.006759,0.0149059999999999
5275,ISHARES INC,Brazilian Prosecutors Opening A Money Laundering Probe Into President's Son,6,decrease,0.7,0.6,"the news of a money laundering probe involving a high-profile political figure can create uncertainty and negative sentiment in the market, potentially leading to a decrease in ishares inc's stock price.",0,2019-02-21,EWZ,2019-02-21 20:53:00+00:00,88396.0,46428640,-0.0047988821752369,31578171.0,0.0137773202732205,-0.0088335946202278,-0.0052095889113843,-0.0067491391673684,0.0040983678773045,0.004519791342318,0.0013605754356831,0.0273972675204277,-0.0262681134045124,-0.0144164999946951,-0.0151163144037127,0.0284772664308548,0.0004722658486571,-0.0134664038196206,0.0075525064021348,0.0004645867156796,-0.0278753489255905,-0.0064620953053236,-0.0077108358964324,-0.0415836609899997,0.0118989283218979,-0.0054993401281535,0.0335973501205444,0.0013215320650488,0.0048757623881101,0.0006612870492972,0.0108595481142401,0.0172645840793848,-0.0123428776860237,0.0267034955322742,0.011108529753983,0.013296004384756,0.0162509251385927,-0.0216796156018972,-0.0011261948384344,0.0038945742417126,-0.0076662944629788,0.0083160223439335,-0.0229492932558059,0.0270462483167648,-0.0597674362361431,-0.0243055373430252,0.0126143535599112,0.0041841072961688,0.0166096799075603,0.0082025378942489,-0.0562229752540588,-0.0016378920990973,0.0356415882706642,-0.0055839428678154,0.0076204859651625,0.0046750996261835,0.0197608564049005,-0.0027972667012363,-0.0007176741492003,-0.0013965911930426,-0.0141249736770987,0.0252982694655656,0.0223408974707126,0.0120772942900657,0.0045131221413612,-0.01004299800843,0.0085126645863056,0.0224938411265611,-0.0133645879104733,0.0063976906239986,0.0040398803539574,0.0638743117451667,-0.0184615086764097,0.0031512323766946,-0.0277309250086545,0.008741769939661,0.0074404571205377,0.0120643638074398,0.0041851792484521,0.0182909686118364,-0.0181417427957058,-0.0137317804619669,0.0102372001856565,-0.0111821610480547,0.000741537194699,0.0181621573865413,0.0160532891750335,-0.0204461086541414,-0.0255225878208875,0.0104233007878065,0.0246944800019264,-0.0127837639302015,0.00413822196424,-0.0128766410052776,-0.0004848595708608,0.0036185891367495,0.0038806658703833,0.0168199576437473,-0.016670661047101,0.01116125844419,-0.0012284824624657,-0.0266424939036369,0.0132840611040592,-0.0197768453508615,-0.0177227370440959,0.0040733157657086,-0.0084033655002713,-0.0177545100450515,0.0196909513324499,0.0047739306464791,-0.01515519246459,-0.0005022716941311,-0.0009928249055519,0.0002511510101612,-0.0350310504436492,0.0199846941977739,0.003347092308104,0.0430251397192478,-0.0136002711951732,-0.033075001090765,-0.0205514337867498,-0.0177665166556835,-0.0175298750400543,0.021784234791994,0.0137773202732205,-0.0088335946202278,0.0084959571869123,-0.0155231146281561,0.0126291446222386,-0.0110734845249402,-0.0126291453580922,0.0013729416895706,-0.0544201832642445,-0.032072568136781,-0.0332950843030684,0.0570047492581664,-0.1506314032813888,0.1521643266016523,2019-02-22,2019-02-25,2019-02-26,2019-02-27,2019-02-28,2019-03-01,2019-03-04,2019-03-05,2019-03-06,2019-03-07,88396.0,2019-02-21,252.0,-0.4799%,0.0001,0.829,-0.19,0.3361,1.8852%,2.0570%,16.0077%,-0.001236,EWZ,88396.0,2019-02-22,252.0,1.3777%,0.0001,0.8271,-0.1918,0.3122,1.8871%,2.0588%,15.9823%,0.014275,EWZ,88396.0,2019-02-25,252.0,-0.5210%,0.0001,0.8283,-0.1874,0.319,1.8865%,2.0583%,15.9991%,-0.006487,EWZ,88396.0,2019-02-26,252.0,0.4098%,0.0001,0.8289,-0.1951,0.3155,1.8867%,2.0574%,15.9111%,0.005177,EWZ,88396.0,2019-02-27,252.0,0.1361%,0.0001,0.8298,-0.1962,0.3157,1.8866%,2.0568%,15.8602%,0.001264,EWZ,88396.0,2019-02-28,252.0,-2.6268%,0.0001,0.8301,-0.1968,0.3213,1.8916%,2.0604%,15.7192%,-0.022967,EWZ,88396.0,2019-03-01,252.0,-1.5116%,0.0,0.821,-0.2104,0.3162,1.8948%,2.0597%,15.3725%,-0.019327,EWZ,88396.0,2019-03-04,252.0,0.0472%,-0.0,0.8262,-0.2299,0.3153,1.8934%,2.0597%,15.4973%,0.002577,EWZ,88396.0,2019-03-05,252.0,0.7553%,0.0,0.8244,-0.2378,0.3108,1.8942%,2.0601%,15.4625%,0.008911,EWZ,88396.0,2019-03-06,252.0,-2.7875%,-0.0001,0.8362,-0.1897,0.3306,1.9000%,2.0672%,15.5202%,-0.024161,EWZ,88396.0,2019-03-07,252.0,-0.7711%,-0.0001,0.835,-0.1957,0.3273,1.8997%,2.0672%,15.5489%,1.4e-05,EWZ,0.0130389999999999,0.0065519999999999,0.0117289999999999,-0.009974,-0.04196
5283,FARO TECHNOLOGIES INC,Craig-Hallum Downgrades Faro Technologies to Hold,6,decrease,0.8,0.7,"a downgrade from an analyst typically signals reduced expectations for the company's performance, which can lead to a decline in stock price.",0,2019-02-21,FARO,2019-02-21 14:05:00+00:00,85372.0,31164210,0.0194196589291095,115454.0,-0.0051546292379498,-0.0866026282310485,0.0290606208145618,0.0163307879120111,-0.0028459078166633,0.01441484503448,0.0006586738745681,0.0099956337362527,0.0050460626371204,0.0094318995252251,0.0010914480080828,0.0382600836455822,-0.0030527559574693,-0.0112587260082364,0.0061242077499628,-0.0002250860416097,-0.0069565149024128,-0.0049283429980278,-0.015761848539114,0.0094979228451848,-0.0111209964379668,0.0100503070279955,0.0224921274930238,0.0176661629229784,-0.0048393621109426,0.011759172193706,-0.0019893932621926,0.0169815607368946,0.0013288495829328,0.0366972349584102,0.0586153864860534,-0.0009907629573717,0.004178870934993,-0.0255853570997715,-0.0043695983476936,-0.0083771776407957,-0.0043886955827474,0.0313502959907054,0.0,-0.0167476311326026,-0.0957178324460983,-0.0398508310317993,-0.0048747188411653,0.0060960915870964,0.005365046672523,-0.0231332648545503,0.0,-0.0188764072954654,0.0099768051877617,0.0225183721631765,0.0087296366691589,0.0050808596424758,0.0116146281361579,-0.0324022509157657,0.0029266336932778,0.0294455662369728,0.03030308149755,0.0345073938369751,0.0032679238356649,0.0067081642337143,0.0143322441726923,0.0242945197969675,0.0089916931465268,0.0681519880890846,0.1865053474903107,-0.0749272555112838,0.0042918757535517,0.0147638358175754,-0.0183404348790645,0.0142250983044505,0.010520551353693,-0.0062003969214856,0.0030515524558722,-0.0068965218961238,0.0168217364698648,0.0439701490104198,-0.0036958656273782,-0.027750015258789,0.0058293235488235,-0.0525817424058914,-0.0087811732664704,-0.0307621695101261,0.0132884485647082,0.0004593582416418,-0.0050707659684121,0.0095061408355832,-0.0202109217643737,-0.0159708131104707,0.0021524471230804,0.0071231932379305,0.0057275765575468,-0.0324588492512702,0.0010678301332518,0.0297618862241506,-0.0128000220283865,0.0004580956883728,-0.0095443688333034,-0.005013701505959,0.0027273003943264,-0.0396147444844245,-0.0126926703378558,-0.0293180607259273,-0.021671263501048,-0.0612285546958446,-0.0005631458479911,0.0084472680464386,-0.0116454306989908,0.0255775917321443,0.0015203693183138,-0.0152346128597855,-0.0404174774885177,0.0427875556051731,0.000988713465631,-0.005477188155055,0.0063216062262654,0.0492926500737667,-0.0047113834880292,0.0080214040353894,-0.0418145731091499,0.0074074487201869,-0.0051546292379498,-0.0866026282310485,0.0237561948508882,-0.0716861294733014,0.0208426790936044,-0.0583046288863006,0.0266697105823614,-0.0399210297616225,0.0076199050691709,-0.010176410720559,0.0320484181224982,0.0486343692187094,0.0887495106015126,-0.0175083952939021,2019-02-22,2019-02-25,2019-02-26,2019-02-27,2019-02-28,2019-03-01,2019-03-04,2019-03-05,2019-03-06,2019-03-07,85372.0,2019-02-21,252.0,1.9420%,-0.0005,1.3168,0.8685,0.4074,2.3746%,2.7503%,25.4560%,0.025747,FARO,85372.0,2019-02-22,252.0,-0.5155%,-0.0006,1.3206,0.8144,0.4027,2.3636%,2.7390%,25.5312%,-0.012601,FARO,85372.0,2019-02-25,252.0,2.9061%,-0.001,1.3344,0.8131,0.4532,2.2483%,2.6421%,27.5887%,0.029822,FARO,85372.0,2019-02-26,252.0,-0.2846%,-0.0009,1.3461,0.7923,0.4514,2.2445%,2.6419%,27.8265%,0.005889,FARO,85372.0,2019-02-27,252.0,0.0659%,-0.001,1.3349,0.8119,0.4495,2.2388%,2.6322%,27.6609%,-0.001616,FARO,85372.0,2019-02-28,252.0,0.5046%,-0.001,1.3359,0.813,0.4477,2.2395%,2.6314%,27.5670%,0.010046,FARO,85372.0,2019-03-01,252.0,0.1091%,-0.0009,1.3273,0.8002,0.4382,2.2390%,2.6241%,27.2004%,-0.009184,FARO,85372.0,2019-03-04,252.0,-0.3053%,-0.0009,1.3279,0.7926,0.4393,2.2392%,2.6240%,27.1743%,0.005251,FARO,85372.0,2019-03-05,252.0,0.6124%,-0.0009,1.3272,0.7955,0.4341,2.2403%,2.6236%,27.0809%,0.011803,FARO,85372.0,2019-03-06,252.0,-0.6957%,-0.0008,1.3217,0.7646,0.4237,2.2422%,2.6230%,26.9260%,0.0139519999999999,FARO,85372.0,2019-03-07,252.0,-1.5762%,-0.0008,1.3237,0.7699,0.4279,2.2421%,2.6243%,27.0082%,-0.003081,FARO,0.013146,0.042968,0.048857,0.057287,0.0760279999999999
5291,FARO TECHNOLOGIES INC,Gabelli & Co. Upgrades Faro Technologies to Buy,6,increase,0.8,0.6,"upgrades from financial analysts typically signal positive sentiment and can lead to increased investor interest, likely resulting in a rise in stock price.",2,2019-02-21,FARO,2019-02-21 11:24:00+00:00,85372.0,31164210,0.0194196589291095,115454.0,-0.0051546292379498,-0.0866026282310485,0.0290606208145618,0.0163307879120111,-0.0028459078166633,0.01441484503448,0.0006586738745681,0.0099956337362527,0.0050460626371204,0.0094318995252251,0.0010914480080828,0.0382600836455822,-0.0030527559574693,-0.0112587260082364,0.0061242077499628,-0.0002250860416097,-0.0069565149024128,-0.0049283429980278,-0.015761848539114,0.0094979228451848,-0.0111209964379668,0.0100503070279955,0.0224921274930238,0.0176661629229784,-0.0048393621109426,0.011759172193706,-0.0019893932621926,0.0169815607368946,0.0013288495829328,0.0366972349584102,0.0586153864860534,-0.0009907629573717,0.004178870934993,-0.0255853570997715,-0.0043695983476936,-0.0083771776407957,-0.0043886955827474,0.0313502959907054,0.0,-0.0167476311326026,-0.0957178324460983,-0.0398508310317993,-0.0048747188411653,0.0060960915870964,0.005365046672523,-0.0231332648545503,0.0,-0.0188764072954654,0.0099768051877617,0.0225183721631765,0.0087296366691589,0.0050808596424758,0.0116146281361579,-0.0324022509157657,0.0029266336932778,0.0294455662369728,0.03030308149755,0.0345073938369751,0.0032679238356649,0.0067081642337143,0.0143322441726923,0.0242945197969675,0.0089916931465268,0.0681519880890846,0.1865053474903107,-0.0749272555112838,0.0042918757535517,0.0147638358175754,-0.0183404348790645,0.0142250983044505,0.010520551353693,-0.0062003969214856,0.0030515524558722,-0.0068965218961238,0.0168217364698648,0.0439701490104198,-0.0036958656273782,-0.027750015258789,0.0058293235488235,-0.0525817424058914,-0.0087811732664704,-0.0307621695101261,0.0132884485647082,0.0004593582416418,-0.0050707659684121,0.0095061408355832,-0.0202109217643737,-0.0159708131104707,0.0021524471230804,0.0071231932379305,0.0057275765575468,-0.0324588492512702,0.0010678301332518,0.0297618862241506,-0.0128000220283865,0.0004580956883728,-0.0095443688333034,-0.005013701505959,0.0027273003943264,-0.0396147444844245,-0.0126926703378558,-0.0293180607259273,-0.021671263501048,-0.0612285546958446,-0.0005631458479911,0.0084472680464386,-0.0116454306989908,0.0255775917321443,0.0015203693183138,-0.0152346128597855,-0.0404174774885177,0.0427875556051731,0.000988713465631,-0.005477188155055,0.0063216062262654,0.0492926500737667,-0.0047113834880292,0.0080214040353894,-0.0418145731091499,0.0074074487201869,-0.0051546292379498,-0.0866026282310485,0.0237561948508882,-0.0716861294733014,0.0208426790936044,-0.0583046288863006,0.0266697105823614,-0.0399210297616225,0.0076199050691709,-0.010176410720559,0.0320484181224982,0.0486343692187094,0.0887495106015126,-0.0175083952939021,2019-02-22,2019-02-25,2019-02-26,2019-02-27,2019-02-28,2019-03-01,2019-03-04,2019-03-05,2019-03-06,2019-03-07,85372.0,2019-02-21,252.0,1.9420%,-0.0005,1.3168,0.8685,0.4074,2.3746%,2.7503%,25.4560%,0.025747,FARO,85372.0,2019-02-22,252.0,-0.5155%,-0.0006,1.3206,0.8144,0.4027,2.3636%,2.7390%,25.5312%,-0.012601,FARO,85372.0,2019-02-25,252.0,2.9061%,-0.001,1.3344,0.8131,0.4532,2.2483%,2.6421%,27.5887%,0.029822,FARO,85372.0,2019-02-26,252.0,-0.2846%,-0.0009,1.3461,0.7923,0.4514,2.2445%,2.6419%,27.8265%,0.005889,FARO,85372.0,2019-02-27,252.0,0.0659%,-0.001,1.3349,0.8119,0.4495,2.2388%,2.6322%,27.6609%,-0.001616,FARO,85372.0,2019-02-28,252.0,0.5046%,-0.001,1.3359,0.813,0.4477,2.2395%,2.6314%,27.5670%,0.010046,FARO,85372.0,2019-03-01,252.0,0.1091%,-0.0009,1.3273,0.8002,0.4382,2.2390%,2.6241%,27.2004%,-0.009184,FARO,85372.0,2019-03-04,252.0,-0.3053%,-0.0009,1.3279,0.7926,0.4393,2.2392%,2.6240%,27.1743%,0.005251,FARO,85372.0,2019-03-05,252.0,0.6124%,-0.0009,1.3272,0.7955,0.4341,2.2403%,2.6236%,27.0809%,0.011803,FARO,85372.0,2019-03-06,252.0,-0.6957%,-0.0008,1.3217,0.7646,0.4237,2.2422%,2.6230%,26.9260%,0.0139519999999999,FARO,85372.0,2019-03-07,252.0,-1.5762%,-0.0008,1.3237,0.7699,0.4279,2.2421%,2.6243%,27.0082%,-0.003081,FARO,0.013146,0.042968,0.048857,0.057287,0.0760279999999999
5299,COMFORT SYSTEMS USA INC,Comfort Systems Raises Qtr. Dividend From $0.09 To $0.095/Share,6,increase,0.75,0.6,"raising the quarterly dividend typically signals financial strength and can attract investors, likely leading to an increase in stock price.",2,2019-02-21,FIX,2019-02-21 21:28:00+00:00,85059.0,19990810,0.0060031251050531,229192.0,0.0479306615889072,0.012152075767517,-0.0016531989676877,0.0071062101051211,-0.0047837779857218,0.0131999971345067,-0.0092438524588942,0.004419470205903,0.0005597831332124,0.0070806890726089,0.0001865374215412,0.0147813847288489,-0.0113742416724562,0.0128924706950783,-0.0022632766049355,0.0048056738451123,-0.0162570998072624,-0.0150236580520868,-0.0003843285376206,0.0,0.002402898389846,0.0154650304466486,0.021517751738429,0.0120558310300111,-0.0110964141786098,-0.0143840406090021,0.004184050951153,0.0010434694122523,-0.0068181934766471,0.0105440746992826,0.0003813969960901,0.0104410368949174,0.0059092906303703,-0.0144896814599633,-0.0094750802963972,-0.0043906103819608,-0.0042089386843144,0.0069474070332944,0.0061479290015995,-0.0114463940262794,-0.033797986805439,-0.0022840658202767,0.0134387416765093,0.0014555976958945,0.0035101464018225,0.0033381984103471,0.0068014436401426,0.0006262792740017,0.0127388499677181,-0.0012509915977716,-0.0015247156843543,0.0193411242216825,0.0118342991918325,0.0126990992575883,-0.0045274076983332,0.0110989836975932,0.012128091417253,-0.0023882025852799,0.0041191019117832,0.0158800445497036,0.0145440753549337,0.0145446751266717,-0.0009189347038045,0.038095224648714,-0.0084620872512459,-0.0094339586794376,0.0025973911397159,-0.005036658141762,0.0109178414568305,0.016759805381298,0.009884625673294,0.0056179272942245,0.0355266071856021,-0.0129389455541968,0.0108524225652217,0.0479418784379959,-0.0027705600950866,-0.0040993965230882,0.0,-0.0344586633145809,-0.0112867085263133,-0.0057870368473231,0.0056199454702436,-0.0221819728612899,0.0066364142112433,-0.0022583215031772,-0.0150936665013432,-0.0177462957799434,-0.0452703833580017,-0.0257185790687799,-0.029889278113842,-0.0125906988978385,0.0289082657545805,0.0012820806587114,-0.0279112458229064,0.0123296491801738,0.0011409274302423,-0.0062338975258171,-0.0062678409740328,-0.0310351569205522,-0.0045871152542531,-0.0060041598044335,-0.0207373611629009,-0.0635905861854553,-0.0176470894366502,-0.0205088872462511,-0.0039919549599289,0.0117195127531886,-0.0038076334167271,-0.0013430486433207,-0.0419270657002925,0.0136133953928947,0.0216705799102783,-0.0162617620080709,-0.0002059747930616,0.0120038511231541,0.0107106175273656,-0.0088274627923965,-0.0057061091065406,-0.0085616577416658,0.0479306615889072,0.012152075767517,0.0461982237009601,0.0193446410762554,0.0411934436697183,0.0327999874175368,0.0321462599131079,0.0447096710766197,0.0013474452058226,0.0627701009690857,0.0342229853757911,0.1389501370763901,-0.0572169987246741,-0.0175038435458128,2019-02-22,2019-02-25,2019-02-26,2019-02-27,2019-02-28,2019-03-01,2019-03-04,2019-03-05,2019-03-06,2019-03-07,85059.0,2019-02-21,252.0,0.6003%,0.001,0.9471,0.8383,0.5516,1.4340%,1.7461%,32.5510%,0.011318,FIX,85059.0,2019-02-22,252.0,4.7931%,0.0012,0.9407,0.8482,0.484,1.4601%,1.7706%,31.9956%,0.045171,FIX,85059.0,2019-02-25,252.0,-0.1653%,0.0011,0.9442,0.8523,0.499,1.4480%,1.7617%,32.4427%,-8.800000000000001e-05,FIX,85059.0,2019-02-26,252.0,-0.4784%,0.0012,0.9651,0.8284,0.5026,1.4304%,1.7551%,33.5739%,0.003728,FIX,85059.0,2019-02-27,252.0,-0.9244%,0.0011,0.9524,0.8473,0.5004,1.4215%,1.7430%,33.4829%,-0.011183,FIX,85059.0,2019-02-28,252.0,0.0560%,0.0011,0.9444,0.8419,0.4938,1.4191%,1.7346%,33.0742%,0.004494,FIX,85059.0,2019-03-01,252.0,0.0187%,0.0011,0.9469,0.8457,0.5016,1.4193%,1.7338%,32.9893%,-0.007169,FIX,85059.0,2019-03-04,252.0,-1.1374%,0.0011,0.9417,0.8688,0.5017,1.4175%,1.7328%,33.0815%,-0.005114,FIX,85059.0,2019-03-05,252.0,-0.2263%,0.0011,0.9423,0.8752,0.5014,1.4172%,1.7318%,33.0244%,0.003145,FIX,85059.0,2019-03-06,252.0,-1.6257%,0.0012,0.9498,0.8656,0.5086,1.4141%,1.7346%,33.5478%,0.002395,FIX,85059.0,2019-03-07,252.0,-0.0384%,0.0012,0.9439,0.8528,0.4971,1.4140%,1.7307%,33.2493%,0.009599,FIX,0.056489,0.056401,0.060129,0.05344,0.056296
5307,COMFORT SYSTEMS USA INC,"Comfort Systems USA Q4 EPS $0.67 Misses $0.80 Estimate, Sales $588.359M Beat $562.83M Estimate",6,decrease,0.7,0.6,"the earnings per share (eps) miss is likely to weigh more heavily on investor sentiment than the sales beat, leading to a potential decrease in stock price.",0,2019-02-21,FIX,2019-02-21 21:28:00+00:00,85059.0,19990810,0.0060031251050531,229192.0,0.0479306615889072,0.012152075767517,-0.0016531989676877,0.0071062101051211,-0.0047837779857218,0.0131999971345067,-0.0092438524588942,0.004419470205903,0.0005597831332124,0.0070806890726089,0.0001865374215412,0.0147813847288489,-0.0113742416724562,0.0128924706950783,-0.0022632766049355,0.0048056738451123,-0.0162570998072624,-0.0150236580520868,-0.0003843285376206,0.0,0.002402898389846,0.0154650304466486,0.021517751738429,0.0120558310300111,-0.0110964141786098,-0.0143840406090021,0.004184050951153,0.0010434694122523,-0.0068181934766471,0.0105440746992826,0.0003813969960901,0.0104410368949174,0.0059092906303703,-0.0144896814599633,-0.0094750802963972,-0.0043906103819608,-0.0042089386843144,0.0069474070332944,0.0061479290015995,-0.0114463940262794,-0.033797986805439,-0.0022840658202767,0.0134387416765093,0.0014555976958945,0.0035101464018225,0.0033381984103471,0.0068014436401426,0.0006262792740017,0.0127388499677181,-0.0012509915977716,-0.0015247156843543,0.0193411242216825,0.0118342991918325,0.0126990992575883,-0.0045274076983332,0.0110989836975932,0.012128091417253,-0.0023882025852799,0.0041191019117832,0.0158800445497036,0.0145440753549337,0.0145446751266717,-0.0009189347038045,0.038095224648714,-0.0084620872512459,-0.0094339586794376,0.0025973911397159,-0.005036658141762,0.0109178414568305,0.016759805381298,0.009884625673294,0.0056179272942245,0.0355266071856021,-0.0129389455541968,0.0108524225652217,0.0479418784379959,-0.0027705600950866,-0.0040993965230882,0.0,-0.0344586633145809,-0.0112867085263133,-0.0057870368473231,0.0056199454702436,-0.0221819728612899,0.0066364142112433,-0.0022583215031772,-0.0150936665013432,-0.0177462957799434,-0.0452703833580017,-0.0257185790687799,-0.029889278113842,-0.0125906988978385,0.0289082657545805,0.0012820806587114,-0.0279112458229064,0.0123296491801738,0.0011409274302423,-0.0062338975258171,-0.0062678409740328,-0.0310351569205522,-0.0045871152542531,-0.0060041598044335,-0.0207373611629009,-0.0635905861854553,-0.0176470894366502,-0.0205088872462511,-0.0039919549599289,0.0117195127531886,-0.0038076334167271,-0.0013430486433207,-0.0419270657002925,0.0136133953928947,0.0216705799102783,-0.0162617620080709,-0.0002059747930616,0.0120038511231541,0.0107106175273656,-0.0088274627923965,-0.0057061091065406,-0.0085616577416658,0.0479306615889072,0.012152075767517,0.0461982237009601,0.0193446410762554,0.0411934436697183,0.0327999874175368,0.0321462599131079,0.0447096710766197,0.0013474452058226,0.0627701009690857,0.0342229853757911,0.1389501370763901,-0.0572169987246741,-0.0175038435458128,2019-02-22,2019-02-25,2019-02-26,2019-02-27,2019-02-28,2019-03-01,2019-03-04,2019-03-05,2019-03-06,2019-03-07,85059.0,2019-02-21,252.0,0.6003%,0.001,0.9471,0.8383,0.5516,1.4340%,1.7461%,32.5510%,0.011318,FIX,85059.0,2019-02-22,252.0,4.7931%,0.0012,0.9407,0.8482,0.484,1.4601%,1.7706%,31.9956%,0.045171,FIX,85059.0,2019-02-25,252.0,-0.1653%,0.0011,0.9442,0.8523,0.499,1.4480%,1.7617%,32.4427%,-8.800000000000001e-05,FIX,85059.0,2019-02-26,252.0,-0.4784%,0.0012,0.9651,0.8284,0.5026,1.4304%,1.7551%,33.5739%,0.003728,FIX,85059.0,2019-02-27,252.0,-0.9244%,0.0011,0.9524,0.8473,0.5004,1.4215%,1.7430%,33.4829%,-0.011183,FIX,85059.0,2019-02-28,252.0,0.0560%,0.0011,0.9444,0.8419,0.4938,1.4191%,1.7346%,33.0742%,0.004494,FIX,85059.0,2019-03-01,252.0,0.0187%,0.0011,0.9469,0.8457,0.5016,1.4193%,1.7338%,32.9893%,-0.007169,FIX,85059.0,2019-03-04,252.0,-1.1374%,0.0011,0.9417,0.8688,0.5017,1.4175%,1.7328%,33.0815%,-0.005114,FIX,85059.0,2019-03-05,252.0,-0.2263%,0.0011,0.9423,0.8752,0.5014,1.4172%,1.7318%,33.0244%,0.003145,FIX,85059.0,2019-03-06,252.0,-1.6257%,0.0012,0.9498,0.8656,0.5086,1.4141%,1.7346%,33.5478%,0.002395,FIX,85059.0,2019-03-07,252.0,-0.0384%,0.0012,0.9439,0.8528,0.4971,1.4140%,1.7307%,33.2493%,0.009599,FIX,0.056489,0.056401,0.060129,0.05344,0.056296
5315,FLUOR CORP NEW,"Fluor Q4 EPS $0.77 Beats $0.61 Estimate, Sales $4.801B Miss $4.82B Estimate",6,increase,0.7,0.5,"the earnings per share (eps) beat expectations, which is generally viewed positively by investors, despite the slight miss in sales.",2,2019-02-21,FLR,2019-02-21 21:18:00+00:00,88853.0,34341210,0.0031829953659325,2940753.0,0.0150713827461004,0.018918938934803,-0.0112008415162563,0.019002990797162,0.0089568011462688,0.017371891066432,0.0026110259350389,-0.0119047705084085,-0.0208334121853113,-0.0141921527683734,0.0013297911500558,0.065116211771965,0.0064103016629815,-0.0023201280273497,-0.0066348193213343,-0.0080552008002996,-0.0168314464390277,-0.0389825813472271,-0.0116847911849618,0.0123145431280136,0.0041243201121687,-0.0129834590479731,0.0180722847580909,-0.0033039352856576,0.002689576940611,-0.0068362047895789,0.0139485104009509,0.0082712778821587,-0.0058200373314321,0.0008277808665297,0.0042575793340802,-0.0052154441364109,0.00953886564821,-0.0238477867096662,-0.0107611510902643,0.0135795762762427,-0.0156540237367153,0.0090435184538364,0.011859904974699,-0.0137837380170822,-0.0519446097314357,-0.0397092886269092,-0.0028097352478653,0.0315930470824241,0.0132430931553244,0.0249725542962551,0.0027809313032776,-0.0016438732855021,0.0171935353428125,-0.0051784855313599,0.0032715084962546,0.0013646080624312,0.0500000044703483,0.0143964691087603,-0.0036231726408004,0.0089385388419032,0.0114285359159112,0.0144516378641128,0.0243965275585651,0.0108851641416549,0.0160441063344478,0.0231536030769348,-0.0074019059538841,0.0540624037384986,-0.0253542251884937,-0.0173041801899671,0.0135170267894864,0.0229812990874052,0.0284347552806139,0.0116242803633213,0.0075850593857467,-0.0099533926695585,-0.0162700824439525,-0.0049520223401486,0.0012343385023996,0.0773591771721839,0.0036981683224439,-0.0079391254112124,0.0083517599850893,-0.0264090076088905,0.0073081422597169,-0.0278647858649492,0.0050786677747964,-0.0135886510834097,-0.0098652513697743,-0.0061387582682073,-0.0311057735234499,-0.0097264340147376,-0.0032605282030999,-0.0187890622764825,-0.0035229793284088,-0.0170038640499115,0.0032828554976731,0.0091716386377811,-0.0145984906703233,-0.0534864142537117,-0.2408685088157654,-0.022447295486927,-0.0134589374065399,-0.0216925907880067,-0.0105729699134826,-0.0366356596350669,0.0179248694330453,-0.0628627240657806,-0.0091432593762874,0.015636458992958,0.0222146138548851,-0.003651448758319,0.027415569871664,-0.0172248184680938,-0.0390497520565986,0.0267747528851032,0.0128682404756546,-0.0123726865276694,-0.0070210327394306,0.0251181833446025,-0.0067340321838855,-0.0348055884242057,0.0037288342136889,0.006280152592808,0.0150713827461004,0.018918938934803,0.0037017290602741,0.0382814461544351,0.0126916858576331,0.0563183583333275,-0.0058170601583346,0.0289301687318073,-0.0329455933484781,0.0551357714474998,0.0606489098505447,0.0799198126563369,-0.2126895226299665,-0.084748400299216,2019-02-22,2019-02-25,2019-02-26,2019-02-27,2019-02-28,2019-03-01,2019-03-04,2019-03-05,2019-03-06,2019-03-07,88853.0,2019-02-21,252.0,0.3183%,-0.0012,1.4995,0.4174,1.0222,2.1734%,2.6122%,30.7764%,0.011227,FLR,88853.0,2019-02-22,252.0,1.5071%,-0.0011,1.4963,0.4333,0.9982,2.1759%,2.6135%,30.6837%,0.017956,FLR,88853.0,2019-02-25,252.0,-1.1201%,-0.0012,1.4983,0.44,1.009,2.1742%,2.6130%,30.7656%,-0.010622,FLR,88853.0,2019-02-26,252.0,0.8957%,-0.0011,1.5054,0.4073,0.9978,2.1743%,2.6138%,30.8022%,0.0174,FLR,88853.0,2019-02-27,252.0,0.2611%,-0.001,1.5079,0.4034,0.9982,2.1740%,2.6133%,30.7929%,0.00158,FLR,88853.0,2019-02-28,252.0,-2.0833%,-0.0011,1.5143,0.4074,1.0058,2.1751%,2.6151%,30.8236%,-0.013844,FLR,88853.0,2019-03-01,252.0,0.1330%,-0.0012,1.5197,0.4153,1.0168,2.1743%,2.6143%,30.8300%,-0.006821,FLR,88853.0,2019-03-04,252.0,0.6410%,-0.0011,1.516,0.4158,1.0204,2.1757%,2.6121%,30.6276%,0.0119189999999999,FLR,88853.0,2019-03-05,252.0,-0.6635%,-0.0011,1.5147,0.4063,1.0192,2.1754%,2.6105%,30.5550%,-0.00041,FLR,88853.0,2019-03-06,252.0,-1.6831%,-0.0011,1.5181,0.3996,1.0221,2.1749%,2.6116%,30.6477%,0.0005149999999999,FLR,88853.0,2019-03-07,252.0,-1.1685%,-0.0011,1.5154,0.3973,1.0179,2.1752%,2.6117%,30.6314%,0.004326,FLR,0.029183,0.018561,0.035961,0.0236969999999999,0.0332259999999999
5323,FIRST SOLAR INC,First Solar Reaffirms FY19 Sales Guidance $3.25B-$3.45B,6,uncertain,0.6,0.2,"while reaffirming sales guidance can be seen as a positive sign of stability, it does not provide new information that could significantly sway investor sentiment either way.",1,2019-02-21,FSLR,2019-02-21 21:08:00+00:00,91611.0,33643310,0.0050300280563533,2368070.0,0.0342636927962303,-0.0071072364225983,-0.0364786721765995,0.058560412377119,0.0023179240524768,-0.03606428951025,0.0094430847093462,0.0075039705261588,0.0032454784959554,0.0075607057660818,0.0163653790950775,0.0108607616275548,-0.0172252040356397,0.0336798913776874,-0.0057154321111738,0.0020833015441894,-0.0157118160277605,-0.0182041190564632,-0.0196612477302551,-0.0085175819694995,0.0158856082707643,0.0004057711048517,0.0480844229459762,0.0177576001733541,0.0057814507745206,-0.0426961816847324,0.0144631704315543,-0.0023663761094212,-0.0049351206980645,0.0125798173248767,-0.013409249484539,-0.0122287757694721,0.0180599745362997,0.0168471746146678,0.0140819391235709,0.0259259715676307,0.0036068668123334,0.044262945652008,-0.0150943417102098,0.0071413512341678,-0.043787658214569,-0.036086767911911,-0.0131654003635048,-0.0090947179123759,-0.015467963181436,0.0228330194950103,0.0053024445660412,0.0093896416947245,0.0162141397595405,0.0027819615788757,0.0157631617039442,-0.0162105355411768,0.0240348298102617,-0.005027265753597,-0.0038809662219136,0.0166099369525909,0.0176251754164695,0.0157906021922826,0.009662764146924,0.0096090547740459,0.0164319220930337,-0.0114421155303716,0.0140344807878136,0.0662983655929565,-0.0166433211416006,0.0206766258925199,0.0826652273535728,0.0024731960147619,-0.0023037581704556,0.0015334381023421,-0.0074220807291567,0.0021276632323861,0.0008308281539939,0.0073826517909765,0.004648826085031,0.0700815469026565,0.0024789543822407,-0.0323057360947132,-0.013353138230741,-0.0429549142718315,0.0018379384418949,0.0028402113821357,0.0276851207017898,-0.0226694326847791,0.0032457117922604,0.0283063407987356,-0.0092203123494982,-0.0366635769605636,0.0047347089275717,-0.0366445891559124,0.0048748655244708,0.038990844041109,-0.0050129587762057,0.0270906407386064,-0.0107264723628759,-0.0175884831696748,-0.0165927112102508,0.0145573830232024,0.0317406915128231,-0.0256234034895896,-0.0238017719238996,-0.0177528299391269,0.0232210606336593,-0.0409483090043067,-0.0220456607639789,0.0438695326447486,-0.0233715176582336,0.002480843802914,0.0181602779775857,-0.0233480464667081,-0.0265044197440147,0.0118119595572352,0.0159246623516082,0.0331567712128162,0.0089330654591321,0.0020766071975231,0.0135315330699086,0.0173709318041801,-0.0377451330423355,0.0130796488374471,0.0342636927962303,-0.0071072364225983,-0.0034648733974426,0.0510369732587516,-0.0011549806583524,0.0131320715691711,0.011549539433153,0.0284520586340673,-0.0306063496158615,0.0482660167205819,0.0660250318465616,0.1288490411856788,0.1237728661647195,0.229250871180678,2019-02-22,2019-02-25,2019-02-26,2019-02-27,2019-02-28,2019-03-01,2019-03-04,2019-03-05,2019-03-06,2019-03-07,91611.0,2019-02-21,252.0,0.5030%,-0.0009,1.2001,0.2777,0.1245,2.1699%,2.5061%,25.0276%,0.009803,FSLR,91611.0,2019-02-22,252.0,3.4264%,-0.0008,1.1964,0.2766,0.079,2.1764%,2.5157%,25.1496%,0.026666,FSLR,91611.0,2019-02-25,252.0,-3.6479%,-0.001,1.1959,0.2942,0.0865,2.1884%,2.5256%,24.9193%,-0.037512,FSLR,91611.0,2019-02-26,252.0,0.2318%,-0.0006,1.2452,0.2365,0.0942,2.1226%,2.4898%,27.3210%,0.0063,FSLR,91611.0,2019-02-27,252.0,0.9443%,-0.0007,1.227,0.2715,0.0911,2.1069%,2.4671%,27.0673%,0.0078859999999999,FSLR,91611.0,2019-02-28,252.0,0.3245%,-0.0007,1.2208,0.2675,0.0849,2.1068%,2.4624%,26.7965%,0.007123,FSLR,91611.0,2019-03-01,252.0,1.6365%,-0.0007,1.2259,0.2751,0.0891,2.1071%,2.4639%,26.8701%,0.007049,FSLR,91611.0,2019-03-04,252.0,-1.7225%,-0.0007,1.2272,0.2792,0.0868,2.1079%,2.4651%,26.8820%,-0.010188,FSLR,91611.0,2019-03-05,252.0,-0.5715%,-0.0008,1.2218,0.2358,0.0837,2.1017%,2.4545%,26.6807%,-0.002645,FSLR,91611.0,2019-03-06,252.0,-1.5712%,-0.0009,1.2143,0.2465,0.0767,2.0995%,2.4503%,26.5820%,-0.002601,FSLR,91611.0,2019-03-07,252.0,-1.9661%,-0.001,1.2144,0.2297,0.072,2.0978%,2.4493%,26.6424%,-0.009368,FSLR,0.036469,-0.0010429999999999,0.005257,0.020266,0.002513
5331,FIRST SOLAR INC,"First Solar Q4 EPS $0.49, Sales $691M; Reaffirms FY19 EPS $2.25-$2.75",6,increase,0.7,0.6,"the positive earnings per share (eps) and reaffirmation of guidance suggest strong performance, which could boost investor confidence and lead to an increase in stock price.",2,2019-02-21,FSLR,2019-02-21 21:07:00+00:00,91611.0,33643310,0.0050300280563533,2368070.0,0.0342636927962303,-0.0071072364225983,-0.0364786721765995,0.058560412377119,0.0023179240524768,-0.03606428951025,0.0094430847093462,0.0075039705261588,0.0032454784959554,0.0075607057660818,0.0163653790950775,0.0108607616275548,-0.0172252040356397,0.0336798913776874,-0.0057154321111738,0.0020833015441894,-0.0157118160277605,-0.0182041190564632,-0.0196612477302551,-0.0085175819694995,0.0158856082707643,0.0004057711048517,0.0480844229459762,0.0177576001733541,0.0057814507745206,-0.0426961816847324,0.0144631704315543,-0.0023663761094212,-0.0049351206980645,0.0125798173248767,-0.013409249484539,-0.0122287757694721,0.0180599745362997,0.0168471746146678,0.0140819391235709,0.0259259715676307,0.0036068668123334,0.044262945652008,-0.0150943417102098,0.0071413512341678,-0.043787658214569,-0.036086767911911,-0.0131654003635048,-0.0090947179123759,-0.015467963181436,0.0228330194950103,0.0053024445660412,0.0093896416947245,0.0162141397595405,0.0027819615788757,0.0157631617039442,-0.0162105355411768,0.0240348298102617,-0.005027265753597,-0.0038809662219136,0.0166099369525909,0.0176251754164695,0.0157906021922826,0.009662764146924,0.0096090547740459,0.0164319220930337,-0.0114421155303716,0.0140344807878136,0.0662983655929565,-0.0166433211416006,0.0206766258925199,0.0826652273535728,0.0024731960147619,-0.0023037581704556,0.0015334381023421,-0.0074220807291567,0.0021276632323861,0.0008308281539939,0.0073826517909765,0.004648826085031,0.0700815469026565,0.0024789543822407,-0.0323057360947132,-0.013353138230741,-0.0429549142718315,0.0018379384418949,0.0028402113821357,0.0276851207017898,-0.0226694326847791,0.0032457117922604,0.0283063407987356,-0.0092203123494982,-0.0366635769605636,0.0047347089275717,-0.0366445891559124,0.0048748655244708,0.038990844041109,-0.0050129587762057,0.0270906407386064,-0.0107264723628759,-0.0175884831696748,-0.0165927112102508,0.0145573830232024,0.0317406915128231,-0.0256234034895896,-0.0238017719238996,-0.0177528299391269,0.0232210606336593,-0.0409483090043067,-0.0220456607639789,0.0438695326447486,-0.0233715176582336,0.002480843802914,0.0181602779775857,-0.0233480464667081,-0.0265044197440147,0.0118119595572352,0.0159246623516082,0.0331567712128162,0.0089330654591321,0.0020766071975231,0.0135315330699086,0.0173709318041801,-0.0377451330423355,0.0130796488374471,0.0342636927962303,-0.0071072364225983,-0.0034648733974426,0.0510369732587516,-0.0011549806583524,0.0131320715691711,0.011549539433153,0.0284520586340673,-0.0306063496158615,0.0482660167205819,0.0660250318465616,0.1288490411856788,0.1237728661647195,0.229250871180678,2019-02-22,2019-02-25,2019-02-26,2019-02-27,2019-02-28,2019-03-01,2019-03-04,2019-03-05,2019-03-06,2019-03-07,91611.0,2019-02-21,252.0,0.5030%,-0.0009,1.2001,0.2777,0.1245,2.1699%,2.5061%,25.0276%,0.009803,FSLR,91611.0,2019-02-22,252.0,3.4264%,-0.0008,1.1964,0.2766,0.079,2.1764%,2.5157%,25.1496%,0.026666,FSLR,91611.0,2019-02-25,252.0,-3.6479%,-0.001,1.1959,0.2942,0.0865,2.1884%,2.5256%,24.9193%,-0.037512,FSLR,91611.0,2019-02-26,252.0,0.2318%,-0.0006,1.2452,0.2365,0.0942,2.1226%,2.4898%,27.3210%,0.0063,FSLR,91611.0,2019-02-27,252.0,0.9443%,-0.0007,1.227,0.2715,0.0911,2.1069%,2.4671%,27.0673%,0.0078859999999999,FSLR,91611.0,2019-02-28,252.0,0.3245%,-0.0007,1.2208,0.2675,0.0849,2.1068%,2.4624%,26.7965%,0.007123,FSLR,91611.0,2019-03-01,252.0,1.6365%,-0.0007,1.2259,0.2751,0.0891,2.1071%,2.4639%,26.8701%,0.007049,FSLR,91611.0,2019-03-04,252.0,-1.7225%,-0.0007,1.2272,0.2792,0.0868,2.1079%,2.4651%,26.8820%,-0.010188,FSLR,91611.0,2019-03-05,252.0,-0.5715%,-0.0008,1.2218,0.2358,0.0837,2.1017%,2.4545%,26.6807%,-0.002645,FSLR,91611.0,2019-03-06,252.0,-1.5712%,-0.0009,1.2143,0.2465,0.0767,2.0995%,2.4503%,26.5820%,-0.002601,FSLR,91611.0,2019-03-07,252.0,-1.9661%,-0.001,1.2144,0.2297,0.072,2.0978%,2.4493%,26.6424%,-0.009368,FSLR,0.036469,-0.0010429999999999,0.005257,0.020266,0.002513
5339,FIRST SOLAR INC,First Solar Q4 Earnings Outlook,6,uncertain,0.5,0.5,the impact on first solar inc's stock price is uncertain as it depends on the specifics of the q4 earnings report and market expectations.,1,2019-02-21,FSLR,2019-02-21 13:01:00+00:00,91611.0,33643310,0.0050300280563533,2368070.0,0.0342636927962303,-0.0071072364225983,-0.0364786721765995,0.058560412377119,0.0023179240524768,-0.03606428951025,0.0094430847093462,0.0075039705261588,0.0032454784959554,0.0075607057660818,0.0163653790950775,0.0108607616275548,-0.0172252040356397,0.0336798913776874,-0.0057154321111738,0.0020833015441894,-0.0157118160277605,-0.0182041190564632,-0.0196612477302551,-0.0085175819694995,0.0158856082707643,0.0004057711048517,0.0480844229459762,0.0177576001733541,0.0057814507745206,-0.0426961816847324,0.0144631704315543,-0.0023663761094212,-0.0049351206980645,0.0125798173248767,-0.013409249484539,-0.0122287757694721,0.0180599745362997,0.0168471746146678,0.0140819391235709,0.0259259715676307,0.0036068668123334,0.044262945652008,-0.0150943417102098,0.0071413512341678,-0.043787658214569,-0.036086767911911,-0.0131654003635048,-0.0090947179123759,-0.015467963181436,0.0228330194950103,0.0053024445660412,0.0093896416947245,0.0162141397595405,0.0027819615788757,0.0157631617039442,-0.0162105355411768,0.0240348298102617,-0.005027265753597,-0.0038809662219136,0.0166099369525909,0.0176251754164695,0.0157906021922826,0.009662764146924,0.0096090547740459,0.0164319220930337,-0.0114421155303716,0.0140344807878136,0.0662983655929565,-0.0166433211416006,0.0206766258925199,0.0826652273535728,0.0024731960147619,-0.0023037581704556,0.0015334381023421,-0.0074220807291567,0.0021276632323861,0.0008308281539939,0.0073826517909765,0.004648826085031,0.0700815469026565,0.0024789543822407,-0.0323057360947132,-0.013353138230741,-0.0429549142718315,0.0018379384418949,0.0028402113821357,0.0276851207017898,-0.0226694326847791,0.0032457117922604,0.0283063407987356,-0.0092203123494982,-0.0366635769605636,0.0047347089275717,-0.0366445891559124,0.0048748655244708,0.038990844041109,-0.0050129587762057,0.0270906407386064,-0.0107264723628759,-0.0175884831696748,-0.0165927112102508,0.0145573830232024,0.0317406915128231,-0.0256234034895896,-0.0238017719238996,-0.0177528299391269,0.0232210606336593,-0.0409483090043067,-0.0220456607639789,0.0438695326447486,-0.0233715176582336,0.002480843802914,0.0181602779775857,-0.0233480464667081,-0.0265044197440147,0.0118119595572352,0.0159246623516082,0.0331567712128162,0.0089330654591321,0.0020766071975231,0.0135315330699086,0.0173709318041801,-0.0377451330423355,0.0130796488374471,0.0342636927962303,-0.0071072364225983,-0.0034648733974426,0.0510369732587516,-0.0011549806583524,0.0131320715691711,0.011549539433153,0.0284520586340673,-0.0306063496158615,0.0482660167205819,0.0660250318465616,0.1288490411856788,0.1237728661647195,0.229250871180678,2019-02-22,2019-02-25,2019-02-26,2019-02-27,2019-02-28,2019-03-01,2019-03-04,2019-03-05,2019-03-06,2019-03-07,91611.0,2019-02-21,252.0,0.5030%,-0.0009,1.2001,0.2777,0.1245,2.1699%,2.5061%,25.0276%,0.009803,FSLR,91611.0,2019-02-22,252.0,3.4264%,-0.0008,1.1964,0.2766,0.079,2.1764%,2.5157%,25.1496%,0.026666,FSLR,91611.0,2019-02-25,252.0,-3.6479%,-0.001,1.1959,0.2942,0.0865,2.1884%,2.5256%,24.9193%,-0.037512,FSLR,91611.0,2019-02-26,252.0,0.2318%,-0.0006,1.2452,0.2365,0.0942,2.1226%,2.4898%,27.3210%,0.0063,FSLR,91611.0,2019-02-27,252.0,0.9443%,-0.0007,1.227,0.2715,0.0911,2.1069%,2.4671%,27.0673%,0.0078859999999999,FSLR,91611.0,2019-02-28,252.0,0.3245%,-0.0007,1.2208,0.2675,0.0849,2.1068%,2.4624%,26.7965%,0.007123,FSLR,91611.0,2019-03-01,252.0,1.6365%,-0.0007,1.2259,0.2751,0.0891,2.1071%,2.4639%,26.8701%,0.007049,FSLR,91611.0,2019-03-04,252.0,-1.7225%,-0.0007,1.2272,0.2792,0.0868,2.1079%,2.4651%,26.8820%,-0.010188,FSLR,91611.0,2019-03-05,252.0,-0.5715%,-0.0008,1.2218,0.2358,0.0837,2.1017%,2.4545%,26.6807%,-0.002645,FSLR,91611.0,2019-03-06,252.0,-1.5712%,-0.0009,1.2143,0.2465,0.0767,2.0995%,2.4503%,26.5820%,-0.002601,FSLR,91611.0,2019-03-07,252.0,-1.9661%,-0.001,1.2144,0.2297,0.072,2.0978%,2.4493%,26.6424%,-0.009368,FSLR,0.036469,-0.0010429999999999,0.005257,0.020266,0.002513
5347,FEDERAL SIGNAL CORP,Federal Signal to Invest Up $25M to Expand Illinois Manufacturing Facility to Support Increased Demand,6,increase,0.8,0.6,"the investment to expand manufacturing capacity indicates confidence in future demand, which is likely to positively influence investor sentiment and stock price.",2,2019-02-21,FSS,2019-02-21 08:56:00+00:00,47706.0,31385510,-0.0017498212400823,512907.0,0.0122699690982699,0.006605087313801,-0.0017316413577646,0.0035351270344108,-0.0073720761574804,0.0338053815066814,0.0017475279746577,0.0022893422283232,0.0719581171870231,0.0041379379108548,-0.001627299003303,0.0216063447296619,0.0175223462283611,0.0147760426625609,-0.0048057241365313,-0.015023460611701,-0.0177062582224607,-0.0148011837154626,-0.0045063747093081,0.0,-0.0123456483706831,-0.0082568079233169,0.0150000257417559,0.0083255497738718,0.0,-0.0163784679025411,0.0127257574349641,0.0180638898164033,0.0008107197936624,0.006526777986437,0.0243012774735689,0.0028051133267581,0.0194367989897728,-0.0188073329627513,-0.0042801792733371,0.0059990384615957,-0.0027354315388947,0.0060352440923452,0.0023510761093348,-0.0041608065366745,-0.0410476624965667,-0.0127795841544866,0.0081532346084713,0.0036646781954914,0.0072786216624081,0.0055274455808103,0.0180650651454925,0.0097673991695046,0.0153785245493054,-0.0018570526735857,0.0093203792348504,-0.0209090486168861,0.0115429451689124,0.0171059109270572,-0.0159756578505039,0.0145403128117322,0.0112098567187786,0.0279652811586856,0.0061162021011114,0.0186640061438083,0.007218865212053,0.0361323654651641,0.001508827204816,0.0123647488653659,-0.0045197340659797,-0.0265797730535268,0.0128641752526164,0.0020100963301956,0.0041090287268161,0.0127226468175649,0.0026042263489216,-0.0020315344445407,-0.004823787137866,0.004591844510287,0.0085756732150912,0.0498125478625297,0.0103512275964021,-0.046475987881422,0.0160995442420244,-0.0091093266382813,0.0025206948630511,-0.0115057304501533,0.0197557192295789,-0.0394041202962398,0.0119760539382696,0.0358386896550655,-0.0191437266767025,-0.0233349315822124,0.0149041898548603,-0.0110576711595058,0.0087412586435675,-0.0193304978311061,-0.0027729608118534,0.0061669433489441,-0.0090371994301676,0.0066857393831014,-0.0473518185317516,-0.0103969434276223,0.0114138247445225,-0.0377444252371788,-0.0065525448881089,-0.0183035656809806,-0.0256504490971565,-0.0468085259199142,-0.0184279717504978,0.0017050689784809,0.0042145098559558,0.0064349900931119,-0.0049599069170653,-0.0089286137372255,-0.0245398543775081,0.0239443257451057,0.0023584724403917,-0.0283417981117963,0.0003934000269509,0.0180878583341836,0.0003932453400921,-0.0085397418588399,-0.0271226614713668,0.0081791020929813,0.0122699690982699,0.006605087313801,0.0105170805545562,0.0101635641709394,0.0030674716782732,0.044312528841887,0.0771253413727568,0.0510345109531031,0.0648553729690342,0.0573542890075831,0.1570342928134658,0.1227897809610301,0.0914408116656615,-0.0159276382528456,2019-02-22,2019-02-25,2019-02-26,2019-02-27,2019-02-28,2019-03-01,2019-03-04,2019-03-05,2019-03-06,2019-03-07,47706.0,2019-02-21,252.0,-0.1750%,0.0007,1.0289,1.0333,0.343,1.7782%,2.1195%,29.6182%,0.003437,FSS,47706.0,2019-02-22,252.0,1.2270%,0.0007,1.0285,1.0287,0.3342,1.7782%,2.1201%,29.6540%,0.004841,FSS,47706.0,2019-02-25,252.0,-0.1732%,0.0007,1.028,1.0286,0.3321,1.7779%,2.1199%,29.6576%,-9.8e-05,FSS,47706.0,2019-02-26,252.0,-0.7372%,0.0007,1.0333,1.0219,0.3327,1.7770%,2.1205%,29.7711%,0.001852,FSS,47706.0,2019-02-27,252.0,0.1748%,0.0007,1.0336,1.0209,0.3327,1.7770%,2.1202%,29.7527%,-0.000825,FSS,47706.0,2019-02-28,252.0,7.1958%,0.001,1.0236,1.0165,0.3079,1.8377%,2.1667%,28.0675%,0.07569,FSS,47706.0,2019-03-01,252.0,-0.1627%,0.0005,1.086,1.1094,0.41,1.7100%,2.0913%,33.1405%,-0.010803,FSS,47706.0,2019-03-04,252.0,1.7522%,0.0007,1.0778,1.1138,0.4173,1.7161%,2.0924%,32.7334%,0.025918,FSS,47706.0,2019-03-05,252.0,-0.4806%,0.0006,1.0752,1.0938,0.4152,1.7146%,2.0844%,32.3321%,0.001391,FSS,47706.0,2019-03-06,252.0,-1.7706%,0.0006,1.072,1.0864,0.4106,1.7147%,2.0865%,32.4615%,0.0048509999999999,FSS,47706.0,2019-03-07,252.0,-0.4506%,0.0007,1.07,1.0877,0.4083,1.7150%,2.0859%,32.3995%,0.006309,FSS,0.008278,0.00818,0.010032,0.084897,0.1125629999999999
5355,TECHNIPFMC PLC,TechnipFMC shares are trading lower after the company reported Q4 EPS of $(0.09) missing the $0.37 consensus estimate with worse than expected sales results.,6,decrease,0.85,0.7,"the significant miss in eps and worse than expected sales results are likely to lead to negative investor sentiment, resulting in a decrease in stock price.",0,2019-02-21,FTI,2019-02-21 13:30:00+00:00,16538.0,G8711010,-0.0788938775658607,8186046.0,0.0026489831507205,0.0267223119735717,0.012329401448369,0.0174171552062034,-0.0086993845179677,0.0301969591528177,-0.0157964285463094,0.0066079124808311,-0.0062416135333478,0.0039805462583899,0.0031404078472405,-0.0044032796286046,0.0058139157481491,0.0161073245108127,-0.0142285330221056,-0.007548848632723,-0.0081190932542085,-0.0525872930884361,-0.0213733203709125,0.0072033931501209,-0.0250929780304431,0.0034013572148978,0.0285986848175525,0.0151057569310069,-0.0041705351322889,0.0091463848948478,0.0190786346793174,-0.0077787516638636,0.0497716963291168,0.0052128117531538,-0.0034797706175595,0.0074398280121386,0.0218245666474103,-0.0193132553249597,0.000859044259414,0.0192475337535142,0.0188841428607702,0.012400384992361,0.0037910763639956,-0.0191138368099927,-0.0490977801382541,-0.0440199114382267,0.0282435752451419,0.0348087437450885,0.0055794450454413,0.0104211792349815,-0.0089629106223583,0.0140907801687717,0.0176571868360042,0.005312037654221,-0.0046550445258617,-0.0004424880025908,0.035714291036129,-0.0035273334942758,-0.0164204239845275,-0.0104711940512061,-0.003756187390536,0.0264218617230653,0.012568044476211,0.0290322192013263,0.0417873486876487,0.0392721071839332,0.0039714211598038,0.0529500357806682,-0.0253165066242218,0.0020211725495755,0.0077110608108341,0.0107252802699804,-0.0044301492162048,-0.0045755035243928,-0.0020226228516548,0.0040837121196091,-0.0101337656378746,-0.0025457860901951,0.0073710200376808,0.0593310892581939,-0.0036585426423698,-0.0328638069331646,-0.0024479585699737,0.0047169891186058,0.0208588261157274,-0.0010471444111317,0.0192308276891708,-0.0031314962543547,-0.0259433891624212,-0.02741121314466,-0.0205811224877834,-0.0218470022082328,0.0296662263572216,-0.0566745176911354,0.005602216348052,0.005178936291486,-0.0214882213622331,0.0315687023103237,-0.033346876502037,-0.0181210860610008,-0.0134623339399695,-0.0014286041259765,0.0021321636158972,-0.0318119190633297,-0.0119149228557944,-0.0774138495326042,-0.0176571868360042,-0.0427524112164974,0.0013152427272871,0.0636638924479484,0.0017512700287625,-0.0253271572291851,-0.0021852813661098,0.0050912532024085,-0.0346035473048687,0.0155105823650956,0.0258620548993349,-0.0256087575107812,0.008403300307691,0.0530503466725349,0.0074561438523232,-0.0419313758611679,-0.0222028847783803,0.0211937613785266,0.0026489831507205,0.0267223119735717,0.0150110449757847,0.0446048938348875,0.0061810736055563,0.076148785144853,-0.0158939826079226,0.0875718482041332,-0.0498895884326364,0.0419491434748118,0.0730671249587064,0.133179696139658,-0.0028511950800588,0.0635812854881923,2019-02-22,2019-02-25,2019-02-26,2019-02-27,2019-02-28,2019-03-01,2019-03-04,2019-03-05,2019-03-06,2019-03-07,16538.0,2019-02-21,252.0,-7.8894%,-0.0006,1.3645,0.743,1.2274,1.8809%,2.3097%,33.6878%,-0.070766,FTI,16538.0,2019-02-22,252.0,0.2649%,-0.0005,1.3626,0.7614,1.2223,1.8800%,2.3091%,33.7152%,0.0076359999999999,FTI,16538.0,2019-02-25,252.0,1.2329%,-0.0007,1.369,0.7604,1.2453,1.8502%,2.2884%,34.6338%,0.014365,FTI,16538.0,2019-02-26,252.0,-0.8699%,-0.0006,1.3747,0.7507,1.2447,1.8490%,2.2886%,34.7250%,0.0023669999999999,FTI,16538.0,2019-02-27,252.0,-1.5796%,-0.0006,1.3847,0.7281,1.2463,1.8461%,2.2893%,34.9699%,-0.0170659999999999,FTI,16538.0,2019-02-28,252.0,-0.6242%,-0.0006,1.3846,0.7281,1.2458,1.8461%,2.2868%,34.8290%,0.000921,FTI,16538.0,2019-03-01,252.0,0.3140%,-0.0005,1.3788,0.7196,1.2386,1.8455%,2.2790%,34.4238%,-0.004047,FTI,16538.0,2019-03-04,252.0,0.5814%,-0.0006,1.3836,0.6934,1.2397,1.8451%,2.2793%,34.4714%,0.010942,FTI,16538.0,2019-03-05,252.0,-1.4229%,-0.0005,1.388,0.7233,1.2452,1.8431%,2.2808%,34.6993%,-0.006841,FTI,16538.0,2019-03-06,252.0,-0.8119%,-0.0006,1.3721,0.7067,1.2249,1.8404%,2.2704%,34.2967%,0.0120659999999999,FTI,16538.0,2019-03-07,252.0,-2.1373%,-0.0006,1.3756,0.7138,1.2316,1.8404%,2.2737%,34.4808%,-0.005676,FTI,-0.0631299999999999,-0.0487649999999999,-0.0463979999999999,-0.0625429999999999,-0.0560989999999999
5363,GERMAN AMERICAN BANCORP INC,German American Bancorp Reports Merger Deal With Citizens First At $5.80/Share In Cash Plus 0.6629 Shares Of GABC Stock,6,increase,0.75,0.6,"the merger deal typically signals growth potential and investor confidence, which can lead to an increase in stock price.",2,2019-02-21,GABC,2019-02-21 23:00:00+00:00,79166.0,37386510,0.0003165631205774,68836.0,-0.0189873538911342,0.0031756234820932,-0.004193521104753,0.016134237870574,-0.0003239465004298,0.0197433494031429,0.0029164014849811,-0.0088062770664691,0.0006461567245423,0.0045871357433497,0.0009687015553936,0.0082590021193027,0.0006451760418713,0.0066511728800833,-0.0019342802697792,-0.0026533971540629,-0.0274547319859266,0.003309077117592,-0.0159415956586599,0.0033200024627149,0.0107999192550778,-0.0095363045111298,0.0196995045989751,0.0146813662722706,-0.0036018535029143,0.0246153604239225,0.0023003513924777,0.0041194935329258,-0.0016393192345276,0.0013750088401138,-0.004926158580929,-0.0338758043944835,0.0099010281264781,-0.0036399306263774,-0.0225490368902683,-0.0019815512932837,-0.0254095699638128,-0.0036195691209286,0.013722114264965,-0.0091294646263122,-0.041962768882513,-0.0204407349228858,0.0113034155219793,0.0035255993716418,0.0268948823213577,-0.00032035636832,0.0023809419944882,0.0212696213275194,0.0033932942897081,0.0075832358561456,-0.0057490724138915,-0.0055737728253006,0.0227891188114881,0.0046113105490803,-0.0026604563463479,0.0103161856532096,-0.0043347501195967,0.005016709677875,0.0046885260380804,0.0132158380001783,0.0,0.0044248150661587,-0.0003333409549668,0.0345070250332355,-0.0150049636140465,-0.0038583166897296,0.0128638846799731,0.0266474522650241,-0.0016710974741727,0.0007207372109405,0.0020086865406483,0.0112973563373088,-0.0100234262645244,-0.0231398940086364,0.0084373950958251,0.0705030634999275,-0.0016733346274122,-0.0116760628297925,-0.0090513061732053,0.0007538088830187,-0.0138700902462005,-0.0045027742162346,0.0171526595950126,-0.0468526296317577,-0.0030354182235896,-0.0257840305566787,-0.0101488241925835,-0.0086355786770582,0.0078605450689792,-0.0193089321255683,0.0050864568911492,-0.0159999839961528,0.0070850537158548,0.0211028195917606,-0.0036851125769317,0.0110116899013519,0.0073974216356873,-0.0142469499260187,0.0070093791000545,0.0051142047159373,0.0106065524742007,0.0041082110255956,-0.0104952342808246,-0.0700414106249809,-0.0079549141228199,-0.0041217841207981,-0.0020046622958034,0.0115458825603127,0.00067335186759,-0.0167139321565628,-0.0306191071867942,0.024555679410696,0.0183964148163795,-0.013073974289,-0.0115882800891995,0.0067416047677397,0.012068978510797,-0.0028809267096221,-0.0098807802423834,0.0028892504051327,-0.0189873538911342,0.0031756234820932,-0.0231012511266214,0.0193610976173146,-0.0234177140575932,0.0394866999355445,-0.0199367424946711,0.035058967968242,-0.0623418104311391,0.0547184165195666,-0.0506329229627994,0.0765204768355476,-0.0751159536028112,0.0198433343552564,2019-02-22,2019-02-25,2019-02-26,2019-02-27,2019-02-28,2019-03-01,2019-03-04,2019-03-05,2019-03-06,2019-03-07,79166.0,2019-02-21,252.0,0.0317%,-0.0001,0.9933,1.1745,1.2707,0.9138%,1.4262%,58.9506%,0.0076149999999999,GABC,79166.0,2019-02-22,252.0,-1.8987%,-0.0001,0.9954,1.1685,1.2896,0.9174%,1.4296%,58.8219%,-0.013325,GABC,79166.0,2019-02-25,252.0,-0.4194%,-0.0001,0.9938,1.1671,1.2829,0.9133%,1.4253%,58.9412%,-0.000427,GABC,79166.0,2019-02-26,252.0,-0.0324%,-0.0,0.9914,1.1514,1.2732,0.9169%,1.4242%,58.5567%,0.0128689999999999,GABC,79166.0,2019-02-27,252.0,0.2916%,0.0,0.9917,1.1512,1.2732,0.9169%,1.4241%,58.5491%,0.001264,GABC,79166.0,2019-02-28,252.0,0.0646%,0.0,0.9885,1.1492,1.2694,0.9175%,1.4199%,58.2425%,0.006573,GABC,79166.0,2019-03-01,252.0,0.0969%,0.0,0.9837,1.1421,1.2641,0.9171%,1.4106%,57.7292%,-0.004494,GABC,79166.0,2019-03-04,252.0,0.0645%,0.0,0.9885,1.1213,1.2639,0.9147%,1.4088%,57.8432%,0.005309,GABC,79166.0,2019-03-05,252.0,-0.1934%,0.0,0.9861,1.1067,1.2599,0.9147%,1.4031%,57.4989%,0.006166,GABC,79166.0,2019-03-06,252.0,-2.7455%,-0.0,0.9862,1.1207,1.2619,0.9150%,1.4108%,57.9377%,-0.005821,GABC,79166.0,2019-03-07,252.0,-1.5942%,-0.0,0.9884,1.1254,1.2661,0.9150%,1.4128%,58.0593%,-0.002996,GABC,-0.00571,-0.006137,0.0067319999999999,0.0145689999999999,0.012733
5371,VANECK E T F TRUST,Spike In Miners ETF Volume Matched By Leveraged Peers,6,increase,0.7,0.6,"the spike in etf volume, particularly in miners and leveraged peers, suggests increased investor interest and potential upward momentum for vaneck etf trust's stock price.",2,2019-02-21,GDX,2019-02-21 14:20:00+00:00,91232.0,92189F10,-0.0162671692669391,54488177.0,0.0034812847152352,0.009507399983704,-0.0125758461654186,0.031653992831707,-0.0017567375907674,0.0130985062569379,-0.0167179573327302,0.010036464780569,-0.004921727348119,-0.0058956537395715,-0.0242805313318967,-0.0013587267603725,0.0069124246947467,-0.0116383275017142,0.0054919417016208,0.0140716955065727,-0.0204824246466159,-0.0085507938638329,0.0125464890152216,-0.0172490626573562,0.0266177095472812,0.0053357421420514,-0.0035762146580964,-0.0035445247776806,0.0174966063350439,-0.0052887103520333,0.0079365214332938,0.0229936987161636,-0.0266841910779476,0.0095585342496633,0.0022471568081527,0.0242423564195632,-0.0112107628956437,0.0127478968352079,0.003628114471212,0.0331707447767257,0.0225937645882368,0.0004880541237071,0.005302732810378,0.0019559415522962,0.0013187115546315,0.0068932198919355,0.0210710950195789,-0.0169409681111574,0.0038693100214004,0.0029125954024493,-0.0145610338076949,-0.0004852124548051,-0.0260756351053714,-0.0152890440076589,0.0004462395736481,-0.0071157314814627,-0.0205174386501312,0.0038095202762633,0.0063752871938049,-0.0150093669071793,-0.001357497065328,0.0128266252577304,0.0194834750145673,0.000475205364637,-0.0031110974960029,-0.012206494808197,0.0115916281938552,-0.008379902690649,0.0057293591089546,0.0204275678843259,-0.0087641915306448,-0.0018966768402606,-0.0163572430610656,0.0237863957881927,-0.0017977938987314,-0.0176442041993141,0.0004502579686231,0.0169737376272678,-0.01845183968544,-0.0222854111343622,-0.0068775615654885,0.0318003706634044,-0.0147737627848982,-0.0111272158101201,-0.0168697573244571,0.0413533486425876,-0.0076263034716248,-0.0540540255606174,0.0096061844378709,0.023289643228054,-0.0071360426954925,0.024353863671422,0.0206036604940891,-0.0175780616700649,-0.0215962026268243,0.0019568984862416,0.00239919568412,0.0214892700314521,-0.0177117735147476,-0.0059611988253891,-0.0170565489679575,-0.0034654256887733,0.0059494716115295,0.0248605627566576,0.0004927708650939,0.0056121787056326,0.0201970376074314,0.0082304449751973,-0.0111057246103882,0.0183342266827821,-0.002441368997097,-0.0041731833480298,-0.0073421252891421,-0.0087900767102837,0.0320512615144252,0.0249072220176458,-0.0043000550940632,-0.0202491898089647,-0.00239919568412,-0.0051653087139129,-0.0110630802810192,-0.0227157436311245,0.0092412717640399,0.0264248829334974,0.0034812847152352,0.009507399983704,-0.0091383415512201,0.0414623399863434,-0.0108790254738673,0.0551039409630198,-0.0322019053855913,0.0594104949060376,-0.0517841019419107,0.033171160134888,-0.0208877100464304,0.1102661358007932,-0.0970408911278983,0.2165111936933113,2019-02-22,2019-02-25,2019-02-26,2019-02-27,2019-02-28,2019-03-01,2019-03-04,2019-03-05,2019-03-06,2019-03-07,91232.0,2019-02-21,252.0,-1.6267%,0.0002,0.0109,0.3577,0.0815,1.5099%,1.5205%,1.3840%,-0.01583,GDX,91232.0,2019-02-22,252.0,0.3481%,0.0003,0.0102,0.3676,0.0822,1.5093%,1.5204%,1.4485%,0.00254,GDX,91232.0,2019-02-25,252.0,-1.2576%,0.0002,0.0099,0.3732,0.084,1.5111%,1.5225%,1.4901%,-0.011587,GDX,91232.0,2019-02-26,252.0,-0.1757%,0.0002,0.0025,0.3796,0.0817,1.5091%,1.5210%,1.5578%,0.000825,GDX,91232.0,2019-02-27,252.0,-1.6718%,0.0001,-0.0029,0.384,0.0807,1.5115%,1.5236%,1.5878%,-0.017443,GDX,91232.0,2019-02-28,252.0,-0.4922%,0.0002,-0.0184,0.3732,0.0707,1.4993%,1.5111%,1.5529%,-0.004906,GDX,91232.0,2019-03-01,252.0,-2.4281%,0.0001,-0.0269,0.3606,0.0692,1.5073%,1.5184%,1.4552%,-0.025038,GDX,91232.0,2019-03-04,252.0,0.6912%,0.0001,-0.0249,0.3469,0.0703,1.5076%,1.5176%,1.3224%,0.007855,GDX,91232.0,2019-03-05,252.0,0.5492%,0.0002,-0.0243,0.3559,0.0683,1.5074%,1.5178%,1.3683%,0.006604,GDX,91232.0,2019-03-06,252.0,-2.0482%,0.0001,-0.0222,0.3938,0.0758,1.5098%,1.5227%,1.6855%,-0.0163199999999999,GDX,91232.0,2019-03-07,252.0,1.2546%,0.0,-0.0314,0.3733,0.0577,1.5094%,1.5211%,1.5411%,0.0128,GDX,-0.01329,-0.024877,-0.024052,-0.046401,-0.0605
5379,GOLD FIELDS LTD NEW,Gold Fields shares are trading lower after JP Morgan downgraded the stock from overweight to neutral and lowered its price target to $4.,6,decrease,0.85,0.7,"the downgrade from jp morgan typically signals reduced investor confidence, likely leading to a decrease in the stock price.",0,2019-02-21,GFI,2019-02-21 14:03:00+00:00,30796.0,38059T10,-0.052391804754734,8908861.0,0.0,0.0402843803167343,-0.0024037866387516,0.0792838111519813,0.0120481234043836,0.0182292126119136,-0.009523800574243,0.0406503677368164,-0.0072114747017621,-0.0238095019012689,-0.0508474670350551,0.0356164053082466,-0.0127551509067416,0.0082873506471514,-0.0129198851063847,0.0,-0.0261779855936765,-0.0136240301653742,0.0026881694793701,-0.0367453731596469,0.0455764271318912,-0.018041281029582,-0.0102564617991447,-0.0299999713897705,0.0310881156474351,-0.0243902206420898,0.0050251209177076,0.0173696503043174,-0.0290435291826725,0.0024876191746443,0.0129199465736746,0.044155865907669,0.0,0.0158311203122139,-0.0127551509067416,0.0106666563078761,0.0387597158551216,0.0080645084381103,0.0199004784226417,-0.002680962672457,0.0097560882568359,0.0418994687497615,0.0048309136182069,-0.0376344360411167,-0.0240384396165609,0.0362117327749729,-0.0246305186301469,0.0112675949931144,-0.0606060624122619,-0.0138888759538531,0.0026881694793701,-0.0243902839720249,-0.018766738474369,0.0221607107669115,0.010928951203823,-0.0321716144680976,0.0324323996901512,0.0191256646066904,0.0183246526867151,0.0054945000447332,-0.0077121360227465,-0.0081743793562054,0.0207254309207201,-0.0081080999225378,0.0304568242281675,0.0541310720145702,-0.0295566227287054,-0.002840906381607,-0.0126903429627418,0.0173410233110189,-0.0205655936151742,0.0058139478787779,0.0026246693450957,-0.0114942416548728,-0.0026177985128015,-0.0224718898534774,0.0262467563152313,0.053254384547472,-0.0332481116056442,-0.0116958953440189,-0.029100501909852,0.0926517397165298,-0.0136240301653742,-0.0712165534496307,0.0110497791320085,0.0181268714368343,0.0218579024076461,0.027950283139944,0.066844917833805,-0.012269927188754,-0.055137850344181,0.0092879170551896,-0.0053050345741212,0.0385852493345737,-0.0133333206176757,0.0064724860712885,-0.0027026999741792,-0.0252366438508033,0.0054200487211346,0.019292663782835,0.0053908303380012,0.0064724860712885,0.0455764271318912,0.0369127169251442,-0.0051282001659274,0.0170648302882909,-0.0309278666973114,-0.0456025637686252,-0.0106382872909307,-0.0032467502169311,0.0295698642730712,0.0440677553415298,-0.0104438541457057,-0.0264026150107383,0.0026385199744254,-0.0065573710016906,-0.0236841887235641,-0.003267970867455,-0.0161724910140037,0.0337837524712085,0.0,0.0402843803167343,-0.0024037866387516,0.1227620906701223,0.0096153756475705,0.1432291595335446,-0.0072114745496534,0.1613756369289918,-0.1033653490711216,0.1522309557581813,-0.0615630579783961,0.2060438927060628,-0.1194614844044432,0.4831080518804544,2019-02-22,2019-02-25,2019-02-26,2019-02-27,2019-02-28,2019-03-01,2019-03-04,2019-03-05,2019-03-06,2019-03-07,30796.0,2019-02-21,252.0,-5.2392%,0.0007,-0.3584,0.4957,0.2042,2.5837%,2.6288%,3.4002%,-0.052943,GFI,30796.0,2019-02-22,252.0,0.0000%,0.0006,-0.3585,0.4911,0.1991,2.5836%,2.6281%,3.3545%,0.002505,GFI,30796.0,2019-02-25,252.0,-0.2404%,0.0006,-0.3573,0.4928,0.2044,2.5829%,2.6275%,3.3668%,-0.0003309999999999,GFI,30796.0,2019-02-26,252.0,1.2048%,0.0006,-0.3645,0.4795,0.1922,2.5841%,2.6284%,3.3461%,0.015205,GFI,30796.0,2019-02-27,252.0,-0.9524%,0.0006,-0.3685,0.4835,0.1915,2.5844%,2.6292%,3.3793%,-0.009976,GFI,30796.0,2019-02-28,252.0,-0.7211%,0.0007,-0.3867,0.4707,0.1803,2.5743%,2.6213%,3.5519%,-0.008072,GFI,30796.0,2019-03-01,252.0,-5.0847%,0.0004,-0.3876,0.4693,0.2018,2.5911%,2.6389%,3.5919%,-0.048797,GFI,30796.0,2019-03-04,252.0,-1.2755%,0.0003,-0.3833,0.4677,0.1978,2.5924%,2.6385%,3.4671%,-0.01377,GFI,30796.0,2019-03-05,252.0,-1.2920%,0.0004,-0.3779,0.5014,0.2061,2.5918%,2.6386%,3.5185%,-0.011737,GFI,30796.0,2019-03-06,252.0,-2.6178%,0.0002,-0.3737,0.5546,0.2181,2.5951%,2.6437%,3.6448%,-0.023207,GFI,30796.0,2019-03-07,252.0,0.2688%,0.0001,-0.3794,0.5273,0.2028,2.5912%,2.6390%,3.5879%,0.0006419999999999,GFI,-0.050438,-0.0507689999999999,-0.035564,-0.053612,-0.150481
5387,GOLD FIELDS LTD NEW,"JP Morgan Downgrades Gold Fields to Neutral, Lowers Price Target to $4",6,decrease,0.8,0.7,"a downgrade from jp morgan typically signals reduced confidence in the stock's performance, likely leading to a decrease in its price.",0,2019-02-21,GFI,2019-02-21 12:36:00+00:00,30796.0,38059T10,-0.052391804754734,8908861.0,0.0,0.0402843803167343,-0.0024037866387516,0.0792838111519813,0.0120481234043836,0.0182292126119136,-0.009523800574243,0.0406503677368164,-0.0072114747017621,-0.0238095019012689,-0.0508474670350551,0.0356164053082466,-0.0127551509067416,0.0082873506471514,-0.0129198851063847,0.0,-0.0261779855936765,-0.0136240301653742,0.0026881694793701,-0.0367453731596469,0.0455764271318912,-0.018041281029582,-0.0102564617991447,-0.0299999713897705,0.0310881156474351,-0.0243902206420898,0.0050251209177076,0.0173696503043174,-0.0290435291826725,0.0024876191746443,0.0129199465736746,0.044155865907669,0.0,0.0158311203122139,-0.0127551509067416,0.0106666563078761,0.0387597158551216,0.0080645084381103,0.0199004784226417,-0.002680962672457,0.0097560882568359,0.0418994687497615,0.0048309136182069,-0.0376344360411167,-0.0240384396165609,0.0362117327749729,-0.0246305186301469,0.0112675949931144,-0.0606060624122619,-0.0138888759538531,0.0026881694793701,-0.0243902839720249,-0.018766738474369,0.0221607107669115,0.010928951203823,-0.0321716144680976,0.0324323996901512,0.0191256646066904,0.0183246526867151,0.0054945000447332,-0.0077121360227465,-0.0081743793562054,0.0207254309207201,-0.0081080999225378,0.0304568242281675,0.0541310720145702,-0.0295566227287054,-0.002840906381607,-0.0126903429627418,0.0173410233110189,-0.0205655936151742,0.0058139478787779,0.0026246693450957,-0.0114942416548728,-0.0026177985128015,-0.0224718898534774,0.0262467563152313,0.053254384547472,-0.0332481116056442,-0.0116958953440189,-0.029100501909852,0.0926517397165298,-0.0136240301653742,-0.0712165534496307,0.0110497791320085,0.0181268714368343,0.0218579024076461,0.027950283139944,0.066844917833805,-0.012269927188754,-0.055137850344181,0.0092879170551896,-0.0053050345741212,0.0385852493345737,-0.0133333206176757,0.0064724860712885,-0.0027026999741792,-0.0252366438508033,0.0054200487211346,0.019292663782835,0.0053908303380012,0.0064724860712885,0.0455764271318912,0.0369127169251442,-0.0051282001659274,0.0170648302882909,-0.0309278666973114,-0.0456025637686252,-0.0106382872909307,-0.0032467502169311,0.0295698642730712,0.0440677553415298,-0.0104438541457057,-0.0264026150107383,0.0026385199744254,-0.0065573710016906,-0.0236841887235641,-0.003267970867455,-0.0161724910140037,0.0337837524712085,0.0,0.0402843803167343,-0.0024037866387516,0.1227620906701223,0.0096153756475705,0.1432291595335446,-0.0072114745496534,0.1613756369289918,-0.1033653490711216,0.1522309557581813,-0.0615630579783961,0.2060438927060628,-0.1194614844044432,0.4831080518804544,2019-02-22,2019-02-25,2019-02-26,2019-02-27,2019-02-28,2019-03-01,2019-03-04,2019-03-05,2019-03-06,2019-03-07,30796.0,2019-02-21,252.0,-5.2392%,0.0007,-0.3584,0.4957,0.2042,2.5837%,2.6288%,3.4002%,-0.052943,GFI,30796.0,2019-02-22,252.0,0.0000%,0.0006,-0.3585,0.4911,0.1991,2.5836%,2.6281%,3.3545%,0.002505,GFI,30796.0,2019-02-25,252.0,-0.2404%,0.0006,-0.3573,0.4928,0.2044,2.5829%,2.6275%,3.3668%,-0.0003309999999999,GFI,30796.0,2019-02-26,252.0,1.2048%,0.0006,-0.3645,0.4795,0.1922,2.5841%,2.6284%,3.3461%,0.015205,GFI,30796.0,2019-02-27,252.0,-0.9524%,0.0006,-0.3685,0.4835,0.1915,2.5844%,2.6292%,3.3793%,-0.009976,GFI,30796.0,2019-02-28,252.0,-0.7211%,0.0007,-0.3867,0.4707,0.1803,2.5743%,2.6213%,3.5519%,-0.008072,GFI,30796.0,2019-03-01,252.0,-5.0847%,0.0004,-0.3876,0.4693,0.2018,2.5911%,2.6389%,3.5919%,-0.048797,GFI,30796.0,2019-03-04,252.0,-1.2755%,0.0003,-0.3833,0.4677,0.1978,2.5924%,2.6385%,3.4671%,-0.01377,GFI,30796.0,2019-03-05,252.0,-1.2920%,0.0004,-0.3779,0.5014,0.2061,2.5918%,2.6386%,3.5185%,-0.011737,GFI,30796.0,2019-03-06,252.0,-2.6178%,0.0002,-0.3737,0.5546,0.2181,2.5951%,2.6437%,3.6448%,-0.023207,GFI,30796.0,2019-03-07,252.0,0.2688%,0.0001,-0.3794,0.5273,0.2028,2.5912%,2.6390%,3.5879%,0.0006419999999999,GFI,-0.050438,-0.0507689999999999,-0.035564,-0.053612,-0.150481
5395,GILDAN ACTIVEWEAR INC,Gildan Sees Q1 Adj. EPS $0.24-$0.26 vs $0.40 Estimate,6,decrease,0.8,0.7,"the adjusted eps guidance of $0.24-$0.26 is significantly below the $0.40 estimate, indicating weaker-than-expected financial performance, which is likely to lead to a decrease in stock price.",0,2019-02-21,GIL,2019-02-21 12:12:00+00:00,86121.0,37591610,-0.0058529986999928,2139738.0,0.0326759070158004,-0.005240183789283,0.007981720380485,-0.0040592402219772,0.0121606420725584,0.0,0.0005588280619122,0.0067134667187929,-0.003909611608833,0.0005840140511281,0.0078498069196939,0.0008770124404691,-0.0080667845904827,-0.0061010778881609,-0.0036455711815506,-0.002318893559277,-0.0012946891365572,0.0043668569996953,-0.0019801894668489,0.0040923529304564,0.0019841184839606,0.0055849095806479,0.0025459732860326,0.0011771899880841,-0.0036680942866951,0.0029515486676245,0.0065137222409248,0.0107398750260472,0.0109735336154699,-0.0056362692266702,-0.0033397977240383,0.0038712699897587,0.0111699998378753,0.0108368629589676,0.0096659017726778,0.0196439325809478,-0.0103939017280936,-0.0168979354202747,0.0085683073848485,0.0146968625485897,-0.0002741062198765,-0.003356747329235,0.0068530701100826,0.0049064657650887,-0.0136128505691885,0.0089728003367781,-0.0110405106097459,0.0138017740100622,0.0005580977303907,0.0159337166696786,0.0033473570365458,-0.0009551317198202,0.017514519393444,-0.0141243170946836,0.0051913238130509,-0.0046859644353389,-0.00733896298334,0.0161904226988554,0.0076669980771839,0.0138397263363003,-0.0065216813236474,0.0223757922649383,0.0019146524136886,0.0197986625134944,0.0008189674699679,-0.0177983157336711,0.0051827230490744,-0.0006587766110897,-0.0021709096617996,0.0039682816714048,0.0076148700900375,-0.0117647256702184,-0.0013495071325451,-0.0087463706731796,0.0024324364494532,0.0345174483954906,0.0002695691946428,-0.0016727747861295,0.0024258801713585,-0.0119008468464016,0.0018822182901203,-0.0168995913118124,0.0056361490860581,-0.0194390919059515,0.0018681529909372,-0.0025429092347621,0.0053276708349585,-0.0293119642883539,-0.0174880716949701,-0.0088685294613242,-0.0018879047129303,0.0033752871677279,-0.0037827449850738,0.023555276915431,-0.0154597153887152,-0.0181930363178253,0.0506887100636959,0.0012349773896858,-0.0136339925229549,-0.0305297952145338,0.0087719783186912,-0.0167745649814605,-0.0044796303845942,0.0077105076052248,-0.0119109833613038,0.0267966222018003,0.0048217647708952,0.0160891227424144,0.0031992201693356,0.0093691200017929,-0.0276375468820333,0.0085039511322975,0.005465995054692,-0.0006295391358435,0.0158738996833562,0.0069730975665152,0.0061761420220136,0.0070220017805695,0.0037363059818744,0.0109712863340973,0.0326759070158004,-0.005240183789283,0.0409184373492643,-0.0092781528464522,0.0535766738925955,-0.0092781528464522,0.0500440646532649,-0.0020444948370133,0.0425002107887717,-0.0011692753365162,0.0874152023210956,0.0997746524696798,0.1153491476000572,0.1026136928778465,2019-02-22,2019-02-25,2019-02-26,2019-02-27,2019-02-28,2019-03-01,2019-03-04,2019-03-05,2019-03-06,2019-03-07,86121.0,2019-02-21,252.0,-0.5853%,0.0003,0.4772,0.2238,-0.3844,1.7483%,1.8708%,12.6635%,-0.004901,GIL,86121.0,2019-02-22,252.0,3.2676%,0.0004,0.4737,0.2371,-0.4147,1.7534%,1.8810%,13.1083%,0.0225919999999999,GIL,86121.0,2019-02-25,252.0,0.7982%,0.0006,0.4698,0.23,-0.433,1.7411%,1.8707%,13.3786%,0.0070409999999999,GIL,86121.0,2019-02-26,252.0,1.2161%,0.0006,0.4645,0.218,-0.4431,1.7426%,1.8707%,13.2301%,0.012855,GIL,86121.0,2019-02-27,252.0,0.0559%,0.0006,0.4652,0.2163,-0.4429,1.7426%,1.8707%,13.2252%,-0.000905,GIL,86121.0,2019-02-28,252.0,-0.3910%,0.0006,0.4578,0.211,-0.4473,1.7401%,1.8657%,13.0179%,-0.003718,GIL,86121.0,2019-03-01,252.0,0.7850%,0.0007,0.4546,0.2063,-0.4529,1.7397%,1.8650%,12.9872%,0.002063,GIL,86121.0,2019-03-04,252.0,-0.8067%,0.0007,0.453,0.2151,-0.4533,1.7396%,1.8652%,13.0130%,-0.003201,GIL,86121.0,2019-03-05,252.0,-0.3646%,0.0007,0.4554,0.231,-0.4501,1.7392%,1.8655%,13.0842%,-0.003387,GIL,86121.0,2019-03-06,252.0,-0.1295%,0.0007,0.4578,0.2173,-0.4493,1.7386%,1.8652%,13.1103%,0.005532,GIL,86121.0,2019-03-07,252.0,-0.1980%,0.0007,0.4551,0.2033,-0.4568,1.7371%,1.8632%,13.0816%,0.0003529999999999,GIL,0.017691,0.0247319999999999,0.0375869999999999,0.0329639999999999,0.0343239999999999
5403,GILDAN ACTIVEWEAR INC,"Gildan Activewear Sees FY19 Adj. EPS $2-$2.10 vs $2.09 Estimate, Adj. EBITDA $630M+",6,uncertain,0.6,0.2,"while gildan activewear's adjusted eps guidance is in line with estimates, the lack of a clear positive surprise and the competitive market conditions create uncertainty about the stock's immediate reaction.",1,2019-02-21,GIL,2019-02-21 12:12:00+00:00,86121.0,37591610,-0.0058529986999928,2139738.0,0.0326759070158004,-0.005240183789283,0.007981720380485,-0.0040592402219772,0.0121606420725584,0.0,0.0005588280619122,0.0067134667187929,-0.003909611608833,0.0005840140511281,0.0078498069196939,0.0008770124404691,-0.0080667845904827,-0.0061010778881609,-0.0036455711815506,-0.002318893559277,-0.0012946891365572,0.0043668569996953,-0.0019801894668489,0.0040923529304564,0.0019841184839606,0.0055849095806479,0.0025459732860326,0.0011771899880841,-0.0036680942866951,0.0029515486676245,0.0065137222409248,0.0107398750260472,0.0109735336154699,-0.0056362692266702,-0.0033397977240383,0.0038712699897587,0.0111699998378753,0.0108368629589676,0.0096659017726778,0.0196439325809478,-0.0103939017280936,-0.0168979354202747,0.0085683073848485,0.0146968625485897,-0.0002741062198765,-0.003356747329235,0.0068530701100826,0.0049064657650887,-0.0136128505691885,0.0089728003367781,-0.0110405106097459,0.0138017740100622,0.0005580977303907,0.0159337166696786,0.0033473570365458,-0.0009551317198202,0.017514519393444,-0.0141243170946836,0.0051913238130509,-0.0046859644353389,-0.00733896298334,0.0161904226988554,0.0076669980771839,0.0138397263363003,-0.0065216813236474,0.0223757922649383,0.0019146524136886,0.0197986625134944,0.0008189674699679,-0.0177983157336711,0.0051827230490744,-0.0006587766110897,-0.0021709096617996,0.0039682816714048,0.0076148700900375,-0.0117647256702184,-0.0013495071325451,-0.0087463706731796,0.0024324364494532,0.0345174483954906,0.0002695691946428,-0.0016727747861295,0.0024258801713585,-0.0119008468464016,0.0018822182901203,-0.0168995913118124,0.0056361490860581,-0.0194390919059515,0.0018681529909372,-0.0025429092347621,0.0053276708349585,-0.0293119642883539,-0.0174880716949701,-0.0088685294613242,-0.0018879047129303,0.0033752871677279,-0.0037827449850738,0.023555276915431,-0.0154597153887152,-0.0181930363178253,0.0506887100636959,0.0012349773896858,-0.0136339925229549,-0.0305297952145338,0.0087719783186912,-0.0167745649814605,-0.0044796303845942,0.0077105076052248,-0.0119109833613038,0.0267966222018003,0.0048217647708952,0.0160891227424144,0.0031992201693356,0.0093691200017929,-0.0276375468820333,0.0085039511322975,0.005465995054692,-0.0006295391358435,0.0158738996833562,0.0069730975665152,0.0061761420220136,0.0070220017805695,0.0037363059818744,0.0109712863340973,0.0326759070158004,-0.005240183789283,0.0409184373492643,-0.0092781528464522,0.0535766738925955,-0.0092781528464522,0.0500440646532649,-0.0020444948370133,0.0425002107887717,-0.0011692753365162,0.0874152023210956,0.0997746524696798,0.1153491476000572,0.1026136928778465,2019-02-22,2019-02-25,2019-02-26,2019-02-27,2019-02-28,2019-03-01,2019-03-04,2019-03-05,2019-03-06,2019-03-07,86121.0,2019-02-21,252.0,-0.5853%,0.0003,0.4772,0.2238,-0.3844,1.7483%,1.8708%,12.6635%,-0.004901,GIL,86121.0,2019-02-22,252.0,3.2676%,0.0004,0.4737,0.2371,-0.4147,1.7534%,1.8810%,13.1083%,0.0225919999999999,GIL,86121.0,2019-02-25,252.0,0.7982%,0.0006,0.4698,0.23,-0.433,1.7411%,1.8707%,13.3786%,0.0070409999999999,GIL,86121.0,2019-02-26,252.0,1.2161%,0.0006,0.4645,0.218,-0.4431,1.7426%,1.8707%,13.2301%,0.012855,GIL,86121.0,2019-02-27,252.0,0.0559%,0.0006,0.4652,0.2163,-0.4429,1.7426%,1.8707%,13.2252%,-0.000905,GIL,86121.0,2019-02-28,252.0,-0.3910%,0.0006,0.4578,0.211,-0.4473,1.7401%,1.8657%,13.0179%,-0.003718,GIL,86121.0,2019-03-01,252.0,0.7850%,0.0007,0.4546,0.2063,-0.4529,1.7397%,1.8650%,12.9872%,0.002063,GIL,86121.0,2019-03-04,252.0,-0.8067%,0.0007,0.453,0.2151,-0.4533,1.7396%,1.8652%,13.0130%,-0.003201,GIL,86121.0,2019-03-05,252.0,-0.3646%,0.0007,0.4554,0.231,-0.4501,1.7392%,1.8655%,13.0842%,-0.003387,GIL,86121.0,2019-03-06,252.0,-0.1295%,0.0007,0.4578,0.2173,-0.4493,1.7386%,1.8652%,13.1103%,0.005532,GIL,86121.0,2019-03-07,252.0,-0.1980%,0.0007,0.4551,0.2033,-0.4568,1.7371%,1.8632%,13.0816%,0.0003529999999999,GIL,0.017691,0.0247319999999999,0.0375869999999999,0.0329639999999999,0.0343239999999999
5411,GILDAN ACTIVEWEAR INC,"Gildan Activewear Q4 EPS $0.43 Misses $0.44 Estimate, Sales $742.7M Beat $716.59M Estimate",6,uncertain,0.6,0.2,"while gildan activewear's sales beat estimates, the earnings per share miss could lead to mixed reactions from investors, resulting in uncertainty about the stock's direction.",1,2019-02-21,GIL,2019-02-21 12:11:00+00:00,86121.0,37591610,-0.0058529986999928,2139738.0,0.0326759070158004,-0.005240183789283,0.007981720380485,-0.0040592402219772,0.0121606420725584,0.0,0.0005588280619122,0.0067134667187929,-0.003909611608833,0.0005840140511281,0.0078498069196939,0.0008770124404691,-0.0080667845904827,-0.0061010778881609,-0.0036455711815506,-0.002318893559277,-0.0012946891365572,0.0043668569996953,-0.0019801894668489,0.0040923529304564,0.0019841184839606,0.0055849095806479,0.0025459732860326,0.0011771899880841,-0.0036680942866951,0.0029515486676245,0.0065137222409248,0.0107398750260472,0.0109735336154699,-0.0056362692266702,-0.0033397977240383,0.0038712699897587,0.0111699998378753,0.0108368629589676,0.0096659017726778,0.0196439325809478,-0.0103939017280936,-0.0168979354202747,0.0085683073848485,0.0146968625485897,-0.0002741062198765,-0.003356747329235,0.0068530701100826,0.0049064657650887,-0.0136128505691885,0.0089728003367781,-0.0110405106097459,0.0138017740100622,0.0005580977303907,0.0159337166696786,0.0033473570365458,-0.0009551317198202,0.017514519393444,-0.0141243170946836,0.0051913238130509,-0.0046859644353389,-0.00733896298334,0.0161904226988554,0.0076669980771839,0.0138397263363003,-0.0065216813236474,0.0223757922649383,0.0019146524136886,0.0197986625134944,0.0008189674699679,-0.0177983157336711,0.0051827230490744,-0.0006587766110897,-0.0021709096617996,0.0039682816714048,0.0076148700900375,-0.0117647256702184,-0.0013495071325451,-0.0087463706731796,0.0024324364494532,0.0345174483954906,0.0002695691946428,-0.0016727747861295,0.0024258801713585,-0.0119008468464016,0.0018822182901203,-0.0168995913118124,0.0056361490860581,-0.0194390919059515,0.0018681529909372,-0.0025429092347621,0.0053276708349585,-0.0293119642883539,-0.0174880716949701,-0.0088685294613242,-0.0018879047129303,0.0033752871677279,-0.0037827449850738,0.023555276915431,-0.0154597153887152,-0.0181930363178253,0.0506887100636959,0.0012349773896858,-0.0136339925229549,-0.0305297952145338,0.0087719783186912,-0.0167745649814605,-0.0044796303845942,0.0077105076052248,-0.0119109833613038,0.0267966222018003,0.0048217647708952,0.0160891227424144,0.0031992201693356,0.0093691200017929,-0.0276375468820333,0.0085039511322975,0.005465995054692,-0.0006295391358435,0.0158738996833562,0.0069730975665152,0.0061761420220136,0.0070220017805695,0.0037363059818744,0.0109712863340973,0.0326759070158004,-0.005240183789283,0.0409184373492643,-0.0092781528464522,0.0535766738925955,-0.0092781528464522,0.0500440646532649,-0.0020444948370133,0.0425002107887717,-0.0011692753365162,0.0874152023210956,0.0997746524696798,0.1153491476000572,0.1026136928778465,2019-02-22,2019-02-25,2019-02-26,2019-02-27,2019-02-28,2019-03-01,2019-03-04,2019-03-05,2019-03-06,2019-03-07,86121.0,2019-02-21,252.0,-0.5853%,0.0003,0.4772,0.2238,-0.3844,1.7483%,1.8708%,12.6635%,-0.004901,GIL,86121.0,2019-02-22,252.0,3.2676%,0.0004,0.4737,0.2371,-0.4147,1.7534%,1.8810%,13.1083%,0.0225919999999999,GIL,86121.0,2019-02-25,252.0,0.7982%,0.0006,0.4698,0.23,-0.433,1.7411%,1.8707%,13.3786%,0.0070409999999999,GIL,86121.0,2019-02-26,252.0,1.2161%,0.0006,0.4645,0.218,-0.4431,1.7426%,1.8707%,13.2301%,0.012855,GIL,86121.0,2019-02-27,252.0,0.0559%,0.0006,0.4652,0.2163,-0.4429,1.7426%,1.8707%,13.2252%,-0.000905,GIL,86121.0,2019-02-28,252.0,-0.3910%,0.0006,0.4578,0.211,-0.4473,1.7401%,1.8657%,13.0179%,-0.003718,GIL,86121.0,2019-03-01,252.0,0.7850%,0.0007,0.4546,0.2063,-0.4529,1.7397%,1.8650%,12.9872%,0.002063,GIL,86121.0,2019-03-04,252.0,-0.8067%,0.0007,0.453,0.2151,-0.4533,1.7396%,1.8652%,13.0130%,-0.003201,GIL,86121.0,2019-03-05,252.0,-0.3646%,0.0007,0.4554,0.231,-0.4501,1.7392%,1.8655%,13.0842%,-0.003387,GIL,86121.0,2019-03-06,252.0,-0.1295%,0.0007,0.4578,0.2173,-0.4493,1.7386%,1.8652%,13.1103%,0.005532,GIL,86121.0,2019-03-07,252.0,-0.1980%,0.0007,0.4551,0.2033,-0.4568,1.7371%,1.8632%,13.0816%,0.0003529999999999,GIL,0.017691,0.0247319999999999,0.0375869999999999,0.0329639999999999,0.0343239999999999
5419,GLOBUS MEDICAL INC,"Globus Medical Sees FY19 Adj. EPS $1.72 vs $1.72 Est., Sales $770M vs $766.1M Est.",6,uncertain,0.6,0.2,"while globus medical met earnings expectations and slightly exceeded sales estimates, the overall market reaction could be influenced by broader market conditions and investor sentiment, leading to uncertainty in stock price movement.",1,2019-02-21,GMED,2019-02-21 21:21:00+00:00,13543.0,37957720,0.0018907595658674,366030.0,-0.0002096523821819,-0.0004200012190267,0.0092281587421894,-0.004806678276509,-0.0326267592608928,0.0204734299331903,-0.0030075057875365,0.0129617294296622,0.0491273179650306,-0.0057989787310361,-0.0071883033961057,0.023971851915121,-0.0211005471646785,0.0215682536363601,-0.0116229765117168,0.0058756684884428,-0.0209535919129848,-0.0056179775856435,0.0006551382248289,-0.0004492465814109,0.0091663459315896,0.0134304612874984,0.0067040990106761,0.0013677085516974,-0.0103114834055304,-0.0261931251734495,-0.0039071044884622,0.0141828255727887,-0.0098060751333832,0.022559842094779,0.0272887703031301,-0.0075394525192677,0.0171379446983337,0.0048209154047071,0.0065290937200188,0.0060046683065593,0.0014647351345047,0.0126286465674638,0.0158796142786741,-0.0188160501420497,-0.0238584913313388,0.0020694446284323,0.0134850274771452,0.0132806040346622,0.0201663468033075,0.0086956275627017,-0.0114122964441776,0.0051971981301903,0.0018552907276898,0.021476911380887,0.0166666954755783,-0.0177767258137464,-0.0202388186007738,-0.0156323369592428,-0.0206568893045187,0.0042174393311142,0.0063277627341449,0.071285143494606,0.0027248181868344,0.0283943843096494,0.008361236192286,-0.0314999595284462,-0.0114013897255063,0.0504201166331768,-0.0050324569456279,-0.0386265777051448,0.0037934731226414,-0.084796629846096,-0.0073483576998114,0.007683306466788,0.000634572643321,0.0013989595463499,-0.004650205373764,0.0035095391795039,-0.0169887281954288,0.0328661315143108,-0.0546554885804653,-0.0105212489143014,0.0059415479190647,-0.024265069514513,0.0154475308954715,-0.0160698052495718,0.0131991086527705,-0.021563321352005,0.0112607264891266,0.0099818194285035,-0.0056768194772303,-0.0109938941895961,0.0010979190701618,-0.0073497062548995,-0.0184250958263874,-0.0175054538995027,0.0075977686792612,-0.0004374553100205,-0.0210689902305603,0.0039525758475065,0.0412324368953704,-0.0054597072303295,-0.0578764118254184,-0.0353907793760299,0.0152424909174442,0.0308360904455184,-0.016151025891304,-0.0563524588942527,0.0115606933832168,0.0105611579492688,-0.0047999792732298,0.0079315602779388,0.0105649763718247,-0.0152107225731015,-0.0156817864626646,-0.0410013422369957,-0.0030016407836228,-0.0015745292184874,-0.0025474897120147,-0.01282300055027,0.0020896249916404,0.0179984141141176,-0.0129750091582536,0.0059690224006772,-0.0002096523821819,-0.0004200012190267,0.009016571654544,-0.0052246606848002,-0.0239043691190802,0.0151418025239351,0.02096875923842,0.0223367072554314,-0.0392115509335349,0.0691823456759654,0.0031453486268915,0.2287040895927101,-0.1067309732782536,-0.0529247903961748,2019-02-22,2019-02-25,2019-02-26,2019-02-27,2019-02-28,2019-03-01,2019-03-04,2019-03-05,2019-03-06,2019-03-07,13543.0,2019-02-21,252.0,0.1891%,-0.0004,0.7441,0.7869,-0.503,1.5674%,1.9107%,32.7034%,0.0039229999999999,GMED,13543.0,2019-02-22,252.0,-0.0210%,-0.0004,0.7462,0.7921,-0.4737,1.5702%,1.9104%,32.4414%,-0.016869,GMED,13543.0,2019-02-25,252.0,0.9228%,-0.0004,0.7471,0.7883,-0.4725,1.5706%,1.9102%,32.3980%,0.009216,GMED,13543.0,2019-02-26,252.0,-3.2627%,-0.0004,0.7652,0.8092,-0.4483,1.5748%,1.9199%,32.7246%,-0.028046,GMED,13543.0,2019-02-27,252.0,-0.3008%,-0.0004,0.7711,0.797,-0.4473,1.5728%,1.9191%,32.8394%,-0.005872,GMED,13543.0,2019-02-28,252.0,4.9127%,-0.0002,0.7635,0.7935,-0.4647,1.6043%,1.9433%,31.8488%,0.05014,GMED,13543.0,2019-03-01,252.0,-0.7188%,-0.0003,0.7726,0.807,-0.4429,1.6024%,1.9429%,31.9840%,-0.016935,GMED,13543.0,2019-03-04,252.0,-2.1101%,-0.0003,0.7682,0.8322,-0.4442,1.6022%,1.9456%,32.1891%,-0.012218,GMED,13543.0,2019-03-05,252.0,-1.1623%,-0.0004,0.7667,0.815,-0.4421,1.6010%,1.9380%,31.7551%,-0.008893,GMED,13543.0,2019-03-06,252.0,-2.0954%,-0.0005,0.7586,0.831,-0.4491,1.5970%,1.9376%,32.0697%,-0.004157,GMED,13543.0,2019-03-07,252.0,0.0655%,-0.0005,0.7546,0.8242,-0.4563,1.5973%,1.9362%,31.9469%,0.005885,GMED,-0.012946,-0.00373,-0.031776,0.0124919999999999,-0.023826
5427,GLOBUS MEDICAL INC,"Globus Medical Q4 Adj. EPS $0.43 Beats $0.39 Estimate, Sales $195.94M Beat $190.7M Estimate",6,increase,0.8,0.7,"the company reported better-than-expected earnings and sales, which typically leads to positive investor sentiment and an increase in stock price.",2,2019-02-21,GMED,2019-02-21 21:19:00+00:00,13543.0,37957720,0.0018907595658674,366030.0,-0.0002096523821819,-0.0004200012190267,0.0092281587421894,-0.004806678276509,-0.0326267592608928,0.0204734299331903,-0.0030075057875365,0.0129617294296622,0.0491273179650306,-0.0057989787310361,-0.0071883033961057,0.023971851915121,-0.0211005471646785,0.0215682536363601,-0.0116229765117168,0.0058756684884428,-0.0209535919129848,-0.0056179775856435,0.0006551382248289,-0.0004492465814109,0.0091663459315896,0.0134304612874984,0.0067040990106761,0.0013677085516974,-0.0103114834055304,-0.0261931251734495,-0.0039071044884622,0.0141828255727887,-0.0098060751333832,0.022559842094779,0.0272887703031301,-0.0075394525192677,0.0171379446983337,0.0048209154047071,0.0065290937200188,0.0060046683065593,0.0014647351345047,0.0126286465674638,0.0158796142786741,-0.0188160501420497,-0.0238584913313388,0.0020694446284323,0.0134850274771452,0.0132806040346622,0.0201663468033075,0.0086956275627017,-0.0114122964441776,0.0051971981301903,0.0018552907276898,0.021476911380887,0.0166666954755783,-0.0177767258137464,-0.0202388186007738,-0.0156323369592428,-0.0206568893045187,0.0042174393311142,0.0063277627341449,0.071285143494606,0.0027248181868344,0.0283943843096494,0.008361236192286,-0.0314999595284462,-0.0114013897255063,0.0504201166331768,-0.0050324569456279,-0.0386265777051448,0.0037934731226414,-0.084796629846096,-0.0073483576998114,0.007683306466788,0.000634572643321,0.0013989595463499,-0.004650205373764,0.0035095391795039,-0.0169887281954288,0.0328661315143108,-0.0546554885804653,-0.0105212489143014,0.0059415479190647,-0.024265069514513,0.0154475308954715,-0.0160698052495718,0.0131991086527705,-0.021563321352005,0.0112607264891266,0.0099818194285035,-0.0056768194772303,-0.0109938941895961,0.0010979190701618,-0.0073497062548995,-0.0184250958263874,-0.0175054538995027,0.0075977686792612,-0.0004374553100205,-0.0210689902305603,0.0039525758475065,0.0412324368953704,-0.0054597072303295,-0.0578764118254184,-0.0353907793760299,0.0152424909174442,0.0308360904455184,-0.016151025891304,-0.0563524588942527,0.0115606933832168,0.0105611579492688,-0.0047999792732298,0.0079315602779388,0.0105649763718247,-0.0152107225731015,-0.0156817864626646,-0.0410013422369957,-0.0030016407836228,-0.0015745292184874,-0.0025474897120147,-0.01282300055027,0.0020896249916404,0.0179984141141176,-0.0129750091582536,0.0059690224006772,-0.0002096523821819,-0.0004200012190267,0.009016571654544,-0.0052246606848002,-0.0239043691190802,0.0151418025239351,0.02096875923842,0.0223367072554314,-0.0392115509335349,0.0691823456759654,0.0031453486268915,0.2287040895927101,-0.1067309732782536,-0.0529247903961748,2019-02-22,2019-02-25,2019-02-26,2019-02-27,2019-02-28,2019-03-01,2019-03-04,2019-03-05,2019-03-06,2019-03-07,13543.0,2019-02-21,252.0,0.1891%,-0.0004,0.7441,0.7869,-0.503,1.5674%,1.9107%,32.7034%,0.0039229999999999,GMED,13543.0,2019-02-22,252.0,-0.0210%,-0.0004,0.7462,0.7921,-0.4737,1.5702%,1.9104%,32.4414%,-0.016869,GMED,13543.0,2019-02-25,252.0,0.9228%,-0.0004,0.7471,0.7883,-0.4725,1.5706%,1.9102%,32.3980%,0.009216,GMED,13543.0,2019-02-26,252.0,-3.2627%,-0.0004,0.7652,0.8092,-0.4483,1.5748%,1.9199%,32.7246%,-0.028046,GMED,13543.0,2019-02-27,252.0,-0.3008%,-0.0004,0.7711,0.797,-0.4473,1.5728%,1.9191%,32.8394%,-0.005872,GMED,13543.0,2019-02-28,252.0,4.9127%,-0.0002,0.7635,0.7935,-0.4647,1.6043%,1.9433%,31.8488%,0.05014,GMED,13543.0,2019-03-01,252.0,-0.7188%,-0.0003,0.7726,0.807,-0.4429,1.6024%,1.9429%,31.9840%,-0.016935,GMED,13543.0,2019-03-04,252.0,-2.1101%,-0.0003,0.7682,0.8322,-0.4442,1.6022%,1.9456%,32.1891%,-0.012218,GMED,13543.0,2019-03-05,252.0,-1.1623%,-0.0004,0.7667,0.815,-0.4421,1.6010%,1.9380%,31.7551%,-0.008893,GMED,13543.0,2019-03-06,252.0,-2.0954%,-0.0005,0.7586,0.831,-0.4491,1.5970%,1.9376%,32.0697%,-0.004157,GMED,13543.0,2019-03-07,252.0,0.0655%,-0.0005,0.7546,0.8242,-0.4563,1.5973%,1.9362%,31.9469%,0.005885,GMED,-0.012946,-0.00373,-0.031776,0.0124919999999999,-0.023826
5435,GOGO INC,"Gogo Sees FY19 Sales $800M-$850M vs $900M Estimate, Adj. EBITDA $75M-$95M",6,decrease,0.8,0.7,gogo inc's sales guidance falling short of estimates is likely to lead to a negative reaction in the stock price.,0,2019-02-21,GOGO,2019-02-21 11:33:00+00:00,13956.0,38046C10,-0.0752940997481346,3570707.0,0.0636131688952446,0.0391197651624679,-0.0263157077133655,0.0820106342434883,0.0515970587730407,0.0053191436454653,0.0233644619584083,0.0415512733161449,0.047945212572813,-0.0216802600771188,-0.0043572941794991,-0.0133689707145094,-0.0087527269497513,-0.015789458528161,0.0198674779385328,-0.0709046944975853,0.004329000134021,-0.0238663256168365,-0.0086206812411546,0.0047961585223674,-0.0065216813236474,-0.0165093634277582,0.0722100436687469,0.0192307513207197,-0.0244897715747356,0.007263857871294,0.010460190474987,0.004866175353527,0.0144927892833948,0.0098280003294348,0.0020407657139003,0.0329949520528316,0.0285133086144924,-0.0199004784226417,-0.0118812704458832,0.0024937035050243,-0.0320640988647937,0.041558526456356,-0.002070341957733,0.0052219270728528,-0.0311203505843877,-0.0279188156127929,-0.021413255482912,-0.0366748385131359,0.0175054538995027,0.0848806798458099,-0.023655941709876,0.0161724910140037,-0.0220264103263616,-0.0026881694793701,0.0112611968070268,-0.0210526119917631,0.05790651217103,0.0270270016044378,-0.0231579225510358,0.0393258742988109,-0.0323276072740554,0.1521035730838776,-0.0289531499147415,-0.049230795353651,0.006880672648549,-0.0151515007019043,-0.0159452613443136,0.0280373562127351,-0.0324074849486351,-0.0061919447034597,0.0263158231973648,0.0802675634622573,-0.030303057283163,-0.0626959353685379,0.014423063956201,0.0887371972203254,0.0805687606334686,-0.0101351253688335,0.0285087972879409,-0.0133333206176757,0.0959487855434417,-0.0099009806290268,-0.0136186182498931,-0.0319489277899265,0.0394476912915706,-0.0369230434298515,-0.0341555662453174,0.0,0.0078585380688309,-0.0714285746216774,-0.0038986317813396,-0.0566037818789482,0.0078277811408042,-0.0159151051193475,0.0194174572825431,-0.0621890537440776,0.0019048055401071,0.0414508022367954,-0.0114069236442446,0.1156068965792656,-0.0076923007145524,-0.0572207160294055,0.013565924949944,-0.054123718291521,0.0019119984935969,-0.0152284121140837,-0.0133587205782532,-0.0879629850387573,-0.0058027482591569,0.0212766323238611,0.0038910470902919,-0.027586180716753,0.0523255802690982,-0.0502183474600315,0.0,-0.0150538003072142,0.0110497139394283,-0.0085287764668464,0.0892532393336296,0.0217864699661731,-0.0367892608046531,0.0110132582485675,0.0173610933125019,0.0796670764684677,0.0636131688952446,0.0391197651624679,0.0356234356225109,0.1243386361583867,0.089058558897064,0.1303191548702598,0.1679389490256788,0.151761502327175,0.1704834158748316,0.0191846335766499,0.1094147733605772,0.3076923049535542,0.4910941628370435,0.0107015725620824,2019-02-22,2019-02-25,2019-02-26,2019-02-27,2019-02-28,2019-03-01,2019-03-04,2019-03-05,2019-03-06,2019-03-07,13956.0,2019-02-21,252.0,-7.5294%,-0.0027,0.8784,1.2704,0.543,4.9944%,5.1032%,4.2184%,-0.070271,GOGO,13956.0,2019-02-22,252.0,6.3613%,-0.0025,0.8694,1.2869,0.4502,5.0091%,5.1201%,4.2893%,0.058798,GOGO,13956.0,2019-02-25,252.0,-2.6316%,-0.0021,0.8545,1.2826,0.3928,4.9452%,5.0570%,4.3724%,-0.023563,GOGO,13956.0,2019-02-26,252.0,5.1597%,-0.0017,0.8613,1.1866,0.3492,4.9571%,5.0656%,4.2369%,0.062369,GOGO,13956.0,2019-02-27,252.0,2.3364%,-0.0018,0.838,1.2345,0.3454,4.9475%,5.0553%,4.2210%,0.020654,GOGO,13956.0,2019-02-28,252.0,4.7945%,-0.0017,0.8447,1.2409,0.338,4.9544%,5.0635%,4.2594%,0.05106,GOGO,13956.0,2019-03-01,252.0,-0.4357%,-0.0017,0.8235,1.2093,0.3102,4.9510%,5.0549%,4.0670%,-0.012776,GOGO,13956.0,2019-03-04,252.0,-0.8753%,-0.0017,0.832,1.1806,0.3082,4.9497%,5.0535%,4.0665%,-0.0009329999999999,GOGO,13956.0,2019-03-05,252.0,1.9867%,-0.0016,0.8277,1.1656,0.2951,4.9526%,5.0542%,3.9778%,0.025591,GOGO,13956.0,2019-03-06,252.0,0.4329%,-0.0015,0.8183,1.1078,0.2765,4.9555%,5.0543%,3.8712%,0.025761,GOGO,13956.0,2019-03-07,252.0,-0.8621%,-0.0014,0.8216,1.1265,0.2863,4.9545%,5.0544%,3.9143%,-0.000313,GOGO,-0.0114729999999999,-0.035036,0.027333,0.099047,0.136377
5443,GOGO INC,"Gogo Q4 EPS $(0.74), Inline, Sales $217.224M Beat $214.5M Estimate",6,uncertain,0.6,0.2,"while gogo's sales beat estimates, the eps was inline with expectations, leading to uncertainty about the overall market reaction.",1,2019-02-21,GOGO,2019-02-21 11:33:00+00:00,13956.0,38046C10,-0.0752940997481346,3570707.0,0.0636131688952446,0.0391197651624679,-0.0263157077133655,0.0820106342434883,0.0515970587730407,0.0053191436454653,0.0233644619584083,0.0415512733161449,0.047945212572813,-0.0216802600771188,-0.0043572941794991,-0.0133689707145094,-0.0087527269497513,-0.015789458528161,0.0198674779385328,-0.0709046944975853,0.004329000134021,-0.0238663256168365,-0.0086206812411546,0.0047961585223674,-0.0065216813236474,-0.0165093634277582,0.0722100436687469,0.0192307513207197,-0.0244897715747356,0.007263857871294,0.010460190474987,0.004866175353527,0.0144927892833948,0.0098280003294348,0.0020407657139003,0.0329949520528316,0.0285133086144924,-0.0199004784226417,-0.0118812704458832,0.0024937035050243,-0.0320640988647937,0.041558526456356,-0.002070341957733,0.0052219270728528,-0.0311203505843877,-0.0279188156127929,-0.021413255482912,-0.0366748385131359,0.0175054538995027,0.0848806798458099,-0.023655941709876,0.0161724910140037,-0.0220264103263616,-0.0026881694793701,0.0112611968070268,-0.0210526119917631,0.05790651217103,0.0270270016044378,-0.0231579225510358,0.0393258742988109,-0.0323276072740554,0.1521035730838776,-0.0289531499147415,-0.049230795353651,0.006880672648549,-0.0151515007019043,-0.0159452613443136,0.0280373562127351,-0.0324074849486351,-0.0061919447034597,0.0263158231973648,0.0802675634622573,-0.030303057283163,-0.0626959353685379,0.014423063956201,0.0887371972203254,0.0805687606334686,-0.0101351253688335,0.0285087972879409,-0.0133333206176757,0.0959487855434417,-0.0099009806290268,-0.0136186182498931,-0.0319489277899265,0.0394476912915706,-0.0369230434298515,-0.0341555662453174,0.0,0.0078585380688309,-0.0714285746216774,-0.0038986317813396,-0.0566037818789482,0.0078277811408042,-0.0159151051193475,0.0194174572825431,-0.0621890537440776,0.0019048055401071,0.0414508022367954,-0.0114069236442446,0.1156068965792656,-0.0076923007145524,-0.0572207160294055,0.013565924949944,-0.054123718291521,0.0019119984935969,-0.0152284121140837,-0.0133587205782532,-0.0879629850387573,-0.0058027482591569,0.0212766323238611,0.0038910470902919,-0.027586180716753,0.0523255802690982,-0.0502183474600315,0.0,-0.0150538003072142,0.0110497139394283,-0.0085287764668464,0.0892532393336296,0.0217864699661731,-0.0367892608046531,0.0110132582485675,0.0173610933125019,0.0796670764684677,0.0636131688952446,0.0391197651624679,0.0356234356225109,0.1243386361583867,0.089058558897064,0.1303191548702598,0.1679389490256788,0.151761502327175,0.1704834158748316,0.0191846335766499,0.1094147733605772,0.3076923049535542,0.4910941628370435,0.0107015725620824,2019-02-22,2019-02-25,2019-02-26,2019-02-27,2019-02-28,2019-03-01,2019-03-04,2019-03-05,2019-03-06,2019-03-07,13956.0,2019-02-21,252.0,-7.5294%,-0.0027,0.8784,1.2704,0.543,4.9944%,5.1032%,4.2184%,-0.070271,GOGO,13956.0,2019-02-22,252.0,6.3613%,-0.0025,0.8694,1.2869,0.4502,5.0091%,5.1201%,4.2893%,0.058798,GOGO,13956.0,2019-02-25,252.0,-2.6316%,-0.0021,0.8545,1.2826,0.3928,4.9452%,5.0570%,4.3724%,-0.023563,GOGO,13956.0,2019-02-26,252.0,5.1597%,-0.0017,0.8613,1.1866,0.3492,4.9571%,5.0656%,4.2369%,0.062369,GOGO,13956.0,2019-02-27,252.0,2.3364%,-0.0018,0.838,1.2345,0.3454,4.9475%,5.0553%,4.2210%,0.020654,GOGO,13956.0,2019-02-28,252.0,4.7945%,-0.0017,0.8447,1.2409,0.338,4.9544%,5.0635%,4.2594%,0.05106,GOGO,13956.0,2019-03-01,252.0,-0.4357%,-0.0017,0.8235,1.2093,0.3102,4.9510%,5.0549%,4.0670%,-0.012776,GOGO,13956.0,2019-03-04,252.0,-0.8753%,-0.0017,0.832,1.1806,0.3082,4.9497%,5.0535%,4.0665%,-0.0009329999999999,GOGO,13956.0,2019-03-05,252.0,1.9867%,-0.0016,0.8277,1.1656,0.2951,4.9526%,5.0542%,3.9778%,0.025591,GOGO,13956.0,2019-03-06,252.0,0.4329%,-0.0015,0.8183,1.1078,0.2765,4.9555%,5.0543%,3.8712%,0.025761,GOGO,13956.0,2019-03-07,252.0,-0.8621%,-0.0014,0.8216,1.1265,0.2863,4.9545%,5.0544%,3.9143%,-0.000313,GOGO,-0.0114729999999999,-0.035036,0.027333,0.099047,0.136377
5451,ALPHABET INC,Thousand-Year Itch: Navigating Disasters More Regularly,6,uncertain,0.5,0.5,"the headline suggests a focus on disaster navigation, which could imply both potential risks and opportunities for alphabet inc, leading to uncertainty in its stock price.",1,2019-02-21,GOOG,2019-02-21 15:31:00+00:00,14542.0,02079K10,-0.0151105020195245,1415473.0,0.0122154885903,-0.0042554796673357,-0.0008735563023947,0.0044089560396969,0.0051649361848831,-0.0071500702761113,0.0008250553510151,0.0013480304041877,0.0034675821661949,-0.0010790023952722,0.018813794478774,0.0240728259086608,0.0059685525484383,-4.570418604998849e-05,0.0123976124450564,-0.0033219889737665,-0.003588585415855,-0.0148131055757403,-0.0125748682767152,-0.0268414299935102,-0.0008572575170546,0.0116436621174216,0.0292738154530525,0.0198514964431524,0.0148329092189669,-0.00503416871652,0.0001005658050416,0.025076612830162,-0.006511160172522,0.0268145650625228,-0.0009194785961881,-0.0088404240086674,-0.0001688120973994,-0.0191661100834608,0.0123199010267853,0.0159139260649681,0.0209534093737602,-0.0015525924973189,0.0061848480254411,0.0047172652557492,-0.0211442895233631,-0.0252581257373094,-0.0103691415861249,0.0076704150997102,-0.0070243123918771,0.0082611488178372,-0.009792149066925,0.0035463457461446,-0.0038618517573922,0.0310714989900589,0.0041250404901802,-0.0118237975984811,0.0180003531277179,-0.0122766019776463,0.0050734961405396,-0.004029253963381,0.0045231976546347,-0.0015051799127832,0.0075294841080904,0.0073849572800099,-0.0064608850516378,-0.0021667364053428,-0.0027420441620051,0.0537861585617065,-0.0054741213098168,-0.0284839887171983,0.0041010933928191,0.0098878825083374,0.0020462840329855,-0.0014174131210893,0.0109993191435933,-0.006514205597341,0.0026521554682403,0.0042522503063082,0.004938194528222,0.0647804737091064,0.0075052855536341,-0.0033893536310642,2.428886728012003e-05,-0.0295915398746728,0.0100859533995389,-0.0132941380143165,0.0125797409564256,-0.0055408729240298,-0.0067613366991281,0.0119818709790706,0.0059314896352589,-0.0245369412004947,0.0069097336381673,-0.0186458695679903,0.0121051277965307,-0.0016734630335122,-0.0769660770893096,0.0113430507481098,-0.0171648021787405,0.0117357997223734,-0.0046828733757138,0.0028652809560298,0.0196024794131517,-0.030082456767559,0.0033659441396594,0.0170438662171363,-0.0128553621470928,-0.050260841846466,-0.0066689006052911,0.0109646115452051,-0.0033354321494698,0.0056326421909034,0.0016259868862107,0.0019057367462664,-0.0276911631226539,0.0400416925549507,-0.0102383214980363,-0.0040147630497813,0.0390650294721126,0.0241629779338836,0.01268673222512,-0.0132323130965232,-0.0141477650031447,0.0115523859858512,0.0122154885903,-0.0042554796673357,0.0113312613708604,0.0001347141495799,0.0165547227976183,-0.007016319342168,0.020921332048406,-0.0067506232422769,0.0422345896869524,-0.0280891997611669,0.1075964062826155,0.0425032394983073,0.0595550234488377,0.0858290873051923,2019-02-22,2019-02-25,2019-02-26,2019-02-27,2019-02-28,2019-03-01,2019-03-04,2019-03-05,2019-03-06,2019-03-07,14542.0,2019-02-21,252.0,-1.5111%,-0.0004,1.2,-0.3208,-0.7224,0.9128%,1.7472%,72.7052%,-0.012721,GOOG,14542.0,2019-02-22,252.0,1.2215%,-0.0004,1.2015,-0.3458,-0.7269,0.9062%,1.7482%,73.1280%,-0.004539,GOOG,14542.0,2019-02-25,252.0,-0.0874%,-0.0004,1.2008,-0.3443,-0.729,0.9057%,1.7480%,73.1549%,-0.004983,GOOG,14542.0,2019-02-26,252.0,0.5165%,-0.0004,1.2016,-0.349,-0.7308,0.9057%,1.7445%,73.0456%,0.0023769999999999,GOOG,14542.0,2019-02-27,252.0,0.0825%,-0.0004,1.2017,-0.3493,-0.7308,0.9057%,1.7420%,72.9664%,-0.00057,GOOG,14542.0,2019-02-28,252.0,0.3468%,-0.0004,1.1966,-0.3527,-0.7358,0.9052%,1.7364%,72.8212%,0.005336,GOOG,14542.0,2019-03-01,252.0,1.8814%,-0.0003,1.197,-0.3521,-0.7392,0.9067%,1.7386%,72.8020%,0.0081879999999999,GOOG,14542.0,2019-03-04,252.0,0.5969%,-0.0002,1.1887,-0.3371,-0.7342,0.9065%,1.7270%,72.4491%,0.013578,GOOG,14542.0,2019-03-05,252.0,1.2398%,-0.0002,1.1866,-0.3462,-0.7401,0.9095%,1.7279%,72.2949%,0.0115209999999999,GOOG,14542.0,2019-03-06,252.0,-0.3589%,-0.0002,1.1861,-0.3516,-0.7413,0.9096%,1.7267%,72.2521%,0.002222,GOOG,14542.0,2019-03-07,252.0,-1.2575%,-0.0002,1.1879,-0.3535,-0.7394,0.9100%,1.7285%,72.2813%,-0.005631,GOOG,-0.01726,-0.022243,-0.019866,-0.0151,0.0147779999999999
5459,GROUP 1 AUTOMOTIVE INC,Group 1 Raises Buyback To $75M,6,increase,0.8,0.6,raising the buyback amount typically signals confidence in the company's financial health and can lead to an increase in stock price as it reduces the number of shares outstanding.,2,2019-02-21,GPI,2019-02-21 12:27:00+00:00,85427.0,39890510,-0.0251334980130195,204905.0,0.0154688861221075,0.0341130346059799,-0.0020628541242331,-0.0033996936399489,-0.0004770039813593,0.0390243828296661,-0.0030226286035031,-0.0036869014147669,-0.0036699837073683,-0.0020070704631507,-0.0011257589794695,0.0353246927261352,0.0040251165628433,0.0167253650724887,0.0186016652733087,-0.0186593271791935,-0.0250314883887767,-0.0590147525072097,-0.0188923291862011,-0.0134723363444209,-0.0034562062937766,0.0074325269088149,0.013707710430026,0.0160893052816391,0.0017921245889738,-0.0019662287086248,0.0082940040156245,0.0003278226358816,-0.0109677473083138,0.0129503365606069,0.0014677129220217,-0.0126229580491781,0.0143299307674169,0.0102682830765843,-0.0073847980238497,0.0056628938764333,-0.0040433444082736,0.0036777202039957,0.023221768438816,-0.0225490368902683,-0.0423741973936557,-0.0029325562063604,0.0192243922501802,0.0155526548624038,0.0084552923217415,0.0063269603997468,0.0282167047262191,0.0126454224810004,0.0086247334256768,0.0059362668544054,0.0059079173952341,-0.0160213466733694,0.027820760384202,0.0169721655547618,-0.0126315234228968,-0.0132306301966309,0.0315260365605354,0.0307267177850008,0.0186031963676214,0.0122313601896166,-0.019278073683381,0.0321009680628776,0.0165532827377319,0.0325884521007537,-0.0063972440548241,-0.010320633649826,0.016096081584692,0.0292108692228794,0.0004320100415498,0.0091883521527051,0.0146825481206178,0.0094686318188905,-0.0147538790479302,0.0103474967181682,0.0390209779143333,0.0383133850991725,-0.000970167980995,-0.0078439135104417,0.0009711101301945,-0.0197160877287387,-0.0315965376794338,0.0099561922252178,0.0384945981204509,-0.0152940936386585,0.0287998337298631,-0.0081679923459887,0.0221001040190458,0.0156033392995595,0.041147943586111,0.0113863302394747,-0.019634960219264,-0.0094974189996719,0.0053921961225569,-0.0068775489926338,-0.0107265533879399,-0.0013736203545704,-0.0081322435289621,-0.0289634242653846,0.0152265205979347,-0.0157539416104555,0.023843104019761,-0.0003749617026187,-0.0060098078101873,-0.041164856404066,-0.010580631904304,-0.0101423431187868,-0.0086569096893072,0.0087546817958354,0.0014126185560598,-0.0255918782204389,-0.028597118332982,0.0034940065816044,0.012937338091433,-0.0176763124763965,0.0058646802790462,0.0114563414826989,0.0071262381970882,0.008578460663557,-0.014537563547492,0.017094001173973,0.0154688861221075,0.0341130346059799,0.01337412194234,0.0305973670992416,0.012890738451567,0.0708157932961683,0.0061230894204991,0.0647265221813702,-0.0168536996121747,0.0210104444976368,0.1163144063036791,0.112353663842432,0.2394504225473221,0.1387911658678735,2019-02-22,2019-02-25,2019-02-26,2019-02-27,2019-02-28,2019-03-01,2019-03-04,2019-03-05,2019-03-06,2019-03-07,85427.0,2019-02-21,252.0,-2.5133%,-0.0004,0.9429,1.271,1.0976,1.9105%,2.1892%,23.8433%,-0.018345,GPI,85427.0,2019-02-22,252.0,1.5469%,-0.0003,0.9398,1.2854,1.0735,1.9134%,2.1915%,23.7646%,0.018384,GPI,85427.0,2019-02-25,252.0,-0.2063%,-0.0003,0.941,1.2856,1.0779,1.9124%,2.1911%,23.8202%,0.001702,GPI,85427.0,2019-02-26,252.0,-0.0477%,-0.0003,0.9385,1.2698,1.0681,1.9142%,2.1906%,23.6432%,0.012713,GPI,85427.0,2019-02-27,252.0,-0.3023%,-0.0003,0.9411,1.2638,1.0685,1.9140%,2.1906%,23.6544%,-0.005098,GPI,85427.0,2019-02-28,252.0,-0.3670%,-0.0002,0.9268,1.2541,1.0577,1.9070%,2.1764%,23.2244%,0.001566,GPI,85427.0,2019-03-01,252.0,-0.1126%,-0.0001,0.9088,1.2273,1.0332,1.8998%,2.1573%,22.4440%,-0.007295,GPI,85427.0,2019-03-04,252.0,0.4025%,0.0,0.8965,1.2595,1.0384,1.8948%,2.1528%,22.5354%,0.009541,GPI,85427.0,2019-03-05,252.0,1.8602%,0.0001,0.8902,1.2275,1.0241,1.9012%,2.1504%,21.8304%,0.026432,GPI,85427.0,2019-03-06,252.0,-2.5031%,-0.0,0.876,1.2461,1.0107,1.8927%,2.1442%,22.0872%,-0.002587,GPI,85427.0,2019-03-07,252.0,-1.8892%,-0.0001,0.8749,1.2256,1.0033,1.8895%,2.1379%,21.8847%,-0.007591,GPI,3.900000000000084e-05,0.001741,0.014454,0.010922,0.0294219999999999
5467,GARMIN LTD,"UPDATE: Longbow Downgrades Garmin To Neutral As Firm Notes 'Valuation at the upper end of GRMN's historical range appears to capture much of the upside from a robust CY19 outlook for GRMN's Outdoor, Aviation, Fitness, and Marine businesses'",6,decrease,0.7,0.5,"the downgrade to 'neutral' suggests that the stock may not have significant upside potential, which could lead to a decrease in investor confidence and stock price.",0,2019-02-21,GRMN,2019-02-21 14:47:00+00:00,88837.0,H2906T10,-0.0077052661217749,3142260.0,0.007886454463005,0.1703536212444305,0.0057782996445894,-0.0090756984427571,0.0011968697654083,0.0032217868138104,0.0062163374386727,-0.0001400859327986,-0.0023761072661727,-0.0020964574068784,0.0085745053365826,0.0141743440181016,0.0005903344135731,0.0041275392286479,-0.0090865781530737,0.0097729275003075,-0.0057163671590387,-0.0027231592684984,-0.0057491404004395,0.0018667038530111,-0.0039754468016326,0.0010061764623969,0.0142718954011797,0.0033170373644679,0.0079894848167896,0.0023127498570829,-0.0069797271862626,0.001157768885605,-0.0046461941674351,0.0061152908019721,0.0025288907345384,0.0155256995931267,0.0084083713591098,-0.0138525012880563,-0.0032161602284759,0.0082329493016004,0.0064531657844781,0.0056179370731115,0.0043931975960731,0.0037097493186593,-0.0119398813694715,-0.0075110769830644,0.0067001380957663,0.0128281712532043,0.0128357717767357,0.0053989291191101,0.0078619830310344,0.0063386382535099,-0.0032599694095551,0.0076034059748053,0.0086438246071338,-0.0121676065027713,0.0177185740321874,0.0078727724030613,0.0042103179730474,0.0056334156543016,0.0035127201117575,0.0138932010158896,-0.0040650474838912,0.0093486830592155,-0.0003401222347747,0.0072190691716969,0.0105478093028068,0.0379540957510471,-0.0097642550244927,-0.018074233084917,0.0064603840000927,-0.0126342270523309,0.0023648545611649,0.0079592484980821,-0.0006741398246958,-0.002223624382168,-0.003260183148086,0.0122186224907636,-0.0100384270772337,0.0272502321749925,-0.0180015303194522,-0.0127181243151426,0.0039447303861379,-0.0127172749489545,-0.0053160646930336,-0.0009649625862948,0.010108083486557,-0.0217117853462696,-0.0036806957796216,0.0071304193697869,-0.010505698621273,-0.0311636291444301,0.001050098799169,-0.0145234353840351,-0.0039627500809729,0.0054323496297001,0.0032763723284006,0.0134576736018061,-0.0662468001246452,0.0070845382288098,-0.0162377655506134,0.0038651823997497,0.0100304838269949,-0.0053821080364286,-0.0030170395039021,-0.0206325706094503,-0.0118521600961685,-0.0316464677453041,0.0039555639959871,0.0286528039723634,-0.0015252000885084,0.0103061571717262,0.0095468433573842,-0.0060258195735514,-0.025595748797059,0.0156058240681886,0.0091873593628406,-0.0077425553463399,0.0133350547403097,0.0135406199842691,0.0048083625733852,-0.0019963893573731,-0.0159930009394884,0.0114943385124206,0.007886454463005,0.1703536212444305,0.013710324404615,0.1597318447066273,0.0149236036427771,0.1634682534714593,0.0188061527718697,0.1608664479904651,0.0071585057702829,0.192705322376488,0.0767009188224392,0.2941726011172239,-0.0461064412079857,0.3004968827080052,2019-02-22,2019-02-25,2019-02-26,2019-02-27,2019-02-28,2019-03-01,2019-03-04,2019-03-05,2019-03-06,2019-03-07,88837.0,2019-02-21,252.0,-0.7705%,0.001,0.7779,0.2764,0.0386,1.3999%,1.6288%,26.1274%,-0.004654,GRMN,88837.0,2019-02-22,252.0,0.7886%,0.0012,0.7754,0.3393,0.066,1.3687%,1.6015%,26.9540%,0.001778,GRMN,88837.0,2019-02-25,252.0,0.5778%,0.0013,0.7724,0.3343,0.0524,1.3598%,1.5937%,27.2048%,0.005516,GRMN,88837.0,2019-02-26,252.0,0.1197%,0.0014,0.7794,0.323,0.0518,1.3576%,1.5937%,27.4346%,0.004645,GRMN,88837.0,2019-02-27,252.0,0.6216%,0.0014,0.781,0.3211,0.0521,1.3576%,1.5938%,27.4461%,0.004863,GRMN,88837.0,2019-02-28,252.0,-0.2376%,0.0014,0.7823,0.3219,0.0534,1.3576%,1.5931%,27.3814%,1.1e-05,GRMN,88837.0,2019-03-01,252.0,0.8575%,0.0014,0.7778,0.3153,0.0462,1.3567%,1.5897%,27.1603%,0.002132,GRMN,88837.0,2019-03-04,252.0,0.0590%,0.0014,0.7765,0.316,0.0474,1.3569%,1.5889%,27.0640%,0.005626,GRMN,88837.0,2019-03-05,252.0,-0.9087%,0.0014,0.778,0.3227,0.0515,1.3579%,1.5895%,27.0218%,-0.006763,GRMN,88837.0,2019-03-06,252.0,-0.5716%,0.0014,0.7796,0.3132,0.052,1.3576%,1.5902%,27.1131%,0.004775,GRMN,88837.0,2019-03-07,252.0,-0.5749%,0.0015,0.7806,0.317,0.0543,1.3575%,1.5908%,27.1840%,0.000945,GRMN,-0.002876,0.00264,0.007285,0.012159,0.018874
5475,GARMIN LTD,Longbow Research Downgrades Garmin to Neutral,6,decrease,0.8,0.6,"a downgrade from longbow research typically signals reduced expectations for the company's performance, which can lead to a decline in stock price.",0,2019-02-21,GRMN,2019-02-21 11:30:00+00:00,88837.0,H2906T10,-0.0077052661217749,3142260.0,0.007886454463005,0.1703536212444305,0.0057782996445894,-0.0090756984427571,0.0011968697654083,0.0032217868138104,0.0062163374386727,-0.0001400859327986,-0.0023761072661727,-0.0020964574068784,0.0085745053365826,0.0141743440181016,0.0005903344135731,0.0041275392286479,-0.0090865781530737,0.0097729275003075,-0.0057163671590387,-0.0027231592684984,-0.0057491404004395,0.0018667038530111,-0.0039754468016326,0.0010061764623969,0.0142718954011797,0.0033170373644679,0.0079894848167896,0.0023127498570829,-0.0069797271862626,0.001157768885605,-0.0046461941674351,0.0061152908019721,0.0025288907345384,0.0155256995931267,0.0084083713591098,-0.0138525012880563,-0.0032161602284759,0.0082329493016004,0.0064531657844781,0.0056179370731115,0.0043931975960731,0.0037097493186593,-0.0119398813694715,-0.0075110769830644,0.0067001380957663,0.0128281712532043,0.0128357717767357,0.0053989291191101,0.0078619830310344,0.0063386382535099,-0.0032599694095551,0.0076034059748053,0.0086438246071338,-0.0121676065027713,0.0177185740321874,0.0078727724030613,0.0042103179730474,0.0056334156543016,0.0035127201117575,0.0138932010158896,-0.0040650474838912,0.0093486830592155,-0.0003401222347747,0.0072190691716969,0.0105478093028068,0.0379540957510471,-0.0097642550244927,-0.018074233084917,0.0064603840000927,-0.0126342270523309,0.0023648545611649,0.0079592484980821,-0.0006741398246958,-0.002223624382168,-0.003260183148086,0.0122186224907636,-0.0100384270772337,0.0272502321749925,-0.0180015303194522,-0.0127181243151426,0.0039447303861379,-0.0127172749489545,-0.0053160646930336,-0.0009649625862948,0.010108083486557,-0.0217117853462696,-0.0036806957796216,0.0071304193697869,-0.010505698621273,-0.0311636291444301,0.001050098799169,-0.0145234353840351,-0.0039627500809729,0.0054323496297001,0.0032763723284006,0.0134576736018061,-0.0662468001246452,0.0070845382288098,-0.0162377655506134,0.0038651823997497,0.0100304838269949,-0.0053821080364286,-0.0030170395039021,-0.0206325706094503,-0.0118521600961685,-0.0316464677453041,0.0039555639959871,0.0286528039723634,-0.0015252000885084,0.0103061571717262,0.0095468433573842,-0.0060258195735514,-0.025595748797059,0.0156058240681886,0.0091873593628406,-0.0077425553463399,0.0133350547403097,0.0135406199842691,0.0048083625733852,-0.0019963893573731,-0.0159930009394884,0.0114943385124206,0.007886454463005,0.1703536212444305,0.013710324404615,0.1597318447066273,0.0149236036427771,0.1634682534714593,0.0188061527718697,0.1608664479904651,0.0071585057702829,0.192705322376488,0.0767009188224392,0.2941726011172239,-0.0461064412079857,0.3004968827080052,2019-02-22,2019-02-25,2019-02-26,2019-02-27,2019-02-28,2019-03-01,2019-03-04,2019-03-05,2019-03-06,2019-03-07,88837.0,2019-02-21,252.0,-0.7705%,0.001,0.7779,0.2764,0.0386,1.3999%,1.6288%,26.1274%,-0.004654,GRMN,88837.0,2019-02-22,252.0,0.7886%,0.0012,0.7754,0.3393,0.066,1.3687%,1.6015%,26.9540%,0.001778,GRMN,88837.0,2019-02-25,252.0,0.5778%,0.0013,0.7724,0.3343,0.0524,1.3598%,1.5937%,27.2048%,0.005516,GRMN,88837.0,2019-02-26,252.0,0.1197%,0.0014,0.7794,0.323,0.0518,1.3576%,1.5937%,27.4346%,0.004645,GRMN,88837.0,2019-02-27,252.0,0.6216%,0.0014,0.781,0.3211,0.0521,1.3576%,1.5938%,27.4461%,0.004863,GRMN,88837.0,2019-02-28,252.0,-0.2376%,0.0014,0.7823,0.3219,0.0534,1.3576%,1.5931%,27.3814%,1.1e-05,GRMN,88837.0,2019-03-01,252.0,0.8575%,0.0014,0.7778,0.3153,0.0462,1.3567%,1.5897%,27.1603%,0.002132,GRMN,88837.0,2019-03-04,252.0,0.0590%,0.0014,0.7765,0.316,0.0474,1.3569%,1.5889%,27.0640%,0.005626,GRMN,88837.0,2019-03-05,252.0,-0.9087%,0.0014,0.778,0.3227,0.0515,1.3579%,1.5895%,27.0218%,-0.006763,GRMN,88837.0,2019-03-06,252.0,-0.5716%,0.0014,0.7796,0.3132,0.052,1.3576%,1.5902%,27.1131%,0.004775,GRMN,88837.0,2019-03-07,252.0,-0.5749%,0.0015,0.7806,0.317,0.0543,1.3575%,1.5908%,27.1840%,0.000945,GRMN,-0.002876,0.00264,0.007285,0.012159,0.018874
5483,GRANITE CONSTRUCTION INC,"MKM Reiterates Buy And Raises Granite Construction Price Target From $60 To $61 As Firm Notes 'with so many spending initiatives on the books across the country, a multi-year bull market for infrastructure construction appears to be beginning'",6,increase,0.8,0.6,"the reiteration of a 'buy' rating and an increase in the price target, along with positive commentary on infrastructure spending, suggests strong investor confidence that could lead to a rise in granite construction's stock price.",2,2019-02-21,GVA,2019-02-21 15:35:00+00:00,76135.0,38732810,-0.0334503166377544,516143.0,-0.0025636134669184,0.0683873444795608,0.0085671776905655,-0.0032981026452034,-0.0178381856530904,0.0144991679117083,0.0012973269913345,0.0024597630836069,0.0053984019905328,0.0140590192750096,0.0285652484744787,0.0573003925383091,0.0064731962047517,-0.0109082069247961,-0.0006224604439921,-0.000710961932782,-0.0220053475350141,-0.0393808223307132,0.0067926063202321,-0.0006824108422733,-0.011806902475655,0.0157116521149873,0.0125880129635334,0.0193122867494821,-0.0033712568692862,-0.0175845008343458,-0.0135306427255272,0.0046490179374814,-0.0102871740236878,-0.0004646946326829,-0.0025985043030232,-0.0198132302612066,0.0169344060122966,-0.0004552801547106,-0.0160119552165269,0.0183124933391809,-0.016272509470582,0.0122008556500077,0.0119100334122777,-0.020229909569025,-0.0603749006986618,-0.0204908773303031,0.0125261172652244,0.0294390469789505,-0.0048110629431903,0.0119633665308356,0.000230251767789,-0.0014054242055863,0.0002301740605616,-0.0118056051433086,-0.0041541727259755,-0.0107624782249331,0.0410196185111999,-0.0133303245529532,-0.0251557733863592,0.02643783390522,-0.0004567357245832,0.0023244647309184,0.0166780799627304,0.0134275546297431,0.008539349772036,0.0162796340882778,-0.0153743857517838,0.0416459366679191,-0.0312287230044603,-0.0069341897033154,0.0156505052000284,0.002482678508386,0.0131094688549637,0.0072517399676144,0.0097616417333483,-0.0110918907448649,0.0227068830281496,-0.0031941293273121,0.0169267226010561,0.0484286732971668,-0.0112407403066754,-0.0122137293219566,0.0144293792545795,-0.0070743453688919,-0.0040948800742626,-0.0104999542236328,-0.0186107046902179,-0.0191269945353269,0.0260198526084423,0.0126644726842641,-0.0655490905046463,-0.0032178480178117,0.0354186035692691,-0.0225018206983804,-0.0106619177386164,-0.033216331154108,0.0078580705448985,0.0096835112199187,0.0131432423368096,-0.0273374374955892,-0.0008795275934971,-0.0430864542722702,0.0338908657431602,-0.0317155793309211,-0.0029799784533679,0.010539854876697,-0.0401366576552391,-0.0606183037161827,-0.0146797122433781,-0.0225162822753191,-0.0293453559279441,0.0005929366452619,0.0100000072270631,-0.0174757577478885,-0.0448998548090457,0.011986649595201,0.0279652811586856,-0.0334283411502838,-0.0100844353437423,0.0247177965939045,0.0018953288672491,0.01101931091398,-0.0241191871464252,-0.0025515421293675,-0.0025636134669184,0.0683873444795608,0.0059816012915461,0.0648636933526309,-0.0119632852758857,0.0803033308456326,-0.0053407395021261,0.0981859853440367,0.0132450090214537,0.1016833766365885,-0.0464962865923915,0.1408715975866465,-0.1157056458467815,-0.0463702398060134,2019-02-22,2019-02-25,2019-02-26,2019-02-27,2019-02-28,2019-03-01,2019-03-04,2019-03-05,2019-03-06,2019-03-07,76135.0,2019-02-21,252.0,-3.3450%,-0.0008,1.2043,1.3095,0.7035,1.9563%,2.3610%,31.3442%,-0.0266409999999999,GVA,76135.0,2019-02-22,252.0,-0.2564%,-0.0008,1.2045,1.3267,0.722,1.9548%,2.3607%,31.4282%,-0.007352,GVA,76135.0,2019-02-25,252.0,0.8567%,-0.0008,1.2068,1.323,0.7286,1.9521%,2.3586%,31.4994%,0.011409,GVA,76135.0,2019-02-26,252.0,-1.7838%,-0.0008,1.2154,1.3207,0.7339,1.9506%,2.3611%,31.7467%,-0.0051359999999999,GVA,76135.0,2019-02-27,252.0,0.1297%,-0.0008,1.2158,1.3197,0.734,1.9506%,2.3609%,31.7348%,-0.0015249999999999,GVA,76135.0,2019-02-28,252.0,0.5398%,-0.0007,1.213,1.3182,0.7293,1.9519%,2.3583%,31.4960%,0.010638,GVA,76135.0,2019-03-01,252.0,2.8565%,-0.0006,1.2148,1.3209,0.723,1.9556%,2.3601%,31.3377%,0.018836,GVA,76135.0,2019-03-04,252.0,0.6473%,-0.0006,1.214,1.3091,0.7264,1.9581%,2.3605%,31.1879%,0.015164,GVA,76135.0,2019-03-05,252.0,-0.0622%,-0.0005,1.2145,1.3177,0.7239,1.9581%,2.3592%,31.1111%,0.007153,GVA,76135.0,2019-03-06,252.0,-2.2005%,-0.0005,1.2135,1.3067,0.7212,1.9583%,2.3626%,31.2962%,0.00442,GVA,76135.0,2019-03-07,252.0,0.6793%,-0.0004,1.2067,1.3134,0.7141,1.9614%,2.3629%,31.0991%,0.019948,GVA,-0.0339929999999999,-0.0225839999999999,-0.0277199999999999,-0.0186069999999999,0.046914
5491,HALOZYME THERAPEUTICS INC,Halozyme Therapeutics Sees FY19 Sales $205M-$215M vs $168.78M Est.,6,increase,0.8,0.6,"the forecasted sales for fy19 exceed analyst estimates, which is likely to positively influence investor sentiment and drive the stock price up.",2,2019-02-21,HALO,2019-02-21 21:05:00+00:00,90436.0,40637H10,-0.0154119869694113,565242.0,0.0120408702641725,0.0029727197252213,0.0392623357474803,-0.0129108689725399,-0.0165998302400112,0.0302297435700893,0.0162979494780302,-0.0036144256591796,-0.012027439661324,-0.003002957208082,0.0191304311156272,0.0164835453033447,-0.0204778499901294,0.0024479196872562,-0.0104528693482279,0.0055384710431098,-0.057511817663908,-0.0286909472197294,-0.0267745554447174,-0.0129794226959347,0.0083173457533121,0.0198555905371904,0.0088832098990678,0.0310173686593771,0.0012578904861584,-0.0037082487251609,0.0169598273932933,0.0112500190734863,-0.0197653267532587,0.0025062633212655,0.0132325170561671,0.0178571250289678,0.0273632165044546,-0.0537114925682544,0.0133171491324901,0.027278397232294,-0.0119473626837134,0.0254290923476219,-0.0024184349458664,-0.0113136582076549,-0.061212133616209,-0.0316494479775428,0.0135571360588073,0.0079755261540412,0.0089172190055251,0.0290403459221124,-0.0183080788701772,-0.0099999904632568,0.0282957926392555,0.0243277922272682,0.0068793380632996,-0.0387692376971244,0.0049689393490552,0.0200878642499446,0.0346105955541133,0.0521796531975269,0.031063349917531,-0.0123939709737896,-0.0202781222760677,0.0199600923806428,0.0171496700495481,0.0210597459226846,0.0005812977324239,0.0559541396796703,-0.020917996764183,-0.0581081472337245,0.018397593870759,0.0116199636831879,-0.0250582937151193,0.0245098304003477,-0.0113567626103758,-0.0055710254237055,0.0072550741024315,0.0020934916101396,-0.0024009009357541,0.0750187560915947,-0.0156438164412975,-0.0403168052434921,-0.0238386504352092,-0.0169851221144199,0.0075140814296901,-0.0077246949076652,0.0192665923386812,-0.0152144031599164,-0.014024362899363,-0.0359999984502792,0.0024736553896218,-0.0112063335254788,0.0006169173284433,-0.0052458965219557,0.0098643563687801,-0.0286624077707529,-0.0152625162154436,0.0155239179730415,0.0024799080565571,-0.0038660063873976,0.0160791724920272,0.0264550652354955,0.0395617522299289,-0.0270270314067602,0.008782179094851,0.0090909311547875,-0.0110271982848644,-0.0711701065301895,-0.0199530590325593,0.0042398362420499,-0.022155737504363,0.0409836433827877,-0.0067361057735979,-0.0043942653574049,-0.0419235117733478,0.0297349728643894,0.0186615157872438,-0.074206992983818,-0.0025268453173339,0.0398257263004779,0.0082330657169222,-0.011685149744153,-0.0194723885506391,0.0409731343388557,0.0120408702641725,0.0029727197252213,0.0517759587026567,-0.0099765296421828,0.0343166563376675,0.0199516259951038,0.0385309663278556,0.0132132860996563,-0.0590006279424266,-0.0047197596006938,0.0180613628434687,0.1224218973088206,-0.0602047520875027,0.0800256683201274,2019-02-22,2019-02-25,2019-02-26,2019-02-27,2019-02-28,2019-03-01,2019-03-04,2019-03-05,2019-03-06,2019-03-07,90436.0,2019-02-21,252.0,-1.5412%,-0.0006,1.3856,1.0139,-0.3179,1.9027%,2.5430%,44.0173%,-0.010456,HALO,90436.0,2019-02-22,252.0,1.2041%,-0.0008,1.3887,0.9574,-0.3327,1.8857%,2.5308%,44.4802%,-0.007316,HALO,90436.0,2019-02-25,252.0,3.9262%,-0.0007,1.3886,0.9378,-0.3434,1.9023%,2.5429%,44.0387%,0.03897,HALO,90436.0,2019-02-26,252.0,-1.6600%,-0.0008,1.3826,0.9559,-0.3386,1.9013%,2.5376%,43.8611%,-0.009609,HALO,90436.0,2019-02-27,252.0,1.6298%,-0.0007,1.3841,0.9573,-0.3383,1.9031%,2.5393%,43.8269%,0.012731,HALO,90436.0,2019-02-28,252.0,-1.2027%,-0.0008,1.3932,0.9633,-0.3298,1.9018%,2.5401%,43.9439%,-0.008874,HALO,90436.0,2019-03-01,252.0,1.9130%,-0.0008,1.3988,0.9716,-0.3238,1.9016%,2.5419%,44.0363%,0.004896,HALO,90436.0,2019-03-04,252.0,-2.0478%,-0.0009,1.4069,0.9514,-0.3274,1.8996%,2.5447%,44.2708%,-0.008145,HALO,90436.0,2019-03-05,252.0,-1.0453%,-0.0008,1.4116,0.985,-0.3221,1.8967%,2.5453%,44.4695%,-0.005987,HALO,90436.0,2019-03-06,252.0,-5.7512%,-0.0009,1.4328,1.0449,-0.2901,1.9051%,2.5705%,45.0716%,-0.033204,HALO,90436.0,2019-03-07,252.0,-2.6775%,-0.001,1.4383,1.0435,-0.2831,1.9071%,2.5738%,45.0995%,-0.015341,HALO,-0.017772,0.0211979999999999,0.0115889999999999,0.0154459999999999,-0.042335
5499,HALOZYME THERAPEUTICS INC,"Halozyme Therapeutics Q4 EPS $(0.01) Beats $(0.03) Estimate, Sales $60.2M Beat $59.94M Estimate",6,increase,0.7,0.6,"the company reported better-than-expected earnings and sales, which typically boosts investor confidence and can lead to an increase in stock price.",2,2019-02-21,HALO,2019-02-21 21:05:00+00:00,90436.0,40637H10,-0.0154119869694113,565242.0,0.0120408702641725,0.0029727197252213,0.0392623357474803,-0.0129108689725399,-0.0165998302400112,0.0302297435700893,0.0162979494780302,-0.0036144256591796,-0.012027439661324,-0.003002957208082,0.0191304311156272,0.0164835453033447,-0.0204778499901294,0.0024479196872562,-0.0104528693482279,0.0055384710431098,-0.057511817663908,-0.0286909472197294,-0.0267745554447174,-0.0129794226959347,0.0083173457533121,0.0198555905371904,0.0088832098990678,0.0310173686593771,0.0012578904861584,-0.0037082487251609,0.0169598273932933,0.0112500190734863,-0.0197653267532587,0.0025062633212655,0.0132325170561671,0.0178571250289678,0.0273632165044546,-0.0537114925682544,0.0133171491324901,0.027278397232294,-0.0119473626837134,0.0254290923476219,-0.0024184349458664,-0.0113136582076549,-0.061212133616209,-0.0316494479775428,0.0135571360588073,0.0079755261540412,0.0089172190055251,0.0290403459221124,-0.0183080788701772,-0.0099999904632568,0.0282957926392555,0.0243277922272682,0.0068793380632996,-0.0387692376971244,0.0049689393490552,0.0200878642499446,0.0346105955541133,0.0521796531975269,0.031063349917531,-0.0123939709737896,-0.0202781222760677,0.0199600923806428,0.0171496700495481,0.0210597459226846,0.0005812977324239,0.0559541396796703,-0.020917996764183,-0.0581081472337245,0.018397593870759,0.0116199636831879,-0.0250582937151193,0.0245098304003477,-0.0113567626103758,-0.0055710254237055,0.0072550741024315,0.0020934916101396,-0.0024009009357541,0.0750187560915947,-0.0156438164412975,-0.0403168052434921,-0.0238386504352092,-0.0169851221144199,0.0075140814296901,-0.0077246949076652,0.0192665923386812,-0.0152144031599164,-0.014024362899363,-0.0359999984502792,0.0024736553896218,-0.0112063335254788,0.0006169173284433,-0.0052458965219557,0.0098643563687801,-0.0286624077707529,-0.0152625162154436,0.0155239179730415,0.0024799080565571,-0.0038660063873976,0.0160791724920272,0.0264550652354955,0.0395617522299289,-0.0270270314067602,0.008782179094851,0.0090909311547875,-0.0110271982848644,-0.0711701065301895,-0.0199530590325593,0.0042398362420499,-0.022155737504363,0.0409836433827877,-0.0067361057735979,-0.0043942653574049,-0.0419235117733478,0.0297349728643894,0.0186615157872438,-0.074206992983818,-0.0025268453173339,0.0398257263004779,0.0082330657169222,-0.011685149744153,-0.0194723885506391,0.0409731343388557,0.0120408702641725,0.0029727197252213,0.0517759587026567,-0.0099765296421828,0.0343166563376675,0.0199516259951038,0.0385309663278556,0.0132132860996563,-0.0590006279424266,-0.0047197596006938,0.0180613628434687,0.1224218973088206,-0.0602047520875027,0.0800256683201274,2019-02-22,2019-02-25,2019-02-26,2019-02-27,2019-02-28,2019-03-01,2019-03-04,2019-03-05,2019-03-06,2019-03-07,90436.0,2019-02-21,252.0,-1.5412%,-0.0006,1.3856,1.0139,-0.3179,1.9027%,2.5430%,44.0173%,-0.010456,HALO,90436.0,2019-02-22,252.0,1.2041%,-0.0008,1.3887,0.9574,-0.3327,1.8857%,2.5308%,44.4802%,-0.007316,HALO,90436.0,2019-02-25,252.0,3.9262%,-0.0007,1.3886,0.9378,-0.3434,1.9023%,2.5429%,44.0387%,0.03897,HALO,90436.0,2019-02-26,252.0,-1.6600%,-0.0008,1.3826,0.9559,-0.3386,1.9013%,2.5376%,43.8611%,-0.009609,HALO,90436.0,2019-02-27,252.0,1.6298%,-0.0007,1.3841,0.9573,-0.3383,1.9031%,2.5393%,43.8269%,0.012731,HALO,90436.0,2019-02-28,252.0,-1.2027%,-0.0008,1.3932,0.9633,-0.3298,1.9018%,2.5401%,43.9439%,-0.008874,HALO,90436.0,2019-03-01,252.0,1.9130%,-0.0008,1.3988,0.9716,-0.3238,1.9016%,2.5419%,44.0363%,0.004896,HALO,90436.0,2019-03-04,252.0,-2.0478%,-0.0009,1.4069,0.9514,-0.3274,1.8996%,2.5447%,44.2708%,-0.008145,HALO,90436.0,2019-03-05,252.0,-1.0453%,-0.0008,1.4116,0.985,-0.3221,1.8967%,2.5453%,44.4695%,-0.005987,HALO,90436.0,2019-03-06,252.0,-5.7512%,-0.0009,1.4328,1.0449,-0.2901,1.9051%,2.5705%,45.0716%,-0.033204,HALO,90436.0,2019-03-07,252.0,-2.6775%,-0.001,1.4383,1.0435,-0.2831,1.9071%,2.5738%,45.0995%,-0.015341,HALO,-0.017772,0.0211979999999999,0.0115889999999999,0.0154459999999999,-0.042335
5507,HANNON ARMSTRONG SUST INFRA CAP,Hannon Armstrong Q4 EPS $0.37 Beats $0.31 Estimate,6,increase,0.8,0.6,"beating earnings estimates typically signals strong performance and can lead to positive investor sentiment, likely resulting in an increase in stock price.",2,2019-02-21,HASI,2019-02-21 22:23:00+00:00,13843.0,41068X10,0.0050976602360606,257948.0,0.0131022594869136,0.0038379593752324,0.0229453966021537,0.0,0.0163131970912218,0.0064378338865935,-0.0084270061925053,0.0073497658595442,-0.0036421793047338,0.0017323086503893,0.002437021350488,0.0043497337028384,0.0076985629275441,-0.0008692072005942,0.0176919419318437,0.0,-0.025681534782052,0.0087681179866194,0.0166261084377765,0.0057318853214383,0.0099720787256956,0.0039840703830122,0.0039494619704782,0.0062360526062548,0.0007868000539019,-0.0061974055133759,-0.0196540877223014,0.0130045255646109,0.0128307817503809,-0.0017905512358993,-0.0146476970985531,-0.0048998044803738,-0.0012052543461322,-0.0075154760852456,-0.0140788564458489,0.0107239363715052,0.0101999184116721,-0.0031181112863123,0.0133279450237751,0.0112612610682845,0.0007971485611051,0.0022573880851268,0.0059737004339694,0.0022624088451266,0.010292962193489,0.0312645845115184,0.0117554562166333,0.0,0.0030983705073595,0.0,-0.0100386189296841,-0.0110752088949084,0.0070202928036451,0.0032407266553491,-0.0044538672082126,0.002320238854736,-0.0019708767067641,-0.0128264175727963,0.005529202055186,0.0153488339856267,0.0054988726042211,0.0242972951382398,-0.0062499940395355,0.0274106431752443,0.0055031203664839,0.0328614562749862,0.0222830213606357,0.0383202880620956,0.0068833767436444,-0.0190525669604539,-0.0186099428683519,0.0010309515055269,0.0108359400182962,-0.0137265101075172,-0.0057427841238677,0.0293039996176958,-0.0123218987137079,-0.0056265275925397,-0.0015594155993312,-0.0383669808506965,0.0218664370477199,-0.020712923258543,0.020634276792407,-0.0066985352896153,0.0093597909435629,-0.0014333820436149,0.0003709283773787,-0.0537974908947944,0.0007415816653519,-0.0027051155921071,-0.0107446834444999,-0.0398268438875675,-0.004119873046875,-0.0064515965059399,-0.003008646890521,0.0017234346596524,0.0271595362573862,0.0056325457990169,0.0168931689113378,0.0004334732948336,-0.0010834484128281,0.0140659203752875,-0.0112075004726648,-0.0035041577648371,-0.0204753000289201,-0.0008752935682423,-0.0126913078129291,-0.0378947220742702,0.0102078840136528,0.0050783259794116,-0.0202095434069633,0.0124249784275889,-0.0003819797129835,-0.0012837264221161,0.007260242011398,0.0042973947711288,0.0053110541775822,-0.0008587572956457,-0.0120754605159163,0.0082251308485865,0.0131022594869136,0.0038379593752324,0.036348292629379,0.0038379593752324,0.0532544465821933,0.0103005014067472,0.0405748504791807,0.019488989047556,0.0595942425303726,0.0379188974816027,0.0902868810339967,0.0948837620321159,0.1211198695671926,0.0366450026583566,2019-02-22,2019-02-25,2019-02-26,2019-02-27,2019-02-28,2019-03-01,2019-03-04,2019-03-05,2019-03-06,2019-03-07,13843.0,2019-02-21,252.0,0.5098%,0.0008,0.4721,0.6037,0.3697,1.4214%,1.5174%,12.2570%,0.0079969999999999,HASI,13843.0,2019-02-22,252.0,1.3102%,0.0009,0.4697,0.6265,0.3617,1.4199%,1.5177%,12.4634%,0.012048,HASI,13843.0,2019-02-25,252.0,2.2945%,0.0014,0.4568,0.6022,0.3012,1.2491%,1.3549%,15.0037%,0.0244209999999999,HASI,13843.0,2019-02-26,252.0,1.6313%,0.0014,0.4473,0.583,0.2844,1.2544%,1.3556%,14.3672%,0.021792,HASI,13843.0,2019-02-27,252.0,-0.8427%,0.0014,0.4502,0.5746,0.2848,1.2556%,1.3566%,14.3415%,-0.009696,HASI,13843.0,2019-02-28,252.0,-0.3642%,0.0015,0.4346,0.5638,0.2742,1.2411%,1.3370%,13.8272%,-0.0017499999999999,HASI,13843.0,2019-03-01,252.0,0.2437%,0.0016,0.423,0.5467,0.2577,1.2360%,1.3269%,13.2295%,-0.00132,HASI,13843.0,2019-03-04,252.0,0.7699%,0.0016,0.4236,0.5362,0.2594,1.2372%,1.3272%,13.1002%,0.01099,HASI,13843.0,2019-03-05,252.0,1.7692%,0.0016,0.4184,0.5082,0.2487,1.2416%,1.3267%,12.4145%,0.020607,HASI,13843.0,2019-03-06,252.0,-2.5682%,0.0016,0.4284,0.5419,0.2646,1.2460%,1.3378%,13.2576%,-0.015953,HASI,13843.0,2019-03-07,252.0,1.6626%,0.0016,0.4152,0.5153,0.2394,1.2473%,1.3334%,12.4947%,0.0213019999999999,HASI,0.020045,0.044466,0.066258,0.054812,0.090438
5515,HANNON ARMSTRONG SUST INFRA CAP,Hannon Armstrong Names Jeffrey Lipson CFO,6,uncertain,0.6,0.3,"the appointment of a new cfo can have mixed effects on stock prices, depending on investor perception of the candidate's experience and the company's future direction.",1,2019-02-21,HASI,2019-02-21 22:21:00+00:00,13843.0,41068X10,0.0050976602360606,257948.0,0.0131022594869136,0.0038379593752324,0.0229453966021537,0.0,0.0163131970912218,0.0064378338865935,-0.0084270061925053,0.0073497658595442,-0.0036421793047338,0.0017323086503893,0.002437021350488,0.0043497337028384,0.0076985629275441,-0.0008692072005942,0.0176919419318437,0.0,-0.025681534782052,0.0087681179866194,0.0166261084377765,0.0057318853214383,0.0099720787256956,0.0039840703830122,0.0039494619704782,0.0062360526062548,0.0007868000539019,-0.0061974055133759,-0.0196540877223014,0.0130045255646109,0.0128307817503809,-0.0017905512358993,-0.0146476970985531,-0.0048998044803738,-0.0012052543461322,-0.0075154760852456,-0.0140788564458489,0.0107239363715052,0.0101999184116721,-0.0031181112863123,0.0133279450237751,0.0112612610682845,0.0007971485611051,0.0022573880851268,0.0059737004339694,0.0022624088451266,0.010292962193489,0.0312645845115184,0.0117554562166333,0.0,0.0030983705073595,0.0,-0.0100386189296841,-0.0110752088949084,0.0070202928036451,0.0032407266553491,-0.0044538672082126,0.002320238854736,-0.0019708767067641,-0.0128264175727963,0.005529202055186,0.0153488339856267,0.0054988726042211,0.0242972951382398,-0.0062499940395355,0.0274106431752443,0.0055031203664839,0.0328614562749862,0.0222830213606357,0.0383202880620956,0.0068833767436444,-0.0190525669604539,-0.0186099428683519,0.0010309515055269,0.0108359400182962,-0.0137265101075172,-0.0057427841238677,0.0293039996176958,-0.0123218987137079,-0.0056265275925397,-0.0015594155993312,-0.0383669808506965,0.0218664370477199,-0.020712923258543,0.020634276792407,-0.0066985352896153,0.0093597909435629,-0.0014333820436149,0.0003709283773787,-0.0537974908947944,0.0007415816653519,-0.0027051155921071,-0.0107446834444999,-0.0398268438875675,-0.004119873046875,-0.0064515965059399,-0.003008646890521,0.0017234346596524,0.0271595362573862,0.0056325457990169,0.0168931689113378,0.0004334732948336,-0.0010834484128281,0.0140659203752875,-0.0112075004726648,-0.0035041577648371,-0.0204753000289201,-0.0008752935682423,-0.0126913078129291,-0.0378947220742702,0.0102078840136528,0.0050783259794116,-0.0202095434069633,0.0124249784275889,-0.0003819797129835,-0.0012837264221161,0.007260242011398,0.0042973947711288,0.0053110541775822,-0.0008587572956457,-0.0120754605159163,0.0082251308485865,0.0131022594869136,0.0038379593752324,0.036348292629379,0.0038379593752324,0.0532544465821933,0.0103005014067472,0.0405748504791807,0.019488989047556,0.0595942425303726,0.0379188974816027,0.0902868810339967,0.0948837620321159,0.1211198695671926,0.0366450026583566,2019-02-22,2019-02-25,2019-02-26,2019-02-27,2019-02-28,2019-03-01,2019-03-04,2019-03-05,2019-03-06,2019-03-07,13843.0,2019-02-21,252.0,0.5098%,0.0008,0.4721,0.6037,0.3697,1.4214%,1.5174%,12.2570%,0.0079969999999999,HASI,13843.0,2019-02-22,252.0,1.3102%,0.0009,0.4697,0.6265,0.3617,1.4199%,1.5177%,12.4634%,0.012048,HASI,13843.0,2019-02-25,252.0,2.2945%,0.0014,0.4568,0.6022,0.3012,1.2491%,1.3549%,15.0037%,0.0244209999999999,HASI,13843.0,2019-02-26,252.0,1.6313%,0.0014,0.4473,0.583,0.2844,1.2544%,1.3556%,14.3672%,0.021792,HASI,13843.0,2019-02-27,252.0,-0.8427%,0.0014,0.4502,0.5746,0.2848,1.2556%,1.3566%,14.3415%,-0.009696,HASI,13843.0,2019-02-28,252.0,-0.3642%,0.0015,0.4346,0.5638,0.2742,1.2411%,1.3370%,13.8272%,-0.0017499999999999,HASI,13843.0,2019-03-01,252.0,0.2437%,0.0016,0.423,0.5467,0.2577,1.2360%,1.3269%,13.2295%,-0.00132,HASI,13843.0,2019-03-04,252.0,0.7699%,0.0016,0.4236,0.5362,0.2594,1.2372%,1.3272%,13.1002%,0.01099,HASI,13843.0,2019-03-05,252.0,1.7692%,0.0016,0.4184,0.5082,0.2487,1.2416%,1.3267%,12.4145%,0.020607,HASI,13843.0,2019-03-06,252.0,-2.5682%,0.0016,0.4284,0.5419,0.2646,1.2460%,1.3378%,13.2576%,-0.015953,HASI,13843.0,2019-03-07,252.0,1.6626%,0.0016,0.4152,0.5153,0.2394,1.2473%,1.3334%,12.4947%,0.0213019999999999,HASI,0.020045,0.044466,0.066258,0.054812,0.090438
5523,WARRIOR MET COAL INC,"Warrior Met Coal Q4 EPS $2.38 Beats $2.11 Estimate, Sales $360.4M Beat $315.85M Estimate",6,increase,0.8,0.7,"the company's earnings per share and sales both exceeded analyst estimates, which typically signals strong performance and can lead to a positive reaction in the stock price.",2,2019-02-21,HCC,2019-02-21 22:13:00+00:00,16653.0,93627C10,0.0118839619681239,1101308.0,0.0141623429954052,0.0159801412373781,-0.0061308005824685,-0.0021261328365653,-0.0013708332553505,0.0024866675958037,-0.0078929150477051,0.0,0.0127983689308166,0.0078768106177449,-0.0023907390423119,0.031007757410407,-0.0130315218120813,0.000369284680346,-0.0079917106777429,-0.0051432545296847,-0.025218890979886,-0.0109012043103575,-0.0240747425705194,-0.0347246490418911,-0.0117820212617516,-0.0034952946007251,0.0413562059402465,-0.0041767815127968,0.0010733015369623,0.0,0.0360972210764884,0.0151943573728203,-0.001379751949571,0.0431256964802742,-0.0120898224413394,0.0183933842927217,0.013986000791192,-0.0169742070138454,0.0,0.0375191234052181,-0.0058620716445147,0.0003830037894658,-0.0045091626234352,0.012015557847917,-0.0198606830090284,-0.0088360141962766,0.0159971844404935,0.0362261086702346,0.0041987695731222,0.0295082479715347,0.0508710481226444,0.019640589132905,0.0079575525596737,-0.0288148988038301,0.0,0.0077709048055112,0.0223684310913085,0.0086634075269103,-0.0019304847810417,0.004975080024451,-0.0080593163147568,0.0414508208632469,-0.00682486128062,0.019815094769001,0.0058900625444948,-0.0206986386328935,0.0149642480537295,0.0564920157194137,-0.0307692624628543,-0.0757894441485405,0.0052910004742443,-0.0149315884336829,-0.0082236845046281,0.0033291685394942,0.0099502867087721,0.0096639264374971,0.0049260957166552,-0.0046006110496819,0.0055555580183863,0.0669344067573547,-0.0016249965410679,-0.0188266336917877,0.0052083283662796,-0.0004376467841211,-0.010362684726715,-0.0052241589874029,0.0395942740142345,-0.0208866074681282,0.0088133076205849,0.0042807566933333,-0.0330733060836792,-0.0500203147530555,0.0009680763469077,-0.0076674949377775,0.0041908174753189,0.0197531469166278,-0.0048153973184525,0.0274841282516717,0.0154838562011718,0.0085287354886531,0.0476493276655674,-0.0229166354984045,0.001379033899866,-0.0020789704285562,-0.0063025318086147,-0.0352988801896572,-0.0105707980692386,0.0056474134325981,0.0,0.0459915660321712,-0.0071225343272089,0.0055155311711132,0.017216695472598,-0.0004240979324094,-0.0437235459685325,0.0592991784214973,0.0324483439326286,0.05148795992136,0.0039285933598876,-0.0459666699171066,0.0007114390027709,-0.0377276204526424,-0.0145751815289259,0.0004338494327384,0.0141623429954051,0.0159801412373781,0.0079447159122514,0.013820032497795,0.006562991776124,0.016341065920584,0.0113989607039519,0.0243465920198775,-0.0602221154905006,0.0035075559528039,0.0574231164616905,0.259797528495685,0.1091227857992995,0.2412148218336014,2019-02-22,2019-02-25,2019-02-26,2019-02-27,2019-02-28,2019-03-01,2019-03-04,2019-03-05,2019-03-06,2019-03-07,16653.0,2019-02-21,252.0,1.1884%,0.001,1.1407,0.1364,0.2378,2.6322%,2.8758%,16.2209%,0.016736,HCC,16653.0,2019-02-22,252.0,1.4162%,0.0011,1.1391,0.1499,0.2303,2.6322%,2.8759%,16.2334%,0.009393,HCC,16653.0,2019-02-25,252.0,-0.6131%,0.001,1.1414,0.1563,0.2423,2.6297%,2.8739%,16.2678%,-0.007135,HCC,16653.0,2019-02-26,252.0,-0.1371%,0.0009,1.1316,0.1642,0.239,2.6278%,2.8666%,15.9661%,0.002155,HCC,16653.0,2019-02-27,252.0,-0.7893%,0.0008,1.1176,0.186,0.2366,2.6213%,2.8546%,15.6778%,-0.009037,HCC,16653.0,2019-02-28,252.0,1.2798%,0.0009,1.1103,0.1815,0.2276,2.6227%,2.8522%,15.4434%,0.016717,HCC,16653.0,2019-03-01,252.0,-0.2391%,0.0009,1.0882,0.1486,0.1984,2.6155%,2.8372%,15.0197%,-0.010091,HCC,16653.0,2019-03-04,252.0,-1.3032%,0.0009,1.0862,0.163,0.1972,2.6157%,2.8364%,14.9515%,-0.0076419999999999,HCC,16653.0,2019-03-05,252.0,-0.7992%,0.0009,1.0839,0.1412,0.1978,2.6144%,2.8332%,14.8518%,-0.0052569999999999,HCC,16653.0,2019-03-06,252.0,-2.5219%,0.001,1.1104,0.1554,0.2298,2.6051%,2.8331%,15.4477%,-0.0145049999999999,HCC,16653.0,2019-03-07,252.0,-2.4075%,0.0008,1.1096,0.1211,0.2189,2.5990%,2.8277%,15.5246%,-0.014192,HCC,0.026129,0.018994,0.021149,0.028829,-0.022858
5531,H & E EQUIPMENT SERVICES INC,"H&E Equipment Services Q4 EPS $0.70 Beats $0.60 Estimate, Sales $345.974M Beat $320.5M Estimate",6,increase,0.8,0.7,"the company reported better-than-expected earnings and sales, which typically leads to positive investor sentiment and an increase in stock price.",2,2019-02-21,HEES,2019-02-21 12:08:00+00:00,91080.0,40403010,0.031326126307249,734644.0,0.0124873723834753,0.0293801389634609,-0.0010000228649005,-0.0117461644113063,-0.0190190095454454,0.0296028759330511,-0.009183689020574,-0.0057429950684309,-0.0116717563942074,0.004688102286309,0.0079888692125678,0.0323901325464248,-0.0099931396543979,0.0259740371257066,-0.0160111058503389,-0.016528945416212,-0.0237000379711389,-0.0187983177602291,-0.0119565185159444,-0.0166727434843778,-0.0055005359463393,0.0010885590454563,0.0095869582146406,0.0154753159731626,-0.0094959214329719,0.0138214016333222,-0.0036873295903205,0.0075273150578141,-0.0410807020962238,0.0156727768480777,-0.0111925518140196,0.003452249802649,0.0343481302261352,-0.0045819333754479,-0.0139622958377003,0.0115875303745269,-0.0160734821110963,0.0431103818118572,0.01400235760957,-0.0228346437215805,-0.0609896481037139,-0.0007868000539019,0.0138888955116272,0.041376493871212,0.0028202938847243,0.0179316233843565,0.0,0.0,-0.0052229473367333,-0.0049792877398431,0.014135718345642,-0.013507978990674,0.0469932407140731,-0.011331396177411,-0.0273868851363658,-0.0044319345615804,0.025029307231307,0.0218196269124746,0.0164059642702341,0.0451807714998722,0.0026276162825524,0.0459046140313148,0.0018720009829849,0.0807392969727516,-0.0287743061780929,-0.0388031750917434,0.0288572534918785,0.0475024133920669,0.0332834497094154,-0.001954985782504,0.0162866730242967,-0.013500515371561,-0.0067664007656276,0.0087548792362213,0.0272499192506074,0.0872554033994674,0.0013961925869807,-0.039614051580429,0.0271871294826269,-0.0085599226877093,-0.0023752865381538,0.0112016918137669,0.0119047751650214,-0.012569130398333,0.0023529308382421,-0.0005025240825489,0.0147552154958248,0.0015097522409632,0.0194976907223463,-0.0069964709691703,-0.0009724695701152,0.0183206424117088,-0.0133030451834201,0.0667752176523208,-0.003617251291871,0.0010869813850149,-0.0108910864219069,-0.062181506305933,0.0106773972511291,0.0040941615588963,-0.0171673968434333,-0.0379122868180275,-0.0288881622254848,-0.103706993162632,0.0117606418207287,0.0230248421430587,0.0095726726576685,0.0193281210958957,-0.0111750736832618,-0.0171868409961462,-0.0527397543191909,0.0578947849571704,0.0140997609123587,-0.0399632900953292,0.0128342462703585,0.0144455442205071,0.0031679039821028,-0.0267573781311512,-0.0038596705999225,0.059586726129055,0.0124873723834753,0.0293801389634609,0.0114748618606688,0.0172888706094627,-0.0077623881920373,0.0474035468341882,-0.0283495878112338,0.0462704483631895,-0.0796489625087821,0.0515795179929634,-0.1009112332511917,0.2484113250549839,-0.0418494683758002,0.3941893176466935,2019-02-22,2019-02-25,2019-02-26,2019-02-27,2019-02-28,2019-03-01,2019-03-04,2019-03-05,2019-03-06,2019-03-07,91080.0,2019-02-21,252.0,3.1326%,-0.0003,2.0992,1.6043,1.136,2.4971%,3.3081%,43.0233%,0.0427559999999999,HEES,91080.0,2019-02-22,252.0,1.2487%,-0.0002,2.0979,1.6133,1.1288,2.4972%,3.3091%,43.0503%,0.006618,HEES,91080.0,2019-02-25,252.0,-0.1000%,-0.0003,2.1016,1.6159,1.1438,2.4893%,3.3044%,43.2507%,0.00198,HEES,91080.0,2019-02-26,252.0,-1.9019%,-0.0004,2.0991,1.6201,1.144,2.4891%,3.3014%,43.1554%,-0.00164,HEES,91080.0,2019-02-27,252.0,-0.9184%,-0.0003,2.1102,1.5967,1.1458,2.4851%,3.3012%,43.3306%,-0.012878,HEES,91080.0,2019-02-28,252.0,-1.1672%,-0.0006,2.1508,1.6244,1.1758,2.4400%,3.2894%,44.9786%,-0.002685,HEES,91080.0,2019-03-01,252.0,0.7989%,-0.0006,2.1356,1.6019,1.1556,2.4362%,3.2703%,44.5039%,-0.007594,HEES,91080.0,2019-03-04,252.0,-0.9993%,-0.0007,2.151,1.5477,1.1524,2.4269%,3.2674%,44.8302%,0.002923,HEES,91080.0,2019-03-05,252.0,-1.6011%,-0.0007,2.1483,1.5242,1.152,2.4252%,3.2579%,44.5861%,-0.004881,HEES,91080.0,2019-03-06,252.0,-2.3700%,-0.0008,2.1294,1.5073,1.1283,2.4216%,3.2490%,44.4471%,0.012999,HEES,91080.0,2019-03-07,252.0,-1.1957%,-0.0009,2.1163,1.4647,1.0989,2.4138%,3.2330%,44.2594%,0.010193,HEES,0.0493739999999999,0.051354,0.0497139999999999,0.0341509999999999,0.0477909999999999
5539,HARMONIC INC,"Stifel Nicolaus Initiates Coverage On Harmonic with Buy Rating, Announces $7 Price Target",6,increase,0.8,0.6,"the initiation of coverage with a 'buy' rating and a price target of $7 is likely to attract positive investor sentiment, potentially leading to an increase in harmonic inc's stock price.",2,2019-02-21,HLIT,2019-02-21 11:50:00+00:00,81621.0,41316010,0.0225140508264303,285083.0,0.0165137909352779,-0.0037383141461759,-0.0072202095761895,-0.025500888004899,-0.003636360168457,0.0166666060686111,0.0091241225600242,0.0150375794619321,-0.0018083596369251,0.0075757498852908,-0.0072463699616491,-0.0149253588169813,0.0091241225600242,0.0,0.0090415393933653,0.0018692016601562,-0.0017920703394338,0.0171102043241262,-0.0089766941964626,0.0583501905202865,0.016304375603795,-0.0796296820044517,0.0071301176212728,0.0169491823762655,0.001769867609255,0.0037807147018611,0.0,0.0251938216388225,0.0,0.0038910470902919,-0.008833872154355,0.0058707892894744,0.0089126043021678,-0.0019530765712261,0.0017668249784037,0.0301811061799526,-0.001763708773069,0.0247422456741333,0.0035335656721144,0.0020660643931478,-0.0246478654444217,-0.0472440496087074,0.014440419152379,0.024193525314331,0.0142348622903227,0.0290456153452396,-0.0087718795984983,0.0041666626930236,-0.0283186417073011,0.0278372839093208,-0.0127504002302885,-0.0270833559334278,0.0313653275370597,-0.0082644550129771,0.0053666783496737,-0.0358565412461757,0.0053381156176328,0.0019959583878517,-0.003539819503203,0.0266393665224313,0.0088809439912438,0.0082644550129771,0.0,0.0707964971661567,0.0017606037436053,-0.060291051864624,0.0,0.0190678294748067,-0.0035149350296705,0.0128755243495106,0.0017636247212067,0.0174672324210405,-0.0052816434763371,-0.0171673670411109,0.0,0.0196935832500457,0.0053096869960427,-0.0086767813190817,-0.0035211234353482,-0.0233050137758255,0.0017668249784037,-0.0386965498328208,-0.0035273334942758,-0.014056259766221,0.003539819503203,-0.0020039584487676,-0.0052910423837602,-0.0310680232942104,0.0,-0.0498154945671558,0.0,-0.0018415750237181,0.003546095918864,0.0111731737852096,-0.0141342626884579,0.0366795472800731,0.0179211292415857,0.0176816638559103,0.0105633707717061,-0.0643382146954536,0.0034844004549086,-0.0072992630302906,0.0034722187556326,-0.0616438575088977,0.0103806126862764,0.0391459539532661,-0.0188356395810842,-0.0017762396018952,-0.0069807958789169,-0.0376068018376827,-0.0123023148626089,0.0465115830302238,-0.0266904085874557,-0.0035650588106364,0.0164534114301204,0.0017857551574707,0.0107913566753268,0.0053859483450651,-0.0213522929698228,0.0220184158533811,0.0165137909352779,-0.0037383141461759,0.0091743483276383,-0.0291438718207062,0.005504626924351,-0.0129629951830448,0.0128440698733838,0.0094696418690534,0.0128440705913583,0.0724346364045918,0.033027580022539,0.0922130772555109,0.0091743471374505,-0.0220183277350221,2019-02-22,2019-02-25,2019-02-26,2019-02-27,2019-02-28,2019-03-01,2019-03-04,2019-03-05,2019-03-06,2019-03-07,81621.0,2019-02-21,252.0,2.2514%,0.0024,0.7418,0.9471,-0.0618,2.7426%,2.9093%,11.1280%,0.025651,HLIT,81621.0,2019-02-22,252.0,1.6514%,0.0025,0.741,0.9568,-0.0623,2.7424%,2.9105%,11.2198%,0.005475,HLIT,81621.0,2019-02-25,252.0,-0.7220%,0.0025,0.7387,0.9588,-0.0698,2.7400%,2.9086%,11.2581%,-0.006056,HLIT,81621.0,2019-02-26,252.0,-0.3636%,0.0026,0.7448,0.9517,-0.0688,2.7392%,2.9088%,11.3242%,0.003351,HLIT,81621.0,2019-02-27,252.0,0.9124%,0.0025,0.7401,0.9612,-0.0696,2.7385%,2.9078%,11.3056%,0.006463,HLIT,81621.0,2019-02-28,252.0,-0.1808%,0.0025,0.7407,0.9615,-0.0686,2.7385%,2.9070%,11.2596%,2e-05,HLIT,81621.0,2019-03-01,252.0,-0.7246%,0.0024,0.7529,0.9796,-0.0413,2.7358%,2.9064%,11.3952%,-0.015732,HLIT,81621.0,2019-03-04,252.0,0.9124%,0.0018,0.8236,0.7317,-0.0565,2.5549%,2.7381%,12.9330%,0.017029,HLIT,81621.0,2019-03-05,252.0,0.9042%,0.002,0.8288,0.7793,-0.0567,2.5482%,2.7364%,13.2834%,0.012484,HLIT,81621.0,2019-03-06,252.0,-0.1792%,0.0019,0.8043,0.7691,-0.0858,2.5393%,2.7241%,13.1047%,0.014921,HLIT,81621.0,2019-03-07,252.0,-0.8977%,0.0018,0.8018,0.7487,-0.0949,2.5369%,2.7201%,13.0153%,-0.002216,HLIT,0.031126,0.02507,0.028421,0.034904,0.0613899999999999
5547,SCHEIN HENRY INC,"Barclays Maintains Equal-Weight on Henry Schein, Lowers Price Target to $63",6,decrease,0.7,0.5,"the downgrade in price target by barclays suggests a less favorable outlook for henry schein, which could lead to a decrease in investor confidence and stock price.",0,2019-02-21,HSIC,2019-02-21 12:59:00+00:00,82581.0,80640710,-0.0031576971523463,3786725.0,-0.0006669042049907,-0.0465853661298751,-0.00183511513751,0.0115403309464454,-0.0223967935889959,0.0003206743276678,-0.0015387270832434,0.0045095630921423,0.0154109196737408,0.0177020467817783,0.0129848308861255,0.010266582481563,-0.0051606688648462,0.0209636148065328,-0.0148928947746753,-0.0519011244177818,-0.0198742691427469,-0.0132491290569305,-0.0051992936059832,0.01368148624897,0.0203832425177097,0.0156807210296392,0.0232200883328914,0.0155360512435436,-0.0036709697451442,-0.0059201945550739,0.007368991151452,-0.0014137079706415,-0.0174564085900783,0.0136789390817284,0.0032149313483387,0.0018271910957992,0.0082644270732998,-0.0081553040072321,0.0120441829785704,0.008485659956932,-0.0062810094095766,-0.0039012099150568,0.0182967782020568,-0.0074858260340988,-0.0231950655579567,-0.0229508150368928,-0.0155518446117639,0.0130302030593156,0.0079837134107947,-0.0212553702294826,-0.0092686088755726,-0.0142962289974093,0.0017009435687214,0.0150112202391028,0.0207166112959384,0.0022567741107195,0.014639844186604,0.0035228834021836,-0.0052468189969658,0.0404503718018531,-0.0018130344105884,0.0135331908240914,0.0132100265473127,0.0164531525224447,0.0223272312432527,-0.0046979659236967,-0.0175354443490505,0.0098956674337387,0.0058413208462297,-0.0342977195978164,-0.0024197697639465,-0.0271268133074045,-0.0147153921425342,0.0077001857571303,0.0139504093676805,0.0014137079706415,0.001780521357432,0.0047778291627764,-0.0090482719242572,0.041420143097639,-0.0097831776365637,-0.0210636984556913,0.0126790786162018,-0.0155521584674716,-0.0016259914264082,-0.0160672608762979,0.0302931070327758,-0.0089725656434893,0.0145431868731975,-0.0076498701237142,-0.0056092333979904,-0.0096870195120573,0.0101849185302853,-0.0390261858701705,-0.0152008607983589,-0.0156250204890966,0.0089777270331978,0.0054334877058863,-0.02528877556324,-0.0104032652452588,0.0052851033397018,0.0045796073973178,0.0073283268138766,-0.0267428159713745,0.000790751830209,-0.0269127916544675,0.0542035475373268,-0.005309771746397,0.0299805123358964,0.013452966697514,0.0080047016963362,0.0006730711320415,-0.0051978142000734,0.0106576243415474,-0.0280116144567728,0.0106565868481993,0.0050768451765179,0.0332701578736305,-0.0108452793210744,0.0061948611401021,0.0076598753221333,-0.0073320143856108,0.0123714692890644,-0.0008271262631751,-0.0006669042049907,-0.0465853661298751,-0.0025007954964988,-0.0355826457258298,-0.0248415792849514,-0.0352733818391567,-0.0113371179927016,-0.0137682378858088,-0.0430143061308457,-0.035309720911506,0.023007687083381,0.0365053439135059,0.132377439827831,-0.0918483377185376,2019-02-22,2019-02-25,2019-02-26,2019-02-27,2019-02-28,2019-03-01,2019-03-04,2019-03-05,2019-03-06,2019-03-07,82581.0,2019-02-21,252.0,-0.3158%,0.0005,0.8213,-0.0966,0.2582,1.4258%,1.6442%,24.8030%,0.000366,HSIC,82581.0,2019-02-22,252.0,-0.0667%,0.0005,0.8224,-0.1156,0.2533,1.4233%,1.6430%,24.9645%,-0.001779,HSIC,82581.0,2019-02-25,252.0,-0.1835%,0.0005,0.8212,-0.115,0.2494,1.4221%,1.6417%,24.9654%,-0.003013,HSIC,82581.0,2019-02-26,252.0,-2.2397%,0.0005,0.833,-0.0963,0.2677,1.4265%,1.6481%,25.0845%,-0.021096,HSIC,82581.0,2019-02-27,252.0,-0.1539%,0.0005,0.8398,-0.1091,0.2688,1.4232%,1.6477%,25.3988%,-0.001884,HSIC,82581.0,2019-02-28,252.0,1.5411%,0.0006,0.8375,-0.1101,0.2629,1.4276%,1.6497%,25.1072%,0.018608,HSIC,82581.0,2019-03-01,252.0,1.2985%,0.0006,0.8353,-0.1133,0.256,1.4279%,1.6485%,24.9699%,0.008236,HSIC,82581.0,2019-03-04,252.0,-0.5161%,0.0007,0.821,-0.0632,0.2591,1.4141%,1.6271%,24.4673%,-0.002359,HSIC,82581.0,2019-03-05,252.0,-1.4893%,0.0006,0.8181,-0.0951,0.2621,1.4092%,1.6213%,24.4580%,-0.013161,HSIC,82581.0,2019-03-06,252.0,-1.9874%,0.0005,0.8228,-0.063,0.2718,1.4121%,1.6246%,24.4459%,-0.014395,HSIC,82581.0,2019-03-07,252.0,-0.5199%,0.0006,0.8228,-0.0592,0.2729,1.4120%,1.6250%,24.4983%,0.00231,HSIC,-0.001413,-0.004426,-0.025522,-0.008798,-0.0281669999999999
5555,HERCULES CAPITAL INC,"Hercules Technology Q4 Adj. EPS $0.35 Beats $0.31 Estimate, Sales $56.9M Beat $54.91M Estimate",6,increase,0.8,0.6,"the company reported better-than-expected earnings and sales, which typically boosts investor confidence and can lead to an increase in stock price.",2,2019-02-21,HTGC,2019-02-21 22:22:00+00:00,90731.0,42709650,0.0038080876693129,609783.0,0.0553869120776653,0.0069018523208796,0.0093458024784922,0.0077280048280954,-0.0021367331501096,0.0038789166137576,-0.0014275844441726,-0.0061680739745497,0.0007148126605898,0.0,-0.0207143127918243,0.0023184458259493,0.0052239289507269,-0.0084291649982333,-0.0118782361969351,0.0061680739745497,-0.0045079202391207,-0.0084097599610686,-0.0007547342684119,-0.0105900410562753,-0.0007553042960353,0.0083905886858701,0.0083144828677177,0.0092378668487071,-0.0892054364085197,-0.0114155681803822,0.009053548797965,0.013107175938785,0.010603598318994,0.0164576824754476,-0.0072639347054064,0.0,0.0227642059326171,0.006309141870588,-0.0103338724002242,0.0015798150561749,-0.0040160794742405,0.0144231021404266,0.004838743712753,0.0056405877694487,-0.0128410793840885,-0.0008051713812164,0.0056910319253802,0.0089357960969209,0.0064672534354031,0.0065413638949394,-0.0008032312616705,0.0183180104941129,0.009646370075643,0.0,0.0079617379233241,-0.0139573132619261,0.005529202055186,0.003294889582321,0.0023566919844597,0.0091438582167029,-0.0031347931362688,-0.0090610058978199,-0.0007861814810894,0.0099833514541387,-0.0023603250738233,0.029109600931406,0.0007885863306,0.0281690713018178,-0.0039400504902005,0.0115761458873748,0.0047467928379774,0.0162895340472459,-0.0102362297475338,-0.0195208750665187,0.0103420941159129,0.0035619693808257,-0.003149603260681,0.0053714830428361,0.0023696471471339,0.0182315222918987,-0.003152085468173,0.0166821405291557,-0.001580988522619,0.0150517262518405,0.0055423351004719,-0.0423423647880554,0.0102362297475338,0.0118505116552114,0.0,0.0129270860925316,-0.001558807794936,-0.0466549061238765,0.0109289139509201,-0.011314196512103,0.0100386189296841,-0.0128866471350193,-0.0068807457573711,-0.0017152233049273,-0.0046188966371119,-0.0017123678699135,-0.0007734128739684,-0.0101694818586111,0.060371495783329,0.0,0.0036496489774435,-0.0150249879807233,-0.0087272645905613,-0.0188370589166879,0.0080704074352979,0.0041118576191365,0.0,-0.008965004235506,6.507057115356929e-09,0.0,-0.0208799205720424,0.0148883629590272,0.011424190364778,-0.004118631593883,-0.0022590160369873,-0.008979563601315,0.0090565951541066,0.0074013285338878,-0.0022438094019889,0.0033003268763422,0.0553869120776653,0.0069018523208796,0.065250349696329,0.0146831946970336,0.0629741939609669,0.0186190661986445,0.0622154512310415,0.0123361484464443,0.0277919531348063,-0.0068078782499851,-0.0133507550412782,0.0923460570647556,0.0610382146619647,0.0833333526360138,2019-02-22,2019-02-25,2019-02-26,2019-02-27,2019-02-28,2019-03-01,2019-03-04,2019-03-05,2019-03-06,2019-03-07,90731.0,2019-02-21,252.0,0.3808%,0.0005,0.3362,0.273,0.0767,0.8896%,0.9635%,14.7526%,0.005376,HTGC,90731.0,2019-02-22,252.0,5.5387%,0.0007,0.3287,0.2835,-0.0037,0.9471%,1.0232%,14.3179%,0.052727,HTGC,90731.0,2019-02-25,252.0,0.9346%,0.0008,0.3283,0.2788,-0.0074,0.9485%,1.0244%,14.2633%,0.009483,HTGC,90731.0,2019-02-26,252.0,-0.2137%,0.0008,0.3358,0.2726,-0.005,0.9454%,1.0233%,14.6378%,4.9e-05,HTGC,90731.0,2019-02-27,252.0,-0.1428%,0.0008,0.339,0.266,-0.0045,0.9445%,1.0229%,14.7424%,-0.002354,HTGC,90731.0,2019-02-28,252.0,0.0715%,0.0008,0.3365,0.2644,-0.0064,0.9441%,1.0213%,14.5409%,0.001601,HTGC,90731.0,2019-03-01,252.0,-2.0714%,0.0008,0.3276,0.2511,-0.0087,0.9563%,1.0282%,13.5022%,-0.02402,HTGC,90731.0,2019-03-04,252.0,0.5224%,0.0008,0.3207,0.2675,-0.0055,0.9538%,1.0246%,13.3333%,0.007876,HTGC,90731.0,2019-03-05,252.0,-1.1878%,0.0007,0.3176,0.2353,-0.0035,0.9459%,1.0128%,12.7798%,-0.010607,HTGC,90731.0,2019-03-06,252.0,-0.4508%,0.0006,0.3034,0.2467,-0.018,0.9312%,0.9972%,12.7983%,0.001036,HTGC,90731.0,2019-03-07,252.0,-0.0755%,0.0007,0.3055,0.2594,-0.0116,0.9287%,0.9960%,13.0439%,0.0017569999999999,HTGC,0.058103,0.067586,0.067635,0.066882,0.042924
5563,HERCULES CAPITAL INC,Hercules Capital Names Seth Meyer CFO,6,uncertain,0.5,0.5,"the appointment of a new cfo can have mixed implications for a company's stock price, depending on investor perception of the new leadership and their strategic vision.",1,2019-02-21,HTGC,2019-02-21 11:19:00+00:00,90731.0,42709650,0.0038080876693129,609783.0,0.0553869120776653,0.0069018523208796,0.0093458024784922,0.0077280048280954,-0.0021367331501096,0.0038789166137576,-0.0014275844441726,-0.0061680739745497,0.0007148126605898,0.0,-0.0207143127918243,0.0023184458259493,0.0052239289507269,-0.0084291649982333,-0.0118782361969351,0.0061680739745497,-0.0045079202391207,-0.0084097599610686,-0.0007547342684119,-0.0105900410562753,-0.0007553042960353,0.0083905886858701,0.0083144828677177,0.0092378668487071,-0.0892054364085197,-0.0114155681803822,0.009053548797965,0.013107175938785,0.010603598318994,0.0164576824754476,-0.0072639347054064,0.0,0.0227642059326171,0.006309141870588,-0.0103338724002242,0.0015798150561749,-0.0040160794742405,0.0144231021404266,0.004838743712753,0.0056405877694487,-0.0128410793840885,-0.0008051713812164,0.0056910319253802,0.0089357960969209,0.0064672534354031,0.0065413638949394,-0.0008032312616705,0.0183180104941129,0.009646370075643,0.0,0.0079617379233241,-0.0139573132619261,0.005529202055186,0.003294889582321,0.0023566919844597,0.0091438582167029,-0.0031347931362688,-0.0090610058978199,-0.0007861814810894,0.0099833514541387,-0.0023603250738233,0.029109600931406,0.0007885863306,0.0281690713018178,-0.0039400504902005,0.0115761458873748,0.0047467928379774,0.0162895340472459,-0.0102362297475338,-0.0195208750665187,0.0103420941159129,0.0035619693808257,-0.003149603260681,0.0053714830428361,0.0023696471471339,0.0182315222918987,-0.003152085468173,0.0166821405291557,-0.001580988522619,0.0150517262518405,0.0055423351004719,-0.0423423647880554,0.0102362297475338,0.0118505116552114,0.0,0.0129270860925316,-0.001558807794936,-0.0466549061238765,0.0109289139509201,-0.011314196512103,0.0100386189296841,-0.0128866471350193,-0.0068807457573711,-0.0017152233049273,-0.0046188966371119,-0.0017123678699135,-0.0007734128739684,-0.0101694818586111,0.060371495783329,0.0,0.0036496489774435,-0.0150249879807233,-0.0087272645905613,-0.0188370589166879,0.0080704074352979,0.0041118576191365,0.0,-0.008965004235506,6.507057115356929e-09,0.0,-0.0208799205720424,0.0148883629590272,0.011424190364778,-0.004118631593883,-0.0022590160369873,-0.008979563601315,0.0090565951541066,0.0074013285338878,-0.0022438094019889,0.0033003268763422,0.0553869120776653,0.0069018523208796,0.065250349696329,0.0146831946970336,0.0629741939609669,0.0186190661986445,0.0622154512310415,0.0123361484464443,0.0277919531348063,-0.0068078782499851,-0.0133507550412782,0.0923460570647556,0.0610382146619647,0.0833333526360138,2019-02-22,2019-02-25,2019-02-26,2019-02-27,2019-02-28,2019-03-01,2019-03-04,2019-03-05,2019-03-06,2019-03-07,90731.0,2019-02-21,252.0,0.3808%,0.0005,0.3362,0.273,0.0767,0.8896%,0.9635%,14.7526%,0.005376,HTGC,90731.0,2019-02-22,252.0,5.5387%,0.0007,0.3287,0.2835,-0.0037,0.9471%,1.0232%,14.3179%,0.052727,HTGC,90731.0,2019-02-25,252.0,0.9346%,0.0008,0.3283,0.2788,-0.0074,0.9485%,1.0244%,14.2633%,0.009483,HTGC,90731.0,2019-02-26,252.0,-0.2137%,0.0008,0.3358,0.2726,-0.005,0.9454%,1.0233%,14.6378%,4.9e-05,HTGC,90731.0,2019-02-27,252.0,-0.1428%,0.0008,0.339,0.266,-0.0045,0.9445%,1.0229%,14.7424%,-0.002354,HTGC,90731.0,2019-02-28,252.0,0.0715%,0.0008,0.3365,0.2644,-0.0064,0.9441%,1.0213%,14.5409%,0.001601,HTGC,90731.0,2019-03-01,252.0,-2.0714%,0.0008,0.3276,0.2511,-0.0087,0.9563%,1.0282%,13.5022%,-0.02402,HTGC,90731.0,2019-03-04,252.0,0.5224%,0.0008,0.3207,0.2675,-0.0055,0.9538%,1.0246%,13.3333%,0.007876,HTGC,90731.0,2019-03-05,252.0,-1.1878%,0.0007,0.3176,0.2353,-0.0035,0.9459%,1.0128%,12.7798%,-0.010607,HTGC,90731.0,2019-03-06,252.0,-0.4508%,0.0006,0.3034,0.2467,-0.018,0.9312%,0.9972%,12.7983%,0.001036,HTGC,90731.0,2019-03-07,252.0,-0.0755%,0.0007,0.3055,0.2594,-0.0116,0.9287%,0.9960%,13.0439%,0.0017569999999999,HTGC,0.058103,0.067586,0.067635,0.066882,0.042924
5571,HERCULES CAPITAL INC,Hercules Capital Names Seth Meyer as CFO,6,uncertain,0.6,0.3,"the appointment of a new cfo can have mixed effects on stock prices, depending on investor perception of the candidate's experience and the company's future direction.",1,2019-02-21,HTGC,2019-02-21 11:05:00+00:00,90731.0,42709650,0.0038080876693129,609783.0,0.0553869120776653,0.0069018523208796,0.0093458024784922,0.0077280048280954,-0.0021367331501096,0.0038789166137576,-0.0014275844441726,-0.0061680739745497,0.0007148126605898,0.0,-0.0207143127918243,0.0023184458259493,0.0052239289507269,-0.0084291649982333,-0.0118782361969351,0.0061680739745497,-0.0045079202391207,-0.0084097599610686,-0.0007547342684119,-0.0105900410562753,-0.0007553042960353,0.0083905886858701,0.0083144828677177,0.0092378668487071,-0.0892054364085197,-0.0114155681803822,0.009053548797965,0.013107175938785,0.010603598318994,0.0164576824754476,-0.0072639347054064,0.0,0.0227642059326171,0.006309141870588,-0.0103338724002242,0.0015798150561749,-0.0040160794742405,0.0144231021404266,0.004838743712753,0.0056405877694487,-0.0128410793840885,-0.0008051713812164,0.0056910319253802,0.0089357960969209,0.0064672534354031,0.0065413638949394,-0.0008032312616705,0.0183180104941129,0.009646370075643,0.0,0.0079617379233241,-0.0139573132619261,0.005529202055186,0.003294889582321,0.0023566919844597,0.0091438582167029,-0.0031347931362688,-0.0090610058978199,-0.0007861814810894,0.0099833514541387,-0.0023603250738233,0.029109600931406,0.0007885863306,0.0281690713018178,-0.0039400504902005,0.0115761458873748,0.0047467928379774,0.0162895340472459,-0.0102362297475338,-0.0195208750665187,0.0103420941159129,0.0035619693808257,-0.003149603260681,0.0053714830428361,0.0023696471471339,0.0182315222918987,-0.003152085468173,0.0166821405291557,-0.001580988522619,0.0150517262518405,0.0055423351004719,-0.0423423647880554,0.0102362297475338,0.0118505116552114,0.0,0.0129270860925316,-0.001558807794936,-0.0466549061238765,0.0109289139509201,-0.011314196512103,0.0100386189296841,-0.0128866471350193,-0.0068807457573711,-0.0017152233049273,-0.0046188966371119,-0.0017123678699135,-0.0007734128739684,-0.0101694818586111,0.060371495783329,0.0,0.0036496489774435,-0.0150249879807233,-0.0087272645905613,-0.0188370589166879,0.0080704074352979,0.0041118576191365,0.0,-0.008965004235506,6.507057115356929e-09,0.0,-0.0208799205720424,0.0148883629590272,0.011424190364778,-0.004118631593883,-0.0022590160369873,-0.008979563601315,0.0090565951541066,0.0074013285338878,-0.0022438094019889,0.0033003268763422,0.0553869120776653,0.0069018523208796,0.065250349696329,0.0146831946970336,0.0629741939609669,0.0186190661986445,0.0622154512310415,0.0123361484464443,0.0277919531348063,-0.0068078782499851,-0.0133507550412782,0.0923460570647556,0.0610382146619647,0.0833333526360138,2019-02-22,2019-02-25,2019-02-26,2019-02-27,2019-02-28,2019-03-01,2019-03-04,2019-03-05,2019-03-06,2019-03-07,90731.0,2019-02-21,252.0,0.3808%,0.0005,0.3362,0.273,0.0767,0.8896%,0.9635%,14.7526%,0.005376,HTGC,90731.0,2019-02-22,252.0,5.5387%,0.0007,0.3287,0.2835,-0.0037,0.9471%,1.0232%,14.3179%,0.052727,HTGC,90731.0,2019-02-25,252.0,0.9346%,0.0008,0.3283,0.2788,-0.0074,0.9485%,1.0244%,14.2633%,0.009483,HTGC,90731.0,2019-02-26,252.0,-0.2137%,0.0008,0.3358,0.2726,-0.005,0.9454%,1.0233%,14.6378%,4.9e-05,HTGC,90731.0,2019-02-27,252.0,-0.1428%,0.0008,0.339,0.266,-0.0045,0.9445%,1.0229%,14.7424%,-0.002354,HTGC,90731.0,2019-02-28,252.0,0.0715%,0.0008,0.3365,0.2644,-0.0064,0.9441%,1.0213%,14.5409%,0.001601,HTGC,90731.0,2019-03-01,252.0,-2.0714%,0.0008,0.3276,0.2511,-0.0087,0.9563%,1.0282%,13.5022%,-0.02402,HTGC,90731.0,2019-03-04,252.0,0.5224%,0.0008,0.3207,0.2675,-0.0055,0.9538%,1.0246%,13.3333%,0.007876,HTGC,90731.0,2019-03-05,252.0,-1.1878%,0.0007,0.3176,0.2353,-0.0035,0.9459%,1.0128%,12.7798%,-0.010607,HTGC,90731.0,2019-03-06,252.0,-0.4508%,0.0006,0.3034,0.2467,-0.018,0.9312%,0.9972%,12.7983%,0.001036,HTGC,90731.0,2019-03-07,252.0,-0.0755%,0.0007,0.3055,0.2594,-0.0116,0.9287%,0.9960%,13.0439%,0.0017569999999999,HTGC,0.058103,0.067586,0.067635,0.066882,0.042924
5579,HERTZ GLOBAL HOLDINGS INC NEW,Hertz Global share are trading higher in sympathy with Avis Budget after Avis announced strong 2019 guidance.,6,increase,0.7,0.6,"hertz global's stock is likely to rise due to positive sentiment in the rental car industry following avis budget's strong guidance, which can create a favorable outlook for hertz as well.",2,2019-02-21,HTZ,2019-02-21 14:13:00+00:00,16086.0,42806J70,0.0759860500693321,6570261.0,0.011859904974699,-0.0103329680860042,0.0277038067579269,0.0116144465282559,0.040435392409563,0.00819668546319,-0.023916270583868,0.0082644261419773,-0.0250127501785755,0.0077335559763014,0.0130890049040317,-0.0163838900625705,0.0330749042332172,0.0899234563112258,-0.0990495011210441,-0.0462287217378616,-0.0399777516722679,-0.008443871513009,-0.0456912033259868,-0.0101492581889033,-0.0303030312061309,0.0011954846559092,0.0199999809265136,0.0011969155166298,-0.0079656345769763,0.0072332085110247,0.0247065853327512,0.0159216299653053,-0.0006027865456417,0.030934328213334,-0.0030156355351209,-0.0288166366517543,0.024803377687931,0.0043103261850774,0.0011805519461631,0.0600522272288799,0.0041274530813097,0.0165892504155635,0.0281855277717113,-0.0833333805203437,-0.066818967461586,-0.0425159893929958,0.0146878687664866,0.0437689535319805,0.0253317300230264,0.0185759235173463,0.0041176290251314,0.0006195929017849,0.0164030864834785,-0.0037037883885204,0.0011527640745043,0.0049627739936113,0.0040299189276993,0.0300320275127887,0.0,0.0149156637489795,0.0217889416962862,0.0612526051700115,0.0269360020756721,-0.0095433089882135,-0.0125682819634676,0.0456165596842765,-0.0309905633330345,0.0572719871997833,0.0114219794049859,-0.0548432692885398,-0.0079051041975617,0.0285714548081159,0.0034148814156651,-0.0366972796618938,0.0243902616202831,-0.0254470352083444,-0.0437430255115032,-0.0013736577238887,-0.0005790520226582,0.1013615801930428,-0.0110081424936652,-0.0141684999689459,0.0146455774083733,-0.0993955954909324,0.0092378668487071,0.0020188887137919,0.0308925025165081,-0.0262123569846153,0.0138734737411141,0.0241611152887344,-0.0180623922497034,0.0354412272572517,0.0323299840092659,-0.0309764333069324,-0.015118827112019,-0.0306788068264722,-0.0032894443720579,-0.0122501952573657,0.0121011724695563,-0.0449507124722003,0.0375000312924385,-0.0199155062437057,0.0272394157946109,-0.0558404326438903,0.0056093167513608,0.0040045594796538,-0.0846856087446212,-0.0520607903599739,-0.0088642574846744,-0.014430709183216,-0.004471767693758,0.0032171295024454,-0.0089837089180946,-0.1106342300772667,-0.0067988066002726,0.0704440623521804,-0.0045636007562279,0.0219092369079589,0.0057305712252855,0.0475410297513008,-0.0256409607827663,0.0054944213479757,-0.0438596494495868,0.0477835275232791,0.011859904974699,-0.0103329680860042,0.0398922762482123,0.0011614667369386,0.0819407285019826,0.0093676723776472,0.0296496577372975,0.0255800304731066,-0.1105120927571932,0.0292537173363414,-0.013477091593015,0.1751874360119729,-0.1185983300495578,-0.0074842341579156,2019-02-22,2019-02-25,2019-02-26,2019-02-27,2019-02-28,2019-03-01,2019-03-04,2019-03-05,2019-03-06,2019-03-07,16086.0,2019-02-21,252.0,7.5986%,0.001,1.9431,1.255,1.3065,4.0820%,4.5216%,18.4990%,0.0871899999999999,HTZ,16086.0,2019-02-22,252.0,1.1860%,0.0012,1.9391,1.3221,1.32,4.0712%,4.5139%,18.6520%,0.011433,HTZ,16086.0,2019-02-25,252.0,2.7704%,0.0007,1.9578,1.3262,1.3912,3.9473%,4.4084%,19.8222%,0.0305089999999999,HTZ,16086.0,2019-02-26,252.0,4.0435%,0.001,1.9578,1.2486,1.3519,3.9609%,4.4154%,19.5265%,0.056546,HTZ,16086.0,2019-02-27,252.0,-2.3916%,0.0011,1.978,1.2047,1.3551,3.9536%,4.4136%,19.7564%,-0.026528,HTZ,16086.0,2019-02-28,252.0,-2.5013%,0.0011,1.9747,1.2019,1.3567,3.9543%,4.4098%,19.5923%,-0.015834,HTZ,16086.0,2019-03-01,252.0,1.3089%,0.0012,1.959,1.1785,1.3326,3.9509%,4.3960%,19.2217%,0.000723,HTZ,16086.0,2019-03-04,252.0,3.3075%,0.0014,1.947,1.181,1.3442,3.9584%,4.3973%,18.9656%,0.042689,HTZ,16086.0,2019-03-05,252.0,-9.9050%,0.0009,1.9548,1.182,1.383,3.9939%,4.4299%,18.7167%,-0.088942,HTZ,16086.0,2019-03-06,252.0,-3.9978%,0.0009,1.9549,1.2066,1.3866,3.9941%,4.4341%,18.8591%,-0.009308,HTZ,16086.0,2019-03-07,252.0,-4.5691%,0.0008,1.9648,1.2052,1.3993,3.9970%,4.4409%,18.9920%,-0.0243299999999999,HTZ,0.0986229999999999,0.129132,0.185678,0.143316,0.064148
5587,INTEGRA LIFESCIENCES HLDNGS CORP,Integra LifeSciences Sees FY19 Sales $1.515B-$1.525B vs $1.53B Estimate,6,decrease,0.7,0.5,"the company's sales guidance for fy19 is slightly below the analyst estimate, which may lead to a negative reaction in the stock price.",0,2019-02-21,IART,2019-02-21 11:16:00+00:00,82179.0,45798520,0.0702869519591331,1020573.0,-0.0125944716855883,0.0148524949327111,0.0196792632341384,0.0021542655304074,-0.0151893943548202,0.0080947643145918,-0.001996018923819,0.0103730391710996,0.0016363663598895,-0.0081123830750584,0.0168814714998006,0.0224560108035802,0.0001784777123248,0.0081583019345998,-0.0057112206704914,0.0061563560739159,-0.0148985469713807,0.0039142691530287,0.0001821851619752,-0.0022610607556998,-0.0003643734380602,0.011224296875298,0.0049207303673028,0.0147648332640528,0.0048966351896524,0.0010557271307334,0.0090236421674489,0.0195909552276134,0.0041137458756566,0.0113215865567326,-0.0023156586103141,-0.0045513454824686,-0.0055346824228763,-0.0111444592475891,0.0170556679368019,-0.0049050874076783,-0.0063548209145665,0.0224596336483955,0.018475767225027,-0.0023928780574351,-0.0355834774672985,-0.0227465908974409,-0.0032555670477449,0.0146678239107132,0.0018145249923691,0.0054218173027038,0.0056149498559534,0.005232214462012,-0.0018011939246207,0.0266338102519512,0.0054132635705173,-0.0182377062737941,-0.0141780488193035,0.0002197433350374,-0.0123793976381421,-0.0128010446205735,0.0084792459383606,-0.0103070549666881,-0.0151708647608757,0.0474584028124809,0.0102078551426529,0.0024802843108773,-0.0051441993564367,0.0321153663098812,0.0003692824102472,-0.0176040343940258,0.0083071952685713,-0.0301551409065723,-0.0113511336967349,0.0173696503043174,-0.0029629601631313,0.0009031590307131,-0.0024145815987139,-0.0033752862364053,-0.0195494182407856,0.0427029505372047,-0.0477591976523399,-0.0390078835189342,0.0198424346745014,-0.0190223548561334,0.01212356146425,-0.029203362762928,0.0243431646376848,-0.0245077908039093,-0.0316861607134342,0.0133729791268706,0.0007791374227963,-0.0264517217874527,0.0225768741220235,-0.0166632737964391,-0.0137038677930831,-0.011847392655909,0.0071400799788534,-0.0034020808525383,-0.0251005478203296,0.0107201179489493,0.0227987393736839,-0.0104083362966775,0.0128746759146452,-0.0202000886201858,0.0085372943431139,-0.0106713082641363,-0.0188111364841461,-0.0416511334478855,0.0019171487074345,0.0027968992944806,0.0105243604630231,0.006758036557585,-0.0043552271090447,-0.0175212230533361,-0.0406999439001083,0.0261165983974933,-0.0067406850866973,-0.0039585125632584,-0.0055887983180582,-0.0009416052489541,0.0078281695023179,0.0026434930041432,-0.0155347296968102,0.0032202722504734,-0.0125944716855883,0.0148524949327111,0.0068369416249545,0.0170387566809926,-0.008456301732388,0.0252714457151308,-0.0088161515638121,0.0275029551977146,-0.0124145827807581,0.0674203223199627,-0.0305865538903202,0.1680162284774187,-0.1106513330138265,-0.0162909733304557,2019-02-22,2019-02-25,2019-02-26,2019-02-27,2019-02-28,2019-03-01,2019-03-04,2019-03-05,2019-03-06,2019-03-07,82179.0,2019-02-21,252.0,7.0287%,0.0001,0.7243,0.5052,-0.2692,1.7260%,1.9529%,21.8945%,0.07277,IART,82179.0,2019-02-22,252.0,-1.2594%,0.0,0.7284,0.4862,-0.2383,1.7314%,1.9537%,21.4603%,-0.024139,IART,82179.0,2019-02-25,252.0,1.9679%,0.0,0.7298,0.4781,-0.2371,1.7337%,1.9554%,21.3928%,0.019322,IART,82179.0,2019-02-26,252.0,-1.5189%,-0.0001,0.7252,0.4991,-0.2299,1.7336%,1.9533%,21.2230%,-0.0118439999999999,IART,82179.0,2019-02-27,252.0,-0.1996%,-0.0001,0.7203,0.5066,-0.2308,1.7325%,1.9506%,21.1158%,-0.003973,IART,82179.0,2019-02-28,252.0,0.1636%,-0.0001,0.7126,0.5013,-0.2371,1.7306%,1.9450%,20.8330%,0.003091,IART,82179.0,2019-03-01,252.0,1.6881%,0.0,0.7094,0.4966,-0.2464,1.7307%,1.9444%,20.7741%,0.009259,IART,82179.0,2019-03-04,252.0,0.0178%,0.0001,0.7011,0.518,-0.2429,1.7283%,1.9405%,20.6754%,0.006725,IART,82179.0,2019-03-05,252.0,-0.5711%,0.0001,0.7002,0.5086,-0.2421,1.7279%,1.9374%,20.4524%,-0.0035859999999999,IART,82179.0,2019-03-06,252.0,-1.4899%,0.0,0.7002,0.5151,-0.2414,1.7280%,1.9393%,20.6074%,-0.002601,IART,82179.0,2019-03-07,252.0,0.0182%,0.0001,0.6987,0.5186,-0.2423,1.7281%,1.9393%,20.5939%,0.0053979999999999,IART,0.048631,0.067953,0.056109,0.055227,0.0704219999999999
5595,INTEGRA LIFESCIENCES HLDNGS CORP,"Integra Lifesciences Hold Q4 EPS $0.65 Beats $0.62 Estimate, Sales $383.315M Beat $381.62M Estimate",6,increase,0.8,0.6,"the company reported better-than-expected earnings and sales, which typically boosts investor confidence and can lead to an increase in stock price.",2,2019-02-21,IART,2019-02-21 11:16:00+00:00,82179.0,45798520,0.0702869519591331,1020573.0,-0.0125944716855883,0.0148524949327111,0.0196792632341384,0.0021542655304074,-0.0151893943548202,0.0080947643145918,-0.001996018923819,0.0103730391710996,0.0016363663598895,-0.0081123830750584,0.0168814714998006,0.0224560108035802,0.0001784777123248,0.0081583019345998,-0.0057112206704914,0.0061563560739159,-0.0148985469713807,0.0039142691530287,0.0001821851619752,-0.0022610607556998,-0.0003643734380602,0.011224296875298,0.0049207303673028,0.0147648332640528,0.0048966351896524,0.0010557271307334,0.0090236421674489,0.0195909552276134,0.0041137458756566,0.0113215865567326,-0.0023156586103141,-0.0045513454824686,-0.0055346824228763,-0.0111444592475891,0.0170556679368019,-0.0049050874076783,-0.0063548209145665,0.0224596336483955,0.018475767225027,-0.0023928780574351,-0.0355834774672985,-0.0227465908974409,-0.0032555670477449,0.0146678239107132,0.0018145249923691,0.0054218173027038,0.0056149498559534,0.005232214462012,-0.0018011939246207,0.0266338102519512,0.0054132635705173,-0.0182377062737941,-0.0141780488193035,0.0002197433350374,-0.0123793976381421,-0.0128010446205735,0.0084792459383606,-0.0103070549666881,-0.0151708647608757,0.0474584028124809,0.0102078551426529,0.0024802843108773,-0.0051441993564367,0.0321153663098812,0.0003692824102472,-0.0176040343940258,0.0083071952685713,-0.0301551409065723,-0.0113511336967349,0.0173696503043174,-0.0029629601631313,0.0009031590307131,-0.0024145815987139,-0.0033752862364053,-0.0195494182407856,0.0427029505372047,-0.0477591976523399,-0.0390078835189342,0.0198424346745014,-0.0190223548561334,0.01212356146425,-0.029203362762928,0.0243431646376848,-0.0245077908039093,-0.0316861607134342,0.0133729791268706,0.0007791374227963,-0.0264517217874527,0.0225768741220235,-0.0166632737964391,-0.0137038677930831,-0.011847392655909,0.0071400799788534,-0.0034020808525383,-0.0251005478203296,0.0107201179489493,0.0227987393736839,-0.0104083362966775,0.0128746759146452,-0.0202000886201858,0.0085372943431139,-0.0106713082641363,-0.0188111364841461,-0.0416511334478855,0.0019171487074345,0.0027968992944806,0.0105243604630231,0.006758036557585,-0.0043552271090447,-0.0175212230533361,-0.0406999439001083,0.0261165983974933,-0.0067406850866973,-0.0039585125632584,-0.0055887983180582,-0.0009416052489541,0.0078281695023179,0.0026434930041432,-0.0155347296968102,0.0032202722504734,-0.0125944716855883,0.0148524949327111,0.0068369416249545,0.0170387566809926,-0.008456301732388,0.0252714457151308,-0.0088161515638121,0.0275029551977146,-0.0124145827807581,0.0674203223199627,-0.0305865538903202,0.1680162284774187,-0.1106513330138265,-0.0162909733304557,2019-02-22,2019-02-25,2019-02-26,2019-02-27,2019-02-28,2019-03-01,2019-03-04,2019-03-05,2019-03-06,2019-03-07,82179.0,2019-02-21,252.0,7.0287%,0.0001,0.7243,0.5052,-0.2692,1.7260%,1.9529%,21.8945%,0.07277,IART,82179.0,2019-02-22,252.0,-1.2594%,0.0,0.7284,0.4862,-0.2383,1.7314%,1.9537%,21.4603%,-0.024139,IART,82179.0,2019-02-25,252.0,1.9679%,0.0,0.7298,0.4781,-0.2371,1.7337%,1.9554%,21.3928%,0.019322,IART,82179.0,2019-02-26,252.0,-1.5189%,-0.0001,0.7252,0.4991,-0.2299,1.7336%,1.9533%,21.2230%,-0.0118439999999999,IART,82179.0,2019-02-27,252.0,-0.1996%,-0.0001,0.7203,0.5066,-0.2308,1.7325%,1.9506%,21.1158%,-0.003973,IART,82179.0,2019-02-28,252.0,0.1636%,-0.0001,0.7126,0.5013,-0.2371,1.7306%,1.9450%,20.8330%,0.003091,IART,82179.0,2019-03-01,252.0,1.6881%,0.0,0.7094,0.4966,-0.2464,1.7307%,1.9444%,20.7741%,0.009259,IART,82179.0,2019-03-04,252.0,0.0178%,0.0001,0.7011,0.518,-0.2429,1.7283%,1.9405%,20.6754%,0.006725,IART,82179.0,2019-03-05,252.0,-0.5711%,0.0001,0.7002,0.5086,-0.2421,1.7279%,1.9374%,20.4524%,-0.0035859999999999,IART,82179.0,2019-03-06,252.0,-1.4899%,0.0,0.7002,0.5151,-0.2414,1.7280%,1.9393%,20.6074%,-0.002601,IART,82179.0,2019-03-07,252.0,0.0182%,0.0001,0.6987,0.5186,-0.2423,1.7281%,1.9393%,20.5939%,0.0053979999999999,IART,0.048631,0.067953,0.056109,0.055227,0.0704219999999999
5603,ICON PLC NEW,"Barclays Maintains Equal-Weight on Icon, Raises Price Target to $140",6,increase,0.7,0.6,"the maintenance of an equal-weight rating combined with a raised price target suggests a positive outlook, which could lead to an increase in investor confidence and stock price.",2,2019-02-21,ICLR,2019-02-21 12:58:00+00:00,86072.0,G4705A10,-0.0258361045271158,374636.0,0.0213859211653471,0.00440528197214,0.0121220089495182,0.0015856305835768,-0.0290575325489044,0.0067323790863156,0.0152790024876594,0.0061452854424715,-0.0336877331137657,0.0162514597177505,0.002857616636902,0.0154944453388452,-0.013463451527059,-0.0043768431060016,-0.00664306525141,-0.0034323271829634,-0.0285673309117555,-0.0130556868389248,-0.0267134997993707,0.0019799093715846,-0.0137618854641914,-0.00380394840613,0.0286092776805162,0.0034636706113815,-0.0016673074569553,0.0113668590784072,0.0053898636251688,0.0078536756336689,-0.0015856743557378,0.0197647828608751,0.018225846812129,0.0088207134976983,-0.0056446413509547,-0.005088513251394,0.0081415921449661,0.0277399085462093,0.0125953685492277,-0.0051273768767714,0.0005853649927303,0.0025702777784317,-0.02829978056252,-0.0067577259615063,0.0055688605643808,-0.0017988719046115,0.0115252854302525,-0.0028400961309671,-0.0180526953190565,-0.0184859465807676,0.0117540499195456,0.0163274612277746,0.0171284116804599,-0.0082809254527091,0.0125200720503926,0.0002957864489872,0.0022417588625103,0.0203759130090475,-0.0029581792186945,0.0061503234319388,0.008611349388957,0.0602157115936279,-0.0008610300719738,0.0046910531818866,0.0012207251274958,0.0192909836769104,-0.0098973652347922,-0.0504148639738559,0.0031872685067355,-0.0113768959417939,-0.0088815866038203,0.016201376914978,-0.0012385121081024,0.0117769027128815,-0.0008753017755225,-0.0056179706007242,-0.0275972746312618,0.0587249249219894,-0.0173436254262924,-0.0208350494503974,0.0006876247934997,-0.0319224707782268,-0.0074825971387326,-0.0384821034967899,0.0389260500669479,0.0040631615556776,-0.0028138088528066,0.0040797381661832,0.0167075078934431,-0.0268913581967353,0.0034326703753322,-0.0198957975953817,-0.0023290782701224,-0.0137571059167385,-0.0035748556256294,-0.0007958371425047,-0.0154488254338502,-0.0060405316762626,0.0533204302191734,-0.004082269500941,0.0072013856843113,-0.0164130870252847,-0.0097434418275952,-0.0111451018601656,-0.0276067741215229,-0.0245294608175754,0.003858184441924,0.0169292222708463,0.0007252074428834,0.0210964903235435,0.0125362006947398,-0.0007755260448902,-0.0292707104235887,0.0440158657729625,0.0032438989728689,-0.0007355553098022,0.0182245429605245,0.0159916244447231,0.017754090949893,0.034637477248907,-0.0251737553626298,0.0083417166024446,0.0213859211653471,0.00440528197214,0.0337671704426252,0.0059978977055412,0.0037284472394998,0.0127706569129315,-0.0152655534131052,0.0355545684840865,-0.0849805643600132,0.0318201103208866,-0.019486381460239,0.1746900365343493,-0.0329229153307679,0.1376003156359002,2019-02-22,2019-02-25,2019-02-26,2019-02-27,2019-02-28,2019-03-01,2019-03-04,2019-03-05,2019-03-06,2019-03-07,86072.0,2019-02-21,252.0,-2.5836%,0.0005,0.848,0.3387,-0.6472,1.2129%,1.6767%,47.6731%,-0.024116,ICLR,86072.0,2019-02-22,252.0,2.1386%,0.0006,0.8461,0.3745,-0.6373,1.2020%,1.6718%,48.3032%,0.004397,ICLR,86072.0,2019-02-25,252.0,1.2122%,0.0007,0.845,0.3685,-0.6445,1.2023%,1.6727%,48.3323%,0.01058,ICLR,86072.0,2019-02-26,252.0,-2.9058%,0.0005,0.8392,0.4133,-0.6261,1.2091%,1.6719%,47.7000%,-0.027574,ICLR,86072.0,2019-02-27,252.0,1.5279%,0.0006,0.8481,0.4013,-0.6246,1.2054%,1.6725%,48.0608%,0.012887,ICLR,86072.0,2019-02-28,252.0,-3.3688%,0.0004,0.8602,0.4085,-0.6079,1.2219%,1.6868%,47.5239%,-0.0327999999999999,ICLR,86072.0,2019-03-01,252.0,0.2858%,0.0004,0.863,0.4126,-0.6002,1.2220%,1.6868%,47.5153%,-0.007042,ICLR,86072.0,2019-03-04,252.0,-1.3463%,0.0003,0.8657,0.4085,-0.602,1.2222%,1.6892%,47.6505%,-0.005075,ICLR,86072.0,2019-03-05,252.0,-0.6643%,0.0003,0.866,0.4069,-0.5997,1.2226%,1.6867%,47.4640%,-0.00544,ICLR,86072.0,2019-03-06,252.0,-2.8567%,0.0003,0.8763,0.4374,-0.5839,1.2260%,1.6969%,47.7957%,-0.016016,ICLR,86072.0,2019-03-07,252.0,-2.6713%,0.0002,0.8837,0.4313,-0.5758,1.2318%,1.7029%,47.6788%,-0.0212389999999999,ICLR,-0.019719,-0.009139,-0.036713,-0.0566259999999999,-0.111438
5611,INTERCEPT PHARMACEUTICALS INC,Intercept Pharmaceuticals Option Alert: Mar 1 $100 Calls at the Ask: 600 @ $2.0 vs 42 OI; Earnings 2/25 Before Open [est] Ref=$90.9199,6,uncertain,0.6,0.5,"the significant volume of call options suggests bullish sentiment, but the upcoming earnings report introduces uncertainty regarding the stock's performance.",1,2019-02-21,ICPT,2019-02-21 19:35:00+00:00,13643.0,45845P10,-0.0727052092552185,4261256.0,0.0165522880852222,-0.1576932966709137,0.0095340050756931,0.0609095841646194,-0.0157045386731624,-0.0034172416198998,0.0,0.0077027501538395,0.0752479061484336,-0.0063035078346729,0.0696812197566032,-0.0536048524081707,-0.0192145742475986,-0.0131203122437,0.0294342692941427,0.0229716785252094,-0.0303565189242363,-0.0205611772835254,-0.0197223331779241,-0.0081076668575406,-0.0141615094617009,-0.002750702900812,0.038735844194889,0.0287257619202137,0.0175489168614149,-0.0336426720023155,0.0210891366004943,0.0389118157327175,0.0184504725039005,0.0339119285345077,0.0200991742312908,-0.0299602933228015,0.0033574593253433,-0.0312003623694181,-0.0140013769268989,0.0266209207475185,0.0100026354193687,0.0526077896356582,0.0182156264781951,-0.0027044357266277,-0.046026948839426,-0.0222123991698026,-0.0046427142806351,-0.0018476747209206,0.0183830447494983,0.025812279433012,-0.0453524515032768,-0.0113321729004383,0.0035747624933719,0.0300551149994134,0.0485564321279525,-0.0084753511473536,-0.0032183141447603,-0.0287661515176296,0.0221524778753519,-0.0006191923166625,0.0122839473187923,0.0201227515935897,0.0024269635323435,0.0094735007733106,0.0119325313717126,0.0725940465927124,0.0269161891192197,0.0763487443327903,-0.0148943327367305,-0.0222108345478773,0.0193428583443164,-0.0351225398480892,-0.1320019960403442,0.0716639831662178,-0.0910739973187446,0.0108555685728788,-0.031089162454009,-0.0197029039263725,-0.0059620928950607,0.0976061299443245,-0.027917094528675,-0.0463217943906784,-0.0197442471981048,-0.0702419877052307,-0.0042343228124082,-0.0517308413982391,0.0404550805687904,-0.0365373939275741,0.0077322940342128,0.0144458906725049,-0.0254302266985178,-0.0258309487253427,0.0087729021906852,-0.000740070361644,-0.0146059216931462,-0.0235772412270307,-0.0248924754559993,0.0584185943007469,-0.0041773105040192,-0.0132088083773851,0.0278489794582128,0.0364756062626838,0.0193855464458465,-0.0425989665091037,-0.0022241654805839,0.008402562700212,-0.0526081286370754,-0.0277217198163271,0.0302352905273437,-0.0177621599286794,-0.0419093072414398,0.0069911410100758,0.0328963287174701,-0.0343678630888462,-0.0338102951645851,0.0496962442994117,0.0360682718455791,-0.0232808664441108,0.0174063649028539,0.0016206023283302,0.0023793233558535,0.0122117586433887,-0.0231717303395271,0.0279157217592001,0.0165522880852222,-0.1576932966709137,0.0262441027595341,-0.1063887456320675,0.0101274125596422,-0.1094424312025046,0.0861373852978903,-0.1082395658048667,0.1149950756231479,-0.1722668039573034,0.2593923492766277,-0.0979231184614175,-0.0589132552679886,-0.072318512509011,2019-02-22,2019-02-25,2019-02-26,2019-02-27,2019-02-28,2019-03-01,2019-03-04,2019-03-05,2019-03-06,2019-03-07,13643.0,2019-02-21,252.0,-7.2705%,0.0014,1.5804,1.436,-1.1034,2.8948%,3.6822%,38.1944%,-0.068647,ICPT,13643.0,2019-02-22,252.0,1.6552%,0.0014,1.5816,1.4733,-1.055,2.8908%,3.6786%,38.2444%,-0.017938,ICPT,13643.0,2019-02-25,252.0,0.9534%,0.0014,1.5816,1.4695,-1.0569,2.8912%,3.6787%,38.2327%,0.008993,ICPT,13643.0,2019-02-26,252.0,-1.5705%,0.0013,1.5713,1.4917,-1.0533,2.8889%,3.6721%,38.1059%,-0.007357,ICPT,13643.0,2019-02-27,252.0,0.0000%,0.0014,1.5771,1.4794,-1.0524,2.8880%,3.6720%,38.1430%,-0.005612,ICPT,13643.0,2019-02-28,252.0,7.5248%,0.0017,1.5559,1.4675,-1.0854,2.9263%,3.6943%,37.2554%,0.07711,ICPT,13643.0,2019-03-01,252.0,6.9681%,0.0018,1.5746,1.4953,-1.0788,2.9406%,3.7180%,37.4469%,0.049791,ICPT,13643.0,2019-03-04,252.0,-1.9215%,0.0019,1.5698,1.5136,-1.0781,2.9398%,3.7194%,37.5250%,-0.0009279999999999,ICPT,13643.0,2019-03-05,252.0,2.9434%,0.0018,1.5548,1.4182,-1.1007,2.9343%,3.6925%,36.8530%,0.034118,ICPT,13643.0,2019-03-06,252.0,-3.0357%,0.0018,1.5505,1.424,-1.1048,2.9337%,3.6970%,37.0269%,0.0009229999999999,ICPT,13643.0,2019-03-07,252.0,-1.9722%,0.0018,1.5601,1.4487,-1.085,2.9325%,3.6995%,37.1678%,-0.009747,ICPT,-0.086585,-0.077592,-0.084949,-0.013451,0.060706
5619,INTERCEPT PHARMACEUTICALS INC,"Citigroup Maintains Neutral on Intercept Pharmaceuticals, Raises Price Target to $140",6,increase,0.7,0.6,"the price target increase to $140 suggests positive sentiment and potential for stock appreciation, despite the neutral rating.",2,2019-02-21,ICPT,2019-02-21 12:51:00+00:00,13643.0,45845P10,-0.0727052092552185,4261256.0,0.0165522880852222,-0.1576932966709137,0.0095340050756931,0.0609095841646194,-0.0157045386731624,-0.0034172416198998,0.0,0.0077027501538395,0.0752479061484336,-0.0063035078346729,0.0696812197566032,-0.0536048524081707,-0.0192145742475986,-0.0131203122437,0.0294342692941427,0.0229716785252094,-0.0303565189242363,-0.0205611772835254,-0.0197223331779241,-0.0081076668575406,-0.0141615094617009,-0.002750702900812,0.038735844194889,0.0287257619202137,0.0175489168614149,-0.0336426720023155,0.0210891366004943,0.0389118157327175,0.0184504725039005,0.0339119285345077,0.0200991742312908,-0.0299602933228015,0.0033574593253433,-0.0312003623694181,-0.0140013769268989,0.0266209207475185,0.0100026354193687,0.0526077896356582,0.0182156264781951,-0.0027044357266277,-0.046026948839426,-0.0222123991698026,-0.0046427142806351,-0.0018476747209206,0.0183830447494983,0.025812279433012,-0.0453524515032768,-0.0113321729004383,0.0035747624933719,0.0300551149994134,0.0485564321279525,-0.0084753511473536,-0.0032183141447603,-0.0287661515176296,0.0221524778753519,-0.0006191923166625,0.0122839473187923,0.0201227515935897,0.0024269635323435,0.0094735007733106,0.0119325313717126,0.0725940465927124,0.0269161891192197,0.0763487443327903,-0.0148943327367305,-0.0222108345478773,0.0193428583443164,-0.0351225398480892,-0.1320019960403442,0.0716639831662178,-0.0910739973187446,0.0108555685728788,-0.031089162454009,-0.0197029039263725,-0.0059620928950607,0.0976061299443245,-0.027917094528675,-0.0463217943906784,-0.0197442471981048,-0.0702419877052307,-0.0042343228124082,-0.0517308413982391,0.0404550805687904,-0.0365373939275741,0.0077322940342128,0.0144458906725049,-0.0254302266985178,-0.0258309487253427,0.0087729021906852,-0.000740070361644,-0.0146059216931462,-0.0235772412270307,-0.0248924754559993,0.0584185943007469,-0.0041773105040192,-0.0132088083773851,0.0278489794582128,0.0364756062626838,0.0193855464458465,-0.0425989665091037,-0.0022241654805839,0.008402562700212,-0.0526081286370754,-0.0277217198163271,0.0302352905273437,-0.0177621599286794,-0.0419093072414398,0.0069911410100758,0.0328963287174701,-0.0343678630888462,-0.0338102951645851,0.0496962442994117,0.0360682718455791,-0.0232808664441108,0.0174063649028539,0.0016206023283302,0.0023793233558535,0.0122117586433887,-0.0231717303395271,0.0279157217592001,0.0165522880852222,-0.1576932966709137,0.0262441027595341,-0.1063887456320675,0.0101274125596422,-0.1094424312025046,0.0861373852978903,-0.1082395658048667,0.1149950756231479,-0.1722668039573034,0.2593923492766277,-0.0979231184614175,-0.0589132552679886,-0.072318512509011,2019-02-22,2019-02-25,2019-02-26,2019-02-27,2019-02-28,2019-03-01,2019-03-04,2019-03-05,2019-03-06,2019-03-07,13643.0,2019-02-21,252.0,-7.2705%,0.0014,1.5804,1.436,-1.1034,2.8948%,3.6822%,38.1944%,-0.068647,ICPT,13643.0,2019-02-22,252.0,1.6552%,0.0014,1.5816,1.4733,-1.055,2.8908%,3.6786%,38.2444%,-0.017938,ICPT,13643.0,2019-02-25,252.0,0.9534%,0.0014,1.5816,1.4695,-1.0569,2.8912%,3.6787%,38.2327%,0.008993,ICPT,13643.0,2019-02-26,252.0,-1.5705%,0.0013,1.5713,1.4917,-1.0533,2.8889%,3.6721%,38.1059%,-0.007357,ICPT,13643.0,2019-02-27,252.0,0.0000%,0.0014,1.5771,1.4794,-1.0524,2.8880%,3.6720%,38.1430%,-0.005612,ICPT,13643.0,2019-02-28,252.0,7.5248%,0.0017,1.5559,1.4675,-1.0854,2.9263%,3.6943%,37.2554%,0.07711,ICPT,13643.0,2019-03-01,252.0,6.9681%,0.0018,1.5746,1.4953,-1.0788,2.9406%,3.7180%,37.4469%,0.049791,ICPT,13643.0,2019-03-04,252.0,-1.9215%,0.0019,1.5698,1.5136,-1.0781,2.9398%,3.7194%,37.5250%,-0.0009279999999999,ICPT,13643.0,2019-03-05,252.0,2.9434%,0.0018,1.5548,1.4182,-1.1007,2.9343%,3.6925%,36.8530%,0.034118,ICPT,13643.0,2019-03-06,252.0,-3.0357%,0.0018,1.5505,1.424,-1.1048,2.9337%,3.6970%,37.0269%,0.0009229999999999,ICPT,13643.0,2019-03-07,252.0,-1.9722%,0.0018,1.5601,1.4487,-1.085,2.9325%,3.6995%,37.1678%,-0.009747,ICPT,-0.086585,-0.077592,-0.084949,-0.013451,0.060706
5627,IDACORP INC,Idacorp Sees FY19 EPS $4.30-$4.45 vs $4.47 Estimate,6,decrease,0.75,0.6,"the forecasted eps range is below the analyst estimate, which may lead to a negative reaction in the stock price as it indicates weaker-than-expected earnings.",0,2019-02-21,IDA,2019-02-21 11:41:00+00:00,21928.0,45110710,0.0082408944144845,243547.0,0.003229058580473,-0.0022332882508635,-0.0083484398201107,0.0063336677849292,-0.0048686047084629,0.0029713208787143,-0.0005096631357446,0.0044252374209463,0.0035693056415766,-0.0100856302306056,0.0051823440007865,-0.0022361618466675,0.0067731314338743,-0.0017250714590772,-0.0099407359957695,0.0047920187935233,0.0010141832754015,0.0196486059576273,0.0065856287255883,-0.0013496392639353,0.0099647492170333,-0.0009335542563349,0.0113614415749907,0.0020653379615396,-0.0025621021632105,-0.0067692683078348,-0.0113614061847329,0.0231923498213291,-0.0078944833949208,0.0126461470499634,0.0026188772171735,-0.0012736440403386,0.0007032317807897,-0.0039115669205784,-0.0157614666968584,-0.0194879733026027,0.0016319464193657,0.0079406760632991,0.0122200064361095,0.0207977481186389,0.006237375549972,-0.0043537863530218,0.0027995042037218,-0.0087368609383702,0.0050846906378865,0.0036978179123252,-0.0055549805983901,0.0099231787025928,-0.0148628214374184,0.0161552410572767,0.0078979218378663,-0.0214323252439498,0.0006027482450008,-0.0116401072591543,-0.0095381224527955,0.0181507244706153,-0.0015205425443127,0.0087238037958741,-0.0072081126272678,0.0323548577725887,0.0148276602849364,-0.0174786802381277,-0.01068115234375,0.0140689518302679,-0.0039722896181046,0.0027771608438342,0.0016361185116693,-0.0326671078801155,0.0119449291378259,0.0056191552430391,-0.003127574454993,-0.0066552460193634,-0.0014168544439598,0.0070262835361063,-0.0120603507384657,0.0150318490341305,-0.0028724498115479,-0.0531893074512481,-0.0011316935997456,-0.0113998213782906,-0.0075187534093856,0.0027806826401501,0.0060191140510141,-0.0010287909535691,0.0113472091034054,-0.0085679721087217,-0.0035699559375643,-0.02641505561769,0.0001023083896143,-0.0069033983163535,0.0002047520247288,0.0030666256789118,0.013303268700838,-0.0067793522030115,-0.0020197632256895,0.0134421829134225,-0.0045537031255662,0.0045008696615695,0.0270407516509294,-0.0018967237556353,-0.0007968309801071,0.0080506736412644,-0.0028907586820423,-0.0002011937176575,-0.0064980657771229,0.0117060421034693,0.0108673963695764,0.0115320747718215,0.0117459716275334,-0.0070544406771659,0.0184966288506984,-0.0129175381734967,-0.0037673821207135,0.0016172650502994,0.002424124861136,0.0027366373687982,-0.0054168850183486,0.0028461720794439,0.0014588750200346,-0.0151166496798396,0.003229058580473,-0.0022332882508635,-0.0051463388408724,0.0040862346282166,-0.0099898880598233,0.0070696970211971,-0.0069626120105933,0.001324340111215,0.0025227038160799,0.0204526708498715,-0.0132189486397144,0.0999809116330359,0.0455714345722901,-0.0095876843500144,2019-02-22,2019-02-25,2019-02-26,2019-02-27,2019-02-28,2019-03-01,2019-03-04,2019-03-05,2019-03-06,2019-03-07,21928.0,2019-02-21,252.0,0.8241%,0.0007,0.2195,-0.1904,-0.1095,1.1338%,1.1661%,5.4691%,0.008647,IDA,21928.0,2019-02-22,252.0,0.3229%,0.0008,0.2188,-0.1752,-0.1033,1.1316%,1.1629%,5.3164%,0.00114,IDA,21928.0,2019-02-25,252.0,-0.8348%,0.0007,0.2192,-0.1699,-0.0993,1.1333%,1.1643%,5.2489%,-0.009418,IDA,21928.0,2019-02-26,252.0,-0.4869%,0.0006,0.2084,-0.1501,-0.0973,1.1268%,1.1547%,4.7696%,-0.0060329999999999,IDA,21928.0,2019-02-27,252.0,-0.0510%,0.0007,0.2157,-0.1634,-0.0961,1.1220%,1.1516%,5.0819%,-0.000629,IDA,21928.0,2019-02-28,252.0,0.3569%,0.0007,0.2065,-0.1696,-0.1035,1.1177%,1.1460%,4.8760%,0.00393,IDA,21928.0,2019-03-01,252.0,0.5182%,0.0008,0.197,-0.1837,-0.1195,1.1129%,1.1407%,4.8226%,0.003683,IDA,21928.0,2019-03-04,252.0,0.6773%,0.0008,0.2003,-0.2004,-0.119,1.1123%,1.1410%,4.9633%,0.007439,IDA,21928.0,2019-03-05,252.0,-0.9941%,0.0008,0.2019,-0.1951,-0.1136,1.1146%,1.1431%,4.9153%,-0.010597,IDA,21928.0,2019-03-06,252.0,0.1014%,0.0007,0.1963,-0.189,-0.1191,1.1125%,1.1399%,4.7532%,0.000207,IDA,21928.0,2019-03-07,252.0,0.6586%,0.0008,0.1959,-0.1774,-0.1164,1.1111%,1.1379%,4.6713%,0.00758,IDA,0.009787,0.000369,-0.0056639999999999,-0.0023629999999999,0.005949
5635,IDACORP INC,"Idacorp Q4 EPS $0.52, Inline",6,uncertain,0.5,0.5,"the eps of $0.52 is inline with expectations, which may not significantly impact the stock price in either direction.",1,2019-02-21,IDA,2019-02-21 11:41:00+00:00,21928.0,45110710,0.0082408944144845,243547.0,0.003229058580473,-0.0022332882508635,-0.0083484398201107,0.0063336677849292,-0.0048686047084629,0.0029713208787143,-0.0005096631357446,0.0044252374209463,0.0035693056415766,-0.0100856302306056,0.0051823440007865,-0.0022361618466675,0.0067731314338743,-0.0017250714590772,-0.0099407359957695,0.0047920187935233,0.0010141832754015,0.0196486059576273,0.0065856287255883,-0.0013496392639353,0.0099647492170333,-0.0009335542563349,0.0113614415749907,0.0020653379615396,-0.0025621021632105,-0.0067692683078348,-0.0113614061847329,0.0231923498213291,-0.0078944833949208,0.0126461470499634,0.0026188772171735,-0.0012736440403386,0.0007032317807897,-0.0039115669205784,-0.0157614666968584,-0.0194879733026027,0.0016319464193657,0.0079406760632991,0.0122200064361095,0.0207977481186389,0.006237375549972,-0.0043537863530218,0.0027995042037218,-0.0087368609383702,0.0050846906378865,0.0036978179123252,-0.0055549805983901,0.0099231787025928,-0.0148628214374184,0.0161552410572767,0.0078979218378663,-0.0214323252439498,0.0006027482450008,-0.0116401072591543,-0.0095381224527955,0.0181507244706153,-0.0015205425443127,0.0087238037958741,-0.0072081126272678,0.0323548577725887,0.0148276602849364,-0.0174786802381277,-0.01068115234375,0.0140689518302679,-0.0039722896181046,0.0027771608438342,0.0016361185116693,-0.0326671078801155,0.0119449291378259,0.0056191552430391,-0.003127574454993,-0.0066552460193634,-0.0014168544439598,0.0070262835361063,-0.0120603507384657,0.0150318490341305,-0.0028724498115479,-0.0531893074512481,-0.0011316935997456,-0.0113998213782906,-0.0075187534093856,0.0027806826401501,0.0060191140510141,-0.0010287909535691,0.0113472091034054,-0.0085679721087217,-0.0035699559375643,-0.02641505561769,0.0001023083896143,-0.0069033983163535,0.0002047520247288,0.0030666256789118,0.013303268700838,-0.0067793522030115,-0.0020197632256895,0.0134421829134225,-0.0045537031255662,0.0045008696615695,0.0270407516509294,-0.0018967237556353,-0.0007968309801071,0.0080506736412644,-0.0028907586820423,-0.0002011937176575,-0.0064980657771229,0.0117060421034693,0.0108673963695764,0.0115320747718215,0.0117459716275334,-0.0070544406771659,0.0184966288506984,-0.0129175381734967,-0.0037673821207135,0.0016172650502994,0.002424124861136,0.0027366373687982,-0.0054168850183486,0.0028461720794439,0.0014588750200346,-0.0151166496798396,0.003229058580473,-0.0022332882508635,-0.0051463388408724,0.0040862346282166,-0.0099898880598233,0.0070696970211971,-0.0069626120105933,0.001324340111215,0.0025227038160799,0.0204526708498715,-0.0132189486397144,0.0999809116330359,0.0455714345722901,-0.0095876843500144,2019-02-22,2019-02-25,2019-02-26,2019-02-27,2019-02-28,2019-03-01,2019-03-04,2019-03-05,2019-03-06,2019-03-07,21928.0,2019-02-21,252.0,0.8241%,0.0007,0.2195,-0.1904,-0.1095,1.1338%,1.1661%,5.4691%,0.008647,IDA,21928.0,2019-02-22,252.0,0.3229%,0.0008,0.2188,-0.1752,-0.1033,1.1316%,1.1629%,5.3164%,0.00114,IDA,21928.0,2019-02-25,252.0,-0.8348%,0.0007,0.2192,-0.1699,-0.0993,1.1333%,1.1643%,5.2489%,-0.009418,IDA,21928.0,2019-02-26,252.0,-0.4869%,0.0006,0.2084,-0.1501,-0.0973,1.1268%,1.1547%,4.7696%,-0.0060329999999999,IDA,21928.0,2019-02-27,252.0,-0.0510%,0.0007,0.2157,-0.1634,-0.0961,1.1220%,1.1516%,5.0819%,-0.000629,IDA,21928.0,2019-02-28,252.0,0.3569%,0.0007,0.2065,-0.1696,-0.1035,1.1177%,1.1460%,4.8760%,0.00393,IDA,21928.0,2019-03-01,252.0,0.5182%,0.0008,0.197,-0.1837,-0.1195,1.1129%,1.1407%,4.8226%,0.003683,IDA,21928.0,2019-03-04,252.0,0.6773%,0.0008,0.2003,-0.2004,-0.119,1.1123%,1.1410%,4.9633%,0.007439,IDA,21928.0,2019-03-05,252.0,-0.9941%,0.0008,0.2019,-0.1951,-0.1136,1.1146%,1.1431%,4.9153%,-0.010597,IDA,21928.0,2019-03-06,252.0,0.1014%,0.0007,0.1963,-0.189,-0.1191,1.1125%,1.1399%,4.7532%,0.000207,IDA,21928.0,2019-03-07,252.0,0.6586%,0.0008,0.1959,-0.1774,-0.1164,1.1111%,1.1379%,4.6713%,0.00758,IDA,0.009787,0.000369,-0.0056639999999999,-0.0023629999999999,0.005949
5643,INTERNATIONAL FLAVORS & FRAG INC,"Citigroup Maintains Neutral on Intl Flavors & Fragrances, Lowers Price Target to $139",6,decrease,0.8,0.7,"lowering the price target typically signals a less favorable outlook, which can lead to a decrease in stock price.",0,2019-02-21,IFF,2019-02-21 12:52:00+00:00,40272.0,45950610,-0.009463689289987,977090.0,-0.0039615482091903,0.0145187778398394,-0.0073305377736687,-0.0295431707054376,-0.0101343458518385,-0.0048998123966157,0.0107142738997936,-0.0864894464612007,0.0011778683401644,-0.0045242914929986,0.0029019822832196,0.0187862440943718,0.0007038111798465,0.0100162103772163,-0.008205653168261,-0.0035844426602125,-0.0011031992034986,-0.007325773127377,-0.0178275182843208,-0.0030604605562984,0.0071480153128504,0.0099753998219966,0.0074959713965654,0.0051547167822718,-0.001266392529942,-0.0011285347864031,-0.0058646206744015,0.0158342868089675,-0.0038265571929514,0.0045343665406107,-0.0029609694611281,0.0143827199935913,0.0027289828285574,-0.0060232351534068,-0.0109661631286144,0.0042999512515962,-0.0082550719380378,-0.0009464804898016,0.0319895409047603,-0.0052872523665428,-0.0082239173352718,7.250301132444292e-05,-0.007859518751502,0.0188929717987775,0.0130143128335475,0.0084096519276499,0.0119693586602807,0.0058387513272464,0.0227882582694292,0.0008240980678237,-0.0070928484201431,-0.0108929323032498,0.0156844817101955,-0.00567347696051,-0.0021404998842626,-0.0062966803088784,0.0017620143480598,-0.0037201438099145,0.0084124058485031,-0.0043576592579483,0.0027301730588078,0.0114596160128712,-0.0020420835353434,0.0371020175516605,-0.0057597160339355,-0.0246693957597017,-0.0053357491269707,0.0023087626323103,0.0049811778590083,0.0154277291148901,0.0180722512304782,-0.0014348470140248,0.0036701783537864,0.0219510719180107,0.0099999727681279,0.042737066745758,-0.002807666780427,-0.0254271086305379,0.0077059366740286,-0.0008572366205044,-0.0055147060193121,-0.0231424570083618,0.0083549348637461,-0.008229493163526,-0.0006600058404728,0.0029531985055655,0.0010272169020026,-0.0253874715417623,0.0083560412749648,-0.0002213442057836,-0.001163070788607,-0.0087763983756303,0.0027653709985315,-0.0075488751754164,0.0002178245194954,0.0005084046861156,0.0060222502797842,0.005109466612339,0.0090877013280987,-0.0126837315037846,-0.0156529359519481,0.0036889296025037,-0.0197502262890338,-0.0249664541333913,0.0011110658524557,0.0011296222219243,0.0063633047975599,0.0003531787660904,0.0008823644020594,0.0071133873425424,-0.012120833620429,0.0039277514442801,0.011377147398889,0.0012870408827438,-0.0030879948753863,0.0007871804991737,0.0101040666922926,0.0017922430997714,-0.0021174687426537,0.0092612598091363,-0.0039615482091903,0.0145187778398394,-0.0112630457040694,-0.0154533235977548,-0.0212832479553979,-0.0202774176078374,-0.009631857718114,-0.1090622631464394,-0.0328569440659104,-0.0959866629710228,0.0302312591282356,-0.0560679844102156,0.0678121015687687,-0.0544353561980234,2019-02-22,2019-02-25,2019-02-26,2019-02-27,2019-02-28,2019-03-01,2019-03-04,2019-03-05,2019-03-06,2019-03-07,40272.0,2019-02-21,252.0,-0.9464%,-0.0003,0.7353,-0.2235,0.0688,1.3110%,1.5183%,25.4505%,-0.006881,IFF,40272.0,2019-02-22,252.0,-0.3962%,-0.0003,0.7361,-0.2227,0.0794,1.3115%,1.5180%,25.3542%,-0.0066,IFF,40272.0,2019-02-25,252.0,-0.7331%,-0.0004,0.7372,-0.2174,0.0864,1.3113%,1.5176%,25.3406%,-0.008971,IFF,40272.0,2019-02-26,252.0,-1.0134%,-0.0005,0.7329,-0.1997,0.0922,1.3110%,1.5122%,24.8405%,-0.010161,IFF,40272.0,2019-02-27,252.0,1.0714%,-0.0004,0.7383,-0.2059,0.0931,1.3108%,1.5138%,25.0174%,0.010445,IFF,40272.0,2019-02-28,252.0,0.1178%,-0.0003,0.7318,-0.2102,0.0874,1.3094%,1.5089%,24.6979%,0.00364,IFF,40272.0,2019-03-01,252.0,0.2902%,-0.0003,0.7306,-0.212,0.0861,1.3094%,1.5079%,24.6035%,-0.001498,IFF,40272.0,2019-03-04,252.0,0.0704%,-0.0003,0.7258,-0.1994,0.0881,1.3082%,1.5026%,24.1961%,0.003229,IFF,40272.0,2019-03-05,252.0,-0.8206%,-0.0003,0.7284,-0.1842,0.0926,1.3084%,1.5033%,24.2396%,-0.007468,IFF,40272.0,2019-03-06,252.0,-0.1103%,-0.0003,0.7289,-0.1915,0.0921,1.3084%,1.5029%,24.2047%,0.002567,IFF,40272.0,2019-03-07,252.0,-1.7828%,-0.0003,0.7326,-0.196,0.0958,1.3098%,1.5062%,24.3790%,-0.011771,IFF,-0.013481,-0.022452,-0.032613,-0.018528,-0.033469
5651,INFINERA CORP,"Infinera Sees Q1 Adj. EPS $(0.29)-$(0.25) vs $(0.19) Estimate, Sales $298M-$318M vs $327.5M Est.",6,decrease,0.8,0.7,"the company's projected adjusted eps and sales are both below analyst estimates, indicating weaker performance than expected, which is likely to lead to a decrease in stock price.",0,2019-02-21,INFN,2019-02-21 21:46:00+00:00,92095.0,45667G10,-0.0102041205391287,3154695.0,0.0845361500978469,-0.0219561140984296,0.0038022776134312,0.0040081078186631,0.0246211420744657,0.0395832434296608,-0.016635799780488,0.0126583166420459,-0.0394736900925636,-0.0083682918921113,0.0058707892894744,0.0413943454623222,0.0116731412708759,0.0177383422851562,-0.0288460813462734,-0.0066078705713152,-0.0376237705349922,-0.0639175176620483,-0.0514403283596038,-0.0081799514591693,-0.015184418298304,-0.0081135826185345,0.0969163104891777,-0.0445736497640609,-0.0261044409126043,0.1727272123098373,0.0082474146038293,0.0045662056654691,-0.0286298301070928,0.0045871515758335,0.0042105223983526,0.0,0.0041928682476282,-0.0022882728371769,-0.0208768062293529,0.0479615852236747,-0.0341151058673858,0.0048192725516855,-0.0022075560409575,0.0121951689943671,-0.0442477464675903,-0.0284359939396381,0.0069443825632333,0.0,-0.0068964906968176,0.00237523810938,-0.0208333674818277,-0.018648000434041,0.018912510946393,0.0312500298023223,0.0069606057368218,-0.030303057283163,0.0414746142923831,-0.0160550847649574,0.0088495491072535,0.0069284550845623,0.0175438430160284,-0.013667413033545,0.0172413624823093,0.0209301561117172,-0.0063558761030435,0.016548503190279,0.0085287764668464,0.0444444008171558,-0.010570865124464,0.0049627739936113,0.014957302249968,0.010025112889707,-0.0084210447967052,0.0178571250289678,0.0424628034234046,0.0208333767950534,0.0244399923831224,0.0131925996392965,-0.0059642563574016,0.0188171863555908,-0.002000045729801,0.013623964972794,-0.0300600454211235,-0.0492227524518966,-0.0268595274537801,-0.0025839768350124,-0.0148620316758751,-0.0025773784145712,-0.0193964820355176,-0.0348258391022682,-0.0285714529454708,-0.0266344137489795,-0.0294117908924818,-0.0236406400799751,0.018648000434041,-0.0364464372396469,-0.0068649277091026,0.037825021892786,-0.0046082902699708,-0.027586180716753,-0.0023148676846176,-0.0068493629805743,0.0278422012925148,-0.0436680801212787,-0.0045146686024963,0.0385487712919712,-0.0362811461091041,0.0068492540158331,0.0400000177323818,0.0162413399666547,-0.2669683396816254,-0.0137299643829464,0.0,-0.0045558046549558,-0.0246913339942693,-0.0022727793548256,-0.0094936611130833,-0.0200444720685482,0.0223641954362392,-0.0022222730331122,0.0281249731779098,-0.0153173236176371,-0.0486321747303009,0.0457666553556919,0.0845361500978469,-0.0219561140984296,0.0886598576223209,-0.0180360087523518,0.1154639066476077,0.020833310952365,0.053608294701908,0.025104575792245,-0.049484488839965,0.0020450324365108,-0.0268041495909213,0.1395348523401653,-0.354639146105059,0.1212815087045768,2019-02-22,2019-02-25,2019-02-26,2019-02-27,2019-02-28,2019-03-01,2019-03-04,2019-03-05,2019-03-06,2019-03-07,92095.0,2019-02-21,252.0,-1.0204%,-0.0023,0.802,1.7632,0.2662,3.7644%,3.9566%,9.4810%,-0.005599,INFN,92095.0,2019-02-22,252.0,8.4536%,-0.002,0.7903,1.7989,0.1588,3.7928%,3.9939%,9.8165%,0.073438,INFN,92095.0,2019-02-25,252.0,0.3802%,-0.002,0.7903,1.7942,0.156,3.7933%,3.9941%,9.8006%,0.00748,INFN,92095.0,2019-02-26,252.0,2.4621%,-0.0019,0.7816,1.7473,0.1257,3.8015%,3.9973%,9.5586%,0.037783,INFN,92095.0,2019-02-27,252.0,-1.6636%,-0.002,0.7713,1.76,0.1239,3.8007%,3.9961%,9.5403%,-0.020608,INFN,92095.0,2019-02-28,252.0,-3.9474%,-0.0021,0.7733,1.7602,0.1336,3.8067%,4.0006%,9.4595%,-0.037225,INFN,92095.0,2019-03-01,252.0,0.5871%,-0.0022,0.7872,1.7809,0.1561,3.8038%,4.0006%,9.6007%,-0.004357,INFN,92095.0,2019-03-04,252.0,1.1673%,-0.0021,0.7841,1.7691,0.1619,3.8069%,4.0012%,9.4803%,0.022191,INFN,92095.0,2019-03-05,252.0,-2.8846%,-0.0023,0.7836,1.7521,0.1688,3.8074%,3.9961%,9.2246%,-0.02173,INFN,92095.0,2019-03-06,252.0,-3.7624%,-0.0023,0.7831,1.7691,0.1705,3.8074%,4.0021%,9.4942%,-0.009122,INFN,92095.0,2019-03-07,252.0,-5.1440%,-0.0025,0.7969,1.756,0.1852,3.8139%,4.0078%,9.4421%,-0.043308,INFN,0.067839,0.075319,0.113102,0.055269,-0.0010569999999999
5659,INFINERA CORP,"Infinera Q4 EPS $(0.25) Beats $(0.27) Estimate, Sales $336.6M Beat $324.85M Estimate",6,increase,0.75,0.6,"infinera's q4 earnings per share exceeded estimates and sales also surpassed expectations, which typically signals positive performance and can lead to an increase in stock price.",2,2019-02-21,INFN,2019-02-21 21:45:00+00:00,92095.0,45667G10,-0.0102041205391287,3154695.0,0.0845361500978469,-0.0219561140984296,0.0038022776134312,0.0040081078186631,0.0246211420744657,0.0395832434296608,-0.016635799780488,0.0126583166420459,-0.0394736900925636,-0.0083682918921113,0.0058707892894744,0.0413943454623222,0.0116731412708759,0.0177383422851562,-0.0288460813462734,-0.0066078705713152,-0.0376237705349922,-0.0639175176620483,-0.0514403283596038,-0.0081799514591693,-0.015184418298304,-0.0081135826185345,0.0969163104891777,-0.0445736497640609,-0.0261044409126043,0.1727272123098373,0.0082474146038293,0.0045662056654691,-0.0286298301070928,0.0045871515758335,0.0042105223983526,0.0,0.0041928682476282,-0.0022882728371769,-0.0208768062293529,0.0479615852236747,-0.0341151058673858,0.0048192725516855,-0.0022075560409575,0.0121951689943671,-0.0442477464675903,-0.0284359939396381,0.0069443825632333,0.0,-0.0068964906968176,0.00237523810938,-0.0208333674818277,-0.018648000434041,0.018912510946393,0.0312500298023223,0.0069606057368218,-0.030303057283163,0.0414746142923831,-0.0160550847649574,0.0088495491072535,0.0069284550845623,0.0175438430160284,-0.013667413033545,0.0172413624823093,0.0209301561117172,-0.0063558761030435,0.016548503190279,0.0085287764668464,0.0444444008171558,-0.010570865124464,0.0049627739936113,0.014957302249968,0.010025112889707,-0.0084210447967052,0.0178571250289678,0.0424628034234046,0.0208333767950534,0.0244399923831224,0.0131925996392965,-0.0059642563574016,0.0188171863555908,-0.002000045729801,0.013623964972794,-0.0300600454211235,-0.0492227524518966,-0.0268595274537801,-0.0025839768350124,-0.0148620316758751,-0.0025773784145712,-0.0193964820355176,-0.0348258391022682,-0.0285714529454708,-0.0266344137489795,-0.0294117908924818,-0.0236406400799751,0.018648000434041,-0.0364464372396469,-0.0068649277091026,0.037825021892786,-0.0046082902699708,-0.027586180716753,-0.0023148676846176,-0.0068493629805743,0.0278422012925148,-0.0436680801212787,-0.0045146686024963,0.0385487712919712,-0.0362811461091041,0.0068492540158331,0.0400000177323818,0.0162413399666547,-0.2669683396816254,-0.0137299643829464,0.0,-0.0045558046549558,-0.0246913339942693,-0.0022727793548256,-0.0094936611130833,-0.0200444720685482,0.0223641954362392,-0.0022222730331122,0.0281249731779098,-0.0153173236176371,-0.0486321747303009,0.0457666553556919,0.0845361500978469,-0.0219561140984296,0.0886598576223209,-0.0180360087523518,0.1154639066476077,0.020833310952365,0.053608294701908,0.025104575792245,-0.049484488839965,0.0020450324365108,-0.0268041495909213,0.1395348523401653,-0.354639146105059,0.1212815087045768,2019-02-22,2019-02-25,2019-02-26,2019-02-27,2019-02-28,2019-03-01,2019-03-04,2019-03-05,2019-03-06,2019-03-07,92095.0,2019-02-21,252.0,-1.0204%,-0.0023,0.802,1.7632,0.2662,3.7644%,3.9566%,9.4810%,-0.005599,INFN,92095.0,2019-02-22,252.0,8.4536%,-0.002,0.7903,1.7989,0.1588,3.7928%,3.9939%,9.8165%,0.073438,INFN,92095.0,2019-02-25,252.0,0.3802%,-0.002,0.7903,1.7942,0.156,3.7933%,3.9941%,9.8006%,0.00748,INFN,92095.0,2019-02-26,252.0,2.4621%,-0.0019,0.7816,1.7473,0.1257,3.8015%,3.9973%,9.5586%,0.037783,INFN,92095.0,2019-02-27,252.0,-1.6636%,-0.002,0.7713,1.76,0.1239,3.8007%,3.9961%,9.5403%,-0.020608,INFN,92095.0,2019-02-28,252.0,-3.9474%,-0.0021,0.7733,1.7602,0.1336,3.8067%,4.0006%,9.4595%,-0.037225,INFN,92095.0,2019-03-01,252.0,0.5871%,-0.0022,0.7872,1.7809,0.1561,3.8038%,4.0006%,9.6007%,-0.004357,INFN,92095.0,2019-03-04,252.0,1.1673%,-0.0021,0.7841,1.7691,0.1619,3.8069%,4.0012%,9.4803%,0.022191,INFN,92095.0,2019-03-05,252.0,-2.8846%,-0.0023,0.7836,1.7521,0.1688,3.8074%,3.9961%,9.2246%,-0.02173,INFN,92095.0,2019-03-06,252.0,-3.7624%,-0.0023,0.7831,1.7691,0.1705,3.8074%,4.0021%,9.4942%,-0.009122,INFN,92095.0,2019-03-07,252.0,-5.1440%,-0.0025,0.7969,1.756,0.1852,3.8139%,4.0078%,9.4421%,-0.043308,INFN,0.067839,0.075319,0.113102,0.055269,-0.0010569999999999
5667,INTUIT INC,"Intuit Reaffirms FY19 Guidance; Sees Adj. EPS $6.40-$6.50 vs $6.51 Est., Sales $6.53B-$6.63B vs $6.63B Est.",6,uncertain,0.6,0.2,"while intuit's reaffirmation of guidance suggests stability, the slight miss on adjusted eps estimates may lead to mixed investor reactions.",1,2019-02-21,INTU,2019-02-21 21:01:00+00:00,78975.0,46120210,-0.003983567468822,2288452.0,0.0676935017108917,0.0057111037895083,-0.0128317577764391,0.0056145959533751,0.0048038205131888,0.0110061904415488,0.0037764750886708,0.0095804827287793,-0.0108865369111299,-0.001616048044525,0.0132723618298769,0.0154788019135594,-0.0056307800114154,0.0028465925715863,-0.0076706972904503,0.017468437552452,-0.0007284498424269,-0.0160744525492191,-0.0059941313229501,0.0004008924006484,0.0018335664644837,0.0162057019770145,0.0189522877335548,0.0301236044615507,-0.0009578919271007,-0.0063479305244982,0.0133839026093483,0.0080336341634392,0.0123003954067826,0.0276964642107486,0.0052966307848691,-0.0128879472613334,-0.0015883611049503,-0.0151656549423933,-0.0064411130733788,0.0100867236033082,-0.0002733424480538,-0.00037694038474,0.0180866029113531,-0.0004708997148554,-0.0304658226668834,-0.0071538728661835,0.0045512472279369,0.0101072089746594,0.0085096471011638,0.0082860616967082,-0.0023829080164432,0.0008579568821005,0.0150364013388752,0.0227151047438383,0.0084484312683343,-0.0048508369363844,0.0166022572666406,0.0004367482324596,0.0094450041651725,0.0167768374085426,0.0030566493514925,-0.0030918279662728,-0.0239704996347427,0.0239709988236427,-0.0035410753916949,0.0152551298961043,-0.0035919083748012,0.0396774634718895,-0.0053306329064071,-0.030595963820815,0.0007338835275731,-0.0120904482901096,0.0019298313418403,0.0051059480756521,0.0018105520866811,-0.0070472490042448,0.0031531467102468,0.0230290573090314,-0.0110779460519552,0.0549931749701499,-0.0066669299267232,-0.0164684224873781,0.0058532017283141,-0.0325419157743454,0.0148194413632154,-0.0179475881159305,0.0156351402401924,-0.0129207968711853,-0.0061727799475193,0.003240667283535,-0.0007575072231702,-0.0171203278005123,-0.038887184113264,-0.0360295996069908,-0.023069666698575,-0.0035375766456127,0.0134420618414878,0.0148949204012751,-0.0287182014435529,-0.0032883249223232,0.0086118141189217,0.0213868729770183,0.0118316877633333,-0.0429685488343238,-0.0015269825235009,0.0187816489487886,-0.0163795556873083,-0.0274916179478168,-0.0011865657288581,-0.0047079408541321,-0.0115516632795333,0.0255270153284072,0.0138002559542655,0.001292381202802,-0.031476154923439,0.0511698015034198,0.0171359181404113,-0.0132558746263384,0.0089215068146586,0.0221770871430635,0.018137713894248,-0.0068043894134461,-0.0084831593558192,0.0164975989609956,0.0676935017108917,0.0057111037895083,0.0539931173174594,0.0113577652831093,0.0590563110751889,0.0224889614523544,0.0514828145280383,0.0306166772950293,0.0442496439140556,0.0511381161060642,0.1174318422655891,0.1885886023395846,0.0462306159811438,0.2117904449704362,2019-02-22,2019-02-25,2019-02-26,2019-02-27,2019-02-28,2019-03-01,2019-03-04,2019-03-05,2019-03-06,2019-03-07,78975.0,2019-02-21,252.0,-0.3984%,0.0008,1.0478,-0.1043,-1.0273,0.9217%,1.7353%,71.7854%,-0.002696,INTU,78975.0,2019-02-22,252.0,6.7694%,0.0009,1.0415,-0.1015,-1.1002,0.9637%,1.7847%,70.8421%,0.046255,INTU,78975.0,2019-02-25,252.0,-1.2832%,0.0009,1.0401,-0.0942,-1.1016,0.9669%,1.7862%,70.7006%,-0.016738,INTU,78975.0,2019-02-26,252.0,0.4804%,0.001,1.0525,-0.1079,-1.0993,0.9578%,1.7862%,71.2480%,0.00213,INTU,78975.0,2019-02-27,252.0,0.3776%,0.001,1.0565,-0.1148,-1.0986,0.9561%,1.7861%,71.3459%,0.001615,INTU,78975.0,2019-02-28,252.0,-1.0887%,0.001,1.0582,-0.114,-1.0947,0.9588%,1.7853%,71.1599%,-0.010435,INTU,78975.0,2019-03-01,252.0,1.3272%,0.001,1.05,-0.1262,-1.1077,0.9548%,1.7813%,71.2666%,0.0015149999999999,INTU,78975.0,2019-03-04,252.0,-0.5631%,0.001,1.0484,-0.1233,-1.1067,0.9548%,1.7787%,71.1844%,0.003554,INTU,78975.0,2019-03-05,252.0,-0.7671%,0.0009,1.0467,-0.1434,-1.1043,0.9521%,1.7723%,71.1403%,-0.0090169999999999,INTU,78975.0,2019-03-06,252.0,-0.0728%,0.001,1.0455,-0.1561,-1.1073,0.9527%,1.7720%,71.0948%,0.006608,INTU,78975.0,2019-03-07,252.0,-0.5994%,0.001,1.0482,-0.1474,-1.1013,0.9518%,1.7722%,71.1540%,-0.001274,INTU,0.043559,0.026821,0.028951,0.020131,0.021517
5675,INTUIT INC,"Intuit Sees Q3 Adj. EPS $5.35-$5.40 vs $5.38 Est., Sales Growth 10%-12%",6,increase,0.75,0.6,"the guidance for adjusted eps is in line with estimates and indicates solid sales growth, which is likely to positively influence investor sentiment and drive the stock price up.",2,2019-02-21,INTU,2019-02-21 21:01:00+00:00,78975.0,46120210,-0.003983567468822,2288452.0,0.0676935017108917,0.0057111037895083,-0.0128317577764391,0.0056145959533751,0.0048038205131888,0.0110061904415488,0.0037764750886708,0.0095804827287793,-0.0108865369111299,-0.001616048044525,0.0132723618298769,0.0154788019135594,-0.0056307800114154,0.0028465925715863,-0.0076706972904503,0.017468437552452,-0.0007284498424269,-0.0160744525492191,-0.0059941313229501,0.0004008924006484,0.0018335664644837,0.0162057019770145,0.0189522877335548,0.0301236044615507,-0.0009578919271007,-0.0063479305244982,0.0133839026093483,0.0080336341634392,0.0123003954067826,0.0276964642107486,0.0052966307848691,-0.0128879472613334,-0.0015883611049503,-0.0151656549423933,-0.0064411130733788,0.0100867236033082,-0.0002733424480538,-0.00037694038474,0.0180866029113531,-0.0004708997148554,-0.0304658226668834,-0.0071538728661835,0.0045512472279369,0.0101072089746594,0.0085096471011638,0.0082860616967082,-0.0023829080164432,0.0008579568821005,0.0150364013388752,0.0227151047438383,0.0084484312683343,-0.0048508369363844,0.0166022572666406,0.0004367482324596,0.0094450041651725,0.0167768374085426,0.0030566493514925,-0.0030918279662728,-0.0239704996347427,0.0239709988236427,-0.0035410753916949,0.0152551298961043,-0.0035919083748012,0.0396774634718895,-0.0053306329064071,-0.030595963820815,0.0007338835275731,-0.0120904482901096,0.0019298313418403,0.0051059480756521,0.0018105520866811,-0.0070472490042448,0.0031531467102468,0.0230290573090314,-0.0110779460519552,0.0549931749701499,-0.0066669299267232,-0.0164684224873781,0.0058532017283141,-0.0325419157743454,0.0148194413632154,-0.0179475881159305,0.0156351402401924,-0.0129207968711853,-0.0061727799475193,0.003240667283535,-0.0007575072231702,-0.0171203278005123,-0.038887184113264,-0.0360295996069908,-0.023069666698575,-0.0035375766456127,0.0134420618414878,0.0148949204012751,-0.0287182014435529,-0.0032883249223232,0.0086118141189217,0.0213868729770183,0.0118316877633333,-0.0429685488343238,-0.0015269825235009,0.0187816489487886,-0.0163795556873083,-0.0274916179478168,-0.0011865657288581,-0.0047079408541321,-0.0115516632795333,0.0255270153284072,0.0138002559542655,0.001292381202802,-0.031476154923439,0.0511698015034198,0.0171359181404113,-0.0132558746263384,0.0089215068146586,0.0221770871430635,0.018137713894248,-0.0068043894134461,-0.0084831593558192,0.0164975989609956,0.0676935017108917,0.0057111037895083,0.0539931173174594,0.0113577652831093,0.0590563110751889,0.0224889614523544,0.0514828145280383,0.0306166772950293,0.0442496439140556,0.0511381161060642,0.1174318422655891,0.1885886023395846,0.0462306159811438,0.2117904449704362,2019-02-22,2019-02-25,2019-02-26,2019-02-27,2019-02-28,2019-03-01,2019-03-04,2019-03-05,2019-03-06,2019-03-07,78975.0,2019-02-21,252.0,-0.3984%,0.0008,1.0478,-0.1043,-1.0273,0.9217%,1.7353%,71.7854%,-0.002696,INTU,78975.0,2019-02-22,252.0,6.7694%,0.0009,1.0415,-0.1015,-1.1002,0.9637%,1.7847%,70.8421%,0.046255,INTU,78975.0,2019-02-25,252.0,-1.2832%,0.0009,1.0401,-0.0942,-1.1016,0.9669%,1.7862%,70.7006%,-0.016738,INTU,78975.0,2019-02-26,252.0,0.4804%,0.001,1.0525,-0.1079,-1.0993,0.9578%,1.7862%,71.2480%,0.00213,INTU,78975.0,2019-02-27,252.0,0.3776%,0.001,1.0565,-0.1148,-1.0986,0.9561%,1.7861%,71.3459%,0.001615,INTU,78975.0,2019-02-28,252.0,-1.0887%,0.001,1.0582,-0.114,-1.0947,0.9588%,1.7853%,71.1599%,-0.010435,INTU,78975.0,2019-03-01,252.0,1.3272%,0.001,1.05,-0.1262,-1.1077,0.9548%,1.7813%,71.2666%,0.0015149999999999,INTU,78975.0,2019-03-04,252.0,-0.5631%,0.001,1.0484,-0.1233,-1.1067,0.9548%,1.7787%,71.1844%,0.003554,INTU,78975.0,2019-03-05,252.0,-0.7671%,0.0009,1.0467,-0.1434,-1.1043,0.9521%,1.7723%,71.1403%,-0.0090169999999999,INTU,78975.0,2019-03-06,252.0,-0.0728%,0.001,1.0455,-0.1561,-1.1073,0.9527%,1.7720%,71.0948%,0.006608,INTU,78975.0,2019-03-07,252.0,-0.5994%,0.001,1.0482,-0.1474,-1.1013,0.9518%,1.7722%,71.1540%,-0.001274,INTU,0.043559,0.026821,0.028951,0.020131,0.021517
5683,INTUIT INC,"Intuit Q2 EPS $1 Beats $0.87 Estimate, Sales $1.502B Beat $1.48B Estimate",6,increase,0.85,0.7,"the earnings per share and sales figures both exceeded analyst estimates, which typically signals strong performance and can lead to an increase in stock price.",2,2019-02-21,INTU,2019-02-21 21:00:00+00:00,78975.0,46120210,-0.003983567468822,2288452.0,0.0676935017108917,0.0057111037895083,-0.0128317577764391,0.0056145959533751,0.0048038205131888,0.0110061904415488,0.0037764750886708,0.0095804827287793,-0.0108865369111299,-0.001616048044525,0.0132723618298769,0.0154788019135594,-0.0056307800114154,0.0028465925715863,-0.0076706972904503,0.017468437552452,-0.0007284498424269,-0.0160744525492191,-0.0059941313229501,0.0004008924006484,0.0018335664644837,0.0162057019770145,0.0189522877335548,0.0301236044615507,-0.0009578919271007,-0.0063479305244982,0.0133839026093483,0.0080336341634392,0.0123003954067826,0.0276964642107486,0.0052966307848691,-0.0128879472613334,-0.0015883611049503,-0.0151656549423933,-0.0064411130733788,0.0100867236033082,-0.0002733424480538,-0.00037694038474,0.0180866029113531,-0.0004708997148554,-0.0304658226668834,-0.0071538728661835,0.0045512472279369,0.0101072089746594,0.0085096471011638,0.0082860616967082,-0.0023829080164432,0.0008579568821005,0.0150364013388752,0.0227151047438383,0.0084484312683343,-0.0048508369363844,0.0166022572666406,0.0004367482324596,0.0094450041651725,0.0167768374085426,0.0030566493514925,-0.0030918279662728,-0.0239704996347427,0.0239709988236427,-0.0035410753916949,0.0152551298961043,-0.0035919083748012,0.0396774634718895,-0.0053306329064071,-0.030595963820815,0.0007338835275731,-0.0120904482901096,0.0019298313418403,0.0051059480756521,0.0018105520866811,-0.0070472490042448,0.0031531467102468,0.0230290573090314,-0.0110779460519552,0.0549931749701499,-0.0066669299267232,-0.0164684224873781,0.0058532017283141,-0.0325419157743454,0.0148194413632154,-0.0179475881159305,0.0156351402401924,-0.0129207968711853,-0.0061727799475193,0.003240667283535,-0.0007575072231702,-0.0171203278005123,-0.038887184113264,-0.0360295996069908,-0.023069666698575,-0.0035375766456127,0.0134420618414878,0.0148949204012751,-0.0287182014435529,-0.0032883249223232,0.0086118141189217,0.0213868729770183,0.0118316877633333,-0.0429685488343238,-0.0015269825235009,0.0187816489487886,-0.0163795556873083,-0.0274916179478168,-0.0011865657288581,-0.0047079408541321,-0.0115516632795333,0.0255270153284072,0.0138002559542655,0.001292381202802,-0.031476154923439,0.0511698015034198,0.0171359181404113,-0.0132558746263384,0.0089215068146586,0.0221770871430635,0.018137713894248,-0.0068043894134461,-0.0084831593558192,0.0164975989609956,0.0676935017108917,0.0057111037895083,0.0539931173174594,0.0113577652831093,0.0590563110751889,0.0224889614523544,0.0514828145280383,0.0306166772950293,0.0442496439140556,0.0511381161060642,0.1174318422655891,0.1885886023395846,0.0462306159811438,0.2117904449704362,2019-02-22,2019-02-25,2019-02-26,2019-02-27,2019-02-28,2019-03-01,2019-03-04,2019-03-05,2019-03-06,2019-03-07,78975.0,2019-02-21,252.0,-0.3984%,0.0008,1.0478,-0.1043,-1.0273,0.9217%,1.7353%,71.7854%,-0.002696,INTU,78975.0,2019-02-22,252.0,6.7694%,0.0009,1.0415,-0.1015,-1.1002,0.9637%,1.7847%,70.8421%,0.046255,INTU,78975.0,2019-02-25,252.0,-1.2832%,0.0009,1.0401,-0.0942,-1.1016,0.9669%,1.7862%,70.7006%,-0.016738,INTU,78975.0,2019-02-26,252.0,0.4804%,0.001,1.0525,-0.1079,-1.0993,0.9578%,1.7862%,71.2480%,0.00213,INTU,78975.0,2019-02-27,252.0,0.3776%,0.001,1.0565,-0.1148,-1.0986,0.9561%,1.7861%,71.3459%,0.001615,INTU,78975.0,2019-02-28,252.0,-1.0887%,0.001,1.0582,-0.114,-1.0947,0.9588%,1.7853%,71.1599%,-0.010435,INTU,78975.0,2019-03-01,252.0,1.3272%,0.001,1.05,-0.1262,-1.1077,0.9548%,1.7813%,71.2666%,0.0015149999999999,INTU,78975.0,2019-03-04,252.0,-0.5631%,0.001,1.0484,-0.1233,-1.1067,0.9548%,1.7787%,71.1844%,0.003554,INTU,78975.0,2019-03-05,252.0,-0.7671%,0.0009,1.0467,-0.1434,-1.1043,0.9521%,1.7723%,71.1403%,-0.0090169999999999,INTU,78975.0,2019-03-06,252.0,-0.0728%,0.001,1.0455,-0.1561,-1.1073,0.9527%,1.7720%,71.0948%,0.006608,INTU,78975.0,2019-03-07,252.0,-0.5994%,0.001,1.0482,-0.1474,-1.1013,0.9518%,1.7722%,71.1540%,-0.001274,INTU,0.043559,0.026821,0.028951,0.020131,0.021517
5691,INTUIT INC,Intuit To Report Q2 Earnings After The Closing Bell; Co. Historically Issues Its Report At 4:01 p.m. ET,6,uncertain,0.6,0.5,"the announcement of earnings reporting time does not provide enough information about the expected performance of intuit inc., making the stock price movement uncertain.",1,2019-02-21,INTU,2019-02-21 20:00:00+00:00,78975.0,46120210,-0.003983567468822,2288452.0,0.0676935017108917,0.0057111037895083,-0.0128317577764391,0.0056145959533751,0.0048038205131888,0.0110061904415488,0.0037764750886708,0.0095804827287793,-0.0108865369111299,-0.001616048044525,0.0132723618298769,0.0154788019135594,-0.0056307800114154,0.0028465925715863,-0.0076706972904503,0.017468437552452,-0.0007284498424269,-0.0160744525492191,-0.0059941313229501,0.0004008924006484,0.0018335664644837,0.0162057019770145,0.0189522877335548,0.0301236044615507,-0.0009578919271007,-0.0063479305244982,0.0133839026093483,0.0080336341634392,0.0123003954067826,0.0276964642107486,0.0052966307848691,-0.0128879472613334,-0.0015883611049503,-0.0151656549423933,-0.0064411130733788,0.0100867236033082,-0.0002733424480538,-0.00037694038474,0.0180866029113531,-0.0004708997148554,-0.0304658226668834,-0.0071538728661835,0.0045512472279369,0.0101072089746594,0.0085096471011638,0.0082860616967082,-0.0023829080164432,0.0008579568821005,0.0150364013388752,0.0227151047438383,0.0084484312683343,-0.0048508369363844,0.0166022572666406,0.0004367482324596,0.0094450041651725,0.0167768374085426,0.0030566493514925,-0.0030918279662728,-0.0239704996347427,0.0239709988236427,-0.0035410753916949,0.0152551298961043,-0.0035919083748012,0.0396774634718895,-0.0053306329064071,-0.030595963820815,0.0007338835275731,-0.0120904482901096,0.0019298313418403,0.0051059480756521,0.0018105520866811,-0.0070472490042448,0.0031531467102468,0.0230290573090314,-0.0110779460519552,0.0549931749701499,-0.0066669299267232,-0.0164684224873781,0.0058532017283141,-0.0325419157743454,0.0148194413632154,-0.0179475881159305,0.0156351402401924,-0.0129207968711853,-0.0061727799475193,0.003240667283535,-0.0007575072231702,-0.0171203278005123,-0.038887184113264,-0.0360295996069908,-0.023069666698575,-0.0035375766456127,0.0134420618414878,0.0148949204012751,-0.0287182014435529,-0.0032883249223232,0.0086118141189217,0.0213868729770183,0.0118316877633333,-0.0429685488343238,-0.0015269825235009,0.0187816489487886,-0.0163795556873083,-0.0274916179478168,-0.0011865657288581,-0.0047079408541321,-0.0115516632795333,0.0255270153284072,0.0138002559542655,0.001292381202802,-0.031476154923439,0.0511698015034198,0.0171359181404113,-0.0132558746263384,0.0089215068146586,0.0221770871430635,0.018137713894248,-0.0068043894134461,-0.0084831593558192,0.0164975989609956,0.0676935017108917,0.0057111037895083,0.0539931173174594,0.0113577652831093,0.0590563110751889,0.0224889614523544,0.0514828145280383,0.0306166772950293,0.0442496439140556,0.0511381161060642,0.1174318422655891,0.1885886023395846,0.0462306159811438,0.2117904449704362,2019-02-22,2019-02-25,2019-02-26,2019-02-27,2019-02-28,2019-03-01,2019-03-04,2019-03-05,2019-03-06,2019-03-07,78975.0,2019-02-21,252.0,-0.3984%,0.0008,1.0478,-0.1043,-1.0273,0.9217%,1.7353%,71.7854%,-0.002696,INTU,78975.0,2019-02-22,252.0,6.7694%,0.0009,1.0415,-0.1015,-1.1002,0.9637%,1.7847%,70.8421%,0.046255,INTU,78975.0,2019-02-25,252.0,-1.2832%,0.0009,1.0401,-0.0942,-1.1016,0.9669%,1.7862%,70.7006%,-0.016738,INTU,78975.0,2019-02-26,252.0,0.4804%,0.001,1.0525,-0.1079,-1.0993,0.9578%,1.7862%,71.2480%,0.00213,INTU,78975.0,2019-02-27,252.0,0.3776%,0.001,1.0565,-0.1148,-1.0986,0.9561%,1.7861%,71.3459%,0.001615,INTU,78975.0,2019-02-28,252.0,-1.0887%,0.001,1.0582,-0.114,-1.0947,0.9588%,1.7853%,71.1599%,-0.010435,INTU,78975.0,2019-03-01,252.0,1.3272%,0.001,1.05,-0.1262,-1.1077,0.9548%,1.7813%,71.2666%,0.0015149999999999,INTU,78975.0,2019-03-04,252.0,-0.5631%,0.001,1.0484,-0.1233,-1.1067,0.9548%,1.7787%,71.1844%,0.003554,INTU,78975.0,2019-03-05,252.0,-0.7671%,0.0009,1.0467,-0.1434,-1.1043,0.9521%,1.7723%,71.1403%,-0.0090169999999999,INTU,78975.0,2019-03-06,252.0,-0.0728%,0.001,1.0455,-0.1561,-1.1073,0.9527%,1.7720%,71.0948%,0.006608,INTU,78975.0,2019-03-07,252.0,-0.5994%,0.001,1.0482,-0.1474,-1.1013,0.9518%,1.7722%,71.1540%,-0.001274,INTU,0.043559,0.026821,0.028951,0.020131,0.021517
5699,INTUIT INC,Intuit Q2 Earnings Preview,6,uncertain,0.5,0.5,"the earnings preview does not provide specific information about expected performance, making it difficult to predict the stock price movement.",1,2019-02-21,INTU,2019-02-21 12:49:00+00:00,78975.0,46120210,-0.003983567468822,2288452.0,0.0676935017108917,0.0057111037895083,-0.0128317577764391,0.0056145959533751,0.0048038205131888,0.0110061904415488,0.0037764750886708,0.0095804827287793,-0.0108865369111299,-0.001616048044525,0.0132723618298769,0.0154788019135594,-0.0056307800114154,0.0028465925715863,-0.0076706972904503,0.017468437552452,-0.0007284498424269,-0.0160744525492191,-0.0059941313229501,0.0004008924006484,0.0018335664644837,0.0162057019770145,0.0189522877335548,0.0301236044615507,-0.0009578919271007,-0.0063479305244982,0.0133839026093483,0.0080336341634392,0.0123003954067826,0.0276964642107486,0.0052966307848691,-0.0128879472613334,-0.0015883611049503,-0.0151656549423933,-0.0064411130733788,0.0100867236033082,-0.0002733424480538,-0.00037694038474,0.0180866029113531,-0.0004708997148554,-0.0304658226668834,-0.0071538728661835,0.0045512472279369,0.0101072089746594,0.0085096471011638,0.0082860616967082,-0.0023829080164432,0.0008579568821005,0.0150364013388752,0.0227151047438383,0.0084484312683343,-0.0048508369363844,0.0166022572666406,0.0004367482324596,0.0094450041651725,0.0167768374085426,0.0030566493514925,-0.0030918279662728,-0.0239704996347427,0.0239709988236427,-0.0035410753916949,0.0152551298961043,-0.0035919083748012,0.0396774634718895,-0.0053306329064071,-0.030595963820815,0.0007338835275731,-0.0120904482901096,0.0019298313418403,0.0051059480756521,0.0018105520866811,-0.0070472490042448,0.0031531467102468,0.0230290573090314,-0.0110779460519552,0.0549931749701499,-0.0066669299267232,-0.0164684224873781,0.0058532017283141,-0.0325419157743454,0.0148194413632154,-0.0179475881159305,0.0156351402401924,-0.0129207968711853,-0.0061727799475193,0.003240667283535,-0.0007575072231702,-0.0171203278005123,-0.038887184113264,-0.0360295996069908,-0.023069666698575,-0.0035375766456127,0.0134420618414878,0.0148949204012751,-0.0287182014435529,-0.0032883249223232,0.0086118141189217,0.0213868729770183,0.0118316877633333,-0.0429685488343238,-0.0015269825235009,0.0187816489487886,-0.0163795556873083,-0.0274916179478168,-0.0011865657288581,-0.0047079408541321,-0.0115516632795333,0.0255270153284072,0.0138002559542655,0.001292381202802,-0.031476154923439,0.0511698015034198,0.0171359181404113,-0.0132558746263384,0.0089215068146586,0.0221770871430635,0.018137713894248,-0.0068043894134461,-0.0084831593558192,0.0164975989609956,0.0676935017108917,0.0057111037895083,0.0539931173174594,0.0113577652831093,0.0590563110751889,0.0224889614523544,0.0514828145280383,0.0306166772950293,0.0442496439140556,0.0511381161060642,0.1174318422655891,0.1885886023395846,0.0462306159811438,0.2117904449704362,2019-02-22,2019-02-25,2019-02-26,2019-02-27,2019-02-28,2019-03-01,2019-03-04,2019-03-05,2019-03-06,2019-03-07,78975.0,2019-02-21,252.0,-0.3984%,0.0008,1.0478,-0.1043,-1.0273,0.9217%,1.7353%,71.7854%,-0.002696,INTU,78975.0,2019-02-22,252.0,6.7694%,0.0009,1.0415,-0.1015,-1.1002,0.9637%,1.7847%,70.8421%,0.046255,INTU,78975.0,2019-02-25,252.0,-1.2832%,0.0009,1.0401,-0.0942,-1.1016,0.9669%,1.7862%,70.7006%,-0.016738,INTU,78975.0,2019-02-26,252.0,0.4804%,0.001,1.0525,-0.1079,-1.0993,0.9578%,1.7862%,71.2480%,0.00213,INTU,78975.0,2019-02-27,252.0,0.3776%,0.001,1.0565,-0.1148,-1.0986,0.9561%,1.7861%,71.3459%,0.001615,INTU,78975.0,2019-02-28,252.0,-1.0887%,0.001,1.0582,-0.114,-1.0947,0.9588%,1.7853%,71.1599%,-0.010435,INTU,78975.0,2019-03-01,252.0,1.3272%,0.001,1.05,-0.1262,-1.1077,0.9548%,1.7813%,71.2666%,0.0015149999999999,INTU,78975.0,2019-03-04,252.0,-0.5631%,0.001,1.0484,-0.1233,-1.1067,0.9548%,1.7787%,71.1844%,0.003554,INTU,78975.0,2019-03-05,252.0,-0.7671%,0.0009,1.0467,-0.1434,-1.1043,0.9521%,1.7723%,71.1403%,-0.0090169999999999,INTU,78975.0,2019-03-06,252.0,-0.0728%,0.001,1.0455,-0.1561,-1.1073,0.9527%,1.7720%,71.0948%,0.006608,INTU,78975.0,2019-03-07,252.0,-0.5994%,0.001,1.0482,-0.1474,-1.1013,0.9518%,1.7722%,71.1540%,-0.001274,INTU,0.043559,0.026821,0.028951,0.020131,0.021517
5707,J D COM INC,JD.com Option Alert: Mar 15 $28 Calls at the Ask: 2000 @ $0.24 vs 31974 OI; Earnings 2/28 Before Open Ref=$24.57,6,uncertain,0.6,0.3,"the option alert indicates interest in bullish calls, but the upcoming earnings report adds uncertainty to the stock's direction.",1,2019-02-21,JD,2019-02-21 14:37:00+00:00,14655.0,47215P10,-0.0166126359254121,13531441.0,0.0692212730646133,0.0016234138747677,0.0092485453933477,0.0283806473016738,0.0152729898691177,-0.0152075970545411,-0.0233170688152313,-0.0113775162026286,0.0670003816485405,-0.0028362923767417,0.0368098318576812,0.0164744481444358,0.0055690864101052,0.0120884086936712,0.01592249982059,0.000417023722548,-0.0109028853476047,-0.045002032071352,-0.0409920960664749,-0.0121951010078191,-0.0283764693886041,0.0465211644768714,0.0210721492767334,-0.0138042327016592,0.0177407581359148,-0.0088531672954559,0.0007114390027709,0.008522767573595,-0.0085318088531494,0.0476190000772476,0.0014342386275529,-0.0084316553547978,0.0075187641195952,0.0038087242282927,0.0060412255115807,0.0692307129502296,-0.0081243216991424,0.0059172087348997,0.0242165345698595,0.0133763374760747,-0.0264255981892347,-0.0679277703166008,0.0139285493642091,0.050587210804224,0.0147939445450902,-0.0085087567567825,0.0121485730633139,0.003595502115786,0.0085733886808156,0.0095280883833765,0.0251615028828382,-0.0367132127285003,0.0368159413337707,-0.0222222413867712,-0.0310300476849079,-0.0122414901852607,0.0006602360517717,0.0322439968585968,-0.0019795270636677,0.0083480020985007,0.032727263867855,0.0220026839524507,-0.014404572546482,0.0943489000201225,0.003572546178475,-0.0432534106075763,-0.0236245803534984,0.0162446312606334,0.0009943880140781,-0.035928089171648,0.0122516201809048,0.0004607521404977,-0.0297677423804998,0.0284360367804765,0.0084288604557514,0.0683544501662254,-0.0020060001406818,-0.0630929768085479,0.0053601288236677,0.0587644428014755,-0.0119960214942693,-0.0128904422745108,0.0043845218606293,-0.0413498468697071,-0.004029578063637,-0.0145198814570903,-0.0144976498559117,-0.036986906081438,-0.0034211557358503,-0.0237780287861824,0.0252317413687706,0.0374600142240524,0.0135610476136207,0.0468675047159194,-0.0023125105071812,0.0195026621222496,-0.0069536748342216,-0.0200668927282095,0.0020006489939987,-0.0141309108585119,-0.0449250750243663,-0.0102564664557576,-0.0547038875520229,-0.0254429560154676,-0.0088462876155972,0.036740493029356,0.0230569299310445,0.0123986760154366,0.0239912699908018,-0.0191767942160368,0.000354995689122,0.0259116608649492,0.0528743714094162,0.0185728780925273,0.0259521547704935,0.0617539472877979,0.0006569825927726,-0.0526056885719299,-0.0377544201910495,0.0436121299862861,0.0692212730646133,0.0016234138747677,0.0791100145440844,0.0300501347130459,0.0955912508638796,0.014385547318354,0.1417387160317045,-4.933650155081182e-10,0.1470951642940161,-0.0291109271425776,0.2463947056799786,0.0843585191867883,0.2076637400626861,0.2662904249977562,2019-02-22,2019-02-25,2019-02-26,2019-02-27,2019-02-28,2019-03-01,2019-03-04,2019-03-05,2019-03-06,2019-03-07,14655.0,2019-02-21,252.0,-1.6613%,-0.0028,1.3738,-0.0612,-0.8801,2.3649%,2.9346%,35.0583%,-0.013786,JD,14655.0,2019-02-22,252.0,6.9221%,-0.0027,1.3674,-0.0718,-0.9672,2.3835%,2.9686%,35.5337%,0.04759,JD,14655.0,2019-02-25,252.0,0.9249%,-0.0027,1.3688,-0.0743,-0.9632,2.3827%,2.9678%,35.5389%,0.00517,JD,14655.0,2019-02-26,252.0,1.5273%,-0.0026,1.3708,-0.099,-0.9743,2.3843%,2.9686%,35.4906%,0.013709,JD,14655.0,2019-02-27,252.0,-2.3317%,-0.0027,1.3724,-0.1085,-0.9741,2.3885%,2.9708%,35.3576%,-0.025632,JD,14655.0,2019-02-28,252.0,6.7000%,-0.0023,1.349,-0.1222,-1.0078,2.4282%,2.9946%,34.2527%,0.068741,JD,14655.0,2019-03-01,252.0,3.6810%,-0.0023,1.3642,-0.0996,-0.9961,2.4314%,3.0043%,34.5009%,0.023331,JD,14655.0,2019-03-04,252.0,0.5569%,-0.0022,1.3616,-0.1077,-0.9917,2.4341%,3.0023%,34.2688%,0.016059,JD,14655.0,2019-03-05,252.0,1.5922%,-0.0019,1.3731,-0.0074,-0.9901,2.4031%,2.9871%,35.2790%,0.0154329999999999,JD,14655.0,2019-03-06,252.0,-1.0903%,-0.0018,1.3874,-0.0264,-0.9764,2.3961%,2.9857%,35.5958%,0.000844,JD,14655.0,2019-03-07,252.0,-4.0992%,-0.0019,1.4014,-0.0193,-0.9559,2.4041%,2.9961%,35.6168%,-0.032946,JD,0.033804,0.038974,0.052683,0.0957919999999999,0.118513
5715,JOHNSON & JOHNSON,The Latest From Johnson & Johnson's Asbestos Scandal,6,decrease,0.8,0.7,the ongoing asbestos scandal is likely to negatively impact investor confidence and lead to a decline in stock price.,0,2019-02-21,JNJ,2019-02-21 15:00:00+00:00,22111.0,47816010,-0.0068207401782274,6665481.0,0.0087136905640363,0.0048640551976859,0.0036602546460926,-0.0050594108179211,-0.000660766090732,0.0154121611267328,-0.0017633200623095,-0.0010412747506052,0.0056672133505344,0.0021615480072796,0.0125146862119436,0.016363663598895,0.0009395707747898,-0.0030211021658033,0.0020942268893122,0.002650441834703,0.002305916743353,-0.0071428343653678,-0.0061110854148864,0.0009030336514115,-0.0013021406484767,0.0,0.0036216138396412,-0.0098360069096088,0.0044745607301592,0.0084159532561898,0.0016526152612641,0.0109389433637261,-0.0099705858156085,0.0100513892248272,-0.0030430238693952,0.0103883733972907,-0.0031250575557351,0.0059269266203045,0.009258615784347,0.0094465631991624,-0.0083069140091538,-0.0137422690168023,0.0059000137262046,0.0,-0.0086169615387916,-0.0144616980105638,-0.0021912427619099,0.0123945008963346,0.0143474610522389,0.0082005867734551,0.0009380790870636,-0.0102041382342577,0.0012978222221136,0.0084190974012017,0.0065523358061909,-0.0113294888287782,-0.0057943887077271,0.0003083284536842,-0.0091379266232252,0.0060499035753309,-0.0039213458076119,-0.0079256230965256,-0.0116642918437719,0.0232265535742044,0.0044994121417403,-0.0064147673547267,-0.0002936795935966,0.016783332452178,-0.0041868081316351,-0.0158904008567333,7.372210529865697e-05,-0.0100736385211348,-0.0027289800345897,0.0139860650524497,0.0056947637349367,-0.0010988699505105,0.0039712353609502,0.0055244620889425,0.0109874010086059,0.0315044187009334,0.0036226632073521,-0.0409868061542511,-0.0072191739454865,-0.0014033517800271,0.0022541997022926,0.0051720370538532,0.0150184435769915,-0.0215457566082477,-0.0050035524182021,0.0099117141216993,0.0032327368389815,-0.0290225613862276,0.0052990014664828,-0.1003787666559219,-0.0039176796562969,0.0050305249169468,0.0097254049032926,0.0040956046432256,0.0053116148337721,0.0085364552214741,-0.0047199591062963,-0.0011689347447827,0.005167013965547,-0.0032897742930799,0.0005633535329252,-0.0008217155118472,-0.0149200875312089,-0.0012311601312831,-0.0012860465794801,-0.0046969857066869,-0.0075827855616807,0.0071990932337939,0.002306691603735,-0.0040289289318025,-0.0133046107366681,0.0224829018115997,-0.0027696036268025,0.0130862714722752,0.0006577717722393,0.0002812301681842,0.009495310485363,0.0016901909839361,0.0028941023629158,-0.030454022809863,0.0087136905640363,0.0048640551976859,0.0124058395365005,-0.0002199648737213,0.0117368760876757,0.0151888061189355,0.0156764784887801,0.016323810037105,0.0275696910637561,0.0261137941703177,0.0077229813716259,0.0735375461129637,0.0303199488344498,-0.0630382383532303,2019-02-22,2019-02-25,2019-02-26,2019-02-27,2019-02-28,2019-03-01,2019-03-04,2019-03-05,2019-03-06,2019-03-07,22111.0,2019-02-21,252.0,-0.6821%,0.0003,0.7219,-0.5024,0.1999,1.0232%,1.2793%,36.0327%,-0.004102,JNJ,22111.0,2019-02-22,252.0,0.8714%,0.0003,0.7205,-0.4988,0.1863,1.0248%,1.2795%,35.8461%,0.009623,JNJ,22111.0,2019-02-25,252.0,0.3660%,0.0003,0.7205,-0.4993,0.1863,1.0249%,1.2797%,35.8597%,0.0015179999999999,JNJ,22111.0,2019-02-26,252.0,-0.0661%,0.0003,0.7192,-0.4945,0.1877,1.0248%,1.2757%,35.4741%,-0.002189,JNJ,22111.0,2019-02-27,252.0,-0.1763%,0.0003,0.7209,-0.4982,0.188,1.0245%,1.2752%,35.4500%,-0.001346,JNJ,22111.0,2019-02-28,252.0,0.5667%,0.0003,0.7218,-0.4973,0.1867,1.0254%,1.2754%,35.3708%,0.008372,JNJ,22111.0,2019-03-01,252.0,1.2515%,0.0004,0.7191,-0.5013,0.1784,1.0258%,1.2747%,35.2338%,0.009417,JNJ,22111.0,2019-03-04,252.0,0.0940%,0.0004,0.7157,-0.4912,0.1796,1.0249%,1.2681%,34.6759%,0.001888,JNJ,22111.0,2019-03-05,252.0,0.2094%,0.0004,0.7124,-0.5157,0.1766,1.0215%,1.2660%,34.9000%,0.002129,JNJ,22111.0,2019-03-06,252.0,0.2306%,0.0004,0.7134,-0.5196,0.1773,1.0214%,1.2653%,34.8413%,0.001632,JNJ,22111.0,2019-03-07,252.0,-0.6111%,0.0005,0.7166,-0.5051,0.1855,1.0186%,1.2635%,35.0081%,-0.00013,JNJ,0.005521,0.007039,0.00485,0.011876,0.026812
5723,JOHNSON & JOHNSON,'Johnson & Johnson receives federal subpoenas related to baby powder litigation' -Reuters Earlier Reported,6,decrease,0.8,0.7,"the receipt of federal subpoenas related to litigation can signal potential legal troubles and financial liabilities, which typically negatively impacts investor sentiment and stock prices.",0,2019-02-21,JNJ,2019-02-21 12:54:00+00:00,22111.0,47816010,-0.0068207401782274,6665481.0,0.0087136905640363,0.0048640551976859,0.0036602546460926,-0.0050594108179211,-0.000660766090732,0.0154121611267328,-0.0017633200623095,-0.0010412747506052,0.0056672133505344,0.0021615480072796,0.0125146862119436,0.016363663598895,0.0009395707747898,-0.0030211021658033,0.0020942268893122,0.002650441834703,0.002305916743353,-0.0071428343653678,-0.0061110854148864,0.0009030336514115,-0.0013021406484767,0.0,0.0036216138396412,-0.0098360069096088,0.0044745607301592,0.0084159532561898,0.0016526152612641,0.0109389433637261,-0.0099705858156085,0.0100513892248272,-0.0030430238693952,0.0103883733972907,-0.0031250575557351,0.0059269266203045,0.009258615784347,0.0094465631991624,-0.0083069140091538,-0.0137422690168023,0.0059000137262046,0.0,-0.0086169615387916,-0.0144616980105638,-0.0021912427619099,0.0123945008963346,0.0143474610522389,0.0082005867734551,0.0009380790870636,-0.0102041382342577,0.0012978222221136,0.0084190974012017,0.0065523358061909,-0.0113294888287782,-0.0057943887077271,0.0003083284536842,-0.0091379266232252,0.0060499035753309,-0.0039213458076119,-0.0079256230965256,-0.0116642918437719,0.0232265535742044,0.0044994121417403,-0.0064147673547267,-0.0002936795935966,0.016783332452178,-0.0041868081316351,-0.0158904008567333,7.372210529865697e-05,-0.0100736385211348,-0.0027289800345897,0.0139860650524497,0.0056947637349367,-0.0010988699505105,0.0039712353609502,0.0055244620889425,0.0109874010086059,0.0315044187009334,0.0036226632073521,-0.0409868061542511,-0.0072191739454865,-0.0014033517800271,0.0022541997022926,0.0051720370538532,0.0150184435769915,-0.0215457566082477,-0.0050035524182021,0.0099117141216993,0.0032327368389815,-0.0290225613862276,0.0052990014664828,-0.1003787666559219,-0.0039176796562969,0.0050305249169468,0.0097254049032926,0.0040956046432256,0.0053116148337721,0.0085364552214741,-0.0047199591062963,-0.0011689347447827,0.005167013965547,-0.0032897742930799,0.0005633535329252,-0.0008217155118472,-0.0149200875312089,-0.0012311601312831,-0.0012860465794801,-0.0046969857066869,-0.0075827855616807,0.0071990932337939,0.002306691603735,-0.0040289289318025,-0.0133046107366681,0.0224829018115997,-0.0027696036268025,0.0130862714722752,0.0006577717722393,0.0002812301681842,0.009495310485363,0.0016901909839361,0.0028941023629158,-0.030454022809863,0.0087136905640363,0.0048640551976859,0.0124058395365005,-0.0002199648737213,0.0117368760876757,0.0151888061189355,0.0156764784887801,0.016323810037105,0.0275696910637561,0.0261137941703177,0.0077229813716259,0.0735375461129637,0.0303199488344498,-0.0630382383532303,2019-02-22,2019-02-25,2019-02-26,2019-02-27,2019-02-28,2019-03-01,2019-03-04,2019-03-05,2019-03-06,2019-03-07,22111.0,2019-02-21,252.0,-0.6821%,0.0003,0.7219,-0.5024,0.1999,1.0232%,1.2793%,36.0327%,-0.004102,JNJ,22111.0,2019-02-22,252.0,0.8714%,0.0003,0.7205,-0.4988,0.1863,1.0248%,1.2795%,35.8461%,0.009623,JNJ,22111.0,2019-02-25,252.0,0.3660%,0.0003,0.7205,-0.4993,0.1863,1.0249%,1.2797%,35.8597%,0.0015179999999999,JNJ,22111.0,2019-02-26,252.0,-0.0661%,0.0003,0.7192,-0.4945,0.1877,1.0248%,1.2757%,35.4741%,-0.002189,JNJ,22111.0,2019-02-27,252.0,-0.1763%,0.0003,0.7209,-0.4982,0.188,1.0245%,1.2752%,35.4500%,-0.001346,JNJ,22111.0,2019-02-28,252.0,0.5667%,0.0003,0.7218,-0.4973,0.1867,1.0254%,1.2754%,35.3708%,0.008372,JNJ,22111.0,2019-03-01,252.0,1.2515%,0.0004,0.7191,-0.5013,0.1784,1.0258%,1.2747%,35.2338%,0.009417,JNJ,22111.0,2019-03-04,252.0,0.0940%,0.0004,0.7157,-0.4912,0.1796,1.0249%,1.2681%,34.6759%,0.001888,JNJ,22111.0,2019-03-05,252.0,0.2094%,0.0004,0.7124,-0.5157,0.1766,1.0215%,1.2660%,34.9000%,0.002129,JNJ,22111.0,2019-03-06,252.0,0.2306%,0.0004,0.7134,-0.5196,0.1773,1.0214%,1.2653%,34.8413%,0.001632,JNJ,22111.0,2019-03-07,252.0,-0.6111%,0.0005,0.7166,-0.5051,0.1855,1.0186%,1.2635%,35.0081%,-0.00013,JNJ,0.005521,0.007039,0.00485,0.011876,0.026812
5731,JOHNSON & JOHNSON,"Morphic Therapeutic Reports Integrin R&D Collaboration With J&J's Janssen; Janssen To Pay Co. Undisclosed Upfront Payment, Will Fund Research Activities; Co. Will Receive From Janssen Multiple Preclinical Development, Clinical, Commercial Milestones",6,increase,0.7,0.6,"the collaboration with morphic therapeutic suggests potential for new developments in integrin research, which could enhance johnson & johnson's product pipeline and future revenue prospects.",2,2019-02-21,JNJ,2019-02-21 11:44:00+00:00,22111.0,47816010,-0.0068207401782274,6665481.0,0.0087136905640363,0.0048640551976859,0.0036602546460926,-0.0050594108179211,-0.000660766090732,0.0154121611267328,-0.0017633200623095,-0.0010412747506052,0.0056672133505344,0.0021615480072796,0.0125146862119436,0.016363663598895,0.0009395707747898,-0.0030211021658033,0.0020942268893122,0.002650441834703,0.002305916743353,-0.0071428343653678,-0.0061110854148864,0.0009030336514115,-0.0013021406484767,0.0,0.0036216138396412,-0.0098360069096088,0.0044745607301592,0.0084159532561898,0.0016526152612641,0.0109389433637261,-0.0099705858156085,0.0100513892248272,-0.0030430238693952,0.0103883733972907,-0.0031250575557351,0.0059269266203045,0.009258615784347,0.0094465631991624,-0.0083069140091538,-0.0137422690168023,0.0059000137262046,0.0,-0.0086169615387916,-0.0144616980105638,-0.0021912427619099,0.0123945008963346,0.0143474610522389,0.0082005867734551,0.0009380790870636,-0.0102041382342577,0.0012978222221136,0.0084190974012017,0.0065523358061909,-0.0113294888287782,-0.0057943887077271,0.0003083284536842,-0.0091379266232252,0.0060499035753309,-0.0039213458076119,-0.0079256230965256,-0.0116642918437719,0.0232265535742044,0.0044994121417403,-0.0064147673547267,-0.0002936795935966,0.016783332452178,-0.0041868081316351,-0.0158904008567333,7.372210529865697e-05,-0.0100736385211348,-0.0027289800345897,0.0139860650524497,0.0056947637349367,-0.0010988699505105,0.0039712353609502,0.0055244620889425,0.0109874010086059,0.0315044187009334,0.0036226632073521,-0.0409868061542511,-0.0072191739454865,-0.0014033517800271,0.0022541997022926,0.0051720370538532,0.0150184435769915,-0.0215457566082477,-0.0050035524182021,0.0099117141216993,0.0032327368389815,-0.0290225613862276,0.0052990014664828,-0.1003787666559219,-0.0039176796562969,0.0050305249169468,0.0097254049032926,0.0040956046432256,0.0053116148337721,0.0085364552214741,-0.0047199591062963,-0.0011689347447827,0.005167013965547,-0.0032897742930799,0.0005633535329252,-0.0008217155118472,-0.0149200875312089,-0.0012311601312831,-0.0012860465794801,-0.0046969857066869,-0.0075827855616807,0.0071990932337939,0.002306691603735,-0.0040289289318025,-0.0133046107366681,0.0224829018115997,-0.0027696036268025,0.0130862714722752,0.0006577717722393,0.0002812301681842,0.009495310485363,0.0016901909839361,0.0028941023629158,-0.030454022809863,0.0087136905640363,0.0048640551976859,0.0124058395365005,-0.0002199648737213,0.0117368760876757,0.0151888061189355,0.0156764784887801,0.016323810037105,0.0275696910637561,0.0261137941703177,0.0077229813716259,0.0735375461129637,0.0303199488344498,-0.0630382383532303,2019-02-22,2019-02-25,2019-02-26,2019-02-27,2019-02-28,2019-03-01,2019-03-04,2019-03-05,2019-03-06,2019-03-07,22111.0,2019-02-21,252.0,-0.6821%,0.0003,0.7219,-0.5024,0.1999,1.0232%,1.2793%,36.0327%,-0.004102,JNJ,22111.0,2019-02-22,252.0,0.8714%,0.0003,0.7205,-0.4988,0.1863,1.0248%,1.2795%,35.8461%,0.009623,JNJ,22111.0,2019-02-25,252.0,0.3660%,0.0003,0.7205,-0.4993,0.1863,1.0249%,1.2797%,35.8597%,0.0015179999999999,JNJ,22111.0,2019-02-26,252.0,-0.0661%,0.0003,0.7192,-0.4945,0.1877,1.0248%,1.2757%,35.4741%,-0.002189,JNJ,22111.0,2019-02-27,252.0,-0.1763%,0.0003,0.7209,-0.4982,0.188,1.0245%,1.2752%,35.4500%,-0.001346,JNJ,22111.0,2019-02-28,252.0,0.5667%,0.0003,0.7218,-0.4973,0.1867,1.0254%,1.2754%,35.3708%,0.008372,JNJ,22111.0,2019-03-01,252.0,1.2515%,0.0004,0.7191,-0.5013,0.1784,1.0258%,1.2747%,35.2338%,0.009417,JNJ,22111.0,2019-03-04,252.0,0.0940%,0.0004,0.7157,-0.4912,0.1796,1.0249%,1.2681%,34.6759%,0.001888,JNJ,22111.0,2019-03-05,252.0,0.2094%,0.0004,0.7124,-0.5157,0.1766,1.0215%,1.2660%,34.9000%,0.002129,JNJ,22111.0,2019-03-06,252.0,0.2306%,0.0004,0.7134,-0.5196,0.1773,1.0214%,1.2653%,34.8413%,0.001632,JNJ,22111.0,2019-03-07,252.0,-0.6111%,0.0005,0.7166,-0.5051,0.1855,1.0186%,1.2635%,35.0081%,-0.00013,JNJ,0.005521,0.007039,0.00485,0.011876,0.026812
5739,JAMES RIVER GROUP HLDS LTD,"James River Group Holdings, Ltd. - Common Shares Q4 EPS $0.56 Misses $0.65 Estimate, Sales $201.556M Miss $211.72M Estimate",6,decrease,0.8,0.7,"the company reported lower-than-expected earnings per share and sales, which typically leads to a negative reaction in stock prices.",0,2019-02-21,JRVR,2019-02-21 22:08:00+00:00,15133.0,G5005R10,-0.0190159082412719,143121.0,-0.0113884471356868,0.0250974353402853,0.002941150451079,0.0105885323137044,0.002688187174499,0.02317969314754,0.0068243383429944,-0.0022624472621828,-0.0053256163373589,-0.0025075799785554,-0.0060842055827379,-0.0037471326068043,0.0066111767664551,0.0108585944399237,0.0043785041198134,0.0089171584695577,-0.0176798142492771,0.010556124150753,-0.016272185370326,0.0033583329059183,0.0070175323635339,0.001034417306073,0.0057672904804348,0.0044155367650091,-0.0014959204709157,-0.0018148741219192,-0.0049937767907977,0.0190224908292293,0.0,0.0002642262552399,0.0037641539238393,-0.0039484472945332,0.0017499923706054,-0.0073164040222764,-0.0122285466641187,-0.0033854444045573,0.0,-0.0077519179321825,0.0133905699476599,0.0046729049645364,-0.0092246057465672,-0.0095139862969517,-0.0010065655224025,-0.0149442795664072,0.0062972293235361,0.0164778418838977,0.0090112788602709,0.0302387103438377,-0.0002481303818058,0.0440321266651153,-0.0054589929059147,0.0050097494386136,-0.0002495542867109,-0.0101928086951375,-0.0079860165715217,0.0153845939785242,-0.0545911490917205,0.0096018118783831,-0.0015966304345056,0.0002824384428095,0.0066631129011511,-0.0212882682681083,-0.0037066293880343,0.0092075336724519,-0.0021260119974613,-0.0016713474178686,0.0186418313533067,-0.0175150353461504,0.0185620673000812,0.015564240515232,-0.0166837200522422,0.0055897366255521,-0.0005220688180997,0.0047738882713019,0.0258552581071853,0.0244534611701965,0.0056008459068834,-0.0274203494191169,0.0027848256286233,-0.0348365418612957,0.0,0.0078932251781225,0.0108558516949415,-0.007026981562376,0.0177322439849376,0.0150891421362757,0.01644167304039,-0.0016433185664936,0.0113472053781151,-0.0024590205866843,-0.0064454632811248,-0.0154749481007456,0.0144162010401487,-0.0068892985582351,0.0040264842100441,-0.0044842567294836,0.0261854361742734,-0.0015802310081198,0.0413792915642261,-0.0010522784432396,0.0147903310135006,0.0206765998154878,-0.0147922616451978,-0.0284372586756944,0.0002207622310379,0.00709407357499,0.0028697808738797,0.0127727389335632,-0.0092450361698865,0.0018662626389414,-0.0093312198296189,0.0190164875239133,0.0103161940351128,-0.0070137125439941,0.002885706257075,0.0100817149505019,0.0097387917339801,0.005754976067692,-0.0096448622643947,-0.0021875312086194,-0.0113884471356868,0.0250974353402853,-0.0084807918210381,0.0359517126590815,-0.005815402602342,0.0599647554741877,-0.0043615287224552,0.0549147081799064,-0.0331960001468063,0.0867992949755647,-0.0840260047083647,0.188418019481068,0.1029772061041078,0.1598259802294994,2019-02-22,2019-02-25,2019-02-26,2019-02-27,2019-02-28,2019-03-01,2019-03-04,2019-03-05,2019-03-06,2019-03-07,15133.0,2019-02-21,252.0,-1.9016%,0.0005,0.5875,0.4005,0.6264,1.5196%,1.6300%,13.0922%,-0.015208,JRVR,15133.0,2019-02-22,252.0,-1.1388%,0.0004,0.5894,0.3812,0.632,1.5184%,1.6290%,13.1171%,-0.008302,JRVR,15133.0,2019-02-25,252.0,0.2941%,0.0005,0.5861,0.3762,0.6173,1.5085%,1.6181%,13.0926%,0.004086,JRVR,15133.0,2019-02-26,252.0,0.2688%,0.001,0.6532,0.3012,0.6294,1.3256%,1.4710%,18.7992%,0.007971,JRVR,15133.0,2019-02-27,252.0,0.6824%,0.0011,0.6629,0.2854,0.631,1.3188%,1.4679%,19.2855%,0.00632,JRVR,15133.0,2019-02-28,252.0,-0.5326%,0.0012,0.6598,0.2832,0.6295,1.3182%,1.4653%,19.0666%,-0.00185,JRVR,15133.0,2019-03-01,252.0,-0.6084%,0.0012,0.65,0.2684,0.619,1.3174%,1.4589%,18.4513%,-0.009228,JRVR,15133.0,2019-03-04,252.0,0.6611%,0.0012,0.6462,0.2743,0.6215,1.3176%,1.4575%,18.2750%,0.008561,JRVR,15133.0,2019-03-05,252.0,0.4379%,0.0012,0.6447,0.2671,0.618,1.3182%,1.4571%,18.1514%,0.007729,JRVR,15133.0,2019-03-06,252.0,-1.7680%,0.0011,0.6391,0.2971,0.6158,1.3146%,1.4527%,18.1140%,-0.009236,JRVR,15133.0,2019-03-07,252.0,-1.6272%,0.0011,0.6468,0.3152,0.6311,1.3137%,1.4561%,18.6039%,-0.008881,JRVR,-0.02351,-0.019424,-0.011453,-0.006983,-0.018038
5747,KELLOGG CO,Kellogg Option Alert: Mar 15 $60 Calls Sweep (5) near the Ask: 584 @ $0.349 vs 1176 OI; Ref=$58.32,6,increase,0.7,0.6,"the significant call option activity suggests bullish sentiment among investors, indicating a potential increase in kellogg co's stock price.",2,2019-02-21,K,2019-02-21 18:27:00+00:00,26825.0,48783610,-0.0020530184265226,2214993.0,-0.0274301767349243,0.017938045784831,-0.0188612677156925,0.0110934535041451,0.0046711880713701,0.0037115425802767,-0.0028612276073545,-0.0066713001579046,0.0089670019224286,0.0076065859757363,0.0103093115612864,0.0154481884092092,-0.0293807089328765,0.005599666852504,0.0029298635199666,-0.0085959807038307,-0.0054774372838437,-0.0561189949512481,-0.0031210202723741,0.0003381883434485,0.0047882529906928,0.0037338973488658,-0.0075146597810089,0.0037478262092918,0.0001846412051236,-0.005253305658698,-0.0101550817489624,0.0204045735299587,0.0037306614685803,-0.0068692723289132,0.008548580110073,0.0018926464254036,0.0,0.005884391721338,0.0025796827394515,0.002081146929413,-0.005513678304851,-0.0248604975640773,0.0437996461987495,0.0073253884911537,0.0046034371480345,-0.0122833512723445,-0.0012337593361735,0.0025303901638835,0.0158814452588558,0.0027063575107604,-0.0109432181343436,-0.0032035480253398,0.000526915944647,0.0131534067913889,0.0071967672556638,-0.0006828425102867,-0.023701649159193,0.004975140094757,0.0058907177299261,0.0058671291917562,0.005501355510205,0.0010364721529185,-0.00370630226098,0.0055584451183676,0.0062001501210033,0.0047120498493313,0.0123239569365978,0.0098695373162627,-0.0059130461886525,0.001765577122569,0.0068229422904551,-0.0064900708384811,-0.0034752523060888,-0.0041921688243746,0.0038361155893653,0.0019251069752499,0.0135487020015716,-0.0001750155061017,0.0006855341489426,0.0238266177475452,-0.005137852858752,-0.0315752886235714,0.006197290495038,0.0055826883763074,-0.0015397801762446,-0.0233429707586765,0.0011994463857263,-0.0027187741361558,0.002396018942818,-0.0064156856387853,-0.0107563780620694,-0.0187210254371166,0.0251985322684049,-0.0113021889701485,0.0040403679013252,0.0008196596172638,0.0110663957893848,0.0021357166115194,-0.0150912078097462,0.0094527313485741,-0.0338440537452697,-0.008875754661858,-0.015859181061387,-0.0070181214250624,0.0164689272642135,-0.0076125883497297,-0.0043554008007049,-0.0218630749732255,0.0017497545341029,-0.0083268275484442,0.0094323307275772,0.015177889727056,0.0147084007039666,0.0103834113106131,-0.0146657675504684,0.0056224656291306,-0.0105572966858744,0.0121951214969158,0.0034983516670763,-0.0038872961886227,0.0005229666130617,-0.0024236179888248,-0.0066202273592352,0.0029168741311877,-0.0274301767349243,0.017938045784831,-0.0457740765437306,0.0292304941658454,-0.0413167077926895,0.0330505269698613,-0.0354878005566677,0.033964301482585,-0.0595436534265403,-0.0116672090909478,-0.0223064069603579,0.0152857547610547,-0.012434216398384,-0.0444943885380478,2019-02-22,2019-02-25,2019-02-26,2019-02-27,2019-02-28,2019-03-01,2019-03-04,2019-03-05,2019-03-06,2019-03-07,26825.0,2019-02-21,252.0,-0.2053%,-0.0005,0.3938,-0.3243,0.1031,1.3511%,1.4176%,9.1613%,-0.000694,K,26825.0,2019-02-22,252.0,-2.7430%,-0.0005,0.3968,-0.3096,0.1527,1.3576%,1.4227%,8.9398%,-0.026791,K,26825.0,2019-02-25,252.0,-1.8861%,-0.0006,0.397,-0.2998,0.1584,1.3632%,1.4274%,8.7967%,-0.020087,K,26825.0,2019-02-26,252.0,0.4671%,-0.0006,0.3975,-0.3064,0.1554,1.3634%,1.4275%,8.7796%,0.00381,K,26825.0,2019-02-27,252.0,-0.2861%,-0.0006,0.3972,-0.3065,0.1553,1.3634%,1.4269%,8.7047%,-0.00255,K,26825.0,2019-02-28,252.0,0.8967%,-0.0005,0.3833,-0.3156,0.1426,1.3583%,1.4188%,8.3490%,0.010548,K,26825.0,2019-03-01,252.0,1.0309%,-0.0004,0.3791,-0.3218,0.1318,1.3581%,1.4179%,8.2606%,0.008945,K,26825.0,2019-03-04,252.0,-2.9381%,-0.0006,0.3915,-0.3369,0.1227,1.3649%,1.4279%,8.6292%,-0.029301,K,26825.0,2019-03-05,252.0,0.2930%,-0.0007,0.386,-0.3778,0.1175,1.3578%,1.4224%,8.8684%,0.002756,K,26825.0,2019-03-06,252.0,-0.5477%,-0.0008,0.3794,-0.3565,0.113,1.3540%,1.4152%,8.4612%,-0.0071319999999999,K,26825.0,2019-03-07,252.0,-0.3121%,-0.0008,0.3761,-0.371,0.1046,1.3519%,1.4136%,8.5337%,2.3e-05,K,-0.027485,-0.047572,-0.043762,-0.035764,-0.060473
5755,O P E N L A N E INC,"Bank Of America Reiterates Buy And $68 Target On KAR Auction As Firm Views Reaction To CEO's Comments On Online Buyers As 'overblown, as it fails to recognize the opportunities in front of KAR as the company moves to a more hybrid-oriented model'",6,uncertain,0.5,0.5,"the news pertains to kar auction and bank of america's outlook on it, which does not directly indicate a clear impact on o p e n l a n e inc's stock price.",1,2019-02-21,KAR,2019-02-21 16:13:00+00:00,93174.0,48238T10,0.0295313727110624,5347206.0,-0.0218249689787626,-0.1322191059589386,-0.0076498216949403,-0.0121078677475452,0.0042826714925467,0.0060907718725502,-0.0140724908560514,0.00612816773355,0.0196799263358116,-0.0020385584793984,0.0120890708640217,0.0146671449765563,-0.0073344986885786,0.0062441220507025,0.0147773018106818,0.0122581766918301,0.0087372995913028,-0.0145337954163551,-0.0016498623881489,-0.0052572060376405,-0.0109481262043118,0.0069956313818693,-0.0064745480194687,0.013606728054583,0.0052554132416844,0.0032686404883861,0.0273944251239299,0.0001922754163388,-0.0109912659972906,0.0061919447034597,0.0074089444242417,-0.0005801349761895,-0.007763045374304,-0.0013518674531951,-0.0026765712536871,-0.0025043550413101,0.0018579717725515,0.0089407013729214,0.0317329987883567,-0.0023269136436283,-0.0241351723670959,-0.0067411111667752,0.0098928185179829,0.0122830420732498,0.0051020407117903,0.0130357462912797,0.0032487278804183,0.0085657434538006,0.0101194093003869,0.0102636776864528,0.0280505213886499,0.0079107386991381,0.0144220981746912,0.0110746705904603,0.0121037671342492,0.003911851439625,0.0058846124447882,0.0345047675073146,-0.0120778102427721,0.0083762751892209,0.0005731154815293,-0.0074610630981624,0.0049636946059763,0.0282770916819572,-0.0070288553833961,-0.0233354773372411,0.0028696712106466,-0.0211651735007762,0.0005723501672036,0.0231561288237571,0.0190657768398523,-0.0149947013705968,0.0130963660776615,-0.0004222178249619,0.0234533082693815,0.033828005194664,0.0142547991126775,-0.0190537236630916,0.0053371149115264,-0.0205493718385696,-0.0093788495287299,-0.0089360000565648,0.0035727182403206,-0.0198180340230464,0.0060519785620272,-0.0014135640813037,-0.0092002907767891,0.0014155651442706,0.0116071701049804,-0.023884704336524,0.0017651980742812,0.0001974002225324,-0.0047577172517776,0.0065580648370087,-0.0060198325663805,-0.0009926392231136,-0.0012468773638829,-0.0131269982084631,0.0133761372417211,-0.0584762617945671,-0.0073917312547564,-0.0095011964440345,-0.0072695007547736,-0.0403296388685703,-0.0264333505183458,-0.0019251069752499,0.0084388721734285,0.0008757967734709,0.0092777572572231,-0.0050540417432785,-0.0192862246185541,0.0213599279522895,-0.0012865226017311,-0.0168008245527744,0.0001839956094045,0.0095406528562307,0.0196872074156999,-0.0054472214542329,-0.0068566813133656,0.014257694594562,-0.0218249689787626,-0.1322191059589386,-0.0293078335525178,-0.1427260822578343,-0.0251506778832347,-0.1375046223925794,-0.019954253421226,-0.1339881281488129,0.0062356932790847,-0.1226060594601621,0.0957911335740131,0.0036511679303188,0.1520983165470828,-0.1611140774424058,2019-02-22,2019-02-25,2019-02-26,2019-02-27,2019-02-28,2019-03-01,2019-03-04,2019-03-05,2019-03-06,2019-03-07,93174.0,2019-02-21,252.0,2.9531%,-0.0002,0.6778,0.2818,-0.1079,1.3365%,1.5434%,25.0054%,0.032035,KAR,93174.0,2019-02-22,252.0,-2.1825%,-0.0004,0.6824,0.2649,-0.0679,1.3480%,1.5489%,24.2616%,-0.029467,KAR,93174.0,2019-02-25,252.0,-0.7650%,-0.0004,0.6825,0.2689,-0.0653,1.3489%,1.5497%,24.2315%,-0.0082069999999999,KAR,93174.0,2019-02-26,252.0,0.4283%,-0.0004,0.6801,0.2613,-0.071,1.3496%,1.5484%,24.0243%,0.00678,KAR,93174.0,2019-02-27,252.0,-1.4072%,-0.0004,0.6777,0.2612,-0.0714,1.3526%,1.5493%,23.7836%,-0.015366,KAR,93174.0,2019-02-28,252.0,1.9680%,-0.0004,0.6785,0.2624,-0.076,1.3582%,1.5544%,23.6469%,0.02145,KAR,93174.0,2019-03-01,252.0,1.2089%,-0.0006,0.7097,0.309,-0.0306,1.3226%,1.5352%,25.7790%,0.006049,KAR,93174.0,2019-03-04,252.0,-0.7334%,-0.0006,0.7139,0.2969,-0.032,1.3216%,1.5358%,25.9447%,-0.002379,KAR,93174.0,2019-03-05,252.0,1.4777%,-0.0005,0.7132,0.3035,-0.0389,1.3246%,1.5387%,25.8901%,0.016744,KAR,93174.0,2019-03-06,252.0,0.8737%,-0.0005,0.701,0.2683,-0.0575,1.3288%,1.5370%,25.2576%,0.018478,KAR,93174.0,2019-03-07,252.0,-0.1650%,-0.0005,0.6954,0.2496,-0.0702,1.3260%,1.5326%,25.1442%,0.004006,KAR,0.002568,-0.0056389999999999,0.001141,0.007225,0.050123
5763,K B R INC,"KBRwyle Awarded $19M to Perform Flight Ops for USGS Satellite That Fights World Hunger, Helps Earth Flourish",6,increase,0.8,0.6,the award of a $19m contract for a significant project related to satellite operations is likely to positively impact kbr inc's stock price due to increased revenue potential and positive market perception.,2,2019-02-21,KBR,2019-02-21 10:59:00+00:00,91579.0,48242W10,-0.0266951415687799,1487443.0,0.0082281744107604,0.0184883177280426,0.0048966351896524,0.0137816984206438,0.0563075765967369,0.0117121627554297,0.0128139415755868,-0.0033351564779877,0.0,0.003906233003363,0.0060728201642632,0.0228310283273458,-0.0095572751015424,0.0057405498810112,-0.0091417115181684,0.0110273091122508,-0.0097386231645941,-0.0320224575698375,-0.013975178822875,0.0294967200607061,-0.0010497927432879,-0.0080320937559008,-0.0005254980642348,0.0080971298739314,0.0042060948908329,0.0052325669676065,0.0057590943761169,-0.006354633718729,-0.0114523293450474,0.0200353655964136,0.0074034580029547,0.0047365259379148,0.0120735671371221,-0.0197330340743064,-0.003112104255706,0.005250884220004,-0.0083246538415551,0.0136013925075531,0.0047219390980899,-0.0128429261967539,-0.0459529608488082,-0.0278094019740819,0.0021893272642046,0.0401416942477226,0.0147460661828517,0.0059382650069892,-0.001614676322788,0.0,0.0172507613897323,-0.0140515090897679,0.0116586806252598,-0.0087057240307331,0.0408591255545616,-0.0154285980388522,-0.0206342097371816,-0.0073737474158406,-0.0030832204502075,0.0279883127659559,0.0077319392003118,0.0147928996011614,0.0179028343409299,0.0211480595171451,-0.0070351455360651,0.0656792968511581,-0.0096154119819402,-0.0114576900377869,0.015840545296669,0.034914344549179,0.0050302003510296,0.0153846489265561,0.0175175368785858,-0.0079628322273492,0.0201672334223985,0.004666646476835,0.0149469366297125,0.0714285746216774,0.0023753512650728,0.0,0.019431272521615,-0.0566037818789482,0.0297535751014947,-0.0139534911140799,0.0252821426838636,-0.0296582877635955,-0.0242183730006218,-0.0208333283662796,-0.0135378716513514,-0.0093808397650718,0.0137236611917614,-0.0330927222967147,0.0,-0.0183106586337089,0.0027075570542365,0.0180397573858499,0.010351100936532,-0.0234880503267049,-0.0022272223141044,0.0179319269955158,0.0526785850524902,-0.0290191527456045,-0.0016963108209893,-0.014302060008049,-0.0399320535361766,-0.0581896528601646,0.0212389174848794,-0.0005385152762755,-0.00953203253448,0.0021586080547422,0.0013122825184836,-0.021647298708558,-0.0358234904706478,0.0271149668842554,0.01903036236763,-0.0080688335001468,0.0053357421420514,0.0373883955180645,0.0039805462583899,-0.0323974266648292,-0.0193832833319902,0.0215113796293735,0.0082281744107604,0.0184883177280426,0.0131650999687791,0.0325248165679192,0.0702139714404117,0.044617915268583,0.0839276307438259,0.045200862862011,0.0449807845685599,0.0832850503658726,0.0769449971029874,0.1082840173830033,0.2262300163205215,0.0382630426413612,2019-02-22,2019-02-25,2019-02-26,2019-02-27,2019-02-28,2019-03-01,2019-03-04,2019-03-05,2019-03-06,2019-03-07,91579.0,2019-02-21,252.0,-2.6695%,0.0003,1.4277,0.9289,0.6668,1.8633%,2.3690%,38.1336%,-0.019367,KBR,91579.0,2019-02-22,252.0,0.8228%,0.0004,1.427,0.9369,0.6652,1.8631%,2.3694%,38.1702%,0.003541,KBR,91579.0,2019-02-25,252.0,0.4897%,0.0003,1.4279,0.9349,0.6675,1.8628%,2.3693%,38.1838%,0.00629,KBR,91579.0,2019-02-26,252.0,5.6308%,0.0013,1.5192,0.7546,0.6444,1.5548%,2.1811%,49.1834%,0.066678,KBR,91579.0,2019-02-27,252.0,1.2814%,0.0013,1.5123,0.7695,0.6433,1.5527%,2.1748%,49.0289%,0.010686,KBR,91579.0,2019-02-28,252.0,0.0000%,0.0012,1.5271,0.7798,0.6529,1.5419%,2.1741%,49.6996%,0.006042,KBR,91579.0,2019-03-01,252.0,0.6073%,0.0012,1.5199,0.7691,0.6445,1.5411%,2.1649%,49.3235%,-0.004662,KBR,91579.0,2019-03-04,252.0,-0.9557%,0.0011,1.5289,0.7413,0.6416,1.5366%,2.1654%,49.6421%,-0.001181,KBR,91579.0,2019-03-05,252.0,-0.9142%,0.001,1.5265,0.7202,0.6414,1.5345%,2.1583%,49.4559%,-0.0027939999999999,KBR,91579.0,2019-03-06,252.0,-0.9739%,0.0011,1.5279,0.693,0.6393,1.5343%,2.1593%,49.5075%,0.011812,KBR,91579.0,2019-03-07,252.0,-1.3975%,0.0012,1.5317,0.7116,0.6496,1.5312%,2.1612%,49.8006%,0.001059,KBR,-0.015826,-0.009536,0.057142,0.07387,0.078104
5771,KEYSIGHT TECHNOLOGIES INC,"Keysight Technologies Sees Q2 Adj. EPS $0.93-$0.99 vs $0.92 Est., Adj. Sales $1.06B-$1.08B vs $1.04B Est.",6,increase,0.75,0.6,"the guidance for adjusted eps and sales is above analyst estimates, which typically signals positive performance and can lead to an increase in stock price.",2,2019-02-21,KEYS,2019-02-21 22:00:00+00:00,14939.0,49338L10,0.0082634203135967,2878289.0,0.008685003966093,0.0052070189267396,0.007518830243498,0.0034835333935916,0.0187770519405603,0.017210841178894,0.0021266576368361,0.0015208505792543,-0.0048337187618017,0.0074055390432477,0.0176519118249416,0.0039738179184496,-0.0077997455373406,0.0149622885510325,0.0003519743913784,0.0073394174687564,-0.0001173133496195,-0.0097339386120438,-0.0078592160716652,0.0186409801244735,-0.0069756912998855,0.0033160897437483,0.0120252668857574,0.002793283900246,-0.0012941248714923,0.0156714897602796,-0.0080103697255253,0.0098225586116313,0.013300116173923,0.0230286326259374,0.007617502938956,-0.0088532213121652,-0.0027914105448871,0.0171661917120218,0.0064147780649363,0.005944772157818,0.0008112144423648,0.0448092073202133,0.0135479178279638,-0.0026548716705292,-0.0316462554037571,-0.0255820453166961,0.0002359207428526,0.0052008177153766,0.0068412576802074,0.0024619575124233,-0.0004686142783612,0.0078820744529366,0.013947520405054,0.0178280286490917,0.0079758968204259,0.0010410425020381,0.0222477354109287,-0.0002974170784,0.0016827633371576,0.0028328977059572,0.0078395893797278,0.0216298270970583,-0.0113345561549067,0.0179873425513505,0.0052826930768787,0.0410007610917091,0.0045840344391763,0.062242817133665,0.0030050559435039,-0.0504721365869045,0.0055481577292084,-0.0106315016746521,0.0082763181999325,0.0324297472834587,0.0051438501104712,0.0114381881430745,-0.0015243836678564,0.012776831164956,-0.0128680514171719,0.0474660918116569,-0.0245248973369598,-0.0190792959183454,0.017440466210246,-0.0245859418064355,0.0083481753244996,-0.0249708667397499,0.0185450967401266,-0.0107049001380801,0.0056356810964643,0.0136894769966602,-0.0544239990413188,-0.0258578639477491,-0.0211990047246217,0.0143517442047596,0.0098976027220487,-0.0008241179748438,0.0034589578863233,0.0191499982029199,-0.0134436190128326,-0.0013420874020084,0.0173538066446781,0.0158486757427454,0.0095020243898034,-0.0334376357495784,-0.0004536279884632,-0.0044276886619627,-0.0195144228637218,-0.0229129996150732,0.0038185818120837,0.009543839842081,-0.0051872846670448,0.0048764506354928,-0.0054461322724819,0.0003252106835134,-0.0373995006084442,0.0353535078465938,0.0141611974686384,0.0148642193526029,0.0073994835838675,0.034464418888092,0.0092405965551733,-0.013082155957818,-0.0390891171991825,0.0548298694193363,0.008685003966093,0.0052070189267396,0.0162691352800763,0.0087086911446436,0.0353516736188186,0.0260694162237042,0.0325382702842187,0.0352400679434861,0.0346177596884422,0.0719196524283161,0.0883180582572396,0.2572492567845392,0.0013455702864819,0.4918123982677465,2019-02-22,2019-02-25,2019-02-26,2019-02-27,2019-02-28,2019-03-01,2019-03-04,2019-03-05,2019-03-06,2019-03-07,14939.0,2019-02-21,252.0,0.8263%,0.002,1.064,0.4096,-0.4213,1.2997%,1.8338%,49.7658%,0.011433,KEYS,14939.0,2019-02-22,252.0,0.8685%,0.002,1.0652,0.4112,-0.4063,1.3008%,1.8339%,49.6904%,-0.0067779999999999,KEYS,14939.0,2019-02-25,252.0,0.7519%,0.002,1.0647,0.4087,-0.4094,1.3008%,1.8341%,49.7006%,0.006159,KEYS,14939.0,2019-02-26,252.0,1.8777%,0.0021,1.0617,0.3843,-0.424,1.3065%,1.8350%,49.3078%,0.0216449999999999,KEYS,14939.0,2019-02-27,252.0,0.2127%,0.002,1.0531,0.3989,-0.4254,1.3009%,1.8259%,49.2339%,-0.000168,KEYS,14939.0,2019-02-28,252.0,-0.4834%,0.002,1.057,0.4013,-0.4215,1.3009%,1.8255%,49.2216%,-0.002812,KEYS,14939.0,2019-03-01,252.0,1.7652%,0.002,1.0588,0.404,-0.4211,1.3012%,1.8266%,49.2532%,0.007102,KEYS,14939.0,2019-03-04,252.0,-0.7800%,0.002,1.0576,0.4089,-0.421,1.3011%,1.8263%,49.2434%,0.000874,KEYS,14939.0,2019-03-05,252.0,0.0352%,0.0018,1.0474,0.3298,-0.4284,1.2694%,1.7886%,49.6256%,0.002317,KEYS,14939.0,2019-03-06,252.0,-0.0117%,0.0018,1.0365,0.3125,-0.4431,1.2691%,1.7840%,49.3969%,0.012918,KEYS,14939.0,2019-03-07,252.0,-0.7859%,0.0017,1.0296,0.2738,-0.4632,1.2522%,1.7692%,49.9088%,-0.000694,KEYS,0.004655,0.010814,0.032459,0.0294789999999999,0.051996
5779,KEYSIGHT TECHNOLOGIES INC,"Keysight Technologies Q1 Adj. EPS $0.93 Beats $0.80 Estimate, Sales $1.009B Beat $983.18M Estimate",6,increase,0.85,0.7,"the company reported better-than-expected earnings and sales, which typically leads to a positive reaction in stock prices.",2,2019-02-21,KEYS,2019-02-21 21:58:00+00:00,14939.0,49338L10,0.0082634203135967,2878289.0,0.008685003966093,0.0052070189267396,0.007518830243498,0.0034835333935916,0.0187770519405603,0.017210841178894,0.0021266576368361,0.0015208505792543,-0.0048337187618017,0.0074055390432477,0.0176519118249416,0.0039738179184496,-0.0077997455373406,0.0149622885510325,0.0003519743913784,0.0073394174687564,-0.0001173133496195,-0.0097339386120438,-0.0078592160716652,0.0186409801244735,-0.0069756912998855,0.0033160897437483,0.0120252668857574,0.002793283900246,-0.0012941248714923,0.0156714897602796,-0.0080103697255253,0.0098225586116313,0.013300116173923,0.0230286326259374,0.007617502938956,-0.0088532213121652,-0.0027914105448871,0.0171661917120218,0.0064147780649363,0.005944772157818,0.0008112144423648,0.0448092073202133,0.0135479178279638,-0.0026548716705292,-0.0316462554037571,-0.0255820453166961,0.0002359207428526,0.0052008177153766,0.0068412576802074,0.0024619575124233,-0.0004686142783612,0.0078820744529366,0.013947520405054,0.0178280286490917,0.0079758968204259,0.0010410425020381,0.0222477354109287,-0.0002974170784,0.0016827633371576,0.0028328977059572,0.0078395893797278,0.0216298270970583,-0.0113345561549067,0.0179873425513505,0.0052826930768787,0.0410007610917091,0.0045840344391763,0.062242817133665,0.0030050559435039,-0.0504721365869045,0.0055481577292084,-0.0106315016746521,0.0082763181999325,0.0324297472834587,0.0051438501104712,0.0114381881430745,-0.0015243836678564,0.012776831164956,-0.0128680514171719,0.0474660918116569,-0.0245248973369598,-0.0190792959183454,0.017440466210246,-0.0245859418064355,0.0083481753244996,-0.0249708667397499,0.0185450967401266,-0.0107049001380801,0.0056356810964643,0.0136894769966602,-0.0544239990413188,-0.0258578639477491,-0.0211990047246217,0.0143517442047596,0.0098976027220487,-0.0008241179748438,0.0034589578863233,0.0191499982029199,-0.0134436190128326,-0.0013420874020084,0.0173538066446781,0.0158486757427454,0.0095020243898034,-0.0334376357495784,-0.0004536279884632,-0.0044276886619627,-0.0195144228637218,-0.0229129996150732,0.0038185818120837,0.009543839842081,-0.0051872846670448,0.0048764506354928,-0.0054461322724819,0.0003252106835134,-0.0373995006084442,0.0353535078465938,0.0141611974686384,0.0148642193526029,0.0073994835838675,0.034464418888092,0.0092405965551733,-0.013082155957818,-0.0390891171991825,0.0548298694193363,0.008685003966093,0.0052070189267396,0.0162691352800763,0.0087086911446436,0.0353516736188186,0.0260694162237042,0.0325382702842187,0.0352400679434861,0.0346177596884422,0.0719196524283161,0.0883180582572396,0.2572492567845392,0.0013455702864819,0.4918123982677465,2019-02-22,2019-02-25,2019-02-26,2019-02-27,2019-02-28,2019-03-01,2019-03-04,2019-03-05,2019-03-06,2019-03-07,14939.0,2019-02-21,252.0,0.8263%,0.002,1.064,0.4096,-0.4213,1.2997%,1.8338%,49.7658%,0.011433,KEYS,14939.0,2019-02-22,252.0,0.8685%,0.002,1.0652,0.4112,-0.4063,1.3008%,1.8339%,49.6904%,-0.0067779999999999,KEYS,14939.0,2019-02-25,252.0,0.7519%,0.002,1.0647,0.4087,-0.4094,1.3008%,1.8341%,49.7006%,0.006159,KEYS,14939.0,2019-02-26,252.0,1.8777%,0.0021,1.0617,0.3843,-0.424,1.3065%,1.8350%,49.3078%,0.0216449999999999,KEYS,14939.0,2019-02-27,252.0,0.2127%,0.002,1.0531,0.3989,-0.4254,1.3009%,1.8259%,49.2339%,-0.000168,KEYS,14939.0,2019-02-28,252.0,-0.4834%,0.002,1.057,0.4013,-0.4215,1.3009%,1.8255%,49.2216%,-0.002812,KEYS,14939.0,2019-03-01,252.0,1.7652%,0.002,1.0588,0.404,-0.4211,1.3012%,1.8266%,49.2532%,0.007102,KEYS,14939.0,2019-03-04,252.0,-0.7800%,0.002,1.0576,0.4089,-0.421,1.3011%,1.8263%,49.2434%,0.000874,KEYS,14939.0,2019-03-05,252.0,0.0352%,0.0018,1.0474,0.3298,-0.4284,1.2694%,1.7886%,49.6256%,0.002317,KEYS,14939.0,2019-03-06,252.0,-0.0117%,0.0018,1.0365,0.3125,-0.4431,1.2691%,1.7840%,49.3969%,0.012918,KEYS,14939.0,2019-03-07,252.0,-0.7859%,0.0017,1.0296,0.2738,-0.4632,1.2522%,1.7692%,49.9088%,-0.000694,KEYS,0.004655,0.010814,0.032459,0.0294789999999999,0.051996
5787,K K R & CO INC,KKR Acquires Tele München Gruppe; Financial Details Not Disclosed,6,increase,0.7,0.6,"the acquisition of tele münchen gruppe by kkr is likely to be viewed positively by investors, as it suggests growth and expansion, although the lack of financial details introduces some uncertainty.",2,2019-02-21,KKR,2019-02-21 09:25:00+00:00,11990.0,48251W10,0.000422842655098,3911526.0,-0.0131022594869136,-0.0021097529679536,-0.0239828452467918,0.0072248224169015,0.0,0.0059855193831026,0.001755112200044,-0.0046808770857751,-0.0262812264263629,-0.0046590683050453,0.0148448012769222,0.007252562791109,0.0230496656149625,0.0116530191153287,-0.0090987468138337,0.0019354871474206,-0.0043725571595132,0.0004303024616092,-0.0021959219593554,-0.0210615005344152,-0.0145246451720595,0.0012653179001063,0.0254577808082103,0.0097955511882901,0.0100174853578209,0.0458796769380569,0.0271668452769517,-0.0048758289776742,0.0134340766817331,0.0044523770920932,0.0008285194053314,-0.0140474801883101,0.0144867710769176,-0.0021900674328207,-0.0122399488463997,0.021019646897912,-0.0053696474060416,0.0031404078472405,0.0182724483311176,0.005866474006325,-0.0350734330713748,-0.0289219915866851,-0.0042265588417649,0.0075055221095681,0.0055178725160658,0.0179775115102529,-0.019839646294713,0.0545023493468761,0.0017226923955604,0.0163776557892561,0.0098882000893354,-0.0066985352896153,0.0272456109523773,-0.0104167237877845,-0.0364690907299518,-0.0167597159743309,0.01462366245687,0.0165641456842422,0.0025434279814362,0.021266246214509,0.0063424785621464,0.0345000252127647,-0.0063025052659213,0.0689471364021301,-0.0317124724388122,-0.0463813319802284,0.0074235843494534,-0.0005093388608656,-0.0043346504680812,-0.0005091766361147,0.0161080043762922,-0.0100806839764118,0.0004284588212613,0.0112130120396614,0.0218415521085262,0.0503212250769138,-0.016345402225852,-0.0178759284317493,0.0123562384396791,-0.004709584172815,-0.0143097704276442,-0.0124030886217951,0.0153715033084154,-0.0281265433877706,0.0021025750320404,0.0055555864237248,0.0117499241605401,-0.01590465195477,0.0186644066125154,-0.0322270356118679,0.0101791536435484,-0.0170212164521217,-0.0145102264359593,0.0114777507260441,0.0077709048055112,-0.0094742188230156,-0.0170454587787389,0.0052381241694092,0.0185797177255153,-0.028227699920535,-0.0206728912889957,-0.0265765823423862,-0.0103476820513606,-0.0613107345998287,-0.0062735099345445,0.0318498909473419,0.0067340000532567,0.0079155806452035,0.0148411178961396,-0.0113043580204248,-0.0356107130646705,0.0304659642279148,0.0343494713306427,-0.0158730428665876,0.0049812756478786,0.0234657246619463,0.0185873936861753,0.0193192306905984,0.0004055242752656,0.0382043570280075,-0.0131022594869136,-0.0021097529679536,-0.0367708752720475,0.0050998268584108,-0.0367708752720475,0.0111158713540249,-0.0604395732005557,0.0016941552786267,-0.0397295238567652,0.001583377293066,-0.0004226607071813,0.1492309594804153,0.0480850316423446,0.1355104221585423,2019-02-22,2019-02-25,2019-02-26,2019-02-27,2019-02-28,2019-03-01,2019-03-04,2019-03-05,2019-03-06,2019-03-07,11990.0,2019-02-21,252.0,0.0423%,0.0003,1.2819,0.7218,0.1547,1.3375%,1.9256%,51.7546%,0.005957,KKR,11990.0,2019-02-22,252.0,-1.3102%,0.0002,1.2853,0.7165,0.1907,1.3455%,1.9275%,51.2736%,-0.023231,KKR,11990.0,2019-02-25,252.0,-2.3983%,0.0001,1.2849,0.7279,0.1949,1.3536%,1.9334%,50.9839%,-0.023805,KKR,11990.0,2019-02-26,252.0,0.0000%,0.0002,1.2886,0.7144,0.1908,1.3532%,1.9328%,50.9808%,0.007257,KKR,11990.0,2019-02-27,252.0,0.1755%,0.0002,1.2915,0.7091,0.1913,1.3526%,1.9326%,51.0157%,-0.000633,KKR,11990.0,2019-02-28,252.0,-2.6281%,0.0002,1.2926,0.7091,0.1973,1.3593%,1.9341%,50.6056%,-0.0220409999999999,KKR,11990.0,2019-03-01,252.0,1.4845%,0.0001,1.302,0.7231,0.21,1.3566%,1.9360%,50.9001%,0.004181,KKR,11990.0,2019-03-04,252.0,2.3050%,0.0002,1.3013,0.6968,0.2167,1.3705%,1.9412%,50.1574%,0.031803,KKR,11990.0,2019-03-05,252.0,-0.9099%,0.0003,1.3044,0.7181,0.2205,1.3691%,1.9418%,50.2866%,-0.0042959999999999,KKR,11990.0,2019-03-06,252.0,-0.4373%,0.0003,1.2941,0.6904,0.2051,1.3715%,1.9383%,49.9324%,0.015455,KKR,11990.0,2019-03-07,252.0,-0.2196%,0.0003,1.2889,0.6832,0.1962,1.3726%,1.9366%,49.7680%,0.009485,KKR,-0.017274,-0.041079,-0.033822,-0.056496,0.0001319999999999
5795,COCA COLA CO,"Coca-Cola Raises Dividend, Adds 150M To Share Buyback",6,increase,0.8,0.7,"raising dividends and increasing share buybacks are generally viewed positively by investors, indicating confidence in the company's financial health and potentially leading to a higher stock price.",2,2019-02-21,KO,2019-02-21 17:30:00+00:00,11308.0,19121610,0.0168514885008335,23121168.0,-0.0126472264528274,0.0060226772911846,-0.0075088376179337,-0.009062772616744,-0.0055629732087254,-0.0076770884916186,0.0055940928868949,-0.0843543037772178,0.0089007904753088,0.0026178224943578,0.0008822433883324,0.0010078459745272,0.0059497677721083,0.002222234616056,-0.0010953571181744,0.0016188148874789,-0.0032894236501306,0.0032480685040354,-0.0037404175382107,0.0,-0.0097172847017645,0.0002030116011155,0.0298840347677469,0.0112936189398169,-0.0028150945436209,0.0118429185822606,0.0036916825920343,0.0056414636783301,-0.0025962884537875,0.0097046215087175,-0.0087527688592672,0.0048760520294308,0.0024282694794237,-0.0042220978066325,0.0033032707870006,-0.0067099956795573,-0.0006585292867384,-0.0120157822966575,-0.0004392808768898,0.0115255499258637,0.0092287845909595,0.00231045181863,0.0021771930623799,0.0116871912032365,0.0132522406056523,0.0029838706832379,-0.000643198553007,-0.0136641059070825,-0.0006436125258915,0.0089077018201351,0.0060111372731626,-0.0040134903974831,-0.0029876097105443,0.005736147519201,-0.0032106491271406,0.0107365259900689,-0.0083744768053293,-0.0191659610718488,0.0064963023178279,0.0112885786220431,-0.0002151101944036,-0.0130334021523594,0.0017214980907738,0.0199399720877409,0.0025778503622859,-0.0061794356442987,-0.0006427851039916,-0.0088700773194432,0.0015008511254563,0.0031779175624251,0.0006423162994906,-0.0069429418072104,0.0055626509711146,0.0125692412257194,-0.0010638135718181,0.0213228799402713,0.0070287114940583,-0.0338448733091354,0.0042301346547901,0.0006310218595899,-0.0016848782543092,-0.0075156702660024,0.0170885547995567,-0.0086920149624347,-0.0047707851044833,-0.0002069550100713,-0.00291786971502,-0.0204701721668243,0.0087792258709669,-0.0026278768200427,0.0033153719268739,0.005079235881567,0.0132177453488111,-0.0064594205468893,-0.0095801306888461,0.0060925921425223,-0.0041160890832543,0.0030556432902812,0.0068196286447346,-0.0058728414587676,-0.0051313629373908,-0.0040338998660445,-0.0096967443823814,-0.0022136606276035,-0.0031250317115336,-0.0140873584896326,-0.0094043249264359,0.0289914663881063,0.016666604205966,-0.0068396613933146,-0.0029051543679088,0.0068867765367031,0.0133194467052817,0.0102312257513403,0.0100637031719088,-0.0030600065365433,0.0081334188580513,0.0059511782601475,-0.0076644020155072,-0.0131632545962929,-0.0126472264528274,0.0060226772911846,-0.0200610981010096,-0.0030946774803933,-0.0255124719584615,-0.0107480078591419,-0.0113388673660348,-0.0918244359682481,-0.0126472267978365,-0.0844498596756528,0.0223904488786161,-0.0394036698033136,0.0822205534072724,-0.0794025264327724,2019-02-22,2019-02-25,2019-02-26,2019-02-27,2019-02-28,2019-03-01,2019-03-04,2019-03-05,2019-03-06,2019-03-07,11308.0,2019-02-21,252.0,1.6851%,0.0003,0.3952,-0.5092,0.1057,0.9272%,1.0426%,20.9028%,0.018209,KO,11308.0,2019-02-22,252.0,-1.2647%,0.0003,0.3964,-0.4986,0.129,0.9279%,1.0414%,20.6243%,-0.010961,KO,11308.0,2019-02-25,252.0,-0.7509%,0.0003,0.3969,-0.4933,0.1339,0.9294%,1.0424%,20.5010%,-0.009267,KO,11308.0,2019-02-26,252.0,-0.5563%,0.0002,0.3963,-0.4815,0.1394,0.9304%,1.0404%,20.0240%,-0.007743,KO,11308.0,2019-02-27,252.0,0.5594%,0.0003,0.3997,-0.4858,0.14,0.9300%,1.0409%,20.1766%,0.00622,KO,11308.0,2019-02-28,252.0,0.8901%,0.0004,0.3946,-0.489,0.1339,0.9315%,1.0406%,19.8626%,0.010487,KO,11308.0,2019-03-01,252.0,0.0882%,0.0004,0.3903,-0.4953,0.1274,0.9305%,1.0388%,19.7708%,-9.5e-05,KO,11308.0,2019-03-04,252.0,0.5950%,0.0003,0.3963,-0.5198,0.1269,0.9267%,1.0391%,20.4559%,0.005411,KO,11308.0,2019-03-05,252.0,-0.1095%,0.0003,0.3943,-0.5365,0.1263,0.9245%,1.0383%,20.7217%,-0.001818,KO,11308.0,2019-03-06,252.0,-0.3289%,0.0003,0.3989,-0.5231,0.1333,0.9254%,1.0383%,20.5724%,-0.0068769999999999,KO,11308.0,2019-03-07,252.0,-0.3740%,0.0003,0.3986,-0.5259,0.1321,0.9253%,1.0386%,20.6418%,-0.000486,KO,0.0072479999999999,-0.002019,-0.009762,0.006945,0.00308
5803,COCA COLA CO,Coca-Cola Adds 150M To Buyback,6,increase,0.75,0.6,share buybacks typically signal confidence in the company's financial health and can lead to an increase in stock price due to reduced share supply.,2,2019-02-21,KO,2019-02-21 16:02:00+00:00,11308.0,19121610,0.0168514885008335,23121168.0,-0.0126472264528274,0.0060226772911846,-0.0075088376179337,-0.009062772616744,-0.0055629732087254,-0.0076770884916186,0.0055940928868949,-0.0843543037772178,0.0089007904753088,0.0026178224943578,0.0008822433883324,0.0010078459745272,0.0059497677721083,0.002222234616056,-0.0010953571181744,0.0016188148874789,-0.0032894236501306,0.0032480685040354,-0.0037404175382107,0.0,-0.0097172847017645,0.0002030116011155,0.0298840347677469,0.0112936189398169,-0.0028150945436209,0.0118429185822606,0.0036916825920343,0.0056414636783301,-0.0025962884537875,0.0097046215087175,-0.0087527688592672,0.0048760520294308,0.0024282694794237,-0.0042220978066325,0.0033032707870006,-0.0067099956795573,-0.0006585292867384,-0.0120157822966575,-0.0004392808768898,0.0115255499258637,0.0092287845909595,0.00231045181863,0.0021771930623799,0.0116871912032365,0.0132522406056523,0.0029838706832379,-0.000643198553007,-0.0136641059070825,-0.0006436125258915,0.0089077018201351,0.0060111372731626,-0.0040134903974831,-0.0029876097105443,0.005736147519201,-0.0032106491271406,0.0107365259900689,-0.0083744768053293,-0.0191659610718488,0.0064963023178279,0.0112885786220431,-0.0002151101944036,-0.0130334021523594,0.0017214980907738,0.0199399720877409,0.0025778503622859,-0.0061794356442987,-0.0006427851039916,-0.0088700773194432,0.0015008511254563,0.0031779175624251,0.0006423162994906,-0.0069429418072104,0.0055626509711146,0.0125692412257194,-0.0010638135718181,0.0213228799402713,0.0070287114940583,-0.0338448733091354,0.0042301346547901,0.0006310218595899,-0.0016848782543092,-0.0075156702660024,0.0170885547995567,-0.0086920149624347,-0.0047707851044833,-0.0002069550100713,-0.00291786971502,-0.0204701721668243,0.0087792258709669,-0.0026278768200427,0.0033153719268739,0.005079235881567,0.0132177453488111,-0.0064594205468893,-0.0095801306888461,0.0060925921425223,-0.0041160890832543,0.0030556432902812,0.0068196286447346,-0.0058728414587676,-0.0051313629373908,-0.0040338998660445,-0.0096967443823814,-0.0022136606276035,-0.0031250317115336,-0.0140873584896326,-0.0094043249264359,0.0289914663881063,0.016666604205966,-0.0068396613933146,-0.0029051543679088,0.0068867765367031,0.0133194467052817,0.0102312257513403,0.0100637031719088,-0.0030600065365433,0.0081334188580513,0.0059511782601475,-0.0076644020155072,-0.0131632545962929,-0.0126472264528274,0.0060226772911846,-0.0200610981010096,-0.0030946774803933,-0.0255124719584615,-0.0107480078591419,-0.0113388673660348,-0.0918244359682481,-0.0126472267978365,-0.0844498596756528,0.0223904488786161,-0.0394036698033136,0.0822205534072724,-0.0794025264327724,2019-02-22,2019-02-25,2019-02-26,2019-02-27,2019-02-28,2019-03-01,2019-03-04,2019-03-05,2019-03-06,2019-03-07,11308.0,2019-02-21,252.0,1.6851%,0.0003,0.3952,-0.5092,0.1057,0.9272%,1.0426%,20.9028%,0.018209,KO,11308.0,2019-02-22,252.0,-1.2647%,0.0003,0.3964,-0.4986,0.129,0.9279%,1.0414%,20.6243%,-0.010961,KO,11308.0,2019-02-25,252.0,-0.7509%,0.0003,0.3969,-0.4933,0.1339,0.9294%,1.0424%,20.5010%,-0.009267,KO,11308.0,2019-02-26,252.0,-0.5563%,0.0002,0.3963,-0.4815,0.1394,0.9304%,1.0404%,20.0240%,-0.007743,KO,11308.0,2019-02-27,252.0,0.5594%,0.0003,0.3997,-0.4858,0.14,0.9300%,1.0409%,20.1766%,0.00622,KO,11308.0,2019-02-28,252.0,0.8901%,0.0004,0.3946,-0.489,0.1339,0.9315%,1.0406%,19.8626%,0.010487,KO,11308.0,2019-03-01,252.0,0.0882%,0.0004,0.3903,-0.4953,0.1274,0.9305%,1.0388%,19.7708%,-9.5e-05,KO,11308.0,2019-03-04,252.0,0.5950%,0.0003,0.3963,-0.5198,0.1269,0.9267%,1.0391%,20.4559%,0.005411,KO,11308.0,2019-03-05,252.0,-0.1095%,0.0003,0.3943,-0.5365,0.1263,0.9245%,1.0383%,20.7217%,-0.001818,KO,11308.0,2019-03-06,252.0,-0.3289%,0.0003,0.3989,-0.5231,0.1333,0.9254%,1.0383%,20.5724%,-0.0068769999999999,KO,11308.0,2019-03-07,252.0,-0.3740%,0.0003,0.3986,-0.5259,0.1321,0.9253%,1.0386%,20.6418%,-0.000486,KO,0.0072479999999999,-0.002019,-0.009762,0.006945,0.00308
5811,COCA COLA CO,Coca-Cola Raises Qtr. Dividend From $0.39 To $0.40/Share,6,increase,0.8,0.6,"an increase in the quarterly dividend typically signals financial strength and can attract more investors, likely leading to a rise in stock price.",2,2019-02-21,KO,2019-02-21 16:02:00+00:00,11308.0,19121610,0.0168514885008335,23121168.0,-0.0126472264528274,0.0060226772911846,-0.0075088376179337,-0.009062772616744,-0.0055629732087254,-0.0076770884916186,0.0055940928868949,-0.0843543037772178,0.0089007904753088,0.0026178224943578,0.0008822433883324,0.0010078459745272,0.0059497677721083,0.002222234616056,-0.0010953571181744,0.0016188148874789,-0.0032894236501306,0.0032480685040354,-0.0037404175382107,0.0,-0.0097172847017645,0.0002030116011155,0.0298840347677469,0.0112936189398169,-0.0028150945436209,0.0118429185822606,0.0036916825920343,0.0056414636783301,-0.0025962884537875,0.0097046215087175,-0.0087527688592672,0.0048760520294308,0.0024282694794237,-0.0042220978066325,0.0033032707870006,-0.0067099956795573,-0.0006585292867384,-0.0120157822966575,-0.0004392808768898,0.0115255499258637,0.0092287845909595,0.00231045181863,0.0021771930623799,0.0116871912032365,0.0132522406056523,0.0029838706832379,-0.000643198553007,-0.0136641059070825,-0.0006436125258915,0.0089077018201351,0.0060111372731626,-0.0040134903974831,-0.0029876097105443,0.005736147519201,-0.0032106491271406,0.0107365259900689,-0.0083744768053293,-0.0191659610718488,0.0064963023178279,0.0112885786220431,-0.0002151101944036,-0.0130334021523594,0.0017214980907738,0.0199399720877409,0.0025778503622859,-0.0061794356442987,-0.0006427851039916,-0.0088700773194432,0.0015008511254563,0.0031779175624251,0.0006423162994906,-0.0069429418072104,0.0055626509711146,0.0125692412257194,-0.0010638135718181,0.0213228799402713,0.0070287114940583,-0.0338448733091354,0.0042301346547901,0.0006310218595899,-0.0016848782543092,-0.0075156702660024,0.0170885547995567,-0.0086920149624347,-0.0047707851044833,-0.0002069550100713,-0.00291786971502,-0.0204701721668243,0.0087792258709669,-0.0026278768200427,0.0033153719268739,0.005079235881567,0.0132177453488111,-0.0064594205468893,-0.0095801306888461,0.0060925921425223,-0.0041160890832543,0.0030556432902812,0.0068196286447346,-0.0058728414587676,-0.0051313629373908,-0.0040338998660445,-0.0096967443823814,-0.0022136606276035,-0.0031250317115336,-0.0140873584896326,-0.0094043249264359,0.0289914663881063,0.016666604205966,-0.0068396613933146,-0.0029051543679088,0.0068867765367031,0.0133194467052817,0.0102312257513403,0.0100637031719088,-0.0030600065365433,0.0081334188580513,0.0059511782601475,-0.0076644020155072,-0.0131632545962929,-0.0126472264528274,0.0060226772911846,-0.0200610981010096,-0.0030946774803933,-0.0255124719584615,-0.0107480078591419,-0.0113388673660348,-0.0918244359682481,-0.0126472267978365,-0.0844498596756528,0.0223904488786161,-0.0394036698033136,0.0822205534072724,-0.0794025264327724,2019-02-22,2019-02-25,2019-02-26,2019-02-27,2019-02-28,2019-03-01,2019-03-04,2019-03-05,2019-03-06,2019-03-07,11308.0,2019-02-21,252.0,1.6851%,0.0003,0.3952,-0.5092,0.1057,0.9272%,1.0426%,20.9028%,0.018209,KO,11308.0,2019-02-22,252.0,-1.2647%,0.0003,0.3964,-0.4986,0.129,0.9279%,1.0414%,20.6243%,-0.010961,KO,11308.0,2019-02-25,252.0,-0.7509%,0.0003,0.3969,-0.4933,0.1339,0.9294%,1.0424%,20.5010%,-0.009267,KO,11308.0,2019-02-26,252.0,-0.5563%,0.0002,0.3963,-0.4815,0.1394,0.9304%,1.0404%,20.0240%,-0.007743,KO,11308.0,2019-02-27,252.0,0.5594%,0.0003,0.3997,-0.4858,0.14,0.9300%,1.0409%,20.1766%,0.00622,KO,11308.0,2019-02-28,252.0,0.8901%,0.0004,0.3946,-0.489,0.1339,0.9315%,1.0406%,19.8626%,0.010487,KO,11308.0,2019-03-01,252.0,0.0882%,0.0004,0.3903,-0.4953,0.1274,0.9305%,1.0388%,19.7708%,-9.5e-05,KO,11308.0,2019-03-04,252.0,0.5950%,0.0003,0.3963,-0.5198,0.1269,0.9267%,1.0391%,20.4559%,0.005411,KO,11308.0,2019-03-05,252.0,-0.1095%,0.0003,0.3943,-0.5365,0.1263,0.9245%,1.0383%,20.7217%,-0.001818,KO,11308.0,2019-03-06,252.0,-0.3289%,0.0003,0.3989,-0.5231,0.1333,0.9254%,1.0383%,20.5724%,-0.0068769999999999,KO,11308.0,2019-03-07,252.0,-0.3740%,0.0003,0.3986,-0.5259,0.1321,0.9253%,1.0386%,20.6418%,-0.000486,KO,0.0072479999999999,-0.002019,-0.009762,0.006945,0.00308
5819,LEIDOS HOLDINGS INC,Leidos Reports $200M Accelerated Buyback,6,increase,0.8,0.6,the announcement of a $200m accelerated buyback typically signals confidence in the company's financial health and can lead to an increase in stock price due to reduced share supply and positive investor sentiment.,2,2019-02-21,LDOS,2019-02-21 11:46:00+00:00,91547.0,52532710,0.0205901507288217,1962452.0,0.0244638137519359,-0.0101107535883784,0.0026361576747149,-0.0167271196842193,-0.0171667858958244,0.0166853368282318,0.0058221705257892,0.0017679301090538,0.0104818241670727,0.0032247784547507,0.0060381954535841,0.001291602035053,-0.0135427033528685,-0.0022552062291651,-0.008112272247672,-0.0102040721103549,-0.0086505664512515,0.0205011740326881,-0.0095192529261112,0.0029373418074101,0.0001601525145815,0.0092226210981607,0.0118514047935605,0.0267162974923849,-0.0023741931654512,0.0196551624685525,0.0050769429653882,-0.0032651422079652,-0.0045776921324431,0.0118240360170602,0.0014344939263537,0.0073567731305956,0.0105045335367322,0.0007011553971096,-0.0029926355928182,0.0120631596073508,-0.0006319259991869,0.0039180302992463,0.0077458377927541,0.0005346150137484,-0.0119215426966548,-0.0133614996448159,-0.0057152025401592,0.0142653211951255,0.0118153896182775,0.0144718354567885,-0.0015780096873641,-0.0019859289750456,0.007270413916558,0.0010843585478141,0.0056487806141376,-0.0016238964162766,0.012482495047152,0.0092878947034478,-0.0192633680999279,0.006230532657355,0.0006285498966462,0.012242623604834,0.0047110430896282,0.0076635484583675,0.0096905119717121,0.0022480129264295,0.0030960461590439,0.0399376414716243,-0.0123457256704568,-0.0138328038156032,0.0096875429153442,-0.012708687223494,0.0097492607310414,0.006106864195317,0.0013792542740702,-0.0030441370327025,-0.0058156913146376,0.0032449320424348,0.0026169668417423,0.0366046391427516,-0.0004605985013768,-0.0169227570295333,0.0023041709791868,-0.0413947626948356,0.0022988738492131,-0.0157827232033014,0.0169724859297275,-0.0173128768801689,0.0003006561892107,-0.0010808423394337,-0.0021043047308921,-0.0269938819110393,0.0024100567679852,-0.0183093678206205,0.0048084100708365,-0.0174848847091198,0.0988485142588615,0.0153635656461119,-0.0085738273337483,-0.0151310982182622,0.0039807949215173,0.0103618251159787,0.017910823225975,-0.0230667013674974,-0.0045667742379009,0.0222221799194812,-0.0078262286260724,-0.0580057688057422,0.0087039219215512,-0.0066666374914348,0.0114601384848356,0.0148195577785372,0.0061317877843976,-0.0180322583764791,-0.0226550959050655,0.0074900593608617,0.0071845795027911,-0.0164576675742864,0.0100942123681306,0.0143083892762661,0.0165222901850938,-0.0022208024747669,-0.0039324034005403,0.0096092615276575,0.0244638137519359,-0.0101107535883784,0.0271644618970259,-0.0266687494872273,0.0095313494998399,-0.0104283897269775,0.0260523519014435,-0.0054821053451018,-0.0082605318214318,0.0065274392623091,0.0215460416952877,0.1528972012533818,0.2133054390794473,-0.0066308171031215,2019-02-22,2019-02-25,2019-02-26,2019-02-27,2019-02-28,2019-03-01,2019-03-04,2019-03-05,2019-03-06,2019-03-07,91547.0,2019-02-21,252.0,2.0590%,-0.0002,0.9209,0.2999,0.2045,1.1181%,1.4643%,41.6980%,0.024612,LDOS,91547.0,2019-02-22,252.0,2.4464%,-0.0001,0.9173,0.3236,0.1828,1.1213%,1.4691%,41.7457%,0.019734,LDOS,91547.0,2019-02-25,252.0,0.2636%,-0.0001,0.9183,0.3235,0.1864,1.1200%,1.4683%,41.8129%,0.002331,LDOS,91547.0,2019-02-26,252.0,-1.7167%,-0.0001,0.9278,0.3323,0.1981,1.1207%,1.4723%,42.0618%,-0.0131119999999999,LDOS,91547.0,2019-02-27,252.0,0.5822%,-0.0001,0.9279,0.3336,0.1981,1.1210%,1.4717%,41.9793%,0.004493,LDOS,91547.0,2019-02-28,252.0,1.0482%,0.0,0.9221,0.3301,0.1907,1.1238%,1.4689%,41.4658%,0.013687,LDOS,91547.0,2019-03-01,252.0,0.6038%,0.0001,0.9114,0.3142,0.1746,1.1185%,1.4575%,41.1072%,-0.0008849999999999,LDOS,91547.0,2019-03-04,252.0,-1.3543%,-0.0,0.9194,0.2953,0.1708,1.1158%,1.4595%,41.5507%,-0.008317,LDOS,91547.0,2019-03-05,252.0,-0.8112%,-0.0001,0.9179,0.2803,0.1717,1.1143%,1.4553%,41.3702%,-0.005314,LDOS,91547.0,2019-03-06,252.0,-0.8651%,-0.0001,0.914,0.2776,0.1669,1.1139%,1.4535%,41.2707%,0.002433,LDOS,91547.0,2019-03-07,252.0,-0.9519%,-0.0001,0.9149,0.2795,0.1686,1.1139%,1.4545%,41.3516%,-0.001369,LDOS,0.044346,0.0466769999999999,0.033565,0.0517449999999999,0.0382929999999999
5827,LEE ENTERPRISES INC,"Lee Enterprises Reports Its TownNews Subsidiary Purchased Digital CMS Business, No Terms Disclosed",6,uncertain,0.6,0.3,"the acquisition of a digital cms business could potentially enhance lee enterprises' capabilities and revenue streams, but without disclosed terms or details on the financial impact, the overall effect on stock price remains uncertain.",1,2019-02-21,LEE,2019-02-21 22:40:00+00:00,50286.0,52376840,0.0307692941278219,278231.0,0.0746268779039383,-0.0151515901088714,0.0104166567325592,0.0114943338558077,0.0171821136027574,-0.0076046460308134,0.0101351253688335,-0.0075471624732017,0.0200668703764677,-0.003759394865483,0.0327869318425655,0.0037735812366008,-0.0095238760113716,-0.0111940186470747,0.0320513285696506,-0.007407400291413,-0.0124223483726382,0.0112359439954161,0.072327047586441,-0.007434937171638,-0.020527908578515,0.0037313397042453,0.0449102111160755,-0.0183150004595518,0.0286532677710056,0.0,-0.0083565386012196,0.0224718879908323,-0.0252808760851621,-0.0219780001789331,0.0230547320097684,-0.0520833656191825,-0.0197182912379503,0.0746268779039383,0.0028735604137182,0.0428016111254692,0.0200572870671749,0.0118110124021768,-0.0533708035945892,0.0452674441039562,-0.0118694249540567,-0.0318724811077117,-0.0570570044219493,-0.0233462825417518,0.0063694203272461,0.0078431302681565,-0.0158228445798158,0.0323886312544345,0.0257235262542963,0.0555556081235408,0.0344827249646186,0.0,0.0272727739065885,-0.0370371006429195,0.0176990982145071,0.0340426228940486,-0.0028985480312258,0.0730592906475067,-0.0319767817854881,0.0092165805399417,-0.0390390008687973,-0.0136363506317138,-0.025000050663948,0.0426541045308113,0.0128205772489309,0.0047619002871215,-0.0063291075639426,-0.0047393320128321,-0.022293047979474,-0.0093897739425301,0.0065146517008543,0.0094787776470184,-0.0129449721425771,0.014423063956201,0.0098360562697052,0.055837508291006,-0.0064935004338622,-0.0436892807483673,0.0,0.0198019612580537,0.01307188346982,0.052083346992731,0.0129032908007502,0.0105263059958815,-0.0509554408490657,-0.0155440270900726,-0.0167785082012414,-0.0051546953618526,0.0375426262617111,-0.0628018751740455,-0.0723684281110763,0.0048543643206357,-0.007092191837728,-0.0048309136182069,0.0035714253317564,-0.023584883660078,-0.0177935771644115,-0.0275230184197425,-0.0072463699616491,0.0,-0.0036496315151453,-0.0045662056654691,0.0109890000894665,-0.0045454502105712,-0.0507246740162372,-0.0178571250289678,-0.0305343233048915,-0.0386265739798545,0.043307140469551,-0.0127118527889251,-0.0037735812366008,0.0042553152889013,0.0681817531585693,0.0217391103506088,0.0921985805034637,-0.017094001173973,-0.0032467502169311,0.0129870008677244,-0.0162866301834583,0.004347822163254,0.0746268779039383,-0.0151515901088714,0.0858208972066454,-0.0038314136882213,0.1044775952146981,-0.0114069231741382,0.138059651772302,-0.0225564583639834,0.2723880529857043,-0.0334573050488558,0.2425372484446073,0.1981565881812761,0.1268656405991699,0.1304347576501807,2019-02-22,2019-02-25,2019-02-26,2019-02-27,2019-02-28,2019-03-01,2019-03-04,2019-03-05,2019-03-06,2019-03-07,50286.0,2019-02-21,252.0,3.0769%,0.0009,0.4127,0.1799,0.5485,3.0984%,3.1269%,1.8172%,0.033638,LEE,50286.0,2019-02-22,252.0,7.4627%,0.001,0.4034,0.1443,0.4049,3.1266%,3.1513%,1.5637%,0.078917,LEE,50286.0,2019-02-25,252.0,1.0417%,0.001,0.4034,0.1395,0.4025,3.1272%,3.1518%,1.5598%,0.010816,LEE,50286.0,2019-02-26,252.0,1.7182%,0.0012,0.4151,0.1019,0.3922,3.1251%,3.1508%,1.6244%,0.019948,LEE,50286.0,2019-02-27,252.0,1.0135%,0.0013,0.4265,0.0842,0.3941,3.1215%,3.1484%,1.7048%,0.009938,LEE,50286.0,2019-02-28,252.0,2.0067%,0.0016,0.4024,0.0684,0.3716,3.1154%,3.1394%,1.5183%,0.022257,LEE,50286.0,2019-03-01,252.0,3.2787%,0.0015,0.4373,0.1203,0.412,3.1067%,3.1349%,1.7885%,0.031088,LEE,50286.0,2019-03-04,252.0,-0.9524%,0.0014,0.4493,0.0893,0.4068,3.1039%,3.1333%,1.8714%,-0.008466,LEE,50286.0,2019-03-05,252.0,3.2051%,0.0017,0.4583,0.181,0.4013,3.0840%,3.1151%,1.9873%,0.033978,LEE,50286.0,2019-03-06,252.0,-1.2422%,0.0017,0.4654,0.1949,0.4111,3.0841%,3.1164%,2.0586%,-0.006542,LEE,50286.0,2019-03-07,252.0,7.2327%,0.002,0.4318,0.1793,0.3621,3.1205%,3.1480%,1.7374%,0.0775469999999999,LEE,0.112555,0.123371,0.143319,0.175514,0.303119
5835,LENNAR CORP,"Wedbush Downgrades Lennar to Neutral, Announces $50",6,decrease,0.8,0.6,"a downgrade from wedbush typically signals reduced confidence in the stock's performance, which is likely to lead to a decrease in stock price.",0,2019-02-21,LEN,2019-02-21 12:35:00+00:00,52708.0,52605710,0.0055158417671918,3664603.0,0.0209264270961284,-0.0087079852819442,-0.0121393157169222,0.0098159415647387,-0.0036261142231523,0.0136815886944532,-0.0125353606417775,0.0014532594941556,-0.017608530819416,-0.0090516852214932,-0.0197999328374862,0.0569688826799392,0.0121199171990156,-0.0008689355454407,-0.0308822989463806,-0.0034639500081539,-0.0049858991988003,0.0023870831355452,0.0359476618468761,-0.0176934134215116,0.0037854954134672,0.0049271536991,0.0163418985903263,-0.0099682118743658,0.001030778279528,-0.0056937295012176,-0.0100906435400247,0.0219826847314834,-0.0010401338804513,0.0097932703793048,-0.0060391691513359,0.0321204029023647,0.0027236763853579,-0.0008976865792647,-0.0265357382595539,-0.0069087934680283,-0.0079415952786803,0.0286303050816059,0.0292081013321876,0.0034475184511393,0.0056758555583655,-0.0133786890655756,0.0357441268861293,-0.0151853580027818,0.003229058580473,-0.0127866361290216,0.0394286699593067,-0.0113339247182011,-0.0369653552770614,0.0150442542508244,-0.0134645942598581,-0.026071947067976,-0.0036667408421635,0.0274518877267837,-0.0010222701821476,-0.0241953488439321,0.0194433219730854,0.0792725980281829,0.0176670793443918,0.0120339384302496,0.0195305123925209,0.0283912159502506,-0.007352961692959,0.0419721826910972,-0.0208576936274766,-0.0102602569386363,0.0121441492810845,0.0206895917654037,0.0090479757636785,-0.0071011609397828,-0.006432709749788,-0.0017721442272886,0.0033352591563016,0.0010137079516425,0.0050841248594224,0.0367839634418487,0.0099221458658576,-0.023100558668375,0.0192641112953424,-0.0469667799770832,-0.0154980095103383,-0.0036558059509843,0.0078709721565246,0.0004876971070189,0.0032406020909547,0.0247375778853893,-0.0203306041657924,-0.0047251586802303,0.0091155432164669,-0.0171107500791549,0.002498579211533,-0.0065565919503569,-0.0024923516903072,0.0175438374280929,0.0003844024322461,-0.0158073380589485,0.0059558381326496,-0.0209524072706699,-0.0024828317109495,-0.0108337048441171,-0.0072755324654281,0.0323364436626434,-0.0019286109600216,-0.0568676814436912,-0.0119806556031107,0.0205944553017616,0.0127126481384038,-0.0072026341222226,0.0015450334176421,-0.019143121317029,-0.0075202351436018,0.0235596485435962,0.024868831038475,0.0007002516067586,0.0032227141782641,0.0023396927863359,0.0139834033325314,-0.000934948620852,-0.009876980446279,0.0151874562725424,0.0209264270961284,-0.0087079852819442,0.0085330788738591,0.0010224792081203,0.004876022732035,0.0147180570425478,-0.0251930454639547,0.006994449196527,-0.0339293366027771,0.0434875511148404,0.0298658552752333,0.156055618295843,0.0802623058076221,0.1626397387520637,2019-02-22,2019-02-25,2019-02-26,2019-02-27,2019-02-28,2019-03-01,2019-03-04,2019-03-05,2019-03-06,2019-03-07,52708.0,2019-02-21,252.0,0.5516%,-0.0007,0.9221,0.8816,0.3005,1.8085%,2.0785%,24.2971%,0.010218,LEN,52708.0,2019-02-22,252.0,2.0926%,-0.0006,0.9193,0.9004,0.2843,1.8095%,2.0823%,24.4872%,0.0144009999999999,LEN,52708.0,2019-02-25,252.0,-1.2139%,-0.0007,0.919,0.9051,0.2858,1.8105%,2.0835%,24.4874%,-0.010765,LEN,52708.0,2019-02-26,252.0,-0.3626%,-0.0006,0.9175,0.8994,0.2818,1.8108%,2.0825%,24.3886%,0.00448,LEN,52708.0,2019-02-27,252.0,-1.2535%,-0.0007,0.9163,0.8974,0.2815,1.8130%,2.0833%,24.2703%,-0.014832,LEN,52708.0,2019-02-28,252.0,-1.7609%,-0.0007,0.9103,0.8928,0.2803,1.8120%,2.0777%,23.9412%,-0.0143439999999999,LEN,52708.0,2019-03-01,252.0,-1.9800%,-0.0008,0.9024,0.8811,0.2808,1.8200%,2.0781%,23.3017%,-0.027912,LEN,52708.0,2019-03-04,252.0,1.2120%,-0.0008,0.9078,0.8454,0.2835,1.8212%,2.0777%,23.1626%,0.019152,LEN,52708.0,2019-03-05,252.0,-3.0882%,-0.0008,0.9147,0.8828,0.2978,1.8266%,2.0864%,23.3568%,-0.026128,LEN,52708.0,2019-03-06,252.0,-0.4986%,-0.0008,0.9044,0.8569,0.2826,1.8280%,2.0844%,23.0862%,0.0136119999999999,LEN,52708.0,2019-03-07,252.0,3.5948%,-0.0007,0.8819,0.8364,0.2469,1.8499%,2.0949%,22.0211%,0.044806,LEN,0.024619,0.0138539999999999,0.018334,-0.010842,0.012688
5843,LENNAR CORP,"Wedbush Downgrades Lennar to Neutral, Announces $50",6,decrease,0.8,0.6,"a downgrade from wedbush typically signals reduced confidence in the company's performance, which is likely to lead to a decrease in stock price.",0,2019-02-21,LEN,2019-02-21 12:35:00+00:00,52708.0,52605710,0.0055158417671918,3664603.0,0.0209264270961284,-0.0087079852819442,-0.0121393157169222,0.0098159415647387,-0.0036261142231523,0.0136815886944532,-0.0125353606417775,0.0014532594941556,-0.017608530819416,-0.0090516852214932,-0.0197999328374862,0.0569688826799392,0.0121199171990156,-0.0008689355454407,-0.0308822989463806,-0.0034639500081539,-0.0049858991988003,0.0023870831355452,0.0359476618468761,-0.0176934134215116,0.0037854954134672,0.0049271536991,0.0163418985903263,-0.0099682118743658,0.001030778279528,-0.0056937295012176,-0.0100906435400247,0.0219826847314834,-0.0010401338804513,0.0097932703793048,-0.0060391691513359,0.0321204029023647,0.0027236763853579,-0.0008976865792647,-0.0265357382595539,-0.0069087934680283,-0.0079415952786803,0.0286303050816059,0.0292081013321876,0.0034475184511393,0.0056758555583655,-0.0133786890655756,0.0357441268861293,-0.0151853580027818,0.003229058580473,-0.0127866361290216,0.0394286699593067,-0.0113339247182011,-0.0369653552770614,0.0150442542508244,-0.0134645942598581,-0.026071947067976,-0.0036667408421635,0.0274518877267837,-0.0010222701821476,-0.0241953488439321,0.0194433219730854,0.0792725980281829,0.0176670793443918,0.0120339384302496,0.0195305123925209,0.0283912159502506,-0.007352961692959,0.0419721826910972,-0.0208576936274766,-0.0102602569386363,0.0121441492810845,0.0206895917654037,0.0090479757636785,-0.0071011609397828,-0.006432709749788,-0.0017721442272886,0.0033352591563016,0.0010137079516425,0.0050841248594224,0.0367839634418487,0.0099221458658576,-0.023100558668375,0.0192641112953424,-0.0469667799770832,-0.0154980095103383,-0.0036558059509843,0.0078709721565246,0.0004876971070189,0.0032406020909547,0.0247375778853893,-0.0203306041657924,-0.0047251586802303,0.0091155432164669,-0.0171107500791549,0.002498579211533,-0.0065565919503569,-0.0024923516903072,0.0175438374280929,0.0003844024322461,-0.0158073380589485,0.0059558381326496,-0.0209524072706699,-0.0024828317109495,-0.0108337048441171,-0.0072755324654281,0.0323364436626434,-0.0019286109600216,-0.0568676814436912,-0.0119806556031107,0.0205944553017616,0.0127126481384038,-0.0072026341222226,0.0015450334176421,-0.019143121317029,-0.0075202351436018,0.0235596485435962,0.024868831038475,0.0007002516067586,0.0032227141782641,0.0023396927863359,0.0139834033325314,-0.000934948620852,-0.009876980446279,0.0151874562725424,0.0209264270961284,-0.0087079852819442,0.0085330788738591,0.0010224792081203,0.004876022732035,0.0147180570425478,-0.0251930454639547,0.006994449196527,-0.0339293366027771,0.0434875511148404,0.0298658552752333,0.156055618295843,0.0802623058076221,0.1626397387520637,2019-02-22,2019-02-25,2019-02-26,2019-02-27,2019-02-28,2019-03-01,2019-03-04,2019-03-05,2019-03-06,2019-03-07,52708.0,2019-02-21,252.0,0.5516%,-0.0007,0.9221,0.8816,0.3005,1.8085%,2.0785%,24.2971%,0.010218,LEN,52708.0,2019-02-22,252.0,2.0926%,-0.0006,0.9193,0.9004,0.2843,1.8095%,2.0823%,24.4872%,0.0144009999999999,LEN,52708.0,2019-02-25,252.0,-1.2139%,-0.0007,0.919,0.9051,0.2858,1.8105%,2.0835%,24.4874%,-0.010765,LEN,52708.0,2019-02-26,252.0,-0.3626%,-0.0006,0.9175,0.8994,0.2818,1.8108%,2.0825%,24.3886%,0.00448,LEN,52708.0,2019-02-27,252.0,-1.2535%,-0.0007,0.9163,0.8974,0.2815,1.8130%,2.0833%,24.2703%,-0.014832,LEN,52708.0,2019-02-28,252.0,-1.7609%,-0.0007,0.9103,0.8928,0.2803,1.8120%,2.0777%,23.9412%,-0.0143439999999999,LEN,52708.0,2019-03-01,252.0,-1.9800%,-0.0008,0.9024,0.8811,0.2808,1.8200%,2.0781%,23.3017%,-0.027912,LEN,52708.0,2019-03-04,252.0,1.2120%,-0.0008,0.9078,0.8454,0.2835,1.8212%,2.0777%,23.1626%,0.019152,LEN,52708.0,2019-03-05,252.0,-3.0882%,-0.0008,0.9147,0.8828,0.2978,1.8266%,2.0864%,23.3568%,-0.026128,LEN,52708.0,2019-03-06,252.0,-0.4986%,-0.0008,0.9044,0.8569,0.2826,1.8280%,2.0844%,23.0862%,0.0136119999999999,LEN,52708.0,2019-03-07,252.0,3.5948%,-0.0007,0.8819,0.8364,0.2469,1.8499%,2.0949%,22.0211%,0.044806,LEN,0.024619,0.0138539999999999,0.018334,-0.010842,0.012688
5851,ALLIANT ENERGY CORP,"Alliant Energy Q4 Adj.EPS $0.36 Beats $0.35 Estimate, Sales $873.5M Beat $853.56M Estimate",6,increase,0.8,0.6,"the company reported better-than-expected earnings and sales, which typically boosts investor confidence and can lead to an increase in stock price.",2,2019-02-21,LNT,2019-02-21 23:04:00+00:00,58819.0,01880210,0.0101838149130344,1361782.0,0.0010957536287605,0.0004428935062605,-0.0074430857785046,0.0037795016542077,0.0026466459967195,0.0022281298879534,-0.0002199366863351,-0.0004454444861039,0.0092408834025263,-0.0011123300064355,0.0,0.0006679117213934,0.0089383004233241,-0.0017778184264898,-0.0082108313217759,0.0058113168925046,0.0026143556460738,0.011530683375895,0.003694006241858,-0.0029305920470505,0.0012990122195333,0.0024858894757926,0.0095134833827614,0.0020380469504743,0.0098522789776325,-0.0069710225798189,-0.0002121343713952,0.0263097006827592,-0.0044547962024807,0.0149860801175236,0.0100149419158697,0.0018622400239109,-0.006329177878797,-0.0032482459209859,-0.0135880978778004,-0.0186703037470579,0.0025829260703176,0.0064161042682826,0.0115928957238793,0.0115901716053485,0.0091256434097886,0.004423716571182,0.0008412390598095,0.0098754288628697,0.0056734704412519,0.0033026514574885,-0.0058503714390099,0.0085653252899646,-0.0142917251214385,0.0189090613275766,0.0049040410667657,-0.016920855268836,-0.0059410692192614,-0.0129381148144602,-0.0064033991657197,0.0196689795702695,-0.0004296553961466,-0.0090325903147459,-0.0045131975784897,0.0154477283358573,0.0090674003586173,-0.006951124407351,-0.0081301042810082,0.012130033224821,0.0017255827551707,0.0017010860610753,-0.0032299249432981,-0.0260354671627283,0.0073450021445751,0.0047562606632709,0.0038601823616772,0.0014288534875959,-0.0017090756446123,0.0074376529082655,-0.0134817259386181,0.0114050284028053,-0.0043383287265896,-0.0515535473823547,0.0017428761348128,-0.008443608880043,-0.0008699633763171,0.0022872476838529,0.0065303235314786,-0.0045536649413406,0.0095155406743288,-0.0047587333247065,0.0040702363476157,-0.0262576919049024,0.0023469300940632,-0.0173460375517606,-0.0073435669764876,0.0050119752995669,0.0205272417515516,-0.0084269531071186,-0.0095278583467006,0.0074009611271321,-0.0021376330405473,0.0021814676001667,0.0115681430324912,0.0026246483903378,-0.0019059752812609,-0.009746522642672,-0.005304476711899,0.0058822794817388,-0.0153583874925971,0.0112360026687383,0.0025996302720159,0.0161182284355163,0.0194468796253204,-0.0022336896508932,0.0142008941620588,-0.0004465384408831,-0.0104493210092186,0.0112892296165227,-0.0008447117870673,0.0070486897602677,0.0097230831161141,-0.0020422090310603,0.0069080595858395,-0.0262925028800964,0.0010957536287605,0.0004428935062605,-0.006355487937995,0.0042240690772077,-0.0037256626679836,0.0064616107397208,0.0052596502065942,0.0048942691976654,0.0122725727736952,0.0182596379631381,0.0151215983803361,0.0992052329236841,0.0622169180461844,0.0061881312826042,2019-02-22,2019-02-25,2019-02-26,2019-02-27,2019-02-28,2019-03-01,2019-03-04,2019-03-05,2019-03-06,2019-03-07,58819.0,2019-02-21,252.0,1.0184%,0.0007,0.1391,-0.4684,-0.1276,1.0459%,1.0844%,6.9735%,0.010054,LNT,58819.0,2019-02-22,252.0,0.1096%,0.0008,0.1386,-0.4555,-0.1218,1.0442%,1.0807%,6.6546%,0.000792,LNT,58819.0,2019-02-25,252.0,-0.7443%,0.0007,0.1384,-0.4507,-0.1199,1.0460%,1.0820%,6.5441%,-0.009154,LNT,58819.0,2019-02-26,252.0,0.2647%,0.0007,0.1288,-0.4397,-0.1215,1.0408%,1.0743%,6.1452%,-0.000512,LNT,58819.0,2019-02-27,252.0,-0.0220%,0.0007,0.1295,-0.4411,-0.1214,1.0407%,1.0742%,6.1439%,0.000254,LNT,58819.0,2019-02-28,252.0,0.9241%,0.0008,0.1178,-0.4488,-0.1319,1.0355%,1.0687%,6.1005%,0.009327,LNT,58819.0,2019-03-01,252.0,0.0000%,0.0008,0.1142,-0.4543,-0.1371,1.0349%,1.0683%,6.1417%,-0.000164,LNT,58819.0,2019-03-04,252.0,0.8938%,0.0008,0.1137,-0.4594,-0.1355,1.0360%,1.0690%,6.0858%,0.0081599999999999,LNT,58819.0,2019-03-05,252.0,-0.8211%,0.0008,0.1164,-0.4456,-0.1297,1.0378%,1.0694%,5.8181%,-0.009857,LNT,58819.0,2019-03-06,252.0,0.2614%,0.0007,0.1094,-0.4329,-0.1357,1.0335%,1.0636%,5.5702%,-0.002061,LNT,58819.0,2019-03-07,252.0,0.3694%,0.0008,0.1123,-0.4124,-0.1261,1.0277%,1.0559%,5.2795%,0.00375,LNT,0.010846,0.0016919999999999,0.0011799999999999,0.010761,0.010589
5859,ALLIANT ENERGY CORP,Alliant Energy FY18 Adj. EPS $2.17 vs $1.93 In FY17,6,increase,0.8,0.6,"the increase in adjusted eps from $1.93 to $2.17 indicates improved profitability, which is likely to positively influence investor sentiment and drive the stock price higher.",2,2019-02-21,LNT,2019-02-21 23:01:00+00:00,58819.0,01880210,0.0101838149130344,1361782.0,0.0010957536287605,0.0004428935062605,-0.0074430857785046,0.0037795016542077,0.0026466459967195,0.0022281298879534,-0.0002199366863351,-0.0004454444861039,0.0092408834025263,-0.0011123300064355,0.0,0.0006679117213934,0.0089383004233241,-0.0017778184264898,-0.0082108313217759,0.0058113168925046,0.0026143556460738,0.011530683375895,0.003694006241858,-0.0029305920470505,0.0012990122195333,0.0024858894757926,0.0095134833827614,0.0020380469504743,0.0098522789776325,-0.0069710225798189,-0.0002121343713952,0.0263097006827592,-0.0044547962024807,0.0149860801175236,0.0100149419158697,0.0018622400239109,-0.006329177878797,-0.0032482459209859,-0.0135880978778004,-0.0186703037470579,0.0025829260703176,0.0064161042682826,0.0115928957238793,0.0115901716053485,0.0091256434097886,0.004423716571182,0.0008412390598095,0.0098754288628697,0.0056734704412519,0.0033026514574885,-0.0058503714390099,0.0085653252899646,-0.0142917251214385,0.0189090613275766,0.0049040410667657,-0.016920855268836,-0.0059410692192614,-0.0129381148144602,-0.0064033991657197,0.0196689795702695,-0.0004296553961466,-0.0090325903147459,-0.0045131975784897,0.0154477283358573,0.0090674003586173,-0.006951124407351,-0.0081301042810082,0.012130033224821,0.0017255827551707,0.0017010860610753,-0.0032299249432981,-0.0260354671627283,0.0073450021445751,0.0047562606632709,0.0038601823616772,0.0014288534875959,-0.0017090756446123,0.0074376529082655,-0.0134817259386181,0.0114050284028053,-0.0043383287265896,-0.0515535473823547,0.0017428761348128,-0.008443608880043,-0.0008699633763171,0.0022872476838529,0.0065303235314786,-0.0045536649413406,0.0095155406743288,-0.0047587333247065,0.0040702363476157,-0.0262576919049024,0.0023469300940632,-0.0173460375517606,-0.0073435669764876,0.0050119752995669,0.0205272417515516,-0.0084269531071186,-0.0095278583467006,0.0074009611271321,-0.0021376330405473,0.0021814676001667,0.0115681430324912,0.0026246483903378,-0.0019059752812609,-0.009746522642672,-0.005304476711899,0.0058822794817388,-0.0153583874925971,0.0112360026687383,0.0025996302720159,0.0161182284355163,0.0194468796253204,-0.0022336896508932,0.0142008941620588,-0.0004465384408831,-0.0104493210092186,0.0112892296165227,-0.0008447117870673,0.0070486897602677,0.0097230831161141,-0.0020422090310603,0.0069080595858395,-0.0262925028800964,0.0010957536287605,0.0004428935062605,-0.006355487937995,0.0042240690772077,-0.0037256626679836,0.0064616107397208,0.0052596502065942,0.0048942691976654,0.0122725727736952,0.0182596379631381,0.0151215983803361,0.0992052329236841,0.0622169180461844,0.0061881312826042,2019-02-22,2019-02-25,2019-02-26,2019-02-27,2019-02-28,2019-03-01,2019-03-04,2019-03-05,2019-03-06,2019-03-07,58819.0,2019-02-21,252.0,1.0184%,0.0007,0.1391,-0.4684,-0.1276,1.0459%,1.0844%,6.9735%,0.010054,LNT,58819.0,2019-02-22,252.0,0.1096%,0.0008,0.1386,-0.4555,-0.1218,1.0442%,1.0807%,6.6546%,0.000792,LNT,58819.0,2019-02-25,252.0,-0.7443%,0.0007,0.1384,-0.4507,-0.1199,1.0460%,1.0820%,6.5441%,-0.009154,LNT,58819.0,2019-02-26,252.0,0.2647%,0.0007,0.1288,-0.4397,-0.1215,1.0408%,1.0743%,6.1452%,-0.000512,LNT,58819.0,2019-02-27,252.0,-0.0220%,0.0007,0.1295,-0.4411,-0.1214,1.0407%,1.0742%,6.1439%,0.000254,LNT,58819.0,2019-02-28,252.0,0.9241%,0.0008,0.1178,-0.4488,-0.1319,1.0355%,1.0687%,6.1005%,0.009327,LNT,58819.0,2019-03-01,252.0,0.0000%,0.0008,0.1142,-0.4543,-0.1371,1.0349%,1.0683%,6.1417%,-0.000164,LNT,58819.0,2019-03-04,252.0,0.8938%,0.0008,0.1137,-0.4594,-0.1355,1.0360%,1.0690%,6.0858%,0.0081599999999999,LNT,58819.0,2019-03-05,252.0,-0.8211%,0.0008,0.1164,-0.4456,-0.1297,1.0378%,1.0694%,5.8181%,-0.009857,LNT,58819.0,2019-03-06,252.0,0.2614%,0.0007,0.1094,-0.4329,-0.1357,1.0335%,1.0636%,5.5702%,-0.002061,LNT,58819.0,2019-03-07,252.0,0.3694%,0.0008,0.1123,-0.4124,-0.1261,1.0277%,1.0559%,5.2795%,0.00375,LNT,0.010846,0.0016919999999999,0.0011799999999999,0.010761,0.010589
5867,GRAND CANYON EDUCATION INC,Grand Canyon Education shares are trading higher after the company beat Q4 EPS and sales estimates; the company also provided strong Q1 guidance.,6,increase,0.85,0.7,"the positive earnings report and strong guidance typically lead to increased investor confidence, which is likely to drive the stock price higher.",2,2019-02-21,LOPE,2019-02-21 15:10:00+00:00,92852.0,38526M10,0.2139768749475479,1516836.0,-0.0049172886647284,0.0024763257242739,-0.0109057370573282,0.006542706862092,-0.0217072684317827,0.0161460395902395,0.0061635728925466,-0.0012647040421143,0.0123392287641763,0.0153023041784763,0.0272303037345409,-0.0070131085813045,-0.0002524512237869,0.0189475957304239,-0.0057239080779254,-0.000865445996169,-0.0120217213407158,-0.0021588616073131,-0.0100256912410259,-0.0039780964143574,-0.0112524488940835,-0.0015029456699267,0.011818247847259,0.0016129196155816,-0.0045855576172471,0.0006455514812842,-0.0025206510908901,0.0069339042529463,-0.0063611306250095,-0.0030243981163948,0.0044725257903337,-0.0078233387321233,0.0053256559185683,-0.0061774612404406,-0.0052105817012488,0.00891899690032,-0.0156263709068298,0.0063804080709815,0.0218162387609481,-0.0158577896654605,-0.0114563414826989,0.0049197762273252,-0.016856875270605,0.0293955542147159,0.0144668249413371,-0.0097034387290477,-0.0077464547939598,-0.007036933209747,0.0005322707584127,0.0031494451686739,0.0153396287932992,-0.0168695468455553,0.0052397036924958,-0.0131703717634081,0.0205021332949399,0.0096808904781937,0.009364079684019,0.0001064170282916,-0.0021084591280668,-0.0012751327594742,-0.0002535393869038,-0.0119684971868991,0.0025361012667417,0.0167591776698827,-0.0071675395593047,0.0023539613466709,0.0030575897544622,-0.027876017615199,-0.0005927154561504,0.0123196607455611,-0.0025416880380362,0.0010540578514337,0.0062855505384504,0.0022184562403708,0.0102135483175516,0.0337447188794612,0.0079378085210919,-0.0359023325145244,-0.0154190557077527,-0.0354422442615032,-0.0158288907259702,-0.0234057381749153,0.0223286896944046,-0.0204022005200386,-0.0069456221535801,-0.0234345458447933,0.0138198314234614,-0.009677710942924,0.0175380315631628,-0.0172668769955635,-0.0067799529060721,-0.0252902302891016,-0.0468788333237171,0.0098155215382575,0.0318405590951442,-0.0122980494052171,-0.0103696724399924,-0.0239200536161661,-0.0018589961109682,-0.0405212268233299,0.0154080567881465,-0.0189690981060266,-0.0017508678138256,-0.0145481219515204,-0.0398396737873554,0.0055573740974068,0.0177453104406595,0.0061672558076679,0.0063247680664062,0.0113097764551639,-0.0185153763741254,0.0012489719083532,-0.0109899332746863,-0.0161382909864187,0.0048997947014868,0.012356923893094,0.0031345286406576,-0.015673454850912,-0.0095477690920233,-0.00616584578529,-0.0049172886647284,0.0024763257242739,-0.015769399064844,0.0090352344596749,-0.0371343569181183,0.0253271573032074,-0.0192454153727502,0.0397004469068476,-0.0205171528218776,0.0446188724042833,0.0031369473665292,0.0324089144157124,-0.0325561418381433,-0.2117475108090767,2019-02-22,2019-02-25,2019-02-26,2019-02-27,2019-02-28,2019-03-01,2019-03-04,2019-03-05,2019-03-06,2019-03-07,92852.0,2019-02-21,252.0,21.3977%,0.0009,0.5228,0.2665,-0.1436,1.8632%,1.9646%,10.0579%,0.216159,LOPE,92852.0,2019-02-22,252.0,-0.4917%,0.0009,0.5249,0.2584,-0.1262,1.8647%,1.9648%,9.9305%,-0.011993,LOPE,92852.0,2019-02-25,252.0,-1.0906%,0.0005,0.5347,0.2741,-0.0817,1.7903%,1.8936%,10.6088%,-0.011349,LOPE,92852.0,2019-02-26,252.0,-2.1707%,0.0004,0.5311,0.3054,-0.0685,1.7928%,1.8946%,10.4598%,-0.019467,LOPE,92852.0,2019-02-27,252.0,0.6164%,0.0005,0.5359,0.2981,-0.0677,1.7918%,1.8945%,10.5554%,0.004923,LOPE,92852.0,2019-02-28,252.0,1.2339%,0.0006,0.5263,0.2919,-0.0778,1.7918%,1.8916%,10.2728%,0.013672,LOPE,92852.0,2019-03-01,252.0,2.7230%,0.0007,0.5281,0.2947,-0.085,1.7967%,1.8975%,10.3394%,0.022193,LOPE,92852.0,2019-03-04,252.0,-0.0252%,0.0007,0.5229,0.3089,-0.083,1.7957%,1.8956%,10.2602%,0.003914,LOPE,92852.0,2019-03-05,252.0,-0.5724%,0.0007,0.5244,0.3169,-0.0801,1.7959%,1.8958%,10.2649%,-0.004166,LOPE,92852.0,2019-03-06,252.0,-1.2022%,0.0007,0.5248,0.3271,-0.0783,1.7960%,1.8971%,10.3744%,-0.003682,LOPE,92852.0,2019-03-07,252.0,-1.0026%,0.0005,0.5203,0.2918,-0.0943,1.7858%,1.8856%,10.3054%,-0.005842,LOPE,0.204166,0.192817,0.1733499999999999,0.1919449999999999,0.2043619999999999
5875,L G DISPLAY CO LTD,"Digitimes Research Reports Small- To Mid-size AMOLED Capacity To Surge 59% CAGR 2018-2022,",6,increase,0.8,0.7,"the reported surge in small- to mid-size amoled capacity suggests strong demand and growth potential for lg display, likely leading to a positive impact on its stock price.",2,2019-02-21,LPL,2019-02-21 09:17:00+00:00,90266.0,50186V10,0.0352272130548954,325332.0,0.0175632052123546,-0.0067719491198658,0.0053936606273055,0.0079635605216026,0.0085836835205554,0.023282865062356,0.0127660473808646,0.0117786079645156,-0.007353008724749,-0.0184970926493406,0.0052910256199538,0.0188456829637289,-0.0231579225510358,0.0107143046334385,0.0107759032398462,-0.0011890878668054,0.0149254091084003,-0.0220930837094783,-0.0231092702597379,-0.0057802586816251,0.0129032135009765,0.0093348808586597,-0.001061595394276,0.0035128493327647,-0.0042507932521402,0.0094562554731965,-0.0128068178892135,-0.0353478230535984,0.002162211574614,-0.0425763539969921,-0.0140237445011735,0.0088105639442801,0.0010940125212073,-0.0054764719679951,-0.0218579042702913,0.030474092811346,0.0078213019296526,0.011415459215641,0.0343680083751678,0.0080553106963634,-0.0418006815016269,-0.0376522876322269,-0.0022370810620486,0.0022197007201612,0.0134529015049338,0.0022247449960559,-0.0165928788483142,0.0044692694209516,-0.0359955728054046,0.0056179990060627,0.0093348808586597,0.0011247778311371,0.0242774616926908,0.0067950645461678,0.0,0.030338417738676,-0.0022572805173695,0.0118063073605299,0.0045248824171721,0.0204819366335868,0.0135135008022189,0.0097323507070541,0.0188888981938362,0.0538461618125438,0.0359869040548801,-0.0370370596647262,0.0263157896697521,-0.0109889134764671,-0.0061538890004158,0.0073800082318484,-0.0010319169377908,-0.0332936681807041,0.0010329829528927,0.0231143031269311,-0.0020639323629438,0.0287860445678234,-0.0062048002146184,0.0101137701421976,0.0031218198128044,-0.002522065769881,-0.0373444594442844,-0.0124532887712121,0.0193965844810009,-0.0098643563687801,-0.1141648963093758,0.0278833713382482,-0.0059666098095476,0.0,0.004801916424185,-0.0271269790828228,0.031063349917531,0.0587467141449451,-0.0324449278414249,0.0172642283141613,0.0011975179659202,-0.001326227094978,-0.0023922852706164,0.0080213826149702,-0.0023981363046914,-0.0209423881024122,-0.0156250149011611,-0.0292249079793691,-0.0488400049507618,-0.0283951219171285,0.0141206849366426,0.0397946611046791,-0.0518987737596035,-0.0201257672160863,0.0120160421356558,-0.0293040033429861,-0.0356200523674488,0.0622567497193813,0.0109439017251133,-0.0038759345188736,0.0094722835347056,0.0319999679923057,-0.0348525792360305,-0.0310077238827943,-0.0180555060505867,0.0012936289422214,0.0175632052123546,-0.0067719491198658,0.0230515958081032,0.0011376825750715,0.0318331469317192,0.0244470361473065,0.0373216426438081,0.0173411081459027,0.0208562613290304,0.0173411089223856,-0.0252469373229763,0.0602409616856389,-0.2239297048413994,0.1384217488105765,2019-02-22,2019-02-25,2019-02-26,2019-02-27,2019-02-28,2019-03-01,2019-03-04,2019-03-05,2019-03-06,2019-03-07,90266.0,2019-02-21,252.0,3.5227%,-0.0018,1.089,-0.0259,-0.1936,2.1304%,2.4468%,24.1876%,0.038825,LPL,90266.0,2019-02-22,252.0,1.7563%,-0.0017,1.0878,-0.0285,-0.2102,2.1311%,2.4497%,24.3166%,0.007682,LPL,90266.0,2019-02-25,252.0,0.5394%,-0.0017,1.0861,-0.0327,-0.2189,2.1293%,2.4484%,24.3692%,0.003209,LPL,90266.0,2019-02-26,252.0,0.8584%,-0.0016,1.0937,-0.0553,-0.2246,2.1278%,2.4492%,24.5197%,0.00929,LPL,90266.0,2019-02-27,252.0,1.2766%,-0.0015,1.0935,-0.0511,-0.2246,2.1294%,2.4493%,24.4140%,0.011517,LPL,90266.0,2019-02-28,252.0,-0.7353%,-0.0015,1.0896,-0.0539,-0.2267,2.1288%,2.4456%,24.2246%,-0.004614,LPL,90266.0,2019-03-01,252.0,0.5291%,-0.0015,1.0916,-0.051,-0.2228,2.1287%,2.4454%,24.2241%,-0.003395,LPL,90266.0,2019-03-04,252.0,-2.3158%,-0.0016,1.0953,-0.0495,-0.227,2.1308%,2.4486%,24.2733%,-0.016907,LPL,90266.0,2019-03-05,252.0,1.0776%,-0.0015,1.0932,-0.0567,-0.2334,2.1325%,2.4493%,24.2006%,0.01185,LPL,90266.0,2019-03-06,252.0,1.4925%,-0.0013,1.0945,-0.1179,-0.2402,2.1336%,2.4505%,24.1913%,0.023397,LPL,90266.0,2019-03-07,252.0,-2.3109%,-0.0014,1.1005,-0.1157,-0.2316,2.1353%,2.4543%,24.3035%,-0.015099,LPL,0.046507,0.0497159999999999,0.0590059999999999,0.065909,0.065755
5883,LIVEPERSON INC,"LivePerson Sees FY19 GAAP EPS $(0.92)-$(0.83), Adj. EBITDA $10M-$15M, Sales $284.5M-$291.5M vs $284M Estimate",6,decrease,0.7,0.6,"the projected gaap eps loss and the lower-than-expected range for adjusted ebitda may lead investors to view the company's financial outlook negatively, potentially driving the stock price down.",0,2019-02-21,LPSN,2019-02-21 21:15:00+00:00,88174.0,53814610,-0.0114285424351692,1008771.0,0.0554912760853767,-0.0019011116819456,0.0303030274808406,0.0022865650244057,0.0127569315955042,0.0154798617586493,0.0,0.018927427008748,-0.0216935221105814,-0.0011815194739028,0.0139485448598861,0.0221416763961315,-0.033862467855215,0.0147059075534343,-0.0080321040004491,0.0311710108071565,-0.0309164579957723,-0.0345669128000736,0.0425370633602142,0.0012215262977406,0.028779562562704,-0.0012200360652059,0.0042493217624723,0.0419491417706012,0.0063469782471656,0.0055390316992998,0.0017519003013148,0.0348324067890644,0.0101433722302317,0.0120482137426734,-0.0128115974366664,-0.0188266336917877,0.0024552680552005,0.0,0.010846727527678,0.0330167114734649,-0.0024229732807725,0.0346279703080654,0.027064561843872,0.0333655960857868,-0.0472972840070724,0.0077972635626792,0.0340425185859203,0.0316742621362209,0.0360082052648067,0.0147958677262067,-0.0476662926375865,-0.0140844462439417,-0.0010427767410874,0.0316553562879562,0.0097425431013107,-0.0350525230169296,0.0041350424289703,-0.002995575312525,0.0250515267252922,0.0050175804644823,-0.012721830047667,-0.0104269655421376,-0.0271278135478496,0.0218163542449474,-0.0062739737331867,0.0297805499285459,-0.0024552680552005,0.0609755218029022,0.0087904362007975,-0.0316692590713501,0.0230045262724161,-0.0121951987966895,0.0068142707459628,0.0123457573354244,-0.0050761294551193,-0.0100956717506051,0.0010204315185546,0.0217155050486326,-0.0006795942317694,0.0728013962507247,-0.0193811524659395,-0.0227660574018955,-0.024965301156044,-0.0533405058085918,0.0152915501967072,-0.0221285615116357,0.008406363427639,0.0047644339501857,0.0006946352659724,0.0134120173752307,-0.006941994652152,-0.0291667375713586,0.0244669299572706,-0.0375939831137657,0.0013647532323375,-0.0010014297440648,-0.0006814465741626,0.0357883088290691,-0.0194340161979198,-0.0041322275064885,0.0403337925672531,0.0205588452517986,-0.0461229681968689,-0.0336220003664493,0.0255781188607215,0.0605077743530273,-0.0245986059308052,-0.0195974018424749,-0.008756567724049,0.0005298527539707,0.001060094917193,0.0047923400998115,0.026120712980628,0.0010661224368959,-0.0254557896405458,0.0422222353518009,-0.0077655953355133,-0.0190735906362533,0.0231234300881624,0.0038293048273772,0.0570236220955848,-0.0016383823240175,-0.0210526119917631,0.0088154189288616,0.0554912760853767,-0.0019011116819456,0.0874758572303795,0.0003811063269807,0.1013487123528298,0.0158668675588871,0.0774565797099433,0.0338716291019778,0.0578034669817528,0.0688111000939171,0.1055876571188514,0.3318113262410191,0.1468207870259563,0.4462810146239648,2019-02-22,2019-02-25,2019-02-26,2019-02-27,2019-02-28,2019-03-01,2019-03-04,2019-03-05,2019-03-06,2019-03-07,88174.0,2019-02-21,252.0,-1.1429%,0.0022,1.1242,1.0059,-1.0671,1.7308%,2.4539%,50.2492%,-0.009337,LPSN,88174.0,2019-02-22,252.0,5.5491%,0.0019,1.1254,0.8856,-1.1621,1.6350%,2.4064%,53.8341%,0.026865,LPSN,88174.0,2019-02-25,252.0,3.0303%,0.002,1.1261,0.8731,-1.1663,1.6432%,2.4116%,53.5721%,0.0287259999999999,LPSN,88174.0,2019-02-26,252.0,1.2757%,0.0022,1.1464,0.8337,-1.171,1.6273%,2.4078%,54.3239%,0.016198,LPSN,88174.0,2019-02-27,252.0,0.0000%,0.0022,1.1515,0.8229,-1.1702,1.6261%,2.4078%,54.3911%,-0.004121,LPSN,88174.0,2019-02-28,252.0,-2.1694%,0.0021,1.1657,0.8319,-1.1543,1.6289%,2.4128%,54.4213%,-0.021314,LPSN,88174.0,2019-03-01,252.0,1.3949%,0.002,1.1779,0.85,-1.1338,1.6235%,2.4133%,54.7456%,-0.001565,LPSN,88174.0,2019-03-04,252.0,-3.3862%,0.0018,1.1838,0.8504,-1.1398,1.6288%,2.4245%,54.8671%,-0.020005,LPSN,88174.0,2019-03-05,252.0,-0.8032%,0.0017,1.1792,0.8096,-1.1401,1.6211%,2.4056%,54.5876%,-0.006209,LPSN,88174.0,2019-03-06,252.0,-3.0916%,0.0017,1.1923,0.8277,-1.1229,1.6200%,2.4141%,54.9672%,-0.010444,LPSN,88174.0,2019-03-07,252.0,4.2537%,0.0019,1.1698,0.8105,-1.1576,1.6470%,2.4264%,53.9223%,0.0490979999999999,LPSN,0.017528,0.046254,0.062452,0.037017,0.047892
5891,LIVEPERSON INC,"LivePerson Sees Q1 GAAP EPS $(0.35)-$(0.31), Adj. EBITDA Loss $2.3M-$4.3M, Sales $65.75M-$66.75M vs $66.2M Estimate",6,decrease,0.7,0.6,"the projected gaap eps loss and adjusted ebitda loss indicate financial struggles, which are likely to negatively impact investor sentiment and lead to a decrease in stock price.",0,2019-02-21,LPSN,2019-02-21 21:14:00+00:00,88174.0,53814610,-0.0114285424351692,1008771.0,0.0554912760853767,-0.0019011116819456,0.0303030274808406,0.0022865650244057,0.0127569315955042,0.0154798617586493,0.0,0.018927427008748,-0.0216935221105814,-0.0011815194739028,0.0139485448598861,0.0221416763961315,-0.033862467855215,0.0147059075534343,-0.0080321040004491,0.0311710108071565,-0.0309164579957723,-0.0345669128000736,0.0425370633602142,0.0012215262977406,0.028779562562704,-0.0012200360652059,0.0042493217624723,0.0419491417706012,0.0063469782471656,0.0055390316992998,0.0017519003013148,0.0348324067890644,0.0101433722302317,0.0120482137426734,-0.0128115974366664,-0.0188266336917877,0.0024552680552005,0.0,0.010846727527678,0.0330167114734649,-0.0024229732807725,0.0346279703080654,0.027064561843872,0.0333655960857868,-0.0472972840070724,0.0077972635626792,0.0340425185859203,0.0316742621362209,0.0360082052648067,0.0147958677262067,-0.0476662926375865,-0.0140844462439417,-0.0010427767410874,0.0316553562879562,0.0097425431013107,-0.0350525230169296,0.0041350424289703,-0.002995575312525,0.0250515267252922,0.0050175804644823,-0.012721830047667,-0.0104269655421376,-0.0271278135478496,0.0218163542449474,-0.0062739737331867,0.0297805499285459,-0.0024552680552005,0.0609755218029022,0.0087904362007975,-0.0316692590713501,0.0230045262724161,-0.0121951987966895,0.0068142707459628,0.0123457573354244,-0.0050761294551193,-0.0100956717506051,0.0010204315185546,0.0217155050486326,-0.0006795942317694,0.0728013962507247,-0.0193811524659395,-0.0227660574018955,-0.024965301156044,-0.0533405058085918,0.0152915501967072,-0.0221285615116357,0.008406363427639,0.0047644339501857,0.0006946352659724,0.0134120173752307,-0.006941994652152,-0.0291667375713586,0.0244669299572706,-0.0375939831137657,0.0013647532323375,-0.0010014297440648,-0.0006814465741626,0.0357883088290691,-0.0194340161979198,-0.0041322275064885,0.0403337925672531,0.0205588452517986,-0.0461229681968689,-0.0336220003664493,0.0255781188607215,0.0605077743530273,-0.0245986059308052,-0.0195974018424749,-0.008756567724049,0.0005298527539707,0.001060094917193,0.0047923400998115,0.026120712980628,0.0010661224368959,-0.0254557896405458,0.0422222353518009,-0.0077655953355133,-0.0190735906362533,0.0231234300881624,0.0038293048273772,0.0570236220955848,-0.0016383823240175,-0.0210526119917631,0.0088154189288616,0.0554912760853767,-0.0019011116819456,0.0874758572303795,0.0003811063269807,0.1013487123528298,0.0158668675588871,0.0774565797099433,0.0338716291019778,0.0578034669817528,0.0688111000939171,0.1055876571188514,0.3318113262410191,0.1468207870259563,0.4462810146239648,2019-02-22,2019-02-25,2019-02-26,2019-02-27,2019-02-28,2019-03-01,2019-03-04,2019-03-05,2019-03-06,2019-03-07,88174.0,2019-02-21,252.0,-1.1429%,0.0022,1.1242,1.0059,-1.0671,1.7308%,2.4539%,50.2492%,-0.009337,LPSN,88174.0,2019-02-22,252.0,5.5491%,0.0019,1.1254,0.8856,-1.1621,1.6350%,2.4064%,53.8341%,0.026865,LPSN,88174.0,2019-02-25,252.0,3.0303%,0.002,1.1261,0.8731,-1.1663,1.6432%,2.4116%,53.5721%,0.0287259999999999,LPSN,88174.0,2019-02-26,252.0,1.2757%,0.0022,1.1464,0.8337,-1.171,1.6273%,2.4078%,54.3239%,0.016198,LPSN,88174.0,2019-02-27,252.0,0.0000%,0.0022,1.1515,0.8229,-1.1702,1.6261%,2.4078%,54.3911%,-0.004121,LPSN,88174.0,2019-02-28,252.0,-2.1694%,0.0021,1.1657,0.8319,-1.1543,1.6289%,2.4128%,54.4213%,-0.021314,LPSN,88174.0,2019-03-01,252.0,1.3949%,0.002,1.1779,0.85,-1.1338,1.6235%,2.4133%,54.7456%,-0.001565,LPSN,88174.0,2019-03-04,252.0,-3.3862%,0.0018,1.1838,0.8504,-1.1398,1.6288%,2.4245%,54.8671%,-0.020005,LPSN,88174.0,2019-03-05,252.0,-0.8032%,0.0017,1.1792,0.8096,-1.1401,1.6211%,2.4056%,54.5876%,-0.006209,LPSN,88174.0,2019-03-06,252.0,-3.0916%,0.0017,1.1923,0.8277,-1.1229,1.6200%,2.4141%,54.9672%,-0.010444,LPSN,88174.0,2019-03-07,252.0,4.2537%,0.0019,1.1698,0.8105,-1.1576,1.6470%,2.4264%,53.9223%,0.0490979999999999,LPSN,0.017528,0.046254,0.062452,0.037017,0.047892
5899,LIVEPERSON INC,"LivePerson Q4 EPS $(0.05) Misses $0.02 Estimate, Sales $65.724M Beat $65.1M Estimate",6,uncertain,0.6,0.3,"while the sales beat expectations, the earnings miss could lead to mixed reactions from investors, making the overall impact on the stock price uncertain.",1,2019-02-21,LPSN,2019-02-21 21:13:00+00:00,88174.0,53814610,-0.0114285424351692,1008771.0,0.0554912760853767,-0.0019011116819456,0.0303030274808406,0.0022865650244057,0.0127569315955042,0.0154798617586493,0.0,0.018927427008748,-0.0216935221105814,-0.0011815194739028,0.0139485448598861,0.0221416763961315,-0.033862467855215,0.0147059075534343,-0.0080321040004491,0.0311710108071565,-0.0309164579957723,-0.0345669128000736,0.0425370633602142,0.0012215262977406,0.028779562562704,-0.0012200360652059,0.0042493217624723,0.0419491417706012,0.0063469782471656,0.0055390316992998,0.0017519003013148,0.0348324067890644,0.0101433722302317,0.0120482137426734,-0.0128115974366664,-0.0188266336917877,0.0024552680552005,0.0,0.010846727527678,0.0330167114734649,-0.0024229732807725,0.0346279703080654,0.027064561843872,0.0333655960857868,-0.0472972840070724,0.0077972635626792,0.0340425185859203,0.0316742621362209,0.0360082052648067,0.0147958677262067,-0.0476662926375865,-0.0140844462439417,-0.0010427767410874,0.0316553562879562,0.0097425431013107,-0.0350525230169296,0.0041350424289703,-0.002995575312525,0.0250515267252922,0.0050175804644823,-0.012721830047667,-0.0104269655421376,-0.0271278135478496,0.0218163542449474,-0.0062739737331867,0.0297805499285459,-0.0024552680552005,0.0609755218029022,0.0087904362007975,-0.0316692590713501,0.0230045262724161,-0.0121951987966895,0.0068142707459628,0.0123457573354244,-0.0050761294551193,-0.0100956717506051,0.0010204315185546,0.0217155050486326,-0.0006795942317694,0.0728013962507247,-0.0193811524659395,-0.0227660574018955,-0.024965301156044,-0.0533405058085918,0.0152915501967072,-0.0221285615116357,0.008406363427639,0.0047644339501857,0.0006946352659724,0.0134120173752307,-0.006941994652152,-0.0291667375713586,0.0244669299572706,-0.0375939831137657,0.0013647532323375,-0.0010014297440648,-0.0006814465741626,0.0357883088290691,-0.0194340161979198,-0.0041322275064885,0.0403337925672531,0.0205588452517986,-0.0461229681968689,-0.0336220003664493,0.0255781188607215,0.0605077743530273,-0.0245986059308052,-0.0195974018424749,-0.008756567724049,0.0005298527539707,0.001060094917193,0.0047923400998115,0.026120712980628,0.0010661224368959,-0.0254557896405458,0.0422222353518009,-0.0077655953355133,-0.0190735906362533,0.0231234300881624,0.0038293048273772,0.0570236220955848,-0.0016383823240175,-0.0210526119917631,0.0088154189288616,0.0554912760853767,-0.0019011116819456,0.0874758572303795,0.0003811063269807,0.1013487123528298,0.0158668675588871,0.0774565797099433,0.0338716291019778,0.0578034669817528,0.0688111000939171,0.1055876571188514,0.3318113262410191,0.1468207870259563,0.4462810146239648,2019-02-22,2019-02-25,2019-02-26,2019-02-27,2019-02-28,2019-03-01,2019-03-04,2019-03-05,2019-03-06,2019-03-07,88174.0,2019-02-21,252.0,-1.1429%,0.0022,1.1242,1.0059,-1.0671,1.7308%,2.4539%,50.2492%,-0.009337,LPSN,88174.0,2019-02-22,252.0,5.5491%,0.0019,1.1254,0.8856,-1.1621,1.6350%,2.4064%,53.8341%,0.026865,LPSN,88174.0,2019-02-25,252.0,3.0303%,0.002,1.1261,0.8731,-1.1663,1.6432%,2.4116%,53.5721%,0.0287259999999999,LPSN,88174.0,2019-02-26,252.0,1.2757%,0.0022,1.1464,0.8337,-1.171,1.6273%,2.4078%,54.3239%,0.016198,LPSN,88174.0,2019-02-27,252.0,0.0000%,0.0022,1.1515,0.8229,-1.1702,1.6261%,2.4078%,54.3911%,-0.004121,LPSN,88174.0,2019-02-28,252.0,-2.1694%,0.0021,1.1657,0.8319,-1.1543,1.6289%,2.4128%,54.4213%,-0.021314,LPSN,88174.0,2019-03-01,252.0,1.3949%,0.002,1.1779,0.85,-1.1338,1.6235%,2.4133%,54.7456%,-0.001565,LPSN,88174.0,2019-03-04,252.0,-3.3862%,0.0018,1.1838,0.8504,-1.1398,1.6288%,2.4245%,54.8671%,-0.020005,LPSN,88174.0,2019-03-05,252.0,-0.8032%,0.0017,1.1792,0.8096,-1.1401,1.6211%,2.4056%,54.5876%,-0.006209,LPSN,88174.0,2019-03-06,252.0,-3.0916%,0.0017,1.1923,0.8277,-1.1229,1.6200%,2.4141%,54.9672%,-0.010444,LPSN,88174.0,2019-03-07,252.0,4.2537%,0.0019,1.1698,0.8105,-1.1576,1.6470%,2.4264%,53.9223%,0.0490979999999999,LPSN,0.017528,0.046254,0.062452,0.037017,0.047892
5907,LAM RESH CORP,"Lam Research Filing Shows Registration For Mixed Securities Offering, No Size Disclosed",6,uncertain,0.6,0.3,"the registration for a mixed securities offering could indicate a need for capital, which may raise concerns among investors, but without a disclosed size, the impact on stock price remains unclear.",1,2019-02-21,LRCX,2019-02-21 14:09:00+00:00,48486.0,51280710,-0.0186049025505781,1914243.0,0.0022368519566953,0.0105374585837125,0.0021203262731432,-0.0043072439730167,-0.0057906932197511,-0.0013235840015113,-0.0076164910569787,0.0017678986769169,-0.0062641119584441,0.0098186582326889,0.0037481042090803,0.0189290698617696,0.0057708867825567,0.0035367661621421,-0.0237948521971702,-0.0023901558015495,-0.025066215544939,-0.0077922348864376,-0.0119983376935124,0.0196326989680528,0.0099904173985123,0.0030607460066676,0.0188354719430208,0.0022573326714336,0.0002906985173467,0.0188111942261457,-0.0095896422863006,-0.0078979162499308,0.0359133556485176,0.0360021032392978,0.0331954956054687,-0.0064434064552187,-0.0120072504505515,0.0034442688338458,0.0013873983407393,0.0266129560768604,-0.0201282426714897,0.156965434551239,0.0458631925284862,-0.0040031280368566,-0.0236670617014169,-0.0519146285951137,-0.00200613331981,0.0408437401056289,0.0053604710847139,0.0216936543583869,-0.0133851906284689,-0.0089285718277096,-0.0110335890203714,-0.0030619718600064,0.0189549289643764,-0.0255361031740903,0.0317859500646591,-0.0031818959396332,-0.0023822546936571,0.0039583840407431,0.0395093820989131,0.0516322776675224,-0.0026626007165759,-0.016943072900176,0.0215672682970762,0.0089091388508677,-0.0080450531095266,0.0488489903509616,-0.0161173418164253,-0.0482284761965274,0.0019951150752604,0.0156422480940818,0.0024628024548292,0.0055383252911269,0.0144791398197412,0.0160564184188842,-0.0065437154844403,0.0186487510800361,0.0093874670565128,0.0613237954676151,0.0085808150470256,-0.0305127780884504,-0.0077435891143977,-0.0089626209810376,0.0023104017600417,-0.0214307326823473,-0.0022538800258189,-0.0493728555738925,0.0033884570002555,0.0165831372141838,0.0493245981633663,0.0022900020703673,0.0063877389766275,-0.0244306679815053,-0.0013082235818728,0.0022390577942132,0.0063555091619491,0.0011570154456421,-0.0167284682393074,0.0034101433120667,0.0141203645616769,-0.0015213465085253,0.0045445873402059,-0.0528374202549457,-0.0155934430658817,-0.0264547169208526,-0.0224894452840089,-0.0635324865579605,-0.0011503237765282,0.0258664470165967,-0.0054078502580523,0.0275614187121391,-0.0036752300802618,-0.0070852600038051,-0.0485093034803867,0.0477422475814819,0.0219861883670091,0.0002043513522949,0.015797097235918,0.0198693946003913,-0.0052178688347339,-0.0040132980793714,-0.0015427493490278,0.0074590961448848,0.0022368519566953,0.0105374585837125,0.0043619210858114,0.0061848272057203,-0.0014540306807963,0.0048530570658673,-0.0152668096934628,0.0165132868315223,-0.0652052526676147,0.049052933983229,0.0748329499936906,0.3081342129210058,0.0924439656819651,0.2795328253138998,2019-02-22,2019-02-25,2019-02-26,2019-02-27,2019-02-28,2019-03-01,2019-03-04,2019-03-05,2019-03-06,2019-03-07,48486.0,2019-02-21,252.0,-1.8605%,-0.0002,1.5822,0.2173,0.0941,1.9708%,2.5763%,41.4818%,-0.012643,LRCX,48486.0,2019-02-22,252.0,0.2237%,-0.0001,1.5825,0.2384,0.1164,1.9685%,2.5726%,41.4507%,-0.007959,LRCX,48486.0,2019-02-25,252.0,0.2120%,-0.0001,1.5819,0.2376,0.1141,1.9683%,2.5725%,41.4549%,0.000476,LRCX,48486.0,2019-02-26,252.0,-0.5791%,-0.0001,1.581,0.2403,0.1148,1.9683%,2.5679%,41.2474%,-0.001463,LRCX,48486.0,2019-02-27,252.0,-0.7616%,-0.0002,1.5758,0.2469,0.1139,1.9679%,2.5625%,41.0232%,-0.009458,LRCX,48486.0,2019-02-28,252.0,-0.6264%,-0.0002,1.5735,0.2452,0.1124,1.9677%,2.5579%,40.8263%,-0.0012439999999999,LRCX,48486.0,2019-03-01,252.0,0.3748%,-0.0003,1.5784,0.2525,0.1236,1.9671%,2.5575%,40.8404%,-0.007932,LRCX,48486.0,2019-03-04,252.0,0.5771%,-0.0002,1.58,0.234,0.1262,1.9687%,2.5570%,40.7215%,0.014416,LRCX,48486.0,2019-03-05,252.0,-2.3795%,-0.0004,1.5809,0.2281,0.1342,1.9716%,2.5572%,40.5565%,-0.020171,LRCX,48486.0,2019-03-06,252.0,-2.5066%,-0.0004,1.5815,0.2485,0.1376,1.9720%,2.5584%,40.5878%,-0.0090569999999999,LRCX,48486.0,2019-03-07,252.0,-1.1998%,-0.0006,1.5703,0.1972,0.1082,1.9540%,2.5404%,40.8365%,0.0015079999999999,LRCX,-0.020602,-0.020126,-0.021589,-0.032291,-0.053527
5915,MASTERCARD INC,The iCredit Card? WSJ Reports Apple And Goldman Sachs Are Working On A Joint Card,6,decrease,0.7,0.6,"the news of apple and goldman sachs working on a joint credit card could lead to increased competition for mastercard, potentially impacting its market share and investor sentiment negatively.",0,2019-02-21,MA,2019-02-21 13:44:00+00:00,91233.0,57636Q10,-0.0081407586112618,3528836.0,0.0182846654206514,0.0023573338985443,0.0,-0.0068434751592576,0.0030449249316006,0.0104635963216424,0.0025446754880249,-0.0033100377768278,0.0008905772701837,0.0074459346942603,0.0110334819182753,0.0083371605724096,-0.0042244521901011,0.002400980098173,-0.0003093025297857,0.0121979741379618,-0.0077358321286737,-0.0061774351634085,-0.0091771623119711,-0.0025942628271877,-0.0024279868230223,0.0044204406440258,0.0169919524341821,0.0053328312933444,0.0057614035904407,0.0125041408464312,0.0068740528076887,0.0348495282232761,0.004420107230544,0.023991160094738,0.0072328164242208,-0.0045963139273226,-0.0033741348888725,-0.0136986235156655,0.0026910677552223,0.0157666020095348,-0.0048482539132237,0.0072598294354975,0.026012422516942,-0.0055650286376476,-0.0216644797474145,-0.0125742238014936,-0.0014733764110133,0.0134965758770704,0.0124554950743913,0.0077867889776825,-0.0033005659934133,0.0063606756739318,0.0100636342540383,0.0055775041691958,0.0025121192447841,-0.0023991896305233,0.0152898961678147,-0.0053313178941607,0.0008784415549598,0.0060274438001215,-0.0013792603276669,0.0181506425142288,-0.0120118660852313,0.0072691012173891,0.0024146714713424,0.0076939649879932,-0.0001267827319679,0.0473562330007553,-0.0015236830804497,-0.0451144315302372,0.0048747146502137,0.0057779573835432,-0.0043027261272072,0.0133755384013056,0.0118200667202472,-0.0134082287549972,0.0013398319715633,0.0121225649490952,0.0039305980317294,0.0674491822719574,0.0037902605254203,-0.003082416485995,-0.0004564340633805,-0.0411581397056579,0.0089667635038495,-0.0235677026212215,0.0018103370675817,-0.0234330426901578,0.007392450235784,0.0060908566229045,0.0013046081876382,-0.0249833855777978,0.0043564676307141,-0.0182448979467153,0.0018242752412334,-0.0066403048112988,0.0287702847272157,0.0128956595435738,-0.0215937905013561,-0.0016156319761648,-0.006271346937865,0.0079389186576008,0.0030745358671993,-0.0319720432162284,0.002782829105854,0.0124694490805268,-0.0143983345478773,-0.0446487888693809,0.0011017884826287,0.0437160842120647,-8.154025999829173e-05,0.0224245078861713,0.0086421063169837,-0.0277832467108964,-0.0244513116776943,0.0481915399432182,0.0188913643360137,0.0058899638243019,0.0130519289523363,0.0506571717560291,0.0171382874250412,-0.0269636437296867,-0.0034330168273299,0.0032075596973299,0.0182846654206514,0.0023573338985443,0.0182846654206514,-0.00450227361669,0.0213852657858575,0.0059142127312976,0.0248962970314259,0.010049778134203,0.014135270781274,0.0243213193463442,0.0763759078077763,0.1582966180298215,0.1531747039733086,0.1840558434819676,2019-02-22,2019-02-25,2019-02-26,2019-02-27,2019-02-28,2019-03-01,2019-03-04,2019-03-05,2019-03-06,2019-03-07,91233.0,2019-02-21,252.0,-0.8141%,0.0005,1.1911,-0.3469,-0.9003,0.8850%,1.7837%,75.3813%,-0.006167,MA,91233.0,2019-02-22,252.0,1.8285%,0.0005,1.1908,-0.3365,-0.8933,0.8836%,1.7832%,75.4448%,-0.000884,MA,91233.0,2019-02-25,252.0,0.0000%,0.0005,1.1908,-0.3341,-0.8922,0.8842%,1.7832%,75.4136%,-0.004369,MA,91233.0,2019-02-26,252.0,0.3045%,0.0005,1.1942,-0.3363,-0.8908,0.8836%,1.7807%,75.3792%,-0.0002319999999999,MA,91233.0,2019-02-27,252.0,0.2545%,0.0006,1.1961,-0.3396,-0.8904,0.8831%,1.7794%,75.3665%,0.00094,MA,91233.0,2019-02-28,252.0,0.0891%,0.0006,1.1974,-0.3386,-0.8899,0.8830%,1.7777%,75.3294%,0.00234,MA,91233.0,2019-03-01,252.0,1.1033%,0.0005,1.2018,-0.3321,-0.8827,0.8817%,1.7788%,75.4298%,-0.0002549999999999,MA,91233.0,2019-03-04,252.0,-0.4224%,0.0005,1.2032,-0.34,-0.8824,0.8816%,1.7769%,75.3820%,0.004049,MA,91233.0,2019-03-05,252.0,-0.0309%,0.0005,1.2037,-0.3378,-0.8813,0.8817%,1.7763%,75.3597%,-0.0015249999999999,MA,91233.0,2019-03-06,252.0,-0.7736%,0.0005,1.2006,-0.3299,-0.8837,0.8805%,1.7731%,75.3379%,-0.001618,MA,91233.0,2019-03-07,252.0,-0.9177%,0.0005,1.2037,-0.3204,-0.8768,0.8796%,1.7738%,75.4111%,-0.00257,MA,-0.007051,-0.01142,-0.011652,-0.008372,-0.010291
5923,MATSON INC,"Matson Q4 EPS $0.48 Beats $0.46 Estimate, Sales $564.9M Beat $542.93M Estimate",6,increase,0.8,0.6,"the earnings per share and sales figures both exceeded estimates, which typically signals positive performance and can lead to an increase in stock price.",2,2019-02-21,MATX,2019-02-21 22:08:00+00:00,11691.0,57686G10,-0.0125733651220798,148830.0,-0.0158461052924394,0.0237414725124836,0.087981641292572,0.0045976969413459,-0.0248414017260074,0.0066531542688608,-0.0138211958110332,0.0137830274179577,-0.0076943882741034,0.0194319188594818,0.0058155381120741,0.0289142560213804,-0.0101871956139802,0.0146690821275115,-0.0055633033625781,-0.0138504384085536,-0.0190209876745939,-0.0184289067983627,-0.0068433950655162,-0.0038875646423548,0.0089003024622797,0.0033002337440848,0.0301650930196046,-0.0089205838739871,0.0060772760771214,0.0035811027046293,-0.0008236897410824,-0.0035683242604136,0.0030228253453969,0.0083958804607391,-0.0002739266201388,0.0087718414142727,0.0024664332158863,-0.0092897079885005,-0.0158557072281837,-0.0005989954806864,-0.0077777439728379,0.0008992439834401,0.0142776677384972,-0.0074382624588906,-0.0262213852256536,-0.0212579946964979,-0.0070861680433154,0.0220238603651523,0.0265486817806959,0.0262674633413553,0.0091769145801663,-0.0060715530999004,0.0022044093348085,0.0009115399443544,-0.0076986192725598,-0.0117116933688521,0.0313106402754783,-0.0077473814599215,-0.0064481911249458,-0.0044496501795947,-0.0021632779389619,-0.0023676184937357,0.0176151134073734,0.0208459962159395,0.0135819483548402,0.0175222791731357,-0.0086705684661865,0.0320430919528007,-0.0055658384226262,-0.0226356443017721,0.0178570933640003,0.0071829962544143,0.0180676206946373,-0.0071317688561975,0.0159464739263057,0.0031103722285479,0.0030379476957023,-0.0122887166216969,0.0010096142068505,0.0527166612446308,0.0012606969103217,-0.0105599975213408,-0.0103248516097664,-0.0231322217732667,-0.0063613234087824,-0.0267721079289913,0.0061460100114345,-0.0179265681654214,-0.0012725689448416,-0.0184749942272901,-0.0298165623098611,-0.0141659919172525,-0.0057788607664406,-0.0145298670977354,0.011096485890448,-0.0407215543091297,0.0350143760442733,0.0172365549951791,-0.0244887955486774,-0.0088178478181362,0.0028468067757785,0.0030403705313801,0.0363870933651924,-0.036997590214014,-0.0149402013048529,-0.0047682197764515,-0.0265420377254486,-0.054595548659563,-0.0051934528164565,0.0147395646199584,0.017847778275609,0.0066512743942439,-0.0046415757387876,-0.0071119833737611,-0.0150258559733629,-0.0017748401733115,0.0207785610109567,-0.0201242584735155,0.0048956098034977,0.0416666828095912,0.0256410259753465,-0.0036100926809012,-0.0092499731108546,0.0346851460635662,-0.0158461052924394,0.0237414725124835,0.0707413696484087,0.0284483255493832,0.044142653140317,0.0352907509168149,0.021788354115789,0.0699551602059485,-0.0144311926495767,0.0770654562442114,0.0625353409478748,0.0881289741963455,0.1275731150350534,-0.039032343113236,2019-02-22,2019-02-25,2019-02-26,2019-02-27,2019-02-28,2019-03-01,2019-03-04,2019-03-05,2019-03-06,2019-03-07,11691.0,2019-02-21,252.0,-1.2573%,0.0002,1.2427,0.8006,0.4788,1.6502%,2.0937%,37.8759%,-0.006416,MATX,11691.0,2019-02-22,252.0,-1.5846%,0.0007,1.2387,0.9806,0.596,1.4122%,1.9178%,45.7722%,-0.0213879999999999,MATX,11691.0,2019-02-25,252.0,8.7982%,0.0011,1.2379,0.936,0.5695,1.5189%,1.9943%,41.9967%,0.089646,MATX,11691.0,2019-02-26,252.0,-2.4841%,0.0011,1.2497,0.9471,0.584,1.5196%,2.0011%,42.3303%,-0.015091,MATX,11691.0,2019-02-27,252.0,-1.3821%,0.001,1.2462,0.9482,0.5834,1.5229%,2.0008%,42.0708%,-0.016145,MATX,11691.0,2019-02-28,252.0,-0.7694%,0.0011,1.2339,0.9396,0.5753,1.5153%,1.9844%,41.6948%,-0.002662,MATX,11691.0,2019-03-01,252.0,0.5816%,0.001,1.2338,0.9394,0.5772,1.5155%,1.9814%,41.4940%,-0.003582,MATX,11691.0,2019-03-04,252.0,-1.0187%,0.001,1.239,0.925,0.5752,1.5143%,1.9824%,41.6558%,-0.002355,MATX,11691.0,2019-03-05,252.0,-0.5563%,0.0011,1.243,0.9559,0.5781,1.5102%,1.9829%,41.9958%,0.0007009999999999,MATX,11691.0,2019-03-06,252.0,-1.9021%,0.0011,1.2484,0.9463,0.5829,1.5085%,1.9870%,42.3653%,0.003143,MATX,11691.0,2019-03-07,252.0,-0.6843%,0.0011,1.2453,0.9405,0.5771,1.5086%,1.9852%,42.2544%,0.005889,MATX,-0.0278039999999999,0.061842,0.046751,0.027944,0.03174
5931,MARCUS CORP,"Marcus Corporation (The) Common Stock Q4 EPS $0.41 Beats $0.35 Estimate, Sales $175.032M Beat $168.67M Estimate",6,increase,0.8,0.7,"the company reported better-than-expected earnings and sales, which typically leads to positive investor sentiment and an increase in stock price.",2,2019-02-21,MCS,2019-02-21 12:45:00+00:00,51423.0,56633010,0.0164498407393693,362003.0,0.0236714854836463,0.0287951342761516,-0.0184049680829048,-0.0134562896564602,0.0072116120718419,-0.0125491712242364,-0.0021479749120771,0.0190571285784244,0.0138722313567996,-0.0017521826084703,0.01745699159801,0.0233094226568937,-0.0123342471197247,-0.0148877147585153,-0.003770024748519,0.0164144486188888,-0.0089876363053917,-0.0002563672314863,-0.0102625368162989,-0.0427099056541919,0.0007233850774355,0.0004911703872494,0.0228915847837925,-0.0094867283478379,-0.0282685682177543,-0.0776306763291359,-0.0050908867269754,-0.001791754271835,-0.0019493623403832,-0.0029030204750597,-0.0100097618997097,0.0423649847507476,-0.0004932295414619,-0.0053252964280545,-0.0204786099493503,0.0041850805282592,-0.0125944586470723,0.0,0.0170917902141809,0.0065527446568012,-0.026084704324603,-0.0115660419687628,0.0226628184318542,0.0032489995937794,0.0027700986247509,0.0016271430067718,-0.001255631330423,0.0056101377122104,0.0118179833516478,0.0077738049440085,-0.0047217304818332,-0.0039886948652565,0.0024969361256808,0.004004668444395,-0.0194272119551897,-0.0081775346770882,0.0030480758287012,-0.0060381358489394,0.0088629638776183,0.0333574116230011,0.0027610594406723,0.0225766412913799,0.0077596385963261,0.0337392650544643,-0.0079483287408947,-0.004042537882924,0.0175263099372386,0.0020253628026694,0.0140255829319357,0.0091977678239345,-0.0016986094415187,0.0163594149053096,-0.0024306871928274,-0.0079856095835566,-0.0060916179791092,0.0368590056896209,-0.0071096080355346,-0.006896608043462,-0.0192592293024063,-0.0286008901894092,-0.0176233816891908,-0.0273182988166809,-0.0048692626878619,-0.0343658812344074,-0.0015452322550117,0.0016969622811302,-0.0451379939913749,-0.0300963744521141,0.0297136269509792,0.0068654613569378,-0.0207239538431167,-0.0091484719887375,0.0077684726566076,0.0205889530479908,-0.0066454014740884,0.0062636025249958,0.0206047762185335,0.0050847236998379,0.0036706710234284,0.0087933717295527,0.0161965191364288,-0.0021935207769274,-0.0071980096399784,-0.0354960523545742,-0.0390988700091838,0.0018841694109141,0.0018862757133319,-0.0143918925896287,-0.0059171924367547,-0.0004639592661987,-0.0211038626730442,0.018912510946393,0.0080155031755566,0.0023696320131421,0.0068549490533769,0.0064393146894872,-0.0239651706069707,0.0002377137279836,0.0184151735156774,0.0223571844398975,0.0236714854836463,0.0287951342761516,0.0048308444659401,0.0149513689521747,0.0120772947140499,0.0022145704389207,0.0239129913846039,0.0195243739134223,0.0054206382248398,-0.0002455101865455,-0.0340979699364901,-0.0225581632439574,-0.1150747004442659,-0.0066657321929958,2019-02-22,2019-02-25,2019-02-26,2019-02-27,2019-02-28,2019-03-01,2019-03-04,2019-03-05,2019-03-06,2019-03-07,51423.0,2019-02-21,252.0,1.6450%,0.0021,0.7346,0.9367,0.4438,1.5571%,1.7696%,22.5778%,0.020759,MCS,51423.0,2019-02-22,252.0,2.3671%,0.002,0.7336,0.8966,0.396,1.5475%,1.7588%,22.5861%,0.020168,MCS,51423.0,2019-02-25,252.0,-1.8405%,0.0019,0.7343,0.9064,0.4035,1.5516%,1.7634%,22.5826%,-0.016561,MCS,51423.0,2019-02-26,252.0,0.7212%,0.0019,0.7164,0.9049,0.3894,1.5457%,1.7519%,22.1495%,0.015419,MCS,51423.0,2019-02-27,252.0,-0.2148%,0.0017,0.7045,0.9242,0.3874,1.5372%,1.7422%,22.1509%,-0.0041449999999999,MCS,51423.0,2019-02-28,252.0,1.3872%,0.0019,0.6869,0.9126,0.371,1.5304%,1.7276%,21.5251%,0.0167399999999999,MCS,51423.0,2019-03-01,252.0,1.7457%,0.0019,0.6954,0.9252,0.3799,1.5300%,1.7303%,21.8061%,0.0112589999999999,MCS,51423.0,2019-03-04,252.0,-1.2334%,0.0018,0.702,0.9107,0.3764,1.5290%,1.7307%,21.9510%,-0.006589,MCS,51423.0,2019-03-05,252.0,-0.3770%,0.0018,0.7015,0.9065,0.3763,1.5289%,1.7280%,21.7156%,0.00106,MCS,51423.0,2019-03-06,252.0,-0.8988%,0.0017,0.689,0.9021,0.3615,1.5249%,1.7230%,21.6794%,0.008086,MCS,51423.0,2019-03-07,252.0,-1.0263%,0.0016,0.6869,0.8825,0.3532,1.5212%,1.7166%,21.4693%,-0.002878,MCS,0.040927,0.024366,0.039785,0.05238,0.063318
5939,VERADIGM INC,"Allscripts Sees FY19 Adj. EPS $0.65-$0.70 vs $0.81 Estimate, Bookings $900M-$1B",6,decrease,0.75,0.6,"the lower-than-expected adjusted eps guidance suggests potential financial struggles, which could negatively impact investor sentiment and lead to a decrease in stock price.",0,2019-02-21,MDRX,2019-02-21 21:03:00+00:00,87078.0,01988P10,-0.0180921275168657,3538184.0,-0.1122277453541756,0.001647405559197,0.0283018145710229,-0.005732980556786,-0.0247705969959497,0.0175000037997961,0.0178739018738269,0.0075566880404949,-0.0092420913279056,-0.0075000128708779,0.005596965085715,0.0265184286981821,-0.0102040497586131,0.029049290344119,-0.0149952992796897,0.0188340842723846,-0.0218839664012193,-0.0295909624546766,-0.0077820941805839,-0.0392976813018322,0.0049019795842468,-0.0123864263296127,0.0048780674114823,0.0306382682174444,0.0087378788739442,-0.0033927024342119,0.0163618940860033,0.0085543524473905,-0.0104167237877845,-0.004258960019797,0.0172249097377061,-0.0192147437483072,-0.0169332362711429,-0.0033305545803159,0.0009569597314111,-0.0115225836634635,-0.0076481760479509,0.0244519375264644,0.0154142435640096,-0.015767678618431,-0.0607210956513881,-0.0114847738295793,0.0010101242223754,0.0445586554706096,-0.0080726463347673,0.0025772964581847,-0.0132248336449265,-0.0135593088343739,-0.0051546590402722,0.0305677186697721,-0.0113989282399416,0.0035056935157626,-0.0031446260400116,0.003518026554957,-0.0010515487520024,0.0070859100669622,-0.0042105223983526,0.0245008617639541,0.0137420836836099,0.0545455180108547,0.0083420146256685,0.0346534065902233,-0.0072388513945043,0.0542797967791557,0.0124999871477484,-0.0204498786479234,0.0216049421578645,0.0145227573812007,-0.0342396907508373,0.0190275162458419,-0.0020855534821748,0.0172042846679687,0.0114943170920014,0.0163935050368309,0.0030991458334028,0.0590276904404163,-0.036045353859663,-0.0495049282908439,0.0085470005869865,-0.0550935268402099,-0.0084745688363909,-0.0512820929288864,0.0309829022735357,0.0039603919722139,0.0041450737044215,-0.0165530741214752,-0.0082559268921613,-0.011549555696547,0.0197711288928985,0.0569685064256191,0.0071428259834647,0.0102775320410728,0.0,-0.0270000454038381,-0.0162107236683368,0.0183299705386161,0.0236868727952241,0.03477343916893,0.049295850098133,-0.0021030975040048,0.0287631098181009,-0.0315681733191013,-0.0531220622360706,-0.0557692237198352,0.0157480165362358,0.0186091661453247,-0.0009689220460131,0.0059113716706633,-0.0029098629020154,0.0089462418109178,-0.0428015179932117,0.0349794402718544,0.0254065040498971,-0.0051177265122532,0.0188304837793111,0.0113872271031141,0.0058366167359054,0.0125786047428846,0.0048356084153056,0.0063291583210229,-0.1122277453541755,0.001647405559197,-0.0871021796218904,-0.004095019541629,-0.1097152036289575,0.0133333214006283,-0.1021775020687356,0.0133333213115078,-0.1457286299246809,0.016722392494999,-0.1968173788753999,0.1636363732701335,-0.129815686141227,0.2827004784146583,2019-02-22,2019-02-25,2019-02-26,2019-02-27,2019-02-28,2019-03-01,2019-03-04,2019-03-05,2019-03-06,2019-03-07,87078.0,2019-02-21,252.0,-1.8092%,-0.0004,1.0625,0.3256,-0.2022,2.1529%,2.4674%,23.8671%,-0.014407,MDRX,87078.0,2019-02-22,252.0,-11.2228%,-0.001,1.0819,0.2596,-0.0306,2.2792%,2.5613%,20.8195%,-0.123997,MDRX,87078.0,2019-02-25,252.0,2.8302%,-0.0009,1.0816,0.2455,-0.0389,2.2860%,2.5678%,20.7417%,0.027199,MDRX,87078.0,2019-02-26,252.0,-2.4771%,-0.001,1.0816,0.2745,-0.0242,2.2893%,2.5683%,20.5471%,-0.021697,MDRX,87078.0,2019-02-27,252.0,1.7874%,-0.0008,1.0883,0.2677,-0.0231,2.2901%,2.5709%,20.6505%,0.01625,MDRX,87078.0,2019-02-28,252.0,-0.9242%,-0.0009,1.1025,0.2772,-0.0115,2.2851%,2.5706%,20.9822%,-0.0060799999999999,MDRX,87078.0,2019-03-01,252.0,0.5597%,-0.001,1.1085,0.2862,-0.0011,2.2841%,2.5709%,21.0634%,-0.003281,MDRX,87078.0,2019-03-04,252.0,-1.0204%,-0.001,1.1124,0.2754,-0.0026,2.2836%,2.5715%,21.1357%,-0.003381,MDRX,87078.0,2019-03-05,252.0,-1.4995%,-0.0011,1.1108,0.2555,0.0004,2.2827%,2.5678%,20.9749%,-0.0123469999999999,MDRX,87078.0,2019-03-06,252.0,-2.1884%,-0.0012,1.1122,0.2742,0.0045,2.2831%,2.5696%,21.0553%,-0.009424,MDRX,87078.0,2019-03-07,252.0,-0.7782%,-0.0011,1.113,0.2834,0.0082,2.2826%,2.5699%,21.1115%,0.001455,MDRX,-0.138404,-0.111205,-0.132902,-0.122732,-0.1497099999999999
5947,VERADIGM INC,"Allscripts Healthcare Q4 EPS $0.20 Misses $0.21 Estimate, Bookings $531M Miss $564.11M Estimate",6,decrease,0.75,0.6,"the missed earnings per share and bookings estimates suggest weaker financial performance, which is likely to negatively impact investor sentiment and lead to a decrease in stock price.",0,2019-02-21,MDRX,2019-02-21 21:02:00+00:00,87078.0,01988P10,-0.0180921275168657,3538184.0,-0.1122277453541756,0.001647405559197,0.0283018145710229,-0.005732980556786,-0.0247705969959497,0.0175000037997961,0.0178739018738269,0.0075566880404949,-0.0092420913279056,-0.0075000128708779,0.005596965085715,0.0265184286981821,-0.0102040497586131,0.029049290344119,-0.0149952992796897,0.0188340842723846,-0.0218839664012193,-0.0295909624546766,-0.0077820941805839,-0.0392976813018322,0.0049019795842468,-0.0123864263296127,0.0048780674114823,0.0306382682174444,0.0087378788739442,-0.0033927024342119,0.0163618940860033,0.0085543524473905,-0.0104167237877845,-0.004258960019797,0.0172249097377061,-0.0192147437483072,-0.0169332362711429,-0.0033305545803159,0.0009569597314111,-0.0115225836634635,-0.0076481760479509,0.0244519375264644,0.0154142435640096,-0.015767678618431,-0.0607210956513881,-0.0114847738295793,0.0010101242223754,0.0445586554706096,-0.0080726463347673,0.0025772964581847,-0.0132248336449265,-0.0135593088343739,-0.0051546590402722,0.0305677186697721,-0.0113989282399416,0.0035056935157626,-0.0031446260400116,0.003518026554957,-0.0010515487520024,0.0070859100669622,-0.0042105223983526,0.0245008617639541,0.0137420836836099,0.0545455180108547,0.0083420146256685,0.0346534065902233,-0.0072388513945043,0.0542797967791557,0.0124999871477484,-0.0204498786479234,0.0216049421578645,0.0145227573812007,-0.0342396907508373,0.0190275162458419,-0.0020855534821748,0.0172042846679687,0.0114943170920014,0.0163935050368309,0.0030991458334028,0.0590276904404163,-0.036045353859663,-0.0495049282908439,0.0085470005869865,-0.0550935268402099,-0.0084745688363909,-0.0512820929288864,0.0309829022735357,0.0039603919722139,0.0041450737044215,-0.0165530741214752,-0.0082559268921613,-0.011549555696547,0.0197711288928985,0.0569685064256191,0.0071428259834647,0.0102775320410728,0.0,-0.0270000454038381,-0.0162107236683368,0.0183299705386161,0.0236868727952241,0.03477343916893,0.049295850098133,-0.0021030975040048,0.0287631098181009,-0.0315681733191013,-0.0531220622360706,-0.0557692237198352,0.0157480165362358,0.0186091661453247,-0.0009689220460131,0.0059113716706633,-0.0029098629020154,0.0089462418109178,-0.0428015179932117,0.0349794402718544,0.0254065040498971,-0.0051177265122532,0.0188304837793111,0.0113872271031141,0.0058366167359054,0.0125786047428846,0.0048356084153056,0.0063291583210229,-0.1122277453541755,0.001647405559197,-0.0871021796218904,-0.004095019541629,-0.1097152036289575,0.0133333214006283,-0.1021775020687356,0.0133333213115078,-0.1457286299246809,0.016722392494999,-0.1968173788753999,0.1636363732701335,-0.129815686141227,0.2827004784146583,2019-02-22,2019-02-25,2019-02-26,2019-02-27,2019-02-28,2019-03-01,2019-03-04,2019-03-05,2019-03-06,2019-03-07,87078.0,2019-02-21,252.0,-1.8092%,-0.0004,1.0625,0.3256,-0.2022,2.1529%,2.4674%,23.8671%,-0.014407,MDRX,87078.0,2019-02-22,252.0,-11.2228%,-0.001,1.0819,0.2596,-0.0306,2.2792%,2.5613%,20.8195%,-0.123997,MDRX,87078.0,2019-02-25,252.0,2.8302%,-0.0009,1.0816,0.2455,-0.0389,2.2860%,2.5678%,20.7417%,0.027199,MDRX,87078.0,2019-02-26,252.0,-2.4771%,-0.001,1.0816,0.2745,-0.0242,2.2893%,2.5683%,20.5471%,-0.021697,MDRX,87078.0,2019-02-27,252.0,1.7874%,-0.0008,1.0883,0.2677,-0.0231,2.2901%,2.5709%,20.6505%,0.01625,MDRX,87078.0,2019-02-28,252.0,-0.9242%,-0.0009,1.1025,0.2772,-0.0115,2.2851%,2.5706%,20.9822%,-0.0060799999999999,MDRX,87078.0,2019-03-01,252.0,0.5597%,-0.001,1.1085,0.2862,-0.0011,2.2841%,2.5709%,21.0634%,-0.003281,MDRX,87078.0,2019-03-04,252.0,-1.0204%,-0.001,1.1124,0.2754,-0.0026,2.2836%,2.5715%,21.1357%,-0.003381,MDRX,87078.0,2019-03-05,252.0,-1.4995%,-0.0011,1.1108,0.2555,0.0004,2.2827%,2.5678%,20.9749%,-0.0123469999999999,MDRX,87078.0,2019-03-06,252.0,-2.1884%,-0.0012,1.1122,0.2742,0.0045,2.2831%,2.5696%,21.0553%,-0.009424,MDRX,87078.0,2019-03-07,252.0,-0.7782%,-0.0011,1.113,0.2834,0.0082,2.2826%,2.5699%,21.1115%,0.001455,MDRX,-0.138404,-0.111205,-0.132902,-0.122732,-0.1497099999999999
5955,M F A FINANCIAL INC,MFA Financial Q4 EPS $0.13 Misses $0.18 Estimate,6,decrease,0.75,0.6,"the earnings per share (eps) miss compared to estimates typically signals weaker performance, which can lead to a decrease in stock price.",0,2019-02-21,MFA,2019-02-21 13:34:00+00:00,85935.0,55272X60,-0.0041039306670427,2408988.0,0.0068680923432111,-0.0081411050632596,0.0081855310127139,-0.004054082557559,-0.0094722183421254,0.0081743793562054,-0.0040983892977237,-0.0067658610641956,-0.0027434816583991,-0.002699052914977,0.0,-0.0013477397151291,0.0041265762411057,0.0054200487211346,0.0013698290567845,-0.0107238506898284,-0.0027359754312783,0.0026881694793701,-0.0054869633167982,0.0013459258479997,-0.0068965782411396,0.0013476754538714,0.0125000216066837,0.0040595685131847,-0.0068587367422878,0.0081855310127139,0.0069061038084328,0.0082530872896313,0.0013717735419049,-0.0013736577238887,-0.00136989436578,-0.0054644756019115,0.0082304449751973,0.0054945000447332,-0.0122448541224002,0.0055249226279556,-0.0027548838406801,0.0041608507744967,0.0082873506471514,0.0112201850861311,-0.0109589584171772,0.0042253816500306,0.0069252345710992,-0.0042076031677424,0.0082530872896313,0.0127841122448444,-0.0013642226113006,-0.0014184721512719,0.0163933876901865,-0.0028288515750318,0.0041436753235757,0.0028368765488266,0.0110041163861751,0.0057061286643147,-0.0054421718232333,0.0042980243451893,0.0013680204283446,0.0086705116555094,0.0068305619060993,0.0,-0.0013568184804171,0.0087463473901152,0.0013586619170382,0.0088235205039381,-0.0054274033755064,0.0149254305288195,0.0027285104151815,0.0029940092936158,-0.0013605104759335,-0.017647111788392,0.0081743793562054,0.0119048217311501,-0.0027026999741792,0.0102189620956778,0.0040650041773915,0.0474006049335002,0.0,-0.0105900410562753,-0.002699052914977,-0.0104789966717362,0.0013532110024243,-0.0219619460403919,0.0027026999741792,-0.0087082646787166,0.0080862455070018,0.0,-0.0080213826149702,-0.0128940045833587,0.0107816606760025,-0.0014305796939879,-0.004000028129667,-0.0028531323187053,0.0053548114374279,-0.0014244661433622,-0.0053262901492416,-0.002840906381607,-0.0080321207642555,-0.0167597606778144,0.0080971587449312,-0.0013947320403531,0.0,0.0127118863165378,-0.0214189887046814,-0.0166666507720947,0.0,-0.0068965782411396,0.0068399715237319,0.0041551538743078,0.0081521663814783,0.0112044708803296,-0.0148248160257935,0.0028089862316846,0.0,0.0,-0.0027359754312783,0.0128022292628884,0.0041152550838887,-0.0070621063932776,-0.0027322378009557,0.0071123344823718,0.0068680923432111,-0.0081411050632596,0.0151098423387985,-0.0121621829087823,0.005494500270925,-0.0040872218494728,-0.0013736577117835,-0.0134952638468615,-0.0041209077768107,-0.0161507255763201,0.0403284113950876,0.0563583602854871,0.0304474533058589,0.0707765660111565,2019-02-22,2019-02-25,2019-02-26,2019-02-27,2019-02-28,2019-03-01,2019-03-04,2019-03-05,2019-03-06,2019-03-07,85935.0,2019-02-21,252.0,-0.4104%,0.0004,0.3661,0.2525,0.2397,0.8041%,0.8849%,17.4213%,-0.002074,MFA,85935.0,2019-02-22,252.0,0.6868%,0.0004,0.3653,0.2521,0.2295,0.8050%,0.8856%,17.3927%,0.006523,MFA,85935.0,2019-02-25,252.0,0.8186%,0.0005,0.3648,0.2476,0.2253,0.8062%,0.8865%,17.2863%,0.008606,MFA,85935.0,2019-02-26,252.0,-0.9472%,0.0004,0.3626,0.2596,0.2298,0.8065%,0.8862%,17.1836%,-0.00666,MFA,85935.0,2019-02-27,252.0,-0.4098%,0.0004,0.3614,0.2602,0.2296,0.8070%,0.8861%,17.0606%,-0.004742,MFA,85935.0,2019-02-28,252.0,-0.2743%,0.0004,0.3525,0.254,0.2235,0.7997%,0.8753%,16.5328%,-0.001201,MFA,85935.0,2019-03-01,252.0,0.0000%,0.0005,0.3457,0.244,0.2144,0.7974%,0.8697%,15.9439%,-0.0024709999999999,MFA,85935.0,2019-03-04,252.0,0.4127%,0.0005,0.3469,0.235,0.2152,0.7977%,0.8699%,15.9051%,0.005974,MFA,85935.0,2019-03-05,252.0,0.1370%,0.0005,0.345,0.2217,0.2128,0.7968%,0.8673%,15.5958%,0.003114,MFA,85935.0,2019-03-06,252.0,-0.2736%,0.0004,0.3342,0.2254,0.2011,0.7883%,0.8566%,15.3060%,0.002781,MFA,85935.0,2019-03-07,252.0,-0.5487%,0.0004,0.3351,0.2253,0.2023,0.7885%,0.8571%,15.3744%,-0.002015,MFA,0.004449,0.013055,0.006395,0.000452,0.007835
5963,MAGNA INTERNATIONAL INC,Preview: Magna International Earnings,6,uncertain,0.5,0.5,"the impact of earnings previews can vary widely based on market expectations and actual performance, making the stock price movement uncertain.",1,2019-02-21,MGA,2019-02-21 20:38:00+00:00,78045.0,55922240,-0.0054830955341458,1612442.0,0.0349809937179088,0.0208453573286533,-0.018185120075941,-0.0036538196727633,-0.0061740283854305,0.0104936053976416,-0.0026355306617915,0.0076365652494132,-0.0047187618911266,-0.0019542402587831,-0.0026550234761089,0.019322657957673,-0.0007606183062307,0.0042008217424154,-0.0045670382678508,-0.0147812375798821,-0.0193080119788646,-0.0353611558675766,-0.0170564893633127,0.0015231914585456,-0.0013983158860355,0.0003809611080214,0.0092018218711018,0.0015261700609698,-0.0085232965648174,-0.0092610409483313,-0.0013994340552017,0.0043659745715558,-0.024224204942584,0.0138568365946412,0.0022568074055016,-0.0051694517023861,0.0092118885368108,-0.0024828317109495,0.0070994379930198,0.0266666784882545,-0.0134945008903741,0.0179641023278236,-0.0032666362822055,-0.0001996036007767,-0.0280622486025095,-0.0157139897346496,-0.0031612543389201,0.0153570100665092,0.0088795349001884,-0.0025860567111521,0.0083821816369891,0.0003980190667789,0.0099750533699989,-0.0009940206073224,0.0018518550787121,0.001194218872115,0.0347094386816024,0.0037962526548653,0.009924572892487,0.0210118070244789,0.0108097335323691,0.0289672780781984,0.0159439947456121,0.0251774936914444,0.0047846888191998,0.0204216130077838,0.0160000026226043,0.0307831726968288,-0.0121860057115554,-0.0305025111883878,0.0189789347350597,0.002640240592882,-0.006891394034028,-0.0017570396885275,0.0151913240551948,-0.0225419271737337,-0.0031406241469085,0.022163750603795,0.019458845257759,0.0354465208947658,0.0147246206179261,-0.0282623656094074,0.0146900694817304,0.0031007616780698,-0.0084745679050683,0.002887629205361,0.0021367331501096,-0.0070577790029346,-0.0053304769098758,0.0234763193875551,-0.0287602823227644,-0.0233686361461877,0.0095641063526272,-0.0026384990196675,0.0060120574198663,-0.0030688161496073,0.0076059065759181,0.0153571916744113,-0.0161753725260496,0.0098898317664861,-0.0018268594285473,-0.0221977662295103,0.0025622143875807,-0.0304709207266569,-0.0082146218046545,-0.0111672729253768,-0.0127002103254199,-0.0624259151518344,-0.0082028079777956,0.0150391021743416,-0.1003759428858757,0.0072712707333266,-0.0112829273566603,0.0093781668692827,-0.0422654263675212,0.016580294817686,-0.0022064975928515,-0.054292444139719,0.0057496312074363,0.0171451475471258,-0.0195690281689167,0.0019975723698735,-0.001569851883687,0.0275285579264164,0.0349809937179088,0.0208453573286533,0.0161597400708317,0.0171153724791968,0.0098859409915026,0.0277885798418688,0.0024715037239502,0.0336134701829757,-0.0413497558526574,0.007044916010193,0.0005887721942723,0.1381536068437585,-0.1474409074634016,0.0856169258479966,2019-02-22,2019-02-25,2019-02-26,2019-02-27,2019-02-28,2019-03-01,2019-03-04,2019-03-05,2019-03-06,2019-03-07,78045.0,2019-02-21,252.0,-0.5483%,0.0,1.1239,0.1839,0.38,1.5960%,1.9486%,32.9157%,-0.00046,MGA,78045.0,2019-02-22,252.0,3.4981%,0.0001,1.1204,0.1633,0.3182,1.6032%,1.9577%,32.9312%,0.03215,MGA,78045.0,2019-02-25,252.0,-1.8185%,-0.0001,1.1223,0.1745,0.3311,1.6047%,1.9590%,32.9013%,-0.018968,MGA,78045.0,2019-02-26,252.0,-0.6174%,-0.0,1.128,0.172,0.3342,1.6038%,1.9589%,32.9685%,-0.0022689999999999,MGA,78045.0,2019-02-27,252.0,-0.2636%,-0.0001,1.1262,0.1741,0.3339,1.6038%,1.9565%,32.8098%,-0.003677,MGA,78045.0,2019-02-28,252.0,-0.4719%,-0.0001,1.1287,0.1758,0.3358,1.6035%,1.9558%,32.7768%,-0.000528,MGA,78045.0,2019-03-01,252.0,-0.2655%,-0.0001,1.1157,0.1564,0.3202,1.6007%,1.9452%,32.2847%,-0.010038,MGA,78045.0,2019-03-04,252.0,-0.0761%,0.0,1.1088,0.1753,0.3229,1.5986%,1.9386%,31.9998%,0.004328,MGA,78045.0,2019-03-05,252.0,-0.4567%,0.0001,1.1157,0.2278,0.3283,1.5877%,1.9343%,32.6227%,-0.001454,MGA,78045.0,2019-03-06,252.0,-1.9308%,0.0001,1.1247,0.238,0.3399,1.5868%,1.9382%,32.9708%,-0.007287,MGA,78045.0,2019-03-07,252.0,-1.7056%,0.0001,1.1283,0.2427,0.3461,1.5873%,1.9411%,33.1276%,-0.0066359999999999,MGA,0.0316899999999999,0.0127219999999999,0.0104529999999999,0.0062479999999999,-0.014839
5971,MAUI LAND & PINEAPPLE CO INC,"Maui Land & Pineapple Late Wednesday Reported Q4 EPS $0.19 Up From $(0.05) YoY, Sales $2.725M Up From $2.518M YoY",6,increase,0.8,0.6,"the significant improvement in eps from a loss to a profit, along with an increase in sales, suggests positive financial performance that is likely to boost investor confidence and increase the stock price.",2,2019-02-21,MLP,2019-02-21 14:16:00+00:00,51925.0,57734510,-0.008156637661159,6127.0,-0.0230262950062751,0.0032733192201703,-0.0244107712060213,0.0016393818659707,0.0008628325304016,0.0116085726767778,-0.0043103611096739,0.022900803014636,-0.0121212415397167,0.0207791998982429,0.0,0.0221238937228918,-0.0131463296711444,0.0161870773881673,0.0,-0.0089126899838447,-0.0204263310879468,-0.0183727070689201,0.006346387322992,-0.0188840627670288,0.0045044356957077,0.0192475337535142,0.0403588153421878,-0.0297113265842199,-0.0068965447135269,-0.0134003227576613,-0.0130208823829889,0.0135823301970958,-0.0395778194069862,-0.0117449956014752,0.0045787720009684,-0.0066666603088378,0.0036463045980781,0.0050251609645783,-0.0308810304850339,0.0566371120512485,0.0271790027618408,0.0405157059431076,0.0565693341195583,-0.0018382773268967,-0.0440414696931839,-0.010909080505371,0.0198735576122999,0.0119595322757959,-0.016829015687108,0.0,0.0045044356957077,0.0187441240996122,0.0206278469413518,-0.0046641966328024,0.0043936898000538,0.0113207437098026,0.0061242077499628,-0.0139534529298543,-0.017391288653016,-0.0027829066384583,0.0044247955083847,0.0455867387354373,0.0273127276450395,0.0341023206710815,0.0068610571324825,-0.002999973250553,-0.011924990452826,0.0214504636824131,0.0051723676733672,-0.0070993606932461,0.0077187097631394,-0.0060484292916953,-0.0059574209153652,0.0530785545706749,0.0059931245632469,-0.0167014449834823,-0.0102127557620406,-0.0283975396305322,-0.0068787550553679,0.0102458428591489,0.0025973794981837,-0.0288557168096303,0.0310880541801452,-0.069444440305233,0.008375241421163,-0.0181818008422851,0.0132890241220593,-0.0291262064129114,-0.0040983762592077,-0.0207432825118303,-0.0255143605172634,-0.0422185622155666,0.0084458971396088,0.0083472775295376,0.0134004028514027,0.0363321043550968,-0.0107438107952475,0.0052174278534948,0.0,0.0105448048561811,0.0075188097544014,0.004413079470396,0.0149253187701106,-0.0198962353169918,-0.01307188346982,0.0034722187556326,-0.0480132400989532,-0.0094582680612802,-0.0086956853047013,0.0086730597540736,0.0157895013689994,-0.0068906052038073,-0.0069084563292562,-0.0836622267961502,-0.0260869730263948,0.0567139536142349,-0.0053570950403809,0.0109612243250012,0.0026929741725325,0.0102214552462101,-0.0107430517673492,0.0042771762236952,-0.0045249038375914,0.0254385937005281,-0.0230262950062751,0.0032733192201703,-0.0468749765931759,0.0049180673063122,-0.0460525893174407,0.0165837317248447,-0.0616776332963823,0.0614718639920524,-0.0871710103796915,0.0523605669633897,-0.041118418488061,0.2296890531573352,-0.0953947215230941,0.0754386525397627,2019-02-22,2019-02-25,2019-02-26,2019-02-27,2019-02-28,2019-03-01,2019-03-04,2019-03-05,2019-03-06,2019-03-07,51925.0,2019-02-21,252.0,-0.8157%,0.0002,0.8497,1.2204,0.3255,2.1621%,2.4023%,19.0004%,-0.0035659999999999,MLP,51925.0,2019-02-22,252.0,-2.3026%,0.0001,0.8541,1.2172,0.3742,2.1705%,2.4067%,18.6691%,-0.030577,MLP,51925.0,2019-02-25,252.0,-2.4411%,-0.0,0.8542,1.2283,0.3807,2.1749%,2.4118%,18.6785%,-0.021953,MLP,51925.0,2019-02-26,252.0,0.0863%,0.0001,0.8567,1.2102,0.3734,2.1754%,2.4118%,18.6379%,0.011247,MLP,51925.0,2019-02-27,252.0,-0.4310%,0.0003,0.8881,1.1524,0.3786,2.1289%,2.3737%,19.5562%,-0.007033,MLP,51925.0,2019-02-28,252.0,-1.2121%,0.0003,0.8896,1.1531,0.3817,2.1297%,2.3733%,19.4773%,-0.008752,MLP,51925.0,2019-03-01,252.0,0.0000%,0.0001,0.9085,1.1812,0.415,2.1194%,2.3706%,20.0708%,-0.008312,MLP,51925.0,2019-03-04,252.0,-1.3146%,-0.0001,0.9298,1.1151,0.4083,2.1010%,2.3552%,20.4229%,-0.0054059999999999,MLP,51925.0,2019-03-05,252.0,0.0000%,-0.0,0.9309,1.1271,0.4068,2.1006%,2.3546%,20.4142%,0.005928,MLP,51925.0,2019-03-06,252.0,-2.0426%,0.0,0.9338,1.1213,0.4093,2.1002%,2.3582%,20.6833%,0.001341,MLP,51925.0,2019-03-07,252.0,0.6346%,0.0001,0.9303,1.1358,0.4088,2.1002%,2.3584%,20.6944%,0.016049,MLP,-0.034143,-0.056096,-0.044849,-0.0606339999999999,-0.0510339999999999
5979,ALTRIA GROUP INC,Cronos Reports Shareholders Have Approved C$2.4B Strategic Investment From Altria,6,increase,0.7,0.6,"the approval of a significant strategic investment from altria into cronos suggests a positive outlook for altria's growth potential, likely boosting investor confidence.",2,2019-02-21,MO,2019-02-21 22:42:00+00:00,13901.0,02209S10,-0.002771716332063,7337145.0,0.0224340092390775,0.0310266707092523,0.006601944565773,0.0051292572170495,0.0050153997726738,-0.0081399613991379,0.004222672432661,0.0028571304865181,0.0017201864393427,-0.0132903717458248,0.0064873145893216,0.0157496519386768,-0.0054976479150354,0.0010237353853881,0.0080061377957463,0.0024630322586745,0.0338501706719398,-0.0111629636958241,0.0012804740108549,0.0046900394372642,0.0115089006721973,-0.001425365335308,0.0115585951134562,-0.0018292713211849,-0.0046419985592365,-0.0030394673813134,0.0068161627277731,0.0324267633259296,0.004810269922018,0.0411674901843071,0.0062056463211774,0.0134657975286245,0.0096916165202856,0.0239601600915193,-0.0225131046026945,0.021001610904932,-0.0051775951869785,-0.0306487455964088,0.0217157043516635,-0.0060040126554667,-0.0036887777969241,-0.0691368281841278,0.0112661141902208,0.0265618357807397,0.0084880553185939,-0.0029660887084901,-0.0128002725541591,-0.0148194339126348,0.0071048229001462,-0.0072523513808846,0.0128747709095478,-0.0130880000069737,0.0052237375639379,0.0008186842896975,-0.0180149134248495,-0.0161095298826694,-0.0478038303554058,0.0122298914939165,0.0114857153967022,0.0057401107624173,0.0031135894823819,-0.0302186980843544,0.0093116359785199,0.0256932768970727,-0.003075220156461,-0.0054755718447268,0.0056250691413879,-0.0016197209479287,0.0101046804338693,0.01022704038769,0.0103608760982751,0.0039014092180877,0.0067184804938733,0.0055750664323568,-0.0096592772752046,0.0182926598936319,-0.0037240483798086,-0.0148706203326582,-0.0322178937494754,-0.0267644431442022,0.0044142301194369,-0.0186770986765623,0.0038454327732324,0.0100216576829552,-0.0020065780263394,-0.0278891902416944,-0.0603180266916751,-0.0072065442800521,0.0268430467694997,-0.0220697075128555,0.0136388977989554,0.011063122190535,0.0153243048116564,-0.011492102406919,-0.017301719635725,0.01105697453022,-0.0043079145252704,-0.0151347303763032,0.0112866526469588,-0.0040441397577524,-0.0042782654054462,0.0,-0.0110218599438667,-0.0238650292158126,-0.0185115151107311,0.0164143294095993,0.0005774171440862,-0.0198426321148872,0.0023081155959516,0.0180163402110338,-0.0128574548289179,0.021565344184637,0.0087480712682008,0.0109002413228154,0.0046252012252807,-0.0094937104731798,-0.0019183250842615,-0.0123184071853756,0.0061502922326326,-0.0222901608794927,0.0224340092390775,0.0310266707092523,0.029184061890235,0.0363150717009583,0.0343458314002789,0.0278795070199677,0.0405003159656882,0.0171163611617015,0.0867580453808967,0.0299754776195455,0.0994861111930005,0.035465346283229,0.0541776184456912,-0.0767639956302139,2019-02-22,2019-02-25,2019-02-26,2019-02-27,2019-02-28,2019-03-01,2019-03-04,2019-03-05,2019-03-06,2019-03-07,13901.0,2019-02-21,252.0,-0.2772%,-0.0006,0.5134,-0.3223,0.319,1.5075%,1.5995%,11.1715%,-0.00041,MO,13901.0,2019-02-22,252.0,2.2434%,-0.0005,0.5097,-0.3171,0.2788,1.5162%,1.6059%,10.8586%,0.025459,MO,13901.0,2019-02-25,252.0,0.6602%,-0.0005,0.5087,-0.3209,0.2734,1.5159%,1.6055%,10.8572%,0.005415,MO,13901.0,2019-02-26,252.0,0.5015%,-0.0005,0.5008,-0.3202,0.2678,1.5145%,1.6008%,10.4996%,0.004578,MO,13901.0,2019-02-27,252.0,0.4223%,-0.0005,0.498,-0.3139,0.2674,1.5143%,1.5988%,10.2983%,0.004602,MO,13901.0,2019-02-28,252.0,0.1720%,-0.0004,0.4886,-0.3202,0.2595,1.5111%,1.5932%,10.0353%,0.003895,MO,13901.0,2019-03-01,252.0,0.6487%,-0.0004,0.4829,-0.3287,0.2482,1.5098%,1.5906%,9.8973%,0.004846,MO,13901.0,2019-03-04,252.0,-0.5498%,-0.0004,0.484,-0.328,0.2469,1.5101%,1.5902%,9.8099%,-0.00536,MO,13901.0,2019-03-05,252.0,0.8006%,-0.0004,0.4817,-0.3404,0.242,1.5109%,1.5910%,9.8079%,0.008315,MO,13901.0,2019-03-06,252.0,3.3850%,-0.0003,0.4578,-0.4013,0.2068,1.5209%,1.5973%,9.3388%,0.03342,MO,13901.0,2019-03-07,252.0,0.1280%,-0.0003,0.4525,-0.4164,0.1955,1.5197%,1.5960%,9.3364%,0.005346,MO,0.025049,0.0304639999999999,0.035042,0.043539,0.090106
5987,ALTRIA GROUP INC,Wells Fargo Expects Tobacco Stocks To 'React Favorably' To Price Increases,6,increase,0.75,0.6,"the expectation of favorable reactions to price increases suggests that investors may anticipate higher revenues and profits for tobacco companies, including altria group inc.",2,2019-02-21,MO,2019-02-21 20:51:00+00:00,13901.0,02209S10,-0.002771716332063,7337145.0,0.0224340092390775,0.0310266707092523,0.006601944565773,0.0051292572170495,0.0050153997726738,-0.0081399613991379,0.004222672432661,0.0028571304865181,0.0017201864393427,-0.0132903717458248,0.0064873145893216,0.0157496519386768,-0.0054976479150354,0.0010237353853881,0.0080061377957463,0.0024630322586745,0.0338501706719398,-0.0111629636958241,0.0012804740108549,0.0046900394372642,0.0115089006721973,-0.001425365335308,0.0115585951134562,-0.0018292713211849,-0.0046419985592365,-0.0030394673813134,0.0068161627277731,0.0324267633259296,0.004810269922018,0.0411674901843071,0.0062056463211774,0.0134657975286245,0.0096916165202856,0.0239601600915193,-0.0225131046026945,0.021001610904932,-0.0051775951869785,-0.0306487455964088,0.0217157043516635,-0.0060040126554667,-0.0036887777969241,-0.0691368281841278,0.0112661141902208,0.0265618357807397,0.0084880553185939,-0.0029660887084901,-0.0128002725541591,-0.0148194339126348,0.0071048229001462,-0.0072523513808846,0.0128747709095478,-0.0130880000069737,0.0052237375639379,0.0008186842896975,-0.0180149134248495,-0.0161095298826694,-0.0478038303554058,0.0122298914939165,0.0114857153967022,0.0057401107624173,0.0031135894823819,-0.0302186980843544,0.0093116359785199,0.0256932768970727,-0.003075220156461,-0.0054755718447268,0.0056250691413879,-0.0016197209479287,0.0101046804338693,0.01022704038769,0.0103608760982751,0.0039014092180877,0.0067184804938733,0.0055750664323568,-0.0096592772752046,0.0182926598936319,-0.0037240483798086,-0.0148706203326582,-0.0322178937494754,-0.0267644431442022,0.0044142301194369,-0.0186770986765623,0.0038454327732324,0.0100216576829552,-0.0020065780263394,-0.0278891902416944,-0.0603180266916751,-0.0072065442800521,0.0268430467694997,-0.0220697075128555,0.0136388977989554,0.011063122190535,0.0153243048116564,-0.011492102406919,-0.017301719635725,0.01105697453022,-0.0043079145252704,-0.0151347303763032,0.0112866526469588,-0.0040441397577524,-0.0042782654054462,0.0,-0.0110218599438667,-0.0238650292158126,-0.0185115151107311,0.0164143294095993,0.0005774171440862,-0.0198426321148872,0.0023081155959516,0.0180163402110338,-0.0128574548289179,0.021565344184637,0.0087480712682008,0.0109002413228154,0.0046252012252807,-0.0094937104731798,-0.0019183250842615,-0.0123184071853756,0.0061502922326326,-0.0222901608794927,0.0224340092390775,0.0310266707092523,0.029184061890235,0.0363150717009583,0.0343458314002789,0.0278795070199677,0.0405003159656882,0.0171163611617015,0.0867580453808967,0.0299754776195455,0.0994861111930005,0.035465346283229,0.0541776184456912,-0.0767639956302139,2019-02-22,2019-02-25,2019-02-26,2019-02-27,2019-02-28,2019-03-01,2019-03-04,2019-03-05,2019-03-06,2019-03-07,13901.0,2019-02-21,252.0,-0.2772%,-0.0006,0.5134,-0.3223,0.319,1.5075%,1.5995%,11.1715%,-0.00041,MO,13901.0,2019-02-22,252.0,2.2434%,-0.0005,0.5097,-0.3171,0.2788,1.5162%,1.6059%,10.8586%,0.025459,MO,13901.0,2019-02-25,252.0,0.6602%,-0.0005,0.5087,-0.3209,0.2734,1.5159%,1.6055%,10.8572%,0.005415,MO,13901.0,2019-02-26,252.0,0.5015%,-0.0005,0.5008,-0.3202,0.2678,1.5145%,1.6008%,10.4996%,0.004578,MO,13901.0,2019-02-27,252.0,0.4223%,-0.0005,0.498,-0.3139,0.2674,1.5143%,1.5988%,10.2983%,0.004602,MO,13901.0,2019-02-28,252.0,0.1720%,-0.0004,0.4886,-0.3202,0.2595,1.5111%,1.5932%,10.0353%,0.003895,MO,13901.0,2019-03-01,252.0,0.6487%,-0.0004,0.4829,-0.3287,0.2482,1.5098%,1.5906%,9.8973%,0.004846,MO,13901.0,2019-03-04,252.0,-0.5498%,-0.0004,0.484,-0.328,0.2469,1.5101%,1.5902%,9.8099%,-0.00536,MO,13901.0,2019-03-05,252.0,0.8006%,-0.0004,0.4817,-0.3404,0.242,1.5109%,1.5910%,9.8079%,0.008315,MO,13901.0,2019-03-06,252.0,3.3850%,-0.0003,0.4578,-0.4013,0.2068,1.5209%,1.5973%,9.3388%,0.03342,MO,13901.0,2019-03-07,252.0,0.1280%,-0.0003,0.4525,-0.4164,0.1955,1.5197%,1.5960%,9.3364%,0.005346,MO,0.025049,0.0304639999999999,0.035042,0.043539,0.090106
5995,MORNINGSTAR INC,"Morningstar Q4 EPS $0.99 Up From $0.66 YoY, Sales $262.7M Beat $229.2M Estimate",6,increase,0.85,0.7,"the significant year-over-year increase in eps and sales beating estimates typically indicates strong financial performance, which is likely to positively influence investor sentiment and drive the stock price up.",2,2019-02-21,MORN,2019-02-21 22:19:00+00:00,90708.0,61770010,0.0115290181711316,76723.0,-0.0087250480428338,0.0031905071809887,0.008405340835452,-0.0080702323466539,-0.0053471755236387,0.0024587369989603,0.0041900449432432,-0.0082592265680432,-0.0036214697174727,0.0063325846567749,-0.0099557088688015,0.0015062822494655,-0.0079808458685874,0.0024636220186948,-0.0160901043564081,0.0088999411091208,-0.0020441536325961,-0.0020803499501198,-0.0082753142341971,-0.0063602752052247,-0.0095836389809846,0.0175551995635032,0.002919637132436,0.0075807003304362,-0.0093155009672045,-0.0118405250832438,0.0057090111076831,0.0446819700300693,-0.0016696266829967,0.0025307526811957,0.0076093627139925,-0.0021045543253421,0.0137759642675519,-0.0127981454133987,0.0024557581637054,-0.0013278780970722,-0.0062877400778234,0.0064316457137465,0.0032869905699044,0.0410434901714325,-0.0098287900909781,-0.0008687964873388,0.0066176117397844,0.0189447533339262,0.0110937496647238,0.0135486964136362,-0.005364139098674,0.0214462131261825,0.0177317038178443,0.0101842274889349,0.0115615800023078,-0.0081726294010877,0.0230177119374275,-0.0020161401480436,0.0002327471447642,0.0002750610583461,0.0048091462813317,0.0044194431975483,-0.0091090900823473,0.0077944141812622,-0.0031230598688125,-0.0068196984939277,0.0030545662157237,0.0068665258586406,-0.0049192225560545,-0.0050644734874367,0.010514723137021,-0.0112891290336847,0.0026401330251246,-0.0024521320592612,0.0055762180127203,0.0010910332202911,0.0015403338475152,0.0049337684176862,0.0236081779003143,0.0374407283961772,0.0025542508810758,-0.0115244388580322,0.0101161943748593,-0.0207357965409755,0.0022996850311756,-0.0250469893217086,0.0391532331705093,-0.0051615359261631,0.0188034158200025,-0.0038120592944324,-0.0271951872855424,-0.014158321544528,0.0198347810655832,-0.0028758328408002,0.017687227576971,0.0192751660943031,-0.0067165298387408,0.0032974132336676,-0.0092017576098442,0.0056461482308804,-0.0071765584871172,-0.0315076597034931,0.006307132076472,-0.0109031954780221,-0.0099296029657125,-0.0062281009741127,-0.0165730267763137,-0.0157863572239875,-0.0163459759205579,0.0080412812530994,-0.0261029638350009,-0.0100552793592214,0.0155530208721756,0.0064091286621987,-0.0249795615673065,0.0289830267429351,0.014334768988192,-0.0054371696896851,0.0018792753107845,0.0057287011295557,0.0051770890131592,-0.0068103526718914,0.0035082572139799,0.0006038100109435,-0.0087250480428338,0.0031905071809887,-0.0003930442099874,-0.0049054732999194,-0.0057381180572467,-0.0024587975696589,-0.005187892433226,-0.0044328759092709,-0.0485772698246228,-7.952060739169209e-05,0.0089608600749924,0.1670223701036848,0.0590622928836765,0.0876974271087616,2019-02-22,2019-02-25,2019-02-26,2019-02-27,2019-02-28,2019-03-01,2019-03-04,2019-03-05,2019-03-06,2019-03-07,90708.0,2019-02-21,252.0,1.1529%,0.0009,0.7228,-0.023,-0.3375,1.3371%,1.5938%,29.6149%,0.013324,MORN,90708.0,2019-02-22,252.0,-0.8725%,0.0009,0.7251,-0.0145,-0.3021,1.3412%,1.5927%,29.0879%,-0.018358,MORN,90708.0,2019-02-25,252.0,0.8405%,0.0009,0.725,-0.0174,-0.3041,1.3417%,1.5933%,29.0941%,0.0066359999999999,MORN,90708.0,2019-02-26,252.0,-0.5347%,0.001,0.7382,-0.0213,-0.2962,1.3364%,1.5930%,29.6210%,-0.005402,MORN,90708.0,2019-02-27,252.0,0.4190%,0.001,0.7397,-0.0234,-0.2959,1.3363%,1.5928%,29.6127%,0.003111,MORN,90708.0,2019-02-28,252.0,-0.3621%,0.001,0.7395,-0.0237,-0.2954,1.3364%,1.5915%,29.4909%,-0.002163,MORN,90708.0,2019-03-01,252.0,-0.9956%,0.001,0.7323,-0.0344,-0.2984,1.3404%,1.5910%,29.0142%,-0.016483,MORN,90708.0,2019-03-04,252.0,-0.7981%,0.001,0.7317,-0.0286,-0.2991,1.3406%,1.5904%,28.9404%,-0.003237,MORN,90708.0,2019-03-05,252.0,-1.6090%,0.0009,0.7344,-0.018,-0.291,1.3447%,1.5937%,28.8030%,-0.015743,MORN,90708.0,2019-03-06,252.0,-0.2044%,0.0009,0.7289,-0.0205,-0.2976,1.3439%,1.5910%,28.6512%,0.003925,MORN,90708.0,2019-03-07,252.0,-0.8275%,0.0009,0.7308,-0.0194,-0.2947,1.3442%,1.5921%,28.7181%,-0.003385,MORN,-0.0050339999999999,0.001602,-0.0037999999999999,-0.0028519999999999,-0.037775
6003,MERCURY SYSTEMS INC,Mercury Systems Wins $3.1M System-In-Package Order For Weapons Application,6,increase,0.8,0.6,"the $3.1m order for a weapons application suggests strong demand for mercury systems' products, which is likely to positively impact investor sentiment and stock price.",2,2019-02-21,MRCY,2019-02-21 22:20:00+00:00,85738.0,58937810,-0.0189767722040414,191687.0,0.0017022687243297,0.017926188185811,0.0089602069929242,0.0059069991111755,-0.0258765686303377,0.0276358369737863,0.0061301980167627,0.0096773942932486,-0.0076550799421966,-0.013681205920875,0.0187342353165149,0.0054382621310651,-0.0477515086531639,-0.0044585792347788,0.0051931142807006,-0.0042809648439288,-0.0169518776237964,0.0084745567291975,-0.0200361516326665,0.0252459160983562,-0.0020110430195927,0.0024651032872498,-0.013937834650278,0.0471519157290458,0.0119209289550781,-0.0088691869750618,0.0074049555696547,0.0063508884049952,-0.0008352695731446,0.1509284824132919,0.0401270315051078,0.0324291288852691,0.0065905777737498,0.0109278103336691,-0.0099009731784462,0.0058066938072443,0.0082257790490984,0.0081538651138544,0.0332746468484401,-0.0033340246882289,-0.0294162854552269,-0.020012242719531,-0.0023926896974444,0.0130327073857188,-0.0041573732160031,0.0054076188243925,0.0088311349973082,0.0162756387144327,0.0144835244864225,0.0046719308011233,0.0053341723978519,-0.0212014224380254,0.0042134304530918,0.0033368058502674,-0.0063714040443301,0.0137421041727066,0.0068814298138022,-0.0040008933283388,-0.0091642802581191,0.0396234989166259,0.032450221478939,0.0061673736199736,-0.0004554931656457,0.0531199462711811,-0.0129120228812098,-0.0560542531311512,0.0172359962016344,-0.0342567712068557,-0.011648965999484,0.0218237284570932,0.0122454520314931,0.0074009611271321,-0.0066534830257296,0.0450409352779388,0.0138528849929571,0.0564767718315124,0.001501478604041,-0.0443270616233348,0.0082459235563874,-0.0266040377318859,0.0463940910995006,-0.0364066921174526,0.021884337067604,-0.0403142608702182,0.0158531405031681,0.005613315384835,-0.0075291311368346,-0.0057875690981745,-0.0030344997067004,-0.0006196814356371,0.0011068321764469,-0.0341180972754955,0.0091210063546895,0.0253682043403387,0.0156122576445341,-0.0046833544038236,-0.0308791901916265,0.0186683572828769,0.0237929467111825,-0.0022765027824789,0.0267735961824655,-0.0144809121266007,-0.0268697068095207,-0.0514606274664402,0.0019043392967432,-0.0023162080906331,0.0230789687484502,0.0178781896829605,-0.0106157520785927,-0.0072166752070188,-0.0333958938717842,0.0506147816777229,0.0104065490886569,-0.011945741251111,0.0149684697389602,0.0373870767652988,0.0006764364661648,0.0029492182657122,-0.013791193254292,0.0147499460726976,0.0017022687243297,0.017926188185811,0.0106777283973815,0.023939077274667,-0.015475143204647,0.0522364906853189,-0.0170226283153369,0.0478842195357493,-0.0766017388841551,0.079836109228113,-0.0128443461494237,0.4419877992181265,0.1287526987711467,0.4080804838958669,2019-02-22,2019-02-25,2019-02-26,2019-02-27,2019-02-28,2019-03-01,2019-03-04,2019-03-05,2019-03-06,2019-03-07,85738.0,2019-02-21,252.0,-1.8977%,0.0013,1.1346,0.7001,-0.4176,2.5194%,2.8881%,23.8977%,-0.015366,MRCY,85738.0,2019-02-22,252.0,0.1702%,0.0012,1.1378,0.6786,-0.3995,2.5203%,2.8870%,23.7897%,-0.015762,MRCY,85738.0,2019-02-25,252.0,0.8960%,0.0012,1.1383,0.6756,-0.399,2.5205%,2.8871%,23.7812%,0.008199,MRCY,85738.0,2019-02-26,252.0,-2.5877%,0.0012,1.1482,0.6971,-0.3807,2.5238%,2.8920%,23.8454%,-0.0211479999999999,MRCY,85738.0,2019-02-27,252.0,0.6130%,0.0011,1.1413,0.7101,-0.3819,2.5218%,2.8879%,23.7440%,0.003215,MRCY,85738.0,2019-02-28,252.0,-0.7655%,0.0011,1.1374,0.7072,-0.3832,2.5214%,2.8839%,23.5577%,-0.005314,MRCY,85738.0,2019-03-01,252.0,1.8734%,0.0012,1.1361,0.7053,-0.3878,2.5216%,2.8834%,23.5240%,0.006871,MRCY,85738.0,2019-03-04,252.0,-4.7752%,0.001,1.143,0.7172,-0.3976,2.5331%,2.9002%,23.7126%,-0.0375999999999999,MRCY,85738.0,2019-03-05,252.0,0.5193%,0.001,1.1394,0.6937,-0.4028,2.5326%,2.8947%,23.4525%,0.008315,MRCY,85738.0,2019-03-06,252.0,-1.6952%,0.001,1.1427,0.6898,-0.3997,2.5323%,2.8970%,23.5952%,0.001431,MRCY,85738.0,2019-03-07,252.0,-2.0036%,0.001,1.1507,0.7045,-0.3848,2.5329%,2.9002%,23.7268%,-0.011592,MRCY,-0.031128,-0.022929,-0.044077,-0.046176,-0.078751
6011,MERCK & CO INC NEW,"Merck To Acquire Immune Design At $5.85/Share In Cash, Or ~$300M",6,increase,0.7,0.6,"the acquisition of immune design for a premium price suggests merck's commitment to growth and innovation, which could positively influence investor sentiment and drive the stock price up.",2,2019-02-21,MRK,2019-02-21 11:45:00+00:00,22752.0,58933Y10,0.0050359000451862,7386114.0,0.0117749562487006,0.002397809876129,-0.004828518256545,-0.0071419584564864,0.0044787339866161,0.0110209668055176,-0.0014861917588859,-0.0010123285464942,0.0083105694502592,0.0063678044825792,0.0044285962358117,0.0235953275114297,-0.0034292563796043,-0.0104488851502537,0.0040554772131145,0.0091121708974242,-0.0115054445341229,-0.0073652886785566,-0.003838598029688,0.0031107952818274,-0.0080794766545295,0.0036424973513931,0.0134085165336728,0.0054938630200922,0.0044515961781144,0.0271395482122898,0.0045549068599939,0.0144472876563668,0.0053921495564281,0.0019117763731628,0.0009817380923777,0.0042513054795563,-0.0026970850303769,-0.0004112238530069,0.0068838992156088,-0.0030067134648561,0.0020754262804985,-0.0300901941955089,0.0105993552133441,-0.0051430752500891,-0.0079565532505512,-0.0005272296839393,0.000729099032469,0.0035714851692318,0.0069216722622513,0.0132689699530601,-0.0075976513326168,0.0014765182277187,0.0041316845454275,0.0154013521969318,0.0065351678058505,-0.020427219569683,0.0015631223795935,0.0056390729732811,-0.0010804797057062,-0.0123325856402516,-0.0003605189267545,-0.0076325070112943,-0.0159894432872533,0.0074240695685148,-0.00855219271034,-0.0110134575515985,-0.0024646280799061,0.0301187969744205,-0.0018529203953221,-0.0205052979290485,0.0002474831999279,-0.0107316747307777,-0.0121257528662681,0.0137986056506633,-0.0051352209411561,-0.0001325883204117,-0.0113307507708668,0.0186486113816499,-0.0123519832268357,0.0400561951100826,-0.0469314008951187,-0.0240054856985807,-0.0098754838109016,-0.0080282539129257,0.0036889824550598,-0.0037955644074827,0.0155186410993337,-0.0075340396724641,0.0017426927806809,-0.0119633320719003,0.0215441305190324,-0.0163441412150859,0.0037988070398569,-0.0250601023435592,0.0019574780017137,0.012818869203329,0.0251367595046758,0.0116716576740145,0.0001270758075406,-0.0040041017346084,0.0101625435054302,0.0091240480542182,0.0060362596996128,-0.0210539940744638,-0.0064999582245945,0.0020458209328353,-0.0198792368173599,-0.012749332934618,0.0035943360999226,-0.0015124165220186,0.0019186687422916,0.0183544158935546,-0.0017873023170977,0.008804871700704,-0.0130452010780572,0.0116584626957774,0.003239600919187,0.0119299292564392,0.0016792158130556,0.0103120971471071,0.0203738771378994,-0.0016045293305069,-0.0051812971942126,0.0001337541616521,0.0117749562487006,0.002397809876129,0.0068895824009387,-0.0047612736388793,0.0113991729944076,0.0062072193279123,0.0182888510555117,0.0115894515538199,0.0077664415279892,0.0295528036701082,0.0322238018932325,0.0530292974102351,-0.0072491081479808,0.0698210228607223,2019-02-22,2019-02-25,2019-02-26,2019-02-27,2019-02-28,2019-03-01,2019-03-04,2019-03-05,2019-03-06,2019-03-07,22752.0,2019-02-21,252.0,0.5036%,0.0016,0.6671,-0.5072,-0.024,0.9308%,1.1921%,39.0379%,0.007081,MRK,22752.0,2019-02-22,252.0,1.1775%,0.0016,0.6658,-0.502,-0.035,0.9320%,1.1923%,38.8899%,0.009776,MRK,22752.0,2019-02-25,252.0,-0.4829%,0.0016,0.6657,-0.4977,-0.0332,0.9337%,1.1930%,38.7447%,-0.007295,MRK,22752.0,2019-02-26,252.0,0.4479%,0.0016,0.6706,-0.5032,-0.0323,0.9322%,1.1928%,38.9294%,0.002149,MRK,22752.0,2019-02-27,252.0,-0.1486%,0.0016,0.6661,-0.4961,-0.033,0.9302%,1.1863%,38.5127%,-0.001272,MRK,22752.0,2019-02-28,252.0,0.8311%,0.0017,0.6545,-0.5037,-0.0435,0.9247%,1.1760%,38.1752%,0.0102919999999999,MRK,22752.0,2019-03-01,252.0,0.4429%,0.0017,0.6508,-0.5093,-0.0489,0.9239%,1.1741%,38.0737%,0.000913,MRK,22752.0,2019-03-04,252.0,-0.3429%,0.0017,0.652,-0.5098,-0.05,0.9242%,1.1724%,37.8588%,-0.001982,MRK,22752.0,2019-03-05,252.0,0.4055%,0.0016,0.649,-0.5317,-0.0527,0.9212%,1.1706%,38.0711%,0.0033729999999999,MRK,22752.0,2019-03-06,252.0,-1.1505%,0.0016,0.6602,-0.5064,-0.0366,0.9235%,1.1736%,38.0774%,-0.012821,MRK,22752.0,2019-03-07,252.0,-0.3839%,0.0016,0.661,-0.5034,-0.0346,0.9234%,1.1739%,38.1265%,0.001009,MRK,0.016857,0.009562,0.011711,0.020731,0.0112229999999999
6019,M & T BANK CORP,Baird Downgrades M&T Bank to Neutral,6,decrease,0.8,0.6,"a downgrade from an analyst typically signals reduced expectations for the company's performance, which can lead to a decline in stock price.",0,2019-02-21,MTB,2019-02-21 11:32:00+00:00,35554.0,55261F10,-0.0165908988565206,872176.0,-0.0035243853926658,0.0145261948928237,0.0,0.007023808080703,-0.0113643342629075,0.0185054093599319,0.0118468375876545,-0.0086742220446467,0.0030719225760549,0.0036470300983637,0.0030625145882368,0.0098009733483195,0.0014485196443274,0.0178356245160102,-0.0009835580131039,-0.0077389678917825,-0.016042185947299,0.0311146769672632,-0.0133019108325243,-0.0046179420314729,0.0011930144391953,-0.0085464492440223,0.0074475691653788,-0.0011585514293983,0.0075108185410499,-0.0032818361651152,0.0106245456263423,-0.0098688136786222,0.006737548392266,-0.0108333770185709,-0.0046731526963412,0.001968162599951,0.0128100588917732,-0.0038025036919862,-0.0193440727889537,-0.0006531327380798,-0.0441202968358993,0.0051924507133662,-0.0211855806410312,0.0052196448668837,-0.0407311245799064,0.0065825013443827,-0.0032511868048459,0.0145823759958148,0.014939060434699,0.0569227337837219,-0.0017354689771309,0.0196104403585195,0.0134569341316819,0.0027145370841026,-0.0024141655303537,0.0015250694705173,0.0299961231648922,0.0024594198912382,6.189183477545157e-05,-0.0125369448214769,0.0008655829587951,0.0106136389076709,0.0087100835517048,0.0043304054997861,-0.0004286365874577,0.0122741255909204,0.0051464056596159,0.0307243019342422,-0.0117639442905783,-0.0071088327094912,0.0056744473986327,0.0122964745387435,0.0088929589837789,0.013453297317028,0.0198175963014364,0.0041237245313823,-0.0240819826722145,-0.0030479722190648,0.0278524160385131,0.0393398851156234,0.0011884772684425,-0.021482091397047,-0.0127018010243773,-0.0168675035238266,0.0009018225246109,-0.0031790670473128,0.0039641321636736,-0.017696063965559,-0.0035297418944537,-0.0153741026297211,0.0073246951214969,-0.0098774880170822,0.0070330668240785,-0.0124932872131466,0.0099431378766894,-0.0300045683979988,-0.0033403192646801,0.0048840846866369,-0.012935921549797,-0.0115224234759807,0.0091141881421208,-0.0159624312072992,0.0056671001948416,-0.0212647728621959,-0.003404565853998,0.0013036607997491,-0.0131346201524138,-0.0443165712058544,-0.0021486158948391,-0.002662546467036,-0.0064597274176776,0.007824957370758,0.007705729920417,0.0014247877988964,-0.0341717004776001,0.0060319784097373,0.0063091749325394,-0.0154642490670085,-0.0084824198856949,0.016861030831933,0.0160560179501771,-0.0034558889456093,-0.0007321239681914,-0.0026148597244173,-0.0035243853926658,0.0145261948928236,-0.0035243853926658,0.0216520321785969,-0.0148486673618998,0.0405581212574681,-0.0001155787186071,0.0352941176395624,-0.0258185993212023,0.0836770890653177,-0.0510971479369792,0.172551584315421,-0.0482496510166354,0.0521266653315655,2019-02-22,2019-02-25,2019-02-26,2019-02-27,2019-02-28,2019-03-01,2019-03-04,2019-03-05,2019-03-06,2019-03-07,35554.0,2019-02-21,252.0,-1.6591%,0.0,1.0067,0.1735,1.2261,0.8676%,1.3324%,57.5951%,-0.01006,MTB,35554.0,2019-02-22,252.0,-0.3524%,0.0,1.0063,0.1595,1.2084,0.8656%,1.3305%,57.6723%,0.006901,MTB,35554.0,2019-02-25,252.0,0.0000%,0.0001,1.0048,0.1575,1.202,0.8620%,1.3262%,57.7513%,0.00098,MTB,35554.0,2019-02-26,252.0,-1.1364%,0.0,1.001,0.1681,1.2045,0.8611%,1.3211%,57.5202%,-0.004882,MTB,35554.0,2019-02-27,252.0,1.1847%,0.0001,1.0014,0.1709,1.2046,0.8644%,1.3219%,57.2474%,0.011972,MTB,35554.0,2019-02-28,252.0,0.3072%,0.0001,0.9976,0.1686,1.1997,0.8659%,1.3184%,56.8635%,0.009053,MTB,35554.0,2019-03-01,252.0,0.3063%,0.0001,0.9995,0.1714,1.2026,0.8657%,1.3164%,56.7541%,0.0001,MTB,35554.0,2019-03-04,252.0,0.1449%,0.0001,1.0016,0.1623,1.2026,0.8652%,1.3160%,56.7784%,0.002551,MTB,35554.0,2019-03-05,252.0,-0.0984%,0.0001,0.9982,0.1384,1.1987,0.8621%,1.3124%,56.8519%,0.004018,MTB,35554.0,2019-03-06,252.0,-1.6042%,0.0,1.0,0.1526,1.2027,0.8630%,1.3128%,56.7916%,-0.006483,MTB,35554.0,2019-03-07,252.0,-1.3302%,0.0,1.0,0.1504,1.2021,0.8629%,1.3142%,56.8909%,-0.001116,MTB,-0.0031589999999999,-0.0021789999999999,-0.0070609999999999,0.013964,0.013034
6027,MICRON TECHNOLOGY INC,Micron On Track To Move 1ynm DRAM Technology To Volume Production In H2 2019,6,increase,0.8,0.7,"the announcement of moving 1ynm dram technology to volume production suggests technological advancement and potential revenue growth, which is likely to positively impact micron's stock price.",2,2019-02-21,MU,2019-02-21 09:12:00+00:00,53613.0,59511210,-0.0161099340766668,24006828.0,0.0250421613454818,0.0059580556116998,0.0042283372022211,-0.0007145175477489,0.0049122590571641,-0.0056831128895282,-0.038175031542778,0.0131957586854696,-0.010648563504219,0.0316831357777118,0.0171233061701059,0.0471746921539306,-0.0125060230493545,0.0,-0.0260594170540571,-0.0203148610889911,-0.0515129119157791,-0.0515414103865623,-0.002636395394802,0.0546101480722427,0.0216759089380502,-0.0025336276739835,0.0098317526280879,-0.0032827591057866,0.0056367213837802,0.0361066758632659,-0.0107005899772048,-0.0005230244714766,-0.0108164297416806,0.0227334126830101,0.0294194500893354,-0.0181198120117187,0.0017703513149172,-0.0225871987640857,0.0191870313137769,0.0647717639803886,-0.0059449560940265,0.0686331316828727,0.0961874052882194,0.0109242033213377,-0.0538759417831897,-0.0528523325920105,-0.0257087871432304,0.0554898828268051,-0.0056719984859228,0.0089338663965463,-0.0270337350666523,-0.0120623661205172,0.0028039922472089,-0.0196133982390165,0.0505846887826919,-0.0372118912637233,0.0222598146647214,0.002784697106108,0.0044970088638365,0.0132618863135576,0.0344015769660472,0.0503852069377899,-0.0230068806558847,-0.0076470095664262,0.0100256539881229,0.0397553257644176,-0.0096952486783266,0.0548387356102466,-0.0275058336555957,-0.0534351132810115,0.0107861198484897,0.0321462489664554,0.0026085041463375,0.0050680977292358,-0.0063860090449452,-0.0112746823579073,-0.0045227003283798,0.0336678847670555,0.0224772505462169,0.0644382834434509,0.0091207483783364,-0.0428759641945362,0.0057937423698604,-0.0306905675679445,0.0,-0.0041387826204299,-0.0145161533728241,-0.0791556909680366,0.0060789878480136,0.0067886519245803,-0.0065070600248873,-0.0093567157164216,-0.0152047136798501,-0.0234151817858219,0.000237580446992,-0.028032150119543,-0.0011873482726514,0.0232888311147689,-0.0038040855433791,0.0117816049605608,0.0157517865300178,-0.0144435605034232,0.0180921163409948,-0.0626492425799369,-0.0276944544166326,0.0214207451790571,-0.0443864874541759,-0.0786909237504005,-0.0126676186919212,0.0381223373115062,-0.0120754605159163,0.017145911231637,-0.0084034074097871,-0.0206664744764566,-0.0400615707039833,0.0462161898612976,0.0302299950271844,0.0117582799866795,-0.002596688689664,0.0046702791005373,-0.0286383349448442,0.0005497651873156,-0.0335030816495418,0.0071982876397669,0.0250421613454818,0.0059580556116998,0.029376385250144,0.0052392809286658,0.03443294872182,-0.0004736073858399,-0.0156512801101067,0.0448019171083737,-0.0890921516221857,0.072136147884561,0.032747427775428,0.2414705620755362,-0.1317119550676269,0.1686046714513394,2019-02-22,2019-02-25,2019-02-26,2019-02-27,2019-02-28,2019-03-01,2019-03-04,2019-03-05,2019-03-06,2019-03-07,53613.0,2019-02-21,252.0,-1.6110%,-0.0003,1.8304,0.7833,-0.0932,2.3439%,3.0986%,42.7809%,-0.009221,MU,53613.0,2019-02-22,252.0,2.5042%,-0.0003,1.829,0.793,-0.1013,2.3441%,3.1021%,42.9010%,0.007367,MU,53613.0,2019-02-25,252.0,0.4228%,-0.0002,1.8281,0.7904,-0.1059,2.3437%,3.1019%,42.9108%,0.003264,MU,53613.0,2019-02-26,252.0,0.4912%,-0.0003,1.8096,0.7907,-0.1196,2.3391%,3.0851%,42.5151%,0.0124459999999999,MU,53613.0,2019-02-27,252.0,-3.8175%,-0.0005,1.8019,0.7922,-0.121,2.3515%,3.0883%,42.0221%,-0.0415489999999999,MU,53613.0,2019-02-28,252.0,-1.0649%,-0.0007,1.8229,0.8064,-0.1045,2.3400%,3.0880%,42.5789%,-0.005623,MU,53613.0,2019-03-01,252.0,1.7123%,-0.0008,1.8408,0.833,-0.0777,2.3329%,3.0897%,42.9916%,0.001151,MU,53613.0,2019-03-04,252.0,-1.2506%,-0.0007,1.8359,0.8482,-0.0761,2.3320%,3.0869%,42.9313%,0.000611,MU,53613.0,2019-03-05,252.0,-2.6059%,-0.0008,1.8372,0.8452,-0.0679,2.3347%,3.0848%,42.7224%,-0.020582,MU,53613.0,2019-03-06,252.0,-5.1513%,-0.0011,1.8236,0.9162,-0.0736,2.3226%,3.0783%,43.0705%,-0.025494,MU,53613.0,2019-03-07,252.0,-0.2636%,-0.0012,1.8121,0.8865,-0.0973,2.3203%,3.0710%,42.9117%,0.012626,MU,-0.0018539999999999,0.00141,0.013856,-0.033316,-0.065004
6035,NAVIENT CORP,Navient shares are trading lower after Canyon Partners withdrew interest in acquiring the company.,6,decrease,0.8,0.7,"the withdrawal of interest from canyon partners suggests a lack of acquisition interest, which typically negatively impacts stock prices.",0,2019-02-21,NAVI,2019-02-21 13:51:00+00:00,14601.0,63938C10,-0.0268562529236078,3543956.0,0.0097402511164546,-0.0101641993969678,0.0120579246431589,0.0903666242957115,0.000794299354311,0.0094664078205823,-0.00396826909855,-0.0059879980981349,-0.0135458111763,0.0094991065561771,-0.000818349304609,0.0166812613606452,-0.0073710200376808,0.0124444747343659,-0.0115511836484074,-0.0105540798977017,-0.0141902444884181,-0.0043783001601696,-0.0228620190173387,-0.0017482084222137,0.0164644345641136,0.003508768742904,0.0017050689784809,-0.003496500197798,0.0,0.003508768742904,0.0042553353123366,-0.004366829060018,0.0042373044416308,0.0,0.0151898181065917,0.0008741458877921,0.0091438582167029,-0.0086655439808964,-0.0148270428180694,0.0087412921711802,-0.0142140528187155,0.029702965170145,0.0212044101208448,0.0239630658179521,-0.0373753979802131,-0.0054994928650557,0.0,0.0331438854336738,0.0025884152855724,-0.0084506291896104,-0.0051634651608765,0.0181643962860107,0.0147058060392737,0.0048030922189354,-0.0136402258649468,0.0019248799653723,0.0458081848919391,-0.0057415757328271,-0.0223140865564346,0.005774731747806,0.0126795955002307,0.0206286869943141,0.0191987063735723,0.012935334816575,-0.0032760000322014,0.0223804954439401,0.0073952465318143,0.0402116514742374,-0.0277324747294187,0.0172228030860424,0.0192952640354633,0.054483488202095,0.0008230641251429,-0.0045197694562375,0.0213815979659557,0.0045402906835079,-0.0120772635564208,-0.0045197694562375,0.0065199611708521,0.0498220697045326,-0.0145749226212501,-0.012880521826446,0.0016433446435257,-0.0183907877653837,-0.0106644108891487,0.001150774420239,0.0306799225509166,-0.0461031943559646,0.0426387563347816,-0.023579878732562,0.0177468787878751,-0.0271115973591804,0.0007581674726679,-0.0263959616422653,-0.0015151139814406,-0.0314650647342205,0.0250379294157028,0.0241691600531339,0.008882300928235,-0.0255151409655809,0.0154071925207972,-0.0422933027148246,0.0057803411036729,-0.0157261863350868,0.0007184072164818,0.0138632832095027,-0.0107681667432189,-0.0492091737687587,-0.0094339707866311,-0.0104347728192806,-0.0014651651727035,0.004366829060018,0.0139398081228137,0.0214094351977109,-0.0426917634904384,0.0117328623309731,0.0098261618986725,-0.0237885862588882,0.0142215974628925,0.018850989639759,-0.0007380242459475,-0.0053570950403809,-0.0066469833254814,0.0438024513423442,0.0097402511164546,-0.0101641993969678,0.021915622973581,0.0792839205105711,0.0227273298930694,0.0895008622563211,0.0048701764337428,0.0932642464512323,-0.051047336758237,0.1066433868043199,0.0040478430185006,0.2597014606833734,0.1060150123965426,0.1973329420099048,2019-02-22,2019-02-25,2019-02-26,2019-02-27,2019-02-28,2019-03-01,2019-03-04,2019-03-05,2019-03-06,2019-03-07,14601.0,2019-02-21,252.0,-2.6856%,0.0002,1.3142,0.8874,1.5549,1.5288%,2.0279%,43.1620%,-0.017898,NAVI,14601.0,2019-02-22,252.0,0.9740%,0.0004,1.3104,0.9197,1.5389,1.5277%,2.0265%,43.1676%,0.0190749999999999,NAVI,14601.0,2019-02-25,252.0,1.2058%,0.0005,1.3078,0.9098,1.5241,1.5244%,2.0207%,43.0880%,0.015153,NAVI,14601.0,2019-02-26,252.0,0.0794%,0.0006,1.3068,0.8926,1.5146,1.5265%,2.0193%,42.8497%,0.0136389999999999,NAVI,14601.0,2019-02-27,252.0,-0.3968%,0.0006,1.3103,0.8847,1.5152,1.5261%,2.0194%,42.8923%,-0.005123,NAVI,14601.0,2019-02-28,252.0,-1.3546%,0.0005,1.3135,0.8867,1.519,1.5265%,2.0194%,42.8621%,-0.005973,NAVI,14601.0,2019-03-01,252.0,-0.0818%,0.0005,1.3204,0.897,1.5332,1.5246%,2.0187%,42.9628%,-0.006861,NAVI,14601.0,2019-03-04,252.0,-0.7371%,0.0004,1.3294,0.8704,1.5302,1.5203%,2.0180%,43.2392%,-0.002986,NAVI,14601.0,2019-03-05,252.0,-1.1551%,0.0004,1.3291,0.8659,1.5312,1.5203%,2.0167%,43.1728%,-0.00301,NAVI,14601.0,2019-03-06,252.0,-1.4190%,0.0004,1.3231,0.8545,1.523,1.5204%,2.0145%,43.0381%,0.0071819999999999,NAVI,14601.0,2019-03-07,252.0,-2.2862%,0.0004,1.3285,0.8675,1.5338,1.5199%,2.0195%,43.3534%,-0.006478,NAVI,0.0011769999999999,0.0163299999999999,0.0299689999999999,0.0188729999999999,0.0067199999999999
6043,NORWEGIAN CRUISE LINE HLDGS LTD,"Norwegian Cruise Line shares are trading higher after the company reported mixed Q4 results, but said it expects 2019 EPS of $5.20 to $5.30 versus the $5.15 analyst estimate.",6,increase,0.7,0.6,the company's expectation of higher eps for 2019 compared to analyst estimates is likely to boost investor confidence and drive the stock price up.,2,2019-02-21,NCLH,2019-02-21 13:32:00+00:00,13760.0,G6672110,0.03389198705554,3847619.0,-0.0030619953759014,0.005994748789817,0.0106594432145357,0.0066000809893012,-0.0066142105497419,0.0160950403660535,-0.0116969859227538,-0.0066616344265639,0.011107075959444,0.013894272968173,-0.0046821236610412,-0.001156541518867,-0.012122344225645,0.0111089395359158,0.0155678074806928,-0.0007789114606566,-0.0059513403102755,-0.0241353195160627,-0.0083454120904207,0.015634000301361,0.0064031919464468,-0.0051843402907252,0.0081803454086184,0.0118515752255916,-0.0019834225531667,0.0007777739665471,-0.0048779882490634,0.0114061329513788,0.0014523967402055,0.0437191538512706,0.0070703299716115,0.0072359372861683,0.0109811089932918,0.0091800251975655,-0.0008902997942641,0.0200042258948087,-0.0042773424647748,0.005779119208455,0.011276195757091,0.0025751662906259,-0.0155752403661608,-0.0195665955543518,-0.008090628311038,0.0158152990043163,-0.0125067727640271,0.0205016899853944,-0.0099119115620851,-0.0039105000905692,0.0072303153574466,0.01075972430408,0.0115957520902156,-0.0140722608193755,0.020924337208271,0.0004331916570663,0.006950621958822,0.0094008846208453,0.0046017402783036,0.0157673303037881,-0.0005285197403281,0.0301990322768688,0.0070509701035916,0.0158029366284608,0.0028006273787468,0.0569884479045867,-0.024611622095108,-0.0394054241478443,0.0110951848328113,-0.0002358650963287,0.0173451248556375,0.0097665516659617,0.019485019147396,0.0101058268919587,0.0011945341248065,-0.0090604973956942,0.0151696475222706,0.060429822653532,-0.0288784615695476,-0.0303996484726667,-0.0159059818834066,-0.0356973595917224,-0.0056219203397631,-0.0635377243161201,0.0123675046488642,-0.0342100113630294,-0.0055846371687948,-0.0078489379957318,-0.0031590084545314,-0.0100797889754176,0.0082746697589755,0.0074042407795786,-0.0033175942953675,-0.008390974253416,-0.0120883397758007,0.0093160839751362,0.0285511724650859,-0.0104755917564034,-0.0189654901623725,0.0029417816549539,0.0237258076667785,-0.035859003663063,0.000686710991431,0.0120976036414504,-0.0188712012022733,-0.0537446737289428,0.0026228628121316,0.0042868517339229,0.0043599582277238,-0.0046548037789762,0.0053829029202461,-0.0005814844043925,-0.0450777299702167,0.0123626589775085,0.0182672869414091,-0.0116369714960455,0.0076376609504222,0.0161608140915632,0.0144544281065464,0.0117647089064121,-0.0109470216557383,0.0133360242471098,-0.0030619953759014,0.005994748789817,0.0075648086728017,0.0126343956066417,0.0009005628857292,0.0289327870799849,0.0001800853597502,0.0362794494680926,-0.0154899245546982,0.0364794310879177,0.0217939310767227,0.2285518588231687,0.0252160948228752,0.085067673015811,2019-02-22,2019-02-25,2019-02-26,2019-02-27,2019-02-28,2019-03-01,2019-03-04,2019-03-05,2019-03-06,2019-03-07,13760.0,2019-02-21,252.0,3.3892%,-0.0003,1.1445,0.305,0.0464,1.3723%,1.8342%,44.0192%,0.038405,NCLH,13760.0,2019-02-22,252.0,-0.3062%,-0.0004,1.146,0.3041,0.0644,1.3741%,1.8341%,43.8710%,-0.011596,NCLH,13760.0,2019-02-25,252.0,1.0659%,-0.0002,1.1432,0.2963,0.0497,1.3671%,1.8289%,44.1252%,0.009747,NCLH,13760.0,2019-02-26,252.0,-0.6614%,-0.0002,1.1471,0.2961,0.0525,1.3667%,1.8282%,44.1093%,-0.002825,NCLH,13760.0,2019-02-27,252.0,-1.1697%,-0.0002,1.1513,0.2847,0.0532,1.3677%,1.8296%,44.1226%,-0.013329,NCLH,13760.0,2019-02-28,252.0,1.1107%,-0.0001,1.1408,0.2779,0.0421,1.3680%,1.8218%,43.6135%,0.014652,NCLH,13760.0,2019-03-01,252.0,-0.4682%,-0.0003,1.1533,0.2966,0.0677,1.3612%,1.8207%,44.1052%,-0.013624,NCLH,13760.0,2019-03-04,252.0,-1.2122%,-0.0003,1.158,0.2855,0.0655,1.3604%,1.8222%,44.2641%,-0.005293,NCLH,13760.0,2019-03-05,252.0,1.5568%,-0.0002,1.1587,0.303,0.059,1.3614%,1.8245%,44.3204%,0.018489,NCLH,13760.0,2019-03-06,252.0,-0.5951%,-0.0,1.1697,0.2751,0.0676,1.3519%,1.8223%,44.9657%,0.007486,NCLH,13760.0,2019-03-07,252.0,-0.8345%,-0.0,1.1686,0.2729,0.0656,1.3519%,1.8225%,44.9752%,0.001572,NCLH,0.026809,0.036556,0.033731,0.0350539999999999,0.0436839999999999
6051,NORWEGIAN CRUISE LINE HLDGS LTD,Norwegian Cruise Line Sees Q1 Adj. EPS ~$0.70 vs $0.57 Estimate; FY19 Adj. EPS $5.20-$5.30 vs $5.15 Est.,6,increase,0.8,0.6,"the company reported better-than-expected adjusted eps for q1 and fy19, which is likely to boost investor confidence and drive the stock price higher.",2,2019-02-21,NCLH,2019-02-21 12:07:00+00:00,13760.0,G6672110,0.03389198705554,3847619.0,-0.0030619953759014,0.005994748789817,0.0106594432145357,0.0066000809893012,-0.0066142105497419,0.0160950403660535,-0.0116969859227538,-0.0066616344265639,0.011107075959444,0.013894272968173,-0.0046821236610412,-0.001156541518867,-0.012122344225645,0.0111089395359158,0.0155678074806928,-0.0007789114606566,-0.0059513403102755,-0.0241353195160627,-0.0083454120904207,0.015634000301361,0.0064031919464468,-0.0051843402907252,0.0081803454086184,0.0118515752255916,-0.0019834225531667,0.0007777739665471,-0.0048779882490634,0.0114061329513788,0.0014523967402055,0.0437191538512706,0.0070703299716115,0.0072359372861683,0.0109811089932918,0.0091800251975655,-0.0008902997942641,0.0200042258948087,-0.0042773424647748,0.005779119208455,0.011276195757091,0.0025751662906259,-0.0155752403661608,-0.0195665955543518,-0.008090628311038,0.0158152990043163,-0.0125067727640271,0.0205016899853944,-0.0099119115620851,-0.0039105000905692,0.0072303153574466,0.01075972430408,0.0115957520902156,-0.0140722608193755,0.020924337208271,0.0004331916570663,0.006950621958822,0.0094008846208453,0.0046017402783036,0.0157673303037881,-0.0005285197403281,0.0301990322768688,0.0070509701035916,0.0158029366284608,0.0028006273787468,0.0569884479045867,-0.024611622095108,-0.0394054241478443,0.0110951848328113,-0.0002358650963287,0.0173451248556375,0.0097665516659617,0.019485019147396,0.0101058268919587,0.0011945341248065,-0.0090604973956942,0.0151696475222706,0.060429822653532,-0.0288784615695476,-0.0303996484726667,-0.0159059818834066,-0.0356973595917224,-0.0056219203397631,-0.0635377243161201,0.0123675046488642,-0.0342100113630294,-0.0055846371687948,-0.0078489379957318,-0.0031590084545314,-0.0100797889754176,0.0082746697589755,0.0074042407795786,-0.0033175942953675,-0.008390974253416,-0.0120883397758007,0.0093160839751362,0.0285511724650859,-0.0104755917564034,-0.0189654901623725,0.0029417816549539,0.0237258076667785,-0.035859003663063,0.000686710991431,0.0120976036414504,-0.0188712012022733,-0.0537446737289428,0.0026228628121316,0.0042868517339229,0.0043599582277238,-0.0046548037789762,0.0053829029202461,-0.0005814844043925,-0.0450777299702167,0.0123626589775085,0.0182672869414091,-0.0116369714960455,0.0076376609504222,0.0161608140915632,0.0144544281065464,0.0117647089064121,-0.0109470216557383,0.0133360242471098,-0.0030619953759014,0.005994748789817,0.0075648086728017,0.0126343956066417,0.0009005628857292,0.0289327870799849,0.0001800853597502,0.0362794494680926,-0.0154899245546982,0.0364794310879177,0.0217939310767227,0.2285518588231687,0.0252160948228752,0.085067673015811,2019-02-22,2019-02-25,2019-02-26,2019-02-27,2019-02-28,2019-03-01,2019-03-04,2019-03-05,2019-03-06,2019-03-07,13760.0,2019-02-21,252.0,3.3892%,-0.0003,1.1445,0.305,0.0464,1.3723%,1.8342%,44.0192%,0.038405,NCLH,13760.0,2019-02-22,252.0,-0.3062%,-0.0004,1.146,0.3041,0.0644,1.3741%,1.8341%,43.8710%,-0.011596,NCLH,13760.0,2019-02-25,252.0,1.0659%,-0.0002,1.1432,0.2963,0.0497,1.3671%,1.8289%,44.1252%,0.009747,NCLH,13760.0,2019-02-26,252.0,-0.6614%,-0.0002,1.1471,0.2961,0.0525,1.3667%,1.8282%,44.1093%,-0.002825,NCLH,13760.0,2019-02-27,252.0,-1.1697%,-0.0002,1.1513,0.2847,0.0532,1.3677%,1.8296%,44.1226%,-0.013329,NCLH,13760.0,2019-02-28,252.0,1.1107%,-0.0001,1.1408,0.2779,0.0421,1.3680%,1.8218%,43.6135%,0.014652,NCLH,13760.0,2019-03-01,252.0,-0.4682%,-0.0003,1.1533,0.2966,0.0677,1.3612%,1.8207%,44.1052%,-0.013624,NCLH,13760.0,2019-03-04,252.0,-1.2122%,-0.0003,1.158,0.2855,0.0655,1.3604%,1.8222%,44.2641%,-0.005293,NCLH,13760.0,2019-03-05,252.0,1.5568%,-0.0002,1.1587,0.303,0.059,1.3614%,1.8245%,44.3204%,0.018489,NCLH,13760.0,2019-03-06,252.0,-0.5951%,-0.0,1.1697,0.2751,0.0676,1.3519%,1.8223%,44.9657%,0.007486,NCLH,13760.0,2019-03-07,252.0,-0.8345%,-0.0,1.1686,0.2729,0.0656,1.3519%,1.8225%,44.9752%,0.001572,NCLH,0.026809,0.036556,0.033731,0.0350539999999999,0.0436839999999999
6059,NORWEGIAN CRUISE LINE HLDGS LTD,"Norwegian Cruise Line Q4 EPS $0.85 Beats $0.79 Estimate, Sales $1.381B Miss $1.39B Estimate",6,uncertain,0.6,0.2,"while the earnings per share beat estimates, the sales miss could create mixed reactions among investors, leading to uncertainty in the stock price movement.",1,2019-02-21,NCLH,2019-02-21 12:07:00+00:00,13760.0,G6672110,0.03389198705554,3847619.0,-0.0030619953759014,0.005994748789817,0.0106594432145357,0.0066000809893012,-0.0066142105497419,0.0160950403660535,-0.0116969859227538,-0.0066616344265639,0.011107075959444,0.013894272968173,-0.0046821236610412,-0.001156541518867,-0.012122344225645,0.0111089395359158,0.0155678074806928,-0.0007789114606566,-0.0059513403102755,-0.0241353195160627,-0.0083454120904207,0.015634000301361,0.0064031919464468,-0.0051843402907252,0.0081803454086184,0.0118515752255916,-0.0019834225531667,0.0007777739665471,-0.0048779882490634,0.0114061329513788,0.0014523967402055,0.0437191538512706,0.0070703299716115,0.0072359372861683,0.0109811089932918,0.0091800251975655,-0.0008902997942641,0.0200042258948087,-0.0042773424647748,0.005779119208455,0.011276195757091,0.0025751662906259,-0.0155752403661608,-0.0195665955543518,-0.008090628311038,0.0158152990043163,-0.0125067727640271,0.0205016899853944,-0.0099119115620851,-0.0039105000905692,0.0072303153574466,0.01075972430408,0.0115957520902156,-0.0140722608193755,0.020924337208271,0.0004331916570663,0.006950621958822,0.0094008846208453,0.0046017402783036,0.0157673303037881,-0.0005285197403281,0.0301990322768688,0.0070509701035916,0.0158029366284608,0.0028006273787468,0.0569884479045867,-0.024611622095108,-0.0394054241478443,0.0110951848328113,-0.0002358650963287,0.0173451248556375,0.0097665516659617,0.019485019147396,0.0101058268919587,0.0011945341248065,-0.0090604973956942,0.0151696475222706,0.060429822653532,-0.0288784615695476,-0.0303996484726667,-0.0159059818834066,-0.0356973595917224,-0.0056219203397631,-0.0635377243161201,0.0123675046488642,-0.0342100113630294,-0.0055846371687948,-0.0078489379957318,-0.0031590084545314,-0.0100797889754176,0.0082746697589755,0.0074042407795786,-0.0033175942953675,-0.008390974253416,-0.0120883397758007,0.0093160839751362,0.0285511724650859,-0.0104755917564034,-0.0189654901623725,0.0029417816549539,0.0237258076667785,-0.035859003663063,0.000686710991431,0.0120976036414504,-0.0188712012022733,-0.0537446737289428,0.0026228628121316,0.0042868517339229,0.0043599582277238,-0.0046548037789762,0.0053829029202461,-0.0005814844043925,-0.0450777299702167,0.0123626589775085,0.0182672869414091,-0.0116369714960455,0.0076376609504222,0.0161608140915632,0.0144544281065464,0.0117647089064121,-0.0109470216557383,0.0133360242471098,-0.0030619953759014,0.005994748789817,0.0075648086728017,0.0126343956066417,0.0009005628857292,0.0289327870799849,0.0001800853597502,0.0362794494680926,-0.0154899245546982,0.0364794310879177,0.0217939310767227,0.2285518588231687,0.0252160948228752,0.085067673015811,2019-02-22,2019-02-25,2019-02-26,2019-02-27,2019-02-28,2019-03-01,2019-03-04,2019-03-05,2019-03-06,2019-03-07,13760.0,2019-02-21,252.0,3.3892%,-0.0003,1.1445,0.305,0.0464,1.3723%,1.8342%,44.0192%,0.038405,NCLH,13760.0,2019-02-22,252.0,-0.3062%,-0.0004,1.146,0.3041,0.0644,1.3741%,1.8341%,43.8710%,-0.011596,NCLH,13760.0,2019-02-25,252.0,1.0659%,-0.0002,1.1432,0.2963,0.0497,1.3671%,1.8289%,44.1252%,0.009747,NCLH,13760.0,2019-02-26,252.0,-0.6614%,-0.0002,1.1471,0.2961,0.0525,1.3667%,1.8282%,44.1093%,-0.002825,NCLH,13760.0,2019-02-27,252.0,-1.1697%,-0.0002,1.1513,0.2847,0.0532,1.3677%,1.8296%,44.1226%,-0.013329,NCLH,13760.0,2019-02-28,252.0,1.1107%,-0.0001,1.1408,0.2779,0.0421,1.3680%,1.8218%,43.6135%,0.014652,NCLH,13760.0,2019-03-01,252.0,-0.4682%,-0.0003,1.1533,0.2966,0.0677,1.3612%,1.8207%,44.1052%,-0.013624,NCLH,13760.0,2019-03-04,252.0,-1.2122%,-0.0003,1.158,0.2855,0.0655,1.3604%,1.8222%,44.2641%,-0.005293,NCLH,13760.0,2019-03-05,252.0,1.5568%,-0.0002,1.1587,0.303,0.059,1.3614%,1.8245%,44.3204%,0.018489,NCLH,13760.0,2019-03-06,252.0,-0.5951%,-0.0,1.1697,0.2751,0.0676,1.3519%,1.8223%,44.9657%,0.007486,NCLH,13760.0,2019-03-07,252.0,-0.8345%,-0.0,1.1686,0.2729,0.0656,1.3519%,1.8225%,44.9752%,0.001572,NCLH,0.026809,0.036556,0.033731,0.0350539999999999,0.0436839999999999
6067,NATIONAL CINEMEDIA INC,National CineMedia Sees FY19 Sales $450M-$465M vs $453.2M Est.,6,uncertain,0.6,0.2,"while national cinemedia's sales forecast is slightly above estimates, the overall market reaction could be influenced by broader economic factors and investor sentiment, making the impact on stock price uncertain.",1,2019-02-21,NCMI,2019-02-21 22:14:00+00:00,91822.0,63530910,-0.0098730847239494,378981.0,0.1296296119689941,0.0085348421707749,-0.010088263079524,-0.0056577031500637,-0.0382165238261222,-0.00141239434015,0.0384105890989303,0.0099856909364461,-0.0127551509067416,0.0115440692752599,0.0167958810925483,0.0146412746980786,-0.0050825970247387,-0.0434173606336116,-0.0091383419930934,0.0273381378501653,-0.0131752807646989,-0.0127841122448444,-0.0240320209413766,-0.0098453126847743,0.0054719508625566,0.0186246577650308,0.0190476011484861,0.0219619460403919,-0.0186915714293718,-0.0115774134173989,-0.0081632575020194,0.0029027548152953,-0.0068587367422878,-0.0143061382696032,0.0027624941430985,0.0115774134173989,0.0055096363648772,0.0087591158226132,0.0109588932245969,-0.0269886441528797,0.0,0.0292397383600473,0.0,0.0163447447121143,-0.014905166812241,-0.044034082442522,-0.0357633754611015,0.0129496622830629,0.0156918186694383,-0.0141844507306814,-0.007022432051599,0.0143885444849729,-0.0042433110065758,-0.0042980243451893,0.0014204870676621,-0.0099291019141674,0.028368767350912,-0.018105799332261,-0.0082758544012904,-0.0041609168983995,0.0027816384099423,0.0,0.0235783737152814,0.0241477377712726,0.0189701709896326,0.0071531031280756,-0.0053191436454653,0.0417287237942218,-0.0187165588140487,-0.002971765352413,0.0340599454939365,0.0385802462697029,-0.0065876403823494,0.0204724594950676,0.0172413941472768,0.007936461828649,-0.0065189297311007,-0.0277777519077062,0.0091863740235567,0.062295101583004,-0.0104031106457114,-0.001636698609218,-0.0105124730616807,-0.0239616762846708,-0.030544489622116,-0.0369230434298515,-0.0027397233061492,-0.0327380634844303,-0.0302198156714439,0.0044842651113867,-0.0113314343616366,-0.0669456049799919,0.0114613072946667,-0.0055478448048233,0.0014164630556479,-0.0348058566451072,-0.0127298654988408,0.0476857870817184,-0.0071633509360253,0.0288600716739893,0.0115440692752599,0.0146412746980786,0.0385164022445678,-0.0087082646787166,0.0247252508997917,-0.0014493084745481,0.0382037311792373,0.0,-0.0213040616363287,-0.0014471421018242,0.0065963314846158,-0.0281294342130422,0.0183486063033342,-0.0260274037718772,-0.0398970320820808,0.0641399472951889,0.0321715511381626,-0.0365168191492557,-0.0090908790007233,0.0455212853848934,-0.0160857755690813,-0.0072886575944721,-0.0040872218087315,0.0147928847000002,0.1296296119689941,0.0085348421707749,0.1182336112610302,0.0028288514172762,0.0754986098131023,0.0014124616233952,0.1025640758127135,0.0230880701253242,0.064420563220886,-0.0028129385673322,0.0746133995140452,0.0071022982206452,0.0886768026127189,0.0488165586944611,2019-02-22,2019-02-25,2019-02-26,2019-02-27,2019-02-28,2019-03-01,2019-03-04,2019-03-05,2019-03-06,2019-03-07,91822.0,2019-02-21,252.0,-0.9873%,0.0004,0.8441,1.0386,0.0984,2.4038%,2.6201%,15.8270%,-0.005967,NCMI,91822.0,2019-02-22,252.0,12.9630%,0.0007,0.8275,1.0456,-0.0932,2.5147%,2.7406%,15.8080%,0.119778,NCMI,91822.0,2019-02-25,252.0,-1.0088%,0.0006,0.8288,1.0516,-0.0853,2.5145%,2.7406%,15.8191%,-0.008879,NCMI,91822.0,2019-02-26,252.0,-3.8217%,0.0005,0.8369,1.0871,-0.0613,2.5220%,2.7514%,15.9832%,-0.030542,NCMI,91822.0,2019-02-27,252.0,3.8411%,0.0005,0.8203,1.1267,-0.0639,2.5195%,2.7486%,15.9712%,0.035418,NCMI,91822.0,2019-02-28,252.0,-1.2755%,0.0005,0.8143,1.1222,-0.0656,2.5187%,2.7442%,15.7629%,-0.010697,NCMI,91822.0,2019-03-01,252.0,1.6796%,0.0005,0.8262,1.1398,-0.0505,2.5167%,2.7460%,16.0015%,0.007326,NCMI,91822.0,2019-03-04,252.0,-0.5083%,0.0005,0.8223,1.1497,-0.0488,2.5164%,2.7460%,16.0240%,0.00388,NCMI,91822.0,2019-03-05,252.0,-0.9138%,0.0005,0.8264,1.1787,-0.044,2.5148%,2.7465%,16.1640%,-0.004383,NCMI,91822.0,2019-03-06,252.0,-1.3175%,0.0005,0.8135,1.1705,-0.0597,2.5127%,2.7445%,16.1784%,0.008546,NCMI,91822.0,2019-03-07,252.0,-2.4032%,0.0005,0.8246,1.1909,-0.0392,2.5138%,2.7489%,16.3761%,-0.016829,NCMI,0.113811,0.104932,0.07439,0.0991109999999999,0.0976509999999999
6075,NATIONAL CINEMEDIA INC,"National CineMedia Q4 EPS $0.21 Beats $0.19 Estimate, Sales $137.4M Miss $139.48M Estimate",6,uncertain,0.6,0.3,"while the earnings per share (eps) beat estimates, the sales miss could lead to mixed reactions from investors, making the overall impact on the stock price uncertain.",1,2019-02-21,NCMI,2019-02-21 22:13:00+00:00,91822.0,63530910,-0.0098730847239494,378981.0,0.1296296119689941,0.0085348421707749,-0.010088263079524,-0.0056577031500637,-0.0382165238261222,-0.00141239434015,0.0384105890989303,0.0099856909364461,-0.0127551509067416,0.0115440692752599,0.0167958810925483,0.0146412746980786,-0.0050825970247387,-0.0434173606336116,-0.0091383419930934,0.0273381378501653,-0.0131752807646989,-0.0127841122448444,-0.0240320209413766,-0.0098453126847743,0.0054719508625566,0.0186246577650308,0.0190476011484861,0.0219619460403919,-0.0186915714293718,-0.0115774134173989,-0.0081632575020194,0.0029027548152953,-0.0068587367422878,-0.0143061382696032,0.0027624941430985,0.0115774134173989,0.0055096363648772,0.0087591158226132,0.0109588932245969,-0.0269886441528797,0.0,0.0292397383600473,0.0,0.0163447447121143,-0.014905166812241,-0.044034082442522,-0.0357633754611015,0.0129496622830629,0.0156918186694383,-0.0141844507306814,-0.007022432051599,0.0143885444849729,-0.0042433110065758,-0.0042980243451893,0.0014204870676621,-0.0099291019141674,0.028368767350912,-0.018105799332261,-0.0082758544012904,-0.0041609168983995,0.0027816384099423,0.0,0.0235783737152814,0.0241477377712726,0.0189701709896326,0.0071531031280756,-0.0053191436454653,0.0417287237942218,-0.0187165588140487,-0.002971765352413,0.0340599454939365,0.0385802462697029,-0.0065876403823494,0.0204724594950676,0.0172413941472768,0.007936461828649,-0.0065189297311007,-0.0277777519077062,0.0091863740235567,0.062295101583004,-0.0104031106457114,-0.001636698609218,-0.0105124730616807,-0.0239616762846708,-0.030544489622116,-0.0369230434298515,-0.0027397233061492,-0.0327380634844303,-0.0302198156714439,0.0044842651113867,-0.0113314343616366,-0.0669456049799919,0.0114613072946667,-0.0055478448048233,0.0014164630556479,-0.0348058566451072,-0.0127298654988408,0.0476857870817184,-0.0071633509360253,0.0288600716739893,0.0115440692752599,0.0146412746980786,0.0385164022445678,-0.0087082646787166,0.0247252508997917,-0.0014493084745481,0.0382037311792373,0.0,-0.0213040616363287,-0.0014471421018242,0.0065963314846158,-0.0281294342130422,0.0183486063033342,-0.0260274037718772,-0.0398970320820808,0.0641399472951889,0.0321715511381626,-0.0365168191492557,-0.0090908790007233,0.0455212853848934,-0.0160857755690813,-0.0072886575944721,-0.0040872218087315,0.0147928847000002,0.1296296119689941,0.0085348421707749,0.1182336112610302,0.0028288514172762,0.0754986098131023,0.0014124616233952,0.1025640758127135,0.0230880701253242,0.064420563220886,-0.0028129385673322,0.0746133995140452,0.0071022982206452,0.0886768026127189,0.0488165586944611,2019-02-22,2019-02-25,2019-02-26,2019-02-27,2019-02-28,2019-03-01,2019-03-04,2019-03-05,2019-03-06,2019-03-07,91822.0,2019-02-21,252.0,-0.9873%,0.0004,0.8441,1.0386,0.0984,2.4038%,2.6201%,15.8270%,-0.005967,NCMI,91822.0,2019-02-22,252.0,12.9630%,0.0007,0.8275,1.0456,-0.0932,2.5147%,2.7406%,15.8080%,0.119778,NCMI,91822.0,2019-02-25,252.0,-1.0088%,0.0006,0.8288,1.0516,-0.0853,2.5145%,2.7406%,15.8191%,-0.008879,NCMI,91822.0,2019-02-26,252.0,-3.8217%,0.0005,0.8369,1.0871,-0.0613,2.5220%,2.7514%,15.9832%,-0.030542,NCMI,91822.0,2019-02-27,252.0,3.8411%,0.0005,0.8203,1.1267,-0.0639,2.5195%,2.7486%,15.9712%,0.035418,NCMI,91822.0,2019-02-28,252.0,-1.2755%,0.0005,0.8143,1.1222,-0.0656,2.5187%,2.7442%,15.7629%,-0.010697,NCMI,91822.0,2019-03-01,252.0,1.6796%,0.0005,0.8262,1.1398,-0.0505,2.5167%,2.7460%,16.0015%,0.007326,NCMI,91822.0,2019-03-04,252.0,-0.5083%,0.0005,0.8223,1.1497,-0.0488,2.5164%,2.7460%,16.0240%,0.00388,NCMI,91822.0,2019-03-05,252.0,-0.9138%,0.0005,0.8264,1.1787,-0.044,2.5148%,2.7465%,16.1640%,-0.004383,NCMI,91822.0,2019-03-06,252.0,-1.3175%,0.0005,0.8135,1.1705,-0.0597,2.5127%,2.7445%,16.1784%,0.008546,NCMI,91822.0,2019-03-07,252.0,-2.4032%,0.0005,0.8246,1.1909,-0.0392,2.5138%,2.7489%,16.3761%,-0.016829,NCMI,0.113811,0.104932,0.07439,0.0991109999999999,0.0976509999999999
6083,NEWMONT CORP,"Newmont Mining Q4 EPS $0.40 Beats $0.24 Estimate, Sales $2.048B Beat $1.88B Estimate",6,increase,0.8,0.7,"the significant earnings per share (eps) and sales beat expectations typically indicate strong financial performance, which is likely to positively influence investor sentiment and increase the stock price.",2,2019-02-21,NEM,2019-02-21 11:59:00+00:00,21207.0,65163910,0.0005651443498209,12114563.0,0.0302174445241689,0.0249058976769447,-0.0104166958481073,0.0388085767626762,-0.0318558923900127,0.0039263386279344,-0.0266094505786895,-0.0036111625377088,0.0029394025914371,-0.0047918492928147,-0.0087924748659133,-0.0077266604639589,0.0186280626803636,-0.0056146164424717,0.0014513566857203,0.0032612099312245,-0.0353623367846012,-0.0073572690598666,0.0024140565656125,-0.0041031474247574,0.0147500857710838,-0.0011709870304912,-0.0077127953991293,0.0094562554731965,0.0319880321621894,-0.0079155806452035,-0.0031865760684013,0.0118659604340791,-0.0287707559764385,0.0050685200840234,-0.0083781806752085,0.0191431492567062,-0.0042244838550686,-0.0075392038561403,0.0084848115220665,0.0304536838084459,0.0177283715456724,-0.0006211322033777,0.0135814268141984,0.0031153361778706,0.004951883573085,0.0103870946913957,0.0115942470729351,0.0047438209876418,0.0189111698418855,0.0019011842086911,0.0042181583121418,0.0174080915749073,-0.0039204536005854,-0.0239144191145896,0.0056227371096611,-0.0888761579990387,-0.0044730179943144,0.0017231870442628,0.0061780740506947,0.0130928363651037,0.0033491188660264,0.0088053783401846,0.0147426640614867,0.0029437288176268,0.0005482581909745,-0.011925533413887,0.0043835574761033,0.0,-0.0016366987256333,-0.002900187857449,-0.0090163396671414,-0.0049062618054449,-0.0082712778821587,0.0052219405770301,0.0077842306345701,-0.0148614011704921,-0.0022069469559937,0.0133218336850404,-0.0138235352933406,-0.0014460106613114,-0.017533790320158,0.0313153304159641,-0.0333528183400631,-0.016427144408226,-0.0148305585607886,0.0623247101902961,-0.0055299634113907,-0.0605971813201904,-0.0052517200820147,0.0163641534745693,-0.0177019126713275,0.0090062813833355,-0.0053746467456221,-0.021445345133543,-0.0222504418343305,-0.0011737357126548,0.0097529012709856,0.0221956111490726,-0.0238248482346534,-0.0056665265001356,-0.0072559141553938,0.0041928538121283,0.0039866752922534,0.022351486608386,-0.0092653473839163,-0.0292986389249563,0.0260520633310079,0.0171583276242017,-0.0169270373880863,0.0272109173238277,-0.0089404126629233,0.0,0.0073504615575075,-0.0107065923511982,0.0252073053270578,0.0228410381823778,-0.0025881566107273,-0.0157068707048893,-0.0045410115271806,0.0003081372997257,-0.004561788868159,-0.0336409956216812,0.0121113210916519,0.0209726020693779,0.0302174445241689,0.0249058976769447,0.0194859827471463,0.0646810368814601,-0.0129906530123731,0.0688613351629969,-0.0364304114319637,0.0598981764517279,-0.0578836659573276,0.0372215879873443,0.0345696023491113,0.0418015310279509,-0.100930930498905,0.0802948312668181,2019-02-22,2019-02-25,2019-02-26,2019-02-27,2019-02-28,2019-03-01,2019-03-04,2019-03-05,2019-03-06,2019-03-07,21207.0,2019-02-21,252.0,0.0565%,-0.0002,0.163,0.4473,0.1993,1.7359%,1.7558%,2.2549%,0.001895,NEM,21207.0,2019-02-22,252.0,3.0217%,-0.0001,0.1582,0.4664,0.1595,1.7448%,1.7657%,2.3631%,0.029528,NEM,21207.0,2019-02-25,252.0,-1.0417%,-0.0,0.1566,0.4694,0.1554,1.7436%,1.7648%,2.3834%,-0.009254,NEM,21207.0,2019-02-26,252.0,-3.1856%,-0.0003,0.1456,0.5191,0.1724,1.7435%,1.7672%,2.6638%,-0.028188,NEM,21207.0,2019-02-27,252.0,-2.6609%,-0.0004,0.1372,0.5262,0.1709,1.7484%,1.7720%,2.6399%,-0.02762,NEM,21207.0,2019-02-28,252.0,0.2939%,-0.0003,0.1259,0.5186,0.1618,1.7443%,1.7666%,2.5115%,0.003587,NEM,21207.0,2019-03-01,252.0,-0.8792%,-0.0004,0.1226,0.5136,0.1614,1.7454%,1.7670%,2.4282%,-0.010646,NEM,21207.0,2019-03-04,252.0,1.8628%,-0.0003,0.1174,0.5121,0.167,1.7500%,1.7710%,2.3498%,0.0206009999999999,NEM,21207.0,2019-03-05,252.0,0.1451%,-0.0002,0.1191,0.5282,0.1669,1.7489%,1.7708%,2.4526%,0.003549,NEM,21207.0,2019-03-06,252.0,-3.5362%,-0.0004,0.1252,0.5895,0.1821,1.7562%,1.7836%,3.0498%,-0.027863,NEM,21207.0,2019-03-07,252.0,0.2414%,-0.0004,0.1205,0.5754,0.1718,1.7551%,1.7811%,2.8883%,0.004365,NEM,0.031423,0.022169,-0.006019,-0.030052,-0.040046
6091,NEWMONT CORP,Newmont Mining Reports 2018 Gold Reserves 65.4M Attributable Oz. vs 68.5M Oz. At End Of 2017,6,decrease,0.8,0.6,"the decrease in gold reserves from 68.5 million ounces to 65.4 million ounces may signal a reduction in future production potential, which could negatively impact investor sentiment and lead to a decrease in stock price.",0,2019-02-21,NEM,2019-02-21 11:54:00+00:00,21207.0,65163910,0.0005651443498209,12114563.0,0.0302174445241689,0.0249058976769447,-0.0104166958481073,0.0388085767626762,-0.0318558923900127,0.0039263386279344,-0.0266094505786895,-0.0036111625377088,0.0029394025914371,-0.0047918492928147,-0.0087924748659133,-0.0077266604639589,0.0186280626803636,-0.0056146164424717,0.0014513566857203,0.0032612099312245,-0.0353623367846012,-0.0073572690598666,0.0024140565656125,-0.0041031474247574,0.0147500857710838,-0.0011709870304912,-0.0077127953991293,0.0094562554731965,0.0319880321621894,-0.0079155806452035,-0.0031865760684013,0.0118659604340791,-0.0287707559764385,0.0050685200840234,-0.0083781806752085,0.0191431492567062,-0.0042244838550686,-0.0075392038561403,0.0084848115220665,0.0304536838084459,0.0177283715456724,-0.0006211322033777,0.0135814268141984,0.0031153361778706,0.004951883573085,0.0103870946913957,0.0115942470729351,0.0047438209876418,0.0189111698418855,0.0019011842086911,0.0042181583121418,0.0174080915749073,-0.0039204536005854,-0.0239144191145896,0.0056227371096611,-0.0888761579990387,-0.0044730179943144,0.0017231870442628,0.0061780740506947,0.0130928363651037,0.0033491188660264,0.0088053783401846,0.0147426640614867,0.0029437288176268,0.0005482581909745,-0.011925533413887,0.0043835574761033,0.0,-0.0016366987256333,-0.002900187857449,-0.0090163396671414,-0.0049062618054449,-0.0082712778821587,0.0052219405770301,0.0077842306345701,-0.0148614011704921,-0.0022069469559937,0.0133218336850404,-0.0138235352933406,-0.0014460106613114,-0.017533790320158,0.0313153304159641,-0.0333528183400631,-0.016427144408226,-0.0148305585607886,0.0623247101902961,-0.0055299634113907,-0.0605971813201904,-0.0052517200820147,0.0163641534745693,-0.0177019126713275,0.0090062813833355,-0.0053746467456221,-0.021445345133543,-0.0222504418343305,-0.0011737357126548,0.0097529012709856,0.0221956111490726,-0.0238248482346534,-0.0056665265001356,-0.0072559141553938,0.0041928538121283,0.0039866752922534,0.022351486608386,-0.0092653473839163,-0.0292986389249563,0.0260520633310079,0.0171583276242017,-0.0169270373880863,0.0272109173238277,-0.0089404126629233,0.0,0.0073504615575075,-0.0107065923511982,0.0252073053270578,0.0228410381823778,-0.0025881566107273,-0.0157068707048893,-0.0045410115271806,0.0003081372997257,-0.004561788868159,-0.0336409956216812,0.0121113210916519,0.0209726020693779,0.0302174445241689,0.0249058976769447,0.0194859827471463,0.0646810368814601,-0.0129906530123731,0.0688613351629969,-0.0364304114319637,0.0598981764517279,-0.0578836659573276,0.0372215879873443,0.0345696023491113,0.0418015310279509,-0.100930930498905,0.0802948312668181,2019-02-22,2019-02-25,2019-02-26,2019-02-27,2019-02-28,2019-03-01,2019-03-04,2019-03-05,2019-03-06,2019-03-07,21207.0,2019-02-21,252.0,0.0565%,-0.0002,0.163,0.4473,0.1993,1.7359%,1.7558%,2.2549%,0.001895,NEM,21207.0,2019-02-22,252.0,3.0217%,-0.0001,0.1582,0.4664,0.1595,1.7448%,1.7657%,2.3631%,0.029528,NEM,21207.0,2019-02-25,252.0,-1.0417%,-0.0,0.1566,0.4694,0.1554,1.7436%,1.7648%,2.3834%,-0.009254,NEM,21207.0,2019-02-26,252.0,-3.1856%,-0.0003,0.1456,0.5191,0.1724,1.7435%,1.7672%,2.6638%,-0.028188,NEM,21207.0,2019-02-27,252.0,-2.6609%,-0.0004,0.1372,0.5262,0.1709,1.7484%,1.7720%,2.6399%,-0.02762,NEM,21207.0,2019-02-28,252.0,0.2939%,-0.0003,0.1259,0.5186,0.1618,1.7443%,1.7666%,2.5115%,0.003587,NEM,21207.0,2019-03-01,252.0,-0.8792%,-0.0004,0.1226,0.5136,0.1614,1.7454%,1.7670%,2.4282%,-0.010646,NEM,21207.0,2019-03-04,252.0,1.8628%,-0.0003,0.1174,0.5121,0.167,1.7500%,1.7710%,2.3498%,0.0206009999999999,NEM,21207.0,2019-03-05,252.0,0.1451%,-0.0002,0.1191,0.5282,0.1669,1.7489%,1.7708%,2.4526%,0.003549,NEM,21207.0,2019-03-06,252.0,-3.5362%,-0.0004,0.1252,0.5895,0.1821,1.7562%,1.7836%,3.0498%,-0.027863,NEM,21207.0,2019-03-07,252.0,0.2414%,-0.0004,0.1205,0.5754,0.1718,1.7551%,1.7811%,2.8883%,0.004365,NEM,0.031423,0.022169,-0.006019,-0.030052,-0.040046
6099,NATIONAL HEALTHCARE CORP,"National Healthcare Q4 Adj. EPS $1.19 Down From $1.41 YoY, Sales $235.6M Up From $233.24M YoY",6,decrease,0.7,0.5,"the decline in adjusted eps from $1.41 to $1.19 suggests weaker profitability, which may negatively impact investor sentiment despite a slight increase in sales.",0,2019-02-21,NHC,2019-02-21 13:16:00+00:00,72338.0,63590610,0.0172959584742784,28478.0,0.0008381190127693,-0.0229679923504591,-0.0099293487146496,0.0017882871907204,-0.0102706430479884,0.0045508653856813,-0.0173361711204052,-0.0026278214063495,0.0114300632849335,-0.0003581943747121,-0.0042993007227778,0.0055228606797754,-0.030841352418065,0.010678282007575,0.0020367065444588,0.0088138226419687,-0.0257875863462686,0.0073992614634335,0.0006519157905131,-0.0001233309012604,0.0225436985492706,-0.0012315083295106,0.0129985548555851,0.0079443817958235,-0.0021386109292507,0.0028631361201405,0.0171457473188638,0.0108217010274529,0.0014873915351927,0.0083746183663606,-0.0163366291671991,0.0124614760279655,0.0257925931364297,0.0039984206669032,-0.0158224087208509,0.0233632065355777,-0.0144565813243389,-0.0088958693668246,0.0026555270887911,0.0226087290793657,-0.0084499707445502,-0.0071722795255482,-0.0094124330207705,-0.0163313299417495,0.0021829199977219,0.0071052750572562,-0.0056374431587755,-0.0124740004539489,-0.0063135917298495,0.0206896215677261,-0.0096581242978572,-0.0130890049040317,-0.0067210663110017,0.0,-0.012339130975306,-0.0030013797804713,-0.0042987600900232,-0.0156711786985397,0.0013491428690031,-0.001539088669233,0.0088924281299114,0.0027006054297089,-0.0093482499942183,0.0127637842670083,-0.0148287741467356,-0.0120947305113077,0.0239463597536087,-0.0093052359297871,-0.0133636239916086,0.0057691917754709,-0.0028443597257137,0.0217362772673368,0.003259954508394,-0.0067226458340883,-0.0112375011667609,0.0298228971660137,-0.0109543399885296,0.0083233015611767,0.0076145008206367,-0.011413412168622,-0.015114021487534,-0.0116736544296145,0.0111607564613223,-0.02643340267241,0.023730594664812,-0.0074778702110052,-0.0180592499673366,-0.0100375842303037,0.0292341094464063,-0.0101838018745183,-0.0021335650235414,-0.0120245814323425,0.008018153719604,0.0126739144325256,-0.0127270193770527,-0.0115450117737054,0.0056398301385343,0.0055575761944055,0.0149553045630455,-0.0003703552938532,0.0052624852396547,0.0040907626971602,-0.001439610030502,-0.0280723106116056,0.0056356526911258,-0.0053924140520393,0.0155088594183325,0.0022819458972662,-0.0097535233944654,0.0072586312890052,0.0107567934319376,0.0146066332235932,0.0171817410737276,0.0066724442876875,-0.0039077927358448,0.0021049797069281,-0.0039230268448591,0.0077364956960082,0.016262212768197,0.0212819948792457,0.0008381190127693,-0.0229679923504591,-0.0090995516778225,-0.0212207785262555,-0.0192767364786312,-0.0167664860470265,-0.0252633276093303,-0.0197015113471179,-0.0811781500433009,0.0123304551950813,-0.105551456672992,0.052969052260553,-0.0360154160589732,0.0529664717404785,2019-02-22,2019-02-25,2019-02-26,2019-02-27,2019-02-28,2019-03-01,2019-03-04,2019-03-05,2019-03-06,2019-03-07,72338.0,2019-02-21,252.0,1.7296%,0.0014,0.4085,0.679,0.0079,1.1886%,1.3192%,18.8304%,0.019478,NHC,72338.0,2019-02-22,252.0,0.0838%,0.0014,0.4095,0.6785,0.019,1.1893%,1.3191%,18.7119%,-0.005536,NHC,72338.0,2019-02-25,252.0,-0.9929%,0.0012,0.4135,0.6876,0.0388,1.1711%,1.3030%,19.2286%,-0.0088449999999999,NHC,72338.0,2019-02-26,252.0,-1.0271%,0.0012,0.4095,0.7003,0.0423,1.1704%,1.3028%,19.2879%,-0.00518,NHC,72338.0,2019-02-27,252.0,-1.7336%,0.0011,0.4104,0.6929,0.0424,1.1772%,1.3081%,19.0044%,-0.019085,NHC,72338.0,2019-02-28,252.0,1.1430%,0.0011,0.4076,0.6914,0.0377,1.1794%,1.3088%,18.7913%,0.01257,NHC,72338.0,2019-03-01,252.0,-0.4299%,0.0012,0.3882,0.6625,0.0124,1.1675%,1.2895%,18.0258%,-0.0091779999999999,NHC,72338.0,2019-03-04,252.0,-3.0841%,0.0011,0.3888,0.685,0.0066,1.1797%,1.3052%,18.3135%,-0.026311,NHC,72338.0,2019-03-05,252.0,0.2037%,0.0011,0.3847,0.6554,0.0023,1.1758%,1.2949%,17.5494%,0.004747,NHC,72338.0,2019-03-06,252.0,-2.5788%,0.001,0.3829,0.6942,0.0055,1.1756%,1.3017%,18.4332%,-0.014389,NHC,72338.0,2019-03-07,252.0,0.0652%,0.0011,0.3878,0.7251,0.0208,1.1639%,1.2954%,19.2727%,0.0042049999999999,NHC,0.013942,0.005097,-8.299999999999974e-05,-0.006598,-0.047524
6107,NEVRO CORP,Nevro Sees FY19 Sales $400M-$410M vs $419.3M Estimate,6,decrease,0.8,0.7,"the company's sales forecast for fy19 is below analyst estimates, which is likely to lead to a negative reaction in the stock price.",0,2019-02-21,NVRO,2019-02-21 21:21:00+00:00,15046.0,64157F10,-0.0218826923519372,701475.0,-0.0922330692410469,0.0241014678031206,0.0260405205190181,-0.0245411917567253,0.0260593183338642,-0.0093973251059651,0.0026502374093979,-0.0109113128855824,0.0147576685994863,0.0014165017055347,0.0028218161314725,0.0198101345449686,0.0093073658645153,0.0310638099908828,0.0057902736589312,-0.015706805512309,-0.0341151878237724,-0.0126137426123023,-0.0194260720163583,0.003111419500783,-0.0168842878192663,-0.0037197831552475,0.0114495083689689,0.0079150404781103,0.0047544240951538,-0.0113262571394443,-0.0119423745200038,-0.0049179890193045,-0.0136829763650894,0.026072284206748,0.0101733785122633,0.0254420060664415,0.0162509251385927,-0.0206925570964813,0.008333308622241,0.0304613038897514,0.3567121028900146,0.0109986802563071,0.016792831942439,-0.0074235843494534,0.0046956106089055,0.0776470378041267,0.0088638076558709,-0.0349682308733463,0.0003194961464032,0.0535885579884052,-0.0102203674614429,0.0287964101880788,-0.0064536579884588,0.0498708076775074,0.0151022486388683,-0.0160183329135179,-0.0055990796536207,-0.0255202855914831,-0.0062741213478147,-0.0356032960116863,0.0176461096853017,0.0515075176954269,0.0081132408231496,0.0756756514310836,0.0126242581754922,-0.0112238964065909,-0.0243103876709938,0.0534909255802631,0.0204439982771873,-0.0281805414706468,0.0234778523445129,-0.0601697154343128,-0.0029056803323328,0.0177963972091674,0.0147240301594138,0.019477043300867,0.0125452559441328,0.0048257457092404,-0.0025376649573445,0.0527800992131233,-0.0169110633432865,-0.0274499040096998,-0.0016745411558076,0.0207341462373733,-0.0170784182846546,-0.0237965732812881,-0.0054297004826366,-0.0221983958035707,-0.0457027032971382,-0.0113696539774537,0.0207584258168935,-0.0435002818703651,-0.0104083511978387,-0.0268274713307619,0.0072815660387277,-0.0249579343944788,-0.0086747137829661,0.0151035068556666,-0.0200939532369375,-0.0214541479945182,-0.0090954694896936,0.012062725611031,0.0223631542176008,-0.0152054978534579,-0.0019588465802371,-0.0011865029809996,-0.0088322032243013,-0.0317095816135406,0.0372937656939029,0.0484221205115318,-0.00159087323118,-0.0085980566218495,-0.0407902747392654,-0.0089941080659627,-0.0358803942799568,-0.0011820150539278,0.005168835632503,0.041615329682827,0.0671922862529754,0.0286221150308847,0.0157404970377683,-0.0022744541056454,-0.0159709379076957,0.0320813655853271,-0.0922330692410469,0.0241014678031206,-0.0685943458541322,-0.0010312026965796,-0.044322549414784,-0.0104188372555548,-0.0276488283684412,-0.0198300184040203,-0.0624736810532393,0.0047707876211635,0.3374841074866901,0.3091891447921648,0.3134233330257925,0.2634323985485198,2019-02-22,2019-02-25,2019-02-26,2019-02-27,2019-02-28,2019-03-01,2019-03-04,2019-03-05,2019-03-06,2019-03-07,15046.0,2019-02-21,252.0,-2.1883%,-0.002,0.7788,0.6509,-1.3973,3.9810%,4.2606%,12.6921%,-0.0219119999999999,NVRO,15046.0,2019-02-22,252.0,-9.2233%,-0.0025,0.7978,0.5787,-1.2351,4.0444%,4.2944%,11.3055%,-0.121515,NVRO,15046.0,2019-02-25,252.0,2.6041%,-0.0023,0.7935,0.5614,-1.2602,4.0415%,4.2934%,11.3922%,0.0240249999999999,NVRO,15046.0,2019-02-26,252.0,2.6059%,-0.0024,0.7621,0.5515,-1.2887,4.0367%,4.2837%,11.1985%,0.026663,NVRO,15046.0,2019-02-27,252.0,0.2650%,-0.0024,0.7611,0.5538,-1.2889,4.0367%,4.2835%,11.1892%,-0.00073,NVRO,15046.0,2019-02-28,252.0,1.4758%,-0.0023,0.7548,0.5501,-1.2971,4.0378%,4.2833%,11.1338%,0.013684,NVRO,15046.0,2019-03-01,252.0,0.2822%,-0.0023,0.7465,0.5377,-1.3066,4.0375%,4.2818%,11.0864%,-0.009487,NVRO,15046.0,2019-03-04,252.0,0.9307%,-0.0021,0.7371,0.5488,-1.2995,4.0389%,4.2807%,10.9774%,0.020346,NVRO,15046.0,2019-03-05,252.0,0.5790%,-0.002,0.741,0.5845,-1.2995,4.0366%,4.2808%,11.0846%,0.005536,NVRO,15046.0,2019-03-06,252.0,-3.4115%,-0.0021,0.7409,0.6282,-1.2937,4.0371%,4.2846%,11.2193%,-0.020096,NVRO,15046.0,2019-03-07,252.0,-1.9426%,-0.0022,0.7471,0.6286,-1.2854,4.0382%,4.2858%,11.2226%,-0.01727,NVRO,-0.143427,-0.119402,-0.092739,-0.079785,-0.1007559999999999
6115,NEVRO CORP,"Nevro Corp. Common Stock Q4 EPS $(0.32) Misses $(0.21) Estimate, Sales $107.944M Beat $107.1M Estimate",6,decrease,0.7,0.6,"the miss on eps expectations typically signals weaker profitability, which can lead to a decrease in stock price despite beating sales estimates.",0,2019-02-21,NVRO,2019-02-21 21:20:00+00:00,15046.0,64157F10,-0.0218826923519372,701475.0,-0.0922330692410469,0.0241014678031206,0.0260405205190181,-0.0245411917567253,0.0260593183338642,-0.0093973251059651,0.0026502374093979,-0.0109113128855824,0.0147576685994863,0.0014165017055347,0.0028218161314725,0.0198101345449686,0.0093073658645153,0.0310638099908828,0.0057902736589312,-0.015706805512309,-0.0341151878237724,-0.0126137426123023,-0.0194260720163583,0.003111419500783,-0.0168842878192663,-0.0037197831552475,0.0114495083689689,0.0079150404781103,0.0047544240951538,-0.0113262571394443,-0.0119423745200038,-0.0049179890193045,-0.0136829763650894,0.026072284206748,0.0101733785122633,0.0254420060664415,0.0162509251385927,-0.0206925570964813,0.008333308622241,0.0304613038897514,0.3567121028900146,0.0109986802563071,0.016792831942439,-0.0074235843494534,0.0046956106089055,0.0776470378041267,0.0088638076558709,-0.0349682308733463,0.0003194961464032,0.0535885579884052,-0.0102203674614429,0.0287964101880788,-0.0064536579884588,0.0498708076775074,0.0151022486388683,-0.0160183329135179,-0.0055990796536207,-0.0255202855914831,-0.0062741213478147,-0.0356032960116863,0.0176461096853017,0.0515075176954269,0.0081132408231496,0.0756756514310836,0.0126242581754922,-0.0112238964065909,-0.0243103876709938,0.0534909255802631,0.0204439982771873,-0.0281805414706468,0.0234778523445129,-0.0601697154343128,-0.0029056803323328,0.0177963972091674,0.0147240301594138,0.019477043300867,0.0125452559441328,0.0048257457092404,-0.0025376649573445,0.0527800992131233,-0.0169110633432865,-0.0274499040096998,-0.0016745411558076,0.0207341462373733,-0.0170784182846546,-0.0237965732812881,-0.0054297004826366,-0.0221983958035707,-0.0457027032971382,-0.0113696539774537,0.0207584258168935,-0.0435002818703651,-0.0104083511978387,-0.0268274713307619,0.0072815660387277,-0.0249579343944788,-0.0086747137829661,0.0151035068556666,-0.0200939532369375,-0.0214541479945182,-0.0090954694896936,0.012062725611031,0.0223631542176008,-0.0152054978534579,-0.0019588465802371,-0.0011865029809996,-0.0088322032243013,-0.0317095816135406,0.0372937656939029,0.0484221205115318,-0.00159087323118,-0.0085980566218495,-0.0407902747392654,-0.0089941080659627,-0.0358803942799568,-0.0011820150539278,0.005168835632503,0.041615329682827,0.0671922862529754,0.0286221150308847,0.0157404970377683,-0.0022744541056454,-0.0159709379076957,0.0320813655853271,-0.0922330692410469,0.0241014678031206,-0.0685943458541322,-0.0010312026965796,-0.044322549414784,-0.0104188372555548,-0.0276488283684412,-0.0198300184040203,-0.0624736810532393,0.0047707876211635,0.3374841074866901,0.3091891447921648,0.3134233330257925,0.2634323985485198,2019-02-22,2019-02-25,2019-02-26,2019-02-27,2019-02-28,2019-03-01,2019-03-04,2019-03-05,2019-03-06,2019-03-07,15046.0,2019-02-21,252.0,-2.1883%,-0.002,0.7788,0.6509,-1.3973,3.9810%,4.2606%,12.6921%,-0.0219119999999999,NVRO,15046.0,2019-02-22,252.0,-9.2233%,-0.0025,0.7978,0.5787,-1.2351,4.0444%,4.2944%,11.3055%,-0.121515,NVRO,15046.0,2019-02-25,252.0,2.6041%,-0.0023,0.7935,0.5614,-1.2602,4.0415%,4.2934%,11.3922%,0.0240249999999999,NVRO,15046.0,2019-02-26,252.0,2.6059%,-0.0024,0.7621,0.5515,-1.2887,4.0367%,4.2837%,11.1985%,0.026663,NVRO,15046.0,2019-02-27,252.0,0.2650%,-0.0024,0.7611,0.5538,-1.2889,4.0367%,4.2835%,11.1892%,-0.00073,NVRO,15046.0,2019-02-28,252.0,1.4758%,-0.0023,0.7548,0.5501,-1.2971,4.0378%,4.2833%,11.1338%,0.013684,NVRO,15046.0,2019-03-01,252.0,0.2822%,-0.0023,0.7465,0.5377,-1.3066,4.0375%,4.2818%,11.0864%,-0.009487,NVRO,15046.0,2019-03-04,252.0,0.9307%,-0.0021,0.7371,0.5488,-1.2995,4.0389%,4.2807%,10.9774%,0.020346,NVRO,15046.0,2019-03-05,252.0,0.5790%,-0.002,0.741,0.5845,-1.2995,4.0366%,4.2808%,11.0846%,0.005536,NVRO,15046.0,2019-03-06,252.0,-3.4115%,-0.0021,0.7409,0.6282,-1.2937,4.0371%,4.2846%,11.2193%,-0.020096,NVRO,15046.0,2019-03-07,252.0,-1.9426%,-0.0022,0.7471,0.6286,-1.2854,4.0382%,4.2858%,11.2226%,-0.01727,NVRO,-0.143427,-0.119402,-0.092739,-0.079785,-0.1007559999999999
6123,NEWELL BRANDS INC,Newell Brands Shares Tick Higher As Hearing Board Will Look At Mgmt. Candidate Given Recent Pressure From Polk,6,uncertain,0.6,0.3,"the news indicates a potential management change due to pressure, which could be seen as a positive or negative development depending on investor sentiment and the effectiveness of the new candidate.",1,2019-02-21,NWL,2019-02-21 15:06:00+00:00,60986.0,65122910,0.0081633413210511,8532561.0,-0.0133025702089071,0.00823041703552,0.0041031474247574,-0.0087412362918257,-0.0005836731870658,-0.2088520377874374,-0.0233645476400852,0.0018476173281669,-0.0157671459019184,0.0041744043119251,-0.00369682488963,0.0093632424250245,-0.0037105421070009,0.037396814674139,-0.0068280948325991,-0.0062740910798311,-0.0193750262260437,-0.0285982470959425,-0.0121095972135663,-0.0018718256615102,-0.0038709947839379,-0.0174712259322404,0.0110103683546185,0.0220864340662956,-0.001281198230572,0.0033004058059304,-0.0076972343958914,0.0138622848317027,-0.0012928544310852,-0.0099384328350424,0.0071197808720171,-0.0149184893816709,0.0269922316074371,0.0060976110398769,-0.0068835830315947,0.0162059180438518,-0.0075614294037222,0.032988678663969,0.0031746153254061,-0.0087847877293825,-0.0506329238414764,-0.0284495204687118,0.004666646476835,0.0173661652952432,0.0132714509963989,0.0087591391056776,0.0039292378351092,-0.0115440916270017,0.0071754506789147,0.0241380147635936,-0.0064766472205519,-0.0049019795842468,0.0065188673324882,-0.0072992518544197,-0.0064766472205519,0.041561059653759,-0.0013038107426837,0.0015227806288748,0.0163185372948646,0.0102564496919512,0.0179833453148603,0.0177453104406595,-0.0056782430037856,0.0487137027084827,-0.0298223514109849,-0.0209002885967493,0.0124263949692249,0.0037654489278793,-0.0077519309706985,0.0114255165681242,0.0019531697034835,-0.0010869813850149,-0.0136452261358499,-0.0269698686897754,0.0,0.0534818395972251,-0.0013175532221794,-0.0482502542436122,-0.0006596457096748,-0.0584123842418193,-0.0488448701798915,-0.0181372035294771,-0.0166550856083631,-0.0471742302179336,0.0042342599481344,-0.0041860537603497,-0.0421644039452076,-0.0262681134045124,0.0506235919892787,-0.030728742480278,0.0069832671433687,-0.0331069082021713,-0.0027739224024116,0.0064075021073222,-0.0020862123928964,0.0240594577044248,0.0209058690816164,0.0079365214332938,0.1351535618305206,-0.0126251205801963,-0.0390859693288803,-0.0242141708731651,-0.0012515335110947,-0.0260653346776962,-0.0269423741847276,0.0329060032963752,-0.0109465597197413,-0.0168067067861557,-0.0026041641831398,0.0190839413553476,-0.0078328913077712,0.0072618573904037,0.0052631529979407,-0.0046768966130912,0.022905783727765,0.0818767547607421,-0.0057581672444939,-0.0013780746376141,-0.0051480000838637,0.0078703733161091,-0.0133025702089071,0.00823041703552,-0.0092540051908449,-0.0005827632763933,-0.0098322770632079,-0.2093130897660083,-0.0482144468552693,-0.2045454577497321,-0.0910242456661921,-0.1974731488858911,-0.0869192122462614,-0.120512848647441,-0.09336998759078,-0.1983456312162564,2019-02-22,2019-02-25,2019-02-26,2019-02-27,2019-02-28,2019-03-01,2019-03-04,2019-03-05,2019-03-06,2019-03-07,60986.0,2019-02-21,252.0,0.8163%,-0.0013,1.1804,0.5148,0.5371,2.6503%,2.9003%,16.4940%,0.0141179999999999,NWL,60986.0,2019-02-22,252.0,-1.3303%,-0.0013,1.1816,0.5379,0.5716,2.6491%,2.8988%,16.4872%,-0.016011,NWL,60986.0,2019-02-25,252.0,0.4103%,-0.0013,1.1814,0.5347,0.5693,2.6493%,2.8989%,16.4780%,0.004658,NWL,60986.0,2019-02-26,252.0,-0.0584%,-0.0012,1.1863,0.5192,0.5651,2.6489%,2.8988%,16.4972%,0.006508,NWL,60986.0,2019-02-27,252.0,-2.3365%,-0.0014,1.1728,0.5362,0.5628,2.6466%,2.8914%,16.2157%,-0.024841,NWL,60986.0,2019-02-28,252.0,-1.5767%,-0.0014,1.1716,0.535,0.5642,2.6471%,2.8897%,16.0913%,-0.0109319999999999,NWL,60986.0,2019-03-01,252.0,-0.3697%,-0.0014,1.152,0.5057,0.5383,2.6415%,2.8753%,15.6026%,-0.0115179999999999,NWL,60986.0,2019-03-04,252.0,-0.3711%,-0.0015,1.1711,0.4389,0.5341,2.6282%,2.8679%,16.0170%,0.002113,NWL,60986.0,2019-03-05,252.0,-0.6828%,-0.0015,1.1726,0.4497,0.5354,2.6279%,2.8679%,16.0364%,-0.002285,NWL,60986.0,2019-03-06,252.0,-1.9375%,-0.0017,1.1491,0.4763,0.5125,2.6117%,2.8467%,15.8271%,-0.004163,NWL,60986.0,2019-03-07,252.0,-1.2110%,-0.0016,1.1519,0.4924,0.5208,2.6103%,2.8472%,15.9498%,-0.000753,NWL,-0.001893,0.0027649999999999,0.0092729999999999,-0.0265,-0.043106
6131,NEW YORK MORTGAGE TRUST INC,"New York Mortgage Trust Q4 EPS $0.11 Misses $0.15 Estimate, Sales $21.9M Beat $21.76M Estimate",6,decrease,0.7,0.6,"the earnings per share (eps) miss is likely to weigh more heavily on investor sentiment than the sales beat, leading to a potential decrease in stock price.",0,2019-02-21,NYMT,2019-02-21 21:28:00+00:00,90214.0,64960484,-0.0047771031968295,1084882.0,-0.0144000239670276,-0.0031745999585837,0.0,-0.0015847467584535,0.0,0.0015872621443122,-0.0259740017354488,-0.0047392942942678,0.0,-0.003149603260681,-0.0016667047748342,0.0031595546752214,-0.0016694077057763,-0.0015773231862112,-0.0033444783184677,0.0031645537819713,-0.0067114029079675,0.0,-0.0033783752005547,-0.0047243675217032,0.0067796544171869,0.0063391383737325,0.0084174601361155,-0.0015823146095499,0.0,0.0063694203272461,0.0,0.0080257123336195,0.0016694873338565,0.004838743712753,0.0033333301544189,-0.0016103427624329,0.0083056800067424,0.0016129402210935,-0.003294889582321,0.0016154687618836,0.0049586333334445,0.0032414880115538,0.0131578827276825,0.0164744481444358,-0.0113635873422026,-0.0016446961089968,0.0131362760439515,-0.0129870008677244,0.0032414880115538,0.0032573258504271,0.0096930442377924,0.0065573710016906,0.0047999881207942,-0.0129449721425771,0.0016447744565084,0.0,0.0082101337611675,0.0081565603613853,-0.0065146517008543,0.0049180672504007,0.0016393818659707,-0.003267970867455,0.0032733192201703,-0.0097087286412715,0.0016312808729708,0.0114565780386328,-0.0016286241589114,0.0200334507972002,-0.0032626395113766,-0.0016667047748342,0.0,0.0186757445335388,-0.001636698609218,-0.0150501923635602,0.0,0.0101351253688335,0.0016393818659707,0.0068027144297957,0.0114565780386328,0.0462633855640888,0.0,-0.0327022485435009,0.0016181600512936,0.0017240950837731,0.0016154687618836,-0.0268456116318702,0.0096774874255061,-0.0050083026289939,0.0047922893427312,0.0050335121341049,-0.007949155755341,-0.016501635313034,0.0112179769203066,0.0033112552482634,-0.0063391383737325,0.0097087603062391,0.0047847223468124,-0.0080257123336195,-0.0095238760113716,0.0032206089235842,0.0,0.0032310145907104,0.006410326808691,0.0016181600512936,0.003184710163623,0.0131147420033812,-0.0047619380056858,-0.0161290168762207,-0.0047847223468124,0.0,-0.0336537770926952,-0.0016103427624329,0.0066334926523268,0.0130505580455064,-0.0049423738382756,0.0049180672504007,0.0033112552482634,-0.001636698609218,0.0,0.0082508567720651,0.0016502027865499,0.0083194198086857,-0.003294889582321,0.0067002410069108,-0.0144000239670276,-0.0031745999585837,-0.0144000239670276,-0.0047543157800434,-0.0144000239670276,-0.0031745999811909,-0.0399999994549664,-0.0110235739322739,-0.0559999840846089,-0.0110235741283017,0.0130631795461859,0.0161812916626078,-0.0001578606372825,0.0867583689347364,2019-02-22,2019-02-25,2019-02-26,2019-02-27,2019-02-28,2019-03-01,2019-03-04,2019-03-05,2019-03-06,2019-03-07,90214.0,2019-02-21,252.0,-0.4777%,0.001,0.4468,0.174,0.2518,0.8971%,0.9985%,19.2683%,-0.002434,NYMT,90214.0,2019-02-22,252.0,-1.4400%,0.0009,0.4501,0.1425,0.263,0.8928%,0.9946%,19.4261%,-0.014659,NYMT,90214.0,2019-02-25,252.0,0.0000%,0.0009,0.4499,0.1427,0.2624,0.8928%,0.9945%,19.4153%,6.9e-05,NYMT,90214.0,2019-02-26,252.0,0.0000%,0.0009,0.4484,0.142,0.2609,0.8927%,0.9933%,19.2172%,0.002399,NYMT,90214.0,2019-02-27,252.0,-2.5974%,0.0007,0.4453,0.1394,0.2604,0.9084%,1.0057%,18.4057%,-0.026434,NYMT,90214.0,2019-02-28,252.0,0.0000%,0.0008,0.4366,0.1334,0.2537,0.9029%,0.9964%,17.8978%,0.001904,NYMT,90214.0,2019-03-01,252.0,-0.1667%,0.0008,0.4247,0.1157,0.2376,0.8964%,0.9851%,17.2000%,-0.004272,NYMT,90214.0,2019-03-04,252.0,-0.1669%,0.0008,0.4279,0.1057,0.2366,0.8954%,0.9850%,17.3817%,-1.5e-05,NYMT,90214.0,2019-03-05,252.0,-0.3344%,0.0007,0.4247,0.0792,0.2353,0.8897%,0.9780%,17.2477%,-0.001811,NYMT,90214.0,2019-03-06,252.0,-0.6711%,0.0005,0.3938,0.1131,0.2049,0.8038%,0.8891%,18.2543%,-0.00233,NYMT,90214.0,2019-03-07,252.0,-0.3378%,0.0005,0.3928,0.1086,0.2024,0.8035%,0.8885%,18.2276%,0.000516,NYMT,-0.017093,-0.017024,-0.014625,-0.039155,-0.047067
6139,O G E ENERGY CORP,OGE Energy Sees FY19 Consolidated EPS $2.05-$2.20 vs $2.14 Estimate,6,uncertain,0.6,0.3,"while oge energy's eps guidance is within the expected range, the slight variation from the estimate may not provide a clear signal for investors, leading to uncertainty in stock price movement.",1,2019-02-21,OGE,2019-02-21 11:22:00+00:00,24440.0,67083710,0.0157367642968893,1979305.0,0.0044601513072848,0.0002384526887908,-0.0128534520044922,0.0011938690440729,-0.0075758402235805,0.0057637291029095,0.0090649109333753,-0.000719913165085,0.0052009746432304,0.0048226895742118,-0.0021166545338928,0.0007240008562803,-0.0021211442071944,0.0043625864200294,-0.0068493364378809,0.0009703323594294,-0.0021403129212558,0.0175266098231077,0.003574869595468,-0.0046683647669851,0.0061742654070258,-0.002450942993164,0.0087326588109135,0.0034431724343448,0.0039774957112967,-0.0070818294771015,-0.0027965260669589,0.0168860275298357,0.0009348192252218,0.004991284571588,0.0065374448895454,-0.0034817059058696,-0.0060311327688395,-0.0024808307643979,-0.0207701157778501,-0.0194599665701389,0.007149648386985,0.007104383315891,0.0132513344287872,0.0141614833846688,0.0067725577391684,-0.0007447561947628,0.006031044293195,0.002239366993308,0.0066866711713373,0.0050011738203465,-0.0054970607161521,0.0002501785056665,-0.0133578544482588,0.0167853478342294,0.0065359193831682,-0.0100705316290259,-0.0044062761589884,-0.0097232460975646,-0.0048916628584265,0.0162148308008909,-0.0009363510180264,-0.0018791935872286,-0.0039831767790019,0.0233333297073841,0.0131734041497111,-0.0053557534702122,-0.0139307752251625,0.0158031247556209,-0.0008241468458436,0.008886570110917,-0.0038031814619898,-0.0237305518239736,0.0031019104644656,0.003585131606087,0.0028543989174067,-0.0040805879980325,0.0009487883071415,0.0100463526323437,-0.0144549906253814,0.0156985465437173,-0.0028852832037955,-0.0425850972533226,-0.0009645747486501,-0.0027479543350636,-0.0012068365467712,0.0050212638452649,0.0036248841788619,-0.0077229090966284,0.0117987403646111,0.0,0.006187489721924,-0.0350961312651634,-0.0009460052242502,-0.0007206964655779,-0.0106534268707037,0.0092121474444866,0.0131610250100493,-0.0007267146138474,-0.0155880926176905,0.0120126958936452,-0.0119961611926555,0.0081562492996454,0.0104419691488146,0.0024776628706604,0.0026436098851263,0.0072373575530946,0.0028762926813215,0.0037575534079223,-0.0246175620704889,0.0075719142332673,-0.0039206040091812,0.0187708809971809,0.0214021876454353,-0.0056251911446452,0.0161367580294609,-0.0038206244353204,-0.0099549228325486,0.0061506372876465,-0.0035911304876208,0.0012830186169594,0.0019221968250349,0.0038640268612653,0.0134291974827647,-0.0099464273080229,0.0044601513072848,0.0002384526887908,-0.0084506290379684,0.0014326064141474,-0.0159624486461686,0.0072045926723391,-0.0018778877351043,0.0113334309828507,-0.0115022974396454,0.0304667779523886,-0.002112679911116,0.0853292336415514,0.0006255464942661,0.0795164786647983,2019-02-22,2019-02-25,2019-02-26,2019-02-27,2019-02-28,2019-03-01,2019-03-04,2019-03-05,2019-03-06,2019-03-07,24440.0,2019-02-21,252.0,1.5737%,0.0014,0.2346,-0.4305,-0.0452,1.0600%,1.1104%,8.8604%,0.016172,OGE,24440.0,2019-02-22,252.0,0.4460%,0.0014,0.2336,-0.4169,-0.0442,1.0585%,1.1070%,8.5713%,0.004539,OGE,24440.0,2019-02-25,252.0,-1.2853%,0.0013,0.236,-0.4068,-0.0301,1.0559%,1.1037%,8.4805%,-0.014467,OGE,24440.0,2019-02-26,252.0,-0.7576%,0.0011,0.2139,-0.3697,-0.0278,1.0264%,1.0667%,7.4139%,-0.010001,OGE,24440.0,2019-02-27,252.0,0.9065%,0.0012,0.2256,-0.388,-0.0259,1.0146%,1.0592%,8.2397%,0.009441,OGE,24440.0,2019-02-28,252.0,0.5201%,0.0013,0.2134,-0.3962,-0.0358,1.0063%,1.0495%,8.0569%,0.005813,OGE,24440.0,2019-03-01,252.0,-0.2117%,0.0013,0.2074,-0.4052,-0.0432,1.0052%,1.0482%,8.0298%,-0.002737,OGE,24440.0,2019-03-04,252.0,-0.2121%,0.0013,0.2133,-0.4212,-0.0455,1.0028%,1.0479%,8.4234%,-0.002585,OGE,24440.0,2019-03-05,252.0,-0.6849%,0.0013,0.2169,-0.399,-0.0395,1.0028%,1.0463%,8.1408%,-0.007992,OGE,24440.0,2019-03-06,252.0,-0.2140%,0.0012,0.2098,-0.3768,-0.0445,0.9969%,1.0372%,7.6235%,-0.00542,OGE,24440.0,2019-03-07,252.0,0.3575%,0.0013,0.2136,-0.3513,-0.0323,0.9873%,1.0263%,7.4449%,0.004795,OGE,0.020711,0.0062439999999999,-0.003757,0.011497,-0.002442
6147,O G E ENERGY CORP,"OGE Energy Q4 EPS $0.27 Beats $0.23 Estimate, Sales $511.8M Beat $511.21M Estimate",6,increase,0.8,0.6,"the company reported better-than-expected earnings and sales, which typically boosts investor confidence and can lead to an increase in stock price.",2,2019-02-21,OGE,2019-02-21 11:21:00+00:00,24440.0,67083710,0.0157367642968893,1979305.0,0.0044601513072848,0.0002384526887908,-0.0128534520044922,0.0011938690440729,-0.0075758402235805,0.0057637291029095,0.0090649109333753,-0.000719913165085,0.0052009746432304,0.0048226895742118,-0.0021166545338928,0.0007240008562803,-0.0021211442071944,0.0043625864200294,-0.0068493364378809,0.0009703323594294,-0.0021403129212558,0.0175266098231077,0.003574869595468,-0.0046683647669851,0.0061742654070258,-0.002450942993164,0.0087326588109135,0.0034431724343448,0.0039774957112967,-0.0070818294771015,-0.0027965260669589,0.0168860275298357,0.0009348192252218,0.004991284571588,0.0065374448895454,-0.0034817059058696,-0.0060311327688395,-0.0024808307643979,-0.0207701157778501,-0.0194599665701389,0.007149648386985,0.007104383315891,0.0132513344287872,0.0141614833846688,0.0067725577391684,-0.0007447561947628,0.006031044293195,0.002239366993308,0.0066866711713373,0.0050011738203465,-0.0054970607161521,0.0002501785056665,-0.0133578544482588,0.0167853478342294,0.0065359193831682,-0.0100705316290259,-0.0044062761589884,-0.0097232460975646,-0.0048916628584265,0.0162148308008909,-0.0009363510180264,-0.0018791935872286,-0.0039831767790019,0.0233333297073841,0.0131734041497111,-0.0053557534702122,-0.0139307752251625,0.0158031247556209,-0.0008241468458436,0.008886570110917,-0.0038031814619898,-0.0237305518239736,0.0031019104644656,0.003585131606087,0.0028543989174067,-0.0040805879980325,0.0009487883071415,0.0100463526323437,-0.0144549906253814,0.0156985465437173,-0.0028852832037955,-0.0425850972533226,-0.0009645747486501,-0.0027479543350636,-0.0012068365467712,0.0050212638452649,0.0036248841788619,-0.0077229090966284,0.0117987403646111,0.0,0.006187489721924,-0.0350961312651634,-0.0009460052242502,-0.0007206964655779,-0.0106534268707037,0.0092121474444866,0.0131610250100493,-0.0007267146138474,-0.0155880926176905,0.0120126958936452,-0.0119961611926555,0.0081562492996454,0.0104419691488146,0.0024776628706604,0.0026436098851263,0.0072373575530946,0.0028762926813215,0.0037575534079223,-0.0246175620704889,0.0075719142332673,-0.0039206040091812,0.0187708809971809,0.0214021876454353,-0.0056251911446452,0.0161367580294609,-0.0038206244353204,-0.0099549228325486,0.0061506372876465,-0.0035911304876208,0.0012830186169594,0.0019221968250349,0.0038640268612653,0.0134291974827647,-0.0099464273080229,0.0044601513072848,0.0002384526887908,-0.0084506290379684,0.0014326064141474,-0.0159624486461686,0.0072045926723391,-0.0018778877351043,0.0113334309828507,-0.0115022974396454,0.0304667779523886,-0.002112679911116,0.0853292336415514,0.0006255464942661,0.0795164786647983,2019-02-22,2019-02-25,2019-02-26,2019-02-27,2019-02-28,2019-03-01,2019-03-04,2019-03-05,2019-03-06,2019-03-07,24440.0,2019-02-21,252.0,1.5737%,0.0014,0.2346,-0.4305,-0.0452,1.0600%,1.1104%,8.8604%,0.016172,OGE,24440.0,2019-02-22,252.0,0.4460%,0.0014,0.2336,-0.4169,-0.0442,1.0585%,1.1070%,8.5713%,0.004539,OGE,24440.0,2019-02-25,252.0,-1.2853%,0.0013,0.236,-0.4068,-0.0301,1.0559%,1.1037%,8.4805%,-0.014467,OGE,24440.0,2019-02-26,252.0,-0.7576%,0.0011,0.2139,-0.3697,-0.0278,1.0264%,1.0667%,7.4139%,-0.010001,OGE,24440.0,2019-02-27,252.0,0.9065%,0.0012,0.2256,-0.388,-0.0259,1.0146%,1.0592%,8.2397%,0.009441,OGE,24440.0,2019-02-28,252.0,0.5201%,0.0013,0.2134,-0.3962,-0.0358,1.0063%,1.0495%,8.0569%,0.005813,OGE,24440.0,2019-03-01,252.0,-0.2117%,0.0013,0.2074,-0.4052,-0.0432,1.0052%,1.0482%,8.0298%,-0.002737,OGE,24440.0,2019-03-04,252.0,-0.2121%,0.0013,0.2133,-0.4212,-0.0455,1.0028%,1.0479%,8.4234%,-0.002585,OGE,24440.0,2019-03-05,252.0,-0.6849%,0.0013,0.2169,-0.399,-0.0395,1.0028%,1.0463%,8.1408%,-0.007992,OGE,24440.0,2019-03-06,252.0,-0.2140%,0.0012,0.2098,-0.3768,-0.0445,0.9969%,1.0372%,7.6235%,-0.00542,OGE,24440.0,2019-03-07,252.0,0.3575%,0.0013,0.2136,-0.3513,-0.0323,0.9873%,1.0263%,7.4449%,0.004795,OGE,0.020711,0.0062439999999999,-0.003757,0.011497,-0.002442
6155,UNIVERSAL DISPLAY CORP,Universal Display Corporation Raises Quarterly Dividend From $0.06 To $0.10/Share,6,increase,0.8,0.6,"raising the quarterly dividend typically signals financial strength and can attract more investors, likely leading to an increase in stock price.",2,2019-02-21,OLED,2019-02-21 21:51:00+00:00,77610.0,91347P10,-0.0039511863142251,1216497.0,0.2303342372179031,0.0027819438837468,0.0102215148508548,0.0010971801821142,-0.0190818794071674,0.0095424307510256,0.0312911346554756,-0.0023799301125109,0.0018124741036444,0.0083997892215847,0.0210399311035871,0.033209353685379,0.003543728031218,0.0199620556086301,0.0009809649782255,0.0059972377493977,-0.0165937710553407,-0.0071273306384682,-0.0163422003388404,0.0134405558928847,-0.003917078487575,0.0267555974423885,0.0305105410516262,0.0187452100217342,0.0186196565628051,0.0070306821726262,0.0061361379921436,0.0081561701372265,-0.0055851652286946,0.0082231648266315,0.0084625165909528,-0.0014662905596196,0.0096086096018552,-0.0008789563435129,0.0051392521709203,0.0357070490717887,-0.0155914733186364,0.0410699397325515,0.0363577976822853,0.0083890939131379,-0.045229535549879,-0.0583941973745822,0.0066748675890266,0.0267967209219932,0.0045062247663736,0.0120532382279634,-0.0289668627083301,0.0027088404167443,0.0042898221872746,0.0301599781960248,0.004468738567084,-0.0254184138029813,0.036048375070095,0.0254209488630294,0.0090932203456759,0.0620870888233184,0.0344805642962455,0.0063051176257431,-0.0113120507448911,0.0314532779157161,0.003120377426967,0.0180570594966411,0.0100030461326241,0.0474089309573173,-0.007488315925002,-0.1299912929534912,0.0161848999559879,-0.0257560759782791,0.005149396136403,0.0143089396879077,0.0160839483141899,0.0119569581001997,0.0121357329189777,0.0177515242248773,0.0011584623716771,0.0796769633889198,-0.0150427613407373,-0.0365811362862587,-0.0074013727717101,-0.0509203411638736,-0.0041424841620028,-0.023042956367135,0.0222842879593372,-0.0342138186097145,-0.0041853236034512,0.0117845404893159,-0.0465238541364669,-0.0002103581209667,0.029631420969963,-0.0144116068258881,-0.0580924563109874,-0.0056666042655706,0.007512167096138,0.0109363133087754,-0.0142230838537216,0.0073445029556751,-0.0046399016864597,-0.0007339033181779,0.0876755788922309,-0.0325590744614601,0.0292373374104499,0.0745503678917884,-0.0239005330950021,-0.0411746501922607,-0.0132654812186956,0.0419207997620105,-0.0056855594739317,0.0028389878571033,-0.0194770637899637,0.0136137614026665,-0.0455594733357429,0.0034428872168064,0.0399058312177658,-0.0136926276609301,0.0217271745204925,0.0365618392825126,-0.0225829891860485,0.0031894154381006,-0.0067413793876767,0.0114055052399635,0.2303342372179031,0.0027819438837468,0.242910116895141,0.003882176359558,0.2191930559305996,0.013461652509658,0.2596218916235455,0.0195422888482068,0.2497468229746391,0.0875925231201981,0.3803644461972428,0.4065271136061208,0.3687938834010997,0.3712441176097645,2019-02-22,2019-02-25,2019-02-26,2019-02-27,2019-02-28,2019-03-01,2019-03-04,2019-03-05,2019-03-06,2019-03-07,77610.0,2019-02-21,252.0,-0.3951%,-0.0012,1.5254,0.0686,-1.0774,3.1785%,3.7446%,27.9497%,-0.000998,OLED,77610.0,2019-02-22,252.0,23.0334%,-0.0005,1.4944,0.1479,-1.3764,3.4225%,4.0110%,27.1909%,0.2041039999999999,OLED,77610.0,2019-02-25,252.0,1.0222%,-0.0004,1.4932,0.1436,-1.3831,3.4222%,4.0113%,27.2182%,0.005787,OLED,77610.0,2019-02-26,252.0,-1.9082%,0.0003,1.6075,0.0611,-1.3394,3.2224%,3.8857%,31.2299%,-0.020438,OLED,77610.0,2019-02-27,252.0,3.1291%,0.0004,1.6125,0.0602,-1.3385,3.2265%,3.8901%,31.2073%,0.0280209999999999,OLED,77610.0,2019-02-28,252.0,0.1812%,0.0004,1.6166,0.0631,-1.3362,3.2261%,3.8892%,31.1948%,0.003353,OLED,77610.0,2019-03-01,252.0,2.1040%,0.0004,1.6244,0.0748,-1.3256,3.2253%,3.8911%,31.2965%,0.003783,OLED,77610.0,2019-03-04,252.0,0.3544%,0.0005,1.6154,0.0896,-1.3198,3.2256%,3.8852%,31.0693%,0.01737,OLED,77610.0,2019-03-05,252.0,0.0981%,0.0006,1.6234,0.1517,-1.3142,3.2177%,3.8836%,31.3511%,0.000747,OLED,77610.0,2019-03-06,252.0,-1.6594%,0.0008,1.645,0.1362,-1.2919,3.2080%,3.8817%,31.6966%,-0.00061,OLED,77610.0,2019-03-07,252.0,-1.6342%,0.0007,1.6467,0.1288,-1.2918,3.2080%,3.8825%,31.7269%,-0.0071109999999999,OLED,0.2031059999999999,0.2088929999999999,0.1884549999999999,0.2198289999999999,0.2340079999999999
6163,UNIVERSAL DISPLAY CORP,Universal Display Sees FY19 Sales $325M-$350M vs $341.9M Estimate,6,uncertain,0.6,0.2,"while the sales forecast is within a reasonable range of the estimate, the slight deviation may not significantly impact investor sentiment, leading to uncertainty in stock price movement.",1,2019-02-21,OLED,2019-02-21 21:10:00+00:00,77610.0,91347P10,-0.0039511863142251,1216497.0,0.2303342372179031,0.0027819438837468,0.0102215148508548,0.0010971801821142,-0.0190818794071674,0.0095424307510256,0.0312911346554756,-0.0023799301125109,0.0018124741036444,0.0083997892215847,0.0210399311035871,0.033209353685379,0.003543728031218,0.0199620556086301,0.0009809649782255,0.0059972377493977,-0.0165937710553407,-0.0071273306384682,-0.0163422003388404,0.0134405558928847,-0.003917078487575,0.0267555974423885,0.0305105410516262,0.0187452100217342,0.0186196565628051,0.0070306821726262,0.0061361379921436,0.0081561701372265,-0.0055851652286946,0.0082231648266315,0.0084625165909528,-0.0014662905596196,0.0096086096018552,-0.0008789563435129,0.0051392521709203,0.0357070490717887,-0.0155914733186364,0.0410699397325515,0.0363577976822853,0.0083890939131379,-0.045229535549879,-0.0583941973745822,0.0066748675890266,0.0267967209219932,0.0045062247663736,0.0120532382279634,-0.0289668627083301,0.0027088404167443,0.0042898221872746,0.0301599781960248,0.004468738567084,-0.0254184138029813,0.036048375070095,0.0254209488630294,0.0090932203456759,0.0620870888233184,0.0344805642962455,0.0063051176257431,-0.0113120507448911,0.0314532779157161,0.003120377426967,0.0180570594966411,0.0100030461326241,0.0474089309573173,-0.007488315925002,-0.1299912929534912,0.0161848999559879,-0.0257560759782791,0.005149396136403,0.0143089396879077,0.0160839483141899,0.0119569581001997,0.0121357329189777,0.0177515242248773,0.0011584623716771,0.0796769633889198,-0.0150427613407373,-0.0365811362862587,-0.0074013727717101,-0.0509203411638736,-0.0041424841620028,-0.023042956367135,0.0222842879593372,-0.0342138186097145,-0.0041853236034512,0.0117845404893159,-0.0465238541364669,-0.0002103581209667,0.029631420969963,-0.0144116068258881,-0.0580924563109874,-0.0056666042655706,0.007512167096138,0.0109363133087754,-0.0142230838537216,0.0073445029556751,-0.0046399016864597,-0.0007339033181779,0.0876755788922309,-0.0325590744614601,0.0292373374104499,0.0745503678917884,-0.0239005330950021,-0.0411746501922607,-0.0132654812186956,0.0419207997620105,-0.0056855594739317,0.0028389878571033,-0.0194770637899637,0.0136137614026665,-0.0455594733357429,0.0034428872168064,0.0399058312177658,-0.0136926276609301,0.0217271745204925,0.0365618392825126,-0.0225829891860485,0.0031894154381006,-0.0067413793876767,0.0114055052399635,0.2303342372179031,0.0027819438837468,0.242910116895141,0.003882176359558,0.2191930559305996,0.013461652509658,0.2596218916235455,0.0195422888482068,0.2497468229746391,0.0875925231201981,0.3803644461972428,0.4065271136061208,0.3687938834010997,0.3712441176097645,2019-02-22,2019-02-25,2019-02-26,2019-02-27,2019-02-28,2019-03-01,2019-03-04,2019-03-05,2019-03-06,2019-03-07,77610.0,2019-02-21,252.0,-0.3951%,-0.0012,1.5254,0.0686,-1.0774,3.1785%,3.7446%,27.9497%,-0.000998,OLED,77610.0,2019-02-22,252.0,23.0334%,-0.0005,1.4944,0.1479,-1.3764,3.4225%,4.0110%,27.1909%,0.2041039999999999,OLED,77610.0,2019-02-25,252.0,1.0222%,-0.0004,1.4932,0.1436,-1.3831,3.4222%,4.0113%,27.2182%,0.005787,OLED,77610.0,2019-02-26,252.0,-1.9082%,0.0003,1.6075,0.0611,-1.3394,3.2224%,3.8857%,31.2299%,-0.020438,OLED,77610.0,2019-02-27,252.0,3.1291%,0.0004,1.6125,0.0602,-1.3385,3.2265%,3.8901%,31.2073%,0.0280209999999999,OLED,77610.0,2019-02-28,252.0,0.1812%,0.0004,1.6166,0.0631,-1.3362,3.2261%,3.8892%,31.1948%,0.003353,OLED,77610.0,2019-03-01,252.0,2.1040%,0.0004,1.6244,0.0748,-1.3256,3.2253%,3.8911%,31.2965%,0.003783,OLED,77610.0,2019-03-04,252.0,0.3544%,0.0005,1.6154,0.0896,-1.3198,3.2256%,3.8852%,31.0693%,0.01737,OLED,77610.0,2019-03-05,252.0,0.0981%,0.0006,1.6234,0.1517,-1.3142,3.2177%,3.8836%,31.3511%,0.000747,OLED,77610.0,2019-03-06,252.0,-1.6594%,0.0008,1.645,0.1362,-1.2919,3.2080%,3.8817%,31.6966%,-0.00061,OLED,77610.0,2019-03-07,252.0,-1.6342%,0.0007,1.6467,0.1288,-1.2918,3.2080%,3.8825%,31.7269%,-0.0071109999999999,OLED,0.2031059999999999,0.2088929999999999,0.1884549999999999,0.2198289999999999,0.2340079999999999
6171,UNIVERSAL DISPLAY CORP,"Universal Display Q4 EPS $0.40 Beats $0.31 Estimate, Sales $70.1M Miss $70.14M Estimate",6,uncertain,0.6,0.2,"while the earnings per share (eps) beat estimates, the sales miss could lead to mixed investor reactions, making the overall impact on the stock price uncertain.",1,2019-02-21,OLED,2019-02-21 21:09:00+00:00,77610.0,91347P10,-0.0039511863142251,1216497.0,0.2303342372179031,0.0027819438837468,0.0102215148508548,0.0010971801821142,-0.0190818794071674,0.0095424307510256,0.0312911346554756,-0.0023799301125109,0.0018124741036444,0.0083997892215847,0.0210399311035871,0.033209353685379,0.003543728031218,0.0199620556086301,0.0009809649782255,0.0059972377493977,-0.0165937710553407,-0.0071273306384682,-0.0163422003388404,0.0134405558928847,-0.003917078487575,0.0267555974423885,0.0305105410516262,0.0187452100217342,0.0186196565628051,0.0070306821726262,0.0061361379921436,0.0081561701372265,-0.0055851652286946,0.0082231648266315,0.0084625165909528,-0.0014662905596196,0.0096086096018552,-0.0008789563435129,0.0051392521709203,0.0357070490717887,-0.0155914733186364,0.0410699397325515,0.0363577976822853,0.0083890939131379,-0.045229535549879,-0.0583941973745822,0.0066748675890266,0.0267967209219932,0.0045062247663736,0.0120532382279634,-0.0289668627083301,0.0027088404167443,0.0042898221872746,0.0301599781960248,0.004468738567084,-0.0254184138029813,0.036048375070095,0.0254209488630294,0.0090932203456759,0.0620870888233184,0.0344805642962455,0.0063051176257431,-0.0113120507448911,0.0314532779157161,0.003120377426967,0.0180570594966411,0.0100030461326241,0.0474089309573173,-0.007488315925002,-0.1299912929534912,0.0161848999559879,-0.0257560759782791,0.005149396136403,0.0143089396879077,0.0160839483141899,0.0119569581001997,0.0121357329189777,0.0177515242248773,0.0011584623716771,0.0796769633889198,-0.0150427613407373,-0.0365811362862587,-0.0074013727717101,-0.0509203411638736,-0.0041424841620028,-0.023042956367135,0.0222842879593372,-0.0342138186097145,-0.0041853236034512,0.0117845404893159,-0.0465238541364669,-0.0002103581209667,0.029631420969963,-0.0144116068258881,-0.0580924563109874,-0.0056666042655706,0.007512167096138,0.0109363133087754,-0.0142230838537216,0.0073445029556751,-0.0046399016864597,-0.0007339033181779,0.0876755788922309,-0.0325590744614601,0.0292373374104499,0.0745503678917884,-0.0239005330950021,-0.0411746501922607,-0.0132654812186956,0.0419207997620105,-0.0056855594739317,0.0028389878571033,-0.0194770637899637,0.0136137614026665,-0.0455594733357429,0.0034428872168064,0.0399058312177658,-0.0136926276609301,0.0217271745204925,0.0365618392825126,-0.0225829891860485,0.0031894154381006,-0.0067413793876767,0.0114055052399635,0.2303342372179031,0.0027819438837468,0.242910116895141,0.003882176359558,0.2191930559305996,0.013461652509658,0.2596218916235455,0.0195422888482068,0.2497468229746391,0.0875925231201981,0.3803644461972428,0.4065271136061208,0.3687938834010997,0.3712441176097645,2019-02-22,2019-02-25,2019-02-26,2019-02-27,2019-02-28,2019-03-01,2019-03-04,2019-03-05,2019-03-06,2019-03-07,77610.0,2019-02-21,252.0,-0.3951%,-0.0012,1.5254,0.0686,-1.0774,3.1785%,3.7446%,27.9497%,-0.000998,OLED,77610.0,2019-02-22,252.0,23.0334%,-0.0005,1.4944,0.1479,-1.3764,3.4225%,4.0110%,27.1909%,0.2041039999999999,OLED,77610.0,2019-02-25,252.0,1.0222%,-0.0004,1.4932,0.1436,-1.3831,3.4222%,4.0113%,27.2182%,0.005787,OLED,77610.0,2019-02-26,252.0,-1.9082%,0.0003,1.6075,0.0611,-1.3394,3.2224%,3.8857%,31.2299%,-0.020438,OLED,77610.0,2019-02-27,252.0,3.1291%,0.0004,1.6125,0.0602,-1.3385,3.2265%,3.8901%,31.2073%,0.0280209999999999,OLED,77610.0,2019-02-28,252.0,0.1812%,0.0004,1.6166,0.0631,-1.3362,3.2261%,3.8892%,31.1948%,0.003353,OLED,77610.0,2019-03-01,252.0,2.1040%,0.0004,1.6244,0.0748,-1.3256,3.2253%,3.8911%,31.2965%,0.003783,OLED,77610.0,2019-03-04,252.0,0.3544%,0.0005,1.6154,0.0896,-1.3198,3.2256%,3.8852%,31.0693%,0.01737,OLED,77610.0,2019-03-05,252.0,0.0981%,0.0006,1.6234,0.1517,-1.3142,3.2177%,3.8836%,31.3511%,0.000747,OLED,77610.0,2019-03-06,252.0,-1.6594%,0.0008,1.645,0.1362,-1.2919,3.2080%,3.8817%,31.6966%,-0.00061,OLED,77610.0,2019-03-07,252.0,-1.6342%,0.0007,1.6467,0.1288,-1.2918,3.2080%,3.8825%,31.7269%,-0.0071109999999999,OLED,0.2031059999999999,0.2088929999999999,0.1884549999999999,0.2198289999999999,0.2340079999999999
6179,O S I SYSTEMS INC,OSI Systems Wins $8M In Order For Patient Monitoring Solutions,6,increase,0.8,0.6,"the $8m order for patient monitoring solutions is likely to positively impact osi systems' revenue and investor sentiment, suggesting a potential increase in stock price.",2,2019-02-21,OSIS,2019-02-21 13:33:00+00:00,85488.0,67104410,0.01423248834908,183521.0,-0.0024501751177012,0.0111935548484325,-0.0204309690743684,-0.0077071324922144,-0.0101435994729399,0.0089194560423493,0.0035694323014467,-0.0045532332733273,-0.0035567367449402,0.0156069183722138,0.0094415629282593,-0.0009240220533683,-0.0118626775220036,-0.0014992187498137,-0.0056562148965895,-0.0031042108312249,-0.0110285226255655,-0.0133847575634717,-0.0030520264990627,0.0038716006092727,-0.002237165113911,0.0050355051644146,0.0233656298369169,-0.0197442471981048,-0.0129151605069637,-0.0061322669498622,0.0148364985361695,0.0128740752115845,-0.0013814060948789,0.0007911357679404,-0.0085302349179983,0.0289569199085235,-0.0022090738639235,-0.0008133825031109,0.015963677316904,0.134757399559021,-0.0071109384298324,0.028478417545557,0.0167494155466556,-0.0005421647801995,-0.0277209151536226,-0.0380703806877136,-0.0009348192252218,-0.0075051998719573,0.0030409607570618,0.0086138872429728,0.0033815405331552,0.0138944434002041,0.0068564359098672,0.0081376815214753,0.011080321855843,-0.0208986215293407,0.0132420510053634,0.0161932744085788,0.0018025690224021,0.031630802899599,0.0094467382878065,0.022972397506237,0.0001113469988922,-0.0116295712068676,0.0102484775707125,-0.0042734704911708,-0.0190760102123022,0.0274787880480289,-0.0038219012785702,-0.0180807095021009,0.000564155052416,-0.0190996099263429,-0.0075560864061117,-0.0001363321061944,0.0054545835591852,0.0068671889603137,-0.0020343614742159,0.0176099855452776,-0.0030578058212995,0.0431550778448581,-0.013404524885118,-0.0259869620203971,-0.0040299193933606,-0.0185366105288267,-0.0052022766321897,-0.0076072341762483,0.0149912051856517,0.0002767608384601,0.0127089610323309,-0.002208774909377,-0.0301865264773368,-0.000827552517876,0.0339240357279777,-0.0188117399811744,0.0032698265276849,-0.007655113004148,0.0129241831600666,0.0030984201002866,0.1339176744222641,0.0117214201018214,-0.0159490928053855,0.0097715258598327,0.0335090272128582,0.0122597506269812,-0.0094285486266016,0.0188786648213863,-0.0031080001499503,-0.0241031367331743,-0.0024356977082788,-0.0029005396645516,0.006934261880815,0.0022148902062326,0.0112512484192848,0.0026369853876531,-0.0065221590921282,0.0072697368450462,0.0007723675225861,-0.0084557887166738,0.0042445957660675,-0.0102894771844148,0.00451490143314,0.0034416299313306,-0.021325459703803,0.0160861872136592,-0.0024501751177012,0.0111935548484325,-0.0228310847400132,0.0034001521459423,-0.0327430948338177,0.0123499356958947,-0.0327430948091707,0.0234681935445388,-0.0541263014960837,0.008084708233786,-0.0002227906187173,0.2256679255760805,0.1397705226444996,0.2383550291807743,2019-02-22,2019-02-25,2019-02-26,2019-02-27,2019-02-28,2019-03-01,2019-03-04,2019-03-05,2019-03-06,2019-03-07,85488.0,2019-02-21,252.0,1.4232%,0.0012,0.8211,0.8537,-0.0202,1.4423%,1.7576%,32.6627%,0.01773,OSIS,85488.0,2019-02-22,252.0,-0.2450%,0.0011,0.8236,0.8374,-0.0046,1.4437%,1.7560%,32.4111%,-0.01288,OSIS,85488.0,2019-02-25,252.0,-2.0431%,0.0011,0.8226,0.8466,-0.0037,1.4483%,1.7605%,32.3206%,-0.019598,OSIS,85488.0,2019-02-26,252.0,-1.0144%,0.0011,0.8247,0.8509,0.0001,1.4485%,1.7614%,32.3686%,-0.003521,OSIS,85488.0,2019-02-27,252.0,0.3569%,0.0011,0.8248,0.8509,0.0001,1.4485%,1.7612%,32.3544%,0.001111,OSIS,85488.0,2019-02-28,252.0,-0.3557%,0.001,0.8299,0.8543,0.0044,1.4476%,1.7613%,32.4543%,-0.00127,OSIS,85488.0,2019-03-01,252.0,0.9442%,0.0011,0.8262,0.8488,-0.0013,1.4471%,1.7579%,32.2397%,0.000917,OSIS,85488.0,2019-03-04,252.0,-1.1863%,0.0011,0.8195,0.8756,-0.0007,1.4441%,1.7566%,32.4188%,-0.0042559999999999,OSIS,85488.0,2019-03-05,252.0,-0.5656%,0.0011,0.8196,0.8741,0.0004,1.4441%,1.7537%,32.1866%,-0.00164,OSIS,85488.0,2019-03-06,252.0,-1.1029%,0.0011,0.8151,0.8642,-0.006,1.4443%,1.7545%,32.2280%,0.0067789999999999,OSIS,85488.0,2019-03-07,252.0,-0.3052%,0.001,0.8102,0.8459,-0.0178,1.4415%,1.7486%,32.0335%,0.004127,OSIS,0.0048499999999999,-0.014748,-0.018269,-0.018428,-0.012501
6187,PAN AMERICAN SILVER CORP,"Pan American Silver Late Wednesday Reported Q4 EPS $(0.01) Misses $0.04 Estimate, Sales $173.357M Miss $188.54M Estimate",6,decrease,0.8,0.7,"the company reported a loss per share and lower sales than expected, which typically leads to a negative reaction in stock prices.",0,2019-02-21,PAAS,2019-02-21 14:32:00+00:00,81734.0,69790010,-0.0333333164453506,7133875.0,0.005629832856357,-0.0251989476382732,-0.0195941030979156,0.0421561598777771,0.0035688928328454,0.0083623612299561,-0.0277382880449295,0.0123456921428442,-0.0226774271577596,-0.0094339782372117,-0.0475299470126628,-0.0083159999921917,0.0078802509233355,-0.0230196435004472,0.004691198002547,0.0140748973935842,-0.028015611693263,-0.0172064863145351,0.0200160127133131,-0.0073677566833794,0.0321820937097072,0.0053872000426054,-0.0250950511544942,0.0060975709930062,0.0218409281224012,-0.0100603364408016,0.0076335440389811,0.0129075795412063,-0.0303030014038085,0.020804451778531,0.0390625,0.0176429077982902,-0.03007522970438,0.0253256428986787,-0.000775137625169,0.0406626500189304,0.0310317780822515,-0.0037509519606828,0.0045147044584155,0.0106141278520226,0.0007490093703381,-0.0698166936635971,0.0276946034282445,-0.0213940292596817,0.0029133951757103,-0.0068540358915925,-0.012345683760941,0.0027491382788866,-0.0213235262781381,-0.026755828410387,-0.0045079202391207,-0.0033333459869027,-0.0241509210318327,-0.0039840913377702,0.0007733391248621,-0.0252426788210868,0.0092736352235078,0.0211500134319067,0.0206737741827964,0.0006613907753489,-0.0052512898109853,0.0106951771304011,0.0128205185756087,0.0101282652467489,0.0037229512818157,0.011612026952207,-0.0014836427289992,0.0027397233061492,-0.0141158681362867,0.0096819046884775,-0.0007535967160947,-0.0089102201163768,0.0075414348393678,0.0117891868576407,-0.0232035536319017,-0.0027662490028887,-0.0130268251523375,0.0299145355820655,-0.0170807652175426,-0.024322472512722,-0.0142180332913994,0.0450254082679748,-0.0104165999218821,-0.0581394955515861,0.0186234433203935,0.0159832891076803,0.0031796472612768,0.0249288026243448,0.0277337860316038,-0.0105707980692386,-0.0208173058927059,0.0056697325780987,0.0007874196162447,0.0355963036417961,-0.0220298767089843,-0.0047479607164859,-0.0474658198654651,-0.0108381919562816,0.0114020463079214,0.0343796722590923,-0.0012526381760835,0.0105740446597337,0.0259197670966386,-0.0015083301113918,-0.0220049265772104,0.0279070250689983,-0.0158332977443933,0.0015527565265074,-0.0313294529914856,-0.0137825654819607,0.0209790859371423,0.0414673425257206,-0.0265411306172609,-0.0218408536165952,-0.023746658116579,-0.0273141581565141,-0.0234234426170587,-0.0421511568129062,0.0064575364813208,0.0408471971750259,0.005629832856357,-0.0251989476382732,-0.01407458176697,0.015894921374113,-0.010555919608118,0.0243902016783212,-0.0598170575893708,0.027253623180163,-0.1009755370568081,-0.0154052592287622,-0.0593409499589213,-0.0277777850779165,-0.2301132661570787,0.1119515468976839,2019-02-22,2019-02-25,2019-02-26,2019-02-27,2019-02-28,2019-03-01,2019-03-04,2019-03-05,2019-03-06,2019-03-07,81734.0,2019-02-21,252.0,-3.3333%,-0.0002,0.1326,0.749,0.3021,2.2517%,2.2846%,2.8554%,-0.031739,PAAS,81734.0,2019-02-22,252.0,0.5630%,0.0,0.1292,0.8204,0.3261,2.2279%,2.2666%,3.3876%,0.004989,PAAS,81734.0,2019-02-25,252.0,-1.9594%,-0.0002,0.1339,0.8335,0.3504,2.2164%,2.2568%,3.5471%,-0.017168,PAAS,81734.0,2019-02-26,252.0,0.3569%,-0.0001,0.1346,0.8185,0.3433,2.2172%,2.2566%,3.4624%,0.010174,PAAS,81734.0,2019-02-27,252.0,-2.7738%,-0.0003,0.1311,0.816,0.3426,2.2243%,2.2632%,3.4068%,-0.029103,PAAS,81734.0,2019-02-28,252.0,-2.2677%,-0.0003,0.1257,0.8116,0.3437,2.2254%,2.2637%,3.3488%,-0.021677,PAAS,81734.0,2019-03-01,252.0,-4.7530%,-0.0005,0.1156,0.7964,0.3508,2.2469%,2.2830%,3.1372%,-0.049504,PAAS,81734.0,2019-03-04,252.0,0.7880%,-0.0005,0.1179,0.779,0.3524,2.2473%,2.2818%,2.9970%,0.010209,PAAS,81734.0,2019-03-05,252.0,0.4691%,-0.0004,0.1181,0.7856,0.3493,2.2476%,2.2820%,2.9960%,0.008062,PAAS,81734.0,2019-03-06,252.0,-2.8016%,-0.0004,0.1282,0.8178,0.3651,2.2497%,2.2882%,3.3381%,-0.017354,PAAS,81734.0,2019-03-07,252.0,2.0016%,-0.0004,0.1143,0.7954,0.3403,2.2529%,2.2886%,3.0905%,0.022754,PAAS,-0.02675,-0.043918,-0.033744,-0.084524,-0.110357
6195,P G & E CORP,"PG&E to Extend Deadline for Receipt of Written Notice by Shareholder of Any Business to Be Brought Before 2019 Annual Meeting to March 1, 2019 from Feb. 21, 2019",6,uncertain,0.5,0.1,"the extension of the deadline for shareholder notice may have neutral implications, as it could allow for more participation but does not directly indicate a positive or negative impact on the company's performance.",1,2019-02-21,PCG,2019-02-21 11:12:00+00:00,13688.0,69331C10,0.065348744392395,22164028.0,-0.0324741825461387,0.0264937616884708,-0.0063932249322533,0.1459948569536209,-0.0069704647175967,0.0006463655736297,-0.0388769544661045,0.0170940328389406,-0.0432583466172218,-0.0142579562962055,0.0516734644770622,0.0767620652914047,0.0078168278560042,0.0091549381613731,0.0144044458866119,0.0099572818726301,0.0027308107819408,0.0285296514630317,0.0386709719896316,-0.0291193071752786,0.0167802665382623,0.0594431869685649,-0.0005157415871508,0.0160550493746995,-0.0082559268921613,0.0061538401059806,0.0124869812279939,-0.049012441188097,0.0025694319047033,-0.0228734593838453,0.0071757757104933,0.1648625731468201,-0.0111958943307399,0.0203908029943704,-0.0185280796140432,-0.1562723517417908,0.0005243958439677,0.7459324598312378,-0.0015723630785942,0.0376623347401619,0.0194226168096065,0.0650068894028663,-0.0623069517314434,0.1367924362421036,-0.014277777634561,-0.0953058376908302,-0.0150418076664209,0.0173661895096302,-0.0243212841451168,-0.1754176914691925,0.0318840146064758,-0.5235929489135742,0.0117978090420365,-0.0095720766112208,-0.019433669745922,-0.0039259502664208,0.0458663366734981,0.0153758805245161,0.0211153924465179,-0.0733509883284568,0.0270413681864738,-0.223360612988472,0.0160041023045778,0.0187890958040952,-0.0436992160975933,0.0063025853596627,0.002656809054315,0.0021052309311926,0.0137783950194716,-0.0058601670898497,0.206482008099556,0.0122880935668945,0.0277296099811792,0.0115731013938784,-0.0615513958036899,0.0077753914520144,-0.0184186808764934,0.0175824016332626,-0.0389016196131706,-0.0461216084659099,0.0190476011484861,0.0042105424217879,0.0060748164542019,0.031711533665657,0.0650255233049392,-0.0581014752388,0.0069777518510818,-0.0603613853454589,0.0138587998226285,-0.0188608076423406,0.0004271776706445,0.0045472090132534,-0.0384286753833293,0.0126630822196602,-0.036412063986063,0.0065662451088428,-0.0341014601290226,0.0038774125277996,0.0252862926572561,-0.0092201214283704,-0.0069799730554223,-0.0269158612936735,-0.0159325283020734,-0.0132792545482516,-0.0352380834519863,0.0276725348085165,-0.0449160821735858,-0.0142003390938043,-0.0387596897780895,-0.0254915840923786,-0.0198925174772739,0.0181683264672756,0.0071311611682176,0.0736464336514473,-0.0163399316370487,0.0536913052201271,0.0060908421874046,-0.0189300049096345,-0.0632911175489425,0.0336026810109615,-0.0324741825461387,0.0264937616884708,-0.0386597927248836,0.1763565715899633,-0.045360780721302,0.1771169279801521,-0.122164893269698,0.1801684277188773,-0.0170103048031202,0.2933238147299739,-0.0278350013490595,-0.0390501888062079,-0.1226803767741184,-0.2254360053859833,2019-02-22,2019-02-25,2019-02-26,2019-02-27,2019-02-28,2019-03-01,2019-03-04,2019-03-05,2019-03-06,2019-03-07,13688.0,2019-02-21,252.0,6.5349%,0.0,0.5978,0.2393,0.3925,7.6159%,7.6382%,0.5822%,0.068683,PCG,13688.0,2019-02-22,252.0,-3.2474%,-0.0001,0.6022,0.24,0.4451,7.6184%,7.6408%,0.5860%,-0.032006,PCG,13688.0,2019-02-25,252.0,-0.6393%,-0.0001,0.6033,0.244,0.4513,7.6183%,7.6408%,0.5882%,-0.005971,PCG,13688.0,2019-02-26,252.0,-0.6970%,-0.0002,0.5927,0.2583,0.4506,7.6174%,7.6391%,0.5675%,-0.003055,PCG,13688.0,2019-02-27,252.0,-3.8877%,-0.0003,0.5948,0.243,0.4508,7.6213%,7.6430%,0.5667%,-0.03946,PCG,13688.0,2019-02-28,252.0,-4.3258%,-0.0005,0.5965,0.2428,0.4614,7.6251%,7.6467%,0.5655%,-0.040436,PCG,13688.0,2019-03-01,252.0,5.1673%,-0.0004,0.6257,0.2863,0.484,7.6288%,7.6526%,0.6210%,0.0484309999999999,PCG,13688.0,2019-03-04,252.0,0.7817%,-0.0004,0.6287,0.2667,0.4854,7.6288%,7.6527%,0.6224%,0.010238,PCG,13688.0,2019-03-05,252.0,1.4404%,-0.0002,0.6298,0.2871,0.4796,7.6288%,7.6528%,0.6270%,0.017375,PCG,13688.0,2019-03-06,252.0,0.2731%,-0.0003,0.6123,0.2742,0.4581,7.6277%,7.6504%,0.5943%,0.0113569999999999,PCG,13688.0,2019-03-07,252.0,3.8671%,-0.0002,0.5897,0.2527,0.4219,7.6329%,7.6540%,0.5511%,0.045306,PCG,0.0366769999999999,0.0307059999999999,0.0276509999999999,-0.052245,0.0804619999999999
6203,PEPSICO INC,"Macquarie Believes Co.'s Incremental Investments In Marketing, Distribution And Capacity Will Drive Best-In-Class Long-Term Sales Growth; Says Investors Should Expect An Acceleration, Not Only In Beverages, But Also In Already Fast-Growing Snacks Business",6,increase,0.8,0.7,"the positive outlook on pepsico inc's investments in marketing and distribution, along with expected growth in both beverages and snacks, suggests strong future performance, likely leading to an increase in stock price.",2,2019-02-21,PEP,2019-02-21 12:44:00+00:00,13856.0,71344810,0.0023309732787311,4826545.0,0.0056847860105335,-0.0008625763002783,-0.0059952428564429,0.0001725187030388,-0.0007754294201731,0.0294875875115394,-0.005173738580197,-0.0134069956839084,0.0103796189650893,0.0029000951908528,0.0046696723438799,0.0072585614398121,-8.609172073192894e-05,-0.0003981610352639,-0.001205125125125,-0.0006631616270169,0.0054296725429594,0.0003537663433235,-0.0048003187403082,0.0013286229223012,-0.0074934982694685,-0.0016800320008769,0.011802420951426,0.0080220503732562,-0.0001715125108603,-0.0042601912282407,8.580368739785627e-05,0.0166937243193388,-0.0092640398070216,0.0166972447186708,0.0013853131094947,0.0016541104996576,0.0139200491830706,-0.0048468108288943,0.0069924080744385,-0.0013698769034817,0.0019476955058053,-0.011108131147921,0.00946587882936,0.0074606467969715,0.0107166673988103,-0.0014535844093188,0.001076849293895,0.0077824434265494,0.0096814082935452,0.0081226220354437,-0.0010653766803443,-0.0059638638049364,-0.0004102309758309,0.0155609222128987,0.005827369634062,-0.0077663087286055,-0.0044879890047013,9.24839187064208e-05,-0.0026229482609778,0.006140140350908,-0.0009862158913165,-0.027943605557084,-0.0007403449853882,0.0095864422619342,0.0012348853051662,-0.0085988827049732,0.0031244633719325,0.0205061994493007,0.001393427606672,-0.0093337912112474,-0.0010640685213729,-0.0108617357909679,-0.0030318154022097,0.001087375334464,0.0046026562340557,0.008590773679316,0.0116992574185133,0.0100618144497275,-0.0101083610206842,0.0216920021921396,0.0375786162912845,-0.030981533229351,0.0006298259831964,-0.0071681421250104,-0.0051144380122423,0.0015448761405423,0.0051407297141849,-0.0160943809896707,-0.0013376204296946,-0.0091255996376276,-0.0062244008295238,-0.0094777904450893,0.0021406824234873,-0.0371778756380081,0.0022943110670894,0.0115384487435221,0.0107348691672086,-0.0024725117255002,-0.0063256942667067,0.0094672385603189,-0.0032222259324043,0.0031946359667927,0.0066230096854269,-0.0087298583239316,-0.0031330895144492,-0.0002759482595138,-0.0101358788087964,-0.0099176354706287,0.0003174574230797,-0.0242742244154214,0.0002381083177169,0.0310307424515485,0.0155493170022964,-0.0019409565720707,-0.0066400351934134,0.0176914930343627,0.0019660270772874,0.0050060576759278,0.0152264526113867,0.0038991156034171,0.0071124709211289,0.0011277315206825,0.0018422524444758,-0.0062069068662822,0.0056847860105335,-0.0008625763002783,-0.0003445385186293,-0.000690206407784,-0.0011197007734987,0.0287770285819048,0.0040267092775507,0.0179277702534765,0.008020581371416,0.0259521731606999,0.0546448135844732,0.0575185166971745,0.1331331800762947,0.0064610707712555,2019-02-22,2019-02-25,2019-02-26,2019-02-27,2019-02-28,2019-03-01,2019-03-04,2019-03-05,2019-03-06,2019-03-07,13856.0,2019-02-21,252.0,0.2331%,0.0004,0.4219,-0.4794,0.0739,1.0339%,1.1455%,18.5331%,0.003679,PEP,13856.0,2019-02-22,252.0,0.5685%,0.0004,0.4206,-0.4664,0.0698,1.0332%,1.1426%,18.2288%,0.006566,PEP,13856.0,2019-02-25,252.0,-0.5995%,0.0004,0.422,-0.461,0.0778,1.0319%,1.1411%,18.2313%,-0.007813,PEP,13856.0,2019-02-26,252.0,-0.0775%,0.0004,0.4255,-0.4599,0.081,1.0316%,1.1409%,18.2420%,-0.002894,PEP,13856.0,2019-02-27,252.0,-0.5174%,0.0003,0.4236,-0.458,0.0807,1.0318%,1.1393%,17.9812%,-0.004686,PEP,13856.0,2019-02-28,252.0,1.0380%,0.0004,0.4232,-0.4579,0.0777,1.0341%,1.1411%,17.8616%,0.011886,PEP,13856.0,2019-03-01,252.0,0.4670%,0.0004,0.4189,-0.4642,0.0698,1.0331%,1.1393%,17.7792%,0.003172,PEP,13856.0,2019-03-04,252.0,-0.0086%,0.0004,0.4199,-0.4668,0.0695,1.0330%,1.1382%,17.6370%,-0.000127,PEP,13856.0,2019-03-05,252.0,-0.1205%,0.0004,0.4178,-0.4846,0.0688,1.0307%,1.1372%,17.8392%,-0.001862,PEP,13856.0,2019-03-06,252.0,0.5430%,0.0004,0.4186,-0.491,0.0689,1.0306%,1.1374%,17.8942%,0.002715,PEP,13856.0,2019-03-07,252.0,-0.4800%,0.0004,0.4188,-0.4937,0.0684,1.0306%,1.1379%,17.9725%,-0.001575,PEP,0.010245,0.002432,-0.0004619999999999,0.006738,0.009061
6211,PHOTRONICS INC,"Photronics Sees Q2 EPS $0.03-$0.10 vs $0.10 Estimate, Sales $125M-$135M vs $134.4M Est.",6,decrease,0.7,0.6,"the company's earnings per share (eps) and sales guidance both fall short of analyst estimates, which is likely to lead to a negative reaction in the stock price.",0,2019-02-21,PLAB,2019-02-21 11:09:00+00:00,11154.0,71940510,-0.0773966684937477,1814065.0,-0.0038131517358124,-0.0026315555442124,-0.0162679497152566,-0.0026247319765388,-0.0301555916666984,0.0008756768074817,-0.0140421604737639,0.0133096370846033,-0.0020345374941825,0.0226860251277685,0.007135544437915,0.0110092516988515,0.0050607481971383,0.014897565357387,-0.0151057969778776,-0.0027855790685862,-0.0020449392031878,-0.0226860251277685,-0.0143442973494529,0.0279850922524929,-0.003118475433439,-0.0101569397374987,0.0104274684563279,0.0046382369473576,-0.0268317125737667,0.0084190974012017,-0.002120939316228,-0.0055814343504607,-0.0255047585815191,0.0151085788384079,0.0098146293312311,0.0066539631225168,0.0043196501210331,0.0038168814498931,0.0086021423339843,0.0155038619413971,-0.0053305109031498,0.0445343703031539,0.0117898881435394,0.0030456581152975,-0.037076212465763,-0.0408958196640014,0.0176017433404922,0.004892386496067,0.0075675346888601,-0.0201342310756444,-0.0032188554760068,0.0057859616354107,0.0150700043886899,-0.0076554953120648,0.002120838034898,-0.0028625701088458,0.0137566262856125,0.0096338558942079,-0.0020876310300081,-0.0019230293110013,-0.0020920978859066,0.0579857267439365,0.0020964839495718,-0.0020305032376199,-0.0010460489429533,0.0175619907677173,0.010471143759787,0.0221752934157848,-0.0103626353666186,-0.0316972881555557,-0.0020942888222634,0.010330518707633,-0.0220356807112693,-0.0010319169377908,-0.0118025382980704,0.0072764754295349,-0.0130293034017086,0.0083857364952564,0.024202449247241,0.0403489507734775,0.015037527307868,-0.0010893495054915,-0.0074073751457035,-0.0275422967970371,-0.0191897973418235,0.009625582024455,0.0217391103506088,-0.0517240650951862,0.0159575082361698,-0.002024337882176,-0.0188481993973255,-0.0217822045087814,0.0064034601673483,0.007984023541212,0.0,0.0569621250033378,-0.0095440242439508,-0.0104384534060955,-0.002141376491636,0.0492880381643772,0.0042918417602777,0.0077262353152036,0.0256411042064428,-0.0493178740143775,-0.0052083530463278,0.0192512664943933,0.0010471444111317,-0.0517240650951862,-0.0041840961202979,0.0164948292076587,-0.0126051297411322,0.006224010605365,-0.0053190682083368,-0.0233028922230005,-0.0427808091044426,0.0206825025379657,-0.0055866134352982,-0.0030927560292184,-0.0067415134981274,0.0,0.0090497648343443,0.0051813670434057,-0.0246637072414159,0.003118475433439,-0.0038131517358124,-0.0026315555442124,-0.0200190692903742,-0.0052493803927664,-0.0495709740780048,-0.0043783003459482,-0.0648235813738672,0.0317603828113528,-0.0829361205890775,0.060634291587013,-0.0886558049344785,0.1543146642380488,-0.1706387057048343,0.1819126779007969,2019-02-22,2019-02-25,2019-02-26,2019-02-27,2019-02-28,2019-03-01,2019-03-04,2019-03-05,2019-03-06,2019-03-07,11154.0,2019-02-21,252.0,-7.7397%,0.0013,1.1402,1.014,0.4375,2.0638%,2.4058%,26.4088%,-0.071722,PLAB,11154.0,2019-02-22,252.0,-0.3813%,0.0013,1.1413,1.0276,0.4629,2.0637%,2.4055%,26.3978%,-0.01047,PLAB,11154.0,2019-02-25,252.0,-1.6268%,0.0012,1.1422,1.0362,0.4705,2.0657%,2.4079%,26.4013%,-0.014575,PLAB,11154.0,2019-02-26,252.0,-3.0156%,0.0012,1.1512,1.0573,0.488,2.0695%,2.4159%,26.6176%,-0.020243,PLAB,11154.0,2019-02-27,252.0,-1.4042%,0.001,1.1373,1.0768,0.4856,2.0636%,2.4062%,26.4495%,-0.016602,PLAB,11154.0,2019-02-28,252.0,-0.2035%,0.001,1.1351,1.0753,0.4837,2.0635%,2.4030%,26.2646%,0.0023899999999999,PLAB,11154.0,2019-03-01,252.0,0.7136%,0.001,1.1374,1.0787,0.4888,2.0633%,2.4017%,26.1946%,-0.002311,PLAB,11154.0,2019-03-04,252.0,0.5061%,0.001,1.1428,1.0497,0.4899,2.0627%,2.4007%,26.1806%,0.0132939999999999,PLAB,11154.0,2019-03-05,252.0,-1.5106%,0.001,1.1473,1.0781,0.4967,2.0620%,2.4027%,26.3481%,-0.008823,PLAB,11154.0,2019-03-06,252.0,-0.2045%,0.001,1.1378,1.0383,0.4806,2.0657%,2.4017%,26.0245%,0.020887,PLAB,11154.0,2019-03-07,252.0,-1.4344%,0.001,1.1366,1.0248,0.4752,2.0644%,2.3989%,25.9436%,-0.002792,PLAB,-0.082192,-0.096767,-0.11701,-0.131222,-0.110967
6219,PHOTRONICS INC,"Photronics Q1 EPS $0.08 Beats $0.05 Estimate, Sales $124.712M Miss $125.1M Estimate",6,uncertain,0.6,0.3,"while the earnings per share (eps) beat estimates, the sales miss could lead to mixed investor reactions, making the overall impact on the stock price uncertain.",1,2019-02-21,PLAB,2019-02-21 11:09:00+00:00,11154.0,71940510,-0.0773966684937477,1814065.0,-0.0038131517358124,-0.0026315555442124,-0.0162679497152566,-0.0026247319765388,-0.0301555916666984,0.0008756768074817,-0.0140421604737639,0.0133096370846033,-0.0020345374941825,0.0226860251277685,0.007135544437915,0.0110092516988515,0.0050607481971383,0.014897565357387,-0.0151057969778776,-0.0027855790685862,-0.0020449392031878,-0.0226860251277685,-0.0143442973494529,0.0279850922524929,-0.003118475433439,-0.0101569397374987,0.0104274684563279,0.0046382369473576,-0.0268317125737667,0.0084190974012017,-0.002120939316228,-0.0055814343504607,-0.0255047585815191,0.0151085788384079,0.0098146293312311,0.0066539631225168,0.0043196501210331,0.0038168814498931,0.0086021423339843,0.0155038619413971,-0.0053305109031498,0.0445343703031539,0.0117898881435394,0.0030456581152975,-0.037076212465763,-0.0408958196640014,0.0176017433404922,0.004892386496067,0.0075675346888601,-0.0201342310756444,-0.0032188554760068,0.0057859616354107,0.0150700043886899,-0.0076554953120648,0.002120838034898,-0.0028625701088458,0.0137566262856125,0.0096338558942079,-0.0020876310300081,-0.0019230293110013,-0.0020920978859066,0.0579857267439365,0.0020964839495718,-0.0020305032376199,-0.0010460489429533,0.0175619907677173,0.010471143759787,0.0221752934157848,-0.0103626353666186,-0.0316972881555557,-0.0020942888222634,0.010330518707633,-0.0220356807112693,-0.0010319169377908,-0.0118025382980704,0.0072764754295349,-0.0130293034017086,0.0083857364952564,0.024202449247241,0.0403489507734775,0.015037527307868,-0.0010893495054915,-0.0074073751457035,-0.0275422967970371,-0.0191897973418235,0.009625582024455,0.0217391103506088,-0.0517240650951862,0.0159575082361698,-0.002024337882176,-0.0188481993973255,-0.0217822045087814,0.0064034601673483,0.007984023541212,0.0,0.0569621250033378,-0.0095440242439508,-0.0104384534060955,-0.002141376491636,0.0492880381643772,0.0042918417602777,0.0077262353152036,0.0256411042064428,-0.0493178740143775,-0.0052083530463278,0.0192512664943933,0.0010471444111317,-0.0517240650951862,-0.0041840961202979,0.0164948292076587,-0.0126051297411322,0.006224010605365,-0.0053190682083368,-0.0233028922230005,-0.0427808091044426,0.0206825025379657,-0.0055866134352982,-0.0030927560292184,-0.0067415134981274,0.0,0.0090497648343443,0.0051813670434057,-0.0246637072414159,0.003118475433439,-0.0038131517358124,-0.0026315555442124,-0.0200190692903742,-0.0052493803927664,-0.0495709740780048,-0.0043783003459482,-0.0648235813738672,0.0317603828113528,-0.0829361205890775,0.060634291587013,-0.0886558049344785,0.1543146642380488,-0.1706387057048343,0.1819126779007969,2019-02-22,2019-02-25,2019-02-26,2019-02-27,2019-02-28,2019-03-01,2019-03-04,2019-03-05,2019-03-06,2019-03-07,11154.0,2019-02-21,252.0,-7.7397%,0.0013,1.1402,1.014,0.4375,2.0638%,2.4058%,26.4088%,-0.071722,PLAB,11154.0,2019-02-22,252.0,-0.3813%,0.0013,1.1413,1.0276,0.4629,2.0637%,2.4055%,26.3978%,-0.01047,PLAB,11154.0,2019-02-25,252.0,-1.6268%,0.0012,1.1422,1.0362,0.4705,2.0657%,2.4079%,26.4013%,-0.014575,PLAB,11154.0,2019-02-26,252.0,-3.0156%,0.0012,1.1512,1.0573,0.488,2.0695%,2.4159%,26.6176%,-0.020243,PLAB,11154.0,2019-02-27,252.0,-1.4042%,0.001,1.1373,1.0768,0.4856,2.0636%,2.4062%,26.4495%,-0.016602,PLAB,11154.0,2019-02-28,252.0,-0.2035%,0.001,1.1351,1.0753,0.4837,2.0635%,2.4030%,26.2646%,0.0023899999999999,PLAB,11154.0,2019-03-01,252.0,0.7136%,0.001,1.1374,1.0787,0.4888,2.0633%,2.4017%,26.1946%,-0.002311,PLAB,11154.0,2019-03-04,252.0,0.5061%,0.001,1.1428,1.0497,0.4899,2.0627%,2.4007%,26.1806%,0.0132939999999999,PLAB,11154.0,2019-03-05,252.0,-1.5106%,0.001,1.1473,1.0781,0.4967,2.0620%,2.4027%,26.3481%,-0.008823,PLAB,11154.0,2019-03-06,252.0,-0.2045%,0.001,1.1378,1.0383,0.4806,2.0657%,2.4017%,26.0245%,0.020887,PLAB,11154.0,2019-03-07,252.0,-1.4344%,0.001,1.1366,1.0248,0.4752,2.0644%,2.3989%,25.9436%,-0.002792,PLAB,-0.082192,-0.096767,-0.11701,-0.131222,-0.110967
6227,PRIMORIS SERVICES CORP,Primoris Services Corporation Announces Natural Gas Distribution Award Valued At $30M,6,increase,0.8,0.6,"the announcement of a $30 million natural gas distribution award is likely to be viewed positively by investors, suggesting growth potential and increased revenue for primoris services corporation.",2,2019-02-21,PRIM,2019-02-21 12:35:00+00:00,92773.0,74164F10,0.0142137268558144,116585.0,-0.0153707116842269,0.0130050517618656,0.0032139436807483,0.0098499525338411,-0.0004576763603836,0.0075614294037222,0.0045787720009684,0.0042714835144579,0.0651777684688568,0.0154216717928648,0.0038510158192366,0.0277364756911993,-0.0034100564662367,0.0227963905781507,-0.0132591733708977,0.0025393213145434,-0.0255743451416492,-0.0385741703212261,-0.0071174311451613,0.0270811934024095,-0.0058243353851139,0.0010040390770882,0.0094636809080839,0.0116810323670506,-0.0008928775787353,-0.0130325928330421,-0.0058087203651666,0.0075758351013064,0.0026966051664203,-0.0090090241283178,0.0134469363838434,-0.0079443817958235,0.0106147620826959,-0.0004962892853654,-0.0266958680003881,0.0014909929595887,-0.0026978177484124,0.0024913374800235,-0.0121731497347354,-0.0039702197536826,-0.0556823052465915,-0.0044466480612754,0.0043499348685145,0.0034704855643212,-0.0009624859085306,0.0054835798218846,0.0028901477344334,0.0019979523494839,0.0028818442951887,-0.0084200138226151,-0.00672427425161,-0.0107789961621165,0.0338490754365921,0.0059141907840967,-0.0018708610441535,-0.0049042901955544,-0.0032802105415612,0.002951277187094,0.0155148059129715,0.0019713654182851,0.0157407466322183,0.0257836300879716,-0.0118505116552114,0.0510096177458763,-0.0119926305487752,-0.0223376788198947,0.0051354160532355,0.0062729138880968,0.0078959623351693,0.0180946364998817,0.001843272242695,-0.0084165865555405,-0.0101195638999342,0.0095592299476265,0.0060408529825508,0.0323464982211589,-0.0004619043320417,0.0094078630208969,0.0101664150133729,-0.0699948817491531,0.0054894294589757,-0.0428570918738842,0.010009154677391,-0.0374585539102554,0.0148648610338568,-0.0249652806669473,-0.0102086747065186,-0.0212670229375362,-0.0121075585484504,-0.0142729571089148,0.0081706037744879,-0.0031124809756875,-0.0130571369081735,0.019492307677865,-0.0123175391927361,-0.0243255700916051,-0.0101616317406296,-0.0044032796286046,0.0130657386034727,-0.0299017839133739,-0.0046061021275818,-0.0046768966130912,0.0485885813832283,-0.0500807650387287,-0.0600176788866519,0.0252588242292404,-0.0295774266123771,0.0091934520751237,-0.004837947897613,-0.007053944747895,-0.0247933994978666,0.0237892717123031,0.0094716120511293,-0.0100925052538514,0.0024690981954336,0.0201630722731351,0.0098522547632455,0.0030120350420475,-0.0078048706054687,0.0064963023178279,-0.0153707116842269,0.0130050517618656,-0.0122061686051647,0.0229831034382612,-0.0126582584907269,0.0307183179561103,0.0565099421432595,0.0510843108071141,0.0090415387359064,0.0937812869495122,-0.0206940568259067,0.0749136739089191,-0.0778202449235502,-0.0524191134371827,2019-02-22,2019-02-25,2019-02-26,2019-02-27,2019-02-28,2019-03-01,2019-03-04,2019-03-05,2019-03-06,2019-03-07,92773.0,2019-02-21,252.0,1.4214%,-0.0004,0.8838,1.1031,0.4218,1.3610%,1.7026%,36.0987%,0.019154,PRIM,92773.0,2019-02-22,252.0,-1.5371%,-0.0005,0.8871,1.092,0.4506,1.3668%,1.7040%,35.6613%,-0.021082,PRIM,92773.0,2019-02-25,252.0,0.3214%,-0.0004,0.8876,1.0896,0.4511,1.3670%,1.7040%,35.6430%,0.005433,PRIM,92773.0,2019-02-26,252.0,-0.0458%,-0.0003,0.9013,1.0628,0.4478,1.3583%,1.7005%,36.1979%,0.009324,PRIM,92773.0,2019-02-27,252.0,0.4579%,-0.0002,0.9083,1.0509,0.449,1.3547%,1.6993%,36.4403%,0.002186,PRIM,92773.0,2019-02-28,252.0,6.5178%,-0.0001,0.9184,1.0601,0.4401,1.3945%,1.7371%,35.5498%,0.068806,PRIM,92773.0,2019-03-01,252.0,0.3851%,-0.0003,0.9353,1.0853,0.4682,1.3824%,1.7353%,36.5369%,-0.0041649999999999,PRIM,92773.0,2019-03-04,252.0,-0.3410%,-0.0003,0.9453,1.0484,0.4665,1.3753%,1.7299%,36.7988%,0.003879,PRIM,92773.0,2019-03-05,252.0,-1.3259%,-0.0004,0.9442,1.0352,0.4683,1.3745%,1.7237%,36.4160%,-0.0073729999999999,PRIM,92773.0,2019-03-06,252.0,-2.5574%,-0.0003,0.956,1.0358,0.4817,1.3697%,1.7296%,37.2819%,-0.004878,PRIM,92773.0,2019-03-07,252.0,-0.7117%,-0.0003,0.9551,1.038,0.4812,1.3698%,1.7293%,37.2538%,0.002946,PRIM,-0.0019279999999999,0.003505,0.012829,0.083821,0.0742299999999999
6235,P V H CORP,PVH Corp. Announces Agreement to Acquire Gazal Corporation Limited for A$6.00/Share,6,increase,0.75,0.6,"the acquisition of gazal corporation limited at a premium price suggests a strategic growth opportunity for pvh corp., which is likely to be viewed positively by investors.",2,2019-02-21,PVH,2019-02-21 08:53:00+00:00,13936.0,69365610,0.0091180158779025,911475.0,0.0218940433114767,0.0118878306820988,-0.0153035456314683,-0.0015943339094519,-0.0008633955731056,0.0045377891510725,0.0054225400090217,-0.0012441072613,-0.0126386489719152,-0.0157439261674881,0.0024382306728512,0.0137435989454388,-0.0262335315346717,0.0170439127832651,-0.0077608842402696,-0.0027877478860318,-0.0101591730490326,-0.0095305936411023,0.0014532576315104,0.0041141142137348,0.00018135899154,0.0266274344176054,0.0155059769749641,0.0013791975798085,0.0003571829292923,-0.0032077580690383,0.009729572571814,-0.0112369544804096,-0.0035360814072191,0.0193995237350463,-0.0196060948073864,-0.0018441397696733,0.0085059702396392,0.0007381581817753,-0.0123822102323174,0.0224549956619739,-0.027073711156845,0.0171785112470388,0.0149407619610428,-0.0080914432182908,-0.0136167388409376,-0.0465601496398448,0.0184684582054615,0.0243585240095853,0.0083340601995587,0.0287899989634752,0.0071753035299479,0.0012450190261006,0.1476237922906876,-0.0005743222427554,-0.041725642979145,-0.0121962120756506,0.0252562686800956,0.0690316781401634,-0.0066384216770529,-0.0357664749026298,0.0022544800303876,0.0124321868643164,0.0322140268981456,0.0283076390624046,-0.0095727555453777,0.0499626584351062,0.0011001052334904,0.0348363332450389,-0.0062794587574899,-0.0297357887029647,0.005766219459474,0.0058095850981771,-0.0032985012512654,0.0066060279496014,0.0176502261310815,0.0052252965979278,-0.0031745135784149,-0.0032552413176745,0.0093987211585044,0.0613843351602554,0.0183147750794887,-0.0213029682636261,-0.0009824293665587,-0.0179322026669979,-0.0096066892147064,-0.0123538300395011,0.009165296331048,-0.0092070894315838,0.004389630164951,0.0107291806489229,-0.0201944671571254,-0.0200622547417879,0.0076136700809001,-0.0145892519503831,-0.0029003578238189,-0.0404747948050499,-0.0126300817355513,-0.0051467809826135,-0.0051941866986453,-0.016866797581315,-0.003662786912173,-0.016107004135847,-0.0052405018359422,-0.0394749082624912,-0.025161163881421,-0.005965135525912,-0.0174221936613321,-0.060919027775526,-0.0031193338800221,0.0338430702686309,-0.0065052774734795,0.0067414185032248,-0.0104434490203857,-0.0102786673232913,-0.0577100217342376,0.0073569952510297,-0.0011555311502888,-0.0215218476951122,-0.0128148300573229,0.0221575982868671,-0.0047777770087122,-0.0140567608177661,-0.015307992696762,0.0350291803479194,0.0218940433114767,0.0118878306820988,0.0062554411891337,0.0102745436010807,0.0053866446957975,0.0148589564646384,-0.0019372376279189,-0.002361623236067,-0.0417415020911339,0.020123424014415,0.116693603588198,0.157264615670847,-0.0552124245021038,0.0573518978692961,2019-02-22,2019-02-25,2019-02-26,2019-02-27,2019-02-28,2019-03-01,2019-03-04,2019-03-05,2019-03-06,2019-03-07,13936.0,2019-02-21,252.0,0.9118%,-0.001,1.1072,0.6775,0.2089,1.5381%,1.9429%,37.3260%,0.014106,PVH,13936.0,2019-02-22,252.0,2.1894%,-0.001,1.1055,0.6682,0.1803,1.5398%,1.9471%,37.4573%,0.013942,PVH,13936.0,2019-02-25,252.0,-1.5304%,-0.0011,1.1068,0.6763,0.1891,1.5410%,1.9483%,37.4383%,-0.015,PVH,13936.0,2019-02-26,252.0,-0.0863%,-0.001,1.1153,0.6586,0.1864,1.5381%,1.9483%,37.6729%,0.0057599999999999,PVH,13936.0,2019-02-27,252.0,0.5423%,-0.001,1.1169,0.657,0.1867,1.5382%,1.9483%,37.6709%,0.003291,PVH,13936.0,2019-02-28,252.0,-1.2639%,-0.001,1.1206,0.6594,0.1913,1.5388%,1.9485%,37.6316%,-0.008941,PVH,13936.0,2019-03-01,252.0,0.2438%,-0.001,1.1154,0.6516,0.186,1.5387%,1.9434%,37.3146%,-0.006867,PVH,13936.0,2019-03-04,252.0,-2.6234%,-0.0011,1.1159,0.6659,0.1822,1.5425%,1.9489%,37.3596%,-0.018642,PVH,13936.0,2019-03-05,252.0,-0.7761%,-0.0011,1.1179,0.6795,0.1845,1.5419%,1.9488%,37.3987%,-0.003452,PVH,13936.0,2019-03-06,252.0,-1.0159%,-0.001,1.1189,0.6577,0.1827,1.5419%,1.9497%,37.4571%,0.007629,PVH,13936.0,2019-03-07,252.0,0.1453%,-0.0009,1.1161,0.6688,0.1821,1.5420%,1.9496%,37.4449%,0.0116009999999999,PVH,0.028048,0.013048,0.018808,0.013158,0.003427
6243,QUANTA SERVICES INC,"Quanta Services Sees FY19 Sales $10.8B-$11.2B vs $11.3B Estimate, Adj. EBITDA $875M-$975M",6,decrease,0.7,0.6,"quanta services' sales guidance for fy19 falls short of analyst estimates, which is likely to negatively impact investor sentiment and lead to a decrease in stock price.",0,2019-02-21,PWR,2019-02-21 11:55:00+00:00,85792.0,74762E10,-0.0117454333230853,2793291.0,0.0082918526604771,0.0257775858044624,0.0019188512815162,-0.0019574859179556,-0.0177837945520877,0.0093140844255685,0.0019498520996421,-0.0047752298414707,-0.0091743627563118,0.0050818836316466,0.0084174871444702,0.0234035700559616,-0.0005564957973547,0.0087437834590673,-0.0055678440257906,0.0002916074881795,-0.0061590485274791,-0.0132335759699344,-0.0143661499023437,0.0040438878349959,0.005715831182897,-0.0043141078203916,0.0198920369148254,0.0081182597205042,0.0091948127374053,-0.0240520220249891,0.0110435588285327,0.0045480341650545,0.0079191951081156,0.0080228876322507,0.0119208516553044,-0.0034265827853232,0.0016064625233411,0.00776979746297,-0.0002672633272595,0.0329964533448219,-0.0045455074869096,0.012338244356215,0.0091324243694543,-0.0053876177407801,-0.0234229732304811,-0.0026865717954933,0.0062687257304787,0.0295021217316389,0.005958863068372,0.0194235853850841,-0.0005385152762755,0.0003133885620627,0.0072737196460366,-0.0056092333979904,0.009360852651298,-0.0065015195868909,0.0238473154604435,-0.0037013860419392,0.0018115863204002,0.0191763192415237,0.0010333483805879,0.0012590182013809,0.0103225959464907,0.0153403496369719,0.0102275041863322,0.0038498826324939,0.0116426963359117,0.0548223666846752,-0.0245183762162923,-0.0123663386330008,0.0084636574611067,-0.0059800767339766,0.009409942664206,0.0039973324164748,0.0176367033272981,-0.0049718138761818,-0.0037137339822947,0.013096016831696,-0.0022365842014551,0.0662370324134826,-0.0014944301219657,-0.0113274231553077,-0.0019955558236688,-0.0136172976344823,-0.0047487788833677,0.0031523697543889,0.0173279419541358,-0.0219253618270158,-0.0007405277574434,-0.0064669377170503,-0.0079051312059164,-0.0294020902365446,0.0099601978436112,-0.0111074857413768,-0.0007397088920697,-0.0236044581979513,0.0017271082615479,0.0211726259440183,-0.0046797692775726,-0.0003255721821915,-0.0163325872272253,-0.0197893660515546,-0.0244025457650423,-0.0404288358986377,-0.0015471263322979,-0.025663886219263,-0.0193698331713676,-0.0647503063082695,-0.0044772708788514,0.0207978170365095,-0.007671982049942,0.0209423322230577,-0.0015995084540918,-0.0095072900876402,-0.0547396317124366,0.0,0.0090395389124751,0.0037593189626932,-0.0013998614158481,0.0261127911508083,0.0036445492878556,-0.0091148950159549,-0.0198323763906955,0.0080022709444165,0.0082918526604771,0.0257775858044624,0.010226614774097,0.0237696406252956,-0.0077390477940966,0.0333051174904135,-0.0149253978268676,0.0335969090380376,-0.032891061342656,0.0574812757168599,0.0820895586093763,0.1700223613613296,-0.0291352015986823,0.0865041498591339,2019-02-22,2019-02-25,2019-02-26,2019-02-27,2019-02-28,2019-03-01,2019-03-04,2019-03-05,2019-03-06,2019-03-07,85792.0,2019-02-21,252.0,-1.1745%,0.0001,1.1411,0.6676,0.4009,1.0980%,1.6115%,53.5753%,-0.00627,PWR,85792.0,2019-02-22,252.0,0.8292%,0.0001,1.1405,0.6745,0.3993,1.0978%,1.6121%,53.6327%,0.002996,PWR,85792.0,2019-02-25,252.0,0.1919%,0.0,1.1442,0.6769,0.4142,1.0797%,1.6009%,54.5116%,0.002581,PWR,85792.0,2019-02-26,252.0,-1.7784%,0.0001,1.1589,0.6771,0.4253,1.0735%,1.6044%,55.2278%,-0.010354,PWR,85792.0,2019-02-27,252.0,0.1950%,0.0001,1.1632,0.6695,0.426,1.0718%,1.6044%,55.3752%,3.1e-05,PWR,85792.0,2019-02-28,252.0,-0.9174%,0.0001,1.1632,0.6693,0.4271,1.0721%,1.6017%,55.1918%,-0.004737,PWR,85792.0,2019-03-01,252.0,0.8417%,0.0001,1.163,0.669,0.427,1.0721%,1.5988%,55.0277%,-0.00028,PWR,85792.0,2019-03-04,252.0,-0.0556%,0.0002,1.1576,0.6811,0.4297,1.0711%,1.5951%,54.9116%,0.006412,PWR,85792.0,2019-03-05,252.0,-0.5568%,0.0002,1.1584,0.6867,0.4305,1.0709%,1.5940%,54.8653%,-0.000547,PWR,85792.0,2019-03-06,252.0,-0.6159%,0.0003,1.1597,0.6572,0.4279,1.0709%,1.5946%,54.8914%,0.0119619999999999,PWR,85792.0,2019-03-07,252.0,-1.4366%,0.0002,1.1602,0.6534,0.4275,1.0709%,1.5950%,54.9259%,-0.003075,PWR,-0.003274,-0.000693,-0.011047,-0.015753,-0.001281
6251,QUANTA SERVICES INC,"Quanta Services Q4 EPS $0.96 Beats $0.90 Estimate, Sales $3.112B Beat $2.95B Estimate",6,increase,0.8,0.7,"the company reported better-than-expected earnings and sales, which typically leads to positive investor sentiment and an increase in stock price.",2,2019-02-21,PWR,2019-02-21 11:55:00+00:00,85792.0,74762E10,-0.0117454333230853,2793291.0,0.0082918526604771,0.0257775858044624,0.0019188512815162,-0.0019574859179556,-0.0177837945520877,0.0093140844255685,0.0019498520996421,-0.0047752298414707,-0.0091743627563118,0.0050818836316466,0.0084174871444702,0.0234035700559616,-0.0005564957973547,0.0087437834590673,-0.0055678440257906,0.0002916074881795,-0.0061590485274791,-0.0132335759699344,-0.0143661499023437,0.0040438878349959,0.005715831182897,-0.0043141078203916,0.0198920369148254,0.0081182597205042,0.0091948127374053,-0.0240520220249891,0.0110435588285327,0.0045480341650545,0.0079191951081156,0.0080228876322507,0.0119208516553044,-0.0034265827853232,0.0016064625233411,0.00776979746297,-0.0002672633272595,0.0329964533448219,-0.0045455074869096,0.012338244356215,0.0091324243694543,-0.0053876177407801,-0.0234229732304811,-0.0026865717954933,0.0062687257304787,0.0295021217316389,0.005958863068372,0.0194235853850841,-0.0005385152762755,0.0003133885620627,0.0072737196460366,-0.0056092333979904,0.009360852651298,-0.0065015195868909,0.0238473154604435,-0.0037013860419392,0.0018115863204002,0.0191763192415237,0.0010333483805879,0.0012590182013809,0.0103225959464907,0.0153403496369719,0.0102275041863322,0.0038498826324939,0.0116426963359117,0.0548223666846752,-0.0245183762162923,-0.0123663386330008,0.0084636574611067,-0.0059800767339766,0.009409942664206,0.0039973324164748,0.0176367033272981,-0.0049718138761818,-0.0037137339822947,0.013096016831696,-0.0022365842014551,0.0662370324134826,-0.0014944301219657,-0.0113274231553077,-0.0019955558236688,-0.0136172976344823,-0.0047487788833677,0.0031523697543889,0.0173279419541358,-0.0219253618270158,-0.0007405277574434,-0.0064669377170503,-0.0079051312059164,-0.0294020902365446,0.0099601978436112,-0.0111074857413768,-0.0007397088920697,-0.0236044581979513,0.0017271082615479,0.0211726259440183,-0.0046797692775726,-0.0003255721821915,-0.0163325872272253,-0.0197893660515546,-0.0244025457650423,-0.0404288358986377,-0.0015471263322979,-0.025663886219263,-0.0193698331713676,-0.0647503063082695,-0.0044772708788514,0.0207978170365095,-0.007671982049942,0.0209423322230577,-0.0015995084540918,-0.0095072900876402,-0.0547396317124366,0.0,0.0090395389124751,0.0037593189626932,-0.0013998614158481,0.0261127911508083,0.0036445492878556,-0.0091148950159549,-0.0198323763906955,0.0080022709444165,0.0082918526604771,0.0257775858044624,0.010226614774097,0.0237696406252956,-0.0077390477940966,0.0333051174904135,-0.0149253978268676,0.0335969090380376,-0.032891061342656,0.0574812757168599,0.0820895586093763,0.1700223613613296,-0.0291352015986823,0.0865041498591339,2019-02-22,2019-02-25,2019-02-26,2019-02-27,2019-02-28,2019-03-01,2019-03-04,2019-03-05,2019-03-06,2019-03-07,85792.0,2019-02-21,252.0,-1.1745%,0.0001,1.1411,0.6676,0.4009,1.0980%,1.6115%,53.5753%,-0.00627,PWR,85792.0,2019-02-22,252.0,0.8292%,0.0001,1.1405,0.6745,0.3993,1.0978%,1.6121%,53.6327%,0.002996,PWR,85792.0,2019-02-25,252.0,0.1919%,0.0,1.1442,0.6769,0.4142,1.0797%,1.6009%,54.5116%,0.002581,PWR,85792.0,2019-02-26,252.0,-1.7784%,0.0001,1.1589,0.6771,0.4253,1.0735%,1.6044%,55.2278%,-0.010354,PWR,85792.0,2019-02-27,252.0,0.1950%,0.0001,1.1632,0.6695,0.426,1.0718%,1.6044%,55.3752%,3.1e-05,PWR,85792.0,2019-02-28,252.0,-0.9174%,0.0001,1.1632,0.6693,0.4271,1.0721%,1.6017%,55.1918%,-0.004737,PWR,85792.0,2019-03-01,252.0,0.8417%,0.0001,1.163,0.669,0.427,1.0721%,1.5988%,55.0277%,-0.00028,PWR,85792.0,2019-03-04,252.0,-0.0556%,0.0002,1.1576,0.6811,0.4297,1.0711%,1.5951%,54.9116%,0.006412,PWR,85792.0,2019-03-05,252.0,-0.5568%,0.0002,1.1584,0.6867,0.4305,1.0709%,1.5940%,54.8653%,-0.000547,PWR,85792.0,2019-03-06,252.0,-0.6159%,0.0003,1.1597,0.6572,0.4279,1.0709%,1.5946%,54.8914%,0.0119619999999999,PWR,85792.0,2019-03-07,252.0,-1.4366%,0.0002,1.1602,0.6534,0.4275,1.0709%,1.5950%,54.9259%,-0.003075,PWR,-0.003274,-0.000693,-0.011047,-0.015753,-0.001281
6259,PIONEER NATURAL RESOURCES CO,Pioneer Natural Resources Company Announces CEO Tim Dove To Retire; Chairman Scott Sheffield To Return As CEO,6,uncertain,0.6,0.3,"the retirement of ceo tim dove and the return of chairman scott sheffield could lead to mixed reactions from investors, as it may signal a shift in leadership strategy but also bring back familiar management.",1,2019-02-21,PXD,2019-02-21 22:00:00+00:00,75241.0,72378710,-0.0363109074532985,2341804.0,0.0439222268760204,-0.0294036753475666,0.0056285639293491,0.00144472962711,-0.0011893806513398,0.0158652793616056,-0.0083355791866779,-0.0196642354130744,-0.0043795318342745,0.032251201570034,0.0249025169759988,0.0271704010665416,-0.002838181098923,0.0142950927838683,-0.0117320539429783,-0.007895216345787,-0.0253582503646612,-0.0352634191513061,-0.0175134614109993,-0.0125357136130332,-0.0437207035720348,-0.0067787985317409,0.0159558281302452,0.0109084183350205,0.0195559971034526,0.0048481388948857,0.0048136999830603,0.0057240677997469,0.0050855134613811,0.009343777783215,-0.0051330714486539,0.0035071950405836,0.0214491318911314,-0.0037081155460327,-0.0026699027512222,0.0138818463310599,0.0450762994587421,0.0064764912240207,0.0079617407172918,-0.0182883106172084,-0.0345490686595439,-0.0339544415473938,-0.0044821063056588,0.0113770477473735,0.0224398970603942,-0.0018809323664754,0.0285174138844013,0.0035656471736729,0.0413184501230716,0.0009797704406082,-0.0041201026178896,0.0045696981251239,-0.0084711927920579,-0.0206554662436246,-0.0186105873435735,-0.0039091426879167,-0.0143068917095661,0.0253867842257022,0.0099959382787346,-0.0008432432077825,0.0214207451790571,0.021753279492259,0.0069684302434325,0.0338454507291317,-0.0183878820389509,0.0032017324119806,0.0104068955406546,0.0211374592036008,0.0028572839219123,0.0077389455400407,0.1152929291129112,0.0033056016545742,-0.003445828333497,0.0003845501341857,0.0208656247705221,0.0789975672960281,0.0102779399603605,-0.0365366153419017,0.0119075002148747,-0.0275228843092918,0.0047412421554327,-0.0297956708818674,-0.0009665027610026,0.0037858709692955,-0.0190644543617963,-0.0101925013586878,-0.0252944286912679,-0.0270526967942714,-0.0182726755738258,-0.0105339586734771,0.0049108616076409,-0.0125391455367207,0.0042836000211536,0.0121872248128056,-0.0509432330727577,-0.0134462108835578,-0.0285478830337524,-0.0170629546046257,0.017071709036827,0.0026644573081284,0.0012812925269827,-0.0210049264132976,-0.0532343238592147,-0.050202190876007,0.0391971543431282,0.0381049402058124,-0.0024062583688646,-0.0095193283632397,-0.0114080840721726,0.0085869124159216,-0.0292119532823562,0.0053017861209809,0.0212607309222221,-0.0207668412476778,0.0075823036022484,0.0208602789789438,0.0237638838589191,-0.044102419167757,-0.0052872016094625,0.0186582468450069,0.0439222268760204,-0.0294036753475666,0.0497980098672605,-0.0280014260813771,0.0485494004265092,-0.0125803971670759,0.0352552566647654,-0.0007779968357777,0.0012487205856512,-0.0160874572086511,0.085778413266357,-0.0073075397412847,0.1354598387551895,-0.0652375389999719,2019-02-22,2019-02-25,2019-02-26,2019-02-27,2019-02-28,2019-03-01,2019-03-04,2019-03-05,2019-03-06,2019-03-07,75241.0,2019-02-21,252.0,-3.6311%,-0.0009,1.3353,0.4324,0.7619,1.5710%,2.0408%,40.7445%,-0.029504,PXD,75241.0,2019-02-22,252.0,4.3922%,-0.0007,1.3279,0.4674,0.7047,1.5913%,2.0567%,40.1358%,0.0439639999999999,PXD,75241.0,2019-02-25,252.0,0.5629%,-0.0007,1.33,0.4662,0.7119,1.5876%,2.0546%,40.2939%,0.00602,PXD,75241.0,2019-02-26,252.0,-0.1189%,-0.0007,1.3301,0.4566,0.7071,1.5881%,2.0523%,40.1238%,0.0061719999999999,PXD,75241.0,2019-02-27,252.0,-0.8336%,-0.0006,1.3357,0.4439,0.708,1.5869%,2.0529%,40.2463%,-0.0096519999999999,PXD,75241.0,2019-02-28,252.0,-0.4380%,-0.0006,1.3299,0.44,0.7033,1.5856%,2.0458%,39.9254%,0.001343,PXD,75241.0,2019-03-01,252.0,2.4903%,-0.0005,1.3299,0.44,0.6952,1.5889%,2.0461%,39.6922%,0.016774,PXD,75241.0,2019-03-04,252.0,-0.2838%,-0.0005,1.3322,0.4292,0.6954,1.5887%,2.0458%,39.6963%,0.0030359999999999,PXD,75241.0,2019-03-05,252.0,-1.1732%,-0.0005,1.3359,0.4544,0.7003,1.5872%,2.0470%,39.8767%,-0.006558,PXD,75241.0,2019-03-06,252.0,-2.5358%,-0.0005,1.3377,0.4728,0.7048,1.5880%,2.0501%,40.0063%,-0.008782,PXD,75241.0,2019-03-07,252.0,-1.7513%,-0.0005,1.3438,0.4962,0.7196,1.5838%,2.0521%,40.4340%,-0.003978,PXD,0.0144599999999999,0.0204799999999999,0.0266519999999999,0.0183429999999999,0.0188349999999999
6267,ULTRAGENYX PHARMACEUTICALS INC,Ultragenyx Announces 24-week Data From First Cohort Of Phase 1/2 Study Of DTX401 Gene Therapy In Glycogen Storage Disease Type Ia; Response In Time To Hypoglycemia And Improved Glucose Control Maintained Or Improved In All Three Patients,6,increase,0.8,0.7,"the positive results from the phase 1/2 study of dtx401 gene therapy, showing maintained or improved glucose control in patients, are likely to boost investor confidence and interest in ultragenyx pharmaceuticals.",2,2019-02-21,RARE,2019-02-21 13:31:00+00:00,14436.0,90400D10,-0.037502072751522,922421.0,0.0267765428870916,0.0654813796281814,0.0593446865677833,0.0028243572451174,-0.0293514374643564,0.0214569494128227,0.0346285328269004,0.0125981122255325,0.0078566940501332,-0.0102999582886695,0.0531650111079216,0.0427737049758434,-0.0223538428544998,0.0137536050751805,-0.0024228293914347,0.0307146590203046,-0.0446265749633312,-0.0318337455391883,0.001271080924198,-0.0036087832413613,-0.0038083414547145,0.0237215869128704,0.035043079406023,0.0174085274338722,0.0210833344608545,0.02493916451931,0.0239638891071081,0.0096213147044181,-0.031498372554779,0.0153813725337386,0.037537895143032,-0.0125205377116799,0.001318353228271,-0.0399999767541885,0.0010239861439913,0.0267044249922037,-0.0055530797690153,0.0042665395885705,0.0145480940118432,-0.0377321653068065,-0.0635863170027732,-0.0410573408007621,0.0167053639888763,0.034723587334156,0.0416856482625007,-0.0126412538811564,-0.0169417802244424,0.0197265297174453,0.0153023153543472,0.0498257167637348,0.014925436116755,-0.0012287809513509,0.009227211587131,-0.0141327874734997,0.0375713892281055,0.0585594736039638,0.0079857064411044,0.0306167248636484,-0.027045426890254,0.0179372895509004,0.0439421199262142,0.0372092686593532,-0.0134480902925133,0.0785051733255386,-0.0184023790061473,-0.0443432927131652,0.0155533272773027,-0.040478341281414,-0.0225624777376651,0.0384523682296276,0.0190262012183666,-0.0035697650164365,-0.0079625789076089,0.0067081642337143,-0.0545253567397594,0.0645244270563125,-0.0528395883738994,0.0082283290103077,-0.0043269786983728,-0.0801797434687614,0.0144342742860317,-0.0201622880995273,0.0371787063777446,-0.0204312764108181,-0.0008850502781569,-0.0085528036579489,0.0132879642769694,-0.0343403182923793,-0.0040798308327794,-0.0274783987551927,-0.0128748686984181,0.003819229779765,-0.021787479519844,0.0310654565691947,-0.0278787314891815,-0.0401091948151588,0.0151183530688285,0.0205743480473756,0.043912187218666,-0.0758566409349441,-0.010883922688663,0.0009913373505696,-0.0695910826325416,-0.071599543094635,0.0142240589484572,0.0122974412515759,-0.0159155111759901,-0.0044518951326608,0.0265812631696462,-0.0212418660521507,-0.0544377118349075,0.0330082923173904,0.0384361892938613,-0.0394523255527019,-0.0014297085581347,0.0418543480336666,0.0095449965447187,-0.0065262406133115,-0.0319886356592178,0.0517748445272445,0.0267765428870916,0.0654813796281814,0.0877102749998781,0.0684906796822719,0.0557844148838813,0.091417230144287,0.100926898102069,0.0937838526154979,0.0817027499786393,0.1496675544899386,0.2226228134491443,0.3571748984823966,0.0544112870472519,0.187095448545995,2019-02-22,2019-02-25,2019-02-26,2019-02-27,2019-02-28,2019-03-01,2019-03-04,2019-03-05,2019-03-06,2019-03-07,14436.0,2019-02-21,252.0,-3.7502%,0.0006,1.8819,1.4339,-0.4241,2.6184%,3.4857%,43.5719%,-0.0308,RARE,14436.0,2019-02-22,252.0,2.6777%,0.0008,1.8798,1.4907,-0.3978,2.6049%,3.4801%,43.9726%,0.000323,RARE,14436.0,2019-02-25,252.0,5.9345%,0.001,1.8825,1.4645,-0.4015,2.6262%,3.4948%,43.5321%,0.059585,RARE,14436.0,2019-02-26,252.0,-2.9351%,0.001,1.8989,1.4755,-0.3836,2.6257%,3.5003%,43.7268%,-0.018392,RARE,14436.0,2019-02-27,252.0,3.4629%,0.001,1.887,1.505,-0.3855,2.6258%,3.4966%,43.6043%,0.029556,RARE,14436.0,2019-02-28,252.0,0.7857%,0.001,1.8847,1.5039,-0.3898,2.6268%,3.4926%,43.4343%,0.0123419999999999,RARE,14436.0,2019-03-01,252.0,5.3165%,0.0011,1.8962,1.521,-0.3871,2.6344%,3.5055%,43.5252%,0.033584,RARE,14436.0,2019-03-04,252.0,-2.2354%,0.001,1.906,1.4941,-0.3909,2.6318%,3.5081%,43.7198%,-0.00499,RARE,14436.0,2019-03-05,252.0,-0.2423%,0.001,1.9029,1.4729,-0.3943,2.6310%,3.4978%,43.4216%,0.004421,RARE,14436.0,2019-03-06,252.0,-4.4627%,0.0008,1.892,1.5087,-0.4017,2.6255%,3.4999%,43.7269%,-0.010016,RARE,14436.0,2019-03-07,252.0,0.1271%,0.0009,1.8897,1.528,-0.3994,2.6243%,3.4999%,43.7741%,0.016426,RARE,-0.030477,0.029108,0.010716,0.052614,0.092039
6275,ULTRAGENYX PHARMACEUTICALS INC,"Citigroup Maintains Neutral on Ultragenyx Pharmaceutical, Raises Price Target to $62",6,uncertain,0.6,0.3,"while maintaining a neutral rating suggests stability, the raised price target could indicate potential for growth, leading to uncertainty in the stock's immediate reaction.",1,2019-02-21,RARE,2019-02-21 12:53:00+00:00,14436.0,90400D10,-0.037502072751522,922421.0,0.0267765428870916,0.0654813796281814,0.0593446865677833,0.0028243572451174,-0.0293514374643564,0.0214569494128227,0.0346285328269004,0.0125981122255325,0.0078566940501332,-0.0102999582886695,0.0531650111079216,0.0427737049758434,-0.0223538428544998,0.0137536050751805,-0.0024228293914347,0.0307146590203046,-0.0446265749633312,-0.0318337455391883,0.001271080924198,-0.0036087832413613,-0.0038083414547145,0.0237215869128704,0.035043079406023,0.0174085274338722,0.0210833344608545,0.02493916451931,0.0239638891071081,0.0096213147044181,-0.031498372554779,0.0153813725337386,0.037537895143032,-0.0125205377116799,0.001318353228271,-0.0399999767541885,0.0010239861439913,0.0267044249922037,-0.0055530797690153,0.0042665395885705,0.0145480940118432,-0.0377321653068065,-0.0635863170027732,-0.0410573408007621,0.0167053639888763,0.034723587334156,0.0416856482625007,-0.0126412538811564,-0.0169417802244424,0.0197265297174453,0.0153023153543472,0.0498257167637348,0.014925436116755,-0.0012287809513509,0.009227211587131,-0.0141327874734997,0.0375713892281055,0.0585594736039638,0.0079857064411044,0.0306167248636484,-0.027045426890254,0.0179372895509004,0.0439421199262142,0.0372092686593532,-0.0134480902925133,0.0785051733255386,-0.0184023790061473,-0.0443432927131652,0.0155533272773027,-0.040478341281414,-0.0225624777376651,0.0384523682296276,0.0190262012183666,-0.0035697650164365,-0.0079625789076089,0.0067081642337143,-0.0545253567397594,0.0645244270563125,-0.0528395883738994,0.0082283290103077,-0.0043269786983728,-0.0801797434687614,0.0144342742860317,-0.0201622880995273,0.0371787063777446,-0.0204312764108181,-0.0008850502781569,-0.0085528036579489,0.0132879642769694,-0.0343403182923793,-0.0040798308327794,-0.0274783987551927,-0.0128748686984181,0.003819229779765,-0.021787479519844,0.0310654565691947,-0.0278787314891815,-0.0401091948151588,0.0151183530688285,0.0205743480473756,0.043912187218666,-0.0758566409349441,-0.010883922688663,0.0009913373505696,-0.0695910826325416,-0.071599543094635,0.0142240589484572,0.0122974412515759,-0.0159155111759901,-0.0044518951326608,0.0265812631696462,-0.0212418660521507,-0.0544377118349075,0.0330082923173904,0.0384361892938613,-0.0394523255527019,-0.0014297085581347,0.0418543480336666,0.0095449965447187,-0.0065262406133115,-0.0319886356592178,0.0517748445272445,0.0267765428870916,0.0654813796281814,0.0877102749998781,0.0684906796822719,0.0557844148838813,0.091417230144287,0.100926898102069,0.0937838526154979,0.0817027499786393,0.1496675544899386,0.2226228134491443,0.3571748984823966,0.0544112870472519,0.187095448545995,2019-02-22,2019-02-25,2019-02-26,2019-02-27,2019-02-28,2019-03-01,2019-03-04,2019-03-05,2019-03-06,2019-03-07,14436.0,2019-02-21,252.0,-3.7502%,0.0006,1.8819,1.4339,-0.4241,2.6184%,3.4857%,43.5719%,-0.0308,RARE,14436.0,2019-02-22,252.0,2.6777%,0.0008,1.8798,1.4907,-0.3978,2.6049%,3.4801%,43.9726%,0.000323,RARE,14436.0,2019-02-25,252.0,5.9345%,0.001,1.8825,1.4645,-0.4015,2.6262%,3.4948%,43.5321%,0.059585,RARE,14436.0,2019-02-26,252.0,-2.9351%,0.001,1.8989,1.4755,-0.3836,2.6257%,3.5003%,43.7268%,-0.018392,RARE,14436.0,2019-02-27,252.0,3.4629%,0.001,1.887,1.505,-0.3855,2.6258%,3.4966%,43.6043%,0.029556,RARE,14436.0,2019-02-28,252.0,0.7857%,0.001,1.8847,1.5039,-0.3898,2.6268%,3.4926%,43.4343%,0.0123419999999999,RARE,14436.0,2019-03-01,252.0,5.3165%,0.0011,1.8962,1.521,-0.3871,2.6344%,3.5055%,43.5252%,0.033584,RARE,14436.0,2019-03-04,252.0,-2.2354%,0.001,1.906,1.4941,-0.3909,2.6318%,3.5081%,43.7198%,-0.00499,RARE,14436.0,2019-03-05,252.0,-0.2423%,0.001,1.9029,1.4729,-0.3943,2.6310%,3.4978%,43.4216%,0.004421,RARE,14436.0,2019-03-06,252.0,-4.4627%,0.0008,1.892,1.5087,-0.4017,2.6255%,3.4999%,43.7269%,-0.010016,RARE,14436.0,2019-03-07,252.0,0.1271%,0.0009,1.8897,1.528,-0.3994,2.6243%,3.4999%,43.7741%,0.016426,RARE,-0.030477,0.029108,0.010716,0.052614,0.092039
6283,REPLIGEN CORP,"Repligen Corporation Sees FY19 Adj. EPS $0.81-$0.86 vs $0.85 Est., Sales $218M-$225M vs $217.25M Est.",6,increase,0.75,0.6,"repligen corporation's adjusted eps and sales guidance both exceed analyst estimates, which is likely to positively influence investor sentiment and drive the stock price higher.",2,2019-02-21,RGEN,2019-02-21 12:38:00+00:00,10200.0,75991610,-0.0161017086356878,512574.0,0.0142980506643652,-0.0085699604824185,0.0222485996782779,-0.0112975630909204,-0.009968408383429,0.0232913792133331,0.0020137426909059,0.0061580673791468,-0.0031820235308259,-0.0274497009813785,0.0551075041294097,0.0184683185070753,-0.0582802519202232,0.0264347903430461,-0.0182617176324129,0.0084180906414985,-0.0244574919342994,-0.0131533117964863,-0.00141239434015,-0.0063629015348851,0.0030056252144277,-0.0012023306917399,0.0340208075940609,0.0097121288999915,0.0081827398389577,0.0114015359431505,0.0096381418406963,0.0226008668541908,-0.0090437270700931,0.0206884127110242,0.0162244867533445,-0.0063671506941318,-0.0119740767404437,-0.0514236316084861,-0.0006733027403242,0.0383443720638752,0.0018527979264035,0.0223484374582767,0.0383321940898895,-0.0101541494950652,-0.046146348118782,-0.0545174032449722,0.0015277568018063,0.0278414413332939,0.0035593064967542,0.0206834804266691,-0.0302313957363367,0.0065169585868716,0.0222919303923845,0.0208834055811166,0.0064736125059425,-0.0179672930389642,0.002877423306927,-0.0018116356804966,0.0011814294848591,0.0080351065844297,0.0013486485695466,-0.0012767373118549,-0.0410774797201156,0.0223755501210689,-0.0010533279273658,0.0544632412493228,-0.01282958406955,0.0285136457532644,0.0092576192691922,-0.0433352291584014,0.0273417364805936,-0.019909044727683,-0.0183723121881485,0.0274693127721548,-0.0197655633091926,0.0160332806408405,-0.0080299917608499,-0.0205506272614002,-0.0048569967038929,0.0687941089272499,-0.02024582400918,-0.0144987311214208,0.0103320581838488,-0.0360235832631588,-0.0003651688166428,-0.0296083912253379,0.0458530932664871,-0.0307350475341081,-0.0185153074562549,-0.0036893703509122,0.0186866540461778,-0.0539267063140869,0.203528955578804,-0.0301286820322275,0.0,-0.0258862264454364,-0.0219190325587987,-0.019560283049941,-0.0231522358953952,-0.0009689528378657,-0.0010635019280016,0.0107737490907311,0.028136858716607,-0.0076138218864798,0.022781079635024,-0.0182888284325599,-0.0209718961268663,-0.0225400384515523,-0.0017728281673043,-0.0052574044093489,0.0338907949626445,-0.0186646934598684,-0.0083023449406027,0.0154083203524351,-0.0290127340704202,0.0118491137400269,0.0020812698639929,-0.0014012760948389,0.0044503100216388,0.0045355763286352,0.0330822318792343,0.0083582838997244,-0.038598958402872,0.0310569088906049,0.0142980506643652,-0.0085699604824185,0.0368647619480544,-0.0197707039041021,0.0265288705625692,0.003060188347286,0.0253230187837618,-0.0184661560575594,-0.0256674917596023,0.0146173412746237,-0.0187769150146892,0.1001305049686478,0.1584840894129717,-0.0406504037350191,2019-02-22,2019-02-25,2019-02-26,2019-02-27,2019-02-28,2019-03-01,2019-03-04,2019-03-05,2019-03-06,2019-03-07,10200.0,2019-02-21,252.0,-1.6102%,0.0021,1.0461,1.3627,-0.3564,1.7049%,2.2510%,42.6311%,-0.012153,RGEN,10200.0,2019-02-22,252.0,1.4298%,0.002,1.0478,1.3439,-0.3529,1.7037%,2.2495%,42.6380%,-0.005336,RGEN,10200.0,2019-02-25,252.0,2.2249%,0.0018,1.0565,1.342,-0.3216,1.6413%,2.1996%,44.3234%,0.023436,RGEN,10200.0,2019-02-26,252.0,-0.9968%,0.0018,1.0585,1.3438,-0.3192,1.6413%,2.2003%,44.3565%,-0.00085,RGEN,10200.0,2019-02-27,252.0,0.2014%,0.0018,1.0573,1.3448,-0.3194,1.6414%,2.1998%,44.3256%,-0.001975,RGEN,10200.0,2019-02-28,252.0,-0.3182%,0.0017,1.0618,1.3478,-0.3154,1.6409%,2.1994%,44.3405%,-0.001072,RGEN,10200.0,2019-03-01,252.0,5.5108%,0.002,1.059,1.3438,-0.3385,1.6562%,2.2129%,43.9804%,0.042202,RGEN,10200.0,2019-03-04,252.0,-5.8280%,0.0018,1.0577,1.3914,-0.348,1.6809%,2.2440%,43.8918%,-0.0461679999999999,RGEN,10200.0,2019-03-05,252.0,-1.8262%,0.0018,1.0621,1.4161,-0.3393,1.6826%,2.2455%,43.8513%,-0.013075,RGEN,10200.0,2019-03-06,252.0,-2.4457%,0.0018,1.0576,1.4186,-0.3441,1.6818%,2.2504%,44.1469%,0.002353,RGEN,10200.0,2019-03-07,252.0,-0.1412%,0.0017,1.0533,1.4074,-0.3531,1.6814%,2.2467%,43.9918%,0.0070279999999999,RGEN,-0.017489,0.0059469999999999,0.0050969999999999,0.0020499999999999,-0.0056099999999999
6291,REPLIGEN CORP,"Repligen Q4 Adj. EPS $0.21, Inline, Sales $51.942M Beat $50.4M Estimate",6,increase,0.7,0.6,"the company reported sales that beat estimates, which is generally viewed positively by investors, despite the adjusted eps being inline with expectations.",2,2019-02-21,RGEN,2019-02-21 12:36:00+00:00,10200.0,75991610,-0.0161017086356878,512574.0,0.0142980506643652,-0.0085699604824185,0.0222485996782779,-0.0112975630909204,-0.009968408383429,0.0232913792133331,0.0020137426909059,0.0061580673791468,-0.0031820235308259,-0.0274497009813785,0.0551075041294097,0.0184683185070753,-0.0582802519202232,0.0264347903430461,-0.0182617176324129,0.0084180906414985,-0.0244574919342994,-0.0131533117964863,-0.00141239434015,-0.0063629015348851,0.0030056252144277,-0.0012023306917399,0.0340208075940609,0.0097121288999915,0.0081827398389577,0.0114015359431505,0.0096381418406963,0.0226008668541908,-0.0090437270700931,0.0206884127110242,0.0162244867533445,-0.0063671506941318,-0.0119740767404437,-0.0514236316084861,-0.0006733027403242,0.0383443720638752,0.0018527979264035,0.0223484374582767,0.0383321940898895,-0.0101541494950652,-0.046146348118782,-0.0545174032449722,0.0015277568018063,0.0278414413332939,0.0035593064967542,0.0206834804266691,-0.0302313957363367,0.0065169585868716,0.0222919303923845,0.0208834055811166,0.0064736125059425,-0.0179672930389642,0.002877423306927,-0.0018116356804966,0.0011814294848591,0.0080351065844297,0.0013486485695466,-0.0012767373118549,-0.0410774797201156,0.0223755501210689,-0.0010533279273658,0.0544632412493228,-0.01282958406955,0.0285136457532644,0.0092576192691922,-0.0433352291584014,0.0273417364805936,-0.019909044727683,-0.0183723121881485,0.0274693127721548,-0.0197655633091926,0.0160332806408405,-0.0080299917608499,-0.0205506272614002,-0.0048569967038929,0.0687941089272499,-0.02024582400918,-0.0144987311214208,0.0103320581838488,-0.0360235832631588,-0.0003651688166428,-0.0296083912253379,0.0458530932664871,-0.0307350475341081,-0.0185153074562549,-0.0036893703509122,0.0186866540461778,-0.0539267063140869,0.203528955578804,-0.0301286820322275,0.0,-0.0258862264454364,-0.0219190325587987,-0.019560283049941,-0.0231522358953952,-0.0009689528378657,-0.0010635019280016,0.0107737490907311,0.028136858716607,-0.0076138218864798,0.022781079635024,-0.0182888284325599,-0.0209718961268663,-0.0225400384515523,-0.0017728281673043,-0.0052574044093489,0.0338907949626445,-0.0186646934598684,-0.0083023449406027,0.0154083203524351,-0.0290127340704202,0.0118491137400269,0.0020812698639929,-0.0014012760948389,0.0044503100216388,0.0045355763286352,0.0330822318792343,0.0083582838997244,-0.038598958402872,0.0310569088906049,0.0142980506643652,-0.0085699604824185,0.0368647619480544,-0.0197707039041021,0.0265288705625692,0.003060188347286,0.0253230187837618,-0.0184661560575594,-0.0256674917596023,0.0146173412746237,-0.0187769150146892,0.1001305049686478,0.1584840894129717,-0.0406504037350191,2019-02-22,2019-02-25,2019-02-26,2019-02-27,2019-02-28,2019-03-01,2019-03-04,2019-03-05,2019-03-06,2019-03-07,10200.0,2019-02-21,252.0,-1.6102%,0.0021,1.0461,1.3627,-0.3564,1.7049%,2.2510%,42.6311%,-0.012153,RGEN,10200.0,2019-02-22,252.0,1.4298%,0.002,1.0478,1.3439,-0.3529,1.7037%,2.2495%,42.6380%,-0.005336,RGEN,10200.0,2019-02-25,252.0,2.2249%,0.0018,1.0565,1.342,-0.3216,1.6413%,2.1996%,44.3234%,0.023436,RGEN,10200.0,2019-02-26,252.0,-0.9968%,0.0018,1.0585,1.3438,-0.3192,1.6413%,2.2003%,44.3565%,-0.00085,RGEN,10200.0,2019-02-27,252.0,0.2014%,0.0018,1.0573,1.3448,-0.3194,1.6414%,2.1998%,44.3256%,-0.001975,RGEN,10200.0,2019-02-28,252.0,-0.3182%,0.0017,1.0618,1.3478,-0.3154,1.6409%,2.1994%,44.3405%,-0.001072,RGEN,10200.0,2019-03-01,252.0,5.5108%,0.002,1.059,1.3438,-0.3385,1.6562%,2.2129%,43.9804%,0.042202,RGEN,10200.0,2019-03-04,252.0,-5.8280%,0.0018,1.0577,1.3914,-0.348,1.6809%,2.2440%,43.8918%,-0.0461679999999999,RGEN,10200.0,2019-03-05,252.0,-1.8262%,0.0018,1.0621,1.4161,-0.3393,1.6826%,2.2455%,43.8513%,-0.013075,RGEN,10200.0,2019-03-06,252.0,-2.4457%,0.0018,1.0576,1.4186,-0.3441,1.6818%,2.2504%,44.1469%,0.002353,RGEN,10200.0,2019-03-07,252.0,-0.1412%,0.0017,1.0533,1.4074,-0.3531,1.6814%,2.2467%,43.9918%,0.0070279999999999,RGEN,-0.017489,0.0059469999999999,0.0050969999999999,0.0020499999999999,-0.0056099999999999
6299,RALPH LAUREN CORP,Highlights From Cowen's Meeting With Ralph Lauren Management,6,uncertain,0.5,0.5,the impact on ralph lauren corp's stock price is unclear without specific details on the content of the meeting and its implications for the company's performance.,1,2019-02-21,RL,2019-02-21 20:14:00+00:00,85072.0,75121210,0.0072607998736202,1460268.0,0.0069708880037069,-0.0009565174696035,0.0002359878708375,0.0028779327403754,-0.0050334203988313,0.0187311302870512,0.0056912591680884,-0.003651387291029,-0.0161911901086568,-0.027001466602087,0.0143804671242833,0.0084395315498113,-0.0122076319530606,0.0045589036308228,-0.0043852292001247,-0.0037450296804308,-0.0062465476803481,-0.0046002683229744,-0.0059633967466652,0.0154639026150107,-0.0104580540210008,0.0838935002684593,0.0114697813987731,-0.0106235593557357,-0.0049408767372369,-0.0030997125431895,-0.0095237949863076,-0.0069260159507393,-0.0012327542062848,0.0068876058794558,-0.006171315908432,0.0092102289199829,0.0283987447619438,0.0127595644444227,0.0048305168747901,0.0243374519050121,-0.016505068168044,0.0059847994707524,0.0153971435502171,0.0086892610415816,-0.035381868481636,-0.0200770627707243,0.0196289848536253,0.0342046953737735,-0.0026103246491402,0.0213007666170597,0.0251083653420209,-0.0050861914642155,0.0373783111572265,-0.004687353502959,0.0021638236939907,0.011761337518692,-0.005320691037923,-0.0133819980546832,-0.0131793515756726,-0.0237529557198286,0.0002356727054575,0.0104310642927885,0.0082469005137681,0.0152765223756432,-0.0060761766508221,0.0182268917560577,-0.0014891043538227,0.0408224128186702,-0.0113815115764737,-0.0451441779732704,0.0040492429398,0.0191378630697727,0.000790751830209,0.0165061932057142,0.012563182041049,-0.0026458036154508,-0.0075692050158977,0.0073089646175503,0.0187136121094226,0.0595634467899799,0.0169805269688367,-0.0136368488892912,-0.0050090197473764,-0.0187141634523868,-0.0026697642169892,-0.0164275467395782,0.010095658712089,-0.0139539446681737,-0.0003029343788512,0.0150555102154612,-0.0174203068017959,-0.005320206284523,0.0112541951239109,-0.0191341638565063,0.0068602324463427,-0.0430922508239746,-0.0038609623443335,0.0268730595707893,-0.014211849309504,0.0016168743604794,0.0168066658079624,0.0022878728341311,-0.0045492919161915,-0.036111369729042,-0.0233832914382219,-0.0094657400622963,-0.0336140803992748,-0.0441099666059017,0.0038737447466701,0.0317773856222629,0.0103706158697605,0.0009884141618385,-0.0112189976498484,-0.0105796800926327,-0.0482014790177345,-0.0007106805569492,-0.0366080664098262,-0.0385239794850349,0.0151821272447705,0.0188859719783067,-0.0080394214019179,0.0008710668189451,-0.0195206776261329,0.0307057444006204,0.0069708880037069,-0.0009565174696035,0.0072085209195622,0.0019186624778293,0.0021388170044889,0.0206857314817296,-0.008475916714333,-0.0105005668397432,-0.0228928984576869,0.0094233097476084,0.0217840777539395,0.1746017365842069,-0.1044563892586591,0.1321384570150594,2019-02-22,2019-02-25,2019-02-26,2019-02-27,2019-02-28,2019-03-01,2019-03-04,2019-03-05,2019-03-06,2019-03-07,85072.0,2019-02-21,252.0,0.7261%,0.0007,1.0058,0.7002,-0.0533,1.8655%,2.1966%,27.8748%,0.011251,RL,85072.0,2019-02-22,252.0,0.6971%,0.0006,1.0071,0.6851,-0.0521,1.8646%,2.1958%,27.8912%,-0.004302,RL,85072.0,2019-02-25,252.0,0.0236%,0.0006,1.0078,0.686,-0.0488,1.8641%,2.1953%,27.8985%,0.000313,RL,85072.0,2019-02-26,252.0,-0.5033%,0.0006,1.0103,0.6834,-0.0482,1.8639%,2.1950%,27.8911%,0.000708,RL,85072.0,2019-02-27,252.0,0.5691%,0.0006,1.0098,0.6852,-0.0483,1.8640%,2.1945%,27.8513%,0.003326,RL,85072.0,2019-02-28,252.0,-1.6191%,0.0006,1.0114,0.6859,-0.0438,1.8660%,2.1946%,27.7058%,-0.013419,RL,85072.0,2019-03-01,252.0,1.4380%,0.0006,1.0088,0.682,-0.0498,1.8658%,2.1926%,27.5857%,0.004844,RL,85072.0,2019-03-04,252.0,-1.2208%,0.0006,1.0082,0.6879,-0.0507,1.8660%,2.1937%,27.6403%,-0.00413,RL,85072.0,2019-03-05,252.0,-0.4385%,0.0006,1.0093,0.6949,-0.0495,1.8659%,2.1927%,27.5857%,-0.00075,RL,85072.0,2019-03-06,252.0,-0.6247%,0.0007,1.0047,0.674,-0.0575,1.8670%,2.1925%,27.4904%,0.010917,RL,85072.0,2019-03-07,252.0,-0.5963%,0.0007,1.0071,0.6894,-0.05,1.8652%,2.1927%,27.6448%,0.002467,RL,0.006949,0.007262,0.00797,-0.002123,0.011225
6307,RE MAX HOLDINGS INC,"RE/MAX Sees Q1 Sales $70M-$73M vs $53.3M Estimate, Adj. EBITDA $22M-$24M; FY19 Sales $287M-$291M, Adj. EBITDA $104.5M-$107.5M",6,increase,0.8,0.7,"the reported sales and adjusted ebitda for q1 significantly exceed estimates, indicating strong financial performance that is likely to positively influence investor sentiment and stock price.",2,2019-02-21,RMAX,2019-02-21 21:22:00+00:00,14221.0,75524W10,-0.0059112776070833,173680.0,-0.006194251589477,0.0037082252092659,0.015457465313375,-0.0085783945396542,-0.0417382940649986,0.0144206369295716,0.0064053293317556,0.0,-0.0012728930450975,0.0034929986577481,0.0002549614291638,0.0095718149095773,-0.0017839833162724,0.0037927061785012,-0.0028082642238587,-0.0012626070529222,-0.0023166062310338,-0.0097525175660848,0.0,-0.0174446944147348,0.0126419430598616,0.0134462378919124,0.0214012786746025,-0.0292482264339923,-0.0162135567516088,-0.0083893164992332,-0.015973562374711,0.0615776591002941,-0.0139139629900455,0.0128865977749228,-0.0047034309245646,0.0020660643931478,0.0241532735526561,0.0091217700392007,-0.02204554900527,0.0281350277364254,-0.0256881602108478,-0.0018721502274274,0.0067258547060191,-0.0500508435070514,-0.0160341653972864,0.0202176962047815,0.0168386455625295,0.023342203348875,0.0106838019564747,0.0128962798044085,0.0055496585555374,0.0174958817660808,0.0141918770968914,0.0010947157861664,-0.001295652706176,0.0063343304209411,0.0246497336775064,0.0245486106723547,0.0068370886147022,0.0093989754095673,0.0120725193992257,0.0147399464622139,0.013170943595469,0.0384153313934803,0.0147166661918163,0.0271270386874675,-0.0070098405703902,0.0384122543036937,-0.0275073274970054,-0.0031908226665109,0.0330412946641445,0.0191869959235191,-0.0024231229908764,-0.0054980618879199,0.0051008723676204,-0.0019367161439731,-0.0152247715741396,0.0316349938511848,-0.0080982046201825,0.039100382477045,-0.0034636168275028,-0.0082360934466123,0.0168818347156047,0.0322352051734924,-0.0173339620232582,-0.0084299184381961,0.0322981178760528,-0.0229924526065588,0.0269554499536752,0.007955708540976,-0.00421833852306,-0.0242996737360954,0.0183572303503751,-0.021466365084052,0.0147908339276909,-0.0162443146109581,-0.0132087906822562,0.0185308195650577,-0.0173090230673551,-0.0146723426878452,-0.0244246330112218,-0.002925882814452,-0.0368320308625698,-0.0375468991696834,-0.0237439889460802,0.0015668830601498,-0.0133128631860017,-0.0417417250573635,0.0114166736602783,0.0100090382620692,-0.0359157957136631,-0.024556154385209,-0.0069186300970613,0.011370469816029,-0.0040193335153162,0.0042067123576998,-0.0129136042669415,0.0,-0.0498903430998325,0.054165318608284,-0.0112521462142467,-0.0502407327294349,-0.022176893427968,0.0562441200017929,-0.006194251589477,0.0037082252092659,0.0091674662948113,-0.0049019799492753,-0.0329534621742311,0.0094479673072118,-0.0279980420523295,0.0129739677020825,-0.0344521478122225,-0.0024570582334532,0.0156188895715982,0.2184873601750887,-0.1604291685023988,0.2901175476357966,2019-02-22,2019-02-25,2019-02-26,2019-02-27,2019-02-28,2019-03-01,2019-03-04,2019-03-05,2019-03-06,2019-03-07,14221.0,2019-02-21,252.0,-0.5911%,-0.0008,0.8977,0.6171,0.1826,1.7632%,2.0130%,23.2780%,-0.001914,RMAX,14221.0,2019-02-22,252.0,-0.6194%,-0.0009,0.8994,0.6166,0.202,1.7648%,2.0133%,23.1662%,-0.012839,RMAX,14221.0,2019-02-25,252.0,1.5457%,-0.0008,0.8993,0.6083,0.1974,1.7680%,2.0159%,23.0833%,0.015975,RMAX,14221.0,2019-02-26,252.0,-4.1738%,-0.0013,0.8601,0.6948,0.212,1.7130%,1.9549%,23.2114%,-0.035855,RMAX,14221.0,2019-02-27,252.0,0.6405%,-0.0012,0.8595,0.6975,0.2119,1.7134%,1.9549%,23.1801%,0.004465,RMAX,14221.0,2019-02-28,252.0,-0.1273%,-0.0013,0.8694,0.7044,0.2184,1.7090%,1.9543%,23.5279%,0.001682,RMAX,14221.0,2019-03-01,252.0,0.0255%,-0.0014,0.8743,0.7117,0.2287,1.7082%,1.9542%,23.5901%,-0.007264,RMAX,14221.0,2019-03-04,252.0,-0.1784%,-0.0014,0.8783,0.6929,0.2289,1.7074%,1.9538%,23.6274%,0.004627,RMAX,14221.0,2019-03-05,252.0,-0.2808%,-0.0014,0.8771,0.6851,0.227,1.7074%,1.9510%,23.4182%,0.001292,RMAX,14221.0,2019-03-06,252.0,-0.2317%,-0.0013,0.8717,0.6539,0.2167,1.7098%,1.9507%,23.1715%,0.013502,RMAX,14221.0,2019-03-07,252.0,0.0000%,-0.0013,0.8689,0.6591,0.2145,1.7104%,1.9507%,23.1227%,0.008231,RMAX,-0.0147529999999999,0.001222,-0.034633,-0.0284859999999999,-0.0080979999999999
6315,RE MAX HOLDINGS INC,"RE/MAX Holdings Q4 EPS $0.49, Inline, Sales $50.8M Beat $50.49M Estimate",6,increase,0.7,0.5,"the earnings per share (eps) was inline with expectations, but the sales beat estimates, which could positively influence investor sentiment and lead to a stock price increase.",2,2019-02-21,RMAX,2019-02-21 21:21:00+00:00,14221.0,75524W10,-0.0059112776070833,173680.0,-0.006194251589477,0.0037082252092659,0.015457465313375,-0.0085783945396542,-0.0417382940649986,0.0144206369295716,0.0064053293317556,0.0,-0.0012728930450975,0.0034929986577481,0.0002549614291638,0.0095718149095773,-0.0017839833162724,0.0037927061785012,-0.0028082642238587,-0.0012626070529222,-0.0023166062310338,-0.0097525175660848,0.0,-0.0174446944147348,0.0126419430598616,0.0134462378919124,0.0214012786746025,-0.0292482264339923,-0.0162135567516088,-0.0083893164992332,-0.015973562374711,0.0615776591002941,-0.0139139629900455,0.0128865977749228,-0.0047034309245646,0.0020660643931478,0.0241532735526561,0.0091217700392007,-0.02204554900527,0.0281350277364254,-0.0256881602108478,-0.0018721502274274,0.0067258547060191,-0.0500508435070514,-0.0160341653972864,0.0202176962047815,0.0168386455625295,0.023342203348875,0.0106838019564747,0.0128962798044085,0.0055496585555374,0.0174958817660808,0.0141918770968914,0.0010947157861664,-0.001295652706176,0.0063343304209411,0.0246497336775064,0.0245486106723547,0.0068370886147022,0.0093989754095673,0.0120725193992257,0.0147399464622139,0.013170943595469,0.0384153313934803,0.0147166661918163,0.0271270386874675,-0.0070098405703902,0.0384122543036937,-0.0275073274970054,-0.0031908226665109,0.0330412946641445,0.0191869959235191,-0.0024231229908764,-0.0054980618879199,0.0051008723676204,-0.0019367161439731,-0.0152247715741396,0.0316349938511848,-0.0080982046201825,0.039100382477045,-0.0034636168275028,-0.0082360934466123,0.0168818347156047,0.0322352051734924,-0.0173339620232582,-0.0084299184381961,0.0322981178760528,-0.0229924526065588,0.0269554499536752,0.007955708540976,-0.00421833852306,-0.0242996737360954,0.0183572303503751,-0.021466365084052,0.0147908339276909,-0.0162443146109581,-0.0132087906822562,0.0185308195650577,-0.0173090230673551,-0.0146723426878452,-0.0244246330112218,-0.002925882814452,-0.0368320308625698,-0.0375468991696834,-0.0237439889460802,0.0015668830601498,-0.0133128631860017,-0.0417417250573635,0.0114166736602783,0.0100090382620692,-0.0359157957136631,-0.024556154385209,-0.0069186300970613,0.011370469816029,-0.0040193335153162,0.0042067123576998,-0.0129136042669415,0.0,-0.0498903430998325,0.054165318608284,-0.0112521462142467,-0.0502407327294349,-0.022176893427968,0.0562441200017929,-0.006194251589477,0.0037082252092659,0.0091674662948113,-0.0049019799492753,-0.0329534621742311,0.0094479673072118,-0.0279980420523295,0.0129739677020825,-0.0344521478122225,-0.0024570582334532,0.0156188895715982,0.2184873601750887,-0.1604291685023988,0.2901175476357966,2019-02-22,2019-02-25,2019-02-26,2019-02-27,2019-02-28,2019-03-01,2019-03-04,2019-03-05,2019-03-06,2019-03-07,14221.0,2019-02-21,252.0,-0.5911%,-0.0008,0.8977,0.6171,0.1826,1.7632%,2.0130%,23.2780%,-0.001914,RMAX,14221.0,2019-02-22,252.0,-0.6194%,-0.0009,0.8994,0.6166,0.202,1.7648%,2.0133%,23.1662%,-0.012839,RMAX,14221.0,2019-02-25,252.0,1.5457%,-0.0008,0.8993,0.6083,0.1974,1.7680%,2.0159%,23.0833%,0.015975,RMAX,14221.0,2019-02-26,252.0,-4.1738%,-0.0013,0.8601,0.6948,0.212,1.7130%,1.9549%,23.2114%,-0.035855,RMAX,14221.0,2019-02-27,252.0,0.6405%,-0.0012,0.8595,0.6975,0.2119,1.7134%,1.9549%,23.1801%,0.004465,RMAX,14221.0,2019-02-28,252.0,-0.1273%,-0.0013,0.8694,0.7044,0.2184,1.7090%,1.9543%,23.5279%,0.001682,RMAX,14221.0,2019-03-01,252.0,0.0255%,-0.0014,0.8743,0.7117,0.2287,1.7082%,1.9542%,23.5901%,-0.007264,RMAX,14221.0,2019-03-04,252.0,-0.1784%,-0.0014,0.8783,0.6929,0.2289,1.7074%,1.9538%,23.6274%,0.004627,RMAX,14221.0,2019-03-05,252.0,-0.2808%,-0.0014,0.8771,0.6851,0.227,1.7074%,1.9510%,23.4182%,0.001292,RMAX,14221.0,2019-03-06,252.0,-0.2317%,-0.0013,0.8717,0.6539,0.2167,1.7098%,1.9507%,23.1715%,0.013502,RMAX,14221.0,2019-03-07,252.0,0.0000%,-0.0013,0.8689,0.6591,0.2145,1.7104%,1.9507%,23.1227%,0.008231,RMAX,-0.0147529999999999,0.001222,-0.034633,-0.0284859999999999,-0.0080979999999999
6323,RINGCENTRAL INC,"Bank Of America Maintains Buy On RingCentral As Firm Believes Co. 'could become significantly larger by staying the course, our upside case shows ~$2bn in revenues in 2023, i.e., RNG could potentially double in 3 years after reaching $1bn in revenues'",6,increase,0.8,0.6,"the positive outlook from bank of america, suggesting significant revenue growth potential for ringcentral, is likely to boost investor confidence and drive the stock price higher.",2,2019-02-21,RNG,2019-02-21 15:53:00+00:00,14136.0,76680R20,0.0018286315025761,1274070.0,0.0177731402218341,-0.0009615237941034,-0.0027374071069061,-0.006401052698493,-0.0027449210174381,0.0079930843785405,0.0018982245819643,0.0070797763764858,-0.0025577552150934,-0.0264375694096088,0.0043688770383596,0.0604786314070224,-0.0207092426717281,-0.0102081149816513,0.0073387618176639,0.0406353399157524,-0.0198427885770797,0.0059134732000529,-0.0065525495447218,-0.0009328768937848,0.0030517578125,0.0043723275884985,0.0262047126889228,0.017369195818901,0.0043993792496621,0.0214192513376474,0.0073319775983691,0.0350465215742588,0.00699496967718,0.0304603613913059,-0.0031915549188852,-0.0225555431097745,0.0013183858245611,-0.0309289824217557,0.0132605666294693,0.0249804351478815,-0.0006497094291262,0.0055192369036376,0.0362218022346496,0.0,-0.0446356832981109,-0.0270685069262981,-0.0027206426020711,0.0352847799658775,0.0177798625081777,0.0119403088465333,-0.0200573597103357,0.0004594637721311,0.0138653200119733,0.0248381476849317,0.002884037559852,-0.022552141919732,0.0141929378733038,-0.0030970021616667,0.006494091823697,-0.0025171763263642,0.0049981409683823,-0.0109765892848372,-0.0528980791568756,0.0203210040926933,0.0153714017942547,0.0540343485772609,-0.0283967722207307,0.047819435596466,-0.000580714084208,-0.0316128060221672,0.0001937084598466,-0.0177098382264375,0.022364193573594,0.0380257405340671,0.0012311068130657,0.0091486815363168,0.005012756679207,0.0130003150552511,-0.0101637663319706,0.1033943817019463,-0.0092222969979047,-0.0153824426233768,0.0123788593336939,-0.045132827013731,0.0272985529154539,-0.0679526999592781,0.0270345117896795,0.003371586324647,0.0026053446345031,0.0334237180650234,0.0139785408973693,-0.0603856332600116,0.019441470503807,-0.0317012667655944,0.0056345486082136,-0.0163991022855043,0.0031031859107315,0.0155992750078439,-0.0128899198025465,0.0210778694599866,0.0053973631002008,0.0466282442212104,0.0343752801418304,-0.0306197348982095,0.0133935920894146,0.0237592197954654,-0.0240376349538564,-0.0488641448318958,-0.0008463687845505,0.0195415578782558,0.0412536635994911,0.0376768335700035,-0.0015456785913556,0.0117781199514865,-0.0568728372454643,0.0547688826918602,0.0210799351334571,-0.0146110383793711,0.0080378791317343,0.0594059713184833,0.0457444787025451,0.0042010280303657,-0.008267106488347,0.0362792015075683,0.0177731402218341,-0.0009615237941034,0.0149870807945726,-0.0073564217281194,0.0122010214240715,0.0005778621508241,0.01152852941141,-0.0189783972572344,-0.0241136956786927,0.0769071114862112,0.0062446123421693,0.1996305343386919,0.1870496874228446,0.5077636827478957,2019-02-22,2019-02-25,2019-02-26,2019-02-27,2019-02-28,2019-03-01,2019-03-04,2019-03-05,2019-03-06,2019-03-07,14136.0,2019-02-21,252.0,0.1829%,0.0012,1.4266,0.3846,-2.0176,1.6382%,2.8661%,67.3319%,0.002534,RNG,14136.0,2019-02-22,252.0,1.7773%,0.0012,1.4285,0.4238,-1.9597,1.6320%,2.8556%,67.3387%,-0.023374,RNG,14136.0,2019-02-25,252.0,-0.2737%,0.0012,1.4275,0.427,-1.9617,1.6319%,2.8558%,67.3448%,-0.007406,RNG,14136.0,2019-02-26,252.0,-0.2745%,0.0012,1.4338,0.4286,-1.9562,1.6314%,2.8547%,67.3407%,-0.004302,RNG,14136.0,2019-02-27,252.0,0.1898%,0.0013,1.44,0.4165,-1.9552,1.6291%,2.8547%,67.4325%,-0.002654,RNG,14136.0,2019-02-28,252.0,-0.2558%,0.0011,1.4553,0.4268,-1.9431,1.6205%,2.8546%,67.7744%,-0.003165,RNG,14136.0,2019-03-01,252.0,0.4369%,0.0011,1.4455,0.4122,-1.9507,1.6224%,2.8508%,67.6111%,-0.0152089999999999,RNG,14136.0,2019-03-04,252.0,-2.0709%,0.0011,1.4512,0.398,-1.9532,1.6213%,2.8545%,67.7392%,-0.004026,RNG,14136.0,2019-03-05,252.0,0.7339%,0.0011,1.4519,0.4073,-1.9546,1.6210%,2.8528%,67.7148%,0.006262,RNG,14136.0,2019-03-06,252.0,-1.9843%,0.0011,1.4499,0.4161,-1.9556,1.6206%,2.8548%,67.7742%,-0.001823,RNG,14136.0,2019-03-07,252.0,-0.6553%,0.0011,1.4529,0.4268,-1.9487,1.6198%,2.8553%,67.8170%,-0.000916,RNG,-0.02084,-0.028246,-0.032548,-0.038367,-0.0540789999999999
6331,GIBRALTAR INDUSTRIES INC,"Gibralter Sees FY19 Adj. EPS $2.40-$2.55 vs $2.40 Estimate, Sales ~$1B+ vs $1.05B Est.",6,increase,0.75,0.6,"the adjusted eps guidance is in line with estimates, and while sales are slightly below expectations, the overall positive outlook for earnings may lead to an increase in stock price.",2,2019-02-21,ROCK,2019-02-21 12:37:00+00:00,79862.0,37468910,0.06668371707201,356405.0,0.0117365671321749,0.0064283879473805,0.00165718968492,0.0093433847650885,-0.0501064211130142,0.0158185735344886,0.0067181005142629,0.0050344094634056,0.0009886533953249,-0.0010586845455691,0.0014815153554081,0.024125762283802,-0.0110946930944919,0.0,-0.0042383940890431,-0.0029729895759373,-0.0152728296816349,-0.0117521006613969,-0.0030511757358908,0.0129870008677244,-0.000254994170973,0.0038022648077458,0.0051020602695643,0.0079387063160538,0.0040609096176922,0.0246843546628952,-0.0002528345794416,0.0179897509515285,0.0065740109421312,-0.0062429402023553,-0.0017583444714546,0.00772091653198,0.0153496926650404,-0.0042710057459771,-0.008674063719809,-0.0081898029893636,0.0015000343555584,-0.0008464666898362,0.003994005266577,-0.0136376749724149,-0.028344091027975,-0.0164248142391443,0.0161207076162099,0.0133148282766342,0.0113321775570511,0.0038986185099929,0.0057270801626145,0.0,0.0007427278906106,-0.0060891560278832,0.0047007040120661,-0.0074175945483148,0.0036936150863766,0.0002748594852164,-0.0127575239166617,0.0060824225656688,0.0002484672295395,-0.0030319904908537,0.0089441146701574,-0.0231556445360183,0.0029549109749495,0.0183712132275104,0.0098208086565136,0.0235756412148475,-0.0187211390584707,-0.0014013239415362,0.0123885031789541,0.0025288045872002,0.0017131593776866,0.0142490733414888,-0.0043977596797049,0.0097841769456863,0.0046625430695712,0.0081229694187641,0.0129458382725715,0.041389811784029,-0.0021702472586184,-0.0347040668129921,-0.0082165328785777,0.0064573297277092,-0.0209551807492971,0.0151966121047735,-0.000746609759517,-0.0224293749779462,0.0206724274903535,0.011789022013545,-0.0273303799331188,0.0,-0.0012543712509796,-0.0052770539186894,0.0052750334143638,-0.01216328330338,-0.0087456842884421,0.0099444333463907,0.002268720883876,-0.002625442110002,0.007042319048196,-0.0138089628890156,-0.0521978065371513,-0.0216718409210443,0.0405797325074672,-0.0149709153920412,-0.0073436540551483,-0.0139421029016375,-0.0369898155331611,0.0116150993853807,-0.0023841098882257,0.022913759574294,0.0116834472864866,0.0054038288071751,-0.0254592504352331,0.0265693385154008,0.0078103174455463,-0.0034913860727101,0.0024051351938396,-0.0115042142570018,0.0037324235308915,-0.0048654316924512,-0.0132802119478583,0.0195505730807781,0.0117365671321749,0.0064283879473805,0.0134132065350827,0.0158318356144806,-0.0373653023530542,0.0319008462048229,-0.0299401199361636,0.0359979002335482,-0.0608383457579344,0.0589826928615317,-0.0273053733179913,0.0538502988539635,-0.1101796075441061,0.1421067603523564,2019-02-22,2019-02-25,2019-02-26,2019-02-27,2019-02-28,2019-03-01,2019-03-04,2019-03-05,2019-03-06,2019-03-07,79862.0,2019-02-21,252.0,6.6684%,0.0012,0.9137,0.7886,0.5296,1.8248%,2.0606%,21.5809%,0.071891,ROCK,79862.0,2019-02-22,252.0,1.1737%,0.0012,0.9129,0.7817,0.5135,1.8250%,2.0608%,21.5699%,0.009145,ROCK,79862.0,2019-02-25,252.0,0.1657%,0.0008,0.9261,0.7938,0.5685,1.6814%,1.9387%,24.7830%,0.003145,ROCK,79862.0,2019-02-26,252.0,-5.0106%,0.0007,0.939,0.8404,0.6018,1.7019%,1.9650%,24.9898%,-0.041769,ROCK,79862.0,2019-02-27,252.0,0.6718%,0.0006,0.9295,0.8586,0.6003,1.6965%,1.9577%,24.9003%,0.004898,ROCK,79862.0,2019-02-28,252.0,0.0989%,0.0007,0.9234,0.8546,0.5948,1.6957%,1.9525%,24.5762%,0.005099,ROCK,79862.0,2019-03-01,252.0,0.1482%,0.0007,0.915,0.8421,0.5846,1.6944%,1.9448%,24.0894%,-0.005356,ROCK,79862.0,2019-03-04,252.0,-1.1095%,0.0008,0.8983,0.9031,0.5877,1.6782%,1.9300%,24.3903%,-0.005338,ROCK,79862.0,2019-03-05,252.0,-0.4238%,0.0009,0.9029,0.9395,0.5907,1.6730%,1.9298%,24.8488%,0.001408,ROCK,79862.0,2019-03-06,252.0,-1.5273%,0.0009,0.8996,0.9352,0.5865,1.6729%,1.9312%,24.9642%,0.003822,ROCK,79862.0,2019-03-07,252.0,-0.3051%,0.0008,0.8931,0.9146,0.5719,1.6704%,1.9243%,24.6539%,0.006826,ROCK,0.081036,0.0841809999999999,0.0424119999999999,0.0524089999999999,0.0537709999999999
6339,GIBRALTAR INDUSTRIES INC,"Gibralter Sees Q1 Adj. EPS $0.27-$0.32 vs $0.32 Estimate, Sales $218M-$224M vs $224M Est.",6,decrease,0.7,0.5,"the adjusted eps and sales guidance both fall short of analyst estimates, which typically leads to a negative reaction in stock prices.",0,2019-02-21,ROCK,2019-02-21 12:37:00+00:00,79862.0,37468910,0.06668371707201,356405.0,0.0117365671321749,0.0064283879473805,0.00165718968492,0.0093433847650885,-0.0501064211130142,0.0158185735344886,0.0067181005142629,0.0050344094634056,0.0009886533953249,-0.0010586845455691,0.0014815153554081,0.024125762283802,-0.0110946930944919,0.0,-0.0042383940890431,-0.0029729895759373,-0.0152728296816349,-0.0117521006613969,-0.0030511757358908,0.0129870008677244,-0.000254994170973,0.0038022648077458,0.0051020602695643,0.0079387063160538,0.0040609096176922,0.0246843546628952,-0.0002528345794416,0.0179897509515285,0.0065740109421312,-0.0062429402023553,-0.0017583444714546,0.00772091653198,0.0153496926650404,-0.0042710057459771,-0.008674063719809,-0.0081898029893636,0.0015000343555584,-0.0008464666898362,0.003994005266577,-0.0136376749724149,-0.028344091027975,-0.0164248142391443,0.0161207076162099,0.0133148282766342,0.0113321775570511,0.0038986185099929,0.0057270801626145,0.0,0.0007427278906106,-0.0060891560278832,0.0047007040120661,-0.0074175945483148,0.0036936150863766,0.0002748594852164,-0.0127575239166617,0.0060824225656688,0.0002484672295395,-0.0030319904908537,0.0089441146701574,-0.0231556445360183,0.0029549109749495,0.0183712132275104,0.0098208086565136,0.0235756412148475,-0.0187211390584707,-0.0014013239415362,0.0123885031789541,0.0025288045872002,0.0017131593776866,0.0142490733414888,-0.0043977596797049,0.0097841769456863,0.0046625430695712,0.0081229694187641,0.0129458382725715,0.041389811784029,-0.0021702472586184,-0.0347040668129921,-0.0082165328785777,0.0064573297277092,-0.0209551807492971,0.0151966121047735,-0.000746609759517,-0.0224293749779462,0.0206724274903535,0.011789022013545,-0.0273303799331188,0.0,-0.0012543712509796,-0.0052770539186894,0.0052750334143638,-0.01216328330338,-0.0087456842884421,0.0099444333463907,0.002268720883876,-0.002625442110002,0.007042319048196,-0.0138089628890156,-0.0521978065371513,-0.0216718409210443,0.0405797325074672,-0.0149709153920412,-0.0073436540551483,-0.0139421029016375,-0.0369898155331611,0.0116150993853807,-0.0023841098882257,0.022913759574294,0.0116834472864866,0.0054038288071751,-0.0254592504352331,0.0265693385154008,0.0078103174455463,-0.0034913860727101,0.0024051351938396,-0.0115042142570018,0.0037324235308915,-0.0048654316924512,-0.0132802119478583,0.0195505730807781,0.0117365671321749,0.0064283879473805,0.0134132065350827,0.0158318356144806,-0.0373653023530542,0.0319008462048229,-0.0299401199361636,0.0359979002335482,-0.0608383457579344,0.0589826928615317,-0.0273053733179913,0.0538502988539635,-0.1101796075441061,0.1421067603523564,2019-02-22,2019-02-25,2019-02-26,2019-02-27,2019-02-28,2019-03-01,2019-03-04,2019-03-05,2019-03-06,2019-03-07,79862.0,2019-02-21,252.0,6.6684%,0.0012,0.9137,0.7886,0.5296,1.8248%,2.0606%,21.5809%,0.071891,ROCK,79862.0,2019-02-22,252.0,1.1737%,0.0012,0.9129,0.7817,0.5135,1.8250%,2.0608%,21.5699%,0.009145,ROCK,79862.0,2019-02-25,252.0,0.1657%,0.0008,0.9261,0.7938,0.5685,1.6814%,1.9387%,24.7830%,0.003145,ROCK,79862.0,2019-02-26,252.0,-5.0106%,0.0007,0.939,0.8404,0.6018,1.7019%,1.9650%,24.9898%,-0.041769,ROCK,79862.0,2019-02-27,252.0,0.6718%,0.0006,0.9295,0.8586,0.6003,1.6965%,1.9577%,24.9003%,0.004898,ROCK,79862.0,2019-02-28,252.0,0.0989%,0.0007,0.9234,0.8546,0.5948,1.6957%,1.9525%,24.5762%,0.005099,ROCK,79862.0,2019-03-01,252.0,0.1482%,0.0007,0.915,0.8421,0.5846,1.6944%,1.9448%,24.0894%,-0.005356,ROCK,79862.0,2019-03-04,252.0,-1.1095%,0.0008,0.8983,0.9031,0.5877,1.6782%,1.9300%,24.3903%,-0.005338,ROCK,79862.0,2019-03-05,252.0,-0.4238%,0.0009,0.9029,0.9395,0.5907,1.6730%,1.9298%,24.8488%,0.001408,ROCK,79862.0,2019-03-06,252.0,-1.5273%,0.0009,0.8996,0.9352,0.5865,1.6729%,1.9312%,24.9642%,0.003822,ROCK,79862.0,2019-03-07,252.0,-0.3051%,0.0008,0.8931,0.9146,0.5719,1.6704%,1.9243%,24.6539%,0.006826,ROCK,0.081036,0.0841809999999999,0.0424119999999999,0.0524089999999999,0.0537709999999999
6347,GIBRALTAR INDUSTRIES INC,"Gibraltar Industries Q4 EPS $0.47 Beats $0.40 Estimate, Sales $240.913M Miss $244.45M Estimate",6,uncertain,0.6,0.3,"while the earnings per share (eps) beat estimates, the sales miss could lead to mixed reactions from investors, making the overall impact on the stock price uncertain.",1,2019-02-21,ROCK,2019-02-21 12:36:00+00:00,79862.0,37468910,0.06668371707201,356405.0,0.0117365671321749,0.0064283879473805,0.00165718968492,0.0093433847650885,-0.0501064211130142,0.0158185735344886,0.0067181005142629,0.0050344094634056,0.0009886533953249,-0.0010586845455691,0.0014815153554081,0.024125762283802,-0.0110946930944919,0.0,-0.0042383940890431,-0.0029729895759373,-0.0152728296816349,-0.0117521006613969,-0.0030511757358908,0.0129870008677244,-0.000254994170973,0.0038022648077458,0.0051020602695643,0.0079387063160538,0.0040609096176922,0.0246843546628952,-0.0002528345794416,0.0179897509515285,0.0065740109421312,-0.0062429402023553,-0.0017583444714546,0.00772091653198,0.0153496926650404,-0.0042710057459771,-0.008674063719809,-0.0081898029893636,0.0015000343555584,-0.0008464666898362,0.003994005266577,-0.0136376749724149,-0.028344091027975,-0.0164248142391443,0.0161207076162099,0.0133148282766342,0.0113321775570511,0.0038986185099929,0.0057270801626145,0.0,0.0007427278906106,-0.0060891560278832,0.0047007040120661,-0.0074175945483148,0.0036936150863766,0.0002748594852164,-0.0127575239166617,0.0060824225656688,0.0002484672295395,-0.0030319904908537,0.0089441146701574,-0.0231556445360183,0.0029549109749495,0.0183712132275104,0.0098208086565136,0.0235756412148475,-0.0187211390584707,-0.0014013239415362,0.0123885031789541,0.0025288045872002,0.0017131593776866,0.0142490733414888,-0.0043977596797049,0.0097841769456863,0.0046625430695712,0.0081229694187641,0.0129458382725715,0.041389811784029,-0.0021702472586184,-0.0347040668129921,-0.0082165328785777,0.0064573297277092,-0.0209551807492971,0.0151966121047735,-0.000746609759517,-0.0224293749779462,0.0206724274903535,0.011789022013545,-0.0273303799331188,0.0,-0.0012543712509796,-0.0052770539186894,0.0052750334143638,-0.01216328330338,-0.0087456842884421,0.0099444333463907,0.002268720883876,-0.002625442110002,0.007042319048196,-0.0138089628890156,-0.0521978065371513,-0.0216718409210443,0.0405797325074672,-0.0149709153920412,-0.0073436540551483,-0.0139421029016375,-0.0369898155331611,0.0116150993853807,-0.0023841098882257,0.022913759574294,0.0116834472864866,0.0054038288071751,-0.0254592504352331,0.0265693385154008,0.0078103174455463,-0.0034913860727101,0.0024051351938396,-0.0115042142570018,0.0037324235308915,-0.0048654316924512,-0.0132802119478583,0.0195505730807781,0.0117365671321749,0.0064283879473805,0.0134132065350827,0.0158318356144806,-0.0373653023530542,0.0319008462048229,-0.0299401199361636,0.0359979002335482,-0.0608383457579344,0.0589826928615317,-0.0273053733179913,0.0538502988539635,-0.1101796075441061,0.1421067603523564,2019-02-22,2019-02-25,2019-02-26,2019-02-27,2019-02-28,2019-03-01,2019-03-04,2019-03-05,2019-03-06,2019-03-07,79862.0,2019-02-21,252.0,6.6684%,0.0012,0.9137,0.7886,0.5296,1.8248%,2.0606%,21.5809%,0.071891,ROCK,79862.0,2019-02-22,252.0,1.1737%,0.0012,0.9129,0.7817,0.5135,1.8250%,2.0608%,21.5699%,0.009145,ROCK,79862.0,2019-02-25,252.0,0.1657%,0.0008,0.9261,0.7938,0.5685,1.6814%,1.9387%,24.7830%,0.003145,ROCK,79862.0,2019-02-26,252.0,-5.0106%,0.0007,0.939,0.8404,0.6018,1.7019%,1.9650%,24.9898%,-0.041769,ROCK,79862.0,2019-02-27,252.0,0.6718%,0.0006,0.9295,0.8586,0.6003,1.6965%,1.9577%,24.9003%,0.004898,ROCK,79862.0,2019-02-28,252.0,0.0989%,0.0007,0.9234,0.8546,0.5948,1.6957%,1.9525%,24.5762%,0.005099,ROCK,79862.0,2019-03-01,252.0,0.1482%,0.0007,0.915,0.8421,0.5846,1.6944%,1.9448%,24.0894%,-0.005356,ROCK,79862.0,2019-03-04,252.0,-1.1095%,0.0008,0.8983,0.9031,0.5877,1.6782%,1.9300%,24.3903%,-0.005338,ROCK,79862.0,2019-03-05,252.0,-0.4238%,0.0009,0.9029,0.9395,0.5907,1.6730%,1.9298%,24.8488%,0.001408,ROCK,79862.0,2019-03-06,252.0,-1.5273%,0.0009,0.8996,0.9352,0.5865,1.6729%,1.9312%,24.9642%,0.003822,ROCK,79862.0,2019-03-07,252.0,-0.3051%,0.0008,0.8931,0.9146,0.5719,1.6704%,1.9243%,24.6539%,0.006826,ROCK,0.081036,0.0841809999999999,0.0424119999999999,0.0524089999999999,0.0537709999999999
6355,ROGERS CORP,"Rogers Corp shares are trading higher, despite mixed Q1 guidance, after the company beat Q4 EPS and sales estimates.",6,increase,0.7,0.6,"the positive reaction to beating q4 eps and sales estimates suggests investor optimism, which may outweigh the mixed q1 guidance.",2,2019-02-21,ROG,2019-02-21 16:07:00+00:00,35991.0,77513310,0.140200674533844,400106.0,-0.0135482251644134,0.0109540056437254,0.0099589843302965,-0.0069092423655092,0.0242974273860454,0.0496875420212745,-0.0223368015140295,-0.0229911282658577,-0.0008366898982785,0.003707388183102,0.0312399752438068,0.0404628776013851,-0.0141162378713488,0.0127561064437031,-0.0176127646118402,0.0022373055107891,-0.002773072803393,-0.0367148779332637,-0.037379540503025,0.011759165674448,-0.0045012654736638,-0.0065758228302001,0.0693076327443122,0.0009291862952522,0.0003786529414355,0.0175714734941721,-0.0046053607948124,0.0226430725306272,-0.0208517760038375,0.0235051419585943,0.0067964773625135,0.0083160083740949,0.0166517402976751,-0.0036457239184528,-0.0099917901679873,0.0391768813133239,-0.0064516752026975,0.0488575436174869,0.0270027797669172,-0.0124854538589716,-0.0531488992273807,-0.027999335899949,0.0082644624635577,0.0301839355379343,0.020196733996272,0.0099206902086734,-0.0181900095194578,-0.0077852592803537,0.0063502537086606,-0.0207676365971565,0.0335675477981567,0.00955415610224,0.0317220129072666,0.0126310465857386,-0.0188506375998258,0.047578826546669,0.0105701480060815,0.0376861914992332,0.0177198350429534,0.0179421622306108,0.0028414316475391,0.0281287655234336,0.0101277586072683,0.0457209944725036,-0.0214251391589641,-0.0618875734508037,0.0334817692637443,0.0096910875290632,-0.0209489129483699,0.0008081854903139,0.013139609247446,0.026763504371047,0.005413788370788,0.0077357082627713,0.0182248633354902,0.0512088313698768,-0.0208042878657579,-0.0230810679495334,-0.0075964317657053,-0.0227654017508029,-0.0114818690344691,-0.0404670499265193,0.0355716235935688,-0.0166303738951683,0.0026288831140846,-0.0196040794253349,-0.0276758130639791,0.0088114505633711,-0.0009587946697138,-0.034411035478115,-0.008157392963767,-0.0160000119358301,0.0130624314770102,0.0126224216073751,0.1390878856182098,-0.0309447683393955,0.0126820988953113,-0.0449829660356044,0.0049678711220622,-0.0488391332328319,-0.0248712766915559,-0.0567070804536342,0.0080794151872396,-0.0480976775288581,-0.0359350480139255,0.0439141429960727,-0.0034775016829371,0.0149089461192488,0.0011450748424977,-0.0002366435946896,-0.0411742143332958,0.0410509034991264,0.0230048447847366,-0.0144036151468753,0.0209327526390552,0.0256453156471252,-0.0598792359232902,0.0206691641360521,-0.1782946139574051,0.0100966906175017,-0.0135482251644134,0.0109540056437253,-0.0037241673962327,0.0039690793983504,0.0204827723029292,0.0538538352190163,-0.0031463046792105,0.0334417643968298,-0.0442403928261138,0.0637021402407465,0.0620906555287799,0.3539849264079495,-0.0879671921416141,0.1687344303350291,2019-02-22,2019-02-25,2019-02-26,2019-02-27,2019-02-28,2019-03-01,2019-03-04,2019-03-05,2019-03-06,2019-03-07,35991.0,2019-02-21,252.0,14.0201%,0.0,1.6567,0.8588,0.2414,2.0419%,2.7013%,42.8618%,0.147669,ROG,35991.0,2019-02-22,252.0,-1.3548%,-0.0001,1.6612,0.8323,0.2712,2.0458%,2.7010%,42.6301%,-0.025591,ROG,35991.0,2019-02-25,252.0,0.9959%,-0.0001,1.6618,0.8279,0.2712,2.0465%,2.7015%,42.6139%,0.010019,ROG,35991.0,2019-02-26,252.0,2.4297%,0.0001,1.6634,0.7803,0.2483,2.0551%,2.7053%,42.2955%,0.03305,ROG,35991.0,2019-02-27,252.0,-2.2337%,0.0,1.6681,0.7647,0.249,2.0599%,2.7091%,42.1849%,-0.025119,ROG,35991.0,2019-02-28,252.0,-0.0837%,0.0001,1.6622,0.7608,0.2436,2.0592%,2.7017%,41.9054%,0.004704,ROG,35991.0,2019-03-01,252.0,3.1240%,0.0005,1.6066,0.678,0.1492,1.9672%,2.6003%,42.7680%,0.01795,ROG,35991.0,2019-03-04,252.0,-1.4116%,0.0007,1.5805,0.7684,0.1551,1.9340%,2.5651%,43.1512%,-0.0037219999999999,ROG,35991.0,2019-03-05,252.0,-1.7613%,0.0006,1.5797,0.7543,0.1593,1.9340%,2.5600%,42.9224%,-0.012262,ROG,35991.0,2019-03-06,252.0,-0.2773%,0.0008,1.5861,0.7025,0.1595,1.9303%,2.5588%,43.0924%,0.019847,ROG,35991.0,2019-03-07,252.0,-3.7380%,0.0006,1.5927,0.6869,0.1638,1.9327%,2.5635%,43.1607%,-0.0234459999999999,ROG,0.1220779999999999,0.132097,0.165147,0.1447319999999999,0.1430989999999999
6363,REWALK ROBOTICS LTD,ReWalk Robotics shares are trading lower after the company announced a 4.4 million share stock offering priced at $0.23 per share.,6,decrease,0.8,0.7,"the announcement of a stock offering typically dilutes existing shares, leading to a decrease in stock price.",0,2019-02-21,RWLK,2019-02-21 14:18:00+00:00,14936.0,M8216Q20,-0.2049180269241333,12887429.0,0.0927834138274192,-0.0283529367297887,0.0143396416679024,-0.0193689949810504,-0.0234375093132257,0.0638085603713989,-0.0251428298652172,-0.1044642403721809,-0.0113325687125325,0.2307692021131516,0.0276679825037717,0.0133630335330963,-0.0346153974533081,-0.0274368561804294,-0.0239043142646551,0.005809721071273,-0.0812245234847068,0.0051095755770802,0.0661927983164787,-0.0515749379992485,-0.0416666269302368,-0.052476231008768,0.0204347390681505,-0.0132685927674174,-0.0085214711725711,-0.0433437377214431,-0.0227761082351207,0.1122590079903603,0.0615655146539211,0.0954356715083122,-0.0016570287989452,-0.0691713169217109,-0.0240663643926382,0.009929034858942,-0.0314626097679138,-0.0208332724869251,0.0048288134858012,0.2100839465856552,-0.0240279752761125,0.0397553741931915,-0.0384959578514099,-0.0477577298879623,-0.0385474599897861,-0.0228455383330583,-0.0199496764689683,0.1596881300210953,0.0602766685187816,0.0005943595315329,0.0663094073534011,-0.0450450703501701,-0.0556307658553123,-0.0826446115970611,-0.0189721696078777,0.1050228402018547,-0.0188679955899715,-0.0244989022612571,-0.0115384506061673,0.0298165399581193,-0.1712061613798141,-0.0991735681891441,-0.0657277479767799,0.0803571045398712,0.0050251209177076,0.0991168543696403,-0.024999976158142,0.0565059147775173,-0.0333333611488342,0.1079839468002319,0.0424403399229049,-0.0062785600312054,-0.0839695036411285,-0.0309734810143709,-0.0611110553145408,0.0331429094076156,0.1242603063583374,-0.0783652886748313,-0.0447367988526821,-0.1329680234193802,-0.0413223393261432,0.1837837547063828,-0.0488505959510803,-0.0706646218895912,0.0271903797984123,0.0219044778496027,-0.0235294587910175,-0.0308457743376493,0.057228934019804,-0.0428570881485939,-0.0085470005869865,0.0047846273519098,0.0229884833097457,-0.0495679453015327,-0.0308988466858863,0.0133640756830573,0.1217390820384026,0.0636212080717086,-0.0413436293601989,0.0226566381752491,0.0134770758450031,-0.0244499258697032,-0.0132978595793247,-0.0303460843861103,-0.0242588017135858,-0.0487144961953163,-0.0662982836365699,-0.0360869839787483,-0.0828402936458587,0.0,-0.1161290034651756,0.0048056081868708,-0.0145985260605812,-0.0230473838746547,0.0185185000300407,0.0017101615667343,-0.010909080505371,-0.0004273576778359,-0.047794159501791,0.0404623821377754,-0.0193050019443035,0.004017858300358,0.0927834138274192,-0.0283529367297887,0.1084535364023315,-0.0471727638216219,0.0824741463196239,0.0136257704015791,0.0432989028229022,0.1172161269415217,-0.0103093276458727,0.0557286856142704,-0.2973191958489246,0.2603306049801386,-0.5810307222678508,0.361607142143497,2019-02-22,2019-02-25,2019-02-26,2019-02-27,2019-02-28,2019-03-01,2019-03-04,2019-03-05,2019-03-06,2019-03-07,14936.0,2019-02-21,252.0,-20.4918%,-0.0036,0.4229,0.1627,-0.1397,7.6096%,7.6262%,0.4370%,-0.20416,RWLK,14936.0,2019-02-22,252.0,9.2783%,-0.0032,0.4078,0.235,-0.2547,7.6265%,7.6462%,0.5125%,0.0869849999999999,RWLK,14936.0,2019-02-25,252.0,1.4340%,-0.0033,0.4132,0.2319,-0.2365,7.6217%,7.6411%,0.5077%,0.0137799999999999,RWLK,14936.0,2019-02-26,252.0,-2.3438%,-0.0033,0.4187,0.2529,-0.2218,7.6226%,7.6421%,0.5118%,-0.022172,RWLK,14936.0,2019-02-27,252.0,-2.5143%,-0.0036,0.3989,0.2813,-0.2251,7.6190%,7.6377%,0.4898%,-0.026366,RWLK,14936.0,2019-02-28,252.0,-1.1333%,-0.0037,0.4053,0.2854,-0.2188,7.6189%,7.6378%,0.4956%,-0.0108149999999999,RWLK,14936.0,2019-03-01,252.0,2.7668%,-0.0037,0.4289,0.3206,-0.1945,7.6184%,7.6388%,0.5333%,0.022957,RWLK,14936.0,2019-03-04,252.0,-3.4615%,-0.0038,0.4348,0.3253,-0.2015,7.6202%,7.6413%,0.5522%,-0.030434,RWLK,14936.0,2019-03-05,252.0,-2.3904%,-0.0038,0.4435,0.3806,-0.1883,7.6195%,7.6417%,0.5790%,-0.02273,RWLK,14936.0,2019-03-06,252.0,-8.1225%,-0.004,0.4824,0.5132,-0.1262,7.6305%,7.6566%,0.6797%,-0.0727189999999999,RWLK,14936.0,2019-03-07,252.0,6.6193%,-0.0036,0.4539,0.5189,-0.1625,7.6433%,7.6684%,0.6537%,0.070001,RWLK,-0.117175,-0.103395,-0.125567,-0.162748,-0.195673
6371,REWALK ROBOTICS LTD,ReWalk Robotics Prices 19M Share Offering At $0.23/Share,6,decrease,0.75,0.6,"the pricing of a share offering at a low price of $0.23 may signal financial distress or dilution of existing shares, likely leading to a decrease in stock price.",0,2019-02-21,RWLK,2019-02-21 11:11:00+00:00,14936.0,M8216Q20,-0.2049180269241333,12887429.0,0.0927834138274192,-0.0283529367297887,0.0143396416679024,-0.0193689949810504,-0.0234375093132257,0.0638085603713989,-0.0251428298652172,-0.1044642403721809,-0.0113325687125325,0.2307692021131516,0.0276679825037717,0.0133630335330963,-0.0346153974533081,-0.0274368561804294,-0.0239043142646551,0.005809721071273,-0.0812245234847068,0.0051095755770802,0.0661927983164787,-0.0515749379992485,-0.0416666269302368,-0.052476231008768,0.0204347390681505,-0.0132685927674174,-0.0085214711725711,-0.0433437377214431,-0.0227761082351207,0.1122590079903603,0.0615655146539211,0.0954356715083122,-0.0016570287989452,-0.0691713169217109,-0.0240663643926382,0.009929034858942,-0.0314626097679138,-0.0208332724869251,0.0048288134858012,0.2100839465856552,-0.0240279752761125,0.0397553741931915,-0.0384959578514099,-0.0477577298879623,-0.0385474599897861,-0.0228455383330583,-0.0199496764689683,0.1596881300210953,0.0602766685187816,0.0005943595315329,0.0663094073534011,-0.0450450703501701,-0.0556307658553123,-0.0826446115970611,-0.0189721696078777,0.1050228402018547,-0.0188679955899715,-0.0244989022612571,-0.0115384506061673,0.0298165399581193,-0.1712061613798141,-0.0991735681891441,-0.0657277479767799,0.0803571045398712,0.0050251209177076,0.0991168543696403,-0.024999976158142,0.0565059147775173,-0.0333333611488342,0.1079839468002319,0.0424403399229049,-0.0062785600312054,-0.0839695036411285,-0.0309734810143709,-0.0611110553145408,0.0331429094076156,0.1242603063583374,-0.0783652886748313,-0.0447367988526821,-0.1329680234193802,-0.0413223393261432,0.1837837547063828,-0.0488505959510803,-0.0706646218895912,0.0271903797984123,0.0219044778496027,-0.0235294587910175,-0.0308457743376493,0.057228934019804,-0.0428570881485939,-0.0085470005869865,0.0047846273519098,0.0229884833097457,-0.0495679453015327,-0.0308988466858863,0.0133640756830573,0.1217390820384026,0.0636212080717086,-0.0413436293601989,0.0226566381752491,0.0134770758450031,-0.0244499258697032,-0.0132978595793247,-0.0303460843861103,-0.0242588017135858,-0.0487144961953163,-0.0662982836365699,-0.0360869839787483,-0.0828402936458587,0.0,-0.1161290034651756,0.0048056081868708,-0.0145985260605812,-0.0230473838746547,0.0185185000300407,0.0017101615667343,-0.010909080505371,-0.0004273576778359,-0.047794159501791,0.0404623821377754,-0.0193050019443035,0.004017858300358,0.0927834138274192,-0.0283529367297887,0.1084535364023315,-0.0471727638216219,0.0824741463196239,0.0136257704015791,0.0432989028229022,0.1172161269415217,-0.0103093276458727,0.0557286856142704,-0.2973191958489246,0.2603306049801386,-0.5810307222678508,0.361607142143497,2019-02-22,2019-02-25,2019-02-26,2019-02-27,2019-02-28,2019-03-01,2019-03-04,2019-03-05,2019-03-06,2019-03-07,14936.0,2019-02-21,252.0,-20.4918%,-0.0036,0.4229,0.1627,-0.1397,7.6096%,7.6262%,0.4370%,-0.20416,RWLK,14936.0,2019-02-22,252.0,9.2783%,-0.0032,0.4078,0.235,-0.2547,7.6265%,7.6462%,0.5125%,0.0869849999999999,RWLK,14936.0,2019-02-25,252.0,1.4340%,-0.0033,0.4132,0.2319,-0.2365,7.6217%,7.6411%,0.5077%,0.0137799999999999,RWLK,14936.0,2019-02-26,252.0,-2.3438%,-0.0033,0.4187,0.2529,-0.2218,7.6226%,7.6421%,0.5118%,-0.022172,RWLK,14936.0,2019-02-27,252.0,-2.5143%,-0.0036,0.3989,0.2813,-0.2251,7.6190%,7.6377%,0.4898%,-0.026366,RWLK,14936.0,2019-02-28,252.0,-1.1333%,-0.0037,0.4053,0.2854,-0.2188,7.6189%,7.6378%,0.4956%,-0.0108149999999999,RWLK,14936.0,2019-03-01,252.0,2.7668%,-0.0037,0.4289,0.3206,-0.1945,7.6184%,7.6388%,0.5333%,0.022957,RWLK,14936.0,2019-03-04,252.0,-3.4615%,-0.0038,0.4348,0.3253,-0.2015,7.6202%,7.6413%,0.5522%,-0.030434,RWLK,14936.0,2019-03-05,252.0,-2.3904%,-0.0038,0.4435,0.3806,-0.1883,7.6195%,7.6417%,0.5790%,-0.02273,RWLK,14936.0,2019-03-06,252.0,-8.1225%,-0.004,0.4824,0.5132,-0.1262,7.6305%,7.6566%,0.6797%,-0.0727189999999999,RWLK,14936.0,2019-03-07,252.0,6.6193%,-0.0036,0.4539,0.5189,-0.1625,7.6433%,7.6684%,0.6537%,0.070001,RWLK,-0.117175,-0.103395,-0.125567,-0.162748,-0.195673
6379,BOSTON BEER INC,"Macquarie Raises A Glass To Boston Beer, Upgrades After Q4 EPS Beat",6,increase,0.8,0.6,the upgrade from macquarie following a q4 eps beat suggests positive sentiment and potential for stock price appreciation.,2,2019-02-21,SAM,2019-02-21 15:27:00+00:00,82634.0,10055710,0.1433097869157791,438912.0,0.006357008125633,-0.0023426353000104,-0.0138645889237523,-0.0089184204116463,0.0063399006612598,0.003068228252232,-0.0022196595091372,0.0044555980712175,0.022540595382452,0.0033529314678162,-0.0245712585747242,0.0258743353188037,0.0068223122507333,-0.0092017296701669,0.0084375701844692,0.0147165674716234,0.0070747942663729,0.0331480987370014,0.0021171607077121,-0.0108768381178379,0.0053776977583765,0.0425331555306911,0.0159513819962739,-0.0066688330844044,-0.0164844077080488,-0.0130037143826484,0.0067234360612928,0.0203948356211185,-0.0262075029313564,-0.0026549408212304,-0.0033803826663643,-0.0081831244751811,0.019503004848957,-0.0081166438758373,-0.0327575840055942,0.0236508715897798,-0.013030732050538,-0.0234576296061277,-0.0042222696356475,0.0278683770447969,-0.0374209024012088,0.0054379943758249,0.0016431310214102,0.0202871263027191,0.0211510844528675,0.0066081304103136,-0.0056396550498902,-0.0154052730649709,0.0001031169304042,-0.00121586676687,0.0129919182509183,-0.0049227895215153,-0.015946839004755,0.0070159146562218,-0.0152398487553,0.0196187701076269,-0.0206924602389335,-0.0237936042249202,0.0153735699132084,-0.021962272003293,-0.0551761053502559,-0.0055718659423291,-0.0019378714496269,0.047456756234169,0.0057130008935928,-0.0012338564265519,-0.0047895172610878,-0.024123890325427,-0.0054467134177684,0.0084582064300775,-0.0199557654559612,-0.0313133224844932,0.011252736672759,-0.0109123056754469,0.0158586073666811,0.0372003465890884,-0.0096124690026044,-0.0269657000899314,0.0043262126855552,-0.0178159978240728,0.0163688622415065,-0.0031317870598286,0.0235498435795307,-0.0293597225099802,-0.0046808710321784,-0.0182834547013044,0.0852657407522201,-0.0160205084830522,0.0151999918743968,0.0001115196282626,-0.0015432138461619,-0.0179614964872598,0.0194679647684097,0.0184035841375589,-0.0169672258198261,-0.0017443632241338,0.0430516675114631,0.0133133083581924,0.0345738530158996,-0.0266847554594278,-0.0015204038936644,-0.000621828075964,-0.0014008755097165,-0.0314626023173332,0.021622434258461,0.0280468463897705,-0.0061195492744445,-0.0274540353566408,0.0447227247059345,-0.0222367886453867,-0.0099185863509774,0.008065634407103,0.0098147531971335,0.0194710474461317,-0.0112147005274891,-0.0059094601310789,-0.000872412638273,-0.0450443923473358,-0.0054429941810667,0.0157198775559663,0.006357008125633,-0.0023426353000104,-0.0075957181025662,-0.0112401631051801,-0.0013039735395274,-0.008206422238947,0.0189404971652145,-0.0004471560737216,0.0184188889715326,0.0535202013987841,-0.0741646282457867,0.0972966049763457,0.1139038397316636,-0.0791145319932137,2019-02-22,2019-02-25,2019-02-26,2019-02-27,2019-02-28,2019-03-01,2019-03-04,2019-03-05,2019-03-06,2019-03-07,82634.0,2019-02-21,252.0,14.3310%,0.0019,0.5679,0.3458,-0.1311,2.4542%,2.5462%,7.0910%,0.145657,SAM,82634.0,2019-02-22,252.0,0.6357%,0.0019,0.5683,0.3478,-0.125,2.4543%,2.5463%,7.0946%,-0.001263,SAM,82634.0,2019-02-25,252.0,-1.3865%,0.0024,0.552,0.3396,-0.1894,2.2934%,2.3931%,8.1575%,-0.014138,SAM,82634.0,2019-02-26,252.0,0.6340%,0.0023,0.5453,0.3373,-0.1956,2.2931%,2.3910%,8.0261%,0.008672,SAM,82634.0,2019-02-27,252.0,-0.2220%,0.0024,0.5502,0.3268,-0.1948,2.2922%,2.3908%,8.0751%,-0.003686,SAM,82634.0,2019-02-28,252.0,2.2541%,0.0025,0.5445,0.3236,-0.2039,2.2961%,2.3932%,7.9514%,0.023594,SAM,82634.0,2019-03-01,252.0,-2.4571%,0.0024,0.5222,0.2903,-0.2233,2.2997%,2.3908%,7.4711%,-0.030336,SAM,82634.0,2019-03-04,252.0,0.6822%,0.0024,0.5246,0.274,-0.2221,2.2999%,2.3908%,7.4551%,0.0114799999999999,SAM,82634.0,2019-03-05,252.0,0.8438%,0.0025,0.5253,0.2837,-0.2242,2.2998%,2.3910%,7.4864%,0.009556,SAM,82634.0,2019-03-06,252.0,0.7075%,0.0025,0.5161,0.2613,-0.2376,2.3006%,2.3901%,7.3493%,0.015061,SAM,82634.0,2019-03-07,252.0,0.2117%,0.0025,0.5116,0.2454,-0.2481,2.2994%,2.3881%,7.2941%,0.005658,SAM,0.144394,0.130256,0.138928,0.158836,0.170255
6387,BOSTON BEER INC,Boston Beer Co shares are trading higher after the company beat Q4 EPS estimates; Macquarie upgraded the company's stock from Underperform to Neutral and raised its price target from $260 to $275.,6,increase,0.8,0.7,"the positive earnings report and upgrade from macquarie are likely to boost investor confidence, leading to an increase in stock price.",2,2019-02-21,SAM,2019-02-21 15:14:00+00:00,82634.0,10055710,0.1433097869157791,438912.0,0.006357008125633,-0.0023426353000104,-0.0138645889237523,-0.0089184204116463,0.0063399006612598,0.003068228252232,-0.0022196595091372,0.0044555980712175,0.022540595382452,0.0033529314678162,-0.0245712585747242,0.0258743353188037,0.0068223122507333,-0.0092017296701669,0.0084375701844692,0.0147165674716234,0.0070747942663729,0.0331480987370014,0.0021171607077121,-0.0108768381178379,0.0053776977583765,0.0425331555306911,0.0159513819962739,-0.0066688330844044,-0.0164844077080488,-0.0130037143826484,0.0067234360612928,0.0203948356211185,-0.0262075029313564,-0.0026549408212304,-0.0033803826663643,-0.0081831244751811,0.019503004848957,-0.0081166438758373,-0.0327575840055942,0.0236508715897798,-0.013030732050538,-0.0234576296061277,-0.0042222696356475,0.0278683770447969,-0.0374209024012088,0.0054379943758249,0.0016431310214102,0.0202871263027191,0.0211510844528675,0.0066081304103136,-0.0056396550498902,-0.0154052730649709,0.0001031169304042,-0.00121586676687,0.0129919182509183,-0.0049227895215153,-0.015946839004755,0.0070159146562218,-0.0152398487553,0.0196187701076269,-0.0206924602389335,-0.0237936042249202,0.0153735699132084,-0.021962272003293,-0.0551761053502559,-0.0055718659423291,-0.0019378714496269,0.047456756234169,0.0057130008935928,-0.0012338564265519,-0.0047895172610878,-0.024123890325427,-0.0054467134177684,0.0084582064300775,-0.0199557654559612,-0.0313133224844932,0.011252736672759,-0.0109123056754469,0.0158586073666811,0.0372003465890884,-0.0096124690026044,-0.0269657000899314,0.0043262126855552,-0.0178159978240728,0.0163688622415065,-0.0031317870598286,0.0235498435795307,-0.0293597225099802,-0.0046808710321784,-0.0182834547013044,0.0852657407522201,-0.0160205084830522,0.0151999918743968,0.0001115196282626,-0.0015432138461619,-0.0179614964872598,0.0194679647684097,0.0184035841375589,-0.0169672258198261,-0.0017443632241338,0.0430516675114631,0.0133133083581924,0.0345738530158996,-0.0266847554594278,-0.0015204038936644,-0.000621828075964,-0.0014008755097165,-0.0314626023173332,0.021622434258461,0.0280468463897705,-0.0061195492744445,-0.0274540353566408,0.0447227247059345,-0.0222367886453867,-0.0099185863509774,0.008065634407103,0.0098147531971335,0.0194710474461317,-0.0112147005274891,-0.0059094601310789,-0.000872412638273,-0.0450443923473358,-0.0054429941810667,0.0157198775559663,0.006357008125633,-0.0023426353000104,-0.0075957181025662,-0.0112401631051801,-0.0013039735395274,-0.008206422238947,0.0189404971652145,-0.0004471560737216,0.0184188889715326,0.0535202013987841,-0.0741646282457867,0.0972966049763457,0.1139038397316636,-0.0791145319932137,2019-02-22,2019-02-25,2019-02-26,2019-02-27,2019-02-28,2019-03-01,2019-03-04,2019-03-05,2019-03-06,2019-03-07,82634.0,2019-02-21,252.0,14.3310%,0.0019,0.5679,0.3458,-0.1311,2.4542%,2.5462%,7.0910%,0.145657,SAM,82634.0,2019-02-22,252.0,0.6357%,0.0019,0.5683,0.3478,-0.125,2.4543%,2.5463%,7.0946%,-0.001263,SAM,82634.0,2019-02-25,252.0,-1.3865%,0.0024,0.552,0.3396,-0.1894,2.2934%,2.3931%,8.1575%,-0.014138,SAM,82634.0,2019-02-26,252.0,0.6340%,0.0023,0.5453,0.3373,-0.1956,2.2931%,2.3910%,8.0261%,0.008672,SAM,82634.0,2019-02-27,252.0,-0.2220%,0.0024,0.5502,0.3268,-0.1948,2.2922%,2.3908%,8.0751%,-0.003686,SAM,82634.0,2019-02-28,252.0,2.2541%,0.0025,0.5445,0.3236,-0.2039,2.2961%,2.3932%,7.9514%,0.023594,SAM,82634.0,2019-03-01,252.0,-2.4571%,0.0024,0.5222,0.2903,-0.2233,2.2997%,2.3908%,7.4711%,-0.030336,SAM,82634.0,2019-03-04,252.0,0.6822%,0.0024,0.5246,0.274,-0.2221,2.2999%,2.3908%,7.4551%,0.0114799999999999,SAM,82634.0,2019-03-05,252.0,0.8438%,0.0025,0.5253,0.2837,-0.2242,2.2998%,2.3910%,7.4864%,0.009556,SAM,82634.0,2019-03-06,252.0,0.7075%,0.0025,0.5161,0.2613,-0.2376,2.3006%,2.3901%,7.3493%,0.015061,SAM,82634.0,2019-03-07,252.0,0.2117%,0.0025,0.5116,0.2454,-0.2481,2.2994%,2.3881%,7.2941%,0.005658,SAM,0.144394,0.130256,0.138928,0.158836,0.170255
6395,BOSTON BEER INC,"Macquarie Upgrades Boston Beer Co to Neutral, Raises Price Target to $275",6,increase,0.7,0.6,"the upgrade to 'neutral' and the raised price target typically indicate a more favorable outlook, which can positively influence investor sentiment and potentially increase the stock price.",2,2019-02-21,SAM,2019-02-21 12:20:00+00:00,82634.0,10055710,0.1433097869157791,438912.0,0.006357008125633,-0.0023426353000104,-0.0138645889237523,-0.0089184204116463,0.0063399006612598,0.003068228252232,-0.0022196595091372,0.0044555980712175,0.022540595382452,0.0033529314678162,-0.0245712585747242,0.0258743353188037,0.0068223122507333,-0.0092017296701669,0.0084375701844692,0.0147165674716234,0.0070747942663729,0.0331480987370014,0.0021171607077121,-0.0108768381178379,0.0053776977583765,0.0425331555306911,0.0159513819962739,-0.0066688330844044,-0.0164844077080488,-0.0130037143826484,0.0067234360612928,0.0203948356211185,-0.0262075029313564,-0.0026549408212304,-0.0033803826663643,-0.0081831244751811,0.019503004848957,-0.0081166438758373,-0.0327575840055942,0.0236508715897798,-0.013030732050538,-0.0234576296061277,-0.0042222696356475,0.0278683770447969,-0.0374209024012088,0.0054379943758249,0.0016431310214102,0.0202871263027191,0.0211510844528675,0.0066081304103136,-0.0056396550498902,-0.0154052730649709,0.0001031169304042,-0.00121586676687,0.0129919182509183,-0.0049227895215153,-0.015946839004755,0.0070159146562218,-0.0152398487553,0.0196187701076269,-0.0206924602389335,-0.0237936042249202,0.0153735699132084,-0.021962272003293,-0.0551761053502559,-0.0055718659423291,-0.0019378714496269,0.047456756234169,0.0057130008935928,-0.0012338564265519,-0.0047895172610878,-0.024123890325427,-0.0054467134177684,0.0084582064300775,-0.0199557654559612,-0.0313133224844932,0.011252736672759,-0.0109123056754469,0.0158586073666811,0.0372003465890884,-0.0096124690026044,-0.0269657000899314,0.0043262126855552,-0.0178159978240728,0.0163688622415065,-0.0031317870598286,0.0235498435795307,-0.0293597225099802,-0.0046808710321784,-0.0182834547013044,0.0852657407522201,-0.0160205084830522,0.0151999918743968,0.0001115196282626,-0.0015432138461619,-0.0179614964872598,0.0194679647684097,0.0184035841375589,-0.0169672258198261,-0.0017443632241338,0.0430516675114631,0.0133133083581924,0.0345738530158996,-0.0266847554594278,-0.0015204038936644,-0.000621828075964,-0.0014008755097165,-0.0314626023173332,0.021622434258461,0.0280468463897705,-0.0061195492744445,-0.0274540353566408,0.0447227247059345,-0.0222367886453867,-0.0099185863509774,0.008065634407103,0.0098147531971335,0.0194710474461317,-0.0112147005274891,-0.0059094601310789,-0.000872412638273,-0.0450443923473358,-0.0054429941810667,0.0157198775559663,0.006357008125633,-0.0023426353000104,-0.0075957181025662,-0.0112401631051801,-0.0013039735395274,-0.008206422238947,0.0189404971652145,-0.0004471560737216,0.0184188889715326,0.0535202013987841,-0.0741646282457867,0.0972966049763457,0.1139038397316636,-0.0791145319932137,2019-02-22,2019-02-25,2019-02-26,2019-02-27,2019-02-28,2019-03-01,2019-03-04,2019-03-05,2019-03-06,2019-03-07,82634.0,2019-02-21,252.0,14.3310%,0.0019,0.5679,0.3458,-0.1311,2.4542%,2.5462%,7.0910%,0.145657,SAM,82634.0,2019-02-22,252.0,0.6357%,0.0019,0.5683,0.3478,-0.125,2.4543%,2.5463%,7.0946%,-0.001263,SAM,82634.0,2019-02-25,252.0,-1.3865%,0.0024,0.552,0.3396,-0.1894,2.2934%,2.3931%,8.1575%,-0.014138,SAM,82634.0,2019-02-26,252.0,0.6340%,0.0023,0.5453,0.3373,-0.1956,2.2931%,2.3910%,8.0261%,0.008672,SAM,82634.0,2019-02-27,252.0,-0.2220%,0.0024,0.5502,0.3268,-0.1948,2.2922%,2.3908%,8.0751%,-0.003686,SAM,82634.0,2019-02-28,252.0,2.2541%,0.0025,0.5445,0.3236,-0.2039,2.2961%,2.3932%,7.9514%,0.023594,SAM,82634.0,2019-03-01,252.0,-2.4571%,0.0024,0.5222,0.2903,-0.2233,2.2997%,2.3908%,7.4711%,-0.030336,SAM,82634.0,2019-03-04,252.0,0.6822%,0.0024,0.5246,0.274,-0.2221,2.2999%,2.3908%,7.4551%,0.0114799999999999,SAM,82634.0,2019-03-05,252.0,0.8438%,0.0025,0.5253,0.2837,-0.2242,2.2998%,2.3910%,7.4864%,0.009556,SAM,82634.0,2019-03-06,252.0,0.7075%,0.0025,0.5161,0.2613,-0.2376,2.3006%,2.3901%,7.3493%,0.015061,SAM,82634.0,2019-03-07,252.0,0.2117%,0.0025,0.5116,0.2454,-0.2481,2.2994%,2.3881%,7.2941%,0.005658,SAM,0.144394,0.130256,0.138928,0.158836,0.170255
6403,ECHOSTAR CORP,"EchoStar Q4 EPS $(0.01) Does Not Compare $0.25 Estimate, Sales $530.661M Miss $546.55M Estimate",6,decrease,0.8,0.7,the significant miss in both eps and sales compared to estimates is likely to lead to negative investor sentiment and a decrease in stock price.,0,2019-02-21,SATS,2019-02-21 11:08:00+00:00,92469.0,27876810,-0.1003436669707298,1203898.0,0.0101858340203762,0.0196215864270925,0.0055457833223044,0.0139744225889444,-0.0167961437255144,0.0095648383721709,-0.008924076333642,0.0023968953173607,-0.0079752393066883,-0.0016750345239415,0.0098547004163265,0.0057762139476835,0.0023112520575523,0.0021707706619054,-0.0169100649654865,0.0176729839295148,-0.0179827641695737,-0.0048851235769689,-0.0050424262881278,-0.0038929404690861,-0.0056015709415078,-0.0096385907381773,-0.0069742039777338,0.0065486407838761,0.0024311223533004,0.006100536789745,0.0051198764704167,0.0257821958512067,-0.0034852833487093,-0.0002502082497812,0.0005380806978791,0.0155019219964742,0.0013445295626297,-0.002787648467347,0.0010740360012277,0.0141351642087101,-0.0029506601858884,0.0135452058166265,0.0013452529674395,-0.0025981366634368,-0.0357335247099399,-0.0255695786327123,-0.0119810616597533,0.0138603933155536,0.0172025002539157,0.0017999407136812,-0.004713007248938,0.0015451341168954,0.0125347338616848,0.0028409247752279,0.0027510947547852,-0.0030895709060132,0.0126200020313262,-0.0041025602258741,0.0205905809998512,0.0111485691741108,-0.0047782454639673,0.0015580726321786,0.0360095612704753,0.0220275484025478,0.0090112891048192,-0.013095861300826,0.0012759135570377,0.0391943007707595,-0.0142711866647005,-0.0043360390700399,0.0103413006290793,0.0049019688740372,0.0043500042520463,0.0132450200617313,0.0084076896309852,0.0301307942718267,-0.0068216384388506,0.0065808165818452,0.0216229576617479,0.0337178148329258,0.0034860405139625,-0.0236788820475339,-0.010421791113913,-0.0220276415348053,0.0017552580684423,-0.0161156374961137,-0.0005006372230127,0.0025069678667932,-0.0062609566375613,-0.0201964490115642,-0.0120967626571655,-0.0332454368472099,0.0137755330651998,-0.0279558897018432,0.0088072083890438,-0.0245183762162923,-0.0059865722432732,0.0057876077480614,0.0037641539238393,-0.0020089908502995,-0.0185000412166118,-0.0017548181349411,0.0165563318878412,-0.0118900062516331,0.0047606769949197,0.0029813398141413,-0.0211969707161188,-0.0418947488069534,0.0494267158210277,0.0040630535222589,-0.0262199081480503,0.0035980218090116,0.0,-0.0213615000247955,-0.0204437710344791,0.0133205885067582,0.022906532511115,0.0011907414300367,0.0032346621155738,0.0050263977609574,0.0076885260641574,-0.0021495141554623,-0.0056608305312693,0.0295057985931634,0.0101858340203762,0.0196215864270925,0.0157881057711146,0.0338702093566347,-0.001273217248085,0.0437590108069334,-0.0180799353608744,0.0445082689449234,-0.0453271891515273,0.0620438716239777,-0.0109498382805121,0.1584395191206213,0.0287751767663611,0.0732727650155005,2019-02-22,2019-02-25,2019-02-26,2019-02-27,2019-02-28,2019-03-01,2019-03-04,2019-03-05,2019-03-06,2019-03-07,92469.0,2019-02-21,252.0,-10.0344%,-0.0017,0.9549,0.6236,0.3268,1.3966%,1.7171%,33.8537%,-0.095934,SATS,92469.0,2019-02-22,252.0,1.0186%,-0.0017,0.9542,0.618,0.313,1.3968%,1.7182%,33.9092%,0.005253,SATS,92469.0,2019-02-25,252.0,0.5546%,-0.0015,0.9503,0.6102,0.2944,1.3817%,1.7050%,34.3291%,0.006185,SATS,92469.0,2019-02-26,252.0,-1.6796%,-0.0016,0.9374,0.6352,0.2973,1.3741%,1.6924%,34.0790%,-0.010499,SATS,92469.0,2019-02-27,252.0,-0.8924%,-0.0016,0.944,0.6207,0.2984,1.3718%,1.6922%,34.2825%,-0.010718,SATS,92469.0,2019-02-28,252.0,-0.7975%,-0.0016,0.9466,0.6225,0.301,1.3717%,1.6917%,34.2536%,-0.004527,SATS,92469.0,2019-03-01,252.0,0.9855%,-0.0017,0.952,0.6305,0.3075,1.3711%,1.6927%,34.3856%,0.002348,SATS,92469.0,2019-03-04,252.0,0.2311%,-0.0015,0.9427,0.6525,0.312,1.3682%,1.6869%,34.2158%,0.008494,SATS,92469.0,2019-03-05,252.0,-1.6910%,-0.0016,0.9454,0.6668,0.3181,1.3697%,1.6889%,34.2266%,-0.012626,SATS,92469.0,2019-03-06,252.0,-1.7983%,-0.0016,0.9393,0.6727,0.312,1.3677%,1.6875%,34.3085%,-0.001857,SATS,92469.0,2019-03-07,252.0,-0.5042%,-0.0016,0.9385,0.6801,0.313,1.3674%,1.6876%,34.3524%,0.00407,SATS,-0.090681,-0.084496,-0.094995,-0.11024,-0.109811
6411,S B A COMMUNICATIONS CORP NEW,"SBA Communications Sees FY19 Sales $1.93B-$1.97B vs $1.98B Est., AFFO/Share $7.95-$8.44",6,decrease,0.7,0.5,"the company's sales guidance for fy19 is below analyst estimates, which may lead to a negative reaction in the stock price.",0,2019-02-21,SBAC,2019-02-21 21:39:00+00:00,86996.0,78410G10,-0.0018033871892839,775770.0,-0.0006022150628268,-0.0030509263742715,-0.0079978452995419,-0.0105121126398444,-0.0005521610728465,0.0071122078225016,-0.0032046069391071,-0.0008136807009577,0.0008314056321978,0.0061677289195358,0.0085844211280345,-0.0041310782544314,0.0020317123271524,0.0040934397839009,-0.0020823632366955,-0.0023413705639541,0.0010982808889821,0.0122918961569666,0.0059243105351924,-0.0171731859445571,0.0004907641559839,0.0116737345233559,0.0132991904392838,0.0072872214950621,0.006508479360491,-0.0076151834800839,0.0098333247005939,0.0208042133599519,0.0025401974562555,0.0002797217166516,0.0079708322882652,0.0064181927591562,0.0031945568043738,0.001974337734282,0.0017227074131369,0.0041919532231986,0.0037521559279412,0.0058689387515187,0.017963794991374,0.0135134924203157,0.0053551676683127,0.0006356579251587,-0.007812466006726,-0.0023636783007532,-0.0029655478429049,0.0051573235541582,-0.0064102564938366,0.0121408058330416,0.0060902847908437,0.0079214721918106,0.0242651775479316,-0.0037104049697518,-0.0087649002671241,0.0103540029376745,0.0087413256987929,0.0188553445041179,0.0024043063167482,-0.0138705736026167,-0.0099439853802323,0.0162221174687147,0.0145358582958579,0.0101263895630836,0.0023879955988377,0.0024609891697764,-0.0014889227459207,0.0111352615058422,0.00666035246104,-0.0070418147370219,0.003900698851794,-0.0036925724707543,0.0045248777605593,-0.0042894599027931,-0.0055327303707599,-0.0065745529718697,-0.0208261329680681,0.0388288050889968,-0.0079444982111454,-0.0226218458265066,0.0044601601548492,-0.0098531255498528,0.0060046548023819,-0.0102968635037541,0.0030596409924328,-0.0020551036577671,0.0043004332110285,0.005042232107371,-0.006522593088448,-0.0457391254603862,0.0077181803062558,0.0016258202958852,-0.0062665226869285,0.0192341841757297,0.0196186285465955,-0.0135442353785038,0.0003926855861209,0.0143305398523807,0.001864505582489,0.00416243635118,0.0133698796853423,-0.0194740630686283,-0.0042528747580945,0.0098922019824385,-0.0082022286951541,-0.0007649145554751,0.0175678804516792,-0.0049762357957661,-0.0030297434423118,0.0134084513410925,0.0148569867014884,0.0011285486398264,-0.005323423538357,0.0191283524036407,0.0009556885343044,-0.0051189768128097,0.0044397413730621,0.0024752696044743,0.0090779643505811,-0.0117534827440977,-0.010974527336657,-0.0068732812069356,-0.0006022150628268,-0.0030509263742715,-0.0085952439394593,-0.0135309673324137,-0.0091426590531907,-0.0065149945616197,-0.0114968029588997,-0.0012008138041548,0.0039417565824799,-0.0086678087117819,0.084692875719283,0.1117929993612294,0.1495674548319925,0.0842566880428385,2019-02-22,2019-02-25,2019-02-26,2019-02-27,2019-02-28,2019-03-01,2019-03-04,2019-03-05,2019-03-06,2019-03-07,86996.0,2019-02-21,252.0,-0.1803%,0.0002,0.4555,-0.1919,-0.0728,1.1955%,1.2972%,15.0685%,-0.000539,SBAC,86996.0,2019-02-22,252.0,-0.0602%,0.0002,0.4562,-0.1955,-0.0681,1.1957%,1.2972%,15.0399%,-0.003677,SBAC,86996.0,2019-02-25,252.0,-0.7998%,0.0001,0.4573,-0.1897,-0.0609,1.1958%,1.2969%,14.9884%,-0.009413,SBAC,86996.0,2019-02-26,252.0,-0.0552%,0.0001,0.4561,-0.1865,-0.0602,1.1957%,1.2953%,14.7857%,-0.001336,SBAC,86996.0,2019-02-27,252.0,-0.3205%,0.0001,0.4593,-0.1933,-0.0597,1.1950%,1.2955%,14.9093%,-0.003433,SBAC,86996.0,2019-02-28,252.0,0.0831%,0.0003,0.4319,-0.212,-0.08,1.1522%,1.2472%,14.6558%,0.002045,SBAC,86996.0,2019-03-01,252.0,0.8584%,0.0005,0.4129,-0.2404,-0.112,1.1332%,1.2263%,14.6001%,0.005679,SBAC,86996.0,2019-03-04,252.0,0.2032%,0.0005,0.4088,-0.2295,-0.1103,1.1323%,1.2225%,14.2148%,0.003564,SBAC,86996.0,2019-03-05,252.0,-0.2082%,0.0006,0.4125,-0.2019,-0.1065,1.1286%,1.2195%,14.3431%,-0.002454,SBAC,86996.0,2019-03-06,252.0,0.1098%,0.0005,0.4017,-0.196,-0.1179,1.1221%,1.2100%,14.0057%,0.001972,SBAC,86996.0,2019-03-07,252.0,0.5924%,0.0005,0.3984,-0.1963,-0.1224,1.1232%,1.2104%,13.8930%,0.008602,SBAC,-0.004216,-0.0136289999999999,-0.014965,-0.016353,0.00101
6419,S B A COMMUNICATIONS CORP NEW,"SBA Communications Q4 EPS $0.50 Beats $0.43 Estimate, Sales $444.7M Miss $472.75M Estimate, AFFO $2.00/Share Up From $1.78/Share YoY",6,uncertain,0.6,0.3,"while the eps beat expectations, the significant miss in sales could lead to mixed reactions from investors, making the overall impact on the stock price uncertain.",1,2019-02-21,SBAC,2019-02-21 21:37:00+00:00,86996.0,78410G10,-0.0018033871892839,775770.0,-0.0006022150628268,-0.0030509263742715,-0.0079978452995419,-0.0105121126398444,-0.0005521610728465,0.0071122078225016,-0.0032046069391071,-0.0008136807009577,0.0008314056321978,0.0061677289195358,0.0085844211280345,-0.0041310782544314,0.0020317123271524,0.0040934397839009,-0.0020823632366955,-0.0023413705639541,0.0010982808889821,0.0122918961569666,0.0059243105351924,-0.0171731859445571,0.0004907641559839,0.0116737345233559,0.0132991904392838,0.0072872214950621,0.006508479360491,-0.0076151834800839,0.0098333247005939,0.0208042133599519,0.0025401974562555,0.0002797217166516,0.0079708322882652,0.0064181927591562,0.0031945568043738,0.001974337734282,0.0017227074131369,0.0041919532231986,0.0037521559279412,0.0058689387515187,0.017963794991374,0.0135134924203157,0.0053551676683127,0.0006356579251587,-0.007812466006726,-0.0023636783007532,-0.0029655478429049,0.0051573235541582,-0.0064102564938366,0.0121408058330416,0.0060902847908437,0.0079214721918106,0.0242651775479316,-0.0037104049697518,-0.0087649002671241,0.0103540029376745,0.0087413256987929,0.0188553445041179,0.0024043063167482,-0.0138705736026167,-0.0099439853802323,0.0162221174687147,0.0145358582958579,0.0101263895630836,0.0023879955988377,0.0024609891697764,-0.0014889227459207,0.0111352615058422,0.00666035246104,-0.0070418147370219,0.003900698851794,-0.0036925724707543,0.0045248777605593,-0.0042894599027931,-0.0055327303707599,-0.0065745529718697,-0.0208261329680681,0.0388288050889968,-0.0079444982111454,-0.0226218458265066,0.0044601601548492,-0.0098531255498528,0.0060046548023819,-0.0102968635037541,0.0030596409924328,-0.0020551036577671,0.0043004332110285,0.005042232107371,-0.006522593088448,-0.0457391254603862,0.0077181803062558,0.0016258202958852,-0.0062665226869285,0.0192341841757297,0.0196186285465955,-0.0135442353785038,0.0003926855861209,0.0143305398523807,0.001864505582489,0.00416243635118,0.0133698796853423,-0.0194740630686283,-0.0042528747580945,0.0098922019824385,-0.0082022286951541,-0.0007649145554751,0.0175678804516792,-0.0049762357957661,-0.0030297434423118,0.0134084513410925,0.0148569867014884,0.0011285486398264,-0.005323423538357,0.0191283524036407,0.0009556885343044,-0.0051189768128097,0.0044397413730621,0.0024752696044743,0.0090779643505811,-0.0117534827440977,-0.010974527336657,-0.0068732812069356,-0.0006022150628268,-0.0030509263742715,-0.0085952439394593,-0.0135309673324137,-0.0091426590531907,-0.0065149945616197,-0.0114968029588997,-0.0012008138041548,0.0039417565824799,-0.0086678087117819,0.084692875719283,0.1117929993612294,0.1495674548319925,0.0842566880428385,2019-02-22,2019-02-25,2019-02-26,2019-02-27,2019-02-28,2019-03-01,2019-03-04,2019-03-05,2019-03-06,2019-03-07,86996.0,2019-02-21,252.0,-0.1803%,0.0002,0.4555,-0.1919,-0.0728,1.1955%,1.2972%,15.0685%,-0.000539,SBAC,86996.0,2019-02-22,252.0,-0.0602%,0.0002,0.4562,-0.1955,-0.0681,1.1957%,1.2972%,15.0399%,-0.003677,SBAC,86996.0,2019-02-25,252.0,-0.7998%,0.0001,0.4573,-0.1897,-0.0609,1.1958%,1.2969%,14.9884%,-0.009413,SBAC,86996.0,2019-02-26,252.0,-0.0552%,0.0001,0.4561,-0.1865,-0.0602,1.1957%,1.2953%,14.7857%,-0.001336,SBAC,86996.0,2019-02-27,252.0,-0.3205%,0.0001,0.4593,-0.1933,-0.0597,1.1950%,1.2955%,14.9093%,-0.003433,SBAC,86996.0,2019-02-28,252.0,0.0831%,0.0003,0.4319,-0.212,-0.08,1.1522%,1.2472%,14.6558%,0.002045,SBAC,86996.0,2019-03-01,252.0,0.8584%,0.0005,0.4129,-0.2404,-0.112,1.1332%,1.2263%,14.6001%,0.005679,SBAC,86996.0,2019-03-04,252.0,0.2032%,0.0005,0.4088,-0.2295,-0.1103,1.1323%,1.2225%,14.2148%,0.003564,SBAC,86996.0,2019-03-05,252.0,-0.2082%,0.0006,0.4125,-0.2019,-0.1065,1.1286%,1.2195%,14.3431%,-0.002454,SBAC,86996.0,2019-03-06,252.0,0.1098%,0.0005,0.4017,-0.196,-0.1179,1.1221%,1.2100%,14.0057%,0.001972,SBAC,86996.0,2019-03-07,252.0,0.5924%,0.0005,0.3984,-0.1963,-0.1224,1.1232%,1.2104%,13.8930%,0.008602,SBAC,-0.004216,-0.0136289999999999,-0.014965,-0.016353,0.00101
6427,SELECT MEDICAL HOLDINGS CORP,"Select Medical Holdings Q4 EPS $0.20 Misses $0.21 Estimate, Sales $1.265B Miss $1.27B Estimate",6,decrease,0.75,0.6,"the company reported lower-than-expected earnings per share and sales, which typically leads to a negative reaction in stock prices.",0,2019-02-21,SEM,2019-02-21 22:28:00+00:00,93035.0,81619Q10,-0.0083280019462108,601340.0,0.0096899596974253,-0.0025559081695973,0.0025591785088181,-0.0057179257273674,-0.0516911558806896,0.007037725765258,0.0026917874347418,0.0142764616757631,-0.0053691226057708,-0.0102761620655655,0.0242915395647287,0.0064640869386494,-0.0303030330687761,0.0117724202573299,-0.0135869430378079,-0.0377596206963062,-0.0523416101932525,-0.0012570398394018,0.0,0.0044191726483404,0.0014534522779285,0.0006317264051176,0.005079872906208,0.023932721465826,-0.0014440763043239,-0.0102432677522301,0.0144613021984696,0.0116580510511994,0.0142551539465785,0.0184696391224861,-0.0049191634170711,-0.0032873235177248,0.0112994248047471,-0.0237483885139226,0.0209497343748807,0.0263504348695278,-0.0123119223862886,0.0006592108402401,0.0055402270518243,0.0404664017260074,-0.0330578833818435,-0.0292943082749843,0.0071225343272089,-0.0195821952074766,-0.0021216892637312,-0.0019544421229511,-0.0127568645402789,0.0267558917403221,-0.0007178914966061,0.0101351095363497,0.01221264898777,-0.0080428877845406,0.002838890068233,0.0040377131663262,-0.0077848304063081,0.0067750290036201,0.0042795622721314,0.0193370655179023,0.0071022999472916,0.0284090638160705,0.0232722088694572,-0.1249223276972771,-0.0020675868727266,0.0509470738470554,-0.002762428484857,-0.0267005171626806,0.0103878518566489,0.0247556455433368,-0.0082248039543628,-0.0090380497276782,-0.0055286744609475,-0.0083226710557937,0.0125086409971118,0.0,-0.0528482869267463,0.0462156422436237,-0.0485507287085056,-0.0435617789626121,0.0342726446688175,-0.0316377878189086,0.0014727878151461,-0.0194647014141082,0.0191175937652587,-0.031231515109539,0.0144300702959299,0.0309842191636562,0.0085348421707749,-0.0184854716062545,0.0282087177038192,-0.0652173906564712,-0.0013717081164941,-0.0281689371913671,-0.0130494870245456,-0.0048517603427171,-0.0090466327965259,0.0181119609624147,0.0014045265270397,-0.0103205069899559,0.0161290001124143,-0.009682641364634,0.0282953660935163,0.0032379634212702,-0.0154362116008997,-0.0413864068686962,-0.003408329328522,-0.0025799400173127,0.0136798778548836,0.0173228308558464,-0.0087719373404979,-0.016012467443943,-0.0149761280044913,0.0341881029307842,0.0027643372304737,-0.0042553152889013,0.0048242378979921,0.0069629973731935,-0.0089163314551115,0.012472859583795,0.0166089814156293,0.0187845379114151,0.0096899596974253,-0.0025559081695973,0.0122739365428525,-0.008259219403885,-0.0400516733049433,-0.0012796197598266,-0.0426356504108592,0.0025690414835168,-0.1111110691369287,-0.0145202326317394,-0.0839792795449164,0.1086647545649182,-0.0510335858069433,-0.1375691033783385,2019-02-22,2019-02-25,2019-02-26,2019-02-27,2019-02-28,2019-03-01,2019-03-04,2019-03-05,2019-03-06,2019-03-07,93035.0,2019-02-21,252.0,-0.8328%,-0.0002,0.7562,1.3326,0.3539,2.2390%,2.4528%,16.6749%,-0.003926,SEM,93035.0,2019-02-22,252.0,0.9690%,-0.0002,0.7562,1.3235,0.3453,2.2386%,2.4518%,16.6302%,0.002548,SEM,93035.0,2019-02-25,252.0,0.2559%,-0.0006,0.7674,1.3318,0.3911,2.1552%,2.3771%,17.7959%,0.0053879999999999,SEM,93035.0,2019-02-26,252.0,-5.1691%,-0.0008,0.7725,1.3827,0.4207,2.1696%,2.3979%,18.1355%,-0.040749,SEM,93035.0,2019-02-27,252.0,0.2692%,-0.0007,0.7763,1.376,0.4213,2.1689%,2.3975%,18.1627%,-0.000226,SEM,93035.0,2019-02-28,252.0,-0.5369%,-0.0008,0.7923,1.3869,0.4333,2.1611%,2.3954%,18.6061%,-0.002284,SEM,93035.0,2019-03-01,252.0,2.4292%,-0.0007,0.7834,1.3737,0.4117,2.1598%,2.3893%,18.2891%,0.016208,SEM,93035.0,2019-03-04,252.0,-3.0303%,-0.0007,0.7778,1.4118,0.4087,2.1612%,2.3952%,18.5864%,-0.02243,SEM,93035.0,2019-03-05,252.0,-1.3587%,-0.0008,0.7769,1.4004,0.4103,2.1609%,2.3898%,18.2449%,-0.006997,SEM,93035.0,2019-03-06,252.0,-5.2342%,-0.0008,0.8001,1.4471,0.4428,2.1632%,2.4092%,19.3789%,-0.028425,SEM,93035.0,2019-03-07,252.0,0.0000%,-0.0008,0.7939,1.4359,0.4315,2.1636%,2.4058%,19.1198%,0.008945,SEM,-0.0013779999999999,0.00401,-0.036739,-0.039249,-0.071948
6435,SPROUTS FARMERS MARKET INC,Sprouts Farmers Market Sees FY19 EPS $1.16-$1.24 vs $1.32 Estimate,6,decrease,0.8,0.7,"the company's fy19 eps guidance is below the analyst estimate, which is likely to lead to a negative reaction in the stock price.",0,2019-02-21,SFM,2019-02-21 14:02:00+00:00,14102.0,85208M10,-0.0352112054824829,4085242.0,0.0081579480320215,-0.0305220987647771,0.0089438240975141,0.0142566347494721,-0.0156184397637844,0.0254803132265806,-0.0012863971060141,-0.0016680153785273,0.0012880540452897,0.0067170383408665,-0.0051457518711686,0.0050632460042834,-0.0034482723567634,0.0076530738733708,0.0,-0.0096841910853981,-0.0038927400019019,-0.0071070264093577,-0.0078159049153327,-0.0074688922613859,-0.0323851108551025,0.0168776214122772,0.0049750655889511,0.0097998064011335,-0.0121511500328779,-0.0212677326053381,0.015034164302051,-0.0004168498853687,0.0013464442454278,-0.0082679102197289,0.0035858326591551,0.0176693331450223,0.0062528494745492,-0.0157349556684494,-0.0173103101551532,-0.0090275425463914,-0.0036133660469204,-0.0105561641976237,0.0203989464789629,-0.0020259781740605,0.0044424869120121,-0.0108216609805822,0.000442292279331,0.0044283657334744,-0.0026525806169956,0.0,-0.0363475047051906,0.0201231930404901,-0.0013799763983115,0.0175511930137872,-0.0078304084017872,-0.0045757321640849,0.0060352440923452,-0.0041424389928579,-0.0267651099711656,-0.0065843560732901,-0.0080606956034898,-0.0053213699720799,0.0172084420919418,0.0158004611730575,0.0093984417617321,0.0088086863979697,-0.0046555111184716,0.0033670000266283,-0.006080409977585,0.0114942723885178,0.0141176115721464,-0.000850721320603,0.0018561910837888,0.013799037784338,-0.0120426230132579,0.0086994674056768,0.0014065019786357,-0.0094786435365676,-0.0074906293302774,0.0247240383177995,0.0169810708612203,-0.0182054657489061,0.0004638325190171,0.0083042196929454,-0.02549834176898,-0.0163371060043573,-0.0114176860079169,-0.0110544310882687,0.0264677200466394,0.0008510833140462,-0.0079699987545609,-0.0191986262798309,-0.0066162282600998,-0.0049834237433969,0.0261655189096927,0.0079531408846378,-0.006954085547477,-0.0124018657952547,-0.0060690552927553,0.0083368392661213,0.0540159493684768,-0.0188139453530311,-0.0138146774843335,-0.0255081467330455,0.0171713102608919,0.0389234200119972,-0.0102176610380411,-0.038614697754383,-0.0049371905624866,0.0912250354886055,0.0139828352257609,-0.1483536809682846,-0.0004448500403668,0.0150207113474607,-0.0342678502202034,-0.0026217827107757,-0.0096774650737643,0.009833593852818,-0.0037226581480354,-0.0357403196394443,-0.0144791901111602,0.0223713796585798,-0.0056872433051466,-0.0397422350943088,0.0081579480320215,-0.0305220987647771,0.0171747353817306,-0.0167006064291818,0.0012880530479277,0.0083541701145093,0.0012880530381944,0.0134340757491855,-0.0188922510469705,0.0016597094611792,-0.0863031424704913,0.0037422099342507,-0.0991842561407161,-0.1356964123133747,2019-02-22,2019-02-25,2019-02-26,2019-02-27,2019-02-28,2019-03-01,2019-03-04,2019-03-05,2019-03-06,2019-03-07,14102.0,2019-02-21,252.0,-3.5211%,-0.0003,0.4348,0.654,0.2658,2.1765%,2.2395%,5.5404%,-0.032591,SFM,14102.0,2019-02-22,252.0,0.8158%,-0.0003,0.434,0.654,0.2563,2.1768%,2.2399%,5.5490%,0.005543,SFM,14102.0,2019-02-25,252.0,0.8944%,-0.0002,0.4313,0.6461,0.2422,2.1732%,2.2358%,5.5195%,0.010355,SFM,14102.0,2019-02-26,252.0,-1.5618%,-0.0001,0.4455,0.6461,0.2529,2.1703%,2.2356%,5.7503%,-0.010094,SFM,14102.0,2019-02-27,252.0,-0.1286%,-0.0003,0.4301,0.6727,0.2503,2.1593%,2.2240%,5.7293%,-0.002712,SFM,14102.0,2019-02-28,252.0,0.1288%,-0.0003,0.4296,0.6725,0.2492,2.1594%,2.2237%,5.6915%,0.003013,SFM,14102.0,2019-03-01,252.0,-0.5146%,-0.0003,0.4315,0.6753,0.2563,2.1598%,2.2238%,5.6740%,-0.009282,SFM,14102.0,2019-03-04,252.0,-0.3448%,-0.0003,0.4321,0.6727,0.2563,2.1598%,2.2239%,5.6769%,0.000407,SFM,14102.0,2019-03-05,252.0,0.0000%,-0.0002,0.4353,0.6999,0.2572,2.1573%,2.2234%,5.8581%,0.003345,SFM,14102.0,2019-03-06,252.0,-0.3893%,-0.0001,0.4426,0.6729,0.2618,2.1541%,2.2207%,5.9064%,0.00839,SFM,14102.0,2019-03-07,252.0,-0.7816%,-0.0002,0.4384,0.6468,0.2489,2.1496%,2.2138%,5.7163%,-0.002942,SFM,-0.027048,-0.016693,-0.026787,-0.0264859999999999,-0.0265679999999999
6443,SPROUTS FARMERS MARKET INC,"Sprouts Farmers Market Q4 EPS $0.19 Beats $0.18 Estimate, Sales $1.269B Beat $1.26B Estimate",6,increase,0.8,0.6,"the company reported better-than-expected earnings and sales, which typically leads to positive investor sentiment and an increase in stock price.",2,2019-02-21,SFM,2019-02-21 14:02:00+00:00,14102.0,85208M10,-0.0352112054824829,4085242.0,0.0081579480320215,-0.0305220987647771,0.0089438240975141,0.0142566347494721,-0.0156184397637844,0.0254803132265806,-0.0012863971060141,-0.0016680153785273,0.0012880540452897,0.0067170383408665,-0.0051457518711686,0.0050632460042834,-0.0034482723567634,0.0076530738733708,0.0,-0.0096841910853981,-0.0038927400019019,-0.0071070264093577,-0.0078159049153327,-0.0074688922613859,-0.0323851108551025,0.0168776214122772,0.0049750655889511,0.0097998064011335,-0.0121511500328779,-0.0212677326053381,0.015034164302051,-0.0004168498853687,0.0013464442454278,-0.0082679102197289,0.0035858326591551,0.0176693331450223,0.0062528494745492,-0.0157349556684494,-0.0173103101551532,-0.0090275425463914,-0.0036133660469204,-0.0105561641976237,0.0203989464789629,-0.0020259781740605,0.0044424869120121,-0.0108216609805822,0.000442292279331,0.0044283657334744,-0.0026525806169956,0.0,-0.0363475047051906,0.0201231930404901,-0.0013799763983115,0.0175511930137872,-0.0078304084017872,-0.0045757321640849,0.0060352440923452,-0.0041424389928579,-0.0267651099711656,-0.0065843560732901,-0.0080606956034898,-0.0053213699720799,0.0172084420919418,0.0158004611730575,0.0093984417617321,0.0088086863979697,-0.0046555111184716,0.0033670000266283,-0.006080409977585,0.0114942723885178,0.0141176115721464,-0.000850721320603,0.0018561910837888,0.013799037784338,-0.0120426230132579,0.0086994674056768,0.0014065019786357,-0.0094786435365676,-0.0074906293302774,0.0247240383177995,0.0169810708612203,-0.0182054657489061,0.0004638325190171,0.0083042196929454,-0.02549834176898,-0.0163371060043573,-0.0114176860079169,-0.0110544310882687,0.0264677200466394,0.0008510833140462,-0.0079699987545609,-0.0191986262798309,-0.0066162282600998,-0.0049834237433969,0.0261655189096927,0.0079531408846378,-0.006954085547477,-0.0124018657952547,-0.0060690552927553,0.0083368392661213,0.0540159493684768,-0.0188139453530311,-0.0138146774843335,-0.0255081467330455,0.0171713102608919,0.0389234200119972,-0.0102176610380411,-0.038614697754383,-0.0049371905624866,0.0912250354886055,0.0139828352257609,-0.1483536809682846,-0.0004448500403668,0.0150207113474607,-0.0342678502202034,-0.0026217827107757,-0.0096774650737643,0.009833593852818,-0.0037226581480354,-0.0357403196394443,-0.0144791901111602,0.0223713796585798,-0.0056872433051466,-0.0397422350943088,0.0081579480320215,-0.0305220987647771,0.0171747353817306,-0.0167006064291818,0.0012880530479277,0.0083541701145093,0.0012880530381944,0.0134340757491855,-0.0188922510469705,0.0016597094611792,-0.0863031424704913,0.0037422099342507,-0.0991842561407161,-0.1356964123133747,2019-02-22,2019-02-25,2019-02-26,2019-02-27,2019-02-28,2019-03-01,2019-03-04,2019-03-05,2019-03-06,2019-03-07,14102.0,2019-02-21,252.0,-3.5211%,-0.0003,0.4348,0.654,0.2658,2.1765%,2.2395%,5.5404%,-0.032591,SFM,14102.0,2019-02-22,252.0,0.8158%,-0.0003,0.434,0.654,0.2563,2.1768%,2.2399%,5.5490%,0.005543,SFM,14102.0,2019-02-25,252.0,0.8944%,-0.0002,0.4313,0.6461,0.2422,2.1732%,2.2358%,5.5195%,0.010355,SFM,14102.0,2019-02-26,252.0,-1.5618%,-0.0001,0.4455,0.6461,0.2529,2.1703%,2.2356%,5.7503%,-0.010094,SFM,14102.0,2019-02-27,252.0,-0.1286%,-0.0003,0.4301,0.6727,0.2503,2.1593%,2.2240%,5.7293%,-0.002712,SFM,14102.0,2019-02-28,252.0,0.1288%,-0.0003,0.4296,0.6725,0.2492,2.1594%,2.2237%,5.6915%,0.003013,SFM,14102.0,2019-03-01,252.0,-0.5146%,-0.0003,0.4315,0.6753,0.2563,2.1598%,2.2238%,5.6740%,-0.009282,SFM,14102.0,2019-03-04,252.0,-0.3448%,-0.0003,0.4321,0.6727,0.2563,2.1598%,2.2239%,5.6769%,0.000407,SFM,14102.0,2019-03-05,252.0,0.0000%,-0.0002,0.4353,0.6999,0.2572,2.1573%,2.2234%,5.8581%,0.003345,SFM,14102.0,2019-03-06,252.0,-0.3893%,-0.0001,0.4426,0.6729,0.2618,2.1541%,2.2207%,5.9064%,0.00839,SFM,14102.0,2019-03-07,252.0,-0.7816%,-0.0002,0.4384,0.6468,0.2489,2.1496%,2.2138%,5.7163%,-0.002942,SFM,-0.027048,-0.016693,-0.026787,-0.0264859999999999,-0.0265679999999999
6451,SUPERIOR GROUP OF COMPANIES INC,"Superior Uniform Group Q4 EPS $0.30 Misses $0.34 Estimate, Sales $95M Beat $93.31M Estimate",6,decrease,0.7,0.5,"the earnings per share (eps) miss the estimate, which is likely to negatively impact investor sentiment despite the sales beat.",0,2019-02-21,SGC,2019-02-21 12:15:00+00:00,47861.0,86835810,-0.0053733722306787,19030.0,0.0207564234733581,-0.0177777614444494,-0.0089136399328708,0.0016694873338565,-0.0089939152821898,0.0011141253635287,0.0022689120378345,-0.0027777354698628,-0.0164120495319366,0.0169491078704595,-0.0149596277624368,0.0113636581227183,-0.0385515019297599,0.0,-0.0036451681517064,-0.0095666898414492,-0.0378048717975616,-0.0105789890512824,-0.0253485180437564,0.0050362753681838,0.0156046664342284,-0.0016759095015004,0.0256082322448492,0.001678722910583,-0.0106117399409413,0.0056274831295013,0.0195583254098892,0.0039547849446535,-0.0136138778179884,0.0207612812519073,0.0194479562342166,-0.004592418204993,-0.0067692683078348,-0.0057077840901911,0.0006195929017849,-0.0051107411272823,0.0030960461590439,-0.0090039307251572,0.0,0.0177549477666616,-0.0382716543972492,-0.0207515899091959,0.0263157803565263,-0.0022384393960237,0.021888704970479,-0.0105204116553068,0.0140758594498038,-0.0321543626487255,0.0199155062437057,0.0016103428788483,-0.016567975282669,0.0152587890625,0.0036100759170949,0.0021846485324203,0.0215827692300081,-0.0005458640516735,0.0076290583238005,0.0027366850990802,-0.0017472734907642,-0.0113635873422026,0.0023337758611887,-0.0107066789641976,0.0116413766518235,0.0512098930776119,-0.0143843507394194,-0.0198565199971199,0.0286048855632543,0.0271954424679279,-0.0039728488773107,0.0261627230793237,0.0068376548588275,-0.0005809600115753,0.00622527487576,0.0189461037516593,0.0185601748526096,0.0792332142591476,-0.0033131623640656,-0.0057179257273674,-0.0011079530231654,-0.0619785971939563,-0.0049916887655854,-0.043329544365406,0.0183946434408426,0.0074670342728495,-0.0164204239845275,-0.0381215773522853,0.0055648516863584,0.0106086283922195,0.0182623099535703,-0.0153931099921464,-0.008695644326508,-0.0087193371728062,-0.0822368413209915,0.0087960334494709,-0.0191158726811409,-0.0395987331867218,0.0200974382460117,0.0210243295878171,0.0053731435909867,0.039798155426979,-0.0136579303070902,0.0188463684171438,-0.0240819696336984,-0.0586021579802036,-0.0104872407391667,0.0119695989415049,-0.0112220225855708,-0.0118280220776796,0.0006305314600467,0.0152838807553052,-0.0144927250221371,0.0115957520902156,0.0517902821302413,-0.007671199273318,0.017736941576004,-0.0261472668498754,-0.009014400653541,0.0140692768618464,0.0133413774892687,0.0221238732337951,0.0207564234733581,-0.0177777614444494,0.0116577682553515,-0.0161379538581487,0.0025590039930936,-0.0150418081983288,-0.0116576586339821,-0.0011299708309958,-0.1253909042927236,-0.0050427286896628,-0.0253056380498228,-0.0378848655809361,-0.0439464403666676,-0.016599155890137,2019-02-22,2019-02-25,2019-02-26,2019-02-27,2019-02-28,2019-03-01,2019-03-04,2019-03-05,2019-03-06,2019-03-07,47861.0,2019-02-21,252.0,-0.5373%,-0.0011,0.7311,0.7064,0.3407,2.0706%,2.2178%,12.8347%,-0.001456,SGC,47861.0,2019-02-22,252.0,2.0756%,-0.0012,0.7297,0.6782,0.2982,2.0682%,2.2155%,12.8595%,0.017027,SGC,47861.0,2019-02-25,252.0,-0.8914%,-0.0013,0.7339,0.6856,0.3174,2.0566%,2.2055%,13.0454%,-0.007808,SGC,47861.0,2019-02-26,252.0,-0.8994%,-0.0013,0.7343,0.6867,0.3184,2.0566%,2.2055%,13.0449%,-0.002485,SGC,47861.0,2019-02-27,252.0,0.2269%,-0.0014,0.7286,0.6974,0.3174,2.0550%,2.2029%,12.9726%,0.000585,SGC,47861.0,2019-02-28,252.0,-1.6412%,-0.0013,0.7213,0.692,0.315,2.0532%,2.1975%,12.7023%,-0.013599,SGC,47861.0,2019-03-01,252.0,-1.4960%,-0.0014,0.7125,0.6789,0.3105,2.0564%,2.1958%,12.2963%,-0.02099,SGC,47861.0,2019-03-04,252.0,-3.8552%,-0.0016,0.7304,0.6483,0.2993,2.0574%,2.2012%,12.6393%,-0.0334319999999999,SGC,47861.0,2019-03-05,252.0,-0.3645%,-0.0016,0.734,0.6771,0.3012,2.0546%,2.2010%,12.8592%,0.000235,SGC,47861.0,2019-03-06,252.0,-3.7805%,-0.0017,0.736,0.7278,0.3104,2.0574%,2.2097%,13.3097%,-0.023318,SGC,47861.0,2019-03-07,252.0,-2.5349%,-0.0017,0.7457,0.7434,0.3276,2.0591%,2.2147%,13.5599%,-0.017869,SGC,0.015571,0.0077629999999999,0.005278,-0.007736,-0.10311
6459,S J W GROUP,"SJW Late Wednesday Reported Q4 EPS $0.50 Up From $0.23 YoY, Sales $98.718M Beat $95M Estimate",6,increase,0.8,0.7,"the significant increase in eps and sales beating estimates typically indicates strong financial performance, which is likely to positively influence investor sentiment and drive the stock price up.",2,2019-02-21,SJW,2019-02-21 14:35:00+00:00,54199.0,78430510,0.0009807350579649,439594.0,0.0107772666960954,0.0001635137596167,-0.0019386550411581,-0.0004902384825982,-0.0150534203276038,0.0227272827178239,0.0052588284015655,-0.0006680179503746,0.0,-0.003494742559269,0.0,0.0020009826403111,-0.0022886937949806,0.0008344968664459,-0.0022939438931643,0.0036666363012045,-0.0226638372987508,0.0193679817020893,0.0065535744652152,-0.0043978067114949,-0.0018364040879532,0.0006769989849999,0.0247532948851585,0.0008470786269754,0.0034274372737854,-0.0153461545705795,-0.0022771533112972,0.0226885341107845,0.0030974668916314,0.0054888455197215,0.0082886749878525,-0.0022249028552323,0.0114442147314548,-0.001196575933136,-0.0027091342490166,-0.0074651958420872,0.0047938516363501,0.0006790679180994,0.0139948669821023,0.0080438340082764,-0.0112923057749867,0.0003424149472266,0.0039657359011471,-0.0040921000763773,0.0055300751700997,0.0080783981829881,-0.0062853191047906,0.0083188824355602,-0.0140734212473034,-0.0001732511154841,-0.0097834290936589,0.0024318115320056,-0.0170068517327308,0.0008692495757713,0.0016477556200698,0.0064741717651486,0.0018095182022079,-0.0015723296673968,0.0054186866618692,0.0130973747000098,0.0187816675752401,-0.0058068241924047,-0.010420030914247,0.0323342904448509,0.0034018966834992,0.0056630899198353,-0.0004843199858441,-0.015821598470211,-0.0025843943003565,0.0160759445279836,-0.0038866668473929,0.0095905652269721,-0.0042269276455044,0.0022181654348969,-0.009142879396677,0.0279307886958122,-0.0044488459825515,-0.0286083277314901,0.0162198506295681,-0.0198986697942018,-0.0127036245539784,0.0118981823325157,0.0103926276788115,-0.0103260809555649,0.0037550944834947,-0.0036101220175623,-0.0133376661688089,-0.0285814013332128,-0.0031321896240115,-0.0047120498493313,0.0069455625489354,0.0086252046748995,0.0192150101065635,0.0344137512147426,-0.0149855026975274,0.0010936484904959,-0.0109602808952331,0.0119904363527894,0.0219980590045452,-0.011487984098494,-0.0034152364823967,-0.0095719480887055,-0.0076696705073118,-0.0062814480625092,-0.0075645926408469,-0.0057102013379335,0.0069594364613294,0.0455224364995956,0.0210630036890506,-0.0528362207114696,0.0145044568926096,-0.0471459701657295,-0.0038125761784613,-0.0906445905566215,-0.0141923045739531,0.0191946886479854,0.0143966255709528,-0.0060493159107863,-0.0012756820069625,-0.0049390289932489,0.0107772666960954,0.0001635137596167,0.008817718252527,-0.0003268048837188,-0.0063684388942624,0.0223930504471192,-0.0011431010200276,0.0181394598598583,-0.0218811249746209,0.0400255388690102,-0.0001633256967012,0.0882532514481728,0.0276871530302549,-0.0509907662915494,2019-02-22,2019-02-25,2019-02-26,2019-02-27,2019-02-28,2019-03-01,2019-03-04,2019-03-05,2019-03-06,2019-03-07,54199.0,2019-02-21,252.0,0.0981%,0.0006,0.4303,0.4181,0.1124,1.7805%,1.8456%,6.9314%,0.003138,SJW,54199.0,2019-02-22,252.0,1.0777%,0.0007,0.4291,0.4271,0.1057,1.7806%,1.8465%,7.0093%,0.007233,SJW,54199.0,2019-02-25,252.0,-0.1939%,0.0004,0.4365,0.4355,0.1375,1.7353%,1.8033%,7.4026%,-0.001381,SJW,54199.0,2019-02-26,252.0,-1.5053%,0.0004,0.4437,0.4447,0.1476,1.7361%,1.8059%,7.5818%,-0.011214,SJW,54199.0,2019-02-27,252.0,0.5259%,0.0004,0.4466,0.4405,0.1481,1.7358%,1.8060%,7.6244%,0.004092,SJW,54199.0,2019-02-28,252.0,0.0000%,0.0006,0.4284,0.428,0.1345,1.7228%,1.7884%,7.1986%,0.001567,SJW,54199.0,2019-03-01,252.0,0.0000%,0.0006,0.4161,0.4098,0.1176,1.7190%,1.7811%,6.8493%,-0.003878,SJW,54199.0,2019-03-04,252.0,-0.2289%,0.0006,0.4195,0.3984,0.1168,1.7184%,1.7807%,6.8813%,0.000966,SJW,54199.0,2019-03-05,252.0,-0.2294%,0.0007,0.4269,0.4555,0.1224,1.7061%,1.7737%,7.4802%,-0.000156,SJW,54199.0,2019-03-06,252.0,-2.2664%,0.0006,0.4266,0.4899,0.1268,1.7068%,1.7776%,7.8007%,-0.013478,SJW,54199.0,2019-03-07,252.0,0.6554%,0.0007,0.4255,0.5042,0.1293,1.7056%,1.7770%,7.8718%,0.010723,SJW,0.010371,0.00899,-0.0022239999999999,0.003435,-0.0023879999999999
6467,S L R INVESTMENT CORP,Solar Capital Q4 EPS $0.44 Beats $0.43 Estimate,6,increase,0.75,0.6,"the earnings per share (eps) beating estimates typically indicates better-than-expected financial performance, which can positively influence investor sentiment and lead to an increase in stock price.",2,2019-02-21,SLRC,2019-02-21 21:27:00+00:00,93267.0,83413U10,0.0162368733435869,109416.0,0.0056390473619103,0.007699703797698,0.0107476422563195,-0.0009614687878638,-0.0004622432752512,-0.0009606367675587,-0.0106383645907044,-0.001438881852664,0.0042075808160007,0.0004798574373126,-0.0060521024279296,0.0092009948566555,0.005620558746159,0.0009694841573946,-0.0032603491563349,0.0009703323594294,0.0037383141461759,-0.0077034109272062,0.0018622400239109,-0.0019221052061766,0.0013939952477812,0.0111758764833211,0.002320238854736,0.0053737475536763,-0.0046296473592519,-0.0019503127550706,0.0,0.0034246426075696,0.0051163076423108,0.0118811763823032,0.0064784539863467,-0.0034533641301095,-0.0004597806255333,-0.0014777724863961,-0.0009199842461384,0.0099501917138695,-0.0119705377146601,0.0075187776237726,-0.0061757322400808,-0.0015014404198154,0.0009560448233969,0.0005007626023143,0.0,0.0020069747697561,0.0019101722864434,0.0030196006409823,-0.0033364964183419,-0.0045089302584528,0.0028694148641079,-0.0005007626023143,-0.0061992923729121,-0.0024975596461445,0.0067178211174905,-0.0004992625326849,0.0181125402450561,0.0188199821859598,0.0028089636471122,-0.0130522204563021,-0.0028010956011712,-0.0182356238365173,0.0084269801154732,0.0289047472178936,-0.0055710691958665,0.0076647736132144,-0.0046685519628226,0.0082431659102439,-0.0004690538917202,0.0114642679691314,0.0032848285045474,-0.0204185619950294,0.0028064253274351,0.0,-0.0037313397042453,0.0113577339798212,-0.0009363510180264,0.0402792692184448,0.0032802105415612,-0.0158561971038579,-0.0056048077531158,0.0005288328393362,0.0023484844714403,-0.0332310646772384,0.0046860533766448,0.0070599867030978,-0.0046641966328024,0.005068443249911,-0.0004686142783612,-0.0318939946591854,-0.0004688339831773,-0.0063384235836565,0.0056285574100911,-0.0242626182734966,-0.0009328571613878,-0.0009505920461378,-0.0079365111887454,0.0066986265592277,0.0061176074668765,-0.0047619231045246,0.0051450240425765,0.0091302515938878,-0.0013960300711914,-0.0262050237506628,-0.0046597612090408,0.0,-0.0070225433446466,0.0084945866838097,0.0061292350292205,-0.0028235043864697,-0.0051546678878366,-0.0097856055945158,-0.0070654554292559,0.0214183181524276,0.0066413371823728,0.0052631869912147,-0.0089537529274821,-0.0127539187669754,0.0042796079069375,0.015834929421544,0.0052082715556025,0.0038535608910024,0.0056390473619103,0.007699703797698,0.0164472960819421,0.0067308319849568,0.0159774501546809,0.005763729332717,0.0093984418949069,0.0047984829224396,0.0112781841285736,0.0062470485119956,0.0233100550679059,0.032035466710635,0.0170819930226624,0.0298134263182658,2019-02-22,2019-02-25,2019-02-26,2019-02-27,2019-02-28,2019-03-01,2019-03-04,2019-03-05,2019-03-06,2019-03-07,93267.0,2019-02-21,252.0,1.6237%,0.0004,0.3511,0.2792,0.2196,0.8381%,0.9128%,15.6798%,0.018178,SLRC,93267.0,2019-02-22,252.0,0.5639%,0.0005,0.3505,0.2799,0.2126,0.8386%,0.9133%,15.6814%,0.004949,SLRC,93267.0,2019-02-25,252.0,1.0748%,0.0005,0.3511,0.2752,0.2126,0.8405%,0.9149%,15.6056%,0.0112319999999999,SLRC,93267.0,2019-02-26,252.0,-0.0462%,0.0005,0.3485,0.275,0.2105,0.8403%,0.9136%,15.4150%,0.002463,SLRC,93267.0,2019-02-27,252.0,-1.0638%,0.0005,0.3549,0.2602,0.2115,0.8382%,0.9129%,15.6978%,-0.011322,SLRC,93267.0,2019-02-28,252.0,0.4208%,0.0005,0.3541,0.2598,0.2097,0.8388%,0.9127%,15.5438%,0.005685,SLRC,93267.0,2019-03-01,252.0,-0.6052%,0.0005,0.3531,0.2584,0.2125,0.8407%,0.9134%,15.2767%,-0.008606,SLRC,93267.0,2019-03-04,252.0,0.5621%,0.0005,0.3551,0.2454,0.2134,0.8410%,0.9135%,15.2426%,0.007572,SLRC,93267.0,2019-03-05,252.0,-0.3260%,0.0005,0.3556,0.2474,0.2145,0.8411%,0.9135%,15.2229%,-0.001474,SLRC,93267.0,2019-03-06,252.0,0.3738%,0.0005,0.3517,0.2285,0.2076,0.8430%,0.9135%,14.8265%,0.009666,SLRC,93267.0,2019-03-07,252.0,0.1862%,0.0005,0.3496,0.2279,0.2046,0.8436%,0.9134%,14.6938%,0.005501,SLRC,0.023127,0.034359,0.036822,0.031185,0.043844
6475,SPECTRUM BRANDS HOLDINGS INC NEW,"Spectrum Brands Reaffirms FY19 Adj. EBITDA Guidance $560M-$580M, Net Income $40M-$72M For CAGNY Conference",6,uncertain,0.6,0.3,"while reaffirming guidance can be seen as a positive sign of stability, the lack of any upward revision or new positive developments leaves the stock's reaction uncertain.",1,2019-02-21,SPB,2019-02-21 11:38:00+00:00,38295.0,84790A10,0.0091974446550011,824175.0,-0.0582558661699295,0.0135258948430419,0.0140417050570249,0.0084792459383606,0.0067365383729338,0.0247422978281974,0.0065056188032031,0.0373322591185569,0.0003692824102472,0.045112807303667,0.0193834789097309,0.0492536760866642,-0.0135820349678397,-0.0002131383807864,0.0187259130179882,-0.0088739059865474,-0.0023427836131304,-0.1767263859510422,-0.0146315274760127,0.0012191486312076,0.018881807103753,-0.0074330219067633,0.0133141027763485,0.021362978965044,-0.0017755411099642,0.0136005422100424,-0.0124510983005166,0.0193360336124897,-0.0005403238465078,0.0086476765573024,0.0165795311331749,0.0128587149083614,-0.0008863541297614,-0.0057439571246504,0.0012420101556926,0.0069030364975333,-0.0269360356032848,0.0170777551829814,0.0271353423595428,-0.0121836503967642,-0.0156028550118207,-0.0338645912706852,-0.0086455252021551,0.0277312807738781,0.0059956032782793,0.0203190222382545,-0.0070435144007205,0.0132768638432025,-0.0045471079647541,0.0083430400118231,0.0009135617874562,0.0111830430105328,0.0496531799435615,-0.0025439776945859,-0.0165217518806457,0.0049164211377501,-0.0061891861259937,0.0441477969288826,0.0133451959118247,0.0198953039944171,0.0075504882261157,0.0172561015933752,0.0055768508464097,0.0477678440511226,-0.003292936598882,0.031782615929842,0.0045209899544715,0.0276922639459371,-0.002942738123238,-0.0098429387435317,0.0093750162050127,0.0009382383432239,0.0194358639419078,0.0101895807310938,0.0165344960987567,0.0124760186299681,0.0129460375756025,-0.0165172424167394,0.0147468708455562,-0.0095816738903522,-0.0177619643509388,-0.0156429782509803,0.0120006492361426,-0.0176270902156829,-0.0024366718716919,0.00682592112571,-0.0195408035069704,-0.0282997749745845,0.0184354856610298,-0.0061524673365056,0.0216895285993814,-0.0256904475390911,-0.0172386560589075,-0.0223943013697862,-0.0235504433512687,0.0220320597290992,0.0044910255819559,-0.0128800803795456,0.0301374346017837,0.0008453279151581,0.000160780196893,-0.0069255367852747,0.0053037288598716,-0.0408614873886108,0.0511590838432312,0.0060753184370696,-0.0025855235289782,-0.0056383162736892,-0.0088441874831914,0.004653035197407,-0.031384602189064,-0.0066317929886281,0.020946554839611,-0.0233562793582677,-0.0010963147506117,-0.0009723341208882,0.0279084164649248,0.0259377341717481,-0.0007625903817825,0.0176649522036314,-0.0582558661699295,0.0135258948430418,-0.0450321728035042,0.0221198301703131,-0.0385989953906777,0.0474094234244937,-0.0319871487775202,0.135527171119159,-0.025196564352988,-0.0268322483206826,0.0176912389490702,0.1702469229514491,0.1785194561193159,0.1439578608022618,2019-02-22,2019-02-25,2019-02-26,2019-02-27,2019-02-28,2019-03-01,2019-03-04,2019-03-05,2019-03-06,2019-03-07,38295.0,2019-02-21,252.0,0.9197%,-0.0017,0.9715,1.1858,0.5631,3.0185%,3.2130%,11.7385%,0.014836,SPB,38295.0,2019-02-22,252.0,-5.8256%,-0.0018,0.979,1.2091,0.6736,3.0376%,3.2302%,11.5668%,-0.062915,SPB,38295.0,2019-02-25,252.0,1.4042%,-0.0019,0.9837,1.2046,0.6887,3.0288%,3.2223%,11.6497%,0.016829,SPB,38295.0,2019-02-26,252.0,0.6737%,-0.0018,0.9839,1.1765,0.6746,3.0311%,3.2227%,11.5397%,0.018192,SPB,38295.0,2019-02-27,252.0,0.6506%,-0.0019,0.9645,1.2126,0.6714,3.0186%,3.2087%,11.4969%,0.0040939999999999,SPB,38295.0,2019-02-28,252.0,0.0369%,-0.0019,0.9634,1.2121,0.669,3.0189%,3.2075%,11.4173%,0.0046949999999999,SPB,38295.0,2019-03-01,252.0,1.9383%,-0.0018,0.9563,1.2015,0.6518,3.0183%,3.2030%,11.2028%,0.0115179999999999,SPB,38295.0,2019-03-04,252.0,-1.3582%,-0.0017,0.9383,1.2653,0.6555,3.0080%,3.1945%,11.3370%,-0.006435,SPB,38295.0,2019-03-05,252.0,1.8726%,-0.0018,0.9209,1.1477,0.6329,2.9909%,3.1619%,10.5199%,0.025727,SPB,38295.0,2019-03-06,252.0,-0.2343%,-0.0017,0.9089,1.1067,0.6138,2.9936%,3.1608%,10.3001%,0.019511,SPB,38295.0,2019-03-07,252.0,-1.4632%,-0.0017,0.9151,1.132,0.6292,2.9909%,3.1614%,10.4950%,-0.004469,SPB,-0.048079,-0.0312499999999999,-0.0130579999999999,-0.0042689999999999,0.041583
6483,SUNPOWER CORP,SunPower Option Alert: Mar 22 $6.5 Calls Sweep (20) above Ask!: 515 @ $0.421 vs 426 OI; Ref=$6.45,6,increase,0.7,0.6,"the significant call option activity suggests bullish sentiment among investors, which may lead to an increase in sunpower corp's stock price.",2,2019-02-21,SPWR,2019-02-21 19:40:00+00:00,90978.0,86765240,0.0500807650387287,2857054.0,0.0061538401059806,-0.0111821359023451,-0.0321100987493991,0.0574324578046798,0.0189573280513286,-0.0588235110044479,-0.0015503491740673,0.0589225441217422,0.0015527565265074,0.024137906730175,0.0031007723882794,-0.001721127773635,-0.0061823744326829,0.0175131186842918,-0.0093312514945864,-0.0305602438747882,-0.014128677546978,0.026132421568036,-0.0238853655755519,-0.0204778779298067,0.0032626395113766,0.0427046716213226,0.0585366077721118,0.0017824869137257,-0.0184332355856895,-0.0344233736395835,0.021909287199378,0.0301418583840131,-0.0153139932081103,0.0329670011997222,-0.0139968395233154,-0.0179855953902006,0.0157728549093008,0.0090743582695722,0.0326087027788162,0.0036430708132684,0.0090225478634238,0.0578034110367298,-0.0312965773046016,-0.0057470756582915,-0.0553846359252929,-0.0386740416288375,0.0,-0.0109289521351456,0.0130293034017086,0.0129150729626417,0.0048231850378215,-0.0109488945454359,0.0304000098258256,-0.003636360168457,0.0108695914968848,0.0054844990372657,0.0399385169148445,0.009225039742887,0.0192023795098066,0.0149812586605548,0.0492753162980079,0.0229885764420032,0.0082873506471514,-0.0474452972412109,0.0136986169964075,0.0300751589238643,0.0297297015786171,0.0555555969476699,-0.0196850523352623,-0.0059172008186578,0.0441767610609531,0.0201208014041185,-0.0102564617991447,-0.0177865922451019,-0.0168393310159444,0.0242914743721485,-0.0158103238791227,-0.0020201520528644,0.0147255873307585,0.076086938381195,-0.0092347878962755,-0.092702217400074,-0.0106525160372257,-0.059369146823883,0.0067295008338987,-0.0477031767368316,0.0080213826149702,-0.0357751362025737,0.0039788074791431,0.0138169126585125,-0.0118890553712844,-0.0523731857538223,0.0187165588140487,-0.0316956900060176,0.0039370353333652,-0.0156006095930934,-0.0562091879546642,0.0174602624028921,-0.0069251684471964,-0.0483383238315582,0.0041840630583465,0.0122324042022228,0.0472222454845905,-0.0267856903374195,0.0026525172870606,0.0090090008452534,0.0291005652397871,-0.0458452962338924,-0.0257069766521453,0.0189781188964843,-0.026385199278593,-0.0115440003573894,0.1111110672354698,-0.0519835986196994,-0.0280487835407257,0.0209497343748807,0.0,0.0156027879565954,0.0188205894082784,0.1633663773536682,0.0320197343826293,0.0,-0.0453460738062858,0.0116861723363399,0.0061538401059806,-0.0111821359023451,-0.0261538590569095,0.0456081043539571,-0.0076923382915309,-0.0158982354788478,-0.0076923382541788,0.0672413561070799,-0.0569230613688737,0.056313979575356,0.1230769537579752,0.1295620514655873,0.2307692385405844,0.0333890343154221,2019-02-22,2019-02-25,2019-02-26,2019-02-27,2019-02-28,2019-03-01,2019-03-04,2019-03-05,2019-03-06,2019-03-07,90978.0,2019-02-21,252.0,5.0081%,-0.0002,1.4898,0.679,0.2897,3.1064%,3.4763%,20.1479%,0.056773,SPWR,90978.0,2019-02-22,252.0,0.6154%,-0.0002,1.4893,0.7012,0.3044,3.1046%,3.4748%,20.1696%,-0.003106,SPWR,90978.0,2019-02-25,252.0,-3.2110%,-0.0002,1.4858,0.7134,0.2976,3.1047%,3.4746%,20.1592%,-0.032073,SPWR,90978.0,2019-02-26,252.0,1.8957%,-0.0,1.4887,0.6731,0.2794,3.1080%,3.4765%,20.0747%,0.026782,SPWR,90978.0,2019-02-27,252.0,-0.1550%,-0.0002,1.467,0.7104,0.2758,3.0929%,3.4548%,19.8557%,-0.003934,SPWR,90978.0,2019-02-28,252.0,0.1553%,-0.0001,1.4529,0.7009,0.2639,3.0895%,3.4439%,19.5239%,0.006548,SPWR,90978.0,2019-03-01,252.0,0.3101%,-0.0001,1.4482,0.6939,0.2605,3.0898%,3.4404%,19.3431%,-0.008427,SPWR,90978.0,2019-03-04,252.0,-0.6182%,-0.0001,1.4507,0.6827,0.2605,3.0896%,3.4405%,19.3588%,0.003018,SPWR,90978.0,2019-03-05,252.0,-0.9331%,-0.0002,1.451,0.6823,0.2622,3.0897%,3.4391%,19.2879%,-0.004214,SPWR,90978.0,2019-03-06,252.0,-1.4129%,-0.0001,1.4509,0.6665,0.2599,3.0898%,3.4399%,19.3177%,0.006463,SPWR,90978.0,2019-03-07,252.0,-2.3885%,-0.0002,1.4542,0.6616,0.2629,3.0902%,3.4415%,19.3735%,-0.010754,SPWR,0.053667,0.021594,0.048376,0.05099,0.037076
6491,SEQUANS COMMUNICATIONS S A,Sequans Shares Up 12.9% On Very Heavy Volume (~1.5M Shares vs Normal Full-Day Volume Of ~142K ShareS); Not Seeing News To Justify Price Action,6,uncertain,0.7,0.5,"the significant increase in share price on heavy volume without any clear news to justify it suggests potential speculation or market manipulation, making the future price movement uncertain.",1,2019-02-21,SQNS,2019-02-21 15:20:00+00:00,12680.0,81732320,0.0660377889871597,2018537.0,-0.0265486482530832,0.0495049022138118,0.0,0.0202020015567541,0.0454545021057128,-0.0198019612580537,-0.017391288653016,0.0253806859254837,-0.0265486482530832,0.0706521719694137,0.0099999252706766,0.0156767852604389,0.0081008672714233,0.0063326209783554,-0.0178571250289678,-0.021630460396409,-0.0272727012634277,-0.0515464022755622,0.0186915695667266,0.0577972009778022,-0.0183486063033342,-0.0875621885061264,-0.0093458965420722,-0.0049504903145134,0.0566038340330123,-0.0380952022969722,-0.0178571250289678,0.0,0.0,-0.0366973206400871,0.0090909004211425,0.0,-0.0270270016044378,0.0,0.0555555000901222,0.0380953177809715,-0.0087719215080142,-0.0366973206400871,0.0442477464675903,-0.0090909004211425,0.0,-0.0350876860320568,-0.0677965506911277,0.0,0.0090909004211425,-0.008695644326508,0.0,0.1165048629045486,0.0,0.009803912602365,-0.0074775367975234,0.0510046258568763,0.0256876181811094,0.0083117056638002,-0.0353981964290142,-0.032663345336914,-0.0091743031516671,0.0194672066718339,-0.0092592500150203,-0.0141414124518632,0.0186915695667266,0.0787839367985725,0.0091743031516671,0.1056626662611961,-0.0181818008422851,-0.0119047509506344,0.0,0.0769230797886848,-0.0042593036778271,-0.025000050663948,0.0228752363473177,-0.0057171122170984,0.0,0.0575709715485572,0.0,0.0144000053405761,0.0,-0.0132877342402935,-0.0148182557895779,-0.0498750060796737,-0.0034141356591135,-0.1111110746860504,0.0648147538304328,-0.0526315905153751,-0.008695644326508,0.0106382872909307,-0.0350876860320568,-0.0505050607025623,0.0181818008422851,-0.0198019612580537,-0.0267856884747743,0.0099999904632568,0.0091743031516671,0.0,0.0,-0.0825688317418098,-0.0180908758193254,0.0480769947171211,0.0152763584628701,-0.009523800574243,0.0031004631891846,-0.0869565457105636,0.0,0.0267856884747743,0.045363575220108,0.0467289239168167,-0.1303591281175613,0.0700000524520874,0.0800000429153442,-0.01960782520473,-0.0878704339265823,0.0099009806290268,0.0354278869926929,0.0099999904632568,-0.0374509431421756,-0.01960782520473,0.0490934513509273,0.0,-0.0318446196615696,0.0,-0.0265486482530832,0.0495049022138118,-0.0265486482530832,0.0707070018821562,0.017699098264706,0.0495049033121588,-0.0265486487545368,0.1521738313603069,-0.0353981980368725,0.155943238280303,-0.0530972985624806,0.0707070093145791,-0.11752210657988,0.0392156587217502,2019-02-22,2019-02-25,2019-02-26,2019-02-27,2019-02-28,2019-03-01,2019-03-04,2019-03-05,2019-03-06,2019-03-07,12680.0,2019-02-21,252.0,6.6038%,-0.001,0.522,0.3871,0.0755,3.6065%,3.6525%,2.5016%,0.068329,SQNS,12680.0,2019-02-22,252.0,-2.6549%,-0.0011,0.527,0.3639,0.114,3.6106%,3.6552%,2.4260%,-0.031061,SQNS,12680.0,2019-02-25,252.0,0.0000%,-0.0012,0.5292,0.3655,0.1231,3.6085%,3.6532%,2.4322%,0.000261,SQNS,12680.0,2019-02-26,252.0,4.5455%,-0.001,0.5293,0.2957,0.0878,3.6205%,3.6643%,2.3770%,0.048947,SQNS,12680.0,2019-02-27,252.0,-1.7391%,-0.0009,0.5385,0.2744,0.0893,3.6196%,3.6642%,2.4187%,-0.018424,SQNS,12680.0,2019-02-28,252.0,-2.6549%,-0.0011,0.5477,0.2799,0.1016,3.6224%,3.6678%,2.4618%,-0.024811,SQNS,12680.0,2019-03-01,252.0,1.0000%,-0.0011,0.5544,0.2898,0.1088,3.6222%,3.6684%,2.5051%,0.005561,SQNS,12680.0,2019-03-04,252.0,0.8101%,-0.0009,0.5408,0.3235,0.1149,3.6194%,3.6641%,2.4283%,0.011628,SQNS,12680.0,2019-03-05,252.0,-1.7857%,-0.0011,0.5375,0.2886,0.1181,3.6170%,3.6601%,2.3401%,-0.015749,SQNS,12680.0,2019-03-06,252.0,-2.7273%,-0.0013,0.5243,0.3437,0.1106,3.6104%,3.6535%,2.3457%,-0.019259,SQNS,12680.0,2019-03-07,252.0,1.8692%,-0.0014,0.4994,0.2698,0.0566,3.5968%,3.6364%,2.1655%,0.023506,SQNS,0.0372679999999999,0.0375289999999999,0.086476,0.043241,0.048928
6499,STAAR SURGICAL CO,"STAAR Surgical Sees ICL Unit Growth Target Increase Of 30% Over FY18; Overall Revenue Target Expected To Be Impacted By Other Products Segment Sales Decline Of Approximately $3.60M, Including A $2.60M Reduction In Sales Of Low Margin Injector Parts",6,uncertain,0.6,0.3,"while the increase in icl unit growth target is positive, the significant decline in overall revenue due to other products may offset this growth, leading to uncertainty in the stock price movement.",1,2019-02-21,STAA,2019-02-21 21:46:00+00:00,72304.0,85231230,0.0054510976187884,349034.0,-0.0116562843322753,-0.0099838841706514,0.0416895374655723,0.0175728518515825,-0.0452870242297649,0.0355416573584079,0.0231660287827253,-0.0429932475090026,-0.0080862333998084,0.0082304319366812,0.1081521660089493,0.0282087437808513,-0.0380088090896606,0.0401994958519935,-0.0107060456648469,0.0127786118537187,-0.0386498309671878,-0.0341561026871204,-0.0091128423810005,-0.0213482677936554,-0.015147453173995,-0.0066964752040803,0.0145564069971442,0.0042029009200632,0.0067677316255867,-0.0011195330880582,0.0021511651575565,0.0296829603612422,-0.0346123129129409,0.0260201375931501,0.0166759956628084,-0.0350927114486694,-0.0068343351595103,-0.0179321765899658,0.0222955550998449,0.0441778339445591,0.022078612819314,0.0136417280882597,0.0379347316920757,-0.0073594343848526,-0.0439087115228176,-0.0338452383875846,-0.0029200105927884,0.0188351646065712,-0.0063898209482431,0.0407116562128067,-0.0527867414057254,0.0404769070446491,0.0169731918722391,0.0330632217228412,-0.0489569418132305,-0.0274274572730064,0.0005849797744303,-0.0243001859635114,-0.0043846159242093,-0.0027607409283518,0.0143863139674067,0.0149439461529254,-0.0057887341827154,0.0364633500576019,0.0189228989183902,0.0533650480210781,-0.0034285408910363,0.0578928664326667,0.0097477100789546,-0.1060752496123314,0.0508233122527599,-0.0250704865902662,-0.0091867111623287,0.0207933336496353,0.000545417482499,0.0103425886482,0.0016353604150936,-0.0051446896977722,-0.0160544253885746,0.075752355158329,-0.1117256879806519,-0.0262714941054582,-0.0283312536776065,-0.0220685135573148,-0.0403716228902339,-0.0667076036334037,0.029382275417447,-0.0127466460689902,0.0126499962061643,-0.0167113579809665,0.0182575788348913,-0.0261552315205335,0.0333437398076057,-0.0507586263120174,0.0048706196248531,-0.0002757397014647,-0.0160557050257921,0.0298210531473159,-0.0172413624823093,0.0268299262970686,-0.1181077808141708,0.0118029369041323,-0.1119005233049393,-0.053351953625679,0.0804000124335289,0.0107284327968955,0.0181414205580949,-0.1021546870470047,-0.0072727547958493,0.0378848314285278,-0.0014651651727035,0.0248044803738594,-0.026045523583889,-0.0293116718530654,-0.0802259594202041,0.0321447476744651,0.0454545691609382,0.0081699136644601,-0.021543325856328,0.0079604974016547,0.0008006588323041,-0.0148728834465146,-0.0383999645709991,0.018171802163124,-0.0116562843322753,-0.0099838841706514,0.0295473080309172,0.0074135223634967,-0.0170778258535682,0.0432186685935671,-0.002439687386426,0.0065843043628628,0.0021686647274572,0.0306179834680158,-0.0688533651755249,0.1839302717301265,-0.3483328369179986,0.0101872005110945,2019-02-22,2019-02-25,2019-02-26,2019-02-27,2019-02-28,2019-03-01,2019-03-04,2019-03-05,2019-03-06,2019-03-07,72304.0,2019-02-21,252.0,0.5451%,0.0032,1.4419,0.8382,-1.5592,3.1149%,3.8260%,33.7142%,0.00769,STAA,72304.0,2019-02-22,252.0,-1.1656%,0.003,1.4505,0.7998,-1.4921,3.1291%,3.8260%,33.1107%,-0.0486599999999999,STAA,72304.0,2019-02-25,252.0,4.1690%,0.0032,1.4488,0.7805,-1.5084,3.1361%,3.8330%,33.0558%,0.038807,STAA,72304.0,2019-02-26,252.0,-4.5287%,0.003,1.4654,0.8286,-1.4716,3.1486%,3.8453%,32.9525%,-0.043052,STAA,72304.0,2019-02-27,252.0,2.3166%,0.003,1.4601,0.8425,-1.4724,3.1491%,3.8440%,32.8861%,0.018407,STAA,72304.0,2019-02-28,252.0,-0.8086%,0.003,1.4699,0.8489,-1.4629,3.1485%,3.8445%,32.9281%,-0.007509,STAA,72304.0,2019-03-01,252.0,10.8152%,0.0033,1.4861,0.8731,-1.4776,3.1948%,3.8979%,32.8228%,0.089166,STAA,72304.0,2019-03-04,252.0,-3.8009%,0.0035,1.4555,0.9965,-1.4747,3.1661%,3.8736%,33.1956%,-0.021116,STAA,72304.0,2019-03-05,252.0,-1.0706%,0.0036,1.4673,1.0802,-1.4618,3.1551%,3.8737%,33.6609%,-0.008772,STAA,72304.0,2019-03-06,252.0,-3.8650%,0.0035,1.4688,1.1169,-1.4551,3.1560%,3.8819%,33.9010%,-0.01222,STAA,72304.0,2019-03-07,252.0,-0.9113%,0.0034,1.4679,1.103,-1.4603,3.1552%,3.8801%,33.8775%,-0.001178,STAA,-0.0409699999999999,-0.0021629999999999,-0.0452149999999999,-0.0343169999999999,0.011563
6507,STAAR SURGICAL CO,"Staar Surgical Q4 EPS $0.02 Up From $0.00 YoY, Sales $31.19M Beat $30.27M Estimate",6,increase,0.8,0.6,"the company reported a positive earnings per share (eps) increase and sales that exceeded estimates, which are generally viewed favorably by investors.",2,2019-02-21,STAA,2019-02-21 21:44:00+00:00,72304.0,85231230,0.0054510976187884,349034.0,-0.0116562843322753,-0.0099838841706514,0.0416895374655723,0.0175728518515825,-0.0452870242297649,0.0355416573584079,0.0231660287827253,-0.0429932475090026,-0.0080862333998084,0.0082304319366812,0.1081521660089493,0.0282087437808513,-0.0380088090896606,0.0401994958519935,-0.0107060456648469,0.0127786118537187,-0.0386498309671878,-0.0341561026871204,-0.0091128423810005,-0.0213482677936554,-0.015147453173995,-0.0066964752040803,0.0145564069971442,0.0042029009200632,0.0067677316255867,-0.0011195330880582,0.0021511651575565,0.0296829603612422,-0.0346123129129409,0.0260201375931501,0.0166759956628084,-0.0350927114486694,-0.0068343351595103,-0.0179321765899658,0.0222955550998449,0.0441778339445591,0.022078612819314,0.0136417280882597,0.0379347316920757,-0.0073594343848526,-0.0439087115228176,-0.0338452383875846,-0.0029200105927884,0.0188351646065712,-0.0063898209482431,0.0407116562128067,-0.0527867414057254,0.0404769070446491,0.0169731918722391,0.0330632217228412,-0.0489569418132305,-0.0274274572730064,0.0005849797744303,-0.0243001859635114,-0.0043846159242093,-0.0027607409283518,0.0143863139674067,0.0149439461529254,-0.0057887341827154,0.0364633500576019,0.0189228989183902,0.0533650480210781,-0.0034285408910363,0.0578928664326667,0.0097477100789546,-0.1060752496123314,0.0508233122527599,-0.0250704865902662,-0.0091867111623287,0.0207933336496353,0.000545417482499,0.0103425886482,0.0016353604150936,-0.0051446896977722,-0.0160544253885746,0.075752355158329,-0.1117256879806519,-0.0262714941054582,-0.0283312536776065,-0.0220685135573148,-0.0403716228902339,-0.0667076036334037,0.029382275417447,-0.0127466460689902,0.0126499962061643,-0.0167113579809665,0.0182575788348913,-0.0261552315205335,0.0333437398076057,-0.0507586263120174,0.0048706196248531,-0.0002757397014647,-0.0160557050257921,0.0298210531473159,-0.0172413624823093,0.0268299262970686,-0.1181077808141708,0.0118029369041323,-0.1119005233049393,-0.053351953625679,0.0804000124335289,0.0107284327968955,0.0181414205580949,-0.1021546870470047,-0.0072727547958493,0.0378848314285278,-0.0014651651727035,0.0248044803738594,-0.026045523583889,-0.0293116718530654,-0.0802259594202041,0.0321447476744651,0.0454545691609382,0.0081699136644601,-0.021543325856328,0.0079604974016547,0.0008006588323041,-0.0148728834465146,-0.0383999645709991,0.018171802163124,-0.0116562843322753,-0.0099838841706514,0.0295473080309172,0.0074135223634967,-0.0170778258535682,0.0432186685935671,-0.002439687386426,0.0065843043628628,0.0021686647274572,0.0306179834680158,-0.0688533651755249,0.1839302717301265,-0.3483328369179986,0.0101872005110945,2019-02-22,2019-02-25,2019-02-26,2019-02-27,2019-02-28,2019-03-01,2019-03-04,2019-03-05,2019-03-06,2019-03-07,72304.0,2019-02-21,252.0,0.5451%,0.0032,1.4419,0.8382,-1.5592,3.1149%,3.8260%,33.7142%,0.00769,STAA,72304.0,2019-02-22,252.0,-1.1656%,0.003,1.4505,0.7998,-1.4921,3.1291%,3.8260%,33.1107%,-0.0486599999999999,STAA,72304.0,2019-02-25,252.0,4.1690%,0.0032,1.4488,0.7805,-1.5084,3.1361%,3.8330%,33.0558%,0.038807,STAA,72304.0,2019-02-26,252.0,-4.5287%,0.003,1.4654,0.8286,-1.4716,3.1486%,3.8453%,32.9525%,-0.043052,STAA,72304.0,2019-02-27,252.0,2.3166%,0.003,1.4601,0.8425,-1.4724,3.1491%,3.8440%,32.8861%,0.018407,STAA,72304.0,2019-02-28,252.0,-0.8086%,0.003,1.4699,0.8489,-1.4629,3.1485%,3.8445%,32.9281%,-0.007509,STAA,72304.0,2019-03-01,252.0,10.8152%,0.0033,1.4861,0.8731,-1.4776,3.1948%,3.8979%,32.8228%,0.089166,STAA,72304.0,2019-03-04,252.0,-3.8009%,0.0035,1.4555,0.9965,-1.4747,3.1661%,3.8736%,33.1956%,-0.021116,STAA,72304.0,2019-03-05,252.0,-1.0706%,0.0036,1.4673,1.0802,-1.4618,3.1551%,3.8737%,33.6609%,-0.008772,STAA,72304.0,2019-03-06,252.0,-3.8650%,0.0035,1.4688,1.1169,-1.4551,3.1560%,3.8819%,33.9010%,-0.01222,STAA,72304.0,2019-03-07,252.0,-0.9113%,0.0034,1.4679,1.103,-1.4603,3.1552%,3.8801%,33.8775%,-0.001178,STAA,-0.0409699999999999,-0.0021629999999999,-0.0452149999999999,-0.0343169999999999,0.011563
6515,CONSTELLATION BRANDS INC,Analysts Still Bullish On Constellation Brands After Conference 'Curveballs',6,increase,0.7,0.6,analysts remaining bullish suggests positive sentiment and potential for stock price appreciation despite any challenges mentioned.,2,2019-02-21,STZ,2019-02-21 16:31:00+00:00,69796.0,21036P10,-0.0079650366678833,5426664.0,0.0205855946987867,-0.0442994832992553,-0.0112977856770157,-0.0010862868512049,0.0135208489373326,0.0054610078223049,-0.0009444758761674,-0.0046346485614776,-0.0005317361210472,0.0164592396467924,0.0164341367781162,-0.0048040854744613,-0.007618922740221,-0.0097591420635581,-0.0185196250677108,0.0067221955396234,-0.0084194401279091,0.0102153914049267,0.009514644742012,-0.0139080127701163,-0.008649468421936,0.0110526224598288,0.0128768235445022,-0.0054100858978927,0.0028515162412077,0.0005182329332455,0.0109591027721762,0.017877047881484,-0.0002929980691988,0.0146298352628946,-0.000937832868658,0.0014889815356582,0.0036961273290216,0.0065946690738201,-0.0219195690006017,0.0121974013745784,-0.0163150411099195,-0.0048312279395759,0.0291008092463016,0.0052206679247319,0.0008264914504252,0.0035333649720996,-0.0087890373542904,0.0236342810094356,0.0218401197344064,0.0030022249557077,-0.0092598656192421,-0.0040490492247045,0.0139901535585522,-0.0020514847710728,0.0164058078080415,0.0103636318817734,0.0128899477422237,-0.0045018820092082,-0.0049551757983863,0.0595600232481956,0.0168637633323669,-0.1241731122136116,0.0654460117220878,0.0130496192723512,0.0096631292253732,0.0210058819502592,-0.0049664080142974,0.031064286828041,-0.0075387177057564,-0.0148743437603116,-0.0041384738869965,0.0200222972780466,0.0056285746395587,-0.0125260548666119,-0.0033478024415671,-0.0039143692702054,0.0020469184964895,0.0004895473830401,-0.0047664134763181,0.0412233285605907,0.0082627618685364,-0.0322480946779251,0.0376866124570369,-0.0281640216708183,0.0335010252892971,-0.0302748065441846,0.0098315440118312,-0.0030703209340572,0.0128205306828022,-0.0194831453263759,0.0096126599237322,-0.0287968292832374,0.0,-0.0074467533268034,0.0017910521710291,-0.0219567883759737,-0.0040933242999017,-0.0108068473637104,0.0019842120818793,0.0078483782708644,-0.0140034947544336,-0.006945536006242,0.0109028257429599,-0.0110633419826626,-0.0046830191276967,-0.0023539098910987,-0.0120717100799083,-0.0355179272592067,-0.0032712400425225,0.0125153874978423,-0.0219605341553688,-0.0022935231681913,0.0066372593864798,-0.0253824777901172,-0.0106775490567088,0.0281920544803142,0.0212374627590179,0.008706416003406,-0.0016558532370254,0.0065857926383614,0.0088296867907047,-0.0070542730391025,-0.0097195832058787,0.0182991065084934,0.0205855946987867,-0.0442994832992553,0.00905523738483,-0.0453376482042371,0.0226985208189347,-0.0401242296334204,0.0211893146043751,-0.0288473131592489,0.0120133140552423,-0.0402060749451382,0.1557500977153374,-0.0142534643195865,0.240873975446392,-0.1207256985944701,2019-02-22,2019-02-25,2019-02-26,2019-02-27,2019-02-28,2019-03-01,2019-03-04,2019-03-05,2019-03-06,2019-03-07,69796.0,2019-02-21,252.0,-0.7965%,-0.0011,0.6188,-0.1153,-0.1514,1.5239%,1.6745%,17.1811%,-0.006196,STZ,69796.0,2019-02-22,252.0,2.0586%,-0.001,0.6159,-0.0963,-0.1688,1.5254%,1.6771%,17.2712%,0.014872,STZ,69796.0,2019-02-25,252.0,-1.1298%,-0.001,0.6156,-0.0907,-0.167,1.5272%,1.6784%,17.2083%,-0.012876,STZ,69796.0,2019-02-26,252.0,1.3521%,-0.001,0.6058,-0.1012,-0.1795,1.5281%,1.6755%,16.8145%,0.013274,STZ,69796.0,2019-02-27,252.0,-0.0944%,-0.001,0.6075,-0.1043,-0.1793,1.5279%,1.6753%,16.8206%,-0.001613,STZ,69796.0,2019-02-28,252.0,-0.0532%,-0.001,0.6117,-0.1014,-0.1767,1.5270%,1.6753%,16.9169%,0.000824,STZ,69796.0,2019-03-01,252.0,1.6434%,-0.001,0.6113,-0.102,-0.1831,1.5288%,1.6774%,16.9356%,0.011527,STZ,69796.0,2019-03-04,252.0,-0.7619%,-0.001,0.617,-0.1181,-0.1852,1.5272%,1.6778%,17.1537%,-0.004224,STZ,69796.0,2019-03-05,252.0,-1.8520%,-0.0011,0.6165,-0.1339,-0.1793,1.5280%,1.6774%,17.0129%,-0.018371,STZ,69796.0,2019-03-06,252.0,-0.8419%,-0.0011,0.6218,-0.1293,-0.1726,1.5276%,1.6780%,17.1295%,-0.004946,STZ,69796.0,2019-03-07,252.0,0.9515%,-0.0011,0.6115,-0.1503,-0.1922,1.5280%,1.6767%,16.9578%,0.013863,STZ,0.008676,-0.0041999999999999,0.009074,0.008285,0.006134
6523,CONSTELLATION BRANDS INC,Analysts Still Bullish On Constellation Brands After Conference 'Curveballs',6,increase,0.7,0.6,"analysts remaining bullish on constellation brands despite challenges suggests continued investor confidence, likely leading to a positive impact on the stock price.",2,2019-02-21,STZ,2019-02-21 16:31:00+00:00,69796.0,21036P10,-0.0079650366678833,5426664.0,0.0205855946987867,-0.0442994832992553,-0.0112977856770157,-0.0010862868512049,0.0135208489373326,0.0054610078223049,-0.0009444758761674,-0.0046346485614776,-0.0005317361210472,0.0164592396467924,0.0164341367781162,-0.0048040854744613,-0.007618922740221,-0.0097591420635581,-0.0185196250677108,0.0067221955396234,-0.0084194401279091,0.0102153914049267,0.009514644742012,-0.0139080127701163,-0.008649468421936,0.0110526224598288,0.0128768235445022,-0.0054100858978927,0.0028515162412077,0.0005182329332455,0.0109591027721762,0.017877047881484,-0.0002929980691988,0.0146298352628946,-0.000937832868658,0.0014889815356582,0.0036961273290216,0.0065946690738201,-0.0219195690006017,0.0121974013745784,-0.0163150411099195,-0.0048312279395759,0.0291008092463016,0.0052206679247319,0.0008264914504252,0.0035333649720996,-0.0087890373542904,0.0236342810094356,0.0218401197344064,0.0030022249557077,-0.0092598656192421,-0.0040490492247045,0.0139901535585522,-0.0020514847710728,0.0164058078080415,0.0103636318817734,0.0128899477422237,-0.0045018820092082,-0.0049551757983863,0.0595600232481956,0.0168637633323669,-0.1241731122136116,0.0654460117220878,0.0130496192723512,0.0096631292253732,0.0210058819502592,-0.0049664080142974,0.031064286828041,-0.0075387177057564,-0.0148743437603116,-0.0041384738869965,0.0200222972780466,0.0056285746395587,-0.0125260548666119,-0.0033478024415671,-0.0039143692702054,0.0020469184964895,0.0004895473830401,-0.0047664134763181,0.0412233285605907,0.0082627618685364,-0.0322480946779251,0.0376866124570369,-0.0281640216708183,0.0335010252892971,-0.0302748065441846,0.0098315440118312,-0.0030703209340572,0.0128205306828022,-0.0194831453263759,0.0096126599237322,-0.0287968292832374,0.0,-0.0074467533268034,0.0017910521710291,-0.0219567883759737,-0.0040933242999017,-0.0108068473637104,0.0019842120818793,0.0078483782708644,-0.0140034947544336,-0.006945536006242,0.0109028257429599,-0.0110633419826626,-0.0046830191276967,-0.0023539098910987,-0.0120717100799083,-0.0355179272592067,-0.0032712400425225,0.0125153874978423,-0.0219605341553688,-0.0022935231681913,0.0066372593864798,-0.0253824777901172,-0.0106775490567088,0.0281920544803142,0.0212374627590179,0.008706416003406,-0.0016558532370254,0.0065857926383614,0.0088296867907047,-0.0070542730391025,-0.0097195832058787,0.0182991065084934,0.0205855946987867,-0.0442994832992553,0.00905523738483,-0.0453376482042371,0.0226985208189347,-0.0401242296334204,0.0211893146043751,-0.0288473131592489,0.0120133140552423,-0.0402060749451382,0.1557500977153374,-0.0142534643195865,0.240873975446392,-0.1207256985944701,2019-02-22,2019-02-25,2019-02-26,2019-02-27,2019-02-28,2019-03-01,2019-03-04,2019-03-05,2019-03-06,2019-03-07,69796.0,2019-02-21,252.0,-0.7965%,-0.0011,0.6188,-0.1153,-0.1514,1.5239%,1.6745%,17.1811%,-0.006196,STZ,69796.0,2019-02-22,252.0,2.0586%,-0.001,0.6159,-0.0963,-0.1688,1.5254%,1.6771%,17.2712%,0.014872,STZ,69796.0,2019-02-25,252.0,-1.1298%,-0.001,0.6156,-0.0907,-0.167,1.5272%,1.6784%,17.2083%,-0.012876,STZ,69796.0,2019-02-26,252.0,1.3521%,-0.001,0.6058,-0.1012,-0.1795,1.5281%,1.6755%,16.8145%,0.013274,STZ,69796.0,2019-02-27,252.0,-0.0944%,-0.001,0.6075,-0.1043,-0.1793,1.5279%,1.6753%,16.8206%,-0.001613,STZ,69796.0,2019-02-28,252.0,-0.0532%,-0.001,0.6117,-0.1014,-0.1767,1.5270%,1.6753%,16.9169%,0.000824,STZ,69796.0,2019-03-01,252.0,1.6434%,-0.001,0.6113,-0.102,-0.1831,1.5288%,1.6774%,16.9356%,0.011527,STZ,69796.0,2019-03-04,252.0,-0.7619%,-0.001,0.617,-0.1181,-0.1852,1.5272%,1.6778%,17.1537%,-0.004224,STZ,69796.0,2019-03-05,252.0,-1.8520%,-0.0011,0.6165,-0.1339,-0.1793,1.5280%,1.6774%,17.0129%,-0.018371,STZ,69796.0,2019-03-06,252.0,-0.8419%,-0.0011,0.6218,-0.1293,-0.1726,1.5276%,1.6780%,17.1295%,-0.004946,STZ,69796.0,2019-03-07,252.0,0.9515%,-0.0011,0.6115,-0.1503,-0.1922,1.5280%,1.6767%,16.9578%,0.013863,STZ,0.008676,-0.0041999999999999,0.009074,0.008285,0.006134
6531,CONSTELLATION BRANDS INC,Macquarie Remains Cautious On Constellation Ahead Of Cannabis-Related Losses,6,decrease,0.75,0.6,"macquarie's cautious stance suggests potential financial challenges for constellation brands due to anticipated cannabis-related losses, which could negatively impact investor sentiment and stock price.",0,2019-02-21,STZ,2019-02-21 14:01:00+00:00,69796.0,21036P10,-0.0079650366678833,5426664.0,0.0205855946987867,-0.0442994832992553,-0.0112977856770157,-0.0010862868512049,0.0135208489373326,0.0054610078223049,-0.0009444758761674,-0.0046346485614776,-0.0005317361210472,0.0164592396467924,0.0164341367781162,-0.0048040854744613,-0.007618922740221,-0.0097591420635581,-0.0185196250677108,0.0067221955396234,-0.0084194401279091,0.0102153914049267,0.009514644742012,-0.0139080127701163,-0.008649468421936,0.0110526224598288,0.0128768235445022,-0.0054100858978927,0.0028515162412077,0.0005182329332455,0.0109591027721762,0.017877047881484,-0.0002929980691988,0.0146298352628946,-0.000937832868658,0.0014889815356582,0.0036961273290216,0.0065946690738201,-0.0219195690006017,0.0121974013745784,-0.0163150411099195,-0.0048312279395759,0.0291008092463016,0.0052206679247319,0.0008264914504252,0.0035333649720996,-0.0087890373542904,0.0236342810094356,0.0218401197344064,0.0030022249557077,-0.0092598656192421,-0.0040490492247045,0.0139901535585522,-0.0020514847710728,0.0164058078080415,0.0103636318817734,0.0128899477422237,-0.0045018820092082,-0.0049551757983863,0.0595600232481956,0.0168637633323669,-0.1241731122136116,0.0654460117220878,0.0130496192723512,0.0096631292253732,0.0210058819502592,-0.0049664080142974,0.031064286828041,-0.0075387177057564,-0.0148743437603116,-0.0041384738869965,0.0200222972780466,0.0056285746395587,-0.0125260548666119,-0.0033478024415671,-0.0039143692702054,0.0020469184964895,0.0004895473830401,-0.0047664134763181,0.0412233285605907,0.0082627618685364,-0.0322480946779251,0.0376866124570369,-0.0281640216708183,0.0335010252892971,-0.0302748065441846,0.0098315440118312,-0.0030703209340572,0.0128205306828022,-0.0194831453263759,0.0096126599237322,-0.0287968292832374,0.0,-0.0074467533268034,0.0017910521710291,-0.0219567883759737,-0.0040933242999017,-0.0108068473637104,0.0019842120818793,0.0078483782708644,-0.0140034947544336,-0.006945536006242,0.0109028257429599,-0.0110633419826626,-0.0046830191276967,-0.0023539098910987,-0.0120717100799083,-0.0355179272592067,-0.0032712400425225,0.0125153874978423,-0.0219605341553688,-0.0022935231681913,0.0066372593864798,-0.0253824777901172,-0.0106775490567088,0.0281920544803142,0.0212374627590179,0.008706416003406,-0.0016558532370254,0.0065857926383614,0.0088296867907047,-0.0070542730391025,-0.0097195832058787,0.0182991065084934,0.0205855946987867,-0.0442994832992553,0.00905523738483,-0.0453376482042371,0.0226985208189347,-0.0401242296334204,0.0211893146043751,-0.0288473131592489,0.0120133140552423,-0.0402060749451382,0.1557500977153374,-0.0142534643195865,0.240873975446392,-0.1207256985944701,2019-02-22,2019-02-25,2019-02-26,2019-02-27,2019-02-28,2019-03-01,2019-03-04,2019-03-05,2019-03-06,2019-03-07,69796.0,2019-02-21,252.0,-0.7965%,-0.0011,0.6188,-0.1153,-0.1514,1.5239%,1.6745%,17.1811%,-0.006196,STZ,69796.0,2019-02-22,252.0,2.0586%,-0.001,0.6159,-0.0963,-0.1688,1.5254%,1.6771%,17.2712%,0.014872,STZ,69796.0,2019-02-25,252.0,-1.1298%,-0.001,0.6156,-0.0907,-0.167,1.5272%,1.6784%,17.2083%,-0.012876,STZ,69796.0,2019-02-26,252.0,1.3521%,-0.001,0.6058,-0.1012,-0.1795,1.5281%,1.6755%,16.8145%,0.013274,STZ,69796.0,2019-02-27,252.0,-0.0944%,-0.001,0.6075,-0.1043,-0.1793,1.5279%,1.6753%,16.8206%,-0.001613,STZ,69796.0,2019-02-28,252.0,-0.0532%,-0.001,0.6117,-0.1014,-0.1767,1.5270%,1.6753%,16.9169%,0.000824,STZ,69796.0,2019-03-01,252.0,1.6434%,-0.001,0.6113,-0.102,-0.1831,1.5288%,1.6774%,16.9356%,0.011527,STZ,69796.0,2019-03-04,252.0,-0.7619%,-0.001,0.617,-0.1181,-0.1852,1.5272%,1.6778%,17.1537%,-0.004224,STZ,69796.0,2019-03-05,252.0,-1.8520%,-0.0011,0.6165,-0.1339,-0.1793,1.5280%,1.6774%,17.0129%,-0.018371,STZ,69796.0,2019-03-06,252.0,-0.8419%,-0.0011,0.6218,-0.1293,-0.1726,1.5276%,1.6780%,17.1295%,-0.004946,STZ,69796.0,2019-03-07,252.0,0.9515%,-0.0011,0.6115,-0.1503,-0.1922,1.5280%,1.6767%,16.9578%,0.013863,STZ,0.008676,-0.0041999999999999,0.009074,0.008285,0.006134
6539,CONSTELLATION BRANDS INC,Macquarie Remains Cautious On Constellation Ahead Of Cannabis-Related Losses,6,decrease,0.75,0.6,"macquarie's cautious stance suggests potential negative impacts from cannabis-related losses, which could lead to a decline in investor confidence and stock price.",0,2019-02-21,STZ,2019-02-21 14:01:00+00:00,69796.0,21036P10,-0.0079650366678833,5426664.0,0.0205855946987867,-0.0442994832992553,-0.0112977856770157,-0.0010862868512049,0.0135208489373326,0.0054610078223049,-0.0009444758761674,-0.0046346485614776,-0.0005317361210472,0.0164592396467924,0.0164341367781162,-0.0048040854744613,-0.007618922740221,-0.0097591420635581,-0.0185196250677108,0.0067221955396234,-0.0084194401279091,0.0102153914049267,0.009514644742012,-0.0139080127701163,-0.008649468421936,0.0110526224598288,0.0128768235445022,-0.0054100858978927,0.0028515162412077,0.0005182329332455,0.0109591027721762,0.017877047881484,-0.0002929980691988,0.0146298352628946,-0.000937832868658,0.0014889815356582,0.0036961273290216,0.0065946690738201,-0.0219195690006017,0.0121974013745784,-0.0163150411099195,-0.0048312279395759,0.0291008092463016,0.0052206679247319,0.0008264914504252,0.0035333649720996,-0.0087890373542904,0.0236342810094356,0.0218401197344064,0.0030022249557077,-0.0092598656192421,-0.0040490492247045,0.0139901535585522,-0.0020514847710728,0.0164058078080415,0.0103636318817734,0.0128899477422237,-0.0045018820092082,-0.0049551757983863,0.0595600232481956,0.0168637633323669,-0.1241731122136116,0.0654460117220878,0.0130496192723512,0.0096631292253732,0.0210058819502592,-0.0049664080142974,0.031064286828041,-0.0075387177057564,-0.0148743437603116,-0.0041384738869965,0.0200222972780466,0.0056285746395587,-0.0125260548666119,-0.0033478024415671,-0.0039143692702054,0.0020469184964895,0.0004895473830401,-0.0047664134763181,0.0412233285605907,0.0082627618685364,-0.0322480946779251,0.0376866124570369,-0.0281640216708183,0.0335010252892971,-0.0302748065441846,0.0098315440118312,-0.0030703209340572,0.0128205306828022,-0.0194831453263759,0.0096126599237322,-0.0287968292832374,0.0,-0.0074467533268034,0.0017910521710291,-0.0219567883759737,-0.0040933242999017,-0.0108068473637104,0.0019842120818793,0.0078483782708644,-0.0140034947544336,-0.006945536006242,0.0109028257429599,-0.0110633419826626,-0.0046830191276967,-0.0023539098910987,-0.0120717100799083,-0.0355179272592067,-0.0032712400425225,0.0125153874978423,-0.0219605341553688,-0.0022935231681913,0.0066372593864798,-0.0253824777901172,-0.0106775490567088,0.0281920544803142,0.0212374627590179,0.008706416003406,-0.0016558532370254,0.0065857926383614,0.0088296867907047,-0.0070542730391025,-0.0097195832058787,0.0182991065084934,0.0205855946987867,-0.0442994832992553,0.00905523738483,-0.0453376482042371,0.0226985208189347,-0.0401242296334204,0.0211893146043751,-0.0288473131592489,0.0120133140552423,-0.0402060749451382,0.1557500977153374,-0.0142534643195865,0.240873975446392,-0.1207256985944701,2019-02-22,2019-02-25,2019-02-26,2019-02-27,2019-02-28,2019-03-01,2019-03-04,2019-03-05,2019-03-06,2019-03-07,69796.0,2019-02-21,252.0,-0.7965%,-0.0011,0.6188,-0.1153,-0.1514,1.5239%,1.6745%,17.1811%,-0.006196,STZ,69796.0,2019-02-22,252.0,2.0586%,-0.001,0.6159,-0.0963,-0.1688,1.5254%,1.6771%,17.2712%,0.014872,STZ,69796.0,2019-02-25,252.0,-1.1298%,-0.001,0.6156,-0.0907,-0.167,1.5272%,1.6784%,17.2083%,-0.012876,STZ,69796.0,2019-02-26,252.0,1.3521%,-0.001,0.6058,-0.1012,-0.1795,1.5281%,1.6755%,16.8145%,0.013274,STZ,69796.0,2019-02-27,252.0,-0.0944%,-0.001,0.6075,-0.1043,-0.1793,1.5279%,1.6753%,16.8206%,-0.001613,STZ,69796.0,2019-02-28,252.0,-0.0532%,-0.001,0.6117,-0.1014,-0.1767,1.5270%,1.6753%,16.9169%,0.000824,STZ,69796.0,2019-03-01,252.0,1.6434%,-0.001,0.6113,-0.102,-0.1831,1.5288%,1.6774%,16.9356%,0.011527,STZ,69796.0,2019-03-04,252.0,-0.7619%,-0.001,0.617,-0.1181,-0.1852,1.5272%,1.6778%,17.1537%,-0.004224,STZ,69796.0,2019-03-05,252.0,-1.8520%,-0.0011,0.6165,-0.1339,-0.1793,1.5280%,1.6774%,17.0129%,-0.018371,STZ,69796.0,2019-03-06,252.0,-0.8419%,-0.0011,0.6218,-0.1293,-0.1726,1.5276%,1.6780%,17.1295%,-0.004946,STZ,69796.0,2019-03-07,252.0,0.9515%,-0.0011,0.6115,-0.1503,-0.1922,1.5280%,1.6767%,16.9578%,0.013863,STZ,0.008676,-0.0041999999999999,0.009074,0.008285,0.006134
6547,TELEFLEX INC,Teleflex Sees FY19 Adj. EPS $10.90-$11.10 vs $11.03 Estimate,6,uncertain,0.6,0.2,"while the adjusted eps guidance is slightly below the estimate, the range is close enough that investor sentiment could vary, leading to uncertainty in stock price movement.",1,2019-02-21,TFX,2019-02-21 11:39:00+00:00,44329.0,87936910,-0.0392697565257549,605280.0,0.037023589015007,0.0158865638077259,0.0165720004588365,-0.0136066824197769,-0.0061002550646662,0.0155229670926928,0.0070393187925219,-0.0002130746579496,-0.0007920089410617,0.0132421469315886,0.016112383455038,0.0083820084109902,-0.0064514763653278,0.0052892011590301,0.0033149970695376,0.0119974892586469,-0.0219360049813985,-0.0060905274003744,0.0014277813024818,-0.0031455173157155,-0.0022951597347855,0.0044821677729487,0.0173933915793895,0.0018034236272796,0.0156228505074977,-0.0065813083201646,0.0033733639866113,0.0031542887445539,0.0047740144655108,0.0178072191774845,0.0135180642828345,3.736939470400102e-05,-0.0059755616821348,-0.0036082330625504,0.0010960745858028,0.0106390472501516,0.0012606142554432,0.0207998063415288,0.0104705225676298,0.0118432333692908,-0.0107226818799972,-0.0015121535398066,-0.0069608078338205,0.0126423891633749,0.0148536739870905,0.0243725776672363,-0.0140113458037376,-0.0291671007871627,0.0011007625143975,0.0246858559548854,0.0068308901973068,-0.0236337464302778,0.0003309706808067,-0.0252455621957778,0.0015549566596746,0.0115553503856062,-0.0013213900383561,0.0268153734505176,-0.0004299089487176,0.0106323594227433,0.0002646809152793,-0.0038225958123803,0.003539788769558,0.0200649984180927,3.289681262685917e-05,-0.0244869161397218,0.0049117249436676,-0.0235995277762413,0.0012792656198143,0.0156385507434606,-0.000360324193025,0.0222936458885669,-0.0078327748924493,0.0411525927484035,-0.0287705343216657,0.0416921116411685,-0.0553684942424297,-0.0362346433103084,-0.0025202960241585,-0.0020949428435415,-0.0090596619993448,-0.0263930857181549,0.0204341262578964,-0.0032122689299285,-0.0045332466252148,0.000732421875,0.0087133990600705,-0.0067897695116698,0.0025950409471988,-0.0350972972810268,-0.0051766484975814,-0.0080844666808843,0.0199586804956197,0.0124142663553357,-0.019463300704956,-0.007077058777213,0.0620790943503379,0.0020651447121053,0.0078179594129323,-0.0425665862858295,-0.00452785147354,0.0070253028534352,-0.0156187741085887,-0.0342851355671882,0.0068291029892861,0.0007624407880939,0.0168725121766328,0.0144009562209248,0.0049445484764873,0.01582614146173,-0.0289270542562007,0.0342052169144153,0.0128540899604558,0.0015889767091721,-0.0064199646003544,0.0212538391351699,0.019993245601654,-0.0071908594109117,-0.0182747151702642,0.0039053470827639,0.037023589015007,0.0158865638077259,0.0542091444079879,0.0020637179594757,0.0477781997355957,0.0176187200781421,0.0543181532283438,0.03087447665074,0.0459880471579445,0.0478036905079395,0.0992787834328325,0.1450956118744732,0.077956206429669,0.130098670630002,2019-02-22,2019-02-25,2019-02-26,2019-02-27,2019-02-28,2019-03-01,2019-03-04,2019-03-05,2019-03-06,2019-03-07,44329.0,2019-02-21,252.0,-3.9270%,-0.0001,0.8634,0.0191,-0.3447,1.3980%,1.7294%,34.6512%,-0.037059,TFX,44329.0,2019-02-22,252.0,3.7024%,-0.0,0.86,0.0144,-0.3897,1.4067%,1.7447%,34.9973%,0.026139,TFX,44329.0,2019-02-25,252.0,1.6572%,0.0003,0.8508,-0.0019,-0.4322,1.3205%,1.6792%,38.1634%,0.014518,TFX,44329.0,2019-02-26,252.0,-0.6100%,0.0003,0.8466,0.0114,-0.4287,1.3198%,1.6737%,37.8146%,-0.006277,TFX,44329.0,2019-02-27,252.0,0.7039%,0.0003,0.8495,0.0078,-0.4282,1.3197%,1.6740%,37.8554%,0.005641,TFX,44329.0,2019-02-28,252.0,-0.0792%,0.0003,0.8497,0.008,-0.4281,1.3197%,1.6727%,37.7586%,0.000669,TFX,44329.0,2019-03-01,252.0,1.6112%,0.0004,0.8467,0.0036,-0.4364,1.3197%,1.6725%,37.7340%,0.008169,TFX,44329.0,2019-03-04,252.0,-0.6451%,0.0004,0.8384,0.0318,-0.4344,1.3148%,1.6637%,37.5377%,-0.000423,TFX,44329.0,2019-03-05,252.0,0.3315%,0.0004,0.8371,0.024,-0.4365,1.3148%,1.6622%,37.4293%,0.0037059999999999,TFX,44329.0,2019-03-06,252.0,-2.1936%,0.0003,0.837,0.0601,-0.4317,1.3160%,1.6640%,37.4535%,-0.014518,TFX,44329.0,2019-03-07,252.0,0.1428%,0.0003,0.8311,0.0437,-0.4442,1.3144%,1.6614%,37.4106%,0.0068189999999999,TFX,-0.01092,0.003598,-0.002679,0.003631,0.0073839999999999
6555,TELEFLEX INC,"Teleflex Q4 EPS $2.77 Beats $2.76 Estimate, Sales $641.6M Beat $640.05M Estimate",6,increase,0.8,0.6,"the earnings per share and sales figures both exceeded estimates, which typically signals positive performance and can lead to an increase in stock price.",2,2019-02-21,TFX,2019-02-21 11:38:00+00:00,44329.0,87936910,-0.0392697565257549,605280.0,0.037023589015007,0.0158865638077259,0.0165720004588365,-0.0136066824197769,-0.0061002550646662,0.0155229670926928,0.0070393187925219,-0.0002130746579496,-0.0007920089410617,0.0132421469315886,0.016112383455038,0.0083820084109902,-0.0064514763653278,0.0052892011590301,0.0033149970695376,0.0119974892586469,-0.0219360049813985,-0.0060905274003744,0.0014277813024818,-0.0031455173157155,-0.0022951597347855,0.0044821677729487,0.0173933915793895,0.0018034236272796,0.0156228505074977,-0.0065813083201646,0.0033733639866113,0.0031542887445539,0.0047740144655108,0.0178072191774845,0.0135180642828345,3.736939470400102e-05,-0.0059755616821348,-0.0036082330625504,0.0010960745858028,0.0106390472501516,0.0012606142554432,0.0207998063415288,0.0104705225676298,0.0118432333692908,-0.0107226818799972,-0.0015121535398066,-0.0069608078338205,0.0126423891633749,0.0148536739870905,0.0243725776672363,-0.0140113458037376,-0.0291671007871627,0.0011007625143975,0.0246858559548854,0.0068308901973068,-0.0236337464302778,0.0003309706808067,-0.0252455621957778,0.0015549566596746,0.0115553503856062,-0.0013213900383561,0.0268153734505176,-0.0004299089487176,0.0106323594227433,0.0002646809152793,-0.0038225958123803,0.003539788769558,0.0200649984180927,3.289681262685917e-05,-0.0244869161397218,0.0049117249436676,-0.0235995277762413,0.0012792656198143,0.0156385507434606,-0.000360324193025,0.0222936458885669,-0.0078327748924493,0.0411525927484035,-0.0287705343216657,0.0416921116411685,-0.0553684942424297,-0.0362346433103084,-0.0025202960241585,-0.0020949428435415,-0.0090596619993448,-0.0263930857181549,0.0204341262578964,-0.0032122689299285,-0.0045332466252148,0.000732421875,0.0087133990600705,-0.0067897695116698,0.0025950409471988,-0.0350972972810268,-0.0051766484975814,-0.0080844666808843,0.0199586804956197,0.0124142663553357,-0.019463300704956,-0.007077058777213,0.0620790943503379,0.0020651447121053,0.0078179594129323,-0.0425665862858295,-0.00452785147354,0.0070253028534352,-0.0156187741085887,-0.0342851355671882,0.0068291029892861,0.0007624407880939,0.0168725121766328,0.0144009562209248,0.0049445484764873,0.01582614146173,-0.0289270542562007,0.0342052169144153,0.0128540899604558,0.0015889767091721,-0.0064199646003544,0.0212538391351699,0.019993245601654,-0.0071908594109117,-0.0182747151702642,0.0039053470827639,0.037023589015007,0.0158865638077259,0.0542091444079879,0.0020637179594757,0.0477781997355957,0.0176187200781421,0.0543181532283438,0.03087447665074,0.0459880471579445,0.0478036905079395,0.0992787834328325,0.1450956118744732,0.077956206429669,0.130098670630002,2019-02-22,2019-02-25,2019-02-26,2019-02-27,2019-02-28,2019-03-01,2019-03-04,2019-03-05,2019-03-06,2019-03-07,44329.0,2019-02-21,252.0,-3.9270%,-0.0001,0.8634,0.0191,-0.3447,1.3980%,1.7294%,34.6512%,-0.037059,TFX,44329.0,2019-02-22,252.0,3.7024%,-0.0,0.86,0.0144,-0.3897,1.4067%,1.7447%,34.9973%,0.026139,TFX,44329.0,2019-02-25,252.0,1.6572%,0.0003,0.8508,-0.0019,-0.4322,1.3205%,1.6792%,38.1634%,0.014518,TFX,44329.0,2019-02-26,252.0,-0.6100%,0.0003,0.8466,0.0114,-0.4287,1.3198%,1.6737%,37.8146%,-0.006277,TFX,44329.0,2019-02-27,252.0,0.7039%,0.0003,0.8495,0.0078,-0.4282,1.3197%,1.6740%,37.8554%,0.005641,TFX,44329.0,2019-02-28,252.0,-0.0792%,0.0003,0.8497,0.008,-0.4281,1.3197%,1.6727%,37.7586%,0.000669,TFX,44329.0,2019-03-01,252.0,1.6112%,0.0004,0.8467,0.0036,-0.4364,1.3197%,1.6725%,37.7340%,0.008169,TFX,44329.0,2019-03-04,252.0,-0.6451%,0.0004,0.8384,0.0318,-0.4344,1.3148%,1.6637%,37.5377%,-0.000423,TFX,44329.0,2019-03-05,252.0,0.3315%,0.0004,0.8371,0.024,-0.4365,1.3148%,1.6622%,37.4293%,0.0037059999999999,TFX,44329.0,2019-03-06,252.0,-2.1936%,0.0003,0.837,0.0601,-0.4317,1.3160%,1.6640%,37.4535%,-0.014518,TFX,44329.0,2019-03-07,252.0,0.1428%,0.0003,0.8311,0.0437,-0.4442,1.3144%,1.6614%,37.4106%,0.0068189999999999,TFX,-0.01092,0.003598,-0.002679,0.003631,0.0073839999999999
6563,TEXTAINER GROUP HOLDINGS LTD,"Textainer Group Holdings Q4 Adj. EPS $0.21 Misses $0.35 Estimate, Sales $157.12M Beat $150.5M Estimate",6,decrease,0.7,0.5,"the significant miss in adjusted eps compared to estimates is likely to negatively impact investor sentiment, despite the sales beat.",0,2019-02-21,TGH,2019-02-21 22:09:00+00:00,92379.0,G8766E10,-0.003816808341071,220687.0,-0.0252873506397008,0.0155039355158805,-0.1037736311554909,0.0038909912109375,-0.0649122595787048,-0.0367316156625747,0.0075046834535896,-0.0269875917583704,0.0158286858350038,-0.0172042846679687,0.0155820418149232,0.0101375365629792,0.0315884836018085,0.0321375429630279,0.0043743862770497,0.0182648226618766,-0.0252613220363855,-0.0172026585787534,0.0080429092049598,0.0198322068899869,-0.0168439354747533,0.006139671895653,0.0171325132250785,-0.0076161753386259,-0.0017730057006701,0.0084485141560435,-0.0106571828946471,0.0054054553620517,-0.0332136340439319,0.0062160002999007,0.0027854903601109,0.007042265497148,-0.0138889420777559,-0.0108359400182962,-0.006572741549462,0.0038850186392664,-0.0056710271164774,0.0165876802057027,-0.0104563310742378,-0.0186046343296766,-0.0701248347759246,-0.032983548939228,0.010330518707633,0.0421874970197677,-0.0061349146999418,0.0587262213230133,0.0113168368116021,-0.0194647014141082,-0.0132248336449265,0.0206953641027212,-0.0051546590402722,0.0,0.0155441015958786,0.0066666603088378,-0.0122448857873678,0.0075566880404949,-0.0051653087139129,-0.0091514643281698,0.015576284378767,0.0195080991834402,0.0255623720586299,0.0621621236205101,0.0259222574532032,0.0109290387481451,-0.0068026916123926,0.0309859085828065,0.0528375692665576,0.0692770630121231,-0.0269516687840223,0.0462184399366378,0.0028653040062636,0.0031612948514521,-0.0104761580005288,-0.0021030975040048,0.0019248799653723,0.022580649703741,-0.0153698222711682,-0.054878044873476,-0.0029268031939864,-0.0228400751948356,-0.0440312922000885,0.0223349556326866,0.0133059527724981,-0.0030364100821316,0.0151515733450651,0.0154162980616092,-0.036815907806158,-0.0020513290073722,0.0237602833658456,-0.0151514774188399,-0.0151361878961324,-0.0369649939239025,-0.0174180399626493,0.001949269324541,-0.0083420146256685,0.0,0.0031545460224151,-0.0209923014044761,0.0115303620696067,-0.020560773089528,0.0093264412134885,-0.0138249369338154,-0.0133470343425869,-0.0630396828055381,-0.0072840475477278,0.0385650508105754,-0.0083857364952564,-0.017621211707592,0.041226252913475,-0.0052584982477128,0.0314720273017883,0.0251572076231241,0.0196850206702947,-0.0062499730847775,0.0279922746121883,0.0071942377835512,-0.015023460611701,-0.004476292990148,-0.0390848293900489,0.0352178066968917,-0.0252873506397008,0.0155039355158805,-0.1264368215970078,0.0194552524036453,-0.1831417813919013,-0.0179909861128385,-0.1639846929237589,-0.0609318581476094,-0.1356322110762192,-0.0007627185087609,-0.250574738215041,0.1111111463871332,-0.2275862160723658,0.2140871543798095,2019-02-22,2019-02-25,2019-02-26,2019-02-27,2019-02-28,2019-03-01,2019-03-04,2019-03-05,2019-03-06,2019-03-07,92379.0,2019-02-21,252.0,-0.3817%,-0.0011,1.219,1.1059,0.7513,2.4632%,2.7772%,21.3347%,0.002682,TGH,92379.0,2019-02-22,252.0,-2.5287%,-0.0011,1.222,1.1239,0.8039,2.4665%,2.7803%,21.3011%,-0.02835,TGH,92379.0,2019-02-25,252.0,-10.3774%,-0.0013,1.2146,1.1659,0.7983,2.5102%,2.8203%,20.7853%,-0.101338,TGH,92379.0,2019-02-26,252.0,-6.4912%,-0.0015,1.2146,1.2378,0.8347,2.5284%,2.8421%,20.8529%,-0.052973,TGH,92379.0,2019-02-27,252.0,0.7505%,-0.0014,1.2234,1.2239,0.8362,2.5257%,2.8415%,20.9915%,0.0049619999999999,TGH,92379.0,2019-02-28,252.0,1.5829%,-0.0014,1.2226,1.2241,0.8303,2.5294%,2.8428%,20.8358%,0.0213669999999999,TGH,92379.0,2019-03-01,252.0,1.5582%,-0.0013,1.2129,1.2097,0.8116,2.5271%,2.8336%,20.4652%,0.006461,TGH,92379.0,2019-03-04,252.0,3.1588%,-0.0012,1.2155,1.1644,0.8193,2.5380%,2.8399%,20.1293%,0.039479,TGH,92379.0,2019-03-05,252.0,0.4374%,-0.0012,1.2068,1.1059,0.8083,2.5328%,2.8248%,19.6050%,0.011927,TGH,92379.0,2019-03-06,252.0,-2.5261%,-0.001,1.2337,1.0838,0.8356,2.5130%,2.8179%,20.4717%,-0.001603,TGH,92379.0,2019-03-07,252.0,0.8043%,-0.0011,1.2143,1.033,0.7955,2.5063%,2.8011%,19.9424%,0.021585,TGH,-0.025668,-0.127006,-0.179979,-0.15365,-0.075801
6571,GENTHERM INC,"Gentherm Shares Down 4% Over Last 20 Mins., Now Below $44 Level; Craig-Hallum Downgraded Stock From Buy To Hold",6,decrease,0.8,0.6,"the downgrade from buy to hold by craig-hallum, combined with a 4% drop in shares, suggests negative sentiment that is likely to lead to further declines in gentherm inc's stock price.",0,2019-02-21,THRM,2019-02-21 19:20:00+00:00,79248.0,37253A10,-0.0261194668710231,589700.0,0.0244252998381853,-0.0030224891379475,-0.0088825915008783,0.0091506196185946,0.0089621990919113,0.007326815277338,-0.0441795103251934,-0.0040018400177359,0.0026901592500507,0.006873688660562,0.0151219256222248,0.0328029431402683,-0.0016818763688206,0.0131448106840252,-0.0178098157048225,-0.0156249850988388,-0.0553786344826221,-0.0270783714950084,-0.0038909912109375,-0.0124326199293136,0.000781218172051,-0.0081432871520519,0.0096278665587306,0.0067931818775832,-0.0123711228370666,0.0030544465407729,-0.0015657978365197,0.030758062377572,-0.0172503888607025,-0.0122009171172976,0.0103724263608455,-0.0073617044836282,-0.0060543129220604,-0.0103407436981797,-0.0029130508191883,0.0116499727591872,-0.003452883567661,-0.0014244434423744,0.0119936233386397,-0.0181818772107362,-0.0352910235524177,-0.0214415751397609,0.0046409545466303,0.017405429854989,0.0019021657062694,0.0084250085055828,-0.0002711777051445,0.0011714909924194,0.007053670939058,0.0047081159427762,-0.0070042652077972,-0.0021141686011105,0.0330982431769371,-0.0129840336740016,0.0042016762308776,-0.0018513774266466,0.0211819428950548,0.0475151278078556,0.0194622837007045,0.0427198819816112,-0.0045214844867587,-0.0119880000129342,0.0085793631151318,0.0448852106928825,-0.0052540129981935,-0.0570866093039512,0.0168511569499969,0.0165082514286041,0.0101409805938601,0.0173028074204921,0.0151811689138412,0.0040878858417272,-0.0014471191680058,0.0187402721494436,0.0115941911935806,0.0005207458743825,0.0293696150183677,-0.0375939831137657,-0.0051032523624598,0.0002507429453544,-0.0258801728487014,-0.0032484023831784,0.0126855578273534,-0.0106304148212075,0.0077995276078581,-0.0073619442991912,-0.0377579890191555,-0.012360599823296,0.0209602881222963,-0.0238940641283989,-0.0074002761393785,-0.0072804451920092,0.0187589880079031,0.0270140562206506,-0.0207743402570486,0.0199261382222175,-0.0144647657871246,-0.0099853835999965,0.0168786346912384,-0.0370543636381626,0.001683899317868,-0.0452306419610977,-0.0244956891983747,-0.0375000350177288,0.0027080406434834,-0.0006461076554842,0.0002455717185512,0.0115468138828873,0.0039273402653634,0.0043763844296336,-0.0232274010777473,0.0207728464156389,0.0090112788602709,-0.0092940516769886,0.0004961661179549,0.0203205626457929,-0.004215273540467,-0.0051662069745361,-0.0104581220075488,0.0138920657336711,0.0244252998381853,-0.0030224891379475,0.0153257483765578,0.0061004728322444,0.0244252998766525,0.0134719851471287,-0.0181991939034485,0.0163546453105487,-0.0804596952840122,0.0058644152482874,-0.0466953311136326,0.0839231400740698,-0.0483715719773266,-0.0234570449552297,2019-02-22,2019-02-25,2019-02-26,2019-02-27,2019-02-28,2019-03-01,2019-03-04,2019-03-05,2019-03-06,2019-03-07,79248.0,2019-02-21,252.0,-2.6119%,0.0009,1.0324,1.1824,0.5042,1.6055%,1.9830%,34.4458%,-0.020673,THRM,79248.0,2019-02-22,252.0,2.4425%,0.001,1.0288,1.2122,0.489,1.6047%,1.9867%,34.7555%,0.018524,THRM,79248.0,2019-02-25,252.0,-0.8883%,0.0011,1.0246,1.2117,0.4732,1.5890%,1.9734%,35.1656%,-0.006494,THRM,79248.0,2019-02-26,252.0,0.8962%,0.0013,1.0316,1.179,0.4618,1.5892%,1.9734%,35.1521%,0.019818,THRM,79248.0,2019-02-27,252.0,-4.4180%,0.001,1.0264,1.1741,0.4608,1.6167%,1.9921%,34.1316%,-0.046894,THRM,79248.0,2019-02-28,252.0,0.2690%,0.0011,1.015,1.1665,0.4512,1.6126%,1.9805%,33.6986%,0.006689,THRM,79248.0,2019-03-01,252.0,1.5122%,0.0011,1.0221,1.1771,0.4599,1.6117%,1.9818%,33.8614%,0.006146,THRM,79248.0,2019-03-04,252.0,-0.1682%,0.0011,1.0288,1.1501,0.4593,1.6090%,1.9797%,33.9412%,0.006458,THRM,79248.0,2019-03-05,252.0,-1.7810%,0.001,1.0288,1.1418,0.4639,1.6099%,1.9757%,33.6018%,-0.011483,THRM,79248.0,2019-03-06,252.0,-5.5379%,0.0008,1.0389,1.2142,0.4852,1.6227%,2.0054%,34.5210%,-0.032625,THRM,79248.0,2019-03-07,252.0,-0.3891%,0.0009,1.0383,1.2232,0.4869,1.6222%,2.0054%,34.5687%,0.0069889999999999,THRM,-0.002149,-0.008643,0.0111749999999999,-0.02903,-0.053545
6579,GENTHERM INC,"Gentherm Sees FY19 Product Sales $1.01B-$1.04B, Adj. EBITDA 14-15% Of Product Sales; Reaffirms FY21 Outlook For Product Sales Growth In High Single Digit Range, Adj. EBITDA Margin In High Teens Range",6,increase,0.7,0.6,"the reaffirmation of growth expectations and positive outlook for product sales and ebitda margins suggests strong future performance, which is likely to boost investor confidence and increase the stock price.",2,2019-02-21,THRM,2019-02-21 11:13:00+00:00,79248.0,37253A10,-0.0261194668710231,589700.0,0.0244252998381853,-0.0030224891379475,-0.0088825915008783,0.0091506196185946,0.0089621990919113,0.007326815277338,-0.0441795103251934,-0.0040018400177359,0.0026901592500507,0.006873688660562,0.0151219256222248,0.0328029431402683,-0.0016818763688206,0.0131448106840252,-0.0178098157048225,-0.0156249850988388,-0.0553786344826221,-0.0270783714950084,-0.0038909912109375,-0.0124326199293136,0.000781218172051,-0.0081432871520519,0.0096278665587306,0.0067931818775832,-0.0123711228370666,0.0030544465407729,-0.0015657978365197,0.030758062377572,-0.0172503888607025,-0.0122009171172976,0.0103724263608455,-0.0073617044836282,-0.0060543129220604,-0.0103407436981797,-0.0029130508191883,0.0116499727591872,-0.003452883567661,-0.0014244434423744,0.0119936233386397,-0.0181818772107362,-0.0352910235524177,-0.0214415751397609,0.0046409545466303,0.017405429854989,0.0019021657062694,0.0084250085055828,-0.0002711777051445,0.0011714909924194,0.007053670939058,0.0047081159427762,-0.0070042652077972,-0.0021141686011105,0.0330982431769371,-0.0129840336740016,0.0042016762308776,-0.0018513774266466,0.0211819428950548,0.0475151278078556,0.0194622837007045,0.0427198819816112,-0.0045214844867587,-0.0119880000129342,0.0085793631151318,0.0448852106928825,-0.0052540129981935,-0.0570866093039512,0.0168511569499969,0.0165082514286041,0.0101409805938601,0.0173028074204921,0.0151811689138412,0.0040878858417272,-0.0014471191680058,0.0187402721494436,0.0115941911935806,0.0005207458743825,0.0293696150183677,-0.0375939831137657,-0.0051032523624598,0.0002507429453544,-0.0258801728487014,-0.0032484023831784,0.0126855578273534,-0.0106304148212075,0.0077995276078581,-0.0073619442991912,-0.0377579890191555,-0.012360599823296,0.0209602881222963,-0.0238940641283989,-0.0074002761393785,-0.0072804451920092,0.0187589880079031,0.0270140562206506,-0.0207743402570486,0.0199261382222175,-0.0144647657871246,-0.0099853835999965,0.0168786346912384,-0.0370543636381626,0.001683899317868,-0.0452306419610977,-0.0244956891983747,-0.0375000350177288,0.0027080406434834,-0.0006461076554842,0.0002455717185512,0.0115468138828873,0.0039273402653634,0.0043763844296336,-0.0232274010777473,0.0207728464156389,0.0090112788602709,-0.0092940516769886,0.0004961661179549,0.0203205626457929,-0.004215273540467,-0.0051662069745361,-0.0104581220075488,0.0138920657336711,0.0244252998381853,-0.0030224891379475,0.0153257483765578,0.0061004728322444,0.0244252998766525,0.0134719851471287,-0.0181991939034485,0.0163546453105487,-0.0804596952840122,0.0058644152482874,-0.0466953311136326,0.0839231400740698,-0.0483715719773266,-0.0234570449552297,2019-02-22,2019-02-25,2019-02-26,2019-02-27,2019-02-28,2019-03-01,2019-03-04,2019-03-05,2019-03-06,2019-03-07,79248.0,2019-02-21,252.0,-2.6119%,0.0009,1.0324,1.1824,0.5042,1.6055%,1.9830%,34.4458%,-0.020673,THRM,79248.0,2019-02-22,252.0,2.4425%,0.001,1.0288,1.2122,0.489,1.6047%,1.9867%,34.7555%,0.018524,THRM,79248.0,2019-02-25,252.0,-0.8883%,0.0011,1.0246,1.2117,0.4732,1.5890%,1.9734%,35.1656%,-0.006494,THRM,79248.0,2019-02-26,252.0,0.8962%,0.0013,1.0316,1.179,0.4618,1.5892%,1.9734%,35.1521%,0.019818,THRM,79248.0,2019-02-27,252.0,-4.4180%,0.001,1.0264,1.1741,0.4608,1.6167%,1.9921%,34.1316%,-0.046894,THRM,79248.0,2019-02-28,252.0,0.2690%,0.0011,1.015,1.1665,0.4512,1.6126%,1.9805%,33.6986%,0.006689,THRM,79248.0,2019-03-01,252.0,1.5122%,0.0011,1.0221,1.1771,0.4599,1.6117%,1.9818%,33.8614%,0.006146,THRM,79248.0,2019-03-04,252.0,-0.1682%,0.0011,1.0288,1.1501,0.4593,1.6090%,1.9797%,33.9412%,0.006458,THRM,79248.0,2019-03-05,252.0,-1.7810%,0.001,1.0288,1.1418,0.4639,1.6099%,1.9757%,33.6018%,-0.011483,THRM,79248.0,2019-03-06,252.0,-5.5379%,0.0008,1.0389,1.2142,0.4852,1.6227%,2.0054%,34.5210%,-0.032625,THRM,79248.0,2019-03-07,252.0,-0.3891%,0.0009,1.0383,1.2232,0.4869,1.6222%,2.0054%,34.5687%,0.0069889999999999,THRM,-0.002149,-0.008643,0.0111749999999999,-0.02903,-0.053545
6587,GENTHERM INC,"Gentherm Q4 EPS $0.50 Misses $0.57 Estimate, Sales $253.652M Miss $266.97M Estimate",6,decrease,0.8,0.6,"the company's earnings per share and sales both missed analyst estimates, which typically leads to a negative reaction in the stock price.",0,2019-02-21,THRM,2019-02-21 11:12:00+00:00,79248.0,37253A10,-0.0261194668710231,589700.0,0.0244252998381853,-0.0030224891379475,-0.0088825915008783,0.0091506196185946,0.0089621990919113,0.007326815277338,-0.0441795103251934,-0.0040018400177359,0.0026901592500507,0.006873688660562,0.0151219256222248,0.0328029431402683,-0.0016818763688206,0.0131448106840252,-0.0178098157048225,-0.0156249850988388,-0.0553786344826221,-0.0270783714950084,-0.0038909912109375,-0.0124326199293136,0.000781218172051,-0.0081432871520519,0.0096278665587306,0.0067931818775832,-0.0123711228370666,0.0030544465407729,-0.0015657978365197,0.030758062377572,-0.0172503888607025,-0.0122009171172976,0.0103724263608455,-0.0073617044836282,-0.0060543129220604,-0.0103407436981797,-0.0029130508191883,0.0116499727591872,-0.003452883567661,-0.0014244434423744,0.0119936233386397,-0.0181818772107362,-0.0352910235524177,-0.0214415751397609,0.0046409545466303,0.017405429854989,0.0019021657062694,0.0084250085055828,-0.0002711777051445,0.0011714909924194,0.007053670939058,0.0047081159427762,-0.0070042652077972,-0.0021141686011105,0.0330982431769371,-0.0129840336740016,0.0042016762308776,-0.0018513774266466,0.0211819428950548,0.0475151278078556,0.0194622837007045,0.0427198819816112,-0.0045214844867587,-0.0119880000129342,0.0085793631151318,0.0448852106928825,-0.0052540129981935,-0.0570866093039512,0.0168511569499969,0.0165082514286041,0.0101409805938601,0.0173028074204921,0.0151811689138412,0.0040878858417272,-0.0014471191680058,0.0187402721494436,0.0115941911935806,0.0005207458743825,0.0293696150183677,-0.0375939831137657,-0.0051032523624598,0.0002507429453544,-0.0258801728487014,-0.0032484023831784,0.0126855578273534,-0.0106304148212075,0.0077995276078581,-0.0073619442991912,-0.0377579890191555,-0.012360599823296,0.0209602881222963,-0.0238940641283989,-0.0074002761393785,-0.0072804451920092,0.0187589880079031,0.0270140562206506,-0.0207743402570486,0.0199261382222175,-0.0144647657871246,-0.0099853835999965,0.0168786346912384,-0.0370543636381626,0.001683899317868,-0.0452306419610977,-0.0244956891983747,-0.0375000350177288,0.0027080406434834,-0.0006461076554842,0.0002455717185512,0.0115468138828873,0.0039273402653634,0.0043763844296336,-0.0232274010777473,0.0207728464156389,0.0090112788602709,-0.0092940516769886,0.0004961661179549,0.0203205626457929,-0.004215273540467,-0.0051662069745361,-0.0104581220075488,0.0138920657336711,0.0244252998381853,-0.0030224891379475,0.0153257483765578,0.0061004728322444,0.0244252998766525,0.0134719851471287,-0.0181991939034485,0.0163546453105487,-0.0804596952840122,0.0058644152482874,-0.0466953311136326,0.0839231400740698,-0.0483715719773266,-0.0234570449552297,2019-02-22,2019-02-25,2019-02-26,2019-02-27,2019-02-28,2019-03-01,2019-03-04,2019-03-05,2019-03-06,2019-03-07,79248.0,2019-02-21,252.0,-2.6119%,0.0009,1.0324,1.1824,0.5042,1.6055%,1.9830%,34.4458%,-0.020673,THRM,79248.0,2019-02-22,252.0,2.4425%,0.001,1.0288,1.2122,0.489,1.6047%,1.9867%,34.7555%,0.018524,THRM,79248.0,2019-02-25,252.0,-0.8883%,0.0011,1.0246,1.2117,0.4732,1.5890%,1.9734%,35.1656%,-0.006494,THRM,79248.0,2019-02-26,252.0,0.8962%,0.0013,1.0316,1.179,0.4618,1.5892%,1.9734%,35.1521%,0.019818,THRM,79248.0,2019-02-27,252.0,-4.4180%,0.001,1.0264,1.1741,0.4608,1.6167%,1.9921%,34.1316%,-0.046894,THRM,79248.0,2019-02-28,252.0,0.2690%,0.0011,1.015,1.1665,0.4512,1.6126%,1.9805%,33.6986%,0.006689,THRM,79248.0,2019-03-01,252.0,1.5122%,0.0011,1.0221,1.1771,0.4599,1.6117%,1.9818%,33.8614%,0.006146,THRM,79248.0,2019-03-04,252.0,-0.1682%,0.0011,1.0288,1.1501,0.4593,1.6090%,1.9797%,33.9412%,0.006458,THRM,79248.0,2019-03-05,252.0,-1.7810%,0.001,1.0288,1.1418,0.4639,1.6099%,1.9757%,33.6018%,-0.011483,THRM,79248.0,2019-03-06,252.0,-5.5379%,0.0008,1.0389,1.2142,0.4852,1.6227%,2.0054%,34.5210%,-0.032625,THRM,79248.0,2019-03-07,252.0,-0.3891%,0.0009,1.0383,1.2232,0.4869,1.6222%,2.0054%,34.5687%,0.0069889999999999,THRM,-0.002149,-0.008643,0.0111749999999999,-0.02903,-0.053545
6595,T MOBILE U S INC,Hearing Report FCC's Focus On Data Point Related To How Often Customers Switch Between T-Mobile And Sprint Suggests Regulators Could Be Concerned About Impact Of Merger,6,decrease,0.7,0.6,"regulatory concerns about customer switching between t-mobile and sprint may signal potential hurdles for the merger, which could negatively impact investor sentiment and stock price.",0,2019-02-21,TMUS,2019-02-21 19:24:00+00:00,91937.0,87259010,0.009072215296328,4557713.0,-0.0028607370331883,0.0031715852674096,-0.0020490970928221,0.0065231584012508,-0.0071184700354933,0.0219858586788177,-0.0056527787819504,0.0207036379724741,0.0012478693388402,-0.0076149250380694,0.0018002666765823,0.0169490948319435,-0.0095382202416658,0.0008775254245847,-0.0033495863899588,0.0014645353658124,-0.0088223619386553,0.020017871633172,0.0076292869634926,0.0013463570503517,-0.009394253604114,-0.0368823669850826,0.0116065060719847,-0.0031594657339155,0.0032180736307054,0.0001435579761164,0.0076708937995135,0.0190281476825475,0.0012456240365281,0.0079669654369354,0.0154824825003743,0.002366105094552,0.0029948437586426,-0.0125584192574024,-0.0147937564179301,-0.0026216180995106,-0.0073012649081647,0.0126843741163611,0.0027755284681916,0.0145144574344158,-0.0049820179119706,-0.0019414166454225,0.0057023093104362,0.0107169672846794,0.0142442099750042,-0.0065977270714938,-0.0149986166507005,-0.0067023676820099,-0.0427740365266799,-0.0113385990262031,-0.0007231099298223,-0.0157970488071441,0.0125904884189367,0.0153031330555677,-0.0034300107508897,0.0035439732018858,-0.0104689989238977,-0.0007377220899797,0.0152174355462193,-0.0097896810621023,0.0042825895361602,0.0140762273222208,0.0125089539214968,0.03798833116889,0.0026673425454646,-0.0036776813212782,0.0103613203391432,0.0259393416345119,0.011640747077763,0.005850710440427,0.009726014919579,0.0094174006953835,0.0010853592539206,-0.0057133282534778,0.0042010783217847,0.036348670721054,-0.0221322458237409,-0.0182464253157377,0.0178029388189315,-0.036258976906538,-0.0004067631089128,-0.0094034308567643,0.0004069286223966,0.0013893789146095,-0.0056948903948068,-0.0004628727037925,-0.008454967290163,-0.0127951856702566,0.0028881733305752,-0.0106992023065686,0.0093252919614315,0.0039334665052592,-0.0082880519330501,0.0086983013898134,0.0080833537504076,-0.003042820142582,0.0004077029007021,0.0006089346134103,0.0153511380776763,-0.0239227414131164,-0.0037463044282048,0.0109659507870674,-0.0061778011731803,-0.0181416422128677,-0.0185135509818792,-0.0094958934932947,0.0223048720508813,-0.003348913276568,0.0131986988708376,-0.003482267493382,-0.0240596178919076,0.0211883299052715,0.0024516521953046,0.0,0.0139945484697818,0.0062620867975056,0.0100495787337422,0.0043426314368844,-0.0001325883204117,0.003154560457915,-0.0028607370331883,0.0031715852674096,-0.0049039721980724,0.0097154324217429,-0.0119875334544189,0.0319148932247888,-0.0163466082683236,0.0452586427885806,-0.0284702884807073,0.0882573179083408,-0.0457703374067847,0.062974829281277,0.0266993474483041,0.0928346120890035,2019-02-22,2019-02-25,2019-02-26,2019-02-27,2019-02-28,2019-03-01,2019-03-04,2019-03-05,2019-03-06,2019-03-07,91937.0,2019-02-21,252.0,0.9072%,0.0007,0.8116,-0.1061,-0.0689,1.2912%,1.5593%,31.4264%,0.011727,TMUS,91937.0,2019-02-22,252.0,-0.2861%,0.0007,0.8122,-0.0888,-0.0457,1.2893%,1.5549%,31.2385%,-0.008665,TMUS,91937.0,2019-02-25,252.0,-0.2049%,0.0007,0.8107,-0.0881,-0.0507,1.2872%,1.5530%,31.3013%,-0.003681,TMUS,91937.0,2019-02-26,252.0,-0.7118%,0.0007,0.8068,-0.074,-0.0465,1.2867%,1.5477%,30.8826%,-0.006652,TMUS,91937.0,2019-02-27,252.0,-0.5653%,0.0006,0.8034,-0.07,-0.0471,1.2867%,1.5447%,30.6177%,-0.0063939999999999,TMUS,91937.0,2019-02-28,252.0,0.1248%,0.0007,0.7975,-0.074,-0.0521,1.2852%,1.5395%,30.3072%,0.003535,TMUS,91937.0,2019-03-01,252.0,0.1800%,0.0006,0.808,-0.0584,-0.0337,1.2800%,1.5382%,30.7527%,-0.004026,TMUS,91937.0,2019-03-04,252.0,-0.9538%,0.0004,0.8233,-0.1036,-0.0389,1.2653%,1.5341%,31.9707%,-0.0055289999999999,TMUS,91937.0,2019-03-05,252.0,-0.3350%,0.0004,0.8229,-0.1088,-0.0381,1.2652%,1.5333%,31.9183%,-0.002455,TMUS,91937.0,2019-03-06,252.0,-0.8822%,0.0004,0.8254,-0.1019,-0.0343,1.2653%,1.5338%,31.9455%,-0.003356,TMUS,91937.0,2019-03-07,252.0,0.7629%,0.0004,0.8174,-0.1144,-0.0485,1.2675%,1.5334%,31.6750%,0.014123,TMUS,0.003062,-0.0006189999999999,-0.007271,-0.01013,-0.011373
6603,TENNANT CO,"Tennant Co. Sees FY19 Adj. EPS $2.30-$2.50 vs $2.49 Estimate, Sales $1.15B-$1.17B vs $1.17B Est.",6,uncertain,0.6,0.3,"while tennant co.'s adjusted eps guidance is slightly below estimates, the sales forecast is in line with expectations, leading to uncertainty about the overall impact on the stock price.",1,2019-02-21,TNC,2019-02-21 14:01:00+00:00,75460.0,88034510,0.0405909419059753,245391.0,0.0067093200050294,-0.0054900720715522,-0.0134841157123446,-0.0119655393064022,-0.0218382272869348,0.0114571414887905,0.0195952467620372,-0.0100638540461659,-0.0009484280599281,0.0129449712112546,0.0030063074082136,0.0162801817059516,-0.0055213514715433,0.0034653944894671,0.0006345323054119,0.0044753295369446,-0.0145846856757998,-0.0202987976372242,-0.0130309099331498,0.0103363590314984,-0.0013039611512795,0.0139743825420737,0.0204015020281076,0.0131467850878834,-0.0214331429451704,0.0102162826806306,0.0142203159630298,0.0099741704761981,-0.0161160361021757,0.0029320798348635,-0.0062244236469268,0.0243816450238227,0.0224163606762886,-0.0134216574952006,0.0127357877790927,0.0132462028414011,-0.0014326671371236,0.009989253245294,0.007014166098088,0.003041724441573,-0.033243604004383,-0.035880658775568,0.0031111615244299,0.0173745471984148,0.0220372565090656,0.0227966345846653,-0.0161316432058811,-0.0080128340050578,0.0071428967639803,0.0102536370977759,0.0008059193496592,-0.0143617261201143,-0.0014495112700387,0.0026666938792914,-0.0388709641993045,0.0201305877417326,0.004195334855467,0.0038230307400226,0.0158756803721189,0.0246222652494907,0.0126665644347667,0.016881626099348,-0.0029239815194159,0.0298887006938457,0.0013033237773925,-0.0293895155191421,0.0501139275729656,0.0120898308232426,0.0153392907232046,0.0171774569898843,0.0149550335481762,0.0021518117282539,0.0135318217799067,-0.0197507683187723,-0.0132028926163911,0.0569517910480499,0.0123271159827709,-0.0118165463209152,0.001336560351774,-0.0347960405051708,-0.0198725182563066,-0.0193365011364221,0.0174005385488271,-0.0299742743372917,-0.0114514669403433,0.0237199198454618,-0.0201595295220613,-0.0240676347166299,0.020267155021429,-0.0025655010249465,0.0308503098785877,-0.0305560696870088,-0.0309489443898201,0.0215971413999795,-0.03088272921741,-0.0192239563912153,-0.0231618471443653,0.0113411536440253,0.0429662764072418,-0.0305410120636224,0.0036618532612919,0.0296495538204908,-0.0039526019245386,-0.0703307539224624,-0.0326617173850536,0.0001671200734563,0.0260334126651287,0.0077453963458538,0.0023066513240337,-0.0156869553029537,-0.0280761253088712,0.0353906601667404,0.0063141519203782,-0.029372664168477,0.0116078099235892,0.0172180384397506,-0.0231043249368667,-0.0167634580284357,-0.0368253923952579,0.0093818288296461,0.0067093200050294,-0.0054900720715522,-0.0068652649546141,-0.0173899197047873,-0.0285535670250851,-0.0061320169865332,-0.0104572355335021,-0.0033980443252529,-0.0394233169561619,0.0105003997099273,-0.0481913781096913,0.1488528142896523,-0.0499136913832853,0.0356533946651715,2019-02-22,2019-02-25,2019-02-26,2019-02-27,2019-02-28,2019-03-01,2019-03-04,2019-03-05,2019-03-06,2019-03-07,75460.0,2019-02-21,252.0,4.0591%,-0.0001,1.033,0.8875,-0.0376,1.3954%,1.8547%,43.3955%,0.044882,TNC,75460.0,2019-02-22,252.0,0.6709%,-0.0001,1.0334,0.8962,-0.0247,1.3950%,1.8548%,43.4331%,-0.00554,TNC,75460.0,2019-02-25,252.0,-1.3484%,-0.0002,1.0375,0.9064,-0.0045,1.3809%,1.8443%,43.9413%,-0.012849,TNC,75460.0,2019-02-26,252.0,-2.1838%,-0.0002,1.0586,0.9058,0.011,1.3705%,1.8460%,44.8878%,-0.014492,TNC,75460.0,2019-02-27,252.0,1.9595%,-0.0003,1.0323,0.9575,0.0067,1.3211%,1.8012%,46.2087%,0.016835,TNC,75460.0,2019-02-28,252.0,-0.0948%,-0.0004,1.0432,0.9651,0.0141,1.3144%,1.8008%,46.7279%,0.001977,TNC,75460.0,2019-03-01,252.0,0.3006%,-0.0003,1.02,0.9306,-0.0186,1.2955%,1.7713%,46.5040%,-0.007337,TNC,75460.0,2019-03-04,252.0,-0.5521%,-0.0003,1.0181,0.9336,-0.0173,1.2956%,1.7712%,46.4933%,0.0034879999999999,TNC,75460.0,2019-03-05,252.0,0.0635%,-0.0003,1.017,0.9287,-0.0201,1.2960%,1.7673%,46.2196%,0.005128,TNC,75460.0,2019-03-06,252.0,-1.4585%,-0.0003,1.0089,0.9216,-0.0302,1.2947%,1.7662%,46.2581%,0.005578,TNC,75460.0,2019-03-07,252.0,-1.3031%,-0.0003,1.0083,0.9107,-0.0341,1.2934%,1.7636%,46.2132%,-0.004303,TNC,0.0393419999999999,0.0264929999999999,0.0120009999999999,0.0308129999999999,0.0333669999999999
6611,TENNANT CO,"Tennant Q4 EPS $0.54 Beats $0.48 Estimate, Sales $285.212M Miss $285.25M Estimate",6,uncertain,0.6,0.2,"while tennant co. beat eps estimates, the slight miss in sales could create mixed reactions among investors, leading to uncertainty in stock price movement.",1,2019-02-21,TNC,2019-02-21 14:00:00+00:00,75460.0,88034510,0.0405909419059753,245391.0,0.0067093200050294,-0.0054900720715522,-0.0134841157123446,-0.0119655393064022,-0.0218382272869348,0.0114571414887905,0.0195952467620372,-0.0100638540461659,-0.0009484280599281,0.0129449712112546,0.0030063074082136,0.0162801817059516,-0.0055213514715433,0.0034653944894671,0.0006345323054119,0.0044753295369446,-0.0145846856757998,-0.0202987976372242,-0.0130309099331498,0.0103363590314984,-0.0013039611512795,0.0139743825420737,0.0204015020281076,0.0131467850878834,-0.0214331429451704,0.0102162826806306,0.0142203159630298,0.0099741704761981,-0.0161160361021757,0.0029320798348635,-0.0062244236469268,0.0243816450238227,0.0224163606762886,-0.0134216574952006,0.0127357877790927,0.0132462028414011,-0.0014326671371236,0.009989253245294,0.007014166098088,0.003041724441573,-0.033243604004383,-0.035880658775568,0.0031111615244299,0.0173745471984148,0.0220372565090656,0.0227966345846653,-0.0161316432058811,-0.0080128340050578,0.0071428967639803,0.0102536370977759,0.0008059193496592,-0.0143617261201143,-0.0014495112700387,0.0026666938792914,-0.0388709641993045,0.0201305877417326,0.004195334855467,0.0038230307400226,0.0158756803721189,0.0246222652494907,0.0126665644347667,0.016881626099348,-0.0029239815194159,0.0298887006938457,0.0013033237773925,-0.0293895155191421,0.0501139275729656,0.0120898308232426,0.0153392907232046,0.0171774569898843,0.0149550335481762,0.0021518117282539,0.0135318217799067,-0.0197507683187723,-0.0132028926163911,0.0569517910480499,0.0123271159827709,-0.0118165463209152,0.001336560351774,-0.0347960405051708,-0.0198725182563066,-0.0193365011364221,0.0174005385488271,-0.0299742743372917,-0.0114514669403433,0.0237199198454618,-0.0201595295220613,-0.0240676347166299,0.020267155021429,-0.0025655010249465,0.0308503098785877,-0.0305560696870088,-0.0309489443898201,0.0215971413999795,-0.03088272921741,-0.0192239563912153,-0.0231618471443653,0.0113411536440253,0.0429662764072418,-0.0305410120636224,0.0036618532612919,0.0296495538204908,-0.0039526019245386,-0.0703307539224624,-0.0326617173850536,0.0001671200734563,0.0260334126651287,0.0077453963458538,0.0023066513240337,-0.0156869553029537,-0.0280761253088712,0.0353906601667404,0.0063141519203782,-0.029372664168477,0.0116078099235892,0.0172180384397506,-0.0231043249368667,-0.0167634580284357,-0.0368253923952579,0.0093818288296461,0.0067093200050294,-0.0054900720715522,-0.0068652649546141,-0.0173899197047873,-0.0285535670250851,-0.0061320169865332,-0.0104572355335021,-0.0033980443252529,-0.0394233169561619,0.0105003997099273,-0.0481913781096913,0.1488528142896523,-0.0499136913832853,0.0356533946651715,2019-02-22,2019-02-25,2019-02-26,2019-02-27,2019-02-28,2019-03-01,2019-03-04,2019-03-05,2019-03-06,2019-03-07,75460.0,2019-02-21,252.0,4.0591%,-0.0001,1.033,0.8875,-0.0376,1.3954%,1.8547%,43.3955%,0.044882,TNC,75460.0,2019-02-22,252.0,0.6709%,-0.0001,1.0334,0.8962,-0.0247,1.3950%,1.8548%,43.4331%,-0.00554,TNC,75460.0,2019-02-25,252.0,-1.3484%,-0.0002,1.0375,0.9064,-0.0045,1.3809%,1.8443%,43.9413%,-0.012849,TNC,75460.0,2019-02-26,252.0,-2.1838%,-0.0002,1.0586,0.9058,0.011,1.3705%,1.8460%,44.8878%,-0.014492,TNC,75460.0,2019-02-27,252.0,1.9595%,-0.0003,1.0323,0.9575,0.0067,1.3211%,1.8012%,46.2087%,0.016835,TNC,75460.0,2019-02-28,252.0,-0.0948%,-0.0004,1.0432,0.9651,0.0141,1.3144%,1.8008%,46.7279%,0.001977,TNC,75460.0,2019-03-01,252.0,0.3006%,-0.0003,1.02,0.9306,-0.0186,1.2955%,1.7713%,46.5040%,-0.007337,TNC,75460.0,2019-03-04,252.0,-0.5521%,-0.0003,1.0181,0.9336,-0.0173,1.2956%,1.7712%,46.4933%,0.0034879999999999,TNC,75460.0,2019-03-05,252.0,0.0635%,-0.0003,1.017,0.9287,-0.0201,1.2960%,1.7673%,46.2196%,0.005128,TNC,75460.0,2019-03-06,252.0,-1.4585%,-0.0003,1.0089,0.9216,-0.0302,1.2947%,1.7662%,46.2581%,0.005578,TNC,75460.0,2019-03-07,252.0,-1.3031%,-0.0003,1.0083,0.9107,-0.0341,1.2934%,1.7636%,46.2132%,-0.004303,TNC,0.0393419999999999,0.0264929999999999,0.0120009999999999,0.0308129999999999,0.0333669999999999
6619,TEEKAY TANKERS LTD,"Teekay Tankers Erlier Reported Q4 EPS $0.05 Beats $0.02 Estimate, Sales $129.122M Beat $118.44M Estimate",6,increase,0.8,0.6,"the company reported better-than-expected earnings and sales, which typically leads to positive investor sentiment and an increase in stock price.",2,2019-02-21,TNK,2019-02-21 13:18:00+00:00,92518.0,Y8565N30,0.0,4036890.0,0.0283019728958606,0.0,-0.0366973206400871,0.0,0.009523800574243,0.009523800574243,0.0188680198043584,0.0,-0.0092592500150203,0.0194174572825431,0.0093457847833633,0.0586905106902122,-0.0092592500150203,0.0447808690369129,0.0093457847833633,-0.0096777202561497,-0.0648148581385612,-0.0405102334916591,-0.0496039316058158,-0.0199999809265136,0.01802265830338,-0.0099009806290268,0.0104380110278725,-0.0194174572825431,0.0228883884847164,0.0299999713897705,-0.0099009806290268,-0.01960782520473,-0.007200002670288,0.0099009806290268,0.0072522186674177,0.0,0.0,-0.0471697673201561,0.0,0.0291261859238147,-0.0199999809265136,0.0,0.0194898061454296,-0.0096153756603598,-0.037233542650938,-0.0188679080456495,-0.0077970610000193,0.0192307513207197,-0.0035624767187982,-0.009523800574243,0.0089380014687776,0.0294117368757724,-0.0089629981666803,-0.0097087286412715,0.0201913621276617,-0.0096153756603598,-0.0044325310736894,-0.009523800574243,-0.0106647135689854,-0.0277778599411249,0.0,0.0093457847833633,-0.0161172077059745,0.0094340657815337,0.0403148271143436,0.009523800574243,0.0164621565490961,0.0570823810994625,-0.0141836395487189,0.0241262074559927,0.0306122153997421,0.0451509058475494,0.0693069845438003,-0.0127659831196069,-0.0185186099261045,0.0145709384232759,0.0094340657815337,-0.027602806687355,0.0,0.0423367097973823,-0.0186916813254356,-0.0374855287373065,-0.009523800574243,0.015721920877695,0.0288462415337562,-0.0117323687300086,0.0,-0.014068336226046,0.0,-0.0248958561569452,-0.0093458965420722,-0.0351960770785808,0.0094340657815337,-0.0192307513207197,0.0093457847833633,-0.0188679080456495,0.0092592500150203,0.009523800574243,-0.0091743031516671,-0.0094339540228247,0.0925925001502037,-0.0275230184197425,0.0338983759284019,0.0186915695667266,-0.0163934268057346,-0.0530972965061664,-0.0166667494922876,-0.0341880023479461,-0.0084745688363909,0.0353981964290142,0.0,-0.0583333745598793,0.0683761090040206,0.01694923825562,-0.0399999618530273,0.0260869320482015,0.0416666269302368,0.0550458170473575,0.1199999824166298,0.0,0.0,0.0092592500150203,-0.0285714026540517,0.0588235929608345,0.0283019728958606,0.0,-0.0094339543183329,0.0,-8.436441545356387e-10,0.009523800574243,0.0094340652250781,0.0291261858476041,-0.0944338932098322,0.0599999428223902,-0.1131131470323284,1.0448202303336982e-09,0.2830189512657901,0.0392156501932532,2019-02-22,2019-02-25,2019-02-26,2019-02-27,2019-02-28,2019-03-01,2019-03-04,2019-03-05,2019-03-06,2019-03-07,92518.0,2019-02-21,252.0,0.0000%,0.0005,1.2475,1.4442,1.0779,2.9525%,3.2498%,17.4604%,0.008175,TNK,92518.0,2019-02-22,252.0,2.8302%,0.0006,1.244,1.4376,1.03,2.9568%,3.2525%,17.3552%,0.027995,TNK,92518.0,2019-02-25,252.0,-3.6697%,-0.0,1.2583,1.4683,1.0991,2.8636%,3.1748%,18.6452%,-0.033072,TNK,92518.0,2019-02-26,252.0,0.9524%,0.0,1.246,1.4462,1.0787,2.8667%,3.1716%,18.3061%,0.024461,TNK,92518.0,2019-02-27,252.0,1.8868%,0.0001,1.2525,1.4394,1.0798,2.8671%,3.1735%,18.3754%,0.016193,TNK,92518.0,2019-02-28,252.0,-0.9259%,0.0001,1.2498,1.4375,1.0786,2.8669%,3.1704%,18.2277%,-0.003065,TNK,92518.0,2019-03-01,252.0,0.9346%,0.0003,1.2289,1.4063,1.0461,2.8586%,3.1500%,17.6484%,0.000403,TNK,92518.0,2019-03-04,252.0,-0.9259%,0.0003,1.2293,1.4065,1.0457,2.8586%,3.1506%,17.6777%,-0.001414,TNK,92518.0,2019-03-05,252.0,0.9346%,0.0001,1.2152,1.308,1.029,2.8434%,3.1205%,16.9741%,0.018215,TNK,92518.0,2019-03-06,252.0,-6.4815%,0.0002,1.25,1.3715,1.077,2.8448%,3.1433%,18.0894%,-0.038628,TNK,92518.0,2019-03-07,252.0,-4.9604%,0.0,1.2657,1.3795,1.1001,2.8533%,3.1568%,18.3039%,-0.034929,TNK,0.03617,0.003098,0.027559,0.040687,-0.015666
6627,TUTOR PERINI CORP,Tutor Perini Wins $253M Culver Line Communications-Based Train Control Project,6,increase,0.8,0.6,winning a significant $253 million project is likely to boost investor confidence and positively impact tutor perini's stock price.,2,2019-02-21,TPC,2019-02-21 11:17:00+00:00,50550.0,90110910,0.0118577638640999,214242.0,0.0089285625144839,0.0137378238141536,0.0005531100323423,0.0282518863677978,-0.0232172515243291,0.0296969562768936,-0.0084889428690075,0.009791912510991,0.0742008686065673,0.0348321832716465,0.0223166886717081,0.0246593207120895,-0.0057172873057425,-0.017845744267106,0.0026137556415051,-0.016300955787301,-0.0307612176984548,-0.02506117336452,-0.009682641364634,0.0148883229121565,-0.0005431954632513,-0.0170730967074632,0.0206522326916456,0.0199004784226417,0.0149094127118587,-0.0656594559550285,-0.0026232548989355,0.0,-0.0199895352125167,-0.0005807334091514,-0.0064411666244268,0.0023282309994101,0.0162074137479066,-0.0149082699790597,-0.0106325820088386,0.0116009721532464,-0.0155830681324005,0.0075978464446961,-0.0076418882235884,0.0332126319408416,-0.05830579996109,-0.0965630337595939,0.0011681395117193,0.0280426256358623,-0.0081679923459887,0.0147979641333222,0.0111765023320913,-0.0195312704890966,0.0058173574507236,-0.0011148527264595,-0.0098322769626975,-0.0055432580411434,0.0262849777936935,0.0050139357335865,0.0108139179646968,0.0101294489577412,0.003941424190998,0.0016911323182284,0.0336511731147766,0.0295995492488145,0.0282148905098438,0.0286566894501447,0.0026384820230305,0.0423148907721042,-0.0136842224746942,-0.000621904793661,0.0112060299143195,0.00688789319247,0.0021107655484229,0.0139682712033391,-0.0005266049993224,-0.0025332465302199,0.0031612948514521,-0.0100313387811183,0.0262605026364326,0.0404435656964778,0.016888428479433,-0.0038986627478152,-0.0065425797365605,-0.0290220845490694,0.0040526809170842,-0.0149160828441381,0.0035317707806825,-0.0468008928000927,0.0030166604556143,0.0150330737233161,-0.0185464080423116,-0.0053827846422791,-0.0020428502466529,-0.0329671241343021,0.0081883231177926,-0.0142531348392367,0.0137055097147822,0.0197674501687288,-0.0090134404599666,-0.0221716538071632,0.0090954210609197,0.0203016456216573,0.0050075305625796,-0.0232294537127018,0.0079720905050635,0.0431441813707351,-0.023232789710164,-0.0605219416320323,-0.0136639904230833,-0.0322407484054565,-0.1251924335956573,0.0147219439968466,-0.0046920776367187,-0.0139785064384341,-0.0247495640069246,0.0136239780113101,0.0090635363012552,-0.0097139934077858,0.0101796444505453,0.0136761479079723,-0.0201541278511285,0.0082736639305949,-0.0229885689914226,0.0185393225401639,0.0089285625144839,0.0137378238141536,0.0094866110243274,0.0423778296192898,-0.013950893534267,0.0733332784494971,0.0502231926745253,0.1215958912168484,0.0273437363900868,0.0986351221602268,0.0284598354132754,0.0278583648881398,-0.0987723469046003,-0.0050561905923851,2019-02-22,2019-02-25,2019-02-26,2019-02-27,2019-02-28,2019-03-01,2019-03-04,2019-03-05,2019-03-06,2019-03-07,50550.0,2019-02-21,252.0,1.1858%,-0.0006,1.2411,0.9532,0.8248,2.1343%,2.4820%,26.0507%,0.018967,TPC,50550.0,2019-02-22,252.0,0.8929%,-0.0006,1.2399,0.9537,0.8116,2.1349%,2.4825%,26.0389%,0.007644,TPC,50550.0,2019-02-25,252.0,0.0553%,-0.0006,1.2411,0.9533,0.8157,2.1341%,2.4821%,26.0724%,0.002534,TPC,50550.0,2019-02-26,252.0,-2.3217%,-0.0006,1.2478,0.9634,0.8258,2.1349%,2.4857%,26.2323%,-0.012539,TPC,50550.0,2019-02-27,252.0,-0.8489%,-0.0006,1.2521,0.9529,0.8265,2.1349%,2.4862%,26.2639%,-0.010551,TPC,50550.0,2019-02-28,252.0,7.4201%,-0.0003,1.2296,0.9401,0.7914,2.1929%,2.5241%,24.5203%,0.079858,TPC,50550.0,2019-03-01,252.0,2.2317%,-0.0007,1.3092,1.0587,0.9081,2.0441%,2.4385%,29.7344%,0.0138129999999999,TPC,50550.0,2019-03-04,252.0,-0.5717%,-0.0004,1.2736,1.1748,0.9178,1.9873%,2.3856%,30.6056%,0.001694,TPC,50550.0,2019-03-05,252.0,0.2614%,-0.0002,1.2784,1.2193,0.9172,1.9797%,2.3846%,31.0756%,0.0105339999999999,TPC,50550.0,2019-03-06,252.0,-3.0761%,-0.0003,1.2703,1.238,0.9106,1.9763%,2.3848%,31.3244%,-0.005116,TPC,50550.0,2019-03-07,252.0,-0.9683%,-0.0003,1.2677,1.2346,0.9061,1.9765%,2.3834%,31.2264%,0.004516,TPC,0.026611,0.029145,0.016606,0.085913,0.111354
6635,TARGA RESOURCES CORP,Targa Resources shares are trading lower after the company missed Q4 sales estimates.,6,decrease,0.85,0.7,"missing sales estimates typically signals weaker performance, which can lead to a decline in investor confidence and a decrease in stock price.",0,2019-02-21,TRGP,2019-02-21 15:27:00+00:00,12476.0,87612G10,-0.0637113079428672,5001275.0,-0.0035688250791281,-0.0626435577869415,-0.0124164381995797,0.0522962249815464,-0.0249032583087682,0.009090906009078,0.0114058777689933,0.0153084266930818,-0.0134836779907345,0.0181067399680614,0.0367793105542659,0.0265882611274719,-0.0035954343620687,-0.0039840210229158,-0.0093817515298724,-0.001170483417809,-0.0218553058803081,-0.0246574897319078,-0.0047169472090899,-0.0027322161477059,-0.0172112397849559,-0.0056599504314363,0.023857831954956,0.0128410356119275,0.0064451741054654,0.0139502976089716,0.0044335052371025,-0.0039370539598166,-0.0049042901955544,0.0098488433286547,-0.013307069428265,0.0282619129866361,0.0177322439849376,-0.0021151623222976,-0.0034355679526925,0.0312651731073856,0.0238857716321945,-0.0002423585247015,0.0103414254263043,-0.0234263576567173,-0.0304689072072506,-0.0285057853907346,-0.0049104043282568,0.0177818965166807,0.0111029054969549,-0.0021013342775404,-0.0048804483376443,0.0065805544145405,0.0051496545784175,0.0155130708590149,0.0136618083342909,-0.0042775734327733,0.0199759770184755,-0.0175110902637243,-0.0030675097368657,-0.0219227913767099,-0.0397633202373981,0.0255269352346658,-0.0076411478221416,0.0409556366503238,0.0131644960492849,0.0411167219281196,-0.011277250945568,0.0543217211961746,-0.0084304520860314,0.0171474479138851,-0.0172543730586767,0.0199889279901981,0.0022900803014636,0.0288489628583192,0.018278781324625,-0.0129687869921326,-0.0037397537380456,-0.0271529871970415,-0.0087587209418416,0.0688947066664695,-0.0060591180808842,-0.0582551211118698,-0.0007619705284014,-0.0503408014774322,0.0414336808025836,-0.0233034528791904,-0.001464519649744,-0.0005119134439155,-0.0056220861151814,-0.0435740239918232,-0.0110619654878974,-0.0322198681533336,0.009694242849946,-0.0456703715026378,0.0231413710862398,0.0179516393691301,-0.0120307942852377,0.0197136849164962,-0.0069739124737679,-0.0076850960031151,-0.0132931722328066,-0.0361391827464103,0.0134722618386149,0.0208524260669946,0.0020065670832991,-0.0340858995914459,0.0212765578180551,-0.0308880023658275,-0.0333333499729633,0.0445887930691242,-0.02256590873003,-0.0128289768472313,0.0487678609788417,0.0062318891286849,0.0002472995547577,-0.0039902529679238,0.0197824705392122,0.0019991148728877,0.0169737376272678,0.0139639396220445,0.0076299402862787,-0.0345727354288101,-0.0021296772174537,0.0254181325435638,-0.0035688250791281,-0.0626435577869415,-0.0159409511826678,-0.0136233543970655,-0.0404472278664466,-0.0046562970223396,-0.0425885595042782,0.028879173740274,-0.0461574757413717,0.0220856406449361,-0.0421127886487122,0.1174070336578652,0.0260714395115928,0.0219852537978375,2019-02-22,2019-02-25,2019-02-26,2019-02-27,2019-02-28,2019-03-01,2019-03-04,2019-03-05,2019-03-06,2019-03-07,12476.0,2019-02-21,252.0,-6.3711%,-0.0001,1.2125,0.5233,0.6345,1.6824%,2.0660%,33.6857%,-0.057641,TRGP,12476.0,2019-02-22,252.0,-0.3569%,0.0,1.2121,0.5515,0.6555,1.6771%,2.0618%,33.8331%,-0.005101,TRGP,12476.0,2019-02-25,252.0,-1.2416%,0.0,1.2104,0.5556,0.6516,1.6762%,2.0606%,33.8238%,-0.0117209999999999,TRGP,12476.0,2019-02-26,252.0,-2.4903%,-0.0001,1.2102,0.58,0.6638,1.6793%,2.0619%,33.6698%,-0.01736,TRGP,12476.0,2019-02-27,252.0,1.1406%,-0.0,1.2128,0.5782,0.6643,1.6801%,2.0629%,33.6726%,0.009911,TRGP,12476.0,2019-02-28,252.0,-1.3484%,-0.0,1.2087,0.5752,0.6633,1.6795%,2.0578%,33.3865%,-0.008279,TRGP,12476.0,2019-03-01,252.0,3.6779%,0.0001,1.2088,0.5752,0.6499,1.6882%,2.0633%,33.0522%,0.028971,TRGP,12476.0,2019-03-04,252.0,-0.3595%,0.0001,1.2194,0.5379,0.6476,1.6818%,2.0614%,33.4409%,0.002366,TRGP,12476.0,2019-03-05,252.0,-0.9382%,0.0001,1.2209,0.547,0.6502,1.6818%,2.0617%,33.4529%,-0.004177,TRGP,12476.0,2019-03-06,252.0,-2.1855%,0.0,1.2193,0.5607,0.6503,1.6816%,2.0627%,33.5410%,-0.005058,TRGP,12476.0,2019-03-07,252.0,-0.4717%,0.0001,1.2196,0.5772,0.6553,1.6794%,2.0625%,33.7020%,0.00773,TRGP,-0.0627419999999999,-0.0744629999999999,-0.0918229999999999,-0.0901909999999999,-0.0603589999999999
6643,TORO CO,Toro shares are trading higher after the company beat Q1 EPS and sales estimates; Q1 sales increased 10% from last year.,6,increase,0.85,0.7,"beating eps and sales estimates typically signals strong company performance, which is likely to boost investor confidence and drive the stock price higher.",2,2019-02-21,TTC,2019-02-21 17:30:00+00:00,60580.0,89109210,0.0695679187774658,1206377.0,-0.0011667177313938,0.009288415312767,0.0016060828929767,-0.0070345592685043,0.0018951148958876,0.0294496603310108,0.0026189479976892,0.0038771866820752,-0.0047888811677694,0.0016181600512936,-0.0001458462502341,0.0141122518107295,0.0021875677630305,-0.0034342256840318,0.0,0.0060875741764903,-0.015424876473844,0.0076259793713688,-0.0048773544840514,0.0051658288575708,-0.0028219581581652,0.0021709627471864,0.0065535069443285,0.0060483971610665,0.0014797050971537,0.0003361421404406,-0.0022163346875458,-0.0010074105812236,-0.0020731436088681,0.0026936000213027,0.0053420481272041,0.0107197733595967,0.0087084332481026,-0.0072635184042155,-0.0030728576239198,-0.0080428877845406,0.0019081885693594,0.0021830573678016,0.0098153846338391,0.0018506159540265,-0.0182794444262981,-0.0131164025515317,0.0060588689520955,0.0120988273993134,0.0058754631318151,0.0127637851983308,-0.0046728923916816,-0.0013596503995358,0.0118837663903832,-0.002542829606682,0.0013773395912721,0.0003391632635612,0.0049390466883778,0.0114923156797885,-0.0023128599859774,0.0051724007353186,0.0076790270395576,-0.0027510290965437,0.0033069117926061,0.0153631474822759,0.0074520534835755,0.0132672917097806,0.0088192755356431,0.0347793810069561,-0.0122672747820615,-0.0114006018266081,0.0102782808244228,-0.0110952528193593,0.0104564866051077,0.0073913796804845,0.0128653077408671,-0.0026968305464833,0.0034516083542257,0.0079738786444067,0.0042652389965951,0.0366334915161132,-0.00027396416408,-0.0197053346782922,0.0145264836028218,-0.0171945840120315,-0.001620898488909,-0.0079008555039763,0.0139358509331941,-0.01817387342453,-0.0152121614664793,0.008321551606059,-0.0119241848587989,-0.0216525197029113,0.0027427945751696,-0.0068811546079814,0.003419036976993,-0.0064945695921778,-0.0029985173605382,0.0112339733168482,-0.0060150707140564,-0.0031013146508485,0.010177387855947,-0.0083717387169599,0.0176991578191518,0.0065347761847078,-0.0042809322476387,-0.0240013469010591,-0.0131667787209153,-0.03841183334589,-0.0040843491442501,-0.0004839908506255,-0.0015037676785141,0.0091160889714956,-0.0001369405217701,-0.0075929113663733,-0.0254689939320087,0.0187623966485261,0.0147534506395459,-0.0054018958471715,-0.0012462470913305,0.0127652594819665,0.0049909972585737,-0.0028104146476835,-0.0158642791211605,0.0038168497849255,-0.0011667177313938,0.009288415312767,0.0004374913161935,0.0021885161362344,0.0023334353083912,0.0317026275240863,0.0001458676433387,0.0373786639960469,-0.0180836784172943,0.0683219867736621,0.0209723139019089,0.1192388616132753,0.0437971119532329,0.0681882039041377,2019-02-22,2019-02-25,2019-02-26,2019-02-27,2019-02-28,2019-03-01,2019-03-04,2019-03-05,2019-03-06,2019-03-07,60580.0,2019-02-21,252.0,6.9568%,0.0005,0.8661,0.2881,0.3769,1.0868%,1.3848%,38.4091%,0.073937,TTC,60580.0,2019-02-22,252.0,-0.1167%,0.0004,0.867,0.2751,0.3766,1.0855%,1.3838%,38.4691%,-0.00294,TTC,60580.0,2019-02-25,252.0,0.1606%,0.0004,0.8673,0.2748,0.3775,1.0854%,1.3838%,38.4785%,0.001599,TTC,60580.0,2019-02-26,252.0,0.1895%,0.0004,0.8599,0.274,0.3715,1.0840%,1.3768%,38.0067%,0.006187,TTC,60580.0,2019-02-27,252.0,0.2619%,0.0004,0.8592,0.2756,0.3714,1.0840%,1.3755%,37.8941%,0.00167,TTC,60580.0,2019-02-28,252.0,-0.4789%,0.0004,0.8645,0.2792,0.3757,1.0824%,1.3758%,38.1032%,-0.001352,TTC,60580.0,2019-03-01,252.0,-0.0146%,0.0003,0.863,0.2769,0.3761,1.0831%,1.3736%,37.8252%,-0.005768,TTC,60580.0,2019-03-04,252.0,0.2188%,0.0004,0.8547,0.2989,0.3794,1.0790%,1.3656%,37.5724%,0.006226,TTC,60580.0,2019-03-05,252.0,0.0000%,0.0005,0.8591,0.3342,0.3815,1.0707%,1.3629%,38.2824%,0.0032,TTC,60580.0,2019-03-06,252.0,-1.5425%,0.0005,0.8617,0.3434,0.3857,1.0711%,1.3659%,38.5024%,-0.004241,TTC,60580.0,2019-03-07,252.0,-0.4877%,0.0005,0.8618,0.3499,0.3877,1.0706%,1.3663%,38.6014%,0.003612,TTC,0.070997,0.072596,0.078783,0.079101,0.08213
6651,TORO CO,"Toro Q1 EPS $0.51 Beats $0.50 Estimate, Sales $602.956M Beat $575.15M Estimate",6,increase,0.85,0.7,"the company reported better-than-expected earnings per share and sales, which typically leads to positive investor sentiment and an increase in stock price.",2,2019-02-21,TTC,2019-02-21 13:32:00+00:00,60580.0,89109210,0.0695679187774658,1206377.0,-0.0011667177313938,0.009288415312767,0.0016060828929767,-0.0070345592685043,0.0018951148958876,0.0294496603310108,0.0026189479976892,0.0038771866820752,-0.0047888811677694,0.0016181600512936,-0.0001458462502341,0.0141122518107295,0.0021875677630305,-0.0034342256840318,0.0,0.0060875741764903,-0.015424876473844,0.0076259793713688,-0.0048773544840514,0.0051658288575708,-0.0028219581581652,0.0021709627471864,0.0065535069443285,0.0060483971610665,0.0014797050971537,0.0003361421404406,-0.0022163346875458,-0.0010074105812236,-0.0020731436088681,0.0026936000213027,0.0053420481272041,0.0107197733595967,0.0087084332481026,-0.0072635184042155,-0.0030728576239198,-0.0080428877845406,0.0019081885693594,0.0021830573678016,0.0098153846338391,0.0018506159540265,-0.0182794444262981,-0.0131164025515317,0.0060588689520955,0.0120988273993134,0.0058754631318151,0.0127637851983308,-0.0046728923916816,-0.0013596503995358,0.0118837663903832,-0.002542829606682,0.0013773395912721,0.0003391632635612,0.0049390466883778,0.0114923156797885,-0.0023128599859774,0.0051724007353186,0.0076790270395576,-0.0027510290965437,0.0033069117926061,0.0153631474822759,0.0074520534835755,0.0132672917097806,0.0088192755356431,0.0347793810069561,-0.0122672747820615,-0.0114006018266081,0.0102782808244228,-0.0110952528193593,0.0104564866051077,0.0073913796804845,0.0128653077408671,-0.0026968305464833,0.0034516083542257,0.0079738786444067,0.0042652389965951,0.0366334915161132,-0.00027396416408,-0.0197053346782922,0.0145264836028218,-0.0171945840120315,-0.001620898488909,-0.0079008555039763,0.0139358509331941,-0.01817387342453,-0.0152121614664793,0.008321551606059,-0.0119241848587989,-0.0216525197029113,0.0027427945751696,-0.0068811546079814,0.003419036976993,-0.0064945695921778,-0.0029985173605382,0.0112339733168482,-0.0060150707140564,-0.0031013146508485,0.010177387855947,-0.0083717387169599,0.0176991578191518,0.0065347761847078,-0.0042809322476387,-0.0240013469010591,-0.0131667787209153,-0.03841183334589,-0.0040843491442501,-0.0004839908506255,-0.0015037676785141,0.0091160889714956,-0.0001369405217701,-0.0075929113663733,-0.0254689939320087,0.0187623966485261,0.0147534506395459,-0.0054018958471715,-0.0012462470913305,0.0127652594819665,0.0049909972585737,-0.0028104146476835,-0.0158642791211605,0.0038168497849255,-0.0011667177313938,0.009288415312767,0.0004374913161935,0.0021885161362344,0.0023334353083912,0.0317026275240863,0.0001458676433387,0.0373786639960469,-0.0180836784172943,0.0683219867736621,0.0209723139019089,0.1192388616132753,0.0437971119532329,0.0681882039041377,2019-02-22,2019-02-25,2019-02-26,2019-02-27,2019-02-28,2019-03-01,2019-03-04,2019-03-05,2019-03-06,2019-03-07,60580.0,2019-02-21,252.0,6.9568%,0.0005,0.8661,0.2881,0.3769,1.0868%,1.3848%,38.4091%,0.073937,TTC,60580.0,2019-02-22,252.0,-0.1167%,0.0004,0.867,0.2751,0.3766,1.0855%,1.3838%,38.4691%,-0.00294,TTC,60580.0,2019-02-25,252.0,0.1606%,0.0004,0.8673,0.2748,0.3775,1.0854%,1.3838%,38.4785%,0.001599,TTC,60580.0,2019-02-26,252.0,0.1895%,0.0004,0.8599,0.274,0.3715,1.0840%,1.3768%,38.0067%,0.006187,TTC,60580.0,2019-02-27,252.0,0.2619%,0.0004,0.8592,0.2756,0.3714,1.0840%,1.3755%,37.8941%,0.00167,TTC,60580.0,2019-02-28,252.0,-0.4789%,0.0004,0.8645,0.2792,0.3757,1.0824%,1.3758%,38.1032%,-0.001352,TTC,60580.0,2019-03-01,252.0,-0.0146%,0.0003,0.863,0.2769,0.3761,1.0831%,1.3736%,37.8252%,-0.005768,TTC,60580.0,2019-03-04,252.0,0.2188%,0.0004,0.8547,0.2989,0.3794,1.0790%,1.3656%,37.5724%,0.006226,TTC,60580.0,2019-03-05,252.0,0.0000%,0.0005,0.8591,0.3342,0.3815,1.0707%,1.3629%,38.2824%,0.0032,TTC,60580.0,2019-03-06,252.0,-1.5425%,0.0005,0.8617,0.3434,0.3857,1.0711%,1.3659%,38.5024%,-0.004241,TTC,60580.0,2019-03-07,252.0,-0.4877%,0.0005,0.8618,0.3499,0.3877,1.0706%,1.3663%,38.6014%,0.003612,TTC,0.070997,0.072596,0.078783,0.079101,0.08213
6659,2 U INC,"2U Reports Expansion Of Partnership With Syracuse University, Will Launch No Fewer Than 10 New Online Short Courses, No Terms Disclosed",6,increase,0.7,0.6,"the expansion of the partnership with syracuse university and the launch of new online courses suggests growth potential and increased revenue opportunities for 2u inc, which is likely to positively impact its stock price.",2,2019-02-21,TWOU,2019-02-21 14:05:00+00:00,14554.0,90214J10,0.0073313787579536,414706.0,0.0200874079018831,-0.0153047237545251,0.0159816648811101,0.0090326741337776,0.0403090305626392,0.0287769511342048,0.0062103290110826,0.0127505157142877,-0.0111364796757698,0.0300187338143587,-0.0002713248832151,0.0369649603962898,-0.0525244660675525,0.0200099069625139,-0.0054433071054518,0.0101904543116688,-0.0272216536104679,-0.0039933091029524,0.003109254874289,-0.0024896517861634,-0.0039851902984082,0.0179084539413452,0.0312684178352356,0.0461293160915374,-0.0070412112399935,-0.0047492813318967,0.0001447487156838,0.0049495985731482,-0.0005788006819784,0.0083779189735651,-0.0001448115799576,-0.0090090464800596,-0.006660861428827,0.0005302011268213,-0.0020408073905855,0.0343693047761917,-0.0138766719028353,-0.0202400330454111,0.025181408971548,-0.009227979928255,-0.0455136783421039,-0.0014177180128172,0.0089313350617885,0.021912332624197,0.0240059774369001,-0.0016271949280053,-0.0017582819564267,0.0208564233034849,0.0532805658876895,0.0431267172098159,-0.0126812104135751,-0.0220297873020172,0.0165137350559234,0.0016974755562841,0.0051375003531575,-0.0121110063046217,0.0138140628114342,-0.0055587003007531,-0.0378798022866249,0.0125703942030668,-0.0076476549729704,0.0281635615974664,-0.0342514850199222,0.0638210698962211,-0.0214274711906909,-0.0183319877833128,0.0084566222503781,-0.0016090472927317,-0.0190176200121641,0.029186500236392,-0.0007632888155058,-0.0014468724839389,-0.0085548050701618,0.0166001450270414,0.0,0.0406735315918922,-0.0417565926909446,-0.0093154311180114,-0.027978740632534,-0.0936579704284668,0.0195202697068452,-0.015274572186172,0.0056790276430547,-0.0350745767354965,-0.0020974681247025,0.0117025095969438,-0.0135812480002641,-0.043509654700756,0.0136043578386306,-0.0319818556308746,-0.0037192681338638,-0.0439431481063365,-0.0180165655910968,0.0126903560012579,-0.0170247741043567,0.0226682387292385,0.0178240723907947,0.0192239880561828,0.0320502631366252,-0.0152831021696329,-0.0012806439772248,0.0144468555226922,-0.0394293814897537,-0.0102877095341682,-0.2529617846012115,-0.0178112853318452,-0.039758738130331,0.0095089767128229,-0.0316352769732475,0.0147368451580405,-0.0658179596066474,0.079136699438095,0.0133710587397217,-0.0093773445114493,0.0314641371369361,0.0416097119450569,0.0226321797817945,-0.0052468026988208,-0.0144334491342306,0.0178005862981081,0.0200874079018831,-0.0153047237545251,0.0363901030044113,-0.0064102922031297,0.0781659833412329,0.0221821902655896,0.0727802080095147,0.0662914000915533,-0.0138281935632493,0.1319501571074131,0.0278020910526397,0.2795496752811601,-0.4036389679366929,0.3488923076998087,2019-02-22,2019-02-25,2019-02-26,2019-02-27,2019-02-28,2019-03-01,2019-03-04,2019-03-05,2019-03-06,2019-03-07,14554.0,2019-02-21,252.0,0.7331%,-0.0008,1.0986,0.9663,-1.1525,2.1860%,2.7980%,38.9593%,0.009306,TWOU,14554.0,2019-02-22,252.0,2.0087%,-0.0009,1.1008,0.9408,-1.1501,2.1839%,2.7988%,39.1157%,-0.00941,TWOU,14554.0,2019-02-25,252.0,1.5982%,-0.0009,1.1011,0.9335,-1.1527,2.1860%,2.8002%,39.0587%,0.014606,TWOU,14554.0,2019-02-26,252.0,4.0309%,-0.0007,1.0923,0.8794,-1.1867,2.2041%,2.8104%,38.4912%,0.044142,TWOU,14554.0,2019-02-27,252.0,0.6210%,-0.0007,1.0903,0.8839,-1.187,2.2040%,2.8095%,38.4614%,0.002032,TWOU,14554.0,2019-02-28,252.0,-1.1136%,-0.001,1.1243,0.9069,-1.1599,2.1726%,2.7974%,39.6779%,-0.011001,TWOU,14554.0,2019-03-01,252.0,-0.0271%,-0.0011,1.124,0.9065,-1.1535,2.1744%,2.7968%,39.5553%,-0.015726,TWOU,14554.0,2019-03-04,252.0,-5.2524%,-0.0013,1.1421,0.8801,-1.1659,2.1794%,2.8122%,39.9375%,-0.038645,TWOU,14554.0,2019-03-05,252.0,-0.5443%,-0.0013,1.1446,0.8977,-1.1633,2.1787%,2.8110%,39.9263%,-0.003662,TWOU,14554.0,2019-03-06,252.0,-2.7222%,-0.0013,1.1495,0.9045,-1.1567,2.1786%,2.8160%,40.1483%,-0.0059209999999999,TWOU,14554.0,2019-03-07,252.0,0.3109%,-0.0013,1.1437,0.8966,-1.1668,2.1795%,2.8151%,40.0599%,0.009261,TWOU,-0.0001039999999999,0.014502,0.058644,0.049675,-0.005018
6667,THERAPEUTICSMD INC,"TherapeuticsMD Q4 Adj. EPS $(0.17), Inline, Sales $5.09M Beat $5M Estimate",6,uncertain,0.6,0.2,"while the sales beat expectations, the adjusted eps loss is inline with estimates, leading to mixed signals about the company's performance.",1,2019-02-21,TXMD,2019-02-21 22:08:00+00:00,13863.0,88338N20,-0.0677655488252639,6472369.0,0.0609037205576896,-0.0884807631373405,0.007407400291413,0.0601769313216209,0.0477940700948238,-0.0139615917578339,0.0228070374578237,0.0177619718015193,-0.0188679471611976,0.0035650588106364,0.0384615883231163,0.0604915246367454,-0.0033670000266283,0.0114722643047571,-0.0219594780355691,-0.0368323773145675,-0.0345422811806201,-0.0286225974559783,0.0161001197993755,-0.039518903940916,0.0035211234353482,0.0104166567325592,-0.0298244915902614,0.0686457082629203,0.0397829636931419,0.0266666412353515,-0.0086956853047013,0.0314341522753238,-0.0192981865257024,0.0159680470824241,-0.0232558343559503,-0.0118343075737357,0.0128205437213182,-0.0324426740407943,0.0018082733731716,-0.0038023681845515,-0.0036101047880947,0.0313726142048835,-0.0144927399232983,-0.0077820941805839,-0.0459558814764022,0.0058707892894744,-0.0346820466220378,-0.0248090922832489,-0.0159681439399719,0.0115830013528466,-0.0121703743934631,0.0097465328872203,0.0061602075584232,0.0178571734577417,-0.006122491788119,-0.0213592480868101,-0.0102668823674321,0.0258964374661445,0.016597494482994,0.1255605220794678,0.0020407657139003,-0.0088888807222247,0.0081466315314173,-0.0405117385089397,-0.0080808009952306,0.1247002333402634,-0.0203665792942047,0.080310933291912,0.0,-0.0051546953618526,-0.0270270518958568,0.0183727480471134,-0.0106836995109915,-0.0280612576752901,-0.0172786004841327,-0.010101000778377,-0.0175825040787458,0.033942587673664,-0.0246084257960319,0.043596688657999,-0.0366973206400871,-0.0027173885609954,0.0071429074741899,0.0337079018354415,0.0023640075232833,-0.0704960823059082,-0.0141509305685758,0.0609418377280235,-0.0191387385129928,0.0027777752839028,0.0024390802718698,-0.0697674378752708,0.004866175353527,-0.0467980429530143,0.0363196358084678,-0.0333333015441894,0.0046728923916816,-0.0070922481827437,-0.0139535851776599,-0.0298165399581193,0.011792498640716,-0.037527609616518,0.016317056491971,-0.0215982515364885,0.0435779951512813,-0.0453607812523841,-0.1648352146148682,-0.0545809380710125,-0.028947340324521,0.0198806952685117,-0.0379404090344905,0.0060000419616699,-0.0281689874827861,-0.0157480165362358,-0.043478287756443,0.0474226847290992,0.0030303001403808,-0.0020576601382344,-0.0181268714368343,-0.0101832412183284,0.0615384764969348,0.0020407657139003,-0.0347826443612575,0.0144927892833948,0.0609037205576896,-0.0884807631373405,0.06876225908651,-0.0336283326223199,0.1198427574119929,-0.0471204193285843,0.1237720262014263,-0.0267379886493724,0.115913490114504,-0.0618556971409738,-0.0275049769133245,0.1641790881877369,-0.3457760662383324,0.1304348001270507,2019-02-22,2019-02-25,2019-02-26,2019-02-27,2019-02-28,2019-03-01,2019-03-04,2019-03-05,2019-03-06,2019-03-07,13863.0,2019-02-21,252.0,-6.7766%,-0.0002,1.2101,1.9143,-0.4601,3.1228%,3.6172%,25.4683%,-0.063116,TXMD,13863.0,2019-02-22,252.0,6.0904%,0.0001,1.2025,1.9854,-0.4863,3.1168%,3.6291%,26.2379%,0.035646,TXMD,13863.0,2019-02-25,252.0,0.7407%,0.0002,1.1998,1.9779,-0.5003,3.1141%,3.6270%,26.2842%,0.00979,TXMD,13863.0,2019-02-26,252.0,4.7794%,0.0002,1.1512,1.9409,-0.5554,3.1141%,3.6114%,25.6440%,0.060621,TXMD,13863.0,2019-02-27,252.0,2.2807%,0.0002,1.1491,1.9497,-0.5557,3.1157%,3.6136%,25.6571%,0.017317,TXMD,13863.0,2019-02-28,252.0,-1.8868%,0.0002,1.1474,1.948,-0.5529,3.1171%,3.6113%,25.4971%,-0.017185,TXMD,13863.0,2019-03-01,252.0,3.8462%,0.0004,1.1323,1.9256,-0.5864,3.1134%,3.6038%,25.3658%,0.02225,TXMD,13863.0,2019-03-04,252.0,-0.3367%,0.0005,1.1269,1.9327,-0.5825,3.1138%,3.6039%,25.3464%,0.01242,TXMD,13863.0,2019-03-05,252.0,-2.1959%,0.0005,1.1327,1.9673,-0.5725,3.1142%,3.6049%,25.3710%,-0.01554,TXMD,13863.0,2019-03-06,252.0,-3.4542%,0.0004,1.1233,1.9768,-0.5819,3.1121%,3.6096%,25.6643%,-0.0001,TXMD,13863.0,2019-03-07,252.0,1.6100%,0.0007,1.1225,2.021,-0.5704,3.1042%,3.6071%,25.9372%,0.024685,TXMD,-0.02747,-0.01768,0.0429409999999999,0.0430729999999999,0.0867879999999999
6675,UNDER ARMOUR INC,Under Armour Shares Volatile Following Report CEO Kevin Planck Has Been Questioned About Ties To MSNBC Anchor Stephanie Ruhle,6,uncertain,0.6,0.3,"the volatility in shares suggests mixed investor sentiment, and the nature of the questioning may not have a clear impact on the company's fundamentals.",1,2019-02-21,UA,2019-02-21 15:46:00+00:00,15980.0,90431120,0.0119916340336203,2961650.0,0.0128799593076109,-0.0108302775770425,-0.001525975880213,0.0183822717517614,-0.013244948349893,-0.0374115146696567,0.0366545729339122,-0.0050301044248044,0.0,-0.0064968047663569,0.016434259712696,0.0449086502194404,-0.0274375043809413,0.0057772425934672,-0.0010075797326862,0.0220076106488704,-0.0201714374125003,-0.0158479213714599,-0.0036026604939252,-0.0089005278423428,-0.0129132224246859,0.0089804586023092,0.0303505975753068,0.0037115425802767,0.0,-0.0042238608002662,0.0005078836111351,-0.003682256443426,0.010152225382626,0.004226092249155,-0.0050251446664333,-0.0227155666798353,0.0025253104977309,-0.0061569488607347,-0.0060453820042312,0.0334039852023124,-0.0369994714856147,0.0250000543892383,0.0147368786856532,-0.0102205770090222,-0.0451245233416557,0.0021563835907727,0.0092341164126992,0.022038547322154,0.0005382254603318,0.0213843081146478,0.0069929617457091,-0.0083705140277743,0.012286402285099,0.0022371876984834,-0.0042216316796839,0.0011197396088391,-0.001589861465618,0.0176638960838317,0.0100849540904164,-0.0039728488773107,0.0057802782393991,0.0220418255776166,0.0329154171049594,0.0075978464446961,-0.0065756733529269,0.0307229049503803,-0.0071282787248492,0.040100272744894,-0.0405128672719001,-0.0297872759401798,0.032602921128273,0.0173160601407289,0.0010352204553782,0.0112570552155375,0.0180972274392843,-0.0160000137984752,0.0040629720315337,0.0012323141563683,-0.013657079078257,0.0684660971164703,0.0082051204517483,-0.0142764616757631,0.0040691723115742,-0.0416666716337204,-0.0101316543295979,-0.0336538143455982,0.0204708091914653,-0.0436781756579875,0.0180540960282087,0.0223266240209341,-0.0098521606996655,-0.0400450713932514,0.0149253346025943,-0.0044918544590473,0.0078431302681565,-0.0631247088313102,0.0077820941805839,-0.0891231670975685,-0.050193004310131,-0.006663464475423,0.0360771901905536,-0.0480289757251739,-0.0073565286584198,-0.0225863698869943,-0.0187746621668338,0.0277651622891426,-0.0176233816891908,-0.0248558074235916,0.0148641215637326,0.0089565953239798,-0.0095958905294537,0.0266666635870933,-0.0193779226392507,0.0083449380472302,-0.0364013984799385,0.0573529452085495,0.0323798395693302,-0.0125847160816192,-0.0094092218205332,0.0288844592869281,0.0216358751058578,0.0024962173774838,0.0692148804664611,0.0335398130118846,0.0128799593076109,-0.0108302775770425,0.0113343289201564,0.0073529090691506,-0.0020607420308648,-0.0303336890660113,0.034518295283979,-0.041479256264493,-0.0025759493743967,0.0041884782646726,0.0185471757309581,0.1209818619818248,0.06646063805231,-0.0103198487973825,2019-02-22,2019-02-25,2019-02-26,2019-02-27,2019-02-28,2019-03-01,2019-03-04,2019-03-05,2019-03-06,2019-03-07,15980.0,2019-02-21,252.0,1.1992%,0.001,1.2663,1.4101,0.2042,2.5713%,2.9804%,25.5711%,0.018106,UA,15980.0,2019-02-22,252.0,1.2880%,0.001,1.2658,1.4276,0.2141,2.5700%,2.9810%,25.6744%,-0.000205,UA,15980.0,2019-02-25,252.0,-0.1526%,0.0011,1.263,1.425,0.2024,2.5655%,2.9771%,25.7380%,0.000572,UA,15980.0,2019-02-26,252.0,-1.3245%,0.0011,1.2593,1.4323,0.2033,2.5652%,2.9757%,25.6884%,-0.0015359999999999,UA,15980.0,2019-02-27,252.0,3.6655%,0.0012,1.2599,1.4405,0.2035,2.5730%,2.9837%,25.6341%,0.032944,UA,15980.0,2019-02-28,252.0,0.0000%,0.0012,1.2571,1.4386,0.2007,2.5729%,2.9802%,25.4645%,0.004026,UA,15980.0,2019-03-01,252.0,1.6434%,0.0012,1.2679,1.4546,0.2162,2.5708%,2.9816%,25.6557%,0.003924,UA,15980.0,2019-03-04,252.0,-2.7438%,0.0013,1.249,1.5327,0.2175,2.5573%,2.9734%,26.0288%,-0.015959,UA,15980.0,2019-03-05,252.0,-0.1008%,0.0012,1.241,1.474,0.21,2.5496%,2.9517%,25.3917%,0.006299,UA,15980.0,2019-03-06,252.0,-2.0171%,0.0011,1.2312,1.4644,0.1976,2.5488%,2.9521%,25.4575%,0.0086509999999999,UA,15980.0,2019-03-07,252.0,-0.3603%,0.0012,1.2292,1.4683,0.196,2.5490%,2.9516%,25.4228%,0.00808,UA,0.017901,0.018473,0.016937,0.053907,0.064902
6683,UNITED AIRLINES HOLDINGS INC,"United Air Reports Filed App With Dept. Of Transportation For 6 Daily Non-Stop Flights From Newark, Chicago O'Hare, Washington Dulles, LAX, Houston George Bush, Guam To Tokyo Haneda",6,increase,0.75,0.6,"the addition of non-stop flights to tokyo haneda from major hubs indicates growth and expansion for united airlines, which is likely to positively impact investor sentiment and stock price.",2,2019-02-21,UAL,2019-02-21 18:01:00+00:00,91103.0,91004710,0.0038417666219174,2132473.0,0.0066411974839866,-0.0082922214642167,0.0016773066017776,0.0105310874059796,-0.0005581943551078,0.0018150429241359,-0.0215570237487554,-0.0048543722368776,0.002397249918431,0.0069341887719929,-0.0101355127990245,-0.0132361222058534,-0.0300276186317205,0.0111149298027157,0.0087771974503993,0.003528312779963,-0.0084656225517392,-0.0210584886372089,-0.020396078005433,0.0032416824251413,-0.002542054047808,0.0094786314293742,-0.0002427702856948,0.0129158180207014,-0.0307113230228424,0.0025209262967109,0.0170319434255361,-0.0022865505889058,0.0034478362649679,0.0210108924657106,0.0024543451145291,0.0126477507874369,-0.01175173278898,0.0054670679382979,0.0075559639371931,0.0013090635184198,-0.0185639858245849,0.013875501230359,0.0146561209112405,-0.0055195474997162,-0.0169136133044958,-0.0262881182134151,-0.0189626347273588,-0.0132580306380987,-0.0080645782873034,0.0044001536443829,0.0134210987016558,0.0635468438267707,0.0008913752390071,0.0161430761218071,0.0150127271190285,-0.0019982019439339,0.0136626223102212,-0.0159764401614666,0.0234944205731153,-0.028533898293972,0.0172767955809831,0.0167516991496086,0.0052256821654737,-0.0102127362042665,0.0031900315079838,0.0066521898843348,-0.0038864894304424,0.0335000045597553,-0.0039016532246023,-0.0496555045247077,0.0032047079876065,0.0053743813186883,0.0145528092980384,0.0067332596518099,-0.0030320947989821,0.0015654774615541,-0.0113463709130883,-0.009069237858057,0.0076905055902898,0.0591506585478782,0.0477867759764194,-0.0288449544459581,-0.0107574975118041,-0.0348300226032733,-0.0081558814272284,-0.0226930528879165,0.0046825455501675,-0.0162870194762945,0.000682022946421,0.0184433814138174,-0.0132909025996923,-0.0174378715455532,0.0124338222667574,0.002972044982016,0.0189902000129222,-0.0239874366670846,-0.0083696013316512,0.0169048998504877,-0.0103533444926142,-0.0046301935799419,0.0042073586955666,0.0036268807016313,0.0021515393164008,-0.0515962094068527,-0.0080225886777043,0.01185551751405,-0.024034634232521,-0.0468587689101696,-0.0121381990611553,-0.0024818808306008,-0.0061436276882886,0.0171452332288026,0.0079647898674011,0.0062446687370538,-0.0320792682468891,0.0117798903957009,0.0168148800730705,0.017765637487173,-0.0131815280765295,-0.0325811505317688,0.0027929977513849,0.0213223751634359,-0.0130782490596175,0.0118775637820363,0.0066411974839866,-0.0082922214642167,0.0083296434101478,0.0021515398327334,0.0077667994951085,0.0039704878940187,-0.0115938633997021,0.0060247675309255,-0.070126024041986,-0.0107310425019117,-0.0472759679295665,0.0633184744428947,-0.0826204010985199,-0.0356325206181973,2019-02-22,2019-02-25,2019-02-26,2019-02-27,2019-02-28,2019-03-01,2019-03-04,2019-03-05,2019-03-06,2019-03-07,91103.0,2019-02-21,252.0,0.3842%,0.0011,0.9838,0.3859,0.2488,1.5331%,1.8362%,30.2941%,0.008212,UAL,91103.0,2019-02-22,252.0,0.6641%,0.0011,0.984,0.3785,0.2445,1.5327%,1.8363%,30.3347%,0.001681,UAL,91103.0,2019-02-25,252.0,0.1677%,0.0011,0.9834,0.3777,0.242,1.5323%,1.8359%,30.3361%,0.001526,UAL,91103.0,2019-02-26,252.0,-0.0558%,0.0012,0.9837,0.3733,0.2399,1.5324%,1.8345%,30.2175%,0.004131,UAL,91103.0,2019-02-27,252.0,-2.1557%,0.001,0.9766,0.3789,0.2387,1.5370%,1.8339%,29.7573%,-0.022964,UAL,91103.0,2019-02-28,252.0,0.2397%,0.0011,0.971,0.3753,0.2335,1.5364%,1.8290%,29.4358%,0.005846,UAL,91103.0,2019-03-01,252.0,-1.0136%,0.0009,0.9738,0.3794,0.2464,1.5392%,1.8303%,29.2833%,-0.017371,UAL,91103.0,2019-03-04,252.0,-3.0028%,0.0008,0.9784,0.3871,0.24,1.5473%,1.8406%,29.3280%,-0.024497,UAL,91103.0,2019-03-05,252.0,0.8777%,0.0009,0.9791,0.4002,0.2363,1.5472%,1.8412%,29.3855%,0.012126,UAL,91103.0,2019-03-06,252.0,-0.8466%,0.001,0.9855,0.3858,0.2416,1.5445%,1.8419%,29.6806%,0.004618,UAL,91103.0,2019-03-07,252.0,-2.0396%,0.001,0.9919,0.3929,0.2521,1.5464%,1.8467%,29.8813%,-0.011337,UAL,0.009893,0.011419,0.01555,-0.001568,-0.038029
6691,UNITED BANCORP INC OH,United Bancorp Raises Quarterly Dividend From $0.13 To $0.1325/Share,6,increase,0.7,0.5,"raising the quarterly dividend typically signals financial health and can attract investors, likely leading to an increase in stock price.",2,2019-02-21,UBCP,2019-02-21 16:00:00+00:00,79019.0,90991110,0.0062780850566923,1457.0,0.0071301176212728,0.0,-0.0176990982145071,-0.00089607789414,0.0,0.0026953937485814,0.0175675395876169,0.0070301801897585,-0.0061974055133759,0.0271654482930898,-0.0267260745167732,-0.0037037001457065,-0.0068649710156023,0.0,0.0064884130842983,0.0,0.0164463501423597,-0.0100824618712067,-0.018693707883358,-0.0310835149139165,-0.0009293892653658,0.0190045274794101,-0.0183999706059694,-0.0054004923440516,0.0092681432142853,-0.0080623337998986,0.014084561727941,0.0090360213071107,-0.0509259440004825,-0.0009000247810035,0.0146341091021895,-0.0197981819510459,0.0143461963161826,-0.000493825005833,0.0256701577454805,0.0,0.0109520070254802,0.0071047889068722,-0.0007770808297209,-0.007929528132081,-0.0009149339748546,0.0088889226317405,0.0091575440019369,0.0,-0.0142286987975239,-0.0255521927028894,0.0079902438446879,0.0064422963187098,-0.005552474875003,-0.0076903603039681,-0.0035998814273625,0.009607040323317,-0.0037050906103104,0.0017497378867119,-0.0041443691588938,0.0288029387593269,0.0027217590250074,-0.0008993011433631,-0.013859168626368,0.0069362763315439,-0.0072430223226547,-0.0601361878216266,0.0125288199633359,0.0262008905410766,0.0074766282923519,-0.0005673848208971,-0.0148422867059707,0.002318438142538,0.0127117959782481,-0.0230768807232379,0.0172013416886329,0.0617059282958507,-0.0048354077152907,0.0059058284386992,0.0148707702755928,0.0490769520401954,-0.0089600849896669,-0.0419449619948864,0.0035798931494355,-0.0778341889381408,0.0099461851641535,-0.0067226830869913,0.0046402094885706,-0.0434083603322506,0.0089686447754502,0.0072873844765126,0.0120000205934047,0.0466101840138435,-0.0013175532221794,-0.0155427670106291,0.0,0.0130066713318228,-0.0061565255746245,0.0073728738352656,0.0102742789313197,0.0082232104614377,-0.0025227540172636,-0.0218304134905338,0.0397548712790012,-0.0210526753216981,-0.0076013640500605,-0.0159362386912107,-0.036595769226551,-0.00396826909855,0.0119258156046271,0.0161290951073169,0.0130946850404143,-0.0174326673150062,0.0134166898205876,0.0218623075634241,-0.0234084725379943,0.005700378678739,0.0006964859785512,0.0024489578790962,-0.0143473502248525,0.0,0.007308991625905,0.0,-0.0097534479573369,0.0123966624960303,0.0071301176212728,0.0,-0.0106951772452942,-0.00089607789414,-0.0106951772452942,0.0017969005716873,0.0004456424808383,0.0362452963638126,-0.0291889530466997,-0.0097691479143113,-0.0395918057592858,0.0096528076762065,0.0195320428870569,-0.0645856963630674,2019-02-22,2019-02-25,2019-02-26,2019-02-27,2019-02-28,2019-03-01,2019-03-04,2019-03-05,2019-03-06,2019-03-07,79019.0,2019-02-21,252.0,0.6278%,0.0,0.1827,0.0584,0.1724,1.9438%,1.9519%,0.8256%,0.007286,UBCP,79019.0,2019-02-22,252.0,0.7130%,0.0001,0.1814,0.0632,0.1615,1.9444%,1.9524%,0.8117%,0.008055,UBCP,79019.0,2019-02-25,252.0,-1.7699%,-0.0,0.1818,0.0723,0.1677,1.9475%,1.9555%,0.8181%,-0.017616,UBCP,79019.0,2019-02-26,252.0,0.0000%,0.0,0.1867,0.0659,0.1681,1.9468%,1.9551%,0.8536%,0.001207,UBCP,79019.0,2019-02-27,252.0,1.7568%,0.0001,0.1872,0.0701,0.1682,1.9498%,1.9582%,0.8543%,0.017376,UBCP,79019.0,2019-02-28,252.0,-0.6197%,0.0,0.1966,0.0763,0.1763,1.9477%,1.9569%,0.9394%,-0.00531,UBCP,79019.0,2019-03-01,252.0,-2.6726%,-0.0,0.1825,0.0553,0.1673,1.9536%,1.9614%,0.7943%,-0.027748,UBCP,79019.0,2019-03-04,252.0,-0.6865%,-0.0001,0.1891,0.0392,0.1643,1.9524%,1.9607%,0.8431%,-0.006437,UBCP,79019.0,2019-03-05,252.0,0.6488%,-0.0002,0.1823,-0.0085,0.1568,1.9468%,1.9546%,0.7999%,0.007236,UBCP,79019.0,2019-03-06,252.0,1.6446%,-0.0,0.1841,-0.053,0.1527,1.9469%,1.9552%,0.8441%,0.017719,UBCP,79019.0,2019-03-07,252.0,-1.8694%,-0.0,0.1959,-0.0277,0.1756,1.9468%,1.9560%,0.9407%,-0.016808,UBCP,0.015341,-0.0022749999999999,-0.0010679999999999,0.0109979999999999,-0.01504
6699,U B S GROUP A G,"UBS Responds To French Judge Ruling, Says Sees 'Significant Flaws' In Decision",6,uncertain,0.7,0.2,"while ubs's assertion of 'significant flaws' in the judge's ruling may suggest potential for a favorable outcome, the overall impact on stock price remains uncertain due to the legal complexities involved.",1,2019-02-21,UBS,2019-02-21 14:08:00+00:00,15054.0,H4209710,-0.0104333963245153,3247853.0,0.0008110485505312,-0.03560371696949,0.0097244642674922,-0.0023165817838162,0.0120384925976395,0.0212933365255594,0.0031720825936645,-0.0178156122565269,0.0015810639597475,0.0070202928036451,0.0031570608261972,0.0102442959323525,-0.0062942504882812,0.0007885863306,-0.0110847456380724,-0.0070477798581123,-0.0104083362966775,-0.0169360525906086,-0.0283171068876981,-0.0023042000830173,-0.0066611091606318,0.0148090831935405,0.0142497960478067,-0.0031080001499503,0.0008263863273896,-0.0069444561377167,0.0115607222542166,-0.0181818008422851,0.0024489578790962,0.0146041177213192,-0.0040716766379773,-0.0023005930706858,0.0228945780545473,-0.0045801843516528,0.0047961203381419,0.0022953853476792,-0.019888624548912,0.001532529015094,-0.0064935004338622,0.0085008200258016,-0.0294117368757724,-0.0492285154759883,-0.0025252299383282,0.0088954698294401,0.0059071471914649,-0.0036927761975675,0.0083892941474914,0.0242057256400585,-0.0024958972353488,-0.0030165882781147,0.010008331388235,0.0060697966255247,0.0239471495151519,0.006106864195317,0.0008064701105467,0.0108024952933192,0.0096696121618151,-0.0030769200529903,0.0047885412350296,0.0023130094632506,-0.0023828223347663,0.0101246191188693,-0.0023885895498096,0.0363195948302745,-0.0007980267982929,-0.0127489920705556,-0.0039936252869665,0.0137318316847086,0.0200481154024601,-0.0016128632705658,0.0102201346307992,0.0239471495151519,0.0054474468342959,-0.0073770619928836,0.0154798617586493,0.0330228097736835,0.0160061009228229,-0.0050547150894999,-0.0052512898109853,-0.0165699925273656,0.0,-0.0122750056907534,-0.0128205185756087,-0.0056956629268825,0.0061115296557545,0.00326530309394,0.0098709277808666,-0.0097008803859353,-0.0007518968777731,-0.0143426535651087,0.0180586744099855,-0.0071202651597559,-0.0066518960520625,0.0326797850430011,-0.0119047509506344,-0.0113085899502039,0.0075301495380699,-0.0151153206825256,-0.0037369350902736,-0.0217899363487958,-0.0062415231950581,-0.0272520557045936,-0.0270700752735137,-0.0378732345998287,0.004091668408364,0.0147819519042968,-0.0122249852865934,-0.0095168463885784,0.0008251013932749,-0.0122921243309974,-0.028029691427946,0.0043572597205638,0.0016963917296379,-0.0021738936193287,-0.0016935188323259,0.0252600405365228,0.0169635117053985,-0.0102941421791911,-0.0025020628236234,0.0225564055144786,0.0008110485505312,-0.03560371696949,0.0105433998306723,-0.0378378198311386,0.0227088190691273,-0.0173501767366371,0.0275750331238522,-0.0280810963028635,-0.0259529356823895,-0.0430107832228667,0.0210868003686299,-0.039321527918227,0.0230325388715897,-0.0631579063870869,2019-02-22,2019-02-25,2019-02-26,2019-02-27,2019-02-28,2019-03-01,2019-03-04,2019-03-05,2019-03-06,2019-03-07,15054.0,2019-02-21,252.0,-1.0433%,-0.0015,0.948,0.0414,0.6423,1.0451%,1.3888%,43.3711%,-0.005553,UBS,15054.0,2019-02-22,252.0,0.0811%,-0.0015,0.9476,0.0333,0.6301,1.0447%,1.3886%,43.3938%,0.003763,UBS,15054.0,2019-02-25,252.0,0.9724%,-0.0014,0.9479,0.0283,0.6285,1.0468%,1.3904%,43.3126%,0.009424,UBS,15054.0,2019-02-26,252.0,1.2038%,-0.0014,0.9454,0.0068,0.6158,1.0522%,1.3909%,42.7703%,0.01571,UBS,15054.0,2019-02-27,252.0,0.3172%,-0.0013,0.9479,0.0038,0.6162,1.0521%,1.3909%,42.7838%,0.002947,UBS,15054.0,2019-02-28,252.0,0.1581%,-0.0013,0.9486,0.0046,0.6151,1.0527%,1.3902%,42.6596%,0.005959,UBS,15054.0,2019-03-01,252.0,0.3157%,-0.0013,0.9459,0.0005,0.6109,1.0524%,1.3865%,42.3925%,-0.001316,UBS,15054.0,2019-03-04,252.0,-0.6294%,-0.0013,0.9452,0.0052,0.6106,1.0524%,1.3843%,42.2031%,-0.003846,UBS,15054.0,2019-03-05,252.0,-1.1085%,-0.0013,0.949,0.0298,0.6158,1.0507%,1.3848%,42.4349%,-0.008086,UBS,15054.0,2019-03-06,252.0,-1.0408%,-0.0012,0.9589,0.024,0.6262,1.0447%,1.3854%,43.1426%,-0.002397,UBS,15054.0,2019-03-07,252.0,-2.8317%,-0.0013,0.965,0.0197,0.633,1.0491%,1.3937%,43.3297%,-0.018461,UBS,-0.0017899999999999,0.007634,0.0233439999999999,0.0322499999999999,-0.001856
6707,ULTRA CLEAN HOLDINGS INC,"Ultra Clean Sees Q1 Adj. EPS $0.09-$0.19 vs $0.24 Estimate, Sales $230M-$250M vs $244M Est.",6,decrease,0.75,0.6,"the company's adjusted eps and sales guidance are both below analyst estimates, which is likely to lead to a negative reaction in the stock price.",0,2019-02-21,UCTT,2019-02-21 21:51:00+00:00,90097.0,90385V10,-0.0186770986765623,583928.0,-0.0904043912887573,0.0404858291149139,0.0191804096102714,-0.0119999693706631,-0.0153977209702134,-0.0047771031968295,-0.052128616720438,-0.0039650467224419,-0.0238313693553209,0.0,-0.0018778877565637,0.0079935593530535,0.0206961687654256,0.0040128561668097,-0.0156682096421718,0.0032206089235842,-0.0243445895612239,-0.028928842395544,-0.0547024644911289,0.0039246617816388,-0.0213197991251945,0.0232931692153215,0.0487551130354404,0.0105519574135541,-0.0009890480432659,0.0387858375906944,0.0019801489543169,0.0145423505455255,-0.0079051312059164,0.0617619752883911,0.0458167381584644,-0.0152057306841015,-0.0028571174480021,0.016363663598895,0.0162368733435869,0.1099899262189865,-0.0187970642000436,0.0806979015469551,0.0651341304183006,-0.0171489659696817,-0.0449640303850174,-0.0411099307239055,-0.0047081159427762,0.0318132787942886,-0.0075685833580791,0.0250000543892383,-0.008579614572227,0.0165745429694652,-0.0182691905647516,0.0011062200646847,0.0137120801955461,-0.0279570128768682,0.040579717606306,-0.0137858018279075,-0.0046425429172813,0.0042598466388881,0.0643656328320503,0.0206522326916456,0.0096407197415828,-0.017094001173973,0.0138888750225305,0.0399999618530273,-0.012842514552176,0.0765550658106803,-0.0303555447608232,-0.0368664339184761,0.0178890693932771,0.024793392047286,-0.0105448048561811,0.0316687226295471,0.0275310352444648,0.013580203987658,-0.0095073170959949,0.0451613403856754,0.0593368485569953,0.08695650100708,0.0280065238475799,-0.0325644202530384,-0.0096153756603598,-0.0238410998135805,-0.007281488738954,-0.0130718825384974,-0.0114099709317088,-0.043749988079071,0.0156636089086532,-0.0184048619121313,-0.03733766451478,0.0124222887679934,0.0227656383067369,-0.031287632882595,-0.0074196332134306,-0.0212013367563486,-0.0058139283210039,0.0167663935571909,0.0225563496351242,-0.0176470130681991,0.0269607789814472,-0.0395480655133724,0.1527446359395981,-0.0401301383972168,-0.0027605218347162,-0.0086021423339843,-0.0200692024081945,-0.046153824776411,-0.0162429064512252,0.0372340828180313,-0.025843545794487,-0.0073918318375945,0.0228445418179035,-0.0216942187398672,-0.0691642686724662,0.0614035539329052,0.0580495335161685,0.030508417636156,0.0168251302093267,0.01142861507833,-0.0172661710530519,-0.0179573353379964,-0.0219619460403919,-0.016556354239583,-0.0904043912887573,0.0404858291149139,-0.0729579749339714,0.0280000310349259,-0.0872323093635998,0.023089168800328,-0.1554322024925211,0.0190325724448106,-0.2188738551652453,0.0086342708923077,-0.0864392684757904,0.3728633356603799,0.0594766072461985,0.41832225155748,2019-02-22,2019-02-25,2019-02-26,2019-02-27,2019-02-28,2019-03-01,2019-03-04,2019-03-05,2019-03-06,2019-03-07,90097.0,2019-02-21,252.0,-1.8677%,-0.0017,1.7341,0.6503,0.1823,2.8719%,3.4083%,28.9999%,-0.011762,UCTT,90097.0,2019-02-22,252.0,-9.0404%,-0.0019,1.7479,0.6496,0.3468,2.9383%,3.4524%,27.5646%,-0.102673,UCTT,90097.0,2019-02-25,252.0,1.9180%,-0.0016,1.7405,0.6322,0.3105,2.9149%,3.4318%,27.8516%,0.018772,UCTT,90097.0,2019-02-26,252.0,-1.5398%,-0.0017,1.7268,0.6538,0.3112,2.9109%,3.4192%,27.5209%,-0.0076419999999999,UCTT,90097.0,2019-02-27,252.0,-5.2129%,-0.0019,1.7278,0.6365,0.3112,2.9298%,3.4333%,27.1825%,-0.054652,UCTT,90097.0,2019-02-28,252.0,-2.3831%,-0.002,1.7356,0.6414,0.3206,2.9310%,3.4350%,27.1897%,-0.017925,UCTT,90097.0,2019-03-01,252.0,-0.1878%,-0.0021,1.7433,0.6528,0.3386,2.9301%,3.4347%,27.2257%,-0.015042,UCTT,90097.0,2019-03-04,252.0,2.0696%,-0.0021,1.7517,0.5954,0.3432,2.9327%,3.4369%,27.1870%,0.030962,UCTT,90097.0,2019-03-05,252.0,-1.5668%,-0.0021,1.7521,0.5933,0.3464,2.9330%,3.4354%,27.1062%,-0.010111,UCTT,90097.0,2019-03-06,252.0,-2.4345%,-0.0021,1.7634,0.5841,0.358,2.9300%,3.4382%,27.3765%,-0.0023799999999999,UCTT,90097.0,2019-03-07,252.0,-5.4702%,-0.0024,1.7703,0.5451,0.356,2.9275%,3.4386%,27.5178%,-0.038742,UCTT,-0.114435,-0.095663,-0.103305,-0.175882,-0.211195
6715,ULTRA CLEAN HOLDINGS INC,"Ultra Clean Holdings Q4 EPS $0.23 Misses $0.25 Estimate, Sales $257.4M Beat $249M Estimate",6,uncertain,0.6,0.3,"while the sales beat expectations, the earnings per share (eps) miss could lead to mixed reactions from investors, making the overall impact on the stock price uncertain.",1,2019-02-21,UCTT,2019-02-21 21:51:00+00:00,90097.0,90385V10,-0.0186770986765623,583928.0,-0.0904043912887573,0.0404858291149139,0.0191804096102714,-0.0119999693706631,-0.0153977209702134,-0.0047771031968295,-0.052128616720438,-0.0039650467224419,-0.0238313693553209,0.0,-0.0018778877565637,0.0079935593530535,0.0206961687654256,0.0040128561668097,-0.0156682096421718,0.0032206089235842,-0.0243445895612239,-0.028928842395544,-0.0547024644911289,0.0039246617816388,-0.0213197991251945,0.0232931692153215,0.0487551130354404,0.0105519574135541,-0.0009890480432659,0.0387858375906944,0.0019801489543169,0.0145423505455255,-0.0079051312059164,0.0617619752883911,0.0458167381584644,-0.0152057306841015,-0.0028571174480021,0.016363663598895,0.0162368733435869,0.1099899262189865,-0.0187970642000436,0.0806979015469551,0.0651341304183006,-0.0171489659696817,-0.0449640303850174,-0.0411099307239055,-0.0047081159427762,0.0318132787942886,-0.0075685833580791,0.0250000543892383,-0.008579614572227,0.0165745429694652,-0.0182691905647516,0.0011062200646847,0.0137120801955461,-0.0279570128768682,0.040579717606306,-0.0137858018279075,-0.0046425429172813,0.0042598466388881,0.0643656328320503,0.0206522326916456,0.0096407197415828,-0.017094001173973,0.0138888750225305,0.0399999618530273,-0.012842514552176,0.0765550658106803,-0.0303555447608232,-0.0368664339184761,0.0178890693932771,0.024793392047286,-0.0105448048561811,0.0316687226295471,0.0275310352444648,0.013580203987658,-0.0095073170959949,0.0451613403856754,0.0593368485569953,0.08695650100708,0.0280065238475799,-0.0325644202530384,-0.0096153756603598,-0.0238410998135805,-0.007281488738954,-0.0130718825384974,-0.0114099709317088,-0.043749988079071,0.0156636089086532,-0.0184048619121313,-0.03733766451478,0.0124222887679934,0.0227656383067369,-0.031287632882595,-0.0074196332134306,-0.0212013367563486,-0.0058139283210039,0.0167663935571909,0.0225563496351242,-0.0176470130681991,0.0269607789814472,-0.0395480655133724,0.1527446359395981,-0.0401301383972168,-0.0027605218347162,-0.0086021423339843,-0.0200692024081945,-0.046153824776411,-0.0162429064512252,0.0372340828180313,-0.025843545794487,-0.0073918318375945,0.0228445418179035,-0.0216942187398672,-0.0691642686724662,0.0614035539329052,0.0580495335161685,0.030508417636156,0.0168251302093267,0.01142861507833,-0.0172661710530519,-0.0179573353379964,-0.0219619460403919,-0.016556354239583,-0.0904043912887573,0.0404858291149139,-0.0729579749339714,0.0280000310349259,-0.0872323093635998,0.023089168800328,-0.1554322024925211,0.0190325724448106,-0.2188738551652453,0.0086342708923077,-0.0864392684757904,0.3728633356603799,0.0594766072461985,0.41832225155748,2019-02-22,2019-02-25,2019-02-26,2019-02-27,2019-02-28,2019-03-01,2019-03-04,2019-03-05,2019-03-06,2019-03-07,90097.0,2019-02-21,252.0,-1.8677%,-0.0017,1.7341,0.6503,0.1823,2.8719%,3.4083%,28.9999%,-0.011762,UCTT,90097.0,2019-02-22,252.0,-9.0404%,-0.0019,1.7479,0.6496,0.3468,2.9383%,3.4524%,27.5646%,-0.102673,UCTT,90097.0,2019-02-25,252.0,1.9180%,-0.0016,1.7405,0.6322,0.3105,2.9149%,3.4318%,27.8516%,0.018772,UCTT,90097.0,2019-02-26,252.0,-1.5398%,-0.0017,1.7268,0.6538,0.3112,2.9109%,3.4192%,27.5209%,-0.0076419999999999,UCTT,90097.0,2019-02-27,252.0,-5.2129%,-0.0019,1.7278,0.6365,0.3112,2.9298%,3.4333%,27.1825%,-0.054652,UCTT,90097.0,2019-02-28,252.0,-2.3831%,-0.002,1.7356,0.6414,0.3206,2.9310%,3.4350%,27.1897%,-0.017925,UCTT,90097.0,2019-03-01,252.0,-0.1878%,-0.0021,1.7433,0.6528,0.3386,2.9301%,3.4347%,27.2257%,-0.015042,UCTT,90097.0,2019-03-04,252.0,2.0696%,-0.0021,1.7517,0.5954,0.3432,2.9327%,3.4369%,27.1870%,0.030962,UCTT,90097.0,2019-03-05,252.0,-1.5668%,-0.0021,1.7521,0.5933,0.3464,2.9330%,3.4354%,27.1062%,-0.010111,UCTT,90097.0,2019-03-06,252.0,-2.4345%,-0.0021,1.7634,0.5841,0.358,2.9300%,3.4382%,27.3765%,-0.0023799999999999,UCTT,90097.0,2019-03-07,252.0,-5.4702%,-0.0024,1.7703,0.5451,0.356,2.9275%,3.4386%,27.5178%,-0.038742,UCTT,-0.114435,-0.095663,-0.103305,-0.175882,-0.211195
6723,UNIVERSAL ELECTRONICS INC,"Universal Electronics Sees Q1 Adj. EPS $0.70-$0.80 May Not Compare To $0.56 Est., Sees Sales $179M-$187M vs $178.14M Est.",6,increase,0.7,0.6,"the company's projected adjusted eps is higher than the estimate, which could positively influence investor sentiment and lead to an increase in stock price.",2,2019-02-21,UEIC,2019-02-21 22:07:00+00:00,78915.0,91348310,0.0131125282496213,87709.0,0.0582424737513065,0.0193457342684269,0.0952687188982963,-0.0059440587647259,-0.0088157290592789,-0.0052173780277371,0.0174918510019779,0.028254684060812,-0.0270979106426239,0.0483689159154892,0.0146751031279563,-0.0430570766329765,-0.015348301269114,0.0223771315068006,-0.0098921414464712,-0.0130340550094842,-0.0093853333964943,-0.0188276655972003,-0.0146699119359254,-0.0053003402426838,-0.0105459690093994,0.0067591113038361,0.0169278681278228,-0.0024840203113853,-0.0073982081376016,0.000354995689122,0.0021739033982157,0.0213923193514347,0.004028542432934,0.0095168463885784,0.0382715389132499,-0.0058224108070135,0.0109987789765,-0.021715935319662,0.0070567978546023,0.0068100551143288,0.0043796068057417,0.0032362514175474,0.0406976044178009,0.0079738786444067,-0.018435750156641,-0.025088308379054,0.0233352221548557,0.0114367296919226,0.0158509369939565,-0.0213361531496048,0.0134136788547039,-0.0038327737711369,0.0091842291876673,-0.0251358617097139,-0.00562096061185,-0.0248426627367734,0.0193808171898126,0.0230430457741022,-0.0250858403742313,0.0054514426738023,-0.0165221244096756,0.0047929235734045,0.0115670105442404,0.0020583006553351,0.0353933908045291,0.0512080825865268,-0.000262906163698,0.0452317669987678,-0.006312511395663,0.003024571808055,0.0174695570021867,0.0462816469371318,0.0044225282035768,0.0301548391580581,0.0266769938170909,0.019526433199644,-0.0244702640920877,-0.0207485854625701,0.001810279674828,0.0224625207483768,-0.02116684243083,-0.0175724737346172,-0.0060653891414403,-0.0152917932718992,-0.0257362015545368,-0.0201104190200567,0.0196077711880207,-0.0412098355591297,-0.0058759991079568,0.0208414085209369,-0.0110155781731009,-0.0652958005666732,0.0130399223417043,-0.0641459003090858,0.0316438786685466,-0.0234091356396675,-0.0109176496043801,0.0157400965690612,0.0244415327906608,-0.0059920204803347,-0.0007695941603742,-0.0272020157426595,0.1145057529211044,-0.0346983633935451,0.0442294850945472,-0.015692314133048,-0.0222810953855514,-0.0682339742779731,-0.0036101047880947,0.0116009721532464,-0.0076992786489427,-0.0063400925137102,-0.0102693010121583,-0.0088545437902212,-0.0260548144578933,0.0291004665195941,0.0146780041977763,-0.0087412362918257,0.0158656165003776,0.005566909443587,0.0027560617309063,0.0053019234910607,-0.0345853939652442,0.0170760843902826,0.0582424737513065,0.0193457342684268,0.1590598785093575,0.0132866833223626,0.1488419206569382,0.0079999836449977,0.1372615340627505,0.0866141527706352,0.0980926755901561,0.0240282796049606,0.2510217531270784,-0.005831909533166,0.4356267198544721,-0.1318155100331021,2019-02-22,2019-02-25,2019-02-26,2019-02-27,2019-02-28,2019-03-01,2019-03-04,2019-03-05,2019-03-06,2019-03-07,78915.0,2019-02-21,252.0,1.3113%,-0.001,0.971,0.3858,0.2142,3.8695%,3.9978%,6.3139%,0.01736,UEIC,78915.0,2019-02-22,252.0,5.8242%,-0.0008,0.9624,0.4198,0.1417,3.8827%,4.0136%,6.4179%,0.052858,UEIC,78915.0,2019-02-25,252.0,9.5269%,-0.0004,0.9609,0.3713,0.1112,3.9289%,4.0583%,6.2762%,0.0950719999999999,UEIC,78915.0,2019-02-26,252.0,-0.8816%,-0.0013,0.8263,0.5072,0.0793,3.6608%,3.7709%,5.7507%,-0.004635,UEIC,78915.0,2019-02-27,252.0,1.7492%,-0.0011,0.8447,0.4796,0.0824,3.6534%,3.7666%,5.9186%,0.01578,UEIC,78915.0,2019-02-28,252.0,-2.7098%,-0.0011,0.8381,0.4743,0.0832,3.6540%,3.7646%,5.7910%,-0.0244689999999999,UEIC,78915.0,2019-03-01,252.0,1.4675%,-0.001,0.8344,0.4687,0.0733,3.6539%,3.7636%,5.7420%,0.007508,UEIC,78915.0,2019-03-04,252.0,-1.5348%,-0.0011,0.8369,0.4679,0.0709,3.6542%,3.7647%,5.7800%,-0.0095109999999999,UEIC,78915.0,2019-03-05,252.0,-0.9892%,-0.0011,0.8369,0.4642,0.0731,3.6543%,3.7639%,5.7373%,-0.006939,UEIC,78915.0,2019-03-06,252.0,-0.9385%,-0.0012,0.8164,0.471,0.0509,3.6478%,3.7549%,5.6274%,0.003375,UEIC,78915.0,2019-03-07,252.0,-1.4670%,-0.0012,0.8208,0.4801,0.0593,3.6478%,3.7559%,5.6755%,-0.007568,UEIC,0.070218,0.16529,0.160655,0.151966,0.138831
6731,UNIVERSAL ELECTRONICS INC,"Universal Electronics Q4 Adj. EPS $0.70 Misses $0.74 Estimate, Sales $169.738M Miss $184.16M Estimate",6,decrease,0.8,0.7,"the company reported lower-than-expected earnings and sales, which typically leads to a negative reaction in stock prices.",0,2019-02-21,UEIC,2019-02-21 22:05:00+00:00,78915.0,91348310,0.0131125282496213,87709.0,0.0582424737513065,0.0193457342684269,0.0952687188982963,-0.0059440587647259,-0.0088157290592789,-0.0052173780277371,0.0174918510019779,0.028254684060812,-0.0270979106426239,0.0483689159154892,0.0146751031279563,-0.0430570766329765,-0.015348301269114,0.0223771315068006,-0.0098921414464712,-0.0130340550094842,-0.0093853333964943,-0.0188276655972003,-0.0146699119359254,-0.0053003402426838,-0.0105459690093994,0.0067591113038361,0.0169278681278228,-0.0024840203113853,-0.0073982081376016,0.000354995689122,0.0021739033982157,0.0213923193514347,0.004028542432934,0.0095168463885784,0.0382715389132499,-0.0058224108070135,0.0109987789765,-0.021715935319662,0.0070567978546023,0.0068100551143288,0.0043796068057417,0.0032362514175474,0.0406976044178009,0.0079738786444067,-0.018435750156641,-0.025088308379054,0.0233352221548557,0.0114367296919226,0.0158509369939565,-0.0213361531496048,0.0134136788547039,-0.0038327737711369,0.0091842291876673,-0.0251358617097139,-0.00562096061185,-0.0248426627367734,0.0193808171898126,0.0230430457741022,-0.0250858403742313,0.0054514426738023,-0.0165221244096756,0.0047929235734045,0.0115670105442404,0.0020583006553351,0.0353933908045291,0.0512080825865268,-0.000262906163698,0.0452317669987678,-0.006312511395663,0.003024571808055,0.0174695570021867,0.0462816469371318,0.0044225282035768,0.0301548391580581,0.0266769938170909,0.019526433199644,-0.0244702640920877,-0.0207485854625701,0.001810279674828,0.0224625207483768,-0.02116684243083,-0.0175724737346172,-0.0060653891414403,-0.0152917932718992,-0.0257362015545368,-0.0201104190200567,0.0196077711880207,-0.0412098355591297,-0.0058759991079568,0.0208414085209369,-0.0110155781731009,-0.0652958005666732,0.0130399223417043,-0.0641459003090858,0.0316438786685466,-0.0234091356396675,-0.0109176496043801,0.0157400965690612,0.0244415327906608,-0.0059920204803347,-0.0007695941603742,-0.0272020157426595,0.1145057529211044,-0.0346983633935451,0.0442294850945472,-0.015692314133048,-0.0222810953855514,-0.0682339742779731,-0.0036101047880947,0.0116009721532464,-0.0076992786489427,-0.0063400925137102,-0.0102693010121583,-0.0088545437902212,-0.0260548144578933,0.0291004665195941,0.0146780041977763,-0.0087412362918257,0.0158656165003776,0.005566909443587,0.0027560617309063,0.0053019234910607,-0.0345853939652442,0.0170760843902826,0.0582424737513065,0.0193457342684268,0.1590598785093575,0.0132866833223626,0.1488419206569382,0.0079999836449977,0.1372615340627505,0.0866141527706352,0.0980926755901561,0.0240282796049606,0.2510217531270784,-0.005831909533166,0.4356267198544721,-0.1318155100331021,2019-02-22,2019-02-25,2019-02-26,2019-02-27,2019-02-28,2019-03-01,2019-03-04,2019-03-05,2019-03-06,2019-03-07,78915.0,2019-02-21,252.0,1.3113%,-0.001,0.971,0.3858,0.2142,3.8695%,3.9978%,6.3139%,0.01736,UEIC,78915.0,2019-02-22,252.0,5.8242%,-0.0008,0.9624,0.4198,0.1417,3.8827%,4.0136%,6.4179%,0.052858,UEIC,78915.0,2019-02-25,252.0,9.5269%,-0.0004,0.9609,0.3713,0.1112,3.9289%,4.0583%,6.2762%,0.0950719999999999,UEIC,78915.0,2019-02-26,252.0,-0.8816%,-0.0013,0.8263,0.5072,0.0793,3.6608%,3.7709%,5.7507%,-0.004635,UEIC,78915.0,2019-02-27,252.0,1.7492%,-0.0011,0.8447,0.4796,0.0824,3.6534%,3.7666%,5.9186%,0.01578,UEIC,78915.0,2019-02-28,252.0,-2.7098%,-0.0011,0.8381,0.4743,0.0832,3.6540%,3.7646%,5.7910%,-0.0244689999999999,UEIC,78915.0,2019-03-01,252.0,1.4675%,-0.001,0.8344,0.4687,0.0733,3.6539%,3.7636%,5.7420%,0.007508,UEIC,78915.0,2019-03-04,252.0,-1.5348%,-0.0011,0.8369,0.4679,0.0709,3.6542%,3.7647%,5.7800%,-0.0095109999999999,UEIC,78915.0,2019-03-05,252.0,-0.9892%,-0.0011,0.8369,0.4642,0.0731,3.6543%,3.7639%,5.7373%,-0.006939,UEIC,78915.0,2019-03-06,252.0,-0.9385%,-0.0012,0.8164,0.471,0.0509,3.6478%,3.7549%,5.6274%,0.003375,UEIC,78915.0,2019-03-07,252.0,-1.4670%,-0.0012,0.8208,0.4801,0.0593,3.6478%,3.7559%,5.6755%,-0.007568,UEIC,0.070218,0.16529,0.160655,0.151966,0.138831
6739,VISTEON CORP,Visteon shares are trading higher after the company beat Q4 EPS and sales estimates; the company also issued FY19 guidance on target with estimates.,6,increase,0.85,0.7,"the positive earnings report and alignment with guidance typically lead to increased investor confidence, driving the stock price higher.",2,2019-02-21,VC,2019-02-21 17:13:00+00:00,88319.0,92839U20,0.087014228105545,993580.0,-0.0107694147154688,0.0066820927895605,-0.0109988301992416,0.0115521047264337,-0.0138447703793644,0.0083024268969893,-0.0127733098343014,0.0276327282190322,-0.001515296055004,0.0067948559299111,-0.0014009192818775,0.0401387140154838,0.0033902374561876,0.0205497331917285,-0.0059420028701424,-0.028299381956458,-0.0389123260974884,-0.0567543394863605,-0.0310975983738899,0.0319216847419738,-0.0153554892167449,0.00673842523247,-0.0062636518850922,-0.0098794484511017,-0.0063030342571437,0.013655912131071,-0.0130744613707065,0.0007809131639078,-0.0299055464565753,0.0207254588603973,0.0147377494722604,-0.0001328657817794,-0.0021319608204066,-0.0005310795968398,-0.0072105876170098,0.0193530973047018,-0.0289173033088445,0.0489778071641922,0.0027701465878635,-0.0384930334985256,-0.0541436187922954,-0.0402200929820537,0.0080314744263887,0.0666574090719223,0.0062291803769767,0.0037873003166168,-0.0132450070232152,0.0184285845607519,-0.0056900992058217,0.0463377945125103,-0.0117388563230633,0.0179549641907215,0.0614699237048625,0.0015239022905007,0.0034969926346093,-0.0491233058273792,0.042654100805521,0.048784177750349,0.0176470540463924,0.0507825650274753,-0.0091960662975907,0.028242977336049,0.0238663889467716,0.0532687976956367,-0.0097125098109245,-0.0521311536431312,0.0500850230455398,0.011944280937314,0.0012453109957277,-0.0109926490113139,0.0273631457239389,-0.0333068743348121,-0.008353448472917,-0.010825265198946,-0.0209986716508865,0.0607422441244125,0.0264371503144502,-0.0120026236400008,0.0015794542850926,-0.0003287386207375,-0.0204997863620519,0.0289193149656057,-0.0071826851926743,-0.0229676030576229,-0.0056130341254174,0.0113636413589119,-0.2354490756988525,-0.0043260953389108,0.0467596128582954,-0.0350032150745391,0.0264890063554048,-0.0288476310670375,0.0080928206443786,-0.0273017305880785,-0.0063616810366511,0.0279077161103487,-0.0033536772243678,-0.0510430112481117,-0.009941785596311,-0.0574536733329296,-0.0063340589404106,-0.0268693622201681,-0.029073366895318,-0.0599565878510475,0.0019215201027691,0.0619073398411274,-0.0177401416003704,0.0008134159143082,0.0042304284870624,-0.0245966743677854,-0.0907323732972145,0.00358333485201,0.0028510307893157,-0.0638588592410087,-0.0149253765121102,0.0134726734831929,-0.0557359345257282,-0.0042628380469977,-0.0185290817171335,0.0394891016185283,-0.0107694147154688,0.0066820927895605,-0.0216497939509098,0.0183113897516911,-0.0351948279042634,0.026765845623476,-0.0489618746303732,0.0623076991482112,-0.1179083239888713,0.0665465060701815,-0.1548795062698242,0.323219445819479,-0.4295547803945506,0.0798904846325787,2019-02-22,2019-02-25,2019-02-26,2019-02-27,2019-02-28,2019-03-01,2019-03-04,2019-03-05,2019-03-06,2019-03-07,88319.0,2019-02-21,252.0,8.7014%,-0.0012,1.2965,0.6869,0.3499,2.1788%,2.5632%,27.7451%,0.093116,VC,88319.0,2019-02-22,252.0,-1.0769%,-0.0012,1.2989,0.6842,0.376,2.1813%,2.5639%,27.6219%,-0.017931,VC,88319.0,2019-02-25,252.0,-1.0999%,-0.0014,1.3022,0.6921,0.3924,2.1749%,2.5592%,27.7743%,-0.0105919999999999,VC,88319.0,2019-02-26,252.0,-1.3845%,-0.0013,1.3171,0.6843,0.3996,2.1702%,2.5601%,28.1391%,-0.006137,VC,88319.0,2019-02-27,252.0,-1.2773%,-0.0014,1.3149,0.6842,0.3992,2.1717%,2.5593%,27.9961%,-0.014879,VC,88319.0,2019-02-28,252.0,-0.1515%,-0.0013,1.3072,0.6791,0.3925,2.1705%,2.5523%,27.6788%,0.003322,VC,88319.0,2019-03-01,252.0,-0.1401%,-0.0014,1.3145,0.69,0.4085,2.1692%,2.5522%,27.7628%,-0.011302,VC,88319.0,2019-03-04,252.0,0.3390%,-0.0014,1.3164,0.6726,0.4106,2.1702%,2.5523%,27.7039%,0.011303,VC,88319.0,2019-03-05,252.0,-0.5942%,-0.0013,1.3227,0.7219,0.4149,2.1627%,2.5511%,28.1338%,-0.000724,VC,88319.0,2019-03-06,252.0,-3.8912%,-0.0013,1.337,0.7523,0.4352,2.1639%,2.5622%,28.6765%,-0.018961,VC,88319.0,2019-03-07,252.0,-3.1098%,-0.0013,1.3486,0.7758,0.4572,2.1643%,2.5690%,29.0213%,-0.018262,VC,0.075185,0.064593,0.0584559999999999,0.0468989999999999,0.0089529999999999
6747,VISTEON CORP,"Visteon Reaffirms FY19 Adj. EBITDA $280M-$310M, Sales $2.9B-$3B vs $2.9B Estimate",6,increase,0.7,0.5,"the reaffirmation of adjusted ebitda and sales guidance suggests stability and potential for growth, which may positively influence investor sentiment.",2,2019-02-21,VC,2019-02-21 11:57:00+00:00,88319.0,92839U20,0.087014228105545,993580.0,-0.0107694147154688,0.0066820927895605,-0.0109988301992416,0.0115521047264337,-0.0138447703793644,0.0083024268969893,-0.0127733098343014,0.0276327282190322,-0.001515296055004,0.0067948559299111,-0.0014009192818775,0.0401387140154838,0.0033902374561876,0.0205497331917285,-0.0059420028701424,-0.028299381956458,-0.0389123260974884,-0.0567543394863605,-0.0310975983738899,0.0319216847419738,-0.0153554892167449,0.00673842523247,-0.0062636518850922,-0.0098794484511017,-0.0063030342571437,0.013655912131071,-0.0130744613707065,0.0007809131639078,-0.0299055464565753,0.0207254588603973,0.0147377494722604,-0.0001328657817794,-0.0021319608204066,-0.0005310795968398,-0.0072105876170098,0.0193530973047018,-0.0289173033088445,0.0489778071641922,0.0027701465878635,-0.0384930334985256,-0.0541436187922954,-0.0402200929820537,0.0080314744263887,0.0666574090719223,0.0062291803769767,0.0037873003166168,-0.0132450070232152,0.0184285845607519,-0.0056900992058217,0.0463377945125103,-0.0117388563230633,0.0179549641907215,0.0614699237048625,0.0015239022905007,0.0034969926346093,-0.0491233058273792,0.042654100805521,0.048784177750349,0.0176470540463924,0.0507825650274753,-0.0091960662975907,0.028242977336049,0.0238663889467716,0.0532687976956367,-0.0097125098109245,-0.0521311536431312,0.0500850230455398,0.011944280937314,0.0012453109957277,-0.0109926490113139,0.0273631457239389,-0.0333068743348121,-0.008353448472917,-0.010825265198946,-0.0209986716508865,0.0607422441244125,0.0264371503144502,-0.0120026236400008,0.0015794542850926,-0.0003287386207375,-0.0204997863620519,0.0289193149656057,-0.0071826851926743,-0.0229676030576229,-0.0056130341254174,0.0113636413589119,-0.2354490756988525,-0.0043260953389108,0.0467596128582954,-0.0350032150745391,0.0264890063554048,-0.0288476310670375,0.0080928206443786,-0.0273017305880785,-0.0063616810366511,0.0279077161103487,-0.0033536772243678,-0.0510430112481117,-0.009941785596311,-0.0574536733329296,-0.0063340589404106,-0.0268693622201681,-0.029073366895318,-0.0599565878510475,0.0019215201027691,0.0619073398411274,-0.0177401416003704,0.0008134159143082,0.0042304284870624,-0.0245966743677854,-0.0907323732972145,0.00358333485201,0.0028510307893157,-0.0638588592410087,-0.0149253765121102,0.0134726734831929,-0.0557359345257282,-0.0042628380469977,-0.0185290817171335,0.0394891016185283,-0.0107694147154688,0.0066820927895605,-0.0216497939509098,0.0183113897516911,-0.0351948279042634,0.026765845623476,-0.0489618746303732,0.0623076991482112,-0.1179083239888713,0.0665465060701815,-0.1548795062698242,0.323219445819479,-0.4295547803945506,0.0798904846325787,2019-02-22,2019-02-25,2019-02-26,2019-02-27,2019-02-28,2019-03-01,2019-03-04,2019-03-05,2019-03-06,2019-03-07,88319.0,2019-02-21,252.0,8.7014%,-0.0012,1.2965,0.6869,0.3499,2.1788%,2.5632%,27.7451%,0.093116,VC,88319.0,2019-02-22,252.0,-1.0769%,-0.0012,1.2989,0.6842,0.376,2.1813%,2.5639%,27.6219%,-0.017931,VC,88319.0,2019-02-25,252.0,-1.0999%,-0.0014,1.3022,0.6921,0.3924,2.1749%,2.5592%,27.7743%,-0.0105919999999999,VC,88319.0,2019-02-26,252.0,-1.3845%,-0.0013,1.3171,0.6843,0.3996,2.1702%,2.5601%,28.1391%,-0.006137,VC,88319.0,2019-02-27,252.0,-1.2773%,-0.0014,1.3149,0.6842,0.3992,2.1717%,2.5593%,27.9961%,-0.014879,VC,88319.0,2019-02-28,252.0,-0.1515%,-0.0013,1.3072,0.6791,0.3925,2.1705%,2.5523%,27.6788%,0.003322,VC,88319.0,2019-03-01,252.0,-0.1401%,-0.0014,1.3145,0.69,0.4085,2.1692%,2.5522%,27.7628%,-0.011302,VC,88319.0,2019-03-04,252.0,0.3390%,-0.0014,1.3164,0.6726,0.4106,2.1702%,2.5523%,27.7039%,0.011303,VC,88319.0,2019-03-05,252.0,-0.5942%,-0.0013,1.3227,0.7219,0.4149,2.1627%,2.5511%,28.1338%,-0.000724,VC,88319.0,2019-03-06,252.0,-3.8912%,-0.0013,1.337,0.7523,0.4352,2.1639%,2.5622%,28.6765%,-0.018961,VC,88319.0,2019-03-07,252.0,-3.1098%,-0.0013,1.3486,0.7758,0.4572,2.1643%,2.5690%,29.0213%,-0.018262,VC,0.075185,0.064593,0.0584559999999999,0.0468989999999999,0.0089529999999999
6755,VISTEON CORP,"Visteon Q4 EPS $1.52 Beats $1.03 Estimate, Sales $731M Beat $716.79M Estimate",6,increase,0.85,0.7,"the earnings per share and sales figures both exceeded analyst estimates, which typically signals strong performance and can lead to a positive reaction in the stock price.",2,2019-02-21,VC,2019-02-21 11:56:00+00:00,88319.0,92839U20,0.087014228105545,993580.0,-0.0107694147154688,0.0066820927895605,-0.0109988301992416,0.0115521047264337,-0.0138447703793644,0.0083024268969893,-0.0127733098343014,0.0276327282190322,-0.001515296055004,0.0067948559299111,-0.0014009192818775,0.0401387140154838,0.0033902374561876,0.0205497331917285,-0.0059420028701424,-0.028299381956458,-0.0389123260974884,-0.0567543394863605,-0.0310975983738899,0.0319216847419738,-0.0153554892167449,0.00673842523247,-0.0062636518850922,-0.0098794484511017,-0.0063030342571437,0.013655912131071,-0.0130744613707065,0.0007809131639078,-0.0299055464565753,0.0207254588603973,0.0147377494722604,-0.0001328657817794,-0.0021319608204066,-0.0005310795968398,-0.0072105876170098,0.0193530973047018,-0.0289173033088445,0.0489778071641922,0.0027701465878635,-0.0384930334985256,-0.0541436187922954,-0.0402200929820537,0.0080314744263887,0.0666574090719223,0.0062291803769767,0.0037873003166168,-0.0132450070232152,0.0184285845607519,-0.0056900992058217,0.0463377945125103,-0.0117388563230633,0.0179549641907215,0.0614699237048625,0.0015239022905007,0.0034969926346093,-0.0491233058273792,0.042654100805521,0.048784177750349,0.0176470540463924,0.0507825650274753,-0.0091960662975907,0.028242977336049,0.0238663889467716,0.0532687976956367,-0.0097125098109245,-0.0521311536431312,0.0500850230455398,0.011944280937314,0.0012453109957277,-0.0109926490113139,0.0273631457239389,-0.0333068743348121,-0.008353448472917,-0.010825265198946,-0.0209986716508865,0.0607422441244125,0.0264371503144502,-0.0120026236400008,0.0015794542850926,-0.0003287386207375,-0.0204997863620519,0.0289193149656057,-0.0071826851926743,-0.0229676030576229,-0.0056130341254174,0.0113636413589119,-0.2354490756988525,-0.0043260953389108,0.0467596128582954,-0.0350032150745391,0.0264890063554048,-0.0288476310670375,0.0080928206443786,-0.0273017305880785,-0.0063616810366511,0.0279077161103487,-0.0033536772243678,-0.0510430112481117,-0.009941785596311,-0.0574536733329296,-0.0063340589404106,-0.0268693622201681,-0.029073366895318,-0.0599565878510475,0.0019215201027691,0.0619073398411274,-0.0177401416003704,0.0008134159143082,0.0042304284870624,-0.0245966743677854,-0.0907323732972145,0.00358333485201,0.0028510307893157,-0.0638588592410087,-0.0149253765121102,0.0134726734831929,-0.0557359345257282,-0.0042628380469977,-0.0185290817171335,0.0394891016185283,-0.0107694147154688,0.0066820927895605,-0.0216497939509098,0.0183113897516911,-0.0351948279042634,0.026765845623476,-0.0489618746303732,0.0623076991482112,-0.1179083239888713,0.0665465060701815,-0.1548795062698242,0.323219445819479,-0.4295547803945506,0.0798904846325787,2019-02-22,2019-02-25,2019-02-26,2019-02-27,2019-02-28,2019-03-01,2019-03-04,2019-03-05,2019-03-06,2019-03-07,88319.0,2019-02-21,252.0,8.7014%,-0.0012,1.2965,0.6869,0.3499,2.1788%,2.5632%,27.7451%,0.093116,VC,88319.0,2019-02-22,252.0,-1.0769%,-0.0012,1.2989,0.6842,0.376,2.1813%,2.5639%,27.6219%,-0.017931,VC,88319.0,2019-02-25,252.0,-1.0999%,-0.0014,1.3022,0.6921,0.3924,2.1749%,2.5592%,27.7743%,-0.0105919999999999,VC,88319.0,2019-02-26,252.0,-1.3845%,-0.0013,1.3171,0.6843,0.3996,2.1702%,2.5601%,28.1391%,-0.006137,VC,88319.0,2019-02-27,252.0,-1.2773%,-0.0014,1.3149,0.6842,0.3992,2.1717%,2.5593%,27.9961%,-0.014879,VC,88319.0,2019-02-28,252.0,-0.1515%,-0.0013,1.3072,0.6791,0.3925,2.1705%,2.5523%,27.6788%,0.003322,VC,88319.0,2019-03-01,252.0,-0.1401%,-0.0014,1.3145,0.69,0.4085,2.1692%,2.5522%,27.7628%,-0.011302,VC,88319.0,2019-03-04,252.0,0.3390%,-0.0014,1.3164,0.6726,0.4106,2.1702%,2.5523%,27.7039%,0.011303,VC,88319.0,2019-03-05,252.0,-0.5942%,-0.0013,1.3227,0.7219,0.4149,2.1627%,2.5511%,28.1338%,-0.000724,VC,88319.0,2019-03-06,252.0,-3.8912%,-0.0013,1.337,0.7523,0.4352,2.1639%,2.5622%,28.6765%,-0.018961,VC,88319.0,2019-03-07,252.0,-3.1098%,-0.0013,1.3486,0.7758,0.4572,2.1643%,2.5690%,29.0213%,-0.018262,VC,0.075185,0.064593,0.0584559999999999,0.0468989999999999,0.0089529999999999
6763,VIPSHOP HOLDINGS LTD,Vipshop shares are trading lower after the company reported mixed Q4 results and said it expects Q1 revenue of $2.89 billion to $3.04 billion versus the $3.20 billion analyst estimate.,6,decrease,0.8,0.7,"the mixed q4 results and lower-than-expected q1 revenue guidance are likely to lead to a decrease in investor confidence, resulting in a drop in stock price.",0,2019-02-21,VIPS,2019-02-21 13:41:00+00:00,13315.0,92763W10,-0.1381668597459793,41825335.0,0.0539682023227214,0.0517985820770263,0.0256024207919836,-0.0071428841911256,0.0543318502604961,-0.0099010141566395,0.0125348400324583,-0.0125697869807481,-0.0123796630650758,-0.0271739512681961,-0.0208913125097751,-0.0080862455070018,0.0512090548872947,0.0040595685131847,0.074424922466278,-0.009383400902152,-0.0289672557264566,-0.0349288471043109,-0.0168612338602542,-0.0190355442464351,-0.0461741313338279,0.0382081642746925,0.0843706950545311,-0.0065444651991128,0.0114795500412583,-0.0065019754692912,-0.0063051343895494,0.0212483182549476,-0.0329949520528316,0.0329218432307243,0.0236220881342887,-0.0081632575020194,-0.0076923612505197,-0.0354330688714981,-0.018087837845087,0.0598052591085434,-0.0315789170563221,0.0155367422848939,0.004076050594449,0.095975212752819,-0.0595399290323257,-0.0596797466278076,0.024460444226861,0.047256089746952,0.0182584431022405,0.0666666403412818,0.052413810044527,0.0406091809272766,0.0222804807126522,0.0119862491264939,0.029487119987607,-0.0250416733324527,0.0435866005718708,0.0101180346682667,-0.0405728109180927,-0.03733766451478,0.0261194072663784,0.018181761726737,0.0048484802246093,0.0236887224018573,0.0434257723391056,0.0423280000686645,-0.0138728199526667,0.073863610625267,-0.0304805729538202,-0.0311925876885652,-0.0266022067517042,-0.0018315437482669,0.0211180206388235,-0.024999976158142,0.0194647014141082,0.0163338780403137,-0.0560859516263008,-0.0265017002820968,-0.003792633768171,0.0740037709474563,-0.0076142060570418,0.0134615721181035,0.0140664521604776,0.0,-0.0214375294744968,0.005802656058222,0.0360824391245842,-0.0171102937310934,0.0074627390131354,0.0154440933838486,-0.0135803213343024,-0.0244821310043335,0.0,-0.056838396936655,0.0162703525274992,0.0,0.0603448003530502,0.0602636858820915,0.0150987366214394,0.0018867455655708,0.0423340834677219,0.019230842590332,0.0054884953424334,-0.0095238462090492,-0.0316593833267688,-0.0523465648293495,-0.013528736308217,-0.0124777490273118,-0.0160000398755073,-0.0277296099811792,-0.0034842896275222,0.0471868850290775,-0.0093240002170205,-0.0143112558871507,-0.094117671251297,0.0053957211785018,0.0610389970242977,0.0353817604482173,0.0195838250219821,0.0151228588074445,0.0144057488068938,-0.0468468852341175,-0.0272188819944858,0.0146253025159239,0.0539682023227214,0.0517985820770263,0.0809523397399583,0.0442857066128601,0.1396824804014427,0.0339462190481099,0.1396824802546585,-0.0067935030298775,0.2031745560336901,-0.0723350453375732,0.3158729703871656,0.2368866566261525,0.3047619025718759,0.3363802942682385,2019-02-22,2019-02-25,2019-02-26,2019-02-27,2019-02-28,2019-03-01,2019-03-04,2019-03-05,2019-03-06,2019-03-07,13315.0,2019-02-21,252.0,-13.8167%,-0.0041,1.4058,0.4518,-0.5581,3.3498%,3.7553%,20.4326%,-0.13439,VIPS,13315.0,2019-02-22,252.0,5.3968%,-0.004,1.4008,0.449,-0.6216,3.3578%,3.7726%,20.7849%,0.0340419999999999,VIPS,13315.0,2019-02-25,252.0,2.5602%,-0.0039,1.4005,0.4352,-0.6298,3.3622%,3.7770%,20.7599%,0.02345,VIPS,13315.0,2019-02-26,252.0,5.4332%,-0.0037,1.3785,0.3716,-0.6785,3.3825%,3.7876%,20.2485%,0.05718,VIPS,13315.0,2019-02-27,252.0,1.2535%,-0.0035,1.3997,0.3379,-0.6749,3.3704%,3.7830%,20.6231%,0.009674,VIPS,13315.0,2019-02-28,252.0,-1.2380%,-0.0034,1.3852,0.3278,-0.6839,3.3656%,3.7713%,20.3586%,-0.009896,VIPS,13315.0,2019-03-01,252.0,-2.0891%,-0.0036,1.3917,0.3374,-0.6594,3.3686%,3.7729%,20.2819%,-0.034641,VIPS,13315.0,2019-03-04,252.0,5.1209%,-0.0034,1.3994,0.2526,-0.6479,3.3873%,3.7862%,19.9618%,0.062277,VIPS,13315.0,2019-03-05,252.0,7.4425%,-0.0032,1.3823,0.1715,-0.6894,3.4220%,3.8118%,19.4029%,0.075942,VIPS,13315.0,2019-03-06,252.0,-2.8967%,-0.0031,1.4071,0.1787,-0.6604,3.4147%,3.8120%,19.7614%,-0.015009,VIPS,13315.0,2019-03-07,252.0,-1.6861%,-0.0029,1.4215,0.2411,-0.6235,3.3997%,3.8023%,20.0560%,-0.007467,VIPS,-0.100348,-0.076898,-0.019718,-0.01994,0.0611619999999999
6771,VALERO ENERGY CORP NEW,Valero Shares Volatile Here As Hearing Standpoint Research Issued Mid-Day Downgrade,6,decrease,0.75,0.6,"a downgrade from standpoint research typically signals negative sentiment, which can lead to a decrease in stock price.",0,2019-02-21,VLO,2019-02-21 14:41:00+00:00,85269.0,91913Y10,-0.0111201796680688,3207947.0,0.0099431378766894,0.007548052817583,-0.0039849546737968,0.0046208458952605,-0.0067074568942189,0.0094486409798264,-0.01563804410398,0.0017972864443436,-0.0184137541800737,0.0137252183631062,0.0163070354610681,-0.0013198287924751,-0.0043431129306554,-0.0095079988241195,-0.0167211592197418,0.0027409810572862,0.002464534016326,-0.0233937911689281,-0.0093423742800951,-0.0004653433570638,-0.0104230847209692,0.0137987751513719,0.0467712022364139,-0.0055125639773905,0.0044321408495306,-0.0291505083441734,0.004412674345076,0.0545148998498916,0.0085490522906184,0.0263741612434387,0.0016482149949297,0.0013575294287875,0.0196285620331764,-0.0141136832535266,-0.0036887573078274,0.0410387031733989,0.0001157252845587,-0.0104036331176757,-0.0006941831088624,-0.0271918457001447,-0.0202593207359314,-0.0070225722156465,0.0100437924265861,0.0260901786386966,0.0177818965166807,0.0188607331365346,-0.0112644061446189,0.0029199360869824,-0.0138339325785636,-0.0022799279540777,0.0,0.0061169327236711,0.0188612341880798,0.0135624269023537,-0.0229087509214878,0.0016819414449855,-0.0022497905883938,-0.000904856424313,0.0010680790292099,0.0035024553071707,0.0277415998280048,0.0010387507500126,-0.0056523876264691,0.0378706902265548,-0.0126449698582291,-0.0179989505559206,0.0390083380043506,0.0078697651624679,0.0068981181830167,0.0202775970101356,-0.0070754406042397,-0.0154092712327837,-0.0085963364690542,0.0180057249963283,0.0076440176926553,0.0633883774280548,0.0124546932056546,-0.0376884005963802,-0.015432758256793,0.0145871518179774,0.0353248603641986,-0.0052127745002508,-0.0095447367057204,-0.0011257276637479,-0.0282454080879688,-0.0209424663335084,0.0353356711566448,-0.0098226629197597,-0.0082571832463145,-0.0021780021488666,-0.0053286338225007,-0.0024443278089165,0.0118304155766964,0.0050498535856604,-0.0098169753327965,-0.0014990544877946,-0.0169321224093437,-0.0343466326594352,0.0021530021913349,-0.0361491441726684,-0.0231795907020568,-0.0084266858175396,-0.0234980769455432,-0.0220172312110662,-0.0232337489724159,0.0175219215452671,-0.0080097531899809,0.0054108505137264,0.0243455544114112,0.0006296027568168,-0.0277081038802862,0.0257006045430898,0.0300945248454809,-0.0171363092958927,0.004942184779793,0.022718422114849,0.0251888986676931,-0.0273989681154489,-0.0205920450389385,0.0075053595937788,0.0099431378766894,0.007548052817583,0.0059185602491387,0.0122037771017229,-0.0008285951328271,0.0217677271899814,-0.0345644617607652,0.0376533267658305,-0.0460464842371317,0.0046985719009946,-0.0015388867523944,0.1202995495772891,0.0016350881485875,0.0986374148754092,2019-02-22,2019-02-25,2019-02-26,2019-02-27,2019-02-28,2019-03-01,2019-03-04,2019-03-05,2019-03-06,2019-03-07,85269.0,2019-02-21,252.0,-1.1120%,-0.0003,1.0315,0.5082,0.1151,1.5380%,1.8943%,34.0834%,-0.006765,VLO,85269.0,2019-02-22,252.0,0.9943%,-0.0002,1.0307,0.5194,0.1165,1.5372%,1.8947%,34.1695%,0.002036,VLO,85269.0,2019-02-25,252.0,-0.3985%,-0.0003,1.0324,0.5229,0.1243,1.5350%,1.8929%,34.2437%,-0.004071,VLO,85269.0,2019-02-26,252.0,-0.6707%,-0.0002,1.0381,0.519,0.1266,1.5339%,1.8932%,34.3528%,-0.001399,VLO,85269.0,2019-02-27,252.0,-1.5638%,-0.0003,1.0375,0.515,0.1264,1.5378%,1.8948%,34.1375%,-0.017506,VLO,85269.0,2019-02-28,252.0,-1.8414%,-0.0004,1.045,0.5197,0.1354,1.5396%,1.8980%,34.1982%,-0.015085,VLO,85269.0,2019-03-01,252.0,1.6307%,-0.0003,1.0401,0.5124,0.1241,1.5390%,1.8942%,33.9892%,0.007728,VLO,85269.0,2019-03-04,252.0,-0.4343%,-0.0004,1.0454,0.4922,0.1233,1.5371%,1.8941%,34.1424%,0.002541,VLO,85269.0,2019-03-05,252.0,-1.6721%,-0.0004,1.0469,0.495,0.1291,1.5391%,1.8946%,34.0004%,-0.013212,VLO,85269.0,2019-03-06,252.0,0.2465%,-0.0003,1.0482,0.4511,0.1245,1.5397%,1.8942%,33.9248%,0.017354,VLO,85269.0,2019-03-07,252.0,-0.9342%,-0.0003,1.0493,0.4571,0.1278,1.5394%,1.8950%,34.0118%,-0.000111,VLO,-0.004729,-0.0088,-0.010199,-0.04279,-0.02849
6779,VALMONT INDUSTRIES INC,"Valmont Industries Sees FY19 EPS $8.10-$8.90 vs $8.56 Est., Sales Growth 7%-8%",6,increase,0.75,0.6,"the forecasted eps range is slightly below the estimate, but the anticipated sales growth of 7%-8% suggests positive momentum, likely leading to an increase in stock price.",2,2019-02-21,VMI,2019-02-21 14:31:00+00:00,80128.0,92025310,-0.0193039271980524,277887.0,0.0042441226541996,0.0117622194811701,-0.0080152004957199,0.0096766510978341,-0.0105038397014141,0.0049358932301402,0.0144755169749259,-0.0030112995300441,-0.0005122736911289,0.0132469963282346,0.0060034217312932,0.0291030686348676,-0.0080780191347002,-0.0029017918277531,0.0024211432319134,0.0083160223439335,-0.0052697150968015,-0.0080959107726812,-0.0033109921496361,0.0032181302085518,-0.0056843659840524,0.0112350611016154,0.0103199891746044,-0.0027046294417232,-0.0109494812786579,0.0031783229205757,-0.0005200391169637,0.0092317340895533,-0.0063931057229638,0.0138811767101287,-0.0024689647834748,0.0044617764651775,0.0210755076259374,-0.0057038832455873,-0.0117526529356837,0.0151186566799879,-0.014345122501254,0.0134474458172917,0.0036196042783558,-0.0035731885582208,-0.0302050430327653,-0.0108442325145006,-0.0018594985594972,0.0225051157176494,0.0080726016312837,0.0127266570925712,-0.0036190131213516,0.0194183066487312,0.0045981551520526,-0.0069052604958415,0.0037032170221209,0.0051633706316351,0.0235971715301275,0.0053612221963703,-0.0135916313156485,0.024409407749772,0.0040347045287489,0.0027097689453512,0.0031086788512766,0.0117626413702964,0.0045350780710577,0.0112691363319754,-0.0075244549661874,0.0251214616000652,-0.0331311263144016,-0.013209075666964,0.0075276931747794,-0.0037854725960642,0.0023347169626504,0.0199485030025243,0.0142091922461986,-0.0075723184272646,0.0037513819988816,0.0053473408333957,0.0032796328887343,0.0497025549411773,-0.0012162718921899,-0.0230596084147691,0.0018266877159476,-0.02334526181221,0.0066100168041884,-0.0085322214290499,-0.0092838024720549,-0.0199271012097597,0.0120371924713254,0.0029443418607115,0.0016561369411647,-0.0162380281835794,-0.0050353086553514,-0.0164882261306047,0.0188081078231334,-0.0157193131744861,-0.0002966232423204,0.0111693702638149,-0.0175022296607494,-0.0020577714312821,-0.0088315084576606,-0.008079644292593,0.0115756932646036,-0.0272193327546119,-0.0111420294269919,-0.0338901579380035,-0.0331176705658435,-0.03761538118124,-0.0075590480118989,-0.0041366117075085,-0.0068232356570661,0.0177763830870389,-0.0058316295035183,-0.0052738320082426,-0.0367215722799301,0.0286398399621248,0.0184350945055484,-0.0112793836742639,-0.0044229119084775,0.010199193842709,0.0028794608078897,-0.0009552837582305,-0.0100902654230594,0.0184855405241251,0.0042441226541996,0.0117622194811701,-0.0038050953355222,0.0215526894730597,-0.0142689669254834,0.0265949644772613,-0.0005122743143114,0.0370619277033288,-0.0087808941048573,0.0677343657166895,-0.0291032279299694,0.2324224518512583,-0.1144511834591092,0.1336691883968928,2019-02-22,2019-02-25,2019-02-26,2019-02-27,2019-02-28,2019-03-01,2019-03-04,2019-03-05,2019-03-06,2019-03-07,80128.0,2019-02-21,252.0,-1.9304%,-0.0005,1.075,0.7732,0.5953,1.1790%,1.6131%,46.5819%,-0.013544,VMI,80128.0,2019-02-22,252.0,0.4244%,-0.0004,1.0744,0.7817,0.5957,1.1785%,1.6133%,46.6392%,0.001655,VMI,80128.0,2019-02-25,252.0,-0.8015%,-0.0004,1.0712,0.7815,0.5836,1.1657%,1.6028%,47.1050%,-0.006622,VMI,80128.0,2019-02-26,252.0,-1.0504%,-0.0003,1.0891,0.7664,0.5893,1.1509%,1.6007%,48.3029%,-0.001962,VMI,80128.0,2019-02-27,252.0,1.4476%,-0.0002,1.0904,0.7679,0.5896,1.1537%,1.6030%,48.2021%,0.012646,VMI,80128.0,2019-02-28,252.0,-0.0512%,-0.0002,1.0932,0.7699,0.5906,1.1533%,1.6022%,48.1909%,0.004088,VMI,80128.0,2019-03-01,252.0,0.6003%,-0.0002,1.0964,0.7747,0.5964,1.1527%,1.6011%,48.1701%,-0.001828,VMI,80128.0,2019-03-04,252.0,-0.8078%,-0.0002,1.092,0.7906,0.5972,1.1511%,1.5990%,48.1823%,-0.001694,VMI,80128.0,2019-03-05,252.0,0.2421%,-0.0001,1.093,0.8037,0.5949,1.1503%,1.5989%,48.2423%,0.008072,VMI,80128.0,2019-03-06,252.0,-0.5270%,-0.0,1.0953,0.7684,0.5927,1.1496%,1.5990%,48.3089%,0.013711,VMI,80128.0,2019-03-07,252.0,-0.3311%,0.0,1.0929,0.7726,0.5907,1.1502%,1.5988%,48.2455%,0.008075,VMI,-0.011889,-0.018511,-0.0204729999999999,-0.0037389999999999,0.022597
6787,VALMONT INDUSTRIES INC,"Valmont Industries Late Wednesday Reported Q4 EPS $1.87 Misses $1.90 Estimate, Sales $697.363M Miss $714M Estimate",6,decrease,0.8,0.6,"the reported earnings per share and sales figures both missed analyst estimates, which typically leads to a negative reaction in stock prices.",0,2019-02-21,VMI,2019-02-21 14:27:00+00:00,80128.0,92025310,-0.0193039271980524,277887.0,0.0042441226541996,0.0117622194811701,-0.0080152004957199,0.0096766510978341,-0.0105038397014141,0.0049358932301402,0.0144755169749259,-0.0030112995300441,-0.0005122736911289,0.0132469963282346,0.0060034217312932,0.0291030686348676,-0.0080780191347002,-0.0029017918277531,0.0024211432319134,0.0083160223439335,-0.0052697150968015,-0.0080959107726812,-0.0033109921496361,0.0032181302085518,-0.0056843659840524,0.0112350611016154,0.0103199891746044,-0.0027046294417232,-0.0109494812786579,0.0031783229205757,-0.0005200391169637,0.0092317340895533,-0.0063931057229638,0.0138811767101287,-0.0024689647834748,0.0044617764651775,0.0210755076259374,-0.0057038832455873,-0.0117526529356837,0.0151186566799879,-0.014345122501254,0.0134474458172917,0.0036196042783558,-0.0035731885582208,-0.0302050430327653,-0.0108442325145006,-0.0018594985594972,0.0225051157176494,0.0080726016312837,0.0127266570925712,-0.0036190131213516,0.0194183066487312,0.0045981551520526,-0.0069052604958415,0.0037032170221209,0.0051633706316351,0.0235971715301275,0.0053612221963703,-0.0135916313156485,0.024409407749772,0.0040347045287489,0.0027097689453512,0.0031086788512766,0.0117626413702964,0.0045350780710577,0.0112691363319754,-0.0075244549661874,0.0251214616000652,-0.0331311263144016,-0.013209075666964,0.0075276931747794,-0.0037854725960642,0.0023347169626504,0.0199485030025243,0.0142091922461986,-0.0075723184272646,0.0037513819988816,0.0053473408333957,0.0032796328887343,0.0497025549411773,-0.0012162718921899,-0.0230596084147691,0.0018266877159476,-0.02334526181221,0.0066100168041884,-0.0085322214290499,-0.0092838024720549,-0.0199271012097597,0.0120371924713254,0.0029443418607115,0.0016561369411647,-0.0162380281835794,-0.0050353086553514,-0.0164882261306047,0.0188081078231334,-0.0157193131744861,-0.0002966232423204,0.0111693702638149,-0.0175022296607494,-0.0020577714312821,-0.0088315084576606,-0.008079644292593,0.0115756932646036,-0.0272193327546119,-0.0111420294269919,-0.0338901579380035,-0.0331176705658435,-0.03761538118124,-0.0075590480118989,-0.0041366117075085,-0.0068232356570661,0.0177763830870389,-0.0058316295035183,-0.0052738320082426,-0.0367215722799301,0.0286398399621248,0.0184350945055484,-0.0112793836742639,-0.0044229119084775,0.010199193842709,0.0028794608078897,-0.0009552837582305,-0.0100902654230594,0.0184855405241251,0.0042441226541996,0.0117622194811701,-0.0038050953355222,0.0215526894730597,-0.0142689669254834,0.0265949644772613,-0.0005122743143114,0.0370619277033288,-0.0087808941048573,0.0677343657166895,-0.0291032279299694,0.2324224518512583,-0.1144511834591092,0.1336691883968928,2019-02-22,2019-02-25,2019-02-26,2019-02-27,2019-02-28,2019-03-01,2019-03-04,2019-03-05,2019-03-06,2019-03-07,80128.0,2019-02-21,252.0,-1.9304%,-0.0005,1.075,0.7732,0.5953,1.1790%,1.6131%,46.5819%,-0.013544,VMI,80128.0,2019-02-22,252.0,0.4244%,-0.0004,1.0744,0.7817,0.5957,1.1785%,1.6133%,46.6392%,0.001655,VMI,80128.0,2019-02-25,252.0,-0.8015%,-0.0004,1.0712,0.7815,0.5836,1.1657%,1.6028%,47.1050%,-0.006622,VMI,80128.0,2019-02-26,252.0,-1.0504%,-0.0003,1.0891,0.7664,0.5893,1.1509%,1.6007%,48.3029%,-0.001962,VMI,80128.0,2019-02-27,252.0,1.4476%,-0.0002,1.0904,0.7679,0.5896,1.1537%,1.6030%,48.2021%,0.012646,VMI,80128.0,2019-02-28,252.0,-0.0512%,-0.0002,1.0932,0.7699,0.5906,1.1533%,1.6022%,48.1909%,0.004088,VMI,80128.0,2019-03-01,252.0,0.6003%,-0.0002,1.0964,0.7747,0.5964,1.1527%,1.6011%,48.1701%,-0.001828,VMI,80128.0,2019-03-04,252.0,-0.8078%,-0.0002,1.092,0.7906,0.5972,1.1511%,1.5990%,48.1823%,-0.001694,VMI,80128.0,2019-03-05,252.0,0.2421%,-0.0001,1.093,0.8037,0.5949,1.1503%,1.5989%,48.2423%,0.008072,VMI,80128.0,2019-03-06,252.0,-0.5270%,-0.0,1.0953,0.7684,0.5927,1.1496%,1.5990%,48.3089%,0.013711,VMI,80128.0,2019-03-07,252.0,-0.3311%,0.0,1.0929,0.7726,0.5907,1.1502%,1.5988%,48.2455%,0.008075,VMI,-0.011889,-0.018511,-0.0204729999999999,-0.0037389999999999,0.022597
6795,VODAFONE GROUP PLC NEW,"UPDATE: Telecom Italia, Vodafone Italia Partnership Will Be Related To Active Network Sharing For 5G",6,increase,0.7,0.6,"the partnership with telecom italia for active network sharing in 5g is likely to enhance vodafone's operational efficiency and competitive position, which could positively impact its stock price.",2,2019-02-21,VOD,2019-02-21 17:22:00+00:00,75418.0,92857W30,-0.0124256908893585,3877604.0,0.0092997848987579,0.0037960787303745,-0.0135501353070139,0.0098576284945011,-0.0115385157987475,0.0178372170776128,-0.008893821388483,0.0005577372503466,0.0011217306600883,-0.0022258770186454,-0.0140056023374199,-0.0082782292738556,-0.0301136747002601,0.004434585571289,0.0257762465626001,-0.0005539236590266,0.0074242809787392,-0.0184883177280426,0.0028345321770757,0.007671199273318,0.0079140411689877,0.0110803749412298,0.0201907232403755,-0.0087863728404045,-0.0016492955619469,-0.0016447744565084,0.0143171930685639,0.0150250680744648,0.00922910310328,0.0118242725729942,0.0242066029459238,-0.0055991252884268,0.0026260102167725,-0.0061212414875626,0.0073336507193744,-0.0317888036370277,0.0020801308564841,-0.0486930161714553,-0.008303053677082,0.0172054171562194,-0.0088958693668246,-0.0062175616621971,-0.0184794291853904,0.0057320846244692,0.0155997313559055,0.0041862856596708,-0.0153601178899407,0.0036764543037861,-0.024744538590312,-0.0124481208622455,0.0027579232119023,-0.0213197991251945,0.0231023132801055,0.0061287456192076,-0.0021505868062376,0.0035878878552466,0.0172413624823093,-0.0106490412726998,-0.0005295721348375,-0.0227948948740959,-0.0275569912046194,0.0074887475930154,0.0,0.0198574997484684,-0.0032697257120162,-0.0040567913092672,-0.0021870373748242,0.0228215046226978,-0.0093150725588202,-0.0117888022214174,0.0143805434927344,0.0108808809891343,0.0147219439968466,-0.0132924458011984,-0.0010747156338766,0.0203442554920911,0.0064550261013209,-0.0093023413792252,-0.0104222185909748,-0.0324999801814556,-0.0056710531935095,0.0101010492071509,-0.0054318513721227,-0.0020161750726401,-0.0185690969228744,-0.0084957554936409,-0.0005564957973547,-0.0054672267287969,0.0228286068886518,0.0014933143975213,0.0081654656678438,-0.0171233061701059,0.0,0.0164097417145967,-0.0043196501210331,-0.0014895123895257,-0.0021692470181733,-0.0166015699505806,0.0032608406618237,-0.0130120702087879,-0.0070422082208096,0.001447909628041,-0.0038188595790416,-0.0253998544067144,-0.0054764719679951,-0.0107026314362883,-0.0027532619424164,0.0084467530250549,0.0121479462832212,-0.0175196435302496,-0.0851063504815101,0.021186476573348,-0.0256410427391529,0.0157819185405969,-0.0171359051018953,0.0603448562324047,-0.0118306092917919,0.0102458428591489,-0.0081915641203522,0.0284711550921201,0.0092997848987579,0.0037960787303745,-0.0043763637519603,0.0136911275587356,-0.0158643828084148,0.031772556250651,-0.0235229923158363,0.0300501345190182,-0.0322757198244905,0.0142465872138626,0.0322757138518849,-0.0827552074704224,-0.1389497171248733,-0.0247438110804248,2019-02-22,2019-02-25,2019-02-26,2019-02-27,2019-02-28,2019-03-01,2019-03-04,2019-03-05,2019-03-06,2019-03-07,75418.0,2019-02-21,252.0,-1.2426%,-0.0013,0.6355,0.0634,0.5648,1.3952%,1.5248%,16.2777%,-0.008831,VOD,75418.0,2019-02-22,252.0,0.9300%,-0.0012,0.6328,0.0826,0.5502,1.3960%,1.5242%,16.1094%,0.013024,VOD,75418.0,2019-02-25,252.0,-1.3550%,-0.0013,0.6337,0.0895,0.5571,1.3974%,1.5258%,16.1250%,-0.013394,VOD,75418.0,2019-02-26,252.0,-1.1539%,-0.0014,0.6267,0.1058,0.5602,1.3953%,1.5205%,15.7913%,-0.008213,VOD,75418.0,2019-02-27,252.0,-0.8894%,-0.0014,0.6261,0.1047,0.5601,1.3961%,1.5205%,15.6920%,-0.009087,VOD,75418.0,2019-02-28,252.0,0.1122%,-0.0014,0.6197,0.1005,0.5541,1.3952%,1.5166%,15.3692%,0.0043419999999999,VOD,75418.0,2019-03-01,252.0,-1.4006%,-0.0014,0.617,0.0965,0.5569,1.3985%,1.5178%,15.1075%,-0.016632,VOD,75418.0,2019-03-04,252.0,-3.0114%,-0.0015,0.6173,0.1199,0.5512,1.4085%,1.5265%,14.8643%,-0.028782,VOD,75418.0,2019-03-05,252.0,2.5776%,-0.0014,0.6116,0.0948,0.5361,1.4208%,1.5356%,14.3899%,0.02843,VOD,75418.0,2019-03-06,252.0,0.7424%,-0.0014,0.6028,0.0666,0.5223,1.4234%,1.5346%,13.9574%,0.0134519999999999,VOD,75418.0,2019-03-07,252.0,0.2835%,-0.0014,0.5965,0.0572,0.5114,1.4247%,1.5339%,13.7262%,0.009458,VOD,0.004193,-0.0092009999999999,-0.017414,-0.0221589999999999,-0.0162329999999999
6803,VODAFONE GROUP PLC NEW,"Vodafone Italia, Telecom Italia Issues Press Release Highlighting Intent To Enter New Network Sharing Partnership",6,increase,0.7,0.6,"the announcement of a new network sharing partnership could enhance operational efficiency and reduce costs for vodafone, potentially leading to a positive market reaction.",2,2019-02-21,VOD,2019-02-21 17:21:00+00:00,75418.0,92857W30,-0.0124256908893585,3877604.0,0.0092997848987579,0.0037960787303745,-0.0135501353070139,0.0098576284945011,-0.0115385157987475,0.0178372170776128,-0.008893821388483,0.0005577372503466,0.0011217306600883,-0.0022258770186454,-0.0140056023374199,-0.0082782292738556,-0.0301136747002601,0.004434585571289,0.0257762465626001,-0.0005539236590266,0.0074242809787392,-0.0184883177280426,0.0028345321770757,0.007671199273318,0.0079140411689877,0.0110803749412298,0.0201907232403755,-0.0087863728404045,-0.0016492955619469,-0.0016447744565084,0.0143171930685639,0.0150250680744648,0.00922910310328,0.0118242725729942,0.0242066029459238,-0.0055991252884268,0.0026260102167725,-0.0061212414875626,0.0073336507193744,-0.0317888036370277,0.0020801308564841,-0.0486930161714553,-0.008303053677082,0.0172054171562194,-0.0088958693668246,-0.0062175616621971,-0.0184794291853904,0.0057320846244692,0.0155997313559055,0.0041862856596708,-0.0153601178899407,0.0036764543037861,-0.024744538590312,-0.0124481208622455,0.0027579232119023,-0.0213197991251945,0.0231023132801055,0.0061287456192076,-0.0021505868062376,0.0035878878552466,0.0172413624823093,-0.0106490412726998,-0.0005295721348375,-0.0227948948740959,-0.0275569912046194,0.0074887475930154,0.0,0.0198574997484684,-0.0032697257120162,-0.0040567913092672,-0.0021870373748242,0.0228215046226978,-0.0093150725588202,-0.0117888022214174,0.0143805434927344,0.0108808809891343,0.0147219439968466,-0.0132924458011984,-0.0010747156338766,0.0203442554920911,0.0064550261013209,-0.0093023413792252,-0.0104222185909748,-0.0324999801814556,-0.0056710531935095,0.0101010492071509,-0.0054318513721227,-0.0020161750726401,-0.0185690969228744,-0.0084957554936409,-0.0005564957973547,-0.0054672267287969,0.0228286068886518,0.0014933143975213,0.0081654656678438,-0.0171233061701059,0.0,0.0164097417145967,-0.0043196501210331,-0.0014895123895257,-0.0021692470181733,-0.0166015699505806,0.0032608406618237,-0.0130120702087879,-0.0070422082208096,0.001447909628041,-0.0038188595790416,-0.0253998544067144,-0.0054764719679951,-0.0107026314362883,-0.0027532619424164,0.0084467530250549,0.0121479462832212,-0.0175196435302496,-0.0851063504815101,0.021186476573348,-0.0256410427391529,0.0157819185405969,-0.0171359051018953,0.0603448562324047,-0.0118306092917919,0.0102458428591489,-0.0081915641203522,0.0284711550921201,0.0092997848987579,0.0037960787303745,-0.0043763637519603,0.0136911275587356,-0.0158643828084148,0.031772556250651,-0.0235229923158363,0.0300501345190182,-0.0322757198244905,0.0142465872138626,0.0322757138518849,-0.0827552074704224,-0.1389497171248733,-0.0247438110804248,2019-02-22,2019-02-25,2019-02-26,2019-02-27,2019-02-28,2019-03-01,2019-03-04,2019-03-05,2019-03-06,2019-03-07,75418.0,2019-02-21,252.0,-1.2426%,-0.0013,0.6355,0.0634,0.5648,1.3952%,1.5248%,16.2777%,-0.008831,VOD,75418.0,2019-02-22,252.0,0.9300%,-0.0012,0.6328,0.0826,0.5502,1.3960%,1.5242%,16.1094%,0.013024,VOD,75418.0,2019-02-25,252.0,-1.3550%,-0.0013,0.6337,0.0895,0.5571,1.3974%,1.5258%,16.1250%,-0.013394,VOD,75418.0,2019-02-26,252.0,-1.1539%,-0.0014,0.6267,0.1058,0.5602,1.3953%,1.5205%,15.7913%,-0.008213,VOD,75418.0,2019-02-27,252.0,-0.8894%,-0.0014,0.6261,0.1047,0.5601,1.3961%,1.5205%,15.6920%,-0.009087,VOD,75418.0,2019-02-28,252.0,0.1122%,-0.0014,0.6197,0.1005,0.5541,1.3952%,1.5166%,15.3692%,0.0043419999999999,VOD,75418.0,2019-03-01,252.0,-1.4006%,-0.0014,0.617,0.0965,0.5569,1.3985%,1.5178%,15.1075%,-0.016632,VOD,75418.0,2019-03-04,252.0,-3.0114%,-0.0015,0.6173,0.1199,0.5512,1.4085%,1.5265%,14.8643%,-0.028782,VOD,75418.0,2019-03-05,252.0,2.5776%,-0.0014,0.6116,0.0948,0.5361,1.4208%,1.5356%,14.3899%,0.02843,VOD,75418.0,2019-03-06,252.0,0.7424%,-0.0014,0.6028,0.0666,0.5223,1.4234%,1.5346%,13.9574%,0.0134519999999999,VOD,75418.0,2019-03-07,252.0,0.2835%,-0.0014,0.5965,0.0572,0.5114,1.4247%,1.5339%,13.7262%,0.009458,VOD,0.004193,-0.0092009999999999,-0.017414,-0.0221589999999999,-0.0162329999999999
6811,VERIZON COMMUNICATIONS INC,Verizon Plans To Launch Its 5G Ultra Wideband Network In More Than 30 U.S. Cities In 2019,6,increase,0.8,0.7,"the launch of verizon's 5g ultra wideband network in more than 30 cities is likely to enhance its competitive position and attract more customers, which could positively impact its stock price.",2,2019-02-21,VZ,2019-02-21 17:41:00+00:00,65875.0,92343V10,0.0069943186827003,14680547.0,0.013713208027184,0.0057720001786947,-0.0024595817085355,0.0050761201418936,-0.0024656462483108,0.020914327353239,0.0014124617446213,-0.0082599259912967,0.0035260391887277,0.0011025611311197,0.0007027568062767,0.0068454938009381,-0.0126404045149684,0.0018535398412495,-0.0028449473902583,0.0070935422554612,-0.0071326945908367,-0.004090002272278,0.0111350379884243,-0.0064646927639842,0.0040852492675185,0.0018504528561607,0.0185742620378732,-0.0093491906300187,-0.0026050976011902,-0.0092626614496111,0.0040048672817647,0.019629655405879,0.0050294990651309,0.0135135371237993,0.0075927283614873,-0.032504104077816,-0.0054803853854537,-0.0235815923660993,-0.0098157348111271,-0.0117399366572499,0.0029564897995442,-0.011945960111916,0.0107508720830082,0.0135110830888152,0.0252186898142099,-0.0017515935469418,0.0053548114374279,0.0045750187709927,0.0091544473543763,-0.0043798177503049,0.0041233710944652,-0.0175558812916278,-0.0295663475990295,0.0012062673922628,0.0008462971309199,0.0001723254245007,-0.0006764910067431,0.007291701156646,-0.0094770919531583,0.0096406526863574,0.0058089895173907,-0.0124614899978041,0.0020384364761412,0.029266569763422,0.001695176702924,0.0063875196501612,0.0006769489846192,0.0024902061559259,-0.0021562576293945,0.0035701671149581,0.0035958746448159,-0.0035574664361774,-0.0008530837367288,0.0171883609145879,0.0030737756751477,0.0021758645307272,-0.0005107693723402,0.0130419349297881,0.0013626611325889,0.0262016858905553,-0.0171798281371593,-0.0340495072305202,0.004499863833189,-0.002723833778873,0.0056856996379792,-0.0141425151377916,-0.0209011044353246,0.0037735684309154,-0.0012248415732756,-0.0053619164973497,-0.0215487610548734,-0.0197967942804098,0.0130707854405045,-0.0001751326199155,0.004595233593136,-0.002794757252559,0.0061576087027788,-0.0271877404302358,-0.0117153031751513,0.009953630156815,0.0083156619220972,0.0102288518100976,0.0043867342174053,-0.0068870782852172,-0.0057652308605611,-0.0001721177686704,-0.0049200276844203,-0.0012035710969939,-0.0044146212749183,-0.0354892127215862,0.0017736514564603,0.0142977032810449,0.0076133199036121,-0.0101565197110176,-0.0028114540036767,-0.0097279492765665,-0.0035242424346506,0.0250127334147691,0.0045977388508617,0.0090381782501935,0.0100334389135241,-0.008789730258286,0.0123736327514052,-0.005045395810157,0.013713208027184,0.0057720001786947,0.0112198975630195,0.0108774196869543,0.0087265870163759,0.0320192409562849,0.0137132080651689,0.0246233040311181,0.0026713745853716,0.0299224040868546,0.0505788062416461,-0.0065431344536549,0.0452235122889186,-0.0523229802909176,2019-02-22,2019-02-25,2019-02-26,2019-02-27,2019-02-28,2019-03-01,2019-03-04,2019-03-05,2019-03-06,2019-03-07,65875.0,2019-02-21,252.0,0.6994%,0.0009,0.4073,-0.5371,0.3129,1.1306%,1.2382%,16.6263%,0.008842,VZ,65875.0,2019-02-22,252.0,1.3713%,0.001,0.4039,-0.5123,0.2954,1.1317%,1.2341%,15.9012%,0.01852,VZ,65875.0,2019-02-25,252.0,-0.2460%,0.001,0.4038,-0.51,0.296,1.1321%,1.2342%,15.8515%,-0.003966,VZ,65875.0,2019-02-26,252.0,-0.2466%,0.001,0.4048,-0.5038,0.3,1.1326%,1.2333%,15.6707%,-0.004207,VZ,65875.0,2019-02-27,252.0,0.1412%,0.0009,0.401,-0.4966,0.2993,1.1313%,1.2293%,15.3169%,0.002265,VZ,65875.0,2019-02-28,252.0,0.3526%,0.001,0.3901,-0.504,0.2904,1.1256%,1.2214%,15.0743%,0.0055169999999999,VZ,65875.0,2019-03-01,252.0,0.0703%,0.001,0.3874,-0.508,0.2865,1.1253%,1.2206%,15.0050%,0.000427,VZ,65875.0,2019-03-04,252.0,-1.2640%,0.0009,0.3955,-0.5213,0.2813,1.1260%,1.2234%,15.2857%,-0.013865,VZ,65875.0,2019-03-05,252.0,-0.2845%,0.0009,0.3939,-0.5364,0.2817,1.1245%,1.2231%,15.4782%,-0.003204,VZ,65875.0,2019-03-06,252.0,-0.7133%,0.0008,0.3979,-0.5117,0.2896,1.1267%,1.2229%,15.1138%,-0.010785,VZ,65875.0,2019-03-07,252.0,1.1135%,0.0008,0.3903,-0.5213,0.2768,1.1298%,1.2245%,14.8682%,0.014905,VZ,0.027362,0.023396,0.019189,0.026971,0.014449
6819,VERIZON COMMUNICATIONS INC,"From Verizon Investor Meeting: CEO Says Effective Q2, Co. Operating Model With Be Aligned To Meet Evolving Customer Needs",6,increase,0.7,0.6,"the announcement of an operating model aligned to meet evolving customer needs suggests a proactive approach to business strategy, which could positively influence investor sentiment and stock performance.",2,2019-02-21,VZ,2019-02-21 14:42:00+00:00,65875.0,92343V10,0.0069943186827003,14680547.0,0.013713208027184,0.0057720001786947,-0.0024595817085355,0.0050761201418936,-0.0024656462483108,0.020914327353239,0.0014124617446213,-0.0082599259912967,0.0035260391887277,0.0011025611311197,0.0007027568062767,0.0068454938009381,-0.0126404045149684,0.0018535398412495,-0.0028449473902583,0.0070935422554612,-0.0071326945908367,-0.004090002272278,0.0111350379884243,-0.0064646927639842,0.0040852492675185,0.0018504528561607,0.0185742620378732,-0.0093491906300187,-0.0026050976011902,-0.0092626614496111,0.0040048672817647,0.019629655405879,0.0050294990651309,0.0135135371237993,0.0075927283614873,-0.032504104077816,-0.0054803853854537,-0.0235815923660993,-0.0098157348111271,-0.0117399366572499,0.0029564897995442,-0.011945960111916,0.0107508720830082,0.0135110830888152,0.0252186898142099,-0.0017515935469418,0.0053548114374279,0.0045750187709927,0.0091544473543763,-0.0043798177503049,0.0041233710944652,-0.0175558812916278,-0.0295663475990295,0.0012062673922628,0.0008462971309199,0.0001723254245007,-0.0006764910067431,0.007291701156646,-0.0094770919531583,0.0096406526863574,0.0058089895173907,-0.0124614899978041,0.0020384364761412,0.029266569763422,0.001695176702924,0.0063875196501612,0.0006769489846192,0.0024902061559259,-0.0021562576293945,0.0035701671149581,0.0035958746448159,-0.0035574664361774,-0.0008530837367288,0.0171883609145879,0.0030737756751477,0.0021758645307272,-0.0005107693723402,0.0130419349297881,0.0013626611325889,0.0262016858905553,-0.0171798281371593,-0.0340495072305202,0.004499863833189,-0.002723833778873,0.0056856996379792,-0.0141425151377916,-0.0209011044353246,0.0037735684309154,-0.0012248415732756,-0.0053619164973497,-0.0215487610548734,-0.0197967942804098,0.0130707854405045,-0.0001751326199155,0.004595233593136,-0.002794757252559,0.0061576087027788,-0.0271877404302358,-0.0117153031751513,0.009953630156815,0.0083156619220972,0.0102288518100976,0.0043867342174053,-0.0068870782852172,-0.0057652308605611,-0.0001721177686704,-0.0049200276844203,-0.0012035710969939,-0.0044146212749183,-0.0354892127215862,0.0017736514564603,0.0142977032810449,0.0076133199036121,-0.0101565197110176,-0.0028114540036767,-0.0097279492765665,-0.0035242424346506,0.0250127334147691,0.0045977388508617,0.0090381782501935,0.0100334389135241,-0.008789730258286,0.0123736327514052,-0.005045395810157,0.013713208027184,0.0057720001786947,0.0112198975630195,0.0108774196869543,0.0087265870163759,0.0320192409562849,0.0137132080651689,0.0246233040311181,0.0026713745853716,0.0299224040868546,0.0505788062416461,-0.0065431344536549,0.0452235122889186,-0.0523229802909176,2019-02-22,2019-02-25,2019-02-26,2019-02-27,2019-02-28,2019-03-01,2019-03-04,2019-03-05,2019-03-06,2019-03-07,65875.0,2019-02-21,252.0,0.6994%,0.0009,0.4073,-0.5371,0.3129,1.1306%,1.2382%,16.6263%,0.008842,VZ,65875.0,2019-02-22,252.0,1.3713%,0.001,0.4039,-0.5123,0.2954,1.1317%,1.2341%,15.9012%,0.01852,VZ,65875.0,2019-02-25,252.0,-0.2460%,0.001,0.4038,-0.51,0.296,1.1321%,1.2342%,15.8515%,-0.003966,VZ,65875.0,2019-02-26,252.0,-0.2466%,0.001,0.4048,-0.5038,0.3,1.1326%,1.2333%,15.6707%,-0.004207,VZ,65875.0,2019-02-27,252.0,0.1412%,0.0009,0.401,-0.4966,0.2993,1.1313%,1.2293%,15.3169%,0.002265,VZ,65875.0,2019-02-28,252.0,0.3526%,0.001,0.3901,-0.504,0.2904,1.1256%,1.2214%,15.0743%,0.0055169999999999,VZ,65875.0,2019-03-01,252.0,0.0703%,0.001,0.3874,-0.508,0.2865,1.1253%,1.2206%,15.0050%,0.000427,VZ,65875.0,2019-03-04,252.0,-1.2640%,0.0009,0.3955,-0.5213,0.2813,1.1260%,1.2234%,15.2857%,-0.013865,VZ,65875.0,2019-03-05,252.0,-0.2845%,0.0009,0.3939,-0.5364,0.2817,1.1245%,1.2231%,15.4782%,-0.003204,VZ,65875.0,2019-03-06,252.0,-0.7133%,0.0008,0.3979,-0.5117,0.2896,1.1267%,1.2229%,15.1138%,-0.010785,VZ,65875.0,2019-03-07,252.0,1.1135%,0.0008,0.3903,-0.5213,0.2768,1.1298%,1.2245%,14.8682%,0.014905,VZ,0.027362,0.023396,0.019189,0.026971,0.014449
6827,WAYFAIR INC,Preview: Wayfair Earnings,6,uncertain,0.5,0.5,"the impact on wayfair's stock price is unclear without specific details on earnings performance, market conditions, and investor sentiment.",1,2019-02-21,W,2019-02-21 20:21:00+00:00,14983.0,94419L10,-0.0060174516402184,2550673.0,0.2785640954971313,-0.0178140308707952,0.0688896402716636,-0.0162149164825677,0.0201522074639797,0.0169053860008716,0.0020794544834643,0.0025883375201374,0.0111686699092388,-0.0095104333013296,0.025048341602087,0.0123911229893565,-0.0196667034178972,-0.0081381481140851,-0.00156171398703,0.0326729901134967,-0.0075798262841999,-0.0254074465483427,-0.0103048849850893,0.0226495862007141,0.0112084383144974,0.0298389177769422,0.0307086128741502,0.0329121090471744,0.0082271210849285,0.0048419404774904,-0.0166113302111625,0.0154930716380477,-0.0201516952365636,0.0342544578015804,0.0041736457496881,-0.0023930314928293,0.0195169299840927,0.0223113689571619,-0.0054947868920862,0.0233326833695173,0.0167537536472082,0.0404250584542751,0.0013439039466902,-0.0129575747996568,-0.0751006305217742,-0.0479733869433403,0.0192429218441247,0.0582263059914112,-0.018879622220993,0.0084630399942398,-0.0516087859869003,0.0196015369147062,-0.0035259048454463,0.002242142567411,-0.0089458338916301,-0.0284232143312692,0.0037049718666821,-0.028519619256258,0.0026174455415457,0.0092555293813347,0.0445143170654773,0.0161223392933607,-0.0064726644195616,0.0126635171473026,-0.0163194146007299,0.0609594248235225,-0.0169180445373058,0.0647906810045242,-0.0286152176558971,-0.0651044473052024,0.0089953821152448,0.0043294779025018,0.0039472016505897,-0.0072734854184091,-0.0019658929668366,-0.015514813363552,0.0054336958564817,0.0262777041643858,0.0101330811157822,0.1164842694997787,-0.0252791997045278,-0.0206963345408439,-0.0037049280945211,-0.0350094363093376,0.0182493887841701,-0.058511234819889,0.0218449588865041,-0.0304557252675294,0.0063538732938468,-0.0021401492413133,0.0111805126070976,-0.0952657908201217,0.0048130438663065,-0.0063491682521998,0.0456339418888092,-0.0363400913774967,0.0037761584389954,0.0,0.0085106687620282,-0.0038784574717283,-0.0707514956593513,0.0335974469780921,-0.0206633266061544,-0.0562961660325527,0.0201585795730352,0.0256836544722318,-0.0387301035225391,-0.0360673516988754,0.0200766939669847,0.0573446713387966,-0.0065828962251544,0.0076857153326272,-0.0177158378064632,0.0047668986953794,-0.0515592023730278,0.1450873464345932,0.0291769802570343,0.0010928794508799,0.0170662775635719,0.0345996990799903,0.0280127115547657,0.0031760295387357,0.0144340982660651,0.0426966361701488,0.2785640954971313,-0.0178140308707952,0.3666439161001937,-0.0337400943305752,0.3941848078268306,-0.0174050976480677,0.412687521168011,-0.0242309014400434,0.3921385071120651,0.0084615161256471,0.3218792533753118,0.2348507949249436,0.2824010426180299,0.3955055374909251,2019-02-22,2019-02-25,2019-02-26,2019-02-27,2019-02-28,2019-03-01,2019-03-04,2019-03-05,2019-03-06,2019-03-07,14983.0,2019-02-21,252.0,-0.6017%,0.0005,1.5647,0.545,-1.4123,2.9569%,3.6971%,36.0336%,-0.003186,W,14983.0,2019-02-22,252.0,27.8564%,0.0013,1.5293,0.6013,-1.7848,3.3247%,4.0880%,33.8585%,0.244536,W,14983.0,2019-02-25,252.0,6.8890%,0.0025,1.5013,0.5424,-1.9193,2.9948%,3.8431%,39.2728%,0.064846,W,14983.0,2019-02-26,252.0,2.0152%,0.0026,1.5031,0.5168,-1.9309,2.9962%,3.8435%,39.2296%,0.019592,W,14983.0,2019-02-27,252.0,0.2079%,0.0026,1.5126,0.4985,-1.9294,2.9933%,3.8432%,39.3395%,-0.002672,W,14983.0,2019-02-28,252.0,1.1169%,0.0025,1.5295,0.5104,-1.919,2.9857%,3.8426%,39.6268%,0.010834,W,14983.0,2019-03-01,252.0,2.5048%,0.0025,1.5456,0.5345,-1.895,2.9813%,3.8443%,39.8584%,0.00479,W,14983.0,2019-03-04,252.0,-1.9667%,0.0023,1.5623,0.4833,-1.9003,2.9734%,3.8450%,40.1977%,-0.002191,W,14983.0,2019-03-05,252.0,-0.1562%,0.0023,1.5664,0.5123,-1.8957,2.9720%,3.8447%,40.2429%,-0.002058,W,14983.0,2019-03-06,252.0,-0.7580%,0.0024,1.5631,0.4902,-1.9025,2.9727%,3.8450%,40.2270%,0.012702,W,14983.0,2019-03-07,252.0,-1.0305%,0.0023,1.5623,0.4745,-1.9081,2.9715%,3.8439%,40.2399%,-0.003513,W,0.24135,0.306196,0.325788,0.33395,0.34368
6835,WABTEC CORP,S&P Dow Jones Announces Changes To Indices 'Wabtec Set to Join S&P 500 and The Goodyear Tire & Rubber to Join S&P MidCap 400',6,increase,0.8,0.7,"being added to the s&p 500 typically boosts a company's visibility and demand for its shares, which is likely to lead to an increase in wabtec corp's stock price.",2,2019-02-21,WAB,2019-02-21 22:18:00+00:00,81677.0,92974010,-0.0199786890298128,1271553.0,-0.0029899594374001,0.0068392399698495,0.0640675723552703,-0.0046716295182704,-0.0525236800312995,0.039833378046751,0.0181179549545049,-0.0179909989237785,-0.0270916447043418,0.0398243367671966,-0.0114660654217004,-0.0446791648864746,0.0168461930006742,0.0062670172192156,-0.008011900819838,0.001637592096813,-0.0553045943379402,0.0097674550488591,0.0104332882910966,0.0001376188301946,0.005592992529273,0.0204998459666967,0.0141186229884624,0.0169927533715963,0.0095626534894108,0.0125794541090726,0.0094720758497715,0.0111111421138048,-0.0028977380134165,-0.0072568939067423,-0.0157763548195362,0.0237741209566593,0.013779466971755,-0.018091594800353,0.0033286805264651,-0.0350555814802646,0.0019354026298969,0.0111031858250498,0.019177695736289,-0.0236274767667055,-0.0517124608159065,-0.0489095114171505,-0.0004283569869585,0.0191297065466642,0.0308483820408582,0.0316887646913528,-0.0026323420461267,0.0111016472801566,0.0133351730182766,-0.0190239492803812,0.0105552338063716,-0.0129268877208232,0.0128865558654069,0.0051976097747683,0.0012053564423695,0.0112032853066921,0.0029427662957459,0.0183099023997783,0.0146705582737922,0.0060932449996471,0.0021029971539974,-0.009543864056468,-0.010755505412817,0.0254749078303575,-0.0194908678531646,-0.0194749813526868,0.0055443365126848,0.0086832828819751,0.0079343244433403,0.0253977198153734,0.0244163032621145,-0.0235176943242549,-0.0147173386067152,0.002715484239161,0.0174487736076116,0.0556729398667812,0.0011692391708493,-0.0264395270496606,0.0112899402156472,-0.0209950972348451,-0.0183498058468103,-0.0212526675313711,0.0031372269149869,-0.000281365471892,-0.0020849106367677,-0.0130537757650017,-0.0668582245707511,-0.0171965956687927,0.0247691608965396,-0.0268296487629413,0.0080567570403218,-0.0492486618459224,0.0033866160083562,-0.0146820982918143,0.0140407849103212,-0.024754287675023,-0.0017307582311332,-0.0260016191750764,0.001867156359367,-0.0421148091554641,-0.0115815056487917,-0.0073050293140113,-0.017912482842803,-0.0420927554368972,-0.0090509606525301,-0.0180761013180017,-0.0083033656701445,0.0209367014467716,0.0209672916680574,0.0094781862571835,-0.0349124185740947,0.0409389957785606,-0.0134770460426807,-0.0012459011049941,-0.0165372658520937,0.0301015265285968,-0.0008772855508141,-0.0040669124573469,-0.0355627126991748,0.0135436793789267,-0.0029899594374001,0.0068392399698495,0.0608860534752753,0.0021356600562534,0.0051644138528716,0.0420541086574044,-0.0043489998707596,0.0640590175519788,-0.0523239733016795,0.034713110215981,0.0339766302792157,0.065650410038428,-0.1028738807909273,-0.1143216846378217,2019-02-22,2019-02-25,2019-02-26,2019-02-27,2019-02-28,2019-03-01,2019-03-04,2019-03-05,2019-03-06,2019-03-07,81677.0,2019-02-21,252.0,-1.9979%,-0.0002,1.0263,0.4101,0.6012,1.6894%,1.9660%,26.1655%,-0.014791,WAB,81677.0,2019-02-22,252.0,-0.2990%,-0.0003,1.0279,0.38,0.5925,1.6838%,1.9612%,26.2878%,-0.003178,WAB,81677.0,2019-02-25,252.0,6.4068%,-0.0,1.0286,0.3489,0.579,1.7315%,2.0021%,25.2040%,0.06448,WAB,81677.0,2019-02-26,252.0,-5.2524%,-0.0002,1.0384,0.4045,0.6145,1.7562%,2.0275%,24.9720%,-0.046834,WAB,81677.0,2019-02-27,252.0,1.8118%,-0.0001,1.0405,0.4059,0.6149,1.7594%,2.0305%,24.9204%,0.017052,WAB,81677.0,2019-02-28,252.0,-2.7092%,-0.0002,1.041,0.4055,0.6205,1.7644%,2.0333%,24.6985%,-0.02251,WAB,81677.0,2019-03-01,252.0,-1.1466%,-0.0003,1.0412,0.4059,0.6291,1.7674%,2.0338%,24.4845%,-0.017745,WAB,81677.0,2019-03-04,252.0,1.6846%,-0.0002,1.0343,0.4095,0.6353,1.7716%,2.0336%,24.1044%,0.021341,WAB,81677.0,2019-03-05,252.0,-0.8012%,-0.0002,1.0331,0.3982,0.6357,1.7711%,2.0315%,23.9945%,-0.0035499999999999,WAB,81677.0,2019-03-06,252.0,-5.5305%,-0.0004,1.043,0.4904,0.6593,1.7878%,2.0550%,24.3148%,-0.041953,WAB,81677.0,2019-03-07,252.0,1.0433%,-0.0003,1.034,0.4894,0.6471,1.7928%,2.0560%,23.9643%,0.021415,WAB,-0.017969,0.046511,-0.0003229999999999,-0.0057809999999999,-0.0262729999999999
6843,WALKER & DUNLOP INC,"JMP Securities Maintains Market Outperform on Walker & Dunlop, Raises Price Target to $65",6,increase,0.8,0.6,the maintenance of a 'market outperform' rating and an increase in the price target typically signals positive sentiment and potential for stock price appreciation.,2,2019-02-21,WD,2019-02-21 13:04:00+00:00,12477.0,93148P10,0.0169672612100839,284891.0,0.0112399579957127,0.0220884066075086,-0.0055575324222445,0.0053220242261886,-0.0182584431022405,0.0388942025601863,-0.0067953732796013,0.0007632306078448,0.0046812803484499,0.0011461580870673,-0.0116487042978406,0.0090593174099922,-0.0077969226986169,0.0214609205722808,0.003106691641733,-0.0082014873623847,-0.0262342616915702,-0.0127241155132651,-0.0037418289575725,0.0686031728982925,-0.006384979467839,-0.0008234029519371,-0.0088830320164561,0.0053808391094207,-0.0114416191354394,0.005200748797506,-0.0067515135742723,0.0016669725300744,0.0219459552317857,0.0,-0.001900389092043,-0.0018718832870945,0.0129474541172385,-0.0033167463261634,-0.0043232995085418,0.0018691619625315,-0.0381348021328449,-0.0106841307133436,0.0094209918752312,-0.015574443154037,-0.0219716317951679,0.01644735224545,0.0019881171174347,-0.0049100178293883,0.0077380826696753,0.020672408863902,-0.007284952327609,0.0023022312670946,0.0091234212741255,0.0118593294173479,0.0005895986105315,-0.0046373819932341,0.0080534247681498,0.0186815317720174,-0.0105222314596176,0.0143759492784738,0.0084679070860147,0.0063568814657628,0.0009763569105416,0.0265526622533798,0.0019508835393935,0.0033867172896862,0.0019470107508823,0.0338468886911869,-0.0180722959339618,-0.0113086001947522,0.0108846835792064,0.0018497533164918,0.0054815732873976,0.003713154932484,0.0136292977258563,0.0323430374264717,0.0082597061991691,0.0377921536564827,0.0171460788697004,0.0482148118317127,0.000936490658205,-0.0069875894114375,-0.0056137582287192,-0.0175439212471246,0.0073390929028391,-0.041900061070919,0.021670090034604,-0.0228516813367605,-0.025050263851881,0.0311732105910778,0.0020630271174013,-0.0341393686830997,0.0175930857658386,-0.0376454815268516,0.0110355401411652,0.0064294510520994,-0.0003638431371655,0.0283353198319673,0.0436760261654853,0.0163187030702829,-0.0331298634409904,-0.0225194208323955,0.0091974446550011,-0.042237639427185,-0.0119728054851293,0.0061029978096485,-0.0099475355818867,-0.0686315447092056,-0.010230204090476,0.0057167150080204,0.0073828264139592,0.0137368403375148,0.0067790201865136,-0.0145938796922564,-0.0212921202182769,0.0544156692922115,0.00576425017789,-0.0057649295777082,-0.0007395251304842,0.0026678286958485,-0.000184968492249,0.0146627044305205,-0.01153708063066,0.015113434754312,0.0112399579957127,0.0220884066075086,0.0056199591424823,0.0275279858687804,-0.0127410956639981,0.0674928674874211,-0.0148596584746674,0.0695320601250431,-0.0598794990907343,0.1534816797691514,-0.0950126707964773,0.2599010672548272,-0.0569393004216264,0.2821159560005406,2019-02-22,2019-02-25,2019-02-26,2019-02-27,2019-02-28,2019-03-01,2019-03-04,2019-03-05,2019-03-06,2019-03-07,12477.0,2019-02-21,252.0,1.6967%,0.0006,0.913,1.3678,0.5598,1.8314%,2.1389%,26.6859%,0.022552,WD,12477.0,2019-02-22,252.0,1.1240%,0.0007,0.912,1.3743,0.5541,1.8315%,2.1397%,26.7334%,0.005912,WD,12477.0,2019-02-25,252.0,-0.5558%,0.0007,0.9089,1.3728,0.5419,1.8240%,2.1328%,26.8606%,-0.002455,WD,12477.0,2019-02-26,252.0,-1.8258%,0.0007,0.9128,1.3788,0.5479,1.8243%,2.1361%,27.0567%,-0.00633,WD,12477.0,2019-02-27,252.0,-0.6795%,0.0007,0.915,1.3719,0.5483,1.8252%,2.1365%,27.0211%,-0.009679,WD,12477.0,2019-02-28,252.0,0.4681%,0.0007,0.9198,1.3754,0.5499,1.8243%,2.1366%,27.0984%,0.008514,WD,12477.0,2019-03-01,252.0,-1.1649%,0.0006,0.919,1.3742,0.5583,1.8286%,2.1368%,26.7621%,-0.020151,WD,12477.0,2019-03-04,252.0,-0.7797%,0.0006,0.9181,1.3777,0.5585,1.8286%,2.1375%,26.8133%,0.000211,WD,12477.0,2019-03-05,252.0,0.3107%,0.0006,0.9163,1.3705,0.5537,1.8296%,2.1337%,26.4723%,0.010188,WD,12477.0,2019-03-06,252.0,-2.6234%,0.0006,0.9173,1.3751,0.5554,1.8296%,2.1401%,26.9108%,-0.00158,WD,12477.0,2019-03-07,252.0,-0.3742%,0.0007,0.9169,1.3847,0.5576,1.8290%,2.1401%,26.9603%,0.0064849999999999,WD,0.028464,0.026009,0.019679,0.018514,0.013667
6851,WENDYS CO,From Wendy's Q4 Earnings Conference Call: Sees FY19 Adj. EPS Growth 3.5-7%,6,uncertain,0.6,0.3,"while the projected eps growth of 3.5-7% is positive, the market's reaction can vary based on broader economic conditions and investor expectations.",1,2019-02-21,WEN,2019-02-21 14:04:00+00:00,19828.0,95058W10,0.0056593311019241,6447493.0,-0.0028137953486293,-0.0122973350808024,-0.0389389768242836,-0.0061111450195312,0.0052848001942038,0.0055866134352982,0.0151868173852562,0.0112993698567152,0.0028769141063094,-0.0005645579658448,-0.0028851262759417,0.0033994033001363,0.0,-0.005073289386928,0.0023147573228925,0.001693997066468,-0.0363740846514701,0.0045377155765891,-0.0143798543140292,0.0039863153360784,0.0322187691926956,0.0057273991405963,-0.0212013367563486,0.01041657384485,-0.0096270609647035,-0.0023094115313142,0.013973357155919,-0.0011534289224073,0.0065906951203942,0.0134424036368727,-0.0101190526038408,-0.017795605584979,0.0054119154810905,0.0181180275976657,-0.0101674692705273,-0.0149683486670255,-0.0145014971494674,0.0181712415069341,0.0214592516422271,0.0209455657750368,-0.0114045944064855,0.0170419216156005,0.0279296301305294,0.0079755261540412,0.0029532921034842,-0.0079124206677079,0.0188456829637289,0.0018293102039024,0.0219653807580471,-0.0018259698990732,0.0118777761235833,-0.0054479511454701,-0.0039127836935222,0.0036452841013669,0.0072952341288328,0.0042708786204457,0.0016712411306798,0.0049049616791307,0.0122358854860067,0.0092821549624204,0.0027472106739878,0.0157133881002664,-0.0120547572150826,0.0224935356527566,-0.0022185754496604,-0.0051150843501091,0.0,0.001921889022924,0.0222345534712076,-0.0012796197552233,0.0027189312968403,0.0103425886482,0.0070498459972441,-0.0038634557276964,0.0032309889793396,0.0353333167731761,0.0085883932188153,-0.0439770296216011,0.0058541083708405,-0.0094697326421737,-0.0111110629513859,-0.0323763377964496,-0.0042803594842553,-0.0084796724840998,-0.0064481911249458,0.0067073544487357,0.0140616679564118,-0.0185517352074384,0.0005333455628715,-0.0222352873533964,-0.0026653062086552,0.003523162798956,-0.0053446539677679,0.0029447083361446,0.0005373578169383,-0.0104895280674099,-0.0107411788776516,0.0029222229495644,0.0005429005832411,-0.0261809378862381,0.0086814891546964,0.0068767294287681,-0.0064551285468041,-0.0262276399880647,0.0395236313343048,-0.0005577372503466,-0.0203125663101673,-0.0024916478432714,0.0021265770774334,0.010067131370306,-0.0116711519658565,0.0193841643631458,-0.0069779478944838,-0.013498299755156,0.0086486404761672,0.0016901795752346,0.0032154053915292,0.0028248154558241,0.0005342002841643,-0.0033783481922,-0.0028137953486293,-0.0122973350808024,-0.0416432058610444,-0.0183333293023011,-0.0365784816892622,-0.0128491370907969,-0.0191334010567661,-0.0022585554522546,-0.068940773755359,0.0062642714248795,0.0301080746208284,0.0934406094109969,0.0601056571534945,-0.0003509378724374,2019-02-22,2019-02-25,2019-02-26,2019-02-27,2019-02-28,2019-03-01,2019-03-04,2019-03-05,2019-03-06,2019-03-07,19828.0,2019-02-21,252.0,0.5659%,0.0004,0.6227,0.2411,0.1149,1.2290%,1.3896%,21.7696%,0.008356,WEN,19828.0,2019-02-22,252.0,-0.2814%,0.0004,0.6241,0.2294,0.121,1.2289%,1.3890%,21.7299%,-0.006598,WEN,19828.0,2019-02-25,252.0,-3.8939%,0.0001,0.629,0.2537,0.1521,1.2270%,1.3879%,21.8465%,-0.039161,WEN,19828.0,2019-02-26,252.0,0.5285%,0.0001,0.6325,0.2389,0.1471,1.2268%,1.3883%,21.9057%,0.008317,WEN,19828.0,2019-02-27,252.0,1.5187%,0.0003,0.6424,0.2255,0.1488,1.2225%,1.3879%,22.4135%,0.01424,WEN,19828.0,2019-02-28,252.0,0.2877%,0.0003,0.6347,0.2204,0.1421,1.2204%,1.3817%,21.9960%,0.005095,WEN,19828.0,2019-03-01,252.0,-0.2885%,0.0003,0.6287,0.2115,0.1366,1.2206%,1.3784%,21.5952%,-0.007616,WEN,19828.0,2019-03-04,252.0,0.0000%,0.0003,0.6316,0.1992,0.1365,1.2199%,1.3784%,21.6737%,0.003493,WEN,19828.0,2019-03-05,252.0,0.2315%,0.0003,0.6301,0.1904,0.134,1.2200%,1.3771%,21.5239%,0.004243,WEN,19828.0,2019-03-06,252.0,-3.6374%,0.0002,0.6413,0.251,0.1549,1.2333%,1.3957%,21.9223%,-0.028826,WEN,19828.0,2019-03-07,252.0,-1.4380%,0.0001,0.6415,0.2343,0.1503,1.2304%,1.3930%,21.9835%,-0.008524,WEN,0.001758,-0.037403,-0.029086,-0.009751,-0.046981
6859,WENDYS CO,Wendy's Reports $225M Buyback,6,increase,0.8,0.6,a $225 million buyback typically signals confidence in the company's financial health and can lead to an increase in stock price due to reduced share supply and improved earnings per share.,2,2019-02-21,WEN,2019-02-21 12:06:00+00:00,19828.0,95058W10,0.0056593311019241,6447493.0,-0.0028137953486293,-0.0122973350808024,-0.0389389768242836,-0.0061111450195312,0.0052848001942038,0.0055866134352982,0.0151868173852562,0.0112993698567152,0.0028769141063094,-0.0005645579658448,-0.0028851262759417,0.0033994033001363,0.0,-0.005073289386928,0.0023147573228925,0.001693997066468,-0.0363740846514701,0.0045377155765891,-0.0143798543140292,0.0039863153360784,0.0322187691926956,0.0057273991405963,-0.0212013367563486,0.01041657384485,-0.0096270609647035,-0.0023094115313142,0.013973357155919,-0.0011534289224073,0.0065906951203942,0.0134424036368727,-0.0101190526038408,-0.017795605584979,0.0054119154810905,0.0181180275976657,-0.0101674692705273,-0.0149683486670255,-0.0145014971494674,0.0181712415069341,0.0214592516422271,0.0209455657750368,-0.0114045944064855,0.0170419216156005,0.0279296301305294,0.0079755261540412,0.0029532921034842,-0.0079124206677079,0.0188456829637289,0.0018293102039024,0.0219653807580471,-0.0018259698990732,0.0118777761235833,-0.0054479511454701,-0.0039127836935222,0.0036452841013669,0.0072952341288328,0.0042708786204457,0.0016712411306798,0.0049049616791307,0.0122358854860067,0.0092821549624204,0.0027472106739878,0.0157133881002664,-0.0120547572150826,0.0224935356527566,-0.0022185754496604,-0.0051150843501091,0.0,0.001921889022924,0.0222345534712076,-0.0012796197552233,0.0027189312968403,0.0103425886482,0.0070498459972441,-0.0038634557276964,0.0032309889793396,0.0353333167731761,0.0085883932188153,-0.0439770296216011,0.0058541083708405,-0.0094697326421737,-0.0111110629513859,-0.0323763377964496,-0.0042803594842553,-0.0084796724840998,-0.0064481911249458,0.0067073544487357,0.0140616679564118,-0.0185517352074384,0.0005333455628715,-0.0222352873533964,-0.0026653062086552,0.003523162798956,-0.0053446539677679,0.0029447083361446,0.0005373578169383,-0.0104895280674099,-0.0107411788776516,0.0029222229495644,0.0005429005832411,-0.0261809378862381,0.0086814891546964,0.0068767294287681,-0.0064551285468041,-0.0262276399880647,0.0395236313343048,-0.0005577372503466,-0.0203125663101673,-0.0024916478432714,0.0021265770774334,0.010067131370306,-0.0116711519658565,0.0193841643631458,-0.0069779478944838,-0.013498299755156,0.0086486404761672,0.0016901795752346,0.0032154053915292,0.0028248154558241,0.0005342002841643,-0.0033783481922,-0.0028137953486293,-0.0122973350808024,-0.0416432058610444,-0.0183333293023011,-0.0365784816892622,-0.0128491370907969,-0.0191334010567661,-0.0022585554522546,-0.068940773755359,0.0062642714248795,0.0301080746208284,0.0934406094109969,0.0601056571534945,-0.0003509378724374,2019-02-22,2019-02-25,2019-02-26,2019-02-27,2019-02-28,2019-03-01,2019-03-04,2019-03-05,2019-03-06,2019-03-07,19828.0,2019-02-21,252.0,0.5659%,0.0004,0.6227,0.2411,0.1149,1.2290%,1.3896%,21.7696%,0.008356,WEN,19828.0,2019-02-22,252.0,-0.2814%,0.0004,0.6241,0.2294,0.121,1.2289%,1.3890%,21.7299%,-0.006598,WEN,19828.0,2019-02-25,252.0,-3.8939%,0.0001,0.629,0.2537,0.1521,1.2270%,1.3879%,21.8465%,-0.039161,WEN,19828.0,2019-02-26,252.0,0.5285%,0.0001,0.6325,0.2389,0.1471,1.2268%,1.3883%,21.9057%,0.008317,WEN,19828.0,2019-02-27,252.0,1.5187%,0.0003,0.6424,0.2255,0.1488,1.2225%,1.3879%,22.4135%,0.01424,WEN,19828.0,2019-02-28,252.0,0.2877%,0.0003,0.6347,0.2204,0.1421,1.2204%,1.3817%,21.9960%,0.005095,WEN,19828.0,2019-03-01,252.0,-0.2885%,0.0003,0.6287,0.2115,0.1366,1.2206%,1.3784%,21.5952%,-0.007616,WEN,19828.0,2019-03-04,252.0,0.0000%,0.0003,0.6316,0.1992,0.1365,1.2199%,1.3784%,21.6737%,0.003493,WEN,19828.0,2019-03-05,252.0,0.2315%,0.0003,0.6301,0.1904,0.134,1.2200%,1.3771%,21.5239%,0.004243,WEN,19828.0,2019-03-06,252.0,-3.6374%,0.0002,0.6413,0.251,0.1549,1.2333%,1.3957%,21.9223%,-0.028826,WEN,19828.0,2019-03-07,252.0,-1.4380%,0.0001,0.6415,0.2343,0.1503,1.2304%,1.3930%,21.9835%,-0.008524,WEN,0.001758,-0.037403,-0.029086,-0.009751,-0.046981
6867,WENDYS CO,Wendy's Says Will Invest Incremental $25M On Digital Initiatives In 2019,6,increase,0.7,0.6,"the investment in digital initiatives suggests a commitment to growth and modernization, which could positively influence investor sentiment and stock performance.",2,2019-02-21,WEN,2019-02-21 12:05:00+00:00,19828.0,95058W10,0.0056593311019241,6447493.0,-0.0028137953486293,-0.0122973350808024,-0.0389389768242836,-0.0061111450195312,0.0052848001942038,0.0055866134352982,0.0151868173852562,0.0112993698567152,0.0028769141063094,-0.0005645579658448,-0.0028851262759417,0.0033994033001363,0.0,-0.005073289386928,0.0023147573228925,0.001693997066468,-0.0363740846514701,0.0045377155765891,-0.0143798543140292,0.0039863153360784,0.0322187691926956,0.0057273991405963,-0.0212013367563486,0.01041657384485,-0.0096270609647035,-0.0023094115313142,0.013973357155919,-0.0011534289224073,0.0065906951203942,0.0134424036368727,-0.0101190526038408,-0.017795605584979,0.0054119154810905,0.0181180275976657,-0.0101674692705273,-0.0149683486670255,-0.0145014971494674,0.0181712415069341,0.0214592516422271,0.0209455657750368,-0.0114045944064855,0.0170419216156005,0.0279296301305294,0.0079755261540412,0.0029532921034842,-0.0079124206677079,0.0188456829637289,0.0018293102039024,0.0219653807580471,-0.0018259698990732,0.0118777761235833,-0.0054479511454701,-0.0039127836935222,0.0036452841013669,0.0072952341288328,0.0042708786204457,0.0016712411306798,0.0049049616791307,0.0122358854860067,0.0092821549624204,0.0027472106739878,0.0157133881002664,-0.0120547572150826,0.0224935356527566,-0.0022185754496604,-0.0051150843501091,0.0,0.001921889022924,0.0222345534712076,-0.0012796197552233,0.0027189312968403,0.0103425886482,0.0070498459972441,-0.0038634557276964,0.0032309889793396,0.0353333167731761,0.0085883932188153,-0.0439770296216011,0.0058541083708405,-0.0094697326421737,-0.0111110629513859,-0.0323763377964496,-0.0042803594842553,-0.0084796724840998,-0.0064481911249458,0.0067073544487357,0.0140616679564118,-0.0185517352074384,0.0005333455628715,-0.0222352873533964,-0.0026653062086552,0.003523162798956,-0.0053446539677679,0.0029447083361446,0.0005373578169383,-0.0104895280674099,-0.0107411788776516,0.0029222229495644,0.0005429005832411,-0.0261809378862381,0.0086814891546964,0.0068767294287681,-0.0064551285468041,-0.0262276399880647,0.0395236313343048,-0.0005577372503466,-0.0203125663101673,-0.0024916478432714,0.0021265770774334,0.010067131370306,-0.0116711519658565,0.0193841643631458,-0.0069779478944838,-0.013498299755156,0.0086486404761672,0.0016901795752346,0.0032154053915292,0.0028248154558241,0.0005342002841643,-0.0033783481922,-0.0028137953486293,-0.0122973350808024,-0.0416432058610444,-0.0183333293023011,-0.0365784816892622,-0.0128491370907969,-0.0191334010567661,-0.0022585554522546,-0.068940773755359,0.0062642714248795,0.0301080746208284,0.0934406094109969,0.0601056571534945,-0.0003509378724374,2019-02-22,2019-02-25,2019-02-26,2019-02-27,2019-02-28,2019-03-01,2019-03-04,2019-03-05,2019-03-06,2019-03-07,19828.0,2019-02-21,252.0,0.5659%,0.0004,0.6227,0.2411,0.1149,1.2290%,1.3896%,21.7696%,0.008356,WEN,19828.0,2019-02-22,252.0,-0.2814%,0.0004,0.6241,0.2294,0.121,1.2289%,1.3890%,21.7299%,-0.006598,WEN,19828.0,2019-02-25,252.0,-3.8939%,0.0001,0.629,0.2537,0.1521,1.2270%,1.3879%,21.8465%,-0.039161,WEN,19828.0,2019-02-26,252.0,0.5285%,0.0001,0.6325,0.2389,0.1471,1.2268%,1.3883%,21.9057%,0.008317,WEN,19828.0,2019-02-27,252.0,1.5187%,0.0003,0.6424,0.2255,0.1488,1.2225%,1.3879%,22.4135%,0.01424,WEN,19828.0,2019-02-28,252.0,0.2877%,0.0003,0.6347,0.2204,0.1421,1.2204%,1.3817%,21.9960%,0.005095,WEN,19828.0,2019-03-01,252.0,-0.2885%,0.0003,0.6287,0.2115,0.1366,1.2206%,1.3784%,21.5952%,-0.007616,WEN,19828.0,2019-03-04,252.0,0.0000%,0.0003,0.6316,0.1992,0.1365,1.2199%,1.3784%,21.6737%,0.003493,WEN,19828.0,2019-03-05,252.0,0.2315%,0.0003,0.6301,0.1904,0.134,1.2200%,1.3771%,21.5239%,0.004243,WEN,19828.0,2019-03-06,252.0,-3.6374%,0.0002,0.6413,0.251,0.1549,1.2333%,1.3957%,21.9223%,-0.028826,WEN,19828.0,2019-03-07,252.0,-1.4380%,0.0001,0.6415,0.2343,0.1503,1.2304%,1.3930%,21.9835%,-0.008524,WEN,0.001758,-0.037403,-0.029086,-0.009751,-0.046981
6875,WENDYS CO,"Wendy's Q4 EPS $0.16 Beats $0.15 Estimate, Sales $397.8M Miss $400.15M Estimate",6,uncertain,0.6,0.3,"while wendy's beat eps estimates, the sales miss could raise concerns among investors, leading to uncertainty in stock price movement.",1,2019-02-21,WEN,2019-02-21 12:05:00+00:00,19828.0,95058W10,0.0056593311019241,6447493.0,-0.0028137953486293,-0.0122973350808024,-0.0389389768242836,-0.0061111450195312,0.0052848001942038,0.0055866134352982,0.0151868173852562,0.0112993698567152,0.0028769141063094,-0.0005645579658448,-0.0028851262759417,0.0033994033001363,0.0,-0.005073289386928,0.0023147573228925,0.001693997066468,-0.0363740846514701,0.0045377155765891,-0.0143798543140292,0.0039863153360784,0.0322187691926956,0.0057273991405963,-0.0212013367563486,0.01041657384485,-0.0096270609647035,-0.0023094115313142,0.013973357155919,-0.0011534289224073,0.0065906951203942,0.0134424036368727,-0.0101190526038408,-0.017795605584979,0.0054119154810905,0.0181180275976657,-0.0101674692705273,-0.0149683486670255,-0.0145014971494674,0.0181712415069341,0.0214592516422271,0.0209455657750368,-0.0114045944064855,0.0170419216156005,0.0279296301305294,0.0079755261540412,0.0029532921034842,-0.0079124206677079,0.0188456829637289,0.0018293102039024,0.0219653807580471,-0.0018259698990732,0.0118777761235833,-0.0054479511454701,-0.0039127836935222,0.0036452841013669,0.0072952341288328,0.0042708786204457,0.0016712411306798,0.0049049616791307,0.0122358854860067,0.0092821549624204,0.0027472106739878,0.0157133881002664,-0.0120547572150826,0.0224935356527566,-0.0022185754496604,-0.0051150843501091,0.0,0.001921889022924,0.0222345534712076,-0.0012796197552233,0.0027189312968403,0.0103425886482,0.0070498459972441,-0.0038634557276964,0.0032309889793396,0.0353333167731761,0.0085883932188153,-0.0439770296216011,0.0058541083708405,-0.0094697326421737,-0.0111110629513859,-0.0323763377964496,-0.0042803594842553,-0.0084796724840998,-0.0064481911249458,0.0067073544487357,0.0140616679564118,-0.0185517352074384,0.0005333455628715,-0.0222352873533964,-0.0026653062086552,0.003523162798956,-0.0053446539677679,0.0029447083361446,0.0005373578169383,-0.0104895280674099,-0.0107411788776516,0.0029222229495644,0.0005429005832411,-0.0261809378862381,0.0086814891546964,0.0068767294287681,-0.0064551285468041,-0.0262276399880647,0.0395236313343048,-0.0005577372503466,-0.0203125663101673,-0.0024916478432714,0.0021265770774334,0.010067131370306,-0.0116711519658565,0.0193841643631458,-0.0069779478944838,-0.013498299755156,0.0086486404761672,0.0016901795752346,0.0032154053915292,0.0028248154558241,0.0005342002841643,-0.0033783481922,-0.0028137953486293,-0.0122973350808024,-0.0416432058610444,-0.0183333293023011,-0.0365784816892622,-0.0128491370907969,-0.0191334010567661,-0.0022585554522546,-0.068940773755359,0.0062642714248795,0.0301080746208284,0.0934406094109969,0.0601056571534945,-0.0003509378724374,2019-02-22,2019-02-25,2019-02-26,2019-02-27,2019-02-28,2019-03-01,2019-03-04,2019-03-05,2019-03-06,2019-03-07,19828.0,2019-02-21,252.0,0.5659%,0.0004,0.6227,0.2411,0.1149,1.2290%,1.3896%,21.7696%,0.008356,WEN,19828.0,2019-02-22,252.0,-0.2814%,0.0004,0.6241,0.2294,0.121,1.2289%,1.3890%,21.7299%,-0.006598,WEN,19828.0,2019-02-25,252.0,-3.8939%,0.0001,0.629,0.2537,0.1521,1.2270%,1.3879%,21.8465%,-0.039161,WEN,19828.0,2019-02-26,252.0,0.5285%,0.0001,0.6325,0.2389,0.1471,1.2268%,1.3883%,21.9057%,0.008317,WEN,19828.0,2019-02-27,252.0,1.5187%,0.0003,0.6424,0.2255,0.1488,1.2225%,1.3879%,22.4135%,0.01424,WEN,19828.0,2019-02-28,252.0,0.2877%,0.0003,0.6347,0.2204,0.1421,1.2204%,1.3817%,21.9960%,0.005095,WEN,19828.0,2019-03-01,252.0,-0.2885%,0.0003,0.6287,0.2115,0.1366,1.2206%,1.3784%,21.5952%,-0.007616,WEN,19828.0,2019-03-04,252.0,0.0000%,0.0003,0.6316,0.1992,0.1365,1.2199%,1.3784%,21.6737%,0.003493,WEN,19828.0,2019-03-05,252.0,0.2315%,0.0003,0.6301,0.1904,0.134,1.2200%,1.3771%,21.5239%,0.004243,WEN,19828.0,2019-03-06,252.0,-3.6374%,0.0002,0.6413,0.251,0.1549,1.2333%,1.3957%,21.9223%,-0.028826,WEN,19828.0,2019-03-07,252.0,-1.4380%,0.0001,0.6415,0.2343,0.1503,1.2304%,1.3930%,21.9835%,-0.008524,WEN,0.001758,-0.037403,-0.029086,-0.009751,-0.046981
6883,WIX COM LTD,Raymond James Downgrades Wix.com to Market Perform,6,decrease,0.8,0.7,"a downgrade from a reputable firm like raymond james typically signals reduced expectations for the company's performance, which can lead to a decline in stock price.",0,2019-02-21,WIX,2019-02-21 14:40:00+00:00,14326.0,M9806810,-0.0218702219426631,2961509.0,0.0301803350448608,-0.1164214685559273,0.0198285207152366,0.0358319468796253,-0.0007882638601586,0.0145411817356944,-0.0036812883336097,0.0020936268847435,-0.0388844758272171,0.0282442644238472,-0.0013730117352679,0.0436775460839271,-0.0006416104151867,0.0023420818615704,-0.0166926514357328,0.0269195530563592,-0.003171311924234,-0.0156620033085346,0.0038363996427506,-0.0125876776874065,-0.0121177798137068,0.0047881361097097,0.0204755440354347,0.0052674761973321,0.001941739115864,0.006950179580599,-0.0047065536491572,0.0220581423491239,0.0131664182990789,0.0308314561843872,-0.0184862874448299,-0.0129339098930358,0.0066200383007526,-0.0128613887354731,0.0086143044754862,0.025216506794095,0.0847644731402397,0.0150449480861425,0.0383508168160915,0.0048100310377776,-0.0380758084356784,-0.0232045073062181,0.0079674078151583,0.0036569843068718,0.0239656791090965,0.0230383370071649,-0.0358872897922992,0.0022696207743138,0.0122657138854265,0.0206465441733598,0.0167452506721019,-0.0197452865540981,-0.013903833925724,0.014015432447195,0.0012589300749823,0.019077768549323,-0.0003352968487888,0.021999716758728,-0.0051148799248039,0.0049245725385844,0.0123050911352038,0.038633182644844,-0.0062442761845886,0.0790276601910591,0.0082104196771979,-0.060562577098608,0.0191956553608179,0.0034315385855734,-0.0083978697657585,0.0102885058149695,0.0279558766633272,-0.0091966958716511,-0.0003198951017111,0.0093948813155293,-0.0040006400085985,0.0815290361642837,-0.0158258453011512,0.0069427490234375,0.0019590063020586,-0.0332077220082283,0.0238696560263633,-0.0079439291730523,0.0204487554728984,-0.0008170852670446,0.0104483142495155,0.0299350544810295,0.0027779969386756,-0.0461008809506893,0.0274721607565879,0.0026445409748703,0.0003744985733646,-0.0191721767187118,0.0044171316549181,-0.0370330549776554,-0.0054413457401096,0.007550086826086,0.0252567678689956,0.0220308788120746,0.0336256623268127,-0.0455758795142173,0.0044554802589118,-0.0030857725068926,-0.0338660664856433,-0.0258111096918582,0.0253607034683227,0.0243151504546403,0.0033404494170099,0.0071649891324341,0.0155132282525301,-0.0095329042524099,-0.0411550924181938,0.0543891303241252,0.0003636533510871,-0.0296922177076339,0.0333066843450069,0.0438913702964782,-0.0508832149207592,0.017378319054842,0.0324781611561775,0.0084725590422749,0.0301803350448608,-0.1164214685559272,0.0506072871587273,-0.0847611295532458,0.0497791314030406,-0.0714524748065079,0.0052447510741355,-0.0432273931567049,-0.0128818710550082,-0.0009890415516045,0.0917372222961641,0.1641868911841899,0.281192533068044,0.2895774726701685,2019-02-22,2019-02-25,2019-02-26,2019-02-27,2019-02-28,2019-03-01,2019-03-04,2019-03-05,2019-03-06,2019-03-07,14326.0,2019-02-21,252.0,-2.1870%,0.0008,1.3499,0.7244,-1.8615,1.9451%,2.9834%,57.4942%,-0.020779,WIX,14326.0,2019-02-22,252.0,3.0180%,0.0006,1.3533,0.6727,-1.8673,1.9325%,2.9824%,58.0117%,-0.010042,WIX,14326.0,2019-02-25,252.0,1.9829%,0.0009,1.3473,0.6592,-1.8968,1.9079%,2.9715%,58.7737%,0.016086,WIX,14326.0,2019-02-26,252.0,-0.0788%,0.0009,1.3442,0.6644,-1.8964,1.9076%,2.9672%,58.6666%,-0.0007729999999999,WIX,14326.0,2019-02-27,252.0,-0.3681%,0.0009,1.3502,0.6511,-1.8954,1.9065%,2.9674%,58.7207%,-0.008529,WIX,14326.0,2019-02-28,252.0,-3.8884%,0.0007,1.3642,0.6593,-1.8758,1.9223%,2.9780%,58.3334%,-0.039668,WIX,14326.0,2019-03-01,252.0,-0.1373%,0.0006,1.3625,0.6568,-1.8684,1.9268%,2.9776%,58.1282%,-0.0207,WIX,14326.0,2019-03-04,252.0,-0.0642%,0.0006,1.3647,0.6355,-1.8658,1.9285%,2.9776%,58.0533%,0.016268,WIX,14326.0,2019-03-05,252.0,-1.6693%,0.0006,1.3684,0.6528,-1.8567,1.9315%,2.9768%,57.8988%,-0.01697,WIX,14326.0,2019-03-06,252.0,-0.3171%,0.0005,1.3461,0.6318,-1.8847,1.9257%,2.9686%,57.9208%,0.017201,WIX,14326.0,2019-03-07,252.0,0.3836%,0.0006,1.3449,0.6429,-1.8831,1.9251%,2.9684%,57.9412%,0.009007,WIX,-0.030821,-0.014735,-0.015508,-0.063705,-0.0588989999999999
6891,WIX COM LTD,"Barclays Maintains Overweight on Wix.com, Lowers Price Target to $120",6,uncertain,0.6,0.3,"while maintaining an 'overweight' rating suggests positive sentiment, the lowered price target may create uncertainty among investors regarding the stock's near-term performance.",1,2019-02-21,WIX,2019-02-21 12:57:00+00:00,14326.0,M9806810,-0.0218702219426631,2961509.0,0.0301803350448608,-0.1164214685559273,0.0198285207152366,0.0358319468796253,-0.0007882638601586,0.0145411817356944,-0.0036812883336097,0.0020936268847435,-0.0388844758272171,0.0282442644238472,-0.0013730117352679,0.0436775460839271,-0.0006416104151867,0.0023420818615704,-0.0166926514357328,0.0269195530563592,-0.003171311924234,-0.0156620033085346,0.0038363996427506,-0.0125876776874065,-0.0121177798137068,0.0047881361097097,0.0204755440354347,0.0052674761973321,0.001941739115864,0.006950179580599,-0.0047065536491572,0.0220581423491239,0.0131664182990789,0.0308314561843872,-0.0184862874448299,-0.0129339098930358,0.0066200383007526,-0.0128613887354731,0.0086143044754862,0.025216506794095,0.0847644731402397,0.0150449480861425,0.0383508168160915,0.0048100310377776,-0.0380758084356784,-0.0232045073062181,0.0079674078151583,0.0036569843068718,0.0239656791090965,0.0230383370071649,-0.0358872897922992,0.0022696207743138,0.0122657138854265,0.0206465441733598,0.0167452506721019,-0.0197452865540981,-0.013903833925724,0.014015432447195,0.0012589300749823,0.019077768549323,-0.0003352968487888,0.021999716758728,-0.0051148799248039,0.0049245725385844,0.0123050911352038,0.038633182644844,-0.0062442761845886,0.0790276601910591,0.0082104196771979,-0.060562577098608,0.0191956553608179,0.0034315385855734,-0.0083978697657585,0.0102885058149695,0.0279558766633272,-0.0091966958716511,-0.0003198951017111,0.0093948813155293,-0.0040006400085985,0.0815290361642837,-0.0158258453011512,0.0069427490234375,0.0019590063020586,-0.0332077220082283,0.0238696560263633,-0.0079439291730523,0.0204487554728984,-0.0008170852670446,0.0104483142495155,0.0299350544810295,0.0027779969386756,-0.0461008809506893,0.0274721607565879,0.0026445409748703,0.0003744985733646,-0.0191721767187118,0.0044171316549181,-0.0370330549776554,-0.0054413457401096,0.007550086826086,0.0252567678689956,0.0220308788120746,0.0336256623268127,-0.0455758795142173,0.0044554802589118,-0.0030857725068926,-0.0338660664856433,-0.0258111096918582,0.0253607034683227,0.0243151504546403,0.0033404494170099,0.0071649891324341,0.0155132282525301,-0.0095329042524099,-0.0411550924181938,0.0543891303241252,0.0003636533510871,-0.0296922177076339,0.0333066843450069,0.0438913702964782,-0.0508832149207592,0.017378319054842,0.0324781611561775,0.0084725590422749,0.0301803350448608,-0.1164214685559272,0.0506072871587273,-0.0847611295532458,0.0497791314030406,-0.0714524748065079,0.0052447510741355,-0.0432273931567049,-0.0128818710550082,-0.0009890415516045,0.0917372222961641,0.1641868911841899,0.281192533068044,0.2895774726701685,2019-02-22,2019-02-25,2019-02-26,2019-02-27,2019-02-28,2019-03-01,2019-03-04,2019-03-05,2019-03-06,2019-03-07,14326.0,2019-02-21,252.0,-2.1870%,0.0008,1.3499,0.7244,-1.8615,1.9451%,2.9834%,57.4942%,-0.020779,WIX,14326.0,2019-02-22,252.0,3.0180%,0.0006,1.3533,0.6727,-1.8673,1.9325%,2.9824%,58.0117%,-0.010042,WIX,14326.0,2019-02-25,252.0,1.9829%,0.0009,1.3473,0.6592,-1.8968,1.9079%,2.9715%,58.7737%,0.016086,WIX,14326.0,2019-02-26,252.0,-0.0788%,0.0009,1.3442,0.6644,-1.8964,1.9076%,2.9672%,58.6666%,-0.0007729999999999,WIX,14326.0,2019-02-27,252.0,-0.3681%,0.0009,1.3502,0.6511,-1.8954,1.9065%,2.9674%,58.7207%,-0.008529,WIX,14326.0,2019-02-28,252.0,-3.8884%,0.0007,1.3642,0.6593,-1.8758,1.9223%,2.9780%,58.3334%,-0.039668,WIX,14326.0,2019-03-01,252.0,-0.1373%,0.0006,1.3625,0.6568,-1.8684,1.9268%,2.9776%,58.1282%,-0.0207,WIX,14326.0,2019-03-04,252.0,-0.0642%,0.0006,1.3647,0.6355,-1.8658,1.9285%,2.9776%,58.0533%,0.016268,WIX,14326.0,2019-03-05,252.0,-1.6693%,0.0006,1.3684,0.6528,-1.8567,1.9315%,2.9768%,57.8988%,-0.01697,WIX,14326.0,2019-03-06,252.0,-0.3171%,0.0005,1.3461,0.6318,-1.8847,1.9257%,2.9686%,57.9208%,0.017201,WIX,14326.0,2019-03-07,252.0,0.3836%,0.0006,1.3449,0.6429,-1.8831,1.9251%,2.9684%,57.9412%,0.009007,WIX,-0.030821,-0.014735,-0.015508,-0.063705,-0.0588989999999999
6899,WIX COM LTD,"Citigroup Maintains Buy on Wix.com, Raises Price Target to $125",6,increase,0.8,0.7,the maintenance of a 'buy' rating and an increase in the price target typically signals positive sentiment and potential for stock price appreciation.,2,2019-02-21,WIX,2019-02-21 12:54:00+00:00,14326.0,M9806810,-0.0218702219426631,2961509.0,0.0301803350448608,-0.1164214685559273,0.0198285207152366,0.0358319468796253,-0.0007882638601586,0.0145411817356944,-0.0036812883336097,0.0020936268847435,-0.0388844758272171,0.0282442644238472,-0.0013730117352679,0.0436775460839271,-0.0006416104151867,0.0023420818615704,-0.0166926514357328,0.0269195530563592,-0.003171311924234,-0.0156620033085346,0.0038363996427506,-0.0125876776874065,-0.0121177798137068,0.0047881361097097,0.0204755440354347,0.0052674761973321,0.001941739115864,0.006950179580599,-0.0047065536491572,0.0220581423491239,0.0131664182990789,0.0308314561843872,-0.0184862874448299,-0.0129339098930358,0.0066200383007526,-0.0128613887354731,0.0086143044754862,0.025216506794095,0.0847644731402397,0.0150449480861425,0.0383508168160915,0.0048100310377776,-0.0380758084356784,-0.0232045073062181,0.0079674078151583,0.0036569843068718,0.0239656791090965,0.0230383370071649,-0.0358872897922992,0.0022696207743138,0.0122657138854265,0.0206465441733598,0.0167452506721019,-0.0197452865540981,-0.013903833925724,0.014015432447195,0.0012589300749823,0.019077768549323,-0.0003352968487888,0.021999716758728,-0.0051148799248039,0.0049245725385844,0.0123050911352038,0.038633182644844,-0.0062442761845886,0.0790276601910591,0.0082104196771979,-0.060562577098608,0.0191956553608179,0.0034315385855734,-0.0083978697657585,0.0102885058149695,0.0279558766633272,-0.0091966958716511,-0.0003198951017111,0.0093948813155293,-0.0040006400085985,0.0815290361642837,-0.0158258453011512,0.0069427490234375,0.0019590063020586,-0.0332077220082283,0.0238696560263633,-0.0079439291730523,0.0204487554728984,-0.0008170852670446,0.0104483142495155,0.0299350544810295,0.0027779969386756,-0.0461008809506893,0.0274721607565879,0.0026445409748703,0.0003744985733646,-0.0191721767187118,0.0044171316549181,-0.0370330549776554,-0.0054413457401096,0.007550086826086,0.0252567678689956,0.0220308788120746,0.0336256623268127,-0.0455758795142173,0.0044554802589118,-0.0030857725068926,-0.0338660664856433,-0.0258111096918582,0.0253607034683227,0.0243151504546403,0.0033404494170099,0.0071649891324341,0.0155132282525301,-0.0095329042524099,-0.0411550924181938,0.0543891303241252,0.0003636533510871,-0.0296922177076339,0.0333066843450069,0.0438913702964782,-0.0508832149207592,0.017378319054842,0.0324781611561775,0.0084725590422749,0.0301803350448608,-0.1164214685559272,0.0506072871587273,-0.0847611295532458,0.0497791314030406,-0.0714524748065079,0.0052447510741355,-0.0432273931567049,-0.0128818710550082,-0.0009890415516045,0.0917372222961641,0.1641868911841899,0.281192533068044,0.2895774726701685,2019-02-22,2019-02-25,2019-02-26,2019-02-27,2019-02-28,2019-03-01,2019-03-04,2019-03-05,2019-03-06,2019-03-07,14326.0,2019-02-21,252.0,-2.1870%,0.0008,1.3499,0.7244,-1.8615,1.9451%,2.9834%,57.4942%,-0.020779,WIX,14326.0,2019-02-22,252.0,3.0180%,0.0006,1.3533,0.6727,-1.8673,1.9325%,2.9824%,58.0117%,-0.010042,WIX,14326.0,2019-02-25,252.0,1.9829%,0.0009,1.3473,0.6592,-1.8968,1.9079%,2.9715%,58.7737%,0.016086,WIX,14326.0,2019-02-26,252.0,-0.0788%,0.0009,1.3442,0.6644,-1.8964,1.9076%,2.9672%,58.6666%,-0.0007729999999999,WIX,14326.0,2019-02-27,252.0,-0.3681%,0.0009,1.3502,0.6511,-1.8954,1.9065%,2.9674%,58.7207%,-0.008529,WIX,14326.0,2019-02-28,252.0,-3.8884%,0.0007,1.3642,0.6593,-1.8758,1.9223%,2.9780%,58.3334%,-0.039668,WIX,14326.0,2019-03-01,252.0,-0.1373%,0.0006,1.3625,0.6568,-1.8684,1.9268%,2.9776%,58.1282%,-0.0207,WIX,14326.0,2019-03-04,252.0,-0.0642%,0.0006,1.3647,0.6355,-1.8658,1.9285%,2.9776%,58.0533%,0.016268,WIX,14326.0,2019-03-05,252.0,-1.6693%,0.0006,1.3684,0.6528,-1.8567,1.9315%,2.9768%,57.8988%,-0.01697,WIX,14326.0,2019-03-06,252.0,-0.3171%,0.0005,1.3461,0.6318,-1.8847,1.9257%,2.9686%,57.9208%,0.017201,WIX,14326.0,2019-03-07,252.0,0.3836%,0.0006,1.3449,0.6429,-1.8831,1.9251%,2.9684%,57.9412%,0.009007,WIX,-0.030821,-0.014735,-0.015508,-0.063705,-0.0588989999999999
6907,BERKLEY W R CORP,"WR Berkley Reports 3-For-2 Stock Split, Effective Apr. 2, 2019",6,uncertain,0.6,0.3,"while stock splits can create a perception of increased value and liquidity, the actual impact on stock price is uncertain as it depends on market conditions and investor sentiment.",1,2019-02-21,WRB,2019-02-21 21:12:00+00:00,17743.0,08442310,-0.0021793521009385,246571.0,0.0016988154966384,0.0076866429299116,-0.0099333692342042,0.00687957694754,0.0064847515895962,0.006927328184247,0.0096037061884999,-0.0082199210301041,0.0073449797928333,0.0110394367948174,0.0081280497834086,0.0048610167577862,-0.0050983247347176,0.0007484743837267,-0.0009534242562949,-0.0082879541441798,-0.0087081398814916,0.0120180156081914,-0.0039711412973701,0.0030135342385619,0.000362527614925,0.0124586280435323,0.002777726156637,0.0119644962251186,0.00445625372231,0.0109247490763664,-0.004916129168123,-0.0022060493938624,0.0062772128731012,0.0322839394211769,0.0033589105587452,-0.0059919701889157,0.005021499004215,0.0013333129463717,-0.0116582885384559,0.004419470205903,-0.0037314055953174,-0.0100755952298641,0.0143772196024656,0.0097724683582782,-0.0051214899867773,-0.0129493046551942,0.005147854797542,0.0102789560332894,0.0016674534417688,0.0002671153924893,0.0060642347671091,0.0136708468198776,0.0,0.0088760601356625,0.0013000899925827,0.0088167386129498,0.0011803407687693,-0.0053440257906913,-0.0031831718515604,0.0108034135773778,0.0071555008180439,0.0027777354698628,0.0017614668468013,-0.0073073045350611,0.0054510529153048,0.0029037483036518,-0.002098617143929,0.01544507779181,-0.0054329014383256,-0.0165699664503336,0.0021145185455679,-0.0201597269624471,0.0096711665391922,0.0128820398822426,0.0092302784323692,0.0006857248372398,-0.0013805320486426,0.0117940679192543,0.0131329214200377,0.0360839888453483,-0.0121098905801773,-0.0233081113547086,0.0074240388348698,-0.0061401398852467,-0.0092544490471482,-0.0195648204535245,0.0115896584466099,-0.0055782808922231,0.0340287573635578,0.0057471012696623,0.0024805308785289,-0.0218176580965519,0.0024744560942053,-0.0058549889363348,-0.0004936445620842,0.000532564416062,0.0092195840552449,0.0028037261217832,-0.0003262717509642,-0.0041217599064111,-0.0022845854982733,-0.006866555660963,0.0058881356380879,-0.0085100019350647,0.0003252106835134,-0.0032624299637973,-0.0091027533635497,-0.0203273314982652,-0.0054133534431457,-0.0071083721704781,0.0001649071637075,0.0042065242305397,0.0136873656883835,-0.0025429697707295,-0.0076460260897874,0.0145769473165273,0.0050819898024201,-0.0024247569963335,0.0042407163418829,0.0092735858634114,0.0086080683395266,-0.0043601430952548,-0.0051529742777347,-0.0033230383414775,0.0016988154966384,0.0076866429299116,-0.0082514286991547,0.0146191007289562,-0.0018201855749317,0.0216477002217112,0.0151680612864339,0.0244355443360726,0.0043683157994478,0.0370416497983587,0.0370034948310951,0.1387011972081782,0.1265355346067553,0.064449264364168,2019-02-22,2019-02-25,2019-02-26,2019-02-27,2019-02-28,2019-03-01,2019-03-04,2019-03-05,2019-03-06,2019-03-07,17743.0,2019-02-21,252.0,-0.2179%,0.0009,0.6883,-0.0296,0.4529,0.7662%,1.0155%,43.0752%,0.001328,WRB,17743.0,2019-02-22,252.0,0.1699%,0.0009,0.6883,-0.0387,0.4437,0.7651%,1.0150%,43.1855%,0.003944,WRB,17743.0,2019-02-25,252.0,-0.9933%,0.0008,0.6878,-0.0336,0.4446,0.7678%,1.0165%,42.9504%,-0.0103679999999999,WRB,17743.0,2019-02-26,252.0,0.6485%,0.0009,0.6904,-0.0471,0.4398,0.7681%,1.0170%,42.9581%,0.008737,WRB,17743.0,2019-02-27,252.0,0.9604%,0.0009,0.6877,-0.0398,0.4393,0.7689%,1.0145%,42.5554%,0.0095,WRB,17743.0,2019-02-28,252.0,0.7345%,0.001,0.6853,-0.0412,0.4353,0.7712%,1.0137%,42.1129%,0.010483,WRB,17743.0,2019-03-01,252.0,0.8128%,0.001,0.6811,-0.0475,0.4269,0.7698%,1.0090%,41.7864%,0.004965,WRB,17743.0,2019-03-04,252.0,-0.5098%,0.001,0.6819,-0.0462,0.4258,0.7703%,1.0085%,41.6487%,-0.003502,WRB,17743.0,2019-03-05,252.0,-0.0953%,0.001,0.6815,-0.0489,0.4255,0.7703%,1.0082%,41.6347%,0.000994,WRB,17743.0,2019-03-06,252.0,-0.8708%,0.0009,0.6732,-0.0301,0.4186,0.7610%,0.9947%,41.4636%,-0.00386,WRB,17743.0,2019-03-07,252.0,-0.3971%,0.0009,0.672,-0.0321,0.4165,0.7611%,0.9948%,41.4695%,0.002819,WRB,0.005272,-0.0050959999999999,0.003641,0.023624,0.02504
6915,WEST PHARMACEUTICAL SERVICES INC,West Pharma Services Reports 800K Share Buyback,6,increase,0.75,0.6,"share buybacks typically signal that a company believes its stock is undervalued, which can lead to an increase in stock price due to reduced supply and increased investor confidence.",2,2019-02-21,WST,2019-02-21 11:16:00+00:00,62498.0,95530610,0.0093321576714515,448094.0,0.0043339780531823,0.0035118584055453,0.0079593574628233,0.0058875326067209,-0.0127485869452357,0.0100099314004182,0.001156430109404,-0.0466741770505905,0.0082779927179217,0.0083841206505894,0.0132696842774748,0.0134208686649799,-0.0116826631128788,0.0085694538429379,-0.003908519167453,-0.0010700448183342,-0.0179921258240938,-0.0105870878323912,-0.0013643834972754,0.0003851426590699,-0.0087830731645226,-0.0086856549605727,0.0144727891311049,0.0150164254009723,0.0037849319633096,-0.0466426126658916,0.0174997337162494,0.0222830027341842,0.0073166503570973,0.0047433828003704,-0.0028299505356699,-0.0030265741515904,0.0021757956128567,-0.0093694366514682,-0.0015103233745321,0.0120425214990973,-0.0065229954198002,0.0072588552720844,0.0163669362664222,0.002393489703536,-0.0293979905545711,-0.00617580069229,0.0124433385208249,0.0094954716041684,0.0051448256708681,-0.0023921155370771,0.007772509008646,0.0067431326024234,0.0116628846153616,0.0112019665539264,0.0245444346219301,-0.011268401518464,0.0143375853076577,-0.0002888386079575,-0.0045625525526702,0.0006744358106516,0.0047632465139031,0.0206509828567504,0.0005366507684811,0.0318619906902313,0.0090291630476713,0.0031555902678519,0.0023034862242639,0.0392467901110649,-0.0015910926740616,-0.0195001009851694,0.0141656147316098,-0.0165255032479763,-0.0001746335328789,0.0187051370739936,0.0108268391340971,-0.0008305908413603,0.0097607746720314,-0.0020723715424537,-0.0244653727859258,0.0377419590950012,-0.0197559054940938,-0.02218484506011,-0.0010749081848189,-0.0260112732648849,0.0057389438152313,-0.0171111933887004,0.0271040759980678,-0.0126217873767018,8.682410407345742e-05,-0.0138194262981414,0.0611926317214965,-0.0248494558036327,0.0116145769134163,-0.0232450105249881,-0.0110769951716065,-0.0058468421921134,0.0121004283428192,0.0102193541824817,-0.0258502662181854,-0.0089202662929892,0.0103657022118568,0.0150915505364537,0.0082895774394273,-0.0228571742773056,-0.0005697981105186,-0.0068649887107312,-0.0112395929172635,-0.0144339064136147,-0.007907735183835,0.0117743788287043,8.29832861199975e-05,0.0072630406357347,-0.0003320322721265,0.0064772549085319,-0.0237521845847368,0.028944119811058,-0.0104636605829,-0.0109238503500819,0.0006877736304886,0.0045407563447952,0.0066150915808975,0.0045613963156938,-0.0064862552098929,0.0005705542280338,0.0043339780531823,0.0035118584055453,0.0123278311965671,0.009420067193139,-0.0005779181765241,0.0195242928199479,0.0088606197140244,-0.0199123120689388,-0.0130983385426021,-0.0095320410764174,0.0773379438839418,0.0453346573138007,0.1226362396927434,-0.0204646264421473,2019-02-22,2019-02-25,2019-02-26,2019-02-27,2019-02-28,2019-03-01,2019-03-04,2019-03-05,2019-03-06,2019-03-07,62498.0,2019-02-21,252.0,0.9332%,0.0004,0.807,0.2699,-0.2596,1.3627%,1.6634%,32.8921%,0.011732,WST,62498.0,2019-02-22,252.0,0.4334%,0.0005,0.8066,0.3049,-0.2327,1.3526%,1.6534%,33.0788%,-0.006312,WST,62498.0,2019-02-25,252.0,0.7959%,0.0005,0.8059,0.301,-0.2373,1.3527%,1.6537%,33.0903%,0.007023,WST,62498.0,2019-02-26,252.0,-1.2749%,0.0006,0.8168,0.3058,-0.2268,1.3514%,1.6559%,33.3904%,-0.010416,WST,62498.0,2019-02-27,252.0,0.1156%,0.0006,0.8222,0.2957,-0.2258,1.3492%,1.6556%,33.5889%,-0.0005319999999999,WST,62498.0,2019-02-28,252.0,0.8278%,0.0006,0.8323,0.3029,-0.2208,1.3432%,1.6548%,34.1125%,0.010103,WST,62498.0,2019-03-01,252.0,1.3270%,0.0005,0.8386,0.3123,-0.2133,1.3424%,1.6566%,34.3322%,0.0054259999999999,WST,62498.0,2019-03-04,252.0,-1.1683%,0.0006,0.8332,0.3353,-0.2131,1.3404%,1.6537%,34.2994%,-0.005331,WST,62498.0,2019-03-05,252.0,-0.3909%,0.0006,0.8358,0.3534,-0.2103,1.3392%,1.6540%,34.4406%,-0.002054,WST,62498.0,2019-03-06,252.0,-1.7992%,0.0005,0.8337,0.3724,-0.2101,1.3386%,1.6551%,34.5903%,-0.0065239999999999,WST,62498.0,2019-03-07,252.0,-0.1364%,0.0004,0.8261,0.3437,-0.2283,1.3312%,1.6459%,34.5875%,0.004949,WST,0.0054199999999999,0.012443,0.0020269999999999,0.0115979999999999,0.0080639999999999
6923,UNITED STATES STEEL CORP NEW,Berenberg Upgrades United States Steel to Buy,6,increase,0.8,0.6,"upgrades from analysts typically signal positive sentiment and can lead to increased investor interest, likely driving the stock price up.",2,2019-02-21,X,2019-02-21 12:33:00+00:00,76644.0,91290910,0.0050000348128378,11184318.0,-0.0008292063721455,0.0421189442276954,-0.0066389977000653,0.0047993287444114,-0.001670881989412,0.0119205499067902,-0.0066945543512701,-0.0043956213630735,-0.0560235865414142,-0.0026304018683731,-0.0049085500650107,0.0128489043563604,-0.0026905590202659,0.0282459631562233,-0.0152877764776349,-0.0274700466543436,-0.0602739602327346,-0.0258955713361501,-0.0281826984137296,0.0034646999556571,-0.0375000014901161,0.0185266900807619,0.0394805297255516,0.0285843536257743,0.0204897467046976,-0.022182784974575,-0.002938269637525,0.0144015131518244,-0.0284872259944677,0.0427029505372047,-0.0060667763464152,-0.0184246730059385,0.0066124652512371,0.0032347363885492,0.0096007389947772,0.0449058599770069,-0.0100099528208375,0.0038778441958129,0.0262891072779893,-0.0114998407661914,-0.0596058666706085,-0.0293022859841585,0.000523846480064,0.0131951319053769,0.0062826666980981,0.0285991355776786,-0.0036420237738639,0.0217928979545831,0.0120104197412729,-0.0302593261003494,0.0056759864091873,-0.0104563310742378,0.0338635109364986,0.0023821413051337,-0.0109180798754096,0.0071976785548031,0.0055193481966853,0.0067632552236318,-0.0044910255819559,0.0122249387204647,-0.0055138147436082,0.005408092867583,-0.0050403419882059,0.1006493866443634,-0.0997973307967186,-0.0016207826556637,-0.0292628277093172,0.0148026570677757,-0.0324637368321418,-0.0005479577230289,0.0029957599472254,-0.0059913182631134,-0.00179215578828,-0.0021738591603934,0.0029922889079898,0.0654313340783119,-0.0059666098095476,-0.0505772419273853,-0.0144057488068938,-0.0156925879418849,-0.0188793819397687,-0.0180658958852291,0.0024828682653605,-0.061814546585083,-0.0030959281139075,0.011598564684391,-0.0260869599878788,-0.0094905355945229,-0.0006377696990966,-0.0094012189656496,0.0082961143925786,-0.0236715786159038,-0.0126582160592079,0.0087719447910785,-0.0211538411676883,-0.0144091853871941,-0.0576293431222438,-0.0229938887059688,0.1730367392301559,-0.031803760677576,-0.0148104270920157,-0.0248116739094257,-0.0132290637120604,-0.0500841960310936,-0.0615478530526161,0.0303556285798549,0.0259740632027387,-0.0038876957260072,-0.0056962240487337,-0.0111063746735453,-0.0600255168974399,0.0213786978274583,0.0264945235103368,-0.0832000002264976,-0.0033090163487941,-0.0279937535524368,-0.0132802631705999,-0.0220532305538654,-0.0181695502251386,0.0229482762515544,-0.0008292063721455,0.0421189442276954,-0.0074626989730134,0.0471204156318232,-0.009121111673119,0.0596026668047813,-0.0708955613535314,0.0521701252433268,-0.1708126330466585,0.0416894020734539,-0.172885572271117,0.176166630451739,-0.3931764855133532,-0.0644648274992585,2019-02-22,2019-02-25,2019-02-26,2019-02-27,2019-02-28,2019-03-01,2019-03-04,2019-03-05,2019-03-06,2019-03-07,76644.0,2019-02-21,252.0,0.5000%,-0.0021,1.5895,0.5887,0.8543,2.3193%,2.7956%,31.1725%,0.013129,X,76644.0,2019-02-22,252.0,-0.0829%,-0.0019,1.5873,0.6455,0.8799,2.3040%,2.7830%,31.4585%,-0.001941,X,76644.0,2019-02-25,252.0,-0.6639%,-0.002,1.5882,0.6483,0.8848,2.3036%,2.7830%,31.4822%,-0.0058579999999999,X,76644.0,2019-02-26,252.0,-0.1671%,-0.0019,1.59,0.6331,0.8784,2.3041%,2.7815%,31.3799%,0.00784,X,76644.0,2019-02-27,252.0,-0.6695%,-0.0019,1.5865,0.6373,0.8778,2.3040%,2.7783%,31.2303%,-0.008374,X,76644.0,2019-02-28,252.0,-5.6024%,-0.0022,1.6039,0.6476,0.9014,2.3212%,2.7988%,31.2162%,-0.049138,X,76644.0,2019-03-01,252.0,-0.4909%,-0.0023,1.61,0.6566,0.9167,2.3208%,2.7983%,31.2163%,-0.014819,X,76644.0,2019-03-04,252.0,-0.2691%,-0.0025,1.6433,0.5398,0.9095,2.2745%,2.7727%,32.7055%,0.0046429999999999,X,76644.0,2019-03-05,252.0,-1.5288%,-0.0025,1.6499,0.5867,0.9164,2.2695%,2.7730%,33.0164%,-0.008728,X,76644.0,2019-03-06,252.0,-6.0274%,-0.0025,1.6806,0.6495,0.9597,2.2738%,2.7959%,33.8612%,-0.039479,X,76644.0,2019-03-07,252.0,-2.8183%,-0.0025,1.6879,0.669,0.975,2.2726%,2.8005%,34.1451%,-0.01087,X,0.011188,0.00533,0.01317,-0.044342,-0.113595
6931,X P O INC,Traders Attribute Spike In XPO Logistics Shares To Unconfirmed Takeover Chatter,6,uncertain,0.6,0.3,"the unconfirmed nature of the takeover chatter creates uncertainty, which could lead to volatility in xpo logistics shares without a clear direction.",1,2019-02-21,XPO,2019-02-21 15:23:00+00:00,90175.0,98379310,-0.0186966564506292,4248059.0,-0.034961212426424,0.0082357386127114,-0.0191681049764156,0.0513757579028606,-0.0197380948811769,-0.127287968993187,-0.0255183167755603,-0.0020110430195927,0.0300735961645841,0.0179119631648063,-0.0127110108733177,0.0154165839776396,-0.0235364753752946,0.0031277204398065,-0.0201895236968994,-0.024245511740446,-0.0025231863837689,-0.0055640167556703,0.0031619209330528,-0.0175583492964506,-0.0292078033089637,-0.0004967316635884,0.0790042802691459,-0.0016528673004359,-0.0166499111801385,-0.0046067587099969,0.0171358659863472,-0.0199935771524906,0.0072202286683022,0.0222515631467104,-0.0113500533625483,-0.0146175334230065,0.0376636236906051,-0.0090133808553218,-0.0133928302675485,0.0205321945250034,-0.0123942755162715,-0.0040896451100707,0.0254979841411113,-0.0295285061001777,-0.0392385497689247,-0.0140866758301854,0.005256816279143,0.0339860580861568,0.032582439482212,0.0187963619828224,-0.0042851814068853,0.0056375418789684,0.0422535203397274,0.0034942247439175,0.0086336880922317,-0.0457288213074207,0.0312615633010864,0.0030259375926107,-0.001984785310924,0.0120889749377965,0.0121135087683796,0.0298804640769958,0.0462665259838104,0.0179114788770675,0.0163906272500753,0.0397048890590667,0.0052074817940592,0.0287366043776273,-0.0013369290390983,-0.0402428396046161,0.0240964274853467,0.0106942597776651,0.0106208771467208,0.0180260967463254,0.021665321663022,0.00071436149301,-0.0018990178359672,0.0075580705888569,-0.0088790450245141,0.0874755680561065,0.0379139184951782,-0.0184403173625469,0.0177250541746616,-0.0143884578719735,0.0084809567779302,0.0153786856681108,0.0069080451503396,-0.0044019049964845,0.0286353174597024,-0.0293516963720321,-0.0355227552354335,0.0442289561033248,0.0196934044361114,0.1584269553422928,-0.0148901976644992,-0.2616558969020844,0.0188566613942384,-0.0962663292884826,-0.0139542380347847,0.0124487578868866,-0.0451362878084182,-0.0088774655014276,0.0054601947776973,-0.0668351873755455,0.0159814804792404,-0.0095953606069087,-0.0453574359416961,-0.0682818964123725,0.0027195967268198,0.0174004696309566,-0.0197830516844987,-0.0062876045703887,0.0001627951860427,0.0027584275230765,-0.0807160139083862,0.0425910800695419,0.0231899004429578,-0.0153722623363137,0.0096886055544018,0.0262939594686031,0.0301576126366853,-0.0011058087693527,-0.0304390899837017,0.0155832227319479,-0.034961212426424,0.0082357386127114,-0.0534591772129472,0.06003461382869,-0.0721420897820254,-0.0748950392280412,-0.0686275014937085,-0.0602183430005868,-0.119681852284241,-0.0874606467584949,0.0834257957993236,-0.0691111956316511,0.0782463827333295,-0.2265899621165977,2019-02-22,2019-02-25,2019-02-26,2019-02-27,2019-02-28,2019-03-01,2019-03-04,2019-03-05,2019-03-06,2019-03-07,90175.0,2019-02-21,252.0,-1.8697%,-0.0019,1.3253,1.0195,0.1082,2.7964%,3.1715%,22.2567%,-0.013012,XPO,90175.0,2019-02-22,252.0,-3.4961%,-0.0022,1.3332,0.9773,0.1637,2.8069%,3.1743%,21.8083%,-0.047693,XPO,90175.0,2019-02-25,252.0,-1.9168%,-0.0022,1.333,0.9851,0.167,2.8087%,3.1761%,21.7975%,-0.018432,XPO,90175.0,2019-02-26,252.0,-1.9738%,-0.0024,1.3219,1.0078,0.1702,2.8060%,3.1692%,21.6111%,-0.010849,XPO,90175.0,2019-02-27,252.0,-2.5518%,-0.0025,1.314,1.0142,0.1688,2.8088%,3.1684%,21.4115%,-0.028519,XPO,90175.0,2019-02-28,252.0,3.0074%,-0.0024,1.3117,1.0138,0.1585,2.8177%,3.1745%,21.2134%,0.034266,XPO,90175.0,2019-03-01,252.0,-1.2711%,-0.0026,1.3223,1.0297,0.1852,2.8166%,3.1750%,21.3005%,-0.024551,XPO,90175.0,2019-03-04,252.0,-2.3536%,-0.0027,1.33,1.0137,0.1811,2.8161%,3.1774%,21.4522%,-0.013354,XPO,90175.0,2019-03-05,252.0,-2.0190%,-0.0027,1.3353,1.0471,0.1892,2.8155%,3.1793%,21.5761%,-0.0144409999999999,XPO,90175.0,2019-03-06,252.0,-0.2523%,-0.0026,1.3208,1.0008,0.1664,2.8190%,3.1770%,21.2672%,0.021722,XPO,90175.0,2019-03-07,252.0,0.3162%,-0.0026,1.3108,0.9866,0.1491,2.8209%,3.1749%,21.0615%,0.015152,XPO,-0.060705,-0.079137,-0.089986,-0.084239,-0.099711
6939,X P O INC,XPO Logistics Shares Spike ~1.8% On Uptick In Volume,6,increase,0.7,0.5,"the uptick in volume alongside a price spike suggests increased investor interest, which typically correlates with a positive sentiment towards the stock.",2,2019-02-21,XPO,2019-02-21 15:10:00+00:00,90175.0,98379310,-0.0186966564506292,4248059.0,-0.034961212426424,0.0082357386127114,-0.0191681049764156,0.0513757579028606,-0.0197380948811769,-0.127287968993187,-0.0255183167755603,-0.0020110430195927,0.0300735961645841,0.0179119631648063,-0.0127110108733177,0.0154165839776396,-0.0235364753752946,0.0031277204398065,-0.0201895236968994,-0.024245511740446,-0.0025231863837689,-0.0055640167556703,0.0031619209330528,-0.0175583492964506,-0.0292078033089637,-0.0004967316635884,0.0790042802691459,-0.0016528673004359,-0.0166499111801385,-0.0046067587099969,0.0171358659863472,-0.0199935771524906,0.0072202286683022,0.0222515631467104,-0.0113500533625483,-0.0146175334230065,0.0376636236906051,-0.0090133808553218,-0.0133928302675485,0.0205321945250034,-0.0123942755162715,-0.0040896451100707,0.0254979841411113,-0.0295285061001777,-0.0392385497689247,-0.0140866758301854,0.005256816279143,0.0339860580861568,0.032582439482212,0.0187963619828224,-0.0042851814068853,0.0056375418789684,0.0422535203397274,0.0034942247439175,0.0086336880922317,-0.0457288213074207,0.0312615633010864,0.0030259375926107,-0.001984785310924,0.0120889749377965,0.0121135087683796,0.0298804640769958,0.0462665259838104,0.0179114788770675,0.0163906272500753,0.0397048890590667,0.0052074817940592,0.0287366043776273,-0.0013369290390983,-0.0402428396046161,0.0240964274853467,0.0106942597776651,0.0106208771467208,0.0180260967463254,0.021665321663022,0.00071436149301,-0.0018990178359672,0.0075580705888569,-0.0088790450245141,0.0874755680561065,0.0379139184951782,-0.0184403173625469,0.0177250541746616,-0.0143884578719735,0.0084809567779302,0.0153786856681108,0.0069080451503396,-0.0044019049964845,0.0286353174597024,-0.0293516963720321,-0.0355227552354335,0.0442289561033248,0.0196934044361114,0.1584269553422928,-0.0148901976644992,-0.2616558969020844,0.0188566613942384,-0.0962663292884826,-0.0139542380347847,0.0124487578868866,-0.0451362878084182,-0.0088774655014276,0.0054601947776973,-0.0668351873755455,0.0159814804792404,-0.0095953606069087,-0.0453574359416961,-0.0682818964123725,0.0027195967268198,0.0174004696309566,-0.0197830516844987,-0.0062876045703887,0.0001627951860427,0.0027584275230765,-0.0807160139083862,0.0425910800695419,0.0231899004429578,-0.0153722623363137,0.0096886055544018,0.0262939594686031,0.0301576126366853,-0.0011058087693527,-0.0304390899837017,0.0155832227319479,-0.034961212426424,0.0082357386127114,-0.0534591772129472,0.06003461382869,-0.0721420897820254,-0.0748950392280412,-0.0686275014937085,-0.0602183430005868,-0.119681852284241,-0.0874606467584949,0.0834257957993236,-0.0691111956316511,0.0782463827333295,-0.2265899621165977,2019-02-22,2019-02-25,2019-02-26,2019-02-27,2019-02-28,2019-03-01,2019-03-04,2019-03-05,2019-03-06,2019-03-07,90175.0,2019-02-21,252.0,-1.8697%,-0.0019,1.3253,1.0195,0.1082,2.7964%,3.1715%,22.2567%,-0.013012,XPO,90175.0,2019-02-22,252.0,-3.4961%,-0.0022,1.3332,0.9773,0.1637,2.8069%,3.1743%,21.8083%,-0.047693,XPO,90175.0,2019-02-25,252.0,-1.9168%,-0.0022,1.333,0.9851,0.167,2.8087%,3.1761%,21.7975%,-0.018432,XPO,90175.0,2019-02-26,252.0,-1.9738%,-0.0024,1.3219,1.0078,0.1702,2.8060%,3.1692%,21.6111%,-0.010849,XPO,90175.0,2019-02-27,252.0,-2.5518%,-0.0025,1.314,1.0142,0.1688,2.8088%,3.1684%,21.4115%,-0.028519,XPO,90175.0,2019-02-28,252.0,3.0074%,-0.0024,1.3117,1.0138,0.1585,2.8177%,3.1745%,21.2134%,0.034266,XPO,90175.0,2019-03-01,252.0,-1.2711%,-0.0026,1.3223,1.0297,0.1852,2.8166%,3.1750%,21.3005%,-0.024551,XPO,90175.0,2019-03-04,252.0,-2.3536%,-0.0027,1.33,1.0137,0.1811,2.8161%,3.1774%,21.4522%,-0.013354,XPO,90175.0,2019-03-05,252.0,-2.0190%,-0.0027,1.3353,1.0471,0.1892,2.8155%,3.1793%,21.5761%,-0.0144409999999999,XPO,90175.0,2019-03-06,252.0,-0.2523%,-0.0026,1.3208,1.0008,0.1664,2.8190%,3.1770%,21.2672%,0.021722,XPO,90175.0,2019-03-07,252.0,0.3162%,-0.0026,1.3108,0.9866,0.1491,2.8209%,3.1749%,21.0615%,0.015152,XPO,-0.060705,-0.079137,-0.089986,-0.084239,-0.099711
6947,SPDR SERIES TRUST,"Moody's Says US Retail Defaults Will Decline In 2019, But Challenges Remain",6,increase,0.7,0.6,"the prediction of declining retail defaults suggests a healthier retail environment, which could positively impact spdr series trust's performance, particularly if it holds retail-related assets.",2,2019-02-21,XRT,2019-02-21 16:38:00+00:00,91316.0,78464A71,-0.0155531847849488,7898642.0,0.0046729617752134,0.0015357545344159,0.0031007616780698,0.0052933762781322,0.0072863325476646,0.0116019733250141,0.0100833605974912,-0.0020040115341544,-0.0043402942828834,0.0004455437301658,0.0063207736238837,0.0165307875722646,-0.0192765742540359,0.0054645193740725,0.0081714391708374,-0.0061099901795387,-0.0078861033543944,-0.0067431568168103,-0.0139103783294558,-0.0064760409295558,-0.0080609181895852,0.0103790406137704,0.0182844549417495,0.0109488945454359,0.0026601403951644,-0.0072463699616491,0.0028742221184074,0.0018148369854316,-0.0156525373458862,0.0038716006092727,-0.0023334305733442,-0.0141446124762296,0.0067552183754742,-0.0029101693071424,-0.0040259519591927,0.016151025891304,-0.0089826574549078,0.0036529647186398,0.0101971616968512,0.0009140977635979,-0.0260207187384367,-0.0245207827538251,0.0115154311060905,0.0186194293200969,0.0072860545478761,0.0066285924986004,0.0101717207580804,0.002290915697813,0.0040277536027133,0.0032177248504012,0.0031201113015413,-0.0073010153137147,0.0064430334605276,0.0052753067575395,-0.0092714829370379,-0.0160235352814197,0.0055704098194837,0.0084206359460949,0.011079104617238,0.0087235365062952,0.0,0.0310059487819671,-0.0028490261174738,0.0307391621172428,-0.0120878955349326,-0.0139523223042488,0.0146829774603247,0.0141497440636158,-0.0063582747243344,0.0056428695097565,-0.0022064975928515,0.0051787691190838,0.0011056885123252,-0.0024600808974355,0.0048597576096653,0.0572171844542026,0.0013189174933359,-0.0038859511259943,-0.004829800222069,-0.0300858560949564,-0.0205162204802036,-0.017453271895647,0.0164414308965206,-0.0140571510419249,0.0168402008712291,0.0036486915778368,-0.0091522810980677,-0.0216563511639833,0.0072574885562062,-0.011759172193706,0.0024017600808292,-0.0267795417457819,-0.0050097918137907,0.0090069146826863,-0.0131348175927996,-0.0043688765726983,0.0070984843187034,0.0041560907848179,0.0096915997564792,-0.0373416356742382,-0.0074171060696244,-0.0057458193041384,-0.0173626579344272,-0.03682417050004,0.0022366873454302,0.0135922562330961,-0.0087034860625863,0.0,-0.0065285256132483,-0.0057915155775845,-0.03761612996459,0.0163505561649799,0.0136566516011953,0.002403859514743,-0.0025551826693117,0.0196077823638916,0.0004657768586184,0.0029050516895949,-0.0072159580886363,0.0170454550534486,0.0046729617752134,0.0015357545344159,0.0077882131940789,0.0068372601391695,0.0151312932530278,0.0185185591739345,0.0209168326185582,0.0169303213821685,-0.0062305028489532,0.0194283782378998,0.018458997539877,0.0479797997571307,-0.0480544216807703,0.0420013619814441,2019-02-22,2019-02-25,2019-02-26,2019-02-27,2019-02-28,2019-03-01,2019-03-04,2019-03-05,2019-03-06,2019-03-07,91316.0,2019-02-21,252.0,-1.5553%,-0.0001,0.9366,0.7891,0.2618,0.7565%,1.2748%,64.7852%,-0.011021,XRT,91316.0,2019-02-22,252.0,0.4673%,-0.0001,0.9367,0.7912,0.2659,0.7565%,1.2751%,64.8026%,-0.002006,XRT,91316.0,2019-02-25,252.0,0.3101%,-0.0001,0.9366,0.789,0.2641,0.7569%,1.2752%,64.7663%,0.004131,XRT,91316.0,2019-02-26,252.0,0.7286%,-0.0001,0.9309,0.7741,0.2523,0.7620%,1.2723%,64.1294%,0.014606,XRT,91316.0,2019-02-27,252.0,1.0083%,-0.0,0.9324,0.7737,0.2526,0.7634%,1.2736%,64.0732%,0.0079779999999999,XRT,91316.0,2019-02-28,252.0,-0.4340%,0.0,0.9286,0.7711,0.2501,0.7620%,1.2674%,63.8495%,-0.001073,XRT,91316.0,2019-03-01,252.0,0.6321%,-0.0001,0.9385,0.7857,0.2661,0.7546%,1.2679%,64.5733%,-0.001691,XRT,91316.0,2019-03-04,252.0,-1.9277%,-0.0001,0.9371,0.8014,0.2639,0.7576%,1.2724%,64.5463%,-0.012381,XRT,91316.0,2019-03-05,252.0,0.8171%,-0.0,0.9359,0.801,0.2584,0.7614%,1.2718%,64.1543%,0.012792,XRT,91316.0,2019-03-06,252.0,-0.7886%,0.0,0.9333,0.7794,0.2524,0.7637%,1.2724%,63.9756%,0.009875,XRT,91316.0,2019-03-07,252.0,-1.3910%,-0.0,0.9343,0.7748,0.2525,0.7637%,1.2724%,63.9763%,-0.004969,XRT,-0.013027,-0.008896,0.0057099999999999,0.0126149999999999,0.016241
6955,AGILENT TECHNOLOGIES INC,"UPDATE: Agilent Raises FY19 Adj. EPS Guidance From $3-$3.05 To $3.03-$3.07 vs $3.05 Estimate, Sales From $5.13B-$5.17B To $5.15B-$5.19B vs $5.17B Est.",6,increase,0.8,0.6,"the upward revision of both adjusted eps and sales guidance suggests stronger-than-expected financial performance, which is likely to positively influence investor sentiment and increase the stock price.",2,2019-02-20,A,2019-02-20 21:07:00+00:00,87432.0,00846U10,0.0134159047156572,2076523.0,-0.008528490550816,-0.0099617671221494,0.0068044522777199,0.0166191440075635,0.0117316776886582,-0.0029773898422718,-0.0099570620805025,0.0023355430457741,0.0110756857320666,0.0130125898867845,0.0002518795372452,0.0036939152050763,0.0226585511118173,0.0062392302788794,-0.0136632276698947,-0.0127129908651113,-0.0048670833930373,-0.0001309724466409,-0.0124153234064579,0.0036827407311648,-0.0002539256238378,-0.0001315378176514,-0.009526228532195,-0.0001315205299761,0.0169274117797613,0.0080859037116169,0.0079444795846939,0.0255574360489845,0.002502151299268,0.0039579765871167,0.00599030777812,-0.0051596043631434,0.0060786237008869,0.0203657690435648,-0.0016029254766181,0.0073970519006252,0.0028405054472386,0.0046270587481558,-0.0034482609480619,-0.0084804752841591,0.0133465379476547,0.0156735479831695,-0.0367073416709899,0.0112808933481574,0.0067096948623657,-0.0080736503005027,0.0142103238031268,0.0121863577514886,-0.0204587914049625,-0.0089513678103685,0.0088607212528586,0.0068668914027512,0.0085319988429546,0.0093863038346171,0.0167205817997455,0.0209346618503332,-0.0051495609804987,0.0146597363054752,0.0098595395684242,0.021234331652522,-0.0135465040802955,0.0346135385334491,0.0079178446903824,-0.0368397310376167,0.0027003954164683,-0.0262377206236124,-0.0033052302896976,0.0227410551160574,0.0031933449208736,-0.0053550577722489,-0.0073457206599414,0.0143424235284328,-0.0012333309277892,0.0457954816520214,-0.0071622845716774,-0.0097962198778986,-0.0354477427899837,-0.0291455965489149,-0.0273372363299131,-0.0245398674160242,0.0098103918135166,-0.0170612744987011,-0.0078770974650979,0.0020633661188185,-0.0001323559117736,-0.0217705033719539,0.0030439831316471,-0.0250210687518119,0.0122707523405551,-0.0085017504170537,0.0091240480542182,0.0098521737381815,-0.0011624430771917,0.0065165990963578,0.0151299387216568,0.0048398054204881,-0.0131210032850503,-0.0230844616889953,0.0094229467213153,-0.0137155391275882,0.0139386700466275,-0.0235703028738498,0.0007566850399598,0.0320663414895534,-0.0337744206190109,0.0108984038233757,-0.000782542861998,0.0012590421829372,0.0050907111726701,0.0305652059614658,0.001298681483604,0.0015884564490988,-0.0422827787697315,0.0152470450848341,0.0293879453092813,0.0072356448508799,-0.1101171225309372,0.0029621531721204,0.0245417449623346,0.078421913087368,-0.008528490550816,-0.0099617671221494,-0.0017820699800501,0.0064918208430413,0.0099287010379836,0.0034951023193336,0.0109470549289771,0.0189273762319956,0.0024185643636533,0.0195974993872514,0.0451218061669838,0.184234613346232,-0.1160978503346089,0.2412192648389817,2019-02-21,2019-02-22,2019-02-25,2019-02-26,2019-02-27,2019-02-28,2019-03-01,2019-03-04,2019-03-05,2019-03-06,87432.0,2019-02-20,252.0,1.3416%,0.0002,0.9876,-0.1038,-0.4462,1.1824%,1.6681%,49.7546%,0.014225,A,87432.0,2019-02-21,252.0,-0.8528%,0.0002,0.9862,-0.108,-0.4487,1.1820%,1.6671%,49.7287%,-0.0060729999999999,A,87432.0,2019-02-22,252.0,0.6804%,0.0001,0.9875,-0.1206,-0.4449,1.1814%,1.6676%,49.8066%,-0.0057079999999999,A,87432.0,2019-02-25,252.0,1.1732%,0.0002,0.9863,-0.1262,-0.4523,1.1810%,1.6682%,49.8751%,0.0090359999999999,A,87432.0,2019-02-26,252.0,-0.9957%,0.0002,0.9984,-0.1227,-0.4415,1.1785%,1.6695%,50.1688%,-0.010779,A,87432.0,2019-02-27,252.0,1.1076%,0.0003,1.0049,-0.1314,-0.4404,1.1767%,1.6707%,50.4000%,0.00978,A,87432.0,2019-02-28,252.0,0.0252%,0.0003,0.9989,-0.1354,-0.4451,1.1749%,1.6644%,50.1705%,0.002192,A,87432.0,2019-03-01,252.0,2.2659%,0.0004,1.0035,-0.1286,-0.4443,1.1779%,1.6696%,50.2257%,0.013989,A,87432.0,2019-03-04,252.0,-1.3663%,0.0004,1.0021,-0.117,-0.4455,1.1785%,1.6680%,50.0845%,-0.007316,A,87432.0,2019-03-05,252.0,-0.4867%,0.0004,1.0044,-0.1026,-0.442,1.1782%,1.6684%,50.1296%,-0.004685,A,87432.0,2019-03-06,252.0,-1.2415%,0.0004,1.012,-0.0957,-0.4325,1.1770%,1.6705%,50.3516%,-0.0051839999999999,A,0.008152,0.002444,0.01148,0.010481,0.009477
6963,AGILENT TECHNOLOGIES INC,"Agilent Sees Q2 Adj. EPS $0.70-$0.72 vs $0.72 Estimate, Sales $1.255B-$1.27B vs $1.27B Est.; Raises FY19 Guidance",6,uncertain,0.6,0.2,"while agilent's adjusted eps guidance is slightly below estimates, the raise in fy19 guidance may offset concerns, leading to uncertainty in stock price movement.",1,2019-02-20,A,2019-02-20 21:06:00+00:00,87432.0,00846U10,0.0134159047156572,2076523.0,-0.008528490550816,-0.0099617671221494,0.0068044522777199,0.0166191440075635,0.0117316776886582,-0.0029773898422718,-0.0099570620805025,0.0023355430457741,0.0110756857320666,0.0130125898867845,0.0002518795372452,0.0036939152050763,0.0226585511118173,0.0062392302788794,-0.0136632276698947,-0.0127129908651113,-0.0048670833930373,-0.0001309724466409,-0.0124153234064579,0.0036827407311648,-0.0002539256238378,-0.0001315378176514,-0.009526228532195,-0.0001315205299761,0.0169274117797613,0.0080859037116169,0.0079444795846939,0.0255574360489845,0.002502151299268,0.0039579765871167,0.00599030777812,-0.0051596043631434,0.0060786237008869,0.0203657690435648,-0.0016029254766181,0.0073970519006252,0.0028405054472386,0.0046270587481558,-0.0034482609480619,-0.0084804752841591,0.0133465379476547,0.0156735479831695,-0.0367073416709899,0.0112808933481574,0.0067096948623657,-0.0080736503005027,0.0142103238031268,0.0121863577514886,-0.0204587914049625,-0.0089513678103685,0.0088607212528586,0.0068668914027512,0.0085319988429546,0.0093863038346171,0.0167205817997455,0.0209346618503332,-0.0051495609804987,0.0146597363054752,0.0098595395684242,0.021234331652522,-0.0135465040802955,0.0346135385334491,0.0079178446903824,-0.0368397310376167,0.0027003954164683,-0.0262377206236124,-0.0033052302896976,0.0227410551160574,0.0031933449208736,-0.0053550577722489,-0.0073457206599414,0.0143424235284328,-0.0012333309277892,0.0457954816520214,-0.0071622845716774,-0.0097962198778986,-0.0354477427899837,-0.0291455965489149,-0.0273372363299131,-0.0245398674160242,0.0098103918135166,-0.0170612744987011,-0.0078770974650979,0.0020633661188185,-0.0001323559117736,-0.0217705033719539,0.0030439831316471,-0.0250210687518119,0.0122707523405551,-0.0085017504170537,0.0091240480542182,0.0098521737381815,-0.0011624430771917,0.0065165990963578,0.0151299387216568,0.0048398054204881,-0.0131210032850503,-0.0230844616889953,0.0094229467213153,-0.0137155391275882,0.0139386700466275,-0.0235703028738498,0.0007566850399598,0.0320663414895534,-0.0337744206190109,0.0108984038233757,-0.000782542861998,0.0012590421829372,0.0050907111726701,0.0305652059614658,0.001298681483604,0.0015884564490988,-0.0422827787697315,0.0152470450848341,0.0293879453092813,0.0072356448508799,-0.1101171225309372,0.0029621531721204,0.0245417449623346,0.078421913087368,-0.008528490550816,-0.0099617671221494,-0.0017820699800501,0.0064918208430413,0.0099287010379836,0.0034951023193336,0.0109470549289771,0.0189273762319956,0.0024185643636533,0.0195974993872514,0.0451218061669838,0.184234613346232,-0.1160978503346089,0.2412192648389817,2019-02-21,2019-02-22,2019-02-25,2019-02-26,2019-02-27,2019-02-28,2019-03-01,2019-03-04,2019-03-05,2019-03-06,87432.0,2019-02-20,252.0,1.3416%,0.0002,0.9876,-0.1038,-0.4462,1.1824%,1.6681%,49.7546%,0.014225,A,87432.0,2019-02-21,252.0,-0.8528%,0.0002,0.9862,-0.108,-0.4487,1.1820%,1.6671%,49.7287%,-0.0060729999999999,A,87432.0,2019-02-22,252.0,0.6804%,0.0001,0.9875,-0.1206,-0.4449,1.1814%,1.6676%,49.8066%,-0.0057079999999999,A,87432.0,2019-02-25,252.0,1.1732%,0.0002,0.9863,-0.1262,-0.4523,1.1810%,1.6682%,49.8751%,0.0090359999999999,A,87432.0,2019-02-26,252.0,-0.9957%,0.0002,0.9984,-0.1227,-0.4415,1.1785%,1.6695%,50.1688%,-0.010779,A,87432.0,2019-02-27,252.0,1.1076%,0.0003,1.0049,-0.1314,-0.4404,1.1767%,1.6707%,50.4000%,0.00978,A,87432.0,2019-02-28,252.0,0.0252%,0.0003,0.9989,-0.1354,-0.4451,1.1749%,1.6644%,50.1705%,0.002192,A,87432.0,2019-03-01,252.0,2.2659%,0.0004,1.0035,-0.1286,-0.4443,1.1779%,1.6696%,50.2257%,0.013989,A,87432.0,2019-03-04,252.0,-1.3663%,0.0004,1.0021,-0.117,-0.4455,1.1785%,1.6680%,50.0845%,-0.007316,A,87432.0,2019-03-05,252.0,-0.4867%,0.0004,1.0044,-0.1026,-0.442,1.1782%,1.6684%,50.1296%,-0.004685,A,87432.0,2019-03-06,252.0,-1.2415%,0.0004,1.012,-0.0957,-0.4325,1.1770%,1.6705%,50.3516%,-0.0051839999999999,A,0.008152,0.002444,0.01148,0.010481,0.009477
6971,AGILENT TECHNOLOGIES INC,"Agilent Technologies Q1 EPS $0.76 Beats $0.73 Estimate, Sales $1.284B Beat $1.27B Estimate",6,increase,0.85,0.7,"the company reported better-than-expected earnings and sales, which typically leads to positive investor sentiment and an increase in stock price.",2,2019-02-20,A,2019-02-20 21:05:00+00:00,87432.0,00846U10,0.0134159047156572,2076523.0,-0.008528490550816,-0.0099617671221494,0.0068044522777199,0.0166191440075635,0.0117316776886582,-0.0029773898422718,-0.0099570620805025,0.0023355430457741,0.0110756857320666,0.0130125898867845,0.0002518795372452,0.0036939152050763,0.0226585511118173,0.0062392302788794,-0.0136632276698947,-0.0127129908651113,-0.0048670833930373,-0.0001309724466409,-0.0124153234064579,0.0036827407311648,-0.0002539256238378,-0.0001315378176514,-0.009526228532195,-0.0001315205299761,0.0169274117797613,0.0080859037116169,0.0079444795846939,0.0255574360489845,0.002502151299268,0.0039579765871167,0.00599030777812,-0.0051596043631434,0.0060786237008869,0.0203657690435648,-0.0016029254766181,0.0073970519006252,0.0028405054472386,0.0046270587481558,-0.0034482609480619,-0.0084804752841591,0.0133465379476547,0.0156735479831695,-0.0367073416709899,0.0112808933481574,0.0067096948623657,-0.0080736503005027,0.0142103238031268,0.0121863577514886,-0.0204587914049625,-0.0089513678103685,0.0088607212528586,0.0068668914027512,0.0085319988429546,0.0093863038346171,0.0167205817997455,0.0209346618503332,-0.0051495609804987,0.0146597363054752,0.0098595395684242,0.021234331652522,-0.0135465040802955,0.0346135385334491,0.0079178446903824,-0.0368397310376167,0.0027003954164683,-0.0262377206236124,-0.0033052302896976,0.0227410551160574,0.0031933449208736,-0.0053550577722489,-0.0073457206599414,0.0143424235284328,-0.0012333309277892,0.0457954816520214,-0.0071622845716774,-0.0097962198778986,-0.0354477427899837,-0.0291455965489149,-0.0273372363299131,-0.0245398674160242,0.0098103918135166,-0.0170612744987011,-0.0078770974650979,0.0020633661188185,-0.0001323559117736,-0.0217705033719539,0.0030439831316471,-0.0250210687518119,0.0122707523405551,-0.0085017504170537,0.0091240480542182,0.0098521737381815,-0.0011624430771917,0.0065165990963578,0.0151299387216568,0.0048398054204881,-0.0131210032850503,-0.0230844616889953,0.0094229467213153,-0.0137155391275882,0.0139386700466275,-0.0235703028738498,0.0007566850399598,0.0320663414895534,-0.0337744206190109,0.0108984038233757,-0.000782542861998,0.0012590421829372,0.0050907111726701,0.0305652059614658,0.001298681483604,0.0015884564490988,-0.0422827787697315,0.0152470450848341,0.0293879453092813,0.0072356448508799,-0.1101171225309372,0.0029621531721204,0.0245417449623346,0.078421913087368,-0.008528490550816,-0.0099617671221494,-0.0017820699800501,0.0064918208430413,0.0099287010379836,0.0034951023193336,0.0109470549289771,0.0189273762319956,0.0024185643636533,0.0195974993872514,0.0451218061669838,0.184234613346232,-0.1160978503346089,0.2412192648389817,2019-02-21,2019-02-22,2019-02-25,2019-02-26,2019-02-27,2019-02-28,2019-03-01,2019-03-04,2019-03-05,2019-03-06,87432.0,2019-02-20,252.0,1.3416%,0.0002,0.9876,-0.1038,-0.4462,1.1824%,1.6681%,49.7546%,0.014225,A,87432.0,2019-02-21,252.0,-0.8528%,0.0002,0.9862,-0.108,-0.4487,1.1820%,1.6671%,49.7287%,-0.0060729999999999,A,87432.0,2019-02-22,252.0,0.6804%,0.0001,0.9875,-0.1206,-0.4449,1.1814%,1.6676%,49.8066%,-0.0057079999999999,A,87432.0,2019-02-25,252.0,1.1732%,0.0002,0.9863,-0.1262,-0.4523,1.1810%,1.6682%,49.8751%,0.0090359999999999,A,87432.0,2019-02-26,252.0,-0.9957%,0.0002,0.9984,-0.1227,-0.4415,1.1785%,1.6695%,50.1688%,-0.010779,A,87432.0,2019-02-27,252.0,1.1076%,0.0003,1.0049,-0.1314,-0.4404,1.1767%,1.6707%,50.4000%,0.00978,A,87432.0,2019-02-28,252.0,0.0252%,0.0003,0.9989,-0.1354,-0.4451,1.1749%,1.6644%,50.1705%,0.002192,A,87432.0,2019-03-01,252.0,2.2659%,0.0004,1.0035,-0.1286,-0.4443,1.1779%,1.6696%,50.2257%,0.013989,A,87432.0,2019-03-04,252.0,-1.3663%,0.0004,1.0021,-0.117,-0.4455,1.1785%,1.6680%,50.0845%,-0.007316,A,87432.0,2019-03-05,252.0,-0.4867%,0.0004,1.0044,-0.1026,-0.442,1.1782%,1.6684%,50.1296%,-0.004685,A,87432.0,2019-03-06,252.0,-1.2415%,0.0004,1.012,-0.0957,-0.4325,1.1770%,1.6705%,50.3516%,-0.0051839999999999,A,0.008152,0.002444,0.01148,0.010481,0.009477
6979,ADVANCE AUTO PARTS INC,Morgan Stanley Maintains Overweight On Advance Auto As Firm Notes Co. 'has one of the largest margin opportunities in retail'; While '2019 margin guidance of 20-60 bps is a disappointment relative to the bull case but is a step in the right direction',6,increase,0.7,0.5,"morgan stanley's 'overweight' rating and acknowledgment of margin opportunities suggest positive sentiment, despite the disappointment in margin guidance.",2,2019-02-20,AAP,2019-02-20 13:46:00+00:00,89217.0,00751Y10,-0.0068206256255507,1990237.0,-0.0282530263066291,-0.0167657267302274,0.0009919017320498,0.007407845929265,-0.0232860259711742,0.013696976006031,0.0330352634191513,-0.008517438545823,-0.028357446193695,0.0167140699923038,0.0219835489988327,0.0167477447539567,-0.0071702538989484,-0.0044136652722954,-0.0138214500620961,0.0375906601548194,-0.006881290115416,-0.02626040764153,0.0041955607011914,0.0006817515240982,-0.0243083890527486,0.0145247289910912,-0.0153117533773183,-0.0010050481650978,0.0243131201714277,0.0010060592321679,-0.0037952628917992,0.0234892461448907,-0.0010976830963045,0.0034224381670355,-0.0045248670503497,0.0107035590335726,0.005454521626234,-0.0197683852165937,0.0434642918407917,-0.048804260790348,0.0114500885829329,0.001218527671881,0.004466991405934,-0.0207624584436416,0.0303381886333227,0.0079985680058598,-0.0250192862004041,0.0236394740641117,0.0178354922682046,0.013476438820362,0.0029205239843577,0.0098286131396889,-0.008201134391129,-0.0043908981606364,0.0111450692638754,-0.0342279560863971,0.0105481408536434,0.0038923230022192,0.0181786548346281,0.0275589823722839,-0.001670267432928,-0.0069504478015005,-0.0095188301056623,0.0146716320887208,0.0134544670581817,-0.0248081572353839,0.0159770045429468,0.0312183890491724,0.0045819524675607,0.0029213223606348,-0.0109240524470806,0.0128650451079011,0.0179334431886673,0.0049777249805629,0.0120805576443672,-0.002193100284785,-0.0046972041018307,0.0410287454724311,0.0073288106359541,-0.0164454486221075,-0.008157392963767,-0.007147517055273,-0.0174492876976728,-0.0228029415011405,-0.0079746833071112,-0.0133974365890026,-0.0303306281566619,-0.0037773284129798,0.0140522066503763,-0.0301624275743961,-0.0035368504468351,-0.0150940800085663,-0.0070988084189593,-0.00413224613294,-0.0026371129788458,0.0071169640868902,-0.0200951769948005,-0.0022266060113906,-0.0026983085554093,-0.0084730489179492,-0.0149711724370718,-0.0464838333427906,0.0180064514279365,-0.0136371729895472,-0.0210456568747758,0.0016864526551216,-0.0078397672623395,0.0010128449648618,-0.0082103945314884,0.0002251845871796,-0.0126976752653718,-0.0071528293192386,0.0080065838992595,-0.0017850578296929,-0.0110701378434896,0.0087216012179851,-0.0173918548971414,0.0027081680018454,0.0024458060506731,0.0147135015577077,0.0005136554245837,0.0183058325201273,0.0093049919232726,-0.0349929742515087,-0.0282530263066291,-0.0167657267302274,-0.0272891488003085,-0.0094820787214721,-0.0499397189437875,0.0040850214798235,-0.0463855229865335,0.0121721937298109,-0.0483734850768555,0.0358846785725424,0.0346441705570448,0.0524526284611439,-0.0521938880802003,-0.0593206221446335,2019-02-21,2019-02-22,2019-02-25,2019-02-26,2019-02-27,2019-02-28,2019-03-01,2019-03-04,2019-03-05,2019-03-06,89217.0,2019-02-20,252.0,-0.6821%,0.0018,0.7446,0.3545,0.2483,1.8513%,2.0019%,14.4749%,-0.0105099999999999,AAP,89217.0,2019-02-21,252.0,-2.8253%,0.0018,0.745,0.3493,0.2491,1.8561%,2.0059%,14.3715%,-0.024779,AAP,89217.0,2019-02-22,252.0,0.0992%,0.0014,0.7497,0.2394,0.2056,1.7848%,1.9406%,15.4118%,-0.00221,AAP,89217.0,2019-02-25,252.0,-2.3286%,0.0014,0.7461,0.2481,0.1969,1.7806%,1.9362%,15.4313%,-0.0235179999999999,AAP,89217.0,2019-02-26,252.0,3.3035%,0.0014,0.7142,0.2305,0.164,1.7751%,1.9194%,14.4635%,0.036367,AAP,89217.0,2019-02-27,252.0,-2.8357%,0.0014,0.7228,0.2062,0.1653,1.7808%,1.9265%,14.5566%,-0.029341,AAP,89217.0,2019-02-28,252.0,2.1984%,0.0016,0.6986,0.1904,0.1424,1.7719%,1.9093%,13.8722%,0.024496,AAP,89217.0,2019-03-01,252.0,-0.7170%,0.0014,0.7249,0.2295,0.1895,1.7477%,1.8943%,14.8738%,-0.012273,AAP,89217.0,2019-03-04,252.0,-1.3821%,0.0012,0.7421,0.1827,0.1828,1.7360%,1.8890%,15.5388%,-0.009963,AAP,89217.0,2019-03-05,252.0,-0.6881%,0.0012,0.7476,0.2217,0.1889,1.7317%,1.8877%,15.8461%,-0.004705,AAP,89217.0,2019-03-06,252.0,0.4196%,0.0013,0.7461,0.1944,0.1835,1.7328%,1.8878%,15.7460%,0.013103,AAP,-0.035289,-0.037499,-0.061017,-0.053991,-0.0433329999999999
6987,ABBVIE INC,"Morgan Stanley Expects A Verdict On Amgen Vs. Sandoz Enbrel IP Litigation In 1Q19; Firm Estimates 'ABBV could be down 6–8% if the ruling is against Amgen, up 1–2% if it's for Amgen, and ~0% if there is a settlement'",6,decrease,0.8,0.07,"the news suggests that if the ruling is against amgen, abbvie could see a significant decline in stock price, indicating a negative outlook for abbvie's stock.",0,2019-02-20,ABBV,2019-02-20 13:40:00+00:00,13721.0,00287Y10,-0.0065822005271911,5564105.0,-0.0155019117519259,-0.004081655293703,0.0161269418895244,0.0040983837097883,0.0033742100931704,-0.0033420505933463,0.0027400823310017,0.0107594216242432,-0.0136628793552517,0.002005812479183,-0.0021408612374216,0.0012551584513857,0.0108531126752495,0.0063155237585306,-0.0079900054261088,0.0011380417272448,-0.0069216638803482,-0.0076546692289412,-0.0103916777297854,0.0147714717313647,0.001920880167745,-0.024472065269947,-0.0084355324506759,0.0026155072264373,0.0064449599012732,0.0155578469857573,0.0084528177976608,0.020524026826024,0.0024130358360707,0.0042779599316418,0.0129228001460433,-0.0422150678932666,0.017385859042406,-0.0621797442436218,-0.0084828482940793,-0.0290559604763984,0.002107850741595,-0.002368674846366,-0.0048255305737257,-0.0093854339793324,0.0100708389654755,0.0263761822134256,-0.0182175748050212,0.0192868951708078,-0.0031344031449407,0.000584830995649,0.0157212931662797,0.0087305074557662,-0.0107726939022541,-0.0280828382819891,0.0008762009674683,0.0012471724767237,0.0078789051622152,0.00444140098989,0.002357643097639,-0.0328230336308479,0.0283486135303974,0.0046475394628942,0.0001204061190946,0.0145952962338924,-0.003249930916354,0.0322169288992881,0.0077285282313823,-0.0329485870897769,0.0063511854968965,-0.0321075916290283,-0.0153608107939362,0.0117427529767155,0.0031442071776837,0.0134578915312886,-0.0142254410311579,0.0097709205001592,0.0009783806744962,0.0579847544431686,0.0030948254279792,-0.0089495349675416,-0.0101197054609656,-0.0052712261676788,-0.0278019662946462,0.0221504569053649,-0.0052578053437173,-0.0007179371314123,0.0074771409854292,-0.0158954244107008,0.0065259388647973,-0.0079430006444454,0.0001270595821551,-0.0239425208419561,0.0085165649652481,-0.0100451400503516,0.0045374417677521,0.0048769456334412,0.0075283078476786,0.0063919364474713,-0.0113325482234358,0.0074747186154127,-0.0062980223447084,-0.0373076796531677,-0.0053238454274833,-0.0024296103511005,0.0030584663618355,-0.0332052148878574,0.006987715139985,-0.0064707011915743,-0.016527947038412,0.048492856323719,0.0005131612415425,0.0109062427654862,-0.0010256982641294,0.0143704619258642,-0.0059043345972895,0.0166976172477006,-0.0074886279180645,0.0071236789226531,0.0204240884631872,-0.0060360333882272,0.0043344763107597,-0.0220228731632232,0.0091393906623125,-0.0155342752113938,-0.0155019117519259,-0.004081655293703,0.0003750317075985,2.265205800711101e-10,0.003750507236542,-0.0033420503675828,-0.0072508336405958,0.0094020309366122,-0.0237529884730418,0.0253406070613013,0.038629879690768,-0.0845798617155368,0.0070389747031205,-0.0887743809982943,2019-02-21,2019-02-22,2019-02-25,2019-02-26,2019-02-27,2019-02-28,2019-03-01,2019-03-04,2019-03-05,2019-03-06,13721.0,2019-02-20,252.0,-0.6582%,-0.0014,1.0001,-0.3421,-0.0731,1.7078%,2.0206%,28.5611%,-0.0076149999999999,ABBV,13721.0,2019-02-21,252.0,-1.5502%,-0.0014,1.0029,-0.3387,-0.0678,1.7092%,2.0224%,28.5778%,-0.012309,ABBV,13721.0,2019-02-22,252.0,1.6127%,-0.0014,1.0016,-0.3468,-0.0907,1.7100%,2.0254%,28.7148%,0.010375,ABBV,13721.0,2019-02-25,252.0,0.3374%,-0.0014,1.0014,-0.348,-0.0922,1.7100%,2.0255%,28.7258%,0.000707,ABBV,13721.0,2019-02-26,252.0,0.2740%,-0.0014,1.004,-0.3549,-0.0937,1.7098%,2.0244%,28.6679%,0.00171,ABBV,13721.0,2019-02-27,252.0,-1.3663%,-0.0015,0.9985,-0.3489,-0.0947,1.7101%,2.0199%,28.3271%,-0.014105,ABBV,13721.0,2019-02-28,252.0,-0.2141%,-0.0014,0.9907,-0.3542,-0.1009,1.7079%,2.0134%,28.0456%,0.000688,ABBV,13721.0,2019-03-01,252.0,1.0853%,-0.0013,0.9858,-0.3615,-0.1111,1.7071%,2.0111%,27.9505%,0.004254,ABBV,13721.0,2019-03-04,252.0,-0.7990%,-0.0013,0.9858,-0.3593,-0.1117,1.7071%,2.0090%,27.7943%,-0.003967,ABBV,13721.0,2019-03-05,252.0,-0.6922%,-0.0014,0.9847,-0.3711,-0.1104,1.7066%,2.0080%,27.7681%,-0.0067179999999999,ABBV,13721.0,2019-03-06,252.0,-1.0392%,-0.0014,0.9896,-0.3622,-0.1037,1.7066%,2.0084%,27.7938%,-0.006842,ABBV,-0.019924,-0.009549,-0.008842,-0.021237,-0.033822
6995,ABBVIE INC,AbbVie Reports HUMIRA Approved By Health Canada To Treat Pediatric Patients With Chronic Non-Infectious Anterior Uveitis,6,increase,0.8,0.6,"the approval of humira for pediatric patients expands abbvie's market potential and could lead to increased sales, positively impacting the stock price.",2,2019-02-20,ABBV,2019-02-20 13:06:00+00:00,13721.0,00287Y10,-0.0065822005271911,5564105.0,-0.0155019117519259,-0.004081655293703,0.0161269418895244,0.0040983837097883,0.0033742100931704,-0.0033420505933463,0.0027400823310017,0.0107594216242432,-0.0136628793552517,0.002005812479183,-0.0021408612374216,0.0012551584513857,0.0108531126752495,0.0063155237585306,-0.0079900054261088,0.0011380417272448,-0.0069216638803482,-0.0076546692289412,-0.0103916777297854,0.0147714717313647,0.001920880167745,-0.024472065269947,-0.0084355324506759,0.0026155072264373,0.0064449599012732,0.0155578469857573,0.0084528177976608,0.020524026826024,0.0024130358360707,0.0042779599316418,0.0129228001460433,-0.0422150678932666,0.017385859042406,-0.0621797442436218,-0.0084828482940793,-0.0290559604763984,0.002107850741595,-0.002368674846366,-0.0048255305737257,-0.0093854339793324,0.0100708389654755,0.0263761822134256,-0.0182175748050212,0.0192868951708078,-0.0031344031449407,0.000584830995649,0.0157212931662797,0.0087305074557662,-0.0107726939022541,-0.0280828382819891,0.0008762009674683,0.0012471724767237,0.0078789051622152,0.00444140098989,0.002357643097639,-0.0328230336308479,0.0283486135303974,0.0046475394628942,0.0001204061190946,0.0145952962338924,-0.003249930916354,0.0322169288992881,0.0077285282313823,-0.0329485870897769,0.0063511854968965,-0.0321075916290283,-0.0153608107939362,0.0117427529767155,0.0031442071776837,0.0134578915312886,-0.0142254410311579,0.0097709205001592,0.0009783806744962,0.0579847544431686,0.0030948254279792,-0.0089495349675416,-0.0101197054609656,-0.0052712261676788,-0.0278019662946462,0.0221504569053649,-0.0052578053437173,-0.0007179371314123,0.0074771409854292,-0.0158954244107008,0.0065259388647973,-0.0079430006444454,0.0001270595821551,-0.0239425208419561,0.0085165649652481,-0.0100451400503516,0.0045374417677521,0.0048769456334412,0.0075283078476786,0.0063919364474713,-0.0113325482234358,0.0074747186154127,-0.0062980223447084,-0.0373076796531677,-0.0053238454274833,-0.0024296103511005,0.0030584663618355,-0.0332052148878574,0.006987715139985,-0.0064707011915743,-0.016527947038412,0.048492856323719,0.0005131612415425,0.0109062427654862,-0.0010256982641294,0.0143704619258642,-0.0059043345972895,0.0166976172477006,-0.0074886279180645,0.0071236789226531,0.0204240884631872,-0.0060360333882272,0.0043344763107597,-0.0220228731632232,0.0091393906623125,-0.0155342752113938,-0.0155019117519259,-0.004081655293703,0.0003750317075985,2.265205800711101e-10,0.003750507236542,-0.0033420503675828,-0.0072508336405958,0.0094020309366122,-0.0237529884730418,0.0253406070613013,0.038629879690768,-0.0845798617155368,0.0070389747031205,-0.0887743809982943,2019-02-21,2019-02-22,2019-02-25,2019-02-26,2019-02-27,2019-02-28,2019-03-01,2019-03-04,2019-03-05,2019-03-06,13721.0,2019-02-20,252.0,-0.6582%,-0.0014,1.0001,-0.3421,-0.0731,1.7078%,2.0206%,28.5611%,-0.0076149999999999,ABBV,13721.0,2019-02-21,252.0,-1.5502%,-0.0014,1.0029,-0.3387,-0.0678,1.7092%,2.0224%,28.5778%,-0.012309,ABBV,13721.0,2019-02-22,252.0,1.6127%,-0.0014,1.0016,-0.3468,-0.0907,1.7100%,2.0254%,28.7148%,0.010375,ABBV,13721.0,2019-02-25,252.0,0.3374%,-0.0014,1.0014,-0.348,-0.0922,1.7100%,2.0255%,28.7258%,0.000707,ABBV,13721.0,2019-02-26,252.0,0.2740%,-0.0014,1.004,-0.3549,-0.0937,1.7098%,2.0244%,28.6679%,0.00171,ABBV,13721.0,2019-02-27,252.0,-1.3663%,-0.0015,0.9985,-0.3489,-0.0947,1.7101%,2.0199%,28.3271%,-0.014105,ABBV,13721.0,2019-02-28,252.0,-0.2141%,-0.0014,0.9907,-0.3542,-0.1009,1.7079%,2.0134%,28.0456%,0.000688,ABBV,13721.0,2019-03-01,252.0,1.0853%,-0.0013,0.9858,-0.3615,-0.1111,1.7071%,2.0111%,27.9505%,0.004254,ABBV,13721.0,2019-03-04,252.0,-0.7990%,-0.0013,0.9858,-0.3593,-0.1117,1.7071%,2.0090%,27.7943%,-0.003967,ABBV,13721.0,2019-03-05,252.0,-0.6922%,-0.0014,0.9847,-0.3711,-0.1104,1.7066%,2.0080%,27.7681%,-0.0067179999999999,ABBV,13721.0,2019-03-06,252.0,-1.0392%,-0.0014,0.9896,-0.3622,-0.1037,1.7066%,2.0084%,27.7938%,-0.006842,ABBV,-0.019924,-0.009549,-0.008842,-0.021237,-0.033822
7003,ADICET BIO INC,ACETO shares are trading lower after the company filed for Ch 11 bankruptcy relief and announced the proposed sale of its chemicals business for $338 million.,6,uncertain,0.5,0.5,"the news about aceto's bankruptcy and sale does not directly relate to adicet bio inc, making the impact on its stock price uncertain.",1,2019-02-20,ACET,2019-02-20 13:53:00+00:00,17272.0,00700210,-0.0348557643592357,50487.0,0.0,0.0374063849449157,0.0037360757123678,0.0050125862471759,-0.0062034972943365,-0.0488677360117435,0.0324594527482986,0.0409429147839546,0.0314388461410999,-0.0024751862511038,0.0035170793998986,-0.0460449047386646,0.024532712996006,0.0131579684093594,0.0,0.0773195102810859,-0.0216648261994123,-0.0038510567974299,-0.0501165874302387,-0.0274657011032104,-0.0196318831294775,-0.0707656219601631,0.0287860445678234,-0.0292793046683073,0.0766423493623733,-0.0033669734839349,-0.0677966475486755,0.0905752480030059,0.0436363220214843,-0.0376913659274578,0.0069686900824308,0.0253623239696025,0.0103806406259536,0.0534350611269474,0.0331050157546997,-0.0472727119922637,-0.2287292927503586,-0.0072202668525278,-0.0931232199072837,-0.03707991912961,0.0173775888979435,0.0720496773719787,0.0046583437360823,-0.0049443710595369,0.0030911872163414,0.0012376521481201,0.0554699748754501,0.0074812299571931,0.0248175300657749,-0.0135300932452082,0.0,-0.018115896731615,-0.02849000133574,-0.0427745543420314,0.019061530008912,0.0200471803545951,0.0,-0.0482604168355464,-0.0014388132840394,0.0148063916712999,-0.002881841501221,0.0591073296964168,0.0057803411036729,-0.0685392916202545,0.0,0.0324825681746006,0.0014367459807544,-0.0204545799642801,0.0717360153794288,0.02803735435009,-0.0227576438337564,0.0740276873111724,0.0698629766702652,-0.0087064886465668,-0.0819462090730667,0.0012453586095944,0.0125523228198289,-0.1077778041362762,-0.0330578833818435,-0.064449056982994,-0.042735069990158,-0.0437376275658607,-0.0327380634844303,-0.0728110522031784,0.0830769166350364,-0.1193181276321411,0.0909090712666511,-0.0805970132350921,-0.0182291492819786,0.0197868552058935,0.0305039808154106,0.0403800643980503,0.0694981291890144,0.0023809310514479,-0.031287632882595,0.044776115566492,-0.0012422644067555,-0.0420968793332576,0.0049751196056604,0.0642434656620025,0.0099009806290268,-0.0927914157509803,-0.0024509197100996,-0.0015314285410568,-0.01719905808568,-0.0053312792442739,-0.0012500286102294,-0.0216095354408025,0.0901126787066459,0.00373972998932,0.009184836409986,-0.0074239331297576,-0.080773614346981,0.0385504998266696,0.0061881425790488,0.0310016181319952,-0.0246002804487943,0.03030302003026,0.0189155228435993,-0.0263157840818166,0.0,0.0374063849449157,0.0037360757123678,0.0426064739228231,-0.0024905983175417,-0.0083433440089721,0.0622665016918768,0.0297029392173917,0.0149439432873472,0.0387015488299917,-0.1357409292535323,-0.0523918128491592,0.0062266807376993,-0.3365231569323623,2019-02-21,2019-02-22,2019-02-25,2019-02-26,2019-02-27,2019-02-28,2019-03-01,2019-03-04,2019-03-05,2019-03-06,17272.0,2019-02-20,252.0,-3.4856%,-0.0026,1.3808,-0.1436,-1.248,5.4398%,5.7592%,10.7833%,-0.030745,TORC,17272.0,2019-02-21,252.0,0.0000%,-0.0027,1.3967,-0.1101,-1.2188,5.4317%,5.7533%,10.8656%,0.002038,TORC,17272.0,2019-02-22,252.0,0.3736%,-0.0029,1.4008,-0.1446,-1.2018,5.4313%,5.7529%,10.8671%,-0.022753,TORC,17272.0,2019-02-25,252.0,-0.6203%,-0.0029,1.4003,-0.1411,-1.2016,5.4315%,5.7530%,10.8633%,-0.010944,TORC,17272.0,2019-02-26,252.0,3.2459%,-0.0029,1.3695,-0.1566,-1.2326,5.4295%,5.7433%,10.6295%,0.029731,TORC,17272.0,2019-02-27,252.0,3.1439%,-0.0027,1.3818,-0.1692,-1.2305,5.4306%,5.7468%,10.7017%,0.028925,TORC,17272.0,2019-02-28,252.0,0.3517%,-0.0026,1.3688,-0.1779,-1.2416,5.4291%,5.7415%,10.5867%,0.004658,TORC,17272.0,2019-03-01,252.0,2.4533%,-0.0025,1.3718,-0.1735,-1.2429,5.4297%,5.7435%,10.6287%,0.010136,TORC,17272.0,2019-03-04,252.0,0.0000%,-0.0023,1.3524,-0.1214,-1.2351,5.4251%,5.7325%,10.4379%,0.0111969999999999,TORC,17272.0,2019-03-05,252.0,-2.1665%,-0.0022,1.3664,-0.026,-1.2175,5.4184%,5.7300%,10.5821%,-0.0227959999999999,TORC,17272.0,2019-03-06,252.0,-5.0117%,-0.0023,1.3895,0.0417,-1.1822,5.4222%,5.7382%,10.7098%,-0.038569,TORC,-0.028707,-0.05146,-0.062404,-0.003748,-0.039122
7011,ADICET BIO INC,ACETO Announces Proposed Sale of its Chemicals Business Assets to New Mountain Capital for $338M,6,uncertain,0.4,0.2,"the news about aceto's sale of its chemicals business does not directly relate to adicet bio inc, making the impact on its stock price uncertain.",1,2019-02-20,ACET,2019-02-20 08:49:00+00:00,17272.0,00700210,-0.0348557643592357,50487.0,0.0,0.0374063849449157,0.0037360757123678,0.0050125862471759,-0.0062034972943365,-0.0488677360117435,0.0324594527482986,0.0409429147839546,0.0314388461410999,-0.0024751862511038,0.0035170793998986,-0.0460449047386646,0.024532712996006,0.0131579684093594,0.0,0.0773195102810859,-0.0216648261994123,-0.0038510567974299,-0.0501165874302387,-0.0274657011032104,-0.0196318831294775,-0.0707656219601631,0.0287860445678234,-0.0292793046683073,0.0766423493623733,-0.0033669734839349,-0.0677966475486755,0.0905752480030059,0.0436363220214843,-0.0376913659274578,0.0069686900824308,0.0253623239696025,0.0103806406259536,0.0534350611269474,0.0331050157546997,-0.0472727119922637,-0.2287292927503586,-0.0072202668525278,-0.0931232199072837,-0.03707991912961,0.0173775888979435,0.0720496773719787,0.0046583437360823,-0.0049443710595369,0.0030911872163414,0.0012376521481201,0.0554699748754501,0.0074812299571931,0.0248175300657749,-0.0135300932452082,0.0,-0.018115896731615,-0.02849000133574,-0.0427745543420314,0.019061530008912,0.0200471803545951,0.0,-0.0482604168355464,-0.0014388132840394,0.0148063916712999,-0.002881841501221,0.0591073296964168,0.0057803411036729,-0.0685392916202545,0.0,0.0324825681746006,0.0014367459807544,-0.0204545799642801,0.0717360153794288,0.02803735435009,-0.0227576438337564,0.0740276873111724,0.0698629766702652,-0.0087064886465668,-0.0819462090730667,0.0012453586095944,0.0125523228198289,-0.1077778041362762,-0.0330578833818435,-0.064449056982994,-0.042735069990158,-0.0437376275658607,-0.0327380634844303,-0.0728110522031784,0.0830769166350364,-0.1193181276321411,0.0909090712666511,-0.0805970132350921,-0.0182291492819786,0.0197868552058935,0.0305039808154106,0.0403800643980503,0.0694981291890144,0.0023809310514479,-0.031287632882595,0.044776115566492,-0.0012422644067555,-0.0420968793332576,0.0049751196056604,0.0642434656620025,0.0099009806290268,-0.0927914157509803,-0.0024509197100996,-0.0015314285410568,-0.01719905808568,-0.0053312792442739,-0.0012500286102294,-0.0216095354408025,0.0901126787066459,0.00373972998932,0.009184836409986,-0.0074239331297576,-0.080773614346981,0.0385504998266696,0.0061881425790488,0.0310016181319952,-0.0246002804487943,0.03030302003026,0.0189155228435993,-0.0263157840818166,0.0,0.0374063849449157,0.0037360757123678,0.0426064739228231,-0.0024905983175417,-0.0083433440089721,0.0622665016918768,0.0297029392173917,0.0149439432873472,0.0387015488299917,-0.1357409292535323,-0.0523918128491592,0.0062266807376993,-0.3365231569323623,2019-02-21,2019-02-22,2019-02-25,2019-02-26,2019-02-27,2019-02-28,2019-03-01,2019-03-04,2019-03-05,2019-03-06,17272.0,2019-02-20,252.0,-3.4856%,-0.0026,1.3808,-0.1436,-1.248,5.4398%,5.7592%,10.7833%,-0.030745,TORC,17272.0,2019-02-21,252.0,0.0000%,-0.0027,1.3967,-0.1101,-1.2188,5.4317%,5.7533%,10.8656%,0.002038,TORC,17272.0,2019-02-22,252.0,0.3736%,-0.0029,1.4008,-0.1446,-1.2018,5.4313%,5.7529%,10.8671%,-0.022753,TORC,17272.0,2019-02-25,252.0,-0.6203%,-0.0029,1.4003,-0.1411,-1.2016,5.4315%,5.7530%,10.8633%,-0.010944,TORC,17272.0,2019-02-26,252.0,3.2459%,-0.0029,1.3695,-0.1566,-1.2326,5.4295%,5.7433%,10.6295%,0.029731,TORC,17272.0,2019-02-27,252.0,3.1439%,-0.0027,1.3818,-0.1692,-1.2305,5.4306%,5.7468%,10.7017%,0.028925,TORC,17272.0,2019-02-28,252.0,0.3517%,-0.0026,1.3688,-0.1779,-1.2416,5.4291%,5.7415%,10.5867%,0.004658,TORC,17272.0,2019-03-01,252.0,2.4533%,-0.0025,1.3718,-0.1735,-1.2429,5.4297%,5.7435%,10.6287%,0.010136,TORC,17272.0,2019-03-04,252.0,0.0000%,-0.0023,1.3524,-0.1214,-1.2351,5.4251%,5.7325%,10.4379%,0.0111969999999999,TORC,17272.0,2019-03-05,252.0,-2.1665%,-0.0022,1.3664,-0.026,-1.2175,5.4184%,5.7300%,10.5821%,-0.0227959999999999,TORC,17272.0,2019-03-06,252.0,-5.0117%,-0.0023,1.3895,0.0417,-1.1822,5.4222%,5.7382%,10.7098%,-0.038569,TORC,-0.028707,-0.05146,-0.062404,-0.003748,-0.039122
7019,ACCENTURE PLC IRELAND,"Accenture Reports Partnership With Minority Equity Investment In Splice Machine, No Terms Disclosed",6,uncertain,0.6,0.3,"the partnership and minority equity investment could be seen as a positive strategic move, but without disclosed terms, the impact on stock price remains unclear.",1,2019-02-20,ACN,2019-02-20 12:59:00+00:00,89071.0,G1151C10,0.0014422560343518,1942259.0,-0.0011270924005657,0.0015700559597462,0.0123487822711467,0.0087424106895923,0.0010526202386245,-0.0011389779392629,-0.0020412064623087,0.0089382231235504,-0.0044005918316543,0.0084341838955879,0.0046691154129803,-0.0017352594295516,0.0174742341041564,0.0026421167422086,-0.0084043219685554,-0.0125986952334642,0.0052204323001205,-0.0010170586174353,-0.007820607163012,0.0049185836687684,-0.0033252865541726,0.0116970241069793,-0.0009885922772809,0.0077499342150986,0.0139155173674225,-0.0035044020041823,0.000305008230498,0.0136165767908096,0.0007317221607081,-0.0014450947055593,0.0043264073319733,0.0025683199055492,0.0095254946500062,0.0113220931962132,0.0002403587131993,0.0116560822352767,-0.0013819368323311,-0.0036920390557497,0.0004212233761791,-0.0098371272906661,0.0118482057005167,0.0089190043509006,-0.0178316682577133,0.0083851106464862,-0.0009683106909506,0.0067397747188806,0.0112672680988907,0.0135238170623779,-0.0028153900057077,-0.0088901259005069,0.051961276680231,-0.0053734765388071,0.0051393853500485,0.0078837955370545,0.0017043690895661,0.0050295973196625,-0.0053880000486969,0.0252896435558795,0.0103780999779701,0.0034733833745121,-0.0001693028898444,0.0388836748898029,0.0055881137959659,-0.0341418534517288,0.0042661228217184,-0.0029784992802888,-0.0065955389291048,0.0085108503699302,0.0041073784232139,-0.0042019537650048,0.0076836193911731,0.0100712841376662,0.001569851883687,0.0399491004645824,0.0036946018226444,-0.0257288552820682,-0.0013385693309828,-0.0439024604856967,-0.0006143226637504,-0.0494171045720577,-0.0018999516032636,-0.0077559659257531,-0.0030233094003051,0.0030988410580903,0.0135339377447962,-0.0248183663934469,0.001828467589803,-0.0294539853930473,-0.004756377544254,0.0102761629968881,0.0048902747221291,0.0020214279647916,0.0021014481317251,0.0036774144973605,0.008056903257966,0.0017148572951555,-0.0074451230466365,-0.0113030020147562,-0.0105895884335041,-0.0302052646875381,-0.0134344371035695,-0.015645608305931,-0.0040682633407413,0.0139800813049078,-0.0131623288616538,0.0214192382991313,-0.0006898649735376,-0.0070279226638376,0.0036819661036133,0.0194834154099226,-0.0009171366109512,0.0044823656789958,-0.0188181214034557,0.0093672424554824,0.0151444058865308,-0.0003185313544236,0.0103104272857308,-0.0120830601081252,0.0157924983650445,-0.0237759426236152,-0.0011270924005657,0.0015700559597462,0.0112077716519269,0.0103261927233444,0.0122721894178221,0.009175453478373,0.0057604289066326,0.0267833385338485,0.0167803673407369,0.0187160176223208,0.1094483433188711,0.1305024983684775,0.1247864351548666,-0.020212619573968,2019-02-21,2019-02-22,2019-02-25,2019-02-26,2019-02-27,2019-02-28,2019-03-01,2019-03-04,2019-03-05,2019-03-06,89071.0,2019-02-20,252.0,0.1442%,-0.0001,1.1009,-0.3796,-0.1387,0.8276%,1.4603%,67.8807%,0.00081,ACN,89071.0,2019-02-21,252.0,-0.1127%,-0.0001,1.0995,-0.3819,-0.1413,0.8276%,1.4595%,67.8467%,0.002261,ACN,89071.0,2019-02-22,252.0,1.2349%,-0.0001,1.0988,-0.3835,-0.1506,0.8281%,1.4610%,67.8704%,0.0051249999999999,ACN,89071.0,2019-02-25,252.0,0.1053%,-0.0001,1.0987,-0.3827,-0.1507,0.8282%,1.4610%,67.8671%,-0.001964,ACN,89071.0,2019-02-26,252.0,-0.2041%,-0.0001,1.1007,-0.3801,-0.1479,0.8283%,1.4575%,67.7004%,-0.00333,ACN,89071.0,2019-02-27,252.0,-0.4401%,-0.0001,1.102,-0.384,-0.1477,0.8286%,1.4561%,67.6180%,-0.004946,ACN,89071.0,2019-02-28,252.0,0.4669%,-0.0001,1.1003,-0.3849,-0.1508,0.8301%,1.4539%,67.4074%,0.007693,ACN,89071.0,2019-03-01,252.0,1.7474%,-0.0,1.1029,-0.3811,-0.1515,0.8324%,1.4567%,67.3452%,0.009975,ACN,89071.0,2019-03-04,252.0,-0.8404%,0.0,1.0971,-0.3585,-0.1507,0.8284%,1.4451%,67.1349%,-0.003693,ACN,89071.0,2019-03-05,252.0,0.5220%,0.0,1.0952,-0.3697,-0.1541,0.8287%,1.4444%,67.0860%,0.005522,ACN,89071.0,2019-03-06,252.0,-0.7821%,0.0,1.0988,-0.3648,-0.1494,0.8285%,1.4444%,67.0974%,-0.0033079999999999,ACN,0.003071,0.0081959999999999,0.0062319999999999,-0.002044,0.014145
7027,ANALOG DEVICES INC,"Analog Devices shares are trading higher after the company reported Q1 EPS of $1.33, beating the $1.28 consensus estimate and sales of $1.54 billion, beating the $1.51 consensus estimate. The company issued inline Q2 guidance.",6,increase,0.8,0.6,"the company beat both eps and sales estimates, which typically boosts investor confidence and can lead to a higher stock price.",2,2019-02-20,ADI,2019-02-20 16:22:00+00:00,60871.0,03265410,0.0249472130089998,4797411.0,-0.0144167840480804,-0.0143748503178358,0.005984088871628,0.0119628673419356,0.0187895167618989,0.0006703667459078,-0.0066728563979268,0.0034595485776662,-0.0116626238450408,0.0227026790380477,0.0148210972547531,0.0101260459050536,0.0138369798660278,0.0009938001167029,0.002028782851994,-0.0173811763525009,-0.0039573004469275,0.0200199410319328,-0.0133050205186009,0.0070211091078817,-0.0103942370042204,-0.0083549227565526,-0.0025548508856445,0.0169937312602996,0.0215349253267049,-0.0015150138642638,0.0021359894890338,0.0206164307892322,0.0015753698535263,-0.0033901194110512,0.0015728919534012,-0.0033787430729717,0.0105311721563339,0.0308179222047328,-0.0021939652506262,0.0662840381264686,0.007329321000725,-0.0030292454175651,-0.0121873244643211,-0.0244089681655168,0.0144553883001208,0.0287130177021026,-0.0252314284443855,0.0208045691251754,-0.0200186353176832,-0.0069626825861632,0.0175771825015544,0.0012571498518809,-0.0199813209474086,-0.0284254681318998,-0.0084794154390692,0.0163638070225715,0.0115306712687015,0.0138443829491734,0.0285931620746851,0.0253402590751647,-0.001569986809045,0.0243960916996002,0.0160021800547838,0.0062885070219635,0.0063729477114975,0.0242784470319747,0.008322762325406,-0.0604049675166606,0.0025121010839939,0.0010485417442396,-0.011186683550477,0.004329543095082,0.0142999533563852,0.0011714909924194,-0.0022307485342025,0.0120939565822482,0.0213736314326524,0.0487440712749958,-0.011119837872684,-0.0230806786566972,0.0146980341523885,-0.0050761201418936,-0.0017451740568503,-0.0113514699041843,0.0034090855624526,-0.0495173260569572,-0.0102796433493495,0.0084756100550293,0.0044010211713612,0.0004583581758197,0.0278678499162197,-0.0134524358436465,-0.0193537753075361,-0.0069600665010511,-0.0050425510853528,0.0049639265052974,-0.0048934393562376,0.0018082733731716,0.0207235738635063,0.0238371361047029,-0.0132484594359993,-0.0347369685769081,0.0197035931050777,-0.0100619597360491,-8.551758219255134e-05,-0.0328307077288627,-0.0172723103314638,0.0172976944595575,-0.0108761852607131,0.0268096700310707,-0.0275334026664495,-0.0132275633513927,0.0,0.0180843863636255,0.0004522426170296,-0.0054401895031332,-0.0575948916375637,0.0161326751112937,0.0241772662848234,-0.0115967988967895,0.0106791509315371,0.0074141058139503,-0.0295671746134758,0.0409261025488376,-0.0144167840480804,-0.0143748503178358,-0.0085189664934391,-0.0025839474033125,0.0101104830047371,-0.0019153128498171,-0.0083317679572078,0.0242751965055132,0.0047663640317949,0.0453360527377397,0.0334631766880872,0.2603700364628358,-0.014898078253859,0.2251103198491082,2019-02-21,2019-02-22,2019-02-25,2019-02-26,2019-02-27,2019-02-28,2019-03-01,2019-03-04,2019-03-05,2019-03-06,60871.0,2019-02-20,252.0,2.4947%,0.0008,1.1094,0.3702,-0.176,1.2752%,1.7869%,49.0768%,0.023032,ADI,60871.0,2019-02-21,252.0,-1.4417%,0.0006,1.1243,0.3981,-0.1486,1.2588%,1.7821%,50.1052%,-0.010557,ADI,60871.0,2019-02-22,252.0,0.5984%,0.0006,1.1253,0.3948,-0.1397,1.2594%,1.7823%,50.0732%,-0.005797,ADI,60871.0,2019-02-25,252.0,1.8790%,0.0006,1.1253,0.3862,-0.1443,1.2640%,1.7859%,49.9016%,0.017777,ADI,60871.0,2019-02-26,252.0,-0.6673%,0.0006,1.1238,0.3927,-0.1422,1.2640%,1.7823%,49.7013%,-0.002977,ADI,60871.0,2019-02-27,252.0,-1.1663%,0.0005,1.1187,0.3975,-0.1431,1.2654%,1.7790%,49.4076%,-0.013691,ADI,60871.0,2019-02-28,252.0,1.4821%,0.0005,1.1222,0.4005,-0.1445,1.2673%,1.7812%,49.3734%,0.017752,ADI,60871.0,2019-03-01,252.0,1.3837%,0.0006,1.117,0.3928,-0.1542,1.2660%,1.7767%,49.2261%,0.003927,ADI,60871.0,2019-03-04,252.0,0.2029%,0.0006,1.1104,0.4064,-0.1506,1.2652%,1.7716%,48.9984%,0.00992,ADI,60871.0,2019-03-05,252.0,-0.3957%,0.0006,1.1107,0.4078,-0.1496,1.2652%,1.7700%,48.9039%,-0.001261,ADI,60871.0,2019-03-06,252.0,-1.3305%,0.0006,1.1065,0.4102,-0.154,1.2643%,1.7690%,48.9182%,0.001134,ADI,0.012475,0.006678,0.024455,0.007787,0.039259
7035,ANALOG DEVICES INC,Analog Devices Sees Q2 Adj. EPS $1.23-$1.37 vs $1.30 Est. Sales $1.45B-$1.55B vs $1.52B Est.,6,uncertain,0.6,0.3,"while the adjusted eps guidance is slightly below estimates, the sales guidance is in line with expectations, leading to uncertainty about the overall impact on the stock price.",1,2019-02-20,ADI,2019-02-20 13:02:00+00:00,60871.0,03265410,0.0249472130089998,4797411.0,-0.0144167840480804,-0.0143748503178358,0.005984088871628,0.0119628673419356,0.0187895167618989,0.0006703667459078,-0.0066728563979268,0.0034595485776662,-0.0116626238450408,0.0227026790380477,0.0148210972547531,0.0101260459050536,0.0138369798660278,0.0009938001167029,0.002028782851994,-0.0173811763525009,-0.0039573004469275,0.0200199410319328,-0.0133050205186009,0.0070211091078817,-0.0103942370042204,-0.0083549227565526,-0.0025548508856445,0.0169937312602996,0.0215349253267049,-0.0015150138642638,0.0021359894890338,0.0206164307892322,0.0015753698535263,-0.0033901194110512,0.0015728919534012,-0.0033787430729717,0.0105311721563339,0.0308179222047328,-0.0021939652506262,0.0662840381264686,0.007329321000725,-0.0030292454175651,-0.0121873244643211,-0.0244089681655168,0.0144553883001208,0.0287130177021026,-0.0252314284443855,0.0208045691251754,-0.0200186353176832,-0.0069626825861632,0.0175771825015544,0.0012571498518809,-0.0199813209474086,-0.0284254681318998,-0.0084794154390692,0.0163638070225715,0.0115306712687015,0.0138443829491734,0.0285931620746851,0.0253402590751647,-0.001569986809045,0.0243960916996002,0.0160021800547838,0.0062885070219635,0.0063729477114975,0.0242784470319747,0.008322762325406,-0.0604049675166606,0.0025121010839939,0.0010485417442396,-0.011186683550477,0.004329543095082,0.0142999533563852,0.0011714909924194,-0.0022307485342025,0.0120939565822482,0.0213736314326524,0.0487440712749958,-0.011119837872684,-0.0230806786566972,0.0146980341523885,-0.0050761201418936,-0.0017451740568503,-0.0113514699041843,0.0034090855624526,-0.0495173260569572,-0.0102796433493495,0.0084756100550293,0.0044010211713612,0.0004583581758197,0.0278678499162197,-0.0134524358436465,-0.0193537753075361,-0.0069600665010511,-0.0050425510853528,0.0049639265052974,-0.0048934393562376,0.0018082733731716,0.0207235738635063,0.0238371361047029,-0.0132484594359993,-0.0347369685769081,0.0197035931050777,-0.0100619597360491,-8.551758219255134e-05,-0.0328307077288627,-0.0172723103314638,0.0172976944595575,-0.0108761852607131,0.0268096700310707,-0.0275334026664495,-0.0132275633513927,0.0,0.0180843863636255,0.0004522426170296,-0.0054401895031332,-0.0575948916375637,0.0161326751112937,0.0241772662848234,-0.0115967988967895,0.0106791509315371,0.0074141058139503,-0.0295671746134758,0.0409261025488376,-0.0144167840480804,-0.0143748503178358,-0.0085189664934391,-0.0025839474033125,0.0101104830047371,-0.0019153128498171,-0.0083317679572078,0.0242751965055132,0.0047663640317949,0.0453360527377397,0.0334631766880872,0.2603700364628358,-0.014898078253859,0.2251103198491082,2019-02-21,2019-02-22,2019-02-25,2019-02-26,2019-02-27,2019-02-28,2019-03-01,2019-03-04,2019-03-05,2019-03-06,60871.0,2019-02-20,252.0,2.4947%,0.0008,1.1094,0.3702,-0.176,1.2752%,1.7869%,49.0768%,0.023032,ADI,60871.0,2019-02-21,252.0,-1.4417%,0.0006,1.1243,0.3981,-0.1486,1.2588%,1.7821%,50.1052%,-0.010557,ADI,60871.0,2019-02-22,252.0,0.5984%,0.0006,1.1253,0.3948,-0.1397,1.2594%,1.7823%,50.0732%,-0.005797,ADI,60871.0,2019-02-25,252.0,1.8790%,0.0006,1.1253,0.3862,-0.1443,1.2640%,1.7859%,49.9016%,0.017777,ADI,60871.0,2019-02-26,252.0,-0.6673%,0.0006,1.1238,0.3927,-0.1422,1.2640%,1.7823%,49.7013%,-0.002977,ADI,60871.0,2019-02-27,252.0,-1.1663%,0.0005,1.1187,0.3975,-0.1431,1.2654%,1.7790%,49.4076%,-0.013691,ADI,60871.0,2019-02-28,252.0,1.4821%,0.0005,1.1222,0.4005,-0.1445,1.2673%,1.7812%,49.3734%,0.017752,ADI,60871.0,2019-03-01,252.0,1.3837%,0.0006,1.117,0.3928,-0.1542,1.2660%,1.7767%,49.2261%,0.003927,ADI,60871.0,2019-03-04,252.0,0.2029%,0.0006,1.1104,0.4064,-0.1506,1.2652%,1.7716%,48.9984%,0.00992,ADI,60871.0,2019-03-05,252.0,-0.3957%,0.0006,1.1107,0.4078,-0.1496,1.2652%,1.7700%,48.9039%,-0.001261,ADI,60871.0,2019-03-06,252.0,-1.3305%,0.0006,1.1065,0.4102,-0.154,1.2643%,1.7690%,48.9182%,0.001134,ADI,0.012475,0.006678,0.024455,0.007787,0.039259
7043,ANALOG DEVICES INC,"Analog Devices Q1 Adj. EPS $1.33 Beats $1.28 Estimate, Sales $1.54B Beat $1.51B Estimate",6,increase,0.8,0.6,"the company's adjusted eps and sales both exceeded analyst estimates, which typically signals strong performance and can lead to a positive reaction in the stock price.",2,2019-02-20,ADI,2019-02-20 13:01:00+00:00,60871.0,03265410,0.0249472130089998,4797411.0,-0.0144167840480804,-0.0143748503178358,0.005984088871628,0.0119628673419356,0.0187895167618989,0.0006703667459078,-0.0066728563979268,0.0034595485776662,-0.0116626238450408,0.0227026790380477,0.0148210972547531,0.0101260459050536,0.0138369798660278,0.0009938001167029,0.002028782851994,-0.0173811763525009,-0.0039573004469275,0.0200199410319328,-0.0133050205186009,0.0070211091078817,-0.0103942370042204,-0.0083549227565526,-0.0025548508856445,0.0169937312602996,0.0215349253267049,-0.0015150138642638,0.0021359894890338,0.0206164307892322,0.0015753698535263,-0.0033901194110512,0.0015728919534012,-0.0033787430729717,0.0105311721563339,0.0308179222047328,-0.0021939652506262,0.0662840381264686,0.007329321000725,-0.0030292454175651,-0.0121873244643211,-0.0244089681655168,0.0144553883001208,0.0287130177021026,-0.0252314284443855,0.0208045691251754,-0.0200186353176832,-0.0069626825861632,0.0175771825015544,0.0012571498518809,-0.0199813209474086,-0.0284254681318998,-0.0084794154390692,0.0163638070225715,0.0115306712687015,0.0138443829491734,0.0285931620746851,0.0253402590751647,-0.001569986809045,0.0243960916996002,0.0160021800547838,0.0062885070219635,0.0063729477114975,0.0242784470319747,0.008322762325406,-0.0604049675166606,0.0025121010839939,0.0010485417442396,-0.011186683550477,0.004329543095082,0.0142999533563852,0.0011714909924194,-0.0022307485342025,0.0120939565822482,0.0213736314326524,0.0487440712749958,-0.011119837872684,-0.0230806786566972,0.0146980341523885,-0.0050761201418936,-0.0017451740568503,-0.0113514699041843,0.0034090855624526,-0.0495173260569572,-0.0102796433493495,0.0084756100550293,0.0044010211713612,0.0004583581758197,0.0278678499162197,-0.0134524358436465,-0.0193537753075361,-0.0069600665010511,-0.0050425510853528,0.0049639265052974,-0.0048934393562376,0.0018082733731716,0.0207235738635063,0.0238371361047029,-0.0132484594359993,-0.0347369685769081,0.0197035931050777,-0.0100619597360491,-8.551758219255134e-05,-0.0328307077288627,-0.0172723103314638,0.0172976944595575,-0.0108761852607131,0.0268096700310707,-0.0275334026664495,-0.0132275633513927,0.0,0.0180843863636255,0.0004522426170296,-0.0054401895031332,-0.0575948916375637,0.0161326751112937,0.0241772662848234,-0.0115967988967895,0.0106791509315371,0.0074141058139503,-0.0295671746134758,0.0409261025488376,-0.0144167840480804,-0.0143748503178358,-0.0085189664934391,-0.0025839474033125,0.0101104830047371,-0.0019153128498171,-0.0083317679572078,0.0242751965055132,0.0047663640317949,0.0453360527377397,0.0334631766880872,0.2603700364628358,-0.014898078253859,0.2251103198491082,2019-02-21,2019-02-22,2019-02-25,2019-02-26,2019-02-27,2019-02-28,2019-03-01,2019-03-04,2019-03-05,2019-03-06,60871.0,2019-02-20,252.0,2.4947%,0.0008,1.1094,0.3702,-0.176,1.2752%,1.7869%,49.0768%,0.023032,ADI,60871.0,2019-02-21,252.0,-1.4417%,0.0006,1.1243,0.3981,-0.1486,1.2588%,1.7821%,50.1052%,-0.010557,ADI,60871.0,2019-02-22,252.0,0.5984%,0.0006,1.1253,0.3948,-0.1397,1.2594%,1.7823%,50.0732%,-0.005797,ADI,60871.0,2019-02-25,252.0,1.8790%,0.0006,1.1253,0.3862,-0.1443,1.2640%,1.7859%,49.9016%,0.017777,ADI,60871.0,2019-02-26,252.0,-0.6673%,0.0006,1.1238,0.3927,-0.1422,1.2640%,1.7823%,49.7013%,-0.002977,ADI,60871.0,2019-02-27,252.0,-1.1663%,0.0005,1.1187,0.3975,-0.1431,1.2654%,1.7790%,49.4076%,-0.013691,ADI,60871.0,2019-02-28,252.0,1.4821%,0.0005,1.1222,0.4005,-0.1445,1.2673%,1.7812%,49.3734%,0.017752,ADI,60871.0,2019-03-01,252.0,1.3837%,0.0006,1.117,0.3928,-0.1542,1.2660%,1.7767%,49.2261%,0.003927,ADI,60871.0,2019-03-04,252.0,0.2029%,0.0006,1.1104,0.4064,-0.1506,1.2652%,1.7716%,48.9984%,0.00992,ADI,60871.0,2019-03-05,252.0,-0.3957%,0.0006,1.1107,0.4078,-0.1496,1.2652%,1.7700%,48.9039%,-0.001261,ADI,60871.0,2019-03-06,252.0,-1.3305%,0.0006,1.1065,0.4102,-0.154,1.2643%,1.7690%,48.9182%,0.001134,ADI,0.012475,0.006678,0.024455,0.007787,0.039259
7051,ADAMIS PHARMACEUTICALS CORP,Adamis Pharma Highlights Publication Of Rationale For Higher Dose Naloxone Product To Counter Current Opioid Epidemic,6,increase,0.7,0.6,"the publication of a rationale for a higher dose naloxone product could be seen as a positive development in addressing the opioid epidemic, potentially boosting investor confidence and interest in adamis pharmaceuticals.",2,2019-02-20,ADMP,2019-02-20 14:06:00+00:00,82163.0,00547W30,0.0330033488571643,472678.0,0.0,-0.0288461279124021,0.0127795403823256,0.0064516067504882,0.0,-0.0032154312357306,0.0157728549093008,-0.0032051252201199,-0.0496894679963588,0.01960782520473,-0.0326797068119049,0.0,-0.020270250737667,0.0,-0.0517241694033145,-0.0064935004338622,0.0363636016845703,-0.0032362430356442,-0.0491227619349956,-0.0096153756603598,-0.0073800664395093,0.0229507982730865,0.0111524052917957,-0.0065146517008543,0.0588235594332218,-0.0064724860712885,-0.0104167386889457,-0.0127796158194541,-0.0140350749716162,-0.0094936611130833,0.0035587155725806,0.0259740799665451,-0.0390070565044879,0.0584191866219043,-0.1180811524391174,0.0139373522251844,-0.0334728695452213,0.0177304800599813,0.004329000134021,-0.0208333954215049,-0.0258620455861091,0.0,-0.0530972965061664,0.0950570330023765,-0.0327103585004806,0.0478088147938251,-0.0096618272364139,0.0203251838684082,-0.0146341323852539,-0.0314960330724716,0.0396039225161075,0.0079365000128746,0.0047619002871215,0.0079999919980764,-0.0047393320128321,0.0,0.0047619002871215,0.0288065560162067,-0.0236966609954834,-0.0081632575020194,0.0048543643206357,0.0470086075365543,-0.0338163934648037,-0.020920580253005,0.0,0.0622222684323787,-0.0049999952316284,0.0714286193251609,-0.0351759046316146,-0.0366973206400871,0.0729166641831398,0.0046082902699708,-0.0291261859238147,-0.0091324113309383,-0.0099999904632568,-0.0179372020065784,0.0,-0.0669456422328949,-0.035353560000658,0.0528634898364543,0.005235597025603,-0.0809716805815696,0.0104167191311717,-0.0499999523162841,-0.0257732328027486,-0.0747331082820892,0.0423280671238899,-0.027681715786457,0.0152284121140837,-0.0068728453479707,0.024999976158142,-0.0068259318359196,0.0048780441284179,0.0316901952028274,-0.0048543643206357,0.0035335656721144,0.0243902206420898,0.0143369045108556,-0.0142857013270258,-0.0141342626884579,0.0,-0.0207613073289394,-0.0193236544728279,-0.052458968013525,0.0246305186301469,0.1010830253362656,0.0721154361963272,0.007272720336914,-0.0313901044428348,0.0377358123660087,-0.0925926119089126,0.027131849899888,-0.0510204210877418,0.0078124925494194,0.0483871139585971,0.0039215651340782,-0.0307692624628543,0.0365853309631347,-0.0264550019055604,-0.0159999839961528,0.0,-0.0288461279124021,0.0127795403823256,-0.0225806250354789,0.0127795403823256,-0.0257234498241482,-0.0223642720984648,-0.0098039128006799,-0.1341853230651986,-0.0288461276983208,-0.3418530784132398,0.2367346629215592,-0.4121405838571783,0.2119999980615321,2019-02-21,2019-02-22,2019-02-25,2019-02-26,2019-02-27,2019-02-28,2019-03-01,2019-03-04,2019-03-05,2019-03-06,82163.0,2019-02-20,252.0,3.3003%,0.001,0.7536,0.9108,-0.4307,5.7564%,5.8617%,3.5615%,0.031693,ADMP,82163.0,2019-02-21,252.0,0.0000%,0.0011,0.747,0.8975,-0.4429,5.7553%,5.8596%,3.5282%,0.002335,ADMP,82163.0,2019-02-22,252.0,1.2780%,0.0015,0.7424,1.0325,-0.3738,5.7201%,5.8274%,3.6497%,-0.003623,ADMP,82163.0,2019-02-25,252.0,0.0000%,0.0018,0.7306,1.0212,-0.4236,5.6843%,5.7935%,3.7352%,0.000798,ADMP,82163.0,2019-02-26,252.0,1.5773%,0.0007,0.5429,1.1745,-0.4864,5.3475%,5.4494%,3.7016%,0.021979,ADMP,82163.0,2019-02-27,252.0,-4.9689%,0.0007,0.5688,1.1126,-0.4822,5.3444%,5.4453%,3.6724%,-0.053093,ADMP,82163.0,2019-02-28,252.0,-3.2680%,0.0006,0.5716,1.1135,-0.4724,5.3482%,5.4484%,3.6433%,-0.032445,ADMP,82163.0,2019-03-01,252.0,-2.0270%,0.0006,0.5509,1.0827,-0.4904,5.3496%,5.4460%,3.5111%,-0.0295949999999999,ADMP,82163.0,2019-03-04,252.0,-5.1724%,-0.0001,0.6167,0.9034,-0.5163,5.2933%,5.3916%,3.6137%,-0.042706,ADMP,82163.0,2019-03-05,252.0,3.6364%,0.0003,0.6259,1.0003,-0.5241,5.2807%,5.3863%,3.8819%,0.038883,ADMP,82163.0,2019-03-06,252.0,-4.9123%,0.0,0.6107,1.0891,-0.5291,5.2738%,5.3848%,4.0809%,-0.031142,ADMP,0.034028,0.030405,0.031203,8.900000000000574e-05,-0.096916
7059,AEHR TEST SYSTEMS,Aehr Receives Order For Multiple FOX-NP Wafer Level Test And Burn-In Systems For Test And Qualification Of Silicon Photonics Devices,6,increase,0.8,0.6,"the order for multiple wafer level test and burn-in systems indicates strong demand for aehr's technology, which is likely to positively impact investor sentiment and stock price.",2,2019-02-20,AEHR,2019-02-20 12:32:00+00:00,85272.0,00760J10,-0.0212765764445066,42044.0,0.0072463699616491,0.0143884755671024,0.057410079985857,0.0451127365231514,-0.0202748253941535,0.0,0.0,0.0037735812366008,0.0277777500450611,0.027131849899888,-0.0168918762356042,-0.0076923007145524,-0.024055041372776,-0.051094926893711,0.0070422468706965,-0.0214285515248775,-0.013986000791192,0.0852713286876678,-0.0354609601199626,-0.0227273404598236,-0.0073529342189431,0.0153846926987171,-0.0370370894670486,0.0399999618530273,0.0653846487402916,0.0245901402086019,0.0324909426271915,-0.0081300735473632,-0.013986000791192,0.0423729456961154,0.0354610458016395,0.0727272033691406,-0.0273973159492015,0.02803735435009,0.0211268253624439,-0.0183486063033342,-0.0344828069210052,-0.0267856884747743,-0.0142857013270258,-0.0088495491072535,-0.0144927399232983,0.0660377889871597,0.0294117368757724,-0.0701754763722419,-0.0285714026540517,-0.057851281017065,0.0147058684378862,-0.0546874478459358,0.0144927399232983,-0.0985915437340736,-0.0107142757624387,-0.2406417429447174,-0.0036101047880947,0.255033552646637,-0.0289854798465967,0.0955882295966148,0.0820895582437515,0.0,0.0620689056813716,-0.0555555820465087,-0.0324675031006336,-0.0335570164024829,0.2147650569677353,-0.0324675031006336,-0.0276242848485708,0.0921985805034637,0.0113636255264282,-0.0208333954215049,0.0224719569087028,0.0212766602635383,-0.0219780653715133,-0.0472973324358463,-0.0337078347802162,0.0277777500450611,-0.0174418427050113,0.051094926893711,0.0118343075737357,-0.0214285515248775,-0.0175439119338989,-0.0277778338640928,0.0,-0.0526315309107303,0.0039881183765828,-0.0333863347768783,-0.0217584688216447,-0.0352760776877403,0.0,-0.0355029925704002,0.0242424737662077,-0.0116958953440189,-0.0295858401805162,-0.0115606822073459,-0.0121951103210449,-0.0388888530433177,-0.0123456669971346,0.0055865868926048,0.012499988079071,0.0170454382896423,0.0061728334985673,-0.0687830671668052,0.012269927188754,-0.0052631529979407,0.0,0.0106382872909307,0.0303030740469694,-0.0259067118167877,0.0117646940052509,-0.0051546953618526,-0.0406977050006389,0.0,0.0181818008422851,-0.0251256041228771,-0.035714253783226,0.0,-0.0246913339942693,0.0101522747427225,-0.0126582905650138,0.0102564003318548,0.0192308276891708,0.0,0.0072463699616491,0.0143884755671024,0.0650724646266116,0.0601503155974822,0.0434783063741863,0.0601503155974822,0.0724637859460921,0.0930232608545336,-0.0144927404924131,0.0681817480433828,0.1159420035951797,-0.0208334033123401,0.1521739400131037,-0.2769231239550679,2019-02-21,2019-02-22,2019-02-25,2019-02-26,2019-02-27,2019-02-28,2019-03-01,2019-03-04,2019-03-05,2019-03-06,85272.0,2019-02-20,252.0,-2.1277%,-0.0016,0.7718,0.6083,-0.3574,4.0392%,4.1651%,5.9537%,-0.022263,AEHR,85272.0,2019-02-21,252.0,0.7246%,-0.0015,0.7566,0.5797,-0.3854,4.0337%,4.1572%,5.8527%,0.009606,AEHR,85272.0,2019-02-22,252.0,5.7410%,-0.0013,0.7492,0.6126,-0.4439,4.0420%,4.1721%,6.1383%,0.0435379999999999,AEHR,85272.0,2019-02-25,252.0,-2.0275%,-0.0013,0.7481,0.6211,-0.4435,4.0434%,4.1736%,6.1423%,-0.020705,AEHR,85272.0,2019-02-26,252.0,0.0000%,-0.0014,0.722,0.6396,-0.4537,4.0348%,4.1611%,5.9766%,0.003609,AEHR,85272.0,2019-02-27,252.0,2.7778%,-0.0014,0.7165,0.6572,-0.4545,4.0374%,4.1634%,5.9615%,0.025268,AEHR,85272.0,2019-02-28,252.0,-1.6892%,-0.0013,0.7004,0.6456,-0.4628,4.0323%,4.1545%,5.7964%,-0.016038,AEHR,85272.0,2019-03-01,252.0,-2.4055%,-0.0016,0.7165,0.6695,-0.4233,4.0302%,4.1533%,5.8408%,-0.032912,AEHR,85272.0,2019-03-04,252.0,0.7042%,-0.0015,0.7099,0.6766,-0.4182,4.0310%,4.1529%,5.7830%,0.015007,AEHR,85272.0,2019-03-05,252.0,-1.3986%,-0.0013,0.7207,0.754,-0.4067,4.0234%,4.1506%,6.0342%,-0.011775,AEHR,85272.0,2019-03-06,252.0,-3.5461%,-0.0017,0.6906,0.8243,-0.4311,4.0002%,4.1300%,6.1897%,-0.019835,AEHR,-0.012657,0.0308809999999999,0.0101759999999999,0.0390529999999999,-0.0265
7067,AGIOS PHARMACEUTICALS INC,Oppenheimer Earlier Assumed Agios Pharmaceuticals at Perform,6,uncertain,0.6,0.2,"the news of oppenheimer assuming agios pharmaceuticals at 'perform' does not indicate a strong buy or sell signal, leading to uncertainty in its impact on the stock price.",1,2019-02-20,AGIO,2019-02-20 16:25:00+00:00,14044.0,00847X10,0.0029457977507263,422018.0,-0.0302349682897329,-0.0266487058252096,0.0486370846629142,0.032567098736763,0.0592932030558586,0.0627429112792015,0.0133119784295558,-0.0138711826875805,0.0310224611312151,0.0131286811083555,-0.0041448669508099,0.0134932762011885,0.043163176625967,0.0081239426508545,-0.0025121644139289,-0.0485349744558334,-0.0031110974960029,0.0196114312857389,-0.0610789209604263,0.0049732998013496,-0.0022158813662827,0.0077965841628611,-0.0188769418746233,0.0050373221747577,0.0404203720390796,0.0381560586392879,0.0024864594452083,0.0268496889621019,0.02185701392591,-0.0043564597144722,-0.0365594662725925,-0.0329375937581062,0.0236183889210224,0.0055844583548605,-0.0026150713674724,-0.0019219388486817,0.0050894794985651,-0.0045915758237242,-0.0139634199440479,-0.0647700652480125,0.0206970777362585,-0.0056929318234324,-0.0503124818205833,0.0001779060694389,0.0073847980238497,0.0033922949805855,0.0506772957742214,0.029974203556776,-0.031851939857006,-0.0047583882696926,0.025223258882761,-0.0153181161731481,0.0305623468011617,0.0296901520341634,-0.0441874749958515,0.0167924407869577,0.0341297648847103,0.039215687662363,-0.0009001677972264,0.0869565606117248,-0.0021020930726081,0.0217770040035247,0.02467648871243,-0.0281481873244047,-0.0264316517859697,0.0247234739363193,-0.0268477573990821,0.0178808253258466,-0.0075945118442177,0.0100334621965885,-0.0327971018850803,-0.0008910874603316,-0.0098498398438096,0.0248858481645584,-0.0239726230502128,0.0250409487634897,-0.0021720509976148,-0.0487533099949359,-0.0565974712371826,-0.0927085503935813,-0.0065672509372234,-0.0070197009481489,0.0116133233532309,-0.0194689854979515,0.0363829284906387,-0.0131962029263377,-0.0315269008278846,-0.0323004908859729,0.0058067571371793,-0.0499553829431533,-0.0062981210649013,0.0278745740652084,0.0052816770039498,0.034332275390625,-0.020665505900979,-0.0084633622318506,-0.0488197356462478,-0.0537462271749973,-0.0317728631198406,0.0395929589867591,0.0662135928869247,-0.0485830307006835,-0.0187579449266195,-0.1366261541843414,-0.0632887855172157,0.0331292897462844,0.0233802311122417,-0.0689958333969116,-0.0104550030082464,0.0685724318027496,-0.0279788747429847,-0.0436212383210659,-0.060185220092535,0.0420299619436264,0.0244164317846298,0.0327973812818527,-0.0100356126204133,-0.054567564278841,0.0504752546548843,-0.0102301836013793,-0.0302349682897329,-0.0266487058252096,0.0169315756606931,0.0050505218777368,0.0772287060702567,0.0681103176030268,0.1254319005305613,0.0671227300786245,0.0915687508601736,0.0629949956862212,0.1506564853729197,0.2299659293556308,-0.1406357800532651,-0.1317887982917368,2019-02-21,2019-02-22,2019-02-25,2019-02-26,2019-02-27,2019-02-28,2019-03-01,2019-03-04,2019-03-05,2019-03-06,14044.0,2019-02-20,252.0,0.2946%,-0.0013,1.4124,1.1584,-0.6235,2.6588%,3.2437%,32.8140%,0.001127,AGIO,14044.0,2019-02-21,252.0,-3.0235%,-0.0014,1.4218,1.1723,-0.606,2.6623%,3.2490%,32.8545%,-0.025733,AGIO,14044.0,2019-02-22,252.0,4.8637%,-0.0014,1.4189,1.1582,-0.6539,2.6654%,3.2624%,33.2492%,0.023939,AGIO,14044.0,2019-02-25,252.0,5.9293%,-0.0013,1.423,1.1325,-0.652,2.6819%,3.2744%,32.9121%,0.058899,AGIO,14044.0,2019-02-26,252.0,1.3312%,-0.0012,1.4215,1.1036,-0.6679,2.6853%,3.2745%,32.7511%,0.020585,AGIO,14044.0,2019-02-27,252.0,3.1022%,-0.001,1.4304,1.0959,-0.6663,2.6884%,3.2801%,32.8225%,0.026745,AGIO,14044.0,2019-02-28,252.0,-0.4145%,-0.0011,1.4363,1.0999,-0.6619,2.6876%,3.2795%,32.8431%,-0.001696,AGIO,14044.0,2019-03-01,252.0,4.3163%,-0.001,1.4479,1.1173,-0.6568,2.6927%,3.2904%,33.0303%,0.026895,AGIO,14044.0,2019-03-04,252.0,-0.2512%,-0.001,1.4574,1.074,-0.6566,2.6897%,3.2887%,33.1094%,0.011958,AGIO,14044.0,2019-03-05,252.0,-0.3111%,-0.0009,1.4649,1.1334,-0.6521,2.6807%,3.2882%,33.5363%,0.0010299999999999,AGIO,14044.0,2019-03-06,252.0,-6.1079%,-0.0012,1.4617,1.2167,-0.6444,2.6811%,3.3004%,34.0073%,-0.034322,AGIO,-0.024606,-0.000667,0.0582319999999999,0.105562,0.109427
7075,AGIOS PHARMACEUTICALS INC,Agios Announces FDA Acceptance Of Supplemental New Drug Application For TIBSOVO For Treatment Of Patients With Newly Diagnosed Acute Myeloid Leukemia With An IDH1 Mutation Not Eligible For Standard Therapy,6,increase,0.8,0.7,"the fda's acceptance of a supplemental new drug application for tibsovo indicates potential for expanded market opportunities, which is likely to positively impact agios pharmaceuticals inc's stock price.",2,2019-02-20,AGIO,2019-02-20 12:07:00+00:00,14044.0,00847X10,0.0029457977507263,422018.0,-0.0302349682897329,-0.0266487058252096,0.0486370846629142,0.032567098736763,0.0592932030558586,0.0627429112792015,0.0133119784295558,-0.0138711826875805,0.0310224611312151,0.0131286811083555,-0.0041448669508099,0.0134932762011885,0.043163176625967,0.0081239426508545,-0.0025121644139289,-0.0485349744558334,-0.0031110974960029,0.0196114312857389,-0.0610789209604263,0.0049732998013496,-0.0022158813662827,0.0077965841628611,-0.0188769418746233,0.0050373221747577,0.0404203720390796,0.0381560586392879,0.0024864594452083,0.0268496889621019,0.02185701392591,-0.0043564597144722,-0.0365594662725925,-0.0329375937581062,0.0236183889210224,0.0055844583548605,-0.0026150713674724,-0.0019219388486817,0.0050894794985651,-0.0045915758237242,-0.0139634199440479,-0.0647700652480125,0.0206970777362585,-0.0056929318234324,-0.0503124818205833,0.0001779060694389,0.0073847980238497,0.0033922949805855,0.0506772957742214,0.029974203556776,-0.031851939857006,-0.0047583882696926,0.025223258882761,-0.0153181161731481,0.0305623468011617,0.0296901520341634,-0.0441874749958515,0.0167924407869577,0.0341297648847103,0.039215687662363,-0.0009001677972264,0.0869565606117248,-0.0021020930726081,0.0217770040035247,0.02467648871243,-0.0281481873244047,-0.0264316517859697,0.0247234739363193,-0.0268477573990821,0.0178808253258466,-0.0075945118442177,0.0100334621965885,-0.0327971018850803,-0.0008910874603316,-0.0098498398438096,0.0248858481645584,-0.0239726230502128,0.0250409487634897,-0.0021720509976148,-0.0487533099949359,-0.0565974712371826,-0.0927085503935813,-0.0065672509372234,-0.0070197009481489,0.0116133233532309,-0.0194689854979515,0.0363829284906387,-0.0131962029263377,-0.0315269008278846,-0.0323004908859729,0.0058067571371793,-0.0499553829431533,-0.0062981210649013,0.0278745740652084,0.0052816770039498,0.034332275390625,-0.020665505900979,-0.0084633622318506,-0.0488197356462478,-0.0537462271749973,-0.0317728631198406,0.0395929589867591,0.0662135928869247,-0.0485830307006835,-0.0187579449266195,-0.1366261541843414,-0.0632887855172157,0.0331292897462844,0.0233802311122417,-0.0689958333969116,-0.0104550030082464,0.0685724318027496,-0.0279788747429847,-0.0436212383210659,-0.060185220092535,0.0420299619436264,0.0244164317846298,0.0327973812818527,-0.0100356126204133,-0.054567564278841,0.0504752546548843,-0.0102301836013793,-0.0302349682897329,-0.0266487058252096,0.0169315756606931,0.0050505218777368,0.0772287060702567,0.0681103176030268,0.1254319005305613,0.0671227300786245,0.0915687508601736,0.0629949956862212,0.1506564853729197,0.2299659293556308,-0.1406357800532651,-0.1317887982917368,2019-02-21,2019-02-22,2019-02-25,2019-02-26,2019-02-27,2019-02-28,2019-03-01,2019-03-04,2019-03-05,2019-03-06,14044.0,2019-02-20,252.0,0.2946%,-0.0013,1.4124,1.1584,-0.6235,2.6588%,3.2437%,32.8140%,0.001127,AGIO,14044.0,2019-02-21,252.0,-3.0235%,-0.0014,1.4218,1.1723,-0.606,2.6623%,3.2490%,32.8545%,-0.025733,AGIO,14044.0,2019-02-22,252.0,4.8637%,-0.0014,1.4189,1.1582,-0.6539,2.6654%,3.2624%,33.2492%,0.023939,AGIO,14044.0,2019-02-25,252.0,5.9293%,-0.0013,1.423,1.1325,-0.652,2.6819%,3.2744%,32.9121%,0.058899,AGIO,14044.0,2019-02-26,252.0,1.3312%,-0.0012,1.4215,1.1036,-0.6679,2.6853%,3.2745%,32.7511%,0.020585,AGIO,14044.0,2019-02-27,252.0,3.1022%,-0.001,1.4304,1.0959,-0.6663,2.6884%,3.2801%,32.8225%,0.026745,AGIO,14044.0,2019-02-28,252.0,-0.4145%,-0.0011,1.4363,1.0999,-0.6619,2.6876%,3.2795%,32.8431%,-0.001696,AGIO,14044.0,2019-03-01,252.0,4.3163%,-0.001,1.4479,1.1173,-0.6568,2.6927%,3.2904%,33.0303%,0.026895,AGIO,14044.0,2019-03-04,252.0,-0.2512%,-0.001,1.4574,1.074,-0.6566,2.6897%,3.2887%,33.1094%,0.011958,AGIO,14044.0,2019-03-05,252.0,-0.3111%,-0.0009,1.4649,1.1334,-0.6521,2.6807%,3.2882%,33.5363%,0.0010299999999999,AGIO,14044.0,2019-03-06,252.0,-6.1079%,-0.0012,1.4617,1.2167,-0.6444,2.6811%,3.3004%,34.0073%,-0.034322,AGIO,-0.024606,-0.000667,0.0582319999999999,0.105562,0.109427
7083,ALBEMARLE CORP,Albemarle Sees FY19 Adj EPS $6.10-$6.50 vs $6.14 Estimate,6,uncertain,0.6,0.2,"while albemarle's adjusted eps guidance is within the expected range, the slight variation from the estimate may not significantly impact investor sentiment.",1,2019-02-20,ALB,2019-02-20 21:23:00+00:00,80191.0,01265310,-0.0038493890315294,1770898.0,0.0778892040252685,0.0216295253485441,-0.0008962785941548,0.0118130389600992,0.0267997235059738,-0.0160284489393234,-0.0062247426249086,0.0159105844795703,0.0140659203752875,-0.00507053732872,-0.0107281953096389,-0.0018516420386731,-0.0054770512506365,0.0045883278362452,-0.0253332201391458,-0.0188587792217731,-0.0063283713534474,0.0106985094025731,-0.0177413579076528,-0.0075665451586246,-0.0204932764172554,0.0078720711171627,-0.0192671082913875,0.0070605683140456,0.0306134857237339,0.0064830356277525,-0.0004677922406699,0.0241317600011825,0.0086579835042357,0.0159554202109575,-0.0129044856876134,0.0066596302203834,0.0081434529274702,0.0345853194594383,0.0118239540606737,0.0013527931878343,-0.0138840330764651,-0.0192384831607341,-0.0092690475285053,-0.0164425745606422,0.0126717155799269,0.0177977997809648,-0.032627772539854,0.0183957871049642,-0.0137814236804842,0.0039380895905196,-0.0066192806698381,-0.0432636328041553,-0.0109822237864136,-0.0056840511970222,0.0127260964363813,0.0018119196174666,0.0099791204556822,0.005596047732979,0.0270796958357095,-0.0063365506939589,-0.0154393762350082,0.0097936792299151,0.0158021412789821,0.0044596535153687,0.0159126464277505,0.0488374643027782,0.0068965088576078,-0.0693892985582351,0.0092872427776455,0.0134942382574081,-0.0248447619378566,0.0043002585880458,0.0090823816135525,-0.0062160496599972,-0.0331970043480396,0.0123230526223778,0.0114859705790877,0.0430740006268024,-0.0167344193905592,-0.0228487327694892,0.0115487100556492,-0.0173320285975933,-0.0133397504687309,-0.0456140264868736,0.0057247411459684,-0.0151795102283358,-0.0048443931154906,0.0064587830565869,-0.0379700027406215,-0.0524891018867492,-0.0284629967063665,-0.0337730385363102,-0.0251302104443311,-0.0056881769560277,0.0092159043997526,-0.0033677935134619,0.0019851976539939,0.0004492465814109,-0.0085854120552539,0.0043993163853883,-0.0131894201040267,-0.0278539415448904,0.0272714551538229,-0.0214615296572446,0.0126167265698313,-0.0535242408514022,0.0,0.0222176015377044,-0.0155743611976504,-0.0010371133685112,-0.0431113615632057,-0.0020700120367109,0.0004133201728109,0.0124698989093303,0.0002753979060798,-0.0122140599414706,-0.0561750568449497,-0.0016533640446141,0.024361751973629,0.0130862649530172,-0.0091142039746046,-0.002297902945429,-0.0024432044010609,-0.038851547986269,0.0778892040252685,0.0216295253485441,0.0769231150048301,0.0336980747342741,0.1057843567241516,0.0171294979247189,0.1143581895518996,0.0280731725023326,0.042990041961227,0.0145227590934162,0.0213168212405239,0.0903725046964716,-0.1581806768459225,-0.1622661017898254,2019-02-21,2019-02-22,2019-02-25,2019-02-26,2019-02-27,2019-02-28,2019-03-01,2019-03-04,2019-03-05,2019-03-06,80191.0,2019-02-20,252.0,-0.3849%,-0.0011,1.1563,0.4656,0.3681,1.7248%,2.0875%,31.7312%,-0.009164,ALB,80191.0,2019-02-21,252.0,7.7889%,-0.0009,1.1483,0.4677,0.3526,1.7938%,2.1414%,29.8271%,0.08324,ALB,80191.0,2019-02-22,252.0,-0.0896%,-0.0008,1.1483,0.4835,0.3679,1.7923%,2.1398%,29.8400%,-0.005849,ALB,80191.0,2019-02-25,252.0,2.6800%,-0.0008,1.1491,0.4707,0.3641,1.8002%,2.1464%,29.6596%,0.026897,ALB,80191.0,2019-02-26,252.0,-0.6225%,-0.0009,1.1309,0.4876,0.3591,1.7901%,2.1276%,29.2094%,-0.000272,ALB,80191.0,2019-02-27,252.0,1.4066%,-0.0005,1.1677,0.4261,0.3652,1.7147%,2.0802%,32.0570%,0.012453,ALB,80191.0,2019-02-28,252.0,-1.0728%,-0.0006,1.1846,0.4375,0.3789,1.7051%,2.0794%,32.7611%,-0.00638,ALB,80191.0,2019-03-01,252.0,-0.5477%,-0.0004,1.131,0.3577,0.3021,1.6230%,1.9825%,32.9800%,-0.01385,ALB,80191.0,2019-03-04,252.0,-2.5333%,-0.0003,1.1174,0.4199,0.3017,1.6130%,1.9696%,32.9274%,-0.019289,ALB,80191.0,2019-03-05,252.0,-0.6328%,-0.0002,1.1226,0.459,0.3062,1.6073%,1.9689%,33.3566%,-0.002493,ALB,80191.0,2019-03-06,252.0,-1.7741%,-0.0003,1.1214,0.4661,0.3057,1.6072%,1.9697%,33.4265%,-0.002741,ALB,0.0740759999999999,0.0682269999999999,0.0951239999999999,0.107305,0.062552
7091,ALBEMARLE CORP,"Albemarle Q4 EPS $1.53 Beats $1.47 Estimate, Sales $921.699M Beat $894.83M Estimate",6,increase,0.8,0.7,"the company's earnings per share and sales both exceeded analyst estimates, which typically signals strong performance and can lead to a positive reaction in the stock price.",2,2019-02-20,ALB,2019-02-20 21:22:00+00:00,80191.0,01265310,-0.0038493890315294,1770898.0,0.0778892040252685,0.0216295253485441,-0.0008962785941548,0.0118130389600992,0.0267997235059738,-0.0160284489393234,-0.0062247426249086,0.0159105844795703,0.0140659203752875,-0.00507053732872,-0.0107281953096389,-0.0018516420386731,-0.0054770512506365,0.0045883278362452,-0.0253332201391458,-0.0188587792217731,-0.0063283713534474,0.0106985094025731,-0.0177413579076528,-0.0075665451586246,-0.0204932764172554,0.0078720711171627,-0.0192671082913875,0.0070605683140456,0.0306134857237339,0.0064830356277525,-0.0004677922406699,0.0241317600011825,0.0086579835042357,0.0159554202109575,-0.0129044856876134,0.0066596302203834,0.0081434529274702,0.0345853194594383,0.0118239540606737,0.0013527931878343,-0.0138840330764651,-0.0192384831607341,-0.0092690475285053,-0.0164425745606422,0.0126717155799269,0.0177977997809648,-0.032627772539854,0.0183957871049642,-0.0137814236804842,0.0039380895905196,-0.0066192806698381,-0.0432636328041553,-0.0109822237864136,-0.0056840511970222,0.0127260964363813,0.0018119196174666,0.0099791204556822,0.005596047732979,0.0270796958357095,-0.0063365506939589,-0.0154393762350082,0.0097936792299151,0.0158021412789821,0.0044596535153687,0.0159126464277505,0.0488374643027782,0.0068965088576078,-0.0693892985582351,0.0092872427776455,0.0134942382574081,-0.0248447619378566,0.0043002585880458,0.0090823816135525,-0.0062160496599972,-0.0331970043480396,0.0123230526223778,0.0114859705790877,0.0430740006268024,-0.0167344193905592,-0.0228487327694892,0.0115487100556492,-0.0173320285975933,-0.0133397504687309,-0.0456140264868736,0.0057247411459684,-0.0151795102283358,-0.0048443931154906,0.0064587830565869,-0.0379700027406215,-0.0524891018867492,-0.0284629967063665,-0.0337730385363102,-0.0251302104443311,-0.0056881769560277,0.0092159043997526,-0.0033677935134619,0.0019851976539939,0.0004492465814109,-0.0085854120552539,0.0043993163853883,-0.0131894201040267,-0.0278539415448904,0.0272714551538229,-0.0214615296572446,0.0126167265698313,-0.0535242408514022,0.0,0.0222176015377044,-0.0155743611976504,-0.0010371133685112,-0.0431113615632057,-0.0020700120367109,0.0004133201728109,0.0124698989093303,0.0002753979060798,-0.0122140599414706,-0.0561750568449497,-0.0016533640446141,0.024361751973629,0.0130862649530172,-0.0091142039746046,-0.002297902945429,-0.0024432044010609,-0.038851547986269,0.0778892040252685,0.0216295253485441,0.0769231150048301,0.0336980747342741,0.1057843567241516,0.0171294979247189,0.1143581895518996,0.0280731725023326,0.042990041961227,0.0145227590934162,0.0213168212405239,0.0903725046964716,-0.1581806768459225,-0.1622661017898254,2019-02-21,2019-02-22,2019-02-25,2019-02-26,2019-02-27,2019-02-28,2019-03-01,2019-03-04,2019-03-05,2019-03-06,80191.0,2019-02-20,252.0,-0.3849%,-0.0011,1.1563,0.4656,0.3681,1.7248%,2.0875%,31.7312%,-0.009164,ALB,80191.0,2019-02-21,252.0,7.7889%,-0.0009,1.1483,0.4677,0.3526,1.7938%,2.1414%,29.8271%,0.08324,ALB,80191.0,2019-02-22,252.0,-0.0896%,-0.0008,1.1483,0.4835,0.3679,1.7923%,2.1398%,29.8400%,-0.005849,ALB,80191.0,2019-02-25,252.0,2.6800%,-0.0008,1.1491,0.4707,0.3641,1.8002%,2.1464%,29.6596%,0.026897,ALB,80191.0,2019-02-26,252.0,-0.6225%,-0.0009,1.1309,0.4876,0.3591,1.7901%,2.1276%,29.2094%,-0.000272,ALB,80191.0,2019-02-27,252.0,1.4066%,-0.0005,1.1677,0.4261,0.3652,1.7147%,2.0802%,32.0570%,0.012453,ALB,80191.0,2019-02-28,252.0,-1.0728%,-0.0006,1.1846,0.4375,0.3789,1.7051%,2.0794%,32.7611%,-0.00638,ALB,80191.0,2019-03-01,252.0,-0.5477%,-0.0004,1.131,0.3577,0.3021,1.6230%,1.9825%,32.9800%,-0.01385,ALB,80191.0,2019-03-04,252.0,-2.5333%,-0.0003,1.1174,0.4199,0.3017,1.6130%,1.9696%,32.9274%,-0.019289,ALB,80191.0,2019-03-05,252.0,-0.6328%,-0.0002,1.1226,0.459,0.3062,1.6073%,1.9689%,33.3566%,-0.002493,ALB,80191.0,2019-03-06,252.0,-1.7741%,-0.0003,1.1214,0.4661,0.3057,1.6072%,1.9697%,33.4265%,-0.002741,ALB,0.0740759999999999,0.0682269999999999,0.0951239999999999,0.107305,0.062552
7099,ALBEMARLE CORP,A Preview Of Albemarle's Q4 Earnings,6,uncertain,0.5,0.5,the preview of earnings could lead to varying investor reactions depending on the actual results and market expectations.,1,2019-02-20,ALB,2019-02-20 12:38:00+00:00,80191.0,01265310,-0.0038493890315294,1770898.0,0.0778892040252685,0.0216295253485441,-0.0008962785941548,0.0118130389600992,0.0267997235059738,-0.0160284489393234,-0.0062247426249086,0.0159105844795703,0.0140659203752875,-0.00507053732872,-0.0107281953096389,-0.0018516420386731,-0.0054770512506365,0.0045883278362452,-0.0253332201391458,-0.0188587792217731,-0.0063283713534474,0.0106985094025731,-0.0177413579076528,-0.0075665451586246,-0.0204932764172554,0.0078720711171627,-0.0192671082913875,0.0070605683140456,0.0306134857237339,0.0064830356277525,-0.0004677922406699,0.0241317600011825,0.0086579835042357,0.0159554202109575,-0.0129044856876134,0.0066596302203834,0.0081434529274702,0.0345853194594383,0.0118239540606737,0.0013527931878343,-0.0138840330764651,-0.0192384831607341,-0.0092690475285053,-0.0164425745606422,0.0126717155799269,0.0177977997809648,-0.032627772539854,0.0183957871049642,-0.0137814236804842,0.0039380895905196,-0.0066192806698381,-0.0432636328041553,-0.0109822237864136,-0.0056840511970222,0.0127260964363813,0.0018119196174666,0.0099791204556822,0.005596047732979,0.0270796958357095,-0.0063365506939589,-0.0154393762350082,0.0097936792299151,0.0158021412789821,0.0044596535153687,0.0159126464277505,0.0488374643027782,0.0068965088576078,-0.0693892985582351,0.0092872427776455,0.0134942382574081,-0.0248447619378566,0.0043002585880458,0.0090823816135525,-0.0062160496599972,-0.0331970043480396,0.0123230526223778,0.0114859705790877,0.0430740006268024,-0.0167344193905592,-0.0228487327694892,0.0115487100556492,-0.0173320285975933,-0.0133397504687309,-0.0456140264868736,0.0057247411459684,-0.0151795102283358,-0.0048443931154906,0.0064587830565869,-0.0379700027406215,-0.0524891018867492,-0.0284629967063665,-0.0337730385363102,-0.0251302104443311,-0.0056881769560277,0.0092159043997526,-0.0033677935134619,0.0019851976539939,0.0004492465814109,-0.0085854120552539,0.0043993163853883,-0.0131894201040267,-0.0278539415448904,0.0272714551538229,-0.0214615296572446,0.0126167265698313,-0.0535242408514022,0.0,0.0222176015377044,-0.0155743611976504,-0.0010371133685112,-0.0431113615632057,-0.0020700120367109,0.0004133201728109,0.0124698989093303,0.0002753979060798,-0.0122140599414706,-0.0561750568449497,-0.0016533640446141,0.024361751973629,0.0130862649530172,-0.0091142039746046,-0.002297902945429,-0.0024432044010609,-0.038851547986269,0.0778892040252685,0.0216295253485441,0.0769231150048301,0.0336980747342741,0.1057843567241516,0.0171294979247189,0.1143581895518996,0.0280731725023326,0.042990041961227,0.0145227590934162,0.0213168212405239,0.0903725046964716,-0.1581806768459225,-0.1622661017898254,2019-02-21,2019-02-22,2019-02-25,2019-02-26,2019-02-27,2019-02-28,2019-03-01,2019-03-04,2019-03-05,2019-03-06,80191.0,2019-02-20,252.0,-0.3849%,-0.0011,1.1563,0.4656,0.3681,1.7248%,2.0875%,31.7312%,-0.009164,ALB,80191.0,2019-02-21,252.0,7.7889%,-0.0009,1.1483,0.4677,0.3526,1.7938%,2.1414%,29.8271%,0.08324,ALB,80191.0,2019-02-22,252.0,-0.0896%,-0.0008,1.1483,0.4835,0.3679,1.7923%,2.1398%,29.8400%,-0.005849,ALB,80191.0,2019-02-25,252.0,2.6800%,-0.0008,1.1491,0.4707,0.3641,1.8002%,2.1464%,29.6596%,0.026897,ALB,80191.0,2019-02-26,252.0,-0.6225%,-0.0009,1.1309,0.4876,0.3591,1.7901%,2.1276%,29.2094%,-0.000272,ALB,80191.0,2019-02-27,252.0,1.4066%,-0.0005,1.1677,0.4261,0.3652,1.7147%,2.0802%,32.0570%,0.012453,ALB,80191.0,2019-02-28,252.0,-1.0728%,-0.0006,1.1846,0.4375,0.3789,1.7051%,2.0794%,32.7611%,-0.00638,ALB,80191.0,2019-03-01,252.0,-0.5477%,-0.0004,1.131,0.3577,0.3021,1.6230%,1.9825%,32.9800%,-0.01385,ALB,80191.0,2019-03-04,252.0,-2.5333%,-0.0003,1.1174,0.4199,0.3017,1.6130%,1.9696%,32.9274%,-0.019289,ALB,80191.0,2019-03-05,252.0,-0.6328%,-0.0002,1.1226,0.459,0.3062,1.6073%,1.9689%,33.3566%,-0.002493,ALB,80191.0,2019-03-06,252.0,-1.7741%,-0.0003,1.1214,0.4661,0.3057,1.6072%,1.9697%,33.4265%,-0.002741,ALB,0.0740759999999999,0.0682269999999999,0.0951239999999999,0.107305,0.062552
7107,ALLEGION PLC,Goldman Sachs Downgrades Allegion to Neutral,6,decrease,0.8,0.6,"a downgrade from a major financial institution like goldman sachs typically signals reduced confidence in the company's future performance, which can lead to a decrease in stock price.",0,2019-02-20,ALLE,2019-02-20 12:06:00+00:00,14297.0,G0176J10,-0.0007952703745104,1271196.0,0.0031837001442909,-0.0386631824076175,0.0166609268635511,-0.001308930455707,-0.0111482720822095,-0.0222885403782129,-0.0006764099234715,0.0078460415825247,0.0201940536499023,0.0167194698005914,-0.0051974039524793,0.0013130840379744,0.0137838805094361,0.007163340691477,-0.0110745010897517,0.0122712906450033,-0.0027719258796423,0.0060606165789067,-0.0055592614226043,0.0208524260669946,-0.0164356119930744,0.0061094961129128,0.0001136993960244,0.0103657040745019,0.0068197143264114,-0.0005820399383082,0.0025964747183024,0.0103493463248014,0.0093458155170083,0.0088989082723855,-0.0066934712231159,0.0010689670452848,-0.0040553454309701,0.0143373785540461,0.0055423351004719,0.0069149546325206,-0.0021372602786868,0.0030421027913689,-0.0109345195814967,-0.0159262586385011,0.0132209220901131,0.0214041098952293,-0.0188976414501667,0.0092581156641244,0.0026369609404355,-0.0090519618242979,0.0110920667648315,-0.0002445474383421,-0.0024881386198103,-0.0036554532125592,0.0183673780411481,-0.0015814751386642,0.0099086994305253,-0.0018215122399851,0.0212765987962484,0.011173821054399,-0.0023747973609715,0.0138180078938603,0.011577577330172,0.0104402741417288,0.0067387409508228,-0.0022590400185436,0.0084997387602925,-0.0169031787663698,-0.0054782624356448,0.0168109890073537,-0.0096398694440722,0.0147676132619381,-0.0017113705398514,-0.0094577549025416,0.0047143981792032,0.0087775401771068,0.0085315462201833,0.0424346476793289,-0.0052870889194309,-0.0398522689938545,-0.0018071454251185,-0.0232558473944664,0.0,-0.0191510077565908,-0.0015974603593349,-0.0276360362768173,0.0022399902809411,0.0076490906067192,0.0216049253940582,-0.0310364831238985,-0.0051046763546764,-0.0100640887394547,0.0110994512215256,-0.0045536649413406,0.01812344789505,0.0060703102499246,0.0010172526817768,0.0009170491830445,0.0083324834704399,-0.0162399336695671,-0.0019147680141031,-0.011923330835998,-0.0012116594007238,-0.0059814015403389,0.0330570600926876,-0.0302900075912475,-0.0093942563980817,0.0164865404367446,-0.0184728112071752,-0.0017439090879634,0.0026167687028646,-0.0048806611448526,0.0048182667233049,0.0216066148132085,0.0017982048448175,0.0053470353595912,-0.0120662059634923,0.0074065313674509,0.0033309964928776,-0.007683768402785,0.0103621603921055,0.0118310200050473,0.0143383694812655,-0.0077146962285041,0.0031837001442909,-0.0386631824076175,0.0198976704031015,-0.0399215054463566,0.0085275736774359,-0.0613202537384693,0.028197879608433,-0.0381379681836763,0.0169415083525543,0.0084784356511782,0.0662235057010636,0.1071697673737839,0.1617947808549102,-0.0134832781471425,2019-02-21,2019-02-22,2019-02-25,2019-02-26,2019-02-27,2019-02-28,2019-03-01,2019-03-04,2019-03-05,2019-03-06,14297.0,2019-02-20,252.0,-0.0795%,0.0003,0.8888,0.0194,0.1731,1.0627%,1.3944%,41.9114%,-0.003626,ALLE,14297.0,2019-02-21,252.0,0.3184%,0.0001,0.9022,0.0482,0.1977,1.0309%,1.3766%,43.9167%,0.006784,ALLE,14297.0,2019-02-22,252.0,1.6661%,0.0001,0.901,0.0304,0.168,1.0297%,1.3784%,44.1954%,0.013338,ALLE,14297.0,2019-02-25,252.0,-1.1148%,0.0001,0.9002,0.0356,0.1678,1.0315%,1.3793%,44.0698%,-0.012218,ALLE,14297.0,2019-02-26,252.0,-0.0676%,0.0001,0.9073,0.027,0.1686,1.0287%,1.3793%,44.3772%,0.001446,ALLE,14297.0,2019-02-27,252.0,2.0194%,0.0002,0.9035,0.0393,0.168,1.0341%,1.3797%,43.8166%,0.019429,ALLE,14297.0,2019-02-28,252.0,-0.5197%,0.0002,0.9046,0.0399,0.1693,1.0342%,1.3786%,43.7198%,-0.002084,ALLE,14297.0,2019-03-01,252.0,1.3784%,0.0003,0.8925,0.022,0.1472,1.0255%,1.3652%,43.5746%,0.007743,ALLE,14297.0,2019-03-04,252.0,-1.1075%,0.0003,0.8867,0.0477,0.1472,1.0225%,1.3582%,43.3230%,-0.007009,ALLE,14297.0,2019-03-05,252.0,-0.2772%,0.0003,0.8879,0.0563,0.1484,1.0221%,1.3583%,43.3744%,-0.000853,ALLE,14297.0,2019-03-06,252.0,-0.5559%,0.0003,0.8873,0.0517,0.1471,1.0222%,1.3576%,43.3092%,0.00246,ALLE,0.003158,0.016496,0.004278,0.025153,0.02541
7115,AMERICAN SOFTWARE INC,"American Software Q3 Adj. EPS $0.10 Beats $0.04 Estimate, Sales $27M Miss $28.91M Estimate",6,uncertain,0.6,0.3,"while the adjusted eps beat estimates, the sales miss could lead to mixed reactions from investors, making the overall impact on the stock price uncertain.",1,2019-02-20,AMSWA,2019-02-20 21:43:00+00:00,13777.0,02968310,0.0034812847152352,80766.0,0.0190806835889816,-0.002604226116091,-0.0093616731464862,0.0158730428665876,0.000859044259414,0.0088968314230442,-0.0085836425423622,0.0017824869137257,0.0225108414888382,0.004476292990148,-0.0186283029615879,-0.0210341606289148,0.0094909109175205,0.0187500044703483,-0.0025640798266977,-0.005277051590383,-0.0051414240151643,0.005304992198944,-0.0232557710260152,0.0053333705291152,0.0008818543865345,0.0227272734045982,0.0088105220347642,-0.005424992647022,0.0157205518335104,-0.0071813212707638,-0.0025795127730816,0.0229568406939506,0.0008620064472779,0.0018399684922769,-0.0043065664358437,-0.0136116668581962,0.0216262973845005,0.0110092516988515,0.007620592135936,0.003683237824589,-0.0201680492609739,-0.0045829690061509,-0.0068610571324825,0.0018365016439929,0.0112262619659304,0.0234962403774261,-0.0273270439356565,0.0056711169891059,0.0184372290968895,0.0076190405525267,0.0094827283173799,0.0174418911337852,-0.0025618900544941,-0.0124402027577161,0.0196917410939931,-0.0132200513035059,0.0033585191704332,-0.0121268760412931,0.012552348896861,0.0065728309564292,0.0033057818654924,0.0210929345339536,-0.0090610058978199,0.0087040765210986,0.0640066862106323,0.0433905459940433,0.0062499940395355,-0.0406582839787006,-0.0015528305666521,-0.0114832427352666,-0.017107255756855,0.0429141037166118,0.0087025044485926,0.0009990237886086,0.0,0.0111111728474497,0.0031372518278658,0.0312499199062585,-0.000781878712587,0.0322580859065055,0.007042265497148,-0.001074138446711,-0.0077699632383883,-0.0302083287388086,-0.002349309856072,-0.0062111248262226,0.0015698947245255,-0.012269927188754,0.0164576824754476,-0.0160965640097856,-0.0154201854020357,-0.0349515154957771,-0.0070477798581123,0.0029211032669991,0.0181387644261121,-0.0067697963677346,0.0077459630556404,-0.0245283227413892,-0.0046118693426251,0.0251450892537832,0.0077220373786985,-0.0019304541638121,0.0114942230284214,0.0132028628140687,0.0098484940826892,-0.029886107891798,0.0075019039213657,0.0134615721181035,-0.0111690666526556,-0.050228327512741,0.0128012103959918,0.0101475697010755,-0.0052044130861759,0.0111940186470747,-0.0052751051262021,-0.0192131772637367,-0.0204545073211193,-0.0072661144658923,-0.0069605684839189,0.0156826637685298,0.0038940957747399,0.0433108545839786,0.0093095330521464,-0.0494053028523922,0.0190806835889816,-0.002604226116091,0.0095403833193237,0.0132274797577216,0.0104076231902607,0.022241993838322,0.0242845351456351,0.0286481378873237,-0.0164787140691332,0.031364266662706,0.0433651374166295,0.1221322865221206,0.1377142484277245,0.0615597157426659,2019-02-21,2019-02-22,2019-02-25,2019-02-26,2019-02-27,2019-02-28,2019-03-01,2019-03-04,2019-03-05,2019-03-06,13777.0,2019-02-20,252.0,0.3481%,-0.0003,0.7484,1.0793,-0.3675,2.1407%,2.4194%,21.7160%,0.001534,AMSWA,13777.0,2019-02-21,252.0,1.9081%,-0.0001,0.7393,1.0656,-0.3843,2.1439%,2.4193%,21.4697%,0.02166,AMSWA,13777.0,2019-02-22,252.0,-0.9362%,-0.0003,0.7444,1.0248,-0.361,2.1436%,2.4128%,21.0684%,-0.025777,AMSWA,13777.0,2019-02-25,252.0,0.0859%,-0.0005,0.7505,1.0299,-0.3356,2.1177%,2.3883%,21.3807%,0.0016569999999999,AMSWA,13777.0,2019-02-26,252.0,-0.8584%,-0.0004,0.7638,1.0191,-0.3311,2.1133%,2.3874%,21.6440%,-0.001999,AMSWA,13777.0,2019-02-27,252.0,2.2511%,-0.0005,0.748,1.0531,-0.3337,2.1042%,2.3783%,21.7239%,0.01939,AMSWA,13777.0,2019-02-28,252.0,-1.8628%,-0.0004,0.7312,1.041,-0.3419,2.0934%,2.3607%,21.3604%,-0.017454,AMSWA,13777.0,2019-03-01,252.0,0.9491%,-0.0004,0.7273,1.0352,-0.348,2.0930%,2.3586%,21.2515%,-0.00025,AMSWA,13777.0,2019-03-04,252.0,-0.2564%,-0.0004,0.7281,1.0264,-0.3467,2.0934%,2.3585%,21.2168%,0.006626,AMSWA,13777.0,2019-03-05,252.0,-0.5141%,-0.0004,0.7259,1.009,-0.3478,2.0924%,2.3517%,20.8409%,-0.0016439999999999,AMSWA,13777.0,2019-03-06,252.0,-2.3256%,-0.0004,0.7306,1.0146,-0.3417,2.0922%,2.3562%,21.1549%,-0.004395,AMSWA,0.023194,-0.002583,-0.000926,0.016465,-0.0006519999999999
7123,ARMOUR RESIDENTIAL REIT INC,Armour Residential REIT Prices 7.2M Share Common Stock Offering At $20.33M/Share; Offering Upsized From 6M Shares,6,decrease,0.7,0.5,"the upsizing of the share offering typically indicates dilution of existing shares, which can lead to a decrease in stock price.",0,2019-02-20,ARR,2019-02-20 11:46:00+00:00,92477.0,04231550,-0.0362594649195671,9504398.0,0.0064356019720435,-0.0042755417525768,0.0044269626960158,-0.0014231824316084,-0.0088149020448327,-0.0028129396960139,-0.0064228833653032,-0.0009367895545437,-0.0049726692959666,-0.0032679596915841,0.0019989509601145,0.0089496253058314,-0.0094762407243251,0.0009429730707779,0.0005035361973568,-0.0046926504001021,-0.008052428252995,0.002351798582822,-0.0060882261022925,0.0004705990140791,-0.0107198059558868,0.0018859461415559,0.0020640308503061,0.0090389447286725,0.0190525669604539,0.0,-0.0025265861768275,0.0009524027700535,0.0040526809170842,-0.0056818574666976,-0.0020181406289339,-0.0009460052242502,0.0020418073982,0.0028462745249271,0.0056036990135908,0.00190109340474,-0.0121580436825752,0.0149542391300201,-0.0046153925359249,0.0043604727834463,0.0051520033739507,-0.0114942425861954,-0.0066633042879402,0.001438790350221,0.0082560246810317,0.0096852667629718,0.0030705968383699,-0.0185361821204423,-0.006122491788119,-0.0056205838918685,0.0025667939335107,0.0075507243163883,0.0,-0.0028235043864697,0.0061443382874131,0.0004708205815404,-0.0035623256117105,-0.0042194165289402,0.0025535870809108,0.007082134950906,0.0066225710324943,0.0172910951077938,0.0035424947272986,0.0024072814267128,0.0025213938206434,0.0131707536056637,-0.0015089929802343,-0.0186691917479038,0.0015112734399735,0.0062620020471513,-0.0005029336898587,0.0024143480695784,0.0010065385140478,0.0370555743575096,0.0005075290100648,-0.0191552694886922,0.0071030594408512,-0.004400985315442,-0.0020151594653725,-0.0224665068089962,-0.0025239393580704,-0.0085308197885751,0.0086032422259449,0.0052406201139092,0.0040140454657375,-0.0331644117832183,0.0064967097714543,-0.0018232201691716,-0.0456802435219287,0.0059606176801025,0.021331937983632,-0.0045641432516276,-0.020376956090331,-0.0013673967914655,-0.0078002922236919,-0.0076888320036232,-0.0015723630785942,0.0031760295387357,-0.0041994713246822,0.0073126945644617,0.0063258218578994,-0.0095066092908382,-0.0041906717233359,-0.0022583215031772,-0.0047343582846224,-0.0009025477338582,-0.0116278706118464,0.011872156523168,-0.0032086295541375,0.0004568400618154,0.0150214964523911,0.0027484868187457,-0.0158561971038579,-0.0031963330693542,0.0096670119091868,0.0027472283691167,0.005910730920732,0.0,-0.0016024989308789,-0.0099727706983685,0.0064356019720435,-0.0042755417525768,0.0108910548379159,-0.0056926393082773,0.0019801492115221,-0.0084895659532059,-0.0094059662257247,-0.012655583302665,-0.030198048029268,-0.0047568238291507,-0.0187927550380923,0.0075496103095791,-0.0471384323044925,-0.0241766769279373,2019-02-21,2019-02-22,2019-02-25,2019-02-26,2019-02-27,2019-02-28,2019-03-01,2019-03-04,2019-03-05,2019-03-06,92477.0,2019-02-20,252.0,-3.6259%,-0.0002,0.3517,0.3853,0.3105,0.8455%,0.9262%,16.6621%,-0.0398979999999999,ARR,92477.0,2019-02-21,252.0,0.6436%,-0.0,0.3402,0.3638,0.2893,0.8309%,0.9069%,16.0636%,0.008621,ARR,92477.0,2019-02-22,252.0,0.4427%,0.0,0.3393,0.3712,0.2856,0.8308%,0.9071%,16.1326%,0.004368,ARR,92477.0,2019-02-25,252.0,-0.8815%,-0.0,0.3396,0.3754,0.2886,0.8322%,0.9089%,16.1615%,-0.007945,ARR,92477.0,2019-02-26,252.0,-0.6423%,-0.0001,0.3327,0.3856,0.2887,0.8287%,0.9044%,16.0381%,-0.002625,ARR,92477.0,2019-02-27,252.0,-0.4973%,-0.0001,0.3354,0.3791,0.2891,0.8285%,0.9045%,16.0876%,-0.005758,ARR,92477.0,2019-02-28,252.0,0.1999%,0.0,0.3207,0.3691,0.2776,0.8123%,0.8834%,15.4580%,0.0035859999999999,ARR,92477.0,2019-03-01,252.0,-0.9476%,0.0001,0.3048,0.3455,0.2585,0.8038%,0.8680%,14.2380%,-0.011835,ARR,92477.0,2019-03-04,252.0,0.0504%,0.0,0.3081,0.3325,0.2582,0.8025%,0.8667%,14.2755%,0.002373,ARR,92477.0,2019-03-05,252.0,-0.8052%,0.0,0.3082,0.3294,0.2605,0.8030%,0.8665%,14.1213%,-0.005968,ARR,92477.0,2019-03-06,252.0,-0.6088%,-0.0001,0.2996,0.3357,0.2516,0.7968%,0.8595%,14.0756%,0.000458,ARR,-0.031277,-0.026909,-0.0348539999999999,-0.043237,-0.054623
7131,ASTROTECH CORP,ECAC Site Shows Astrotechs 1st Detect Airport TRACER 1000 Has Received Official European ECAC Certification,6,increase,0.8,0.7,"the official ecac certification for astrotech's tracer 1000 enhances its credibility and marketability in the european market, likely leading to increased investor confidence and a potential rise in stock price.",2,2019-02-20,ASTC,2019-02-20 20:12:00+00:00,82747.0,04648430,0.0642782524228096,526604.0,-0.0772277861833572,-0.0155602246522903,-0.0257510486990213,-0.0163265150040388,-0.0374449528753757,0.0061602075584232,-0.0137299643829464,-0.006122491788119,-0.0116008622571826,0.0020450365263968,0.0352111756801605,-0.0020408630371093,-0.0317460037767887,-0.0219561140984296,0.035128828138113,0.0224490072578191,-0.0475113205611705,0.0061602075584232,0.0044655064120888,-0.0121703743934631,-0.0304577946662902,0.0313806720077991,-0.0463414192199707,-0.0571992024779319,-0.1074168980121613,0.0099601978436112,0.0372492484748363,0.0019959583878517,0.0082873506471514,0.0,0.016438340768218,-0.0271844398230314,0.0080862455070018,0.0198019612580537,-0.0080213826149702,0.0348360799252986,0.0188679061830043,0.0360934324562549,0.0264550652354955,-0.0579999908804893,-0.0257732328027486,0.0822511091828346,0.0211640018969774,0.0596329681575298,-0.0181346982717514,-0.0113378036767244,-0.0343007594347,0.0137930903583765,0.010928951203823,-0.1067761778831482,0.0324323996901512,0.0295982807874679,-0.0471203736960887,-0.0596421808004379,0.0082417502999305,-0.0019840777385979,-0.0272479951381683,-0.0213592480868101,-0.01960782520473,-0.0115163037553429,-0.0285714007914066,0.0255905743688345,0.0352940820157527,0.0995671078562736,0.0880681648850441,-0.031446561217308,-0.0130548179149627,-0.0982986763119697,-0.0343915000557899,0.1995465159416199,-0.0191781278699636,0.0303737465292215,-0.0083798803389072,0.0490196794271469,0.0450704470276832,-0.1840000152587891,-0.0161724910140037,0.4792898893356323,-0.0054794466122984,-0.0058823470026254,0.1019283384084702,0.0658307299017906,0.0049999952316284,-0.0617647171020507,-0.034527339041233,-0.0340908765792846,0.0950221344828605,-0.0460704788565635,0.0094117559492588,0.0852941051125526,-0.1258741170167923,0.2734082341194153,0.0453333519399166,-0.0430107116699218,0.015306107699871,-0.0210526119917631,0.0125628616660833,0.0326086655259132,0.1017369329929352,-0.0482758954167366,-0.0360359996557235,0.0104530351236462,-0.0116822868585586,0.024999976158142,-0.054373525083065,-0.0175438430160284,-0.0575000047683715,0.0142348622903227,0.0583554469048976,-0.0138967335224151,-0.0375940091907978,-0.0207560155540704,0.0078124925494194,-0.0226699840277433,0.005168015602976,0.0196917410939931,-0.0128535190597176,-0.0168350003659725,-0.039062462747097,-0.0033557014539837,-0.0772277861833572,-0.0155602246522903,-0.1009901383994533,-0.0316326954150772,-0.1346535203015839,-0.0256673518260432,-0.1564356300722369,-0.0296523489546387,-0.1626139304517676,-0.0375253449433052,-0.3069307208435238,-0.0892514650651273,-0.2693069436289445,0.5922818261490208,2019-02-21,2019-02-22,2019-02-25,2019-02-26,2019-02-27,2019-02-28,2019-03-01,2019-03-04,2019-03-05,2019-03-06,82747.0,2019-02-20,252.0,6.4278%,0.009,-0.5004,2.3067,0.3569,16.4479%,16.4983%,0.6108%,0.058122,ASTC,82747.0,2019-02-21,252.0,-7.7228%,0.0088,-0.4928,2.3033,0.3716,16.4554%,16.5054%,0.6054%,-0.076744,ASTC,82747.0,2019-02-22,252.0,-2.5751%,0.009,-0.4923,2.4264,0.4907,16.4456%,16.4999%,0.6573%,-0.029854,ASTC,82747.0,2019-02-25,252.0,-3.7445%,0.0088,-0.4898,2.4479,0.5108,16.4469%,16.5021%,0.6676%,-0.029615,ASTC,82747.0,2019-02-26,252.0,-1.3730%,0.0086,-0.5139,2.4796,0.5089,16.4448%,16.5020%,0.6919%,0.002738,ASTC,82747.0,2019-02-27,252.0,-1.1601%,0.0086,-0.5046,2.456,0.5103,16.4449%,16.5005%,0.6725%,-0.015339,ASTC,82747.0,2019-02-28,252.0,3.5211%,0.0087,-0.503,2.458,0.5055,16.4455%,16.5011%,0.6723%,0.034331,ASTC,82747.0,2019-03-01,252.0,-3.1746%,0.0088,-0.5551,2.3805,0.4444,16.4415%,16.4959%,0.6585%,-0.0333199999999999,ASTC,82747.0,2019-03-04,252.0,3.5129%,0.0089,-0.5527,2.3445,0.4502,16.4424%,16.4945%,0.6296%,0.039941,ASTC,82747.0,2019-03-05,252.0,-4.7511%,0.009,-0.5264,2.5168,0.487,16.4374%,16.4942%,0.6873%,-0.040192,ASTC,82747.0,2019-03-06,252.0,0.4466%,0.0091,-0.5366,2.4714,0.4693,16.4380%,16.4940%,0.6783%,0.031471,ASTC,-0.018622,-0.048476,-0.078091,-0.090692,-0.058461
7139,A T N INTERNATIONAL INC,"Atlantic Tele-Network Q4 EPS $0.07, Adj. EBITDA $23.4M, Sales $107.8M Miss $121.14M Estimate",6,decrease,0.8,0.7,"the company reported lower-than-expected sales and earnings, which typically leads to a decrease in stock price as it indicates underperformance relative to market expectations.",0,2019-02-20,ATNI,2019-02-20 22:11:00+00:00,77090.0,00215F10,-0.0273174606263637,94617.0,-0.2093703746795654,0.0246749892830848,0.0188552010804414,0.0350129790604114,-0.0657633766531944,-0.000274490652373,-0.0205164458602666,-0.00951739680022,-0.000180609175004,0.0215278193354606,0.0137258833274245,-0.0078544812276959,-0.013361838646233,-0.0072503252886235,0.0019862875342369,0.0159833431243896,0.0,-0.0182835850864648,0.0023427149280905,-0.0048879920504987,-0.0100682768970727,-0.0062069771811366,0.0018161727348342,-0.0063019739463925,0.0270123574882745,0.0142799271270632,0.0022947441320866,0.0004081466468051,-0.0186685025691986,-0.0156689193099737,0.0053840493783354,-0.0021382288541644,-0.011246002279222,-0.0047878785990178,0.0018054214306175,-0.0114382747560739,-0.011533667333424,0.0118398219347,0.0083865616470575,-0.0135170444846153,0.0122943464666605,-0.0072955335490405,-0.0150026809424161,0.0134671814739704,0.0039890734478831,0.000264086673269,0.0021672882139682,0.0034455624409019,0.0057667992077767,-0.0086705684661865,0.0116466498002409,0.0040892390534281,0.0017764873337,-0.0034179326612502,0.0251818057149648,-0.0137430001050233,-0.0192008409649133,0.0417341478168964,0.0123456921428442,0.0084446035325527,0.0067944144830107,0.0288676787167787,0.0186883192509412,-0.0104007767513394,-0.0088330302387475,0.0081085115671157,-0.0152527745813131,-0.0120166121050715,0.0395057499408721,0.0159596987068653,-0.0087058506906032,-0.0050146342255175,0.0013511540601029,0.048182263970375,-0.009951090440154,-0.0410249270498752,-0.0044293380342423,-0.0237835627049207,-0.0013688914477825,-0.019565787166357,0.0234749652445316,-0.0215053670108318,-0.0045203492045402,0.0263795293867588,0.0070636058226227,-0.0478020720183849,0.0086840419098734,-0.0001281667937291,0.0286423750221729,-0.0216872990131378,-0.0141638666391372,0.0371862277388572,-0.0158367548137903,0.008523492142558,0.0127737307921052,-0.0180273167788982,-0.0085176164284348,-0.0205574128776788,-0.0128861526027321,0.0151069043204188,0.0384937115013599,-0.0476712547242641,0.0151491127908229,-0.0300378538668155,-0.0300048124045133,-0.0209564100950956,-0.0068739471025764,-0.020192839205265,0.0123599208891391,0.0222660098224878,0.0154647687450051,0.0282614212483167,-0.0235652644187212,0.0026303350459784,0.0147759243845939,0.0077108358964324,0.0071185668930411,0.0048426333814859,-0.0186345353722572,-0.0383048206567764,-0.2093703746795654,0.0246749892830848,-0.1944628941139945,0.0605519132265808,-0.2474377342165,0.0602608016400436,-0.2630107682607494,0.0727777463031682,-0.2596832027365204,0.0487440066333935,-0.2336835362134987,0.0520294147514897,-0.1844203555042349,-0.0985986377216923,2019-02-21,2019-02-22,2019-02-25,2019-02-26,2019-02-27,2019-02-28,2019-03-01,2019-03-04,2019-03-05,2019-03-06,77090.0,2019-02-20,252.0,-2.7317%,0.0015,0.9487,1.1992,0.8087,2.3799%,2.6056%,16.5784%,-0.036585,ATNI,77090.0,2019-02-21,252.0,-20.9370%,0.0007,0.9921,1.2426,0.89,2.7056%,2.9214%,14.2290%,-0.203261,ATNI,77090.0,2019-02-22,252.0,1.8855%,0.0008,0.9888,1.2663,0.8717,2.7063%,2.9233%,14.2955%,0.018555,ATNI,77090.0,2019-02-25,252.0,-6.5763%,0.0003,0.9987,1.3073,0.9297,2.6855%,2.9103%,14.8506%,-0.062485,ATNI,77090.0,2019-02-26,252.0,-2.0516%,0.0001,0.9826,1.3337,0.9311,2.6795%,2.9031%,14.8109%,-0.007584,ATNI,77090.0,2019-02-27,252.0,-0.0181%,0.0001,0.981,1.3359,0.9308,2.6794%,2.9027%,14.7922%,-0.0025819999999999,ATNI,77090.0,2019-02-28,252.0,1.3726%,0.0002,0.9692,1.3284,0.918,2.6804%,2.8982%,14.4659%,0.018727,ATNI,77090.0,2019-03-01,252.0,-1.3362%,0.0001,0.9728,1.3337,0.9331,2.6823%,2.8992%,14.4042%,-0.020611,ATNI,77090.0,2019-03-04,252.0,0.1986%,0.0001,0.9793,1.3045,0.9332,2.6809%,2.8971%,14.3693%,0.0086509999999999,ATNI,77090.0,2019-03-05,252.0,0.0000%,0.0002,0.9836,1.3432,0.9334,2.6767%,2.8967%,14.6171%,0.007858,ATNI,77090.0,2019-03-06,252.0,0.2343%,0.0003,0.9681,1.2918,0.9089,2.6813%,2.8950%,14.2168%,0.027066,ATNI,-0.239846,-0.221291,-0.283776,-0.293942,-0.252251
7147,AIR TRANSPORT SERVICES GROUP INC,"Atlas Air Posts Solid quarter, Full-Year Results; Tees Up Bullish 2019 Outlook",6,increase,0.8,0.7,"the positive quarterly and full-year results, along with a bullish outlook for 2019, are likely to boost investor confidence and drive the stock price up.",2,2019-02-20,ATSG,2019-02-20 15:55:00+00:00,90716.0,00922R10,0.0170702785253524,543422.0,-0.0074161016382277,0.0116466237232089,0.0031458877492696,0.0302027110010385,-0.0223441664129495,-0.0094262110069394,-0.015637582167983,-0.0028606331907212,-0.0175152104347944,0.0238493606448173,-0.0352404788136482,-0.0037515696603804,-0.020197732374072,-0.0159966945648193,-0.0692982450127601,-0.0008196909329853,-0.0009424387826584,-0.0008190195658244,-0.0004717088886536,0.0175000037997961,-0.0004719315038528,0.0139416949823498,0.007082134950906,-0.0033684177324175,-0.0182840786874294,0.0188760422170162,-0.0195797439664602,-0.0122881745919585,0.0034096294548362,-0.0054782624356448,-0.0082524307072162,-0.0161692071706056,-0.0137053690850734,0.0194421391934156,0.0124069480225443,-0.0112829273566603,-0.0093137519434094,-0.0037468839436769,0.0326571874320507,-0.0078479405492544,0.0464781634509563,0.022381704300642,-0.03113554418087,0.0171821136027574,0.0212665777653455,-0.0106247337535023,-0.0018510372610762,0.0077087925747036,0.0194714926183223,-0.0114310095086693,0.0027284887619316,0.0012717543868348,0.0453514754772186,0.0238714944571256,0.015618247911334,-0.0290770605206489,-0.0358821079134941,0.0206451416015625,-0.0070890495553612,0.0449438206851482,0.0196341164410114,0.0086128981783986,0.0008752935682423,-0.0208611283451318,-0.0034980289638042,-0.0122752645984292,-0.0114085217937827,0.0429811887443065,0.0168663617223501,0.0092293843626976,0.0157136879861354,0.0154639137908816,0.0090244552120566,0.0627490133047103,-0.005536591168493,-0.0098619703203439,0.0128479329869151,0.1015752777457237,-0.0016912900609895,0.051399178802967,0.0050825467333197,-0.0315265320241451,-0.0164348669350147,0.0296127833425998,0.0025706712622195,0.0,0.0119658410549163,-0.0112613039091229,-0.0367399007081985,-0.0252469312399625,0.0135905910283327,0.0139120761305093,0.0164359491318464,-0.0022210390307009,0.0012766249710693,0.0123664587736129,-0.016574639827013,-0.0154952285811305,-0.0030250516720116,0.0140291806310415,0.0030342303216457,-0.0439914017915725,-0.0224718488752841,0.0059362491592764,-0.0305040013045072,0.0081611275672912,0.0911992713809013,-0.0275132525712251,-0.0505641847848892,0.0288513209670782,-0.0176056176424026,-0.0207888800650835,-0.0058243353851139,0.0135062122717499,-0.0031545602250844,0.0109230345115065,0.0370705090463161,-0.0102702993899583,0.0305143352597951,-0.039958506822586,-0.0074161016382277,0.0116466237232089,-0.0042935441122491,0.0422010943346973,-0.0265417748610532,0.0323770869078352,-0.0585480076380099,0.0539749350389548,-0.1729117951048053,0.0495833560892415,-0.1252927757712679,0.1321348572198819,-0.0772834266739613,0.3072132806526761,2019-02-21,2019-02-22,2019-02-25,2019-02-26,2019-02-27,2019-02-28,2019-03-01,2019-03-04,2019-03-05,2019-03-06,90716.0,2019-02-20,252.0,1.7070%,0.0003,0.9079,0.6998,0.0574,2.1052%,2.3441%,19.3425%,0.013515,ATSG,90716.0,2019-02-21,252.0,-0.7416%,0.0004,0.9004,0.6837,0.0437,2.1002%,2.3360%,19.1733%,-0.003535,ATSG,90716.0,2019-02-22,252.0,0.3146%,0.0003,0.9023,0.6555,0.0411,2.0968%,2.3323%,19.1728%,-0.005925,ATSG,90716.0,2019-02-25,252.0,-2.2344%,0.0001,0.9057,0.6698,0.0611,2.0940%,2.3300%,19.2334%,-0.022019,ATSG,90716.0,2019-02-26,252.0,-1.5638%,-0.0001,0.8897,0.699,0.064,2.0862%,2.3177%,18.9784%,-0.0098,ATSG,90716.0,2019-02-27,252.0,-1.7515%,-0.0001,0.8913,0.6903,0.0642,2.0897%,2.3204%,18.8978%,-0.019667,ATSG,90716.0,2019-02-28,252.0,-3.5240%,-0.0002,0.896,0.6924,0.0751,2.0995%,2.3288%,18.7237%,-0.032555,ATSG,90716.0,2019-03-01,252.0,-2.0198%,-0.0006,0.939,0.7564,0.1547,2.0442%,2.2935%,20.5567%,-0.028446,ATSG,90716.0,2019-03-04,252.0,-6.9298%,-0.0007,0.9249,0.8583,0.1457,2.0599%,2.3134%,20.7186%,-0.062084,ATSG,90716.0,2019-03-05,252.0,-0.0942%,-0.0006,0.9293,0.8949,0.1473,2.0551%,2.3130%,21.0573%,0.0035499999999999,ATSG,90716.0,2019-03-06,252.0,-0.0472%,-0.0005,0.9333,0.8455,0.1451,2.0537%,2.3109%,21.0246%,0.018461,ATSG,0.00998,0.0040549999999999,-0.017964,-0.047431,-0.148505
7155,AMERICAN AXLE & MFG HLGDS INC,Bank of America Upgrades American Axle & Mfg Hldgs to Buy,6,increase,0.8,0.7,"upgrades from major financial institutions like bank of america typically signal positive sentiment and can lead to increased investor confidence, likely resulting in a rise in stock price.",2,2019-02-20,AXL,2019-02-20 12:20:00+00:00,86547.0,02406110,0.0192654840648174,2970545.0,-0.0242173559963703,-0.0130718545988202,0.0175544191151857,0.1448979675769806,-0.0083283400163054,0.0173010379076004,-0.0065987170673906,0.0076708267442882,-0.0078501915559172,0.0235545989125967,-0.0200852043926715,0.0189091078937053,-0.0012422644067555,-0.0178571436554193,0.0037313101347535,-0.0404386669397354,-0.0247831251472234,-0.0188298411667347,-0.0457432866096496,-0.0217105224728584,-0.0146471541374921,0.018766738474369,-0.0209459736943244,0.0094722835347056,0.0151829030364751,0.0130225894972682,-0.012236594222486,0.0181437712162733,-0.0061940918676555,-0.0069300332106649,-0.0283933412283659,-0.0190346520394086,0.0035638054832816,0.022948533296585,0.0191761683672666,0.0141043588519096,0.0097560547292232,-0.0234159883111715,-0.0276052188128233,-0.0061601097695529,0.017033340409398,0.0317796468734741,-0.0600139312446117,0.017972681671381,0.0044543030671775,0.0028839195147156,0.0155210671946406,0.0571646355092525,0.0080058667808771,0.0154798617586493,0.02454867772758,0.0133333392441272,0.0084567191079258,-0.0062353797256946,0.0503144152462482,0.0094413757324218,0.0079840244725346,0.0358597859740257,0.0151815516874194,0.0415959879755973,0.0136540988460183,0.0527256652712822,-0.0173188224434852,-0.0132275633513927,0.0241514295339584,0.0216215997934341,-0.0254939217120409,-0.0026953937485814,0.0235447790473699,0.0008993011433631,-0.0089456485584378,0.02488474547863,0.0380399823188781,0.048309177160263,-0.0136646125465631,-0.0254236832261085,0.0214105285704135,-0.0380434840917587,-0.035141784697771,-0.0160428080707788,0.0172524265944957,-0.0183727070689201,-0.0270100701600313,0.0160000268369913,-0.0032279014121741,-0.0017746634548529,0.0148964058607816,-0.0217013880610466,-0.0638162121176719,0.0,0.0463531203567981,0.0176679119467735,-0.0104235047474503,-0.0052724443376064,-0.028966398909688,0.004413079470396,-0.0325423404574394,-0.0542570650577545,0.005606161430478,-0.0236349552869796,-0.0515679940581321,-0.0261904690414667,-0.0271858852356672,0.0120482388883829,-0.0294561479240655,0.0213289782404899,-0.0171206425875425,-0.0193081833422184,-0.0348377302289009,0.0471777953207492,-0.0073830354958772,-0.0141196073964238,-0.046281024813652,0.0290598422288894,0.0346620120108127,0.0017122862627729,-0.0041875410825014,0.0183086339384317,-0.0185029655694961,-0.0417710952460765,-0.0242173559963703,-0.0130718545988202,-0.0070880584982064,0.1299320278143294,-0.0153573667532833,0.1494810246605569,-0.0295333725245954,0.1855817509043285,-0.1128174732368787,0.0927632090897077,-0.091553463880331,0.4100170608338824,-0.3106910923824817,0.3876357742756127,2019-02-21,2019-02-22,2019-02-25,2019-02-26,2019-02-27,2019-02-28,2019-03-01,2019-03-04,2019-03-05,2019-03-06,86547.0,2019-02-20,252.0,1.9265%,0.0009,1.5953,0.2011,0.5955,2.6742%,3.1049%,25.8179%,0.012661,AXL,86547.0,2019-02-21,252.0,-2.4217%,0.0007,1.6079,0.223,0.6188,2.6723%,3.1080%,26.0746%,-0.016905,AXL,86547.0,2019-02-22,252.0,1.7554%,0.0006,1.6072,0.1903,0.5808,2.6685%,3.1066%,26.2139%,0.014874,AXL,86547.0,2019-02-25,252.0,-0.8328%,0.0006,1.6071,0.195,0.5827,2.6692%,3.1070%,26.1951%,-0.009299,AXL,86547.0,2019-02-26,252.0,-0.6599%,0.0007,1.6226,0.1823,0.5878,2.6645%,3.1073%,26.4725%,-0.000956,AXL,86547.0,2019-02-27,252.0,-0.7850%,0.0007,1.6225,0.1795,0.5878,2.6652%,3.1060%,26.3726%,-0.009051,AXL,86547.0,2019-02-28,252.0,-2.0085%,0.0007,1.6064,0.1679,0.5795,2.6573%,3.0888%,25.9890%,-0.013722,AXL,86547.0,2019-03-01,252.0,-0.1242%,0.0007,1.6024,0.1621,0.5788,2.6583%,3.0855%,25.7756%,-0.011067,AXL,86547.0,2019-03-04,252.0,0.3731%,0.0007,1.6022,0.1543,0.5809,2.6589%,3.0840%,25.6638%,0.010365,AXL,86547.0,2019-03-05,252.0,-2.4783%,0.0008,1.6122,0.2186,0.5958,2.6558%,3.0860%,25.9344%,-0.020277,AXL,86547.0,2019-03-06,252.0,-4.5743%,0.0006,1.623,0.2829,0.6167,2.6625%,3.0971%,26.0945%,-0.029775,AXL,-0.0042439999999999,0.01063,0.001331,-0.008676,-0.073152
7163,A X T INC,"AXT Q4 EPS $(0.03) Misses $0.02 Estimate, Sales $22.23M Beat $22.21M Estimate",6,decrease,0.7,0.5,"the miss on eps estimates typically signals weaker profitability, which can lead to a decrease in stock price despite the sales beat.",0,2019-02-20,AXTI,2019-02-20 21:11:00+00:00,86051.0,00246W10,0.027397233992815,342240.0,-0.0866666361689567,-0.0112866172567009,0.0510948970913887,0.035046637058258,0.0162036325782537,0.0094340657815337,0.0022779565770179,0.0143540538847446,-0.0295454803854227,0.0398009568452835,0.0444964990019798,-0.0074074589647352,-0.0381166078150272,0.0,0.0233100019395351,-0.0311003923416137,-0.0159452613443136,0.0023980219848454,-0.0162037424743175,0.0048192725516855,-0.0141176339238882,0.0024155143182724,0.0,0.0072992048226296,0.0190930608659982,0.0,0.0491803362965583,0.045801542699337,0.0133928442373871,-0.0248139295727014,-0.0330396704375743,-0.0265699662268161,0.0273349359631538,-0.0095693692564964,-0.0155211016535759,0.0636131688952446,0.0225225016474723,0.0,-0.0176211278885603,-0.0174999833106994,-0.0134529015049338,0.0204081442207098,-0.0113636795431375,0.0,0.0160919930785894,-0.0199999809265136,-0.0022624952252954,0.0256409998983144,0.0068027689121663,-0.1390728652477264,-0.0247748047113418,-0.0152173256501555,0.0277136005461216,0.0132158463820815,0.0674157738685607,0.0202247537672519,0.0400000102818012,0.013667413033545,-0.0040485789068043,0.0257008522748947,-0.0060976035892963,0.0313253290951252,0.0184049401432275,-0.0777777582406997,-0.032128483057022,0.0344827808439731,-0.008298747241497,0.0046189334243536,0.0146442865952849,0.0334128551185131,-0.0103092193603515,0.0219512563198804,-0.0041666626930236,0.0049019563011825,0.010460190474987,0.0049261036328971,0.018633572384715,-0.0169491935521364,-0.0020325668156147,-0.0166665948927402,-0.0325865261256694,0.002386575564742,-0.0715789794921875,-0.0071089416742324,0.0566893443465232,-0.016317056491971,0.0171673670411109,-0.0137930903583765,0.1455696374177933,0.0187353454530239,0.0220995154231786,-0.0489977300167083,0.010810799896717,-0.0175055582076311,0.0160427223891019,-0.0914512947201728,0.0017544261645525,-0.0326922312378883,-0.0087566003203392,-0.0188679955899715,0.0070671313442289,-0.0484739616513252,0.0140351587906479,0.0108892815187573,-0.0449827350676059,-0.0143112558871507,0.0181159246712923,-0.015845013782382,-0.035587154328823,-0.0052539771422743,0.001844972721301,0.1087378486990929,-0.0662982836365699,-0.0171755105257034,0.0335304923355579,-0.0019048055401071,0.0114504620432853,0.0019084407249465,-0.0547169707715511,-0.0113208331167697,-0.0866666361689567,-0.0112866172567009,-0.0399999619338777,0.023364461822946,-0.0244444740419447,0.0330189494742676,-0.0511111156995,0.0895522707401359,-0.0555555557438006,0.0554216891922496,0.0933333461573686,0.0233644604937217,0.1133333844024144,-0.1735849163845157,2019-02-21,2019-02-22,2019-02-25,2019-02-26,2019-02-27,2019-02-28,2019-03-01,2019-03-04,2019-03-05,2019-03-06,86051.0,2019-02-20,252.0,2.7397%,-0.0022,0.9614,0.595,-0.3553,3.5553%,3.7517%,10.1962%,0.026299,AXTI,86051.0,2019-02-21,252.0,-8.6667%,-0.0025,0.9859,0.6268,-0.3099,3.5906%,3.7893%,10.2123%,-0.08361,AXTI,86051.0,2019-02-22,252.0,5.1095%,-0.0025,0.981,0.616,-0.3787,3.5978%,3.8031%,10.5082%,0.036584,AXTI,86051.0,2019-02-25,252.0,1.6204%,-0.0017,0.9602,0.5867,-0.4707,3.4226%,3.6411%,11.6440%,0.015552,AXTI,86051.0,2019-02-26,252.0,0.2278%,-0.0019,0.9247,0.6104,-0.4853,3.4042%,3.6149%,11.3185%,0.005915,AXTI,86051.0,2019-02-27,252.0,-2.9545%,-0.002,0.934,0.5849,-0.4839,3.4066%,3.6180%,11.3450%,-0.03222,AXTI,86051.0,2019-02-28,252.0,4.4496%,-0.0018,0.9248,0.5803,-0.5017,3.4199%,3.6287%,11.1781%,0.045965,AXTI,86051.0,2019-03-01,252.0,-3.8117%,-0.0021,0.9417,0.6054,-0.4539,3.4211%,3.6303%,11.1940%,-0.048555,AXTI,86051.0,2019-03-04,252.0,2.3310%,-0.0019,0.9236,0.6347,-0.4422,3.4227%,3.6268%,10.9395%,0.032309,AXTI,86051.0,2019-03-05,252.0,-1.5945%,-0.0019,0.9256,0.6427,-0.4364,3.4235%,3.6267%,10.8928%,-0.013559,AXTI,86051.0,2019-03-06,252.0,-1.6204%,-0.0019,0.9309,0.6341,-0.4315,3.4228%,3.6278%,10.9823%,-0.000246,AXTI,-0.057311,-0.020727,-0.005175,-0.03148,-0.015566
7171,BELDEN INC NEW,"Belden Sees Q1 Adj. EPS $0.80-$1 vs $1.10 Estimate, Sales $564M-$594M vs $580M Est.; FY19 Adj. EPS $5.50-$6.15 vs $6.10 Est., Sales $2.495B-$2.595B vs $2.58B Est.",6,decrease,0.8,0.7,"the company's adjusted eps and sales guidance for q1 and fy19 are below analyst estimates, which is likely to lead to a negative reaction in the stock price.",0,2019-02-20,BDC,2019-02-20 12:37:00+00:00,79668.0,07745410,0.1270766705274582,2621435.0,-0.0537870526313781,-0.0010592789622023,-0.0018230130663141,0.0125134214758873,0.0277270786464214,0.0019702094141393,-0.0100161992013454,-0.0165580175817012,0.0081592686474323,0.0258402656763792,0.0001618992682779,0.0212216563522815,0.0074445554055273,-0.0125729301944375,-0.004016064107418,-0.019124211743474,-0.0067741638049483,0.0119370557367801,-0.0412471704185009,0.013194085098803,-0.0150745147839188,0.0162010975182056,-0.0101461764425039,0.0016787940403446,0.0074704708531498,0.0217266883701086,0.0005173095269128,-0.0024714306928217,0.0036194389685988,-0.0097891651093959,-0.0065314723178744,-0.0056158602237701,0.006920441519469,0.0290887746959924,-0.0171821303665638,0.0512352921068668,0.0015734292101114,-0.0302434638142585,-0.0185023806989193,-0.0368829369544982,0.0261426512151956,0.0072394218295812,-0.0703639760613441,0.009811507537961,0.0016778552671894,0.0200157072395086,-0.0011167201446369,0.0137258525937795,-0.0197502821683883,-0.0011921591358259,-0.0007603291305713,0.0108455698937177,0.0214951690286397,0.0225919559597969,0.0186219736933708,0.0246211737394332,0.0073125720955431,0.0230355150997638,0.0148820271715521,0.0511428415775299,0.0157367866486311,0.0661036893725395,0.0139084672555327,-0.0126250302419066,0.0102448370307683,0.0050275097601115,-0.0192505829036235,0.0153135899454355,0.023834504187107,0.0120540671050548,0.010099284350872,-0.0007374330889433,0.0079647731035947,0.0517063066363334,-0.0095830485224723,-0.0346892774105072,-0.000169721970451,-0.042075116187334,-0.0091680968180298,-0.0308155249804258,0.0095955710858106,0.0102995932102203,-0.0244398955255746,0.0025815679691731,0.019485019147396,-0.007453987840563,0.0005119896959513,-0.0328532494604587,-0.0649838224053382,-0.0286339092999696,0.0032834787853062,0.0081533482298254,0.0176363866776228,-0.0253436490893364,-0.0075040552765131,-0.015228372067213,0.0489649176597595,-0.0343137308955192,0.0368971638381481,-0.0295342244207859,0.0177094265818595,-0.0971725136041641,0.0089445309713482,0.0017927982844412,-0.0169245526194572,0.0169553384184837,-0.0013117204653099,0.0275383554399013,-0.0014775923918932,0.0142504274845123,0.0034527964890003,-0.0180969666689634,-0.0766836032271385,0.0058171804994344,0.0124223744496703,0.0140818590298295,0.0029798769392073,-0.0066162999719381,0.009437208995223,-0.0371313653886318,-0.0537870526313781,-0.0010592789622023,-0.0555120111979468,0.0114408873095703,-0.0293241184518319,0.0134336376675932,-0.0312059245048569,0.0224069687823145,-0.0741728012442242,0.0368334644598604,-0.1223450637788871,0.280380254863336,-0.0934665723425485,0.0310502619189643,2019-02-21,2019-02-22,2019-02-25,2019-02-26,2019-02-27,2019-02-28,2019-03-01,2019-03-04,2019-03-05,2019-03-06,79668.0,2019-02-20,252.0,12.7077%,-0.0003,1.5653,1.4505,0.9921,1.9110%,2.5267%,42.8007%,0.116284,BDC,79668.0,2019-02-21,252.0,-5.3787%,-0.0006,1.5873,1.4855,1.0328,1.9203%,2.5474%,43.1753%,-0.044798,BDC,79668.0,2019-02-22,252.0,-0.1823%,-0.0005,1.5872,1.5061,1.0497,1.9178%,2.5468%,43.2946%,-0.005229,BDC,79668.0,2019-02-25,252.0,2.7727%,-0.0004,1.5855,1.4889,1.0346,1.9263%,2.5509%,42.9717%,0.031052,BDC,79668.0,2019-02-26,252.0,-1.0016%,-0.0003,1.5862,1.4803,1.0307,1.9266%,2.5500%,42.9207%,0.005364,BDC,79668.0,2019-02-27,252.0,0.8159%,-0.0004,1.582,1.4894,1.03,1.9259%,2.5477%,42.8557%,0.005056,BDC,79668.0,2019-02-28,252.0,0.0162%,-0.0004,1.5904,1.4954,1.0343,1.9229%,2.5476%,43.0259%,0.007243,BDC,79668.0,2019-03-01,252.0,0.7445%,-0.0004,1.5921,1.498,1.0389,1.9229%,2.5440%,42.8657%,-0.004295,BDC,79668.0,2019-03-04,252.0,-0.4016%,-0.0004,1.5852,1.5152,1.042,1.9215%,2.5417%,42.8464%,0.0061129999999999,BDC,79668.0,2019-03-05,252.0,-0.6774%,-0.0004,1.5827,1.4978,1.039,1.9209%,2.5338%,42.5298%,0.003029,BDC,79668.0,2019-03-06,252.0,-4.1247%,-0.0004,1.59,1.5137,1.0494,1.9213%,2.5465%,43.0768%,-0.009587,BDC,0.071486,0.066257,0.0973089999999999,0.1077289999999999,0.110232
7179,BELDEN INC NEW,"Belden Q4 EPS $1.66 Beats $1.63 Estimate, Sales $655.39M Miss $661.39M Estimate",6,uncertain,0.6,0.3,"while belden's eps beat estimates, the sales miss could lead to mixed investor reactions, making the overall impact on the stock price uncertain.",1,2019-02-20,BDC,2019-02-20 12:36:00+00:00,79668.0,07745410,0.1270766705274582,2621435.0,-0.0537870526313781,-0.0010592789622023,-0.0018230130663141,0.0125134214758873,0.0277270786464214,0.0019702094141393,-0.0100161992013454,-0.0165580175817012,0.0081592686474323,0.0258402656763792,0.0001618992682779,0.0212216563522815,0.0074445554055273,-0.0125729301944375,-0.004016064107418,-0.019124211743474,-0.0067741638049483,0.0119370557367801,-0.0412471704185009,0.013194085098803,-0.0150745147839188,0.0162010975182056,-0.0101461764425039,0.0016787940403446,0.0074704708531498,0.0217266883701086,0.0005173095269128,-0.0024714306928217,0.0036194389685988,-0.0097891651093959,-0.0065314723178744,-0.0056158602237701,0.006920441519469,0.0290887746959924,-0.0171821303665638,0.0512352921068668,0.0015734292101114,-0.0302434638142585,-0.0185023806989193,-0.0368829369544982,0.0261426512151956,0.0072394218295812,-0.0703639760613441,0.009811507537961,0.0016778552671894,0.0200157072395086,-0.0011167201446369,0.0137258525937795,-0.0197502821683883,-0.0011921591358259,-0.0007603291305713,0.0108455698937177,0.0214951690286397,0.0225919559597969,0.0186219736933708,0.0246211737394332,0.0073125720955431,0.0230355150997638,0.0148820271715521,0.0511428415775299,0.0157367866486311,0.0661036893725395,0.0139084672555327,-0.0126250302419066,0.0102448370307683,0.0050275097601115,-0.0192505829036235,0.0153135899454355,0.023834504187107,0.0120540671050548,0.010099284350872,-0.0007374330889433,0.0079647731035947,0.0517063066363334,-0.0095830485224723,-0.0346892774105072,-0.000169721970451,-0.042075116187334,-0.0091680968180298,-0.0308155249804258,0.0095955710858106,0.0102995932102203,-0.0244398955255746,0.0025815679691731,0.019485019147396,-0.007453987840563,0.0005119896959513,-0.0328532494604587,-0.0649838224053382,-0.0286339092999696,0.0032834787853062,0.0081533482298254,0.0176363866776228,-0.0253436490893364,-0.0075040552765131,-0.015228372067213,0.0489649176597595,-0.0343137308955192,0.0368971638381481,-0.0295342244207859,0.0177094265818595,-0.0971725136041641,0.0089445309713482,0.0017927982844412,-0.0169245526194572,0.0169553384184837,-0.0013117204653099,0.0275383554399013,-0.0014775923918932,0.0142504274845123,0.0034527964890003,-0.0180969666689634,-0.0766836032271385,0.0058171804994344,0.0124223744496703,0.0140818590298295,0.0029798769392073,-0.0066162999719381,0.009437208995223,-0.0371313653886318,-0.0537870526313781,-0.0010592789622023,-0.0555120111979468,0.0114408873095703,-0.0293241184518319,0.0134336376675932,-0.0312059245048569,0.0224069687823145,-0.0741728012442242,0.0368334644598604,-0.1223450637788871,0.280380254863336,-0.0934665723425485,0.0310502619189643,2019-02-21,2019-02-22,2019-02-25,2019-02-26,2019-02-27,2019-02-28,2019-03-01,2019-03-04,2019-03-05,2019-03-06,79668.0,2019-02-20,252.0,12.7077%,-0.0003,1.5653,1.4505,0.9921,1.9110%,2.5267%,42.8007%,0.116284,BDC,79668.0,2019-02-21,252.0,-5.3787%,-0.0006,1.5873,1.4855,1.0328,1.9203%,2.5474%,43.1753%,-0.044798,BDC,79668.0,2019-02-22,252.0,-0.1823%,-0.0005,1.5872,1.5061,1.0497,1.9178%,2.5468%,43.2946%,-0.005229,BDC,79668.0,2019-02-25,252.0,2.7727%,-0.0004,1.5855,1.4889,1.0346,1.9263%,2.5509%,42.9717%,0.031052,BDC,79668.0,2019-02-26,252.0,-1.0016%,-0.0003,1.5862,1.4803,1.0307,1.9266%,2.5500%,42.9207%,0.005364,BDC,79668.0,2019-02-27,252.0,0.8159%,-0.0004,1.582,1.4894,1.03,1.9259%,2.5477%,42.8557%,0.005056,BDC,79668.0,2019-02-28,252.0,0.0162%,-0.0004,1.5904,1.4954,1.0343,1.9229%,2.5476%,43.0259%,0.007243,BDC,79668.0,2019-03-01,252.0,0.7445%,-0.0004,1.5921,1.498,1.0389,1.9229%,2.5440%,42.8657%,-0.004295,BDC,79668.0,2019-03-04,252.0,-0.4016%,-0.0004,1.5852,1.5152,1.042,1.9215%,2.5417%,42.8464%,0.0061129999999999,BDC,79668.0,2019-03-05,252.0,-0.6774%,-0.0004,1.5827,1.4978,1.039,1.9209%,2.5338%,42.5298%,0.003029,BDC,79668.0,2019-03-06,252.0,-4.1247%,-0.0004,1.59,1.5137,1.0494,1.9213%,2.5465%,43.0768%,-0.009587,BDC,0.071486,0.066257,0.0973089999999999,0.1077289999999999,0.110232
7187,BIOCEPT INC,Biocept Issues Letter To Stockholders,6,uncertain,0.5,0.5,"the impact of a letter to stockholders can vary widely depending on its content and context, making the effect on stock price uncertain.",1,2019-02-20,BIOC,2019-02-20 13:16:00+00:00,14449.0,09072V60,0.0099009806290268,2107621.0,-0.01960782520473,0.0,0.0,0.0099999904632568,0.0099999904632568,-0.0384615026414394,0.0297029428184032,-0.009523800574243,0.0384616181254386,-0.0232559014111757,-0.0462963618338108,0.0046728923916816,0.0194174572825431,-0.4729063808917999,-0.009523800574243,0.0797872245311737,-0.0192307513207197,0.0107526779174804,0.009803912602365,-0.0261779855936765,-0.0097087286412715,-0.0402010269463062,0.0,0.0101522747427225,0.1862745732069016,0.0479281097650528,-0.0247934628278017,-5.320031777955592e-05,0.01694923825562,-0.1090046986937523,0.3166666626930237,0.0876287817955017,-0.2594937086105347,-0.0490195602178573,-0.0769230052828788,0.0625000074505806,0.0370370000600814,-0.0153846610337495,-0.0267856884747743,-0.1484715789556503,-0.0366973206400871,-0.2442244291305542,-0.009523800574243,0.2948718369007111,-0.0096153756603598,0.4011975824832916,0.1941748112440109,-0.2409091293811798,-0.0731707587838172,1.4043716192245483,0.0350876860320568,-0.0045691705308854,-0.0254237055778503,-0.000869579904247,0.0,0.0056843338534235,-0.0347825773060321,0.0698164105415344,-0.0180179998278617,-0.1050759106874466,-0.0183486063033342,0.0082304347306489,-0.0046728923916816,-0.0329591780900955,0.0140844928100705,0.139402449131012,-0.0370371118187904,0.048774491995573,0.0288462415337562,0.0354798138141632,-0.0186916813254356,0.0153846470639109,0.0,-0.0901668220758438,-0.0190476011484861,0.071491003036499,-0.0145630929619073,-0.0429425798356533,0.0049261036328971,0.0450000166893005,0.0,-0.2982456088066101,-0.03921565040946,0.6627771258354187,-0.0306122750043869,-0.1611403822898865,0.0315789803862571,0.0614286251366138,-0.0419388003647327,-0.0851847901940345,0.0080945892259478,0.0044152960181236,-0.0147913349792361,-0.1178947240114212,-0.0241286624222993,-0.0776698887348175,0.0329670011997222,-0.0803571715950965,-0.0425532162189483,-0.0175438430160284,0.0110000371932983,0.0654204934835434,0.0113199036568403,0.0094340657815337,-0.0306454803794622,-0.0535714849829673,0.0235425643622875,-0.0260869320482015,0.0581599026918411,-0.1417910903692245,-0.0562053136527538,-0.1518987417221069,-0.0554946810007095,0.0193548984825611,-0.0130050526931881,0.0,-0.0211764778941869,0.0,-0.026562537997961,-0.037267118692398,-0.01960782520473,0.0,-0.01960782520473,0.0099999904632568,-0.0098039128065257,-0.0288461268377995,0.0588235917513395,-0.0604651657867458,0.0098039119559825,-0.4712041922652992,0.0686275330902901,0.057038183629928,-0.2059803722951076,-0.3726708583444608,2019-02-21,2019-02-22,2019-02-25,2019-02-26,2019-02-27,2019-02-28,2019-03-01,2019-03-04,2019-03-05,2019-03-06,14449.0,2019-02-20,252.0,0.9901%,-0.0007,-0.7986,0.7624,0.7311,14.5477%,14.5900%,0.5795%,0.0057989999999999,BIOC,14449.0,2019-02-21,252.0,-1.9608%,-0.0008,-0.7982,0.7589,0.7321,14.5481%,14.5904%,0.5790%,-0.020447,BIOC,14449.0,2019-02-22,252.0,0.0000%,-0.0005,-0.8024,0.8253,0.742,14.5452%,14.5886%,0.5945%,0.0116759999999999,BIOC,14449.0,2019-02-25,252.0,1.0000%,-0.0003,-0.8067,0.8136,0.72,14.5437%,14.5868%,0.5894%,0.0145849999999999,BIOC,14449.0,2019-02-26,252.0,2.9703%,-0.0004,-0.8439,0.7992,0.6849,14.5422%,14.5866%,0.6076%,0.035895,BIOC,14449.0,2019-02-27,252.0,3.8462%,-0.0002,-0.842,0.8073,0.6853,14.5442%,14.5883%,0.6032%,0.038424,BIOC,14449.0,2019-02-28,252.0,-4.6296%,-0.0005,-0.8239,0.8181,0.7095,14.5469%,14.5903%,0.5935%,-0.047455,BIOC,14449.0,2019-03-01,252.0,1.9417%,-0.0012,-0.6837,1.0267,0.9142,14.4801%,14.5219%,0.5745%,0.0257249999999999,BIOC,14449.0,2019-03-04,252.0,-0.9524%,-0.0008,-0.7337,1.203,0.9248,14.4635%,14.5107%,0.6495%,-0.0126279999999999,BIOC,14449.0,2019-03-05,252.0,-1.9231%,-0.0008,-0.7237,1.2721,0.9371,14.4621%,14.5100%,0.6585%,-0.014619,BIOC,14449.0,2019-03-06,252.0,0.9804%,-0.0009,-0.7613,1.256,0.8924,14.4585%,14.5074%,0.6729%,0.019288,BIOC,-0.014648,-0.002972,0.0116129999999999,0.085932,0.0562429999999999
7195,BRIDGELINE DIGITAL INC,"Bridgeline Digita Announces The Company Will Be Acquiring Certain Assets (Pending Approval) Of Stantive Technologies Group, Including Orchestracms, On March 1, 2019; Financial Details Not Disclosed",6,uncertain,0.6,0.3,"the acquisition of assets can be seen as a growth opportunity, but without financial details disclosed, the market's reaction is unpredictable.",1,2019-02-20,BLIN,2019-02-20 16:56:00+00:00,92091.0,10807Q70,-0.019599974155426,1162302.0,0.0159118380397558,0.0416666902601718,-0.0682731121778488,-0.0588235333561897,-0.0094827264547348,0.0764035210013389,-0.0156658012419939,-0.028301877900958,0.0167993139475584,0.0405462943017482,-0.0097609078511595,-0.0134736616164445,0.0318105183541774,0.0106382872909307,-0.0221276544034481,-0.0600000023841857,-0.0043516186997294,-0.0380915887653827,-0.0205419808626174,-0.037050724029541,0.066644363105297,0.0052141300402581,0.2341288626194,0.0209125038236379,-0.0813558995723724,-0.0244806837290525,-0.0793357640504837,0.0369231291115284,-0.0941884145140647,0.0404161363840103,-0.0207964163273572,-0.0004000067710876,-0.0736557021737098,0.0309278052300214,0.029268279671669,-0.0571539476513862,0.0190995465964078,0.0279776155948638,0.0035809078253805,-0.0558489933609962,-0.0264133773744106,0.0034078015014529,-0.0050832750275731,0.0208734907209873,-0.0121130030602216,0.0066148401238024,-0.030024217441678,-0.055147111415863,-0.0514228455722332,-0.0285713803023099,-0.0284210629761219,-0.0427350029349327,-0.1332610994577408,0.0914178416132927,0.038124993443489,0.0307692941278219,0.0030102857854217,-0.0370371118187904,0.071008414030075,0.0931174829602241,-0.0304321739822626,0.0291666649281978,0.082687921822071,-0.0045624375343322,-0.0277889296412468,0.0437229089438915,0.0678473338484764,-0.2012448161840439,0.0280013550072908,0.041036769747734,0.1955977529287338,-0.0420689582824707,-0.2092050164937973,0.0,0.0052910163067281,0.0541621185839176,0.0789473727345466,0.1274589747190475,-0.0341463387012481,-0.0538968481123447,-0.0398989878594875,-0.1103829070925713,-0.0110468473285436,0.0721154510974884,-0.074468083679676,-0.0739726349711418,-0.0149425249546766,-0.0266667194664478,0.0040839961729943,-0.0066224317997694,-0.0615920163691043,0.0378006100654602,0.1021671518683434,-0.0618955418467521,-0.0898876562714576,-0.1162393242120743,-0.1358024626970291,0.0477612018585205,-0.1257151365280151,-0.0337467677891254,-0.1323529332876205,-0.0122507065534591,0.1638417840003967,0.0028571912553161,0.1650485396385193,0.0416666641831398,-0.0819443985819816,-0.03999999538064,-0.1225415915250778,-0.0266963653266429,0.0293102748692035,0.069919653236866,-0.0452261306345462,-0.0123419975861907,-0.0157894175499677,0.0002939059049822,-0.0249554980546236,-0.0550000183284282,-0.0767823830246925,0.0256410334259271,0.0159118380397558,0.0416666902601718,-0.0534476248415369,-0.019607825040379,-0.0624235220902441,0.0552975890886966,-0.0616075136608698,0.0670080999364246,-0.0856793627115424,-0.0737309907803271,-0.2720114136053345,0.012145778633557,-0.5879236888199972,-0.2877493053611871,2019-02-21,2019-02-22,2019-02-25,2019-02-26,2019-02-27,2019-02-28,2019-03-01,2019-03-04,2019-03-05,2019-03-06,92091.0,2019-02-20,252.0,-1.9600%,-0.0055,0.4026,0.2392,0.0408,8.0851%,8.0970%,0.2946%,-0.021167,BLIN,92091.0,2019-02-21,252.0,1.5912%,-0.0054,0.3971,0.2332,0.0306,8.0864%,8.0981%,0.2888%,0.017563,BLIN,92091.0,2019-02-22,252.0,-6.8273%,-0.0056,0.4065,0.2249,0.1351,8.0969%,8.1078%,0.2681%,-0.071787,BLIN,92091.0,2019-02-25,252.0,-0.9483%,-0.0056,0.4042,0.2245,0.1264,8.0960%,8.1068%,0.2673%,-0.009364,BLIN,92091.0,2019-02-26,252.0,-1.5666%,-0.0057,0.396,0.2431,0.1297,8.0955%,8.1060%,0.2586%,-0.013265,BLIN,92091.0,2019-02-27,252.0,1.6799%,-0.0056,0.4003,0.2419,0.1305,8.0964%,8.1071%,0.2629%,0.016037,BLIN,92091.0,2019-02-28,252.0,-0.9761%,-0.0057,0.4127,0.2503,0.1402,8.0953%,8.1065%,0.2766%,-0.008342,BLIN,92091.0,2019-03-01,252.0,3.1811%,-0.0054,0.3986,0.2294,0.1025,8.0951%,8.1057%,0.2625%,0.028584,BLIN,92091.0,2019-03-04,252.0,-2.2128%,-0.0055,0.404,0.2242,0.0982,8.0954%,8.1063%,0.2696%,-0.019627,BLIN,92091.0,2019-03-05,252.0,-0.4352%,-0.0056,0.3949,0.1545,0.0907,8.0917%,8.1017%,0.2470%,-0.0028239999999999,BLIN,92091.0,2019-03-06,252.0,-2.0542%,-0.0059,0.368,0.2011,0.0667,8.0836%,8.0929%,0.2302%,-0.015405,BLIN,-0.0036039999999999,-0.075391,-0.084755,-0.081983,-0.0995969999999999
7203,BRISTOL MYERS SQUIBB CO,"Celgene Shares Fall 0.5% Over Last Min., Now Below $90.50 Level; Hearing Starboard Is Unhappy With Bristol-Myers Deal To Buy Co.",6,decrease,0.8,0.6,"the news indicates dissatisfaction from a significant investor regarding bristol-myers squibb's acquisition of celgene, which could negatively impact investor sentiment and lead to a decrease in stock price.",0,2019-02-20,BMY,2019-02-20 19:22:00+00:00,19393.0,11012210,-0.0011682510375976,21470561.0,-0.0228069815784692,-0.0059995660558342,0.0169558841735124,0.0165256019681692,-0.0064730877056717,-0.0029422855004668,-0.0096742678433656,0.0255481898784637,0.0159489475190639,-0.0077844192273914,0.0137362787500023,-0.0023895408958196,0.0301974713802337,0.0033966430928558,-0.0031943251378834,-0.0213140435516834,0.0141376061365008,0.0197407342493534,-0.0169144961982965,-0.0137659190222621,-0.0260919090360403,0.0192423146218061,-0.0023296240251511,0.010532721877098,-0.0095348879694938,0.0104379514232277,-0.0102161187678575,0.0111755160614848,0.011710999533534,0.0,-0.0211889706552028,-0.0124668013304472,0.0014030806487426,-0.001835988368839,-0.0020015707705169,-0.0188150256872177,-0.005214643664658,0.0048269880935549,-0.0082661258056759,-0.0079808002337813,-0.0054889298044145,0.0104838805273175,-0.0155355343595147,0.0095664029940962,-0.0139119224622845,-0.0118664549663662,0.0178984720259904,0.0364811345934867,-0.0074472613632678,-0.0004167630104348,-0.00291786971502,0.0056580146774649,-0.0027174137067049,0.0114455474540591,-0.0129951573908329,-0.0168785452842712,-0.0082820001989603,-0.0086758555844426,0.0038543962873518,0.0324163027107715,0.0042661493644118,0.0392287336289882,-0.0006427851039916,-0.1316040754318237,0.0032161562703549,0.0086571909487247,-0.0173114202916622,0.0204161945730447,-0.0019573760218918,0.0105137629434466,0.0043582646176218,0.0075954641215503,-0.0112822838127613,0.0260459501296281,0.0204081702977418,-0.0212766230106353,-0.0103225708007812,-0.0047942805103957,-0.0047805565409362,-0.0065488792024552,-0.0061135105788707,-0.0226920470595359,-0.0061511155217885,0.0125687988474965,0.0017683026380836,-0.0230238065123558,-0.0154457362368702,-0.0283370707184076,0.0228597149252891,0.0037425293121486,0.0054776514880359,0.0192637480795383,0.0093702403828501,-0.002852824749425,0.0023747973609715,-0.0094197439029812,0.0032307025976479,-0.0031924538780003,0.0064405156299471,0.023448035120964,0.0371159948408603,-0.0234609618782997,-0.0106951966881752,-0.0033670091070234,-0.0182951614260673,0.031648002564907,0.0048708077520132,-0.0034615444019436,-0.0046364851295948,0.0166177600622177,-0.0046580820344388,-0.0299639292061328,-0.0236119292676448,-0.0037785898894071,0.0002178283466491,-0.0050751962698996,0.0156828835606575,-0.005979067645967,0.0105082103982567,0.0007479602936655,-0.0228069815784692,-0.0059995660558342,-0.0062378099429487,0.0104268894717145,-0.0126705197577685,0.0074539250855401,-0.0066276829348755,0.0251497453113918,0.030994154752135,0.0100295412160795,-0.0861598108207551,0.0953295216382215,-0.0734122233618131,-0.0309143060871071,2019-02-21,2019-02-22,2019-02-25,2019-02-26,2019-02-27,2019-02-28,2019-03-01,2019-03-04,2019-03-05,2019-03-06,19393.0,2019-02-20,252.0,-0.1168%,-0.001,0.8952,-0.1988,0.1043,1.5507%,1.8057%,26.2505%,-0.003125,BMY,19393.0,2019-02-21,252.0,-2.2807%,-0.001,0.8932,-0.2069,0.1008,1.5513%,1.8055%,26.1798%,-0.019494,BMY,19393.0,2019-02-22,252.0,1.6956%,-0.0009,0.8907,-0.1955,0.082,1.5535%,1.8076%,26.1368%,0.01367,BMY,19393.0,2019-02-25,252.0,-0.6473%,-0.0009,0.8899,-0.1927,0.0803,1.5534%,1.8072%,26.1133%,-0.00827,BMY,19393.0,2019-02-26,252.0,-0.9674%,-0.001,0.8813,-0.1728,0.0839,1.5505%,1.7972%,25.5706%,-0.009319,BMY,19393.0,2019-02-27,252.0,1.5949%,-0.001,0.8815,-0.1684,0.084,1.5540%,1.7990%,25.3859%,0.015485,BMY,19393.0,2019-02-28,252.0,1.3736%,-0.0009,0.878,-0.1702,0.0773,1.5579%,1.8001%,25.0979%,0.016613,BMY,19393.0,2019-03-01,252.0,3.0197%,-0.0008,0.8748,-0.1749,0.0606,1.5636%,1.8046%,24.9225%,0.024589,BMY,19393.0,2019-03-04,252.0,-0.3194%,-0.0008,0.8771,-0.1836,0.0603,1.5633%,1.8041%,24.9148%,0.000329,BMY,19393.0,2019-03-05,252.0,1.4138%,-0.0007,0.8735,-0.2013,0.0518,1.5662%,1.8058%,24.7729%,0.015114,BMY,19393.0,2019-03-06,252.0,-1.6914%,-0.0008,0.878,-0.1775,0.0602,1.5678%,1.8075%,24.7622%,-0.0122239999999999,BMY,-0.022619,-0.008949,-0.0172189999999999,-0.0110529999999999,0.033368
7211,BRISTOL MYERS SQUIBB CO,"Bristol-Myers Reports Starboard Value Proposed John Leonard, Steven Shulman, Jeffrey Smith, James Tyree, Janet Vergis For Election To Co. Board",6,uncertain,0.6,0.3,"the proposed election of new board members could be seen as a positive move for governance, but the market's reaction will depend on investor sentiment and the perceived impact of these individuals on the company's strategy.",1,2019-02-20,BMY,2019-02-20 14:37:00+00:00,19393.0,11012210,-0.0011682510375976,21470561.0,-0.0228069815784692,-0.0059995660558342,0.0169558841735124,0.0165256019681692,-0.0064730877056717,-0.0029422855004668,-0.0096742678433656,0.0255481898784637,0.0159489475190639,-0.0077844192273914,0.0137362787500023,-0.0023895408958196,0.0301974713802337,0.0033966430928558,-0.0031943251378834,-0.0213140435516834,0.0141376061365008,0.0197407342493534,-0.0169144961982965,-0.0137659190222621,-0.0260919090360403,0.0192423146218061,-0.0023296240251511,0.010532721877098,-0.0095348879694938,0.0104379514232277,-0.0102161187678575,0.0111755160614848,0.011710999533534,0.0,-0.0211889706552028,-0.0124668013304472,0.0014030806487426,-0.001835988368839,-0.0020015707705169,-0.0188150256872177,-0.005214643664658,0.0048269880935549,-0.0082661258056759,-0.0079808002337813,-0.0054889298044145,0.0104838805273175,-0.0155355343595147,0.0095664029940962,-0.0139119224622845,-0.0118664549663662,0.0178984720259904,0.0364811345934867,-0.0074472613632678,-0.0004167630104348,-0.00291786971502,0.0056580146774649,-0.0027174137067049,0.0114455474540591,-0.0129951573908329,-0.0168785452842712,-0.0082820001989603,-0.0086758555844426,0.0038543962873518,0.0324163027107715,0.0042661493644118,0.0392287336289882,-0.0006427851039916,-0.1316040754318237,0.0032161562703549,0.0086571909487247,-0.0173114202916622,0.0204161945730447,-0.0019573760218918,0.0105137629434466,0.0043582646176218,0.0075954641215503,-0.0112822838127613,0.0260459501296281,0.0204081702977418,-0.0212766230106353,-0.0103225708007812,-0.0047942805103957,-0.0047805565409362,-0.0065488792024552,-0.0061135105788707,-0.0226920470595359,-0.0061511155217885,0.0125687988474965,0.0017683026380836,-0.0230238065123558,-0.0154457362368702,-0.0283370707184076,0.0228597149252891,0.0037425293121486,0.0054776514880359,0.0192637480795383,0.0093702403828501,-0.002852824749425,0.0023747973609715,-0.0094197439029812,0.0032307025976479,-0.0031924538780003,0.0064405156299471,0.023448035120964,0.0371159948408603,-0.0234609618782997,-0.0106951966881752,-0.0033670091070234,-0.0182951614260673,0.031648002564907,0.0048708077520132,-0.0034615444019436,-0.0046364851295948,0.0166177600622177,-0.0046580820344388,-0.0299639292061328,-0.0236119292676448,-0.0037785898894071,0.0002178283466491,-0.0050751962698996,0.0156828835606575,-0.005979067645967,0.0105082103982567,0.0007479602936655,-0.0228069815784692,-0.0059995660558342,-0.0062378099429487,0.0104268894717145,-0.0126705197577685,0.0074539250855401,-0.0066276829348755,0.0251497453113918,0.030994154752135,0.0100295412160795,-0.0861598108207551,0.0953295216382215,-0.0734122233618131,-0.0309143060871071,2019-02-21,2019-02-22,2019-02-25,2019-02-26,2019-02-27,2019-02-28,2019-03-01,2019-03-04,2019-03-05,2019-03-06,19393.0,2019-02-20,252.0,-0.1168%,-0.001,0.8952,-0.1988,0.1043,1.5507%,1.8057%,26.2505%,-0.003125,BMY,19393.0,2019-02-21,252.0,-2.2807%,-0.001,0.8932,-0.2069,0.1008,1.5513%,1.8055%,26.1798%,-0.019494,BMY,19393.0,2019-02-22,252.0,1.6956%,-0.0009,0.8907,-0.1955,0.082,1.5535%,1.8076%,26.1368%,0.01367,BMY,19393.0,2019-02-25,252.0,-0.6473%,-0.0009,0.8899,-0.1927,0.0803,1.5534%,1.8072%,26.1133%,-0.00827,BMY,19393.0,2019-02-26,252.0,-0.9674%,-0.001,0.8813,-0.1728,0.0839,1.5505%,1.7972%,25.5706%,-0.009319,BMY,19393.0,2019-02-27,252.0,1.5949%,-0.001,0.8815,-0.1684,0.084,1.5540%,1.7990%,25.3859%,0.015485,BMY,19393.0,2019-02-28,252.0,1.3736%,-0.0009,0.878,-0.1702,0.0773,1.5579%,1.8001%,25.0979%,0.016613,BMY,19393.0,2019-03-01,252.0,3.0197%,-0.0008,0.8748,-0.1749,0.0606,1.5636%,1.8046%,24.9225%,0.024589,BMY,19393.0,2019-03-04,252.0,-0.3194%,-0.0008,0.8771,-0.1836,0.0603,1.5633%,1.8041%,24.9148%,0.000329,BMY,19393.0,2019-03-05,252.0,1.4138%,-0.0007,0.8735,-0.2013,0.0518,1.5662%,1.8058%,24.7729%,0.015114,BMY,19393.0,2019-03-06,252.0,-1.6914%,-0.0008,0.878,-0.1775,0.0602,1.5678%,1.8075%,24.7622%,-0.0122239999999999,BMY,-0.022619,-0.008949,-0.0172189999999999,-0.0110529999999999,0.033368
7219,BRISTOL MYERS SQUIBB CO,"UPDATE: Bristol-Myers Sees Refiling Premerger Notification, Report Form Under HSR Act Wed., Feb. 20, 2019, Which Will Restart 30-Day Time Frame For FTC's Initial Review; Says Deal Closing Remains On Track For Q3'19",6,uncertain,0.6,0.3,"while the news indicates a potential delay in regulatory review, it also states that the deal closing remains on track, leading to uncertainty about the overall impact on stock price.",1,2019-02-20,BMY,2019-02-20 14:03:00+00:00,19393.0,11012210,-0.0011682510375976,21470561.0,-0.0228069815784692,-0.0059995660558342,0.0169558841735124,0.0165256019681692,-0.0064730877056717,-0.0029422855004668,-0.0096742678433656,0.0255481898784637,0.0159489475190639,-0.0077844192273914,0.0137362787500023,-0.0023895408958196,0.0301974713802337,0.0033966430928558,-0.0031943251378834,-0.0213140435516834,0.0141376061365008,0.0197407342493534,-0.0169144961982965,-0.0137659190222621,-0.0260919090360403,0.0192423146218061,-0.0023296240251511,0.010532721877098,-0.0095348879694938,0.0104379514232277,-0.0102161187678575,0.0111755160614848,0.011710999533534,0.0,-0.0211889706552028,-0.0124668013304472,0.0014030806487426,-0.001835988368839,-0.0020015707705169,-0.0188150256872177,-0.005214643664658,0.0048269880935549,-0.0082661258056759,-0.0079808002337813,-0.0054889298044145,0.0104838805273175,-0.0155355343595147,0.0095664029940962,-0.0139119224622845,-0.0118664549663662,0.0178984720259904,0.0364811345934867,-0.0074472613632678,-0.0004167630104348,-0.00291786971502,0.0056580146774649,-0.0027174137067049,0.0114455474540591,-0.0129951573908329,-0.0168785452842712,-0.0082820001989603,-0.0086758555844426,0.0038543962873518,0.0324163027107715,0.0042661493644118,0.0392287336289882,-0.0006427851039916,-0.1316040754318237,0.0032161562703549,0.0086571909487247,-0.0173114202916622,0.0204161945730447,-0.0019573760218918,0.0105137629434466,0.0043582646176218,0.0075954641215503,-0.0112822838127613,0.0260459501296281,0.0204081702977418,-0.0212766230106353,-0.0103225708007812,-0.0047942805103957,-0.0047805565409362,-0.0065488792024552,-0.0061135105788707,-0.0226920470595359,-0.0061511155217885,0.0125687988474965,0.0017683026380836,-0.0230238065123558,-0.0154457362368702,-0.0283370707184076,0.0228597149252891,0.0037425293121486,0.0054776514880359,0.0192637480795383,0.0093702403828501,-0.002852824749425,0.0023747973609715,-0.0094197439029812,0.0032307025976479,-0.0031924538780003,0.0064405156299471,0.023448035120964,0.0371159948408603,-0.0234609618782997,-0.0106951966881752,-0.0033670091070234,-0.0182951614260673,0.031648002564907,0.0048708077520132,-0.0034615444019436,-0.0046364851295948,0.0166177600622177,-0.0046580820344388,-0.0299639292061328,-0.0236119292676448,-0.0037785898894071,0.0002178283466491,-0.0050751962698996,0.0156828835606575,-0.005979067645967,0.0105082103982567,0.0007479602936655,-0.0228069815784692,-0.0059995660558342,-0.0062378099429487,0.0104268894717145,-0.0126705197577685,0.0074539250855401,-0.0066276829348755,0.0251497453113918,0.030994154752135,0.0100295412160795,-0.0861598108207551,0.0953295216382215,-0.0734122233618131,-0.0309143060871071,2019-02-21,2019-02-22,2019-02-25,2019-02-26,2019-02-27,2019-02-28,2019-03-01,2019-03-04,2019-03-05,2019-03-06,19393.0,2019-02-20,252.0,-0.1168%,-0.001,0.8952,-0.1988,0.1043,1.5507%,1.8057%,26.2505%,-0.003125,BMY,19393.0,2019-02-21,252.0,-2.2807%,-0.001,0.8932,-0.2069,0.1008,1.5513%,1.8055%,26.1798%,-0.019494,BMY,19393.0,2019-02-22,252.0,1.6956%,-0.0009,0.8907,-0.1955,0.082,1.5535%,1.8076%,26.1368%,0.01367,BMY,19393.0,2019-02-25,252.0,-0.6473%,-0.0009,0.8899,-0.1927,0.0803,1.5534%,1.8072%,26.1133%,-0.00827,BMY,19393.0,2019-02-26,252.0,-0.9674%,-0.001,0.8813,-0.1728,0.0839,1.5505%,1.7972%,25.5706%,-0.009319,BMY,19393.0,2019-02-27,252.0,1.5949%,-0.001,0.8815,-0.1684,0.084,1.5540%,1.7990%,25.3859%,0.015485,BMY,19393.0,2019-02-28,252.0,1.3736%,-0.0009,0.878,-0.1702,0.0773,1.5579%,1.8001%,25.0979%,0.016613,BMY,19393.0,2019-03-01,252.0,3.0197%,-0.0008,0.8748,-0.1749,0.0606,1.5636%,1.8046%,24.9225%,0.024589,BMY,19393.0,2019-03-04,252.0,-0.3194%,-0.0008,0.8771,-0.1836,0.0603,1.5633%,1.8041%,24.9148%,0.000329,BMY,19393.0,2019-03-05,252.0,1.4138%,-0.0007,0.8735,-0.2013,0.0518,1.5662%,1.8058%,24.7729%,0.015114,BMY,19393.0,2019-03-06,252.0,-1.6914%,-0.0008,0.878,-0.1775,0.0602,1.5678%,1.8075%,24.7622%,-0.0122239999999999,BMY,-0.022619,-0.008949,-0.0172189999999999,-0.0110529999999999,0.033368
7227,BRISTOL MYERS SQUIBB CO,"UPDATE: Bristol-Myers Determined To Voluntarily Withdraw, Refile Its Premerger Notification, Report Form Under Hart-Scott-Rodino Antitrust Improvement Act",6,uncertain,0.6,0.3,"the decision to voluntarily withdraw and refile under the hart-scott-rodino act may indicate regulatory concerns, which could create uncertainty around the company's merger activities and impact investor sentiment.",1,2019-02-20,BMY,2019-02-20 14:03:00+00:00,19393.0,11012210,-0.0011682510375976,21470561.0,-0.0228069815784692,-0.0059995660558342,0.0169558841735124,0.0165256019681692,-0.0064730877056717,-0.0029422855004668,-0.0096742678433656,0.0255481898784637,0.0159489475190639,-0.0077844192273914,0.0137362787500023,-0.0023895408958196,0.0301974713802337,0.0033966430928558,-0.0031943251378834,-0.0213140435516834,0.0141376061365008,0.0197407342493534,-0.0169144961982965,-0.0137659190222621,-0.0260919090360403,0.0192423146218061,-0.0023296240251511,0.010532721877098,-0.0095348879694938,0.0104379514232277,-0.0102161187678575,0.0111755160614848,0.011710999533534,0.0,-0.0211889706552028,-0.0124668013304472,0.0014030806487426,-0.001835988368839,-0.0020015707705169,-0.0188150256872177,-0.005214643664658,0.0048269880935549,-0.0082661258056759,-0.0079808002337813,-0.0054889298044145,0.0104838805273175,-0.0155355343595147,0.0095664029940962,-0.0139119224622845,-0.0118664549663662,0.0178984720259904,0.0364811345934867,-0.0074472613632678,-0.0004167630104348,-0.00291786971502,0.0056580146774649,-0.0027174137067049,0.0114455474540591,-0.0129951573908329,-0.0168785452842712,-0.0082820001989603,-0.0086758555844426,0.0038543962873518,0.0324163027107715,0.0042661493644118,0.0392287336289882,-0.0006427851039916,-0.1316040754318237,0.0032161562703549,0.0086571909487247,-0.0173114202916622,0.0204161945730447,-0.0019573760218918,0.0105137629434466,0.0043582646176218,0.0075954641215503,-0.0112822838127613,0.0260459501296281,0.0204081702977418,-0.0212766230106353,-0.0103225708007812,-0.0047942805103957,-0.0047805565409362,-0.0065488792024552,-0.0061135105788707,-0.0226920470595359,-0.0061511155217885,0.0125687988474965,0.0017683026380836,-0.0230238065123558,-0.0154457362368702,-0.0283370707184076,0.0228597149252891,0.0037425293121486,0.0054776514880359,0.0192637480795383,0.0093702403828501,-0.002852824749425,0.0023747973609715,-0.0094197439029812,0.0032307025976479,-0.0031924538780003,0.0064405156299471,0.023448035120964,0.0371159948408603,-0.0234609618782997,-0.0106951966881752,-0.0033670091070234,-0.0182951614260673,0.031648002564907,0.0048708077520132,-0.0034615444019436,-0.0046364851295948,0.0166177600622177,-0.0046580820344388,-0.0299639292061328,-0.0236119292676448,-0.0037785898894071,0.0002178283466491,-0.0050751962698996,0.0156828835606575,-0.005979067645967,0.0105082103982567,0.0007479602936655,-0.0228069815784692,-0.0059995660558342,-0.0062378099429487,0.0104268894717145,-0.0126705197577685,0.0074539250855401,-0.0066276829348755,0.0251497453113918,0.030994154752135,0.0100295412160795,-0.0861598108207551,0.0953295216382215,-0.0734122233618131,-0.0309143060871071,2019-02-21,2019-02-22,2019-02-25,2019-02-26,2019-02-27,2019-02-28,2019-03-01,2019-03-04,2019-03-05,2019-03-06,19393.0,2019-02-20,252.0,-0.1168%,-0.001,0.8952,-0.1988,0.1043,1.5507%,1.8057%,26.2505%,-0.003125,BMY,19393.0,2019-02-21,252.0,-2.2807%,-0.001,0.8932,-0.2069,0.1008,1.5513%,1.8055%,26.1798%,-0.019494,BMY,19393.0,2019-02-22,252.0,1.6956%,-0.0009,0.8907,-0.1955,0.082,1.5535%,1.8076%,26.1368%,0.01367,BMY,19393.0,2019-02-25,252.0,-0.6473%,-0.0009,0.8899,-0.1927,0.0803,1.5534%,1.8072%,26.1133%,-0.00827,BMY,19393.0,2019-02-26,252.0,-0.9674%,-0.001,0.8813,-0.1728,0.0839,1.5505%,1.7972%,25.5706%,-0.009319,BMY,19393.0,2019-02-27,252.0,1.5949%,-0.001,0.8815,-0.1684,0.084,1.5540%,1.7990%,25.3859%,0.015485,BMY,19393.0,2019-02-28,252.0,1.3736%,-0.0009,0.878,-0.1702,0.0773,1.5579%,1.8001%,25.0979%,0.016613,BMY,19393.0,2019-03-01,252.0,3.0197%,-0.0008,0.8748,-0.1749,0.0606,1.5636%,1.8046%,24.9225%,0.024589,BMY,19393.0,2019-03-04,252.0,-0.3194%,-0.0008,0.8771,-0.1836,0.0603,1.5633%,1.8041%,24.9148%,0.000329,BMY,19393.0,2019-03-05,252.0,1.4138%,-0.0007,0.8735,-0.2013,0.0518,1.5662%,1.8058%,24.7729%,0.015114,BMY,19393.0,2019-03-06,252.0,-1.6914%,-0.0008,0.878,-0.1775,0.0602,1.5678%,1.8075%,24.7622%,-0.0122239999999999,BMY,-0.022619,-0.008949,-0.0172189999999999,-0.0110529999999999,0.033368
7235,BRISTOL MYERS SQUIBB CO,Bristol-Myers Says Continuing Its Engagement With Regulatory Authorities Related To Deal With Celgene,6,uncertain,0.6,0.2,"the news indicates ongoing engagement with regulatory authorities, which could imply potential delays or hurdles in the deal with celgene, leading to uncertainty in stock price movement.",1,2019-02-20,BMY,2019-02-20 14:02:00+00:00,19393.0,11012210,-0.0011682510375976,21470561.0,-0.0228069815784692,-0.0059995660558342,0.0169558841735124,0.0165256019681692,-0.0064730877056717,-0.0029422855004668,-0.0096742678433656,0.0255481898784637,0.0159489475190639,-0.0077844192273914,0.0137362787500023,-0.0023895408958196,0.0301974713802337,0.0033966430928558,-0.0031943251378834,-0.0213140435516834,0.0141376061365008,0.0197407342493534,-0.0169144961982965,-0.0137659190222621,-0.0260919090360403,0.0192423146218061,-0.0023296240251511,0.010532721877098,-0.0095348879694938,0.0104379514232277,-0.0102161187678575,0.0111755160614848,0.011710999533534,0.0,-0.0211889706552028,-0.0124668013304472,0.0014030806487426,-0.001835988368839,-0.0020015707705169,-0.0188150256872177,-0.005214643664658,0.0048269880935549,-0.0082661258056759,-0.0079808002337813,-0.0054889298044145,0.0104838805273175,-0.0155355343595147,0.0095664029940962,-0.0139119224622845,-0.0118664549663662,0.0178984720259904,0.0364811345934867,-0.0074472613632678,-0.0004167630104348,-0.00291786971502,0.0056580146774649,-0.0027174137067049,0.0114455474540591,-0.0129951573908329,-0.0168785452842712,-0.0082820001989603,-0.0086758555844426,0.0038543962873518,0.0324163027107715,0.0042661493644118,0.0392287336289882,-0.0006427851039916,-0.1316040754318237,0.0032161562703549,0.0086571909487247,-0.0173114202916622,0.0204161945730447,-0.0019573760218918,0.0105137629434466,0.0043582646176218,0.0075954641215503,-0.0112822838127613,0.0260459501296281,0.0204081702977418,-0.0212766230106353,-0.0103225708007812,-0.0047942805103957,-0.0047805565409362,-0.0065488792024552,-0.0061135105788707,-0.0226920470595359,-0.0061511155217885,0.0125687988474965,0.0017683026380836,-0.0230238065123558,-0.0154457362368702,-0.0283370707184076,0.0228597149252891,0.0037425293121486,0.0054776514880359,0.0192637480795383,0.0093702403828501,-0.002852824749425,0.0023747973609715,-0.0094197439029812,0.0032307025976479,-0.0031924538780003,0.0064405156299471,0.023448035120964,0.0371159948408603,-0.0234609618782997,-0.0106951966881752,-0.0033670091070234,-0.0182951614260673,0.031648002564907,0.0048708077520132,-0.0034615444019436,-0.0046364851295948,0.0166177600622177,-0.0046580820344388,-0.0299639292061328,-0.0236119292676448,-0.0037785898894071,0.0002178283466491,-0.0050751962698996,0.0156828835606575,-0.005979067645967,0.0105082103982567,0.0007479602936655,-0.0228069815784692,-0.0059995660558342,-0.0062378099429487,0.0104268894717145,-0.0126705197577685,0.0074539250855401,-0.0066276829348755,0.0251497453113918,0.030994154752135,0.0100295412160795,-0.0861598108207551,0.0953295216382215,-0.0734122233618131,-0.0309143060871071,2019-02-21,2019-02-22,2019-02-25,2019-02-26,2019-02-27,2019-02-28,2019-03-01,2019-03-04,2019-03-05,2019-03-06,19393.0,2019-02-20,252.0,-0.1168%,-0.001,0.8952,-0.1988,0.1043,1.5507%,1.8057%,26.2505%,-0.003125,BMY,19393.0,2019-02-21,252.0,-2.2807%,-0.001,0.8932,-0.2069,0.1008,1.5513%,1.8055%,26.1798%,-0.019494,BMY,19393.0,2019-02-22,252.0,1.6956%,-0.0009,0.8907,-0.1955,0.082,1.5535%,1.8076%,26.1368%,0.01367,BMY,19393.0,2019-02-25,252.0,-0.6473%,-0.0009,0.8899,-0.1927,0.0803,1.5534%,1.8072%,26.1133%,-0.00827,BMY,19393.0,2019-02-26,252.0,-0.9674%,-0.001,0.8813,-0.1728,0.0839,1.5505%,1.7972%,25.5706%,-0.009319,BMY,19393.0,2019-02-27,252.0,1.5949%,-0.001,0.8815,-0.1684,0.084,1.5540%,1.7990%,25.3859%,0.015485,BMY,19393.0,2019-02-28,252.0,1.3736%,-0.0009,0.878,-0.1702,0.0773,1.5579%,1.8001%,25.0979%,0.016613,BMY,19393.0,2019-03-01,252.0,3.0197%,-0.0008,0.8748,-0.1749,0.0606,1.5636%,1.8046%,24.9225%,0.024589,BMY,19393.0,2019-03-04,252.0,-0.3194%,-0.0008,0.8771,-0.1836,0.0603,1.5633%,1.8041%,24.9148%,0.000329,BMY,19393.0,2019-03-05,252.0,1.4138%,-0.0007,0.8735,-0.2013,0.0518,1.5662%,1.8058%,24.7729%,0.015114,BMY,19393.0,2019-03-06,252.0,-1.6914%,-0.0008,0.878,-0.1775,0.0602,1.5678%,1.8075%,24.7622%,-0.0122239999999999,BMY,-0.022619,-0.008949,-0.0172189999999999,-0.0110529999999999,0.033368
7243,BRISTOL MYERS SQUIBB CO,"Bristol-Myers Offers Update On Pending Deal With Celgene: Says Remains On Track To Hold Special Meeting For Shareholders Apr. 12, 2019",6,increase,0.7,0.6,"the update on the pending deal with celgene and the scheduled special meeting for shareholders suggests progress in a significant acquisition, which is likely to be viewed positively by investors.",2,2019-02-20,BMY,2019-02-20 14:01:00+00:00,19393.0,11012210,-0.0011682510375976,21470561.0,-0.0228069815784692,-0.0059995660558342,0.0169558841735124,0.0165256019681692,-0.0064730877056717,-0.0029422855004668,-0.0096742678433656,0.0255481898784637,0.0159489475190639,-0.0077844192273914,0.0137362787500023,-0.0023895408958196,0.0301974713802337,0.0033966430928558,-0.0031943251378834,-0.0213140435516834,0.0141376061365008,0.0197407342493534,-0.0169144961982965,-0.0137659190222621,-0.0260919090360403,0.0192423146218061,-0.0023296240251511,0.010532721877098,-0.0095348879694938,0.0104379514232277,-0.0102161187678575,0.0111755160614848,0.011710999533534,0.0,-0.0211889706552028,-0.0124668013304472,0.0014030806487426,-0.001835988368839,-0.0020015707705169,-0.0188150256872177,-0.005214643664658,0.0048269880935549,-0.0082661258056759,-0.0079808002337813,-0.0054889298044145,0.0104838805273175,-0.0155355343595147,0.0095664029940962,-0.0139119224622845,-0.0118664549663662,0.0178984720259904,0.0364811345934867,-0.0074472613632678,-0.0004167630104348,-0.00291786971502,0.0056580146774649,-0.0027174137067049,0.0114455474540591,-0.0129951573908329,-0.0168785452842712,-0.0082820001989603,-0.0086758555844426,0.0038543962873518,0.0324163027107715,0.0042661493644118,0.0392287336289882,-0.0006427851039916,-0.1316040754318237,0.0032161562703549,0.0086571909487247,-0.0173114202916622,0.0204161945730447,-0.0019573760218918,0.0105137629434466,0.0043582646176218,0.0075954641215503,-0.0112822838127613,0.0260459501296281,0.0204081702977418,-0.0212766230106353,-0.0103225708007812,-0.0047942805103957,-0.0047805565409362,-0.0065488792024552,-0.0061135105788707,-0.0226920470595359,-0.0061511155217885,0.0125687988474965,0.0017683026380836,-0.0230238065123558,-0.0154457362368702,-0.0283370707184076,0.0228597149252891,0.0037425293121486,0.0054776514880359,0.0192637480795383,0.0093702403828501,-0.002852824749425,0.0023747973609715,-0.0094197439029812,0.0032307025976479,-0.0031924538780003,0.0064405156299471,0.023448035120964,0.0371159948408603,-0.0234609618782997,-0.0106951966881752,-0.0033670091070234,-0.0182951614260673,0.031648002564907,0.0048708077520132,-0.0034615444019436,-0.0046364851295948,0.0166177600622177,-0.0046580820344388,-0.0299639292061328,-0.0236119292676448,-0.0037785898894071,0.0002178283466491,-0.0050751962698996,0.0156828835606575,-0.005979067645967,0.0105082103982567,0.0007479602936655,-0.0228069815784692,-0.0059995660558342,-0.0062378099429487,0.0104268894717145,-0.0126705197577685,0.0074539250855401,-0.0066276829348755,0.0251497453113918,0.030994154752135,0.0100295412160795,-0.0861598108207551,0.0953295216382215,-0.0734122233618131,-0.0309143060871071,2019-02-21,2019-02-22,2019-02-25,2019-02-26,2019-02-27,2019-02-28,2019-03-01,2019-03-04,2019-03-05,2019-03-06,19393.0,2019-02-20,252.0,-0.1168%,-0.001,0.8952,-0.1988,0.1043,1.5507%,1.8057%,26.2505%,-0.003125,BMY,19393.0,2019-02-21,252.0,-2.2807%,-0.001,0.8932,-0.2069,0.1008,1.5513%,1.8055%,26.1798%,-0.019494,BMY,19393.0,2019-02-22,252.0,1.6956%,-0.0009,0.8907,-0.1955,0.082,1.5535%,1.8076%,26.1368%,0.01367,BMY,19393.0,2019-02-25,252.0,-0.6473%,-0.0009,0.8899,-0.1927,0.0803,1.5534%,1.8072%,26.1133%,-0.00827,BMY,19393.0,2019-02-26,252.0,-0.9674%,-0.001,0.8813,-0.1728,0.0839,1.5505%,1.7972%,25.5706%,-0.009319,BMY,19393.0,2019-02-27,252.0,1.5949%,-0.001,0.8815,-0.1684,0.084,1.5540%,1.7990%,25.3859%,0.015485,BMY,19393.0,2019-02-28,252.0,1.3736%,-0.0009,0.878,-0.1702,0.0773,1.5579%,1.8001%,25.0979%,0.016613,BMY,19393.0,2019-03-01,252.0,3.0197%,-0.0008,0.8748,-0.1749,0.0606,1.5636%,1.8046%,24.9225%,0.024589,BMY,19393.0,2019-03-04,252.0,-0.3194%,-0.0008,0.8771,-0.1836,0.0603,1.5633%,1.8041%,24.9148%,0.000329,BMY,19393.0,2019-03-05,252.0,1.4138%,-0.0007,0.8735,-0.2013,0.0518,1.5662%,1.8058%,24.7729%,0.015114,BMY,19393.0,2019-03-06,252.0,-1.6914%,-0.0008,0.878,-0.1775,0.0602,1.5678%,1.8075%,24.7622%,-0.0122239999999999,BMY,-0.022619,-0.008949,-0.0172189999999999,-0.0110529999999999,0.033368
7251,CHEESECAKE FACTORY INC,"Cheesecake Factory Q4 EPS $0.60 Misses $0.62 Estimate, Sales $585.155M Miss $598.72M Estimate",6,decrease,0.8,0.7,"the company reported earnings and sales that missed analyst estimates, which typically leads to a negative reaction in stock prices.",0,2019-02-20,CAKE,2019-02-20 21:19:00+00:00,77902.0,16307210,-0.0025806222110986,1631563.0,0.0530400834977626,-0.0112693766131997,-0.0268223043531179,0.0031996096950024,-0.0220912955701351,0.018466267734766,-0.0053786574862897,0.0008696911972947,0.0125460056588053,0.0081105381250381,0.0104678031057119,-0.0112700574100017,-0.0025370137300342,0.0017368218395859,-0.0298825558274984,-0.0008676160941831,0.0270626954734325,-0.0058227400295436,-0.0010711061768233,0.0089207971468567,-0.0045036007650196,0.0220146290957927,-0.0062472447752952,0.0020053510088473,0.0065033435821533,-0.0064201266504824,-0.003661468392238,0.0057893190532922,0.0006485645426437,-0.021568663418293,0.0097213387489318,0.0220441259443759,-0.0070603727363049,0.004248627461493,-0.0036629643291234,-0.0031208067666739,-0.0088667785748839,0.0074107758700847,-0.0312022753059864,-0.0338468514382839,0.0243242792785167,0.00021697745251,0.003518026554957,0.0074333217926323,0.0205960217863321,0.0019715258385986,0.0163159780204296,0.0028559109196066,-0.0046472586691379,-0.0127954920753836,0.0292869508266449,0.0041376841254532,0.0086597558110952,-0.0039045619778335,-0.0067456671968102,-0.0021645517554134,-0.0080263307318091,0.053111508488655,-0.0064315637573599,0.0344258211553096,0.0108582265675067,0.0083214091137051,0.0074364924803376,-0.0245825033634901,-0.0100471945479512,-0.008963443338871,-0.0124274753034114,0.0192082393914461,0.0056627611629664,-0.0025701078120619,-0.0152241820469498,-0.0067301210947334,0.0086827585473656,0.019881660118699,-0.0077682710252702,-0.0056484271772205,-0.0006347604794427,-0.0114006018266081,-0.0224433913826942,-0.0050926208496093,0.0186268277466297,-0.0087196202948689,0.0129704577848315,-0.0144730750471353,0.0146935507655143,-0.0120642790570855,0.0134464530274272,-0.0233472287654876,0.005511260125786,-0.0028284869622439,0.0168494079262018,0.012111852876842,0.014973048120737,-0.0072147315368056,-0.023996876552701,-0.0032686360646039,-0.0116887958720326,-0.0139665128663182,0.0214110761880874,-0.0029991299379616,-0.0015971617540344,-0.0072309686802327,-0.0065986406989395,-0.003602419514209,-0.030998408794403,-0.0102768810465931,-0.0120481513440609,-0.0373510718345642,0.003153862664476,0.0267412327229976,0.0012576268054544,0.0002073841314995,-0.006698758341372,-0.0388601198792457,0.0069546471349895,0.0209562312811613,-0.0046044210903346,-0.0026379313785582,0.003175979712978,0.0016259759431704,0.0530400834977626,-0.0112693766131997,0.0247951218821529,-0.0081058245248655,0.0021560699458216,0.0102107588840132,0.0092712452620249,0.0192898088495507,0.0124719808681428,0.0117493673548851,0.0398301812637633,0.0964395230959274,0.0359446520214985,-0.0548780658249484,2019-02-21,2019-02-22,2019-02-25,2019-02-26,2019-02-27,2019-02-28,2019-03-01,2019-03-04,2019-03-05,2019-03-06,77902.0,2019-02-20,252.0,-0.2581%,0.0,0.4974,0.5421,0.0167,1.6519%,1.7600%,11.9017%,-0.0048909999999999,CAKE,77902.0,2019-02-21,252.0,5.3040%,0.0003,0.4793,0.5173,-0.0169,1.6853%,1.7865%,11.0160%,0.055198,CAKE,77902.0,2019-02-22,252.0,-2.6822%,0.0001,0.4847,0.4948,0.0274,1.6966%,1.7930%,10.4587%,-0.033132,CAKE,77902.0,2019-02-25,252.0,-2.2091%,-0.0001,0.4891,0.5099,0.0515,1.6862%,1.7835%,10.6134%,-0.021582,CAKE,77902.0,2019-02-26,252.0,-0.5379%,-0.0001,0.4852,0.5153,0.0514,1.6856%,1.7821%,10.5371%,-0.001263,CAKE,77902.0,2019-02-27,252.0,1.2546%,-0.0001,0.4849,0.519,0.0513,1.6871%,1.7837%,10.5393%,0.011092,CAKE,77902.0,2019-02-28,252.0,1.0468%,0.0,0.4736,0.5116,0.0403,1.6855%,1.7786%,10.1959%,0.011896,CAKE,77902.0,2019-03-01,252.0,-0.2537%,0.0001,0.4664,0.501,0.0327,1.6851%,1.7755%,9.9236%,-0.007359,CAKE,77902.0,2019-03-04,252.0,-2.9883%,-0.0001,0.476,0.4926,0.025,1.6906%,1.7838%,10.1714%,-0.02567,CAKE,77902.0,2019-03-05,252.0,2.7063%,-0.0,0.4684,0.4533,0.0087,1.6991%,1.7872%,9.6133%,0.029369,CAKE,77902.0,2019-03-06,252.0,-0.1071%,-0.0,0.4626,0.4377,0.0001,1.6997%,1.7866%,9.4882%,0.0084809999999999,CAKE,0.050307,0.0171749999999999,-0.004407,0.0054219999999999,0.0221389999999999
7259,CHEESECAKE FACTORY INC,Q4 Earnings Outlook For Cheesecake Factory,6,uncertain,0.5,0.5,"the q4 earnings outlook could vary based on actual performance and market conditions, making the impact on stock price uncertain.",1,2019-02-20,CAKE,2019-02-20 12:26:00+00:00,77902.0,16307210,-0.0025806222110986,1631563.0,0.0530400834977626,-0.0112693766131997,-0.0268223043531179,0.0031996096950024,-0.0220912955701351,0.018466267734766,-0.0053786574862897,0.0008696911972947,0.0125460056588053,0.0081105381250381,0.0104678031057119,-0.0112700574100017,-0.0025370137300342,0.0017368218395859,-0.0298825558274984,-0.0008676160941831,0.0270626954734325,-0.0058227400295436,-0.0010711061768233,0.0089207971468567,-0.0045036007650196,0.0220146290957927,-0.0062472447752952,0.0020053510088473,0.0065033435821533,-0.0064201266504824,-0.003661468392238,0.0057893190532922,0.0006485645426437,-0.021568663418293,0.0097213387489318,0.0220441259443759,-0.0070603727363049,0.004248627461493,-0.0036629643291234,-0.0031208067666739,-0.0088667785748839,0.0074107758700847,-0.0312022753059864,-0.0338468514382839,0.0243242792785167,0.00021697745251,0.003518026554957,0.0074333217926323,0.0205960217863321,0.0019715258385986,0.0163159780204296,0.0028559109196066,-0.0046472586691379,-0.0127954920753836,0.0292869508266449,0.0041376841254532,0.0086597558110952,-0.0039045619778335,-0.0067456671968102,-0.0021645517554134,-0.0080263307318091,0.053111508488655,-0.0064315637573599,0.0344258211553096,0.0108582265675067,0.0083214091137051,0.0074364924803376,-0.0245825033634901,-0.0100471945479512,-0.008963443338871,-0.0124274753034114,0.0192082393914461,0.0056627611629664,-0.0025701078120619,-0.0152241820469498,-0.0067301210947334,0.0086827585473656,0.019881660118699,-0.0077682710252702,-0.0056484271772205,-0.0006347604794427,-0.0114006018266081,-0.0224433913826942,-0.0050926208496093,0.0186268277466297,-0.0087196202948689,0.0129704577848315,-0.0144730750471353,0.0146935507655143,-0.0120642790570855,0.0134464530274272,-0.0233472287654876,0.005511260125786,-0.0028284869622439,0.0168494079262018,0.012111852876842,0.014973048120737,-0.0072147315368056,-0.023996876552701,-0.0032686360646039,-0.0116887958720326,-0.0139665128663182,0.0214110761880874,-0.0029991299379616,-0.0015971617540344,-0.0072309686802327,-0.0065986406989395,-0.003602419514209,-0.030998408794403,-0.0102768810465931,-0.0120481513440609,-0.0373510718345642,0.003153862664476,0.0267412327229976,0.0012576268054544,0.0002073841314995,-0.006698758341372,-0.0388601198792457,0.0069546471349895,0.0209562312811613,-0.0046044210903346,-0.0026379313785582,0.003175979712978,0.0016259759431704,0.0530400834977626,-0.0112693766131997,0.0247951218821529,-0.0081058245248655,0.0021560699458216,0.0102107588840132,0.0092712452620249,0.0192898088495507,0.0124719808681428,0.0117493673548851,0.0398301812637633,0.0964395230959274,0.0359446520214985,-0.0548780658249484,2019-02-21,2019-02-22,2019-02-25,2019-02-26,2019-02-27,2019-02-28,2019-03-01,2019-03-04,2019-03-05,2019-03-06,77902.0,2019-02-20,252.0,-0.2581%,0.0,0.4974,0.5421,0.0167,1.6519%,1.7600%,11.9017%,-0.0048909999999999,CAKE,77902.0,2019-02-21,252.0,5.3040%,0.0003,0.4793,0.5173,-0.0169,1.6853%,1.7865%,11.0160%,0.055198,CAKE,77902.0,2019-02-22,252.0,-2.6822%,0.0001,0.4847,0.4948,0.0274,1.6966%,1.7930%,10.4587%,-0.033132,CAKE,77902.0,2019-02-25,252.0,-2.2091%,-0.0001,0.4891,0.5099,0.0515,1.6862%,1.7835%,10.6134%,-0.021582,CAKE,77902.0,2019-02-26,252.0,-0.5379%,-0.0001,0.4852,0.5153,0.0514,1.6856%,1.7821%,10.5371%,-0.001263,CAKE,77902.0,2019-02-27,252.0,1.2546%,-0.0001,0.4849,0.519,0.0513,1.6871%,1.7837%,10.5393%,0.011092,CAKE,77902.0,2019-02-28,252.0,1.0468%,0.0,0.4736,0.5116,0.0403,1.6855%,1.7786%,10.1959%,0.011896,CAKE,77902.0,2019-03-01,252.0,-0.2537%,0.0001,0.4664,0.501,0.0327,1.6851%,1.7755%,9.9236%,-0.007359,CAKE,77902.0,2019-03-04,252.0,-2.9883%,-0.0001,0.476,0.4926,0.025,1.6906%,1.7838%,10.1714%,-0.02567,CAKE,77902.0,2019-03-05,252.0,2.7063%,-0.0,0.4684,0.4533,0.0087,1.6991%,1.7872%,9.6133%,0.029369,CAKE,77902.0,2019-03-06,252.0,-0.1071%,-0.0,0.4626,0.4377,0.0001,1.6997%,1.7866%,9.4882%,0.0084809999999999,CAKE,0.050307,0.0171749999999999,-0.004407,0.0054219999999999,0.0221389999999999
7267,CATERPILLAR INC,"Caterpillar Exec Speaking At Barclays Global Industrials Conference: Price Increases Will Offset Inflation Headwinds, Sees Some Dealer Inventory Growth Ahead Of Spring 2019",6,increase,0.7,0.6,"the expectation of price increases to offset inflation and anticipated dealer inventory growth suggests positive financial outlook, likely boosting investor confidence in caterpillar inc.",2,2019-02-20,CAT,2019-02-20 18:39:00+00:00,18542.0,14912310,0.033210564404726,6199038.0,-0.0101916659623384,-0.0029368128161877,-0.0014401799999177,0.0269944351166486,0.0196856874972581,-0.0036063934676349,-0.0242557656019926,0.0032411844003945,0.0115959281101822,0.0290080327540636,-0.0160481836646795,0.0025659918319433,0.0009465915500186,-0.0013976757181808,0.0064014322124421,-0.0134824160486459,-0.008745982311666,-0.01106065697968,-0.0168440826237201,0.0085574192926287,-0.0150559870526194,-0.0002291557466378,-0.0109186517074704,-0.0168969649821519,0.0133992722257971,0.0234417263418436,-0.0047329640947282,0.0282937008887529,0.0076993079856038,0.0173675008118152,0.0014232392422854,-0.091261126101017,-0.0076296227052807,0.0311158373951911,0.0107786832377314,0.0069032646715641,0.0003727650328073,-0.0031760295387357,-0.0084979459643363,-0.0319180116057395,0.0078941667452454,0.0217036791145801,-0.032000545412302,0.0218744464218616,0.012406569905579,0.0074221533723175,0.0035012287553399,-0.0084218559786677,-0.0048543643206357,-0.0022710298653692,0.0089176688343286,-0.0064681149087846,0.0235703755170106,0.0206494387239217,0.0351317003369331,0.0038529704324901,-0.000427790073445,0.0120097370818257,-0.0066339103505015,0.0006242827512323,0.006247382145375,0.0546456389129161,0.0016413024859502,-0.038534540683031,-0.0038472020532935,-0.0054300972260534,-0.0248176306486129,0.0116232708096504,0.0086541445925831,-0.0083681819960474,0.009743302129209,0.0153093617409467,0.0167782958596944,0.0667807236313819,-0.0067280237562954,-0.0259848646819591,0.0126916132867336,-0.0121760861948132,0.0049989912658929,-0.0063761854544281,0.0103684673085808,-0.0156111279502511,-0.0068359076976776,-0.0016068496042862,-0.0024582531768828,-0.0181430578231811,-0.0302753150463104,0.0069102072156965,-0.0116168651729822,0.0042274766601622,0.0213031210005283,0.0172833893448114,-7.18874143785797e-05,-0.0012156700249761,0.0028772398363798,-0.0012950518867,-0.0091091971844434,-0.0375476516783237,-0.0215707272291183,-0.0073462119325995,0.0287785716354847,-0.0693054348230362,-0.0165396463125944,0.0241763014346361,-0.0225942991673946,0.0417722687125206,-0.0128675187006592,-0.0041294526308774,-0.0056839711032807,0.0495185069739818,0.0010670685442164,-0.0016026007942855,-0.0459874644875526,0.0202747173607349,0.017318420112133,-0.0125131430104374,-0.0013336327392607,0.0130858439952135,-0.0054202862083911,-0.0294491723179817,-0.0101916659623384,-0.0029368128161877,-0.0116171681287713,0.0239783446974446,0.0078398274271007,0.0202854758841282,-0.0052027342135545,0.0532848113869208,-0.0390563441091579,0.0375916710097792,-0.0074834491642126,0.0663673307394785,-0.0922277687627872,0.0847353809007456,2019-02-21,2019-02-22,2019-02-25,2019-02-26,2019-02-27,2019-02-28,2019-03-01,2019-03-04,2019-03-05,2019-03-06,18542.0,2019-02-20,252.0,3.3211%,-0.0003,1.6174,0.0316,0.3173,1.3702%,2.1388%,58.9573%,0.028531,CAT,18542.0,2019-02-21,252.0,-1.0192%,-0.0003,1.6205,0.0372,0.323,1.3698%,2.1396%,59.0137%,-0.003555,CAT,18542.0,2019-02-22,252.0,-0.1440%,-0.0003,1.6217,0.0301,0.3315,1.3703%,2.1396%,58.9834%,-0.00753,CAT,18542.0,2019-02-25,252.0,1.9686%,-0.0004,1.6246,0.0239,0.3388,1.3661%,2.1381%,59.1768%,0.017828,CAT,18542.0,2019-02-26,252.0,-2.4256%,-0.0004,1.6298,0.0468,0.3543,1.3718%,2.1387%,58.8558%,-0.020485,CAT,18542.0,2019-02-27,252.0,1.1596%,-0.0004,1.6342,0.0421,0.3551,1.3722%,2.1394%,58.8614%,0.010365,CAT,18542.0,2019-02-28,252.0,-1.6048%,-0.0004,1.6394,0.0453,0.3611,1.3731%,2.1397%,58.8217%,-0.010203,CAT,18542.0,2019-03-01,252.0,0.0947%,-0.0004,1.6245,0.023,0.3423,1.3676%,2.1241%,58.5459%,-0.009634,CAT,18542.0,2019-03-04,252.0,0.6401%,-0.0003,1.6186,0.0302,0.3466,1.3692%,2.1170%,58.1684%,0.0135159999999999,CAT,18542.0,2019-03-05,252.0,-0.8746%,-0.0002,1.6274,0.0958,0.3548,1.3507%,2.1115%,59.0786%,-0.005159,CAT,18542.0,2019-03-06,252.0,-1.6844%,-0.0002,1.6203,0.1068,0.3482,1.3475%,2.1043%,58.9913%,-0.002199,CAT,0.024976,0.017446,0.035274,0.0251539999999999,0.0114749999999999
7275,CATERPILLAR INC,UPDATE From Earlier China Demand Headline: Caterpillar Exec At Barclays Global Industrials Conference Says Seeing 'Very Strong' Chinese Demand In 2019,6,increase,0.8,0.7,"strong demand in china is likely to boost caterpillar's sales and revenue, positively impacting its stock price.",2,2019-02-20,CAT,2019-02-20 18:38:00+00:00,18542.0,14912310,0.033210564404726,6199038.0,-0.0101916659623384,-0.0029368128161877,-0.0014401799999177,0.0269944351166486,0.0196856874972581,-0.0036063934676349,-0.0242557656019926,0.0032411844003945,0.0115959281101822,0.0290080327540636,-0.0160481836646795,0.0025659918319433,0.0009465915500186,-0.0013976757181808,0.0064014322124421,-0.0134824160486459,-0.008745982311666,-0.01106065697968,-0.0168440826237201,0.0085574192926287,-0.0150559870526194,-0.0002291557466378,-0.0109186517074704,-0.0168969649821519,0.0133992722257971,0.0234417263418436,-0.0047329640947282,0.0282937008887529,0.0076993079856038,0.0173675008118152,0.0014232392422854,-0.091261126101017,-0.0076296227052807,0.0311158373951911,0.0107786832377314,0.0069032646715641,0.0003727650328073,-0.0031760295387357,-0.0084979459643363,-0.0319180116057395,0.0078941667452454,0.0217036791145801,-0.032000545412302,0.0218744464218616,0.012406569905579,0.0074221533723175,0.0035012287553399,-0.0084218559786677,-0.0048543643206357,-0.0022710298653692,0.0089176688343286,-0.0064681149087846,0.0235703755170106,0.0206494387239217,0.0351317003369331,0.0038529704324901,-0.000427790073445,0.0120097370818257,-0.0066339103505015,0.0006242827512323,0.006247382145375,0.0546456389129161,0.0016413024859502,-0.038534540683031,-0.0038472020532935,-0.0054300972260534,-0.0248176306486129,0.0116232708096504,0.0086541445925831,-0.0083681819960474,0.009743302129209,0.0153093617409467,0.0167782958596944,0.0667807236313819,-0.0067280237562954,-0.0259848646819591,0.0126916132867336,-0.0121760861948132,0.0049989912658929,-0.0063761854544281,0.0103684673085808,-0.0156111279502511,-0.0068359076976776,-0.0016068496042862,-0.0024582531768828,-0.0181430578231811,-0.0302753150463104,0.0069102072156965,-0.0116168651729822,0.0042274766601622,0.0213031210005283,0.0172833893448114,-7.18874143785797e-05,-0.0012156700249761,0.0028772398363798,-0.0012950518867,-0.0091091971844434,-0.0375476516783237,-0.0215707272291183,-0.0073462119325995,0.0287785716354847,-0.0693054348230362,-0.0165396463125944,0.0241763014346361,-0.0225942991673946,0.0417722687125206,-0.0128675187006592,-0.0041294526308774,-0.0056839711032807,0.0495185069739818,0.0010670685442164,-0.0016026007942855,-0.0459874644875526,0.0202747173607349,0.017318420112133,-0.0125131430104374,-0.0013336327392607,0.0130858439952135,-0.0054202862083911,-0.0294491723179817,-0.0101916659623384,-0.0029368128161877,-0.0116171681287713,0.0239783446974446,0.0078398274271007,0.0202854758841282,-0.0052027342135545,0.0532848113869208,-0.0390563441091579,0.0375916710097792,-0.0074834491642126,0.0663673307394785,-0.0922277687627872,0.0847353809007456,2019-02-21,2019-02-22,2019-02-25,2019-02-26,2019-02-27,2019-02-28,2019-03-01,2019-03-04,2019-03-05,2019-03-06,18542.0,2019-02-20,252.0,3.3211%,-0.0003,1.6174,0.0316,0.3173,1.3702%,2.1388%,58.9573%,0.028531,CAT,18542.0,2019-02-21,252.0,-1.0192%,-0.0003,1.6205,0.0372,0.323,1.3698%,2.1396%,59.0137%,-0.003555,CAT,18542.0,2019-02-22,252.0,-0.1440%,-0.0003,1.6217,0.0301,0.3315,1.3703%,2.1396%,58.9834%,-0.00753,CAT,18542.0,2019-02-25,252.0,1.9686%,-0.0004,1.6246,0.0239,0.3388,1.3661%,2.1381%,59.1768%,0.017828,CAT,18542.0,2019-02-26,252.0,-2.4256%,-0.0004,1.6298,0.0468,0.3543,1.3718%,2.1387%,58.8558%,-0.020485,CAT,18542.0,2019-02-27,252.0,1.1596%,-0.0004,1.6342,0.0421,0.3551,1.3722%,2.1394%,58.8614%,0.010365,CAT,18542.0,2019-02-28,252.0,-1.6048%,-0.0004,1.6394,0.0453,0.3611,1.3731%,2.1397%,58.8217%,-0.010203,CAT,18542.0,2019-03-01,252.0,0.0947%,-0.0004,1.6245,0.023,0.3423,1.3676%,2.1241%,58.5459%,-0.009634,CAT,18542.0,2019-03-04,252.0,0.6401%,-0.0003,1.6186,0.0302,0.3466,1.3692%,2.1170%,58.1684%,0.0135159999999999,CAT,18542.0,2019-03-05,252.0,-0.8746%,-0.0002,1.6274,0.0958,0.3548,1.3507%,2.1115%,59.0786%,-0.005159,CAT,18542.0,2019-03-06,252.0,-1.6844%,-0.0002,1.6203,0.1068,0.3482,1.3475%,2.1043%,58.9913%,-0.002199,CAT,0.024976,0.017446,0.035274,0.0251539999999999,0.0114749999999999
7283,CATERPILLAR INC,"Caterpillar Shares Make Near-Term Parabolic Move, Spike To Session High, Now Selling Off As Apparent Confusion On Recent Headlines From Co.",6,uncertain,0.7,0.5,"the news indicates a spike in shares followed by a sell-off due to confusion, suggesting mixed investor sentiment that could lead to volatility rather than a clear direction in stock price movement.",1,2019-02-20,CAT,2019-02-20 18:36:00+00:00,18542.0,14912310,0.033210564404726,6199038.0,-0.0101916659623384,-0.0029368128161877,-0.0014401799999177,0.0269944351166486,0.0196856874972581,-0.0036063934676349,-0.0242557656019926,0.0032411844003945,0.0115959281101822,0.0290080327540636,-0.0160481836646795,0.0025659918319433,0.0009465915500186,-0.0013976757181808,0.0064014322124421,-0.0134824160486459,-0.008745982311666,-0.01106065697968,-0.0168440826237201,0.0085574192926287,-0.0150559870526194,-0.0002291557466378,-0.0109186517074704,-0.0168969649821519,0.0133992722257971,0.0234417263418436,-0.0047329640947282,0.0282937008887529,0.0076993079856038,0.0173675008118152,0.0014232392422854,-0.091261126101017,-0.0076296227052807,0.0311158373951911,0.0107786832377314,0.0069032646715641,0.0003727650328073,-0.0031760295387357,-0.0084979459643363,-0.0319180116057395,0.0078941667452454,0.0217036791145801,-0.032000545412302,0.0218744464218616,0.012406569905579,0.0074221533723175,0.0035012287553399,-0.0084218559786677,-0.0048543643206357,-0.0022710298653692,0.0089176688343286,-0.0064681149087846,0.0235703755170106,0.0206494387239217,0.0351317003369331,0.0038529704324901,-0.000427790073445,0.0120097370818257,-0.0066339103505015,0.0006242827512323,0.006247382145375,0.0546456389129161,0.0016413024859502,-0.038534540683031,-0.0038472020532935,-0.0054300972260534,-0.0248176306486129,0.0116232708096504,0.0086541445925831,-0.0083681819960474,0.009743302129209,0.0153093617409467,0.0167782958596944,0.0667807236313819,-0.0067280237562954,-0.0259848646819591,0.0126916132867336,-0.0121760861948132,0.0049989912658929,-0.0063761854544281,0.0103684673085808,-0.0156111279502511,-0.0068359076976776,-0.0016068496042862,-0.0024582531768828,-0.0181430578231811,-0.0302753150463104,0.0069102072156965,-0.0116168651729822,0.0042274766601622,0.0213031210005283,0.0172833893448114,-7.18874143785797e-05,-0.0012156700249761,0.0028772398363798,-0.0012950518867,-0.0091091971844434,-0.0375476516783237,-0.0215707272291183,-0.0073462119325995,0.0287785716354847,-0.0693054348230362,-0.0165396463125944,0.0241763014346361,-0.0225942991673946,0.0417722687125206,-0.0128675187006592,-0.0041294526308774,-0.0056839711032807,0.0495185069739818,0.0010670685442164,-0.0016026007942855,-0.0459874644875526,0.0202747173607349,0.017318420112133,-0.0125131430104374,-0.0013336327392607,0.0130858439952135,-0.0054202862083911,-0.0294491723179817,-0.0101916659623384,-0.0029368128161877,-0.0116171681287713,0.0239783446974446,0.0078398274271007,0.0202854758841282,-0.0052027342135545,0.0532848113869208,-0.0390563441091579,0.0375916710097792,-0.0074834491642126,0.0663673307394785,-0.0922277687627872,0.0847353809007456,2019-02-21,2019-02-22,2019-02-25,2019-02-26,2019-02-27,2019-02-28,2019-03-01,2019-03-04,2019-03-05,2019-03-06,18542.0,2019-02-20,252.0,3.3211%,-0.0003,1.6174,0.0316,0.3173,1.3702%,2.1388%,58.9573%,0.028531,CAT,18542.0,2019-02-21,252.0,-1.0192%,-0.0003,1.6205,0.0372,0.323,1.3698%,2.1396%,59.0137%,-0.003555,CAT,18542.0,2019-02-22,252.0,-0.1440%,-0.0003,1.6217,0.0301,0.3315,1.3703%,2.1396%,58.9834%,-0.00753,CAT,18542.0,2019-02-25,252.0,1.9686%,-0.0004,1.6246,0.0239,0.3388,1.3661%,2.1381%,59.1768%,0.017828,CAT,18542.0,2019-02-26,252.0,-2.4256%,-0.0004,1.6298,0.0468,0.3543,1.3718%,2.1387%,58.8558%,-0.020485,CAT,18542.0,2019-02-27,252.0,1.1596%,-0.0004,1.6342,0.0421,0.3551,1.3722%,2.1394%,58.8614%,0.010365,CAT,18542.0,2019-02-28,252.0,-1.6048%,-0.0004,1.6394,0.0453,0.3611,1.3731%,2.1397%,58.8217%,-0.010203,CAT,18542.0,2019-03-01,252.0,0.0947%,-0.0004,1.6245,0.023,0.3423,1.3676%,2.1241%,58.5459%,-0.009634,CAT,18542.0,2019-03-04,252.0,0.6401%,-0.0003,1.6186,0.0302,0.3466,1.3692%,2.1170%,58.1684%,0.0135159999999999,CAT,18542.0,2019-03-05,252.0,-0.8746%,-0.0002,1.6274,0.0958,0.3548,1.3507%,2.1115%,59.0786%,-0.005159,CAT,18542.0,2019-03-06,252.0,-1.6844%,-0.0002,1.6203,0.1068,0.3482,1.3475%,2.1043%,58.9913%,-0.002199,CAT,0.024976,0.017446,0.035274,0.0251539999999999,0.0114749999999999
7291,CATERPILLAR INC,Caterpillar Shares Spike To Session High Over $139 As Traders Circulate Comment About China Demand In 2019; Shares Up 2.6% For Session,6,increase,0.8,0.6,"the news highlights positive sentiment regarding demand in china, which is likely to boost investor confidence and drive caterpillar's stock price higher.",2,2019-02-20,CAT,2019-02-20 18:34:00+00:00,18542.0,14912310,0.033210564404726,6199038.0,-0.0101916659623384,-0.0029368128161877,-0.0014401799999177,0.0269944351166486,0.0196856874972581,-0.0036063934676349,-0.0242557656019926,0.0032411844003945,0.0115959281101822,0.0290080327540636,-0.0160481836646795,0.0025659918319433,0.0009465915500186,-0.0013976757181808,0.0064014322124421,-0.0134824160486459,-0.008745982311666,-0.01106065697968,-0.0168440826237201,0.0085574192926287,-0.0150559870526194,-0.0002291557466378,-0.0109186517074704,-0.0168969649821519,0.0133992722257971,0.0234417263418436,-0.0047329640947282,0.0282937008887529,0.0076993079856038,0.0173675008118152,0.0014232392422854,-0.091261126101017,-0.0076296227052807,0.0311158373951911,0.0107786832377314,0.0069032646715641,0.0003727650328073,-0.0031760295387357,-0.0084979459643363,-0.0319180116057395,0.0078941667452454,0.0217036791145801,-0.032000545412302,0.0218744464218616,0.012406569905579,0.0074221533723175,0.0035012287553399,-0.0084218559786677,-0.0048543643206357,-0.0022710298653692,0.0089176688343286,-0.0064681149087846,0.0235703755170106,0.0206494387239217,0.0351317003369331,0.0038529704324901,-0.000427790073445,0.0120097370818257,-0.0066339103505015,0.0006242827512323,0.006247382145375,0.0546456389129161,0.0016413024859502,-0.038534540683031,-0.0038472020532935,-0.0054300972260534,-0.0248176306486129,0.0116232708096504,0.0086541445925831,-0.0083681819960474,0.009743302129209,0.0153093617409467,0.0167782958596944,0.0667807236313819,-0.0067280237562954,-0.0259848646819591,0.0126916132867336,-0.0121760861948132,0.0049989912658929,-0.0063761854544281,0.0103684673085808,-0.0156111279502511,-0.0068359076976776,-0.0016068496042862,-0.0024582531768828,-0.0181430578231811,-0.0302753150463104,0.0069102072156965,-0.0116168651729822,0.0042274766601622,0.0213031210005283,0.0172833893448114,-7.18874143785797e-05,-0.0012156700249761,0.0028772398363798,-0.0012950518867,-0.0091091971844434,-0.0375476516783237,-0.0215707272291183,-0.0073462119325995,0.0287785716354847,-0.0693054348230362,-0.0165396463125944,0.0241763014346361,-0.0225942991673946,0.0417722687125206,-0.0128675187006592,-0.0041294526308774,-0.0056839711032807,0.0495185069739818,0.0010670685442164,-0.0016026007942855,-0.0459874644875526,0.0202747173607349,0.017318420112133,-0.0125131430104374,-0.0013336327392607,0.0130858439952135,-0.0054202862083911,-0.0294491723179817,-0.0101916659623384,-0.0029368128161877,-0.0116171681287713,0.0239783446974446,0.0078398274271007,0.0202854758841282,-0.0052027342135545,0.0532848113869208,-0.0390563441091579,0.0375916710097792,-0.0074834491642126,0.0663673307394785,-0.0922277687627872,0.0847353809007456,2019-02-21,2019-02-22,2019-02-25,2019-02-26,2019-02-27,2019-02-28,2019-03-01,2019-03-04,2019-03-05,2019-03-06,18542.0,2019-02-20,252.0,3.3211%,-0.0003,1.6174,0.0316,0.3173,1.3702%,2.1388%,58.9573%,0.028531,CAT,18542.0,2019-02-21,252.0,-1.0192%,-0.0003,1.6205,0.0372,0.323,1.3698%,2.1396%,59.0137%,-0.003555,CAT,18542.0,2019-02-22,252.0,-0.1440%,-0.0003,1.6217,0.0301,0.3315,1.3703%,2.1396%,58.9834%,-0.00753,CAT,18542.0,2019-02-25,252.0,1.9686%,-0.0004,1.6246,0.0239,0.3388,1.3661%,2.1381%,59.1768%,0.017828,CAT,18542.0,2019-02-26,252.0,-2.4256%,-0.0004,1.6298,0.0468,0.3543,1.3718%,2.1387%,58.8558%,-0.020485,CAT,18542.0,2019-02-27,252.0,1.1596%,-0.0004,1.6342,0.0421,0.3551,1.3722%,2.1394%,58.8614%,0.010365,CAT,18542.0,2019-02-28,252.0,-1.6048%,-0.0004,1.6394,0.0453,0.3611,1.3731%,2.1397%,58.8217%,-0.010203,CAT,18542.0,2019-03-01,252.0,0.0947%,-0.0004,1.6245,0.023,0.3423,1.3676%,2.1241%,58.5459%,-0.009634,CAT,18542.0,2019-03-04,252.0,0.6401%,-0.0003,1.6186,0.0302,0.3466,1.3692%,2.1170%,58.1684%,0.0135159999999999,CAT,18542.0,2019-03-05,252.0,-0.8746%,-0.0002,1.6274,0.0958,0.3548,1.3507%,2.1115%,59.0786%,-0.005159,CAT,18542.0,2019-03-06,252.0,-1.6844%,-0.0002,1.6203,0.1068,0.3482,1.3475%,2.1043%,58.9913%,-0.002199,CAT,0.024976,0.017446,0.035274,0.0251539999999999,0.0114749999999999
7299,CATERPILLAR INC,Caterpillar Option Alert: Fri $140 Calls Sweep (20) near the Ask: 1747 @ $0.35 vs 4858 OI; Ref=$137.58,6,increase,0.7,0.6,"the significant call option activity suggests bullish sentiment among investors, indicating a potential increase in caterpillar inc's stock price.",2,2019-02-20,CAT,2019-02-20 15:29:00+00:00,18542.0,14912310,0.033210564404726,6199038.0,-0.0101916659623384,-0.0029368128161877,-0.0014401799999177,0.0269944351166486,0.0196856874972581,-0.0036063934676349,-0.0242557656019926,0.0032411844003945,0.0115959281101822,0.0290080327540636,-0.0160481836646795,0.0025659918319433,0.0009465915500186,-0.0013976757181808,0.0064014322124421,-0.0134824160486459,-0.008745982311666,-0.01106065697968,-0.0168440826237201,0.0085574192926287,-0.0150559870526194,-0.0002291557466378,-0.0109186517074704,-0.0168969649821519,0.0133992722257971,0.0234417263418436,-0.0047329640947282,0.0282937008887529,0.0076993079856038,0.0173675008118152,0.0014232392422854,-0.091261126101017,-0.0076296227052807,0.0311158373951911,0.0107786832377314,0.0069032646715641,0.0003727650328073,-0.0031760295387357,-0.0084979459643363,-0.0319180116057395,0.0078941667452454,0.0217036791145801,-0.032000545412302,0.0218744464218616,0.012406569905579,0.0074221533723175,0.0035012287553399,-0.0084218559786677,-0.0048543643206357,-0.0022710298653692,0.0089176688343286,-0.0064681149087846,0.0235703755170106,0.0206494387239217,0.0351317003369331,0.0038529704324901,-0.000427790073445,0.0120097370818257,-0.0066339103505015,0.0006242827512323,0.006247382145375,0.0546456389129161,0.0016413024859502,-0.038534540683031,-0.0038472020532935,-0.0054300972260534,-0.0248176306486129,0.0116232708096504,0.0086541445925831,-0.0083681819960474,0.009743302129209,0.0153093617409467,0.0167782958596944,0.0667807236313819,-0.0067280237562954,-0.0259848646819591,0.0126916132867336,-0.0121760861948132,0.0049989912658929,-0.0063761854544281,0.0103684673085808,-0.0156111279502511,-0.0068359076976776,-0.0016068496042862,-0.0024582531768828,-0.0181430578231811,-0.0302753150463104,0.0069102072156965,-0.0116168651729822,0.0042274766601622,0.0213031210005283,0.0172833893448114,-7.18874143785797e-05,-0.0012156700249761,0.0028772398363798,-0.0012950518867,-0.0091091971844434,-0.0375476516783237,-0.0215707272291183,-0.0073462119325995,0.0287785716354847,-0.0693054348230362,-0.0165396463125944,0.0241763014346361,-0.0225942991673946,0.0417722687125206,-0.0128675187006592,-0.0041294526308774,-0.0056839711032807,0.0495185069739818,0.0010670685442164,-0.0016026007942855,-0.0459874644875526,0.0202747173607349,0.017318420112133,-0.0125131430104374,-0.0013336327392607,0.0130858439952135,-0.0054202862083911,-0.0294491723179817,-0.0101916659623384,-0.0029368128161877,-0.0116171681287713,0.0239783446974446,0.0078398274271007,0.0202854758841282,-0.0052027342135545,0.0532848113869208,-0.0390563441091579,0.0375916710097792,-0.0074834491642126,0.0663673307394785,-0.0922277687627872,0.0847353809007456,2019-02-21,2019-02-22,2019-02-25,2019-02-26,2019-02-27,2019-02-28,2019-03-01,2019-03-04,2019-03-05,2019-03-06,18542.0,2019-02-20,252.0,3.3211%,-0.0003,1.6174,0.0316,0.3173,1.3702%,2.1388%,58.9573%,0.028531,CAT,18542.0,2019-02-21,252.0,-1.0192%,-0.0003,1.6205,0.0372,0.323,1.3698%,2.1396%,59.0137%,-0.003555,CAT,18542.0,2019-02-22,252.0,-0.1440%,-0.0003,1.6217,0.0301,0.3315,1.3703%,2.1396%,58.9834%,-0.00753,CAT,18542.0,2019-02-25,252.0,1.9686%,-0.0004,1.6246,0.0239,0.3388,1.3661%,2.1381%,59.1768%,0.017828,CAT,18542.0,2019-02-26,252.0,-2.4256%,-0.0004,1.6298,0.0468,0.3543,1.3718%,2.1387%,58.8558%,-0.020485,CAT,18542.0,2019-02-27,252.0,1.1596%,-0.0004,1.6342,0.0421,0.3551,1.3722%,2.1394%,58.8614%,0.010365,CAT,18542.0,2019-02-28,252.0,-1.6048%,-0.0004,1.6394,0.0453,0.3611,1.3731%,2.1397%,58.8217%,-0.010203,CAT,18542.0,2019-03-01,252.0,0.0947%,-0.0004,1.6245,0.023,0.3423,1.3676%,2.1241%,58.5459%,-0.009634,CAT,18542.0,2019-03-04,252.0,0.6401%,-0.0003,1.6186,0.0302,0.3466,1.3692%,2.1170%,58.1684%,0.0135159999999999,CAT,18542.0,2019-03-05,252.0,-0.8746%,-0.0002,1.6274,0.0958,0.3548,1.3507%,2.1115%,59.0786%,-0.005159,CAT,18542.0,2019-03-06,252.0,-1.6844%,-0.0002,1.6203,0.1068,0.3482,1.3475%,2.1043%,58.9913%,-0.002199,CAT,0.024976,0.017446,0.035274,0.0251539999999999,0.0114749999999999
7307,C B FINANCIAL SERVICES INC,CB Financial Services Raises Qtr. Dividend From $0.23 To $0.24/Share,6,increase,0.8,0.6,"raising the quarterly dividend typically signals financial strength and can attract investors, likely leading to an increase in stock price.",2,2019-02-20,CBFV,2019-02-20 22:04:00+00:00,14943.0,12479G10,0.0158914681524038,6073.0,-0.0156428795307874,-0.0205011740326881,0.0019380289595574,0.0091953929513692,-0.0096711795777082,-0.0106140552088618,0.0156249850988388,0.0181396882981061,-0.0065384646877646,-0.0068992068991065,0.0015486223855987,-0.0007660075789317,-0.000773113919422,0.0558027140796184,0.0019342064624652,0.0135245872661471,-0.0030888002365827,0.0103519670665264,-0.0151045462116599,-0.00206616288051,-0.0149430222809314,-0.0037052347324788,0.0075848610140383,0.005797155201435,-0.0131999971345067,-0.0057637421414256,-0.0271584950387477,0.0070480955764651,0.0220833625644445,0.0045814495533704,0.0191601831465959,-0.0119341155514121,-0.0012000274145975,-0.0020534349605441,0.0008009794983081,-0.0020491490140557,-0.0036014467477798,0.006185551173985,-0.0004016156308352,-0.0020575819071382,-0.0176777280867099,-0.0053213699720799,-0.0216769184917211,-0.0105305882170796,0.0012542093172669,0.0164676662534475,-0.0058455653488636,0.0016495223389938,-0.0029399285558611,-0.0261044036597013,0.0037910763639956,0.008097119629383,-0.0041964072734117,-0.0052355681546032,0.0,-0.0028112328145653,-0.0181205365806818,0.0097323507070541,-0.012875503860414,-0.0076458966359496,0.007391307502985,0.0122200064361095,0.0112214172258973,0.0020407852716743,-0.0102432677522301,-0.01129946205765,-0.0176800265908241,0.0073170852847397,0.0136084044352173,0.0353535413742065,0.003897797781974,0.0263499189168214,-0.0086281606927514,0.0052105481736361,0.0069625694304704,-0.0043233237229287,0.0017286480870097,-0.0520492009818553,-0.0056083290837705,-0.0048939981497824,0.015618247911334,0.0008163452148437,-0.0175138767808675,0.0012260191142559,0.0086956853047013,-0.0385069325566291,-0.0064655826427042,-0.0062475535087287,0.0104122208431363,-0.0092843240126967,-0.0051524615846574,-0.0152380811050534,0.0289167053997516,0.007290887646377,-0.0041946470737457,0.0054012108594179,-0.0067396736703813,0.0123887015506625,-0.0029686044435948,0.0011628173524513,0.0497660599648952,-0.0190114080905914,-0.0032414880115538,0.0057361233048141,0.0134146306663751,-0.002669706242159,-0.0044123791158199,0.0026768525131046,-0.0330378599464893,0.0053825215436518,-0.0124999685212969,0.0015402740100398,0.0075948690064251,-0.0068833767436444,-0.0134003227576613,-0.005703407805413,0.0021222897339612,0.0289514791220426,-0.0042355093173682,-0.008918241597712,-0.0156428795307874,-0.0205011740326881,-0.0137351669247716,-0.0114942974325138,-0.0232735112366205,-0.0219863515338398,-0.0144982517724031,-0.0111154051928619,-0.0297595879523049,0.0661156381433116,-0.1140480423609539,0.0382293295616169,-0.0944030113647642,0.009264576425751,2019-02-21,2019-02-22,2019-02-25,2019-02-26,2019-02-27,2019-02-28,2019-03-01,2019-03-04,2019-03-05,2019-03-06,14943.0,2019-02-20,252.0,1.5891%,-0.0006,0.4094,0.4327,0.0996,1.5092%,1.5817%,8.9550%,0.01355,CBFV,14943.0,2019-02-21,252.0,-1.5643%,-0.0005,0.4016,0.4138,0.0854,1.4995%,1.5696%,8.7364%,-0.013696,CBFV,14943.0,2019-02-22,252.0,0.1938%,-0.0005,0.4012,0.4273,0.0936,1.4981%,1.5688%,8.8029%,-0.0017929999999999,CBFV,14943.0,2019-02-25,252.0,-0.9671%,-0.0005,0.4017,0.432,0.0979,1.4989%,1.5697%,8.8177%,-0.009094,CBFV,14943.0,2019-02-26,252.0,1.5625%,-0.0004,0.399,0.4071,0.0833,1.5040%,1.5729%,8.5729%,0.019256,CBFV,14943.0,2019-02-27,252.0,-0.6538%,-0.0005,0.3998,0.4038,0.0834,1.5046%,1.5734%,8.5524%,-0.007671,CBFV,14943.0,2019-02-28,252.0,0.1549%,-0.0005,0.4087,0.41,0.0892,1.5005%,1.5716%,8.8447%,0.002816,CBFV,14943.0,2019-03-01,252.0,-0.0773%,-0.0005,0.4121,0.4151,0.0963,1.5000%,1.5716%,8.8975%,-0.004638,CBFV,14943.0,2019-03-04,252.0,0.1934%,-0.0004,0.3964,0.4622,0.1016,1.4865%,1.5579%,8.9492%,0.005272,CBFV,14943.0,2019-03-05,252.0,-0.3089%,-0.0004,0.3954,0.4547,0.1011,1.4863%,1.5561%,8.7781%,-0.000828,CBFV,14943.0,2019-03-06,252.0,-1.5105%,-0.0004,0.4025,0.4626,0.1101,1.4856%,1.5584%,9.1237%,-0.0061829999999999,CBFV,-0.000146,-0.001939,-0.011033,0.0005519999999999,-0.0030089999999999
7315,CROWN CASTLE INC,Crown Castle Intl Option Alert: Apr 18 $120 Calls Sweep (3) near the Ask: 521 @ $3.51 vs 5262 OI; Earnings 4/17 After Close [est] Ref=$120.18,6,increase,0.7,0.6,"the purchase of call options suggests bullish sentiment among investors ahead of the earnings report, indicating a potential increase in stock price.",2,2019-02-20,CCI,2019-02-20 14:30:00+00:00,86339.0,22822V10,-0.0047440673224627,2355327.0,-0.0018397826934233,0.0001665218733251,0.0042728059925138,0.0116210291162133,-0.0141820684075355,0.0026173384394496,0.0,0.0090305432677268,0.001269370666705,-0.0089497230947017,0.0036342148669064,0.0005913634668104,0.0040421336889266,0.0007609398453496,0.0023483920376747,0.007839111611247,0.0005857225041836,-0.0156014142557978,0.0091988500207662,0.0134308217093348,0.0004971624002791,0.0056419558823108,0.001822107238695,-0.0006833606748841,0.0213293805718421,0.0137697784230113,0.0025092889554798,0.0036505707539618,0.0093661984428763,0.0058577181771397,0.000999919953756,0.0059806536883115,0.0082251159474253,0.0159949362277984,-0.0029592507053166,0.0148726496845483,-0.0007219955441541,0.0098909623920917,0.0095528811216354,0.0146826673299074,0.0050890534184873,-9.293937910115346e-05,-0.0071202651597559,0.0027019558474421,-0.0017529977485537,-0.0006517662550322,0.0020753683056682,0.0092088272795081,0.0066910651512444,-0.0089402040466666,0.0067257960326969,0.0049602133221924,0.0060520051047205,0.0111668435856699,-0.0103906393051147,-0.017388904467225,0.0134206758812069,-0.0097605669870972,7.797589933034033e-05,0.0049042175523936,-0.0013241794658824,0.0149323465302586,0.0069417310878634,0.0050024203956127,-0.0045701903291046,-0.0246709045022726,0.01027163118124,0.0047169299796223,0.0032349855173379,0.0022247449960559,-0.0116698984056711,0.0023227725178003,0.0010875428561121,0.036199040710926,-0.0114067951217293,-0.0219396818429231,-0.0218995362520217,-0.0345454812049865,-0.0035310364328324,-0.0023580819834023,-0.0124828498810529,-0.0032543898560106,-0.0003262185200583,-0.0026147407479584,0.006934234406799,-0.0317765101790428,-0.0025115252938121,-0.0043459362350404,-0.0037361849099397,0.0060183554887771,0.0110060200095176,-0.0056827627122402,-0.0033062144648283,0.000344538479112,0.0176375433802604,0.0029370796401053,-0.0105740325525403,-0.0145569005981087,-0.0033748347777873,0.0214782711118459,0.0061275670304894,0.0114336246624589,-0.000160303490702,-0.0104439035058021,-0.0123426569625735,0.0168141722679138,0.0038951206952333,0.0078487088903784,0.0025866923388093,0.0148443095386028,0.0133032454177737,0.0192822590470314,0.0049331854097545,0.0039829593151807,0.0046713883057236,-0.013793752528727,0.0027582824695855,-0.0014594183303415,0.0022791647352278,-0.023514736443758,-0.0018397826934233,0.0001665218733251,0.0024251622645732,0.0117894861450769,-0.0117912999600978,0.0144376816597955,-0.0105368968236844,0.0144376809612378,0.009198850225661,0.0213362973003383,0.0833303807432481,0.1117794194578678,0.0761576315020691,0.0806526677079351,2019-02-21,2019-02-22,2019-02-25,2019-02-26,2019-02-27,2019-02-28,2019-03-01,2019-03-04,2019-03-05,2019-03-06,86339.0,2019-02-20,252.0,-0.4744%,0.0004,0.3377,-0.2638,-0.1784,1.1309%,1.2061%,12.0775%,-0.004016,CCI,86339.0,2019-02-21,252.0,-0.1840%,0.0004,0.3364,-0.2669,-0.1808,1.1306%,1.2057%,12.0718%,-0.001285,CCI,86339.0,2019-02-22,252.0,0.4273%,0.0005,0.3357,-0.2492,-0.1733,1.1276%,1.2011%,11.8689%,0.000796,CCI,86339.0,2019-02-25,252.0,-1.4182%,0.0004,0.3374,-0.2395,-0.1617,1.1284%,1.2010%,11.7165%,-0.015746,CCI,86339.0,2019-02-26,252.0,0.0000%,0.0003,0.3309,-0.2304,-0.1619,1.1262%,1.1958%,11.3044%,-0.0016259999999999,CCI,86339.0,2019-02-27,252.0,0.1269%,0.0003,0.3289,-0.2266,-0.1623,1.1258%,1.1943%,11.1398%,0.001115,CCI,86339.0,2019-02-28,252.0,0.3634%,0.0004,0.3242,-0.2297,-0.1666,1.1251%,1.1924%,10.9669%,0.004193,CCI,86339.0,2019-03-01,252.0,0.4042%,0.0004,0.3239,-0.2302,-0.1677,1.1251%,1.1924%,10.9700%,0.001617,CCI,86339.0,2019-03-04,252.0,0.2348%,0.0005,0.3091,-0.184,-0.1632,1.1083%,1.1696%,10.2120%,0.003676,CCI,86339.0,2019-03-05,252.0,0.0586%,0.0006,0.3127,-0.1562,-0.1605,1.1038%,1.1658%,10.3556%,5.9e-05,CCI,86339.0,2019-03-06,252.0,0.9199%,0.0005,0.2949,-0.1633,-0.1815,1.0928%,1.1520%,10.0081%,0.009831,CCI,-0.005301,-0.004505,-0.0202509999999999,-0.0207619999999999,-0.0013859999999999
7323,CADENCE DESIGN SYSTEMS INC,Cadence Design Systems shares are trading higher after the company reported better than expected Q4 results and announced strong Q1 EPS and revenue guidance.,6,increase,0.85,0.7,"the better than expected q4 results and strong q1 guidance typically lead to positive investor sentiment, likely driving the stock price higher.",2,2019-02-20,CDNS,2019-02-20 13:35:00+00:00,11403.0,12738710,0.0461626201868057,4323413.0,0.0059924065135419,0.0011410717852413,0.0211190991103649,0.0178087875247001,0.0123740630224347,0.0058411066420376,0.0015715060289949,-0.0147707741707563,0.0015690403524786,0.0253737401217222,-0.0034813012462109,-0.0013749694917351,0.0155458413064479,0.0065242783166468,0.0068799713626503,0.0019810278899967,0.0056371372193098,0.007987174205482,-0.0061151795089244,0.0078487265855073,0.0044437213800847,0.0207477062940597,0.0066360281780362,0.0135332401841878,0.0135226380079984,0.0115838088095188,0.0110073359683156,0.0254859682172536,0.0006598633481189,-0.0034438194707036,0.0082426639273762,-0.0027903213631361,-0.0027795645873993,0.0141489235684275,0.0011477241059765,0.0101143158972263,0.0029479251243174,-0.006553063634783,0.0034291162155568,-0.0180180221796035,0.0265256483107805,0.0192391164600849,-0.0209258627146482,0.0081552295014262,0.0056671355850994,0.0022089346311986,0.0030590665992349,0.0200540646910667,-0.0075440998189151,-0.0015747962752357,0.0132621647790074,0.0029332370031625,0.0137270037084817,0.0107183866202831,0.0203118361532688,0.0041218297556042,-0.0029321364127099,0.0057577155530452,0.0086673507466912,0.0036985634360462,-0.0230167265981435,0.0416566245257854,0.0083241527900099,-0.0393245629966259,-0.0034267511218786,-0.0057497699744999,0.0051578306593,0.0032302581239491,0.0024880061391741,-0.0016125246183946,0.0015510853845626,0.0192533377557992,0.0063497545197606,0.0565616153180599,0.0012310587335377,-0.0093388371169567,-0.0055333632044494,-0.0209336560219526,-0.0112827783450484,-0.0125920353457331,-0.0093794325366616,-0.0227536465972662,0.0132554862648248,0.0179626159369945,0.0387789718806743,-0.0210550632327795,0.0142429480329155,-0.0201768167316913,-0.0023651686497032,-0.0063076997175812,0.0108164669945836,0.0127765806391835,-0.0005863517289981,0.0103734610602259,0.0176004245877265,0.0166393928229808,-0.0121071832254529,-0.0302273146808147,0.0132768601179122,-0.0163201335817575,0.011807051487267,-0.0322371609508991,-0.0038422748912125,0.0261989403516054,-0.0200000219047069,0.0208522658795118,0.0049563259817659,-0.014518684707582,-0.0034813676029443,0.0392293073236942,0.009607040323317,-0.0105649763718247,-0.0354671142995357,0.0218258686363697,0.0177876651287078,-0.0104505512863397,0.0095462119206786,0.0089034922420978,0.0161478128284215,-0.0021042821463197,0.0059924065135419,0.0011410717852413,0.027238059850976,0.0189701804149153,0.0399491683426156,0.0249220939037753,0.0432177412014604,0.0354051776364032,0.0624659271091949,0.0593680987959632,0.1834029143150577,0.216828511032215,0.2683856657306018,0.2307691947829926,2019-02-21,2019-02-22,2019-02-25,2019-02-26,2019-02-27,2019-02-28,2019-03-01,2019-03-04,2019-03-05,2019-03-06,11403.0,2019-02-20,252.0,4.6163%,0.001,0.9309,0.097,-0.7039,1.4730%,1.9208%,41.1943%,0.048291,CDNS,11403.0,2019-02-21,252.0,0.5992%,0.001,0.9399,0.1168,-0.6875,1.4620%,1.9149%,41.7082%,0.0077859999999999,CDNS,11403.0,2019-02-22,252.0,2.1119%,0.001,0.9385,0.1433,-0.6807,1.4572%,1.9128%,41.9674%,0.00416,CDNS,11403.0,2019-02-25,252.0,1.2374%,0.0011,0.9366,0.137,-0.691,1.4548%,1.9121%,42.1134%,0.010014,CDNS,11403.0,2019-02-26,252.0,0.1572%,0.0011,0.9316,0.1413,-0.6926,1.4539%,1.9068%,41.8630%,0.001567,CDNS,11403.0,2019-02-27,252.0,0.1569%,0.0011,0.935,0.1349,-0.692,1.4531%,1.9068%,41.9212%,-0.0004689999999999,CDNS,11403.0,2019-02-28,252.0,-0.3481%,0.0011,0.9348,0.1347,-0.6913,1.4533%,1.9049%,41.7990%,-0.00244,CDNS,11403.0,2019-03-01,252.0,1.5546%,0.0012,0.9308,0.1287,-0.6996,1.4526%,1.9038%,41.7786%,0.0055689999999999,CDNS,11403.0,2019-03-04,252.0,0.6880%,0.0012,0.9266,0.1305,-0.6957,1.4547%,1.9014%,41.4652%,0.014873,CDNS,11403.0,2019-03-05,252.0,0.5637%,0.0012,0.9224,0.101,-0.7003,1.4519%,1.8945%,41.2709%,0.005857,CDNS,11403.0,2019-03-06,252.0,-0.6115%,0.0012,0.9236,0.0955,-0.6997,1.4517%,1.8950%,41.3144%,0.003096,CDNS,0.056077,0.060237,0.070251,0.071349,0.098304
7331,C E C O ENVIRONMENTAL CORP,Career Education Sees Q1 Adj. EPS $0.30-$0.32 vs $0.30 Estimate; FY19 Adj. EPS $1.11-$1.15 vs $1.11 Est.,6,uncertain,0.5,0.5,"the news provides mixed signals with adjusted eps meeting estimates, but without clear positive or negative catalysts, the stock price reaction is uncertain.",1,2019-02-20,CECO,2019-02-20 21:29:00+00:00,11499.0,12514110,-0.0121457055211067,81233.0,0.0,0.0040650041773915,0.0232239887118339,0.0409026741981506,0.0106809614226222,-0.0097764935344457,0.0052840108983218,-0.0069348393008112,0.0,0.0314735732972621,0.0013140278169885,0.0014326291857287,0.028871426358819,-0.0028571400325745,-0.0178571864962577,-0.0154711855575442,0.002597400220111,-0.0042016431689262,-0.0297927502542734,0.0214592423290014,-0.0293724704533815,0.007204569876194,-0.0041265762411057,0.0087209213525056,0.03314920514822,0.0014556373935192,0.0454545654356479,0.047256089746952,-0.0089514283463358,-0.0120481811463832,-0.0051612854003906,-0.0292398072779178,-0.0220492966473102,-0.0101302023977041,0.0251989476382732,0.0029027548152953,-0.0219922475516796,-0.0171184539794921,-0.0343915000557899,-0.0070821125991642,0.0287671275436878,0.0042673870921134,-0.0292943082749843,-0.0098591120913624,0.0096022179350256,-0.0273972991853952,0.0149456048384308,0.0013717735419049,-0.0187416151165962,-0.00136989436578,-0.0190995726734399,0.0041265762411057,0.0013907861430197,0.0,0.0083333915099501,0.0239436738193035,0.0399448983371257,0.0099572818726301,0.005298008210957,0.0203193537890911,0.0,0.0162241384387016,0.0013174903579056,-0.0102189341560006,0.018421035259962,0.0148148005828261,-0.018087837845087,0.0227272883057594,0.015789458528161,-0.0045249182730913,-0.0090673184022307,-0.0192307848483324,-0.0078431293368339,0.0196078605949878,0.0079051302745938,-0.026431692764163,0.0156862586736679,-0.0381355918943882,0.0064350310713052,-0.0261348076164722,0.0063938251696527,-0.0396301448345184,-0.0050825872458517,0.0039788074791431,0.0051085520535707,0.0216801948845386,-0.0114357909187674,-0.0199203304946422,-0.0167095251381397,-0.0208062212914228,0.0117646632716059,0.0226063933223485,0.0090439496561884,-0.0371318757534027,-0.0064020119607448,-0.0261846017092466,-0.0025773784145712,-0.0049627739936113,-0.0167958196252584,0.0087610324844717,0.0315374210476875,-0.055555585771799,-0.0076433047652244,0.0180504955351352,-0.0089859012514352,0.0335821472108364,0.0362694598734378,0.017721502110362,0.1687500476837158,0.0115237068384885,0.0074865981005132,-0.0063613471575081,0.022292997688055,-0.0332103297114372,-0.0010384453926235,-0.0048959562554955,-0.003118475433439,0.0149068180471658,0.0031282308045774,-0.0230582021176815,0.0,0.0040650041773915,0.0232239887118339,0.045133947917024,0.0341530046619666,0.0349162026325835,0.0396174804091329,0.0600858509084696,0.0232239873677682,0.0600858520215028,0.0368852433322701,0.0754716987289068,0.3142076092071206,-0.1007281429619492,2019-02-21,2019-02-22,2019-02-25,2019-02-26,2019-02-27,2019-02-28,2019-03-01,2019-03-04,2019-03-05,2019-03-06,11499.0,2019-02-20,252.0,-1.2146%,0.0023,1.0678,1.3768,0.6294,2.9794%,3.2237%,14.5822%,-0.020909,CECE,11499.0,2019-02-21,252.0,0.0000%,0.0023,1.0635,1.3689,0.6215,2.9790%,3.2206%,14.4455%,0.006262,CECE,11499.0,2019-02-22,252.0,2.3224%,0.0024,1.0608,1.3861,0.6041,2.9798%,3.2232%,14.5334%,0.017818,CECE,11499.0,2019-02-25,252.0,1.0681%,0.0025,1.0593,1.3791,0.5949,2.9796%,3.2224%,14.4995%,0.013681,CECE,11499.0,2019-02-26,252.0,0.5284%,0.0026,1.0569,1.3603,0.5836,2.9812%,3.2220%,14.3898%,0.017668,CECE,11499.0,2019-02-27,252.0,0.0000%,0.0026,1.061,1.3514,0.5843,2.9808%,3.2219%,14.4069%,-0.0029349999999999,CECE,11499.0,2019-02-28,252.0,0.1314%,0.0026,1.0575,1.3492,0.581,2.9806%,3.2192%,14.2701%,0.005694,CECE,11499.0,2019-03-01,252.0,2.8871%,0.0028,1.0442,1.3294,0.5526,2.9773%,3.2096%,13.9499%,0.019579,CECE,11499.0,2019-03-04,252.0,-1.7857%,0.0028,1.0405,1.3525,0.551,2.9775%,3.2116%,14.0502%,-0.009355,CECE,11499.0,2019-03-05,252.0,0.2597%,0.0028,1.0391,1.3458,0.5474,2.9778%,3.2088%,13.8773%,0.009792,CECE,11499.0,2019-03-06,252.0,-2.9793%,0.0029,1.0589,1.3462,0.5699,2.9715%,3.2117%,14.4007%,-0.004416,CECE,-0.014647,0.003171,0.016852,0.0315849999999999,0.0528789999999999
7339,C E C O ENVIRONMENTAL CORP,"Career Education Q4 EPS $0.30 Beats $0.25 Estimate, Sales $145.5M Beat $144.63M Estimate",6,uncertain,0.6,0.3,"the news pertains to career education's earnings, which may not directly impact c e c o environmental corp's stock price, leading to uncertainty in the market reaction.",1,2019-02-20,CECO,2019-02-20 21:28:00+00:00,11499.0,12514110,-0.0121457055211067,81233.0,0.0,0.0040650041773915,0.0232239887118339,0.0409026741981506,0.0106809614226222,-0.0097764935344457,0.0052840108983218,-0.0069348393008112,0.0,0.0314735732972621,0.0013140278169885,0.0014326291857287,0.028871426358819,-0.0028571400325745,-0.0178571864962577,-0.0154711855575442,0.002597400220111,-0.0042016431689262,-0.0297927502542734,0.0214592423290014,-0.0293724704533815,0.007204569876194,-0.0041265762411057,0.0087209213525056,0.03314920514822,0.0014556373935192,0.0454545654356479,0.047256089746952,-0.0089514283463358,-0.0120481811463832,-0.0051612854003906,-0.0292398072779178,-0.0220492966473102,-0.0101302023977041,0.0251989476382732,0.0029027548152953,-0.0219922475516796,-0.0171184539794921,-0.0343915000557899,-0.0070821125991642,0.0287671275436878,0.0042673870921134,-0.0292943082749843,-0.0098591120913624,0.0096022179350256,-0.0273972991853952,0.0149456048384308,0.0013717735419049,-0.0187416151165962,-0.00136989436578,-0.0190995726734399,0.0041265762411057,0.0013907861430197,0.0,0.0083333915099501,0.0239436738193035,0.0399448983371257,0.0099572818726301,0.005298008210957,0.0203193537890911,0.0,0.0162241384387016,0.0013174903579056,-0.0102189341560006,0.018421035259962,0.0148148005828261,-0.018087837845087,0.0227272883057594,0.015789458528161,-0.0045249182730913,-0.0090673184022307,-0.0192307848483324,-0.0078431293368339,0.0196078605949878,0.0079051302745938,-0.026431692764163,0.0156862586736679,-0.0381355918943882,0.0064350310713052,-0.0261348076164722,0.0063938251696527,-0.0396301448345184,-0.0050825872458517,0.0039788074791431,0.0051085520535707,0.0216801948845386,-0.0114357909187674,-0.0199203304946422,-0.0167095251381397,-0.0208062212914228,0.0117646632716059,0.0226063933223485,0.0090439496561884,-0.0371318757534027,-0.0064020119607448,-0.0261846017092466,-0.0025773784145712,-0.0049627739936113,-0.0167958196252584,0.0087610324844717,0.0315374210476875,-0.055555585771799,-0.0076433047652244,0.0180504955351352,-0.0089859012514352,0.0335821472108364,0.0362694598734378,0.017721502110362,0.1687500476837158,0.0115237068384885,0.0074865981005132,-0.0063613471575081,0.022292997688055,-0.0332103297114372,-0.0010384453926235,-0.0048959562554955,-0.003118475433439,0.0149068180471658,0.0031282308045774,-0.0230582021176815,0.0,0.0040650041773915,0.0232239887118339,0.045133947917024,0.0341530046619666,0.0349162026325835,0.0396174804091329,0.0600858509084696,0.0232239873677682,0.0600858520215028,0.0368852433322701,0.0754716987289068,0.3142076092071206,-0.1007281429619492,2019-02-21,2019-02-22,2019-02-25,2019-02-26,2019-02-27,2019-02-28,2019-03-01,2019-03-04,2019-03-05,2019-03-06,11499.0,2019-02-20,252.0,-1.2146%,0.0023,1.0678,1.3768,0.6294,2.9794%,3.2237%,14.5822%,-0.020909,CECE,11499.0,2019-02-21,252.0,0.0000%,0.0023,1.0635,1.3689,0.6215,2.9790%,3.2206%,14.4455%,0.006262,CECE,11499.0,2019-02-22,252.0,2.3224%,0.0024,1.0608,1.3861,0.6041,2.9798%,3.2232%,14.5334%,0.017818,CECE,11499.0,2019-02-25,252.0,1.0681%,0.0025,1.0593,1.3791,0.5949,2.9796%,3.2224%,14.4995%,0.013681,CECE,11499.0,2019-02-26,252.0,0.5284%,0.0026,1.0569,1.3603,0.5836,2.9812%,3.2220%,14.3898%,0.017668,CECE,11499.0,2019-02-27,252.0,0.0000%,0.0026,1.061,1.3514,0.5843,2.9808%,3.2219%,14.4069%,-0.0029349999999999,CECE,11499.0,2019-02-28,252.0,0.1314%,0.0026,1.0575,1.3492,0.581,2.9806%,3.2192%,14.2701%,0.005694,CECE,11499.0,2019-03-01,252.0,2.8871%,0.0028,1.0442,1.3294,0.5526,2.9773%,3.2096%,13.9499%,0.019579,CECE,11499.0,2019-03-04,252.0,-1.7857%,0.0028,1.0405,1.3525,0.551,2.9775%,3.2116%,14.0502%,-0.009355,CECE,11499.0,2019-03-05,252.0,0.2597%,0.0028,1.0391,1.3458,0.5474,2.9778%,3.2088%,13.8773%,0.009792,CECE,11499.0,2019-03-06,252.0,-2.9793%,0.0029,1.0589,1.3462,0.5699,2.9715%,3.2117%,14.4007%,-0.004416,CECE,-0.014647,0.003171,0.016852,0.0315849999999999,0.0528789999999999
7347,CHEMED CORP NEW,"Chemed Q4 Adj. EPS $3.35 Beats $3.26 Estimate, Sales $457.507M Miss $460.5M Estimate",6,uncertain,0.6,0.2,"while chemed's adjusted eps beat estimates, the sales miss could lead to mixed investor reactions, making the overall impact on stock price uncertain.",1,2019-02-20,CHE,2019-02-20 22:15:00+00:00,64194.0,16359R10,0.0049853194504976,133094.0,0.0078991437330842,0.0099416524171829,0.0181510671973228,-0.0001281922304769,-0.00347929331474,0.0155328698456287,0.0086513776332139,0.0024155059363693,0.0001224629377247,0.0101892640814185,0.0092193018645048,0.00271130586043,0.0013050223933532,0.0009266573470085,0.0064618051983416,-0.0166943427175283,-0.0066915876232087,0.0001952854800038,-0.0127450749278068,0.0056299339048564,-0.0050101582892239,0.0194541420787572,-0.0023168886546045,0.0058400691486895,0.0018578341696411,0.0042470330372452,0.0146186519414186,0.0149498656392097,-0.0063359136693179,0.0097063817083835,0.0094111384823918,-0.006145108025521,-0.0088070761412382,0.0025469653774052,0.0073227039538323,0.0017583065200597,-0.0051099332049489,0.0197237133979797,-0.0084685841575264,0.0014787609688937,0.0102675948292017,-0.0028438926674425,-0.0202654786407947,-0.0085284989327192,0.0032708880025893,0.0104111405089497,-0.0017387989209964,0.0266493521630764,-0.0063141486607491,-0.0038848137483,-0.0015650921268388,-0.0032625971361994,0.0034486192744225,-0.0074020875617861,0.012590991333127,0.0048274849541485,-0.0043196356855332,0.0185387395322322,0.0070963059552013,-0.0018177852034568,-0.0037846718914806,0.0348771177232265,0.0055596358142793,-0.0393942445516586,-0.0060818619094789,-0.0232631899416446,0.0004636393568944,0.0148676019161939,0.0011119925184175,-0.0079257199540734,-0.0009565168875269,0.0079168602824211,0.0020693477708846,0.0472313798964023,0.0092155653983354,-0.0061889630742371,-0.0105667952448129,0.0028415829874575,-0.0221001394093036,-0.0097008114680647,-6.318897067103535e-05,-0.0281396452337503,0.0058396658860147,-0.0071454090066254,0.0225012190639972,-0.0277199205011129,0.0050027770921587,-0.0337976403534412,-0.0040006032213568,-0.0276418011635541,0.0083705782890319,0.0165881495922803,0.0052908146753907,6.642180233029649e-05,-0.0115846060216426,-0.0051164161413908,-0.0159740541130304,-0.0099348938092589,0.0159223638474941,0.0094681810587644,0.0135301016271114,-0.0406684353947639,0.0062820492312312,-0.0025569719728082,-0.0030613753478974,0.014832628890872,-0.0062921373173594,0.0075204521417617,0.0075134984217584,0.0385492071509361,0.006254750303924,-0.0176824890077114,-0.0081881191581487,0.0113897947594523,-0.0077134831808507,0.0026044235564768,0.0102025810629129,0.0004676269600167,0.00802543759346,-0.0352573469281196,0.0078991437330842,0.0099416524171829,0.0261935888191076,0.009812185744108,0.0226231603259001,0.025497466993801,0.0315965763404999,0.0384488664964257,0.0288985506368883,0.0308009671692444,0.0277916434757563,0.1449138946799537,0.0605870984395751,0.0149215453786655,2019-02-21,2019-02-22,2019-02-25,2019-02-26,2019-02-27,2019-02-28,2019-03-01,2019-03-04,2019-03-05,2019-03-06,64194.0,2019-02-20,252.0,0.4985%,0.0007,0.8893,0.5555,-0.0116,1.1130%,1.4987%,44.8468%,0.002071,CHE,64194.0,2019-02-21,252.0,0.7899%,0.0007,0.8919,0.5629,-0.0071,1.1117%,1.4989%,44.9916%,0.011452,CHE,64194.0,2019-02-22,252.0,1.8151%,0.0007,0.8906,0.5657,-0.0195,1.1129%,1.5028%,45.1563%,0.009054,CHE,64194.0,2019-02-25,252.0,-0.3479%,0.0007,0.8902,0.5673,-0.0202,1.1130%,1.5029%,45.1579%,-0.0034799999999999,CHE,64194.0,2019-02-26,252.0,0.8651%,0.0007,0.8819,0.5576,-0.0313,1.1142%,1.4979%,44.6635%,0.01354,CHE,64194.0,2019-02-27,252.0,0.0122%,0.0008,0.8856,0.5502,-0.0307,1.1131%,1.4978%,44.7775%,-0.0018679999999999,CHE,64194.0,2019-02-28,252.0,0.9219%,0.0007,0.8958,0.5576,-0.0259,1.1055%,1.4972%,45.4734%,0.011678,CHE,64194.0,2019-03-01,252.0,0.1305%,0.0007,0.8907,0.55,-0.0302,1.1060%,1.4928%,45.1066%,-0.006955,CHE,64194.0,2019-03-04,252.0,0.6462%,0.0008,0.8904,0.5395,-0.0276,1.1087%,1.4931%,44.8592%,0.013321,CHE,64194.0,2019-03-05,252.0,-0.6692%,0.0007,0.8899,0.5329,-0.0263,1.1085%,1.4896%,44.6227%,-0.003662,CHE,64194.0,2019-03-06,252.0,-1.2745%,0.0007,0.8892,0.532,-0.0273,1.1085%,1.4913%,44.7455%,0.001365,CHE,0.013523,0.022577,0.019097,0.0307689999999999,0.0465159999999999
7355,CHARTER COMMUNICATIONS INC NEW,Charter Communications Will Launch Spectrum TV Essentials To Be Made Available Exclusively In Charter's Footprint To Spectrum Internet Customers Who Don't Already Subscribe To Spectrum Video Services; Will Launch End Of March,6,increase,0.7,0.6,"the launch of spectrum tv essentials could attract new customers and increase revenue from existing spectrum internet customers, positively impacting charter communications' stock price.",2,2019-02-20,CHTR,2019-02-20 18:04:00+00:00,12308.0,16119P10,0.0038171715568751,2112242.0,-0.0006290062447078,-0.0018048613565042,0.00154482468497,0.0218383818864822,-0.0033706373069435,0.0091879107058048,-0.0073946304619312,-0.0056110564619302,-0.0037249033339321,0.0076371631585061,-0.0003477816935628,-0.0184216536581516,0.0048417933285236,-0.0010159533703699,-0.0013849053066223,0.0029111232142895,-0.0067899627611041,0.0082477182149887,-0.0092800073325634,0.0109792649745941,-0.0015562566695734,-0.0115853119641542,-0.0073228543624281,0.0299049224704504,0.0104875806719064,0.1419060528278351,0.0041926330886781,0.0004486330435611,0.0164082646369934,-0.0037130806595087,0.013155966065824,-0.0018874380039051,0.0091010238975286,0.0133180934935808,0.0040177362971007,0.0107193896546959,0.0086749857291579,-0.0015440307324752,0.0055208494886755,-0.0220658648759126,0.0105672292411327,-0.010223870165646,-0.0149889159947633,0.0020421568769961,-0.0109207890927791,-0.0006462667952291,-0.0022699180990457,0.0083687836304306,-0.0014605202013626,-0.0101175084710121,-0.0074259922839701,0.0063894321210682,-0.0168900489807128,-0.0166980270296335,-0.0019889955874532,-0.0102090947329998,0.0011842286912724,-0.0025210129097104,-0.003635027911514,-0.0041949828155338,0.0010134235490113,0.0530086606740951,0.016545183956623,-0.0017014141194522,0.0076827118173241,0.0105975680053234,0.0011859233491122,-0.0003858052368741,-0.0005922592827118,0.0012291489401832,0.0025398444849997,-0.0033951739314943,0.0022519009653478,0.0445306524634361,0.0036231107078492,-0.0366639792919158,0.001986879389733,-0.0224479921162128,0.0101662194356322,-0.0240255165845155,-0.006414352916181,-0.027228407561779,-0.0036731150466948,-0.0108316289260983,0.0016199332894757,-0.0004525067633949,0.0052142739295959,-0.0066135786473751,0.0173647981137037,-0.0167308151721954,0.0092430580407381,0.0135662322863936,0.0022153379395604,-0.0098213339224457,0.0005930431652814,-0.0001900461065815,-0.0004040892818011,-0.0339065641164779,-0.0016979433130472,0.0153492493554949,0.0196268707513809,-0.0148760806769132,-0.0037068256642669,-0.0075941672548651,-0.0040927198715507,-0.0034207440912723,-0.0064577651210129,0.0050200619734823,0.0053985258564352,0.0347562581300735,0.0095104007050395,0.0140791228041052,-0.0238164532929658,0.0122807044535875,0.0115481009706854,0.0127315046265721,0.0108267683535814,0.0017376438481733,0.0132559183984994,-0.0574474520981311,-0.0006290062447078,-0.0018048613565042,0.0009148467358883,0.0199941052784224,-0.0024588741875932,0.0293657200381678,-0.0135235898930952,0.0314072138669767,-0.0263037853846603,0.0339168922291592,-0.0125515040151342,0.1509215970551667,0.0927207006632828,0.0767304941262383,2019-02-21,2019-02-22,2019-02-25,2019-02-26,2019-02-27,2019-02-28,2019-03-01,2019-03-04,2019-03-05,2019-03-06,12308.0,2019-02-20,252.0,0.3817%,-0.0001,1.0387,0.045,0.2406,1.8961%,2.1667%,23.4129%,0.000305,CHTR,12308.0,2019-02-21,252.0,-0.0629%,-0.0,1.0336,0.0354,0.2312,1.8948%,2.1634%,23.2854%,0.003699,CHTR,12308.0,2019-02-22,252.0,0.1545%,-0.0001,1.0344,0.0218,0.2284,1.8939%,2.1631%,23.3411%,-0.002069,CHTR,12308.0,2019-02-25,252.0,-0.3371%,-0.0,1.0332,0.0227,0.2243,1.8928%,2.1619%,23.3420%,-0.004555,CHTR,12308.0,2019-02-26,252.0,-0.7395%,-0.0001,1.0295,0.0331,0.2268,1.8924%,2.1574%,23.0573%,-0.0049559999999999,CHTR,12308.0,2019-02-27,252.0,-0.3725%,0.0,1.043,0.0079,0.229,1.8827%,2.1541%,23.6101%,-0.004542,CHTR,12308.0,2019-02-28,252.0,-0.0348%,0.0001,1.039,0.0053,0.2253,1.8824%,2.1507%,23.3934%,0.003356,CHTR,12308.0,2019-03-01,252.0,0.4842%,0.0001,1.0298,-0.0083,0.2121,1.8803%,2.1444%,23.1137%,-0.001843,CHTR,12308.0,2019-03-04,252.0,-0.1385%,0.0001,1.0318,-0.0174,0.2121,1.8801%,2.1438%,23.0904%,0.00302,CHTR,12308.0,2019-03-05,252.0,-0.6790%,0.0002,1.0384,0.0311,0.2187,1.8731%,2.1406%,23.4312%,-0.004671,CHTR,12308.0,2019-03-06,252.0,-0.9280%,0.0001,1.0225,0.046,0.2027,1.8634%,2.1255%,23.1393%,-0.000342,CHTR,0.004004,0.0019349999999999,-0.00262,-0.012118,-0.012598
7363,CLEARSIGN TECHNOLOGIES CORP,ClearSign Combustion Sees FY18 EPS $(0.42) vs $(0.63) YoY,6,increase,0.7,0.5,"the improvement in eps from $(0.63) to $(0.42) indicates a positive trend in the company's financial performance, which could lead to increased investor confidence and a potential rise in stock price.",2,2019-02-20,CLIR,2019-02-20 22:21:00+00:00,13369.0,18506410,-0.0254237055778503,92547.0,0.0608696117997169,-0.0560000427067279,-0.0491803772747516,0.0416666269302368,0.0258621480315923,-0.0163934268057346,-0.0336135104298591,0.1509434878826141,-0.0869565457105636,-0.0782608985900878,0.009523800574243,0.0087719215080142,0.0188680198043584,-0.0806451812386512,-0.0092592500150203,0.0247933641076088,-0.056074820458889,-0.0396825037896633,-0.0594059452414512,0.0327868536114692,-0.0105263059958815,0.0,0.0,-0.0393700413405895,-0.0425532162189483,0.0495867282152175,0.0168889109045267,0.0431035123765468,0.0763767212629318,0.0642201229929924,-0.0660846158862114,-0.0521738640964031,0.0061956434510648,-0.0086206812411546,0.0046451315283775,0.0,0.0106451334431767,-0.0252101588994264,0.0001064119569491,-0.0083333253860473,-0.0212765745818615,0.01694923825562,0.0214130338281393,-0.0560000427067279,0.0003192403819411,0.0683761090040206,-0.0107446881011128,-0.0487805381417274,-0.0029035070911049,-0.0159999839961528,-0.0596419274806976,0.0416666269302368,0.0322284139692783,0.0,-0.0508888587355613,0.034482829272747,0.0653243064880371,-0.0866141840815544,-0.0112088164314627,0.0672268196940422,0.012447222135961,0.1226416230201721,0.042810071259737,0.059999942779541,0.0,-0.01960782520473,-0.0711579099297523,-0.0467290356755256,0.0003400382993277,0.2119153439998627,-0.0030588316731154,-0.1748598515987396,-0.0227272510528564,-0.0695651546120643,0.0116278957575559,0.1386138498783112,-0.0114942416548728,-0.0471697673201561,-0.0116278957575559,-0.0701754763722419,0.0177647080272436,0.0088495491072535,0.0172234065830707,-0.017391288653016,0.0,-0.0086206812411546,-0.0892045125365257,0.0357142500579357,0.0355582796037197,-0.0508474111557006,-0.0240963622927665,0.0172413624823093,0.0247530732303857,-0.0720000267028808,0.0119872083887457,-0.1071428433060646,0.0354761891067028,0.05263152718544,-0.0972637087106704,-0.0952380821108818,0.018848717212677,0.0137930894270539,-0.0412499904632568,-0.0705127567052841,-0.0091265048831701,-0.0769231393933296,0.0131578827276825,0.0059524462558329,0.0389610789716243,-0.0289017744362354,0.0874999910593032,0.0484848767518997,0.2298851162195206,-0.017857126891613,0.0,-0.0400000289082527,-0.1494393050670624,0.0606060773134231,0.098780371248722,-0.0571428723633289,0.0608696117997169,-0.0560000427067279,0.0086956440520875,-0.0166667486640297,0.0347826801173849,-0.0327869503454509,-0.0869565441523441,0.026086936862065,-0.1739130375547002,-0.0327869491690927,-0.2175651960432894,-0.0084034460807076,-0.130434750507061,-0.3257143043789156,2019-02-21,2019-02-22,2019-02-25,2019-02-26,2019-02-27,2019-02-28,2019-03-01,2019-03-04,2019-03-05,2019-03-06,13369.0,2019-02-20,252.0,-2.5424%,-0.0026,0.1072,0.709,0.1472,4.4642%,4.4794%,0.6778%,-0.028173,CLIR,13369.0,2019-02-21,252.0,6.0870%,-0.0022,0.0845,0.677,0.105,4.4805%,4.4942%,0.6113%,0.062001,CLIR,13369.0,2019-02-22,252.0,-4.9180%,-0.0022,0.0895,0.7213,0.2064,4.4837%,4.4984%,0.6534%,-0.052009,CLIR,13369.0,2019-02-25,252.0,2.5862%,-0.0018,0.0805,0.6976,0.1606,4.4619%,4.4759%,0.6237%,0.027875,CLIR,13369.0,2019-02-26,252.0,-3.3614%,-0.0021,0.0518,0.7625,0.172,4.4504%,4.4668%,0.7337%,-0.02859,CLIR,13369.0,2019-02-27,252.0,-8.6957%,-0.0025,0.0519,0.7371,0.1718,4.4833%,4.4985%,0.6734%,-0.088346,CLIR,13369.0,2019-02-28,252.0,0.9524%,-0.0022,0.0242,0.7185,0.1488,4.4742%,4.4886%,0.6395%,0.009867,CLIR,13369.0,2019-03-01,252.0,1.8868%,-0.0021,0.0122,0.7007,0.1213,4.4727%,4.4865%,0.6117%,0.017115,CLIR,13369.0,2019-03-04,252.0,-0.9259%,-0.0021,0.0106,0.7106,0.1207,4.4727%,4.4867%,0.6215%,-0.006956,CLIR,13369.0,2019-03-05,252.0,-5.6075%,-0.0024,0.0128,0.6947,0.1414,4.4810%,4.4940%,0.5763%,-0.053654,CLIR,13369.0,2019-03-06,252.0,-5.9406%,-0.0025,0.036,0.7912,0.1807,4.4909%,4.5081%,0.7606%,-0.050692,CLIR,0.033828,-0.018181,0.0096939999999999,-0.107242,-0.191562
7371,COMTECH TELECOMMUNICATIONS CORP,Comtech Telecom Wins $1.1M Incremental Funding For US Army Sustainment Support Of Blue Force Tracking Program,6,increase,0.75,0.6,"the incremental funding for a government contract typically signals positive business prospects, which can lead to an increase in stock price.",2,2019-02-20,CMTL,2019-02-20 14:00:00+00:00,26201.0,20582620,-0.0037133449222892,121928.0,0.0119269359856843,-0.0099264867603778,-0.0040515176951885,0.0092764375731349,-0.0022189856972545,0.0185185819864273,-0.0114899734035134,0.0026525084394961,-0.0033745837863534,0.0248543452471494,-0.0030097789131104,0.0157790780067443,0.013584928587079,0.0079523166641592,-0.0059568071737885,-0.0259488802403211,-0.0116105377674102,0.0011631941888481,-0.0049260766245424,0.0153543818742036,-0.0959634557366371,0.021721601486206,-0.0033698368351906,-0.0044052344746887,-0.0511411279439926,0.0,0.0080177458003163,0.0,0.0172338187694549,-0.000400329416152,-0.0321459509432315,-0.0230739209800958,0.014811486005783,0.0195374712347984,-0.0088456766679883,0.0040032179094851,-0.0191878769546747,-0.0142068117856979,0.0104640377685427,-0.0120857497677207,0.0,0.0194753482937812,-0.046825710684061,0.003189789596945,0.0165328476577997,0.0056134476326406,0.0013939952477812,0.0060265627689659,-0.0023201503790915,-0.0020048574078828,0.0553488619625568,-0.0055821128189563,0.0233582537621259,0.0023980601690709,0.016365248709917,0.0113177318125963,-0.0088983466848731,0.0131040001288056,-0.0119708757847547,0.0032867675181478,-0.000865445996169,0.0167084205895662,0.003897797781974,-0.0058139283210039,0.0159619897603988,-0.0106820138171315,-0.0131634594872593,0.0167084205895662,0.0124785248190164,-0.0008346640970557,0.0106247337535023,0.0046121049672365,0.0,0.0374075956642627,-0.0113540980964899,-0.0472440719604492,0.0119098387658596,-0.0390283316373825,0.002532691694796,-0.0156801100820303,-0.0042105424217879,-0.0169557034969329,-0.0160676185041666,0.0367558933794498,0.0167597495019435,-0.0234100073575973,-0.0008453279151581,-0.0115696545690298,-0.0329948738217353,-0.0065134125761687,0.0013122825184836,0.0279638040810823,0.0567934103310108,-0.0124465078115463,-0.0272839944809675,-0.0959916114807128,-0.0097748171538114,0.1196850761771202,0.0214592274278402,0.0155937382951378,0.0214285813271999,-0.0413951687514782,-0.0139860203489661,0.0215348172932863,-0.0237797126173973,0.0130901169031858,-0.0076923207379877,-0.0125343361869454,0.0008613461977802,0.0130952345207333,-0.0064543727785348,-0.0315142087638378,-0.0454741977155208,0.010878037661314,0.012250387109816,0.0098077682778239,-0.0062751858495175,0.0079082185402512,0.0171402413398027,-0.0351010374724865,0.0119269359856843,-0.0099264867603778,0.0078270960983004,-0.0007421316219962,0.0055907421867527,0.0177627071391444,-0.0093179282573746,0.0458252544033062,-0.0212448640444886,0.0602362484900482,-0.1386507358146452,0.1108454916119758,-0.1559751350652027,0.0315902403997603,2019-02-21,2019-02-22,2019-02-25,2019-02-26,2019-02-27,2019-02-28,2019-03-01,2019-03-04,2019-03-05,2019-03-06,26201.0,2019-02-20,252.0,-0.3713%,0.001,0.8304,0.7265,0.1481,2.4731%,2.6445%,12.5425%,-0.007839,CMTL,26201.0,2019-02-21,252.0,1.1927%,0.001,0.8297,0.7284,0.1467,2.4744%,2.6454%,12.5073%,0.015749,CMTL,26201.0,2019-02-22,252.0,-0.4052%,0.0007,0.8349,0.6379,0.1258,2.4414%,2.6116%,12.6113%,-0.011394,CMTL,26201.0,2019-02-25,252.0,-0.2219%,0.0008,0.8315,0.6357,0.112,2.4344%,2.6050%,12.6690%,-0.001686,CMTL,26201.0,2019-02-26,252.0,-1.1490%,0.0008,0.8446,0.6322,0.12,2.4316%,2.6055%,12.9035%,-0.005822,CMTL,26201.0,2019-02-27,252.0,-0.3375%,0.0008,0.8383,0.6416,0.1189,2.4303%,2.6026%,12.8026%,-0.005292,CMTL,26201.0,2019-02-28,252.0,-0.3010%,0.0008,0.8373,0.6409,0.1185,2.4303%,2.6012%,12.7124%,-0.000342,CMTL,26201.0,2019-03-01,252.0,1.3585%,0.0008,0.8296,0.6294,0.1041,2.4288%,2.5968%,12.5252%,0.006082,CMTL,26201.0,2019-03-04,252.0,-0.5957%,0.0007,0.8463,0.5744,0.0997,2.4183%,2.5896%,12.7920%,0.000379,CMTL,26201.0,2019-03-05,252.0,-1.1611%,0.0007,0.8466,0.5711,0.1032,2.4187%,2.5885%,12.6910%,-0.008242,CMTL,26201.0,2019-03-06,252.0,-0.4926%,0.0006,0.829,0.5656,0.0825,2.4135%,2.5803%,12.5066%,0.009251,CMTL,0.0079099999999999,-0.003484,-0.00517,-0.016284,-0.009156
7379,COMPASS DIVERSIFIED HOLDINGS,Compass Diversified shares are trading higher after the company announced the sale of subsidiary Manitoba Harvest to Tilray for $317 million.,6,increase,0.8,0.7,"the sale of a subsidiary for a significant amount can enhance investor confidence and improve the company's financial position, likely leading to an increase in stock price.",2,2019-02-20,CODI,2019-02-20 14:16:00+00:00,91271.0,20451Q10,0.0274234879761934,461295.0,0.0080694695934653,-0.0094756549224257,0.003694548504427,0.0012649907730519,-0.0116563579067587,0.0012666534166783,-0.0111732026562094,0.0141297541558742,0.002510983031243,0.0116958636790514,-0.0144020346924662,-0.0032382926438003,0.018424455076456,0.001946770469658,0.0024952592793852,-0.0019429879030212,-0.0056005073711276,0.0098103089258074,-0.0087609132751822,0.0125827537849545,-0.0088384058326482,-0.0013227185700088,0.0044586402364075,-0.0006609536358155,0.011414036154747,0.0216070003807544,-0.001253887428902,0.011612026952207,-0.0094162318855524,-0.0006825444288551,0.0095057394355535,0.0020519653335213,0.0232265498489141,0.0295774713158607,0.0,0.0106761297211051,-0.0030674380250275,0.0057265511713922,-0.0166154131293296,-0.0244413018226623,0.0150187592953443,-0.0027855127118527,-0.0234278161078691,0.0063068810850381,-0.0031565777026116,-0.0240159649401903,-0.007599739357829,0.0040187183767557,0.0051052919588983,0.0020134688820689,-0.0069841053336858,0.0053981058299541,0.003196882084012,-0.0013477397151291,0.0095602665096521,0.0,0.0107323275879025,0.0284130163490772,-0.0062461197376251,0.0464104674756526,-0.0037711795885115,0.049467246979475,0.0252365674823522,0.0233645010739564,0.0061538694426417,0.0313253290951252,-0.0110091930255293,-0.0181388407945632,0.0074212020263075,0.0087510431185364,0.0018415455706417,-0.0071090166456997,0.0061274743638932,0.0839040651917457,0.0109622599557042,-0.0573042780160903,0.0066264276392757,-0.024409407749772,-0.0083782160654664,-0.0571641027927398,-0.0074027720838785,-0.0014825429534539,0.0006215182365849,0.0150488950312137,0.0149068180471658,-0.022075068205595,0.0085678938776254,-0.0152173936367034,-0.004247554577887,-0.0156918875873088,0.0127971358597278,-0.0091872196644544,-0.0018050953513011,-0.0221147648990154,-0.0030138178262859,-0.0013802280882373,-0.0108827268704772,-0.0142857171595096,0.0036674488801509,-0.0186915714293718,0.0146163078024983,-0.0241042878478765,0.0228091888129711,0.0039241607300937,-0.0129108689725399,-0.0058517656289041,-0.015457802452147,0.0052287532016634,0.0181160122156143,0.0125744892284274,0.004151820205152,-0.0019815512932837,-0.0271707605570554,0.0013227815506979,0.006678847130388,-0.0065703270956873,0.0144752580672502,0.0173796936869621,0.0035671503283083,-0.0112359598278999,0.0080694695934653,-0.0094756549224257,0.0117938311447105,-0.0082226507654192,1.2103718027844934e-10,-0.0069664125974271,-0.0086902752272554,0.018843401739397,-0.0167598039839571,0.0384105905996867,-0.0124146961830416,0.1657412236269142,0.0710663091162457,0.0624964491886035,2019-02-21,2019-02-22,2019-02-25,2019-02-26,2019-02-27,2019-02-28,2019-03-01,2019-03-04,2019-03-05,2019-03-06,91271.0,2019-02-20,252.0,2.7423%,0.0003,0.7422,0.2088,0.3277,1.3670%,1.5510%,22.3190%,0.023881,CODI,91271.0,2019-02-21,252.0,0.8069%,0.0003,0.7416,0.2102,0.3266,1.3684%,1.5518%,22.2379%,0.011615,CODI,91271.0,2019-02-22,252.0,0.3695%,0.0003,0.7418,0.1977,0.3176,1.3671%,1.5510%,22.2982%,0.002419,CODI,91271.0,2019-02-25,252.0,-1.1656%,0.0003,0.7416,0.2035,0.3198,1.3692%,1.5527%,22.2382%,-0.0117829999999999,CODI,91271.0,2019-02-26,252.0,-1.1173%,0.0003,0.7533,0.2034,0.3284,1.3661%,1.5539%,22.7086%,-0.007729,CODI,91271.0,2019-02-27,252.0,0.2511%,0.0003,0.7553,0.2002,0.3288,1.3658%,1.5538%,22.7355%,0.001741,CODI,91271.0,2019-02-28,252.0,-1.4402%,0.0002,0.7627,0.2049,0.3369,1.3665%,1.5566%,22.9344%,-0.0113789999999999,CODI,91271.0,2019-03-01,252.0,1.8424%,0.0002,0.7791,0.2293,0.3561,1.3618%,1.5590%,23.7019%,0.0135959999999999,CODI,91271.0,2019-03-04,252.0,0.2495%,0.0002,0.7774,0.2298,0.3577,1.3622%,1.5580%,23.5536%,0.005985,CODI,91271.0,2019-03-05,252.0,-0.5601%,0.0003,0.7794,0.2436,0.3603,1.3617%,1.5584%,23.6580%,-0.002798,CODI,91271.0,2019-03-06,252.0,-0.8761%,0.0003,0.7854,0.2375,0.3663,1.3597%,1.5593%,23.9660%,0.000621,CODI,0.035496,0.037915,0.026132,0.020144,0.026169
7387,COMPASS DIVERSIFIED HOLDINGS,Tilray To Buy Hemp Food Company Manitoba Harvest For $317M,6,uncertain,0.6,0.3,"the acquisition of manitoba harvest by tilray may have indirect effects on compass diversified holdings, but the impact on its stock price is unclear without additional context on their business relationship or market conditions.",1,2019-02-20,CODI,2019-02-20 12:49:00+00:00,91271.0,20451Q10,0.0274234879761934,461295.0,0.0080694695934653,-0.0094756549224257,0.003694548504427,0.0012649907730519,-0.0116563579067587,0.0012666534166783,-0.0111732026562094,0.0141297541558742,0.002510983031243,0.0116958636790514,-0.0144020346924662,-0.0032382926438003,0.018424455076456,0.001946770469658,0.0024952592793852,-0.0019429879030212,-0.0056005073711276,0.0098103089258074,-0.0087609132751822,0.0125827537849545,-0.0088384058326482,-0.0013227185700088,0.0044586402364075,-0.0006609536358155,0.011414036154747,0.0216070003807544,-0.001253887428902,0.011612026952207,-0.0094162318855524,-0.0006825444288551,0.0095057394355535,0.0020519653335213,0.0232265498489141,0.0295774713158607,0.0,0.0106761297211051,-0.0030674380250275,0.0057265511713922,-0.0166154131293296,-0.0244413018226623,0.0150187592953443,-0.0027855127118527,-0.0234278161078691,0.0063068810850381,-0.0031565777026116,-0.0240159649401903,-0.007599739357829,0.0040187183767557,0.0051052919588983,0.0020134688820689,-0.0069841053336858,0.0053981058299541,0.003196882084012,-0.0013477397151291,0.0095602665096521,0.0,0.0107323275879025,0.0284130163490772,-0.0062461197376251,0.0464104674756526,-0.0037711795885115,0.049467246979475,0.0252365674823522,0.0233645010739564,0.0061538694426417,0.0313253290951252,-0.0110091930255293,-0.0181388407945632,0.0074212020263075,0.0087510431185364,0.0018415455706417,-0.0071090166456997,0.0061274743638932,0.0839040651917457,0.0109622599557042,-0.0573042780160903,0.0066264276392757,-0.024409407749772,-0.0083782160654664,-0.0571641027927398,-0.0074027720838785,-0.0014825429534539,0.0006215182365849,0.0150488950312137,0.0149068180471658,-0.022075068205595,0.0085678938776254,-0.0152173936367034,-0.004247554577887,-0.0156918875873088,0.0127971358597278,-0.0091872196644544,-0.0018050953513011,-0.0221147648990154,-0.0030138178262859,-0.0013802280882373,-0.0108827268704772,-0.0142857171595096,0.0036674488801509,-0.0186915714293718,0.0146163078024983,-0.0241042878478765,0.0228091888129711,0.0039241607300937,-0.0129108689725399,-0.0058517656289041,-0.015457802452147,0.0052287532016634,0.0181160122156143,0.0125744892284274,0.004151820205152,-0.0019815512932837,-0.0271707605570554,0.0013227815506979,0.006678847130388,-0.0065703270956873,0.0144752580672502,0.0173796936869621,0.0035671503283083,-0.0112359598278999,0.0080694695934653,-0.0094756549224257,0.0117938311447105,-0.0082226507654192,1.2103718027844934e-10,-0.0069664125974271,-0.0086902752272554,0.018843401739397,-0.0167598039839571,0.0384105905996867,-0.0124146961830416,0.1657412236269142,0.0710663091162457,0.0624964491886035,2019-02-21,2019-02-22,2019-02-25,2019-02-26,2019-02-27,2019-02-28,2019-03-01,2019-03-04,2019-03-05,2019-03-06,91271.0,2019-02-20,252.0,2.7423%,0.0003,0.7422,0.2088,0.3277,1.3670%,1.5510%,22.3190%,0.023881,CODI,91271.0,2019-02-21,252.0,0.8069%,0.0003,0.7416,0.2102,0.3266,1.3684%,1.5518%,22.2379%,0.011615,CODI,91271.0,2019-02-22,252.0,0.3695%,0.0003,0.7418,0.1977,0.3176,1.3671%,1.5510%,22.2982%,0.002419,CODI,91271.0,2019-02-25,252.0,-1.1656%,0.0003,0.7416,0.2035,0.3198,1.3692%,1.5527%,22.2382%,-0.0117829999999999,CODI,91271.0,2019-02-26,252.0,-1.1173%,0.0003,0.7533,0.2034,0.3284,1.3661%,1.5539%,22.7086%,-0.007729,CODI,91271.0,2019-02-27,252.0,0.2511%,0.0003,0.7553,0.2002,0.3288,1.3658%,1.5538%,22.7355%,0.001741,CODI,91271.0,2019-02-28,252.0,-1.4402%,0.0002,0.7627,0.2049,0.3369,1.3665%,1.5566%,22.9344%,-0.0113789999999999,CODI,91271.0,2019-03-01,252.0,1.8424%,0.0002,0.7791,0.2293,0.3561,1.3618%,1.5590%,23.7019%,0.0135959999999999,CODI,91271.0,2019-03-04,252.0,0.2495%,0.0002,0.7774,0.2298,0.3577,1.3622%,1.5580%,23.5536%,0.005985,CODI,91271.0,2019-03-05,252.0,-0.5601%,0.0003,0.7794,0.2436,0.3603,1.3617%,1.5584%,23.6580%,-0.002798,CODI,91271.0,2019-03-06,252.0,-0.8761%,0.0003,0.7854,0.2375,0.3663,1.3597%,1.5593%,23.9660%,0.000621,CODI,0.035496,0.037915,0.026132,0.020144,0.026169
7395,COMPASS DIVERSIFIED HOLDINGS,Compass Diversified Holdings Announces Sale Of Manitoba Harvest To Tilray For C$419M,6,increase,0.8,0.7,"the sale of manitoba harvest for c$419m is likely to be viewed positively by investors, as it indicates a successful divestiture that could enhance compass diversified holdings' financial position and provide capital for future investments.",2,2019-02-20,CODI,2019-02-20 12:23:00+00:00,91271.0,20451Q10,0.0274234879761934,461295.0,0.0080694695934653,-0.0094756549224257,0.003694548504427,0.0012649907730519,-0.0116563579067587,0.0012666534166783,-0.0111732026562094,0.0141297541558742,0.002510983031243,0.0116958636790514,-0.0144020346924662,-0.0032382926438003,0.018424455076456,0.001946770469658,0.0024952592793852,-0.0019429879030212,-0.0056005073711276,0.0098103089258074,-0.0087609132751822,0.0125827537849545,-0.0088384058326482,-0.0013227185700088,0.0044586402364075,-0.0006609536358155,0.011414036154747,0.0216070003807544,-0.001253887428902,0.011612026952207,-0.0094162318855524,-0.0006825444288551,0.0095057394355535,0.0020519653335213,0.0232265498489141,0.0295774713158607,0.0,0.0106761297211051,-0.0030674380250275,0.0057265511713922,-0.0166154131293296,-0.0244413018226623,0.0150187592953443,-0.0027855127118527,-0.0234278161078691,0.0063068810850381,-0.0031565777026116,-0.0240159649401903,-0.007599739357829,0.0040187183767557,0.0051052919588983,0.0020134688820689,-0.0069841053336858,0.0053981058299541,0.003196882084012,-0.0013477397151291,0.0095602665096521,0.0,0.0107323275879025,0.0284130163490772,-0.0062461197376251,0.0464104674756526,-0.0037711795885115,0.049467246979475,0.0252365674823522,0.0233645010739564,0.0061538694426417,0.0313253290951252,-0.0110091930255293,-0.0181388407945632,0.0074212020263075,0.0087510431185364,0.0018415455706417,-0.0071090166456997,0.0061274743638932,0.0839040651917457,0.0109622599557042,-0.0573042780160903,0.0066264276392757,-0.024409407749772,-0.0083782160654664,-0.0571641027927398,-0.0074027720838785,-0.0014825429534539,0.0006215182365849,0.0150488950312137,0.0149068180471658,-0.022075068205595,0.0085678938776254,-0.0152173936367034,-0.004247554577887,-0.0156918875873088,0.0127971358597278,-0.0091872196644544,-0.0018050953513011,-0.0221147648990154,-0.0030138178262859,-0.0013802280882373,-0.0108827268704772,-0.0142857171595096,0.0036674488801509,-0.0186915714293718,0.0146163078024983,-0.0241042878478765,0.0228091888129711,0.0039241607300937,-0.0129108689725399,-0.0058517656289041,-0.015457802452147,0.0052287532016634,0.0181160122156143,0.0125744892284274,0.004151820205152,-0.0019815512932837,-0.0271707605570554,0.0013227815506979,0.006678847130388,-0.0065703270956873,0.0144752580672502,0.0173796936869621,0.0035671503283083,-0.0112359598278999,0.0080694695934653,-0.0094756549224257,0.0117938311447105,-0.0082226507654192,1.2103718027844934e-10,-0.0069664125974271,-0.0086902752272554,0.018843401739397,-0.0167598039839571,0.0384105905996867,-0.0124146961830416,0.1657412236269142,0.0710663091162457,0.0624964491886035,2019-02-21,2019-02-22,2019-02-25,2019-02-26,2019-02-27,2019-02-28,2019-03-01,2019-03-04,2019-03-05,2019-03-06,91271.0,2019-02-20,252.0,2.7423%,0.0003,0.7422,0.2088,0.3277,1.3670%,1.5510%,22.3190%,0.023881,CODI,91271.0,2019-02-21,252.0,0.8069%,0.0003,0.7416,0.2102,0.3266,1.3684%,1.5518%,22.2379%,0.011615,CODI,91271.0,2019-02-22,252.0,0.3695%,0.0003,0.7418,0.1977,0.3176,1.3671%,1.5510%,22.2982%,0.002419,CODI,91271.0,2019-02-25,252.0,-1.1656%,0.0003,0.7416,0.2035,0.3198,1.3692%,1.5527%,22.2382%,-0.0117829999999999,CODI,91271.0,2019-02-26,252.0,-1.1173%,0.0003,0.7533,0.2034,0.3284,1.3661%,1.5539%,22.7086%,-0.007729,CODI,91271.0,2019-02-27,252.0,0.2511%,0.0003,0.7553,0.2002,0.3288,1.3658%,1.5538%,22.7355%,0.001741,CODI,91271.0,2019-02-28,252.0,-1.4402%,0.0002,0.7627,0.2049,0.3369,1.3665%,1.5566%,22.9344%,-0.0113789999999999,CODI,91271.0,2019-03-01,252.0,1.8424%,0.0002,0.7791,0.2293,0.3561,1.3618%,1.5590%,23.7019%,0.0135959999999999,CODI,91271.0,2019-03-04,252.0,0.2495%,0.0002,0.7774,0.2298,0.3577,1.3622%,1.5580%,23.5536%,0.005985,CODI,91271.0,2019-03-05,252.0,-0.5601%,0.0003,0.7794,0.2436,0.3603,1.3617%,1.5584%,23.6580%,-0.002798,CODI,91271.0,2019-03-06,252.0,-0.8761%,0.0003,0.7854,0.2375,0.3663,1.3597%,1.5593%,23.9660%,0.000621,CODI,0.035496,0.037915,0.026132,0.020144,0.026169
7403,COPART INC,"Copart Q2 Adj. EPS $0.52 Beats $0.51 Estimate, Sales $484.9M Miss $491.52M Estimate",6,uncertain,0.6,0.2,"while copart's adjusted eps beat estimates, the sales miss could raise concerns among investors, leading to uncertainty in the stock's reaction.",1,2019-02-20,CPRT,2019-02-20 23:01:00+00:00,80320.0,21720410,0.0030007474124431,1994826.0,0.057030651718378,-0.0131408311426639,0.0311339497566223,0.0018542271573096,0.0157831218093633,0.0097360126674175,-0.0050666988827288,0.0028164011891931,-0.007299275137484,0.0205020066350698,0.0032489504665136,0.0088923079892992,-0.0046019540168344,0.0085786432027816,-0.0054794466122984,-0.0123242707923054,0.0005165078910067,0.0017361140344291,-0.006367215886712,0.0060159396380186,0.0091790575534105,0.0119795883074402,-0.0005148237105458,0.0057277721352875,0.011675763875246,0.0097726704552769,0.0040733483619987,0.0112948268651962,0.0086206616833806,-0.0052166595123708,-0.0078766113147139,-0.0047923657111823,-0.0028716551605612,0.011512896977365,0.0010164555860683,0.0048710750415921,-0.0037231547757983,-0.0074536451138556,0.004756286740303,-0.0083899712190032,0.0103127099573612,0.0064334478229284,-0.0085341082885861,0.0085158552974462,0.0047257179394364,-0.0008103913278318,0.0122627168893814,-0.0112179005518555,-0.0092930234968662,-0.01460721809417,0.0028475404251366,0.0011857979698106,0.0120260771363973,0.0059641995467245,0.0262419562786817,0.0134998625144362,0.015760688111186,0.0163833554834127,0.0090246945619583,0.005560141056776,-0.0116114523261785,0.0356153137981891,0.0152404997497797,-0.016568811610341,0.0107896579429507,-0.0020928939338773,-0.0061881425790488,0.0054713450372219,0.0004669797781389,-0.0062735099345445,0.0096468459814786,0.0082226311787962,0.0073971855454146,0.0554072484374046,-0.0024476619437336,-0.0209150947630405,-0.0004600334214046,-0.0204865355044603,-0.0058299670927226,-0.0038265369366854,0.0040122605860233,0.0017036165809258,-0.0010759253054857,-0.0048739043995738,0.0133867179974913,-0.0176936350762844,0.0101730665192008,-0.0271364953368902,-0.011573676019907,0.0024361093528568,0.0167274698615074,0.0144150936976075,0.0032904758118093,0.0045511214993894,0.0035777855664491,0.0224196575582027,-0.0194592624902725,-0.0358891114592552,0.0110588651150465,-0.0048700864426791,0.005543943028897,-0.0287741981446743,-0.001341140945442,-0.0085970815271139,-0.0152192879468202,-0.0102494452148675,0.0033333518076688,-0.0005798722850158,0.0019631115719676,0.0350069999694824,0.0078372918069362,-0.0039847968146204,-0.0245251879096031,0.0299609918147325,0.0087383054196834,-0.0271511394530534,0.0077506760135293,0.0589852221310138,0.0114613510668277,-0.0255459751933813,0.057030651718378,-0.0131408311426639,0.0899401909201877,-0.0113109700713286,0.1071428497184019,-0.0016850811518063,0.0934928957198699,0.0216516778390629,0.0796559875501432,0.0347370640917947,0.191660438937232,0.0980230278145719,0.2541136976555294,0.0984754655417188,2019-02-21,2019-02-22,2019-02-25,2019-02-26,2019-02-27,2019-02-28,2019-03-01,2019-03-04,2019-03-05,2019-03-06,80320.0,2019-02-20,252.0,0.3001%,0.0003,0.9249,0.5337,-0.5312,1.3967%,1.8536%,43.2208%,0.002852,CPRT,80320.0,2019-02-21,252.0,5.7031%,0.0004,0.9162,0.5289,-0.5477,1.4432%,1.8867%,41.4919%,0.059505,CPRT,80320.0,2019-02-22,252.0,3.1134%,0.0005,0.9135,0.5522,-0.5594,1.4426%,1.8934%,41.9531%,0.014119,CPRT,80320.0,2019-02-25,252.0,1.5783%,0.0006,0.9132,0.545,-0.564,1.4453%,1.8957%,41.8697%,0.014742,CPRT,80320.0,2019-02-26,252.0,-0.5067%,0.0006,0.9145,0.5475,-0.5618,1.4454%,1.8947%,41.8071%,-0.002079,CPRT,80320.0,2019-02-27,252.0,-0.7299%,0.0006,0.9166,0.5406,-0.5615,1.4465%,1.8954%,41.7583%,-0.009937,CPRT,80320.0,2019-02-28,252.0,0.3249%,0.0005,0.9309,0.5506,-0.552,1.4358%,1.8931%,42.4799%,0.004479,CPRT,80320.0,2019-03-01,252.0,-0.4602%,0.0004,0.9229,0.5387,-0.5571,1.4383%,1.8896%,42.0612%,-0.015199,CPRT,80320.0,2019-03-04,252.0,-0.5479%,0.0005,0.9162,0.5581,-0.5548,1.4359%,1.8861%,42.0391%,0.003557,CPRT,80320.0,2019-03-05,252.0,0.0517%,0.0006,0.9186,0.5775,-0.5538,1.4341%,1.8860%,42.1832%,0.002383,CPRT,80320.0,2019-03-06,252.0,-0.6367%,0.0005,0.9033,0.5708,-0.572,1.4280%,1.8783%,42.1944%,0.008756,CPRT,0.062357,0.076476,0.091218,0.079202,0.083178
7411,CAMDEN PROPERTY TRUST,"Camden Property Trust Prices 3,375M Share Offering for Gross Proceeds of ~$330,2M; ~$97.84/Share",6,decrease,0.7,0.6,"the pricing of a share offering typically dilutes existing shareholders' equity, which can lead to a decrease in stock price.",0,2019-02-20,CPT,2019-02-20 08:52:00+00:00,79452.0,13313110,-0.0232793819159269,2412504.0,0.008393757045269,0.0010132330935448,0.0031857485882937,0.0009126492077484,-0.0022536490578204,-0.0016198849771171,0.0006159913609735,0.0084745166823267,0.0016417367151007,-0.0131989680230617,0.0048145214095711,0.0033360477536916,-0.0043836547993123,-0.0023197513073682,0.0113658914342522,0.0100855519995093,0.0034423810429871,0.0017349300906062,-0.0054485006257891,0.0086463848128914,-0.000405812257668,0.0047574625350534,0.0059880642220377,-0.0026817382313311,0.0111985532566905,0.0039349412545561,0.0055871251970529,0.0058327000588178,0.0031749149784445,0.0132981752976775,0.0026703258045017,0.013152303174138,-0.0060169720090925,0.0129982335492968,-0.0084350351244211,-0.0025928895920515,-0.0018014442175626,0.0087183453142642,-0.0066171651706099,-0.0018492131493985,0.007973363623023,0.0017435291083529,-0.0006008329219184,0.0043777376413345,0.00260497094132,0.0155607592314481,0.0140901738777756,0.015921451151371,0.0,-0.0025904194917529,0.0098541285842657,0.0033902481663972,-0.0017702626064419,0.0122397588565945,-0.0034482607152312,0.0020632771775126,0.0097874235361814,0.0244245436042547,-0.001860215794295,0.0025900779291987,-0.0016674661310389,0.0004711532965302,-0.0006877549458295,0.0073564634658396,0.0,-0.0428166277706623,-0.0021630246192216,0.0084756100550293,0.0099517405033111,-0.0005723792710341,-0.0010731767397373,0.0009166112868115,0.0022463458590209,0.0280329473316669,-0.0006821252754889,-0.0503355711698532,-0.0256460737437009,-0.006556243635714,-0.0200160127133131,0.0025623410474509,0.0072508077137172,-0.0017793152946978,-0.0085166413336992,0.0140972146764397,0.0130892600864172,-0.0309289824217557,0.0093873050063848,0.0055579538457095,-0.0030999756418168,0.007355426903814,0.0098304310813546,-0.0217998959124088,-0.0144034661352634,0.0006448010681197,0.0144124198704958,0.0013988728169351,-0.0025832303799688,-0.0151547295972704,-0.0040840324945747,0.0171392038464546,0.0085016852244734,-0.0206904541701078,0.0005950367776677,-0.0045187082141637,-0.01803944632411,0.0153649430721998,-0.0032300362363457,-0.0024480652064085,0.0111392252147197,0.0027750506997108,0.0113170249387621,0.0019249310716986,-0.0016835590358823,0.0010705328313633,0.0038686578627675,-0.0052182944491505,0.0035573183558881,0.0085929436609148,0.0044309236109256,0.0059426841326057,0.008393757045269,0.0010132330935448,0.0116062460332202,0.0019268070276734,0.0093264405699622,0.0003038008447984,0.0116062459401833,-0.0045339746445514,0.0214507741537632,0.0169840596730534,0.0647888228117437,0.1631740057206454,0.0654155311209445,0.0765146530346712,2019-02-21,2019-02-22,2019-02-25,2019-02-26,2019-02-27,2019-02-28,2019-03-01,2019-03-04,2019-03-05,2019-03-06,79452.0,2019-02-20,252.0,-2.3279%,0.0007,0.3925,-0.2581,0.0083,1.0907%,1.1718%,13.3583%,-0.023814,CPT,79452.0,2019-02-21,252.0,0.8394%,0.0008,0.3835,-0.2745,-0.0082,1.0853%,1.1654%,13.2726%,0.009585,CPT,79452.0,2019-02-22,252.0,0.3186%,0.0009,0.3821,-0.2413,0.005,1.0743%,1.1519%,13.0109%,0.001982,CPT,79452.0,2019-02-25,252.0,-0.2254%,0.0009,0.3833,-0.2379,0.0113,1.0727%,1.1503%,13.0304%,-0.003545,CPT,79452.0,2019-02-26,252.0,0.0616%,0.0008,0.3778,-0.2308,0.0107,1.0710%,1.1456%,12.6021%,-0.000356,CPT,79452.0,2019-02-27,252.0,0.1642%,0.0009,0.3842,-0.2421,0.0118,1.0671%,1.1442%,13.0264%,0.001653,CPT,79452.0,2019-02-28,252.0,0.4815%,0.0009,0.3755,-0.2479,0.0042,1.0636%,1.1383%,12.6908%,0.005984,CPT,79452.0,2019-03-01,252.0,-0.4384%,0.0009,0.3757,-0.2477,0.008,1.0645%,1.1388%,12.6289%,-0.006441,CPT,79452.0,2019-03-04,252.0,1.1366%,0.0009,0.3757,-0.2579,0.0103,1.0667%,1.1404%,12.5102%,0.012208,CPT,79452.0,2019-03-05,252.0,0.3442%,0.001,0.3781,-0.2379,0.0111,1.0640%,1.1377%,12.5427%,0.003216,CPT,79452.0,2019-03-06,252.0,-0.5449%,0.0009,0.3767,-0.2215,0.0119,1.0637%,1.1358%,12.2993%,-0.005365,CPT,-0.014229,-0.012247,-0.015792,-0.014495,-0.0048929999999999
7419,SMART POWERR CORP,China Recycling Energy Corp Announces Completion Of Transfer Of Assets,6,uncertain,0.5,0.5,"the news about china recycling energy corp's asset transfer does not directly indicate any impact on smart powerr corp's operations or financials, leading to uncertainty in its stock price movement.",1,2019-02-20,CREG,2019-02-20 22:35:00+00:00,93302.0,16891330,0.0210150089114904,466909.0,0.0679612159729003,0.0192153695970773,-0.0545455105602741,0.000789686164353,0.3653846383094788,-0.0109999775886535,-0.2253520786762238,-0.0268587470054626,0.0090909004211425,0.0592723079025745,-0.0720721110701561,-0.0581553280353546,-0.0194174572825431,-0.0462963618338108,0.0792079642415046,0.0180036481469869,-0.0366973206400871,-0.026697302237153,0.0190477147698402,-0.0521738640964031,-0.0467290356755256,0.0176990982145071,-0.0246078372001647,-0.017391288653016,-0.0451301634311676,-0.0416667237877845,0.0315789803862571,0.2999675571918488,-0.0295918807387352,0.0143955694511532,-0.022818049415946,0.0767956972122192,0.0276551954448223,0.0180700942873954,-0.005235597025603,0.0376249849796295,0.0220631919801235,0.0,0.0196094457060098,-0.0670553967356681,-0.0181818250566721,-0.0310734175145626,0.0081275720149278,0.0294288303703069,-0.0300030522048473,-0.0950525924563407,0.0434508137404918,0.0942179039120674,-0.012905865907669,-0.0182064790278673,0.0214504878968,0.0048863617703318,-0.025081992149353,-0.0068840975873172,0.0207012426108121,0.1159949153661728,0.0049241068772971,-0.0422195009887218,0.0020999908447265,0.1082887277007103,0.0278415139764547,0.0489412546157836,0.0194174572825431,-0.1531281024217606,0.0476191192865371,0.1409756541252136,-0.0454546101391315,0.1033038720488548,0.0571429170668125,-0.0305796880275011,-0.054054107517004,0.0147058684378862,-0.108095183968544,0.0675038918852806,-0.2526428699493408,0.0734007507562637,-0.062294565141201,-0.1034279763698578,-0.0316928140819072,-0.0503587387502193,0.0316349193453788,-0.1568887680768967,0.0675651282072067,0.0464556328952312,-0.0424346067011356,-0.2139303237199783,0.0220829788595438,-0.0336538143455982,-0.0508029088377952,0.0297029428184032,-0.0264533888548612,0.0,0.0689699202775955,0.0059761377051472,-0.0246179737150669,-0.0204878319054842,0.0015151319094002,-0.014423063956201,-0.0373676046729087,-0.0130018116906285,0.0121011566370725,-0.015233720652759,-0.0212733056396246,0.0,-0.0003172673168592,-0.0183486063033342,-0.0524678826332092,0.0582524873316288,-0.0251909084618091,-0.0096153756603598,0.0120274387300014,0.0,-0.0356535986065864,-0.0458716228604316,-0.0665493160486221,0.0150866694748401,0.0021539512090384,0.0425242707133293,0.025516465306282,0.0,0.0679612159729003,0.0192153695970773,0.0097087261890873,0.0200202298729441,0.3786407839056116,0.0088000302043684,0.0776699465866403,0.0398928420226192,0.0388350301912243,-0.1227825647049468,-0.027087359905505,0.3486631053813305,-0.4709708606447963,-0.0205824560901632,2019-02-21,2019-02-22,2019-02-25,2019-02-26,2019-02-27,2019-02-28,2019-03-01,2019-03-04,2019-03-05,2019-03-06,93302.0,2019-02-20,252.0,2.1015%,-0.0012,0.3499,0.4905,-0.5702,6.4804%,6.5184%,1.1650%,0.022479,CREG,93302.0,2019-02-21,252.0,6.7961%,-0.0009,0.337,0.4794,-0.5945,6.4948%,6.5327%,1.1557%,0.068188,CREG,93302.0,2019-02-22,252.0,-5.4546%,-0.0011,0.3465,0.4711,-0.4884,6.5083%,6.5415%,1.0138%,-0.068211,CREG,93302.0,2019-02-25,252.0,36.5385%,0.0004,0.3405,0.285,-0.6077,6.9004%,6.9325%,0.9243%,0.3651109999999999,CREG,93302.0,2019-02-26,252.0,-22.5352%,-0.0004,0.3932,0.5475,-0.4352,7.0434%,7.0774%,0.9597%,-0.225089,CREG,93302.0,2019-02-27,252.0,0.9091%,-0.0004,0.3826,0.5684,-0.437,7.0419%,7.0758%,0.9563%,0.007075,CREG,93302.0,2019-02-28,252.0,-7.2072%,-0.0008,0.4088,0.584,-0.4011,7.0550%,7.0897%,0.9760%,-0.0721919999999999,CREG,93302.0,2019-03-01,252.0,-1.9417%,-0.0009,0.4045,0.5775,-0.3963,7.0567%,7.0906%,0.9540%,-0.025749,CREG,93302.0,2019-03-04,252.0,7.9208%,-0.0004,0.3777,0.5894,-0.3718,7.0739%,7.1050%,0.8741%,0.085077,CREG,93302.0,2019-03-05,252.0,-3.6697%,-0.0005,0.3848,0.6218,-0.3539,7.0772%,7.1087%,0.8849%,-0.035211,CREG,93302.0,2019-03-06,252.0,1.9048%,-0.0004,0.3751,0.5562,-0.3737,7.0797%,7.1097%,0.8424%,0.030166,CREG,0.090667,0.0224559999999999,0.3875669999999999,0.1695529999999999,0.1516439999999999
7427,CERAGON NETWORKS LTD,Ceragon Networks Names Ran Vered CFO Replacing Deputy CEO Doron Arazi,6,uncertain,0.6,0.3,"the appointment of a new cfo can have mixed implications for a company's stock price, depending on investor perception of the change and the new cfo's track record.",1,2019-02-20,CRNT,2019-02-20 12:30:00+00:00,88526.0,M2201310,-0.1608961224555969,3270954.0,0.0097087286412715,0.0380549319088459,-0.0240384396165609,-0.0207039136439561,-0.0197044145315885,0.0685840547084808,-0.0552763901650905,0.0226244125515222,0.0079787159338593,-0.0089686010032892,0.0079155601561069,0.0136363506317138,0.005235597025603,-0.0090089999139308,-0.0052083283662796,-0.0176990982145071,-0.0340313799679279,0.0157303754240274,0.0027100243605673,-0.0430108122527599,0.0054053999483585,0.0108696073293685,0.0026881694793701,0.0383747369050979,0.0455764271318912,-0.0022523037623614,-0.0358974635601043,0.0673077479004859,-0.0106382872909307,0.0399999618530273,-0.0483871139585971,0.0204081442207098,0.0,0.028871426358819,0.0225988496094942,0.0187165588140487,0.0055249226279556,0.010810799896717,-0.0164835657924413,-0.0159574318677187,0.0418994687497615,-0.0358974635601043,-0.0455764271318912,-0.0101522747427225,0.0,-0.0247524511069059,0.0028089862316846,0.0358974002301693,-0.0028011177200824,0.0051546338945627,0.0028089862316846,-0.0202020015567541,0.0056022354401648,-0.0099999904632568,0.0250696800649166,0.0050251209177076,0.0108695542439818,0.0391645170748233,-0.0295699276030063,0.0186170041561126,-0.0277008060365915,0.0301369559019804,0.0028490000404417,-0.0519480034708976,-0.0056818127632141,0.0185185018926858,0.0142857003957033,0.0500000193715095,0.0197182912379503,0.0169491358101368,0.0165746361017227,-0.0084033533930778,-0.0027173885609954,0.0288184154778718,-0.0081743793562054,-0.0280111785978078,0.0247252508997917,-0.0245902054011821,0.0053619253449141,0.0138504691421985,0.002666664076969,-0.002762428484857,0.1250000149011612,0.0083565386012196,-0.011820375919342,-0.0771208703517913,0.0,-0.0347394794225692,-0.0191387385129928,-0.0194647014141082,-0.0170730967074632,-0.0048426100984215,-0.0024814461357891,-0.0166665948927402,-0.0472636967897415,0.0194174572825431,-0.0287206005305051,-0.0283018611371517,0.0161290168762207,0.0,-0.0185185018926858,-0.0319635495543479,-0.0404312908649444,0.030588261783123,-0.0926966071128845,-0.0139211006462574,0.0278637502342462,0.0023255236446857,-0.0572288632392883,-0.0137614542618393,0.0095846550539135,-0.0090909004211425,-0.0411392748355865,0.0091743031516671,0.0132013075053691,-0.0396475382149219,-0.0260586068034172,0.0682352855801582,-0.0267558265477418,-0.0116279507055878,0.0097087286412715,0.0380549319088459,-0.014563093662486,0.0165631322409223,-0.0339805509596866,0.0862831537171584,-0.080097072177196,0.1008968147663977,-0.1019417103004568,0.0559139225383997,-0.1237864089792515,0.3058510257445679,-0.2936892743837911,0.1418603735472194,2019-02-21,2019-02-22,2019-02-25,2019-02-26,2019-02-27,2019-02-28,2019-03-01,2019-03-04,2019-03-05,2019-03-06,88526.0,2019-02-20,252.0,-16.0896%,0.0021,0.7415,0.6049,-0.0896,3.5730%,3.6823%,5.8444%,-0.164572,CRNT,88526.0,2019-02-21,252.0,0.9709%,0.002,0.7571,0.639,-0.061,3.5597%,3.6725%,6.0488%,0.01257,CRNT,88526.0,2019-02-22,252.0,-2.4038%,0.0021,0.7596,0.7002,0.0247,3.5519%,3.6630%,5.9749%,-0.033472,CRNT,88526.0,2019-02-25,252.0,-1.9704%,0.0018,0.767,0.7179,0.0613,3.5325%,3.6444%,6.0474%,-0.019079,CRNT,88526.0,2019-02-26,252.0,-5.5276%,0.0014,0.7538,0.8017,0.0939,3.5381%,3.6495%,6.0160%,-0.049352,CRNT,88526.0,2019-02-27,252.0,0.7979%,0.0017,0.7792,0.7579,0.0981,3.5197%,3.6345%,6.2180%,0.00579,CRNT,88526.0,2019-02-28,252.0,0.7916%,0.0017,0.7728,0.7538,0.0915,3.5197%,3.6326%,6.1166%,0.0103249999999999,CRNT,88526.0,2019-03-01,252.0,0.5236%,0.0015,0.8072,0.805,0.1466,3.5006%,3.6212%,6.5510%,-0.0022389999999999,CRNT,88526.0,2019-03-04,252.0,-0.5208%,0.0016,0.7974,0.8376,0.1491,3.4981%,3.6187%,6.5543%,0.001548,CRNT,88526.0,2019-03-05,252.0,-3.4031%,0.0013,0.795,0.7983,0.159,3.4971%,3.6129%,6.3094%,-0.029811,CRNT,88526.0,2019-03-06,252.0,0.2710%,0.0017,0.8277,0.7269,0.1863,3.4663%,3.5863%,6.5765%,0.019292,CRNT,-0.152002,-0.185474,-0.2045529999999999,-0.248115,-0.2489999999999999
7435,CERAGON NETWORKS LTD,"Ceragon Networks Q4 EPS $0.06 Beats $0.05 Estimate, Sales $85.74M Beat $84.01M Estimate",6,increase,0.8,0.6,"the company reported better-than-expected earnings and sales, which typically boosts investor confidence and can lead to an increase in stock price.",2,2019-02-20,CRNT,2019-02-20 12:17:00+00:00,88526.0,M2201310,-0.1608961224555969,3270954.0,0.0097087286412715,0.0380549319088459,-0.0240384396165609,-0.0207039136439561,-0.0197044145315885,0.0685840547084808,-0.0552763901650905,0.0226244125515222,0.0079787159338593,-0.0089686010032892,0.0079155601561069,0.0136363506317138,0.005235597025603,-0.0090089999139308,-0.0052083283662796,-0.0176990982145071,-0.0340313799679279,0.0157303754240274,0.0027100243605673,-0.0430108122527599,0.0054053999483585,0.0108696073293685,0.0026881694793701,0.0383747369050979,0.0455764271318912,-0.0022523037623614,-0.0358974635601043,0.0673077479004859,-0.0106382872909307,0.0399999618530273,-0.0483871139585971,0.0204081442207098,0.0,0.028871426358819,0.0225988496094942,0.0187165588140487,0.0055249226279556,0.010810799896717,-0.0164835657924413,-0.0159574318677187,0.0418994687497615,-0.0358974635601043,-0.0455764271318912,-0.0101522747427225,0.0,-0.0247524511069059,0.0028089862316846,0.0358974002301693,-0.0028011177200824,0.0051546338945627,0.0028089862316846,-0.0202020015567541,0.0056022354401648,-0.0099999904632568,0.0250696800649166,0.0050251209177076,0.0108695542439818,0.0391645170748233,-0.0295699276030063,0.0186170041561126,-0.0277008060365915,0.0301369559019804,0.0028490000404417,-0.0519480034708976,-0.0056818127632141,0.0185185018926858,0.0142857003957033,0.0500000193715095,0.0197182912379503,0.0169491358101368,0.0165746361017227,-0.0084033533930778,-0.0027173885609954,0.0288184154778718,-0.0081743793562054,-0.0280111785978078,0.0247252508997917,-0.0245902054011821,0.0053619253449141,0.0138504691421985,0.002666664076969,-0.002762428484857,0.1250000149011612,0.0083565386012196,-0.011820375919342,-0.0771208703517913,0.0,-0.0347394794225692,-0.0191387385129928,-0.0194647014141082,-0.0170730967074632,-0.0048426100984215,-0.0024814461357891,-0.0166665948927402,-0.0472636967897415,0.0194174572825431,-0.0287206005305051,-0.0283018611371517,0.0161290168762207,0.0,-0.0185185018926858,-0.0319635495543479,-0.0404312908649444,0.030588261783123,-0.0926966071128845,-0.0139211006462574,0.0278637502342462,0.0023255236446857,-0.0572288632392883,-0.0137614542618393,0.0095846550539135,-0.0090909004211425,-0.0411392748355865,0.0091743031516671,0.0132013075053691,-0.0396475382149219,-0.0260586068034172,0.0682352855801582,-0.0267558265477418,-0.0116279507055878,0.0097087286412715,0.0380549319088459,-0.014563093662486,0.0165631322409223,-0.0339805509596866,0.0862831537171584,-0.080097072177196,0.1008968147663977,-0.1019417103004568,0.0559139225383997,-0.1237864089792515,0.3058510257445679,-0.2936892743837911,0.1418603735472194,2019-02-21,2019-02-22,2019-02-25,2019-02-26,2019-02-27,2019-02-28,2019-03-01,2019-03-04,2019-03-05,2019-03-06,88526.0,2019-02-20,252.0,-16.0896%,0.0021,0.7415,0.6049,-0.0896,3.5730%,3.6823%,5.8444%,-0.164572,CRNT,88526.0,2019-02-21,252.0,0.9709%,0.002,0.7571,0.639,-0.061,3.5597%,3.6725%,6.0488%,0.01257,CRNT,88526.0,2019-02-22,252.0,-2.4038%,0.0021,0.7596,0.7002,0.0247,3.5519%,3.6630%,5.9749%,-0.033472,CRNT,88526.0,2019-02-25,252.0,-1.9704%,0.0018,0.767,0.7179,0.0613,3.5325%,3.6444%,6.0474%,-0.019079,CRNT,88526.0,2019-02-26,252.0,-5.5276%,0.0014,0.7538,0.8017,0.0939,3.5381%,3.6495%,6.0160%,-0.049352,CRNT,88526.0,2019-02-27,252.0,0.7979%,0.0017,0.7792,0.7579,0.0981,3.5197%,3.6345%,6.2180%,0.00579,CRNT,88526.0,2019-02-28,252.0,0.7916%,0.0017,0.7728,0.7538,0.0915,3.5197%,3.6326%,6.1166%,0.0103249999999999,CRNT,88526.0,2019-03-01,252.0,0.5236%,0.0015,0.8072,0.805,0.1466,3.5006%,3.6212%,6.5510%,-0.0022389999999999,CRNT,88526.0,2019-03-04,252.0,-0.5208%,0.0016,0.7974,0.8376,0.1491,3.4981%,3.6187%,6.5543%,0.001548,CRNT,88526.0,2019-03-05,252.0,-3.4031%,0.0013,0.795,0.7983,0.159,3.4971%,3.6129%,6.3094%,-0.029811,CRNT,88526.0,2019-03-06,252.0,0.2710%,0.0017,0.8277,0.7269,0.1863,3.4663%,3.5863%,6.5765%,0.019292,CRNT,-0.152002,-0.185474,-0.2045529999999999,-0.248115,-0.2489999999999999
7443,CERAGON NETWORKS LTD,Ceragon Names Ran Vered Chief Financial Officer,6,uncertain,0.6,0.3,"the appointment of a new cfo can have mixed implications for a company's stock price, depending on investor perception of the candidate's experience and the company's future financial strategy.",1,2019-02-20,CRNT,2019-02-20 12:08:00+00:00,88526.0,M2201310,-0.1608961224555969,3270954.0,0.0097087286412715,0.0380549319088459,-0.0240384396165609,-0.0207039136439561,-0.0197044145315885,0.0685840547084808,-0.0552763901650905,0.0226244125515222,0.0079787159338593,-0.0089686010032892,0.0079155601561069,0.0136363506317138,0.005235597025603,-0.0090089999139308,-0.0052083283662796,-0.0176990982145071,-0.0340313799679279,0.0157303754240274,0.0027100243605673,-0.0430108122527599,0.0054053999483585,0.0108696073293685,0.0026881694793701,0.0383747369050979,0.0455764271318912,-0.0022523037623614,-0.0358974635601043,0.0673077479004859,-0.0106382872909307,0.0399999618530273,-0.0483871139585971,0.0204081442207098,0.0,0.028871426358819,0.0225988496094942,0.0187165588140487,0.0055249226279556,0.010810799896717,-0.0164835657924413,-0.0159574318677187,0.0418994687497615,-0.0358974635601043,-0.0455764271318912,-0.0101522747427225,0.0,-0.0247524511069059,0.0028089862316846,0.0358974002301693,-0.0028011177200824,0.0051546338945627,0.0028089862316846,-0.0202020015567541,0.0056022354401648,-0.0099999904632568,0.0250696800649166,0.0050251209177076,0.0108695542439818,0.0391645170748233,-0.0295699276030063,0.0186170041561126,-0.0277008060365915,0.0301369559019804,0.0028490000404417,-0.0519480034708976,-0.0056818127632141,0.0185185018926858,0.0142857003957033,0.0500000193715095,0.0197182912379503,0.0169491358101368,0.0165746361017227,-0.0084033533930778,-0.0027173885609954,0.0288184154778718,-0.0081743793562054,-0.0280111785978078,0.0247252508997917,-0.0245902054011821,0.0053619253449141,0.0138504691421985,0.002666664076969,-0.002762428484857,0.1250000149011612,0.0083565386012196,-0.011820375919342,-0.0771208703517913,0.0,-0.0347394794225692,-0.0191387385129928,-0.0194647014141082,-0.0170730967074632,-0.0048426100984215,-0.0024814461357891,-0.0166665948927402,-0.0472636967897415,0.0194174572825431,-0.0287206005305051,-0.0283018611371517,0.0161290168762207,0.0,-0.0185185018926858,-0.0319635495543479,-0.0404312908649444,0.030588261783123,-0.0926966071128845,-0.0139211006462574,0.0278637502342462,0.0023255236446857,-0.0572288632392883,-0.0137614542618393,0.0095846550539135,-0.0090909004211425,-0.0411392748355865,0.0091743031516671,0.0132013075053691,-0.0396475382149219,-0.0260586068034172,0.0682352855801582,-0.0267558265477418,-0.0116279507055878,0.0097087286412715,0.0380549319088459,-0.014563093662486,0.0165631322409223,-0.0339805509596866,0.0862831537171584,-0.080097072177196,0.1008968147663977,-0.1019417103004568,0.0559139225383997,-0.1237864089792515,0.3058510257445679,-0.2936892743837911,0.1418603735472194,2019-02-21,2019-02-22,2019-02-25,2019-02-26,2019-02-27,2019-02-28,2019-03-01,2019-03-04,2019-03-05,2019-03-06,88526.0,2019-02-20,252.0,-16.0896%,0.0021,0.7415,0.6049,-0.0896,3.5730%,3.6823%,5.8444%,-0.164572,CRNT,88526.0,2019-02-21,252.0,0.9709%,0.002,0.7571,0.639,-0.061,3.5597%,3.6725%,6.0488%,0.01257,CRNT,88526.0,2019-02-22,252.0,-2.4038%,0.0021,0.7596,0.7002,0.0247,3.5519%,3.6630%,5.9749%,-0.033472,CRNT,88526.0,2019-02-25,252.0,-1.9704%,0.0018,0.767,0.7179,0.0613,3.5325%,3.6444%,6.0474%,-0.019079,CRNT,88526.0,2019-02-26,252.0,-5.5276%,0.0014,0.7538,0.8017,0.0939,3.5381%,3.6495%,6.0160%,-0.049352,CRNT,88526.0,2019-02-27,252.0,0.7979%,0.0017,0.7792,0.7579,0.0981,3.5197%,3.6345%,6.2180%,0.00579,CRNT,88526.0,2019-02-28,252.0,0.7916%,0.0017,0.7728,0.7538,0.0915,3.5197%,3.6326%,6.1166%,0.0103249999999999,CRNT,88526.0,2019-03-01,252.0,0.5236%,0.0015,0.8072,0.805,0.1466,3.5006%,3.6212%,6.5510%,-0.0022389999999999,CRNT,88526.0,2019-03-04,252.0,-0.5208%,0.0016,0.7974,0.8376,0.1491,3.4981%,3.6187%,6.5543%,0.001548,CRNT,88526.0,2019-03-05,252.0,-3.4031%,0.0013,0.795,0.7983,0.159,3.4971%,3.6129%,6.3094%,-0.029811,CRNT,88526.0,2019-03-06,252.0,0.2710%,0.0017,0.8277,0.7269,0.1863,3.4663%,3.5863%,6.5765%,0.019292,CRNT,-0.152002,-0.185474,-0.2045529999999999,-0.248115,-0.2489999999999999
7451,CARRIAGE SERVICES INC,"Carriage Services Q4 EPS $0.23 Beats $0.19 Estimate, Sales $66.5M Miss $66.81M Estimate",6,uncertain,0.6,0.3,"while the earnings per share (eps) beat estimates, the sales miss could lead to mixed investor reactions, making the overall impact on the stock price uncertain.",1,2019-02-20,CSV,2019-02-20 22:20:00+00:00,83856.0,14390510,0.0189258754253387,133632.0,0.0135542396456003,-0.002041904721409,0.0401188433170318,0.0240460541099309,0.0080952420830726,-0.0144255897030234,-0.0004723773745354,0.0015480230795219,-0.0085066305473446,0.0243128482252359,0.0014299660688266,0.0096051394939422,0.0199904832988977,-0.0246242154389619,-0.0018665848765522,-0.0061823250725865,0.0074801240116357,-0.017215197905898,-0.0357307940721511,0.0005065972218289,-0.010105918161571,0.001522104954347,0.0204180888831615,0.0133675225079059,-0.0047641918063163,-0.0081590944901108,-0.0248922239989042,-0.0050734896212816,-0.0132548082619905,0.0015243281377479,-0.0074626673012971,0.0128667009994387,-0.0130325928330421,-0.0162025168538093,0.0162518881261348,0.0045778308995068,0.0039979969151318,-0.0010162834078073,-0.0328521579504013,0.0025471800472587,0.0082346806302666,0.0192107446491718,-0.0387953147292137,0.1329411864280701,0.0042485357262194,0.000588594994042,0.0121628530323505,0.0077105076052248,-0.0015673344023525,-0.0070670749992132,0.0057560806162655,0.0204327013343572,0.0015609099064022,0.0036187856458127,-0.0031168553978204,0.0054578627459704,-0.0020844666287302,0.0223187003284692,-0.0005222051986493,0.0119196726009249,0.0151515631005168,0.0357374399900436,-0.0041173403151333,-0.0128287244588136,0.0056846872903406,0.0058064614422619,-0.0298047251999378,-0.0070467428304255,0.0132415257394313,0.0182648226618766,-0.014113881625235,0.0132187576964497,0.0307529103010892,0.0434482842683792,-0.0082304449751973,-0.0142760053277015,-0.0114108510315418,-0.0033875466324388,0.0104932198300957,-0.0087306993082165,0.0077881421893835,0.0020188887137919,-0.0376094579696655,0.0060933781787753,0.010171334259212,-0.0452488549053669,0.0201377402991056,-0.0190234743058681,-0.0212986934930086,-0.0390005707740783,-0.0079617630690336,0.0217933002859354,-0.0123061230406165,-0.0031037332955747,-0.0492957681417465,0.004364070482552,-0.0136752016842365,-0.0255162939429283,0.0265742931514978,-0.0030285369139164,0.0298254787921905,-0.0395579002797603,0.0169399660080671,0.0088027939200401,0.0042987600900232,0.0148898148909211,0.0026751866098493,0.0175758134573698,0.0256136357784271,0.0172626823186874,0.0148283559828996,-0.0085575357079505,0.0,0.0130031574517488,-0.003087980672717,-0.0158440116792917,0.0092926379293203,0.0472239814698696,0.0051151090301573,-0.0291201565414667,0.0135542396456003,-0.002041904721409,0.0542168633792554,0.0219550496371034,0.0627510040963681,0.0072127453961057,0.0532128249062624,0.0332980528965058,0.0431727192772601,-0.0056615397860363,-0.0391566623814599,0.2313827748550427,-0.0097465533160306,0.2161240209515136,2019-02-21,2019-02-22,2019-02-25,2019-02-26,2019-02-27,2019-02-28,2019-03-01,2019-03-04,2019-03-05,2019-03-06,83856.0,2019-02-20,252.0,1.8926%,-0.001,0.6819,0.2239,0.5052,2.0150%,2.1204%,9.6923%,0.0141579999999999,CSV,83856.0,2019-02-21,252.0,1.3554%,-0.0009,0.6796,0.2233,0.5008,2.0180%,2.1224%,9.5902%,0.017296,CSV,83856.0,2019-02-22,252.0,4.0119%,-0.0008,0.673,0.2435,0.4403,2.0348%,2.1375%,9.3712%,0.0417349999999999,CSV,83856.0,2019-02-25,252.0,0.8095%,-0.0007,0.6731,0.239,0.4384,2.0357%,2.1382%,9.3604%,0.008411,CSV,83856.0,2019-02-26,252.0,-0.0472%,-0.0007,0.673,0.2333,0.4354,2.0358%,2.1376%,9.2994%,0.003481,CSV,83856.0,2019-02-27,252.0,-0.8507%,-0.0008,0.6703,0.2356,0.4349,2.0362%,2.1369%,9.2044%,-0.009133,CSV,83856.0,2019-02-28,252.0,0.1430%,-0.0008,0.6697,0.2353,0.4332,2.0365%,2.1364%,9.1366%,0.004448,CSV,83856.0,2019-03-01,252.0,1.9990%,-0.0007,0.6719,0.2386,0.4288,2.0392%,2.1390%,9.1198%,0.01613,CSV,83856.0,2019-03-04,252.0,-0.1867%,-0.0008,0.6806,0.2084,0.4269,2.0356%,2.1374%,9.2978%,0.000819,CSV,83856.0,2019-03-05,252.0,0.7480%,-0.0007,0.6774,0.1906,0.4206,2.0364%,2.1369%,9.1798%,0.010218,CSV,83856.0,2019-03-06,252.0,-3.5731%,-0.0008,0.6952,0.2407,0.4475,2.0419%,2.1480%,9.6359%,-0.0278969999999999,CSV,0.0314539999999999,0.0731889999999999,0.0815999999999999,0.0759479999999999,0.0796659999999999
7459,C V S HEALTH CORP,"CVS Plunges On Earnings, And This Chart Says The Pain Has Just Begun",6,decrease,0.8,0.7,"the negative sentiment in the headline suggests that the earnings report has disappointed investors, likely leading to a decline in stock price.",0,2019-02-20,CVS,2019-02-20 19:58:00+00:00,17005.0,12665010,-0.0809959396719932,43365550.0,-0.0291186962276697,0.0050337766297161,-0.0064153606072068,0.0271826889365911,-0.0116222957149148,-0.0014751212438568,-0.0089825121685862,0.011640035547316,-0.0359261743724346,0.0293395351618528,-0.0114529598504304,0.0013843460474163,0.0051876055076718,-0.0112547203898429,-0.0373301543295383,-0.0042404783889651,-0.0178699064999818,0.0054819649085402,-0.0174672324210405,-0.003641412127763,-0.030370358377695,0.0105796139687299,0.0108861662447452,-0.0050343526527285,0.0154921533539891,-0.0062158284708857,0.016744215041399,0.0064082723110914,0.0351326279342174,0.0045984527096152,-0.0121972532942891,-0.0032085422426462,-0.0050107836723327,0.0072328955866396,0.0192446000874042,-0.0095295300707221,0.0074113640002906,0.0183302909135818,-0.0162900742143392,-0.0091574862599372,0.0220798011869192,0.0339276902377605,-0.0236933901906013,-0.0086044939234852,-0.019450394436717,0.0028239171952009,0.0080072544515132,-0.0244872160255909,-0.0241920948028564,-0.0071417903527617,-0.0127659318968653,0.0039663538336753,0.0106821535155177,-0.007419713307172,0.0048210332170128,-0.0363344214856624,-0.0380143485963344,-0.0011660375166684,0.0126606533303856,0.0267884004861116,0.0115552302449941,0.0243752300739288,0.0123595474287867,-0.0053369696252048,0.0016648196615278,0.000915830140002,-0.0079409107565879,0.0050620371475815,0.0027922135777771,-0.0007663308642804,-0.0219045914709568,-0.002599079394713,0.0022775242105126,0.0395741499960422,0.0266994852572679,-0.0122449388727545,-0.0059018754400312,-0.0418171249330043,-0.02523192204535,-0.0307624004781246,0.0017129834741353,-0.0139448139816522,0.005700156558305,-0.0159853566437959,0.0101086935028433,-0.0165552981197834,-0.0005664422060362,-0.0203081015497446,0.0056678489781916,-0.015167748555541,0.0056359050795435,0.0148480627685785,0.0085933664813637,0.0009545586071908,0.0072235483676195,-0.010122824460268,0.05424789711833,-0.0323887094855308,-0.0104657644405961,-0.0296540856361389,-0.001233909628354,-0.0076709380373358,-0.0010589723242446,-0.008478807285428,-0.0220848061144352,0.002499961759895,0.0070461286231875,-0.0033636060543358,-0.0069968281313776,0.0096854921430349,-0.0034326761960983,0.0213258452713489,-0.0242929682135582,0.0353816971182823,-0.0157933570444583,0.0011986145982518,-0.0033981555607169,-0.0056938603520393,-0.0092820925638079,-0.0385742373764514,-0.0291186962276697,0.0050337766297161,-0.0353472498981642,0.032353297150609,-0.0465587294220536,0.0308304508708165,-0.0890688421210322,0.0734254824605951,-0.1591404674706125,0.0602335519112464,-0.1779819324377262,0.0538416869033593,-0.1778455490813354,-0.103530258219135,2019-02-21,2019-02-22,2019-02-25,2019-02-26,2019-02-27,2019-02-28,2019-03-01,2019-03-04,2019-03-05,2019-03-06,17005.0,2019-02-20,252.0,-8.0996%,-0.0001,0.9305,-0.3408,0.5617,1.5998%,1.8499%,25.2122%,-0.085914,CVS,17005.0,2019-02-21,252.0,-2.9119%,-0.0001,0.9321,-0.3429,0.5648,1.6057%,1.8558%,25.1337%,-0.024723,CVS,17005.0,2019-02-22,252.0,-0.6415%,-0.0001,0.9313,-0.3143,0.5815,1.6000%,1.8485%,25.0819%,-0.002385,CVS,17005.0,2019-02-25,252.0,-1.1622%,-0.0001,0.9303,-0.3089,0.5808,1.6011%,1.8487%,24.9886%,-0.0128899999999999,CVS,17005.0,2019-02-26,252.0,-0.8983%,-0.0001,0.9393,-0.3071,0.5885,1.5999%,1.8494%,25.1621%,-0.0076539999999999,CVS,17005.0,2019-02-27,252.0,-3.5926%,-0.0001,0.9432,-0.3245,0.589,1.6141%,1.8631%,24.9427%,-0.0355819999999999,CVS,17005.0,2019-02-28,252.0,-1.1453%,-0.0002,0.9508,-0.3195,0.5962,1.6131%,1.8644%,25.1453%,-0.0070909999999999,CVS,17005.0,2019-03-01,252.0,0.5188%,-0.0002,0.9534,-0.3157,0.5993,1.6129%,1.8642%,25.1376%,0.001563,CVS,17005.0,2019-03-04,252.0,-3.7330%,-0.0004,0.9607,-0.3077,0.5901,1.6281%,1.8780%,24.8430%,-0.036063,CVS,17005.0,2019-03-05,252.0,-1.7870%,-0.0005,0.9622,-0.3062,0.5969,1.6307%,1.8810%,24.8355%,-0.015864,CVS,17005.0,2019-03-06,252.0,-1.7467%,-0.0005,0.9674,-0.2792,0.6065,1.6328%,1.8821%,24.7432%,-0.0135719999999999,CVS,-0.110637,-0.113022,-0.125912,-0.169148,-0.240175
7467,C V S HEALTH CORP,Bloomberg Columnist: Investors Should Question CVS Outlook Following Think carefully. Writedown,6,decrease,0.8,0.7,"the news suggests that investors should question cvs's outlook, which typically leads to decreased investor confidence and a potential drop in stock price.",0,,,,,,,,,,,,,,,,,,,,,,,,,,,,,,,,,,,,,,,,,,,,,,,,,,,,,,,,,,,,,,,,,,,,,,,,,,,,,,,,,,,,,,,,,,,,,,,,,,,,,,,,,,,,,,,,,,,,,,,,,,,,,,,,,,,,,,,,,,,,,,,,,,,,,,,,,,,,,,,,,,,,,,,,,,,,,,,,,,,,,,,,,,,,,,,,,,,,,,,,,,,,,,,,,,,,,,,,,,,,,,,,,,,,,,,,,,,,,,,,,,,,,,,,,,,,,,,,,,,,,,,,,,,,,,,,,,,,,,,,,,,,,,,,,,,,,,,,,,,
7475,C V S HEALTH CORP,From CVS Earnings Conference Call: Recently-Proposed Rebate Rule Will Take 'Us Backwards Not Forward',6,decrease,0.75,0.6,"the statement suggests that the proposed rebate rule could negatively impact cvs health corp's business operations, likely leading to a decrease in stock price.",0,2019-02-20,CVS,2019-02-20 14:25:00+00:00,17005.0,12665010,-0.0809959396719932,43365550.0,-0.0291186962276697,0.0050337766297161,-0.0064153606072068,0.0271826889365911,-0.0116222957149148,-0.0014751212438568,-0.0089825121685862,0.011640035547316,-0.0359261743724346,0.0293395351618528,-0.0114529598504304,0.0013843460474163,0.0051876055076718,-0.0112547203898429,-0.0373301543295383,-0.0042404783889651,-0.0178699064999818,0.0054819649085402,-0.0174672324210405,-0.003641412127763,-0.030370358377695,0.0105796139687299,0.0108861662447452,-0.0050343526527285,0.0154921533539891,-0.0062158284708857,0.016744215041399,0.0064082723110914,0.0351326279342174,0.0045984527096152,-0.0121972532942891,-0.0032085422426462,-0.0050107836723327,0.0072328955866396,0.0192446000874042,-0.0095295300707221,0.0074113640002906,0.0183302909135818,-0.0162900742143392,-0.0091574862599372,0.0220798011869192,0.0339276902377605,-0.0236933901906013,-0.0086044939234852,-0.019450394436717,0.0028239171952009,0.0080072544515132,-0.0244872160255909,-0.0241920948028564,-0.0071417903527617,-0.0127659318968653,0.0039663538336753,0.0106821535155177,-0.007419713307172,0.0048210332170128,-0.0363344214856624,-0.0380143485963344,-0.0011660375166684,0.0126606533303856,0.0267884004861116,0.0115552302449941,0.0243752300739288,0.0123595474287867,-0.0053369696252048,0.0016648196615278,0.000915830140002,-0.0079409107565879,0.0050620371475815,0.0027922135777771,-0.0007663308642804,-0.0219045914709568,-0.002599079394713,0.0022775242105126,0.0395741499960422,0.0266994852572679,-0.0122449388727545,-0.0059018754400312,-0.0418171249330043,-0.02523192204535,-0.0307624004781246,0.0017129834741353,-0.0139448139816522,0.005700156558305,-0.0159853566437959,0.0101086935028433,-0.0165552981197834,-0.0005664422060362,-0.0203081015497446,0.0056678489781916,-0.015167748555541,0.0056359050795435,0.0148480627685785,0.0085933664813637,0.0009545586071908,0.0072235483676195,-0.010122824460268,0.05424789711833,-0.0323887094855308,-0.0104657644405961,-0.0296540856361389,-0.001233909628354,-0.0076709380373358,-0.0010589723242446,-0.008478807285428,-0.0220848061144352,0.002499961759895,0.0070461286231875,-0.0033636060543358,-0.0069968281313776,0.0096854921430349,-0.0034326761960983,0.0213258452713489,-0.0242929682135582,0.0353816971182823,-0.0157933570444583,0.0011986145982518,-0.0033981555607169,-0.0056938603520393,-0.0092820925638079,-0.0385742373764514,-0.0291186962276697,0.0050337766297161,-0.0353472498981642,0.032353297150609,-0.0465587294220536,0.0308304508708165,-0.0890688421210322,0.0734254824605951,-0.1591404674706125,0.0602335519112464,-0.1779819324377262,0.0538416869033593,-0.1778455490813354,-0.103530258219135,2019-02-21,2019-02-22,2019-02-25,2019-02-26,2019-02-27,2019-02-28,2019-03-01,2019-03-04,2019-03-05,2019-03-06,17005.0,2019-02-20,252.0,-8.0996%,-0.0001,0.9305,-0.3408,0.5617,1.5998%,1.8499%,25.2122%,-0.085914,CVS,17005.0,2019-02-21,252.0,-2.9119%,-0.0001,0.9321,-0.3429,0.5648,1.6057%,1.8558%,25.1337%,-0.024723,CVS,17005.0,2019-02-22,252.0,-0.6415%,-0.0001,0.9313,-0.3143,0.5815,1.6000%,1.8485%,25.0819%,-0.002385,CVS,17005.0,2019-02-25,252.0,-1.1622%,-0.0001,0.9303,-0.3089,0.5808,1.6011%,1.8487%,24.9886%,-0.0128899999999999,CVS,17005.0,2019-02-26,252.0,-0.8983%,-0.0001,0.9393,-0.3071,0.5885,1.5999%,1.8494%,25.1621%,-0.0076539999999999,CVS,17005.0,2019-02-27,252.0,-3.5926%,-0.0001,0.9432,-0.3245,0.589,1.6141%,1.8631%,24.9427%,-0.0355819999999999,CVS,17005.0,2019-02-28,252.0,-1.1453%,-0.0002,0.9508,-0.3195,0.5962,1.6131%,1.8644%,25.1453%,-0.0070909999999999,CVS,17005.0,2019-03-01,252.0,0.5188%,-0.0002,0.9534,-0.3157,0.5993,1.6129%,1.8642%,25.1376%,0.001563,CVS,17005.0,2019-03-04,252.0,-3.7330%,-0.0004,0.9607,-0.3077,0.5901,1.6281%,1.8780%,24.8430%,-0.036063,CVS,17005.0,2019-03-05,252.0,-1.7870%,-0.0005,0.9622,-0.3062,0.5969,1.6307%,1.8810%,24.8355%,-0.015864,CVS,17005.0,2019-03-06,252.0,-1.7467%,-0.0005,0.9674,-0.2792,0.6065,1.6328%,1.8821%,24.7432%,-0.0135719999999999,CVS,-0.110637,-0.113022,-0.125912,-0.169148,-0.240175
7483,C V S HEALTH CORP,From CVS Health Q4 Earnings Conference Call: Sees PBM Unit Operating Income Down In Mid Single Digits Range On Year-Over-Year Basis,6,decrease,0.75,0.6,"a decline in operating income for the pbm unit suggests potential challenges in profitability, which could negatively impact investor sentiment and lead to a decrease in stock price.",0,2019-02-20,CVS,2019-02-20 14:08:00+00:00,17005.0,12665010,-0.0809959396719932,43365550.0,-0.0291186962276697,0.0050337766297161,-0.0064153606072068,0.0271826889365911,-0.0116222957149148,-0.0014751212438568,-0.0089825121685862,0.011640035547316,-0.0359261743724346,0.0293395351618528,-0.0114529598504304,0.0013843460474163,0.0051876055076718,-0.0112547203898429,-0.0373301543295383,-0.0042404783889651,-0.0178699064999818,0.0054819649085402,-0.0174672324210405,-0.003641412127763,-0.030370358377695,0.0105796139687299,0.0108861662447452,-0.0050343526527285,0.0154921533539891,-0.0062158284708857,0.016744215041399,0.0064082723110914,0.0351326279342174,0.0045984527096152,-0.0121972532942891,-0.0032085422426462,-0.0050107836723327,0.0072328955866396,0.0192446000874042,-0.0095295300707221,0.0074113640002906,0.0183302909135818,-0.0162900742143392,-0.0091574862599372,0.0220798011869192,0.0339276902377605,-0.0236933901906013,-0.0086044939234852,-0.019450394436717,0.0028239171952009,0.0080072544515132,-0.0244872160255909,-0.0241920948028564,-0.0071417903527617,-0.0127659318968653,0.0039663538336753,0.0106821535155177,-0.007419713307172,0.0048210332170128,-0.0363344214856624,-0.0380143485963344,-0.0011660375166684,0.0126606533303856,0.0267884004861116,0.0115552302449941,0.0243752300739288,0.0123595474287867,-0.0053369696252048,0.0016648196615278,0.000915830140002,-0.0079409107565879,0.0050620371475815,0.0027922135777771,-0.0007663308642804,-0.0219045914709568,-0.002599079394713,0.0022775242105126,0.0395741499960422,0.0266994852572679,-0.0122449388727545,-0.0059018754400312,-0.0418171249330043,-0.02523192204535,-0.0307624004781246,0.0017129834741353,-0.0139448139816522,0.005700156558305,-0.0159853566437959,0.0101086935028433,-0.0165552981197834,-0.0005664422060362,-0.0203081015497446,0.0056678489781916,-0.015167748555541,0.0056359050795435,0.0148480627685785,0.0085933664813637,0.0009545586071908,0.0072235483676195,-0.010122824460268,0.05424789711833,-0.0323887094855308,-0.0104657644405961,-0.0296540856361389,-0.001233909628354,-0.0076709380373358,-0.0010589723242446,-0.008478807285428,-0.0220848061144352,0.002499961759895,0.0070461286231875,-0.0033636060543358,-0.0069968281313776,0.0096854921430349,-0.0034326761960983,0.0213258452713489,-0.0242929682135582,0.0353816971182823,-0.0157933570444583,0.0011986145982518,-0.0033981555607169,-0.0056938603520393,-0.0092820925638079,-0.0385742373764514,-0.0291186962276697,0.0050337766297161,-0.0353472498981642,0.032353297150609,-0.0465587294220536,0.0308304508708165,-0.0890688421210322,0.0734254824605951,-0.1591404674706125,0.0602335519112464,-0.1779819324377262,0.0538416869033593,-0.1778455490813354,-0.103530258219135,2019-02-21,2019-02-22,2019-02-25,2019-02-26,2019-02-27,2019-02-28,2019-03-01,2019-03-04,2019-03-05,2019-03-06,17005.0,2019-02-20,252.0,-8.0996%,-0.0001,0.9305,-0.3408,0.5617,1.5998%,1.8499%,25.2122%,-0.085914,CVS,17005.0,2019-02-21,252.0,-2.9119%,-0.0001,0.9321,-0.3429,0.5648,1.6057%,1.8558%,25.1337%,-0.024723,CVS,17005.0,2019-02-22,252.0,-0.6415%,-0.0001,0.9313,-0.3143,0.5815,1.6000%,1.8485%,25.0819%,-0.002385,CVS,17005.0,2019-02-25,252.0,-1.1622%,-0.0001,0.9303,-0.3089,0.5808,1.6011%,1.8487%,24.9886%,-0.0128899999999999,CVS,17005.0,2019-02-26,252.0,-0.8983%,-0.0001,0.9393,-0.3071,0.5885,1.5999%,1.8494%,25.1621%,-0.0076539999999999,CVS,17005.0,2019-02-27,252.0,-3.5926%,-0.0001,0.9432,-0.3245,0.589,1.6141%,1.8631%,24.9427%,-0.0355819999999999,CVS,17005.0,2019-02-28,252.0,-1.1453%,-0.0002,0.9508,-0.3195,0.5962,1.6131%,1.8644%,25.1453%,-0.0070909999999999,CVS,17005.0,2019-03-01,252.0,0.5188%,-0.0002,0.9534,-0.3157,0.5993,1.6129%,1.8642%,25.1376%,0.001563,CVS,17005.0,2019-03-04,252.0,-3.7330%,-0.0004,0.9607,-0.3077,0.5901,1.6281%,1.8780%,24.8430%,-0.036063,CVS,17005.0,2019-03-05,252.0,-1.7870%,-0.0005,0.9622,-0.3062,0.5969,1.6307%,1.8810%,24.8355%,-0.015864,CVS,17005.0,2019-03-06,252.0,-1.7467%,-0.0005,0.9674,-0.2792,0.6065,1.6328%,1.8821%,24.7432%,-0.0135719999999999,CVS,-0.110637,-0.113022,-0.125912,-0.169148,-0.240175
7491,C V S HEALTH CORP,CVS shares are trading lower after the company said it expects 2019 EPS of $6.68 to $6.88 versus the $7.41 analyst estimate.,6,decrease,0.85,0.7,"the company's lower-than-expected eps guidance suggests weaker financial performance, likely leading to a decline in stock price.",0,2019-02-20,CVS,2019-02-20 13:28:00+00:00,17005.0,12665010,-0.0809959396719932,43365550.0,-0.0291186962276697,0.0050337766297161,-0.0064153606072068,0.0271826889365911,-0.0116222957149148,-0.0014751212438568,-0.0089825121685862,0.011640035547316,-0.0359261743724346,0.0293395351618528,-0.0114529598504304,0.0013843460474163,0.0051876055076718,-0.0112547203898429,-0.0373301543295383,-0.0042404783889651,-0.0178699064999818,0.0054819649085402,-0.0174672324210405,-0.003641412127763,-0.030370358377695,0.0105796139687299,0.0108861662447452,-0.0050343526527285,0.0154921533539891,-0.0062158284708857,0.016744215041399,0.0064082723110914,0.0351326279342174,0.0045984527096152,-0.0121972532942891,-0.0032085422426462,-0.0050107836723327,0.0072328955866396,0.0192446000874042,-0.0095295300707221,0.0074113640002906,0.0183302909135818,-0.0162900742143392,-0.0091574862599372,0.0220798011869192,0.0339276902377605,-0.0236933901906013,-0.0086044939234852,-0.019450394436717,0.0028239171952009,0.0080072544515132,-0.0244872160255909,-0.0241920948028564,-0.0071417903527617,-0.0127659318968653,0.0039663538336753,0.0106821535155177,-0.007419713307172,0.0048210332170128,-0.0363344214856624,-0.0380143485963344,-0.0011660375166684,0.0126606533303856,0.0267884004861116,0.0115552302449941,0.0243752300739288,0.0123595474287867,-0.0053369696252048,0.0016648196615278,0.000915830140002,-0.0079409107565879,0.0050620371475815,0.0027922135777771,-0.0007663308642804,-0.0219045914709568,-0.002599079394713,0.0022775242105126,0.0395741499960422,0.0266994852572679,-0.0122449388727545,-0.0059018754400312,-0.0418171249330043,-0.02523192204535,-0.0307624004781246,0.0017129834741353,-0.0139448139816522,0.005700156558305,-0.0159853566437959,0.0101086935028433,-0.0165552981197834,-0.0005664422060362,-0.0203081015497446,0.0056678489781916,-0.015167748555541,0.0056359050795435,0.0148480627685785,0.0085933664813637,0.0009545586071908,0.0072235483676195,-0.010122824460268,0.05424789711833,-0.0323887094855308,-0.0104657644405961,-0.0296540856361389,-0.001233909628354,-0.0076709380373358,-0.0010589723242446,-0.008478807285428,-0.0220848061144352,0.002499961759895,0.0070461286231875,-0.0033636060543358,-0.0069968281313776,0.0096854921430349,-0.0034326761960983,0.0213258452713489,-0.0242929682135582,0.0353816971182823,-0.0157933570444583,0.0011986145982518,-0.0033981555607169,-0.0056938603520393,-0.0092820925638079,-0.0385742373764514,-0.0291186962276697,0.0050337766297161,-0.0353472498981642,0.032353297150609,-0.0465587294220536,0.0308304508708165,-0.0890688421210322,0.0734254824605951,-0.1591404674706125,0.0602335519112464,-0.1779819324377262,0.0538416869033593,-0.1778455490813354,-0.103530258219135,2019-02-21,2019-02-22,2019-02-25,2019-02-26,2019-02-27,2019-02-28,2019-03-01,2019-03-04,2019-03-05,2019-03-06,17005.0,2019-02-20,252.0,-8.0996%,-0.0001,0.9305,-0.3408,0.5617,1.5998%,1.8499%,25.2122%,-0.085914,CVS,17005.0,2019-02-21,252.0,-2.9119%,-0.0001,0.9321,-0.3429,0.5648,1.6057%,1.8558%,25.1337%,-0.024723,CVS,17005.0,2019-02-22,252.0,-0.6415%,-0.0001,0.9313,-0.3143,0.5815,1.6000%,1.8485%,25.0819%,-0.002385,CVS,17005.0,2019-02-25,252.0,-1.1622%,-0.0001,0.9303,-0.3089,0.5808,1.6011%,1.8487%,24.9886%,-0.0128899999999999,CVS,17005.0,2019-02-26,252.0,-0.8983%,-0.0001,0.9393,-0.3071,0.5885,1.5999%,1.8494%,25.1621%,-0.0076539999999999,CVS,17005.0,2019-02-27,252.0,-3.5926%,-0.0001,0.9432,-0.3245,0.589,1.6141%,1.8631%,24.9427%,-0.0355819999999999,CVS,17005.0,2019-02-28,252.0,-1.1453%,-0.0002,0.9508,-0.3195,0.5962,1.6131%,1.8644%,25.1453%,-0.0070909999999999,CVS,17005.0,2019-03-01,252.0,0.5188%,-0.0002,0.9534,-0.3157,0.5993,1.6129%,1.8642%,25.1376%,0.001563,CVS,17005.0,2019-03-04,252.0,-3.7330%,-0.0004,0.9607,-0.3077,0.5901,1.6281%,1.8780%,24.8430%,-0.036063,CVS,17005.0,2019-03-05,252.0,-1.7870%,-0.0005,0.9622,-0.3062,0.5969,1.6307%,1.8810%,24.8355%,-0.015864,CVS,17005.0,2019-03-06,252.0,-1.7467%,-0.0005,0.9674,-0.2792,0.6065,1.6328%,1.8821%,24.7432%,-0.0135719999999999,CVS,-0.110637,-0.113022,-0.125912,-0.169148,-0.240175
7499,C V S HEALTH CORP,CVS Health Corporation Sees FY19 Adj. EPS $6.68-$6.88 vs $7.41 Est.,6,decrease,0.8,0.7,"the adjusted eps guidance for fy19 is lower than the analyst estimate, which is likely to lead to a negative reaction in the stock price.",0,2019-02-20,CVS,2019-02-20 11:57:00+00:00,17005.0,12665010,-0.0809959396719932,43365550.0,-0.0291186962276697,0.0050337766297161,-0.0064153606072068,0.0271826889365911,-0.0116222957149148,-0.0014751212438568,-0.0089825121685862,0.011640035547316,-0.0359261743724346,0.0293395351618528,-0.0114529598504304,0.0013843460474163,0.0051876055076718,-0.0112547203898429,-0.0373301543295383,-0.0042404783889651,-0.0178699064999818,0.0054819649085402,-0.0174672324210405,-0.003641412127763,-0.030370358377695,0.0105796139687299,0.0108861662447452,-0.0050343526527285,0.0154921533539891,-0.0062158284708857,0.016744215041399,0.0064082723110914,0.0351326279342174,0.0045984527096152,-0.0121972532942891,-0.0032085422426462,-0.0050107836723327,0.0072328955866396,0.0192446000874042,-0.0095295300707221,0.0074113640002906,0.0183302909135818,-0.0162900742143392,-0.0091574862599372,0.0220798011869192,0.0339276902377605,-0.0236933901906013,-0.0086044939234852,-0.019450394436717,0.0028239171952009,0.0080072544515132,-0.0244872160255909,-0.0241920948028564,-0.0071417903527617,-0.0127659318968653,0.0039663538336753,0.0106821535155177,-0.007419713307172,0.0048210332170128,-0.0363344214856624,-0.0380143485963344,-0.0011660375166684,0.0126606533303856,0.0267884004861116,0.0115552302449941,0.0243752300739288,0.0123595474287867,-0.0053369696252048,0.0016648196615278,0.000915830140002,-0.0079409107565879,0.0050620371475815,0.0027922135777771,-0.0007663308642804,-0.0219045914709568,-0.002599079394713,0.0022775242105126,0.0395741499960422,0.0266994852572679,-0.0122449388727545,-0.0059018754400312,-0.0418171249330043,-0.02523192204535,-0.0307624004781246,0.0017129834741353,-0.0139448139816522,0.005700156558305,-0.0159853566437959,0.0101086935028433,-0.0165552981197834,-0.0005664422060362,-0.0203081015497446,0.0056678489781916,-0.015167748555541,0.0056359050795435,0.0148480627685785,0.0085933664813637,0.0009545586071908,0.0072235483676195,-0.010122824460268,0.05424789711833,-0.0323887094855308,-0.0104657644405961,-0.0296540856361389,-0.001233909628354,-0.0076709380373358,-0.0010589723242446,-0.008478807285428,-0.0220848061144352,0.002499961759895,0.0070461286231875,-0.0033636060543358,-0.0069968281313776,0.0096854921430349,-0.0034326761960983,0.0213258452713489,-0.0242929682135582,0.0353816971182823,-0.0157933570444583,0.0011986145982518,-0.0033981555607169,-0.0056938603520393,-0.0092820925638079,-0.0385742373764514,-0.0291186962276697,0.0050337766297161,-0.0353472498981642,0.032353297150609,-0.0465587294220536,0.0308304508708165,-0.0890688421210322,0.0734254824605951,-0.1591404674706125,0.0602335519112464,-0.1779819324377262,0.0538416869033593,-0.1778455490813354,-0.103530258219135,2019-02-21,2019-02-22,2019-02-25,2019-02-26,2019-02-27,2019-02-28,2019-03-01,2019-03-04,2019-03-05,2019-03-06,17005.0,2019-02-20,252.0,-8.0996%,-0.0001,0.9305,-0.3408,0.5617,1.5998%,1.8499%,25.2122%,-0.085914,CVS,17005.0,2019-02-21,252.0,-2.9119%,-0.0001,0.9321,-0.3429,0.5648,1.6057%,1.8558%,25.1337%,-0.024723,CVS,17005.0,2019-02-22,252.0,-0.6415%,-0.0001,0.9313,-0.3143,0.5815,1.6000%,1.8485%,25.0819%,-0.002385,CVS,17005.0,2019-02-25,252.0,-1.1622%,-0.0001,0.9303,-0.3089,0.5808,1.6011%,1.8487%,24.9886%,-0.0128899999999999,CVS,17005.0,2019-02-26,252.0,-0.8983%,-0.0001,0.9393,-0.3071,0.5885,1.5999%,1.8494%,25.1621%,-0.0076539999999999,CVS,17005.0,2019-02-27,252.0,-3.5926%,-0.0001,0.9432,-0.3245,0.589,1.6141%,1.8631%,24.9427%,-0.0355819999999999,CVS,17005.0,2019-02-28,252.0,-1.1453%,-0.0002,0.9508,-0.3195,0.5962,1.6131%,1.8644%,25.1453%,-0.0070909999999999,CVS,17005.0,2019-03-01,252.0,0.5188%,-0.0002,0.9534,-0.3157,0.5993,1.6129%,1.8642%,25.1376%,0.001563,CVS,17005.0,2019-03-04,252.0,-3.7330%,-0.0004,0.9607,-0.3077,0.5901,1.6281%,1.8780%,24.8430%,-0.036063,CVS,17005.0,2019-03-05,252.0,-1.7870%,-0.0005,0.9622,-0.3062,0.5969,1.6307%,1.8810%,24.8355%,-0.015864,CVS,17005.0,2019-03-06,252.0,-1.7467%,-0.0005,0.9674,-0.2792,0.6065,1.6328%,1.8821%,24.7432%,-0.0135719999999999,CVS,-0.110637,-0.113022,-0.125912,-0.169148,-0.240175
7507,C V S HEALTH CORP,"CVS Health Q4 Adj. EPS $2.14 Beats $2.05 Estimate, Sales $54.42B Miss $54.58B Estimate",6,uncertain,0.6,0.3,"while cvs health beat earnings expectations, the miss on sales could create mixed reactions among investors, leading to uncertainty in stock price movement.",1,2019-02-20,CVS,2019-02-20 11:56:00+00:00,17005.0,12665010,-0.0809959396719932,43365550.0,-0.0291186962276697,0.0050337766297161,-0.0064153606072068,0.0271826889365911,-0.0116222957149148,-0.0014751212438568,-0.0089825121685862,0.011640035547316,-0.0359261743724346,0.0293395351618528,-0.0114529598504304,0.0013843460474163,0.0051876055076718,-0.0112547203898429,-0.0373301543295383,-0.0042404783889651,-0.0178699064999818,0.0054819649085402,-0.0174672324210405,-0.003641412127763,-0.030370358377695,0.0105796139687299,0.0108861662447452,-0.0050343526527285,0.0154921533539891,-0.0062158284708857,0.016744215041399,0.0064082723110914,0.0351326279342174,0.0045984527096152,-0.0121972532942891,-0.0032085422426462,-0.0050107836723327,0.0072328955866396,0.0192446000874042,-0.0095295300707221,0.0074113640002906,0.0183302909135818,-0.0162900742143392,-0.0091574862599372,0.0220798011869192,0.0339276902377605,-0.0236933901906013,-0.0086044939234852,-0.019450394436717,0.0028239171952009,0.0080072544515132,-0.0244872160255909,-0.0241920948028564,-0.0071417903527617,-0.0127659318968653,0.0039663538336753,0.0106821535155177,-0.007419713307172,0.0048210332170128,-0.0363344214856624,-0.0380143485963344,-0.0011660375166684,0.0126606533303856,0.0267884004861116,0.0115552302449941,0.0243752300739288,0.0123595474287867,-0.0053369696252048,0.0016648196615278,0.000915830140002,-0.0079409107565879,0.0050620371475815,0.0027922135777771,-0.0007663308642804,-0.0219045914709568,-0.002599079394713,0.0022775242105126,0.0395741499960422,0.0266994852572679,-0.0122449388727545,-0.0059018754400312,-0.0418171249330043,-0.02523192204535,-0.0307624004781246,0.0017129834741353,-0.0139448139816522,0.005700156558305,-0.0159853566437959,0.0101086935028433,-0.0165552981197834,-0.0005664422060362,-0.0203081015497446,0.0056678489781916,-0.015167748555541,0.0056359050795435,0.0148480627685785,0.0085933664813637,0.0009545586071908,0.0072235483676195,-0.010122824460268,0.05424789711833,-0.0323887094855308,-0.0104657644405961,-0.0296540856361389,-0.001233909628354,-0.0076709380373358,-0.0010589723242446,-0.008478807285428,-0.0220848061144352,0.002499961759895,0.0070461286231875,-0.0033636060543358,-0.0069968281313776,0.0096854921430349,-0.0034326761960983,0.0213258452713489,-0.0242929682135582,0.0353816971182823,-0.0157933570444583,0.0011986145982518,-0.0033981555607169,-0.0056938603520393,-0.0092820925638079,-0.0385742373764514,-0.0291186962276697,0.0050337766297161,-0.0353472498981642,0.032353297150609,-0.0465587294220536,0.0308304508708165,-0.0890688421210322,0.0734254824605951,-0.1591404674706125,0.0602335519112464,-0.1779819324377262,0.0538416869033593,-0.1778455490813354,-0.103530258219135,2019-02-21,2019-02-22,2019-02-25,2019-02-26,2019-02-27,2019-02-28,2019-03-01,2019-03-04,2019-03-05,2019-03-06,17005.0,2019-02-20,252.0,-8.0996%,-0.0001,0.9305,-0.3408,0.5617,1.5998%,1.8499%,25.2122%,-0.085914,CVS,17005.0,2019-02-21,252.0,-2.9119%,-0.0001,0.9321,-0.3429,0.5648,1.6057%,1.8558%,25.1337%,-0.024723,CVS,17005.0,2019-02-22,252.0,-0.6415%,-0.0001,0.9313,-0.3143,0.5815,1.6000%,1.8485%,25.0819%,-0.002385,CVS,17005.0,2019-02-25,252.0,-1.1622%,-0.0001,0.9303,-0.3089,0.5808,1.6011%,1.8487%,24.9886%,-0.0128899999999999,CVS,17005.0,2019-02-26,252.0,-0.8983%,-0.0001,0.9393,-0.3071,0.5885,1.5999%,1.8494%,25.1621%,-0.0076539999999999,CVS,17005.0,2019-02-27,252.0,-3.5926%,-0.0001,0.9432,-0.3245,0.589,1.6141%,1.8631%,24.9427%,-0.0355819999999999,CVS,17005.0,2019-02-28,252.0,-1.1453%,-0.0002,0.9508,-0.3195,0.5962,1.6131%,1.8644%,25.1453%,-0.0070909999999999,CVS,17005.0,2019-03-01,252.0,0.5188%,-0.0002,0.9534,-0.3157,0.5993,1.6129%,1.8642%,25.1376%,0.001563,CVS,17005.0,2019-03-04,252.0,-3.7330%,-0.0004,0.9607,-0.3077,0.5901,1.6281%,1.8780%,24.8430%,-0.036063,CVS,17005.0,2019-03-05,252.0,-1.7870%,-0.0005,0.9622,-0.3062,0.5969,1.6307%,1.8810%,24.8355%,-0.015864,CVS,17005.0,2019-03-06,252.0,-1.7467%,-0.0005,0.9674,-0.2792,0.6065,1.6328%,1.8821%,24.7432%,-0.0135719999999999,CVS,-0.110637,-0.113022,-0.125912,-0.169148,-0.240175
7515,COMMUNITY HEALTH SYS INC NEW,"Community Health Systems Q4 EPS $(0.42) Beats $(0.58) Estimate, Sales $3.453B Beat $3.38B Estimate",6,increase,0.7,0.5,"the company reported a smaller loss than expected and higher sales than anticipated, which typically signals better performance and can positively influence investor sentiment.",2,2019-02-20,CYH,2019-02-20 21:37:00+00:00,88284.0,20366810,0.0226131044328212,1340241.0,0.103193998336792,0.0075949295423924,0.002227222546935,0.0233161021023988,0.0733333155512809,0.002597400220111,-0.0124223483726382,0.0294117368757724,-0.0356394276022911,-0.041025660932064,0.076086938381195,0.0540540665388107,0.0080808009952306,-0.093137226998806,0.0080161206424236,0.0488431379199028,0.0198806952685117,0.0103896623477339,-0.0526315756142139,0.0052219270728528,-0.0041152224875986,0.0078947292640805,-0.0413223728537559,-0.0355330221354961,0.0021552217658609,0.047872357070446,-0.0043010711669921,0.0245231371372938,0.0302375517785549,0.0194444917142391,-0.0356394276022911,-0.0374331846833229,-0.0630434677004814,-0.0131925996392965,0.002320238854736,0.021563321352005,0.0231481250375509,-0.0313315652310848,0.0180995296686887,-0.0543210506439209,0.0200000330805778,-0.0049140001647174,-0.0588235221803188,0.0200501661747694,-0.0277778599411249,0.0050377785228192,-0.0190476011484861,0.0758807510137558,-0.0533980093896389,-0.0186170041561126,-0.0179487615823745,0.0080428877845406,-0.0261096358299255,0.0389972440898418,0.0321715511381626,0.0169971510767936,-0.0389610044658184,0.0443786531686782,0.0081080999225378,0.0496894679963588,-0.0080428877845406,0.0254776813089847,0.010810799896717,-0.009463713504374,-0.0133689707145094,0.124113529920578,-0.0027100243605673,-0.0174215864390134,0.0027173885609954,-0.0204778779298067,-0.0325203575193882,-0.0233333110809326,-0.0448178835213184,0.06007070094347,-0.0058650970458984,-0.0207613073289394,-0.0560472123324871,0.0104895839467644,-0.012499988079071,-0.0744336619973182,0.0316455401480197,-0.0550458915531635,-0.0276073366403579,-0.0353982672095298,0.056782279163599,-0.1352040767669678,0.047761220484972,-0.1070614606142044,0.0313390009105205,-0.0435730442404747,0.0138122076168656,0.0177383422851562,-0.0435967519879341,-0.0022123344242572,-0.0199430007487535,-0.021645002067089,0.0029069739393889,-0.0021598765160888,-0.0782608613371849,-0.0551020354032516,0.0597483702003955,-0.0140844462439417,0.02967363409698,0.0463157445192337,-0.0922190025448799,0.0698198080062866,0.0984126776456832,0.1100000143051147,0.0057803411036729,0.0554089806973934,-0.0086206812411546,0.0412087514996528,-0.0550724789500236,0.013927630148828,0.0214723721146583,-0.0297297649085521,0.0,0.024930790066719,-0.0210210010409355,0.0433525592088699,0.1031939983367919,0.0075949295423924,0.1056510568835311,0.0310881157974622,0.1867321147275784,0.0337662642963885,0.1302210581202383,0.0205128018781943,0.194103174607165,0.0391645151125374,-0.0835381157216992,0.2360248296567508,-0.1990172298689558,0.1502889990475042,2019-02-21,2019-02-22,2019-02-25,2019-02-26,2019-02-27,2019-02-28,2019-03-01,2019-03-04,2019-03-05,2019-03-06,88284.0,2019-02-20,252.0,2.2613%,-0.0007,1.2656,2.4265,0.6543,4.4793%,4.8050%,13.0946%,0.011091,CYH,88284.0,2019-02-21,252.0,10.3194%,-0.0003,1.2375,2.3938,0.6019,4.5339%,4.8465%,12.4823%,0.11098,CYH,88284.0,2019-02-22,252.0,0.2227%,-0.0003,1.2391,2.3862,0.6147,4.5343%,4.8451%,12.4175%,-0.010235,CYH,88284.0,2019-02-25,252.0,7.3333%,-0.0001,1.2424,2.3506,0.6084,4.5572%,4.8634%,12.1944%,0.078685,CYH,88284.0,2019-02-26,252.0,-1.2422%,0.0002,1.282,2.3032,0.6139,4.5370%,4.8499%,12.4867%,0.0065169999999999,CYH,88284.0,2019-02-27,252.0,-3.5639%,0.0,1.2829,2.2896,0.614,4.5442%,4.8552%,12.4016%,-0.040533,CYH,88284.0,2019-02-28,252.0,7.6087%,-0.0,1.3134,2.3133,0.6172,4.5393%,4.8603%,12.7736%,0.081041,CYH,88284.0,2019-03-01,252.0,0.8081%,0.0005,1.2234,2.1794,0.4805,4.4441%,4.7375%,12.0040%,-0.005706,CYH,88284.0,2019-03-04,252.0,0.8016%,0.0011,1.1676,2.3463,0.4992,4.3867%,4.6896%,12.5010%,0.021131,CYH,88284.0,2019-03-05,252.0,1.9881%,0.001,1.1537,2.2572,0.4785,4.3831%,4.6684%,11.8508%,0.030247,CYH,88284.0,2019-03-06,252.0,-5.2632%,0.0012,1.1861,2.2675,0.5165,4.3735%,4.6726%,12.3930%,-0.0147809999999999,CYH,0.122071,0.111836,0.190521,0.156505,0.268437
7523,CYTOKINETICS INC,"Cytokinetics Announces Initiation Of Phase 1 Clinical Study Of AMG 594, A Cardiac Troponin Activator",6,increase,0.7,0.6,"the initiation of a phase 1 clinical study for a new drug typically signals progress in research and development, which can positively influence investor sentiment and stock price.",2,2019-02-20,CYTK,2019-02-20 14:02:00+00:00,90126.0,23282W60,-0.0455136410892009,1090777.0,-0.0177111867815256,-0.026582283899188,0.0097087612375617,0.036745436489582,0.0027472500223666,0.0026315764989703,-0.0219178516417741,0.0026385199744254,0.0154061811044812,0.0284938998520374,-0.0041379597969353,0.0453900247812271,0.0027700804639607,0.0,-0.0732043832540512,-0.036885242909193,-0.0312965773046016,-0.010810799896717,-0.0846154168248176,0.0164835005998611,0.0100841047242283,0.0297029744833707,0.039933405816555,0.0056898947805166,0.0559999831020832,0.0115108489990234,0.0257575884461402,0.019061530008912,0.0413589663803577,-0.0072779790498316,0.0666666328907013,-0.0255319569259882,0.0359042510390281,0.0173160694539547,0.0564826168119907,0.0327868536114692,0.040097314864397,0.0014925715513527,0.1904204487800598,-0.0218978244811296,-0.1324827820062637,-0.0242165345698595,-0.0101810125634074,-0.002840906381607,0.0102857314050197,0.0028490000404417,-0.0192307773977518,0.0057306536473333,-0.0484429150819778,-0.0412088148295879,0.0012121489271521,-0.0175438113510608,-0.0205811224877834,0.0081632575020194,-0.0049443710595369,-0.0479274466633796,0.0049689393490552,0.0934844017028808,0.0271940995007753,-0.0302198156714439,0.0096269454807043,0.0627737715840339,0.030989184975624,0.0043987878598272,-0.0138728199526667,0.0791139230132103,0.0,0.0326797850430011,0.0222743898630142,-0.0223642718046903,-0.0194954201579093,0.0,0.0257310252636671,0.059221725910902,-0.0319271013140678,-0.019900556653738,-0.0212013367563486,-0.0351999662816524,-0.0433213710784912,-0.0822320058941841,0.0163522157818079,-0.0326704569160938,0.0482673682272434,-0.0303030665963888,0.0578512102365493,-0.0571428053081035,0.0390625409781932,-0.0265486780554056,-0.0075188660994172,-0.0112500190734863,-0.005411276128143,0.0050251209177076,0.0228509306907653,0.0270967800170183,-0.0617021210491657,0.0472972840070724,-0.0566893443465232,-0.0224570762366056,0.0156250149011611,0.0013227815506979,0.0473373457789421,-0.0454545617103576,0.0711863413453102,0.0076335803605616,-0.0242615565657615,0.0261096991598606,-0.0335135571658611,-0.0531520769000053,0.0078300507739186,0.0547588095068931,0.1176469996571541,0.0013055129675194,0.0039721908979117,0.0536451004445552,0.0316518954932689,-0.012228281237185,0.0239693187177181,0.032258067280054,0.0046815765090286,0.0408759452402591,-0.0177111867815256,-0.026582283899188,-0.0081743792276596,0.0091863749656284,-0.0054495862688089,0.0118421261130692,-0.0122616011236386,0.0434192920166869,-0.1893733402555198,0.0563186581486201,0.132152604795974,0.0563186633415244,0.4618527496211633,0.122627774245922,2019-02-21,2019-02-22,2019-02-25,2019-02-26,2019-02-27,2019-02-28,2019-03-01,2019-03-04,2019-03-05,2019-03-06,90126.0,2019-02-20,252.0,-4.5514%,-0.0005,1.304,1.5434,-1.0595,3.2975%,3.8760%,27.6235%,-0.04568,CYTK,90126.0,2019-02-21,252.0,-1.7711%,-0.0004,1.299,1.5301,-1.0686,3.2955%,3.8715%,27.5425%,-0.014343,CYTK,90126.0,2019-02-22,252.0,0.9709%,-0.0005,1.3014,1.5476,-1.0239,3.2968%,3.8710%,27.4667%,-0.022958,CYTK,90126.0,2019-02-25,252.0,0.2747%,-0.0005,1.3031,1.5476,-1.0174,3.2955%,3.8692%,27.4535%,0.002876,CYTK,90126.0,2019-02-26,252.0,-2.1918%,-0.0005,1.3072,1.5616,-1.0073,3.2965%,3.8709%,27.4782%,-0.013386,CYTK,90126.0,2019-02-27,252.0,1.5406%,-0.0005,1.3105,1.5588,-1.0067,3.2968%,3.8721%,27.5054%,0.009954,CYTK,90126.0,2019-02-28,252.0,-0.4138%,-0.0005,1.315,1.5618,-1.0029,3.2965%,3.8713%,27.4896%,-0.003004,CYTK,90126.0,2019-03-01,252.0,0.2770%,-0.0006,1.3193,1.5681,-0.9894,3.2970%,3.8711%,27.4630%,-0.0153289999999999,CYTK,90126.0,2019-03-04,252.0,-7.3204%,-0.0008,1.3232,1.6052,-1.0019,3.3153%,3.8986%,27.6862%,-0.056303,CYTK,90126.0,2019-03-05,252.0,-3.1297%,-0.0009,1.3274,1.621,-0.9894,3.3192%,3.8983%,27.5014%,-0.026565,CYTK,90126.0,2019-03-06,252.0,-8.4615%,-0.0013,1.3241,1.7486,-0.9757,3.3220%,3.9214%,28.2374%,-0.052735,CYTK,-0.060023,-0.082981,-0.080105,-0.0835369999999999,-0.237473
7531,DAKTRONICS INC,"Daktronics Q3 EPS $(0.07) Misses $(0.04) Estimate, Sales $115.1M Miss $131.59M Estimate",6,decrease,0.8,0.7,"the company reported a larger-than-expected loss and lower sales than anticipated, which typically leads to a decline in stock price.",0,2019-02-20,DAKT,2019-02-20 12:37:00+00:00,80233.0,23426410,-0.0143027268350124,508920.0,-0.0036276523023843,0.0072029316797852,0.0072816046886146,0.0121507151052355,-0.0108433915302157,0.0261844228953123,-0.0036540478467941,0.0164766274392604,0.0024449271149933,0.0025412936229258,-0.0097560882568359,0.0,0.0123153179883956,-0.0063131554052233,0.0,-0.0087609132751822,-0.0194647014141082,0.0113923642784357,-0.0186104923486709,0.0012674561003223,-0.0069532021880149,0.0246753320097923,0.0019096336327493,0.0225763078778982,0.0051282001659274,-0.0079051302745938,-0.0127551509067416,0.028455289080739,-0.0038759345188736,-0.0159999839961528,-0.0012970465468242,-0.0196078550070524,-0.0220778714865446,0.0296097267419099,-0.0013280515559017,0.0,0.0093085337430238,0.0136425523087382,0.0092226210981607,-0.0107962116599082,0.0091384034603834,0.0,-0.027166886255145,0.0027063575107604,-0.0039893896318972,-0.0120321055874228,0.0026702880859375,0.002680962672457,-0.0039947014302015,0.0040377131663262,-0.0080213826149702,-0.0066845174878835,0.0040430906228721,-0.0373230315744876,0.0174496807157993,0.0025806427001953,-0.0171504113823175,0.0183968283236026,-0.0053691226057708,-0.0026212295051664,0.0,0.0437756739556789,-0.0040485472418367,-0.006793504115194,0.0067750290036201,-0.0054053999483585,-0.0013458617031574,-0.0185676217079162,0.0296495668590068,0.0039946381002664,-0.0065444651991128,-0.0066137188114225,-0.0105401743203401,0.0427586138248443,-0.0053262901492416,-0.0229110606014728,0.0,-0.0262466948479414,0.0120482137426734,-0.0091027533635497,0.0013227815506979,-0.0482673123478889,-0.0132100898772478,0.0099999904632568,0.0,-0.0220049265772104,-0.0066934023052453,0.0086313998326659,-0.0121294008567929,-0.0299043077975511,-0.0040927329100668,0.008443871513009,0.0232876166701316,-0.002406793879345,0.0147255873307585,0.0072727780789136,-0.0052770399488508,-0.0047846483066678,-0.0145888775587081,-0.0011947704479098,0.0228802263736724,-0.0510203875601291,-0.003947333432734,-0.0145251527428627,-0.0092470506206154,-0.0088593494147062,-0.0200000125914812,0.0011085669975727,0.0095238331705331,0.0415705107152462,0.0067385057918727,-0.0147895468398928,-0.032128483057022,-0.006779707968235,-0.006915655452758,0.0338784977793693,0.0055710254237055,0.1145834103226662,0.0013850732939317,0.0,-0.0036276523023843,0.0072029316797852,0.0036275372562164,0.0194411675557844,-0.0072551890807588,0.046134646203956,-0.0084644064766956,0.0660737560216375,-0.0435309061332983,0.063371417219727,-0.0959492832522237,0.0996068452721661,-0.1179100078659376,0.1017172402997432,2019-02-21,2019-02-22,2019-02-25,2019-02-26,2019-02-27,2019-02-28,2019-03-01,2019-03-04,2019-03-05,2019-03-06,80233.0,2019-02-20,252.0,-1.4303%,-0.0004,0.6794,1.0009,0.0314,2.0199%,2.2132%,16.7088%,-0.018206,DAKT,80233.0,2019-02-21,252.0,-0.3628%,-0.0003,0.6648,0.9711,0.0046,2.0036%,2.1920%,16.4543%,-0.000441,DAKT,80233.0,2019-02-22,252.0,0.7282%,-0.0003,0.6652,0.9693,0.0073,2.0036%,2.1922%,16.4662%,-0.0024129999999999,DAKT,80233.0,2019-02-25,252.0,-1.0843%,-0.0003,0.665,0.9737,0.0091,2.0044%,2.1933%,16.4804%,-0.009408,DAKT,80233.0,2019-02-26,252.0,-0.3654%,-0.0003,0.6667,0.9667,0.0068,2.0044%,2.1933%,16.4880%,0.003572,DAKT,80233.0,2019-02-27,252.0,0.2445%,-0.0003,0.6662,0.9676,0.0068,2.0044%,2.1933%,16.4851%,-8.4e-05,DAKT,80233.0,2019-02-28,252.0,-0.9756%,-0.0003,0.6645,0.9661,0.0073,2.0046%,2.1917%,16.3451%,-0.007967,DAKT,80233.0,2019-03-01,252.0,1.2315%,-0.0003,0.6713,0.9763,0.0156,2.0039%,2.1930%,16.5009%,0.004668,DAKT,80233.0,2019-03-04,252.0,0.0000%,-0.0002,0.6655,0.9889,0.0186,2.0034%,2.1923%,16.4910%,0.007245,DAKT,80233.0,2019-03-05,252.0,-1.9465%,-0.0003,0.6685,1.0027,0.0264,2.0055%,2.1940%,16.4447%,-0.015313,DAKT,80233.0,2019-03-06,252.0,-1.8610%,-0.0003,0.666,1.0052,0.0239,2.0053%,2.1966%,16.6578%,-0.0004619999999999,DAKT,-0.018647,-0.02106,-0.030468,-0.02698,-0.0388089999999999
7539,DEUTSCHE BANK A G,Deutsche Bank Lost $1.6B On 10-Year Municipal Bond Trade,6,decrease,0.85,0.7,a significant loss of $1.6 billion on a trade is likely to negatively impact investor confidence and lead to a decrease in deutsche bank's stock price.,0,2019-02-20,DB,2019-02-20 19:43:00+00:00,89199.0,D1819089,0.0150987366214394,3601465.0,-0.0091533092781901,-0.021590968593955,-0.0011547608301043,0.0551558770239353,0.0138729298487305,-0.0234191808849573,0.0171037185937166,0.0,0.0213004015386104,0.0264423415064811,0.0142700457945466,0.0158730298280715,0.005411276128143,-0.0203349385410547,-0.0096878530457615,-0.0659218057990074,-0.004347822163254,0.0056179990060627,0.0010917281033471,0.0113635715097188,-0.0556161627173423,-0.0056497389450669,-0.0023094115313142,-0.0033783481922,0.0555555000901222,-0.0441334620118141,-0.0285087972879409,0.0065005873329937,0.0225734505802393,-0.0043150931596755,-0.016556354239583,0.0032468277495354,-0.0033669734839349,0.042889405041933,0.0427928045392036,-0.0209945328533649,-0.0226781889796257,0.022598847746849,-0.0298343040049076,-0.031728658825159,-0.0398632623255252,0.0246637072414159,-0.0260973032563924,-0.0398277603089809,-0.0048721022903919,0.0764773860573768,0.013463850133121,0.0058275279588997,0.0217391680926084,0.002336390549317,-0.0319149494171142,-0.0058071124367415,-0.0085469717159867,0.0058410321362316,0.0529557019472122,-0.0205948911607265,-0.0058479756116867,0.0045976969413459,0.0105882529169321,0.0211266838014125,-0.0104773165658116,0.0531520769000053,-0.0176470130681991,-0.0134145924821496,-0.0035928965080529,0.0061349929310381,-0.0096153756603598,0.0124222887679934,-0.003640744369477,0.030729865655303,0.0219245199114084,-0.0428921468555927,0.0262216087430715,0.031605564057827,0.0034844004549086,0.0050825872458517,0.0266203172504901,-0.0235732663422823,0.0067644217051565,-0.0370369739830493,-0.0167973767966032,-0.0368239022791385,-0.0034168262500315,0.0104650231078267,-0.0240000039339065,-0.0227272510528564,-0.0046838363632559,-0.0078917359933257,-0.0176470130681991,-0.0177186988294124,-0.0191617719829082,0.0840335935354232,0.0158730298280715,-0.0059666098095476,-0.0048076878301799,-0.0400915741920471,-0.0157004967331886,-0.019101133570075,0.0085890367627143,-0.0176601316779851,0.0,-0.0351437591016292,-0.0133820688351988,0.0251092240214347,-0.0357582606375217,-0.0276008732616901,0.0063938251696527,-0.0475227758288383,-0.0114357909187674,0.0050813201814889,0.0115680815652012,0.0113053051754832,-0.0292249079793691,0.051891840994358,0.005235597025603,-0.0201270747929811,-0.0013020511250942,0.0227519012987613,-0.0013038107426837,-0.0562372393906116,-0.0091533092781901,-0.021590968593955,-0.0102975002252742,0.0323740396213845,0.0034325731252138,0.0081966852465571,0.0423340848236182,0.0348557663035489,0.0491991209650397,-0.0215909695081033,-0.0171624320842354,0.0105632874694945,-0.1235697903007511,-0.1196319095479114,2019-02-21,2019-02-22,2019-02-25,2019-02-26,2019-02-27,2019-02-28,2019-03-01,2019-03-04,2019-03-05,2019-03-06,89199.0,2019-02-20,252.0,1.5099%,-0.0019,1.3359,0.573,1.3652,1.8478%,2.2658%,33.4901%,0.0037519999999999,DB,89199.0,2019-02-21,252.0,-0.9153%,-0.0021,1.3498,0.6016,1.3906,1.8311%,2.2603%,34.3724%,-0.00077,DB,89199.0,2019-02-22,252.0,-0.1155%,-0.0021,1.3488,0.5947,1.3726,1.8315%,2.2596%,34.3016%,0.007105,DB,89199.0,2019-02-25,252.0,1.3873%,-0.002,1.3485,0.5857,1.367,1.8349%,2.2616%,34.1700%,0.015767,DB,89199.0,2019-02-26,252.0,1.7104%,-0.0018,1.3513,0.5422,1.347,1.8418%,2.2648%,33.8667%,0.027421,DB,89199.0,2019-02-27,252.0,2.1300%,-0.0017,1.3548,0.5426,1.3476,1.8467%,2.2693%,33.7819%,0.0205699999999999,DB,89199.0,2019-02-28,252.0,1.4270%,-0.0017,1.3577,0.5454,1.3443,1.8503%,2.2716%,33.6527%,0.0216299999999999,DB,89199.0,2019-03-01,252.0,0.5411%,-0.0016,1.3549,0.5413,1.3396,1.8500%,2.2661%,33.3476%,-0.000659,DB,89199.0,2019-03-04,252.0,-0.9688%,-0.0016,1.3543,0.5472,1.3389,1.8502%,2.2651%,33.2812%,-0.0057909999999999,DB,89199.0,2019-03-05,252.0,-0.4348%,-0.0016,1.354,0.548,1.337,1.8503%,2.2646%,33.2425%,0.002774,DB,89199.0,2019-03-06,252.0,0.1092%,-0.0015,1.3496,0.5027,1.3259,1.8540%,2.2641%,32.9441%,0.018745,DB,0.002982,0.010087,0.025854,0.073845,0.1105439999999999
7547,DEUTSCHE BANK A G,Report: Deutsche Bank Feared Trump Would Default On Loans,6,decrease,0.75,0.6,"concerns about a potential default on loans by a high-profile client like trump could negatively impact investor confidence in deutsche bank, leading to a decrease in stock price.",0,2019-02-20,DB,2019-02-20 14:27:00+00:00,89199.0,D1819089,0.0150987366214394,3601465.0,-0.0091533092781901,-0.021590968593955,-0.0011547608301043,0.0551558770239353,0.0138729298487305,-0.0234191808849573,0.0171037185937166,0.0,0.0213004015386104,0.0264423415064811,0.0142700457945466,0.0158730298280715,0.005411276128143,-0.0203349385410547,-0.0096878530457615,-0.0659218057990074,-0.004347822163254,0.0056179990060627,0.0010917281033471,0.0113635715097188,-0.0556161627173423,-0.0056497389450669,-0.0023094115313142,-0.0033783481922,0.0555555000901222,-0.0441334620118141,-0.0285087972879409,0.0065005873329937,0.0225734505802393,-0.0043150931596755,-0.016556354239583,0.0032468277495354,-0.0033669734839349,0.042889405041933,0.0427928045392036,-0.0209945328533649,-0.0226781889796257,0.022598847746849,-0.0298343040049076,-0.031728658825159,-0.0398632623255252,0.0246637072414159,-0.0260973032563924,-0.0398277603089809,-0.0048721022903919,0.0764773860573768,0.013463850133121,0.0058275279588997,0.0217391680926084,0.002336390549317,-0.0319149494171142,-0.0058071124367415,-0.0085469717159867,0.0058410321362316,0.0529557019472122,-0.0205948911607265,-0.0058479756116867,0.0045976969413459,0.0105882529169321,0.0211266838014125,-0.0104773165658116,0.0531520769000053,-0.0176470130681991,-0.0134145924821496,-0.0035928965080529,0.0061349929310381,-0.0096153756603598,0.0124222887679934,-0.003640744369477,0.030729865655303,0.0219245199114084,-0.0428921468555927,0.0262216087430715,0.031605564057827,0.0034844004549086,0.0050825872458517,0.0266203172504901,-0.0235732663422823,0.0067644217051565,-0.0370369739830493,-0.0167973767966032,-0.0368239022791385,-0.0034168262500315,0.0104650231078267,-0.0240000039339065,-0.0227272510528564,-0.0046838363632559,-0.0078917359933257,-0.0176470130681991,-0.0177186988294124,-0.0191617719829082,0.0840335935354232,0.0158730298280715,-0.0059666098095476,-0.0048076878301799,-0.0400915741920471,-0.0157004967331886,-0.019101133570075,0.0085890367627143,-0.0176601316779851,0.0,-0.0351437591016292,-0.0133820688351988,0.0251092240214347,-0.0357582606375217,-0.0276008732616901,0.0063938251696527,-0.0475227758288383,-0.0114357909187674,0.0050813201814889,0.0115680815652012,0.0113053051754832,-0.0292249079793691,0.051891840994358,0.005235597025603,-0.0201270747929811,-0.0013020511250942,0.0227519012987613,-0.0013038107426837,-0.0562372393906116,-0.0091533092781901,-0.021590968593955,-0.0102975002252742,0.0323740396213845,0.0034325731252138,0.0081966852465571,0.0423340848236182,0.0348557663035489,0.0491991209650397,-0.0215909695081033,-0.0171624320842354,0.0105632874694945,-0.1235697903007511,-0.1196319095479114,2019-02-21,2019-02-22,2019-02-25,2019-02-26,2019-02-27,2019-02-28,2019-03-01,2019-03-04,2019-03-05,2019-03-06,89199.0,2019-02-20,252.0,1.5099%,-0.0019,1.3359,0.573,1.3652,1.8478%,2.2658%,33.4901%,0.0037519999999999,DB,89199.0,2019-02-21,252.0,-0.9153%,-0.0021,1.3498,0.6016,1.3906,1.8311%,2.2603%,34.3724%,-0.00077,DB,89199.0,2019-02-22,252.0,-0.1155%,-0.0021,1.3488,0.5947,1.3726,1.8315%,2.2596%,34.3016%,0.007105,DB,89199.0,2019-02-25,252.0,1.3873%,-0.002,1.3485,0.5857,1.367,1.8349%,2.2616%,34.1700%,0.015767,DB,89199.0,2019-02-26,252.0,1.7104%,-0.0018,1.3513,0.5422,1.347,1.8418%,2.2648%,33.8667%,0.027421,DB,89199.0,2019-02-27,252.0,2.1300%,-0.0017,1.3548,0.5426,1.3476,1.8467%,2.2693%,33.7819%,0.0205699999999999,DB,89199.0,2019-02-28,252.0,1.4270%,-0.0017,1.3577,0.5454,1.3443,1.8503%,2.2716%,33.6527%,0.0216299999999999,DB,89199.0,2019-03-01,252.0,0.5411%,-0.0016,1.3549,0.5413,1.3396,1.8500%,2.2661%,33.3476%,-0.000659,DB,89199.0,2019-03-04,252.0,-0.9688%,-0.0016,1.3543,0.5472,1.3389,1.8502%,2.2651%,33.2812%,-0.0057909999999999,DB,89199.0,2019-03-05,252.0,-0.4348%,-0.0016,1.354,0.548,1.337,1.8503%,2.2646%,33.2425%,0.002774,DB,89199.0,2019-03-06,252.0,0.1092%,-0.0015,1.3496,0.5027,1.3259,1.8540%,2.2641%,32.9441%,0.018745,DB,0.002982,0.010087,0.025854,0.073845,0.1105439999999999
7555,DEUTSCHE BANK A G,'Deutsche Bank Weighed Extending Trump Loans on Default Risk' -Earlier Bloomberg Article,6,decrease,0.7,0.6,"the news suggests that deutsche bank is considering extending loans to a client with default risk, which may raise concerns about the bank's credit risk management and potential financial stability.",0,2019-02-20,DB,2019-02-20 12:51:00+00:00,89199.0,D1819089,0.0150987366214394,3601465.0,-0.0091533092781901,-0.021590968593955,-0.0011547608301043,0.0551558770239353,0.0138729298487305,-0.0234191808849573,0.0171037185937166,0.0,0.0213004015386104,0.0264423415064811,0.0142700457945466,0.0158730298280715,0.005411276128143,-0.0203349385410547,-0.0096878530457615,-0.0659218057990074,-0.004347822163254,0.0056179990060627,0.0010917281033471,0.0113635715097188,-0.0556161627173423,-0.0056497389450669,-0.0023094115313142,-0.0033783481922,0.0555555000901222,-0.0441334620118141,-0.0285087972879409,0.0065005873329937,0.0225734505802393,-0.0043150931596755,-0.016556354239583,0.0032468277495354,-0.0033669734839349,0.042889405041933,0.0427928045392036,-0.0209945328533649,-0.0226781889796257,0.022598847746849,-0.0298343040049076,-0.031728658825159,-0.0398632623255252,0.0246637072414159,-0.0260973032563924,-0.0398277603089809,-0.0048721022903919,0.0764773860573768,0.013463850133121,0.0058275279588997,0.0217391680926084,0.002336390549317,-0.0319149494171142,-0.0058071124367415,-0.0085469717159867,0.0058410321362316,0.0529557019472122,-0.0205948911607265,-0.0058479756116867,0.0045976969413459,0.0105882529169321,0.0211266838014125,-0.0104773165658116,0.0531520769000053,-0.0176470130681991,-0.0134145924821496,-0.0035928965080529,0.0061349929310381,-0.0096153756603598,0.0124222887679934,-0.003640744369477,0.030729865655303,0.0219245199114084,-0.0428921468555927,0.0262216087430715,0.031605564057827,0.0034844004549086,0.0050825872458517,0.0266203172504901,-0.0235732663422823,0.0067644217051565,-0.0370369739830493,-0.0167973767966032,-0.0368239022791385,-0.0034168262500315,0.0104650231078267,-0.0240000039339065,-0.0227272510528564,-0.0046838363632559,-0.0078917359933257,-0.0176470130681991,-0.0177186988294124,-0.0191617719829082,0.0840335935354232,0.0158730298280715,-0.0059666098095476,-0.0048076878301799,-0.0400915741920471,-0.0157004967331886,-0.019101133570075,0.0085890367627143,-0.0176601316779851,0.0,-0.0351437591016292,-0.0133820688351988,0.0251092240214347,-0.0357582606375217,-0.0276008732616901,0.0063938251696527,-0.0475227758288383,-0.0114357909187674,0.0050813201814889,0.0115680815652012,0.0113053051754832,-0.0292249079793691,0.051891840994358,0.005235597025603,-0.0201270747929811,-0.0013020511250942,0.0227519012987613,-0.0013038107426837,-0.0562372393906116,-0.0091533092781901,-0.021590968593955,-0.0102975002252742,0.0323740396213845,0.0034325731252138,0.0081966852465571,0.0423340848236182,0.0348557663035489,0.0491991209650397,-0.0215909695081033,-0.0171624320842354,0.0105632874694945,-0.1235697903007511,-0.1196319095479114,2019-02-21,2019-02-22,2019-02-25,2019-02-26,2019-02-27,2019-02-28,2019-03-01,2019-03-04,2019-03-05,2019-03-06,89199.0,2019-02-20,252.0,1.5099%,-0.0019,1.3359,0.573,1.3652,1.8478%,2.2658%,33.4901%,0.0037519999999999,DB,89199.0,2019-02-21,252.0,-0.9153%,-0.0021,1.3498,0.6016,1.3906,1.8311%,2.2603%,34.3724%,-0.00077,DB,89199.0,2019-02-22,252.0,-0.1155%,-0.0021,1.3488,0.5947,1.3726,1.8315%,2.2596%,34.3016%,0.007105,DB,89199.0,2019-02-25,252.0,1.3873%,-0.002,1.3485,0.5857,1.367,1.8349%,2.2616%,34.1700%,0.015767,DB,89199.0,2019-02-26,252.0,1.7104%,-0.0018,1.3513,0.5422,1.347,1.8418%,2.2648%,33.8667%,0.027421,DB,89199.0,2019-02-27,252.0,2.1300%,-0.0017,1.3548,0.5426,1.3476,1.8467%,2.2693%,33.7819%,0.0205699999999999,DB,89199.0,2019-02-28,252.0,1.4270%,-0.0017,1.3577,0.5454,1.3443,1.8503%,2.2716%,33.6527%,0.0216299999999999,DB,89199.0,2019-03-01,252.0,0.5411%,-0.0016,1.3549,0.5413,1.3396,1.8500%,2.2661%,33.3476%,-0.000659,DB,89199.0,2019-03-04,252.0,-0.9688%,-0.0016,1.3543,0.5472,1.3389,1.8502%,2.2651%,33.2812%,-0.0057909999999999,DB,89199.0,2019-03-05,252.0,-0.4348%,-0.0016,1.354,0.548,1.337,1.8503%,2.2646%,33.2425%,0.002774,DB,89199.0,2019-03-06,252.0,0.1092%,-0.0015,1.3496,0.5027,1.3259,1.8540%,2.2641%,32.9441%,0.018745,DB,0.002982,0.010087,0.025854,0.073845,0.1105439999999999
7563,SPDR DOW JONES IND AVG ETF TRUST,"Fed's Clarida Says Doesn't Think Change In Fed Policy Statements Represents A 'U-Turn', Says It Is Not Clear How Much Of A US Economic Growth Slowdown We Are Currently Seeing",6,uncertain,0.6,0.3,"the statement from fed's clarida suggests a cautious outlook on economic growth, which could lead to mixed reactions in the market, making the impact on spdr dow jones ind avg etf trust's stock price uncertain.",1,2019-02-20,DIA,2019-02-20 20:11:00+00:00,85765.0,78467X10,0.0026660580188035,2453981.0,-0.0037379623390734,0.0006186107057146,0.0063436143100261,0.0164131131023168,0.0027674259617924,-0.0025019522290676,-0.0013415849534794,0.004989605396986,-0.0025716335512697,0.0143061941489577,-0.0022703518625348,-0.0015120359603315,0.004396847449243,-0.0023024477995932,-0.0082175508141517,-0.0077598821371793,-0.0003484448534436,-0.0003544321807567,-0.0051125423051416,0.006499680224806,-0.0080196112394332,0.0073459423147141,-0.0003924133488908,0.0014393116580322,0.0080483807250857,-0.0002398175711277,-0.0035052543971687,0.0181921198964119,0.005823518615216,0.0024887826293706,0.0007383036427199,-0.009256612509489,0.0052210441790521,0.0078217219561338,0.0025160405784845,-0.0010174182243645,-0.0004246702883392,0.0070491852238774,-0.0061418274417519,-0.0123456912115216,0.0089003769680857,0.0140436831861734,-0.0177979040890932,0.0080211795866489,0.0004314426041673,0.0050698188133537,0.0054494221694767,0.0071147438138723,-0.0013647590531036,-0.003918636124581,0.003787440015003,-0.0004999796510674,0.0079742427915334,0.0045203492045402,0.0125805959105491,0.0042030937038362,-0.002667831024155,0.0108769442886114,0.0011845984263345,0.0046098763123154,0.0067938882857561,0.0333450846374034,0.0014406129484996,-0.0284538883715868,-0.0035584585275501,0.0006861220463179,-0.0064964345656335,0.0118014635518193,0.000344141095411,-0.0033728219568729,-0.0007645726436749,0.0111494371667504,0.0102142831310629,0.0486474111676216,-0.0009846243774518,-0.0267302878201007,0.0027292415034025,-0.0182797983288765,0.0,-0.0194070730358362,0.0044893538579344,-0.0165992695838213,-0.001845120685175,0.0039335447363555,0.0053193634375929,-0.0206693951040506,-0.0021014618687331,-0.0196938570588827,-0.0052271909080445,0.0015861371066421,0.0030620254110544,0.0067559643648564,0.0003768979513552,-0.0019615502096712,0.001318588387221,0.001637301640585,-0.0061703398823738,-0.0216642785817384,-0.0048078326508402,-0.0040282155387103,0.0079503813758492,-0.0309203211218118,-0.0026418545749038,0.0126023115590214,-0.017974043264985,0.0075712692923843,0.0005395139451138,-0.0009848723420873,-0.0046984562650322,0.0256161466240882,0.0057267099618911,0.0045050554908812,-0.0248153731226921,0.0147440461441874,0.0092318477109074,-0.0075209336355328,0.0043392200022935,0.0006134719587862,0.0087186284363269,-0.0214520152658224,-0.0037379623390734,0.0006186107057146,0.0025819397795683,0.0170418771355107,0.0053565110685385,0.0144972869439563,0.0014257999107438,0.0341452403454238,-0.0101348939807506,0.0284892261113827,0.0117624523000643,0.1084643473934068,0.0013890915929239,0.0422029123452341,2019-02-21,2019-02-22,2019-02-25,2019-02-26,2019-02-27,2019-02-28,2019-03-01,2019-03-04,2019-03-05,2019-03-06,85765.0,2019-02-20,252.0,0.2666%,0.0001,1.015,-0.2632,0.1277,0.2462%,1.0775%,94.7790%,0.000514,DIA,85765.0,2019-02-21,252.0,-0.3738%,0.0002,1.0132,-0.2668,0.1245,0.2442%,1.0757%,94.8453%,2.7e-05,DIA,85765.0,2019-02-22,252.0,0.6344%,0.0002,1.0128,-0.2654,0.1206,0.2448%,1.0755%,94.8183%,0.002956,DIA,85765.0,2019-02-25,252.0,0.2767%,0.0001,1.0136,-0.2648,0.1241,0.2403%,1.0747%,95.0022%,0.000675,DIA,85765.0,2019-02-26,252.0,-0.1342%,0.0001,1.0157,-0.265,0.1255,0.2397%,1.0714%,94.9960%,-0.001105,DIA,85765.0,2019-02-27,252.0,-0.2572%,0.0001,1.0143,-0.2634,0.1253,0.2397%,1.0670%,94.9537%,-0.002932,DIA,85765.0,2019-02-28,252.0,-0.2270%,0.0001,1.0143,-0.2634,0.1251,0.2398%,1.0646%,94.9276%,0.00114,DIA,85765.0,2019-03-01,252.0,0.4397%,0.0001,1.0112,-0.268,0.1211,0.2384%,1.0606%,94.9492%,-0.001732,DIA,85765.0,2019-03-04,252.0,-0.8218%,0.0001,1.0106,-0.262,0.1203,0.2398%,1.0565%,94.8496%,-0.004594,DIA,85765.0,2019-03-05,252.0,-0.0348%,0.0002,1.0119,-0.2515,0.121,0.2365%,1.0563%,94.9855%,0.000756,DIA,85765.0,2019-03-06,252.0,-0.5113%,0.0001,1.0109,-0.2505,0.1199,0.2362%,1.0532%,94.9708%,8e-05,DIA,0.000541,0.003497,0.004172,0.000135,-0.004215
7571,SPDR DOW JONES IND AVG ETF TRUST,From FOMC Minutes: Many Policymakers Suggested That Some Further Very Gradual Decline In Average Level Of Reserves Could Be Appropriate,6,uncertain,0.6,0.3,"the suggestion of a gradual decline in reserves may indicate a cautious approach to monetary policy, which could have mixed effects on market sentiment and the spdr dow jones ind avg etf trust.",1,2019-02-20,DIA,2019-02-20 19:12:00+00:00,85765.0,78467X10,0.0026660580188035,2453981.0,-0.0037379623390734,0.0006186107057146,0.0063436143100261,0.0164131131023168,0.0027674259617924,-0.0025019522290676,-0.0013415849534794,0.004989605396986,-0.0025716335512697,0.0143061941489577,-0.0022703518625348,-0.0015120359603315,0.004396847449243,-0.0023024477995932,-0.0082175508141517,-0.0077598821371793,-0.0003484448534436,-0.0003544321807567,-0.0051125423051416,0.006499680224806,-0.0080196112394332,0.0073459423147141,-0.0003924133488908,0.0014393116580322,0.0080483807250857,-0.0002398175711277,-0.0035052543971687,0.0181921198964119,0.005823518615216,0.0024887826293706,0.0007383036427199,-0.009256612509489,0.0052210441790521,0.0078217219561338,0.0025160405784845,-0.0010174182243645,-0.0004246702883392,0.0070491852238774,-0.0061418274417519,-0.0123456912115216,0.0089003769680857,0.0140436831861734,-0.0177979040890932,0.0080211795866489,0.0004314426041673,0.0050698188133537,0.0054494221694767,0.0071147438138723,-0.0013647590531036,-0.003918636124581,0.003787440015003,-0.0004999796510674,0.0079742427915334,0.0045203492045402,0.0125805959105491,0.0042030937038362,-0.002667831024155,0.0108769442886114,0.0011845984263345,0.0046098763123154,0.0067938882857561,0.0333450846374034,0.0014406129484996,-0.0284538883715868,-0.0035584585275501,0.0006861220463179,-0.0064964345656335,0.0118014635518193,0.000344141095411,-0.0033728219568729,-0.0007645726436749,0.0111494371667504,0.0102142831310629,0.0486474111676216,-0.0009846243774518,-0.0267302878201007,0.0027292415034025,-0.0182797983288765,0.0,-0.0194070730358362,0.0044893538579344,-0.0165992695838213,-0.001845120685175,0.0039335447363555,0.0053193634375929,-0.0206693951040506,-0.0021014618687331,-0.0196938570588827,-0.0052271909080445,0.0015861371066421,0.0030620254110544,0.0067559643648564,0.0003768979513552,-0.0019615502096712,0.001318588387221,0.001637301640585,-0.0061703398823738,-0.0216642785817384,-0.0048078326508402,-0.0040282155387103,0.0079503813758492,-0.0309203211218118,-0.0026418545749038,0.0126023115590214,-0.017974043264985,0.0075712692923843,0.0005395139451138,-0.0009848723420873,-0.0046984562650322,0.0256161466240882,0.0057267099618911,0.0045050554908812,-0.0248153731226921,0.0147440461441874,0.0092318477109074,-0.0075209336355328,0.0043392200022935,0.0006134719587862,0.0087186284363269,-0.0214520152658224,-0.0037379623390734,0.0006186107057146,0.0025819397795683,0.0170418771355107,0.0053565110685385,0.0144972869439563,0.0014257999107438,0.0341452403454238,-0.0101348939807506,0.0284892261113827,0.0117624523000643,0.1084643473934068,0.0013890915929239,0.0422029123452341,2019-02-21,2019-02-22,2019-02-25,2019-02-26,2019-02-27,2019-02-28,2019-03-01,2019-03-04,2019-03-05,2019-03-06,85765.0,2019-02-20,252.0,0.2666%,0.0001,1.015,-0.2632,0.1277,0.2462%,1.0775%,94.7790%,0.000514,DIA,85765.0,2019-02-21,252.0,-0.3738%,0.0002,1.0132,-0.2668,0.1245,0.2442%,1.0757%,94.8453%,2.7e-05,DIA,85765.0,2019-02-22,252.0,0.6344%,0.0002,1.0128,-0.2654,0.1206,0.2448%,1.0755%,94.8183%,0.002956,DIA,85765.0,2019-02-25,252.0,0.2767%,0.0001,1.0136,-0.2648,0.1241,0.2403%,1.0747%,95.0022%,0.000675,DIA,85765.0,2019-02-26,252.0,-0.1342%,0.0001,1.0157,-0.265,0.1255,0.2397%,1.0714%,94.9960%,-0.001105,DIA,85765.0,2019-02-27,252.0,-0.2572%,0.0001,1.0143,-0.2634,0.1253,0.2397%,1.0670%,94.9537%,-0.002932,DIA,85765.0,2019-02-28,252.0,-0.2270%,0.0001,1.0143,-0.2634,0.1251,0.2398%,1.0646%,94.9276%,0.00114,DIA,85765.0,2019-03-01,252.0,0.4397%,0.0001,1.0112,-0.268,0.1211,0.2384%,1.0606%,94.9492%,-0.001732,DIA,85765.0,2019-03-04,252.0,-0.8218%,0.0001,1.0106,-0.262,0.1203,0.2398%,1.0565%,94.8496%,-0.004594,DIA,85765.0,2019-03-05,252.0,-0.0348%,0.0002,1.0119,-0.2515,0.121,0.2365%,1.0563%,94.9855%,0.000756,DIA,85765.0,2019-03-06,252.0,-0.5113%,0.0001,1.0109,-0.2505,0.1199,0.2362%,1.0532%,94.9708%,8e-05,DIA,0.000541,0.003497,0.004172,0.000135,-0.004215
7579,SPDR DOW JONES IND AVG ETF TRUST,FOMC Minutes: Officials Called For Patience To Determine Future Rate Moves,6,uncertain,0.6,0.5,"the call for patience regarding future rate moves suggests a cautious approach, which could lead to mixed reactions in the market, making the impact on the spdr dow jones ind avg etf trust's stock price uncertain.",1,2019-02-20,DIA,2019-02-20 19:04:00+00:00,85765.0,78467X10,0.0026660580188035,2453981.0,-0.0037379623390734,0.0006186107057146,0.0063436143100261,0.0164131131023168,0.0027674259617924,-0.0025019522290676,-0.0013415849534794,0.004989605396986,-0.0025716335512697,0.0143061941489577,-0.0022703518625348,-0.0015120359603315,0.004396847449243,-0.0023024477995932,-0.0082175508141517,-0.0077598821371793,-0.0003484448534436,-0.0003544321807567,-0.0051125423051416,0.006499680224806,-0.0080196112394332,0.0073459423147141,-0.0003924133488908,0.0014393116580322,0.0080483807250857,-0.0002398175711277,-0.0035052543971687,0.0181921198964119,0.005823518615216,0.0024887826293706,0.0007383036427199,-0.009256612509489,0.0052210441790521,0.0078217219561338,0.0025160405784845,-0.0010174182243645,-0.0004246702883392,0.0070491852238774,-0.0061418274417519,-0.0123456912115216,0.0089003769680857,0.0140436831861734,-0.0177979040890932,0.0080211795866489,0.0004314426041673,0.0050698188133537,0.0054494221694767,0.0071147438138723,-0.0013647590531036,-0.003918636124581,0.003787440015003,-0.0004999796510674,0.0079742427915334,0.0045203492045402,0.0125805959105491,0.0042030937038362,-0.002667831024155,0.0108769442886114,0.0011845984263345,0.0046098763123154,0.0067938882857561,0.0333450846374034,0.0014406129484996,-0.0284538883715868,-0.0035584585275501,0.0006861220463179,-0.0064964345656335,0.0118014635518193,0.000344141095411,-0.0033728219568729,-0.0007645726436749,0.0111494371667504,0.0102142831310629,0.0486474111676216,-0.0009846243774518,-0.0267302878201007,0.0027292415034025,-0.0182797983288765,0.0,-0.0194070730358362,0.0044893538579344,-0.0165992695838213,-0.001845120685175,0.0039335447363555,0.0053193634375929,-0.0206693951040506,-0.0021014618687331,-0.0196938570588827,-0.0052271909080445,0.0015861371066421,0.0030620254110544,0.0067559643648564,0.0003768979513552,-0.0019615502096712,0.001318588387221,0.001637301640585,-0.0061703398823738,-0.0216642785817384,-0.0048078326508402,-0.0040282155387103,0.0079503813758492,-0.0309203211218118,-0.0026418545749038,0.0126023115590214,-0.017974043264985,0.0075712692923843,0.0005395139451138,-0.0009848723420873,-0.0046984562650322,0.0256161466240882,0.0057267099618911,0.0045050554908812,-0.0248153731226921,0.0147440461441874,0.0092318477109074,-0.0075209336355328,0.0043392200022935,0.0006134719587862,0.0087186284363269,-0.0214520152658224,-0.0037379623390734,0.0006186107057146,0.0025819397795683,0.0170418771355107,0.0053565110685385,0.0144972869439563,0.0014257999107438,0.0341452403454238,-0.0101348939807506,0.0284892261113827,0.0117624523000643,0.1084643473934068,0.0013890915929239,0.0422029123452341,2019-02-21,2019-02-22,2019-02-25,2019-02-26,2019-02-27,2019-02-28,2019-03-01,2019-03-04,2019-03-05,2019-03-06,85765.0,2019-02-20,252.0,0.2666%,0.0001,1.015,-0.2632,0.1277,0.2462%,1.0775%,94.7790%,0.000514,DIA,85765.0,2019-02-21,252.0,-0.3738%,0.0002,1.0132,-0.2668,0.1245,0.2442%,1.0757%,94.8453%,2.7e-05,DIA,85765.0,2019-02-22,252.0,0.6344%,0.0002,1.0128,-0.2654,0.1206,0.2448%,1.0755%,94.8183%,0.002956,DIA,85765.0,2019-02-25,252.0,0.2767%,0.0001,1.0136,-0.2648,0.1241,0.2403%,1.0747%,95.0022%,0.000675,DIA,85765.0,2019-02-26,252.0,-0.1342%,0.0001,1.0157,-0.265,0.1255,0.2397%,1.0714%,94.9960%,-0.001105,DIA,85765.0,2019-02-27,252.0,-0.2572%,0.0001,1.0143,-0.2634,0.1253,0.2397%,1.0670%,94.9537%,-0.002932,DIA,85765.0,2019-02-28,252.0,-0.2270%,0.0001,1.0143,-0.2634,0.1251,0.2398%,1.0646%,94.9276%,0.00114,DIA,85765.0,2019-03-01,252.0,0.4397%,0.0001,1.0112,-0.268,0.1211,0.2384%,1.0606%,94.9492%,-0.001732,DIA,85765.0,2019-03-04,252.0,-0.8218%,0.0001,1.0106,-0.262,0.1203,0.2398%,1.0565%,94.8496%,-0.004594,DIA,85765.0,2019-03-05,252.0,-0.0348%,0.0002,1.0119,-0.2515,0.121,0.2365%,1.0563%,94.9855%,0.000756,DIA,85765.0,2019-03-06,252.0,-0.5113%,0.0001,1.0109,-0.2505,0.1199,0.2362%,1.0532%,94.9708%,8e-05,DIA,0.000541,0.003497,0.004172,0.000135,-0.004215
7587,SPDR DOW JONES IND AVG ETF TRUST,"FOMC Minutes, Published Feb. 20, 2019",6,uncertain,0.5,0.5,the impact of fomc minutes on the spdr dow jones ind avg etf trust's stock price is uncertain as it depends on the market's interpretation of the economic outlook and interest rate signals provided in the minutes.,1,2019-02-20,DIA,2019-02-20 19:02:00+00:00,85765.0,78467X10,0.0026660580188035,2453981.0,-0.0037379623390734,0.0006186107057146,0.0063436143100261,0.0164131131023168,0.0027674259617924,-0.0025019522290676,-0.0013415849534794,0.004989605396986,-0.0025716335512697,0.0143061941489577,-0.0022703518625348,-0.0015120359603315,0.004396847449243,-0.0023024477995932,-0.0082175508141517,-0.0077598821371793,-0.0003484448534436,-0.0003544321807567,-0.0051125423051416,0.006499680224806,-0.0080196112394332,0.0073459423147141,-0.0003924133488908,0.0014393116580322,0.0080483807250857,-0.0002398175711277,-0.0035052543971687,0.0181921198964119,0.005823518615216,0.0024887826293706,0.0007383036427199,-0.009256612509489,0.0052210441790521,0.0078217219561338,0.0025160405784845,-0.0010174182243645,-0.0004246702883392,0.0070491852238774,-0.0061418274417519,-0.0123456912115216,0.0089003769680857,0.0140436831861734,-0.0177979040890932,0.0080211795866489,0.0004314426041673,0.0050698188133537,0.0054494221694767,0.0071147438138723,-0.0013647590531036,-0.003918636124581,0.003787440015003,-0.0004999796510674,0.0079742427915334,0.0045203492045402,0.0125805959105491,0.0042030937038362,-0.002667831024155,0.0108769442886114,0.0011845984263345,0.0046098763123154,0.0067938882857561,0.0333450846374034,0.0014406129484996,-0.0284538883715868,-0.0035584585275501,0.0006861220463179,-0.0064964345656335,0.0118014635518193,0.000344141095411,-0.0033728219568729,-0.0007645726436749,0.0111494371667504,0.0102142831310629,0.0486474111676216,-0.0009846243774518,-0.0267302878201007,0.0027292415034025,-0.0182797983288765,0.0,-0.0194070730358362,0.0044893538579344,-0.0165992695838213,-0.001845120685175,0.0039335447363555,0.0053193634375929,-0.0206693951040506,-0.0021014618687331,-0.0196938570588827,-0.0052271909080445,0.0015861371066421,0.0030620254110544,0.0067559643648564,0.0003768979513552,-0.0019615502096712,0.001318588387221,0.001637301640585,-0.0061703398823738,-0.0216642785817384,-0.0048078326508402,-0.0040282155387103,0.0079503813758492,-0.0309203211218118,-0.0026418545749038,0.0126023115590214,-0.017974043264985,0.0075712692923843,0.0005395139451138,-0.0009848723420873,-0.0046984562650322,0.0256161466240882,0.0057267099618911,0.0045050554908812,-0.0248153731226921,0.0147440461441874,0.0092318477109074,-0.0075209336355328,0.0043392200022935,0.0006134719587862,0.0087186284363269,-0.0214520152658224,-0.0037379623390734,0.0006186107057146,0.0025819397795683,0.0170418771355107,0.0053565110685385,0.0144972869439563,0.0014257999107438,0.0341452403454238,-0.0101348939807506,0.0284892261113827,0.0117624523000643,0.1084643473934068,0.0013890915929239,0.0422029123452341,2019-02-21,2019-02-22,2019-02-25,2019-02-26,2019-02-27,2019-02-28,2019-03-01,2019-03-04,2019-03-05,2019-03-06,85765.0,2019-02-20,252.0,0.2666%,0.0001,1.015,-0.2632,0.1277,0.2462%,1.0775%,94.7790%,0.000514,DIA,85765.0,2019-02-21,252.0,-0.3738%,0.0002,1.0132,-0.2668,0.1245,0.2442%,1.0757%,94.8453%,2.7e-05,DIA,85765.0,2019-02-22,252.0,0.6344%,0.0002,1.0128,-0.2654,0.1206,0.2448%,1.0755%,94.8183%,0.002956,DIA,85765.0,2019-02-25,252.0,0.2767%,0.0001,1.0136,-0.2648,0.1241,0.2403%,1.0747%,95.0022%,0.000675,DIA,85765.0,2019-02-26,252.0,-0.1342%,0.0001,1.0157,-0.265,0.1255,0.2397%,1.0714%,94.9960%,-0.001105,DIA,85765.0,2019-02-27,252.0,-0.2572%,0.0001,1.0143,-0.2634,0.1253,0.2397%,1.0670%,94.9537%,-0.002932,DIA,85765.0,2019-02-28,252.0,-0.2270%,0.0001,1.0143,-0.2634,0.1251,0.2398%,1.0646%,94.9276%,0.00114,DIA,85765.0,2019-03-01,252.0,0.4397%,0.0001,1.0112,-0.268,0.1211,0.2384%,1.0606%,94.9492%,-0.001732,DIA,85765.0,2019-03-04,252.0,-0.8218%,0.0001,1.0106,-0.262,0.1203,0.2398%,1.0565%,94.8496%,-0.004594,DIA,85765.0,2019-03-05,252.0,-0.0348%,0.0002,1.0119,-0.2515,0.121,0.2365%,1.0563%,94.9855%,0.000756,DIA,85765.0,2019-03-06,252.0,-0.5113%,0.0001,1.0109,-0.2505,0.1199,0.2362%,1.0532%,94.9708%,8e-05,DIA,0.000541,0.003497,0.004172,0.000135,-0.004215
7595,SPDR DOW JONES IND AVG ETF TRUST,"This Day In Market History: North American Land Company Is Formed, Precursor To The Modern-Day REIT",6,uncertain,0.4,0.2,the formation of the north american land company is historically significant but does not have a direct impact on the spdr dow jones ind avg etf trust's stock price today.,1,2019-02-20,DIA,2019-02-20 12:17:00+00:00,85765.0,78467X10,0.0026660580188035,2453981.0,-0.0037379623390734,0.0006186107057146,0.0063436143100261,0.0164131131023168,0.0027674259617924,-0.0025019522290676,-0.0013415849534794,0.004989605396986,-0.0025716335512697,0.0143061941489577,-0.0022703518625348,-0.0015120359603315,0.004396847449243,-0.0023024477995932,-0.0082175508141517,-0.0077598821371793,-0.0003484448534436,-0.0003544321807567,-0.0051125423051416,0.006499680224806,-0.0080196112394332,0.0073459423147141,-0.0003924133488908,0.0014393116580322,0.0080483807250857,-0.0002398175711277,-0.0035052543971687,0.0181921198964119,0.005823518615216,0.0024887826293706,0.0007383036427199,-0.009256612509489,0.0052210441790521,0.0078217219561338,0.0025160405784845,-0.0010174182243645,-0.0004246702883392,0.0070491852238774,-0.0061418274417519,-0.0123456912115216,0.0089003769680857,0.0140436831861734,-0.0177979040890932,0.0080211795866489,0.0004314426041673,0.0050698188133537,0.0054494221694767,0.0071147438138723,-0.0013647590531036,-0.003918636124581,0.003787440015003,-0.0004999796510674,0.0079742427915334,0.0045203492045402,0.0125805959105491,0.0042030937038362,-0.002667831024155,0.0108769442886114,0.0011845984263345,0.0046098763123154,0.0067938882857561,0.0333450846374034,0.0014406129484996,-0.0284538883715868,-0.0035584585275501,0.0006861220463179,-0.0064964345656335,0.0118014635518193,0.000344141095411,-0.0033728219568729,-0.0007645726436749,0.0111494371667504,0.0102142831310629,0.0486474111676216,-0.0009846243774518,-0.0267302878201007,0.0027292415034025,-0.0182797983288765,0.0,-0.0194070730358362,0.0044893538579344,-0.0165992695838213,-0.001845120685175,0.0039335447363555,0.0053193634375929,-0.0206693951040506,-0.0021014618687331,-0.0196938570588827,-0.0052271909080445,0.0015861371066421,0.0030620254110544,0.0067559643648564,0.0003768979513552,-0.0019615502096712,0.001318588387221,0.001637301640585,-0.0061703398823738,-0.0216642785817384,-0.0048078326508402,-0.0040282155387103,0.0079503813758492,-0.0309203211218118,-0.0026418545749038,0.0126023115590214,-0.017974043264985,0.0075712692923843,0.0005395139451138,-0.0009848723420873,-0.0046984562650322,0.0256161466240882,0.0057267099618911,0.0045050554908812,-0.0248153731226921,0.0147440461441874,0.0092318477109074,-0.0075209336355328,0.0043392200022935,0.0006134719587862,0.0087186284363269,-0.0214520152658224,-0.0037379623390734,0.0006186107057146,0.0025819397795683,0.0170418771355107,0.0053565110685385,0.0144972869439563,0.0014257999107438,0.0341452403454238,-0.0101348939807506,0.0284892261113827,0.0117624523000643,0.1084643473934068,0.0013890915929239,0.0422029123452341,2019-02-21,2019-02-22,2019-02-25,2019-02-26,2019-02-27,2019-02-28,2019-03-01,2019-03-04,2019-03-05,2019-03-06,85765.0,2019-02-20,252.0,0.2666%,0.0001,1.015,-0.2632,0.1277,0.2462%,1.0775%,94.7790%,0.000514,DIA,85765.0,2019-02-21,252.0,-0.3738%,0.0002,1.0132,-0.2668,0.1245,0.2442%,1.0757%,94.8453%,2.7e-05,DIA,85765.0,2019-02-22,252.0,0.6344%,0.0002,1.0128,-0.2654,0.1206,0.2448%,1.0755%,94.8183%,0.002956,DIA,85765.0,2019-02-25,252.0,0.2767%,0.0001,1.0136,-0.2648,0.1241,0.2403%,1.0747%,95.0022%,0.000675,DIA,85765.0,2019-02-26,252.0,-0.1342%,0.0001,1.0157,-0.265,0.1255,0.2397%,1.0714%,94.9960%,-0.001105,DIA,85765.0,2019-02-27,252.0,-0.2572%,0.0001,1.0143,-0.2634,0.1253,0.2397%,1.0670%,94.9537%,-0.002932,DIA,85765.0,2019-02-28,252.0,-0.2270%,0.0001,1.0143,-0.2634,0.1251,0.2398%,1.0646%,94.9276%,0.00114,DIA,85765.0,2019-03-01,252.0,0.4397%,0.0001,1.0112,-0.268,0.1211,0.2384%,1.0606%,94.9492%,-0.001732,DIA,85765.0,2019-03-04,252.0,-0.8218%,0.0001,1.0106,-0.262,0.1203,0.2398%,1.0565%,94.8496%,-0.004594,DIA,85765.0,2019-03-05,252.0,-0.0348%,0.0002,1.0119,-0.2515,0.121,0.2365%,1.0563%,94.9855%,0.000756,DIA,85765.0,2019-03-06,252.0,-0.5113%,0.0001,1.0109,-0.2505,0.1199,0.2362%,1.0532%,94.9708%,8e-05,DIA,0.000541,0.003497,0.004172,0.000135,-0.004215
7603,DOLLAR TREE INC,'Dollar Tree has no plans to sell its struggling Family Dollar business' -Yahoo,6,uncertain,0.6,0.3,"the decision to retain the struggling family dollar business may indicate a commitment to long-term recovery, but it also raises concerns about ongoing financial challenges, leading to uncertainty in stock price movement.",1,2019-02-20,DLTR,2019-02-20 18:07:00+00:00,81481.0,25674610,0.0014134213561192,2205734.0,-0.0107873743399977,0.0020233138930052,-0.0102935396134853,0.003247738815844,0.0017505732830613,-0.0003043707401957,-0.0081208972260355,0.0048939203843474,-0.0074619259685277,0.0049180672504007,0.0058473967947065,-0.0005120640271343,0.0003114167775493,-0.0065113375894725,-0.0113117890432477,0.0051129972562193,0.002099344972521,-0.0031600159127265,0.0511155053973197,-0.0044652163051068,0.0280020460486412,0.0191332958638668,-0.0073672169819474,-0.0014458266086876,0.0140624493360519,0.0082257483154535,-0.0133859729394316,-0.0016631605103611,0.0010737004922702,0.0060656159184873,-0.0186232067644596,-0.0134130772203207,-0.007848990149796,0.0249577052891254,0.0117163844406604,0.0012705962872132,0.0027714420575648,-0.0134754087775945,0.0003948367957491,0.0113036092370748,0.000592059106566,0.0009517179569229,0.0001971861056517,0.0075644478201866,0.0052252663299441,-0.0217821411788463,-0.0018634998705238,-0.0131647270172834,0.0240739379078149,-0.0005139331915415,-0.0071963155642151,0.0090239094570279,0.0151734771206975,-0.007821287959814,-0.0125666381791234,-0.014503045938909,0.0037601175718009,0.0065332725644111,0.005763120483607,0.0545806847512722,0.0087861539795994,0.0234684571623802,0.0034081286285072,-0.0048245047219097,-0.0334936827421188,0.0097431046888232,0.0015618511242792,0.029522355645895,0.008089686743915,0.0045803450047969,0.0117954285815358,-0.0078390687704086,-0.0019111760193482,0.0560287721455097,0.0225945487618446,-0.0013180039823055,-0.0046812095679342,-0.0037005797494202,0.0158969294279813,-0.028528431430459,0.0062036868184804,0.0043093729764223,-0.0043250322341918,0.0099988058209419,0.0101664150133729,-0.0098998192697763,0.0083256727084517,0.0095237800851464,0.0049905003979802,0.0055568837560713,-0.0074033918790519,-0.0027118939906358,0.009459713473916,0.0118109984323382,0.0027031484059989,0.0051564974710345,-0.0146477110683918,-0.033159427344799,-0.0018240271601825,0.0,-0.00575602799654,-0.0048459465615451,-0.0018378694076091,-0.0011524545261636,-0.029184365645051,-0.0187719520181417,0.006258925423026,0.0613298192620277,-0.0044293771497905,0.018332926556468,-0.0153351267799735,-0.0159952118992805,-0.0449913516640663,0.001686536357738,-0.0059391618706285,0.0107147805392742,0.0146835129708051,0.0074828341603279,0.0068862522020936,-0.0298703107982873,-0.0107873743399977,0.0020233138930052,-0.0209698736883888,0.0052776239039162,-0.0192560097059555,0.0049716468094265,-0.0344793392386404,0.014856604471487,0.0116946882868222,0.0051755852461625,0.0556507389548088,0.0663150343567604,0.01713879604214,0.1787457336133373,2019-02-21,2019-02-22,2019-02-25,2019-02-26,2019-02-27,2019-02-28,2019-03-01,2019-03-04,2019-03-05,2019-03-06,81481.0,2019-02-20,252.0,0.1413%,-0.0002,0.6829,0.1673,0.2986,2.0648%,2.1717%,9.6065%,-0.00198,DLTR,81481.0,2019-02-21,252.0,-1.0787%,-0.0002,0.6828,0.1655,0.2985,2.0651%,2.1718%,9.5843%,-0.007557,DLTR,81481.0,2019-02-22,252.0,-1.0294%,-0.0002,0.684,0.1758,0.3215,2.0654%,2.1718%,9.5550%,-0.011354,DLTR,81481.0,2019-02-25,252.0,0.1751%,-0.0002,0.6856,0.1765,0.3277,2.0636%,2.1703%,9.5934%,0.00166,DLTR,81481.0,2019-02-26,252.0,-0.8121%,-0.0002,0.6943,0.1746,0.3333,2.0622%,2.1708%,9.7566%,-0.004913,DLTR,81481.0,2019-02-27,252.0,-0.7462%,-0.0002,0.6987,0.1645,0.334,2.0618%,2.1712%,9.8238%,-0.008119,DLTR,81481.0,2019-02-28,252.0,0.5847%,-0.0001,0.6901,0.1589,0.3257,2.0610%,2.1673%,9.5683%,0.008715,DLTR,81481.0,2019-03-01,252.0,0.0311%,-0.0001,0.6874,0.1549,0.3233,2.0611%,2.1659%,9.4467%,-0.003905,DLTR,81481.0,2019-03-04,252.0,-1.1312%,-0.0002,0.6983,0.1264,0.3188,2.0574%,2.1652%,9.7089%,-0.008468,DLTR,81481.0,2019-03-05,252.0,0.2099%,-0.0002,0.6979,0.1263,0.3169,2.0576%,2.1652%,9.6894%,0.004354,DLTR,81481.0,2019-03-06,252.0,5.1116%,0.0001,0.6869,-0.0052,0.2866,2.0835%,2.1864%,9.1938%,0.058353,DLTR,-0.009537,-0.020891,-0.0192309999999999,-0.032263,0.026786
7611,DRIL QUIP INC,Barclays Upgrades Dril-Quip to Equal-Weight,6,increase,0.7,0.5,"upgrading a stock to 'equal-weight' typically indicates a more favorable outlook, which can lead to increased investor interest and potentially higher stock prices.",2,2019-02-20,DRQ,2019-02-20 12:59:00+00:00,85424.0,26203710,0.0002574233221821,649826.0,-0.0388673953711986,-0.0066495737992227,0.0010712618241086,0.0476955734193325,0.003477721940726,-0.0042689396068453,-0.0170621015131473,0.0088828532025218,0.1757526397705078,0.0139192724600434,-0.0170703083276748,0.0237496066838502,-0.0056325197219848,0.0033642486669123,-0.0181732475757598,-0.0424161553382873,0.0199519675225019,0.0016133738681674,-0.0395946316421032,-0.0111672952771186,-0.0208588577806949,-0.0066032749600708,-0.019298255443573,0.0112180020660162,0.0268336106091737,-0.0084745688363909,0.026381317526102,0.0471435636281967,0.0271580722182989,-0.0060638757422566,0.0226628668606281,-0.0366436839103698,0.0103878295049071,0.0261580124497413,0.0397532060742378,0.0217149946838617,-0.0010986429406329,-0.0514919683337211,0.0096788927912712,-0.0114853149279952,0.0230936277657747,0.0382113754749298,-0.0623935349285602,-0.0029720831662416,0.0252100992947816,-0.0083065750077366,0.0256978254765272,-0.0071827736683189,-0.0190065037459135,-0.0081794550642371,0.0099075473845005,0.0177228730171918,-0.0004360248276498,0.0219539813697338,0.0124318366870284,0.0270574726164341,-0.0165876056998968,-0.0056054024025797,0.0048192199319601,0.0512669943273067,-0.0043601649813354,0.0881692245602607,0.0337201878428459,0.0084060858935117,0.0059310020878911,0.0299700163304805,-0.0376921631395816,0.0138419931754469,0.0087526850402355,0.0033875466324388,0.0169197972863912,0.0182821899652481,-0.0337031111121177,0.0797020271420478,-0.0028697808738797,-0.0327809751033783,-0.0039848680607974,-0.0211565718054771,-0.0033341080415993,-0.0422154664993286,-0.0080285593867301,-0.0509615428745746,0.0400179587304592,-0.012345659546554,0.004107273183763,-0.0047258860431611,-0.0430570505559444,-0.0275735184550285,-0.0188976414501667,-0.0320285223424434,-0.002293104538694,0.0202723760157823,0.0271202102303504,-0.0128434980288147,-0.0252852384001016,-0.040137656033039,-0.0192837491631507,-0.0118979653343558,-0.0021067450288683,-0.0412819236516952,0.0096176359802484,-0.0863523483276367,-0.0085967183113098,0.0264900904148817,-0.0243730284273624,-0.0214357078075408,-0.006966152228415,-0.0086484374478459,0.0120948236435651,0.0292472410947084,-0.0100382883101701,-0.022133782505989,-0.026557182893157,0.0234155803918838,0.0416666753590107,-0.0327424444258213,0.0290476474910974,0.0034584829118102,0.0,-0.0361904874444007,-0.0388673953711986,-0.0066495737992227,-0.0378377707039536,0.0407288443847617,-0.0344916380085928,0.0362860358009813,0.1158301246652993,0.0600436895746501,0.0489060959434668,0.032704055398725,0.1806950046543134,0.1443724706139224,0.112483992047601,-0.0752380887044985,2019-02-21,2019-02-22,2019-02-25,2019-02-26,2019-02-27,2019-02-28,2019-03-01,2019-03-04,2019-03-05,2019-03-06,85424.0,2019-02-20,252.0,0.0257%,-0.0006,1.5523,1.4135,0.9887,1.7635%,2.4038%,46.1814%,-0.011463,DRQ,85424.0,2019-02-21,252.0,-3.8867%,-0.0007,1.564,1.4308,1.0103,1.7710%,2.4158%,46.2571%,-0.02996,DRQ,85424.0,2019-02-22,252.0,0.1071%,-0.0007,1.5631,1.4577,1.0249,1.7665%,2.4144%,46.4714%,-0.002213,DRQ,85424.0,2019-02-25,252.0,0.3478%,-0.0006,1.5613,1.4523,1.0153,1.7643%,2.4116%,46.4761%,0.0066679999999999,DRQ,85424.0,2019-02-26,252.0,-1.7062%,-0.0006,1.555,1.4604,1.0147,1.7630%,2.4074%,46.3698%,-0.002019,DRQ,85424.0,2019-02-27,252.0,17.5753%,0.0001,1.5609,1.5008,1.0161,2.0733%,2.6513%,38.8482%,0.172696,DRQ,85424.0,2019-02-28,252.0,-1.7070%,0.0,1.565,1.5033,1.0215,2.0742%,2.6510%,38.7867%,-0.010091,DRQ,85424.0,2019-03-01,252.0,-0.5633%,-0.0001,1.5631,1.5005,1.0266,2.0769%,2.6470%,38.4356%,-0.0172639999999999,DRQ,85424.0,2019-03-04,252.0,-1.8173%,-0.0,1.5596,1.5194,1.0259,2.0767%,2.6482%,38.5057%,-0.008137,DRQ,85424.0,2019-03-05,252.0,1.9952%,0.0002,1.5614,1.5523,1.0162,2.0767%,2.6509%,38.6300%,0.029686,DRQ,85424.0,2019-03-06,252.0,-3.9595%,0.0001,1.5527,1.5781,1.0098,2.0725%,2.6534%,38.9958%,-0.007416,DRQ,-0.041423,-0.043636,-0.036968,0.133709,0.120487
7619,DEVON ENERGY CORP NEW,"From Devon Energy Q4 Earnings Conference Call: CFO Says Sees Complete Exit From Canada, Barnett Shale",6,decrease,0.7,0.6,"the complete exit from canada and the barnett shale may signal a reduction in growth opportunities and revenue sources, which could negatively impact investor sentiment and stock price.",0,2019-02-20,DVN,2019-02-20 16:40:00+00:00,87137.0,25179M10,0.0692335218191146,34746618.0,-0.0138751259073615,-0.0038705351762473,-0.0067001930437982,0.0398829169571399,-0.0053962850943207,0.0156075833365321,0.0033909929916262,0.0365947932004928,0.0098005747422575,0.0204401947557926,-0.0123828295618295,0.0208667926490306,0.0216875430196523,-0.0150197297334671,-0.0235488917678594,-0.0552651770412921,-0.0057744588702917,-0.0029784035868942,-0.0187906101346015,-0.0110456272959709,-0.0229804962873458,0.0055534844286739,-0.0481112040579319,0.0135084660723805,0.040808692574501,-0.0368630439043045,0.0345324091613292,0.0305400248616933,0.0198191832751035,0.0132075613364577,0.0085236988961696,-0.027522936463356,0.0047457418404519,0.0244360752403736,0.0293522551655769,0.0106383245438337,-0.0088495723903179,-0.0116409864276647,0.0333994776010513,-0.0187914613634347,0.0127999875694513,0.0284198559820652,-0.0413901880383491,0.0193124767392873,0.0158206839114427,-0.0193181913346052,0.0253082644194364,0.0087886722758412,-0.0085443183779716,-0.0072079109959304,0.0175550356507301,0.0026625976897776,-0.010037631727755,0.0178087875247001,-0.0006336676306091,0.0109589314088225,-0.010462962090969,0.0078895008191466,-0.0160205066204071,0.0317460596561431,0.0097688427194952,0.0446428246796131,0.0383747331798076,0.01335637178272,-0.0052795647643506,0.0297248512506485,-0.0302840881049633,0.0035619693808257,0.0109465597197413,-0.0192139968276023,-0.0070063476450741,0.0083663826808333,0.0737652108073234,0.0824594646692276,-0.0271804016083478,-0.0424463860690593,0.0079828714951872,-0.0266548376530408,0.0115746948868036,-0.0561844930052757,0.0102378847077488,-0.0229413956403732,0.0479880981147289,-0.0431203581392765,-0.0159272290766239,-0.0127708949148654,-0.0031790982466191,-0.0383327379822731,-0.0275442358106374,-0.0120967682451009,-0.0253429412841796,0.0198131091892719,0.0009177912143059,0.0182717759162187,-0.0177262164652347,-0.0341911874711513,-0.0093341395258903,-0.0198197923600673,-0.0288944747298955,-0.0149094806984067,0.0109961237758398,-0.0208550710231065,0.0073576308786869,0.0643729120492935,-0.0139727070927619,0.0044593401253223,0.0154589843004941,0.001488612149842,-0.008880453184247,0.0097707714885473,0.0019199829548597,-0.0191669203341007,-0.0443947426974773,0.0081753740087151,0.0280748717486858,-0.0567823611199855,0.0055266604758799,0.0397230386734008,0.0119624612852931,-0.0735989287495613,-0.0138751259073615,-0.0038705351762473,-0.0204823529290734,0.0358580135478785,-0.0257681094075864,0.0520252538191416,-0.012884086123171,0.1128144213348694,-0.0512058514986397,0.0423416653907537,0.0172870829731346,0.1522181426075832,0.0368311937134073,-0.041381294564203,2019-02-21,2019-02-22,2019-02-25,2019-02-26,2019-02-27,2019-02-28,2019-03-01,2019-03-04,2019-03-05,2019-03-06,87137.0,2019-02-20,252.0,6.9234%,-0.0002,1.4849,0.6786,0.6342,2.0757%,2.5566%,34.0847%,0.061875,DVN,87137.0,2019-02-21,252.0,-1.3875%,-0.0004,1.497,0.7017,0.6563,2.0678%,2.5561%,34.5587%,-0.006547,DVN,87137.0,2019-02-22,252.0,-0.6700%,0.0001,1.4923,0.86,0.7453,1.9276%,2.4461%,37.9011%,-0.010743,DVN,87137.0,2019-02-25,252.0,-0.5396%,0.0001,1.492,0.8618,0.745,1.9277%,2.4461%,37.8956%,-0.004157,DVN,87137.0,2019-02-26,252.0,0.3391%,0.0001,1.4803,0.8543,0.7324,1.9273%,2.4371%,37.4610%,0.013652,DVN,87137.0,2019-02-27,252.0,0.9801%,0.0001,1.4832,0.8514,0.7329,1.9275%,2.4376%,37.4745%,0.007624,DVN,87137.0,2019-02-28,252.0,-1.2383%,-0.0,1.4994,0.8623,0.7462,1.9198%,2.4383%,38.0066%,-0.0062229999999999,DVN,87137.0,2019-03-01,252.0,2.1688%,0.0001,1.4927,0.8524,0.7306,1.9188%,2.4306%,37.6790%,0.011286,DVN,87137.0,2019-03-04,252.0,-2.3549%,0.0,1.4969,0.8522,0.7264,1.9210%,2.4351%,37.7665%,-0.015317,DVN,87137.0,2019-03-05,252.0,-0.5774%,-0.0,1.4945,0.8341,0.7243,1.9200%,2.4295%,37.5474%,0.001065,DVN,87137.0,2019-03-06,252.0,-1.8791%,-0.0,1.4896,0.8288,0.718,1.9197%,2.4290%,37.5351%,0.0038929999999999,DVN,0.055328,0.044585,0.040428,0.0617039999999999,0.0564079999999999
7627,DEVON ENERGY CORP NEW,"Devon Energy shares are trading higher despite weak Q4 earnings after the company announced it is pursuing a separation of its Canadian and Barnett Shale assets, which could include a sale or spin off; the company also added $1 billion to its buyback.",6,increase,0.7,0.6,"the announcement of pursuing a separation of assets and a significant buyback program typically signals positive strategic moves that can enhance shareholder value, leading to an increase in stock price.",2,2019-02-20,DVN,2019-02-20 13:57:00+00:00,87137.0,25179M10,0.0692335218191146,34746618.0,-0.0138751259073615,-0.0038705351762473,-0.0067001930437982,0.0398829169571399,-0.0053962850943207,0.0156075833365321,0.0033909929916262,0.0365947932004928,0.0098005747422575,0.0204401947557926,-0.0123828295618295,0.0208667926490306,0.0216875430196523,-0.0150197297334671,-0.0235488917678594,-0.0552651770412921,-0.0057744588702917,-0.0029784035868942,-0.0187906101346015,-0.0110456272959709,-0.0229804962873458,0.0055534844286739,-0.0481112040579319,0.0135084660723805,0.040808692574501,-0.0368630439043045,0.0345324091613292,0.0305400248616933,0.0198191832751035,0.0132075613364577,0.0085236988961696,-0.027522936463356,0.0047457418404519,0.0244360752403736,0.0293522551655769,0.0106383245438337,-0.0088495723903179,-0.0116409864276647,0.0333994776010513,-0.0187914613634347,0.0127999875694513,0.0284198559820652,-0.0413901880383491,0.0193124767392873,0.0158206839114427,-0.0193181913346052,0.0253082644194364,0.0087886722758412,-0.0085443183779716,-0.0072079109959304,0.0175550356507301,0.0026625976897776,-0.010037631727755,0.0178087875247001,-0.0006336676306091,0.0109589314088225,-0.010462962090969,0.0078895008191466,-0.0160205066204071,0.0317460596561431,0.0097688427194952,0.0446428246796131,0.0383747331798076,0.01335637178272,-0.0052795647643506,0.0297248512506485,-0.0302840881049633,0.0035619693808257,0.0109465597197413,-0.0192139968276023,-0.0070063476450741,0.0083663826808333,0.0737652108073234,0.0824594646692276,-0.0271804016083478,-0.0424463860690593,0.0079828714951872,-0.0266548376530408,0.0115746948868036,-0.0561844930052757,0.0102378847077488,-0.0229413956403732,0.0479880981147289,-0.0431203581392765,-0.0159272290766239,-0.0127708949148654,-0.0031790982466191,-0.0383327379822731,-0.0275442358106374,-0.0120967682451009,-0.0253429412841796,0.0198131091892719,0.0009177912143059,0.0182717759162187,-0.0177262164652347,-0.0341911874711513,-0.0093341395258903,-0.0198197923600673,-0.0288944747298955,-0.0149094806984067,0.0109961237758398,-0.0208550710231065,0.0073576308786869,0.0643729120492935,-0.0139727070927619,0.0044593401253223,0.0154589843004941,0.001488612149842,-0.008880453184247,0.0097707714885473,0.0019199829548597,-0.0191669203341007,-0.0443947426974773,0.0081753740087151,0.0280748717486858,-0.0567823611199855,0.0055266604758799,0.0397230386734008,0.0119624612852931,-0.0735989287495613,-0.0138751259073615,-0.0038705351762473,-0.0204823529290734,0.0358580135478785,-0.0257681094075864,0.0520252538191416,-0.012884086123171,0.1128144213348694,-0.0512058514986397,0.0423416653907537,0.0172870829731346,0.1522181426075832,0.0368311937134073,-0.041381294564203,2019-02-21,2019-02-22,2019-02-25,2019-02-26,2019-02-27,2019-02-28,2019-03-01,2019-03-04,2019-03-05,2019-03-06,87137.0,2019-02-20,252.0,6.9234%,-0.0002,1.4849,0.6786,0.6342,2.0757%,2.5566%,34.0847%,0.061875,DVN,87137.0,2019-02-21,252.0,-1.3875%,-0.0004,1.497,0.7017,0.6563,2.0678%,2.5561%,34.5587%,-0.006547,DVN,87137.0,2019-02-22,252.0,-0.6700%,0.0001,1.4923,0.86,0.7453,1.9276%,2.4461%,37.9011%,-0.010743,DVN,87137.0,2019-02-25,252.0,-0.5396%,0.0001,1.492,0.8618,0.745,1.9277%,2.4461%,37.8956%,-0.004157,DVN,87137.0,2019-02-26,252.0,0.3391%,0.0001,1.4803,0.8543,0.7324,1.9273%,2.4371%,37.4610%,0.013652,DVN,87137.0,2019-02-27,252.0,0.9801%,0.0001,1.4832,0.8514,0.7329,1.9275%,2.4376%,37.4745%,0.007624,DVN,87137.0,2019-02-28,252.0,-1.2383%,-0.0,1.4994,0.8623,0.7462,1.9198%,2.4383%,38.0066%,-0.0062229999999999,DVN,87137.0,2019-03-01,252.0,2.1688%,0.0001,1.4927,0.8524,0.7306,1.9188%,2.4306%,37.6790%,0.011286,DVN,87137.0,2019-03-04,252.0,-2.3549%,0.0,1.4969,0.8522,0.7264,1.9210%,2.4351%,37.7665%,-0.015317,DVN,87137.0,2019-03-05,252.0,-0.5774%,-0.0,1.4945,0.8341,0.7243,1.9200%,2.4295%,37.5474%,0.001065,DVN,87137.0,2019-03-06,252.0,-1.8791%,-0.0,1.4896,0.8288,0.718,1.9197%,2.4290%,37.5351%,0.0038929999999999,DVN,0.055328,0.044585,0.040428,0.0617039999999999,0.0564079999999999
7635,ELECTRONIC ARTS INC,'A Network Effect': New Model For Video Games Relies On In-Game Cash,6,increase,0.7,0.6,"the introduction of a new model that relies on in-game cash could enhance player engagement and monetization, potentially leading to increased revenue for electronic arts inc.",2,2019-02-20,EA,2019-02-20 20:13:00+00:00,75828.0,28551210,-0.0420551858842372,10698791.0,-0.0179458241909742,-0.0363159626722335,-0.0097047537565231,0.0151068540289998,-0.0006254957988858,0.0293398536741733,0.0275401566177606,-0.0007818022859282,-0.0067005446180701,0.0523447543382644,-0.0210547596216201,-0.0036885309964418,0.0170182175934314,0.1605231910943985,-0.0012319345260038,0.0484976880252361,-0.0161373186856508,-0.1330522894859314,-0.0099248280748724,0.0462512299418449,0.0484330914914608,-0.0305854082107543,-0.0100644119083881,-0.011058073490858,0.0069133825600147,0.0337329879403114,-0.0045436648651957,0.0228107012808322,0.0156202549114823,-0.0357024781405925,-0.0129830762743949,-0.0138434348627924,0.0015177731402218,0.0028420910239219,0.0068700774572789,0.0263660512864589,-0.0215733647346496,-0.0238747168332338,-0.0049226065166294,-0.013078243471682,0.0809027999639511,0.0359422154724597,-0.0242181625217199,-0.0067838146351277,-0.0059604551643133,0.0048050098121166,0.0057996297255158,0.0102731548249721,-0.0161258950829505,-0.0233737062662839,0.0151981599628925,-0.0034062759950757,-0.0055772964842617,0.0236193723976612,0.0102332085371017,-0.001235598581843,-0.0178241152316331,0.016326067969203,-0.0068424716591835,0.0375503227114677,-0.0220668893307447,0.0725447759032249,0.0152133740484714,-0.0206545181572437,-0.0148848770186305,0.0185020789504051,0.0030628184322267,-0.0049180248752236,0.0140457740053534,-0.0016366266645491,0.0095353266224265,0.019771484658122,0.0124279176816344,0.0424250289797782,-0.0390847809612751,-0.0241608787328004,-0.0410832576453685,-0.0112345395609736,-0.0200362876057624,-0.0117406602948904,0.0129418428987264,-0.0204999931156635,-0.0066566755995154,0.0097184982150793,0.0228058863431215,-0.0116018000990152,-0.0050723422318696,-0.0086569003760814,-0.0124269584193825,-0.0256657097488641,0.0160249285399913,-0.0053931516595184,0.0027522190939635,-0.0034635243937373,-0.0008445247076451,0.0146631943061947,0.002218690700829,-0.016213646158576,-0.0048492420464754,0.0332593843340873,-0.0201271343976259,-0.0335714258253574,0.0136216450482606,-0.0008326358511112,-0.0109854815527796,-0.0268549565225839,0.0124015295878052,0.0057042823173105,-0.0059650358743965,0.0101128946989774,0.0060008312575519,0.0012951914686709,-0.0368555523455143,0.0273376330733299,0.0458969436585903,-0.0160675849765539,0.0232631582766771,0.0120452903211116,0.0230443682521581,-0.0002408992295386,-0.0179458241909742,-0.0363159626722335,-0.0274764181427661,-0.0217577285902458,-0.0280847275575352,0.0069437565108072,-0.0080097418429977,0.0588235417375013,-0.0391361727743464,0.164310743201409,0.0154111761744248,0.2196162271451525,0.0037514224639012,0.2398843744304184,2019-02-21,2019-02-22,2019-02-25,2019-02-26,2019-02-27,2019-02-28,2019-03-01,2019-03-04,2019-03-05,2019-03-06,75828.0,2019-02-20,252.0,-4.2055%,-0.0012,0.9652,0.1674,-0.8509,2.0756%,2.4693%,29.3421%,-0.039952,EA,75828.0,2019-02-21,252.0,-1.7946%,-0.0013,0.9717,0.1773,-0.8389,2.0771%,2.4716%,29.3731%,-0.016314,EA,75828.0,2019-02-22,252.0,-0.9705%,-0.0014,0.9755,0.1784,-0.7926,2.0842%,2.4713%,28.8754%,-0.029428,EA,75828.0,2019-02-25,252.0,-0.0625%,-0.0014,0.975,0.1787,-0.7943,2.0840%,2.4713%,28.8850%,-0.003152,EA,75828.0,2019-02-26,252.0,2.7540%,-0.0013,0.9656,0.1476,-0.8171,2.0916%,2.4743%,28.5401%,0.027523,EA,75828.0,2019-02-27,252.0,-0.6701%,-0.0013,0.9644,0.1474,-0.8173,2.0921%,2.4733%,28.4514%,-0.008931,EA,75828.0,2019-02-28,252.0,-2.1055%,-0.0014,0.9642,0.1466,-0.8131,2.0949%,2.4732%,28.2490%,-0.020238,EA,75828.0,2019-03-01,252.0,1.7018%,-0.0013,0.9618,0.1431,-0.8203,2.0951%,2.4737%,28.2671%,0.006309,EA,75828.0,2019-03-04,252.0,-0.1232%,-0.0013,0.9601,0.1407,-0.8181,2.0958%,2.4726%,28.1543%,0.007451,EA,75828.0,2019-03-05,252.0,-1.6137%,-0.0014,0.9597,0.1275,-0.813,2.0963%,2.4696%,27.9481%,-0.016123,EA,75828.0,2019-03-06,252.0,-0.9925%,-0.0014,0.9583,0.1255,-0.8148,2.0963%,2.4696%,27.9507%,-2.1e-05,EA,-0.056266,-0.0856939999999999,-0.088846,-0.070254,-0.0928759999999999
7643,ELECTRONIC ARTS INC,'Royale rumble: 'Apex Legends' smashing 'Fortnite' records' -AP Reports,6,increase,0.8,0.7,"the news highlights 'apex legends' outperforming 'fortnite', which could boost player engagement and revenue for electronic arts inc, likely leading to a positive impact on its stock price.",2,2019-02-20,EA,2019-02-20 15:08:00+00:00,75828.0,28551210,-0.0420551858842372,10698791.0,-0.0179458241909742,-0.0363159626722335,-0.0097047537565231,0.0151068540289998,-0.0006254957988858,0.0293398536741733,0.0275401566177606,-0.0007818022859282,-0.0067005446180701,0.0523447543382644,-0.0210547596216201,-0.0036885309964418,0.0170182175934314,0.1605231910943985,-0.0012319345260038,0.0484976880252361,-0.0161373186856508,-0.1330522894859314,-0.0099248280748724,0.0462512299418449,0.0484330914914608,-0.0305854082107543,-0.0100644119083881,-0.011058073490858,0.0069133825600147,0.0337329879403114,-0.0045436648651957,0.0228107012808322,0.0156202549114823,-0.0357024781405925,-0.0129830762743949,-0.0138434348627924,0.0015177731402218,0.0028420910239219,0.0068700774572789,0.0263660512864589,-0.0215733647346496,-0.0238747168332338,-0.0049226065166294,-0.013078243471682,0.0809027999639511,0.0359422154724597,-0.0242181625217199,-0.0067838146351277,-0.0059604551643133,0.0048050098121166,0.0057996297255158,0.0102731548249721,-0.0161258950829505,-0.0233737062662839,0.0151981599628925,-0.0034062759950757,-0.0055772964842617,0.0236193723976612,0.0102332085371017,-0.001235598581843,-0.0178241152316331,0.016326067969203,-0.0068424716591835,0.0375503227114677,-0.0220668893307447,0.0725447759032249,0.0152133740484714,-0.0206545181572437,-0.0148848770186305,0.0185020789504051,0.0030628184322267,-0.0049180248752236,0.0140457740053534,-0.0016366266645491,0.0095353266224265,0.019771484658122,0.0124279176816344,0.0424250289797782,-0.0390847809612751,-0.0241608787328004,-0.0410832576453685,-0.0112345395609736,-0.0200362876057624,-0.0117406602948904,0.0129418428987264,-0.0204999931156635,-0.0066566755995154,0.0097184982150793,0.0228058863431215,-0.0116018000990152,-0.0050723422318696,-0.0086569003760814,-0.0124269584193825,-0.0256657097488641,0.0160249285399913,-0.0053931516595184,0.0027522190939635,-0.0034635243937373,-0.0008445247076451,0.0146631943061947,0.002218690700829,-0.016213646158576,-0.0048492420464754,0.0332593843340873,-0.0201271343976259,-0.0335714258253574,0.0136216450482606,-0.0008326358511112,-0.0109854815527796,-0.0268549565225839,0.0124015295878052,0.0057042823173105,-0.0059650358743965,0.0101128946989774,0.0060008312575519,0.0012951914686709,-0.0368555523455143,0.0273376330733299,0.0458969436585903,-0.0160675849765539,0.0232631582766771,0.0120452903211116,0.0230443682521581,-0.0002408992295386,-0.0179458241909742,-0.0363159626722335,-0.0274764181427661,-0.0217577285902458,-0.0280847275575352,0.0069437565108072,-0.0080097418429977,0.0588235417375013,-0.0391361727743464,0.164310743201409,0.0154111761744248,0.2196162271451525,0.0037514224639012,0.2398843744304184,2019-02-21,2019-02-22,2019-02-25,2019-02-26,2019-02-27,2019-02-28,2019-03-01,2019-03-04,2019-03-05,2019-03-06,75828.0,2019-02-20,252.0,-4.2055%,-0.0012,0.9652,0.1674,-0.8509,2.0756%,2.4693%,29.3421%,-0.039952,EA,75828.0,2019-02-21,252.0,-1.7946%,-0.0013,0.9717,0.1773,-0.8389,2.0771%,2.4716%,29.3731%,-0.016314,EA,75828.0,2019-02-22,252.0,-0.9705%,-0.0014,0.9755,0.1784,-0.7926,2.0842%,2.4713%,28.8754%,-0.029428,EA,75828.0,2019-02-25,252.0,-0.0625%,-0.0014,0.975,0.1787,-0.7943,2.0840%,2.4713%,28.8850%,-0.003152,EA,75828.0,2019-02-26,252.0,2.7540%,-0.0013,0.9656,0.1476,-0.8171,2.0916%,2.4743%,28.5401%,0.027523,EA,75828.0,2019-02-27,252.0,-0.6701%,-0.0013,0.9644,0.1474,-0.8173,2.0921%,2.4733%,28.4514%,-0.008931,EA,75828.0,2019-02-28,252.0,-2.1055%,-0.0014,0.9642,0.1466,-0.8131,2.0949%,2.4732%,28.2490%,-0.020238,EA,75828.0,2019-03-01,252.0,1.7018%,-0.0013,0.9618,0.1431,-0.8203,2.0951%,2.4737%,28.2671%,0.006309,EA,75828.0,2019-03-04,252.0,-0.1232%,-0.0013,0.9601,0.1407,-0.8181,2.0958%,2.4726%,28.1543%,0.007451,EA,75828.0,2019-03-05,252.0,-1.6137%,-0.0014,0.9597,0.1275,-0.813,2.0963%,2.4696%,27.9481%,-0.016123,EA,75828.0,2019-03-06,252.0,-0.9925%,-0.0014,0.9583,0.1255,-0.8148,2.0963%,2.4696%,27.9507%,-2.1e-05,EA,-0.056266,-0.0856939999999999,-0.088846,-0.070254,-0.0928759999999999
7651,ELLINGTON FINANCIAL INC,"Ellington Financial Q4 EPS $0.41 Beats $0.36 Estimate, Sales $36.851M Beat $12.16M Estimate",6,increase,0.8,0.7,"the company reported better-than-expected earnings and sales, which typically boosts investor confidence and can lead to an increase in stock price.",2,2019-02-20,EFC,2019-02-20 22:19:00+00:00,12329.0,28852N10,0.0,157093.0,-0.0093240002170205,-0.0126581890508532,-0.0017647462664172,0.0098779825493693,0.0011785774258896,0.0213649068027734,0.0023543799761682,0.0023795906454324,0.0005872125038877,-0.0017815134488046,-1.031887890690086e-07,0.0023810069542378,0.0114251682534813,-0.0005948976613581,0.0321046933531761,0.002385152503848,-0.0023042000830173,0.0035907465498894,-0.0040415530093014,0.0054150568321347,0.0,0.0036232713609933,0.0144927538931369,0.0012091021053493,-0.0022857666481286,0.0091520156711339,0.0005727508105337,0.0024464223533868,0.0057241204194724,-0.0006112608825787,0.0108139179646968,0.00183715170715,0.0028152724262326,0.0074028898961842,0.0033689711708575,0.0207807905972003,-0.0039172689430415,0.0146965179592371,-0.0011235141428187,0.0057840100489556,0.0039369906298816,0.0019317892147228,0.0056022619828581,-0.00384864769876,0.0022283568978309,0.0110246483236551,-0.0011117542162537,-0.0006481029558926,-0.0022258770186454,-0.0108974408358335,-0.0005577031406573,-0.0044671152718365,0.0067490958608686,-0.0025461465120315,0.0005586720071732,0.0019132482120767,-0.0044667739421129,0.0038412560243159,0.0061694118194282,0.0090439496561884,0.0105907814577221,0.0012936289422214,0.0093767279759049,0.0038961311802268,0.0010929212439805,0.0045661902986466,0.0,-0.0051914290525019,0.0005458640516735,0.0058746836148202,-0.0005455662030726,-0.0045484500005841,-0.0087336162105202,0.0321931913495063,-0.00440528197214,-0.0099601969122886,0.0044247745536267,0.0127774402499198,-0.0033039352856576,-0.0093271378427743,-0.001657496439293,-0.0105471219867467,0.0088544469326734,0.009314727038145,-0.0038398078177124,-0.0170045923441648,0.0022026936057955,-0.0058517656289041,-0.0027473154477775,-0.0096587007865309,0.0027548840735107,-0.0101975686848163,0.0027472442016005,0.0064143314957618,-0.0038652508519589,0.0012845509918406,0.0022172397002577,0.0032216003164649,-0.0044247745536267,0.0032320744358003,0.0,-0.0115015562623739,0.0044444403611123,0.0109819173812866,-0.0060841045342385,-0.0070558441802859,0.0072343391366302,0.0120176924392581,0.00441988511011,-0.0025236569344997,-0.0022002703044563,-0.0031446062494069,-0.0038588587194681,0.0031545259989798,0.0027670804411172,0.0,-0.0016556669725105,0.000631327566225,0.0022111115977168,-0.0081402696669101,-0.0093240002170205,-0.0126581890508532,-0.0110722919888666,-0.0029052438720348,-0.0099067641163679,0.0183975926661732,-0.0069929444740903,0.0190023557782972,0.0300283117535793,0.0324909122666945,0.0796643541317185,0.1085271521481712,0.0995336221130864,0.1027732495613469,2019-02-21,2019-02-22,2019-02-25,2019-02-26,2019-02-27,2019-02-28,2019-03-01,2019-03-04,2019-03-05,2019-03-06,12329.0,2019-02-20,252.0,0.0000%,0.0009,0.254,0.1277,0.1303,0.6615%,0.7084%,12.8257%,-0.001591,EFC,12329.0,2019-02-21,252.0,-0.9324%,0.0009,0.2494,0.1164,0.122,0.6537%,0.6993%,12.6343%,-0.008095,EFC,12329.0,2019-02-22,252.0,-0.1765%,0.0008,0.2502,0.1062,0.1226,0.6524%,0.6981%,12.6485%,-0.002333,EFC,12329.0,2019-02-25,252.0,0.1179%,0.0009,0.2493,0.1051,0.1187,0.6506%,0.6961%,12.6631%,0.0012,EFC,12329.0,2019-02-26,252.0,0.2354%,0.0009,0.2476,0.1028,0.1162,0.6507%,0.6954%,12.4517%,0.003718,EFC,12329.0,2019-02-27,252.0,0.0587%,0.0009,0.2478,0.1023,0.1162,0.6507%,0.6954%,12.4286%,0.000208,EFC,12329.0,2019-02-28,252.0,-0.0000%,0.0009,0.2404,0.0972,0.1109,0.6449%,0.6871%,11.9104%,0.0009379999999999,EFC,12329.0,2019-03-01,252.0,1.1425%,0.001,0.2334,0.0869,0.096,0.6407%,0.6809%,11.4522%,0.009766,EFC,12329.0,2019-03-04,252.0,3.2105%,0.0011,0.2323,0.0618,0.1029,0.6708%,0.7079%,10.1866%,0.0332019999999999,EFC,12329.0,2019-03-05,252.0,-0.2304%,0.0011,0.2328,0.0639,0.1042,0.6711%,0.7081%,10.1995%,-0.0015609999999999,EFC,12329.0,2019-03-06,252.0,-0.4042%,0.0011,0.2278,0.0742,0.1001,0.6675%,0.7037%,10.0169%,-0.001413,EFC,-0.009686,-0.012019,-0.010819,-0.006893,0.034039
7659,EQUIFAX INC,"Equifax Sees FY19 Adj. EPS $5.60-$5.80 vs $5.86 Estimate, Sales $3.425B-$3.525B vs $3.53B Est.",6,decrease,0.7,0.6,"equifax's adjusted eps guidance is below analyst estimates, which typically signals weaker performance and can lead to a decrease in stock price.",0,2019-02-20,EFX,2019-02-20 22:16:00+00:00,52476.0,29442910,-0.0108854966238141,3131124.0,0.0218255873769521,9.150248661171644e-05,0.0024436987005174,0.0034884535707533,-0.0033405809663236,0.0039631365798413,0.0050729010254144,0.0007378881564363,-0.0199188739061355,0.010909073986113,0.0070811505429446,0.0034618522040545,0.0086749792098999,0.0026266302447766,-0.0021727129351347,-0.0043896632269024,-0.0028125345706939,-0.0065874848514795,-0.0048221852630376,9.281002712668852e-05,-0.0061254175379872,-0.0015750026796013,-0.0016557842027395,0.0085965786129236,0.0175067000091075,0.0105759687721729,0.0095419427379965,0.0094366390258073,0.0043208515271544,-0.0028513965662568,-0.0112037286162376,-0.0039761257357895,0.0063451500609517,0.0174339972436428,0.0152225047349929,-0.0019226778531447,0.0063880863599479,0.0038601995911449,-0.0086397193372249,-0.0059477658942341,0.0226767733693122,0.0315684787929058,-0.0184348057955503,0.0268265344202518,-0.0045180236920714,0.0102658858522772,0.0088101616129279,0.0128938909620046,0.0137614458799362,-0.0049664080142974,0.0161851774901151,-0.0001034775050356,0.0147285601124167,0.0068750381469726,0.0086075663566589,0.0170568972826004,0.0059404848143458,0.0075789825059473,0.0175496377050876,-0.0060477419756352,0.0062939701601862,0.031859029084444,0.0054422724060714,-0.0182717610150575,-0.0041202306747436,-0.0009663517703302,-0.0060842055827379,0.0029075667262077,0.0048972098156809,-0.0134919434785842,0.0110461385920643,0.0154261095449328,0.0046593365259468,0.029999965801835,0.0088757444173097,-0.0109890112653374,0.000792569364421,-0.0030674713198095,-0.0064148060046136,-0.0313064269721508,0.0019129433203488,-0.0093565955758094,-0.007000773679465,-0.0218016784638166,0.0025636893697083,0.000617385841906,0.0022374843247234,0.000617767276708,-0.0071759014390408,-0.0094849597662687,0.0059428648091852,0.0104081006720662,0.0071850670501589,-0.0142218759283423,-0.0016646061558276,-0.0092592407017946,-0.0117506608366966,-0.0095693692564964,-0.0093998406082391,0.0104754325002431,0.0070559214800596,-0.0359293483197689,-0.0022549631539732,0.0030194330029189,-0.0214706268161535,-0.001264638849534,-0.0101460311561822,-0.0279878880828619,-0.0079999919980764,0.0267961379140615,0.0030241985805332,0.0072364350780844,-0.0248743817210197,0.0118741793558001,0.0194108225405216,0.000594035256654,0.0002527489850763,0.0049558985047042,0.0238376166671514,-0.0062056467868387,0.0218255873769521,9.150248661171644e-05,0.0243226212369807,0.0035802752595412,0.0209007885851018,0.0075576009592297,0.0056413647369677,0.0193006967067745,0.0115601612862148,0.0143825098827701,0.1354258111727708,0.1598938953341877,0.1280939608439848,0.0809902453560009,2019-02-21,2019-02-22,2019-02-25,2019-02-26,2019-02-27,2019-02-28,2019-03-01,2019-03-04,2019-03-05,2019-03-06,52476.0,2019-02-20,252.0,-1.0885%,-0.0002,0.7533,-0.006,0.1962,1.5208%,1.6985%,19.8229%,-0.013589,EFX,52476.0,2019-02-21,252.0,2.1826%,-0.0001,0.7435,-0.0205,0.178,1.5274%,1.7010%,19.3658%,0.02496,EFX,52476.0,2019-02-22,252.0,0.2444%,-0.0,0.7429,-0.0042,0.1849,1.5255%,1.6984%,19.3231%,0.00024,EFX,52476.0,2019-02-25,252.0,-0.3341%,-0.0001,0.7444,-0.0006,0.1924,1.5236%,1.6969%,19.3771%,-0.004233,EFX,52476.0,2019-02-26,252.0,0.5073%,-0.0,0.7487,-0.0144,0.1887,1.5230%,1.6971%,19.4650%,0.006795,EFX,52476.0,2019-02-27,252.0,-1.9919%,-0.0001,0.7534,-0.0286,0.1894,1.5267%,1.7017%,19.5066%,-0.020439,EFX,52476.0,2019-02-28,252.0,0.7081%,-0.0,0.7524,-0.029,0.1864,1.5279%,1.7016%,19.3731%,0.009796,EFX,52476.0,2019-03-01,252.0,0.8675%,-0.0,0.7522,-0.0292,0.1843,1.5281%,1.7012%,19.3147%,0.003997,EFX,52476.0,2019-03-04,252.0,-0.2173%,0.0,0.7502,-0.0233,0.185,1.5279%,1.6992%,19.1434%,0.000814,EFX,52476.0,2019-03-05,252.0,-0.2813%,-0.0002,0.7397,-0.106,0.1779,1.4978%,1.6680%,19.3746%,-0.001255,EFX,52476.0,2019-03-06,252.0,-0.4822%,-0.0003,0.7254,-0.0939,0.1634,1.4882%,1.6534%,18.9810%,-0.000105,EFX,0.011371,0.011611,0.007378,-0.0062659999999999,0.006981
7667,EQUIFAX INC,"Equifax Sees Q1 Adj. EPS $1.15-$1.20 vs $1.39 Estimate, Sales $840M-$855M vs $872M Est.",6,decrease,0.8,0.6,"equifax's adjusted eps and sales guidance both fell short of analyst estimates, which is likely to lead to a negative reaction in the stock price.",0,2019-02-20,EFX,2019-02-20 22:16:00+00:00,52476.0,29442910,-0.0108854966238141,3131124.0,0.0218255873769521,9.150248661171644e-05,0.0024436987005174,0.0034884535707533,-0.0033405809663236,0.0039631365798413,0.0050729010254144,0.0007378881564363,-0.0199188739061355,0.010909073986113,0.0070811505429446,0.0034618522040545,0.0086749792098999,0.0026266302447766,-0.0021727129351347,-0.0043896632269024,-0.0028125345706939,-0.0065874848514795,-0.0048221852630376,9.281002712668852e-05,-0.0061254175379872,-0.0015750026796013,-0.0016557842027395,0.0085965786129236,0.0175067000091075,0.0105759687721729,0.0095419427379965,0.0094366390258073,0.0043208515271544,-0.0028513965662568,-0.0112037286162376,-0.0039761257357895,0.0063451500609517,0.0174339972436428,0.0152225047349929,-0.0019226778531447,0.0063880863599479,0.0038601995911449,-0.0086397193372249,-0.0059477658942341,0.0226767733693122,0.0315684787929058,-0.0184348057955503,0.0268265344202518,-0.0045180236920714,0.0102658858522772,0.0088101616129279,0.0128938909620046,0.0137614458799362,-0.0049664080142974,0.0161851774901151,-0.0001034775050356,0.0147285601124167,0.0068750381469726,0.0086075663566589,0.0170568972826004,0.0059404848143458,0.0075789825059473,0.0175496377050876,-0.0060477419756352,0.0062939701601862,0.031859029084444,0.0054422724060714,-0.0182717610150575,-0.0041202306747436,-0.0009663517703302,-0.0060842055827379,0.0029075667262077,0.0048972098156809,-0.0134919434785842,0.0110461385920643,0.0154261095449328,0.0046593365259468,0.029999965801835,0.0088757444173097,-0.0109890112653374,0.000792569364421,-0.0030674713198095,-0.0064148060046136,-0.0313064269721508,0.0019129433203488,-0.0093565955758094,-0.007000773679465,-0.0218016784638166,0.0025636893697083,0.000617385841906,0.0022374843247234,0.000617767276708,-0.0071759014390408,-0.0094849597662687,0.0059428648091852,0.0104081006720662,0.0071850670501589,-0.0142218759283423,-0.0016646061558276,-0.0092592407017946,-0.0117506608366966,-0.0095693692564964,-0.0093998406082391,0.0104754325002431,0.0070559214800596,-0.0359293483197689,-0.0022549631539732,0.0030194330029189,-0.0214706268161535,-0.001264638849534,-0.0101460311561822,-0.0279878880828619,-0.0079999919980764,0.0267961379140615,0.0030241985805332,0.0072364350780844,-0.0248743817210197,0.0118741793558001,0.0194108225405216,0.000594035256654,0.0002527489850763,0.0049558985047042,0.0238376166671514,-0.0062056467868387,0.0218255873769521,9.150248661171644e-05,0.0243226212369807,0.0035802752595412,0.0209007885851018,0.0075576009592297,0.0056413647369677,0.0193006967067745,0.0115601612862148,0.0143825098827701,0.1354258111727708,0.1598938953341877,0.1280939608439848,0.0809902453560009,2019-02-21,2019-02-22,2019-02-25,2019-02-26,2019-02-27,2019-02-28,2019-03-01,2019-03-04,2019-03-05,2019-03-06,52476.0,2019-02-20,252.0,-1.0885%,-0.0002,0.7533,-0.006,0.1962,1.5208%,1.6985%,19.8229%,-0.013589,EFX,52476.0,2019-02-21,252.0,2.1826%,-0.0001,0.7435,-0.0205,0.178,1.5274%,1.7010%,19.3658%,0.02496,EFX,52476.0,2019-02-22,252.0,0.2444%,-0.0,0.7429,-0.0042,0.1849,1.5255%,1.6984%,19.3231%,0.00024,EFX,52476.0,2019-02-25,252.0,-0.3341%,-0.0001,0.7444,-0.0006,0.1924,1.5236%,1.6969%,19.3771%,-0.004233,EFX,52476.0,2019-02-26,252.0,0.5073%,-0.0,0.7487,-0.0144,0.1887,1.5230%,1.6971%,19.4650%,0.006795,EFX,52476.0,2019-02-27,252.0,-1.9919%,-0.0001,0.7534,-0.0286,0.1894,1.5267%,1.7017%,19.5066%,-0.020439,EFX,52476.0,2019-02-28,252.0,0.7081%,-0.0,0.7524,-0.029,0.1864,1.5279%,1.7016%,19.3731%,0.009796,EFX,52476.0,2019-03-01,252.0,0.8675%,-0.0,0.7522,-0.0292,0.1843,1.5281%,1.7012%,19.3147%,0.003997,EFX,52476.0,2019-03-04,252.0,-0.2173%,0.0,0.7502,-0.0233,0.185,1.5279%,1.6992%,19.1434%,0.000814,EFX,52476.0,2019-03-05,252.0,-0.2813%,-0.0002,0.7397,-0.106,0.1779,1.4978%,1.6680%,19.3746%,-0.001255,EFX,52476.0,2019-03-06,252.0,-0.4822%,-0.0003,0.7254,-0.0939,0.1634,1.4882%,1.6534%,18.9810%,-0.000105,EFX,0.011371,0.011611,0.007378,-0.0062659999999999,0.006981
7675,EQUIFAX INC,"Equifax Q4 EPS $1.38 Beats $1.32 Estimate, Sales $835.3M Miss $839.48M Estimate",6,uncertain,0.6,0.3,"while equifax's earnings per share beat estimates, the miss on sales could raise concerns among investors, leading to an uncertain reaction in the stock price.",1,2019-02-20,EFX,2019-02-20 22:15:00+00:00,52476.0,29442910,-0.0108854966238141,3131124.0,0.0218255873769521,9.150248661171644e-05,0.0024436987005174,0.0034884535707533,-0.0033405809663236,0.0039631365798413,0.0050729010254144,0.0007378881564363,-0.0199188739061355,0.010909073986113,0.0070811505429446,0.0034618522040545,0.0086749792098999,0.0026266302447766,-0.0021727129351347,-0.0043896632269024,-0.0028125345706939,-0.0065874848514795,-0.0048221852630376,9.281002712668852e-05,-0.0061254175379872,-0.0015750026796013,-0.0016557842027395,0.0085965786129236,0.0175067000091075,0.0105759687721729,0.0095419427379965,0.0094366390258073,0.0043208515271544,-0.0028513965662568,-0.0112037286162376,-0.0039761257357895,0.0063451500609517,0.0174339972436428,0.0152225047349929,-0.0019226778531447,0.0063880863599479,0.0038601995911449,-0.0086397193372249,-0.0059477658942341,0.0226767733693122,0.0315684787929058,-0.0184348057955503,0.0268265344202518,-0.0045180236920714,0.0102658858522772,0.0088101616129279,0.0128938909620046,0.0137614458799362,-0.0049664080142974,0.0161851774901151,-0.0001034775050356,0.0147285601124167,0.0068750381469726,0.0086075663566589,0.0170568972826004,0.0059404848143458,0.0075789825059473,0.0175496377050876,-0.0060477419756352,0.0062939701601862,0.031859029084444,0.0054422724060714,-0.0182717610150575,-0.0041202306747436,-0.0009663517703302,-0.0060842055827379,0.0029075667262077,0.0048972098156809,-0.0134919434785842,0.0110461385920643,0.0154261095449328,0.0046593365259468,0.029999965801835,0.0088757444173097,-0.0109890112653374,0.000792569364421,-0.0030674713198095,-0.0064148060046136,-0.0313064269721508,0.0019129433203488,-0.0093565955758094,-0.007000773679465,-0.0218016784638166,0.0025636893697083,0.000617385841906,0.0022374843247234,0.000617767276708,-0.0071759014390408,-0.0094849597662687,0.0059428648091852,0.0104081006720662,0.0071850670501589,-0.0142218759283423,-0.0016646061558276,-0.0092592407017946,-0.0117506608366966,-0.0095693692564964,-0.0093998406082391,0.0104754325002431,0.0070559214800596,-0.0359293483197689,-0.0022549631539732,0.0030194330029189,-0.0214706268161535,-0.001264638849534,-0.0101460311561822,-0.0279878880828619,-0.0079999919980764,0.0267961379140615,0.0030241985805332,0.0072364350780844,-0.0248743817210197,0.0118741793558001,0.0194108225405216,0.000594035256654,0.0002527489850763,0.0049558985047042,0.0238376166671514,-0.0062056467868387,0.0218255873769521,9.150248661171644e-05,0.0243226212369807,0.0035802752595412,0.0209007885851018,0.0075576009592297,0.0056413647369677,0.0193006967067745,0.0115601612862148,0.0143825098827701,0.1354258111727708,0.1598938953341877,0.1280939608439848,0.0809902453560009,2019-02-21,2019-02-22,2019-02-25,2019-02-26,2019-02-27,2019-02-28,2019-03-01,2019-03-04,2019-03-05,2019-03-06,52476.0,2019-02-20,252.0,-1.0885%,-0.0002,0.7533,-0.006,0.1962,1.5208%,1.6985%,19.8229%,-0.013589,EFX,52476.0,2019-02-21,252.0,2.1826%,-0.0001,0.7435,-0.0205,0.178,1.5274%,1.7010%,19.3658%,0.02496,EFX,52476.0,2019-02-22,252.0,0.2444%,-0.0,0.7429,-0.0042,0.1849,1.5255%,1.6984%,19.3231%,0.00024,EFX,52476.0,2019-02-25,252.0,-0.3341%,-0.0001,0.7444,-0.0006,0.1924,1.5236%,1.6969%,19.3771%,-0.004233,EFX,52476.0,2019-02-26,252.0,0.5073%,-0.0,0.7487,-0.0144,0.1887,1.5230%,1.6971%,19.4650%,0.006795,EFX,52476.0,2019-02-27,252.0,-1.9919%,-0.0001,0.7534,-0.0286,0.1894,1.5267%,1.7017%,19.5066%,-0.020439,EFX,52476.0,2019-02-28,252.0,0.7081%,-0.0,0.7524,-0.029,0.1864,1.5279%,1.7016%,19.3731%,0.009796,EFX,52476.0,2019-03-01,252.0,0.8675%,-0.0,0.7522,-0.0292,0.1843,1.5281%,1.7012%,19.3147%,0.003997,EFX,52476.0,2019-03-04,252.0,-0.2173%,0.0,0.7502,-0.0233,0.185,1.5279%,1.6992%,19.1434%,0.000814,EFX,52476.0,2019-03-05,252.0,-0.2813%,-0.0002,0.7397,-0.106,0.1779,1.4978%,1.6680%,19.3746%,-0.001255,EFX,52476.0,2019-03-06,252.0,-0.4822%,-0.0003,0.7254,-0.0939,0.1634,1.4882%,1.6534%,18.9810%,-0.000105,EFX,0.011371,0.011611,0.007378,-0.0062659999999999,0.006981
7683,EQUIFAX INC,Equifax Q4 Earnings Preview,6,uncertain,0.5,0.5,the impact of the earnings preview on equifax's stock price is unclear without specific details on expected performance or market sentiment.,1,2019-02-20,EFX,2019-02-20 12:28:00+00:00,52476.0,29442910,-0.0108854966238141,3131124.0,0.0218255873769521,9.150248661171644e-05,0.0024436987005174,0.0034884535707533,-0.0033405809663236,0.0039631365798413,0.0050729010254144,0.0007378881564363,-0.0199188739061355,0.010909073986113,0.0070811505429446,0.0034618522040545,0.0086749792098999,0.0026266302447766,-0.0021727129351347,-0.0043896632269024,-0.0028125345706939,-0.0065874848514795,-0.0048221852630376,9.281002712668852e-05,-0.0061254175379872,-0.0015750026796013,-0.0016557842027395,0.0085965786129236,0.0175067000091075,0.0105759687721729,0.0095419427379965,0.0094366390258073,0.0043208515271544,-0.0028513965662568,-0.0112037286162376,-0.0039761257357895,0.0063451500609517,0.0174339972436428,0.0152225047349929,-0.0019226778531447,0.0063880863599479,0.0038601995911449,-0.0086397193372249,-0.0059477658942341,0.0226767733693122,0.0315684787929058,-0.0184348057955503,0.0268265344202518,-0.0045180236920714,0.0102658858522772,0.0088101616129279,0.0128938909620046,0.0137614458799362,-0.0049664080142974,0.0161851774901151,-0.0001034775050356,0.0147285601124167,0.0068750381469726,0.0086075663566589,0.0170568972826004,0.0059404848143458,0.0075789825059473,0.0175496377050876,-0.0060477419756352,0.0062939701601862,0.031859029084444,0.0054422724060714,-0.0182717610150575,-0.0041202306747436,-0.0009663517703302,-0.0060842055827379,0.0029075667262077,0.0048972098156809,-0.0134919434785842,0.0110461385920643,0.0154261095449328,0.0046593365259468,0.029999965801835,0.0088757444173097,-0.0109890112653374,0.000792569364421,-0.0030674713198095,-0.0064148060046136,-0.0313064269721508,0.0019129433203488,-0.0093565955758094,-0.007000773679465,-0.0218016784638166,0.0025636893697083,0.000617385841906,0.0022374843247234,0.000617767276708,-0.0071759014390408,-0.0094849597662687,0.0059428648091852,0.0104081006720662,0.0071850670501589,-0.0142218759283423,-0.0016646061558276,-0.0092592407017946,-0.0117506608366966,-0.0095693692564964,-0.0093998406082391,0.0104754325002431,0.0070559214800596,-0.0359293483197689,-0.0022549631539732,0.0030194330029189,-0.0214706268161535,-0.001264638849534,-0.0101460311561822,-0.0279878880828619,-0.0079999919980764,0.0267961379140615,0.0030241985805332,0.0072364350780844,-0.0248743817210197,0.0118741793558001,0.0194108225405216,0.000594035256654,0.0002527489850763,0.0049558985047042,0.0238376166671514,-0.0062056467868387,0.0218255873769521,9.150248661171644e-05,0.0243226212369807,0.0035802752595412,0.0209007885851018,0.0075576009592297,0.0056413647369677,0.0193006967067745,0.0115601612862148,0.0143825098827701,0.1354258111727708,0.1598938953341877,0.1280939608439848,0.0809902453560009,2019-02-21,2019-02-22,2019-02-25,2019-02-26,2019-02-27,2019-02-28,2019-03-01,2019-03-04,2019-03-05,2019-03-06,52476.0,2019-02-20,252.0,-1.0885%,-0.0002,0.7533,-0.006,0.1962,1.5208%,1.6985%,19.8229%,-0.013589,EFX,52476.0,2019-02-21,252.0,2.1826%,-0.0001,0.7435,-0.0205,0.178,1.5274%,1.7010%,19.3658%,0.02496,EFX,52476.0,2019-02-22,252.0,0.2444%,-0.0,0.7429,-0.0042,0.1849,1.5255%,1.6984%,19.3231%,0.00024,EFX,52476.0,2019-02-25,252.0,-0.3341%,-0.0001,0.7444,-0.0006,0.1924,1.5236%,1.6969%,19.3771%,-0.004233,EFX,52476.0,2019-02-26,252.0,0.5073%,-0.0,0.7487,-0.0144,0.1887,1.5230%,1.6971%,19.4650%,0.006795,EFX,52476.0,2019-02-27,252.0,-1.9919%,-0.0001,0.7534,-0.0286,0.1894,1.5267%,1.7017%,19.5066%,-0.020439,EFX,52476.0,2019-02-28,252.0,0.7081%,-0.0,0.7524,-0.029,0.1864,1.5279%,1.7016%,19.3731%,0.009796,EFX,52476.0,2019-03-01,252.0,0.8675%,-0.0,0.7522,-0.0292,0.1843,1.5281%,1.7012%,19.3147%,0.003997,EFX,52476.0,2019-03-04,252.0,-0.2173%,0.0,0.7502,-0.0233,0.185,1.5279%,1.6992%,19.1434%,0.000814,EFX,52476.0,2019-03-05,252.0,-0.2813%,-0.0002,0.7397,-0.106,0.1779,1.4978%,1.6680%,19.3746%,-0.001255,EFX,52476.0,2019-03-06,252.0,-0.4822%,-0.0003,0.7254,-0.0939,0.1634,1.4882%,1.6534%,18.9810%,-0.000105,EFX,0.011371,0.011611,0.007378,-0.0062659999999999,0.006981
7691,EMPLOYERS HOLDINGS INC,Employers Holdings Q4 EPS $0.77 Beats $0.64 Estimate,6,increase,0.8,0.6,"beating earnings estimates typically signals strong performance, which can positively influence investor sentiment and lead to an increase in stock price.",2,2019-02-20,EIG,2019-02-20 22:18:00+00:00,91688.0,29221810,0.0032715711276978,179966.0,-0.0365217439830303,0.0105796679854393,-0.0349729061126709,0.0120454402640461,-0.027823207899928,0.0047064749523997,-0.0122655630111694,0.012939834035933,-0.0063306139782071,-0.004519791342318,0.020828191190958,0.0098128775134682,0.0132020944729447,0.0034348873887211,-0.0244017727673053,0.006221120711416,-0.0077707846648991,0.0085987159982323,-0.0024605924263596,-0.0030120729934424,-0.006166748702526,0.0121951326727867,0.0037229512818157,0.0063724443316459,0.0098912352696061,0.0083293309435248,0.0022037255112081,0.0149758188053965,0.0031761804129928,-0.007194226142019,0.0102288881316781,-0.0073791374452412,-0.0084377648308873,-0.013849769718945,-0.0007294576498679,-0.0242785476148128,-0.0240875408053398,-0.0075017460621893,-0.0077287801541388,-0.01257009152323,0.0080401934683322,0.0051895203068852,-0.01570282317698,0.0141876181587576,0.0126614328473806,0.0150987580418586,0.0055013103410601,0.0103261824697256,0.0084556117653846,0.0044790771789848,-0.0024660537019371,-0.010266039520502,-0.0084054423496127,0.0110875498503446,0.0139615442603826,-0.0049295560456812,-0.008605814538896,-0.0067615043371915,0.0022321466822177,-0.0013970051659271,0.0029695355333387,0.0275119990110397,0.0029608376789838,0.0130877587944269,-0.0100860968232154,-0.0169169139117002,-0.007703810930252,0.0101083507761359,0.0240420512855052,0.0099659664556384,-0.0029346768278628,0.0056220861151814,0.0039244503714144,0.0343868695199489,-0.0056193387135863,-0.0299239940941333,0.0191645883023738,0.002952003153041,0.0028929347172379,0.0076847141608595,-0.0129807004705071,-0.028185935690999,-0.0121773006394505,-0.0045564132742583,0.0066568157635629,-0.0231903940439224,0.0110212322324514,-0.0060536004602909,0.0775194019079208,-0.0185099989175796,-0.0069694556295871,0.0179110635071992,-0.0357708409428596,0.0004654516524169,0.0077482513152062,0.006323195528239,-0.0195712111890316,-0.0011695728171616,0.0085550565272569,-0.0094995331019163,0.0063619338907301,-0.0408888906240463,0.0049168597906827,0.0011123300064355,-0.0093196397647261,0.0024531804956495,-0.0007091910229064,0.0015635401941835,-0.0016560135409235,0.016345091164112,0.0199052169919014,-0.0125532699748873,-0.0211431179195642,0.0051825041882693,0.0014241053722798,0.0058930674567818,-0.0028442507609725,-0.0228129029273986,0.0147373173385858,-0.0165540911257267,-0.0365217439830303,0.0105796679854393,-0.0702173785723117,0.0227525450082175,-0.0960869137500344,0.0275661042438017,-0.1128260539493157,0.0361581571489488,-0.1139247879172122,0.0623261954463829,-0.1167661975522187,0.0675203165622255,-0.0620798555084654,-0.0013069330179729,2019-02-21,2019-02-22,2019-02-25,2019-02-26,2019-02-27,2019-02-28,2019-03-01,2019-03-04,2019-03-05,2019-03-06,91688.0,2019-02-20,252.0,0.3272%,0.0007,0.8343,0.6652,0.7424,1.4561%,1.6849%,25.3210%,-0.004001,EIG,91688.0,2019-02-21,252.0,-3.6522%,0.0006,0.8382,0.6661,0.7498,1.4688%,1.6970%,25.0910%,-0.031362,EIG,91688.0,2019-02-22,252.0,-3.4973%,0.0005,0.8433,0.6522,0.7986,1.4834%,1.7110%,24.8269%,-0.033163,EIG,91688.0,2019-02-25,252.0,-2.7823%,0.0001,0.8511,0.6729,0.8382,1.4343%,1.6740%,26.5872%,-0.026055,EIG,91688.0,2019-02-26,252.0,-1.2266%,0.0004,0.8935,0.6377,0.852,1.3663%,1.6333%,30.0224%,-0.003931,EIG,91688.0,2019-02-27,252.0,-0.6331%,0.0003,0.8836,0.6529,0.8504,1.3602%,1.6241%,29.8612%,-0.0074239999999999,EIG,91688.0,2019-02-28,252.0,2.0828%,0.0005,0.8653,0.6412,0.8312,1.3605%,1.6132%,28.8681%,0.025463,EIG,91688.0,2019-03-01,252.0,1.3202%,0.0005,0.8605,0.6341,0.8202,1.3598%,1.6073%,28.4240%,0.008347,EIG,91688.0,2019-03-04,252.0,-2.4402%,0.0005,0.8605,0.6532,0.8158,1.3659%,1.6138%,28.3688%,-0.020679,EIG,91688.0,2019-03-05,252.0,-0.7771%,0.0005,0.8621,0.664,0.8181,1.3656%,1.6144%,28.4447%,-0.002415,EIG,91688.0,2019-03-06,252.0,-0.2461%,0.0005,0.8523,0.6429,0.8041,1.3666%,1.6106%,28.0127%,0.0127299999999999,EIG,-0.035363,-0.068526,-0.094581,-0.105936,-0.08249
7699,ESCALADE INC,"Escalade Q4 EPS $0.25 Down From $0.52 YoY, Sales $50.99M Beat $47.71M Estimate",6,decrease,0.7,0.6,"the significant drop in eps from $0.52 to $0.25 year-over-year suggests declining profitability, which may negatively impact investor sentiment despite the sales beat.",0,2019-02-20,ESCA,2019-02-20 21:37:00+00:00,33532.0,29605610,-0.0173501782119274,11851.0,0.0272873323410749,0.0619766116142272,0.0023437291383743,0.0337661802768707,-0.0171473324298858,0.0,-0.0253766607493162,0.0043478426523506,-0.0309194568544626,0.0034903979394584,0.024349283427,0.0105820000171661,-0.0040983762592077,0.0152193438261747,-0.0222221817821264,-0.001787265879102,-0.0092592304572463,0.0108400983735919,-0.019541248679161,-0.0036003566347062,0.00953203253448,-0.0296943373978138,-0.0141630871221423,0.0259856600314378,0.0325704142451286,-0.0502127781510353,0.011935238726437,0.0103181330487132,-0.0058971941471099,0.0008606049232184,-0.0245762672275304,0.0051902648992836,0.01216328330338,-0.0102739622816443,0.0120171969756484,-0.0076465718448162,-0.0050890939310193,0.0008503595599904,0.0221654083579778,0.0068493084982037,-0.0075062680989503,-0.0084889158606529,-0.0310924276709556,-0.0264463331550359,0.0017346451058983,0.0091743627563118,0.0086579592898488,-0.0016653169877827,-0.0120171150192618,-0.0437898226082325,0.004344065207988,0.0023943085689097,-0.033737052232027,-0.0203283987939357,0.0304386876523494,0.0102685717865824,0.0139009421691298,0.0031695691868662,0.0094258487224578,0.0888696908950805,0.0263158250600099,0.0329768173396587,0.0256409812718629,-0.0209423881024122,-0.0298387017101049,0.0008733824361115,-0.0133000705391168,0.0008741458877921,0.0168491844087839,0.0495412833988666,-0.0265119895339012,-0.0117860483005642,-0.0119149228557944,0.000907375186216,0.0258398111909627,-0.0400696098804473,0.0033585191704332,-0.0120482221245765,-0.0192468240857124,0.0246913339942693,-0.0187713541090488,0.0262443404644727,-0.0130434455350041,0.0045454720966517,0.0220264308154583,-0.0036231849808245,0.011206823401153,-0.0324276871979236,-0.0170502830296754,-0.0197594929486513,0.0199480056762695,0.0486486442387104,0.0289115775376558,-0.0106951771304011,-0.0049587120302021,-0.0140597401186823,-0.0191029515117406,-0.0132932877168059,0.0025401974562555,-0.0068143038079142,0.0177364889532327,-0.0305532533675432,-0.0182572826743125,0.021940866485238,-0.0202873852103948,-0.014143100939691,0.0198446530848741,0.0067002410069108,-0.0253806468099355,0.0153060667216777,0.0112846493721008,-0.0042337160557508,-0.0377682037651538,-0.0158332977443933,0.0347903966903686,0.0,-0.009482811205089,0.0434782616794109,0.00957359559834,-0.0017361508216708,0.0272873323410749,0.0619766116142272,0.0296950155953654,0.0978355053318136,0.0120384928615553,0.0978355053318136,-0.0441412667914224,0.1064572645762491,-0.0738362821841541,0.1413141923996881,-0.0441716527738462,0.094046604447739,-0.0587767860354316,0.1127846566543306,2019-02-21,2019-02-22,2019-02-25,2019-02-26,2019-02-27,2019-02-28,2019-03-01,2019-03-04,2019-03-05,2019-03-06,33532.0,2019-02-20,252.0,-1.7350%,0.0002,0.5594,1.3962,0.4524,1.8757%,2.0677%,17.7063%,-0.024145,ESCA,33532.0,2019-02-21,252.0,2.7287%,0.0004,0.5425,1.3686,0.4212,1.8781%,2.0617%,17.0185%,0.031275,ESCA,33532.0,2019-02-22,252.0,0.2344%,0.0004,0.5426,1.3757,0.4294,1.8778%,2.0616%,17.0340%,-0.0026179999999999,ESCA,33532.0,2019-02-25,252.0,-1.7147%,0.0004,0.5422,1.3824,0.4315,1.8798%,2.0644%,17.0870%,-0.013711,ESCA,33532.0,2019-02-26,252.0,-2.5377%,0.0003,0.542,1.4031,0.4418,1.8817%,2.0703%,17.3856%,-0.014338,ESCA,33532.0,2019-02-27,252.0,-3.0919%,0.0002,0.5426,1.392,0.4418,1.8938%,2.0795%,17.0669%,-0.033643,ESCA,33532.0,2019-02-28,252.0,2.4349%,0.0002,0.5532,1.4002,0.4433,1.8918%,2.0810%,17.3580%,0.026758,ESCA,33532.0,2019-03-01,252.0,-0.4098%,0.0001,0.5515,1.3977,0.4457,1.8930%,2.0797%,17.1508%,-0.010459,ESCA,33532.0,2019-03-04,252.0,-2.2222%,-0.0,0.5654,1.3657,0.4389,1.8886%,2.0743%,17.1043%,-0.015592,ESCA,33532.0,2019-03-05,252.0,-0.9259%,-0.0001,0.5646,1.3569,0.4394,1.8883%,2.0697%,16.7596%,-0.003101,ESCA,33532.0,2019-03-06,252.0,-1.9541%,-0.0002,0.5437,1.3697,0.4176,1.8735%,2.0586%,17.1769%,0.002033,ESCA,0.0071299999999999,0.0045119999999999,-0.009199,-0.05718,-0.057541
7707,EUROSEAS LTD,"Euroseas Q4 EPS $(0.07) Down From $0.10 YoY, Sales $8.018M Down From $13.546M YoY",6,decrease,0.8,0.7,"the significant decline in both eps and sales year-over-year suggests poor financial performance, which is likely to negatively impact investor sentiment and lead to a decrease in stock price.",0,2019-02-20,ESEA,2019-02-20 13:57:00+00:00,91734.0,Y2359213,-0.0964285656809806,210922.0,-0.014229254797101,0.0,-0.0296711642295122,0.0606059990823268,0.0238016601651907,0.0,-0.0232483129948377,0.0152284782379865,0.0251238979399204,0.0061910049989819,0.0158013813197612,0.0223100557923317,-0.0079365000128746,0.0112000461667776,-0.0239999778568744,-0.0530303418636322,0.0472131296992301,-0.0600967966020107,-0.0450845472514629,-0.0123769752681255,0.2736065089702606,-0.0203912276774644,-0.1240829229354858,-0.0320085994899272,0.0877296328544616,-0.0262337084859609,-0.055930770933628,0.0321715660393238,-0.0269032903015613,-0.0153115326538682,-0.0241176169365644,-0.0300857331603765,0.0028631065506488,0.039941381663084,-0.0066115926019847,-0.0118405511602759,-0.0107396561652422,-0.0256377141922712,0.0056575196795165,-0.0655246973037719,0.0474380291998386,-0.0039374907501041,-0.012919127009809,0.0856217592954635,-0.0073529342189431,0.0167259592562913,0.0006666889530606,-0.0265384335070848,0.0807609558105468,-0.0791027545928955,-0.0271232966333627,0.020481951534748,-0.0139397820457816,0.0641025826334953,0.0365557856857776,-0.0369181558489799,-0.0219038650393486,0.0125015508383512,-0.013943625614047,0.1143772229552269,0.0144265200942754,0.1011195704340935,0.0137989530339837,-0.0121503509581089,0.0138888750225305,-0.0572856850922107,0.0136986169964075,0.0689747855067253,0.0060540596023201,0.0394174978137016,-0.0127337193116545,0.0205735005438327,0.0068027144297957,0.0476917065680027,-0.0176365301012992,-0.0102469325065612,-0.0187757145613431,-0.0547792986035347,-0.0253749676048755,-0.0871140211820602,0.0428653582930564,-0.0144285820424556,0.0068965447135269,-0.0280882436782121,0.0001369273813907,-0.0523289591073989,-0.0120531031861901,-0.0952380746603012,0.0207957662642002,-0.0117647647857666,-0.0221376661211252,-0.0094278687611222,0.0138888750225305,0.032226588577032,0.0272602252662181,-0.0964130386710167,-0.000569419527892,0.0526315830647945,-0.0191774815320968,-0.0124293537810444,0.0066658118739724,0.0394643768668174,-0.0135135008022189,-0.1178115978837013,-0.0273973159492015,-0.0339339561760425,0.0140845775604248,-0.0108910668641328,-0.0138889579102397,-0.009803912602365,-0.0280281193554401,-0.0192307513207197,-0.0436168499290943,0.01960782520473,0.0606059990823268,-0.0467290356755256,-0.0271428488194942,-0.0530972965061664,0.0572687722742557,-0.0423728413879871,-0.014229254797101,0.0,-0.0434782204706648,0.0606059990823268,-0.0207114141337041,0.0606059990823268,-0.0194466661546292,0.0834236249940332,-0.0355730929275492,-0.0154712225368739,0.1068774778012178,-0.0247980479470937,0.1383399619677809,-0.406779655127414,2019-02-21,2019-02-22,2019-02-25,2019-02-26,2019-02-27,2019-02-28,2019-03-01,2019-03-04,2019-03-05,2019-03-06,91734.0,2019-02-20,252.0,-9.6429%,0.0002,-0.3349,0.4805,-1.1041,7.8067%,7.8415%,0.8857%,-0.0914509999999999,ESEA,91734.0,2019-02-21,252.0,-1.4229%,0.0001,-0.3329,0.4806,-1.1003,7.8075%,7.8421%,0.8808%,-0.017772,ESEA,91734.0,2019-02-22,252.0,-2.9671%,0.0,-0.3272,0.4963,-1.0172,7.8119%,7.8437%,0.8088%,-0.046425,ESEA,91734.0,2019-02-25,252.0,2.3802%,0.0,-0.3246,0.4872,-1.0124,7.8120%,7.8432%,0.7950%,0.023652,ESEA,91734.0,2019-02-26,252.0,-2.3248%,-0.0001,-0.3294,0.5254,-0.9966,7.8127%,7.8444%,0.8047%,-0.0240899999999999,ESEA,91734.0,2019-02-27,252.0,2.5124%,-0.0001,-0.3338,0.54,-0.9973,7.8138%,7.8458%,0.8152%,0.023126,ESEA,91734.0,2019-02-28,252.0,1.5801%,-0.0,-0.335,0.5396,-1.001,7.8142%,7.8464%,0.8195%,0.012065,ESEA,91734.0,2019-03-01,252.0,-0.7937%,-0.0,-0.3465,0.5223,-1.0138,7.8139%,7.8462%,0.8233%,-0.011184,ESEA,91734.0,2019-03-04,252.0,-2.4000%,-0.0001,-0.3436,0.5305,-1.0186,7.8149%,7.8475%,0.8301%,-0.019849,ESEA,91734.0,2019-03-05,252.0,4.7213%,0.0,-0.3528,0.4891,-1.042,7.8201%,7.8525%,0.8234%,0.045739,ESEA,91734.0,2019-03-06,252.0,-4.5085%,-0.0002,-0.3511,0.5878,-1.0267,7.8222%,7.8567%,0.8762%,-0.041559,ESEA,-0.1092229999999999,-0.1556479999999999,-0.1319959999999999,-0.1329599999999999,-0.147748
7715,EMPIRE STATE REALTY TRUST INC,"Empire State Realty Q4 FFO $0.29 Up From $0.25 YoY, Sales $123.26M Miss $123.64M Estimate",6,uncertain,0.6,0.3,"while the increase in ffo is a positive sign, the miss on sales estimates may create uncertainty among investors, leading to mixed reactions in the stock price.",1,2019-02-20,ESRT,2019-02-20 22:09:00+00:00,14196.0,29210410,-0.0006435153773054,896838.0,-0.0103026302531361,-0.0006431015208363,0.0143136158585548,0.0090850321575999,-0.0025657447986304,-0.0070876679383218,-0.0057877912186086,-0.007037725765258,-0.0161707624793052,0.0070876064710319,0.0006574772414751,0.0,-0.0006570452242158,-0.0102040721103549,0.0236686170101165,0.0148867638781666,0.0147720295935869,-0.0127795403823256,-0.0063291378319263,0.0109819173812866,0.0191082917153835,0.0170827377587556,-0.0099999904632568,-0.0155239179730415,-0.0025252501945942,0.0,0.0145569927990436,0.0144357131794095,0.0068620522506535,0.0173564907163381,0.0021685441024601,0.0040214117616415,-0.001244583632797,0.0191256646066904,-0.0037382845766842,0.0013680204283446,-0.0125078056007623,-0.0134952636435627,-0.0012665929971262,-0.0033624875359237,0.0126822954043746,0.0013467678800225,-0.0118973404169082,-0.0040241088718175,-0.0076045556925237,0.0020161110442131,0.0089399963617324,0.0088135674595832,-0.0012658517807722,-0.0113941067829728,0.004436036106199,0.0033624875359237,-0.0031545860692858,0.0047297091223299,0.0063290777616202,0.0006761479889973,-0.0012578305322676,0.0242382548749446,0.0,0.0140449302271008,-0.0006297373329289,0.0229884833097457,0.0,0.0007189237512648,-0.0050409529358148,-0.0224876813590526,-0.0094996588304638,-0.0035014140885323,0.0153452539816498,-0.000699806085322,-0.0031486265361309,-0.0055671483278274,0.0031585716642439,0.0405502840876579,-0.0062972530722618,-0.0423023328185081,-0.0291508268564939,-0.0027662490028887,-0.0117493048310279,-0.0095890639349818,0.0039629763923585,-0.0148447584360837,-0.0111842155456543,0.0027063575107604,0.0119760688394308,-0.0383864790201187,0.0124917542561888,-0.0048231710679829,-0.0019480346236377,0.0130293034017086,0.0136629827320575,-0.029095510020852,-0.0109114302322268,-0.0106382435187697,0.0032446586992591,-0.0129710305482149,0.0019404742633923,-0.014607410877943,-0.0025823088362813,0.0352867320179939,0.015533966012299,-0.0215782634913921,0.0031867553479969,0.0018529201624915,-0.0285895690321922,0.0208071172237396,0.0013080744538456,-0.0081300884485244,0.0032657894771546,0.0210727918893098,-0.0006509944796562,0.0064266980625689,-0.0039088218472898,0.0032237388659268,0.0071942219510674,0.0104234423488378,0.0103896623477339,0.0052390256896615,0.0115680815652012,-0.011010305956006,-0.0103026302531361,-0.0006431015208363,0.0038635177136425,0.0084360880387661,0.0012878601145338,0.001288627909727,-0.0206052595970965,0.0012886279849224,0.0109465621951907,0.0038759966342261,0.0292182196787136,0.0912921510045325,0.0201444866724362,0.0133524445782153,2019-02-21,2019-02-22,2019-02-25,2019-02-26,2019-02-27,2019-02-28,2019-03-01,2019-03-04,2019-03-05,2019-03-06,14196.0,2019-02-20,252.0,-0.0644%,-0.0006,0.5136,0.1066,0.0291,1.0707%,1.2000%,20.3880%,-0.002152,ESRT,14196.0,2019-02-21,252.0,-1.0303%,-0.0006,0.5124,0.1024,0.027,1.0705%,1.1992%,20.3093%,-0.008361,ESRT,14196.0,2019-02-22,252.0,1.4314%,-0.0005,0.5096,0.1361,0.0238,1.0629%,1.1929%,20.6081%,0.010716,ESRT,14196.0,2019-02-25,252.0,-0.2566%,-0.0005,0.509,0.1367,0.0219,1.0625%,1.1925%,20.6156%,-0.003034,ESRT,14196.0,2019-02-26,252.0,-0.5788%,-0.0005,0.5166,0.1344,0.0264,1.0603%,1.1927%,20.9744%,-0.004126,ESRT,14196.0,2019-02-27,252.0,-1.6171%,-0.0004,0.5255,0.1139,0.0278,1.0573%,1.1928%,21.4370%,-0.016959,ESRT,14196.0,2019-02-28,252.0,0.0657%,-0.0004,0.5141,0.1062,0.0189,1.0497%,1.1806%,20.9540%,0.002233,ESRT,14196.0,2019-03-01,252.0,-0.0657%,-0.0004,0.5204,0.1156,0.0307,1.0473%,1.1801%,21.2409%,-0.00468,ESRT,14196.0,2019-03-04,252.0,2.3669%,-0.0003,0.5166,0.1039,0.0373,1.0610%,1.1890%,20.3710%,0.026627,ESRT,14196.0,2019-03-05,252.0,1.4772%,-0.0002,0.5142,0.0961,0.0296,1.0659%,1.1925%,20.1104%,0.015972,ESRT,14196.0,2019-03-06,252.0,-0.6329%,-0.0002,0.5152,0.0968,0.0308,1.0659%,1.1929%,20.1715%,-0.000901,ESRT,-0.010513,0.000203,-0.0028309999999999,-0.0239159999999999,0.015335
7723,ENTERGY CORP NEW,Entergy Sees FY19 Adj. EPS $5.10-$5.50 vs $5.77 Est.,6,decrease,0.8,0.6,"the adjusted eps guidance for fy19 is lower than the analyst estimate, which is likely to lead to a negative reaction in the stock price.",0,2019-02-20,ETR,2019-02-20 11:37:00+00:00,24010.0,29364G10,0.013214822858572,2511803.0,-0.0005479551036842,0.0021144272759556,0.0173263978213071,0.0018953970866277,-0.0034493878483772,0.0036929480265825,0.0027041644789278,-0.0064935060217976,-0.0025889738462865,0.0028697808738797,0.0094095040112733,-0.0024223874788731,-0.000857193081174,0.0060928664170205,-0.0065415613353252,0.0080401292070746,-0.0050734155811369,0.0040363338775932,-0.00086798123084,0.0,0.0004343676555436,0.0040526916272938,0.0039075287058949,-0.0040363338775932,0.0158936232328414,0.0238778758794069,0.0098978318274021,0.0058891703374683,0.0012646511895582,0.0010402997722849,-0.0007367613143287,-0.0067737814970314,-0.0029492182657122,-0.017262764275074,-0.0017959623364731,0.0086490781977772,-0.0138638755306601,0.0139626013115048,0.0041854409500956,0.0042878980748355,0.0147482873871922,0.0030222265049815,0.0123223364353179,-0.0042824391275644,-0.0031211304012686,-0.0027700585778802,0.0072010275907814,0.0227836184203624,-0.0056989230215549,-0.0129340551793575,-0.0093789240345358,-0.0093500819057226,0.0059962100349366,0.013809248805046,-0.0132803162559866,-0.0052387029863893,-0.0024375091306865,0.0177725106477737,-0.0008498269016854,-0.0047169988974928,-0.0046783885918557,0.0074849100783467,0.0091870594769716,0.002023787703365,-0.0013761499430984,-0.0240501873195171,0.0039220135658979,0.0067844409495592,-0.0012670547002926,0.0017576931277289,0.0045459386892616,0.0106583833694458,0.002315314952284,0.0144162010401487,-0.0019949057605117,-0.040571741759777,-0.017464529722929,-0.0066406484693288,-0.0052467915229499,0.0057577155530452,0.0060279606841504,-0.0028705936856567,0.0019259608816355,0.0035722234752029,0.007048309314996,-0.0334150157868862,0.0036054754164069,-0.00751713803038,0.0060228202491998,0.0174333080649375,-0.0008402671082876,-0.0075900512747466,-0.0013665221631526,0.0049354438669979,0.0200000163167715,0.0078001632355153,-0.0104231387376785,0.0023795929737389,0.0034414625260978,-0.0082041285932064,0.0042610270902514,0.0133242895826697,-0.0043464573100209,0.0086147487163543,0.0031182107049971,0.0138580966740846,-0.0141954068094492,-0.0024395803920924,0.0008489249739795,-0.0024336432106792,0.0214187707751989,0.0050081564113497,0.0118343131616711,0.0057396958582103,-0.0100544104352593,0.0002343793021282,-0.0020727221854031,-0.0113518284633755,0.0064389109611511,-0.0049562044441699,-0.0005479551036842,0.0021144272759556,0.0167689486295083,0.0040138320418821,0.0132617181734984,0.0077216029415827,0.0133713425752977,0.0040511179959146,0.0093160735306432,0.0199240639106883,0.0307979529714828,0.0727243662057048,0.0724012205703146,0.0484904008057356,2019-02-21,2019-02-22,2019-02-25,2019-02-26,2019-02-27,2019-02-28,2019-03-01,2019-03-04,2019-03-05,2019-03-06,24010.0,2019-02-20,252.0,1.3215%,0.0008,0.0955,-0.5218,-0.1945,1.0415%,1.0822%,7.3824%,0.015229,ETR,24010.0,2019-02-21,252.0,-0.0548%,0.0009,0.0889,-0.5356,-0.2066,1.0343%,1.0764%,7.6863%,-0.001107,ETR,24010.0,2019-02-22,252.0,1.7326%,0.001,0.0862,-0.5199,-0.225,1.0373%,1.0776%,7.3530%,0.016557,ETR,24010.0,2019-02-25,252.0,-0.3449%,0.0009,0.0869,-0.516,-0.2202,1.0373%,1.0771%,7.2635%,-0.005435,ETR,24010.0,2019-02-26,252.0,0.2704%,0.0008,0.0684,-0.495,-0.2234,1.0178%,1.0541%,6.7641%,-0.0012859999999999,ETR,24010.0,2019-02-27,252.0,-0.2589%,0.0008,0.0747,-0.5072,-0.2224,1.0138%,1.0520%,7.1263%,-0.002078,ETR,24010.0,2019-02-28,252.0,0.9410%,0.0009,0.0662,-0.5127,-0.2305,1.0119%,1.0503%,7.1611%,0.009087,ETR,24010.0,2019-03-01,252.0,-0.0857%,0.0009,0.0622,-0.5188,-0.2359,1.0113%,1.0500%,7.2431%,-0.000859,ETR,24010.0,2019-03-04,252.0,-0.6542%,0.0009,0.0659,-0.5235,-0.2386,1.0120%,1.0511%,7.3026%,-0.007463,ETR,24010.0,2019-03-05,252.0,-0.5073%,0.0008,0.0644,-0.54,-0.2366,1.0103%,1.0507%,7.5441%,-0.007247,ETR,24010.0,2019-03-06,252.0,-0.0868%,0.0007,0.0551,-0.5129,-0.2435,1.0004%,1.0382%,7.1458%,-0.007126,ETR,0.014122,0.0306789999999999,0.025244,0.02188,0.008272
7731,ENTERGY CORP NEW,Entergy Q4 Adj. EPS $0.60 Beats $0.41 Estimate,6,increase,0.8,0.6,"the reported adjusted eps of $0.60 significantly beats the $0.41 estimate, which is likely to be viewed positively by investors, potentially driving the stock price up.",2,2019-02-20,ETR,2019-02-20 11:36:00+00:00,24010.0,29364G10,0.013214822858572,2511803.0,-0.0005479551036842,0.0021144272759556,0.0173263978213071,0.0018953970866277,-0.0034493878483772,0.0036929480265825,0.0027041644789278,-0.0064935060217976,-0.0025889738462865,0.0028697808738797,0.0094095040112733,-0.0024223874788731,-0.000857193081174,0.0060928664170205,-0.0065415613353252,0.0080401292070746,-0.0050734155811369,0.0040363338775932,-0.00086798123084,0.0,0.0004343676555436,0.0040526916272938,0.0039075287058949,-0.0040363338775932,0.0158936232328414,0.0238778758794069,0.0098978318274021,0.0058891703374683,0.0012646511895582,0.0010402997722849,-0.0007367613143287,-0.0067737814970314,-0.0029492182657122,-0.017262764275074,-0.0017959623364731,0.0086490781977772,-0.0138638755306601,0.0139626013115048,0.0041854409500956,0.0042878980748355,0.0147482873871922,0.0030222265049815,0.0123223364353179,-0.0042824391275644,-0.0031211304012686,-0.0027700585778802,0.0072010275907814,0.0227836184203624,-0.0056989230215549,-0.0129340551793575,-0.0093789240345358,-0.0093500819057226,0.0059962100349366,0.013809248805046,-0.0132803162559866,-0.0052387029863893,-0.0024375091306865,0.0177725106477737,-0.0008498269016854,-0.0047169988974928,-0.0046783885918557,0.0074849100783467,0.0091870594769716,0.002023787703365,-0.0013761499430984,-0.0240501873195171,0.0039220135658979,0.0067844409495592,-0.0012670547002926,0.0017576931277289,0.0045459386892616,0.0106583833694458,0.002315314952284,0.0144162010401487,-0.0019949057605117,-0.040571741759777,-0.017464529722929,-0.0066406484693288,-0.0052467915229499,0.0057577155530452,0.0060279606841504,-0.0028705936856567,0.0019259608816355,0.0035722234752029,0.007048309314996,-0.0334150157868862,0.0036054754164069,-0.00751713803038,0.0060228202491998,0.0174333080649375,-0.0008402671082876,-0.0075900512747466,-0.0013665221631526,0.0049354438669979,0.0200000163167715,0.0078001632355153,-0.0104231387376785,0.0023795929737389,0.0034414625260978,-0.0082041285932064,0.0042610270902514,0.0133242895826697,-0.0043464573100209,0.0086147487163543,0.0031182107049971,0.0138580966740846,-0.0141954068094492,-0.0024395803920924,0.0008489249739795,-0.0024336432106792,0.0214187707751989,0.0050081564113497,0.0118343131616711,0.0057396958582103,-0.0100544104352593,0.0002343793021282,-0.0020727221854031,-0.0113518284633755,0.0064389109611511,-0.0049562044441699,-0.0005479551036842,0.0021144272759556,0.0167689486295083,0.0040138320418821,0.0132617181734984,0.0077216029415827,0.0133713425752977,0.0040511179959146,0.0093160735306432,0.0199240639106883,0.0307979529714828,0.0727243662057048,0.0724012205703146,0.0484904008057356,2019-02-21,2019-02-22,2019-02-25,2019-02-26,2019-02-27,2019-02-28,2019-03-01,2019-03-04,2019-03-05,2019-03-06,24010.0,2019-02-20,252.0,1.3215%,0.0008,0.0955,-0.5218,-0.1945,1.0415%,1.0822%,7.3824%,0.015229,ETR,24010.0,2019-02-21,252.0,-0.0548%,0.0009,0.0889,-0.5356,-0.2066,1.0343%,1.0764%,7.6863%,-0.001107,ETR,24010.0,2019-02-22,252.0,1.7326%,0.001,0.0862,-0.5199,-0.225,1.0373%,1.0776%,7.3530%,0.016557,ETR,24010.0,2019-02-25,252.0,-0.3449%,0.0009,0.0869,-0.516,-0.2202,1.0373%,1.0771%,7.2635%,-0.005435,ETR,24010.0,2019-02-26,252.0,0.2704%,0.0008,0.0684,-0.495,-0.2234,1.0178%,1.0541%,6.7641%,-0.0012859999999999,ETR,24010.0,2019-02-27,252.0,-0.2589%,0.0008,0.0747,-0.5072,-0.2224,1.0138%,1.0520%,7.1263%,-0.002078,ETR,24010.0,2019-02-28,252.0,0.9410%,0.0009,0.0662,-0.5127,-0.2305,1.0119%,1.0503%,7.1611%,0.009087,ETR,24010.0,2019-03-01,252.0,-0.0857%,0.0009,0.0622,-0.5188,-0.2359,1.0113%,1.0500%,7.2431%,-0.000859,ETR,24010.0,2019-03-04,252.0,-0.6542%,0.0009,0.0659,-0.5235,-0.2386,1.0120%,1.0511%,7.3026%,-0.007463,ETR,24010.0,2019-03-05,252.0,-0.5073%,0.0008,0.0644,-0.54,-0.2366,1.0103%,1.0507%,7.5441%,-0.007247,ETR,24010.0,2019-03-06,252.0,-0.0868%,0.0007,0.0551,-0.5129,-0.2435,1.0004%,1.0382%,7.1458%,-0.007126,ETR,0.014122,0.0306789999999999,0.025244,0.02188,0.008272
7739,EVERTEC INC,"EVERTEC Sees FY19 Adj. EPS $1.80-$1.90 vs $1.96 Est., Sales $464M-$476M vs $473.41M Est.",6,decrease,0.75,0.6,"the adjusted eps guidance is below analyst estimates, which typically leads to a negative reaction in stock prices.",0,2019-02-20,EVTC,2019-02-20 21:54:00+00:00,13837.0,30040P10,0.010217516683042,744242.0,-0.0756933018565177,0.0520110949873924,0.0360042527318,0.0062805409543216,-0.0187393650412559,-0.0038234484381973,-0.0086956517770886,0.001392304780893,-0.0105262892320752,-0.0003479550650808,0.0148936193436384,0.0041928347200155,-0.0041929013095796,0.000699316675309,-0.0168420895934104,-0.0034843338653445,-0.0174874998629093,-0.0024330792948603,-0.0286960005760192,0.0238434188067913,0.023934157565236,0.0173786934465169,0.0109569448977708,-0.0018069836078211,0.0148121332749724,-0.0191421136260032,-0.0017799657071009,0.0348495543003082,0.0238943696022033,-0.0165944844484329,-0.0013932082802057,-0.0273684449493885,-0.0020927612204104,0.0307414252310991,0.0080391308292746,0.005454531405121,-0.009362013079226,0.0177646018564701,-0.0136506613343954,-0.0349999852478504,0.0319375321269035,-0.0042674550786614,-0.0471114441752433,0.0118747716769576,-0.0007217088132165,0.0039740102365612,0.0086673805490136,0.0135481813922524,-0.0046545313671231,-0.0339582934975624,0.0082734338939189,-0.0045774350874125,-0.0078487768769264,-0.0155979469418525,0.0302049685269594,-0.0020753878634423,-0.0034904147032648,-0.0027595695573836,0.0252189580351114,0.0272856298834085,-0.0129826124757528,0.0318098329007625,0.0027691216673702,-0.0473702102899551,0.0024163480848073,0.000348373549059,0.0006886553019285,0.0094970259815454,-0.0006881813751533,0.0014089790638536,-0.00137744192034,0.0153791243210434,-0.0003448354837018,0.049549538642168,0.0031045239884406,-0.0205882843583822,0.0316368676722049,-0.0180505402386188,0.0010000228649005,0.0102115496993064,-0.0059940158389508,0.0073475670069456,0.0103852413594722,0.0,0.0102784968912601,-0.0072939740493893,-0.0006563357892446,0.0055005359463393,-0.0039409142918884,-0.0133863585069775,0.0158258993178606,0.0305741876363754,0.0097371358424425,-0.0003727256262209,0.0064287642017006,-0.0106932483613491,-0.0306611023843288,0.0119403582066297,-0.0210873577743768,0.0159211549907922,0.0013464045478031,-0.0466209203004837,0.0033669518306851,0.0124405473470687,-0.01778519526124,0.008115061558783,-0.0263068135827779,-0.0269203148782253,-0.0105262892320752,0.0557029657065868,-0.0021277081687003,-0.0130890198051929,-0.0326936766505241,0.0144157493487,0.0209405440837144,-0.006782226730138,0.003238511737436,0.0231303144246339,0.0089670019224286,-0.029554771259427,-0.0756933018565177,0.0520110949873924,-0.0424143298948642,0.0586182937538615,-0.0603588773252401,0.054570721291961,-0.0783345954352505,0.055671551028241,-0.1260520550943155,0.0797152926828217,-0.0433636111889953,0.0751240542981035,-0.0790746936347484,0.1350542715886797,2019-02-21,2019-02-22,2019-02-25,2019-02-26,2019-02-27,2019-02-28,2019-03-01,2019-03-04,2019-03-05,2019-03-06,13837.0,2019-02-20,252.0,1.0218%,0.0024,0.9271,0.5178,-0.4692,1.7513%,2.1190%,31.6978%,0.009842,EVTC,13837.0,2019-02-21,252.0,-7.5693%,0.002,0.9528,0.5537,-0.4214,1.8084%,2.1736%,30.7775%,-0.0730799999999999,EVTC,13837.0,2019-02-22,252.0,3.6004%,0.0021,0.9496,0.5723,-0.443,1.8108%,2.1825%,31.1629%,0.020471,EVTC,13837.0,2019-02-25,252.0,-1.8739%,0.0019,0.9536,0.5869,-0.4207,1.8038%,2.1756%,31.2564%,-0.019573,EVTC,13837.0,2019-02-26,252.0,-0.8696%,0.0019,0.9659,0.5845,-0.4127,1.8007%,2.1764%,31.5497%,-0.004902,EVTC,13837.0,2019-02-27,252.0,-1.0526%,0.002,0.9768,0.5607,-0.4109,1.7961%,2.1752%,31.8207%,-0.013101,EVTC,13837.0,2019-02-28,252.0,1.4894%,0.002,0.9799,0.5634,-0.4121,1.7970%,2.1765%,31.8330%,0.016682,EVTC,13837.0,2019-03-01,252.0,-0.4193%,0.0019,0.9768,0.5588,-0.4092,1.8000%,2.1757%,31.5503%,-0.01462,EVTC,13837.0,2019-03-04,252.0,-1.6842%,0.0019,0.9828,0.5478,-0.4128,1.8000%,2.1790%,31.7623%,-0.008022,EVTC,13837.0,2019-03-05,252.0,-1.7487%,0.0019,0.9909,0.5999,-0.4007,1.7970%,2.1819%,32.1748%,-0.015199,EVTC,13837.0,2019-03-06,252.0,-2.8696%,0.0018,0.9919,0.6343,-0.3949,1.7983%,2.1883%,32.4694%,-0.0127429999999999,EVTC,-0.0632379999999999,-0.0427669999999999,-0.0623399999999999,-0.0803429999999999,-0.1142449999999999
7747,EVERTEC INC,"Evertec Q4 Adj. EPS $0.46 Beats $0.44 Estimate, Sales $118.231M Beat $114.71M Estimate",6,increase,0.8,0.6,"the positive earnings per share and sales results exceeding estimates typically indicate strong financial performance, which can lead to an increase in stock price.",2,2019-02-20,EVTC,2019-02-20 21:53:00+00:00,13837.0,30040P10,0.010217516683042,744242.0,-0.0756933018565177,0.0520110949873924,0.0360042527318,0.0062805409543216,-0.0187393650412559,-0.0038234484381973,-0.0086956517770886,0.001392304780893,-0.0105262892320752,-0.0003479550650808,0.0148936193436384,0.0041928347200155,-0.0041929013095796,0.000699316675309,-0.0168420895934104,-0.0034843338653445,-0.0174874998629093,-0.0024330792948603,-0.0286960005760192,0.0238434188067913,0.023934157565236,0.0173786934465169,0.0109569448977708,-0.0018069836078211,0.0148121332749724,-0.0191421136260032,-0.0017799657071009,0.0348495543003082,0.0238943696022033,-0.0165944844484329,-0.0013932082802057,-0.0273684449493885,-0.0020927612204104,0.0307414252310991,0.0080391308292746,0.005454531405121,-0.009362013079226,0.0177646018564701,-0.0136506613343954,-0.0349999852478504,0.0319375321269035,-0.0042674550786614,-0.0471114441752433,0.0118747716769576,-0.0007217088132165,0.0039740102365612,0.0086673805490136,0.0135481813922524,-0.0046545313671231,-0.0339582934975624,0.0082734338939189,-0.0045774350874125,-0.0078487768769264,-0.0155979469418525,0.0302049685269594,-0.0020753878634423,-0.0034904147032648,-0.0027595695573836,0.0252189580351114,0.0272856298834085,-0.0129826124757528,0.0318098329007625,0.0027691216673702,-0.0473702102899551,0.0024163480848073,0.000348373549059,0.0006886553019285,0.0094970259815454,-0.0006881813751533,0.0014089790638536,-0.00137744192034,0.0153791243210434,-0.0003448354837018,0.049549538642168,0.0031045239884406,-0.0205882843583822,0.0316368676722049,-0.0180505402386188,0.0010000228649005,0.0102115496993064,-0.0059940158389508,0.0073475670069456,0.0103852413594722,0.0,0.0102784968912601,-0.0072939740493893,-0.0006563357892446,0.0055005359463393,-0.0039409142918884,-0.0133863585069775,0.0158258993178606,0.0305741876363754,0.0097371358424425,-0.0003727256262209,0.0064287642017006,-0.0106932483613491,-0.0306611023843288,0.0119403582066297,-0.0210873577743768,0.0159211549907922,0.0013464045478031,-0.0466209203004837,0.0033669518306851,0.0124405473470687,-0.01778519526124,0.008115061558783,-0.0263068135827779,-0.0269203148782253,-0.0105262892320752,0.0557029657065868,-0.0021277081687003,-0.0130890198051929,-0.0326936766505241,0.0144157493487,0.0209405440837144,-0.006782226730138,0.003238511737436,0.0231303144246339,0.0089670019224286,-0.029554771259427,-0.0756933018565177,0.0520110949873924,-0.0424143298948642,0.0586182937538615,-0.0603588773252401,0.054570721291961,-0.0783345954352505,0.055671551028241,-0.1260520550943155,0.0797152926828217,-0.0433636111889953,0.0751240542981035,-0.0790746936347484,0.1350542715886797,2019-02-21,2019-02-22,2019-02-25,2019-02-26,2019-02-27,2019-02-28,2019-03-01,2019-03-04,2019-03-05,2019-03-06,13837.0,2019-02-20,252.0,1.0218%,0.0024,0.9271,0.5178,-0.4692,1.7513%,2.1190%,31.6978%,0.009842,EVTC,13837.0,2019-02-21,252.0,-7.5693%,0.002,0.9528,0.5537,-0.4214,1.8084%,2.1736%,30.7775%,-0.0730799999999999,EVTC,13837.0,2019-02-22,252.0,3.6004%,0.0021,0.9496,0.5723,-0.443,1.8108%,2.1825%,31.1629%,0.020471,EVTC,13837.0,2019-02-25,252.0,-1.8739%,0.0019,0.9536,0.5869,-0.4207,1.8038%,2.1756%,31.2564%,-0.019573,EVTC,13837.0,2019-02-26,252.0,-0.8696%,0.0019,0.9659,0.5845,-0.4127,1.8007%,2.1764%,31.5497%,-0.004902,EVTC,13837.0,2019-02-27,252.0,-1.0526%,0.002,0.9768,0.5607,-0.4109,1.7961%,2.1752%,31.8207%,-0.013101,EVTC,13837.0,2019-02-28,252.0,1.4894%,0.002,0.9799,0.5634,-0.4121,1.7970%,2.1765%,31.8330%,0.016682,EVTC,13837.0,2019-03-01,252.0,-0.4193%,0.0019,0.9768,0.5588,-0.4092,1.8000%,2.1757%,31.5503%,-0.01462,EVTC,13837.0,2019-03-04,252.0,-1.6842%,0.0019,0.9828,0.5478,-0.4128,1.8000%,2.1790%,31.7623%,-0.008022,EVTC,13837.0,2019-03-05,252.0,-1.7487%,0.0019,0.9909,0.5999,-0.4007,1.7970%,2.1819%,32.1748%,-0.015199,EVTC,13837.0,2019-03-06,252.0,-2.8696%,0.0018,0.9919,0.6343,-0.3949,1.7983%,2.1883%,32.4694%,-0.0127429999999999,EVTC,-0.0632379999999999,-0.0427669999999999,-0.0623399999999999,-0.0803429999999999,-0.1142449999999999
7755,ISHARES TRUST,Hearing United Kingdom's AA Rating May Be Cut By Fitch,6,decrease,0.7,0.6,"a potential downgrade of the uk's aa rating by fitch could lead to increased market uncertainty and negatively impact investor sentiment towards ishares trust, particularly if it holds uk assets.",0,2019-02-20,EWU,2019-02-20 21:11:00+00:00,14907.0,46435G33,0.0055572804994881,2062296.0,-0.0064476230181753,0.0052761686965823,0.0030901876743882,0.0132076097652316,0.0006161570781841,0.0,0.0086206523701548,0.002206104574725,-0.0012209127889946,0.0073015727102756,-0.0045843985863029,-0.0059955990873277,0.0018422282300889,-0.0006306701689027,-0.0024517874699085,-0.0043956451117992,0.0055299634113907,-0.0037534856237471,0.0012221484212204,0.0088355559855699,-0.0106805702671408,0.0028481059707701,-0.0040097860619425,0.0034931919071823,0.0086713768541812,0.0060703046619892,-0.0018422282300889,0.0132728992030024,0.013841918669641,0.0068448199890553,0.0033373972401022,-0.0071197189390659,0.0105835646390914,0.0068425899371504,0.0053860056214034,-0.0042180130258202,0.0020833243615925,0.0071895201690495,-0.0038609225302934,-0.011627865023911,-0.0017889497103169,0.0091264266520738,-0.0155316749587655,0.0082155764102935,-0.0015169671969488,-0.0029488909058272,0.0045579313300549,0.0049390718340873,0.0027223275974392,-0.0065423245541751,-0.0063349287956953,0.0003272326139267,0.002125066705048,0.004272072110325,0.0133293690159916,0.0096217952668666,0.0056800781749188,0.0060080210678279,0.0059453258290886,0.0,-0.0035460677463561,0.0277872886508703,0.0023724203929305,-0.0061370716430246,0.0017751886043697,-0.0006814465741626,-0.005611412692815,-0.0010210613254457,0.0032670216169208,0.013103418983519,-0.0011840468505397,-0.0092244772240519,0.0059275915846228,0.0248599797487258,-0.0005892887129448,-0.009021520614624,-0.0014740341575816,-0.0082587674260139,0.0017715197755023,0.0006886553019285,-0.0035366616211831,-0.0037735404912382,0.0011829960858449,-0.0021023366134613,0.0002954840892925,-0.0092930234968662,-0.0079740239307284,-0.0134250735864043,-0.0035724600311368,-0.0003272773174103,0.0014938522363081,0.0173159688711166,0.0020882964599877,0.0030060170684009,0.0050609754398465,-0.0118811456486582,-0.0112558435648679,-0.0081833060830831,-0.0011983497533947,-0.016103059053421,0.0158967841416597,-0.0214308332651853,-0.0082668671384453,0.0095449965447187,-0.0196487009525299,-0.0078914137557148,0.0006073628319427,-0.0084507185965776,-0.0021244215313345,0.0129993604496121,0.0036496024113148,-0.0078641083091497,-0.0193939208984375,0.0163043551146984,0.008961709216237,-0.012314474210143,0.0021439415868371,0.0166934337466955,0.0055012316443026,-0.0142405303195118,-0.0064476230181753,0.0052761686965823,-0.0033773597089669,0.0185534640390139,-0.0027632836148729,0.0185534640390139,0.004605512406159,0.0282539485653854,0.0061406441340166,0.0220889498774241,0.0389929513295641,0.0811081554043295,0.0101320780795548,0.0474074157997179,2019-02-21,2019-02-22,2019-02-25,2019-02-26,2019-02-27,2019-02-28,2019-03-01,2019-03-04,2019-03-05,2019-03-06,14907.0,2019-02-20,252.0,0.5557%,-0.0002,0.6573,0.0924,0.2898,0.5778%,0.8657%,55.4548%,0.002437,EWU,14907.0,2019-02-21,252.0,-0.6448%,-0.0002,0.656,0.0892,0.2876,0.5771%,0.8641%,55.3909%,-0.003384,EWU,14907.0,2019-02-22,252.0,0.3090%,-0.0002,0.6556,0.0915,0.2843,0.5773%,0.8641%,55.3695%,0.002463,EWU,14907.0,2019-02-25,252.0,0.0616%,-0.0002,0.6559,0.0917,0.2858,0.5770%,0.8641%,55.4125%,0.000283,EWU,14907.0,2019-02-26,252.0,0.8621%,-0.0001,0.654,0.0778,0.2773,0.5813%,0.8641%,54.7481%,0.0111,EWU,14907.0,2019-02-27,252.0,-0.1221%,-0.0001,0.6542,0.0771,0.2773,0.5813%,0.8632%,54.6419%,-0.001725,EWU,14907.0,2019-02-28,252.0,-0.4584%,-0.0001,0.6509,0.0748,0.2754,0.5799%,0.8585%,54.3739%,-0.001978,EWU,14907.0,2019-03-01,252.0,0.1842%,-0.0001,0.6467,0.0684,0.2697,0.5786%,0.8535%,54.0455%,-0.0020499999999999,EWU,14907.0,2019-03-04,252.0,-0.2452%,-0.0001,0.6448,0.0743,0.2702,0.5781%,0.8509%,53.8419%,4.3e-05,EWU,14907.0,2019-03-05,252.0,0.5530%,-0.0001,0.644,0.0726,0.2668,0.5799%,0.8514%,53.6129%,0.007415,EWU,14907.0,2019-03-06,252.0,0.1222%,-0.0,0.6412,0.0571,0.2615,0.5817%,0.8504%,53.2107%,0.007349,EWU,-0.0009469999999999,0.001516,0.001799,0.011174,0.021953
7763,ISHARES TRUST,UE's Juncker And UK PM May's Talks Covered Which Guarantees Could Be Given With Regard To Backstop That Underline Its Temporary Nature-,6,uncertain,0.6,0.2,"the discussions about guarantees related to the backstop suggest ongoing negotiations, which could lead to market volatility and uncertainty regarding the future economic environment impacting ishares trust.",1,2019-02-20,EWU,2019-02-20 19:25:00+00:00,14907.0,46435G33,0.0055572804994881,2062296.0,-0.0064476230181753,0.0052761686965823,0.0030901876743882,0.0132076097652316,0.0006161570781841,0.0,0.0086206523701548,0.002206104574725,-0.0012209127889946,0.0073015727102756,-0.0045843985863029,-0.0059955990873277,0.0018422282300889,-0.0006306701689027,-0.0024517874699085,-0.0043956451117992,0.0055299634113907,-0.0037534856237471,0.0012221484212204,0.0088355559855699,-0.0106805702671408,0.0028481059707701,-0.0040097860619425,0.0034931919071823,0.0086713768541812,0.0060703046619892,-0.0018422282300889,0.0132728992030024,0.013841918669641,0.0068448199890553,0.0033373972401022,-0.0071197189390659,0.0105835646390914,0.0068425899371504,0.0053860056214034,-0.0042180130258202,0.0020833243615925,0.0071895201690495,-0.0038609225302934,-0.011627865023911,-0.0017889497103169,0.0091264266520738,-0.0155316749587655,0.0082155764102935,-0.0015169671969488,-0.0029488909058272,0.0045579313300549,0.0049390718340873,0.0027223275974392,-0.0065423245541751,-0.0063349287956953,0.0003272326139267,0.002125066705048,0.004272072110325,0.0133293690159916,0.0096217952668666,0.0056800781749188,0.0060080210678279,0.0059453258290886,0.0,-0.0035460677463561,0.0277872886508703,0.0023724203929305,-0.0061370716430246,0.0017751886043697,-0.0006814465741626,-0.005611412692815,-0.0010210613254457,0.0032670216169208,0.013103418983519,-0.0011840468505397,-0.0092244772240519,0.0059275915846228,0.0248599797487258,-0.0005892887129448,-0.009021520614624,-0.0014740341575816,-0.0082587674260139,0.0017715197755023,0.0006886553019285,-0.0035366616211831,-0.0037735404912382,0.0011829960858449,-0.0021023366134613,0.0002954840892925,-0.0092930234968662,-0.0079740239307284,-0.0134250735864043,-0.0035724600311368,-0.0003272773174103,0.0014938522363081,0.0173159688711166,0.0020882964599877,0.0030060170684009,0.0050609754398465,-0.0118811456486582,-0.0112558435648679,-0.0081833060830831,-0.0011983497533947,-0.016103059053421,0.0158967841416597,-0.0214308332651853,-0.0082668671384453,0.0095449965447187,-0.0196487009525299,-0.0078914137557148,0.0006073628319427,-0.0084507185965776,-0.0021244215313345,0.0129993604496121,0.0036496024113148,-0.0078641083091497,-0.0193939208984375,0.0163043551146984,0.008961709216237,-0.012314474210143,0.0021439415868371,0.0166934337466955,0.0055012316443026,-0.0142405303195118,-0.0064476230181753,0.0052761686965823,-0.0033773597089669,0.0185534640390139,-0.0027632836148729,0.0185534640390139,0.004605512406159,0.0282539485653854,0.0061406441340166,0.0220889498774241,0.0389929513295641,0.0811081554043295,0.0101320780795548,0.0474074157997179,2019-02-21,2019-02-22,2019-02-25,2019-02-26,2019-02-27,2019-02-28,2019-03-01,2019-03-04,2019-03-05,2019-03-06,14907.0,2019-02-20,252.0,0.5557%,-0.0002,0.6573,0.0924,0.2898,0.5778%,0.8657%,55.4548%,0.002437,EWU,14907.0,2019-02-21,252.0,-0.6448%,-0.0002,0.656,0.0892,0.2876,0.5771%,0.8641%,55.3909%,-0.003384,EWU,14907.0,2019-02-22,252.0,0.3090%,-0.0002,0.6556,0.0915,0.2843,0.5773%,0.8641%,55.3695%,0.002463,EWU,14907.0,2019-02-25,252.0,0.0616%,-0.0002,0.6559,0.0917,0.2858,0.5770%,0.8641%,55.4125%,0.000283,EWU,14907.0,2019-02-26,252.0,0.8621%,-0.0001,0.654,0.0778,0.2773,0.5813%,0.8641%,54.7481%,0.0111,EWU,14907.0,2019-02-27,252.0,-0.1221%,-0.0001,0.6542,0.0771,0.2773,0.5813%,0.8632%,54.6419%,-0.001725,EWU,14907.0,2019-02-28,252.0,-0.4584%,-0.0001,0.6509,0.0748,0.2754,0.5799%,0.8585%,54.3739%,-0.001978,EWU,14907.0,2019-03-01,252.0,0.1842%,-0.0001,0.6467,0.0684,0.2697,0.5786%,0.8535%,54.0455%,-0.0020499999999999,EWU,14907.0,2019-03-04,252.0,-0.2452%,-0.0001,0.6448,0.0743,0.2702,0.5781%,0.8509%,53.8419%,4.3e-05,EWU,14907.0,2019-03-05,252.0,0.5530%,-0.0001,0.644,0.0726,0.2668,0.5799%,0.8514%,53.6129%,0.007415,EWU,14907.0,2019-03-06,252.0,0.1222%,-0.0,0.6412,0.0571,0.2615,0.5817%,0.8504%,53.2107%,0.007349,EWU,-0.0009469999999999,0.001516,0.001799,0.011174,0.021953
7771,ISHARES TRUST,EU's Tusk: I Still Hope That Britain Is Aware That No-Deal Brexit Is Unacceptable,6,uncertain,0.6,0.3,"the statement reflects ongoing political tensions regarding brexit, which could lead to market volatility, making the impact on ishares trust's stock price uncertain.",1,2019-02-20,EWU,2019-02-20 19:07:00+00:00,14907.0,46435G33,0.0055572804994881,2062296.0,-0.0064476230181753,0.0052761686965823,0.0030901876743882,0.0132076097652316,0.0006161570781841,0.0,0.0086206523701548,0.002206104574725,-0.0012209127889946,0.0073015727102756,-0.0045843985863029,-0.0059955990873277,0.0018422282300889,-0.0006306701689027,-0.0024517874699085,-0.0043956451117992,0.0055299634113907,-0.0037534856237471,0.0012221484212204,0.0088355559855699,-0.0106805702671408,0.0028481059707701,-0.0040097860619425,0.0034931919071823,0.0086713768541812,0.0060703046619892,-0.0018422282300889,0.0132728992030024,0.013841918669641,0.0068448199890553,0.0033373972401022,-0.0071197189390659,0.0105835646390914,0.0068425899371504,0.0053860056214034,-0.0042180130258202,0.0020833243615925,0.0071895201690495,-0.0038609225302934,-0.011627865023911,-0.0017889497103169,0.0091264266520738,-0.0155316749587655,0.0082155764102935,-0.0015169671969488,-0.0029488909058272,0.0045579313300549,0.0049390718340873,0.0027223275974392,-0.0065423245541751,-0.0063349287956953,0.0003272326139267,0.002125066705048,0.004272072110325,0.0133293690159916,0.0096217952668666,0.0056800781749188,0.0060080210678279,0.0059453258290886,0.0,-0.0035460677463561,0.0277872886508703,0.0023724203929305,-0.0061370716430246,0.0017751886043697,-0.0006814465741626,-0.005611412692815,-0.0010210613254457,0.0032670216169208,0.013103418983519,-0.0011840468505397,-0.0092244772240519,0.0059275915846228,0.0248599797487258,-0.0005892887129448,-0.009021520614624,-0.0014740341575816,-0.0082587674260139,0.0017715197755023,0.0006886553019285,-0.0035366616211831,-0.0037735404912382,0.0011829960858449,-0.0021023366134613,0.0002954840892925,-0.0092930234968662,-0.0079740239307284,-0.0134250735864043,-0.0035724600311368,-0.0003272773174103,0.0014938522363081,0.0173159688711166,0.0020882964599877,0.0030060170684009,0.0050609754398465,-0.0118811456486582,-0.0112558435648679,-0.0081833060830831,-0.0011983497533947,-0.016103059053421,0.0158967841416597,-0.0214308332651853,-0.0082668671384453,0.0095449965447187,-0.0196487009525299,-0.0078914137557148,0.0006073628319427,-0.0084507185965776,-0.0021244215313345,0.0129993604496121,0.0036496024113148,-0.0078641083091497,-0.0193939208984375,0.0163043551146984,0.008961709216237,-0.012314474210143,0.0021439415868371,0.0166934337466955,0.0055012316443026,-0.0142405303195118,-0.0064476230181753,0.0052761686965823,-0.0033773597089669,0.0185534640390139,-0.0027632836148729,0.0185534640390139,0.004605512406159,0.0282539485653854,0.0061406441340166,0.0220889498774241,0.0389929513295641,0.0811081554043295,0.0101320780795548,0.0474074157997179,2019-02-21,2019-02-22,2019-02-25,2019-02-26,2019-02-27,2019-02-28,2019-03-01,2019-03-04,2019-03-05,2019-03-06,14907.0,2019-02-20,252.0,0.5557%,-0.0002,0.6573,0.0924,0.2898,0.5778%,0.8657%,55.4548%,0.002437,EWU,14907.0,2019-02-21,252.0,-0.6448%,-0.0002,0.656,0.0892,0.2876,0.5771%,0.8641%,55.3909%,-0.003384,EWU,14907.0,2019-02-22,252.0,0.3090%,-0.0002,0.6556,0.0915,0.2843,0.5773%,0.8641%,55.3695%,0.002463,EWU,14907.0,2019-02-25,252.0,0.0616%,-0.0002,0.6559,0.0917,0.2858,0.5770%,0.8641%,55.4125%,0.000283,EWU,14907.0,2019-02-26,252.0,0.8621%,-0.0001,0.654,0.0778,0.2773,0.5813%,0.8641%,54.7481%,0.0111,EWU,14907.0,2019-02-27,252.0,-0.1221%,-0.0001,0.6542,0.0771,0.2773,0.5813%,0.8632%,54.6419%,-0.001725,EWU,14907.0,2019-02-28,252.0,-0.4584%,-0.0001,0.6509,0.0748,0.2754,0.5799%,0.8585%,54.3739%,-0.001978,EWU,14907.0,2019-03-01,252.0,0.1842%,-0.0001,0.6467,0.0684,0.2697,0.5786%,0.8535%,54.0455%,-0.0020499999999999,EWU,14907.0,2019-03-04,252.0,-0.2452%,-0.0001,0.6448,0.0743,0.2702,0.5781%,0.8509%,53.8419%,4.3e-05,EWU,14907.0,2019-03-05,252.0,0.5530%,-0.0001,0.644,0.0726,0.2668,0.5799%,0.8514%,53.6129%,0.007415,EWU,14907.0,2019-03-06,252.0,0.1222%,-0.0,0.6412,0.0571,0.2615,0.5817%,0.8504%,53.2107%,0.007349,EWU,-0.0009469999999999,0.001516,0.001799,0.011174,0.021953
7779,ISHARES TRUST,Spokesperson For UK Prime Minister Theresa May Says We Will Continue To Do Whatever We Can Do Get Brexit Deal Over The Line,6,uncertain,0.6,0.3,"the statement indicates ongoing efforts to secure a brexit deal, which could have mixed implications for market sentiment and ishares trust's stock price, depending on future developments.",1,2019-02-20,EWU,2019-02-20 12:58:00+00:00,14907.0,46435G33,0.0055572804994881,2062296.0,-0.0064476230181753,0.0052761686965823,0.0030901876743882,0.0132076097652316,0.0006161570781841,0.0,0.0086206523701548,0.002206104574725,-0.0012209127889946,0.0073015727102756,-0.0045843985863029,-0.0059955990873277,0.0018422282300889,-0.0006306701689027,-0.0024517874699085,-0.0043956451117992,0.0055299634113907,-0.0037534856237471,0.0012221484212204,0.0088355559855699,-0.0106805702671408,0.0028481059707701,-0.0040097860619425,0.0034931919071823,0.0086713768541812,0.0060703046619892,-0.0018422282300889,0.0132728992030024,0.013841918669641,0.0068448199890553,0.0033373972401022,-0.0071197189390659,0.0105835646390914,0.0068425899371504,0.0053860056214034,-0.0042180130258202,0.0020833243615925,0.0071895201690495,-0.0038609225302934,-0.011627865023911,-0.0017889497103169,0.0091264266520738,-0.0155316749587655,0.0082155764102935,-0.0015169671969488,-0.0029488909058272,0.0045579313300549,0.0049390718340873,0.0027223275974392,-0.0065423245541751,-0.0063349287956953,0.0003272326139267,0.002125066705048,0.004272072110325,0.0133293690159916,0.0096217952668666,0.0056800781749188,0.0060080210678279,0.0059453258290886,0.0,-0.0035460677463561,0.0277872886508703,0.0023724203929305,-0.0061370716430246,0.0017751886043697,-0.0006814465741626,-0.005611412692815,-0.0010210613254457,0.0032670216169208,0.013103418983519,-0.0011840468505397,-0.0092244772240519,0.0059275915846228,0.0248599797487258,-0.0005892887129448,-0.009021520614624,-0.0014740341575816,-0.0082587674260139,0.0017715197755023,0.0006886553019285,-0.0035366616211831,-0.0037735404912382,0.0011829960858449,-0.0021023366134613,0.0002954840892925,-0.0092930234968662,-0.0079740239307284,-0.0134250735864043,-0.0035724600311368,-0.0003272773174103,0.0014938522363081,0.0173159688711166,0.0020882964599877,0.0030060170684009,0.0050609754398465,-0.0118811456486582,-0.0112558435648679,-0.0081833060830831,-0.0011983497533947,-0.016103059053421,0.0158967841416597,-0.0214308332651853,-0.0082668671384453,0.0095449965447187,-0.0196487009525299,-0.0078914137557148,0.0006073628319427,-0.0084507185965776,-0.0021244215313345,0.0129993604496121,0.0036496024113148,-0.0078641083091497,-0.0193939208984375,0.0163043551146984,0.008961709216237,-0.012314474210143,0.0021439415868371,0.0166934337466955,0.0055012316443026,-0.0142405303195118,-0.0064476230181753,0.0052761686965823,-0.0033773597089669,0.0185534640390139,-0.0027632836148729,0.0185534640390139,0.004605512406159,0.0282539485653854,0.0061406441340166,0.0220889498774241,0.0389929513295641,0.0811081554043295,0.0101320780795548,0.0474074157997179,2019-02-21,2019-02-22,2019-02-25,2019-02-26,2019-02-27,2019-02-28,2019-03-01,2019-03-04,2019-03-05,2019-03-06,14907.0,2019-02-20,252.0,0.5557%,-0.0002,0.6573,0.0924,0.2898,0.5778%,0.8657%,55.4548%,0.002437,EWU,14907.0,2019-02-21,252.0,-0.6448%,-0.0002,0.656,0.0892,0.2876,0.5771%,0.8641%,55.3909%,-0.003384,EWU,14907.0,2019-02-22,252.0,0.3090%,-0.0002,0.6556,0.0915,0.2843,0.5773%,0.8641%,55.3695%,0.002463,EWU,14907.0,2019-02-25,252.0,0.0616%,-0.0002,0.6559,0.0917,0.2858,0.5770%,0.8641%,55.4125%,0.000283,EWU,14907.0,2019-02-26,252.0,0.8621%,-0.0001,0.654,0.0778,0.2773,0.5813%,0.8641%,54.7481%,0.0111,EWU,14907.0,2019-02-27,252.0,-0.1221%,-0.0001,0.6542,0.0771,0.2773,0.5813%,0.8632%,54.6419%,-0.001725,EWU,14907.0,2019-02-28,252.0,-0.4584%,-0.0001,0.6509,0.0748,0.2754,0.5799%,0.8585%,54.3739%,-0.001978,EWU,14907.0,2019-03-01,252.0,0.1842%,-0.0001,0.6467,0.0684,0.2697,0.5786%,0.8535%,54.0455%,-0.0020499999999999,EWU,14907.0,2019-03-04,252.0,-0.2452%,-0.0001,0.6448,0.0743,0.2702,0.5781%,0.8509%,53.8419%,4.3e-05,EWU,14907.0,2019-03-05,252.0,0.5530%,-0.0001,0.644,0.0726,0.2668,0.5799%,0.8514%,53.6129%,0.007415,EWU,14907.0,2019-03-06,252.0,0.1222%,-0.0,0.6412,0.0571,0.2615,0.5817%,0.8504%,53.2107%,0.007349,EWU,-0.0009469999999999,0.001516,0.001799,0.011174,0.021953
7787,ISHARES INC,US House Democrats Plan To Introduce Resolution On Friday To Stop Trump's National Emergency Declaration Related To Border Security,6,uncertain,0.6,0.3,"the resolution to stop trump's national emergency declaration may create political uncertainty, which can affect market sentiment, but its direct impact on ishares inc's stock price is unclear.",1,2019-02-20,EWW,2019-02-20 22:40:00+00:00,83223.0,46428682,-0.0011373802553862,2873619.0,0.0059211640618741,0.0038821229245513,0.0108671812340617,0.0099169807508587,0.0026875459589064,0.0171240791678428,-0.0058075077831745,-0.0306957364082336,-0.0094360411167144,0.0011381569784134,-0.0120208384469151,-0.0112536577507853,-0.0061983573250472,-0.0126666594296693,-0.0053129945881664,-0.0050851101987063,-0.0046446993947029,-0.0076788566075265,-0.0118992561474442,0.01086719147861,-0.0136953489854931,0.0053512081503868,0.0047881435602903,-0.0033333671744912,0.0114367296919226,0.0087424209341406,0.0025912981946021,-0.0044633061625063,0.0025845111813396,0.0044833165593445,-0.0030465726740658,-0.0044633061625063,0.0145744923502206,0.0044833165593445,0.0169137977063655,-0.0015666896943002,-0.0015948894433677,0.0076680234633386,0.0255590807646513,-0.0161970164626836,0.0028927696403115,-0.0004435674927663,-0.0392722524702549,-0.0026542565319687,0.0143186822533607,0.0109570184722542,0.0013661514967679,0.0056217671371996,-0.0111413793638348,0.0047447560355067,-0.0020694446284323,-0.0042745205573737,0.0043778484687209,0.002254843013361,0.0227116700261831,0.011171861551702,-0.0094213094562292,0.0164542067795991,0.0015851380303502,0.0117233293130993,0.0156002407893538,0.0205790996551513,0.0249332766979932,-0.0125236008316278,0.0154213523492217,0.0276833269745111,-0.0038502740208059,0.0009723120019771,0.0008589416975155,0.0024366099387407,-0.005792757961899,0.0009756321087479,0.0036684973165392,0.0098522547632455,-0.0051601347513496,0.004453248810023,0.0079965190961956,-0.0141463857144117,0.0115780644118785,0.0219342242926359,-0.0010597548680379,0.0032507439609616,-0.0012731036404147,0.017695078626275,-0.0091353366151452,-0.0151477679610252,-0.0102915856987237,-0.0022299343254417,0.0054159443825483,-0.0078662661835551,0.00237019197084,0.0149700213223695,-0.0064488225616514,-0.0022403867915272,-0.0015144892968237,-0.0105911409482359,-0.0099675599485635,-0.0004923795931972,-0.0052527440711855,0.0183003153651952,0.0121011929586529,-0.0167611613869667,-0.006521722767502,0.0059508518315851,-0.0161925964057445,-0.0100638149306178,-0.011788229458034,0.0159601811319589,-0.0065271416679024,0.0445428267121315,0.0101948520168662,0.0166843514889478,-0.0148015217855572,-0.04934548959136,0.0118370233103632,-0.0158572699874639,0.0017997303511947,0.0014888677978888,-0.0013473514700308,-0.0213696230202913,0.0059211640618741,0.0038821229245513,0.0168526916589129,0.0138376026137254,0.019585530001184,0.0311986379842188,0.0040993012839569,0.0006828757941836,-0.0355272452472944,-0.0250610139380521,0.0072876283425362,0.0307150633960366,0.0127533912140433,0.0774330396211147,2019-02-21,2019-02-22,2019-02-25,2019-02-26,2019-02-27,2019-02-28,2019-03-01,2019-03-04,2019-03-05,2019-03-06,83223.0,2019-02-20,252.0,-0.1137%,-0.0006,0.6011,0.1154,0.06,1.4373%,1.5682%,15.9929%,-0.0029749999999999,EWW,83223.0,2019-02-21,252.0,0.5921%,-0.0005,0.5963,0.1075,0.0511,1.4376%,1.5669%,15.8203%,0.008264,EWW,83223.0,2019-02-22,252.0,1.0867%,-0.0005,0.5947,0.1217,0.0451,1.4372%,1.5670%,15.8774%,0.0070509999999999,EWW,83223.0,2019-02-25,252.0,0.2688%,-0.0006,0.5971,0.1228,0.0546,1.4314%,1.5618%,15.9991%,0.002093,EWW,83223.0,2019-02-26,252.0,-0.5808%,-0.0005,0.604,0.1209,0.0588,1.4301%,1.5621%,16.1910%,-0.003986,EWW,83223.0,2019-02-27,252.0,-0.9436%,-0.0005,0.6075,0.1118,0.0593,1.4304%,1.5631%,16.2570%,-0.010239,EWW,83223.0,2019-02-28,252.0,-1.2021%,-0.0005,0.6025,0.1081,0.058,1.4294%,1.5594%,15.9770%,-0.010112,EWW,83223.0,2019-03-01,252.0,-0.6198%,-0.0005,0.5974,0.1005,0.0547,1.4305%,1.5579%,15.6866%,-0.010708,EWW,83223.0,2019-03-04,252.0,-0.5313%,-0.0006,0.6032,0.0827,0.0529,1.4285%,1.5578%,15.9078%,-0.002108,EWW,83223.0,2019-03-05,252.0,-0.4645%,-0.0006,0.6049,0.0943,0.0552,1.4282%,1.5580%,15.9724%,-0.003326,EWW,83223.0,2019-03-06,252.0,-1.1899%,-0.0006,0.6083,0.1038,0.0603,1.4284%,1.5595%,16.1025%,-0.005742,EWW,0.005289,0.01234,0.014433,0.000208,-0.031788
7795,ISHARES INC,Impact Of US-China Trade War On Brazilian Soy Exports Will Not Be As Favorable In 2019 vs 2019,6,decrease,0.7,0.6,"the unfavorable impact of the us-china trade war on brazilian soy exports suggests potential negative implications for ishares inc, particularly if it is related to agricultural investments or commodities.",0,2019-02-20,EWZ,2019-02-20 19:37:00+00:00,88396.0,46428640,-0.0088335946202278,32090942.0,-0.0047988821752369,-0.0067491391673684,0.0137773202732205,0.004519791342318,-0.0052095889113843,0.0273972675204277,0.0040983678773045,-0.0144164999946951,0.0013605754356831,0.0284772664308548,-0.0262681134045124,-0.0134664038196206,-0.0151163144037127,0.0004645867156796,0.0004722658486571,-0.0064620953053236,0.0075525064021348,-0.0415836609899997,-0.0278753489255905,-0.0054993401281535,-0.0077108358964324,0.0013215320650488,0.0118989283218979,0.0006612870492972,0.0335973501205444,0.0172645840793848,0.0048757623881101,0.0267034955322742,0.0108595481142401,0.013296004384756,-0.0123428776860237,-0.0216796156018972,0.011108529753983,0.0038945742417126,0.0162509251385927,0.0083160223439335,-0.0011261948384344,0.0270462483167648,-0.0076662944629788,-0.0243055373430252,-0.0229492932558059,0.0041841072961688,-0.0597674362361431,0.0082025378942489,0.0126143535599112,-0.0016378920990973,0.0166096799075603,-0.0055839428678154,-0.0562229752540588,0.0046750996261835,0.0356415882706642,-0.0027972667012363,0.0076204859651625,-0.0013965911930426,0.0197608564049005,0.0252982694655656,-0.0007176741492003,0.0120772942900657,-0.0141249736770987,-0.01004299800843,0.0223408974707126,0.0224938411265611,0.0045131221413612,0.0063976906239986,0.0085126645863056,0.0638743117451667,-0.0133645879104733,0.0031512323766946,0.0040398803539574,0.008741769939661,-0.0184615086764097,0.0120643638074398,-0.0277309250086545,0.0182909686118364,0.0074404571205377,-0.0137317804619669,0.0041851792484521,-0.0111821610480547,-0.0181417427957058,0.0181621573865413,0.0102372001856565,-0.0204461086541414,0.000741537194699,0.0104233007878065,0.0160532891750335,-0.0127837639302015,-0.0255225878208875,-0.0128766410052776,0.0246944800019264,0.0036185891367495,0.00413822196424,0.0168199576437473,-0.0004848595708608,0.01116125844419,0.0038806658703833,-0.0266424939036369,-0.016670661047101,-0.0197768453508615,-0.0012284824624657,0.0040733157657086,0.0132840611040592,-0.0177545100450515,-0.0177227370440959,0.0047739306464791,-0.0084033655002713,-0.0005022716941311,0.0196909513324499,0.0002511510101612,-0.01515519246459,0.0199846941977739,-0.0009928249055519,0.0430251397192478,-0.0350310504436492,-0.033075001090765,0.003347092308104,-0.0177665166556835,-0.0136002711951732,0.021784234791994,-0.0205514337867498,-0.0338260717689991,-0.0047988821752369,-0.0067491391673684,0.0089123223613019,-0.0022598525258271,0.0036563039141694,0.0250755012103938,0.0091408033096775,0.0390680113417527,-0.0516453019437188,-0.0288164888647485,-0.0589579120932696,0.0557150111090929,-0.1396251596616494,0.1231122517452738,2019-02-21,2019-02-22,2019-02-25,2019-02-26,2019-02-27,2019-02-28,2019-03-01,2019-03-04,2019-03-05,2019-03-06,88396.0,2019-02-20,252.0,-0.8834%,0.0002,0.8242,-0.1993,0.3274,1.8867%,2.0572%,15.8878%,-0.011952,EWZ,88396.0,2019-02-21,252.0,-0.4799%,0.0001,0.829,-0.19,0.3361,1.8852%,2.0570%,16.0077%,-0.001236,EWZ,88396.0,2019-02-22,252.0,1.3777%,0.0001,0.8271,-0.1918,0.3122,1.8871%,2.0588%,15.9823%,0.014275,EWZ,88396.0,2019-02-25,252.0,-0.5210%,0.0001,0.8283,-0.1874,0.319,1.8865%,2.0583%,15.9991%,-0.006487,EWZ,88396.0,2019-02-26,252.0,0.4098%,0.0001,0.8289,-0.1951,0.3155,1.8867%,2.0574%,15.9111%,0.005177,EWZ,88396.0,2019-02-27,252.0,0.1361%,0.0001,0.8298,-0.1962,0.3157,1.8866%,2.0568%,15.8602%,0.001264,EWZ,88396.0,2019-02-28,252.0,-2.6268%,0.0001,0.8301,-0.1968,0.3213,1.8916%,2.0604%,15.7192%,-0.022967,EWZ,88396.0,2019-03-01,252.0,-1.5116%,0.0,0.821,-0.2104,0.3162,1.8948%,2.0597%,15.3725%,-0.019327,EWZ,88396.0,2019-03-04,252.0,0.0472%,-0.0,0.8262,-0.2299,0.3153,1.8934%,2.0597%,15.4973%,0.002577,EWZ,88396.0,2019-03-05,252.0,0.7553%,0.0,0.8244,-0.2378,0.3108,1.8942%,2.0601%,15.4625%,0.008911,EWZ,88396.0,2019-03-06,252.0,-2.7875%,-0.0001,0.8362,-0.1897,0.3306,1.9000%,2.0672%,15.5202%,-0.024161,EWZ,-0.013188,0.0010869999999999,-0.0054,0.0010409999999999,-0.053926
7803,EXPEDITORS INTERNATIONAL WA INC,Focus On Efficiencies Powers Expeditors' Fourth Quarter; Net Revenue Decelerated Through 2018,6,decrease,0.7,0.6,"the mention of decelerating net revenue suggests potential challenges in growth, which could negatively impact investor sentiment and lead to a decrease in stock price.",0,2019-02-20,EXPD,2019-02-20 15:52:00+00:00,87717.0,30213010,0.0070648686960339,1291883.0,-0.0003971728438045,0.018739778548479,0.0037077120505273,-0.0043266587890684,-0.0051451106555759,0.0025756058748811,-0.0096804574131965,0.0101327933371067,0.0009373285574838,0.0261346157640218,0.0026755444705486,0.0007029727566987,0.0060040638782083,-0.0039215516299009,-0.0009283779072575,0.0113314883783459,-0.0047789802774786,-0.0031064844224601,-0.0012005331227555,0.0082574291154742,-0.0070779751986265,0.0076029091142117,0.002152033150196,0.0059162485413253,0.0222788341343402,-0.0017285381909459,0.0052514313720166,0.010480367578566,0.003918023314327,0.0055620209313929,0.0016911311540752,-0.0145680382847785,-0.0128571148961782,0.0104941148310899,0.0069727506488561,0.0021910828072577,-0.0044421735219657,0.0010235370136797,-0.0181102007627487,-0.0129889091476798,0.0143009852617979,0.019870450720191,-0.0233231876045465,0.0135760651901364,-0.0053966743871569,0.0004477429611142,0.0046119960024952,-0.0188900418579578,0.0029705809429287,-0.0016081960638985,0.0092892087996006,-0.0048014232888817,0.0124049661681056,0.000873819575645,0.0223978515714407,0.0119363032281398,0.0063144057057797,0.0092207435518503,-0.0039697475731372,0.0047818245366215,0.0073283580131828,0.0298552587628364,-0.0030631509143859,-0.034615870565176,0.001536330091767,-0.0114554092288017,-0.0053688581101596,0.0257607586681842,-0.0001284475874854,-0.0095493793487548,0.0050128456205129,0.0159162562340498,0.0108709353953599,0.0453177094459533,-0.0011387141421437,-0.0254787132143974,0.0108929779380559,-0.0252859760075807,0.003633641405031,-0.0038979689124971,0.004119873046875,-0.0331932306289672,-0.0058436058461666,-0.0093337381258606,0.0002501785056665,-0.0119183305650949,0.0065015833824872,-0.0046602771617472,-0.021987535059452,-0.0200664903968572,0.0069858427159488,0.0127540808171033,-0.011856741271913,0.0018252913141623,0.0137860849499702,0.0092107346281409,-0.0289599020034074,-0.0502019263803958,0.0142634650692343,-0.0164151154458522,0.0120174176990985,-0.0175575297325849,-0.0056847468949854,0.0105139054358005,-0.0378604456782341,0.0088308099657297,-0.0104318084195256,-0.0128805339336395,-0.0089405626058578,0.0293290819972753,-0.0061936057172715,0.0025509507395327,-0.0226256363093853,0.0170695055276155,0.0095647694543004,0.0026013476308435,0.0068653025664389,0.0091185923665761,0.0141824753955006,-0.0175105333328247,-0.0003971728438045,0.018739778548479,0.0033090666041837,0.0143320391318486,-0.0018530695652374,0.0169445586909169,-0.0105890537498201,0.0540958068960544,-0.0088683753253174,0.068052376037988,0.0295168185482159,0.1210400271480287,-0.0156187952410616,0.024347367847546,2019-02-21,2019-02-22,2019-02-25,2019-02-26,2019-02-27,2019-02-28,2019-03-01,2019-03-04,2019-03-05,2019-03-06,87717.0,2019-02-20,252.0,0.7065%,0.0007,1.0425,0.1986,0.2592,1.1706%,1.5758%,44.8165%,0.003153,EXPD,87717.0,2019-02-21,252.0,-0.0397%,0.0008,1.0318,0.1777,0.2397,1.1580%,1.5602%,44.9078%,0.004095,EXPD,87717.0,2019-02-22,252.0,0.3708%,0.0007,1.0339,0.13,0.2202,1.1366%,1.5469%,46.0095%,-0.000553,EXPD,87717.0,2019-02-25,252.0,-0.5145%,0.0006,1.0345,0.1339,0.2248,1.1368%,1.5470%,45.9983%,-0.006062,EXPD,87717.0,2019-02-26,252.0,-0.9680%,0.0006,1.0344,0.144,0.2298,1.1376%,1.5444%,45.7446%,-0.006526,EXPD,87717.0,2019-02-27,252.0,0.0937%,0.0005,1.0312,0.1494,0.2292,1.1367%,1.5403%,45.5410%,-9.1e-05,EXPD,87717.0,2019-02-28,252.0,0.2676%,0.0006,1.027,0.1467,0.2248,1.1367%,1.5358%,45.2193%,0.006316,EXPD,87717.0,2019-03-01,252.0,0.6004%,0.0006,1.0288,0.1494,0.2284,1.1365%,1.5351%,45.1827%,-0.001007,EXPD,87717.0,2019-03-04,252.0,-0.0928%,0.0007,1.0191,0.1788,0.2316,1.1297%,1.5227%,44.9648%,0.004039,EXPD,87717.0,2019-03-05,252.0,-0.4779%,0.0007,1.0205,0.1884,0.2336,1.1294%,1.5230%,45.0073%,-0.0020269999999999,EXPD,87717.0,2019-03-06,252.0,-0.1201%,0.0007,1.0212,0.1665,0.2314,1.1296%,1.5230%,44.9870%,0.009563,EXPD,0.007248,0.006695,0.000633,-0.0059839999999999,0.0109
7811,EXPEDITORS INTERNATIONAL WA INC,Port Report: Kuehne + Nagel Looking To Offset Shippers' Risk From IMO 2020 Switchover,6,uncertain,0.6,0.3,"the news discusses kuehne + nagel's strategy to mitigate risks associated with imo 2020, which may indirectly affect competitors like expeditors international, but the overall impact on expeditors' stock price is unclear without more specific context on their operations and market position.",1,2019-02-20,EXPD,2019-02-20 15:20:00+00:00,87717.0,30213010,0.0070648686960339,1291883.0,-0.0003971728438045,0.018739778548479,0.0037077120505273,-0.0043266587890684,-0.0051451106555759,0.0025756058748811,-0.0096804574131965,0.0101327933371067,0.0009373285574838,0.0261346157640218,0.0026755444705486,0.0007029727566987,0.0060040638782083,-0.0039215516299009,-0.0009283779072575,0.0113314883783459,-0.0047789802774786,-0.0031064844224601,-0.0012005331227555,0.0082574291154742,-0.0070779751986265,0.0076029091142117,0.002152033150196,0.0059162485413253,0.0222788341343402,-0.0017285381909459,0.0052514313720166,0.010480367578566,0.003918023314327,0.0055620209313929,0.0016911311540752,-0.0145680382847785,-0.0128571148961782,0.0104941148310899,0.0069727506488561,0.0021910828072577,-0.0044421735219657,0.0010235370136797,-0.0181102007627487,-0.0129889091476798,0.0143009852617979,0.019870450720191,-0.0233231876045465,0.0135760651901364,-0.0053966743871569,0.0004477429611142,0.0046119960024952,-0.0188900418579578,0.0029705809429287,-0.0016081960638985,0.0092892087996006,-0.0048014232888817,0.0124049661681056,0.000873819575645,0.0223978515714407,0.0119363032281398,0.0063144057057797,0.0092207435518503,-0.0039697475731372,0.0047818245366215,0.0073283580131828,0.0298552587628364,-0.0030631509143859,-0.034615870565176,0.001536330091767,-0.0114554092288017,-0.0053688581101596,0.0257607586681842,-0.0001284475874854,-0.0095493793487548,0.0050128456205129,0.0159162562340498,0.0108709353953599,0.0453177094459533,-0.0011387141421437,-0.0254787132143974,0.0108929779380559,-0.0252859760075807,0.003633641405031,-0.0038979689124971,0.004119873046875,-0.0331932306289672,-0.0058436058461666,-0.0093337381258606,0.0002501785056665,-0.0119183305650949,0.0065015833824872,-0.0046602771617472,-0.021987535059452,-0.0200664903968572,0.0069858427159488,0.0127540808171033,-0.011856741271913,0.0018252913141623,0.0137860849499702,0.0092107346281409,-0.0289599020034074,-0.0502019263803958,0.0142634650692343,-0.0164151154458522,0.0120174176990985,-0.0175575297325849,-0.0056847468949854,0.0105139054358005,-0.0378604456782341,0.0088308099657297,-0.0104318084195256,-0.0128805339336395,-0.0089405626058578,0.0293290819972753,-0.0061936057172715,0.0025509507395327,-0.0226256363093853,0.0170695055276155,0.0095647694543004,0.0026013476308435,0.0068653025664389,0.0091185923665761,0.0141824753955006,-0.0175105333328247,-0.0003971728438045,0.018739778548479,0.0033090666041837,0.0143320391318486,-0.0018530695652374,0.0169445586909169,-0.0105890537498201,0.0540958068960544,-0.0088683753253174,0.068052376037988,0.0295168185482159,0.1210400271480287,-0.0156187952410616,0.024347367847546,2019-02-21,2019-02-22,2019-02-25,2019-02-26,2019-02-27,2019-02-28,2019-03-01,2019-03-04,2019-03-05,2019-03-06,87717.0,2019-02-20,252.0,0.7065%,0.0007,1.0425,0.1986,0.2592,1.1706%,1.5758%,44.8165%,0.003153,EXPD,87717.0,2019-02-21,252.0,-0.0397%,0.0008,1.0318,0.1777,0.2397,1.1580%,1.5602%,44.9078%,0.004095,EXPD,87717.0,2019-02-22,252.0,0.3708%,0.0007,1.0339,0.13,0.2202,1.1366%,1.5469%,46.0095%,-0.000553,EXPD,87717.0,2019-02-25,252.0,-0.5145%,0.0006,1.0345,0.1339,0.2248,1.1368%,1.5470%,45.9983%,-0.006062,EXPD,87717.0,2019-02-26,252.0,-0.9680%,0.0006,1.0344,0.144,0.2298,1.1376%,1.5444%,45.7446%,-0.006526,EXPD,87717.0,2019-02-27,252.0,0.0937%,0.0005,1.0312,0.1494,0.2292,1.1367%,1.5403%,45.5410%,-9.1e-05,EXPD,87717.0,2019-02-28,252.0,0.2676%,0.0006,1.027,0.1467,0.2248,1.1367%,1.5358%,45.2193%,0.006316,EXPD,87717.0,2019-03-01,252.0,0.6004%,0.0006,1.0288,0.1494,0.2284,1.1365%,1.5351%,45.1827%,-0.001007,EXPD,87717.0,2019-03-04,252.0,-0.0928%,0.0007,1.0191,0.1788,0.2316,1.1297%,1.5227%,44.9648%,0.004039,EXPD,87717.0,2019-03-05,252.0,-0.4779%,0.0007,1.0205,0.1884,0.2336,1.1294%,1.5230%,45.0073%,-0.0020269999999999,EXPD,87717.0,2019-03-06,252.0,-0.1201%,0.0007,1.0212,0.1665,0.2314,1.1296%,1.5230%,44.9870%,0.009563,EXPD,0.007248,0.006695,0.000633,-0.0059839999999999,0.0109
7819,EXTRA SPACE STORAGE INC,"Extra Space Storage Q4 Core FFO $1.22, Sales $266.598M Miss $273.51M Estimate",6,decrease,0.75,0.6,"the company reported lower-than-expected core ffo and sales, which typically leads to a negative reaction in stock prices.",0,2019-02-20,EXR,2019-02-20 21:51:00+00:00,90305.0,30225T10,-0.0313792824745178,1672511.0,-0.0387500114738941,-0.0061171338893473,0.0247073993086814,0.007476236205548,-0.0114212585613131,-0.0034232414327561,0.0001069159843609,0.0032323200721293,0.0093058375641703,-0.00960383284837,0.016744403168559,-0.0041840821504592,-0.0037523515056818,0.0078313127160072,0.0075329691171646,0.0137404426932334,0.0155763234943151,0.0022442233748734,-0.0056237527169287,0.000204026553547,-0.0032904853578656,0.0039950767531991,0.0013411457184702,-0.0100395279005169,0.0188543368130922,0.0110735343769192,0.0075841844081878,0.0101501364260911,0.0051184478215873,0.0187823828309774,0.0075886324048042,0.0173912514001131,-0.0026986931916326,0.0121699748560786,-0.00631386321038,-0.0010854062857106,-0.0022188725415617,-0.0023822546936571,0.003436736529693,0.0002165779587812,0.0140022877603769,0.002062106039375,-0.0004967519198544,0.0014128600014373,0.0072556976228952,0.0046953517012298,0.0044405427761375,0.0172165166586637,-0.0062874485738575,0.0033433123026043,0.0159169603139162,-0.0026675320696085,-0.0082716858014464,0.0164953004568815,-0.007163215894252,-0.006510205566883,0.0089938333258032,0.0158494804054498,0.0009795876685529,-0.001593800028786,-0.0124278720468282,-0.0070088487118482,0.0071343760937452,0.0116651030257344,-0.0148563766852021,-0.0335985943675041,0.0085888411849737,0.0057803941890597,0.0099019706249237,-0.008158741518855,-0.0038238984998315,0.0043184519745409,0.0058071259409189,0.0193002149462699,-0.0049907243810594,-0.0429898835718631,-0.0162273943424224,-0.0049441000446677,-0.0023992587812244,-0.0078907860442996,0.0091191101819276,0.0007469821139238,-0.0144985020160675,0.0054721259512007,0.0085650794208049,-0.0423345938324928,0.0171845462173223,-0.0008213740075007,0.0022591431625187,0.0098663764074444,0.0148960864171385,-0.0102735683321952,-0.0087871383875608,0.0064496034756302,0.0101315239444375,-0.010334312915802,0.0221814587712287,-0.0112202242016792,0.0044343923218548,0.0301341395825147,-0.001690778764896,-0.0011339100310578,-0.0002822617534548,0.0107313897460699,-0.0196705535054206,0.0168450474739074,-0.0070084803737699,0.0063972542993724,0.0034806209150701,0.0058987885713577,0.0201367791742086,0.006693965755403,0.0164337512105703,-0.0050488086417317,-0.009199084714055,0.0021530515514314,-0.0009378080721944,-0.0170370433479547,-0.002628356218338,-0.0094339782372117,-0.0387500114738941,-0.0061171338893473,-0.0150000241719141,0.0013133691783429,-0.0262499635787338,-0.002114368234201,-0.0170833256424555,-0.0085033863122913,0.0130208353398844,0.0112233284397063,0.0736291414600311,0.128301509152557,0.1162843118082792,0.0480618165202257,2019-02-21,2019-02-22,2019-02-25,2019-02-26,2019-02-27,2019-02-28,2019-03-01,2019-03-04,2019-03-05,2019-03-06,90305.0,2019-02-20,252.0,-3.1379%,0.0007,0.2695,-0.3505,-0.1033,1.1557%,1.2069%,8.3054%,-0.03087,EXR,90305.0,2019-02-21,252.0,-3.8750%,0.0006,0.2719,-0.3542,-0.0986,1.1761%,1.2270%,8.1313%,-0.038336,EXR,90305.0,2019-02-22,252.0,2.4707%,0.0007,0.2693,-0.3665,-0.1412,1.1817%,1.2351%,8.4482%,0.023339,EXR,90305.0,2019-02-25,252.0,-1.1421%,0.0005,0.2734,-0.3556,-0.1202,1.1642%,1.2173%,8.5311%,-0.013132,EXR,90305.0,2019-02-26,252.0,0.0107%,0.0004,0.2622,-0.341,-0.1211,1.1577%,1.2069%,7.9784%,-0.002228,EXR,90305.0,2019-02-27,252.0,0.9306%,0.0004,0.2645,-0.3423,-0.1207,1.1588%,1.2082%,8.0037%,0.009472,EXR,90305.0,2019-02-28,252.0,1.6744%,0.0006,0.2511,-0.3509,-0.1343,1.1577%,1.2050%,7.7057%,0.017231,EXR,90305.0,2019-03-01,252.0,-0.3752%,0.0006,0.2513,-0.3507,-0.1314,1.1582%,1.2053%,7.6755%,-0.00517,EXR,90305.0,2019-03-04,252.0,0.7533%,0.0005,0.2577,-0.3784,-0.1316,1.1549%,1.2048%,8.1153%,0.007859,EXR,90305.0,2019-03-05,252.0,1.5576%,0.0006,0.2572,-0.373,-0.1371,1.1571%,1.2068%,8.0651%,0.014435,EXR,90305.0,2019-03-06,252.0,-0.5624%,0.0005,0.2558,-0.3507,-0.1355,1.1569%,1.2046%,7.7711%,-0.008199,EXR,-0.069206,-0.045867,-0.058999,-0.051755,-0.025599
7827,FREEPORT MCMORAN INC,Freeport-McMoRan shares are continuing a 17% rally from the previous 4 trading sessions after Morgan Stanley and Citigroup raised their recommendations of the stock to Buy.,6,increase,0.8,0.7,"the upgrade of freeport-mcmoran's stock to 'buy' by major financial institutions typically signals positive sentiment, likely leading to further price increases.",2,2019-02-20,FCX,2019-02-20 14:10:00+00:00,81774.0,35671D85,0.0198625084012746,38188411.0,-0.0247190948575735,0.0659609511494636,0.0153609681874513,0.00986841134727,0.0030257157050073,-0.0105777150020003,-0.0060331765562295,0.0696257799863815,-0.0015174853615462,-0.0034692075569182,-0.0197568573057651,-0.0068906052038073,-0.002325560664758,-0.021079258993268,-0.0069930190220475,-0.0041981688700616,0.0046948688104748,0.0033698368351906,-0.0233645010739564,0.0008431896567344,-0.0183412712067365,0.0304082911461591,-0.0178716704249382,-0.0111683942377567,0.022332465276122,0.0328305102884769,0.0234627798199653,0.0784689635038375,0.0007905319798737,0.0165369734168052,-0.0268562529236078,-0.0854092612862587,0.0024351207539439,0.0504672862589359,0.0218623075634241,-0.1307880282402039,0.0047543914988636,-0.0056542563252151,0.011040961369872,-0.0143312336876988,0.0078003420494496,0.0354493223130703,-0.0572755225002765,0.0201850105077028,0.0164203457534313,0.0276577919721603,0.0258481167256832,0.0017315588193014,0.0007874196162447,-1.637843105584125e-08,0.0015735251363366,0.0078193005174398,0.0125687988474965,0.0,0.0162917021661996,0.0276786088943481,0.0015266796108335,0.0181818008422851,0.0030487775802612,0.01663588732481,0.0303951799869537,0.0744786486029625,-0.0169616881757974,-0.0279922746121883,0.0307576786726713,0.0048495861701667,-0.0262008495628833,-0.0152817424386739,0.0082211997359991,-0.0187441240996122,-0.0059303133748471,0.0259615834802389,0.0253542102873325,0.0633946731686592,-0.0007299437420442,-0.026865717023611,0.0343316495418548,-0.0185546465218067,0.0028248562011867,0.0058938572183251,-0.014084493741393,-0.0396226458251476,-0.0250000264495611,0.0009443086455576,-0.0139193832874298,0.0018921908922493,0.0089152958244085,-0.0320513173937797,-0.1008836477994919,-0.0135501017794013,0.0237510204315185,0.0288103595376014,-0.0055999755859375,0.0065482365898787,-0.0096540534868836,-0.0210623163729906,-0.0487408898770809,-0.0206277631223201,-0.0170794036239385,-0.0304348152130842,0.038227591663599,-0.0488006733357906,-0.0192468240857124,0.0125628625974059,-0.0238908436149358,0.0101522747427225,-0.0061188545078039,-0.0125313755124807,-0.0079155806452035,0.0649466663599014,0.0079787373542785,0.0135256638750433,-0.0580474808812141,0.0297121331095695,0.0140055669471621,-0.0560910962522029,-0.0009207436232827,0.0487132109701633,-0.0175115689635276,-0.0547350235283374,-0.0247190948575735,0.0659609511494636,-0.0097378358998518,0.0764802922955336,-0.0067415841178595,0.0650935905583613,-0.0142322490769993,0.1352992624294207,-0.0606741878235939,0.1037099972696862,-0.0142322484488311,0.2150339237013474,-0.1985839237494858,0.1421951697100802,2019-02-21,2019-02-22,2019-02-25,2019-02-26,2019-02-27,2019-02-28,2019-03-01,2019-03-04,2019-03-05,2019-03-06,81774.0,2019-02-20,252.0,1.9863%,-0.0009,1.6678,0.494,0.692,2.4348%,2.9436%,31.5820%,0.011888,FCX,81774.0,2019-02-21,252.0,-2.4719%,-0.001,1.671,0.4969,0.6979,2.4368%,2.9459%,31.5762%,-0.016711,FCX,81774.0,2019-02-22,252.0,1.5361%,-0.001,1.6701,0.4742,0.6665,2.4352%,2.9457%,31.6572%,0.011926,FCX,81774.0,2019-02-25,252.0,0.3026%,-0.0011,1.6732,0.4753,0.6784,2.4297%,2.9419%,31.7940%,0.002853,FCX,81774.0,2019-02-26,252.0,-0.6033%,-0.0011,1.6735,0.4709,0.6764,2.4297%,2.9390%,31.6552%,0.001824,FCX,81774.0,2019-02-27,252.0,-0.1517%,-0.001,1.6805,0.4578,0.6776,2.4277%,2.9390%,31.7707%,-0.0032069999999999,FCX,81774.0,2019-02-28,252.0,-1.9757%,-0.0011,1.683,0.4591,0.6822,2.4288%,2.9383%,31.6700%,-0.013045,FCX,81774.0,2019-03-01,252.0,-0.2326%,-0.0011,1.6793,0.4536,0.682,2.4300%,2.9342%,31.4135%,-0.013136,FCX,81774.0,2019-03-04,252.0,-0.6993%,-0.0012,1.6854,0.4316,0.6808,2.4285%,2.9344%,31.5073%,0.000804,FCX,81774.0,2019-03-05,252.0,0.4695%,-0.001,1.689,0.4671,0.6791,2.4247%,2.9338%,31.6967%,0.010442,FCX,81774.0,2019-03-06,252.0,-2.3365%,-0.0009,1.7028,0.4616,0.694,2.4200%,2.9370%,32.1044%,-0.003653,FCX,-0.0048229999999999,0.007103,0.009956,0.008573,-0.010015
7835,FRESH DEL MONTE PRODUCE INC,"Fresh Del Monte Produce Shares Resume Trade, Fall 4.6% Upon Resumption, Down 2.9% For Session",6,decrease,0.85,0.4,"the news indicates that fresh del monte produce's shares fell 4.6% upon resumption of trading, suggesting a negative market reaction.",0,2019-02-20,FDP,2019-02-20 19:44:00+00:00,85449.0,G3673810,-0.0513522773981094,807357.0,0.0101046804338693,-0.1706417351961136,-0.0042872074991464,0.0229451321065425,-0.0060997512191534,-0.0109164332970976,0.0115523356944322,0.0057786987163126,0.011420402675867,0.021546620875597,-0.023288631811738,0.0065359841100871,-0.0274566560983657,0.0440446063876152,0.0089152958244085,-0.0043236375786364,-0.0162003152072429,-0.0046110581606626,-0.0183383151888847,0.0080569665879011,-0.0182996392250061,0.0081225289031863,-0.0007767167990095,0.000938048120588,0.0198212303221225,0.0139504950493574,0.0041920966468751,0.0128452647477388,0.0178367849439382,0.0080932341516017,0.014541364274919,0.0003238416102249,0.0231532920151948,0.0078328913077712,0.0075430707074701,0.0059093995951116,-0.0081996275112032,-0.0006561829941347,-0.0287562627345323,0.0086035812273621,0.0051813246682286,0.0,-0.0173048339784145,0.0036532282829284,-0.0052454588003456,0.0003322335251141,0.0271186903119087,-0.0043003363534808,-0.0036670472472906,-0.0175495911389589,-0.0040486054494977,-0.0009739863453432,-0.0011086023878306,0.0134912757202982,0.0088790142908692,0.0157085340470075,-0.0227356366813182,0.0023450483568012,-0.0116322506219148,0.0132383340969681,0.0132877891883254,0.0034059425815939,0.0086174421012401,0.0367231965065002,0.0055720512755215,0.0017686323262751,-0.01920947432518,0.0031937598250806,-0.0056497030891478,-0.0003547438245732,-0.007575714495033,-0.0143356584012508,0.0053434879519045,0.0310021843761205,0.0003796594101004,0.0153733557090163,0.0056925849057734,-0.0716955661773681,0.0075471987947821,-0.0147305158898234,0.0037452611140906,-0.0292492564767599,-0.0111940018832683,-0.0429238267242908,0.0215094219893217,-0.0107691837474703,0.0033247193787246,-0.0243170615285635,-0.0058910106308758,0.0066485712304711,0.0277777779847383,0.021927086636424,0.0252252519130706,0.011875033378601,0.0372583270072937,-0.0059024118818342,-0.0023720669560134,0.0068814298138022,-0.0329484120011329,0.0088355559855699,-0.0021074628457427,-0.0411497354507446,0.0207673404365778,-0.0178306773304939,-0.0086206896230578,0.0144710093736648,-0.0024347719736397,0.0045426320284605,-0.0013947320403531,0.078732430934906,-0.0020949535537511,0.0062459083274006,-0.0185444615781307,0.002967364154756,0.0213903877884149,-0.013016584329307,0.0258289631456136,0.0108552612364292,0.0061245425604283,0.0225361622869968,0.0101046804338693,-0.1706417351961136,0.0057741520729903,-0.1516120002465355,-0.0003608200373098,-0.1608733712559024,0.022735514030324,-0.137839487090561,-0.0534103073933037,-0.0948249553782391,-0.0494405980943691,-0.0084860807201014,0.0671237993608711,-0.0174907653983581,2019-02-21,2019-02-22,2019-02-25,2019-02-26,2019-02-27,2019-02-28,2019-03-01,2019-03-04,2019-03-05,2019-03-06,85449.0,2019-02-20,252.0,-5.1352%,-0.002,0.3926,0.3426,-0.1574,2.0103%,2.0753%,6.1627%,-0.0524699999999999,FDP,85449.0,2019-02-21,252.0,1.0105%,-0.0019,0.3825,0.3248,-0.1761,2.0083%,2.0716%,6.0180%,0.011335,FDP,85449.0,2019-02-22,252.0,-0.4287%,-0.002,0.385,0.2928,-0.1754,2.0042%,2.0668%,5.9645%,-0.011248,FDP,85449.0,2019-02-25,252.0,-0.6100%,-0.0023,0.3923,0.3021,-0.1434,1.9655%,2.0284%,6.1134%,-0.006332,FDP,85449.0,2019-02-26,252.0,1.1552%,-0.0021,0.4102,0.2629,-0.1499,1.9552%,2.0212%,6.4266%,0.01354,FDP,85449.0,2019-02-27,252.0,1.1420%,-0.002,0.4162,0.2558,-0.1489,1.9550%,2.0220%,6.5165%,0.0102719999999999,FDP,85449.0,2019-02-28,252.0,-2.3289%,-0.0021,0.4228,0.2596,-0.1393,1.9591%,2.0266%,6.5476%,-0.022522,FDP,85449.0,2019-03-01,252.0,-2.7457%,-0.0022,0.4181,0.2526,-0.1328,1.9680%,2.0329%,6.2850%,-0.031901,FDP,85449.0,2019-03-04,252.0,0.8915%,-0.0022,0.4227,0.2241,-0.1309,1.9683%,2.0329%,6.2569%,0.012528,FDP,85449.0,2019-03-05,252.0,-1.6200%,-0.0022,0.4249,0.2324,-0.1246,1.9700%,2.0345%,6.2458%,-0.015191,FDP,85449.0,2019-03-06,252.0,-1.8338%,-0.0022,0.4303,0.2511,-0.116,1.9708%,2.0371%,6.4052%,-0.01188,FDP,-0.041135,-0.052383,-0.0587149999999999,-0.0349029999999999,-0.1038689999999999
7843,FRESH DEL MONTE PRODUCE INC,"Fresh Del Monte Produce Shares Remain Halted, Indicated $29-$29.80",6,uncertain,0.5,0.5,"the news indicates a price range for fresh del monte produce shares but does not provide information on the reasons for the halt or market sentiment, making the impact on stock price uncertain.",1,2019-02-20,FDP,2019-02-20 19:32:00+00:00,85449.0,G3673810,-0.0513522773981094,807357.0,0.0101046804338693,-0.1706417351961136,-0.0042872074991464,0.0229451321065425,-0.0060997512191534,-0.0109164332970976,0.0115523356944322,0.0057786987163126,0.011420402675867,0.021546620875597,-0.023288631811738,0.0065359841100871,-0.0274566560983657,0.0440446063876152,0.0089152958244085,-0.0043236375786364,-0.0162003152072429,-0.0046110581606626,-0.0183383151888847,0.0080569665879011,-0.0182996392250061,0.0081225289031863,-0.0007767167990095,0.000938048120588,0.0198212303221225,0.0139504950493574,0.0041920966468751,0.0128452647477388,0.0178367849439382,0.0080932341516017,0.014541364274919,0.0003238416102249,0.0231532920151948,0.0078328913077712,0.0075430707074701,0.0059093995951116,-0.0081996275112032,-0.0006561829941347,-0.0287562627345323,0.0086035812273621,0.0051813246682286,0.0,-0.0173048339784145,0.0036532282829284,-0.0052454588003456,0.0003322335251141,0.0271186903119087,-0.0043003363534808,-0.0036670472472906,-0.0175495911389589,-0.0040486054494977,-0.0009739863453432,-0.0011086023878306,0.0134912757202982,0.0088790142908692,0.0157085340470075,-0.0227356366813182,0.0023450483568012,-0.0116322506219148,0.0132383340969681,0.0132877891883254,0.0034059425815939,0.0086174421012401,0.0367231965065002,0.0055720512755215,0.0017686323262751,-0.01920947432518,0.0031937598250806,-0.0056497030891478,-0.0003547438245732,-0.007575714495033,-0.0143356584012508,0.0053434879519045,0.0310021843761205,0.0003796594101004,0.0153733557090163,0.0056925849057734,-0.0716955661773681,0.0075471987947821,-0.0147305158898234,0.0037452611140906,-0.0292492564767599,-0.0111940018832683,-0.0429238267242908,0.0215094219893217,-0.0107691837474703,0.0033247193787246,-0.0243170615285635,-0.0058910106308758,0.0066485712304711,0.0277777779847383,0.021927086636424,0.0252252519130706,0.011875033378601,0.0372583270072937,-0.0059024118818342,-0.0023720669560134,0.0068814298138022,-0.0329484120011329,0.0088355559855699,-0.0021074628457427,-0.0411497354507446,0.0207673404365778,-0.0178306773304939,-0.0086206896230578,0.0144710093736648,-0.0024347719736397,0.0045426320284605,-0.0013947320403531,0.078732430934906,-0.0020949535537511,0.0062459083274006,-0.0185444615781307,0.002967364154756,0.0213903877884149,-0.013016584329307,0.0258289631456136,0.0108552612364292,0.0061245425604283,0.0225361622869968,0.0101046804338693,-0.1706417351961136,0.0057741520729903,-0.1516120002465355,-0.0003608200373098,-0.1608733712559024,0.022735514030324,-0.137839487090561,-0.0534103073933037,-0.0948249553782391,-0.0494405980943691,-0.0084860807201014,0.0671237993608711,-0.0174907653983581,2019-02-21,2019-02-22,2019-02-25,2019-02-26,2019-02-27,2019-02-28,2019-03-01,2019-03-04,2019-03-05,2019-03-06,85449.0,2019-02-20,252.0,-5.1352%,-0.002,0.3926,0.3426,-0.1574,2.0103%,2.0753%,6.1627%,-0.0524699999999999,FDP,85449.0,2019-02-21,252.0,1.0105%,-0.0019,0.3825,0.3248,-0.1761,2.0083%,2.0716%,6.0180%,0.011335,FDP,85449.0,2019-02-22,252.0,-0.4287%,-0.002,0.385,0.2928,-0.1754,2.0042%,2.0668%,5.9645%,-0.011248,FDP,85449.0,2019-02-25,252.0,-0.6100%,-0.0023,0.3923,0.3021,-0.1434,1.9655%,2.0284%,6.1134%,-0.006332,FDP,85449.0,2019-02-26,252.0,1.1552%,-0.0021,0.4102,0.2629,-0.1499,1.9552%,2.0212%,6.4266%,0.01354,FDP,85449.0,2019-02-27,252.0,1.1420%,-0.002,0.4162,0.2558,-0.1489,1.9550%,2.0220%,6.5165%,0.0102719999999999,FDP,85449.0,2019-02-28,252.0,-2.3289%,-0.0021,0.4228,0.2596,-0.1393,1.9591%,2.0266%,6.5476%,-0.022522,FDP,85449.0,2019-03-01,252.0,-2.7457%,-0.0022,0.4181,0.2526,-0.1328,1.9680%,2.0329%,6.2850%,-0.031901,FDP,85449.0,2019-03-04,252.0,0.8915%,-0.0022,0.4227,0.2241,-0.1309,1.9683%,2.0329%,6.2569%,0.012528,FDP,85449.0,2019-03-05,252.0,-1.6200%,-0.0022,0.4249,0.2324,-0.1246,1.9700%,2.0345%,6.2458%,-0.015191,FDP,85449.0,2019-03-06,252.0,-1.8338%,-0.0022,0.4303,0.2511,-0.116,1.9708%,2.0371%,6.4052%,-0.01188,FDP,-0.041135,-0.052383,-0.0587149999999999,-0.0349029999999999,-0.1038689999999999
7851,FRESH DEL MONTE PRODUCE INC,"UPDATE: Fresh Del Monte, Related To Suspension Of Qtr. Dividend, Cites 'in light of the terms of the Company's credit facility'",6,decrease,0.8,0.7,"the suspension of the quarterly dividend typically signals financial distress or a need to conserve cash, which can negatively impact investor sentiment and lead to a decrease in stock price.",0,2019-02-20,FDP,2019-02-20 19:20:00+00:00,85449.0,G3673810,-0.0513522773981094,807357.0,0.0101046804338693,-0.1706417351961136,-0.0042872074991464,0.0229451321065425,-0.0060997512191534,-0.0109164332970976,0.0115523356944322,0.0057786987163126,0.011420402675867,0.021546620875597,-0.023288631811738,0.0065359841100871,-0.0274566560983657,0.0440446063876152,0.0089152958244085,-0.0043236375786364,-0.0162003152072429,-0.0046110581606626,-0.0183383151888847,0.0080569665879011,-0.0182996392250061,0.0081225289031863,-0.0007767167990095,0.000938048120588,0.0198212303221225,0.0139504950493574,0.0041920966468751,0.0128452647477388,0.0178367849439382,0.0080932341516017,0.014541364274919,0.0003238416102249,0.0231532920151948,0.0078328913077712,0.0075430707074701,0.0059093995951116,-0.0081996275112032,-0.0006561829941347,-0.0287562627345323,0.0086035812273621,0.0051813246682286,0.0,-0.0173048339784145,0.0036532282829284,-0.0052454588003456,0.0003322335251141,0.0271186903119087,-0.0043003363534808,-0.0036670472472906,-0.0175495911389589,-0.0040486054494977,-0.0009739863453432,-0.0011086023878306,0.0134912757202982,0.0088790142908692,0.0157085340470075,-0.0227356366813182,0.0023450483568012,-0.0116322506219148,0.0132383340969681,0.0132877891883254,0.0034059425815939,0.0086174421012401,0.0367231965065002,0.0055720512755215,0.0017686323262751,-0.01920947432518,0.0031937598250806,-0.0056497030891478,-0.0003547438245732,-0.007575714495033,-0.0143356584012508,0.0053434879519045,0.0310021843761205,0.0003796594101004,0.0153733557090163,0.0056925849057734,-0.0716955661773681,0.0075471987947821,-0.0147305158898234,0.0037452611140906,-0.0292492564767599,-0.0111940018832683,-0.0429238267242908,0.0215094219893217,-0.0107691837474703,0.0033247193787246,-0.0243170615285635,-0.0058910106308758,0.0066485712304711,0.0277777779847383,0.021927086636424,0.0252252519130706,0.011875033378601,0.0372583270072937,-0.0059024118818342,-0.0023720669560134,0.0068814298138022,-0.0329484120011329,0.0088355559855699,-0.0021074628457427,-0.0411497354507446,0.0207673404365778,-0.0178306773304939,-0.0086206896230578,0.0144710093736648,-0.0024347719736397,0.0045426320284605,-0.0013947320403531,0.078732430934906,-0.0020949535537511,0.0062459083274006,-0.0185444615781307,0.002967364154756,0.0213903877884149,-0.013016584329307,0.0258289631456136,0.0108552612364292,0.0061245425604283,0.0225361622869968,0.0101046804338693,-0.1706417351961136,0.0057741520729903,-0.1516120002465355,-0.0003608200373098,-0.1608733712559024,0.022735514030324,-0.137839487090561,-0.0534103073933037,-0.0948249553782391,-0.0494405980943691,-0.0084860807201014,0.0671237993608711,-0.0174907653983581,2019-02-21,2019-02-22,2019-02-25,2019-02-26,2019-02-27,2019-02-28,2019-03-01,2019-03-04,2019-03-05,2019-03-06,85449.0,2019-02-20,252.0,-5.1352%,-0.002,0.3926,0.3426,-0.1574,2.0103%,2.0753%,6.1627%,-0.0524699999999999,FDP,85449.0,2019-02-21,252.0,1.0105%,-0.0019,0.3825,0.3248,-0.1761,2.0083%,2.0716%,6.0180%,0.011335,FDP,85449.0,2019-02-22,252.0,-0.4287%,-0.002,0.385,0.2928,-0.1754,2.0042%,2.0668%,5.9645%,-0.011248,FDP,85449.0,2019-02-25,252.0,-0.6100%,-0.0023,0.3923,0.3021,-0.1434,1.9655%,2.0284%,6.1134%,-0.006332,FDP,85449.0,2019-02-26,252.0,1.1552%,-0.0021,0.4102,0.2629,-0.1499,1.9552%,2.0212%,6.4266%,0.01354,FDP,85449.0,2019-02-27,252.0,1.1420%,-0.002,0.4162,0.2558,-0.1489,1.9550%,2.0220%,6.5165%,0.0102719999999999,FDP,85449.0,2019-02-28,252.0,-2.3289%,-0.0021,0.4228,0.2596,-0.1393,1.9591%,2.0266%,6.5476%,-0.022522,FDP,85449.0,2019-03-01,252.0,-2.7457%,-0.0022,0.4181,0.2526,-0.1328,1.9680%,2.0329%,6.2850%,-0.031901,FDP,85449.0,2019-03-04,252.0,0.8915%,-0.0022,0.4227,0.2241,-0.1309,1.9683%,2.0329%,6.2569%,0.012528,FDP,85449.0,2019-03-05,252.0,-1.6200%,-0.0022,0.4249,0.2324,-0.1246,1.9700%,2.0345%,6.2458%,-0.015191,FDP,85449.0,2019-03-06,252.0,-1.8338%,-0.0022,0.4303,0.2511,-0.116,1.9708%,2.0371%,6.4052%,-0.01188,FDP,-0.041135,-0.052383,-0.0587149999999999,-0.0349029999999999,-0.1038689999999999
7859,FRESH DEL MONTE PRODUCE INC,Fresh Del Monte Produce Reports Suspending Qtr. Dividend,6,decrease,0.8,0.7,"suspending a quarterly dividend typically signals financial distress or a need to conserve cash, which can lead to a decrease in investor confidence and a subsequent drop in stock price.",0,2019-02-20,FDP,2019-02-20 19:19:00+00:00,85449.0,G3673810,-0.0513522773981094,807357.0,0.0101046804338693,-0.1706417351961136,-0.0042872074991464,0.0229451321065425,-0.0060997512191534,-0.0109164332970976,0.0115523356944322,0.0057786987163126,0.011420402675867,0.021546620875597,-0.023288631811738,0.0065359841100871,-0.0274566560983657,0.0440446063876152,0.0089152958244085,-0.0043236375786364,-0.0162003152072429,-0.0046110581606626,-0.0183383151888847,0.0080569665879011,-0.0182996392250061,0.0081225289031863,-0.0007767167990095,0.000938048120588,0.0198212303221225,0.0139504950493574,0.0041920966468751,0.0128452647477388,0.0178367849439382,0.0080932341516017,0.014541364274919,0.0003238416102249,0.0231532920151948,0.0078328913077712,0.0075430707074701,0.0059093995951116,-0.0081996275112032,-0.0006561829941347,-0.0287562627345323,0.0086035812273621,0.0051813246682286,0.0,-0.0173048339784145,0.0036532282829284,-0.0052454588003456,0.0003322335251141,0.0271186903119087,-0.0043003363534808,-0.0036670472472906,-0.0175495911389589,-0.0040486054494977,-0.0009739863453432,-0.0011086023878306,0.0134912757202982,0.0088790142908692,0.0157085340470075,-0.0227356366813182,0.0023450483568012,-0.0116322506219148,0.0132383340969681,0.0132877891883254,0.0034059425815939,0.0086174421012401,0.0367231965065002,0.0055720512755215,0.0017686323262751,-0.01920947432518,0.0031937598250806,-0.0056497030891478,-0.0003547438245732,-0.007575714495033,-0.0143356584012508,0.0053434879519045,0.0310021843761205,0.0003796594101004,0.0153733557090163,0.0056925849057734,-0.0716955661773681,0.0075471987947821,-0.0147305158898234,0.0037452611140906,-0.0292492564767599,-0.0111940018832683,-0.0429238267242908,0.0215094219893217,-0.0107691837474703,0.0033247193787246,-0.0243170615285635,-0.0058910106308758,0.0066485712304711,0.0277777779847383,0.021927086636424,0.0252252519130706,0.011875033378601,0.0372583270072937,-0.0059024118818342,-0.0023720669560134,0.0068814298138022,-0.0329484120011329,0.0088355559855699,-0.0021074628457427,-0.0411497354507446,0.0207673404365778,-0.0178306773304939,-0.0086206896230578,0.0144710093736648,-0.0024347719736397,0.0045426320284605,-0.0013947320403531,0.078732430934906,-0.0020949535537511,0.0062459083274006,-0.0185444615781307,0.002967364154756,0.0213903877884149,-0.013016584329307,0.0258289631456136,0.0108552612364292,0.0061245425604283,0.0225361622869968,0.0101046804338693,-0.1706417351961136,0.0057741520729903,-0.1516120002465355,-0.0003608200373098,-0.1608733712559024,0.022735514030324,-0.137839487090561,-0.0534103073933037,-0.0948249553782391,-0.0494405980943691,-0.0084860807201014,0.0671237993608711,-0.0174907653983581,2019-02-21,2019-02-22,2019-02-25,2019-02-26,2019-02-27,2019-02-28,2019-03-01,2019-03-04,2019-03-05,2019-03-06,85449.0,2019-02-20,252.0,-5.1352%,-0.002,0.3926,0.3426,-0.1574,2.0103%,2.0753%,6.1627%,-0.0524699999999999,FDP,85449.0,2019-02-21,252.0,1.0105%,-0.0019,0.3825,0.3248,-0.1761,2.0083%,2.0716%,6.0180%,0.011335,FDP,85449.0,2019-02-22,252.0,-0.4287%,-0.002,0.385,0.2928,-0.1754,2.0042%,2.0668%,5.9645%,-0.011248,FDP,85449.0,2019-02-25,252.0,-0.6100%,-0.0023,0.3923,0.3021,-0.1434,1.9655%,2.0284%,6.1134%,-0.006332,FDP,85449.0,2019-02-26,252.0,1.1552%,-0.0021,0.4102,0.2629,-0.1499,1.9552%,2.0212%,6.4266%,0.01354,FDP,85449.0,2019-02-27,252.0,1.1420%,-0.002,0.4162,0.2558,-0.1489,1.9550%,2.0220%,6.5165%,0.0102719999999999,FDP,85449.0,2019-02-28,252.0,-2.3289%,-0.0021,0.4228,0.2596,-0.1393,1.9591%,2.0266%,6.5476%,-0.022522,FDP,85449.0,2019-03-01,252.0,-2.7457%,-0.0022,0.4181,0.2526,-0.1328,1.9680%,2.0329%,6.2850%,-0.031901,FDP,85449.0,2019-03-04,252.0,0.8915%,-0.0022,0.4227,0.2241,-0.1309,1.9683%,2.0329%,6.2569%,0.012528,FDP,85449.0,2019-03-05,252.0,-1.6200%,-0.0022,0.4249,0.2324,-0.1246,1.9700%,2.0345%,6.2458%,-0.015191,FDP,85449.0,2019-03-06,252.0,-1.8338%,-0.0022,0.4303,0.2511,-0.116,1.9708%,2.0371%,6.4052%,-0.01188,FDP,-0.041135,-0.052383,-0.0587149999999999,-0.0349029999999999,-0.1038689999999999
7867,FRESH DEL MONTE PRODUCE INC,Fresh Del Monte Shares Halted News Pending,6,uncertain,0.7,0.5,"the halting of shares typically indicates that significant news is forthcoming, which could lead to either an increase or decrease in stock price depending on the nature of the news.",1,2019-02-20,FDP,2019-02-20 19:01:00+00:00,85449.0,G3673810,-0.0513522773981094,807357.0,0.0101046804338693,-0.1706417351961136,-0.0042872074991464,0.0229451321065425,-0.0060997512191534,-0.0109164332970976,0.0115523356944322,0.0057786987163126,0.011420402675867,0.021546620875597,-0.023288631811738,0.0065359841100871,-0.0274566560983657,0.0440446063876152,0.0089152958244085,-0.0043236375786364,-0.0162003152072429,-0.0046110581606626,-0.0183383151888847,0.0080569665879011,-0.0182996392250061,0.0081225289031863,-0.0007767167990095,0.000938048120588,0.0198212303221225,0.0139504950493574,0.0041920966468751,0.0128452647477388,0.0178367849439382,0.0080932341516017,0.014541364274919,0.0003238416102249,0.0231532920151948,0.0078328913077712,0.0075430707074701,0.0059093995951116,-0.0081996275112032,-0.0006561829941347,-0.0287562627345323,0.0086035812273621,0.0051813246682286,0.0,-0.0173048339784145,0.0036532282829284,-0.0052454588003456,0.0003322335251141,0.0271186903119087,-0.0043003363534808,-0.0036670472472906,-0.0175495911389589,-0.0040486054494977,-0.0009739863453432,-0.0011086023878306,0.0134912757202982,0.0088790142908692,0.0157085340470075,-0.0227356366813182,0.0023450483568012,-0.0116322506219148,0.0132383340969681,0.0132877891883254,0.0034059425815939,0.0086174421012401,0.0367231965065002,0.0055720512755215,0.0017686323262751,-0.01920947432518,0.0031937598250806,-0.0056497030891478,-0.0003547438245732,-0.007575714495033,-0.0143356584012508,0.0053434879519045,0.0310021843761205,0.0003796594101004,0.0153733557090163,0.0056925849057734,-0.0716955661773681,0.0075471987947821,-0.0147305158898234,0.0037452611140906,-0.0292492564767599,-0.0111940018832683,-0.0429238267242908,0.0215094219893217,-0.0107691837474703,0.0033247193787246,-0.0243170615285635,-0.0058910106308758,0.0066485712304711,0.0277777779847383,0.021927086636424,0.0252252519130706,0.011875033378601,0.0372583270072937,-0.0059024118818342,-0.0023720669560134,0.0068814298138022,-0.0329484120011329,0.0088355559855699,-0.0021074628457427,-0.0411497354507446,0.0207673404365778,-0.0178306773304939,-0.0086206896230578,0.0144710093736648,-0.0024347719736397,0.0045426320284605,-0.0013947320403531,0.078732430934906,-0.0020949535537511,0.0062459083274006,-0.0185444615781307,0.002967364154756,0.0213903877884149,-0.013016584329307,0.0258289631456136,0.0108552612364292,0.0061245425604283,0.0225361622869968,0.0101046804338693,-0.1706417351961136,0.0057741520729903,-0.1516120002465355,-0.0003608200373098,-0.1608733712559024,0.022735514030324,-0.137839487090561,-0.0534103073933037,-0.0948249553782391,-0.0494405980943691,-0.0084860807201014,0.0671237993608711,-0.0174907653983581,2019-02-21,2019-02-22,2019-02-25,2019-02-26,2019-02-27,2019-02-28,2019-03-01,2019-03-04,2019-03-05,2019-03-06,85449.0,2019-02-20,252.0,-5.1352%,-0.002,0.3926,0.3426,-0.1574,2.0103%,2.0753%,6.1627%,-0.0524699999999999,FDP,85449.0,2019-02-21,252.0,1.0105%,-0.0019,0.3825,0.3248,-0.1761,2.0083%,2.0716%,6.0180%,0.011335,FDP,85449.0,2019-02-22,252.0,-0.4287%,-0.002,0.385,0.2928,-0.1754,2.0042%,2.0668%,5.9645%,-0.011248,FDP,85449.0,2019-02-25,252.0,-0.6100%,-0.0023,0.3923,0.3021,-0.1434,1.9655%,2.0284%,6.1134%,-0.006332,FDP,85449.0,2019-02-26,252.0,1.1552%,-0.0021,0.4102,0.2629,-0.1499,1.9552%,2.0212%,6.4266%,0.01354,FDP,85449.0,2019-02-27,252.0,1.1420%,-0.002,0.4162,0.2558,-0.1489,1.9550%,2.0220%,6.5165%,0.0102719999999999,FDP,85449.0,2019-02-28,252.0,-2.3289%,-0.0021,0.4228,0.2596,-0.1393,1.9591%,2.0266%,6.5476%,-0.022522,FDP,85449.0,2019-03-01,252.0,-2.7457%,-0.0022,0.4181,0.2526,-0.1328,1.9680%,2.0329%,6.2850%,-0.031901,FDP,85449.0,2019-03-04,252.0,0.8915%,-0.0022,0.4227,0.2241,-0.1309,1.9683%,2.0329%,6.2569%,0.012528,FDP,85449.0,2019-03-05,252.0,-1.6200%,-0.0022,0.4249,0.2324,-0.1246,1.9700%,2.0345%,6.2458%,-0.015191,FDP,85449.0,2019-03-06,252.0,-1.8338%,-0.0022,0.4303,0.2511,-0.116,1.9708%,2.0371%,6.4052%,-0.01188,FDP,-0.041135,-0.052383,-0.0587149999999999,-0.0349029999999999,-0.1038689999999999
7875,FOOT LOCKER INC,Foot Locker Reports $275M Capital Expenditures Program,6,increase,0.7,0.6,"the announcement of a $275m capital expenditures program suggests that foot locker is investing in growth and expansion, which could positively influence investor sentiment and lead to an increase in stock price.",2,2019-02-20,FL,2019-02-20 21:04:00+00:00,15456.0,34484910,0.0036770415026694,1913405.0,-0.0006661268416792,0.0091077908873558,-0.0061656213365495,0.0059382813051342,0.002682760823518,0.0135855041444301,-0.0152173889800906,0.0037977078463882,0.0081507815048098,0.0173867531120777,0.0025265542790293,0.0079659577459096,0.059643805027008,-0.0014141420833766,0.0044394922442734,-0.0017645752523094,-0.0089976275339722,0.0,0.0058936406858265,0.0146821793168783,-0.0163104124367237,0.0143479313701391,-0.0328396186232566,-0.0148505643010139,-0.0038282847963273,-0.0139379128813743,0.0041771093383431,0.0022988694254308,-0.0066555361263453,-0.002997213974595,-0.0058626849204301,-0.0005286128725856,-0.0062341862358152,0.0024730504956096,0.0147507451474666,-0.0014111486962065,0.0116959195584058,-0.006310265045613,-0.0175061523914337,-0.0226143524050712,0.0055471174418926,0.0135439969599247,-0.0486459359526634,0.0270342193543911,0.0238973926752805,-0.0106980111449956,-0.0006864753086119,0.0036965161561965,0.0121930120512843,0.0054867500439286,0.0244316682219505,0.0139985419809818,0.0036435476504266,-0.0106533821672201,0.0099010281264781,-0.0081014279276132,-0.008986915461719,0.0067375395447015,0.0189612153917551,0.0276968013495206,0.0428802222013473,0.0273306425660848,-0.0116368690505623,0.012509474530816,-0.0058084605261683,-0.0082707228139042,-0.0350544936954975,0.0175975896418094,0.0021273288875818,0.0071277003735303,-0.0084911892190575,0.0063977898098528,0.0194334704428911,0.0541590340435504,0.0180936809629201,0.0034865050110965,0.0087273763492703,0.0175292193889617,-0.0067642186768352,0.0113971522077918,-0.0149776712059974,-0.03207353875041,-0.0347784124314785,0.0279294811189174,0.0095525979995727,-0.0332927219569683,0.0258963722735643,-0.0136163458228111,-0.0224919002503156,-0.0381355844438076,-0.0177122950553894,-0.0049827927723526,-0.0092686088755726,-0.0062844795174896,-0.0268753487616777,-0.0101790940389037,-0.0195769779384136,-0.0260694324970245,-0.0048137004487216,-0.0083742775022983,-0.0098530855029821,-0.0241606067866087,-0.0164646245539188,-0.001950365374796,-0.0022074859589338,0.0186021775007247,0.0313421264290809,-0.0147687159478664,0.0166249610483646,0.0262966118752956,0.0133638503029942,-0.0094066653400659,-0.0275897998362779,0.04380664229393,0.011420402675867,0.0,-0.0148200448602438,0.1490561664104462,-0.0066260555759072,-0.055726308375597,-0.0006661268416792,0.0091077908873558,-0.0068276410923607,0.0151001568168476,-0.0041631971968824,0.0288908042042945,-0.0113239022279925,0.0507552387394771,0.0516236866728443,0.0712623724049033,0.0291423852931822,0.0967277647997064,-0.0706767241668741,0.2331165533607846,2019-02-21,2019-02-22,2019-02-25,2019-02-26,2019-02-27,2019-02-28,2019-03-01,2019-03-04,2019-03-05,2019-03-06,15456.0,2019-02-20,252.0,0.3677%,0.0012,0.8534,0.8432,0.5306,2.5467%,2.7057%,11.4090%,-0.002819,FL,15456.0,2019-02-21,252.0,-0.0666%,0.0012,0.8484,0.8336,0.5213,2.5457%,2.7023%,11.2593%,0.004202,FL,15456.0,2019-02-22,252.0,-0.6166%,0.0012,0.8498,0.8317,0.5367,2.5464%,2.7026%,11.2269%,-0.008701,FL,15456.0,2019-02-25,252.0,0.2683%,0.0012,0.8494,0.8297,0.5343,2.5464%,2.7025%,11.2164%,0.004436,FL,15456.0,2019-02-26,252.0,-1.5217%,0.0012,0.8575,0.8332,0.5421,2.5460%,2.7045%,11.3739%,-0.006885,FL,15456.0,2019-02-27,252.0,0.8151%,0.0012,0.8505,0.8471,0.541,2.5442%,2.7016%,11.3098%,0.006347,FL,15456.0,2019-02-28,252.0,0.2527%,0.0013,0.8359,0.8372,0.5292,2.5394%,2.6913%,10.9717%,0.006246,FL,15456.0,2019-03-01,252.0,5.9644%,0.0016,0.8339,0.8344,0.5021,2.5567%,2.7067%,10.7783%,0.053224,FL,15456.0,2019-03-04,252.0,0.4439%,0.0016,0.8326,0.8311,0.5042,2.5573%,2.7068%,10.7405%,0.010065,FL,15456.0,2019-03-05,252.0,-0.8998%,0.0022,0.8658,1.0855,0.5299,2.3909%,2.5818%,14.2421%,-0.003886,FL,15456.0,2019-03-06,252.0,0.5894%,0.0021,0.839,1.0498,0.4948,2.3875%,2.5710%,13.7668%,0.026542,FL,0.001383,-0.007318,-0.002882,-0.0034199999999999,0.088771
7883,FOOT LOCKER INC,"Foot Locker Reports Reports $1.2B Buyback, Raises Quarterly Dividend From $0.345 To $0.38/Share",6,increase,0.8,0.6,"the announcement of a significant buyback and an increase in the quarterly dividend typically signals financial strength and can boost investor confidence, likely leading to an increase in stock price.",2,2019-02-20,FL,2019-02-20 21:04:00+00:00,15456.0,34484910,0.0036770415026694,1913405.0,-0.0006661268416792,0.0091077908873558,-0.0061656213365495,0.0059382813051342,0.002682760823518,0.0135855041444301,-0.0152173889800906,0.0037977078463882,0.0081507815048098,0.0173867531120777,0.0025265542790293,0.0079659577459096,0.059643805027008,-0.0014141420833766,0.0044394922442734,-0.0017645752523094,-0.0089976275339722,0.0,0.0058936406858265,0.0146821793168783,-0.0163104124367237,0.0143479313701391,-0.0328396186232566,-0.0148505643010139,-0.0038282847963273,-0.0139379128813743,0.0041771093383431,0.0022988694254308,-0.0066555361263453,-0.002997213974595,-0.0058626849204301,-0.0005286128725856,-0.0062341862358152,0.0024730504956096,0.0147507451474666,-0.0014111486962065,0.0116959195584058,-0.006310265045613,-0.0175061523914337,-0.0226143524050712,0.0055471174418926,0.0135439969599247,-0.0486459359526634,0.0270342193543911,0.0238973926752805,-0.0106980111449956,-0.0006864753086119,0.0036965161561965,0.0121930120512843,0.0054867500439286,0.0244316682219505,0.0139985419809818,0.0036435476504266,-0.0106533821672201,0.0099010281264781,-0.0081014279276132,-0.008986915461719,0.0067375395447015,0.0189612153917551,0.0276968013495206,0.0428802222013473,0.0273306425660848,-0.0116368690505623,0.012509474530816,-0.0058084605261683,-0.0082707228139042,-0.0350544936954975,0.0175975896418094,0.0021273288875818,0.0071277003735303,-0.0084911892190575,0.0063977898098528,0.0194334704428911,0.0541590340435504,0.0180936809629201,0.0034865050110965,0.0087273763492703,0.0175292193889617,-0.0067642186768352,0.0113971522077918,-0.0149776712059974,-0.03207353875041,-0.0347784124314785,0.0279294811189174,0.0095525979995727,-0.0332927219569683,0.0258963722735643,-0.0136163458228111,-0.0224919002503156,-0.0381355844438076,-0.0177122950553894,-0.0049827927723526,-0.0092686088755726,-0.0062844795174896,-0.0268753487616777,-0.0101790940389037,-0.0195769779384136,-0.0260694324970245,-0.0048137004487216,-0.0083742775022983,-0.0098530855029821,-0.0241606067866087,-0.0164646245539188,-0.001950365374796,-0.0022074859589338,0.0186021775007247,0.0313421264290809,-0.0147687159478664,0.0166249610483646,0.0262966118752956,0.0133638503029942,-0.0094066653400659,-0.0275897998362779,0.04380664229393,0.011420402675867,0.0,-0.0148200448602438,0.1490561664104462,-0.0066260555759072,-0.055726308375597,-0.0006661268416792,0.0091077908873558,-0.0068276410923607,0.0151001568168476,-0.0041631971968824,0.0288908042042945,-0.0113239022279925,0.0507552387394771,0.0516236866728443,0.0712623724049033,0.0291423852931822,0.0967277647997064,-0.0706767241668741,0.2331165533607846,2019-02-21,2019-02-22,2019-02-25,2019-02-26,2019-02-27,2019-02-28,2019-03-01,2019-03-04,2019-03-05,2019-03-06,15456.0,2019-02-20,252.0,0.3677%,0.0012,0.8534,0.8432,0.5306,2.5467%,2.7057%,11.4090%,-0.002819,FL,15456.0,2019-02-21,252.0,-0.0666%,0.0012,0.8484,0.8336,0.5213,2.5457%,2.7023%,11.2593%,0.004202,FL,15456.0,2019-02-22,252.0,-0.6166%,0.0012,0.8498,0.8317,0.5367,2.5464%,2.7026%,11.2269%,-0.008701,FL,15456.0,2019-02-25,252.0,0.2683%,0.0012,0.8494,0.8297,0.5343,2.5464%,2.7025%,11.2164%,0.004436,FL,15456.0,2019-02-26,252.0,-1.5217%,0.0012,0.8575,0.8332,0.5421,2.5460%,2.7045%,11.3739%,-0.006885,FL,15456.0,2019-02-27,252.0,0.8151%,0.0012,0.8505,0.8471,0.541,2.5442%,2.7016%,11.3098%,0.006347,FL,15456.0,2019-02-28,252.0,0.2527%,0.0013,0.8359,0.8372,0.5292,2.5394%,2.6913%,10.9717%,0.006246,FL,15456.0,2019-03-01,252.0,5.9644%,0.0016,0.8339,0.8344,0.5021,2.5567%,2.7067%,10.7783%,0.053224,FL,15456.0,2019-03-04,252.0,0.4439%,0.0016,0.8326,0.8311,0.5042,2.5573%,2.7068%,10.7405%,0.010065,FL,15456.0,2019-03-05,252.0,-0.8998%,0.0022,0.8658,1.0855,0.5299,2.3909%,2.5818%,14.2421%,-0.003886,FL,15456.0,2019-03-06,252.0,0.5894%,0.0021,0.839,1.0498,0.4948,2.3875%,2.5710%,13.7668%,0.026542,FL,0.001383,-0.007318,-0.002882,-0.0034199999999999,0.088771
7891,FLUOR CORP NEW,Fluor Awarded Halliburton Chemicals Project In Saudi Arabia; Terms Not Disclosed,6,increase,0.7,0.6,"the award of a project, especially in a significant market like saudi arabia, is likely to be viewed positively by investors, suggesting potential revenue growth for fluor corp.",2,2019-02-20,FLR,2019-02-20 15:19:00+00:00,88853.0,34341210,0.018918938934803,3509871.0,0.0031829953659325,0.019002990797162,0.0150713827461004,0.017371891066432,-0.0112008415162563,-0.0119047705084085,0.0089568011462688,-0.0141921527683734,0.0026110259350389,0.065116211771965,-0.0208334121853113,-0.0023201280273497,0.0013297911500558,-0.0080552008002996,0.0064103016629815,-0.0389825813472271,-0.0066348193213343,0.0123145431280136,-0.0168314464390277,-0.0129834590479731,-0.0116847911849618,-0.0033039352856576,0.0041243201121687,-0.0068362047895789,0.0180722847580909,0.0082712778821587,0.002689576940611,0.0008277808665297,0.0139485104009509,-0.0052154441364109,-0.0058200373314321,-0.0238477867096662,0.0042575793340802,0.0135795762762427,0.00953886564821,0.0090435184538364,-0.0107611510902643,-0.0137837380170822,-0.0156540237367153,-0.0397092886269092,0.011859904974699,0.0315930470824241,-0.0519446097314357,0.0249725542962551,-0.0028097352478653,-0.0016438732855021,0.0132430931553244,-0.0051784855313599,0.0027809313032776,0.0013646080624312,0.0171935353428125,0.0143964691087603,0.0032715084962546,0.0089385388419032,0.0500000044703483,0.0144516378641128,-0.0036231726408004,0.0108851641416549,0.0114285359159112,0.0231536030769348,0.0243965275585651,0.0540624037384986,0.0160441063344478,-0.0173041801899671,-0.0074019059538841,0.0229812990874052,-0.0253542251884937,0.0116242803633213,0.0135170267894864,-0.0099533926695585,0.0284347552806139,-0.0049520223401486,0.0075850593857467,0.0773591771721839,-0.0162700824439525,-0.0079391254112124,0.0012343385023996,-0.0264090076088905,0.0036981683224439,-0.0278647858649492,0.0083517599850893,-0.0135886510834097,0.0073081422597169,-0.0061387582682073,0.0050786677747964,-0.0097264340147376,-0.0098652513697743,-0.0187890622764825,-0.0311057735234499,-0.0170038640499115,-0.0032605282030999,0.0091716386377811,-0.0035229793284088,-0.0534864142537117,0.0032828554976731,-0.022447295486927,-0.0145984906703233,-0.0216925907880067,-0.2408685088157654,-0.0366356596350669,-0.0134589374065399,-0.0628627240657806,-0.0105729699134826,0.015636458992958,0.0179248694330453,-0.003651448758319,-0.0091432593762874,-0.0172248184680938,0.0222146138548851,0.0267747528851032,0.027415569871664,-0.0123726865276694,-0.0390497520565986,0.0251181833446025,0.0128682404756546,-0.0348055884242057,-0.0070210327394306,0.006280152592808,-0.0067340321838855,-0.0515463910996913,0.0031829953659325,0.019002990797162,0.018302350253472,0.0367049997496586,0.0068965070126516,0.0243632646427192,0.0185676594193826,0.0755813456988219,-0.0183976451099443,0.0220994228035418,0.0386846516859646,0.084407998646691,-0.2131176707802888,-0.1480444129387864,2019-02-21,2019-02-22,2019-02-25,2019-02-26,2019-02-27,2019-02-28,2019-03-01,2019-03-04,2019-03-05,2019-03-06,88853.0,2019-02-20,252.0,1.8919%,-0.0012,1.4946,0.4047,1.0134,2.1762%,2.6126%,30.6187%,0.00962,FLR,88853.0,2019-02-21,252.0,0.3183%,-0.0012,1.4995,0.4174,1.0222,2.1734%,2.6122%,30.7764%,0.011227,FLR,88853.0,2019-02-22,252.0,1.5071%,-0.0011,1.4963,0.4333,0.9982,2.1759%,2.6135%,30.6837%,0.017956,FLR,88853.0,2019-02-25,252.0,-1.1201%,-0.0012,1.4983,0.44,1.009,2.1742%,2.6130%,30.7656%,-0.010622,FLR,88853.0,2019-02-26,252.0,0.8957%,-0.0011,1.5054,0.4073,0.9978,2.1743%,2.6138%,30.8022%,0.0174,FLR,88853.0,2019-02-27,252.0,0.2611%,-0.001,1.5079,0.4034,0.9982,2.1740%,2.6133%,30.7929%,0.00158,FLR,88853.0,2019-02-28,252.0,-2.0833%,-0.0011,1.5143,0.4074,1.0058,2.1751%,2.6151%,30.8236%,-0.013844,FLR,88853.0,2019-03-01,252.0,0.1330%,-0.0012,1.5197,0.4153,1.0168,2.1743%,2.6143%,30.8300%,-0.006821,FLR,88853.0,2019-03-04,252.0,0.6410%,-0.0011,1.516,0.4158,1.0204,2.1757%,2.6121%,30.6276%,0.0119189999999999,FLR,88853.0,2019-03-05,252.0,-0.6635%,-0.0011,1.5147,0.4063,1.0192,2.1754%,2.6105%,30.5550%,-0.00041,FLR,88853.0,2019-03-06,252.0,-1.6831%,-0.0011,1.5181,0.3996,1.0221,2.1749%,2.6116%,30.6477%,0.0005149999999999,FLR,0.020847,0.038803,0.028181,0.047161,0.03852
7899,FLOWSERVE CORP,"Flowserve Sees FY19 Adj. EPS $1.95-$2.15 vs $2.16 Estimate, Sales Growth 4-6% Year Over Year",6,decrease,0.7,0.5,"the adjusted eps guidance is below the analyst estimate, which may lead to negative sentiment among investors and a potential decrease in stock price.",0,2019-02-20,FLS,2019-02-20 21:14:00+00:00,30940.0,34354P10,0.0110099613666534,2311830.0,-0.0291099343448877,-0.0115110771730542,0.0043140803463757,0.0310746356844902,-0.0045103714801371,-0.0032265330664813,-0.0148867024108767,0.0157308541238308,-0.0041611613705754,0.0290018189698457,-0.0233121030032634,0.0159890539944171,0.0132852997630834,0.0004570488817989,-0.016666667535901,-0.0273394826799631,-0.010621496476233,0.0062626390717923,-0.0159889664500951,0.0060756178572773,0.0,0.0109190074726939,-0.0030176662839949,-0.0018165719229727,0.0249126814305782,0.0093972003087401,0.0118128228932619,0.0174906719475984,0.0049393218941986,0.0214388165622949,-0.0062555582262575,-0.0182413198053836,-0.0044964202679693,0.0251738019287586,0.0205510351806879,0.0072446083649992,-0.0006638367194682,-0.0107501372694969,-0.0004428799438755,-0.0287702530622482,0.0146211758255958,0.0230239108204841,-0.0500000193715095,0.0139591293409466,0.001838699914515,0.0026544549036771,0.0135352183133363,-0.0004824037314392,0.0020371242426335,-0.0021660686470568,0.014908542856574,-0.0019217350054532,0.0089404936879873,0.0195934157818555,0.0292423516511917,0.0207500457763671,0.0049504851922392,0.0243278052657842,0.0049260985106229,0.0211819428950548,0.0151322018355131,0.0496843643486499,0.0069283647462725,-0.0411101952195167,0.0050042052753269,0.0044712824746966,-0.0112033383920788,0.0098273288458585,0.0031473252456635,-0.0073819872923195,0.0142229720950126,-0.0075876740738749,0.0098989382386207,0.0649206414818763,-0.008576720021665,-0.0413995534181594,0.0115345288068056,-0.019381919875741,-0.0054978709667921,-0.0225294679403305,0.0124897751957178,-0.0138853630051016,0.0084933908656239,-0.0277368929237127,0.0056146499700844,-0.0246588159352541,-0.0083749145269393,-0.0391074456274509,-0.0247335527092218,-0.0335704386234283,0.0117525709792971,0.006263954564929,0.0105971153825521,0.0029167840257287,-0.0112926270812749,-0.0182819776237011,-0.001835613977164,-0.0130434455350041,-0.0281977374106645,-0.0094745615497231,0.0933557301759719,-0.0495293065905571,-0.0203846413642168,0.007215054705739,-0.0257164817303419,0.0161289609968662,-0.0092686461284756,-0.0031321302521973,-0.0020337295718491,0.0381530076265335,0.0138577604666352,-0.0102982092648744,-0.0333668328821659,0.0362383536994457,0.0220420323312282,-0.0280898716300725,0.0126144234091043,-0.0049451636150479,0.0277275685220956,-0.0475118458271026,-0.0291099343448877,-0.0115110771730542,-0.0249214365941535,0.0192058559819472,-0.0293194031374324,0.01591735458607,-0.0477486651696585,0.061825538751868,-0.0978010082545151,0.0627812985404649,-0.0132092948438539,0.2350940723189316,0.0757533668130991,-0.0277221998859455,2019-02-21,2019-02-22,2019-02-25,2019-02-26,2019-02-27,2019-02-28,2019-03-01,2019-03-04,2019-03-05,2019-03-06,30940.0,2019-02-20,252.0,1.1010%,0.0005,1.4922,0.6099,0.6579,1.4411%,2.0723%,51.6421%,0.003038,FLS,30940.0,2019-02-21,252.0,-2.9110%,0.0004,1.499,0.6189,0.6705,1.4476%,2.0801%,51.5691%,-0.021749,FLS,30940.0,2019-02-22,252.0,0.4314%,0.0004,1.499,0.6171,0.6689,1.4476%,2.0802%,51.5762%,0.0009229999999999,FLS,30940.0,2019-02-25,252.0,-0.4510%,0.0004,1.4987,0.619,0.6688,1.4477%,2.0802%,51.5648%,-0.00405,FLS,30940.0,2019-02-26,252.0,-1.4887%,0.0004,1.5029,0.6245,0.6746,1.4481%,2.0803%,51.5450%,-0.00642,FLS,30940.0,2019-02-27,252.0,-0.4161%,0.0004,1.5021,0.6239,0.6745,1.4486%,2.0785%,51.4238%,-0.005991,FLS,30940.0,2019-02-28,252.0,-2.3312%,0.0003,1.5048,0.6251,0.6805,1.4528%,2.0794%,51.1885%,-0.017194,FLS,30940.0,2019-03-01,252.0,1.3285%,0.0004,1.4958,0.6117,0.6652,1.4494%,2.0677%,50.8600%,0.00327,FLS,30940.0,2019-03-04,252.0,-1.6667%,0.0004,1.4895,0.6411,0.6649,1.4472%,2.0632%,50.7986%,-0.009126,FLS,30940.0,2019-03-05,252.0,-1.0621%,0.0003,1.4877,0.6242,0.6655,1.4457%,2.0578%,50.6438%,-0.004596,FLS,30940.0,2019-03-06,252.0,-1.5989%,0.0003,1.4798,0.6221,0.6562,1.4439%,2.0534%,50.5547%,0.004017,FLS,-0.018711,-0.017788,-0.021838,-0.034249,-0.057878
7907,FLOWSERVE CORP,"Flowserve Q4 EPS $0.58, Inline, Sales $986.867M Miss $1.06B Estimate",6,decrease,0.75,0.6,"the earnings per share (eps) met expectations, but the significant miss in sales compared to estimates is likely to negatively impact investor sentiment and lead to a decrease in stock price.",0,2019-02-20,FLS,2019-02-20 21:13:00+00:00,30940.0,34354P10,0.0110099613666534,2311830.0,-0.0291099343448877,-0.0115110771730542,0.0043140803463757,0.0310746356844902,-0.0045103714801371,-0.0032265330664813,-0.0148867024108767,0.0157308541238308,-0.0041611613705754,0.0290018189698457,-0.0233121030032634,0.0159890539944171,0.0132852997630834,0.0004570488817989,-0.016666667535901,-0.0273394826799631,-0.010621496476233,0.0062626390717923,-0.0159889664500951,0.0060756178572773,0.0,0.0109190074726939,-0.0030176662839949,-0.0018165719229727,0.0249126814305782,0.0093972003087401,0.0118128228932619,0.0174906719475984,0.0049393218941986,0.0214388165622949,-0.0062555582262575,-0.0182413198053836,-0.0044964202679693,0.0251738019287586,0.0205510351806879,0.0072446083649992,-0.0006638367194682,-0.0107501372694969,-0.0004428799438755,-0.0287702530622482,0.0146211758255958,0.0230239108204841,-0.0500000193715095,0.0139591293409466,0.001838699914515,0.0026544549036771,0.0135352183133363,-0.0004824037314392,0.0020371242426335,-0.0021660686470568,0.014908542856574,-0.0019217350054532,0.0089404936879873,0.0195934157818555,0.0292423516511917,0.0207500457763671,0.0049504851922392,0.0243278052657842,0.0049260985106229,0.0211819428950548,0.0151322018355131,0.0496843643486499,0.0069283647462725,-0.0411101952195167,0.0050042052753269,0.0044712824746966,-0.0112033383920788,0.0098273288458585,0.0031473252456635,-0.0073819872923195,0.0142229720950126,-0.0075876740738749,0.0098989382386207,0.0649206414818763,-0.008576720021665,-0.0413995534181594,0.0115345288068056,-0.019381919875741,-0.0054978709667921,-0.0225294679403305,0.0124897751957178,-0.0138853630051016,0.0084933908656239,-0.0277368929237127,0.0056146499700844,-0.0246588159352541,-0.0083749145269393,-0.0391074456274509,-0.0247335527092218,-0.0335704386234283,0.0117525709792971,0.006263954564929,0.0105971153825521,0.0029167840257287,-0.0112926270812749,-0.0182819776237011,-0.001835613977164,-0.0130434455350041,-0.0281977374106645,-0.0094745615497231,0.0933557301759719,-0.0495293065905571,-0.0203846413642168,0.007215054705739,-0.0257164817303419,0.0161289609968662,-0.0092686461284756,-0.0031321302521973,-0.0020337295718491,0.0381530076265335,0.0138577604666352,-0.0102982092648744,-0.0333668328821659,0.0362383536994457,0.0220420323312282,-0.0280898716300725,0.0126144234091043,-0.0049451636150479,0.0277275685220956,-0.0475118458271026,-0.0291099343448877,-0.0115110771730542,-0.0249214365941535,0.0192058559819472,-0.0293194031374324,0.01591735458607,-0.0477486651696585,0.061825538751868,-0.0978010082545151,0.0627812985404649,-0.0132092948438539,0.2350940723189316,0.0757533668130991,-0.0277221998859455,2019-02-21,2019-02-22,2019-02-25,2019-02-26,2019-02-27,2019-02-28,2019-03-01,2019-03-04,2019-03-05,2019-03-06,30940.0,2019-02-20,252.0,1.1010%,0.0005,1.4922,0.6099,0.6579,1.4411%,2.0723%,51.6421%,0.003038,FLS,30940.0,2019-02-21,252.0,-2.9110%,0.0004,1.499,0.6189,0.6705,1.4476%,2.0801%,51.5691%,-0.021749,FLS,30940.0,2019-02-22,252.0,0.4314%,0.0004,1.499,0.6171,0.6689,1.4476%,2.0802%,51.5762%,0.0009229999999999,FLS,30940.0,2019-02-25,252.0,-0.4510%,0.0004,1.4987,0.619,0.6688,1.4477%,2.0802%,51.5648%,-0.00405,FLS,30940.0,2019-02-26,252.0,-1.4887%,0.0004,1.5029,0.6245,0.6746,1.4481%,2.0803%,51.5450%,-0.00642,FLS,30940.0,2019-02-27,252.0,-0.4161%,0.0004,1.5021,0.6239,0.6745,1.4486%,2.0785%,51.4238%,-0.005991,FLS,30940.0,2019-02-28,252.0,-2.3312%,0.0003,1.5048,0.6251,0.6805,1.4528%,2.0794%,51.1885%,-0.017194,FLS,30940.0,2019-03-01,252.0,1.3285%,0.0004,1.4958,0.6117,0.6652,1.4494%,2.0677%,50.8600%,0.00327,FLS,30940.0,2019-03-04,252.0,-1.6667%,0.0004,1.4895,0.6411,0.6649,1.4472%,2.0632%,50.7986%,-0.009126,FLS,30940.0,2019-03-05,252.0,-1.0621%,0.0003,1.4877,0.6242,0.6655,1.4457%,2.0578%,50.6438%,-0.004596,FLS,30940.0,2019-03-06,252.0,-1.5989%,0.0003,1.4798,0.6221,0.6562,1.4439%,2.0534%,50.5547%,0.004017,FLS,-0.018711,-0.017788,-0.021838,-0.034249,-0.057878
7915,FRESENIUS MED CARE AG & CO KGAA,Fresenius Medical shares are trading higher after the company said it expects 3% to 7% revenue growth through 2020 despite mixed Q4 EPS and revenue results.,6,increase,0.7,0.6,"the company's positive revenue growth outlook despite mixed quarterly results suggests investor confidence may rise, leading to a potential increase in stock price.",2,2019-02-20,FMS,2019-02-20 13:45:00+00:00,83987.0,35802910,0.0403855964541435,338644.0,-0.0020035519264638,-0.0105697298422455,-0.0012546860380098,0.0194481387734413,0.0007538340287283,-0.0020981335546821,-0.0213407538831234,0.0095313899219036,-0.0046177604235708,0.0232999362051487,0.007216562051326,-0.0080623282119631,0.0010234671644866,-0.009318483993411,-0.0268404725939035,-0.0018602097406983,0.0147097818553447,-0.0084321396425366,-0.0201916266232729,0.0377358794212341,-0.0124173695221543,0.0024671095889061,0.0008025355637073,-0.0070768133737146,0.0114942612126469,0.0065753883682191,0.0163847506046295,0.0192683208733797,0.0241809766739606,-0.0052777398377656,-0.0025386766064912,-0.0008326056413352,0.0010180940153077,0.0374315939843654,0.0015254908939823,-0.0102593507617712,0.0088855624198913,0.0045805852860212,0.0234020240604877,-0.0062589249573647,-0.0186869520694017,0.0083190165460109,-0.0338260717689991,0.0098493667319417,0.0197094995528459,0.0084721269086003,0.0109359184280037,0.0055816280655562,-0.00805030670017,-0.0052600903436541,0.0081156399101018,-0.0026231463998556,0.0196226108819246,-0.0106689427047967,0.0066617433913052,0.0377020426094532,0.0098039591684937,-0.0062445104122161,0.0065534091554582,-0.0056179370731115,-0.0033759195357561,0.0874597802758216,-0.0019356842385604,-0.0454266853630542,-0.0009697191417217,0.0058660833165049,0.0009706604178063,0.0062131336890161,0.0046060271561145,-0.0176991708576679,0.0062741828151047,0.0173859484493732,-0.0011990224011242,0.0205956790596246,-0.0033614214044064,0.008306716568768,-0.0062635107897222,-0.0509399734437465,-0.0286060683429241,0.0061013046652078,-0.0174694471061229,-0.0191501919180154,-0.0035559916868805,-0.0056531517766416,0.0175885446369648,-0.0111797899007797,0.0035070944577455,-0.0196133982390165,0.0004992625326849,-0.0225543566048145,0.0184630192816257,0.02189576998353,0.0218030232936143,-0.0263675283640623,0.0112683102488517,-0.0005606011836789,-0.0118539594113826,-0.0907469168305397,0.0124760186299681,-0.0394221507012844,0.0130331572145223,-0.0250656306743621,-0.016842134296894,0.0277232863008976,-0.0264097228646278,-0.0121182752773165,0.0095308702439069,-0.005063971504569,-0.0033890872728079,0.0191693939268589,0.0012145506916567,0.0303873606026172,-0.0252304915338754,0.0081696072593331,-0.0044798483140766,0.0163465812802314,-0.0047499658539891,0.0269118621945381,-0.003014386864379,-0.0379389785230159,-0.0020035519264638,-0.0105697298422455,-0.003255724135845,0.0086728473584258,-0.0025043443827584,0.0065565170116863,-0.0282995499356187,0.0398266391405268,-0.0520912033198706,0.0494941608529522,0.0385675186154979,0.1348315046731156,-0.0060105593963302,-0.0161496399820707,2019-02-21,2019-02-22,2019-02-25,2019-02-26,2019-02-27,2019-02-28,2019-03-01,2019-03-04,2019-03-05,2019-03-06,83987.0,2019-02-20,252.0,4.0386%,-0.0012,0.918,0.253,-0.0558,1.8551%,2.1088%,22.6149%,0.038552,FMS,83987.0,2019-02-21,252.0,-0.2004%,-0.0012,0.9126,0.2426,-0.0657,1.8533%,2.1051%,22.4934%,0.001342,FMS,83987.0,2019-02-22,252.0,-0.1255%,-0.0012,0.914,0.2363,-0.0548,1.8539%,2.1051%,22.4405%,-0.009587,FMS,83987.0,2019-02-25,252.0,0.0754%,-0.0012,0.915,0.2367,-0.0509,1.8532%,2.1044%,22.4533%,-0.000202,FMS,83987.0,2019-02-26,252.0,-2.1341%,-0.0013,0.9181,0.2579,-0.0379,1.8564%,2.1065%,22.3419%,-0.01863,FMS,83987.0,2019-02-27,252.0,-0.4618%,-0.0013,0.9201,0.253,-0.0376,1.8564%,2.1065%,22.3375%,-0.006079,FMS,83987.0,2019-02-28,252.0,0.7217%,-0.0012,0.907,0.2444,-0.0497,1.8533%,2.0973%,21.9129%,0.009824,FMS,83987.0,2019-03-01,252.0,0.1023%,-0.0012,0.9121,0.2519,-0.0393,1.8525%,2.0973%,21.9846%,-0.0065039999999999,FMS,83987.0,2019-03-04,252.0,-2.6840%,-0.0013,0.9086,0.2813,-0.0425,1.8550%,2.0995%,21.9393%,-0.021026,FMS,83987.0,2019-03-05,252.0,1.4710%,-0.0012,0.9081,0.2888,-0.0496,1.8572%,2.1018%,21.9196%,0.016934,FMS,83987.0,2019-03-06,252.0,-2.0192%,-0.0012,0.9127,0.3037,-0.0423,1.8578%,2.1050%,22.1112%,-0.0089959999999999,FMS,0.039894,0.030307,0.030105,0.005396,-0.0043719999999999
7923,TECHNIPFMC PLC,"TechnipFMC shares are trading lower after the company reported Q4 EPS of $(0.09), compared to the $0.37 consensus estimate; the company also missed Q4 sales estimates.",6,decrease,0.85,0.7,"the significant miss in both eps and sales estimates typically leads to negative investor sentiment, resulting in a likely decrease in stock price.",0,2019-02-20,FTI,2019-02-20 21:42:00+00:00,16538.0,G8711010,0.0267223119735717,3930773.0,-0.0788938775658607,0.0174171552062034,0.0026489831507205,0.0301969591528177,0.012329401448369,0.0066079124808311,-0.0086993845179677,0.0039805462583899,-0.0157964285463094,-0.0044032796286046,-0.0062416135333478,0.0161073245108127,0.0031404078472405,-0.007548848632723,0.0058139157481491,-0.0525872930884361,-0.0142285330221056,0.0072033931501209,-0.0081190932542085,0.0034013572148978,-0.0213733203709125,0.0151057569310069,-0.0250929780304431,0.0091463848948478,0.0285986848175525,-0.0077787516638636,-0.0041705351322889,0.0052128117531538,0.0190786346793174,0.0074398280121386,0.0497716963291168,-0.0193132553249597,-0.0034797706175595,0.0192475337535142,0.0218245666474103,0.012400384992361,0.000859044259414,-0.0191138368099927,0.0188841428607702,-0.0440199114382267,0.0037910763639956,0.0348087437450885,-0.0490977801382541,0.0104211792349815,0.0282435752451419,0.0140907801687717,0.0055794450454413,0.005312037654221,-0.0089629106223583,-0.0004424880025908,0.0176571868360042,-0.0035273334942758,-0.0046550445258617,-0.0104711940512061,0.035714291036129,0.0264218617230653,-0.0164204239845275,0.0290322192013263,-0.003756187390536,0.0392721071839332,0.012568044476211,0.0529500357806682,0.0417873486876487,0.0020211725495755,0.0039714211598038,0.0107252802699804,-0.0253165066242218,-0.0045755035243928,0.0077110608108341,0.0040837121196091,-0.0044301492162048,-0.0025457860901951,-0.0020226228516548,0.0593310892581939,-0.0101337656378746,-0.0328638069331646,0.0073710200376808,0.0047169891186058,-0.0036585426423698,-0.0010471444111317,-0.0024479585699737,-0.0031314962543547,0.0208588261157274,-0.02741121314466,0.0192308276891708,-0.0218470022082328,-0.0259433891624212,-0.0566745176911354,-0.0205811224877834,0.005178936291486,0.0296662263572216,0.0315687023103237,0.005602216348052,-0.0181210860610008,-0.0214882213622331,-0.0014286041259765,-0.033346876502037,-0.0318119190633297,-0.0134623339399695,-0.0774138495326042,0.0021321636158972,-0.0427524112164974,-0.0119149228557944,0.0636638924479484,-0.0176571868360042,-0.0253271572291851,0.0013152427272871,0.0050912532024085,0.0017512700287625,0.0155105823650956,-0.0021852813661098,-0.0256087575107812,-0.0346035473048687,0.0530503466725349,0.0258620548993349,-0.0419313758611679,0.008403300307691,0.0211937613785266,0.0074561438523232,-0.0473835840821266,-0.0788938775658607,0.0174171552062034,-0.0764538829675071,0.0481400594833412,-0.065067112134531,0.0550660772640603,-0.0878405756482755,0.0546015729987987,-0.1057340502766459,0.0182823267002676,-0.0238594789019279,0.14703073741659,-0.0606641655089482,-0.0131849864336383,2019-02-21,2019-02-22,2019-02-25,2019-02-26,2019-02-27,2019-02-28,2019-03-01,2019-03-04,2019-03-05,2019-03-06,16538.0,2019-02-20,252.0,2.6722%,-0.0003,1.3459,0.7207,1.1927,1.8283%,2.2566%,34.3565%,0.016067,FTI,16538.0,2019-02-21,252.0,-7.8894%,-0.0006,1.3645,0.743,1.2274,1.8809%,2.3097%,33.6878%,-0.070766,FTI,16538.0,2019-02-22,252.0,0.2649%,-0.0005,1.3626,0.7614,1.2223,1.8800%,2.3091%,33.7152%,0.0076359999999999,FTI,16538.0,2019-02-25,252.0,1.2329%,-0.0007,1.369,0.7604,1.2453,1.8502%,2.2884%,34.6338%,0.014365,FTI,16538.0,2019-02-26,252.0,-0.8699%,-0.0006,1.3747,0.7507,1.2447,1.8490%,2.2886%,34.7250%,0.0023669999999999,FTI,16538.0,2019-02-27,252.0,-1.5796%,-0.0006,1.3847,0.7281,1.2463,1.8461%,2.2893%,34.9699%,-0.0170659999999999,FTI,16538.0,2019-02-28,252.0,-0.6242%,-0.0006,1.3846,0.7281,1.2458,1.8461%,2.2868%,34.8290%,0.000921,FTI,16538.0,2019-03-01,252.0,0.3140%,-0.0005,1.3788,0.7196,1.2386,1.8455%,2.2790%,34.4238%,-0.004047,FTI,16538.0,2019-03-04,252.0,0.5814%,-0.0006,1.3836,0.6934,1.2397,1.8451%,2.2793%,34.4714%,0.010942,FTI,16538.0,2019-03-05,252.0,-1.4229%,-0.0005,1.388,0.7233,1.2452,1.8431%,2.2808%,34.6993%,-0.006841,FTI,16538.0,2019-03-06,252.0,-0.8119%,-0.0006,1.3721,0.7067,1.2249,1.8404%,2.2704%,34.2967%,0.0120659999999999,FTI,-0.054699,-0.047063,-0.032698,-0.0473969999999999,-0.034356
7931,TECHNIPFMC PLC,"FCM Technologies Sees FY19 Subsea Sales $5.4M-$5.7M, Onshore/Offshore Sales $5.7B-$6.0B, Surface Technologies $1.7B-$1.8B",6,uncertain,0.6,0.2,"the sales projections for fcm technologies indicate stable performance, but without context on market expectations or previous performance, the impact on technipfmc plc's stock price remains unclear.",1,2019-02-20,FTI,2019-02-20 21:22:00+00:00,16538.0,G8711010,0.0267223119735717,3930773.0,-0.0788938775658607,0.0174171552062034,0.0026489831507205,0.0301969591528177,0.012329401448369,0.0066079124808311,-0.0086993845179677,0.0039805462583899,-0.0157964285463094,-0.0044032796286046,-0.0062416135333478,0.0161073245108127,0.0031404078472405,-0.007548848632723,0.0058139157481491,-0.0525872930884361,-0.0142285330221056,0.0072033931501209,-0.0081190932542085,0.0034013572148978,-0.0213733203709125,0.0151057569310069,-0.0250929780304431,0.0091463848948478,0.0285986848175525,-0.0077787516638636,-0.0041705351322889,0.0052128117531538,0.0190786346793174,0.0074398280121386,0.0497716963291168,-0.0193132553249597,-0.0034797706175595,0.0192475337535142,0.0218245666474103,0.012400384992361,0.000859044259414,-0.0191138368099927,0.0188841428607702,-0.0440199114382267,0.0037910763639956,0.0348087437450885,-0.0490977801382541,0.0104211792349815,0.0282435752451419,0.0140907801687717,0.0055794450454413,0.005312037654221,-0.0089629106223583,-0.0004424880025908,0.0176571868360042,-0.0035273334942758,-0.0046550445258617,-0.0104711940512061,0.035714291036129,0.0264218617230653,-0.0164204239845275,0.0290322192013263,-0.003756187390536,0.0392721071839332,0.012568044476211,0.0529500357806682,0.0417873486876487,0.0020211725495755,0.0039714211598038,0.0107252802699804,-0.0253165066242218,-0.0045755035243928,0.0077110608108341,0.0040837121196091,-0.0044301492162048,-0.0025457860901951,-0.0020226228516548,0.0593310892581939,-0.0101337656378746,-0.0328638069331646,0.0073710200376808,0.0047169891186058,-0.0036585426423698,-0.0010471444111317,-0.0024479585699737,-0.0031314962543547,0.0208588261157274,-0.02741121314466,0.0192308276891708,-0.0218470022082328,-0.0259433891624212,-0.0566745176911354,-0.0205811224877834,0.005178936291486,0.0296662263572216,0.0315687023103237,0.005602216348052,-0.0181210860610008,-0.0214882213622331,-0.0014286041259765,-0.033346876502037,-0.0318119190633297,-0.0134623339399695,-0.0774138495326042,0.0021321636158972,-0.0427524112164974,-0.0119149228557944,0.0636638924479484,-0.0176571868360042,-0.0253271572291851,0.0013152427272871,0.0050912532024085,0.0017512700287625,0.0155105823650956,-0.0021852813661098,-0.0256087575107812,-0.0346035473048687,0.0530503466725349,0.0258620548993349,-0.0419313758611679,0.008403300307691,0.0211937613785266,0.0074561438523232,-0.0473835840821266,-0.0788938775658607,0.0174171552062034,-0.0764538829675071,0.0481400594833412,-0.065067112134531,0.0550660772640603,-0.0878405756482755,0.0546015729987987,-0.1057340502766459,0.0182823267002676,-0.0238594789019279,0.14703073741659,-0.0606641655089482,-0.0131849864336383,2019-02-21,2019-02-22,2019-02-25,2019-02-26,2019-02-27,2019-02-28,2019-03-01,2019-03-04,2019-03-05,2019-03-06,16538.0,2019-02-20,252.0,2.6722%,-0.0003,1.3459,0.7207,1.1927,1.8283%,2.2566%,34.3565%,0.016067,FTI,16538.0,2019-02-21,252.0,-7.8894%,-0.0006,1.3645,0.743,1.2274,1.8809%,2.3097%,33.6878%,-0.070766,FTI,16538.0,2019-02-22,252.0,0.2649%,-0.0005,1.3626,0.7614,1.2223,1.8800%,2.3091%,33.7152%,0.0076359999999999,FTI,16538.0,2019-02-25,252.0,1.2329%,-0.0007,1.369,0.7604,1.2453,1.8502%,2.2884%,34.6338%,0.014365,FTI,16538.0,2019-02-26,252.0,-0.8699%,-0.0006,1.3747,0.7507,1.2447,1.8490%,2.2886%,34.7250%,0.0023669999999999,FTI,16538.0,2019-02-27,252.0,-1.5796%,-0.0006,1.3847,0.7281,1.2463,1.8461%,2.2893%,34.9699%,-0.0170659999999999,FTI,16538.0,2019-02-28,252.0,-0.6242%,-0.0006,1.3846,0.7281,1.2458,1.8461%,2.2868%,34.8290%,0.000921,FTI,16538.0,2019-03-01,252.0,0.3140%,-0.0005,1.3788,0.7196,1.2386,1.8455%,2.2790%,34.4238%,-0.004047,FTI,16538.0,2019-03-04,252.0,0.5814%,-0.0006,1.3836,0.6934,1.2397,1.8451%,2.2793%,34.4714%,0.010942,FTI,16538.0,2019-03-05,252.0,-1.4229%,-0.0005,1.388,0.7233,1.2452,1.8431%,2.2808%,34.6993%,-0.006841,FTI,16538.0,2019-03-06,252.0,-0.8119%,-0.0006,1.3721,0.7067,1.2249,1.8404%,2.2704%,34.2967%,0.0120659999999999,FTI,-0.054699,-0.047063,-0.032698,-0.0473969999999999,-0.034356
7939,TECHNIPFMC PLC,"FMC Technologies Q4 Adj. EPS $(0.09) Does Not Compare To $0.37 Estimate, Sales $3.23B Miss $3.41B Estimate",6,decrease,0.8,0.7,the significant miss in both adjusted eps and sales compared to estimates is likely to negatively impact investor sentiment and lead to a decrease in stock price.,0,2019-02-20,FTI,2019-02-20 21:21:00+00:00,16538.0,G8711010,0.0267223119735717,3930773.0,-0.0788938775658607,0.0174171552062034,0.0026489831507205,0.0301969591528177,0.012329401448369,0.0066079124808311,-0.0086993845179677,0.0039805462583899,-0.0157964285463094,-0.0044032796286046,-0.0062416135333478,0.0161073245108127,0.0031404078472405,-0.007548848632723,0.0058139157481491,-0.0525872930884361,-0.0142285330221056,0.0072033931501209,-0.0081190932542085,0.0034013572148978,-0.0213733203709125,0.0151057569310069,-0.0250929780304431,0.0091463848948478,0.0285986848175525,-0.0077787516638636,-0.0041705351322889,0.0052128117531538,0.0190786346793174,0.0074398280121386,0.0497716963291168,-0.0193132553249597,-0.0034797706175595,0.0192475337535142,0.0218245666474103,0.012400384992361,0.000859044259414,-0.0191138368099927,0.0188841428607702,-0.0440199114382267,0.0037910763639956,0.0348087437450885,-0.0490977801382541,0.0104211792349815,0.0282435752451419,0.0140907801687717,0.0055794450454413,0.005312037654221,-0.0089629106223583,-0.0004424880025908,0.0176571868360042,-0.0035273334942758,-0.0046550445258617,-0.0104711940512061,0.035714291036129,0.0264218617230653,-0.0164204239845275,0.0290322192013263,-0.003756187390536,0.0392721071839332,0.012568044476211,0.0529500357806682,0.0417873486876487,0.0020211725495755,0.0039714211598038,0.0107252802699804,-0.0253165066242218,-0.0045755035243928,0.0077110608108341,0.0040837121196091,-0.0044301492162048,-0.0025457860901951,-0.0020226228516548,0.0593310892581939,-0.0101337656378746,-0.0328638069331646,0.0073710200376808,0.0047169891186058,-0.0036585426423698,-0.0010471444111317,-0.0024479585699737,-0.0031314962543547,0.0208588261157274,-0.02741121314466,0.0192308276891708,-0.0218470022082328,-0.0259433891624212,-0.0566745176911354,-0.0205811224877834,0.005178936291486,0.0296662263572216,0.0315687023103237,0.005602216348052,-0.0181210860610008,-0.0214882213622331,-0.0014286041259765,-0.033346876502037,-0.0318119190633297,-0.0134623339399695,-0.0774138495326042,0.0021321636158972,-0.0427524112164974,-0.0119149228557944,0.0636638924479484,-0.0176571868360042,-0.0253271572291851,0.0013152427272871,0.0050912532024085,0.0017512700287625,0.0155105823650956,-0.0021852813661098,-0.0256087575107812,-0.0346035473048687,0.0530503466725349,0.0258620548993349,-0.0419313758611679,0.008403300307691,0.0211937613785266,0.0074561438523232,-0.0473835840821266,-0.0788938775658607,0.0174171552062034,-0.0764538829675071,0.0481400594833412,-0.065067112134531,0.0550660772640603,-0.0878405756482755,0.0546015729987987,-0.1057340502766459,0.0182823267002676,-0.0238594789019279,0.14703073741659,-0.0606641655089482,-0.0131849864336383,2019-02-21,2019-02-22,2019-02-25,2019-02-26,2019-02-27,2019-02-28,2019-03-01,2019-03-04,2019-03-05,2019-03-06,16538.0,2019-02-20,252.0,2.6722%,-0.0003,1.3459,0.7207,1.1927,1.8283%,2.2566%,34.3565%,0.016067,FTI,16538.0,2019-02-21,252.0,-7.8894%,-0.0006,1.3645,0.743,1.2274,1.8809%,2.3097%,33.6878%,-0.070766,FTI,16538.0,2019-02-22,252.0,0.2649%,-0.0005,1.3626,0.7614,1.2223,1.8800%,2.3091%,33.7152%,0.0076359999999999,FTI,16538.0,2019-02-25,252.0,1.2329%,-0.0007,1.369,0.7604,1.2453,1.8502%,2.2884%,34.6338%,0.014365,FTI,16538.0,2019-02-26,252.0,-0.8699%,-0.0006,1.3747,0.7507,1.2447,1.8490%,2.2886%,34.7250%,0.0023669999999999,FTI,16538.0,2019-02-27,252.0,-1.5796%,-0.0006,1.3847,0.7281,1.2463,1.8461%,2.2893%,34.9699%,-0.0170659999999999,FTI,16538.0,2019-02-28,252.0,-0.6242%,-0.0006,1.3846,0.7281,1.2458,1.8461%,2.2868%,34.8290%,0.000921,FTI,16538.0,2019-03-01,252.0,0.3140%,-0.0005,1.3788,0.7196,1.2386,1.8455%,2.2790%,34.4238%,-0.004047,FTI,16538.0,2019-03-04,252.0,0.5814%,-0.0006,1.3836,0.6934,1.2397,1.8451%,2.2793%,34.4714%,0.010942,FTI,16538.0,2019-03-05,252.0,-1.4229%,-0.0005,1.388,0.7233,1.2452,1.8431%,2.2808%,34.6993%,-0.006841,FTI,16538.0,2019-03-06,252.0,-0.8119%,-0.0006,1.3721,0.7067,1.2249,1.8404%,2.2704%,34.2967%,0.0120659999999999,FTI,-0.054699,-0.047063,-0.032698,-0.0473969999999999,-0.034356
7947,GANNETT CO INC,"Gannett Stakeholder, MNG Enterprises, Releases Letter Urging Gannett To Address Questions Regarding MNG Acquisition Offer",6,uncertain,0.6,0.3,"the release of a letter from mng enterprises urging gannett to address questions about their acquisition offer may create uncertainty among investors, leading to mixed reactions that could stabilize or slightly decrease the stock price.",1,2019-02-20,GCI,2019-02-20 12:16:00+00:00,14490.0,36472T10,0.0109890531748533,422589.0,-0.0043478566221892,0.0014673150144517,0.0189228691160678,0.0156482886523008,-0.0164285395294427,0.0007457292522303,-0.0087146572768688,-0.0074019525200128,-0.0395604372024536,0.0082090012729167,0.0160183105617761,0.0007467718678526,-0.0022522322833538,-0.0037201815284788,-0.0240782313048839,-0.0196936875581741,-0.0192752499133348,0.0058694002218544,-0.0180817991495132,-0.0123188458383083,-0.0128102358430624,0.0117301940917968,0.0154096037149429,-0.00219456711784,-0.0107084112241864,-0.0065407087095081,0.0133222183212637,0.0051132687367498,-0.0139687815681099,0.0155786387622356,0.0024999778252094,0.0052199624478816,-0.002493743551895,0.0067567685618996,0.0058333077467978,0.0113894930109381,-0.0165699925273656,0.0068807457573711,0.0008424792904406,-0.0128301940858364,0.0,-0.0060014948248863,-0.0345117710530757,0.0136882364749908,-0.0244115684181451,0.0038167354650795,-0.0116174407303333,0.0015290869632735,-0.0045208125375211,0.00153135554865,-0.0154405152425169,0.0069391019642353,-0.0313653275370597,0.0030935776885598,0.0171428862959146,0.0157109797000885,-0.0065543674863874,0.0103173935785889,0.0131951319053769,0.0202429145574569,0.0083721075206995,0.0317460410296917,0.0147601328790187,-0.0204582642763853,-0.0018182233907282,0.0561798252165317,-0.0063752001151442,0.0087183453142642,0.0192483998835086,0.0087951086461544,0.0008993011433631,0.0008803018718026,-0.0197664201259613,0.0289854798465967,-0.0064161042682826,-0.0221434906125068,0.0046125636436045,-0.0560200735926628,0.0,-0.0107526974752545,-0.0174472481012344,-0.0024752255994826,0.0,0.004975080024451,0.0074766282923519,-0.0130932768806815,-0.0064934785477817,-0.0089213019236922,-0.0177403893321752,-0.0206513293087482,0.0076045552268624,0.0039872559718787,0.0141509072855114,-0.0055511258542537,-0.0055814343504607,-0.010980418883264,-0.0056126723065972,-0.0007837169687263,-0.0329257175326347,-0.0077760056592524,0.0107004484161734,-0.0330827459692955,-0.0028874576091766,0.0075757866725325,-0.0125482743605971,-0.0141897331923246,0.0029326186049729,0.0120937870815396,-0.0185185708105564,0.007616102695465,0.0297914668917655,-0.0120391156524419,-0.0250250250101089,-0.0067264689132571,0.0133470343425869,0.0128690442070365,0.0141844321042299,0.0091672940179705,0.0049950238317251,-0.0282108467072248,-0.0043478566221892,0.0014673150144517,0.0144927385720814,0.0171385646356425,-0.0021738954858826,0.0178970746168629,-0.0500000387660488,0.0186567170703981,-0.0949275647476566,-0.0108696061829181,-0.1966311025441792,0.1052630952975088,-0.2195990009536719,0.0133629809582986,2019-02-21,2019-02-22,2019-02-25,2019-02-26,2019-02-27,2019-02-28,2019-03-01,2019-03-04,2019-03-05,2019-03-06,14490.0,2019-02-20,252.0,1.0989%,-0.0002,0.6166,0.7768,0.3087,1.4457%,1.6126%,19.6258%,0.006416,NEWM,14490.0,2019-02-21,252.0,-0.4348%,-0.0002,0.6134,0.7701,0.3027,1.4445%,1.6093%,19.4347%,-0.000913,NEWM,14490.0,2019-02-22,252.0,1.8923%,-0.0001,0.611,0.7781,0.2815,1.4474%,1.6137%,19.5463%,0.015051,NEWM,14490.0,2019-02-25,252.0,-1.6429%,-0.0002,0.612,0.7863,0.2895,1.4496%,1.6164%,19.5801%,-0.014915,NEWM,14490.0,2019-02-26,252.0,-0.8715%,-0.0002,0.6078,0.7926,0.2895,1.4488%,1.6152%,19.5335%,-0.0018479999999999,NEWM,14490.0,2019-02-27,252.0,-3.9560%,-0.0005,0.5996,0.7951,0.2881,1.4681%,1.6297%,18.8517%,-0.0413659999999999,NEWM,14490.0,2019-02-28,252.0,1.6018%,-0.0004,0.5932,0.7913,0.279,1.4725%,1.6307%,18.4535%,0.018338,NEWM,14490.0,2019-03-01,252.0,-0.2252%,-0.0007,0.6417,0.8634,0.3574,1.3780%,1.5676%,22.7258%,-0.007792,NEWM,14490.0,2019-03-04,252.0,-2.4078%,-0.0008,0.6424,0.8773,0.3535,1.3825%,1.5745%,22.9024%,-0.018772,NEWM,14490.0,2019-03-05,252.0,-1.9275%,-0.0008,0.6443,0.8832,0.36,1.3853%,1.5762%,22.7598%,-0.014705,NEWM,14490.0,2019-03-06,252.0,-1.8082%,-0.0008,0.6487,0.8817,0.3648,1.3845%,1.5798%,23.2044%,-0.001776,NEWM,0.005503,0.020554,0.005639,-0.0375749999999999,-0.0622819999999999
7955,GANNETT CO INC,Gannett Co. Sees FY19 Sales $2.74B-$2.80B vs $2.86B Est.,6,decrease,0.8,0.7,"the forecasted sales for fy19 are below the estimated $2.86 billion, which is likely to lead to a negative reaction in the stock price.",0,2019-02-20,GCI,2019-02-20 11:59:00+00:00,14490.0,36472T10,0.0109890531748533,422589.0,-0.0043478566221892,0.0014673150144517,0.0189228691160678,0.0156482886523008,-0.0164285395294427,0.0007457292522303,-0.0087146572768688,-0.0074019525200128,-0.0395604372024536,0.0082090012729167,0.0160183105617761,0.0007467718678526,-0.0022522322833538,-0.0037201815284788,-0.0240782313048839,-0.0196936875581741,-0.0192752499133348,0.0058694002218544,-0.0180817991495132,-0.0123188458383083,-0.0128102358430624,0.0117301940917968,0.0154096037149429,-0.00219456711784,-0.0107084112241864,-0.0065407087095081,0.0133222183212637,0.0051132687367498,-0.0139687815681099,0.0155786387622356,0.0024999778252094,0.0052199624478816,-0.002493743551895,0.0067567685618996,0.0058333077467978,0.0113894930109381,-0.0165699925273656,0.0068807457573711,0.0008424792904406,-0.0128301940858364,0.0,-0.0060014948248863,-0.0345117710530757,0.0136882364749908,-0.0244115684181451,0.0038167354650795,-0.0116174407303333,0.0015290869632735,-0.0045208125375211,0.00153135554865,-0.0154405152425169,0.0069391019642353,-0.0313653275370597,0.0030935776885598,0.0171428862959146,0.0157109797000885,-0.0065543674863874,0.0103173935785889,0.0131951319053769,0.0202429145574569,0.0083721075206995,0.0317460410296917,0.0147601328790187,-0.0204582642763853,-0.0018182233907282,0.0561798252165317,-0.0063752001151442,0.0087183453142642,0.0192483998835086,0.0087951086461544,0.0008993011433631,0.0008803018718026,-0.0197664201259613,0.0289854798465967,-0.0064161042682826,-0.0221434906125068,0.0046125636436045,-0.0560200735926628,0.0,-0.0107526974752545,-0.0174472481012344,-0.0024752255994826,0.0,0.004975080024451,0.0074766282923519,-0.0130932768806815,-0.0064934785477817,-0.0089213019236922,-0.0177403893321752,-0.0206513293087482,0.0076045552268624,0.0039872559718787,0.0141509072855114,-0.0055511258542537,-0.0055814343504607,-0.010980418883264,-0.0056126723065972,-0.0007837169687263,-0.0329257175326347,-0.0077760056592524,0.0107004484161734,-0.0330827459692955,-0.0028874576091766,0.0075757866725325,-0.0125482743605971,-0.0141897331923246,0.0029326186049729,0.0120937870815396,-0.0185185708105564,0.007616102695465,0.0297914668917655,-0.0120391156524419,-0.0250250250101089,-0.0067264689132571,0.0133470343425869,0.0128690442070365,0.0141844321042299,0.0091672940179705,0.0049950238317251,-0.0282108467072248,-0.0043478566221892,0.0014673150144517,0.0144927385720814,0.0171385646356425,-0.0021738954858826,0.0178970746168629,-0.0500000387660488,0.0186567170703981,-0.0949275647476566,-0.0108696061829181,-0.1966311025441792,0.1052630952975088,-0.2195990009536719,0.0133629809582986,2019-02-21,2019-02-22,2019-02-25,2019-02-26,2019-02-27,2019-02-28,2019-03-01,2019-03-04,2019-03-05,2019-03-06,14490.0,2019-02-20,252.0,1.0989%,-0.0002,0.6166,0.7768,0.3087,1.4457%,1.6126%,19.6258%,0.006416,NEWM,14490.0,2019-02-21,252.0,-0.4348%,-0.0002,0.6134,0.7701,0.3027,1.4445%,1.6093%,19.4347%,-0.000913,NEWM,14490.0,2019-02-22,252.0,1.8923%,-0.0001,0.611,0.7781,0.2815,1.4474%,1.6137%,19.5463%,0.015051,NEWM,14490.0,2019-02-25,252.0,-1.6429%,-0.0002,0.612,0.7863,0.2895,1.4496%,1.6164%,19.5801%,-0.014915,NEWM,14490.0,2019-02-26,252.0,-0.8715%,-0.0002,0.6078,0.7926,0.2895,1.4488%,1.6152%,19.5335%,-0.0018479999999999,NEWM,14490.0,2019-02-27,252.0,-3.9560%,-0.0005,0.5996,0.7951,0.2881,1.4681%,1.6297%,18.8517%,-0.0413659999999999,NEWM,14490.0,2019-02-28,252.0,1.6018%,-0.0004,0.5932,0.7913,0.279,1.4725%,1.6307%,18.4535%,0.018338,NEWM,14490.0,2019-03-01,252.0,-0.2252%,-0.0007,0.6417,0.8634,0.3574,1.3780%,1.5676%,22.7258%,-0.007792,NEWM,14490.0,2019-03-04,252.0,-2.4078%,-0.0008,0.6424,0.8773,0.3535,1.3825%,1.5745%,22.9024%,-0.018772,NEWM,14490.0,2019-03-05,252.0,-1.9275%,-0.0008,0.6443,0.8832,0.36,1.3853%,1.5762%,22.7598%,-0.014705,NEWM,14490.0,2019-03-06,252.0,-1.8082%,-0.0008,0.6487,0.8817,0.3648,1.3845%,1.5798%,23.2044%,-0.001776,NEWM,0.005503,0.020554,0.005639,-0.0375749999999999,-0.0622819999999999
7963,GANNETT CO INC,"Gannett Q4 Adj. EPS $0.44 Misses $0.46 Estimate, Sales $751.4M Miss $764.13M Estimate",6,decrease,0.8,0.6,"the company reported lower-than-expected earnings and sales, which typically leads to a decrease in stock price as it indicates underperformance relative to market expectations.",0,2019-02-20,GCI,2019-02-20 11:58:00+00:00,14490.0,36472T10,0.0109890531748533,422589.0,-0.0043478566221892,0.0014673150144517,0.0189228691160678,0.0156482886523008,-0.0164285395294427,0.0007457292522303,-0.0087146572768688,-0.0074019525200128,-0.0395604372024536,0.0082090012729167,0.0160183105617761,0.0007467718678526,-0.0022522322833538,-0.0037201815284788,-0.0240782313048839,-0.0196936875581741,-0.0192752499133348,0.0058694002218544,-0.0180817991495132,-0.0123188458383083,-0.0128102358430624,0.0117301940917968,0.0154096037149429,-0.00219456711784,-0.0107084112241864,-0.0065407087095081,0.0133222183212637,0.0051132687367498,-0.0139687815681099,0.0155786387622356,0.0024999778252094,0.0052199624478816,-0.002493743551895,0.0067567685618996,0.0058333077467978,0.0113894930109381,-0.0165699925273656,0.0068807457573711,0.0008424792904406,-0.0128301940858364,0.0,-0.0060014948248863,-0.0345117710530757,0.0136882364749908,-0.0244115684181451,0.0038167354650795,-0.0116174407303333,0.0015290869632735,-0.0045208125375211,0.00153135554865,-0.0154405152425169,0.0069391019642353,-0.0313653275370597,0.0030935776885598,0.0171428862959146,0.0157109797000885,-0.0065543674863874,0.0103173935785889,0.0131951319053769,0.0202429145574569,0.0083721075206995,0.0317460410296917,0.0147601328790187,-0.0204582642763853,-0.0018182233907282,0.0561798252165317,-0.0063752001151442,0.0087183453142642,0.0192483998835086,0.0087951086461544,0.0008993011433631,0.0008803018718026,-0.0197664201259613,0.0289854798465967,-0.0064161042682826,-0.0221434906125068,0.0046125636436045,-0.0560200735926628,0.0,-0.0107526974752545,-0.0174472481012344,-0.0024752255994826,0.0,0.004975080024451,0.0074766282923519,-0.0130932768806815,-0.0064934785477817,-0.0089213019236922,-0.0177403893321752,-0.0206513293087482,0.0076045552268624,0.0039872559718787,0.0141509072855114,-0.0055511258542537,-0.0055814343504607,-0.010980418883264,-0.0056126723065972,-0.0007837169687263,-0.0329257175326347,-0.0077760056592524,0.0107004484161734,-0.0330827459692955,-0.0028874576091766,0.0075757866725325,-0.0125482743605971,-0.0141897331923246,0.0029326186049729,0.0120937870815396,-0.0185185708105564,0.007616102695465,0.0297914668917655,-0.0120391156524419,-0.0250250250101089,-0.0067264689132571,0.0133470343425869,0.0128690442070365,0.0141844321042299,0.0091672940179705,0.0049950238317251,-0.0282108467072248,-0.0043478566221892,0.0014673150144517,0.0144927385720814,0.0171385646356425,-0.0021738954858826,0.0178970746168629,-0.0500000387660488,0.0186567170703981,-0.0949275647476566,-0.0108696061829181,-0.1966311025441792,0.1052630952975088,-0.2195990009536719,0.0133629809582986,2019-02-21,2019-02-22,2019-02-25,2019-02-26,2019-02-27,2019-02-28,2019-03-01,2019-03-04,2019-03-05,2019-03-06,14490.0,2019-02-20,252.0,1.0989%,-0.0002,0.6166,0.7768,0.3087,1.4457%,1.6126%,19.6258%,0.006416,NEWM,14490.0,2019-02-21,252.0,-0.4348%,-0.0002,0.6134,0.7701,0.3027,1.4445%,1.6093%,19.4347%,-0.000913,NEWM,14490.0,2019-02-22,252.0,1.8923%,-0.0001,0.611,0.7781,0.2815,1.4474%,1.6137%,19.5463%,0.015051,NEWM,14490.0,2019-02-25,252.0,-1.6429%,-0.0002,0.612,0.7863,0.2895,1.4496%,1.6164%,19.5801%,-0.014915,NEWM,14490.0,2019-02-26,252.0,-0.8715%,-0.0002,0.6078,0.7926,0.2895,1.4488%,1.6152%,19.5335%,-0.0018479999999999,NEWM,14490.0,2019-02-27,252.0,-3.9560%,-0.0005,0.5996,0.7951,0.2881,1.4681%,1.6297%,18.8517%,-0.0413659999999999,NEWM,14490.0,2019-02-28,252.0,1.6018%,-0.0004,0.5932,0.7913,0.279,1.4725%,1.6307%,18.4535%,0.018338,NEWM,14490.0,2019-03-01,252.0,-0.2252%,-0.0007,0.6417,0.8634,0.3574,1.3780%,1.5676%,22.7258%,-0.007792,NEWM,14490.0,2019-03-04,252.0,-2.4078%,-0.0008,0.6424,0.8773,0.3535,1.3825%,1.5745%,22.9024%,-0.018772,NEWM,14490.0,2019-03-05,252.0,-1.9275%,-0.0008,0.6443,0.8832,0.36,1.3853%,1.5762%,22.7598%,-0.014705,NEWM,14490.0,2019-03-06,252.0,-1.8082%,-0.0008,0.6487,0.8817,0.3648,1.3845%,1.5798%,23.2044%,-0.001776,NEWM,0.005503,0.020554,0.005639,-0.0375749999999999,-0.0622819999999999
7971,GREEN DOT CORP,"Green Dot Sees FY19 Adj. EPS $3.59-$3.67 vs $3.62 Est., Adj. Sales $1.11B-$1.13B vs $1.15B Est.",6,decrease,0.7,0.6,"the adjusted sales guidance is below the estimate, which may lead to a negative reaction in the stock price despite the eps being in line with expectations.",0,2019-02-20,GDOT,2019-02-20 22:03:00+00:00,11664.0,39304D10,-0.0017380331410095,846508.0,-0.1000401973724365,0.0061878766864538,0.0044643315486609,0.0071805827319622,-0.0431111641228199,-0.0113850263878703,-0.0199720878154039,-0.0017381635261699,0.018167421221733,0.0413534007966518,0.0015516851563006,-0.0097890403121709,-0.012238647788763,-0.0043925833888351,-0.0315244421362876,-0.0034199727233499,-0.0268825888633728,-0.0250734165310859,-0.0480945147573947,-0.0005331016727723,0.0012237709015607,-0.0035861902870237,0.0006984619540162,0.017157582566142,0.0155295645818114,-0.023997887969017,-0.009450159035623,0.025835195556283,-0.0100607424974441,-0.0530293248593807,0.0234799403697252,-0.0075006857514381,0.002568079624325,0.0014003895921632,0.0133196506649255,-0.0022862986661493,0.0124705368652939,0.0096178501844406,0.0123168751597404,-0.0187491867691278,0.0194015186280012,0.0181934423744678,-0.0519355051219463,-0.0115247722715139,0.0379380658268928,-0.0497051067650318,-0.0272086523473262,0.0137871801853179,-0.0048862192779779,-0.0012186019448563,0.0223501473665237,0.0028106528334319,0.004471686668694,0.014882855117321,0.0206100568175315,0.0215380322188139,-0.0064620599150657,0.0059903291985392,0.0056910319253802,-0.0130817722529172,-0.0101858898997306,0.0685483664274215,0.0112708043307066,-0.0501723513007164,0.0012922278838232,-0.0149647239595651,-0.0030650498811155,0.0320570208132267,0.0113268736749887,0.0007793894037604,-0.0112000126391649,0.0165038295090198,0.0144012849777936,0.0832379832863807,-0.0090923542156815,-0.0108926901593804,-0.0151319811120629,-0.0315111055970192,-0.0034324792213737,-0.043005097657442,-0.0037723395507782,-0.0296437889337539,0.0042805122211575,0.0069177676923573,0.0200000200420618,-0.0362963266670703,-0.006750273052603,-0.0030769230797886,0.0194174889475107,-0.0086627509444952,0.0055555314756929,0.0302953608334064,0.0123125305399298,0.0011326953535899,-0.0056135477498173,0.005822773091495,-0.0026658615097403,0.0005065972218289,0.0223270151764154,-0.0005063407006673,0.0255306642502546,-0.0543452352285385,-0.0211458262056112,0.0023998629767447,-0.0338592827320098,0.0271135941147804,0.0033301471266895,-0.0209941826760768,-0.2641061842441559,0.0479201041162014,0.0487543046474456,-0.0056575881317257,-0.0397297218441963,0.0345994234085083,0.016847962513566,-0.0090230032801628,-0.0033557014539837,0.0535035654902458,0.0105218850076198,-0.0469780936837196,-0.1000401973724365,0.0061878766864538,-0.0960224784330395,0.0134128919788982,-0.1349940017286527,0.0018751594619106,-0.1368689090856759,0.041492667861912,-0.2339627414372783,-0.0029324651185734,-0.1716887667948875,-0.0591194573616987,-0.3569036790572351,-0.0319657499769516,2019-02-21,2019-02-22,2019-02-25,2019-02-26,2019-02-27,2019-02-28,2019-03-01,2019-03-04,2019-03-05,2019-03-06,11664.0,2019-02-20,252.0,-0.1738%,0.0006,1.4038,0.4183,-0.6884,1.8928%,2.5714%,45.8187%,-0.001668,GDOT,11664.0,2019-02-21,252.0,-10.0040%,0.0001,1.4314,0.4533,-0.6369,1.9861%,2.6491%,43.7886%,-0.0962369999999999,GDOT,11664.0,2019-02-22,252.0,0.4464%,0.0001,1.4336,0.4563,-0.6079,1.9887%,2.6485%,43.6191%,-0.016796,GDOT,11664.0,2019-02-25,252.0,-4.3111%,-0.0004,1.4452,0.4901,-0.5475,1.9132%,2.5881%,45.3537%,-0.045269,GDOT,11664.0,2019-02-26,252.0,-1.9972%,-0.0004,1.462,0.4961,-0.5319,1.9106%,2.5912%,45.6335%,-0.01643,GDOT,11664.0,2019-02-27,252.0,1.8167%,-0.0003,1.4667,0.4923,-0.5311,1.9121%,2.5936%,45.6475%,0.0151709999999999,GDOT,11664.0,2019-02-28,252.0,0.1552%,-0.0003,1.4721,0.4962,-0.5283,1.9109%,2.5931%,45.6969%,0.004572,GDOT,11664.0,2019-03-01,252.0,-1.2239%,-0.0004,1.4693,0.4921,-0.5204,1.9177%,2.5931%,45.3061%,-0.026479,GDOT,11664.0,2019-03-04,252.0,-3.1524%,-0.0006,1.4798,0.4749,-0.5271,1.9185%,2.6007%,45.5796%,-0.019976,GDOT,11664.0,2019-03-05,252.0,-2.6883%,-0.0006,1.4859,0.507,-0.514,1.9233%,2.6057%,45.5208%,-0.0242499999999999,GDOT,11664.0,2019-03-06,252.0,-4.8095%,-0.0007,1.5094,0.5554,-0.4809,1.9264%,2.6225%,46.0431%,-0.029109,GDOT,-0.0979049999999999,-0.114701,-0.15997,-0.161229,-0.256471
7979,GREEN DOT CORP,"Green Dot Q4 Adj. EPS $0.56 Beats $0.49 Estimate, Sales $237.834M Beat $236.82M Estimate",6,increase,0.8,0.6,"the company reported better-than-expected adjusted eps and sales, which typically signals positive performance and can lead to an increase in stock price.",2,2019-02-20,GDOT,2019-02-20 21:58:00+00:00,11664.0,39304D10,-0.0017380331410095,846508.0,-0.1000401973724365,0.0061878766864538,0.0044643315486609,0.0071805827319622,-0.0431111641228199,-0.0113850263878703,-0.0199720878154039,-0.0017381635261699,0.018167421221733,0.0413534007966518,0.0015516851563006,-0.0097890403121709,-0.012238647788763,-0.0043925833888351,-0.0315244421362876,-0.0034199727233499,-0.0268825888633728,-0.0250734165310859,-0.0480945147573947,-0.0005331016727723,0.0012237709015607,-0.0035861902870237,0.0006984619540162,0.017157582566142,0.0155295645818114,-0.023997887969017,-0.009450159035623,0.025835195556283,-0.0100607424974441,-0.0530293248593807,0.0234799403697252,-0.0075006857514381,0.002568079624325,0.0014003895921632,0.0133196506649255,-0.0022862986661493,0.0124705368652939,0.0096178501844406,0.0123168751597404,-0.0187491867691278,0.0194015186280012,0.0181934423744678,-0.0519355051219463,-0.0115247722715139,0.0379380658268928,-0.0497051067650318,-0.0272086523473262,0.0137871801853179,-0.0048862192779779,-0.0012186019448563,0.0223501473665237,0.0028106528334319,0.004471686668694,0.014882855117321,0.0206100568175315,0.0215380322188139,-0.0064620599150657,0.0059903291985392,0.0056910319253802,-0.0130817722529172,-0.0101858898997306,0.0685483664274215,0.0112708043307066,-0.0501723513007164,0.0012922278838232,-0.0149647239595651,-0.0030650498811155,0.0320570208132267,0.0113268736749887,0.0007793894037604,-0.0112000126391649,0.0165038295090198,0.0144012849777936,0.0832379832863807,-0.0090923542156815,-0.0108926901593804,-0.0151319811120629,-0.0315111055970192,-0.0034324792213737,-0.043005097657442,-0.0037723395507782,-0.0296437889337539,0.0042805122211575,0.0069177676923573,0.0200000200420618,-0.0362963266670703,-0.006750273052603,-0.0030769230797886,0.0194174889475107,-0.0086627509444952,0.0055555314756929,0.0302953608334064,0.0123125305399298,0.0011326953535899,-0.0056135477498173,0.005822773091495,-0.0026658615097403,0.0005065972218289,0.0223270151764154,-0.0005063407006673,0.0255306642502546,-0.0543452352285385,-0.0211458262056112,0.0023998629767447,-0.0338592827320098,0.0271135941147804,0.0033301471266895,-0.0209941826760768,-0.2641061842441559,0.0479201041162014,0.0487543046474456,-0.0056575881317257,-0.0397297218441963,0.0345994234085083,0.016847962513566,-0.0090230032801628,-0.0033557014539837,0.0535035654902458,0.0105218850076198,-0.0469780936837196,-0.1000401973724365,0.0061878766864538,-0.0960224784330395,0.0134128919788982,-0.1349940017286527,0.0018751594619106,-0.1368689090856759,0.041492667861912,-0.2339627414372783,-0.0029324651185734,-0.1716887667948875,-0.0591194573616987,-0.3569036790572351,-0.0319657499769516,2019-02-21,2019-02-22,2019-02-25,2019-02-26,2019-02-27,2019-02-28,2019-03-01,2019-03-04,2019-03-05,2019-03-06,11664.0,2019-02-20,252.0,-0.1738%,0.0006,1.4038,0.4183,-0.6884,1.8928%,2.5714%,45.8187%,-0.001668,GDOT,11664.0,2019-02-21,252.0,-10.0040%,0.0001,1.4314,0.4533,-0.6369,1.9861%,2.6491%,43.7886%,-0.0962369999999999,GDOT,11664.0,2019-02-22,252.0,0.4464%,0.0001,1.4336,0.4563,-0.6079,1.9887%,2.6485%,43.6191%,-0.016796,GDOT,11664.0,2019-02-25,252.0,-4.3111%,-0.0004,1.4452,0.4901,-0.5475,1.9132%,2.5881%,45.3537%,-0.045269,GDOT,11664.0,2019-02-26,252.0,-1.9972%,-0.0004,1.462,0.4961,-0.5319,1.9106%,2.5912%,45.6335%,-0.01643,GDOT,11664.0,2019-02-27,252.0,1.8167%,-0.0003,1.4667,0.4923,-0.5311,1.9121%,2.5936%,45.6475%,0.0151709999999999,GDOT,11664.0,2019-02-28,252.0,0.1552%,-0.0003,1.4721,0.4962,-0.5283,1.9109%,2.5931%,45.6969%,0.004572,GDOT,11664.0,2019-03-01,252.0,-1.2239%,-0.0004,1.4693,0.4921,-0.5204,1.9177%,2.5931%,45.3061%,-0.026479,GDOT,11664.0,2019-03-04,252.0,-3.1524%,-0.0006,1.4798,0.4749,-0.5271,1.9185%,2.6007%,45.5796%,-0.019976,GDOT,11664.0,2019-03-05,252.0,-2.6883%,-0.0006,1.4859,0.507,-0.514,1.9233%,2.6057%,45.5208%,-0.0242499999999999,GDOT,11664.0,2019-03-06,252.0,-4.8095%,-0.0007,1.5094,0.5554,-0.4809,1.9264%,2.6225%,46.0431%,-0.029109,GDOT,-0.0979049999999999,-0.114701,-0.15997,-0.161229,-0.256471
7987,GENESIS ENERGY L P,"Genesis Energy Q4 EPS $(0.35) May Not Compare To $0.11 Estimate, Sales $689.3M Miss $737.93M Estimate",6,decrease,0.8,0.7,the significant miss in both eps and sales compared to estimates is likely to negatively impact investor sentiment and lead to a decrease in stock price.,0,2019-02-20,GEL,2019-02-20 11:16:00+00:00,84167.0,37192710,-0.0333333350718021,925272.0,-0.0004597806255333,0.0250569116324186,0.0124195246025919,0.02666050568223,0.0222625974565744,0.019551733508706,-0.0168888512998819,0.0101155629381537,-0.0158228017389774,0.0380000099539756,-0.010105705820024,0.0025062272325158,-0.0013920547207817,-0.0138407703489065,0.0088289324194192,-0.0283381436020135,-0.0041454741731286,-0.0118652116507291,-0.0078630931675434,-0.0037825023755431,0.0083915330469608,0.0,0.0134073477238416,0.0109942415729165,0.0319343395531177,-0.0052306517027318,0.0022103993687778,0.0018570000538602,-0.0013233651407063,0.0013947320403531,-0.0035335656721144,0.0004651269118767,0.0026596353854984,0.0228353720158338,0.0154729643836617,0.0086372504010796,0.0134959239512682,-0.0146571854129433,0.012457001954317,0.0014203967293724,0.013152290135622,0.0047573917545378,-0.0305694956332445,-0.0028462745249271,0.0008639506995677,0.0038095202762633,-0.0021579300519078,0.017935087904334,0.0017300607869401,-0.0213472843170166,-0.0038860170170664,-0.0075329495593905,0.0099696377292275,-0.0283623430877924,0.0034334731753915,0.037986759096384,-0.0008553700172342,0.0308369621634483,-0.0047089299187064,0.0250878073275089,-0.0051613263785839,0.0561737902462482,0.0025940930936485,0.0042575793340802,0.0,0.0173254795372486,-0.0150927286595106,0.0210060346871614,-0.0043783001601696,-0.0295063983649015,0.0026384990196675,-0.0199790243059396,0.0179824493825435,0.0691399350762367,0.0012925759656354,-0.0636841654777526,-0.0111876176670193,-0.0109317591413855,-0.0078329117968678,-0.0494804568588733,-0.0004385228967294,0.0186491403728723,0.0272048655897378,-0.0274509545415639,-0.0119607299566268,-0.0476190671324729,-0.0090790791437029,-0.0133578544482588,-0.0069807958789169,0.0216470155864954,0.0017574256053194,-0.0107076140120625,0.0052631949074566,-0.0009302538237534,-0.0082896929234266,-0.0358744077384471,-0.0108205489814281,-0.0084482226520776,-0.019143121317029,-0.0035445247776806,0.0078996317461133,-0.0165577810257673,-0.0050714896060526,0.0408163964748382,-0.0166821405291557,-0.0234721302986145,-0.0009424387826584,0.012102217413485,0.0033018721733242,0.0215201154351234,0.0282087624073028,-0.0090744439512491,-0.0205761659890413,0.002729816827923,0.013071927241981,-0.0252771489322185,0.0064515843987464,0.0348783060908317,-0.001373657840304,-0.0438788942992687,-0.0004597806255333,0.0250569116324186,0.0119540337202681,0.0523854472496039,0.0344827590175391,0.0729614070626687,0.0009195616669301,0.1249999970911182,-0.0137930677757934,0.0638298039482205,0.0689655160666218,0.1584769008955142,0.0276241122617086,0.0130953904305164,2019-02-21,2019-02-22,2019-02-25,2019-02-26,2019-02-27,2019-02-28,2019-03-01,2019-03-04,2019-03-05,2019-03-06,84167.0,2019-02-20,252.0,-3.3333%,0.0007,1.0834,0.457,0.5454,1.7702%,2.0705%,26.9065%,-0.03974,GEL,84167.0,2019-02-21,252.0,-0.0460%,0.0006,1.0887,0.4688,0.5552,1.7669%,2.0699%,27.1348%,0.005023,GEL,84167.0,2019-02-22,252.0,1.2420%,0.0008,1.0858,0.5077,0.5562,1.7597%,2.0643%,27.3368%,0.010825,GEL,84167.0,2019-02-25,252.0,2.2263%,0.001,1.0806,0.4917,0.5284,1.7429%,2.0481%,27.5817%,0.022855,GEL,84167.0,2019-02-26,252.0,-1.6889%,0.0011,1.0957,0.4929,0.5403,1.7392%,2.0508%,28.0754%,-0.0103699999999999,GEL,84167.0,2019-02-27,252.0,-1.5823%,0.0008,1.0765,0.5216,0.5371,1.7224%,2.0275%,27.8330%,-0.017197,GEL,84167.0,2019-02-28,252.0,-1.0106%,0.0007,1.0853,0.5274,0.545,1.7206%,2.0286%,28.0661%,-0.00563,GEL,84167.0,2019-03-01,252.0,-0.1392%,0.0008,1.073,0.5091,0.5303,1.7182%,2.0181%,27.5087%,-0.008646,GEL,84167.0,2019-03-04,252.0,0.8829%,0.0007,1.0848,0.4578,0.53,1.7107%,2.0145%,27.8879%,0.014287,GEL,84167.0,2019-03-05,252.0,-0.4145%,0.0009,1.0937,0.5262,0.5365,1.6928%,2.0068%,28.8439%,0.0003,GEL,84167.0,2019-03-06,252.0,-0.7863%,0.0008,1.0788,0.5227,0.5191,1.6872%,1.9964%,28.5721%,0.00765,GEL,-0.034717,-0.023892,-0.001037,-0.028604,-0.0206429999999999
7995,GILDAN ACTIVEWEAR INC,Gildan Activewear's Q4 Earnings Preview,6,uncertain,0.5,0.5,the q4 earnings preview could lead to varying investor reactions depending on the actual results and market expectations.,1,2019-02-20,GIL,2019-02-20 18:41:00+00:00,86121.0,37591610,-0.005240183789283,1234487.0,-0.0058529986999928,-0.0040592402219772,0.0326759070158004,0.0,0.007981720380485,0.0067134667187929,0.0121606420725584,0.0005840140511281,0.0005588280619122,0.0008770124404691,-0.003909611608833,-0.0061010778881609,0.0078498069196939,-0.002318893559277,-0.0080667845904827,0.0043668569996953,-0.0036455711815506,0.0040923529304564,-0.0012946891365572,0.0055849095806479,-0.0019801894668489,0.0011771899880841,0.0019841184839606,0.0029515486676245,0.0025459732860326,0.0107398750260472,-0.0036680942866951,-0.0056362692266702,0.0065137222409248,0.0038712699897587,0.0109735336154699,0.0108368629589676,-0.0033397977240383,0.0196439325809478,0.0111699998378753,-0.0168979354202747,0.0096659017726778,0.0146968625485897,-0.0103939017280936,-0.003356747329235,0.0085683073848485,0.0049064657650887,-0.0002741062198765,0.0089728003367781,0.0068530701100826,0.0138017740100622,-0.0136128505691885,0.0159337166696786,-0.0110405106097459,-0.0009551317198202,0.0005580977303907,-0.0141243170946836,0.0033473570365458,-0.0046859644353389,0.017514519393444,0.0161904226988554,0.0051913238130509,0.0138397263363003,-0.00733896298334,0.0223757922649383,0.0076669980771839,0.0197986625134944,-0.0065216813236474,-0.0177983157336711,0.0019146524136886,-0.0006587766110897,0.0008189674699679,0.0039682816714048,0.0051827230490744,-0.0117647256702184,-0.0021709096617996,-0.0087463706731796,0.0076148700900375,0.0345174483954906,-0.0013495071325451,-0.0016727747861295,0.0024324364494532,-0.0119008468464016,0.0002695691946428,-0.0168995913118124,0.0024258801713585,-0.0194390919059515,0.0018822182901203,-0.0025429092347621,0.0056361490860581,-0.0293119642883539,0.0018681529909372,-0.0088685294613242,0.0053276708349585,0.0033752871677279,-0.0174880716949701,0.023555276915431,-0.0018879047129303,-0.0181930363178253,-0.0037827449850738,0.0012349773896858,-0.0154597153887152,-0.0305297952145338,0.0506887100636959,-0.0167745649814605,-0.0136339925229549,0.0077105076052248,0.0087719783186912,0.0267966222018003,-0.0044796303845942,0.0160891227424144,-0.0119109833613038,0.0093691200017929,0.0048217647708952,0.0085039511322975,0.0031992201693356,-0.0006295391358435,-0.0276375468820333,0.0069730975665152,0.005465995054692,0.0070220017805695,0.0158738996833562,0.0109712863340973,0.0061761420220136,-0.0086372504010796,-0.0058529986999928,-0.0040592402219772,0.026631656274523,-0.0040592402219772,0.0348259430886606,0.0026269749226819,0.0479954131411346,0.0040923530273262,0.0384547956584446,0.0097001181382072,0.0728252137049281,0.1303059927718388,0.1046935374171262,0.0988483094146777,2019-02-21,2019-02-22,2019-02-25,2019-02-26,2019-02-27,2019-02-28,2019-03-01,2019-03-04,2019-03-05,2019-03-06,86121.0,2019-02-20,252.0,-0.5240%,0.0003,0.4787,0.2279,-0.3818,1.7486%,1.8715%,12.6990%,-0.004661,GIL,86121.0,2019-02-21,252.0,-0.5853%,0.0003,0.4772,0.2238,-0.3844,1.7483%,1.8708%,12.6635%,-0.004901,GIL,86121.0,2019-02-22,252.0,3.2676%,0.0004,0.4737,0.2371,-0.4147,1.7534%,1.8810%,13.1083%,0.0225919999999999,GIL,86121.0,2019-02-25,252.0,0.7982%,0.0006,0.4698,0.23,-0.433,1.7411%,1.8707%,13.3786%,0.0070409999999999,GIL,86121.0,2019-02-26,252.0,1.2161%,0.0006,0.4645,0.218,-0.4431,1.7426%,1.8707%,13.2301%,0.012855,GIL,86121.0,2019-02-27,252.0,0.0559%,0.0006,0.4652,0.2163,-0.4429,1.7426%,1.8707%,13.2252%,-0.000905,GIL,86121.0,2019-02-28,252.0,-0.3910%,0.0006,0.4578,0.211,-0.4473,1.7401%,1.8657%,13.0179%,-0.003718,GIL,86121.0,2019-03-01,252.0,0.7850%,0.0007,0.4546,0.2063,-0.4529,1.7397%,1.8650%,12.9872%,0.002063,GIL,86121.0,2019-03-04,252.0,-0.8067%,0.0007,0.453,0.2151,-0.4533,1.7396%,1.8652%,13.0130%,-0.003201,GIL,86121.0,2019-03-05,252.0,-0.3646%,0.0007,0.4554,0.231,-0.4501,1.7392%,1.8655%,13.0842%,-0.003387,GIL,86121.0,2019-03-06,252.0,-0.1295%,0.0007,0.4578,0.2173,-0.4493,1.7386%,1.8652%,13.1103%,0.005532,GIL,-0.009562,0.0130299999999999,0.0200709999999999,0.0320209999999999,0.0293099999999999
8003,BARRICK GOLD CORP,Barrick Confirms Commitment To Chile As It Reviews Its Latin American Strategy,6,increase,0.7,0.6,"barrick gold corp's commitment to chile suggests a strategic focus on a key region, which may enhance investor confidence and positively impact the stock price.",2,2019-02-20,GOLD,2019-02-20 18:17:00+00:00,71298.0,06790110,0.0154981575906276,28876718.0,-0.0319767817854881,0.0463320761919021,-0.0210210010409355,0.0030983705073595,-0.0329754836857318,0.0070202928036451,-0.0015860035782679,-0.0411368869245052,-0.0071485424414277,-0.0044676410034298,0.0112000275403261,-0.0139500424265861,-0.0261075887829065,0.0209894850850105,0.0162469372153282,0.0075528989546,0.0151878157630562,-0.0089820278808474,-0.0236220620572567,0.0007490093703381,0.0185484271496534,0.0075471987947821,0.0237529836595058,-0.0104555888101458,0.0193348787724971,0.0260536503046751,0.0037935688160359,0.0092807337641716,0.0090703582391142,0.0478120036423206,-0.0179775822907686,0.0073469514027237,-0.0083905160427093,0.0337552428245544,-0.0038461685180664,0.0067969346418976,-0.0084941824898123,-0.0008488349267281,0.0210279989987611,-0.0008481958648189,0.0129672065377235,-0.009243668988347,0.029367497190833,0.0042193448171019,0.0438917614519596,-0.000843109213747,0.0161176975816488,-0.0357724018394947,-0.0172413792461156,-0.0112539706751704,-0.0259649045765399,0.0064724860712885,-0.0122478436678648,-0.0072289281524717,-0.0196936875581741,0.008914072997868,0.0014881293755024,-0.044891633093357,-0.0118870614096522,-0.0129870185628533,0.0195488892495632,0.0069230888038873,-0.005162289366126,-0.007633616682142,0.0022239205427467,-0.0324962772428989,0.0147928847000002,0.0320122018456459,-0.0094752265140414,-0.0430342927575111,-0.010301717557013,0.0095238406211137,-0.0022304635494947,0.0007330846856348,0.0156482886523008,0.0396341830492019,-0.0249449852854013,-0.0194320045411586,-0.0067720203660428,0.0388198755681514,0.0015151861589401,-0.0720461085438728,-0.0189107414335012,0.0168498530983924,-0.0123361479490995,-0.0007320811855606,0.0015612414572387,-0.0318922623991966,0.0007794410921633,0.0064193434081971,0.0124610476195812,0.0308823585510253,-0.0261538587510585,-0.0173410233110189,0.0047393697313964,0.0116958953440189,-0.0102201346307992,0.023186270147562,-0.0063542434945702,0.0182787328958511,0.0063948780298233,0.010777547955513,0.000794299354311,0.0188235118985176,0.009523800574243,-0.0229885205626487,-0.0117924977093935,0.0022988505661487,-0.0159108843654394,0.02352942712605,-0.0299110654741525,-0.0214888509362936,0.0258333683013916,-0.0045836837962269,0.0121851842850446,-0.0274888481944799,0.0032102698460221,0.0330007933080196,-0.0255999751389026,-0.0045836837962269,-0.0319767817854881,0.0463320761919021,-0.0523255988632251,0.0495740006376794,-0.0835756206172966,0.0569423174412491,-0.0915697814668117,0.0089352119849188,-0.0988372514070559,0.0149812597965908,-0.0334302352647533,0.0351413343435083,-0.1148255730500296,0.0428183100486982,2019-02-21,2019-02-22,2019-02-25,2019-02-26,2019-02-27,2019-02-28,2019-03-01,2019-03-04,2019-03-05,2019-03-06,71298.0,2019-02-20,252.0,1.5498%,0.0002,-0.0299,0.2488,-0.2354,1.9784%,1.9901%,1.1659%,0.016373,GOLD,71298.0,2019-02-21,252.0,-3.1977%,0.0002,-0.0315,0.2384,-0.238,1.9829%,1.9941%,1.1252%,-0.032555,GOLD,71298.0,2019-02-22,252.0,-2.1021%,0.0002,-0.0286,0.2551,-0.1881,1.9867%,1.9964%,0.9732%,-0.025726,GOLD,71298.0,2019-02-25,252.0,-3.2975%,0.0001,-0.0302,0.2697,-0.1865,1.9951%,2.0054%,1.0207%,-0.032708,GOLD,71298.0,2019-02-26,252.0,-0.1586%,0.0002,-0.0162,0.2571,-0.1824,1.9897%,1.9995%,0.9732%,-0.000624,GOLD,71298.0,2019-02-27,252.0,-0.7149%,0.0001,-0.0183,0.2585,-0.1828,1.9902%,2.0000%,0.9747%,-0.007941,GOLD,71298.0,2019-02-28,252.0,1.1200%,0.0003,-0.0393,0.2444,-0.2005,1.9787%,1.9885%,0.9751%,0.010535,GOLD,71298.0,2019-03-01,252.0,-2.6108%,0.0003,-0.058,0.2167,-0.2164,1.9820%,1.9912%,0.9203%,-0.027425,GOLD,71298.0,2019-03-04,252.0,1.6247%,0.0004,-0.0657,0.2268,-0.2109,1.9835%,1.9928%,0.9300%,0.017567,GOLD,71298.0,2019-03-05,252.0,1.5188%,0.0004,-0.0697,0.2054,-0.2192,1.9852%,1.9939%,0.8740%,0.015183,GOLD,71298.0,2019-03-06,252.0,-2.3622%,0.0003,-0.0656,0.2551,-0.2079,1.9890%,1.9993%,1.0214%,-0.021621,GOLD,-0.016182,-0.041908,-0.074616,-0.083181,-0.088942
8011,GLOBAL PAYMENTS INC,Guggenheim Sees Balanced Risk-Reward For Global Payments After Robust Q4,6,uncertain,0.6,0.2,"while guggenheim's assessment of a balanced risk-reward suggests potential stability, it does not indicate a clear direction for stock price movement, leading to uncertainty.",1,2019-02-20,GPN,2019-02-20 16:10:00+00:00,88873.0,37940X10,0.0126236202195286,1741452.0,0.005399398971349,0.0086780181154608,0.0087663922458887,0.0143973669037222,0.003836200106889,-0.0097759421914815,0.0014037800719961,0.0453926250338554,0.0068536209873855,0.0120668988674879,0.0085087111219763,0.0097475638613104,0.0085135800763964,0.0168141722679138,-0.0072249765507876,-0.0115465335547924,-0.0045962226577103,-0.008499595336616,-0.0030013804789632,0.0015635883901268,0.0024700274225324,0.0119549976661801,0.0034650976303964,0.0131813623011112,0.0120472069829702,-0.012315284460783,0.0,0.0269196331501007,0.0084161087870597,-0.0085087735205888,-0.0048119840212166,-0.0139539148658514,0.0133735472336411,0.0089102732017636,-0.0005964944139122,0.0085370652377605,0.0023128380998969,-0.0125122340396046,-0.007368853315711,-0.0165808014571666,0.0209207646548748,0.0102265365421772,-0.0157913621515035,0.0046054082922637,-0.0082090003415942,0.0080350106582045,0.0134688382968306,0.0179025921970605,-0.0051970966160297,-0.0067695640027523,0.008657275699079,0.0048979674465954,0.0101369619369506,0.0091533176600933,0.0156753547489643,0.0146744856610894,0.0010096594924107,0.026406068354845,-0.0072046108543872,0.0209245886653661,-0.0153120504692196,0.0408225171267986,0.0089173223823308,-0.0324414148926734,-0.0019721623975783,-0.0106661347672343,0.0003658624773379,0.0057538165710866,0.0027071291115134,-0.0018495321273803,0.0001459633058402,0.0127168856561183,0.0151017140597105,0.0636468455195427,-0.0059652281925082,-0.0093486439436674,0.003687439719215,-0.0261987056583166,-0.0012967002112418,-0.0244720336049795,0.0074293045327067,0.001977426931262,0.0065153837203979,0.0151560995727777,0.0222649369388818,-0.0193897765129804,-0.0057059861719608,-0.0209116153419017,0.0037790837232023,-0.005557722877711,0.010179229080677,0.013203889131546,0.0033819137606769,-0.0076115322299301,0.004746199119836,-0.0004814659478142,-0.0136236418038606,-0.023325840011239,0.001735147088766,-0.0062622507102787,0.010877794586122,-0.0516752526164054,0.0097327856346964,0.0090332003310322,-0.0211784560233354,0.0095710838213562,0.0061719794757664,-0.0027912619989365,0.0067545040510594,0.0472418144345283,0.0056136921048164,-0.0035703959874808,-0.0223976671695709,0.0319984778761863,0.0222143940627574,-0.0071243424899876,0.0097418623045086,0.0070777907967567,0.021454544737935,-0.0118796499446034,0.005399398971349,0.0086780181154608,0.0142131244665126,0.0232003256299886,0.0181038489629994,0.0131975783963247,0.0265205359172568,0.071970406034602,0.028664448112649,0.0803509366274324,0.0942545049175074,0.2104136502171991,0.202250520145258,0.1916266606015619,2019-02-21,2019-02-22,2019-02-25,2019-02-26,2019-02-27,2019-02-28,2019-03-01,2019-03-04,2019-03-05,2019-03-06,88873.0,2019-02-20,252.0,1.2624%,0.0,1.059,0.0588,-0.693,0.9159%,1.6342%,68.5851%,0.014223,GPN,88873.0,2019-02-21,252.0,0.5399%,0.0,1.0602,0.063,-0.6907,0.9157%,1.6344%,68.6096%,0.007665,GPN,88873.0,2019-02-22,252.0,0.8766%,0.0001,1.0606,0.083,-0.6674,0.9116%,1.6291%,68.6916%,-0.008725,GPN,88873.0,2019-02-25,252.0,0.3836%,0.0001,1.0601,0.0819,-0.6701,0.9111%,1.6292%,68.7284%,0.00116,GPN,88873.0,2019-02-26,252.0,0.1404%,0.0001,1.057,0.0831,-0.6718,0.9106%,1.6237%,68.5474%,0.001313,GPN,88873.0,2019-02-27,252.0,0.6854%,0.0001,1.0615,0.0765,-0.671,0.9089%,1.6241%,68.6811%,0.004838,GPN,88873.0,2019-02-28,252.0,0.8509%,0.0001,1.0644,0.0788,-0.6712,0.9093%,1.6246%,68.6758%,0.0100069999999999,GPN,88873.0,2019-03-01,252.0,0.8514%,0.0001,1.0656,0.0806,-0.6683,0.9092%,1.6246%,68.6803%,-0.002153,GPN,88873.0,2019-03-04,252.0,-0.7225%,0.0001,1.0629,0.0887,-0.6674,0.9085%,1.6215%,68.6055%,0.001155,GPN,88873.0,2019-03-05,252.0,-0.4596%,0.0001,1.0622,0.0808,-0.6662,0.9081%,1.6182%,68.5047%,-0.004206,GPN,88873.0,2019-03-06,252.0,-0.3001%,0.0001,1.0631,0.0631,-0.6676,0.9080%,1.6183%,68.5151%,0.007117,GPN,0.0218879999999999,0.0131629999999999,0.0143229999999999,0.020474,0.032394
8019,GARMIN LTD,Garmin shares are trading higher after the company reported better than expected Q4 results and announced strong 2019 EPS and revenue guidance.,6,increase,0.85,0.7,"the better than expected q4 results and strong guidance for 2019 are likely to boost investor confidence, leading to an increase in garmin's stock price.",2,2019-02-20,GRMN,2019-02-20 13:36:00+00:00,88837.0,H2906T10,0.1703536212444305,8413035.0,-0.0077052661217749,-0.0090756984427571,0.007886454463005,0.0032217868138104,0.0057782996445894,-0.0001400859327986,0.0011968697654083,-0.0020964574068784,0.0062163374386727,0.0141743440181016,-0.0023761072661727,0.0041275392286479,0.0085745053365826,0.0097729275003075,0.0005903344135731,-0.0027231592684984,-0.0090865781530737,0.0018667038530111,-0.0057163671590387,0.0010061764623969,-0.0057491404004395,0.0033170373644679,-0.0039754468016326,0.0023127498570829,0.0142718954011797,0.001157768885605,0.0079894848167896,0.0061152908019721,-0.0069797271862626,0.0155256995931267,-0.0046461941674351,-0.0138525012880563,0.0025288907345384,0.0082329493016004,0.0084083713591098,0.0056179370731115,-0.0032161602284759,0.0037097493186593,0.0064531657844781,-0.0075110769830644,0.0043931975960731,0.0128281712532043,-0.0119398813694715,0.0053989291191101,0.0067001380957663,0.0063386382535099,0.0128357717767357,0.0076034059748053,0.0078619830310344,-0.0121676065027713,-0.0032599694095551,0.0078727724030613,0.0086438246071338,0.0056334156543016,0.0177185740321874,0.0138932010158896,0.0042103179730474,0.0093486830592155,0.0035127201117575,0.0072190691716969,-0.0040650474838912,0.0379540957510471,-0.0003401222347747,-0.018074233084917,0.0105478093028068,-0.0126342270523309,-0.0097642550244927,0.0079592484980821,0.0064603840000927,-0.002223624382168,0.0023648545611649,0.0122186224907636,-0.0006741398246958,0.0272502321749925,-0.003260183148086,-0.0127181243151426,-0.0100384270772337,-0.0127172749489545,-0.0180015303194522,-0.0009649625862948,0.0039447303861379,-0.0217117853462696,-0.0053160646930336,0.0071304193697869,0.010108083486557,-0.0311636291444301,-0.0036806957796216,-0.0145234353840351,-0.010505698621273,0.0054323496297001,0.001050098799169,0.0134576736018061,-0.0039627500809729,0.0070845382288098,0.0032763723284006,0.0038651823997497,-0.0662468001246452,-0.0053821080364286,-0.0162377655506134,-0.0206325706094503,0.0100304838269949,-0.0316464677453041,-0.0030170395039021,0.0286528039723634,-0.0118521600961685,0.0103061571717262,0.0039555639959871,-0.0060258195735514,-0.0015252000885084,0.0156058240681886,0.0095468433573842,-0.0077425553463399,-0.025595748797059,0.0135406199842691,0.0091873593628406,-0.0019963893573731,0.0133350547403097,0.0114943385124206,0.0048083625733852,-0.0070943725295364,-0.0077052661217749,-0.0090756984427571,0.0001204211108354,-0.0058831515945156,0.0058994165846868,-0.0060224133805354,0.013363841425148,0.0059531982577323,0.0051769850709775,0.0201236384683167,0.0727654943831004,0.1137790313826543,-0.0380723348783144,0.1033166813083152,2019-02-21,2019-02-22,2019-02-25,2019-02-26,2019-02-27,2019-02-28,2019-03-01,2019-03-04,2019-03-05,2019-03-06,88837.0,2019-02-20,252.0,17.0354%,0.001,0.7768,0.2753,0.0365,1.3995%,1.6283%,26.1341%,0.16919,GRMN,88837.0,2019-02-21,252.0,-0.7705%,0.001,0.7779,0.2764,0.0386,1.3999%,1.6288%,26.1274%,-0.004654,GRMN,88837.0,2019-02-22,252.0,0.7886%,0.0012,0.7754,0.3393,0.066,1.3687%,1.6015%,26.9540%,0.001778,GRMN,88837.0,2019-02-25,252.0,0.5778%,0.0013,0.7724,0.3343,0.0524,1.3598%,1.5937%,27.2048%,0.005516,GRMN,88837.0,2019-02-26,252.0,0.1197%,0.0014,0.7794,0.323,0.0518,1.3576%,1.5937%,27.4346%,0.004645,GRMN,88837.0,2019-02-27,252.0,0.6216%,0.0014,0.781,0.3211,0.0521,1.3576%,1.5938%,27.4461%,0.004863,GRMN,88837.0,2019-02-28,252.0,-0.2376%,0.0014,0.7823,0.3219,0.0534,1.3576%,1.5931%,27.3814%,1.1e-05,GRMN,88837.0,2019-03-01,252.0,0.8575%,0.0014,0.7778,0.3153,0.0462,1.3567%,1.5897%,27.1603%,0.002132,GRMN,88837.0,2019-03-04,252.0,0.0590%,0.0014,0.7765,0.316,0.0474,1.3569%,1.5889%,27.0640%,0.005626,GRMN,88837.0,2019-03-05,252.0,-0.9087%,0.0014,0.778,0.3227,0.0515,1.3579%,1.5895%,27.0218%,-0.006763,GRMN,88837.0,2019-03-06,252.0,-0.5716%,0.0014,0.7796,0.3132,0.052,1.3576%,1.5902%,27.1131%,0.004775,GRMN,0.164536,0.166314,0.17183,0.181338,0.187119
8027,GARMIN LTD,"Garmin Sees FY19 Sales ~$3.5B vs $3.43B Est., EPS ~$3.70 vs $3.52 Est.",6,increase,0.8,0.6,"garmin's sales and eps exceeded estimates, which typically signals strong performance and can lead to a positive reaction in the stock market.",2,2019-02-20,GRMN,2019-02-20 12:06:00+00:00,88837.0,H2906T10,0.1703536212444305,8413035.0,-0.0077052661217749,-0.0090756984427571,0.007886454463005,0.0032217868138104,0.0057782996445894,-0.0001400859327986,0.0011968697654083,-0.0020964574068784,0.0062163374386727,0.0141743440181016,-0.0023761072661727,0.0041275392286479,0.0085745053365826,0.0097729275003075,0.0005903344135731,-0.0027231592684984,-0.0090865781530737,0.0018667038530111,-0.0057163671590387,0.0010061764623969,-0.0057491404004395,0.0033170373644679,-0.0039754468016326,0.0023127498570829,0.0142718954011797,0.001157768885605,0.0079894848167896,0.0061152908019721,-0.0069797271862626,0.0155256995931267,-0.0046461941674351,-0.0138525012880563,0.0025288907345384,0.0082329493016004,0.0084083713591098,0.0056179370731115,-0.0032161602284759,0.0037097493186593,0.0064531657844781,-0.0075110769830644,0.0043931975960731,0.0128281712532043,-0.0119398813694715,0.0053989291191101,0.0067001380957663,0.0063386382535099,0.0128357717767357,0.0076034059748053,0.0078619830310344,-0.0121676065027713,-0.0032599694095551,0.0078727724030613,0.0086438246071338,0.0056334156543016,0.0177185740321874,0.0138932010158896,0.0042103179730474,0.0093486830592155,0.0035127201117575,0.0072190691716969,-0.0040650474838912,0.0379540957510471,-0.0003401222347747,-0.018074233084917,0.0105478093028068,-0.0126342270523309,-0.0097642550244927,0.0079592484980821,0.0064603840000927,-0.002223624382168,0.0023648545611649,0.0122186224907636,-0.0006741398246958,0.0272502321749925,-0.003260183148086,-0.0127181243151426,-0.0100384270772337,-0.0127172749489545,-0.0180015303194522,-0.0009649625862948,0.0039447303861379,-0.0217117853462696,-0.0053160646930336,0.0071304193697869,0.010108083486557,-0.0311636291444301,-0.0036806957796216,-0.0145234353840351,-0.010505698621273,0.0054323496297001,0.001050098799169,0.0134576736018061,-0.0039627500809729,0.0070845382288098,0.0032763723284006,0.0038651823997497,-0.0662468001246452,-0.0053821080364286,-0.0162377655506134,-0.0206325706094503,0.0100304838269949,-0.0316464677453041,-0.0030170395039021,0.0286528039723634,-0.0118521600961685,0.0103061571717262,0.0039555639959871,-0.0060258195735514,-0.0015252000885084,0.0156058240681886,0.0095468433573842,-0.0077425553463399,-0.025595748797059,0.0135406199842691,0.0091873593628406,-0.0019963893573731,0.0133350547403097,0.0114943385124206,0.0048083625733852,-0.0070943725295364,-0.0077052661217749,-0.0090756984427571,0.0001204211108354,-0.0058831515945156,0.0058994165846868,-0.0060224133805354,0.013363841425148,0.0059531982577323,0.0051769850709775,0.0201236384683167,0.0727654943831004,0.1137790313826543,-0.0380723348783144,0.1033166813083152,2019-02-21,2019-02-22,2019-02-25,2019-02-26,2019-02-27,2019-02-28,2019-03-01,2019-03-04,2019-03-05,2019-03-06,88837.0,2019-02-20,252.0,17.0354%,0.001,0.7768,0.2753,0.0365,1.3995%,1.6283%,26.1341%,0.16919,GRMN,88837.0,2019-02-21,252.0,-0.7705%,0.001,0.7779,0.2764,0.0386,1.3999%,1.6288%,26.1274%,-0.004654,GRMN,88837.0,2019-02-22,252.0,0.7886%,0.0012,0.7754,0.3393,0.066,1.3687%,1.6015%,26.9540%,0.001778,GRMN,88837.0,2019-02-25,252.0,0.5778%,0.0013,0.7724,0.3343,0.0524,1.3598%,1.5937%,27.2048%,0.005516,GRMN,88837.0,2019-02-26,252.0,0.1197%,0.0014,0.7794,0.323,0.0518,1.3576%,1.5937%,27.4346%,0.004645,GRMN,88837.0,2019-02-27,252.0,0.6216%,0.0014,0.781,0.3211,0.0521,1.3576%,1.5938%,27.4461%,0.004863,GRMN,88837.0,2019-02-28,252.0,-0.2376%,0.0014,0.7823,0.3219,0.0534,1.3576%,1.5931%,27.3814%,1.1e-05,GRMN,88837.0,2019-03-01,252.0,0.8575%,0.0014,0.7778,0.3153,0.0462,1.3567%,1.5897%,27.1603%,0.002132,GRMN,88837.0,2019-03-04,252.0,0.0590%,0.0014,0.7765,0.316,0.0474,1.3569%,1.5889%,27.0640%,0.005626,GRMN,88837.0,2019-03-05,252.0,-0.9087%,0.0014,0.778,0.3227,0.0515,1.3579%,1.5895%,27.0218%,-0.006763,GRMN,88837.0,2019-03-06,252.0,-0.5716%,0.0014,0.7796,0.3132,0.052,1.3576%,1.5902%,27.1131%,0.004775,GRMN,0.164536,0.166314,0.17183,0.181338,0.187119
8035,GARMIN LTD,"Garmin Q4 Adj. EPS $1.02 Beats $0.80 Estimate, Sales $932.11M Beat $891.33M Estimate",6,increase,0.85,0.7,the better-than-expected adjusted eps and sales figures are likely to boost investor confidence and lead to an increase in garmin ltd's stock price.,2,2019-02-20,GRMN,2019-02-20 12:05:00+00:00,88837.0,H2906T10,0.1703536212444305,8413035.0,-0.0077052661217749,-0.0090756984427571,0.007886454463005,0.0032217868138104,0.0057782996445894,-0.0001400859327986,0.0011968697654083,-0.0020964574068784,0.0062163374386727,0.0141743440181016,-0.0023761072661727,0.0041275392286479,0.0085745053365826,0.0097729275003075,0.0005903344135731,-0.0027231592684984,-0.0090865781530737,0.0018667038530111,-0.0057163671590387,0.0010061764623969,-0.0057491404004395,0.0033170373644679,-0.0039754468016326,0.0023127498570829,0.0142718954011797,0.001157768885605,0.0079894848167896,0.0061152908019721,-0.0069797271862626,0.0155256995931267,-0.0046461941674351,-0.0138525012880563,0.0025288907345384,0.0082329493016004,0.0084083713591098,0.0056179370731115,-0.0032161602284759,0.0037097493186593,0.0064531657844781,-0.0075110769830644,0.0043931975960731,0.0128281712532043,-0.0119398813694715,0.0053989291191101,0.0067001380957663,0.0063386382535099,0.0128357717767357,0.0076034059748053,0.0078619830310344,-0.0121676065027713,-0.0032599694095551,0.0078727724030613,0.0086438246071338,0.0056334156543016,0.0177185740321874,0.0138932010158896,0.0042103179730474,0.0093486830592155,0.0035127201117575,0.0072190691716969,-0.0040650474838912,0.0379540957510471,-0.0003401222347747,-0.018074233084917,0.0105478093028068,-0.0126342270523309,-0.0097642550244927,0.0079592484980821,0.0064603840000927,-0.002223624382168,0.0023648545611649,0.0122186224907636,-0.0006741398246958,0.0272502321749925,-0.003260183148086,-0.0127181243151426,-0.0100384270772337,-0.0127172749489545,-0.0180015303194522,-0.0009649625862948,0.0039447303861379,-0.0217117853462696,-0.0053160646930336,0.0071304193697869,0.010108083486557,-0.0311636291444301,-0.0036806957796216,-0.0145234353840351,-0.010505698621273,0.0054323496297001,0.001050098799169,0.0134576736018061,-0.0039627500809729,0.0070845382288098,0.0032763723284006,0.0038651823997497,-0.0662468001246452,-0.0053821080364286,-0.0162377655506134,-0.0206325706094503,0.0100304838269949,-0.0316464677453041,-0.0030170395039021,0.0286528039723634,-0.0118521600961685,0.0103061571717262,0.0039555639959871,-0.0060258195735514,-0.0015252000885084,0.0156058240681886,0.0095468433573842,-0.0077425553463399,-0.025595748797059,0.0135406199842691,0.0091873593628406,-0.0019963893573731,0.0133350547403097,0.0114943385124206,0.0048083625733852,-0.0070943725295364,-0.0077052661217749,-0.0090756984427571,0.0001204211108354,-0.0058831515945156,0.0058994165846868,-0.0060224133805354,0.013363841425148,0.0059531982577323,0.0051769850709775,0.0201236384683167,0.0727654943831004,0.1137790313826543,-0.0380723348783144,0.1033166813083152,2019-02-21,2019-02-22,2019-02-25,2019-02-26,2019-02-27,2019-02-28,2019-03-01,2019-03-04,2019-03-05,2019-03-06,88837.0,2019-02-20,252.0,17.0354%,0.001,0.7768,0.2753,0.0365,1.3995%,1.6283%,26.1341%,0.16919,GRMN,88837.0,2019-02-21,252.0,-0.7705%,0.001,0.7779,0.2764,0.0386,1.3999%,1.6288%,26.1274%,-0.004654,GRMN,88837.0,2019-02-22,252.0,0.7886%,0.0012,0.7754,0.3393,0.066,1.3687%,1.6015%,26.9540%,0.001778,GRMN,88837.0,2019-02-25,252.0,0.5778%,0.0013,0.7724,0.3343,0.0524,1.3598%,1.5937%,27.2048%,0.005516,GRMN,88837.0,2019-02-26,252.0,0.1197%,0.0014,0.7794,0.323,0.0518,1.3576%,1.5937%,27.4346%,0.004645,GRMN,88837.0,2019-02-27,252.0,0.6216%,0.0014,0.781,0.3211,0.0521,1.3576%,1.5938%,27.4461%,0.004863,GRMN,88837.0,2019-02-28,252.0,-0.2376%,0.0014,0.7823,0.3219,0.0534,1.3576%,1.5931%,27.3814%,1.1e-05,GRMN,88837.0,2019-03-01,252.0,0.8575%,0.0014,0.7778,0.3153,0.0462,1.3567%,1.5897%,27.1603%,0.002132,GRMN,88837.0,2019-03-04,252.0,0.0590%,0.0014,0.7765,0.316,0.0474,1.3569%,1.5889%,27.0640%,0.005626,GRMN,88837.0,2019-03-05,252.0,-0.9087%,0.0014,0.778,0.3227,0.0515,1.3579%,1.5895%,27.0218%,-0.006763,GRMN,88837.0,2019-03-06,252.0,-0.5716%,0.0014,0.7796,0.3132,0.052,1.3576%,1.5902%,27.1131%,0.004775,GRMN,0.164536,0.166314,0.17183,0.181338,0.187119
8043,GROUPON INC,"A Chat With Chris Boudreau, CEO Of Cannabis Courier Driven Deliveries",6,uncertain,0.5,0.5,"the news about a cannabis courier service does not directly relate to groupon's core business model, making its impact on the stock price unclear.",1,2019-02-20,GRPN,2019-02-20 19:07:00+00:00,13108.0,39947320,-0.0200572870671749,6342568.0,-0.0175439119338989,0.0,0.0,-0.0251396410167217,-0.0119047509506344,0.0170454382896423,-0.0060240905731916,-0.1111111268401146,0.0,0.0560000091791153,-0.0090909004211425,0.0416666939854621,0.030581010505557,0.0,0.0,-0.0296496320515871,0.0148368524387478,-0.0106666563078761,-0.0204678867012262,0.0107816606760025,-0.0208955034613609,-0.0185185018926858,0.0243902206420898,0.0026525172870606,0.0119048217311501,0.0134408473968505,-0.0029411735013127,0.0054053999483585,0.0,-0.0026954151690006,0.0,-0.0159151051193475,0.0412978939712047,0.0385674536228179,-0.0198300089687109,0.0111421169713139,-0.0057803411036729,-0.0082872854545712,0.0058139478787779,-0.0448549017310142,0.020231194794178,0.0160857755690813,-0.0424928776919841,0.0053908303380012,0.0,-0.0080213826149702,0.0118343075737357,0.0,0.0116958953440189,0.041782759130001,0.0057803411036729,0.0056022354401648,0.0201149228960275,0.0,0.0028168987482786,0.0113314343616366,-0.0168539173901081,0.0085714207962155,0.0,0.0174418427050113,0.0228571202605962,0.0683229863643646,-0.0055865868926048,-0.012269927188754,-0.0028089862316846,0.0187499821186065,-0.0225351899862289,0.0,0.0259365737438201,0.0158730000257492,-0.0112359449267387,0.003184710163623,-0.0056818127632141,0.0940767377614975,-0.0114285601302981,-0.0103448992595076,0.0289017055183649,-0.0301003064960241,-0.0308988466858863,-0.0099337650462985,0.0115941921249032,-0.0226537007838487,-0.025787940248847,0.0231787860393524,0.0147058675065636,-0.0382165983319282,0.0144927399232983,0.009646370075643,0.0028571400325745,-0.0489296913146972,0.02849000133574,0.0686274617910385,-0.0221606437116861,-0.0032573258504271,-0.0028328585904091,-0.0096774101257324,0.03409094363451,0.0064935004338622,-0.0274725668132305,-0.022222276777029,0.0141242807731032,0.0096154520288109,0.0167131423950195,0.0162866301834583,-0.0109589584171772,-0.0128617249429225,0.0027700804639607,-0.0220126323401927,-0.0220994278788566,0.0426229871809482,-0.0056497124023735,0.0,-0.0340908765792846,0.026936000213027,0.0235293880105018,-0.0033557014539837,-0.0028735604137182,0.0170648302882909,0.0086455252021551,-0.0034013572148978,-0.0175439119338989,0.0,-0.0175439119338989,-0.0251396410167217,-0.0292398069822604,-0.0085227189266536,-0.0350877543098483,-0.0693333338777443,-0.0204678862769274,-0.0592992024138288,0.0233917887329899,0.0145348629182364,0.0233917862525643,0.187074793376047,2019-02-21,2019-02-22,2019-02-25,2019-02-26,2019-02-27,2019-02-28,2019-03-01,2019-03-04,2019-03-05,2019-03-06,13108.0,2019-02-20,252.0,-2.0057%,-0.001,1.1235,0.9444,0.1721,2.6142%,2.9045%,18.9888%,-0.025429,GRPN,13108.0,2019-02-21,252.0,-1.7544%,-0.0009,1.1119,0.9183,0.151,2.6033%,2.8890%,18.7990%,-0.01243,GRPN,13108.0,2019-02-22,252.0,0.0000%,-0.0009,1.1133,0.9158,0.165,2.6040%,2.8889%,18.7556%,-0.010159,GRPN,13108.0,2019-02-25,252.0,-1.1905%,-0.0008,1.1107,0.9182,0.1568,2.6009%,2.8862%,18.7959%,-0.010997,GRPN,13108.0,2019-02-26,252.0,-0.6024%,-0.001,1.0846,0.9394,0.148,2.5870%,2.8651%,18.4684%,0.0020469999999999,GRPN,13108.0,2019-02-27,252.0,0.0000%,-0.0009,1.0954,0.9197,0.1497,2.5824%,2.8630%,18.6411%,-0.0026829999999999,GRPN,13108.0,2019-02-28,252.0,-0.9091%,-0.001,1.1014,0.9236,0.1552,2.5819%,2.8632%,18.6863%,-0.005605,GRPN,13108.0,2019-03-01,252.0,3.0581%,-0.0009,1.1124,0.94,0.1623,2.5845%,2.8697%,18.8860%,0.020503,GRPN,13108.0,2019-03-04,252.0,0.0000%,-0.0008,1.1068,0.9497,0.1657,2.5846%,2.8684%,18.8120%,0.008822,GRPN,13108.0,2019-03-05,252.0,1.4837%,-0.0007,1.1046,0.9461,0.1564,2.5877%,2.8690%,18.6502%,0.01997,GRPN,13108.0,2019-03-06,252.0,-2.0468%,-0.0009,1.0806,0.9635,0.1316,2.5727%,2.8528%,18.6753%,0.000579,GRPN,-0.037859,-0.048018,-0.059015,-0.059651,-0.015382
8051,HASBRO INC,"Life After Toys R Us: KeyBanc Bullish On Hasbro, 'Warming Up' To Mattel Turnaround",6,increase,0.75,0.6,keybanc's bullish outlook on hasbro suggests positive sentiment that could lead to an increase in stock price.,2,2019-02-20,HAS,2019-02-20 17:24:00+00:00,52978.0,41805610,-0.0061742616817355,1306130.0,-0.0072480128146708,0.0122684901580214,-0.003360770875588,-0.0373258888721466,0.0019767228513956,-0.0024452731013298,-0.0177555847913026,0.0044657979160547,-0.001890312298201,0.0077633038163185,0.0049715689383447,-0.0057053603231906,0.0367490574717521,-0.009529092349112,0.0072711547836661,-0.0082417586818337,-0.0016918736509978,-0.0054644807241857,-0.0047452920116484,0.0016420528991147,-0.015779310837388,0.0062789130024611,0.0040369792841374,0.002429342130199,0.0003446154878474,0.0015375562943518,-0.0049379914999008,0.0046342913992702,0.00207732594572,-0.0011022385442629,-0.003685358678922,0.0066571189090609,0.0024274543393403,0.008165500126779,0.0043818871490657,0.0136054949834942,-0.0019517586333677,-0.0096564181149005,-0.0128839612007141,0.0023635237012058,-0.0097890263423323,0.0052041984163224,-0.0171825233846902,0.0150436097756028,0.0053885397501289,-0.0076353065669536,0.008575526997447,0.0145681835711002,0.0022437700536102,-0.004947081208229,0.0081300195306539,0.0195894204080104,-0.0063113714568316,0.0009393193759024,0.0077629229053854,-0.0028100395575165,-0.0065359193831682,0.0254532676190137,0.0016447296366095,0.0309444237500429,0.0090311588719487,0.0370988361537456,0.0061606275849044,-0.0260065235197544,-0.0003465663176029,-0.0156307276338338,-0.0159481950104236,0.0014791415305808,0.0052847554907202,-0.0031945218797773,0.0029205607715994,0.0039472025819122,0.020034959539771,0.03909258171916,0.0038826535455882,-0.001152271986939,0.020134188234806,-0.0123908938840031,0.0055753788910806,-0.0175155736505985,-0.015524523332715,-0.0218712389469146,-0.0075467242859303,-0.0154323885217309,0.1423221081495285,-0.0055912588723003,0.025136599317193,0.0035816072486341,-0.0164760313928127,-0.012613458558917,0.0109380465000867,0.0115669118240475,-0.008480311371386,-0.0016666593728587,0.0080613391473889,0.0008340247441083,0.0022579592186957,-0.0406903363764286,0.0143011733889579,-0.0104061281308531,0.0115885743871331,-0.0162456780672073,-0.0101193087175488,-0.0124175520613789,-0.0241103284060955,-0.0604026690125465,-0.0037553599104285,0.0038349409587681,-0.0034718627575784,0.0092050721868872,0.0022895019501447,-0.0197887867689132,-0.0468765646219253,0.0156201189383864,0.0083358902484178,0.0194267723709344,0.0065103326924145,0.0025542557705193,0.0090348795056343,-0.0098008252680301,-0.0072480128146708,0.0122684901580214,-0.0105844247798854,-0.0255153310143925,-0.008628624402821,-0.0278982121631212,-0.0280717304326907,-0.015976578372208,0.0134606322395183,-0.0425834651705577,-0.019097976531912,0.0900907569782736,0.1382432248187013,-0.0718891973914959,2019-02-21,2019-02-22,2019-02-25,2019-02-26,2019-02-27,2019-02-28,2019-03-01,2019-03-04,2019-03-05,2019-03-06,52978.0,2019-02-20,252.0,-0.6174%,-0.0005,0.5741,0.3882,-0.1126,1.4533%,1.6073%,18.2478%,-0.007711,HAS,52978.0,2019-02-21,252.0,-0.7248%,-0.0005,0.5731,0.3851,-0.1144,1.4531%,1.6065%,18.1845%,-0.005211,HAS,52978.0,2019-02-22,252.0,-0.3361%,-0.0006,0.5753,0.3644,-0.1067,1.4520%,1.6043%,18.0822%,-0.010986,HAS,52978.0,2019-02-25,252.0,0.1977%,-0.0005,0.5732,0.3612,-0.1162,1.4477%,1.6006%,18.1929%,0.001769,HAS,52978.0,2019-02-26,252.0,-1.7756%,-0.0006,0.5795,0.3752,-0.1044,1.4501%,1.6043%,18.3018%,-0.0150099999999999,HAS,52978.0,2019-02-27,252.0,-0.1890%,-0.0006,0.5765,0.3798,-0.1049,1.4496%,1.6028%,18.2049%,-0.00335,HAS,52978.0,2019-02-28,252.0,0.4972%,-0.0006,0.5727,0.3774,-0.1093,1.4500%,1.6012%,17.9958%,0.006321,HAS,52978.0,2019-03-01,252.0,3.6749%,-0.0004,0.5738,0.3791,-0.1221,1.4624%,1.6145%,17.9612%,0.031004,HAS,52978.0,2019-03-04,252.0,0.7271%,-0.0003,0.5681,0.3868,-0.1181,1.4634%,1.6134%,17.7267%,0.012158,HAS,52978.0,2019-03-05,252.0,-0.1692%,-0.0003,0.567,0.3787,-0.119,1.4631%,1.6112%,17.5370%,9.9e-05,HAS,52978.0,2019-03-06,252.0,-0.4745%,-0.0003,0.5606,0.3719,-0.1272,1.4626%,1.6097%,17.4388%,0.004747,HAS,-0.012922,-0.023908,-0.022139,-0.040499,0.01383
8059,HUDBAY MINERALS INC,"HudBay Minerals Late Tuesday Reported Q4 EPS $0.05 Misses $0.18 Estimate, Sales $351.773M Miss $364.97M Estimate",6,decrease,0.8,0.7,"the company's earnings per share and sales both missed analyst estimates, which typically leads to a negative reaction in stock prices.",0,2019-02-20,HBM,2019-02-20 13:24:00+00:00,12332.0,44362810,0.037795316427946,2165987.0,-0.0364188514649868,0.0618728920817375,0.0834646001458168,0.041811890900135,-0.0174418427050113,-0.0017391702858731,0.0192307140678167,-0.0319865420460701,0.0,-0.0083471983671188,-0.0246734507381916,0.0,0.0133928805589675,0.0,0.0117474189028143,-0.013179637491703,0.0203193537890911,0.0,-0.0412518382072448,0.0083056800067424,-0.0166973136365413,0.0066889566369354,-0.0015105365309864,-0.0016694077057763,0.0105899684131145,-0.0033278630580753,0.0224551055580377,0.0506993792951107,0.0087847644463181,0.0070422468706965,-0.0348330587148666,-0.012173943221569,0.0345864668488502,0.051188338547945,0.0203488171100616,-0.0036429839674383,0.009971534833312,-0.0036298469640314,-0.0112834870815277,-0.0265017002820968,-0.0014265661593526,0.0071174311451613,-0.0357142873108387,0.0089766094461083,0.0177777614444494,0.0238970797508955,0.0378457382321357,0.0225563682615757,-0.0182328354567289,-0.0111524052917957,-0.0128571642562747,0.0170132610946893,0.0332850962877273,0.0095420219004154,0.0294117704033851,0.0155038619413971,0.0122449193149805,0.0058479011058807,-0.0107526779174804,0.0178571734577417,-0.0013587267603725,0.0980391725897789,0.0068027470260858,-0.0437500067055225,0.014864882454276,0.01694923825562,-0.0039947014302015,0.0063965315930545,0.0026737942826002,-0.0021276068873703,-0.0146666849032044,-0.0021231907885521,0.0351827107369899,0.0351647995412349,-0.0431372448801994,0.0270881187170743,0.0204917509108781,-0.0089485375210642,0.0120482137426734,0.0044943778775632,-0.0383597835898399,-0.0262582842260599,-0.0385144725441932,-0.0108224488794803,0.0014306479133665,-0.0128205008804798,-0.0228571202605962,-0.0229645371437072,-0.0365497060120105,-0.0164270885288715,0.0333838835358619,0.0103733846917748,-0.0279001556336879,0.002079049590975,0.0030211452394723,-0.0143442973494529,-0.028614467009902,-0.0061099254526197,-0.0077518937177956,-0.0611855015158653,0.0312499701976776,-0.0421245470643043,-0.0106060141697526,0.0748031735420227,-0.1148545145988464,-0.0019646815489977,-0.0190311651676893,0.0200401581823825,-0.0388007536530494,0.0395832434296608,-0.012843981385231,0.0,-0.0539033375680446,-0.0082644550129771,-0.0078585380688309,-0.0202428959310054,0.0,0.0421941541135311,0.0237623527646064,-0.0306748673319816,-0.0364188514649868,0.0618728920817375,0.044006063805535,0.10627180559527,0.0257966742575608,0.1043478105428794,0.0455234767919252,0.0601001912960292,0.0227617046033496,0.0548172632636208,0.1181022512751708,0.2599206237759341,-0.2145939385636547,0.2985685181442161,2019-02-21,2019-02-22,2019-02-25,2019-02-26,2019-02-27,2019-02-28,2019-03-01,2019-03-04,2019-03-05,2019-03-06,12332.0,2019-02-20,252.0,3.7795%,-0.0006,1.5412,1.4249,0.6592,2.8630%,3.3159%,25.4533%,0.028362,HBM,12332.0,2019-02-21,252.0,-3.6419%,-0.0006,1.5407,1.4177,0.6585,2.8658%,3.3162%,25.3182%,-0.028303,HBM,12332.0,2019-02-22,252.0,8.3465%,-0.0004,1.5301,1.4253,0.5382,2.9042%,3.3570%,25.1596%,0.075233,HBM,12332.0,2019-02-25,252.0,-1.7442%,-0.0006,1.5325,1.435,0.5522,2.9029%,3.3568%,25.2153%,-0.015162,HBM,12332.0,2019-02-26,252.0,1.9231%,-0.0003,1.5505,1.3716,0.5335,2.8985%,3.3556%,25.3880%,0.032589,HBM,12332.0,2019-02-27,252.0,0.0000%,-0.0004,1.5355,1.3973,0.531,2.8908%,3.3444%,25.2870%,-0.003461,HBM,12332.0,2019-02-28,252.0,-2.4673%,-0.0005,1.5352,1.3965,0.5351,2.8928%,3.3428%,25.1150%,-0.018965,HBM,12332.0,2019-03-01,252.0,1.3393%,-0.0003,1.5134,1.364,0.501,2.8837%,3.3218%,24.6386%,0.00034,HBM,12332.0,2019-03-04,252.0,1.1747%,-0.0002,1.5067,1.3653,0.5075,2.8869%,3.3216%,24.4591%,0.023029,HBM,12332.0,2019-03-05,252.0,2.0319%,0.0,1.5074,1.3895,0.4975,2.8884%,3.3240%,24.4901%,0.028241,HBM,12332.0,2019-03-06,252.0,-4.1252%,-0.0,1.5113,1.4136,0.5053,2.8893%,3.3332%,24.8636%,-0.011371,HBM,5.9000000000000025e-05,0.075292,0.0601299999999999,0.0892579999999999,0.1105319999999999
8067,SCHEIN HENRY INC,Henry Schein shares are trading lower after the company reported mixed Q4 earnings and issued FY19 EPS guidance below consensus estimates.,6,decrease,0.8,0.7,"the report of mixed q4 earnings and fy19 eps guidance below consensus estimates typically leads to negative investor sentiment, resulting in a decrease in stock price.",0,2019-02-20,HSIC,2019-02-20 14:14:00+00:00,82581.0,80640710,-0.0465853661298751,4880822.0,-0.0031576971523463,0.0115403309464454,-0.0006669042049907,0.0003206743276678,-0.00183511513751,0.0045095630921423,-0.0223967935889959,0.0177020467817783,-0.0015387270832434,0.010266582481563,0.0154109196737408,0.0209636148065328,0.0129848308861255,-0.0519011244177818,-0.0051606688648462,-0.0132491290569305,-0.0148928947746753,0.01368148624897,-0.0198742691427469,0.0156807210296392,-0.0051992936059832,0.0155360512435436,0.0203832425177097,-0.0059201945550739,0.0232200883328914,-0.0014137079706415,-0.0036709697451442,0.0136789390817284,0.007368991151452,0.0018271910957992,-0.0174564085900783,-0.0081553040072321,0.0032149313483387,0.008485659956932,0.0082644270732998,-0.0039012099150568,0.0120441829785704,-0.0074858260340988,-0.0062810094095766,-0.0229508150368928,0.0182967782020568,0.0130302030593156,-0.0231950655579567,-0.0212553702294826,-0.0155518446117639,-0.0142962289974093,0.0079837134107947,0.0150112202391028,-0.0092686088755726,0.0022567741107195,0.0017009435687214,0.0035228834021836,0.0207166112959384,0.0404503718018531,0.014639844186604,0.0135331908240914,-0.0052468189969658,0.0164531525224447,-0.0018130344105884,-0.0046979659236967,0.0132100265473127,0.0098956674337387,0.0223272312432527,-0.0342977195978164,-0.0175354443490505,-0.0271268133074045,0.0058413208462297,0.0077001857571303,-0.0024197697639465,0.0014137079706415,-0.0147153921425342,0.0047778291627764,0.0139504093676805,0.041420143097639,0.001780521357432,-0.0210636984556913,-0.0090482719242572,-0.0155521584674716,-0.0097831776365637,-0.0160672608762979,0.0126790786162018,-0.0089725656434893,-0.0016259914264082,-0.0076498701237142,0.0302931070327758,-0.0096870195120573,0.0145431868731975,-0.0390261858701705,-0.0056092333979904,-0.0156250204890966,0.0101849185302853,0.0054334877058863,-0.0152008607983589,-0.0104032652452588,0.0089777270331978,0.0045796073973178,-0.02528877556324,-0.0267428159713745,0.0052851033397018,-0.0269127916544675,0.0073283268138766,-0.005309771746397,0.000790751830209,0.013452966697514,0.0542035475373268,0.0006730711320415,0.0299805123358964,0.0106576243415474,0.0080047016963362,0.0106565868481993,-0.0051978142000734,0.0332701578736305,-0.0280116144567728,0.0061948611401021,0.0050768451765179,-0.0073320143856108,-0.0108452793210744,-0.0008271262631751,0.0076598753221333,-0.018782639876008,-0.0031576971523463,0.0115403309464454,-0.0038224954758281,0.0118647059619805,-0.0056505958940273,0.0164277736942282,-0.0294165987925213,0.0450405903687844,-0.0410503161716239,0.0276927618129649,0.0064816887946876,0.0820432584933463,0.1150074543323553,-0.0653655345745219,2019-02-21,2019-02-22,2019-02-25,2019-02-26,2019-02-27,2019-02-28,2019-03-01,2019-03-04,2019-03-05,2019-03-06,82581.0,2019-02-20,252.0,-4.6585%,0.0005,0.8276,-0.0838,0.2696,1.4300%,1.6504%,24.9171%,-0.04999,HSIC,82581.0,2019-02-21,252.0,-0.3158%,0.0005,0.8213,-0.0966,0.2582,1.4258%,1.6442%,24.8030%,0.000366,HSIC,82581.0,2019-02-22,252.0,-0.0667%,0.0005,0.8224,-0.1156,0.2533,1.4233%,1.6430%,24.9645%,-0.001779,HSIC,82581.0,2019-02-25,252.0,-0.1835%,0.0005,0.8212,-0.115,0.2494,1.4221%,1.6417%,24.9654%,-0.003013,HSIC,82581.0,2019-02-26,252.0,-2.2397%,0.0005,0.833,-0.0963,0.2677,1.4265%,1.6481%,25.0845%,-0.021096,HSIC,82581.0,2019-02-27,252.0,-0.1539%,0.0005,0.8398,-0.1091,0.2688,1.4232%,1.6477%,25.3988%,-0.001884,HSIC,82581.0,2019-02-28,252.0,1.5411%,0.0006,0.8375,-0.1101,0.2629,1.4276%,1.6497%,25.1072%,0.018608,HSIC,82581.0,2019-03-01,252.0,1.2985%,0.0006,0.8353,-0.1133,0.256,1.4279%,1.6485%,24.9699%,0.008236,HSIC,82581.0,2019-03-04,252.0,-0.5161%,0.0007,0.821,-0.0632,0.2591,1.4141%,1.6271%,24.4673%,-0.002359,HSIC,82581.0,2019-03-05,252.0,-1.4893%,0.0006,0.8181,-0.0951,0.2621,1.4092%,1.6213%,24.4580%,-0.013161,HSIC,82581.0,2019-03-06,252.0,-1.9874%,0.0005,0.8228,-0.063,0.2718,1.4121%,1.6246%,24.4459%,-0.014395,HSIC,-0.049624,-0.051403,-0.054416,-0.077396,-0.080467
8075,SCHEIN HENRY INC,Henry Schein Sees FY19 Adj. EPS $3.38-$3.46 vs $3.75 Est.,6,decrease,0.8,0.7,"the adjusted eps guidance for fy19 is lower than the market estimate, which is likely to lead to a decrease in investor confidence and a subsequent drop in stock price.",0,2019-02-20,HSIC,2019-02-20 12:11:00+00:00,82581.0,80640710,-0.0465853661298751,4880822.0,-0.0031576971523463,0.0115403309464454,-0.0006669042049907,0.0003206743276678,-0.00183511513751,0.0045095630921423,-0.0223967935889959,0.0177020467817783,-0.0015387270832434,0.010266582481563,0.0154109196737408,0.0209636148065328,0.0129848308861255,-0.0519011244177818,-0.0051606688648462,-0.0132491290569305,-0.0148928947746753,0.01368148624897,-0.0198742691427469,0.0156807210296392,-0.0051992936059832,0.0155360512435436,0.0203832425177097,-0.0059201945550739,0.0232200883328914,-0.0014137079706415,-0.0036709697451442,0.0136789390817284,0.007368991151452,0.0018271910957992,-0.0174564085900783,-0.0081553040072321,0.0032149313483387,0.008485659956932,0.0082644270732998,-0.0039012099150568,0.0120441829785704,-0.0074858260340988,-0.0062810094095766,-0.0229508150368928,0.0182967782020568,0.0130302030593156,-0.0231950655579567,-0.0212553702294826,-0.0155518446117639,-0.0142962289974093,0.0079837134107947,0.0150112202391028,-0.0092686088755726,0.0022567741107195,0.0017009435687214,0.0035228834021836,0.0207166112959384,0.0404503718018531,0.014639844186604,0.0135331908240914,-0.0052468189969658,0.0164531525224447,-0.0018130344105884,-0.0046979659236967,0.0132100265473127,0.0098956674337387,0.0223272312432527,-0.0342977195978164,-0.0175354443490505,-0.0271268133074045,0.0058413208462297,0.0077001857571303,-0.0024197697639465,0.0014137079706415,-0.0147153921425342,0.0047778291627764,0.0139504093676805,0.041420143097639,0.001780521357432,-0.0210636984556913,-0.0090482719242572,-0.0155521584674716,-0.0097831776365637,-0.0160672608762979,0.0126790786162018,-0.0089725656434893,-0.0016259914264082,-0.0076498701237142,0.0302931070327758,-0.0096870195120573,0.0145431868731975,-0.0390261858701705,-0.0056092333979904,-0.0156250204890966,0.0101849185302853,0.0054334877058863,-0.0152008607983589,-0.0104032652452588,0.0089777270331978,0.0045796073973178,-0.02528877556324,-0.0267428159713745,0.0052851033397018,-0.0269127916544675,0.0073283268138766,-0.005309771746397,0.000790751830209,0.013452966697514,0.0542035475373268,0.0006730711320415,0.0299805123358964,0.0106576243415474,0.0080047016963362,0.0106565868481993,-0.0051978142000734,0.0332701578736305,-0.0280116144567728,0.0061948611401021,0.0050768451765179,-0.0073320143856108,-0.0108452793210744,-0.0008271262631751,0.0076598753221333,-0.018782639876008,-0.0031576971523463,0.0115403309464454,-0.0038224954758281,0.0118647059619805,-0.0056505958940273,0.0164277736942282,-0.0294165987925213,0.0450405903687844,-0.0410503161716239,0.0276927618129649,0.0064816887946876,0.0820432584933463,0.1150074543323553,-0.0653655345745219,2019-02-21,2019-02-22,2019-02-25,2019-02-26,2019-02-27,2019-02-28,2019-03-01,2019-03-04,2019-03-05,2019-03-06,82581.0,2019-02-20,252.0,-4.6585%,0.0005,0.8276,-0.0838,0.2696,1.4300%,1.6504%,24.9171%,-0.04999,HSIC,82581.0,2019-02-21,252.0,-0.3158%,0.0005,0.8213,-0.0966,0.2582,1.4258%,1.6442%,24.8030%,0.000366,HSIC,82581.0,2019-02-22,252.0,-0.0667%,0.0005,0.8224,-0.1156,0.2533,1.4233%,1.6430%,24.9645%,-0.001779,HSIC,82581.0,2019-02-25,252.0,-0.1835%,0.0005,0.8212,-0.115,0.2494,1.4221%,1.6417%,24.9654%,-0.003013,HSIC,82581.0,2019-02-26,252.0,-2.2397%,0.0005,0.833,-0.0963,0.2677,1.4265%,1.6481%,25.0845%,-0.021096,HSIC,82581.0,2019-02-27,252.0,-0.1539%,0.0005,0.8398,-0.1091,0.2688,1.4232%,1.6477%,25.3988%,-0.001884,HSIC,82581.0,2019-02-28,252.0,1.5411%,0.0006,0.8375,-0.1101,0.2629,1.4276%,1.6497%,25.1072%,0.018608,HSIC,82581.0,2019-03-01,252.0,1.2985%,0.0006,0.8353,-0.1133,0.256,1.4279%,1.6485%,24.9699%,0.008236,HSIC,82581.0,2019-03-04,252.0,-0.5161%,0.0007,0.821,-0.0632,0.2591,1.4141%,1.6271%,24.4673%,-0.002359,HSIC,82581.0,2019-03-05,252.0,-1.4893%,0.0006,0.8181,-0.0951,0.2621,1.4092%,1.6213%,24.4580%,-0.013161,HSIC,82581.0,2019-03-06,252.0,-1.9874%,0.0005,0.8228,-0.063,0.2718,1.4121%,1.6246%,24.4459%,-0.014395,HSIC,-0.049624,-0.051403,-0.054416,-0.077396,-0.080467
8083,SCHEIN HENRY INC,"Henry Schein Q4 Adj. EPS $1.12 Beats $1.11 Estimate, Sales $3.38B Miss $3.47B Estimate",6,uncertain,0.6,0.2,"while the adjusted eps beat estimates, the sales miss could raise concerns among investors, leading to uncertainty in the stock's reaction.",1,2019-02-20,HSIC,2019-02-20 12:10:00+00:00,82581.0,80640710,-0.0465853661298751,4880822.0,-0.0031576971523463,0.0115403309464454,-0.0006669042049907,0.0003206743276678,-0.00183511513751,0.0045095630921423,-0.0223967935889959,0.0177020467817783,-0.0015387270832434,0.010266582481563,0.0154109196737408,0.0209636148065328,0.0129848308861255,-0.0519011244177818,-0.0051606688648462,-0.0132491290569305,-0.0148928947746753,0.01368148624897,-0.0198742691427469,0.0156807210296392,-0.0051992936059832,0.0155360512435436,0.0203832425177097,-0.0059201945550739,0.0232200883328914,-0.0014137079706415,-0.0036709697451442,0.0136789390817284,0.007368991151452,0.0018271910957992,-0.0174564085900783,-0.0081553040072321,0.0032149313483387,0.008485659956932,0.0082644270732998,-0.0039012099150568,0.0120441829785704,-0.0074858260340988,-0.0062810094095766,-0.0229508150368928,0.0182967782020568,0.0130302030593156,-0.0231950655579567,-0.0212553702294826,-0.0155518446117639,-0.0142962289974093,0.0079837134107947,0.0150112202391028,-0.0092686088755726,0.0022567741107195,0.0017009435687214,0.0035228834021836,0.0207166112959384,0.0404503718018531,0.014639844186604,0.0135331908240914,-0.0052468189969658,0.0164531525224447,-0.0018130344105884,-0.0046979659236967,0.0132100265473127,0.0098956674337387,0.0223272312432527,-0.0342977195978164,-0.0175354443490505,-0.0271268133074045,0.0058413208462297,0.0077001857571303,-0.0024197697639465,0.0014137079706415,-0.0147153921425342,0.0047778291627764,0.0139504093676805,0.041420143097639,0.001780521357432,-0.0210636984556913,-0.0090482719242572,-0.0155521584674716,-0.0097831776365637,-0.0160672608762979,0.0126790786162018,-0.0089725656434893,-0.0016259914264082,-0.0076498701237142,0.0302931070327758,-0.0096870195120573,0.0145431868731975,-0.0390261858701705,-0.0056092333979904,-0.0156250204890966,0.0101849185302853,0.0054334877058863,-0.0152008607983589,-0.0104032652452588,0.0089777270331978,0.0045796073973178,-0.02528877556324,-0.0267428159713745,0.0052851033397018,-0.0269127916544675,0.0073283268138766,-0.005309771746397,0.000790751830209,0.013452966697514,0.0542035475373268,0.0006730711320415,0.0299805123358964,0.0106576243415474,0.0080047016963362,0.0106565868481993,-0.0051978142000734,0.0332701578736305,-0.0280116144567728,0.0061948611401021,0.0050768451765179,-0.0073320143856108,-0.0108452793210744,-0.0008271262631751,0.0076598753221333,-0.018782639876008,-0.0031576971523463,0.0115403309464454,-0.0038224954758281,0.0118647059619805,-0.0056505958940273,0.0164277736942282,-0.0294165987925213,0.0450405903687844,-0.0410503161716239,0.0276927618129649,0.0064816887946876,0.0820432584933463,0.1150074543323553,-0.0653655345745219,2019-02-21,2019-02-22,2019-02-25,2019-02-26,2019-02-27,2019-02-28,2019-03-01,2019-03-04,2019-03-05,2019-03-06,82581.0,2019-02-20,252.0,-4.6585%,0.0005,0.8276,-0.0838,0.2696,1.4300%,1.6504%,24.9171%,-0.04999,HSIC,82581.0,2019-02-21,252.0,-0.3158%,0.0005,0.8213,-0.0966,0.2582,1.4258%,1.6442%,24.8030%,0.000366,HSIC,82581.0,2019-02-22,252.0,-0.0667%,0.0005,0.8224,-0.1156,0.2533,1.4233%,1.6430%,24.9645%,-0.001779,HSIC,82581.0,2019-02-25,252.0,-0.1835%,0.0005,0.8212,-0.115,0.2494,1.4221%,1.6417%,24.9654%,-0.003013,HSIC,82581.0,2019-02-26,252.0,-2.2397%,0.0005,0.833,-0.0963,0.2677,1.4265%,1.6481%,25.0845%,-0.021096,HSIC,82581.0,2019-02-27,252.0,-0.1539%,0.0005,0.8398,-0.1091,0.2688,1.4232%,1.6477%,25.3988%,-0.001884,HSIC,82581.0,2019-02-28,252.0,1.5411%,0.0006,0.8375,-0.1101,0.2629,1.4276%,1.6497%,25.1072%,0.018608,HSIC,82581.0,2019-03-01,252.0,1.2985%,0.0006,0.8353,-0.1133,0.256,1.4279%,1.6485%,24.9699%,0.008236,HSIC,82581.0,2019-03-04,252.0,-0.5161%,0.0007,0.821,-0.0632,0.2591,1.4141%,1.6271%,24.4673%,-0.002359,HSIC,82581.0,2019-03-05,252.0,-1.4893%,0.0006,0.8181,-0.0951,0.2621,1.4092%,1.6213%,24.4580%,-0.013161,HSIC,82581.0,2019-03-06,252.0,-1.9874%,0.0005,0.8228,-0.063,0.2718,1.4121%,1.6246%,24.4459%,-0.014395,HSIC,-0.049624,-0.051403,-0.054416,-0.077396,-0.080467
8091,HERSHEY CO,"UPDATE: Hershey Reaffirms FY19 Sales Growth 1-3% Year Over Year, Adj. EPS Growth 5-7% YoY",6,increase,0.7,0.5,"the reaffirmation of sales and earnings growth targets typically signals stability and confidence in the company's performance, which can positively influence investor sentiment and stock price.",2,2019-02-20,HSY,2019-02-20 17:00:00+00:00,16600.0,42786610,0.009025415405631,1485392.0,0.0112215094268322,0.0031093184370547,-0.0088129118084907,0.01062848046422,-0.0068045724183321,-0.0086128134280443,0.0024663985241204,-0.0051048090681433,-0.0014579554554075,0.0098499469459056,0.0100383143872022,0.0019369035726413,0.0140043646097183,0.0136499544605612,-0.0141673702746629,0.0077256425283849,0.0100325439125299,0.0003770114562939,-0.0006263954564929,0.0034994333982467,0.0022385385818779,0.0090666599571704,-0.0061645889654755,-0.0124410903081297,0.0013484494993463,0.0049251434393227,-0.0092467796057462,0.0054280515760183,0.0038057100027799,0.0005717502790503,-0.0036107739433646,0.0062319641001522,0.0037144743837416,-0.0101546896621584,-0.0024370816536247,-0.0293846242129802,-0.0107672354206442,0.0023081894032657,0.0042989226058125,0.0015720193041488,0.0154826678335666,0.0033401430118829,0.0044843051582574,0.0101218540221452,0.0037499836180359,-0.0095609985291957,0.0073830443434417,0.0160332415252924,-0.0002648898807819,-0.0052537536248564,0.0098039265722036,-0.0019663549028337,0.0043733054772019,0.0105024185031652,-0.0086214877665042,-0.0073259957134723,0.0079937074333429,0.01005594804883,0.0009586109663359,-0.0063159707933664,0.0004353391123004,-0.0015059867873787,0.0083543565124273,0.0075872098095715,0.0034520919434726,-0.0162343513220548,-0.0021501677110791,0.0082784313708543,0.0024995768908411,0.001601863768883,-0.0033531028311699,0.0047335037961602,0.0016390825621783,0.0218631569296121,0.0054258657619357,-0.0239826347678899,0.0007709779893048,-0.0048858090303838,-0.0006847712793387,-0.0083853676915168,0.0017987074097618,0.0284591913223266,0.0006840102141723,-0.0077017932198941,-0.001537938369438,-0.0250301714986562,0.0017970142653211,-0.0194527711719274,0.045870017260313,0.008988382294774,0.0222966000437736,0.0103789735585451,-0.0068706609308719,0.0072809336706995,0.0043439860455691,-9.335576032754034e-05,-0.0154585530981421,-0.0092472722753882,-0.0030914193484932,0.0003700362285599,-0.005794018972665,-0.0076195891015231,0.0148567473515868,0.0058171488344669,0.0054189437068998,0.0079107135534286,0.004424447659403,0.0075011290609836,0.0051257358863949,0.0003752079210244,0.0109959943220019,0.0057547227479517,0.0014974972000345,-0.0019772064406424,-7.871359412092716e-05,0.0004709440399892,0.0053518046624958,-0.0030052561778575,0.0058713611215353,-0.01059524808079,0.0112215094268321,0.0031093184370547,0.0023097034454047,0.01377084623154,-0.0045105855172865,0.0050394270741571,-0.0035102707968469,0.0097579422367526,0.0155865254802276,0.0374538827584995,0.0445045541890489,0.0340309266655451,0.1684519898228123,0.0192318399684998,2019-02-21,2019-02-22,2019-02-25,2019-02-26,2019-02-27,2019-02-28,2019-03-01,2019-03-04,2019-03-05,2019-03-06,16600.0,2019-02-20,252.0,0.9025%,0.0005,0.2514,-0.3108,-0.0333,1.1851%,1.2247%,6.3652%,0.009381,HSY,16600.0,2019-02-21,252.0,1.1222%,0.0006,0.2458,-0.3197,-0.0436,1.1860%,1.2253%,6.3090%,0.011758,HSY,16600.0,2019-02-22,252.0,-0.8813%,0.0006,0.2464,-0.2987,-0.0178,1.1827%,1.2197%,5.9851%,-0.009393,HSY,16600.0,2019-02-25,252.0,-0.6805%,0.0006,0.2461,-0.2947,-0.0165,1.1838%,1.2206%,5.9261%,-0.008083,HSY,16600.0,2019-02-26,252.0,0.2466%,0.0006,0.2502,-0.299,-0.0157,1.1831%,1.2206%,6.0505%,0.00082,HSY,16600.0,2019-02-27,252.0,-0.1458%,0.0006,0.2475,-0.2948,-0.0161,1.1825%,1.2189%,5.8838%,-0.0012339999999999,HSY,16600.0,2019-02-28,252.0,1.0038%,0.0006,0.2475,-0.2945,-0.0185,1.1840%,1.2203%,5.8648%,0.010724,HSY,16600.0,2019-03-01,252.0,1.4004%,0.0006,0.2511,-0.2892,-0.0187,1.1865%,1.2232%,5.9132%,0.012912,HSY,16600.0,2019-03-04,252.0,-1.4167%,0.0006,0.2531,-0.2827,-0.0222,1.1901%,1.2264%,5.8286%,-0.014036,HSY,16600.0,2019-03-05,252.0,1.0033%,0.0006,0.249,-0.3091,-0.0285,1.1890%,1.2261%,5.9514%,0.009443,HSY,16600.0,2019-03-06,252.0,-0.0626%,0.0005,0.2494,-0.3021,-0.027,1.1891%,1.2256%,5.8692%,-0.002508,HSY,0.0211389999999999,0.0117459999999999,0.0036629999999999,0.0032489999999999,0.019784
8099,HERSHEY CO,Hershey Reaffirms FY19 Guidance,6,uncertain,0.6,0.2,"reaffirming guidance can indicate stability, but without new positive developments or changes in market conditions, the impact on stock price remains uncertain.",1,2019-02-20,HSY,2019-02-20 17:00:00+00:00,16600.0,42786610,0.009025415405631,1485392.0,0.0112215094268322,0.0031093184370547,-0.0088129118084907,0.01062848046422,-0.0068045724183321,-0.0086128134280443,0.0024663985241204,-0.0051048090681433,-0.0014579554554075,0.0098499469459056,0.0100383143872022,0.0019369035726413,0.0140043646097183,0.0136499544605612,-0.0141673702746629,0.0077256425283849,0.0100325439125299,0.0003770114562939,-0.0006263954564929,0.0034994333982467,0.0022385385818779,0.0090666599571704,-0.0061645889654755,-0.0124410903081297,0.0013484494993463,0.0049251434393227,-0.0092467796057462,0.0054280515760183,0.0038057100027799,0.0005717502790503,-0.0036107739433646,0.0062319641001522,0.0037144743837416,-0.0101546896621584,-0.0024370816536247,-0.0293846242129802,-0.0107672354206442,0.0023081894032657,0.0042989226058125,0.0015720193041488,0.0154826678335666,0.0033401430118829,0.0044843051582574,0.0101218540221452,0.0037499836180359,-0.0095609985291957,0.0073830443434417,0.0160332415252924,-0.0002648898807819,-0.0052537536248564,0.0098039265722036,-0.0019663549028337,0.0043733054772019,0.0105024185031652,-0.0086214877665042,-0.0073259957134723,0.0079937074333429,0.01005594804883,0.0009586109663359,-0.0063159707933664,0.0004353391123004,-0.0015059867873787,0.0083543565124273,0.0075872098095715,0.0034520919434726,-0.0162343513220548,-0.0021501677110791,0.0082784313708543,0.0024995768908411,0.001601863768883,-0.0033531028311699,0.0047335037961602,0.0016390825621783,0.0218631569296121,0.0054258657619357,-0.0239826347678899,0.0007709779893048,-0.0048858090303838,-0.0006847712793387,-0.0083853676915168,0.0017987074097618,0.0284591913223266,0.0006840102141723,-0.0077017932198941,-0.001537938369438,-0.0250301714986562,0.0017970142653211,-0.0194527711719274,0.045870017260313,0.008988382294774,0.0222966000437736,0.0103789735585451,-0.0068706609308719,0.0072809336706995,0.0043439860455691,-9.335576032754034e-05,-0.0154585530981421,-0.0092472722753882,-0.0030914193484932,0.0003700362285599,-0.005794018972665,-0.0076195891015231,0.0148567473515868,0.0058171488344669,0.0054189437068998,0.0079107135534286,0.004424447659403,0.0075011290609836,0.0051257358863949,0.0003752079210244,0.0109959943220019,0.0057547227479517,0.0014974972000345,-0.0019772064406424,-7.871359412092716e-05,0.0004709440399892,0.0053518046624958,-0.0030052561778575,0.0058713611215353,-0.01059524808079,0.0112215094268321,0.0031093184370547,0.0023097034454047,0.01377084623154,-0.0045105855172865,0.0050394270741571,-0.0035102707968469,0.0097579422367526,0.0155865254802276,0.0374538827584995,0.0445045541890489,0.0340309266655451,0.1684519898228123,0.0192318399684998,2019-02-21,2019-02-22,2019-02-25,2019-02-26,2019-02-27,2019-02-28,2019-03-01,2019-03-04,2019-03-05,2019-03-06,16600.0,2019-02-20,252.0,0.9025%,0.0005,0.2514,-0.3108,-0.0333,1.1851%,1.2247%,6.3652%,0.009381,HSY,16600.0,2019-02-21,252.0,1.1222%,0.0006,0.2458,-0.3197,-0.0436,1.1860%,1.2253%,6.3090%,0.011758,HSY,16600.0,2019-02-22,252.0,-0.8813%,0.0006,0.2464,-0.2987,-0.0178,1.1827%,1.2197%,5.9851%,-0.009393,HSY,16600.0,2019-02-25,252.0,-0.6805%,0.0006,0.2461,-0.2947,-0.0165,1.1838%,1.2206%,5.9261%,-0.008083,HSY,16600.0,2019-02-26,252.0,0.2466%,0.0006,0.2502,-0.299,-0.0157,1.1831%,1.2206%,6.0505%,0.00082,HSY,16600.0,2019-02-27,252.0,-0.1458%,0.0006,0.2475,-0.2948,-0.0161,1.1825%,1.2189%,5.8838%,-0.0012339999999999,HSY,16600.0,2019-02-28,252.0,1.0038%,0.0006,0.2475,-0.2945,-0.0185,1.1840%,1.2203%,5.8648%,0.010724,HSY,16600.0,2019-03-01,252.0,1.4004%,0.0006,0.2511,-0.2892,-0.0187,1.1865%,1.2232%,5.9132%,0.012912,HSY,16600.0,2019-03-04,252.0,-1.4167%,0.0006,0.2531,-0.2827,-0.0222,1.1901%,1.2264%,5.8286%,-0.014036,HSY,16600.0,2019-03-05,252.0,1.0033%,0.0006,0.249,-0.3091,-0.0285,1.1890%,1.2261%,5.9514%,0.009443,HSY,16600.0,2019-03-06,252.0,-0.0626%,0.0005,0.2494,-0.3021,-0.027,1.1891%,1.2256%,5.8692%,-0.002508,HSY,0.0211389999999999,0.0117459999999999,0.0036629999999999,0.0032489999999999,0.019784
8107,HERTZ GLOBAL HOLDINGS INC NEW,Hertz Global shares are trading higher in sympathy with Avis after the company reported strong Q4 earnings.,6,increase,0.7,0.6,hertz global's stock is likely to rise due to positive sentiment in the rental car sector following avis's strong earnings report.,2,2019-02-20,HTZ,2019-02-20 21:37:00+00:00,16086.0,42806J70,-0.0103329680860042,1915308.0,0.0759860500693321,0.0116144465282559,0.011859904974699,0.00819668546319,0.0277038067579269,0.0082644261419773,0.040435392409563,0.0077335559763014,-0.023916270583868,-0.0163838900625705,-0.0250127501785755,0.0899234563112258,0.0130890049040317,-0.0462287217378616,0.0330749042332172,-0.008443871513009,-0.0990495011210441,-0.0101492581889033,-0.0399777516722679,0.0011954846559092,-0.0456912033259868,0.0011969155166298,-0.0303030312061309,0.0072332085110247,0.0199999809265136,0.0159216299653053,-0.0079656345769763,0.030934328213334,0.0247065853327512,-0.0288166366517543,-0.0006027865456417,0.0043103261850774,-0.0030156355351209,0.0600522272288799,0.024803377687931,0.0165892504155635,0.0011805519461631,-0.0833333805203437,0.0041274530813097,-0.0425159893929958,0.0281855277717113,0.0437689535319805,-0.066818967461586,0.0185759235173463,0.0146878687664866,0.0006195929017849,0.0253317300230264,-0.0037037883885204,0.0041176290251314,0.0049627739936113,0.0164030864834785,0.0300320275127887,0.0011527640745043,0.0149156637489795,0.0040299189276993,0.0612526051700115,0.0,-0.0095433089882135,0.0217889416962862,0.0456165596842765,0.0269360020756721,0.0572719871997833,-0.0125682819634676,-0.0548432692885398,-0.0309905633330345,0.0285714548081159,0.0114219794049859,-0.0366972796618938,-0.0079051041975617,-0.0254470352083444,0.0034148814156651,-0.0013736577238887,0.0243902616202831,0.1013615801930428,-0.0437430255115032,-0.0141684999689459,-0.0005790520226582,-0.0993955954909324,-0.0110081424936652,0.0020188887137919,0.0146455774083733,-0.0262123569846153,0.0092378668487071,0.0241611152887344,0.0308925025165081,0.0354412272572517,0.0138734737411141,-0.0309764333069324,-0.0180623922497034,-0.0306788068264722,0.0323299840092659,-0.0122501952573657,-0.015118827112019,-0.0449507124722003,-0.0032894443720579,-0.0199155062437057,0.0121011724695563,-0.0558404326438903,0.0375000312924385,0.0040045594796538,0.0272394157946109,-0.0520607903599739,0.0056093167513608,-0.014430709183216,-0.0846856087446212,0.0032171295024454,-0.0088642574846744,-0.1106342300772667,-0.004471767693758,0.0704440623521804,-0.0089837089180946,0.0219092369079589,-0.0067988066002726,0.0475410297513008,-0.0045636007562279,0.0054944213479757,0.0057305712252855,0.0477835275232791,-0.0256409607827663,-0.0661290064454078,0.0759860500693321,0.0116144465282559,0.0887471423772561,0.0199063319564671,0.1189095828179207,0.0283352725086563,0.1363109295910403,0.0193095328764396,0.0029003014896831,0.0412433082362249,0.0336426859845579,0.2416251165309195,-0.0081206165720897,-0.0634408801382686,2019-02-21,2019-02-22,2019-02-25,2019-02-26,2019-02-27,2019-02-28,2019-03-01,2019-03-04,2019-03-05,2019-03-06,16086.0,2019-02-20,252.0,-1.0333%,0.0006,1.9691,1.2889,1.3548,4.0469%,4.5026%,19.2160%,-0.02475,HTZ,16086.0,2019-02-21,252.0,7.5986%,0.001,1.9431,1.255,1.3065,4.0820%,4.5216%,18.4990%,0.0871899999999999,HTZ,16086.0,2019-02-22,252.0,1.1860%,0.0012,1.9391,1.3221,1.32,4.0712%,4.5139%,18.6520%,0.011433,HTZ,16086.0,2019-02-25,252.0,2.7704%,0.0007,1.9578,1.3262,1.3912,3.9473%,4.4084%,19.8222%,0.0305089999999999,HTZ,16086.0,2019-02-26,252.0,4.0435%,0.001,1.9578,1.2486,1.3519,3.9609%,4.4154%,19.5265%,0.056546,HTZ,16086.0,2019-02-27,252.0,-2.3916%,0.0011,1.978,1.2047,1.3551,3.9536%,4.4136%,19.7564%,-0.026528,HTZ,16086.0,2019-02-28,252.0,-2.5013%,0.0011,1.9747,1.2019,1.3567,3.9543%,4.4098%,19.5923%,-0.015834,HTZ,16086.0,2019-03-01,252.0,1.3089%,0.0012,1.959,1.1785,1.3326,3.9509%,4.3960%,19.2217%,0.000723,HTZ,16086.0,2019-03-04,252.0,3.3075%,0.0014,1.947,1.181,1.3442,3.9584%,4.3973%,18.9656%,0.042689,HTZ,16086.0,2019-03-05,252.0,-9.9050%,0.0009,1.9548,1.182,1.383,3.9939%,4.4299%,18.7167%,-0.088942,HTZ,16086.0,2019-03-06,252.0,-3.9978%,0.0009,1.9549,1.2066,1.3866,3.9941%,4.4341%,18.8591%,-0.009308,HTZ,0.0624399999999999,0.073873,0.1043819999999999,0.1344,0.063728
8115,HERTZ GLOBAL HOLDINGS INC NEW,Avis Budget Group Soars On Strong Q4 Earnings Beat,6,uncertain,0.6,0.3,"while avis budget group's strong earnings may indicate positive trends in the car rental industry, it does not directly correlate to hertz global holdings inc's performance, leading to uncertainty in its stock price reaction.",1,2019-02-20,HTZ,2019-02-20 21:33:00+00:00,16086.0,42806J70,-0.0103329680860042,1915308.0,0.0759860500693321,0.0116144465282559,0.011859904974699,0.00819668546319,0.0277038067579269,0.0082644261419773,0.040435392409563,0.0077335559763014,-0.023916270583868,-0.0163838900625705,-0.0250127501785755,0.0899234563112258,0.0130890049040317,-0.0462287217378616,0.0330749042332172,-0.008443871513009,-0.0990495011210441,-0.0101492581889033,-0.0399777516722679,0.0011954846559092,-0.0456912033259868,0.0011969155166298,-0.0303030312061309,0.0072332085110247,0.0199999809265136,0.0159216299653053,-0.0079656345769763,0.030934328213334,0.0247065853327512,-0.0288166366517543,-0.0006027865456417,0.0043103261850774,-0.0030156355351209,0.0600522272288799,0.024803377687931,0.0165892504155635,0.0011805519461631,-0.0833333805203437,0.0041274530813097,-0.0425159893929958,0.0281855277717113,0.0437689535319805,-0.066818967461586,0.0185759235173463,0.0146878687664866,0.0006195929017849,0.0253317300230264,-0.0037037883885204,0.0041176290251314,0.0049627739936113,0.0164030864834785,0.0300320275127887,0.0011527640745043,0.0149156637489795,0.0040299189276993,0.0612526051700115,0.0,-0.0095433089882135,0.0217889416962862,0.0456165596842765,0.0269360020756721,0.0572719871997833,-0.0125682819634676,-0.0548432692885398,-0.0309905633330345,0.0285714548081159,0.0114219794049859,-0.0366972796618938,-0.0079051041975617,-0.0254470352083444,0.0034148814156651,-0.0013736577238887,0.0243902616202831,0.1013615801930428,-0.0437430255115032,-0.0141684999689459,-0.0005790520226582,-0.0993955954909324,-0.0110081424936652,0.0020188887137919,0.0146455774083733,-0.0262123569846153,0.0092378668487071,0.0241611152887344,0.0308925025165081,0.0354412272572517,0.0138734737411141,-0.0309764333069324,-0.0180623922497034,-0.0306788068264722,0.0323299840092659,-0.0122501952573657,-0.015118827112019,-0.0449507124722003,-0.0032894443720579,-0.0199155062437057,0.0121011724695563,-0.0558404326438903,0.0375000312924385,0.0040045594796538,0.0272394157946109,-0.0520607903599739,0.0056093167513608,-0.014430709183216,-0.0846856087446212,0.0032171295024454,-0.0088642574846744,-0.1106342300772667,-0.004471767693758,0.0704440623521804,-0.0089837089180946,0.0219092369079589,-0.0067988066002726,0.0475410297513008,-0.0045636007562279,0.0054944213479757,0.0057305712252855,0.0477835275232791,-0.0256409607827663,-0.0661290064454078,0.0759860500693321,0.0116144465282559,0.0887471423772561,0.0199063319564671,0.1189095828179207,0.0283352725086563,0.1363109295910403,0.0193095328764396,0.0029003014896831,0.0412433082362249,0.0336426859845579,0.2416251165309195,-0.0081206165720897,-0.0634408801382686,2019-02-21,2019-02-22,2019-02-25,2019-02-26,2019-02-27,2019-02-28,2019-03-01,2019-03-04,2019-03-05,2019-03-06,16086.0,2019-02-20,252.0,-1.0333%,0.0006,1.9691,1.2889,1.3548,4.0469%,4.5026%,19.2160%,-0.02475,HTZ,16086.0,2019-02-21,252.0,7.5986%,0.001,1.9431,1.255,1.3065,4.0820%,4.5216%,18.4990%,0.0871899999999999,HTZ,16086.0,2019-02-22,252.0,1.1860%,0.0012,1.9391,1.3221,1.32,4.0712%,4.5139%,18.6520%,0.011433,HTZ,16086.0,2019-02-25,252.0,2.7704%,0.0007,1.9578,1.3262,1.3912,3.9473%,4.4084%,19.8222%,0.0305089999999999,HTZ,16086.0,2019-02-26,252.0,4.0435%,0.001,1.9578,1.2486,1.3519,3.9609%,4.4154%,19.5265%,0.056546,HTZ,16086.0,2019-02-27,252.0,-2.3916%,0.0011,1.978,1.2047,1.3551,3.9536%,4.4136%,19.7564%,-0.026528,HTZ,16086.0,2019-02-28,252.0,-2.5013%,0.0011,1.9747,1.2019,1.3567,3.9543%,4.4098%,19.5923%,-0.015834,HTZ,16086.0,2019-03-01,252.0,1.3089%,0.0012,1.959,1.1785,1.3326,3.9509%,4.3960%,19.2217%,0.000723,HTZ,16086.0,2019-03-04,252.0,3.3075%,0.0014,1.947,1.181,1.3442,3.9584%,4.3973%,18.9656%,0.042689,HTZ,16086.0,2019-03-05,252.0,-9.9050%,0.0009,1.9548,1.182,1.383,3.9939%,4.4299%,18.7167%,-0.088942,HTZ,16086.0,2019-03-06,252.0,-3.9978%,0.0009,1.9549,1.2066,1.3866,3.9941%,4.4341%,18.8591%,-0.009308,HTZ,0.0624399999999999,0.073873,0.1043819999999999,0.1344,0.063728
8123,HERTZ GLOBAL HOLDINGS INC NEW,"Avis Budget Shares Spike 8% Higher Following Q4 Earnings Beat, Strong FY19 Guidance; Hertz Shares Move Higher In Sympathy, Up 4.4%",6,increase,0.7,0.5,"hertz shares moved higher in sympathy with avis budget's strong earnings report, indicating positive market sentiment that could lead to an increase in hertz's stock price.",2,2019-02-20,HTZ,2019-02-20 21:26:00+00:00,16086.0,42806J70,-0.0103329680860042,1915308.0,0.0759860500693321,0.0116144465282559,0.011859904974699,0.00819668546319,0.0277038067579269,0.0082644261419773,0.040435392409563,0.0077335559763014,-0.023916270583868,-0.0163838900625705,-0.0250127501785755,0.0899234563112258,0.0130890049040317,-0.0462287217378616,0.0330749042332172,-0.008443871513009,-0.0990495011210441,-0.0101492581889033,-0.0399777516722679,0.0011954846559092,-0.0456912033259868,0.0011969155166298,-0.0303030312061309,0.0072332085110247,0.0199999809265136,0.0159216299653053,-0.0079656345769763,0.030934328213334,0.0247065853327512,-0.0288166366517543,-0.0006027865456417,0.0043103261850774,-0.0030156355351209,0.0600522272288799,0.024803377687931,0.0165892504155635,0.0011805519461631,-0.0833333805203437,0.0041274530813097,-0.0425159893929958,0.0281855277717113,0.0437689535319805,-0.066818967461586,0.0185759235173463,0.0146878687664866,0.0006195929017849,0.0253317300230264,-0.0037037883885204,0.0041176290251314,0.0049627739936113,0.0164030864834785,0.0300320275127887,0.0011527640745043,0.0149156637489795,0.0040299189276993,0.0612526051700115,0.0,-0.0095433089882135,0.0217889416962862,0.0456165596842765,0.0269360020756721,0.0572719871997833,-0.0125682819634676,-0.0548432692885398,-0.0309905633330345,0.0285714548081159,0.0114219794049859,-0.0366972796618938,-0.0079051041975617,-0.0254470352083444,0.0034148814156651,-0.0013736577238887,0.0243902616202831,0.1013615801930428,-0.0437430255115032,-0.0141684999689459,-0.0005790520226582,-0.0993955954909324,-0.0110081424936652,0.0020188887137919,0.0146455774083733,-0.0262123569846153,0.0092378668487071,0.0241611152887344,0.0308925025165081,0.0354412272572517,0.0138734737411141,-0.0309764333069324,-0.0180623922497034,-0.0306788068264722,0.0323299840092659,-0.0122501952573657,-0.015118827112019,-0.0449507124722003,-0.0032894443720579,-0.0199155062437057,0.0121011724695563,-0.0558404326438903,0.0375000312924385,0.0040045594796538,0.0272394157946109,-0.0520607903599739,0.0056093167513608,-0.014430709183216,-0.0846856087446212,0.0032171295024454,-0.0088642574846744,-0.1106342300772667,-0.004471767693758,0.0704440623521804,-0.0089837089180946,0.0219092369079589,-0.0067988066002726,0.0475410297513008,-0.0045636007562279,0.0054944213479757,0.0057305712252855,0.0477835275232791,-0.0256409607827663,-0.0661290064454078,0.0759860500693321,0.0116144465282559,0.0887471423772561,0.0199063319564671,0.1189095828179207,0.0283352725086563,0.1363109295910403,0.0193095328764396,0.0029003014896831,0.0412433082362249,0.0336426859845579,0.2416251165309195,-0.0081206165720897,-0.0634408801382686,2019-02-21,2019-02-22,2019-02-25,2019-02-26,2019-02-27,2019-02-28,2019-03-01,2019-03-04,2019-03-05,2019-03-06,16086.0,2019-02-20,252.0,-1.0333%,0.0006,1.9691,1.2889,1.3548,4.0469%,4.5026%,19.2160%,-0.02475,HTZ,16086.0,2019-02-21,252.0,7.5986%,0.001,1.9431,1.255,1.3065,4.0820%,4.5216%,18.4990%,0.0871899999999999,HTZ,16086.0,2019-02-22,252.0,1.1860%,0.0012,1.9391,1.3221,1.32,4.0712%,4.5139%,18.6520%,0.011433,HTZ,16086.0,2019-02-25,252.0,2.7704%,0.0007,1.9578,1.3262,1.3912,3.9473%,4.4084%,19.8222%,0.0305089999999999,HTZ,16086.0,2019-02-26,252.0,4.0435%,0.001,1.9578,1.2486,1.3519,3.9609%,4.4154%,19.5265%,0.056546,HTZ,16086.0,2019-02-27,252.0,-2.3916%,0.0011,1.978,1.2047,1.3551,3.9536%,4.4136%,19.7564%,-0.026528,HTZ,16086.0,2019-02-28,252.0,-2.5013%,0.0011,1.9747,1.2019,1.3567,3.9543%,4.4098%,19.5923%,-0.015834,HTZ,16086.0,2019-03-01,252.0,1.3089%,0.0012,1.959,1.1785,1.3326,3.9509%,4.3960%,19.2217%,0.000723,HTZ,16086.0,2019-03-04,252.0,3.3075%,0.0014,1.947,1.181,1.3442,3.9584%,4.3973%,18.9656%,0.042689,HTZ,16086.0,2019-03-05,252.0,-9.9050%,0.0009,1.9548,1.182,1.383,3.9939%,4.4299%,18.7167%,-0.088942,HTZ,16086.0,2019-03-06,252.0,-3.9978%,0.0009,1.9549,1.2066,1.3866,3.9941%,4.4341%,18.8591%,-0.009308,HTZ,0.0624399999999999,0.073873,0.1043819999999999,0.1344,0.063728
8131,HUBSPOT INC,Why A Secondary Offering Is Often Negative For Stocks,6,decrease,0.8,0.6,"a secondary offering typically dilutes existing shares and can signal that the company needs additional capital, which may lead to a decrease in stock price.",0,2019-02-20,HUBS,2019-02-20 21:01:00+00:00,14970.0,44357310,-0.0083927027881145,559860.0,0.0063326344825327,-0.0028297984972596,0.0211169011890888,-0.0004814456915482,0.0075847287662327,-0.0331645831465721,-0.0138202244415879,-0.0007558423676528,0.010793711990118,0.026069289073348,-0.0066076410003006,0.0132374418899416,0.0210238341242075,0.0314857736229896,-0.0461260639131069,-0.0254587586969137,0.0034757731482386,0.004884619731456,-0.0201749633997678,0.0026323394849896,0.0058918190188705,0.0227273032069206,0.0023429612629115,0.0089065991342067,0.0213445648550987,0.0407599546015262,0.0050590918399393,0.0378684699535369,-0.0003595251473598,-0.0237794388085603,0.0086319809779524,-0.00930439773947,-0.0080232433974742,0.0108057307079434,-0.0051524811424314,-0.0140085816383361,0.0198132693767547,0.0013830789830535,-0.0040155467577278,-0.0220906026661396,0.0448238924145698,0.0369999930262565,-0.0600953139364719,0.0330481119453907,0.0094185685738921,-0.0076001407578587,0.0029906095005571,0.0369923785328865,-0.0363169908523559,0.0059999739751219,0.0112623265013098,0.0,0.0170726254582405,0.0114875826984643,0.0031285060103982,0.0114733073860406,0.025010485202074,0.0267106667160987,0.0052662915550172,0.0514357574284076,-0.0430151298642158,0.066733993589878,-0.0025545780081301,-0.0514846518635749,-0.0089030228555202,-0.0035791343543678,0.0036916637327522,0.0138698583468794,0.0121987992897629,-0.0161840599030256,0.0138687537983059,0.016122531145811,-0.0084224576130509,0.0839741379022598,-0.0048795035108923,-0.0065971747972071,0.0070222388021647,-0.0523978173732757,-0.0215810723602771,-0.039731428027153,-0.0167731363326311,-0.0128655089065432,0.0186840314418077,0.0215867385268211,0.0196907818317413,-0.0518843196332454,-0.006497033406049,-0.0189671590924263,0.0351802185177803,-0.008302753791213,0.0453906990587711,0.0371104963123798,0.026130249723792,-0.003795642638579,0.0059981793165206,0.0266541838645935,-0.0159358363598585,-0.0442458279430866,-0.010410351678729,0.0241836905479431,0.0261605083942413,-0.0633128508925437,0.0094380853697657,0.0065453764982521,-0.0224610846489667,0.036377228796482,-0.0114336069673299,0.0267891325056552,0.0115658463910222,0.0798412784934043,-0.0013192914193496,-0.0226189754903316,-0.0420519560575485,0.0504030771553516,0.029993113130331,0.0079541597515344,0.0126074403524398,0.0187331326305866,0.0498567819595336,0.002007994800806,0.0063326344825327,-0.0028297984972596,0.0275832612882558,-0.0033098817945134,0.0353772016098481,-0.0363646940911061,0.032089170823929,-0.0119907508645648,-0.0182061148580544,0.0138964741238252,0.0460939407237894,0.3065635258081534,0.1603849044131606,0.4459577025353425,2019-02-21,2019-02-22,2019-02-25,2019-02-26,2019-02-27,2019-02-28,2019-03-01,2019-03-04,2019-03-05,2019-03-06,14970.0,2019-02-20,252.0,-0.8393%,0.0011,1.3999,0.7206,-1.7092,1.6568%,2.7803%,64.4896%,-0.0034879999999999,HUBS,14970.0,2019-02-21,252.0,0.6333%,0.001,1.4112,0.7453,-1.6885,1.6417%,2.7749%,64.9956%,0.0079849999999999,HUBS,14970.0,2019-02-22,252.0,2.1117%,0.0009,1.4146,0.7222,-1.6695,1.6432%,2.7769%,64.9863%,-0.017076,HUBS,14970.0,2019-02-25,252.0,0.7585%,0.0009,1.4142,0.7202,-1.6719,1.6432%,2.7770%,64.9881%,0.004235,HUBS,14970.0,2019-02-26,252.0,-1.3820%,0.0009,1.4276,0.726,-1.6589,1.6416%,2.7788%,65.0996%,-0.0125659999999999,HUBS,14970.0,2019-02-27,252.0,1.0794%,0.001,1.4313,0.7208,-1.6583,1.6411%,2.7792%,65.1313%,0.006039,HUBS,14970.0,2019-02-28,252.0,-0.6608%,0.0009,1.4434,0.7289,-1.6477,1.6370%,2.7797%,65.3172%,-0.00656,HUBS,14970.0,2019-03-01,252.0,2.1024%,0.0009,1.4462,0.733,-1.6439,1.6368%,2.7814%,65.3683%,0.001836,HUBS,14970.0,2019-03-04,252.0,-4.6126%,0.0007,1.4586,0.7189,-1.6533,1.6435%,2.7976%,65.4852%,-0.0293529999999999,HUBS,14970.0,2019-03-05,252.0,0.3476%,0.0006,1.4547,0.6911,-1.6574,1.6411%,2.7861%,65.3051%,0.004126,HUBS,14970.0,2019-03-06,252.0,-2.0175%,0.0007,1.4598,0.6851,-1.6525,1.6399%,2.7895%,65.4411%,0.001326,HUBS,0.0044969999999999,-0.012579,-0.008344,-0.0148709999999999,-0.0434959999999999
8139,ICON PLC NEW,"Icon Reaffirms FY19 Guidance; Sees EPS $6.69-$6.89 vs $6.81 Est., Sales $2.74B-$2.84B vs $2.78B Est.",6,increase,0.8,0.6,"the reaffirmation of guidance with eps and sales estimates slightly above market expectations suggests positive performance, likely leading to an increase in stock price.",2,2019-02-20,ICLR,2019-02-20 21:29:00+00:00,86072.0,G4705A10,0.00440528197214,241597.0,-0.0258361045271158,0.0015856305835768,0.0213859211653471,0.0067323790863156,0.0121220089495182,0.0061452854424715,-0.0290575325489044,0.0162514597177505,0.0152790024876594,0.0154944453388452,-0.0336877331137657,-0.0043768431060016,0.002857616636902,-0.0034323271829634,-0.013463451527059,-0.0130556868389248,-0.00664306525141,0.0019799093715846,-0.0285673309117555,-0.00380394840613,-0.0267134997993707,0.0034636706113815,-0.0137618854641914,0.0113668590784072,0.0286092776805162,0.0078536756336689,-0.0016673074569553,0.0197647828608751,0.0053898636251688,0.0088207134976983,-0.0015856743557378,-0.005088513251394,0.018225846812129,0.0277399085462093,-0.0056446413509547,-0.0051273768767714,0.0081415921449661,0.0025702777784317,0.0125953685492277,-0.0067577259615063,0.0005853649927303,-0.0017988719046115,-0.02829978056252,-0.0028400961309671,0.0055688605643808,-0.0184859465807676,0.0115252854302525,0.0163274612277746,-0.0180526953190565,-0.0082809254527091,0.0117540499195456,0.0002957864489872,0.0171284116804599,0.0203759130090475,0.0125200720503926,0.0061503234319388,0.0022417588625103,0.0602157115936279,-0.0029581792186945,0.0046910531818866,0.008611349388957,0.0192909836769104,-0.0008610300719738,-0.0504148639738559,0.0012207251274958,-0.0113768959417939,-0.0098973652347922,0.016201376914978,0.0031872685067355,0.0117769027128815,-0.0088815866038203,-0.0056179706007242,-0.0012385121081024,0.0587249249219894,-0.0008753017755225,-0.0208350494503974,-0.0275972746312618,-0.0319224707782268,-0.0173436254262924,-0.0384821034967899,0.0006876247934997,0.0040631615556776,-0.0074825971387326,0.0040797381661832,0.0389260500669479,-0.0268913581967353,-0.0028138088528066,-0.0198957975953817,0.0167075078934431,-0.0137571059167385,0.0034326703753322,-0.0007958371425047,-0.0023290782701224,-0.0060405316762626,-0.0035748556256294,-0.004082269500941,-0.0154488254338502,-0.0164130870252847,0.0533204302191734,-0.0111451018601656,0.0072013856843113,-0.0245294608175754,-0.0097434418275952,0.0169292222708463,-0.0276067741215229,0.0210964903235435,0.003858184441924,-0.0007755260448902,0.0007252074428834,0.0440158657729625,0.0125362006947398,-0.0007355553098022,-0.0292707104235887,0.0159916244447231,0.0032438989728689,0.034637477248907,0.0182245429605245,0.0083417166024446,0.017754090949893,0.0025010341778397,-0.0258361045271158,0.0015856305835768,-0.0050027122564052,0.0083286847360719,0.0070586537703689,0.0145251523236069,-0.0072642381074486,0.0469876363812507,-0.0841556954990084,0.0233868123817073,-0.0529742038104369,0.1750242567926883,-0.0335799993009096,0.1354435439315628,2019-02-21,2019-02-22,2019-02-25,2019-02-26,2019-02-27,2019-02-28,2019-03-01,2019-03-04,2019-03-05,2019-03-06,86072.0,2019-02-20,252.0,0.4405%,0.0006,0.8406,0.3291,-0.661,1.2032%,1.6681%,47.9674%,0.005619,ICLR,86072.0,2019-02-21,252.0,-2.5836%,0.0005,0.848,0.3387,-0.6472,1.2129%,1.6767%,47.6731%,-0.024116,ICLR,86072.0,2019-02-22,252.0,2.1386%,0.0006,0.8461,0.3745,-0.6373,1.2020%,1.6718%,48.3032%,0.004397,ICLR,86072.0,2019-02-25,252.0,1.2122%,0.0007,0.845,0.3685,-0.6445,1.2023%,1.6727%,48.3323%,0.01058,ICLR,86072.0,2019-02-26,252.0,-2.9058%,0.0005,0.8392,0.4133,-0.6261,1.2091%,1.6719%,47.7000%,-0.027574,ICLR,86072.0,2019-02-27,252.0,1.5279%,0.0006,0.8481,0.4013,-0.6246,1.2054%,1.6725%,48.0608%,0.012887,ICLR,86072.0,2019-02-28,252.0,-3.3688%,0.0004,0.8602,0.4085,-0.6079,1.2219%,1.6868%,47.5239%,-0.0327999999999999,ICLR,86072.0,2019-03-01,252.0,0.2858%,0.0004,0.863,0.4126,-0.6002,1.2220%,1.6868%,47.5153%,-0.007042,ICLR,86072.0,2019-03-04,252.0,-1.3463%,0.0003,0.8657,0.4085,-0.602,1.2222%,1.6892%,47.6505%,-0.005075,ICLR,86072.0,2019-03-05,252.0,-0.6643%,0.0003,0.866,0.4069,-0.5997,1.2226%,1.6867%,47.4640%,-0.00544,ICLR,86072.0,2019-03-06,252.0,-2.8567%,0.0003,0.8763,0.4374,-0.5839,1.2260%,1.6969%,47.7957%,-0.016016,ICLR,-0.018497,-0.0141,-0.0035199999999999,-0.018207,-0.08458
8147,ICON PLC NEW,"Icon Q4 EPS $1.63 Beats $1.60 Estimate, Sales $679M Beat $675.88M Estimate",6,increase,0.8,0.7,"the company reported better-than-expected earnings and sales, which typically leads to positive investor sentiment and an increase in stock price.",2,2019-02-20,ICLR,2019-02-20 21:27:00+00:00,86072.0,G4705A10,0.00440528197214,241597.0,-0.0258361045271158,0.0015856305835768,0.0213859211653471,0.0067323790863156,0.0121220089495182,0.0061452854424715,-0.0290575325489044,0.0162514597177505,0.0152790024876594,0.0154944453388452,-0.0336877331137657,-0.0043768431060016,0.002857616636902,-0.0034323271829634,-0.013463451527059,-0.0130556868389248,-0.00664306525141,0.0019799093715846,-0.0285673309117555,-0.00380394840613,-0.0267134997993707,0.0034636706113815,-0.0137618854641914,0.0113668590784072,0.0286092776805162,0.0078536756336689,-0.0016673074569553,0.0197647828608751,0.0053898636251688,0.0088207134976983,-0.0015856743557378,-0.005088513251394,0.018225846812129,0.0277399085462093,-0.0056446413509547,-0.0051273768767714,0.0081415921449661,0.0025702777784317,0.0125953685492277,-0.0067577259615063,0.0005853649927303,-0.0017988719046115,-0.02829978056252,-0.0028400961309671,0.0055688605643808,-0.0184859465807676,0.0115252854302525,0.0163274612277746,-0.0180526953190565,-0.0082809254527091,0.0117540499195456,0.0002957864489872,0.0171284116804599,0.0203759130090475,0.0125200720503926,0.0061503234319388,0.0022417588625103,0.0602157115936279,-0.0029581792186945,0.0046910531818866,0.008611349388957,0.0192909836769104,-0.0008610300719738,-0.0504148639738559,0.0012207251274958,-0.0113768959417939,-0.0098973652347922,0.016201376914978,0.0031872685067355,0.0117769027128815,-0.0088815866038203,-0.0056179706007242,-0.0012385121081024,0.0587249249219894,-0.0008753017755225,-0.0208350494503974,-0.0275972746312618,-0.0319224707782268,-0.0173436254262924,-0.0384821034967899,0.0006876247934997,0.0040631615556776,-0.0074825971387326,0.0040797381661832,0.0389260500669479,-0.0268913581967353,-0.0028138088528066,-0.0198957975953817,0.0167075078934431,-0.0137571059167385,0.0034326703753322,-0.0007958371425047,-0.0023290782701224,-0.0060405316762626,-0.0035748556256294,-0.004082269500941,-0.0154488254338502,-0.0164130870252847,0.0533204302191734,-0.0111451018601656,0.0072013856843113,-0.0245294608175754,-0.0097434418275952,0.0169292222708463,-0.0276067741215229,0.0210964903235435,0.003858184441924,-0.0007755260448902,0.0007252074428834,0.0440158657729625,0.0125362006947398,-0.0007355553098022,-0.0292707104235887,0.0159916244447231,0.0032438989728689,0.034637477248907,0.0182245429605245,0.0083417166024446,0.017754090949893,0.0025010341778397,-0.0258361045271158,0.0015856305835768,-0.0050027122564052,0.0083286847360719,0.0070586537703689,0.0145251523236069,-0.0072642381074486,0.0469876363812507,-0.0841556954990084,0.0233868123817073,-0.0529742038104369,0.1750242567926883,-0.0335799993009096,0.1354435439315628,2019-02-21,2019-02-22,2019-02-25,2019-02-26,2019-02-27,2019-02-28,2019-03-01,2019-03-04,2019-03-05,2019-03-06,86072.0,2019-02-20,252.0,0.4405%,0.0006,0.8406,0.3291,-0.661,1.2032%,1.6681%,47.9674%,0.005619,ICLR,86072.0,2019-02-21,252.0,-2.5836%,0.0005,0.848,0.3387,-0.6472,1.2129%,1.6767%,47.6731%,-0.024116,ICLR,86072.0,2019-02-22,252.0,2.1386%,0.0006,0.8461,0.3745,-0.6373,1.2020%,1.6718%,48.3032%,0.004397,ICLR,86072.0,2019-02-25,252.0,1.2122%,0.0007,0.845,0.3685,-0.6445,1.2023%,1.6727%,48.3323%,0.01058,ICLR,86072.0,2019-02-26,252.0,-2.9058%,0.0005,0.8392,0.4133,-0.6261,1.2091%,1.6719%,47.7000%,-0.027574,ICLR,86072.0,2019-02-27,252.0,1.5279%,0.0006,0.8481,0.4013,-0.6246,1.2054%,1.6725%,48.0608%,0.012887,ICLR,86072.0,2019-02-28,252.0,-3.3688%,0.0004,0.8602,0.4085,-0.6079,1.2219%,1.6868%,47.5239%,-0.0327999999999999,ICLR,86072.0,2019-03-01,252.0,0.2858%,0.0004,0.863,0.4126,-0.6002,1.2220%,1.6868%,47.5153%,-0.007042,ICLR,86072.0,2019-03-04,252.0,-1.3463%,0.0003,0.8657,0.4085,-0.602,1.2222%,1.6892%,47.6505%,-0.005075,ICLR,86072.0,2019-03-05,252.0,-0.6643%,0.0003,0.866,0.4069,-0.5997,1.2226%,1.6867%,47.4640%,-0.00544,ICLR,86072.0,2019-03-06,252.0,-2.8567%,0.0003,0.8763,0.4374,-0.5839,1.2260%,1.6969%,47.7957%,-0.016016,ICLR,-0.018497,-0.0141,-0.0035199999999999,-0.018207,-0.08458
8155,INTERCEPT PHARMACEUTICALS INC,Adam Feuerstein of Stat News Tweets on Intercept Pharma,6,uncertain,0.5,0.5,the impact of adam feuerstein's tweet on intercept pharmaceuticals' stock price is unclear without additional context regarding the content of the tweet.,1,2019-02-20,ICPT,2019-02-20 18:06:00+00:00,13643.0,45845P10,-0.1576932966709137,5864784.0,-0.0727052092552185,0.0609095841646194,0.0165522880852222,-0.0034172416198998,0.0095340050756931,0.0077027501538395,-0.0157045386731624,-0.0063035078346729,0.0,-0.0536048524081707,0.0752479061484336,-0.0131203122437,0.0696812197566032,0.0229716785252094,-0.0192145742475986,-0.0205611772835254,0.0294342692941427,-0.0081076668575406,-0.0303565189242363,-0.002750702900812,-0.0197223331779241,0.0287257619202137,-0.0141615094617009,-0.0336426720023155,0.038735844194889,0.0389118157327175,0.0175489168614149,0.0339119285345077,0.0210891366004943,-0.0299602933228015,0.0184504725039005,-0.0312003623694181,0.0200991742312908,0.0266209207475185,0.0033574593253433,0.0526077896356582,-0.0140013769268989,-0.0027044357266277,0.0100026354193687,-0.0222123991698026,0.0182156264781951,-0.0018476747209206,-0.046026948839426,0.025812279433012,-0.0046427142806351,-0.0113321729004383,0.0183830447494983,0.0300551149994134,-0.0453524515032768,-0.0084753511473536,0.0035747624933719,-0.0287661515176296,0.0485564321279525,-0.0006191923166625,-0.0032183141447603,0.0201227515935897,0.0221524778753519,0.0094735007733106,0.0122839473187923,0.0725940465927124,0.0024269635323435,0.0763487443327903,0.0119325313717126,-0.0222108345478773,0.0269161891192197,-0.0351225398480892,-0.0148943327367305,0.0716639831662178,0.0193428583443164,0.0108555685728788,-0.1320019960403442,-0.0197029039263725,-0.0910739973187446,0.0976061299443245,-0.031089162454009,-0.0463217943906784,-0.0059620928950607,-0.0702419877052307,-0.027917094528675,-0.0517308413982391,-0.0197442471981048,-0.0365373939275741,-0.0042343228124082,0.0144458906725049,0.0404550805687904,-0.0258309487253427,0.0077322940342128,-0.000740070361644,-0.0254302266985178,-0.0235772412270307,0.0087729021906852,0.0584185943007469,-0.0146059216931462,-0.0132088083773851,-0.0248924754559993,0.0364756062626838,-0.0041773105040192,-0.0425989665091037,0.0278489794582128,0.008402562700212,0.0193855464458465,-0.0277217198163271,-0.0022241654805839,-0.0177621599286794,-0.0526081286370754,0.0069911410100758,0.0302352905273437,-0.0343678630888462,-0.0419093072414398,0.0496962442994117,0.0328963287174701,-0.0232808664441108,-0.0338102951645851,0.0016206023283302,0.0360682718455791,0.0122117586433887,0.0174063649028539,0.0279157217592001,0.0023793233558535,0.0281228758394718,-0.0727052092552185,0.0609095841646194,-0.057356358738885,0.0572841997786615,-0.0483691894785316,0.0654281958111586,-0.063314112344939,0.0019601463469838,0.0547308791429308,-0.0200050116225415,0.1650005511352847,0.148705440527854,-0.1066343357033672,0.1323316732641977,2019-02-21,2019-02-22,2019-02-25,2019-02-26,2019-02-27,2019-02-28,2019-03-01,2019-03-04,2019-03-05,2019-03-06,13643.0,2019-02-20,252.0,-15.7693%,0.0016,1.5626,1.4152,-1.1366,2.8610%,3.6519%,38.6258%,-0.158812,ICPT,13643.0,2019-02-21,252.0,-7.2705%,0.0014,1.5804,1.436,-1.1034,2.8948%,3.6822%,38.1944%,-0.068647,ICPT,13643.0,2019-02-22,252.0,1.6552%,0.0014,1.5816,1.4733,-1.055,2.8908%,3.6786%,38.2444%,-0.017938,ICPT,13643.0,2019-02-25,252.0,0.9534%,0.0014,1.5816,1.4695,-1.0569,2.8912%,3.6787%,38.2327%,0.008993,ICPT,13643.0,2019-02-26,252.0,-1.5705%,0.0013,1.5713,1.4917,-1.0533,2.8889%,3.6721%,38.1059%,-0.007357,ICPT,13643.0,2019-02-27,252.0,0.0000%,0.0014,1.5771,1.4794,-1.0524,2.8880%,3.6720%,38.1430%,-0.005612,ICPT,13643.0,2019-02-28,252.0,7.5248%,0.0017,1.5559,1.4675,-1.0854,2.9263%,3.6943%,37.2554%,0.07711,ICPT,13643.0,2019-03-01,252.0,6.9681%,0.0018,1.5746,1.4953,-1.0788,2.9406%,3.7180%,37.4469%,0.049791,ICPT,13643.0,2019-03-04,252.0,-1.9215%,0.0019,1.5698,1.5136,-1.0781,2.9398%,3.7194%,37.5250%,-0.0009279999999999,ICPT,13643.0,2019-03-05,252.0,2.9434%,0.0018,1.5548,1.4182,-1.1007,2.9343%,3.6925%,36.8530%,0.034118,ICPT,13643.0,2019-03-06,252.0,-3.0357%,0.0018,1.5505,1.424,-1.1048,2.9337%,3.6970%,37.0269%,0.0009229999999999,ICPT,-0.227459,-0.245397,-0.236404,-0.249373,-0.088359
8163,ICAHN ENTERPRISES L P,"Caesars Entertainment Comments On Ichan 13D Filing; Says Board, Management Have Engaged In Discussions With Icahn And Expect To Continue A Constructive"" Dialogue",6,increase,0.7,0.6,"the constructive dialogue between caesars entertainment and icahn suggests potential collaboration or positive developments, which could boost investor confidence in icahn enterprises.",2,2019-02-20,IEP,2019-02-20 11:03:00+00:00,75113.0,45110010,0.0080725066363811,56044.0,-0.0167182143777608,0.0140744419768452,0.0002858161460608,-0.0107970181852579,0.0108555136248469,-0.0036801435053348,-0.005369468126446,0.0150862513110041,0.0228725764900445,0.0160583723336458,0.0318055674433708,-0.0050834929570555,0.0297482702881097,0.0004359020676929,0.0111110908910632,-0.0126254996284842,-0.0241757612675428,0.0030220043845474,-0.021595187485218,0.0368546918034553,0.000812527956441,-0.0106288930401206,-0.023812772706151,-0.0285387262701988,0.0316464900970459,0.023034032434225,-0.0142325051128864,0.0103765875101089,0.0037847531493753,0.0092759244143962,0.0041894013993442,-0.0063921557739377,0.0086218202486634,0.0111227696761488,0.0103405490517616,0.004074805881828,0.0083242440596222,-0.0192420873790979,-0.0079847928136587,-0.0193061660975217,0.0065483725629746,0.0005809864378534,-0.0126050459221005,0.0083479741588234,-0.0061770342290401,0.0220027137547731,0.0149171520024538,0.023908007889986,-0.005443678703159,-0.0119624603539705,-0.0010947157861664,0.0090145757421851,-0.0068493150174617,-0.0010683714644983,0.0151723930612206,-0.0021323028486222,0.002717453520745,0.017984552308917,-0.0139567255973815,0.0376447886228561,0.0023362073116004,0.0284579955041408,0.0035644981544464,0.0034866193309426,-0.0034153007436543,0.0551856607198715,0.0063057811930775,-0.0112592708319425,0.0001361463946523,0.0368175134062767,-0.0111686149612069,-0.0159067064523696,0.0157024711370468,0.1170779913663864,-0.0032546496950089,-0.0445198416709899,0.0156462788581848,-0.0446927957236766,0.0046885260380804,-0.0275148898363113,-0.0079999798908829,-0.042296078056097,0.0006719814846292,-0.0015082343015819,0.0068502640351653,-0.0336842387914657,-0.0061365938745439,-0.0497076511383056,-0.0073825912550091,-0.0197616163641214,0.0124409170821309,0.0277519524097442,0.0008013564511202,-0.0055504254996776,0.0076070958748459,-0.013536112383008,0.0018542965408414,-0.0173367746174335,-0.0193019453436136,0.0029981199186295,0.0124022401869297,-0.0303779635578393,0.0178429298102855,0.0288619752973318,-0.0092883184552192,0.0109608611091971,-0.0010564086260274,-0.0142325162887573,0.0019828358199447,0.0073562208563089,-0.0060686897486448,-0.0089272204786539,-0.0580855570733547,0.0222053099423646,0.0437173806130886,-0.0269350260496139,-0.0055478713475167,0.0290891863405704,0.0052999290637671,-0.0246582888066768,-0.0167182143777608,0.0140744419768452,-0.0164371765673024,0.003125461785616,-0.0057600969366359,-0.0005661838676103,0.0115200856737336,0.0308029296701739,0.0375105100921591,0.0535661634455524,0.0514848748203127,0.1359395262218237,0.0699172143748434,0.0488710894010051,2019-02-21,2019-02-22,2019-02-25,2019-02-26,2019-02-27,2019-02-28,2019-03-01,2019-03-04,2019-03-05,2019-03-06,75113.0,2019-02-20,252.0,0.8073%,0.0012,1.0414,0.8214,0.075,1.7112%,2.0808%,32.3725%,0.003795,IEP,75113.0,2019-02-21,252.0,-1.6718%,0.0012,1.0428,0.8214,0.0777,1.7130%,2.0820%,32.3038%,-0.012218,IEP,75113.0,2019-02-22,252.0,0.0286%,0.0011,1.0443,0.8223,0.0963,1.7144%,2.0820%,32.1992%,-0.009968,IEP,75113.0,2019-02-25,252.0,1.0856%,0.0012,1.044,0.8169,0.0925,1.7155%,2.0828%,32.1563%,0.0115,IEP,75113.0,2019-02-26,252.0,-0.5369%,0.0012,1.0443,0.816,0.0922,1.7155%,2.0819%,32.0955%,0.0017349999999999,IEP,75113.0,2019-02-27,252.0,2.2873%,0.0013,1.0485,0.8141,0.0929,1.7189%,2.0862%,32.1109%,0.0203929999999999,IEP,75113.0,2019-02-28,252.0,3.1806%,0.0015,1.0398,0.8092,0.0787,1.7318%,2.0917%,31.4483%,0.035026,IEP,75113.0,2019-03-01,252.0,2.9748%,0.0016,1.0361,0.8037,0.0643,1.7340%,2.0916%,31.2727%,0.0201399999999999,IEP,75113.0,2019-03-04,252.0,1.1111%,0.0015,1.051,0.7379,0.0641,1.7219%,2.0827%,31.6444%,0.019372,IEP,75113.0,2019-03-05,252.0,-2.4176%,0.0014,1.0563,0.7647,0.0758,1.7266%,2.0886%,31.6588%,-0.020038,IEP,75113.0,2019-03-06,252.0,-2.1595%,0.0012,1.0345,0.7946,0.0553,1.7039%,2.0673%,32.0704%,-0.0032069999999999,IEP,-0.008423,-0.0183909999999999,-0.0068909999999999,0.015237,0.0665299999999999
8171,IMAX CORP,This Analyst Says Sony Should 'Think About' Acquiring IMAX,6,increase,0.7,0.6,"the suggestion of a potential acquisition by a major company like sony could create positive sentiment around imax, leading to an increase in its stock price.",2,2019-02-20,IMAX,2019-02-20 20:42:00+00:00,80635.0,45245E10,0.0257756076753139,424937.0,-0.0051186881028115,-0.0127237774431705,0.0159027203917503,-0.0065543674863874,-0.0432780236005783,0.0142450686544179,0.002887365873903,0.0144508304074406,0.0873320400714874,0.0131771825253963,0.0110326567664742,-0.0228898208588361,0.0026189202908426,0.0150048146024346,-0.0095776803791522,0.0024259698111563,0.0206593107432127,-0.0124580841511488,-0.0116278445348143,0.0121241509914398,-0.0200436152517795,0.0137660121545195,0.0151178371161222,-0.020702950656414,0.0232150983065366,-0.0033589105587452,-0.0004280919674783,-0.0085632875561714,0.0021412950009107,-0.0028462745249271,-0.0017093593487516,0.0038095202762633,-0.0098459525033831,0.009615421295166,-0.0008646152564324,0.0221129655838012,-0.0095197409391403,0.0215863604098558,-0.0021843267604708,-0.023529389873147,0.0048161386512219,0.0292633660137653,-0.0165577810257673,0.0101936208084225,0.0115197263658046,0.0051229703240096,-0.0026280975434929,-0.0020449392031878,-0.0070267827250063,0.0041067721322178,0.0026536693330854,-0.0010256645036861,0.0004411216941662,0.0,0.0,-0.025000000372529,-0.0286595951765775,0.017294006422162,0.0186109766364097,0.0181253440678119,0.0276291854679584,0.0392895340919494,0.0190806835889816,-0.0090666711330413,0.0051064188592135,-0.0031897644512355,-0.0042337160557508,0.0145630277693271,0.018282325938344,0.0092542227357625,0.0104384133592248,-0.0064899367280304,0.028925571590662,0.0399324558675289,-0.0004016156308352,-0.0044792788103222,0.0152672184631228,-0.0181418322026729,0.0055401418358087,-0.0293489452451467,-0.0031483639031648,-0.0136842224746942,-0.0094749219715595,-0.0062761944718658,-0.0095655545592308,-0.0184804275631904,0.0072434730827808,0.0056788176298141,0.0003995297010987,-0.008700106292963,-0.0243610460311174,0.0230366773903369,-0.0094146355986595,0.0357917472720146,0.0074379500001668,-0.0048569967038929,0.0016407266957685,-0.0096204383298754,0.0401310212910175,0.01080490835011,-0.0220472235232591,-0.0096308346837759,-0.0040257801301777,0.0070043681189417,-0.0226353872567415,-0.0246979091316461,-0.0264681298285722,-0.0280898492783308,-0.0089210271835327,0.0235233027487993,0.0192885026335716,0.0041994713246822,-0.029436532407999,0.008470082655549,0.0186308622360229,-0.0047418414615094,0.0034028040245175,0.0445789471268653,-0.0055108550004661,-0.0506791733205318,-0.0051186881028115,-0.0127237774431705,0.0107026312232672,-0.0191947486163804,-0.0330385811039799,-0.005223110473807,0.054443932239315,0.0224500249341117,0.0679386243239299,0.016003877238532,0.0442066427584442,0.0849301582131532,0.0916705133597461,0.0945664256931362,2019-02-21,2019-02-22,2019-02-25,2019-02-26,2019-02-27,2019-02-28,2019-03-01,2019-03-04,2019-03-05,2019-03-06,80635.0,2019-02-20,252.0,2.5776%,-0.0002,0.6309,0.6438,-0.0091,1.9251%,2.0725%,13.7164%,0.023346,IMAX,80635.0,2019-02-21,252.0,-0.5119%,-0.0004,0.6441,0.6703,0.0152,1.9122%,2.0647%,14.2297%,-0.002455,IMAX,80635.0,2019-02-22,252.0,1.5903%,-0.0003,0.6421,0.6928,0.0115,1.9105%,2.0656%,14.4536%,0.008153,IMAX,80635.0,2019-02-25,252.0,-4.3278%,-0.0005,0.6428,0.7143,0.0253,1.9287%,2.0833%,14.2938%,-0.042519,IMAX,80635.0,2019-02-26,252.0,0.2887%,-0.0004,0.6411,0.7035,0.0186,1.9295%,2.0830%,14.1933%,0.008471,IMAX,80635.0,2019-02-27,252.0,8.7332%,-0.0002,0.6358,0.7381,0.018,2.0011%,2.1512%,13.4691%,0.085341,IMAX,80635.0,2019-02-28,252.0,1.1033%,-0.0001,0.6291,0.7339,0.0101,2.0022%,2.1497%,13.2472%,0.012801,IMAX,80635.0,2019-03-01,252.0,0.2619%,0.0002,0.578,0.6578,-0.0672,1.9325%,2.0683%,12.7009%,-0.004089,IMAX,80635.0,2019-03-04,252.0,-0.9578%,0.0004,0.5539,0.7413,-0.0618,1.9038%,2.0424%,13.1123%,-0.003769,IMAX,80635.0,2019-03-05,252.0,2.0659%,0.0004,0.5423,0.6662,-0.0787,1.8968%,2.0248%,12.2420%,0.0236609999999999,IMAX,80635.0,2019-03-06,252.0,-1.1628%,0.0004,0.5527,0.6551,-0.0685,1.8925%,2.0233%,12.5117%,0.001262,IMAX,0.020891,0.029044,-0.013475,0.0803369999999999,0.110203
8179,INOVIO PHARMACEUTICALS INC,Inovio Announces First Subject Dosed With Its DNA-Encoded Monoclonal Antibody In First-Ever Human Trial,6,increase,0.8,0.7,"the announcement of a successful dosing in a first-ever human trial for a novel treatment is likely to generate positive investor sentiment and interest, potentially driving the stock price up.",2,2019-02-20,INO,2019-02-20 13:10:00+00:00,86444.0,45773H20,0.0162601470947265,1623654.0,-0.0106666563078761,-0.0027026999741792,0.0053908303380012,0.0027100243605673,0.0134048126637935,-0.2115384191274643,-0.0105820009484887,-0.0021322448737919,-0.0026737942826002,0.0129589503630995,-0.018766738474369,0.0043383906595408,0.0355190895497798,-0.0149572007358074,-0.0316622406244278,0.0,-0.016348822042346,-0.0021322448737919,-0.0526315309107303,-0.0329896584153175,0.0380116589367389,-0.0221774466335773,-0.0591549426317215,-0.0099800778552889,0.0538922362029552,-0.0059523279778659,0.0113636255264282,0.0700636804103851,0.0252809412777423,-0.0207900013774633,-0.0082192355766892,-0.0568627379834651,-0.0276242848485708,0.0179640054702758,0.0,0.0481171570718288,0.0227272510528564,-0.0439999587833881,0.0,-0.0176817588508129,0.0333333685994148,0.0019685490988194,-0.0268817581236362,0.034623235464096,0.0,0.0380549319088459,0.0303867775946855,0.0487804375588893,-0.0294906515628099,-0.0681817978620529,0.0055249226279556,0.0168067049235105,0.0247252508997917,0.0042195059359073,-0.0107238506898284,-0.0021053112577646,0.0027100243605673,-0.0365111231803894,0.0432431995868682,0.0717391148209571,0.0077720754779875,0.0747662782669067,0.0179948415607214,0.0142181096598506,0.0176768116652965,0.0549999475479126,-0.0248139295727014,0.0,0.0279897954314947,0.010101000778377,0.0099009806290268,-0.0270270593464374,0.0049019563011825,0.0382653288543224,-0.0268292427062988,0.0077120745554566,-0.0150375794619321,-0.0847058594226837,-0.0534351244568824,-0.0449437797069549,0.0026881694793701,-0.0154867637902498,0.018766738474369,-0.0423728413879871,0.015789458528161,-0.0288066547363996,-0.0155440270900726,-0.047058779746294,0.0105263059958815,-0.0395480319857597,0.0208333767950534,0.0231213644146919,-0.0255102403461933,0.0,-0.015706792473793,0.0058139944449067,-0.0212765745818615,-0.0190114788711071,0.0163043327629566,0.0076629198156297,0.0401069782674312,-0.0351201593875885,0.0154241491109132,0.0112149426713585,-0.0607594959437847,0.0,0.0512129515409469,-0.014732951298356,-0.0076923612505197,0.0323193147778511,-0.0361756756901741,-0.0075471624732017,-0.0428954660892486,0.0251450892537832,-0.0084033533930778,0.0077972635626792,-0.0141242807731032,0.0198806952685117,-0.0200572870671749,0.003992011770606,-0.0106666563078761,-0.0027026999741792,-0.0053333281043044,3.6186609264632352e-12,0.0079999922953764,-0.2115384191246111,-0.0053333287492647,-0.2030237642976025,-0.0879999829008094,-0.2391752289001097,0.0293332959721008,-0.1978260548067684,-0.0879999850179803,-0.2634730786441437,2019-02-21,2019-02-22,2019-02-25,2019-02-26,2019-02-27,2019-02-28,2019-03-01,2019-03-04,2019-03-05,2019-03-06,86444.0,2019-02-20,252.0,1.6260%,-0.0003,1.2175,1.2945,-0.0331,3.1225%,3.4640%,18.7434%,0.011195,INO,86444.0,2019-02-21,252.0,-1.0667%,-0.0004,1.2249,1.3085,-0.0195,3.1208%,3.4645%,18.8588%,-0.005432,INO,86444.0,2019-02-22,252.0,0.5391%,-0.0004,1.2261,1.3127,-0.0016,3.1212%,3.4647%,18.8427%,-0.010154,INO,86444.0,2019-02-25,252.0,1.3405%,-0.0003,1.2249,1.304,-0.0107,3.1221%,3.4651%,18.8217%,0.014876,INO,86444.0,2019-02-26,252.0,-1.0582%,-0.0003,1.2245,1.3045,-0.0107,3.1221%,3.4647%,18.7987%,-0.000412,INO,86444.0,2019-02-27,252.0,-0.2674%,-0.0003,1.2232,1.305,-0.011,3.1223%,3.4642%,18.7671%,-0.006367,INO,86444.0,2019-02-28,252.0,-1.8767%,-0.0003,1.2171,1.3003,-0.0119,3.1218%,3.4591%,18.5513%,-0.015363,INO,86444.0,2019-03-01,252.0,3.5519%,-0.0003,1.2293,1.3185,-0.0037,3.1243%,3.4660%,18.7441%,0.022847,INO,86444.0,2019-03-04,252.0,-3.1662%,-0.0003,1.2302,1.3334,-0.008,3.1267%,3.4717%,18.8854%,-0.020071,INO,86444.0,2019-03-05,252.0,-1.6349%,-0.0004,1.23,1.3257,-0.0045,3.1269%,3.4674%,18.6752%,-0.010233,INO,86444.0,2019-03-06,252.0,-5.2632%,-0.0005,1.2343,1.383,0.0081,3.1300%,3.4811%,19.1555%,-0.0256829999999999,INO,0.005763,-0.004391,0.0104849999999999,0.0037059999999999,-0.044797
8187,INVESCO MORTGAGE CAPITAL INC,"Invesco Mortgage Capital Q4 EPS $0.46 Beats $0.41 Estimate, Sales $74.482M Miss $78.5M Estimate",6,uncertain,0.6,0.3,"while the earnings per share beat estimates, the sales miss could create mixed reactions among investors, leading to uncertainty in the stock price movement.",1,2019-02-20,IVR,2019-02-20 22:20:00+00:00,92951.0,46131B70,-0.0050062532536685,1776876.0,0.0006289452430792,0.0006261286907829,0.0006285498966462,0.0018821008270606,0.003768810769543,-0.0043723075650632,-0.0006257368950173,0.0018773897318169,-0.0018785651773214,-0.0018738716607913,-0.0012546740472316,0.0062853791750967,-0.0006281550740823,-0.0031328441109508,-0.0025141397491097,-0.0018761559622362,-0.0050409529358148,0.0031367749907076,-0.0082330657169222,-0.0220858696848154,-0.0070242439396679,0.0080395275726914,0.0147909671068191,0.0043478067964315,0.0164766274392604,0.0062500238418579,-0.0037407337222248,0.0018785054562613,0.0037547794636338,-0.0056039355695247,0.0056108627468347,0.0006230672588571,-0.0018598128808662,0.0062695564702153,0.003726674709469,0.0050409529358148,0.0012376521481201,0.0101845860481262,-0.0018541832687333,-0.0038047188427299,0.0043343463912606,0.0044586402364075,-0.0080147450789809,-0.0050697037950158,0.0012430364731699,0.007019761018455,0.0049658548086881,0.001277984585613,-0.0049413167871534,0.0038485866971313,0.0130353355780243,0.0097150634974241,-0.0044108186848461,-0.0006472640088759,0.0094936462119221,0.0078277811408042,-0.0050156693905591,0.0059055220335721,-0.0012602081988006,0.0079365000128746,0.0063091120682656,0.0154465772211551,0.0031348082702606,0.0149966096505522,0.0106250047683715,0.0131215844303369,-0.0080395275726914,-0.0176390931010246,0.0037406149785965,0.0165517088025808,0.0006211322033777,-0.0006891956436447,-0.0018622399074956,0.053739994764328,-0.002487500431016,-0.0300751645117998,0.0074812299571931,0.0145631097257137,-0.0024751862511038,-0.0386666618287563,0.0006202432559803,-0.0099009647965431,0.0061996518634259,0.0006604540976695,0.0024646283127367,-0.0375078953802585,0.00799011439085,0.0063979160040616,-0.007317007984966,0.0032092549372464,0.006756676826626,-0.0025608169380575,-0.0042708786204457,0.003856006776914,0.0,-0.0012836651876568,0.0018382774433121,-0.00192182790488,-0.014067250303924,0.0169380623847246,0.0043424125760793,-0.0172854997217655,-0.0012353586498647,0.0,-0.0018553300760686,-0.0057288450188934,0.0037175572942942,0.0128948939964175,-0.0055555645376443,0.0177165661007165,0.0124145774170756,0.0019723689183592,-0.0177804417908191,0.0006579097826033,0.0093632722273468,0.0039629763923585,0.0006184433586895,0.0059800767339766,0.0024721266236156,-0.0144073516130447,0.0006289452430792,0.0006261286907829,0.001257890463193,0.0025094079551704,0.0050314419838606,-0.001873871513279,0.0025157210628732,-0.0018738714298247,-0.0150943249914355,-0.0196318839146705,0.0251216139695211,0.0568782841539532,0.0490518294570068,0.0784156141080083,2019-02-21,2019-02-22,2019-02-25,2019-02-26,2019-02-27,2019-02-28,2019-03-01,2019-03-04,2019-03-05,2019-03-06,92951.0,2019-02-20,252.0,-0.5006%,0.0003,0.4493,0.3135,0.2789,0.8522%,0.9664%,22.2481%,-0.008296,IVR,92951.0,2019-02-21,252.0,0.0629%,0.0004,0.4438,0.3028,0.2688,0.8480%,0.9597%,21.9114%,0.003052,IVR,92951.0,2019-02-22,252.0,0.0629%,0.0004,0.4436,0.309,0.2723,0.8475%,0.9594%,21.9629%,-7.1e-05,IVR,92951.0,2019-02-25,252.0,0.3769%,0.0004,0.443,0.3065,0.2687,0.8472%,0.9589%,21.9243%,0.004297,IVR,92951.0,2019-02-26,252.0,-0.0626%,0.0004,0.4376,0.3083,0.2656,0.8458%,0.9552%,21.5825%,0.002831,IVR,92951.0,2019-02-27,252.0,-0.1879%,0.0004,0.4383,0.3062,0.2657,0.8460%,0.9552%,21.5671%,-0.00264,IVR,92951.0,2019-02-28,252.0,-0.1255%,0.0005,0.4289,0.2998,0.2588,0.8388%,0.9439%,21.0302%,0.000607,IVR,92951.0,2019-03-01,252.0,-0.0628%,0.0005,0.4153,0.2795,0.2396,0.8285%,0.9275%,20.2002%,-0.00364,IVR,92951.0,2019-03-04,252.0,-0.2514%,0.0005,0.4186,0.2691,0.2386,0.8274%,0.9273%,20.3756%,-0.000261,IVR,92951.0,2019-03-05,252.0,-0.5041%,0.0005,0.4189,0.2696,0.2401,0.8277%,0.9272%,20.3098%,-0.003012,IVR,92951.0,2019-03-06,252.0,-0.8233%,0.0004,0.4118,0.2804,0.2335,0.8224%,0.9212%,20.2960%,-0.001504,IVR,-0.0052439999999999,-0.0053149999999999,-0.0010179999999999,-0.0008269999999999,-0.0086369999999999
8195,JACK IN THE BOX INC,Jack In The Box shares are trading higher after the company beat Q1 EPS and sales estimates.,6,increase,0.85,0.7,"beating q1 eps and sales estimates typically signals strong company performance, which generally leads to an increase in stock price.",2,2019-02-20,JACK,2019-02-20 21:19:00+00:00,77453.0,46636710,-0.0260719209909439,1240571.0,0.0050748735666275,0.0082222959026694,0.0253724064677953,0.008290366269648,-0.0187123510986566,-0.0528257265686988,-0.0027600203175097,0.0098522128537297,0.002390268491581,-0.0189768150448799,0.0107931802049279,0.0229080524295568,-0.0119195505976676,0.0012072200188413,-0.0010103792883455,0.004973869305104,-0.0021491551306098,0.0054891062900424,-0.0125427320599556,0.0169954430311918,-0.0109059028327465,0.0082552060484886,-0.0028537241742014,-0.0123533047735691,0.0039026332087814,-0.0055283117108047,-0.0129584036767482,0.0040705790743231,0.0235000774264335,-0.0270043201744556,-0.0098768165335059,0.0070099327713251,0.0054410952143371,0.0024230305571109,0.012756060808897,0.023815406486392,-0.0091603212058544,0.0039850519970059,-0.0137390820309519,-0.0103524317964911,0.0026038873475044,0.0229450296610593,0.0023373626172542,0.0096741616725921,0.0038864542730152,-0.0007632305496372,0.0172926057130098,-0.0299814958125352,0.0208042543381452,-0.0036877125967293,0.0043494277633726,0.0058110933750867,0.0029695355333387,-0.0039408830925822,-0.0033308246638625,0.0037082252092659,0.0016090760473161,-0.0066306595690548,-0.0009886533953249,0.0107980975881218,0.0061850571073591,0.0246725492179393,0.0103270718827843,0.0080768875777721,-0.0227549616247415,0.0047662341967225,0.0036110188812017,0.0066129988990724,-0.0110421758145093,-0.0010361943859606,-0.0087817963212728,0.0042928867042064,-0.0037970263510942,0.0177413467317819,-0.0080040311440825,-0.0198546443134546,-0.0037141509819775,-0.0034915849100798,-0.000771275954321,-0.0381840765476226,0.0034735188819468,-0.0190336462110281,-0.0065384889021515,-0.0008533426444046,0.0,0.0211626645177602,0.0025810373481363,-0.0263030081987381,0.0007722687441855,0.0025519393384456,-0.005530550610274,-0.0099855847656726,0.0062080104835331,-0.0028790531214326,-0.008997487835586,0.0026461537927389,-0.0020751755218952,0.0015660432400181,0.0002598991850391,-0.0399028100073337,0.0127339316532015,-0.0091262208297848,0.00436228280887,-0.0116134714335203,-0.0180122125893831,0.0016941668000072,-0.0002602351014502,0.0592176653444767,0.0033832418266683,0.0005984609015285,0.0101154036819934,-0.0206330846995115,-0.0029528273735195,-0.0263668242841959,-0.0033479542471468,0.0214527696371078,0.0056846872903406,0.0137099167332053,0.0128468656912446,0.0624058432877063,0.0050748735666275,0.0082222959026694,0.0305760417893279,0.0165808280169279,0.0112915410615022,-0.0371207928388758,0.0109109424856101,-0.0460867059456117,-0.006169266334865,0.003969727491643,0.0308092171692744,0.0044681732038085,0.0053067615523354,0.0208992541987844,2019-02-21,2019-02-22,2019-02-25,2019-02-26,2019-02-27,2019-02-28,2019-03-01,2019-03-04,2019-03-05,2019-03-06,77453.0,2019-02-20,252.0,-2.6072%,-0.0005,0.3273,0.5345,0.2104,1.6018%,1.6534%,6.1431%,-0.029618,JACK,77453.0,2019-02-21,252.0,0.5075%,-0.0003,0.3138,0.5087,0.1856,1.5892%,1.6371%,5.7735%,0.007044,JACK,77453.0,2019-02-22,252.0,2.5372%,-0.0002,0.3096,0.5348,0.1591,1.5929%,1.6432%,6.0252%,0.023163,JACK,77453.0,2019-02-25,252.0,-1.8712%,-0.0004,0.3132,0.5469,0.1788,1.5853%,1.6367%,6.1817%,-0.0176,JACK,77453.0,2019-02-26,252.0,-0.2760%,-0.0003,0.3168,0.5404,0.1782,1.5847%,1.6365%,6.2269%,0.001731,JACK,77453.0,2019-02-27,252.0,0.2390%,-0.0004,0.3129,0.5478,0.1776,1.5838%,1.6355%,6.2247%,0.001192,JACK,77453.0,2019-02-28,252.0,1.0793%,-0.0004,0.3143,0.5492,0.1757,1.5850%,1.6369%,6.2390%,0.011998,JACK,77453.0,2019-03-01,252.0,-1.1920%,-0.0004,0.3141,0.5488,0.1822,1.5875%,1.6385%,6.1361%,-0.015162,JACK,77453.0,2019-03-04,252.0,-0.1010%,-0.0005,0.3182,0.533,0.1817,1.5864%,1.6371%,6.0918%,0.002018,JACK,77453.0,2019-03-05,252.0,-0.2149%,-0.0005,0.3166,0.5215,0.1802,1.5859%,1.6348%,5.8885%,0.00039,JACK,77453.0,2019-03-06,252.0,-1.2543%,-0.0004,0.3251,0.5214,0.1898,1.5837%,1.6349%,6.1631%,-0.003475,JACK,-0.022574,0.0005889999999999,-0.017011,-0.014088,-0.018319
8203,JACK IN THE BOX INC,"Jack In The Box Says Continues To Explore Strategic, Financing Alternatives; Says Co. Has Had Discussions With Potential Buyers",6,uncertain,0.6,0.3,"while discussions with potential buyers may indicate interest in the company, the lack of a definitive agreement and the exploration of financing alternatives creates uncertainty about the future direction and valuation of jack in the box inc.",1,2019-02-20,JACK,2019-02-20 21:12:00+00:00,77453.0,46636710,-0.0260719209909439,1240571.0,0.0050748735666275,0.0082222959026694,0.0253724064677953,0.008290366269648,-0.0187123510986566,-0.0528257265686988,-0.0027600203175097,0.0098522128537297,0.002390268491581,-0.0189768150448799,0.0107931802049279,0.0229080524295568,-0.0119195505976676,0.0012072200188413,-0.0010103792883455,0.004973869305104,-0.0021491551306098,0.0054891062900424,-0.0125427320599556,0.0169954430311918,-0.0109059028327465,0.0082552060484886,-0.0028537241742014,-0.0123533047735691,0.0039026332087814,-0.0055283117108047,-0.0129584036767482,0.0040705790743231,0.0235000774264335,-0.0270043201744556,-0.0098768165335059,0.0070099327713251,0.0054410952143371,0.0024230305571109,0.012756060808897,0.023815406486392,-0.0091603212058544,0.0039850519970059,-0.0137390820309519,-0.0103524317964911,0.0026038873475044,0.0229450296610593,0.0023373626172542,0.0096741616725921,0.0038864542730152,-0.0007632305496372,0.0172926057130098,-0.0299814958125352,0.0208042543381452,-0.0036877125967293,0.0043494277633726,0.0058110933750867,0.0029695355333387,-0.0039408830925822,-0.0033308246638625,0.0037082252092659,0.0016090760473161,-0.0066306595690548,-0.0009886533953249,0.0107980975881218,0.0061850571073591,0.0246725492179393,0.0103270718827843,0.0080768875777721,-0.0227549616247415,0.0047662341967225,0.0036110188812017,0.0066129988990724,-0.0110421758145093,-0.0010361943859606,-0.0087817963212728,0.0042928867042064,-0.0037970263510942,0.0177413467317819,-0.0080040311440825,-0.0198546443134546,-0.0037141509819775,-0.0034915849100798,-0.000771275954321,-0.0381840765476226,0.0034735188819468,-0.0190336462110281,-0.0065384889021515,-0.0008533426444046,0.0,0.0211626645177602,0.0025810373481363,-0.0263030081987381,0.0007722687441855,0.0025519393384456,-0.005530550610274,-0.0099855847656726,0.0062080104835331,-0.0028790531214326,-0.008997487835586,0.0026461537927389,-0.0020751755218952,0.0015660432400181,0.0002598991850391,-0.0399028100073337,0.0127339316532015,-0.0091262208297848,0.00436228280887,-0.0116134714335203,-0.0180122125893831,0.0016941668000072,-0.0002602351014502,0.0592176653444767,0.0033832418266683,0.0005984609015285,0.0101154036819934,-0.0206330846995115,-0.0029528273735195,-0.0263668242841959,-0.0033479542471468,0.0214527696371078,0.0056846872903406,0.0137099167332053,0.0128468656912446,0.0624058432877063,0.0050748735666275,0.0082222959026694,0.0305760417893279,0.0165808280169279,0.0112915410615022,-0.0371207928388758,0.0109109424856101,-0.0460867059456117,-0.006169266334865,0.003969727491643,0.0308092171692744,0.0044681732038085,0.0053067615523354,0.0208992541987844,2019-02-21,2019-02-22,2019-02-25,2019-02-26,2019-02-27,2019-02-28,2019-03-01,2019-03-04,2019-03-05,2019-03-06,77453.0,2019-02-20,252.0,-2.6072%,-0.0005,0.3273,0.5345,0.2104,1.6018%,1.6534%,6.1431%,-0.029618,JACK,77453.0,2019-02-21,252.0,0.5075%,-0.0003,0.3138,0.5087,0.1856,1.5892%,1.6371%,5.7735%,0.007044,JACK,77453.0,2019-02-22,252.0,2.5372%,-0.0002,0.3096,0.5348,0.1591,1.5929%,1.6432%,6.0252%,0.023163,JACK,77453.0,2019-02-25,252.0,-1.8712%,-0.0004,0.3132,0.5469,0.1788,1.5853%,1.6367%,6.1817%,-0.0176,JACK,77453.0,2019-02-26,252.0,-0.2760%,-0.0003,0.3168,0.5404,0.1782,1.5847%,1.6365%,6.2269%,0.001731,JACK,77453.0,2019-02-27,252.0,0.2390%,-0.0004,0.3129,0.5478,0.1776,1.5838%,1.6355%,6.2247%,0.001192,JACK,77453.0,2019-02-28,252.0,1.0793%,-0.0004,0.3143,0.5492,0.1757,1.5850%,1.6369%,6.2390%,0.011998,JACK,77453.0,2019-03-01,252.0,-1.1920%,-0.0004,0.3141,0.5488,0.1822,1.5875%,1.6385%,6.1361%,-0.015162,JACK,77453.0,2019-03-04,252.0,-0.1010%,-0.0005,0.3182,0.533,0.1817,1.5864%,1.6371%,6.0918%,0.002018,JACK,77453.0,2019-03-05,252.0,-0.2149%,-0.0005,0.3166,0.5215,0.1802,1.5859%,1.6348%,5.8885%,0.00039,JACK,77453.0,2019-03-06,252.0,-1.2543%,-0.0004,0.3251,0.5214,0.1898,1.5837%,1.6349%,6.1631%,-0.003475,JACK,-0.022574,0.0005889999999999,-0.017011,-0.014088,-0.018319
8211,JACK IN THE BOX INC,"Jack In The Box Q1 EPS $1.35 Beats $1.29 Estimate, Sales $290.786M Beat $271.52M Estimate",6,increase,0.8,0.7,"the company reported better-than-expected earnings per share and sales, which typically signals strong performance and can lead to a positive reaction in the stock price.",2,2019-02-20,JACK,2019-02-20 21:11:00+00:00,77453.0,46636710,-0.0260719209909439,1240571.0,0.0050748735666275,0.0082222959026694,0.0253724064677953,0.008290366269648,-0.0187123510986566,-0.0528257265686988,-0.0027600203175097,0.0098522128537297,0.002390268491581,-0.0189768150448799,0.0107931802049279,0.0229080524295568,-0.0119195505976676,0.0012072200188413,-0.0010103792883455,0.004973869305104,-0.0021491551306098,0.0054891062900424,-0.0125427320599556,0.0169954430311918,-0.0109059028327465,0.0082552060484886,-0.0028537241742014,-0.0123533047735691,0.0039026332087814,-0.0055283117108047,-0.0129584036767482,0.0040705790743231,0.0235000774264335,-0.0270043201744556,-0.0098768165335059,0.0070099327713251,0.0054410952143371,0.0024230305571109,0.012756060808897,0.023815406486392,-0.0091603212058544,0.0039850519970059,-0.0137390820309519,-0.0103524317964911,0.0026038873475044,0.0229450296610593,0.0023373626172542,0.0096741616725921,0.0038864542730152,-0.0007632305496372,0.0172926057130098,-0.0299814958125352,0.0208042543381452,-0.0036877125967293,0.0043494277633726,0.0058110933750867,0.0029695355333387,-0.0039408830925822,-0.0033308246638625,0.0037082252092659,0.0016090760473161,-0.0066306595690548,-0.0009886533953249,0.0107980975881218,0.0061850571073591,0.0246725492179393,0.0103270718827843,0.0080768875777721,-0.0227549616247415,0.0047662341967225,0.0036110188812017,0.0066129988990724,-0.0110421758145093,-0.0010361943859606,-0.0087817963212728,0.0042928867042064,-0.0037970263510942,0.0177413467317819,-0.0080040311440825,-0.0198546443134546,-0.0037141509819775,-0.0034915849100798,-0.000771275954321,-0.0381840765476226,0.0034735188819468,-0.0190336462110281,-0.0065384889021515,-0.0008533426444046,0.0,0.0211626645177602,0.0025810373481363,-0.0263030081987381,0.0007722687441855,0.0025519393384456,-0.005530550610274,-0.0099855847656726,0.0062080104835331,-0.0028790531214326,-0.008997487835586,0.0026461537927389,-0.0020751755218952,0.0015660432400181,0.0002598991850391,-0.0399028100073337,0.0127339316532015,-0.0091262208297848,0.00436228280887,-0.0116134714335203,-0.0180122125893831,0.0016941668000072,-0.0002602351014502,0.0592176653444767,0.0033832418266683,0.0005984609015285,0.0101154036819934,-0.0206330846995115,-0.0029528273735195,-0.0263668242841959,-0.0033479542471468,0.0214527696371078,0.0056846872903406,0.0137099167332053,0.0128468656912446,0.0624058432877063,0.0050748735666275,0.0082222959026694,0.0305760417893279,0.0165808280169279,0.0112915410615022,-0.0371207928388758,0.0109109424856101,-0.0460867059456117,-0.006169266334865,0.003969727491643,0.0308092171692744,0.0044681732038085,0.0053067615523354,0.0208992541987844,2019-02-21,2019-02-22,2019-02-25,2019-02-26,2019-02-27,2019-02-28,2019-03-01,2019-03-04,2019-03-05,2019-03-06,77453.0,2019-02-20,252.0,-2.6072%,-0.0005,0.3273,0.5345,0.2104,1.6018%,1.6534%,6.1431%,-0.029618,JACK,77453.0,2019-02-21,252.0,0.5075%,-0.0003,0.3138,0.5087,0.1856,1.5892%,1.6371%,5.7735%,0.007044,JACK,77453.0,2019-02-22,252.0,2.5372%,-0.0002,0.3096,0.5348,0.1591,1.5929%,1.6432%,6.0252%,0.023163,JACK,77453.0,2019-02-25,252.0,-1.8712%,-0.0004,0.3132,0.5469,0.1788,1.5853%,1.6367%,6.1817%,-0.0176,JACK,77453.0,2019-02-26,252.0,-0.2760%,-0.0003,0.3168,0.5404,0.1782,1.5847%,1.6365%,6.2269%,0.001731,JACK,77453.0,2019-02-27,252.0,0.2390%,-0.0004,0.3129,0.5478,0.1776,1.5838%,1.6355%,6.2247%,0.001192,JACK,77453.0,2019-02-28,252.0,1.0793%,-0.0004,0.3143,0.5492,0.1757,1.5850%,1.6369%,6.2390%,0.011998,JACK,77453.0,2019-03-01,252.0,-1.1920%,-0.0004,0.3141,0.5488,0.1822,1.5875%,1.6385%,6.1361%,-0.015162,JACK,77453.0,2019-03-04,252.0,-0.1010%,-0.0005,0.3182,0.533,0.1817,1.5864%,1.6371%,6.0918%,0.002018,JACK,77453.0,2019-03-05,252.0,-0.2149%,-0.0005,0.3166,0.5215,0.1802,1.5859%,1.6348%,5.8885%,0.00039,JACK,77453.0,2019-03-06,252.0,-1.2543%,-0.0004,0.3251,0.5214,0.1898,1.5837%,1.6349%,6.1631%,-0.003475,JACK,-0.022574,0.0005889999999999,-0.017011,-0.014088,-0.018319
8219,KELLOGG CO,"From Kellogg Presentation At 2019 CAGNY Conference: Sees Low Single Digit Sales Growth In Developed Market Snacks 'Maybe' In 2019, Will Return To Organic Net Sales Growth In 2019",6,uncertain,0.6,0.2,"while the mention of low single-digit sales growth may indicate stability, the uncertainty around achieving organic net sales growth makes the overall impact on stock price unclear.",1,2019-02-20,K,2019-02-20 13:12:00+00:00,26825.0,48783610,0.017938045784831,3076700.0,-0.0020530184265226,0.0110934535041451,-0.0274301767349243,0.0037115425802767,-0.0188612677156925,-0.0066713001579046,0.0046711880713701,0.0076065859757363,-0.0028612276073545,0.0154481884092092,0.0089670019224286,0.005599666852504,0.0103093115612864,-0.0085959807038307,-0.0293807089328765,-0.0561189949512481,0.0029298635199666,0.0003381883434485,-0.0054774372838437,0.0037338973488658,-0.0031210202723741,0.0037478262092918,0.0047882529906928,-0.005253305658698,-0.0075146597810089,0.0204045735299587,0.0001846412051236,-0.0068692723289132,-0.0101550817489624,0.0018926464254036,0.0037306614685803,0.005884391721338,0.008548580110073,0.002081146929413,0.0,-0.0248604975640773,0.0025796827394515,0.0073253884911537,-0.005513678304851,-0.0122833512723445,0.0437996461987495,0.0025303901638835,0.0046034371480345,0.0027063575107604,-0.0012337593361735,-0.0032035480253398,0.0158814452588558,0.0131534067913889,-0.0109432181343436,-0.0006828425102867,0.000526915944647,0.004975140094757,0.0071967672556638,0.0058671291917562,-0.023701649159193,0.0010364721529185,0.0058907177299261,0.0055584451183676,0.005501355510205,0.0047120498493313,-0.00370630226098,0.0098695373162627,0.0062001501210033,0.001765577122569,0.0123239569365978,-0.0064900708384811,-0.0059130461886525,-0.0041921688243746,0.0068229422904551,0.0019251069752499,-0.0034752523060888,-0.0001750155061017,0.0038361155893653,0.0238266177475452,0.0135487020015716,-0.0315752886235714,0.0006855341489426,0.0055826883763074,-0.005137852858752,-0.0233429707586765,0.006197290495038,-0.0027187741361558,-0.0015397801762446,-0.0064156856387853,0.0011994463857263,-0.0187210254371166,0.002396018942818,-0.0113021889701485,-0.0107563780620694,0.0008196596172638,0.0251985322684049,0.0021357166115194,0.0040403679013252,0.0094527313485741,0.0110663957893848,-0.008875754661858,-0.0150912078097462,-0.0070181214250624,-0.0338440537452697,-0.0076125883497297,-0.015859181061387,-0.0218630749732255,0.0164689272642135,-0.0083268275484442,-0.0043554008007049,0.015177889727056,0.0017497545341029,0.0103834113106131,0.0094323307275772,0.0056224656291306,0.0147084007039666,0.0121951214969158,-0.0146657675504684,-0.0038872961886227,-0.0105572966858744,-0.0024236179888248,0.0034983516670763,0.0029168741311877,0.0005229666130617,0.0003242090751882,-0.0020530184265226,0.0110934535041451,-0.0294268805031673,0.0148461699094648,-0.0477331199476519,0.0080758264958988,-0.0460222819068263,0.0314352441859877,-0.0585360997169037,-0.0254582504262582,-0.020683988775747,0.0020942198523783,-0.0078937381314312,-0.061027928948616,2019-02-21,2019-02-22,2019-02-25,2019-02-26,2019-02-27,2019-02-28,2019-03-01,2019-03-04,2019-03-05,2019-03-06,26825.0,2019-02-20,252.0,1.7938%,-0.0005,0.393,-0.326,0.1015,1.3512%,1.4176%,9.1477%,0.0173849999999999,K,26825.0,2019-02-21,252.0,-0.2053%,-0.0005,0.3938,-0.3243,0.1031,1.3511%,1.4176%,9.1613%,-0.000694,K,26825.0,2019-02-22,252.0,-2.7430%,-0.0005,0.3968,-0.3096,0.1527,1.3576%,1.4227%,8.9398%,-0.026791,K,26825.0,2019-02-25,252.0,-1.8861%,-0.0006,0.397,-0.2998,0.1584,1.3632%,1.4274%,8.7967%,-0.020087,K,26825.0,2019-02-26,252.0,0.4671%,-0.0006,0.3975,-0.3064,0.1554,1.3634%,1.4275%,8.7796%,0.00381,K,26825.0,2019-02-27,252.0,-0.2861%,-0.0006,0.3972,-0.3065,0.1553,1.3634%,1.4269%,8.7047%,-0.00255,K,26825.0,2019-02-28,252.0,0.8967%,-0.0005,0.3833,-0.3156,0.1426,1.3583%,1.4188%,8.3490%,0.010548,K,26825.0,2019-03-01,252.0,1.0309%,-0.0004,0.3791,-0.3218,0.1318,1.3581%,1.4179%,8.2606%,0.008945,K,26825.0,2019-03-04,252.0,-2.9381%,-0.0006,0.3915,-0.3369,0.1227,1.3649%,1.4279%,8.6292%,-0.029301,K,26825.0,2019-03-05,252.0,0.2930%,-0.0007,0.386,-0.3778,0.1175,1.3578%,1.4224%,8.8684%,0.002756,K,26825.0,2019-03-06,252.0,-0.5477%,-0.0008,0.3794,-0.3565,0.113,1.3540%,1.4152%,8.4612%,-0.0071319999999999,K,0.0166909999999999,-0.0101,-0.030187,-0.028927,-0.043111
8227,KAISER ALUMINUM CORP,"Kaiser Aluminum Q4 EPS $1.77 Beats $1.54 Estimate, Sales $389M Miss $390.8M Estimate",6,uncertain,0.6,0.2,"while the earnings per share (eps) beat estimates, the sales miss could create mixed reactions among investors, leading to uncertainty in the stock price movement.",1,2019-02-20,KALU,2019-02-20 21:31:00+00:00,91403.0,48300770,0.0242831651121377,161660.0,0.0017324924701824,0.0291234012693166,-0.0150191290304064,0.0259342975914478,0.0349320657551288,-0.0077298758551478,0.0033932037185877,0.0021572227124124,-8.901073306333274e-05,0.017866063863039,-0.0256318729370832,0.0060247629880905,-0.0054805087856948,0.0030214062426239,0.0040411688387393,-0.0215806309133768,-0.0048481412231922,-0.0013776755658909,-0.0208659283816814,-0.004213623702526,-0.0150206396356225,0.0153218675404787,-0.0172512158751487,0.0013948329724371,0.0195906963199377,0.0089465156197547,0.0013316788244992,0.0255670454353094,-0.0041796793229877,0.0168780852109193,-0.0080130109563469,-0.0163951739668846,0.0,0.019875980913639,0.0057697710581123,-0.0046807057224214,-0.0039200312457978,-0.0028005836065858,0.021501226350665,-0.0425066910684108,0.0024431699421256,0.024730309844017,-0.031683512032032,0.0037797808181494,-0.004453114233911,0.0387309156358242,0.0073901414871215,-0.007163930684328,-0.0035713815595954,-0.0107347453013062,0.0023248847573995,0.0081958472728729,0.0121774636209011,0.0008413275354541,0.0108851268887519,0.0057111927308142,0.0091621195897459,0.017104173079133,0.00720707885921,-0.0015037528937682,0.0109655261039733,0.0560344234108924,-0.0004596291109919,-0.0133183533325791,-0.02262276224792,0.0006719403900206,-0.01505455840379,-0.0016771189402788,0.0140428086742758,0.0026906447019428,-0.0075365337543189,0.0129457125440239,0.0047460845671594,0.0500834360718727,-0.0065186093561351,-0.0105014676228165,0.0032331335823982,-0.0188700780272483,0.007677701767534,-0.0151636283844709,-0.0061141368933022,-0.03445615619421,-0.0013250710908323,-0.0099182957783341,0.0207543838769197,0.0268606785684824,-0.0739949867129325,-0.0234972853213548,-0.0218882206827402,-0.0129449516534805,0.010106174275279,0.0247623026371002,-0.0108218230307102,0.000663689803332,0.0155847053974866,-0.0168569386005401,-0.0218496080487966,-0.036567535251379,0.0036363478284329,-0.0064542489126324,0.0232919249683618,-0.0456036143004894,-0.0119372820481658,0.0298782158643007,-0.0139244459569454,0.0092946561053395,-0.0074239056557416,-0.0017525583971291,-0.0012029694626107,0.0379882641136646,0.0126728005707263,-0.0154867386445403,-0.0368187502026557,0.0050825467333197,0.0127778640016913,-0.0079831359907984,-0.0027565960772335,0.0216784365475177,0.0015947429928928,-0.0208070967346429,0.0017324924701824,0.0291234012693166,-0.0133126570881778,0.055812993816158,0.0211543700541712,0.0476516904477071,0.0245281527400043,0.0686694981030984,-0.0287225465397887,0.0491915372641673,-0.0187836007209655,0.1573103388320527,-0.1357694539273276,0.1322571149493605,2019-02-21,2019-02-22,2019-02-25,2019-02-26,2019-02-27,2019-02-28,2019-03-01,2019-03-04,2019-03-05,2019-03-06,91403.0,2019-02-20,252.0,2.4283%,0.0002,1.2564,0.8743,0.5859,1.3341%,1.8618%,48.6522%,0.016779,KALU,91403.0,2019-02-21,252.0,0.1732%,0.0003,1.2489,0.8607,0.5721,1.3314%,1.8534%,48.3969%,0.008241,KALU,91403.0,2019-02-22,252.0,-1.5019%,0.0001,1.2528,0.8289,0.59,1.3309%,1.8503%,48.2599%,-0.019561,KALU,91403.0,2019-02-25,252.0,3.4932%,0.0004,1.2479,0.8063,0.5598,1.3250%,1.8433%,48.3300%,0.03617,KALU,91403.0,2019-02-26,252.0,0.3393%,0.0005,1.2466,0.791,0.5511,1.3270%,1.8414%,48.0693%,0.012298,KALU,91403.0,2019-02-27,252.0,-0.0089%,0.0005,1.2503,0.7837,0.5517,1.3260%,1.8414%,48.1436%,-0.002153,KALU,91403.0,2019-02-28,252.0,-2.5632%,0.0004,1.2607,0.7902,0.5642,1.3307%,1.8485%,48.1736%,-0.020633,KALU,91403.0,2019-03-01,252.0,-0.5481%,0.0004,1.2439,0.7651,0.5451,1.3265%,1.8302%,47.4718%,-0.0146819999999999,KALU,91403.0,2019-03-04,252.0,0.4041%,0.0004,1.2525,0.7265,0.5451,1.3214%,1.8283%,47.7648%,0.011354,KALU,91403.0,2019-03-05,252.0,-0.4848%,0.0004,1.2578,0.7677,0.5487,1.3128%,1.8277%,48.4050%,0.000752,KALU,91403.0,2019-03-06,252.0,-2.0866%,0.0005,1.2611,0.7682,0.5525,1.3125%,1.8322%,48.6869%,-0.000937,KALU,0.02502,0.005459,0.041629,0.051774,0.027628
8235,KEYSIGHT TECHNOLOGIES INC,"Keysight Technologies Reports Collaboration With Motorola Mobility To 'enable the [Motorola] in development of its first 5G new radio enabled smartphone operating in millimeter wave spectrum,' No Terms Disclosed",6,increase,0.7,0.6,"the collaboration with motorola mobility on 5g technology is likely to be viewed positively by investors, as it positions keysight technologies as a key player in the growing 5g market.",2,2019-02-20,KEYS,2019-02-20 16:36:00+00:00,14939.0,49338L10,0.0052070189267396,1883710.0,0.0082634203135967,0.0034835333935916,0.008685003966093,0.017210841178894,0.007518830243498,0.0015208505792543,0.0187770519405603,0.0074055390432477,0.0021266576368361,0.0039738179184496,-0.0048337187618017,0.0149622885510325,0.0176519118249416,0.0073394174687564,-0.0077997455373406,-0.0097339386120438,0.0003519743913784,0.0186409801244735,-0.0001173133496195,0.0033160897437483,-0.0078592160716652,0.002793283900246,-0.0069756912998855,0.0156714897602796,0.0120252668857574,0.0098225586116313,-0.0012941248714923,0.0230286326259374,-0.0080103697255253,-0.0088532213121652,0.013300116173923,0.0171661917120218,0.007617502938956,0.005944772157818,-0.0027914105448871,0.0448092073202133,0.0064147780649363,-0.0026548716705292,0.0008112144423648,-0.0255820453166961,0.0135479178279638,0.0052008177153766,-0.0316462554037571,0.0024619575124233,0.0002359207428526,0.0078820744529366,0.0068412576802074,0.0178280286490917,-0.0004686142783612,0.0010410425020381,0.013947520405054,-0.0002974170784,0.0079758968204259,0.0028328977059572,0.0222477354109287,0.0216298270970583,0.0016827633371576,0.0179873425513505,0.0078395893797278,0.0410007610917091,-0.0113345561549067,0.062242817133665,0.0052826930768787,-0.0504721365869045,0.0045840344391763,-0.0106315016746521,0.0030050559435039,0.0324297472834587,0.0055481577292084,0.0114381881430745,0.0082763181999325,0.012776831164956,0.0051438501104712,0.0474660918116569,-0.0015243836678564,-0.0190792959183454,-0.0128680514171719,-0.0245859418064355,-0.0245248973369598,-0.0249708667397499,0.017440466210246,-0.0107049001380801,0.0083481753244996,0.0136894769966602,0.0185450967401266,-0.0258578639477491,0.0056356810964643,0.0143517442047596,-0.0544239990413188,-0.0008241179748438,-0.0211990047246217,0.0191499982029199,0.0098976027220487,-0.0013420874020084,0.0034589578863233,0.0158486757427454,-0.0134436190128326,-0.0334376357495784,0.0173538066446781,-0.0044276886619627,0.0095020243898034,-0.0229129996150732,-0.0004536279884632,0.009543839842081,-0.0195144228637218,0.0048764506354928,0.0038185818120837,0.0003252106835134,-0.0051872846670448,0.0353535078465938,-0.0054461322724819,0.0148642193526029,-0.0373995006084442,0.034464418888092,0.0141611974686384,-0.013082155957818,0.0073994835838675,0.0548298694193363,0.0092405965551733,-0.0219543147832155,0.0082634203135967,0.0034835333935916,0.0170201921178869,0.0207543291124641,0.0246669942966311,0.0223067439251711,0.0461272529311771,0.0339700220011356,0.0514306618565647,0.0699032278367302,0.1098914143695164,0.302017801857467,0.0506906807737725,0.4515026773654187,2019-02-21,2019-02-22,2019-02-25,2019-02-26,2019-02-27,2019-02-28,2019-03-01,2019-03-04,2019-03-05,2019-03-06,14939.0,2019-02-20,252.0,0.5207%,0.002,1.0657,0.411,-0.4181,1.2984%,1.8339%,49.8715%,0.004519,KEYS,14939.0,2019-02-21,252.0,0.8263%,0.002,1.064,0.4096,-0.4213,1.2997%,1.8338%,49.7658%,0.011433,KEYS,14939.0,2019-02-22,252.0,0.8685%,0.002,1.0652,0.4112,-0.4063,1.3008%,1.8339%,49.6904%,-0.0067779999999999,KEYS,14939.0,2019-02-25,252.0,0.7519%,0.002,1.0647,0.4087,-0.4094,1.3008%,1.8341%,49.7006%,0.006159,KEYS,14939.0,2019-02-26,252.0,1.8777%,0.0021,1.0617,0.3843,-0.424,1.3065%,1.8350%,49.3078%,0.0216449999999999,KEYS,14939.0,2019-02-27,252.0,0.2127%,0.002,1.0531,0.3989,-0.4254,1.3009%,1.8259%,49.2339%,-0.000168,KEYS,14939.0,2019-02-28,252.0,-0.4834%,0.002,1.057,0.4013,-0.4215,1.3009%,1.8255%,49.2216%,-0.002812,KEYS,14939.0,2019-03-01,252.0,1.7652%,0.002,1.0588,0.404,-0.4211,1.3012%,1.8266%,49.2532%,0.007102,KEYS,14939.0,2019-03-04,252.0,-0.7800%,0.002,1.0576,0.4089,-0.421,1.3011%,1.8263%,49.2434%,0.000874,KEYS,14939.0,2019-03-05,252.0,0.0352%,0.0018,1.0474,0.3298,-0.4284,1.2694%,1.7886%,49.6256%,0.002317,KEYS,14939.0,2019-03-06,252.0,-0.0117%,0.0018,1.0365,0.3125,-0.4431,1.2691%,1.7840%,49.3969%,0.012918,KEYS,0.015952,0.009174,0.015333,0.0368099999999999,0.0572089999999999
8243,KINDER MORGAN INC,Kinder Morgan To Expand Chicago Ethanol Hub To Calm Glut Concerns,6,increase,0.7,0.6,"expanding the chicago ethanol hub may alleviate supply concerns and position kinder morgan to better capitalize on market demand, potentially boosting investor confidence.",2,2019-02-20,KMI,2019-02-20 16:57:00+00:00,12558.0,49456B10,0.0010444103972986,13786923.0,0.0010433207498863,0.0186170414090156,0.0067743179388344,-0.0042372844181954,-0.0010352204553782,0.0074706184677779,-0.0041450737044215,0.0140692768618464,0.0031218198128044,0.0114942025393247,-0.0062241097912192,0.0138734737411141,0.0302713941782712,0.0033408338204026,0.0055724726989865,-0.0055371196940541,0.006045286078006,-0.0221981517970562,0.001502287806943,0.0059912144206464,-0.0079999919980764,0.0005449716118164,-0.0055443854071199,0.0138121545314788,0.0086163245141506,0.0005528042674995,-0.0020100004039704,0.0132964504882693,0.0060422420501708,0.008943535387516,0.0,0.0084554469212889,-0.0055054407566785,0.0148741556331515,0.0060392012819647,0.0139211006462574,0.003001474076882,-0.0221213512122631,0.0019950582645833,-0.0210994482040405,0.0164260789752006,0.0163657404482364,-0.0254652518779039,0.0143102463334798,0.0115577662363648,0.0086604859679937,-0.0019870346877723,0.0052234563045203,-0.0054753911681473,0.0070133795961737,-0.0015014404198154,-0.014400920830667,0.0030074918176978,0.0057937647216022,0.0014992846408858,0.0070012160576879,0.0004989182343706,0.0331524536013603,-0.0079800421372056,0.0215517487376928,0.0015083302278071,0.0337364561855793,0.0065260622650384,-0.0056962119415402,-0.0054862196557223,0.0273081976920366,-0.0025075799785554,0.0058862101286649,-0.0025137877091765,-0.014184414409101,0.0040322542190551,-0.008312027901411,-0.0050200992263853,0.0632223188877105,-0.0015135610010474,-0.0552344024181366,0.0010105380788445,0.0012861416907981,-0.0060574929229915,-0.001284489640966,-0.0152362184599041,0.002575657563284,0.0330067723989486,-0.0195707324892282,0.0024962173774838,-0.0204081591218709,0.0,-0.0146252149716019,-0.0054781180806458,0.0110905924811959,0.0130195412784814,0.0068237404339015,-0.0059317317791283,0.0049875262193381,0.0005035361973568,-0.0189602114260196,-0.0140916295349597,-0.006682788953185,-0.0117406602948904,-0.0131895216181874,0.0087809953838586,-0.0358380898833274,-0.0046083023771643,0.0134739046916365,0.0061727846041321,0.0118552958592772,0.00562375318259,0.0005931333871558,0.003050303319469,0.0077705364674329,-0.001520465244539,0.0005980998394079,-0.0015228774864226,0.0066224383190274,0.0132181104272604,-0.0326149947941303,0.0105368327349424,0.0123821347951889,0.0139027154073119,-0.0264064855873584,0.0010433207498863,0.0186170414090156,0.0078247064751926,0.0143008712913448,0.0067813857236138,0.0218783261122972,0.0057381648271426,0.0481663448262894,0.0432968133000446,0.043028266048783,0.0375586513093992,0.1922240775924133,0.0786149908248696,0.1114649106794605,2019-02-21,2019-02-22,2019-02-25,2019-02-26,2019-02-27,2019-02-28,2019-03-01,2019-03-04,2019-03-05,2019-03-06,12558.0,2019-02-20,252.0,0.1044%,0.0008,1.0321,0.1888,0.7581,1.0905%,1.4760%,45.4202%,-0.0055769999999999,KMI,12558.0,2019-02-21,252.0,0.1043%,0.0008,1.0324,0.1906,0.7586,1.0907%,1.4758%,45.3773%,0.006638,KMI,12558.0,2019-02-22,252.0,0.6774%,0.0009,1.0303,0.2123,0.7534,1.0884%,1.4730%,45.4072%,0.0100659999999999,KMI,12558.0,2019-02-25,252.0,-0.1035%,0.0009,1.0299,0.2128,0.7521,1.0882%,1.4726%,45.3890%,-0.0007729999999999,KMI,12558.0,2019-02-26,252.0,-0.4145%,0.0009,1.0262,0.2159,0.7509,1.0875%,1.4674%,45.0716%,0.001246,KMI,12558.0,2019-02-27,252.0,0.3122%,0.001,1.0334,0.2036,0.7521,1.0827%,1.4669%,45.5218%,0.002589,KMI,12558.0,2019-02-28,252.0,-0.6224%,0.001,1.0314,0.2022,0.7512,1.0825%,1.4635%,45.2956%,-0.001281,KMI,12558.0,2019-03-01,252.0,3.0271%,0.0011,1.0287,0.1981,0.7358,1.0900%,1.4650%,44.6391%,0.025174,KMI,12558.0,2019-03-04,252.0,0.5572%,0.0011,1.0324,0.1789,0.7364,1.0893%,1.4653%,44.7367%,0.0087549999999999,KMI,12558.0,2019-03-05,252.0,0.6045%,0.0012,1.034,0.1974,0.7343,1.0872%,1.4647%,44.9055%,0.010032,KMI,12558.0,2019-03-06,252.0,0.1502%,0.0013,1.0328,0.1717,0.7295,1.0886%,1.4643%,44.7273%,0.012292,KMI,0.001061,0.0111269999999999,0.0103539999999999,0.014189,0.069161
8251,KANDI TECHNOLOGIES GROUP INC,Kandi Technologies Group Option Alert: Mar 15 $8 Calls Sweep (5) near the Bid: 500 @ $1.301 vs 597 OI; Earnings 3/15 Before Open [est] Ref=$8.59,6,increase,0.7,0.6,"the significant call option activity suggests bullish sentiment ahead of the earnings report, indicating potential upward movement in the stock price.",2,2019-02-20,KNDI,2019-02-20 16:59:00+00:00,92589.0,48370910,0.3434343338012695,31115940.0,0.0877193361520767,0.0384615883231163,0.0391705222427845,-0.0238908436149358,-0.0853658989071846,0.0120898401364684,-0.0339394211769104,0.0883458256721496,0.0,0.0152672529220581,-0.0928481519222259,0.0234374776482582,0.0719225406646728,-0.0266160331666469,0.0335484184324741,-0.0241186711937189,-0.0149813182651996,0.0037243913393467,-0.0671736076474189,-0.0146788852289319,-0.0203804466873407,-0.021544050425291,0.0110956896096468,0.0054152002558112,0.0096022179350256,-0.0297723431140184,0.0081521663814783,0.0035149350296705,0.0390835516154766,0.0440367460250854,-0.0337224677205085,0.0440613068640232,0.0429530441761016,-0.0187970642000436,-0.0308880023658275,0.0037735812366008,0.0185922794044017,0.0291262324899435,-0.0365058928728103,0.0157790780067443,-0.0135317873209714,0.0140000339597463,-0.058984886854887,-0.0019960536155849,-0.1107872053980827,-0.0635513439774513,-0.1262295097112656,-0.0074211433529853,0.0356472916901111,0.0074766282923519,0.0181159246712923,0.0594058819115161,-0.0017793152946978,-0.063079722225666,0.0178252942860126,0.2167043089866638,-0.0017513536149635,-0.0220751389861106,-0.0052631110884249,0.0295454803854227,0.0264550428837537,0.0551558770239353,-0.005154674872756,0.0048192725516855,0.0172711405903101,0.1432506740093231,-0.0458404049277305,-0.0294117368757724,0.0124555472284555,0.0,-0.0017575094243511,-0.0209423881024122,0.0070422468706965,0.0268816947937011,-0.0157342087477445,0.027624350041151,-0.0373001843690872,-0.0645994842052459,-0.011070099659264,-0.0349128022789955,0.0130596440285444,-0.0290556624531745,-0.003683237824589,0.0122549487277865,0.01663588732481,-0.037735816091299,0.0327272415161132,0.0047393320128321,-0.051056332886219,-0.016317056491971,0.0018553300760686,0.0263158231973648,0.0,0.0096618272364139,-0.0222222004085779,-0.0304449927061796,-0.0284091085195541,0.0070755216293036,0.0272904224693775,-0.0577778294682502,-0.0132827647030353,-0.04458599537611,-0.0173076298087835,0.0536913312971591,-0.0332681164145469,-0.008869276382029,0.0566801056265831,-0.0022123344242572,-0.0229884851723909,0.0366972126066684,-0.0647058710455894,-0.0158012863248586,-0.0440251640975475,-0.0133630167692899,0.0570175945758819,-0.0022222730331122,0.0124481208622455,0.056337971240282,0.057376991957426,-0.031818151473999,0.0877193361520767,0.0384615883231163,0.1303258706027283,0.0136518649163708,0.0338345866006803,0.0259067539172428,-0.0012531608612171,0.1335878520859013,-0.0776942204322488,0.0899083118162167,-0.2894736787530327,0.3499999873958455,-0.3533834836023612,0.3499999745273152,2019-02-21,2019-02-22,2019-02-25,2019-02-26,2019-02-27,2019-02-28,2019-03-01,2019-03-04,2019-03-05,2019-03-06,92589.0,2019-02-20,252.0,34.3434%,0.003,1.5285,2.0158,2.009,5.1330%,5.4198%,10.3020%,0.3271509999999999,KNDI,92589.0,2019-02-21,252.0,8.7719%,0.0035,1.4909,1.9603,1.9392,5.1615%,5.4311%,9.6832%,0.0993069999999999,KNDI,92589.0,2019-02-22,252.0,3.9171%,0.0034,1.488,1.88,1.8315,5.1514%,5.4123%,9.4060%,0.047104,KNDI,92589.0,2019-02-25,252.0,-8.5366%,0.0033,1.4817,1.9146,1.8264,5.1654%,5.4265%,9.3898%,-0.079513,KNDI,92589.0,2019-02-26,252.0,-3.3939%,0.0031,1.4729,1.9462,1.8358,5.1649%,5.4274%,9.4386%,-0.013388,KNDI,92589.0,2019-02-27,252.0,0.0000%,0.0032,1.4805,1.931,1.8371,5.1639%,5.4269%,9.4590%,-0.00292,KNDI,92589.0,2019-02-28,252.0,-9.2848%,0.0028,1.4987,1.9407,1.8707,5.1930%,5.4588%,9.4994%,-0.084152,KNDI,92589.0,2019-03-01,252.0,7.1923%,0.0031,1.5119,1.9603,1.8633,5.2068%,5.4730%,9.4937%,0.062897,KNDI,92589.0,2019-03-04,252.0,3.3548%,0.0035,1.4789,2.0347,1.8797,5.1984%,5.4639%,9.4829%,0.0418949999999999,KNDI,92589.0,2019-03-05,252.0,-1.4981%,0.0035,1.484,2.071,1.8853,5.1971%,5.4650%,9.5615%,-0.001738,KNDI,92589.0,2019-03-06,252.0,-6.7174%,0.0035,1.5111,2.1271,1.9235,5.1987%,5.4823%,10.0781%,-0.029457,KNDI,0.4264579999999999,0.4735619999999999,0.3940489999999999,0.3777409999999999,0.3671859999999999
8259,KANDI TECHNOLOGIES GROUP INC,"Kandi Technologies Charges Higher, Reports NHTSA Approved 2 Pure Electric Vehicle Models",6,increase,0.8,0.7,"the approval of two pure electric vehicle models by nhtsa is likely to boost investor confidence and interest in kandi technologies, potentially leading to an increase in stock price.",2,2019-02-20,KNDI,2019-02-20 14:36:00+00:00,92589.0,48370910,0.3434343338012695,31115940.0,0.0877193361520767,0.0384615883231163,0.0391705222427845,-0.0238908436149358,-0.0853658989071846,0.0120898401364684,-0.0339394211769104,0.0883458256721496,0.0,0.0152672529220581,-0.0928481519222259,0.0234374776482582,0.0719225406646728,-0.0266160331666469,0.0335484184324741,-0.0241186711937189,-0.0149813182651996,0.0037243913393467,-0.0671736076474189,-0.0146788852289319,-0.0203804466873407,-0.021544050425291,0.0110956896096468,0.0054152002558112,0.0096022179350256,-0.0297723431140184,0.0081521663814783,0.0035149350296705,0.0390835516154766,0.0440367460250854,-0.0337224677205085,0.0440613068640232,0.0429530441761016,-0.0187970642000436,-0.0308880023658275,0.0037735812366008,0.0185922794044017,0.0291262324899435,-0.0365058928728103,0.0157790780067443,-0.0135317873209714,0.0140000339597463,-0.058984886854887,-0.0019960536155849,-0.1107872053980827,-0.0635513439774513,-0.1262295097112656,-0.0074211433529853,0.0356472916901111,0.0074766282923519,0.0181159246712923,0.0594058819115161,-0.0017793152946978,-0.063079722225666,0.0178252942860126,0.2167043089866638,-0.0017513536149635,-0.0220751389861106,-0.0052631110884249,0.0295454803854227,0.0264550428837537,0.0551558770239353,-0.005154674872756,0.0048192725516855,0.0172711405903101,0.1432506740093231,-0.0458404049277305,-0.0294117368757724,0.0124555472284555,0.0,-0.0017575094243511,-0.0209423881024122,0.0070422468706965,0.0268816947937011,-0.0157342087477445,0.027624350041151,-0.0373001843690872,-0.0645994842052459,-0.011070099659264,-0.0349128022789955,0.0130596440285444,-0.0290556624531745,-0.003683237824589,0.0122549487277865,0.01663588732481,-0.037735816091299,0.0327272415161132,0.0047393320128321,-0.051056332886219,-0.016317056491971,0.0018553300760686,0.0263158231973648,0.0,0.0096618272364139,-0.0222222004085779,-0.0304449927061796,-0.0284091085195541,0.0070755216293036,0.0272904224693775,-0.0577778294682502,-0.0132827647030353,-0.04458599537611,-0.0173076298087835,0.0536913312971591,-0.0332681164145469,-0.008869276382029,0.0566801056265831,-0.0022123344242572,-0.0229884851723909,0.0366972126066684,-0.0647058710455894,-0.0158012863248586,-0.0440251640975475,-0.0133630167692899,0.0570175945758819,-0.0022222730331122,0.0124481208622455,0.056337971240282,0.057376991957426,-0.031818151473999,0.0877193361520767,0.0384615883231163,0.1303258706027283,0.0136518649163708,0.0338345866006803,0.0259067539172428,-0.0012531608612171,0.1335878520859013,-0.0776942204322488,0.0899083118162167,-0.2894736787530327,0.3499999873958455,-0.3533834836023612,0.3499999745273152,2019-02-21,2019-02-22,2019-02-25,2019-02-26,2019-02-27,2019-02-28,2019-03-01,2019-03-04,2019-03-05,2019-03-06,92589.0,2019-02-20,252.0,34.3434%,0.003,1.5285,2.0158,2.009,5.1330%,5.4198%,10.3020%,0.3271509999999999,KNDI,92589.0,2019-02-21,252.0,8.7719%,0.0035,1.4909,1.9603,1.9392,5.1615%,5.4311%,9.6832%,0.0993069999999999,KNDI,92589.0,2019-02-22,252.0,3.9171%,0.0034,1.488,1.88,1.8315,5.1514%,5.4123%,9.4060%,0.047104,KNDI,92589.0,2019-02-25,252.0,-8.5366%,0.0033,1.4817,1.9146,1.8264,5.1654%,5.4265%,9.3898%,-0.079513,KNDI,92589.0,2019-02-26,252.0,-3.3939%,0.0031,1.4729,1.9462,1.8358,5.1649%,5.4274%,9.4386%,-0.013388,KNDI,92589.0,2019-02-27,252.0,0.0000%,0.0032,1.4805,1.931,1.8371,5.1639%,5.4269%,9.4590%,-0.00292,KNDI,92589.0,2019-02-28,252.0,-9.2848%,0.0028,1.4987,1.9407,1.8707,5.1930%,5.4588%,9.4994%,-0.084152,KNDI,92589.0,2019-03-01,252.0,7.1923%,0.0031,1.5119,1.9603,1.8633,5.2068%,5.4730%,9.4937%,0.062897,KNDI,92589.0,2019-03-04,252.0,3.3548%,0.0035,1.4789,2.0347,1.8797,5.1984%,5.4639%,9.4829%,0.0418949999999999,KNDI,92589.0,2019-03-05,252.0,-1.4981%,0.0035,1.484,2.071,1.8853,5.1971%,5.4650%,9.5615%,-0.001738,KNDI,92589.0,2019-03-06,252.0,-6.7174%,0.0035,1.5111,2.1271,1.9235,5.1987%,5.4823%,10.0781%,-0.029457,KNDI,0.4264579999999999,0.4735619999999999,0.3940489999999999,0.3777409999999999,0.3671859999999999
8267,KANDI TECHNOLOGIES GROUP INC,Kandi Technologies shares are trading higher after the company reported NHTSA approval of 2 electric vehicle models.,6,increase,0.8,0.7,"the nhtsa approval of two electric vehicle models is likely to boost investor confidence and demand for kandi technologies' shares, leading to a potential increase in stock price.",2,2019-02-20,KNDI,2019-02-20 14:00:00+00:00,92589.0,48370910,0.3434343338012695,31115940.0,0.0877193361520767,0.0384615883231163,0.0391705222427845,-0.0238908436149358,-0.0853658989071846,0.0120898401364684,-0.0339394211769104,0.0883458256721496,0.0,0.0152672529220581,-0.0928481519222259,0.0234374776482582,0.0719225406646728,-0.0266160331666469,0.0335484184324741,-0.0241186711937189,-0.0149813182651996,0.0037243913393467,-0.0671736076474189,-0.0146788852289319,-0.0203804466873407,-0.021544050425291,0.0110956896096468,0.0054152002558112,0.0096022179350256,-0.0297723431140184,0.0081521663814783,0.0035149350296705,0.0390835516154766,0.0440367460250854,-0.0337224677205085,0.0440613068640232,0.0429530441761016,-0.0187970642000436,-0.0308880023658275,0.0037735812366008,0.0185922794044017,0.0291262324899435,-0.0365058928728103,0.0157790780067443,-0.0135317873209714,0.0140000339597463,-0.058984886854887,-0.0019960536155849,-0.1107872053980827,-0.0635513439774513,-0.1262295097112656,-0.0074211433529853,0.0356472916901111,0.0074766282923519,0.0181159246712923,0.0594058819115161,-0.0017793152946978,-0.063079722225666,0.0178252942860126,0.2167043089866638,-0.0017513536149635,-0.0220751389861106,-0.0052631110884249,0.0295454803854227,0.0264550428837537,0.0551558770239353,-0.005154674872756,0.0048192725516855,0.0172711405903101,0.1432506740093231,-0.0458404049277305,-0.0294117368757724,0.0124555472284555,0.0,-0.0017575094243511,-0.0209423881024122,0.0070422468706965,0.0268816947937011,-0.0157342087477445,0.027624350041151,-0.0373001843690872,-0.0645994842052459,-0.011070099659264,-0.0349128022789955,0.0130596440285444,-0.0290556624531745,-0.003683237824589,0.0122549487277865,0.01663588732481,-0.037735816091299,0.0327272415161132,0.0047393320128321,-0.051056332886219,-0.016317056491971,0.0018553300760686,0.0263158231973648,0.0,0.0096618272364139,-0.0222222004085779,-0.0304449927061796,-0.0284091085195541,0.0070755216293036,0.0272904224693775,-0.0577778294682502,-0.0132827647030353,-0.04458599537611,-0.0173076298087835,0.0536913312971591,-0.0332681164145469,-0.008869276382029,0.0566801056265831,-0.0022123344242572,-0.0229884851723909,0.0366972126066684,-0.0647058710455894,-0.0158012863248586,-0.0440251640975475,-0.0133630167692899,0.0570175945758819,-0.0022222730331122,0.0124481208622455,0.056337971240282,0.057376991957426,-0.031818151473999,0.0877193361520767,0.0384615883231163,0.1303258706027283,0.0136518649163708,0.0338345866006803,0.0259067539172428,-0.0012531608612171,0.1335878520859013,-0.0776942204322488,0.0899083118162167,-0.2894736787530327,0.3499999873958455,-0.3533834836023612,0.3499999745273152,2019-02-21,2019-02-22,2019-02-25,2019-02-26,2019-02-27,2019-02-28,2019-03-01,2019-03-04,2019-03-05,2019-03-06,92589.0,2019-02-20,252.0,34.3434%,0.003,1.5285,2.0158,2.009,5.1330%,5.4198%,10.3020%,0.3271509999999999,KNDI,92589.0,2019-02-21,252.0,8.7719%,0.0035,1.4909,1.9603,1.9392,5.1615%,5.4311%,9.6832%,0.0993069999999999,KNDI,92589.0,2019-02-22,252.0,3.9171%,0.0034,1.488,1.88,1.8315,5.1514%,5.4123%,9.4060%,0.047104,KNDI,92589.0,2019-02-25,252.0,-8.5366%,0.0033,1.4817,1.9146,1.8264,5.1654%,5.4265%,9.3898%,-0.079513,KNDI,92589.0,2019-02-26,252.0,-3.3939%,0.0031,1.4729,1.9462,1.8358,5.1649%,5.4274%,9.4386%,-0.013388,KNDI,92589.0,2019-02-27,252.0,0.0000%,0.0032,1.4805,1.931,1.8371,5.1639%,5.4269%,9.4590%,-0.00292,KNDI,92589.0,2019-02-28,252.0,-9.2848%,0.0028,1.4987,1.9407,1.8707,5.1930%,5.4588%,9.4994%,-0.084152,KNDI,92589.0,2019-03-01,252.0,7.1923%,0.0031,1.5119,1.9603,1.8633,5.2068%,5.4730%,9.4937%,0.062897,KNDI,92589.0,2019-03-04,252.0,3.3548%,0.0035,1.4789,2.0347,1.8797,5.1984%,5.4639%,9.4829%,0.0418949999999999,KNDI,92589.0,2019-03-05,252.0,-1.4981%,0.0035,1.484,2.071,1.8853,5.1971%,5.4650%,9.5615%,-0.001738,KNDI,92589.0,2019-03-06,252.0,-6.7174%,0.0035,1.5111,2.1271,1.9235,5.1987%,5.4823%,10.0781%,-0.029457,KNDI,0.4264579999999999,0.4735619999999999,0.3940489999999999,0.3777409999999999,0.3671859999999999
8275,KANDI TECHNOLOGIES GROUP INC,Kandi Technologies Reports NHTSA Approved Co.'s 2 Pure Electric Vehicle Models,6,increase,0.75,0.6,"the approval of two pure electric vehicle models by the nhtsa is likely to boost investor confidence and interest in kandi technologies, potentially leading to an increase in stock price.",2,2019-02-20,KNDI,2019-02-20 13:36:00+00:00,92589.0,48370910,0.3434343338012695,31115940.0,0.0877193361520767,0.0384615883231163,0.0391705222427845,-0.0238908436149358,-0.0853658989071846,0.0120898401364684,-0.0339394211769104,0.0883458256721496,0.0,0.0152672529220581,-0.0928481519222259,0.0234374776482582,0.0719225406646728,-0.0266160331666469,0.0335484184324741,-0.0241186711937189,-0.0149813182651996,0.0037243913393467,-0.0671736076474189,-0.0146788852289319,-0.0203804466873407,-0.021544050425291,0.0110956896096468,0.0054152002558112,0.0096022179350256,-0.0297723431140184,0.0081521663814783,0.0035149350296705,0.0390835516154766,0.0440367460250854,-0.0337224677205085,0.0440613068640232,0.0429530441761016,-0.0187970642000436,-0.0308880023658275,0.0037735812366008,0.0185922794044017,0.0291262324899435,-0.0365058928728103,0.0157790780067443,-0.0135317873209714,0.0140000339597463,-0.058984886854887,-0.0019960536155849,-0.1107872053980827,-0.0635513439774513,-0.1262295097112656,-0.0074211433529853,0.0356472916901111,0.0074766282923519,0.0181159246712923,0.0594058819115161,-0.0017793152946978,-0.063079722225666,0.0178252942860126,0.2167043089866638,-0.0017513536149635,-0.0220751389861106,-0.0052631110884249,0.0295454803854227,0.0264550428837537,0.0551558770239353,-0.005154674872756,0.0048192725516855,0.0172711405903101,0.1432506740093231,-0.0458404049277305,-0.0294117368757724,0.0124555472284555,0.0,-0.0017575094243511,-0.0209423881024122,0.0070422468706965,0.0268816947937011,-0.0157342087477445,0.027624350041151,-0.0373001843690872,-0.0645994842052459,-0.011070099659264,-0.0349128022789955,0.0130596440285444,-0.0290556624531745,-0.003683237824589,0.0122549487277865,0.01663588732481,-0.037735816091299,0.0327272415161132,0.0047393320128321,-0.051056332886219,-0.016317056491971,0.0018553300760686,0.0263158231973648,0.0,0.0096618272364139,-0.0222222004085779,-0.0304449927061796,-0.0284091085195541,0.0070755216293036,0.0272904224693775,-0.0577778294682502,-0.0132827647030353,-0.04458599537611,-0.0173076298087835,0.0536913312971591,-0.0332681164145469,-0.008869276382029,0.0566801056265831,-0.0022123344242572,-0.0229884851723909,0.0366972126066684,-0.0647058710455894,-0.0158012863248586,-0.0440251640975475,-0.0133630167692899,0.0570175945758819,-0.0022222730331122,0.0124481208622455,0.056337971240282,0.057376991957426,-0.031818151473999,0.0877193361520767,0.0384615883231163,0.1303258706027283,0.0136518649163708,0.0338345866006803,0.0259067539172428,-0.0012531608612171,0.1335878520859013,-0.0776942204322488,0.0899083118162167,-0.2894736787530327,0.3499999873958455,-0.3533834836023612,0.3499999745273152,2019-02-21,2019-02-22,2019-02-25,2019-02-26,2019-02-27,2019-02-28,2019-03-01,2019-03-04,2019-03-05,2019-03-06,92589.0,2019-02-20,252.0,34.3434%,0.003,1.5285,2.0158,2.009,5.1330%,5.4198%,10.3020%,0.3271509999999999,KNDI,92589.0,2019-02-21,252.0,8.7719%,0.0035,1.4909,1.9603,1.9392,5.1615%,5.4311%,9.6832%,0.0993069999999999,KNDI,92589.0,2019-02-22,252.0,3.9171%,0.0034,1.488,1.88,1.8315,5.1514%,5.4123%,9.4060%,0.047104,KNDI,92589.0,2019-02-25,252.0,-8.5366%,0.0033,1.4817,1.9146,1.8264,5.1654%,5.4265%,9.3898%,-0.079513,KNDI,92589.0,2019-02-26,252.0,-3.3939%,0.0031,1.4729,1.9462,1.8358,5.1649%,5.4274%,9.4386%,-0.013388,KNDI,92589.0,2019-02-27,252.0,0.0000%,0.0032,1.4805,1.931,1.8371,5.1639%,5.4269%,9.4590%,-0.00292,KNDI,92589.0,2019-02-28,252.0,-9.2848%,0.0028,1.4987,1.9407,1.8707,5.1930%,5.4588%,9.4994%,-0.084152,KNDI,92589.0,2019-03-01,252.0,7.1923%,0.0031,1.5119,1.9603,1.8633,5.2068%,5.4730%,9.4937%,0.062897,KNDI,92589.0,2019-03-04,252.0,3.3548%,0.0035,1.4789,2.0347,1.8797,5.1984%,5.4639%,9.4829%,0.0418949999999999,KNDI,92589.0,2019-03-05,252.0,-1.4981%,0.0035,1.484,2.071,1.8853,5.1971%,5.4650%,9.5615%,-0.001738,KNDI,92589.0,2019-03-06,252.0,-6.7174%,0.0035,1.5111,2.1271,1.9235,5.1987%,5.4823%,10.0781%,-0.029457,KNDI,0.4264579999999999,0.4735619999999999,0.3940489999999999,0.3777409999999999,0.3671859999999999
8283,COCA COLA CO,Coca-Cola Option Alert: Jun 21 $42 Puts Sweep (25) near the Bid: 959 @ $0.708 vs 4850 OI; Ref=$44.915,6,decrease,0.7,0.6,the significant volume of put options being traded suggests that investors are anticipating a decline in coca-cola's stock price.,0,2019-02-20,KO,2019-02-20 14:54:00+00:00,11308.0,19121610,0.0060226772911846,27463983.0,0.0168514885008335,-0.009062772616744,-0.0126472264528274,-0.0076770884916186,-0.0075088376179337,-0.0843543037772178,-0.0055629732087254,0.0026178224943578,0.0055940928868949,0.0010078459745272,0.0089007904753088,0.002222234616056,0.0008822433883324,0.0016188148874789,0.0059497677721083,0.0032480685040354,-0.0010953571181744,0.0,-0.0032894236501306,0.0002030116011155,-0.0037404175382107,0.0112936189398169,-0.0097172847017645,0.0118429185822606,0.0298840347677469,0.0056414636783301,-0.0028150945436209,0.0097046215087175,0.0036916825920343,0.0048760520294308,-0.0025962884537875,-0.0042220978066325,-0.0087527688592672,-0.0067099956795573,0.0024282694794237,-0.0120157822966575,0.0033032707870006,0.0115255499258637,-0.0006585292867384,0.00231045181863,-0.0004392808768898,0.0116871912032365,0.0092287845909595,0.0029838706832379,0.0021771930623799,-0.0136641059070825,0.0132522406056523,0.0089077018201351,-0.000643198553007,-0.0040134903974831,-0.0006436125258915,0.005736147519201,0.0060111372731626,0.0107365259900689,-0.0029876097105443,-0.0191659610718488,-0.0032106491271406,0.0112885786220431,-0.0083744768053293,-0.0130334021523594,0.0064963023178279,0.0199399720877409,-0.0002151101944036,-0.0061794356442987,0.0017214980907738,-0.0088700773194432,0.0025778503622859,0.0031779175624251,-0.0006427851039916,-0.0069429418072104,0.0015008511254563,0.0125692412257194,0.0006423162994906,0.0213228799402713,0.0055626509711146,-0.0338448733091354,-0.0010638135718181,0.0006310218595899,0.0070287114940583,-0.0075156702660024,0.0042301346547901,-0.0086920149624347,-0.0016848782543092,-0.0002069550100713,0.0170885547995567,-0.0204701721668243,-0.0047707851044833,-0.0026278768200427,-0.00291786971502,0.005079235881567,0.0087792258709669,-0.0064594205468893,0.0033153719268739,0.0060925921425223,0.0132177453488111,0.0030556432902812,-0.0095801306888461,-0.0058728414587676,-0.0041160890832543,-0.0040338998660445,0.0068196286447346,-0.0022136606276035,-0.0051313629373908,-0.0140873584896326,-0.0096967443823814,0.0289914663881063,-0.0031250317115336,-0.0068396613933146,-0.0094043249264359,0.0068867765367031,0.016666604205966,0.0102312257513403,-0.0029051543679088,-0.0030600065365433,0.0133194467052817,0.0059511782601475,0.0100637031719088,-0.0131632545962929,0.0081334188580513,-0.0223717540502548,0.0168514885008335,-0.009062772616744,0.0039911374568688,-0.0166702854010044,-0.0035476689641393,-0.0996183788594531,-0.003547669074434,-0.0963515180731887,0.0077605824630078,-0.0897461575220694,0.0329091596036177,-0.0575992834754564,0.1089570734472218,-0.1053858788425724,2019-02-21,2019-02-22,2019-02-25,2019-02-26,2019-02-27,2019-02-28,2019-03-01,2019-03-04,2019-03-05,2019-03-06,11308.0,2019-02-20,252.0,0.6023%,0.0002,0.4071,-0.4891,0.1276,0.9302%,1.0468%,21.0454%,0.00554,KO,11308.0,2019-02-21,252.0,1.6851%,0.0003,0.3952,-0.5092,0.1057,0.9272%,1.0426%,20.9028%,0.018209,KO,11308.0,2019-02-22,252.0,-1.2647%,0.0003,0.3964,-0.4986,0.129,0.9279%,1.0414%,20.6243%,-0.010961,KO,11308.0,2019-02-25,252.0,-0.7509%,0.0003,0.3969,-0.4933,0.1339,0.9294%,1.0424%,20.5010%,-0.009267,KO,11308.0,2019-02-26,252.0,-0.5563%,0.0002,0.3963,-0.4815,0.1394,0.9304%,1.0404%,20.0240%,-0.007743,KO,11308.0,2019-02-27,252.0,0.5594%,0.0003,0.3997,-0.4858,0.14,0.9300%,1.0409%,20.1766%,0.00622,KO,11308.0,2019-02-28,252.0,0.8901%,0.0004,0.3946,-0.489,0.1339,0.9315%,1.0406%,19.8626%,0.010487,KO,11308.0,2019-03-01,252.0,0.0882%,0.0004,0.3903,-0.4953,0.1274,0.9305%,1.0388%,19.7708%,-9.5e-05,KO,11308.0,2019-03-04,252.0,0.5950%,0.0003,0.3963,-0.5198,0.1269,0.9267%,1.0391%,20.4559%,0.005411,KO,11308.0,2019-03-05,252.0,-0.1095%,0.0003,0.3943,-0.5365,0.1263,0.9245%,1.0383%,20.7217%,-0.001818,KO,11308.0,2019-03-06,252.0,-0.3289%,0.0003,0.3989,-0.5231,0.1333,0.9254%,1.0383%,20.5724%,-0.0068769999999999,KO,0.023749,0.0127879999999999,0.003521,0.0019979999999999,0.009106
8291,EASTMAN KODAK CO,Eastman Kodak Reports Chair Jeffrey Clarke To Leave Co.; Jim Continenza Named Replacement,6,uncertain,0.6,0.2,"leadership changes can have mixed effects on stock prices, depending on investor perception of the new leadership's potential impact on the company's future performance.",1,2019-02-20,KODK,2019-02-20 22:28:00+00:00,14276.0,27746140,-0.0194174572825431,220999.0,-0.0066006537526845,0.0439188778400421,0.0199335366487503,0.0068027144297957,0.0162866301834583,-0.03921565040946,-0.0160256270319223,0.0099009806290268,0.0032573258504271,0.0202020015567541,-0.0129870008677244,0.0457746908068656,0.0230262950062751,0.0,0.0321543887257576,-0.003508768742904,0.0186915714293718,0.0401459485292434,-0.0061162021011114,-0.045296125113964,0.0553846359252929,-0.0034723016433417,-0.017492763698101,-0.0103092677891254,0.0504451282322406,0.0282686091959476,0.0141242807731032,0.0481481030583381,0.0334262177348136,-0.0109890000894665,-0.0566037818789482,-0.024999976158142,0.0457143113017082,0.0566037185490131,-0.0409836322069168,-0.0221401993185281,-0.0740740746259689,0.0226414874196052,-0.0030769200529903,-0.1254125088453293,-0.0185185000300407,-0.0130293034017086,-0.0754716992378234,-0.0064724860712885,-0.0136054288595914,0.0299999713897705,0.0068965447135269,-0.0228012818843126,0.0616437755525112,-0.0160256270319223,0.0193548984825611,-0.0400000363588333,-0.0632911548018455,0.0156249850988388,0.0540540032088756,0.1267606168985367,-0.0416666269302368,0.0106761464849114,-0.0334447845816612,0.0330882035195827,-0.0173011031001806,0.088000014424324,-0.0070422468706965,-0.011857695877552,0.0390071421861648,-0.0078431302681565,-0.0034129659179598,-0.0267175324261188,0.027397233992815,-0.033210389316082,-0.0633333548903465,0.0037037001457065,-0.092526689171791,0.0,-0.0078431302681565,0.0843373611569404,-0.0079051312059164,-0.0708955451846122,-0.0478087179362773,-0.0821917802095413,-0.0167364850640296,0.0034364226739853,0.0127660473808646,0.0174825843423605,0.0294117350131273,0.0070422468706965,0.0081632575020194,-0.0533333607017993,-0.0404858887195587,0.0309278052300214,0.0337553434073925,0.0698529630899429,0.0,-0.0652921125292778,0.0040816287510097,-0.033222559839487,-0.0040650367736816,-0.1842818558216095,-0.0081632575020194,-0.0538461618125438,-0.0082304449751973,-0.0464547798037529,-0.0041493736207485,0.0380710884928703,0.0041666626930236,-0.0199004784226417,-0.0041493736207485,-0.0195121765136718,0.0249999742954969,0.0073709413409233,0.0081300735473632,-0.0097323507070541,-0.0282257795333862,-0.021428495645523,0.0041493736207485,0.0344827249646186,0.0082644550129771,0.0149999856948852,-0.0081967134028673,-0.0697674825787544,-0.0066006537526845,0.0439188778400421,0.0132013085225808,0.0510203598538607,0.0297029435358842,0.0098039128486069,0.0165016350220217,0.0404040026492835,0.0726072739328325,0.0766550701737489,-0.0462045742527741,0.1360293700052997,-0.2013200994862971,-0.2813953972447388,2019-02-21,2019-02-22,2019-02-25,2019-02-26,2019-02-27,2019-02-28,2019-03-01,2019-03-04,2019-03-05,2019-03-06,14276.0,2019-02-20,252.0,-1.9417%,-0.0023,1.3207,1.5408,0.8141,4.0605%,4.3195%,11.6309%,-0.029813,KODK,14276.0,2019-02-21,252.0,-0.6601%,-0.0024,1.3319,1.5644,0.8346,4.0551%,4.3182%,11.8116%,0.001137,KODK,14276.0,2019-02-22,252.0,1.9934%,-0.0021,1.3272,1.6279,0.8354,4.0469%,4.3146%,12.0223%,0.0148399999999999,KODK,14276.0,2019-02-25,252.0,1.6287%,-0.002,1.3248,1.6148,0.8199,4.0475%,4.3140%,11.9712%,0.019932,KODK,14276.0,2019-02-26,252.0,-1.6026%,-0.0019,1.3313,1.6071,0.8209,4.0469%,4.3149%,12.0351%,-0.000966,KODK,14276.0,2019-02-27,252.0,0.3257%,-0.0017,1.3511,1.5725,0.8242,4.0372%,4.3083%,12.1902%,-0.0001089999999999,KODK,14276.0,2019-02-28,252.0,-1.2987%,-0.0018,1.3502,1.5717,0.8248,4.0372%,4.3064%,12.1087%,-0.007153,KODK,14276.0,2019-03-01,252.0,2.3026%,-0.0014,1.3063,1.5063,0.7504,4.0085%,4.2616%,11.5252%,0.011956,KODK,14276.0,2019-03-04,252.0,3.2154%,-0.001,1.275,1.5711,0.7674,4.0023%,4.2520%,11.4019%,0.041955,KODK,14276.0,2019-03-05,252.0,1.8692%,-0.0011,1.2617,1.4859,0.7473,3.9989%,4.2360%,10.8837%,0.027481,KODK,14276.0,2019-03-06,252.0,-0.6116%,-0.001,1.2461,1.4417,0.7238,4.0010%,4.2342%,10.7117%,0.022814,KODK,-0.028676,-0.013836,0.006096,0.005021,0.102074
8299,KRANESHARES TRUST,A Credible Alternative To Standard Emerging Market ETFs,6,increase,0.8,0.7,"the news positions kraneshares trust as a credible alternative to standard emerging market etfs, which could attract more investors and drive up demand for its shares.",2,2019-02-20,KWEB,2019-02-20 19:19:00+00:00,14098.0,50076730,0.010346358641982,1017227.0,-0.0138022918254137,0.0136798555031418,0.0399548634886741,-0.0174730904400348,0.0271326247602701,0.003822760656476,-0.0097210286185145,-0.0008986093453131,0.0010669918265193,0.0132027771323919,-0.0014922126429155,0.0157225504517555,-0.0081127472221851,0.0090993791818618,0.0122686121612787,-0.0272356048226356,0.0293429959565401,-0.016956677660346,-0.0130138620734214,0.0230540577322244,-0.0397655442357063,0.0099124088883399,-0.0161290690302848,-0.0093628643080592,0.0376606285572052,0.0272108800709247,-0.0061913090758025,0.0140342563390731,-0.0103114834055304,-0.0040274383500218,-0.0102018937468528,-0.0121694467961788,0.0236842520534992,0.0321255549788475,0.0132818967103958,0.0164498407393693,-0.0044397269375622,0.0089175282046198,-0.0191123709082603,-0.0346724241971969,0.0054124272428452,0.0237454399466514,-0.0340223535895347,0.0086419377475976,0.0086936997249722,0.0204081982374191,-0.0017679962329566,0.0150895183905959,0.0039849528111517,-0.0288127139210701,0.0070562227629125,-0.0154072167351841,0.0313115902245044,0.0039283046498894,0.0248408075422048,0.0329697988927364,-0.0091153644025325,0.0035632320214062,0.0131715917959809,0.0245111472904682,0.0,0.0593921989202499,0.0152703607454896,-0.0354382656514644,-0.001422757981345,0.0007999674417078,-0.0040708477608859,-0.0128981750458478,-0.0016350261867046,0.002110309433192,-0.015148370526731,-0.0047256578691303,0.0193307064473629,0.0337389484047889,-0.0252855140715837,-0.0072992383502423,0.0117155099287629,-0.0057024676352739,0.006617032457143,-0.0077160294167697,0.0018488116329535,-0.0321134477853775,-0.0024605069775134,-0.01034742500633,0.0098663829267025,-0.0356379188597202,-0.0128231439739465,-0.0181945133954286,-0.0072164633311331,-0.0067192055284976,0.0035305952187627,0.0184048786759376,0.0078642601147294,0.0131484391167759,0.0010266783647239,-0.0052318051457405,-0.0004102658131159,-0.0220930408686399,-0.0002051779592875,-0.0099009973928332,0.0188833773136138,-0.0329547896981239,-0.0324335359036922,0.031939323991537,-0.0324796512722969,0.0271418821066618,0.0008607079507783,-0.0275419037789106,-0.0094603020697832,0.0232503004372119,-0.0047753686085343,0.0018823960563167,-0.0434023551642894,0.0243431739509105,0.0221158508211374,-0.0308339092880487,0.005576622672379,0.0418593622744083,0.0048801554366946,-0.0239904597401619,-0.0138022918254137,0.0136798555031418,0.0256011029775451,-0.004032264289306,0.0534283528583541,-0.0002249180141117,0.0443010187042409,0.0120646208735264,0.0636687607396155,0.0148367429792315,0.0788067897139093,0.1593220555361629,0.0084595018142146,0.0914007103821112,2019-02-21,2019-02-22,2019-02-25,2019-02-26,2019-02-27,2019-02-28,2019-03-01,2019-03-04,2019-03-05,2019-03-06,14098.0,2019-02-20,252.0,1.0346%,-0.0016,1.2041,0.359,-0.6222,1.5124%,2.1338%,49.7646%,0.010727,KWEB,14098.0,2019-02-21,252.0,-1.3802%,-0.0017,1.2127,0.3745,-0.6063,1.5091%,2.1343%,50.0058%,-0.010627,KWEB,14098.0,2019-02-22,252.0,3.9955%,-0.0017,1.2101,0.3634,-0.6484,1.5138%,2.1494%,50.3963%,0.020999,KWEB,14098.0,2019-02-25,252.0,2.7133%,-0.0015,1.2087,0.3489,-0.661,1.5216%,2.1561%,50.1928%,0.024995,KWEB,14098.0,2019-02-26,252.0,-0.9721%,-0.0016,1.2029,0.3633,-0.658,1.5203%,2.1487%,49.9388%,-0.007835,KWEB,14098.0,2019-02-27,252.0,0.1067%,-0.0015,1.2125,0.3462,-0.6564,1.5140%,2.1478%,50.3073%,-0.001596,KWEB,14098.0,2019-02-28,252.0,-0.1492%,-0.0015,1.2054,0.3414,-0.6621,1.5120%,2.1399%,50.0778%,0.000456,KWEB,14098.0,2019-03-01,252.0,-0.8113%,-0.0016,1.2063,0.3426,-0.6519,1.5159%,2.1402%,49.8320%,-0.02052,KWEB,14098.0,2019-03-04,252.0,1.2269%,-0.0015,1.2049,0.3256,-0.6467,1.5232%,2.1412%,49.3942%,0.022364,KWEB,14098.0,2019-03-05,252.0,2.9343%,-0.0014,1.1986,0.2972,-0.6631,1.5363%,2.1461%,48.7548%,0.0307589999999999,KWEB,14098.0,2019-03-06,252.0,-1.3014%,-0.0013,1.202,0.2887,-0.6604,1.5355%,2.1475%,48.8732%,0.000975,KWEB,0.0001,0.021099,0.0460939999999999,0.0366629999999999,0.070697
8307,LAMAR ADVERTISING CO NEW,"Lamar Sees FY19 EPS $3.69-$3.86 vs $3.49 Est., AFFO $5.67-$5.83",6,increase,0.8,0.6,"the forecasted eps and affo are higher than estimates, indicating strong financial performance that is likely to boost investor confidence and stock price.",2,2019-02-20,LAMR,2019-02-20 11:05:00+00:00,83879.0,51281610,-0.0070314886979758,790931.0,-0.0072099599055945,0.0076002059504389,0.0062248180620372,0.0146385449916124,0.0067019499838352,0.0053876959718763,-0.0016642843838781,0.0130457356572151,-0.0184663031250238,0.0,0.0134570002555847,-0.0009309707675129,0.0158566888421773,-0.002388222143054,0.0138324405997991,0.0084292870014905,-0.0108900079503655,-0.0167083833366632,-0.0026575436349958,0.0148197673261165,-0.0104047674685716,0.0116153508424758,-0.0069239763543009,-0.0055069988593459,0.0120077515020966,0.0060810400173068,0.0022965082898736,-0.0043057007715106,-0.0006363979773595,0.0012123984051868,0.0095529342070221,0.0107570923864841,-0.0066411783918738,0.0057519283145666,0.0007713751401752,-0.0049059772863984,0.0035972048062831,-0.0040717027150094,-0.0032002048101276,-0.0064725368283689,0.0279953796416521,-0.0092183677479624,-0.0418489202857017,0.0169836953282356,-0.0026075222995132,0.0171365104615688,0.0194770954549312,0.0013838703744113,0.0016669430769979,-0.0075538447126746,0.0143368542194366,0.0102677652612328,0.0002524516894482,0.0116507839411497,0.0177895035594701,0.009780223481357,0.0011157055851072,0.0321873389184474,-0.0016097681364044,0.0045561073347926,-0.0074413805268704,0.0099450517445802,0.012245450168848,0.0031268473248928,-0.002221951726824,-0.0291991420090198,-0.0154645545408129,0.0014475748175755,0.010178405791521,0.0105324927717447,0.0043537565506994,0.0010250357445329,0.0058211698196828,0.0496465340256691,-0.0007387952064163,-0.0354336462914943,-0.0014787769177928,0.006115692667663,-0.0083919577300548,0.0122300693765282,-0.0008711847476661,-0.0397273860871791,-0.0149476453661918,0.0150111010298132,0.0189681332558393,-0.0388967469334602,0.0098039330914616,-0.0002792074810713,-0.0022121211513876,0.001257810392417,0.0160117670893669,-0.009688539430499,-0.0035155888181179,-0.0023473927285522,0.0057177767157554,-0.0137546248733997,-0.0105237103998661,-0.0341970063745975,-0.0168704744428396,0.0382356308400631,0.014051292091608,-0.0369542017579078,0.0093193678185343,0.0026371912099421,-0.0171303134411573,0.0069038323126733,-0.0093943402171134,-0.0046253269538283,0.0038682001177221,0.0176169648766517,0.0064636953175067,0.0002690916589926,-0.0104976957663893,0.011841501109302,0.0061157993040978,-0.001630590064451,0.0142662385478615,-0.0036556224804371,0.0136985704302787,-0.0345097966492176,-0.0072099599055945,0.0076002059504389,-0.0010300225322043,0.0223500068988025,0.0056650242921378,0.027858117912819,-0.0145486961998873,0.0412672832122322,0.014677475544967,0.0443257622461628,0.0508377249471607,0.1496178720929455,0.0801616118101391,0.0357889804124971,2019-02-21,2019-02-22,2019-02-25,2019-02-26,2019-02-27,2019-02-28,2019-03-01,2019-03-04,2019-03-05,2019-03-06,83879.0,2019-02-20,252.0,-0.7031%,0.0006,0.6863,0.2212,0.1246,1.2735%,1.4584%,23.7577%,-0.009703,LAMR,83879.0,2019-02-21,252.0,-0.7210%,0.0006,0.6852,0.218,0.1227,1.2733%,1.4575%,23.6843%,-0.004329,LAMR,83879.0,2019-02-22,252.0,0.6225%,0.0007,0.6839,0.246,0.1327,1.2667%,1.4517%,23.8548%,0.002276,LAMR,83879.0,2019-02-25,252.0,0.6702%,0.0006,0.6861,0.2453,0.1404,1.2617%,1.4475%,24.0258%,0.006455,LAMR,83879.0,2019-02-26,252.0,-0.1664%,0.0005,0.6686,0.2612,0.1353,1.2484%,1.4274%,23.5107%,0.001367,LAMR,83879.0,2019-02-27,252.0,-1.8466%,0.0004,0.6663,0.2593,0.1349,1.2544%,1.4310%,23.1583%,-0.019502,LAMR,83879.0,2019-02-28,252.0,1.3457%,0.0007,0.6343,0.2378,0.108,1.2110%,1.3778%,22.7419%,0.015708,LAMR,83879.0,2019-03-01,252.0,1.5857%,0.0008,0.6262,0.2257,0.0907,1.2080%,1.3717%,22.4454%,0.010942,LAMR,83879.0,2019-03-04,252.0,1.3832%,0.0009,0.6226,0.2223,0.0951,1.2124%,1.3730%,22.0273%,0.017547,LAMR,83879.0,2019-03-05,252.0,-1.0890%,0.0008,0.6253,0.2368,0.1006,1.2136%,1.3750%,22.1005%,-0.009004,LAMR,83879.0,2019-03-06,252.0,-0.2658%,0.0009,0.6231,0.2276,0.0969,1.2139%,1.3746%,22.0114%,0.005449,LAMR,-0.014032,-0.0117559999999999,-0.0053009999999999,-0.023436,0.017206
8315,LAMAR ADVERTISING CO NEW,"Lamar Advertising Q4 AFFO $1.48 Up From $0.88 YoY, Sales $427.9M Beat $422.2M Estimate",6,increase,0.8,0.7,"the significant year-over-year increase in affo and the sales beat indicate strong financial performance, which is likely to positively influence investor sentiment and drive the stock price up.",2,2019-02-20,LAMR,2019-02-20 11:04:00+00:00,83879.0,51281610,-0.0070314886979758,790931.0,-0.0072099599055945,0.0076002059504389,0.0062248180620372,0.0146385449916124,0.0067019499838352,0.0053876959718763,-0.0016642843838781,0.0130457356572151,-0.0184663031250238,0.0,0.0134570002555847,-0.0009309707675129,0.0158566888421773,-0.002388222143054,0.0138324405997991,0.0084292870014905,-0.0108900079503655,-0.0167083833366632,-0.0026575436349958,0.0148197673261165,-0.0104047674685716,0.0116153508424758,-0.0069239763543009,-0.0055069988593459,0.0120077515020966,0.0060810400173068,0.0022965082898736,-0.0043057007715106,-0.0006363979773595,0.0012123984051868,0.0095529342070221,0.0107570923864841,-0.0066411783918738,0.0057519283145666,0.0007713751401752,-0.0049059772863984,0.0035972048062831,-0.0040717027150094,-0.0032002048101276,-0.0064725368283689,0.0279953796416521,-0.0092183677479624,-0.0418489202857017,0.0169836953282356,-0.0026075222995132,0.0171365104615688,0.0194770954549312,0.0013838703744113,0.0016669430769979,-0.0075538447126746,0.0143368542194366,0.0102677652612328,0.0002524516894482,0.0116507839411497,0.0177895035594701,0.009780223481357,0.0011157055851072,0.0321873389184474,-0.0016097681364044,0.0045561073347926,-0.0074413805268704,0.0099450517445802,0.012245450168848,0.0031268473248928,-0.002221951726824,-0.0291991420090198,-0.0154645545408129,0.0014475748175755,0.010178405791521,0.0105324927717447,0.0043537565506994,0.0010250357445329,0.0058211698196828,0.0496465340256691,-0.0007387952064163,-0.0354336462914943,-0.0014787769177928,0.006115692667663,-0.0083919577300548,0.0122300693765282,-0.0008711847476661,-0.0397273860871791,-0.0149476453661918,0.0150111010298132,0.0189681332558393,-0.0388967469334602,0.0098039330914616,-0.0002792074810713,-0.0022121211513876,0.001257810392417,0.0160117670893669,-0.009688539430499,-0.0035155888181179,-0.0023473927285522,0.0057177767157554,-0.0137546248733997,-0.0105237103998661,-0.0341970063745975,-0.0168704744428396,0.0382356308400631,0.014051292091608,-0.0369542017579078,0.0093193678185343,0.0026371912099421,-0.0171303134411573,0.0069038323126733,-0.0093943402171134,-0.0046253269538283,0.0038682001177221,0.0176169648766517,0.0064636953175067,0.0002690916589926,-0.0104976957663893,0.011841501109302,0.0061157993040978,-0.001630590064451,0.0142662385478615,-0.0036556224804371,0.0136985704302787,-0.0345097966492176,-0.0072099599055945,0.0076002059504389,-0.0010300225322043,0.0223500068988025,0.0056650242921378,0.027858117912819,-0.0145486961998873,0.0412672832122322,0.014677475544967,0.0443257622461628,0.0508377249471607,0.1496178720929455,0.0801616118101391,0.0357889804124971,2019-02-21,2019-02-22,2019-02-25,2019-02-26,2019-02-27,2019-02-28,2019-03-01,2019-03-04,2019-03-05,2019-03-06,83879.0,2019-02-20,252.0,-0.7031%,0.0006,0.6863,0.2212,0.1246,1.2735%,1.4584%,23.7577%,-0.009703,LAMR,83879.0,2019-02-21,252.0,-0.7210%,0.0006,0.6852,0.218,0.1227,1.2733%,1.4575%,23.6843%,-0.004329,LAMR,83879.0,2019-02-22,252.0,0.6225%,0.0007,0.6839,0.246,0.1327,1.2667%,1.4517%,23.8548%,0.002276,LAMR,83879.0,2019-02-25,252.0,0.6702%,0.0006,0.6861,0.2453,0.1404,1.2617%,1.4475%,24.0258%,0.006455,LAMR,83879.0,2019-02-26,252.0,-0.1664%,0.0005,0.6686,0.2612,0.1353,1.2484%,1.4274%,23.5107%,0.001367,LAMR,83879.0,2019-02-27,252.0,-1.8466%,0.0004,0.6663,0.2593,0.1349,1.2544%,1.4310%,23.1583%,-0.019502,LAMR,83879.0,2019-02-28,252.0,1.3457%,0.0007,0.6343,0.2378,0.108,1.2110%,1.3778%,22.7419%,0.015708,LAMR,83879.0,2019-03-01,252.0,1.5857%,0.0008,0.6262,0.2257,0.0907,1.2080%,1.3717%,22.4454%,0.010942,LAMR,83879.0,2019-03-04,252.0,1.3832%,0.0009,0.6226,0.2223,0.0951,1.2124%,1.3730%,22.0273%,0.017547,LAMR,83879.0,2019-03-05,252.0,-1.0890%,0.0008,0.6253,0.2368,0.1006,1.2136%,1.3750%,22.1005%,-0.009004,LAMR,83879.0,2019-03-06,252.0,-0.2658%,0.0009,0.6231,0.2276,0.0969,1.2139%,1.3746%,22.0114%,0.005449,LAMR,-0.014032,-0.0117559999999999,-0.0053009999999999,-0.023436,0.017206
8323,LEE ENTERPRISES INC,Lee Enterprises Reports $10M Buyback,6,increase,0.7,0.6,a $10 million buyback typically signals confidence in the company's value and can lead to an increase in stock price due to reduced share supply and improved earnings per share.,2,2019-02-20,LEE,2019-02-20 23:04:00+00:00,50286.0,52376840,-0.0151515901088714,66479.0,0.0307692941278219,0.0114943338558077,0.0746268779039383,-0.0076046460308134,0.0104166567325592,-0.0075471624732017,0.0171821136027574,-0.003759394865483,0.0101351253688335,0.0037735812366008,0.0200668703764677,-0.0111940186470747,0.0327869318425655,-0.007407400291413,-0.0095238760113716,0.0112359439954161,0.0320513285696506,-0.007434937171638,-0.0124223483726382,0.0037313397042453,0.072327047586441,-0.0183150004595518,-0.020527908578515,0.0,0.0449102111160755,0.0224718879908323,0.0286532677710056,-0.0219780001789331,-0.0083565386012196,-0.0520833656191825,-0.0252808760851621,0.0746268779039383,0.0230547320097684,0.0428016111254692,-0.0197182912379503,0.0118110124021768,0.0028735604137182,0.0452674441039562,0.0200572870671749,-0.0318724811077117,-0.0533708035945892,-0.0233462825417518,-0.0118694249540567,0.0078431302681565,-0.0570570044219493,0.0323886312544345,0.0063694203272461,0.0555556081235408,-0.0158228445798158,0.0,0.0257235262542963,-0.0370371006429195,0.0344827249646186,0.0340426228940486,0.0272727739065885,0.0730592906475067,0.0176990982145071,0.0092165805399417,-0.0028985480312258,-0.0136363506317138,-0.0319767817854881,0.0426541045308113,-0.0390390008687973,0.0047619002871215,-0.025000050663948,-0.0047393320128321,0.0128205772489309,-0.0093897739425301,-0.0063291075639426,0.0094787776470184,-0.022293047979474,0.014423063956201,0.0065146517008543,0.055837508291006,-0.0129449721425771,-0.0436892807483673,0.0098360562697052,0.0198019612580537,-0.0064935004338622,0.052083346992731,0.0,0.0105263059958815,0.01307188346982,-0.0155440270900726,0.0129032908007502,-0.0051546953618526,-0.0509554408490657,-0.0628018751740455,-0.0167785082012414,0.0048543643206357,0.0375426262617111,-0.0048309136182069,-0.0723684281110763,-0.023584883660078,-0.007092191837728,-0.0275230184197425,0.0035714253317564,0.0,-0.0177935771644115,-0.0045662056654691,-0.0072463699616491,-0.0045454502105712,-0.0036496315151453,-0.0178571250289678,0.0109890000894665,-0.0386265739798545,-0.0507246740162372,-0.0127118527889251,-0.0305343233048915,0.0042553152889013,0.043307140469551,0.0217391103506088,-0.0037735812366008,-0.017094001173973,0.0681817531585693,0.0129870008677244,0.0921985805034637,0.004347822163254,-0.0032467502169311,-0.0212765764445066,0.0307692941278219,0.0114943338558077,0.1076923883878275,0.0038022774846608,0.1192308397629322,-0.0037735813944858,0.1500000421538567,-0.0037735814052525,0.2230769877386911,-0.01492535872408,0.3230769865924423,0.2000000131632284,0.1807692530944507,0.1234043381720204,2019-02-21,2019-02-22,2019-02-25,2019-02-26,2019-02-27,2019-02-28,2019-03-01,2019-03-04,2019-03-05,2019-03-06,50286.0,2019-02-20,252.0,-1.5152%,0.0008,0.4189,0.1853,0.5602,3.0916%,3.1212%,1.8905%,-0.019593,LEE,50286.0,2019-02-21,252.0,3.0769%,0.0009,0.4127,0.1799,0.5485,3.0984%,3.1269%,1.8172%,0.033638,LEE,50286.0,2019-02-22,252.0,7.4627%,0.001,0.4034,0.1443,0.4049,3.1266%,3.1513%,1.5637%,0.078917,LEE,50286.0,2019-02-25,252.0,1.0417%,0.001,0.4034,0.1395,0.4025,3.1272%,3.1518%,1.5598%,0.010816,LEE,50286.0,2019-02-26,252.0,1.7182%,0.0012,0.4151,0.1019,0.3922,3.1251%,3.1508%,1.6244%,0.019948,LEE,50286.0,2019-02-27,252.0,1.0135%,0.0013,0.4265,0.0842,0.3941,3.1215%,3.1484%,1.7048%,0.009938,LEE,50286.0,2019-02-28,252.0,2.0067%,0.0016,0.4024,0.0684,0.3716,3.1154%,3.1394%,1.5183%,0.022257,LEE,50286.0,2019-03-01,252.0,3.2787%,0.0015,0.4373,0.1203,0.412,3.1067%,3.1349%,1.7885%,0.031088,LEE,50286.0,2019-03-04,252.0,-0.9524%,0.0014,0.4493,0.0893,0.4068,3.1039%,3.1333%,1.8714%,-0.008466,LEE,50286.0,2019-03-05,252.0,3.2051%,0.0017,0.4583,0.181,0.4013,3.0840%,3.1151%,1.9873%,0.033978,LEE,50286.0,2019-03-06,252.0,-1.2422%,0.0017,0.4654,0.1949,0.4111,3.0841%,3.1164%,2.0586%,-0.006542,LEE,0.014045,0.092962,0.103778,0.133664,0.205979
8331,LENNAR CORP,"Five Point Says Co, Members Mall Venture Determined Not To Proceed With Project At Company's Candlestick Point Community In San Francisco;  Lennar And Castlelake Directly And Indirectly Hold Approximately 39.5% And 17.2% Of Company's Outstanding Voting Shares",6,decrease,0.7,0.6,"the decision not to proceed with the project at candlestick point may signal potential setbacks for lennar corp's growth prospects, leading to a likely decrease in stock price.",0,2019-02-20,LEN,2019-02-20 11:14:00+00:00,52708.0,52605710,-0.0087079852819442,3681245.0,0.0055158417671918,0.0098159415647387,0.0209264270961284,0.0136815886944532,-0.0121393157169222,0.0014532594941556,-0.0036261142231523,-0.0090516852214932,-0.0125353606417775,0.0569688826799392,-0.017608530819416,-0.0008689355454407,-0.0197999328374862,-0.0034639500081539,0.0121199171990156,0.0023870831355452,-0.0308822989463806,-0.0176934134215116,-0.0049858991988003,0.0049271536991,0.0359476618468761,-0.0099682118743658,0.0037854954134672,-0.0056937295012176,0.0163418985903263,0.0219826847314834,0.001030778279528,0.0097932703793048,-0.0100906435400247,0.0321204029023647,-0.0010401338804513,-0.0008976865792647,-0.0060391691513359,-0.0069087934680283,0.0027236763853579,0.0286303050816059,-0.0265357382595539,0.0034475184511393,-0.0079415952786803,-0.0133786890655756,0.0292081013321876,-0.0151853580027818,0.0056758555583655,-0.0127866361290216,0.0357441268861293,-0.0113339247182011,0.003229058580473,0.0150442542508244,0.0394286699593067,-0.026071947067976,-0.0369653552770614,0.0274518877267837,-0.0134645942598581,-0.0241953488439321,-0.0036667408421635,0.0792725980281829,-0.0010222701821476,0.0120339384302496,0.0194433219730854,0.0283912159502506,0.0176670793443918,0.0419721826910972,0.0195305123925209,-0.0102602569386363,-0.007352961692959,0.0206895917654037,-0.0208576936274766,-0.0071011609397828,0.0121441492810845,-0.0017721442272886,0.0090479757636785,0.0010137079516425,-0.006432709749788,0.0367839634418487,0.0033352591563016,-0.023100558668375,0.0050841248594224,-0.0469667799770832,0.0099221458658576,-0.0036558059509843,0.0192641112953424,0.0004876971070189,-0.0154980095103383,0.0247375778853893,0.0078709721565246,-0.0047251586802303,0.0032406020909547,-0.0171107500791549,-0.0203306041657924,-0.0065565919503569,0.0091155432164669,0.0175438374280929,0.002498579211533,-0.0158073380589485,-0.0024923516903072,-0.0209524072706699,0.0003844024322461,-0.0108337048441171,0.0059558381326496,0.0323364436626434,-0.0024828317109495,-0.0568676814436912,-0.0072755324654281,0.0205944553017616,-0.0019286109600216,-0.0072026341222226,-0.0119806556031107,-0.019143121317029,0.0127126481384038,0.0235596485435962,0.0015450334176421,0.0007002516067586,-0.0075202351436018,0.0023396927863359,0.024868831038475,-0.000934948620852,0.0032227141782641,0.0151874562725424,0.0139834033325314,0.0161562133580446,0.0055158417671918,0.0098159415647387,0.0265576957239352,0.0236318279343294,0.0140959877539061,0.025119430606795,-0.0022472036851064,0.0737116631922842,-0.0623084620118282,0.057840635345512,0.0175689608054252,0.1993211136110309,0.097056467026807,0.1918017868487576,2019-02-21,2019-02-22,2019-02-25,2019-02-26,2019-02-27,2019-02-28,2019-03-01,2019-03-04,2019-03-05,2019-03-06,52708.0,2019-02-20,252.0,-0.8708%,-0.0008,0.931,0.8973,0.3169,1.8106%,2.0854%,24.6195%,-0.014411,LEN,52708.0,2019-02-21,252.0,0.5516%,-0.0007,0.9221,0.8816,0.3005,1.8085%,2.0785%,24.2971%,0.010218,LEN,52708.0,2019-02-22,252.0,2.0926%,-0.0006,0.9193,0.9004,0.2843,1.8095%,2.0823%,24.4872%,0.0144009999999999,LEN,52708.0,2019-02-25,252.0,-1.2139%,-0.0007,0.919,0.9051,0.2858,1.8105%,2.0835%,24.4874%,-0.010765,LEN,52708.0,2019-02-26,252.0,-0.3626%,-0.0006,0.9175,0.8994,0.2818,1.8108%,2.0825%,24.3886%,0.00448,LEN,52708.0,2019-02-27,252.0,-1.2535%,-0.0007,0.9163,0.8974,0.2815,1.8130%,2.0833%,24.2703%,-0.014832,LEN,52708.0,2019-02-28,252.0,-1.7609%,-0.0007,0.9103,0.8928,0.2803,1.8120%,2.0777%,23.9412%,-0.0143439999999999,LEN,52708.0,2019-03-01,252.0,-1.9800%,-0.0008,0.9024,0.8811,0.2808,1.8200%,2.0781%,23.3017%,-0.027912,LEN,52708.0,2019-03-04,252.0,1.2120%,-0.0008,0.9078,0.8454,0.2835,1.8212%,2.0777%,23.1626%,0.019152,LEN,52708.0,2019-03-05,252.0,-3.0882%,-0.0008,0.9147,0.8828,0.2978,1.8266%,2.0864%,23.3568%,-0.026128,LEN,52708.0,2019-03-06,252.0,-0.4986%,-0.0008,0.9044,0.8569,0.2826,1.8280%,2.0844%,23.0862%,0.0136119999999999,LEN,-0.004193,0.0102079999999999,-0.000557,-0.010909,-0.046529
8339,LENNAR CORP,"Five Point Says Co, Members Mall Venture Determined Not To Proceed With Project At Company's Candlestick Point Community In San Francisco;  Lennar And Castlelake Directly And Indirectly Hold Approximately 39.5% And 17.2% Of Company's Outstanding Voting Shares",6,decrease,0.7,0.6,"the decision not to proceed with the project at candlestick point may signal potential setbacks for lennar corp's growth prospects, leading to a likely decrease in stock price.",0,2019-02-20,LEN,2019-02-20 11:14:00+00:00,52708.0,52605710,-0.0087079852819442,3681245.0,0.0055158417671918,0.0098159415647387,0.0209264270961284,0.0136815886944532,-0.0121393157169222,0.0014532594941556,-0.0036261142231523,-0.0090516852214932,-0.0125353606417775,0.0569688826799392,-0.017608530819416,-0.0008689355454407,-0.0197999328374862,-0.0034639500081539,0.0121199171990156,0.0023870831355452,-0.0308822989463806,-0.0176934134215116,-0.0049858991988003,0.0049271536991,0.0359476618468761,-0.0099682118743658,0.0037854954134672,-0.0056937295012176,0.0163418985903263,0.0219826847314834,0.001030778279528,0.0097932703793048,-0.0100906435400247,0.0321204029023647,-0.0010401338804513,-0.0008976865792647,-0.0060391691513359,-0.0069087934680283,0.0027236763853579,0.0286303050816059,-0.0265357382595539,0.0034475184511393,-0.0079415952786803,-0.0133786890655756,0.0292081013321876,-0.0151853580027818,0.0056758555583655,-0.0127866361290216,0.0357441268861293,-0.0113339247182011,0.003229058580473,0.0150442542508244,0.0394286699593067,-0.026071947067976,-0.0369653552770614,0.0274518877267837,-0.0134645942598581,-0.0241953488439321,-0.0036667408421635,0.0792725980281829,-0.0010222701821476,0.0120339384302496,0.0194433219730854,0.0283912159502506,0.0176670793443918,0.0419721826910972,0.0195305123925209,-0.0102602569386363,-0.007352961692959,0.0206895917654037,-0.0208576936274766,-0.0071011609397828,0.0121441492810845,-0.0017721442272886,0.0090479757636785,0.0010137079516425,-0.006432709749788,0.0367839634418487,0.0033352591563016,-0.023100558668375,0.0050841248594224,-0.0469667799770832,0.0099221458658576,-0.0036558059509843,0.0192641112953424,0.0004876971070189,-0.0154980095103383,0.0247375778853893,0.0078709721565246,-0.0047251586802303,0.0032406020909547,-0.0171107500791549,-0.0203306041657924,-0.0065565919503569,0.0091155432164669,0.0175438374280929,0.002498579211533,-0.0158073380589485,-0.0024923516903072,-0.0209524072706699,0.0003844024322461,-0.0108337048441171,0.0059558381326496,0.0323364436626434,-0.0024828317109495,-0.0568676814436912,-0.0072755324654281,0.0205944553017616,-0.0019286109600216,-0.0072026341222226,-0.0119806556031107,-0.019143121317029,0.0127126481384038,0.0235596485435962,0.0015450334176421,0.0007002516067586,-0.0075202351436018,0.0023396927863359,0.024868831038475,-0.000934948620852,0.0032227141782641,0.0151874562725424,0.0139834033325314,0.0161562133580446,0.0055158417671918,0.0098159415647387,0.0265576957239352,0.0236318279343294,0.0140959877539061,0.025119430606795,-0.0022472036851064,0.0737116631922842,-0.0623084620118282,0.057840635345512,0.0175689608054252,0.1993211136110309,0.097056467026807,0.1918017868487576,2019-02-21,2019-02-22,2019-02-25,2019-02-26,2019-02-27,2019-02-28,2019-03-01,2019-03-04,2019-03-05,2019-03-06,52708.0,2019-02-20,252.0,-0.8708%,-0.0008,0.931,0.8973,0.3169,1.8106%,2.0854%,24.6195%,-0.014411,LEN,52708.0,2019-02-21,252.0,0.5516%,-0.0007,0.9221,0.8816,0.3005,1.8085%,2.0785%,24.2971%,0.010218,LEN,52708.0,2019-02-22,252.0,2.0926%,-0.0006,0.9193,0.9004,0.2843,1.8095%,2.0823%,24.4872%,0.0144009999999999,LEN,52708.0,2019-02-25,252.0,-1.2139%,-0.0007,0.919,0.9051,0.2858,1.8105%,2.0835%,24.4874%,-0.010765,LEN,52708.0,2019-02-26,252.0,-0.3626%,-0.0006,0.9175,0.8994,0.2818,1.8108%,2.0825%,24.3886%,0.00448,LEN,52708.0,2019-02-27,252.0,-1.2535%,-0.0007,0.9163,0.8974,0.2815,1.8130%,2.0833%,24.2703%,-0.014832,LEN,52708.0,2019-02-28,252.0,-1.7609%,-0.0007,0.9103,0.8928,0.2803,1.8120%,2.0777%,23.9412%,-0.0143439999999999,LEN,52708.0,2019-03-01,252.0,-1.9800%,-0.0008,0.9024,0.8811,0.2808,1.8200%,2.0781%,23.3017%,-0.027912,LEN,52708.0,2019-03-04,252.0,1.2120%,-0.0008,0.9078,0.8454,0.2835,1.8212%,2.0777%,23.1626%,0.019152,LEN,52708.0,2019-03-05,252.0,-3.0882%,-0.0008,0.9147,0.8828,0.2978,1.8266%,2.0864%,23.3568%,-0.026128,LEN,52708.0,2019-03-06,252.0,-0.4986%,-0.0008,0.9044,0.8569,0.2826,1.8280%,2.0844%,23.0862%,0.0136119999999999,LEN,-0.004193,0.0102079999999999,-0.000557,-0.010909,-0.046529
8347,GRAND CANYON EDUCATION INC,"Grand Canyon Education Sees Q1 Sales $195.5M vs $195.6M Estimate, EPS $1.49 vs $1.40 Est.; Q2 Sales $174.4M, EPS $0.94; Q3 Sales $190.2M, EPS $1.11; Q4 Sales $215.4M, EPS $1.56; FY19 EPS $5.10, Sales $775.5M",6,uncertain,0.6,0.3,"while grand canyon education's q1 results slightly missed estimates, the overall performance across the quarters shows a mix of results that could lead to varied investor reactions.",1,2019-02-20,LOPE,2019-02-20 22:00:00+00:00,92852.0,38526M10,0.0024763257242739,346571.0,0.2139768749475479,0.006542706862092,-0.0049172886647284,0.0161460395902395,-0.0109057370573282,-0.0012647040421143,-0.0217072684317827,0.0153023041784763,0.0061635728925466,-0.0070131085813045,0.0123392287641763,0.0189475957304239,0.0272303037345409,-0.000865445996169,-0.0002524512237869,-0.0021588616073131,-0.0057239080779254,-0.0039780964143574,-0.0120217213407158,-0.0015029456699267,-0.0100256912410259,0.0016129196155816,-0.0112524488940835,0.0006455514812842,0.011818247847259,0.0069339042529463,-0.0045855576172471,-0.0030243981163948,-0.0025206510908901,-0.0078233387321233,-0.0063611306250095,-0.0061774612404406,0.0044725257903337,0.00891899690032,0.0053256559185683,0.0063804080709815,-0.0052105817012488,-0.0158577896654605,-0.0156263709068298,0.0049197762273252,0.0218162387609481,0.0293955542147159,-0.0114563414826989,-0.0097034387290477,-0.016856875270605,-0.007036933209747,0.0144668249413371,0.0031494451686739,-0.0077464547939598,-0.0168695468455553,0.0005322707584127,-0.0131703717634081,0.0153396287932992,0.0096808904781937,0.0052397036924958,0.0001064170282916,0.0205021332949399,-0.0012751327594742,0.009364079684019,-0.0119684971868991,-0.0021084591280668,0.0167591776698827,-0.0002535393869038,0.0023539613466709,0.0025361012667417,-0.027876017615199,-0.0071675395593047,0.0123196607455611,0.0030575897544622,0.0010540578514337,-0.0005927154561504,0.0022184562403708,-0.0025416880380362,0.0337447188794612,0.0062855505384504,-0.0359023325145244,0.0102135483175516,-0.0354422442615032,0.0079378085210919,-0.0234057381749153,-0.0154190557077527,-0.0204022005200386,-0.0158288907259702,-0.0234345458447933,0.0223286896944046,-0.009677710942924,-0.0069456221535801,-0.0172668769955635,0.0138198314234614,-0.0252902302891016,0.0175380315631628,0.0098155215382575,-0.0067799529060721,-0.0122980494052171,-0.0468788333237171,-0.0239200536161661,0.0318405590951442,-0.0405212268233299,-0.0103696724399924,-0.0189690981060266,-0.0018589961109682,-0.0145481219515204,0.0154080567881465,0.0055573740974068,-0.0017508678138256,0.0061672558076679,-0.0398396737873554,0.0113097764551639,0.0177453104406595,0.0012489719083532,0.0063247680664062,-0.0161382909864187,-0.0185153763741254,0.012356923893094,-0.0109899332746863,-0.015673454850912,0.0048997947014868,-0.00616584578529,0.0031345286406576,0.0008119395351968,0.2139768749475479,0.006542706862092,0.2080074002211258,0.0227943852563541,0.1948331891510075,0.0215008530630687,0.1761012039311393,0.0298586493149946,0.2011114989162028,0.0404723186252733,0.2203581317508418,0.0175327886080762,0.1857759869366662,-0.2130562265591136,2019-02-21,2019-02-22,2019-02-25,2019-02-26,2019-02-27,2019-02-28,2019-03-01,2019-03-04,2019-03-05,2019-03-06,92852.0,2019-02-20,252.0,0.2476%,0.0,0.5786,0.3325,-0.0397,1.2781%,1.4373%,20.9238%,0.000756,LOPE,92852.0,2019-02-21,252.0,21.3977%,0.0009,0.5228,0.2665,-0.1436,1.8632%,1.9646%,10.0579%,0.216159,LOPE,92852.0,2019-02-22,252.0,-0.4917%,0.0009,0.5249,0.2584,-0.1262,1.8647%,1.9648%,9.9305%,-0.011993,LOPE,92852.0,2019-02-25,252.0,-1.0906%,0.0005,0.5347,0.2741,-0.0817,1.7903%,1.8936%,10.6088%,-0.011349,LOPE,92852.0,2019-02-26,252.0,-2.1707%,0.0004,0.5311,0.3054,-0.0685,1.7928%,1.8946%,10.4598%,-0.019467,LOPE,92852.0,2019-02-27,252.0,0.6164%,0.0005,0.5359,0.2981,-0.0677,1.7918%,1.8945%,10.5554%,0.004923,LOPE,92852.0,2019-02-28,252.0,1.2339%,0.0006,0.5263,0.2919,-0.0778,1.7918%,1.8916%,10.2728%,0.013672,LOPE,92852.0,2019-03-01,252.0,2.7230%,0.0007,0.5281,0.2947,-0.085,1.7967%,1.8975%,10.3394%,0.022193,LOPE,92852.0,2019-03-04,252.0,-0.0252%,0.0007,0.5229,0.3089,-0.083,1.7957%,1.8956%,10.2602%,0.003914,LOPE,92852.0,2019-03-05,252.0,-0.5724%,0.0007,0.5244,0.3169,-0.0801,1.7959%,1.8958%,10.2649%,-0.004166,LOPE,92852.0,2019-03-06,252.0,-1.2022%,0.0007,0.5248,0.3271,-0.0783,1.7960%,1.8971%,10.3744%,-0.003682,LOPE,0.216915,0.204922,0.193573,0.179029,0.2109599999999999
8355,GRAND CANYON EDUCATION INC,"Grand Canyon Education Q4 EPS $1.56 Beats $1.42 Estimate, Sales $177.548M Beat $175.05M Estimate",6,increase,0.8,0.6,"the company reported better-than-expected earnings and sales, which typically boosts investor confidence and can lead to an increase in stock price.",2,2019-02-20,LOPE,2019-02-20 21:58:00+00:00,92852.0,38526M10,0.0024763257242739,346571.0,0.2139768749475479,0.006542706862092,-0.0049172886647284,0.0161460395902395,-0.0109057370573282,-0.0012647040421143,-0.0217072684317827,0.0153023041784763,0.0061635728925466,-0.0070131085813045,0.0123392287641763,0.0189475957304239,0.0272303037345409,-0.000865445996169,-0.0002524512237869,-0.0021588616073131,-0.0057239080779254,-0.0039780964143574,-0.0120217213407158,-0.0015029456699267,-0.0100256912410259,0.0016129196155816,-0.0112524488940835,0.0006455514812842,0.011818247847259,0.0069339042529463,-0.0045855576172471,-0.0030243981163948,-0.0025206510908901,-0.0078233387321233,-0.0063611306250095,-0.0061774612404406,0.0044725257903337,0.00891899690032,0.0053256559185683,0.0063804080709815,-0.0052105817012488,-0.0158577896654605,-0.0156263709068298,0.0049197762273252,0.0218162387609481,0.0293955542147159,-0.0114563414826989,-0.0097034387290477,-0.016856875270605,-0.007036933209747,0.0144668249413371,0.0031494451686739,-0.0077464547939598,-0.0168695468455553,0.0005322707584127,-0.0131703717634081,0.0153396287932992,0.0096808904781937,0.0052397036924958,0.0001064170282916,0.0205021332949399,-0.0012751327594742,0.009364079684019,-0.0119684971868991,-0.0021084591280668,0.0167591776698827,-0.0002535393869038,0.0023539613466709,0.0025361012667417,-0.027876017615199,-0.0071675395593047,0.0123196607455611,0.0030575897544622,0.0010540578514337,-0.0005927154561504,0.0022184562403708,-0.0025416880380362,0.0337447188794612,0.0062855505384504,-0.0359023325145244,0.0102135483175516,-0.0354422442615032,0.0079378085210919,-0.0234057381749153,-0.0154190557077527,-0.0204022005200386,-0.0158288907259702,-0.0234345458447933,0.0223286896944046,-0.009677710942924,-0.0069456221535801,-0.0172668769955635,0.0138198314234614,-0.0252902302891016,0.0175380315631628,0.0098155215382575,-0.0067799529060721,-0.0122980494052171,-0.0468788333237171,-0.0239200536161661,0.0318405590951442,-0.0405212268233299,-0.0103696724399924,-0.0189690981060266,-0.0018589961109682,-0.0145481219515204,0.0154080567881465,0.0055573740974068,-0.0017508678138256,0.0061672558076679,-0.0398396737873554,0.0113097764551639,0.0177453104406595,0.0012489719083532,0.0063247680664062,-0.0161382909864187,-0.0185153763741254,0.012356923893094,-0.0109899332746863,-0.015673454850912,0.0048997947014868,-0.00616584578529,0.0031345286406576,0.0008119395351968,0.2139768749475479,0.006542706862092,0.2080074002211258,0.0227943852563541,0.1948331891510075,0.0215008530630687,0.1761012039311393,0.0298586493149946,0.2011114989162028,0.0404723186252733,0.2203581317508418,0.0175327886080762,0.1857759869366662,-0.2130562265591136,2019-02-21,2019-02-22,2019-02-25,2019-02-26,2019-02-27,2019-02-28,2019-03-01,2019-03-04,2019-03-05,2019-03-06,92852.0,2019-02-20,252.0,0.2476%,0.0,0.5786,0.3325,-0.0397,1.2781%,1.4373%,20.9238%,0.000756,LOPE,92852.0,2019-02-21,252.0,21.3977%,0.0009,0.5228,0.2665,-0.1436,1.8632%,1.9646%,10.0579%,0.216159,LOPE,92852.0,2019-02-22,252.0,-0.4917%,0.0009,0.5249,0.2584,-0.1262,1.8647%,1.9648%,9.9305%,-0.011993,LOPE,92852.0,2019-02-25,252.0,-1.0906%,0.0005,0.5347,0.2741,-0.0817,1.7903%,1.8936%,10.6088%,-0.011349,LOPE,92852.0,2019-02-26,252.0,-2.1707%,0.0004,0.5311,0.3054,-0.0685,1.7928%,1.8946%,10.4598%,-0.019467,LOPE,92852.0,2019-02-27,252.0,0.6164%,0.0005,0.5359,0.2981,-0.0677,1.7918%,1.8945%,10.5554%,0.004923,LOPE,92852.0,2019-02-28,252.0,1.2339%,0.0006,0.5263,0.2919,-0.0778,1.7918%,1.8916%,10.2728%,0.013672,LOPE,92852.0,2019-03-01,252.0,2.7230%,0.0007,0.5281,0.2947,-0.085,1.7967%,1.8975%,10.3394%,0.022193,LOPE,92852.0,2019-03-04,252.0,-0.0252%,0.0007,0.5229,0.3089,-0.083,1.7957%,1.8956%,10.2602%,0.003914,LOPE,92852.0,2019-03-05,252.0,-0.5724%,0.0007,0.5244,0.3169,-0.0801,1.7959%,1.8958%,10.2649%,-0.004166,LOPE,92852.0,2019-03-06,252.0,-1.2022%,0.0007,0.5248,0.3271,-0.0783,1.7960%,1.8971%,10.3744%,-0.003682,LOPE,0.216915,0.204922,0.193573,0.179029,0.2109599999999999
8363,LATTICE SEMICONDUCTOR CORP,Lattice Semiconductor Option Alert: Mar 15 $12.5 Calls Sweep (15) near the Ask: 757 @ $0.35 vs 914 OI; Ref=$11.605,6,increase,0.7,0.6,"the significant call option activity suggests bullish sentiment among investors, indicating a potential increase in lattice semiconductor corp's stock price.",2,2019-02-20,LSCC,2019-02-20 15:04:00+00:00,75854.0,51841510,0.0463045835494995,3318383.0,0.0076595875434577,0.0135378716513514,0.0422297306358814,-0.0365217439830303,0.0,0.0849056243896484,-0.0194489285349845,0.2958435118198395,0.0,0.0289308801293373,-0.0247934032231569,0.0,0.0550847128033638,0.0063290777616202,0.016064241528511,-0.0075376811437308,0.0031620524823665,0.0127226337790489,-0.006304170936346,0.0064020729623734,-0.0007929639541544,0.0077419281005859,-0.00396826909855,-0.0064102807082235,0.0358565561473369,0.0,-0.0223076902329921,0.0344827882945537,0.022816676646471,-0.0039630397222936,-0.0161538496613502,-0.0269922912120819,0.0093823205679655,0.0345744974911212,-0.0271107219159603,0.0315500721335411,0.0230891685932874,0.0110956896096468,-0.0155642610043287,-0.0309139806777238,0.0031620524823665,0.0205761454999446,-0.0362490192055702,0.0096953148022294,0.0,-0.0041379597969353,-0.0016352825332432,-0.0215924233198165,-0.0237510204315185,0.0013513178564608,-0.015100697055459,0.019283726811409,0.0161840319633483,-0.0054794466122984,0.0150879584252834,0.0413694642484188,-0.0090833744034171,0.0071839354932308,0.0516666583716869,0.0160584133118391,0.0047543914988636,0.0058737094514071,0.0141955325379967,-0.0215517375618219,-0.006220833864063,0.0057803411036729,0.0,0.016152735799551,0.0336463451385498,0.0,-0.0204390957951545,-0.0043859956786036,0.0200927536934614,0.0588235482573509,-0.0272727012634277,-0.0046224552206695,0.0163551438599824,-0.0030722669325768,-0.0337165147066116,-0.0166162624955177,0.0039651221595704,-0.0515759512782096,0.0236966982483863,0.0115941921249032,0.0138889122754335,-0.0114613072946667,0.0182648226618766,0.0527903325855732,-0.0455904081463813,-0.0089686010032892,0.0007830285467207,0.0229357946664094,-0.007042265497148,0.0030674817971885,0.020488591864705,-0.0254110731184482,0.0416988395154476,-0.0429184138774871,0.0296516362577676,0.0737326443195343,0.0647947862744331,0.0061824480071663,-0.0006761479889973,0.1040955036878586,-0.0317996852099895,0.0086058853194117,-0.0279525201767683,-0.0085324551910161,-0.017972681671381,0.0298769902437925,0.0,0.0,-0.0468520782887935,0.0252251997590065,0.0238094814121723,-0.0142095778137445,0.0352588333189487,0.0071556279435753,-0.0152173936367034,0.0126811908558011,0.0076595875434577,0.0135378716513514,0.0502127804980814,-0.0234782990142046,0.0502127804980814,0.0594338857380358,0.0297872671836467,0.4125785903776842,0.073191460698071,0.4379000774400141,0.0740425417061088,0.6394160068401933,0.1565957507087543,1.0344202082717322,2019-02-21,2019-02-22,2019-02-25,2019-02-26,2019-02-27,2019-02-28,2019-03-01,2019-03-04,2019-03-05,2019-03-06,75854.0,2019-02-20,252.0,4.6305%,0.0031,1.0554,0.1245,-0.3548,2.9272%,3.1748%,14.9880%,0.0461679999999999,LSCC,75854.0,2019-02-21,252.0,0.7660%,0.0031,1.0586,0.1328,-0.3489,2.9263%,3.1746%,15.0286%,0.010736,LSCC,75854.0,2019-02-22,252.0,4.2230%,0.0031,1.0561,0.1054,-0.4043,2.9268%,3.1815%,15.3715%,0.02939,LSCC,75854.0,2019-02-25,252.0,0.0000%,0.003,1.0574,0.1092,-0.3975,2.9261%,3.1806%,15.3614%,-0.0021379999999999,LSCC,75854.0,2019-02-26,252.0,-1.9449%,0.0029,1.0559,0.1406,-0.3827,2.9286%,3.1797%,15.1708%,-0.01847,LSCC,75854.0,2019-02-27,252.0,0.0000%,0.0029,1.0554,0.14,-0.3828,2.9287%,3.1788%,15.1190%,-0.001777,LSCC,75854.0,2019-02-28,252.0,-2.4793%,0.0027,1.0646,0.1454,-0.3702,2.9327%,3.1835%,15.1353%,-0.022607,LSCC,75854.0,2019-03-01,252.0,5.5085%,0.0029,1.0768,0.1636,-0.3711,2.9448%,3.2000%,15.3138%,0.045427,LSCC,75854.0,2019-03-04,252.0,1.6064%,0.0031,1.0648,0.1848,-0.3637,2.9449%,3.1947%,15.0283%,0.023675,LSCC,75854.0,2019-03-05,252.0,0.3162%,0.003,1.0612,0.158,-0.3668,2.9434%,3.1906%,14.8946%,0.004582,LSCC,75854.0,2019-03-06,252.0,-0.6304%,0.003,1.063,0.1525,-0.3656,2.9433%,3.1910%,14.9252%,0.004658,LSCC,0.0569039999999999,0.086294,0.084156,0.063909,0.119644
8371,LA Z BOY INC,La-Z-Boy shares are trading higher after the company beat Q3 EPS and sales estimates.,6,increase,0.85,0.7,"beating q3 eps and sales estimates typically signals strong company performance, which is likely to boost investor confidence and increase the stock price.",2,2019-02-20,LZB,2019-02-20 16:28:00+00:00,48347.0,50533610,0.1176287084817886,1302144.0,-0.006109342444688,0.0257880091667175,0.0030735011678189,0.0284871943295002,0.0025069678667932,0.0032851635478436,-0.0208391211926937,0.0109598115086555,-0.0116345016285777,0.0262440517544746,-0.0120586268603801,0.0065180286765098,0.0052310465835034,-0.0091774454340338,-0.0159005280584096,-0.0144053697586059,-0.0014688377268612,-0.0086350124329328,-0.0123566333204507,0.0073603619821369,-0.007149176672101,0.0020113799255341,0.0060005905106663,0.0070897731930017,0.0170658584684133,0.011266641318798,0.0014718644088134,0.0093039441853761,0.00411520851776,0.0013802938628941,-0.0096603631973266,-0.0006896709674037,-0.0041384333744645,0.0003449544310569,0.0002968874177895,-0.0037800895515829,-0.0222551915794611,-0.0195417758077383,-0.0094082355499267,-0.0149352429434657,0.0015318393707275,0.0050033228471875,-0.0330375656485557,0.0046916683204472,0.0205630399286747,-0.0043376432731747,0.0111593501642346,-0.0076159420423209,0.0091967890039086,-0.0013227185700088,0.0091130947694182,0.0073284246027469,-0.0069235260598361,-0.0056310058571398,0.013034145347774,0.0093614403158426,-0.0146618159487843,0.0243150368332862,-0.0009109863312914,0.0454708375036716,0.0072947675362229,0.0332963205873966,0.0066385404206812,-0.0167333241552114,-0.0020983121357858,-0.0079393479973077,-0.0033043138682842,0.0109448824077844,0.0446051694452762,-0.0010933195007964,0.0025966577231884,0.0189379956573247,-0.0117985568940639,0.0623274110257625,0.0014560057315975,-0.0170608963817358,0.0168654210865497,-0.0111195938661694,-0.0071489848196506,-0.0098709277808666,-0.0230415612459182,-0.0244444385170936,-0.0268278270959854,0.0348792597651481,0.0084823574870824,0.0139914732426405,-0.0153199797496199,-0.019809540361166,-0.0222696643322706,-0.0241635553538799,0.0124805467203259,0.0220364723354578,0.0138675114139914,-0.0149700455367565,-0.0030395830981433,-0.0125646768137812,0.0109756281599402,-0.0180570986121892,0.0292521473020315,0.0003612799337133,0.0175797957926988,-0.0683271214365959,0.0008637713617645,0.0164214689284563,-0.0201380029320716,-0.0194565560668706,-0.0061656748875975,0.0222907960414886,0.0020679379813373,0.0358792282640934,0.0159198399633169,-0.0070547005161643,-0.0354032926261425,0.0031847187783569,0.0102286441251635,0.0078459093347191,-0.0014890723396092,0.0097227385267615,0.0032806624658405,-0.0340869389474391,-0.006109342444688,0.0257880091667175,-0.0030546183480075,0.0550098315247209,-0.000555308311258,0.0584757113658627,-0.0327685801064747,0.0981595462200153,-0.0677589226129752,0.0779525570902999,-0.082808747700899,0.1535983168965022,-0.0621789774330717,0.1260796806812418,2019-02-21,2019-02-22,2019-02-25,2019-02-26,2019-02-27,2019-02-28,2019-03-01,2019-03-04,2019-03-05,2019-03-06,48347.0,2019-02-20,252.0,11.7629%,0.001,1.0264,1.6052,0.7133,1.8898%,2.2682%,30.5850%,0.109038,LZB,48347.0,2019-02-21,252.0,-0.6109%,0.001,1.0287,1.6097,0.7175,1.8894%,2.2681%,30.6060%,0.000352,LZB,48347.0,2019-02-22,252.0,0.3074%,0.0006,1.0337,1.4898,0.6678,1.8054%,2.1828%,31.5934%,-0.002019,LZB,48347.0,2019-02-25,252.0,0.2507%,0.0007,1.0314,1.485,0.6568,1.8015%,2.1787%,31.6255%,0.005932,LZB,48347.0,2019-02-26,252.0,-2.0839%,0.0006,1.0178,1.5097,0.6592,1.7950%,2.1720%,31.6983%,-0.007618,LZB,48347.0,2019-02-27,252.0,-1.1635%,0.0006,1.0275,1.488,0.6608,1.7920%,2.1700%,31.8065%,-0.014728,LZB,48347.0,2019-02-28,252.0,-1.2059%,0.0006,1.0269,1.4873,0.6623,1.7925%,2.1679%,31.6348%,-0.007619,LZB,48347.0,2019-03-01,252.0,0.5231%,0.0005,1.0317,1.4944,0.6717,1.7917%,2.1671%,31.6422%,-0.003917,LZB,48347.0,2019-03-04,252.0,-1.5901%,0.0005,1.0296,1.5083,0.6707,1.7920%,2.1695%,31.7776%,-0.007268,LZB,48347.0,2019-03-05,252.0,-0.1469%,0.0007,1.034,1.5465,0.6716,1.7859%,2.1695%,32.2385%,0.006477,LZB,48347.0,2019-03-06,252.0,-1.2357%,0.0007,1.0253,1.5184,0.6579,1.7880%,2.1699%,32.1014%,0.015457,LZB,0.10939,0.107371,0.113303,0.090957,0.094087
8379,LA Z BOY INC,"La-Z-Boy Late Tuesday Reported Q3 EPS $0.63 Beats $0.55 Estimate, Sales $467.582M Beat $457.61M Estimate",6,increase,0.8,0.7,"the company reported better-than-expected earnings and sales, which typically leads to positive investor sentiment and an increase in stock price.",2,2019-02-20,LZB,2019-02-20 13:20:00+00:00,48347.0,50533610,0.1176287084817886,1302144.0,-0.006109342444688,0.0257880091667175,0.0030735011678189,0.0284871943295002,0.0025069678667932,0.0032851635478436,-0.0208391211926937,0.0109598115086555,-0.0116345016285777,0.0262440517544746,-0.0120586268603801,0.0065180286765098,0.0052310465835034,-0.0091774454340338,-0.0159005280584096,-0.0144053697586059,-0.0014688377268612,-0.0086350124329328,-0.0123566333204507,0.0073603619821369,-0.007149176672101,0.0020113799255341,0.0060005905106663,0.0070897731930017,0.0170658584684133,0.011266641318798,0.0014718644088134,0.0093039441853761,0.00411520851776,0.0013802938628941,-0.0096603631973266,-0.0006896709674037,-0.0041384333744645,0.0003449544310569,0.0002968874177895,-0.0037800895515829,-0.0222551915794611,-0.0195417758077383,-0.0094082355499267,-0.0149352429434657,0.0015318393707275,0.0050033228471875,-0.0330375656485557,0.0046916683204472,0.0205630399286747,-0.0043376432731747,0.0111593501642346,-0.0076159420423209,0.0091967890039086,-0.0013227185700088,0.0091130947694182,0.0073284246027469,-0.0069235260598361,-0.0056310058571398,0.013034145347774,0.0093614403158426,-0.0146618159487843,0.0243150368332862,-0.0009109863312914,0.0454708375036716,0.0072947675362229,0.0332963205873966,0.0066385404206812,-0.0167333241552114,-0.0020983121357858,-0.0079393479973077,-0.0033043138682842,0.0109448824077844,0.0446051694452762,-0.0010933195007964,0.0025966577231884,0.0189379956573247,-0.0117985568940639,0.0623274110257625,0.0014560057315975,-0.0170608963817358,0.0168654210865497,-0.0111195938661694,-0.0071489848196506,-0.0098709277808666,-0.0230415612459182,-0.0244444385170936,-0.0268278270959854,0.0348792597651481,0.0084823574870824,0.0139914732426405,-0.0153199797496199,-0.019809540361166,-0.0222696643322706,-0.0241635553538799,0.0124805467203259,0.0220364723354578,0.0138675114139914,-0.0149700455367565,-0.0030395830981433,-0.0125646768137812,0.0109756281599402,-0.0180570986121892,0.0292521473020315,0.0003612799337133,0.0175797957926988,-0.0683271214365959,0.0008637713617645,0.0164214689284563,-0.0201380029320716,-0.0194565560668706,-0.0061656748875975,0.0222907960414886,0.0020679379813373,0.0358792282640934,0.0159198399633169,-0.0070547005161643,-0.0354032926261425,0.0031847187783569,0.0102286441251635,0.0078459093347191,-0.0014890723396092,0.0097227385267615,0.0032806624658405,-0.0340869389474391,-0.006109342444688,0.0257880091667175,-0.0030546183480075,0.0550098315247209,-0.000555308311258,0.0584757113658627,-0.0327685801064747,0.0981595462200153,-0.0677589226129752,0.0779525570902999,-0.082808747700899,0.1535983168965022,-0.0621789774330717,0.1260796806812418,2019-02-21,2019-02-22,2019-02-25,2019-02-26,2019-02-27,2019-02-28,2019-03-01,2019-03-04,2019-03-05,2019-03-06,48347.0,2019-02-20,252.0,11.7629%,0.001,1.0264,1.6052,0.7133,1.8898%,2.2682%,30.5850%,0.109038,LZB,48347.0,2019-02-21,252.0,-0.6109%,0.001,1.0287,1.6097,0.7175,1.8894%,2.2681%,30.6060%,0.000352,LZB,48347.0,2019-02-22,252.0,0.3074%,0.0006,1.0337,1.4898,0.6678,1.8054%,2.1828%,31.5934%,-0.002019,LZB,48347.0,2019-02-25,252.0,0.2507%,0.0007,1.0314,1.485,0.6568,1.8015%,2.1787%,31.6255%,0.005932,LZB,48347.0,2019-02-26,252.0,-2.0839%,0.0006,1.0178,1.5097,0.6592,1.7950%,2.1720%,31.6983%,-0.007618,LZB,48347.0,2019-02-27,252.0,-1.1635%,0.0006,1.0275,1.488,0.6608,1.7920%,2.1700%,31.8065%,-0.014728,LZB,48347.0,2019-02-28,252.0,-1.2059%,0.0006,1.0269,1.4873,0.6623,1.7925%,2.1679%,31.6348%,-0.007619,LZB,48347.0,2019-03-01,252.0,0.5231%,0.0005,1.0317,1.4944,0.6717,1.7917%,2.1671%,31.6422%,-0.003917,LZB,48347.0,2019-03-04,252.0,-1.5901%,0.0005,1.0296,1.5083,0.6707,1.7920%,2.1695%,31.7776%,-0.007268,LZB,48347.0,2019-03-05,252.0,-0.1469%,0.0007,1.034,1.5465,0.6716,1.7859%,2.1695%,32.2385%,0.006477,LZB,48347.0,2019-03-06,252.0,-1.2357%,0.0007,1.0253,1.5184,0.6579,1.7880%,2.1699%,32.1014%,0.015457,LZB,0.10939,0.107371,0.113303,0.090957,0.094087
8387,MARRIOTT INTERNATIONAL INC NEW,"Manchester United Reports Global Marketing Partnership With Marriott, No Terms Disclosed",6,increase,0.7,0.6,"the partnership with manchester united is likely to enhance marriott's brand visibility and attract new customers, which could positively impact its stock price.",2,2019-02-20,MAR,2019-02-20 13:31:00+00:00,85913.0,57190320,0.0404818691313266,3329953.0,0.0031503625214099,0.0080957924947142,0.0115411290898919,0.0204855855554342,-0.0027941681910306,-0.0020191641524434,0.0007005883962847,0.035907294601202,-0.0127557516098022,-0.0078686000779271,-0.0098479762673377,0.001472100499086,-0.0065458584576845,-0.0003462022868916,-0.0040979874320328,-0.014922828413546,0.010327567346394,0.0030792315956205,-0.000798582274001,0.0108949597924947,-0.0231777615845203,0.0094265677034854,-0.0124366246163845,0.0003492614778224,-0.0037282267585396,0.0078317439183592,0.003659063950181,0.022678155452013,-0.0041428450495004,0.0053379531018435,-0.0047424882650375,0.0061902622692286,0.022571450099349,0.0148743595927953,0.0215827282518148,0.0013877466553822,0.0063220304436981,0.0077381520532071,-0.0165407694876194,-0.0164144970476627,0.0112395845353603,0.0053471173159778,-0.00447783106938,-0.0074121300131082,-0.0067469584755599,-0.0081684654578566,-0.0008087182650342,0.0189586896449327,-0.011249590665102,-0.0117894439026713,0.0156339835375547,-0.005724714603275,0.0081398654729127,0.0077839386649429,0.0188664216548204,-0.0051020882092416,0.0082385493442416,0.0162022039294242,0.0240466631948947,0.0018551580142229,0.0046356152743101,0.0596618801355361,0.0140695963054895,-0.0532291196286678,0.0063404901884496,-0.0101326312869787,-0.0167519804090261,0.0123088378459215,0.0007539095822721,0.0057207224890589,0.0037664782721549,0.0099450219422578,0.0105065209791064,0.0454500839114189,-0.0020794563461095,-0.0183709114789962,0.0106423161923885,-0.0125732328742742,0.0009572136914357,-0.0206786058843135,-0.0111821461468935,-0.0170916337519884,0.0107878651469945,0.0053872764110565,0.0030914042145013,0.0,-0.0058702896349132,-0.0109324287623167,0.0014762101927772,-0.011083866469562,0.005675149615854,0.0003635455504991,-0.0035177408717572,-0.0070390650071203,0.0033095311373472,-0.0039550783112645,0.0178859587758779,-0.0352930948138237,-0.0141869597136974,0.0160352401435375,0.023741690441966,-0.0504475757479667,-0.0170543696731329,0.0391202308237552,-0.018874816596508,-0.0558929555118084,-0.0028116139583289,-0.0028644413687288,0.0051940116100013,0.018504636362195,-0.027755182236433,0.0005838173092342,-0.0432769283652305,0.0225140657275915,0.0306324325501918,0.0007681485731154,0.0150920674204826,0.0139321619644761,0.0051581026054918,-0.0045493771322071,0.0031503625214099,0.0080957924947142,0.0147278503518415,0.0287472250999381,0.0118925300698355,0.0266700155810906,-0.0003150423442296,0.055166427033112,-0.0113451162074603,0.05516642648169,0.0397785298826978,0.1318987264616171,0.0470480374030801,0.0511841610202183,2019-02-21,2019-02-22,2019-02-25,2019-02-26,2019-02-27,2019-02-28,2019-03-01,2019-03-04,2019-03-05,2019-03-06,85913.0,2019-02-20,252.0,4.0482%,-0.0005,0.9765,0.2828,-0.2352,1.2071%,1.6484%,46.3784%,0.039574,MAR,85913.0,2019-02-21,252.0,0.3150%,-0.0006,0.9825,0.2966,-0.2243,1.2006%,1.6461%,46.8090%,0.00632,MAR,85913.0,2019-02-22,252.0,1.1541%,-0.0006,0.9831,0.2781,-0.2338,1.1974%,1.6463%,47.1013%,0.000127,MAR,85913.0,2019-02-25,252.0,-0.2794%,-0.0006,0.9822,0.2789,-0.2368,1.1966%,1.6458%,47.1426%,-0.004067,MAR,85913.0,2019-02-26,252.0,0.0701%,-0.0006,0.9831,0.2728,-0.2392,1.1967%,1.6442%,47.0329%,0.003176,MAR,85913.0,2019-02-27,252.0,-1.2756%,-0.0006,0.9895,0.2573,-0.2382,1.1961%,1.6458%,47.1813%,-0.0145459999999999,MAR,85913.0,2019-02-28,252.0,-0.9848%,-0.0005,0.9858,0.2546,-0.2392,1.1954%,1.6407%,46.9146%,-0.007527,MAR,85913.0,2019-03-01,252.0,-0.6546%,-0.0007,1.0035,0.2809,-0.2049,1.1792%,1.6350%,47.9793%,-0.015429,MAR,85913.0,2019-03-04,252.0,-0.4098%,-0.0007,0.9955,0.3045,-0.2021,1.1749%,1.6271%,47.8596%,0.002953,MAR,85913.0,2019-03-05,252.0,1.0328%,-0.0006,0.9924,0.2893,-0.209,1.1775%,1.6257%,47.5375%,0.0123889999999999,MAR,85913.0,2019-03-06,252.0,-0.0799%,-0.0004,1.0068,0.2485,-0.1983,1.1574%,1.6165%,48.7342%,0.0111759999999999,MAR,0.045894,0.046021,0.041954,0.030584,0.0341459999999999
8395,MONARCH CASINO & RESORT INC,"Monarch Casino & Resort, Inc. Q4 EPS $0.39 Misses $0.42 Estimate, Sales $59.78M Beat $57.11M Estimate",6,decrease,0.7,0.5,"the earnings per share (eps) miss the estimate, which is likely to negatively impact investor sentiment despite the sales beat.",0,2019-02-20,MCRI,2019-02-20 21:40:00+00:00,79507.0,60902710,0.0315233021974563,49579.0,-0.005576622672379,0.0161327719688415,0.0071780998259782,-0.0053488267585635,-0.0097996089607477,0.00490766717121,-0.0083220638334751,-0.0048836995847523,0.0043093361891806,-0.0011614224640652,-0.0097109377384185,0.0016286574536934,0.0104903746396303,0.0016313142841681,-0.0065448186360299,-0.0071726366877555,-0.0070422845892608,0.0025516261812299,-0.009608743712306,-0.0027758253272622,0.0036960002034902,-0.0016166211571544,-0.0002301987551618,0.0013875475851818,0.0126612121239304,0.0065177516080439,-0.0059104827232658,0.0084507185965776,-0.0084609864279627,0.0009397814865224,-0.0011531189084053,-0.0042115184478461,0.0006926524802111,0.0077812266536057,0.0066912993788719,0.0104836458340287,-0.0011459829984232,-0.0068622129037976,-0.0050482149235904,-0.0061148195527493,0.023754583671689,0.0028301633428782,-0.0344671942293644,-0.0023529052268713,0.0060662231408059,0.0121457083150744,0.0004638325190171,-0.0002380552759859,-0.0111265545710921,-0.0225739162415266,0.0302391219884157,0.0136825153604149,-0.0006826528697274,0.0121776098385453,0.0314207896590232,0.0052808742038905,-0.0022074717562645,0.0306779257953167,0.0055309734307229,0.0279755461961031,0.0019802013412117,0.0521809160709381,0.0043917600996792,-0.0313634760677814,0.0205509085208177,0.0115365087985992,-0.011139684356749,0.0157123878598213,0.0214471761137247,0.023439647629857,-0.0072110318578779,0.0146570457145571,0.0038453387096524,0.0399769730865955,-0.0142583949491381,-0.030125468969345,-0.0004317888233345,-0.033953171223402,0.0006480041774921,-0.0236779209226369,-0.0185624994337558,-0.0155400745570659,-0.0226523540914058,0.0041612442582845,0.0281278137117624,-0.0038859511259943,-0.0369883701205253,-0.0097486162558197,-0.0227272734045982,-0.0298656243830919,0.0151163144037127,0.0326394364237785,-0.0025200597010552,-0.0116840004920959,-0.0195223297923803,0.0081946142017841,-0.0014054242055863,-0.0276394579559564,-0.0016420289175584,0.0218829680234193,0.0150375794619321,-0.0348723456263542,-0.0006945044733583,0.0180000308901071,-0.0456334836781024,-0.0024937277194112,0.0317960567772388,-0.0059494716115295,-0.0091742975637316,0.0380854234099388,0.0071224891580641,-0.0041004572995007,-0.0256953407078981,0.0156169263646006,0.0157270189374685,0.0028712293133139,0.0440686605870723,0.0257028900086879,0.0358202047646045,-0.0235294513404369,-0.005576622672379,0.0161327719688415,0.001561447599365,0.0106976538078813,-0.0082534629372691,0.0156578215034932,-0.012268638263121,0.0095238068628389,-0.0343520161545066,0.005320369771989,0.0138299993714556,0.1052899149100761,0.0127146926722052,0.1362091241275198,2019-02-21,2019-02-22,2019-02-25,2019-02-26,2019-02-27,2019-02-28,2019-03-01,2019-03-04,2019-03-05,2019-03-06,79507.0,2019-02-20,252.0,3.1523%,-0.0001,0.9555,0.7296,-0.0296,1.1374%,1.5889%,48.7602%,0.02836,MCRI,79507.0,2019-02-21,252.0,-0.5577%,-0.0002,0.9569,0.7322,-0.027,1.1373%,1.5889%,48.7701%,-0.001699,MCRI,79507.0,2019-02-22,252.0,0.7178%,-0.0,0.9552,0.7899,0.0048,1.1041%,1.5676%,50.3876%,-0.0035659999999999,MCRI,79507.0,2019-02-25,252.0,-0.9800%,-0.0,0.9544,0.7937,0.004,1.1048%,1.5683%,50.3729%,-0.00927,MCRI,79507.0,2019-02-26,252.0,-0.8322%,0.0,0.959,0.7917,0.0064,1.1040%,1.5690%,50.4917%,-0.001802,MCRI,79507.0,2019-02-27,252.0,0.4309%,0.0001,0.9626,0.7859,0.007,1.1029%,1.5692%,50.6011%,0.00185,MCRI,79507.0,2019-02-28,252.0,-0.9711%,-0.0,0.9723,0.7923,0.0157,1.0995%,1.5704%,50.9851%,-0.006967,MCRI,79507.0,2019-03-01,252.0,1.0490%,-0.0001,0.9806,0.8047,0.028,1.0963%,1.5717%,51.3494%,0.001165,MCRI,79507.0,2019-03-04,252.0,-0.6545%,-0.0001,0.9847,0.7896,0.0273,1.0948%,1.5720%,51.4978%,0.001574,MCRI,79507.0,2019-03-05,252.0,-0.7042%,-0.0001,0.9887,0.8192,0.0312,1.0903%,1.5726%,51.9342%,-0.0029449999999999,MCRI,79507.0,2019-03-06,252.0,-0.9609%,0.0,0.989,0.7973,0.0285,1.0907%,1.5739%,51.9728%,0.008916,MCRI,0.026661,0.023095,0.013825,0.013873,0.015616
8403,MARCUS CORP,National CineMedia And Marcus Theatres Forge Affiliate Partnership For Movie Tavern By Marcus Theatres,6,increase,0.7,0.6,"the partnership with national cinemedia could enhance the visibility and profitability of movie tavern by marcus theatres, potentially leading to a positive impact on marcus corp's stock price.",2,2019-02-20,MCS,2019-02-20 19:54:00+00:00,51423.0,56633010,0.0287951342761516,352539.0,0.0164498407393693,-0.0134562896564602,0.0236714854836463,-0.0125491712242364,-0.0184049680829048,0.0190571285784244,0.0072116120718419,-0.0017521826084703,-0.0021479749120771,0.0233094226568937,0.0138722313567996,-0.0148877147585153,0.01745699159801,0.0164144486188888,-0.0123342471197247,-0.0002563672314863,-0.003770024748519,-0.0427099056541919,-0.0089876363053917,0.0004911703872494,-0.0102625368162989,-0.0094867283478379,0.0007233850774355,-0.0776306763291359,0.0228915847837925,-0.001791754271835,-0.0282685682177543,-0.0029030204750597,-0.0050908867269754,0.0423649847507476,-0.0019493623403832,-0.0053252964280545,-0.0100097618997097,0.0041850805282592,-0.0004932295414619,0.0,-0.0204786099493503,0.0065527446568012,-0.0125944586470723,-0.0115660419687628,0.0170917902141809,0.0032489995937794,-0.026084704324603,0.0016271430067718,0.0226628184318542,0.0056101377122104,0.0027700986247509,0.0077738049440085,-0.001255631330423,-0.0039886948652565,0.0118179833516478,0.004004668444395,-0.0047217304818332,-0.0081775346770882,0.0024969361256808,-0.0060381358489394,-0.0194272119551897,0.0333574116230011,0.0030480758287012,0.0225766412913799,0.0088629638776183,0.0337392650544643,0.0027610594406723,-0.004042537882924,0.0077596385963261,0.0020253628026694,-0.0079483287408947,0.0091977678239345,0.0175263099372386,0.0163594149053096,0.0140255829319357,-0.0079856095835566,-0.0016986094415187,0.0368590056896209,-0.0024306871928274,-0.006896608043462,-0.0060916179791092,-0.0286008901894092,-0.0071096080355346,-0.0273182988166809,-0.0192592293024063,-0.0343658812344074,-0.0176233816891908,0.0016969622811302,-0.0048692626878619,-0.0300963744521141,-0.0015452322550117,0.0068654613569378,-0.0451379939913749,-0.0091484719887375,0.0297136269509792,0.0205889530479908,-0.0207239538431167,0.0062636025249958,0.0077684726566076,0.0050847236998379,-0.0066454014740884,0.0087933717295527,0.0206047762185335,-0.0021935207769274,0.0036706710234284,-0.0354960523545742,0.0161965191364288,0.0018841694109141,-0.0071980096399784,-0.0143918925896287,-0.0390988700091838,-0.0004639592661987,0.0018862757133319,0.018912510946393,-0.0059171924367547,0.0023696320131421,-0.0211038626730442,0.0064393146894872,0.0080155031755566,0.0002377137279836,0.0068549490533769,0.0223571844398975,-0.0239651706069707,-0.0110550122335553,0.0164498407393693,-0.0134562896564602,0.0405107183892861,-0.0258365955977549,0.0213601518274109,-0.0072718383436657,0.0265161278074212,0.0140880955740727,0.0325562945878221,-0.027750514861123,-0.0268341689793801,-0.0284662541771115,-0.1167824250943186,-0.0451423100717131,2019-02-21,2019-02-22,2019-02-25,2019-02-26,2019-02-27,2019-02-28,2019-03-01,2019-03-04,2019-03-05,2019-03-06,51423.0,2019-02-20,252.0,2.8795%,0.002,0.7364,0.9363,0.4473,1.5532%,1.7674%,22.7675%,0.022947,MCS,51423.0,2019-02-21,252.0,1.6450%,0.0021,0.7346,0.9367,0.4438,1.5571%,1.7696%,22.5778%,0.020759,MCS,51423.0,2019-02-22,252.0,2.3671%,0.002,0.7336,0.8966,0.396,1.5475%,1.7588%,22.5861%,0.020168,MCS,51423.0,2019-02-25,252.0,-1.8405%,0.0019,0.7343,0.9064,0.4035,1.5516%,1.7634%,22.5826%,-0.016561,MCS,51423.0,2019-02-26,252.0,0.7212%,0.0019,0.7164,0.9049,0.3894,1.5457%,1.7519%,22.1495%,0.015419,MCS,51423.0,2019-02-27,252.0,-0.2148%,0.0017,0.7045,0.9242,0.3874,1.5372%,1.7422%,22.1509%,-0.0041449999999999,MCS,51423.0,2019-02-28,252.0,1.3872%,0.0019,0.6869,0.9126,0.371,1.5304%,1.7276%,21.5251%,0.0167399999999999,MCS,51423.0,2019-03-01,252.0,1.7457%,0.0019,0.6954,0.9252,0.3799,1.5300%,1.7303%,21.8061%,0.0112589999999999,MCS,51423.0,2019-03-04,252.0,-1.2334%,0.0018,0.702,0.9107,0.3764,1.5290%,1.7307%,21.9510%,-0.006589,MCS,51423.0,2019-03-05,252.0,-0.3770%,0.0018,0.7015,0.9065,0.3763,1.5289%,1.7280%,21.7156%,0.00106,MCS,51423.0,2019-03-06,252.0,-0.8988%,0.0017,0.689,0.9021,0.3615,1.5249%,1.7230%,21.6794%,0.008086,MCS,0.043706,0.063874,0.047313,0.058587,0.089143
8411,MARCUS CORP,The Marcus Corporation Increases Quarterly Dividend From $0.15/Share To $0.16/Share,6,increase,0.8,0.6,"increasing the quarterly dividend typically signals financial health and can attract more investors, likely leading to a rise in stock price.",2,2019-02-20,MCS,2019-02-20 17:16:00+00:00,51423.0,56633010,0.0287951342761516,352539.0,0.0164498407393693,-0.0134562896564602,0.0236714854836463,-0.0125491712242364,-0.0184049680829048,0.0190571285784244,0.0072116120718419,-0.0017521826084703,-0.0021479749120771,0.0233094226568937,0.0138722313567996,-0.0148877147585153,0.01745699159801,0.0164144486188888,-0.0123342471197247,-0.0002563672314863,-0.003770024748519,-0.0427099056541919,-0.0089876363053917,0.0004911703872494,-0.0102625368162989,-0.0094867283478379,0.0007233850774355,-0.0776306763291359,0.0228915847837925,-0.001791754271835,-0.0282685682177543,-0.0029030204750597,-0.0050908867269754,0.0423649847507476,-0.0019493623403832,-0.0053252964280545,-0.0100097618997097,0.0041850805282592,-0.0004932295414619,0.0,-0.0204786099493503,0.0065527446568012,-0.0125944586470723,-0.0115660419687628,0.0170917902141809,0.0032489995937794,-0.026084704324603,0.0016271430067718,0.0226628184318542,0.0056101377122104,0.0027700986247509,0.0077738049440085,-0.001255631330423,-0.0039886948652565,0.0118179833516478,0.004004668444395,-0.0047217304818332,-0.0081775346770882,0.0024969361256808,-0.0060381358489394,-0.0194272119551897,0.0333574116230011,0.0030480758287012,0.0225766412913799,0.0088629638776183,0.0337392650544643,0.0027610594406723,-0.004042537882924,0.0077596385963261,0.0020253628026694,-0.0079483287408947,0.0091977678239345,0.0175263099372386,0.0163594149053096,0.0140255829319357,-0.0079856095835566,-0.0016986094415187,0.0368590056896209,-0.0024306871928274,-0.006896608043462,-0.0060916179791092,-0.0286008901894092,-0.0071096080355346,-0.0273182988166809,-0.0192592293024063,-0.0343658812344074,-0.0176233816891908,0.0016969622811302,-0.0048692626878619,-0.0300963744521141,-0.0015452322550117,0.0068654613569378,-0.0451379939913749,-0.0091484719887375,0.0297136269509792,0.0205889530479908,-0.0207239538431167,0.0062636025249958,0.0077684726566076,0.0050847236998379,-0.0066454014740884,0.0087933717295527,0.0206047762185335,-0.0021935207769274,0.0036706710234284,-0.0354960523545742,0.0161965191364288,0.0018841694109141,-0.0071980096399784,-0.0143918925896287,-0.0390988700091838,-0.0004639592661987,0.0018862757133319,0.018912510946393,-0.0059171924367547,0.0023696320131421,-0.0211038626730442,0.0064393146894872,0.0080155031755566,0.0002377137279836,0.0068549490533769,0.0223571844398975,-0.0239651706069707,-0.0110550122335553,0.0164498407393693,-0.0134562896564602,0.0405107183892861,-0.0258365955977549,0.0213601518274109,-0.0072718383436657,0.0265161278074212,0.0140880955740727,0.0325562945878221,-0.027750514861123,-0.0268341689793801,-0.0284662541771115,-0.1167824250943186,-0.0451423100717131,2019-02-21,2019-02-22,2019-02-25,2019-02-26,2019-02-27,2019-02-28,2019-03-01,2019-03-04,2019-03-05,2019-03-06,51423.0,2019-02-20,252.0,2.8795%,0.002,0.7364,0.9363,0.4473,1.5532%,1.7674%,22.7675%,0.022947,MCS,51423.0,2019-02-21,252.0,1.6450%,0.0021,0.7346,0.9367,0.4438,1.5571%,1.7696%,22.5778%,0.020759,MCS,51423.0,2019-02-22,252.0,2.3671%,0.002,0.7336,0.8966,0.396,1.5475%,1.7588%,22.5861%,0.020168,MCS,51423.0,2019-02-25,252.0,-1.8405%,0.0019,0.7343,0.9064,0.4035,1.5516%,1.7634%,22.5826%,-0.016561,MCS,51423.0,2019-02-26,252.0,0.7212%,0.0019,0.7164,0.9049,0.3894,1.5457%,1.7519%,22.1495%,0.015419,MCS,51423.0,2019-02-27,252.0,-0.2148%,0.0017,0.7045,0.9242,0.3874,1.5372%,1.7422%,22.1509%,-0.0041449999999999,MCS,51423.0,2019-02-28,252.0,1.3872%,0.0019,0.6869,0.9126,0.371,1.5304%,1.7276%,21.5251%,0.0167399999999999,MCS,51423.0,2019-03-01,252.0,1.7457%,0.0019,0.6954,0.9252,0.3799,1.5300%,1.7303%,21.8061%,0.0112589999999999,MCS,51423.0,2019-03-04,252.0,-1.2334%,0.0018,0.702,0.9107,0.3764,1.5290%,1.7307%,21.9510%,-0.006589,MCS,51423.0,2019-03-05,252.0,-0.3770%,0.0018,0.7015,0.9065,0.3763,1.5289%,1.7280%,21.7156%,0.00106,MCS,51423.0,2019-03-06,252.0,-0.8988%,0.0017,0.689,0.9021,0.3615,1.5249%,1.7230%,21.6794%,0.008086,MCS,0.043706,0.063874,0.047313,0.058587,0.089143
8419,MEDTRONIC PLC,Medtronic Announces US Commercial Launch Of Deep Brain Stimulation For Medically-Refractory Epilepsy,6,increase,0.8,0.6,"the launch of a new treatment for medically-refractory epilepsy could enhance medtronic's market position and revenue potential, positively impacting investor sentiment.",2,2019-02-20,MDT,2019-02-20 12:25:00+00:00,60097.0,G5960L10,0.0050904494710266,4924756.0,-0.0020474400371313,0.000650321773719,0.0125256022438406,0.0113996844738721,-0.0165297593921423,0.0061763008125126,-0.0100845834240317,0.004653719253838,-0.004381657578051,0.0072544813156127,-0.0042908946052193,0.0066284271888434,0.0175690203905105,0.0012373521458357,0.0021718381904065,0.0004501565999817,0.0046592294238507,0.0094286249950528,-0.0069024953991174,0.0025054232683032,-0.0108601218089461,-0.0056618731468915,-0.0061484975740313,-0.0009051004890352,0.0163500159978866,0.0063759256154298,0.0047826352529227,0.0157280042767524,0.006274277344346,0.0005786051042377,0.0033326726406812,-0.0068949493579566,0.0049287374131381,-0.002407505409792,-0.0202580392360687,0.0008031171746551,0.0083796307444572,0.0018391225021332,-0.0101446406915783,-0.0034364608582109,0.0095943873748183,-0.0034246053546667,-0.0185667648911476,0.0070123076438903,0.0025445665232837,0.011158887296915,0.0049657574854791,0.0151032302528619,-0.0088942302390933,-0.0010607772273942,-0.003323765238747,0.0,0.0124500086531043,0.0064056138508021,-0.0042819431982934,0.0152957281097769,-0.0031977165490388,0.0070345890708267,-0.0215708464384079,-0.0644502490758895,0.0088186142966151,0.0313633754849433,-0.0033621320035308,-0.0280937366187572,0.0006746604922227,-0.0334212929010391,-0.00303401122801,0.0190454497933387,-0.001014472101815,-0.0043502440676093,-0.0116213336586952,0.016805749386549,-0.0097031788900494,0.0333333387970924,0.0013833169359713,-0.0316026583313942,-0.0082882605493068,-0.0144605450332164,-0.0164828579872846,-0.014902482740581,-0.0060191443189978,-0.0080434549599885,-0.0008311528363265,0.0016331140650436,0.0112893274053931,-0.0199530813843011,0.0063454867340624,-0.0186387300491333,0.0142456935718655,-0.0021941184531897,0.0056412373669445,0.0025138563942164,0.0010303831659257,-0.0001047563491738,0.0156678296625614,0.0131579535081982,-0.0056299967691302,-0.0207813810557127,0.0093987304717302,-0.0025909421965479,0.0049360832199454,-0.0228860974311828,0.0063630240038037,0.0125089846551418,-0.0097615625709295,0.0096273329108953,-0.0030244947411119,0.0128970919176936,-0.0096629280596971,0.0240524597465992,0.0021556890569627,0.0116228517144918,-0.0113211814314127,0.0005433694459497,0.0037787910550832,-0.010325901210308,0.0069586238823831,0.0087890354916453,-0.0018125755013898,0.0198074672371149,-0.0020474400371313,0.000650321773719,0.010452516787186,0.012057419710618,-0.0062500201924907,0.0183081907742861,-0.0205819358756581,0.0304687873612838,-0.0077586344286879,0.0514748243448668,-0.0417006611809173,0.0476569228404413,-0.0453843051280201,0.0273868084640944,2019-02-21,2019-02-22,2019-02-25,2019-02-26,2019-02-27,2019-02-28,2019-03-01,2019-03-04,2019-03-05,2019-03-06,60097.0,2019-02-20,252.0,0.5090%,0.0004,0.7344,-0.2802,-0.2436,0.9853%,1.2985%,42.4196%,0.005568,MDT,60097.0,2019-02-21,252.0,-0.2047%,0.0004,0.728,-0.2932,-0.2553,0.9788%,1.2918%,42.5917%,-0.000187,MDT,60097.0,2019-02-22,252.0,1.2526%,0.0005,0.727,-0.2848,-0.2598,0.9787%,1.2919%,42.6066%,0.005554,MDT,60097.0,2019-02-25,252.0,-1.6530%,0.0004,0.7265,-0.2757,-0.257,0.9857%,1.2962%,42.1640%,-0.018928,MDT,60097.0,2019-02-26,252.0,-1.0085%,0.0004,0.737,-0.2692,-0.2458,0.9850%,1.2979%,42.4068%,-0.011635,MDT,60097.0,2019-02-27,252.0,-0.4382%,0.0003,0.7302,-0.2587,-0.247,0.9810%,1.2890%,42.0790%,-0.004929,MDT,60097.0,2019-02-28,252.0,-0.4291%,0.0004,0.7276,-0.2606,-0.2481,0.9804%,1.2859%,41.8688%,-0.0026929999999999,MDT,60097.0,2019-03-01,252.0,1.7569%,0.0004,0.7235,-0.2667,-0.2599,0.9807%,1.2857%,41.8137%,0.012003,MDT,60097.0,2019-03-04,252.0,0.2172%,0.0005,0.7185,-0.255,-0.2576,0.9796%,1.2791%,41.3530%,0.0057909999999999,MDT,60097.0,2019-03-05,252.0,0.4659%,0.0005,0.7186,-0.2513,-0.2589,0.9796%,1.2793%,41.3672%,0.004382,MDT,60097.0,2019-03-06,252.0,-0.6902%,0.0005,0.7155,-0.2377,-0.2606,0.9782%,1.2756%,41.1980%,-0.004019,MDT,0.005381,0.010935,-0.007993,-0.024557,-0.009093
8427,MARCUS & MILLICHAP INC,"Marcus & Millichap Q4 EPS $0.66 Beats $0.53 Estimate, Sales $230.283M Beat $209.75M Estimate",6,increase,0.8,0.7,"the company reported better-than-expected earnings and sales, which typically leads to positive investor sentiment and an increase in stock price.",2,2019-02-20,MMI,2019-02-20 21:57:00+00:00,14213.0,56632410,-0.0123862903565168,253735.0,0.0230356156826019,-0.0070280819199979,-0.0007506277761422,0.0022641548421233,-0.0320480428636074,0.0076045431196689,0.008794623427093,0.0053516584448516,-0.0089743202552199,0.0095189800485968,-0.000776263710577,0.017006741836667,-0.0005178782739676,-0.0116368494927883,0.0069948309101164,0.000258621876128,-0.0046308287419378,-0.0145296892151236,-0.0090462258085608,0.0077061196789145,-0.0023474218323826,-0.0084054516628384,-0.001307169557549,-0.00858586281538,0.0096858358010649,0.0130467722192406,-0.007259496487677,0.0132192401215434,0.0047009740956127,-0.0018111175158992,0.0106576513499021,0.0062484163790941,-0.0025720752310007,-0.0010403358610346,0.0059308805502951,0.0242408048361539,0.0153807308524847,0.0007998559158295,-0.0199444815516471,-0.013414048589766,0.0059247692115604,0.0047568790614604,-0.0291933268308639,0.0243638753890991,0.0258506871759891,0.0123320613056421,0.0241708010435104,0.0150208873674273,0.0015063408063724,-0.0174911003559827,0.0095262238755822,-0.0084011210128664,0.0114228725433349,0.0134578878059983,0.0095752365887165,0.0008245953358709,0.007538944017142,0.0472078099846839,0.0108617125079035,0.0178728569298982,-0.0007163942791521,0.0178944915533065,0.0207885969430208,-0.0144033413380384,-0.0002341323997825,-0.0090300422161817,-0.0088971499353647,0.0029214809183031,0.0063783754594624,0.0100324628874659,0.0096244094893336,0.0137600684538483,0.0002325537498109,0.0446875095367431,-0.0081358039751648,-0.0208078417927026,-0.0105459801852703,-0.0138804791495204,0.0011842547683045,0.003026588121429,0.0028388674836605,-0.024793392047286,-0.0042462917044758,0.0104384822770953,0.0191897992044687,-0.0283975545316934,0.0011622323654592,-0.0131542142480611,-0.0006965121719986,-0.0048377397470176,0.0039497716352343,0.0120967207476496,-0.0025457211304456,0.0040485649369657,0.0,-0.0068925293162465,-0.0009280070080421,-0.0163842309266328,-0.0088249202817678,0.0146174300462007,0.0074976496398448,-0.0427983924746513,0.0023255459964275,-0.0010962157975882,-0.0083525944501161,0.006065652705729,-0.1434253752231598,-0.0207883492112159,-0.0270418375730514,0.0027071547228842,-0.0072992229834198,-0.0037757065147161,-0.0200791601091623,0.0167260915040969,-0.0161616560071706,0.0055142198689281,-0.0011733914725482,0.0049875397235155,0.0,-0.0160850640386343,0.0230356156826019,-0.0070280819199979,0.0222676967334878,-0.0047798397435845,-0.0104939822295082,0.0027883548786491,-0.0107498908438748,0.0177515423647471,-0.0186844023320271,0.0161829189430431,0.0719222244116104,0.1590975718676024,-0.1284873400475438,0.0785169299676258,2019-02-21,2019-02-22,2019-02-25,2019-02-26,2019-02-27,2019-02-28,2019-03-01,2019-03-04,2019-03-05,2019-03-06,14213.0,2019-02-20,252.0,-1.2386%,0.0007,0.7766,0.36,0.0174,1.2191%,1.4852%,32.6267%,-0.015,MMI,14213.0,2019-02-21,252.0,2.3036%,0.0008,0.7711,0.3543,0.0071,1.2295%,1.4913%,32.0305%,0.026101,MMI,14213.0,2019-02-22,252.0,-0.0751%,0.0008,0.7721,0.3576,0.0225,1.2304%,1.4911%,31.9100%,-0.007708,MMI,14213.0,2019-02-25,252.0,-3.2048%,0.0007,0.7713,0.3731,0.0275,1.2468%,1.5047%,31.3357%,-0.032336,MMI,14213.0,2019-02-26,252.0,0.8795%,0.0007,0.7641,0.3638,0.0174,1.2480%,1.5011%,30.8792%,0.0124079999999999,MMI,14213.0,2019-02-27,252.0,-0.8974%,0.0007,0.7655,0.3581,0.0176,1.2497%,1.5023%,30.7941%,-0.0104319999999999,MMI,14213.0,2019-02-28,252.0,-0.0776%,0.0007,0.7656,0.3582,0.0175,1.2497%,1.5010%,30.6765%,0.001469,MMI,14213.0,2019-03-01,252.0,-0.0518%,0.0007,0.7613,0.3519,0.0145,1.2504%,1.4983%,30.3481%,-0.007089,MMI,14213.0,2019-03-04,252.0,0.6995%,0.0007,0.7658,0.3266,0.0157,1.2500%,1.4981%,30.3858%,0.012214,MMI,14213.0,2019-03-05,252.0,-0.4631%,0.0007,0.7695,0.3531,0.0195,1.2469%,1.4982%,30.7307%,-0.002369,MMI,14213.0,2019-03-06,252.0,-0.9046%,0.0007,0.7707,0.3495,0.0204,1.2468%,1.4994%,30.8527%,0.001769,MMI,0.011101,0.0033929999999999,-0.028943,-0.026967,-0.020973
8435,ALTRIA GROUP INC,"Altria Says Committed To Limit Support For Expanding Retail Distribution Of Juul To No More Than 20,000 Additional Stores In 2019",6,decrease,0.7,0.6,"altria's commitment to limit support for expanding juul's retail distribution may signal a cautious approach to a product facing regulatory scrutiny, potentially leading to negative investor sentiment.",0,2019-02-20,MO,2019-02-20 16:01:00+00:00,13901.0,02209S10,0.0310266707092523,11133599.0,-0.002771716332063,0.0051292572170495,0.0224340092390775,-0.0081399613991379,0.006601944565773,0.0028571304865181,0.0050153997726738,-0.0132903717458248,0.004222672432661,0.0157496519386768,0.0017201864393427,0.0010237353853881,0.0064873145893216,0.0024630322586745,-0.0054976479150354,-0.0111629636958241,0.0080061377957463,0.0046900394372642,0.0338501706719398,-0.001425365335308,0.0012804740108549,-0.0018292713211849,0.0115089006721973,-0.0030394673813134,0.0115585951134562,0.0324267633259296,-0.0046419985592365,0.0411674901843071,0.0068161627277731,0.0134657975286245,0.004810269922018,0.0239601600915193,0.0062056463211774,0.021001610904932,0.0096916165202856,-0.0306487455964088,-0.0225131046026945,-0.0060040126554667,-0.0051775951869785,-0.0691368281841278,0.0217157043516635,0.0265618357807397,-0.0036887777969241,-0.0029660887084901,0.0112661141902208,-0.0148194339126348,0.0084880553185939,-0.0072523513808846,-0.0128002725541591,-0.0130880000069737,0.0071048229001462,0.0008186842896975,0.0128747709095478,-0.0161095298826694,0.0052237375639379,0.0122298914939165,-0.0180149134248495,0.0057401107624173,-0.0478038303554058,-0.0302186980843544,0.0114857153967022,0.0256932768970727,0.0031135894823819,-0.0054755718447268,0.0093116359785199,-0.0016197209479287,-0.003075220156461,0.01022704038769,0.0056250691413879,0.0039014092180877,0.0101046804338693,0.0055750664323568,0.0103608760982751,0.0182926598936319,0.0067184804938733,-0.0148706203326582,-0.0096592772752046,-0.0267644431442022,-0.0037240483798086,-0.0186770986765623,-0.0322178937494754,0.0100216576829552,0.0044142301194369,-0.0278891902416944,0.0038454327732324,-0.0072065442800521,-0.0020065780263394,-0.0220697075128555,-0.0603180266916751,0.011063122190535,0.0268430467694997,-0.011492102406919,0.0136388977989554,0.01105697453022,0.0153243048116564,-0.0151347303763032,-0.017301719635725,-0.0040441397577524,-0.0043079145252704,0.0,0.0112866526469588,-0.0238650292158126,-0.0042782654054462,0.0164143294095993,-0.0110218599438667,-0.0198426321148872,-0.0185115151107311,0.0180163402110338,0.0005774171440862,0.021565344184637,0.0023081155959516,0.0109002413228154,-0.0128574548289179,-0.0094937104731798,0.0087480712682008,-0.0123184071853756,0.0046252012252807,-0.0222901608794927,-0.0019183250842615,-0.0008979748236015,-0.002771716332063,0.0051292572170495,0.0196001121972129,-0.0030524561378414,0.0263314556171949,-0.0002040469168135,0.0358345157589976,0.0020454554492064,0.0823599266011096,-0.0024434716417085,0.0839882668552658,-0.026043690105219,0.0448297289573194,-0.1053510176927936,2019-02-21,2019-02-22,2019-02-25,2019-02-26,2019-02-27,2019-02-28,2019-03-01,2019-03-04,2019-03-05,2019-03-06,13901.0,2019-02-20,252.0,3.1027%,-0.0007,0.5192,-0.3105,0.3297,1.5108%,1.6038%,11.2517%,0.029014,MO,13901.0,2019-02-21,252.0,-0.2772%,-0.0006,0.5134,-0.3223,0.319,1.5075%,1.5995%,11.1715%,-0.00041,MO,13901.0,2019-02-22,252.0,2.2434%,-0.0005,0.5097,-0.3171,0.2788,1.5162%,1.6059%,10.8586%,0.025459,MO,13901.0,2019-02-25,252.0,0.6602%,-0.0005,0.5087,-0.3209,0.2734,1.5159%,1.6055%,10.8572%,0.005415,MO,13901.0,2019-02-26,252.0,0.5015%,-0.0005,0.5008,-0.3202,0.2678,1.5145%,1.6008%,10.4996%,0.004578,MO,13901.0,2019-02-27,252.0,0.4223%,-0.0005,0.498,-0.3139,0.2674,1.5143%,1.5988%,10.2983%,0.004602,MO,13901.0,2019-02-28,252.0,0.1720%,-0.0004,0.4886,-0.3202,0.2595,1.5111%,1.5932%,10.0353%,0.003895,MO,13901.0,2019-03-01,252.0,0.6487%,-0.0004,0.4829,-0.3287,0.2482,1.5098%,1.5906%,9.8973%,0.004846,MO,13901.0,2019-03-04,252.0,-0.5498%,-0.0004,0.484,-0.328,0.2469,1.5101%,1.5902%,9.8099%,-0.00536,MO,13901.0,2019-03-05,252.0,0.8006%,-0.0004,0.4817,-0.3404,0.242,1.5109%,1.5910%,9.8079%,0.008315,MO,13901.0,2019-03-06,252.0,3.3850%,-0.0003,0.4578,-0.4013,0.2068,1.5209%,1.5973%,9.3388%,0.03342,MO,0.028604,0.054063,0.059478,0.068658,0.1137739999999999
8443,ALTRIA GROUP INC,"Altria shares are trading higher after the company reaffirmed its FY19 EPS guidance, which is inline with the consensus analyst estimate of $4.20.",6,increase,0.75,0.6,"reaffirming eps guidance that aligns with analyst estimates typically boosts investor confidence, leading to a potential increase in stock price.",2,2019-02-20,MO,2019-02-20 15:37:00+00:00,13901.0,02209S10,0.0310266707092523,11133599.0,-0.002771716332063,0.0051292572170495,0.0224340092390775,-0.0081399613991379,0.006601944565773,0.0028571304865181,0.0050153997726738,-0.0132903717458248,0.004222672432661,0.0157496519386768,0.0017201864393427,0.0010237353853881,0.0064873145893216,0.0024630322586745,-0.0054976479150354,-0.0111629636958241,0.0080061377957463,0.0046900394372642,0.0338501706719398,-0.001425365335308,0.0012804740108549,-0.0018292713211849,0.0115089006721973,-0.0030394673813134,0.0115585951134562,0.0324267633259296,-0.0046419985592365,0.0411674901843071,0.0068161627277731,0.0134657975286245,0.004810269922018,0.0239601600915193,0.0062056463211774,0.021001610904932,0.0096916165202856,-0.0306487455964088,-0.0225131046026945,-0.0060040126554667,-0.0051775951869785,-0.0691368281841278,0.0217157043516635,0.0265618357807397,-0.0036887777969241,-0.0029660887084901,0.0112661141902208,-0.0148194339126348,0.0084880553185939,-0.0072523513808846,-0.0128002725541591,-0.0130880000069737,0.0071048229001462,0.0008186842896975,0.0128747709095478,-0.0161095298826694,0.0052237375639379,0.0122298914939165,-0.0180149134248495,0.0057401107624173,-0.0478038303554058,-0.0302186980843544,0.0114857153967022,0.0256932768970727,0.0031135894823819,-0.0054755718447268,0.0093116359785199,-0.0016197209479287,-0.003075220156461,0.01022704038769,0.0056250691413879,0.0039014092180877,0.0101046804338693,0.0055750664323568,0.0103608760982751,0.0182926598936319,0.0067184804938733,-0.0148706203326582,-0.0096592772752046,-0.0267644431442022,-0.0037240483798086,-0.0186770986765623,-0.0322178937494754,0.0100216576829552,0.0044142301194369,-0.0278891902416944,0.0038454327732324,-0.0072065442800521,-0.0020065780263394,-0.0220697075128555,-0.0603180266916751,0.011063122190535,0.0268430467694997,-0.011492102406919,0.0136388977989554,0.01105697453022,0.0153243048116564,-0.0151347303763032,-0.017301719635725,-0.0040441397577524,-0.0043079145252704,0.0,0.0112866526469588,-0.0238650292158126,-0.0042782654054462,0.0164143294095993,-0.0110218599438667,-0.0198426321148872,-0.0185115151107311,0.0180163402110338,0.0005774171440862,0.021565344184637,0.0023081155959516,0.0109002413228154,-0.0128574548289179,-0.0094937104731798,0.0087480712682008,-0.0123184071853756,0.0046252012252807,-0.0222901608794927,-0.0019183250842615,-0.0008979748236015,-0.002771716332063,0.0051292572170495,0.0196001121972129,-0.0030524561378414,0.0263314556171949,-0.0002040469168135,0.0358345157589976,0.0020454554492064,0.0823599266011096,-0.0024434716417085,0.0839882668552658,-0.026043690105219,0.0448297289573194,-0.1053510176927936,2019-02-21,2019-02-22,2019-02-25,2019-02-26,2019-02-27,2019-02-28,2019-03-01,2019-03-04,2019-03-05,2019-03-06,13901.0,2019-02-20,252.0,3.1027%,-0.0007,0.5192,-0.3105,0.3297,1.5108%,1.6038%,11.2517%,0.029014,MO,13901.0,2019-02-21,252.0,-0.2772%,-0.0006,0.5134,-0.3223,0.319,1.5075%,1.5995%,11.1715%,-0.00041,MO,13901.0,2019-02-22,252.0,2.2434%,-0.0005,0.5097,-0.3171,0.2788,1.5162%,1.6059%,10.8586%,0.025459,MO,13901.0,2019-02-25,252.0,0.6602%,-0.0005,0.5087,-0.3209,0.2734,1.5159%,1.6055%,10.8572%,0.005415,MO,13901.0,2019-02-26,252.0,0.5015%,-0.0005,0.5008,-0.3202,0.2678,1.5145%,1.6008%,10.4996%,0.004578,MO,13901.0,2019-02-27,252.0,0.4223%,-0.0005,0.498,-0.3139,0.2674,1.5143%,1.5988%,10.2983%,0.004602,MO,13901.0,2019-02-28,252.0,0.1720%,-0.0004,0.4886,-0.3202,0.2595,1.5111%,1.5932%,10.0353%,0.003895,MO,13901.0,2019-03-01,252.0,0.6487%,-0.0004,0.4829,-0.3287,0.2482,1.5098%,1.5906%,9.8973%,0.004846,MO,13901.0,2019-03-04,252.0,-0.5498%,-0.0004,0.484,-0.328,0.2469,1.5101%,1.5902%,9.8099%,-0.00536,MO,13901.0,2019-03-05,252.0,0.8006%,-0.0004,0.4817,-0.3404,0.242,1.5109%,1.5910%,9.8079%,0.008315,MO,13901.0,2019-03-06,252.0,3.3850%,-0.0003,0.4578,-0.4013,0.2068,1.5209%,1.5973%,9.3388%,0.03342,MO,0.028604,0.054063,0.059478,0.068658,0.1137739999999999
8451,ALTRIA GROUP INC,Altria Reaffirms FY19 Adj. EPS $4.15-$4.27 vs $4.20 Estimate,6,uncertain,0.6,0.3,"while altria reaffirming its earnings guidance may provide some stability, the market's reaction could be influenced by broader economic factors and investor sentiment, leading to uncertainty in stock price movement.",1,2019-02-20,MO,2019-02-20 13:00:00+00:00,13901.0,02209S10,0.0310266707092523,11133599.0,-0.002771716332063,0.0051292572170495,0.0224340092390775,-0.0081399613991379,0.006601944565773,0.0028571304865181,0.0050153997726738,-0.0132903717458248,0.004222672432661,0.0157496519386768,0.0017201864393427,0.0010237353853881,0.0064873145893216,0.0024630322586745,-0.0054976479150354,-0.0111629636958241,0.0080061377957463,0.0046900394372642,0.0338501706719398,-0.001425365335308,0.0012804740108549,-0.0018292713211849,0.0115089006721973,-0.0030394673813134,0.0115585951134562,0.0324267633259296,-0.0046419985592365,0.0411674901843071,0.0068161627277731,0.0134657975286245,0.004810269922018,0.0239601600915193,0.0062056463211774,0.021001610904932,0.0096916165202856,-0.0306487455964088,-0.0225131046026945,-0.0060040126554667,-0.0051775951869785,-0.0691368281841278,0.0217157043516635,0.0265618357807397,-0.0036887777969241,-0.0029660887084901,0.0112661141902208,-0.0148194339126348,0.0084880553185939,-0.0072523513808846,-0.0128002725541591,-0.0130880000069737,0.0071048229001462,0.0008186842896975,0.0128747709095478,-0.0161095298826694,0.0052237375639379,0.0122298914939165,-0.0180149134248495,0.0057401107624173,-0.0478038303554058,-0.0302186980843544,0.0114857153967022,0.0256932768970727,0.0031135894823819,-0.0054755718447268,0.0093116359785199,-0.0016197209479287,-0.003075220156461,0.01022704038769,0.0056250691413879,0.0039014092180877,0.0101046804338693,0.0055750664323568,0.0103608760982751,0.0182926598936319,0.0067184804938733,-0.0148706203326582,-0.0096592772752046,-0.0267644431442022,-0.0037240483798086,-0.0186770986765623,-0.0322178937494754,0.0100216576829552,0.0044142301194369,-0.0278891902416944,0.0038454327732324,-0.0072065442800521,-0.0020065780263394,-0.0220697075128555,-0.0603180266916751,0.011063122190535,0.0268430467694997,-0.011492102406919,0.0136388977989554,0.01105697453022,0.0153243048116564,-0.0151347303763032,-0.017301719635725,-0.0040441397577524,-0.0043079145252704,0.0,0.0112866526469588,-0.0238650292158126,-0.0042782654054462,0.0164143294095993,-0.0110218599438667,-0.0198426321148872,-0.0185115151107311,0.0180163402110338,0.0005774171440862,0.021565344184637,0.0023081155959516,0.0109002413228154,-0.0128574548289179,-0.0094937104731798,0.0087480712682008,-0.0123184071853756,0.0046252012252807,-0.0222901608794927,-0.0019183250842615,-0.0008979748236015,-0.002771716332063,0.0051292572170495,0.0196001121972129,-0.0030524561378414,0.0263314556171949,-0.0002040469168135,0.0358345157589976,0.0020454554492064,0.0823599266011096,-0.0024434716417085,0.0839882668552658,-0.026043690105219,0.0448297289573194,-0.1053510176927936,2019-02-21,2019-02-22,2019-02-25,2019-02-26,2019-02-27,2019-02-28,2019-03-01,2019-03-04,2019-03-05,2019-03-06,13901.0,2019-02-20,252.0,3.1027%,-0.0007,0.5192,-0.3105,0.3297,1.5108%,1.6038%,11.2517%,0.029014,MO,13901.0,2019-02-21,252.0,-0.2772%,-0.0006,0.5134,-0.3223,0.319,1.5075%,1.5995%,11.1715%,-0.00041,MO,13901.0,2019-02-22,252.0,2.2434%,-0.0005,0.5097,-0.3171,0.2788,1.5162%,1.6059%,10.8586%,0.025459,MO,13901.0,2019-02-25,252.0,0.6602%,-0.0005,0.5087,-0.3209,0.2734,1.5159%,1.6055%,10.8572%,0.005415,MO,13901.0,2019-02-26,252.0,0.5015%,-0.0005,0.5008,-0.3202,0.2678,1.5145%,1.6008%,10.4996%,0.004578,MO,13901.0,2019-02-27,252.0,0.4223%,-0.0005,0.498,-0.3139,0.2674,1.5143%,1.5988%,10.2983%,0.004602,MO,13901.0,2019-02-28,252.0,0.1720%,-0.0004,0.4886,-0.3202,0.2595,1.5111%,1.5932%,10.0353%,0.003895,MO,13901.0,2019-03-01,252.0,0.6487%,-0.0004,0.4829,-0.3287,0.2482,1.5098%,1.5906%,9.8973%,0.004846,MO,13901.0,2019-03-04,252.0,-0.5498%,-0.0004,0.484,-0.328,0.2469,1.5101%,1.5902%,9.8099%,-0.00536,MO,13901.0,2019-03-05,252.0,0.8006%,-0.0004,0.4817,-0.3404,0.242,1.5109%,1.5910%,9.8079%,0.008315,MO,13901.0,2019-03-06,252.0,3.3850%,-0.0003,0.4578,-0.4013,0.2068,1.5209%,1.5973%,9.3388%,0.03342,MO,0.028604,0.054063,0.059478,0.068658,0.1137739999999999
8459,MERCK & CO INC NEW,FDA Grants Priority Review To Merck's Supplemental Biologics License Application For KEYTRUDA Monotherapy For Third-Line Treatment of Patients with Advanced Small Cell Lung Cancer,6,increase,0.8,0.6,"the fda granting priority review for keytruda indicates potential for accelerated market approval, which is likely to positively impact merck's stock price due to increased investor optimism.",2,2019-02-20,MRK,2019-02-20 11:46:00+00:00,22752.0,58933Y10,0.002397809876129,8581602.0,0.0050359000451862,-0.0071419584564864,0.0117749562487006,0.0110209668055176,-0.004828518256545,-0.0010123285464942,0.0044787339866161,0.0063678044825792,-0.0014861917588859,0.0235953275114297,0.0083105694502592,-0.0104488851502537,0.0044285962358117,0.0091121708974242,-0.0034292563796043,-0.0073652886785566,0.0040554772131145,0.0031107952818274,-0.0115054445341229,0.0036424973513931,-0.003838598029688,0.0054938630200922,-0.0080794766545295,0.0271395482122898,0.0134085165336728,0.0144472876563668,0.0044515961781144,0.0019117763731628,0.0045549068599939,0.0042513054795563,0.0053921495564281,-0.0004112238530069,0.0009817380923777,-0.0030067134648561,-0.0026970850303769,-0.0300901941955089,0.0068838992156088,-0.0051430752500891,0.0020754262804985,-0.0005272296839393,0.0105993552133441,0.0035714851692318,-0.0079565532505512,0.0132689699530601,0.000729099032469,0.0014765182277187,0.0069216722622513,0.0154013521969318,-0.0075976513326168,-0.020427219569683,0.0041316845454275,0.0056390729732811,0.0065351678058505,-0.0123325856402516,0.0015631223795935,-0.0076325070112943,-0.0010804797057062,0.0074240695685148,-0.0003605189267545,-0.0110134575515985,-0.0159894432872533,0.0301187969744205,-0.00855219271034,-0.0205052979290485,-0.0024646280799061,-0.0107316747307777,-0.0018529203953221,0.0137986056506633,0.0002474831999279,-0.0001325883204117,-0.0121257528662681,0.0186486113816499,-0.0051352209411561,0.0400561951100826,-0.0113307507708668,-0.0240054856985807,-0.0123519832268357,-0.0080282539129257,-0.0469314008951187,-0.0037955644074827,-0.0098754838109016,-0.0075340396724641,0.0036889824550598,-0.0119633320719003,0.0155186410993337,-0.0163441412150859,0.0017426927806809,-0.0250601023435592,0.0215441305190324,0.012818869203329,0.0037988070398569,0.0116716576740145,0.0019574780017137,-0.0040041017346084,0.0251367595046758,0.0091240480542182,0.0001270758075406,-0.0210539940744638,0.0101625435054302,0.0020458209328353,0.0060362596996128,-0.012749332934618,-0.0064999582245945,-0.0015124165220186,-0.0198792368173599,0.0183544158935546,0.0035943360999226,0.008804871700704,0.0019186687422916,0.0116584626957774,-0.0017873023170977,0.0119299292564392,-0.0130452010780572,0.0103120971471071,0.003239600919187,-0.0016045293305069,0.0016792158130556,0.0001337541616521,0.0203738771378994,-0.0205631926655769,0.0050359000451862,-0.0071419584564864,0.0168701537965918,0.0038002970619559,0.0119601776944491,0.0027841213662607,0.0149817753914169,0.0329813431039882,0.0167443253604424,0.030831209775175,0.0542793171340683,0.0389406218588135,0.0029468518224475,0.0453156189351986,2019-02-21,2019-02-22,2019-02-25,2019-02-26,2019-02-27,2019-02-28,2019-03-01,2019-03-04,2019-03-05,2019-03-06,22752.0,2019-02-20,252.0,0.2398%,0.0015,0.6765,-0.4893,-0.0067,0.9409%,1.2022%,38.7451%,0.002109,MRK,22752.0,2019-02-21,252.0,0.5036%,0.0016,0.6671,-0.5072,-0.024,0.9308%,1.1921%,39.0379%,0.007081,MRK,22752.0,2019-02-22,252.0,1.1775%,0.0016,0.6658,-0.502,-0.035,0.9320%,1.1923%,38.8899%,0.009776,MRK,22752.0,2019-02-25,252.0,-0.4829%,0.0016,0.6657,-0.4977,-0.0332,0.9337%,1.1930%,38.7447%,-0.007295,MRK,22752.0,2019-02-26,252.0,0.4479%,0.0016,0.6706,-0.5032,-0.0323,0.9322%,1.1928%,38.9294%,0.002149,MRK,22752.0,2019-02-27,252.0,-0.1486%,0.0016,0.6661,-0.4961,-0.033,0.9302%,1.1863%,38.5127%,-0.001272,MRK,22752.0,2019-02-28,252.0,0.8311%,0.0017,0.6545,-0.5037,-0.0435,0.9247%,1.1760%,38.1752%,0.0102919999999999,MRK,22752.0,2019-03-01,252.0,0.4429%,0.0017,0.6508,-0.5093,-0.0489,0.9239%,1.1741%,38.0737%,0.000913,MRK,22752.0,2019-03-04,252.0,-0.3429%,0.0017,0.652,-0.5098,-0.05,0.9242%,1.1724%,37.8588%,-0.001982,MRK,22752.0,2019-03-05,252.0,0.4055%,0.0016,0.649,-0.5317,-0.0527,0.9212%,1.1706%,38.0711%,0.0033729999999999,MRK,22752.0,2019-03-06,252.0,-1.1505%,0.0016,0.6602,-0.5064,-0.0366,0.9235%,1.1736%,38.0774%,-0.012821,MRK,0.00919,0.018966,0.011671,0.012548,0.0123229999999999
8467,M S A SAFETY INC,"MSA Safety Q4 Adj. EPS $1.27, Inline, Sales $362M Beat $359.33M Estimate",6,increase,0.7,0.6,"the company's sales beat estimates, which is generally a positive indicator for stock performance, despite the adjusted eps being inline with expectations.",2,2019-02-20,MSA,2019-02-20 22:46:00+00:00,54253.0,55349810,-0.0103754494339227,321703.0,0.0479280613362789,-0.0079404488205909,-0.0069556524977087,0.0110595980659127,-0.0060449517332017,-0.005499412305653,0.0051163858734071,0.0006878900458104,-0.0022090217098593,-0.0017657475546002,-0.0048127826303243,0.0078101917169988,-0.0059967380948364,0.0094810836017131,0.0002919763501267,-0.0105658117681741,-0.0053502242080867,0.0011863085674121,-0.0048899757675826,0.0092795882374048,0.0045208754017949,0.0074386592023074,0.0005870028398931,-0.0069873919710516,0.0224895197898149,0.0177791323512792,-0.0038252035155892,0.0050030411221086,-0.0170874409377574,0.0091705238446593,-0.0106455348432064,-0.0275551099330186,0.0071075377054512,0.0097127351909875,0.0086258081719279,-0.0019186352146789,-0.0001944049727171,-0.0033212744165211,-0.0065124239772558,-0.0146766733378171,-0.0022502273786813,0.0206477046012878,-0.0232398770749568,0.0043712542392313,0.0133520914241671,0.0065486477687954,0.0083217388018965,0.0050391349941492,0.0098251132294535,-0.0073499511927366,0.0123565308749675,-0.0044715693220496,-0.006247011013329,0.001017278409563,0.0125724896788597,0.0022430792450904,-0.0074498453177511,0.0312270130962133,0.0252117291092872,-0.0070988652296364,-0.0120142549276351,0.0372496210038662,0.0138704068958759,-0.0290190521627664,-0.0010307403281331,0.0089106187224388,-0.0190413538366556,0.0170460045337677,0.0030598554294556,0.0054235816933214,0.0213536489754915,0.0085329692810773,0.0046667912974953,0.0303201358765363,-0.0067818257957696,-0.0164079349488019,0.0084182387217879,-0.0870445966720581,-0.0186438597738742,0.0108451526612043,0.0002835423219949,-0.01402198523283,-0.0099216010421514,0.0057832761667668,0.0163199007511138,-0.0177396740764379,0.0041318661533296,-0.0019893036223948,-0.0249695889651775,-0.0087745180353522,0.0342413149774074,0.0182712543755769,0.0075118015520274,0.0061616222374141,0.0116900242865085,-0.0036231945268809,-0.0048221852630376,-0.0348712615668773,0.0159992687404155,0.0043902141042053,0.0164672173559665,-0.0628999546170234,-0.0155807556584477,0.0035783043131232,-0.0090826842933893,0.0132006891071796,-0.0019057907629758,-0.0049949209205806,0.0025459062308073,0.0170272570103406,-0.0176855120807886,-0.0083030071109533,-0.0283445641398429,0.0086572486907243,-0.0019954303279519,0.0,-0.000952094385866,-0.0004703071026597,0.0094348406419157,-0.0187355689704418,0.0479280613362789,-0.0079404488205909,0.040639037899026,0.003031331072903,0.0343484251432408,-0.0024847517721547,0.0373439622666267,-0.0035611426946763,0.0159760203896688,0.0135399947696475,0.0638042895747599,0.0604131794865394,0.0576135481577351,-0.0625105590502004,2019-02-21,2019-02-22,2019-02-25,2019-02-26,2019-02-27,2019-02-28,2019-03-01,2019-03-04,2019-03-05,2019-03-06,54253.0,2019-02-20,252.0,-1.0375%,0.001,1.0527,0.8851,0.357,1.3338%,1.7553%,42.2620%,-0.016485,MSA,54253.0,2019-02-21,252.0,4.7928%,0.0013,1.0388,0.8681,0.331,1.3731%,1.7769%,40.2848%,0.0531639999999999,MSA,54253.0,2019-02-22,252.0,-0.6956%,0.001,1.0433,0.8034,0.326,1.3460%,1.7514%,40.9406%,-0.0137159999999999,MSA,54253.0,2019-02-25,252.0,-0.6045%,0.0009,1.0466,0.8097,0.3417,1.3344%,1.7434%,41.4142%,-0.0050339999999999,MSA,54253.0,2019-02-26,252.0,0.5116%,0.0009,1.0446,0.7948,0.3327,1.3366%,1.7420%,41.1334%,0.013001,MSA,54253.0,2019-02-27,252.0,-0.2209%,0.0009,1.0422,0.7976,0.3323,1.3366%,1.7403%,41.0185%,-0.00436,MSA,54253.0,2019-02-28,252.0,-0.4813%,0.001,1.0328,0.7912,0.3259,1.3317%,1.7286%,40.6447%,-0.001011,MSA,54253.0,2019-03-01,252.0,-0.5997%,0.0009,1.0279,0.7837,0.3254,1.3352%,1.7251%,40.1002%,-0.014514,MSA,54253.0,2019-03-04,252.0,0.0292%,0.0009,1.0337,0.7585,0.3252,1.3328%,1.7241%,40.2440%,0.0074129999999999,MSA,54253.0,2019-03-05,252.0,-0.5350%,0.0009,1.0365,0.7792,0.3277,1.3309%,1.7245%,40.4377%,-0.000551,MSA,54253.0,2019-03-06,252.0,-0.4890%,0.001,1.0339,0.7513,0.321,1.3328%,1.7247%,40.2842%,0.013413,MSA,0.0366789999999999,0.0229629999999999,0.0179289999999999,0.02657,0.0313199999999999
8475,MANITOWOC CO INC,Manitowoc Co Option Alert: Mar 15 $19 Calls Sweep (21) near the Ask: 563 @ $0.651 vs 88 OI; Ref=$18.27,6,increase,0.7,0.6,"the significant call option activity suggests bullish sentiment among investors, indicating a potential increase in the stock price.",2,2019-02-20,MTW,2019-02-20 16:41:00+00:00,51263.0,56357140,0.0397092290222644,533879.0,0.0,0.0234687961637973,0.0322754383087158,0.0318959839642047,-0.0031266999430954,-0.0225172862410545,-0.0292733665555715,0.0383692681789398,-0.0091545544564723,0.0457680560648441,-0.022282600402832,0.0159235671162605,0.0272373408079147,-0.0479078218340873,0.0070346901193261,-0.0213650204241275,0.0096722356975078,0.0,-0.0180947389453649,0.0305810384452343,-0.0243902839720249,0.0637606084346771,-0.0144444573670625,0.0098554277792572,0.0039458679966628,-0.003926666919142,-0.0224592722952365,0.0317352674901485,-0.0149339595809578,0.0123035069555044,-0.0274052079766988,-0.0499999672174453,0.0167864970862865,0.0342511273920536,0.0277123376727104,0.0191650036722421,-0.0040160468779504,-0.0646607056260109,-0.0201613120734691,-0.031618058681488,0.0058789169415831,0.0453660935163497,-0.0473408140242099,0.0198281686753034,0.0042945770546793,0.0046480540186166,-0.0073305335827171,-0.0376996286213398,-0.0043076733127236,-0.0163419377058744,0.0074164974503219,-0.0093399519100785,0.0067485040053725,0.0018714147154241,0.0365630947053432,0.0262484513223171,-0.0111699309200048,0.0077419281005859,0.0112961083650589,-0.0183660518378019,0.018812445923686,0.0726901963353157,0.0040392205119133,-0.0303030330687761,0.0005747257964685,0.0277589596807956,-0.0229752790182828,0.0214384794235229,0.018812445923686,-0.0275722835212945,-0.0034621735103428,0.0129427500069141,0.0214243736118078,0.084195002913475,-0.0226757153868675,-0.0286943782120943,0.0307424999773502,-0.0196906253695488,-0.0039392062462866,-0.016597494482994,0.0389829725027084,-0.034068152308464,0.0119630899280309,-0.0019999821670353,0.0225685145705938,-0.0176817588508129,0.0073567726649343,-0.0148386796936392,-0.0641627311706543,-0.040247656404972,0.0,0.0260482747107744,0.0027870254125446,-0.0217526648193597,-0.0072261900641024,-0.0030978461727499,-0.0162374526262283,-0.0438388511538505,0.0011383299715816,-0.0220162849873304,0.0432063788175582,-0.0939632058143615,-0.0032697257120162,-0.0354430750012397,-0.0262439269572496,0.0190918911248445,0.0028074758592993,-0.0117287831380963,-0.0223965011537075,0.0375661924481391,-0.0395188219845295,-0.0347293317317962,-0.047704242169857,0.0327004678547382,0.0244208108633756,0.0106609193608164,-0.0067237536422908,0.0498041063547134,-0.0043076733127236,-0.06586504727602,0.0,0.0234687961637973,0.0322754383087158,0.0561133404741018,0.0290478227544972,0.0323325340836502,-0.0102205766976885,0.1210030967853044,-0.007530897473527,0.0935779052839009,-0.0849919257195397,0.1323622168322356,-0.1296395755224596,-0.0653423868791474,2019-02-21,2019-02-22,2019-02-25,2019-02-26,2019-02-27,2019-02-28,2019-03-01,2019-03-04,2019-03-05,2019-03-06,51263.0,2019-02-20,252.0,3.9709%,-0.0018,2.043,0.8811,1.333,2.4152%,3.1356%,40.6704%,0.026879,MTW,51263.0,2019-02-21,252.0,0.0000%,-0.0017,2.041,0.8797,1.3291,2.4166%,3.1339%,40.5422%,0.011142,MTW,51263.0,2019-02-22,252.0,3.2275%,-0.0016,2.035,0.9085,1.2845,2.4246%,3.1400%,40.3768%,0.033609,MTW,51263.0,2019-02-25,252.0,-0.3127%,-0.0015,2.0331,0.9065,1.2761,2.4222%,3.1371%,40.3830%,-0.001605,MTW,51263.0,2019-02-26,252.0,-2.9273%,-0.0016,2.0375,0.9225,1.2876,2.4239%,3.1384%,40.3494%,-0.016107,MTW,51263.0,2019-02-27,252.0,-0.9155%,-0.0014,2.0602,0.8793,1.2913,2.4025%,3.1313%,41.1339%,-0.0112959999999999,MTW,51263.0,2019-02-28,252.0,-2.2283%,-0.0015,2.0731,0.8877,1.3033,2.4004%,3.1337%,41.3247%,-0.012943,MTW,51263.0,2019-03-01,252.0,2.7237%,-0.0014,2.0716,0.8855,1.2934,2.4021%,3.1294%,41.0819%,0.01486,MTW,51263.0,2019-03-04,252.0,0.7035%,-0.0012,2.0496,0.9427,1.3027,2.3895%,3.1082%,40.8980%,0.016214,MTW,51263.0,2019-03-05,252.0,0.9672%,-0.0009,2.0586,1.0259,1.3017,2.3676%,3.1008%,41.7034%,0.019115,MTW,51263.0,2019-03-06,252.0,-1.8095%,-0.0008,2.0586,0.996,1.2977,2.3680%,3.1019%,41.7200%,0.011513,MTW,0.038021,0.07163,0.070025,0.042622,0.091381
8483,MICRON TECHNOLOGY INC,"Micron To Report Q2 Earnings Wed., Mar. 20, 2019 After Market Close",6,uncertain,0.6,0.5,"the announcement of earnings reports can lead to volatility in stock prices, as the actual results may differ from market expectations, making the outcome uncertain.",1,2019-02-20,MU,2019-02-20 22:03:00+00:00,53613.0,59511210,0.0059580556116998,28034515.0,-0.0161099340766668,-0.0007145175477489,0.0250421613454818,-0.0056831128895282,0.0042283372022211,0.0131957586854696,0.0049122590571641,0.0316831357777118,-0.038175031542778,0.0471746921539306,-0.010648563504219,0.0,0.0171233061701059,-0.0203148610889911,-0.0125060230493545,-0.0515414103865623,-0.0260594170540571,0.0546101480722427,-0.0515129119157791,-0.0025336276739835,-0.002636395394802,-0.0032827591057866,0.0216759089380502,0.0361066758632659,0.0098317526280879,-0.0005230244714766,0.0056367213837802,0.0227334126830101,-0.0107005899772048,-0.0181198120117187,-0.0108164297416806,-0.0225871987640857,0.0294194500893354,0.0647717639803886,0.0017703513149172,0.0686331316828727,0.0191870313137769,0.0109242033213377,-0.0059449560940265,-0.0528523325920105,0.0961874052882194,0.0554898828268051,-0.0538759417831897,0.0089338663965463,-0.0257087871432304,-0.0120623661205172,-0.0056719984859228,-0.0196133982390165,-0.0270337350666523,-0.0372118912637233,0.0028039922472089,0.002784697106108,0.0505846887826919,0.0132618863135576,0.0222598146647214,0.0503852069377899,0.0044970088638365,-0.0076470095664262,0.0344015769660472,0.0397553257644176,-0.0230068806558847,0.0548387356102466,0.0100256539881229,-0.0534351132810115,-0.0096952486783266,0.0321462489664554,-0.0275058336555957,0.0050680977292358,0.0107861198484897,-0.0112746823579073,0.0026085041463375,0.0336678847670555,-0.0063860090449452,0.0644382834434509,-0.0045227003283798,-0.0428759641945362,0.0224772505462169,-0.0306905675679445,0.0091207483783364,-0.0041387826204299,0.0057937423698604,-0.0791556909680366,0.0,0.0067886519245803,-0.0145161533728241,-0.0093567157164216,0.0060789878480136,-0.0234151817858219,-0.0065070600248873,-0.028032150119543,-0.0152047136798501,0.0232888311147689,0.000237580446992,0.0117816049605608,-0.0011873482726514,-0.0144435605034232,-0.0038040855433791,-0.0626492425799369,0.0157517865300178,0.0214207451790571,0.0180921163409948,-0.0786909237504005,-0.0276944544166326,0.0381223373115062,-0.0443864874541759,0.017145911231637,-0.0126676186919212,-0.0206664744764566,-0.0120754605159163,0.0462161898612976,-0.0084034074097871,0.0117582799866795,-0.0400615707039833,0.0046702791005373,0.0302299950271844,0.0005497651873156,-0.002596688689664,0.0071982876397669,-0.0286383349448442,-0.0192778408527374,-0.0161099340766668,-0.0007145175477489,0.0085287997004019,-0.0063935697533918,0.0127931995436867,0.0067178209284732,-0.0210850349251544,0.0876100845422496,-0.1013977461657031,0.0630858295773704,0.0400379641140802,0.2831803687012209,-0.1160861813951698,0.1392885520245994,2019-02-21,2019-02-22,2019-02-25,2019-02-26,2019-02-27,2019-02-28,2019-03-01,2019-03-04,2019-03-05,2019-03-06,53613.0,2019-02-20,252.0,0.5958%,-0.0002,1.8176,0.7593,-0.1166,2.3507%,3.0984%,42.4424%,0.001332,MU,53613.0,2019-02-21,252.0,-1.6110%,-0.0003,1.8304,0.7833,-0.0932,2.3439%,3.0986%,42.7809%,-0.009221,MU,53613.0,2019-02-22,252.0,2.5042%,-0.0003,1.829,0.793,-0.1013,2.3441%,3.1021%,42.9010%,0.007367,MU,53613.0,2019-02-25,252.0,0.4228%,-0.0002,1.8281,0.7904,-0.1059,2.3437%,3.1019%,42.9108%,0.003264,MU,53613.0,2019-02-26,252.0,0.4912%,-0.0003,1.8096,0.7907,-0.1196,2.3391%,3.0851%,42.5151%,0.0124459999999999,MU,53613.0,2019-02-27,252.0,-3.8175%,-0.0005,1.8019,0.7922,-0.121,2.3515%,3.0883%,42.0221%,-0.0415489999999999,MU,53613.0,2019-02-28,252.0,-1.0649%,-0.0007,1.8229,0.8064,-0.1045,2.3400%,3.0880%,42.5789%,-0.005623,MU,53613.0,2019-03-01,252.0,1.7123%,-0.0008,1.8408,0.833,-0.0777,2.3329%,3.0897%,42.9916%,0.001151,MU,53613.0,2019-03-04,252.0,-1.2506%,-0.0007,1.8359,0.8482,-0.0761,2.3320%,3.0869%,42.9313%,0.000611,MU,53613.0,2019-03-05,252.0,-2.6059%,-0.0008,1.8372,0.8452,-0.0679,2.3347%,3.0848%,42.7224%,-0.020582,MU,53613.0,2019-03-06,252.0,-5.1513%,-0.0011,1.8236,0.9162,-0.0736,2.3226%,3.0783%,43.0705%,-0.025494,MU,-0.007889,-0.0005219999999999,0.002742,-0.0263609999999999,-0.076298
8491,MICRON TECHNOLOGY INC,DRAMeXchange Reports DRAM Contract Prices to Fall 15% in Q2 2019,6,decrease,0.8,0.7,"a reported decline in dram contract prices typically indicates reduced revenue potential for micron technology, which is likely to negatively impact its stock price.",0,2019-02-20,MU,2019-02-20 08:58:00+00:00,53613.0,59511210,0.0059580556116998,28034515.0,-0.0161099340766668,-0.0007145175477489,0.0250421613454818,-0.0056831128895282,0.0042283372022211,0.0131957586854696,0.0049122590571641,0.0316831357777118,-0.038175031542778,0.0471746921539306,-0.010648563504219,0.0,0.0171233061701059,-0.0203148610889911,-0.0125060230493545,-0.0515414103865623,-0.0260594170540571,0.0546101480722427,-0.0515129119157791,-0.0025336276739835,-0.002636395394802,-0.0032827591057866,0.0216759089380502,0.0361066758632659,0.0098317526280879,-0.0005230244714766,0.0056367213837802,0.0227334126830101,-0.0107005899772048,-0.0181198120117187,-0.0108164297416806,-0.0225871987640857,0.0294194500893354,0.0647717639803886,0.0017703513149172,0.0686331316828727,0.0191870313137769,0.0109242033213377,-0.0059449560940265,-0.0528523325920105,0.0961874052882194,0.0554898828268051,-0.0538759417831897,0.0089338663965463,-0.0257087871432304,-0.0120623661205172,-0.0056719984859228,-0.0196133982390165,-0.0270337350666523,-0.0372118912637233,0.0028039922472089,0.002784697106108,0.0505846887826919,0.0132618863135576,0.0222598146647214,0.0503852069377899,0.0044970088638365,-0.0076470095664262,0.0344015769660472,0.0397553257644176,-0.0230068806558847,0.0548387356102466,0.0100256539881229,-0.0534351132810115,-0.0096952486783266,0.0321462489664554,-0.0275058336555957,0.0050680977292358,0.0107861198484897,-0.0112746823579073,0.0026085041463375,0.0336678847670555,-0.0063860090449452,0.0644382834434509,-0.0045227003283798,-0.0428759641945362,0.0224772505462169,-0.0306905675679445,0.0091207483783364,-0.0041387826204299,0.0057937423698604,-0.0791556909680366,0.0,0.0067886519245803,-0.0145161533728241,-0.0093567157164216,0.0060789878480136,-0.0234151817858219,-0.0065070600248873,-0.028032150119543,-0.0152047136798501,0.0232888311147689,0.000237580446992,0.0117816049605608,-0.0011873482726514,-0.0144435605034232,-0.0038040855433791,-0.0626492425799369,0.0157517865300178,0.0214207451790571,0.0180921163409948,-0.0786909237504005,-0.0276944544166326,0.0381223373115062,-0.0443864874541759,0.017145911231637,-0.0126676186919212,-0.0206664744764566,-0.0120754605159163,0.0462161898612976,-0.0084034074097871,0.0117582799866795,-0.0400615707039833,0.0046702791005373,0.0302299950271844,0.0005497651873156,-0.002596688689664,0.0071982876397669,-0.0286383349448442,-0.0192778408527374,-0.0161099340766668,-0.0007145175477489,0.0085287997004019,-0.0063935697533918,0.0127931995436867,0.0067178209284732,-0.0210850349251544,0.0876100845422496,-0.1013977461657031,0.0630858295773704,0.0400379641140802,0.2831803687012209,-0.1160861813951698,0.1392885520245994,2019-02-21,2019-02-22,2019-02-25,2019-02-26,2019-02-27,2019-02-28,2019-03-01,2019-03-04,2019-03-05,2019-03-06,53613.0,2019-02-20,252.0,0.5958%,-0.0002,1.8176,0.7593,-0.1166,2.3507%,3.0984%,42.4424%,0.001332,MU,53613.0,2019-02-21,252.0,-1.6110%,-0.0003,1.8304,0.7833,-0.0932,2.3439%,3.0986%,42.7809%,-0.009221,MU,53613.0,2019-02-22,252.0,2.5042%,-0.0003,1.829,0.793,-0.1013,2.3441%,3.1021%,42.9010%,0.007367,MU,53613.0,2019-02-25,252.0,0.4228%,-0.0002,1.8281,0.7904,-0.1059,2.3437%,3.1019%,42.9108%,0.003264,MU,53613.0,2019-02-26,252.0,0.4912%,-0.0003,1.8096,0.7907,-0.1196,2.3391%,3.0851%,42.5151%,0.0124459999999999,MU,53613.0,2019-02-27,252.0,-3.8175%,-0.0005,1.8019,0.7922,-0.121,2.3515%,3.0883%,42.0221%,-0.0415489999999999,MU,53613.0,2019-02-28,252.0,-1.0649%,-0.0007,1.8229,0.8064,-0.1045,2.3400%,3.0880%,42.5789%,-0.005623,MU,53613.0,2019-03-01,252.0,1.7123%,-0.0008,1.8408,0.833,-0.0777,2.3329%,3.0897%,42.9916%,0.001151,MU,53613.0,2019-03-04,252.0,-1.2506%,-0.0007,1.8359,0.8482,-0.0761,2.3320%,3.0869%,42.9313%,0.000611,MU,53613.0,2019-03-05,252.0,-2.6059%,-0.0008,1.8372,0.8452,-0.0679,2.3347%,3.0848%,42.7224%,-0.020582,MU,53613.0,2019-03-06,252.0,-5.1513%,-0.0011,1.8236,0.9162,-0.0736,2.3226%,3.0783%,43.0705%,-0.025494,MU,-0.007889,-0.0005219999999999,0.002742,-0.0263609999999999,-0.076298
8499,NORTHERN DYNASTY MINERALS LTD,UPDATE: Northern Dynasty Reports Pebble Limited Partnership CEO Said 'preliminary review of the DEIS shows no major data gaps or substantive impacts associated with a mine at the Pebble site',6,increase,0.75,0.6,"the positive assessment of the deis by the ceo suggests fewer regulatory hurdles for the pebble project, which could boost investor confidence and lead to an increase in stock price.",2,2019-02-20,NAK,2019-02-20 19:46:00+00:00,90443.0,66510M20,0.1313497126102448,5883269.0,-0.0728999972343444,-0.0695789530873298,0.0336533188819885,-0.0207195114344358,0.0122091555967927,0.0089443540200591,0.0309278052300214,0.0015625109663233,-0.0199999809265136,-0.058269590139389,-0.061224490404129,0.0659834593534469,-0.0211956705898046,-0.0624509416520595,-0.0147695746272802,-0.0285714026540517,-0.0393372513353824,0.1797752529382706,-0.0404787100851535,0.0595238246023654,-0.0694546476006507,0.0596694611012935,0.0019711044151335,0.0162820797413587,-0.0163934268057346,0.0129870008677244,-0.0107999639585614,0.0231198072433471,-0.0392236150801181,0.004136140923947,-0.0739338397979736,0.0569735839962959,0.0030298952478915,0.0058156382292509,0.0270351748913526,-0.0159129593521356,0.0,0.0074533047154545,0.0055881985463202,-0.0123611753806471,-0.0159402769058942,-0.0136986169964075,-0.0334374159574508,0.0549133643507957,0.0193727016448974,-0.0076008099131286,-0.0073906164616346,0.0645802244544029,-0.0495365224778652,0.0092449653893709,-0.021422890946269,0.006201562937349,-0.0165005829185247,-0.0092166541144251,-0.0249169189482927,-0.0210526287555694,0.0068143238313496,-0.0211951788514852,0.0944161713123321,0.0292380601167678,-0.0224179998040199,0.1112794652581215,-0.010754382237792,0.0027008228935301,-0.0183852929621934,0.0407590232789516,-0.0234527774155139,-0.0184515379369258,0.0040026367641985,0.0353508405387401,-0.0114618148654699,-0.0409246124327182,-0.0060494057834148,0.1339806020259857,-0.0532544068992137,-0.0283018611371517,0.0448214150965213,-0.0701754763722419,0.0095709720626473,-0.0254744887351989,-0.0428304858505725,0.0084483418613672,-0.0026530076283961,-0.0032651955261826,-0.0157829169183969,-0.0399274416267871,-0.0131531879305839,0.0073126386851072,-0.0089464643970131,-0.0449206158518791,-0.0068165399134159,-0.0156249850988388,-0.0176219008862972,-0.043205302208662,0.0177491512149572,-0.0163235198706388,-0.0289424248039722,-0.0036630001850426,-0.0298051685094833,-0.0265297200530767,-0.0439148806035518,-0.0208100955933332,0.0092687979340553,-0.0578946992754936,-0.0406122915446758,0.0039629605598747,-0.0427568554878234,0.0093333721160888,-0.0611110553145408,0.0026737623848021,0.1573963910341263,-0.0217106379568576,-0.0617587007582187,0.04041363671422,0.0023975670337677,-0.0576997250318527,-0.00478360010311,0.0247011166065931,0.0288398172706365,0.1096370071172714,-0.0728999972343444,-0.0695789530873298,-0.0417000052057794,-0.0888568226076766,-0.0299999714609311,-0.0807072354661182,-0.01999998044157,-0.1329213417798977,-0.1822000150047986,0.05226192913595,-0.3532000222455042,0.3390395607654584,-0.5291000033783768,0.2886718511507731,2019-02-21,2019-02-22,2019-02-25,2019-02-26,2019-02-27,2019-02-28,2019-03-01,2019-03-04,2019-03-05,2019-03-06,90443.0,2019-02-20,252.0,13.1350%,0.001,1.1413,0.3771,0.6326,5.0680%,5.1895%,4.6300%,0.125848,NAK,90443.0,2019-02-21,252.0,-7.2900%,0.0007,1.1637,0.4077,0.6741,5.0847%,5.2101%,4.7580%,-0.067058,NAK,90443.0,2019-02-22,252.0,3.3653%,0.0008,1.1584,0.4284,0.6297,5.0884%,5.2138%,4.7536%,0.033656,NAK,90443.0,2019-02-25,252.0,1.2209%,0.0009,1.1574,0.4216,0.6225,5.0887%,5.2139%,4.7459%,0.012619,NAK,90443.0,2019-02-26,252.0,3.0928%,0.001,1.1427,0.3851,0.593,5.0933%,5.2145%,4.5947%,0.037432,NAK,90443.0,2019-02-27,252.0,-2.0000%,0.0009,1.1432,0.3777,0.593,5.0952%,5.2159%,4.5757%,-0.021149,NAK,90443.0,2019-02-28,252.0,-6.1224%,0.0008,1.1428,0.3755,0.6061,5.1060%,5.2253%,4.5157%,-0.056374,NAK,90443.0,2019-03-01,252.0,-2.1196%,0.0006,1.1517,0.3888,0.6333,5.1068%,5.2269%,4.5411%,-0.028178,NAK,90443.0,2019-03-04,252.0,-1.4770%,0.0006,1.1442,0.4233,0.6332,5.1058%,5.2247%,4.4966%,-0.009785,NAK,90443.0,2019-03-05,252.0,-3.9337%,0.0009,1.1721,0.6171,0.6661,5.0728%,5.2017%,4.8944%,-0.03465,NAK,90443.0,2019-03-06,252.0,-4.0479%,0.001,1.2056,0.6464,0.7079,5.0673%,5.2042%,5.1915%,-0.023214,NAK,0.0587899999999999,0.0924459999999999,0.1050649999999999,0.1213479999999999,-0.030853
8507,NORTHERN DYNASTY MINERALS LTD,"UPDATE: Northern Dynasty Minerals Reports US Army Corps Of Engineers Will Facilitate Formal Consultation, Public Comment Process Related To Pebble Project DEIS In Spring 2019",6,increase,0.7,0.6,"the facilitation of a formal consultation and public comment process by the us army corps of engineers suggests progress for the pebble project, which could positively influence investor sentiment and stock price.",2,2019-02-20,NAK,2019-02-20 19:46:00+00:00,90443.0,66510M20,0.1313497126102448,5883269.0,-0.0728999972343444,-0.0695789530873298,0.0336533188819885,-0.0207195114344358,0.0122091555967927,0.0089443540200591,0.0309278052300214,0.0015625109663233,-0.0199999809265136,-0.058269590139389,-0.061224490404129,0.0659834593534469,-0.0211956705898046,-0.0624509416520595,-0.0147695746272802,-0.0285714026540517,-0.0393372513353824,0.1797752529382706,-0.0404787100851535,0.0595238246023654,-0.0694546476006507,0.0596694611012935,0.0019711044151335,0.0162820797413587,-0.0163934268057346,0.0129870008677244,-0.0107999639585614,0.0231198072433471,-0.0392236150801181,0.004136140923947,-0.0739338397979736,0.0569735839962959,0.0030298952478915,0.0058156382292509,0.0270351748913526,-0.0159129593521356,0.0,0.0074533047154545,0.0055881985463202,-0.0123611753806471,-0.0159402769058942,-0.0136986169964075,-0.0334374159574508,0.0549133643507957,0.0193727016448974,-0.0076008099131286,-0.0073906164616346,0.0645802244544029,-0.0495365224778652,0.0092449653893709,-0.021422890946269,0.006201562937349,-0.0165005829185247,-0.0092166541144251,-0.0249169189482927,-0.0210526287555694,0.0068143238313496,-0.0211951788514852,0.0944161713123321,0.0292380601167678,-0.0224179998040199,0.1112794652581215,-0.010754382237792,0.0027008228935301,-0.0183852929621934,0.0407590232789516,-0.0234527774155139,-0.0184515379369258,0.0040026367641985,0.0353508405387401,-0.0114618148654699,-0.0409246124327182,-0.0060494057834148,0.1339806020259857,-0.0532544068992137,-0.0283018611371517,0.0448214150965213,-0.0701754763722419,0.0095709720626473,-0.0254744887351989,-0.0428304858505725,0.0084483418613672,-0.0026530076283961,-0.0032651955261826,-0.0157829169183969,-0.0399274416267871,-0.0131531879305839,0.0073126386851072,-0.0089464643970131,-0.0449206158518791,-0.0068165399134159,-0.0156249850988388,-0.0176219008862972,-0.043205302208662,0.0177491512149572,-0.0163235198706388,-0.0289424248039722,-0.0036630001850426,-0.0298051685094833,-0.0265297200530767,-0.0439148806035518,-0.0208100955933332,0.0092687979340553,-0.0578946992754936,-0.0406122915446758,0.0039629605598747,-0.0427568554878234,0.0093333721160888,-0.0611110553145408,0.0026737623848021,0.1573963910341263,-0.0217106379568576,-0.0617587007582187,0.04041363671422,0.0023975670337677,-0.0576997250318527,-0.00478360010311,0.0247011166065931,0.0288398172706365,0.1096370071172714,-0.0728999972343444,-0.0695789530873298,-0.0417000052057794,-0.0888568226076766,-0.0299999714609311,-0.0807072354661182,-0.01999998044157,-0.1329213417798977,-0.1822000150047986,0.05226192913595,-0.3532000222455042,0.3390395607654584,-0.5291000033783768,0.2886718511507731,2019-02-21,2019-02-22,2019-02-25,2019-02-26,2019-02-27,2019-02-28,2019-03-01,2019-03-04,2019-03-05,2019-03-06,90443.0,2019-02-20,252.0,13.1350%,0.001,1.1413,0.3771,0.6326,5.0680%,5.1895%,4.6300%,0.125848,NAK,90443.0,2019-02-21,252.0,-7.2900%,0.0007,1.1637,0.4077,0.6741,5.0847%,5.2101%,4.7580%,-0.067058,NAK,90443.0,2019-02-22,252.0,3.3653%,0.0008,1.1584,0.4284,0.6297,5.0884%,5.2138%,4.7536%,0.033656,NAK,90443.0,2019-02-25,252.0,1.2209%,0.0009,1.1574,0.4216,0.6225,5.0887%,5.2139%,4.7459%,0.012619,NAK,90443.0,2019-02-26,252.0,3.0928%,0.001,1.1427,0.3851,0.593,5.0933%,5.2145%,4.5947%,0.037432,NAK,90443.0,2019-02-27,252.0,-2.0000%,0.0009,1.1432,0.3777,0.593,5.0952%,5.2159%,4.5757%,-0.021149,NAK,90443.0,2019-02-28,252.0,-6.1224%,0.0008,1.1428,0.3755,0.6061,5.1060%,5.2253%,4.5157%,-0.056374,NAK,90443.0,2019-03-01,252.0,-2.1196%,0.0006,1.1517,0.3888,0.6333,5.1068%,5.2269%,4.5411%,-0.028178,NAK,90443.0,2019-03-04,252.0,-1.4770%,0.0006,1.1442,0.4233,0.6332,5.1058%,5.2247%,4.4966%,-0.009785,NAK,90443.0,2019-03-05,252.0,-3.9337%,0.0009,1.1721,0.6171,0.6661,5.0728%,5.2017%,4.8944%,-0.03465,NAK,90443.0,2019-03-06,252.0,-4.0479%,0.001,1.2056,0.6464,0.7079,5.0673%,5.2042%,5.1915%,-0.023214,NAK,0.0587899999999999,0.0924459999999999,0.1050649999999999,0.1213479999999999,-0.030853
8515,NORTHERN DYNASTY MINERALS LTD,Northern Dynasty Minerals Reports US Army Corps Of Engineers Posted To Its Website Draft Environmental Impact Statement For Southwest Alaska's Pebble Project,6,uncertain,0.6,0.3,"the release of the draft environmental impact statement could be seen as a step forward for the pebble project, but the overall market reaction will depend on the content of the statement and public sentiment regarding the project.",1,2019-02-20,NAK,2019-02-20 19:45:00+00:00,90443.0,66510M20,0.1313497126102448,5883269.0,-0.0728999972343444,-0.0695789530873298,0.0336533188819885,-0.0207195114344358,0.0122091555967927,0.0089443540200591,0.0309278052300214,0.0015625109663233,-0.0199999809265136,-0.058269590139389,-0.061224490404129,0.0659834593534469,-0.0211956705898046,-0.0624509416520595,-0.0147695746272802,-0.0285714026540517,-0.0393372513353824,0.1797752529382706,-0.0404787100851535,0.0595238246023654,-0.0694546476006507,0.0596694611012935,0.0019711044151335,0.0162820797413587,-0.0163934268057346,0.0129870008677244,-0.0107999639585614,0.0231198072433471,-0.0392236150801181,0.004136140923947,-0.0739338397979736,0.0569735839962959,0.0030298952478915,0.0058156382292509,0.0270351748913526,-0.0159129593521356,0.0,0.0074533047154545,0.0055881985463202,-0.0123611753806471,-0.0159402769058942,-0.0136986169964075,-0.0334374159574508,0.0549133643507957,0.0193727016448974,-0.0076008099131286,-0.0073906164616346,0.0645802244544029,-0.0495365224778652,0.0092449653893709,-0.021422890946269,0.006201562937349,-0.0165005829185247,-0.0092166541144251,-0.0249169189482927,-0.0210526287555694,0.0068143238313496,-0.0211951788514852,0.0944161713123321,0.0292380601167678,-0.0224179998040199,0.1112794652581215,-0.010754382237792,0.0027008228935301,-0.0183852929621934,0.0407590232789516,-0.0234527774155139,-0.0184515379369258,0.0040026367641985,0.0353508405387401,-0.0114618148654699,-0.0409246124327182,-0.0060494057834148,0.1339806020259857,-0.0532544068992137,-0.0283018611371517,0.0448214150965213,-0.0701754763722419,0.0095709720626473,-0.0254744887351989,-0.0428304858505725,0.0084483418613672,-0.0026530076283961,-0.0032651955261826,-0.0157829169183969,-0.0399274416267871,-0.0131531879305839,0.0073126386851072,-0.0089464643970131,-0.0449206158518791,-0.0068165399134159,-0.0156249850988388,-0.0176219008862972,-0.043205302208662,0.0177491512149572,-0.0163235198706388,-0.0289424248039722,-0.0036630001850426,-0.0298051685094833,-0.0265297200530767,-0.0439148806035518,-0.0208100955933332,0.0092687979340553,-0.0578946992754936,-0.0406122915446758,0.0039629605598747,-0.0427568554878234,0.0093333721160888,-0.0611110553145408,0.0026737623848021,0.1573963910341263,-0.0217106379568576,-0.0617587007582187,0.04041363671422,0.0023975670337677,-0.0576997250318527,-0.00478360010311,0.0247011166065931,0.0288398172706365,0.1096370071172714,-0.0728999972343444,-0.0695789530873298,-0.0417000052057794,-0.0888568226076766,-0.0299999714609311,-0.0807072354661182,-0.01999998044157,-0.1329213417798977,-0.1822000150047986,0.05226192913595,-0.3532000222455042,0.3390395607654584,-0.5291000033783768,0.2886718511507731,2019-02-21,2019-02-22,2019-02-25,2019-02-26,2019-02-27,2019-02-28,2019-03-01,2019-03-04,2019-03-05,2019-03-06,90443.0,2019-02-20,252.0,13.1350%,0.001,1.1413,0.3771,0.6326,5.0680%,5.1895%,4.6300%,0.125848,NAK,90443.0,2019-02-21,252.0,-7.2900%,0.0007,1.1637,0.4077,0.6741,5.0847%,5.2101%,4.7580%,-0.067058,NAK,90443.0,2019-02-22,252.0,3.3653%,0.0008,1.1584,0.4284,0.6297,5.0884%,5.2138%,4.7536%,0.033656,NAK,90443.0,2019-02-25,252.0,1.2209%,0.0009,1.1574,0.4216,0.6225,5.0887%,5.2139%,4.7459%,0.012619,NAK,90443.0,2019-02-26,252.0,3.0928%,0.001,1.1427,0.3851,0.593,5.0933%,5.2145%,4.5947%,0.037432,NAK,90443.0,2019-02-27,252.0,-2.0000%,0.0009,1.1432,0.3777,0.593,5.0952%,5.2159%,4.5757%,-0.021149,NAK,90443.0,2019-02-28,252.0,-6.1224%,0.0008,1.1428,0.3755,0.6061,5.1060%,5.2253%,4.5157%,-0.056374,NAK,90443.0,2019-03-01,252.0,-2.1196%,0.0006,1.1517,0.3888,0.6333,5.1068%,5.2269%,4.5411%,-0.028178,NAK,90443.0,2019-03-04,252.0,-1.4770%,0.0006,1.1442,0.4233,0.6332,5.1058%,5.2247%,4.4966%,-0.009785,NAK,90443.0,2019-03-05,252.0,-3.9337%,0.0009,1.1721,0.6171,0.6661,5.0728%,5.2017%,4.8944%,-0.03465,NAK,90443.0,2019-03-06,252.0,-4.0479%,0.001,1.2056,0.6464,0.7079,5.0673%,5.2042%,5.1915%,-0.023214,NAK,0.0587899999999999,0.0924459999999999,0.1050649999999999,0.1213479999999999,-0.030853
8523,NAVIENT CORP,Canyon Partners Withdraws Indication Of Interest In Acquiring Navient And Announces Intention To Propose An Independent Minority Slate Of Navient Directors,6,decrease,0.7,0.6,"the withdrawal of canyon partners' interest in acquiring navient may signal a lack of confidence in the company's value, potentially leading to a decrease in stock price.",0,2019-02-20,NAVI,2019-02-20 22:23:00+00:00,14601.0,63938C10,-0.0101641993969678,4287196.0,-0.0268562529236078,0.0903666242957115,0.0097402511164546,0.0094664078205823,0.0120579246431589,-0.0059879980981349,0.000794299354311,0.0094991065561771,-0.00396826909855,0.0166812613606452,-0.0135458111763,0.0124444747343659,-0.000818349304609,-0.0105540798977017,-0.0073710200376808,-0.0043783001601696,-0.0115511836484074,-0.0017482084222137,-0.0141902444884181,0.003508768742904,-0.0228620190173387,-0.003496500197798,0.0164644345641136,0.003508768742904,0.0017050689784809,-0.004366829060018,0.0,0.0,0.0042553353123366,0.0008741458877921,0.0042373044416308,-0.0086655439808964,0.0151898181065917,0.0087412921711802,0.0091438582167029,0.029702965170145,-0.0148270428180694,0.0239630658179521,-0.0142140528187155,-0.0054994928650557,0.0212044101208448,0.0331438854336738,-0.0373753979802131,-0.0084506291896104,0.0,0.0181643962860107,0.0025884152855724,0.0048030922189354,-0.0051634651608765,0.0019248799653723,0.0147058060392737,-0.0057415757328271,-0.0136402258649468,0.005774731747806,0.0458081848919391,0.0206286869943141,-0.0223140865564346,0.012935334816575,0.0126795955002307,0.0223804954439401,0.0191987063735723,0.0402116514742374,-0.0032760000322014,0.0172228030860424,0.0073952465318143,0.054483488202095,-0.0277324747294187,-0.0045197694562375,0.0192952640354633,0.0045402906835079,0.0008230641251429,-0.0045197694562375,0.0213815979659557,0.0498220697045326,-0.0120772635564208,-0.012880521826446,0.0065199611708521,-0.0183907877653837,-0.0145749226212501,0.001150774420239,0.0016433446435257,-0.0461031943559646,-0.0106644108891487,-0.023579878732562,0.0306799225509166,-0.0271115973591804,0.0426387563347816,-0.0263959616422653,0.0177468787878751,-0.0314650647342205,0.0007581674726679,0.0241691600531339,-0.0015151139814406,-0.0255151409655809,0.0250379294157028,-0.0422933027148246,0.008882300928235,-0.0157261863350868,0.0154071925207972,0.0138632832095027,0.0057803411036729,-0.0492091737687587,0.0007184072164818,-0.0104347728192806,-0.0107681667432189,0.004366829060018,-0.0094339707866311,0.0214094351977109,-0.0014651651727035,0.0117328623309731,0.0139398081228137,-0.0237885862588882,-0.0426917634904384,0.018850989639759,0.0098261618986725,-0.0053570950403809,0.0142215974628925,0.0438024513423442,-0.0007380242459475,-0.1058333739638329,-0.0268562529236078,0.0903666242957115,-0.0173775884546761,0.1006884794352465,-0.0055292014635835,0.0940975589137491,-0.0086887562552425,0.1229148030465059,-0.0549263579166949,0.1219298613496506,-0.0413224878634633,0.3011190368142935,0.0835136909228082,0.0816088449687397,2019-02-21,2019-02-22,2019-02-25,2019-02-26,2019-02-27,2019-02-28,2019-03-01,2019-03-04,2019-03-05,2019-03-06,14601.0,2019-02-20,252.0,-1.0164%,0.0003,1.3137,0.8904,1.5539,1.5259%,2.0269%,43.3256%,-0.023469,NAVI,14601.0,2019-02-21,252.0,-2.6856%,0.0002,1.3142,0.8874,1.5549,1.5288%,2.0279%,43.1620%,-0.017898,NAVI,14601.0,2019-02-22,252.0,0.9740%,0.0004,1.3104,0.9197,1.5389,1.5277%,2.0265%,43.1676%,0.0190749999999999,NAVI,14601.0,2019-02-25,252.0,1.2058%,0.0005,1.3078,0.9098,1.5241,1.5244%,2.0207%,43.0880%,0.015153,NAVI,14601.0,2019-02-26,252.0,0.0794%,0.0006,1.3068,0.8926,1.5146,1.5265%,2.0193%,42.8497%,0.0136389999999999,NAVI,14601.0,2019-02-27,252.0,-0.3968%,0.0006,1.3103,0.8847,1.5152,1.5261%,2.0194%,42.8923%,-0.005123,NAVI,14601.0,2019-02-28,252.0,-1.3546%,0.0005,1.3135,0.8867,1.519,1.5265%,2.0194%,42.8621%,-0.005973,NAVI,14601.0,2019-03-01,252.0,-0.0818%,0.0005,1.3204,0.897,1.5332,1.5246%,2.0187%,42.9628%,-0.006861,NAVI,14601.0,2019-03-04,252.0,-0.7371%,0.0004,1.3294,0.8704,1.5302,1.5203%,2.0180%,43.2392%,-0.002986,NAVI,14601.0,2019-03-05,252.0,-1.1551%,0.0004,1.3291,0.8659,1.5312,1.5203%,2.0167%,43.1728%,-0.00301,NAVI,14601.0,2019-03-06,252.0,-1.4190%,0.0004,1.3231,0.8545,1.523,1.5204%,2.0145%,43.0381%,0.0071819999999999,NAVI,-0.041367,-0.022292,-0.007139,0.0013769999999999,-0.010271
8531,NORDSON CORP,"Nordson Q1 EPS $0.92 Misses $1.12 Estimate, Sales $498M Beat $497.8M Estimate",6,decrease,0.7,0.5,"the earnings per share (eps) miss is likely to weigh more heavily on investor sentiment than the slight sales beat, leading to a potential decrease in stock price.",0,2019-02-20,NDSN,2019-02-20 21:31:00+00:00,57809.0,65566310,-0.0031594657339155,394321.0,-0.0268694050610065,-0.0029355171136558,0.0176179204136133,0.0106367673724889,0.0109842410311102,0.0068483352661132,-0.013633407652378,0.0062311473302543,-0.0003656797634903,0.0246375631541013,-0.0068037742748856,0.0040727700106799,-0.0021360733080655,0.0018890736391767,0.0070863766595721,-0.0126827592030167,0.003811510046944,0.0073650665581226,-0.0084702717140316,0.0062007866799831,-0.0187789071351289,0.0120924673974514,-0.0096818413585424,0.0078679751604795,0.0034862200263887,0.0034832181409001,-0.0004531195154413,0.0087451785802841,-0.0004534402396529,0.0035261288285255,-0.0080126812681555,-0.0006264228723011,-0.006400947459042,0.0109246140345931,0.0197868067771196,0.0108834877610206,-0.0003760476247407,-0.0035882669035345,-0.0088774655014276,-0.0223728958517313,0.0157127063721418,0.025665620341897,-0.0437934435904026,0.0114840129390358,0.0047674924135208,0.0087289903312921,0.0134567189961671,0.0016342913731932,-0.0031467375811189,-0.0029330342076718,0.0129349604249,-0.0139781925827264,0.0072971018962562,0.0121148508042097,0.0250527616590261,0.0246604941785335,0.0044905818067491,0.0263360571116209,0.0068157417699694,0.0015414945082739,0.0024748605210334,0.0355622060596942,0.009003815241158,-0.0368155613541603,0.0066205966286361,-0.019103467464447,-0.0074350051581859,0.014880952425301,0.0147652197629213,-0.0017825234681367,0.0037617913912981,0.0033214052673429,0.0199406538158655,0.0496111139655113,-0.0010399968596175,-0.0140137169510126,0.0059684962034225,-0.0111556462943553,-0.0039323358796536,0.0027008110191673,0.0119130155071616,-0.0129847973585128,-0.0023272524122148,0.0131556205451488,0.0161910038441419,-0.0318009629845619,-0.0049958834424614,-0.0051191723905503,-0.0255801603198051,0.0632640644907951,0.010236064903438,0.0125587219372391,0.0104770073667168,-0.0213969778269529,-0.0044338959269225,-0.0032607980538159,-0.0113737834617495,-0.0176608152687549,0.007069126702845,-0.0053388024680316,0.0244305487722158,-0.0474120751023292,-0.0083300117403268,0.0124574368819594,-0.0170707833021879,0.0204237606376409,-0.0050999685190618,-0.0264026150107383,-0.0075505427084863,0.0223533846437931,-0.0021637296304106,-0.0508406609296798,-0.034974817186594,0.0088038444519042,-0.0016672294586896,-0.0061808014288544,0.0015973370755091,0.0233284384012222,0.0022471733391284,-0.0269363187253475,-0.0268694050610065,-0.0029355171136558,-0.0097248676873191,0.0076700258461772,0.001152553053118,0.0145708880207848,-0.0128576778463979,0.0460451402417201,-0.0193573275798722,0.0530852151984402,-0.0078746455321575,0.1926008286533351,-0.0015195731022394,0.1164957941627287,2019-02-21,2019-02-22,2019-02-25,2019-02-26,2019-02-27,2019-02-28,2019-03-01,2019-03-04,2019-03-05,2019-03-06,57809.0,2019-02-20,252.0,-0.3159%,-0.0001,1.0624,0.4613,0.1144,1.1884%,1.6416%,47.5912%,-0.0069689999999999,NDSN,57809.0,2019-02-21,252.0,-2.6869%,-0.0002,1.0698,0.4715,0.1282,1.1961%,1.6504%,47.4775%,-0.0224529999999999,NDSN,57809.0,2019-02-22,252.0,1.7618%,-0.0002,1.0687,0.4653,0.109,1.1971%,1.6537%,47.6029%,0.009856,NDSN,57809.0,2019-02-25,252.0,1.0984%,-0.0002,1.0704,0.4617,0.1135,1.1952%,1.6525%,47.6880%,0.010687,NDSN,57809.0,2019-02-26,252.0,-1.3633%,-0.0,1.1017,0.4433,0.1276,1.1555%,1.6404%,50.3810%,-0.0086909999999999,NDSN,57809.0,2019-02-27,252.0,-0.0366%,-0.0,1.0996,0.4464,0.1272,1.1552%,1.6379%,50.2515%,-0.002146,NDSN,57809.0,2019-02-28,252.0,-0.6804%,-0.0001,1.1041,0.4495,0.1313,1.1545%,1.6378%,50.3109%,-0.003266,NDSN,57809.0,2019-03-01,252.0,-0.2136%,-0.0001,1.0953,0.4363,0.1227,1.1545%,1.6300%,49.8319%,-0.0109539999999999,NDSN,57809.0,2019-03-04,252.0,0.7086%,-0.0001,1.0971,0.4177,0.1251,1.1569%,1.6305%,49.6575%,0.013959,NDSN,57809.0,2019-03-05,252.0,0.3812%,-0.0,1.0971,0.4223,0.1224,1.1573%,1.6302%,49.5987%,0.0071819999999999,NDSN,57809.0,2019-03-06,252.0,-0.8470%,0.0,1.0957,0.4093,0.119,1.1578%,1.6303%,49.5581%,0.005928,NDSN,-0.0294219999999999,-0.0195659999999999,-0.0088789999999999,-0.0197159999999999,-0.0068669999999999
8539,NEWMONT CORP,A Preview Of Newmont Mining's Q4 Earnings,6,uncertain,0.5,0.5,the preview of newmont mining's q4 earnings could lead to varying investor reactions depending on the actual results and market expectations.,1,2019-02-20,NEM,2019-02-20 18:45:00+00:00,21207.0,65163910,0.0249058976769447,11737046.0,0.0005651443498209,0.0388085767626762,0.0302174445241689,0.0039263386279344,-0.0104166958481073,-0.0036111625377088,-0.0318558923900127,-0.0047918492928147,-0.0266094505786895,-0.0077266604639589,0.0029394025914371,-0.0056146164424717,-0.0087924748659133,0.0032612099312245,0.0186280626803636,-0.0073572690598666,0.0014513566857203,-0.0041031474247574,-0.0353623367846012,-0.0011709870304912,0.0024140565656125,0.0094562554731965,0.0147500857710838,-0.0079155806452035,-0.0077127953991293,0.0118659604340791,0.0319880321621894,0.0050685200840234,-0.0031865760684013,0.0191431492567062,-0.0287707559764385,-0.0075392038561403,-0.0083781806752085,0.0304536838084459,-0.0042244838550686,-0.0006211322033777,0.0084848115220665,0.0031153361778706,0.0177283715456724,0.0103870946913957,0.0135814268141984,0.0047438209876418,0.004951883573085,0.0019011842086911,0.0115942470729351,0.0174080915749073,0.0189111698418855,-0.0239144191145896,0.0042181583121418,-0.0888761579990387,-0.0039204536005854,0.0017231870442628,0.0056227371096611,0.0130928363651037,-0.0044730179943144,0.0088053783401846,0.0061780740506947,0.0029437288176268,0.0033491188660264,-0.011925533413887,0.0147426640614867,0.0,0.0005482581909745,-0.002900187857449,0.0043835574761033,-0.0049062618054449,-0.0016366987256333,0.0052219405770301,-0.0090163396671414,-0.0148614011704921,-0.0082712778821587,0.0133218336850404,0.0077842306345701,-0.0014460106613114,-0.0022069469559937,0.0313153304159641,-0.0138235352933406,-0.016427144408226,-0.017533790320158,0.0623247101902961,-0.0333528183400631,-0.0605971813201904,-0.0148305585607886,0.0163641534745693,-0.0055299634113907,0.0090062813833355,-0.0052517200820147,-0.021445345133543,-0.0177019126713275,-0.0011737357126548,-0.0053746467456221,0.0221956111490726,-0.0222504418343305,-0.0056665265001356,0.0097529012709856,0.0041928538121283,-0.0238248482346534,0.022351486608386,-0.0072559141553938,-0.0292986389249563,0.0039866752922534,0.0171583276242017,-0.0092653473839163,0.0272109173238277,0.0260520633310079,0.0,-0.0169270373880863,-0.0107065923511982,-0.0089404126629233,0.0228410381823778,0.0073504615575075,-0.0157068707048893,0.0252073053270578,0.0003081372997257,-0.0025881566107273,-0.0336409956216812,-0.0045410115271806,0.0209726020693779,-0.004561788868159,0.0033546998165547,0.0005651443498209,0.0388085767626762,0.0307996660920286,0.0428872910046491,0.0200621394900173,0.0391212554883204,-0.0387114695209344,0.0261514793696893,-0.0596213614607968,0.0108313527205599,0.0201150697371803,0.0043629316527777,-0.1111875200293692,0.0575789431945974,2019-02-21,2019-02-22,2019-02-25,2019-02-26,2019-02-27,2019-02-28,2019-03-01,2019-03-04,2019-03-05,2019-03-06,21207.0,2019-02-20,252.0,2.4906%,-0.0003,0.1689,0.4589,0.2102,1.7385%,1.7596%,2.3857%,0.022525,NEM,21207.0,2019-02-21,252.0,0.0565%,-0.0002,0.163,0.4473,0.1993,1.7359%,1.7558%,2.2549%,0.001895,NEM,21207.0,2019-02-22,252.0,3.0217%,-0.0001,0.1582,0.4664,0.1595,1.7448%,1.7657%,2.3631%,0.029528,NEM,21207.0,2019-02-25,252.0,-1.0417%,-0.0,0.1566,0.4694,0.1554,1.7436%,1.7648%,2.3834%,-0.009254,NEM,21207.0,2019-02-26,252.0,-3.1856%,-0.0003,0.1456,0.5191,0.1724,1.7435%,1.7672%,2.6638%,-0.028188,NEM,21207.0,2019-02-27,252.0,-2.6609%,-0.0004,0.1372,0.5262,0.1709,1.7484%,1.7720%,2.6399%,-0.02762,NEM,21207.0,2019-02-28,252.0,0.2939%,-0.0003,0.1259,0.5186,0.1618,1.7443%,1.7666%,2.5115%,0.003587,NEM,21207.0,2019-03-01,252.0,-0.8792%,-0.0004,0.1226,0.5136,0.1614,1.7454%,1.7670%,2.4282%,-0.010646,NEM,21207.0,2019-03-04,252.0,1.8628%,-0.0003,0.1174,0.5121,0.167,1.7500%,1.7710%,2.3498%,0.0206009999999999,NEM,21207.0,2019-03-05,252.0,0.1451%,-0.0002,0.1191,0.5282,0.1669,1.7489%,1.7708%,2.4526%,0.003549,NEM,21207.0,2019-03-06,252.0,-3.5362%,-0.0004,0.1252,0.5895,0.1821,1.7562%,1.7836%,3.0498%,-0.027863,NEM,0.02442,0.0539479999999999,0.044694,-0.011114,-0.021886
8547,NEPTUNE WELLNESS SOLUTIONS INC,"Neptune Wellness Solns Option Alert: Jan, 2021 $5 Calls Sweep (4) above Ask!: 1000 @ $1.375 vs 56 OI; Ref=$3.7",6,increase,0.7,0.6,"the significant call option activity above the ask price suggests bullish sentiment among investors, which may lead to an increase in the stock price.",2,2019-02-20,NEPT,2019-02-20 16:41:00+00:00,92222.0,64079L20,0.0027247930411249,741805.0,0.0108695542439818,0.0027322378009557,-0.0134408473968505,0.0764705836772918,0.0,-0.0368271619081497,0.0027247930411249,-0.0167130772024393,-0.0190217848867178,0.0527858734130859,0.0055402270518243,-0.0367231294512748,-0.0165289752185344,0.0172413624823093,-0.01960782520473,-0.0141642922535538,-0.0142857003957033,-0.0459459647536277,-0.0159420482814312,-0.0133333206176757,-0.0162003152072429,0.1160714626312256,-0.0149700455367565,-0.0029673562385141,0.0060790218412876,0.0243160873651504,0.0060422904789447,0.0217391103506088,0.0,-0.0271903071552515,-0.0150150014087557,-0.0060060005635023,0.0243902206420898,-0.0263158343732357,-0.0089285634458065,-0.0115606822073459,0.0150150721892714,0.0328358635306358,-0.0177515316754579,-0.0401146449148654,-0.0331325009465217,-0.0251396410167217,-0.0716510936617851,-0.0298103336244821,0.0167785082012414,-0.0238095019012689,0.052805308252573,0.0,-0.0501567646861076,0.0356164053082466,0.0396040007472038,0.0224090088158845,0.0126983998343348,0.0499999523162841,0.0062695862725377,0.0240964349359273,-0.0124610476195812,0.0215384401381015,0.0788643509149551,0.1245674341917038,-0.0292398072779178,0.0703703910112381,0.0331325717270374,-0.0217391103506088,0.0,0.0866141840815544,0.0029154489748179,-0.0193050019443035,0.0406976342201232,-0.0407407879829406,-0.0223463475704193,-0.0287769511342048,0.017142841592431,0.0923378765583038,0.0252809412777423,-0.0711678564548492,0.008219170384109,0.0418250523507595,0.0516303852200508,-0.0149812586605548,0.0413437560200691,0.0152091104537248,0.0248138699680566,-0.0112781841307878,-0.0048426100984215,-0.0533807314932346,0.0462287217378616,-0.044217724353075,-0.0697674825787544,-0.0232557915151119,0.0025000572204589,0.0033333301544189,0.0349126830697059,0.0238907616585493,-0.0144578171893954,-0.0361841768026351,0.0122248688712716,-0.0193548202514648,0.0314009934663772,0.0097719775512814,-0.0070258104242384,-0.06116209551692,0.0400943607091903,0.0218749791383743,-0.015872947871685,0.0191082619130611,-0.0368664339184761,-0.0278637502342462,-0.0167463384568691,0.0419355221092701,-0.0486618094146251,-0.0402477122843265,-0.0153453145176172,0.0125391725450754,0.0363636650145053,0.0191693101078271,0.0025062633212655,0.0096774874255061,-0.0049999952316284,-0.0402477122843265,0.0108695542439818,0.0027322378009557,-0.0027173891727338,0.0794117572976318,-0.0027173891727338,0.0396600857460716,-0.019021785332785,0.0762463290721218,-0.0774456745412205,-0.0213333124314738,-0.0706521724395543,0.2698961779168298,0.0815217243704491,0.1362229405719772,2019-02-21,2019-02-22,2019-02-25,2019-02-26,2019-02-27,2019-02-28,2019-03-01,2019-03-04,2019-03-05,2019-03-06,92222.0,2019-02-20,252.0,0.2725%,0.0017,1.5092,0.9404,-0.0824,5.1182%,5.3999%,10.1621%,-0.001821,NEPT,92222.0,2019-02-21,252.0,1.0870%,0.0018,1.5071,0.9397,-0.0862,5.1190%,5.3999%,10.1330%,0.016822,NEPT,92222.0,2019-02-22,252.0,-1.3441%,0.0019,1.5091,0.9998,-0.0074,5.1131%,5.3919%,10.0729%,-0.029773,NEPT,92222.0,2019-02-25,252.0,0.0000%,0.002,1.5051,0.9967,-0.0239,5.1086%,5.3876%,10.0920%,0.000222,NEPT,92222.0,2019-02-26,252.0,0.2725%,0.0021,1.514,0.9751,-0.0281,5.1076%,5.3876%,10.1247%,0.011333,NEPT,92222.0,2019-02-27,252.0,-1.9022%,0.002,1.5182,0.9606,-0.0275,5.1095%,5.3893%,10.1149%,-0.022371,NEPT,92222.0,2019-02-28,252.0,0.5540%,0.0023,1.4898,0.9414,-0.05,5.1000%,5.3708%,9.8289%,0.009886,NEPT,92222.0,2019-03-01,252.0,-1.6529%,0.0023,1.4514,0.8843,-0.0943,5.0936%,5.3528%,9.4494%,-0.030275,NEPT,92222.0,2019-03-04,252.0,-1.9608%,0.0022,1.4614,0.8606,-0.099,5.0926%,5.3543%,9.5344%,-0.008246,NEPT,92222.0,2019-03-05,252.0,-1.4286%,0.0021,1.4602,0.8435,-0.0956,5.0924%,5.3510%,9.4312%,-0.009461,NEPT,92222.0,2019-03-06,252.0,-1.5942%,0.0024,1.4976,0.8,-0.0592,5.0711%,5.3380%,9.7507%,0.006901,NEPT,0.015001,-0.014772,-0.01455,-0.025588,-0.056783
8555,N G L ENERGY PARTNERS LP,"Credit Suisse Downgrades NGL Energy Partners to Neutral, Raises Price Target to $15",6,decrease,0.7,0.5,"a downgrade to 'neutral' typically signals a less favorable outlook, which may lead to a decrease in stock price despite the raised price target.",0,2019-02-20,NGL,2019-02-20 13:21:00+00:00,12745.0,62913M10,-0.0598845556378364,1797243.0,0.0053722676821053,0.0146412746980786,0.0229007042944431,0.0356330759823322,0.0052239289507269,0.0153964441269636,-0.0066815256141126,0.0843072012066841,0.0014947312884032,0.0417390912771225,-0.0268656462430954,0.0579576939344406,0.0007668887265026,-0.0082116927951574,0.0061302622780203,-0.000911597860977,-0.0015232641017064,-0.0248888656497001,-0.00305110309273,-0.0085178697481751,0.0084162671118974,-0.015100697055459,-0.0113809229806065,0.0144680915400385,0.0245587602257728,0.0025597040075808,-0.0119850784540176,0.0298769902437925,0.0098559604957699,-0.0035026236437261,-0.0060060005635023,-0.0146678239107132,0.0203927848488092,0.0376007221639156,0.0288674607872963,0.0044964202679693,-0.0086330855265259,0.0018017570255324,0.0007257060497067,-0.0211640000343322,0.0159536097198724,0.0179533045738935,-0.0149892959743738,0.0099728573113679,0.0123188458383083,0.0128557747229933,-0.002147507853806,0.0401146188378334,-0.0078909369185566,-0.0085227414965629,0.0021691781003028,-0.036496315151453,0.0122655183076858,-0.0170403216034174,0.0028510307893157,0.0219981465488672,-0.0028429254889488,0.0092506408691406,-0.0071275429800152,0.0404234901070594,0.0201004836708307,0.0400400981307029,-0.0007037458708509,0.0080726463347673,-0.0014084158465266,0.0333680585026741,-0.0077574476599693,0.0158898923546075,-0.0063965995796024,0.047724675387144,0.0014306479133665,-0.0525762327015399,0.0049999780021607,0.064949594438076,0.0028429254889488,-0.0499999299645423,0.0056697325780987,0.0140236411243677,0.0035236217081546,-0.0540816038846969,0.0,0.0187110509723424,0.0224719569087028,-0.0263158120214939,-0.0013736577238887,-0.0313725210726261,0.009628633968532,0.0039370041340589,0.000681149540469,0.035677820444107,-0.0129339406266808,0.0,0.0013793419348075,0.002042947569862,-0.0179063510149717,-0.0287698376923799,-0.0098176961764693,0.0338461473584175,-0.0424928776919841,0.0241596139967441,0.0258875302970409,-0.0083333253860473,0.0108147235587239,0.034482829272747,0.0051357075572013,-0.0520939975976944,-0.0102189341560006,0.0197916217148304,-0.0095870289951562,0.0041840961202979,0.0290394183248281,-0.0254841987043619,0.0043415646068751,0.0380953028798103,0.0324207358062267,-0.0186916198581457,0.0132589349523186,0.0321543626487255,0.0144627466797828,-0.0361570641398429,0.0053722676821053,0.0146412746980786,0.0283960006901269,0.0507960643342058,0.0337682683309439,0.0669745872275606,0.0283960006106975,0.2052173613631172,0.003069836259649,0.2215059547021911,0.0690714212990712,0.3802193615988674,0.1628146244475083,0.4814544537091512,2019-02-21,2019-02-22,2019-02-25,2019-02-26,2019-02-27,2019-02-28,2019-03-01,2019-03-04,2019-03-05,2019-03-06,12745.0,2019-02-20,252.0,-5.9885%,0.0009,1.1987,0.9818,0.7382,2.5592%,2.8448%,19.0691%,-0.068969,NGL,12745.0,2019-02-21,252.0,0.5372%,0.0009,1.2046,0.9963,0.749,2.5559%,2.8441%,19.2417%,0.012093,NGL,12745.0,2019-02-22,252.0,2.2901%,0.0009,1.2019,0.9974,0.7175,2.5588%,2.8471%,19.2321%,0.020501,NGL,12745.0,2019-02-25,252.0,0.5224%,0.0011,1.1984,0.9909,0.7013,2.5523%,2.8402%,19.2456%,0.007206,NGL,12745.0,2019-02-26,252.0,-0.6682%,0.0011,1.2068,0.9791,0.7015,2.5506%,2.8406%,19.3759%,0.003792,NGL,12745.0,2019-02-27,252.0,0.1495%,0.0011,1.2056,0.9807,0.7013,2.5506%,2.8398%,19.3318%,-0.0007099999999999,NGL,12745.0,2019-02-28,252.0,-2.6866%,0.001,1.2123,0.9845,0.7115,2.5545%,2.8442%,19.3309%,-0.021671,NGL,12745.0,2019-03-01,252.0,0.0767%,0.001,1.2025,0.9699,0.7005,2.5538%,2.8367%,18.9465%,-0.008061,NGL,12745.0,2019-03-04,252.0,0.6130%,0.0011,1.2008,0.9644,0.7035,2.5550%,2.8366%,18.8697%,0.013441,NGL,12745.0,2019-03-05,252.0,-0.1523%,0.0011,1.2004,0.9636,0.7017,2.5551%,2.8351%,18.7719%,0.005106,NGL,12745.0,2019-03-06,252.0,-0.3051%,0.0011,1.1843,0.9348,0.6796,2.5554%,2.8300%,18.4654%,0.018803,NGL,-0.056876,-0.036375,-0.029169,-0.026087,-0.018469
8563,NATIONAL HEALTH INVESTORS INC,BMO Capital Downgrades National Health Investors to Underperform,6,decrease,0.8,0.7,"a downgrade from a reputable financial institution like bmo capital typically signals negative sentiment towards the stock, likely leading to a decrease in its price.",0,2019-02-20,NHI,2019-02-20 12:08:00+00:00,77057.0,63633D10,-0.0206518545746803,433822.0,0.0157520044595003,-0.0495447851717472,0.015757905319333,0.0160999186336994,-0.013912889175117,0.0079932622611522,-0.007116989698261,0.005969759542495,-0.0064134122803807,-0.0159453507512807,-0.0124035356566309,0.0,0.000640818325337,-0.0047726272605359,-0.0011527147144079,0.0150175346061587,-0.0032055391930043,-0.0003631813451647,-0.0090043349191546,-0.0004840381734538,-0.0041536823846399,0.0112579315900802,0.0088634034618735,-0.0184962879866361,0.0083979526534676,0.0179728716611862,0.0015374133363366,0.006893974263221,0.0099782375618815,0.008191680535674,0.0036732226144522,0.0044882260262966,-0.0076981401070952,0.0075367223471403,-0.0077578611671924,0.0018877615220844,0.002179002854973,0.0072252466343343,0.0034530840348452,-0.0012659637723118,0.016441510990262,0.0024111014790833,-0.0190595183521509,0.0025445874780416,0.0121436389163136,0.0111925266683101,0.0085880309343338,0.0079097589477896,-0.0028800820000469,-0.0178297758102417,0.0086650680750608,0.006537552922964,-0.0090828007087111,0.0039897710084915,-0.0043285037390887,-0.0069018523208796,0.0042194328270852,0.0172928627580404,-0.003692397614941,0.0086557855829596,-0.0052396636456251,0.0068664546124637,0.0060380427166819,0.0226873774081468,-0.0123866843059659,-0.0197246205061674,0.0,0.0019896740559488,0.0082752397283911,0.0003928598598577,-0.0012824583100155,0.0026260102167725,-0.0060348436236381,0.0325379818677902,0.0018085439223796,-0.0434444099664688,-0.0167634170502424,-0.023305844515562,-0.0217705406248569,0.0025396437849849,0.0057648522779345,0.0001270273933187,-0.0131964534521102,0.023927129805088,0.0049980110488832,-0.0303870402276516,0.0104838544502854,-0.0057665677741169,0.0007980521186254,0.0035224403254687,0.0003987078671343,-0.016942897811532,-0.0018599627073854,0.0073502426967024,0.0039931195788085,-0.0022374184336513,0.0009280086960643,0.0037429246585816,-0.0027814449276775,0.033260304480791,0.0151414452120661,-0.015359217301011,-0.0048410668969154,0.0102589819580316,-0.0135419247671961,0.0119388243183493,0.0018659122288227,0.002602094085887,0.0077158687636256,0.0105180526152253,0.0124092735350132,0.0070170634426176,0.0174728948622942,-0.0019820497836917,0.002819444052875,0.005580629222095,0.0107347778975963,0.0002658728335518,0.0074599063955247,0.0001328526705037,0.0157520044595003,-0.0495447851717472,0.0317581283736958,-0.034242533548037,0.0174033918781064,-0.0265229808380206,0.0036839535644026,-0.03632665482198,-0.0213414685885137,-0.0273475577415364,0.0071962396233278,0.0541638966447894,0.0256025140585509,0.0826290391105826,2019-02-21,2019-02-22,2019-02-25,2019-02-26,2019-02-27,2019-02-28,2019-03-01,2019-03-04,2019-03-05,2019-03-06,77057.0,2019-02-20,252.0,-2.0652%,0.0009,0.3318,0.2141,-0.0005,1.0957%,1.1580%,10.4619%,-0.022102,NHI,77057.0,2019-02-21,252.0,1.5752%,0.001,0.321,0.1957,-0.0203,1.0935%,1.1531%,10.0688%,0.017028,NHI,77057.0,2019-02-22,252.0,1.5758%,0.001,0.3197,0.1897,-0.0414,1.0950%,1.1561%,10.2855%,0.012196,NHI,77057.0,2019-02-25,252.0,-1.3913%,0.0009,0.3201,0.1975,-0.0357,1.0989%,1.1598%,10.2212%,-0.014074,NHI,77057.0,2019-02-26,252.0,-0.7117%,0.0009,0.3163,0.2103,-0.0321,1.0983%,1.1581%,10.0675%,-0.005558,NHI,77057.0,2019-02-27,252.0,-0.6413%,0.0008,0.3155,0.2092,-0.0322,1.0994%,1.1588%,9.9893%,-0.007236,NHI,77057.0,2019-02-28,252.0,-1.2404%,0.0009,0.3077,0.2035,-0.035,1.0956%,1.1523%,9.6116%,-0.011648,NHI,77057.0,2019-03-01,252.0,0.0641%,0.0008,0.3096,0.2062,-0.0306,1.0954%,1.1523%,9.6335%,-0.002395,NHI,77057.0,2019-03-04,252.0,-0.1153%,0.0008,0.3143,0.1901,-0.0317,1.0935%,1.1512%,9.7691%,0.0013109999999999,NHI,77057.0,2019-03-05,252.0,-0.3206%,0.0008,0.3158,0.1995,-0.0295,1.0934%,1.1515%,9.8434%,-0.002248,NHI,77057.0,2019-03-06,252.0,-0.9004%,0.0007,0.3099,0.2158,-0.0339,1.0899%,1.1482%,9.9079%,-0.003917,NHI,-0.0050739999999999,0.007122,-0.0069519999999999,-0.0197459999999999,-0.038643
8571,NISOURCE INC,'NiSource bill from natural-gas explosion approaches $1 billion' -The Columbus Dispatch,6,decrease,0.8,0.7,"the significant financial burden of nearly $1 billion from a natural gas explosion is likely to negatively impact investor sentiment and the company's financial outlook, leading to a decrease in stock price.",0,2019-02-20,NI,2019-02-20 17:36:00+00:00,38762.0,65473P10,-0.0244988799095153,4932826.0,0.0060882740654051,-0.0051698447205126,0.0075642531737685,0.0112023614346981,-0.0067567685618996,0.0003735610225703,0.0105820372700691,-0.0003734215279109,0.00747945997864,0.0101848533377051,0.001484744134359,-0.0026335476431995,-0.002594503108412,0.0063885496929287,0.0018580169416964,0.0114025520160794,-0.0018545711645856,-0.0034090967383235,0.0059457393363118,0.0064811315387487,0.007018859963864,-0.0209033731371164,0.0058694002218544,-0.0179618671536445,0.0131291253492236,0.0198131091892719,0.0079193413257598,0.0151802506297826,-0.0007143020629882,0.0061091962270438,-0.0039313333109021,-0.0064491680823266,0.0007175654754973,-0.018249524757266,0.0057368180714547,0.0007454512524418,-0.008912656456232,0.0105461655184626,0.0053957384079694,-0.0037523596547544,0.0164579283446073,-0.0029928891453891,0.0070398016832768,0.0105859646573662,0.0010485417442396,0.0041761812753975,0.0062849270179867,0.0162037070840597,-0.0048577166162431,-0.0178097505122423,-0.0048814290203154,-0.0104987137019634,0.0042045875452458,0.0202754661440849,-0.0167480651289224,-0.0007645434816367,0.0014194111572578,0.0186915714293718,-0.0053153657354414,0.0054815732873976,-0.0057000303640961,0.0175299011170864,0.0125403217971324,0.0011966767488047,-0.0088464263826608,-0.0110453916713595,-0.001785117550753,-0.0051020081155002,-0.0032188214827328,0.0059218169189989,0.0060997512191534,0.0107741607353091,0.0010698565747588,0.0068300552666187,-0.0032062754034996,-0.0445297472178936,-0.0135810999199748,-0.0087519576773047,-0.000362327118637,-0.0034129749983549,-0.001087375334464,-0.0041540297679603,-0.0090711181983351,-0.0060060005635023,-0.0003661746159195,-0.0309203490614891,0.0076923440210521,-0.0047067729756236,0.0119956349954009,0.0158146489411592,0.0014367459807544,-0.0112727079540491,-0.0078909639269113,0.0088041005656123,0.0116533730179071,0.0044215489178895,-0.0136789437383413,0.0123088378459215,0.0065693543292582,-0.0103359427303075,0.0101523092016577,0.005567914340645,0.0007178230443969,0.0196820758283138,-0.005021499004215,0.0142034878954291,-0.0097332540899515,0.0112577257677912,0.0014561673160642,-0.0084680262953042,0.0207197275012731,0.0073671429418027,0.0078347334638237,0.004674750380218,-0.0091872196644544,0.0043036234565079,0.0007132150349207,-0.0073786615394055,0.0046329675242304,-0.0069417781196534,0.0060882740654051,-0.0051698447205126,0.0136985804855955,0.005974602245065,0.006849253785728,0.0063503951461596,0.0251141488413175,0.0162203060293015,0.0300608442394505,0.0347964093722157,0.0681125948638443,0.0627528738434342,0.0804915012631046,0.0467685692264669,2019-02-21,2019-02-22,2019-02-25,2019-02-26,2019-02-27,2019-02-28,2019-03-01,2019-03-04,2019-03-05,2019-03-06,38762.0,2019-02-20,252.0,-2.4499%,0.0006,0.0786,-0.3517,-0.1317,1.3453%,1.3609%,2.2819%,-0.023448,NI,38762.0,2019-02-21,252.0,0.6088%,0.0007,0.0697,-0.3687,-0.1481,1.3389%,1.3553%,2.4122%,0.00573,NI,38762.0,2019-02-22,252.0,0.7564%,0.0007,0.0684,-0.3581,-0.1534,1.3387%,1.3544%,2.3016%,0.006862,NI,38762.0,2019-02-25,252.0,-0.6757%,0.0006,0.0698,-0.3524,-0.1455,1.3381%,1.3533%,2.2402%,-0.008167,NI,38762.0,2019-02-26,252.0,1.0582%,0.0006,0.0567,-0.3498,-0.1539,1.3333%,1.3477%,2.1310%,0.007858,NI,38762.0,2019-02-27,252.0,0.7479%,0.0006,0.0585,-0.3509,-0.1536,1.3339%,1.3484%,2.1411%,0.007808,NI,38762.0,2019-02-28,252.0,0.1485%,0.0007,0.0518,-0.3554,-0.1586,1.3317%,1.3462%,2.1435%,0.001252,NI,38762.0,2019-03-01,252.0,-0.2595%,0.0007,0.0448,-0.3658,-0.1679,1.3302%,1.3452%,2.2098%,-0.002661,NI,38762.0,2019-03-04,252.0,0.1858%,0.0007,0.0472,-0.3741,-0.1684,1.3298%,1.3452%,2.2689%,0.001193,NI,38762.0,2019-03-05,252.0,-0.1855%,0.0007,0.0473,-0.3758,-0.1668,1.3300%,1.3453%,2.2596%,-0.003428,NI,38762.0,2019-03-06,252.0,0.5946%,0.0006,0.0398,-0.3716,-0.1746,1.3273%,1.3424%,2.2351%,0.001584,NI,-0.017718,-0.010856,-0.019023,-0.003357,-0.005417
8579,NISOURCE INC,NiSource Q4 EPS $0.38 Beats $0.36 Estimate,6,increase,0.8,0.6,"beating earnings estimates typically signals stronger-than-expected performance, which can positively influence investor sentiment and lead to an increase in stock price.",2,2019-02-20,NI,2019-02-20 11:34:00+00:00,38762.0,65473P10,-0.0244988799095153,4932826.0,0.0060882740654051,-0.0051698447205126,0.0075642531737685,0.0112023614346981,-0.0067567685618996,0.0003735610225703,0.0105820372700691,-0.0003734215279109,0.00747945997864,0.0101848533377051,0.001484744134359,-0.0026335476431995,-0.002594503108412,0.0063885496929287,0.0018580169416964,0.0114025520160794,-0.0018545711645856,-0.0034090967383235,0.0059457393363118,0.0064811315387487,0.007018859963864,-0.0209033731371164,0.0058694002218544,-0.0179618671536445,0.0131291253492236,0.0198131091892719,0.0079193413257598,0.0151802506297826,-0.0007143020629882,0.0061091962270438,-0.0039313333109021,-0.0064491680823266,0.0007175654754973,-0.018249524757266,0.0057368180714547,0.0007454512524418,-0.008912656456232,0.0105461655184626,0.0053957384079694,-0.0037523596547544,0.0164579283446073,-0.0029928891453891,0.0070398016832768,0.0105859646573662,0.0010485417442396,0.0041761812753975,0.0062849270179867,0.0162037070840597,-0.0048577166162431,-0.0178097505122423,-0.0048814290203154,-0.0104987137019634,0.0042045875452458,0.0202754661440849,-0.0167480651289224,-0.0007645434816367,0.0014194111572578,0.0186915714293718,-0.0053153657354414,0.0054815732873976,-0.0057000303640961,0.0175299011170864,0.0125403217971324,0.0011966767488047,-0.0088464263826608,-0.0110453916713595,-0.001785117550753,-0.0051020081155002,-0.0032188214827328,0.0059218169189989,0.0060997512191534,0.0107741607353091,0.0010698565747588,0.0068300552666187,-0.0032062754034996,-0.0445297472178936,-0.0135810999199748,-0.0087519576773047,-0.000362327118637,-0.0034129749983549,-0.001087375334464,-0.0041540297679603,-0.0090711181983351,-0.0060060005635023,-0.0003661746159195,-0.0309203490614891,0.0076923440210521,-0.0047067729756236,0.0119956349954009,0.0158146489411592,0.0014367459807544,-0.0112727079540491,-0.0078909639269113,0.0088041005656123,0.0116533730179071,0.0044215489178895,-0.0136789437383413,0.0123088378459215,0.0065693543292582,-0.0103359427303075,0.0101523092016577,0.005567914340645,0.0007178230443969,0.0196820758283138,-0.005021499004215,0.0142034878954291,-0.0097332540899515,0.0112577257677912,0.0014561673160642,-0.0084680262953042,0.0207197275012731,0.0073671429418027,0.0078347334638237,0.004674750380218,-0.0091872196644544,0.0043036234565079,0.0007132150349207,-0.0073786615394055,0.0046329675242304,-0.0069417781196534,0.0060882740654051,-0.0051698447205126,0.0136985804855955,0.005974602245065,0.006849253785728,0.0063503951461596,0.0251141488413175,0.0162203060293015,0.0300608442394505,0.0347964093722157,0.0681125948638443,0.0627528738434342,0.0804915012631046,0.0467685692264669,2019-02-21,2019-02-22,2019-02-25,2019-02-26,2019-02-27,2019-02-28,2019-03-01,2019-03-04,2019-03-05,2019-03-06,38762.0,2019-02-20,252.0,-2.4499%,0.0006,0.0786,-0.3517,-0.1317,1.3453%,1.3609%,2.2819%,-0.023448,NI,38762.0,2019-02-21,252.0,0.6088%,0.0007,0.0697,-0.3687,-0.1481,1.3389%,1.3553%,2.4122%,0.00573,NI,38762.0,2019-02-22,252.0,0.7564%,0.0007,0.0684,-0.3581,-0.1534,1.3387%,1.3544%,2.3016%,0.006862,NI,38762.0,2019-02-25,252.0,-0.6757%,0.0006,0.0698,-0.3524,-0.1455,1.3381%,1.3533%,2.2402%,-0.008167,NI,38762.0,2019-02-26,252.0,1.0582%,0.0006,0.0567,-0.3498,-0.1539,1.3333%,1.3477%,2.1310%,0.007858,NI,38762.0,2019-02-27,252.0,0.7479%,0.0006,0.0585,-0.3509,-0.1536,1.3339%,1.3484%,2.1411%,0.007808,NI,38762.0,2019-02-28,252.0,0.1485%,0.0007,0.0518,-0.3554,-0.1586,1.3317%,1.3462%,2.1435%,0.001252,NI,38762.0,2019-03-01,252.0,-0.2595%,0.0007,0.0448,-0.3658,-0.1679,1.3302%,1.3452%,2.2098%,-0.002661,NI,38762.0,2019-03-04,252.0,0.1858%,0.0007,0.0472,-0.3741,-0.1684,1.3298%,1.3452%,2.2689%,0.001193,NI,38762.0,2019-03-05,252.0,-0.1855%,0.0007,0.0473,-0.3758,-0.1668,1.3300%,1.3453%,2.2596%,-0.003428,NI,38762.0,2019-03-06,252.0,0.5946%,0.0006,0.0398,-0.3716,-0.1746,1.3273%,1.3424%,2.2351%,0.001584,NI,-0.017718,-0.010856,-0.019023,-0.003357,-0.005417
8587,NAVIOS MARITIME HOLDINGS INC,"Navios Maritime Holdings Q4 EPS $(1.79), Inline, Sales $127.35M Miss $136M Estimate",6,decrease,0.7,0.6,"the company reported a significant loss per share and missed revenue estimates, which typically leads to negative investor sentiment and a decrease in stock price.",0,2019-02-20,NM,2019-02-20 12:57:00+00:00,90965.0,Y6219711,-0.0616113170981407,103901.0,-0.0707070603966713,0.0,-0.0163043960928916,0.0,0.060773491859436,0.0047619002871215,0.0009375314111821,-0.0047393320128321,-0.0373608022928237,0.0095693692564964,0.0054053999483585,0.1297296732664108,-0.0645161345601081,-0.1190475672483444,-0.0057471208274364,-0.0789473950862884,0.0289017055183649,-0.0988142266869545,-0.0168539173901081,-0.0078431302681565,0.091428555548191,-0.0340909659862518,0.0471204370260238,0.0819672271609306,0.2000000476837158,-0.0161290168762207,0.1583332717418671,-0.0158730000257492,-0.1079136505723,-0.0078740082681179,-0.0483871474862098,-0.0116731412708759,-0.0381355583667755,0.0039062462747097,-0.0660793408751487,0.0072791068814694,0.0047170892357826,-0.0149224158376455,-0.0375587604939937,-0.044444490224123,0.0439025126397609,-0.0252707339823246,-0.0186916813254356,-0.0035971188917756,0.0190477147698402,-0.1061093062162399,-0.0093458965420722,-0.0158228445798158,0.2500001192092896,-0.0306748170405626,-0.0830188766121864,-0.0210210010409355,-0.020576111972332,0.0638976991176605,0.1092436909675598,-0.0339505858719348,-0.0075758402235805,-0.0181818008422851,0.2175573259592056,0.0576923303306102,0.0595611445605754,-0.1085714623332024,-0.0207101088017225,0.0944343209266662,0.0513595417141914,0.1671532988548279,0.1206896752119064,0.0144390650093555,0.0282051619142293,-0.0686206743121147,0.0598503127694129,0.0157618280500173,0.0800000354647636,0.0454046204686164,0.0413943454623222,0.2407995760440826,-0.1359832733869553,0.0551294386386871,0.0532687120139598,-0.1547812223434448,0.0252873878926038,0.0583190694451332,-0.0739910155534744,-0.1030768975615501,-0.0532687716186046,-0.0714286118745803,0.0613810755312442,-0.000713787972927,0.0024095787666738,-0.0260687973350286,0.0408654026687145,-0.0300067979842424,0.1177829653024673,-0.0188554152846336,0.0227272007614374,-0.1387464553117752,-0.0141413528472185,0.3764706552028656,-0.0758196488022804,-0.0192307513207197,0.0177383422851562,-0.0330978669226169,0.0174291767179966,-0.0884745121002197,-0.1648822128772736,-0.1571428775787354,-0.0794872269034385,-0.0502035282552242,-0.0612813457846641,-0.0253901444375515,0.02967363409698,-0.0310096908360719,-0.1239193230867386,-0.0482927002012729,0.0559210777282714,0.0247438233345747,0.2741433382034302,0.0601483322679996,-0.1198044568300247,-0.1020699366927147,-0.0707070603966713,0.0,-0.0858586205702915,0.0,-0.0303030568891465,0.0047619002871215,-0.0656565568239474,0.0095693693047707,-0.1161616237359448,-0.1725490352048945,0.6111111270134464,-0.3237179549143875,0.8181817726215443,-0.4979775538661933,2019-02-21,2019-02-22,2019-02-25,2019-02-26,2019-02-27,2019-02-28,2019-03-01,2019-03-04,2019-03-05,2019-03-06,90965.0,2019-02-20,252.0,-6.1611%,-0.0061,0.0954,2.57,0.4876,5.4863%,5.6367%,5.2628%,-0.070653,NM,90965.0,2019-02-21,252.0,-7.0707%,-0.0064,0.113,2.5923,0.5203,5.4996%,5.6514%,5.3017%,-0.067534,NM,90965.0,2019-02-22,252.0,-1.6304%,-0.0064,0.1143,2.6194,0.5609,5.4988%,5.6518%,5.3424%,-0.023748,NM,90965.0,2019-02-25,252.0,6.0773%,-0.0061,0.1138,2.5822,0.5399,5.5188%,5.6675%,5.1777%,0.068322,NM,90965.0,2019-02-26,252.0,0.0938%,-0.0061,0.0852,2.5746,0.5146,5.5156%,5.6645%,5.1877%,0.019327,NM,90965.0,2019-02-27,252.0,-3.7361%,-0.0065,0.0552,2.6174,0.5095,5.5044%,5.6580%,5.3553%,-0.0418119999999999,NM,90965.0,2019-02-28,252.0,0.5405%,-0.0065,0.055,2.6177,0.5064,5.5050%,5.6585%,5.3535%,0.006227,NM,90965.0,2019-03-01,252.0,-6.4516%,-0.0066,0.0166,2.5606,0.4767,5.5137%,5.6602%,5.1120%,-0.070568,NM,90965.0,2019-03-04,252.0,-0.5747%,-0.0065,0.0067,2.5854,0.4811,5.5127%,5.6601%,5.1419%,0.002633,NM,90965.0,2019-03-05,252.0,2.8902%,-0.0064,-0.0067,2.5104,0.4552,5.5171%,5.6541%,4.7849%,0.037992,NM,90965.0,2019-03-06,252.0,-1.6854%,-0.0063,-0.0152,2.4675,0.4397,5.5187%,5.6542%,4.7362%,0.014449,NM,-0.138187,-0.161935,-0.0936129999999999,-0.1160979999999999,-0.125365
8595,NETEASE INC,"NetEase Q4 Adj. EPS $2.66 May Not Compare To $1.59 Estimate, GAAP EPS $1.92, Sales $2.89B Miss $2.94B Estimate",6,decrease,0.8,0.7,"the company's earnings per share (eps) and sales both missed analyst estimates, which typically leads to a negative reaction in stock prices.",0,2019-02-20,NTES,2019-02-20 23:02:00+00:00,88362.0,64110W10,0.0128897698596119,1118796.0,-0.0588564164936542,0.0088744591921567,0.01708460226655,-0.0560670346021652,0.0069167241454124,0.0025360686704516,0.0028547185938805,-0.0158346779644489,0.0035137359518557,0.0176972728222608,-0.0106373280286788,0.0011255169520154,-0.026162514463067,0.0091287624090909,0.007268386427313,-0.0223327819257974,0.0457160845398902,-0.0530087649822235,0.0123159894719719,0.0203473158180713,-0.0296388585120439,0.0073662344366312,0.0094903083518147,-0.0084944209083914,0.0281590204685926,0.0365356504917144,-0.0009444139432162,0.0207895711064338,0.0349332056939601,-0.0131387989968061,-0.0095075694844126,-0.0054412470199167,0.0158444009721279,0.0091937407851219,0.0046626348048448,-0.024035720154643,0.0033267519902437,0.0049369893968105,-0.0298415552824735,-0.0300379786640405,0.0127426339313387,0.001982710789889,-0.0319556631147861,-0.0080245789140462,0.0059823514893651,0.0291474238038063,0.0070590991526842,0.0289070401340723,-0.0006372143980115,-0.0137211252003908,0.004378501791507,-0.0459729395806789,0.0219240393489599,-0.0127302603796124,0.0603023953735828,0.0661276280879974,0.0089058969169855,0.0121925678104162,0.0359286032617092,0.0423939302563667,0.0081847831606864,0.0400634072721004,0.0367733649909496,-0.0384783297777175,-0.0033966738265007,-0.0239197425544261,-0.0072113145142793,-0.0065003945492208,-0.0135516040027141,-0.0384755693376064,0.0023445219267159,0.0117854597046971,0.0030701614450663,-0.0061624883674085,-0.0142466882243752,0.0024547155480831,-0.0177423600107431,0.0365108363330364,0.0095582474023103,0.0104984026402235,-0.0084612686187028,0.0036555600818246,0.0076312869787216,-0.025441100820899,0.0227578189224004,-0.0379435643553733,0.0001458306942367,-0.0210397578775882,0.0138230677694082,0.0252539794892072,0.0099291643127799,0.0385859869420528,0.0104013923555612,0.0046026362106204,0.003102432237938,0.0008875648491084,0.0029522241093218,-0.0077997259795665,-0.0174159910529851,0.0394020341336727,0.0179743524640798,-0.0251954793930053,-0.0140834813937544,0.0365085341036319,-0.0612962804734706,0.017202042043209,0.0009084688499569,-0.0424657985568046,-0.0103626567870378,0.014197040349245,0.0107004530727863,0.0015218980843201,-0.0374333336949348,0.0187375228852033,0.0306398533284664,-0.0335217118263244,-0.0012577145826071,0.0298941750079393,0.0651426389813423,-0.0277777593582868,-0.0588564164936542,0.0088744591921567,-0.0427773526937327,-0.0476901400206105,-0.0361565076965738,-0.0452750168201546,-0.0300086461753508,-0.0437642941459963,-0.0034824312650849,-0.0873902364387335,0.1528041282947931,-0.0004787811400208,0.2025232114864943,-0.0136191570224595,2019-02-21,2019-02-22,2019-02-25,2019-02-26,2019-02-27,2019-02-28,2019-03-01,2019-03-04,2019-03-05,2019-03-06,88362.0,2019-02-20,252.0,1.2890%,-0.0012,0.8945,-0.1855,-0.7726,2.2121%,2.5190%,22.8793%,0.01589,NTES,88362.0,2019-02-21,252.0,-5.8856%,-0.0015,0.913,-0.1602,-0.7383,2.2382%,2.5443%,22.6175%,-0.057554,NTES,88362.0,2019-02-22,252.0,1.7085%,-0.0015,0.9124,-0.1532,-0.7393,2.2380%,2.5457%,22.7132%,0.001078,NTES,88362.0,2019-02-25,252.0,0.6917%,-0.0015,0.9133,-0.1549,-0.7366,2.2376%,2.5453%,22.7120%,0.003719,NTES,88362.0,2019-02-26,252.0,0.2855%,-0.0015,0.9172,-0.1618,-0.7372,2.2372%,2.5449%,22.7173%,0.000794,NTES,88362.0,2019-02-27,252.0,0.3514%,-0.0014,0.9263,-0.1768,-0.7357,2.2337%,2.5444%,22.9333%,0.002011,NTES,88362.0,2019-02-28,252.0,-1.0637%,-0.0013,0.9134,-0.1859,-0.7431,2.2278%,2.5333%,22.6685%,-0.00967,NTES,88362.0,2019-03-01,252.0,-2.6163%,-0.0014,0.9052,-0.1982,-0.7401,2.2380%,2.5377%,22.2287%,-0.035263,NTES,88362.0,2019-03-04,252.0,0.7268%,-0.0013,0.899,-0.1914,-0.7354,2.2393%,2.5343%,21.9267%,0.0139789999999999,NTES,88362.0,2019-03-05,252.0,4.5716%,-0.0011,0.8911,-0.2227,-0.758,2.2580%,2.5506%,21.6301%,0.0447959999999999,NTES,88362.0,2019-03-06,252.0,1.2316%,-0.0011,0.8763,-0.2542,-0.779,2.2592%,2.5482%,21.3973%,0.017209,NTES,-0.041664,-0.040586,-0.036867,-0.0340619999999999,-0.0030109999999999
8603,NUVASIVE INC,"NuVasive Sees FY19 Adj. EPS $2.20-$2.30 vs $2.47 Estimate, Sales $1.14B-$1.16B vs $1.17B Est.",6,decrease,0.75,0.6,"the company's adjusted eps and sales guidance are both below analyst estimates, which typically leads to a negative reaction in stock prices.",0,2019-02-20,NUVA,2019-02-20 21:03:00+00:00,90188.0,67070410,-0.0334845148026943,1179914.0,0.0333814918994903,-0.0213346984237432,0.0190326552838087,0.0015384641010314,-0.0044551426544785,0.0115856500342488,0.0068847080692648,-0.0043044076301157,-0.0037607045378535,0.0349252112209796,0.0106383450329303,0.1325933337211609,-0.0071307634934782,-0.0192003399133682,0.001538990298286,0.0085845543071627,0.0010244386503472,-0.0130049232393503,0.0010233252542093,0.0001970500889001,0.0022150464355945,0.032770212739706,-0.0127507653087377,-0.0201435647904872,0.0110211707651615,0.0289349444210529,-0.0584227629005909,0.005156765691936,0.0108538763597607,-0.0110159302130341,-0.0125268567353487,-0.0054777935147285,0.0034432515967637,0.0094204191118478,-0.0061405119486153,0.0247639082372188,0.0141741344705224,-0.0029294702690094,-0.0084214517846703,-0.0047896616160869,0.0242139529436826,0.0243173930794,-0.0119971828535199,0.0251476392149925,0.016071455553174,-0.0144396973773837,0.0066783349029719,0.0304242242127656,-0.0043645254336297,-0.0111989928409457,-0.01332629006356,-0.011289631947875,0.009241166524589,0.0343589186668396,-0.0154957044869661,0.0,-0.0060812048614025,-0.020242067053914,0.0019794963300228,-0.0919080600142479,0.0073635028675198,0.0266666505485773,0.0247815903276205,0.0057767438702285,-0.0038274393882602,-0.0219935458153486,-0.0186866875737905,0.0246020779013633,0.0108560351654887,-0.0047325012274086,0.0051056500524282,0.0012360436376184,-0.003152921795845,0.0188917201012373,0.0073801088146865,-0.0181368719786405,-0.0238967854529619,-0.0367281809449195,-0.0371693708002567,-0.0281690694391727,-0.0035264000762254,-0.0048003070987761,0.0307320095598697,-0.0201316960155963,0.0337910912930965,-0.0357401557266712,0.0274427495896816,-0.0183437671512365,0.0069751590490341,-0.0083009079098701,0.0111505296081304,0.0001766175846569,0.0100251007825136,0.0103516299277544,0.0024813516065478,-0.0016037090681493,0.0,-0.0300726182758808,0.0267327185720205,-0.0246122572571039,0.0118932472541928,-0.0478330589830875,0.0398666150867939,-0.0218244530260562,-0.0404765754938125,0.0206730291247367,-0.006844958756119,0.0004810420796275,-0.0044878791086375,-0.006688994821161,-0.0037030999083071,0.0091610364615917,-0.0210083909332752,-0.0178373679518699,0.0001650432677706,0.0020562678109854,-0.0016504122177138,0.0279674995690584,0.0244668461382389,0.0030989826191216,0.0333814918994903,-0.0213346984237432,0.0530494856114813,-0.019829056990343,0.0483579999308569,-0.0084731394708935,0.0516059306179057,0.0217391512217031,0.059003979199524,0.1300748547153412,0.0046914829373241,0.1456543674415231,0.118188436622451,-0.0647529103562083,2019-02-21,2019-02-22,2019-02-25,2019-02-26,2019-02-27,2019-02-28,2019-03-01,2019-03-04,2019-03-05,2019-03-06,90188.0,2019-02-20,252.0,-3.3485%,0.0006,0.6364,0.4611,0.0403,2.1689%,2.2842%,9.8406%,-0.036307,NUVA,90188.0,2019-02-21,252.0,3.3381%,0.0008,0.625,0.4458,0.0192,2.1796%,2.2916%,9.5289%,0.036051,NUVA,90188.0,2019-02-22,252.0,1.9033%,0.0008,0.6231,0.4546,0.0037,2.1807%,2.2942%,9.6508%,0.0127,NUVA,90188.0,2019-02-25,252.0,-0.4455%,0.0009,0.6219,0.4559,-0.0,2.1800%,2.2936%,9.6616%,-0.004301,NUVA,90188.0,2019-02-26,252.0,0.6885%,0.0009,0.6138,0.45,-0.009,2.1799%,2.2912%,9.4737%,0.010697,NUVA,90188.0,2019-02-27,252.0,-0.3761%,0.0008,0.6127,0.4502,-0.0092,2.1802%,2.2910%,9.4342%,-0.005279,NUVA,90188.0,2019-02-28,252.0,1.0638%,0.0008,0.6169,0.4535,-0.0089,2.1801%,2.2917%,9.5016%,0.012325,NUVA,90188.0,2019-03-01,252.0,-0.7131%,0.0007,0.6176,0.4546,-0.0013,2.1815%,2.2922%,9.4256%,-0.0130129999999999,NUVA,90188.0,2019-03-04,252.0,0.1539%,0.0008,0.6137,0.4625,0.0009,2.1813%,2.2913%,9.3703%,0.006484,NUVA,90188.0,2019-03-05,252.0,0.1024%,0.0008,0.6152,0.4757,0.0009,2.1807%,2.2913%,9.4199%,0.003413,NUVA,90188.0,2019-03-06,252.0,0.1023%,0.0008,0.5982,0.4631,-0.0199,2.1770%,2.2847%,9.2072%,0.012095,NUVA,-0.0002559999999999,0.012444,0.008143,0.013561,0.034865
8611,NUVASIVE INC,"NuVasive Q4 EPS $0.69 Beats $0.64 Estimate, Sales $288.3M Miss $291.94M Estimate",6,uncertain,0.6,0.2,"while the earnings per share (eps) beat estimates, the sales miss could lead to mixed reactions from investors, making the overall impact on the stock price uncertain.",1,2019-02-20,NUVA,2019-02-20 21:02:00+00:00,90188.0,67070410,-0.0334845148026943,1179914.0,0.0333814918994903,-0.0213346984237432,0.0190326552838087,0.0015384641010314,-0.0044551426544785,0.0115856500342488,0.0068847080692648,-0.0043044076301157,-0.0037607045378535,0.0349252112209796,0.0106383450329303,0.1325933337211609,-0.0071307634934782,-0.0192003399133682,0.001538990298286,0.0085845543071627,0.0010244386503472,-0.0130049232393503,0.0010233252542093,0.0001970500889001,0.0022150464355945,0.032770212739706,-0.0127507653087377,-0.0201435647904872,0.0110211707651615,0.0289349444210529,-0.0584227629005909,0.005156765691936,0.0108538763597607,-0.0110159302130341,-0.0125268567353487,-0.0054777935147285,0.0034432515967637,0.0094204191118478,-0.0061405119486153,0.0247639082372188,0.0141741344705224,-0.0029294702690094,-0.0084214517846703,-0.0047896616160869,0.0242139529436826,0.0243173930794,-0.0119971828535199,0.0251476392149925,0.016071455553174,-0.0144396973773837,0.0066783349029719,0.0304242242127656,-0.0043645254336297,-0.0111989928409457,-0.01332629006356,-0.011289631947875,0.009241166524589,0.0343589186668396,-0.0154957044869661,0.0,-0.0060812048614025,-0.020242067053914,0.0019794963300228,-0.0919080600142479,0.0073635028675198,0.0266666505485773,0.0247815903276205,0.0057767438702285,-0.0038274393882602,-0.0219935458153486,-0.0186866875737905,0.0246020779013633,0.0108560351654887,-0.0047325012274086,0.0051056500524282,0.0012360436376184,-0.003152921795845,0.0188917201012373,0.0073801088146865,-0.0181368719786405,-0.0238967854529619,-0.0367281809449195,-0.0371693708002567,-0.0281690694391727,-0.0035264000762254,-0.0048003070987761,0.0307320095598697,-0.0201316960155963,0.0337910912930965,-0.0357401557266712,0.0274427495896816,-0.0183437671512365,0.0069751590490341,-0.0083009079098701,0.0111505296081304,0.0001766175846569,0.0100251007825136,0.0103516299277544,0.0024813516065478,-0.0016037090681493,0.0,-0.0300726182758808,0.0267327185720205,-0.0246122572571039,0.0118932472541928,-0.0478330589830875,0.0398666150867939,-0.0218244530260562,-0.0404765754938125,0.0206730291247367,-0.006844958756119,0.0004810420796275,-0.0044878791086375,-0.006688994821161,-0.0037030999083071,0.0091610364615917,-0.0210083909332752,-0.0178373679518699,0.0001650432677706,0.0020562678109854,-0.0016504122177138,0.0279674995690584,0.0244668461382389,0.0030989826191216,0.0333814918994903,-0.0213346984237432,0.0530494856114813,-0.019829056990343,0.0483579999308569,-0.0084731394708935,0.0516059306179057,0.0217391512217031,0.059003979199524,0.1300748547153412,0.0046914829373241,0.1456543674415231,0.118188436622451,-0.0647529103562083,2019-02-21,2019-02-22,2019-02-25,2019-02-26,2019-02-27,2019-02-28,2019-03-01,2019-03-04,2019-03-05,2019-03-06,90188.0,2019-02-20,252.0,-3.3485%,0.0006,0.6364,0.4611,0.0403,2.1689%,2.2842%,9.8406%,-0.036307,NUVA,90188.0,2019-02-21,252.0,3.3381%,0.0008,0.625,0.4458,0.0192,2.1796%,2.2916%,9.5289%,0.036051,NUVA,90188.0,2019-02-22,252.0,1.9033%,0.0008,0.6231,0.4546,0.0037,2.1807%,2.2942%,9.6508%,0.0127,NUVA,90188.0,2019-02-25,252.0,-0.4455%,0.0009,0.6219,0.4559,-0.0,2.1800%,2.2936%,9.6616%,-0.004301,NUVA,90188.0,2019-02-26,252.0,0.6885%,0.0009,0.6138,0.45,-0.009,2.1799%,2.2912%,9.4737%,0.010697,NUVA,90188.0,2019-02-27,252.0,-0.3761%,0.0008,0.6127,0.4502,-0.0092,2.1802%,2.2910%,9.4342%,-0.005279,NUVA,90188.0,2019-02-28,252.0,1.0638%,0.0008,0.6169,0.4535,-0.0089,2.1801%,2.2917%,9.5016%,0.012325,NUVA,90188.0,2019-03-01,252.0,-0.7131%,0.0007,0.6176,0.4546,-0.0013,2.1815%,2.2922%,9.4256%,-0.0130129999999999,NUVA,90188.0,2019-03-04,252.0,0.1539%,0.0008,0.6137,0.4625,0.0009,2.1813%,2.2913%,9.3703%,0.006484,NUVA,90188.0,2019-03-05,252.0,0.1024%,0.0008,0.6152,0.4757,0.0009,2.1807%,2.2913%,9.4199%,0.003413,NUVA,90188.0,2019-03-06,252.0,0.1023%,0.0008,0.5982,0.4631,-0.0199,2.1770%,2.2847%,9.2072%,0.012095,NUVA,-0.0002559999999999,0.012444,0.008143,0.013561,0.034865
8619,NOVO NORDISK A S,"UPDATE: Abbott, Novo Nordisk Partnership Will 'enable insulin data to be shared between Novo Nordisk connected insulin pens and digital health tools compatible(i) with FreeStyle Libre portfolio of products'",6,increase,0.8,0.6,"the partnership with abbott to enable data sharing between connected insulin pens and digital health tools is likely to enhance novo nordisk's product offerings and improve patient outcomes, which could positively impact investor sentiment and stock price.",2,2019-02-20,NVO,2019-02-20 14:05:00+00:00,63263.0,67010020,-0.0123211238533258,1063803.0,-0.0008048473973758,-0.0005958049441687,0.0024164102505892,0.0114503754302859,-0.0070309056900441,0.0140557875856757,0.0004046218527946,-0.0062753311358392,-0.007684551179409,0.0152075970545411,-0.0024454642552882,-0.005111429374665,0.0132788093760609,0.0053442614153027,-0.008467704989016,-0.000410861801356,0.0101667344570159,-0.0026639562565833,-0.0104669975116848,0.0051493304781615,0.0012205324601382,-0.0012343421112746,0.0093457754701375,0.033815398812294,0.0012077571591362,-0.0006375936209224,-0.0038199122063815,0.0085744420066475,0.0155398678034544,0.0053879306651651,0.003577112685889,0.0008628325304016,0.0077227600850164,-0.0091900043189525,0.0110041536390781,-0.0128692109137773,0.0151603259146213,-0.016393382102251,0.0076584629714488,0.0029136189259588,-0.0087403170764446,0.0083944955840706,-0.012899961322546,0.0166418310254812,0.0165615174919366,-0.0069915642961859,0.0073700007051229,0.011789908632636,0.0042356802150607,-0.0391348674893379,-0.0021089073270559,0.0002059810794889,0.0049952380359172,-0.0067525682970881,-0.0034410303924232,0.0109639801084995,-0.0007673300569877,0.0146935507655143,-0.0195815023034811,0.0063371192663908,-0.0099862609058618,0.0036040276754647,0.0039556357078254,0.0081213349476456,0.0118203768506646,0.0156284179538488,-0.0038940957747399,0.0052366978488862,-0.0001954323961399,0.0052643492817878,-0.0046921148896217,0.0115376180037856,-0.0137497698888182,0.0245509874075651,0.0029874830506742,-0.0110161388292908,-0.0188641920685768,-0.0191841013729572,-0.0182149671018123,0.0106975603848695,-0.0024736947380006,-0.0099294083192944,-0.0059929927811026,-0.0188352223485708,0.0116424402222037,-0.006666696164757,-0.0059597394429147,-0.0057729412801563,0.0012404667213559,0.0165181960910558,0.0103241791948676,0.0179203003644943,0.0104230185970664,-0.0163220893591642,-0.0086974175646901,0.012560592032969,0.0024485359899699,-0.0056967204436659,-0.0052921255119144,-0.0008756768074817,-0.0282381270080804,-0.0078193005174398,0.0054748011752963,-0.0124409701675176,-0.0067015644162893,0.0152439195662736,0.0206620190292596,-0.0010877322638407,0.0008262944757007,0.0028359743300825,-0.0035088127478957,-0.0071474555879831,-0.0188483819365501,0.022138588130474,-0.0078108282759785,0.021021619439125,-0.0012766249710693,0.0137489065527916,-0.0031955202575773,-0.0402463562786579,-0.0008048473973758,-0.0005958049441687,0.0016096180117122,0.0108477482958231,-0.0054326047507693,0.0250560095273277,-0.012676077544274,0.0341142585158684,-0.0108652081911952,0.0364572696623728,0.0433071784540213,0.0629488679350165,-0.0441287619520542,0.1066636924008892,2019-02-21,2019-02-22,2019-02-25,2019-02-26,2019-02-27,2019-02-28,2019-03-01,2019-03-04,2019-03-05,2019-03-06,63263.0,2019-02-20,252.0,-1.2321%,-0.0002,0.4875,0.0305,-0.1698,1.2904%,1.4098%,16.2170%,-0.012596,NVO,63263.0,2019-02-21,252.0,-0.0805%,-0.0001,0.4823,0.0201,-0.1793,1.2874%,1.4058%,16.1349%,0.00053,NVO,63263.0,2019-02-22,252.0,0.2416%,-0.0002,0.4835,0.0016,-0.1821,1.2849%,1.4043%,16.2792%,-0.003565,NVO,63263.0,2019-02-25,252.0,-0.7031%,-0.0003,0.4869,0.009,-0.1655,1.2727%,1.3924%,16.4600%,-0.00818,NVO,63263.0,2019-02-26,252.0,0.0405%,-0.0004,0.4813,0.0131,-0.1676,1.2714%,1.3885%,16.1550%,0.0005949999999999,NVO,63263.0,2019-02-27,252.0,-0.7685%,-0.0004,0.4786,0.0156,-0.1681,1.2719%,1.3875%,15.9744%,-0.008444,NVO,63263.0,2019-02-28,252.0,-0.2445%,-0.0003,0.4635,0.0053,-0.1787,1.2592%,1.3704%,15.5717%,-0.001485,NVO,63263.0,2019-03-01,252.0,1.3279%,-0.0002,0.4552,-0.0072,-0.1961,1.2560%,1.3661%,15.4711%,0.009121,NVO,63263.0,2019-03-04,252.0,-0.8468%,-0.0002,0.4471,0.0244,-0.1951,1.2508%,1.3586%,15.2381%,-0.005455,NVO,63263.0,2019-03-05,252.0,1.0167%,-0.0001,0.4441,0.0079,-0.2011,1.2521%,1.3587%,15.0781%,0.010444,NVO,63263.0,2019-03-06,252.0,-1.0467%,-0.0002,0.4479,0.0203,-0.1951,1.2527%,1.3603%,15.1972%,-0.006646,NVO,-0.012066,-0.015631,-0.023811,-0.03166,-0.025681
8627,NOVO NORDISK A S,"Abbott, Novo Nordisk Report Partnership To Provide Integrated Digital Solution to People with Diabetes Using Insulin",6,increase,0.8,0.6,"the partnership with abbott to provide an integrated digital solution for diabetes management is likely to enhance novo nordisk's product offerings and market presence, which could positively impact investor sentiment and stock price.",2,2019-02-20,NVO,2019-02-20 14:05:00+00:00,63263.0,67010020,-0.0123211238533258,1063803.0,-0.0008048473973758,-0.0005958049441687,0.0024164102505892,0.0114503754302859,-0.0070309056900441,0.0140557875856757,0.0004046218527946,-0.0062753311358392,-0.007684551179409,0.0152075970545411,-0.0024454642552882,-0.005111429374665,0.0132788093760609,0.0053442614153027,-0.008467704989016,-0.000410861801356,0.0101667344570159,-0.0026639562565833,-0.0104669975116848,0.0051493304781615,0.0012205324601382,-0.0012343421112746,0.0093457754701375,0.033815398812294,0.0012077571591362,-0.0006375936209224,-0.0038199122063815,0.0085744420066475,0.0155398678034544,0.0053879306651651,0.003577112685889,0.0008628325304016,0.0077227600850164,-0.0091900043189525,0.0110041536390781,-0.0128692109137773,0.0151603259146213,-0.016393382102251,0.0076584629714488,0.0029136189259588,-0.0087403170764446,0.0083944955840706,-0.012899961322546,0.0166418310254812,0.0165615174919366,-0.0069915642961859,0.0073700007051229,0.011789908632636,0.0042356802150607,-0.0391348674893379,-0.0021089073270559,0.0002059810794889,0.0049952380359172,-0.0067525682970881,-0.0034410303924232,0.0109639801084995,-0.0007673300569877,0.0146935507655143,-0.0195815023034811,0.0063371192663908,-0.0099862609058618,0.0036040276754647,0.0039556357078254,0.0081213349476456,0.0118203768506646,0.0156284179538488,-0.0038940957747399,0.0052366978488862,-0.0001954323961399,0.0052643492817878,-0.0046921148896217,0.0115376180037856,-0.0137497698888182,0.0245509874075651,0.0029874830506742,-0.0110161388292908,-0.0188641920685768,-0.0191841013729572,-0.0182149671018123,0.0106975603848695,-0.0024736947380006,-0.0099294083192944,-0.0059929927811026,-0.0188352223485708,0.0116424402222037,-0.006666696164757,-0.0059597394429147,-0.0057729412801563,0.0012404667213559,0.0165181960910558,0.0103241791948676,0.0179203003644943,0.0104230185970664,-0.0163220893591642,-0.0086974175646901,0.012560592032969,0.0024485359899699,-0.0056967204436659,-0.0052921255119144,-0.0008756768074817,-0.0282381270080804,-0.0078193005174398,0.0054748011752963,-0.0124409701675176,-0.0067015644162893,0.0152439195662736,0.0206620190292596,-0.0010877322638407,0.0008262944757007,0.0028359743300825,-0.0035088127478957,-0.0071474555879831,-0.0188483819365501,0.022138588130474,-0.0078108282759785,0.021021619439125,-0.0012766249710693,0.0137489065527916,-0.0031955202575773,-0.0402463562786579,-0.0008048473973758,-0.0005958049441687,0.0016096180117122,0.0108477482958231,-0.0054326047507693,0.0250560095273277,-0.012676077544274,0.0341142585158684,-0.0108652081911952,0.0364572696623728,0.0433071784540213,0.0629488679350165,-0.0441287619520542,0.1066636924008892,2019-02-21,2019-02-22,2019-02-25,2019-02-26,2019-02-27,2019-02-28,2019-03-01,2019-03-04,2019-03-05,2019-03-06,63263.0,2019-02-20,252.0,-1.2321%,-0.0002,0.4875,0.0305,-0.1698,1.2904%,1.4098%,16.2170%,-0.012596,NVO,63263.0,2019-02-21,252.0,-0.0805%,-0.0001,0.4823,0.0201,-0.1793,1.2874%,1.4058%,16.1349%,0.00053,NVO,63263.0,2019-02-22,252.0,0.2416%,-0.0002,0.4835,0.0016,-0.1821,1.2849%,1.4043%,16.2792%,-0.003565,NVO,63263.0,2019-02-25,252.0,-0.7031%,-0.0003,0.4869,0.009,-0.1655,1.2727%,1.3924%,16.4600%,-0.00818,NVO,63263.0,2019-02-26,252.0,0.0405%,-0.0004,0.4813,0.0131,-0.1676,1.2714%,1.3885%,16.1550%,0.0005949999999999,NVO,63263.0,2019-02-27,252.0,-0.7685%,-0.0004,0.4786,0.0156,-0.1681,1.2719%,1.3875%,15.9744%,-0.008444,NVO,63263.0,2019-02-28,252.0,-0.2445%,-0.0003,0.4635,0.0053,-0.1787,1.2592%,1.3704%,15.5717%,-0.001485,NVO,63263.0,2019-03-01,252.0,1.3279%,-0.0002,0.4552,-0.0072,-0.1961,1.2560%,1.3661%,15.4711%,0.009121,NVO,63263.0,2019-03-04,252.0,-0.8468%,-0.0002,0.4471,0.0244,-0.1951,1.2508%,1.3586%,15.2381%,-0.005455,NVO,63263.0,2019-03-05,252.0,1.0167%,-0.0001,0.4441,0.0079,-0.2011,1.2521%,1.3587%,15.0781%,0.010444,NVO,63263.0,2019-03-06,252.0,-1.0467%,-0.0002,0.4479,0.0203,-0.1951,1.2527%,1.3603%,15.1972%,-0.006646,NVO,-0.012066,-0.015631,-0.023811,-0.03166,-0.025681
8635,NOVARTIS A G,Mitsubishi Tanabe Pharma Says Novartis Pharma Has Filed Request For Arbitration Against It,6,decrease,0.7,0.6,"the filing of a request for arbitration suggests potential legal disputes, which could negatively impact investor sentiment and lead to a decrease in stock price.",0,2019-02-20,NVS,2019-02-20 09:05:00+00:00,88233.0,66987V10,0.0085583711043,1416617.0,-0.0025346674956381,0.0010013793362304,0.0029830585699528,0.0096607580780982,0.0035250021610409,0.0021388586610555,0.0042810030281543,-0.0002250607067253,-0.002185998018831,0.0082841096445918,-0.0006572193815372,-0.0082160467281937,0.0018634019652381,0.0060008917935192,0.0075944038107991,-0.0076404530555009,0.0060497522354125,0.0005621478776447,0.0001112973986892,0.0064494195394217,-0.0042311241850256,0.0082134790718555,0.002795482520014,0.0015997146256268,0.0043487888760864,0.0215944722294807,0.0,-0.0106247626245021,0.0173198357224464,0.0109748374670743,0.0042562414892017,-0.0034903483465313,0.0138013940304517,-0.0052083861082792,-0.0012863408774137,-0.0198525246232748,-0.001931955688633,-0.0019247981254011,0.0052694431506097,-0.0075289155356585,0.0019255487713962,0.0040618372149765,-0.0025625184644013,0.0077316695824265,-0.0011774846352636,0.0009103698539547,0.0183260012418031,0.012094022706151,0.000947210821323,-0.0108237098902463,0.0054673184640705,-0.0038588577881455,0.0053330771625041,0.0132244890555739,-0.0044726473279297,0.0027675030287355,-0.0086720492690801,0.0216777101159095,0.0008431896567344,-0.0117592522874474,-0.0077927322126924,0.0135709410533309,-0.0024411308113485,0.0080894641578197,0.0100010903552174,-0.0203938949853181,0.0009270255686715,0.0064508025534451,-0.0177437160164117,0.0141548998653888,-0.0007323026657104,-0.0082576023414731,-0.0199096724390983,0.0276397000998258,0.0089730964973568,-0.0103179439902305,-0.0200099162757396,-0.0104476418346166,-0.0257120411843061,-0.0026050158776342,-0.0115135749801993,-0.0110083436593413,-0.0132181923836469,-0.0043143974617123,0.0066312993876636,-0.0186519883573055,0.0252964179962873,-0.0114253628998994,0.0357234477996826,0.0030637045856565,0.0085608242079615,0.0104333413764834,-0.0019683067221194,0.0036823900882154,0.0135585619136691,-0.0020670681260526,-0.0038915199693292,-0.0221224166452884,0.0002441294345771,-0.0189489219337701,0.0082997716963291,-0.0080866077914834,0.0019367635250091,-0.0002184709155699,-0.0205388069152832,0.0052717817015945,0.0098680527880787,0.0140327671542763,-0.0108708851039409,0.010124891065061,0.0111137796193361,-0.0012359619140625,-0.0167317427694797,0.0110189849510788,0.0027325949631631,-0.0112321693450212,0.0101573104038834,0.0239218156784772,0.01103609893471,-0.0154003016650676,-0.0025346674956381,0.0010013793362304,0.0004408300127198,0.0106718114978405,0.0039673861005082,0.0128334956553475,0.0060613074116009,0.0209940820080498,0.021176886831054,0.0179905413672247,0.0797345394584068,0.0475026403396223,0.0679592781108326,0.0187974598600484,2019-02-21,2019-02-22,2019-02-25,2019-02-26,2019-02-27,2019-02-28,2019-03-01,2019-03-04,2019-03-05,2019-03-06,88233.0,2019-02-20,252.0,0.8558%,0.0003,0.5922,-0.0805,0.0581,0.8771%,1.0699%,32.7950%,0.007232,NVS,88233.0,2019-02-21,252.0,-0.2535%,0.0003,0.5871,-0.091,0.0487,0.8723%,1.0640%,32.7874%,-0.000366,NVS,88233.0,2019-02-22,252.0,0.2983%,0.0003,0.5869,-0.0872,0.0505,0.8721%,1.0634%,32.7448%,0.000284,NVS,88233.0,2019-02-25,252.0,0.3525%,0.0003,0.5873,-0.0878,0.0516,0.8719%,1.0634%,32.7693%,0.002409,NVS,88233.0,2019-02-26,252.0,0.4281%,0.0004,0.5913,-0.0978,0.0496,0.8708%,1.0636%,32.9717%,0.004729,NVS,88233.0,2019-02-27,252.0,-0.2186%,0.0003,0.591,-0.098,0.0495,0.8710%,1.0626%,32.8174%,-0.0025729999999999,NVS,88233.0,2019-02-28,252.0,-0.0657%,0.0004,0.5852,-0.102,0.0451,0.8685%,1.0568%,32.4635%,0.001218,NVS,88233.0,2019-03-01,252.0,0.1863%,0.0004,0.5795,-0.1104,0.0374,0.8670%,1.0528%,32.1830%,-0.001964,NVS,88233.0,2019-03-04,252.0,0.7594%,0.0005,0.5765,-0.1091,0.0401,0.8687%,1.0510%,31.6827%,0.00993,NVS,88233.0,2019-03-05,252.0,0.6050%,0.0005,0.5744,-0.1215,0.0363,0.8690%,1.0505%,31.5709%,0.0066979999999999,NVS,88233.0,2019-03-06,252.0,0.0111%,0.0005,0.5691,-0.1238,0.03,0.8678%,1.0466%,31.2514%,0.003301,NVS,0.006866,0.00715,0.009559,0.011715,0.030898
8643,NEW YORK TIMES CO,'The New York Times reporting is false. They are a true ENEMY OF THE PEOPLE!' -Earlier Tweet From Pres Trump,6,decrease,0.7,0.5,"negative statements from a high-profile figure like president trump can lead to decreased investor confidence in the new york times co., potentially impacting its stock price negatively.",0,2019-02-20,NYT,2019-02-20 13:51:00+00:00,47466.0,65011110,-0.0028159650973975,2011857.0,0.0081581491976976,-0.0021854417864233,0.0099595291540026,0.0021902283187955,-0.0003082322364207,0.0188077222555875,-0.0006165369413793,-0.0015913187526166,0.0268353726714849,0.0054400023072957,-0.0132172554731369,-0.0035076723434031,0.014307496137917,0.0248366091400384,-0.0027010850608348,0.030650045722723,0.0117363650351762,0.103307344019413,-0.0071385446935892,0.0007437879685312,-0.0038945795968174,0.0208807606250047,0.0027067714836448,0.0245041269809007,0.0191961415112018,-0.0107734007760882,0.0064744325354695,-0.0072574685327708,0.0084795588627457,0.0061491099186241,-0.0089881522580981,-0.0030651311390101,0.0020479722879827,0.0131987631320953,-0.0037956517189741,0.0391286499798297,-0.0041031474247574,0.0012116594007238,-0.0185403488576412,-0.0166799072176218,0.0110945357009768,-0.0125490073114633,-0.0332147888839244,0.0139165166765451,-0.0006133939605206,0.0219422597438097,0.0009207727853208,0.0024440479464828,0.0039865397848188,0.0111202038824558,0.0018325459677726,0.0214556250721216,0.0015243670204654,0.0008421245147474,0.0203957986086607,0.0149572817608714,0.0011932536726817,0.0253717843443155,-0.0017904374981299,0.0173565335571765,0.0032885083928704,0.0504908822476863,0.0,-0.0210526771843433,0.0002979237469844,-0.0197398159652948,-0.0092344768345355,-0.0049106562510132,0.0162357464432716,-0.0088495910167694,0.0029586476739495,-0.0035273334942758,0.0032447429839521,0.0370370112359523,-0.0094089889898896,-0.0117486817762255,0.0077174874022603,-0.0181899610906839,-0.002061846666038,-0.0267702471464872,-0.0070838746614754,-0.0173949878662824,-0.0208085849881172,0.0120222745463252,0.0024287139531224,-0.0489995442330837,0.0024227139074355,-0.0196156837046146,-0.0172205362468957,-0.0103011187165975,0.0169075652956962,-0.0178988706320524,0.002116072922945,0.0054773590527474,0.0,0.0179211013019084,0.0027149366214871,-0.0308760795742273,-0.0111312493681907,-0.0207860637456178,0.0228171590715646,-0.0228951573371887,0.0214158613234758,0.009317927993834,-0.0433896817266941,0.0003728646261151,0.0441400557756424,0.0026168110780417,0.0145772602409124,0.0171102955937385,-0.0310344267636537,0.0003803089202847,-0.0311388801783323,0.0170212965458631,0.0183655433356761,0.0185185670852661,0.0153290750458836,0.0233870949596166,0.0112492917105555,-0.0323839224874973,0.0081581491976976,-0.0021854417864233,0.0181989296764775,-8.4117490750657e-11,0.0178850879432621,0.0188077221698881,0.0445560089488281,0.0227199711036281,0.0473799864580248,0.1885459201956967,0.0511424633751205,0.4247722533726932,0.0734536762912168,0.2491077944146322,2019-02-21,2019-02-22,2019-02-25,2019-02-26,2019-02-27,2019-02-28,2019-03-01,2019-03-04,2019-03-05,2019-03-06,47466.0,2019-02-20,252.0,-0.2816%,0.0009,0.811,0.5389,0.0175,1.7747%,1.9958%,20.9331%,-0.00575,NYT,47466.0,2019-02-21,252.0,0.8158%,0.0009,0.8136,0.5465,0.0222,1.7737%,1.9958%,21.0200%,0.011476,NYT,47466.0,2019-02-22,252.0,0.9960%,0.001,0.8128,0.5627,0.028,1.7721%,1.9954%,21.1221%,0.001892,NYT,47466.0,2019-02-25,252.0,-0.0308%,0.0009,0.8134,0.5638,0.0306,1.7719%,1.9952%,21.1275%,-0.000114,NYT,47466.0,2019-02-26,252.0,-0.0617%,0.001,0.816,0.5567,0.0289,1.7717%,1.9950%,21.1309%,0.004294,NYT,47466.0,2019-02-27,252.0,2.6835%,0.0011,0.8189,0.5586,0.0295,1.7778%,2.0015%,21.1021%,0.0249779999999999,NYT,47466.0,2019-02-28,252.0,-1.3217%,0.0011,0.814,0.5548,0.0287,1.7773%,1.9974%,20.8197%,-0.010817,NYT,47466.0,2019-03-01,252.0,1.4307%,0.0012,0.8055,0.5421,0.0129,1.7748%,1.9914%,20.5699%,0.006863,NYT,47466.0,2019-03-04,252.0,-0.2701%,0.0012,0.8036,0.5461,0.0138,1.7747%,1.9910%,20.5425%,0.003516,NYT,47466.0,2019-03-05,252.0,1.1736%,0.0012,0.7982,0.5129,0.005,1.7745%,1.9854%,20.1156%,0.014739,NYT,47466.0,2019-03-06,252.0,-0.7139%,0.0013,0.8113,0.4903,0.0167,1.7658%,1.9814%,20.5799%,0.005938,NYT,0.005726,0.007618,0.0075039999999999,0.0367759999999999,0.0570149999999999
8651,REALTY INCOME CORP,"Realty Income Q4 EPS $0.29 Misses $0.31 Estimate, Adj. FFO $0.79, Sales $342.6M Miss $343.84M Estimate",6,decrease,0.75,0.6,"the company reported lower-than-expected eps and sales, which typically leads to a negative reaction in stock prices.",0,2019-02-20,O,2019-02-20 21:48:00+00:00,81045.0,75610910,-0.015875294804573,1519219.0,0.0108995791524648,-0.002425427082926,0.0025876986328512,0.0044424985535442,-0.0048751984722912,0.0028743452858179,-0.0033141693565994,0.0033165588974952,-0.0049153729341924,-0.015054753050208,0.0080706356093287,0.0047089299187064,-0.0002892462653107,-0.0002852588368114,0.005785385146737,0.0132986148819327,0.0037388859782367,-0.0020196102559566,-0.004154740832746,0.0071189575828611,-0.0007193648489192,0.0147427385672926,0.0041750781238079,-0.0125200254842639,0.0140502275899052,0.0199127234518528,0.0089070722460746,0.0133473211899399,-0.000840772932861,0.0104561671614646,0.0085554076358675,0.0118061425164341,-0.0093172825872898,0.0149392941966652,-0.0032284634653478,-0.0024836391676217,-0.0135192098096013,-0.0054037128575146,0.0098500326275825,0.0018560729222372,0.0244558025151491,-0.0024686937686055,0.0017938078381121,0.002474803244695,0.0089531894773244,-0.001852634246461,0.0099659161642193,0.0147265354171395,-0.0071641849353909,-0.0071550640277564,0.0057182549498975,0.005631168372929,-0.0011372030712664,0.0157292932271957,-0.0112832272425293,-0.0039563220925629,-0.0024749112781137,0.014611430466175,-0.0082702422514557,-0.0028818494174629,-0.0022237114608287,-0.0003201097715646,0.0068254331126809,0.0088809821754693,-0.0038738071452826,-0.0176078770309686,-0.0112499659880995,-0.0014048549346625,0.0080067375674843,0.0006317659281194,-0.0050167306326329,0.0063583138398826,-0.0012605597730726,0.0438028760254383,0.0009816252859309,-0.0551810674369335,-0.0285794474184513,-0.0062315235845744,-0.0226420499384403,-0.0066542909480631,0.0112144341692328,-0.0067629083059728,-0.0093389665707945,0.0148182334378361,0.017233733087778,-0.0336146503686904,0.0124529488384723,0.0003015175461769,0.0022883820347487,0.0176461804658174,0.0071347029879689,-0.0170438140630722,-0.0153018105775117,0.0097471727058291,0.0105899590998888,-0.0040952013805508,-0.0001428672403562,-0.0042289500124752,0.0032857621554285,0.0338850431144237,0.0009967206278815,-0.0063614593818783,-0.0048364717513322,0.0056171109899878,-0.0475986562669277,0.0070544271729886,0.0028516051825135,0.003456964623183,0.0080814268440008,-0.0006281550740823,0.0130640920251607,0.0103125739842653,0.0038101135287433,-0.0058360053226351,0.0074452864937484,-0.0029878695495426,0.0037674901541322,-0.0042280056513845,0.0005774638266302,-0.0017195655964314,0.0108995791524648,-0.002425427082926,0.0135154826113876,0.0020062965143106,0.008574393478917,0.0048864085890565,0.0002907179128412,-0.0069593171298218,0.0134667323004422,0.015836063672457,0.05226523557986,0.1231113840803244,0.0169275627102227,0.1042309299228447,2019-02-21,2019-02-22,2019-02-25,2019-02-26,2019-02-27,2019-02-28,2019-03-01,2019-03-04,2019-03-05,2019-03-06,81045.0,2019-02-20,252.0,-1.5875%,0.0014,0.3353,-0.2135,-0.0906,1.0684%,1.1361%,11.5608%,-0.015824,O,81045.0,2019-02-21,252.0,1.0900%,0.0015,0.3287,-0.2246,-0.1027,1.0678%,1.1348%,11.4510%,0.011682,O,81045.0,2019-02-22,252.0,0.2588%,0.0015,0.3279,-0.1997,-0.0891,1.0613%,1.1262%,11.1904%,7.7e-05,O,81045.0,2019-02-25,252.0,-0.4875%,0.0015,0.3299,-0.1939,-0.0786,1.0570%,1.1217%,11.2089%,-0.006147,O,81045.0,2019-02-26,252.0,-0.3314%,0.0014,0.3246,-0.1807,-0.0758,1.0554%,1.1172%,10.7590%,-0.0043869999999999,O,81045.0,2019-02-27,252.0,-0.4915%,0.0014,0.3236,-0.1808,-0.076,1.0561%,1.1172%,10.6369%,-0.005055,O,81045.0,2019-02-28,252.0,0.8071%,0.0015,0.3102,-0.1897,-0.0875,1.0478%,1.1060%,10.2400%,0.00882,O,81045.0,2019-03-01,252.0,-0.0289%,0.0015,0.3103,-0.1896,-0.0856,1.0481%,1.1060%,10.2057%,-0.0024129999999999,O,81045.0,2019-03-04,252.0,0.5785%,0.0014,0.3156,-0.2124,-0.0859,1.0454%,1.1054%,10.5590%,0.006884,O,81045.0,2019-03-05,252.0,0.3739%,0.0014,0.3152,-0.215,-0.0869,1.0455%,1.1055%,10.5607%,0.003321,O,81045.0,2019-03-06,252.0,-0.4155%,0.0014,0.3142,-0.2004,-0.0861,1.0453%,1.1042%,10.3824%,-0.004272,O,-0.004142,-0.004065,-0.010212,-0.019654,-0.007314
8659,OWENS CORNING NEW,"Owens-Corning Q4 Adj. EPS $1.38 Beats $1.21 Estimate, Sales $1.7B Beat $1.67B Estimate",6,increase,0.85,0.7,"the company's adjusted eps and sales both exceeded analyst estimates, which typically signals strong performance and can lead to a positive reaction in the stock price.",2,2019-02-20,OC,2019-02-20 11:00:00+00:00,91531.0,69074210,-0.0510461404919624,2619869.0,-0.0186276286840438,0.0137136587873101,-0.0098780188709497,0.0199552346020937,-0.0316901206970214,-0.0068531716242432,0.0149495285004377,-0.0158585291355848,-0.0017914042109623,0.0345088057219982,-0.0043868636712431,0.019807668402791,0.0044061932712793,0.0005772326258011,0.0049850447103381,-0.0119771342724561,-0.0331349596381187,-0.010161854326725,-0.0162117984145879,0.0051068747416138,-0.013558592647314,0.0177092999219894,-0.0008498176466673,-0.0083985235542058,0.0142462681978941,0.0170840825885534,-0.0006289851735346,0.0076290960423648,-0.0079714134335517,0.0100770266726613,-0.0061323940753936,0.0476091727614402,0.0155319049954414,0.0191983077675104,0.0020951663609594,0.0257520545274019,-0.0125444754958152,-0.0324539206922054,-0.0192674119025468,-0.0227133333683013,0.0237478092312812,0.0120107270777225,-0.0240404773503541,0.0418555028736591,-0.000864241621457,-0.0165500231087207,-0.0196799263358116,0.007697254884988,0.0191925633698701,0.0075399032793939,0.0086579592898488,-0.0070588625967502,0.0111588081344962,0.0097192395478487,0.0354414694011211,0.0439684502780437,0.0096330679953098,-0.0022497703321278,0.0152253350242972,0.0146085228770971,0.0087982891127467,0.0145901124924421,0.0057482835836708,-0.017966816201806,-0.0013796512503176,0.0047749360091984,-0.0238799899816513,0.0068681142292916,0.0287101101130247,-0.0002288469113409,0.0108097335323691,0.0162827856838703,0.0169161763042211,0.0434466227889061,0.0034416883718222,-0.0431955531239509,0.0163872074335813,-0.0027790395542979,0.0123734502121806,-0.0204174574464559,0.0051851626485586,0.0054744910448789,0.0007369365775957,0.0209595151245594,0.0233799796551466,-0.00647854199633,-0.056484967470169,-0.0103044873103499,-0.0419447235763073,-0.0293399300426244,0.0085572199895977,-0.021743856370449,0.0230859946459531,-0.0332141704857349,-0.0111860753968358,-0.0293817315250635,-0.0013653149362653,-0.0108981011435389,-0.0003906339406967,0.0087540782988071,0.0156310908496379,-0.0668693110346794,0.0073105245828628,0.0093959318473935,-0.0129870185628533,0.0108548430725932,-0.0243808459490537,-0.014705890789628,-0.0039666197262704,0.0282797031104564,0.0015929512446746,0.0027569790836423,-0.0284294299781322,-0.0111002866178751,0.0092081185430288,0.0140205193310976,-0.0072992825880646,0.024479042738676,0.0059232213534414,0.0098059149459004,-0.0186276286840438,0.0137136587873101,-0.0283216434873315,0.0339425526677577,-0.0591142478839015,0.0268567669047172,-0.0467591537457863,0.0454459731164038,-0.088766431973716,0.0486097933021956,-0.0449774008590302,0.2654644347390404,-0.059490806753327,0.1382510081532955,2019-02-21,2019-02-22,2019-02-25,2019-02-26,2019-02-27,2019-02-28,2019-03-01,2019-03-04,2019-03-05,2019-03-06,91531.0,2019-02-20,252.0,-5.1046%,-0.0018,0.9981,1.1475,0.7075,1.8366%,2.1399%,26.3368%,-0.059864,OC,91531.0,2019-02-21,252.0,-1.8628%,-0.0019,1.0048,1.1586,0.7197,1.8365%,2.1426%,26.5331%,-0.0126039999999999,OC,91531.0,2019-02-22,252.0,-0.9878%,-0.0017,1.0035,1.2281,0.7683,1.8066%,2.1231%,27.5873%,-0.012302,OC,91531.0,2019-02-25,252.0,-3.1690%,-0.0019,1.007,1.2447,0.7897,1.8058%,2.1252%,27.8046%,-0.02872,OC,91531.0,2019-02-26,252.0,1.4950%,-0.0018,1.0066,1.2049,0.7692,1.8139%,2.1279%,27.3353%,0.027033,OC,91531.0,2019-02-27,252.0,-0.1791%,-0.0018,1.0045,1.2079,0.7689,1.8137%,2.1270%,27.2936%,-0.004163,OC,91531.0,2019-02-28,252.0,-0.4387%,-0.0018,0.9992,1.2044,0.7645,1.8128%,2.1219%,27.0097%,0.000308,OC,91531.0,2019-03-01,252.0,0.4406%,-0.0017,0.9961,1.1997,0.7604,1.8126%,2.1172%,26.7038%,-0.003313,OC,91531.0,2019-03-04,252.0,0.4985%,-0.0016,0.981,1.2374,0.7671,1.8055%,2.1099%,26.7737%,0.011908,OC,91531.0,2019-03-05,252.0,-3.3135%,-0.0016,0.9864,1.2637,0.7799,1.8115%,2.1181%,26.8505%,-0.02588,OC,91531.0,2019-03-06,252.0,-1.6212%,-0.0016,0.9849,1.2427,0.7754,1.8122%,2.1200%,26.9252%,0.0075949999999999,OC,-0.072468,-0.08477,-0.11349,-0.09062,-0.100002
8667,OCULAR THERAPEUTIX INC,Ocular Therapeutix Reports Dosing Of First Patient In OTX-TKI Phase 1 Trial For Treatment Of Wet AMD,6,increase,0.7,0.6,"the initiation of a phase 1 trial for a new treatment indicates progress in ocular therapeutix's drug development pipeline, which is generally viewed positively by investors.",2,2019-02-20,OCUL,2019-02-20 13:30:00+00:00,14823.0,67576A10,0.0054053999483585,428792.0,-0.0295699276030063,0.010928951203823,0.1523545682430267,-0.0027247930411249,0.14663465321064,0.0,-0.0167714729905128,0.0280112456530332,-0.0106610218062996,0.0084745679050683,-0.0409482903778553,0.0085470005869865,0.0494382642209529,-0.0222841016948223,0.0085653020069003,-0.0375335402786731,-0.0318471528589725,-0.0235601868480444,-0.0570174902677536,-0.0026109635364264,0.0186046324670314,0.0078947292640805,-0.020547978579998,0.0052910004742443,0.0233100019395351,-0.0078740082681179,-0.0068336525000631,-0.0026177985128015,-0.0344036892056465,0.0052631529979407,-0.0285035353153944,-0.0104166567325592,-0.0097799412906169,0.0491802804172039,0.0024690744467079,0.0194986555725336,0.0098522072657942,-0.0426666885614395,0.0146341323852539,-0.0482233650982379,0.0,-0.002531643025577,-0.052884567528963,-0.0025252501945942,0.0101522747427225,-0.007518789730966,0.0100502418354153,0.0126903429627418,0.0,-0.002531643025577,-0.0099502392113208,-0.012499988079071,-0.0025125604588538,-0.0361445993185043,0.0251889526844024,0.0024155143182724,0.0196560006588697,-0.0071942945942282,0.0216866675764322,-0.0324825681746006,0.0235849972814321,0.0615763552486896,0.0230414513498544,-0.0097560882568359,-0.0450451076030731,0.0301507245749235,-0.0542451776564121,-0.0363196358084678,0.0174562819302082,0.0671835243701934,-0.0294117368757724,-0.0491401180624961,-0.0454545617103576,-0.0192770902067422,-0.0185185018926858,-0.0024037866387516,-0.0026954151690006,-0.0734966471791267,-0.0135135008022189,-0.0426439829170703,-0.0027397233061492,-0.0389344356954097,0.0054945000447332,-0.0317460000514984,0.0546447560191154,-0.0544090010225772,0.0284974444657564,-0.0549645312130451,0.0050377785228192,-0.0157068334519863,0.0250626932829618,-0.0171526428312063,-0.0391198247671127,0.0410714335739612,-0.045801542699337,-0.03780073300004,-0.005333328153938,-0.0411861613392829,-0.0294906515628099,0.0819964408874511,0.027624350041151,-0.0209423881024122,0.0645161345601081,-0.1396396160125732,-0.0303030610084533,0.0990098863840103,-0.0286458060145378,0.0706713944673538,-0.018766738474369,0.054003719240427,0.0054644756019115,-0.0495575591921806,-0.0516304485499858,-0.0052816434763371,0.0315185934305191,0.0777988359332084,0.0,0.0313111245632171,-0.0194444265216589,-0.0248090922832489,-0.0295699276030063,0.010928951203823,0.1182795270870866,0.0081743790325112,0.2822580577340601,0.0081743790325112,0.2473117893104419,0.045197765123619,0.1559140266086811,-0.0339425261773025,0.1397848839840212,-0.141531297151751,-0.0510752713986955,-0.2938930881380599,2019-02-21,2019-02-22,2019-02-25,2019-02-26,2019-02-27,2019-02-28,2019-03-01,2019-03-04,2019-03-05,2019-03-06,14823.0,2019-02-20,252.0,0.5405%,-0.001,0.9754,2.0995,0.0744,2.9752%,3.3460%,20.9332%,-0.0015179999999999,OCUL,14823.0,2019-02-21,252.0,-2.9570%,-0.0011,0.9773,2.0982,0.0781,2.9783%,3.3476%,20.8490%,-0.02442,OCUL,14823.0,2019-02-22,252.0,15.2355%,-0.0008,0.96,2.065,-0.1599,3.0831%,3.4638%,20.7696%,0.135509,OCUL,14823.0,2019-02-25,252.0,14.6635%,-0.0001,0.9545,1.9853,-0.2219,3.2157%,3.5762%,19.1460%,0.150176,OCUL,14823.0,2019-02-26,252.0,-1.6771%,-0.0002,0.9386,2.0052,-0.2236,3.2110%,3.5713%,19.1562%,-0.003371,OCUL,14823.0,2019-02-27,252.0,-1.0661%,-0.0004,0.9252,2.0246,-0.2259,3.2070%,3.5671%,19.1670%,-0.015684,OCUL,14823.0,2019-02-28,252.0,-4.0948%,-0.0006,0.9499,2.0403,-0.1989,3.2101%,3.5751%,19.3773%,-0.03915,OCUL,14823.0,2019-03-01,252.0,4.9438%,-0.0005,0.9647,2.0623,-0.1929,3.2175%,3.5884%,19.6038%,0.035796,OCUL,14823.0,2019-03-04,252.0,0.8565%,-0.0006,0.983,1.9807,-0.1929,3.2080%,3.5729%,19.3832%,0.022493,OCUL,14823.0,2019-03-05,252.0,-3.1847%,-0.0009,0.9737,1.8925,-0.1908,3.1897%,3.5339%,18.5299%,-0.024589,OCUL,14823.0,2019-03-06,252.0,-5.7017%,-0.0009,1.0059,1.9229,-0.1503,3.1823%,3.5431%,19.3284%,-0.025006,OCUL,-0.025938,0.1095709999999999,0.259747,0.240692,0.2102359999999999
8675,ONE GAS INC,"ONE Gas, Inc. Q4 EPS $0.84 Misses $0.85 Estimate",6,decrease,0.75,0.6,"the earnings per share (eps) miss compared to estimates typically signals weaker performance, which can lead to a decrease in stock price.",0,2019-02-20,OGS,2019-02-20 22:19:00+00:00,14401.0,68235P10,0.0054670679382979,195662.0,0.006501218304038,0.0023826179094612,0.025753105059266,0.0143806943669915,-0.0072556128725409,-0.0040919044986367,-0.0016241229604929,0.0047158333472907,0.0033697527833282,-0.0089874183759093,0.0011580599239096,-0.0067840958945453,0.0030075435061007,0.0091279661282897,0.0157998241484165,0.0178483985364437,-0.0141916433349251,-0.0048661059699952,-0.0038005507085472,0.0058736628852784,0.0042774882167577,-0.0019540307112038,0.010014908388257,-0.0032867225818336,0.007978169247508,0.0170856118202209,0.0028267751913517,0.0069816429167985,0.0019167681457474,-0.0043445690535008,-0.0019131011795252,-0.0086143808439373,0.0013529723510146,-0.0244898051023483,0.0043913908302783,0.008474632166326,-0.0095291314646601,0.0091631030663847,0.0003395447565708,0.0004889490082859,0.0121068088337779,0.0026964240241795,-0.0023476700298488,0.0127854868769645,0.0079560633748769,0.0413650050759315,0.0022235084325075,0.0161566194146871,-0.0068774567916989,-0.0181842092424631,-0.0049145813100039,-0.0118516664952039,-0.0006734488997608,0.0125161446630954,-0.0101089691743254,-0.0156230572611093,-0.013048836030066,0.0183676872402429,0.0066681327298283,-0.0051473625935614,-0.0019415050046518,0.0084350062534213,0.008582217618823,0.0050867274403572,-0.0071476884186267,-0.0368090495467186,-0.0084562385454773,0.0160837657749652,0.0024202687200158,0.0008943362627178,0.0071280188858509,0.0109790554270148,0.003538872115314,0.0001291113148909,0.0001136902137659,-0.0605582259595394,-0.0116014182567596,-0.0059114233590662,-0.0077099902555346,0.0014498338568955,0.0024353365879505,-0.0027711247093975,-0.0039334101602435,-0.0095465751364827,0.0054587833583354,-0.0337830074131488,0.0088944975286722,-0.0034470346290618,0.0038928783033043,0.0006898649735376,0.0030793412588536,0.0096354987472295,-0.003638427471742,0.0051342179067432,0.0101563325151801,-0.0086755352094769,-0.0107320034876465,0.0012740399688482,-0.0023980711121112,0.0144518353044986,0.0147664938122034,-0.014360137283802,-0.0019176329951733,0.0148078761994838,-0.0143535742536187,0.0243168007582426,-0.0119252484291791,-0.0063396985642611,-0.0023209580685943,-0.0011947249295189,0.0187274701893329,-0.0085287997499108,0.0100479247048497,0.0110179418697953,-0.0073479712009429,0.0010789633961394,0.0022907408419996,-0.0107921734452247,0.0146268857643008,-0.0091656735166907,0.006501218304038,0.0023826179094612,0.0324217499213013,0.016797575976402,0.0249308973826811,0.0126369374010613,0.0267144379865007,0.008268453859118,0.0284979788178778,0.0296132901981269,0.0411015090767179,0.0827435384593433,0.0617722853524373,-0.0112808368689434,2019-02-21,2019-02-22,2019-02-25,2019-02-26,2019-02-27,2019-02-28,2019-03-01,2019-03-04,2019-03-05,2019-03-06,14401.0,2019-02-20,252.0,0.5467%,0.001,0.2867,-0.0921,0.1212,1.2066%,1.2402%,5.3411%,0.004353,OGS,14401.0,2019-02-21,252.0,0.6501%,0.001,0.2827,-0.0987,0.1138,1.2065%,1.2395%,5.2414%,0.007676,OGS,14401.0,2019-02-22,252.0,2.5753%,0.0012,0.2783,-0.0741,0.0843,1.2133%,1.2451%,5.0546%,0.026032,OGS,14401.0,2019-02-25,252.0,-0.7256%,0.0012,0.2771,-0.0709,0.0813,1.2126%,1.2443%,5.0212%,-0.007814,OGS,14401.0,2019-02-26,252.0,-0.1624%,0.0011,0.267,-0.0575,0.0806,1.2076%,1.2366%,4.6413%,-0.001466,OGS,14401.0,2019-02-27,252.0,0.3370%,0.0012,0.2751,-0.0713,0.082,1.2022%,1.2331%,4.9569%,0.003235,OGS,14401.0,2019-02-28,252.0,0.1158%,0.0013,0.2632,-0.0795,0.073,1.1942%,1.2229%,4.6396%,0.00213,OGS,14401.0,2019-03-01,252.0,0.3008%,0.0013,0.255,-0.0917,0.0602,1.1910%,1.2185%,4.4608%,0.0015459999999999,OGS,14401.0,2019-03-04,252.0,1.5800%,0.0014,0.2531,-0.0991,0.0638,1.1948%,1.2216%,4.3384%,0.016434,OGS,14401.0,2019-03-05,252.0,-1.4192%,0.0014,0.2584,-0.0676,0.0733,1.1961%,1.2233%,4.3861%,-0.014006,OGS,14401.0,2019-03-06,252.0,-0.3801%,0.0013,0.253,-0.0534,0.0691,1.1935%,1.2194%,4.2016%,-0.002601,OGS,0.012029,0.038061,0.030247,0.032016,0.035519
8683,OMEROS CORP,"Omeros Reports United States Adopted Names Council, International Nonproprietary Names Expert Committee Selected Name For Co.'s OMS721 As 'Narsoplimab'",6,increase,0.7,0.5,"the selection of a name for oms721 as 'narsoplimab' by recognized authorities may enhance the drug's visibility and credibility, potentially leading to positive investor sentiment and an increase in stock price.",2,2019-02-20,OMER,2019-02-20 13:38:00+00:00,93085.0,68214310,0.0561151579022407,1056280.0,-0.04972755163908,-0.009971534833312,0.0422939173877239,-0.0216028168797493,-0.0426409840583801,0.0962567031383514,0.0272988583892583,-0.0267657749354839,0.0286713168025016,-0.0044411858543753,-0.0197144765406847,0.0044609978795051,0.0520110949873924,0.0112781664356589,0.0692155063152313,-0.0291970521211624,-0.0006165369413793,0.0118168275803327,-0.0283774901181459,-0.0066030924208462,0.0107936551794409,0.0007342312019318,-0.0062814308330416,-0.0014663091860711,0.0309734381735324,0.0420168191194534,-0.02697728946805,0.0178849529474973,0.0012602682691067,0.0182105731219053,0.0151037639006972,-0.0446293614804744,-0.0055795568041503,0.0161414314061403,0.0411471202969551,-0.0045906249433755,0.0514969266951084,-0.0158132556825876,0.0,-0.0111690666526556,0.0091116093099117,0.0378671362996101,-0.0468397252261638,0.0015479492722079,0.0094730518758296,-0.0771428495645523,0.0129032982513308,0.107594907283783,-0.0023162080906331,0.0489626675844192,0.0029019818175584,-0.0163265150040388,0.0052083418704569,0.0074013285338878,-0.0074842292815446,0.0041288351640105,0.0371229350566864,-0.0146460784599185,0.0123043190687894,-0.0104669975116848,0.0138121545314788,0.0660944655537605,0.0098092807456851,-0.0168777015060186,-0.0242849830538034,0.0637342929840087,-0.0143805434927344,-0.0379965081810951,0.0056116939522325,0.0202642753720283,0.007812466006726,-0.0290846209973096,0.0199335888028144,0.090485006570816,0.0021714987233281,-0.0137994131073355,0.0151679683476686,-0.0934111699461937,0.010138769634068,-0.0123558947816491,-0.0216587334871292,-0.0433411560952663,0.0086393002420663,-0.0320366211235523,0.0144539857283234,-0.0135440407320857,0.0010553324827924,-0.0074682882986962,-0.0100157428532838,-0.0668989568948745,0.0015973789850249,-0.0082930121570825,0.0101010389626026,0.0447653345763683,-0.0084210447967052,-0.0121255395933985,0.0159235261380672,-0.0182072333991527,0.002089912071824,0.0484581403434276,0.0229405909776687,-0.0299145355820655,-0.0010193912312388,0.0064516239799559,-0.0877551659941673,-0.0007163487607613,0.0285235047340393,-0.0359115675091743,0.0092441588640213,0.0530908741056919,0.0409482903778553,-0.01221264898777,-0.0170807410031557,-0.0204081609845161,-0.0231701172888279,0.0186380092054605,0.0237197056412696,0.0813953652977943,0.0042127394117414,0.0246226731687784,-0.04972755163908,-0.009971534833312,-0.0095368072122731,-0.0313589384720472,-0.0517711324263469,0.0618792566350665,0.0020435766648905,0.0288674597881606,0.0728882591441877,0.0198092082836833,0.2329700283654687,0.1191626040704643,0.2990462742234154,0.1040507871730849,2019-02-21,2019-02-22,2019-02-25,2019-02-26,2019-02-27,2019-02-28,2019-03-01,2019-03-04,2019-03-05,2019-03-06,93085.0,2019-02-20,252.0,5.6115%,0.0022,1.0163,2.6092,-0.9651,5.7572%,6.1405%,12.0931%,0.054029,OMER,93085.0,2019-02-21,252.0,-4.9728%,0.0018,1.0434,2.6538,-0.915,5.7585%,6.1466%,12.2286%,-0.0464609999999999,OMER,93085.0,2019-02-22,252.0,4.2294%,0.0022,1.0381,2.7741,-0.8693,5.7317%,6.1337%,12.6804%,0.007365,OMER,93085.0,2019-02-25,252.0,-4.2641%,0.0026,1.0201,2.7765,-0.9346,5.6531%,6.0660%,13.1523%,-0.03865,OMER,93085.0,2019-02-26,252.0,2.7299%,0.0024,0.9502,2.7872,-0.9815,5.6219%,6.0297%,13.0719%,0.043516,OMER,93085.0,2019-02-27,252.0,2.8671%,0.002,0.9032,2.8762,-0.9893,5.5823%,5.9969%,13.3474%,0.0212429999999999,OMER,93085.0,2019-02-28,252.0,-1.9714%,0.0022,0.8768,2.8574,-1.0033,5.5722%,5.9797%,13.1630%,-0.020063,OMER,93085.0,2019-03-01,252.0,5.2011%,0.0023,0.8839,2.868,-1.0067,5.5757%,5.9863%,13.2493%,0.033309,OMER,93085.0,2019-03-04,252.0,6.9216%,0.0028,0.851,2.899,-0.9804,5.5941%,5.9975%,12.9994%,0.08912,OMER,93085.0,2019-03-05,252.0,-0.0617%,0.0029,0.8569,2.9478,-0.9779,5.5911%,5.9969%,13.0759%,0.007374,OMER,93085.0,2019-03-06,252.0,-2.8377%,0.0031,0.8682,2.906,-0.9708,5.5882%,5.9959%,13.1372%,0.016264,OMER,0.007568,0.014933,-0.023717,0.041042,0.167046
8691,OWENS & MINOR INC NEW,"Owens & Minor Shares Fall From Session High Following Resumption Of Trade After Circuit Breaker; Stock Down 14.4% For Session, Up 6.3% From Afternoon Low",6,decrease,0.8,0.7,"the significant drop of 14.4% in stock price indicates a strong negative sentiment, suggesting that the stock is likely to continue decreasing.",0,2019-02-20,OMI,2019-02-20 18:23:00+00:00,60186.0,69073210,-0.1750629544258118,9521105.0,0.010686975903809,0.0311688650399446,-0.0362537428736686,0.0198674984276294,0.0062695862725377,-0.00527008716017,-0.0498442612588405,-0.0104302372783422,0.0180328097194433,0.0267738010734319,0.0048308749683201,0.0204917509108781,-0.0288461279124021,-0.0317460000514984,-0.061056088656187,-0.009174333885312,-0.0773286595940589,-0.0154838562011718,-0.1028571352362633,0.0305851083248853,-0.0084925610572099,-0.0026525172870606,-0.0492505393922328,-0.0039630397222936,0.0720721110701561,-0.0117493048310279,-0.0084034530445933,0.0013071571011096,0.0211865231394767,0.0039370353333652,-0.0160789210349321,0.0026315764989703,0.0210971273481845,0.0119839776307344,-0.0619835071265697,0.0121294008567929,0.0,-0.0388600677251815,0.0066079758107662,0.061898186802864,0.0,-0.0081855310127139,-0.0459518656134605,-0.0393185056746006,-0.0229357574135065,0.0146276773884892,-0.0164319649338722,0.0013315249234437,-0.0071599544025957,0.0203804466873407,-0.0216345377266407,0.020804451778531,0.0073709413409233,0.0241477377712726,0.0146341323852539,0.1121643036603928,-0.0168268494307994,-0.0276498161256313,-0.0195598825812339,0.0015384966973215,0.0149625781923532,0.0046368176117539,-0.0196560584008693,-0.0061444602906703,0.0025062633212655,0.0284360665827989,0.0049999952316284,0.0,-0.0398010164499282,0.0226171035319566,-0.0155440270900726,-0.0095999911427497,-0.0078947292640805,0.0212418492883443,-0.0053050345741212,0.0132450209930539,0.0106666563078761,-0.0320512540638446,-0.0448549017310142,-0.0588235817849636,-0.0662982836365699,-0.0148588269948959,0.0059171537868678,0.0196969881653785,-0.0058823470026254,0.0216718055307865,0.0059171537868678,-0.0332840494811534,0.0088235205039381,-0.0160115957260131,0.0204081442207098,-0.0337553098797798,0.005714280065149,-0.0246913339942693,-0.0312499701976776,0.0474137812852859,-0.0234604571014642,0.002881841501221,0.0690690800547599,-0.0239099953323602,0.0196629706770181,-0.0273597557097673,0.0358126387000083,-0.0419397316873073,-0.0452127866446971,0.0026281182654201,0.1253482103347778,-0.0155239179730415,-0.0198019612580537,-0.014030628837645,0.0202020015567541,0.0064185098744928,-0.0519802086055278,-0.0802833884954452,-0.0156657826155424,0.003554583992809,0.0,0.0011861536186188,-0.0238726567476987,-0.0387685447931289,0.010686975903809,0.0311688650399446,-0.0259542098463734,0.0516556108447461,-0.019847345731603,0.0461132941131123,-0.0519084170419362,0.0629183789096072,-0.2809160481963578,0.0558510772599067,-0.3874633451689642,0.2215384711507424,-0.4378716160553867,-0.0841297286665306,2019-02-21,2019-02-22,2019-02-25,2019-02-26,2019-02-27,2019-02-28,2019-03-01,2019-03-04,2019-03-05,2019-03-06,60186.0,2019-02-20,252.0,-17.5063%,-0.0022,0.5341,1.7432,1.3082,3.9313%,4.0616%,6.3104%,-0.188672,OMI,60186.0,2019-02-21,252.0,1.0687%,-0.002,0.5197,1.7182,1.2818,3.9292%,4.0545%,6.0832%,0.016792,OMI,60186.0,2019-02-22,252.0,-3.6254%,-0.0022,0.5249,1.6845,1.3127,3.9311%,4.0543%,5.9830%,-0.03034,OMI,60186.0,2019-02-25,252.0,0.6270%,-0.0021,0.5251,1.6776,1.3098,3.9321%,4.0546%,5.9508%,0.0121249999999999,OMI,60186.0,2019-02-26,252.0,-4.9844%,-0.0023,0.5184,1.7284,1.3306,3.9347%,4.0632%,6.2273%,-0.034045,OMI,60186.0,2019-02-27,252.0,1.8033%,-0.0024,0.5072,1.7536,1.3288,3.9329%,4.0628%,6.2957%,0.015779,OMI,60186.0,2019-02-28,252.0,0.4831%,-0.0024,0.5166,1.7605,1.3329,3.9311%,4.0623%,6.3540%,0.009274,OMI,60186.0,2019-03-01,252.0,-2.8846%,-0.0025,0.5142,1.7568,1.343,3.9354%,4.0651%,6.2780%,-0.03243,OMI,60186.0,2019-03-04,252.0,-6.1056%,-0.0027,0.508,1.8259,1.3335,3.9464%,4.0805%,6.4681%,-0.056683,OMI,60186.0,2019-03-05,252.0,-7.7329%,-0.003,0.5157,1.8434,1.3629,3.9666%,4.1023%,6.5072%,-0.067695,OMI,60186.0,2019-03-06,252.0,-10.2857%,-0.0033,0.5378,2.0002,1.4092,3.9912%,4.1486%,7.4438%,-0.075933,OMI,-0.17188,-0.20222,-0.190095,-0.208361,-0.431828
8699,OWENS & MINOR INC NEW,Owens & Minor Exploring Potential Sale Of Company,6,uncertain,0.6,0.3,"the potential sale of owens & minor could attract interest and drive the stock price up, but uncertainty around the sale process and valuation may also lead to volatility and a decrease in investor confidence.",1,2019-02-20,OMI,2019-02-20 18:18:00+00:00,60186.0,69073210,-0.1750629544258118,9521105.0,0.010686975903809,0.0311688650399446,-0.0362537428736686,0.0198674984276294,0.0062695862725377,-0.00527008716017,-0.0498442612588405,-0.0104302372783422,0.0180328097194433,0.0267738010734319,0.0048308749683201,0.0204917509108781,-0.0288461279124021,-0.0317460000514984,-0.061056088656187,-0.009174333885312,-0.0773286595940589,-0.0154838562011718,-0.1028571352362633,0.0305851083248853,-0.0084925610572099,-0.0026525172870606,-0.0492505393922328,-0.0039630397222936,0.0720721110701561,-0.0117493048310279,-0.0084034530445933,0.0013071571011096,0.0211865231394767,0.0039370353333652,-0.0160789210349321,0.0026315764989703,0.0210971273481845,0.0119839776307344,-0.0619835071265697,0.0121294008567929,0.0,-0.0388600677251815,0.0066079758107662,0.061898186802864,0.0,-0.0081855310127139,-0.0459518656134605,-0.0393185056746006,-0.0229357574135065,0.0146276773884892,-0.0164319649338722,0.0013315249234437,-0.0071599544025957,0.0203804466873407,-0.0216345377266407,0.020804451778531,0.0073709413409233,0.0241477377712726,0.0146341323852539,0.1121643036603928,-0.0168268494307994,-0.0276498161256313,-0.0195598825812339,0.0015384966973215,0.0149625781923532,0.0046368176117539,-0.0196560584008693,-0.0061444602906703,0.0025062633212655,0.0284360665827989,0.0049999952316284,0.0,-0.0398010164499282,0.0226171035319566,-0.0155440270900726,-0.0095999911427497,-0.0078947292640805,0.0212418492883443,-0.0053050345741212,0.0132450209930539,0.0106666563078761,-0.0320512540638446,-0.0448549017310142,-0.0588235817849636,-0.0662982836365699,-0.0148588269948959,0.0059171537868678,0.0196969881653785,-0.0058823470026254,0.0216718055307865,0.0059171537868678,-0.0332840494811534,0.0088235205039381,-0.0160115957260131,0.0204081442207098,-0.0337553098797798,0.005714280065149,-0.0246913339942693,-0.0312499701976776,0.0474137812852859,-0.0234604571014642,0.002881841501221,0.0690690800547599,-0.0239099953323602,0.0196629706770181,-0.0273597557097673,0.0358126387000083,-0.0419397316873073,-0.0452127866446971,0.0026281182654201,0.1253482103347778,-0.0155239179730415,-0.0198019612580537,-0.014030628837645,0.0202020015567541,0.0064185098744928,-0.0519802086055278,-0.0802833884954452,-0.0156657826155424,0.003554583992809,0.0,0.0011861536186188,-0.0238726567476987,-0.0387685447931289,0.010686975903809,0.0311688650399446,-0.0259542098463734,0.0516556108447461,-0.019847345731603,0.0461132941131123,-0.0519084170419362,0.0629183789096072,-0.2809160481963578,0.0558510772599067,-0.3874633451689642,0.2215384711507424,-0.4378716160553867,-0.0841297286665306,2019-02-21,2019-02-22,2019-02-25,2019-02-26,2019-02-27,2019-02-28,2019-03-01,2019-03-04,2019-03-05,2019-03-06,60186.0,2019-02-20,252.0,-17.5063%,-0.0022,0.5341,1.7432,1.3082,3.9313%,4.0616%,6.3104%,-0.188672,OMI,60186.0,2019-02-21,252.0,1.0687%,-0.002,0.5197,1.7182,1.2818,3.9292%,4.0545%,6.0832%,0.016792,OMI,60186.0,2019-02-22,252.0,-3.6254%,-0.0022,0.5249,1.6845,1.3127,3.9311%,4.0543%,5.9830%,-0.03034,OMI,60186.0,2019-02-25,252.0,0.6270%,-0.0021,0.5251,1.6776,1.3098,3.9321%,4.0546%,5.9508%,0.0121249999999999,OMI,60186.0,2019-02-26,252.0,-4.9844%,-0.0023,0.5184,1.7284,1.3306,3.9347%,4.0632%,6.2273%,-0.034045,OMI,60186.0,2019-02-27,252.0,1.8033%,-0.0024,0.5072,1.7536,1.3288,3.9329%,4.0628%,6.2957%,0.015779,OMI,60186.0,2019-02-28,252.0,0.4831%,-0.0024,0.5166,1.7605,1.3329,3.9311%,4.0623%,6.3540%,0.009274,OMI,60186.0,2019-03-01,252.0,-2.8846%,-0.0025,0.5142,1.7568,1.343,3.9354%,4.0651%,6.2780%,-0.03243,OMI,60186.0,2019-03-04,252.0,-6.1056%,-0.0027,0.508,1.8259,1.3335,3.9464%,4.0805%,6.4681%,-0.056683,OMI,60186.0,2019-03-05,252.0,-7.7329%,-0.003,0.5157,1.8434,1.3629,3.9666%,4.1023%,6.5072%,-0.067695,OMI,60186.0,2019-03-06,252.0,-10.2857%,-0.0033,0.5378,2.0002,1.4092,3.9912%,4.1486%,7.4438%,-0.075933,OMI,-0.17188,-0.20222,-0.190095,-0.208361,-0.431828
8707,OWENS & MINOR INC NEW,Owens & Minor shares are trading lower after the company reported mixed Q4 results and announced 2019 EPS guidance of $0.60 to $0.75 versus the $1.02 analyst estimate.,6,decrease,0.85,0.7,"the mixed q4 results and lower-than-expected eps guidance for 2019 are likely to lead to negative investor sentiment, resulting in a decrease in stock price.",0,2019-02-20,OMI,2019-02-20 14:03:00+00:00,60186.0,69073210,-0.1750629544258118,9521105.0,0.010686975903809,0.0311688650399446,-0.0362537428736686,0.0198674984276294,0.0062695862725377,-0.00527008716017,-0.0498442612588405,-0.0104302372783422,0.0180328097194433,0.0267738010734319,0.0048308749683201,0.0204917509108781,-0.0288461279124021,-0.0317460000514984,-0.061056088656187,-0.009174333885312,-0.0773286595940589,-0.0154838562011718,-0.1028571352362633,0.0305851083248853,-0.0084925610572099,-0.0026525172870606,-0.0492505393922328,-0.0039630397222936,0.0720721110701561,-0.0117493048310279,-0.0084034530445933,0.0013071571011096,0.0211865231394767,0.0039370353333652,-0.0160789210349321,0.0026315764989703,0.0210971273481845,0.0119839776307344,-0.0619835071265697,0.0121294008567929,0.0,-0.0388600677251815,0.0066079758107662,0.061898186802864,0.0,-0.0081855310127139,-0.0459518656134605,-0.0393185056746006,-0.0229357574135065,0.0146276773884892,-0.0164319649338722,0.0013315249234437,-0.0071599544025957,0.0203804466873407,-0.0216345377266407,0.020804451778531,0.0073709413409233,0.0241477377712726,0.0146341323852539,0.1121643036603928,-0.0168268494307994,-0.0276498161256313,-0.0195598825812339,0.0015384966973215,0.0149625781923532,0.0046368176117539,-0.0196560584008693,-0.0061444602906703,0.0025062633212655,0.0284360665827989,0.0049999952316284,0.0,-0.0398010164499282,0.0226171035319566,-0.0155440270900726,-0.0095999911427497,-0.0078947292640805,0.0212418492883443,-0.0053050345741212,0.0132450209930539,0.0106666563078761,-0.0320512540638446,-0.0448549017310142,-0.0588235817849636,-0.0662982836365699,-0.0148588269948959,0.0059171537868678,0.0196969881653785,-0.0058823470026254,0.0216718055307865,0.0059171537868678,-0.0332840494811534,0.0088235205039381,-0.0160115957260131,0.0204081442207098,-0.0337553098797798,0.005714280065149,-0.0246913339942693,-0.0312499701976776,0.0474137812852859,-0.0234604571014642,0.002881841501221,0.0690690800547599,-0.0239099953323602,0.0196629706770181,-0.0273597557097673,0.0358126387000083,-0.0419397316873073,-0.0452127866446971,0.0026281182654201,0.1253482103347778,-0.0155239179730415,-0.0198019612580537,-0.014030628837645,0.0202020015567541,0.0064185098744928,-0.0519802086055278,-0.0802833884954452,-0.0156657826155424,0.003554583992809,0.0,0.0011861536186188,-0.0238726567476987,-0.0387685447931289,0.010686975903809,0.0311688650399446,-0.0259542098463734,0.0516556108447461,-0.019847345731603,0.0461132941131123,-0.0519084170419362,0.0629183789096072,-0.2809160481963578,0.0558510772599067,-0.3874633451689642,0.2215384711507424,-0.4378716160553867,-0.0841297286665306,2019-02-21,2019-02-22,2019-02-25,2019-02-26,2019-02-27,2019-02-28,2019-03-01,2019-03-04,2019-03-05,2019-03-06,60186.0,2019-02-20,252.0,-17.5063%,-0.0022,0.5341,1.7432,1.3082,3.9313%,4.0616%,6.3104%,-0.188672,OMI,60186.0,2019-02-21,252.0,1.0687%,-0.002,0.5197,1.7182,1.2818,3.9292%,4.0545%,6.0832%,0.016792,OMI,60186.0,2019-02-22,252.0,-3.6254%,-0.0022,0.5249,1.6845,1.3127,3.9311%,4.0543%,5.9830%,-0.03034,OMI,60186.0,2019-02-25,252.0,0.6270%,-0.0021,0.5251,1.6776,1.3098,3.9321%,4.0546%,5.9508%,0.0121249999999999,OMI,60186.0,2019-02-26,252.0,-4.9844%,-0.0023,0.5184,1.7284,1.3306,3.9347%,4.0632%,6.2273%,-0.034045,OMI,60186.0,2019-02-27,252.0,1.8033%,-0.0024,0.5072,1.7536,1.3288,3.9329%,4.0628%,6.2957%,0.015779,OMI,60186.0,2019-02-28,252.0,0.4831%,-0.0024,0.5166,1.7605,1.3329,3.9311%,4.0623%,6.3540%,0.009274,OMI,60186.0,2019-03-01,252.0,-2.8846%,-0.0025,0.5142,1.7568,1.343,3.9354%,4.0651%,6.2780%,-0.03243,OMI,60186.0,2019-03-04,252.0,-6.1056%,-0.0027,0.508,1.8259,1.3335,3.9464%,4.0805%,6.4681%,-0.056683,OMI,60186.0,2019-03-05,252.0,-7.7329%,-0.003,0.5157,1.8434,1.3629,3.9666%,4.1023%,6.5072%,-0.067695,OMI,60186.0,2019-03-06,252.0,-10.2857%,-0.0033,0.5378,2.0002,1.4092,3.9912%,4.1486%,7.4438%,-0.075933,OMI,-0.17188,-0.20222,-0.190095,-0.208361,-0.431828
8715,OWENS & MINOR INC NEW,Owens & Minor Sees FY19 Adj. EPS $0.60-$0.75 vs $1.02 Est.,6,decrease,0.8,0.7,"the company's adjusted eps guidance is significantly lower than the analyst estimate, which is likely to lead to a negative reaction in the stock price.",0,2019-02-20,OMI,2019-02-20 13:26:00+00:00,60186.0,69073210,-0.1750629544258118,9521105.0,0.010686975903809,0.0311688650399446,-0.0362537428736686,0.0198674984276294,0.0062695862725377,-0.00527008716017,-0.0498442612588405,-0.0104302372783422,0.0180328097194433,0.0267738010734319,0.0048308749683201,0.0204917509108781,-0.0288461279124021,-0.0317460000514984,-0.061056088656187,-0.009174333885312,-0.0773286595940589,-0.0154838562011718,-0.1028571352362633,0.0305851083248853,-0.0084925610572099,-0.0026525172870606,-0.0492505393922328,-0.0039630397222936,0.0720721110701561,-0.0117493048310279,-0.0084034530445933,0.0013071571011096,0.0211865231394767,0.0039370353333652,-0.0160789210349321,0.0026315764989703,0.0210971273481845,0.0119839776307344,-0.0619835071265697,0.0121294008567929,0.0,-0.0388600677251815,0.0066079758107662,0.061898186802864,0.0,-0.0081855310127139,-0.0459518656134605,-0.0393185056746006,-0.0229357574135065,0.0146276773884892,-0.0164319649338722,0.0013315249234437,-0.0071599544025957,0.0203804466873407,-0.0216345377266407,0.020804451778531,0.0073709413409233,0.0241477377712726,0.0146341323852539,0.1121643036603928,-0.0168268494307994,-0.0276498161256313,-0.0195598825812339,0.0015384966973215,0.0149625781923532,0.0046368176117539,-0.0196560584008693,-0.0061444602906703,0.0025062633212655,0.0284360665827989,0.0049999952316284,0.0,-0.0398010164499282,0.0226171035319566,-0.0155440270900726,-0.0095999911427497,-0.0078947292640805,0.0212418492883443,-0.0053050345741212,0.0132450209930539,0.0106666563078761,-0.0320512540638446,-0.0448549017310142,-0.0588235817849636,-0.0662982836365699,-0.0148588269948959,0.0059171537868678,0.0196969881653785,-0.0058823470026254,0.0216718055307865,0.0059171537868678,-0.0332840494811534,0.0088235205039381,-0.0160115957260131,0.0204081442207098,-0.0337553098797798,0.005714280065149,-0.0246913339942693,-0.0312499701976776,0.0474137812852859,-0.0234604571014642,0.002881841501221,0.0690690800547599,-0.0239099953323602,0.0196629706770181,-0.0273597557097673,0.0358126387000083,-0.0419397316873073,-0.0452127866446971,0.0026281182654201,0.1253482103347778,-0.0155239179730415,-0.0198019612580537,-0.014030628837645,0.0202020015567541,0.0064185098744928,-0.0519802086055278,-0.0802833884954452,-0.0156657826155424,0.003554583992809,0.0,0.0011861536186188,-0.0238726567476987,-0.0387685447931289,0.010686975903809,0.0311688650399446,-0.0259542098463734,0.0516556108447461,-0.019847345731603,0.0461132941131123,-0.0519084170419362,0.0629183789096072,-0.2809160481963578,0.0558510772599067,-0.3874633451689642,0.2215384711507424,-0.4378716160553867,-0.0841297286665306,2019-02-21,2019-02-22,2019-02-25,2019-02-26,2019-02-27,2019-02-28,2019-03-01,2019-03-04,2019-03-05,2019-03-06,60186.0,2019-02-20,252.0,-17.5063%,-0.0022,0.5341,1.7432,1.3082,3.9313%,4.0616%,6.3104%,-0.188672,OMI,60186.0,2019-02-21,252.0,1.0687%,-0.002,0.5197,1.7182,1.2818,3.9292%,4.0545%,6.0832%,0.016792,OMI,60186.0,2019-02-22,252.0,-3.6254%,-0.0022,0.5249,1.6845,1.3127,3.9311%,4.0543%,5.9830%,-0.03034,OMI,60186.0,2019-02-25,252.0,0.6270%,-0.0021,0.5251,1.6776,1.3098,3.9321%,4.0546%,5.9508%,0.0121249999999999,OMI,60186.0,2019-02-26,252.0,-4.9844%,-0.0023,0.5184,1.7284,1.3306,3.9347%,4.0632%,6.2273%,-0.034045,OMI,60186.0,2019-02-27,252.0,1.8033%,-0.0024,0.5072,1.7536,1.3288,3.9329%,4.0628%,6.2957%,0.015779,OMI,60186.0,2019-02-28,252.0,0.4831%,-0.0024,0.5166,1.7605,1.3329,3.9311%,4.0623%,6.3540%,0.009274,OMI,60186.0,2019-03-01,252.0,-2.8846%,-0.0025,0.5142,1.7568,1.343,3.9354%,4.0651%,6.2780%,-0.03243,OMI,60186.0,2019-03-04,252.0,-6.1056%,-0.0027,0.508,1.8259,1.3335,3.9464%,4.0805%,6.4681%,-0.056683,OMI,60186.0,2019-03-05,252.0,-7.7329%,-0.003,0.5157,1.8434,1.3629,3.9666%,4.1023%,6.5072%,-0.067695,OMI,60186.0,2019-03-06,252.0,-10.2857%,-0.0033,0.5378,2.0002,1.4092,3.9912%,4.1486%,7.4438%,-0.075933,OMI,-0.17188,-0.20222,-0.190095,-0.208361,-0.431828
8723,OWENS & MINOR INC NEW,"Owens & Minor Late Tuesday Reported Q4 EPS $0.09 Misses $0.14 Estimate, Sales $2.543B Beat $2.51B Estimate",6,decrease,0.7,0.5,"the earnings per share (eps) miss is likely to weigh more heavily on investor sentiment than the sales beat, leading to a potential decrease in stock price.",0,2019-02-20,OMI,2019-02-20 13:25:00+00:00,60186.0,69073210,-0.1750629544258118,9521105.0,0.010686975903809,0.0311688650399446,-0.0362537428736686,0.0198674984276294,0.0062695862725377,-0.00527008716017,-0.0498442612588405,-0.0104302372783422,0.0180328097194433,0.0267738010734319,0.0048308749683201,0.0204917509108781,-0.0288461279124021,-0.0317460000514984,-0.061056088656187,-0.009174333885312,-0.0773286595940589,-0.0154838562011718,-0.1028571352362633,0.0305851083248853,-0.0084925610572099,-0.0026525172870606,-0.0492505393922328,-0.0039630397222936,0.0720721110701561,-0.0117493048310279,-0.0084034530445933,0.0013071571011096,0.0211865231394767,0.0039370353333652,-0.0160789210349321,0.0026315764989703,0.0210971273481845,0.0119839776307344,-0.0619835071265697,0.0121294008567929,0.0,-0.0388600677251815,0.0066079758107662,0.061898186802864,0.0,-0.0081855310127139,-0.0459518656134605,-0.0393185056746006,-0.0229357574135065,0.0146276773884892,-0.0164319649338722,0.0013315249234437,-0.0071599544025957,0.0203804466873407,-0.0216345377266407,0.020804451778531,0.0073709413409233,0.0241477377712726,0.0146341323852539,0.1121643036603928,-0.0168268494307994,-0.0276498161256313,-0.0195598825812339,0.0015384966973215,0.0149625781923532,0.0046368176117539,-0.0196560584008693,-0.0061444602906703,0.0025062633212655,0.0284360665827989,0.0049999952316284,0.0,-0.0398010164499282,0.0226171035319566,-0.0155440270900726,-0.0095999911427497,-0.0078947292640805,0.0212418492883443,-0.0053050345741212,0.0132450209930539,0.0106666563078761,-0.0320512540638446,-0.0448549017310142,-0.0588235817849636,-0.0662982836365699,-0.0148588269948959,0.0059171537868678,0.0196969881653785,-0.0058823470026254,0.0216718055307865,0.0059171537868678,-0.0332840494811534,0.0088235205039381,-0.0160115957260131,0.0204081442207098,-0.0337553098797798,0.005714280065149,-0.0246913339942693,-0.0312499701976776,0.0474137812852859,-0.0234604571014642,0.002881841501221,0.0690690800547599,-0.0239099953323602,0.0196629706770181,-0.0273597557097673,0.0358126387000083,-0.0419397316873073,-0.0452127866446971,0.0026281182654201,0.1253482103347778,-0.0155239179730415,-0.0198019612580537,-0.014030628837645,0.0202020015567541,0.0064185098744928,-0.0519802086055278,-0.0802833884954452,-0.0156657826155424,0.003554583992809,0.0,0.0011861536186188,-0.0238726567476987,-0.0387685447931289,0.010686975903809,0.0311688650399446,-0.0259542098463734,0.0516556108447461,-0.019847345731603,0.0461132941131123,-0.0519084170419362,0.0629183789096072,-0.2809160481963578,0.0558510772599067,-0.3874633451689642,0.2215384711507424,-0.4378716160553867,-0.0841297286665306,2019-02-21,2019-02-22,2019-02-25,2019-02-26,2019-02-27,2019-02-28,2019-03-01,2019-03-04,2019-03-05,2019-03-06,60186.0,2019-02-20,252.0,-17.5063%,-0.0022,0.5341,1.7432,1.3082,3.9313%,4.0616%,6.3104%,-0.188672,OMI,60186.0,2019-02-21,252.0,1.0687%,-0.002,0.5197,1.7182,1.2818,3.9292%,4.0545%,6.0832%,0.016792,OMI,60186.0,2019-02-22,252.0,-3.6254%,-0.0022,0.5249,1.6845,1.3127,3.9311%,4.0543%,5.9830%,-0.03034,OMI,60186.0,2019-02-25,252.0,0.6270%,-0.0021,0.5251,1.6776,1.3098,3.9321%,4.0546%,5.9508%,0.0121249999999999,OMI,60186.0,2019-02-26,252.0,-4.9844%,-0.0023,0.5184,1.7284,1.3306,3.9347%,4.0632%,6.2273%,-0.034045,OMI,60186.0,2019-02-27,252.0,1.8033%,-0.0024,0.5072,1.7536,1.3288,3.9329%,4.0628%,6.2957%,0.015779,OMI,60186.0,2019-02-28,252.0,0.4831%,-0.0024,0.5166,1.7605,1.3329,3.9311%,4.0623%,6.3540%,0.009274,OMI,60186.0,2019-03-01,252.0,-2.8846%,-0.0025,0.5142,1.7568,1.343,3.9354%,4.0651%,6.2780%,-0.03243,OMI,60186.0,2019-03-04,252.0,-6.1056%,-0.0027,0.508,1.8259,1.3335,3.9464%,4.0805%,6.4681%,-0.056683,OMI,60186.0,2019-03-05,252.0,-7.7329%,-0.003,0.5157,1.8434,1.3629,3.9666%,4.1023%,6.5072%,-0.067695,OMI,60186.0,2019-03-06,252.0,-10.2857%,-0.0033,0.5378,2.0002,1.4092,3.9912%,4.1486%,7.4438%,-0.075933,OMI,-0.17188,-0.20222,-0.190095,-0.208361,-0.431828
8731,PALO ALTO NETWORKS INC,"Baird Reiterates Outperform on Palo Alto Networks, Raises Price Target to $265",6,increase,0.8,0.6,the reiteration of an 'outperform' rating and an increase in the price target typically signals positive sentiment and potential for stock price appreciation.,2,2019-02-20,PANW,2019-02-20 15:33:00+00:00,13511.0,69743510,-0.0141800548881292,1088202.0,-0.0020296801812946,0.0138024855405092,0.0173313897103071,0.0071504735387861,0.0164276342839002,0.0135037805885076,0.0071404059417545,-0.010202688165009,0.0820632651448249,0.0026355595327913,-0.0337806046009063,-0.0033834676723927,-0.0032484794501215,0.0235588885843753,-0.011936318129301,-0.0049875588156282,-0.033808846026659,0.0073996731080114,0.0004267564509063,-0.0055868956260383,0.0003412465157452,-0.000499389891047,0.0004690457426477,0.0253700613975524,0.0266376845538616,0.0092079611495137,-0.0027399687096476,0.029452996328473,0.0105320075526833,-0.0040460303425788,4.117201751796529e-05,-0.0100610367953777,-0.0125226285308599,-0.0035634532105177,0.0053812502883374,0.0230896361172199,0.0061823390424251,0.013399020768702,0.0136907519772648,-0.0014756667660549,0.0161499716341495,0.0,-0.0297449566423893,0.0099354200065135,-0.0021868245676159,0.0056452262215316,0.0098002525046467,0.0268814731389284,-0.0194512698799371,-0.0053069782443344,-0.0044268011115491,-0.0001530549925519,0.0188347063958644,0.0149655602872371,-0.0060523762367665,0.0140734547749161,-0.00501224771142,0.0164397470653057,0.0083680674433708,0.0160529669374227,-0.021221250295639,0.0260990671813488,0.0075083253905177,-0.0191583950072526,0.000125596721773,-0.0272896159440279,0.0079119196161627,0.0229185968637466,0.0072683473117649,0.0102046448737382,0.0140606481581926,0.0034132143482565,-0.005164026748389,0.0688437595963478,0.0145507948473095,-0.0193872284144163,-0.0150673007592558,-0.0341618619859218,-0.0206560995429754,0.0025140896905213,-0.0165809877216815,0.0099876103922724,0.0162235274910926,0.0034539415501058,0.0075643495656549,-0.0403195023536682,0.0083786314353346,-0.0217934735119342,0.0096664316952228,-0.0073343147523701,0.0015480713918805,0.0276543013751506,0.0136674288660287,0.0288997571915388,-0.0014847316779196,0.023702148348093,-0.0098059009760618,-0.0368027426302433,0.0013799113221466,0.0255571156740188,0.01637420989573,-0.011488470248878,-0.0116840442642569,0.0367736369371414,-0.0388556718826293,-0.017608668655157,0.0012173849390819,-0.0027755196206271,-0.0028092167340219,0.05972745642066,-0.0121095106005668,-0.0219000168144702,-0.0444775372743606,0.0235577747225761,0.0104677332565188,-0.0032347461674362,-0.031298242509365,0.0071795019321143,0.0231171865016222,0.0141336116939783,-0.0020296801812946,0.0138024855405092,0.0152665323508032,0.0210516533869222,0.0319449596449457,0.0348397108837923,0.1246029220597171,0.0269811190531734,0.0344158278692345,0.0442405069290623,0.0686992951402369,0.2468137854675436,-0.0079862202023329,0.4066323399536788,2019-02-21,2019-02-22,2019-02-25,2019-02-26,2019-02-27,2019-02-28,2019-03-01,2019-03-04,2019-03-05,2019-03-06,13511.0,2019-02-20,252.0,-1.4180%,0.0008,0.8003,0.1684,-1.1616,1.3581%,1.8991%,48.8593%,-0.009899,PANW,13511.0,2019-02-21,252.0,-0.2030%,0.0008,0.8035,0.1742,-1.1558,1.3574%,1.8991%,48.9074%,-0.001722,PANW,13511.0,2019-02-22,252.0,1.7331%,0.0007,0.8051,0.1551,-1.1535,1.3556%,1.9011%,49.1552%,-0.00594,PANW,13511.0,2019-02-25,252.0,1.6428%,0.0009,0.8026,0.1464,-1.1671,1.3518%,1.9006%,49.4169%,0.013447,PANW,13511.0,2019-02-26,252.0,0.7140%,0.0008,0.7972,0.1454,-1.1718,1.3512%,1.8966%,49.2413%,0.00541,PANW,13511.0,2019-02-27,252.0,8.2063%,0.0011,0.7932,0.1755,-1.1722,1.4370%,1.9587%,46.1709%,0.079563,PANW,13511.0,2019-02-28,252.0,-3.3781%,0.0008,0.818,0.1914,-1.1459,1.4393%,1.9668%,46.4457%,-0.034387,PANW,13511.0,2019-03-01,252.0,-0.3248%,0.0008,0.8186,0.1922,-1.138,1.4419%,1.9670%,46.2619%,-0.014367,PANW,13511.0,2019-03-04,252.0,-1.1936%,0.0007,0.8224,0.1826,-1.1396,1.4414%,1.9688%,46.4051%,-0.0025629999999999,PANW,13511.0,2019-03-05,252.0,-3.3809%,0.0006,0.8271,0.1963,-1.1232,1.4581%,1.9782%,45.6689%,-0.03467,PANW,13511.0,2019-03-06,252.0,0.0427%,0.0005,0.8158,0.1828,-1.1379,1.4567%,1.9747%,45.5809%,0.0102069999999999,PANW,-0.011621,-0.017561,-0.004114,0.080859,0.0050789999999999
8739,PALO ALTO NETWORKS INC,Gabelli & Co. Downgrades Palo Alto Networks to Hold,6,decrease,0.8,0.6,"a downgrade from a financial analyst typically signals reduced confidence in the company's future performance, which can lead to a decrease in stock price.",0,2019-02-20,PANW,2019-02-20 11:35:00+00:00,13511.0,69743510,-0.0141800548881292,1088202.0,-0.0020296801812946,0.0138024855405092,0.0173313897103071,0.0071504735387861,0.0164276342839002,0.0135037805885076,0.0071404059417545,-0.010202688165009,0.0820632651448249,0.0026355595327913,-0.0337806046009063,-0.0033834676723927,-0.0032484794501215,0.0235588885843753,-0.011936318129301,-0.0049875588156282,-0.033808846026659,0.0073996731080114,0.0004267564509063,-0.0055868956260383,0.0003412465157452,-0.000499389891047,0.0004690457426477,0.0253700613975524,0.0266376845538616,0.0092079611495137,-0.0027399687096476,0.029452996328473,0.0105320075526833,-0.0040460303425788,4.117201751796529e-05,-0.0100610367953777,-0.0125226285308599,-0.0035634532105177,0.0053812502883374,0.0230896361172199,0.0061823390424251,0.013399020768702,0.0136907519772648,-0.0014756667660549,0.0161499716341495,0.0,-0.0297449566423893,0.0099354200065135,-0.0021868245676159,0.0056452262215316,0.0098002525046467,0.0268814731389284,-0.0194512698799371,-0.0053069782443344,-0.0044268011115491,-0.0001530549925519,0.0188347063958644,0.0149655602872371,-0.0060523762367665,0.0140734547749161,-0.00501224771142,0.0164397470653057,0.0083680674433708,0.0160529669374227,-0.021221250295639,0.0260990671813488,0.0075083253905177,-0.0191583950072526,0.000125596721773,-0.0272896159440279,0.0079119196161627,0.0229185968637466,0.0072683473117649,0.0102046448737382,0.0140606481581926,0.0034132143482565,-0.005164026748389,0.0688437595963478,0.0145507948473095,-0.0193872284144163,-0.0150673007592558,-0.0341618619859218,-0.0206560995429754,0.0025140896905213,-0.0165809877216815,0.0099876103922724,0.0162235274910926,0.0034539415501058,0.0075643495656549,-0.0403195023536682,0.0083786314353346,-0.0217934735119342,0.0096664316952228,-0.0073343147523701,0.0015480713918805,0.0276543013751506,0.0136674288660287,0.0288997571915388,-0.0014847316779196,0.023702148348093,-0.0098059009760618,-0.0368027426302433,0.0013799113221466,0.0255571156740188,0.01637420989573,-0.011488470248878,-0.0116840442642569,0.0367736369371414,-0.0388556718826293,-0.017608668655157,0.0012173849390819,-0.0027755196206271,-0.0028092167340219,0.05972745642066,-0.0121095106005668,-0.0219000168144702,-0.0444775372743606,0.0235577747225761,0.0104677332565188,-0.0032347461674362,-0.031298242509365,0.0071795019321143,0.0231171865016222,0.0141336116939783,-0.0020296801812946,0.0138024855405092,0.0152665323508032,0.0210516533869222,0.0319449596449457,0.0348397108837923,0.1246029220597171,0.0269811190531734,0.0344158278692345,0.0442405069290623,0.0686992951402369,0.2468137854675436,-0.0079862202023329,0.4066323399536788,2019-02-21,2019-02-22,2019-02-25,2019-02-26,2019-02-27,2019-02-28,2019-03-01,2019-03-04,2019-03-05,2019-03-06,13511.0,2019-02-20,252.0,-1.4180%,0.0008,0.8003,0.1684,-1.1616,1.3581%,1.8991%,48.8593%,-0.009899,PANW,13511.0,2019-02-21,252.0,-0.2030%,0.0008,0.8035,0.1742,-1.1558,1.3574%,1.8991%,48.9074%,-0.001722,PANW,13511.0,2019-02-22,252.0,1.7331%,0.0007,0.8051,0.1551,-1.1535,1.3556%,1.9011%,49.1552%,-0.00594,PANW,13511.0,2019-02-25,252.0,1.6428%,0.0009,0.8026,0.1464,-1.1671,1.3518%,1.9006%,49.4169%,0.013447,PANW,13511.0,2019-02-26,252.0,0.7140%,0.0008,0.7972,0.1454,-1.1718,1.3512%,1.8966%,49.2413%,0.00541,PANW,13511.0,2019-02-27,252.0,8.2063%,0.0011,0.7932,0.1755,-1.1722,1.4370%,1.9587%,46.1709%,0.079563,PANW,13511.0,2019-02-28,252.0,-3.3781%,0.0008,0.818,0.1914,-1.1459,1.4393%,1.9668%,46.4457%,-0.034387,PANW,13511.0,2019-03-01,252.0,-0.3248%,0.0008,0.8186,0.1922,-1.138,1.4419%,1.9670%,46.2619%,-0.014367,PANW,13511.0,2019-03-04,252.0,-1.1936%,0.0007,0.8224,0.1826,-1.1396,1.4414%,1.9688%,46.4051%,-0.0025629999999999,PANW,13511.0,2019-03-05,252.0,-3.3809%,0.0006,0.8271,0.1963,-1.1232,1.4581%,1.9782%,45.6689%,-0.03467,PANW,13511.0,2019-03-06,252.0,0.0427%,0.0005,0.8158,0.1828,-1.1379,1.4567%,1.9747%,45.5809%,0.0102069999999999,PANW,-0.011621,-0.017561,-0.004114,0.080859,0.0050789999999999
8747,P G & E CORP,'Should We Break Up PG&E?' -East Bay Express,6,uncertain,0.6,0.3,"the question of breaking up pg&e could lead to mixed investor sentiment, as it may suggest potential restructuring benefits or risks, creating uncertainty in the stock price.",1,2019-02-20,PCG,2019-02-20 17:28:00+00:00,13688.0,69331C10,0.0264937616884708,12206211.0,0.065348744392395,0.1459948569536209,-0.0324741825461387,0.0006463655736297,-0.0063932249322533,0.0170940328389406,-0.0069704647175967,-0.0142579562962055,-0.0388769544661045,0.0767620652914047,-0.0432583466172218,0.0091549381613731,0.0516734644770622,0.0099572818726301,0.0078168278560042,0.0285296514630317,0.0144044458866119,-0.0291193071752786,0.0027308107819408,0.0594431869685649,0.0386709719896316,0.0160550493746995,0.0167802665382623,0.0061538401059806,-0.0005157415871508,-0.049012441188097,-0.0082559268921613,-0.0228734593838453,0.0124869812279939,0.1648625731468201,0.0025694319047033,0.0203908029943704,0.0071757757104933,-0.1562723517417908,-0.0111958943307399,0.7459324598312378,-0.0185280796140432,0.0376623347401619,0.0005243958439677,0.0650068894028663,-0.0015723630785942,0.1367924362421036,0.0194226168096065,-0.0953058376908302,-0.0623069517314434,0.0173661895096302,-0.014277777634561,-0.1754176914691925,-0.0150418076664209,-0.5235929489135742,-0.0243212841451168,-0.0095720766112208,0.0318840146064758,-0.0039259502664208,0.0117978090420365,0.0153758805245161,-0.019433669745922,-0.0733509883284568,0.0458663366734981,-0.223360612988472,0.0211153924465179,0.0187890958040952,0.0270413681864738,0.0063025853596627,0.0160041023045778,0.0021052309311926,-0.0436992160975933,-0.0058601670898497,0.002656809054315,0.0122880935668945,0.0137783950194716,0.0115731013938784,0.206482008099556,0.0077753914520144,0.0277296099811792,0.0175824016332626,-0.0615513958036899,-0.0461216084659099,-0.0184186808764934,0.0042105424217879,-0.0389016196131706,0.031711533665657,0.0190476011484861,-0.0581014752388,0.0060748164542019,-0.0603613853454589,0.0650255233049392,-0.0188608076423406,0.0069777518510818,0.0045472090132534,0.0138587998226285,0.0126630822196602,0.0004271776706445,0.0065662451088428,-0.0384286753833293,0.0038774125277996,-0.036412063986063,-0.0092201214283704,-0.0341014601290226,-0.0269158612936735,0.0252862926572561,-0.0132792545482516,-0.0069799730554223,0.0276725348085165,-0.0159325283020734,-0.0142003390938043,-0.0352380834519863,-0.0254915840923786,-0.0449160821735858,0.0181683264672756,-0.0387596897780895,0.0736464336514473,-0.0198925174772739,0.0536913052201271,0.0071311611682176,-0.0189300049096345,-0.0163399316370487,0.0336026810109615,0.0060908421874046,0.0107480650767684,0.065348744392395,0.1459948569536209,0.0307524147916966,0.1467355885767125,0.02416258275447,0.1663379243854248,-0.0225150902209841,0.2379623150675804,0.0082373203543351,0.3348382184086831,0.014277885062103,-0.272950796031348,-0.0021965452181593,-0.2373172755122424,2019-02-21,2019-02-22,2019-02-25,2019-02-26,2019-02-27,2019-02-28,2019-03-01,2019-03-04,2019-03-05,2019-03-06,13688.0,2019-02-20,252.0,2.6494%,-0.0003,0.6152,0.2593,0.4248,7.6036%,7.6272%,0.6195%,0.022446,PCG,13688.0,2019-02-21,252.0,6.5349%,0.0,0.5978,0.2393,0.3925,7.6159%,7.6382%,0.5822%,0.068683,PCG,13688.0,2019-02-22,252.0,-3.2474%,-0.0001,0.6022,0.24,0.4451,7.6184%,7.6408%,0.5860%,-0.032006,PCG,13688.0,2019-02-25,252.0,-0.6393%,-0.0001,0.6033,0.244,0.4513,7.6183%,7.6408%,0.5882%,-0.005971,PCG,13688.0,2019-02-26,252.0,-0.6970%,-0.0002,0.5927,0.2583,0.4506,7.6174%,7.6391%,0.5675%,-0.003055,PCG,13688.0,2019-02-27,252.0,-3.8877%,-0.0003,0.5948,0.243,0.4508,7.6213%,7.6430%,0.5667%,-0.03946,PCG,13688.0,2019-02-28,252.0,-4.3258%,-0.0005,0.5965,0.2428,0.4614,7.6251%,7.6467%,0.5655%,-0.040436,PCG,13688.0,2019-03-01,252.0,5.1673%,-0.0004,0.6257,0.2863,0.484,7.6288%,7.6526%,0.6210%,0.0484309999999999,PCG,13688.0,2019-03-04,252.0,0.7817%,-0.0004,0.6287,0.2667,0.4854,7.6288%,7.6527%,0.6224%,0.010238,PCG,13688.0,2019-03-05,252.0,1.4404%,-0.0002,0.6298,0.2871,0.4796,7.6288%,7.6528%,0.6270%,0.017375,PCG,13688.0,2019-03-06,252.0,0.2731%,-0.0003,0.6123,0.2742,0.4581,7.6277%,7.6504%,0.5943%,0.0113569999999999,PCG,0.0911289999999999,0.0591229999999999,0.0531519999999999,0.0106369999999999,0.0576019999999999
8755,P G & E CORP,PG&E Option Alert: Apr 18 $25 Calls Sweep (41) near the Ask: 2525 @ $0.401 vs 213 OI; Earnings 2/28 Before Open Ref=$18.08,6,increase,0.7,0.6,"the purchase of call options suggests bullish sentiment among investors, indicating they expect the stock price to rise, especially ahead of the upcoming earnings report.",2,2019-02-20,PCG,2019-02-20 15:59:00+00:00,13688.0,69331C10,0.0264937616884708,12206211.0,0.065348744392395,0.1459948569536209,-0.0324741825461387,0.0006463655736297,-0.0063932249322533,0.0170940328389406,-0.0069704647175967,-0.0142579562962055,-0.0388769544661045,0.0767620652914047,-0.0432583466172218,0.0091549381613731,0.0516734644770622,0.0099572818726301,0.0078168278560042,0.0285296514630317,0.0144044458866119,-0.0291193071752786,0.0027308107819408,0.0594431869685649,0.0386709719896316,0.0160550493746995,0.0167802665382623,0.0061538401059806,-0.0005157415871508,-0.049012441188097,-0.0082559268921613,-0.0228734593838453,0.0124869812279939,0.1648625731468201,0.0025694319047033,0.0203908029943704,0.0071757757104933,-0.1562723517417908,-0.0111958943307399,0.7459324598312378,-0.0185280796140432,0.0376623347401619,0.0005243958439677,0.0650068894028663,-0.0015723630785942,0.1367924362421036,0.0194226168096065,-0.0953058376908302,-0.0623069517314434,0.0173661895096302,-0.014277777634561,-0.1754176914691925,-0.0150418076664209,-0.5235929489135742,-0.0243212841451168,-0.0095720766112208,0.0318840146064758,-0.0039259502664208,0.0117978090420365,0.0153758805245161,-0.019433669745922,-0.0733509883284568,0.0458663366734981,-0.223360612988472,0.0211153924465179,0.0187890958040952,0.0270413681864738,0.0063025853596627,0.0160041023045778,0.0021052309311926,-0.0436992160975933,-0.0058601670898497,0.002656809054315,0.0122880935668945,0.0137783950194716,0.0115731013938784,0.206482008099556,0.0077753914520144,0.0277296099811792,0.0175824016332626,-0.0615513958036899,-0.0461216084659099,-0.0184186808764934,0.0042105424217879,-0.0389016196131706,0.031711533665657,0.0190476011484861,-0.0581014752388,0.0060748164542019,-0.0603613853454589,0.0650255233049392,-0.0188608076423406,0.0069777518510818,0.0045472090132534,0.0138587998226285,0.0126630822196602,0.0004271776706445,0.0065662451088428,-0.0384286753833293,0.0038774125277996,-0.036412063986063,-0.0092201214283704,-0.0341014601290226,-0.0269158612936735,0.0252862926572561,-0.0132792545482516,-0.0069799730554223,0.0276725348085165,-0.0159325283020734,-0.0142003390938043,-0.0352380834519863,-0.0254915840923786,-0.0449160821735858,0.0181683264672756,-0.0387596897780895,0.0736464336514473,-0.0198925174772739,0.0536913052201271,0.0071311611682176,-0.0189300049096345,-0.0163399316370487,0.0336026810109615,0.0060908421874046,0.0107480650767684,0.065348744392395,0.1459948569536209,0.0307524147916966,0.1467355885767125,0.02416258275447,0.1663379243854248,-0.0225150902209841,0.2379623150675804,0.0082373203543351,0.3348382184086831,0.014277885062103,-0.272950796031348,-0.0021965452181593,-0.2373172755122424,2019-02-21,2019-02-22,2019-02-25,2019-02-26,2019-02-27,2019-02-28,2019-03-01,2019-03-04,2019-03-05,2019-03-06,13688.0,2019-02-20,252.0,2.6494%,-0.0003,0.6152,0.2593,0.4248,7.6036%,7.6272%,0.6195%,0.022446,PCG,13688.0,2019-02-21,252.0,6.5349%,0.0,0.5978,0.2393,0.3925,7.6159%,7.6382%,0.5822%,0.068683,PCG,13688.0,2019-02-22,252.0,-3.2474%,-0.0001,0.6022,0.24,0.4451,7.6184%,7.6408%,0.5860%,-0.032006,PCG,13688.0,2019-02-25,252.0,-0.6393%,-0.0001,0.6033,0.244,0.4513,7.6183%,7.6408%,0.5882%,-0.005971,PCG,13688.0,2019-02-26,252.0,-0.6970%,-0.0002,0.5927,0.2583,0.4506,7.6174%,7.6391%,0.5675%,-0.003055,PCG,13688.0,2019-02-27,252.0,-3.8877%,-0.0003,0.5948,0.243,0.4508,7.6213%,7.6430%,0.5667%,-0.03946,PCG,13688.0,2019-02-28,252.0,-4.3258%,-0.0005,0.5965,0.2428,0.4614,7.6251%,7.6467%,0.5655%,-0.040436,PCG,13688.0,2019-03-01,252.0,5.1673%,-0.0004,0.6257,0.2863,0.484,7.6288%,7.6526%,0.6210%,0.0484309999999999,PCG,13688.0,2019-03-04,252.0,0.7817%,-0.0004,0.6287,0.2667,0.4854,7.6288%,7.6527%,0.6224%,0.010238,PCG,13688.0,2019-03-05,252.0,1.4404%,-0.0002,0.6298,0.2871,0.4796,7.6288%,7.6528%,0.6270%,0.017375,PCG,13688.0,2019-03-06,252.0,0.2731%,-0.0003,0.6123,0.2742,0.4581,7.6277%,7.6504%,0.5943%,0.0113569999999999,PCG,0.0911289999999999,0.0591229999999999,0.0531519999999999,0.0106369999999999,0.0576019999999999
8763,P G & E CORP,PG&E Option Alert: Jun 21 $25 Calls Sweep (2) near the Ask: 500 @ $0.975 vs 2438 OI; Earnings 2/28 Before Open Ref=$18.33,6,increase,0.7,0.6,"the purchase of call options suggests bullish sentiment among investors, indicating they expect the stock price to rise, especially ahead of the upcoming earnings report.",2,2019-02-20,PCG,2019-02-20 14:52:00+00:00,13688.0,69331C10,0.0264937616884708,12206211.0,0.065348744392395,0.1459948569536209,-0.0324741825461387,0.0006463655736297,-0.0063932249322533,0.0170940328389406,-0.0069704647175967,-0.0142579562962055,-0.0388769544661045,0.0767620652914047,-0.0432583466172218,0.0091549381613731,0.0516734644770622,0.0099572818726301,0.0078168278560042,0.0285296514630317,0.0144044458866119,-0.0291193071752786,0.0027308107819408,0.0594431869685649,0.0386709719896316,0.0160550493746995,0.0167802665382623,0.0061538401059806,-0.0005157415871508,-0.049012441188097,-0.0082559268921613,-0.0228734593838453,0.0124869812279939,0.1648625731468201,0.0025694319047033,0.0203908029943704,0.0071757757104933,-0.1562723517417908,-0.0111958943307399,0.7459324598312378,-0.0185280796140432,0.0376623347401619,0.0005243958439677,0.0650068894028663,-0.0015723630785942,0.1367924362421036,0.0194226168096065,-0.0953058376908302,-0.0623069517314434,0.0173661895096302,-0.014277777634561,-0.1754176914691925,-0.0150418076664209,-0.5235929489135742,-0.0243212841451168,-0.0095720766112208,0.0318840146064758,-0.0039259502664208,0.0117978090420365,0.0153758805245161,-0.019433669745922,-0.0733509883284568,0.0458663366734981,-0.223360612988472,0.0211153924465179,0.0187890958040952,0.0270413681864738,0.0063025853596627,0.0160041023045778,0.0021052309311926,-0.0436992160975933,-0.0058601670898497,0.002656809054315,0.0122880935668945,0.0137783950194716,0.0115731013938784,0.206482008099556,0.0077753914520144,0.0277296099811792,0.0175824016332626,-0.0615513958036899,-0.0461216084659099,-0.0184186808764934,0.0042105424217879,-0.0389016196131706,0.031711533665657,0.0190476011484861,-0.0581014752388,0.0060748164542019,-0.0603613853454589,0.0650255233049392,-0.0188608076423406,0.0069777518510818,0.0045472090132534,0.0138587998226285,0.0126630822196602,0.0004271776706445,0.0065662451088428,-0.0384286753833293,0.0038774125277996,-0.036412063986063,-0.0092201214283704,-0.0341014601290226,-0.0269158612936735,0.0252862926572561,-0.0132792545482516,-0.0069799730554223,0.0276725348085165,-0.0159325283020734,-0.0142003390938043,-0.0352380834519863,-0.0254915840923786,-0.0449160821735858,0.0181683264672756,-0.0387596897780895,0.0736464336514473,-0.0198925174772739,0.0536913052201271,0.0071311611682176,-0.0189300049096345,-0.0163399316370487,0.0336026810109615,0.0060908421874046,0.0107480650767684,0.065348744392395,0.1459948569536209,0.0307524147916966,0.1467355885767125,0.02416258275447,0.1663379243854248,-0.0225150902209841,0.2379623150675804,0.0082373203543351,0.3348382184086831,0.014277885062103,-0.272950796031348,-0.0021965452181593,-0.2373172755122424,2019-02-21,2019-02-22,2019-02-25,2019-02-26,2019-02-27,2019-02-28,2019-03-01,2019-03-04,2019-03-05,2019-03-06,13688.0,2019-02-20,252.0,2.6494%,-0.0003,0.6152,0.2593,0.4248,7.6036%,7.6272%,0.6195%,0.022446,PCG,13688.0,2019-02-21,252.0,6.5349%,0.0,0.5978,0.2393,0.3925,7.6159%,7.6382%,0.5822%,0.068683,PCG,13688.0,2019-02-22,252.0,-3.2474%,-0.0001,0.6022,0.24,0.4451,7.6184%,7.6408%,0.5860%,-0.032006,PCG,13688.0,2019-02-25,252.0,-0.6393%,-0.0001,0.6033,0.244,0.4513,7.6183%,7.6408%,0.5882%,-0.005971,PCG,13688.0,2019-02-26,252.0,-0.6970%,-0.0002,0.5927,0.2583,0.4506,7.6174%,7.6391%,0.5675%,-0.003055,PCG,13688.0,2019-02-27,252.0,-3.8877%,-0.0003,0.5948,0.243,0.4508,7.6213%,7.6430%,0.5667%,-0.03946,PCG,13688.0,2019-02-28,252.0,-4.3258%,-0.0005,0.5965,0.2428,0.4614,7.6251%,7.6467%,0.5655%,-0.040436,PCG,13688.0,2019-03-01,252.0,5.1673%,-0.0004,0.6257,0.2863,0.484,7.6288%,7.6526%,0.6210%,0.0484309999999999,PCG,13688.0,2019-03-04,252.0,0.7817%,-0.0004,0.6287,0.2667,0.4854,7.6288%,7.6527%,0.6224%,0.010238,PCG,13688.0,2019-03-05,252.0,1.4404%,-0.0002,0.6298,0.2871,0.4796,7.6288%,7.6528%,0.6270%,0.017375,PCG,13688.0,2019-03-06,252.0,0.2731%,-0.0003,0.6123,0.2742,0.4581,7.6277%,7.6504%,0.5943%,0.0113569999999999,PCG,0.0911289999999999,0.0591229999999999,0.0531519999999999,0.0106369999999999,0.0576019999999999
8771,PRIMORIS SERVICES CORP,Primoris Services Corporation Wins Industrial Award Valued At $15M,6,increase,0.8,0.6,"winning a significant industrial award valued at $15m is likely to positively impact investor sentiment and the company's financial outlook, potentially leading to an increase in stock price.",2,2019-02-20,PRIM,2019-02-20 12:36:00+00:00,92773.0,74164F10,0.0130050517618656,131962.0,0.0142137268558144,0.0098499525338411,-0.0153707116842269,0.0075614294037222,0.0032139436807483,0.0042714835144579,-0.0004576763603836,0.0154216717928648,0.0045787720009684,0.0277364756911993,0.0651777684688568,0.0227963905781507,0.0038510158192366,0.0025393213145434,-0.0034100564662367,-0.0385741703212261,-0.0132591733708977,0.0270811934024095,-0.0255743451416492,0.0010040390770882,-0.0071174311451613,0.0116810323670506,-0.0058243353851139,-0.0130325928330421,0.0094636809080839,0.0075758351013064,-0.0008928775787353,-0.0090090241283178,-0.0058087203651666,-0.0079443817958235,0.0026966051664203,-0.0004962892853654,0.0134469363838434,0.0014909929595887,0.0106147620826959,0.0024913374800235,-0.0266958680003881,-0.0039702197536826,-0.0026978177484124,-0.0044466480612754,-0.0121731497347354,0.0034704855643212,-0.0556823052465915,0.0054835798218846,0.0043499348685145,0.0019979523494839,-0.0009624859085306,-0.0084200138226151,0.0028901477344334,-0.0107789961621165,0.0028818442951887,0.0059141907840967,-0.00672427425161,-0.0049042901955544,0.0338490754365921,0.002951277187094,-0.0018708610441535,0.0019713654182851,-0.0032802105415612,0.0257836300879716,0.0155148059129715,0.0510096177458763,0.0157407466322183,-0.0223376788198947,-0.0118505116552114,0.0062729138880968,-0.0119926305487752,0.0180946364998817,0.0051354160532355,-0.0084165865555405,0.0078959623351693,0.0095592299476265,0.001843272242695,0.0323464982211589,-0.0101195638999342,0.0094078630208969,0.0060408529825508,-0.0699948817491531,-0.0004619043320417,-0.0428570918738842,0.0101664150133729,-0.0374585539102554,0.0054894294589757,-0.0249652806669473,0.010009154677391,-0.0212670229375362,0.0148648610338568,-0.0142729571089148,-0.0102086747065186,-0.0031124809756875,-0.0121075585484504,0.019492307677865,0.0081706037744879,-0.0243255700916051,-0.0130571369081735,-0.0044032796286046,-0.0123175391927361,-0.0299017839133739,-0.0101616317406296,-0.0046768966130912,0.0130657386034727,-0.0500807650387287,-0.0046061021275818,0.0252588242292404,0.0485885813832283,0.0091934520751237,-0.0600176788866519,-0.007053944747895,-0.0295774266123771,0.0237892717123031,-0.004837947897613,-0.0100925052538514,-0.0247933994978666,0.0201630722731351,0.0094716120511293,0.0030120350420475,0.0024690981954336,0.0064963023178279,0.0098522547632455,-0.0115582384169101,0.0142137268558144,0.0098499525338411,-0.0013754599258716,0.017485861658278,0.0018340631041398,0.0218320357425454,0.0059606176550284,0.0663694947665036,0.0307198571670062,0.0808233228443746,-0.0219487450350736,0.0884732001442101,-0.0573554147581734,-0.0753960020953601,2019-02-21,2019-02-22,2019-02-25,2019-02-26,2019-02-27,2019-02-28,2019-03-01,2019-03-04,2019-03-05,2019-03-06,92773.0,2019-02-20,252.0,1.3005%,-0.0004,0.8871,1.1054,0.428,1.3556%,1.7008%,36.4704%,0.006507,PRIM,92773.0,2019-02-21,252.0,1.4214%,-0.0004,0.8838,1.1031,0.4218,1.3610%,1.7026%,36.0987%,0.019154,PRIM,92773.0,2019-02-22,252.0,-1.5371%,-0.0005,0.8871,1.092,0.4506,1.3668%,1.7040%,35.6613%,-0.021082,PRIM,92773.0,2019-02-25,252.0,0.3214%,-0.0004,0.8876,1.0896,0.4511,1.3670%,1.7040%,35.6430%,0.005433,PRIM,92773.0,2019-02-26,252.0,-0.0458%,-0.0003,0.9013,1.0628,0.4478,1.3583%,1.7005%,36.1979%,0.009324,PRIM,92773.0,2019-02-27,252.0,0.4579%,-0.0002,0.9083,1.0509,0.449,1.3547%,1.6993%,36.4403%,0.002186,PRIM,92773.0,2019-02-28,252.0,6.5178%,-0.0001,0.9184,1.0601,0.4401,1.3945%,1.7371%,35.5498%,0.068806,PRIM,92773.0,2019-03-01,252.0,0.3851%,-0.0003,0.9353,1.0853,0.4682,1.3824%,1.7353%,36.5369%,-0.0041649999999999,PRIM,92773.0,2019-03-04,252.0,-0.3410%,-0.0003,0.9453,1.0484,0.4665,1.3753%,1.7299%,36.7988%,0.003879,PRIM,92773.0,2019-03-05,252.0,-1.3259%,-0.0004,0.9442,1.0352,0.4683,1.3745%,1.7237%,36.4160%,-0.0073729999999999,PRIM,92773.0,2019-03-06,252.0,-2.5574%,-0.0003,0.956,1.0358,0.4817,1.3697%,1.7296%,37.2819%,-0.004878,PRIM,0.025661,0.004579,0.010012,0.021522,0.077791
8779,QUALCOMM INC,Qualcomm Reports Its Qualcomm Technologies Subsidiary Unveils Development Kit For Mesh Wi-Fi Networks Qualified By Amazon For Alexa,6,increase,0.7,0.6,"the unveiling of a development kit for mesh wi-fi networks qualified by amazon for alexa suggests a strategic partnership and potential revenue growth, which is likely to positively impact qualcomm's stock price.",2,2019-02-20,QCOM,2019-02-20 12:31:00+00:00,77178.0,74752510,0.0084599591791629,12860645.0,-0.0019066212698817,0.000577121565584,0.0147087005898356,0.0079503562301397,-0.0024472374934703,-0.0003876808914355,0.0007548046996816,-0.0013550076400861,0.0001886128011392,0.0163288991898298,0.0065987645648419,0.0107377395033836,0.0151714058592915,-0.0051433891057968,-0.0077491141855716,-0.010763194411993,0.0029750808607786,0.0072934934869408,0.0274379067122936,0.0209297835826873,-0.0140511030331254,0.001612538122572,-0.0092541184276342,0.0018174505094066,0.0153185073286294,-0.0129559049382805,0.0090156700462102,0.0155869759619236,0.0100291622802615,-0.0244865305721759,0.0001805765787139,-0.012865494005382,0.0216605942696332,0.0096437288448214,0.0040636635385453,-0.0185435395687818,0.0024634767323732,-0.0464173965156078,0.0033350645098835,-0.0177311301231384,0.0106718093156814,0.0091290855780243,-0.0164445340633392,-0.0090464986860752,-0.0031679039821028,-0.0082540661096572,0.0240113101899623,-0.0273996461182832,-0.0187931060791015,-0.0034782742150127,-0.0063257883302867,0.0123239569365978,0.0084880553185939,0.0033562732860445,0.0136770578101277,0.0117962434887886,0.0048434315249323,-0.0086817480623722,-0.0070580109022557,-0.0028268524911254,0.0031206710264086,0.0161579474806785,0.0022468210663646,-0.0296167377382516,-0.0039662588387727,0.0086101153865456,-0.0055401609279215,0.0017602265579625,-0.0193244572728872,0.0128365345299243,-0.0076335929334163,0.0023231070954352,0.0187835283577442,0.0430568046867847,0.0040386221371591,-0.0218777935951948,0.2320740967988968,-0.0269647054374218,0.1224983036518097,-0.005644729360938,0.0102427611127495,-0.0188646614551544,0.0260358229279518,0.0136841889470815,0.0579480305314064,-0.0107601340860128,0.0012684571556746,-0.0080909142270684,-0.0202695168554782,0.0064102378673851,0.0184553861618042,0.0064516607671976,0.0070406347513198,0.0019216770306229,-0.0128367077559232,0.0223254151642322,0.0027865495067089,-0.01961125805974,0.0089150937274098,1.858450815461765e-08,0.024672957137227,-0.0238417293876409,-0.0116474507376551,0.0151047222316265,-0.0345609411597251,0.0025812718085944,-0.007746432442218,0.0257722698152065,-0.0089898528531193,0.019434979185462,0.0245881788432598,-0.002870982280001,-0.0227166470140218,0.0086877746507525,0.026701608672738,-0.0003618682385422,0.0015094031114131,0.0063729477114975,-0.0399954132735729,0.0003642375813797,-0.0019066212698817,0.000577121565584,0.012774035398557,0.0085320661177583,0.0102955368067163,0.0081410775073245,0.0112488111287023,0.0232145667578889,0.0566253276853807,0.0466894701279889,0.1121560229252984,-0.0810954122215387,0.5966996909890137,-0.0423564652769897,2019-02-21,2019-02-22,2019-02-25,2019-02-26,2019-02-27,2019-02-28,2019-03-01,2019-03-04,2019-03-05,2019-03-06,77178.0,2019-02-20,252.0,0.8460%,-0.0008,0.9868,0.0339,-0.157,1.4409%,1.8055%,36.3066%,0.007359,QCOM,77178.0,2019-02-21,252.0,-0.1907%,-0.0008,0.9839,0.0284,-0.1624,1.4403%,1.8037%,36.2313%,0.001307,QCOM,77178.0,2019-02-22,252.0,1.4709%,-0.0007,0.9827,0.0355,-0.1697,1.4407%,1.8054%,36.3216%,0.00567,QCOM,77178.0,2019-02-25,252.0,-0.2447%,-0.0007,0.9805,0.035,-0.1783,1.4356%,1.8015%,36.4950%,-0.004234,QCOM,77178.0,2019-02-26,252.0,0.0755%,-0.0007,0.9777,0.0341,-0.1808,1.4355%,1.7976%,36.2313%,0.001859,QCOM,77178.0,2019-02-27,252.0,0.0189%,-0.0009,0.9565,0.0716,-0.1843,1.4034%,1.7595%,36.3830%,-0.001073,QCOM,77178.0,2019-02-28,252.0,0.6599%,-0.0009,0.9609,0.075,-0.1834,1.4028%,1.7601%,36.4832%,0.008989,QCOM,77178.0,2019-03-01,252.0,1.5171%,-0.0008,0.9572,0.0694,-0.193,1.4025%,1.7585%,36.3897%,0.007212,QCOM,77178.0,2019-03-04,252.0,-0.7749%,-0.0009,0.9624,0.053,-0.1945,1.4008%,1.7591%,36.5861%,-0.001832,QCOM,77178.0,2019-03-05,252.0,0.2975%,-0.0008,0.964,0.069,-0.1952,1.3995%,1.7591%,36.7121%,0.004219,QCOM,77178.0,2019-03-06,252.0,2.7438%,-0.0006,0.9595,-0.0167,-0.212,1.4125%,1.7665%,36.0628%,0.036393,QCOM,0.008666,0.014336,0.010102,0.0108879999999999,0.065869
8787,QUAD GRAPHICS INC,Quad/Graphics shares are trading higher after the company beat Q4 sales estimates.,6,increase,0.8,0.7,"beating sales estimates typically signals strong performance and can lead to increased investor confidence, likely resulting in a rise in stock price.",2,2019-02-20,QUAD,2019-02-20 16:35:00+00:00,12009.0,74730110,0.119145967066288,1104558.0,-0.0110769420862197,-0.0013754817191511,-0.0018668271368369,0.0062283845618367,-0.0019059551414102,0.0104894833639264,0.0031826982740312,0.0049192304722964,-0.0545685663819313,0.0128113413229584,-0.0208053346723318,0.0233066752552986,-0.0164496079087257,-0.0050725108012557,-0.0731707438826561,-0.0079079549759626,-0.0090225478634238,0.000719440926332,-0.0455235466361045,0.0168251302093267,-0.0158982370048761,0.013343240134418,-0.0129240583628416,-0.0014804187230765,0.0106383068487048,-0.0117044514045119,-0.0251012481749057,0.0156017858535051,0.0074750958010554,-0.0175182316452264,-0.0107172392308712,-0.0158046167343854,0.008333365432918,0.031111117452383,-0.0305785816162824,0.0014837135095149,-0.0247229300439357,0.0127722853794693,-0.013986000791192,-0.0417566522955894,0.0310284029692411,-0.0134942885488271,-0.0335339941084384,-0.0112359449267387,0.0097865313291549,0.0200572870671749,0.0193831995129585,-0.0113314343616366,0.0190147161483764,0.003553673857823,0.0212044101208448,0.0093256896361708,-0.0116279358044266,-0.0155367422848939,0.0201681293547153,0.0404114760458469,0.0140033010393381,0.0225393865257501,-0.0162470154464244,0.0214889254420995,0.0214698798954486,0.0567720867693424,0.0088924542069435,-0.0260663442313671,0.0128205772489309,0.0275974161922931,-0.0261075887829065,0.0156636089086532,0.0032493874896317,0.0244932398200035,0.011335982941091,-0.0366151183843612,0.0176141131669282,0.0148637741804122,-0.0259638018906116,-0.018638614565134,0.0040387874469161,0.0057049463503062,0.0144810415804386,-0.0346183776855468,0.0023791186977177,-0.0363911725580692,-0.0379747226834297,0.0224806182086467,0.0106907989829778,-0.0137614915147423,0.0227827280759811,-0.037527609616518,-0.0803499817848205,-0.0173535626381635,0.0380622446537017,0.0036284609232097,0.020833333954215,-0.0275229606777429,-0.00326530309394,-0.0234321262687444,-0.0974610596895217,-0.0602331198751926,-0.0362976901233196,-0.0012936906423419,0.049905814230442,-0.0573170483112335,0.0044843223877251,0.0012210292043164,-0.0214285515248775,0.0111110117286443,-0.010036464780569,-0.0199636965990066,0.0138248493894934,0.0273462105542421,-0.0090909441933035,-0.0254391320049762,-0.046788927167654,0.0273802448064088,0.0173242874443531,0.0354380942881107,0.0208136495202779,0.0291777551174163,-0.0092678759247064,-0.0832827240228653,-0.0110769420862197,-0.0013754817191511,-0.012923090486977,0.004844335813581,-0.0148044147976307,0.0153846337574332,-0.0656006493204497,0.0334519754161701,-0.211091003318079,0.0621799819674711,-0.240565364577862,0.114351552263483,-0.3296155075980523,-0.1173252429419385,2019-02-21,2019-02-22,2019-02-25,2019-02-26,2019-02-27,2019-02-28,2019-03-01,2019-03-04,2019-03-05,2019-03-06,12009.0,2019-02-20,252.0,11.9146%,-0.0004,0.895,2.2124,1.1447,3.3203%,3.5848%,14.2104%,0.10686,QUAD,12009.0,2019-02-21,252.0,-1.1077%,-0.0005,0.8997,2.2212,1.1532,3.3197%,3.5852%,14.2662%,-0.003684,QUAD,12009.0,2019-02-22,252.0,-0.1867%,-0.0015,0.9129,1.8856,1.0048,2.9266%,3.1775%,15.1667%,-0.003079,QUAD,12009.0,2019-02-25,252.0,-0.1906%,-0.0017,0.9205,1.8908,1.0357,2.8975%,3.1531%,15.5514%,0.003336,QUAD,12009.0,2019-02-26,252.0,0.3183%,-0.0018,0.8903,1.8897,1.0126,2.8881%,3.1385%,15.3180%,0.020074,QUAD,12009.0,2019-02-27,252.0,-5.4569%,-0.0016,0.9341,1.7954,1.0197,2.8380%,3.0905%,15.6714%,-0.057845,QUAD,12009.0,2019-02-28,252.0,-2.0805%,-0.0016,0.9306,1.7926,1.0205,2.8384%,3.0883%,15.5282%,-0.01582,QUAD,12009.0,2019-03-01,252.0,-1.6450%,-0.0017,0.9276,1.788,1.0263,2.8420%,3.0877%,15.2800%,-0.024357,QUAD,12009.0,2019-03-04,252.0,-7.3171%,-0.002,0.9345,1.822,1.0114,2.8699%,3.1202%,15.3977%,-0.065288,QUAD,12009.0,2019-03-05,252.0,-0.9023%,-0.0019,0.9379,1.8501,1.0129,2.8680%,3.1203%,15.5180%,0.000552,QUAD,12009.0,2019-03-06,252.0,-4.5524%,-0.0019,0.9484,1.8723,1.0278,2.8684%,3.1322%,16.1315%,-0.014828,QUAD,0.1031759999999999,0.1000969999999999,0.103433,0.065662,-0.054079
8795,DR REDDYS LABORATORIES LTD,"Dr. Reddy'S Laboratories Announces The Re-Launch Of Its Buprenorphine And Naloxone Sublingual Film, 2 Mg/0.5 Mg, 4 Mg/1 Mg, 8 Mg/2 Mg, And 12 Mg/3 Mg, A Therapeutic Equivalent Generic Version Of Suboxone (Buprenorphine And Naloxone) Sublingual Film, In Us",6,increase,0.8,0.6,"the re-launch of a therapeutic equivalent generic version of suboxone could lead to increased sales and market share for dr. reddy's laboratories, positively impacting its stock price.",2,2019-02-20,RDY,2019-02-20 17:03:00+00:00,88957.0,25613520,-0.0173077210783958,249610.0,0.0064299562945961,0.0116732073947787,0.0244444739073514,-0.0458764135837554,0.0132862757891416,0.0077498913742601,0.0024083531461656,-0.0173320285975933,-0.0072077005170285,0.0390177406370639,0.0131756300106644,-0.0554123148322105,0.0002653482370078,-0.0197069868445396,-0.0095515204593539,0.0053340843878686,0.0192873664200305,-0.012045158073306,0.0120893325656652,0.0037782797589898,-0.0160996876657009,0.0171663332730531,-0.0097650811076164,0.0219952911138534,0.0194562766700983,0.0159616507589817,0.002352945273742,0.0132075930014252,0.0067813852801918,-0.0040268865413963,0.0033679034095257,-0.0061365938745439,0.0036147532518953,-0.0105597022920846,0.0054026986472308,0.0061088851653039,0.0120265455916523,0.0045358054339885,0.0240202471613884,0.0118790119886398,-0.0046913241967558,-0.0069704647175967,-0.0285289380699396,0.0059330472722649,0.0219612009823322,0.0081566898152232,0.0137431090697646,0.0126651730388402,-0.0157751888036727,-0.0157182067632675,-0.0047582928091287,0.0040816743858158,0.0191242657601833,-0.0070250835269689,0.0017283875495195,0.0029809428378939,0.0133103504776954,0.0101287364959716,-0.0150814624503254,-0.0201180260628461,-0.0118548609316349,0.0135943451896309,-0.0014995641540735,-0.0210274402052164,-0.0067584593780338,-0.003448304021731,0.0103326570242643,0.0002653790579643,-0.0014966668095439,0.0029270034283399,0.0049962718039751,-0.0071333330124616,0.0156599823385477,0.021041240543127,-0.0119922095909714,0.0062432014383375,-0.0091651957482099,-0.0120675982907414,0.0060000419616699,0.0180180128663778,0.013170943595469,-0.0184887088835239,-0.0066225277259945,0.0317943468689918,0.0096296146512031,-0.012018640525639,-0.0009782566921785,0.0002732824359554,0.0146879386156797,0.0192146655172109,-0.0084439637139439,-0.0346774421632289,0.0019465166842564,0.0116943242028355,0.0172413568943738,-0.025702204555273,-0.0033420717809349,-0.0086681907996535,0.0110179418697953,-0.00962536316365,-0.0002368709247093,0.0052300454117357,0.0132700838148593,-0.0052028344944119,-0.0098222214728593,0.0039174119010567,-0.0139348171651363,0.0357046164572238,0.0026347450911998,0.0035288019571453,-0.0109889889135956,0.012922772206366,-0.0444444455206394,-0.0170270558446645,0.0048027960583567,0.009825344197452,0.0120754605159163,0.003835599636659,-0.0029828220140188,0.0354609936475753,0.0064299562945961,0.0116732073947787,0.0310316071008163,-0.0347387310792686,0.0447301773800796,-0.0272580610973524,0.0396980192045897,-0.0068212826745024,0.0766004428066182,-0.0831234063403879,0.1319541836575917,-0.0236050818083737,0.1213307261964298,0.0326241514755178,2019-02-21,2019-02-22,2019-02-25,2019-02-26,2019-02-27,2019-02-28,2019-03-01,2019-03-04,2019-03-05,2019-03-06,88957.0,2019-02-20,252.0,-1.7308%,0.0001,0.2306,-0.0763,-0.2643,1.7693%,1.8013%,3.5159%,-0.016348,RDY,88957.0,2019-02-21,252.0,0.6430%,0.0002,0.222,-0.0924,-0.28,1.7654%,1.7972%,3.4995%,0.006522,RDY,88957.0,2019-02-22,252.0,2.4444%,0.0003,0.2186,-0.0713,-0.3016,1.7677%,1.8010%,3.6717%,0.019293,RDY,88957.0,2019-02-25,252.0,1.3286%,0.0004,0.2172,-0.0785,-0.3104,1.7678%,1.8017%,3.7240%,0.01213,RDY,88957.0,2019-02-26,252.0,0.2408%,0.0004,0.2135,-0.0758,-0.3118,1.7674%,1.8006%,3.6551%,0.00113,RDY,88957.0,2019-02-27,252.0,-0.7208%,0.0003,0.2085,-0.0693,-0.3127,1.7668%,1.7992%,3.5707%,-0.00773,RDY,88957.0,2019-02-28,252.0,1.3176%,0.0003,0.2085,-0.0689,-0.3156,1.7683%,1.8009%,3.5861%,0.012954,RDY,88957.0,2019-03-01,252.0,0.0265%,0.0004,0.2042,-0.0753,-0.321,1.7680%,1.8003%,3.5601%,-0.002389,RDY,88957.0,2019-03-04,252.0,-0.9552%,0.0003,0.2074,-0.0788,-0.3235,1.7684%,1.8014%,3.6306%,-0.007629,RDY,88957.0,2019-03-05,252.0,1.9287%,0.0004,0.2046,-0.0886,-0.3322,1.7721%,1.8053%,3.6384%,0.018529,RDY,88957.0,2019-03-06,252.0,1.2089%,0.0005,0.205,-0.1186,-0.3359,1.7726%,1.8059%,3.6525%,0.012735,RDY,-0.009826,0.009467,0.0215969999999999,0.0149969999999999,0.049197
8803,STURM RUGER & CO INC,"Sturm Ruger Q4 EPS $0.69 Misses $0.79 Estimate, Sales $121.1M Miss $124.1M Estimate",6,decrease,0.8,0.6,"the company's earnings per share and sales both missed analyst estimates, which typically leads to a negative reaction in the stock price.",0,2019-02-20,RGR,2019-02-20 22:07:00+00:00,73219.0,86415910,0.0086367847397923,176456.0,-0.0300537422299385,0.0010170801542699,0.0247533377259969,0.0209415536373853,-0.0064189368858933,0.00714658992365,-0.0159809347242116,0.0026214208919554,0.0048375739715993,0.0156194726005196,-0.0208046603947877,0.0066106650047004,0.0098331440240144,-0.0051545877940952,-0.0638149604201316,-0.0154007887467742,-0.0295319501310586,0.0007005414227023,-0.0118660079315304,0.0395047925412654,0.000581033877097,0.017787642776966,-0.0106465201824903,-0.0093612028285861,-0.0095871975645422,0.0213723164051771,0.0033583955373615,-0.0011236212449148,-0.004528441466391,-0.0136682279407978,-0.0053402502089738,-0.0012912690872326,0.006798643618822,0.0048192460089921,0.0186693631112575,-0.0259974487125873,0.0066289752721786,0.0027153820265084,-0.0129769891500473,-0.0130426930263638,0.0208006557077169,-0.0070959324948489,-0.02345254085958,0.0100340005010366,0.0153543818742036,0.0081286262720823,0.0094997640699148,-0.0075295479036867,0.0186287928372621,0.003056971123442,0.0,0.0138560105115175,-0.0003770825278479,0.0018264561658725,-0.0024519250728189,0.0021965757478028,-0.0068065915256738,0.0137317068874836,0.0140872206538915,0.0192926134914159,0.0099492920562624,0.0045600961893796,0.011524143628776,-0.0253703501075506,0.0235208123922348,0.0146561209112405,-0.0274686273187398,0.0123644955456256,0.000369216519175,0.0076672714203596,0.0042443173006176,-0.0021040667779743,0.0003675203770399,0.0342235341668129,0.0042248265817761,-0.007461242377758,0.0023779233451932,-0.0287947822362184,-0.0105839055031538,-0.0020932562183588,0.0088528133928775,-0.0138863138854503,-0.0168190486729145,0.0045240656472742,0.0135738113895058,-0.0009416052489541,0.0286186281591653,0.0079726306721568,0.0085607198998332,-0.0195421408861875,0.0148541145026683,0.0133911557495594,-0.0132426964119076,0.0074102105572819,-0.0113014196977019,-0.0030308740679174,-0.0126808872446417,-0.0058379955589771,0.008321326225996,0.0245031174272298,0.000179374255822,-0.0396516472101211,-0.0025111997965723,0.0067151761613786,-0.0196007937192916,0.0107466001063585,-0.069332331418991,-0.0356363467872142,0.0070949308574199,-0.0005451350007206,0.0111545929685235,-0.0123833892866969,0.0029030682053416,-0.0049999780021607,0.0274025853723287,0.0,0.0009391291532665,0.001968162599951,-1.7336684976498873e-08,-0.0019642966799438,-0.0300537422299385,0.0010170801542699,-0.0060443349352892,0.0219799330302594,-0.0124244736167157,0.0292836045218261,-0.0235057324084617,0.0481008013606454,-0.1331430514647468,0.0750045345952512,-0.1006002084502776,0.1168904971123128,-0.1002625390047607,0.0544642750238373,2019-02-21,2019-02-22,2019-02-25,2019-02-26,2019-02-27,2019-02-28,2019-03-01,2019-03-04,2019-03-05,2019-03-06,73219.0,2019-02-20,252.0,0.8637%,0.0008,0.565,0.8229,0.3405,1.6811%,1.8128%,14.0057%,0.003796,RGR,73219.0,2019-02-21,252.0,-3.0054%,0.0008,0.5596,0.8059,0.3309,1.6776%,1.8061%,13.7184%,-0.026704,RGR,73219.0,2019-02-22,252.0,2.4753%,0.001,0.5552,0.8477,0.3162,1.6735%,1.8066%,14.1861%,0.021448,RGR,73219.0,2019-02-25,252.0,-0.6419%,0.0008,0.5594,0.8546,0.3355,1.6585%,1.7937%,14.5035%,-0.004579,RGR,73219.0,2019-02-26,252.0,-1.5981%,0.0007,0.5537,0.8732,0.3406,1.6576%,1.7935%,14.5753%,-0.00861,RGR,73219.0,2019-02-27,252.0,0.4838%,0.0008,0.5646,0.8545,0.3424,1.6505%,1.7878%,14.7761%,0.002989,RGR,73219.0,2019-02-28,252.0,-2.0805%,0.001,0.5429,0.8389,0.3312,1.6272%,1.7575%,14.2824%,-0.018469,RGR,73219.0,2019-03-01,252.0,0.9833%,0.0012,0.5091,0.7886,0.2771,1.5870%,1.7062%,13.4877%,0.004726,RGR,73219.0,2019-03-04,252.0,-6.3815%,0.0008,0.5386,0.7452,0.2572,1.6039%,1.7275%,13.8007%,-0.059184,RGR,73219.0,2019-03-05,252.0,-2.9532%,0.0005,0.5336,0.6894,0.2634,1.5911%,1.7064%,13.0516%,-0.025779,RGR,73219.0,2019-03-06,252.0,-1.1866%,0.0004,0.5158,0.7032,0.2452,1.5775%,1.6927%,13.1444%,0.001108,RGR,-0.0229079999999999,-0.0014599999999999,-0.0060389999999999,-0.0116599999999999,-0.109258
8811,STURM RUGER & CO INC,Sturm Ruger's Q4 Earnings Preview,6,uncertain,0.5,0.5,the impact on sturm ruger's stock price is uncertain as it depends on the actual earnings results and market expectations.,1,2019-02-20,RGR,2019-02-20 12:37:00+00:00,73219.0,86415910,0.0086367847397923,176456.0,-0.0300537422299385,0.0010170801542699,0.0247533377259969,0.0209415536373853,-0.0064189368858933,0.00714658992365,-0.0159809347242116,0.0026214208919554,0.0048375739715993,0.0156194726005196,-0.0208046603947877,0.0066106650047004,0.0098331440240144,-0.0051545877940952,-0.0638149604201316,-0.0154007887467742,-0.0295319501310586,0.0007005414227023,-0.0118660079315304,0.0395047925412654,0.000581033877097,0.017787642776966,-0.0106465201824903,-0.0093612028285861,-0.0095871975645422,0.0213723164051771,0.0033583955373615,-0.0011236212449148,-0.004528441466391,-0.0136682279407978,-0.0053402502089738,-0.0012912690872326,0.006798643618822,0.0048192460089921,0.0186693631112575,-0.0259974487125873,0.0066289752721786,0.0027153820265084,-0.0129769891500473,-0.0130426930263638,0.0208006557077169,-0.0070959324948489,-0.02345254085958,0.0100340005010366,0.0153543818742036,0.0081286262720823,0.0094997640699148,-0.0075295479036867,0.0186287928372621,0.003056971123442,0.0,0.0138560105115175,-0.0003770825278479,0.0018264561658725,-0.0024519250728189,0.0021965757478028,-0.0068065915256738,0.0137317068874836,0.0140872206538915,0.0192926134914159,0.0099492920562624,0.0045600961893796,0.011524143628776,-0.0253703501075506,0.0235208123922348,0.0146561209112405,-0.0274686273187398,0.0123644955456256,0.000369216519175,0.0076672714203596,0.0042443173006176,-0.0021040667779743,0.0003675203770399,0.0342235341668129,0.0042248265817761,-0.007461242377758,0.0023779233451932,-0.0287947822362184,-0.0105839055031538,-0.0020932562183588,0.0088528133928775,-0.0138863138854503,-0.0168190486729145,0.0045240656472742,0.0135738113895058,-0.0009416052489541,0.0286186281591653,0.0079726306721568,0.0085607198998332,-0.0195421408861875,0.0148541145026683,0.0133911557495594,-0.0132426964119076,0.0074102105572819,-0.0113014196977019,-0.0030308740679174,-0.0126808872446417,-0.0058379955589771,0.008321326225996,0.0245031174272298,0.000179374255822,-0.0396516472101211,-0.0025111997965723,0.0067151761613786,-0.0196007937192916,0.0107466001063585,-0.069332331418991,-0.0356363467872142,0.0070949308574199,-0.0005451350007206,0.0111545929685235,-0.0123833892866969,0.0029030682053416,-0.0049999780021607,0.0274025853723287,0.0,0.0009391291532665,0.001968162599951,-1.7336684976498873e-08,-0.0019642966799438,-0.0300537422299385,0.0010170801542699,-0.0060443349352892,0.0219799330302594,-0.0124244736167157,0.0292836045218261,-0.0235057324084617,0.0481008013606454,-0.1331430514647468,0.0750045345952512,-0.1006002084502776,0.1168904971123128,-0.1002625390047607,0.0544642750238373,2019-02-21,2019-02-22,2019-02-25,2019-02-26,2019-02-27,2019-02-28,2019-03-01,2019-03-04,2019-03-05,2019-03-06,73219.0,2019-02-20,252.0,0.8637%,0.0008,0.565,0.8229,0.3405,1.6811%,1.8128%,14.0057%,0.003796,RGR,73219.0,2019-02-21,252.0,-3.0054%,0.0008,0.5596,0.8059,0.3309,1.6776%,1.8061%,13.7184%,-0.026704,RGR,73219.0,2019-02-22,252.0,2.4753%,0.001,0.5552,0.8477,0.3162,1.6735%,1.8066%,14.1861%,0.021448,RGR,73219.0,2019-02-25,252.0,-0.6419%,0.0008,0.5594,0.8546,0.3355,1.6585%,1.7937%,14.5035%,-0.004579,RGR,73219.0,2019-02-26,252.0,-1.5981%,0.0007,0.5537,0.8732,0.3406,1.6576%,1.7935%,14.5753%,-0.00861,RGR,73219.0,2019-02-27,252.0,0.4838%,0.0008,0.5646,0.8545,0.3424,1.6505%,1.7878%,14.7761%,0.002989,RGR,73219.0,2019-02-28,252.0,-2.0805%,0.001,0.5429,0.8389,0.3312,1.6272%,1.7575%,14.2824%,-0.018469,RGR,73219.0,2019-03-01,252.0,0.9833%,0.0012,0.5091,0.7886,0.2771,1.5870%,1.7062%,13.4877%,0.004726,RGR,73219.0,2019-03-04,252.0,-6.3815%,0.0008,0.5386,0.7452,0.2572,1.6039%,1.7275%,13.8007%,-0.059184,RGR,73219.0,2019-03-05,252.0,-2.9532%,0.0005,0.5336,0.6894,0.2634,1.5911%,1.7064%,13.0516%,-0.025779,RGR,73219.0,2019-03-06,252.0,-1.1866%,0.0004,0.5158,0.7032,0.2452,1.5775%,1.6927%,13.1444%,0.001108,RGR,-0.0229079999999999,-0.0014599999999999,-0.0060389999999999,-0.0116599999999999,-0.109258
8819,TRANSOCEAN LTD,Barclays Upgrades Transocean to Overweight,6,increase,0.8,0.7,"upgrades from financial institutions like barclays typically signal positive sentiment and can lead to increased investor interest, likely boosting the stock price.",2,2019-02-20,RIG,2019-02-20 11:25:00+00:00,79237.0,H8817H10,-0.0045818975195288,15263606.0,-0.0218641646206378,-0.0223965011537075,-0.0294117648154497,0.0456674881279468,0.0084848115220665,0.0227544400840997,-0.0204327013343572,0.0060241194441914,0.0110429637134075,0.0109622599557042,-0.0084951091557741,-0.0084540694952011,0.0232557617127895,-0.0083833103999495,0.0358851924538612,-0.0543600842356681,0.0023095216602087,-0.0011312476126477,-0.0357143320143222,-0.0078563066199421,0.0,0.0229620896279811,-0.032258003950119,0.0163360964506864,0.0654320642352104,-0.0138089628890156,0.0440324582159519,0.0296208541840314,0.0110987154766917,-0.0047169770114123,-0.0076838308013975,-0.0514541454613208,-0.003318554488942,0.0299538318067789,0.0532740876078605,0.0598291531205177,-0.0179136022925376,-0.0048602628521621,0.0150214964523911,-0.0690045952796936,0.0031712190248072,0.0291036088019609,-0.057955764234066,0.0165680889040231,-0.0123042128980159,-0.003537704469636,0.0113250715658068,0.0071258270181715,-0.0134378364309668,0.0206060707569122,0.0011349914129823,-0.0373395234346389,-0.0124716171994805,0.0035128493327647,0.0631458312273025,0.0142517676576972,-0.0161987654864788,0.0169082544744014,-0.0164653807878494,0.086614154279232,0.0100446594879031,0.052486203610897,0.009944767691195,0.0140055892989039,-0.006564597133547,0.0288184154778718,-0.0088105639442801,-0.0099857589229941,-0.0155555941164493,0.0447094179689884,-0.0022572805173695,-0.0386819466948509,-0.0022624952252954,0.1009463518857956,-0.024943234398961,-0.0231124218553304,0.0116278398782014,-0.0225903764367103,-0.0011494515929371,-0.0459770374000072,0.0172612871974706,-0.026573434472084,0.0882352590560913,-0.0218878034502267,0.003118475433439,-0.0330687835812568,-0.048704594373703,-0.0643564313650131,-0.0272331144660711,-0.0085889203473925,-0.0145576829090714,0.0086633283644914,0.0,0.0012391858035698,-0.1068181842565536,-0.0277109015733003,-0.0279898550361394,-0.0503432042896747,-0.0209423881024122,-0.0622317530214786,0.0374331846833229,-0.0604839101433754,-0.0219072252511978,0.0689655542373657,-0.0289855413138866,-0.0549898147583007,0.0298507828265428,0.0239832680672407,0.00527008716017,0.0526894070208072,-0.0222804807126522,-0.009782625362277,-0.0536193139851093,0.0210876334458589,0.0467422008514404,-0.0269978400319814,0.0027063575107604,0.0323299840092659,0.0175438746809959,-0.0799999758601188,-0.0218641646206378,-0.0223965011537075,-0.0506328657683791,0.0222481950236947,-0.0425776645691793,0.0455088803284406,-0.0517836395495439,0.0633373341127823,-0.0368239013924897,-0.0202020521823883,0.0310702543612091,0.1456692485162485,-0.1323359729815113,-0.1046154373690625,2019-02-21,2019-02-22,2019-02-25,2019-02-26,2019-02-27,2019-02-28,2019-03-01,2019-03-04,2019-03-05,2019-03-06,79237.0,2019-02-20,252.0,-0.4582%,0.0003,1.791,1.0107,1.1717,2.5537%,3.1116%,32.6483%,-0.01679,RIG,79237.0,2019-02-21,252.0,-2.1864%,0.0002,1.8,1.0264,1.1884,2.5525%,3.1148%,32.8461%,-0.011935,RIG,79237.0,2019-02-22,252.0,-2.9412%,0.0002,1.8037,1.0364,1.2412,2.5580%,3.1199%,32.7768%,-0.029388,RIG,79237.0,2019-02-25,252.0,0.8485%,0.0,1.8087,1.0362,1.2596,2.5443%,3.1107%,33.0995%,0.010608,RIG,79237.0,2019-02-26,252.0,-2.0433%,-0.0,1.8015,1.0527,1.2626,2.5431%,3.1048%,32.9127%,-0.006851,RIG,79237.0,2019-02-27,252.0,1.1043%,0.0001,1.8093,1.0414,1.2639,2.5414%,3.1056%,33.0346%,0.008837,RIG,79237.0,2019-02-28,252.0,-0.8495%,-0.0,1.8195,1.0484,1.2714,2.5385%,3.1059%,33.1965%,-3.5000000000000004e-05,RIG,79237.0,2019-03-01,252.0,2.3256%,0.0001,1.8071,1.03,1.2465,2.5349%,3.0913%,32.7598%,0.01211,RIG,79237.0,2019-03-04,252.0,3.5885%,0.0002,1.82,0.9474,1.2523,2.5381%,3.0947%,32.7355%,0.044451,RIG,79237.0,2019-03-05,252.0,0.2310%,0.0002,1.8193,0.9493,1.2477,2.5389%,3.0937%,32.6517%,0.0112559999999999,RIG,79237.0,2019-03-06,252.0,-3.5714%,0.0002,1.8235,0.968,1.2551,2.5395%,3.0999%,32.8843%,-0.00906,RIG,-0.028725,-0.058113,-0.047505,-0.045519,0.0132029999999999
8827,RE MAX HOLDINGS INC,RE/MAX Holdings Raises Quarterly Dividend From $0.20 To $0.21/Share,6,increase,0.75,0.6,"raising the quarterly dividend typically signals financial strength and can attract investors, likely leading to an increase in stock price.",2,2019-02-20,RMAX,2019-02-20 22:49:00+00:00,14221.0,75524W10,0.0037082252092659,129465.0,-0.0059112776070833,-0.0085783945396542,-0.006194251589477,0.0144206369295716,0.015457465313375,0.0,-0.0417382940649986,0.0034929986577481,0.0064053293317556,0.0095718149095773,-0.0012728930450975,0.0037927061785012,0.0002549614291638,-0.0012626070529222,-0.0017839833162724,-0.0097525175660848,-0.0028082642238587,-0.0174446944147348,-0.0023166062310338,0.0134462378919124,0.0,-0.0292482264339923,0.0126419430598616,-0.0083893164992332,0.0214012786746025,0.0615776591002941,-0.0162135567516088,0.0128865977749228,-0.015973562374711,0.0020660643931478,-0.0139139629900455,0.0091217700392007,-0.0047034309245646,0.0281350277364254,0.0241532735526561,-0.0018721502274274,-0.02204554900527,-0.0500508435070514,-0.0256881602108478,0.0202176962047815,0.0067258547060191,0.023342203348875,-0.0160341653972864,0.0128962798044085,0.0168386455625295,0.0174958817660808,0.0106838019564747,0.0010947157861664,0.0055496585555374,0.0063343304209411,0.0141918770968914,0.0245486106723547,-0.001295652706176,0.0093989754095673,0.0246497336775064,0.0147399464622139,0.0068370886147022,0.0384153313934803,0.0120725193992257,0.0271270386874675,0.013170943595469,0.0384122543036937,0.0147166661918163,-0.0031908226665109,-0.0070098405703902,0.0191869959235191,-0.0275073274970054,-0.0054980618879199,0.0330412946641445,-0.0019367161439731,-0.0024231229908764,0.0316349938511848,0.0051008723676204,0.039100382477045,-0.0152247715741396,-0.0082360934466123,-0.0080982046201825,0.0322352051734924,-0.0034636168275028,-0.0084299184381961,0.0168818347156047,-0.0229924526065588,-0.0173339620232582,0.007955708540976,0.0322981178760528,-0.0242996737360954,0.0269554499536752,-0.021466365084052,-0.00421833852306,-0.0162443146109581,0.0183572303503751,0.0185308195650577,0.0147908339276909,-0.0146723426878452,-0.0132087906822562,-0.002925882814452,-0.0173090230673551,-0.0375468991696834,-0.0244246330112218,0.0015668830601498,-0.0368320308625698,-0.0417417250573635,-0.0237439889460802,0.0100090382620692,-0.0133128631860017,-0.024556154385209,0.0114166736602783,0.011370469816029,-0.0359157957136631,0.0042067123576998,-0.0069186300970613,0.0,-0.0040193335153162,0.054165318608284,-0.0129136042669415,-0.0502407327294349,-0.0498903430998325,0.0562441200017929,-0.0112521462142467,0.02374754473567,-0.0059112776070833,-0.0085783945396542,-0.0120689132558469,0.0057185364768224,0.0032019972495056,0.0057185364768224,-0.0325123071048832,0.0188916871892004,-0.0401597692094276,0.0072211386512854,-0.0035094366312047,0.2469174631639694,-0.1464633126049705,0.3158751105553428,2019-02-21,2019-02-22,2019-02-25,2019-02-26,2019-02-27,2019-02-28,2019-03-01,2019-03-04,2019-03-05,2019-03-06,14221.0,2019-02-20,252.0,0.3708%,-0.0008,0.8895,0.6007,0.1676,1.7686%,2.0146%,22.9259%,-0.000343,RMAX,14221.0,2019-02-21,252.0,-0.5911%,-0.0008,0.8977,0.6171,0.1826,1.7632%,2.0130%,23.2780%,-0.001914,RMAX,14221.0,2019-02-22,252.0,-0.6194%,-0.0009,0.8994,0.6166,0.202,1.7648%,2.0133%,23.1662%,-0.012839,RMAX,14221.0,2019-02-25,252.0,1.5457%,-0.0008,0.8993,0.6083,0.1974,1.7680%,2.0159%,23.0833%,0.015975,RMAX,14221.0,2019-02-26,252.0,-4.1738%,-0.0013,0.8601,0.6948,0.212,1.7130%,1.9549%,23.2114%,-0.035855,RMAX,14221.0,2019-02-27,252.0,0.6405%,-0.0012,0.8595,0.6975,0.2119,1.7134%,1.9549%,23.1801%,0.004465,RMAX,14221.0,2019-02-28,252.0,-0.1273%,-0.0013,0.8694,0.7044,0.2184,1.7090%,1.9543%,23.5279%,0.001682,RMAX,14221.0,2019-03-01,252.0,0.0255%,-0.0014,0.8743,0.7117,0.2287,1.7082%,1.9542%,23.5901%,-0.007264,RMAX,14221.0,2019-03-04,252.0,-0.1784%,-0.0014,0.8783,0.6929,0.2289,1.7074%,1.9538%,23.6274%,0.004627,RMAX,14221.0,2019-03-05,252.0,-0.2808%,-0.0014,0.8771,0.6851,0.227,1.7074%,1.9510%,23.4182%,0.001292,RMAX,14221.0,2019-03-06,252.0,-0.2317%,-0.0013,0.8717,0.6539,0.2167,1.7098%,1.9507%,23.1715%,0.013502,RMAX,-0.002257,-0.015096,0.0008789999999999,-0.030511,-0.016672
8835,RESMED INC,ResMed And Fisher & Paykel Healthcare Announce Settlement Of Global Patent Infringement Litigation; Settlement Involves No Payment Or Admission Of Liability From Either Side,6,uncertain,0.6,0.2,"the settlement of the patent infringement litigation may reduce legal risks for resmed, but the lack of payment or admission of liability leaves the overall impact on stock price ambiguous.",1,2019-02-20,RMD,2019-02-20 14:05:00+00:00,81736.0,76115210,0.0002004676061915,1354628.0,0.0033076258841902,-0.0069686109200119,0.0113886054605245,0.0101568233221769,0.0041486150585114,0.0051551819778978,-0.0084595764055848,0.0073312413878738,0.0101190144196152,0.0102870073169469,0.0059909704141318,0.0041318205185234,0.0066386829130351,0.0113873416557908,-0.0117350313812494,0.0013600260717794,0.0052011655643582,0.0084068160504102,-0.0177682284265756,0.008798916824162,-0.001192751689814,0.0075838398188352,0.0050751534290611,-0.0162865966558456,0.0039604110643267,0.015254964120686,0.0135107999667525,0.0184701979160308,-0.0013622593833133,0.0052425009198486,-0.0158822685480117,-0.0317258909344673,-0.0062375967390835,-0.1938619315624237,-0.0295905265957117,0.0006824930314905,0.0051334700547158,-0.0021282029338181,0.0092951580882072,-0.0031398092396557,0.021860172972083,0.0036623172927647,-0.0082202814519405,0.0044486634433269,0.0127820931375026,0.0105472570285201,0.0088740047067403,0.0184010937809944,-0.0080140708014369,-0.0107133155688643,0.0118226297199726,-0.0050264480523765,0.0123661570250988,0.007333009969443,0.0067326817661523,0.0091621959581971,0.0032483420800417,0.020589830353856,-0.0191410537809133,0.0093474797904491,-0.0165048241615295,0.0348422154784202,-0.0038499445654451,-0.0473292768001556,0.0054503558203578,-0.0184421353042125,-0.0010841771727427,0.0163334682583808,0.0026640777941793,0.0080979084596037,-0.0076757171191275,0.0207568164914846,0.0142800724133849,0.0517774410545826,0.0080172047019004,-0.0275246631354093,-0.0121241519227623,-0.009491060860455,-0.0439862124621868,-0.0188076104968786,0.0189996752887964,-0.0189879331737756,0.0079621132463216,0.0080353859812021,0.0147984772920608,-0.019215427339077,0.0023648191709071,-0.0208098627626895,0.0051115364767611,0.0014761911006644,0.0165281407535076,0.0107074007391929,-0.0083702402189373,0.0092116994783282,0.0139711117371916,0.0264569837599992,-0.0005741573986597,-0.0210057906806469,0.0123504158109426,0.0019620193634182,0.0656327083706855,-0.0079625016078352,-0.0004437615571077,0.0110922073945403,-0.002574810758233,0.011674216017127,-0.0048958356492221,0.0149719594046473,0.0056543252430856,0.0310636088252067,0.0003569235559552,0.0081153186038136,-0.0110625205561518,0.0101262936368584,0.0109156435355544,0.0081672724336385,0.0067821000702679,0.0122035024687647,0.005406848154962,-0.0093594528734683,0.0033076258841902,-0.0069686109200119,0.0147339005909208,0.0031174334522494,0.0189436409312944,0.0082886863668976,0.0205472905431227,0.0261290088473615,0.0084194054129147,0.0615509402766709,0.0323744968841777,-0.0912414900601484,0.1406903766482321,-0.0237291333302724,2019-02-21,2019-02-22,2019-02-25,2019-02-26,2019-02-27,2019-02-28,2019-03-01,2019-03-04,2019-03-05,2019-03-06,81736.0,2019-02-20,252.0,0.0200%,0.0001,0.7228,-0.0631,-0.5799,1.5736%,1.8432%,27.1126%,0.002083,RMD,81736.0,2019-02-21,252.0,0.3308%,0.0001,0.719,-0.0699,-0.5869,1.5731%,1.8420%,27.0655%,0.004504,RMD,81736.0,2019-02-22,252.0,1.1389%,0.0001,0.7197,-0.0823,-0.5897,1.5721%,1.8431%,27.2439%,-0.001628,RMD,81736.0,2019-02-25,252.0,0.4149%,0.0001,0.7201,-0.0826,-0.5883,1.5720%,1.8429%,27.2396%,0.001694,RMD,81736.0,2019-02-26,252.0,-0.8460%,0.0,0.7191,-0.0678,-0.5816,1.5729%,1.8406%,26.9777%,-0.009878,RMD,81736.0,2019-02-27,252.0,1.0119%,0.0001,0.7187,-0.0645,-0.5816,1.5738%,1.8406%,26.8865%,0.008803,RMD,81736.0,2019-02-28,252.0,0.5991%,0.0001,0.7171,-0.0654,-0.5843,1.5744%,1.8399%,26.7786%,0.006678,RMD,81736.0,2019-03-01,252.0,0.6639%,0.0001,0.719,-0.0626,-0.5811,1.5742%,1.8402%,26.8156%,-0.000762,RMD,81736.0,2019-03-04,252.0,-1.1735%,0.0001,0.7175,-0.0521,-0.5819,1.5744%,1.8396%,26.7542%,-0.006071,RMD,81736.0,2019-03-05,252.0,0.5201%,0.0001,0.716,-0.0601,-0.5847,1.5746%,1.8388%,26.6755%,0.004773,RMD,81736.0,2019-03-06,252.0,-1.7768%,0.0,0.7217,-0.035,-0.5748,1.5765%,1.8422%,26.7670%,-0.0123659999999999,RMD,0.006587,0.004959,0.006653,0.005578,-0.0021699999999999
8843,ROGERS CORP,"Rogers Corporation Sees Q1 EPS $1.25-$1.40 vs $1.42 Est., Sales $220M-$230M vs $226.78M Est.",6,decrease,0.75,0.6,"the company's q1 eps and sales guidance are below analyst estimates, which is likely to lead to a negative reaction in the stock price.",0,2019-02-20,ROG,2019-02-20 21:15:00+00:00,35991.0,77513310,0.0109540056437254,246282.0,0.140200674533844,-0.0069092423655092,-0.0135482251644134,0.0496875420212745,0.0099589843302965,-0.0229911282658577,0.0242974273860454,0.003707388183102,-0.0223368015140295,0.0404628776013851,-0.0008366898982785,0.0127561064437031,0.0312399752438068,0.0022373055107891,-0.0141162378713488,-0.0367148779332637,-0.0176127646118402,0.011759165674448,-0.002773072803393,-0.0065758228302001,-0.037379540503025,0.0009291862952522,-0.0045012654736638,0.0175714734941721,0.0693076327443122,0.0226430725306272,0.0003786529414355,0.0235051419585943,-0.0046053607948124,0.0083160083740949,-0.0208517760038375,-0.0036457239184528,0.0067964773625135,0.0391768813133239,0.0166517402976751,0.0488575436174869,-0.0099917901679873,-0.0124854538589716,-0.0064516752026975,-0.027999335899949,0.0270027797669172,0.0301839355379343,-0.0531488992273807,0.0099206902086734,0.0082644624635577,-0.0077852592803537,0.020196733996272,-0.0207676365971565,-0.0181900095194578,0.00955415610224,0.0063502537086606,0.0126310465857386,0.0335675477981567,0.047578826546669,0.0317220129072666,0.0376861914992332,-0.0188506375998258,0.0179421622306108,0.0105701480060815,0.0281287655234336,0.0177198350429534,0.0457209944725036,0.0028414316475391,-0.0618875734508037,0.0101277586072683,0.0096910875290632,-0.0214251391589641,0.0008081854903139,0.0334817692637443,0.026763504371047,-0.0209489129483699,0.0077357082627713,0.013139609247446,0.0512088313698768,0.005413788370788,-0.0230810679495334,0.0182248633354902,-0.0227654017508029,-0.0208042878657579,-0.0404670499265193,-0.0075964317657053,-0.0166303738951683,-0.0114818690344691,-0.0196040794253349,0.0355716235935688,0.0088114505633711,0.0026288831140846,-0.034411035478115,-0.0276758130639791,-0.0160000119358301,-0.0009587946697138,0.0126224216073751,-0.008157392963767,-0.0309447683393955,0.0130624314770102,-0.0449829660356044,0.1390878856182098,-0.0488391332328319,0.0126820988953113,-0.0567070804536342,0.0049678711220622,-0.0480976775288581,-0.0248712766915559,0.0439141429960727,0.0080794151872396,0.0149089461192488,-0.0359350480139255,-0.0002366435946896,-0.0034775016829371,0.0410509034991264,0.0011450748424977,-0.0144036151468753,-0.0411742143332958,0.0256453156471252,0.0230048447847366,0.0206691641360521,0.0209327526390552,0.0100966906175017,-0.0598792359232902,-0.0376317501068115,0.140200674533844,-0.0069092423655092,0.1247529790626433,0.0424349963853938,0.1359543763565824,0.0184682396746782,0.1375650449981038,0.0636070345585182,0.1320741607355078,0.0452576650602016,0.1899114472883358,0.3769873240066357,0.2655392557731413,0.1125658556496329,2019-02-21,2019-02-22,2019-02-25,2019-02-26,2019-02-27,2019-02-28,2019-03-01,2019-03-04,2019-03-05,2019-03-06,35991.0,2019-02-20,252.0,1.0954%,-0.0005,1.6891,0.8921,0.3019,1.8167%,2.5532%,49.3718%,0.004099,ROG,35991.0,2019-02-21,252.0,14.0201%,0.0,1.6567,0.8588,0.2414,2.0419%,2.7013%,42.8618%,0.147669,ROG,35991.0,2019-02-22,252.0,-1.3548%,-0.0001,1.6612,0.8323,0.2712,2.0458%,2.7010%,42.6301%,-0.025591,ROG,35991.0,2019-02-25,252.0,0.9959%,-0.0001,1.6618,0.8279,0.2712,2.0465%,2.7015%,42.6139%,0.010019,ROG,35991.0,2019-02-26,252.0,2.4297%,0.0001,1.6634,0.7803,0.2483,2.0551%,2.7053%,42.2955%,0.03305,ROG,35991.0,2019-02-27,252.0,-2.2337%,0.0,1.6681,0.7647,0.249,2.0599%,2.7091%,42.1849%,-0.025119,ROG,35991.0,2019-02-28,252.0,-0.0837%,0.0001,1.6622,0.7608,0.2436,2.0592%,2.7017%,41.9054%,0.004704,ROG,35991.0,2019-03-01,252.0,3.1240%,0.0005,1.6066,0.678,0.1492,1.9672%,2.6003%,42.7680%,0.01795,ROG,35991.0,2019-03-04,252.0,-1.4116%,0.0007,1.5805,0.7684,0.1551,1.9340%,2.5651%,43.1512%,-0.0037219999999999,ROG,35991.0,2019-03-05,252.0,-1.7613%,0.0006,1.5797,0.7543,0.1593,1.9340%,2.5600%,42.9224%,-0.012262,ROG,35991.0,2019-03-06,252.0,-0.2773%,0.0008,1.5861,0.7025,0.1595,1.9303%,2.5588%,43.0924%,0.019847,ROG,0.151768,0.1261769999999999,0.1361959999999999,0.1441269999999999,0.170644
8851,ROGERS CORP,"Rogers Q4 Adj. EPS $1.67 Beats $1.27 Estimate, Sales $222.9M Beat $220.39M Estimate",6,increase,0.85,0.7,the company's better-than-expected earnings and sales figures are likely to boost investor confidence and lead to an increase in stock price.,2,2019-02-20,ROG,2019-02-20 21:14:00+00:00,35991.0,77513310,0.0109540056437254,246282.0,0.140200674533844,-0.0069092423655092,-0.0135482251644134,0.0496875420212745,0.0099589843302965,-0.0229911282658577,0.0242974273860454,0.003707388183102,-0.0223368015140295,0.0404628776013851,-0.0008366898982785,0.0127561064437031,0.0312399752438068,0.0022373055107891,-0.0141162378713488,-0.0367148779332637,-0.0176127646118402,0.011759165674448,-0.002773072803393,-0.0065758228302001,-0.037379540503025,0.0009291862952522,-0.0045012654736638,0.0175714734941721,0.0693076327443122,0.0226430725306272,0.0003786529414355,0.0235051419585943,-0.0046053607948124,0.0083160083740949,-0.0208517760038375,-0.0036457239184528,0.0067964773625135,0.0391768813133239,0.0166517402976751,0.0488575436174869,-0.0099917901679873,-0.0124854538589716,-0.0064516752026975,-0.027999335899949,0.0270027797669172,0.0301839355379343,-0.0531488992273807,0.0099206902086734,0.0082644624635577,-0.0077852592803537,0.020196733996272,-0.0207676365971565,-0.0181900095194578,0.00955415610224,0.0063502537086606,0.0126310465857386,0.0335675477981567,0.047578826546669,0.0317220129072666,0.0376861914992332,-0.0188506375998258,0.0179421622306108,0.0105701480060815,0.0281287655234336,0.0177198350429534,0.0457209944725036,0.0028414316475391,-0.0618875734508037,0.0101277586072683,0.0096910875290632,-0.0214251391589641,0.0008081854903139,0.0334817692637443,0.026763504371047,-0.0209489129483699,0.0077357082627713,0.013139609247446,0.0512088313698768,0.005413788370788,-0.0230810679495334,0.0182248633354902,-0.0227654017508029,-0.0208042878657579,-0.0404670499265193,-0.0075964317657053,-0.0166303738951683,-0.0114818690344691,-0.0196040794253349,0.0355716235935688,0.0088114505633711,0.0026288831140846,-0.034411035478115,-0.0276758130639791,-0.0160000119358301,-0.0009587946697138,0.0126224216073751,-0.008157392963767,-0.0309447683393955,0.0130624314770102,-0.0449829660356044,0.1390878856182098,-0.0488391332328319,0.0126820988953113,-0.0567070804536342,0.0049678711220622,-0.0480976775288581,-0.0248712766915559,0.0439141429960727,0.0080794151872396,0.0149089461192488,-0.0359350480139255,-0.0002366435946896,-0.0034775016829371,0.0410509034991264,0.0011450748424977,-0.0144036151468753,-0.0411742143332958,0.0256453156471252,0.0230048447847366,0.0206691641360521,0.0209327526390552,0.0100966906175017,-0.0598792359232902,-0.0376317501068115,0.140200674533844,-0.0069092423655092,0.1247529790626433,0.0424349963853938,0.1359543763565824,0.0184682396746782,0.1375650449981038,0.0636070345585182,0.1320741607355078,0.0452576650602016,0.1899114472883358,0.3769873240066357,0.2655392557731413,0.1125658556496329,2019-02-21,2019-02-22,2019-02-25,2019-02-26,2019-02-27,2019-02-28,2019-03-01,2019-03-04,2019-03-05,2019-03-06,35991.0,2019-02-20,252.0,1.0954%,-0.0005,1.6891,0.8921,0.3019,1.8167%,2.5532%,49.3718%,0.004099,ROG,35991.0,2019-02-21,252.0,14.0201%,0.0,1.6567,0.8588,0.2414,2.0419%,2.7013%,42.8618%,0.147669,ROG,35991.0,2019-02-22,252.0,-1.3548%,-0.0001,1.6612,0.8323,0.2712,2.0458%,2.7010%,42.6301%,-0.025591,ROG,35991.0,2019-02-25,252.0,0.9959%,-0.0001,1.6618,0.8279,0.2712,2.0465%,2.7015%,42.6139%,0.010019,ROG,35991.0,2019-02-26,252.0,2.4297%,0.0001,1.6634,0.7803,0.2483,2.0551%,2.7053%,42.2955%,0.03305,ROG,35991.0,2019-02-27,252.0,-2.2337%,0.0,1.6681,0.7647,0.249,2.0599%,2.7091%,42.1849%,-0.025119,ROG,35991.0,2019-02-28,252.0,-0.0837%,0.0001,1.6622,0.7608,0.2436,2.0592%,2.7017%,41.9054%,0.004704,ROG,35991.0,2019-03-01,252.0,3.1240%,0.0005,1.6066,0.678,0.1492,1.9672%,2.6003%,42.7680%,0.01795,ROG,35991.0,2019-03-04,252.0,-1.4116%,0.0007,1.5805,0.7684,0.1551,1.9340%,2.5651%,43.1512%,-0.0037219999999999,ROG,35991.0,2019-03-05,252.0,-1.7613%,0.0006,1.5797,0.7543,0.1593,1.9340%,2.5600%,42.9224%,-0.012262,ROG,35991.0,2019-03-06,252.0,-0.2773%,0.0008,1.5861,0.7025,0.1595,1.9303%,2.5588%,43.0924%,0.019847,ROG,0.151768,0.1261769999999999,0.1361959999999999,0.1441269999999999,0.170644
8859,REWALK ROBOTICS LTD,ReWalk Robotics shares are trading lower after the company announced a common share offering.,6,decrease,0.8,0.7,"the announcement of a common share offering typically dilutes existing shares, leading to a decrease in stock price.",0,2019-02-20,RWLK,2019-02-20 22:25:00+00:00,14936.0,M8216Q20,-0.0283529367297887,5146543.0,-0.2049180269241333,-0.0193689949810504,0.0927834138274192,0.0638085603713989,0.0143396416679024,-0.1044642403721809,-0.0234375093132257,0.2307692021131516,-0.0251428298652172,0.0133630335330963,-0.0113325687125325,-0.0274368561804294,0.0276679825037717,0.005809721071273,-0.0346153974533081,0.0051095755770802,-0.0239043142646551,-0.0515749379992485,-0.0812245234847068,-0.052476231008768,0.0661927983164787,-0.0132685927674174,-0.0416666269302368,-0.0433437377214431,0.0204347390681505,0.1122590079903603,-0.0085214711725711,0.0954356715083122,-0.0227761082351207,-0.0691713169217109,0.0615655146539211,0.009929034858942,-0.0016570287989452,-0.0208332724869251,-0.0240663643926382,0.2100839465856552,-0.0314626097679138,0.0397553741931915,0.0048288134858012,-0.0477577298879623,-0.0240279752761125,-0.0228455383330583,-0.0384959578514099,0.1596881300210953,-0.0385474599897861,0.0005943595315329,-0.0199496764689683,-0.0450450703501701,0.0602766685187816,-0.0826446115970611,0.0663094073534011,0.1050228402018547,-0.0556307658553123,-0.0244989022612571,-0.0189721696078777,0.0298165399581193,-0.0188679955899715,-0.0991735681891441,-0.0115384506061673,0.0803571045398712,-0.1712061613798141,0.0991168543696403,-0.0657277479767799,0.0565059147775173,0.0050251209177076,0.1079839468002319,-0.024999976158142,-0.0062785600312054,-0.0333333611488342,-0.0309734810143709,0.0424403399229049,0.0331429094076156,-0.0839695036411285,-0.0783652886748313,-0.0611110553145408,-0.1329680234193802,0.1242603063583374,0.1837837547063828,-0.0447367988526821,-0.0706646218895912,-0.0413223393261432,0.0219044778496027,-0.0488505959510803,-0.0308457743376493,0.0271903797984123,-0.0428570881485939,-0.0235294587910175,0.0047846273519098,0.057228934019804,-0.0495679453015327,-0.0085470005869865,0.0133640756830573,0.0229884833097457,0.0636212080717086,-0.0308988466858863,0.0226566381752491,0.1217390820384026,-0.0244499258697032,-0.0413436293601989,-0.0303460843861103,0.0134770758450031,-0.0487144961953163,-0.0132978595793247,-0.0360869839787483,-0.0242588017135858,0.0,-0.0662982836365699,0.0048056081868708,-0.0828402936458587,-0.0230473838746547,-0.1161290034651756,0.0017101615667343,-0.0145985260605812,-0.0004273576778359,0.0185185000300407,0.0404623821377754,-0.010909080505371,0.004017858300358,-0.047794159501791,-0.0464026853442192,-0.2049180269241333,-0.0193689949810504,-0.1311476071895141,0.0432036577047667,-0.118688575214312,-0.0657738199508424,-0.1609836392768457,0.1651818508041043,-0.2619672410537809,0.0295178784965934,-0.3259013108288733,0.4013392049749544,-0.6603277057006776,0.3363133214174953,2019-02-21,2019-02-22,2019-02-25,2019-02-26,2019-02-27,2019-02-28,2019-03-01,2019-03-04,2019-03-05,2019-03-06,14936.0,2019-02-20,252.0,-2.8353%,-0.0027,0.3665,0.0922,-0.2447,7.5054%,7.5206%,0.4041%,-0.028297,RWLK,14936.0,2019-02-21,252.0,-20.4918%,-0.0036,0.4229,0.1627,-0.1397,7.6096%,7.6262%,0.4370%,-0.20416,RWLK,14936.0,2019-02-22,252.0,9.2783%,-0.0032,0.4078,0.235,-0.2547,7.6265%,7.6462%,0.5125%,0.0869849999999999,RWLK,14936.0,2019-02-25,252.0,1.4340%,-0.0033,0.4132,0.2319,-0.2365,7.6217%,7.6411%,0.5077%,0.0137799999999999,RWLK,14936.0,2019-02-26,252.0,-2.3438%,-0.0033,0.4187,0.2529,-0.2218,7.6226%,7.6421%,0.5118%,-0.022172,RWLK,14936.0,2019-02-27,252.0,-2.5143%,-0.0036,0.3989,0.2813,-0.2251,7.6190%,7.6377%,0.4898%,-0.026366,RWLK,14936.0,2019-02-28,252.0,-1.1333%,-0.0037,0.4053,0.2854,-0.2188,7.6189%,7.6378%,0.4956%,-0.0108149999999999,RWLK,14936.0,2019-03-01,252.0,2.7668%,-0.0037,0.4289,0.3206,-0.1945,7.6184%,7.6388%,0.5333%,0.022957,RWLK,14936.0,2019-03-04,252.0,-3.4615%,-0.0038,0.4348,0.3253,-0.2015,7.6202%,7.6413%,0.5522%,-0.030434,RWLK,14936.0,2019-03-05,252.0,-2.3904%,-0.0038,0.4435,0.3806,-0.1883,7.6195%,7.6417%,0.5790%,-0.02273,RWLK,14936.0,2019-03-06,252.0,-8.1225%,-0.004,0.4824,0.5132,-0.1262,7.6305%,7.6566%,0.6797%,-0.0727189999999999,RWLK,-0.232457,-0.145472,-0.131692,-0.18023,-0.293971
8867,REWALK ROBOTICS LTD,"ReWalk Robotics Reports Offering Of Common Shares, No Size Disclosed",6,uncertain,0.5,0.5,"the offering of common shares can lead to dilution of existing shares, which may decrease the stock price, but without a disclosed size or context, the overall impact remains uncertain.",1,2019-02-20,RWLK,2019-02-20 21:01:00+00:00,14936.0,M8216Q20,-0.0283529367297887,5146543.0,-0.2049180269241333,-0.0193689949810504,0.0927834138274192,0.0638085603713989,0.0143396416679024,-0.1044642403721809,-0.0234375093132257,0.2307692021131516,-0.0251428298652172,0.0133630335330963,-0.0113325687125325,-0.0274368561804294,0.0276679825037717,0.005809721071273,-0.0346153974533081,0.0051095755770802,-0.0239043142646551,-0.0515749379992485,-0.0812245234847068,-0.052476231008768,0.0661927983164787,-0.0132685927674174,-0.0416666269302368,-0.0433437377214431,0.0204347390681505,0.1122590079903603,-0.0085214711725711,0.0954356715083122,-0.0227761082351207,-0.0691713169217109,0.0615655146539211,0.009929034858942,-0.0016570287989452,-0.0208332724869251,-0.0240663643926382,0.2100839465856552,-0.0314626097679138,0.0397553741931915,0.0048288134858012,-0.0477577298879623,-0.0240279752761125,-0.0228455383330583,-0.0384959578514099,0.1596881300210953,-0.0385474599897861,0.0005943595315329,-0.0199496764689683,-0.0450450703501701,0.0602766685187816,-0.0826446115970611,0.0663094073534011,0.1050228402018547,-0.0556307658553123,-0.0244989022612571,-0.0189721696078777,0.0298165399581193,-0.0188679955899715,-0.0991735681891441,-0.0115384506061673,0.0803571045398712,-0.1712061613798141,0.0991168543696403,-0.0657277479767799,0.0565059147775173,0.0050251209177076,0.1079839468002319,-0.024999976158142,-0.0062785600312054,-0.0333333611488342,-0.0309734810143709,0.0424403399229049,0.0331429094076156,-0.0839695036411285,-0.0783652886748313,-0.0611110553145408,-0.1329680234193802,0.1242603063583374,0.1837837547063828,-0.0447367988526821,-0.0706646218895912,-0.0413223393261432,0.0219044778496027,-0.0488505959510803,-0.0308457743376493,0.0271903797984123,-0.0428570881485939,-0.0235294587910175,0.0047846273519098,0.057228934019804,-0.0495679453015327,-0.0085470005869865,0.0133640756830573,0.0229884833097457,0.0636212080717086,-0.0308988466858863,0.0226566381752491,0.1217390820384026,-0.0244499258697032,-0.0413436293601989,-0.0303460843861103,0.0134770758450031,-0.0487144961953163,-0.0132978595793247,-0.0360869839787483,-0.0242588017135858,0.0,-0.0662982836365699,0.0048056081868708,-0.0828402936458587,-0.0230473838746547,-0.1161290034651756,0.0017101615667343,-0.0145985260605812,-0.0004273576778359,0.0185185000300407,0.0404623821377754,-0.010909080505371,0.004017858300358,-0.047794159501791,-0.0464026853442192,-0.2049180269241333,-0.0193689949810504,-0.1311476071895141,0.0432036577047667,-0.118688575214312,-0.0657738199508424,-0.1609836392768457,0.1651818508041043,-0.2619672410537809,0.0295178784965934,-0.3259013108288733,0.4013392049749544,-0.6603277057006776,0.3363133214174953,2019-02-21,2019-02-22,2019-02-25,2019-02-26,2019-02-27,2019-02-28,2019-03-01,2019-03-04,2019-03-05,2019-03-06,14936.0,2019-02-20,252.0,-2.8353%,-0.0027,0.3665,0.0922,-0.2447,7.5054%,7.5206%,0.4041%,-0.028297,RWLK,14936.0,2019-02-21,252.0,-20.4918%,-0.0036,0.4229,0.1627,-0.1397,7.6096%,7.6262%,0.4370%,-0.20416,RWLK,14936.0,2019-02-22,252.0,9.2783%,-0.0032,0.4078,0.235,-0.2547,7.6265%,7.6462%,0.5125%,0.0869849999999999,RWLK,14936.0,2019-02-25,252.0,1.4340%,-0.0033,0.4132,0.2319,-0.2365,7.6217%,7.6411%,0.5077%,0.0137799999999999,RWLK,14936.0,2019-02-26,252.0,-2.3438%,-0.0033,0.4187,0.2529,-0.2218,7.6226%,7.6421%,0.5118%,-0.022172,RWLK,14936.0,2019-02-27,252.0,-2.5143%,-0.0036,0.3989,0.2813,-0.2251,7.6190%,7.6377%,0.4898%,-0.026366,RWLK,14936.0,2019-02-28,252.0,-1.1333%,-0.0037,0.4053,0.2854,-0.2188,7.6189%,7.6378%,0.4956%,-0.0108149999999999,RWLK,14936.0,2019-03-01,252.0,2.7668%,-0.0037,0.4289,0.3206,-0.1945,7.6184%,7.6388%,0.5333%,0.022957,RWLK,14936.0,2019-03-04,252.0,-3.4615%,-0.0038,0.4348,0.3253,-0.2015,7.6202%,7.6413%,0.5522%,-0.030434,RWLK,14936.0,2019-03-05,252.0,-2.3904%,-0.0038,0.4435,0.3806,-0.1883,7.6195%,7.6417%,0.5790%,-0.02273,RWLK,14936.0,2019-03-06,252.0,-8.1225%,-0.004,0.4824,0.5132,-0.1262,7.6305%,7.6566%,0.6797%,-0.0727189999999999,RWLK,-0.232457,-0.145472,-0.131692,-0.18023,-0.293971
8875,BOSTON BEER INC,"Boston Beer Q4 EPS $1.86 Beats $1.70 Estimate, Sales $225.2M Miss $227.86M Estimate",6,uncertain,0.6,0.2,"while boston beer beat eps estimates, the miss on sales could raise concerns among investors, leading to mixed reactions in the stock price.",1,2019-02-20,SAM,2019-02-20 21:24:00+00:00,82634.0,10055710,-0.0023426353000104,200606.0,0.1433097869157791,-0.0089184204116463,0.006357008125633,0.003068228252232,-0.0138645889237523,0.0044555980712175,0.0063399006612598,0.0033529314678162,-0.0022196595091372,0.0258743353188037,0.022540595382452,-0.0092017296701669,-0.0245712585747242,0.0147165674716234,0.0068223122507333,0.0331480987370014,0.0084375701844692,-0.0108768381178379,0.0070747942663729,0.0425331555306911,0.0021171607077121,-0.0066688330844044,0.0053776977583765,-0.0130037143826484,0.0159513819962739,0.0203948356211185,-0.0164844077080488,-0.0026549408212304,0.0067234360612928,-0.0081831244751811,-0.0262075029313564,-0.0081166438758373,-0.0033803826663643,0.0236508715897798,0.019503004848957,-0.0234576296061277,-0.0327575840055942,0.0278683770447969,-0.013030732050538,0.0054379943758249,-0.0042222696356475,0.0202871263027191,-0.0374209024012088,0.0066081304103136,0.0016431310214102,-0.0154052730649709,0.0211510844528675,-0.00121586676687,-0.0056396550498902,-0.0049227895215153,0.0001031169304042,0.0070159146562218,0.0129919182509183,0.0196187701076269,-0.015946839004755,-0.0237936042249202,-0.0152398487553,-0.021962272003293,-0.0206924602389335,-0.0055718659423291,0.0153735699132084,0.047456756234169,-0.0551761053502559,-0.0012338564265519,-0.0019378714496269,-0.024123890325427,0.0057130008935928,0.0084582064300775,-0.0047895172610878,-0.0313133224844932,-0.0054467134177684,-0.0109123056754469,-0.0199557654559612,0.0372003465890884,0.011252736672759,-0.0269657000899314,0.0158586073666811,-0.0178159978240728,-0.0096124690026044,-0.0031317870598286,0.0043262126855552,-0.0293597225099802,0.0163688622415065,-0.0182834547013044,0.0235498435795307,-0.0160205084830522,-0.0046808710321784,0.0001115196282626,0.0852657407522201,-0.0179614964872598,0.0151999918743968,0.0184035841375589,-0.0015432138461619,-0.0017443632241338,0.0194679647684097,0.0133133083581924,-0.0169672258198261,-0.0266847554594278,0.0430516675114631,-0.000621828075964,0.0345738530158996,-0.0314626023173332,-0.0015204038936644,0.0280468463897705,-0.0014008755097165,-0.0274540353566408,0.021622434258461,-0.0222367886453867,-0.0061195492744445,0.008065634407103,0.0447227247059345,0.0194710474461317,-0.0099185863509774,-0.0059094601310789,0.0098147531971335,-0.0450443923473358,-0.0112147005274891,0.0157198775559663,-0.000872412638273,-0.0523662567138671,0.1433097869157791,-0.0089184204116463,0.1505778165213185,-0.0058775559088866,0.134625528070462,-0.0014481458644401,0.1392844919355971,0.0278234248160424,0.1619083362655431,0.1009087677209574,0.0424898509913747,0.0937448607143582,0.2805069535452384,-0.1252887273102073,2019-02-21,2019-02-22,2019-02-25,2019-02-26,2019-02-27,2019-02-28,2019-03-01,2019-03-04,2019-03-05,2019-03-06,82634.0,2019-02-20,252.0,-0.2343%,0.0012,0.6134,0.4067,-0.0465,2.2900%,2.3970%,8.7295%,-0.004289,SAM,82634.0,2019-02-21,252.0,14.3310%,0.0019,0.5679,0.3458,-0.1311,2.4542%,2.5462%,7.0910%,0.145657,SAM,82634.0,2019-02-22,252.0,0.6357%,0.0019,0.5683,0.3478,-0.125,2.4543%,2.5463%,7.0946%,-0.001263,SAM,82634.0,2019-02-25,252.0,-1.3865%,0.0024,0.552,0.3396,-0.1894,2.2934%,2.3931%,8.1575%,-0.014138,SAM,82634.0,2019-02-26,252.0,0.6340%,0.0023,0.5453,0.3373,-0.1956,2.2931%,2.3910%,8.0261%,0.008672,SAM,82634.0,2019-02-27,252.0,-0.2220%,0.0024,0.5502,0.3268,-0.1948,2.2922%,2.3908%,8.0751%,-0.003686,SAM,82634.0,2019-02-28,252.0,2.2541%,0.0025,0.5445,0.3236,-0.2039,2.2961%,2.3932%,7.9514%,0.023594,SAM,82634.0,2019-03-01,252.0,-2.4571%,0.0024,0.5222,0.2903,-0.2233,2.2997%,2.3908%,7.4711%,-0.030336,SAM,82634.0,2019-03-04,252.0,0.6822%,0.0024,0.5246,0.274,-0.2221,2.2999%,2.3908%,7.4551%,0.0114799999999999,SAM,82634.0,2019-03-05,252.0,0.8438%,0.0025,0.5253,0.2837,-0.2242,2.2998%,2.3910%,7.4864%,0.009556,SAM,82634.0,2019-03-06,252.0,0.7075%,0.0025,0.5161,0.2613,-0.2376,2.3006%,2.3901%,7.3493%,0.015061,SAM,0.141368,0.140105,0.125967,0.130953,0.160308
8883,BOSTON BEER INC,Q4 Earnings Preview For Boston Beer,6,uncertain,0.5,0.5,the impact on boston beer inc's stock price is uncertain as it depends on the actual earnings results compared to market expectations.,1,2019-02-20,SAM,2019-02-20 12:24:00+00:00,82634.0,10055710,-0.0023426353000104,200606.0,0.1433097869157791,-0.0089184204116463,0.006357008125633,0.003068228252232,-0.0138645889237523,0.0044555980712175,0.0063399006612598,0.0033529314678162,-0.0022196595091372,0.0258743353188037,0.022540595382452,-0.0092017296701669,-0.0245712585747242,0.0147165674716234,0.0068223122507333,0.0331480987370014,0.0084375701844692,-0.0108768381178379,0.0070747942663729,0.0425331555306911,0.0021171607077121,-0.0066688330844044,0.0053776977583765,-0.0130037143826484,0.0159513819962739,0.0203948356211185,-0.0164844077080488,-0.0026549408212304,0.0067234360612928,-0.0081831244751811,-0.0262075029313564,-0.0081166438758373,-0.0033803826663643,0.0236508715897798,0.019503004848957,-0.0234576296061277,-0.0327575840055942,0.0278683770447969,-0.013030732050538,0.0054379943758249,-0.0042222696356475,0.0202871263027191,-0.0374209024012088,0.0066081304103136,0.0016431310214102,-0.0154052730649709,0.0211510844528675,-0.00121586676687,-0.0056396550498902,-0.0049227895215153,0.0001031169304042,0.0070159146562218,0.0129919182509183,0.0196187701076269,-0.015946839004755,-0.0237936042249202,-0.0152398487553,-0.021962272003293,-0.0206924602389335,-0.0055718659423291,0.0153735699132084,0.047456756234169,-0.0551761053502559,-0.0012338564265519,-0.0019378714496269,-0.024123890325427,0.0057130008935928,0.0084582064300775,-0.0047895172610878,-0.0313133224844932,-0.0054467134177684,-0.0109123056754469,-0.0199557654559612,0.0372003465890884,0.011252736672759,-0.0269657000899314,0.0158586073666811,-0.0178159978240728,-0.0096124690026044,-0.0031317870598286,0.0043262126855552,-0.0293597225099802,0.0163688622415065,-0.0182834547013044,0.0235498435795307,-0.0160205084830522,-0.0046808710321784,0.0001115196282626,0.0852657407522201,-0.0179614964872598,0.0151999918743968,0.0184035841375589,-0.0015432138461619,-0.0017443632241338,0.0194679647684097,0.0133133083581924,-0.0169672258198261,-0.0266847554594278,0.0430516675114631,-0.000621828075964,0.0345738530158996,-0.0314626023173332,-0.0015204038936644,0.0280468463897705,-0.0014008755097165,-0.0274540353566408,0.021622434258461,-0.0222367886453867,-0.0061195492744445,0.008065634407103,0.0447227247059345,0.0194710474461317,-0.0099185863509774,-0.0059094601310789,0.0098147531971335,-0.0450443923473358,-0.0112147005274891,0.0157198775559663,-0.000872412638273,-0.0523662567138671,0.1433097869157791,-0.0089184204116463,0.1505778165213185,-0.0058775559088866,0.134625528070462,-0.0014481458644401,0.1392844919355971,0.0278234248160424,0.1619083362655431,0.1009087677209574,0.0424898509913747,0.0937448607143582,0.2805069535452384,-0.1252887273102073,2019-02-21,2019-02-22,2019-02-25,2019-02-26,2019-02-27,2019-02-28,2019-03-01,2019-03-04,2019-03-05,2019-03-06,82634.0,2019-02-20,252.0,-0.2343%,0.0012,0.6134,0.4067,-0.0465,2.2900%,2.3970%,8.7295%,-0.004289,SAM,82634.0,2019-02-21,252.0,14.3310%,0.0019,0.5679,0.3458,-0.1311,2.4542%,2.5462%,7.0910%,0.145657,SAM,82634.0,2019-02-22,252.0,0.6357%,0.0019,0.5683,0.3478,-0.125,2.4543%,2.5463%,7.0946%,-0.001263,SAM,82634.0,2019-02-25,252.0,-1.3865%,0.0024,0.552,0.3396,-0.1894,2.2934%,2.3931%,8.1575%,-0.014138,SAM,82634.0,2019-02-26,252.0,0.6340%,0.0023,0.5453,0.3373,-0.1956,2.2931%,2.3910%,8.0261%,0.008672,SAM,82634.0,2019-02-27,252.0,-0.2220%,0.0024,0.5502,0.3268,-0.1948,2.2922%,2.3908%,8.0751%,-0.003686,SAM,82634.0,2019-02-28,252.0,2.2541%,0.0025,0.5445,0.3236,-0.2039,2.2961%,2.3932%,7.9514%,0.023594,SAM,82634.0,2019-03-01,252.0,-2.4571%,0.0024,0.5222,0.2903,-0.2233,2.2997%,2.3908%,7.4711%,-0.030336,SAM,82634.0,2019-03-04,252.0,0.6822%,0.0024,0.5246,0.274,-0.2221,2.2999%,2.3908%,7.4551%,0.0114799999999999,SAM,82634.0,2019-03-05,252.0,0.8438%,0.0025,0.5253,0.2837,-0.2242,2.2998%,2.3910%,7.4864%,0.009556,SAM,82634.0,2019-03-06,252.0,0.7075%,0.0025,0.5161,0.2613,-0.2376,2.3006%,2.3901%,7.3493%,0.015061,SAM,0.141368,0.140105,0.125967,0.130953,0.160308
8891,SUPERIOR DRILLING PRODUCTS INC,"Superior Drilling Products Sees FY18 Sales $18.2M, Annual Operating Income $300K",6,uncertain,0.6,0.3,"while the sales figure of $18.2m may indicate growth, the low operating income of $300k raises concerns about profitability, leading to uncertainty in stock price movement.",1,2019-02-20,SDPI,2019-02-20 22:02:00+00:00,14636.0,86815310,0.0426829606294632,87645.0,-0.0877193510532379,0.0,0.0256410781294107,-0.0179640557616949,-0.0312500447034835,0.0182926654815673,0.0193548984825611,0.0314465090632438,0.0126582151278853,0.0460526682436466,0.0,0.0066225104965269,0.0187499821186065,-0.01307188346982,-0.0245398543775081,-0.0129032135009765,0.012578603811562,-0.0773809552192688,-0.0745341628789901,-0.0059172245673835,0.0201342087239027,-0.0287356041371822,-0.01973682269454,-0.0594594664871692,-0.0671141073107719,0.0054347771219909,0.0503597520291805,0.0279330015182495,-0.0205480065196752,-0.0055555505678057,-0.0489510037004947,0.05263152718544,0.0147058684378862,-0.0172413624823093,0.0217391103506088,-0.005714280065149,-0.0354609601199626,-0.0740740671753883,-0.0147058684378862,0.0106951771304011,-0.0074626794084906,0.0685714334249496,0.0,0.1363636702299118,0.0201503131538629,0.0131578827276825,-0.034492939710617,0.0629370883107185,0.0305344145745039,-0.0337838307023048,0.0,-0.0389610044658184,-0.0222222004085779,0.0921985805034637,0.0151514997705817,0.0601503178477287,-0.0223881267011165,-0.0362318493425846,-0.0305343233048915,0.0615384951233863,-0.0078740082681179,0.0317460000514984,0.0476190969347953,-0.0156249850988388,0.0151514997705817,0.0940171107649803,-0.0671642050147056,-0.0487805381417274,0.0159999839961528,0.088495597243309,-0.0157480165362358,-0.0258620455861091,-0.0640000328421592,0.0545454025268554,-0.0427350029349327,0.0476191192865371,-0.0178571250289678,0.0,0.0181818008422851,-0.0625000447034835,-0.0267856884747743,-0.0894309058785438,-0.0458716228604316,-0.0610686466097831,0.0,-0.0965517908334732,-0.0192307513207197,-0.020270250737667,-0.01960782520473,0.0068027144297957,0.0199999809265136,-0.0264900419861078,-0.01960782520473,-0.1169590875506401,0.0,0.0178571976721286,-0.0400000214576721,0.0434782207012176,-0.0416666269302368,-0.0473373010754585,-0.0326087288558483,-0.0505617521703243,0.0561797879636287,0.0470587760210037,0.0,-0.0502792820334434,0.0851063653826713,0.0346820466220378,-0.009803912602365,-0.112820528447628,0.0,-0.0624999441206455,-0.0495049618184566,0.2999999225139618,0.0187500081956386,-0.0419161282479763,0.0224949028342962,0.0245398543775081,0.0099999904632568,-0.041176501661539,-0.0877193510532379,0.0,-0.0643274916576444,-0.0179640557616949,-0.0935672993711635,-7.42868433434296e-10,-0.0643274917220112,0.0789473721546849,-0.1286549835824005,-0.029585843694289,-0.2573099651799193,0.261538500623288,-0.4093567401574713,-0.0352941584665718,2019-02-21,2019-02-22,2019-02-25,2019-02-26,2019-02-27,2019-02-28,2019-03-01,2019-03-04,2019-03-05,2019-03-06,14636.0,2019-02-20,252.0,4.2683%,0.0019,1.4169,0.5979,0.4506,5.5521%,5.7368%,6.3358%,0.036404,SDPI,14636.0,2019-02-21,252.0,-8.7719%,0.0014,1.4516,0.6502,0.5147,5.5699%,5.7613%,6.5350%,-0.081122,SDPI,14636.0,2019-02-22,252.0,2.5641%,0.0017,1.4455,0.742,0.526,5.5560%,5.7488%,6.5970%,0.020097,SDPI,14636.0,2019-02-25,252.0,-3.1250%,0.0017,1.4425,0.755,0.5217,5.5571%,5.7498%,6.5897%,-0.030642,SDPI,14636.0,2019-02-26,252.0,1.9355%,0.0018,1.4367,0.7239,0.5016,5.5596%,5.7496%,6.4998%,0.028116,SDPI,14636.0,2019-02-27,252.0,1.2658%,0.0017,1.4251,0.7469,0.4997,5.5573%,5.7449%,6.4221%,0.010492,SDPI,14636.0,2019-02-28,252.0,0.0000%,0.0017,1.4372,0.7553,0.5076,5.5553%,5.7448%,6.4873%,0.0054179999999999,SDPI,14636.0,2019-03-01,252.0,1.8750%,0.0017,1.4384,0.7571,0.5063,5.5555%,5.7442%,6.4638%,0.008152,SDPI,14636.0,2019-03-04,252.0,-2.4540%,0.0015,1.4536,0.7226,0.4988,5.5538%,5.7455%,6.5629%,-0.016097,SDPI,14636.0,2019-03-05,252.0,1.2579%,0.0016,1.4504,0.709,0.4903,5.5548%,5.7449%,6.5071%,0.018397,SDPI,14636.0,2019-03-06,252.0,-7.4534%,0.0016,1.5085,0.7923,0.5672,5.5497%,5.7555%,7.0231%,-0.053703,SDPI,-0.044718,-0.024621,-0.055263,-0.016655,-0.054488
8899,SEABOARD CORP,"Seaboard Q4 EPS $(77.58) vs $19.38 In Same Qtr. Last Year, Sales $1.662B Up From $1.586B YoY",6,decrease,0.8,0.7,"the significant drop in eps from $19.38 to $(77.58) indicates poor profitability, which is likely to negatively impact investor sentiment and lead to a decrease in stock price despite an increase in sales.",0,2019-02-20,SEB,2019-02-20 22:12:00+00:00,36281.0,81154310,0.0022218849044293,283.0,0.0189806520938873,0.0025528841651976,0.0102941710501909,0.0025248825550079,0.0024936061818152,-0.007316499017179,-0.0139677273109555,0.0207824036478996,0.0100905559957027,-0.0018295352347195,-0.0012141368351876,0.0194746311753988,0.0007668096804991,-0.0249199867248535,-0.0192307699471712,0.0271045956760644,0.0083660129457712,-0.0132003864273428,-0.0005237281438894,-0.0321519523859024,-0.0001582014083396,-0.0116856433451175,0.0110601428896188,0.0009885870385915,-0.0017988220788538,0.024329412728548,0.0048611722886562,0.0007374198175966,0.0068536004982888,-0.0261669885367155,0.0036334285978227,0.0434002131223678,0.0526584237813949,-0.0532782897353172,-0.0063156122341752,0.0221133194863796,-0.022394984960556,0.0352854877710342,0.0150524983182549,-0.0185674149543047,0.0059756096452474,-0.0030964254401624,-0.0018063269089907,0.040409680455923,0.0213575698435306,-0.0056931134313344,0.0249751526862382,0.0234261136502027,-0.0060139028355479,-0.0088522126898169,-0.0195257551968097,-0.0117808217182755,0.0200622361153364,-0.0052571585401892,0.0274160895496606,-0.0030701730865985,0.0075439978390932,-0.0025501116178929,-0.0359653569757938,0.0159747637808322,0.0272693913429975,-0.0045251622796058,-0.001516270218417,0.0420178025960922,-0.0060672773979604,-0.0103560741990804,-0.0050008841790258,-0.0058865374885499,-0.0086226742714643,0.0113554876297712,0.0311535503715276,0.0054285712540149,-0.0081733521074056,-0.0171327833086252,0.0027469019405543,0.0024971193633973,0.0147875435650348,-0.0471727773547172,0.0341899432241916,0.0192587245255708,0.0047536734491586,0.00207124883309,-0.010750588029623,-0.0252578593790531,0.0215195696800947,-0.0139432605355978,-0.0070206923410296,0.0118543868884444,-0.0040248064324259,-0.0123474784195423,-0.0048179533332586,0.0259071160107851,-0.0161821488291025,0.0147945201024413,-0.0119604226201772,-0.0329921953380107,0.0026181314606219,-0.0067000072449445,-0.0315817706286907,0.0079682860523462,0.0046185925602912,-0.0315905958414077,-3.429535354371183e-05,0.0459242165088653,-0.0187319200485944,-0.0102590760216116,-0.01529445592314,0.0055161505006253,-0.0073282634839415,0.043218832463026,0.0169467907398939,-0.0328166671097278,-0.0148163372650742,0.0324930101633071,-0.0011064891004934,0.0065157148055732,0.0474613569676876,0.0004936913610436,0.0057730535045266,-0.0110957007855176,0.0189806520938873,0.0025528841651976,0.0294702132233768,0.0050842124528991,0.0320373065110652,-0.0022694851996946,0.0278904635290606,0.0166024341100774,0.0155694702568487,-0.0086690976720549,0.1264475467155812,0.0434115644912262,0.1682355416937839,0.051220502584115,2019-02-21,2019-02-22,2019-02-25,2019-02-26,2019-02-27,2019-02-28,2019-03-01,2019-03-04,2019-03-05,2019-03-06,36281.0,2019-02-20,252.0,0.2222%,-0.0002,0.2767,0.2099,0.4029,1.5690%,1.5964%,3.4085%,-0.001212,SEB,36281.0,2019-02-21,252.0,1.8981%,-0.0001,0.271,0.203,0.3923,1.5745%,1.6006%,3.2266%,0.020978,SEB,36281.0,2019-02-22,252.0,1.0294%,-0.0001,0.269,0.2081,0.3731,1.5766%,1.6019%,3.1291%,0.013083,SEB,36281.0,2019-02-25,252.0,0.2494%,0.0,0.2671,0.2045,0.364,1.5733%,1.5980%,3.0688%,0.0032029999999999,SEB,36281.0,2019-02-26,252.0,-1.3968%,-0.0,0.2703,0.2169,0.3727,1.5748%,1.6004%,3.1736%,-0.01113,SEB,36281.0,2019-02-27,252.0,1.0091%,-0.0,0.2653,0.2288,0.3719,1.5742%,1.5994%,3.1196%,0.0097819999999999,SEB,36281.0,2019-02-28,252.0,-0.1214%,-0.0001,0.2695,0.2317,0.3749,1.5734%,1.5991%,3.1919%,0.000392,SEB,36281.0,2019-03-01,252.0,0.0767%,-0.0,0.262,0.2205,0.3634,1.5715%,1.5954%,2.9797%,-0.0004359999999999,SEB,36281.0,2019-03-04,252.0,-1.9231%,-0.0001,0.2657,0.2248,0.3587,1.5757%,1.6000%,3.0157%,-0.018494,SEB,36281.0,2019-03-05,252.0,0.8366%,-0.0,0.2669,0.2404,0.3557,1.5750%,1.5997%,3.0626%,0.0102849999999999,SEB,36281.0,2019-03-06,252.0,-0.0524%,0.0,0.2704,0.2265,0.3578,1.5739%,1.5990%,3.1126%,0.004515,SEB,0.019766,0.032849,0.036052,0.034704,0.030966
8907,SANGAMO THERAPEUTICS INC,Sangamo Announces FDA Acceptance Of IND Application For ST-920 Gene Therapy Candidate For Fabry Disease,6,increase,0.8,0.7,the fda's acceptance of an ind application is a positive development that typically boosts investor confidence and can lead to an increase in stock price.,2,2019-02-20,SGMO,2019-02-20 12:35:00+00:00,88195.0,80067710,-0.0298165399581193,2492503.0,0.0094562554731965,-0.0079635605216026,0.0339578427374362,-0.0233333371579647,0.022650035098195,0.0227272510528564,0.0155039140954613,-0.0167597346007823,0.016357647255063,0.0757211670279502,-0.0332617461681366,0.0777201950550079,0.1154272928833961,-0.0709988698363304,0.0039800954982638,-0.308652251958847,-0.0009911028901115,0.0160609073936939,-0.0426587611436843,-0.0382114015519619,-0.0155440028756856,-0.0144230257719755,0.0210526119917631,0.0675791278481483,0.0402062200009822,0.0086280778050422,-0.0158572699874639,0.0432043671607971,0.0171198453754186,0.0072529399767518,-0.0366337448358535,-0.0425347834825515,0.0010277727851644,0.0378378443419933,0.0061602075584232,0.0036166328936815,-0.006122491788119,-0.0009032769012264,-0.0215605795383453,-0.0473322011530399,0.028331633657217,0.0292294006794691,-0.0928571224212646,-0.007036053109914,0.0348705798387527,0.0035304469056427,0.0217391103506088,0.0299999937415123,-0.032978668808937,-0.0333919264376163,0.0253024790436029,0.0354868397116661,0.023605179041624,0.0,-0.0010482419747859,-0.1420765519142151,0.2896117866039276,0.005494556389749,0.0602115355432033,0.0678960159420967,-0.0683038681745529,0.0806159749627113,0.0362437851727008,-0.0628183186054229,0.0023847164120525,0.026132421568036,-0.0174464173614978,0.0570902302861213,0.007263857871294,0.0254957042634487,-0.0208332762122154,-0.0157992634922266,-0.0049100178293883,0.0770771279931068,-0.0016446961089968,0.0090909246355295,-0.0123558947816491,-0.0453230738639831,-0.0241868197917938,-0.009551134891808,0.0,-0.054200492799282,0.0059829615056514,-0.029798436909914,0.0195411667227745,-0.0060975346714258,-0.0099999904632568,-0.0077787516638636,-0.0025252299383282,-0.0562806315720081,0.0202531442046165,0.0442930534482002,-0.0008271487895399,0.0051369406282901,-0.0322847962379455,0.0327144004404544,-0.0265183467417955,-0.0519698113203048,-0.0026361802592873,0.0127334957942366,0.0193831995129585,-0.0789679586887359,0.0311150066554546,0.0339531190693378,-0.0511316508054733,0.0377516597509384,-0.0008833282045088,-0.0008382421219721,-0.1476569473743439,0.0464912913739681,0.0487551130354404,-0.0112749449908733,-0.0316518023610115,0.0406136997044086,0.0183861386030912,-0.0035971188917756,0.0300902891904115,0.0540284067392349,0.0116845062002539,-0.0176908373832702,0.0094562554731965,-0.0079635605216026,0.0437352122468766,-0.0311110812369389,0.0673758514374904,-0.0090908995378802,0.1016548071951215,0.0480769907249734,0.1406618869342435,-0.2910569173528674,0.5401890857940499,-0.2690695839407244,0.2281324116712348,-0.1880819103905255,2019-02-21,2019-02-22,2019-02-25,2019-02-26,2019-02-27,2019-02-28,2019-03-01,2019-03-04,2019-03-05,2019-03-06,88195.0,2019-02-20,252.0,-2.9817%,-0.0037,1.7956,2.5194,-1.0365,4.3826%,5.1710%,28.1692%,-0.033423,SGMO,88195.0,2019-02-21,252.0,0.9456%,-0.0035,1.7826,2.4971,-1.0605,4.3816%,5.1645%,28.0223%,0.01538,SGMO,88195.0,2019-02-22,252.0,3.3958%,-0.0035,1.7827,2.5077,-1.0499,4.3813%,5.1696%,28.1721%,-0.007053,SGMO,88195.0,2019-02-25,252.0,2.2650%,-0.0039,1.7992,2.5103,-0.9875,4.2921%,5.0885%,28.8522%,0.024506,SGMO,88195.0,2019-02-26,252.0,1.5504%,-0.0036,1.8123,2.449,-1.0087,4.2924%,5.0889%,28.8556%,0.03109,SGMO,88195.0,2019-02-27,252.0,1.6358%,-0.0036,1.8148,2.4482,-1.0083,4.2930%,5.0903%,28.8742%,0.008763,SGMO,88195.0,2019-02-28,252.0,-3.3262%,-0.0036,1.8047,2.4404,-1.0092,4.2925%,5.0810%,28.6299%,-0.030746,SGMO,88195.0,2019-03-01,252.0,11.5427%,-0.0034,1.8566,2.5177,-0.9729,4.3211%,5.1328%,29.1290%,0.0912289999999999,SGMO,88195.0,2019-03-04,252.0,0.3980%,-0.0032,1.844,2.5317,-0.9633,4.3237%,5.1319%,29.0147%,0.027409,SGMO,88195.0,2019-03-05,252.0,-0.0991%,-0.0031,1.845,2.5464,-0.9666,4.3236%,5.1274%,28.8963%,0.00759,SGMO,88195.0,2019-03-06,252.0,-4.2659%,-0.0031,1.8439,2.5273,-0.9704,4.3238%,5.1338%,29.0650%,0.005221,SGMO,-0.018043,-0.025096,-0.00059,0.0392629999999999,0.1399659999999999
8915,SMUCKER J M CO,From CAGNY Conference: JM Smucker Sees Top Line Growth Of 1%-2% Next Year,6,uncertain,0.6,0.2,"while a projected top line growth of 1%-2% indicates some positive outlook, it may not be strong enough to significantly influence investor sentiment or stock price.",1,2019-02-20,SJM,2019-02-20 16:18:00+00:00,42585.0,83269640,0.028170371428132,1952331.0,-0.0015897306147962,0.0060940692201256,-0.0501076951622963,0.018120901659131,-0.0035496018826961,-0.0129181761294603,0.0497724004089832,-0.0060367691330611,0.0139504512771964,0.0098703727126121,-0.0154317747801542,-0.0026059672236442,-0.004626621492207,-0.0021188599057495,-0.0273192692548036,-0.0135854100808501,-0.0044860453344881,-0.0010439461329951,0.0130290146917104,0.0040975823067128,-0.0075428523123264,0.010690557770431,-0.0013641176046803,-0.0100113982334733,0.0062445057556033,0.0135291246697306,-0.0031997887417674,0.0022276353556662,0.0044746990315616,0.0036939559504389,0.005713696591556,0.014097006060183,0.0166586749255657,-0.003242549020797,0.0136388977989554,-0.0232268515974283,-0.0010277796536684,-0.0076197297312319,0.0014965487644076,0.0019085499225184,0.0422153435647487,0.0058552562259137,0.0242853909730911,0.0092027215287089,0.0142606934532523,0.0005816147313453,-0.0018977074651047,0.0052616284228861,-0.0070002381689846,0.0043056542053818,0.0100087160244584,0.006996443029493,0.0038776125293225,0.0180578157305717,-0.0066094133071601,0.0,0.0027650538831949,0.025831039994955,-0.0061181103810667,0.0134543282911181,0.0030345597770065,0.0136378156021237,0.0073472075164318,0.0075628366321325,0.012356293387711,0.00417156284675,0.0127140190452337,-0.0044724289327859,-0.0034315672237426,-0.0050852391868829,0.0032753790728747,-0.0041147856973111,-0.0093755461275577,0.0173893850296735,0.0070982254110276,-0.0305930785834789,-0.0020976674277335,0.007126391865313,0.0027747568674385,-0.0152735123410821,0.0120744155719876,-0.0045201852917671,0.0043082376942038,-0.0167677141726017,0.0041247317567467,-0.028554642572999,0.0052579641342163,-0.0179241877049207,-0.0093167647719383,0.0205546449869871,0.0129516553133726,0.0079302443191409,-0.005945136770606,0.0173456389456987,0.0046698320657014,0.0100846029818058,-0.000897012243513,-0.0263810735195875,0.0033464224543422,-0.0137910414487123,0.0049621784128248,-0.0098780188709497,0.0130322212353348,-0.0119605781510472,-0.0004794661363121,0.0103441579267382,-0.0037572435103356,0.0213270504027605,0.0107526583597064,-0.0723575875163078,0.007462705951184,0.0015594731085002,-0.001103226095438,-0.0153554053977131,0.0001577519869897,0.0065460610203444,0.0056791389361023,-0.0203954484313726,-0.0071372715756297,0.0038444371894001,-0.0015897306147962,0.0060940692201256,-0.0516177680400562,0.0243254009082984,-0.0549841473961368,0.011092984965485,0.0058911269649204,0.0149088685132856,-0.0330091533131133,-0.0005653104459096,0.0785486603023839,0.093874446258436,0.1837478498917153,-0.0623095185520988,2019-02-21,2019-02-22,2019-02-25,2019-02-26,2019-02-27,2019-02-28,2019-03-01,2019-03-04,2019-03-05,2019-03-06,42585.0,2019-02-20,252.0,2.8170%,-0.0004,0.2519,-0.3682,0.0188,1.5309%,1.5638%,4.1659%,0.028443,SJM,42585.0,2019-02-21,252.0,-0.1590%,-0.0004,0.2505,-0.371,0.0163,1.5306%,1.5636%,4.1658%,-0.000972,SJM,42585.0,2019-02-22,252.0,-5.0108%,-0.0005,0.2566,-0.3544,0.1041,1.5557%,1.5874%,3.9608%,-0.0495549999999999,SJM,42585.0,2019-02-25,252.0,-0.3550%,-0.0006,0.2587,-0.3502,0.1141,1.5518%,1.5838%,3.9959%,-0.004769,SJM,42585.0,2019-02-26,252.0,4.9772%,-0.0004,0.2431,-0.4029,0.0757,1.5806%,1.6126%,3.9304%,0.048221,SJM,42585.0,2019-02-27,252.0,1.3950%,-0.0004,0.2365,-0.3869,0.0746,1.5804%,1.6101%,3.6585%,0.014488,SJM,42585.0,2019-02-28,252.0,-1.5432%,-0.0005,0.2392,-0.3856,0.0799,1.5829%,1.6128%,3.6783%,-0.014535,SJM,42585.0,2019-03-01,252.0,-0.4627%,-0.0005,0.2376,-0.3879,0.0795,1.5831%,1.6130%,3.6672%,-0.005001,SJM,42585.0,2019-03-04,252.0,-2.7319%,-0.0006,0.2466,-0.3928,0.0716,1.5908%,1.6215%,3.7537%,-0.028035,SJM,42585.0,2019-03-05,252.0,-0.4486%,-0.0007,0.2437,-0.4183,0.0712,1.5877%,1.6196%,3.9016%,-0.005203,SJM,42585.0,2019-03-06,252.0,1.3029%,-0.0007,0.2348,-0.4358,0.0588,1.5881%,1.6199%,3.8823%,0.009687,SJM,0.027471,-0.0220839999999999,-0.0268529999999999,0.035856,-0.0072309999999999
8923,SMUCKER J M CO,"From CAGNY Conference: JM Smucker Says Expects 5% Of Net Sales From E-Commerce In FY20, Sees Long-Term EPS Growth 8%",6,increase,0.7,0.6,"the expectation of 5% of net sales from e-commerce and a long-term eps growth of 8% suggests positive growth prospects, which could attract investors and potentially increase the stock price.",2,2019-02-20,SJM,2019-02-20 15:49:00+00:00,42585.0,83269640,0.028170371428132,1952331.0,-0.0015897306147962,0.0060940692201256,-0.0501076951622963,0.018120901659131,-0.0035496018826961,-0.0129181761294603,0.0497724004089832,-0.0060367691330611,0.0139504512771964,0.0098703727126121,-0.0154317747801542,-0.0026059672236442,-0.004626621492207,-0.0021188599057495,-0.0273192692548036,-0.0135854100808501,-0.0044860453344881,-0.0010439461329951,0.0130290146917104,0.0040975823067128,-0.0075428523123264,0.010690557770431,-0.0013641176046803,-0.0100113982334733,0.0062445057556033,0.0135291246697306,-0.0031997887417674,0.0022276353556662,0.0044746990315616,0.0036939559504389,0.005713696591556,0.014097006060183,0.0166586749255657,-0.003242549020797,0.0136388977989554,-0.0232268515974283,-0.0010277796536684,-0.0076197297312319,0.0014965487644076,0.0019085499225184,0.0422153435647487,0.0058552562259137,0.0242853909730911,0.0092027215287089,0.0142606934532523,0.0005816147313453,-0.0018977074651047,0.0052616284228861,-0.0070002381689846,0.0043056542053818,0.0100087160244584,0.006996443029493,0.0038776125293225,0.0180578157305717,-0.0066094133071601,0.0,0.0027650538831949,0.025831039994955,-0.0061181103810667,0.0134543282911181,0.0030345597770065,0.0136378156021237,0.0073472075164318,0.0075628366321325,0.012356293387711,0.00417156284675,0.0127140190452337,-0.0044724289327859,-0.0034315672237426,-0.0050852391868829,0.0032753790728747,-0.0041147856973111,-0.0093755461275577,0.0173893850296735,0.0070982254110276,-0.0305930785834789,-0.0020976674277335,0.007126391865313,0.0027747568674385,-0.0152735123410821,0.0120744155719876,-0.0045201852917671,0.0043082376942038,-0.0167677141726017,0.0041247317567467,-0.028554642572999,0.0052579641342163,-0.0179241877049207,-0.0093167647719383,0.0205546449869871,0.0129516553133726,0.0079302443191409,-0.005945136770606,0.0173456389456987,0.0046698320657014,0.0100846029818058,-0.000897012243513,-0.0263810735195875,0.0033464224543422,-0.0137910414487123,0.0049621784128248,-0.0098780188709497,0.0130322212353348,-0.0119605781510472,-0.0004794661363121,0.0103441579267382,-0.0037572435103356,0.0213270504027605,0.0107526583597064,-0.0723575875163078,0.007462705951184,0.0015594731085002,-0.001103226095438,-0.0153554053977131,0.0001577519869897,0.0065460610203444,0.0056791389361023,-0.0203954484313726,-0.0071372715756297,0.0038444371894001,-0.0015897306147962,0.0060940692201256,-0.0516177680400562,0.0243254009082984,-0.0549841473961368,0.011092984965485,0.0058911269649204,0.0149088685132856,-0.0330091533131133,-0.0005653104459096,0.0785486603023839,0.093874446258436,0.1837478498917153,-0.0623095185520988,2019-02-21,2019-02-22,2019-02-25,2019-02-26,2019-02-27,2019-02-28,2019-03-01,2019-03-04,2019-03-05,2019-03-06,42585.0,2019-02-20,252.0,2.8170%,-0.0004,0.2519,-0.3682,0.0188,1.5309%,1.5638%,4.1659%,0.028443,SJM,42585.0,2019-02-21,252.0,-0.1590%,-0.0004,0.2505,-0.371,0.0163,1.5306%,1.5636%,4.1658%,-0.000972,SJM,42585.0,2019-02-22,252.0,-5.0108%,-0.0005,0.2566,-0.3544,0.1041,1.5557%,1.5874%,3.9608%,-0.0495549999999999,SJM,42585.0,2019-02-25,252.0,-0.3550%,-0.0006,0.2587,-0.3502,0.1141,1.5518%,1.5838%,3.9959%,-0.004769,SJM,42585.0,2019-02-26,252.0,4.9772%,-0.0004,0.2431,-0.4029,0.0757,1.5806%,1.6126%,3.9304%,0.048221,SJM,42585.0,2019-02-27,252.0,1.3950%,-0.0004,0.2365,-0.3869,0.0746,1.5804%,1.6101%,3.6585%,0.014488,SJM,42585.0,2019-02-28,252.0,-1.5432%,-0.0005,0.2392,-0.3856,0.0799,1.5829%,1.6128%,3.6783%,-0.014535,SJM,42585.0,2019-03-01,252.0,-0.4627%,-0.0005,0.2376,-0.3879,0.0795,1.5831%,1.6130%,3.6672%,-0.005001,SJM,42585.0,2019-03-04,252.0,-2.7319%,-0.0006,0.2466,-0.3928,0.0716,1.5908%,1.6215%,3.7537%,-0.028035,SJM,42585.0,2019-03-05,252.0,-0.4486%,-0.0007,0.2437,-0.4183,0.0712,1.5877%,1.6196%,3.9016%,-0.005203,SJM,42585.0,2019-03-06,252.0,1.3029%,-0.0007,0.2348,-0.4358,0.0588,1.5881%,1.6199%,3.8823%,0.009687,SJM,0.027471,-0.0220839999999999,-0.0268529999999999,0.035856,-0.0072309999999999
8931,SMUCKER J M CO,From CAGNY Conference: JM Smucker Expects Pet Price Increase And Innovation To Positively Impact FY20 Outlook,6,increase,0.75,0.6,"the expectation of a price increase and innovation in the pet segment suggests potential for higher revenue, which is likely to positively influence investor sentiment and stock price.",2,2019-02-20,SJM,2019-02-20 15:46:00+00:00,42585.0,83269640,0.028170371428132,1952331.0,-0.0015897306147962,0.0060940692201256,-0.0501076951622963,0.018120901659131,-0.0035496018826961,-0.0129181761294603,0.0497724004089832,-0.0060367691330611,0.0139504512771964,0.0098703727126121,-0.0154317747801542,-0.0026059672236442,-0.004626621492207,-0.0021188599057495,-0.0273192692548036,-0.0135854100808501,-0.0044860453344881,-0.0010439461329951,0.0130290146917104,0.0040975823067128,-0.0075428523123264,0.010690557770431,-0.0013641176046803,-0.0100113982334733,0.0062445057556033,0.0135291246697306,-0.0031997887417674,0.0022276353556662,0.0044746990315616,0.0036939559504389,0.005713696591556,0.014097006060183,0.0166586749255657,-0.003242549020797,0.0136388977989554,-0.0232268515974283,-0.0010277796536684,-0.0076197297312319,0.0014965487644076,0.0019085499225184,0.0422153435647487,0.0058552562259137,0.0242853909730911,0.0092027215287089,0.0142606934532523,0.0005816147313453,-0.0018977074651047,0.0052616284228861,-0.0070002381689846,0.0043056542053818,0.0100087160244584,0.006996443029493,0.0038776125293225,0.0180578157305717,-0.0066094133071601,0.0,0.0027650538831949,0.025831039994955,-0.0061181103810667,0.0134543282911181,0.0030345597770065,0.0136378156021237,0.0073472075164318,0.0075628366321325,0.012356293387711,0.00417156284675,0.0127140190452337,-0.0044724289327859,-0.0034315672237426,-0.0050852391868829,0.0032753790728747,-0.0041147856973111,-0.0093755461275577,0.0173893850296735,0.0070982254110276,-0.0305930785834789,-0.0020976674277335,0.007126391865313,0.0027747568674385,-0.0152735123410821,0.0120744155719876,-0.0045201852917671,0.0043082376942038,-0.0167677141726017,0.0041247317567467,-0.028554642572999,0.0052579641342163,-0.0179241877049207,-0.0093167647719383,0.0205546449869871,0.0129516553133726,0.0079302443191409,-0.005945136770606,0.0173456389456987,0.0046698320657014,0.0100846029818058,-0.000897012243513,-0.0263810735195875,0.0033464224543422,-0.0137910414487123,0.0049621784128248,-0.0098780188709497,0.0130322212353348,-0.0119605781510472,-0.0004794661363121,0.0103441579267382,-0.0037572435103356,0.0213270504027605,0.0107526583597064,-0.0723575875163078,0.007462705951184,0.0015594731085002,-0.001103226095438,-0.0153554053977131,0.0001577519869897,0.0065460610203444,0.0056791389361023,-0.0203954484313726,-0.0071372715756297,0.0038444371894001,-0.0015897306147962,0.0060940692201256,-0.0516177680400562,0.0243254009082984,-0.0549841473961368,0.011092984965485,0.0058911269649204,0.0149088685132856,-0.0330091533131133,-0.0005653104459096,0.0785486603023839,0.093874446258436,0.1837478498917153,-0.0623095185520988,2019-02-21,2019-02-22,2019-02-25,2019-02-26,2019-02-27,2019-02-28,2019-03-01,2019-03-04,2019-03-05,2019-03-06,42585.0,2019-02-20,252.0,2.8170%,-0.0004,0.2519,-0.3682,0.0188,1.5309%,1.5638%,4.1659%,0.028443,SJM,42585.0,2019-02-21,252.0,-0.1590%,-0.0004,0.2505,-0.371,0.0163,1.5306%,1.5636%,4.1658%,-0.000972,SJM,42585.0,2019-02-22,252.0,-5.0108%,-0.0005,0.2566,-0.3544,0.1041,1.5557%,1.5874%,3.9608%,-0.0495549999999999,SJM,42585.0,2019-02-25,252.0,-0.3550%,-0.0006,0.2587,-0.3502,0.1141,1.5518%,1.5838%,3.9959%,-0.004769,SJM,42585.0,2019-02-26,252.0,4.9772%,-0.0004,0.2431,-0.4029,0.0757,1.5806%,1.6126%,3.9304%,0.048221,SJM,42585.0,2019-02-27,252.0,1.3950%,-0.0004,0.2365,-0.3869,0.0746,1.5804%,1.6101%,3.6585%,0.014488,SJM,42585.0,2019-02-28,252.0,-1.5432%,-0.0005,0.2392,-0.3856,0.0799,1.5829%,1.6128%,3.6783%,-0.014535,SJM,42585.0,2019-03-01,252.0,-0.4627%,-0.0005,0.2376,-0.3879,0.0795,1.5831%,1.6130%,3.6672%,-0.005001,SJM,42585.0,2019-03-04,252.0,-2.7319%,-0.0006,0.2466,-0.3928,0.0716,1.5908%,1.6215%,3.7537%,-0.028035,SJM,42585.0,2019-03-05,252.0,-0.4486%,-0.0007,0.2437,-0.4183,0.0712,1.5877%,1.6196%,3.9016%,-0.005203,SJM,42585.0,2019-03-06,252.0,1.3029%,-0.0007,0.2348,-0.4358,0.0588,1.5881%,1.6199%,3.8823%,0.009687,SJM,0.027471,-0.0220839999999999,-0.0268529999999999,0.035856,-0.0072309999999999
8939,SMUCKER J M CO,From CAGNY Conference: JM Smucker Sees FY20 Adj. EPS Growth 3%-4%; Expects Peanut Butter Price Decline And Divestiture Of US Baking Business To Negatively Impact FY20 Outlook,6,decrease,0.75,0.6,"the expected decline in peanut butter prices and the divestiture of the us baking business suggest negative impacts on revenue, which could lead to a decrease in stock price.",0,2019-02-20,SJM,2019-02-20 15:45:00+00:00,42585.0,83269640,0.028170371428132,1952331.0,-0.0015897306147962,0.0060940692201256,-0.0501076951622963,0.018120901659131,-0.0035496018826961,-0.0129181761294603,0.0497724004089832,-0.0060367691330611,0.0139504512771964,0.0098703727126121,-0.0154317747801542,-0.0026059672236442,-0.004626621492207,-0.0021188599057495,-0.0273192692548036,-0.0135854100808501,-0.0044860453344881,-0.0010439461329951,0.0130290146917104,0.0040975823067128,-0.0075428523123264,0.010690557770431,-0.0013641176046803,-0.0100113982334733,0.0062445057556033,0.0135291246697306,-0.0031997887417674,0.0022276353556662,0.0044746990315616,0.0036939559504389,0.005713696591556,0.014097006060183,0.0166586749255657,-0.003242549020797,0.0136388977989554,-0.0232268515974283,-0.0010277796536684,-0.0076197297312319,0.0014965487644076,0.0019085499225184,0.0422153435647487,0.0058552562259137,0.0242853909730911,0.0092027215287089,0.0142606934532523,0.0005816147313453,-0.0018977074651047,0.0052616284228861,-0.0070002381689846,0.0043056542053818,0.0100087160244584,0.006996443029493,0.0038776125293225,0.0180578157305717,-0.0066094133071601,0.0,0.0027650538831949,0.025831039994955,-0.0061181103810667,0.0134543282911181,0.0030345597770065,0.0136378156021237,0.0073472075164318,0.0075628366321325,0.012356293387711,0.00417156284675,0.0127140190452337,-0.0044724289327859,-0.0034315672237426,-0.0050852391868829,0.0032753790728747,-0.0041147856973111,-0.0093755461275577,0.0173893850296735,0.0070982254110276,-0.0305930785834789,-0.0020976674277335,0.007126391865313,0.0027747568674385,-0.0152735123410821,0.0120744155719876,-0.0045201852917671,0.0043082376942038,-0.0167677141726017,0.0041247317567467,-0.028554642572999,0.0052579641342163,-0.0179241877049207,-0.0093167647719383,0.0205546449869871,0.0129516553133726,0.0079302443191409,-0.005945136770606,0.0173456389456987,0.0046698320657014,0.0100846029818058,-0.000897012243513,-0.0263810735195875,0.0033464224543422,-0.0137910414487123,0.0049621784128248,-0.0098780188709497,0.0130322212353348,-0.0119605781510472,-0.0004794661363121,0.0103441579267382,-0.0037572435103356,0.0213270504027605,0.0107526583597064,-0.0723575875163078,0.007462705951184,0.0015594731085002,-0.001103226095438,-0.0153554053977131,0.0001577519869897,0.0065460610203444,0.0056791389361023,-0.0203954484313726,-0.0071372715756297,0.0038444371894001,-0.0015897306147962,0.0060940692201256,-0.0516177680400562,0.0243254009082984,-0.0549841473961368,0.011092984965485,0.0058911269649204,0.0149088685132856,-0.0330091533131133,-0.0005653104459096,0.0785486603023839,0.093874446258436,0.1837478498917153,-0.0623095185520988,2019-02-21,2019-02-22,2019-02-25,2019-02-26,2019-02-27,2019-02-28,2019-03-01,2019-03-04,2019-03-05,2019-03-06,42585.0,2019-02-20,252.0,2.8170%,-0.0004,0.2519,-0.3682,0.0188,1.5309%,1.5638%,4.1659%,0.028443,SJM,42585.0,2019-02-21,252.0,-0.1590%,-0.0004,0.2505,-0.371,0.0163,1.5306%,1.5636%,4.1658%,-0.000972,SJM,42585.0,2019-02-22,252.0,-5.0108%,-0.0005,0.2566,-0.3544,0.1041,1.5557%,1.5874%,3.9608%,-0.0495549999999999,SJM,42585.0,2019-02-25,252.0,-0.3550%,-0.0006,0.2587,-0.3502,0.1141,1.5518%,1.5838%,3.9959%,-0.004769,SJM,42585.0,2019-02-26,252.0,4.9772%,-0.0004,0.2431,-0.4029,0.0757,1.5806%,1.6126%,3.9304%,0.048221,SJM,42585.0,2019-02-27,252.0,1.3950%,-0.0004,0.2365,-0.3869,0.0746,1.5804%,1.6101%,3.6585%,0.014488,SJM,42585.0,2019-02-28,252.0,-1.5432%,-0.0005,0.2392,-0.3856,0.0799,1.5829%,1.6128%,3.6783%,-0.014535,SJM,42585.0,2019-03-01,252.0,-0.4627%,-0.0005,0.2376,-0.3879,0.0795,1.5831%,1.6130%,3.6672%,-0.005001,SJM,42585.0,2019-03-04,252.0,-2.7319%,-0.0006,0.2466,-0.3928,0.0716,1.5908%,1.6215%,3.7537%,-0.028035,SJM,42585.0,2019-03-05,252.0,-0.4486%,-0.0007,0.2437,-0.4183,0.0712,1.5877%,1.6196%,3.9016%,-0.005203,SJM,42585.0,2019-03-06,252.0,1.3029%,-0.0007,0.2348,-0.4358,0.0588,1.5881%,1.6199%,3.8823%,0.009687,SJM,0.027471,-0.0220839999999999,-0.0268529999999999,0.035856,-0.0072309999999999
8947,SMUCKER J M CO,From CAGNY Conference: JM Smucker Says Divested Business To Have Impact Of $0.25 Per Share In FY20,6,decrease,0.7,0.5,"the announcement of a divested business impacting earnings negatively by $0.25 per share suggests a potential decrease in profitability, which could lead to a decline in stock price.",0,2019-02-20,SJM,2019-02-20 15:40:00+00:00,42585.0,83269640,0.028170371428132,1952331.0,-0.0015897306147962,0.0060940692201256,-0.0501076951622963,0.018120901659131,-0.0035496018826961,-0.0129181761294603,0.0497724004089832,-0.0060367691330611,0.0139504512771964,0.0098703727126121,-0.0154317747801542,-0.0026059672236442,-0.004626621492207,-0.0021188599057495,-0.0273192692548036,-0.0135854100808501,-0.0044860453344881,-0.0010439461329951,0.0130290146917104,0.0040975823067128,-0.0075428523123264,0.010690557770431,-0.0013641176046803,-0.0100113982334733,0.0062445057556033,0.0135291246697306,-0.0031997887417674,0.0022276353556662,0.0044746990315616,0.0036939559504389,0.005713696591556,0.014097006060183,0.0166586749255657,-0.003242549020797,0.0136388977989554,-0.0232268515974283,-0.0010277796536684,-0.0076197297312319,0.0014965487644076,0.0019085499225184,0.0422153435647487,0.0058552562259137,0.0242853909730911,0.0092027215287089,0.0142606934532523,0.0005816147313453,-0.0018977074651047,0.0052616284228861,-0.0070002381689846,0.0043056542053818,0.0100087160244584,0.006996443029493,0.0038776125293225,0.0180578157305717,-0.0066094133071601,0.0,0.0027650538831949,0.025831039994955,-0.0061181103810667,0.0134543282911181,0.0030345597770065,0.0136378156021237,0.0073472075164318,0.0075628366321325,0.012356293387711,0.00417156284675,0.0127140190452337,-0.0044724289327859,-0.0034315672237426,-0.0050852391868829,0.0032753790728747,-0.0041147856973111,-0.0093755461275577,0.0173893850296735,0.0070982254110276,-0.0305930785834789,-0.0020976674277335,0.007126391865313,0.0027747568674385,-0.0152735123410821,0.0120744155719876,-0.0045201852917671,0.0043082376942038,-0.0167677141726017,0.0041247317567467,-0.028554642572999,0.0052579641342163,-0.0179241877049207,-0.0093167647719383,0.0205546449869871,0.0129516553133726,0.0079302443191409,-0.005945136770606,0.0173456389456987,0.0046698320657014,0.0100846029818058,-0.000897012243513,-0.0263810735195875,0.0033464224543422,-0.0137910414487123,0.0049621784128248,-0.0098780188709497,0.0130322212353348,-0.0119605781510472,-0.0004794661363121,0.0103441579267382,-0.0037572435103356,0.0213270504027605,0.0107526583597064,-0.0723575875163078,0.007462705951184,0.0015594731085002,-0.001103226095438,-0.0153554053977131,0.0001577519869897,0.0065460610203444,0.0056791389361023,-0.0203954484313726,-0.0071372715756297,0.0038444371894001,-0.0015897306147962,0.0060940692201256,-0.0516177680400562,0.0243254009082984,-0.0549841473961368,0.011092984965485,0.0058911269649204,0.0149088685132856,-0.0330091533131133,-0.0005653104459096,0.0785486603023839,0.093874446258436,0.1837478498917153,-0.0623095185520988,2019-02-21,2019-02-22,2019-02-25,2019-02-26,2019-02-27,2019-02-28,2019-03-01,2019-03-04,2019-03-05,2019-03-06,42585.0,2019-02-20,252.0,2.8170%,-0.0004,0.2519,-0.3682,0.0188,1.5309%,1.5638%,4.1659%,0.028443,SJM,42585.0,2019-02-21,252.0,-0.1590%,-0.0004,0.2505,-0.371,0.0163,1.5306%,1.5636%,4.1658%,-0.000972,SJM,42585.0,2019-02-22,252.0,-5.0108%,-0.0005,0.2566,-0.3544,0.1041,1.5557%,1.5874%,3.9608%,-0.0495549999999999,SJM,42585.0,2019-02-25,252.0,-0.3550%,-0.0006,0.2587,-0.3502,0.1141,1.5518%,1.5838%,3.9959%,-0.004769,SJM,42585.0,2019-02-26,252.0,4.9772%,-0.0004,0.2431,-0.4029,0.0757,1.5806%,1.6126%,3.9304%,0.048221,SJM,42585.0,2019-02-27,252.0,1.3950%,-0.0004,0.2365,-0.3869,0.0746,1.5804%,1.6101%,3.6585%,0.014488,SJM,42585.0,2019-02-28,252.0,-1.5432%,-0.0005,0.2392,-0.3856,0.0799,1.5829%,1.6128%,3.6783%,-0.014535,SJM,42585.0,2019-03-01,252.0,-0.4627%,-0.0005,0.2376,-0.3879,0.0795,1.5831%,1.6130%,3.6672%,-0.005001,SJM,42585.0,2019-03-04,252.0,-2.7319%,-0.0006,0.2466,-0.3928,0.0716,1.5908%,1.6215%,3.7537%,-0.028035,SJM,42585.0,2019-03-05,252.0,-0.4486%,-0.0007,0.2437,-0.4183,0.0712,1.5877%,1.6196%,3.9016%,-0.005203,SJM,42585.0,2019-03-06,252.0,1.3029%,-0.0007,0.2348,-0.4358,0.0588,1.5881%,1.6199%,3.8823%,0.009687,SJM,0.027471,-0.0220839999999999,-0.0268529999999999,0.035856,-0.0072309999999999
8955,SMUCKER J M CO,From CAGNY Conference: JM Smucker Says Near-Term EPS Growth Below Long-Term Expectations,6,decrease,0.8,0.6,"the announcement of near-term eps growth being below long-term expectations typically signals potential underperformance, which can lead to a decrease in investor confidence and a subsequent drop in stock price.",0,2019-02-20,SJM,2019-02-20 15:34:00+00:00,42585.0,83269640,0.028170371428132,1952331.0,-0.0015897306147962,0.0060940692201256,-0.0501076951622963,0.018120901659131,-0.0035496018826961,-0.0129181761294603,0.0497724004089832,-0.0060367691330611,0.0139504512771964,0.0098703727126121,-0.0154317747801542,-0.0026059672236442,-0.004626621492207,-0.0021188599057495,-0.0273192692548036,-0.0135854100808501,-0.0044860453344881,-0.0010439461329951,0.0130290146917104,0.0040975823067128,-0.0075428523123264,0.010690557770431,-0.0013641176046803,-0.0100113982334733,0.0062445057556033,0.0135291246697306,-0.0031997887417674,0.0022276353556662,0.0044746990315616,0.0036939559504389,0.005713696591556,0.014097006060183,0.0166586749255657,-0.003242549020797,0.0136388977989554,-0.0232268515974283,-0.0010277796536684,-0.0076197297312319,0.0014965487644076,0.0019085499225184,0.0422153435647487,0.0058552562259137,0.0242853909730911,0.0092027215287089,0.0142606934532523,0.0005816147313453,-0.0018977074651047,0.0052616284228861,-0.0070002381689846,0.0043056542053818,0.0100087160244584,0.006996443029493,0.0038776125293225,0.0180578157305717,-0.0066094133071601,0.0,0.0027650538831949,0.025831039994955,-0.0061181103810667,0.0134543282911181,0.0030345597770065,0.0136378156021237,0.0073472075164318,0.0075628366321325,0.012356293387711,0.00417156284675,0.0127140190452337,-0.0044724289327859,-0.0034315672237426,-0.0050852391868829,0.0032753790728747,-0.0041147856973111,-0.0093755461275577,0.0173893850296735,0.0070982254110276,-0.0305930785834789,-0.0020976674277335,0.007126391865313,0.0027747568674385,-0.0152735123410821,0.0120744155719876,-0.0045201852917671,0.0043082376942038,-0.0167677141726017,0.0041247317567467,-0.028554642572999,0.0052579641342163,-0.0179241877049207,-0.0093167647719383,0.0205546449869871,0.0129516553133726,0.0079302443191409,-0.005945136770606,0.0173456389456987,0.0046698320657014,0.0100846029818058,-0.000897012243513,-0.0263810735195875,0.0033464224543422,-0.0137910414487123,0.0049621784128248,-0.0098780188709497,0.0130322212353348,-0.0119605781510472,-0.0004794661363121,0.0103441579267382,-0.0037572435103356,0.0213270504027605,0.0107526583597064,-0.0723575875163078,0.007462705951184,0.0015594731085002,-0.001103226095438,-0.0153554053977131,0.0001577519869897,0.0065460610203444,0.0056791389361023,-0.0203954484313726,-0.0071372715756297,0.0038444371894001,-0.0015897306147962,0.0060940692201256,-0.0516177680400562,0.0243254009082984,-0.0549841473961368,0.011092984965485,0.0058911269649204,0.0149088685132856,-0.0330091533131133,-0.0005653104459096,0.0785486603023839,0.093874446258436,0.1837478498917153,-0.0623095185520988,2019-02-21,2019-02-22,2019-02-25,2019-02-26,2019-02-27,2019-02-28,2019-03-01,2019-03-04,2019-03-05,2019-03-06,42585.0,2019-02-20,252.0,2.8170%,-0.0004,0.2519,-0.3682,0.0188,1.5309%,1.5638%,4.1659%,0.028443,SJM,42585.0,2019-02-21,252.0,-0.1590%,-0.0004,0.2505,-0.371,0.0163,1.5306%,1.5636%,4.1658%,-0.000972,SJM,42585.0,2019-02-22,252.0,-5.0108%,-0.0005,0.2566,-0.3544,0.1041,1.5557%,1.5874%,3.9608%,-0.0495549999999999,SJM,42585.0,2019-02-25,252.0,-0.3550%,-0.0006,0.2587,-0.3502,0.1141,1.5518%,1.5838%,3.9959%,-0.004769,SJM,42585.0,2019-02-26,252.0,4.9772%,-0.0004,0.2431,-0.4029,0.0757,1.5806%,1.6126%,3.9304%,0.048221,SJM,42585.0,2019-02-27,252.0,1.3950%,-0.0004,0.2365,-0.3869,0.0746,1.5804%,1.6101%,3.6585%,0.014488,SJM,42585.0,2019-02-28,252.0,-1.5432%,-0.0005,0.2392,-0.3856,0.0799,1.5829%,1.6128%,3.6783%,-0.014535,SJM,42585.0,2019-03-01,252.0,-0.4627%,-0.0005,0.2376,-0.3879,0.0795,1.5831%,1.6130%,3.6672%,-0.005001,SJM,42585.0,2019-03-04,252.0,-2.7319%,-0.0006,0.2466,-0.3928,0.0716,1.5908%,1.6215%,3.7537%,-0.028035,SJM,42585.0,2019-03-05,252.0,-0.4486%,-0.0007,0.2437,-0.4183,0.0712,1.5877%,1.6196%,3.9016%,-0.005203,SJM,42585.0,2019-03-06,252.0,1.3029%,-0.0007,0.2348,-0.4358,0.0588,1.5881%,1.6199%,3.8823%,0.009687,SJM,0.027471,-0.0220839999999999,-0.0268529999999999,0.035856,-0.0072309999999999
8963,SMUCKER J M CO,"From CAGNY Conference: In U.S Retail Coffee Sales, Expect Long Term Growth Of 2%; Says This Fiscal Year, Co Will Spend More That 7% Of Net Sales In Marketing",6,increase,0.7,0.6,"the expectation of long-term growth in u.s. retail coffee sales, combined with a significant investment in marketing, suggests a positive outlook for smucker j m co's future performance, likely boosting investor confidence.",2,2019-02-20,SJM,2019-02-20 15:22:00+00:00,42585.0,83269640,0.028170371428132,1952331.0,-0.0015897306147962,0.0060940692201256,-0.0501076951622963,0.018120901659131,-0.0035496018826961,-0.0129181761294603,0.0497724004089832,-0.0060367691330611,0.0139504512771964,0.0098703727126121,-0.0154317747801542,-0.0026059672236442,-0.004626621492207,-0.0021188599057495,-0.0273192692548036,-0.0135854100808501,-0.0044860453344881,-0.0010439461329951,0.0130290146917104,0.0040975823067128,-0.0075428523123264,0.010690557770431,-0.0013641176046803,-0.0100113982334733,0.0062445057556033,0.0135291246697306,-0.0031997887417674,0.0022276353556662,0.0044746990315616,0.0036939559504389,0.005713696591556,0.014097006060183,0.0166586749255657,-0.003242549020797,0.0136388977989554,-0.0232268515974283,-0.0010277796536684,-0.0076197297312319,0.0014965487644076,0.0019085499225184,0.0422153435647487,0.0058552562259137,0.0242853909730911,0.0092027215287089,0.0142606934532523,0.0005816147313453,-0.0018977074651047,0.0052616284228861,-0.0070002381689846,0.0043056542053818,0.0100087160244584,0.006996443029493,0.0038776125293225,0.0180578157305717,-0.0066094133071601,0.0,0.0027650538831949,0.025831039994955,-0.0061181103810667,0.0134543282911181,0.0030345597770065,0.0136378156021237,0.0073472075164318,0.0075628366321325,0.012356293387711,0.00417156284675,0.0127140190452337,-0.0044724289327859,-0.0034315672237426,-0.0050852391868829,0.0032753790728747,-0.0041147856973111,-0.0093755461275577,0.0173893850296735,0.0070982254110276,-0.0305930785834789,-0.0020976674277335,0.007126391865313,0.0027747568674385,-0.0152735123410821,0.0120744155719876,-0.0045201852917671,0.0043082376942038,-0.0167677141726017,0.0041247317567467,-0.028554642572999,0.0052579641342163,-0.0179241877049207,-0.0093167647719383,0.0205546449869871,0.0129516553133726,0.0079302443191409,-0.005945136770606,0.0173456389456987,0.0046698320657014,0.0100846029818058,-0.000897012243513,-0.0263810735195875,0.0033464224543422,-0.0137910414487123,0.0049621784128248,-0.0098780188709497,0.0130322212353348,-0.0119605781510472,-0.0004794661363121,0.0103441579267382,-0.0037572435103356,0.0213270504027605,0.0107526583597064,-0.0723575875163078,0.007462705951184,0.0015594731085002,-0.001103226095438,-0.0153554053977131,0.0001577519869897,0.0065460610203444,0.0056791389361023,-0.0203954484313726,-0.0071372715756297,0.0038444371894001,-0.0015897306147962,0.0060940692201256,-0.0516177680400562,0.0243254009082984,-0.0549841473961368,0.011092984965485,0.0058911269649204,0.0149088685132856,-0.0330091533131133,-0.0005653104459096,0.0785486603023839,0.093874446258436,0.1837478498917153,-0.0623095185520988,2019-02-21,2019-02-22,2019-02-25,2019-02-26,2019-02-27,2019-02-28,2019-03-01,2019-03-04,2019-03-05,2019-03-06,42585.0,2019-02-20,252.0,2.8170%,-0.0004,0.2519,-0.3682,0.0188,1.5309%,1.5638%,4.1659%,0.028443,SJM,42585.0,2019-02-21,252.0,-0.1590%,-0.0004,0.2505,-0.371,0.0163,1.5306%,1.5636%,4.1658%,-0.000972,SJM,42585.0,2019-02-22,252.0,-5.0108%,-0.0005,0.2566,-0.3544,0.1041,1.5557%,1.5874%,3.9608%,-0.0495549999999999,SJM,42585.0,2019-02-25,252.0,-0.3550%,-0.0006,0.2587,-0.3502,0.1141,1.5518%,1.5838%,3.9959%,-0.004769,SJM,42585.0,2019-02-26,252.0,4.9772%,-0.0004,0.2431,-0.4029,0.0757,1.5806%,1.6126%,3.9304%,0.048221,SJM,42585.0,2019-02-27,252.0,1.3950%,-0.0004,0.2365,-0.3869,0.0746,1.5804%,1.6101%,3.6585%,0.014488,SJM,42585.0,2019-02-28,252.0,-1.5432%,-0.0005,0.2392,-0.3856,0.0799,1.5829%,1.6128%,3.6783%,-0.014535,SJM,42585.0,2019-03-01,252.0,-0.4627%,-0.0005,0.2376,-0.3879,0.0795,1.5831%,1.6130%,3.6672%,-0.005001,SJM,42585.0,2019-03-04,252.0,-2.7319%,-0.0006,0.2466,-0.3928,0.0716,1.5908%,1.6215%,3.7537%,-0.028035,SJM,42585.0,2019-03-05,252.0,-0.4486%,-0.0007,0.2437,-0.4183,0.0712,1.5877%,1.6196%,3.9016%,-0.005203,SJM,42585.0,2019-03-06,252.0,1.3029%,-0.0007,0.2348,-0.4358,0.0588,1.5881%,1.6199%,3.8823%,0.009687,SJM,0.027471,-0.0220839999999999,-0.0268529999999999,0.035856,-0.0072309999999999
8971,SMUCKER J M CO,From CAGNY 2019 Conference: JM Smucker Expects FY Adj. EPS In Line With Guidance Range Of $8.00-$8.20; Says Net Sales Gross Margin And Adj. Earnings For Back Half Of Fiscal Year Remain In Line With Previous Expectations,6,uncertain,0.6,0.2,"while the guidance for adjusted eps is in line with expectations, the lack of significant positive or negative news makes the stock's immediate reaction uncertain.",1,2019-02-20,SJM,2019-02-20 15:14:00+00:00,42585.0,83269640,0.028170371428132,1952331.0,-0.0015897306147962,0.0060940692201256,-0.0501076951622963,0.018120901659131,-0.0035496018826961,-0.0129181761294603,0.0497724004089832,-0.0060367691330611,0.0139504512771964,0.0098703727126121,-0.0154317747801542,-0.0026059672236442,-0.004626621492207,-0.0021188599057495,-0.0273192692548036,-0.0135854100808501,-0.0044860453344881,-0.0010439461329951,0.0130290146917104,0.0040975823067128,-0.0075428523123264,0.010690557770431,-0.0013641176046803,-0.0100113982334733,0.0062445057556033,0.0135291246697306,-0.0031997887417674,0.0022276353556662,0.0044746990315616,0.0036939559504389,0.005713696591556,0.014097006060183,0.0166586749255657,-0.003242549020797,0.0136388977989554,-0.0232268515974283,-0.0010277796536684,-0.0076197297312319,0.0014965487644076,0.0019085499225184,0.0422153435647487,0.0058552562259137,0.0242853909730911,0.0092027215287089,0.0142606934532523,0.0005816147313453,-0.0018977074651047,0.0052616284228861,-0.0070002381689846,0.0043056542053818,0.0100087160244584,0.006996443029493,0.0038776125293225,0.0180578157305717,-0.0066094133071601,0.0,0.0027650538831949,0.025831039994955,-0.0061181103810667,0.0134543282911181,0.0030345597770065,0.0136378156021237,0.0073472075164318,0.0075628366321325,0.012356293387711,0.00417156284675,0.0127140190452337,-0.0044724289327859,-0.0034315672237426,-0.0050852391868829,0.0032753790728747,-0.0041147856973111,-0.0093755461275577,0.0173893850296735,0.0070982254110276,-0.0305930785834789,-0.0020976674277335,0.007126391865313,0.0027747568674385,-0.0152735123410821,0.0120744155719876,-0.0045201852917671,0.0043082376942038,-0.0167677141726017,0.0041247317567467,-0.028554642572999,0.0052579641342163,-0.0179241877049207,-0.0093167647719383,0.0205546449869871,0.0129516553133726,0.0079302443191409,-0.005945136770606,0.0173456389456987,0.0046698320657014,0.0100846029818058,-0.000897012243513,-0.0263810735195875,0.0033464224543422,-0.0137910414487123,0.0049621784128248,-0.0098780188709497,0.0130322212353348,-0.0119605781510472,-0.0004794661363121,0.0103441579267382,-0.0037572435103356,0.0213270504027605,0.0107526583597064,-0.0723575875163078,0.007462705951184,0.0015594731085002,-0.001103226095438,-0.0153554053977131,0.0001577519869897,0.0065460610203444,0.0056791389361023,-0.0203954484313726,-0.0071372715756297,0.0038444371894001,-0.0015897306147962,0.0060940692201256,-0.0516177680400562,0.0243254009082984,-0.0549841473961368,0.011092984965485,0.0058911269649204,0.0149088685132856,-0.0330091533131133,-0.0005653104459096,0.0785486603023839,0.093874446258436,0.1837478498917153,-0.0623095185520988,2019-02-21,2019-02-22,2019-02-25,2019-02-26,2019-02-27,2019-02-28,2019-03-01,2019-03-04,2019-03-05,2019-03-06,42585.0,2019-02-20,252.0,2.8170%,-0.0004,0.2519,-0.3682,0.0188,1.5309%,1.5638%,4.1659%,0.028443,SJM,42585.0,2019-02-21,252.0,-0.1590%,-0.0004,0.2505,-0.371,0.0163,1.5306%,1.5636%,4.1658%,-0.000972,SJM,42585.0,2019-02-22,252.0,-5.0108%,-0.0005,0.2566,-0.3544,0.1041,1.5557%,1.5874%,3.9608%,-0.0495549999999999,SJM,42585.0,2019-02-25,252.0,-0.3550%,-0.0006,0.2587,-0.3502,0.1141,1.5518%,1.5838%,3.9959%,-0.004769,SJM,42585.0,2019-02-26,252.0,4.9772%,-0.0004,0.2431,-0.4029,0.0757,1.5806%,1.6126%,3.9304%,0.048221,SJM,42585.0,2019-02-27,252.0,1.3950%,-0.0004,0.2365,-0.3869,0.0746,1.5804%,1.6101%,3.6585%,0.014488,SJM,42585.0,2019-02-28,252.0,-1.5432%,-0.0005,0.2392,-0.3856,0.0799,1.5829%,1.6128%,3.6783%,-0.014535,SJM,42585.0,2019-03-01,252.0,-0.4627%,-0.0005,0.2376,-0.3879,0.0795,1.5831%,1.6130%,3.6672%,-0.005001,SJM,42585.0,2019-03-04,252.0,-2.7319%,-0.0006,0.2466,-0.3928,0.0716,1.5908%,1.6215%,3.7537%,-0.028035,SJM,42585.0,2019-03-05,252.0,-0.4486%,-0.0007,0.2437,-0.4183,0.0712,1.5877%,1.6196%,3.9016%,-0.005203,SJM,42585.0,2019-03-06,252.0,1.3029%,-0.0007,0.2348,-0.4358,0.0588,1.5881%,1.6199%,3.8823%,0.009687,SJM,0.027471,-0.0220839999999999,-0.0268529999999999,0.035856,-0.0072309999999999
8979,S M ENERGY CO,"SM Energy Q4 EPS $(0.18) Misses $(0.04) Estimate, Sales $394.192M Miss $399.66M Estimate",6,decrease,0.8,0.7,"the company reported a larger-than-expected loss and lower sales than estimated, which typically leads to a negative reaction in the stock market.",0,2019-02-20,SM,2019-02-20 22:10:00+00:00,78170.0,78454L10,0.0319706834852695,3535953.0,-0.1356018334627151,-0.0368500538170337,-0.007638135459274,0.0509283319115638,0.0,-0.0089379642158746,-0.027827076613903,0.0416210405528545,0.0140072805806994,0.0458190813660621,-0.0186185874044895,0.0417660400271415,0.0116279395297169,-0.0384394749999046,0.0199636965990066,-0.0689102038741111,-0.0142348613590002,-0.006896608043462,-0.0342961251735687,-0.0318438075482845,-0.0161993317306041,-0.0136778345331549,-0.0455984957516193,0.0061161532066762,-0.005972140468657,-0.0391772389411926,0.054739698767662,0.0376016125082969,0.0335442870855331,0.0191610995680093,-0.0251071546226739,-0.0087269032374024,-0.0138191124424338,0.0182958915829658,0.0242038294672966,-0.0031266999430954,-0.0348258391022682,-0.0419371016323566,0.060566920787096,-0.052507035434246,0.0504253879189491,0.0398425720632076,-0.0508965328335762,0.0154844885692,0.0018281954107806,0.0085642356425523,0.0334549397230148,0.0263702291995286,0.0029429749120026,0.0015536347636953,0.0093896621838212,-0.0066872974857687,0.016860406845808,0.0351437591016292,0.0131503455340862,0.045657105743885,-0.0039503215812146,0.0274599287658929,-0.0589234568178653,0.0511124730110168,0.0427452772855758,0.085509106516838,0.0479214750230312,-0.0013038107426837,0.0055096629075706,-0.0090438881888985,-0.0290411338210105,0.0078124925494194,0.0248307306319475,-0.0122186839580535,-0.047907430678606,0.0223537255078554,0.0589935518801212,0.1275018751621246,-0.0305843520909547,-0.0683701485395431,0.0090140756219625,-0.0255720131099224,-0.0184254571795463,-0.0268500838428735,-0.0028440977912396,-0.0161082465201616,0.0581858828663826,-0.0484364815056324,-0.0037735686637461,-0.023937739431858,-0.061147142201662,-0.0991913899779319,-0.0484150610864162,-0.0216244664043188,-0.0303766150027513,0.011739557608962,0.010025112889707,-0.0084656001999974,-0.0117866331711411,-0.0381679385900497,-0.0458255149424076,0.0113226613029837,-0.028947340324521,-0.0558794774115085,0.0101625751703977,-0.0494226180016994,0.0221327915787696,0.0612745098769664,-0.0406824089586734,-0.0267175324261188,0.024623779579997,0.0052757170051336,0.0080107375979423,0.0220588613301515,0.0178807619959116,-0.0111487908288836,-0.0487963557243347,0.0202769469469785,0.0369357019662857,-0.0398860499262809,0.0178100559860467,0.0461997203528881,0.0291639529168605,-0.0689177438616752,-0.1356018334627151,-0.0368500538170337,-0.142204223749475,0.0122015663227772,-0.142204223749475,0.003154544943732,-0.1543931394854765,0.0927835543373458,-0.1848654808617682,-0.0200307858429307,-0.1564245768805939,0.1473241642911718,-0.1910493780341352,-0.117483845452932,2019-02-21,2019-02-22,2019-02-25,2019-02-26,2019-02-27,2019-02-28,2019-03-01,2019-03-04,2019-03-05,2019-03-06,78170.0,2019-02-20,252.0,3.1971%,0.0002,2.0119,1.2092,1.3552,2.7603%,3.4110%,34.5126%,0.018059,SM,78170.0,2019-02-21,252.0,-13.5602%,-0.0003,2.0477,1.2548,1.4219,2.8665%,3.5166%,33.5558%,-0.1242939999999999,SM,78170.0,2019-02-22,252.0,-0.7638%,-0.0002,2.0472,1.2926,1.4501,2.8610%,3.5136%,33.6980%,-0.007048,SM,78170.0,2019-02-25,252.0,0.0000%,0.0001,2.0369,1.2808,1.4056,2.8061%,3.4638%,34.3743%,0.0028,SM,78170.0,2019-02-26,252.0,-2.7827%,0.0,2.0301,1.304,1.4123,2.8053%,3.4591%,34.2279%,-0.011832,SM,78170.0,2019-02-27,252.0,1.4007%,0.0,2.0291,1.3091,1.4121,2.8062%,3.4584%,34.1601%,0.011297,SM,78170.0,2019-02-28,252.0,-1.8619%,0.0001,2.0125,1.2973,1.4022,2.7984%,3.4385%,33.7682%,-0.00916,SM,78170.0,2019-03-01,252.0,1.1628%,0.0002,2.005,1.2862,1.3912,2.7973%,3.4281%,33.4140%,-0.001105,SM,78170.0,2019-03-04,252.0,1.9964%,0.0003,2.0058,1.2566,1.3971,2.8030%,3.4303%,33.2323%,0.030019,SM,78170.0,2019-03-05,252.0,-1.4235%,0.0002,2.0049,1.2472,1.3979,2.8028%,3.4267%,33.1025%,-0.003667,SM,78170.0,2019-03-06,252.0,-3.4296%,0.0002,2.0015,1.2564,1.3954,2.8023%,3.4290%,33.2104%,-0.002389,SM,-0.1062349999999999,-0.1132829999999999,-0.1104829999999999,-0.1110179999999999,-0.0973199999999999
8987,SYNOPSYS INC,"Synopsys Sees FY19 Adj. EPS $4.20-$4.27 vs $4.24 Estimate, Sales $3.29B-$3.34B vs $3.32B Est.",6,increase,0.8,0.6,"the adjusted eps guidance is in line with estimates, and the sales forecast is slightly above expectations, which typically signals positive sentiment for the stock.",2,2019-02-20,SNPS,2019-02-20 21:09:00+00:00,77357.0,87160710,0.0109955109655857,1376197.0,-0.0146630620583891,0.002065903507173,0.0081797754392027,0.010336953215301,0.0057673151604831,-0.0004967519198544,-0.003110114717856,-0.0091543728485703,0.000584942579735,0.0275108069181442,-0.0092565231025218,-0.0055320402607321,0.0148505326360464,0.0098527297377586,-0.0018412873614579,-0.0129336370155215,0.0036892937496304,0.0104345940053463,0.002901944797486,0.0117876334115862,-0.0040509081445634,0.0292224567383527,-0.0005811077426187,0.0154258431866765,0.0214147940278053,0.0099534587934613,0.0141352601349353,0.0231348685920238,0.0068287719041109,-0.0142935644835233,0.0034377288538962,-0.0203100107610225,0.0108333164826035,0.0232991129159927,0.0012823980068787,0.0160034988075494,-0.0010977506171911,0.0021160757169127,0.0007326147169806,-0.0185812320560216,0.0333120450377464,0.0263630077242851,-0.0230272430926561,0.0021360591053962,0.0095186568796634,0.0054255197755992,0.0093390885740518,0.0121267307549715,0.0008006791467778,-0.0034203103277832,0.0128011601045727,-0.0012525690253824,0.0107083404436707,0.0098896119743585,0.0210160501301288,0.0099883927032351,-0.00051031348994,0.0039645093493163,-0.0007659260299988,0.0221692565828561,-0.0183954704552888,0.0343977436423301,0.0115390783175826,-0.0349792055785656,-0.0013722963631153,-0.0022553990129381,0.0022331196814775,0.0071735829114913,0.0050560999661684,0.0048054005019366,0.004092798102647,0.0054354020394384,0.0036514971870929,0.0448006466031074,-0.0052458136342465,-0.0193069949746131,-0.0071446485817432,-0.0346474796533584,-0.0059110973961651,-0.0049929362721741,-0.0005170420627109,-0.0179780628532171,0.0087083503603935,0.0003504193446133,0.0247884560376405,-0.0230462551116943,-0.0001667915785219,-0.0183671116828918,-0.0014182514278218,-0.0052361986599862,0.0035088204313069,0.0077467435039579,-0.0021645198576152,-0.0030221249908208,0.0101785520091652,0.0173080917447805,-0.0081764571368694,-0.0369558371603488,0.0050795287825167,0.0194522701203823,0.0078707924112677,-0.0371367558836937,-0.0009864590829238,0.0104415817186236,-0.016127698123455,0.0270331315696239,-0.0017562857829034,-0.010281927883625,-0.0038538796361535,0.0401333719491958,0.0077375792898237,-0.0151755819097161,-0.0327157266438007,0.0316626578569412,0.0158757232129573,-0.012347187846899,0.0211483407765626,0.0174944885075092,0.0244530867785215,-0.0063003259710967,-0.0146630620583891,0.002065903507173,-0.0066032271740751,0.012424211870375,-0.0008739949057812,0.0119212881994212,-0.0033987777048384,0.0302417081188608,0.0067974064290672,0.0440754712296747,0.1402213472123239,0.2140643485814335,0.1960574272591888,0.1884261098418356,2019-02-21,2019-02-22,2019-02-25,2019-02-26,2019-02-27,2019-02-28,2019-03-01,2019-03-04,2019-03-05,2019-03-06,77357.0,2019-02-20,252.0,1.0996%,0.0002,0.9623,0.0235,-0.7075,0.9407%,1.5716%,64.1694%,0.0129919999999999,SNPS,77357.0,2019-02-21,252.0,-1.4663%,0.0001,0.9696,0.0355,-0.694,0.9412%,1.5739%,64.2356%,-0.012813,SNPS,77357.0,2019-02-22,252.0,0.8180%,0.0001,0.9704,0.046,-0.675,0.9410%,1.5717%,64.1537%,-0.00862,SNPS,77357.0,2019-02-25,252.0,0.5767%,0.0003,0.9646,0.0389,-0.7001,0.8882%,1.5439%,66.9058%,0.003116,SNPS,77357.0,2019-02-26,252.0,-0.3110%,0.0003,0.969,0.0402,-0.6961,0.8877%,1.5430%,66.8990%,-0.003728,SNPS,77357.0,2019-02-27,252.0,0.0585%,0.0004,0.9729,0.0328,-0.6955,0.8860%,1.5429%,67.0247%,-0.0012989999999999,SNPS,77357.0,2019-02-28,252.0,-0.9257%,0.0003,0.9778,0.0359,-0.69,0.8868%,1.5436%,66.9935%,-0.008086,SNPS,77357.0,2019-03-01,252.0,1.4851%,0.0003,0.982,0.0422,-0.6856,0.8866%,1.5459%,67.1056%,0.004856,SNPS,77357.0,2019-03-04,252.0,-0.1841%,0.0003,0.9856,0.025,-0.6853,0.8855%,1.5459%,67.1943%,0.006018,SNPS,77357.0,2019-03-05,252.0,0.3689%,0.0003,0.9842,0.0162,-0.6876,0.8854%,1.5436%,67.0991%,0.003708,SNPS,77357.0,2019-03-06,252.0,0.2902%,0.0004,0.9826,-0.0096,-0.6929,0.8874%,1.5435%,66.9495%,0.0115579999999999,SNPS,0.0001789999999999,-0.008441,-0.005325,-0.010352,0.0077019999999999
8995,SYNOPSYS INC,"Synopsys Sees Q2 Adj. EPS $1.07-$1.12 vs $1.05 Estimate, Sales $810M-$850M vs $820.1M Est.",6,increase,0.75,0.6,"the adjusted eps guidance is slightly above estimates, and while sales are slightly below, the overall positive outlook on earnings is likely to boost investor confidence.",2,2019-02-20,SNPS,2019-02-20 21:09:00+00:00,77357.0,87160710,0.0109955109655857,1376197.0,-0.0146630620583891,0.002065903507173,0.0081797754392027,0.010336953215301,0.0057673151604831,-0.0004967519198544,-0.003110114717856,-0.0091543728485703,0.000584942579735,0.0275108069181442,-0.0092565231025218,-0.0055320402607321,0.0148505326360464,0.0098527297377586,-0.0018412873614579,-0.0129336370155215,0.0036892937496304,0.0104345940053463,0.002901944797486,0.0117876334115862,-0.0040509081445634,0.0292224567383527,-0.0005811077426187,0.0154258431866765,0.0214147940278053,0.0099534587934613,0.0141352601349353,0.0231348685920238,0.0068287719041109,-0.0142935644835233,0.0034377288538962,-0.0203100107610225,0.0108333164826035,0.0232991129159927,0.0012823980068787,0.0160034988075494,-0.0010977506171911,0.0021160757169127,0.0007326147169806,-0.0185812320560216,0.0333120450377464,0.0263630077242851,-0.0230272430926561,0.0021360591053962,0.0095186568796634,0.0054255197755992,0.0093390885740518,0.0121267307549715,0.0008006791467778,-0.0034203103277832,0.0128011601045727,-0.0012525690253824,0.0107083404436707,0.0098896119743585,0.0210160501301288,0.0099883927032351,-0.00051031348994,0.0039645093493163,-0.0007659260299988,0.0221692565828561,-0.0183954704552888,0.0343977436423301,0.0115390783175826,-0.0349792055785656,-0.0013722963631153,-0.0022553990129381,0.0022331196814775,0.0071735829114913,0.0050560999661684,0.0048054005019366,0.004092798102647,0.0054354020394384,0.0036514971870929,0.0448006466031074,-0.0052458136342465,-0.0193069949746131,-0.0071446485817432,-0.0346474796533584,-0.0059110973961651,-0.0049929362721741,-0.0005170420627109,-0.0179780628532171,0.0087083503603935,0.0003504193446133,0.0247884560376405,-0.0230462551116943,-0.0001667915785219,-0.0183671116828918,-0.0014182514278218,-0.0052361986599862,0.0035088204313069,0.0077467435039579,-0.0021645198576152,-0.0030221249908208,0.0101785520091652,0.0173080917447805,-0.0081764571368694,-0.0369558371603488,0.0050795287825167,0.0194522701203823,0.0078707924112677,-0.0371367558836937,-0.0009864590829238,0.0104415817186236,-0.016127698123455,0.0270331315696239,-0.0017562857829034,-0.010281927883625,-0.0038538796361535,0.0401333719491958,0.0077375792898237,-0.0151755819097161,-0.0327157266438007,0.0316626578569412,0.0158757232129573,-0.012347187846899,0.0211483407765626,0.0174944885075092,0.0244530867785215,-0.0063003259710967,-0.0146630620583891,0.002065903507173,-0.0066032271740751,0.012424211870375,-0.0008739949057812,0.0119212881994212,-0.0033987777048384,0.0302417081188608,0.0067974064290672,0.0440754712296747,0.1402213472123239,0.2140643485814335,0.1960574272591888,0.1884261098418356,2019-02-21,2019-02-22,2019-02-25,2019-02-26,2019-02-27,2019-02-28,2019-03-01,2019-03-04,2019-03-05,2019-03-06,77357.0,2019-02-20,252.0,1.0996%,0.0002,0.9623,0.0235,-0.7075,0.9407%,1.5716%,64.1694%,0.0129919999999999,SNPS,77357.0,2019-02-21,252.0,-1.4663%,0.0001,0.9696,0.0355,-0.694,0.9412%,1.5739%,64.2356%,-0.012813,SNPS,77357.0,2019-02-22,252.0,0.8180%,0.0001,0.9704,0.046,-0.675,0.9410%,1.5717%,64.1537%,-0.00862,SNPS,77357.0,2019-02-25,252.0,0.5767%,0.0003,0.9646,0.0389,-0.7001,0.8882%,1.5439%,66.9058%,0.003116,SNPS,77357.0,2019-02-26,252.0,-0.3110%,0.0003,0.969,0.0402,-0.6961,0.8877%,1.5430%,66.8990%,-0.003728,SNPS,77357.0,2019-02-27,252.0,0.0585%,0.0004,0.9729,0.0328,-0.6955,0.8860%,1.5429%,67.0247%,-0.0012989999999999,SNPS,77357.0,2019-02-28,252.0,-0.9257%,0.0003,0.9778,0.0359,-0.69,0.8868%,1.5436%,66.9935%,-0.008086,SNPS,77357.0,2019-03-01,252.0,1.4851%,0.0003,0.982,0.0422,-0.6856,0.8866%,1.5459%,67.1056%,0.004856,SNPS,77357.0,2019-03-04,252.0,-0.1841%,0.0003,0.9856,0.025,-0.6853,0.8855%,1.5459%,67.1943%,0.006018,SNPS,77357.0,2019-03-05,252.0,0.3689%,0.0003,0.9842,0.0162,-0.6876,0.8854%,1.5436%,67.0991%,0.003708,SNPS,77357.0,2019-03-06,252.0,0.2902%,0.0004,0.9826,-0.0096,-0.6929,0.8874%,1.5435%,66.9495%,0.0115579999999999,SNPS,0.0001789999999999,-0.008441,-0.005325,-0.010352,0.0077019999999999
9003,SYNOPSYS INC,"Synopsys Q1 EPS $1.08 Beats $0.97 Estimate, Sales $820.401M Beat $795.83M Estimate",6,increase,0.85,0.7,"the earnings per share and sales figures both exceeded analyst estimates, which typically signals strong company performance and can lead to a positive reaction in the stock price.",2,2019-02-20,SNPS,2019-02-20 21:08:00+00:00,77357.0,87160710,0.0109955109655857,1376197.0,-0.0146630620583891,0.002065903507173,0.0081797754392027,0.010336953215301,0.0057673151604831,-0.0004967519198544,-0.003110114717856,-0.0091543728485703,0.000584942579735,0.0275108069181442,-0.0092565231025218,-0.0055320402607321,0.0148505326360464,0.0098527297377586,-0.0018412873614579,-0.0129336370155215,0.0036892937496304,0.0104345940053463,0.002901944797486,0.0117876334115862,-0.0040509081445634,0.0292224567383527,-0.0005811077426187,0.0154258431866765,0.0214147940278053,0.0099534587934613,0.0141352601349353,0.0231348685920238,0.0068287719041109,-0.0142935644835233,0.0034377288538962,-0.0203100107610225,0.0108333164826035,0.0232991129159927,0.0012823980068787,0.0160034988075494,-0.0010977506171911,0.0021160757169127,0.0007326147169806,-0.0185812320560216,0.0333120450377464,0.0263630077242851,-0.0230272430926561,0.0021360591053962,0.0095186568796634,0.0054255197755992,0.0093390885740518,0.0121267307549715,0.0008006791467778,-0.0034203103277832,0.0128011601045727,-0.0012525690253824,0.0107083404436707,0.0098896119743585,0.0210160501301288,0.0099883927032351,-0.00051031348994,0.0039645093493163,-0.0007659260299988,0.0221692565828561,-0.0183954704552888,0.0343977436423301,0.0115390783175826,-0.0349792055785656,-0.0013722963631153,-0.0022553990129381,0.0022331196814775,0.0071735829114913,0.0050560999661684,0.0048054005019366,0.004092798102647,0.0054354020394384,0.0036514971870929,0.0448006466031074,-0.0052458136342465,-0.0193069949746131,-0.0071446485817432,-0.0346474796533584,-0.0059110973961651,-0.0049929362721741,-0.0005170420627109,-0.0179780628532171,0.0087083503603935,0.0003504193446133,0.0247884560376405,-0.0230462551116943,-0.0001667915785219,-0.0183671116828918,-0.0014182514278218,-0.0052361986599862,0.0035088204313069,0.0077467435039579,-0.0021645198576152,-0.0030221249908208,0.0101785520091652,0.0173080917447805,-0.0081764571368694,-0.0369558371603488,0.0050795287825167,0.0194522701203823,0.0078707924112677,-0.0371367558836937,-0.0009864590829238,0.0104415817186236,-0.016127698123455,0.0270331315696239,-0.0017562857829034,-0.010281927883625,-0.0038538796361535,0.0401333719491958,0.0077375792898237,-0.0151755819097161,-0.0327157266438007,0.0316626578569412,0.0158757232129573,-0.012347187846899,0.0211483407765626,0.0174944885075092,0.0244530867785215,-0.0063003259710967,-0.0146630620583891,0.002065903507173,-0.0066032271740751,0.012424211870375,-0.0008739949057812,0.0119212881994212,-0.0033987777048384,0.0302417081188608,0.0067974064290672,0.0440754712296747,0.1402213472123239,0.2140643485814335,0.1960574272591888,0.1884261098418356,2019-02-21,2019-02-22,2019-02-25,2019-02-26,2019-02-27,2019-02-28,2019-03-01,2019-03-04,2019-03-05,2019-03-06,77357.0,2019-02-20,252.0,1.0996%,0.0002,0.9623,0.0235,-0.7075,0.9407%,1.5716%,64.1694%,0.0129919999999999,SNPS,77357.0,2019-02-21,252.0,-1.4663%,0.0001,0.9696,0.0355,-0.694,0.9412%,1.5739%,64.2356%,-0.012813,SNPS,77357.0,2019-02-22,252.0,0.8180%,0.0001,0.9704,0.046,-0.675,0.9410%,1.5717%,64.1537%,-0.00862,SNPS,77357.0,2019-02-25,252.0,0.5767%,0.0003,0.9646,0.0389,-0.7001,0.8882%,1.5439%,66.9058%,0.003116,SNPS,77357.0,2019-02-26,252.0,-0.3110%,0.0003,0.969,0.0402,-0.6961,0.8877%,1.5430%,66.8990%,-0.003728,SNPS,77357.0,2019-02-27,252.0,0.0585%,0.0004,0.9729,0.0328,-0.6955,0.8860%,1.5429%,67.0247%,-0.0012989999999999,SNPS,77357.0,2019-02-28,252.0,-0.9257%,0.0003,0.9778,0.0359,-0.69,0.8868%,1.5436%,66.9935%,-0.008086,SNPS,77357.0,2019-03-01,252.0,1.4851%,0.0003,0.982,0.0422,-0.6856,0.8866%,1.5459%,67.1056%,0.004856,SNPS,77357.0,2019-03-04,252.0,-0.1841%,0.0003,0.9856,0.025,-0.6853,0.8855%,1.5459%,67.1943%,0.006018,SNPS,77357.0,2019-03-05,252.0,0.3689%,0.0003,0.9842,0.0162,-0.6876,0.8854%,1.5436%,67.0991%,0.003708,SNPS,77357.0,2019-03-06,252.0,0.2902%,0.0004,0.9826,-0.0096,-0.6929,0.8874%,1.5435%,66.9495%,0.0115579999999999,SNPS,0.0001789999999999,-0.008441,-0.005325,-0.010352,0.0077019999999999
9011,SOUTHERN CO,"Southern Q4 EPS $0.25 Beats $0.23 Estimate, Sales $5.34B Beat $4.66B Estimate",6,increase,0.8,0.6,"the company reported better-than-expected earnings and sales, which typically boosts investor confidence and can lead to an increase in stock price.",2,2019-02-20,SO,2019-02-20 11:15:00+00:00,18411.0,84258710,0.0167621336877346,9627054.0,0.0096501717343926,0.0074134427122771,0.0029868122655898,-0.0008129952475428,-0.0160809531807899,-0.000406348175602,-0.006860374007374,-0.0030382361728698,0.0032507078722119,0.0026400741189718,0.0062777958810329,0.0024430525954812,0.0058362027630209,-0.0008136882679536,0.0024009391199797,0.0127729484811425,-0.0005987780750729,-0.0038990073371678,0.0011983497533947,0.0024686057586222,0.0071813403628766,0.0024747150018811,0.008120416663587,-0.0022633087355643,0.0098231825977563,0.0152496248483657,0.0054474468342959,0.0060949367471039,0.0009674775064922,0.0031625875271856,-0.0038662431761622,-0.0014736778102815,0.0064040720462799,-0.009591307491064,-0.0015426500467583,0.0079864906147122,-0.0152568006888032,0.0108349723741412,0.0037261936813592,-0.0031766523607075,0.0076201520860195,0.0031867756042629,0.0060112737119197,0.004267138428986,0.0032767571974545,0.0017097246600314,0.0092218937352299,0.013648203574121,-0.0057110078632831,-0.0096545964479446,-0.0168485753238201,0.0058265095576643,0.0064265206456184,0.0186853911727666,-0.0052244672551751,-0.0085004223510622,0.0044738287106156,0.0284689627587795,-0.0027110648807138,-0.0022366021294146,-0.0058252280578017,0.008344586007297,0.0087890774011611,0.0141811277717351,-0.0027106136549264,-0.0045536649413406,0.0085420785471796,-0.0006826528697274,-0.0034648759756237,0.0,0.00676064286381,0.0071036061272025,0.007290887646377,0.0144118769094348,0.0041904994286596,-0.0459081754088401,-0.0062595186755061,0.0,-0.0043901419267058,-0.0041960827074944,-0.0038343705236911,-0.0054908851161599,-0.0005773437442258,-0.0102174179628491,-0.0017331051640212,-0.0281006079167127,0.0075231362134218,-0.0046266540884971,0.0040206601843237,0.0114869372919201,0.0019069849513471,-0.0115644037723541,-0.0053293220698833,0.0072003416717052,0.0183697454631328,0.0051085925661027,-0.013152964413166,0.0098882000893354,0.0043792752549052,-0.015241346322,0.0092891314998269,-0.0052642659284174,-0.004320123232901,0.0033805163111537,-0.0028296117670834,0.0169746652245521,-0.0124858086928725,0.0091067217290401,0.0030651311390101,0.0006508739315904,0.0192895010113716,0.0096385236829519,0.0136780878528952,-0.0015310519374907,-0.0086875678971409,0.0019723898731172,0.0001864314981503,-0.0220745559781789,0.0078300144523382,-0.0080782538279891,0.0096501717343926,0.0074134427122771,0.0126658072512837,0.0065944203710412,-0.003618824182911,0.0061853925647523,-0.0072376479391051,0.0057766969394821,0.0078407593072922,0.0188118826131109,0.0353839608243629,0.1076816647328764,0.0868516157906256,0.0528155894792807,2019-02-21,2019-02-22,2019-02-25,2019-02-26,2019-02-27,2019-02-28,2019-03-01,2019-03-04,2019-03-05,2019-03-06,18411.0,2019-02-20,252.0,1.6762%,0.0007,0.1469,-0.3628,0.0028,1.1102%,1.1357%,4.4447%,0.01729,SO,18411.0,2019-02-21,252.0,0.9650%,0.0008,0.1406,-0.3737,-0.0089,1.1092%,1.1348%,4.4721%,0.009846,SO,18411.0,2019-02-22,252.0,0.2987%,0.0008,0.1396,-0.3595,-0.0075,1.1075%,1.1317%,4.2261%,0.003898,SO,18411.0,2019-02-25,252.0,-1.6081%,0.0008,0.1399,-0.3502,-0.0017,1.1134%,1.1367%,4.0645%,-0.017338,SO,18411.0,2019-02-26,252.0,-0.6860%,0.0007,0.1297,-0.3269,0.0026,1.1077%,1.1279%,3.5564%,-0.0089839999999999,SO,18411.0,2019-02-27,252.0,0.3251%,0.0007,0.1319,-0.3299,0.003,1.1074%,1.1280%,3.6110%,0.003658,SO,18411.0,2019-02-28,252.0,0.6278%,0.0008,0.1231,-0.3357,-0.0048,1.1045%,1.1245%,3.5331%,0.00666,SO,18411.0,2019-03-01,252.0,0.5836%,0.0008,0.1189,-0.3421,-0.0137,1.1035%,1.1236%,3.5452%,0.005814,SO,18411.0,2019-03-04,252.0,0.2401%,0.0007,0.1307,-0.3821,-0.0166,1.0916%,1.1161%,4.3493%,0.001614,SO,18411.0,2019-03-05,252.0,-0.0599%,0.0007,0.1294,-0.3942,-0.0167,1.0906%,1.1159%,4.4759%,-0.001691,SO,18411.0,2019-03-06,252.0,0.1198%,0.0006,0.1249,-0.3821,-0.0201,1.0886%,1.1125%,4.2438%,-0.002765,SO,0.027136,0.031034,0.013696,0.00837,0.018002
9019,S P PLUS CORP,SP Plus Sees FY19 Adj. EPS $2.56-$2.66 vs $2.59 Est.,6,uncertain,0.6,0.2,"while the adjusted eps guidance is within the expected range, the slight variation from the estimate may not significantly sway investor sentiment either way.",1,2019-02-20,SP,2019-02-20 23:23:00+00:00,90194.0,78469C10,0.0016438732855021,94339.0,0.0216082353144884,-0.0059913182631134,-0.0270414557307958,0.0149253979325294,-0.035498097538948,0.0092050721868872,0.0051355296745896,0.0067396196536719,-0.0045415796339511,0.0250431466847658,-0.0191045962274074,0.0072484775446355,0.0031975810416042,0.0135175706818699,-0.0008692779229022,-0.0032220447901636,-0.0252319872379303,0.0154669983312487,0.0014876297209411,0.0071898698806762,-0.0118835866451263,0.0066345361992716,0.0009020623983815,0.0018127304501831,0.0192249733954668,-0.0015083876205608,-0.0082522481679916,0.0060698259621858,-0.0080237872898578,-0.0131775569170713,0.0128819737583398,-0.0199589170515537,-0.0005915545043535,-0.0052554835565388,0.0121337622404098,0.000292007025564,-0.0081872101873159,0.0,-0.0091390796005725,-0.0040721171535551,-0.0098185604438185,0.0198754668235778,-0.0156250149011611,-0.0041358759626746,0.0033577722497284,0.0177390314638614,0.0106480773538351,0.0015055476687848,0.0219746995717287,-0.0012030350044369,-0.0070692687295377,0.0215054005384445,0.0121625587344169,0.0251968260854482,0.0093786548823118,0.0050648893229663,-0.0264227613806724,0.0259824357926845,-0.0128243463113904,0.0297659300267696,-0.005135896615684,0.0303238853812217,0.0157910864800214,-0.0281312838196754,0.0113602709025144,0.0108327586203813,-0.0236477386206388,0.0161679126322269,0.0115047255530953,0.0178571511059999,0.0032924457918852,0.001402489724569,0.0122314989566803,0.0352087579667568,0.0097258472815155,0.0010900718625634,0.0026269748341292,-0.0118491891771554,0.0066958768293261,0.0,-0.0060729580000042,-0.0096017234027385,0.0032004832755774,-0.0157507471740245,0.0098607931286096,0.0116855502128601,-0.0063182432204484,0.0031971635762602,-0.0104045318439602,-0.0262884888797998,0.0116821760311722,0.0076681529171764,0.000866015558131,-0.0031271767802536,-0.0043264413252472,-0.0187521055340766,-0.021147146821022,0.0162854921072721,0.007102629635483,0.0038261082954704,-0.0052894596010446,-0.0686751157045364,0.0011817109771072,0.0184757970273494,-0.0236057620495557,-0.0006594281876459,-0.001813278067857,-0.0216129049658775,0.0015138677554205,0.0340226963162422,-0.0024184349458664,0.0090878652408719,-0.0124242380261421,-0.0056894272565841,0.0082847643643617,-0.0013369290390983,0.0042604804039001,0.0053763389587402,-0.0027272773440927,-0.0513229370117187,0.0216082353144884,-0.0059913182631134,-0.0060175385549847,0.0088446568601985,-0.0413020249233635,0.0181311447519521,-0.040754966334737,0.0506620105089601,-0.0793217002554768,0.0934691094426634,-0.0946390256754936,0.2207358025401415,-0.0998359233768871,0.1635320093610426,2019-02-21,2019-02-22,2019-02-25,2019-02-26,2019-02-27,2019-02-28,2019-03-01,2019-03-04,2019-03-05,2019-03-06,90194.0,2019-02-20,252.0,0.1644%,0.0,0.7927,0.8336,0.737,1.2156%,1.4795%,32.4931%,-0.005959,SP,90194.0,2019-02-21,252.0,2.1608%,0.0003,0.7759,0.8052,0.706,1.2128%,1.4651%,31.4778%,0.02672,SP,90194.0,2019-02-22,252.0,-2.7041%,0.0002,0.7795,0.806,0.7496,1.2236%,1.4752%,31.2055%,-0.0262349999999999,SP,90194.0,2019-02-25,252.0,-3.5498%,0.0001,0.7775,0.8205,0.7497,1.2361%,1.4863%,30.8357%,-0.033322,SP,90194.0,2019-02-26,252.0,0.5136%,0.0001,0.763,0.8152,0.7362,1.2332%,1.4768%,30.2730%,0.014005,SP,90194.0,2019-02-27,252.0,-0.4542%,0.0001,0.7616,0.8159,0.7359,1.2336%,1.4764%,30.1861%,-0.005994,SP,90194.0,2019-02-28,252.0,-1.9105%,-0.0,0.7668,0.819,0.7433,1.2371%,1.4807%,30.1976%,-0.015167,SP,90194.0,2019-03-01,252.0,0.3198%,-0.0001,0.7751,0.8313,0.7569,1.2339%,1.4809%,30.5780%,-0.001815,SP,90194.0,2019-03-04,252.0,-0.0869%,-0.0,0.7699,0.8453,0.759,1.2324%,1.4792%,30.5903%,0.003444,SP,90194.0,2019-03-05,252.0,-2.5232%,-0.0002,0.7681,0.8186,0.7649,1.2304%,1.4723%,30.1508%,-0.019571,SP,90194.0,2019-03-06,252.0,0.1488%,-0.0,0.7737,0.7704,0.7647,1.2258%,1.4682%,30.2912%,0.017858,SP,0.020761,-0.0054739999999999,-0.038796,-0.0307849999999999,-0.0460359999999999
9027,S P PLUS CORP,"SP Plus Corp Q4 Adj. EPS $0.57 Beats $0.48 Estimate, Sales $199.1M Beat $194.04M Estimate",6,increase,0.8,0.7,"the company reported better-than-expected earnings and sales, which typically boosts investor confidence and can lead to an increase in stock price.",2,2019-02-20,SP,2019-02-20 23:22:00+00:00,90194.0,78469C10,0.0016438732855021,94339.0,0.0216082353144884,-0.0059913182631134,-0.0270414557307958,0.0149253979325294,-0.035498097538948,0.0092050721868872,0.0051355296745896,0.0067396196536719,-0.0045415796339511,0.0250431466847658,-0.0191045962274074,0.0072484775446355,0.0031975810416042,0.0135175706818699,-0.0008692779229022,-0.0032220447901636,-0.0252319872379303,0.0154669983312487,0.0014876297209411,0.0071898698806762,-0.0118835866451263,0.0066345361992716,0.0009020623983815,0.0018127304501831,0.0192249733954668,-0.0015083876205608,-0.0082522481679916,0.0060698259621858,-0.0080237872898578,-0.0131775569170713,0.0128819737583398,-0.0199589170515537,-0.0005915545043535,-0.0052554835565388,0.0121337622404098,0.000292007025564,-0.0081872101873159,0.0,-0.0091390796005725,-0.0040721171535551,-0.0098185604438185,0.0198754668235778,-0.0156250149011611,-0.0041358759626746,0.0033577722497284,0.0177390314638614,0.0106480773538351,0.0015055476687848,0.0219746995717287,-0.0012030350044369,-0.0070692687295377,0.0215054005384445,0.0121625587344169,0.0251968260854482,0.0093786548823118,0.0050648893229663,-0.0264227613806724,0.0259824357926845,-0.0128243463113904,0.0297659300267696,-0.005135896615684,0.0303238853812217,0.0157910864800214,-0.0281312838196754,0.0113602709025144,0.0108327586203813,-0.0236477386206388,0.0161679126322269,0.0115047255530953,0.0178571511059999,0.0032924457918852,0.001402489724569,0.0122314989566803,0.0352087579667568,0.0097258472815155,0.0010900718625634,0.0026269748341292,-0.0118491891771554,0.0066958768293261,0.0,-0.0060729580000042,-0.0096017234027385,0.0032004832755774,-0.0157507471740245,0.0098607931286096,0.0116855502128601,-0.0063182432204484,0.0031971635762602,-0.0104045318439602,-0.0262884888797998,0.0116821760311722,0.0076681529171764,0.000866015558131,-0.0031271767802536,-0.0043264413252472,-0.0187521055340766,-0.021147146821022,0.0162854921072721,0.007102629635483,0.0038261082954704,-0.0052894596010446,-0.0686751157045364,0.0011817109771072,0.0184757970273494,-0.0236057620495557,-0.0006594281876459,-0.001813278067857,-0.0216129049658775,0.0015138677554205,0.0340226963162422,-0.0024184349458664,0.0090878652408719,-0.0124242380261421,-0.0056894272565841,0.0082847643643617,-0.0013369290390983,0.0042604804039001,0.0053763389587402,-0.0027272773440927,-0.0513229370117187,0.0216082353144884,-0.0059913182631134,-0.0060175385549847,0.0088446568601985,-0.0413020249233635,0.0181311447519521,-0.040754966334737,0.0506620105089601,-0.0793217002554768,0.0934691094426634,-0.0946390256754936,0.2207358025401415,-0.0998359233768871,0.1635320093610426,2019-02-21,2019-02-22,2019-02-25,2019-02-26,2019-02-27,2019-02-28,2019-03-01,2019-03-04,2019-03-05,2019-03-06,90194.0,2019-02-20,252.0,0.1644%,0.0,0.7927,0.8336,0.737,1.2156%,1.4795%,32.4931%,-0.005959,SP,90194.0,2019-02-21,252.0,2.1608%,0.0003,0.7759,0.8052,0.706,1.2128%,1.4651%,31.4778%,0.02672,SP,90194.0,2019-02-22,252.0,-2.7041%,0.0002,0.7795,0.806,0.7496,1.2236%,1.4752%,31.2055%,-0.0262349999999999,SP,90194.0,2019-02-25,252.0,-3.5498%,0.0001,0.7775,0.8205,0.7497,1.2361%,1.4863%,30.8357%,-0.033322,SP,90194.0,2019-02-26,252.0,0.5136%,0.0001,0.763,0.8152,0.7362,1.2332%,1.4768%,30.2730%,0.014005,SP,90194.0,2019-02-27,252.0,-0.4542%,0.0001,0.7616,0.8159,0.7359,1.2336%,1.4764%,30.1861%,-0.005994,SP,90194.0,2019-02-28,252.0,-1.9105%,-0.0,0.7668,0.819,0.7433,1.2371%,1.4807%,30.1976%,-0.015167,SP,90194.0,2019-03-01,252.0,0.3198%,-0.0001,0.7751,0.8313,0.7569,1.2339%,1.4809%,30.5780%,-0.001815,SP,90194.0,2019-03-04,252.0,-0.0869%,-0.0,0.7699,0.8453,0.759,1.2324%,1.4792%,30.5903%,0.003444,SP,90194.0,2019-03-05,252.0,-2.5232%,-0.0002,0.7681,0.8186,0.7649,1.2304%,1.4723%,30.1508%,-0.019571,SP,90194.0,2019-03-06,252.0,0.1488%,-0.0,0.7737,0.7704,0.7647,1.2258%,1.4682%,30.2912%,0.017858,SP,0.020761,-0.0054739999999999,-0.038796,-0.0307849999999999,-0.0460359999999999
9035,SPARTANNASH CO,"SpartanNash Sees FY19 Adj. EPS From Continuing Operations $1.70-$1.80 vs $1.98 Estimate, Adj. EBITDA $210M-$220M",6,decrease,0.75,0.6,"the adjusted eps guidance is below the analyst estimate, which is likely to lead to a negative reaction in the stock price.",0,2019-02-20,SPTN,2019-02-20 21:42:00+00:00,88568.0,84721510,-0.0116854039952158,298126.0,-0.2073669582605362,0.0220486689358949,0.1090074330568314,0.0013799763983115,-0.0098293088376522,0.0121042942628264,0.0057471585460007,0.0042075808160007,-0.0181818380951881,0.0075364978983998,0.0042328000999987,0.0075937281362712,-0.0284509491175413,-0.0112623078748583,-0.0010846235090866,0.007088828831911,-0.010314904153347,-0.0171853620558977,-0.0433351099491119,0.0155660333111882,0.0040137437172234,0.0162991434335708,-0.0039976979605853,0.0053012343123555,0.0263760928064584,-0.0179838705807924,-0.0703910738229751,-0.0033019622787833,0.0042067123576998,0.0076045552268624,-0.0209454838186502,0.0223518460988998,-0.0049474285915493,-0.0129496622830629,0.0174021553248167,-0.0183615535497665,-0.0036653249990195,0.0119104338809847,0.0177805591374635,-0.0033238222822546,-0.0096385451033711,-0.0098731070756912,-0.058394219726324,-0.0234159883111715,0.0116279274225235,0.0411090143024921,0.0268199276179075,0.0043206987902522,-0.0099502392113208,0.0096946572884917,0.0100502418354153,0.0167569350451231,-0.0130597036331892,0.0480372048914432,0.025204824283719,0.0010341497836634,-0.0227412916719913,-0.0015488221542909,0.0257861539721489,0.034169852733612,0.0177805591374635,0.0498878583312034,0.0024095787666738,0.0176839400082826,-0.0108173266053199,0.0203725472092628,-0.0036451681517064,0.0171699784696102,0.0256097614765167,0.0131973195821046,-0.0041616940870881,-0.0130254188552498,-0.0023881143424659,0.034926451742649,0.011370469816029,-0.0180506091564893,-0.0023668052162975,-0.0508280619978904,0.0136417280882597,-0.0173961538821458,-0.0040959445759654,0.0188679210841655,-0.0511163808405399,0.009815246798098,0.0191950146108865,-0.0258718207478523,0.0236938837915659,-0.0115574784576892,-0.0047477697953581,-0.0010995303746312,-0.0125224199146032,0.0271034147590398,-0.0018115205457434,0.030250059440732,-0.0217786207795143,-0.0348118431866169,-0.0278293024748563,-0.0111049842089414,-0.0159033071249723,0.0,0.0174531023949384,-0.046585451811552,0.0228717029094696,0.0074666342698037,-0.0118012754246592,0.0091496277600526,-0.0144562879577279,0.0075921574607491,0.0127550894394516,-0.0075349509716033,0.0176322255283594,-0.0179704092442989,-0.0495049618184566,0.005847985856235,0.0169270988553762,0.0085790809243917,-0.0153649020940065,-0.002673857845366,-0.0110533209517598,0.0394664257764816,-0.2073669582605362,0.0220486689358949,-0.1209640650244889,0.0234590719769522,-0.1296043807087576,0.0358473217501205,-0.1405184223538519,0.0480452413906031,-0.2069121981634172,0.0495282625754349,-0.2495841438347591,0.1879338217454926,-0.3001946287336285,0.2493192560591579,2019-02-21,2019-02-22,2019-02-25,2019-02-26,2019-02-27,2019-02-28,2019-03-01,2019-03-04,2019-03-05,2019-03-06,88568.0,2019-02-20,252.0,-1.1685%,0.0006,0.742,1.6787,0.926,3.3938%,3.5559%,8.9070%,-0.022209,SPTN,88568.0,2019-02-21,252.0,-20.7367%,-0.0001,0.7796,1.7109,0.9967,3.6209%,3.7822%,8.3489%,-0.201417,SPTN,88568.0,2019-02-22,252.0,10.9007%,0.0003,0.7627,1.7656,0.8434,3.6815%,3.8436%,8.2576%,0.109081,SPTN,88568.0,2019-02-25,252.0,-0.9829%,0.0012,0.7358,1.7416,0.7312,3.3824%,3.5527%,9.3567%,-0.004965,SPTN,88568.0,2019-02-26,252.0,0.5747%,0.0014,0.7507,1.7005,0.7216,3.3787%,3.5485%,9.3431%,0.020384,SPTN,88568.0,2019-02-27,252.0,-1.8182%,0.0012,0.7363,1.7196,0.7191,3.3758%,3.5453%,9.3355%,-0.0213229999999999,SPTN,88568.0,2019-02-28,252.0,0.4233%,0.0011,0.7513,1.7301,0.7284,3.3706%,3.5435%,9.5240%,0.007869,SPTN,88568.0,2019-03-01,252.0,-2.8451%,0.001,0.7312,1.7001,0.7145,3.3762%,3.5404%,9.0577%,-0.036054,SPTN,88568.0,2019-03-04,252.0,-0.1085%,0.001,0.7315,1.694,0.7155,3.3764%,3.5398%,9.0204%,0.006642,SPTN,88568.0,2019-03-05,252.0,-1.0315%,0.0008,0.7182,1.5889,0.7073,3.3541%,3.5023%,8.2811%,-0.002193,SPTN,88568.0,2019-03-06,252.0,-4.3335%,0.0007,0.7322,1.6212,0.7275,3.3552%,3.5129%,8.7727%,-0.017655,SPTN,-0.223626,-0.114545,-0.11951,-0.120449,-0.16184
9043,SPARTANNASH CO,"SpartanNash Q4 EPS $0.32 Misses $0.38 Estimate, Sales $1.897B Miss $1.93B Estimate",6,decrease,0.8,0.6,"the company's earnings per share and sales both missed analyst estimates, which typically leads to a negative reaction in stock prices.",0,2019-02-20,SPTN,2019-02-20 21:39:00+00:00,88568.0,84721510,-0.0116854039952158,298126.0,-0.2073669582605362,0.0220486689358949,0.1090074330568314,0.0013799763983115,-0.0098293088376522,0.0121042942628264,0.0057471585460007,0.0042075808160007,-0.0181818380951881,0.0075364978983998,0.0042328000999987,0.0075937281362712,-0.0284509491175413,-0.0112623078748583,-0.0010846235090866,0.007088828831911,-0.010314904153347,-0.0171853620558977,-0.0433351099491119,0.0155660333111882,0.0040137437172234,0.0162991434335708,-0.0039976979605853,0.0053012343123555,0.0263760928064584,-0.0179838705807924,-0.0703910738229751,-0.0033019622787833,0.0042067123576998,0.0076045552268624,-0.0209454838186502,0.0223518460988998,-0.0049474285915493,-0.0129496622830629,0.0174021553248167,-0.0183615535497665,-0.0036653249990195,0.0119104338809847,0.0177805591374635,-0.0033238222822546,-0.0096385451033711,-0.0098731070756912,-0.058394219726324,-0.0234159883111715,0.0116279274225235,0.0411090143024921,0.0268199276179075,0.0043206987902522,-0.0099502392113208,0.0096946572884917,0.0100502418354153,0.0167569350451231,-0.0130597036331892,0.0480372048914432,0.025204824283719,0.0010341497836634,-0.0227412916719913,-0.0015488221542909,0.0257861539721489,0.034169852733612,0.0177805591374635,0.0498878583312034,0.0024095787666738,0.0176839400082826,-0.0108173266053199,0.0203725472092628,-0.0036451681517064,0.0171699784696102,0.0256097614765167,0.0131973195821046,-0.0041616940870881,-0.0130254188552498,-0.0023881143424659,0.034926451742649,0.011370469816029,-0.0180506091564893,-0.0023668052162975,-0.0508280619978904,0.0136417280882597,-0.0173961538821458,-0.0040959445759654,0.0188679210841655,-0.0511163808405399,0.009815246798098,0.0191950146108865,-0.0258718207478523,0.0236938837915659,-0.0115574784576892,-0.0047477697953581,-0.0010995303746312,-0.0125224199146032,0.0271034147590398,-0.0018115205457434,0.030250059440732,-0.0217786207795143,-0.0348118431866169,-0.0278293024748563,-0.0111049842089414,-0.0159033071249723,0.0,0.0174531023949384,-0.046585451811552,0.0228717029094696,0.0074666342698037,-0.0118012754246592,0.0091496277600526,-0.0144562879577279,0.0075921574607491,0.0127550894394516,-0.0075349509716033,0.0176322255283594,-0.0179704092442989,-0.0495049618184566,0.005847985856235,0.0169270988553762,0.0085790809243917,-0.0153649020940065,-0.002673857845366,-0.0110533209517598,0.0394664257764816,-0.2073669582605362,0.0220486689358949,-0.1209640650244889,0.0234590719769522,-0.1296043807087576,0.0358473217501205,-0.1405184223538519,0.0480452413906031,-0.2069121981634172,0.0495282625754349,-0.2495841438347591,0.1879338217454926,-0.3001946287336285,0.2493192560591579,2019-02-21,2019-02-22,2019-02-25,2019-02-26,2019-02-27,2019-02-28,2019-03-01,2019-03-04,2019-03-05,2019-03-06,88568.0,2019-02-20,252.0,-1.1685%,0.0006,0.742,1.6787,0.926,3.3938%,3.5559%,8.9070%,-0.022209,SPTN,88568.0,2019-02-21,252.0,-20.7367%,-0.0001,0.7796,1.7109,0.9967,3.6209%,3.7822%,8.3489%,-0.201417,SPTN,88568.0,2019-02-22,252.0,10.9007%,0.0003,0.7627,1.7656,0.8434,3.6815%,3.8436%,8.2576%,0.109081,SPTN,88568.0,2019-02-25,252.0,-0.9829%,0.0012,0.7358,1.7416,0.7312,3.3824%,3.5527%,9.3567%,-0.004965,SPTN,88568.0,2019-02-26,252.0,0.5747%,0.0014,0.7507,1.7005,0.7216,3.3787%,3.5485%,9.3431%,0.020384,SPTN,88568.0,2019-02-27,252.0,-1.8182%,0.0012,0.7363,1.7196,0.7191,3.3758%,3.5453%,9.3355%,-0.0213229999999999,SPTN,88568.0,2019-02-28,252.0,0.4233%,0.0011,0.7513,1.7301,0.7284,3.3706%,3.5435%,9.5240%,0.007869,SPTN,88568.0,2019-03-01,252.0,-2.8451%,0.001,0.7312,1.7001,0.7145,3.3762%,3.5404%,9.0577%,-0.036054,SPTN,88568.0,2019-03-04,252.0,-0.1085%,0.001,0.7315,1.694,0.7155,3.3764%,3.5398%,9.0204%,0.006642,SPTN,88568.0,2019-03-05,252.0,-1.0315%,0.0008,0.7182,1.5889,0.7073,3.3541%,3.5023%,8.2811%,-0.002193,SPTN,88568.0,2019-03-06,252.0,-4.3335%,0.0007,0.7322,1.6212,0.7275,3.3552%,3.5129%,8.7727%,-0.017655,SPTN,-0.223626,-0.114545,-0.11951,-0.120449,-0.16184
9051,SPIRIT REALTY CAPITAL INC NEW,Spirit Realty Sees FY19 AFFO $3.32-$3.38,6,increase,0.7,0.6,"the forecasted affo range suggests positive financial performance, which could attract investors and lead to an increase in stock price.",2,2019-02-20,SRC,2019-02-20 21:33:00+00:00,14039.0,84860W30,-0.0120481811463832,416138.0,0.0099085206165909,-0.0155671127140522,0.0037736233789473,0.0170897282660007,-0.0152882356196641,0.0047980416566133,-0.0145075004547834,0.0109777972102165,-0.0080062337219715,-0.023678982630372,0.0059880120679736,0.0045067677274346,-0.0201863050460815,0.0075680939480662,0.0055467267520725,0.0083947600796818,-0.000787989993114,-0.0110691478475928,-0.0147213814780116,0.0050569092854857,0.0026681507006287,-0.0012626070529222,-0.0031932608690112,-0.0030212171841412,0.0106780976057052,0.0166368447244167,-0.0005282741039991,0.0140150776132941,-0.0023784395307302,0.0054801432415843,-0.0010596269275993,0.0018300573574379,-0.0076902923174202,0.0210891868919134,-0.0074825971387326,-0.0071561215445399,-0.0037695043720304,-0.0007944592507556,0.0016216586809605,0.0183386318385601,0.0186184179037809,0.0024330939631909,0.0007946696714498,-0.0183120649307966,-0.0007940386421978,0.006141509860754,0.0103311100974679,0.0260274186730384,-0.0010487916879355,-0.0132468678057193,0.0426509194076061,0.0068045724183321,0.0161125604063272,0.0068511916324496,0.0010068189585581,0.0021972488611936,-0.0002514995285309,0.0285310242325067,0.0020121184643357,-0.0097901672124862,0.014056259766221,0.0167804360389709,-0.0017326656961813,0.0153046138584613,0.0027274186722934,-0.017588622868061,-0.0074183791875839,0.0077187097631394,0.0137020237743854,-0.0004210946208331,-0.0019660363905131,0.0039458679966628,0.0071411207318305,0.0347039550542831,-0.0051345448009669,-0.0343564487993717,-0.0226099342107772,-0.009207640774548,-0.0080462582409381,-0.0126721514388918,0.0058301528915762,-0.0231431815773248,-0.0078125344589352,-0.0058855325914919,0.0162560176104307,-0.0536708608269691,0.0079980883747339,-0.0055388021282851,0.0066946847364306,0.0384313277900219,0.0133005157113075,0.0026212295051664,-0.0153135899454355,0.00527008716017,-0.0012342443224042,-0.0091383419930934,0.0140879806131124,-0.0279188156127929,0.0333902686834335,0.0154639026150107,-0.0165094509720802,0.0091027533635497,0.010791384615004,0.0363881364464759,-0.0151839423924684,0.0081521663814783,0.0007227799505926,-0.0080862455070018,0.0043331799097359,-0.0040268097072839,0.0124640567228198,0.0053981058299541,0.009469642303884,-0.0093583120033144,-0.0009381077834405,-0.0105820009484887,0.0037558651529252,-0.009174333885312,0.004443462472409,-0.0103761246427893,0.0099085206165909,-0.0155671127140522,0.0137195350205878,0.0012565778257791,-0.0017784480830632,0.0060606485951453,-0.0241361988805925,-0.0069790327396427,-0.0477642558345056,0.0073325137211515,0.0283746972727376,0.11440559963045,0.108651952181072,0.0519282150930362,2019-02-21,2019-02-22,2019-02-25,2019-02-26,2019-02-27,2019-02-28,2019-03-01,2019-03-04,2019-03-05,2019-03-06,14039.0,2019-02-20,252.0,-1.2048%,0.0007,0.37,-0.0361,-0.0928,1.2819%,1.3478%,9.5384%,-0.0124249999999999,SRC,14039.0,2019-02-21,252.0,0.9909%,0.0009,0.3592,-0.0558,-0.1126,1.2750%,1.3395%,9.3994%,0.010939,SRC,14039.0,2019-02-22,252.0,0.3774%,0.0008,0.3596,-0.0632,-0.1145,1.2745%,1.3394%,9.4579%,-9e-06,SRC,14039.0,2019-02-25,252.0,-1.5288%,0.0008,0.3592,-0.0551,-0.1118,1.2788%,1.3432%,9.3530%,-0.016298,SRC,14039.0,2019-02-26,252.0,-1.4508%,0.0008,0.3657,-0.0398,-0.0991,1.2821%,1.3467%,9.3703%,-0.014754,SRC,14039.0,2019-02-27,252.0,-0.8006%,0.0007,0.3596,-0.0317,-0.1002,1.2807%,1.3434%,9.1171%,-0.008479,SRC,14039.0,2019-02-28,252.0,0.5988%,0.0008,0.345,-0.0415,-0.1121,1.2716%,1.3310%,8.7240%,0.0067589999999999,SRC,14039.0,2019-03-01,252.0,-2.0186%,0.0005,0.3634,-0.0142,-0.0727,1.2570%,1.3192%,9.2101%,-0.023089,SRC,14039.0,2019-03-04,252.0,0.5547%,0.0006,0.3656,-0.0277,-0.0718,1.2571%,1.3195%,9.2352%,0.007573,SRC,14039.0,2019-03-05,252.0,-0.0788%,0.0005,0.3633,-0.0462,-0.0731,1.2552%,1.3168%,9.1424%,-0.0005149999999999,SRC,14039.0,2019-03-06,252.0,-1.4721%,0.0005,0.3696,-0.0208,-0.0625,1.2576%,1.3203%,9.2704%,-0.012313,SRC,-0.0014859999999999,-0.0014949999999999,-0.0177929999999999,-0.0410259999999999,-0.062611
9059,SPIRIT REALTY CAPITAL INC NEW,"Spirit Realty Capital Q4 EPS $0.60 Beats $0.35 Estimate, Sales $129.48M Beat $106.72M Estimate, FFO $1.06 Flat YoY",6,increase,0.8,0.7,"the company reported better-than-expected earnings and sales, which typically boosts investor confidence and can lead to an increase in stock price.",2,2019-02-20,SRC,2019-02-20 21:33:00+00:00,14039.0,84860W30,-0.0120481811463832,416138.0,0.0099085206165909,-0.0155671127140522,0.0037736233789473,0.0170897282660007,-0.0152882356196641,0.0047980416566133,-0.0145075004547834,0.0109777972102165,-0.0080062337219715,-0.023678982630372,0.0059880120679736,0.0045067677274346,-0.0201863050460815,0.0075680939480662,0.0055467267520725,0.0083947600796818,-0.000787989993114,-0.0110691478475928,-0.0147213814780116,0.0050569092854857,0.0026681507006287,-0.0012626070529222,-0.0031932608690112,-0.0030212171841412,0.0106780976057052,0.0166368447244167,-0.0005282741039991,0.0140150776132941,-0.0023784395307302,0.0054801432415843,-0.0010596269275993,0.0018300573574379,-0.0076902923174202,0.0210891868919134,-0.0074825971387326,-0.0071561215445399,-0.0037695043720304,-0.0007944592507556,0.0016216586809605,0.0183386318385601,0.0186184179037809,0.0024330939631909,0.0007946696714498,-0.0183120649307966,-0.0007940386421978,0.006141509860754,0.0103311100974679,0.0260274186730384,-0.0010487916879355,-0.0132468678057193,0.0426509194076061,0.0068045724183321,0.0161125604063272,0.0068511916324496,0.0010068189585581,0.0021972488611936,-0.0002514995285309,0.0285310242325067,0.0020121184643357,-0.0097901672124862,0.014056259766221,0.0167804360389709,-0.0017326656961813,0.0153046138584613,0.0027274186722934,-0.017588622868061,-0.0074183791875839,0.0077187097631394,0.0137020237743854,-0.0004210946208331,-0.0019660363905131,0.0039458679966628,0.0071411207318305,0.0347039550542831,-0.0051345448009669,-0.0343564487993717,-0.0226099342107772,-0.009207640774548,-0.0080462582409381,-0.0126721514388918,0.0058301528915762,-0.0231431815773248,-0.0078125344589352,-0.0058855325914919,0.0162560176104307,-0.0536708608269691,0.0079980883747339,-0.0055388021282851,0.0066946847364306,0.0384313277900219,0.0133005157113075,0.0026212295051664,-0.0153135899454355,0.00527008716017,-0.0012342443224042,-0.0091383419930934,0.0140879806131124,-0.0279188156127929,0.0333902686834335,0.0154639026150107,-0.0165094509720802,0.0091027533635497,0.010791384615004,0.0363881364464759,-0.0151839423924684,0.0081521663814783,0.0007227799505926,-0.0080862455070018,0.0043331799097359,-0.0040268097072839,0.0124640567228198,0.0053981058299541,0.009469642303884,-0.0093583120033144,-0.0009381077834405,-0.0105820009484887,0.0037558651529252,-0.009174333885312,0.004443462472409,-0.0103761246427893,0.0099085206165909,-0.0155671127140522,0.0137195350205878,0.0012565778257791,-0.0017784480830632,0.0060606485951453,-0.0241361988805925,-0.0069790327396427,-0.0477642558345056,0.0073325137211515,0.0283746972727376,0.11440559963045,0.108651952181072,0.0519282150930362,2019-02-21,2019-02-22,2019-02-25,2019-02-26,2019-02-27,2019-02-28,2019-03-01,2019-03-04,2019-03-05,2019-03-06,14039.0,2019-02-20,252.0,-1.2048%,0.0007,0.37,-0.0361,-0.0928,1.2819%,1.3478%,9.5384%,-0.0124249999999999,SRC,14039.0,2019-02-21,252.0,0.9909%,0.0009,0.3592,-0.0558,-0.1126,1.2750%,1.3395%,9.3994%,0.010939,SRC,14039.0,2019-02-22,252.0,0.3774%,0.0008,0.3596,-0.0632,-0.1145,1.2745%,1.3394%,9.4579%,-9e-06,SRC,14039.0,2019-02-25,252.0,-1.5288%,0.0008,0.3592,-0.0551,-0.1118,1.2788%,1.3432%,9.3530%,-0.016298,SRC,14039.0,2019-02-26,252.0,-1.4508%,0.0008,0.3657,-0.0398,-0.0991,1.2821%,1.3467%,9.3703%,-0.014754,SRC,14039.0,2019-02-27,252.0,-0.8006%,0.0007,0.3596,-0.0317,-0.1002,1.2807%,1.3434%,9.1171%,-0.008479,SRC,14039.0,2019-02-28,252.0,0.5988%,0.0008,0.345,-0.0415,-0.1121,1.2716%,1.3310%,8.7240%,0.0067589999999999,SRC,14039.0,2019-03-01,252.0,-2.0186%,0.0005,0.3634,-0.0142,-0.0727,1.2570%,1.3192%,9.2101%,-0.023089,SRC,14039.0,2019-03-04,252.0,0.5547%,0.0006,0.3656,-0.0277,-0.0718,1.2571%,1.3195%,9.2352%,0.007573,SRC,14039.0,2019-03-05,252.0,-0.0788%,0.0005,0.3633,-0.0462,-0.0731,1.2552%,1.3168%,9.1424%,-0.0005149999999999,SRC,14039.0,2019-03-06,252.0,-1.4721%,0.0005,0.3696,-0.0208,-0.0625,1.2576%,1.3203%,9.2704%,-0.012313,SRC,-0.0014859999999999,-0.0014949999999999,-0.0177929999999999,-0.0410259999999999,-0.062611
9067,CONSTELLATION BRANDS INC,Constellation Brands Projects 10-Cent Hit To Earnings From Canopy Growth Investment,6,decrease,0.7,0.5,"the projected 10-cent hit to earnings from the canopy growth investment suggests a negative impact on profitability, which could lead to a decrease in stock price.",0,2019-02-20,STZ,2019-02-20 22:09:00+00:00,69796.0,21036P10,-0.0442994832992553,5401775.0,-0.0079650366678833,-0.0010862868512049,0.0205855946987867,0.0054610078223049,-0.0112977856770157,-0.0046346485614776,0.0135208489373326,0.0164592396467924,-0.0009444758761674,-0.0048040854744613,-0.0005317361210472,-0.0097591420635581,0.0164341367781162,0.0067221955396234,-0.007618922740221,0.0102153914049267,-0.0185196250677108,-0.0139080127701163,-0.0084194401279091,0.0110526224598288,0.009514644742012,-0.0054100858978927,-0.008649468421936,0.0005182329332455,0.0128768235445022,0.017877047881484,0.0028515162412077,0.0146298352628946,0.0109591027721762,0.0014889815356582,-0.0002929980691988,0.0065946690738201,-0.000937832868658,0.0121974013745784,0.0036961273290216,-0.0048312279395759,-0.0219195690006017,0.0052206679247319,-0.0163150411099195,0.0035333649720996,0.0291008092463016,0.0236342810094356,0.0008264914504252,0.0030022249557077,-0.0087890373542904,-0.0040490492247045,0.0218401197344064,-0.0020514847710728,-0.0092598656192421,0.0103636318817734,0.0139901535585522,-0.0045018820092082,0.0164058078080415,0.0595600232481956,0.0128899477422237,-0.1241731122136116,-0.0049551757983863,0.0130496192723512,0.0168637633323669,0.0210058819502592,0.0654460117220878,0.031064286828041,0.0096631292253732,-0.0148743437603116,-0.0049664080142974,0.0200222972780466,-0.0075387177057564,-0.0125260548666119,-0.0041384738869965,-0.0039143692702054,0.0056285746395587,0.0004895473830401,-0.0033478024415671,0.0412233285605907,0.0020469184964895,-0.0322480946779251,-0.0047664134763181,-0.0281640216708183,0.0082627618685364,-0.0302748065441846,0.0376866124570369,-0.0030703209340572,0.0335010252892971,-0.0194831453263759,0.0098315440118312,-0.0287968292832374,0.0128205306828022,-0.0074467533268034,0.0096126599237322,-0.0219567883759737,0.0,-0.0108068473637104,0.0017910521710291,0.0078483782708644,-0.0040933242999017,-0.006945536006242,0.0019842120818793,-0.0110633419826626,-0.0140034947544336,-0.0023539098910987,0.0109028257429599,-0.0355179272592067,-0.0046830191276967,0.0125153874978423,-0.0120717100799083,-0.0022935231681913,-0.0032712400425225,-0.0253824777901172,-0.0219605341553688,0.0281920544803142,0.0066372593864798,0.008706416003406,-0.0106775490567088,0.0065857926383614,0.0212374627590179,-0.0070542730391025,-0.0016558532370254,0.0182991065084934,0.0088296867907047,-0.0138062890619039,-0.0079650366678833,-0.0010862868512049,0.0124565930142972,0.0043687887501082,0.0010180754191402,-0.0002861076118655,0.0135944690599933,0.0112866629610166,-0.0055096316537615,0.0153831121675425,0.0761169436966189,0.0531050192546254,0.2430725154768576,-0.0926710082473,2019-02-21,2019-02-22,2019-02-25,2019-02-26,2019-02-27,2019-02-28,2019-03-01,2019-03-04,2019-03-05,2019-03-06,69796.0,2019-02-20,252.0,-4.4299%,-0.0011,0.6196,-0.1125,-0.1499,1.5240%,1.6749%,17.2051%,-0.044881,STZ,69796.0,2019-02-21,252.0,-0.7965%,-0.0011,0.6188,-0.1153,-0.1514,1.5239%,1.6745%,17.1811%,-0.006196,STZ,69796.0,2019-02-22,252.0,2.0586%,-0.001,0.6159,-0.0963,-0.1688,1.5254%,1.6771%,17.2712%,0.014872,STZ,69796.0,2019-02-25,252.0,-1.1298%,-0.001,0.6156,-0.0907,-0.167,1.5272%,1.6784%,17.2083%,-0.012876,STZ,69796.0,2019-02-26,252.0,1.3521%,-0.001,0.6058,-0.1012,-0.1795,1.5281%,1.6755%,16.8145%,0.013274,STZ,69796.0,2019-02-27,252.0,-0.0944%,-0.001,0.6075,-0.1043,-0.1793,1.5279%,1.6753%,16.8206%,-0.001613,STZ,69796.0,2019-02-28,252.0,-0.0532%,-0.001,0.6117,-0.1014,-0.1767,1.5270%,1.6753%,16.9169%,0.000824,STZ,69796.0,2019-03-01,252.0,1.6434%,-0.001,0.6113,-0.102,-0.1831,1.5288%,1.6774%,16.9356%,0.011527,STZ,69796.0,2019-03-04,252.0,-0.7619%,-0.001,0.617,-0.1181,-0.1852,1.5272%,1.6778%,17.1537%,-0.004224,STZ,69796.0,2019-03-05,252.0,-1.8520%,-0.0011,0.6165,-0.1339,-0.1793,1.5280%,1.6774%,17.0129%,-0.018371,STZ,69796.0,2019-03-06,252.0,-0.8419%,-0.0011,0.6218,-0.1293,-0.1726,1.5276%,1.6780%,17.1295%,-0.004946,STZ,-0.051077,-0.036205,-0.049081,-0.03742,-0.05261
9075,CONSTELLATION BRANDS INC,Constellation Brands Projects 10-Cent Hit To Earnings From Canopy Growth Investment,6,decrease,0.7,0.5,"the projected 10-cent hit to earnings from the canopy growth investment suggests a negative impact on profitability, which could lead to a decrease in stock price.",0,2019-02-20,STZ,2019-02-20 22:09:00+00:00,69796.0,21036P10,-0.0442994832992553,5401775.0,-0.0079650366678833,-0.0010862868512049,0.0205855946987867,0.0054610078223049,-0.0112977856770157,-0.0046346485614776,0.0135208489373326,0.0164592396467924,-0.0009444758761674,-0.0048040854744613,-0.0005317361210472,-0.0097591420635581,0.0164341367781162,0.0067221955396234,-0.007618922740221,0.0102153914049267,-0.0185196250677108,-0.0139080127701163,-0.0084194401279091,0.0110526224598288,0.009514644742012,-0.0054100858978927,-0.008649468421936,0.0005182329332455,0.0128768235445022,0.017877047881484,0.0028515162412077,0.0146298352628946,0.0109591027721762,0.0014889815356582,-0.0002929980691988,0.0065946690738201,-0.000937832868658,0.0121974013745784,0.0036961273290216,-0.0048312279395759,-0.0219195690006017,0.0052206679247319,-0.0163150411099195,0.0035333649720996,0.0291008092463016,0.0236342810094356,0.0008264914504252,0.0030022249557077,-0.0087890373542904,-0.0040490492247045,0.0218401197344064,-0.0020514847710728,-0.0092598656192421,0.0103636318817734,0.0139901535585522,-0.0045018820092082,0.0164058078080415,0.0595600232481956,0.0128899477422237,-0.1241731122136116,-0.0049551757983863,0.0130496192723512,0.0168637633323669,0.0210058819502592,0.0654460117220878,0.031064286828041,0.0096631292253732,-0.0148743437603116,-0.0049664080142974,0.0200222972780466,-0.0075387177057564,-0.0125260548666119,-0.0041384738869965,-0.0039143692702054,0.0056285746395587,0.0004895473830401,-0.0033478024415671,0.0412233285605907,0.0020469184964895,-0.0322480946779251,-0.0047664134763181,-0.0281640216708183,0.0082627618685364,-0.0302748065441846,0.0376866124570369,-0.0030703209340572,0.0335010252892971,-0.0194831453263759,0.0098315440118312,-0.0287968292832374,0.0128205306828022,-0.0074467533268034,0.0096126599237322,-0.0219567883759737,0.0,-0.0108068473637104,0.0017910521710291,0.0078483782708644,-0.0040933242999017,-0.006945536006242,0.0019842120818793,-0.0110633419826626,-0.0140034947544336,-0.0023539098910987,0.0109028257429599,-0.0355179272592067,-0.0046830191276967,0.0125153874978423,-0.0120717100799083,-0.0022935231681913,-0.0032712400425225,-0.0253824777901172,-0.0219605341553688,0.0281920544803142,0.0066372593864798,0.008706416003406,-0.0106775490567088,0.0065857926383614,0.0212374627590179,-0.0070542730391025,-0.0016558532370254,0.0182991065084934,0.0088296867907047,-0.0138062890619039,-0.0079650366678833,-0.0010862868512049,0.0124565930142972,0.0043687887501082,0.0010180754191402,-0.0002861076118655,0.0135944690599933,0.0112866629610166,-0.0055096316537615,0.0153831121675425,0.0761169436966189,0.0531050192546254,0.2430725154768576,-0.0926710082473,2019-02-21,2019-02-22,2019-02-25,2019-02-26,2019-02-27,2019-02-28,2019-03-01,2019-03-04,2019-03-05,2019-03-06,69796.0,2019-02-20,252.0,-4.4299%,-0.0011,0.6196,-0.1125,-0.1499,1.5240%,1.6749%,17.2051%,-0.044881,STZ,69796.0,2019-02-21,252.0,-0.7965%,-0.0011,0.6188,-0.1153,-0.1514,1.5239%,1.6745%,17.1811%,-0.006196,STZ,69796.0,2019-02-22,252.0,2.0586%,-0.001,0.6159,-0.0963,-0.1688,1.5254%,1.6771%,17.2712%,0.014872,STZ,69796.0,2019-02-25,252.0,-1.1298%,-0.001,0.6156,-0.0907,-0.167,1.5272%,1.6784%,17.2083%,-0.012876,STZ,69796.0,2019-02-26,252.0,1.3521%,-0.001,0.6058,-0.1012,-0.1795,1.5281%,1.6755%,16.8145%,0.013274,STZ,69796.0,2019-02-27,252.0,-0.0944%,-0.001,0.6075,-0.1043,-0.1793,1.5279%,1.6753%,16.8206%,-0.001613,STZ,69796.0,2019-02-28,252.0,-0.0532%,-0.001,0.6117,-0.1014,-0.1767,1.5270%,1.6753%,16.9169%,0.000824,STZ,69796.0,2019-03-01,252.0,1.6434%,-0.001,0.6113,-0.102,-0.1831,1.5288%,1.6774%,16.9356%,0.011527,STZ,69796.0,2019-03-04,252.0,-0.7619%,-0.001,0.617,-0.1181,-0.1852,1.5272%,1.6778%,17.1537%,-0.004224,STZ,69796.0,2019-03-05,252.0,-1.8520%,-0.0011,0.6165,-0.1339,-0.1793,1.5280%,1.6774%,17.0129%,-0.018371,STZ,69796.0,2019-03-06,252.0,-0.8419%,-0.0011,0.6218,-0.1293,-0.1726,1.5276%,1.6780%,17.1295%,-0.004946,STZ,-0.051077,-0.036205,-0.049081,-0.03742,-0.05261
9083,CONSTELLATION BRANDS INC,Constellation Brands Expects Canopy Q3 Results To Have $0.10 Cost On EPS In The Fourth Quarter,6,decrease,0.7,0.6,"the expectation of a $0.10 cost on eps in the fourth quarter suggests potential negative impact on earnings, which could lead to a decrease in stock price.",0,2019-02-20,STZ,2019-02-20 20:58:00+00:00,69796.0,21036P10,-0.0442994832992553,5401775.0,-0.0079650366678833,-0.0010862868512049,0.0205855946987867,0.0054610078223049,-0.0112977856770157,-0.0046346485614776,0.0135208489373326,0.0164592396467924,-0.0009444758761674,-0.0048040854744613,-0.0005317361210472,-0.0097591420635581,0.0164341367781162,0.0067221955396234,-0.007618922740221,0.0102153914049267,-0.0185196250677108,-0.0139080127701163,-0.0084194401279091,0.0110526224598288,0.009514644742012,-0.0054100858978927,-0.008649468421936,0.0005182329332455,0.0128768235445022,0.017877047881484,0.0028515162412077,0.0146298352628946,0.0109591027721762,0.0014889815356582,-0.0002929980691988,0.0065946690738201,-0.000937832868658,0.0121974013745784,0.0036961273290216,-0.0048312279395759,-0.0219195690006017,0.0052206679247319,-0.0163150411099195,0.0035333649720996,0.0291008092463016,0.0236342810094356,0.0008264914504252,0.0030022249557077,-0.0087890373542904,-0.0040490492247045,0.0218401197344064,-0.0020514847710728,-0.0092598656192421,0.0103636318817734,0.0139901535585522,-0.0045018820092082,0.0164058078080415,0.0595600232481956,0.0128899477422237,-0.1241731122136116,-0.0049551757983863,0.0130496192723512,0.0168637633323669,0.0210058819502592,0.0654460117220878,0.031064286828041,0.0096631292253732,-0.0148743437603116,-0.0049664080142974,0.0200222972780466,-0.0075387177057564,-0.0125260548666119,-0.0041384738869965,-0.0039143692702054,0.0056285746395587,0.0004895473830401,-0.0033478024415671,0.0412233285605907,0.0020469184964895,-0.0322480946779251,-0.0047664134763181,-0.0281640216708183,0.0082627618685364,-0.0302748065441846,0.0376866124570369,-0.0030703209340572,0.0335010252892971,-0.0194831453263759,0.0098315440118312,-0.0287968292832374,0.0128205306828022,-0.0074467533268034,0.0096126599237322,-0.0219567883759737,0.0,-0.0108068473637104,0.0017910521710291,0.0078483782708644,-0.0040933242999017,-0.006945536006242,0.0019842120818793,-0.0110633419826626,-0.0140034947544336,-0.0023539098910987,0.0109028257429599,-0.0355179272592067,-0.0046830191276967,0.0125153874978423,-0.0120717100799083,-0.0022935231681913,-0.0032712400425225,-0.0253824777901172,-0.0219605341553688,0.0281920544803142,0.0066372593864798,0.008706416003406,-0.0106775490567088,0.0065857926383614,0.0212374627590179,-0.0070542730391025,-0.0016558532370254,0.0182991065084934,0.0088296867907047,-0.0138062890619039,-0.0079650366678833,-0.0010862868512049,0.0124565930142972,0.0043687887501082,0.0010180754191402,-0.0002861076118655,0.0135944690599933,0.0112866629610166,-0.0055096316537615,0.0153831121675425,0.0761169436966189,0.0531050192546254,0.2430725154768576,-0.0926710082473,2019-02-21,2019-02-22,2019-02-25,2019-02-26,2019-02-27,2019-02-28,2019-03-01,2019-03-04,2019-03-05,2019-03-06,69796.0,2019-02-20,252.0,-4.4299%,-0.0011,0.6196,-0.1125,-0.1499,1.5240%,1.6749%,17.2051%,-0.044881,STZ,69796.0,2019-02-21,252.0,-0.7965%,-0.0011,0.6188,-0.1153,-0.1514,1.5239%,1.6745%,17.1811%,-0.006196,STZ,69796.0,2019-02-22,252.0,2.0586%,-0.001,0.6159,-0.0963,-0.1688,1.5254%,1.6771%,17.2712%,0.014872,STZ,69796.0,2019-02-25,252.0,-1.1298%,-0.001,0.6156,-0.0907,-0.167,1.5272%,1.6784%,17.2083%,-0.012876,STZ,69796.0,2019-02-26,252.0,1.3521%,-0.001,0.6058,-0.1012,-0.1795,1.5281%,1.6755%,16.8145%,0.013274,STZ,69796.0,2019-02-27,252.0,-0.0944%,-0.001,0.6075,-0.1043,-0.1793,1.5279%,1.6753%,16.8206%,-0.001613,STZ,69796.0,2019-02-28,252.0,-0.0532%,-0.001,0.6117,-0.1014,-0.1767,1.5270%,1.6753%,16.9169%,0.000824,STZ,69796.0,2019-03-01,252.0,1.6434%,-0.001,0.6113,-0.102,-0.1831,1.5288%,1.6774%,16.9356%,0.011527,STZ,69796.0,2019-03-04,252.0,-0.7619%,-0.001,0.617,-0.1181,-0.1852,1.5272%,1.6778%,17.1537%,-0.004224,STZ,69796.0,2019-03-05,252.0,-1.8520%,-0.0011,0.6165,-0.1339,-0.1793,1.5280%,1.6774%,17.0129%,-0.018371,STZ,69796.0,2019-03-06,252.0,-0.8419%,-0.0011,0.6218,-0.1293,-0.1726,1.5276%,1.6780%,17.1295%,-0.004946,STZ,-0.051077,-0.036205,-0.049081,-0.03742,-0.05261
9091,CONSTELLATION BRANDS INC,Constellation Brands Expects Canopy Q3 Results To Have $0.10 Cost On EPS In The Fourth Quarter,6,decrease,0.7,0.6,"the expectation of a $0.10 cost on eps in the fourth quarter suggests potential negative impact on earnings, which could lead to a decrease in stock price.",0,2019-02-20,STZ,2019-02-20 20:58:00+00:00,69796.0,21036P10,-0.0442994832992553,5401775.0,-0.0079650366678833,-0.0010862868512049,0.0205855946987867,0.0054610078223049,-0.0112977856770157,-0.0046346485614776,0.0135208489373326,0.0164592396467924,-0.0009444758761674,-0.0048040854744613,-0.0005317361210472,-0.0097591420635581,0.0164341367781162,0.0067221955396234,-0.007618922740221,0.0102153914049267,-0.0185196250677108,-0.0139080127701163,-0.0084194401279091,0.0110526224598288,0.009514644742012,-0.0054100858978927,-0.008649468421936,0.0005182329332455,0.0128768235445022,0.017877047881484,0.0028515162412077,0.0146298352628946,0.0109591027721762,0.0014889815356582,-0.0002929980691988,0.0065946690738201,-0.000937832868658,0.0121974013745784,0.0036961273290216,-0.0048312279395759,-0.0219195690006017,0.0052206679247319,-0.0163150411099195,0.0035333649720996,0.0291008092463016,0.0236342810094356,0.0008264914504252,0.0030022249557077,-0.0087890373542904,-0.0040490492247045,0.0218401197344064,-0.0020514847710728,-0.0092598656192421,0.0103636318817734,0.0139901535585522,-0.0045018820092082,0.0164058078080415,0.0595600232481956,0.0128899477422237,-0.1241731122136116,-0.0049551757983863,0.0130496192723512,0.0168637633323669,0.0210058819502592,0.0654460117220878,0.031064286828041,0.0096631292253732,-0.0148743437603116,-0.0049664080142974,0.0200222972780466,-0.0075387177057564,-0.0125260548666119,-0.0041384738869965,-0.0039143692702054,0.0056285746395587,0.0004895473830401,-0.0033478024415671,0.0412233285605907,0.0020469184964895,-0.0322480946779251,-0.0047664134763181,-0.0281640216708183,0.0082627618685364,-0.0302748065441846,0.0376866124570369,-0.0030703209340572,0.0335010252892971,-0.0194831453263759,0.0098315440118312,-0.0287968292832374,0.0128205306828022,-0.0074467533268034,0.0096126599237322,-0.0219567883759737,0.0,-0.0108068473637104,0.0017910521710291,0.0078483782708644,-0.0040933242999017,-0.006945536006242,0.0019842120818793,-0.0110633419826626,-0.0140034947544336,-0.0023539098910987,0.0109028257429599,-0.0355179272592067,-0.0046830191276967,0.0125153874978423,-0.0120717100799083,-0.0022935231681913,-0.0032712400425225,-0.0253824777901172,-0.0219605341553688,0.0281920544803142,0.0066372593864798,0.008706416003406,-0.0106775490567088,0.0065857926383614,0.0212374627590179,-0.0070542730391025,-0.0016558532370254,0.0182991065084934,0.0088296867907047,-0.0138062890619039,-0.0079650366678833,-0.0010862868512049,0.0124565930142972,0.0043687887501082,0.0010180754191402,-0.0002861076118655,0.0135944690599933,0.0112866629610166,-0.0055096316537615,0.0153831121675425,0.0761169436966189,0.0531050192546254,0.2430725154768576,-0.0926710082473,2019-02-21,2019-02-22,2019-02-25,2019-02-26,2019-02-27,2019-02-28,2019-03-01,2019-03-04,2019-03-05,2019-03-06,69796.0,2019-02-20,252.0,-4.4299%,-0.0011,0.6196,-0.1125,-0.1499,1.5240%,1.6749%,17.2051%,-0.044881,STZ,69796.0,2019-02-21,252.0,-0.7965%,-0.0011,0.6188,-0.1153,-0.1514,1.5239%,1.6745%,17.1811%,-0.006196,STZ,69796.0,2019-02-22,252.0,2.0586%,-0.001,0.6159,-0.0963,-0.1688,1.5254%,1.6771%,17.2712%,0.014872,STZ,69796.0,2019-02-25,252.0,-1.1298%,-0.001,0.6156,-0.0907,-0.167,1.5272%,1.6784%,17.2083%,-0.012876,STZ,69796.0,2019-02-26,252.0,1.3521%,-0.001,0.6058,-0.1012,-0.1795,1.5281%,1.6755%,16.8145%,0.013274,STZ,69796.0,2019-02-27,252.0,-0.0944%,-0.001,0.6075,-0.1043,-0.1793,1.5279%,1.6753%,16.8206%,-0.001613,STZ,69796.0,2019-02-28,252.0,-0.0532%,-0.001,0.6117,-0.1014,-0.1767,1.5270%,1.6753%,16.9169%,0.000824,STZ,69796.0,2019-03-01,252.0,1.6434%,-0.001,0.6113,-0.102,-0.1831,1.5288%,1.6774%,16.9356%,0.011527,STZ,69796.0,2019-03-04,252.0,-0.7619%,-0.001,0.617,-0.1181,-0.1852,1.5272%,1.6778%,17.1537%,-0.004224,STZ,69796.0,2019-03-05,252.0,-1.8520%,-0.0011,0.6165,-0.1339,-0.1793,1.5280%,1.6774%,17.0129%,-0.018371,STZ,69796.0,2019-03-06,252.0,-0.8419%,-0.0011,0.6218,-0.1293,-0.1726,1.5276%,1.6780%,17.1295%,-0.004946,STZ,-0.051077,-0.036205,-0.049081,-0.03742,-0.05261
9099,CONSTELLATION BRANDS INC,From CAGNY: Constellation Brands Says Sees EPS Growth Of 10% Over Next Three Years,6,increase,0.8,0.6,"the projected eps growth of 10% over the next three years is likely to be viewed positively by investors, suggesting potential for increased stock value.",2,2019-02-20,STZ,2019-02-20 20:44:00+00:00,69796.0,21036P10,-0.0442994832992553,5401775.0,-0.0079650366678833,-0.0010862868512049,0.0205855946987867,0.0054610078223049,-0.0112977856770157,-0.0046346485614776,0.0135208489373326,0.0164592396467924,-0.0009444758761674,-0.0048040854744613,-0.0005317361210472,-0.0097591420635581,0.0164341367781162,0.0067221955396234,-0.007618922740221,0.0102153914049267,-0.0185196250677108,-0.0139080127701163,-0.0084194401279091,0.0110526224598288,0.009514644742012,-0.0054100858978927,-0.008649468421936,0.0005182329332455,0.0128768235445022,0.017877047881484,0.0028515162412077,0.0146298352628946,0.0109591027721762,0.0014889815356582,-0.0002929980691988,0.0065946690738201,-0.000937832868658,0.0121974013745784,0.0036961273290216,-0.0048312279395759,-0.0219195690006017,0.0052206679247319,-0.0163150411099195,0.0035333649720996,0.0291008092463016,0.0236342810094356,0.0008264914504252,0.0030022249557077,-0.0087890373542904,-0.0040490492247045,0.0218401197344064,-0.0020514847710728,-0.0092598656192421,0.0103636318817734,0.0139901535585522,-0.0045018820092082,0.0164058078080415,0.0595600232481956,0.0128899477422237,-0.1241731122136116,-0.0049551757983863,0.0130496192723512,0.0168637633323669,0.0210058819502592,0.0654460117220878,0.031064286828041,0.0096631292253732,-0.0148743437603116,-0.0049664080142974,0.0200222972780466,-0.0075387177057564,-0.0125260548666119,-0.0041384738869965,-0.0039143692702054,0.0056285746395587,0.0004895473830401,-0.0033478024415671,0.0412233285605907,0.0020469184964895,-0.0322480946779251,-0.0047664134763181,-0.0281640216708183,0.0082627618685364,-0.0302748065441846,0.0376866124570369,-0.0030703209340572,0.0335010252892971,-0.0194831453263759,0.0098315440118312,-0.0287968292832374,0.0128205306828022,-0.0074467533268034,0.0096126599237322,-0.0219567883759737,0.0,-0.0108068473637104,0.0017910521710291,0.0078483782708644,-0.0040933242999017,-0.006945536006242,0.0019842120818793,-0.0110633419826626,-0.0140034947544336,-0.0023539098910987,0.0109028257429599,-0.0355179272592067,-0.0046830191276967,0.0125153874978423,-0.0120717100799083,-0.0022935231681913,-0.0032712400425225,-0.0253824777901172,-0.0219605341553688,0.0281920544803142,0.0066372593864798,0.008706416003406,-0.0106775490567088,0.0065857926383614,0.0212374627590179,-0.0070542730391025,-0.0016558532370254,0.0182991065084934,0.0088296867907047,-0.0138062890619039,-0.0079650366678833,-0.0010862868512049,0.0124565930142972,0.0043687887501082,0.0010180754191402,-0.0002861076118655,0.0135944690599933,0.0112866629610166,-0.0055096316537615,0.0153831121675425,0.0761169436966189,0.0531050192546254,0.2430725154768576,-0.0926710082473,2019-02-21,2019-02-22,2019-02-25,2019-02-26,2019-02-27,2019-02-28,2019-03-01,2019-03-04,2019-03-05,2019-03-06,69796.0,2019-02-20,252.0,-4.4299%,-0.0011,0.6196,-0.1125,-0.1499,1.5240%,1.6749%,17.2051%,-0.044881,STZ,69796.0,2019-02-21,252.0,-0.7965%,-0.0011,0.6188,-0.1153,-0.1514,1.5239%,1.6745%,17.1811%,-0.006196,STZ,69796.0,2019-02-22,252.0,2.0586%,-0.001,0.6159,-0.0963,-0.1688,1.5254%,1.6771%,17.2712%,0.014872,STZ,69796.0,2019-02-25,252.0,-1.1298%,-0.001,0.6156,-0.0907,-0.167,1.5272%,1.6784%,17.2083%,-0.012876,STZ,69796.0,2019-02-26,252.0,1.3521%,-0.001,0.6058,-0.1012,-0.1795,1.5281%,1.6755%,16.8145%,0.013274,STZ,69796.0,2019-02-27,252.0,-0.0944%,-0.001,0.6075,-0.1043,-0.1793,1.5279%,1.6753%,16.8206%,-0.001613,STZ,69796.0,2019-02-28,252.0,-0.0532%,-0.001,0.6117,-0.1014,-0.1767,1.5270%,1.6753%,16.9169%,0.000824,STZ,69796.0,2019-03-01,252.0,1.6434%,-0.001,0.6113,-0.102,-0.1831,1.5288%,1.6774%,16.9356%,0.011527,STZ,69796.0,2019-03-04,252.0,-0.7619%,-0.001,0.617,-0.1181,-0.1852,1.5272%,1.6778%,17.1537%,-0.004224,STZ,69796.0,2019-03-05,252.0,-1.8520%,-0.0011,0.6165,-0.1339,-0.1793,1.5280%,1.6774%,17.0129%,-0.018371,STZ,69796.0,2019-03-06,252.0,-0.8419%,-0.0011,0.6218,-0.1293,-0.1726,1.5276%,1.6780%,17.1295%,-0.004946,STZ,-0.051077,-0.036205,-0.049081,-0.03742,-0.05261
9107,CONSTELLATION BRANDS INC,From CAGNY: Constellation Brands Says Sees EPS Growth Of 10% Over Next Three Years,6,increase,0.8,0.6,"the announcement of expected eps growth of 10% over the next three years is likely to be viewed positively by investors, suggesting potential for increased stock value.",2,2019-02-20,STZ,2019-02-20 20:44:00+00:00,69796.0,21036P10,-0.0442994832992553,5401775.0,-0.0079650366678833,-0.0010862868512049,0.0205855946987867,0.0054610078223049,-0.0112977856770157,-0.0046346485614776,0.0135208489373326,0.0164592396467924,-0.0009444758761674,-0.0048040854744613,-0.0005317361210472,-0.0097591420635581,0.0164341367781162,0.0067221955396234,-0.007618922740221,0.0102153914049267,-0.0185196250677108,-0.0139080127701163,-0.0084194401279091,0.0110526224598288,0.009514644742012,-0.0054100858978927,-0.008649468421936,0.0005182329332455,0.0128768235445022,0.017877047881484,0.0028515162412077,0.0146298352628946,0.0109591027721762,0.0014889815356582,-0.0002929980691988,0.0065946690738201,-0.000937832868658,0.0121974013745784,0.0036961273290216,-0.0048312279395759,-0.0219195690006017,0.0052206679247319,-0.0163150411099195,0.0035333649720996,0.0291008092463016,0.0236342810094356,0.0008264914504252,0.0030022249557077,-0.0087890373542904,-0.0040490492247045,0.0218401197344064,-0.0020514847710728,-0.0092598656192421,0.0103636318817734,0.0139901535585522,-0.0045018820092082,0.0164058078080415,0.0595600232481956,0.0128899477422237,-0.1241731122136116,-0.0049551757983863,0.0130496192723512,0.0168637633323669,0.0210058819502592,0.0654460117220878,0.031064286828041,0.0096631292253732,-0.0148743437603116,-0.0049664080142974,0.0200222972780466,-0.0075387177057564,-0.0125260548666119,-0.0041384738869965,-0.0039143692702054,0.0056285746395587,0.0004895473830401,-0.0033478024415671,0.0412233285605907,0.0020469184964895,-0.0322480946779251,-0.0047664134763181,-0.0281640216708183,0.0082627618685364,-0.0302748065441846,0.0376866124570369,-0.0030703209340572,0.0335010252892971,-0.0194831453263759,0.0098315440118312,-0.0287968292832374,0.0128205306828022,-0.0074467533268034,0.0096126599237322,-0.0219567883759737,0.0,-0.0108068473637104,0.0017910521710291,0.0078483782708644,-0.0040933242999017,-0.006945536006242,0.0019842120818793,-0.0110633419826626,-0.0140034947544336,-0.0023539098910987,0.0109028257429599,-0.0355179272592067,-0.0046830191276967,0.0125153874978423,-0.0120717100799083,-0.0022935231681913,-0.0032712400425225,-0.0253824777901172,-0.0219605341553688,0.0281920544803142,0.0066372593864798,0.008706416003406,-0.0106775490567088,0.0065857926383614,0.0212374627590179,-0.0070542730391025,-0.0016558532370254,0.0182991065084934,0.0088296867907047,-0.0138062890619039,-0.0079650366678833,-0.0010862868512049,0.0124565930142972,0.0043687887501082,0.0010180754191402,-0.0002861076118655,0.0135944690599933,0.0112866629610166,-0.0055096316537615,0.0153831121675425,0.0761169436966189,0.0531050192546254,0.2430725154768576,-0.0926710082473,2019-02-21,2019-02-22,2019-02-25,2019-02-26,2019-02-27,2019-02-28,2019-03-01,2019-03-04,2019-03-05,2019-03-06,69796.0,2019-02-20,252.0,-4.4299%,-0.0011,0.6196,-0.1125,-0.1499,1.5240%,1.6749%,17.2051%,-0.044881,STZ,69796.0,2019-02-21,252.0,-0.7965%,-0.0011,0.6188,-0.1153,-0.1514,1.5239%,1.6745%,17.1811%,-0.006196,STZ,69796.0,2019-02-22,252.0,2.0586%,-0.001,0.6159,-0.0963,-0.1688,1.5254%,1.6771%,17.2712%,0.014872,STZ,69796.0,2019-02-25,252.0,-1.1298%,-0.001,0.6156,-0.0907,-0.167,1.5272%,1.6784%,17.2083%,-0.012876,STZ,69796.0,2019-02-26,252.0,1.3521%,-0.001,0.6058,-0.1012,-0.1795,1.5281%,1.6755%,16.8145%,0.013274,STZ,69796.0,2019-02-27,252.0,-0.0944%,-0.001,0.6075,-0.1043,-0.1793,1.5279%,1.6753%,16.8206%,-0.001613,STZ,69796.0,2019-02-28,252.0,-0.0532%,-0.001,0.6117,-0.1014,-0.1767,1.5270%,1.6753%,16.9169%,0.000824,STZ,69796.0,2019-03-01,252.0,1.6434%,-0.001,0.6113,-0.102,-0.1831,1.5288%,1.6774%,16.9356%,0.011527,STZ,69796.0,2019-03-04,252.0,-0.7619%,-0.001,0.617,-0.1181,-0.1852,1.5272%,1.6778%,17.1537%,-0.004224,STZ,69796.0,2019-03-05,252.0,-1.8520%,-0.0011,0.6165,-0.1339,-0.1793,1.5280%,1.6774%,17.0129%,-0.018371,STZ,69796.0,2019-03-06,252.0,-0.8419%,-0.0011,0.6218,-0.1293,-0.1726,1.5276%,1.6780%,17.1295%,-0.004946,STZ,-0.051077,-0.036205,-0.049081,-0.03742,-0.05261
9115,CONSTELLATION BRANDS INC,"From CAGNY Conference: Constellation Brands Says Everything That's Not A Power Brand In The Wine Business, It Will Either Sell, Discontinue Or Milk Very Quickly Over The Next Year Or So",6,decrease,0.7,0.6,"the decision to sell or discontinue non-power brands in the wine business may signal a lack of confidence in those segments, potentially leading to negative investor sentiment and a decrease in stock price.",0,2019-02-20,STZ,2019-02-20 20:43:00+00:00,69796.0,21036P10,-0.0442994832992553,5401775.0,-0.0079650366678833,-0.0010862868512049,0.0205855946987867,0.0054610078223049,-0.0112977856770157,-0.0046346485614776,0.0135208489373326,0.0164592396467924,-0.0009444758761674,-0.0048040854744613,-0.0005317361210472,-0.0097591420635581,0.0164341367781162,0.0067221955396234,-0.007618922740221,0.0102153914049267,-0.0185196250677108,-0.0139080127701163,-0.0084194401279091,0.0110526224598288,0.009514644742012,-0.0054100858978927,-0.008649468421936,0.0005182329332455,0.0128768235445022,0.017877047881484,0.0028515162412077,0.0146298352628946,0.0109591027721762,0.0014889815356582,-0.0002929980691988,0.0065946690738201,-0.000937832868658,0.0121974013745784,0.0036961273290216,-0.0048312279395759,-0.0219195690006017,0.0052206679247319,-0.0163150411099195,0.0035333649720996,0.0291008092463016,0.0236342810094356,0.0008264914504252,0.0030022249557077,-0.0087890373542904,-0.0040490492247045,0.0218401197344064,-0.0020514847710728,-0.0092598656192421,0.0103636318817734,0.0139901535585522,-0.0045018820092082,0.0164058078080415,0.0595600232481956,0.0128899477422237,-0.1241731122136116,-0.0049551757983863,0.0130496192723512,0.0168637633323669,0.0210058819502592,0.0654460117220878,0.031064286828041,0.0096631292253732,-0.0148743437603116,-0.0049664080142974,0.0200222972780466,-0.0075387177057564,-0.0125260548666119,-0.0041384738869965,-0.0039143692702054,0.0056285746395587,0.0004895473830401,-0.0033478024415671,0.0412233285605907,0.0020469184964895,-0.0322480946779251,-0.0047664134763181,-0.0281640216708183,0.0082627618685364,-0.0302748065441846,0.0376866124570369,-0.0030703209340572,0.0335010252892971,-0.0194831453263759,0.0098315440118312,-0.0287968292832374,0.0128205306828022,-0.0074467533268034,0.0096126599237322,-0.0219567883759737,0.0,-0.0108068473637104,0.0017910521710291,0.0078483782708644,-0.0040933242999017,-0.006945536006242,0.0019842120818793,-0.0110633419826626,-0.0140034947544336,-0.0023539098910987,0.0109028257429599,-0.0355179272592067,-0.0046830191276967,0.0125153874978423,-0.0120717100799083,-0.0022935231681913,-0.0032712400425225,-0.0253824777901172,-0.0219605341553688,0.0281920544803142,0.0066372593864798,0.008706416003406,-0.0106775490567088,0.0065857926383614,0.0212374627590179,-0.0070542730391025,-0.0016558532370254,0.0182991065084934,0.0088296867907047,-0.0138062890619039,-0.0079650366678833,-0.0010862868512049,0.0124565930142972,0.0043687887501082,0.0010180754191402,-0.0002861076118655,0.0135944690599933,0.0112866629610166,-0.0055096316537615,0.0153831121675425,0.0761169436966189,0.0531050192546254,0.2430725154768576,-0.0926710082473,2019-02-21,2019-02-22,2019-02-25,2019-02-26,2019-02-27,2019-02-28,2019-03-01,2019-03-04,2019-03-05,2019-03-06,69796.0,2019-02-20,252.0,-4.4299%,-0.0011,0.6196,-0.1125,-0.1499,1.5240%,1.6749%,17.2051%,-0.044881,STZ,69796.0,2019-02-21,252.0,-0.7965%,-0.0011,0.6188,-0.1153,-0.1514,1.5239%,1.6745%,17.1811%,-0.006196,STZ,69796.0,2019-02-22,252.0,2.0586%,-0.001,0.6159,-0.0963,-0.1688,1.5254%,1.6771%,17.2712%,0.014872,STZ,69796.0,2019-02-25,252.0,-1.1298%,-0.001,0.6156,-0.0907,-0.167,1.5272%,1.6784%,17.2083%,-0.012876,STZ,69796.0,2019-02-26,252.0,1.3521%,-0.001,0.6058,-0.1012,-0.1795,1.5281%,1.6755%,16.8145%,0.013274,STZ,69796.0,2019-02-27,252.0,-0.0944%,-0.001,0.6075,-0.1043,-0.1793,1.5279%,1.6753%,16.8206%,-0.001613,STZ,69796.0,2019-02-28,252.0,-0.0532%,-0.001,0.6117,-0.1014,-0.1767,1.5270%,1.6753%,16.9169%,0.000824,STZ,69796.0,2019-03-01,252.0,1.6434%,-0.001,0.6113,-0.102,-0.1831,1.5288%,1.6774%,16.9356%,0.011527,STZ,69796.0,2019-03-04,252.0,-0.7619%,-0.001,0.617,-0.1181,-0.1852,1.5272%,1.6778%,17.1537%,-0.004224,STZ,69796.0,2019-03-05,252.0,-1.8520%,-0.0011,0.6165,-0.1339,-0.1793,1.5280%,1.6774%,17.0129%,-0.018371,STZ,69796.0,2019-03-06,252.0,-0.8419%,-0.0011,0.6218,-0.1293,-0.1726,1.5276%,1.6780%,17.1295%,-0.004946,STZ,-0.051077,-0.036205,-0.049081,-0.03742,-0.05261
9123,CONSTELLATION BRANDS INC,"From CAGNY Conference: Constellation Brands Says Everything That's Not A Power Brand In The Wine Business, It Will Either Sell, Discontinue Or Milk Very Quickly Over The Next Year Or So",6,decrease,0.7,0.6,"the decision to sell or discontinue non-power brands in the wine business may signal a lack of confidence in those segments, potentially leading to negative investor sentiment and a decrease in stock price.",0,2019-02-20,STZ,2019-02-20 20:43:00+00:00,69796.0,21036P10,-0.0442994832992553,5401775.0,-0.0079650366678833,-0.0010862868512049,0.0205855946987867,0.0054610078223049,-0.0112977856770157,-0.0046346485614776,0.0135208489373326,0.0164592396467924,-0.0009444758761674,-0.0048040854744613,-0.0005317361210472,-0.0097591420635581,0.0164341367781162,0.0067221955396234,-0.007618922740221,0.0102153914049267,-0.0185196250677108,-0.0139080127701163,-0.0084194401279091,0.0110526224598288,0.009514644742012,-0.0054100858978927,-0.008649468421936,0.0005182329332455,0.0128768235445022,0.017877047881484,0.0028515162412077,0.0146298352628946,0.0109591027721762,0.0014889815356582,-0.0002929980691988,0.0065946690738201,-0.000937832868658,0.0121974013745784,0.0036961273290216,-0.0048312279395759,-0.0219195690006017,0.0052206679247319,-0.0163150411099195,0.0035333649720996,0.0291008092463016,0.0236342810094356,0.0008264914504252,0.0030022249557077,-0.0087890373542904,-0.0040490492247045,0.0218401197344064,-0.0020514847710728,-0.0092598656192421,0.0103636318817734,0.0139901535585522,-0.0045018820092082,0.0164058078080415,0.0595600232481956,0.0128899477422237,-0.1241731122136116,-0.0049551757983863,0.0130496192723512,0.0168637633323669,0.0210058819502592,0.0654460117220878,0.031064286828041,0.0096631292253732,-0.0148743437603116,-0.0049664080142974,0.0200222972780466,-0.0075387177057564,-0.0125260548666119,-0.0041384738869965,-0.0039143692702054,0.0056285746395587,0.0004895473830401,-0.0033478024415671,0.0412233285605907,0.0020469184964895,-0.0322480946779251,-0.0047664134763181,-0.0281640216708183,0.0082627618685364,-0.0302748065441846,0.0376866124570369,-0.0030703209340572,0.0335010252892971,-0.0194831453263759,0.0098315440118312,-0.0287968292832374,0.0128205306828022,-0.0074467533268034,0.0096126599237322,-0.0219567883759737,0.0,-0.0108068473637104,0.0017910521710291,0.0078483782708644,-0.0040933242999017,-0.006945536006242,0.0019842120818793,-0.0110633419826626,-0.0140034947544336,-0.0023539098910987,0.0109028257429599,-0.0355179272592067,-0.0046830191276967,0.0125153874978423,-0.0120717100799083,-0.0022935231681913,-0.0032712400425225,-0.0253824777901172,-0.0219605341553688,0.0281920544803142,0.0066372593864798,0.008706416003406,-0.0106775490567088,0.0065857926383614,0.0212374627590179,-0.0070542730391025,-0.0016558532370254,0.0182991065084934,0.0088296867907047,-0.0138062890619039,-0.0079650366678833,-0.0010862868512049,0.0124565930142972,0.0043687887501082,0.0010180754191402,-0.0002861076118655,0.0135944690599933,0.0112866629610166,-0.0055096316537615,0.0153831121675425,0.0761169436966189,0.0531050192546254,0.2430725154768576,-0.0926710082473,2019-02-21,2019-02-22,2019-02-25,2019-02-26,2019-02-27,2019-02-28,2019-03-01,2019-03-04,2019-03-05,2019-03-06,69796.0,2019-02-20,252.0,-4.4299%,-0.0011,0.6196,-0.1125,-0.1499,1.5240%,1.6749%,17.2051%,-0.044881,STZ,69796.0,2019-02-21,252.0,-0.7965%,-0.0011,0.6188,-0.1153,-0.1514,1.5239%,1.6745%,17.1811%,-0.006196,STZ,69796.0,2019-02-22,252.0,2.0586%,-0.001,0.6159,-0.0963,-0.1688,1.5254%,1.6771%,17.2712%,0.014872,STZ,69796.0,2019-02-25,252.0,-1.1298%,-0.001,0.6156,-0.0907,-0.167,1.5272%,1.6784%,17.2083%,-0.012876,STZ,69796.0,2019-02-26,252.0,1.3521%,-0.001,0.6058,-0.1012,-0.1795,1.5281%,1.6755%,16.8145%,0.013274,STZ,69796.0,2019-02-27,252.0,-0.0944%,-0.001,0.6075,-0.1043,-0.1793,1.5279%,1.6753%,16.8206%,-0.001613,STZ,69796.0,2019-02-28,252.0,-0.0532%,-0.001,0.6117,-0.1014,-0.1767,1.5270%,1.6753%,16.9169%,0.000824,STZ,69796.0,2019-03-01,252.0,1.6434%,-0.001,0.6113,-0.102,-0.1831,1.5288%,1.6774%,16.9356%,0.011527,STZ,69796.0,2019-03-04,252.0,-0.7619%,-0.001,0.617,-0.1181,-0.1852,1.5272%,1.6778%,17.1537%,-0.004224,STZ,69796.0,2019-03-05,252.0,-1.8520%,-0.0011,0.6165,-0.1339,-0.1793,1.5280%,1.6774%,17.0129%,-0.018371,STZ,69796.0,2019-03-06,252.0,-0.8419%,-0.0011,0.6218,-0.1293,-0.1726,1.5276%,1.6780%,17.1295%,-0.004946,STZ,-0.051077,-0.036205,-0.049081,-0.03742,-0.05261
9131,CONSTELLATION BRANDS INC,Constellation Brands Executive At CAGNY Says Estimates Cannabis Market To Be Worth Over $200B Over Next Decade,6,increase,0.75,0.6,"the estimation of a $200b cannabis market over the next decade suggests significant growth potential for constellation brands, which has invested in the cannabis sector, likely boosting investor confidence and stock price.",2,2019-02-20,STZ,2019-02-20 20:28:00+00:00,69796.0,21036P10,-0.0442994832992553,5401775.0,-0.0079650366678833,-0.0010862868512049,0.0205855946987867,0.0054610078223049,-0.0112977856770157,-0.0046346485614776,0.0135208489373326,0.0164592396467924,-0.0009444758761674,-0.0048040854744613,-0.0005317361210472,-0.0097591420635581,0.0164341367781162,0.0067221955396234,-0.007618922740221,0.0102153914049267,-0.0185196250677108,-0.0139080127701163,-0.0084194401279091,0.0110526224598288,0.009514644742012,-0.0054100858978927,-0.008649468421936,0.0005182329332455,0.0128768235445022,0.017877047881484,0.0028515162412077,0.0146298352628946,0.0109591027721762,0.0014889815356582,-0.0002929980691988,0.0065946690738201,-0.000937832868658,0.0121974013745784,0.0036961273290216,-0.0048312279395759,-0.0219195690006017,0.0052206679247319,-0.0163150411099195,0.0035333649720996,0.0291008092463016,0.0236342810094356,0.0008264914504252,0.0030022249557077,-0.0087890373542904,-0.0040490492247045,0.0218401197344064,-0.0020514847710728,-0.0092598656192421,0.0103636318817734,0.0139901535585522,-0.0045018820092082,0.0164058078080415,0.0595600232481956,0.0128899477422237,-0.1241731122136116,-0.0049551757983863,0.0130496192723512,0.0168637633323669,0.0210058819502592,0.0654460117220878,0.031064286828041,0.0096631292253732,-0.0148743437603116,-0.0049664080142974,0.0200222972780466,-0.0075387177057564,-0.0125260548666119,-0.0041384738869965,-0.0039143692702054,0.0056285746395587,0.0004895473830401,-0.0033478024415671,0.0412233285605907,0.0020469184964895,-0.0322480946779251,-0.0047664134763181,-0.0281640216708183,0.0082627618685364,-0.0302748065441846,0.0376866124570369,-0.0030703209340572,0.0335010252892971,-0.0194831453263759,0.0098315440118312,-0.0287968292832374,0.0128205306828022,-0.0074467533268034,0.0096126599237322,-0.0219567883759737,0.0,-0.0108068473637104,0.0017910521710291,0.0078483782708644,-0.0040933242999017,-0.006945536006242,0.0019842120818793,-0.0110633419826626,-0.0140034947544336,-0.0023539098910987,0.0109028257429599,-0.0355179272592067,-0.0046830191276967,0.0125153874978423,-0.0120717100799083,-0.0022935231681913,-0.0032712400425225,-0.0253824777901172,-0.0219605341553688,0.0281920544803142,0.0066372593864798,0.008706416003406,-0.0106775490567088,0.0065857926383614,0.0212374627590179,-0.0070542730391025,-0.0016558532370254,0.0182991065084934,0.0088296867907047,-0.0138062890619039,-0.0079650366678833,-0.0010862868512049,0.0124565930142972,0.0043687887501082,0.0010180754191402,-0.0002861076118655,0.0135944690599933,0.0112866629610166,-0.0055096316537615,0.0153831121675425,0.0761169436966189,0.0531050192546254,0.2430725154768576,-0.0926710082473,2019-02-21,2019-02-22,2019-02-25,2019-02-26,2019-02-27,2019-02-28,2019-03-01,2019-03-04,2019-03-05,2019-03-06,69796.0,2019-02-20,252.0,-4.4299%,-0.0011,0.6196,-0.1125,-0.1499,1.5240%,1.6749%,17.2051%,-0.044881,STZ,69796.0,2019-02-21,252.0,-0.7965%,-0.0011,0.6188,-0.1153,-0.1514,1.5239%,1.6745%,17.1811%,-0.006196,STZ,69796.0,2019-02-22,252.0,2.0586%,-0.001,0.6159,-0.0963,-0.1688,1.5254%,1.6771%,17.2712%,0.014872,STZ,69796.0,2019-02-25,252.0,-1.1298%,-0.001,0.6156,-0.0907,-0.167,1.5272%,1.6784%,17.2083%,-0.012876,STZ,69796.0,2019-02-26,252.0,1.3521%,-0.001,0.6058,-0.1012,-0.1795,1.5281%,1.6755%,16.8145%,0.013274,STZ,69796.0,2019-02-27,252.0,-0.0944%,-0.001,0.6075,-0.1043,-0.1793,1.5279%,1.6753%,16.8206%,-0.001613,STZ,69796.0,2019-02-28,252.0,-0.0532%,-0.001,0.6117,-0.1014,-0.1767,1.5270%,1.6753%,16.9169%,0.000824,STZ,69796.0,2019-03-01,252.0,1.6434%,-0.001,0.6113,-0.102,-0.1831,1.5288%,1.6774%,16.9356%,0.011527,STZ,69796.0,2019-03-04,252.0,-0.7619%,-0.001,0.617,-0.1181,-0.1852,1.5272%,1.6778%,17.1537%,-0.004224,STZ,69796.0,2019-03-05,252.0,-1.8520%,-0.0011,0.6165,-0.1339,-0.1793,1.5280%,1.6774%,17.0129%,-0.018371,STZ,69796.0,2019-03-06,252.0,-0.8419%,-0.0011,0.6218,-0.1293,-0.1726,1.5276%,1.6780%,17.1295%,-0.004946,STZ,-0.051077,-0.036205,-0.049081,-0.03742,-0.05261
9139,CONSTELLATION BRANDS INC,Constellation Brands Executive At CAGNY Says Estimates Cannabis Market To Be Worth Over $200B Over Next Decade,6,increase,0.75,0.6,"the estimation of a $200b cannabis market over the next decade suggests significant growth potential for constellation brands, which has invested in the cannabis sector, likely boosting investor confidence and stock price.",2,2019-02-20,STZ,2019-02-20 20:28:00+00:00,69796.0,21036P10,-0.0442994832992553,5401775.0,-0.0079650366678833,-0.0010862868512049,0.0205855946987867,0.0054610078223049,-0.0112977856770157,-0.0046346485614776,0.0135208489373326,0.0164592396467924,-0.0009444758761674,-0.0048040854744613,-0.0005317361210472,-0.0097591420635581,0.0164341367781162,0.0067221955396234,-0.007618922740221,0.0102153914049267,-0.0185196250677108,-0.0139080127701163,-0.0084194401279091,0.0110526224598288,0.009514644742012,-0.0054100858978927,-0.008649468421936,0.0005182329332455,0.0128768235445022,0.017877047881484,0.0028515162412077,0.0146298352628946,0.0109591027721762,0.0014889815356582,-0.0002929980691988,0.0065946690738201,-0.000937832868658,0.0121974013745784,0.0036961273290216,-0.0048312279395759,-0.0219195690006017,0.0052206679247319,-0.0163150411099195,0.0035333649720996,0.0291008092463016,0.0236342810094356,0.0008264914504252,0.0030022249557077,-0.0087890373542904,-0.0040490492247045,0.0218401197344064,-0.0020514847710728,-0.0092598656192421,0.0103636318817734,0.0139901535585522,-0.0045018820092082,0.0164058078080415,0.0595600232481956,0.0128899477422237,-0.1241731122136116,-0.0049551757983863,0.0130496192723512,0.0168637633323669,0.0210058819502592,0.0654460117220878,0.031064286828041,0.0096631292253732,-0.0148743437603116,-0.0049664080142974,0.0200222972780466,-0.0075387177057564,-0.0125260548666119,-0.0041384738869965,-0.0039143692702054,0.0056285746395587,0.0004895473830401,-0.0033478024415671,0.0412233285605907,0.0020469184964895,-0.0322480946779251,-0.0047664134763181,-0.0281640216708183,0.0082627618685364,-0.0302748065441846,0.0376866124570369,-0.0030703209340572,0.0335010252892971,-0.0194831453263759,0.0098315440118312,-0.0287968292832374,0.0128205306828022,-0.0074467533268034,0.0096126599237322,-0.0219567883759737,0.0,-0.0108068473637104,0.0017910521710291,0.0078483782708644,-0.0040933242999017,-0.006945536006242,0.0019842120818793,-0.0110633419826626,-0.0140034947544336,-0.0023539098910987,0.0109028257429599,-0.0355179272592067,-0.0046830191276967,0.0125153874978423,-0.0120717100799083,-0.0022935231681913,-0.0032712400425225,-0.0253824777901172,-0.0219605341553688,0.0281920544803142,0.0066372593864798,0.008706416003406,-0.0106775490567088,0.0065857926383614,0.0212374627590179,-0.0070542730391025,-0.0016558532370254,0.0182991065084934,0.0088296867907047,-0.0138062890619039,-0.0079650366678833,-0.0010862868512049,0.0124565930142972,0.0043687887501082,0.0010180754191402,-0.0002861076118655,0.0135944690599933,0.0112866629610166,-0.0055096316537615,0.0153831121675425,0.0761169436966189,0.0531050192546254,0.2430725154768576,-0.0926710082473,2019-02-21,2019-02-22,2019-02-25,2019-02-26,2019-02-27,2019-02-28,2019-03-01,2019-03-04,2019-03-05,2019-03-06,69796.0,2019-02-20,252.0,-4.4299%,-0.0011,0.6196,-0.1125,-0.1499,1.5240%,1.6749%,17.2051%,-0.044881,STZ,69796.0,2019-02-21,252.0,-0.7965%,-0.0011,0.6188,-0.1153,-0.1514,1.5239%,1.6745%,17.1811%,-0.006196,STZ,69796.0,2019-02-22,252.0,2.0586%,-0.001,0.6159,-0.0963,-0.1688,1.5254%,1.6771%,17.2712%,0.014872,STZ,69796.0,2019-02-25,252.0,-1.1298%,-0.001,0.6156,-0.0907,-0.167,1.5272%,1.6784%,17.2083%,-0.012876,STZ,69796.0,2019-02-26,252.0,1.3521%,-0.001,0.6058,-0.1012,-0.1795,1.5281%,1.6755%,16.8145%,0.013274,STZ,69796.0,2019-02-27,252.0,-0.0944%,-0.001,0.6075,-0.1043,-0.1793,1.5279%,1.6753%,16.8206%,-0.001613,STZ,69796.0,2019-02-28,252.0,-0.0532%,-0.001,0.6117,-0.1014,-0.1767,1.5270%,1.6753%,16.9169%,0.000824,STZ,69796.0,2019-03-01,252.0,1.6434%,-0.001,0.6113,-0.102,-0.1831,1.5288%,1.6774%,16.9356%,0.011527,STZ,69796.0,2019-03-04,252.0,-0.7619%,-0.001,0.617,-0.1181,-0.1852,1.5272%,1.6778%,17.1537%,-0.004224,STZ,69796.0,2019-03-05,252.0,-1.8520%,-0.0011,0.6165,-0.1339,-0.1793,1.5280%,1.6774%,17.0129%,-0.018371,STZ,69796.0,2019-03-06,252.0,-0.8419%,-0.0011,0.6218,-0.1293,-0.1726,1.5276%,1.6780%,17.1295%,-0.004946,STZ,-0.051077,-0.036205,-0.049081,-0.03742,-0.05261
9147,CONSTELLATION BRANDS INC,Constellation Brads Sees High Single Digit Sales Growth For A Long Time To Come In Beer Business,6,increase,0.8,0.6,"high single-digit sales growth in the beer business suggests strong performance and positive outlook, likely boosting investor confidence and stock price.",2,2019-02-20,STZ,2019-02-20 20:17:00+00:00,69796.0,21036P10,-0.0442994832992553,5401775.0,-0.0079650366678833,-0.0010862868512049,0.0205855946987867,0.0054610078223049,-0.0112977856770157,-0.0046346485614776,0.0135208489373326,0.0164592396467924,-0.0009444758761674,-0.0048040854744613,-0.0005317361210472,-0.0097591420635581,0.0164341367781162,0.0067221955396234,-0.007618922740221,0.0102153914049267,-0.0185196250677108,-0.0139080127701163,-0.0084194401279091,0.0110526224598288,0.009514644742012,-0.0054100858978927,-0.008649468421936,0.0005182329332455,0.0128768235445022,0.017877047881484,0.0028515162412077,0.0146298352628946,0.0109591027721762,0.0014889815356582,-0.0002929980691988,0.0065946690738201,-0.000937832868658,0.0121974013745784,0.0036961273290216,-0.0048312279395759,-0.0219195690006017,0.0052206679247319,-0.0163150411099195,0.0035333649720996,0.0291008092463016,0.0236342810094356,0.0008264914504252,0.0030022249557077,-0.0087890373542904,-0.0040490492247045,0.0218401197344064,-0.0020514847710728,-0.0092598656192421,0.0103636318817734,0.0139901535585522,-0.0045018820092082,0.0164058078080415,0.0595600232481956,0.0128899477422237,-0.1241731122136116,-0.0049551757983863,0.0130496192723512,0.0168637633323669,0.0210058819502592,0.0654460117220878,0.031064286828041,0.0096631292253732,-0.0148743437603116,-0.0049664080142974,0.0200222972780466,-0.0075387177057564,-0.0125260548666119,-0.0041384738869965,-0.0039143692702054,0.0056285746395587,0.0004895473830401,-0.0033478024415671,0.0412233285605907,0.0020469184964895,-0.0322480946779251,-0.0047664134763181,-0.0281640216708183,0.0082627618685364,-0.0302748065441846,0.0376866124570369,-0.0030703209340572,0.0335010252892971,-0.0194831453263759,0.0098315440118312,-0.0287968292832374,0.0128205306828022,-0.0074467533268034,0.0096126599237322,-0.0219567883759737,0.0,-0.0108068473637104,0.0017910521710291,0.0078483782708644,-0.0040933242999017,-0.006945536006242,0.0019842120818793,-0.0110633419826626,-0.0140034947544336,-0.0023539098910987,0.0109028257429599,-0.0355179272592067,-0.0046830191276967,0.0125153874978423,-0.0120717100799083,-0.0022935231681913,-0.0032712400425225,-0.0253824777901172,-0.0219605341553688,0.0281920544803142,0.0066372593864798,0.008706416003406,-0.0106775490567088,0.0065857926383614,0.0212374627590179,-0.0070542730391025,-0.0016558532370254,0.0182991065084934,0.0088296867907047,-0.0138062890619039,-0.0079650366678833,-0.0010862868512049,0.0124565930142972,0.0043687887501082,0.0010180754191402,-0.0002861076118655,0.0135944690599933,0.0112866629610166,-0.0055096316537615,0.0153831121675425,0.0761169436966189,0.0531050192546254,0.2430725154768576,-0.0926710082473,2019-02-21,2019-02-22,2019-02-25,2019-02-26,2019-02-27,2019-02-28,2019-03-01,2019-03-04,2019-03-05,2019-03-06,69796.0,2019-02-20,252.0,-4.4299%,-0.0011,0.6196,-0.1125,-0.1499,1.5240%,1.6749%,17.2051%,-0.044881,STZ,69796.0,2019-02-21,252.0,-0.7965%,-0.0011,0.6188,-0.1153,-0.1514,1.5239%,1.6745%,17.1811%,-0.006196,STZ,69796.0,2019-02-22,252.0,2.0586%,-0.001,0.6159,-0.0963,-0.1688,1.5254%,1.6771%,17.2712%,0.014872,STZ,69796.0,2019-02-25,252.0,-1.1298%,-0.001,0.6156,-0.0907,-0.167,1.5272%,1.6784%,17.2083%,-0.012876,STZ,69796.0,2019-02-26,252.0,1.3521%,-0.001,0.6058,-0.1012,-0.1795,1.5281%,1.6755%,16.8145%,0.013274,STZ,69796.0,2019-02-27,252.0,-0.0944%,-0.001,0.6075,-0.1043,-0.1793,1.5279%,1.6753%,16.8206%,-0.001613,STZ,69796.0,2019-02-28,252.0,-0.0532%,-0.001,0.6117,-0.1014,-0.1767,1.5270%,1.6753%,16.9169%,0.000824,STZ,69796.0,2019-03-01,252.0,1.6434%,-0.001,0.6113,-0.102,-0.1831,1.5288%,1.6774%,16.9356%,0.011527,STZ,69796.0,2019-03-04,252.0,-0.7619%,-0.001,0.617,-0.1181,-0.1852,1.5272%,1.6778%,17.1537%,-0.004224,STZ,69796.0,2019-03-05,252.0,-1.8520%,-0.0011,0.6165,-0.1339,-0.1793,1.5280%,1.6774%,17.0129%,-0.018371,STZ,69796.0,2019-03-06,252.0,-0.8419%,-0.0011,0.6218,-0.1293,-0.1726,1.5276%,1.6780%,17.1295%,-0.004946,STZ,-0.051077,-0.036205,-0.049081,-0.03742,-0.05261
9155,CONSTELLATION BRANDS INC,Constellation Brads Sees High Single Digit Sales Growth For A Long Time To Come In Beer Business,6,increase,0.8,0.6,"high single-digit sales growth in the beer business suggests strong performance and positive outlook, likely boosting investor confidence and stock price.",2,2019-02-20,STZ,2019-02-20 20:17:00+00:00,69796.0,21036P10,-0.0442994832992553,5401775.0,-0.0079650366678833,-0.0010862868512049,0.0205855946987867,0.0054610078223049,-0.0112977856770157,-0.0046346485614776,0.0135208489373326,0.0164592396467924,-0.0009444758761674,-0.0048040854744613,-0.0005317361210472,-0.0097591420635581,0.0164341367781162,0.0067221955396234,-0.007618922740221,0.0102153914049267,-0.0185196250677108,-0.0139080127701163,-0.0084194401279091,0.0110526224598288,0.009514644742012,-0.0054100858978927,-0.008649468421936,0.0005182329332455,0.0128768235445022,0.017877047881484,0.0028515162412077,0.0146298352628946,0.0109591027721762,0.0014889815356582,-0.0002929980691988,0.0065946690738201,-0.000937832868658,0.0121974013745784,0.0036961273290216,-0.0048312279395759,-0.0219195690006017,0.0052206679247319,-0.0163150411099195,0.0035333649720996,0.0291008092463016,0.0236342810094356,0.0008264914504252,0.0030022249557077,-0.0087890373542904,-0.0040490492247045,0.0218401197344064,-0.0020514847710728,-0.0092598656192421,0.0103636318817734,0.0139901535585522,-0.0045018820092082,0.0164058078080415,0.0595600232481956,0.0128899477422237,-0.1241731122136116,-0.0049551757983863,0.0130496192723512,0.0168637633323669,0.0210058819502592,0.0654460117220878,0.031064286828041,0.0096631292253732,-0.0148743437603116,-0.0049664080142974,0.0200222972780466,-0.0075387177057564,-0.0125260548666119,-0.0041384738869965,-0.0039143692702054,0.0056285746395587,0.0004895473830401,-0.0033478024415671,0.0412233285605907,0.0020469184964895,-0.0322480946779251,-0.0047664134763181,-0.0281640216708183,0.0082627618685364,-0.0302748065441846,0.0376866124570369,-0.0030703209340572,0.0335010252892971,-0.0194831453263759,0.0098315440118312,-0.0287968292832374,0.0128205306828022,-0.0074467533268034,0.0096126599237322,-0.0219567883759737,0.0,-0.0108068473637104,0.0017910521710291,0.0078483782708644,-0.0040933242999017,-0.006945536006242,0.0019842120818793,-0.0110633419826626,-0.0140034947544336,-0.0023539098910987,0.0109028257429599,-0.0355179272592067,-0.0046830191276967,0.0125153874978423,-0.0120717100799083,-0.0022935231681913,-0.0032712400425225,-0.0253824777901172,-0.0219605341553688,0.0281920544803142,0.0066372593864798,0.008706416003406,-0.0106775490567088,0.0065857926383614,0.0212374627590179,-0.0070542730391025,-0.0016558532370254,0.0182991065084934,0.0088296867907047,-0.0138062890619039,-0.0079650366678833,-0.0010862868512049,0.0124565930142972,0.0043687887501082,0.0010180754191402,-0.0002861076118655,0.0135944690599933,0.0112866629610166,-0.0055096316537615,0.0153831121675425,0.0761169436966189,0.0531050192546254,0.2430725154768576,-0.0926710082473,2019-02-21,2019-02-22,2019-02-25,2019-02-26,2019-02-27,2019-02-28,2019-03-01,2019-03-04,2019-03-05,2019-03-06,69796.0,2019-02-20,252.0,-4.4299%,-0.0011,0.6196,-0.1125,-0.1499,1.5240%,1.6749%,17.2051%,-0.044881,STZ,69796.0,2019-02-21,252.0,-0.7965%,-0.0011,0.6188,-0.1153,-0.1514,1.5239%,1.6745%,17.1811%,-0.006196,STZ,69796.0,2019-02-22,252.0,2.0586%,-0.001,0.6159,-0.0963,-0.1688,1.5254%,1.6771%,17.2712%,0.014872,STZ,69796.0,2019-02-25,252.0,-1.1298%,-0.001,0.6156,-0.0907,-0.167,1.5272%,1.6784%,17.2083%,-0.012876,STZ,69796.0,2019-02-26,252.0,1.3521%,-0.001,0.6058,-0.1012,-0.1795,1.5281%,1.6755%,16.8145%,0.013274,STZ,69796.0,2019-02-27,252.0,-0.0944%,-0.001,0.6075,-0.1043,-0.1793,1.5279%,1.6753%,16.8206%,-0.001613,STZ,69796.0,2019-02-28,252.0,-0.0532%,-0.001,0.6117,-0.1014,-0.1767,1.5270%,1.6753%,16.9169%,0.000824,STZ,69796.0,2019-03-01,252.0,1.6434%,-0.001,0.6113,-0.102,-0.1831,1.5288%,1.6774%,16.9356%,0.011527,STZ,69796.0,2019-03-04,252.0,-0.7619%,-0.001,0.617,-0.1181,-0.1852,1.5272%,1.6778%,17.1537%,-0.004224,STZ,69796.0,2019-03-05,252.0,-1.8520%,-0.0011,0.6165,-0.1339,-0.1793,1.5280%,1.6774%,17.0129%,-0.018371,STZ,69796.0,2019-03-06,252.0,-0.8419%,-0.0011,0.6218,-0.1293,-0.1726,1.5276%,1.6780%,17.1295%,-0.004946,STZ,-0.051077,-0.036205,-0.049081,-0.03742,-0.05261
9163,SUN COMMUNITIES INC,"Sun Communities Q4 FFO $1.03 Up From $0.98 YoY, Sales $183.06M Miss $183.5M Estimate",6,uncertain,0.6,0.2,"while the increase in ffo is a positive sign, the sales miss could raise concerns among investors, leading to uncertainty in the stock price movement.",1,2019-02-20,SUI,2019-02-20 22:25:00+00:00,80102.0,86667410,-0.0054077864624559,446492.0,-0.0017538976389914,0.0008729678811505,-0.0006149494438432,0.007653085514903,-0.0023734553251415,0.0037969122640788,0.0008811214938759,0.014148848131299,-0.0027290920261293,-0.0166431795805692,0.0025600362569093,0.0002642365870997,0.0019371419912204,0.0024723953101783,0.0108093479648232,0.0117930825799703,0.0035646294709295,0.0030469037592411,0.0004331893869675,0.0047721844166517,0.0018184887012466,0.0096363415941596,0.0025067068636417,0.0008188184583559,0.0137954680249095,0.0174026191234588,0.0022112135775387,0.0045564239844679,-0.0040732836350798,0.0082504898309707,0.0021301975939422,0.0095598874613642,0.0056967791169881,0.0083993980661034,-0.0186844691634178,-0.0016200285172089,-0.0050831078551709,-0.0001905168028315,-0.0007793900440447,0.0011446275748312,0.0176791828125715,-0.0082300892099738,0.005364874843508,0.0080098817124962,-0.0013552095042541,0.0123564675450325,0.0083120921626687,0.0032929426524788,-0.0058882650919258,-0.0021262320224195,0.0100694065913558,0.0071053472347557,-0.0008430795860476,0.0210693199187517,0.0063280458562076,-0.0073006893508136,0.009977382607758,0.0155295366421341,-0.0014942744746804,0.0040236786007881,-0.0015796677907928,0.00454733800143,0.0035806505475193,0.011964394710958,-0.0058081396855413,-0.0385409332811832,-0.0076781688258051,0.0096287596970796,0.0108494609594345,0.002371294889599,-0.0001664387382334,0.0067641530185937,0.0060747554525732,0.0303371846675872,-0.0073614506982266,-0.0439937077462673,-0.0287476424127817,-0.0071984967216849,0.0088366400450468,-0.0065713208168745,0.0140318190678954,-0.0070050447247922,-0.0132505390793085,0.0036598020233213,0.016488142311573,-0.0341395176947116,0.0088629201054573,0.0063658519648015,0.0130945974960923,0.0077358460985124,-0.0010634592035785,-0.0150529891252517,-0.0040127579122781,-0.0046244910918176,0.0120045971125364,-0.0018463529413565,0.0056060678325593,0.0,0.0005655626882798,0.0311280023306608,-0.0010497194016352,-0.0016156450146809,0.001697510946542,0.0107589121907949,-0.0167850367724895,0.0126458695158362,-0.0056631225161254,-0.001456958707422,0.0075113167986273,0.0058622225187718,0.0073734354227781,-0.0006834572996012,0.0114671736955642,0.0044130329042673,-0.0076385345309972,-0.0027383742853999,0.0058337482623755,0.0024509804788976,0.0080554215237498,-0.0002940192061942,-0.0017538976389914,0.0008729678811505,-0.002367768524457,0.0085327342938998,-0.0047356040567855,0.0123620446014653,-0.006577216606407,0.0095984852584956,0.0127159920077566,0.0323249063253638,0.0614793975317862,0.1533044692792444,0.104369243682592,0.1316087296933807,2019-02-21,2019-02-22,2019-02-25,2019-02-26,2019-02-27,2019-02-28,2019-03-01,2019-03-04,2019-03-05,2019-03-06,80102.0,2019-02-20,252.0,-0.5408%,0.0011,0.2649,-0.2194,-0.161,0.9768%,1.0332%,10.6225%,-0.004719,SUI,80102.0,2019-02-21,252.0,-0.1754%,0.0012,0.2583,-0.2334,-0.1731,0.9688%,1.0253%,10.7240%,-0.001398,SUI,80102.0,2019-02-22,252.0,-0.0615%,0.0012,0.2587,-0.2265,-0.1622,0.9685%,1.0237%,10.4912%,-0.003655,SUI,80102.0,2019-02-25,252.0,-0.2373%,0.001,0.2623,-0.2206,-0.1457,0.9495%,1.0049%,10.7373%,-0.0037419999999999,SUI,80102.0,2019-02-26,252.0,0.0881%,0.001,0.2568,-0.2129,-0.1459,0.9475%,1.0006%,10.3362%,-0.000691,SUI,80102.0,2019-02-27,252.0,-0.2729%,0.001,0.2593,-0.2184,-0.1455,0.9471%,1.0009%,10.4550%,-0.002831,SUI,80102.0,2019-02-28,252.0,0.2560%,0.0011,0.2469,-0.2268,-0.1549,0.9366%,0.9882%,10.1656%,0.002944,SUI,80102.0,2019-03-01,252.0,0.1937%,0.001,0.2519,-0.2194,-0.1467,0.9350%,0.9871%,10.2783%,0.000108,SUI,80102.0,2019-03-04,252.0,1.0809%,0.0011,0.2516,-0.2278,-0.1444,0.9374%,0.9888%,10.1301%,0.011724,SUI,80102.0,2019-03-05,252.0,0.3565%,0.0011,0.2527,-0.2182,-0.1443,0.9366%,0.9881%,10.1414%,0.0028499999999999,SUI,80102.0,2019-03-06,252.0,0.0433%,0.0011,0.2551,-0.217,-0.1414,0.9364%,0.9881%,10.1854%,-0.000226,SUI,-0.006117,-0.009772,-0.0135139999999999,-0.017036,0.000364
9171,SUNOCO LP,"Sunoco Q4 EPS $(1.11) Does Not Compare To $0.73 Estimate, Sales $3.9B Miss $4.26B Estimate",6,decrease,0.85,0.7,the significant miss in both eps and sales compared to estimates is likely to negatively impact investor sentiment and lead to a decrease in stock price.,0,2019-02-20,SUN,2019-02-20 21:08:00+00:00,13584.0,86765K10,-0.0138751259073615,631267.0,-0.0120603218674659,-0.0023071751929819,0.0125466547906398,0.0063018421642482,0.0154051929712295,-0.0019860796164721,-0.0042875711806118,0.0039880005642771,-0.0029811246786266,0.0220787916332483,-0.0039867386221885,0.0130764311179518,0.0040026963688433,0.0003442419692873,-0.0039867386221885,-0.0108955260366201,-0.0043361959978938,-0.0278053060173988,-0.0023450483568012,-0.0020739962346851,-0.0073875491507351,0.0051712943241,0.0030446602031588,0.0101208416745066,0.0118043972179293,-0.0006525435019284,-0.0033333459869027,0.0155732044950127,0.0016722790896892,0.0006631451542489,0.0020033209584653,-0.0108232181519269,0.0069976369850337,0.0173506997525692,0.0092654097825288,0.0138700902462005,0.0026229482609778,0.0119822109118104,0.0042511168867349,0.0027463070582598,0.0078150983899831,0.0024087990168482,-0.0051696235314011,0.0024146151263266,-0.0035726081114262,0.0006903851754032,0.0055410717613995,0.0055536217987537,-0.0003241565136704,0.0201841257512569,0.0084306169301271,-0.0105116022750735,0.0019292432116344,-0.0010500097414478,0.00962770357728,0.0091840419918298,0.0063573033548891,0.0092691704630851,-0.008212262764573,0.0177793819457292,-0.0063693905249238,0.0124908210709691,-0.0016026007942855,0.0036872592754662,-0.0051364316605031,-0.0025744645390659,-0.0109712863340973,0.0330547429621219,-0.0045676799491047,0.0158240012824535,0.0091773411259055,0.0152821075171232,0.0038973344489932,0.0580430999398231,-0.0022646293509751,-0.0447524413466453,-0.0155641874298453,-0.0351547598838806,-0.0013175532221794,-0.0274990629404783,-0.0009894056711345,0.0033557105343788,0.0184879321604967,-0.0062986318953335,-0.0051863808184862,-0.0256318040192127,-0.003258402692154,-0.0078796315938234,-0.0062111974693834,0.0108616668730974,0.0134868370369076,0.0083972783759236,-0.0032457117922604,0.0077262353152036,0.00716383010149,-0.0003677906934171,0.0045263301581144,-0.0112727079540491,0.0035404122900217,0.0069571784697473,0.0080179600045084,-0.0211469586938619,-0.0103245181962847,-0.0021459036506712,-0.0161822903901338,-0.0095643093809485,-0.005370988510549,0.0021299065556377,0.0168747901916503,0.0118534453213214,0.0155991120263934,-0.0131158791482448,-0.0045752055011689,0.0114736361429095,0.0088640991598367,-0.0010745231993496,-0.0136674288660287,0.0390770062804222,0.0013197266962379,0.0059903315268456,-0.0120603218674659,-0.0023071751929819,0.0003350162280388,0.0039801275173547,0.0157453701889098,0.0019861430507495,0.0083752090607596,0.0281929327403047,-0.0023450481270154,-9.197221835055558e-05,0.0519262708225478,0.1283432745308022,0.0444692907665398,0.1642508842525529,2019-02-21,2019-02-22,2019-02-25,2019-02-26,2019-02-27,2019-02-28,2019-03-01,2019-03-04,2019-03-05,2019-03-06,13584.0,2019-02-20,252.0,-1.3875%,0.0003,0.6035,0.3394,0.0866,1.2840%,1.4388%,20.3640%,-0.016394,SUN,13584.0,2019-02-21,252.0,-1.2060%,0.0003,0.6036,0.3374,0.0868,1.2849%,1.4393%,20.2952%,-0.009491,SUN,13584.0,2019-02-22,252.0,1.2547%,0.0004,0.6023,0.3436,0.0772,1.2856%,1.4411%,20.4129%,0.007943,SUN,13584.0,2019-02-25,252.0,1.5405%,0.0004,0.6029,0.3368,0.0759,1.2886%,1.4437%,20.3313%,0.015434,SUN,13584.0,2019-02-26,252.0,-0.4288%,0.0004,0.6023,0.3394,0.0768,1.2886%,1.4428%,20.2342%,-0.001017,SUN,13584.0,2019-02-27,252.0,-0.2981%,0.0005,0.6136,0.3179,0.0786,1.2785%,1.4369%,20.8359%,-0.004176,SUN,13584.0,2019-02-28,252.0,-0.3987%,0.0005,0.6087,0.3145,0.0757,1.2770%,1.4326%,20.5353%,-0.002052,SUN,13584.0,2019-03-01,252.0,0.4003%,0.0005,0.6044,0.308,0.0697,1.2764%,1.4296%,20.2846%,-0.00108,SUN,13584.0,2019-03-04,252.0,-0.3987%,0.0005,0.6016,0.3178,0.0703,1.2758%,1.4284%,20.2259%,2.6e-05,SUN,13584.0,2019-03-05,252.0,-0.4336%,0.0006,0.6049,0.3421,0.0737,1.2733%,1.4284%,20.5321%,-0.0022489999999999,SUN,13584.0,2019-03-06,252.0,-0.2345%,0.0007,0.6105,0.3219,0.0773,1.2702%,1.4270%,20.7776%,0.006927,SUN,-0.025885,-0.017942,-0.0025079999999999,-0.0077009999999999,-0.0061289999999999
9179,CARROLS RESTAURANT GROUP INC,"Carrols Restaurant Group, Inc. Enters Into Definitive Agreement To Acquire 221 Restaurants And Expand Into Popeyes Brand Through Merger With Cambridge Franchise Holdings, LLC",6,increase,0.75,0.6,"the acquisition of 221 restaurants and expansion into the popeyes brand is likely to enhance carrols restaurant group's market presence and revenue potential, which could positively impact its stock price.",2,2019-02-20,TAST,2019-02-20 12:14:00+00:00,91678.0,14574X10,0.1422459781169891,1089663.0,0.0262172035872936,0.0064586028456687,0.0209853593260049,0.0265193115919828,-0.0080428244546055,0.0022148902062326,0.00270267855376,-0.0087815504521131,-0.0413297414779663,-0.0032823507208377,0.0018743677064776,0.0144284255802631,0.0093545727431774,0.0089585576206445,-0.0101945931091904,0.0113250715658068,0.0,-0.036026194691658,-0.0168539602309465,0.0077007361687719,-0.0333333685994148,0.0719340369105339,-0.0068965218961238,-0.0173812936991453,0.0029761639889329,-0.0259593166410923,-0.0108802830800414,-0.0166482310742139,0.0119999889284372,-0.0011086728191003,-0.0039525656029582,-0.0280171632766723,0.0069444142282009,0.0065075340680778,0.0157636255025863,-0.0284509491175413,-0.0193987153470516,0.0532740876078605,-0.0148367583751678,0.0404157489538192,0.0060241385363042,-0.0367074459791183,-0.0359282046556472,-0.0228260923177003,0.0031055624131113,-0.0295358374714851,0.0247678775340318,-0.0031546463724225,-0.0161127727478742,-0.0236139167100191,0.022517841309309,-0.0101626403629779,-0.0020019523799419,-0.0090634590014815,0.0080240638926625,-0.0089820511639118,-0.0069652386009693,-0.0484329797327518,-0.0030059854034334,0.0647117644548416,0.0060301930643618,0.0432490333914756,-0.0099900476634502,-0.029682794585824,-0.0131180742755532,-0.0071137901395559,-0.0040899757295846,0.0490405149757862,0.0205338615924119,-0.0136698326095938,0.0130784828215837,-0.0093750152736902,-0.0158887635916471,0.0245464779436588,-0.0040363231673836,-0.0330237075686454,-0.0030394867062568,0.0232311841100454,-0.0182927139103412,0.0315904095768928,0.0144927892833948,-0.0021738591603934,0.003061197232455,-0.0274841673672199,0.0295015219599008,-0.0186722297221422,-0.0079051312059164,-0.0193285439163446,0.0019920775666832,-0.0257681086659431,-0.0039761392399668,-0.0117531716823577,-0.0019960536155849,-0.0475746467709541,-0.0189999584108591,0.0141911618411541,-0.0132517954334616,-0.022201731801033,0.0185949746519327,0.0037140166386961,0.0456390231847763,-0.0426666252315044,0.0184286683797836,0.0208711009472608,0.0028571174480021,-0.0186998303979635,-0.1443494409322739,0.0117116356268525,-0.0199778359383344,0.0127737540751695,0.013590021058917,-0.0170403216034174,-0.036871500313282,-0.0502555519342422,0.0081206141039729,0.0,-0.0253163781017065,0.02443278580904,-0.018890181556344,0.03898461535573,0.0262172035872936,0.0064586028456687,0.0477527403511008,0.0331491921389648,0.039325848988625,0.0354375041662107,-0.0009363497218285,0.0229759340288115,-0.0168539595186587,0.028602884034893,-0.0683521041275762,-0.0546006018426274,-0.2219101023218146,-0.1523118216354295,2019-02-21,2019-02-22,2019-02-25,2019-02-26,2019-02-27,2019-02-28,2019-03-01,2019-03-04,2019-03-05,2019-03-06,91678.0,2019-02-20,252.0,14.2246%,-0.0006,0.3908,0.6629,0.3205,2.3243%,2.3752%,4.2404%,0.139215,TAST,91678.0,2019-02-21,252.0,2.6217%,-0.0005,0.3848,0.6572,0.3093,2.3316%,2.3810%,4.1108%,0.0287639999999999,TAST,91678.0,2019-02-22,252.0,2.0985%,-0.0004,0.3815,0.6721,0.2838,2.3343%,2.3847%,4.1824%,0.019316,TAST,91678.0,2019-02-25,252.0,-0.8043%,-0.0004,0.3821,0.6757,0.288,2.3344%,2.3851%,4.2031%,-0.006457,TAST,91678.0,2019-02-26,252.0,0.2703%,-0.0004,0.3795,0.6659,0.281,2.3351%,2.3850%,4.1438%,0.008489,TAST,91678.0,2019-02-27,252.0,-4.1330%,-0.0005,0.3787,0.6549,0.2808,2.3502%,2.3990%,4.0227%,-0.042699,TAST,91678.0,2019-02-28,252.0,0.1874%,-0.0005,0.3771,0.654,0.2787,2.3504%,2.3986%,3.9810%,0.003519,TAST,91678.0,2019-03-01,252.0,0.9355%,-0.0005,0.3859,0.667,0.2893,2.3494%,2.3992%,4.1088%,0.005768,TAST,91678.0,2019-03-04,252.0,-1.0195%,-0.0005,0.3804,0.6908,0.2895,2.3482%,2.3990%,4.1859%,-0.0067379999999999,TAST,91678.0,2019-03-05,252.0,0.0000%,-0.0004,0.3845,0.7248,0.2909,2.3446%,2.3979%,4.3924%,0.0033929999999999,TAST,91678.0,2019-03-06,252.0,-1.6854%,-0.0005,0.3721,0.7457,0.2798,2.3388%,2.3934%,4.5141%,-0.004698,TAST,0.167979,0.187295,0.180838,0.1466279999999999,0.1478719999999999
9187,TEVA PHARMACEUTICAL INDS LTD,Mizuho Downgrades Teva to Neutral from Buy; Lowers Price Target to $18 from $25,6,decrease,0.8,0.7,"the downgrade from buy to neutral and the reduction of the price target typically signal a negative outlook, which is likely to lead to a decrease in the stock price.",0,2019-02-20,TEVA,2019-02-20 09:25:00+00:00,75652.0,88162420,-0.0344062596559524,14005657.0,-0.0086206682026386,0.0022247449960559,0.0,0.0405091904103756,0.0202898774296045,-0.0198524389415979,-0.0374999903142452,-0.0779289528727531,0.0035418809857219,0.0159405507147312,-0.0100000044330954,0.0329308658838272,0.0148544264957308,-0.0070845265872776,-0.0193208381533622,-0.0427751541137695,-0.0011940571712329,-0.0395791120827198,-0.0454273335635662,0.0147432135418057,0.0018785054562613,-0.0015228774864226,-0.015625,-0.007556655909866,0.0019047450041398,-0.0079959938302636,-0.0063370992429554,0.0131645686924457,0.035076480358839,-0.0015167181845754,0.0147874169051647,0.01124750636518,0.0024287139531224,0.0113753518089652,0.0078739644959568,-0.0061664409004151,0.0162259899079799,0.0378666184842586,-0.002956785261631,-0.003719431348145,0.0130485948175191,0.0031982657965272,-0.0439110063016414,0.0058981562033295,-0.0263319239020347,-0.0095592299476265,0.0018868356710299,0.0194911006838083,0.0043942052870988,0.0010839322349056,-0.0262500047683715,0.015410054475069,0.0064185098744928,0.0116927064955234,0.0025510180275887,0.0158370342105627,-0.0438931621611118,0.0005659438902512,-0.0106453662738204,0.0172711126506328,0.0215198174118995,0.0533657409250736,0.0032916518393903,0.0403785109519958,-0.0131233474239707,0.0278858821839094,-0.0325797721743583,-0.017208382487297,0.0075601139105856,0.003196882084012,-0.0115961851552128,-0.0113779613748192,-0.0075914189219474,0.0843042880296707,0.0132127664983272,-0.0337748490273952,0.0082360934466123,-0.0497168004512786,-0.0319945067167282,-0.0245549753308296,0.009845245629549,-0.0423280000686645,0.0236768908798694,-0.0362605899572372,0.0142857171595096,-0.0438786298036575,0.006036227568984,-0.0294427629560232,0.009333356283605,0.0015798150561749,0.0145309977233409,0.025931904092431,0.0162760429084301,0.0037960787303745,-0.0249839462339878,-0.0499742068350315,0.0006569825927726,-0.0419546104967594,-0.021667756140232,-0.0141118746250867,0.0187919922173023,-0.0481704920530319,-0.0191040821373462,0.0023212272208184,-0.0188046116381883,-0.0164382979273796,-0.0006844131276011,0.0027472283691167,-0.0089041171595454,0.0018349044257774,-0.0076019768603146,-0.0027448020409792,-0.1483287066221237,-0.0036463045980781,-0.0106295309960842,-0.0045372219756245,-0.0545455180108547,0.0124024096876382,-0.0017482084222137,-0.010454524308443,-0.0086206682026386,0.0022247449960559,-0.0086206682026386,0.0428240580250913,0.0114942969257729,0.0221214570863188,-0.0229884841753643,-0.0425079292223524,-0.0821838717115945,-0.0838840698742116,-0.1454022856104659,0.037420815578782,-0.343678142911335,-0.1809090721906947,2019-02-21,2019-02-22,2019-02-25,2019-02-26,2019-02-27,2019-02-28,2019-03-01,2019-03-04,2019-03-05,2019-03-06,75652.0,2019-02-20,252.0,-3.4406%,-0.0004,1.2818,0.8132,0.7898,2.2586%,2.6004%,24.5589%,-0.043389,TEVA,75652.0,2019-02-21,252.0,-0.8621%,-0.0003,1.2709,0.7907,0.7698,2.2501%,2.5862%,24.3053%,-0.001592,TEVA,75652.0,2019-02-22,252.0,0.0000%,-0.0003,1.2712,0.7861,0.7694,2.2500%,2.5860%,24.2958%,-0.001394,TEVA,75652.0,2019-02-25,252.0,2.0290%,-0.0002,1.2698,0.7738,0.7576,2.2531%,2.5876%,24.1871%,0.021712,TEVA,75652.0,2019-02-26,252.0,-3.7500%,-0.0003,1.2774,0.8051,0.7793,2.2598%,2.5971%,24.2930%,-0.028116,TEVA,75652.0,2019-02-27,252.0,0.3542%,-0.0002,1.2825,0.7966,0.7801,2.2586%,2.5972%,24.3741%,0.001698,TEVA,75652.0,2019-02-28,252.0,-1.0000%,-0.0002,1.2761,0.7921,0.7764,2.2572%,2.5907%,24.0925%,-0.004333,TEVA,75652.0,2019-03-01,252.0,1.4854%,-0.0001,1.2689,0.7814,0.7623,2.2558%,2.5836%,23.7668%,0.0063849999999999,TEVA,75652.0,2019-03-04,252.0,-1.9321%,-0.0002,1.2778,0.7633,0.7574,2.2550%,2.5859%,23.9595%,-0.01266,TEVA,75652.0,2019-03-05,252.0,-0.1194%,-0.0002,1.2766,0.7575,0.7546,2.2552%,2.5841%,23.8345%,0.005072,TEVA,75652.0,2019-03-06,252.0,-4.5427%,-0.0003,1.2887,0.8081,0.7752,2.2606%,2.5991%,24.3509%,-0.025551,TEVA,-0.044981,-0.046375,-0.024663,-0.051081,-0.082168
9195,TEVA PHARMACEUTICAL INDS LTD,Teva Finalizes Settlement with FTC to Resolve All Outstanding Litigation between the Parties,6,increase,0.7,0.6,"finalizing a settlement with the ftc may reduce legal uncertainties and liabilities, potentially boosting investor confidence and positively impacting the stock price.",2,2019-02-20,TEVA,2019-02-20 08:54:00+00:00,75652.0,88162420,-0.0344062596559524,14005657.0,-0.0086206682026386,0.0022247449960559,0.0,0.0405091904103756,0.0202898774296045,-0.0198524389415979,-0.0374999903142452,-0.0779289528727531,0.0035418809857219,0.0159405507147312,-0.0100000044330954,0.0329308658838272,0.0148544264957308,-0.0070845265872776,-0.0193208381533622,-0.0427751541137695,-0.0011940571712329,-0.0395791120827198,-0.0454273335635662,0.0147432135418057,0.0018785054562613,-0.0015228774864226,-0.015625,-0.007556655909866,0.0019047450041398,-0.0079959938302636,-0.0063370992429554,0.0131645686924457,0.035076480358839,-0.0015167181845754,0.0147874169051647,0.01124750636518,0.0024287139531224,0.0113753518089652,0.0078739644959568,-0.0061664409004151,0.0162259899079799,0.0378666184842586,-0.002956785261631,-0.003719431348145,0.0130485948175191,0.0031982657965272,-0.0439110063016414,0.0058981562033295,-0.0263319239020347,-0.0095592299476265,0.0018868356710299,0.0194911006838083,0.0043942052870988,0.0010839322349056,-0.0262500047683715,0.015410054475069,0.0064185098744928,0.0116927064955234,0.0025510180275887,0.0158370342105627,-0.0438931621611118,0.0005659438902512,-0.0106453662738204,0.0172711126506328,0.0215198174118995,0.0533657409250736,0.0032916518393903,0.0403785109519958,-0.0131233474239707,0.0278858821839094,-0.0325797721743583,-0.017208382487297,0.0075601139105856,0.003196882084012,-0.0115961851552128,-0.0113779613748192,-0.0075914189219474,0.0843042880296707,0.0132127664983272,-0.0337748490273952,0.0082360934466123,-0.0497168004512786,-0.0319945067167282,-0.0245549753308296,0.009845245629549,-0.0423280000686645,0.0236768908798694,-0.0362605899572372,0.0142857171595096,-0.0438786298036575,0.006036227568984,-0.0294427629560232,0.009333356283605,0.0015798150561749,0.0145309977233409,0.025931904092431,0.0162760429084301,0.0037960787303745,-0.0249839462339878,-0.0499742068350315,0.0006569825927726,-0.0419546104967594,-0.021667756140232,-0.0141118746250867,0.0187919922173023,-0.0481704920530319,-0.0191040821373462,0.0023212272208184,-0.0188046116381883,-0.0164382979273796,-0.0006844131276011,0.0027472283691167,-0.0089041171595454,0.0018349044257774,-0.0076019768603146,-0.0027448020409792,-0.1483287066221237,-0.0036463045980781,-0.0106295309960842,-0.0045372219756245,-0.0545455180108547,0.0124024096876382,-0.0017482084222137,-0.010454524308443,-0.0086206682026386,0.0022247449960559,-0.0086206682026386,0.0428240580250913,0.0114942969257729,0.0221214570863188,-0.0229884841753643,-0.0425079292223524,-0.0821838717115945,-0.0838840698742116,-0.1454022856104659,0.037420815578782,-0.343678142911335,-0.1809090721906947,2019-02-21,2019-02-22,2019-02-25,2019-02-26,2019-02-27,2019-02-28,2019-03-01,2019-03-04,2019-03-05,2019-03-06,75652.0,2019-02-20,252.0,-3.4406%,-0.0004,1.2818,0.8132,0.7898,2.2586%,2.6004%,24.5589%,-0.043389,TEVA,75652.0,2019-02-21,252.0,-0.8621%,-0.0003,1.2709,0.7907,0.7698,2.2501%,2.5862%,24.3053%,-0.001592,TEVA,75652.0,2019-02-22,252.0,0.0000%,-0.0003,1.2712,0.7861,0.7694,2.2500%,2.5860%,24.2958%,-0.001394,TEVA,75652.0,2019-02-25,252.0,2.0290%,-0.0002,1.2698,0.7738,0.7576,2.2531%,2.5876%,24.1871%,0.021712,TEVA,75652.0,2019-02-26,252.0,-3.7500%,-0.0003,1.2774,0.8051,0.7793,2.2598%,2.5971%,24.2930%,-0.028116,TEVA,75652.0,2019-02-27,252.0,0.3542%,-0.0002,1.2825,0.7966,0.7801,2.2586%,2.5972%,24.3741%,0.001698,TEVA,75652.0,2019-02-28,252.0,-1.0000%,-0.0002,1.2761,0.7921,0.7764,2.2572%,2.5907%,24.0925%,-0.004333,TEVA,75652.0,2019-03-01,252.0,1.4854%,-0.0001,1.2689,0.7814,0.7623,2.2558%,2.5836%,23.7668%,0.0063849999999999,TEVA,75652.0,2019-03-04,252.0,-1.9321%,-0.0002,1.2778,0.7633,0.7574,2.2550%,2.5859%,23.9595%,-0.01266,TEVA,75652.0,2019-03-05,252.0,-0.1194%,-0.0002,1.2766,0.7575,0.7546,2.2552%,2.5841%,23.8345%,0.005072,TEVA,75652.0,2019-03-06,252.0,-4.5427%,-0.0003,1.2887,0.8081,0.7752,2.2606%,2.5991%,24.3509%,-0.025551,TEVA,-0.044981,-0.046375,-0.024663,-0.051081,-0.082168
9203,TELEFLEX INC,"Teleflex Wins SURPASS Deal With Premier, No Terms Disclosed",6,increase,0.7,0.6,"winning a deal with premier suggests positive business prospects for teleflex, which could lead to an increase in stock price.",2,2019-02-20,TFX,2019-02-20 22:31:00+00:00,44329.0,87936910,0.0158865638077259,246930.0,-0.0392697565257549,-0.0136066824197769,0.037023589015007,0.0155229670926928,0.0165720004588365,-0.0002130746579496,-0.0061002550646662,0.0132421469315886,0.0070393187925219,0.0083820084109902,-0.0007920089410617,0.0052892011590301,0.016112383455038,0.0119974892586469,-0.0064514763653278,-0.0060905274003744,0.0033149970695376,-0.0031455173157155,-0.0219360049813985,0.0044821677729487,0.0014277813024818,0.0018034236272796,-0.0022951597347855,-0.0065813083201646,0.0173933915793895,0.0031542887445539,0.0156228505074977,0.0178072191774845,0.0033733639866113,3.736939470400102e-05,0.0047740144655108,-0.0036082330625504,0.0135180642828345,0.0106390472501516,-0.0059755616821348,0.0207998063415288,0.0010960745858028,0.0118432333692908,0.0012606142554432,-0.0015121535398066,0.0104705225676298,0.0126423891633749,-0.0107226818799972,0.0243725776672363,-0.0069608078338205,-0.0291671007871627,0.0148536739870905,0.0246858559548854,-0.0140113458037376,-0.0236337464302778,0.0011007625143975,-0.0252455621957778,0.0068308901973068,0.0115553503856062,0.0003309706808067,0.0268153734505176,0.0015549566596746,0.0106323594227433,-0.0013213900383561,-0.0038225958123803,-0.0004299089487176,0.0200649984180927,0.0002646809152793,-0.0244869161397218,0.003539788769558,-0.0235995277762413,3.289681262685917e-05,0.0156385507434606,0.0049117249436676,0.0222936458885669,0.0012792656198143,0.0411525927484035,-0.000360324193025,0.0416921116411685,-0.0078327748924493,-0.0362346433103084,-0.0287705343216657,-0.0020949428435415,-0.0553684942424297,-0.0263930857181549,-0.0025202960241585,-0.0032122689299285,-0.0090596619993448,0.000732421875,0.0204341262578964,-0.0067897695116698,-0.0045332466252148,-0.0350972972810268,0.0087133990600705,-0.0080844666808843,0.0025950409471988,0.0124142663553357,-0.0051766484975814,-0.007077058777213,0.0199586804956197,0.0020651447121053,-0.019463300704956,-0.0425665862858295,0.0620790943503379,0.0070253028534352,0.0078179594129323,-0.0342851355671882,-0.00452785147354,0.0007624407880939,-0.0156187741085887,0.0144009562209248,0.0068291029892861,0.01582614146173,0.0168725121766328,0.0342052169144153,0.0049445484764873,0.0015889767091721,-0.0289270542562007,0.0212538391351699,0.0128540899604558,-0.0071908594109117,-0.0064199646003544,0.0039053470827639,0.019993245601654,0.0016991056036204,-0.0392697565257549,-0.0136066824197769,-0.0037000748370767,0.001705068589473,0.0128106079798619,0.0014916306246168,0.0137182099363699,0.0232592025712112,0.0034796018043241,0.0360409911289212,0.0565645998298629,0.1228796745850517,0.0549031838752755,0.11431617263536,2019-02-21,2019-02-22,2019-02-25,2019-02-26,2019-02-27,2019-02-28,2019-03-01,2019-03-04,2019-03-05,2019-03-06,44329.0,2019-02-20,252.0,1.5887%,0.0001,0.8517,0.0034,-0.3666,1.3795%,1.7114%,35.0270%,0.01626,TFX,44329.0,2019-02-21,252.0,-3.9270%,-0.0001,0.8634,0.0191,-0.3447,1.3980%,1.7294%,34.6512%,-0.037059,TFX,44329.0,2019-02-22,252.0,3.7024%,-0.0,0.86,0.0144,-0.3897,1.4067%,1.7447%,34.9973%,0.026139,TFX,44329.0,2019-02-25,252.0,1.6572%,0.0003,0.8508,-0.0019,-0.4322,1.3205%,1.6792%,38.1634%,0.014518,TFX,44329.0,2019-02-26,252.0,-0.6100%,0.0003,0.8466,0.0114,-0.4287,1.3198%,1.6737%,37.8146%,-0.006277,TFX,44329.0,2019-02-27,252.0,0.7039%,0.0003,0.8495,0.0078,-0.4282,1.3197%,1.6740%,37.8554%,0.005641,TFX,44329.0,2019-02-28,252.0,-0.0792%,0.0003,0.8497,0.008,-0.4281,1.3197%,1.6727%,37.7586%,0.000669,TFX,44329.0,2019-03-01,252.0,1.6112%,0.0004,0.8467,0.0036,-0.4364,1.3197%,1.6725%,37.7340%,0.008169,TFX,44329.0,2019-03-04,252.0,-0.6451%,0.0004,0.8384,0.0318,-0.4344,1.3148%,1.6637%,37.5377%,-0.000423,TFX,44329.0,2019-03-05,252.0,0.3315%,0.0004,0.8371,0.024,-0.4365,1.3148%,1.6622%,37.4293%,0.0037059999999999,TFX,44329.0,2019-03-06,252.0,-2.1936%,0.0003,0.837,0.0601,-0.4317,1.3160%,1.6640%,37.4535%,-0.014518,TFX,-0.020799,0.00534,0.019858,0.019222,0.0168249999999999
9211,TARGET CORP,Analysts Cheer Walmart's Big Quarter,6,decrease,0.7,0.6,"analysts cheering walmart's strong performance may indicate increased competition and market share pressure on target corp, potentially leading to a decrease in its stock price.",0,2019-02-20,TGT,2019-02-20 15:18:00+00:00,49154.0,87612E10,-0.0080491667613387,5005612.0,-0.0093522258102893,0.0151016851887106,0.0030542998574674,0.0091437520459294,0.0117646846920251,-0.0053741130977869,-0.0110806785523891,0.0306774023920297,0.0100981565192341,0.0037063739728182,-0.0052040163427591,-0.0102990372106432,0.0041299979202449,-0.0136376749724149,-0.0037017310969531,-0.0089643020182847,0.045823611319065,-0.0035728255752474,0.011842125095427,0.0045554139651358,-0.0094928909093141,0.017844658344984,-0.004726278129965,-0.0250685177743434,0.0060677891597151,0.0092630740255117,-0.0011799703352153,0.0087866792455315,0.0123392287641763,-0.0058237076736986,-0.0081691499799489,-0.0037297506351023,0.0022225885186344,0.0252088755369186,0.0159143432974815,0.004124017432332,0.0074473787099123,0.0005691649857908,-0.011725696735084,-0.0056593311019241,0.0251482706516981,0.0188842080533504,-0.014718810096383,0.0224024225026369,0.0026812958531081,-0.0052778273820877,0.0140073662623763,-0.009151617065072,0.0023860661312937,-0.0110616907477378,0.0062640942633152,0.0193293262273073,-0.0007469815318472,-0.0284535493701696,-0.00361326825805,0.0097687160596251,-0.0063774180598557,-0.0010045880917459,-0.0018877615220844,0.0489236786961555,0.0261001102626323,0.0137341907247901,-0.0054066702723503,-0.0136966230347752,0.0122312558814883,0.0052959015592932,-0.0155009962618351,0.0173952784389257,0.0011157492408528,0.0038633905351161,-0.0037152080330997,-0.0061434730887413,0.0034805024042725,0.0578391775488853,0.0154837109148502,0.0068705733865499,-0.0001220070262206,-0.0092382449656724,0.008661693893373,-0.0179850552231073,0.0070150196552276,-0.0379726812243461,-0.01489317137748,0.0153917577117681,0.0017069864552468,-0.0424296334385871,0.0087633104994893,0.0073484983295202,-0.0137548195198178,-0.0163741055876016,-0.0565206184983253,0.0151243209838867,0.0088174305856227,-0.0225409977138042,-0.0048843813128769,0.0075210463255643,-0.0226039793342351,-0.0248778164386749,0.0099114580079913,0.0033184729982167,-0.0062810224480926,-0.0418855249881744,0.0005267436499707,0.0194475371390581,-0.012371708638966,-0.0029506685677915,0.0049307402223348,-0.0098775615915656,-0.0039782924577593,0.0070047634653747,-0.0062575051560997,0.0307580828666687,-0.0396570079028606,0.028210861608386,0.0030692217405885,-0.0275772977620363,-0.0063149672932922,0.0033319334033876,-0.0004236517415847,-0.1043836250901222,-0.0093522258102893,0.0151016851887106,-0.0063264904547812,0.0243835232994813,0.0053637650718363,0.0188783703897605,0.0042634784195403,0.0540271048530713,0.0576262183179068,0.020706798888227,0.0907715370085504,0.1130513721111161,-0.0178010111702362,-0.0406797270071711,2019-02-21,2019-02-22,2019-02-25,2019-02-26,2019-02-27,2019-02-28,2019-03-01,2019-03-04,2019-03-05,2019-03-06,49154.0,2019-02-20,252.0,-0.8049%,0.0001,0.845,0.3174,0.3388,1.4910%,1.7140%,24.3266%,-0.012381,TGT,49154.0,2019-02-21,252.0,-0.9352%,0.0001,0.8381,0.3024,0.3264,1.4847%,1.7049%,24.1626%,-0.005324,TGT,49154.0,2019-02-22,252.0,0.3054%,0.0001,0.8382,0.3002,0.3246,1.4847%,1.7050%,24.1727%,0.000641,TGT,49154.0,2019-02-25,252.0,1.1765%,0.0001,0.8415,0.2979,0.3358,1.4750%,1.6973%,24.4813%,0.011772,TGT,49154.0,2019-02-26,252.0,-1.1081%,0.0001,0.8468,0.3023,0.342,1.4750%,1.6985%,24.5797%,-0.00682,TGT,49154.0,2019-02-27,252.0,1.0098%,0.0,0.8417,0.3141,0.3412,1.4742%,1.6951%,24.3659%,0.009072,TGT,49154.0,2019-02-28,252.0,-0.5204%,0.0001,0.8386,0.3119,0.3395,1.4737%,1.6919%,24.1298%,-0.001905,TGT,49154.0,2019-03-01,252.0,0.4130%,0.0,0.8441,0.32,0.3486,1.4725%,1.6920%,24.2637%,-0.001545,TGT,49154.0,2019-03-04,252.0,-0.3702%,0.0001,0.8392,0.3356,0.35,1.4711%,1.6887%,24.1162%,0.000518,TGT,49154.0,2019-03-05,252.0,4.5824%,0.0002,0.8299,0.2947,0.3252,1.5025%,1.7109%,22.8735%,0.04904,TGT,49154.0,2019-03-06,252.0,1.1842%,0.0003,0.8255,0.2453,0.3136,1.5077%,1.7124%,22.4804%,0.022306,TGT,-0.017705,-0.017064,-0.005292,-0.00304,0.065374
9219,TURKCELL ILETISIM HIZMETLERI A S,"Turkcell Iletisim FY Net Profit ₺2.02B Up From ₺1.98 B YoY, Sales ₺20.35B Up From ₺17.03B",6,increase,0.8,0.7,"the increase in both net profit and sales year-over-year suggests strong financial performance, which is likely to positively influence investor sentiment and drive the stock price up.",2,2019-02-20,TKC,2019-02-20 15:53:00+00:00,88411.0,90011120,0.0115774134173989,834632.0,-0.0844062492251396,-0.0086083132773637,0.0046874582767486,0.0043227281421422,0.0373250767588615,0.0028901705518364,-0.0029984978027641,-0.0156472455710172,-0.004511309787631,0.0,-0.0030211452394723,0.0232897121459245,-0.031818188726902,0.0177777614444494,0.0093896621838212,-0.0029542068950831,0.0186047069728374,-0.0202604737132787,-0.0471841618418693,-0.0086083132773637,0.0095846550539135,0.016034934669733,0.0158227700740099,-0.0129495942965149,0.0264797620475292,-0.0042980243451893,-0.0212443619966507,0.0130624314770102,-0.0015503491740673,0.028358219191432,0.0062111741863191,-0.0044576833024621,-0.030864167958498,-0.0029629601631313,-0.0350318886339664,-0.0102639542892575,-0.0016501240897923,0.0271084811538457,-0.0231405515223741,0.0075872098095715,0.0236887224018573,0.0296875089406967,-0.0710744261741638,0.0174880977720022,0.0355872400104999,0.0448504947125911,0.0085910158231854,0.0290598422288894,-0.0698466524481773,0.0068846750073134,-0.0091575440019369,0.0121951522305607,-0.0092420913279056,0.003496500197798,0.0111940186470747,-0.0052174278534948,-0.011070099659264,0.0052447919733822,-0.0074626794084906,0.0306305568665266,0.0639097094535827,0.0315985269844532,-0.0176678281277418,-0.0235934853553772,-0.0215827133506536,-0.0195728931576013,0.0018381896661594,0.0071684522554278,-0.0018348169978708,-0.0123894102871418,-0.0220588017255067,-0.0325342565774917,-0.003759394865483,0.0541516579687595,0.0132074886932969,-0.0018018429400399,0.0316573716700077,-0.0124554615467786,0.0216606296598911,0.0236794389784336,-0.0318020917475223,-0.0283186417073011,-0.0182481575757265,0.0405157059431076,-0.0018587785307317,0.0029556090012192,-0.0111731737852096,-0.0347825773060321,-0.0112994248047471,-0.0069084563292562,-0.0057143256999552,0.0470162294805049,0.0019157527713105,-0.01601417735219,-0.0019120896467939,-0.008818375878036,0.0191571619361639,-0.0070052472874522,-0.0451128259301185,0.0088339559733867,0.0137795619666576,-0.0550918094813823,-0.0233009476214647,-0.0049834237433969,-0.041749507188797,-0.0179445557296276,-0.0062241097912192,0.0082237152382731,-0.0167014449834823,0.0049586333334445,0.0488322749733924,0.0324232168495655,-0.0526316240429878,0.0298769902437925,0.0042735002934932,0.0345454663038253,0.0,0.0516252368688583,-0.0127659458667039,-0.0627240017056465,-0.0844062492251396,-0.0086083132773637,-0.0801144417199306,-0.0043227965332819,-0.0457796426477589,-0.0014451196006874,-0.0529327460460333,-0.0170697530304333,-0.1044348476276811,-0.0086083145282936,-0.2389126824729904,0.2450449731532396,-0.3361945585770789,0.2694591701177697,2019-02-21,2019-02-22,2019-02-25,2019-02-26,2019-02-27,2019-02-28,2019-03-01,2019-03-04,2019-03-05,2019-03-06,88411.0,2019-02-20,252.0,1.1577%,-0.0008,0.8181,0.4485,0.6032,2.7426%,2.8588%,7.9618%,0.005707,TKC,88411.0,2019-02-21,252.0,-8.4406%,-0.001,0.8209,0.4367,0.609,2.7744%,2.8893%,7.7965%,-0.079778,TKC,88411.0,2019-02-22,252.0,0.4687%,-0.001,0.821,0.4108,0.5861,2.7717%,2.8863%,7.7813%,0.005801,TKC,88411.0,2019-02-25,252.0,3.7325%,-0.0009,0.8208,0.3914,0.5753,2.7826%,2.8963%,7.6962%,0.038117,TKC,88411.0,2019-02-26,252.0,-0.2998%,-0.0009,0.8172,0.39,0.5719,2.7826%,2.8948%,7.6036%,0.0026179999999999,TKC,88411.0,2019-02-27,252.0,-0.4511%,-0.0009,0.814,0.3944,0.5714,2.7824%,2.8935%,7.5380%,-0.005401,TKC,88411.0,2019-02-28,252.0,-0.3021%,-0.0009,0.8162,0.3959,0.5726,2.7822%,2.8933%,7.5339%,0.000752,TKC,88411.0,2019-03-01,252.0,-3.1818%,-0.001,0.8053,0.3797,0.5722,2.7911%,2.8977%,7.2250%,-0.036643,TKC,88411.0,2019-03-04,252.0,0.9390%,-0.0009,0.7993,0.3873,0.5766,2.7918%,2.8969%,7.1228%,0.012774,TKC,88411.0,2019-03-05,252.0,1.8605%,-0.0008,0.7968,0.3838,0.5663,2.7954%,2.8995%,7.0511%,0.022458,TKC,88411.0,2019-03-06,252.0,-4.7184%,-0.0009,0.8164,0.4516,0.5976,2.8032%,2.9141%,7.4650%,-0.035972,TKC,-0.074071,-0.06827,-0.030153,-0.032936,-0.0695669999999999
9227,TURKCELL ILETISIM HIZMETLERI A S,"Turkcell Iletisim Shares Halted, News Pending",6,uncertain,0.5,0.5,"the halting of shares due to pending news indicates that there could be significant information affecting the stock, but without knowing the nature of the news, the impact on the stock price is unclear.",1,2019-02-20,TKC,2019-02-20 15:48:00+00:00,88411.0,90011120,0.0115774134173989,834632.0,-0.0844062492251396,-0.0086083132773637,0.0046874582767486,0.0043227281421422,0.0373250767588615,0.0028901705518364,-0.0029984978027641,-0.0156472455710172,-0.004511309787631,0.0,-0.0030211452394723,0.0232897121459245,-0.031818188726902,0.0177777614444494,0.0093896621838212,-0.0029542068950831,0.0186047069728374,-0.0202604737132787,-0.0471841618418693,-0.0086083132773637,0.0095846550539135,0.016034934669733,0.0158227700740099,-0.0129495942965149,0.0264797620475292,-0.0042980243451893,-0.0212443619966507,0.0130624314770102,-0.0015503491740673,0.028358219191432,0.0062111741863191,-0.0044576833024621,-0.030864167958498,-0.0029629601631313,-0.0350318886339664,-0.0102639542892575,-0.0016501240897923,0.0271084811538457,-0.0231405515223741,0.0075872098095715,0.0236887224018573,0.0296875089406967,-0.0710744261741638,0.0174880977720022,0.0355872400104999,0.0448504947125911,0.0085910158231854,0.0290598422288894,-0.0698466524481773,0.0068846750073134,-0.0091575440019369,0.0121951522305607,-0.0092420913279056,0.003496500197798,0.0111940186470747,-0.0052174278534948,-0.011070099659264,0.0052447919733822,-0.0074626794084906,0.0306305568665266,0.0639097094535827,0.0315985269844532,-0.0176678281277418,-0.0235934853553772,-0.0215827133506536,-0.0195728931576013,0.0018381896661594,0.0071684522554278,-0.0018348169978708,-0.0123894102871418,-0.0220588017255067,-0.0325342565774917,-0.003759394865483,0.0541516579687595,0.0132074886932969,-0.0018018429400399,0.0316573716700077,-0.0124554615467786,0.0216606296598911,0.0236794389784336,-0.0318020917475223,-0.0283186417073011,-0.0182481575757265,0.0405157059431076,-0.0018587785307317,0.0029556090012192,-0.0111731737852096,-0.0347825773060321,-0.0112994248047471,-0.0069084563292562,-0.0057143256999552,0.0470162294805049,0.0019157527713105,-0.01601417735219,-0.0019120896467939,-0.008818375878036,0.0191571619361639,-0.0070052472874522,-0.0451128259301185,0.0088339559733867,0.0137795619666576,-0.0550918094813823,-0.0233009476214647,-0.0049834237433969,-0.041749507188797,-0.0179445557296276,-0.0062241097912192,0.0082237152382731,-0.0167014449834823,0.0049586333334445,0.0488322749733924,0.0324232168495655,-0.0526316240429878,0.0298769902437925,0.0042735002934932,0.0345454663038253,0.0,0.0516252368688583,-0.0127659458667039,-0.0627240017056465,-0.0844062492251396,-0.0086083132773637,-0.0801144417199306,-0.0043227965332819,-0.0457796426477589,-0.0014451196006874,-0.0529327460460333,-0.0170697530304333,-0.1044348476276811,-0.0086083145282936,-0.2389126824729904,0.2450449731532396,-0.3361945585770789,0.2694591701177697,2019-02-21,2019-02-22,2019-02-25,2019-02-26,2019-02-27,2019-02-28,2019-03-01,2019-03-04,2019-03-05,2019-03-06,88411.0,2019-02-20,252.0,1.1577%,-0.0008,0.8181,0.4485,0.6032,2.7426%,2.8588%,7.9618%,0.005707,TKC,88411.0,2019-02-21,252.0,-8.4406%,-0.001,0.8209,0.4367,0.609,2.7744%,2.8893%,7.7965%,-0.079778,TKC,88411.0,2019-02-22,252.0,0.4687%,-0.001,0.821,0.4108,0.5861,2.7717%,2.8863%,7.7813%,0.005801,TKC,88411.0,2019-02-25,252.0,3.7325%,-0.0009,0.8208,0.3914,0.5753,2.7826%,2.8963%,7.6962%,0.038117,TKC,88411.0,2019-02-26,252.0,-0.2998%,-0.0009,0.8172,0.39,0.5719,2.7826%,2.8948%,7.6036%,0.0026179999999999,TKC,88411.0,2019-02-27,252.0,-0.4511%,-0.0009,0.814,0.3944,0.5714,2.7824%,2.8935%,7.5380%,-0.005401,TKC,88411.0,2019-02-28,252.0,-0.3021%,-0.0009,0.8162,0.3959,0.5726,2.7822%,2.8933%,7.5339%,0.000752,TKC,88411.0,2019-03-01,252.0,-3.1818%,-0.001,0.8053,0.3797,0.5722,2.7911%,2.8977%,7.2250%,-0.036643,TKC,88411.0,2019-03-04,252.0,0.9390%,-0.0009,0.7993,0.3873,0.5766,2.7918%,2.8969%,7.1228%,0.012774,TKC,88411.0,2019-03-05,252.0,1.8605%,-0.0008,0.7968,0.3838,0.5663,2.7954%,2.8995%,7.0511%,0.022458,TKC,88411.0,2019-03-06,252.0,-4.7184%,-0.0009,0.8164,0.4516,0.5976,2.8032%,2.9141%,7.4650%,-0.035972,TKC,-0.074071,-0.06827,-0.030153,-0.032936,-0.0695669999999999
9235,TARGA RESOURCES CORP,Targa Resources shares are trading lower after the company's Q4 sales missed the consensus estimate.,6,decrease,0.8,0.7,"the news indicates that targa resources' q4 sales missed expectations, which typically leads to a negative reaction in stock prices.",0,2019-02-20,TRGP,2019-02-20 15:59:00+00:00,12476.0,87612G10,-0.0626435577869415,6643581.0,-0.0637113079428672,0.0522962249815464,-0.0035688250791281,0.009090906009078,-0.0124164381995797,0.0153084266930818,-0.0249032583087682,0.0181067399680614,0.0114058777689933,0.0265882611274719,-0.0134836779907345,-0.0039840210229158,0.0367793105542659,-0.001170483417809,-0.0035954343620687,-0.0246574897319078,-0.0093817515298724,-0.0027322161477059,-0.0218553058803081,-0.0056599504314363,-0.0047169472090899,0.0128410356119275,-0.0172112397849559,0.0139502976089716,0.023857831954956,-0.0039370539598166,0.0064451741054654,0.0098488433286547,0.0044335052371025,0.0282619129866361,-0.0049042901955544,-0.0021151623222976,-0.013307069428265,0.0312651731073856,0.0177322439849376,-0.0002423585247015,-0.0034355679526925,-0.0234263576567173,0.0238857716321945,-0.0285057853907346,0.0103414254263043,0.0177818965166807,-0.0304689072072506,-0.0021013342775404,-0.0049104043282568,0.0065805544145405,0.0111029054969549,0.0155130708590149,-0.0048804483376443,-0.0042775734327733,0.0051496545784175,-0.0175110902637243,0.0136618083342909,-0.0219227913767099,0.0199759770184755,0.0255269352346658,-0.0030675097368657,0.0409556366503238,-0.0397633202373981,0.0411167219281196,-0.0076411478221416,0.0543217211961746,0.0131644960492849,0.0171474479138851,-0.011277250945568,0.0199889279901981,-0.0084304520860314,0.0288489628583192,-0.0172543730586767,-0.0129687869921326,0.0022900803014636,-0.0271529871970415,0.018278781324625,0.0688947066664695,-0.0037397537380456,-0.0582551211118698,-0.0087587209418416,-0.0503408014774322,-0.0060591180808842,-0.0233034528791904,-0.0007619705284014,-0.0005119134439155,0.0414336808025836,-0.0435740239918232,-0.001464519649744,-0.0322198681533336,-0.0056220861151814,-0.0456703715026378,-0.0110619654878974,0.0179516393691301,0.009694242849946,0.0197136849164962,0.0231413710862398,-0.0076850960031151,-0.0120307942852377,-0.0361391827464103,-0.0069739124737679,0.0208524260669946,-0.0132931722328066,-0.0340858995914459,0.0134722618386149,-0.0308880023658275,0.0020065670832991,0.0445887930691242,0.0212765578180551,-0.0128289768472313,-0.0333333499729633,0.0062318891286849,-0.02256590873003,-0.0039902529679238,0.0487678609788417,0.0019991148728877,0.0002472995547577,0.0139639396220445,0.0197824705392122,-0.0345727354288101,0.0169737376272678,0.0254181325435638,0.0076299402862787,-0.0507936812937259,-0.0637113079428672,0.0522962249815464,-0.0670527585083848,0.0618625510565613,-0.0786366402758339,0.0781179960775395,-0.0913343394496259,0.1268235159152173,-0.1026954925412536,0.0842200904735452,-0.0962352355843052,0.2410979383623563,-0.0372505684119418,0.0349049911464169,2019-02-21,2019-02-22,2019-02-25,2019-02-26,2019-02-27,2019-02-28,2019-03-01,2019-03-04,2019-03-05,2019-03-06,12476.0,2019-02-20,252.0,-6.2644%,0.0002,1.1965,0.5035,0.6048,1.6432%,2.0264%,34.2398%,-0.06979,TRGP,12476.0,2019-02-21,252.0,-6.3711%,-0.0001,1.2125,0.5233,0.6345,1.6824%,2.0660%,33.6857%,-0.057641,TRGP,12476.0,2019-02-22,252.0,-0.3569%,0.0,1.2121,0.5515,0.6555,1.6771%,2.0618%,33.8331%,-0.005101,TRGP,12476.0,2019-02-25,252.0,-1.2416%,0.0,1.2104,0.5556,0.6516,1.6762%,2.0606%,33.8238%,-0.0117209999999999,TRGP,12476.0,2019-02-26,252.0,-2.4903%,-0.0001,1.2102,0.58,0.6638,1.6793%,2.0619%,33.6698%,-0.01736,TRGP,12476.0,2019-02-27,252.0,1.1406%,-0.0,1.2128,0.5782,0.6643,1.6801%,2.0629%,33.6726%,0.009911,TRGP,12476.0,2019-02-28,252.0,-1.3484%,-0.0,1.2087,0.5752,0.6633,1.6795%,2.0578%,33.3865%,-0.008279,TRGP,12476.0,2019-03-01,252.0,3.6779%,0.0001,1.2088,0.5752,0.6499,1.6882%,2.0633%,33.0522%,0.028971,TRGP,12476.0,2019-03-04,252.0,-0.3595%,0.0001,1.2194,0.5379,0.6476,1.6818%,2.0614%,33.4409%,0.002366,TRGP,12476.0,2019-03-05,252.0,-0.9382%,0.0001,1.2209,0.547,0.6502,1.6818%,2.0617%,33.4529%,-0.004177,TRGP,12476.0,2019-03-06,252.0,-2.1855%,0.0,1.2193,0.5607,0.6503,1.6816%,2.0627%,33.5410%,-0.005058,TRGP,-0.127431,-0.132532,-0.144253,-0.151702,-0.137879
9243,TARGA RESOURCES CORP,Targa Resources Q4 Sales $2.6B Miss $2.77B Estimate,6,decrease,0.8,0.7,"missing sales estimates typically signals weaker performance, which can lead to a decline in investor confidence and a decrease in stock price.",0,2019-02-20,TRGP,2019-02-20 11:07:00+00:00,12476.0,87612G10,-0.0626435577869415,6643581.0,-0.0637113079428672,0.0522962249815464,-0.0035688250791281,0.009090906009078,-0.0124164381995797,0.0153084266930818,-0.0249032583087682,0.0181067399680614,0.0114058777689933,0.0265882611274719,-0.0134836779907345,-0.0039840210229158,0.0367793105542659,-0.001170483417809,-0.0035954343620687,-0.0246574897319078,-0.0093817515298724,-0.0027322161477059,-0.0218553058803081,-0.0056599504314363,-0.0047169472090899,0.0128410356119275,-0.0172112397849559,0.0139502976089716,0.023857831954956,-0.0039370539598166,0.0064451741054654,0.0098488433286547,0.0044335052371025,0.0282619129866361,-0.0049042901955544,-0.0021151623222976,-0.013307069428265,0.0312651731073856,0.0177322439849376,-0.0002423585247015,-0.0034355679526925,-0.0234263576567173,0.0238857716321945,-0.0285057853907346,0.0103414254263043,0.0177818965166807,-0.0304689072072506,-0.0021013342775404,-0.0049104043282568,0.0065805544145405,0.0111029054969549,0.0155130708590149,-0.0048804483376443,-0.0042775734327733,0.0051496545784175,-0.0175110902637243,0.0136618083342909,-0.0219227913767099,0.0199759770184755,0.0255269352346658,-0.0030675097368657,0.0409556366503238,-0.0397633202373981,0.0411167219281196,-0.0076411478221416,0.0543217211961746,0.0131644960492849,0.0171474479138851,-0.011277250945568,0.0199889279901981,-0.0084304520860314,0.0288489628583192,-0.0172543730586767,-0.0129687869921326,0.0022900803014636,-0.0271529871970415,0.018278781324625,0.0688947066664695,-0.0037397537380456,-0.0582551211118698,-0.0087587209418416,-0.0503408014774322,-0.0060591180808842,-0.0233034528791904,-0.0007619705284014,-0.0005119134439155,0.0414336808025836,-0.0435740239918232,-0.001464519649744,-0.0322198681533336,-0.0056220861151814,-0.0456703715026378,-0.0110619654878974,0.0179516393691301,0.009694242849946,0.0197136849164962,0.0231413710862398,-0.0076850960031151,-0.0120307942852377,-0.0361391827464103,-0.0069739124737679,0.0208524260669946,-0.0132931722328066,-0.0340858995914459,0.0134722618386149,-0.0308880023658275,0.0020065670832991,0.0445887930691242,0.0212765578180551,-0.0128289768472313,-0.0333333499729633,0.0062318891286849,-0.02256590873003,-0.0039902529679238,0.0487678609788417,0.0019991148728877,0.0002472995547577,0.0139639396220445,0.0197824705392122,-0.0345727354288101,0.0169737376272678,0.0254181325435638,0.0076299402862787,-0.0507936812937259,-0.0637113079428672,0.0522962249815464,-0.0670527585083848,0.0618625510565613,-0.0786366402758339,0.0781179960775395,-0.0913343394496259,0.1268235159152173,-0.1026954925412536,0.0842200904735452,-0.0962352355843052,0.2410979383623563,-0.0372505684119418,0.0349049911464169,2019-02-21,2019-02-22,2019-02-25,2019-02-26,2019-02-27,2019-02-28,2019-03-01,2019-03-04,2019-03-05,2019-03-06,12476.0,2019-02-20,252.0,-6.2644%,0.0002,1.1965,0.5035,0.6048,1.6432%,2.0264%,34.2398%,-0.06979,TRGP,12476.0,2019-02-21,252.0,-6.3711%,-0.0001,1.2125,0.5233,0.6345,1.6824%,2.0660%,33.6857%,-0.057641,TRGP,12476.0,2019-02-22,252.0,-0.3569%,0.0,1.2121,0.5515,0.6555,1.6771%,2.0618%,33.8331%,-0.005101,TRGP,12476.0,2019-02-25,252.0,-1.2416%,0.0,1.2104,0.5556,0.6516,1.6762%,2.0606%,33.8238%,-0.0117209999999999,TRGP,12476.0,2019-02-26,252.0,-2.4903%,-0.0001,1.2102,0.58,0.6638,1.6793%,2.0619%,33.6698%,-0.01736,TRGP,12476.0,2019-02-27,252.0,1.1406%,-0.0,1.2128,0.5782,0.6643,1.6801%,2.0629%,33.6726%,0.009911,TRGP,12476.0,2019-02-28,252.0,-1.3484%,-0.0,1.2087,0.5752,0.6633,1.6795%,2.0578%,33.3865%,-0.008279,TRGP,12476.0,2019-03-01,252.0,3.6779%,0.0001,1.2088,0.5752,0.6499,1.6882%,2.0633%,33.0522%,0.028971,TRGP,12476.0,2019-03-04,252.0,-0.3595%,0.0001,1.2194,0.5379,0.6476,1.6818%,2.0614%,33.4409%,0.002366,TRGP,12476.0,2019-03-05,252.0,-0.9382%,0.0001,1.2209,0.547,0.6502,1.6818%,2.0617%,33.4529%,-0.004177,TRGP,12476.0,2019-03-06,252.0,-2.1855%,0.0,1.2193,0.5607,0.6503,1.6816%,2.0627%,33.5410%,-0.005058,TRGP,-0.127431,-0.132532,-0.144253,-0.151702,-0.137879
9251,TRIMBLE INC,"Trimble Navigation Reports Collaboration With Digi To Provide Fleets With Cold Chain Compliance Solution, No Terms Disclosed",6,increase,0.7,0.6,"the collaboration with digi to provide a cold chain compliance solution could enhance trimble's market position and attract new customers, likely leading to a positive impact on its stock price.",2,2019-02-20,TRMB,2019-02-20 15:00:00+00:00,76230.0,89623910,0.0149784246459603,1202280.0,-0.0015007847687229,0.0045906733721494,0.0020040539093315,0.0103065622970461,0.0137499812990427,-0.0051268124952912,-0.0113439969718456,0.0007695941603742,0.003242730628699,0.009582981467247,-0.0052213547751307,0.0112624494358897,0.0114971986040473,-0.003133131423965,-0.0054361554794013,-0.0144107397645711,-0.0064595858566462,0.0135628702118992,-0.0150038078427314,0.0100105656310915,-0.0258949100971221,0.0013188930461183,-0.0059942547231912,0.0066383429802954,0.016255872324109,0.0115498341619968,0.0036120540462434,0.0273178201168775,0.0174807272851467,0.0111607564613223,0.0050529795698821,-0.0370768681168556,-0.0005027767037972,0.0138927306979894,0.0098089342936873,0.0285794474184513,0.0042340764775872,0.0036557156126946,-0.0022321466822177,-0.0281497333198785,0.0136713711544871,0.026079649105668,-0.0331044271588325,0.0139323770999908,0.0005072396015748,0.0045701186172664,0.0172370169311761,-0.0096181090921163,-0.0069773881696164,0.0039761257357895,0.0110414670780301,-0.0025495793670415,0.0027302210219204,0.0279557108879089,0.0143563859164714,0.0214158613234758,-0.0070766452699899,0.0287637282162904,0.0039321663789451,0.0180685929954052,-0.0070990724489092,0.037827294319868,-0.0014793237205594,-0.0474284216761589,0.0083950655534863,-0.0133697548881173,-0.0195886194705963,0.030369421467185,0.0049950238317251,-0.0040536066517233,0.0114313885569572,0.0187420640140771,0.0071253296919167,0.0437665693461895,-0.0014638050924986,-0.0111475456506013,0.0100170988589525,-0.0354206450283527,-0.0079826274886727,-0.0264777932316064,0.0031699847895652,-0.0181379150599241,-0.0145843094214797,-0.0140088647603988,0.0140601797029376,-0.0300665199756622,-0.0009730215533636,-0.0091664195060729,-0.018748490139842,-0.009364410303533,0.0081886313855648,0.0037026791833341,-0.0044302311725914,-0.0151472901925444,0.0091470684856176,0.0045083076693117,-0.0088192215189337,-0.0387323014438152,0.0410281717777252,-0.0037777442485094,0.0292022693902254,-0.055555559694767,-0.0106112826615572,0.0318170636892318,-0.005595660302788,0.0168448463082313,-0.0107855303213,-0.0095338141545653,-0.001422080094926,0.0227519012987613,0.0007120526861399,-0.0069930641911923,-0.0417456924915313,0.0217092856764793,0.0096534499898552,0.0091513590887188,-0.0078450525179505,0.0157746858894825,0.0128490347415208,0.0151558127254247,-0.0015007847687229,0.0045906733721494,0.0005002614870257,0.0149445497302911,0.0142571213721596,0.0097411193307062,0.006003044309343,0.0202019874802914,-0.0147573823798947,0.037671241514037,0.0217608548235364,0.2271028428782908,0.0252626840110523,0.1263940006728294,2019-02-21,2019-02-22,2019-02-25,2019-02-26,2019-02-27,2019-02-28,2019-03-01,2019-03-04,2019-03-05,2019-03-06,76230.0,2019-02-20,252.0,1.4978%,-0.0002,1.2088,0.2081,-0.565,1.4250%,2.0478%,51.5754%,0.01538,TRMB,76230.0,2019-02-21,252.0,-0.1501%,-0.0002,1.2062,0.2033,-0.5697,1.4246%,2.0461%,51.5264%,0.001718,TRMB,76230.0,2019-02-22,252.0,0.2004%,-0.0002,1.2078,0.2168,-0.5387,1.4256%,2.0431%,51.3148%,-0.015429,TRMB,76230.0,2019-02-25,252.0,1.3750%,-0.0001,1.2071,0.2104,-0.5444,1.4271%,2.0447%,51.2883%,0.011432,TRMB,76230.0,2019-02-26,252.0,-1.1344%,-0.0001,1.2126,0.2188,-0.536,1.4280%,2.0446%,51.2206%,-0.009962,TRMB,76230.0,2019-02-27,252.0,0.3243%,-0.0002,1.212,0.2203,-0.5361,1.4280%,2.0428%,51.1352%,0.000992,TRMB,76230.0,2019-02-28,252.0,-0.5221%,-0.0001,1.2093,0.2183,-0.5375,1.4275%,2.0382%,50.9463%,-0.002949,TRMB,76230.0,2019-03-01,252.0,1.1497%,-0.0001,1.2102,0.2197,-0.536,1.4275%,2.0381%,50.9429%,-8.2e-05,TRMB,76230.0,2019-03-04,252.0,-0.5436%,-0.0001,1.2091,0.2198,-0.5349,1.4277%,2.0366%,50.8557%,0.0037359999999999,TRMB,76230.0,2019-03-05,252.0,-0.6460%,-0.0001,1.2109,0.2299,-0.5319,1.4278%,2.0362%,50.8304%,-0.005097,TRMB,76230.0,2019-03-06,252.0,-1.5004%,-0.0002,1.2093,0.2353,-0.5329,1.4276%,2.0365%,50.8577%,-0.001813,TRMB,0.017098,0.0016689999999999,0.0131009999999999,0.0041309999999999,-0.002074
9259,TRINITY INDUSTRIES INC,Trinity Industries Sees FY19 EPS $1.15-$1.35 vs $1.28 Estimate,6,uncertain,0.6,0.3,"the guidance for fy19 eps is within a range that includes the estimate, which may not provide a clear positive or negative signal to investors.",1,2019-02-20,TRN,2019-02-20 21:30:00+00:00,55001.0,89652210,0.015234351158142,2712414.0,-0.0373220220208168,0.0051040858961641,-0.0263788904994726,0.027016133069992,-0.0184729378670454,-0.009189031086862,-0.0117106102406978,0.015415864996612,-0.0067710475996136,0.0211267713457346,-0.0025564322713762,0.0151387173682451,0.0051260502077639,-0.004604382906109,-0.0157246422022581,-0.0004184196295682,-0.000863577646669,-0.0008361395448446,-0.0259290616959333,0.0063104592263698,-0.0044365739449858,0.0093418778851628,0.0071301176212728,0.0072711752727627,-0.0057522593997418,0.006024070084095,0.0071205985732376,0.0161783527582883,0.0136986915022134,0.0066021801903843,-0.0108979949727654,0.010226747021079,-0.0193918254226446,0.0107865063473582,0.0206741169095039,0.0086128981783986,-0.0110083669424057,-0.0063063646666705,0.0017809846904128,-0.0142095778137445,0.0204444043338298,0.0190045274794101,-0.0871080160140991,0.0226746760308742,0.0042939004488289,0.0027842866256833,0.0194774288684129,-0.0069125122390687,0.0041938563808798,-0.0018289930885657,0.0046403892338275,0.0032110828906297,0.0036951466463506,0.0018381896661594,0.0184077136218547,-0.0072992630302906,0.0085856551304459,0.0120037039741873,0.0049283429980278,0.0250828545540571,0.0173873994499445,0.0434567481279373,0.0087642753496766,-0.0311004612594842,-0.0008688296074979,0.015055825933814,-0.026956558227539,0.0078316126018762,0.0169794950634241,-0.0101743740960955,0.0158172491937875,0.0083048399537801,0.0160034094005823,0.055154625326395,-0.0051457518711686,-0.020696610212326,0.0124999564141035,-0.0222112908959388,0.0021286141127347,-0.0117073059082031,0.0055224788375198,-0.0238095242530107,-0.0033798024524003,0.0144927166402339,0.0093259559944272,-0.0119331739842891,0.006719859316945,-0.0345622114837169,-0.1205673515796661,-0.0185436382889747,0.0199241023510694,0.0,0.0023255459964275,-0.0013549583964049,0.0004640477709472,0.0031717126257717,0.0041744043119251,-0.0238832775503397,-0.0036951466463506,0.0084746005013585,0.0305980462580919,-0.0556023456156253,0.000449852872407,-0.0037767584435641,-0.0202337615191936,0.0188114810734987,-0.0119320889934897,-0.0076368395239114,-0.0013934364542365,0.0185825545340776,0.0037209265865385,-0.0106883281841874,-0.0389249362051487,0.0507636629045009,0.0120540019124746,0.0022512897849082,0.0042877634987235,0.0095454128459095,0.0142314629629254,-0.0291262064129114,-0.0373220220208168,0.0051040858961641,-0.0627163989881833,0.0322581116299276,-0.0800307807134752,0.0227726597524946,-0.0969603898372341,0.0604805733432005,-0.1327433219963162,0.0769877957474702,-0.1369757397656594,0.2188057473906852,-0.1713791057105538,0.1365121183801974,2019-02-21,2019-02-22,2019-02-25,2019-02-26,2019-02-27,2019-02-28,2019-03-01,2019-03-04,2019-03-05,2019-03-06,55001.0,2019-02-20,252.0,1.5234%,0.0003,1.0542,0.7065,0.4346,1.6783%,2.0034%,29.8228%,0.009174,TRN,55001.0,2019-02-21,252.0,-3.7322%,0.0002,1.0644,0.7201,0.4535,1.6899%,2.0174%,29.8361%,-0.032027,TRN,55001.0,2019-02-22,252.0,-2.6379%,0.0,1.0694,0.6981,0.4939,1.6993%,2.0227%,29.4214%,-0.030691,TRN,55001.0,2019-02-25,252.0,-1.8473%,0.0,1.0665,0.7037,0.4858,1.6949%,2.0186%,29.4980%,-0.017473,TRN,55001.0,2019-02-26,252.0,-1.1711%,0.0002,1.0874,0.6891,0.4941,1.6819%,2.0159%,30.3950%,-0.003997,TRN,55001.0,2019-02-27,252.0,-0.6771%,0.0002,1.0917,0.679,0.4948,1.6816%,2.0164%,30.4516%,-0.008566,TRN,55001.0,2019-02-28,252.0,-0.2556%,0.0002,1.0921,0.6793,0.4947,1.6816%,2.0147%,30.3350%,0.001829,TRN,55001.0,2019-03-01,252.0,0.5126%,0.0002,1.0933,0.6811,0.4979,1.6816%,2.0131%,30.2250%,-0.0028179999999999,TRN,55001.0,2019-03-04,252.0,-1.5725%,0.0001,1.0987,0.6715,0.4946,1.6816%,2.0155%,30.3919%,-0.009347,TRN,55001.0,2019-03-05,252.0,-0.0864%,0.0001,1.0973,0.6631,0.492,1.6817%,2.0129%,30.2048%,0.004183,TRN,55001.0,2019-03-06,252.0,-2.5929%,0.0001,1.1022,0.6799,0.4999,1.6825%,2.0190%,30.5609%,-0.008643,TRN,-0.022853,-0.053544,-0.071017,-0.08358,-0.0983759999999999
9267,TRINITY INDUSTRIES INC,"Trinity Industries Q4 EPS $0.19 Misses $0.25 Estimate, Sales $735M Beat $697.12M Estimate",6,decrease,0.7,0.5,"the earnings per share (eps) miss is likely to weigh more heavily on investor sentiment than the sales beat, leading to a potential decrease in stock price.",0,2019-02-20,TRN,2019-02-20 21:30:00+00:00,55001.0,89652210,0.015234351158142,2712414.0,-0.0373220220208168,0.0051040858961641,-0.0263788904994726,0.027016133069992,-0.0184729378670454,-0.009189031086862,-0.0117106102406978,0.015415864996612,-0.0067710475996136,0.0211267713457346,-0.0025564322713762,0.0151387173682451,0.0051260502077639,-0.004604382906109,-0.0157246422022581,-0.0004184196295682,-0.000863577646669,-0.0008361395448446,-0.0259290616959333,0.0063104592263698,-0.0044365739449858,0.0093418778851628,0.0071301176212728,0.0072711752727627,-0.0057522593997418,0.006024070084095,0.0071205985732376,0.0161783527582883,0.0136986915022134,0.0066021801903843,-0.0108979949727654,0.010226747021079,-0.0193918254226446,0.0107865063473582,0.0206741169095039,0.0086128981783986,-0.0110083669424057,-0.0063063646666705,0.0017809846904128,-0.0142095778137445,0.0204444043338298,0.0190045274794101,-0.0871080160140991,0.0226746760308742,0.0042939004488289,0.0027842866256833,0.0194774288684129,-0.0069125122390687,0.0041938563808798,-0.0018289930885657,0.0046403892338275,0.0032110828906297,0.0036951466463506,0.0018381896661594,0.0184077136218547,-0.0072992630302906,0.0085856551304459,0.0120037039741873,0.0049283429980278,0.0250828545540571,0.0173873994499445,0.0434567481279373,0.0087642753496766,-0.0311004612594842,-0.0008688296074979,0.015055825933814,-0.026956558227539,0.0078316126018762,0.0169794950634241,-0.0101743740960955,0.0158172491937875,0.0083048399537801,0.0160034094005823,0.055154625326395,-0.0051457518711686,-0.020696610212326,0.0124999564141035,-0.0222112908959388,0.0021286141127347,-0.0117073059082031,0.0055224788375198,-0.0238095242530107,-0.0033798024524003,0.0144927166402339,0.0093259559944272,-0.0119331739842891,0.006719859316945,-0.0345622114837169,-0.1205673515796661,-0.0185436382889747,0.0199241023510694,0.0,0.0023255459964275,-0.0013549583964049,0.0004640477709472,0.0031717126257717,0.0041744043119251,-0.0238832775503397,-0.0036951466463506,0.0084746005013585,0.0305980462580919,-0.0556023456156253,0.000449852872407,-0.0037767584435641,-0.0202337615191936,0.0188114810734987,-0.0119320889934897,-0.0076368395239114,-0.0013934364542365,0.0185825545340776,0.0037209265865385,-0.0106883281841874,-0.0389249362051487,0.0507636629045009,0.0120540019124746,0.0022512897849082,0.0042877634987235,0.0095454128459095,0.0142314629629254,-0.0291262064129114,-0.0373220220208168,0.0051040858961641,-0.0627163989881833,0.0322581116299276,-0.0800307807134752,0.0227726597524946,-0.0969603898372341,0.0604805733432005,-0.1327433219963162,0.0769877957474702,-0.1369757397656594,0.2188057473906852,-0.1713791057105538,0.1365121183801974,2019-02-21,2019-02-22,2019-02-25,2019-02-26,2019-02-27,2019-02-28,2019-03-01,2019-03-04,2019-03-05,2019-03-06,55001.0,2019-02-20,252.0,1.5234%,0.0003,1.0542,0.7065,0.4346,1.6783%,2.0034%,29.8228%,0.009174,TRN,55001.0,2019-02-21,252.0,-3.7322%,0.0002,1.0644,0.7201,0.4535,1.6899%,2.0174%,29.8361%,-0.032027,TRN,55001.0,2019-02-22,252.0,-2.6379%,0.0,1.0694,0.6981,0.4939,1.6993%,2.0227%,29.4214%,-0.030691,TRN,55001.0,2019-02-25,252.0,-1.8473%,0.0,1.0665,0.7037,0.4858,1.6949%,2.0186%,29.4980%,-0.017473,TRN,55001.0,2019-02-26,252.0,-1.1711%,0.0002,1.0874,0.6891,0.4941,1.6819%,2.0159%,30.3950%,-0.003997,TRN,55001.0,2019-02-27,252.0,-0.6771%,0.0002,1.0917,0.679,0.4948,1.6816%,2.0164%,30.4516%,-0.008566,TRN,55001.0,2019-02-28,252.0,-0.2556%,0.0002,1.0921,0.6793,0.4947,1.6816%,2.0147%,30.3350%,0.001829,TRN,55001.0,2019-03-01,252.0,0.5126%,0.0002,1.0933,0.6811,0.4979,1.6816%,2.0131%,30.2250%,-0.0028179999999999,TRN,55001.0,2019-03-04,252.0,-1.5725%,0.0001,1.0987,0.6715,0.4946,1.6816%,2.0155%,30.3919%,-0.009347,TRN,55001.0,2019-03-05,252.0,-0.0864%,0.0001,1.0973,0.6631,0.492,1.6817%,2.0129%,30.2048%,0.004183,TRN,55001.0,2019-03-06,252.0,-2.5929%,0.0001,1.1022,0.6799,0.4999,1.6825%,2.0190%,30.5609%,-0.008643,TRN,-0.022853,-0.053544,-0.071017,-0.08358,-0.0983759999999999
9275,TENARIS S A,Tenaris Reports Board Proposed $0.28/Share Annual Dividend ($0.56/ADS),6,increase,0.75,0.6,"the announcement of a proposed annual dividend typically signals financial health and can attract investors, likely leading to an increase in stock price.",2,2019-02-20,TS,2019-02-20 22:24:00+00:00,89637.0,88031M10,0.0182156059890985,2981752.0,0.010222733952105,0.0033569622319191,-0.0151788964867591,0.023282391950488,0.0044037005864083,0.011192625388503,-0.0131531087681651,0.0216876659542322,0.0029618630651384,0.0172483064234256,-0.0199335888028144,0.0146520398557186,0.0052731186151504,-0.0104712136089801,-0.001498722936958,-0.0289401561021804,-0.0052532604895532,-0.0003909393562935,-0.0003772247873712,0.0082774562761187,-0.0173584558069706,0.0131789101287722,-0.0138249080628156,0.00280342833139,0.0389408096671104,0.0016044527292251,0.0161169525235891,0.0105391256511211,0.0309848822653293,0.0044788522645831,-0.0032200410496443,-0.0187775157392025,-0.0035893891472369,0.0416146479547023,0.0115273660048842,0.0130691984668374,-0.0010684005683287,0.0042336354963481,0.0178253129124641,-0.0279834736138582,0.0070052808150649,0.0257492065429687,0.0156522002071142,0.0110968938097357,-0.007876762188971,0.0060111372731626,-0.0214014127850532,-0.0093576908111572,-0.0084656001999974,-0.009688270278275,-0.0056919190101325,-0.0083542503416538,0.0107334246858954,0.0037735912483185,0.0208849608898162,0.0338101722300052,-0.0149098578840494,0.0091863116249442,-0.0049278209917247,0.012848955579102,-0.0024761122185736,0.0439407415688037,0.023404249921441,-0.0114311836659908,0.0062370165251195,0.025797426700592,-0.0265151672065258,-0.0065237367525696,-0.004952291958034,0.004211429040879,-0.0067543061450123,-0.0065085720270872,0.0153901325538754,0.0492683053016662,0.0031723033171147,-0.0134745277464389,0.0351370349526405,0.0033800872042775,-0.0010182885453104,-0.0249529518187046,-0.0040775006636977,-0.0252409875392913,0.0272944774478673,-0.001832295442,0.0039853514172136,-0.0171093735843896,-0.0357260964810848,-0.0351868532598018,-0.0284734107553958,-0.0004342261527199,-0.0074152220040559,0.0176757201552391,-0.00924938544631,-0.003522674087435,-0.0039497525431215,-0.0061269714497029,-0.0230713561177253,-0.0247545838356018,-0.0092250918969511,-0.0389663204550743,0.0186219736933708,-0.0317712910473346,-0.0065813637338578,0.0349363088607788,-0.0264997910708189,-0.0117790782824158,0.0139886168763041,-0.0276460852473974,-0.0044742333702743,0.0394088290631771,-0.0071161244995892,-0.0977777540683746,-0.0132025796920061,0.0227272883057594,0.0244648084044456,-0.034734945744276,0.0130597157403826,0.0289691668003797,0.0283609740436077,-0.0449155606329441,0.010222733952105,0.0033569622319191,-0.0051113323551248,0.0267175122928537,-0.000730140546006,0.0382091767877634,-0.0109528744697812,0.0790212292426071,-0.0324935892236686,0.0603073969193359,0.0321285538704974,0.1918475833654158,0.0193501507960194,-0.0334171858640472,2019-02-21,2019-02-22,2019-02-25,2019-02-26,2019-02-27,2019-02-28,2019-03-01,2019-03-04,2019-03-05,2019-03-06,89637.0,2019-02-20,252.0,1.8216%,-0.0005,1.3047,0.8465,0.8752,1.7489%,2.1841%,35.8819%,0.008886,TS,89637.0,2019-02-21,252.0,1.0223%,-0.0004,1.3,0.841,0.8665,1.7526%,2.1832%,35.5592%,0.017556,TS,89637.0,2019-02-22,252.0,-1.5179%,-0.0004,1.3012,0.8644,0.9019,1.7506%,2.1827%,35.6704%,-0.015617,TS,89637.0,2019-02-25,252.0,0.4404%,-0.0006,1.3076,0.8675,0.9273,1.7162%,2.1580%,36.7569%,0.0062229999999999,TS,89637.0,2019-02-26,252.0,-1.3153%,-0.0006,1.3049,0.8728,0.928,1.7159%,2.1555%,36.6295%,-0.002549,TS,89637.0,2019-02-27,252.0,0.2962%,-0.0007,1.2955,0.89,0.9264,1.7107%,2.1468%,36.5033%,0.001143,TS,89637.0,2019-02-28,252.0,-1.9934%,-0.0007,1.2908,0.8863,0.9261,1.7105%,2.1412%,36.1833%,-0.0138799999999999,TS,89637.0,2019-03-01,252.0,0.5273%,-0.0007,1.2932,0.8899,0.9308,1.7103%,2.1391%,36.0754%,-0.002977,TS,89637.0,2019-03-04,252.0,-0.1499%,-0.0009,1.313,0.8188,0.9269,1.6878%,2.1263%,36.9904%,0.0050649999999999,TS,89637.0,2019-03-05,252.0,-0.5253%,-0.0008,1.3171,0.8522,0.9289,1.6831%,2.1262%,37.3339%,0.001652,TS,89637.0,2019-03-06,252.0,-0.0377%,-0.0006,1.316,0.8008,0.9206,1.6860%,2.1262%,37.1218%,0.020963,TS,0.026442,0.010825,0.017048,0.015642,0.026465
9283,TENARIS S A,"Tenaris Q4 EPS $0.38 Misses $0.43 Estimate, Sales $2.11B Beat $2.09B Estimate",6,decrease,0.7,0.5,"the earnings per share (eps) miss is likely to weigh more heavily on investor sentiment than the sales beat, leading to a potential decrease in stock price.",0,2019-02-20,TS,2019-02-20 21:29:00+00:00,89637.0,88031M10,0.0182156059890985,2981752.0,0.010222733952105,0.0033569622319191,-0.0151788964867591,0.023282391950488,0.0044037005864083,0.011192625388503,-0.0131531087681651,0.0216876659542322,0.0029618630651384,0.0172483064234256,-0.0199335888028144,0.0146520398557186,0.0052731186151504,-0.0104712136089801,-0.001498722936958,-0.0289401561021804,-0.0052532604895532,-0.0003909393562935,-0.0003772247873712,0.0082774562761187,-0.0173584558069706,0.0131789101287722,-0.0138249080628156,0.00280342833139,0.0389408096671104,0.0016044527292251,0.0161169525235891,0.0105391256511211,0.0309848822653293,0.0044788522645831,-0.0032200410496443,-0.0187775157392025,-0.0035893891472369,0.0416146479547023,0.0115273660048842,0.0130691984668374,-0.0010684005683287,0.0042336354963481,0.0178253129124641,-0.0279834736138582,0.0070052808150649,0.0257492065429687,0.0156522002071142,0.0110968938097357,-0.007876762188971,0.0060111372731626,-0.0214014127850532,-0.0093576908111572,-0.0084656001999974,-0.009688270278275,-0.0056919190101325,-0.0083542503416538,0.0107334246858954,0.0037735912483185,0.0208849608898162,0.0338101722300052,-0.0149098578840494,0.0091863116249442,-0.0049278209917247,0.012848955579102,-0.0024761122185736,0.0439407415688037,0.023404249921441,-0.0114311836659908,0.0062370165251195,0.025797426700592,-0.0265151672065258,-0.0065237367525696,-0.004952291958034,0.004211429040879,-0.0067543061450123,-0.0065085720270872,0.0153901325538754,0.0492683053016662,0.0031723033171147,-0.0134745277464389,0.0351370349526405,0.0033800872042775,-0.0010182885453104,-0.0249529518187046,-0.0040775006636977,-0.0252409875392913,0.0272944774478673,-0.001832295442,0.0039853514172136,-0.0171093735843896,-0.0357260964810848,-0.0351868532598018,-0.0284734107553958,-0.0004342261527199,-0.0074152220040559,0.0176757201552391,-0.00924938544631,-0.003522674087435,-0.0039497525431215,-0.0061269714497029,-0.0230713561177253,-0.0247545838356018,-0.0092250918969511,-0.0389663204550743,0.0186219736933708,-0.0317712910473346,-0.0065813637338578,0.0349363088607788,-0.0264997910708189,-0.0117790782824158,0.0139886168763041,-0.0276460852473974,-0.0044742333702743,0.0394088290631771,-0.0071161244995892,-0.0977777540683746,-0.0132025796920061,0.0227272883057594,0.0244648084044456,-0.034734945744276,0.0130597157403826,0.0289691668003797,0.0283609740436077,-0.0449155606329441,0.010222733952105,0.0033569622319191,-0.0051113323551248,0.0267175122928537,-0.000730140546006,0.0382091767877634,-0.0109528744697812,0.0790212292426071,-0.0324935892236686,0.0603073969193359,0.0321285538704974,0.1918475833654158,0.0193501507960194,-0.0334171858640472,2019-02-21,2019-02-22,2019-02-25,2019-02-26,2019-02-27,2019-02-28,2019-03-01,2019-03-04,2019-03-05,2019-03-06,89637.0,2019-02-20,252.0,1.8216%,-0.0005,1.3047,0.8465,0.8752,1.7489%,2.1841%,35.8819%,0.008886,TS,89637.0,2019-02-21,252.0,1.0223%,-0.0004,1.3,0.841,0.8665,1.7526%,2.1832%,35.5592%,0.017556,TS,89637.0,2019-02-22,252.0,-1.5179%,-0.0004,1.3012,0.8644,0.9019,1.7506%,2.1827%,35.6704%,-0.015617,TS,89637.0,2019-02-25,252.0,0.4404%,-0.0006,1.3076,0.8675,0.9273,1.7162%,2.1580%,36.7569%,0.0062229999999999,TS,89637.0,2019-02-26,252.0,-1.3153%,-0.0006,1.3049,0.8728,0.928,1.7159%,2.1555%,36.6295%,-0.002549,TS,89637.0,2019-02-27,252.0,0.2962%,-0.0007,1.2955,0.89,0.9264,1.7107%,2.1468%,36.5033%,0.001143,TS,89637.0,2019-02-28,252.0,-1.9934%,-0.0007,1.2908,0.8863,0.9261,1.7105%,2.1412%,36.1833%,-0.0138799999999999,TS,89637.0,2019-03-01,252.0,0.5273%,-0.0007,1.2932,0.8899,0.9308,1.7103%,2.1391%,36.0754%,-0.002977,TS,89637.0,2019-03-04,252.0,-0.1499%,-0.0009,1.313,0.8188,0.9269,1.6878%,2.1263%,36.9904%,0.0050649999999999,TS,89637.0,2019-03-05,252.0,-0.5253%,-0.0008,1.3171,0.8522,0.9289,1.6831%,2.1262%,37.3339%,0.001652,TS,89637.0,2019-03-06,252.0,-0.0377%,-0.0006,1.316,0.8008,0.9206,1.6860%,2.1262%,37.1218%,0.020963,TS,0.026442,0.010825,0.017048,0.015642,0.026465
9291,TEXAS ROADHOUSE INC,3 Texas Roadhouse Analysts Agree: Wait For A Better Entry Point In Stock,6,decrease,0.7,0.6,"analysts advising to wait for a better entry point suggests a lack of immediate buying interest, which could lead to a decrease in stock price.",0,2019-02-20,TXRH,2019-02-20 16:27:00+00:00,90427.0,88268110,-0.0427089594304561,2239189.0,0.0129063315689563,-0.0003050361701752,-0.0144722070544958,0.0007630558684468,-0.0020750369876623,0.014239253476262,0.0167946126312017,0.0026380843482911,-0.0072361035272479,0.0068750381469726,0.0031690818723291,0.0178116876631975,-0.0036329100839793,-0.0071056489832699,-0.0147431874647736,0.0012648510746657,-0.0022526660468429,0.0089328661561012,-0.0179002881050109,0.0145654268562793,-0.0075534135103225,0.0166173446923494,-0.0104235149919986,-0.0009862158913165,-0.0016719994600862,-0.0144176157191395,0.0056942040100693,-0.005317464005202,-0.0003347356978338,-0.0177271123975515,-0.0097103305160999,0.0063714804127812,0.0094674136489629,-0.0257604531943798,0.0184224136173725,-0.0089202439412474,-0.0055911880917847,-0.0148485358804464,-0.0067802187986671,-0.0149253727868199,0.0154845202341675,0.0090361209586262,-0.0063945432193577,0.010654560290277,0.0072607663460075,-0.0072529972530901,0.0052424590103328,0.0022717178799211,-0.0016297635156661,-0.0141834057867527,0.0093046613037586,0.0411938652396202,0.0058223642408847,0.0194929223507642,0.0030551929958164,-0.0168277006596326,-0.0012824916047975,0.0375040359795093,-0.0030497373081743,0.0341023206710815,-0.0028980888891965,0.029958639293909,0.0146940071135759,-0.0209035370498895,-0.0097072022035717,-0.0063651767559349,-0.0165514834225177,0.0075949495658278,0.0026143766008317,0.0088540855795145,-0.006681874860078,-0.00474493810907,0.0237900037318468,0.038725521415472,-0.0200320500880479,-0.0164473168551921,-0.011610840447247,-0.0354041866958141,-0.0215089228004217,-0.009756906889379,0.0120053952559828,-0.0257773231714963,0.0063492241315543,0.0198003444820642,-0.0086335791274905,-0.0156250186264514,0.0080388467758893,-0.0124085070565342,0.0093038938939571,-0.0039613372646272,-0.0019752911757677,0.0210321824997663,0.0075869876891374,-0.0316465683281421,-0.1158946081995964,0.0050386320799589,-0.0301795471459627,-0.0217190366238355,0.0143184419721365,0.0023159107659012,0.029926598072052,-0.0227821692824363,0.0034721971023827,0.0037861578166484,0.0078310016542673,-0.0042225727811455,-0.0166245382279157,-0.0108890710398554,0.0044101742096245,0.0356866605579853,0.0045737284235656,0.020495081320405,0.0009105670615099,-0.0162841659039259,-0.0043667736463248,0.0046744011342525,-0.0164473950862884,0.0053258170373737,-0.0195094626396894,-0.0054525979794561,0.0129063315689563,-0.0003050361701752,-0.0017526585883193,0.0004577869386317,-0.0038240587445841,0.014703558959151,0.0055768352318581,0.0243749618198665,-0.0296366632468396,0.0610130541233497,-0.005387961569249,0.0959544916008658,-0.1549560882725762,0.0254564819004985,2019-02-21,2019-02-22,2019-02-25,2019-02-26,2019-02-27,2019-02-28,2019-03-01,2019-03-04,2019-03-05,2019-03-06,90427.0,2019-02-20,252.0,-4.2709%,0.0003,0.6076,0.432,0.0446,1.4843%,1.6330%,17.3841%,-0.0453979999999999,TXRH,90427.0,2019-02-21,252.0,1.2906%,0.0004,0.5992,0.4183,0.0291,1.4849%,1.6304%,17.0588%,0.015459,TXRH,90427.0,2019-02-22,252.0,-1.4472%,0.0004,0.602,0.4213,0.0644,1.4901%,1.6329%,16.7316%,-0.0203399999999999,TXRH,90427.0,2019-02-25,252.0,-0.2075%,0.0004,0.6014,0.4219,0.0627,1.4898%,1.6327%,16.7370%,-0.001867,TXRH,90427.0,2019-02-26,252.0,1.6795%,0.0004,0.5929,0.4021,0.0463,1.4945%,1.6333%,16.2722%,0.020564,TXRH,90427.0,2019-02-27,252.0,-0.7236%,0.0004,0.5935,0.3984,0.0463,1.4955%,1.6339%,16.2234%,-0.008578,TXRH,90427.0,2019-02-28,252.0,0.3169%,0.0005,0.5821,0.3908,0.037,1.4907%,1.6246%,15.8055%,0.004945,TXRH,90427.0,2019-03-01,252.0,-0.3633%,0.0005,0.5777,0.3842,0.0345,1.4917%,1.6230%,15.5281%,-0.008899,TXRH,90427.0,2019-03-04,252.0,-1.4743%,0.0004,0.5854,0.3684,0.0303,1.4907%,1.6246%,15.7997%,-0.0104269999999999,TXRH,90427.0,2019-03-05,252.0,-0.2253%,0.0003,0.5817,0.3395,0.0279,1.4870%,1.6172%,15.4544%,-0.0001329999999999,TXRH,90427.0,2019-03-06,252.0,-1.7900%,0.0002,0.5814,0.3617,0.0306,1.4873%,1.6194%,15.6563%,-0.008838,TXRH,-0.0299389999999999,-0.0502789999999999,-0.0521459999999999,-0.0401599999999999,-0.063512
9299,TYLER TECHNOLOGIES INC,"Tyler Technologies Q4 EPS $1.26, Inline, Sales $243M Miss $247.74M Estimate",6,decrease,0.7,0.6,"the earnings per share (eps) met expectations, but the sales figure missed estimates significantly, which is likely to negatively impact investor sentiment.",0,2019-02-20,TYL,2019-02-20 21:20:00+00:00,76185.0,90225210,-0.0122775845229625,299964.0,-0.0210610516369342,-0.0009257404017262,-0.0055102729238569,0.0013441172195598,-0.0098771527409553,0.0115336244925856,-0.0054500978440046,0.0174107700586319,0.0081220688298344,0.0101672075688839,-0.0060667833313345,-0.0032180508133023,0.0072757727466523,0.0210386607795953,-0.023026954382658,-0.0017623762832954,-0.0046643302775919,-0.0068552531301975,-0.0058826096355915,0.0253751259297132,0.0025073967408388,0.0199318565428257,-0.0036016267258673,0.0395369492471218,0.014257725328207,-0.0014251254033297,-0.0032668597996234,0.0063742282800376,0.0013408366357907,-0.0124842887744307,-9.920785669237377e-05,0.0046374625526368,0.0038190868217498,0.0102214552462101,0.0064726397395133,0.0101640196517109,0.0042710378766059,0.0094456877559423,-0.0051816627383232,-0.027658961713314,0.020736088976264,0.0246632993221283,-0.0416886769235134,-0.0011345581151545,-0.0049229464493691,0.0020571940112859,0.0058559426106512,0.0113331917673349,0.0030113230459392,-0.0071211825124919,0.0231173131614923,-0.0080879973247647,-0.000342384329997,0.0001078746354323,0.0120841553434729,0.001782733714208,0.0017886130372062,0.0124152498319745,0.0070449304766952,0.0148756252601742,-0.0046478258445858,0.0199852716177702,0.0082318717613816,-0.0307835843414068,0.0031989980489015,-0.0192659646272659,0.0065680113621056,0.0237453188747167,0.0074708107858896,-0.007491307798773,0.0026282325852662,0.0097173685207962,0.0157749149948358,0.0418175943195819,0.0035022788215428,-0.0187943708151578,0.0076689850538969,-0.0164317023009061,-0.0020963016431778,-0.0139580871909856,-0.0022377744317054,-0.0025115560274571,0.0055382950231432,0.0123258661478757,0.0175702143460512,-0.0287738926708698,-0.0029523759149014,-0.0003756765217985,0.005249218083918,-0.0043278345838189,0.0082567445933818,0.0167318657040596,0.0114204855635762,-0.0159306954592466,0.014967824332416,0.0262233857065439,-0.0258721057325601,-0.0174114368855953,-0.0437342524528503,-0.0097155142575502,0.0104614850133657,-0.0315860249102115,0.0180036108940839,0.0035277442075312,-0.0222302339971065,0.0088448589667677,0.000138065079227,0.0020979135297238,-0.0074087739922106,0.0153363067656755,0.011729247868061,-0.0069801034405827,-0.0350089333951473,0.0157375019043684,0.0028016350697726,0.0068681468255817,0.009423267096281,0.013761019334197,0.0179668888449668,0.0077347727492451,-0.0210610516369342,-0.0009257404017262,-0.0264552724182083,0.0004171325142188,-0.0360711223926855,0.011955568056587,-0.0335382017423113,0.0400423913472749,-0.0646371730991076,0.0760257257742882,-0.0210610525920543,0.1980461352325131,0.017871366237034,0.1924861660389618,2019-02-21,2019-02-22,2019-02-25,2019-02-26,2019-02-27,2019-02-28,2019-03-01,2019-03-04,2019-03-05,2019-03-06,76185.0,2019-02-20,252.0,-1.2278%,-0.0002,0.6681,0.1986,-0.7132,1.1192%,1.4962%,44.0473%,-0.010235,TYL,76185.0,2019-02-21,252.0,-2.1061%,-0.0003,0.677,0.2122,-0.6969,1.1238%,1.5014%,43.9762%,-0.02019,TYL,76185.0,2019-02-22,252.0,-0.5510%,-0.0004,0.6796,0.2189,-0.6595,1.1302%,1.5000%,43.2327%,-0.021422,TYL,76185.0,2019-02-25,252.0,-0.9877%,-0.0004,0.6774,0.2222,-0.6659,1.1259%,1.4976%,43.4837%,-0.011615,TYL,76185.0,2019-02-26,252.0,-0.5450%,-0.0004,0.6704,0.2358,-0.6642,1.1231%,1.4907%,43.2378%,-0.005241,TYL,76185.0,2019-02-27,252.0,0.8122%,-0.0004,0.6751,0.2293,-0.6634,1.1219%,1.4913%,43.4035%,0.006174,TYL,76185.0,2019-02-28,252.0,-0.6067%,-0.0004,0.6751,0.2291,-0.6621,1.1224%,1.4901%,43.2625%,-0.005778,TYL,76185.0,2019-03-01,252.0,0.7276%,-0.0004,0.6785,0.2341,-0.6566,1.1218%,1.4907%,43.3717%,-0.000988,TYL,76185.0,2019-03-04,252.0,-2.3027%,-0.0005,0.6843,0.2291,-0.6613,1.1249%,1.4978%,43.5938%,-0.016091,TYL,76185.0,2019-03-05,252.0,-0.4664%,-0.0005,0.6833,0.2192,-0.6606,1.1243%,1.4941%,43.3766%,-0.004468,TYL,76185.0,2019-03-06,252.0,-0.5883%,-0.0006,0.6767,0.2168,-0.6684,1.1228%,1.4919%,43.3592%,0.002793,TYL,-0.030425,-0.051847,-0.063462,-0.062529,-0.087061
9307,UNITED AIRLINES HOLDINGS INC,United Shares Up ~0.5% Over Last Few Mins. Following Exec Comment Jan. Sales Guidance 'Remains Accurate'; Stock Down 0.3% For Session,6,uncertain,0.6,0.2,"while the stock saw a slight increase in the short term, the overall session decline and mixed signals from executive comments create uncertainty about future price movement.",1,2019-02-20,UAL,2019-02-20 18:32:00+00:00,91103.0,91004710,-0.0082922214642167,3149509.0,0.0038417666219174,0.0105310874059796,0.0066411974839866,0.0018150429241359,0.0016773066017776,-0.0048543722368776,-0.0005581943551078,0.0069341887719929,-0.0215570237487554,-0.0132361222058534,0.002397249918431,0.0111149298027157,-0.0101355127990245,0.003528312779963,-0.0300276186317205,-0.0210584886372089,0.0087771974503993,0.0032416824251413,-0.0084656225517392,0.0094786314293742,-0.020396078005433,0.0129158180207014,-0.002542054047808,0.0025209262967109,-0.0002427702856948,-0.0022865505889058,-0.0307113230228424,0.0210108924657106,0.0170319434255361,0.0126477507874369,0.0034478362649679,0.0054670679382979,0.0024543451145291,0.0013090635184198,-0.01175173278898,0.013875501230359,0.0075559639371931,-0.0055195474997162,-0.0185639858245849,-0.0262881182134151,0.0146561209112405,-0.0132580306380987,-0.0169136133044958,0.0044001536443829,-0.0189626347273588,0.0635468438267707,-0.0080645782873034,0.0161430761218071,0.0134210987016558,-0.0019982019439339,0.0008913752390071,-0.0159764401614666,0.0150127271190285,-0.028533898293972,0.0136626223102212,0.0167516991496086,0.0234944205731153,-0.0102127362042665,0.0172767955809831,0.0066521898843348,0.0052256821654737,0.0335000045597553,0.0031900315079838,-0.0496555045247077,-0.0038864894304424,0.0053743813186883,-0.0039016532246023,0.0067332596518099,0.0032047079876065,0.0015654774615541,0.0145528092980384,-0.009069237858057,-0.0030320947989821,0.0591506585478782,-0.0113463709130883,-0.0288449544459581,0.0076905055902898,-0.0348300226032733,0.0477867759764194,-0.0226930528879165,-0.0107574975118041,-0.0162870194762945,-0.0081558814272284,0.0184433814138174,0.0046825455501675,-0.0174378715455532,0.000682022946421,0.002972044982016,-0.0132909025996923,-0.0239874366670846,0.0124338222667574,0.0169048998504877,0.0189902000129222,-0.0046301935799419,-0.0083696013316512,0.0036268807016313,-0.0103533444926142,-0.0515962094068527,0.0042073586955666,0.01185551751405,0.0021515393164008,-0.0468587689101696,-0.0080225886777043,-0.0024818808306008,-0.024034634232521,0.0171452332288026,-0.0121381990611553,0.0062446687370538,-0.0061436276882886,0.0117798903957009,0.0079647898674011,0.017765637487173,-0.0320792682468891,-0.0325811505317688,0.0168148800730705,0.0213223751634359,-0.0131815280765295,0.0118775637820363,0.0027929977513849,-0.0034748583566397,0.0038417666219174,0.0105310874059796,0.0105084780367277,0.0123652447057951,0.012203410578091,0.0074508469683154,-0.0101695087595992,0.0010094931709276,-0.0471186223296722,0.0069961080724756,-0.0485876033365144,0.0793420138569456,-0.0668926322206496,-0.0309479669443526,2019-02-21,2019-02-22,2019-02-25,2019-02-26,2019-02-27,2019-02-28,2019-03-01,2019-03-04,2019-03-05,2019-03-06,91103.0,2019-02-20,252.0,-0.8292%,0.0011,0.9826,0.3819,0.2466,1.5332%,1.8362%,30.2739%,-0.0125289999999999,UAL,91103.0,2019-02-21,252.0,0.3842%,0.0011,0.9838,0.3859,0.2488,1.5331%,1.8362%,30.2941%,0.008212,UAL,91103.0,2019-02-22,252.0,0.6641%,0.0011,0.984,0.3785,0.2445,1.5327%,1.8363%,30.3347%,0.001681,UAL,91103.0,2019-02-25,252.0,0.1677%,0.0011,0.9834,0.3777,0.242,1.5323%,1.8359%,30.3361%,0.001526,UAL,91103.0,2019-02-26,252.0,-0.0558%,0.0012,0.9837,0.3733,0.2399,1.5324%,1.8345%,30.2175%,0.004131,UAL,91103.0,2019-02-27,252.0,-2.1557%,0.001,0.9766,0.3789,0.2387,1.5370%,1.8339%,29.7573%,-0.022964,UAL,91103.0,2019-02-28,252.0,0.2397%,0.0011,0.971,0.3753,0.2335,1.5364%,1.8290%,29.4358%,0.005846,UAL,91103.0,2019-03-01,252.0,-1.0136%,0.0009,0.9738,0.3794,0.2464,1.5392%,1.8303%,29.2833%,-0.017371,UAL,91103.0,2019-03-04,252.0,-3.0028%,0.0008,0.9784,0.3871,0.24,1.5473%,1.8406%,29.3280%,-0.024497,UAL,91103.0,2019-03-05,252.0,0.8777%,0.0009,0.9791,0.4002,0.2363,1.5472%,1.8412%,29.3855%,0.012126,UAL,91103.0,2019-03-06,252.0,-0.8466%,0.001,0.9855,0.3858,0.2416,1.5445%,1.8419%,29.6806%,0.004618,UAL,-0.0043169999999999,-0.0026359999999999,-0.0011099999999999,-0.019943,-0.039221
9315,UNITED AIRLINES HOLDINGS INC,United Continental Exec At Barclays Industrial Select Conference Says Jan. Sales Guidance Remains Accurate,6,uncertain,0.6,0.2,"while the confirmation of sales guidance may provide some reassurance to investors, it does not indicate a significant change in performance or outlook that would clearly drive the stock price up or down.",1,2019-02-20,UAL,2019-02-20 18:31:00+00:00,91103.0,91004710,-0.0082922214642167,3149509.0,0.0038417666219174,0.0105310874059796,0.0066411974839866,0.0018150429241359,0.0016773066017776,-0.0048543722368776,-0.0005581943551078,0.0069341887719929,-0.0215570237487554,-0.0132361222058534,0.002397249918431,0.0111149298027157,-0.0101355127990245,0.003528312779963,-0.0300276186317205,-0.0210584886372089,0.0087771974503993,0.0032416824251413,-0.0084656225517392,0.0094786314293742,-0.020396078005433,0.0129158180207014,-0.002542054047808,0.0025209262967109,-0.0002427702856948,-0.0022865505889058,-0.0307113230228424,0.0210108924657106,0.0170319434255361,0.0126477507874369,0.0034478362649679,0.0054670679382979,0.0024543451145291,0.0013090635184198,-0.01175173278898,0.013875501230359,0.0075559639371931,-0.0055195474997162,-0.0185639858245849,-0.0262881182134151,0.0146561209112405,-0.0132580306380987,-0.0169136133044958,0.0044001536443829,-0.0189626347273588,0.0635468438267707,-0.0080645782873034,0.0161430761218071,0.0134210987016558,-0.0019982019439339,0.0008913752390071,-0.0159764401614666,0.0150127271190285,-0.028533898293972,0.0136626223102212,0.0167516991496086,0.0234944205731153,-0.0102127362042665,0.0172767955809831,0.0066521898843348,0.0052256821654737,0.0335000045597553,0.0031900315079838,-0.0496555045247077,-0.0038864894304424,0.0053743813186883,-0.0039016532246023,0.0067332596518099,0.0032047079876065,0.0015654774615541,0.0145528092980384,-0.009069237858057,-0.0030320947989821,0.0591506585478782,-0.0113463709130883,-0.0288449544459581,0.0076905055902898,-0.0348300226032733,0.0477867759764194,-0.0226930528879165,-0.0107574975118041,-0.0162870194762945,-0.0081558814272284,0.0184433814138174,0.0046825455501675,-0.0174378715455532,0.000682022946421,0.002972044982016,-0.0132909025996923,-0.0239874366670846,0.0124338222667574,0.0169048998504877,0.0189902000129222,-0.0046301935799419,-0.0083696013316512,0.0036268807016313,-0.0103533444926142,-0.0515962094068527,0.0042073586955666,0.01185551751405,0.0021515393164008,-0.0468587689101696,-0.0080225886777043,-0.0024818808306008,-0.024034634232521,0.0171452332288026,-0.0121381990611553,0.0062446687370538,-0.0061436276882886,0.0117798903957009,0.0079647898674011,0.017765637487173,-0.0320792682468891,-0.0325811505317688,0.0168148800730705,0.0213223751634359,-0.0131815280765295,0.0118775637820363,0.0027929977513849,-0.0034748583566397,0.0038417666219174,0.0105310874059796,0.0105084780367277,0.0123652447057951,0.012203410578091,0.0074508469683154,-0.0101695087595992,0.0010094931709276,-0.0471186223296722,0.0069961080724756,-0.0485876033365144,0.0793420138569456,-0.0668926322206496,-0.0309479669443526,2019-02-21,2019-02-22,2019-02-25,2019-02-26,2019-02-27,2019-02-28,2019-03-01,2019-03-04,2019-03-05,2019-03-06,91103.0,2019-02-20,252.0,-0.8292%,0.0011,0.9826,0.3819,0.2466,1.5332%,1.8362%,30.2739%,-0.0125289999999999,UAL,91103.0,2019-02-21,252.0,0.3842%,0.0011,0.9838,0.3859,0.2488,1.5331%,1.8362%,30.2941%,0.008212,UAL,91103.0,2019-02-22,252.0,0.6641%,0.0011,0.984,0.3785,0.2445,1.5327%,1.8363%,30.3347%,0.001681,UAL,91103.0,2019-02-25,252.0,0.1677%,0.0011,0.9834,0.3777,0.242,1.5323%,1.8359%,30.3361%,0.001526,UAL,91103.0,2019-02-26,252.0,-0.0558%,0.0012,0.9837,0.3733,0.2399,1.5324%,1.8345%,30.2175%,0.004131,UAL,91103.0,2019-02-27,252.0,-2.1557%,0.001,0.9766,0.3789,0.2387,1.5370%,1.8339%,29.7573%,-0.022964,UAL,91103.0,2019-02-28,252.0,0.2397%,0.0011,0.971,0.3753,0.2335,1.5364%,1.8290%,29.4358%,0.005846,UAL,91103.0,2019-03-01,252.0,-1.0136%,0.0009,0.9738,0.3794,0.2464,1.5392%,1.8303%,29.2833%,-0.017371,UAL,91103.0,2019-03-04,252.0,-3.0028%,0.0008,0.9784,0.3871,0.24,1.5473%,1.8406%,29.3280%,-0.024497,UAL,91103.0,2019-03-05,252.0,0.8777%,0.0009,0.9791,0.4002,0.2363,1.5472%,1.8412%,29.3855%,0.012126,UAL,91103.0,2019-03-06,252.0,-0.8466%,0.001,0.9855,0.3858,0.2416,1.5445%,1.8419%,29.6806%,0.004618,UAL,-0.0043169999999999,-0.0026359999999999,-0.0011099999999999,-0.019943,-0.039221
9323,C V R PARTNERS LP,"CVR Partners Q4 EPS $0.01 Misses $0.04 Estimate, Sales $98M Miss $105.82M Estimate",6,decrease,0.8,0.7,"the company reported earnings and sales that missed analyst estimates, which typically leads to a negative reaction in stock prices.",0,2019-02-20,UAN,2019-02-20 22:14:00+00:00,12644.0,12663320,0.0212765745818615,656648.0,0.0494792461395263,0.0245231371372938,-0.017369769513607,0.0,0.027777811512351,-0.0239361468702554,0.0,0.0502793490886688,-0.0049140001647174,0.0141642922535538,-0.0098765334114432,0.0474777705967426,0.0049874945543706,0.0029761877376586,0.0051150843501091,-0.048158660531044,0.0025445267092436,-0.008426958695054,0.0152284121140837,-0.0404312908649444,-0.0049999952316284,0.0248619206249713,-0.0100502418354153,0.0055555505678057,0.020304549485445,-0.0027700804639607,-0.0099502392113208,-0.0109589584171772,0.0,0.0281690545380115,0.0,-0.0247253160923719,0.0100502418354153,0.0167598277330398,0.0074627390131354,-0.0041724909096956,0.0172838736325502,0.0013927895342931,0.0194174572825431,-0.0349462665617466,0.0047619002871215,0.0163934268057346,-0.0355449356138706,0.0,-0.0122850583866238,-0.0161290168762207,0.0024876191746443,-0.0236220248043537,-0.0099256075918674,-0.0052219270728528,0.0,-0.0128866471350193,-0.007518789730966,-0.0025706915184855,-0.0050505003891885,0.023684250190854,-0.0126903429627418,0.0614525228738784,-0.0179949030280113,-0.0027855127118527,0.034031443297863,0.068452388048172,-0.0126582160592079,0.0,-0.0025641000829637,-0.0117647647857666,0.0,0.0461538769304752,-0.0205655936151742,-0.0269460827112197,-0.0157480165362358,-0.017647111788392,0.0213333126157522,0.0429448187351226,-0.0052219270728528,0.0030769200529903,-0.0183726865798234,-0.0210843179374933,-0.064171127974987,-0.0089552160352468,0.0285714007914066,0.0,0.0166667178273201,0.0090361358597874,-0.0437158681452274,-0.0119047509506344,0.0028571400325745,-0.0029673562385141,0.0341880694031715,-0.0343839898705482,-0.0192837938666343,0.0057636830024421,0.0112359449267387,0.0028901705518364,0.0166667178273201,-0.0057471208274364,-0.0273224432021379,0.0057803411036729,0.008426958695054,-0.0085959807038307,0.0334262363612651,-0.0767195671796798,-0.0054945657029747,0.0161290168762207,-0.0082872854545712,-0.0079999919980764,0.0250696800649166,0.0,-0.0054347771219909,0.0053619253449141,-0.0054644756019115,0.0163487587124109,-0.0027472500223666,0.0082417502999305,0.0137740913778543,-0.0162161998450756,0.0163043327629566,0.0136986169964075,0.0374331846833229,-0.046997345983982,0.0494792461395263,0.0245231371372938,0.0312500335247687,0.0245231371372938,0.0598959025781253,8.548006746877944e-10,0.054687573938273,0.0651558136475287,0.0736359995487656,0.0134770778891311,0.025322359897776,0.0473537838748723,0.0614543858145928,-0.0182767432800933,2019-02-21,2019-02-22,2019-02-25,2019-02-26,2019-02-27,2019-02-28,2019-03-01,2019-03-04,2019-03-05,2019-03-06,12644.0,2019-02-20,252.0,2.1277%,0.001,1.039,0.4807,0.4645,2.3744%,2.5930%,16.1488%,0.015237,UAN,12644.0,2019-02-21,252.0,4.9479%,0.0011,1.0375,0.4895,0.4614,2.3908%,2.6076%,15.9335%,0.0546279999999999,UAN,12644.0,2019-02-22,252.0,-1.7370%,0.0008,1.0438,0.3991,0.4548,2.3606%,2.5791%,16.2254%,-0.020124,UAN,12644.0,2019-02-25,252.0,2.7778%,0.001,1.0387,0.3806,0.4262,2.3513%,2.5694%,16.2573%,0.027968,UAN,12644.0,2019-02-26,252.0,0.0000%,0.001,1.0286,0.3843,0.4205,2.3495%,2.5628%,15.9572%,0.005404,UAN,12644.0,2019-02-27,252.0,-0.4914%,0.0008,1.0082,0.4184,0.4171,2.3321%,2.5396%,15.6747%,-0.006165,UAN,12644.0,2019-02-28,252.0,-0.9877%,0.0008,1.0043,0.4155,0.4158,2.3317%,2.5364%,15.4900%,-0.005892,UAN,12644.0,2019-03-01,252.0,0.4987%,0.0008,0.9998,0.4087,0.41,2.3314%,2.5331%,15.2954%,-0.001875,UAN,12644.0,2019-03-04,252.0,0.5115%,0.0007,1.0129,0.3567,0.4085,2.3241%,2.5293%,15.5702%,0.01026,UAN,12644.0,2019-03-05,252.0,0.2545%,0.0009,1.02,0.4159,0.4116,2.3133%,2.5239%,15.9933%,0.0062629999999999,UAN,12644.0,2019-03-06,252.0,1.5228%,0.0007,0.9771,0.3855,0.3589,2.2897%,2.4877%,15.2856%,0.028783,UAN,0.069865,0.0497409999999999,0.077709,0.076948,0.114487
9331,U B S GROUP A G,UBS Group shares are trading lower after the company was ordered to pay a $5.1B fine in a French tax case.,6,decrease,0.9,0.8,"the substantial $5.1 billion fine in a tax case is likely to negatively impact investor sentiment and the company's financial position, leading to a decrease in stock price.",0,2019-02-20,UBS,2019-02-20 13:41:00+00:00,15054.0,H4209710,-0.03560371696949,6228354.0,-0.0104333963245153,-0.0023165817838162,0.0008110485505312,0.0212933365255594,0.0097244642674922,-0.0178156122565269,0.0120384925976395,0.0070202928036451,0.0031720825936645,0.0102442959323525,0.0015810639597475,0.0007885863306,0.0031570608261972,-0.0070477798581123,-0.0062942504882812,-0.0169360525906086,-0.0110847456380724,-0.0023042000830173,-0.0104083362966775,0.0148090831935405,-0.0283171068876981,-0.0031080001499503,-0.0066611091606318,-0.0069444561377167,0.0142497960478067,-0.0181818008422851,0.0008263863273896,0.0146041177213192,0.0115607222542166,-0.0023005930706858,0.0024489578790962,-0.0045801843516528,-0.0040716766379773,0.0022953853476792,0.0228945780545473,0.001532529015094,0.0047961203381419,0.0085008200258016,-0.019888624548912,-0.0492285154759883,-0.0064935004338622,0.0088954698294401,-0.0294117368757724,-0.0036927761975675,-0.0025252299383282,0.0242057256400585,0.0059071471914649,-0.0030165882781147,0.0083892941474914,0.0060697966255247,-0.0024958972353488,0.006106864195317,0.010008331388235,0.0108024952933192,0.0239471495151519,-0.0030769200529903,0.0008064701105467,0.0023130094632506,0.0096696121618151,0.0101246191188693,0.0047885412350296,0.0363195948302745,-0.0023828223347663,-0.0127489920705556,-0.0023885895498096,0.0137318316847086,-0.0007980267982929,-0.0016128632705658,-0.0039936252869665,0.0239471495151519,0.0200481154024601,-0.0073770619928836,0.0102201346307992,0.0330228097736835,0.0054474468342959,-0.0050547150894999,0.0154798617586493,-0.0165699925273656,0.0160061009228229,-0.0122750056907534,-0.0052512898109853,-0.0056956629268825,0.0,0.00326530309394,-0.0128205185756087,-0.0097008803859353,0.0061115296557545,-0.0143426535651087,0.0098709277808666,-0.0071202651597559,-0.0007518968777731,0.0326797850430011,0.0180586744099855,-0.0113085899502039,-0.0066518960520625,-0.0151153206825256,-0.0119047509506344,-0.0217899363487958,0.0075301495380699,-0.0272520557045936,-0.0037369350902736,-0.0378732345998287,-0.0062415231950581,0.0147819519042968,-0.0270700752735137,-0.0095168463885784,0.004091668408364,-0.0122921243309974,-0.0122249852865934,0.0043572597205638,0.0008251013932749,-0.0021738936193287,-0.028029691427946,0.0252600405365228,0.0016963917296379,-0.0102941421791911,-0.0016935188323259,0.0225564055144786,0.0169635117053985,-0.0256409849971532,-0.0104333963245153,-0.0023165817838162,-0.0096308097649502,0.0189274269862314,3.711586593624361e-11,0.0007746110295039,0.0152487623218087,0.0181245467718114,-0.0080257128233155,0.0070148203515867,0.0056179540589553,0.0062305224341039,0.0148981739314248,-0.0534798240019717,2019-02-21,2019-02-22,2019-02-25,2019-02-26,2019-02-27,2019-02-28,2019-03-01,2019-03-04,2019-03-05,2019-03-06,15054.0,2019-02-20,252.0,-3.5604%,-0.0014,0.9444,0.035,0.6357,1.0458%,1.3876%,43.1997%,-0.041368,UBS,15054.0,2019-02-21,252.0,-1.0433%,-0.0015,0.948,0.0414,0.6423,1.0451%,1.3888%,43.3711%,-0.005553,UBS,15054.0,2019-02-22,252.0,0.0811%,-0.0015,0.9476,0.0333,0.6301,1.0447%,1.3886%,43.3938%,0.003763,UBS,15054.0,2019-02-25,252.0,0.9724%,-0.0014,0.9479,0.0283,0.6285,1.0468%,1.3904%,43.3126%,0.009424,UBS,15054.0,2019-02-26,252.0,1.2038%,-0.0014,0.9454,0.0068,0.6158,1.0522%,1.3909%,42.7703%,0.01571,UBS,15054.0,2019-02-27,252.0,0.3172%,-0.0013,0.9479,0.0038,0.6162,1.0521%,1.3909%,42.7838%,0.002947,UBS,15054.0,2019-02-28,252.0,0.1581%,-0.0013,0.9486,0.0046,0.6151,1.0527%,1.3902%,42.6596%,0.005959,UBS,15054.0,2019-03-01,252.0,0.3157%,-0.0013,0.9459,0.0005,0.6109,1.0524%,1.3865%,42.3925%,-0.001316,UBS,15054.0,2019-03-04,252.0,-0.6294%,-0.0013,0.9452,0.0052,0.6106,1.0524%,1.3843%,42.2031%,-0.003846,UBS,15054.0,2019-03-05,252.0,-1.1085%,-0.0013,0.949,0.0298,0.6158,1.0507%,1.3848%,42.4349%,-0.008086,UBS,15054.0,2019-03-06,252.0,-1.0408%,-0.0012,0.9589,0.024,0.6262,1.0447%,1.3854%,43.1426%,-0.002397,UBS,-0.046921,-0.043158,-0.033734,-0.015077,-0.024763
9339,U B S GROUP A G,"UBS Shares Down 3%; Co. Being Fined €3.7B+ In French Tax Case, Court Found Bank Criminally Responsible Of Money Laundering",6,decrease,0.9,0.8,the significant fine and the court's finding of criminal responsibility for money laundering are likely to negatively impact investor sentiment and lead to a decline in ubs's stock price.,0,2019-02-20,UBS,2019-02-20 12:50:00+00:00,15054.0,H4209710,-0.03560371696949,6228354.0,-0.0104333963245153,-0.0023165817838162,0.0008110485505312,0.0212933365255594,0.0097244642674922,-0.0178156122565269,0.0120384925976395,0.0070202928036451,0.0031720825936645,0.0102442959323525,0.0015810639597475,0.0007885863306,0.0031570608261972,-0.0070477798581123,-0.0062942504882812,-0.0169360525906086,-0.0110847456380724,-0.0023042000830173,-0.0104083362966775,0.0148090831935405,-0.0283171068876981,-0.0031080001499503,-0.0066611091606318,-0.0069444561377167,0.0142497960478067,-0.0181818008422851,0.0008263863273896,0.0146041177213192,0.0115607222542166,-0.0023005930706858,0.0024489578790962,-0.0045801843516528,-0.0040716766379773,0.0022953853476792,0.0228945780545473,0.001532529015094,0.0047961203381419,0.0085008200258016,-0.019888624548912,-0.0492285154759883,-0.0064935004338622,0.0088954698294401,-0.0294117368757724,-0.0036927761975675,-0.0025252299383282,0.0242057256400585,0.0059071471914649,-0.0030165882781147,0.0083892941474914,0.0060697966255247,-0.0024958972353488,0.006106864195317,0.010008331388235,0.0108024952933192,0.0239471495151519,-0.0030769200529903,0.0008064701105467,0.0023130094632506,0.0096696121618151,0.0101246191188693,0.0047885412350296,0.0363195948302745,-0.0023828223347663,-0.0127489920705556,-0.0023885895498096,0.0137318316847086,-0.0007980267982929,-0.0016128632705658,-0.0039936252869665,0.0239471495151519,0.0200481154024601,-0.0073770619928836,0.0102201346307992,0.0330228097736835,0.0054474468342959,-0.0050547150894999,0.0154798617586493,-0.0165699925273656,0.0160061009228229,-0.0122750056907534,-0.0052512898109853,-0.0056956629268825,0.0,0.00326530309394,-0.0128205185756087,-0.0097008803859353,0.0061115296557545,-0.0143426535651087,0.0098709277808666,-0.0071202651597559,-0.0007518968777731,0.0326797850430011,0.0180586744099855,-0.0113085899502039,-0.0066518960520625,-0.0151153206825256,-0.0119047509506344,-0.0217899363487958,0.0075301495380699,-0.0272520557045936,-0.0037369350902736,-0.0378732345998287,-0.0062415231950581,0.0147819519042968,-0.0270700752735137,-0.0095168463885784,0.004091668408364,-0.0122921243309974,-0.0122249852865934,0.0043572597205638,0.0008251013932749,-0.0021738936193287,-0.028029691427946,0.0252600405365228,0.0016963917296379,-0.0102941421791911,-0.0016935188323259,0.0225564055144786,0.0169635117053985,-0.0256409849971532,-0.0104333963245153,-0.0023165817838162,-0.0096308097649502,0.0189274269862314,3.711586593624361e-11,0.0007746110295039,0.0152487623218087,0.0181245467718114,-0.0080257128233155,0.0070148203515867,0.0056179540589553,0.0062305224341039,0.0148981739314248,-0.0534798240019717,2019-02-21,2019-02-22,2019-02-25,2019-02-26,2019-02-27,2019-02-28,2019-03-01,2019-03-04,2019-03-05,2019-03-06,15054.0,2019-02-20,252.0,-3.5604%,-0.0014,0.9444,0.035,0.6357,1.0458%,1.3876%,43.1997%,-0.041368,UBS,15054.0,2019-02-21,252.0,-1.0433%,-0.0015,0.948,0.0414,0.6423,1.0451%,1.3888%,43.3711%,-0.005553,UBS,15054.0,2019-02-22,252.0,0.0811%,-0.0015,0.9476,0.0333,0.6301,1.0447%,1.3886%,43.3938%,0.003763,UBS,15054.0,2019-02-25,252.0,0.9724%,-0.0014,0.9479,0.0283,0.6285,1.0468%,1.3904%,43.3126%,0.009424,UBS,15054.0,2019-02-26,252.0,1.2038%,-0.0014,0.9454,0.0068,0.6158,1.0522%,1.3909%,42.7703%,0.01571,UBS,15054.0,2019-02-27,252.0,0.3172%,-0.0013,0.9479,0.0038,0.6162,1.0521%,1.3909%,42.7838%,0.002947,UBS,15054.0,2019-02-28,252.0,0.1581%,-0.0013,0.9486,0.0046,0.6151,1.0527%,1.3902%,42.6596%,0.005959,UBS,15054.0,2019-03-01,252.0,0.3157%,-0.0013,0.9459,0.0005,0.6109,1.0524%,1.3865%,42.3925%,-0.001316,UBS,15054.0,2019-03-04,252.0,-0.6294%,-0.0013,0.9452,0.0052,0.6106,1.0524%,1.3843%,42.2031%,-0.003846,UBS,15054.0,2019-03-05,252.0,-1.1085%,-0.0013,0.949,0.0298,0.6158,1.0507%,1.3848%,42.4349%,-0.008086,UBS,15054.0,2019-03-06,252.0,-1.0408%,-0.0012,0.9589,0.024,0.6262,1.0447%,1.3854%,43.1426%,-0.002397,UBS,-0.046921,-0.043158,-0.033734,-0.015077,-0.024763
9347,URANIUM ENERGY CORP,Uranium Energy Corp Receives Radioactive Material License For The Burke Hollow ISR Project In South Texas,6,increase,0.8,0.6,"receiving a radioactive material license is a significant regulatory milestone that can enhance the company's operational capabilities and investor confidence, likely leading to an increase in stock price.",2,2019-02-20,UEC,2019-02-20 13:10:00+00:00,92294.0,91689610,-0.0347222723066806,766882.0,-0.0215827133506536,0.0285714864730835,-0.0220588017255067,0.0294117368757724,-0.007518789730966,0.0149253588169813,-0.0075758402235805,-0.007407400291413,0.0,0.0150375794619321,-0.038167905062437,-0.0074626794084906,0.0,0.007518789730966,-0.0158730000257492,-0.0499999523162841,-0.0080645084381103,-0.0344828069210052,-0.0081300735473632,0.0902255624532699,0.0163934268057346,0.023076994344592,0.0,0.0,0.024193525314331,0.0,0.0078740082681179,0.0236220248043537,0.0078124925494194,-0.0078124925494194,0.0310078151524066,-0.0077519309706985,0.0601503178477287,0.0403225421905517,-0.028368767350912,0.0081300735473632,0.0072992630302906,-0.0238095019012689,0.0289854798465967,-0.023255793377757,-0.0281689874827861,0.0,-0.0434782207012176,0.0,0.0303029995411634,0.0157480165362358,0.0441176034510135,-0.0230769012123346,-0.0211267415434122,0.0,0.0215827133506536,-0.0298508051782846,-0.014084493741393,0.0,0.0642857402563095,0.038759745657444,0.0201342087239027,-0.0227273404598236,-0.0328947044909,0.0153846926987171,0.0068027144297957,0.0399999618530273,0.0067567504011094,-0.0234374776482582,0.0268456116318702,0.0239999778568744,-0.01307188346982,0.0416666269302368,0.0331125520169735,-0.0322580337524414,-0.0769230052828788,0.0,-0.0277778338640928,0.0508475117385387,-0.0285714026540517,0.0,0.0,0.0260869320482015,0.0,-0.0086206812411546,0.0147058684378862,-0.0333333984017372,-0.0072463699616491,0.0,0.036496315151453,-0.0551180578768253,-0.0352112352848053,-0.0078124925494194,0.0,-0.0077519309706985,0.0072992630302906,0.0487804412841796,0.0072463699616491,0.0,0.0143884755671024,-0.0538461059331893,0.0212766602635383,0.0156249850988388,-0.0277778338640928,0.0158730000257492,0.0428571887314319,-0.0307692028582096,-0.0068493084982037,-0.0151515901088714,-0.0275862626731395,0.0153846926987171,0.014184383675456,-0.0441176928579807,-0.0349650010466575,0.0542636066675186,0.0,-0.0300752483308315,-0.0144927399232983,0.023076994344592,0.0220588017255067,0.0077519309706985,0.0,0.0661156401038169,0.0143884755671024,-0.0396825037896633,-0.0215827133506536,0.0285714864730834,-0.0431654262816598,0.058823560391152,-0.0503596642487665,0.0746268819538635,-0.0575539877022853,0.0827067755927368,-0.1223021283145909,0.0827067743338332,0.057553989935198,0.107692391257109,0.0143884762326327,0.1428571970473762,2019-02-21,2019-02-22,2019-02-25,2019-02-26,2019-02-27,2019-02-28,2019-03-01,2019-03-04,2019-03-05,2019-03-06,92294.0,2019-02-20,252.0,-3.4722%,0.0002,1.3515,1.258,0.4636,2.9019%,3.2625%,20.8840%,-0.0428599999999999,UEC,92294.0,2019-02-21,252.0,-2.1583%,0.0001,1.3549,1.2616,0.4699,2.9034%,3.2642%,20.8835%,-0.014735,UEC,92294.0,2019-02-22,252.0,-2.2059%,0.0001,1.358,1.2909,0.534,2.9050%,3.2644%,20.8108%,-0.030998,UEC,92294.0,2019-02-25,252.0,-0.7519%,0.0001,1.359,1.2946,0.5397,2.9047%,3.2645%,20.8311%,-0.005338,UEC,92294.0,2019-02-26,252.0,-0.7576%,0.0001,1.3544,1.2929,0.5353,2.9045%,3.2621%,20.7218%,0.004565,UEC,92294.0,2019-02-27,252.0,0.0000%,0.0001,1.358,1.2855,0.5359,2.9041%,3.2621%,20.7442%,-0.003133,UEC,92294.0,2019-02-28,252.0,-3.8168%,-0.0,1.3599,1.2857,0.545,2.9110%,3.2662%,20.5660%,-0.032975,UEC,92294.0,2019-03-01,252.0,0.0000%,0.0001,1.3356,1.2495,0.5127,2.9030%,3.2455%,19.9922%,-0.01143,UEC,92294.0,2019-03-04,252.0,-1.5873%,0.0001,1.3343,1.2593,0.5117,2.9031%,3.2467%,20.0459%,-0.006019,UEC,92294.0,2019-03-05,252.0,-0.8065%,-0.0001,1.3235,1.1749,0.5044,2.8868%,3.2173%,19.4885%,-0.0007539999999999,UEC,92294.0,2019-03-06,252.0,-0.8130%,0.0002,1.3413,1.1172,0.5167,2.8735%,3.2095%,19.8439%,0.0175,UEC,-0.0575949999999999,-0.0885929999999999,-0.0939309999999999,-0.0924989999999999,-0.1261769999999999
9355,UNITED FIRE GROUP INC,United Fire Group Q4 EPS $(0.30) May Not Compare To $0.23 Estimate,6,decrease,0.8,0.7,"the reported q4 eps of $(0.30) significantly misses the estimate of $0.23, which is likely to negatively impact investor sentiment and lead to a decrease in stock price.",0,2019-02-20,UFCS,2019-02-20 12:20:00+00:00,78693.0,91034010,-0.0997637286782264,167865.0,0.0117076709866523,0.0141909411177039,-0.0401037186384201,0.0064922738820314,-0.008314311504364,-0.0012967709917575,0.0044015739113092,-0.0011103140423074,0.0070951618254184,0.0016682140994817,0.0163697339594364,0.0027881325222551,0.0082067642360925,0.0057954299263656,-0.0236060209572315,0.0043185008689761,0.0054189693182706,-0.0024349328596144,-0.0263267084956169,0.0033828285522758,-0.0174579452723264,0.0150706013664603,0.003033572807908,0.0080768875777721,-0.0049686655402183,0.009120924398303,-0.0104211792349815,0.02486078068614,-0.0039491071365773,-0.0078926896676421,-0.0004405387153383,-0.0037349839694797,0.0059497677721083,-0.0228582862764596,-0.0059145772829651,-0.0062988740392029,-0.0141031155362725,0.0061455676332116,0.0011175511172041,-0.0205041412264108,-0.0051350644789636,0.0094948727637529,-0.0280520636588335,0.001712005934678,0.0115446774289012,0.000952003756538,-0.0091303698718547,-0.0005708616226911,0.0032250492367893,-0.0030354743357747,0.0105625512078404,-0.0125515544787049,-0.0068166153505444,-0.0112983994185924,0.0011438855435699,0.0,-0.0047988821752369,-0.0167546570301055,0.0061997808516025,-0.0106306336820125,0.0059334123507142,0.0144397905096411,0.0047640441916882,-0.0018245263490825,-0.0065477741882205,-0.0115419188514351,-0.019545467570424,0.0085485856980085,0.0190078746527433,0.010104707442224,-0.0056869881227612,0.0014719748869538,-0.0162434019148349,0.0239260848611593,-0.006046472582966,-0.0152133516967296,-0.0070192567072808,0.0177492909133434,-0.0030630833934992,0.0022709865588694,0.0063814804889261,0.0049448139034211,-0.0185533314943313,0.0059307706542313,0.0162718426436185,-0.0135874915868043,0.0143630942329764,0.0024593467824161,-0.0071959462948143,-0.0136219356209039,0.0,0.002806914737448,0.0065466160885989,-0.0109198624268174,0.0130081623792648,-0.0014785035746172,-0.0059619843959808,0.0275351461023092,-0.0106112826615572,0.0022839538287371,0.0181860290467739,-0.0266765225678682,0.0125945284962654,0.0020419643260538,-0.0131162777543067,0.0243392046540975,0.0611824467778205,0.0078109824098646,0.0041027558036148,0.0150841735303401,0.0021505048498511,-0.0103349462151527,-0.0055793630890548,-0.0047619049437344,-0.0157531183212995,0.0121457697823643,0.011839528568089,-0.0017321045743301,0.0195015743374824,0.0160344094038009,0.0117076709866523,0.0141909411177039,-0.0288655687949276,0.0207753464761153,-0.0369398829685799,0.0194516346177038,-0.0258377590533827,0.0200184984722775,-0.0458469397704384,0.0342040915694015,-0.1098363690292131,-0.0084684909165934,-0.0442218511242549,0.0824087279521084,2019-02-21,2019-02-22,2019-02-25,2019-02-26,2019-02-27,2019-02-28,2019-03-01,2019-03-04,2019-03-05,2019-03-06,78693.0,2019-02-20,252.0,-9.9764%,0.0008,0.4511,0.3593,0.6385,1.5776%,1.6486%,8.4343%,-0.1059,UFCS,78693.0,2019-02-21,252.0,1.1708%,0.0009,0.4456,0.3511,0.6282,1.5796%,1.6484%,8.1742%,0.014997,UFCS,78693.0,2019-02-22,252.0,-4.0104%,0.0008,0.4507,0.348,0.6867,1.5959%,1.6685%,8.5119%,-0.035796,UFCS,78693.0,2019-02-25,252.0,-0.8314%,0.0008,0.4502,0.3513,0.6866,1.5964%,1.6689%,8.4993%,-0.0069489999999999,UFCS,78693.0,2019-02-26,252.0,0.4402%,0.0009,0.4498,0.3396,0.6804,1.5972%,1.6690%,8.4097%,0.009536,UFCS,78693.0,2019-02-27,252.0,0.7095%,0.0008,0.4463,0.3475,0.6798,1.5969%,1.6680%,8.3447%,0.006762,UFCS,78693.0,2019-02-28,252.0,1.6370%,0.0009,0.441,0.3445,0.6717,1.6010%,1.6700%,8.0947%,0.0192829999999999,UFCS,78693.0,2019-03-01,252.0,0.8207%,0.001,0.4401,0.3432,0.6677,1.6012%,1.6690%,7.9574%,0.006629,UFCS,78693.0,2019-03-04,252.0,-2.3606%,0.0008,0.445,0.3481,0.6616,1.6078%,1.6760%,7.9709%,-0.022639,UFCS,78693.0,2019-03-05,252.0,0.5419%,0.0009,0.4426,0.3343,0.6569,1.6083%,1.6753%,7.8388%,0.008752,UFCS,78693.0,2019-03-06,252.0,-2.6327%,0.0008,0.4489,0.3761,0.6697,1.6127%,1.6831%,8.1849%,-0.01875,UFCS,-0.090903,-0.126699,-0.133648,-0.11735,-0.124075
9363,U F P INDUSTRIES INC,"Universal Forest Products Q4 EPS $0.50 Misses $0.52 Estimate, Sales $988.18M Miss $1.02B Estimate",6,decrease,0.8,0.7,"the company reported lower-than-expected earnings per share and sales, which typically leads to a negative reaction in the stock market.",0,2019-02-20,UFPI,2019-02-20 21:25:00+00:00,79878.0,90278Q10,-0.0027464190497994,693583.0,-0.0052020191214978,0.0167546048760414,-0.0009227555128745,0.0100281946361064,-0.0052339336834847,0.0066245766356587,-0.0235221944749355,0.0063492306508123,0.0006339289247989,0.0304219927638769,-0.0190053973346948,0.0162898860871791,0.0041976450011134,-0.0121510941535234,-0.0106109296903014,-0.0107212448492646,-0.0123497257009148,0.0009756321087479,-0.012175022624433,-0.0025948726106435,-0.013990675099194,-0.0054838736541569,0.0077702547423541,0.0058403732255101,0.0130740664899349,0.0352703817188739,-0.0076108388602733,0.0216198042035102,0.0036679096519947,0.0104021923616528,-0.0016611675964668,0.0031304401345551,0.0206323079764843,-0.0020825916435569,0.0192370451986789,0.0010423480998724,-0.007037725765258,-0.0174120925366878,-0.0135309295728802,0.0,0.0075114150531589,0.0034258437808603,-0.0528363399207592,0.0227750390768051,0.0023956743534654,0.0081243887543678,0.0020484623964875,-0.0115223443135619,0.0027257213369011,-0.0065903756767511,0.0166496690362691,0.0024339254014194,-0.0010026966920122,0.0084151392802596,0.0043493164703249,0.019663967192173,-0.0083277812227606,0.0167211592197418,0.005374533124268,0.0143805081024766,0.030738390982151,0.045489601790905,0.0249594952911138,-0.0196522511541843,0.0072738626040518,0.0192604009062051,-0.0160125661641359,0.0105098690837621,0.0102105839177966,0.0094302464276552,0.0154769951477646,0.0103215649724006,0.0077760494314134,0.0298447050154209,-0.0250000413507223,-0.0588688217103481,-0.0044317627325654,0.0061943419277668,-0.0038156069349497,-0.0208490993827581,0.003511031391099,-0.0127245569601655,-0.0216285083442926,0.0159695856273174,0.0078023332171142,0.00305110309273,0.0051612854003906,-0.0146561926230788,0.1309371590614319,-0.0044892979785799,0.0400113463401794,0.021398527547717,0.0114597035571932,-0.015425126068294,-0.0032370900735259,-0.0181012116372585,0.001894443645142,0.0074432026594877,0.0021609405521303,0.0208967011421918,0.0234502106904983,-0.0613409839570522,0.0021068742498755,0.0137382885441184,-0.0349539555609226,0.001448189956136,0.0019063097424805,0.0168251898139715,0.0027180884499102,0.0289800707250833,0.0113852536305785,-0.0334667190909385,-0.0284106489270925,-0.0014529936015605,0.0005517367389984,-0.0028974979650229,0.0019299612613394,0.021835682913661,-0.007704974617809,-0.0287562627345323,-0.0052020191214978,0.0167546048760414,-0.0061199744425499,0.0269508179508959,-0.0113218765856578,0.033753932345464,-0.0339657465924041,0.0719660051794259,-0.0813953433995292,0.0629257395292934,-0.0841493258043526,0.2083333167639371,0.1034272079937861,0.1856061684359609,2019-02-21,2019-02-22,2019-02-25,2019-02-26,2019-02-27,2019-02-28,2019-03-01,2019-03-04,2019-03-05,2019-03-06,79878.0,2019-02-20,252.0,-0.2746%,-0.0005,1.0087,1.219,0.3801,1.3843%,1.8174%,41.9810%,-0.009647,UFPI,79878.0,2019-02-21,252.0,-0.5202%,-0.0005,1.0089,1.2196,0.3805,1.3843%,1.8165%,41.9197%,0.000158,UFPI,79878.0,2019-02-22,252.0,-0.0923%,-0.0005,1.0098,1.2252,0.3965,1.3848%,1.8165%,41.8770%,-0.008695,UFPI,79878.0,2019-02-25,252.0,-0.5234%,-0.0005,1.0107,1.2274,0.4011,1.3840%,1.8162%,41.9308%,-0.002949,UFPI,79878.0,2019-02-26,252.0,-2.3522%,-0.0003,1.0551,1.2016,0.4213,1.3145%,1.7835%,45.6791%,-0.0128259999999999,UFPI,79878.0,2019-02-27,252.0,0.0634%,-0.0004,1.0427,1.2231,0.4192,1.3027%,1.7712%,45.9078%,-0.002193,UFPI,79878.0,2019-02-28,252.0,-1.9005%,-0.0004,1.0376,1.2191,0.4189,1.3024%,1.7647%,45.5292%,-0.0150699999999999,UFPI,79878.0,2019-03-01,252.0,0.4198%,-0.0003,1.0219,1.1958,0.397,1.2939%,1.7449%,45.0129%,-0.005223,UFPI,79878.0,2019-03-04,252.0,-1.0611%,-0.0003,1.0189,1.2077,0.3974,1.2931%,1.7455%,45.1147%,-0.002152,UFPI,79878.0,2019-03-05,252.0,-1.2350%,-0.0003,1.0241,1.245,0.4032,1.2879%,1.7472%,45.6676%,-0.00601,UFPI,79878.0,2019-03-06,252.0,-1.2175%,-0.0002,1.0221,1.2176,0.3972,1.2896%,1.7489%,45.6254%,0.011864,UFPI,-0.009489,-0.018184,-0.021133,-0.036152,-0.052743
9371,ULTA BEAUTY INC,"Lululemon, Ulta Valuations Send Nomura To The Sidelines",6,uncertain,0.6,0.3,"the mention of valuations sending nomura to the sidelines suggests caution, but it does not provide a clear indication of whether ulta's stock will increase or decrease.",1,2019-02-20,ULTA,2019-02-20 17:07:00+00:00,92322.0,90384S30,0.0054488880559802,526471.0,0.0055825519375503,-0.0055816411040723,0.0087657049298286,0.004458968527615,-0.0053746569901704,0.003454475197941,0.0030739759095013,0.0047934288159012,-0.0093226274475455,0.0147601263597607,0.0175181701779365,0.0068905241787433,0.0089922798797488,0.0082413256168365,-0.0120519753545522,0.0006474780384451,0.0023755705915391,-0.0020065172575414,0.0008647820213809,0.0172986425459384,-0.0225912686437368,-0.0079625789076089,0.0030774346087127,-0.0019184298580512,0.0109663670882582,0.0115038370713591,0.0053591723553836,-0.0007617243099957,0.0129411341622471,-0.0050295973196625,-0.0092885894700884,-0.0015134921995922,0.0828773230314254,0.009479533880949,0.0112585248425602,-0.0007287368644028,-0.0227046608924865,-0.0022502818610519,-0.0109433503821492,-0.0090908883139491,0.0131200952455401,0.0267700105905532,-0.0137559026479721,0.0067018335685133,0.0186071172356605,0.0126396622508764,0.0185047090053558,0.0130592808127403,0.009186333976686,-0.0324169918894767,-0.0023695328272879,0.0255567505955696,0.0101381679996848,-0.014794279821217,0.0109539665281772,0.0188043564558029,-0.014891505241394,0.0184501837939024,0.0093003483489155,0.0626200884580612,-0.0011125556193292,0.0479536429047584,0.0099674137309193,-0.0185909606516361,0.0023753535933792,0.0127838794142007,-0.0176883488893508,0.022509915754199,0.0059735397808253,-0.0116399358958005,-0.0001712845696602,0.0002890475734602,-0.0153903681784868,0.0573648810386657,0.0264188628643751,-0.0062042078934609,0.0032208401244133,-0.015042046085,-0.0021122002508491,-0.0218200106173753,-0.0097366347908973,-0.006973591633141,-0.0098894238471984,-0.0042983810417354,0.0121470345184207,-0.0198501478880643,0.0119727877900004,-0.0185671038925647,-0.0060138944536447,-0.0142268845811486,0.0119875324890017,0.0294117368757724,-0.019668124616146,-0.0129032470285892,-0.0054715955629944,-0.0132431918755173,-0.0402315557003021,-0.1312645375728607,0.0260941963642835,0.0061484854668378,-0.005004659295082,-0.0501157827675342,0.0138027882203459,0.0292151570320129,-0.0124610802158713,-0.0085893617942929,0.0169120486825704,0.0177203360944986,-0.0002872500626835,-0.0056934002786874,-0.0138198472559452,-0.014214071445167,-0.0379034467041492,-0.0072861067019402,0.0154134882614016,-0.0014485199935734,0.0160443894565105,0.0053617362864315,0.0074551743455231,-0.0355591922998428,0.0055825519375503,-0.0055816411040723,0.0143971918704188,-0.0011475609384727,0.0089451549123231,0.0023029500386682,0.0026116943400262,0.0219724506274319,0.0202409737467301,0.0540063126947829,0.1443635554278486,0.1945653234923436,0.1205641122860896,-0.0275472495449756,2019-02-21,2019-02-22,2019-02-25,2019-02-26,2019-02-27,2019-02-28,2019-03-01,2019-03-04,2019-03-05,2019-03-06,92322.0,2019-02-20,252.0,0.5449%,0.0016,0.8521,0.2866,-0.0105,1.8229%,2.0441%,20.4728%,0.003198,ULTA,92322.0,2019-02-21,252.0,0.5583%,0.0017,0.8485,0.2809,-0.0172,1.8231%,2.0429%,20.3561%,0.008812,ULTA,92322.0,2019-02-22,252.0,0.8766%,0.0017,0.8485,0.2807,-0.0167,1.8232%,2.0433%,20.3894%,0.001353,ULTA,92322.0,2019-02-25,252.0,-0.5375%,0.0016,0.85,0.286,-0.0086,1.8221%,2.0424%,20.4017%,-0.006048,ULTA,92322.0,2019-02-26,252.0,0.3074%,0.0016,0.8483,0.2813,-0.0122,1.8224%,2.0407%,20.2527%,0.006136,ULTA,92322.0,2019-02-27,252.0,-0.9323%,0.0017,0.8699,0.2392,-0.0087,1.7970%,2.0252%,21.2597%,-0.010735,ULTA,92322.0,2019-02-28,252.0,1.7518%,0.0017,0.8825,0.2485,-0.0038,1.7905%,2.0240%,21.7443%,0.020045,ULTA,92322.0,2019-03-01,252.0,0.8992%,0.0017,0.8889,0.2581,0.0061,1.7893%,2.0245%,21.8909%,0.001812,ULTA,92322.0,2019-03-04,252.0,-1.2052%,0.0017,0.8868,0.2726,0.005,1.7895%,2.0243%,21.8515%,-0.006511,ULTA,92322.0,2019-03-05,252.0,0.2376%,0.0018,0.8964,0.3493,0.0107,1.7669%,2.0119%,22.8757%,0.00465,ULTA,92322.0,2019-03-06,252.0,0.0865%,0.0018,0.8866,0.3315,-0.0027,1.7670%,2.0087%,22.6159%,0.012701,ULTA,0.01201,0.013363,0.0073149999999999,0.0027159999999999,0.035413
9379,VASCULAR BIOGENICS LTD NEW,VBL Therapeutics Awarded $2.9M Non-Dilutive Grant By The Israel Innovation Authority,6,increase,0.7,0.6,"the award of a $2.9m non-dilutive grant is likely to be viewed positively by investors, as it provides financial support without diluting existing shares, potentially boosting the stock price.",2,2019-02-20,VBLT,2019-02-20 13:12:00+00:00,15020.0,M9688310,0.007092191837728,140680.0,0.0140845775604248,0.0291970521211624,-0.0208333954215049,0.0378787517547607,0.0638298094272613,-0.0222222004085779,0.0666666850447654,-0.0073529342189431,0.0187499821186065,0.0225563682615757,0.0,-0.0074626794084906,0.0,0.0,-0.0153374085202813,0.0,-0.0093457857146859,0.0307692941278219,0.0188679061830043,0.0,0.0061728334985673,0.0156249850988388,0.0030674817971885,0.0158730000257492,0.0030581010505557,-0.023255793377757,0.0243902206420898,0.0238095019012689,0.0,0.0161290168762207,-0.0089285634458065,-0.0236220248043537,-0.0030030002817511,0.0672268196940422,0.030120525509119,0.008474669419229,0.0233917906880378,0.0,-0.0285714007914066,0.0260869320482015,-0.041176501661539,-0.0573770925402641,-0.012269927188754,0.0166666507720947,-0.0434782914817333,0.0526316352188587,0.0259740799665451,-0.0172413624823093,0.0253164302557706,0.0265486482530832,-0.0370370745658874,-0.0341880023479461,-0.0256410017609596,0.0086206812411546,0.0065789413638412,0.0642201229929924,-0.01960782520473,-0.0267856884747743,-0.0133333206176757,0.1313131302595139,0.0135135008022189,0.0543130971491336,-0.0066666603088378,-0.0546662732958793,0.0,0.0240206103771925,-0.0268456116318702,0.0959213897585868,-0.0068965447135269,0.1391248404979706,0.0138888750225305,-0.0547445453703403,0.0136986169964075,0.060234747827053,-0.0472973324358463,0.2921666502952576,0.0,-0.4117646813392639,0.014184383675456,-0.0810811072587966,-0.013986000791192,0.0776699483394622,-0.0780141949653625,-0.0550459250807762,0.0153846926987171,-0.0353981964290142,-0.0075758402235805,-0.0341880023479461,-0.0076335808262228,0.017391288653016,0.0,-0.0254237055778503,0.023076994344592,0.0172413624823093,-0.0357142947614193,-0.0169491376727819,-0.0253411531448364,-0.0166667494922876,0.0159999839961528,0.0084033524617552,0.0078740082681179,-0.0555555038154125,0.031250063329935,0.0499999485909938,-0.0151515901088714,0.0126583166420459,-0.0384615026414394,0.0304347537457943,0.0079999919980764,0.0176990982145071,-0.0119047509506344,-0.0341880023479461,-0.0120481811463832,-0.0084745688363909,0.0081300735473632,-0.0084034530445933,-0.024193525314331,0.0347826816141605,0.0743800923228263,0.0267856884747743,0.0140845775604248,0.0291970521211624,-0.0070422474347413,0.0681817517651914,0.0563380566808209,0.0444444028046795,0.1478873545559302,0.0601503175535758,0.1408451074378318,0.0846153993728864,0.0422535667449039,0.4242423835236679,-0.084507046085177,0.2589285272670434,2019-02-21,2019-02-22,2019-02-25,2019-02-26,2019-02-27,2019-02-28,2019-03-01,2019-03-04,2019-03-05,2019-03-06,15020.0,2019-02-20,252.0,0.7092%,-0.0035,0.716,1.3691,-0.0308,6.4866%,6.5764%,2.7120%,0.002742,VBLT,15020.0,2019-02-21,252.0,1.4085%,-0.0034,0.7072,1.3557,-0.0473,6.4875%,6.5760%,2.6709%,0.017521,VBLT,15020.0,2019-02-22,252.0,-2.0833%,-0.0037,0.7143,1.2773,-0.0335,6.4816%,6.5660%,2.5532%,-0.033681,VBLT,15020.0,2019-02-25,252.0,6.3830%,-0.0035,0.7179,1.2466,-0.0362,6.4930%,6.5761%,2.5111%,0.065919,VBLT,15020.0,2019-02-26,252.0,6.6667%,-0.003,0.7395,1.1158,-0.0864,6.4995%,6.5810%,2.4599%,0.075574,VBLT,15020.0,2019-02-27,252.0,1.8750%,-0.003,0.7327,1.1333,-0.0875,6.4998%,6.5813%,2.4620%,0.015761,VBLT,15020.0,2019-02-28,252.0,0.0000%,-0.003,0.731,1.1323,-0.0898,6.4999%,6.5808%,2.4456%,0.001726,VBLT,15020.0,2019-03-01,252.0,0.0000%,-0.003,0.7392,1.1445,-0.0743,6.4992%,6.5808%,2.4647%,-0.0089959999999999,VBLT,15020.0,2019-03-04,252.0,-1.5337%,-0.0028,0.7136,1.2327,-0.0685,6.4897%,6.5728%,2.5137%,-0.006716,VBLT,15020.0,2019-03-05,252.0,-0.9346%,-0.0028,0.714,1.2341,-0.0676,6.4897%,6.5718%,2.4842%,-0.004566,VBLT,15020.0,2019-03-06,252.0,1.8868%,-0.0031,0.6429,1.191,-0.1537,6.4646%,6.5417%,2.3424%,0.040352,VBLT,0.020263,-0.013418,0.052501,0.143836,0.165636
9387,VISTEON CORP,A Preview Of Visteon's Q4 Earnings,6,uncertain,0.5,0.5,the preview of visteon's q4 earnings could lead to varying investor reactions depending on the actual results compared to expectations.,1,2019-02-20,VC,2019-02-20 18:39:00+00:00,88319.0,92839U20,0.0066820927895605,431387.0,0.087014228105545,0.0115521047264337,-0.0107694147154688,0.0083024268969893,-0.0109988301992416,0.0276327282190322,-0.0138447703793644,0.0067948559299111,-0.0127733098343014,0.0401387140154838,-0.001515296055004,0.0205497331917285,-0.0014009192818775,-0.028299381956458,0.0033902374561876,-0.0567543394863605,-0.0059420028701424,0.0319216847419738,-0.0389123260974884,0.00673842523247,-0.0310975983738899,-0.0098794484511017,-0.0153554892167449,0.013655912131071,-0.0062636518850922,0.0007809131639078,-0.0063030342571437,0.0207254588603973,-0.0130744613707065,-0.0001328657817794,-0.0299055464565753,-0.0005310795968398,0.0147377494722604,0.0193530973047018,-0.0021319608204066,0.0489778071641922,-0.0072105876170098,-0.0384930334985256,-0.0289173033088445,-0.0402200929820537,0.0027701465878635,0.0666574090719223,-0.0541436187922954,0.0037873003166168,0.0080314744263887,0.0184285845607519,0.0062291803769767,0.0463377945125103,-0.0132450070232152,0.0179549641907215,-0.0056900992058217,0.0015239022905007,-0.0117388563230633,-0.0491233058273792,0.0614699237048625,0.048784177750349,0.0034969926346093,0.0507825650274753,0.042654100805521,0.028242977336049,0.0176470540463924,0.0532687976956367,-0.0091960662975907,-0.0521311536431312,0.0238663889467716,0.011944280937314,-0.0097125098109245,-0.0109926490113139,0.0500850230455398,-0.0333068743348121,0.0012453109957277,-0.010825265198946,0.0273631457239389,0.0607422441244125,-0.008353448472917,-0.0120026236400008,-0.0209986716508865,-0.0003287386207375,0.0264371503144502,0.0289193149656057,0.0015794542850926,-0.0229676030576229,-0.0204997863620519,0.0113636413589119,-0.0071826851926743,-0.0043260953389108,-0.0056130341254174,-0.0350032150745391,-0.2354490756988525,-0.0288476310670375,0.0467596128582954,-0.0273017305880785,0.0264890063554048,0.0279077161103487,0.0080928206443786,-0.0510430112481117,-0.0063616810366511,-0.0574536733329296,-0.0033536772243678,-0.0268693622201681,-0.009941785596311,-0.0599565878510475,-0.0063340589404106,0.0619073398411274,-0.029073366895318,0.0008134159143082,0.0019215201027691,-0.0245966743677854,-0.0177401416003704,0.00358333485201,0.0042304284870624,-0.0638588592410087,-0.0907323732972145,0.0134726734831929,0.0028510307893157,-0.0042628380469977,-0.0149253765121102,0.0394891016185283,-0.0557359345257282,-0.0027293874882161,0.087014228105545,0.0115521047264337,0.0753077210814612,0.0199504421284206,0.0634805940453526,0.048134455492637,0.0353608519620931,0.0976130120869738,-0.0103789600393899,0.0666061884372308,-0.0972724801830905,0.3515598542814255,-0.3682114686079736,0.0697945784164315,2019-02-21,2019-02-22,2019-02-25,2019-02-26,2019-02-27,2019-02-28,2019-03-01,2019-03-04,2019-03-05,2019-03-06,88319.0,2019-02-20,252.0,0.6682%,-0.0015,1.3107,0.6948,0.3766,2.1000%,2.5029%,29.5979%,0.000544,VC,88319.0,2019-02-21,252.0,8.7014%,-0.0012,1.2965,0.6869,0.3499,2.1788%,2.5632%,27.7451%,0.093116,VC,88319.0,2019-02-22,252.0,-1.0769%,-0.0012,1.2989,0.6842,0.376,2.1813%,2.5639%,27.6219%,-0.017931,VC,88319.0,2019-02-25,252.0,-1.0999%,-0.0014,1.3022,0.6921,0.3924,2.1749%,2.5592%,27.7743%,-0.0105919999999999,VC,88319.0,2019-02-26,252.0,-1.3845%,-0.0013,1.3171,0.6843,0.3996,2.1702%,2.5601%,28.1391%,-0.006137,VC,88319.0,2019-02-27,252.0,-1.2773%,-0.0014,1.3149,0.6842,0.3992,2.1717%,2.5593%,27.9961%,-0.014879,VC,88319.0,2019-02-28,252.0,-0.1515%,-0.0013,1.3072,0.6791,0.3925,2.1705%,2.5523%,27.6788%,0.003322,VC,88319.0,2019-03-01,252.0,-0.1401%,-0.0014,1.3145,0.69,0.4085,2.1692%,2.5522%,27.7628%,-0.011302,VC,88319.0,2019-03-04,252.0,0.3390%,-0.0014,1.3164,0.6726,0.4106,2.1702%,2.5523%,27.7039%,0.011303,VC,88319.0,2019-03-05,252.0,-0.5942%,-0.0013,1.3227,0.7219,0.4149,2.1627%,2.5511%,28.1338%,-0.000724,VC,88319.0,2019-03-06,252.0,-3.8912%,-0.0013,1.337,0.7523,0.4352,2.1639%,2.5622%,28.6765%,-0.018961,VC,0.09366,0.075729,0.065137,0.0441209999999999,0.0277589999999999
9395,VEEVA SYSTEMS INC,"Barclays Initiates Coverage On Veeva Systems with Equal-Weight Rating, Announces $130 Price Target",6,uncertain,0.6,0.2,"the initiation of coverage with an equal-weight rating suggests a neutral outlook, which may not significantly impact the stock price in either direction.",1,2019-02-20,VEEV,2019-02-20 12:52:00+00:00,14231.0,92247510,-0.0199335664510726,1727340.0,-0.0097457757219672,-0.0033937259577214,0.0157467182725668,0.0017412860179319,0.0091835567727684,0.0137009099125862,-0.0005008979933336,0.0025280446279793,-0.0290678534656763,0.0234583988785743,0.0143668772652745,0.0064230351708829,0.0197607856243848,0.0200991369783878,-0.0415835008025169,-0.0308906678110361,0.0025164952967315,0.0055219964124262,-0.018003998324275,0.0109027475118637,0.0029087865259498,0.012183322571218,0.0066795758903026,0.0386025980114936,0.0343984849750995,0.0061813653446733,0.0047265151515603,0.0329743549227714,0.0198252741247415,-0.0216316990554332,0.0075782383792102,-0.0178571157157421,0.0003270186134614,0.0351692028343677,0.0007355045527219,0.0177520141005516,0.0140465600416064,0.0052371341735124,0.0032214024104177,-0.0275393594056367,0.0325118042528629,0.02493960224092,-0.0427615642547607,0.0175076108425855,0.0026802646461874,0.0026626887265592,0.0171729680150747,0.0425663106143474,-0.0169626288115978,-0.0142900180071592,0.0052656666375696,0.0071450131945312,0.0223225429654121,0.0151279559358954,-0.0007882585050538,0.0182528309524059,0.0153044713661074,0.0073334304615855,0.0175602938979864,0.0340696610510349,-0.0144318826496601,0.0718576833605766,0.0087548587471246,-0.0297176651656627,0.0059907743707299,-0.0204881522804498,0.006871348246932,0.020216979086399,0.0309372283518314,0.0002285419031977,-0.0034569078125059,0.0069020874798297,-0.0054616979323327,0.086489163339138,-0.0157328024506568,-0.0121002066880464,0.0050516333431005,-0.0518613941967487,-0.0336083695292472,-0.0188375767320394,-0.0076851844787597,-0.0089926114305853,0.0487365685403347,0.0212741438299417,0.0184991471469402,-0.0587591938674449,0.0008056292426772,-0.0078167542815208,0.0033663134090602,0.0007605355931445,0.0155350072309374,0.0180289484560489,0.016590042039752,0.0041093151085078,-0.0118686538189649,0.0167118720710277,-0.0105812242254614,-0.0409356616437435,0.0182094387710094,-0.0070968135260045,0.0118515230715274,-0.0596562325954437,0.0025249025784432,0.0284941531717777,-0.0232265796512365,-0.0256358161568641,0.0128205744549632,0.0092034107074141,0.0047379829920828,0.0890967771410942,0.0172437839210033,-0.0198668241500854,-0.066491387784481,0.0308315269649028,0.0376519560813903,-0.002693276386708,0.0185714717954397,0.0416130609810352,0.0112903267145156,0.0093204444274306,-0.0097457757219672,-0.0033937259577214,0.0058474785659581,-0.0016583493873483,0.0150847359901147,0.0120198396296782,-0.0149152726145396,0.0383786527221106,-0.0385593485060636,0.0501526384759474,0.1098305677793005,0.3232223785745614,0.2221187026579287,0.4204813393654967,2019-02-21,2019-02-22,2019-02-25,2019-02-26,2019-02-27,2019-02-28,2019-03-01,2019-03-04,2019-03-05,2019-03-06,14231.0,2019-02-20,252.0,-1.9934%,0.0021,1.281,0.5341,-1.4247,1.6622%,2.5659%,58.0368%,-0.015987,VEEV,14231.0,2019-02-21,252.0,-0.9746%,0.002,1.2884,0.547,-1.4111,1.6610%,2.5668%,58.1247%,-0.0080089999999999,VEEV,14231.0,2019-02-22,252.0,1.5747%,0.002,1.2913,0.5385,-1.3847,1.6649%,2.5680%,57.9690%,-0.016479,VEEV,14231.0,2019-02-25,252.0,0.9184%,0.0021,1.2892,0.5345,-1.3944,1.6615%,2.5672%,58.1118%,0.006054,VEEV,14231.0,2019-02-26,252.0,-0.0501%,0.002,1.2856,0.5404,-1.394,1.6610%,2.5622%,57.9734%,0.000281,VEEV,14231.0,2019-02-27,252.0,-2.9068%,0.0019,1.2874,0.5269,-1.3939,1.6752%,2.5699%,57.5052%,-0.033025,VEEV,14231.0,2019-02-28,252.0,1.4367%,0.0019,1.2929,0.5311,-1.3928,1.6745%,2.5708%,57.5755%,0.014668,VEEV,14231.0,2019-03-01,252.0,1.9761%,0.0014,1.3746,0.6527,-1.267,1.4438%,2.4585%,65.5133%,0.00325,VEEV,14231.0,2019-03-04,252.0,-4.1584%,0.0012,1.3836,0.6485,-1.2752,1.4528%,2.4741%,65.5188%,-0.0269729999999999,VEEV,14231.0,2019-03-05,252.0,0.2516%,0.0011,1.3764,0.5942,-1.2812,1.4404%,2.4519%,65.4898%,0.003728,VEEV,14231.0,2019-03-06,252.0,-1.8004%,0.001,1.3582,0.609,-1.2998,1.4244%,2.4406%,65.9383%,0.001467,VEEV,-0.023996,-0.040475,-0.0344209999999999,-0.0671649999999999,-0.0710249999999999
9403,VIA RENEWABLES INC,fuboTV And Viacom Announce Distribution Partnership,6,uncertain,0.2,0.1,"the news about fubotv and viacom's distribution partnership is unrelated to via renewables inc, making its impact on the stock price uncertain.",1,2019-02-20,VIA,2019-02-20 16:02:00+00:00,14830.0,92556D30,0.0082815652713179,105414.0,0.0123203173279762,0.0342612080276012,0.0081135826185345,0.0343300588428974,0.0140845421701669,0.022650035098195,-0.0208333376795053,0.0255517158657312,0.0141844321042299,0.0117508135735988,0.0161088462918996,0.0143027268350124,0.0210210252553224,-0.023282865062356,-0.0323529355227947,-0.0069363545626401,-0.058763924986124,0.0176470130681991,-0.0139935538172721,0.0047281277365982,-0.0272925775498151,0.0143884755671024,-0.0033669734839349,0.0048192725516855,0.0529279559850692,0.0146699119359254,-0.020320912823081,0.0,-0.0141921527683734,-0.0012209127889946,0.0166113600134849,0.0224718283861875,-0.0566449277102947,-0.0012469112407416,0.0023095216602087,-0.0049627739936113,-0.0046082902699708,-0.0110428472980856,0.0034721912816166,0.0086633283644914,0.0,-0.0073710586875677,0.0023067479487508,-0.0103343511000275,0.012658298946917,-0.021997557953,0.0113635715097188,-0.0254924986511468,-0.0067415134981274,0.0787500143051147,0.0022623871918767,-0.0099009806290268,0.0056433626450598,0.0012391858035698,-0.0089786676689982,-0.0182482451200485,0.0373725853860378,0.0405063517391681,-0.0010917281033471,0.0025380686856806,0.0338798277080059,0.0409511141479015,0.0084566511213779,0.0174731332808733,-0.0115303620696067,0.0013459258479997,-0.0159067418426275,0.0150272753089666,-0.0053879516199231,-0.0134770758450031,-0.0065004839561879,0.0027026999741792,0.038167979568243,0.0027100243605673,-0.0220588259398937,-0.0120481494814157,0.0193339791148901,-0.0132100898772478,-0.0231822244822979,-0.0194300021976232,0.0129449712112546,-0.0153061682358384,0.000532493519131,-0.0439023971557617,-0.0058542098850011,-0.0318772681057453,0.0074946139939129,-0.0023556542582809,-0.0212539657950401,-0.0070175928995013,0.0325733087956905,0.0070671872235834,-0.0031546463724225,-0.0058548231609165,-0.0021096523851156,-0.0172611773014068,-0.0158561971038579,-0.012500069104135,0.0171858053654432,-0.0090089999139308,-0.0042238608002662,-0.0295081436634063,-0.0265111345797777,0.0066006011329591,0.0294117089360952,-0.0054704803042113,0.0105820512399077,0.0333979912102222,0.0083769550547003,0.0157658047974109,0.0083073647692799,0.0265896543860435,-0.0092688109725713,0.0236686170101165,0.0145530505105853,-0.0151515286415815,0.0174180399626493,0.0324909128248691,0.0,0.0146521180868148,0.0123203173279762,0.0342612080276012,0.0205338618590378,0.0697674561581149,0.0349076140724748,0.0939977265870031,0.0277207864871993,0.1351350855808633,-0.0424854984063756,0.1418439454009841,-0.0435308456382882,0.225888285460359,0.0380043005537693,0.2028769419767229,2019-02-21,2019-02-22,2019-02-25,2019-02-26,2019-02-27,2019-02-28,2019-03-01,2019-03-04,2019-03-05,2019-03-06,14830.0,2019-02-20,252.0,0.8282%,0.0006,0.6303,0.1254,0.5554,3.1051%,3.1643%,3.7096%,0.003744,SPKE,14830.0,2019-02-21,252.0,1.2320%,0.0009,0.6091,0.0856,0.5165,3.0911%,3.1465%,3.4901%,0.015917,SPKE,14830.0,2019-02-22,252.0,0.8114%,0.0011,0.6055,0.1442,0.5263,3.0805%,3.1356%,3.4803%,0.0111759999999999,SPKE,14830.0,2019-02-25,252.0,1.4085%,0.001,0.6106,0.1427,0.5443,3.0692%,3.1254%,3.5680%,0.014399,SPKE,14830.0,2019-02-26,252.0,-2.0833%,0.0009,0.6104,0.1681,0.5571,3.0710%,3.1271%,3.5533%,-0.017247,SPKE,14830.0,2019-02-27,252.0,1.4184%,0.0011,0.6272,0.1422,0.56,3.0631%,3.1219%,3.7349%,0.013884,SPKE,14830.0,2019-02-28,252.0,1.6109%,0.0012,0.6102,0.1311,0.5433,3.0612%,3.1167%,3.5259%,0.019325,SPKE,14830.0,2019-03-01,252.0,2.1021%,0.0012,0.6218,0.1485,0.5535,3.0620%,3.1191%,3.6270%,0.018331,SPKE,14830.0,2019-03-04,252.0,-3.2353%,0.0011,0.6244,0.1685,0.5462,3.0685%,3.1258%,3.6280%,-0.030774,SPKE,14830.0,2019-03-05,252.0,-5.8764%,0.0009,0.635,0.2132,0.5748,3.0893%,3.1484%,3.7211%,-0.055959,SPKE,14830.0,2019-03-06,252.0,-1.3994%,0.0008,0.6246,0.2396,0.5666,3.0855%,3.1432%,3.6332%,-0.006293,SPKE,0.019661,0.030837,0.045236,0.041873,-0.0134969999999999
9411,VIPSHOP HOLDINGS LTD,Vipshop shares are trading lower after the company missed Q4 sales estimates.,6,decrease,0.85,0.7,"missing sales estimates typically signals weaker performance and can lead to a decline in investor confidence, resulting in a decrease in stock price.",0,2019-02-20,VIPS,2019-02-20 22:13:00+00:00,13315.0,92763W10,0.0517985820770263,12833902.0,-0.1381668597459793,-0.0071428841911256,0.0539682023227214,-0.0099010141566395,0.0256024207919836,-0.0125697869807481,0.0543318502604961,-0.0271739512681961,0.0125348400324583,-0.0080862455070018,-0.0123796630650758,0.0040595685131847,-0.0208913125097751,-0.009383400902152,0.0512090548872947,-0.0349288471043109,0.074424922466278,-0.0190355442464351,-0.0289672557264566,0.0382081642746925,-0.0168612338602542,-0.0065444651991128,-0.0461741313338279,-0.0065019754692912,0.0843706950545311,0.0212483182549476,0.0114795500412583,0.0329218432307243,-0.0063051343895494,-0.0081632575020194,-0.0329949520528316,-0.0354330688714981,0.0236220881342887,0.0598052591085434,-0.0076923612505197,0.0155367422848939,-0.018087837845087,0.095975212752819,-0.0315789170563221,-0.0596797466278076,0.004076050594449,0.047256089746952,-0.0595399290323257,0.0666666403412818,0.024460444226861,0.0406091809272766,0.0182584431022405,0.0119862491264939,0.052413810044527,-0.0250416733324527,0.0222804807126522,0.0101180346682667,0.029487119987607,-0.03733766451478,0.0435866005718708,0.018181761726737,-0.0405728109180927,0.0236887224018573,0.0261194072663784,0.0423280000686645,0.0048484802246093,0.073863610625267,0.0434257723391056,-0.0311925876885652,-0.0138728199526667,-0.0018315437482669,-0.0304805729538202,-0.024999976158142,-0.0266022067517042,0.0163338780403137,0.0211180206388235,-0.0265017002820968,0.0194647014141082,0.0740037709474563,-0.0560859516263008,0.0134615721181035,-0.003792633768171,0.0,-0.0076142060570418,0.005802656058222,0.0140664521604776,-0.0171102937310934,-0.0214375294744968,0.0154440933838486,0.0360824391245842,-0.0244821310043335,0.0074627390131354,-0.056838396936655,-0.0135803213343024,0.0,0.0,0.0602636858820915,0.0162703525274992,0.0018867455655708,0.0603448003530502,0.019230842590332,0.0150987366214394,-0.0095238462090492,0.0423340834677219,-0.0523465648293495,0.0054884953424334,-0.0124777490273118,-0.0316593833267688,-0.0277296099811792,-0.013528736308217,0.0471868850290775,-0.0160000398755073,-0.0143112558871507,-0.0034842896275222,0.0053957211785018,-0.0093240002170205,0.0353817604482173,-0.094117671251297,0.0151228588074445,0.0610389970242977,-0.0468468852341175,0.0195838250219821,0.0146253025159239,0.0144057488068938,-0.0403508804738521,-0.1381668597459793,-0.0071428841911256,-0.0916552744643239,-0.0169731765502696,-0.0683994505769807,-0.0293296143173943,-0.0054719469440381,-0.0633423526289511,0.0547195793852557,-0.0843215173953215,0.1285909831805332,0.2257495085863687,0.155950734408637,0.2192982521559348,2019-02-21,2019-02-22,2019-02-25,2019-02-26,2019-02-27,2019-02-28,2019-03-01,2019-03-04,2019-03-05,2019-03-06,13315.0,2019-02-20,252.0,5.1799%,-0.0035,1.3656,0.3987,-0.6328,3.2518%,3.6593%,21.0331%,0.052117,VIPS,13315.0,2019-02-21,252.0,-13.8167%,-0.0041,1.4058,0.4518,-0.5581,3.3498%,3.7553%,20.4326%,-0.13439,VIPS,13315.0,2019-02-22,252.0,5.3968%,-0.004,1.4008,0.449,-0.6216,3.3578%,3.7726%,20.7849%,0.0340419999999999,VIPS,13315.0,2019-02-25,252.0,2.5602%,-0.0039,1.4005,0.4352,-0.6298,3.3622%,3.7770%,20.7599%,0.02345,VIPS,13315.0,2019-02-26,252.0,5.4332%,-0.0037,1.3785,0.3716,-0.6785,3.3825%,3.7876%,20.2485%,0.05718,VIPS,13315.0,2019-02-27,252.0,1.2535%,-0.0035,1.3997,0.3379,-0.6749,3.3704%,3.7830%,20.6231%,0.009674,VIPS,13315.0,2019-02-28,252.0,-1.2380%,-0.0034,1.3852,0.3278,-0.6839,3.3656%,3.7713%,20.3586%,-0.009896,VIPS,13315.0,2019-03-01,252.0,-2.0891%,-0.0036,1.3917,0.3374,-0.6594,3.3686%,3.7729%,20.2819%,-0.034641,VIPS,13315.0,2019-03-04,252.0,5.1209%,-0.0034,1.3994,0.2526,-0.6479,3.3873%,3.7862%,19.9618%,0.062277,VIPS,13315.0,2019-03-05,252.0,7.4425%,-0.0032,1.3823,0.1715,-0.6894,3.4220%,3.8118%,19.4029%,0.075942,VIPS,13315.0,2019-03-06,252.0,-2.8967%,-0.0031,1.4071,0.1787,-0.6604,3.4147%,3.8120%,19.7614%,-0.015009,VIPS,-0.082273,-0.048231,-0.024781,0.0420729999999999,0.1207459999999999
9419,VIPSHOP HOLDINGS LTD,Vipshops Sees Q1 Sales RMB19.9B-RMB20.9B,6,uncertain,0.6,0.3,"while the projected sales figures indicate potential growth, the uncertainty surrounding market conditions and investor sentiment makes the impact on stock price unclear.",1,2019-02-20,VIPS,2019-02-20 21:57:00+00:00,13315.0,92763W10,0.0517985820770263,12833902.0,-0.1381668597459793,-0.0071428841911256,0.0539682023227214,-0.0099010141566395,0.0256024207919836,-0.0125697869807481,0.0543318502604961,-0.0271739512681961,0.0125348400324583,-0.0080862455070018,-0.0123796630650758,0.0040595685131847,-0.0208913125097751,-0.009383400902152,0.0512090548872947,-0.0349288471043109,0.074424922466278,-0.0190355442464351,-0.0289672557264566,0.0382081642746925,-0.0168612338602542,-0.0065444651991128,-0.0461741313338279,-0.0065019754692912,0.0843706950545311,0.0212483182549476,0.0114795500412583,0.0329218432307243,-0.0063051343895494,-0.0081632575020194,-0.0329949520528316,-0.0354330688714981,0.0236220881342887,0.0598052591085434,-0.0076923612505197,0.0155367422848939,-0.018087837845087,0.095975212752819,-0.0315789170563221,-0.0596797466278076,0.004076050594449,0.047256089746952,-0.0595399290323257,0.0666666403412818,0.024460444226861,0.0406091809272766,0.0182584431022405,0.0119862491264939,0.052413810044527,-0.0250416733324527,0.0222804807126522,0.0101180346682667,0.029487119987607,-0.03733766451478,0.0435866005718708,0.018181761726737,-0.0405728109180927,0.0236887224018573,0.0261194072663784,0.0423280000686645,0.0048484802246093,0.073863610625267,0.0434257723391056,-0.0311925876885652,-0.0138728199526667,-0.0018315437482669,-0.0304805729538202,-0.024999976158142,-0.0266022067517042,0.0163338780403137,0.0211180206388235,-0.0265017002820968,0.0194647014141082,0.0740037709474563,-0.0560859516263008,0.0134615721181035,-0.003792633768171,0.0,-0.0076142060570418,0.005802656058222,0.0140664521604776,-0.0171102937310934,-0.0214375294744968,0.0154440933838486,0.0360824391245842,-0.0244821310043335,0.0074627390131354,-0.056838396936655,-0.0135803213343024,0.0,0.0,0.0602636858820915,0.0162703525274992,0.0018867455655708,0.0603448003530502,0.019230842590332,0.0150987366214394,-0.0095238462090492,0.0423340834677219,-0.0523465648293495,0.0054884953424334,-0.0124777490273118,-0.0316593833267688,-0.0277296099811792,-0.013528736308217,0.0471868850290775,-0.0160000398755073,-0.0143112558871507,-0.0034842896275222,0.0053957211785018,-0.0093240002170205,0.0353817604482173,-0.094117671251297,0.0151228588074445,0.0610389970242977,-0.0468468852341175,0.0195838250219821,0.0146253025159239,0.0144057488068938,-0.0403508804738521,-0.1381668597459793,-0.0071428841911256,-0.0916552744643239,-0.0169731765502696,-0.0683994505769807,-0.0293296143173943,-0.0054719469440381,-0.0633423526289511,0.0547195793852557,-0.0843215173953215,0.1285909831805332,0.2257495085863687,0.155950734408637,0.2192982521559348,2019-02-21,2019-02-22,2019-02-25,2019-02-26,2019-02-27,2019-02-28,2019-03-01,2019-03-04,2019-03-05,2019-03-06,13315.0,2019-02-20,252.0,5.1799%,-0.0035,1.3656,0.3987,-0.6328,3.2518%,3.6593%,21.0331%,0.052117,VIPS,13315.0,2019-02-21,252.0,-13.8167%,-0.0041,1.4058,0.4518,-0.5581,3.3498%,3.7553%,20.4326%,-0.13439,VIPS,13315.0,2019-02-22,252.0,5.3968%,-0.004,1.4008,0.449,-0.6216,3.3578%,3.7726%,20.7849%,0.0340419999999999,VIPS,13315.0,2019-02-25,252.0,2.5602%,-0.0039,1.4005,0.4352,-0.6298,3.3622%,3.7770%,20.7599%,0.02345,VIPS,13315.0,2019-02-26,252.0,5.4332%,-0.0037,1.3785,0.3716,-0.6785,3.3825%,3.7876%,20.2485%,0.05718,VIPS,13315.0,2019-02-27,252.0,1.2535%,-0.0035,1.3997,0.3379,-0.6749,3.3704%,3.7830%,20.6231%,0.009674,VIPS,13315.0,2019-02-28,252.0,-1.2380%,-0.0034,1.3852,0.3278,-0.6839,3.3656%,3.7713%,20.3586%,-0.009896,VIPS,13315.0,2019-03-01,252.0,-2.0891%,-0.0036,1.3917,0.3374,-0.6594,3.3686%,3.7729%,20.2819%,-0.034641,VIPS,13315.0,2019-03-04,252.0,5.1209%,-0.0034,1.3994,0.2526,-0.6479,3.3873%,3.7862%,19.9618%,0.062277,VIPS,13315.0,2019-03-05,252.0,7.4425%,-0.0032,1.3823,0.1715,-0.6894,3.4220%,3.8118%,19.4029%,0.075942,VIPS,13315.0,2019-03-06,252.0,-2.8967%,-0.0031,1.4071,0.1787,-0.6604,3.4147%,3.8120%,19.7614%,-0.015009,VIPS,-0.082273,-0.048231,-0.024781,0.0420729999999999,0.1207459999999999
9427,VIPSHOP HOLDINGS LTD,"Vipshop Holdings Q4 EPS $0.19 Beats $0.18 Estimate, Sales $3.794B Miss $3.96B Estimate",6,uncertain,0.6,0.2,"while the eps beat expectations, the sales miss could lead to mixed investor reactions, making the overall impact on the stock price uncertain.",1,2019-02-20,VIPS,2019-02-20 21:57:00+00:00,13315.0,92763W10,0.0517985820770263,12833902.0,-0.1381668597459793,-0.0071428841911256,0.0539682023227214,-0.0099010141566395,0.0256024207919836,-0.0125697869807481,0.0543318502604961,-0.0271739512681961,0.0125348400324583,-0.0080862455070018,-0.0123796630650758,0.0040595685131847,-0.0208913125097751,-0.009383400902152,0.0512090548872947,-0.0349288471043109,0.074424922466278,-0.0190355442464351,-0.0289672557264566,0.0382081642746925,-0.0168612338602542,-0.0065444651991128,-0.0461741313338279,-0.0065019754692912,0.0843706950545311,0.0212483182549476,0.0114795500412583,0.0329218432307243,-0.0063051343895494,-0.0081632575020194,-0.0329949520528316,-0.0354330688714981,0.0236220881342887,0.0598052591085434,-0.0076923612505197,0.0155367422848939,-0.018087837845087,0.095975212752819,-0.0315789170563221,-0.0596797466278076,0.004076050594449,0.047256089746952,-0.0595399290323257,0.0666666403412818,0.024460444226861,0.0406091809272766,0.0182584431022405,0.0119862491264939,0.052413810044527,-0.0250416733324527,0.0222804807126522,0.0101180346682667,0.029487119987607,-0.03733766451478,0.0435866005718708,0.018181761726737,-0.0405728109180927,0.0236887224018573,0.0261194072663784,0.0423280000686645,0.0048484802246093,0.073863610625267,0.0434257723391056,-0.0311925876885652,-0.0138728199526667,-0.0018315437482669,-0.0304805729538202,-0.024999976158142,-0.0266022067517042,0.0163338780403137,0.0211180206388235,-0.0265017002820968,0.0194647014141082,0.0740037709474563,-0.0560859516263008,0.0134615721181035,-0.003792633768171,0.0,-0.0076142060570418,0.005802656058222,0.0140664521604776,-0.0171102937310934,-0.0214375294744968,0.0154440933838486,0.0360824391245842,-0.0244821310043335,0.0074627390131354,-0.056838396936655,-0.0135803213343024,0.0,0.0,0.0602636858820915,0.0162703525274992,0.0018867455655708,0.0603448003530502,0.019230842590332,0.0150987366214394,-0.0095238462090492,0.0423340834677219,-0.0523465648293495,0.0054884953424334,-0.0124777490273118,-0.0316593833267688,-0.0277296099811792,-0.013528736308217,0.0471868850290775,-0.0160000398755073,-0.0143112558871507,-0.0034842896275222,0.0053957211785018,-0.0093240002170205,0.0353817604482173,-0.094117671251297,0.0151228588074445,0.0610389970242977,-0.0468468852341175,0.0195838250219821,0.0146253025159239,0.0144057488068938,-0.0403508804738521,-0.1381668597459793,-0.0071428841911256,-0.0916552744643239,-0.0169731765502696,-0.0683994505769807,-0.0293296143173943,-0.0054719469440381,-0.0633423526289511,0.0547195793852557,-0.0843215173953215,0.1285909831805332,0.2257495085863687,0.155950734408637,0.2192982521559348,2019-02-21,2019-02-22,2019-02-25,2019-02-26,2019-02-27,2019-02-28,2019-03-01,2019-03-04,2019-03-05,2019-03-06,13315.0,2019-02-20,252.0,5.1799%,-0.0035,1.3656,0.3987,-0.6328,3.2518%,3.6593%,21.0331%,0.052117,VIPS,13315.0,2019-02-21,252.0,-13.8167%,-0.0041,1.4058,0.4518,-0.5581,3.3498%,3.7553%,20.4326%,-0.13439,VIPS,13315.0,2019-02-22,252.0,5.3968%,-0.004,1.4008,0.449,-0.6216,3.3578%,3.7726%,20.7849%,0.0340419999999999,VIPS,13315.0,2019-02-25,252.0,2.5602%,-0.0039,1.4005,0.4352,-0.6298,3.3622%,3.7770%,20.7599%,0.02345,VIPS,13315.0,2019-02-26,252.0,5.4332%,-0.0037,1.3785,0.3716,-0.6785,3.3825%,3.7876%,20.2485%,0.05718,VIPS,13315.0,2019-02-27,252.0,1.2535%,-0.0035,1.3997,0.3379,-0.6749,3.3704%,3.7830%,20.6231%,0.009674,VIPS,13315.0,2019-02-28,252.0,-1.2380%,-0.0034,1.3852,0.3278,-0.6839,3.3656%,3.7713%,20.3586%,-0.009896,VIPS,13315.0,2019-03-01,252.0,-2.0891%,-0.0036,1.3917,0.3374,-0.6594,3.3686%,3.7729%,20.2819%,-0.034641,VIPS,13315.0,2019-03-04,252.0,5.1209%,-0.0034,1.3994,0.2526,-0.6479,3.3873%,3.7862%,19.9618%,0.062277,VIPS,13315.0,2019-03-05,252.0,7.4425%,-0.0032,1.3823,0.1715,-0.6894,3.4220%,3.8118%,19.4029%,0.075942,VIPS,13315.0,2019-03-06,252.0,-2.8967%,-0.0031,1.4071,0.1787,-0.6604,3.4147%,3.8120%,19.7614%,-0.015009,VIPS,-0.082273,-0.048231,-0.024781,0.0420729999999999,0.1207459999999999
9435,VISHAY PRECISION GROUP INC,"Vishay Precision Group Q4 EPS $0.54, Inline, Sales $76.982M Beat $75.94M Estimate",6,increase,0.7,0.6,"the company's earnings per share (eps) met expectations while sales exceeded estimates, which typically signals positive performance and can lead to an increase in stock price.",2,2019-02-20,VPG,2019-02-20 12:33:00+00:00,93426.0,92835K10,0.0404539965093135,129188.0,-0.0206993483006954,0.0189798157662153,0.0097115160897374,0.012004847638309,0.0025459732860326,-0.0050762011669576,-0.0039503215812146,0.0127003928646445,-0.0070821531116962,0.0088468864560127,-0.0054207881912589,0.0036741865333169,0.0025817598216235,-0.0078978836536407,-0.014020076021552,-0.0161387007683515,-0.0107370559126138,0.0048048002645373,-0.0017600872088223,0.0087852450087666,0.0138113796710968,-0.0003029114450328,-0.0086956303566694,-0.0122644286602735,0.0181286241859197,0.0207633674144744,-0.0126363765448331,0.0196139812469482,0.0020360585767775,-0.0058806077577173,0.004644407890737,-0.0226860251277685,0.0049118222668766,0.0299066342413425,0.0071880393661558,0.0084825176745653,0.0022838092409074,0.0044177779927849,0.0005696513107977,-0.0197958946228027,0.0176487024873495,0.0169865023344755,-0.0377621948719024,0.0117759658023715,0.0165697578340768,-0.0060107726603746,0.0,-0.0050361929461359,-0.0122962621971964,-0.004387320484966,-0.0130283944308757,0.0015693419845774,0.0035200624261051,0.0072716237045824,0.0105232568457722,0.0134572284296155,-0.0040497365407645,0.0142995975911617,0.0159744191914796,0.0101773273199796,0.0277301669120788,0.0427935644984245,0.0141863226890564,-0.0308560151606798,0.0085025066509842,-0.0029771800618618,-0.0065271058119833,0.0456589311361312,0.0276485681533813,0.0399280823767185,0.006659563165158,-0.0042980243451893,-0.0047631729394197,0.0425690561532974,0.0031906124204397,-0.0321647785604,0.0137821482494473,-0.0287820175290107,-0.0203921254724264,-0.0031490605324506,-0.0042700786143541,-0.0148224858567118,-0.0131332529708743,0.0006899088621139,0.0097773112356662,-0.0152853513136506,0.016406686976552,-0.0270984694361686,0.0010585052659735,-0.0356914885342121,-0.0060799191705882,0.0044814143329858,0.0069149509072303,0.0202481690794229,0.000264086673269,0.0257956590503454,-0.0155796185135841,-0.0383376441895961,0.0048283343203365,-0.0214375294744968,0.0261612273752689,-0.075757585465908,-0.0023413151502609,0.0114942351356148,0.0667536258697509,0.0104228248819708,-0.0351991839706897,-0.0032649687491357,0.010894357226789,0.033118613064289,0.0165413487702608,-0.0136116379871964,-0.0350099094212055,0.0082342317327857,0.0286152008920908,-0.0030403914861381,0.0009935647249221,0.0274914428591728,0.0089330179616808,-0.0288228392601013,-0.0206993483006954,0.0189798157662153,-0.0111888542650272,0.0312125132010008,-0.0086713675030546,0.0259778710381086,-0.0195804413681173,0.0482001805816878,-0.0481119225002747,0.0408967707141332,-0.0215384723201814,0.1280368232009292,0.1373426590286579,0.0424757786453482,2019-02-21,2019-02-22,2019-02-25,2019-02-26,2019-02-27,2019-02-28,2019-03-01,2019-03-04,2019-03-05,2019-03-06,93426.0,2019-02-20,252.0,4.0454%,0.0014,1.2179,1.371,0.3055,2.1915%,2.6158%,29.8077%,0.033584,VPG,93426.0,2019-02-21,252.0,-2.0699%,0.0014,1.216,1.3635,0.3021,2.1917%,2.6132%,29.6603%,-0.014631,VPG,93426.0,2019-02-22,252.0,0.9712%,0.0009,1.2222,1.2119,0.2375,2.0747%,2.5067%,31.5027%,-0.001351,VPG,93426.0,2019-02-25,252.0,0.2546%,0.0007,1.2292,1.2172,0.2665,2.0392%,2.4780%,32.2773%,0.0041909999999999,VPG,93426.0,2019-02-26,252.0,-0.3950%,0.0006,1.2082,1.2294,0.2569,2.0289%,2.4607%,32.0173%,0.006586,VPG,93426.0,2019-02-27,252.0,-0.7082%,0.0005,1.2027,1.2359,0.256,2.0287%,2.4584%,31.9032%,-0.010297,VPG,93426.0,2019-02-28,252.0,-0.5421%,0.0005,1.2002,1.234,0.2545,2.0284%,2.4544%,31.7006%,-0.0014,VPG,93426.0,2019-03-01,252.0,0.2582%,0.0005,1.1928,1.2231,0.2474,2.0284%,2.4479%,31.3320%,-0.00871,VPG,93426.0,2019-03-04,252.0,-1.4020%,0.0005,1.1909,1.2334,0.247,2.0284%,2.4492%,31.4130%,-0.00398,VPG,93426.0,2019-03-05,252.0,-1.0737%,0.0005,1.1918,1.237,0.2494,2.0286%,2.4467%,31.2558%,-0.004386,VPG,93426.0,2019-03-06,252.0,-0.1760%,0.0006,1.1861,1.186,0.2361,2.0331%,2.4467%,30.9500%,0.023647,VPG,0.018953,0.017602,0.021793,0.018082,0.023253
9443,VIASAT INC,"Viasat Reports Collaboration With Facebook To Expand Internet Connectivity In Rural Mexico, No Terms Disclosed",6,increase,0.7,0.6,"the collaboration with facebook to expand internet connectivity in rural mexico suggests potential growth opportunities for viasat, which could positively impact investor sentiment and stock price.",2,2019-02-20,VSAT,2019-02-20 13:01:00+00:00,84348.0,92552V10,0.0005362053052522,414101.0,-0.0034834155812859,0.0029578008688986,0.0090078758075833,-0.0074727139435708,0.0049299811944365,0.0041538951918482,-0.0014585071476176,0.0223287288099527,-0.0001327115605818,-0.0001369967940263,0.0033200529869645,-0.0069368137046694,0.0050297449342906,0.1265705525875092,-0.0060581993311643,-0.0080559169873595,-0.0047701154835522,0.0233317781239748,-0.0022633227054029,-0.002017964143306,-0.00827332213521,0.0225396528840065,0.0029601887799799,0.0049449894577264,0.0140863349661231,0.0218418929725885,-0.0138906659558415,-0.0024390493053942,0.0100617120042443,-0.007904527708888,0.0130162797868251,0.0120816603302955,0.0133735975250601,-0.0042269276455044,0.0075042285025119,0.0035894501488655,-0.0047515439800918,-0.002441368997097,-0.0223226230591535,-0.0091920606791973,0.0163653884083032,0.0102638844400644,-0.016231657937169,-0.0103192422538995,0.0048837792128324,0.012240900658071,0.013398190960288,0.0006532894913107,-0.0022034759167581,-0.0009789748582988,0.0070147216320037,-0.002441368997097,-0.0002579546417109,0.0150338653475046,0.0076128561049699,0.0006612183642573,0.0119093395769596,0.0073272679001092,0.0063275122083723,0.0041806022636592,-0.0067906603217124,0.0434478782117366,0.0139275565743446,-0.012237143702805,0.0320929028093814,-0.0157760865986347,-0.0032668393105268,0.0158539023250341,0.0228211339563131,0.000862353190314,0.0153097659349441,-0.0085499314591288,0.0169491171836853,0.0357775501906871,-0.0051723788492381,-0.0384877733886241,0.0070479558780789,-0.0439595729112625,0.0128498747944831,-0.0082351388409733,-0.0009062282624654,0.0055203791707754,0.0046485676430165,-0.0134550724178552,-0.0005643048207275,-0.0325429812073707,0.0048554688692092,-0.013302793726325,-0.0004494989989325,-0.0335450954735279,0.0048341802321374,0.0232874788343906,-0.0011188015341758,0.011162013746798,0.0172491148114204,-0.001221774960868,-0.0084782717749476,-0.0343606285750865,0.0019988927524536,-0.0046968986280262,0.0183973833918571,-0.0347124487161636,0.0011970901396125,0.0208273418247699,-0.0116304317489266,0.0024648131802678,0.0081381043419241,-0.0172413662075996,-0.0281444508582353,0.0191693250089883,0.0156022794544696,-0.0116262035444378,-0.0276304148137569,0.0287949927151203,0.014548746868968,0.0063902554102241,0.005377500783652,-0.0016320565482601,0.0091375047340989,-0.0238957479596138,-0.0034834155812859,0.0029578008688986,0.005493082051355,-0.0045370158744675,0.0104501440370041,-0.0004019669710455,0.0088424924476071,0.0217777869669208,0.0040193329387194,0.1580254669986158,0.0653804553294881,0.2474916275567649,0.2132904378525262,0.0803764692519377,2019-02-21,2019-02-22,2019-02-25,2019-02-26,2019-02-27,2019-02-28,2019-03-01,2019-03-04,2019-03-05,2019-03-06,84348.0,2019-02-20,252.0,0.0536%,0.0,0.812,0.466,-0.2024,1.8910%,2.1253%,20.8326%,-0.001147,VSAT,84348.0,2019-02-21,252.0,-0.3483%,0.0001,0.8076,0.4569,-0.2104,1.8893%,2.1220%,20.7288%,-0.000718,VSAT,84348.0,2019-02-22,252.0,0.9008%,0.0001,0.808,0.4527,-0.209,1.8893%,2.1227%,20.7801%,-0.001947,VSAT,84348.0,2019-02-25,252.0,0.4930%,0.0001,0.8064,0.449,-0.2169,1.8875%,2.1213%,20.8276%,0.004419,VSAT,84348.0,2019-02-26,252.0,-0.1459%,0.0001,0.8019,0.4509,-0.2193,1.8871%,2.1184%,20.6510%,0.00189,VSAT,84348.0,2019-02-27,252.0,-0.0133%,0.0001,0.8021,0.4498,-0.2193,1.8871%,2.1181%,20.6229%,-0.002074,VSAT,84348.0,2019-02-28,252.0,0.3320%,0.0001,0.8069,0.4533,-0.2169,1.8861%,2.1182%,20.7106%,0.005069,VSAT,84348.0,2019-03-01,252.0,0.5030%,0.0001,0.7955,0.4362,-0.2332,1.8829%,2.1109%,20.4368%,-0.003053,VSAT,84348.0,2019-03-04,252.0,-0.6058%,0.0002,0.7907,0.4517,-0.2319,1.8818%,2.1090%,20.3905%,0.0006429999999999,VSAT,84348.0,2019-03-05,252.0,-0.4770%,0.0002,0.7917,0.4578,-0.2301,1.8818%,2.1085%,20.3487%,-0.002672,VSAT,84348.0,2019-03-06,252.0,-0.2263%,0.0002,0.7803,0.4435,-0.2449,1.8809%,2.1050%,20.1640%,0.010157,VSAT,-0.001865,-0.003812,0.0006069999999999,0.000423,0.010567
9451,VISHAY INTERTECHNOLOGY INC,Vishay Sees Q1 Sales $72M-$78M,6,uncertain,0.6,0.3,"the projected sales range of $72m-$78m does not provide a clear indication of performance relative to market expectations, leading to uncertainty in stock price movement.",1,2019-02-20,VSH,2019-02-20 12:33:00+00:00,57808.0,92829810,0.0136798555031418,945984.0,0.000449852872407,-0.0248999316245317,0.0161870773881673,0.0297618862241506,0.0030973316170275,-0.002284113317728,-0.0101455468684434,-0.0040946383960545,-0.0200535096228122,0.0133701702579855,-0.0031832512468099,-0.002299872925505,0.0027372019831091,0.0004602038243319,-0.0090991295874118,-0.0022957366891205,-0.0211203396320343,0.0083333477377891,-0.0281426068395376,0.1003566607832909,-0.0304053667932748,0.0192107446491718,-0.0084619252011179,-0.0123076802119612,0.0356425233185291,0.0077519179321825,-0.0082404306158423,0.0243515614420175,0.0021994621492922,-0.0120293637737631,-0.0293829757720232,-0.023991797119379,0.0216952729970216,0.0381557643413543,-0.0108641637489199,0.0607082545757293,-0.0014977876562625,-0.0203743912279605,-0.0090000154450535,-0.0411827154457569,0.0191726069897413,0.0177323967218399,-0.0613862201571464,-0.0137784956023097,-0.011603339575231,0.0233188886195421,0.008004249073565,-0.0032432144507765,-0.0280571095645427,-0.0128068178892135,0.0027232698630541,0.0048257457092404,0.0032590692862868,0.0471645258367061,0.0330265648663044,0.0206302981823682,0.0120544834062457,0.0086706085130572,0.0248576626181602,0.012880521826446,0.0171803049743175,0.0258258450776338,0.0109290229156613,-0.0603837333619594,0.0063881650567054,-0.0161022152751684,-0.0249023549258709,0.0078343246132135,0.0175263099372386,-0.0033463169820606,-0.0118110124021768,0.0090039307251572,0.0109561411663889,0.055225670337677,-0.0068965218961238,-0.0288350638002157,0.0109126642346382,-0.0393351316452026,0.0,0.0140449441969394,0.0044161020778119,-0.032082661986351,-0.0346848629415035,0.0115511044859886,-0.006072917021811,-0.0157010834664106,0.0096741616725921,-0.0562085025012493,-0.0242057256400585,-0.0302279777824878,0.0067183026112616,0.0306435339152813,0.0020534351933747,0.0082389209419488,0.0148565061390399,-0.0035915698390454,-0.0131246959790587,-0.0361028462648391,0.0005115206586197,0.0056958287023007,0.0245399512350559,-0.0503292419016361,-0.0344311632215976,0.0196642614901065,-0.0304909627884626,0.0200587008148431,0.0037313268985599,0.0029441302176564,-0.0504514463245868,0.0456644110381603,-0.0341162607073783,0.007235110271722,-0.0243196338415145,-0.0036045156884938,0.0160237662494182,0.0104058673605322,-0.0005841255187988,0.0142479436472058,-0.0023378676269203,-0.0052492637187242,0.000449852872407,-0.0248999316245317,0.0166442120638334,0.0041208856676204,0.0197930963251269,0.0018273597800582,-0.0107962121973415,0.0110649953226908,-0.0679262389938656,0.1171676606537834,-0.106055832217384,0.2839578698815397,-0.2289223863811196,0.1560204543290688,2019-02-21,2019-02-22,2019-02-25,2019-02-26,2019-02-27,2019-02-28,2019-03-01,2019-03-04,2019-03-05,2019-03-06,57808.0,2019-02-20,252.0,1.3680%,0.0009,1.3415,0.9892,0.0943,1.8591%,2.3960%,39.7938%,0.008377,VSH,57808.0,2019-02-21,252.0,0.0450%,0.0008,1.3514,1.0106,0.1124,1.8492%,2.3931%,40.2949%,0.0062229999999999,VSH,57808.0,2019-02-22,252.0,1.6187%,0.0008,1.3506,1.023,0.1138,1.8484%,2.3946%,40.4190%,0.003397,VSH,57808.0,2019-02-25,252.0,0.3097%,0.0008,1.3501,1.0211,0.111,1.8483%,2.3945%,40.4177%,0.003836,VSH,57808.0,2019-02-26,252.0,-1.0146%,0.0008,1.3528,1.0212,0.1132,1.8482%,2.3943%,40.4124%,-0.001184,VSH,57808.0,2019-02-27,252.0,-2.0054%,0.0007,1.3486,1.0218,0.1124,1.8536%,2.3953%,40.1137%,-0.023176,VSH,57808.0,2019-02-28,252.0,-0.3183%,0.0007,1.3553,1.0264,0.1172,1.8519%,2.3951%,40.2168%,0.000974,VSH,57808.0,2019-03-01,252.0,0.2737%,0.0006,1.3582,1.0306,0.1264,1.8523%,2.3940%,40.1358%,-0.0096189999999999,VSH,57808.0,2019-03-04,252.0,-0.9099%,0.0006,1.3567,1.0347,0.127,1.8522%,2.3941%,40.1492%,0.001503,VSH,57808.0,2019-03-05,252.0,-2.1120%,0.0006,1.3612,1.0589,0.1361,1.8542%,2.3969%,40.1536%,-0.0153909999999999,VSH,57808.0,2019-03-06,252.0,-2.8143%,0.0006,1.3631,1.0671,0.1393,1.8544%,2.4030%,40.4481%,-0.003511,VSH,0.0146,0.017997,0.0218329999999999,-0.002527,-0.028571
9459,WAYFAIR INC,Wayfair Shares Near Session Lows As Traders Circulate Word Of A New Short Idea On Stock By Hedgeye,6,decrease,0.8,0.7,"the circulation of a new short idea by hedgeye typically indicates negative sentiment towards the stock, which is likely to lead to a decrease in its price.",0,2019-02-20,W,2019-02-20 15:19:00+00:00,14983.0,94419L10,-0.0178140308707952,2792230.0,-0.0060174516402184,-0.0162149164825677,0.2785640954971313,0.0169053860008716,0.0688896402716636,0.0025883375201374,0.0201522074639797,-0.0095104333013296,0.0020794544834643,0.0123911229893565,0.0111686699092388,-0.0081381481140851,0.025048341602087,0.0326729901134967,-0.0196667034178972,-0.0254074465483427,-0.00156171398703,0.0226495862007141,-0.0075798262841999,0.0298389177769422,-0.0103048849850893,0.0329121090471744,0.0112084383144974,0.0048419404774904,0.0307086128741502,0.0154930716380477,0.0082271210849285,0.0342544578015804,-0.0166113302111625,-0.0023930314928293,-0.0201516952365636,0.0223113689571619,0.0041736457496881,0.0233326833695173,0.0195169299840927,0.0404250584542751,-0.0054947868920862,-0.0129575747996568,0.0167537536472082,-0.0479733869433403,0.0013439039466902,0.0582263059914112,-0.0751006305217742,0.0084630399942398,0.0192429218441247,0.0196015369147062,-0.018879622220993,0.002242142567411,-0.0516087859869003,-0.0284232143312692,-0.0035259048454463,-0.028519619256258,-0.0089458338916301,0.0092555293813347,0.0037049718666821,0.0161223392933607,0.0026174455415457,0.0126635171473026,0.0445143170654773,0.0609594248235225,-0.0064726644195616,0.0647906810045242,-0.0163194146007299,-0.0651044473052024,-0.0169180445373058,0.0043294779025018,-0.0286152176558971,-0.0072734854184091,0.0089953821152448,-0.015514813363552,0.0039472016505897,0.0262777041643858,-0.0019658929668366,0.1164842694997787,0.0054336958564817,-0.0206963345408439,0.0101330811157822,-0.0350094363093376,-0.0252791997045278,-0.058511234819889,-0.0037049280945211,-0.0304557252675294,0.0182493887841701,-0.0021401492413133,0.0218449588865041,-0.0952657908201217,0.0063538732938468,-0.0063491682521998,0.0111805126070976,-0.0363400913774967,0.0048130438663065,0.0,0.0456339418888092,-0.0038784574717283,0.0037761584389954,0.0335974469780921,0.0085106687620282,-0.0562961660325527,-0.0707514956593513,0.0256836544722318,-0.0206633266061544,-0.0360673516988754,0.0201585795730352,0.0573446713387966,-0.0387301035225391,0.0076857153326272,0.0200766939669847,0.0047668986953794,-0.0065828962251544,0.1450873464345932,-0.0177158378064632,0.0010928794508799,-0.0515592023730278,0.0345996990799903,0.0291769802570343,0.0031760295387357,0.0170662775635719,0.0426966361701488,0.0280127115547657,0.0236078035086393,-0.0060174516402184,-0.0162149164825677,0.2708703978835576,0.0004163500961942,0.3584202024256619,0.0030057652709072,0.3886770665597066,0.0057769144729815,0.3981693553657524,0.0573892816930594,0.3224849099157363,0.3338885204071715,0.2565471315874348,0.4543583424243764,2019-02-21,2019-02-22,2019-02-25,2019-02-26,2019-02-27,2019-02-28,2019-03-01,2019-03-04,2019-03-05,2019-03-06,14983.0,2019-02-20,252.0,-1.7814%,0.0005,1.5656,0.5476,-1.4107,2.9570%,3.6979%,36.0567%,-0.014473,W,14983.0,2019-02-21,252.0,-0.6017%,0.0005,1.5647,0.545,-1.4123,2.9569%,3.6971%,36.0336%,-0.003186,W,14983.0,2019-02-22,252.0,27.8564%,0.0013,1.5293,0.6013,-1.7848,3.3247%,4.0880%,33.8585%,0.244536,W,14983.0,2019-02-25,252.0,6.8890%,0.0025,1.5013,0.5424,-1.9193,2.9948%,3.8431%,39.2728%,0.064846,W,14983.0,2019-02-26,252.0,2.0152%,0.0026,1.5031,0.5168,-1.9309,2.9962%,3.8435%,39.2296%,0.019592,W,14983.0,2019-02-27,252.0,0.2079%,0.0026,1.5126,0.4985,-1.9294,2.9933%,3.8432%,39.3395%,-0.002672,W,14983.0,2019-02-28,252.0,1.1169%,0.0025,1.5295,0.5104,-1.919,2.9857%,3.8426%,39.6268%,0.010834,W,14983.0,2019-03-01,252.0,2.5048%,0.0025,1.5456,0.5345,-1.895,2.9813%,3.8443%,39.8584%,0.00479,W,14983.0,2019-03-04,252.0,-1.9667%,0.0023,1.5623,0.4833,-1.9003,2.9734%,3.8450%,40.1977%,-0.002191,W,14983.0,2019-03-05,252.0,-0.1562%,0.0023,1.5664,0.5123,-1.8957,2.9720%,3.8447%,40.2429%,-0.002058,W,14983.0,2019-03-06,252.0,-0.7580%,0.0024,1.5631,0.4902,-1.9025,2.9727%,3.8450%,40.2270%,0.012702,W,-0.017659,0.226877,0.291723,0.308643,0.33272
9467,WALGREENS BOOTS ALLIANCE INC,Walgreens Boots shares are trading lower in sympathy with CVS after CVS said it expects 2019 EPS significantly below the analyst estimate.,6,decrease,0.8,0.6,"walgreens boots shares are trading lower in sympathy with cvs, indicating a negative sentiment in the market that could lead to a decrease in walgreens' stock price as investors react to cvs's disappointing earnings outlook.",0,2019-02-20,WBA,2019-02-20 14:18:00+00:00,19502.0,93142710,-0.0353351756930351,7860614.0,-0.0185237023979425,0.0136184124276042,-0.0005676303990185,0.0183053631335496,0.0124946366995573,0.0016567761776968,0.0023840388748794,0.0121576683595776,-0.0015389004256576,0.0154675226658582,-0.002522072289139,0.0049914214760065,-0.064334899187088,-0.0151684582233429,-0.0280739031732082,-0.0037778685800731,-0.020698120817542,0.0022437761072069,-0.0362776480615139,-0.0020990977063775,-0.0214402228593826,-0.0058430465869605,0.0018397826934233,-0.0052588549442589,0.0130216823890805,0.0090769659727811,0.0052735609933733,0.0015384700382128,0.0147541230544447,-0.0011176561238244,-0.0012924366164952,-0.0043121096678078,0.0131025779992342,0.0079921437427401,0.0071850670501589,-0.005438563413918,0.010938468389213,0.0016762502491474,-0.0153677202761173,-0.0115974592044949,0.0129001038148999,0.006111993920058,-0.018710670992732,-0.0001389185636071,-0.0115366326645016,0.0029251857195049,0.0037283117417246,0.0161358714103698,0.0050064823590219,-0.0147817255929112,0.004499418195337,-0.0106236785650253,0.0121580893173813,0.0034611655864864,0.0034771806094795,0.0120498891919851,-0.1280516684055328,0.0200085956603288,-0.0093930717557668,0.0057496265508234,-0.0125820320099592,0.0332689397037029,0.0099722454324364,-0.0104350242763757,0.0067654554732143,-0.0042441226541996,-0.01017074752599,0.0041146036237478,0.0001834554423112,-0.0045347800478339,-0.0196294207125902,0.0094506703317165,0.0001871657295851,0.0376953557133674,0.0147801851853728,-0.029735354706645,0.011061917990446,-0.0337594933807849,0.0054704453796148,-0.0502114929258823,-0.0092491535469889,-0.0290143396705389,-0.0097016766667366,-0.00970871001482,-0.0162661243230104,-0.0320040211081504,0.0046974821016192,-0.0434888452291488,-0.0147746568545699,-0.0014556373935192,0.0032269963994622,0.0077008297666907,0.0134343029931187,0.0080087957903742,0.0001866751554189,-0.0003694885817822,0.0020533995702862,-0.0210995897650718,0.0020491916220635,0.0014489585300907,0.0053913537412881,-0.0334928557276725,-0.0029586474411189,0.0120468204841017,-0.0181750655174255,-0.0021213942673057,0.0105780391022563,0.0024810857139527,0.0011215209960937,0.0134099954739213,-0.0026139507535845,0.0222766194492578,-0.0243354421108961,0.0110134808346629,0.0088258422911167,0.0131644355133175,0.0030429791659116,-0.0003759716637432,-0.0045506572350859,-0.0260009430348873,-0.0185237023979425,0.0136184124276041,-0.0190808181803776,0.0321730655459435,-0.0068245893719144,0.0338831452922003,-0.0059888624059674,0.0626387853817505,-0.1490251223310011,0.0479171216638103,-0.2362117206462324,0.0763857529431488,-0.2688022521350852,-0.0858867415971851,2019-02-21,2019-02-22,2019-02-25,2019-02-26,2019-02-27,2019-02-28,2019-03-01,2019-03-04,2019-03-05,2019-03-06,19502.0,2019-02-20,252.0,-3.5335%,0.0002,0.9101,0.0474,0.2955,1.3511%,1.6262%,30.9672%,-0.039245,WBA,19502.0,2019-02-21,252.0,-1.8524%,0.0001,0.9158,0.0556,0.306,1.3537%,1.6305%,31.0675%,-0.0145429999999999,WBA,19502.0,2019-02-22,252.0,-0.0568%,0.0002,0.9153,0.076,0.3194,1.3502%,1.6264%,31.0763%,-0.002428,WBA,19502.0,2019-02-25,252.0,1.2495%,0.0002,0.9154,0.0704,0.317,1.3522%,1.6282%,31.0310%,0.011794,WBA,19502.0,2019-02-26,252.0,0.2384%,0.0002,0.9167,0.0622,0.3137,1.3523%,1.6271%,30.9233%,0.005245,WBA,19502.0,2019-02-27,252.0,-0.1539%,0.0003,0.9196,0.0564,0.3142,1.3518%,1.6271%,30.9742%,-0.002206,WBA,19502.0,2019-02-28,252.0,-0.2522%,0.0003,0.9143,0.0528,0.3102,1.3504%,1.6218%,30.6603%,0.001003,WBA,19502.0,2019-03-01,252.0,-6.4335%,0.0,0.9039,0.0372,0.3266,1.4201%,1.6720%,27.8660%,-0.06992,WBA,19502.0,2019-03-04,252.0,-2.8074%,-0.0002,0.9207,0.0034,0.3172,1.4160%,1.6771%,28.7096%,-0.024588,WBA,19502.0,2019-03-05,252.0,-2.0698%,-0.0003,0.9236,0.0138,0.326,1.4207%,1.6817%,28.6389%,-0.018451,WBA,19502.0,2019-03-06,252.0,-3.6278%,-0.0003,0.941,0.0671,0.3528,1.4299%,1.6970%,29.0053%,-0.028565,WBA,-0.053788,-0.056216,-0.044422,-0.041383,-0.181904
9475,WENDYS CO,Wendy's Q4 Earnings Preview,6,uncertain,0.5,0.5,the impact on wendy's stock price is uncertain as it depends on the actual earnings results and market expectations.,1,2019-02-20,WEN,2019-02-20 18:47:00+00:00,19828.0,95058W10,-0.0122973350808024,7029007.0,0.0056593311019241,-0.0061111450195312,-0.0028137953486293,0.0055866134352982,-0.0389389768242836,0.0112993698567152,0.0052848001942038,-0.0005645579658448,0.0151868173852562,0.0033994033001363,0.0028769141063094,-0.005073289386928,-0.0028851262759417,0.001693997066468,0.0,0.0045377155765891,0.0023147573228925,0.0039863153360784,-0.0363740846514701,0.0057273991405963,-0.0143798543140292,0.01041657384485,0.0322187691926956,-0.0023094115313142,-0.0212013367563486,-0.0011534289224073,-0.0096270609647035,0.0134424036368727,0.013973357155919,-0.017795605584979,0.0065906951203942,0.0181180275976657,-0.0101190526038408,-0.0149683486670255,0.0054119154810905,0.0181712415069341,-0.0101674692705273,0.0209455657750368,-0.0145014971494674,0.0170419216156005,0.0214592516422271,0.0079755261540412,-0.0114045944064855,-0.0079124206677079,0.0279296301305294,0.0018293102039024,0.0029532921034842,-0.0018259698990732,0.0188456829637289,-0.0054479511454701,0.0219653807580471,0.0036452841013669,0.0118777761235833,0.0042708786204457,-0.0039127836935222,0.0049049616791307,0.0072952341288328,0.0092821549624204,0.0016712411306798,0.0157133881002664,0.0122358854860067,0.0224935356527566,0.0027472106739878,-0.0051150843501091,-0.0120547572150826,0.001921889022924,-0.0022185754496604,-0.0012796197552233,0.0,0.0103425886482,0.0222345534712076,-0.0038634557276964,0.0027189312968403,0.0353333167731761,0.0070498459972441,-0.0439770296216011,0.0032309889793396,-0.0094697326421737,0.0085883932188153,-0.0323763377964496,0.0058541083708405,-0.0084796724840998,-0.0111110629513859,0.0067073544487357,-0.0042803594842553,-0.0185517352074384,-0.0064481911249458,-0.0222352873533964,0.0140616679564118,0.003523162798956,0.0005333455628715,0.0029447083361446,-0.0026653062086552,-0.0104895280674099,-0.0053446539677679,0.0029222229495644,0.0005373578169383,-0.0261809378862381,-0.0107411788776516,0.0068767294287681,0.0005429005832411,-0.0262276399880647,0.0086814891546964,-0.0005577372503466,-0.0064551285468041,-0.0024916478432714,0.0395236313343048,0.010067131370306,-0.0203125663101673,0.0193841643631458,0.0021265770774334,-0.013498299755156,-0.0116711519658565,0.0016901795752346,-0.0069779478944838,0.0028248154558241,0.0086486404761672,-0.0033783481922,0.0032154053915292,-0.0100334612652659,0.0056593311019241,-0.0061111450195312,0.0028296115537638,-0.0005586721891042,-0.0362195474492335,0.0107343850239176,-0.0164120502539486,0.0135977209182938,-0.0500108964089853,0.0246277391901579,0.0234154036027738,0.1244500045589345,0.0655359364702992,0.0019403178028327,2019-02-21,2019-02-22,2019-02-25,2019-02-26,2019-02-27,2019-02-28,2019-03-01,2019-03-04,2019-03-05,2019-03-06,19828.0,2019-02-20,252.0,-1.2297%,0.0003,0.6292,0.2527,0.127,1.2308%,1.3939%,22.0385%,-0.015133,WEN,19828.0,2019-02-21,252.0,0.5659%,0.0004,0.6227,0.2411,0.1149,1.2290%,1.3896%,21.7696%,0.008356,WEN,19828.0,2019-02-22,252.0,-0.2814%,0.0004,0.6241,0.2294,0.121,1.2289%,1.3890%,21.7299%,-0.006598,WEN,19828.0,2019-02-25,252.0,-3.8939%,0.0001,0.629,0.2537,0.1521,1.2270%,1.3879%,21.8465%,-0.039161,WEN,19828.0,2019-02-26,252.0,0.5285%,0.0001,0.6325,0.2389,0.1471,1.2268%,1.3883%,21.9057%,0.008317,WEN,19828.0,2019-02-27,252.0,1.5187%,0.0003,0.6424,0.2255,0.1488,1.2225%,1.3879%,22.4135%,0.01424,WEN,19828.0,2019-02-28,252.0,0.2877%,0.0003,0.6347,0.2204,0.1421,1.2204%,1.3817%,21.9960%,0.005095,WEN,19828.0,2019-03-01,252.0,-0.2885%,0.0003,0.6287,0.2115,0.1366,1.2206%,1.3784%,21.5952%,-0.007616,WEN,19828.0,2019-03-04,252.0,0.0000%,0.0003,0.6316,0.1992,0.1365,1.2199%,1.3784%,21.6737%,0.003493,WEN,19828.0,2019-03-05,252.0,0.2315%,0.0003,0.6301,0.1904,0.134,1.2200%,1.3771%,21.5239%,0.004243,WEN,19828.0,2019-03-06,252.0,-3.6374%,0.0002,0.6413,0.251,0.1549,1.2333%,1.3957%,21.9223%,-0.028826,WEN,-0.006777,-0.013375,-0.052536,-0.029979,-0.05359
9483,WIX COM LTD,Wedbush On Wix Notes 'We'd be buyers into any weakness based on guidance' As Firm Thinks 'Wix has a lot of room to drive pricing power over time as it adds new products and features to become a more valuable offering to larger businesses',6,increase,0.75,0.6,"the positive outlook from wedbush, suggesting that wix has potential for pricing power and growth, is likely to attract buyers, which could lead to an increase in stock price.",2,2019-02-20,WIX,2019-02-20 15:55:00+00:00,14326.0,M9806810,-0.1164214685559273,5402556.0,-0.0218702219426631,0.0358319468796253,0.0301803350448608,0.0145411817356944,0.0198285207152366,0.0020936268847435,-0.0007882638601586,0.0282442644238472,-0.0036812883336097,0.0436775460839271,-0.0388844758272171,0.0023420818615704,-0.0013730117352679,0.0269195530563592,-0.0006416104151867,-0.0156620033085346,-0.0166926514357328,-0.0125876776874065,-0.003171311924234,0.0047881361097097,0.0038363996427506,0.0052674761973321,-0.0121177798137068,0.006950179580599,0.0204755440354347,0.0220581423491239,0.001941739115864,0.0308314561843872,-0.0047065536491572,-0.0129339098930358,0.0131664182990789,-0.0128613887354731,-0.0184862874448299,0.025216506794095,0.0066200383007526,0.0150449480861425,0.0086143044754862,0.0048100310377776,0.0847644731402397,-0.0232045073062181,0.0383508168160915,0.0036569843068718,-0.0380758084356784,0.0230383370071649,0.0079674078151583,0.0022696207743138,0.0239656791090965,0.0206465441733598,-0.0358872897922992,-0.0197452865540981,0.0122657138854265,0.014015432447195,0.0167452506721019,0.019077768549323,-0.013903833925724,0.021999716758728,0.0012589300749823,0.0049245725385844,-0.0003352968487888,0.038633182644844,-0.0051148799248039,0.0790276601910591,0.0123050911352038,-0.060562577098608,-0.0062442761845886,0.0034315385855734,0.0082104196771979,0.0102885058149695,0.0191956553608179,-0.0091966958716511,-0.0083978697657585,0.0093948813155293,0.0279558766633272,0.0815290361642837,-0.0003198951017111,0.0069427490234375,-0.0040006400085985,-0.0332077220082283,-0.0158258453011512,-0.0079439291730523,0.0019590063020586,-0.0008170852670446,0.0238696560263633,0.0299350544810295,0.0204487554728984,-0.0461008809506893,0.0104483142495155,0.0026445409748703,0.0027779969386756,-0.0191721767187118,0.0274721607565879,-0.0370330549776554,0.0003744985733646,0.007550086826086,0.0044171316549181,0.0220308788120746,-0.0054413457401096,-0.0455758795142173,0.0252567678689956,-0.0030857725068926,0.0336256623268127,-0.0258111096918582,0.0044554802589118,0.0243151504546403,-0.0338660664856433,0.0071649891324341,0.0253607034683227,-0.0095329042524099,0.0033404494170099,0.0543891303241252,0.0155132282525301,-0.0296922177076339,-0.0411550924181938,0.0438913702964782,0.0003636533510871,0.017378319054842,0.0333066843450069,0.0084725590422749,-0.0508832149207592,0.0131703047081828,-0.0218702219426631,0.0358319468796253,0.0076500624764626,0.0508941674668401,0.0276302726139867,0.053094347748869,0.0230402074794531,0.1301339393551546,-0.0381603648513291,0.1360556228680554,0.0733507471302497,0.3684840599373225,0.2137521307135927,0.478715874631618,2019-02-21,2019-02-22,2019-02-25,2019-02-26,2019-02-27,2019-02-28,2019-03-01,2019-03-04,2019-03-05,2019-03-06,14326.0,2019-02-20,252.0,-11.6421%,0.0009,1.3464,0.7222,-1.868,1.9405%,2.9806%,57.6136%,-0.111266,WIX,14326.0,2019-02-21,252.0,-2.1870%,0.0008,1.3499,0.7244,-1.8615,1.9451%,2.9834%,57.4942%,-0.020779,WIX,14326.0,2019-02-22,252.0,3.0180%,0.0006,1.3533,0.6727,-1.8673,1.9325%,2.9824%,58.0117%,-0.010042,WIX,14326.0,2019-02-25,252.0,1.9829%,0.0009,1.3473,0.6592,-1.8968,1.9079%,2.9715%,58.7737%,0.016086,WIX,14326.0,2019-02-26,252.0,-0.0788%,0.0009,1.3442,0.6644,-1.8964,1.9076%,2.9672%,58.6666%,-0.0007729999999999,WIX,14326.0,2019-02-27,252.0,-0.3681%,0.0009,1.3502,0.6511,-1.8954,1.9065%,2.9674%,58.7207%,-0.008529,WIX,14326.0,2019-02-28,252.0,-3.8884%,0.0007,1.3642,0.6593,-1.8758,1.9223%,2.9780%,58.3334%,-0.039668,WIX,14326.0,2019-03-01,252.0,-0.1373%,0.0006,1.3625,0.6568,-1.8684,1.9268%,2.9776%,58.1282%,-0.0207,WIX,14326.0,2019-03-04,252.0,-0.0642%,0.0006,1.3647,0.6355,-1.8658,1.9285%,2.9776%,58.0533%,0.016268,WIX,14326.0,2019-03-05,252.0,-1.6693%,0.0006,1.3684,0.6528,-1.8567,1.9315%,2.9768%,57.8988%,-0.01697,WIX,14326.0,2019-03-06,252.0,-0.3171%,0.0005,1.3461,0.6318,-1.8847,1.9257%,2.9686%,57.9208%,0.017201,WIX,-0.132045,-0.142087,-0.126001,-0.135303,-0.179172
9491,WIX COM LTD,Wix.com shares are trading lower after the company announced weak Q1 and 2019 sales guidance despite strong Q4 earnings.,6,decrease,0.8,0.7,"the announcement of weak q1 and 2019 sales guidance typically signals potential future challenges, which can lead to a decline in investor confidence and a decrease in stock price.",0,2019-02-20,WIX,2019-02-20 14:14:00+00:00,14326.0,M9806810,-0.1164214685559273,5402556.0,-0.0218702219426631,0.0358319468796253,0.0301803350448608,0.0145411817356944,0.0198285207152366,0.0020936268847435,-0.0007882638601586,0.0282442644238472,-0.0036812883336097,0.0436775460839271,-0.0388844758272171,0.0023420818615704,-0.0013730117352679,0.0269195530563592,-0.0006416104151867,-0.0156620033085346,-0.0166926514357328,-0.0125876776874065,-0.003171311924234,0.0047881361097097,0.0038363996427506,0.0052674761973321,-0.0121177798137068,0.006950179580599,0.0204755440354347,0.0220581423491239,0.001941739115864,0.0308314561843872,-0.0047065536491572,-0.0129339098930358,0.0131664182990789,-0.0128613887354731,-0.0184862874448299,0.025216506794095,0.0066200383007526,0.0150449480861425,0.0086143044754862,0.0048100310377776,0.0847644731402397,-0.0232045073062181,0.0383508168160915,0.0036569843068718,-0.0380758084356784,0.0230383370071649,0.0079674078151583,0.0022696207743138,0.0239656791090965,0.0206465441733598,-0.0358872897922992,-0.0197452865540981,0.0122657138854265,0.014015432447195,0.0167452506721019,0.019077768549323,-0.013903833925724,0.021999716758728,0.0012589300749823,0.0049245725385844,-0.0003352968487888,0.038633182644844,-0.0051148799248039,0.0790276601910591,0.0123050911352038,-0.060562577098608,-0.0062442761845886,0.0034315385855734,0.0082104196771979,0.0102885058149695,0.0191956553608179,-0.0091966958716511,-0.0083978697657585,0.0093948813155293,0.0279558766633272,0.0815290361642837,-0.0003198951017111,0.0069427490234375,-0.0040006400085985,-0.0332077220082283,-0.0158258453011512,-0.0079439291730523,0.0019590063020586,-0.0008170852670446,0.0238696560263633,0.0299350544810295,0.0204487554728984,-0.0461008809506893,0.0104483142495155,0.0026445409748703,0.0027779969386756,-0.0191721767187118,0.0274721607565879,-0.0370330549776554,0.0003744985733646,0.007550086826086,0.0044171316549181,0.0220308788120746,-0.0054413457401096,-0.0455758795142173,0.0252567678689956,-0.0030857725068926,0.0336256623268127,-0.0258111096918582,0.0044554802589118,0.0243151504546403,-0.0338660664856433,0.0071649891324341,0.0253607034683227,-0.0095329042524099,0.0033404494170099,0.0543891303241252,0.0155132282525301,-0.0296922177076339,-0.0411550924181938,0.0438913702964782,0.0003636533510871,0.017378319054842,0.0333066843450069,0.0084725590422749,-0.0508832149207592,0.0131703047081828,-0.0218702219426631,0.0358319468796253,0.0076500624764626,0.0508941674668401,0.0276302726139867,0.053094347748869,0.0230402074794531,0.1301339393551546,-0.0381603648513291,0.1360556228680554,0.0733507471302497,0.3684840599373225,0.2137521307135927,0.478715874631618,2019-02-21,2019-02-22,2019-02-25,2019-02-26,2019-02-27,2019-02-28,2019-03-01,2019-03-04,2019-03-05,2019-03-06,14326.0,2019-02-20,252.0,-11.6421%,0.0009,1.3464,0.7222,-1.868,1.9405%,2.9806%,57.6136%,-0.111266,WIX,14326.0,2019-02-21,252.0,-2.1870%,0.0008,1.3499,0.7244,-1.8615,1.9451%,2.9834%,57.4942%,-0.020779,WIX,14326.0,2019-02-22,252.0,3.0180%,0.0006,1.3533,0.6727,-1.8673,1.9325%,2.9824%,58.0117%,-0.010042,WIX,14326.0,2019-02-25,252.0,1.9829%,0.0009,1.3473,0.6592,-1.8968,1.9079%,2.9715%,58.7737%,0.016086,WIX,14326.0,2019-02-26,252.0,-0.0788%,0.0009,1.3442,0.6644,-1.8964,1.9076%,2.9672%,58.6666%,-0.0007729999999999,WIX,14326.0,2019-02-27,252.0,-0.3681%,0.0009,1.3502,0.6511,-1.8954,1.9065%,2.9674%,58.7207%,-0.008529,WIX,14326.0,2019-02-28,252.0,-3.8884%,0.0007,1.3642,0.6593,-1.8758,1.9223%,2.9780%,58.3334%,-0.039668,WIX,14326.0,2019-03-01,252.0,-0.1373%,0.0006,1.3625,0.6568,-1.8684,1.9268%,2.9776%,58.1282%,-0.0207,WIX,14326.0,2019-03-04,252.0,-0.0642%,0.0006,1.3647,0.6355,-1.8658,1.9285%,2.9776%,58.0533%,0.016268,WIX,14326.0,2019-03-05,252.0,-1.6693%,0.0006,1.3684,0.6528,-1.8567,1.9315%,2.9768%,57.8988%,-0.01697,WIX,14326.0,2019-03-06,252.0,-0.3171%,0.0005,1.3461,0.6318,-1.8847,1.9257%,2.9686%,57.9208%,0.017201,WIX,-0.132045,-0.142087,-0.126001,-0.135303,-0.179172
9499,WIX COM LTD,"Wix.com shares are trading lower after the company issued weak Q1 and FY19 sales guidance, offsetting strong Q4 earnings.",6,decrease,0.85,0.7,"the issuance of weak sales guidance typically leads to negative investor sentiment, which is likely to drive the stock price lower despite strong previous earnings.",0,2019-02-20,WIX,2019-02-20 14:11:00+00:00,14326.0,M9806810,-0.1164214685559273,5402556.0,-0.0218702219426631,0.0358319468796253,0.0301803350448608,0.0145411817356944,0.0198285207152366,0.0020936268847435,-0.0007882638601586,0.0282442644238472,-0.0036812883336097,0.0436775460839271,-0.0388844758272171,0.0023420818615704,-0.0013730117352679,0.0269195530563592,-0.0006416104151867,-0.0156620033085346,-0.0166926514357328,-0.0125876776874065,-0.003171311924234,0.0047881361097097,0.0038363996427506,0.0052674761973321,-0.0121177798137068,0.006950179580599,0.0204755440354347,0.0220581423491239,0.001941739115864,0.0308314561843872,-0.0047065536491572,-0.0129339098930358,0.0131664182990789,-0.0128613887354731,-0.0184862874448299,0.025216506794095,0.0066200383007526,0.0150449480861425,0.0086143044754862,0.0048100310377776,0.0847644731402397,-0.0232045073062181,0.0383508168160915,0.0036569843068718,-0.0380758084356784,0.0230383370071649,0.0079674078151583,0.0022696207743138,0.0239656791090965,0.0206465441733598,-0.0358872897922992,-0.0197452865540981,0.0122657138854265,0.014015432447195,0.0167452506721019,0.019077768549323,-0.013903833925724,0.021999716758728,0.0012589300749823,0.0049245725385844,-0.0003352968487888,0.038633182644844,-0.0051148799248039,0.0790276601910591,0.0123050911352038,-0.060562577098608,-0.0062442761845886,0.0034315385855734,0.0082104196771979,0.0102885058149695,0.0191956553608179,-0.0091966958716511,-0.0083978697657585,0.0093948813155293,0.0279558766633272,0.0815290361642837,-0.0003198951017111,0.0069427490234375,-0.0040006400085985,-0.0332077220082283,-0.0158258453011512,-0.0079439291730523,0.0019590063020586,-0.0008170852670446,0.0238696560263633,0.0299350544810295,0.0204487554728984,-0.0461008809506893,0.0104483142495155,0.0026445409748703,0.0027779969386756,-0.0191721767187118,0.0274721607565879,-0.0370330549776554,0.0003744985733646,0.007550086826086,0.0044171316549181,0.0220308788120746,-0.0054413457401096,-0.0455758795142173,0.0252567678689956,-0.0030857725068926,0.0336256623268127,-0.0258111096918582,0.0044554802589118,0.0243151504546403,-0.0338660664856433,0.0071649891324341,0.0253607034683227,-0.0095329042524099,0.0033404494170099,0.0543891303241252,0.0155132282525301,-0.0296922177076339,-0.0411550924181938,0.0438913702964782,0.0003636533510871,0.017378319054842,0.0333066843450069,0.0084725590422749,-0.0508832149207592,0.0131703047081828,-0.0218702219426631,0.0358319468796253,0.0076500624764626,0.0508941674668401,0.0276302726139867,0.053094347748869,0.0230402074794531,0.1301339393551546,-0.0381603648513291,0.1360556228680554,0.0733507471302497,0.3684840599373225,0.2137521307135927,0.478715874631618,2019-02-21,2019-02-22,2019-02-25,2019-02-26,2019-02-27,2019-02-28,2019-03-01,2019-03-04,2019-03-05,2019-03-06,14326.0,2019-02-20,252.0,-11.6421%,0.0009,1.3464,0.7222,-1.868,1.9405%,2.9806%,57.6136%,-0.111266,WIX,14326.0,2019-02-21,252.0,-2.1870%,0.0008,1.3499,0.7244,-1.8615,1.9451%,2.9834%,57.4942%,-0.020779,WIX,14326.0,2019-02-22,252.0,3.0180%,0.0006,1.3533,0.6727,-1.8673,1.9325%,2.9824%,58.0117%,-0.010042,WIX,14326.0,2019-02-25,252.0,1.9829%,0.0009,1.3473,0.6592,-1.8968,1.9079%,2.9715%,58.7737%,0.016086,WIX,14326.0,2019-02-26,252.0,-0.0788%,0.0009,1.3442,0.6644,-1.8964,1.9076%,2.9672%,58.6666%,-0.0007729999999999,WIX,14326.0,2019-02-27,252.0,-0.3681%,0.0009,1.3502,0.6511,-1.8954,1.9065%,2.9674%,58.7207%,-0.008529,WIX,14326.0,2019-02-28,252.0,-3.8884%,0.0007,1.3642,0.6593,-1.8758,1.9223%,2.9780%,58.3334%,-0.039668,WIX,14326.0,2019-03-01,252.0,-0.1373%,0.0006,1.3625,0.6568,-1.8684,1.9268%,2.9776%,58.1282%,-0.0207,WIX,14326.0,2019-03-04,252.0,-0.0642%,0.0006,1.3647,0.6355,-1.8658,1.9285%,2.9776%,58.0533%,0.016268,WIX,14326.0,2019-03-05,252.0,-1.6693%,0.0006,1.3684,0.6528,-1.8567,1.9315%,2.9768%,57.8988%,-0.01697,WIX,14326.0,2019-03-06,252.0,-0.3171%,0.0005,1.3461,0.6318,-1.8847,1.9257%,2.9686%,57.9208%,0.017201,WIX,-0.132045,-0.142087,-0.126001,-0.135303,-0.179172
9507,WIX COM LTD,"Wix.com Sees Q1 Sales $172M-$173M vs $176.42M Est., Sees FY19 Sales $755M-$761M vs $761.37M Est.",6,decrease,0.75,0.6,"wix.com reported q1 sales and fy19 sales guidance below analyst estimates, which is likely to negatively impact investor sentiment and lead to a decrease in stock price.",0,2019-02-20,WIX,2019-02-20 12:56:00+00:00,14326.0,M9806810,-0.1164214685559273,5402556.0,-0.0218702219426631,0.0358319468796253,0.0301803350448608,0.0145411817356944,0.0198285207152366,0.0020936268847435,-0.0007882638601586,0.0282442644238472,-0.0036812883336097,0.0436775460839271,-0.0388844758272171,0.0023420818615704,-0.0013730117352679,0.0269195530563592,-0.0006416104151867,-0.0156620033085346,-0.0166926514357328,-0.0125876776874065,-0.003171311924234,0.0047881361097097,0.0038363996427506,0.0052674761973321,-0.0121177798137068,0.006950179580599,0.0204755440354347,0.0220581423491239,0.001941739115864,0.0308314561843872,-0.0047065536491572,-0.0129339098930358,0.0131664182990789,-0.0128613887354731,-0.0184862874448299,0.025216506794095,0.0066200383007526,0.0150449480861425,0.0086143044754862,0.0048100310377776,0.0847644731402397,-0.0232045073062181,0.0383508168160915,0.0036569843068718,-0.0380758084356784,0.0230383370071649,0.0079674078151583,0.0022696207743138,0.0239656791090965,0.0206465441733598,-0.0358872897922992,-0.0197452865540981,0.0122657138854265,0.014015432447195,0.0167452506721019,0.019077768549323,-0.013903833925724,0.021999716758728,0.0012589300749823,0.0049245725385844,-0.0003352968487888,0.038633182644844,-0.0051148799248039,0.0790276601910591,0.0123050911352038,-0.060562577098608,-0.0062442761845886,0.0034315385855734,0.0082104196771979,0.0102885058149695,0.0191956553608179,-0.0091966958716511,-0.0083978697657585,0.0093948813155293,0.0279558766633272,0.0815290361642837,-0.0003198951017111,0.0069427490234375,-0.0040006400085985,-0.0332077220082283,-0.0158258453011512,-0.0079439291730523,0.0019590063020586,-0.0008170852670446,0.0238696560263633,0.0299350544810295,0.0204487554728984,-0.0461008809506893,0.0104483142495155,0.0026445409748703,0.0027779969386756,-0.0191721767187118,0.0274721607565879,-0.0370330549776554,0.0003744985733646,0.007550086826086,0.0044171316549181,0.0220308788120746,-0.0054413457401096,-0.0455758795142173,0.0252567678689956,-0.0030857725068926,0.0336256623268127,-0.0258111096918582,0.0044554802589118,0.0243151504546403,-0.0338660664856433,0.0071649891324341,0.0253607034683227,-0.0095329042524099,0.0033404494170099,0.0543891303241252,0.0155132282525301,-0.0296922177076339,-0.0411550924181938,0.0438913702964782,0.0003636533510871,0.017378319054842,0.0333066843450069,0.0084725590422749,-0.0508832149207592,0.0131703047081828,-0.0218702219426631,0.0358319468796253,0.0076500624764626,0.0508941674668401,0.0276302726139867,0.053094347748869,0.0230402074794531,0.1301339393551546,-0.0381603648513291,0.1360556228680554,0.0733507471302497,0.3684840599373225,0.2137521307135927,0.478715874631618,2019-02-21,2019-02-22,2019-02-25,2019-02-26,2019-02-27,2019-02-28,2019-03-01,2019-03-04,2019-03-05,2019-03-06,14326.0,2019-02-20,252.0,-11.6421%,0.0009,1.3464,0.7222,-1.868,1.9405%,2.9806%,57.6136%,-0.111266,WIX,14326.0,2019-02-21,252.0,-2.1870%,0.0008,1.3499,0.7244,-1.8615,1.9451%,2.9834%,57.4942%,-0.020779,WIX,14326.0,2019-02-22,252.0,3.0180%,0.0006,1.3533,0.6727,-1.8673,1.9325%,2.9824%,58.0117%,-0.010042,WIX,14326.0,2019-02-25,252.0,1.9829%,0.0009,1.3473,0.6592,-1.8968,1.9079%,2.9715%,58.7737%,0.016086,WIX,14326.0,2019-02-26,252.0,-0.0788%,0.0009,1.3442,0.6644,-1.8964,1.9076%,2.9672%,58.6666%,-0.0007729999999999,WIX,14326.0,2019-02-27,252.0,-0.3681%,0.0009,1.3502,0.6511,-1.8954,1.9065%,2.9674%,58.7207%,-0.008529,WIX,14326.0,2019-02-28,252.0,-3.8884%,0.0007,1.3642,0.6593,-1.8758,1.9223%,2.9780%,58.3334%,-0.039668,WIX,14326.0,2019-03-01,252.0,-0.1373%,0.0006,1.3625,0.6568,-1.8684,1.9268%,2.9776%,58.1282%,-0.0207,WIX,14326.0,2019-03-04,252.0,-0.0642%,0.0006,1.3647,0.6355,-1.8658,1.9285%,2.9776%,58.0533%,0.016268,WIX,14326.0,2019-03-05,252.0,-1.6693%,0.0006,1.3684,0.6528,-1.8567,1.9315%,2.9768%,57.8988%,-0.01697,WIX,14326.0,2019-03-06,252.0,-0.3171%,0.0005,1.3461,0.6318,-1.8847,1.9257%,2.9686%,57.9208%,0.017201,WIX,-0.132045,-0.142087,-0.126001,-0.135303,-0.179172
9515,WIX COM LTD,"Wix.com Earlier Reported Q4 Adj. EPS $0.42 Beats $0.32 Estimate, Sales $164.197M Beat $162M Estimate",6,increase,0.8,0.6,"the company reported better-than-expected earnings and sales, which typically boosts investor confidence and can lead to an increase in stock price.",2,2019-02-20,WIX,2019-02-20 12:54:00+00:00,14326.0,M9806810,-0.1164214685559273,5402556.0,-0.0218702219426631,0.0358319468796253,0.0301803350448608,0.0145411817356944,0.0198285207152366,0.0020936268847435,-0.0007882638601586,0.0282442644238472,-0.0036812883336097,0.0436775460839271,-0.0388844758272171,0.0023420818615704,-0.0013730117352679,0.0269195530563592,-0.0006416104151867,-0.0156620033085346,-0.0166926514357328,-0.0125876776874065,-0.003171311924234,0.0047881361097097,0.0038363996427506,0.0052674761973321,-0.0121177798137068,0.006950179580599,0.0204755440354347,0.0220581423491239,0.001941739115864,0.0308314561843872,-0.0047065536491572,-0.0129339098930358,0.0131664182990789,-0.0128613887354731,-0.0184862874448299,0.025216506794095,0.0066200383007526,0.0150449480861425,0.0086143044754862,0.0048100310377776,0.0847644731402397,-0.0232045073062181,0.0383508168160915,0.0036569843068718,-0.0380758084356784,0.0230383370071649,0.0079674078151583,0.0022696207743138,0.0239656791090965,0.0206465441733598,-0.0358872897922992,-0.0197452865540981,0.0122657138854265,0.014015432447195,0.0167452506721019,0.019077768549323,-0.013903833925724,0.021999716758728,0.0012589300749823,0.0049245725385844,-0.0003352968487888,0.038633182644844,-0.0051148799248039,0.0790276601910591,0.0123050911352038,-0.060562577098608,-0.0062442761845886,0.0034315385855734,0.0082104196771979,0.0102885058149695,0.0191956553608179,-0.0091966958716511,-0.0083978697657585,0.0093948813155293,0.0279558766633272,0.0815290361642837,-0.0003198951017111,0.0069427490234375,-0.0040006400085985,-0.0332077220082283,-0.0158258453011512,-0.0079439291730523,0.0019590063020586,-0.0008170852670446,0.0238696560263633,0.0299350544810295,0.0204487554728984,-0.0461008809506893,0.0104483142495155,0.0026445409748703,0.0027779969386756,-0.0191721767187118,0.0274721607565879,-0.0370330549776554,0.0003744985733646,0.007550086826086,0.0044171316549181,0.0220308788120746,-0.0054413457401096,-0.0455758795142173,0.0252567678689956,-0.0030857725068926,0.0336256623268127,-0.0258111096918582,0.0044554802589118,0.0243151504546403,-0.0338660664856433,0.0071649891324341,0.0253607034683227,-0.0095329042524099,0.0033404494170099,0.0543891303241252,0.0155132282525301,-0.0296922177076339,-0.0411550924181938,0.0438913702964782,0.0003636533510871,0.017378319054842,0.0333066843450069,0.0084725590422749,-0.0508832149207592,0.0131703047081828,-0.0218702219426631,0.0358319468796253,0.0076500624764626,0.0508941674668401,0.0276302726139867,0.053094347748869,0.0230402074794531,0.1301339393551546,-0.0381603648513291,0.1360556228680554,0.0733507471302497,0.3684840599373225,0.2137521307135927,0.478715874631618,2019-02-21,2019-02-22,2019-02-25,2019-02-26,2019-02-27,2019-02-28,2019-03-01,2019-03-04,2019-03-05,2019-03-06,14326.0,2019-02-20,252.0,-11.6421%,0.0009,1.3464,0.7222,-1.868,1.9405%,2.9806%,57.6136%,-0.111266,WIX,14326.0,2019-02-21,252.0,-2.1870%,0.0008,1.3499,0.7244,-1.8615,1.9451%,2.9834%,57.4942%,-0.020779,WIX,14326.0,2019-02-22,252.0,3.0180%,0.0006,1.3533,0.6727,-1.8673,1.9325%,2.9824%,58.0117%,-0.010042,WIX,14326.0,2019-02-25,252.0,1.9829%,0.0009,1.3473,0.6592,-1.8968,1.9079%,2.9715%,58.7737%,0.016086,WIX,14326.0,2019-02-26,252.0,-0.0788%,0.0009,1.3442,0.6644,-1.8964,1.9076%,2.9672%,58.6666%,-0.0007729999999999,WIX,14326.0,2019-02-27,252.0,-0.3681%,0.0009,1.3502,0.6511,-1.8954,1.9065%,2.9674%,58.7207%,-0.008529,WIX,14326.0,2019-02-28,252.0,-3.8884%,0.0007,1.3642,0.6593,-1.8758,1.9223%,2.9780%,58.3334%,-0.039668,WIX,14326.0,2019-03-01,252.0,-0.1373%,0.0006,1.3625,0.6568,-1.8684,1.9268%,2.9776%,58.1282%,-0.0207,WIX,14326.0,2019-03-04,252.0,-0.0642%,0.0006,1.3647,0.6355,-1.8658,1.9285%,2.9776%,58.0533%,0.016268,WIX,14326.0,2019-03-05,252.0,-1.6693%,0.0006,1.3684,0.6528,-1.8567,1.9315%,2.9768%,57.8988%,-0.01697,WIX,14326.0,2019-03-06,252.0,-0.3171%,0.0005,1.3461,0.6318,-1.8847,1.9257%,2.9686%,57.9208%,0.017201,WIX,-0.132045,-0.142087,-0.126001,-0.135303,-0.179172
9523,WILLIS LEASE FINANCE CORP,"Willis Lease, FLYdocs Report Are Spearheading Development On A Blockchain-Powered Aviation Records Platform",6,increase,0.7,0.6,"the development of a blockchain-powered aviation records platform suggests innovation and potential operational efficiencies, which could positively impact investor sentiment and stock price.",2,2019-02-20,WLFC,2019-02-20 22:35:00+00:00,83969.0,97064610,-0.0305430367588996,9318.0,-0.0128354551270604,0.0132966954261064,0.0118203312158584,0.0383242256939411,-0.0144859561696648,0.0196601338684558,-0.006638188380748,-0.0009699542424641,0.0028639361262321,0.0271481964737176,0.0009519494487904,0.0050062770023941,0.0111744506284594,0.0027610594406723,0.0016458898317068,0.0016215735813602,-0.00516425864771,-0.00136832986027,-0.0134497331455349,0.0037802804727107,-0.0609902665019035,0.0333333015441894,-0.0280183013528585,0.0031348681077361,0.0078616151586174,0.0010459492914378,-0.0197607465088367,0.0140546970069408,0.1180371567606926,-0.0018528241198509,0.0102016674354672,-0.0171696115285158,-0.0688116550445556,0.0333332754671573,0.0174022354185581,0.0108696073293685,0.0047099310904741,-0.0267125647515058,0.0103627434000372,-0.0240062028169632,0.0129425833001732,0.0015512247337028,-0.0378495603799819,0.0342245660722255,0.0167878214269876,-0.011888955719769,0.0224248357117176,0.0254673156887292,0.0021692009177058,0.006819421891123,0.0170754939317703,-0.0200481154024601,0.0023645891342312,0.0021429951302707,-0.0094361342489719,0.0091916769742965,-0.0052393716759979,0.0062568923458456,-0.001436470542103,0.0378317385911941,0.0021577596198767,0.0134477084502577,-0.0007176741492003,-0.0201849583536386,0.0186736602336168,0.0309248473495245,-0.0035252107772976,0.0194460768252611,0.0141509072855114,-0.0081824250519275,0.0186046343296766,0.009439518675208,0.0157534815371036,0.0125448619946837,0.0116879437118768,-0.0035713969264179,0.0097756600007414,0.0081007089465856,0.0083608590066432,-0.0288460925221443,0.0015273770550265,-0.0034842896275222,0.0032679238356649,-0.005199315957725,0.0482084974646568,0.0084473369643092,0.0045577213168144,-0.0135056730359792,-0.0101052103564143,0.0031709603499621,0.0277083721011877,-0.0034473640844225,0.0083113685250282,-0.0327868908643722,-0.0004021000640932,0.0002779915521387,-0.0024135708808898,-0.0088154189288616,-0.006048372015357,-0.0100899627432227,0.0125760436058044,-0.0375328175723552,-0.0044069993309676,0.0342019088566303,0.0068410490639507,-0.0136545738205313,0.0321742706000804,0.0218878053128719,0.0596321001648902,-0.0076025677844882,-0.0018271235749125,0.0101481834426522,0.0029287908691912,-0.0065395552664995,0.0127760674804449,0.0257127452641725,0.0200035460293293,0.0090242447331547,0.0120141403749585,-0.0258242413401603,-0.0128354551270604,0.0132966954261064,-0.0011668432421101,0.0521305066765411,-0.0156358965717129,0.0728155332848883,-0.0193698490963944,0.1008717082606887,-0.024270645023744,0.1139113013326766,-0.0266044223801011,0.2478826411257135,0.3367561463396729,0.214285689277661,2019-02-21,2019-02-22,2019-02-25,2019-02-26,2019-02-27,2019-02-28,2019-03-01,2019-03-04,2019-03-05,2019-03-06,83969.0,2019-02-20,252.0,-3.0543%,0.002,0.6683,0.2161,0.4436,1.8025%,1.9156%,11.4597%,-0.035053,WLFC,83969.0,2019-02-21,252.0,-1.2835%,0.002,0.6662,0.2093,0.4399,1.8020%,1.9141%,11.3733%,-0.009291,WLFC,83969.0,2019-02-22,252.0,1.1820%,0.002,0.6647,0.2096,0.4225,1.8032%,1.9151%,11.3443%,0.012705,WLFC,83969.0,2019-02-25,252.0,-1.4486%,0.0019,0.6663,0.2192,0.4335,1.8042%,1.9166%,11.3778%,-0.014277,WLFC,83969.0,2019-02-26,252.0,-0.6638%,0.0019,0.6766,0.2158,0.4395,1.8018%,1.9169%,11.6461%,-0.002839,WLFC,83969.0,2019-02-27,252.0,0.2864%,0.002,0.6796,0.2106,0.44,1.8013%,1.9169%,11.6958%,0.002272,WLFC,83969.0,2019-02-28,252.0,0.0952%,0.002,0.6808,0.2115,0.4404,1.8012%,1.9166%,11.6720%,0.004017,WLFC,83969.0,2019-03-01,252.0,1.1174%,0.0019,0.6949,0.2324,0.4597,1.7965%,1.9161%,12.0905%,0.007331,WLFC,83969.0,2019-03-04,252.0,0.1646%,0.0019,0.6958,0.2271,0.4599,1.7965%,1.9160%,12.0811%,0.004306,WLFC,83969.0,2019-03-05,252.0,-0.5164%,0.0019,0.6968,0.2322,0.4622,1.7967%,1.9163%,12.0976%,-0.002263,WLFC,83969.0,2019-03-06,252.0,-1.3450%,0.0019,0.7049,0.2417,0.4726,1.7961%,1.9187%,12.3736%,-0.004945,WLFC,-0.044344,-0.031639,-0.045916,-0.046483,-0.0380369999999999
9531,WINTRUST FINANCIAL CORP,Announces Plans To Acquire Oak Bank For ~$46M,6,increase,0.7,0.6,the acquisition of oak bank for ~$46m is likely to be viewed positively by investors as it suggests growth and expansion for wintrust financial corp.,2,2019-02-20,WTFC,2019-02-20 12:46:00+00:00,84636.0,97650W10,0.0165299773216247,359500.0,-0.0153357489034533,0.0016153283650055,-0.0014769147383049,0.0217301864176988,-0.0013447102392092,-0.0030166080687195,-0.0107714477926492,-0.0004111674788873,0.0136109972372651,0.0103863729164004,-0.0107426214963197,0.0096476860344409,-0.0033935117535293,-0.0242838524281978,-0.0088531943038105,0.015235542319715,0.0009619307238608,0.0013821489410474,-0.0164744239300489,-0.0004144622944295,-0.0128419622778892,0.0145780900493264,0.0016967635601758,0.0028113150037825,0.0087521569803357,-0.0127671137452125,-0.0032185241580009,-0.0108442129567265,0.0108100045472383,-0.0085738273337483,0.0070833628997206,0.0119818588718771,-0.0006896021077409,0.0037324342411011,0.0197350308299064,0.0237757228314876,-0.0316686481237411,-0.0408578068017959,-0.0336827896535396,-0.0106097357347607,-0.0227075461298227,0.012510173022747,-0.0483942069113254,0.0118326991796493,0.0024882741272449,0.0269888900220394,0.0189264845103025,-0.0012701660161837,0.0048721022903919,0.0028304124716669,0.0316666103899478,0.0007081581861712,-0.0111616179347038,0.0062705208547413,0.0427743531763553,0.0014271225081756,0.0015667370753362,0.010965259745717,0.0025597312487661,0.0037653075996786,0.0126241045072674,0.0292145889252424,0.0184899810701608,-0.0125111285597086,0.0045386031270027,0.0218078605830669,-0.0142387859523296,0.0117163211107254,0.0090277986600995,0.0028994726017117,0.0118375858291983,-0.0065191071480512,0.0220377501100301,0.049149040132761,-0.0101157268509268,-0.027683338150382,0.028506051748991,-0.0180712956935167,0.01372732501477,0.0001519158104201,-0.0303069185465574,-0.0270430315285921,0.0025268627796322,-0.0084981955587863,0.0185725856572389,0.0118606835603714,-0.0063818427734076,-0.0120111284777522,-0.0074714864604175,-0.0331398360431194,0.0110934535041451,0.0121846105903387,0.0080982595682144,-0.0152455428615212,-0.0126976333558559,-0.0140570932999253,-0.0091863116249442,-0.0049854675307869,0.0092714829370379,-0.0132550047710537,0.0124672520905733,-0.0510892421007156,-0.0006481276941485,-0.002973441965878,-0.0133592579513788,0.0092640798538923,-0.0134086580947041,-0.0127527751028537,-0.0041444543749094,0.0073968297801911,0.0017452662577852,-0.0023304028436541,-0.0418118834495544,0.0185941718518734,0.0258741043508052,-0.0039405678398907,-0.0151329329237341,0.0115598607808351,0.0127354068681597,-0.0265165623277425,-0.0153357489034533,0.0016153283650055,-0.0167900140481798,0.0233806161692018,-0.0181121465835819,0.0202934779450947,-0.0154679821964277,0.0304667577913004,-0.0528820733782231,0.0316062287210245,-0.0679534575204922,0.0813563011863827,-0.0295541699420414,-0.0341785252598287,2019-02-21,2019-02-22,2019-02-25,2019-02-26,2019-02-27,2019-02-28,2019-03-01,2019-03-04,2019-03-05,2019-03-06,84636.0,2019-02-20,252.0,1.6530%,-0.0001,1.1949,0.9535,1.5281,0.9262%,1.5503%,64.3060%,0.003657,WTFC,84636.0,2019-02-21,252.0,-1.5336%,-0.0002,1.1987,0.9598,1.5351,0.9263%,1.5524%,64.3932%,-0.006833,WTFC,84636.0,2019-02-22,252.0,-0.1477%,-0.0002,1.1978,0.954,1.5193,0.9270%,1.5506%,64.2573%,0.007918,WTFC,84636.0,2019-02-25,252.0,-0.1345%,-0.0001,1.1961,0.9514,1.5117,0.9229%,1.5458%,64.3569%,0.001974,WTFC,84636.0,2019-02-26,252.0,-1.0771%,-0.0001,1.1947,0.9497,1.5098,0.9229%,1.5445%,64.2910%,0.00212,WTFC,84636.0,2019-02-27,252.0,1.3611%,-0.0,1.1959,0.9513,1.51,0.9262%,1.5466%,64.1332%,0.012443,WTFC,84636.0,2019-02-28,252.0,-1.0743%,-0.0001,1.1969,0.9519,1.5116,0.9265%,1.5449%,64.0382%,-0.003551,WTFC,84636.0,2019-03-01,252.0,-0.3394%,-0.0001,1.203,0.9609,1.525,0.9244%,1.5441%,64.1569%,-0.008815,WTFC,84636.0,2019-03-04,252.0,-0.8853%,-0.0002,1.206,0.955,1.5233,0.9243%,1.5450%,64.2104%,-0.004792,WTFC,84636.0,2019-03-05,252.0,0.0962%,-0.0001,1.2056,0.9584,1.5194,0.9257%,1.5444%,64.0740%,0.009538,WTFC,84636.0,2019-03-06,252.0,-1.6474%,-0.0001,1.2042,0.9472,1.5163,0.9262%,1.5459%,64.1049%,0.00503,WTFC,-0.003176,0.004742,0.006716,0.021279,0.018689
9539,WOLVERINE WORLD WIDE INC,Wolverine World Wide shares are trading lower after the company missed Q4 sales estimates and provided FY19 EPS and sales guidance below estimates.,6,decrease,0.9,0.8,"the missed sales estimates and lower guidance typically lead to negative investor sentiment, resulting in a decrease in stock price.",0,2019-02-20,WWW,2019-02-20 16:03:00+00:00,42286.0,97809710,-0.1060222312808037,1905563.0,0.0195301044732332,-0.0015159517060965,-0.0013880964834243,0.0259201638400554,-0.0002780688228085,0.0020779697224497,-0.0038931977469474,0.0169043689966201,0.0097710350528359,0.0435502156615257,-0.0113353570923209,0.0416306890547275,0.0125839142128825,-0.0025772149674594,-0.0245788302272558,0.0031599192880094,0.0144394719973206,-0.0136015731841325,-0.0111638708040118,0.009439411573112,0.0016935188323259,0.021027959883213,-0.0157791301608085,-0.002040212508291,0.0085885841399431,0.0064535411074757,-0.0045415796339511,0.0035324972122907,0.0134018026292324,-0.0014697012957185,0.0014068440068513,-0.0052631665021181,-0.0022478739265352,0.0115350298583507,0.0171782784163951,-0.0082135163247585,-0.0060907369479537,0.0091770691797137,-0.0047354311682283,0.0147190699353814,0.0064371549524366,0.0069570336490869,-0.0372636318206787,0.0172308105975389,0.0037550858687609,0.0046368325129151,0.0106474515050649,-0.0003090894897468,0.0037016251590102,0.0018576276488602,0.0158865638077259,0.0043532149866223,0.0005584520986303,-0.0313253290951252,0.0039182589389383,0.0069760247133672,-0.0103149972856044,0.0147737618535757,0.0126760778948664,0.0052599622868001,0.0130736408755183,0.0214917920529842,0.0016474842559546,-0.0204334314912557,-0.0068530701100826,0.0128566902130842,-0.0195969939231872,-0.0135760707780718,0.0095720766112208,-0.002462352393195,-0.0058560813777148,-0.0018432430224493,0.0089761484414339,0.0571613609790802,0.0072281989268958,0.0016265824669972,0.0030361746903508,-0.0259822476655244,0.0046779904514551,-0.0087939910590648,0.0002739560732152,-0.0157650187611579,-0.0251917298883199,0.0137887382879853,0.0095505667850375,-0.015123507939279,0.0289371442049741,-0.0052194711752235,-0.0221741404384374,-0.0312313884496688,0.0027654445730149,0.0120408702641725,0.0201324708759784,0.0060569583438336,-0.0048661879263818,-0.0012099490268155,-0.0067916326224803,-0.0316343903541564,0.0131290899589657,0.0017604916356503,0.0124189816415309,-0.0391880273818969,-0.0138666788116097,0.0251445900648832,-0.0343428999185562,0.0061063999310135,-0.012881520204246,0.0008730727131478,-0.0992907807230949,0.0346281714737415,-0.0122834453359246,-0.0348736047744751,-0.0538903214037418,0.0204625912010669,-0.0020222265738993,-0.0038403917569667,-0.0060790376737713,0.0270024091005325,0.0095140598714351,0.0141538176685571,0.0195301044732332,-0.0015159517060965,0.0181148983204686,0.0243649184173633,0.0178317923092088,0.0264935177025742,0.0237757230859372,0.0893054501190506,0.0028304120004847,0.1304348244133879,0.0203966783118914,0.22277229877528,-0.1567181132487196,0.2190504965339936,2019-02-21,2019-02-22,2019-02-25,2019-02-26,2019-02-27,2019-02-28,2019-03-01,2019-03-04,2019-03-05,2019-03-06,42286.0,2019-02-20,252.0,-10.6022%,0.0005,0.7427,1.0805,0.0983,1.6935%,1.9498%,24.5678%,-0.11121,WWW,42286.0,2019-02-21,252.0,1.9530%,0.0006,0.7399,1.0796,0.0928,1.6990%,1.9533%,24.3480%,0.023161,WWW,42286.0,2019-02-22,252.0,-0.1388%,0.0007,0.7391,1.1395,0.1387,1.6752%,1.9365%,25.1619%,-0.0108709999999999,WWW,42286.0,2019-02-25,252.0,-0.0278%,0.0006,0.7437,1.1435,0.1576,1.6572%,1.9210%,25.5846%,0.001726,WWW,42286.0,2019-02-26,252.0,-0.3893%,0.0007,0.766,1.1157,0.1603,1.6392%,1.9107%,26.3993%,0.0050349999999999,WWW,42286.0,2019-02-27,252.0,0.9771%,0.0007,0.7581,1.1315,0.159,1.6357%,1.9071%,26.4330%,0.007054,WWW,42286.0,2019-02-28,252.0,-1.1335%,0.0007,0.7596,1.1322,0.1622,1.6368%,1.9070%,26.3239%,-0.008914,WWW,42286.0,2019-03-01,252.0,1.2584%,0.0007,0.7534,1.123,0.151,1.6354%,1.9017%,26.0425%,0.004391,WWW,42286.0,2019-03-04,252.0,-2.4579%,0.0007,0.7496,1.1514,0.1484,1.6372%,1.9074%,26.3255%,-0.016848,WWW,42286.0,2019-03-05,252.0,1.4439%,0.0008,0.75,1.1665,0.1417,1.6386%,1.9092%,26.3396%,0.019549,WWW,42286.0,2019-03-06,252.0,-1.1164%,0.0009,0.7475,1.1472,0.1363,1.6394%,1.9107%,26.3802%,0.009687,WWW,-0.088049,-0.09892,-0.097194,-0.085105,-0.07724
9547,WOLVERINE WORLD WIDE INC,"Wolverine World Wide Sees FY19 Adj. EPS $2.20-$2.35 vs $2.35 Est., Sales $2.28B-$2.33B vs $2.33B Est.",6,decrease,0.7,0.6,"the company's adjusted eps and sales guidance are below analyst estimates, which is likely to lead to a negative reaction in the stock price.",0,2019-02-20,WWW,2019-02-20 11:31:00+00:00,42286.0,97809710,-0.1060222312808037,1905563.0,0.0195301044732332,-0.0015159517060965,-0.0013880964834243,0.0259201638400554,-0.0002780688228085,0.0020779697224497,-0.0038931977469474,0.0169043689966201,0.0097710350528359,0.0435502156615257,-0.0113353570923209,0.0416306890547275,0.0125839142128825,-0.0025772149674594,-0.0245788302272558,0.0031599192880094,0.0144394719973206,-0.0136015731841325,-0.0111638708040118,0.009439411573112,0.0016935188323259,0.021027959883213,-0.0157791301608085,-0.002040212508291,0.0085885841399431,0.0064535411074757,-0.0045415796339511,0.0035324972122907,0.0134018026292324,-0.0014697012957185,0.0014068440068513,-0.0052631665021181,-0.0022478739265352,0.0115350298583507,0.0171782784163951,-0.0082135163247585,-0.0060907369479537,0.0091770691797137,-0.0047354311682283,0.0147190699353814,0.0064371549524366,0.0069570336490869,-0.0372636318206787,0.0172308105975389,0.0037550858687609,0.0046368325129151,0.0106474515050649,-0.0003090894897468,0.0037016251590102,0.0018576276488602,0.0158865638077259,0.0043532149866223,0.0005584520986303,-0.0313253290951252,0.0039182589389383,0.0069760247133672,-0.0103149972856044,0.0147737618535757,0.0126760778948664,0.0052599622868001,0.0130736408755183,0.0214917920529842,0.0016474842559546,-0.0204334314912557,-0.0068530701100826,0.0128566902130842,-0.0195969939231872,-0.0135760707780718,0.0095720766112208,-0.002462352393195,-0.0058560813777148,-0.0018432430224493,0.0089761484414339,0.0571613609790802,0.0072281989268958,0.0016265824669972,0.0030361746903508,-0.0259822476655244,0.0046779904514551,-0.0087939910590648,0.0002739560732152,-0.0157650187611579,-0.0251917298883199,0.0137887382879853,0.0095505667850375,-0.015123507939279,0.0289371442049741,-0.0052194711752235,-0.0221741404384374,-0.0312313884496688,0.0027654445730149,0.0120408702641725,0.0201324708759784,0.0060569583438336,-0.0048661879263818,-0.0012099490268155,-0.0067916326224803,-0.0316343903541564,0.0131290899589657,0.0017604916356503,0.0124189816415309,-0.0391880273818969,-0.0138666788116097,0.0251445900648832,-0.0343428999185562,0.0061063999310135,-0.012881520204246,0.0008730727131478,-0.0992907807230949,0.0346281714737415,-0.0122834453359246,-0.0348736047744751,-0.0538903214037418,0.0204625912010669,-0.0020222265738993,-0.0038403917569667,-0.0060790376737713,0.0270024091005325,0.0095140598714351,0.0141538176685571,0.0195301044732332,-0.0015159517060965,0.0181148983204686,0.0243649184173633,0.0178317923092088,0.0264935177025742,0.0237757230859372,0.0893054501190506,0.0028304120004847,0.1304348244133879,0.0203966783118914,0.22277229877528,-0.1567181132487196,0.2190504965339936,2019-02-21,2019-02-22,2019-02-25,2019-02-26,2019-02-27,2019-02-28,2019-03-01,2019-03-04,2019-03-05,2019-03-06,42286.0,2019-02-20,252.0,-10.6022%,0.0005,0.7427,1.0805,0.0983,1.6935%,1.9498%,24.5678%,-0.11121,WWW,42286.0,2019-02-21,252.0,1.9530%,0.0006,0.7399,1.0796,0.0928,1.6990%,1.9533%,24.3480%,0.023161,WWW,42286.0,2019-02-22,252.0,-0.1388%,0.0007,0.7391,1.1395,0.1387,1.6752%,1.9365%,25.1619%,-0.0108709999999999,WWW,42286.0,2019-02-25,252.0,-0.0278%,0.0006,0.7437,1.1435,0.1576,1.6572%,1.9210%,25.5846%,0.001726,WWW,42286.0,2019-02-26,252.0,-0.3893%,0.0007,0.766,1.1157,0.1603,1.6392%,1.9107%,26.3993%,0.0050349999999999,WWW,42286.0,2019-02-27,252.0,0.9771%,0.0007,0.7581,1.1315,0.159,1.6357%,1.9071%,26.4330%,0.007054,WWW,42286.0,2019-02-28,252.0,-1.1335%,0.0007,0.7596,1.1322,0.1622,1.6368%,1.9070%,26.3239%,-0.008914,WWW,42286.0,2019-03-01,252.0,1.2584%,0.0007,0.7534,1.123,0.151,1.6354%,1.9017%,26.0425%,0.004391,WWW,42286.0,2019-03-04,252.0,-2.4579%,0.0007,0.7496,1.1514,0.1484,1.6372%,1.9074%,26.3255%,-0.016848,WWW,42286.0,2019-03-05,252.0,1.4439%,0.0008,0.75,1.1665,0.1417,1.6386%,1.9092%,26.3396%,0.019549,WWW,42286.0,2019-03-06,252.0,-1.1164%,0.0009,0.7475,1.1472,0.1363,1.6394%,1.9107%,26.3802%,0.009687,WWW,-0.088049,-0.09892,-0.097194,-0.085105,-0.07724
9555,WOLVERINE WORLD WIDE INC,"Wolverine World Wide Q4 Adj. EPS $0.52 Beats $0.49 Estimate, Sales $579.6M Miss $581.91M Estimate",6,uncertain,0.6,0.2,"while the adjusted eps beat estimates, the sales miss could raise concerns among investors, leading to uncertainty in the stock price movement.",1,2019-02-20,WWW,2019-02-20 11:30:00+00:00,42286.0,97809710,-0.1060222312808037,1905563.0,0.0195301044732332,-0.0015159517060965,-0.0013880964834243,0.0259201638400554,-0.0002780688228085,0.0020779697224497,-0.0038931977469474,0.0169043689966201,0.0097710350528359,0.0435502156615257,-0.0113353570923209,0.0416306890547275,0.0125839142128825,-0.0025772149674594,-0.0245788302272558,0.0031599192880094,0.0144394719973206,-0.0136015731841325,-0.0111638708040118,0.009439411573112,0.0016935188323259,0.021027959883213,-0.0157791301608085,-0.002040212508291,0.0085885841399431,0.0064535411074757,-0.0045415796339511,0.0035324972122907,0.0134018026292324,-0.0014697012957185,0.0014068440068513,-0.0052631665021181,-0.0022478739265352,0.0115350298583507,0.0171782784163951,-0.0082135163247585,-0.0060907369479537,0.0091770691797137,-0.0047354311682283,0.0147190699353814,0.0064371549524366,0.0069570336490869,-0.0372636318206787,0.0172308105975389,0.0037550858687609,0.0046368325129151,0.0106474515050649,-0.0003090894897468,0.0037016251590102,0.0018576276488602,0.0158865638077259,0.0043532149866223,0.0005584520986303,-0.0313253290951252,0.0039182589389383,0.0069760247133672,-0.0103149972856044,0.0147737618535757,0.0126760778948664,0.0052599622868001,0.0130736408755183,0.0214917920529842,0.0016474842559546,-0.0204334314912557,-0.0068530701100826,0.0128566902130842,-0.0195969939231872,-0.0135760707780718,0.0095720766112208,-0.002462352393195,-0.0058560813777148,-0.0018432430224493,0.0089761484414339,0.0571613609790802,0.0072281989268958,0.0016265824669972,0.0030361746903508,-0.0259822476655244,0.0046779904514551,-0.0087939910590648,0.0002739560732152,-0.0157650187611579,-0.0251917298883199,0.0137887382879853,0.0095505667850375,-0.015123507939279,0.0289371442049741,-0.0052194711752235,-0.0221741404384374,-0.0312313884496688,0.0027654445730149,0.0120408702641725,0.0201324708759784,0.0060569583438336,-0.0048661879263818,-0.0012099490268155,-0.0067916326224803,-0.0316343903541564,0.0131290899589657,0.0017604916356503,0.0124189816415309,-0.0391880273818969,-0.0138666788116097,0.0251445900648832,-0.0343428999185562,0.0061063999310135,-0.012881520204246,0.0008730727131478,-0.0992907807230949,0.0346281714737415,-0.0122834453359246,-0.0348736047744751,-0.0538903214037418,0.0204625912010669,-0.0020222265738993,-0.0038403917569667,-0.0060790376737713,0.0270024091005325,0.0095140598714351,0.0141538176685571,0.0195301044732332,-0.0015159517060965,0.0181148983204686,0.0243649184173633,0.0178317923092088,0.0264935177025742,0.0237757230859372,0.0893054501190506,0.0028304120004847,0.1304348244133879,0.0203966783118914,0.22277229877528,-0.1567181132487196,0.2190504965339936,2019-02-21,2019-02-22,2019-02-25,2019-02-26,2019-02-27,2019-02-28,2019-03-01,2019-03-04,2019-03-05,2019-03-06,42286.0,2019-02-20,252.0,-10.6022%,0.0005,0.7427,1.0805,0.0983,1.6935%,1.9498%,24.5678%,-0.11121,WWW,42286.0,2019-02-21,252.0,1.9530%,0.0006,0.7399,1.0796,0.0928,1.6990%,1.9533%,24.3480%,0.023161,WWW,42286.0,2019-02-22,252.0,-0.1388%,0.0007,0.7391,1.1395,0.1387,1.6752%,1.9365%,25.1619%,-0.0108709999999999,WWW,42286.0,2019-02-25,252.0,-0.0278%,0.0006,0.7437,1.1435,0.1576,1.6572%,1.9210%,25.5846%,0.001726,WWW,42286.0,2019-02-26,252.0,-0.3893%,0.0007,0.766,1.1157,0.1603,1.6392%,1.9107%,26.3993%,0.0050349999999999,WWW,42286.0,2019-02-27,252.0,0.9771%,0.0007,0.7581,1.1315,0.159,1.6357%,1.9071%,26.4330%,0.007054,WWW,42286.0,2019-02-28,252.0,-1.1335%,0.0007,0.7596,1.1322,0.1622,1.6368%,1.9070%,26.3239%,-0.008914,WWW,42286.0,2019-03-01,252.0,1.2584%,0.0007,0.7534,1.123,0.151,1.6354%,1.9017%,26.0425%,0.004391,WWW,42286.0,2019-03-04,252.0,-2.4579%,0.0007,0.7496,1.1514,0.1484,1.6372%,1.9074%,26.3255%,-0.016848,WWW,42286.0,2019-03-05,252.0,1.4439%,0.0008,0.75,1.1665,0.1417,1.6386%,1.9092%,26.3396%,0.019549,WWW,42286.0,2019-03-06,252.0,-1.1164%,0.0009,0.7475,1.1472,0.1363,1.6394%,1.9107%,26.3802%,0.009687,WWW,-0.088049,-0.09892,-0.097194,-0.085105,-0.07724
9563,X C E L ENERGY INC,Xcel Energy Raises Qtr Dividned From $0.38 to $0.405/Share,6,increase,0.8,0.6,"raising the quarterly dividend typically signals financial strength and can attract more investors, likely leading to an increase in stock price.",2,2019-02-20,XEL,2019-02-20 17:44:00+00:00,23931.0,98389B10,0.005763107445091,5762574.0,0.0125693222507834,0.0061728740110993,0.0089449016377329,0.0035667095798999,-0.0101321032270789,0.0,-0.0043867276981472,-0.0039266846142709,-0.0014687319053336,-0.0016800477169454,0.0086413165554404,0.0016828749794512,0.0010936484904959,0.0065875863656401,0.0029133951757103,0.0133511489257216,-0.0032679792493581,0.0005724957445636,0.0034608128480613,0.0003818338445853,0.0078054149635136,0.0046030241064727,0.0027016878593713,-0.0042017037048935,0.0068259579129517,0.0282797031104564,0.0073148948140442,0.005529202055186,0.0033652575220912,0.0037660778034478,-0.0015004709130153,-0.0017807707190513,0.0060541336424648,-0.016540152952075,-0.0067256824113428,0.0050850445404648,-0.0081967050209641,0.0094767920672893,0.00305429357104,-0.0009861781727522,0.0116424448788166,0.0001973197213374,0.0104461787268519,0.0087561914697289,0.0,0.0072158873081207,0.0050814948044717,0.0196198467165231,-0.0078452015295624,-0.0073037249967455,-0.0131787033751606,0.0004059358034282,0.0008902997942641,0.0167148448526859,-0.0113858636468648,-0.0079836109653115,0.0001799916499294,0.0115965530276298,-0.0037783896550536,-0.0043298779055476,-0.0016254317015409,0.0097855767235159,0.0077785872854292,-0.0039403242990374,-0.0071799983270466,-0.0213111266493797,0.0081359054893255,0.0004061006766278,-0.0073529388755559,-0.0070564211346209,0.0057813855819404,0.0084745176136493,0.0035926131531596,0.0197531469166278,-0.0016108851414173,-0.045186698436737,-0.0164933335036039,-0.0091492589563131,-0.0016405422938987,0.0088374074548482,-0.0016432381235063,-0.0110701788216829,0.0018287943676114,-0.0046394327655434,0.0073019629344344,-0.0265336818993091,0.0041681686416268,-0.0100596295669674,0.0104674575850367,0.0139781208708882,-0.0012502858880907,-0.0108371041715145,-0.0084048183634877,0.0011223601177334,0.0189359635114669,0.0050761508755385,-0.0106194419786334,-0.00037587780389,0.0003577216994017,0.0071928305551409,0.0118026407435536,-0.0020777634344995,-0.0012372483033686,0.0093421898782253,0.0012387809110805,0.0178537163883447,-0.0123718762770295,-0.0005818966892547,0.0032211935613304,-0.0034789389465004,0.0205136947333812,0.0125245247036218,0.0099632879719138,0.0047187940217554,-0.008134257979691,0.0021674996241927,-0.0015704091638326,-0.020459396764636,0.0089129377156496,0.0036807912401854,0.0125693222507834,0.0061728740110993,0.0216266552397026,0.0097616004398701,0.0112754285092786,0.0097616004398701,0.0053604616633418,0.0041067988428336,0.0182994776464902,0.0269186671397043,0.0308558859388288,0.1090721843534934,0.0747934062690991,0.0500213672798677,2019-02-21,2019-02-22,2019-02-25,2019-02-26,2019-02-27,2019-02-28,2019-03-01,2019-03-04,2019-03-05,2019-03-06,23931.0,2019-02-20,252.0,0.5763%,0.0009,0.1294,-0.558,-0.107,1.0472%,1.0941%,8.3823%,0.007229,XEL,23931.0,2019-02-21,252.0,1.2569%,0.001,0.1213,-0.5719,-0.1218,1.0453%,1.0932%,8.5599%,0.012311,XEL,23931.0,2019-02-22,252.0,0.8945%,0.001,0.1198,-0.5628,-0.1315,1.0461%,1.0922%,8.2687%,0.009411,XEL,23931.0,2019-02-25,252.0,-1.0132%,0.001,0.1195,-0.5567,-0.1295,1.0492%,1.0944%,8.0912%,-0.012112,XEL,23931.0,2019-02-26,252.0,-0.4387%,0.0009,0.1085,-0.5332,-0.1258,1.0419%,1.0829%,7.4366%,-0.008286,XEL,23931.0,2019-02-27,252.0,-0.1469%,0.0009,0.1129,-0.5416,-0.1251,1.0400%,1.0824%,7.6803%,-0.000804,XEL,23931.0,2019-02-28,252.0,0.8641%,0.001,0.1009,-0.5496,-0.1356,1.0338%,1.0761%,7.7192%,0.008687,XEL,23931.0,2019-03-01,252.0,0.1094%,0.0011,0.0934,-0.5607,-0.1473,1.0308%,1.0740%,7.8853%,0.0013289999999999,XEL,23931.0,2019-03-04,252.0,0.2913%,0.0011,0.0948,-0.5657,-0.1476,1.0306%,1.0738%,7.8838%,0.0016409999999999,XEL,23931.0,2019-03-05,252.0,-0.3268%,0.001,0.0956,-0.5632,-0.1446,1.0314%,1.0738%,7.7494%,-0.005305,XEL,23931.0,2019-03-06,252.0,0.3461%,0.001,0.0894,-0.5485,-0.1496,1.0275%,1.0682%,7.4892%,-0.002865,XEL,0.01954,0.028951,0.016839,0.007749,0.011236
9571,SELECT SECTOR SPDR TRUST,"UPDATE: Moody's, In US Banking Report, Says 'Indirect risks from the operating environment are difficult to measure and mitigate'",6,uncertain,0.6,0.3,"the mention of 'indirect risks' in the banking report suggests potential concerns for the financial sector, but the overall impact on select sector spdr trust's stock price is unclear without more specific context.",1,2019-02-20,XLF,2019-02-20 13:10:00+00:00,86455.0,81369Y60,0.0064223678782582,27509066.0,-0.0052552325651049,0.0015133941778913,-0.0015094685368239,0.0212519764900207,0.0041572414338588,-0.0122138010337948,-0.0030109116341918,0.0026789745315909,0.0037750238552689,0.0147572485730052,-0.0026325571816414,0.00311647541821,0.0064102592878043,-0.0050387275405228,-0.0063694296404719,-0.0099769849330186,-0.003770753275603,-0.0011498921085149,-0.0064345221035182,-0.0026758292224258,-0.0102857314050197,0.004222672432661,-0.0003849202767014,0.0042405049316585,0.0103966295719146,-0.001539607765153,0.0022865650244057,0.0058071860112249,0.0068441182374954,-0.0034722280688583,0.0037764494773,-0.0030769200529903,0.0069472244940698,0.0081426547840237,0.0101389586925506,0.0023319616448134,-0.0078066573478281,0.0011672676773741,-0.0206070113927125,-0.0115384319797158,-0.0030604409985244,0.0172144193202257,-0.0276285242289304,0.0055074505507946,-0.0043409871868789,0.0212937202304601,0.0118906516581773,0.0089176855981349,-0.0043086800724267,0.0069387787953019,0.0086545757949352,0.002454969799146,0.0027300973888486,0.0004093421448487,0.0245041269809007,0.0049362750723958,-0.0007593188202008,0.0008233243715949,0.0030395109206438,0.0012366317678242,0.0060606002807617,0.0332197919487953,0.0015060586156323,-0.0224813036620616,0.001127773663029,0.0083963377401232,-0.0082613341510295,0.0097498744726181,0.0030291527509689,-0.0004237385001033,0.0060400092042982,0.0120068909600377,0.0183864831924438,0.0452711917459964,-0.0062638199888169,-0.0210619326680898,0.0140897696837782,-0.0198740046471357,0.0025594038888812,-0.0088945776224136,-0.0029175756499171,-0.0125470198690891,-0.0029261128511279,-0.0037500064354389,0.0062362463213503,-0.0099009806290268,-0.0010937181068584,-0.009803912602365,0.001824859296903,-0.0072992825880646,0.0091074677184224,0.0057095997035503,0.010108258575201,-0.0096930442377924,0.0014296253211796,-0.0139386849477887,-0.0082084061577916,-0.0191406160593032,0.0010794810950756,-0.0138674387708306,0.0089863408356904,-0.0434782728552818,-0.006768811494112,0.0063033029437065,-0.016499251127243,0.0052180169150233,-0.0021881642751395,-0.0084996139630675,-0.0021930325310677,0.019209049642086,0.0065934178419411,0.0007538088830187,-0.0291120540350675,0.0203846413642168,0.0078710298985242,-0.0080121746286749,-0.0037187978159636,0.0007635948713868,0.0100783333182334,-0.0220313724130392,-0.0052552325651049,0.0015133941778913,-0.0067567684937182,0.0227975332854006,-0.0026276165778004,0.0103052877159965,-0.0018768485477261,0.0279611378217141,-0.0146396172374432,0.0118501322226862,-0.0039979277362602,0.0910964163575409,0.0209021176093822,-0.0052893636448434,2019-02-21,2019-02-22,2019-02-25,2019-02-26,2019-02-27,2019-02-28,2019-03-01,2019-03-04,2019-03-05,2019-03-06,86455.0,2019-02-20,252.0,0.6422%,-0.0,1.1386,-0.1444,0.9003,0.3664%,1.1709%,90.2073%,-0.0004669999999999,XLF,86455.0,2019-02-21,252.0,-0.5255%,-0.0001,1.1405,-0.1405,0.9036,0.3647%,1.1712%,90.3010%,0.0008269999999999,XLF,86455.0,2019-02-22,252.0,-0.1509%,-0.0001,1.14,-0.1466,0.8925,0.3646%,1.1711%,90.3106%,0.0050329999999999,XLF,86455.0,2019-02-25,252.0,0.4157%,-0.0,1.1394,-0.1489,0.8892,0.3641%,1.1703%,90.3238%,0.003573,XLF,86455.0,2019-02-26,252.0,-0.3011%,-0.0,1.1404,-0.1508,0.8889,0.3639%,1.1665%,90.2690%,0.000694,XLF,86455.0,2019-02-27,252.0,0.3775%,-0.0,1.1395,-0.1481,0.8888,0.3645%,1.1628%,90.1720%,0.004002,XLF,86455.0,2019-02-28,252.0,-0.2633%,-0.0,1.1411,-0.1469,0.8893,0.3641%,1.1614%,90.1732%,0.003052,XLF,86455.0,2019-03-01,252.0,0.6410%,-0.0,1.1421,-0.1455,0.8897,0.3643%,1.1589%,90.1193%,0.002087,XLF,86455.0,2019-03-04,252.0,-0.6369%,-0.0,1.1416,-0.1399,0.8889,0.3652%,1.1545%,89.9962%,-0.004573,XLF,86455.0,2019-03-05,252.0,-0.3771%,-0.0,1.1415,-0.1406,0.8889,0.3652%,1.1546%,89.9985%,-0.0002199999999999,XLF,86455.0,2019-03-06,252.0,-0.6435%,-0.0,1.1415,-0.1429,0.8886,0.3652%,1.1518%,89.9476%,0.000937,XLF,0.0003599999999999,0.0053929999999999,0.008966,0.013662,0.0149449999999999
9579,SELECT SECTOR SPDR TRUST,UPDATE: Moody's Report Says 'US banks' direct leveraged lending exposures are contained and mitigated',6,increase,0.7,0.6,"the report indicates that us banks' leveraged lending exposures are contained, which may boost investor confidence in the financial sector, positively impacting the select sector spdr trust.",2,2019-02-20,XLF,2019-02-20 13:09:00+00:00,86455.0,81369Y60,0.0064223678782582,27509066.0,-0.0052552325651049,0.0015133941778913,-0.0015094685368239,0.0212519764900207,0.0041572414338588,-0.0122138010337948,-0.0030109116341918,0.0026789745315909,0.0037750238552689,0.0147572485730052,-0.0026325571816414,0.00311647541821,0.0064102592878043,-0.0050387275405228,-0.0063694296404719,-0.0099769849330186,-0.003770753275603,-0.0011498921085149,-0.0064345221035182,-0.0026758292224258,-0.0102857314050197,0.004222672432661,-0.0003849202767014,0.0042405049316585,0.0103966295719146,-0.001539607765153,0.0022865650244057,0.0058071860112249,0.0068441182374954,-0.0034722280688583,0.0037764494773,-0.0030769200529903,0.0069472244940698,0.0081426547840237,0.0101389586925506,0.0023319616448134,-0.0078066573478281,0.0011672676773741,-0.0206070113927125,-0.0115384319797158,-0.0030604409985244,0.0172144193202257,-0.0276285242289304,0.0055074505507946,-0.0043409871868789,0.0212937202304601,0.0118906516581773,0.0089176855981349,-0.0043086800724267,0.0069387787953019,0.0086545757949352,0.002454969799146,0.0027300973888486,0.0004093421448487,0.0245041269809007,0.0049362750723958,-0.0007593188202008,0.0008233243715949,0.0030395109206438,0.0012366317678242,0.0060606002807617,0.0332197919487953,0.0015060586156323,-0.0224813036620616,0.001127773663029,0.0083963377401232,-0.0082613341510295,0.0097498744726181,0.0030291527509689,-0.0004237385001033,0.0060400092042982,0.0120068909600377,0.0183864831924438,0.0452711917459964,-0.0062638199888169,-0.0210619326680898,0.0140897696837782,-0.0198740046471357,0.0025594038888812,-0.0088945776224136,-0.0029175756499171,-0.0125470198690891,-0.0029261128511279,-0.0037500064354389,0.0062362463213503,-0.0099009806290268,-0.0010937181068584,-0.009803912602365,0.001824859296903,-0.0072992825880646,0.0091074677184224,0.0057095997035503,0.010108258575201,-0.0096930442377924,0.0014296253211796,-0.0139386849477887,-0.0082084061577916,-0.0191406160593032,0.0010794810950756,-0.0138674387708306,0.0089863408356904,-0.0434782728552818,-0.006768811494112,0.0063033029437065,-0.016499251127243,0.0052180169150233,-0.0021881642751395,-0.0084996139630675,-0.0021930325310677,0.019209049642086,0.0065934178419411,0.0007538088830187,-0.0291120540350675,0.0203846413642168,0.0078710298985242,-0.0080121746286749,-0.0037187978159636,0.0007635948713868,0.0100783333182334,-0.0220313724130392,-0.0052552325651049,0.0015133941778913,-0.0067567684937182,0.0227975332854006,-0.0026276165778004,0.0103052877159965,-0.0018768485477261,0.0279611378217141,-0.0146396172374432,0.0118501322226862,-0.0039979277362602,0.0910964163575409,0.0209021176093822,-0.0052893636448434,2019-02-21,2019-02-22,2019-02-25,2019-02-26,2019-02-27,2019-02-28,2019-03-01,2019-03-04,2019-03-05,2019-03-06,86455.0,2019-02-20,252.0,0.6422%,-0.0,1.1386,-0.1444,0.9003,0.3664%,1.1709%,90.2073%,-0.0004669999999999,XLF,86455.0,2019-02-21,252.0,-0.5255%,-0.0001,1.1405,-0.1405,0.9036,0.3647%,1.1712%,90.3010%,0.0008269999999999,XLF,86455.0,2019-02-22,252.0,-0.1509%,-0.0001,1.14,-0.1466,0.8925,0.3646%,1.1711%,90.3106%,0.0050329999999999,XLF,86455.0,2019-02-25,252.0,0.4157%,-0.0,1.1394,-0.1489,0.8892,0.3641%,1.1703%,90.3238%,0.003573,XLF,86455.0,2019-02-26,252.0,-0.3011%,-0.0,1.1404,-0.1508,0.8889,0.3639%,1.1665%,90.2690%,0.000694,XLF,86455.0,2019-02-27,252.0,0.3775%,-0.0,1.1395,-0.1481,0.8888,0.3645%,1.1628%,90.1720%,0.004002,XLF,86455.0,2019-02-28,252.0,-0.2633%,-0.0,1.1411,-0.1469,0.8893,0.3641%,1.1614%,90.1732%,0.003052,XLF,86455.0,2019-03-01,252.0,0.6410%,-0.0,1.1421,-0.1455,0.8897,0.3643%,1.1589%,90.1193%,0.002087,XLF,86455.0,2019-03-04,252.0,-0.6369%,-0.0,1.1416,-0.1399,0.8889,0.3652%,1.1545%,89.9962%,-0.004573,XLF,86455.0,2019-03-05,252.0,-0.3771%,-0.0,1.1415,-0.1406,0.8889,0.3652%,1.1546%,89.9985%,-0.0002199999999999,XLF,86455.0,2019-03-06,252.0,-0.6435%,-0.0,1.1415,-0.1429,0.8886,0.3652%,1.1518%,89.9476%,0.000937,XLF,0.0003599999999999,0.0053929999999999,0.008966,0.013662,0.0149449999999999
9587,SELECT SECTOR SPDR TRUST,"Moody's Issues Report 'US banks rising leveraged lending risks are contained, barring adverse turn in operating environment'",6,uncertain,0.6,0.3,"the report indicates that risks are contained, but any adverse turn in the operating environment could impact banks and related sectors, leading to uncertainty in the stock price of select sector spdr trust.",1,2019-02-20,XLF,2019-02-20 13:09:00+00:00,86455.0,81369Y60,0.0064223678782582,27509066.0,-0.0052552325651049,0.0015133941778913,-0.0015094685368239,0.0212519764900207,0.0041572414338588,-0.0122138010337948,-0.0030109116341918,0.0026789745315909,0.0037750238552689,0.0147572485730052,-0.0026325571816414,0.00311647541821,0.0064102592878043,-0.0050387275405228,-0.0063694296404719,-0.0099769849330186,-0.003770753275603,-0.0011498921085149,-0.0064345221035182,-0.0026758292224258,-0.0102857314050197,0.004222672432661,-0.0003849202767014,0.0042405049316585,0.0103966295719146,-0.001539607765153,0.0022865650244057,0.0058071860112249,0.0068441182374954,-0.0034722280688583,0.0037764494773,-0.0030769200529903,0.0069472244940698,0.0081426547840237,0.0101389586925506,0.0023319616448134,-0.0078066573478281,0.0011672676773741,-0.0206070113927125,-0.0115384319797158,-0.0030604409985244,0.0172144193202257,-0.0276285242289304,0.0055074505507946,-0.0043409871868789,0.0212937202304601,0.0118906516581773,0.0089176855981349,-0.0043086800724267,0.0069387787953019,0.0086545757949352,0.002454969799146,0.0027300973888486,0.0004093421448487,0.0245041269809007,0.0049362750723958,-0.0007593188202008,0.0008233243715949,0.0030395109206438,0.0012366317678242,0.0060606002807617,0.0332197919487953,0.0015060586156323,-0.0224813036620616,0.001127773663029,0.0083963377401232,-0.0082613341510295,0.0097498744726181,0.0030291527509689,-0.0004237385001033,0.0060400092042982,0.0120068909600377,0.0183864831924438,0.0452711917459964,-0.0062638199888169,-0.0210619326680898,0.0140897696837782,-0.0198740046471357,0.0025594038888812,-0.0088945776224136,-0.0029175756499171,-0.0125470198690891,-0.0029261128511279,-0.0037500064354389,0.0062362463213503,-0.0099009806290268,-0.0010937181068584,-0.009803912602365,0.001824859296903,-0.0072992825880646,0.0091074677184224,0.0057095997035503,0.010108258575201,-0.0096930442377924,0.0014296253211796,-0.0139386849477887,-0.0082084061577916,-0.0191406160593032,0.0010794810950756,-0.0138674387708306,0.0089863408356904,-0.0434782728552818,-0.006768811494112,0.0063033029437065,-0.016499251127243,0.0052180169150233,-0.0021881642751395,-0.0084996139630675,-0.0021930325310677,0.019209049642086,0.0065934178419411,0.0007538088830187,-0.0291120540350675,0.0203846413642168,0.0078710298985242,-0.0080121746286749,-0.0037187978159636,0.0007635948713868,0.0100783333182334,-0.0220313724130392,-0.0052552325651049,0.0015133941778913,-0.0067567684937182,0.0227975332854006,-0.0026276165778004,0.0103052877159965,-0.0018768485477261,0.0279611378217141,-0.0146396172374432,0.0118501322226862,-0.0039979277362602,0.0910964163575409,0.0209021176093822,-0.0052893636448434,2019-02-21,2019-02-22,2019-02-25,2019-02-26,2019-02-27,2019-02-28,2019-03-01,2019-03-04,2019-03-05,2019-03-06,86455.0,2019-02-20,252.0,0.6422%,-0.0,1.1386,-0.1444,0.9003,0.3664%,1.1709%,90.2073%,-0.0004669999999999,XLF,86455.0,2019-02-21,252.0,-0.5255%,-0.0001,1.1405,-0.1405,0.9036,0.3647%,1.1712%,90.3010%,0.0008269999999999,XLF,86455.0,2019-02-22,252.0,-0.1509%,-0.0001,1.14,-0.1466,0.8925,0.3646%,1.1711%,90.3106%,0.0050329999999999,XLF,86455.0,2019-02-25,252.0,0.4157%,-0.0,1.1394,-0.1489,0.8892,0.3641%,1.1703%,90.3238%,0.003573,XLF,86455.0,2019-02-26,252.0,-0.3011%,-0.0,1.1404,-0.1508,0.8889,0.3639%,1.1665%,90.2690%,0.000694,XLF,86455.0,2019-02-27,252.0,0.3775%,-0.0,1.1395,-0.1481,0.8888,0.3645%,1.1628%,90.1720%,0.004002,XLF,86455.0,2019-02-28,252.0,-0.2633%,-0.0,1.1411,-0.1469,0.8893,0.3641%,1.1614%,90.1732%,0.003052,XLF,86455.0,2019-03-01,252.0,0.6410%,-0.0,1.1421,-0.1455,0.8897,0.3643%,1.1589%,90.1193%,0.002087,XLF,86455.0,2019-03-04,252.0,-0.6369%,-0.0,1.1416,-0.1399,0.8889,0.3652%,1.1545%,89.9962%,-0.004573,XLF,86455.0,2019-03-05,252.0,-0.3771%,-0.0,1.1415,-0.1406,0.8889,0.3652%,1.1546%,89.9985%,-0.0002199999999999,XLF,86455.0,2019-03-06,252.0,-0.6435%,-0.0,1.1415,-0.1429,0.8886,0.3652%,1.1518%,89.9476%,0.000937,XLF,0.0003599999999999,0.0053929999999999,0.008966,0.013662,0.0149449999999999
9595,XENCOR INC,Xencor shares are trading lower after the company announced a partial clinical hold on its Phase 1 study of XmAb14045 following safety reports which potentially linked two patient deaths to the drug.,6,decrease,0.9,0.8,the announcement of a partial clinical hold due to safety concerns and potential links to patient deaths is likely to negatively impact investor confidence and lead to a decrease in stock price.,0,2019-02-20,XNCR,2019-02-20 15:57:00+00:00,14359.0,98401F10,-0.0654102116823196,396370.0,-0.043594341725111,-0.0104223052039742,-0.0192248318344354,0.0396349988877773,0.0177046936005353,-0.0190209876745939,-0.0475302524864673,-0.015422785654664,0.0264187697321176,0.0142458695918321,-0.0359071865677833,-0.0066593140363693,0.0346077531576156,0.0083939349278807,-0.0079643195495009,-0.0499733462929725,-0.0234425030648708,0.0295565947890281,-0.0299243628978729,0.0027443000581115,-0.0135593088343739,-0.0111261839047074,0.0013745363103225,0.0207756236195564,0.0161290746182203,0.1036380156874657,-0.0016886573284864,0.0030664971563965,-0.0094722183421254,0.0021511891391128,-0.0488388054072856,-0.0130421686917543,0.0764811187982559,0.0271028913557529,0.0146764693781733,-0.0055762180127203,-0.0049309539608657,-0.0179495029151439,0.0677237957715988,-0.0228894315659999,-0.0068069687113165,-0.0249275546520948,-0.0672896578907966,-0.0020248682703822,0.0297260973602533,0.0023194553796201,0.0230295490473508,-0.0054786223918199,0.0155357597395777,-0.0764314010739326,0.0106150535866618,-0.0094961915165185,-0.0404695570468902,-0.0026308465749025,0.0444301106035709,0.0,-0.0003082096809521,-0.002100336831063,0.0144927911460399,0.0412793383002281,-0.0212766174226999,0.0493402518332004,0.0478261150419712,-0.0259849205613136,-0.0231180358678102,-0.0102322716265916,-0.0488470494747161,0.0414746142923831,0.008612454868853,0.0057937647216022,-0.0205566566437482,0.014101043343544,0.0041976450011134,0.0509416982531547,0.0482314489781856,-0.0021564909256994,-0.0177913513034582,-0.0130738923326134,-0.029981292784214,0.0,0.0096587622538208,-0.0383041314780712,0.0194514896720647,-0.03061218932271,0.0200188085436821,-0.0232558194547891,-0.0239190645515918,-0.0474683381617069,-0.0216776803135871,-0.0070699257776141,0.0131663409993052,0.0175859276205301,-0.0123613122850656,0.000266479793936,-0.0144416159018874,-0.0018621892668306,-0.0244220122694969,-0.0228749942034483,0.0330441147089004,-0.0238517802208662,0.0565428100526332,-0.0627823919057846,0.0143730090931057,0.0009521760512143,0.0114561682567,0.0125330593436956,-0.040238406509161,0.0094891292974352,0.0034161680378019,0.0524967797100544,0.1030640006065369,0.0023100655525922,-0.0886644199490547,0.047311782836914,0.0400246083736419,-0.0287205874919891,0.0301953963935375,0.0194303840398788,-0.0166666097939014,-0.0182911101728677,-0.043594341725111,-0.0104223052039742,-0.0619810796709483,0.0287996056286354,-0.0453737420950174,0.0092308210103462,-0.0667260332810597,0.0078213019399631,-0.1251483113945867,-0.0098791654233724,-0.024317895208141,-0.013668675936828,0.0148280027957932,-0.057224953704246,2019-02-21,2019-02-22,2019-02-25,2019-02-26,2019-02-27,2019-02-28,2019-03-01,2019-03-04,2019-03-05,2019-03-06,14359.0,2019-02-20,252.0,-6.5410%,0.0009,1.3129,0.9173,-0.8005,2.6607%,3.2014%,30.9298%,-0.066222,XNCR,14359.0,2019-02-21,252.0,-4.3594%,0.0009,1.3113,0.9048,-0.8032,2.6661%,3.2037%,30.7466%,-0.0400359999999999,XNCR,14359.0,2019-02-22,252.0,-1.9225%,0.0006,1.3194,0.8548,-0.7517,2.6746%,3.2014%,30.2017%,-0.044632,XNCR,14359.0,2019-02-25,252.0,1.7705%,0.0005,1.3247,0.8522,-0.7335,2.6608%,3.1882%,30.3494%,0.016495,XNCR,14359.0,2019-02-26,252.0,-4.7530%,0.0002,1.3162,0.92,-0.7053,2.6681%,3.1896%,30.0266%,-0.042477,XNCR,14359.0,2019-02-27,252.0,2.6419%,0.0001,1.2959,0.9626,-0.7086,2.6553%,3.1736%,29.9927%,0.02254,XNCR,14359.0,2019-02-28,252.0,-3.5907%,-0.0001,1.316,0.9753,-0.6861,2.6595%,3.1818%,30.1365%,-0.033954,XNCR,14359.0,2019-03-01,252.0,3.4608%,-0.0002,1.3556,1.0343,-0.6338,2.6365%,3.1785%,31.1972%,0.01947,XNCR,14359.0,2019-03-04,252.0,-0.7964%,-0.0,1.3346,1.0989,-0.6272,2.6223%,3.1635%,31.2891%,0.005604,XNCR,14359.0,2019-03-05,252.0,-2.3443%,-0.0001,1.3407,1.1339,-0.6157,2.6238%,3.1664%,31.3321%,-0.019363,XNCR,14359.0,2019-03-06,252.0,-2.9924%,-0.0,1.346,1.1394,-0.609,2.6236%,3.1722%,31.5956%,-0.004219,XNCR,-0.1062579999999999,-0.15089,-0.134395,-0.1543319999999999,-0.1867939999999999
9603,XENCOR INC,Xencor Announces Partial Clinical Hold On Phase 1 Study Of XmAb14045 Following Safety Reports Submitted On Two Patient Deaths Possibly Related To The Drug,6,decrease,0.85,0.7,the announcement of a partial clinical hold due to safety concerns and patient deaths is likely to negatively impact investor confidence and lead to a decrease in stock price.,0,2019-02-20,XNCR,2019-02-20 12:04:00+00:00,14359.0,98401F10,-0.0654102116823196,396370.0,-0.043594341725111,-0.0104223052039742,-0.0192248318344354,0.0396349988877773,0.0177046936005353,-0.0190209876745939,-0.0475302524864673,-0.015422785654664,0.0264187697321176,0.0142458695918321,-0.0359071865677833,-0.0066593140363693,0.0346077531576156,0.0083939349278807,-0.0079643195495009,-0.0499733462929725,-0.0234425030648708,0.0295565947890281,-0.0299243628978729,0.0027443000581115,-0.0135593088343739,-0.0111261839047074,0.0013745363103225,0.0207756236195564,0.0161290746182203,0.1036380156874657,-0.0016886573284864,0.0030664971563965,-0.0094722183421254,0.0021511891391128,-0.0488388054072856,-0.0130421686917543,0.0764811187982559,0.0271028913557529,0.0146764693781733,-0.0055762180127203,-0.0049309539608657,-0.0179495029151439,0.0677237957715988,-0.0228894315659999,-0.0068069687113165,-0.0249275546520948,-0.0672896578907966,-0.0020248682703822,0.0297260973602533,0.0023194553796201,0.0230295490473508,-0.0054786223918199,0.0155357597395777,-0.0764314010739326,0.0106150535866618,-0.0094961915165185,-0.0404695570468902,-0.0026308465749025,0.0444301106035709,0.0,-0.0003082096809521,-0.002100336831063,0.0144927911460399,0.0412793383002281,-0.0212766174226999,0.0493402518332004,0.0478261150419712,-0.0259849205613136,-0.0231180358678102,-0.0102322716265916,-0.0488470494747161,0.0414746142923831,0.008612454868853,0.0057937647216022,-0.0205566566437482,0.014101043343544,0.0041976450011134,0.0509416982531547,0.0482314489781856,-0.0021564909256994,-0.0177913513034582,-0.0130738923326134,-0.029981292784214,0.0,0.0096587622538208,-0.0383041314780712,0.0194514896720647,-0.03061218932271,0.0200188085436821,-0.0232558194547891,-0.0239190645515918,-0.0474683381617069,-0.0216776803135871,-0.0070699257776141,0.0131663409993052,0.0175859276205301,-0.0123613122850656,0.000266479793936,-0.0144416159018874,-0.0018621892668306,-0.0244220122694969,-0.0228749942034483,0.0330441147089004,-0.0238517802208662,0.0565428100526332,-0.0627823919057846,0.0143730090931057,0.0009521760512143,0.0114561682567,0.0125330593436956,-0.040238406509161,0.0094891292974352,0.0034161680378019,0.0524967797100544,0.1030640006065369,0.0023100655525922,-0.0886644199490547,0.047311782836914,0.0400246083736419,-0.0287205874919891,0.0301953963935375,0.0194303840398788,-0.0166666097939014,-0.0182911101728677,-0.043594341725111,-0.0104223052039742,-0.0619810796709483,0.0287996056286354,-0.0453737420950174,0.0092308210103462,-0.0667260332810597,0.0078213019399631,-0.1251483113945867,-0.0098791654233724,-0.024317895208141,-0.013668675936828,0.0148280027957932,-0.057224953704246,2019-02-21,2019-02-22,2019-02-25,2019-02-26,2019-02-27,2019-02-28,2019-03-01,2019-03-04,2019-03-05,2019-03-06,14359.0,2019-02-20,252.0,-6.5410%,0.0009,1.3129,0.9173,-0.8005,2.6607%,3.2014%,30.9298%,-0.066222,XNCR,14359.0,2019-02-21,252.0,-4.3594%,0.0009,1.3113,0.9048,-0.8032,2.6661%,3.2037%,30.7466%,-0.0400359999999999,XNCR,14359.0,2019-02-22,252.0,-1.9225%,0.0006,1.3194,0.8548,-0.7517,2.6746%,3.2014%,30.2017%,-0.044632,XNCR,14359.0,2019-02-25,252.0,1.7705%,0.0005,1.3247,0.8522,-0.7335,2.6608%,3.1882%,30.3494%,0.016495,XNCR,14359.0,2019-02-26,252.0,-4.7530%,0.0002,1.3162,0.92,-0.7053,2.6681%,3.1896%,30.0266%,-0.042477,XNCR,14359.0,2019-02-27,252.0,2.6419%,0.0001,1.2959,0.9626,-0.7086,2.6553%,3.1736%,29.9927%,0.02254,XNCR,14359.0,2019-02-28,252.0,-3.5907%,-0.0001,1.316,0.9753,-0.6861,2.6595%,3.1818%,30.1365%,-0.033954,XNCR,14359.0,2019-03-01,252.0,3.4608%,-0.0002,1.3556,1.0343,-0.6338,2.6365%,3.1785%,31.1972%,0.01947,XNCR,14359.0,2019-03-04,252.0,-0.7964%,-0.0,1.3346,1.0989,-0.6272,2.6223%,3.1635%,31.2891%,0.005604,XNCR,14359.0,2019-03-05,252.0,-2.3443%,-0.0001,1.3407,1.1339,-0.6157,2.6238%,3.1664%,31.3321%,-0.019363,XNCR,14359.0,2019-03-06,252.0,-2.9924%,-0.0,1.346,1.1394,-0.609,2.6236%,3.1722%,31.5956%,-0.004219,XNCR,-0.1062579999999999,-0.15089,-0.134395,-0.1543319999999999,-0.1867939999999999
9611,X P O INC,Could One Job Change Be At The Heart Of Amazon's $600 Million Decision To Yank XPO Business?,6,decrease,0.7,0.6,"the news suggests a significant loss of business from amazon, which could negatively impact xpo inc's revenue and investor sentiment.",0,2019-02-20,XPO,2019-02-20 21:38:00+00:00,90175.0,98379310,0.0082357386127114,3523035.0,-0.0186966564506292,0.0513757579028606,-0.034961212426424,-0.127287968993187,-0.0191681049764156,-0.0020110430195927,-0.0197380948811769,0.0179119631648063,-0.0255183167755603,0.0154165839776396,0.0300735961645841,0.0031277204398065,-0.0127110108733177,-0.024245511740446,-0.0235364753752946,-0.0055640167556703,-0.0201895236968994,-0.0175583492964506,-0.0025231863837689,-0.0004967316635884,0.0031619209330528,-0.0016528673004359,-0.0292078033089637,-0.0046067587099969,0.0790042802691459,-0.0199935771524906,-0.0166499111801385,0.0222515631467104,0.0171358659863472,-0.0146175334230065,0.0072202286683022,-0.0090133808553218,-0.0113500533625483,0.0205321945250034,0.0376636236906051,-0.0040896451100707,-0.0133928302675485,-0.0295285061001777,-0.0123942755162715,-0.0140866758301854,0.0254979841411113,0.0339860580861568,-0.0392385497689247,0.0187963619828224,0.005256816279143,0.0056375418789684,0.032582439482212,0.0034942247439175,-0.0042851814068853,-0.0457288213074207,0.0422535203397274,0.0030259375926107,0.0086336880922317,0.0120889749377965,0.0312615633010864,0.0298804640769958,-0.001984785310924,0.0179114788770675,0.0121135087683796,0.0397048890590667,0.0462665259838104,0.0287366043776273,0.0163906272500753,-0.0402428396046161,0.0052074817940592,0.0106942597776651,-0.0013369290390983,0.0180260967463254,0.0240964274853467,0.00071436149301,0.0106208771467208,0.0075580705888569,0.021665321663022,0.0874755680561065,-0.0018990178359672,-0.0184403173625469,-0.0088790450245141,-0.0143884578719735,0.0379139184951782,0.0153786856681108,0.0177250541746616,-0.0044019049964845,0.0084809567779302,-0.0293516963720321,0.0069080451503396,0.0442289561033248,0.0286353174597024,0.1584269553422928,-0.0355227552354335,-0.2616558969020844,0.0196934044361114,-0.0962663292884826,-0.0148901976644992,0.0124487578868866,0.0188566613942384,-0.0088774655014276,-0.0139542380347847,-0.0668351873755455,-0.0451362878084182,-0.0095953606069087,0.0054601947776973,-0.0682818964123725,0.0159814804792404,0.0174004696309566,-0.0453574359416961,-0.0062876045703887,0.0027195967268198,0.0027584275230765,-0.0197830516844987,0.0425910800695419,0.0001627951860427,-0.0153722623363137,-0.0807160139083862,0.0262939594686031,0.0231899004429578,-0.0011058087693527,0.0096886055544018,0.0155832227319479,0.0301576126366853,-0.0335141606628894,-0.0186966564506292,0.0513757579028606,-0.0530042110992189,-0.082451726969267,-0.0711563257930926,-0.0842969560188848,-0.1127246147486691,-0.0535250405344448,-0.1388637031425817,-0.0953642773013874,0.0161553767629243,-0.0400562051055231,0.0913051151458295,-0.2586159952592036,2019-02-21,2019-02-22,2019-02-25,2019-02-26,2019-02-27,2019-02-28,2019-03-01,2019-03-04,2019-03-05,2019-03-06,90175.0,2019-02-20,252.0,0.8236%,-0.0018,1.3164,1.0038,0.0917,2.7977%,3.1698%,22.0998%,0.002992,XPO,90175.0,2019-02-21,252.0,-1.8697%,-0.0019,1.3253,1.0195,0.1082,2.7964%,3.1715%,22.2567%,-0.013012,XPO,90175.0,2019-02-22,252.0,-3.4961%,-0.0022,1.3332,0.9773,0.1637,2.8069%,3.1743%,21.8083%,-0.047693,XPO,90175.0,2019-02-25,252.0,-1.9168%,-0.0022,1.333,0.9851,0.167,2.8087%,3.1761%,21.7975%,-0.018432,XPO,90175.0,2019-02-26,252.0,-1.9738%,-0.0024,1.3219,1.0078,0.1702,2.8060%,3.1692%,21.6111%,-0.010849,XPO,90175.0,2019-02-27,252.0,-2.5518%,-0.0025,1.314,1.0142,0.1688,2.8088%,3.1684%,21.4115%,-0.028519,XPO,90175.0,2019-02-28,252.0,3.0074%,-0.0024,1.3117,1.0138,0.1585,2.8177%,3.1745%,21.2134%,0.034266,XPO,90175.0,2019-03-01,252.0,-1.2711%,-0.0026,1.3223,1.0297,0.1852,2.8166%,3.1750%,21.3005%,-0.024551,XPO,90175.0,2019-03-04,252.0,-2.3536%,-0.0027,1.33,1.0137,0.1811,2.8161%,3.1774%,21.4522%,-0.013354,XPO,90175.0,2019-03-05,252.0,-2.0190%,-0.0027,1.3353,1.0471,0.1892,2.8155%,3.1793%,21.5761%,-0.0144409999999999,XPO,90175.0,2019-03-06,252.0,-0.2523%,-0.0026,1.3208,1.0008,0.1664,2.8190%,3.1770%,21.2672%,0.021722,XPO,-0.01002,-0.057713,-0.076145,-0.115513,-0.111871
9619,AGILENT TECHNOLOGIES INC,"Deutsche Bank Maintains Buy on Agilent Technologies, Raises Price Target to $85",6,increase,0.8,0.6,maintaining a 'buy' rating and raising the price target typically signals positive sentiment and potential for stock price appreciation.,2,2019-02-12,A,2019-02-12 13:34:00+00:00,87432.0,00846U10,0.0130125898867845,2045501.0,0.0023355430457741,0.0036939152050763,-0.0029773898422718,0.0062392302788794,0.0166191440075635,-0.0127129908651113,-0.0099617671221494,-0.0001309724466409,0.0134159047156572,0.0036827407311648,-0.008528490550816,-0.0001315378176514,0.0068044522777199,-0.0001315205299761,0.0117316776886582,0.0080859037116169,-0.0099570620805025,0.0255574360489845,0.0110756857320666,0.0039579765871167,0.0002518795372452,-0.0051596043631434,0.0226585511118173,0.0203657690435648,-0.0136632276698947,0.0073970519006252,-0.0048670833930373,0.0046270587481558,-0.0124153234064579,-0.0084804752841591,-0.0002539256238378,0.0156735479831695,-0.009526228532195,0.0112808933481574,0.0169274117797613,-0.0080736503005027,0.0079444795846939,0.0121863577514886,0.002502151299268,-0.0089513678103685,0.00599030777812,0.0068668914027512,0.0060786237008869,0.0093863038346171,-0.0016029254766181,0.0209346618503332,0.0028405054472386,0.0146597363054752,-0.0034482609480619,0.021234331652522,0.0133465379476547,0.0346135385334491,-0.0367073416709899,-0.0368397310376167,0.0067096948623657,-0.0262377206236124,0.0142103238031268,0.0227410551160574,-0.0204587914049625,-0.0053550577722489,0.0088607212528586,0.0143424235284328,0.0085319988429546,0.0457954816520214,0.0167205817997455,-0.0097962198778986,-0.0051495609804987,-0.0291455965489149,0.0098595395684242,-0.0245398674160242,-0.0135465040802955,-0.0170612744987011,0.0079178446903824,0.0020633661188185,0.0027003954164683,-0.0217705033719539,-0.0033052302896976,-0.0250210687518119,0.0031933449208736,-0.0085017504170537,-0.0073457206599414,0.0098521737381815,-0.0012333309277892,0.0065165990963578,-0.0071622845716774,0.0048398054204881,-0.0354477427899837,-0.0230844616889953,-0.0273372363299131,-0.0137155391275882,0.0098103918135166,-0.0235703028738498,-0.0078770974650979,0.0320663414895534,-0.0001323559117736,0.0108984038233757,0.0030439831316471,0.0012590421829372,0.0122707523405551,0.0305652059614658,0.0091240480542182,0.0015884564490988,-0.0011624430771917,0.0152470450848341,0.0151299387216568,0.0072356448508799,-0.0131210032850503,0.0029621531721204,0.0094229467213153,0.078421913087368,0.0139386700466275,-0.0366209782660007,0.0007566850399598,0.0041717649437487,-0.0337744206190109,0.0196943432092666,-0.000782542861998,-0.013521839864552,0.0050907111726701,-0.0024806768633425,0.0023355430457741,0.0036939152050763,-0.0006488006186383,0.0099561926715507,0.0159595608780118,-0.0028833711800452,0.0193330459388494,0.0006576750913631,0.0304917407836635,0.0383513764703378,0.0250421732312555,0.1472496977503223,0.0011007021220053,0.1824676539738108,2019-02-13,2019-02-14,2019-02-15,2019-02-19,2019-02-20,2019-02-21,2019-02-22,2019-02-25,2019-02-26,2019-02-27,87432.0,2019-02-12,252.0,1.3013%,0.0002,0.994,-0.1171,-0.4641,1.1836%,1.6841%,50.6019%,-0.001495,A,87432.0,2019-02-13,252.0,0.2336%,0.0002,0.9912,-0.1125,-0.4634,1.1830%,1.6789%,50.3476%,-0.000152,A,87432.0,2019-02-14,252.0,-0.2977%,0.0002,0.9923,-0.1141,-0.4623,1.1827%,1.6790%,50.3845%,-0.003098,A,87432.0,2019-02-15,252.0,1.6619%,0.0002,0.9915,-0.114,-0.4625,1.1828%,1.6776%,50.2912%,0.00781,A,87432.0,2019-02-19,252.0,-0.9962%,0.0001,0.9837,-0.1125,-0.4601,1.1791%,1.6662%,49.9189%,-0.010227,A,87432.0,2019-02-20,252.0,1.3416%,0.0002,0.9876,-0.1038,-0.4462,1.1824%,1.6681%,49.7546%,0.014225,A,87432.0,2019-02-21,252.0,-0.8528%,0.0002,0.9862,-0.108,-0.4487,1.1820%,1.6671%,49.7287%,-0.0060729999999999,A,87432.0,2019-02-22,252.0,0.6804%,0.0001,0.9875,-0.1206,-0.4449,1.1814%,1.6676%,49.8066%,-0.0057079999999999,A,87432.0,2019-02-25,252.0,1.1732%,0.0002,0.9863,-0.1262,-0.4523,1.1810%,1.6682%,49.8751%,0.0090359999999999,A,87432.0,2019-02-26,252.0,-0.9957%,0.0002,0.9984,-0.1227,-0.4415,1.1785%,1.6695%,50.1688%,-0.010779,A,87432.0,2019-02-27,252.0,1.1076%,0.0003,1.0049,-0.1314,-0.4404,1.1767%,1.6707%,50.4000%,0.00978,A,-0.001647,-0.004745,0.003065,0.007063,0.003319
9627,ALLIANCEBERNSTEIN HOLDING L P,AllianceBernstein Q4 Earnings Outlook,6,uncertain,0.5,0.5,"the impact of earnings outlook on stock price can vary based on market expectations and actual performance, making the outcome uncertain.",1,2019-02-12,AB,2019-02-12 18:11:00+00:00,75278.0,01881G10,0.0006420692661777,422470.0,-0.0150785790756344,0.0213114637881517,-0.0280130486935377,0.0132890241220593,0.0053619253449141,0.0043377066031098,0.005333328153938,-0.003656935179606,0.0026525172870606,-0.0163505561649799,0.0076058050617575,-0.0022838399745523,-0.0052510420791804,0.0052476171404123,-0.0134816188365221,0.0153179848566651,-0.0126409577205777,-0.0036495921667665,0.0058823558501899,-0.0059366854839026,0.0020639651920646,0.0056384769268333,0.0144181288778781,0.0046650911681354,0.0094754891470074,0.0067091835662722,-0.0030171019025146,0.0105084562674164,0.0033624875359237,-0.0196078475564718,-0.0281501393765211,0.0182741433382034,0.0,0.0027146225329488,0.0024137825239449,0.0218446310609579,0.0003440051223151,0.0180021263659,0.0020632552914321,-0.0049174358136951,0.0,0.0110085038468241,0.0027453645598143,0.0035638054832816,0.0058179358020424,-0.001423520152457,-0.0108880465850234,0.0050071994774043,-0.0079119214788079,-0.0049822526052594,0.0013869281392544,0.0229341499507427,-0.0367035828530788,0.0073340246453881,-0.0089863408356904,-0.0018301331438124,0.022850964218378,0.0186428036540746,0.009929034858942,0.0291634779423475,0.0154494568705558,0.0147974751889705,-0.0010373680852353,0.0844594612717628,0.0062305401079356,-0.0251132398843765,-0.0096318814903497,-0.026452898979187,0.0114623103290796,-0.0067675188183784,0.0078983353450894,-0.0256012342870235,0.0047699962742626,0.0169625356793403,-0.0057646688073873,-0.0379506647586822,-0.0102318972349166,-0.0435571298003196,0.0117160631343722,0.0110091464594006,-0.0010218217503279,0.0209816209971904,0.0044322931207716,-0.0154924411326646,-0.0023760928306728,-0.0376286655664444,0.0129296043887734,0.0206521619111299,0.0057104490697383,-0.0793862342834472,0.0006679542711935,-0.0282009989023208,-0.0073431013152003,0.0211850814521312,0.0124411853030324,0.0059939525090157,-0.0033211684785783,-0.0019940002821385,-0.0313229113817215,0.0080401934683322,0.0024079703725874,-0.0023395619355142,0.001715893857181,-0.0023341011255979,0.0109626473858952,0.0036814126651734,0.0010166277643293,0.0180578790605068,-0.0013541270745918,0.0010232158238068,0.0101694734767079,-0.0111298458650708,-0.001023499877192,-0.0033613573759794,-0.0314207673072814,-0.0099833356216549,0.0155147612094879,-0.0006651299772784,0.0065972409211099,0.0165652390569448,-0.0150785790756344,0.0213114637881517,-0.042669230799297,0.0348836964665681,-0.0375360946844536,0.0393727183101819,-0.0298363909625022,0.0186396247787934,-0.0472551418847329,0.0273746692605099,-0.0665919004404352,0.1953185072464658,-0.0339930661080671,0.0530763869308883,2019-02-13,2019-02-14,2019-02-15,2019-02-19,2019-02-20,2019-02-21,2019-02-22,2019-02-25,2019-02-26,2019-02-27,75278.0,2019-02-12,252.0,0.0642%,0.0014,0.9804,0.1102,0.6629,1.2110%,1.5393%,38.1118%,-0.011726,AB,75278.0,2019-02-13,252.0,-1.5079%,0.0013,0.972,0.1164,0.6592,1.2150%,1.5360%,37.4287%,-0.0184539999999999,AB,75278.0,2019-02-14,252.0,-2.8013%,0.0011,0.9754,0.1021,0.6788,1.2047%,1.5300%,38.0058%,-0.022854,AB,75278.0,2019-02-15,252.0,0.5362%,0.0011,0.98,0.1051,0.6848,1.2033%,1.5300%,38.1446%,-0.009273,AB,75278.0,2019-02-19,252.0,0.5333%,0.001,0.9755,0.1113,0.6921,1.2000%,1.5241%,38.0113%,0.0010119999999999,AB,75278.0,2019-02-20,252.0,0.2653%,0.001,0.9737,0.1045,0.685,1.1996%,1.5232%,37.9787%,-0.003353,AB,75278.0,2019-02-21,252.0,0.7606%,0.0009,0.9788,0.1175,0.6942,1.1941%,1.5214%,38.3958%,0.012757,AB,75278.0,2019-02-22,252.0,-0.5251%,0.0009,0.9795,0.111,0.6963,1.1939%,1.5217%,38.4441%,-0.002154,AB,75278.0,2019-02-25,252.0,-1.3482%,0.0008,0.9799,0.1185,0.7019,1.1972%,1.5244%,38.3238%,-0.013509,AB,75278.0,2019-02-26,252.0,-1.2641%,0.0009,0.9894,0.1218,0.7106,1.1958%,1.5268%,38.6532%,-0.008098,AB,75278.0,2019-02-27,252.0,0.5882%,0.0009,0.996,0.1114,0.7117,1.1926%,1.5269%,38.9916%,0.005513,AB,-0.03018,-0.053034,-0.062307,-0.064648,-0.0701389999999999
9635,ARCH CAPITAL GROUP LTD NEW,Arch Capital Group Q4 EPS $0.46 Beats $0.38 Estimate,6,increase,0.8,0.6,"beating earnings estimates typically signals strong performance, which can positively influence investor sentiment and lead to an increase in stock price.",2,2019-02-12,ACGL,2019-02-12 21:41:00+00:00,82276.0,G0450A10,0.0164853278547525,1702355.0,0.0366525836288929,0.0006598633481189,-0.0262827984988689,-0.0019756790716201,0.0122107695788145,0.0033036135137081,0.0180952288210392,-0.0003302585391793,0.0071717975661158,0.0100067090243101,-0.0003095455758739,0.0080699315294623,0.0003096414147876,0.0132878832519054,-0.0012384185101836,0.0034188164863735,0.0037198620848357,0.0159777384251356,-0.0006176793249323,0.0017397754127159,0.0095796519890427,-0.003121753456071,0.0061218477785587,0.0010416905861347,0.0021295922342687,0.0080503867939114,-0.0030357765499502,0.0052779596298933,-0.0079171229153871,-0.0021067229099571,-0.0104358540847897,0.0084985755383968,-0.0040322910062968,0.0132758850231766,0.0084086097776889,0.0101486295461654,0.0009264600812457,0.0252694282680749,0.0003084949566982,0.0086206728592515,0.0040099034085869,-0.0162242073565721,0.0098310196772217,0.0130743505433201,-0.0009126492077484,0.0128641752526164,-0.0146163078024983,0.0037979634944349,-0.0117429252713918,-0.0022735681850463,0.0096936011686921,0.0236617028713226,-0.0071229338645935,-0.0156548246741294,-0.0028073005378246,-0.0198352839797735,-0.000312800402753,0.0125047340989112,0.0034418215509504,-0.0056519033387303,-0.0021827158052474,0.0239197853952646,0.0099999904632568,0.0451613254845142,0.0105198072269558,-0.0293542090803384,-0.007348489947617,-0.0135135287418961,0.0018507519271224,-0.0193108767271041,-0.0003078301087953,-0.0141844367608428,0.0036956861149519,0.0143885295838117,0.0027615879662334,-0.0167535655200481,-0.0174418501555919,-0.0070239789783954,0.0071628633886575,-0.0047829677350819,0.0089672515168786,-0.0022026235237717,0.0079680755734443,-0.0119695290923118,-0.0121616823598742,-0.0061283372342586,0.012926997616887,-0.0003603686054702,-0.0088119395077228,-0.0068003050982952,-0.0027590482495725,-0.0158506110310554,-0.0104518951848149,-0.0080363890156149,0.0173967499285936,0.0084567191079258,0.0003052922547794,-0.0024605132639408,0.0027472574729472,0.020810903981328,0.003348572878167,-0.010298260487616,0.0103155393153429,0.005714280065149,0.014414400793612,0.0,0.0020722232293337,0.0028653268236666,0.0002954840892925,-0.0116814132779836,0.0085647050291299,-0.0003538651508279,-0.0002928883186541,-0.0014133926015347,-0.0149384392425417,0.0147006046026945,-0.0026761863846331,-0.009236242622137,-0.0035778994206339,0.0049981931224465,0.0366525836288929,0.0006598633481189,0.0094064526600428,-0.0013171194017082,0.021732082264843,0.0019821428585453,0.0476808093539358,0.011674462099209,0.0496270101450746,0.0553235961351465,0.0402205568255888,0.1428032744046683,0.0840090264876811,0.0828275483269296,2019-02-13,2019-02-14,2019-02-15,2019-02-19,2019-02-20,2019-02-21,2019-02-22,2019-02-25,2019-02-26,2019-02-27,82276.0,2019-02-12,252.0,1.6485%,0.0002,0.7361,0.0318,0.3715,0.9843%,1.2201%,34.9160%,0.00705,ACGL,82276.0,2019-02-13,252.0,3.6653%,0.0004,0.7452,0.0301,0.3794,1.0057%,1.2414%,34.3615%,0.034212,ACGL,82276.0,2019-02-14,252.0,-2.6283%,0.0003,0.7504,0.0174,0.3938,1.0159%,1.2523%,34.1931%,-0.022774,ACGL,82276.0,2019-02-15,252.0,1.2211%,0.0002,0.7378,0.0062,0.3735,1.0106%,1.2405%,33.6273%,0.001697,ACGL,82276.0,2019-02-19,252.0,1.8095%,0.0003,0.7437,0.0115,0.379,1.0135%,1.2454%,33.7760%,0.015455,ACGL,82276.0,2019-02-20,252.0,0.7172%,0.0004,0.7447,0.0143,0.3827,1.0137%,1.2462%,33.8316%,0.003549,ACGL,82276.0,2019-02-21,252.0,-0.0310%,0.0004,0.7413,0.0079,0.3764,1.0127%,1.2434%,33.6672%,0.003236,ACGL,82276.0,2019-02-22,252.0,0.0310%,0.0004,0.7414,0.0039,0.3738,1.0125%,1.2434%,33.6897%,0.000881,ACGL,82276.0,2019-02-25,252.0,-0.1238%,0.0004,0.7404,0.0039,0.37,1.0110%,1.2417%,33.7050%,-0.001768,ACGL,82276.0,2019-02-26,252.0,0.3720%,0.0005,0.7458,-0.0091,0.3674,1.0093%,1.2419%,33.9525%,0.00605,ACGL,82276.0,2019-02-27,252.0,-0.0618%,0.0005,0.7465,-0.0109,0.3675,1.0092%,1.2412%,33.8853%,-0.000931,ACGL,0.041262,0.0184879999999999,0.0201849999999999,0.039189,0.046657
9643,A E C O M,"Engine Capital Sends Open Letter To AECOM Shareholders, Highlights 'Troubled by Abysmal Compensation Practices Resulting in Significant Transfer of Value from Shareholders to Management Despite Poor Performance'",6,decrease,0.8,0.7,"the open letter from engine capital criticizing aecom's compensation practices and poor performance is likely to lead to negative sentiment among investors, potentially driving the stock price down.",0,2019-02-12,ACM,2019-02-12 13:10:00+00:00,91975.0,00766T10,0.027863759547472,1057280.0,0.0083668008446693,0.0093750162050127,-0.0026551585178822,-0.0034602207597345,0.0129784131422638,-0.0392287336289882,0.0026281182654201,-0.0029831009451299,0.0150720532983541,-0.0277151335030794,-0.0022595124319195,0.0207237191498279,0.0077644702978432,-0.0068605355918407,0.0022471812553703,0.0092318067327141,-0.0112107135355472,0.006972081027925,-0.0025915103033185,-0.0026490041054785,0.0055212136358022,-0.0114565789699554,0.0184109043329954,0.0179939679801464,-0.0076117906719446,0.0148799642920494,-0.0095877638086676,-0.0026981425471603,-0.0154888527467846,-0.0169098228216171,-0.0111438920721411,0.032876681536436,-0.0013258507242426,0.0017153051448985,0.0082973781973123,0.0030970459338277,-0.0026333089917898,-0.0034293683711439,0.0029703022446483,-0.0010277727851644,-0.0023033793549984,-0.0027331712190061,0.0,0.0159667134284973,0.0059366854839026,0.0069905226118862,-0.0078688450157642,0.0120268892496824,-0.0079312548041343,0.0191060099750757,0.0019986496772617,0.0519529357552528,-0.0239361468702554,-0.0189731530845165,0.0037465498317033,0.0143395913764834,0.0016966795083135,0.0095238098874688,-0.0125339031219482,-0.0026595629751682,0.0123499352484941,-0.0018961373716592,0.005421885754913,0.05818622559309,0.0326929315924644,-0.0165745876729488,-0.004242792725563,-0.024258729070425,0.0013110130093991,-0.0244177877902984,0.0140752969309687,-0.0202428866177797,0.0087153147906064,-0.0119999973103404,0.0060800169594585,-0.0146900694817304,-0.0190839804708957,-0.0134323453530669,0.0100518632680177,-0.0125653995200991,0.0118780368939042,0.0181236751377582,0.0149111459031701,0.0003555004950612,0.0046889535151422,-0.0157453026622533,0.0071561774238944,-0.0292119774967432,0.0040160971693694,-0.022251745685935,0.0089231049641966,-0.0441269651055336,0.0006099559832364,-0.0205223839730024,0.023163616657257,0.0238777454942464,0.0068513415753841,-0.0053831562399864,-0.0248520765453577,-0.0171179939061403,0.0057646371424198,-0.0222154445946216,0.0021116046700626,0.0362662114202976,0.0204696059226989,0.0057087978348135,-0.0126843741163611,0.0240337699651718,-0.0107559189200401,-0.0446788296103477,0.0154031505808234,-0.0215543136000633,0.001784692867659,-0.0357143208384513,-0.0169239807873964,0.0514003708958625,0.0190275162458419,0.0333969816565513,0.00355657748878,0.0148483216762542,0.0083668008446693,0.0093750162050127,0.0056894271442569,0.0058823558195828,0.0187416800225417,-0.0335771351789627,0.0368139360559636,-0.0631647098765817,0.030455213745016,-0.0374172532505376,-0.0244310420749873,0.1044832863490188,0.1331995169320181,-0.0616526746397744,2019-02-13,2019-02-14,2019-02-15,2019-02-19,2019-02-20,2019-02-21,2019-02-22,2019-02-25,2019-02-26,2019-02-27,91975.0,2019-02-12,252.0,2.7864%,-0.0006,1.1799,0.7105,0.6367,1.1545%,1.6619%,51.7425%,0.01282,ACM,91975.0,2019-02-13,252.0,0.8367%,-0.0006,1.1805,0.7114,0.638,1.1549%,1.6613%,51.6783%,0.004091,ACM,91975.0,2019-02-14,252.0,-0.2655%,-0.0005,1.1806,0.7117,0.6373,1.1547%,1.6614%,51.6975%,-0.000275,ACM,91975.0,2019-02-15,252.0,1.2978%,-0.0005,1.1875,0.7173,0.6478,1.1525%,1.6622%,51.9210%,-0.005301,ACM,91975.0,2019-02-19,252.0,0.2628%,-0.0005,1.1895,0.7117,0.6413,1.1515%,1.6623%,52.0111%,-0.0037519999999999,ACM,91975.0,2019-02-20,252.0,1.5072%,-0.0005,1.1918,0.7175,0.6499,1.1526%,1.6650%,52.0799%,0.007619,ACM,91975.0,2019-02-21,252.0,-0.2260%,-0.0005,1.1928,0.7204,0.6515,1.1525%,1.6646%,52.0699%,0.004047,ACM,91975.0,2019-02-22,252.0,0.7764%,-0.0004,1.1915,0.7306,0.6464,1.1523%,1.6652%,52.1129%,0.005527,ACM,91975.0,2019-02-25,252.0,0.2247%,-0.0005,1.1945,0.7316,0.6579,1.1413%,1.6588%,52.6596%,0.003423,ACM,91975.0,2019-02-26,252.0,-1.1211%,-0.0005,1.1932,0.7357,0.659,1.1412%,1.6565%,52.5343%,-0.002546,ACM,91975.0,2019-02-27,252.0,-0.2592%,-0.0005,1.1923,0.7361,0.6588,1.1414%,1.6551%,52.4366%,-0.004372,ACM,0.016911,0.0166359999999999,0.0113349999999999,0.0152019999999999,0.0212809999999999
9651,ADMA BIOLOGICS INC,ADMA Biologics Reports Entered Into $72.5M Loan Facility With Perceptive Advisors,6,increase,0.7,0.6,"the $72.5m loan facility indicates financial support that could enhance adma biologics' operational capabilities and growth potential, likely leading to a positive market reaction.",2,2019-02-12,ADMA,2019-02-12 12:39:00+00:00,15056.0,00089910,0.2083332985639572,3974902.0,0.0344827249646186,0.0397112406790256,0.0611111223697662,0.0613027177751064,0.1047120094299316,-0.0611511059105396,-0.050947792828083,-0.0380623303353786,-0.001248467946425,-0.0170067865401506,-0.0049999952316284,0.0425532348453998,0.0929647982120513,-0.0440678335726261,-0.0229884851723909,-0.0634920746088028,0.0070588728412985,0.0260586850345134,-0.0186916813254356,-0.0191693864762783,-0.0261903963983058,-0.027950283139944,0.0195598825812339,-0.0030959723517298,0.0215827692300081,0.0031055870931595,-0.0258216261863708,-0.05294119566679,0.0048192725516855,0.0119048217311501,-0.0527577996253967,0.0,0.0151899186894297,-0.0117647647857666,-0.0299252159893512,0.0493827424943447,0.0102827660739421,-0.0211480166763067,-0.0101781068369746,-0.011940287426114,0.0102827660739421,-0.0117994686588645,0.0152671607211232,-0.0087719215080142,0.0626565814018249,0.0029325485229492,-0.0636791884899139,0.0859872549772262,-0.0176322255283594,0.0644067972898483,-0.1025641262531281,0.0498221032321453,-0.0542857311666011,0.0725191086530685,-0.0030211452394723,0.0962342172861099,0.0151515007019043,0.0717489197850227,0.056716438382864,-0.0470085032284259,-0.0706214681267738,0.07834093272686,0.151975691318512,-0.0920502170920372,0.0738786831498146,-0.008298747241497,0.2432431727647781,0.0524018034338951,0.011857695877552,-0.4560570120811462,0.0136719085276126,0.0498752631247043,-0.0211946312338113,-0.0988763123750686,0.0118110124021768,-0.0176601316779851,-0.0058365240693092,-0.0621117427945137,0.0254402421414852,0.0168420895934104,-0.0515267178416252,-0.0041928682476282,-0.0080482820048928,0.0719101503491401,0.0040567913092672,-0.0611814297735691,-0.0202020015567541,-0.0385395660996437,-0.0350515618920326,-0.002024337882176,-0.0128205008804798,-0.0608365312218666,-0.008658000268042,-0.0018974861595779,0.0327511131763458,-0.0258779805153608,0.010570865124464,0.0018518059514462,-0.0251046773046255,0.0018553300760686,0.0085836835205554,-0.0036968542262911,-0.0063829221762716,0.0484496131539344,-0.0085653020069003,0.0117646949365735,-0.0323974266648292,0.0179640054702758,-0.0044642812572419,0.0,0.0919282138347625,-0.0271844398230314,-0.0164270885288715,0.0238568354398012,0.002087730448693,0.003992011770606,0.0458332896232605,-0.0195694528520107,0.0298804976046085,-0.0096898674964904,0.0344827249646186,0.0397112406790256,0.0977011253593407,0.1034483654339777,0.2126436159492146,0.0359712775725127,0.1494252857866445,-0.0204081430117466,0.206896497949534,-0.0798721999051335,0.0172413647841276,0.2307693367192633,0.4856322082779667,-0.441860413268537,2019-02-13,2019-02-14,2019-02-15,2019-02-19,2019-02-20,2019-02-21,2019-02-22,2019-02-25,2019-02-26,2019-02-27,15056.0,2019-02-12,252.0,20.8333%,0.0009,0.7898,1.5501,0.3672,4.7374%,4.8652%,5.1827%,0.199022,ADMA,15056.0,2019-02-13,252.0,3.4483%,0.0009,0.7811,1.5771,0.3793,4.7377%,4.8657%,5.1933%,0.0309839999999999,ADMA,15056.0,2019-02-14,252.0,6.1111%,0.001,0.7661,1.6064,0.3503,4.7475%,4.8767%,5.2291%,0.05665,ADMA,15056.0,2019-02-15,252.0,10.4712%,0.0014,0.8262,1.67,0.4605,4.7801%,4.9190%,5.5657%,0.090257,ADMA,15056.0,2019-02-19,252.0,-5.0948%,0.0012,0.8221,1.6215,0.4063,4.7922%,4.9283%,5.4440%,-0.058842,ADMA,15056.0,2019-02-20,252.0,-0.1248%,0.0012,0.8213,1.6288,0.4058,4.7909%,4.9275%,5.4683%,-0.008712,ADMA,15056.0,2019-02-21,252.0,-0.5000%,0.0012,0.8226,1.6313,0.4083,4.7908%,4.9273%,5.4630%,1.2e-05,ADMA,15056.0,2019-02-22,252.0,9.2965%,0.0015,0.8104,1.6551,0.2832,4.8188%,4.9607%,5.6403%,0.084547,ADMA,15056.0,2019-02-25,252.0,-2.2988%,0.0016,0.8067,1.6618,0.2731,4.8163%,4.9589%,5.6680%,-0.019491,ADMA,15056.0,2019-02-26,252.0,0.7059%,0.0016,0.8058,1.6374,0.26,4.8176%,4.9590%,5.6227%,0.0197859999999999,ADMA,15056.0,2019-02-27,252.0,-1.8692%,0.0016,0.8074,1.6275,0.2602,4.8199%,4.9606%,5.5954%,-0.022316,ADMA,0.230006,0.2866559999999999,0.3769129999999999,0.3093589999999999,0.371897
9659,AMEREN CORP,"Morgan Stanley Maintains Equal-Weight on Ameren, Raises Price Target to $69",6,increase,0.7,0.5,"raising the price target typically signals positive sentiment and potential for stock appreciation, which may lead to an increase in ameren corp's stock price.",2,2019-02-12,AEE,2019-02-12 13:11:00+00:00,24985.0,02360810,-0.0080553935840725,2108215.0,-0.0018521852325648,0.004115239251405,-0.0147016672417521,0.0107573149725794,0.0094162179157137,0.0120482193306088,0.0058839842677116,0.0007263662992045,0.0044229589402675,-0.0021742503158748,0.0113635715097188,0.0020333970896899,0.0137640926986932,-0.0070665976963937,-0.0180105715990066,0.0206063259392976,-0.0093114571645855,0.0069660767912864,0.0028481478802859,-0.0028081943746656,0.0116444155573844,-0.004121265374124,-0.0043514538556337,-0.0117817828431725,0.0052164490334689,0.0095448093488812,-0.0032258534338325,0.0076945344917476,0.0,0.0050565730780363,0.0021106167696416,0.0026841680519282,0.0067396196536719,0.0058496985584497,0.0121339298784732,0.0095396311953663,0.0037894865963608,0.0166256446391344,0.0078761875629425,-0.0090008229017257,-0.0045242914929986,-0.0039506838656961,0.0059220534749329,0.0222118720412254,-0.0072562810964882,-0.0074006067588925,-0.0070335417985916,0.0158183574676513,0.0031944911461323,-0.011456849053502,0.0142599856480956,0.0141309108585119,0.0066884774714708,0.0025184927508234,0.0074576684273779,-0.0260616969317197,0.0060564861632883,0.0044656745158135,-0.0048160618171095,-0.0055130259133875,-0.0125016849488019,0.0147630861029028,0.0012252106098458,0.0175521317869424,-0.0103331357240676,-0.05527338758111,-0.0031598208006471,-0.0013426278019323,-0.0044101392850279,-0.0026781775522977,-0.0094130719080567,-0.0025229768361896,0.0115986848250031,0.0010399598395451,-0.0099461423233151,-0.0358114913105964,0.0048834728077054,-0.0089438511058688,-0.0072201704606413,0.0085911527276039,0.0047551933676004,-0.0064021134749054,0.0019488728139549,0.0007778507424518,0.0006945737986825,0.0041181612759828,-0.0163820683956146,0.0037057367153465,-0.0033874080982059,0.0017133458750322,-0.0018410601187497,0.003438364714384,0.0005674416315741,0.0171961560845375,0.0089337052777409,0.0117959752678871,0.0118059916421771,-0.0042578317224979,0.0037505803629755,-0.0082993544638156,-0.0011071384651586,0.0126806339249014,-0.0113604832440614,0.0010332057718187,0.0197589136660099,0.0034064480569213,-0.0072832047007977,-0.0214493237435817,0.0013842536136507,-0.0106108095496892,0.0084324115887284,0.0063491309992969,-0.0027415622025728,-0.0012969641247764,-0.0006873271777294,0.009455943480134,-0.0184318628162145,-0.0013076269533485,0.0075672771781682,0.0064337248913943,-0.0018521852325648,0.004115239251405,-0.0165266222633576,0.0149168231487992,-0.0072660226242863,0.0271447636364208,0.002991865626494,0.0256559549784056,0.0032767585540096,0.0458172958969747,0.0667937742575734,0.0836140687276065,0.0310858249804903,0.0416461281648359,2019-02-13,2019-02-14,2019-02-15,2019-02-19,2019-02-20,2019-02-21,2019-02-22,2019-02-25,2019-02-26,2019-02-27,24985.0,2019-02-12,252.0,-0.8055%,0.001,0.1657,-0.5711,-0.1393,1.0481%,1.1040%,9.8719%,-0.010945,AEE,24985.0,2019-02-13,252.0,-0.1852%,0.001,0.1711,-0.5814,-0.1419,1.0452%,1.1032%,10.2373%,-0.001976,AEE,24985.0,2019-02-14,252.0,-1.4702%,0.001,0.1741,-0.5887,-0.1337,1.0484%,1.1076%,10.3987%,-0.012242,AEE,24985.0,2019-02-15,252.0,0.9416%,0.0011,0.1896,-0.5738,-0.1073,1.0470%,1.1065%,10.4706%,0.009462,AEE,24985.0,2019-02-19,252.0,0.5884%,0.001,0.1833,-0.5593,-0.0904,1.0366%,1.0929%,10.0369%,0.00741,AEE,24985.0,2019-02-20,252.0,0.4423%,0.001,0.1844,-0.5578,-0.0867,1.0369%,1.0931%,10.0118%,0.005703,AEE,24985.0,2019-02-21,252.0,1.1364%,0.0011,0.1733,-0.5782,-0.1072,1.0275%,1.0852%,10.3467%,0.011356,AEE,24985.0,2019-02-22,252.0,1.3764%,0.0012,0.171,-0.5644,-0.1222,1.0295%,1.0847%,9.9242%,0.0141409999999999,AEE,24985.0,2019-02-25,252.0,-1.8011%,0.0011,0.1713,-0.5536,-0.1153,1.0380%,1.0914%,9.5403%,-0.020055,AEE,24985.0,2019-02-26,252.0,-0.9311%,0.001,0.1584,-0.5215,-0.1087,1.0284%,1.0756%,8.5863%,-0.013061,AEE,24985.0,2019-02-27,252.0,0.2848%,0.001,0.1657,-0.5337,-0.1074,1.0234%,1.0731%,9.0596%,0.003466,AEE,-0.012921,-0.0251629999999999,-0.015701,-0.0025879999999999,-0.006741
9667,ADDVANTAGE TECHNOLOGIES GRP INC,"Addvantage Technologies Q1 EPS $(0.10) Down From $(0.07) YoY, Sales $11.27M Down From $12.285M YoY",6,decrease,0.8,0.7,"the decline in both eps and sales year-over-year suggests weakening financial performance, which is likely to negatively impact investor sentiment and lead to a decrease in stock price.",0,2019-02-12,AEY,2019-02-12 13:31:00+00:00,76869.0,00674330,0.0070422468706965,19854.0,-0.0209790021181106,-0.0206897165626287,-0.0142857013270258,0.0,0.0,0.0019348446512594,-0.0072463699616491,0.0049999188631772,-0.0145985260605812,0.0,0.007407400291413,-0.0068965447135269,0.0073529342189431,0.0139860846102237,-0.0010948982089757,-0.013793172314763,-0.0135184293612837,0.0283688530325889,0.009925895370543,-0.0342466235160827,0.0048408554866909,0.0354610458016395,0.0,0.0071428506635129,0.0,0.0218977890908718,0.0,-0.074324332177639,0.0145985260605812,0.0136986169964075,0.0,0.0428571887314319,0.0,0.0095182610675692,-0.0143884755671024,-0.0233802162110805,-0.0072992630302906,0.0,0.0073529342189431,0.0020464360713958,-0.0072992630302906,0.0014840925578027,0.0,-0.0308219697326421,0.0220588017255067,0.0138888750225305,-0.0143884755671024,0.0285714864730835,0.0,-0.0344828069210052,-0.0145985260605812,0.0283688530325889,0.0,0.0,0.0222222004085779,-0.0174215864390134,-0.0217391103506088,0.003496500197798,0.0,0.1171874850988388,0.0037037001457065,-0.0077519309706985,0.011070099659264,-0.0076923007145524,-0.0036496315151453,-0.0647482275962829,0.0183150004595518,0.0220588017255067,-0.0287769511342048,-0.0215827133506536,0.007407400291413,-0.002081990474835,-0.0073529342189431,0.0552272237837314,0.0148148005828261,0.0232558846473693,0.0,-0.0076160416938364,-0.0145985260605812,0.007674491032958,0.0023703221231698,-0.0076160416938364,0.0050251670181751,-0.0006918134749867,0.0,-0.0070228832773864,-0.012720595113933,-0.0075758402235805,-0.0243539605289697,-0.0222222004085779,0.0067939287982881,0.0150375794619321,-0.0067480825819075,0.0,-0.0076335808262228,-0.0111524052917957,-0.0076923007145524,0.004856186453253,0.0077519309706985,-0.0085185188800096,0.0076923007145524,-7.408087549265474e-05,0.0075573232024908,-0.0140217393636703,-0.0075006387196481,-0.0076816948130726,-0.0229007434099912,0.0219210740178823,0.0,-0.0143795991316437,0.0156249850988388,0.0,-0.0307692028582096,0.0,-0.009126984514296,0.0223880372941494,0.0012014501262456,0.0026938051450997,0.0319199562072753,-0.0100740678608417,-0.0209790021181106,-0.0206897165626287,-0.0349650036867381,-0.0206897165626287,-0.0349650036867381,-0.0187949032987965,-0.0559440053373794,-0.0138889574271544,-0.0465734042007469,-0.0273973141745634,-0.0559440058835214,0.1093749968162722,-0.0979720358870842,0.051851805653216,2019-02-13,2019-02-14,2019-02-15,2019-02-19,2019-02-20,2019-02-21,2019-02-22,2019-02-25,2019-02-26,2019-02-27,76869.0,2019-02-12,252.0,0.7042%,0.0002,0.1444,-0.1478,-0.058,1.9972%,2.0054%,0.8105%,0.00501,AEY,76869.0,2019-02-13,252.0,-2.0979%,0.0001,0.1393,-0.1478,-0.0632,2.0016%,2.0094%,0.7679%,-0.021354,AEY,76869.0,2019-02-14,252.0,-1.4286%,0.0002,0.1454,-0.1537,-0.0617,1.9840%,1.9923%,0.8409%,-0.013692,AEY,76869.0,2019-02-15,252.0,0.0000%,0.0001,0.1328,-0.1652,-0.0825,1.9819%,1.9899%,0.8020%,-0.001063,AEY,76869.0,2019-02-19,252.0,-0.7246%,0.0002,0.139,-0.1803,-0.1,1.9763%,1.9855%,0.9281%,-0.006872,AEY,76869.0,2019-02-20,252.0,-1.4599%,0.0001,0.1337,-0.199,-0.121,1.9758%,1.9856%,0.9776%,-0.0140159999999999,AEY,76869.0,2019-02-21,252.0,0.7407%,0.0001,0.1318,-0.2011,-0.1243,1.9764%,1.9861%,0.9756%,0.0073839999999999,AEY,76869.0,2019-02-22,252.0,0.7353%,0.0001,0.1315,-0.213,-0.1389,1.9757%,1.9861%,1.0397%,0.005674,AEY,76869.0,2019-02-25,252.0,-0.1095%,0.0002,0.1281,-0.2153,-0.153,1.9668%,1.9774%,1.0719%,-0.002196,AEY,76869.0,2019-02-26,252.0,-1.3518%,0.0001,0.1286,-0.1944,-0.1419,1.9690%,1.9788%,0.9906%,-0.015296,AEY,76869.0,2019-02-27,252.0,0.9926%,0.0002,0.14,-0.2117,-0.14,1.9635%,1.9745%,1.1185%,0.009909,AEY,-0.016344,-0.030036,-0.031099,-0.051987,-0.046512
9675,A G N C INVESTMENT CORP,"AGNC Investment corp. Reports Estimated Tangible Net Book Value Of $17.11/Share As Of Jan. 31, 2019",6,uncertain,0.5,0.5,"the reported tangible net book value provides a financial metric, but its impact on stock price will depend on market perception and other external factors.",1,2019-02-12,AGNC,2019-02-12 21:38:00+00:00,92680.0,00123Q10,0.0016854319255799,7458618.0,-0.0056085465475916,-0.0005614951951429,-0.00225600739941,-0.0022409476805478,-0.0039570205844938,0.0,0.003972740843892,0.0033726510591804,-0.0011306081432849,-0.0022433544509112,-0.0033955555409193,0.003941424190998,0.005678504705429,-0.0083751883357763,0.001693997066468,-0.0016722789732739,0.0,0.0005521772545762,-0.0005637275753542,0.0027686126995831,0.0056980275548994,-0.003311333945021,-0.0050991587340831,0.0061077517457306,0.0028474456630647,0.0,-0.0017036164645105,0.0039018781390041,0.0028440977912396,-0.0038867127150297,0.0028361398726701,0.000555568258278,0.0045248824171721,0.0011123724980279,0.0106982281431555,0.0016712411306798,-0.0027855790685862,0.0,0.0072626294568181,0.0033539058640599,-0.0016639315290376,0.0073197726160287,0.0,-0.0016863791970536,0.0066667133942246,-0.0005617034621536,-0.0066225626505911,-0.0072504775598645,-0.000555568258278,-0.0005574263632297,0.0044469106942415,0.0044792788103222,-0.0038738071452826,0.0130460271611809,-0.0027777354698628,0.0051310285925865,0.0077994083985686,-0.0107162231579423,0.0027639158070087,0.0039237327873706,0.0066152452491223,0.0090497648343443,-0.0044247745536267,0.0255220737308263,0.0083333123475313,-0.0120344404131174,-0.0022038021124899,0.0005734076257795,-0.006074025761336,-0.014689277857542,0.0072221755981445,-0.0033783481922,-0.0038609872572124,0.0056625357829034,0.0049833972007036,-0.0199778359383344,-0.0027547790668904,0.0083939349278807,-0.0005524987936951,0.0078962948173284,0.0033167200163006,-0.01005026884377,0.0022039073519408,0.0016778907738626,-0.0010995303746312,0.0028042197227478,-0.0022014812566339,-0.0011204738402739,0.0011031692847609,0.0119048189371824,-0.0038567325100302,-0.0089887557551264,0.0049778847023844,0.0056496309116482,-0.0005503703141584,-0.0016919785412028,0.0066079758107662,0.0084459073841571,-0.0268052387982606,0.0125427199527621,0.0101179536432027,0.0,-0.0044518765062093,0.0074670342728495,0.0045173256658017,-0.0051428657025098,-0.0106801865622401,0.0028652856126427,-0.0028409741353243,-0.0051311370916664,-0.0011395185720175,-0.0045402906835079,-0.0022818548604846,0.0143926301971077,0.0062893433496356,-0.0230596084147691,-0.0068182293325662,-0.005592755973339,-0.004576654639095,0.0067566963844001,-0.0056085465475916,-0.0005614951951429,-0.0078519010244904,-0.0028011845943355,-0.0117778514750029,-0.0028011845943355,-0.0089736317028125,-0.0016825962121851,-0.0056085635967516,-0.0045074710284875,0.0278211295955517,0.0179998987309357,0.0058278111367415,0.0329670591076063,2019-02-13,2019-02-14,2019-02-15,2019-02-19,2019-02-20,2019-02-21,2019-02-22,2019-02-25,2019-02-26,2019-02-27,92680.0,2019-02-12,252.0,0.1685%,0.0002,0.2526,-0.0484,0.0503,0.7521%,0.7954%,10.5995%,-0.001778,AGNC,92680.0,2019-02-13,252.0,-0.5609%,0.0001,0.2464,-0.0406,0.0501,0.7498%,0.7908%,10.0986%,-0.006422,AGNC,92680.0,2019-02-14,252.0,-0.2256%,0.0001,0.2465,-0.0415,0.0515,0.7495%,0.7905%,10.1034%,-0.001337,AGNC,92680.0,2019-02-15,252.0,-0.3957%,0.0001,0.2483,-0.0407,0.0533,0.7493%,0.7906%,10.1801%,-0.006987,AGNC,92680.0,2019-02-19,252.0,0.3973%,0.0001,0.2435,-0.0311,0.0646,0.7415%,0.7809%,9.8149%,0.0033589999999999,AGNC,92680.0,2019-02-20,252.0,-0.1131%,0.0,0.2423,-0.0369,0.0593,0.7403%,0.7796%,9.8264%,-0.00198,AGNC,92680.0,2019-02-21,252.0,-0.3396%,0.0001,0.2329,-0.0566,0.0422,0.7197%,0.7581%,9.8714%,-0.0024879999999999,AGNC,92680.0,2019-02-22,252.0,0.5679%,0.0002,0.2316,-0.0397,0.042,0.7165%,0.7544%,9.7880%,0.004996,AGNC,92680.0,2019-02-25,252.0,0.1694%,0.0002,0.2317,-0.0402,0.0419,0.7166%,0.7545%,9.7936%,0.001219,AGNC,92680.0,2019-02-26,252.0,0.0000%,0.0002,0.2262,-0.0349,0.0405,0.7143%,0.7502%,9.3529%,0.000152,AGNC,92680.0,2019-02-27,252.0,-0.0564%,0.0001,0.2242,-0.0315,0.0402,0.7137%,0.7489%,9.1632%,-0.000752,AGNC,-0.0081999999999999,-0.0095369999999999,-0.0165239999999999,-0.0151449999999999,-0.012018
9683,ASSURANT INC,"Assurant Q4 EPS $0.77 Beats $0.45 Estimate, Sales $2.317B Beat $2.24B Estimate",6,increase,0.85,0.7,"the significant earnings per share (eps) and sales beat expectations typically indicate strong financial performance, which is likely to positively influence investor sentiment and increase the stock price.",2,2019-02-12,AIZ,2019-02-12 21:57:00+00:00,90038.0,04621X10,0.0126140471547842,433982.0,-0.0084058558568358,0.0039123329333961,-0.0079665649682283,-0.001849761698395,0.0111191375181078,-0.0061281388625502,0.0003054554399568,-0.0017332602292299,0.0060057407245039,0.0008163452148437,-0.0066781709901988,0.0085417497903108,0.0078435186296701,0.0080921128392219,0.0073215500451624,0.0084745502099394,0.0037351378705352,0.006741093005985,0.014482575468719,0.00518798828125,0.0210171025246381,-0.0082948440685868,0.0111661478877067,-0.011520504951477,-0.0034568908158689,0.0080560436472296,-0.0054923850111663,0.0059993653558194,-0.0197655353695154,-0.0142145166173577,-0.0081051662564277,0.0097433244809508,-0.0038863916415721,0.0110157104209065,0.0086034471169114,-0.0009523421758785,0.0018845709273591,0.0096154008060693,0.0026729693636298,0.0110174622386694,-0.030410761013627,0.0008648846414871,0.0053972140885889,0.0111499410122633,0.0098247090354561,0.0061593181453645,-0.0270812138915062,0.00121132703498,-0.0249484349042177,0.0039801062084734,0.0137449288740754,0.0201894119381904,-0.0137672061100602,-0.0159821845591068,0.0,0.0073792040348052,0.0085660452023148,0.014519041404128,-0.0039845327846705,0.002729816827923,-0.0023160462733358,0.0097622424364089,0.0014773348812013,0.0534785017371177,0.0130649860948324,-0.0309532117098569,-0.0072803385555744,-0.0163764059543609,0.0,-0.0191176738590002,0.0048193475231528,-0.0048407102003693,-0.0004170671745669,-0.0129999797791242,-0.0045895734801888,-0.0028805907350033,-0.0117363799363374,0.0032233067322522,0.0016965715913102,-0.0046465112827718,0.0102678230032324,0.0042217224836349,0.0041910507716238,-0.0070601142942905,-0.0093905879184603,-0.0041744178161025,0.0029492182657122,-0.0130110001191496,-0.0121823530644178,-0.0333298407495021,-0.0088240932673215,-0.0194244533777236,-0.0133004980161786,0.0006170833948999,0.0116316964849829,-0.0057260240428149,-0.0022565987892448,-0.003971884958446,-0.0058158417232334,0.0021432852372527,0.0129997245967388,-0.0122983232140541,0.0089829573407769,0.0191082879900932,0.0068892585113644,-0.0019362162565812,-0.0091579239815473,0.0113366842269897,0.0030808553565293,-0.0235483944416046,0.0016945950919762,-0.0053052930161356,-0.0065553258173167,-0.0008001783280633,0.0236270893365144,0.0005003807600587,0.0003119024622719,-0.0317798554897308,-0.0061323805712163,-0.0050130556337535,-0.0084058558568358,0.0039123329333961,-0.0163054550282671,0.0020553343513896,-0.0053676201069139,-0.0040853998854749,0.0009115245934663,-0.0049999780934701,0.027804752604212,0.0323981492461877,-0.0321089657553878,0.1090764796456864,-0.0256895922141121,-0.0541690261838085,2019-02-13,2019-02-14,2019-02-15,2019-02-19,2019-02-20,2019-02-21,2019-02-22,2019-02-25,2019-02-26,2019-02-27,90038.0,2019-02-12,252.0,1.2614%,0.0006,0.8563,0.1565,0.6463,1.1140%,1.3885%,35.6326%,0.001795,AIZ,90038.0,2019-02-13,252.0,-0.8406%,0.0007,0.8616,0.1428,0.6409,1.1124%,1.3892%,35.8785%,-0.01145,AIZ,90038.0,2019-02-14,252.0,-0.7967%,0.0006,0.862,0.1404,0.6443,1.1117%,1.3892%,35.9552%,-0.003283,AIZ,90038.0,2019-02-15,252.0,1.1119%,0.0006,0.8621,0.1402,0.644,1.1118%,1.3878%,35.8223%,-0.002165,AIZ,90038.0,2019-02-19,252.0,0.0305%,0.0006,0.8618,0.1366,0.64,1.1120%,1.3875%,35.7675%,-0.003771,AIZ,90038.0,2019-02-20,252.0,0.6006%,0.0006,0.8622,0.1391,0.6417,1.1117%,1.3879%,35.8352%,0.000448,AIZ,90038.0,2019-02-21,252.0,-0.6678%,0.0006,0.8598,0.1337,0.6374,1.1107%,1.3852%,35.7130%,-0.002015,AIZ,90038.0,2019-02-22,252.0,0.7844%,0.0007,0.8582,0.1403,0.6238,1.1123%,1.3857%,35.5711%,0.010789,AIZ,90038.0,2019-02-25,252.0,0.7322%,0.0007,0.8578,0.1366,0.6204,1.1129%,1.3859%,35.5175%,0.007422,AIZ,90038.0,2019-02-26,252.0,0.3735%,0.0007,0.8551,0.1292,0.6146,1.1138%,1.3833%,35.1714%,0.007929,AIZ,90038.0,2019-02-27,252.0,1.4483%,0.0008,0.8601,0.1241,0.6155,1.1149%,1.3859%,35.2919%,0.014105,AIZ,-0.009655,-0.012938,-0.015103,-0.018426,0.019804
9691,GALLAGHER ARTHUR J & CO,"Arthur J. Gallagher & Co. Acquires Surety Solutions, LLC And Agency Multiplied, Inc.; Financial Terms Not Disclosed",6,increase,0.7,0.6,"the acquisition of surety solutions, llc and agency multiplied, inc. suggests growth and expansion for arthur j. gallagher & co., which is generally viewed positively by investors.",2,2019-02-12,AJG,2019-02-12 15:01:00+00:00,38093.0,36357610,-0.0025034041609615,1278087.0,-0.001882312935777,0.013446626253426,-0.0082977581769227,0.0107706626877188,0.0121703743934631,-0.0052296384237706,0.006638356950134,-0.0007646897574886,0.001493033603765,0.016057988628745,0.0018636045278981,0.0044225282035768,-0.0004960431251674,0.0290456190705299,-0.0032258329447358,0.0249691270291805,-0.0056011569686234,0.0134872253984212,0.0078858090564608,-0.0145245976746082,0.0023596889805048,-0.0070747844874858,0.0004982675309292,-0.0001360649766866,-0.0087151015177369,-0.0025779486168175,0.0047726356424391,0.0043608574196696,-0.0140000339597463,-0.0138423107564449,-0.0081135826185345,0.0067649842239916,-0.0042177173309028,0.0025773525703698,0.0145038785412907,0.0111095532774925,0.0003795392112806,0.0034406825434416,-0.0001264972379431,-0.0005501140258274,0.0067037539556622,-0.0134347332641482,0.0086694620549678,0.0055950284004211,-0.0093423016369342,0.0117354476824402,-0.0037721039261668,0.0044376603327691,-0.0177963338792324,-0.0029037483036518,0.0138782039284706,0.0252338927239179,-0.0002535395615268,-0.0187786687165498,-0.003549680346623,-0.0245589911937713,0.001145088695921,0.0162713788449764,-0.0059728198684751,0.0031815704423934,-0.0139351058751344,0.0137428604066371,0.0125761860981583,0.0336280576884746,0.0119078150019049,-0.0291303098201751,-0.0058205630630254,-0.0252401083707809,-0.0025454619899392,-0.0057282894849777,0.0038279369473457,0.0064516295678913,-0.0047031287103891,0.0060764369554817,-0.0043423236347734,-0.0238608326762914,0.000256596627878,-0.0155275138095021,0.0079506933689117,-0.0013253608485683,0.0136132277548313,0.00707419635728,0.0106689911335706,0.0050978972576558,0.0011177840642631,0.0002684416831471,0.00359757989645,-0.0071942568756639,-0.0079109938815236,-0.0084089217707514,0.0019934715237468,-0.0237300992012023,-0.0029843058437108,0.0115479351952672,0.0174607317894697,-0.0123029490932822,0.0058837425895035,-0.0007683130097575,0.0088959708809852,0.0150785911828279,0.004348358605057,0.0009107428486458,-0.0024053466040641,0.0024781851097941,0.0080772247165441,0.0027465221937745,-0.0155465556308627,-0.0089436480775475,0.0069241947494447,-0.0149386897683143,0.0028953778091818,-0.0007654702640138,0.0051726251840591,0.0130540840327739,-0.0155576290562748,0.0124313607811927,0.0052273315377533,-0.0139355072751641,-0.0056838942691683,-0.0020603097509592,-0.001882312935777,0.013446626253426,-0.0101644521351453,0.0243621180168083,0.0018822170703285,0.0190050745245724,0.0100388426115334,0.0345765109306521,0.0104152866612674,0.0946834162668426,-0.0131890434032122,0.1051320853946138,0.0372743118187037,0.0343340005712051,2019-02-13,2019-02-14,2019-02-15,2019-02-19,2019-02-20,2019-02-21,2019-02-22,2019-02-25,2019-02-26,2019-02-27,38093.0,2019-02-12,252.0,-0.2503%,0.0009,0.7901,-0.2723,0.3332,0.7209%,1.0748%,55.0207%,-0.012781,AJG,38093.0,2019-02-13,252.0,-0.1882%,0.0008,0.7858,-0.2671,0.3328,0.7200%,1.0685%,54.6011%,-0.004264,AJG,38093.0,2019-02-14,252.0,-0.8298%,0.0008,0.7862,-0.2698,0.3368,0.7180%,1.0679%,54.7931%,-0.003428,AJG,38093.0,2019-02-15,252.0,1.2170%,0.0008,0.7834,-0.2721,0.3324,0.7175%,1.0646%,54.5798%,0.002245,AJG,38093.0,2019-02-19,252.0,0.6638%,0.0008,0.783,-0.2679,0.3372,0.7175%,1.0627%,54.4099%,0.004842,AJG,38093.0,2019-02-20,252.0,0.1493%,0.0008,0.7826,-0.268,0.3359,0.7176%,1.0626%,54.4004%,-0.00136,AJG,38093.0,2019-02-21,252.0,0.1864%,0.0007,0.7847,-0.2626,0.3399,0.7160%,1.0623%,54.5780%,0.0052439999999999,AJG,38093.0,2019-02-22,252.0,-0.0496%,0.0007,0.7846,-0.2601,0.341,0.7159%,1.0616%,54.5255%,0.000744,AJG,38093.0,2019-02-25,252.0,-0.3226%,0.0008,0.7834,-0.2587,0.3372,0.7135%,1.0591%,54.6213%,-0.004565,AJG,38093.0,2019-02-26,252.0,-0.5601%,0.0007,0.785,-0.2522,0.3417,0.7144%,1.0572%,54.3447%,-0.00499,AJG,38093.0,2019-02-27,252.0,0.7886%,0.0008,0.785,-0.25,0.3417,0.7158%,1.0561%,54.0650%,0.007969,AJG,-0.017045,-0.020473,-0.018228,-0.014746,-0.010344
9699,AMERICAN TOWER CORP NEW,"KeyBanc Maintains Overweight on American Tower, Raises Price Target to $180",6,increase,0.8,0.7,maintaining an 'overweight' rating and raising the price target typically signals positive sentiment and potential for stock price appreciation.,2,2019-02-12,AMT,2019-02-12 13:01:00+00:00,86111.0,03027X10,-0.0023123251739889,1471829.0,0.0064314305782318,0.0032477690838277,0.0120322182774543,0.0024417079985141,0.0115479500964283,0.0102190058678388,-0.0012372130295261,-0.0125267561525106,-0.0051238941960036,0.0087164510041475,-0.0010187783045694,0.0029924884438514,0.0006799069815315,-0.0139435529708862,-0.0135877775028348,0.013902710750699,-0.0012052543461322,0.0060788406990468,-0.0047121439129114,0.0082713440060615,0.017032315954566,0.0038229459896683,0.010048278607428,0.0106248706579208,0.0099483150988817,-0.0008444380946457,0.0076242145150899,0.0067403488792479,0.0032585682347416,6.069415758247487e-05,0.0005505428416654,0.0017641639569774,-0.0007702854927629,0.0036634881980717,0.0195473991334438,0.0044771279208362,0.003186413552612,0.0102231055498123,0.0079676751047372,0.0,0.0039523877203464,-0.0028420037124305,0.0053199976682662,0.013652354478836,-0.000423357298132,-0.0087528936564922,0.0053999908268451,0.0113001642748713,0.0085829580202698,0.0061903591267764,0.01655013859272,0.0039954651147127,-0.0054440591484308,0.0059971106238663,0.0105345137417316,-0.0091661727055907,-0.0032704756595194,-0.0040294616483151,-0.0049218493513762,0.0014501621481031,0.004327870439738,0.0067924037575721,0.0109270252287387,0.0311889369040727,-0.0230894293636083,-0.0279746726155281,0.0135577404871583,-0.0219140369445085,-0.0042538018897175,-0.006152331829071,-0.0063821622170507,0.0014170152135193,0.0140377692878246,0.0085124587640166,0.0023498504888266,-0.0339736118912696,0.0025481602642685,-0.0011990224011242,0.0040666623972356,0.0130580579861998,0.0001525723782833,-0.0119419433176517,0.0066616469994187,0.0027077258564531,-0.0094464048743247,-0.0014419890940189,-0.0198378264904022,-0.0071586957201361,-0.0053589949384331,0.0253854244947433,0.0091018751263618,0.0024527464993298,-0.0030584018677473,-0.0085719712078571,0.0056155705824494,0.0108776073902845,-0.0008789977873675,0.0044444520026445,-0.0048646819777786,-0.0004935947363264,0.0047845100052654,0.0030324000399559,-0.0039853230118751,0.0074817440472543,0.0148617783561348,0.0004990445449948,-0.0122375795617699,-0.0020542943384498,-0.0005702172638848,-0.0336280837655067,0.0007779766456224,0.0137211857363581,-0.0039906934835016,0.0114105399698019,-0.0121239805594086,-0.0078330505639314,0.0094284601509571,0.013018449768424,0.0045919688418507,0.0017387989209964,0.0064314305782318,0.0032477690838277,0.0185410332322397,0.0056974071860911,0.0303030942551703,0.015974634891396,0.0237557572483593,0.0119925284011059,0.0035343909678073,0.0293960260103263,0.1245726890317844,0.0907313917763259,0.1205819652096891,0.0800002746774728,2019-02-13,2019-02-14,2019-02-15,2019-02-19,2019-02-20,2019-02-21,2019-02-22,2019-02-25,2019-02-26,2019-02-27,86111.0,2019-02-12,252.0,-0.2312%,0.0009,0.3461,-0.3651,-0.0752,1.1200%,1.1962%,12.3401%,-0.007306,AMT,86111.0,2019-02-13,252.0,0.6431%,0.001,0.3497,-0.3693,-0.0749,1.1196%,1.1967%,12.4594%,0.005634,AMT,86111.0,2019-02-14,252.0,1.2032%,0.001,0.3467,-0.3621,-0.0829,1.1227%,1.1986%,12.2755%,0.014153,AMT,86111.0,2019-02-15,252.0,1.1548%,0.0011,0.3612,-0.3483,-0.0583,1.1214%,1.1995%,12.6022%,0.008833,AMT,86111.0,2019-02-19,252.0,-0.1237%,0.0011,0.3611,-0.3499,-0.0601,1.1215%,1.1993%,12.5653%,-0.000838,AMT,86111.0,2019-02-20,252.0,-0.5124%,0.001,0.3568,-0.3717,-0.0786,1.1079%,1.1880%,13.0282%,-0.004809,AMT,86111.0,2019-02-21,252.0,-0.1019%,0.001,0.3549,-0.3757,-0.082,1.1073%,1.1874%,13.0266%,-0.00024,AMT,86111.0,2019-02-22,252.0,0.0680%,0.001,0.3547,-0.3635,-0.0734,1.1058%,1.1841%,12.7802%,-0.000866,AMT,86111.0,2019-02-25,252.0,-1.3588%,0.0009,0.356,-0.3542,-0.0639,1.1088%,1.1860%,12.5989%,-0.015297,AMT,86111.0,2019-02-26,252.0,-0.1205%,0.0009,0.349,-0.3418,-0.0628,1.1060%,1.1795%,12.0663%,-0.003214,AMT,86111.0,2019-02-27,252.0,-0.4712%,0.0008,0.3491,-0.3435,-0.0628,1.1065%,1.1795%,11.9965%,-0.004552,AMT,-0.0016719999999999,0.012481,0.021314,0.015667,-0.008502
9707,AEMETIS INC,"Aemetis Receives USDA Conditional Commitment For $125M, 20-year Financing Of Riverbank Biorefinery",6,increase,0.8,0.6,"the usda's conditional commitment for significant financing indicates strong support for aemetis' projects, likely boosting investor confidence and positively impacting the stock price.",2,2019-02-12,AMTX,2019-02-12 12:35:00+00:00,14689.0,00770K20,0.0476191192865371,343729.0,-0.0272727012634277,-0.0186916813254356,-0.0467290356755256,0.0190477147698402,-0.03921565040946,-0.0327038690447807,-0.0805102437734603,-0.0560869351029396,0.0320719443261623,0.0,0.0,0.1499999761581421,0.0286021530628204,-0.0384615026414394,-0.0757892429828643,0.01960782520473,-0.0046375123783946,0.0099009806290268,0.03409094363451,0.0202020015567541,0.0209889560937881,0.0312500335276126,0.0009687117999419,0.0104199284687638,-0.0215053558349609,-0.0104155717417597,0.0549449995160102,-0.039900004863739,-0.0364582985639572,-0.0740741118788719,-0.010810799896717,0.0384616181254386,0.0273223780095577,0.2023120820522308,-0.0212765745818615,0.0116958953440189,-0.0228261165320873,0.0058823470026254,0.0297675151377916,-0.0335417278110981,-0.01216403208673,0.1572368144989014,0.0096227768808603,0.1016089469194412,-0.0275100637227296,-0.0144285820424556,-0.0298473965376615,0.0430635772645473,-0.0001148164301412,-0.0266859382390976,-0.0011480908142402,0.1031999588012695,0.0344827249646186,-0.0219092313200235,-0.0323333367705345,0.0535860955715179,0.0047078020870685,0.0623576901853084,0.005714280065149,-0.1972721815109253,-0.0113636255264282,-0.099746860563755,-0.0436781458556652,0.4363636374473572,0.0216346234083175,0.0782199651002883,-0.0003529997193254,0.1862790733575821,-0.0193009059876203,-0.0889830440282821,0.0680427104234695,-0.142286017537117,-0.0324718728661537,-0.0452810227870941,-0.0012774401111528,-0.1145929917693138,0.0062790717929601,0.084999993443489,0.0210307147353887,-0.0314769297838211,0.016296973451972,0.0316402912139892,-0.0423162430524826,-0.1584921479225159,0.0,-0.0492939017713069,0.0081825396046042,-0.0175392907112836,-0.0427167639136314,0.016768705099821,-0.019277075305581,-0.0341902337968349,0.0319409854710102,0.0595124326646328,-0.0432833321392536,-0.0703886374831199,-0.0294185765087604,0.0231865160167217,-0.0150820389389991,0.0077487346716225,0.067380353808403,-0.0424200296401977,0.0141853969544172,0.0781671553850174,-0.0332262329757213,-0.0487179346382618,-0.003731369273737,-0.0394088737666606,0.0237203426659107,-0.0773776099085807,0.0609756261110305,-0.0328571572899818,0.4827585816383362,0.0111111672595143,-0.0310077238827943,-0.0275526735931634,0.0399999618530273,0.015916533768177,-0.130769208073616,-0.0410526059567928,-0.0272727012634277,-0.0186916813254356,-0.0727273099086467,-3.7005110087307e-10,-0.1090909115575088,-0.0327038694027297,-0.154545466989135,-0.0869565447048634,-0.1727272689423227,0.0606060034680784,-0.2000000249879088,0.4763778855606195,0.0272727068105074,0.1052631306182525,2019-02-13,2019-02-14,2019-02-15,2019-02-19,2019-02-20,2019-02-21,2019-02-22,2019-02-25,2019-02-26,2019-02-27,14689.0,2019-02-12,252.0,4.7619%,0.0072,2.3961,3.255,2.5719,10.4783%,10.8271%,6.3395%,0.018781,AMTX,14689.0,2019-02-13,252.0,-2.7273%,0.0073,2.4215,3.1939,2.5502,10.4727%,10.8227%,6.3631%,-0.037835,AMTX,14689.0,2019-02-14,252.0,-4.6729%,0.0073,2.4367,3.168,2.5728,10.4728%,10.8242%,6.3863%,-0.0435609999999999,AMTX,14689.0,2019-02-15,252.0,-3.9216%,0.007,2.3944,3.1198,2.4906,10.4885%,10.8260%,6.1384%,-0.08712,AMTX,14689.0,2019-02-19,252.0,-8.0510%,0.0066,2.3783,3.0445,2.4071,10.5099%,10.8397%,5.9925%,-0.1016789999999999,AMTX,14689.0,2019-02-20,252.0,3.2072%,0.0065,2.3774,3.0367,2.4022,10.5096%,10.8394%,5.9928%,0.007516,AMTX,14689.0,2019-02-21,252.0,0.0000%,0.0065,2.3842,3.0528,2.4147,10.5086%,10.8394%,6.0114%,0.016347,AMTX,14689.0,2019-02-22,252.0,2.8602%,0.0069,2.3758,3.1844,2.4334,10.4932%,10.8305%,6.1311%,0.0317099999999999,AMTX,14689.0,2019-02-25,252.0,-7.5789%,0.0067,2.3763,3.2211,2.4544,10.5035%,10.8429%,6.1626%,-0.0667929999999999,AMTX,14689.0,2019-02-26,252.0,-0.4638%,0.0065,2.3305,3.236,2.4277,10.4953%,10.8283%,6.0565%,0.0277789999999999,AMTX,14689.0,2019-02-27,252.0,3.4091%,0.0065,2.3217,3.2581,2.4263,10.4954%,10.8282%,6.0524%,0.028658,AMTX,-0.0190539999999999,-0.0626149999999999,-0.149735,-0.243898,-0.206197
9715,ARES CAPITAL CORP,"Ares Capital Q4 EPS $0.45 Beats $0.41 Estimate, Sales $345M Beat $325.4M Estimate",6,increase,0.8,0.6,"the earnings per share and sales both exceeded estimates, which typically signals positive performance and can lead to an increase in stock price.",2,2019-02-12,ARCC,2019-02-12 12:15:00+00:00,90401.0,04010L10,0.0283132102340459,5360889.0,0.0005858364747837,0.0036275370512157,0.004098342731595,0.0006049745134077,0.0005831037415191,-0.0066104992292821,-0.0005827639251947,-0.0006006143521517,0.004081614781171,0.0090908855199813,0.0069686900824308,0.0122699858620762,0.0057670348323881,0.0,-0.0005734076257795,0.0030768760479986,-0.0045897834934294,0.0105721438303589,0.0011527640745043,-0.0006215182365849,-0.0028785918839275,-0.0006211322033777,0.0028869020752608,0.0031153361778706,0.005181245971471,0.0050093280151486,-0.0097364364191889,-0.0018749833106994,-0.0023135289084166,-0.0147783113643527,0.0017391702858731,-0.0042918268591165,-0.0011574338423088,0.0049291388131678,0.0127461943775415,-0.0067319832742214,0.0,0.0049200444482266,-0.0034324638545513,-0.0018416626844555,0.0051664798520505,0.0,0.0046810954809188,0.0043157585896551,0.0005824245163239,-0.0109756281599402,-0.0098952315747737,0.0192665923386812,0.0047031114809215,0.0209390819072723,-0.0017554527148604,0.0314136445522308,-0.0035169676411896,-0.0135571360588073,0.0017647462664172,-0.0057766465470194,-0.0023488500155508,0.0,0.000588594994042,0.0103761246427893,0.0070588728412985,0.0158102605491876,0.0011681395117193,0.0319510735571384,0.0210035368800163,-0.0087601151317358,-0.0011428833240643,-0.0198150724172592,-0.0051487502641975,-0.0181582178920507,0.0005750562995672,0.0065274401567876,0.0022989031858742,0.0098879113793373,0.0,-0.053058698773384,-0.0126147484406828,0.0050188759341835,0.00638795690611,-0.0109025230631232,0.0011540944688022,0.0018204300431534,0.0,0.0110429637134075,-0.0034581823274493,-0.0168878585100174,0.0057836016640067,-0.0077797225676476,-0.0034502281341701,-0.012411406263709,0.0011540944688022,-0.0191304311156272,0.0023054182529449,0.0123238889500498,0.0057504535652697,0.0011751150013878,0.0,-0.0040959445759654,-0.0017153051448985,0.0118413716554641,0.0074456515721976,-0.0023627239279448,0.0045480341650545,-0.0029445958789438,0.0186757165938615,-0.0011764975497499,-0.0166666246950626,0.0179640259593725,-0.0022599387448281,-0.0279394369572401,0.004530007019639,-0.0023228228092193,0.0073281326331198,-0.0028952602297067,-0.0089536514133214,0.0105324927717447,-0.0028232207987457,-0.0189437381923198,0.0016987931448966,0.0069364649243652,0.0005858364747837,0.0036275370512157,0.004686580165037,0.0042347061320859,0.0052724166689854,-0.0024037866188185,0.0087873237656217,0.0060606287574251,0.0175747593879684,0.0316967190164243,0.020374251967566,0.0765240136870253,0.0617894733744746,-0.0169855955716926,2019-02-13,2019-02-14,2019-02-15,2019-02-19,2019-02-20,2019-02-21,2019-02-22,2019-02-25,2019-02-26,2019-02-27,90401.0,2019-02-12,252.0,2.8313%,0.0006,0.4041,0.1211,-0.0808,0.8219%,0.9432%,24.0583%,0.022787,ARCC,90401.0,2019-02-13,252.0,0.0586%,0.0006,0.4031,0.1224,-0.0808,0.8219%,0.9421%,23.9025%,-0.0006619999999999,ARCC,90401.0,2019-02-14,252.0,0.4098%,0.0005,0.401,0.1235,-0.0798,0.8133%,0.9335%,24.0967%,0.003739,ARCC,90401.0,2019-02-15,252.0,0.0583%,0.0005,0.3947,0.1172,-0.0909,0.8133%,0.9313%,23.7389%,-0.003974,ARCC,90401.0,2019-02-19,252.0,-0.0583%,0.0005,0.3996,0.1085,-0.1011,0.8063%,0.9284%,24.5672%,-0.0015,ARCC,90401.0,2019-02-20,252.0,0.4082%,0.0005,0.4,0.1077,-0.0999,0.8061%,0.9282%,24.5764%,0.003539,ARCC,90401.0,2019-02-21,252.0,0.6969%,0.0005,0.3999,0.1092,-0.1002,0.8071%,0.9290%,24.5243%,0.008194,ARCC,90401.0,2019-02-22,252.0,0.5767%,0.0006,0.3995,0.1171,-0.0974,0.8062%,0.9285%,24.5961%,0.000994,ARCC,90401.0,2019-02-25,252.0,-0.0573%,0.0006,0.3989,0.1173,-0.0996,0.8055%,0.9279%,24.6376%,-0.001144,ARCC,90401.0,2019-02-26,252.0,-0.4590%,0.0006,0.4018,0.1204,-0.0959,0.8057%,0.9284%,24.6893%,-0.00363,ARCC,90401.0,2019-02-27,252.0,0.1153%,0.0006,0.4019,0.1202,-0.0959,0.8057%,0.9281%,24.6428%,0.000347,ARCC,0.022125,0.025864,0.02189,0.023929,0.02869
9723,ASTROTECH CORP,"Astrotech Q2 EPS $(0.46) Up From $(0.77) YoY, Sales $7K Down From $41K YoY",6,decrease,0.8,0.7,"despite a smaller loss per share compared to the previous year, the significant drop in sales indicates ongoing financial struggles, likely leading to a decrease in stock price.",0,2019-02-12,ASTC,2019-02-12 12:13:00+00:00,82747.0,04648430,0.0020450365263968,75767.0,-0.006122491788119,-0.0020408630371093,0.0061602075584232,-0.0219561140984296,-0.0163265150040388,0.0224490072578191,-0.0155602246522903,0.0061602075584232,0.0642782524228096,-0.0121703743934631,-0.0772277861833572,0.0313806720077991,-0.0257510486990213,-0.0571992024779319,-0.0374449528753757,0.0099601978436112,-0.0137299643829464,0.0019959583878517,-0.0116008622571826,0.0,0.0352111756801605,-0.0271844398230314,-0.0317460037767887,0.0198019612580537,0.035128828138113,0.0348360799252986,-0.0475113205611705,0.0360934324562549,0.0044655064120888,-0.0579999908804893,-0.0304577946662902,0.0822511091828346,-0.0463414192199707,0.0596329681575298,-0.1074168980121613,-0.0113378036767244,0.0372492484748363,0.0137930903583765,0.0082873506471514,-0.1067761778831482,0.016438340768218,0.0295982807874679,0.0080862455070018,-0.0596421808004379,-0.0080213826149702,-0.0019840777385979,0.0188679061830043,-0.0213592480868101,0.0264550652354955,-0.0115163037553429,-0.0257732328027486,0.0255905743688345,0.0211640018969774,0.0995671078562736,-0.0181346982717514,-0.031446561217308,-0.0343007594347,-0.0982986763119697,0.010928951203823,0.1995465159416199,0.0324323996901512,0.0303737465292215,-0.0471203736960887,0.0490196794271469,0.0082417502999305,-0.1840000152587891,-0.0272479951381683,0.4792898893356323,-0.01960782520473,-0.0058823470026254,-0.0285714007914066,0.0658307299017906,0.0352940820157527,-0.0617647171020507,0.0880681648850441,-0.0340908765792846,-0.0130548179149627,-0.0460704788565635,-0.0343915000557899,0.0852941051125526,-0.0191781278699636,0.2734082341194153,-0.0083798803389072,-0.0430107116699218,0.0450704470276832,-0.0210526119917631,-0.0161724910140037,0.0326086655259132,-0.0054794466122984,-0.0482758954167366,0.1019283384084702,0.0104530351236462,0.0049999952316284,0.024999976158142,-0.034527339041233,-0.0175438430160284,0.0950221344828605,0.0142348622903227,0.0094117559492588,-0.0138967335224151,-0.1258741170167923,-0.0207560155540704,0.0453333519399166,-0.0226699840277433,0.015306107699871,0.0196917410939931,0.0125628616660833,-0.0168350003659725,0.1017369329929352,-0.0033557014539837,-0.0360359996557235,-0.0539682768285274,-0.0116822868585586,0.0430463962256908,-0.054373525083065,-0.0320512540638446,-0.0575000047683715,-0.006369496230036,0.0583554469048976,0.0,-0.006122491788119,-0.0020408630371093,-4.9885318098574765e-11,-0.023952167713837,-0.0163265150531096,-0.0020408628428663,0.0306122625756155,-0.0081135827764254,-0.1306122160805745,-0.0239521674716796,-0.2448979661209103,0.1088435422007028,-0.1857142972353308,0.5573247405652306,2019-02-13,2019-02-14,2019-02-15,2019-02-19,2019-02-20,2019-02-21,2019-02-22,2019-02-25,2019-02-26,2019-02-27,82747.0,2019-02-12,252.0,0.2045%,0.0097,-0.4621,2.363,0.4053,16.4553%,16.5069%,0.6250%,0.008595,ASTC,82747.0,2019-02-13,252.0,-0.6122%,0.0095,-0.4837,2.3928,0.4067,16.4535%,16.5066%,0.6424%,-0.00663,ASTC,82747.0,2019-02-14,252.0,0.6160%,0.0093,-0.4832,2.3833,0.422,16.4514%,16.5043%,0.6405%,-0.00504,ASTC,82747.0,2019-02-15,252.0,-1.6327%,0.0091,-0.5075,2.3585,0.3786,16.4523%,16.5050%,0.6385%,-0.01895,ASTC,82747.0,2019-02-19,252.0,-1.5560%,0.0091,-0.5065,2.3285,0.3447,16.4528%,16.5043%,0.6227%,-0.0226719999999999,ASTC,82747.0,2019-02-20,252.0,6.4278%,0.009,-0.5004,2.3067,0.3569,16.4479%,16.4983%,0.6108%,0.058122,ASTC,82747.0,2019-02-21,252.0,-7.7228%,0.0088,-0.4928,2.3033,0.3716,16.4554%,16.5054%,0.6054%,-0.076744,ASTC,82747.0,2019-02-22,252.0,-2.5751%,0.009,-0.4923,2.4264,0.4907,16.4456%,16.4999%,0.6573%,-0.029854,ASTC,82747.0,2019-02-25,252.0,-3.7445%,0.0088,-0.4898,2.4479,0.5108,16.4469%,16.5021%,0.6676%,-0.029615,ASTC,82747.0,2019-02-26,252.0,-1.3730%,0.0086,-0.5139,2.4796,0.5089,16.4448%,16.5020%,0.6919%,0.002738,ASTC,82747.0,2019-02-27,252.0,-1.1601%,0.0086,-0.5046,2.456,0.5103,16.4449%,16.5005%,0.6725%,-0.015339,ASTC,0.0019649999999999,-0.003075,-0.022025,0.013425,-0.135389
9731,ACTIVISION BLIZZARD INC,"From Activision Blizzard Earnings Conference Call: 'Black Ops 4' Sales During Second Half Of Q4 Below Outlook, Cites Weaker-Than-Expected Retail Demand, Lower-Than-Anticipated Pricing",6,decrease,0.8,0.7,"weaker-than-expected sales and lower pricing indicate reduced demand, which is likely to negatively impact investor sentiment and lead to a decrease in stock price.",0,2019-02-12,ATVI,2019-02-12 22:11:00+00:00,79678.0,00507V10,0.0388929843902587,33542350.0,0.0695944726467132,-0.0760193318128585,0.0192955043166875,-0.0125113567337393,-0.0182699058204889,0.0223255604505538,-0.0026905590202659,-0.1011705696582794,-0.0382194407284259,0.0226592868566513,-0.0205702967941761,0.016735503450036,-0.0095465751364827,-0.0260373260825872,0.011084315367043,0.0200820621103048,0.0028599321376532,0.0126831801608204,-0.006891656666994,-0.0216089449822902,0.0083751725032925,-0.0221756808459758,0.0166113134473562,0.011212158948183,-0.0245097856968641,0.0271621029824018,0.0021536289714276,-0.0220994669944047,0.0162368733435869,-0.0326824262738227,-0.0267857890576124,0.0268045682460069,0.0147272003814578,0.005304476711899,0.0211753379553556,0.0061913090758025,-0.0067566893994808,-0.0095157697796821,0.0250996872782707,0.0161151699721813,-0.0086956769227981,-0.0936708450317382,0.0302401054650545,0.0102301128208637,0.0076181972399353,0.0172103382647037,0.032243650406599,0.0303093027323484,-0.0056009981781244,0.0281959269195795,0.0528595894575119,0.0399029441177845,-0.0355966985225677,-0.0355092100799083,0.0023469300940632,0.0098775839433074,-0.0117070935666561,-0.0049145203083753,-0.0116304075345397,-0.0051020765677094,0.002196802990511,0.01335637178272,-0.0019728222396224,0.0552397444844245,0.0349220335483551,-0.0405669994652271,0.0072156232781708,-0.0255047995597124,0.0040034228004515,0.0155406296253204,-0.0144806383177638,-0.020921342074871,0.0070272963494062,0.0050976602360606,0.0059208874590694,-0.0140313748270273,-0.0117721538990736,-0.015666838735342,0.018081309273839,0.0012383396970108,-0.0144171006977558,0.0051867216825485,0.0023320037871599,0.0066833687014877,-0.0323603823781013,0.0137624712660908,-0.0150819374248385,-0.0191069971770048,-0.0017754511209204,0.0350387170910835,0.0073366346769034,-0.0017166957259178,0.0006620785570703,-0.0657578706741333,0.0258049890398979,-0.0509893484413623,0.0051602167077362,0.0301842596381902,0.0141176441684365,0.005320206284523,0.0156085565686225,-0.0031427980866283,0.0051921079866588,0.0171828288584947,-0.0039256699383258,-0.0157325323671102,0.0072599523700773,0.0322777144610881,0.0203871056437492,0.0024419806431978,-0.048435878008604,-0.0353356748819351,0.0214209612458944,-0.0489171519875526,-0.0307308882474899,0.0379845537245273,0.0029991299379616,-0.0180780366063118,-0.0038445175159722,-0.0248654689639806,0.0695944726467132,-0.0760193318128585,0.090232837410773,-0.0875795835676267,0.0703143861488737,-0.0672092864042462,0.0266378870866235,-0.1425822607459204,0.0028798377057417,-0.1418485360825836,0.1012719613895791,-0.1473214283545987,0.1283682583605825,-0.2557060457018396,2019-02-13,2019-02-14,2019-02-15,2019-02-19,2019-02-20,2019-02-21,2019-02-22,2019-02-25,2019-02-26,2019-02-27,79678.0,2019-02-12,252.0,3.8893%,-0.0024,1.0148,0.0518,-1.108,2.0552%,2.5427%,34.6663%,0.0232019999999999,ATVI,79678.0,2019-02-13,252.0,6.9594%,-0.0021,1.0235,0.0654,-1.0887,2.1015%,2.5788%,33.5905%,0.067397,ATVI,79678.0,2019-02-14,252.0,1.9296%,-0.002,1.0201,0.0748,-1.0999,2.1035%,2.5820%,33.6277%,0.014691,ATVI,79678.0,2019-02-15,252.0,-1.8270%,-0.0022,0.9922,0.0472,-1.1485,2.1059%,2.5793%,33.3392%,-0.024805,ATVI,79678.0,2019-02-19,252.0,-0.2691%,-0.0022,0.9871,0.055,-1.1393,2.1033%,2.5698%,33.0110%,-0.001367,ATVI,79678.0,2019-02-20,252.0,-3.8219%,-0.0023,0.9803,0.0493,-1.161,2.1085%,2.5760%,33.0033%,-0.03405,ATVI,79678.0,2019-02-21,252.0,-2.0570%,-0.0024,0.9898,0.0648,-1.1436,2.1092%,2.5778%,33.0564%,-0.019679,ATVI,79678.0,2019-02-22,252.0,-0.9547%,-0.0025,0.9942,0.0579,-1.0964,2.1179%,2.5779%,32.5060%,-0.033247,ATVI,79678.0,2019-02-25,252.0,1.1084%,-0.0024,0.9927,0.0514,-1.1054,2.1174%,2.5786%,32.5754%,0.00767,ATVI,79678.0,2019-02-26,252.0,0.2860%,-0.0025,0.9782,0.0605,-1.1116,2.1125%,2.5671%,32.2781%,0.001029,ATVI,79678.0,2019-02-27,252.0,-0.6892%,-0.0025,0.9754,0.0637,-1.1121,2.1126%,2.5650%,32.1659%,-0.009321,ATVI,0.090599,0.10529,0.080485,0.045068,-0.0084799999999999
9739,ACTIVISION BLIZZARD INC,From Activision Blizzard Earnings Conference Call: Sees Net Bookings Down 13% Year Over Year,6,decrease,0.8,0.7,"a 13% year-over-year decline in net bookings typically signals weaker financial performance, which is likely to negatively impact investor sentiment and lead to a decrease in stock price.",0,2019-02-12,ATVI,2019-02-12 22:10:00+00:00,79678.0,00507V10,0.0388929843902587,33542350.0,0.0695944726467132,-0.0760193318128585,0.0192955043166875,-0.0125113567337393,-0.0182699058204889,0.0223255604505538,-0.0026905590202659,-0.1011705696582794,-0.0382194407284259,0.0226592868566513,-0.0205702967941761,0.016735503450036,-0.0095465751364827,-0.0260373260825872,0.011084315367043,0.0200820621103048,0.0028599321376532,0.0126831801608204,-0.006891656666994,-0.0216089449822902,0.0083751725032925,-0.0221756808459758,0.0166113134473562,0.011212158948183,-0.0245097856968641,0.0271621029824018,0.0021536289714276,-0.0220994669944047,0.0162368733435869,-0.0326824262738227,-0.0267857890576124,0.0268045682460069,0.0147272003814578,0.005304476711899,0.0211753379553556,0.0061913090758025,-0.0067566893994808,-0.0095157697796821,0.0250996872782707,0.0161151699721813,-0.0086956769227981,-0.0936708450317382,0.0302401054650545,0.0102301128208637,0.0076181972399353,0.0172103382647037,0.032243650406599,0.0303093027323484,-0.0056009981781244,0.0281959269195795,0.0528595894575119,0.0399029441177845,-0.0355966985225677,-0.0355092100799083,0.0023469300940632,0.0098775839433074,-0.0117070935666561,-0.0049145203083753,-0.0116304075345397,-0.0051020765677094,0.002196802990511,0.01335637178272,-0.0019728222396224,0.0552397444844245,0.0349220335483551,-0.0405669994652271,0.0072156232781708,-0.0255047995597124,0.0040034228004515,0.0155406296253204,-0.0144806383177638,-0.020921342074871,0.0070272963494062,0.0050976602360606,0.0059208874590694,-0.0140313748270273,-0.0117721538990736,-0.015666838735342,0.018081309273839,0.0012383396970108,-0.0144171006977558,0.0051867216825485,0.0023320037871599,0.0066833687014877,-0.0323603823781013,0.0137624712660908,-0.0150819374248385,-0.0191069971770048,-0.0017754511209204,0.0350387170910835,0.0073366346769034,-0.0017166957259178,0.0006620785570703,-0.0657578706741333,0.0258049890398979,-0.0509893484413623,0.0051602167077362,0.0301842596381902,0.0141176441684365,0.005320206284523,0.0156085565686225,-0.0031427980866283,0.0051921079866588,0.0171828288584947,-0.0039256699383258,-0.0157325323671102,0.0072599523700773,0.0322777144610881,0.0203871056437492,0.0024419806431978,-0.048435878008604,-0.0353356748819351,0.0214209612458944,-0.0489171519875526,-0.0307308882474899,0.0379845537245273,0.0029991299379616,-0.0180780366063118,-0.0038445175159722,-0.0248654689639806,0.0695944726467132,-0.0760193318128585,0.090232837410773,-0.0875795835676267,0.0703143861488737,-0.0672092864042462,0.0266378870866235,-0.1425822607459204,0.0028798377057417,-0.1418485360825836,0.1012719613895791,-0.1473214283545987,0.1283682583605825,-0.2557060457018396,2019-02-13,2019-02-14,2019-02-15,2019-02-19,2019-02-20,2019-02-21,2019-02-22,2019-02-25,2019-02-26,2019-02-27,79678.0,2019-02-12,252.0,3.8893%,-0.0024,1.0148,0.0518,-1.108,2.0552%,2.5427%,34.6663%,0.0232019999999999,ATVI,79678.0,2019-02-13,252.0,6.9594%,-0.0021,1.0235,0.0654,-1.0887,2.1015%,2.5788%,33.5905%,0.067397,ATVI,79678.0,2019-02-14,252.0,1.9296%,-0.002,1.0201,0.0748,-1.0999,2.1035%,2.5820%,33.6277%,0.014691,ATVI,79678.0,2019-02-15,252.0,-1.8270%,-0.0022,0.9922,0.0472,-1.1485,2.1059%,2.5793%,33.3392%,-0.024805,ATVI,79678.0,2019-02-19,252.0,-0.2691%,-0.0022,0.9871,0.055,-1.1393,2.1033%,2.5698%,33.0110%,-0.001367,ATVI,79678.0,2019-02-20,252.0,-3.8219%,-0.0023,0.9803,0.0493,-1.161,2.1085%,2.5760%,33.0033%,-0.03405,ATVI,79678.0,2019-02-21,252.0,-2.0570%,-0.0024,0.9898,0.0648,-1.1436,2.1092%,2.5778%,33.0564%,-0.019679,ATVI,79678.0,2019-02-22,252.0,-0.9547%,-0.0025,0.9942,0.0579,-1.0964,2.1179%,2.5779%,32.5060%,-0.033247,ATVI,79678.0,2019-02-25,252.0,1.1084%,-0.0024,0.9927,0.0514,-1.1054,2.1174%,2.5786%,32.5754%,0.00767,ATVI,79678.0,2019-02-26,252.0,0.2860%,-0.0025,0.9782,0.0605,-1.1116,2.1125%,2.5671%,32.2781%,0.001029,ATVI,79678.0,2019-02-27,252.0,-0.6892%,-0.0025,0.9754,0.0637,-1.1121,2.1126%,2.5650%,32.1659%,-0.009321,ATVI,0.090599,0.10529,0.080485,0.045068,-0.0084799999999999
9747,ACTIVISION BLIZZARD INC,From Activision Blizzard Earnings Conference Call: Sees 'Materially Lower' Financial Performance Out Of Blizzard In 2019,6,decrease,0.8,0.7,"the indication of 'materially lower' financial performance from blizzard suggests potential revenue declines, which typically negatively impacts stock prices.",0,2019-02-12,ATVI,2019-02-12 22:09:00+00:00,79678.0,00507V10,0.0388929843902587,33542350.0,0.0695944726467132,-0.0760193318128585,0.0192955043166875,-0.0125113567337393,-0.0182699058204889,0.0223255604505538,-0.0026905590202659,-0.1011705696582794,-0.0382194407284259,0.0226592868566513,-0.0205702967941761,0.016735503450036,-0.0095465751364827,-0.0260373260825872,0.011084315367043,0.0200820621103048,0.0028599321376532,0.0126831801608204,-0.006891656666994,-0.0216089449822902,0.0083751725032925,-0.0221756808459758,0.0166113134473562,0.011212158948183,-0.0245097856968641,0.0271621029824018,0.0021536289714276,-0.0220994669944047,0.0162368733435869,-0.0326824262738227,-0.0267857890576124,0.0268045682460069,0.0147272003814578,0.005304476711899,0.0211753379553556,0.0061913090758025,-0.0067566893994808,-0.0095157697796821,0.0250996872782707,0.0161151699721813,-0.0086956769227981,-0.0936708450317382,0.0302401054650545,0.0102301128208637,0.0076181972399353,0.0172103382647037,0.032243650406599,0.0303093027323484,-0.0056009981781244,0.0281959269195795,0.0528595894575119,0.0399029441177845,-0.0355966985225677,-0.0355092100799083,0.0023469300940632,0.0098775839433074,-0.0117070935666561,-0.0049145203083753,-0.0116304075345397,-0.0051020765677094,0.002196802990511,0.01335637178272,-0.0019728222396224,0.0552397444844245,0.0349220335483551,-0.0405669994652271,0.0072156232781708,-0.0255047995597124,0.0040034228004515,0.0155406296253204,-0.0144806383177638,-0.020921342074871,0.0070272963494062,0.0050976602360606,0.0059208874590694,-0.0140313748270273,-0.0117721538990736,-0.015666838735342,0.018081309273839,0.0012383396970108,-0.0144171006977558,0.0051867216825485,0.0023320037871599,0.0066833687014877,-0.0323603823781013,0.0137624712660908,-0.0150819374248385,-0.0191069971770048,-0.0017754511209204,0.0350387170910835,0.0073366346769034,-0.0017166957259178,0.0006620785570703,-0.0657578706741333,0.0258049890398979,-0.0509893484413623,0.0051602167077362,0.0301842596381902,0.0141176441684365,0.005320206284523,0.0156085565686225,-0.0031427980866283,0.0051921079866588,0.0171828288584947,-0.0039256699383258,-0.0157325323671102,0.0072599523700773,0.0322777144610881,0.0203871056437492,0.0024419806431978,-0.048435878008604,-0.0353356748819351,0.0214209612458944,-0.0489171519875526,-0.0307308882474899,0.0379845537245273,0.0029991299379616,-0.0180780366063118,-0.0038445175159722,-0.0248654689639806,0.0695944726467132,-0.0760193318128585,0.090232837410773,-0.0875795835676267,0.0703143861488737,-0.0672092864042462,0.0266378870866235,-0.1425822607459204,0.0028798377057417,-0.1418485360825836,0.1012719613895791,-0.1473214283545987,0.1283682583605825,-0.2557060457018396,2019-02-13,2019-02-14,2019-02-15,2019-02-19,2019-02-20,2019-02-21,2019-02-22,2019-02-25,2019-02-26,2019-02-27,79678.0,2019-02-12,252.0,3.8893%,-0.0024,1.0148,0.0518,-1.108,2.0552%,2.5427%,34.6663%,0.0232019999999999,ATVI,79678.0,2019-02-13,252.0,6.9594%,-0.0021,1.0235,0.0654,-1.0887,2.1015%,2.5788%,33.5905%,0.067397,ATVI,79678.0,2019-02-14,252.0,1.9296%,-0.002,1.0201,0.0748,-1.0999,2.1035%,2.5820%,33.6277%,0.014691,ATVI,79678.0,2019-02-15,252.0,-1.8270%,-0.0022,0.9922,0.0472,-1.1485,2.1059%,2.5793%,33.3392%,-0.024805,ATVI,79678.0,2019-02-19,252.0,-0.2691%,-0.0022,0.9871,0.055,-1.1393,2.1033%,2.5698%,33.0110%,-0.001367,ATVI,79678.0,2019-02-20,252.0,-3.8219%,-0.0023,0.9803,0.0493,-1.161,2.1085%,2.5760%,33.0033%,-0.03405,ATVI,79678.0,2019-02-21,252.0,-2.0570%,-0.0024,0.9898,0.0648,-1.1436,2.1092%,2.5778%,33.0564%,-0.019679,ATVI,79678.0,2019-02-22,252.0,-0.9547%,-0.0025,0.9942,0.0579,-1.0964,2.1179%,2.5779%,32.5060%,-0.033247,ATVI,79678.0,2019-02-25,252.0,1.1084%,-0.0024,0.9927,0.0514,-1.1054,2.1174%,2.5786%,32.5754%,0.00767,ATVI,79678.0,2019-02-26,252.0,0.2860%,-0.0025,0.9782,0.0605,-1.1116,2.1125%,2.5671%,32.2781%,0.001029,ATVI,79678.0,2019-02-27,252.0,-0.6892%,-0.0025,0.9754,0.0637,-1.1121,2.1126%,2.5650%,32.1659%,-0.009321,ATVI,0.090599,0.10529,0.080485,0.045068,-0.0084799999999999
9755,ACTIVISION BLIZZARD INC,From Activision Blizzard Earnings Call: Net Headcount Reduction 8% Across Business Units,6,decrease,0.8,0.7,"a net headcount reduction of 8% typically signals cost-cutting measures and potential concerns about future growth, which can negatively impact investor sentiment and lead to a decrease in stock price.",0,2019-02-12,ATVI,2019-02-12 21:49:00+00:00,79678.0,00507V10,0.0388929843902587,33542350.0,0.0695944726467132,-0.0760193318128585,0.0192955043166875,-0.0125113567337393,-0.0182699058204889,0.0223255604505538,-0.0026905590202659,-0.1011705696582794,-0.0382194407284259,0.0226592868566513,-0.0205702967941761,0.016735503450036,-0.0095465751364827,-0.0260373260825872,0.011084315367043,0.0200820621103048,0.0028599321376532,0.0126831801608204,-0.006891656666994,-0.0216089449822902,0.0083751725032925,-0.0221756808459758,0.0166113134473562,0.011212158948183,-0.0245097856968641,0.0271621029824018,0.0021536289714276,-0.0220994669944047,0.0162368733435869,-0.0326824262738227,-0.0267857890576124,0.0268045682460069,0.0147272003814578,0.005304476711899,0.0211753379553556,0.0061913090758025,-0.0067566893994808,-0.0095157697796821,0.0250996872782707,0.0161151699721813,-0.0086956769227981,-0.0936708450317382,0.0302401054650545,0.0102301128208637,0.0076181972399353,0.0172103382647037,0.032243650406599,0.0303093027323484,-0.0056009981781244,0.0281959269195795,0.0528595894575119,0.0399029441177845,-0.0355966985225677,-0.0355092100799083,0.0023469300940632,0.0098775839433074,-0.0117070935666561,-0.0049145203083753,-0.0116304075345397,-0.0051020765677094,0.002196802990511,0.01335637178272,-0.0019728222396224,0.0552397444844245,0.0349220335483551,-0.0405669994652271,0.0072156232781708,-0.0255047995597124,0.0040034228004515,0.0155406296253204,-0.0144806383177638,-0.020921342074871,0.0070272963494062,0.0050976602360606,0.0059208874590694,-0.0140313748270273,-0.0117721538990736,-0.015666838735342,0.018081309273839,0.0012383396970108,-0.0144171006977558,0.0051867216825485,0.0023320037871599,0.0066833687014877,-0.0323603823781013,0.0137624712660908,-0.0150819374248385,-0.0191069971770048,-0.0017754511209204,0.0350387170910835,0.0073366346769034,-0.0017166957259178,0.0006620785570703,-0.0657578706741333,0.0258049890398979,-0.0509893484413623,0.0051602167077362,0.0301842596381902,0.0141176441684365,0.005320206284523,0.0156085565686225,-0.0031427980866283,0.0051921079866588,0.0171828288584947,-0.0039256699383258,-0.0157325323671102,0.0072599523700773,0.0322777144610881,0.0203871056437492,0.0024419806431978,-0.048435878008604,-0.0353356748819351,0.0214209612458944,-0.0489171519875526,-0.0307308882474899,0.0379845537245273,0.0029991299379616,-0.0180780366063118,-0.0038445175159722,-0.0248654689639806,0.0695944726467132,-0.0760193318128585,0.090232837410773,-0.0875795835676267,0.0703143861488737,-0.0672092864042462,0.0266378870866235,-0.1425822607459204,0.0028798377057417,-0.1418485360825836,0.1012719613895791,-0.1473214283545987,0.1283682583605825,-0.2557060457018396,2019-02-13,2019-02-14,2019-02-15,2019-02-19,2019-02-20,2019-02-21,2019-02-22,2019-02-25,2019-02-26,2019-02-27,79678.0,2019-02-12,252.0,3.8893%,-0.0024,1.0148,0.0518,-1.108,2.0552%,2.5427%,34.6663%,0.0232019999999999,ATVI,79678.0,2019-02-13,252.0,6.9594%,-0.0021,1.0235,0.0654,-1.0887,2.1015%,2.5788%,33.5905%,0.067397,ATVI,79678.0,2019-02-14,252.0,1.9296%,-0.002,1.0201,0.0748,-1.0999,2.1035%,2.5820%,33.6277%,0.014691,ATVI,79678.0,2019-02-15,252.0,-1.8270%,-0.0022,0.9922,0.0472,-1.1485,2.1059%,2.5793%,33.3392%,-0.024805,ATVI,79678.0,2019-02-19,252.0,-0.2691%,-0.0022,0.9871,0.055,-1.1393,2.1033%,2.5698%,33.0110%,-0.001367,ATVI,79678.0,2019-02-20,252.0,-3.8219%,-0.0023,0.9803,0.0493,-1.161,2.1085%,2.5760%,33.0033%,-0.03405,ATVI,79678.0,2019-02-21,252.0,-2.0570%,-0.0024,0.9898,0.0648,-1.1436,2.1092%,2.5778%,33.0564%,-0.019679,ATVI,79678.0,2019-02-22,252.0,-0.9547%,-0.0025,0.9942,0.0579,-1.0964,2.1179%,2.5779%,32.5060%,-0.033247,ATVI,79678.0,2019-02-25,252.0,1.1084%,-0.0024,0.9927,0.0514,-1.1054,2.1174%,2.5786%,32.5754%,0.00767,ATVI,79678.0,2019-02-26,252.0,0.2860%,-0.0025,0.9782,0.0605,-1.1116,2.1125%,2.5671%,32.2781%,0.001029,ATVI,79678.0,2019-02-27,252.0,-0.6892%,-0.0025,0.9754,0.0637,-1.1121,2.1126%,2.5650%,32.1659%,-0.009321,ATVI,0.090599,0.10529,0.080485,0.045068,-0.0084799999999999
9763,ACTIVISION BLIZZARD INC,"UPDATE: Blizzard Pres Brack, On Layoffs, Says '...I'm sorry to share that we will be parting ways with some of our colleagues in the U.S. today. In our regional offices, we anticipate similar evaluations, subject to local requirements.'",6,decrease,0.8,0.6,"layoffs often signal financial difficulties or restructuring, which can negatively impact investor sentiment and lead to a decrease in stock price.",0,2019-02-12,ATVI,2019-02-12 21:25:00+00:00,79678.0,00507V10,0.0388929843902587,33542350.0,0.0695944726467132,-0.0760193318128585,0.0192955043166875,-0.0125113567337393,-0.0182699058204889,0.0223255604505538,-0.0026905590202659,-0.1011705696582794,-0.0382194407284259,0.0226592868566513,-0.0205702967941761,0.016735503450036,-0.0095465751364827,-0.0260373260825872,0.011084315367043,0.0200820621103048,0.0028599321376532,0.0126831801608204,-0.006891656666994,-0.0216089449822902,0.0083751725032925,-0.0221756808459758,0.0166113134473562,0.011212158948183,-0.0245097856968641,0.0271621029824018,0.0021536289714276,-0.0220994669944047,0.0162368733435869,-0.0326824262738227,-0.0267857890576124,0.0268045682460069,0.0147272003814578,0.005304476711899,0.0211753379553556,0.0061913090758025,-0.0067566893994808,-0.0095157697796821,0.0250996872782707,0.0161151699721813,-0.0086956769227981,-0.0936708450317382,0.0302401054650545,0.0102301128208637,0.0076181972399353,0.0172103382647037,0.032243650406599,0.0303093027323484,-0.0056009981781244,0.0281959269195795,0.0528595894575119,0.0399029441177845,-0.0355966985225677,-0.0355092100799083,0.0023469300940632,0.0098775839433074,-0.0117070935666561,-0.0049145203083753,-0.0116304075345397,-0.0051020765677094,0.002196802990511,0.01335637178272,-0.0019728222396224,0.0552397444844245,0.0349220335483551,-0.0405669994652271,0.0072156232781708,-0.0255047995597124,0.0040034228004515,0.0155406296253204,-0.0144806383177638,-0.020921342074871,0.0070272963494062,0.0050976602360606,0.0059208874590694,-0.0140313748270273,-0.0117721538990736,-0.015666838735342,0.018081309273839,0.0012383396970108,-0.0144171006977558,0.0051867216825485,0.0023320037871599,0.0066833687014877,-0.0323603823781013,0.0137624712660908,-0.0150819374248385,-0.0191069971770048,-0.0017754511209204,0.0350387170910835,0.0073366346769034,-0.0017166957259178,0.0006620785570703,-0.0657578706741333,0.0258049890398979,-0.0509893484413623,0.0051602167077362,0.0301842596381902,0.0141176441684365,0.005320206284523,0.0156085565686225,-0.0031427980866283,0.0051921079866588,0.0171828288584947,-0.0039256699383258,-0.0157325323671102,0.0072599523700773,0.0322777144610881,0.0203871056437492,0.0024419806431978,-0.048435878008604,-0.0353356748819351,0.0214209612458944,-0.0489171519875526,-0.0307308882474899,0.0379845537245273,0.0029991299379616,-0.0180780366063118,-0.0038445175159722,-0.0248654689639806,0.0695944726467132,-0.0760193318128585,0.090232837410773,-0.0875795835676267,0.0703143861488737,-0.0672092864042462,0.0266378870866235,-0.1425822607459204,0.0028798377057417,-0.1418485360825836,0.1012719613895791,-0.1473214283545987,0.1283682583605825,-0.2557060457018396,2019-02-13,2019-02-14,2019-02-15,2019-02-19,2019-02-20,2019-02-21,2019-02-22,2019-02-25,2019-02-26,2019-02-27,79678.0,2019-02-12,252.0,3.8893%,-0.0024,1.0148,0.0518,-1.108,2.0552%,2.5427%,34.6663%,0.0232019999999999,ATVI,79678.0,2019-02-13,252.0,6.9594%,-0.0021,1.0235,0.0654,-1.0887,2.1015%,2.5788%,33.5905%,0.067397,ATVI,79678.0,2019-02-14,252.0,1.9296%,-0.002,1.0201,0.0748,-1.0999,2.1035%,2.5820%,33.6277%,0.014691,ATVI,79678.0,2019-02-15,252.0,-1.8270%,-0.0022,0.9922,0.0472,-1.1485,2.1059%,2.5793%,33.3392%,-0.024805,ATVI,79678.0,2019-02-19,252.0,-0.2691%,-0.0022,0.9871,0.055,-1.1393,2.1033%,2.5698%,33.0110%,-0.001367,ATVI,79678.0,2019-02-20,252.0,-3.8219%,-0.0023,0.9803,0.0493,-1.161,2.1085%,2.5760%,33.0033%,-0.03405,ATVI,79678.0,2019-02-21,252.0,-2.0570%,-0.0024,0.9898,0.0648,-1.1436,2.1092%,2.5778%,33.0564%,-0.019679,ATVI,79678.0,2019-02-22,252.0,-0.9547%,-0.0025,0.9942,0.0579,-1.0964,2.1179%,2.5779%,32.5060%,-0.033247,ATVI,79678.0,2019-02-25,252.0,1.1084%,-0.0024,0.9927,0.0514,-1.1054,2.1174%,2.5786%,32.5754%,0.00767,ATVI,79678.0,2019-02-26,252.0,0.2860%,-0.0025,0.9782,0.0605,-1.1116,2.1125%,2.5671%,32.2781%,0.001029,ATVI,79678.0,2019-02-27,252.0,-0.6892%,-0.0025,0.9754,0.0637,-1.1121,2.1126%,2.5650%,32.1659%,-0.009321,ATVI,0.090599,0.10529,0.080485,0.045068,-0.0084799999999999
9771,ACTIVISION BLIZZARD INC,"Blizzard Pres Allen Brack, On Recent Layoffs, Says 'Currently staffing levels on some teams are out of proportion with our current release slate. This means we need to scale down some areas of our organization. (1/2)'",6,decrease,0.8,0.6,"the announcement of layoffs suggests financial instability and a potential reduction in future growth prospects, which could negatively impact investor sentiment and lead to a decrease in stock price.",0,2019-02-12,ATVI,2019-02-12 21:25:00+00:00,79678.0,00507V10,0.0388929843902587,33542350.0,0.0695944726467132,-0.0760193318128585,0.0192955043166875,-0.0125113567337393,-0.0182699058204889,0.0223255604505538,-0.0026905590202659,-0.1011705696582794,-0.0382194407284259,0.0226592868566513,-0.0205702967941761,0.016735503450036,-0.0095465751364827,-0.0260373260825872,0.011084315367043,0.0200820621103048,0.0028599321376532,0.0126831801608204,-0.006891656666994,-0.0216089449822902,0.0083751725032925,-0.0221756808459758,0.0166113134473562,0.011212158948183,-0.0245097856968641,0.0271621029824018,0.0021536289714276,-0.0220994669944047,0.0162368733435869,-0.0326824262738227,-0.0267857890576124,0.0268045682460069,0.0147272003814578,0.005304476711899,0.0211753379553556,0.0061913090758025,-0.0067566893994808,-0.0095157697796821,0.0250996872782707,0.0161151699721813,-0.0086956769227981,-0.0936708450317382,0.0302401054650545,0.0102301128208637,0.0076181972399353,0.0172103382647037,0.032243650406599,0.0303093027323484,-0.0056009981781244,0.0281959269195795,0.0528595894575119,0.0399029441177845,-0.0355966985225677,-0.0355092100799083,0.0023469300940632,0.0098775839433074,-0.0117070935666561,-0.0049145203083753,-0.0116304075345397,-0.0051020765677094,0.002196802990511,0.01335637178272,-0.0019728222396224,0.0552397444844245,0.0349220335483551,-0.0405669994652271,0.0072156232781708,-0.0255047995597124,0.0040034228004515,0.0155406296253204,-0.0144806383177638,-0.020921342074871,0.0070272963494062,0.0050976602360606,0.0059208874590694,-0.0140313748270273,-0.0117721538990736,-0.015666838735342,0.018081309273839,0.0012383396970108,-0.0144171006977558,0.0051867216825485,0.0023320037871599,0.0066833687014877,-0.0323603823781013,0.0137624712660908,-0.0150819374248385,-0.0191069971770048,-0.0017754511209204,0.0350387170910835,0.0073366346769034,-0.0017166957259178,0.0006620785570703,-0.0657578706741333,0.0258049890398979,-0.0509893484413623,0.0051602167077362,0.0301842596381902,0.0141176441684365,0.005320206284523,0.0156085565686225,-0.0031427980866283,0.0051921079866588,0.0171828288584947,-0.0039256699383258,-0.0157325323671102,0.0072599523700773,0.0322777144610881,0.0203871056437492,0.0024419806431978,-0.048435878008604,-0.0353356748819351,0.0214209612458944,-0.0489171519875526,-0.0307308882474899,0.0379845537245273,0.0029991299379616,-0.0180780366063118,-0.0038445175159722,-0.0248654689639806,0.0695944726467132,-0.0760193318128585,0.090232837410773,-0.0875795835676267,0.0703143861488737,-0.0672092864042462,0.0266378870866235,-0.1425822607459204,0.0028798377057417,-0.1418485360825836,0.1012719613895791,-0.1473214283545987,0.1283682583605825,-0.2557060457018396,2019-02-13,2019-02-14,2019-02-15,2019-02-19,2019-02-20,2019-02-21,2019-02-22,2019-02-25,2019-02-26,2019-02-27,79678.0,2019-02-12,252.0,3.8893%,-0.0024,1.0148,0.0518,-1.108,2.0552%,2.5427%,34.6663%,0.0232019999999999,ATVI,79678.0,2019-02-13,252.0,6.9594%,-0.0021,1.0235,0.0654,-1.0887,2.1015%,2.5788%,33.5905%,0.067397,ATVI,79678.0,2019-02-14,252.0,1.9296%,-0.002,1.0201,0.0748,-1.0999,2.1035%,2.5820%,33.6277%,0.014691,ATVI,79678.0,2019-02-15,252.0,-1.8270%,-0.0022,0.9922,0.0472,-1.1485,2.1059%,2.5793%,33.3392%,-0.024805,ATVI,79678.0,2019-02-19,252.0,-0.2691%,-0.0022,0.9871,0.055,-1.1393,2.1033%,2.5698%,33.0110%,-0.001367,ATVI,79678.0,2019-02-20,252.0,-3.8219%,-0.0023,0.9803,0.0493,-1.161,2.1085%,2.5760%,33.0033%,-0.03405,ATVI,79678.0,2019-02-21,252.0,-2.0570%,-0.0024,0.9898,0.0648,-1.1436,2.1092%,2.5778%,33.0564%,-0.019679,ATVI,79678.0,2019-02-22,252.0,-0.9547%,-0.0025,0.9942,0.0579,-1.0964,2.1179%,2.5779%,32.5060%,-0.033247,ATVI,79678.0,2019-02-25,252.0,1.1084%,-0.0024,0.9927,0.0514,-1.1054,2.1174%,2.5786%,32.5754%,0.00767,ATVI,79678.0,2019-02-26,252.0,0.2860%,-0.0025,0.9782,0.0605,-1.1116,2.1125%,2.5671%,32.2781%,0.001029,ATVI,79678.0,2019-02-27,252.0,-0.6892%,-0.0025,0.9754,0.0637,-1.1121,2.1126%,2.5650%,32.1659%,-0.009321,ATVI,0.090599,0.10529,0.080485,0.045068,-0.0084799999999999
9779,ACTIVISION BLIZZARD INC,'Activision Blizzard Begins Massive Layoffs' -Kotaku,6,decrease,0.8,0.7,"massive layoffs typically signal financial distress or restructuring, which can lead to a decrease in investor confidence and a subsequent drop in stock price.",0,2019-02-12,ATVI,2019-02-12 21:24:00+00:00,79678.0,00507V10,0.0388929843902587,33542350.0,0.0695944726467132,-0.0760193318128585,0.0192955043166875,-0.0125113567337393,-0.0182699058204889,0.0223255604505538,-0.0026905590202659,-0.1011705696582794,-0.0382194407284259,0.0226592868566513,-0.0205702967941761,0.016735503450036,-0.0095465751364827,-0.0260373260825872,0.011084315367043,0.0200820621103048,0.0028599321376532,0.0126831801608204,-0.006891656666994,-0.0216089449822902,0.0083751725032925,-0.0221756808459758,0.0166113134473562,0.011212158948183,-0.0245097856968641,0.0271621029824018,0.0021536289714276,-0.0220994669944047,0.0162368733435869,-0.0326824262738227,-0.0267857890576124,0.0268045682460069,0.0147272003814578,0.005304476711899,0.0211753379553556,0.0061913090758025,-0.0067566893994808,-0.0095157697796821,0.0250996872782707,0.0161151699721813,-0.0086956769227981,-0.0936708450317382,0.0302401054650545,0.0102301128208637,0.0076181972399353,0.0172103382647037,0.032243650406599,0.0303093027323484,-0.0056009981781244,0.0281959269195795,0.0528595894575119,0.0399029441177845,-0.0355966985225677,-0.0355092100799083,0.0023469300940632,0.0098775839433074,-0.0117070935666561,-0.0049145203083753,-0.0116304075345397,-0.0051020765677094,0.002196802990511,0.01335637178272,-0.0019728222396224,0.0552397444844245,0.0349220335483551,-0.0405669994652271,0.0072156232781708,-0.0255047995597124,0.0040034228004515,0.0155406296253204,-0.0144806383177638,-0.020921342074871,0.0070272963494062,0.0050976602360606,0.0059208874590694,-0.0140313748270273,-0.0117721538990736,-0.015666838735342,0.018081309273839,0.0012383396970108,-0.0144171006977558,0.0051867216825485,0.0023320037871599,0.0066833687014877,-0.0323603823781013,0.0137624712660908,-0.0150819374248385,-0.0191069971770048,-0.0017754511209204,0.0350387170910835,0.0073366346769034,-0.0017166957259178,0.0006620785570703,-0.0657578706741333,0.0258049890398979,-0.0509893484413623,0.0051602167077362,0.0301842596381902,0.0141176441684365,0.005320206284523,0.0156085565686225,-0.0031427980866283,0.0051921079866588,0.0171828288584947,-0.0039256699383258,-0.0157325323671102,0.0072599523700773,0.0322777144610881,0.0203871056437492,0.0024419806431978,-0.048435878008604,-0.0353356748819351,0.0214209612458944,-0.0489171519875526,-0.0307308882474899,0.0379845537245273,0.0029991299379616,-0.0180780366063118,-0.0038445175159722,-0.0248654689639806,0.0695944726467132,-0.0760193318128585,0.090232837410773,-0.0875795835676267,0.0703143861488737,-0.0672092864042462,0.0266378870866235,-0.1425822607459204,0.0028798377057417,-0.1418485360825836,0.1012719613895791,-0.1473214283545987,0.1283682583605825,-0.2557060457018396,2019-02-13,2019-02-14,2019-02-15,2019-02-19,2019-02-20,2019-02-21,2019-02-22,2019-02-25,2019-02-26,2019-02-27,79678.0,2019-02-12,252.0,3.8893%,-0.0024,1.0148,0.0518,-1.108,2.0552%,2.5427%,34.6663%,0.0232019999999999,ATVI,79678.0,2019-02-13,252.0,6.9594%,-0.0021,1.0235,0.0654,-1.0887,2.1015%,2.5788%,33.5905%,0.067397,ATVI,79678.0,2019-02-14,252.0,1.9296%,-0.002,1.0201,0.0748,-1.0999,2.1035%,2.5820%,33.6277%,0.014691,ATVI,79678.0,2019-02-15,252.0,-1.8270%,-0.0022,0.9922,0.0472,-1.1485,2.1059%,2.5793%,33.3392%,-0.024805,ATVI,79678.0,2019-02-19,252.0,-0.2691%,-0.0022,0.9871,0.055,-1.1393,2.1033%,2.5698%,33.0110%,-0.001367,ATVI,79678.0,2019-02-20,252.0,-3.8219%,-0.0023,0.9803,0.0493,-1.161,2.1085%,2.5760%,33.0033%,-0.03405,ATVI,79678.0,2019-02-21,252.0,-2.0570%,-0.0024,0.9898,0.0648,-1.1436,2.1092%,2.5778%,33.0564%,-0.019679,ATVI,79678.0,2019-02-22,252.0,-0.9547%,-0.0025,0.9942,0.0579,-1.0964,2.1179%,2.5779%,32.5060%,-0.033247,ATVI,79678.0,2019-02-25,252.0,1.1084%,-0.0024,0.9927,0.0514,-1.1054,2.1174%,2.5786%,32.5754%,0.00767,ATVI,79678.0,2019-02-26,252.0,0.2860%,-0.0025,0.9782,0.0605,-1.1116,2.1125%,2.5671%,32.2781%,0.001029,ATVI,79678.0,2019-02-27,252.0,-0.6892%,-0.0025,0.9754,0.0637,-1.1121,2.1126%,2.5650%,32.1659%,-0.009321,ATVI,0.090599,0.10529,0.080485,0.045068,-0.0084799999999999
9787,ACTIVISION BLIZZARD INC,"Activision Blizzard Sees CY19 Adj. EPS $1.85 Including $0.25 In GAAP Deferrals vs $2.58 Est., Sales $6.025B Including $275M In GAAP Deferrals vs $7.3B Est.",6,decrease,0.8,0.7,"the reported adjusted eps and sales figures significantly missed analyst estimates, which is likely to lead to a negative reaction in the stock price.",0,2019-02-12,ATVI,2019-02-12 21:20:00+00:00,79678.0,00507V10,0.0388929843902587,33542350.0,0.0695944726467132,-0.0760193318128585,0.0192955043166875,-0.0125113567337393,-0.0182699058204889,0.0223255604505538,-0.0026905590202659,-0.1011705696582794,-0.0382194407284259,0.0226592868566513,-0.0205702967941761,0.016735503450036,-0.0095465751364827,-0.0260373260825872,0.011084315367043,0.0200820621103048,0.0028599321376532,0.0126831801608204,-0.006891656666994,-0.0216089449822902,0.0083751725032925,-0.0221756808459758,0.0166113134473562,0.011212158948183,-0.0245097856968641,0.0271621029824018,0.0021536289714276,-0.0220994669944047,0.0162368733435869,-0.0326824262738227,-0.0267857890576124,0.0268045682460069,0.0147272003814578,0.005304476711899,0.0211753379553556,0.0061913090758025,-0.0067566893994808,-0.0095157697796821,0.0250996872782707,0.0161151699721813,-0.0086956769227981,-0.0936708450317382,0.0302401054650545,0.0102301128208637,0.0076181972399353,0.0172103382647037,0.032243650406599,0.0303093027323484,-0.0056009981781244,0.0281959269195795,0.0528595894575119,0.0399029441177845,-0.0355966985225677,-0.0355092100799083,0.0023469300940632,0.0098775839433074,-0.0117070935666561,-0.0049145203083753,-0.0116304075345397,-0.0051020765677094,0.002196802990511,0.01335637178272,-0.0019728222396224,0.0552397444844245,0.0349220335483551,-0.0405669994652271,0.0072156232781708,-0.0255047995597124,0.0040034228004515,0.0155406296253204,-0.0144806383177638,-0.020921342074871,0.0070272963494062,0.0050976602360606,0.0059208874590694,-0.0140313748270273,-0.0117721538990736,-0.015666838735342,0.018081309273839,0.0012383396970108,-0.0144171006977558,0.0051867216825485,0.0023320037871599,0.0066833687014877,-0.0323603823781013,0.0137624712660908,-0.0150819374248385,-0.0191069971770048,-0.0017754511209204,0.0350387170910835,0.0073366346769034,-0.0017166957259178,0.0006620785570703,-0.0657578706741333,0.0258049890398979,-0.0509893484413623,0.0051602167077362,0.0301842596381902,0.0141176441684365,0.005320206284523,0.0156085565686225,-0.0031427980866283,0.0051921079866588,0.0171828288584947,-0.0039256699383258,-0.0157325323671102,0.0072599523700773,0.0322777144610881,0.0203871056437492,0.0024419806431978,-0.048435878008604,-0.0353356748819351,0.0214209612458944,-0.0489171519875526,-0.0307308882474899,0.0379845537245273,0.0029991299379616,-0.0180780366063118,-0.0038445175159722,-0.0248654689639806,0.0695944726467132,-0.0760193318128585,0.090232837410773,-0.0875795835676267,0.0703143861488737,-0.0672092864042462,0.0266378870866235,-0.1425822607459204,0.0028798377057417,-0.1418485360825836,0.1012719613895791,-0.1473214283545987,0.1283682583605825,-0.2557060457018396,2019-02-13,2019-02-14,2019-02-15,2019-02-19,2019-02-20,2019-02-21,2019-02-22,2019-02-25,2019-02-26,2019-02-27,79678.0,2019-02-12,252.0,3.8893%,-0.0024,1.0148,0.0518,-1.108,2.0552%,2.5427%,34.6663%,0.0232019999999999,ATVI,79678.0,2019-02-13,252.0,6.9594%,-0.0021,1.0235,0.0654,-1.0887,2.1015%,2.5788%,33.5905%,0.067397,ATVI,79678.0,2019-02-14,252.0,1.9296%,-0.002,1.0201,0.0748,-1.0999,2.1035%,2.5820%,33.6277%,0.014691,ATVI,79678.0,2019-02-15,252.0,-1.8270%,-0.0022,0.9922,0.0472,-1.1485,2.1059%,2.5793%,33.3392%,-0.024805,ATVI,79678.0,2019-02-19,252.0,-0.2691%,-0.0022,0.9871,0.055,-1.1393,2.1033%,2.5698%,33.0110%,-0.001367,ATVI,79678.0,2019-02-20,252.0,-3.8219%,-0.0023,0.9803,0.0493,-1.161,2.1085%,2.5760%,33.0033%,-0.03405,ATVI,79678.0,2019-02-21,252.0,-2.0570%,-0.0024,0.9898,0.0648,-1.1436,2.1092%,2.5778%,33.0564%,-0.019679,ATVI,79678.0,2019-02-22,252.0,-0.9547%,-0.0025,0.9942,0.0579,-1.0964,2.1179%,2.5779%,32.5060%,-0.033247,ATVI,79678.0,2019-02-25,252.0,1.1084%,-0.0024,0.9927,0.0514,-1.1054,2.1174%,2.5786%,32.5754%,0.00767,ATVI,79678.0,2019-02-26,252.0,0.2860%,-0.0025,0.9782,0.0605,-1.1116,2.1125%,2.5671%,32.2781%,0.001029,ATVI,79678.0,2019-02-27,252.0,-0.6892%,-0.0025,0.9754,0.0637,-1.1121,2.1126%,2.5650%,32.1659%,-0.009321,ATVI,0.090599,0.10529,0.080485,0.045068,-0.0084799999999999
9795,ACTIVISION BLIZZARD INC,"Activision Blizzard Sees Q1 Adj. EPS $0.63 Including $(0.43) In GAAP Deferrals vs $0.46 Estimate, Adj. Sales $1.715B With $540M In GAAP Deferrals vs $1.46B Est.",6,increase,0.7,0.6,"the adjusted eps and sales exceeded estimates, indicating stronger-than-expected financial performance, which is likely to positively influence investor sentiment.",2,2019-02-12,ATVI,2019-02-12 21:17:00+00:00,79678.0,00507V10,0.0388929843902587,33542350.0,0.0695944726467132,-0.0760193318128585,0.0192955043166875,-0.0125113567337393,-0.0182699058204889,0.0223255604505538,-0.0026905590202659,-0.1011705696582794,-0.0382194407284259,0.0226592868566513,-0.0205702967941761,0.016735503450036,-0.0095465751364827,-0.0260373260825872,0.011084315367043,0.0200820621103048,0.0028599321376532,0.0126831801608204,-0.006891656666994,-0.0216089449822902,0.0083751725032925,-0.0221756808459758,0.0166113134473562,0.011212158948183,-0.0245097856968641,0.0271621029824018,0.0021536289714276,-0.0220994669944047,0.0162368733435869,-0.0326824262738227,-0.0267857890576124,0.0268045682460069,0.0147272003814578,0.005304476711899,0.0211753379553556,0.0061913090758025,-0.0067566893994808,-0.0095157697796821,0.0250996872782707,0.0161151699721813,-0.0086956769227981,-0.0936708450317382,0.0302401054650545,0.0102301128208637,0.0076181972399353,0.0172103382647037,0.032243650406599,0.0303093027323484,-0.0056009981781244,0.0281959269195795,0.0528595894575119,0.0399029441177845,-0.0355966985225677,-0.0355092100799083,0.0023469300940632,0.0098775839433074,-0.0117070935666561,-0.0049145203083753,-0.0116304075345397,-0.0051020765677094,0.002196802990511,0.01335637178272,-0.0019728222396224,0.0552397444844245,0.0349220335483551,-0.0405669994652271,0.0072156232781708,-0.0255047995597124,0.0040034228004515,0.0155406296253204,-0.0144806383177638,-0.020921342074871,0.0070272963494062,0.0050976602360606,0.0059208874590694,-0.0140313748270273,-0.0117721538990736,-0.015666838735342,0.018081309273839,0.0012383396970108,-0.0144171006977558,0.0051867216825485,0.0023320037871599,0.0066833687014877,-0.0323603823781013,0.0137624712660908,-0.0150819374248385,-0.0191069971770048,-0.0017754511209204,0.0350387170910835,0.0073366346769034,-0.0017166957259178,0.0006620785570703,-0.0657578706741333,0.0258049890398979,-0.0509893484413623,0.0051602167077362,0.0301842596381902,0.0141176441684365,0.005320206284523,0.0156085565686225,-0.0031427980866283,0.0051921079866588,0.0171828288584947,-0.0039256699383258,-0.0157325323671102,0.0072599523700773,0.0322777144610881,0.0203871056437492,0.0024419806431978,-0.048435878008604,-0.0353356748819351,0.0214209612458944,-0.0489171519875526,-0.0307308882474899,0.0379845537245273,0.0029991299379616,-0.0180780366063118,-0.0038445175159722,-0.0248654689639806,0.0695944726467132,-0.0760193318128585,0.090232837410773,-0.0875795835676267,0.0703143861488737,-0.0672092864042462,0.0266378870866235,-0.1425822607459204,0.0028798377057417,-0.1418485360825836,0.1012719613895791,-0.1473214283545987,0.1283682583605825,-0.2557060457018396,2019-02-13,2019-02-14,2019-02-15,2019-02-19,2019-02-20,2019-02-21,2019-02-22,2019-02-25,2019-02-26,2019-02-27,79678.0,2019-02-12,252.0,3.8893%,-0.0024,1.0148,0.0518,-1.108,2.0552%,2.5427%,34.6663%,0.0232019999999999,ATVI,79678.0,2019-02-13,252.0,6.9594%,-0.0021,1.0235,0.0654,-1.0887,2.1015%,2.5788%,33.5905%,0.067397,ATVI,79678.0,2019-02-14,252.0,1.9296%,-0.002,1.0201,0.0748,-1.0999,2.1035%,2.5820%,33.6277%,0.014691,ATVI,79678.0,2019-02-15,252.0,-1.8270%,-0.0022,0.9922,0.0472,-1.1485,2.1059%,2.5793%,33.3392%,-0.024805,ATVI,79678.0,2019-02-19,252.0,-0.2691%,-0.0022,0.9871,0.055,-1.1393,2.1033%,2.5698%,33.0110%,-0.001367,ATVI,79678.0,2019-02-20,252.0,-3.8219%,-0.0023,0.9803,0.0493,-1.161,2.1085%,2.5760%,33.0033%,-0.03405,ATVI,79678.0,2019-02-21,252.0,-2.0570%,-0.0024,0.9898,0.0648,-1.1436,2.1092%,2.5778%,33.0564%,-0.019679,ATVI,79678.0,2019-02-22,252.0,-0.9547%,-0.0025,0.9942,0.0579,-1.0964,2.1179%,2.5779%,32.5060%,-0.033247,ATVI,79678.0,2019-02-25,252.0,1.1084%,-0.0024,0.9927,0.0514,-1.1054,2.1174%,2.5786%,32.5754%,0.00767,ATVI,79678.0,2019-02-26,252.0,0.2860%,-0.0025,0.9782,0.0605,-1.1116,2.1125%,2.5671%,32.2781%,0.001029,ATVI,79678.0,2019-02-27,252.0,-0.6892%,-0.0025,0.9754,0.0637,-1.1121,2.1126%,2.5650%,32.1659%,-0.009321,ATVI,0.090599,0.10529,0.080485,0.045068,-0.0084799999999999
9803,ACTIVISION BLIZZARD INC,UPDATE: Activision Blizzard Adj. Sales $2.84B vs $3.04B Est.,6,decrease,0.8,0.7,"the reported adjusted sales of $2.84 billion fell short of the $3.04 billion estimate, likely leading to negative investor sentiment and a decrease in stock price.",0,2019-02-12,ATVI,2019-02-12 21:17:00+00:00,79678.0,00507V10,0.0388929843902587,33542350.0,0.0695944726467132,-0.0760193318128585,0.0192955043166875,-0.0125113567337393,-0.0182699058204889,0.0223255604505538,-0.0026905590202659,-0.1011705696582794,-0.0382194407284259,0.0226592868566513,-0.0205702967941761,0.016735503450036,-0.0095465751364827,-0.0260373260825872,0.011084315367043,0.0200820621103048,0.0028599321376532,0.0126831801608204,-0.006891656666994,-0.0216089449822902,0.0083751725032925,-0.0221756808459758,0.0166113134473562,0.011212158948183,-0.0245097856968641,0.0271621029824018,0.0021536289714276,-0.0220994669944047,0.0162368733435869,-0.0326824262738227,-0.0267857890576124,0.0268045682460069,0.0147272003814578,0.005304476711899,0.0211753379553556,0.0061913090758025,-0.0067566893994808,-0.0095157697796821,0.0250996872782707,0.0161151699721813,-0.0086956769227981,-0.0936708450317382,0.0302401054650545,0.0102301128208637,0.0076181972399353,0.0172103382647037,0.032243650406599,0.0303093027323484,-0.0056009981781244,0.0281959269195795,0.0528595894575119,0.0399029441177845,-0.0355966985225677,-0.0355092100799083,0.0023469300940632,0.0098775839433074,-0.0117070935666561,-0.0049145203083753,-0.0116304075345397,-0.0051020765677094,0.002196802990511,0.01335637178272,-0.0019728222396224,0.0552397444844245,0.0349220335483551,-0.0405669994652271,0.0072156232781708,-0.0255047995597124,0.0040034228004515,0.0155406296253204,-0.0144806383177638,-0.020921342074871,0.0070272963494062,0.0050976602360606,0.0059208874590694,-0.0140313748270273,-0.0117721538990736,-0.015666838735342,0.018081309273839,0.0012383396970108,-0.0144171006977558,0.0051867216825485,0.0023320037871599,0.0066833687014877,-0.0323603823781013,0.0137624712660908,-0.0150819374248385,-0.0191069971770048,-0.0017754511209204,0.0350387170910835,0.0073366346769034,-0.0017166957259178,0.0006620785570703,-0.0657578706741333,0.0258049890398979,-0.0509893484413623,0.0051602167077362,0.0301842596381902,0.0141176441684365,0.005320206284523,0.0156085565686225,-0.0031427980866283,0.0051921079866588,0.0171828288584947,-0.0039256699383258,-0.0157325323671102,0.0072599523700773,0.0322777144610881,0.0203871056437492,0.0024419806431978,-0.048435878008604,-0.0353356748819351,0.0214209612458944,-0.0489171519875526,-0.0307308882474899,0.0379845537245273,0.0029991299379616,-0.0180780366063118,-0.0038445175159722,-0.0248654689639806,0.0695944726467132,-0.0760193318128585,0.090232837410773,-0.0875795835676267,0.0703143861488737,-0.0672092864042462,0.0266378870866235,-0.1425822607459204,0.0028798377057417,-0.1418485360825836,0.1012719613895791,-0.1473214283545987,0.1283682583605825,-0.2557060457018396,2019-02-13,2019-02-14,2019-02-15,2019-02-19,2019-02-20,2019-02-21,2019-02-22,2019-02-25,2019-02-26,2019-02-27,79678.0,2019-02-12,252.0,3.8893%,-0.0024,1.0148,0.0518,-1.108,2.0552%,2.5427%,34.6663%,0.0232019999999999,ATVI,79678.0,2019-02-13,252.0,6.9594%,-0.0021,1.0235,0.0654,-1.0887,2.1015%,2.5788%,33.5905%,0.067397,ATVI,79678.0,2019-02-14,252.0,1.9296%,-0.002,1.0201,0.0748,-1.0999,2.1035%,2.5820%,33.6277%,0.014691,ATVI,79678.0,2019-02-15,252.0,-1.8270%,-0.0022,0.9922,0.0472,-1.1485,2.1059%,2.5793%,33.3392%,-0.024805,ATVI,79678.0,2019-02-19,252.0,-0.2691%,-0.0022,0.9871,0.055,-1.1393,2.1033%,2.5698%,33.0110%,-0.001367,ATVI,79678.0,2019-02-20,252.0,-3.8219%,-0.0023,0.9803,0.0493,-1.161,2.1085%,2.5760%,33.0033%,-0.03405,ATVI,79678.0,2019-02-21,252.0,-2.0570%,-0.0024,0.9898,0.0648,-1.1436,2.1092%,2.5778%,33.0564%,-0.019679,ATVI,79678.0,2019-02-22,252.0,-0.9547%,-0.0025,0.9942,0.0579,-1.0964,2.1179%,2.5779%,32.5060%,-0.033247,ATVI,79678.0,2019-02-25,252.0,1.1084%,-0.0024,0.9927,0.0514,-1.1054,2.1174%,2.5786%,32.5754%,0.00767,ATVI,79678.0,2019-02-26,252.0,0.2860%,-0.0025,0.9782,0.0605,-1.1116,2.1125%,2.5671%,32.2781%,0.001029,ATVI,79678.0,2019-02-27,252.0,-0.6892%,-0.0025,0.9754,0.0637,-1.1121,2.1126%,2.5650%,32.1659%,-0.009321,ATVI,0.090599,0.10529,0.080485,0.045068,-0.0084799999999999
9811,ACTIVISION BLIZZARD INC,"Activision Blizzard Q4 Adj. EPS $1.29, Inline, Sales $2.38B Miss $3.04B Estimate",6,decrease,0.75,0.6,"the significant miss in sales compared to estimates is likely to negatively impact investor sentiment, despite the adjusted eps being inline.",0,2019-02-12,ATVI,2019-02-12 21:16:00+00:00,79678.0,00507V10,0.0388929843902587,33542350.0,0.0695944726467132,-0.0760193318128585,0.0192955043166875,-0.0125113567337393,-0.0182699058204889,0.0223255604505538,-0.0026905590202659,-0.1011705696582794,-0.0382194407284259,0.0226592868566513,-0.0205702967941761,0.016735503450036,-0.0095465751364827,-0.0260373260825872,0.011084315367043,0.0200820621103048,0.0028599321376532,0.0126831801608204,-0.006891656666994,-0.0216089449822902,0.0083751725032925,-0.0221756808459758,0.0166113134473562,0.011212158948183,-0.0245097856968641,0.0271621029824018,0.0021536289714276,-0.0220994669944047,0.0162368733435869,-0.0326824262738227,-0.0267857890576124,0.0268045682460069,0.0147272003814578,0.005304476711899,0.0211753379553556,0.0061913090758025,-0.0067566893994808,-0.0095157697796821,0.0250996872782707,0.0161151699721813,-0.0086956769227981,-0.0936708450317382,0.0302401054650545,0.0102301128208637,0.0076181972399353,0.0172103382647037,0.032243650406599,0.0303093027323484,-0.0056009981781244,0.0281959269195795,0.0528595894575119,0.0399029441177845,-0.0355966985225677,-0.0355092100799083,0.0023469300940632,0.0098775839433074,-0.0117070935666561,-0.0049145203083753,-0.0116304075345397,-0.0051020765677094,0.002196802990511,0.01335637178272,-0.0019728222396224,0.0552397444844245,0.0349220335483551,-0.0405669994652271,0.0072156232781708,-0.0255047995597124,0.0040034228004515,0.0155406296253204,-0.0144806383177638,-0.020921342074871,0.0070272963494062,0.0050976602360606,0.0059208874590694,-0.0140313748270273,-0.0117721538990736,-0.015666838735342,0.018081309273839,0.0012383396970108,-0.0144171006977558,0.0051867216825485,0.0023320037871599,0.0066833687014877,-0.0323603823781013,0.0137624712660908,-0.0150819374248385,-0.0191069971770048,-0.0017754511209204,0.0350387170910835,0.0073366346769034,-0.0017166957259178,0.0006620785570703,-0.0657578706741333,0.0258049890398979,-0.0509893484413623,0.0051602167077362,0.0301842596381902,0.0141176441684365,0.005320206284523,0.0156085565686225,-0.0031427980866283,0.0051921079866588,0.0171828288584947,-0.0039256699383258,-0.0157325323671102,0.0072599523700773,0.0322777144610881,0.0203871056437492,0.0024419806431978,-0.048435878008604,-0.0353356748819351,0.0214209612458944,-0.0489171519875526,-0.0307308882474899,0.0379845537245273,0.0029991299379616,-0.0180780366063118,-0.0038445175159722,-0.0248654689639806,0.0695944726467132,-0.0760193318128585,0.090232837410773,-0.0875795835676267,0.0703143861488737,-0.0672092864042462,0.0266378870866235,-0.1425822607459204,0.0028798377057417,-0.1418485360825836,0.1012719613895791,-0.1473214283545987,0.1283682583605825,-0.2557060457018396,2019-02-13,2019-02-14,2019-02-15,2019-02-19,2019-02-20,2019-02-21,2019-02-22,2019-02-25,2019-02-26,2019-02-27,79678.0,2019-02-12,252.0,3.8893%,-0.0024,1.0148,0.0518,-1.108,2.0552%,2.5427%,34.6663%,0.0232019999999999,ATVI,79678.0,2019-02-13,252.0,6.9594%,-0.0021,1.0235,0.0654,-1.0887,2.1015%,2.5788%,33.5905%,0.067397,ATVI,79678.0,2019-02-14,252.0,1.9296%,-0.002,1.0201,0.0748,-1.0999,2.1035%,2.5820%,33.6277%,0.014691,ATVI,79678.0,2019-02-15,252.0,-1.8270%,-0.0022,0.9922,0.0472,-1.1485,2.1059%,2.5793%,33.3392%,-0.024805,ATVI,79678.0,2019-02-19,252.0,-0.2691%,-0.0022,0.9871,0.055,-1.1393,2.1033%,2.5698%,33.0110%,-0.001367,ATVI,79678.0,2019-02-20,252.0,-3.8219%,-0.0023,0.9803,0.0493,-1.161,2.1085%,2.5760%,33.0033%,-0.03405,ATVI,79678.0,2019-02-21,252.0,-2.0570%,-0.0024,0.9898,0.0648,-1.1436,2.1092%,2.5778%,33.0564%,-0.019679,ATVI,79678.0,2019-02-22,252.0,-0.9547%,-0.0025,0.9942,0.0579,-1.0964,2.1179%,2.5779%,32.5060%,-0.033247,ATVI,79678.0,2019-02-25,252.0,1.1084%,-0.0024,0.9927,0.0514,-1.1054,2.1174%,2.5786%,32.5754%,0.00767,ATVI,79678.0,2019-02-26,252.0,0.2860%,-0.0025,0.9782,0.0605,-1.1116,2.1125%,2.5671%,32.2781%,0.001029,ATVI,79678.0,2019-02-27,252.0,-0.6892%,-0.0025,0.9754,0.0637,-1.1121,2.1126%,2.5650%,32.1659%,-0.009321,ATVI,0.090599,0.10529,0.080485,0.045068,-0.0084799999999999
9819,ACTIVISION BLIZZARD INC,Activision Blizzard To Report Q4 Earnings After The Closing Bell; Co. Historically Issues Its Report At Or Around 4:05 p.m. ET,6,uncertain,0.6,0.5,"the announcement of earnings reports can lead to volatility in stock prices, as the actual results may differ from market expectations, making the impact on the stock price uncertain.",1,2019-02-12,ATVI,2019-02-12 20:36:00+00:00,79678.0,00507V10,0.0388929843902587,33542350.0,0.0695944726467132,-0.0760193318128585,0.0192955043166875,-0.0125113567337393,-0.0182699058204889,0.0223255604505538,-0.0026905590202659,-0.1011705696582794,-0.0382194407284259,0.0226592868566513,-0.0205702967941761,0.016735503450036,-0.0095465751364827,-0.0260373260825872,0.011084315367043,0.0200820621103048,0.0028599321376532,0.0126831801608204,-0.006891656666994,-0.0216089449822902,0.0083751725032925,-0.0221756808459758,0.0166113134473562,0.011212158948183,-0.0245097856968641,0.0271621029824018,0.0021536289714276,-0.0220994669944047,0.0162368733435869,-0.0326824262738227,-0.0267857890576124,0.0268045682460069,0.0147272003814578,0.005304476711899,0.0211753379553556,0.0061913090758025,-0.0067566893994808,-0.0095157697796821,0.0250996872782707,0.0161151699721813,-0.0086956769227981,-0.0936708450317382,0.0302401054650545,0.0102301128208637,0.0076181972399353,0.0172103382647037,0.032243650406599,0.0303093027323484,-0.0056009981781244,0.0281959269195795,0.0528595894575119,0.0399029441177845,-0.0355966985225677,-0.0355092100799083,0.0023469300940632,0.0098775839433074,-0.0117070935666561,-0.0049145203083753,-0.0116304075345397,-0.0051020765677094,0.002196802990511,0.01335637178272,-0.0019728222396224,0.0552397444844245,0.0349220335483551,-0.0405669994652271,0.0072156232781708,-0.0255047995597124,0.0040034228004515,0.0155406296253204,-0.0144806383177638,-0.020921342074871,0.0070272963494062,0.0050976602360606,0.0059208874590694,-0.0140313748270273,-0.0117721538990736,-0.015666838735342,0.018081309273839,0.0012383396970108,-0.0144171006977558,0.0051867216825485,0.0023320037871599,0.0066833687014877,-0.0323603823781013,0.0137624712660908,-0.0150819374248385,-0.0191069971770048,-0.0017754511209204,0.0350387170910835,0.0073366346769034,-0.0017166957259178,0.0006620785570703,-0.0657578706741333,0.0258049890398979,-0.0509893484413623,0.0051602167077362,0.0301842596381902,0.0141176441684365,0.005320206284523,0.0156085565686225,-0.0031427980866283,0.0051921079866588,0.0171828288584947,-0.0039256699383258,-0.0157325323671102,0.0072599523700773,0.0322777144610881,0.0203871056437492,0.0024419806431978,-0.048435878008604,-0.0353356748819351,0.0214209612458944,-0.0489171519875526,-0.0307308882474899,0.0379845537245273,0.0029991299379616,-0.0180780366063118,-0.0038445175159722,-0.0248654689639806,0.0695944726467132,-0.0760193318128585,0.090232837410773,-0.0875795835676267,0.0703143861488737,-0.0672092864042462,0.0266378870866235,-0.1425822607459204,0.0028798377057417,-0.1418485360825836,0.1012719613895791,-0.1473214283545987,0.1283682583605825,-0.2557060457018396,2019-02-13,2019-02-14,2019-02-15,2019-02-19,2019-02-20,2019-02-21,2019-02-22,2019-02-25,2019-02-26,2019-02-27,79678.0,2019-02-12,252.0,3.8893%,-0.0024,1.0148,0.0518,-1.108,2.0552%,2.5427%,34.6663%,0.0232019999999999,ATVI,79678.0,2019-02-13,252.0,6.9594%,-0.0021,1.0235,0.0654,-1.0887,2.1015%,2.5788%,33.5905%,0.067397,ATVI,79678.0,2019-02-14,252.0,1.9296%,-0.002,1.0201,0.0748,-1.0999,2.1035%,2.5820%,33.6277%,0.014691,ATVI,79678.0,2019-02-15,252.0,-1.8270%,-0.0022,0.9922,0.0472,-1.1485,2.1059%,2.5793%,33.3392%,-0.024805,ATVI,79678.0,2019-02-19,252.0,-0.2691%,-0.0022,0.9871,0.055,-1.1393,2.1033%,2.5698%,33.0110%,-0.001367,ATVI,79678.0,2019-02-20,252.0,-3.8219%,-0.0023,0.9803,0.0493,-1.161,2.1085%,2.5760%,33.0033%,-0.03405,ATVI,79678.0,2019-02-21,252.0,-2.0570%,-0.0024,0.9898,0.0648,-1.1436,2.1092%,2.5778%,33.0564%,-0.019679,ATVI,79678.0,2019-02-22,252.0,-0.9547%,-0.0025,0.9942,0.0579,-1.0964,2.1179%,2.5779%,32.5060%,-0.033247,ATVI,79678.0,2019-02-25,252.0,1.1084%,-0.0024,0.9927,0.0514,-1.1054,2.1174%,2.5786%,32.5754%,0.00767,ATVI,79678.0,2019-02-26,252.0,0.2860%,-0.0025,0.9782,0.0605,-1.1116,2.1125%,2.5671%,32.2781%,0.001029,ATVI,79678.0,2019-02-27,252.0,-0.6892%,-0.0025,0.9754,0.0637,-1.1121,2.1126%,2.5650%,32.1659%,-0.009321,ATVI,0.090599,0.10529,0.080485,0.045068,-0.0084799999999999
9827,ACTIVISION BLIZZARD INC,'...Earnings is at 5pm ET - news should be around then.' -Jason Schreier Tweets 2/2,6,uncertain,0.5,0.5,the impact on activision blizzard inc's stock price is uncertain as earnings announcements can lead to both positive and negative reactions depending on the results and market expectations.,1,2019-02-12,ATVI,2019-02-12 17:52:00+00:00,79678.0,00507V10,0.0388929843902587,33542350.0,0.0695944726467132,-0.0760193318128585,0.0192955043166875,-0.0125113567337393,-0.0182699058204889,0.0223255604505538,-0.0026905590202659,-0.1011705696582794,-0.0382194407284259,0.0226592868566513,-0.0205702967941761,0.016735503450036,-0.0095465751364827,-0.0260373260825872,0.011084315367043,0.0200820621103048,0.0028599321376532,0.0126831801608204,-0.006891656666994,-0.0216089449822902,0.0083751725032925,-0.0221756808459758,0.0166113134473562,0.011212158948183,-0.0245097856968641,0.0271621029824018,0.0021536289714276,-0.0220994669944047,0.0162368733435869,-0.0326824262738227,-0.0267857890576124,0.0268045682460069,0.0147272003814578,0.005304476711899,0.0211753379553556,0.0061913090758025,-0.0067566893994808,-0.0095157697796821,0.0250996872782707,0.0161151699721813,-0.0086956769227981,-0.0936708450317382,0.0302401054650545,0.0102301128208637,0.0076181972399353,0.0172103382647037,0.032243650406599,0.0303093027323484,-0.0056009981781244,0.0281959269195795,0.0528595894575119,0.0399029441177845,-0.0355966985225677,-0.0355092100799083,0.0023469300940632,0.0098775839433074,-0.0117070935666561,-0.0049145203083753,-0.0116304075345397,-0.0051020765677094,0.002196802990511,0.01335637178272,-0.0019728222396224,0.0552397444844245,0.0349220335483551,-0.0405669994652271,0.0072156232781708,-0.0255047995597124,0.0040034228004515,0.0155406296253204,-0.0144806383177638,-0.020921342074871,0.0070272963494062,0.0050976602360606,0.0059208874590694,-0.0140313748270273,-0.0117721538990736,-0.015666838735342,0.018081309273839,0.0012383396970108,-0.0144171006977558,0.0051867216825485,0.0023320037871599,0.0066833687014877,-0.0323603823781013,0.0137624712660908,-0.0150819374248385,-0.0191069971770048,-0.0017754511209204,0.0350387170910835,0.0073366346769034,-0.0017166957259178,0.0006620785570703,-0.0657578706741333,0.0258049890398979,-0.0509893484413623,0.0051602167077362,0.0301842596381902,0.0141176441684365,0.005320206284523,0.0156085565686225,-0.0031427980866283,0.0051921079866588,0.0171828288584947,-0.0039256699383258,-0.0157325323671102,0.0072599523700773,0.0322777144610881,0.0203871056437492,0.0024419806431978,-0.048435878008604,-0.0353356748819351,0.0214209612458944,-0.0489171519875526,-0.0307308882474899,0.0379845537245273,0.0029991299379616,-0.0180780366063118,-0.0038445175159722,-0.0248654689639806,0.0695944726467132,-0.0760193318128585,0.090232837410773,-0.0875795835676267,0.0703143861488737,-0.0672092864042462,0.0266378870866235,-0.1425822607459204,0.0028798377057417,-0.1418485360825836,0.1012719613895791,-0.1473214283545987,0.1283682583605825,-0.2557060457018396,2019-02-13,2019-02-14,2019-02-15,2019-02-19,2019-02-20,2019-02-21,2019-02-22,2019-02-25,2019-02-26,2019-02-27,79678.0,2019-02-12,252.0,3.8893%,-0.0024,1.0148,0.0518,-1.108,2.0552%,2.5427%,34.6663%,0.0232019999999999,ATVI,79678.0,2019-02-13,252.0,6.9594%,-0.0021,1.0235,0.0654,-1.0887,2.1015%,2.5788%,33.5905%,0.067397,ATVI,79678.0,2019-02-14,252.0,1.9296%,-0.002,1.0201,0.0748,-1.0999,2.1035%,2.5820%,33.6277%,0.014691,ATVI,79678.0,2019-02-15,252.0,-1.8270%,-0.0022,0.9922,0.0472,-1.1485,2.1059%,2.5793%,33.3392%,-0.024805,ATVI,79678.0,2019-02-19,252.0,-0.2691%,-0.0022,0.9871,0.055,-1.1393,2.1033%,2.5698%,33.0110%,-0.001367,ATVI,79678.0,2019-02-20,252.0,-3.8219%,-0.0023,0.9803,0.0493,-1.161,2.1085%,2.5760%,33.0033%,-0.03405,ATVI,79678.0,2019-02-21,252.0,-2.0570%,-0.0024,0.9898,0.0648,-1.1436,2.1092%,2.5778%,33.0564%,-0.019679,ATVI,79678.0,2019-02-22,252.0,-0.9547%,-0.0025,0.9942,0.0579,-1.0964,2.1179%,2.5779%,32.5060%,-0.033247,ATVI,79678.0,2019-02-25,252.0,1.1084%,-0.0024,0.9927,0.0514,-1.1054,2.1174%,2.5786%,32.5754%,0.00767,ATVI,79678.0,2019-02-26,252.0,0.2860%,-0.0025,0.9782,0.0605,-1.1116,2.1125%,2.5671%,32.2781%,0.001029,ATVI,79678.0,2019-02-27,252.0,-0.6892%,-0.0025,0.9754,0.0637,-1.1121,2.1126%,2.5650%,32.1659%,-0.009321,ATVI,0.090599,0.10529,0.080485,0.045068,-0.0084799999999999
9835,ACTIVISION BLIZZARD INC,"'..they brace for today's layoffs, Blizzard employees are crying and hugging in the parking lot, according to a person there. Still no official word from the company, but people in publishing and esports are expecting big cuts.' -Jason Schreier Tweets 1/2",6,decrease,0.8,0.7,"the news of impending layoffs and employee distress typically signals financial instability and can negatively impact investor sentiment, leading to a decrease in stock price.",0,2019-02-12,ATVI,2019-02-12 17:51:00+00:00,79678.0,00507V10,0.0388929843902587,33542350.0,0.0695944726467132,-0.0760193318128585,0.0192955043166875,-0.0125113567337393,-0.0182699058204889,0.0223255604505538,-0.0026905590202659,-0.1011705696582794,-0.0382194407284259,0.0226592868566513,-0.0205702967941761,0.016735503450036,-0.0095465751364827,-0.0260373260825872,0.011084315367043,0.0200820621103048,0.0028599321376532,0.0126831801608204,-0.006891656666994,-0.0216089449822902,0.0083751725032925,-0.0221756808459758,0.0166113134473562,0.011212158948183,-0.0245097856968641,0.0271621029824018,0.0021536289714276,-0.0220994669944047,0.0162368733435869,-0.0326824262738227,-0.0267857890576124,0.0268045682460069,0.0147272003814578,0.005304476711899,0.0211753379553556,0.0061913090758025,-0.0067566893994808,-0.0095157697796821,0.0250996872782707,0.0161151699721813,-0.0086956769227981,-0.0936708450317382,0.0302401054650545,0.0102301128208637,0.0076181972399353,0.0172103382647037,0.032243650406599,0.0303093027323484,-0.0056009981781244,0.0281959269195795,0.0528595894575119,0.0399029441177845,-0.0355966985225677,-0.0355092100799083,0.0023469300940632,0.0098775839433074,-0.0117070935666561,-0.0049145203083753,-0.0116304075345397,-0.0051020765677094,0.002196802990511,0.01335637178272,-0.0019728222396224,0.0552397444844245,0.0349220335483551,-0.0405669994652271,0.0072156232781708,-0.0255047995597124,0.0040034228004515,0.0155406296253204,-0.0144806383177638,-0.020921342074871,0.0070272963494062,0.0050976602360606,0.0059208874590694,-0.0140313748270273,-0.0117721538990736,-0.015666838735342,0.018081309273839,0.0012383396970108,-0.0144171006977558,0.0051867216825485,0.0023320037871599,0.0066833687014877,-0.0323603823781013,0.0137624712660908,-0.0150819374248385,-0.0191069971770048,-0.0017754511209204,0.0350387170910835,0.0073366346769034,-0.0017166957259178,0.0006620785570703,-0.0657578706741333,0.0258049890398979,-0.0509893484413623,0.0051602167077362,0.0301842596381902,0.0141176441684365,0.005320206284523,0.0156085565686225,-0.0031427980866283,0.0051921079866588,0.0171828288584947,-0.0039256699383258,-0.0157325323671102,0.0072599523700773,0.0322777144610881,0.0203871056437492,0.0024419806431978,-0.048435878008604,-0.0353356748819351,0.0214209612458944,-0.0489171519875526,-0.0307308882474899,0.0379845537245273,0.0029991299379616,-0.0180780366063118,-0.0038445175159722,-0.0248654689639806,0.0695944726467132,-0.0760193318128585,0.090232837410773,-0.0875795835676267,0.0703143861488737,-0.0672092864042462,0.0266378870866235,-0.1425822607459204,0.0028798377057417,-0.1418485360825836,0.1012719613895791,-0.1473214283545987,0.1283682583605825,-0.2557060457018396,2019-02-13,2019-02-14,2019-02-15,2019-02-19,2019-02-20,2019-02-21,2019-02-22,2019-02-25,2019-02-26,2019-02-27,79678.0,2019-02-12,252.0,3.8893%,-0.0024,1.0148,0.0518,-1.108,2.0552%,2.5427%,34.6663%,0.0232019999999999,ATVI,79678.0,2019-02-13,252.0,6.9594%,-0.0021,1.0235,0.0654,-1.0887,2.1015%,2.5788%,33.5905%,0.067397,ATVI,79678.0,2019-02-14,252.0,1.9296%,-0.002,1.0201,0.0748,-1.0999,2.1035%,2.5820%,33.6277%,0.014691,ATVI,79678.0,2019-02-15,252.0,-1.8270%,-0.0022,0.9922,0.0472,-1.1485,2.1059%,2.5793%,33.3392%,-0.024805,ATVI,79678.0,2019-02-19,252.0,-0.2691%,-0.0022,0.9871,0.055,-1.1393,2.1033%,2.5698%,33.0110%,-0.001367,ATVI,79678.0,2019-02-20,252.0,-3.8219%,-0.0023,0.9803,0.0493,-1.161,2.1085%,2.5760%,33.0033%,-0.03405,ATVI,79678.0,2019-02-21,252.0,-2.0570%,-0.0024,0.9898,0.0648,-1.1436,2.1092%,2.5778%,33.0564%,-0.019679,ATVI,79678.0,2019-02-22,252.0,-0.9547%,-0.0025,0.9942,0.0579,-1.0964,2.1179%,2.5779%,32.5060%,-0.033247,ATVI,79678.0,2019-02-25,252.0,1.1084%,-0.0024,0.9927,0.0514,-1.1054,2.1174%,2.5786%,32.5754%,0.00767,ATVI,79678.0,2019-02-26,252.0,0.2860%,-0.0025,0.9782,0.0605,-1.1116,2.1125%,2.5671%,32.2781%,0.001029,ATVI,79678.0,2019-02-27,252.0,-0.6892%,-0.0025,0.9754,0.0637,-1.1121,2.1126%,2.5650%,32.1659%,-0.009321,ATVI,0.090599,0.10529,0.080485,0.045068,-0.0084799999999999
9843,AUBURN NATIONAL BANCORP,Auburn National Bancorp Increases Quarterly Dividend From $0.24/Share To $0.25/Share,6,increase,0.8,0.6,"increasing the quarterly dividend typically signals financial strength and can attract more investors, likely leading to a rise in stock price.",2,2019-02-12,AUBN,2019-02-12 16:49:00+00:00,82251.0,05047310,0.0101626683026552,2836.0,-0.0071859727613627,0.0129411360248923,-0.0083960890769958,0.0201019532978534,-0.0026277417782694,0.0024060700088739,-0.0043911454267799,0.002714117988944,-0.0255806818604469,0.0156201627105474,0.02776107378304,-0.0082015991210937,0.0117439134046435,0.0110564120113849,-0.0127683877944946,-0.0280596613883972,0.0117577221244573,0.0,-0.0334107428789138,-0.0005966723547317,0.013525721617043,0.0108564719557762,0.0124554615467786,-0.0101492581889033,0.0155242765322327,0.0,-0.0175943709909915,-0.017595263198018,-0.0099823884665966,0.0148809533566236,0.0014827768318355,-0.026087000966072,-0.0363962166011333,-0.0091901123523712,0.048606801778078,-0.0093883872032165,-0.0330675803124904,0.024482661858201,0.0195419657975435,-0.0069463928230106,0.0374363586306572,-0.0023101884871721,-0.0072170901112258,-0.0345692187547683,0.003198622027412,-0.0510582104325294,0.0147825600579381,0.0142205199226737,0.0062839542515575,0.064249001443386,0.0806131213903427,0.1440705507993698,-0.0060414904728531,-0.028253948315978,-0.005285432562232,-0.0050536906346678,0.0188628882169723,0.0404206216335296,0.0166884809732437,0.031525433063507,-0.0100026465952396,-0.0431397967040538,0.0215026382356882,0.0675208047032356,-0.0352523289620876,-0.0695876851677894,0.0028917088638991,0.0223979018628597,-0.0062910006381571,-0.0827793926000595,-0.0039567798376083,-0.0694405734539032,0.0129767395555973,0.0388433970510959,-0.0321568511426448,-0.0465051010251045,0.0216099191457033,-0.0167031921446323,0.0203596111387014,0.0005479577230289,-0.0238404236733913,-0.0013679681578651,0.0355720780789852,-0.0094851562753319,-0.0258907545357942,0.0301508046686649,-0.014473664574325,-0.0399361439049243,-0.03284377977252,-0.0269429311156272,-0.017393734306097,-0.015808330848813,-0.0053385398350656,0.029666606336832,0.0573445968329906,-0.0085892248898744,-0.0392733439803123,0.0121179949492216,-0.0127919660881161,0.0103806070983409,-0.013802864588797,-0.0066102589480578,0.0474150218069553,-0.0047368500381708,-0.0245431624352932,-0.0026246318593621,-0.0025160792283713,0.029729688540101,0.0566143617033958,-0.0201270747929811,-0.0106101194396615,0.0123324152082204,0.0064343614503741,-0.0053333537653088,0.0319659225642681,0.0344827584922313,-0.005678916350007,-0.0210639704018831,0.0267393235117197,0.0142426863312721,-0.0071859727613627,0.0129411360248923,-0.0155217277709494,0.0333032314347394,-0.0181086824566841,0.0357894313499671,-0.0474274650677863,0.0548237977861822,-0.0436907291202697,0.0274462445041334,0.1290829906129673,0.1674575751875087,0.1452995462377369,-0.050376500920255,2019-02-13,2019-02-14,2019-02-15,2019-02-19,2019-02-20,2019-02-21,2019-02-22,2019-02-25,2019-02-26,2019-02-27,82251.0,2019-02-12,252.0,1.0163%,-0.0003,0.7156,0.3559,-0.3959,2.5084%,2.6758%,12.1181%,-0.000174,AUBN,82251.0,2019-02-13,252.0,-0.7186%,-0.0003,0.7184,0.3476,-0.3995,2.5084%,2.6762%,12.1456%,-0.009226,AUBN,82251.0,2019-02-14,252.0,-0.8396%,-0.0003,0.7213,0.3419,-0.394,2.5090%,2.6767%,12.1322%,-0.011112,AUBN,82251.0,2019-02-15,252.0,-0.2628%,-0.0002,0.7404,0.358,-0.3644,2.5023%,2.6735%,12.3965%,-0.009842,AUBN,82251.0,2019-02-19,252.0,-0.4391%,-0.0003,0.735,0.3605,-0.3611,2.5011%,2.6694%,12.2115%,-0.005843,AUBN,82251.0,2019-02-20,252.0,-2.5581%,-0.0003,0.7303,0.3611,-0.375,2.5012%,2.6697%,12.2295%,-0.025884,AUBN,82251.0,2019-02-21,252.0,2.7761%,-0.0002,0.7232,0.3534,-0.3881,2.5083%,2.6752%,12.0868%,0.0297529999999999,AUBN,82251.0,2019-02-22,252.0,1.1744%,-0.0002,0.7236,0.3439,-0.3916,2.5080%,2.6760%,12.1645%,-0.0007059999999999,AUBN,82251.0,2019-02-25,252.0,-1.2768%,-0.0003,0.7235,0.3505,-0.3887,2.5094%,2.6772%,12.1469%,-0.013765,AUBN,82251.0,2019-02-26,252.0,1.1758%,-0.0002,0.7221,0.3323,-0.399,2.5109%,2.6778%,12.0790%,0.013776,AUBN,82251.0,2019-02-27,252.0,-3.3411%,-0.0003,0.7242,0.3183,-0.3987,2.5202%,2.6862%,11.9726%,-0.035271,AUBN,-0.0094,-0.020512,-0.030354,-0.062081,-0.068294
9851,AWARE INC,"Aware Q4 EPS $0.03 Up From $(0.03) YoY, Sales $4.06M Up From $3.06M YoY",6,increase,0.8,0.7,"the positive earnings per share (eps) growth and increased sales year-over-year suggest improved financial performance, which is likely to attract investors and drive the stock price up.",2,2019-02-12,AWRE,2019-02-12 21:39:00+00:00,83844.0,05453N10,-0.0626631900668144,3868.0,0.0724233984947204,0.043596688657999,-0.0207792017608881,-0.029100501909852,-0.0185676217079162,0.0079999919980764,0.0027026999741792,0.0451796539127826,-0.0053908303380012,-0.0250272117555141,0.0081300735473632,0.060518741607666,0.0,-0.0142045319080352,0.0080645084381103,-0.009845245629549,0.0186666492372751,0.0014084158465266,0.0261780489236116,-0.0028089862316846,0.0216836836189031,-0.0028011177200824,0.0037452848628163,-0.0103675797581672,-0.0223880391567945,-0.0062259430997073,0.0305343829095363,0.0083333915099501,-0.0469136498868465,0.0,-0.0233160406351089,0.0112359449267387,-0.0026525172870606,-0.0352303832769393,0.0319149270653724,0.0307262949645519,-0.0154639640823006,0.0,-0.01832458935678,-0.0523334369063377,0.005333328153938,0.0581792779266834,0.0,-0.0192308165132999,-0.0132625866681337,0.0196078922599554,0.0268816947937011,-0.0027932934463024,-0.0235601868480444,-0.0350404605269432,0.0,0.0081522315740585,-0.002680962672457,0.0027247280813753,0.0288440976291894,0.0166205484420061,-0.0306482464075088,-0.0243243649601936,-0.0161724910140037,0.0422535501420497,0.0027397233061492,-0.0138888759538531,-0.0109290163964033,-0.0501319430768489,-0.0138121424242854,0.0616246573626995,-0.0056022354401648,-0.011080321855843,0.0,-0.002762428484857,-0.0042253145948052,0.0462427288293838,0.0072135278023779,-0.0057471208274364,0.0054767639376223,0.0235293880105018,-0.0363128148019313,-0.0144927399232983,-0.0144927399232983,0.0,0.0109117170795798,0.0147058675065636,-0.0107939364388585,-0.025787940248847,0.0,-0.0028571400325745,0.0147058675065636,-0.0112994248047471,-0.026087000966072,-0.0220994278788566,0.0267857611179351,-0.0597402676939964,-0.0318840965628624,0.05479446798563,-0.0089820278808474,0.0252809412777423,-0.0030211452394723,0.0186562463641166,0.0060606002807617,-0.0265180580317974,-0.0030120452865958,0.025714261457324,0.0030211452394723,-0.0056818127632141,0.0,-0.0112359449267387,-0.0028915435541421,0.017142841592431,0.0119622694328427,0.0,0.035820934921503,0.0,-0.0345821678638458,-0.0250696148723363,-0.0089552160352468,0.025714261457324,-0.0210843179374933,-0.014084493741393,0.0184615217149257,-0.0533333458006382,0.0724233984947204,0.043596688657999,0.0501392963243012,0.0132275012265916,0.0306407071295342,0.0213333131286352,0.0278551943246099,0.0407608308590836,0.0919220547599624,0.0758426928356432,0.0167131480376001,0.0788732371181639,-0.0779944171127946,0.0213333104772568,2019-02-13,2019-02-14,2019-02-15,2019-02-19,2019-02-20,2019-02-21,2019-02-22,2019-02-25,2019-02-26,2019-02-27,83844.0,2019-02-12,252.0,-6.2663%,-0.0007,-0.0909,0.484,-0.1902,2.3044%,2.3247%,1.7370%,-0.0625619999999999,AWRE,83844.0,2019-02-13,252.0,7.2423%,-0.0003,-0.0762,0.4887,-0.1716,2.3493%,2.3685%,1.6142%,0.072421,AWRE,83844.0,2019-02-14,252.0,-2.0779%,-0.0004,-0.0705,0.4755,-0.1573,2.3543%,2.3721%,1.4986%,-0.0245759999999999,AWRE,83844.0,2019-02-15,252.0,-1.8568%,-0.0006,-0.0909,0.4553,-0.1929,2.3559%,2.3742%,1.5280%,-0.018305,AWRE,83844.0,2019-02-19,252.0,0.2703%,-0.0006,-0.0987,0.4686,-0.1772,2.3500%,2.3686%,1.5652%,0.002034,AWRE,83844.0,2019-02-20,252.0,-0.5391%,-0.0007,-0.1016,0.4546,-0.1896,2.3477%,2.3659%,1.5400%,-0.00536,AWRE,83844.0,2019-02-21,252.0,0.8130%,-0.0006,-0.1095,0.4404,-0.2041,2.3459%,2.3641%,1.5325%,0.007536,AWRE,83844.0,2019-02-22,252.0,0.0000%,-0.0006,-0.1096,0.4587,-0.189,2.3443%,2.3631%,1.5832%,-0.004811,AWRE,83844.0,2019-02-25,252.0,0.8065%,-0.0005,-0.1124,0.4512,-0.2031,2.3405%,2.3595%,1.6027%,0.008981,AWRE,83844.0,2019-02-26,252.0,1.8667%,-0.0004,-0.1118,0.4214,-0.2178,2.3436%,2.3614%,1.4970%,0.020604,AWRE,83844.0,2019-02-27,252.0,2.6178%,-0.0003,-0.1128,0.4307,-0.2179,2.3490%,2.3672%,1.5289%,0.0251169999999999,AWRE,0.009859,-0.0147169999999999,-0.0330219999999999,-0.0363479999999999,0.021079
9859,FLANIGANS ENTERPRISES INC,"Flanigan's Enterprises Q1 EPS $0.40 Up From $0.33 YoY, Sales $22.151M Down From $28.393M YoY",6,uncertain,0.6,0.3,"while the increase in eps suggests improved profitability, the significant decline in sales may raise concerns among investors, leading to uncertainty about the overall impact on the stock price.",1,2019-02-12,BDL,2019-02-12 22:38:00+00:00,54244.0,33851710,-0.0023786216042935,554.0,-0.0102937398478388,-0.0038690839428454,0.0387024655938148,0.0071714902296662,-0.0173690840601921,-0.0227999873459339,0.0141699779778718,0.0309278350323438,0.0003992107522208,0.0104166669771075,0.0175578836351633,0.0135135008022189,-0.0364705994725227,0.0059472974389791,0.0175010301172733,0.0103005012497305,-0.0295999906957149,-0.0147991711273789,0.0302431900054216,-0.0247422829270362,0.0002520624257158,0.0,-0.003395996056497,-0.0158278979361057,0.0034075682051479,0.0073589659295976,0.0040000150911509,0.0048723137006163,0.0059760804288089,-0.0145182432606816,-0.0150494715198874,0.0,0.0174909308552742,-0.0119999693706631,-0.0167951453477144,0.0059269503690302,-0.0070337317883968,0.0379293486475944,0.0022829507943242,-0.0387634299695491,0.0209438800811767,0.0126016307622194,0.0117759704589843,0.0353664420545101,0.0081283105537295,-0.0145251201465725,-0.0141176711767911,-0.0206392295658588,-0.0103420941159129,0.0101804826408624,0.0184726882725954,-0.0173386447131633,-0.0392508283257484,-0.0236220620572567,0.0063668387010693,-0.0089738415554165,-0.0063265585340559,-0.0092772198840975,0.0007270567002706,0.0278109163045883,0.0056356848217546,-0.0319230742752552,-0.0538775399327278,0.0452261306345462,0.0433131866157054,-0.0241270996630191,0.0006616253522224,0.0057210675440728,-0.0065950909629464,0.0137999728322029,0.0116304280236363,-0.0118576772511005,-0.0193256307393312,-0.0189996771514415,-0.0075471824966371,0.011372584849596,-0.0007815536228008,-0.0377358496189117,0.0299558117985725,0.0164940655231475,0.0006157384486868,0.0122306561097502,-0.0002050937764579,-0.013218437321484,0.0077964146621525,0.0135922478511929,0.0026466015260666,0.006370426621288,0.018773578107357,-0.0090240044519305,-0.0124485194683075,0.0091455969959497,0.008807293139398,0.0057389899156987,-0.0147320190444588,-0.0399999804794788,0.0280203260481357,0.0018903302261605,-0.0268615558743476,0.0076190768741071,0.0347067005932331,-0.0094339624047279,-0.0058846455067396,0.0,-0.0159826632589101,0.0012543756747618,0.0152396662160754,-0.0012528041843324,-0.0174284111708402,0.0,0.0060143233276903,-0.0166976153850555,-0.0146982334554195,0.0,0.0048427144065499,0.0120165832340717,0.0066599766723811,-0.0166174583137035,0.0,0.0003878887509927,-0.0102937398478388,-0.0038690839428454,0.0280103326336833,0.0032746591891268,0.0101547347514228,-0.0195999903448814,0.0248775839795609,0.0212500103521622,0.0221661406995479,0.0107216601034481,0.0075193776591087,-0.0262216862666251,0.0313936591403389,-0.0945529018966104,2019-02-13,2019-02-14,2019-02-15,2019-02-19,2019-02-20,2019-02-21,2019-02-22,2019-02-25,2019-02-26,2019-02-27,54244.0,2019-02-12,252.0,-0.2379%,0.0004,0.1422,0.1024,-0.17,2.1698%,2.1821%,1.1279%,-0.004653,BDL,54244.0,2019-02-13,252.0,-1.0294%,0.0002,0.1253,0.1265,-0.1684,2.1607%,2.1720%,1.0385%,-0.0107339999999999,BDL,54244.0,2019-02-14,252.0,3.8702%,0.0005,0.1198,0.1483,-0.1977,2.1515%,2.1646%,1.2006%,0.037231,BDL,54244.0,2019-02-15,252.0,-1.7369%,0.0004,0.0967,0.1255,-0.2379,2.1531%,2.1658%,1.1684%,-0.018245,BDL,54244.0,2019-02-19,252.0,1.4170%,0.0004,0.0953,0.1399,-0.2215,2.1532%,2.1652%,1.1063%,0.014236,BDL,54244.0,2019-02-20,252.0,0.0399%,0.0003,0.0935,0.1265,-0.2305,2.1490%,2.1610%,1.1093%,0.001029,BDL,54244.0,2019-02-21,252.0,1.7558%,0.0005,0.0819,0.1066,-0.252,2.1474%,2.1592%,1.0930%,0.017362,BDL,54244.0,2019-02-22,252.0,-3.6471%,0.0004,0.0874,0.1112,-0.1816,2.1622%,2.1709%,0.7999%,-0.041393,BDL,54244.0,2019-02-25,252.0,1.7501%,0.0005,0.0869,0.1024,-0.1879,2.1647%,2.1734%,0.8037%,0.017232,BDL,54244.0,2019-02-26,252.0,-2.9600%,0.0004,0.0953,0.1359,-0.1646,2.1727%,2.1817%,0.8253%,-0.029526,BDL,54244.0,2019-02-27,252.0,3.0243%,0.0005,0.0975,0.1407,-0.1642,2.1804%,2.1896%,0.8431%,0.029602,BDL,-0.0153869999999999,0.021844,0.003599,0.018864,0.0121409999999999
9867,BRIGHT HORIZONS FAM SOL INC NEW,"Bright Horizons Family Sees FY19 Adj. EPS $3.57-$3.63 vs $3.59 Estimate, Sales Growth 8-10% Year Over Year",6,increase,0.75,0.6,"the positive earnings guidance and projected sales growth suggest strong financial performance, which is likely to boost investor confidence and increase the stock price.",2,2019-02-12,BFAM,2019-02-12 21:26:00+00:00,13739.0,10919410,-0.0038161207921803,368360.0,0.0298799872398376,0.0,-0.0108282789587974,0.0007637811941094,0.0122837908565998,0.0045183184556663,0.0043750931508839,0.0027355076745152,0.0073970700614154,0.0074929180555045,-0.0050583565607666,0.0,0.009430106729269,0.0027636210434138,-0.0053614624775946,0.0149894729256629,0.0008167140767909,0.0012287114514037,0.0070181214250624,0.0006147334352135,0.0048622242175042,-0.0052415346726775,0.0051612854003906,-0.0063367686234414,0.002808075165376,-0.000693978392519,-0.0005600423901341,0.0025219663511961,-0.0030419249087572,-0.0176832377910614,-0.0105186887085437,0.0233411844819784,-0.0053558680228888,0.0047430912964046,0.0152566106989979,0.0114605631679296,0.0050626588054001,0.0226219482719898,0.0062364977784454,-0.0045220223255455,-0.006038952153176,-0.0079849222674965,0.0036774061154574,0.0001794386480469,0.0024691163562238,0.0033312572631984,0.0057206517085433,0.0028893877752125,-0.0207774117588996,0.0066351881250739,0.0114562790840864,0.0235370621085166,-0.0117253027856349,-0.0248571652919054,-0.0060532689094543,-0.010946555994451,0.0086885886266827,0.0005386261036619,-0.0006440334254875,0.0035135080106556,0.0157886184751987,0.0152748385444283,0.0080095333978533,0.0373849757015705,-0.0106993988156318,-0.0164255909621715,0.005805195774883,-0.0165212992578744,0.0109107941389083,-0.010894276201725,-0.0020334909204393,-0.0106879360973835,0.0065046567469835,0.0110787646844983,-0.0055282372049987,-0.0158190783113241,-0.0019574067555367,-0.0185087770223617,0.0061974837444722,-0.0117891868576407,-0.0004677807737607,0.017553124576807,0.0024961570743471,-0.0133159160614013,-0.0035792614798992,-0.0116979237645864,-0.0068717575632035,-0.0251551233232021,-0.008098748512566,-0.0157629456371069,-0.0053111230954527,-0.02084849961102,0.0018329273443669,0.0170118324458599,0.0187734328210353,0.0027194218710064,-0.0035918380599468,0.0273450352251529,-0.0008620062144473,0.0018659984925761,0.0050979913212358,-0.0011013916227966,0.0038236873224377,-0.0009311038884334,-0.0038091223686933,0.0025458508171141,0.009988285601139,0.0046891928650438,0.0075717456638813,-0.0143697401508688,-0.0009202543878927,-0.0099833356216549,0.0013815944548696,0.0202868971973657,-0.0039089024066925,0.002979724900797,0.0025391394738107,-0.0063446410931646,0.0058332164771854,0.0073285098187625,0.0298799872398376,0.0,0.0187281594439219,0.0007637811941094,0.0312420030942599,0.0052855506564413,0.0434153262175285,0.0155886445212254,0.0504809750825332,0.035566833168785,0.0567804388315924,0.0623423242152176,0.115603997732256,0.0048572596845644,2019-02-13,2019-02-14,2019-02-15,2019-02-19,2019-02-20,2019-02-21,2019-02-22,2019-02-25,2019-02-26,2019-02-27,13739.0,2019-02-12,252.0,-0.3816%,0.0007,0.7227,0.237,-0.1211,0.8955%,1.2156%,45.7376%,-0.01417,BFAM,13739.0,2019-02-13,252.0,2.9880%,0.0008,0.7336,0.2294,-0.1159,0.9065%,1.2285%,45.5566%,0.0276989999999999,BFAM,13739.0,2019-02-14,252.0,-1.0828%,0.0007,0.7352,0.2221,-0.1059,0.9018%,1.2234%,45.6639%,-0.011252,BFAM,13739.0,2019-02-15,252.0,1.2284%,0.0007,0.7405,0.2272,-0.0969,0.9017%,1.2247%,45.7873%,0.003829,BFAM,13739.0,2019-02-19,252.0,0.4375%,0.0008,0.7438,0.2241,-0.1006,0.8998%,1.2248%,46.0334%,0.0025,BFAM,13739.0,2019-02-20,252.0,0.7397%,0.0007,0.7441,0.2193,-0.1011,0.8970%,1.2227%,46.1826%,0.005944,BFAM,13739.0,2019-02-21,252.0,-0.5058%,0.0008,0.7417,0.2138,-0.1054,0.8956%,1.2202%,46.1271%,-0.002484,BFAM,13739.0,2019-02-22,252.0,0.9430%,0.0007,0.7419,0.2047,-0.1112,0.8945%,1.2209%,46.3180%,0.001784,BFAM,13739.0,2019-02-25,252.0,-0.5361%,0.0007,0.741,0.2071,-0.1135,0.8940%,1.2205%,46.3481%,-0.006242,BFAM,13739.0,2019-02-26,252.0,0.0817%,0.0008,0.7445,0.2008,-0.1141,0.8931%,1.2202%,46.4275%,0.002853,BFAM,13739.0,2019-02-27,252.0,0.7018%,0.0008,0.7476,0.1966,-0.1135,0.8926%,1.2208%,46.5420%,0.00573,BFAM,0.0135289999999999,0.0022769999999999,0.0061059999999999,0.01455,0.016191
9875,BRIGHT HORIZONS FAM SOL INC NEW,"Bright Horizons Family Q4 EPS $0.90 Beats $0.84 Estimate, Sales $478M Miss $480.56M Estimate",6,uncertain,0.6,0.3,"while the earnings per share beat estimates, the sales miss could lead to mixed reactions from investors, making the overall impact on the stock price uncertain.",1,2019-02-12,BFAM,2019-02-12 21:26:00+00:00,13739.0,10919410,-0.0038161207921803,368360.0,0.0298799872398376,0.0,-0.0108282789587974,0.0007637811941094,0.0122837908565998,0.0045183184556663,0.0043750931508839,0.0027355076745152,0.0073970700614154,0.0074929180555045,-0.0050583565607666,0.0,0.009430106729269,0.0027636210434138,-0.0053614624775946,0.0149894729256629,0.0008167140767909,0.0012287114514037,0.0070181214250624,0.0006147334352135,0.0048622242175042,-0.0052415346726775,0.0051612854003906,-0.0063367686234414,0.002808075165376,-0.000693978392519,-0.0005600423901341,0.0025219663511961,-0.0030419249087572,-0.0176832377910614,-0.0105186887085437,0.0233411844819784,-0.0053558680228888,0.0047430912964046,0.0152566106989979,0.0114605631679296,0.0050626588054001,0.0226219482719898,0.0062364977784454,-0.0045220223255455,-0.006038952153176,-0.0079849222674965,0.0036774061154574,0.0001794386480469,0.0024691163562238,0.0033312572631984,0.0057206517085433,0.0028893877752125,-0.0207774117588996,0.0066351881250739,0.0114562790840864,0.0235370621085166,-0.0117253027856349,-0.0248571652919054,-0.0060532689094543,-0.010946555994451,0.0086885886266827,0.0005386261036619,-0.0006440334254875,0.0035135080106556,0.0157886184751987,0.0152748385444283,0.0080095333978533,0.0373849757015705,-0.0106993988156318,-0.0164255909621715,0.005805195774883,-0.0165212992578744,0.0109107941389083,-0.010894276201725,-0.0020334909204393,-0.0106879360973835,0.0065046567469835,0.0110787646844983,-0.0055282372049987,-0.0158190783113241,-0.0019574067555367,-0.0185087770223617,0.0061974837444722,-0.0117891868576407,-0.0004677807737607,0.017553124576807,0.0024961570743471,-0.0133159160614013,-0.0035792614798992,-0.0116979237645864,-0.0068717575632035,-0.0251551233232021,-0.008098748512566,-0.0157629456371069,-0.0053111230954527,-0.02084849961102,0.0018329273443669,0.0170118324458599,0.0187734328210353,0.0027194218710064,-0.0035918380599468,0.0273450352251529,-0.0008620062144473,0.0018659984925761,0.0050979913212358,-0.0011013916227966,0.0038236873224377,-0.0009311038884334,-0.0038091223686933,0.0025458508171141,0.009988285601139,0.0046891928650438,0.0075717456638813,-0.0143697401508688,-0.0009202543878927,-0.0099833356216549,0.0013815944548696,0.0202868971973657,-0.0039089024066925,0.002979724900797,0.0025391394738107,-0.0063446410931646,0.0058332164771854,0.0073285098187625,0.0298799872398376,0.0,0.0187281594439219,0.0007637811941094,0.0312420030942599,0.0052855506564413,0.0434153262175285,0.0155886445212254,0.0504809750825332,0.035566833168785,0.0567804388315924,0.0623423242152176,0.115603997732256,0.0048572596845644,2019-02-13,2019-02-14,2019-02-15,2019-02-19,2019-02-20,2019-02-21,2019-02-22,2019-02-25,2019-02-26,2019-02-27,13739.0,2019-02-12,252.0,-0.3816%,0.0007,0.7227,0.237,-0.1211,0.8955%,1.2156%,45.7376%,-0.01417,BFAM,13739.0,2019-02-13,252.0,2.9880%,0.0008,0.7336,0.2294,-0.1159,0.9065%,1.2285%,45.5566%,0.0276989999999999,BFAM,13739.0,2019-02-14,252.0,-1.0828%,0.0007,0.7352,0.2221,-0.1059,0.9018%,1.2234%,45.6639%,-0.011252,BFAM,13739.0,2019-02-15,252.0,1.2284%,0.0007,0.7405,0.2272,-0.0969,0.9017%,1.2247%,45.7873%,0.003829,BFAM,13739.0,2019-02-19,252.0,0.4375%,0.0008,0.7438,0.2241,-0.1006,0.8998%,1.2248%,46.0334%,0.0025,BFAM,13739.0,2019-02-20,252.0,0.7397%,0.0007,0.7441,0.2193,-0.1011,0.8970%,1.2227%,46.1826%,0.005944,BFAM,13739.0,2019-02-21,252.0,-0.5058%,0.0008,0.7417,0.2138,-0.1054,0.8956%,1.2202%,46.1271%,-0.002484,BFAM,13739.0,2019-02-22,252.0,0.9430%,0.0007,0.7419,0.2047,-0.1112,0.8945%,1.2209%,46.3180%,0.001784,BFAM,13739.0,2019-02-25,252.0,-0.5361%,0.0007,0.741,0.2071,-0.1135,0.8940%,1.2205%,46.3481%,-0.006242,BFAM,13739.0,2019-02-26,252.0,0.0817%,0.0008,0.7445,0.2008,-0.1141,0.8931%,1.2202%,46.4275%,0.002853,BFAM,13739.0,2019-02-27,252.0,0.7018%,0.0008,0.7476,0.1966,-0.1135,0.8926%,1.2208%,46.5420%,0.00573,BFAM,0.0135289999999999,0.0022769999999999,0.0061059999999999,0.01455,0.016191
9883,BIO RAD LABORATORIES INC,"Veru Announces Scientific Presentations For Novel Prostate Cancer Drug Candidates 
At 2019 American Society Of Clinical Oncology Genitourinary Cancers Symposium",6,uncertain,0.5,0.5,"the news pertains to veru's prostate cancer drug candidates, which may not have a direct impact on bio-rad laboratories inc's stock price.",1,2019-02-12,BIO,2019-02-12 13:05:00+00:00,61516.0,09057220,0.0204404909163713,368927.0,0.0142967933788895,0.0163953639566898,-0.0014133278746157,0.0033060812857002,0.0341212712228298,-0.0184804052114486,-0.0010357282590121,0.0101938964799046,0.0099236937239766,-0.002193869324401,0.0058664153330028,-0.0016724999295547,-0.0002915600198321,0.0050026015378534,0.003500296967104,0.0199608113616704,-0.0085386456921696,0.0237358659505844,0.0041045006364583,0.0051665296778082,-0.0112777706235647,-0.0093212528154253,0.1716870069503784,0.0136668076738715,-0.0145552912726998,-8.430981688434258e-05,-0.0015026094624772,0.0066660665906965,-0.0114946085959672,-0.0172334220260381,-0.0198555514216423,0.0076101478189229,0.0041638440452516,0.0054108845070004,0.0145132755860686,-0.0056326035410165,0.0019463655771687,0.0064728977158665,0.0017807437106966,-0.0209179148077964,0.0079179806634783,0.0022834020201116,-0.004937982186675,0.0147449132055044,0.0107628237456083,0.0078121526166796,0.0014345702948048,0.0079599460586905,-0.0108238700777292,0.032658651471138,0.0156089281663298,0.008827444165945,-0.0316253453493118,-0.0165731273591518,0.0052357935346663,-0.0178279187530279,0.0016276570968329,0.0111469021067023,-0.0171275921165943,-0.0009570263209752,0.0043978127650916,0.010772599838674,0.0063538854010403,0.0333029814064502,0.0056268032640218,-0.0237302761524915,0.0056604449637234,-0.0241949297487735,-0.0105454148724675,-0.0165581218898296,-0.0002615963458083,-0.0209210440516471,0.0091890050098299,-0.0126327350735664,0.0039856485091149,-0.0193689092993736,-0.0126516362652182,-0.0098289577290415,0.0054916078224778,-0.0156145570799708,-0.0052665639668703,0.008688417263329,0.0083338376134634,0.0014302765484899,-0.0058017326518893,-0.0176794826984405,-0.0172784384340047,-0.0256673507392406,-0.031880360096693,-0.0128377741202712,0.0078813638538122,-0.0398270599544048,-0.0021759583614766,0.010894195176661,0.0056220805272459,-0.0031236954964697,-0.004608036018908,0.0020746400114148,0.0174279902130365,0.0176679342985153,0.0097022214904427,-0.0095747653394937,-0.0084824310615658,-0.0016481548082083,0.0056476490572094,0.0144152352586388,-0.012793693691492,0.0165420528501272,0.0172345023602247,-0.0134506337344646,0.0203837621957063,-0.0281710475683212,-0.006680495571345,0.0107972044497728,-0.0281096491962671,0.0184136070311069,-0.0039638304151594,-0.0020458572544157,0.0430676490068435,-0.003890685737133,0.0142967933788895,0.0163953639566898,0.0128632594476738,0.0197556496483395,0.0474234414349274,0.000910152026174,0.0567221391295835,0.0088950759911095,0.061565222930537,0.0624185531815899,0.1717164172211076,0.1002696523087403,0.1982952050823376,-0.0628057355507246,2019-02-13,2019-02-14,2019-02-15,2019-02-19,2019-02-20,2019-02-21,2019-02-22,2019-02-25,2019-02-26,2019-02-27,61516.0,2019-02-12,252.0,2.0440%,0.0001,0.9154,0.1762,-0.2349,1.2410%,1.6287%,41.9374%,0.0075029999999999,BIO,61516.0,2019-02-13,252.0,1.4297%,0.0001,0.9171,0.178,-0.2317,1.2432%,1.6292%,41.7737%,0.011692,BIO,61516.0,2019-02-14,252.0,-0.1413%,0.0001,0.9184,0.1775,-0.2326,1.2403%,1.6280%,41.9518%,-0.001857,BIO,61516.0,2019-02-15,252.0,3.4121%,0.0001,0.9087,0.1713,-0.2449,1.2343%,1.6181%,41.8129%,0.024316,BIO,61516.0,2019-02-19,252.0,-0.1036%,0.0002,0.9135,0.1622,-0.2556,1.2298%,1.6178%,42.2191%,-0.002624,BIO,61516.0,2019-02-20,252.0,0.9924%,0.0002,0.9152,0.1624,-0.2505,1.2300%,1.6181%,42.2158%,0.009137,BIO,61516.0,2019-02-21,252.0,0.5866%,0.0002,0.9182,0.1704,-0.245,1.2281%,1.6176%,42.3660%,0.00869,BIO,61516.0,2019-02-22,252.0,-0.0292%,0.0002,0.9188,0.1937,-0.2164,1.2241%,1.6115%,42.2987%,-0.010899,BIO,61516.0,2019-02-25,252.0,0.3500%,0.0002,0.9198,0.1938,-0.2126,1.2229%,1.6104%,42.3372%,0.002136,BIO,61516.0,2019-02-26,252.0,-0.8539%,0.0001,0.9145,0.2083,-0.2092,1.2216%,1.6039%,41.9931%,-0.006629,BIO,61516.0,2019-02-27,252.0,0.4105%,0.0001,0.9126,0.2125,-0.2095,1.2214%,1.6018%,41.8617%,0.002535,BIO,0.019195,0.017338,0.041654,0.0481669999999999,0.0439999999999999
9891,BIO RAD LABORATORIES INC,"Veru Announces Scientific Presentations For Novel Prostate Cancer Drug Candidates 
At 2019 American Society Of Clinical Oncology Genitourinary Cancers Symposium",6,uncertain,0.5,0.1,"the news pertains to veru's prostate cancer drug candidates and does not directly relate to bio-rad laboratories inc, making the impact on its stock price unclear.",1,2019-02-12,BIO,2019-02-12 13:05:00+00:00,61516.0,09057220,0.0204404909163713,368927.0,0.0142967933788895,0.0163953639566898,-0.0014133278746157,0.0033060812857002,0.0341212712228298,-0.0184804052114486,-0.0010357282590121,0.0101938964799046,0.0099236937239766,-0.002193869324401,0.0058664153330028,-0.0016724999295547,-0.0002915600198321,0.0050026015378534,0.003500296967104,0.0199608113616704,-0.0085386456921696,0.0237358659505844,0.0041045006364583,0.0051665296778082,-0.0112777706235647,-0.0093212528154253,0.1716870069503784,0.0136668076738715,-0.0145552912726998,-8.430981688434258e-05,-0.0015026094624772,0.0066660665906965,-0.0114946085959672,-0.0172334220260381,-0.0198555514216423,0.0076101478189229,0.0041638440452516,0.0054108845070004,0.0145132755860686,-0.0056326035410165,0.0019463655771687,0.0064728977158665,0.0017807437106966,-0.0209179148077964,0.0079179806634783,0.0022834020201116,-0.004937982186675,0.0147449132055044,0.0107628237456083,0.0078121526166796,0.0014345702948048,0.0079599460586905,-0.0108238700777292,0.032658651471138,0.0156089281663298,0.008827444165945,-0.0316253453493118,-0.0165731273591518,0.0052357935346663,-0.0178279187530279,0.0016276570968329,0.0111469021067023,-0.0171275921165943,-0.0009570263209752,0.0043978127650916,0.010772599838674,0.0063538854010403,0.0333029814064502,0.0056268032640218,-0.0237302761524915,0.0056604449637234,-0.0241949297487735,-0.0105454148724675,-0.0165581218898296,-0.0002615963458083,-0.0209210440516471,0.0091890050098299,-0.0126327350735664,0.0039856485091149,-0.0193689092993736,-0.0126516362652182,-0.0098289577290415,0.0054916078224778,-0.0156145570799708,-0.0052665639668703,0.008688417263329,0.0083338376134634,0.0014302765484899,-0.0058017326518893,-0.0176794826984405,-0.0172784384340047,-0.0256673507392406,-0.031880360096693,-0.0128377741202712,0.0078813638538122,-0.0398270599544048,-0.0021759583614766,0.010894195176661,0.0056220805272459,-0.0031236954964697,-0.004608036018908,0.0020746400114148,0.0174279902130365,0.0176679342985153,0.0097022214904427,-0.0095747653394937,-0.0084824310615658,-0.0016481548082083,0.0056476490572094,0.0144152352586388,-0.012793693691492,0.0165420528501272,0.0172345023602247,-0.0134506337344646,0.0203837621957063,-0.0281710475683212,-0.006680495571345,0.0107972044497728,-0.0281096491962671,0.0184136070311069,-0.0039638304151594,-0.0020458572544157,0.0430676490068435,-0.003890685737133,0.0142967933788895,0.0163953639566898,0.0128632594476738,0.0197556496483395,0.0474234414349274,0.000910152026174,0.0567221391295835,0.0088950759911095,0.061565222930537,0.0624185531815899,0.1717164172211076,0.1002696523087403,0.1982952050823376,-0.0628057355507246,2019-02-13,2019-02-14,2019-02-15,2019-02-19,2019-02-20,2019-02-21,2019-02-22,2019-02-25,2019-02-26,2019-02-27,61516.0,2019-02-12,252.0,2.0440%,0.0001,0.9154,0.1762,-0.2349,1.2410%,1.6287%,41.9374%,0.0075029999999999,BIO,61516.0,2019-02-13,252.0,1.4297%,0.0001,0.9171,0.178,-0.2317,1.2432%,1.6292%,41.7737%,0.011692,BIO,61516.0,2019-02-14,252.0,-0.1413%,0.0001,0.9184,0.1775,-0.2326,1.2403%,1.6280%,41.9518%,-0.001857,BIO,61516.0,2019-02-15,252.0,3.4121%,0.0001,0.9087,0.1713,-0.2449,1.2343%,1.6181%,41.8129%,0.024316,BIO,61516.0,2019-02-19,252.0,-0.1036%,0.0002,0.9135,0.1622,-0.2556,1.2298%,1.6178%,42.2191%,-0.002624,BIO,61516.0,2019-02-20,252.0,0.9924%,0.0002,0.9152,0.1624,-0.2505,1.2300%,1.6181%,42.2158%,0.009137,BIO,61516.0,2019-02-21,252.0,0.5866%,0.0002,0.9182,0.1704,-0.245,1.2281%,1.6176%,42.3660%,0.00869,BIO,61516.0,2019-02-22,252.0,-0.0292%,0.0002,0.9188,0.1937,-0.2164,1.2241%,1.6115%,42.2987%,-0.010899,BIO,61516.0,2019-02-25,252.0,0.3500%,0.0002,0.9198,0.1938,-0.2126,1.2229%,1.6104%,42.3372%,0.002136,BIO,61516.0,2019-02-26,252.0,-0.8539%,0.0001,0.9145,0.2083,-0.2092,1.2216%,1.6039%,41.9931%,-0.006629,BIO,61516.0,2019-02-27,252.0,0.4105%,0.0001,0.9126,0.2125,-0.2095,1.2214%,1.6018%,41.8617%,0.002535,BIO,0.019195,0.017338,0.041654,0.0481669999999999,0.0439999999999999
9899,BROWN & BROWN INC,"Brown & Brown Acquires Smith Insurance Associates, Terms Not Disclosed",6,increase,0.7,0.6,"acquisitions typically signal growth potential and strategic expansion, which can positively influence investor sentiment and stock price.",2,2019-02-12,BRO,2019-02-12 11:59:00+00:00,63467.0,11523610,0.0120867462828755,1432290.0,-0.000702442950569,0.0107797067612409,0.0010544386459514,0.0007191822514869,0.0203651655465364,-0.0046528656966984,0.0020647409837692,-0.0039215222932398,0.0109890000894665,0.0089670047163963,0.0,0.000358748511644,0.0023777070455253,0.0261414218693971,0.0,0.0149476686492562,-0.0105048958212137,0.0003738403320312,0.0047944993712008,-0.0432760789990425,0.0095433089882135,-0.008510697633028,0.0084402430802583,-0.0038855071179568,0.0,-0.0042209229432046,-0.0143957249820232,0.0038842023350298,-0.0050950958393514,-0.0111731737852096,-0.0075111375190317,0.0163236018270254,-0.0068799057044088,-0.0049434811808168,0.0103913834318518,0.0143266338855028,-0.0013713032240048,0.0021536061540246,0.0013731862418353,0.0028797667473554,-0.0003428258060012,-0.0075026466511189,0.0102880401536822,0.007196791935712,0.0003394511004444,0.0021637710742652,-0.0132337771356105,0.0131530398502945,-0.0127235502004623,-0.0007301406003534,0.0139324814081192,0.0246913526207208,-0.007901114411652,-0.0125600351020693,0.0045014219358563,-0.0177793819457292,0.0068941349163651,0.0139808375388383,0.0027388508897274,0.0074129267595708,0.0040969247929751,0.0044675697572529,0.0034002170432358,0.0303030665963888,0.0098271435126662,-0.0173388980329036,-0.004697966389358,-0.018134705722332,0.0030343949329108,-0.0014781600330024,0.0063865724951028,-0.0095168463885784,-0.0003340089751873,0.0044117253273725,-0.0010023617651313,-0.0152063742280006,-0.0066889249719679,-0.002888083923608,0.0090908603742718,0.007639177609235,0.0100100487470626,0.0051188077777624,0.0079286349937319,-0.0065383329056203,0.0055719460360705,-0.0021746815182268,0.0016297013498842,-0.0118194818496704,-0.0104132667183876,-0.0234347693622112,0.0052614221349358,-0.0168500617146492,-0.0019626910798251,0.0020675212144851,0.0347426906228065,-0.00068872096017,-0.0034843399189412,0.0065858070738613,0.00127148500178,0.0201555751264095,0.0057142954319715,-0.010842933319509,-0.0041035688482224,0.004567852243781,0.0063391686417162,0.0063648652285337,-0.0132283484563231,-0.005276103504002,0.0153207639232277,-0.0169432833790779,0.0166614484041929,0.0017318751197308,0.0037105421070009,0.0017349460395053,-0.0104743735864758,0.0098107485100626,-0.0028089934494346,-0.0121148657053709,-0.0087637146934866,0.0034733752254396,-0.000702442950569,0.0107797067612409,0.0003512550123887,0.0115066415865068,0.0207235739254014,0.0068002370318862,0.0340709948118904,0.011844626496926,0.0305585115485227,0.0089495076610783,0.0288023035114783,0.0455977705411418,0.1151765726567142,-0.0201380167345464,2019-02-13,2019-02-14,2019-02-15,2019-02-19,2019-02-20,2019-02-21,2019-02-22,2019-02-25,2019-02-26,2019-02-27,63467.0,2019-02-12,252.0,1.2087%,0.0005,0.7382,-0.0131,0.3867,0.7669%,1.0539%,47.0409%,0.002647,BRO,63467.0,2019-02-13,252.0,-0.0702%,0.0005,0.7363,-0.0113,0.3861,0.7670%,1.0512%,46.7564%,-0.003132,BRO,63467.0,2019-02-14,252.0,0.1054%,0.0005,0.7348,-0.0092,0.3845,0.7663%,1.0499%,46.7266%,0.004799,BRO,63467.0,2019-02-15,252.0,2.0365%,0.0005,0.7383,-0.0051,0.3916,0.7684%,1.0522%,46.6648%,0.010139,BRO,63467.0,2019-02-19,252.0,0.2065%,0.0005,0.7391,-0.0071,0.3891,0.7682%,1.0520%,46.6813%,-0.000598,BRO,63467.0,2019-02-20,252.0,1.0989%,0.0005,0.741,-0.0028,0.396,0.7694%,1.0541%,46.7224%,0.00736,BRO,63467.0,2019-02-21,252.0,0.0000%,0.0005,0.7415,-0.0011,0.3969,0.7694%,1.0540%,46.7184%,0.003551,BRO,63467.0,2019-02-22,252.0,0.2378%,0.0005,0.7411,0.0,0.3929,0.7695%,1.0539%,46.6851%,0.0032979999999999,BRO,63467.0,2019-02-25,252.0,0.0000%,0.0005,0.7406,0.0001,0.3913,0.7692%,1.0534%,46.6803%,-0.000504,BRO,63467.0,2019-02-26,252.0,-1.0505%,0.0005,0.742,0.0108,0.3977,0.7711%,1.0532%,46.3953%,-0.008128,BRO,63467.0,2019-02-27,252.0,0.4794%,0.0005,0.7417,0.0125,0.3977,0.7715%,1.0520%,46.2212%,0.004483,BRO,-0.0004849999999999,0.004314,0.014453,0.021215,0.023915
9907,CACI INTERNATIONAL INC,CACI International Wins $61M Contract From Defense Health Agency Joint Medical Logistics Functional Development Center,6,increase,0.75,0.6,winning a $61m contract from a government agency is likely to positively impact caci international's stock price due to increased revenue potential and investor confidence.,2,2019-02-12,CACI,2019-02-12 13:37:00+00:00,20512.0,12719030,-5.75108606426511e-05,174144.0,0.0165479481220245,-0.008431582711637,0.0072914795018732,-0.0005124492454342,0.0103809591382741,0.0006267484277486,0.0003887999919243,0.0010836594738066,0.0142119443044066,0.0168194472789764,-0.0037769030313938,0.0236285664141178,0.0103296972811222,0.0075368452817201,-0.0070698447525501,0.0525056459009647,-0.0162668488919735,0.0072289118543267,0.0076276105828583,0.0099910181015729,0.0070725982077419,-0.0083831278607249,0.0112476851791143,0.0091003170236945,-0.0080299265682697,0.0078800274059176,-0.006836952175945,0.0041510877199471,-0.0127767780795693,-0.0048408959992229,0.0004462893703021,0.0089215626940131,0.0001115438426495,0.022029934450984,0.015499547123909,0.007037553936243,-0.0084001254290342,0.0096088657155632,0.0161120854318141,-0.0122977970167994,0.0107889911159873,0.0072029083967208,-0.0104582337662577,0.0004040511557832,0.0059380931779742,0.0090377945452928,-0.006552891805768,0.0285155288875103,-0.0090493001043796,-0.0105117857456207,0.0218945741653442,0.0269157625734806,-0.0295542124658823,-0.0078911799937486,0.0103733018040657,-0.0145803382620215,0.006533449050039,0.0006252350867725,-0.010309275239706,0.0057295090518891,0.0061177280731499,-0.0008378272177651,-0.0029033073224127,0.0273992791771888,0.0213162805885076,-0.0172000732272863,-0.0225927755236625,-0.0385632142424583,0.0052283816039562,-0.026779219508171,-5.471944677992724e-05,-0.0034181571099907,0.0095816906541585,-0.0052310717292129,-0.0009219489875249,-0.0398066900670528,-0.0154163297265768,-0.0119113977998495,0.0122395036742091,-0.0111649110913276,0.0092047229409217,0.0245756655931472,0.0062604765407741,-0.0009418769041076,0.0020917104557156,0.013234089128673,0.0005887423176318,-0.0115094454959034,-0.0035303754266351,0.0119654079899191,0.0001611145999049,-0.0444565936923027,0.0063867922872304,-0.0029107450973242,0.0155191924422979,-0.0202590506523847,0.0008927537710405,-0.0152693232521414,-0.0149010773748159,0.0019930615089833,0.0093741388991475,-0.03708516061306,0.0058044753968715,0.0111294835805892,0.0227165520191192,-0.0075336275622248,-0.0251872558146715,0.0117484536021947,0.0667263492941856,-0.0085232108831405,0.0103595815598964,-0.0246078111231327,-0.001952999853529,-0.0012178312754258,-0.0240203682333231,0.0225857030600309,0.0028571796137839,-0.0217078197747468,0.014344953931868,0.0006649402203038,0.0165479481220245,-0.008431582711637,0.0239600866484275,-0.0089397111988729,0.0345897744671486,-0.0083185657210627,0.0497012719489633,0.0094536877961919,0.0398759051877712,0.1147047776085692,0.0425190137404984,0.216112418165991,0.1660538406267253,-0.0355203492067895,2019-02-13,2019-02-14,2019-02-15,2019-02-19,2019-02-20,2019-02-21,2019-02-22,2019-02-25,2019-02-26,2019-02-27,20512.0,2019-02-12,252.0,-0.0058%,0.0005,0.7724,0.1906,-0.207,1.2563%,1.5436%,33.7667%,-0.011136,CACI,20512.0,2019-02-13,252.0,1.6548%,0.0005,0.7626,0.2127,-0.1997,1.2487%,1.5304%,33.4211%,0.014316,CACI,20512.0,2019-02-14,252.0,0.7291%,0.0005,0.7616,0.2162,-0.2042,1.2487%,1.5307%,33.4590%,0.006529,CACI,20512.0,2019-02-15,252.0,1.0381%,0.0005,0.7615,0.2163,-0.2041,1.2487%,1.5300%,33.3895%,0.002115,CACI,20512.0,2019-02-19,252.0,0.0389%,0.0005,0.7651,0.2098,-0.2118,1.2462%,1.5299%,33.6435%,-0.001173,CACI,20512.0,2019-02-20,252.0,1.4212%,0.0006,0.769,0.22,-0.1975,1.2486%,1.5321%,33.5795%,0.013362,CACI,20512.0,2019-02-21,252.0,-0.3777%,0.0006,0.7685,0.2186,-0.1984,1.2486%,1.5315%,33.5394%,-0.001332,CACI,20512.0,2019-02-22,252.0,1.0330%,0.0006,0.7685,0.2169,-0.2,1.2485%,1.5327%,33.6403%,0.001116,CACI,20512.0,2019-02-25,252.0,-0.7070%,0.0006,0.7693,0.222,-0.1944,1.2491%,1.5329%,33.5968%,-0.008119,CACI,20512.0,2019-02-26,252.0,-1.6267%,0.0005,0.7745,0.2376,-0.1826,1.2524%,1.5359%,33.5139%,-0.014357,CACI,20512.0,2019-02-27,252.0,0.7628%,0.0005,0.7734,0.2412,-0.1827,1.2528%,1.5352%,33.4100%,0.00616,CACI,0.00318,0.009709,0.011824,0.024013,0.0074809999999999
9915,CBIZ INC,CBIZ Adds 5M Shares To Buyback,6,increase,0.8,0.6,"the announcement of a share buyback typically signals to investors that the company believes its stock is undervalued, which can lead to an increase in stock price.",2,2019-02-12,CBZ,2019-02-12 22:15:00+00:00,81584.0,12480510,0.0058766328729689,248466.0,-0.0219085067510604,0.0078973267227411,0.0169238504022359,0.0089641585946083,0.0274106431752443,0.0024962173774838,0.0176274813711643,0.0025025599170476,-0.0028090530540794,-0.0019980475772172,-0.0042253592982888,0.025089593604207,0.0061292350292205,-0.0035714129917323,-0.0056232819333672,0.0025576034095138,-0.0235626772046089,0.0025640635285526,-0.0019304541638121,-0.0051020602695643,-0.0024178503081202,-0.0140844462439417,0.0135725010186433,-0.008478807285428,-0.0114777507260441,0.003001474076882,0.0038703398313373,-0.0019970501307398,-0.0168674886226654,-0.0113523956388235,-0.0200980324298143,-0.0039331330917775,0.0120059913024306,0.0059347599744796,0.0054374993778765,0.0039721908979117,-0.0147492252290248,0.000496782362461,0.0124750491231679,-0.0098377158865332,-0.0113357044756412,0.0064356019720435,-0.0044865482486784,-0.0102890292182564,0.0040060053579509,0.0154228582978248,-0.0039900210686028,0.006509818136692,-0.0075112478807568,0.0005010134773328,-0.0010091048898175,0.0204498786479234,-0.0368686653673648,-0.0156014775857329,0.036182515323162,0.0086294449865818,0.0116396527737379,0.0076727126725018,-0.0035017356276512,0.0056583695113658,0.014056259766221,-0.0015407693572342,0.0019801489543169,0.0356383025646209,0.0083992136642336,-0.0110468696802854,0.000979934236966,0.0133262258023023,-0.0009789748582988,-0.016255872324109,-0.014208672568202,-0.021549517288804,0.0,0.0010272449580952,0.0144134685397148,-0.0136778345331549,-0.0210681185126304,-0.0100301280617713,0.0130130248144269,-0.0109126642346382,0.0039525656029582,0.0171543974429369,0.0127952871844172,0.0020221944432705,0.012633635662496,-0.0075263227336108,-0.0071976785548031,0.0,-0.0048332712613046,0.0,0.0048567452467978,-0.0523062460124492,-0.0178830754011869,-0.0028449248056858,0.0147638358175754,0.0019002810586243,-0.0024248857516795,-0.0245598088949918,-0.0520174875855445,0.0594010315835475,-0.0035897279158234,-0.0039119767025113,0.0025733008515089,-0.0014647841453552,-0.0087269032374024,-0.0067895874381065,0.0269290767610073,0.0073278713971376,0.0070599792525172,-0.0082364380359649,0.0020030504092574,-0.0143267018720507,-0.0004997615469619,-0.010864408686757,-0.0085000041872262,-0.0061032474040985,-0.0090771708637475,-0.0251716766506433,-0.0066157337278127,0.0018340630922466,-0.0219085067510604,0.0078973267227411,-0.0053554326396157,0.0169322782065655,0.021908414682495,0.0194707622311489,0.0370008899130309,0.0199800002186487,0.0068159389337771,0.0418367184847185,-0.0301850448065057,0.050411497205385,-0.0496592219884501,-0.0637322090063834,2019-02-13,2019-02-14,2019-02-15,2019-02-19,2019-02-20,2019-02-21,2019-02-22,2019-02-25,2019-02-26,2019-02-27,81584.0,2019-02-12,252.0,0.5877%,0.0009,0.8048,0.5026,0.2999,1.1551%,1.4275%,34.5178%,-0.004776,CBZ,81584.0,2019-02-13,252.0,-2.1909%,0.0008,0.8021,0.4969,0.2926,1.1663%,1.4344%,33.8909%,-0.0247739999999999,CBZ,81584.0,2019-02-14,252.0,1.6924%,0.0009,0.7982,0.506,0.2826,1.1711%,1.4379%,33.6688%,0.017622,CBZ,81584.0,2019-02-15,252.0,2.7411%,0.001,0.8133,0.5212,0.3094,1.1739%,1.4465%,34.1380%,0.01567,CBZ,81584.0,2019-02-19,252.0,1.7627%,0.0007,0.7865,0.5703,0.3669,1.0166%,1.3039%,39.2185%,0.013542,CBZ,81584.0,2019-02-20,252.0,-0.2809%,0.0007,0.7848,0.5693,0.3615,1.0171%,1.3039%,39.1522%,-0.007676,CBZ,81584.0,2019-02-21,252.0,-0.4225%,0.0005,0.7997,0.5995,0.3889,0.9839%,1.2876%,41.6173%,-0.0001919999999999,CBZ,81584.0,2019-02-22,252.0,0.6129%,0.0006,0.7978,0.6407,0.4032,0.9655%,1.2761%,42.7575%,0.00325,CBZ,81584.0,2019-02-25,252.0,-0.5623%,0.0006,0.7985,0.644,0.4076,0.9652%,1.2764%,42.8097%,-0.004528,CBZ,81584.0,2019-02-26,252.0,-2.3563%,0.0005,0.7997,0.6672,0.4203,0.9711%,1.2828%,42.6889%,-0.016918,CBZ,81584.0,2019-02-27,252.0,-0.1930%,0.0005,0.7973,0.6702,0.4199,0.9709%,1.2812%,42.5719%,-0.0035139999999999,CBZ,-0.0295499999999999,-0.0119279999999999,0.003742,0.009608,-0.0122939999999999
9923,CROWN CASTLE INC,Macquarie Downgrades Crown Castle Intl to Neutral,6,decrease,0.8,0.6,"a downgrade from macquarie typically signals reduced expectations for the company's performance, which can lead to a decline in stock price.",0,2019-02-12,CCI,2019-02-12 11:50:00+00:00,86339.0,22822V10,-0.0089497230947017,2072661.0,0.0090305432677268,0.0005913634668104,0.0026173384394496,0.0007609398453496,0.0116210291162133,0.007839111611247,0.0001665218733251,-0.0156014142557978,-0.0047440673224627,0.0134308217093348,-0.0018397826934233,0.0056419558823108,0.0042728059925138,-0.0006833606748841,-0.0141820684075355,0.0137697784230113,0.0,0.0036505707539618,0.001269370666705,0.0058577181771397,0.0036342148669064,0.0059806536883115,0.0040421336889266,0.0159949362277984,0.0023483920376747,0.0148726496845483,0.0005857225041836,0.0098909623920917,0.0091988500207662,0.0146826673299074,0.0004971624002791,-9.293937910115346e-05,0.001822107238695,0.0027019558474421,0.0213293805718421,-0.0006517662550322,0.0025092889554798,0.0092088272795081,0.0093661984428763,-0.0089402040466666,0.000999919953756,0.0049602133221924,0.0082251159474253,0.0111668435856699,-0.0029592507053166,-0.017388904467225,-0.0007219955441541,-0.0097605669870972,0.0095528811216354,0.0049042175523936,0.0050890534184873,0.0149323465302586,-0.0071202651597559,0.0050024203956127,-0.0017529977485537,-0.0246709045022726,0.0020753683056682,0.0047169299796223,0.0066910651512444,0.0022247449960559,0.0067257960326969,0.0023227725178003,0.0060520051047205,0.036199040710926,-0.0103906393051147,-0.0219396818429231,0.0134206758812069,-0.0345454812049865,7.797589933034033e-05,-0.0023580819834023,-0.0013241794658824,-0.0032543898560106,0.0069417310878634,-0.0026147407479584,-0.0045701903291046,-0.0317765101790428,0.01027163118124,-0.0043459362350404,0.0032349855173379,0.0060183554887771,-0.0116698984056711,-0.0056827627122402,0.0010875428561121,0.000344538479112,-0.0114067951217293,0.0029370796401053,-0.0218995362520217,-0.0145569005981087,-0.0035310364328324,0.0214782711118459,-0.0124828498810529,0.0114336246624589,-0.0003262185200583,-0.0104439035058021,0.006934234406799,0.0168141722679138,-0.0025115252938121,0.0078487088903784,-0.0037361849099397,0.0148443095386028,0.0110060200095176,0.0192822590470314,-0.0033062144648283,0.0039829593151807,0.0176375433802604,-0.013793752528727,-0.0105740325525403,-0.0014594183303415,-0.0033748347777873,-0.023514736443758,0.0061275670304894,0.0013377978466451,-0.000160303490702,0.0138349439948797,-0.0123426569625735,0.0026291322428733,0.0038951206952333,-0.003433296456933,0.0025866923388093,0.0086575858294963,0.0090305432677268,0.0005913634668104,0.0116715176952002,0.001352753304185,0.0234281818583799,0.009202469299566,0.0187425843429649,0.0068004338448504,0.0080081988418492,0.0354957619028857,0.0864414756144407,0.0978865919177334,0.0662394184053594,0.0899311741847264,2019-02-13,2019-02-14,2019-02-15,2019-02-19,2019-02-20,2019-02-21,2019-02-22,2019-02-25,2019-02-26,2019-02-27,86339.0,2019-02-12,252.0,-0.8950%,0.0005,0.3307,-0.2813,-0.2071,1.1412%,1.2184%,12.2675%,-0.0138979999999999,CCI,86339.0,2019-02-13,252.0,0.9031%,0.0005,0.3295,-0.2761,-0.2043,1.1418%,1.2174%,12.0323%,0.0083179999999999,CCI,86339.0,2019-02-14,252.0,0.2617%,0.0005,0.3281,-0.2749,-0.2045,1.1402%,1.2154%,11.9910%,0.0034599999999999,CCI,86339.0,2019-02-15,252.0,1.1621%,0.0006,0.3452,-0.2586,-0.1756,1.1384%,1.2157%,12.3139%,0.009482,CCI,86339.0,2019-02-19,252.0,0.0167%,0.0005,0.3403,-0.2518,-0.1675,1.1342%,1.2085%,11.9162%,0.000688,CCI,86339.0,2019-02-20,252.0,-0.4744%,0.0004,0.3377,-0.2638,-0.1784,1.1309%,1.2061%,12.0775%,-0.004016,CCI,86339.0,2019-02-21,252.0,-0.1840%,0.0004,0.3364,-0.2669,-0.1808,1.1306%,1.2057%,12.0718%,-0.001285,CCI,86339.0,2019-02-22,252.0,0.4273%,0.0005,0.3357,-0.2492,-0.1733,1.1276%,1.2011%,11.8689%,0.000796,CCI,86339.0,2019-02-25,252.0,-1.4182%,0.0004,0.3374,-0.2395,-0.1617,1.1284%,1.2010%,11.7165%,-0.015746,CCI,86339.0,2019-02-26,252.0,0.0000%,0.0003,0.3309,-0.2304,-0.1619,1.1262%,1.1958%,11.3044%,-0.0016259999999999,CCI,86339.0,2019-02-27,252.0,0.1269%,0.0003,0.3289,-0.2266,-0.1623,1.1258%,1.1943%,11.1398%,0.001115,CCI,-0.00558,-0.00212,0.007362,0.0040339999999999,-0.012712
9931,COGENT COMMUNICATIONS HLDS INC,Guggenheim's Takeaways From Meeting With Cogent Communications' CEO,6,uncertain,0.5,0.5,the impact on cogent communications' stock price is unclear as it depends on the content of the meeting and market perception.,1,2019-02-12,CCOI,2019-02-12 19:26:00+00:00,89297.0,19239V30,0.0026677830610424,174275.0,-0.002251342870295,0.0012328205630183,0.0012307973811402,-0.0016410632524639,-0.0004097614728379,0.0,0.0305390004068613,-0.0099512925371527,-0.0055687907151877,0.0002031715703196,-0.0186000056564807,-0.0128333549946546,0.0356633365154266,0.0293085277080535,-0.0131837502121925,0.0245294943451881,-0.0346959456801414,0.0135019514709711,0.0200372077524662,-0.0201595779508352,-0.0135682858526706,-0.0110073229297995,0.0112913008779287,0.0075329691171646,-0.0174583196640014,0.0097189741209149,0.0086776474490761,-0.0135472640395164,-0.0092175491154193,-0.0143796373158693,0.0150920310989022,0.0171332992613315,0.004946369677782,-0.0031243015546351,0.0176374204456806,0.0004166835278738,0.0102781569585204,0.0067128911614418,0.0203471053391695,-0.0105853490531444,-0.0023460946977138,-0.0086419377475976,0.0039192782714962,0.0078804902732372,0.0076127150095999,0.0020781855564564,-0.0011622929014265,0.0352839790284633,-0.0019395323470234,0.0206411648541688,0.0264283064752817,0.0222222600132226,-0.0160923600196838,-0.0100000165402889,0.0132768638432025,-0.0046449699439108,0.0182301383465528,-0.0024271979928016,0.0007460073684342,0.0035429550334811,0.0091316001489758,0.0044484157115221,0.0018466938054189,0.060377299785614,-0.0047925957478582,-0.0299702025949955,-0.0012966013746336,-0.0370125658810138,0.0191024225205183,0.0028723170980811,0.0183803141117095,-0.0076738060452044,-0.0012508881045505,0.0050683016888797,-0.000894600758329,-0.029512345790863,-0.0057306536473333,-0.0124604050070047,0.0135086458176374,-0.023711372166872,0.0012439966667443,-0.0116160521283745,0.0195242892950773,0.0367631055414676,-0.009923392906785,-0.0054632974788546,0.0015825594309717,-0.0251945834606885,-0.0059691038914024,0.0306101068854332,-0.0031790940556675,-0.0503208115696907,0.00194898317568,0.028665691614151,-0.0045976713299751,-0.0087897898629307,-0.0044412859715521,-0.0046796207316219,-0.0155246742069721,0.0086189610883593,0.0018126209033653,0.0037075243890285,-0.0032567451708018,-0.0038982855621725,0.002541285008192,0.0166875906288623,-0.0005431609461084,0.0193493496626615,-0.0047101834788918,-0.0309087168425321,0.0282126516103744,-0.0303696393966674,0.0099132154136896,0.0285655446350574,-0.0075372536666691,-0.0016227056039497,0.0097138686105608,0.0090052932500839,0.0148679781705141,-0.003263970836997,-0.002251342870295,0.0012328205630183,-0.0010233164360635,-0.0004102658259684,-0.0014326585932515,-0.0004102658259684,0.023331955656531,-0.0101564084621493,0.0106426587393326,0.0233095466856438,0.1113680250845667,0.079052250977734,0.2016692775192048,0.0055243718321114,2019-02-13,2019-02-14,2019-02-15,2019-02-19,2019-02-20,2019-02-21,2019-02-22,2019-02-25,2019-02-26,2019-02-27,89297.0,2019-02-12,252.0,0.2668%,0.0006,0.8606,0.5051,0.0427,1.3502%,1.6541%,33.3648%,-0.009113,CCOI,89297.0,2019-02-13,252.0,-0.2251%,0.0005,0.8522,0.5171,0.0434,1.3467%,1.6463%,33.0929%,-0.005094,CCOI,89297.0,2019-02-14,252.0,0.1231%,0.0005,0.8523,0.5171,0.0433,1.3466%,1.6463%,33.0929%,0.000483,CCOI,89297.0,2019-02-15,252.0,-0.0410%,0.0005,0.8442,0.5085,0.0283,1.3488%,1.6438%,32.6758%,-0.0116409999999999,CCOI,89297.0,2019-02-19,252.0,3.0539%,0.0006,0.8477,0.5276,0.0496,1.3587%,1.6517%,32.3316%,0.0272759999999999,CCOI,89297.0,2019-02-20,252.0,-0.5569%,0.0006,0.8457,0.526,0.0432,1.3594%,1.6520%,32.2865%,-0.008713,CCOI,89297.0,2019-02-21,252.0,-1.8600%,0.0004,0.8566,0.5448,0.0634,1.3568%,1.6545%,32.7453%,-0.015103,CCOI,89297.0,2019-02-22,252.0,3.5663%,0.0005,0.8529,0.5451,0.0187,1.3673%,1.6688%,32.8671%,0.0279309999999999,CCOI,89297.0,2019-02-25,252.0,-1.3184%,0.0006,0.848,0.547,0.0017,1.3441%,1.6500%,33.6471%,-0.0131119999999999,CCOI,89297.0,2019-02-26,252.0,-3.4696%,0.0004,0.8473,0.5901,0.023,1.3556%,1.6591%,33.2477%,-0.029933,CCOI,89297.0,2019-02-27,252.0,2.0037%,0.0005,0.8498,0.5908,0.0235,1.3598%,1.6636%,33.1902%,0.018081,CCOI,-0.014207,-0.0137239999999999,-0.025365,-0.006802,-0.018938
9939,CHEGG INC,"RayJay: Chegg's Q4 Print, Guidance Reflect Strong Positioning, Momentum — And So Does The Share Price",6,increase,0.8,0.7,"the positive assessment from rayjay regarding chegg's q4 performance and guidance suggests strong positioning and momentum, likely leading to an increase in stock price.",2,2019-02-12,CHGG,2019-02-12 16:42:00+00:00,14273.0,16309210,0.0764367803931236,8354412.0,0.0005339150666259,0.0116278398782014,-0.003468545153737,-0.0230047591030597,0.0109772384166717,-0.0123422835022211,0.0052966307848691,-0.0053013009019196,-0.0126448776572942,0.0025174866896122,0.0226788241416215,0.0098869623616337,0.0208713598549366,0.0051107411272823,0.0094556333497166,0.0161569938063621,-0.0141772497445344,0.0058038528077304,0.0130971278995275,0.0023268763907253,0.0045627453364431,-0.0075057251378893,0.0199343189597129,0.0164318531751632,-0.0291933827102184,0.0088810855522751,0.0061161532066762,0.013501257635653,0.0030394867062568,-0.016814149916172,-0.007828221656382,0.0155782038345933,0.004326753783971,0.0115151843056082,0.0177395027130842,0.0088658183813095,0.0027390590403229,0.0231466926634311,0.0106779318302869,-0.0120519557967782,0.0130220828577876,-0.0049200444482266,-0.0033955709077417,0.0015398594550788,0.0031638126820325,0.0387076437473297,0.006792789325118,0.0222367662936449,-0.0137349320575594,0.0234270673245191,-0.0310285966843366,0.0550847277045249,-0.0731215700507164,-0.0059670088812708,0.0144179165363311,0.0024630434345453,0.0273531898856163,0.0150000024586916,-0.0331506244838237,0.001788881374523,0.018898507580161,0.0185860134661197,0.0100688189268112,0.0858725756406784,-0.0097061628475785,-0.0239474289119243,0.0140397027134895,-0.0544192790985107,0.0154127525165677,-0.0555364117026329,-0.038332849740982,-0.0088888965547084,-0.0096308346837759,0.015625026077032,0.0064829243347048,-0.0140362838283181,-0.0075147286988794,0.0124782910570502,0.0081124724820256,-0.0276373345404863,0.0088519807904958,0.0231034513562917,-0.0077107395045459,-0.0176151916384697,0.0243837051093578,0.0289299376308918,-0.0010463226353749,-0.0034734413493424,-0.0144016565755009,0.0348670482635498,0.0042507932521402,-0.034698124974966,0.0087302075698971,0.0311269741505384,0.0201940834522247,0.0021513579413294,0.0020565041340887,0.0249908249825239,0.004361261613667,0.0477473922073841,0.023754796013236,0.0003852168447338,-0.0092316046357154,0.0334394201636314,-0.102241188287735,0.0056045358069241,-0.0255259405821561,0.0028101042844355,0.0325272642076015,0.0048406184650957,0.0404237732291221,-0.0588458329439163,-0.0056269853375852,-0.0052869860082864,-0.0175155345350503,0.0165067296475172,-0.0030170218087732,0.0061799865216016,-0.0019257138483226,-0.0118321133777499,0.0005339150666259,0.0116278398782014,-0.002936481995628,-0.0116444148801452,0.0080085219580714,-0.0238429797126981,0.0005339148681982,-0.0265734472463542,0.0531233796149674,0.0122163530177046,-0.0112119071339069,0.2450804401483004,-0.0315002720041375,0.3282442094568463,2019-02-13,2019-02-14,2019-02-15,2019-02-19,2019-02-20,2019-02-21,2019-02-22,2019-02-25,2019-02-26,2019-02-27,14273.0,2019-02-12,252.0,7.6437%,0.003,1.2503,1.1732,-0.7406,2.2919%,2.8910%,37.1519%,0.058378,CHGG,14273.0,2019-02-13,252.0,0.0534%,0.0029,1.2447,1.1802,-0.7409,2.2913%,2.8874%,37.0247%,-0.0032519999999999,CHGG,14273.0,2019-02-14,252.0,-0.3469%,0.0022,1.2373,1.1667,-0.708,2.0544%,2.6880%,41.5862%,-0.011389,CHGG,14273.0,2019-02-15,252.0,1.0977%,0.0024,1.2583,1.185,-0.6745,2.0462%,2.6875%,42.0274%,-0.002623,CHGG,14273.0,2019-02-19,252.0,0.5297%,0.0024,1.2612,1.1801,-0.6803,2.0453%,2.6871%,42.0631%,0.001393,CHGG,14273.0,2019-02-20,252.0,-1.2645%,0.0023,1.2553,1.1611,-0.7027,2.0460%,2.6868%,42.0130%,-0.013996,CHGG,14273.0,2019-02-21,252.0,2.2679%,0.0023,1.2509,1.1575,-0.7109,2.0515%,2.6892%,41.8041%,0.02642,CHGG,14273.0,2019-02-22,252.0,2.0871%,0.0021,1.2543,1.093,-0.7296,2.0307%,2.6746%,42.3561%,-0.004176,CHGG,14273.0,2019-02-25,252.0,0.9456%,0.0023,1.2504,1.0858,-0.7477,2.0205%,2.6683%,42.6596%,0.009003,CHGG,14273.0,2019-02-26,252.0,-1.4177%,0.0022,1.2507,1.0996,-0.7405,2.0214%,2.6679%,42.5928%,-0.007795,CHGG,14273.0,2019-02-27,252.0,1.3097%,0.0023,1.2593,1.0862,-0.7391,2.0182%,2.6678%,42.7699%,0.0088939999999999,CHGG,0.055126,0.043737,0.041114,0.0285109999999999,0.0608569999999999
9947,CHEGG INC,Chegg shares are trading higher after the company reported strong Q4 results and said it expects Q1 revenue of $93.5M to $95.5M versus the $93.3M analyst estimate.,6,increase,0.8,0.6,the strong q4 results and positive q1 revenue guidance exceeding analyst estimates are likely to boost investor confidence and drive the stock price higher.,2,2019-02-12,CHGG,2019-02-12 13:36:00+00:00,14273.0,16309210,0.0764367803931236,8354412.0,0.0005339150666259,0.0116278398782014,-0.003468545153737,-0.0230047591030597,0.0109772384166717,-0.0123422835022211,0.0052966307848691,-0.0053013009019196,-0.0126448776572942,0.0025174866896122,0.0226788241416215,0.0098869623616337,0.0208713598549366,0.0051107411272823,0.0094556333497166,0.0161569938063621,-0.0141772497445344,0.0058038528077304,0.0130971278995275,0.0023268763907253,0.0045627453364431,-0.0075057251378893,0.0199343189597129,0.0164318531751632,-0.0291933827102184,0.0088810855522751,0.0061161532066762,0.013501257635653,0.0030394867062568,-0.016814149916172,-0.007828221656382,0.0155782038345933,0.004326753783971,0.0115151843056082,0.0177395027130842,0.0088658183813095,0.0027390590403229,0.0231466926634311,0.0106779318302869,-0.0120519557967782,0.0130220828577876,-0.0049200444482266,-0.0033955709077417,0.0015398594550788,0.0031638126820325,0.0387076437473297,0.006792789325118,0.0222367662936449,-0.0137349320575594,0.0234270673245191,-0.0310285966843366,0.0550847277045249,-0.0731215700507164,-0.0059670088812708,0.0144179165363311,0.0024630434345453,0.0273531898856163,0.0150000024586916,-0.0331506244838237,0.001788881374523,0.018898507580161,0.0185860134661197,0.0100688189268112,0.0858725756406784,-0.0097061628475785,-0.0239474289119243,0.0140397027134895,-0.0544192790985107,0.0154127525165677,-0.0555364117026329,-0.038332849740982,-0.0088888965547084,-0.0096308346837759,0.015625026077032,0.0064829243347048,-0.0140362838283181,-0.0075147286988794,0.0124782910570502,0.0081124724820256,-0.0276373345404863,0.0088519807904958,0.0231034513562917,-0.0077107395045459,-0.0176151916384697,0.0243837051093578,0.0289299376308918,-0.0010463226353749,-0.0034734413493424,-0.0144016565755009,0.0348670482635498,0.0042507932521402,-0.034698124974966,0.0087302075698971,0.0311269741505384,0.0201940834522247,0.0021513579413294,0.0020565041340887,0.0249908249825239,0.004361261613667,0.0477473922073841,0.023754796013236,0.0003852168447338,-0.0092316046357154,0.0334394201636314,-0.102241188287735,0.0056045358069241,-0.0255259405821561,0.0028101042844355,0.0325272642076015,0.0048406184650957,0.0404237732291221,-0.0588458329439163,-0.0056269853375852,-0.0052869860082864,-0.0175155345350503,0.0165067296475172,-0.0030170218087732,0.0061799865216016,-0.0019257138483226,-0.0118321133777499,0.0005339150666259,0.0116278398782014,-0.002936481995628,-0.0116444148801452,0.0080085219580714,-0.0238429797126981,0.0005339148681982,-0.0265734472463542,0.0531233796149674,0.0122163530177046,-0.0112119071339069,0.2450804401483004,-0.0315002720041375,0.3282442094568463,2019-02-13,2019-02-14,2019-02-15,2019-02-19,2019-02-20,2019-02-21,2019-02-22,2019-02-25,2019-02-26,2019-02-27,14273.0,2019-02-12,252.0,7.6437%,0.003,1.2503,1.1732,-0.7406,2.2919%,2.8910%,37.1519%,0.058378,CHGG,14273.0,2019-02-13,252.0,0.0534%,0.0029,1.2447,1.1802,-0.7409,2.2913%,2.8874%,37.0247%,-0.0032519999999999,CHGG,14273.0,2019-02-14,252.0,-0.3469%,0.0022,1.2373,1.1667,-0.708,2.0544%,2.6880%,41.5862%,-0.011389,CHGG,14273.0,2019-02-15,252.0,1.0977%,0.0024,1.2583,1.185,-0.6745,2.0462%,2.6875%,42.0274%,-0.002623,CHGG,14273.0,2019-02-19,252.0,0.5297%,0.0024,1.2612,1.1801,-0.6803,2.0453%,2.6871%,42.0631%,0.001393,CHGG,14273.0,2019-02-20,252.0,-1.2645%,0.0023,1.2553,1.1611,-0.7027,2.0460%,2.6868%,42.0130%,-0.013996,CHGG,14273.0,2019-02-21,252.0,2.2679%,0.0023,1.2509,1.1575,-0.7109,2.0515%,2.6892%,41.8041%,0.02642,CHGG,14273.0,2019-02-22,252.0,2.0871%,0.0021,1.2543,1.093,-0.7296,2.0307%,2.6746%,42.3561%,-0.004176,CHGG,14273.0,2019-02-25,252.0,0.9456%,0.0023,1.2504,1.0858,-0.7477,2.0205%,2.6683%,42.6596%,0.009003,CHGG,14273.0,2019-02-26,252.0,-1.4177%,0.0022,1.2507,1.0996,-0.7405,2.0214%,2.6679%,42.5928%,-0.007795,CHGG,14273.0,2019-02-27,252.0,1.3097%,0.0023,1.2593,1.0862,-0.7391,2.0182%,2.6678%,42.7699%,0.0088939999999999,CHGG,0.055126,0.043737,0.041114,0.0285109999999999,0.0608569999999999
9955,CLEVELAND CLIFFS INC NEW,Cleveland-Cliffs Appoints Keith A. Koci CFO,6,uncertain,0.6,0.3,"the appointment of a new cfo can have mixed implications for a company's stock price, depending on the market's perception of the new executive's experience and potential impact on the company's strategy.",1,2019-02-12,CLF,2019-02-12 21:47:00+00:00,27422.0,18589910,0.001716777565889,13769468.0,-0.0171379446983337,-0.0152155794203281,-0.0200523529201746,0.0853211283683776,0.0044484157115221,-0.0162455141544342,-0.0044287149794399,0.0582616664469242,0.0346975401043891,-0.0141242584213614,-0.0103181330487132,0.0085470229387283,0.00608164165169,-0.0168067514896392,-0.0025906504597514,-0.0101663274690508,-0.0034632000606507,0.1773667186498642,-0.0173761770129203,-0.0275132525712251,-0.0194518361240625,-0.0166493076831102,-0.0180342476814985,0.0773542150855064,-0.0110192727297544,0.0229357574135065,-0.0250696800649166,0.0,-0.043809525668621,-0.0321864560246467,-0.0129482187330722,-0.00441988511011,-0.0131180742755532,0.0390356071293354,0.01124750636518,0.035671841353178,0.0080889705568552,-0.0186697617173194,0.0170511603355407,-0.0034884517081081,-0.0187377240508794,-0.0182648226618766,0.0010050481650978,-0.0056753903627395,0.0341365598142147,0.0292056053876876,-0.0456310920417308,-0.0194729827344417,-0.0152593711391091,0.0306964889168739,0.0175619907677173,0.1100917607545853,-0.0558375790715217,-0.022900765761733,0.0075268489308655,0.0221066419035196,0.0106723997741937,-0.0216285083442926,0.0073917312547564,0.0128865856677293,0.0188679564744234,-0.0324189774692058,0.0277777258306741,0.0594452135264873,0.0390390753746032,-0.0143228722736239,-0.0105972690507769,-0.0179028566926717,0.0272638481110334,-0.0175879225134849,-0.0018957959255203,-0.0489844493567943,0.0057252310216426,0.0501882173120975,0.0142314629629254,-0.0049938126467168,-0.0411599241197109,-0.0267313886433839,0.0146341091021895,-0.0167264454066753,-0.0336537919938564,-0.0700000151991844,0.0059700962156057,0.0204081982374191,0.0128585677593946,-0.0123180970549583,-0.0654296949505806,-0.0110741341486573,0.0052246805280447,-0.0120350774377584,-0.0259875264018774,-0.0479166693985462,-0.0149413384497165,0.034482829272747,0.0281690396368503,-0.0169491376727819,0.002107529900968,0.0074706184677779,0.0231334716081619,0.0551801547408103,0.0369990356266498,0.0242214575409889,-0.021803792566061,-0.0125284353271126,0.0121580436825752,-0.0757895037531852,-0.0380380488932132,0.0084925610572099,0.0260145682841539,-0.0542168617248535,0.0446248017251491,-0.033009722828865,-0.0019417919684201,0.0269192885607481,-0.0145914033055305,0.026612002402544,-0.0059230425395071,-0.0605768449604511,0.0148957874625921,0.0399999618530273,-0.0171379446983337,-0.0152155794203281,-0.0368466415030909,0.0688073385431284,-0.0325621349705479,0.0514440137964629,-0.0034275892530676,0.0969867909917856,-0.0308482991424141,0.2328042081419179,-0.1825192865509523,0.5111266117379503,-0.1200719955251765,0.1726342802860052,2019-02-13,2019-02-14,2019-02-15,2019-02-19,2019-02-20,2019-02-21,2019-02-22,2019-02-25,2019-02-26,2019-02-27,27422.0,2019-02-12,252.0,0.1717%,0.0026,1.5288,0.7808,0.4902,3.0584%,3.4435%,21.1177%,-0.01849,CLF,27422.0,2019-02-13,252.0,-1.7138%,0.0023,1.5112,0.8004,0.4876,3.0564%,3.4337%,20.7693%,-0.02233,CLF,27422.0,2019-02-14,252.0,-2.0052%,0.0022,1.515,0.7886,0.5022,3.0577%,3.4346%,20.7433%,-0.018313,CLF,27422.0,2019-02-15,252.0,0.4448%,0.0021,1.4999,0.773,0.4749,3.0600%,3.4294%,20.3802%,-0.017153,CLF,27422.0,2019-02-19,252.0,-0.4429%,0.0021,1.5002,0.7607,0.4611,3.0605%,3.4295%,20.3590%,-0.011045,CLF,27422.0,2019-02-20,252.0,3.4698%,0.0019,1.5008,0.732,0.4553,3.0340%,3.4050%,20.6076%,0.027538,CLF,27422.0,2019-02-21,252.0,-1.0318%,0.002,1.4978,0.7247,0.4498,3.0333%,3.4023%,20.5192%,-0.003305,CLF,27422.0,2019-02-22,252.0,0.6082%,0.0021,1.4967,0.7641,0.4728,3.0275%,3.3974%,20.5882%,-0.001127,CLF,27422.0,2019-02-25,252.0,-0.2591%,0.0021,1.4965,0.7659,0.473,3.0276%,3.3974%,20.5867%,-0.002098,CLF,27422.0,2019-02-26,252.0,-0.3463%,0.0022,1.5113,0.7472,0.4745,3.0233%,3.3974%,20.8104%,0.005294,CLF,27422.0,2019-02-27,252.0,-1.7376%,0.0021,1.5115,0.7403,0.4745,3.0264%,3.3989%,20.7187%,-0.019687,CLF,-0.04082,-0.059133,-0.076286,-0.059793,-0.080716
9963,CHIPOTLE MEXICAN GRILL INC,"PiperJaffray Maintains Overweight on Chipotle Mexican Grill, Raises Price Target to $661",6,increase,0.8,0.7,maintaining an 'overweight' rating and raising the price target typically signals positive sentiment and potential for stock price appreciation.,2,2019-02-12,CMG,2019-02-12 13:37:00+00:00,91068.0,16965610,-0.0160766579210758,941165.0,0.0100394543260335,0.0353312045335769,0.0080217430368065,-0.0051384642720222,0.0024155352730304,0.1135232299566269,-0.0106124747544527,-0.0011203396134078,-0.0028693019412457,-0.0024055889807641,0.005771760828793,0.0013656499795615,-0.0016135193873196,-0.004550467710942,-0.0059311548247933,-0.0063229301013052,0.004759875126183,0.0055087781511247,-0.0003669236029963,-0.0036466210149228,0.0137665187940001,-0.0209249593317508,0.0067485976032912,0.0187104754149913,0.011804474517703,0.0230546817183494,-0.004589102230966,0.0024803453125059,-0.0042207702063024,0.0133271506056189,-0.0063252048566937,-0.0085383905097842,0.0113365594297647,0.0055164247751235,0.0007137798238545,0.0006414451054297,0.0228731445968151,0.0249008946120739,0.009635679423809,-0.0097840456292033,0.0083507420495152,-0.0052391644567251,-0.0052771908231079,0.022347904741764,0.0262910611927509,0.0022317708935588,0.0153400395065546,0.0251880884170532,-0.0001051382059813,0.0662637203931808,0.0069992556236684,0.035385113209486,0.0015064654871821,-0.0088189579546451,0.0079081365838646,0.0267953779548406,0.0178051441907882,0.0179165136069059,0.0131383929401636,0.0232541672885417,0.0066488236188888,0.0217637456953525,0.0111030275002121,0.0515239611268043,-0.0064338208176195,-0.0217535030096769,-0.0013319387799128,-0.0158444382250309,0.0011918655363842,-0.0615384615957737,-0.003202780149877,-0.0377422273159027,0.0070943022146821,0.0006764099234715,0.0089077707380056,-0.0312997996807098,-0.0056109162978827,-0.0315191000699996,0.0115102548152208,0.0030129074584692,-0.0157472994178533,-0.0022017753217369,0.0069395969621837,-0.0058928504586219,-0.0002385925909038,0.0165158454328775,-0.0081289941444993,-0.0053411279805004,-0.025860546156764,0.0033948891796171,0.0171313658356666,-0.0147881666198372,0.0023856898769736,0.0045857303775846,0.0011259410530328,-0.019375842064619,0.0103777833282947,-0.0162276588380336,-0.0446354262530803,0.0360544435679912,-0.0018877538386732,0.0159435719251632,0.0016401637112721,-0.0114548048004508,0.01495788898319,0.0003395231033209,0.0007557984208688,0.0208608731627464,0.0280440300703048,-0.0091012306511402,0.0023309709504246,-0.0145740220323205,0.0100771831348538,0.0009740037494339,-0.0141626736149191,-0.0146457888185977,0.0043169162236154,-0.0113444160670042,-0.006257314234972,-0.0099046416580677,0.0100394543260335,0.0353312045335769,0.0181417312856733,0.0300111921293715,0.0206010885505381,0.1469413895513736,0.0068726502849989,0.1429004472050485,0.0094667938974075,0.1341353093794288,0.1755382350757832,0.4554577256417442,0.1877674725443645,0.2321767041132361,2019-02-13,2019-02-14,2019-02-15,2019-02-19,2019-02-20,2019-02-21,2019-02-22,2019-02-25,2019-02-26,2019-02-27,91068.0,2019-02-12,252.0,-1.6077%,0.0035,0.8258,0.5147,0.171,2.6082%,2.7554%,10.4026%,-0.027061,CMG,91068.0,2019-02-13,252.0,1.0039%,0.0035,0.8337,0.5029,0.1698,2.6063%,2.7553%,10.5201%,0.007199,CMG,91068.0,2019-02-14,252.0,0.8022%,0.0036,0.8339,0.506,0.1644,2.6039%,2.7536%,10.5767%,0.008043,CMG,91068.0,2019-02-15,252.0,0.2416%,0.003,0.7129,0.3959,-0.034,2.4574%,2.5857%,9.6841%,-0.009161,CMG,91068.0,2019-02-19,252.0,-1.0612%,0.003,0.7167,0.376,-0.0567,2.4553%,2.5856%,9.8285%,-0.013113,CMG,91068.0,2019-02-20,252.0,-0.2869%,0.0027,0.7087,0.3312,-0.0922,2.4244%,2.5550%,9.9610%,-0.004846,CMG,91068.0,2019-02-21,252.0,0.5772%,0.0026,0.7225,0.3605,-0.067,2.4103%,2.5449%,10.2976%,0.008314,CMG,91068.0,2019-02-22,252.0,-0.1614%,0.0025,0.7247,0.3464,-0.054,2.4108%,2.5445%,10.2334%,-0.009378,CMG,91068.0,2019-02-25,252.0,-0.5931%,0.0026,0.7218,0.3479,-0.0639,2.4063%,2.5403%,10.2751%,-0.0063149999999999,CMG,91068.0,2019-02-26,252.0,0.4760%,0.0026,0.7246,0.3378,-0.0668,2.4061%,2.5403%,10.2806%,0.00783,CMG,91068.0,2019-02-27,252.0,-0.0367%,0.0027,0.7341,0.3196,-0.0653,2.4024%,2.5385%,10.4352%,-0.001841,CMG,-0.019862,-0.011819,-0.02098,-0.038939,-0.040329
9971,COMTECH TELECOMMUNICATIONS CORP,"Comtech Telecom Wins $6.2M In Added Funding From US Army For Providing Ongoing Sustainment Services For AN/TSC-198A SNAP, VSATs",6,increase,0.8,0.6,"the additional funding from the us army indicates strong ongoing demand for comtech's services, which is likely to positively impact investor sentiment and stock price.",2,2019-02-12,CMTL,2019-02-12 14:08:00+00:00,26201.0,20582620,0.0248543452471494,122020.0,0.0026525084394961,0.0157790780067443,0.0185185819864273,0.0079523166641592,0.0092764375731349,-0.0259488802403211,-0.0099264867603778,0.0011631941888481,-0.0037133449222892,0.0153543818742036,0.0119269359856843,0.021721601486206,-0.0040515176951885,-0.0044052344746887,-0.0022189856972545,0.0,-0.0114899734035134,0.0,-0.0033745837863534,-0.000400329416152,-0.0030097789131104,-0.0230739209800958,0.013584928587079,0.0195374712347984,-0.0059568071737885,0.0040032179094851,-0.0116105377674102,-0.0142068117856979,-0.0049260766245424,-0.0120857497677207,-0.0959634557366371,0.0194753482937812,-0.0033698368351906,0.003189789596945,-0.0511411279439926,0.0056134476326406,0.0080177458003163,0.0060265627689659,0.0172338187694549,-0.0020048574078828,-0.0321459509432315,-0.0055821128189563,0.014811486005783,0.0023980601690709,-0.0088456766679883,0.0113177318125963,-0.0191878769546747,0.0131040001288056,0.0104640377685427,0.0032867675181478,0.0,0.0167084205895662,-0.046825710684061,-0.0058139283210039,0.0165328476577997,-0.0106820138171315,0.0013939952477812,0.0167084205895662,-0.0023201503790915,-0.0008346640970557,0.0553488619625568,0.0046121049672365,0.0233582537621259,0.0374075956642627,0.016365248709917,-0.0472440719604492,-0.0088983466848731,-0.0390283316373825,-0.0119708757847547,-0.0156801100820303,-0.000865445996169,-0.0169557034969329,0.003897797781974,0.0367558933794498,0.0159619897603988,-0.0234100073575973,-0.0131634594872593,-0.0115696545690298,0.0124785248190164,-0.0065134125761687,0.0106247337535023,0.0279638040810823,0.0,-0.0124465078115463,-0.0113540980964899,-0.0959916114807128,0.0119098387658596,0.1196850761771202,0.002532691694796,0.0155937382951378,-0.0042105424217879,-0.0413951687514782,-0.0160676185041666,0.0215348172932863,0.0167597495019435,0.0130901169031858,-0.0008453279151581,-0.0125343361869454,-0.0329948738217353,0.0130952345207333,0.0013122825184836,-0.0315142087638378,0.0567934103310108,0.010878037661314,-0.0272839944809675,0.0098077682778239,-0.0097748171538114,0.0079082185402512,0.0214592274278402,-0.0351010374724865,0.0214285813271999,0.0019112857989966,-0.0139860203489661,-0.0117113515734672,-0.0237797126173973,0.0126243280246853,-0.0076923207379877,-0.0260805059224367,0.0008613461977802,-0.0088626211509108,0.0026525084394961,0.0157790780067443,0.0212202111209298,0.0238568748958818,0.0306934966578167,-0.0027110645340209,0.0166730026928807,0.0137795430221889,0.0071997165925787,0.0308246796509621,-0.1852974399958352,0.0790170588298941,-0.1156460487057771,-0.0453010468178093,2019-02-13,2019-02-14,2019-02-15,2019-02-19,2019-02-20,2019-02-21,2019-02-22,2019-02-25,2019-02-26,2019-02-27,26201.0,2019-02-12,252.0,2.4854%,0.001,0.8325,0.7082,0.1498,2.4724%,2.6443%,12.5831%,0.013753,CMTL,26201.0,2019-02-13,252.0,0.2653%,0.0009,0.8283,0.7148,0.1507,2.4718%,2.6424%,12.4961%,-0.000308,CMTL,26201.0,2019-02-14,252.0,1.8519%,0.001,0.8242,0.7236,0.1415,2.4738%,2.6444%,12.4827%,0.017315,CMTL,26201.0,2019-02-15,252.0,0.9276%,0.0011,0.8368,0.7345,0.1614,2.4713%,2.6448%,12.6898%,-0.002625,CMTL,26201.0,2019-02-19,252.0,-0.9926%,0.001,0.8322,0.7272,0.1535,2.4730%,2.6445%,12.5533%,-0.014231,CMTL,26201.0,2019-02-20,252.0,-0.3713%,0.001,0.8304,0.7265,0.1481,2.4731%,2.6445%,12.5425%,-0.007839,CMTL,26201.0,2019-02-21,252.0,1.1927%,0.001,0.8297,0.7284,0.1467,2.4744%,2.6454%,12.5073%,0.015749,CMTL,26201.0,2019-02-22,252.0,-0.4052%,0.0007,0.8349,0.6379,0.1258,2.4414%,2.6116%,12.6113%,-0.011394,CMTL,26201.0,2019-02-25,252.0,-0.2219%,0.0008,0.8315,0.6357,0.112,2.4344%,2.6050%,12.6690%,-0.001686,CMTL,26201.0,2019-02-26,252.0,-1.1490%,0.0008,0.8446,0.6322,0.12,2.4316%,2.6055%,12.9035%,-0.005822,CMTL,26201.0,2019-02-27,252.0,-0.3375%,0.0008,0.8383,0.6416,0.1189,2.4303%,2.6026%,12.8026%,-0.005292,CMTL,0.013445,0.03076,0.028135,0.006065,-0.00238
9979,CINEMARK HOLDINGS INC,Cinemark Vs. AMC: Analyst Weighs In On Theater Stocks,6,uncertain,0.5,0.5,"the news discusses a comparison between cinemark and amc, which could have mixed implications for cinemark's stock depending on the analyst's perspective and market reactions.",1,2019-02-12,CNK,2019-02-12 17:27:00+00:00,91915.0,17243V10,-0.0021899265702813,1664421.0,0.0098765594884753,-0.0533817410469055,0.0103232068940997,0.0023376662284135,0.0032267477363348,-0.0084986304864287,-0.0144733553752303,-0.0243717953562736,0.0106064556166529,0.009639804251492,-0.0069967256858944,0.0056121787056326,0.0376693569123745,-0.0420331731438636,-0.0104466313496232,0.0184170696884393,-0.0197941418737173,-0.0037193533498793,0.0201938617974519,0.0059865722432732,-0.0068619246594607,0.0040070083923637,0.022854121401906,-0.0007507202099077,0.0181864611804485,0.0010020269546657,0.0012759135570377,0.0091000199317932,-0.0053517557680606,-0.0332355052232742,-0.0110171781852841,0.0148809142410755,0.0172503888607025,0.0092615503817796,0.0107914181426167,0.0012531136162579,-0.0043213521130383,0.0017574614612385,0.024253275245428,0.004539730027318,0.0,0.008136274293065,0.0049850638024508,0.0020382632501423,0.0116567760705947,-0.0197302922606468,-0.0149546600878238,0.021168116480112,-0.0059731625951826,0.0294040143489837,-0.0015021923463791,0.0250269193202257,-0.0010030319681391,0.0073190690018236,0.0170682799071073,0.0304469317197799,-0.0032083184923976,0.0090191569179296,0.0089131128042936,-0.002530226483941,-0.0120245814323425,-0.028938066214323,-0.0067063253372907,0.0283549167215824,0.0,-0.0246440712362527,-0.0215053912252187,-0.005717372521758,0.0066444752737879,-0.0171260219067335,0.0132013317197561,-0.0491094216704368,0.002756216796115,-0.0038023199886083,0.017241345718503,-0.0208488497883081,-0.0027020538691431,-0.0044477465562522,0.0032019969075918,0.0042184116318821,0.0083476593717932,0.0047369389794766,0.0270270425826311,0.0169878806918859,-0.0130393365398049,0.0131003931164741,0.0026423397939652,-0.0176634043455123,0.0103017846122384,0.030421270057559,0.0018971267854794,0.0075976140797138,-0.0328993946313858,0.0031274233479052,0.0044052936136722,-0.0151437418535351,0.0112085547298193,-0.0015377082163468,-0.0120481923222541,0.0169403590261936,0.0129267992451787,0.0126682380214333,0.0069829262793064,0.0215691346675157,0.0054997499100863,-0.000808156793937,-0.0047562606632709,0.0271167550235986,0.0028674493078142,-0.0271871350705623,0.0100071039050817,-0.0385610237717628,-0.0007076853071339,-0.0368893221020698,-0.0177053827792406,-0.0292766243219375,-0.0146599523723125,-0.0074447062797844,0.0060975607484579,0.0168497823178768,0.0098765594884753,-0.0533817410469055,0.0203017241495764,-0.0511688635117512,0.0235939804283544,-0.059232628734783,0.0194787121755803,-0.0733130285419293,0.0395061320405958,-0.0888002339409353,0.1279047057545259,0.0269890072306147,0.1417440270089704,-0.1004579042669649,2019-02-13,2019-02-14,2019-02-15,2019-02-19,2019-02-20,2019-02-21,2019-02-22,2019-02-25,2019-02-26,2019-02-27,91915.0,2019-02-12,252.0,-0.2190%,-0.0001,0.622,0.1571,-0.0381,1.4969%,1.6452%,17.2157%,-0.010963,CNK,91915.0,2019-02-13,252.0,0.9877%,-0.0001,0.618,0.1671,-0.0344,1.4960%,1.6419%,16.9839%,0.007967,CNK,91915.0,2019-02-14,252.0,1.0323%,-0.0001,0.6159,0.1731,-0.0416,1.4970%,1.6430%,16.9832%,0.0104529999999999,CNK,91915.0,2019-02-15,252.0,0.3227%,-0.0001,0.6058,0.1636,-0.0587,1.4960%,1.6389%,16.6759%,-0.004066,CNK,91915.0,2019-02-19,252.0,-1.4473%,-0.0002,0.601,0.1559,-0.0669,1.4991%,1.6397%,16.4192%,-0.016023,CNK,91915.0,2019-02-20,252.0,1.0606%,-0.0001,0.6045,0.1671,-0.0538,1.4994%,1.6404%,16.4502%,0.0093899999999999,CNK,91915.0,2019-02-21,252.0,-0.6997%,-0.0002,0.6136,0.1846,-0.037,1.4930%,1.6371%,16.8233%,-0.004867,CNK,91915.0,2019-02-22,252.0,3.7669%,-0.0001,0.6089,0.1937,-0.0855,1.5065%,1.6541%,17.0529%,0.032022,CNK,91915.0,2019-02-25,252.0,-1.0447%,-0.0002,0.6092,0.1994,-0.0814,1.5080%,1.6554%,17.0128%,-0.01111,CNK,91915.0,2019-02-26,252.0,-1.9794%,-0.0005,0.5792,0.2529,-0.0767,1.4700%,1.6097%,16.5959%,-0.0179119999999999,CNK,91915.0,2019-02-27,252.0,2.0194%,-0.0005,0.5712,0.273,-0.0779,1.4702%,1.6076%,16.3633%,0.019,CNK,-0.002996,0.0074569999999999,0.0033909999999999,-0.003242,0.013891
9987,C N O FINANCIAL GROUP INC,"CNO Financial Group Q4 Net Operating EPS $0.36 Misses $0.50 Estimate, Total Collected Premiums $987.3M Beat $967.97M Estimate",6,decrease,0.7,0.6,"the significant miss in net operating eps compared to estimates is likely to negatively impact investor sentiment, despite the positive performance in total collected premiums.",0,2019-02-12,CNO,2019-02-12 21:51:00+00:00,89841.0,12621E10,0.0176600273698568,852968.0,-0.0742950513958931,0.0179776195436716,-0.0117163946852088,-0.0083566308021545,0.0260817185044288,-0.0077390484511852,0.0098209176212549,0.0077994083985686,-0.0102975005283951,0.0,-0.0017340335762128,-0.0016684527508914,-0.0052113579586148,0.0055928626097738,-0.0081489747390151,0.0084602152928709,0.0017604916356503,0.0062428317032754,-0.0058582532219588,-0.0056432550773024,0.0035357321612536,0.0022623871918767,0.0105694886296987,0.0120206642895937,0.0081348810344934,-0.0028539465274661,-0.0069164745509624,-0.0011402769014239,-0.0243760924786329,-0.0039749965071678,-0.0184413734823465,0.0120690232142806,-0.0018181308405473,0.0163550674915313,0.0073304171673953,0.0196545515209436,0.0054578627459704,0.0023881143424659,-0.0054282359778881,0.0114734629169106,0.0030322100501507,0.0036363312974572,0.0175331924110651,0.0054844701662659,0.0106952050700783,0.0243445299565792,-0.017636751756072,0.0184361673891544,-0.0137641867622733,0.0102761620655655,-0.0066746789962053,0.0428666695952415,-0.039706815034151,-0.0086321458220481,0.0114503400400281,0.012096794322133,0.0207547135651111,0.009497988037765,0.0036969424691051,-0.0006779816467314,-0.003683325368911,-0.0027045274619013,-0.0030806676950305,0.0694143176078796,0.0197774842381477,-0.0422437451779842,-0.0066667036153376,-0.0321716144680976,0.0061013046652078,-0.0222804807126522,0.0078836306929588,-0.0230473540723323,0.0048134727403521,0.0019242933485656,-0.0011976321693509,-0.0095298364758491,-0.0209832359105348,-0.0119272144511342,0.0171463992446661,-0.0074765691533684,0.0072244987823069,-0.0061919740401208,0.0023909693118184,-0.0043156412430107,0.0143112558871507,-0.0193471331149339,0.0146972369402647,-0.0089338887482881,-0.0057937647216022,-0.0209911782294511,-0.0134032368659973,-0.0592430047690868,-0.0082693081349134,-0.0038251201622188,0.0071470472030341,0.0088202785700559,-0.006505062803626,-0.0199892409145832,-0.0071427938528358,0.0300501361489296,0.005395692307502,-0.0158817581832408,0.0172927249222993,0.0246913880109787,-0.0298945046961307,-0.0121951885521411,-0.0096676647663116,0.0151941729709506,0.0122026093304157,-0.0326619669795036,0.0229053143411874,-0.0032555325888097,0.0023571548517793,-0.0191591586917638,-0.017636751756072,0.0075067719444632,0.0011969155166298,-0.0366736054420471,0.0047818245366215,0.0136125767603516,-0.0742950513958931,0.0179776195436716,-0.0851409759357897,0.0094707564122891,-0.0612798803989105,0.0016584133183599,-0.0618221919771693,0.009470756359692,-0.0797180659069689,0.022573450071043,-0.1111978432462891,0.2284746316793069,-0.0828260933539355,-0.0455731422350608,2019-02-13,2019-02-14,2019-02-15,2019-02-19,2019-02-20,2019-02-21,2019-02-22,2019-02-25,2019-02-26,2019-02-27,89841.0,2019-02-12,252.0,1.7660%,-0.0004,1.2938,0.3354,1.2793,1.2147%,1.7530%,51.9838%,0.002185,CNO,89841.0,2019-02-13,252.0,-7.4295%,-0.0007,1.2769,0.3321,1.2596,1.3101%,1.8074%,47.4569%,-0.079115,CNO,89841.0,2019-02-14,252.0,-1.1716%,-0.0007,1.2774,0.3305,1.2617,1.3101%,1.8085%,47.5201%,-0.003556,CNO,89841.0,2019-02-15,252.0,2.6082%,-0.0007,1.2889,0.3414,1.2812,1.3091%,1.8133%,47.8773%,0.004665,CNO,89841.0,2019-02-19,252.0,0.9821%,-0.0006,1.2958,0.3345,1.2729,1.3032%,1.8128%,48.3186%,0.002439,CNO,89841.0,2019-02-20,252.0,-1.0298%,-0.0007,1.2897,0.3189,1.2508,1.3088%,1.8129%,47.8773%,-0.020596,CNO,89841.0,2019-02-21,252.0,-0.1734%,-0.0007,1.2928,0.3266,1.2564,1.3070%,1.8129%,48.0212%,0.006038,CNO,89841.0,2019-02-22,252.0,-0.5211%,-0.0007,1.2927,0.3158,1.2454,1.3061%,1.8122%,48.0581%,0.002958,CNO,89841.0,2019-02-25,252.0,-0.8149%,-0.0007,1.2909,0.3171,1.2393,1.3028%,1.8082%,48.0863%,-0.007125,CNO,89841.0,2019-02-26,252.0,0.1760%,-0.0007,1.2889,0.3043,1.2314,1.3045%,1.8052%,47.7792%,0.009845,CNO,89841.0,2019-02-27,252.0,-0.5858%,-0.0007,1.2893,0.3021,1.2314,1.3050%,1.8040%,47.6755%,-0.006219,CNO,-0.07693,-0.080486,-0.075821,-0.093978,-0.088481
9995,CALLON PETROLEUM CO DEL,Callon Petroleum Sees FY19 Annual Production 39.5-41.5 MBoe/d,6,increase,0.7,0.6,"the forecasted production range suggests strong operational performance, which is likely to positively influence investor sentiment and stock price.",2,2019-02-12,CPE,2019-02-12 11:34:00+00:00,80926.0,13123X50,-0.0853960439562797,21000910.0,0.0297699961811304,0.0112640997394919,0.0249671563506126,-0.0147965336218476,0.0115384198725223,-0.0425030216574668,-0.0342205315828323,0.0180289149284362,-0.0157480165362358,-0.0107015641406178,-0.048000019043684,0.0035799203906208,0.0056022354401648,0.029484000056982,0.0055710254237055,-0.0180940441787242,-0.0318559594452381,0.048040471971035,0.1044349148869514,-0.0062814308330416,-0.0090673184022307,-0.0304506700485944,0.0117646632716059,0.0110837630927562,-0.011627865023911,0.0304568242281675,-0.0156862586736679,-0.0223325435072183,-0.0265604630112648,-0.0242130514234304,-0.0204638596624136,0.004866175353527,-0.0459609925746917,-0.0132052414119243,0.0233577117323875,-0.0035884850658476,0.0313837081193924,0.0072288513183593,0.0235131494700908,-0.022379221394658,0.0013513178564608,-0.0104895280674099,-0.0067475996911525,0.0035087405703961,0.0394021682441234,0.0414129309356212,-0.0196078550070524,0.0405576899647712,0.0280000045895576,0.0778688117861747,0.0285343434661626,0.0876671820878982,-0.0592685751616954,0.0274808891117572,-0.0160857755690813,0.0092450575903058,0.0422343239188194,0.0109033789485693,0.0,-0.0360360033810138,0.0,0.0277777519077062,-0.0130718825384974,0.1348511278629303,0.0145694902166724,-0.0685155093669891,-0.0195821952074766,-0.0391849540174007,-0.0519308038055896,-0.03186646848917,0.0238764155656099,-0.0365497060120105,0.0603566616773605,-0.0200572870671749,0.0077619589865207,-0.0056980000808835,0.0038511180318892,-0.0883116647601127,0.0230178795754909,-0.0012970465468242,-0.0500000119209289,0.0239043589681386,0.0802631750702858,-0.0333760902285575,-0.0219245199114084,-0.0310945268720388,-0.0012452397495508,0.0062578464858233,0.0224438086152076,-0.0600000284612178,-0.0109756281599402,-0.0427928045392036,0.0369913950562477,0.0385964810848236,-0.0095124766230583,-0.0457589104771614,-0.0252100881189107,0.0170260630548,-0.033251229673624,-0.0078828483819961,-0.0458598919212818,-0.0337322615087032,0.0,0.0245261210948228,0.0026702880859375,-0.0354838632047176,-0.0213049687445163,0.0086767813190817,-0.0421768650412559,-0.0465356558561325,0.0411931760609149,-0.0030927560292184,0.031377900391817,-0.0202020015567541,-0.0092592816799879,0.0312499199062585,0.0574099235236644,-0.0041493736207485,0.0227273106575012,-0.0493096634745597,0.0297699961811304,0.0112640997394919,0.0554804246809543,-0.0036991035128709,0.0676590009881514,-0.0460449020936171,0.0148849981273346,-0.0392389922525034,0.0446549294737901,0.0150753636892337,0.0351827131854733,0.213213231670049,0.0960758481374237,-0.2031558507036437,2019-02-13,2019-02-14,2019-02-15,2019-02-19,2019-02-20,2019-02-21,2019-02-22,2019-02-25,2019-02-26,2019-02-27,80926.0,2019-02-12,252.0,-8.5396%,-0.0009,1.7609,1.3527,1.1197,2.5266%,3.1086%,33.9387%,-0.108441,CPE,80926.0,2019-02-13,252.0,2.9770%,-0.001,1.7506,1.3799,1.1304,2.5239%,3.1018%,33.7903%,0.023144,CPE,80926.0,2019-02-14,252.0,2.4967%,-0.0007,1.7459,1.3967,1.1084,2.5223%,3.1010%,33.8385%,0.027924,CPE,80926.0,2019-02-15,252.0,1.1538%,-0.0009,1.724,1.3752,1.0704,2.5229%,3.0866%,33.1897%,-0.017103,CPE,80926.0,2019-02-19,252.0,-3.4221%,-0.0009,1.7232,1.3368,1.0272,2.5326%,3.0925%,32.9344%,-0.0447959999999999,CPE,80926.0,2019-02-20,252.0,-1.5748%,-0.0011,1.7151,1.3151,0.9972,2.5376%,3.0925%,32.6658%,-0.027712,CPE,80926.0,2019-02-21,252.0,-4.8000%,-0.0012,1.7239,1.3249,1.0136,2.5486%,3.1048%,32.6201%,-0.03854,CPE,80926.0,2019-02-22,252.0,0.5602%,-0.0011,1.7223,1.3555,1.0224,2.5448%,3.1033%,32.7543%,0.001911,CPE,80926.0,2019-02-25,252.0,0.5571%,-0.0012,1.7259,1.3544,1.0352,2.5379%,3.0986%,32.9172%,0.008252,CPE,80926.0,2019-02-26,252.0,-3.1856%,-0.0013,1.7248,1.3776,1.0461,2.5394%,3.0999%,32.8919%,-0.01711,CPE,80926.0,2019-02-27,252.0,10.4435%,-0.0009,1.7293,1.3997,1.0472,2.6203%,3.1704%,31.6912%,0.101421,CPE,-0.085297,-0.0573729999999999,-0.0744759999999999,-0.146984,-0.09105
